58
Hsap_ENST00000402673                                    0.0000000 0.4435207 0.4409927 0.5373110 0.5649354 0.6291491 0.5320268 0.5320268 0.5438918 0.5533323 0.5533323 0.5334128 0.5482522 0.5062245 0.5621012 0.5440297 0.5489756 0.5408755 0.5431873 0.4321213 0.7612899 0.6976241 0.6578393 0.5943881 0.5917556 0.6516616 0.6025875 0.6765125 0.7388873 0.5641357 0.6052362 0.6981701 0.6739721 0.5713655 0.6871188 0.6817816 0.7311723 0.7156802 0.6606713 0.6935808 0.6843312 0.6529592 0.5882397 0.8380014 0.8739018 0.8054818 0.8002757 0.7734291 0.8354910 0.8024115 0.8459410 0.8380206 0.6915563 0.9277575 0.6402334 0.8788182 0.8081070 1.9981079 
Bralan_BLAG15000955_1                                   0.4435207 0.0000000 0.2127113 0.3055764 0.2823059 0.4196029 0.4426004 0.4426004 0.4384988 0.4289753 0.4289753 0.4173655 0.4307475 0.3837503 0.4408295 0.4188791 0.4314320 0.4167311 0.4142466 0.3988624 0.5227424 0.5027516 0.5246984 0.5286724 0.5472001 0.7138825 0.4285720 0.4884859 0.5641551 0.4253983 0.4830458 0.4869243 0.5716136 0.5062950 0.6218376 0.6095264 0.6061516 0.6579289 0.7452979 0.5707811 0.5955332 0.5725720 0.4774544 0.7053187 0.6622431 0.6856912 0.6727493 0.6712436 0.7045601 0.6902875 0.7376898 0.6816688 0.5438197 0.7350904 0.6786590 0.7465199 0.4684395 1.6535420 
Skow_XM_002737467.2                                     0.4409927 0.2127113 0.0000000 0.2569557 0.2319191 0.3243588 0.4034222 0.4034222 0.4121246 0.4030920 0.4030920 0.3922213 0.4046235 0.4250917 0.4380675 0.4208035 0.4334373 0.4186468 0.4161582 0.3602926 0.6383358 0.5351006 0.5395991 0.4671954 0.5506567 0.6503263 0.4781642 0.4322524 0.5352206 0.3901467 0.4949429 0.5166528 0.5802803 0.5105370 0.6377878 0.6325187 0.6320926 0.5539766 0.7029947 0.6087889 0.6069184 0.5872162 0.4849597 0.6985755 0.7552346 0.7046773 0.6741286 0.6726597 0.6875548 0.6858135 0.7494456 0.6663205 0.6045859 0.7599060 0.4857220 0.7286511 0.5007850 1.6509667 
Ctel_gnl_WGS_AMQN_CAPTEDRAFT_mRNA156190                 0.5373110 0.3055764 0.2569557 0.0000000 0.1560017 0.2588983 0.3205319 0.3205319 0.3221856 0.3308679 0.3308679 0.3032939 0.3228466 0.3801069 0.4141852 0.3595337 0.3853531 0.3553376 0.3532657 0.3398495 0.4912526 0.5081819 0.4916179 0.4332974 0.5151653 0.6696024 0.3740233 0.4304197 0.5602534 0.4076337 0.4942800 0.4004781 0.5068801 0.5171809 0.6375931 0.6057644 0.6167171 0.5193795 0.6310121 0.5747174 0.5637885 0.5763313 0.5051595 0.7094774 0.6900801 0.6754356 0.6551199 0.6534185 0.6684273 0.6607466 0.7365502 0.6251651 0.5741162 0.7917615 0.6443114 0.7352568 0.4605730 1.5415200 
Cgig_XM_011447401.3                                     0.5649354 0.2823059 0.2319191 0.1560017 0.0000000 0.2007341 0.3099755 0.3099755 0.3091659 0.3178431 0.3178431 0.2918501 0.3112023 0.3885567 0.3912123 0.3874739 0.3819711 0.3829666 0.3807422 0.3367522 0.5351438 0.5559806 0.4868982 0.4518868 0.5921170 0.6722050 0.3768401 0.4046649 0.4840219 0.3415062 0.5143345 0.4017935 0.5441183 0.4796770 0.5516649 0.5207512 0.5512883 0.4693929 0.6254742 0.6010632 0.6081578 0.6011331 0.4885992 0.7304578 0.6905887 0.6885344 0.6718616 0.6703558 0.6647510 0.6452477 0.7618406 0.6313389 0.5976885 0.8078484 0.5419419 0.6883763 0.4250213 1.5705923 
Acagra_model.g4211.t1.1.5d3b8327                        0.6291491 0.4196029 0.3243588 0.2588983 0.2007341 0.0000000 0.3596302 0.3596302 0.3603587 0.3691106 0.3691106 0.3411150 0.3611662 0.5217025 0.5438397 0.5509876 0.5412557 0.5443262 0.5411004 0.5213114 0.7054004 0.7298083 0.9799788 0.6031615 0.6977879 0.7773893 0.5080901 0.5028564 0.6122530 0.4532576 0.6181108 0.5369968 0.7107990 0.6249818 0.6671738 0.6550691 0.6898144 0.7163535 0.7010799 0.6940471 0.7048797 0.6894280 0.5833396 0.8610154 0.8139996 0.8247363 0.7953062 0.7954914 0.7923057 0.7811385 0.8559634 0.7179643 0.6884485 0.9448203 0.6481621 0.8232070 0.8439497 1.5474296 
Tadh_TriadT63191                                        0.5320268 0.4426004 0.4034222 0.3205319 0.3099755 0.3596302 0.0000000 0.0000010 0.0410906 0.0479991 0.0479991 0.0411353 0.0343410 0.4697512 0.4602606 0.4363407 0.4231980 0.4421009 0.4395051 0.3445194 0.5881553 0.5844172 0.5142782 0.5178269 0.6122390 0.6722669 0.4621393 0.4531799 0.5877505 0.4637493 0.5678533 0.5485762 0.5350172 0.5053107 0.6287034 0.5988858 0.5914950 0.4949163 0.6677006 0.6389754 0.6655964 0.6620651 0.5412949 0.7770949 0.7946472 0.7204252 0.7020991 0.7009823 0.7583140 0.7146632 0.6774240 0.6531900 0.6072482 0.7902526 0.7402968 0.7956033 0.4925306 1.8813455 
TrH2_TrispH2_000054-RA                                  0.5320268 0.4426004 0.4034222 0.3205319 0.3099755 0.3596302 0.0000010 0.0000000 0.0410906 0.0479991 0.0479991 0.0411353 0.0343410 0.4697512 0.4602606 0.4363407 0.4231980 0.4421009 0.4395051 0.3445194 0.5881553 0.5844172 0.5142782 0.5178269 0.6122390 0.6722669 0.4621393 0.4531799 0.5877505 0.4637493 0.5678533 0.5485762 0.5350172 0.5053107 0.6287034 0.5988858 0.5914950 0.4949163 0.6677006 0.6389754 0.6655964 0.6620651 0.5412949 0.7770949 0.7946472 0.7204252 0.7020991 0.7009823 0.7583140 0.7146632 0.6774240 0.6531900 0.6072482 0.7902526 0.7402968 0.7956033 0.4925306 1.8813455 
HoiH06_mRNA8312                                         0.5438918 0.4384988 0.4121246 0.3221856 0.3091659 0.3603587 0.0410906 0.0410906 0.0000000 0.0067042 0.0067042 0.0134882 0.0203935 0.4688829 0.4590861 0.4614781 0.4585611 0.4560460 0.4533799 0.3746127 0.5607422 0.5667303 0.5218321 0.5193692 0.6096112 0.6731152 0.4627217 0.4877526 0.5845463 0.4601674 0.5916083 0.5706941 0.5521984 0.5272957 0.6535426 0.6230691 0.6215781 0.5706464 0.6960871 0.6404588 0.6670813 0.6635484 0.5404477 0.7913192 0.8259278 0.7147472 0.7163035 0.7153877 0.7466993 0.7217148 0.7057474 0.6644344 0.6045969 0.8327870 0.7592819 0.8566777 0.5225482 1.9199261 
Hhon_g09965.t1                                          0.5533323 0.4289753 0.4030920 0.3308679 0.3178431 0.3691106 0.0479991 0.0479991 0.0067042 0.0000000 0.0000010 0.0202595 0.0272281 0.4589771 0.4493706 0.4518925 0.4485970 0.4465499 0.4439252 0.3627737 0.5710577 0.5565973 0.5218321 0.5291105 0.5983296 0.6623415 0.4528285 0.4782873 0.5943126 0.4693246 0.5817670 0.5807663 0.5421131 0.5172919 0.6428631 0.6124815 0.6112480 0.5540353 0.6829948 0.6304412 0.6568534 0.6533608 0.5308589 0.7806546 0.8148578 0.7039795 0.7058975 0.7048382 0.7359236 0.7110909 0.6953207 0.6542769 0.5945776 0.8218787 0.7705304 0.8680559 0.5225482 1.9377063 
HoiH04_mRNA1769                                         0.5533323 0.4289753 0.4030920 0.3308679 0.3178431 0.3691106 0.0479991 0.0479991 0.0067042 0.0000010 0.0000000 0.0202595 0.0272281 0.4589771 0.4493706 0.4518925 0.4485970 0.4465499 0.4439252 0.3627737 0.5710577 0.5565973 0.5218321 0.5291105 0.5983296 0.6623415 0.4528285 0.4782873 0.5943126 0.4693246 0.5817670 0.5807663 0.5421131 0.5172919 0.6428631 0.6124815 0.6112480 0.5540353 0.6829948 0.6304412 0.6568534 0.6533608 0.5308589 0.7806546 0.8148578 0.7039795 0.7058975 0.7048382 0.7359236 0.7110909 0.6953207 0.6542769 0.5945776 0.8218787 0.7705304 0.8680559 0.5225482 1.9377063 
HoiH23_PlH23_002617-RA                                  0.5334128 0.4173655 0.3922213 0.3032939 0.2918501 0.3411150 0.0411353 0.0411353 0.0134882 0.0202595 0.0202595 0.0000000 0.0204159 0.4581656 0.4485970 0.4511237 0.4478056 0.4458003 0.4431848 0.3620799 0.5525805 0.5588039 0.5218321 0.4970667 0.5834919 0.6478036 0.4406305 0.4664765 0.5672068 0.4394926 0.5689085 0.5484250 0.5302345 0.5056737 0.6453759 0.6149093 0.6136140 0.5538314 0.6665196 0.6170930 0.6430857 0.6396662 0.5417906 0.7656528 0.7991093 0.7152862 0.6916346 0.6903853 0.7209986 0.7096472 0.6810896 0.6648774 0.6049652 0.8063286 0.7323103 0.8289814 0.5225482 1.8681096 
HoiH11_mRNA7786                                         0.5482522 0.4307475 0.4046235 0.3228466 0.3112023 0.3611662 0.0343410 0.0343410 0.0203935 0.0272281 0.0272281 0.0204159 0.0000000 0.4755712 0.4770156 0.4756998 0.4623559 0.4814293 0.4786048 0.3909758 0.5861323 0.5745473 0.5218321 0.5128698 0.6025053 0.6667855 0.4571106 0.4667617 0.5865249 0.4614382 0.5861370 0.5633791 0.5708534 0.5454616 0.6452732 0.6148404 0.6135481 0.5334198 0.7008454 0.6346952 0.6610336 0.6574998 0.5349985 0.7858733 0.8205161 0.7351864 0.7104862 0.7094832 0.7408870 0.7291606 0.6998456 0.6830369 0.6319883 0.8111656 0.7622257 0.8290350 0.5225482 1.9172365 
Exapal_XM_021061395.2                                   0.5062245 0.3837503 0.4250917 0.3801069 0.3885567 0.5217025 0.4697512 0.4697512 0.4688829 0.4589771 0.4589771 0.4581656 0.4755712 0.0000000 0.1759554 0.2711207 0.2666638 0.2684728 0.2731341 0.2641482 0.3486274 0.3629961 0.4020017 0.5817946 0.5447197 0.6739330 0.3645258 0.4917006 0.6888933 0.5292130 0.5580978 0.6167338 0.4789551 0.4164992 0.4549888 0.4239873 0.4280443 0.4821436 0.6775127 0.7359972 0.7921950 0.7741101 0.6044495 0.7969791 0.7444156 0.7281467 0.7032391 0.7020846 0.7689919 0.7494783 0.8083850 0.7224999 0.6661520 0.8087398 0.8631675 0.8182291 0.5075805 1.8383949 
Nvec_v1g234402                                          0.5621012 0.4408295 0.4380675 0.4141852 0.3912123 0.5438397 0.4602606 0.4602606 0.4590861 0.4493706 0.4493706 0.4485970 0.4770156 0.1759554 0.0000000 0.2236615 0.1964918 0.2298715 0.2419245 0.2063475 0.3401298 0.3290447 0.4906433 0.5929603 0.5487137 0.6565642 0.4503680 0.5359090 0.6992915 0.5473883 0.6506000 0.6744091 0.4427935 0.3309957 0.4328522 0.3889951 0.4362428 0.5045862 0.6890212 0.7736414 0.8114331 0.7752243 0.6538592 0.8428649 0.8220259 0.8027608 0.7746691 0.7745519 0.8448673 0.8085837 0.8177041 0.7308085 0.7584015 0.9206062 0.8567828 0.9238227 0.4712476 1.9460021 
Amil_Amillepora06268-RA                                 0.5440297 0.4188791 0.4208035 0.3595337 0.3874739 0.5509876 0.4363407 0.4363407 0.4614781 0.4518925 0.4518925 0.4511237 0.4756998 0.2711207 0.2236615 0.0000000 0.0219204 0.0210661 0.0284644 0.0187496 0.3557975 0.3235001 0.4990276 0.5402361 0.5444602 0.6255910 0.4433783 0.4595385 0.6753884 0.5380317 0.5515523 0.6131984 0.3881849 0.3130756 0.4221667 0.3932902 0.4237482 0.4396748 0.5698383 0.7179715 0.7444252 0.7648286 0.6486116 0.7894611 0.7799368 0.7307798 0.6972911 0.6960692 0.8079124 0.6993069 0.8269782 0.7123007 0.6832714 0.8732802 0.8459230 0.8359928 0.2212716 1.7769620 
Fspp_ffun1.m4.8475.m1                                   0.5489756 0.4314320 0.4334373 0.3853531 0.3819711 0.5412557 0.4231980 0.4231980 0.4585611 0.4485970 0.4485970 0.4478056 0.4623559 0.2666638 0.1964918 0.0219204 0.0000000 0.0316988 0.0399743 0.0197284 0.3068712 0.3151347 0.4990276 0.5506236 0.5626433 0.6279403 0.4530465 0.4468247 0.6417610 0.5207399 0.5522349 0.6512381 0.3818054 0.2976616 0.3973517 0.3675340 0.3742751 0.4200244 0.5800631 0.7757678 0.8035307 0.8262351 0.6767473 0.8212310 0.8110243 0.7589920 0.7227014 0.7217935 0.8415637 0.7313181 0.8342153 0.7184698 0.7242954 0.8965765 0.8098328 0.8344953 0.1599557 1.7872716 
Spis_XP_022805773_1                                     0.5408755 0.4167311 0.4186468 0.3553376 0.3829666 0.5443262 0.4421009 0.4421009 0.4560460 0.4465499 0.4465499 0.4458003 0.4814293 0.2684728 0.2298715 0.0210661 0.0316988 0.0000000 0.0070120 0.0280293 0.3704381 0.3200706 0.5314006 0.5370878 0.5132861 0.6215547 0.4402176 0.4729491 0.6590218 0.5086875 0.5474187 0.6111317 0.4004447 0.3095247 0.4278458 0.3990590 0.4428165 0.4725686 0.5469782 0.6857636 0.7120874 0.7317262 0.6444617 0.7838651 0.7744391 0.7256818 0.6926153 0.6913371 0.8020376 0.6945311 0.8208769 0.7075756 0.6687009 0.8765695 0.8058673 0.8797504 0.2465851 1.7488162 
Pocdam_XM_027195485.1                                   0.5431873 0.4142466 0.4161582 0.3532657 0.3807422 0.5411004 0.4395051 0.4395051 0.4533799 0.4439252 0.4439252 0.4431848 0.4786048 0.2731341 0.2419245 0.0284644 0.0399743 0.0070120 0.0000000 0.0280293 0.3867923 0.3347598 0.5314006 0.5339157 0.5097331 0.6273464 0.4375729 0.4700909 0.6647727 0.5136087 0.5527741 0.6074864 0.4165915 0.3233945 0.4448217 0.4155454 0.4433237 0.4725686 0.5720437 0.6919460 0.7079353 0.7274493 0.6407100 0.7794043 0.7700213 0.7214073 0.6885750 0.6872440 0.7974269 0.6904122 0.8161639 0.7035472 0.6648366 0.8717302 0.8011831 0.8748890 0.2465851 1.7456717 
Gfas_gfas1.m1.19160.m1                                  0.4321213 0.3988624 0.3602926 0.3398495 0.3367522 0.5213114 0.3445194 0.3445194 0.3746127 0.3627737 0.3627737 0.3620799 0.3909758 0.2641482 0.2063475 0.0187496 0.0197284 0.0280293 0.0280293 0.0000000 0.4068800 0.3188380 0.4990276 0.4945449 0.4829693 0.5249619 0.4558680 0.4496708 0.7148803 0.5122318 0.5123224 0.5627594 0.4110613 0.3086807 0.4197358 0.4021396 0.4229366 0.3780380 0.4821614 0.6709018 0.6414121 0.6760279 0.5964773 0.7544646 0.7890522 0.7288124 0.6862091 0.6843996 0.8078402 0.6725517 0.7979936 0.6806341 0.6482266 0.8736046 0.8257043 0.7831236 0.2212716 2.6908814 
Dgig_XM_028546386.1                                     0.7612899 0.5227424 0.6383358 0.4912526 0.5351438 0.7054004 0.5881553 0.5881553 0.5607422 0.5710577 0.5710577 0.5525805 0.5861323 0.3486274 0.3401298 0.3557975 0.3068712 0.3704381 0.3867923 0.4068800 0.0000000 0.1732638 0.5525499 0.8115023 0.8261407 0.8828812 0.6573739 0.6289338 0.7711803 0.6523233 0.8213204 0.7887207 0.4763900 0.4514542 0.5311542 0.5101502 0.5175391 0.5227162 0.8470156 0.9407270 1.0002804 1.0148664 0.8318016 0.9582318 0.9518853 0.9197561 0.8541890 0.8744305 0.9389019 0.9857550 0.9596204 0.8623405 0.8580440 1.0271676 1.0392441 1.0163175 0.3857144 1.7954364 
Xesp_014845-T1                                          0.6976241 0.5027516 0.5351006 0.5081819 0.5559806 0.7298083 0.5844172 0.5844172 0.5667303 0.5565973 0.5565973 0.5588039 0.5745473 0.3629961 0.3290447 0.3235001 0.3151347 0.3200706 0.3347598 0.3188380 0.1732638 0.0000000 0.5212019 0.7551066 0.8112117 0.7368554 0.6234456 0.6224789 0.8453027 0.6984308 0.7526020 0.7188176 0.4309768 0.4111913 0.4819107 0.4615460 0.5119478 0.5325705 0.7310640 0.8489619 0.8963238 0.9092126 0.7812072 0.9297058 0.9543144 0.9322102 0.8361610 0.8554721 0.9437946 0.9322187 0.9070092 0.8312223 0.8418338 1.0228301 1.0818756 0.9275996 0.4922139 1.9634006 
Emue_Em0010g728a.t1                                     0.6578393 0.5246984 0.5395991 0.4916179 0.4868982 0.9799788 0.5142782 0.5142782 0.5218321 0.5218321 0.5218321 0.5218321 0.5218321 0.4020017 0.4906433 0.4990276 0.4990276 0.5314006 0.5314006 0.4990276 0.5525499 0.5212019 0.0000000 0.0969726 0.6540834 0.5491576 0.4795961 0.6582012 0.7502822 0.7502822 0.4666662 0.5766656 0.7067806 0.7205816 0.8289655 0.8289655 0.6735007 0.6314909 0.7623919 1.0613007 0.9809351 1.0064065 0.8082009 1.2693182 1.2693182 1.4330699 1.2516646 1.2754607 1.5073814 1.2705298 1.2720147 1.3075505 1.1069022 1.5368596 0.9503976 0.5640909 0.4166940 4.7617905 
Spolac_c100108_g1_i2_m.21534c100108-g1                  0.5943881 0.5286724 0.4671954 0.4332974 0.4518868 0.6031615 0.5178269 0.5178269 0.5193692 0.5291105 0.5291105 0.4970667 0.5128698 0.5817946 0.5929603 0.5402361 0.5506236 0.5370878 0.5339157 0.4945449 0.8115023 0.7551066 0.0969726 0.0000000 0.3186392 0.3917925 0.5131762 0.5859110 0.6696183 0.5192801 0.3902454 0.4617950 0.7012815 0.6920828 0.7229100 0.7316409 0.7247555 0.7560442 0.4658031 0.6314031 0.6760328 0.6312841 0.5774846 0.7313128 0.8187165 0.7715565 0.7454858 0.7449617 0.7661907 0.7637456 0.7774817 0.7423405 0.7133703 0.8627010 0.7008782 0.7176058 0.8059180 1.6278231 
Xestes_maker-XT_scaffold44535-augustus-gene-0.48-mRNA-1 0.5917556 0.5472001 0.5506567 0.5151653 0.5921170 0.6977879 0.6122390 0.6122390 0.6096112 0.5983296 0.5983296 0.5834919 0.6025053 0.5447197 0.5487137 0.5444602 0.5626433 0.5132861 0.5097331 0.4829693 0.8261407 0.8112117 0.6540834 0.3186392 0.0000000 0.2391674 0.5845900 0.7630409 0.6580861 0.4810582 0.4626753 0.5145463 0.7967166 0.6453357 0.7229076 0.7083978 0.7702558 1.0223204 0.3268338 0.6550050 0.7021480 0.6429446 0.6097654 0.6533721 0.7209781 0.6964980 0.6597343 0.6311783 0.6500887 0.7129487 0.7094594 0.7125637 0.7259261 0.8416008 0.7658442 0.9754855 1.0593886 1.8998104 
Halamb_c31897_g1_i1m.6865                               0.6516616 0.7138825 0.6503263 0.6696024 0.6722050 0.7773893 0.6722669 0.6722669 0.6731152 0.6623415 0.6623415 0.6478036 0.6667855 0.6739330 0.6565642 0.6255910 0.6279403 0.6215547 0.6273464 0.5249619 0.8828812 0.7368554 0.5491576 0.3917925 0.2391674 0.0000000 0.7399163 0.7333471 0.8435161 0.6558633 0.4208838 0.6124052 0.7881018 0.6603849 0.6656503 0.6604781 0.7827360 0.9947589 0.3304691 0.8313157 0.8551071 0.8463248 0.7589151 0.8468929 0.8991416 0.8497150 0.8570387 0.8288093 0.8757503 0.9160879 0.8571076 0.8132038 0.8610441 0.9781689 0.8929062 0.8896851 1.0543806 1.9891510 
Tcas_TC011289_001                                       0.6025875 0.4285720 0.4781642 0.3740233 0.3768401 0.5080901 0.4621393 0.4621393 0.4627217 0.4528285 0.4528285 0.4406305 0.4571106 0.3645258 0.4503680 0.4433783 0.4530465 0.4402176 0.4375729 0.4558680 0.6573739 0.6234456 0.4795961 0.5131762 0.5845900 0.7399163 0.0000000 0.3014381 0.5780024 0.4292508 0.5365960 0.5900599 0.6913590 0.6530185 0.6632558 0.6290296 0.6708982 0.6224621 0.7221284 0.7057393 0.7304347 0.6818670 0.5607322 0.7247791 0.6757301 0.6896137 0.6622492 0.6605496 0.6716711 0.6861358 0.7068550 0.6772618 0.5500338 0.7448181 0.8024368 0.7635408 0.6340217 1.4307796 
Cscu_XM_023361317.1                                     0.6765125 0.4884859 0.4322524 0.4304197 0.4046649 0.5028564 0.4531799 0.4531799 0.4877526 0.4782873 0.4782873 0.4664765 0.4667617 0.4917006 0.5359090 0.4595385 0.4468247 0.4729491 0.4700909 0.4496708 0.6289338 0.6224789 0.6582012 0.5859110 0.7630409 0.7333471 0.3014381 0.0000000 0.5748211 0.4404429 0.5057822 0.6889858 0.6866121 0.6185203 0.6669118 0.6705964 0.6997473 0.5438220 0.7193493 0.6968867 0.7593383 0.7288100 0.5753935 0.7830072 0.8183631 0.8046959 0.7576689 0.7573096 0.7805359 0.7752090 0.8055637 0.7651188 0.6299017 0.7525609 0.8253961 0.7407150 0.6772077 1.3646572 
Ocar_g7684                                              0.7388873 0.5641551 0.5352206 0.5602534 0.4840219 0.6122530 0.5877505 0.5877505 0.5845463 0.5943126 0.5943126 0.5672068 0.5865249 0.6888933 0.6992915 0.6753884 0.6417610 0.6590218 0.6647727 0.7148803 0.7711803 0.8453027 0.7502822 0.6696183 0.6580861 0.8435161 0.5780024 0.5748211 0.0000000 0.0743467 0.6966806 0.6641407 0.8113161 0.7348376 0.8558210 0.8421514 0.8594369 0.7307081 0.8630340 0.7156061 0.7587081 0.7798077 0.6956770 0.7733577 0.8027871 0.7650820 0.7375154 0.7368807 0.7268335 0.7613673 0.8023701 0.8052089 0.7122560 0.7839384 0.7980450 0.9421629 0.7731486 1.7285699 
Opea_EP00118_Oscarella_pearsei_P025014                  0.5641357 0.4253983 0.3901467 0.4076337 0.3415062 0.4532576 0.4637493 0.4637493 0.4601674 0.4693246 0.4693246 0.4394926 0.4614382 0.5292130 0.5473883 0.5380317 0.5207399 0.5086875 0.5136087 0.5122318 0.6523233 0.6984308 0.7502822 0.5192801 0.4810582 0.6558633 0.4292508 0.4404429 0.0743467 0.0000000 0.5454069 0.5033885 0.6630266 0.5807273 0.6575628 0.6450797 0.7110242 0.7210776 0.6451037 0.5652922 0.6287832 0.6352533 0.5411271 0.6599934 0.6857516 0.6664283 0.6422216 0.6403332 0.6140689 0.6409504 0.6858557 0.6734068 0.5773424 0.6694795 0.6396708 0.7970407 0.7778784 1.4765300 
Tetwil_g24703.t2                                        0.6052362 0.4830458 0.4949429 0.4942800 0.5143345 0.6181108 0.5678533 0.5678533 0.5916083 0.5817670 0.5817670 0.5689085 0.5861370 0.5580978 0.6506000 0.5515523 0.5522349 0.5474187 0.5527741 0.5123224 0.8213204 0.7526020 0.4666662 0.3902454 0.4626753 0.4208838 0.5365960 0.5057822 0.6966806 0.5454069 0.0000000 0.4031725 0.7360827 0.6813795 0.7975333 0.7840936 0.7900375 0.7807710 0.5362325 0.6611605 0.7045088 0.6783615 0.5445719 0.7336075 0.7803369 0.7420082 0.7569131 0.7304397 0.7633102 0.7596962 0.7885105 0.6955071 0.5998649 0.7612172 0.7913294 0.8849337 0.9148938 1.5850286 
Plespi_Pspi_scaffold10322_01                            0.6981701 0.4869243 0.5166528 0.4004781 0.4017935 0.5369968 0.5485762 0.5485762 0.5706941 0.5807663 0.5807663 0.5484250 0.5633791 0.6167338 0.6744091 0.6131984 0.6512381 0.6111317 0.6074864 0.5627594 0.7887207 0.7188176 0.5766656 0.4617950 0.5145463 0.6124052 0.5900599 0.6889858 0.6641407 0.5033885 0.4031725 0.0000000 0.7415628 0.6806091 0.8033827 0.8053484 0.8340618 0.8842590 0.6035088 0.6433112 0.6348783 0.6282821 0.5461713 0.6994341 0.6836990 0.6682867 0.6522623 0.6504257 0.6657799 0.6824715 0.6984395 0.6357336 0.5268403 0.7236167 0.8129030 0.8679927 0.9924693 1.6506845 
Hvul_g18911_1                                           0.6739721 0.5716136 0.5802803 0.5068801 0.5441183 0.7107990 0.5350172 0.5350172 0.5521984 0.5421131 0.5421131 0.5302345 0.5708534 0.4789551 0.4427935 0.3881849 0.3818054 0.4004447 0.4165915 0.4110613 0.4763900 0.4309768 0.7067806 0.7012815 0.7967166 0.7881018 0.6913590 0.6866121 0.8113161 0.6630266 0.7360827 0.7415628 0.0000000 0.1718485 0.3597928 0.3713428 0.3326958 0.3284898 0.6424847 0.8273393 0.8546182 0.8520786 0.8002183 0.9225365 0.9263296 0.9242951 0.8814569 0.9024003 0.9823370 0.9200522 0.8920272 0.8507365 0.8301887 0.9883770 0.9447235 0.9685398 0.5564388 1.8603407 
Chem_TCONS_00051164                                     0.5713655 0.5062950 0.5105370 0.5171809 0.4796770 0.6249818 0.5053107 0.5053107 0.5272957 0.5172919 0.5172919 0.5056737 0.5454616 0.4164992 0.3309957 0.3130756 0.2976616 0.3095247 0.3233945 0.3086807 0.4514542 0.4111913 0.7205816 0.6920828 0.6453357 0.6603849 0.6530185 0.6185203 0.7348376 0.5807273 0.6813795 0.6806091 0.1718485 0.0000000 0.2658430 0.2476476 0.2825995 0.3215802 0.5574491 0.7475462 0.8015019 0.7972137 0.7393008 0.9126030 0.9019807 0.8896412 0.8558037 0.8759300 0.9543313 0.8880933 0.8852501 0.7942706 0.8060587 0.9599348 0.8791707 0.8656063 0.5455064 1.9463755 
Nemnom_g7924.t1                                         0.6871188 0.6218376 0.6377878 0.6375931 0.5516649 0.6671738 0.6287034 0.6287034 0.6535426 0.6428631 0.6428631 0.6453759 0.6452732 0.4549888 0.4328522 0.4221667 0.3973517 0.4278458 0.4448217 0.4197358 0.5311542 0.4819107 0.8289655 0.7229100 0.7229076 0.6656503 0.6632558 0.6669118 0.8558210 0.6575628 0.7975333 0.8033827 0.3597928 0.2658430 0.0000000 0.0352085 0.1803248 0.4591311 0.5513202 0.8920567 0.9333752 0.9089018 0.8473910 0.8696478 0.8789060 0.8443852 0.8224237 0.8412850 0.9083136 0.8594995 0.8914463 0.7724202 0.8221247 0.9525377 0.9736364 0.8432316 0.7563184 2.0119984 
Rhoesc_Res_000695-T1                                    0.6817816 0.6095264 0.6325187 0.6057644 0.5207512 0.6550691 0.5988858 0.5988858 0.6230691 0.6124815 0.6124815 0.6149093 0.6148404 0.4239873 0.3889951 0.3932902 0.3675340 0.3990590 0.4155454 0.4021396 0.5101502 0.4615460 0.8289655 0.7316409 0.7083978 0.6604781 0.6290296 0.6705964 0.8421514 0.6450797 0.7840936 0.8053484 0.3713428 0.2476476 0.0352085 0.0000000 0.1711408 0.4756522 0.5532033 0.8630206 0.9285110 0.9021781 0.8565278 0.8557008 0.8577135 0.8232400 0.8017735 0.8201658 0.8866006 0.8309680 0.8695843 0.7538002 0.8085329 0.9380082 0.9661753 0.8606142 0.7563184 1.9895019 
Sanmal_Sma_010868-T1                                    0.7311723 0.6061516 0.6320926 0.6167171 0.5512883 0.6898144 0.5914950 0.5914950 0.6215781 0.6112480 0.6112480 0.6136140 0.6135481 0.4280443 0.4362428 0.4237482 0.3742751 0.4428165 0.4433237 0.4229366 0.5175391 0.5119478 0.6735007 0.7247555 0.7702558 0.7827360 0.6708982 0.6997473 0.8594369 0.7110242 0.7900375 0.8340618 0.3326958 0.2825995 0.1803248 0.1711408 0.0000000 0.3559068 0.6595774 0.8760296 0.8950533 0.8698933 0.8619320 0.9005436 0.8862878 0.8602936 0.8459131 0.8651358 0.9405998 0.8518427 0.8516055 0.7790430 0.8150674 0.9616270 0.9454892 0.8303126 0.5255889 1.8930966 
Morvir_scaffold327.g12.t1                               0.7156802 0.6579289 0.5539766 0.5193795 0.4693929 0.7163535 0.4949163 0.4949163 0.5706464 0.5540353 0.5540353 0.5538314 0.5334198 0.4821436 0.5045862 0.4396748 0.4200244 0.4725686 0.4725686 0.3780380 0.5227162 0.5325705 0.6314909 0.7560442 1.0223204 0.9947589 0.6224621 0.5438220 0.7307081 0.7210776 0.7807710 0.8842590 0.3284898 0.3215802 0.4591311 0.4756522 0.3559068 0.0000000 0.7445731 0.9910020 0.9743161 0.9785479 0.8854553 1.1033015 1.1043541 1.1033564 0.9798506 1.0197412 1.1665296 1.0277095 1.0676851 1.0285055 0.9936904 1.2228645 0.8660047 0.8340824 0.5348691 3.4785963 
Aque_Aqu2.1.22423_001                                   0.6606713 0.7452979 0.7029947 0.6310121 0.6254742 0.7010799 0.6677006 0.6677006 0.6960871 0.6829948 0.6829948 0.6665196 0.7008454 0.6775127 0.6890212 0.5698383 0.5800631 0.5469782 0.5720437 0.4821614 0.8470156 0.7310640 0.7623919 0.4658031 0.3268338 0.3304691 0.7221284 0.7193493 0.8630340 0.6451037 0.5362325 0.6035088 0.6424847 0.5574491 0.5513202 0.5532033 0.6595774 0.7445731 0.0000000 0.8628590 0.8620536 0.8727293 0.7835573 0.8306455 0.8356986 0.8117847 0.7997811 0.7997811 0.8142910 0.8531383 0.7843140 0.7131415 0.9025248 0.8892355 0.8461489 0.9875585 1.6726823 1.9688186 
Scil_scict002737.1                                      0.6935808 0.5707811 0.6087889 0.5747174 0.6010632 0.6940471 0.6389754 0.6389754 0.6404588 0.6304412 0.6304412 0.6170930 0.6346952 0.7359972 0.7736414 0.7179715 0.7757678 0.6857636 0.6919460 0.6709018 0.9407270 0.8489619 1.0613007 0.6314031 0.6550050 0.8313157 0.7057393 0.6968867 0.7156061 0.5652922 0.6611605 0.6433112 0.8273393 0.7475462 0.8920567 0.8630206 0.8760296 0.9910020 0.8628590 0.0000000 0.0877140 0.1031683 0.3166931 0.7766909 0.7755970 0.7643895 0.7195403 0.7354088 0.8083925 0.7866578 0.7902573 0.7604053 0.6236112 0.8222264 0.9620891 1.0123337 1.1153315 2.0273385 
Gracom_Gcom_scaffold11611_01                            0.6843312 0.5955332 0.6069184 0.5637885 0.6081578 0.7048797 0.6655964 0.6655964 0.6670813 0.6568534 0.6568534 0.6430857 0.6610336 0.7921950 0.8114331 0.7444252 0.8035307 0.7120874 0.7079353 0.6414121 1.0002804 0.8963238 0.9809351 0.6760328 0.7021480 0.8551071 0.7304347 0.7593383 0.7587081 0.6287832 0.7045088 0.6348783 0.8546182 0.8015019 0.9333752 0.9285110 0.8950533 0.9743161 0.8620536 0.0877140 0.0000000 0.0745571 0.2788588 0.7716843 0.7733355 0.7329827 0.7049376 0.7204785 0.7930171 0.7881570 0.7798117 0.7319310 0.6329447 0.8317865 0.9791448 1.0216306 1.0769061 2.0795915 
Leuniv_Lniv_C800430_01                                  0.6529592 0.5725720 0.5872162 0.5763313 0.6011331 0.6894280 0.6620651 0.6620651 0.6635484 0.6533608 0.6533608 0.6396662 0.6574998 0.7741101 0.7752243 0.7648286 0.8262351 0.7317262 0.7274493 0.6760279 1.0148664 0.9092126 1.0064065 0.6312841 0.6429446 0.8463248 0.6818670 0.7288100 0.7798077 0.6352533 0.6783615 0.6282821 0.8520786 0.7972137 0.9089018 0.9021781 0.8698933 0.9785479 0.8727293 0.1031683 0.0745571 0.0000000 0.2607003 0.7228863 0.7419376 0.7103690 0.6656625 0.6799600 0.7528265 0.7394267 0.7663379 0.7315012 0.6211735 0.8143133 0.9140223 1.0116054 1.0639010 2.0041435 
Clacor_Ccor_scaffold13472_01                            0.5882397 0.4774544 0.4849597 0.5051595 0.4885992 0.5833396 0.5412949 0.5412949 0.5404477 0.5308589 0.5308589 0.5417906 0.5349985 0.6044495 0.6538592 0.6486116 0.6767473 0.6444617 0.6407100 0.5964773 0.8318016 0.7812072 0.8082009 0.5774846 0.6097654 0.7589151 0.5607322 0.5753935 0.6956770 0.5411271 0.5445719 0.5461713 0.8002183 0.7393008 0.8473910 0.8565278 0.8619320 0.8854553 0.7835573 0.3166931 0.2788588 0.2607003 0.0000000 0.6721568 0.6999538 0.6562635 0.5908554 0.5883290 0.6504829 0.6641144 0.7597276 0.7069595 0.5841030 0.7246270 0.8261855 0.9718822 0.9408638 1.8198895 
Mlei_ML0760.g25.i1                                      0.8380014 0.7053187 0.6985755 0.7094774 0.7304578 0.8610154 0.7770949 0.7770949 0.7913192 0.7806546 0.7806546 0.7656528 0.7858733 0.7969791 0.8428649 0.7894611 0.8212310 0.7838651 0.7794043 0.7544646 0.9582318 0.9297058 1.2693182 0.7313128 0.6533721 0.8468929 0.7247791 0.7830072 0.7733577 0.6599934 0.7336075 0.6994341 0.9225365 0.9126030 0.8696478 0.8557008 0.9005436 1.1033015 0.8306455 0.7766909 0.7716843 0.7228863 0.6721568 0.0000000 0.0514655 0.1204791 0.0788472 0.0799935 0.0712277 0.1208592 0.1328886 0.1451060 0.2196084 0.1544560 1.0658616 1.1408567 1.2305627 1.7652912 
Bolinf_Binf_sb1217850                                   0.8739018 0.6622431 0.7552346 0.6900801 0.6905887 0.8139996 0.7946472 0.7946472 0.8259278 0.8148578 0.8148578 0.7991093 0.8205161 0.7444156 0.8220259 0.7799368 0.8110243 0.7744391 0.7700213 0.7890522 0.9518853 0.9543144 1.2693182 0.8187165 0.7209781 0.8991416 0.6757301 0.8183631 0.8027871 0.6857516 0.7803369 0.6836990 0.9263296 0.9019807 0.8789060 0.8577135 0.8862878 1.1043541 0.8356986 0.7755970 0.7733355 0.7419376 0.6999538 0.0514655 0.0000000 0.1294343 0.1066109 0.1082492 0.0984300 0.1400249 0.1701453 0.1555124 0.2337509 0.1811528 1.0740028 1.1424391 1.2305627 1.8469088 
Vmul_sbMO429961                                         0.8054818 0.6856912 0.7046773 0.6754356 0.6885344 0.8247363 0.7204252 0.7204252 0.7147472 0.7039795 0.7039795 0.7152862 0.7351864 0.7281467 0.8027608 0.7307798 0.7589920 0.7256818 0.7214073 0.7288124 0.9197561 0.9322102 1.4330699 0.7715565 0.6964980 0.8497150 0.6896137 0.8046959 0.7650820 0.6664283 0.7420082 0.6682867 0.9242951 0.8896412 0.8443852 0.8232400 0.8602936 1.1033564 0.8117847 0.7643895 0.7329827 0.7103690 0.6562635 0.1204791 0.1294343 0.0000000 0.0500937 0.0355208 0.0791677 0.0982480 0.1793131 0.1662840 0.1660487 0.2139786 1.0767308 1.0581007 1.2885866 1.8368705 
Coeast_Cast_sb790172                                    0.8002757 0.6727493 0.6741286 0.6551199 0.6718616 0.7953062 0.7020991 0.7020991 0.7163035 0.7058975 0.7058975 0.6916346 0.7104862 0.7032391 0.7746691 0.6972911 0.7227014 0.6926153 0.6885750 0.6862091 0.8541890 0.8361610 1.2516646 0.7454858 0.6597343 0.8570387 0.6622492 0.7576689 0.7375154 0.6422216 0.7569131 0.6522623 0.8814569 0.8558037 0.8224237 0.8017735 0.8459131 0.9798506 0.7997811 0.7195403 0.7049376 0.6656625 0.5908554 0.0788472 0.1066109 0.0500937 0.0000000 0.0000010 0.0645130 0.0889073 0.1463754 0.1767864 0.1792510 0.1896498 1.0815929 1.0728881 1.1455338 1.7942028 
Coemet_Cmet_scaffold22046_01                            0.7734291 0.6712436 0.6726597 0.6534185 0.6703558 0.7954914 0.7009823 0.7009823 0.7153877 0.7048382 0.7048382 0.6903853 0.7094832 0.7020846 0.7745519 0.6960692 0.7217935 0.6913371 0.6872440 0.6843996 0.8744305 0.8554721 1.2754607 0.7449617 0.6311783 0.8288093 0.6605496 0.7573096 0.7368807 0.6403332 0.7304397 0.6504257 0.9024003 0.8759300 0.8412850 0.8201658 0.8651358 1.0197412 0.7997811 0.7354088 0.7204785 0.6799600 0.5883290 0.0799935 0.1082492 0.0355208 0.0000010 0.0000000 0.0498048 0.0902438 0.1486693 0.1796441 0.1821775 0.1928069 1.0509227 1.0678623 1.1610785 1.7552278 
Mertsp_Mesp_sb565716                                    0.8354910 0.7045601 0.6875548 0.6684273 0.6647510 0.7923057 0.7583140 0.7583140 0.7466993 0.7359236 0.7359236 0.7209986 0.7408870 0.7689919 0.8448673 0.8079124 0.8415637 0.8020376 0.7974269 0.8078402 0.9389019 0.9437946 1.5073814 0.7661907 0.6500887 0.8757503 0.6716711 0.7805359 0.7268335 0.6140689 0.7633102 0.6657799 0.9823370 0.9543313 0.9083136 0.8866006 0.9405998 1.1665296 0.8142910 0.8083925 0.7930171 0.7528265 0.6504829 0.0712277 0.0984300 0.0791677 0.0645130 0.0498048 0.0000000 0.0974095 0.1672111 0.1700760 0.2240031 0.1731713 1.0641923 1.1439256 1.3925276 1.7729255 
Lampan_Lpan_5734_01                                     0.8024115 0.6902875 0.6858135 0.6607466 0.6452477 0.7811385 0.7146632 0.7146632 0.7217148 0.7110909 0.7110909 0.7096472 0.7291606 0.7494783 0.8085837 0.6993069 0.7313181 0.6945311 0.6904122 0.6725517 0.9857550 0.9322187 1.2705298 0.7637456 0.7129487 0.9160879 0.6861358 0.7752090 0.7613673 0.6409504 0.7596962 0.6824715 0.9200522 0.8880933 0.8594995 0.8309680 0.8518427 1.0277095 0.8531383 0.7866578 0.7881570 0.7394267 0.6641144 0.1208592 0.1400249 0.0982480 0.0889073 0.0902438 0.0974095 0.0000000 0.2013221 0.1909084 0.1897038 0.2058026 1.0817605 1.1204421 1.0600422 1.8515221 
Drygla_Dgla_sb290151                                    0.8459410 0.7376898 0.7494456 0.7365502 0.7618406 0.8559634 0.6774240 0.6774240 0.7057474 0.6953207 0.6953207 0.6810896 0.6998456 0.8083850 0.8177041 0.8269782 0.8342153 0.8208769 0.8161639 0.7979936 0.9596204 0.9070092 1.2720147 0.7774817 0.7094594 0.8571076 0.7068550 0.8055637 0.8023701 0.6858557 0.7885105 0.6984395 0.8920272 0.8852501 0.8914463 0.8695843 0.8516055 1.0676851 0.7843140 0.7902573 0.7798117 0.7663379 0.7597276 0.1328886 0.1701453 0.1793131 0.1463754 0.1486693 0.1672111 0.2013221 0.0000000 0.2164410 0.2702029 0.2189788 1.1323175 1.1171474 1.2991274 1.8092606 
Pbac_sb2644924                                          0.8380206 0.6816688 0.6663205 0.6251651 0.6313389 0.7179643 0.6531900 0.6531900 0.6644344 0.6542769 0.6542769 0.6648774 0.6830369 0.7224999 0.7308085 0.7123007 0.7184698 0.7075756 0.7035472 0.6806341 0.8623405 0.8312223 1.3075505 0.7423405 0.7125637 0.8132038 0.6772618 0.7651188 0.8052089 0.6734068 0.6955071 0.6357336 0.8507365 0.7942706 0.7724202 0.7538002 0.7790430 1.0285055 0.7131415 0.7604053 0.7319310 0.7315012 0.7069595 0.1451060 0.1555124 0.1662840 0.1767864 0.1796441 0.1700760 0.1909084 0.2164410 0.0000000 0.2461950 0.2466760 0.9862982 1.0426324 1.1979414 1.7503822 
Eupdun_Edun_sb10656113                                  0.6915563 0.5438197 0.6045859 0.5741162 0.5976885 0.6884485 0.6072482 0.6072482 0.6045969 0.5945776 0.5945776 0.6049652 0.6319883 0.6661520 0.7584015 0.6832714 0.7242954 0.6687009 0.6648366 0.6482266 0.8580440 0.8418338 1.1069022 0.7133703 0.7259261 0.8610441 0.5500338 0.6299017 0.7122560 0.5773424 0.5998649 0.5268403 0.8301887 0.8060587 0.8221247 0.8085329 0.8150674 0.9936904 0.9025248 0.6236112 0.6329447 0.6211735 0.5841030 0.2196084 0.2337509 0.1660487 0.1792510 0.1821775 0.2240031 0.1897038 0.2702029 0.2461950 0.0000000 0.2601147 1.0526905 0.9990518 1.0461487 1.7053973 
Beraby_Baby_sb337619                                    0.9277575 0.7350904 0.7599060 0.7917615 0.8078484 0.9448203 0.7902526 0.7902526 0.8327870 0.8218787 0.8218787 0.8063286 0.8111656 0.8087398 0.9206062 0.8732802 0.8965765 0.8765695 0.8717302 0.8736046 1.0271676 1.0228301 1.5368596 0.8627010 0.8416008 0.9781689 0.7448181 0.7525609 0.7839384 0.6694795 0.7612172 0.7236167 0.9883770 0.9599348 0.9525377 0.9380082 0.9616270 1.2228645 0.8892355 0.8222264 0.8317865 0.8143133 0.7246270 0.1544560 0.1811528 0.2139786 0.1896498 0.1928069 0.1731713 0.2058026 0.2189788 0.2466760 0.2601147 0.0000000 1.0610495 1.1091112 1.4534706 1.8574506 
Spur_XM_030979797.1                                     0.6402334 0.6786590 0.4857220 0.6443114 0.5419419 0.6481621 0.7402968 0.7402968 0.7592819 0.7705304 0.7705304 0.7323103 0.7622257 0.8631675 0.8567828 0.8459230 0.8098328 0.8058673 0.8011831 0.8257043 1.0392441 1.0818756 0.9503976 0.7008782 0.7658442 0.8929062 0.8024368 0.8253961 0.7980450 0.6396708 0.7913294 0.8129030 0.9447235 0.8791707 0.9736364 0.9661753 0.9454892 0.8660047 0.8461489 0.9620891 0.9791448 0.9140223 0.8261855 1.0658616 1.0740028 1.0767308 1.0815929 1.0509227 1.0641923 1.0817605 1.1323175 0.9862982 1.0526905 1.0610495 0.0000000 1.0470060 1.3993887 1.9882492 
Lcom_lcpid130908                                        0.8788182 0.7465199 0.7286511 0.7352568 0.6883763 0.8232070 0.7956033 0.7956033 0.8566777 0.8680559 0.8680559 0.8289814 0.8290350 0.8182291 0.9238227 0.8359928 0.8344953 0.8797504 0.8748890 0.7831236 1.0163175 0.9275996 0.5640909 0.7176058 0.9754855 0.8896851 0.7635408 0.7407150 0.9421629 0.7970407 0.8849337 0.8679927 0.9685398 0.8656063 0.8432316 0.8606142 0.8303126 0.8340824 0.9875585 1.0123337 1.0216306 1.0116054 0.9718822 1.1408567 1.1424391 1.0581007 1.0728881 1.0678623 1.1439256 1.1204421 1.1171474 1.0426324 0.9990518 1.1091112 1.0470060 0.0000000 0.7409040 2.1263093 
Adig_XM_015900066.1                                     0.8081070 0.4684395 0.5007850 0.4605730 0.4250213 0.8439497 0.4925306 0.4925306 0.5225482 0.5225482 0.5225482 0.5225482 0.5225482 0.5075805 0.4712476 0.2212716 0.1599557 0.2465851 0.2465851 0.2212716 0.3857144 0.4922139 0.4166940 0.8059180 1.0593886 1.0543806 0.6340217 0.6772077 0.7731486 0.7778784 0.9148938 0.9924693 0.5564388 0.5455064 0.7563184 0.7563184 0.5255889 0.5348691 1.6726823 1.1153315 1.0769061 1.0639010 0.9408638 1.2305627 1.2305627 1.2885866 1.1455338 1.1610785 1.3925276 1.0600422 1.2991274 1.1979414 1.0461487 1.4534706 1.3993887 0.7409040 0.0000000 3.8241204 
Dpul_mRNA19740                                          1.9981079 1.6535420 1.6509667 1.5415200 1.5705923 1.5474296 1.8813455 1.8813455 1.9199261 1.9377063 1.9377063 1.8681096 1.9172365 1.8383949 1.9460021 1.7769620 1.7872716 1.7488162 1.7456717 2.6908814 1.7954364 1.9634006 4.7617905 1.6278231 1.8998104 1.9891510 1.4307796 1.3646572 1.7285699 1.4765300 1.5850286 1.6506845 1.8603407 1.9463755 2.0119984 1.9895019 1.8930966 3.4785963 1.9688186 2.0273385 2.0795915 2.0041435 1.8198895 1.7652912 1.8469088 1.8368705 1.7942028 1.7552278 1.7729255 1.8515221 1.8092606 1.7503822 1.7053973 1.8574506 1.9882492 2.1263093 3.8241204 0.0000000 
