78
Hsap_ENST00000314797                                     0.0000000 0.4945501 0.4491233 0.4392304 0.4640643 0.4236514 0.6410117 0.5556074 0.5697029 0.5658759 0.5424830 0.5575926 0.5060323 0.5412739 0.5379615 0.5739667 0.6454051 0.6009717 0.6240154 0.6118469 0.6193252 0.6131841 0.5449039 0.5985953 0.5867119 0.6344832 0.6282290 0.6735281 0.6697199 0.7384616 0.7307401 0.7045339 0.7416222 0.6562914 0.8601283 0.6780343 0.7480166 0.6642854 0.6782401 0.7945354 0.7849871 0.7685222 0.7722801 0.7642661 0.7671567 0.7890679 0.8833120 1.2044610 0.9815243 0.8988867 0.8943981 0.9292973 0.6272108 0.9066254 0.9044910 0.9369525 0.9517595 0.9577067 0.9625421 0.9367340 1.0785739 1.0825243 1.1230064 1.0897086 1.1514009 1.2456944 1.1905290 1.1695525 1.0509069 1.1754805 1.1182897 0.9968122 0.9474576 0.9198216 0.9688351 1.0087996 1.2530116 1.2481288 
Spur_XM_779644.5                                         0.4945501 0.0000000 0.3127431 0.3919814 0.4251509 0.4033471 0.5529507 0.4868246 0.5232315 0.4907270 0.4904936 0.5033969 0.4680051 0.4914470 0.4877817 0.5403808 0.6133821 0.5589506 0.5620282 0.5789960 0.5819526 0.5646928 0.5475409 0.4714549 0.5261964 0.5695834 0.5453434 0.6193150 0.6354256 0.6914054 0.6552824 0.6079461 0.6545829 0.6116195 0.7956454 0.6835366 0.6484858 0.6319723 0.6193131 0.7540103 0.7259475 0.6772892 0.6914581 0.6881743 0.6909272 0.6964275 0.8452010 1.2086996 0.9629752 0.8482608 0.8890651 0.8906804 0.6156373 0.8937685 0.8805016 0.9035463 0.8278041 0.8519002 0.8649366 0.8328934 1.0193843 1.0596980 1.0668498 1.0636872 1.1334740 1.2664295 1.0902841 1.0730585 0.9168344 1.0770779 1.0169459 0.8920241 0.8399497 0.8146445 0.9340667 0.9401105 1.1274766 1.1716968 
Skow_NM_001184936.1                                      0.4491233 0.3127431 0.0000000 0.2922268 0.3564927 0.3234461 0.4931092 0.4250798 0.4532629 0.4133506 0.4106999 0.4179911 0.3830970 0.4077328 0.4041099 0.4463750 0.5489913 0.5089889 0.5051021 0.5031079 0.5161566 0.5114916 0.4605794 0.4029806 0.4693251 0.4862404 0.4749948 0.4965003 0.5411265 0.6205666 0.5859839 0.5573846 0.5906194 0.5599124 0.7128585 0.5135689 0.5916670 0.5679494 0.5499314 0.7088865 0.6887462 0.6511173 0.6616612 0.6652284 0.6656997 0.6787843 0.8502815 1.2940441 0.9189477 0.8128681 0.8326774 0.8523513 0.5874319 0.8639191 0.8690602 0.8501892 0.7923057 0.7866081 0.8055989 0.8327133 0.9768059 0.9748443 0.9827528 1.0683058 1.0529282 1.1320186 0.9839171 0.9520538 0.8348577 0.9070127 0.9161046 0.8966018 0.8214143 0.8199589 0.8696649 0.8762259 1.0911195 1.0788641 
Ctel_gnl_WGS_AMQN_CAPTEDRAFT_mRNA162815                  0.4392304 0.3919814 0.2922268 0.0000000 0.2725369 0.2622689 0.4941061 0.4212390 0.4832691 0.4415995 0.4299101 0.4417040 0.4015993 0.4388196 0.4315694 0.4398014 0.5134901 0.4914137 0.4810501 0.4835161 0.4811626 0.4776356 0.4494070 0.4116198 0.4429202 0.4811087 0.4764143 0.5322988 0.5763051 0.6509672 0.6240220 0.5841869 0.6622783 0.6060953 0.7540669 0.5523103 0.6240919 0.5752244 0.5408001 0.6901303 0.6735532 0.6390471 0.6397358 0.6440141 0.6466662 0.6448257 0.8201776 1.1660114 0.9115404 0.8197715 0.8465382 0.8667192 0.5563951 0.8515918 0.8687072 0.8559221 0.8193358 0.8195348 0.8354209 0.8312454 0.9500683 0.9365793 1.0029698 0.9823692 1.0302894 1.1862452 1.0831398 1.0870204 0.9665539 1.0412053 0.9516387 0.8475207 0.8467664 0.7562951 0.8463684 0.8625936 1.1066646 1.1527966 
Cgig_XM_034450357.1                                      0.4640643 0.4251509 0.3564927 0.2725369 0.0000000 0.2019398 0.5039376 0.4409757 0.5020231 0.4876825 0.4783137 0.4869775 0.4475765 0.4604374 0.4639680 0.4488317 0.5844309 0.5160859 0.5252811 0.5394574 0.5438769 0.5438087 0.4969789 0.4139968 0.4754465 0.5117151 0.4962784 0.5740440 0.5921650 0.6434787 0.6125899 0.5571412 0.6185403 0.5860255 0.7579778 0.5643305 0.6051478 0.5843338 0.5397667 0.7161326 0.7020127 0.6646693 0.6768970 0.6787472 0.6792165 0.6683463 0.8588279 1.2398689 0.9327549 0.8578611 0.8915225 0.8837131 0.6103883 0.8781448 0.8792098 0.8655511 0.8255369 0.8171990 0.8279820 0.8218844 0.9907958 1.0497232 1.1031867 1.0334357 1.0968256 1.2639481 1.1388229 1.1342966 1.0167551 1.1274088 1.0158794 0.9088259 0.9085146 0.8508056 0.9386498 0.9335788 1.1623744 1.1527790 
Acagra_model.g8616.t1.1.5d3b8593                         0.4236514 0.4033471 0.3234461 0.2622689 0.2019398 0.0000000 0.4642745 0.4155852 0.4474847 0.4250058 0.4217744 0.4339823 0.3985027 0.4163234 0.4147221 0.4462214 0.5370289 0.4973903 0.4997377 0.5115397 0.5324027 0.5093407 0.4723668 0.4184763 0.4931570 0.5360093 0.5121639 0.5768336 0.5444635 0.6251100 0.6119293 0.5597516 0.6436849 0.6026439 0.7463558 0.5869205 0.6119961 0.5625507 0.5537409 0.7016022 0.6804140 0.6340645 0.6532025 0.6453768 0.6458103 0.6497380 0.8855929 1.2371211 0.9431027 0.8586531 0.8844764 0.8879607 0.5958186 0.9068734 0.9081992 0.8755755 0.7897548 0.7904732 0.8038952 0.8015693 1.0098542 1.0662219 1.1033752 1.0451598 1.1267011 1.2664745 1.1304417 1.1422480 1.0254475 1.1272644 1.0046335 0.9330573 0.8885359 0.8835774 0.9614085 0.9260119 1.1545447 1.1703550 
Exapal_XM_028660747.1                                    0.6410117 0.5529507 0.4931092 0.4941061 0.5039376 0.4642745 0.0000000 0.1121257 0.2293140 0.1879608 0.1863828 0.1997726 0.1852021 0.1958509 0.1916733 0.3509846 0.5141628 0.4402939 0.4201776 0.4078843 0.4254246 0.4274998 0.4115854 0.5553980 0.4789868 0.5267491 0.5395882 0.6096898 0.4789647 0.7505008 0.7415438 0.6679517 0.6981070 0.6436452 0.8713961 0.5985599 0.7758089 0.7639564 0.7071796 0.7113715 0.6865140 0.6864909 0.7035966 0.6770932 0.6776260 0.6811707 0.8810689 1.1689505 0.9351712 0.8896380 0.9350449 0.9076233 0.6656638 0.9315018 0.9232356 0.9744212 0.9465999 0.9556577 0.9623076 1.0160352 1.0369610 1.1501795 1.2155517 1.0875165 1.2744648 1.3767503 1.1736844 1.1684642 1.0777249 1.1699342 1.1040070 1.0426677 0.9817905 0.9445580 0.9755268 1.0333809 1.2605436 1.3519929 
Nvec_v1g186367                                           0.5556074 0.4868246 0.4250798 0.4212390 0.4409757 0.4155852 0.1121257 0.0000000 0.2050847 0.1700269 0.1692845 0.1820917 0.1674761 0.1758041 0.1722908 0.3299386 0.4547814 0.3807140 0.3896063 0.3699192 0.3876182 0.3810555 0.3770562 0.5114236 0.4510079 0.4905010 0.4944570 0.5412224 0.4166978 0.6761800 0.6731612 0.5960049 0.6367387 0.5899203 0.7766974 0.5895820 0.6754993 0.6664817 0.6424034 0.6704626 0.6472314 0.6371947 0.6472382 0.6366886 0.6371126 0.6320113 0.8244695 1.2253087 0.9284006 0.8279785 0.8465271 0.8409529 0.6087384 0.8809079 0.8729044 0.8974841 0.8308779 0.8363762 0.8482052 0.9068452 0.9381002 1.0469450 1.0781221 0.9851058 1.1427757 1.2306764 1.0618236 1.0741243 0.9796352 1.0340917 0.9968405 0.8940315 0.8561380 0.7982271 0.9003465 0.8952828 1.1114804 1.1872126 
Adig_XM_015907336.1                                      0.5697029 0.5232315 0.4532629 0.4832691 0.5020231 0.4474847 0.2293140 0.2050847 0.0000000 0.0265897 0.0956876 0.1102592 0.1061126 0.1076074 0.1075097 0.3679050 0.4702536 0.4435373 0.4231879 0.4301035 0.4440900 0.4320367 0.3908526 0.5446384 0.4625434 0.5057770 0.4899749 0.5934956 0.4054596 0.6832625 0.6740117 0.6490030 0.7133697 0.6574357 0.6677141 0.6779158 0.7127381 0.7231251 0.6808191 0.6298999 0.6361250 0.6216802 0.6390593 0.6226495 0.6231551 0.6155623 0.8344278 1.1750155 1.0172429 0.8500604 0.8549403 0.8962626 0.5107767 0.8732236 0.8592249 0.9055217 0.9138873 0.9073863 0.9033104 0.9649354 0.9661880 1.0698874 1.1136767 0.9636846 1.1399092 1.2798725 1.1417106 1.1419507 1.0243228 1.0770063 1.0379803 0.9783369 0.8767300 0.7982807 1.0127093 0.9120910 1.1653435 1.2101444 
Amil_Amillepora18543-RA                                  0.5658759 0.4907270 0.4133506 0.4415995 0.4876825 0.4250058 0.1879608 0.1700269 0.0265897 0.0000000 0.0570953 0.0727742 0.0678914 0.0687729 0.0614259 0.3246465 0.4425829 0.4047040 0.3761535 0.3789722 0.3958372 0.3828671 0.3536093 0.5399885 0.4325477 0.4767443 0.4588535 0.5632597 0.4405702 0.6860141 0.6901917 0.6346274 0.6837251 0.6292856 0.7886476 0.5885494 0.6834907 0.6667196 0.6306285 0.6809107 0.6557026 0.6431266 0.6561493 0.6547158 0.6551973 0.6454227 0.7859339 1.1596189 0.8981976 0.8092152 0.8257079 0.8475256 0.5803975 0.8212631 0.8298979 0.8545474 0.9024009 0.8959919 0.9114861 0.9640903 0.9119305 1.0375428 1.0588433 1.0184098 1.1279611 1.2074604 1.0248994 1.0507981 0.9700731 1.0240899 0.9708097 0.8973349 0.8700433 0.7900856 0.9245825 0.8724182 1.0893303 1.1942202 
Gfas_gfas1.m1.16092.m1                                   0.5424830 0.4904936 0.4106999 0.4299101 0.4783137 0.4217744 0.1863828 0.1692845 0.0956876 0.0570953 0.0000000 0.0460702 0.0411397 0.0477382 0.0466700 0.3123013 0.4379894 0.4173979 0.3817700 0.3755662 0.3973212 0.3939996 0.3576850 0.5362728 0.4316955 0.4662814 0.4556543 0.5571230 0.4206154 0.6608234 0.6513591 0.6016754 0.6628265 0.6082675 0.7335065 0.5723529 0.6507194 0.6778731 0.6431232 0.6514871 0.6349135 0.6273891 0.6371746 0.6286294 0.6290458 0.6206738 0.8173495 1.2528380 0.9779882 0.8410406 0.8495234 0.8646474 0.5790057 0.8505955 0.8631391 0.8701722 0.8329541 0.8411000 0.8576641 0.9039869 0.9486644 1.0690219 1.0955509 1.0335831 1.1661500 1.2121551 1.0354453 1.0480739 0.9392012 1.0107450 0.9537586 0.8936797 0.8397475 0.7597112 0.9447460 0.8926642 1.1215581 1.1842895 
Fspp_ffun1.m4.24640.m1                                   0.5575926 0.5033969 0.4179911 0.4417040 0.4869775 0.4339823 0.1997726 0.1820917 0.1102592 0.0727742 0.0460702 0.0000000 0.0331654 0.0486241 0.0462268 0.3113617 0.4504077 0.4178983 0.3821316 0.3690795 0.3890407 0.3906604 0.3503480 0.5362179 0.4486398 0.4868902 0.4845693 0.6557808 0.4137916 0.6748301 0.6523296 0.6148758 0.6505593 0.6093819 0.7522139 0.5401531 0.6618298 0.6837923 0.6672779 0.6579041 0.6406802 0.6298109 0.6381727 0.6341221 0.6345524 0.6288721 0.8178348 1.2300001 0.9514884 0.8443434 0.8504055 0.8750436 0.5804121 0.8553892 0.8604403 0.8758762 0.8815501 0.8822286 0.9097557 0.9374855 0.9686085 1.0695935 1.0993656 1.0183622 1.1757693 1.2066893 1.0530605 1.0530513 0.9543893 1.0101362 0.9889524 0.8978897 0.8380140 0.7668052 0.9308703 0.8944909 1.1265137 1.1737930 
Gasp_gasp1.m3.19987.m1                                   0.5060323 0.4680051 0.3830970 0.4015993 0.4475765 0.3985027 0.1852021 0.1674761 0.1061126 0.0678914 0.0411397 0.0331654 0.0000000 0.0474564 0.0377896 0.3014336 0.4060991 0.3906724 0.3572331 0.3320813 0.3655320 0.3797933 0.3277772 0.4638500 0.4132202 0.4495718 0.4289393 0.5028404 0.3871323 0.6096732 0.5930628 0.5524152 0.6132278 0.5750936 0.6528260 0.5622434 0.5858378 0.6462079 0.5796945 0.6039212 0.5887541 0.5865177 0.5932511 0.5915003 0.5919029 0.5818280 0.7794156 1.2432197 0.9676684 0.8049692 0.8100338 0.8312994 0.5211536 0.8015849 0.8260415 0.8335222 0.8204342 0.8250652 0.8422768 0.8585945 0.8771891 0.9608067 0.9770870 0.9410053 1.0776329 1.1478494 0.9690129 0.9839471 0.8581768 0.9328238 0.8852402 0.8443145 0.8015557 0.7254217 0.8611843 0.8178367 1.0437130 1.0524385 
Spis_XP_022806281_1                                      0.5412739 0.4914470 0.4077328 0.4388196 0.4604374 0.4163234 0.1958509 0.1758041 0.1076074 0.0687729 0.0477382 0.0486241 0.0474564 0.0000000 0.0173108 0.3080324 0.4299889 0.3895740 0.3742581 0.3609236 0.3770312 0.3770986 0.3544554 0.5336216 0.4305721 0.4644038 0.4582726 0.5822655 0.4196449 0.6605377 0.6429481 0.6037535 0.6522443 0.6007715 0.7221490 0.5506293 0.6368882 0.6765250 0.6461489 0.6459061 0.6297915 0.6300762 0.6416536 0.6309712 0.6313845 0.6212066 0.7990921 1.1754658 0.9701741 0.8395887 0.8279264 0.8606504 0.5615431 0.8410061 0.8435808 0.8510516 0.8624600 0.8613787 0.8800931 0.9019355 0.9468068 1.0459383 1.0805338 1.0086244 1.1378775 1.1954268 1.0341380 1.0368594 0.9323787 1.0006592 0.9511194 0.8902480 0.8304763 0.7663268 0.9108388 0.8761229 1.1025967 1.1832647 
Pocdam_XM_027196877.1                                    0.5379615 0.4877817 0.4041099 0.4315694 0.4639680 0.4147221 0.1916733 0.1722908 0.1075097 0.0614259 0.0466700 0.0462268 0.0377896 0.0173108 0.0000000 0.3112686 0.4296435 0.3900133 0.3703478 0.3539400 0.3751767 0.3811567 0.3466762 0.5329836 0.4320586 0.4635884 0.4563412 0.5828504 0.4175665 0.6532535 0.6399049 0.5975405 0.6420986 0.5932208 0.7169953 0.5355746 0.6324563 0.6745641 0.6360154 0.6350182 0.6194455 0.6142145 0.6270708 0.6188957 0.6192966 0.6120510 0.8023794 1.1986257 0.9765842 0.8417200 0.8263902 0.8641786 0.5611514 0.8404607 0.8433225 0.8550001 0.8473652 0.8456560 0.8688563 0.8928798 0.9426964 1.0277520 1.0606784 1.0160985 1.1414509 1.1783287 1.0197900 1.0314877 0.9119727 0.9908488 0.9425510 0.8765863 0.8227491 0.7496066 0.8937701 0.8542422 1.0962895 1.1765733 
Dgig_XM_028542457.1                                      0.5739667 0.5403808 0.4463750 0.4398014 0.4488317 0.4462214 0.3509846 0.3299386 0.3679050 0.3246465 0.3123013 0.3113617 0.3014336 0.3080324 0.3112686 0.0000000 0.4997296 0.4919940 0.4111391 0.4112144 0.4327985 0.4152510 0.4298300 0.5656066 0.4890344 0.5346658 0.4906551 0.5796052 0.1779719 0.7081213 0.7091840 0.6695769 0.6940359 0.6234279 0.7858371 0.5872745 0.6720127 0.6890835 0.6733959 0.7085647 0.6858230 0.6780174 0.6797624 0.6812633 0.6817324 0.6827542 0.8510504 1.2233970 0.9337559 0.8503672 0.8845409 0.8954777 0.6014289 0.9076750 0.9063040 0.9002541 0.9120433 0.9097041 0.9275249 0.9605791 1.0470383 1.0630972 1.0808833 1.0727860 1.1953908 1.3056980 1.1505674 1.1196480 1.0295188 1.0650591 1.0285400 0.9551904 0.9188053 0.8642770 0.9574727 0.9546455 1.2126642 1.2615308 
Hvul_g26601_1                                            0.6454051 0.6133821 0.5489913 0.5134901 0.5844309 0.5370289 0.5141628 0.4547814 0.4702536 0.4425829 0.4379894 0.4504077 0.4060991 0.4299889 0.4296435 0.4997296 0.0000000 0.2455461 0.3422872 0.3480415 0.3468185 0.3594144 0.3150271 0.6377589 0.5343578 0.5827298 0.5593384 0.6925924 0.5665704 0.7527565 0.7455904 0.6680478 0.7454788 0.6671971 0.8345075 0.6597706 0.7409607 0.7623346 0.7426820 0.7225606 0.7092072 0.6927465 0.6905435 0.6904903 0.6932092 0.7006067 0.8624803 1.2895558 1.0638972 0.9294953 0.9055469 0.9364558 0.6046954 0.8962651 0.9048428 0.9347692 0.9208011 0.8932103 0.9440471 0.9291732 1.0292922 1.0272699 1.0823773 1.0841484 1.1636271 1.3198516 1.1431323 1.1471815 1.0175427 1.0794057 1.0509029 1.0019451 0.9344887 0.8095426 0.9321637 0.9597540 1.2444745 1.1912288 
Chem_TCONS_00005354                                      0.6009717 0.5589506 0.5089889 0.4914137 0.5160859 0.4973903 0.4402939 0.3807140 0.4435373 0.4047040 0.4173979 0.4178983 0.3906724 0.3895740 0.3900133 0.4919940 0.2455461 0.0000000 0.3249894 0.3329530 0.3303439 0.3180307 0.2831187 0.6142458 0.5174968 0.5671013 0.5670942 0.6354452 0.5572550 0.7468011 0.7145364 0.6635094 0.6957697 0.6517265 0.8268115 0.5997368 0.7442499 0.7053001 0.7053388 0.7159279 0.7041753 0.7025133 0.7090705 0.7076055 0.7081130 0.6903840 0.8583172 1.2643981 0.9816901 0.8727967 0.8799200 0.8800134 0.6064386 0.8780374 0.8851768 0.9204583 0.8542312 0.8539749 0.8740726 0.8811916 0.9628885 0.9966238 1.0458593 1.0723340 1.1578397 1.3000475 1.0211409 1.0041873 0.9685822 1.0037807 1.0434220 0.9117624 0.8620083 0.7971808 0.9099806 0.9193825 1.2028622 1.1535465 
Aaur_scaffold1463.g4.t2                                  0.6240154 0.5620282 0.5051021 0.4810501 0.5252811 0.4997377 0.4201776 0.3896063 0.4231879 0.3761535 0.3817700 0.3821316 0.3572331 0.3742581 0.3703478 0.4111391 0.3422872 0.3249894 0.0000000 0.0958567 0.0928034 0.1343253 0.2403421 0.5553720 0.5101373 0.5486893 0.5445665 0.6169462 0.5250617 0.7328602 0.7261938 0.6870978 0.7162319 0.6671269 0.7907845 0.6344054 0.7109298 0.6859891 0.7067626 0.6647819 0.6492235 0.6388482 0.6411383 0.6414694 0.6419023 0.6475878 0.7990465 1.1749964 0.9483954 0.8505823 0.8559165 0.8736438 0.5670998 0.8777320 0.8663718 0.9007235 0.8806278 0.8776795 0.8847619 0.8903276 1.0195507 1.0170831 1.0589055 1.0619266 1.1749030 1.2924343 1.0911640 1.0404356 1.0154822 1.0554091 1.0036861 0.9354253 0.8973923 0.7905671 0.9594334 0.8849418 1.2307211 1.1211279 
Nemnom_g16994.t1                                         0.6118469 0.5789960 0.5031079 0.4835161 0.5394574 0.5115397 0.4078843 0.3699192 0.4301035 0.3789722 0.3755662 0.3690795 0.3320813 0.3609236 0.3539400 0.4112144 0.3480415 0.3329530 0.0958567 0.0000000 0.0492284 0.1447977 0.2304961 0.5846026 0.5158322 0.5550862 0.5316079 0.5620116 0.5273681 0.7291378 0.7323067 0.6745770 0.7074550 0.6482276 0.7677218 0.5560427 0.7058557 0.6894571 0.7379730 0.6820289 0.6627187 0.6548022 0.6569330 0.6632397 0.6637067 0.6626478 0.8005558 1.1701504 0.9654504 0.8524610 0.8688396 0.8485377 0.5835610 0.8638554 0.8578834 0.9000622 0.8669724 0.8729900 0.8958619 0.9070206 1.0223340 1.0017189 1.0503539 1.0068314 1.1355503 1.2485575 1.0807330 1.0376724 1.0242824 1.0457194 1.0418443 0.9494773 0.9235497 0.7939418 0.9555311 0.8887797 1.2399582 1.0787931 
Rhoesc_Res_013691-T1                                     0.6193252 0.5819526 0.5161566 0.4811626 0.5438769 0.5324027 0.4254246 0.3876182 0.4440900 0.3958372 0.3973212 0.3890407 0.3655320 0.3770312 0.3751767 0.4327985 0.3468185 0.3303439 0.0928034 0.0492284 0.0000000 0.1370321 0.2428014 0.5794821 0.5089425 0.5457335 0.5505447 0.5714969 0.5490847 0.7538354 0.7505194 0.6894682 0.7163473 0.6680467 0.7960312 0.6110153 0.7251371 0.7043781 0.7288596 0.6875912 0.6683047 0.6533447 0.6511883 0.6545662 0.6550153 0.6576136 0.7925027 1.1838212 0.9706614 0.8566414 0.8544476 0.8408328 0.5800640 0.8598688 0.8646224 0.8874789 0.8430904 0.8447983 0.8661848 0.8846297 1.0256747 1.0238176 1.0776602 1.0354409 1.1732581 1.2856800 1.1174514 1.0519445 1.0434617 1.0534967 1.0565613 0.9314896 0.9213832 0.7955018 0.9577689 0.9068765 1.2672332 1.1053961 
Sanmal_Sma_009261-T1                                     0.6131841 0.5646928 0.5114916 0.4776356 0.5438087 0.5093407 0.4274998 0.3810555 0.4320367 0.3828671 0.3939996 0.3906604 0.3797933 0.3770986 0.3811567 0.4152510 0.3594144 0.3180307 0.1343253 0.1447977 0.1370321 0.0000000 0.2428769 0.5443335 0.5052123 0.5399995 0.5381172 0.7060327 0.5512990 0.7443895 0.7471437 0.7022980 0.7479922 0.6970692 0.8325724 0.6253555 0.7405315 0.7078776 0.7438626 0.6924209 0.6905284 0.6887334 0.6910990 0.6887399 0.6892263 0.6954450 0.8537951 1.1784910 0.9374131 0.8701076 0.8728907 0.8815554 0.6036620 0.9015674 0.8988880 0.9453856 0.8447979 0.8381750 0.8708071 0.8783185 0.9882146 0.9950118 1.0501915 1.0443016 1.1605376 1.2615177 1.0941763 1.0671342 0.9920501 1.0406623 1.0189441 0.9409296 0.9249254 0.8069650 0.9829242 0.9115856 1.2831329 1.1540546 
Morvir_scaffold141.g55.t1                                0.5449039 0.5475409 0.4605794 0.4494070 0.4969789 0.4723668 0.4115854 0.3770562 0.3908526 0.3536093 0.3576850 0.3503480 0.3277772 0.3544554 0.3466762 0.4298300 0.3150271 0.2831187 0.2403421 0.2304961 0.2428014 0.2428769 0.0000000 0.5640837 0.4634406 0.5019853 0.4941685 0.5749363 0.5209275 0.6713972 0.6825841 0.6264345 0.6584935 0.6039138 0.7610683 0.5673308 0.6968362 0.6428216 0.6677225 0.6446633 0.6341341 0.6133039 0.6180211 0.6236235 0.6240298 0.6228452 0.8313708 1.1936899 0.9204427 0.8311244 0.8308278 0.8792082 0.5561816 0.8731583 0.8825894 0.8883847 0.8082826 0.8131198 0.8273731 0.8392595 1.0080680 0.9595047 1.0215427 0.9838037 1.1088587 1.2097866 1.0209457 1.0313583 0.9685940 1.0179274 0.9973523 0.9423476 0.8969786 0.7597035 0.9047313 0.9282696 1.2052182 1.1327095 
Cscu_XM_023386151.1                                      0.5985953 0.4714549 0.4029806 0.4116198 0.4139968 0.4184763 0.5553980 0.5114236 0.5446384 0.5399885 0.5362728 0.5362179 0.4638500 0.5336216 0.5329836 0.5656066 0.6377589 0.6142458 0.5553720 0.5846026 0.5794821 0.5443335 0.5640837 0.0000000 0.5390356 0.6041209 0.5718269 0.6904227 0.6786757 0.7719458 0.7288433 0.6998582 0.7036242 0.6616139 0.8079475 0.7474929 0.7167105 0.5630938 0.5980778 0.8164565 0.8014254 0.7817975 0.7852672 0.7779784 0.7779784 0.7758446 0.9895091 1.3787467 1.1117609 0.9978683 1.0230968 1.0177823 0.5819886 1.0221796 1.0239940 0.9751699 0.9821773 0.9537442 0.9746027 1.0006010 1.0797621 1.1434871 1.1707557 1.1008630 1.2032322 1.4221677 1.1671110 1.1291513 1.0591761 1.1427651 1.0566534 1.0069930 0.9411036 0.9467582 1.0060973 1.1158797 1.3114539 1.2423287 
Ocar_g1571                                               0.5867119 0.5261964 0.4693251 0.4429202 0.4754465 0.4931570 0.4789868 0.4510079 0.4625434 0.4325477 0.4316955 0.4486398 0.4132202 0.4305721 0.4320586 0.4890344 0.5343578 0.5174968 0.5101373 0.5158322 0.5089425 0.5052123 0.4634406 0.5390356 0.0000000 0.0012864 0.2331734 0.4410439 0.5958538 0.6280994 0.6242831 0.5791606 0.6596225 0.6223789 0.7456919 0.5091494 0.6070025 0.6698730 0.6380659 0.6694437 0.6499866 0.6524025 0.6524851 0.6448274 0.6452772 0.6587487 0.8189447 1.2802636 0.9176820 0.8117550 0.8259309 0.8199445 0.5806270 0.8047474 0.8366447 0.8819364 0.8204533 0.8189415 0.8316350 0.8368023 0.9810661 0.9683927 1.0108986 1.0956633 1.1147638 1.2150791 1.0591241 1.0022734 0.9054774 1.0025424 0.9493815 0.8840197 0.8448807 0.7960968 0.8840044 0.8736410 1.1115162 1.0481999 
Opea_EP00118_Oscarella_pearsei_P025200                   0.6344832 0.5695834 0.4862404 0.4811087 0.5117151 0.5360093 0.5267491 0.4905010 0.5057770 0.4767443 0.4662814 0.4868902 0.4495718 0.4644038 0.4635884 0.5346658 0.5827298 0.5671013 0.5486893 0.5550862 0.5457335 0.5399995 0.5019853 0.6041209 0.0012864 0.0000000 0.2587981 0.4410439 0.6548901 0.6795646 0.6747605 0.6238276 0.7179599 0.6828921 0.7834281 0.6231009 0.6512909 0.7364529 0.6881409 0.7259537 0.7040894 0.6959995 0.7019654 0.6911776 0.6916669 0.6986087 0.8855486 1.3395573 1.0304921 0.8848492 0.8908923 0.8851731 0.5806270 0.8779169 0.9070831 0.9546551 0.8487240 0.8501315 0.8575840 0.8778899 1.0372136 1.0395956 1.1033732 1.0956633 1.2223720 1.2978306 1.1528649 1.0838776 0.9965768 1.1022212 1.0422534 0.9578740 0.8964095 0.8529904 0.9582880 0.9392400 1.1895528 1.1383205 
Plajan_Pjan_C569376_01                                   0.6282290 0.5453434 0.4749948 0.4764143 0.4962784 0.5121639 0.5395882 0.4944570 0.4899749 0.4588535 0.4556543 0.4845693 0.4289393 0.4582726 0.4563412 0.4906551 0.5593384 0.5670942 0.5445665 0.5316079 0.5505447 0.5381172 0.4941685 0.5718269 0.2331734 0.2587981 0.0000000 0.4877448 0.6007609 0.6988823 0.6790897 0.6347710 0.6638153 0.6284699 0.7671540 0.5516412 0.6551384 0.6889777 0.6347558 0.6770155 0.6600681 0.6512614 0.6554377 0.6683117 0.6635182 0.6632637 0.8560337 1.1813438 0.9919936 0.8731061 0.8690186 0.8749174 0.5676424 0.8640404 0.8848476 0.9368804 0.8926974 0.9068469 0.9117447 0.9124278 0.9767648 1.0193255 1.0446594 1.0391526 1.1306107 1.2721917 1.0760802 1.0339549 0.9685009 1.0797729 0.9668145 0.9410322 0.8610711 0.8091238 0.9186964 0.8729499 1.1982164 1.1114042 
Clacor_Ccor_C514475_01                                   0.6735281 0.6193150 0.4965003 0.5322988 0.5740440 0.5768336 0.6096898 0.5412224 0.5934956 0.5632597 0.5571230 0.6557808 0.5028404 0.5822655 0.5828504 0.5796052 0.6925924 0.6354452 0.6169462 0.5620116 0.5714969 0.7060327 0.5749363 0.6904227 0.4410439 0.4410439 0.4877448 0.0000000 0.6149223 0.6292595 0.5905173 0.5858238 0.6767375 0.6076540 0.5656596 0.0000010 0.5306411 0.5841044 0.7337454 0.7406359 0.6412985 0.6403720 0.6403720 0.6434951 0.6434951 0.6690753 0.6505285 0.0000010 0.4146816 0.6715450 0.6762409 0.6333320 0.7015007 0.7922266 0.6619778 0.6763617 0.6048738 0.6535238 0.6645319 0.6318602 0.8430873 0.7828363 0.7906521 0.8989964 0.7947058 1.0760796 0.8208394 0.8337130 0.8349506 0.8801025 0.7726757 0.8129856 0.7607357 0.7396574 0.7410100 0.8205186 1.1713420 0.8244686 
Xesp_003611-T1                                           0.6697199 0.6354256 0.5411265 0.5763051 0.5921650 0.5444635 0.4789647 0.4166978 0.4054596 0.4405702 0.4206154 0.4137916 0.3871323 0.4196449 0.4175665 0.1779719 0.5665704 0.5572550 0.5250617 0.5273681 0.5490847 0.5512990 0.5209275 0.6786757 0.5958538 0.6548901 0.6007609 0.6149223 0.0000000 0.8520456 0.8604557 0.8090789 0.8191359 0.6573681 0.7860303 0.5954426 0.7858047 0.7964354 0.7600008 0.8538145 0.8187362 0.7905913 0.7840308 0.7961508 0.7968444 0.7930072 0.9314285 1.9584201 1.1197629 0.9587102 0.9877658 0.9730073 0.6096780 1.0203383 1.0009795 0.9995977 1.0217193 1.0249343 1.0461733 1.1064916 1.0684372 1.1520505 1.2066798 1.0717270 1.2383967 1.4244705 1.1673920 1.1171617 1.0641765 1.1046267 1.1299630 1.0270183 1.0126745 0.9337281 1.0750510 1.0692030 1.3094836 1.2911736 
Aque_Aqu2.1.37420_001                                    0.7384616 0.6914054 0.6205666 0.6509672 0.6434787 0.6251100 0.7505008 0.6761800 0.6832625 0.6860141 0.6608234 0.6748301 0.6096732 0.6605377 0.6532535 0.7081213 0.7527565 0.7468011 0.7328602 0.7291378 0.7538354 0.7443895 0.6713972 0.7719458 0.6280994 0.6795646 0.6988823 0.6292595 0.8520456 0.0000000 0.1253917 0.1862438 0.3970006 0.3755033 0.4790144 0.3315225 0.4755077 0.8797549 0.8100903 0.7988263 0.7820025 0.7658304 0.7838391 0.7738010 0.7743911 0.7758863 1.0135526 1.2962405 1.0934867 0.9948800 1.0261336 1.0247947 0.7237576 1.0405804 1.0351280 1.0724581 1.0012862 0.9997955 1.0290842 1.0018063 1.1677125 1.1854672 1.2382681 1.2164229 1.3296455 1.4710373 1.2831220 1.2113810 1.1353539 1.2301445 1.1300179 1.1430273 1.0491413 0.9612540 1.0471076 1.0603458 1.3199720 1.2530111 
Halamb_c49787_g1_i1m.26911                               0.7307401 0.6552824 0.5859839 0.6240220 0.6125899 0.6119293 0.7415438 0.6731612 0.6740117 0.6901917 0.6513591 0.6523296 0.5930628 0.6429481 0.6399049 0.7091840 0.7455904 0.7145364 0.7261938 0.7323067 0.7505194 0.7471437 0.6825841 0.7288433 0.6242831 0.6747605 0.6790897 0.5905173 0.8604557 0.1253917 0.0000000 0.1442342 0.4051742 0.3843397 0.4666284 0.3631092 0.4550158 0.8509487 0.7919601 0.7947431 0.7781115 0.7620228 0.7736984 0.7699822 0.7705675 0.7650171 1.0006185 1.2331683 1.0766064 0.9782811 1.0151829 1.0128395 0.7133898 1.0271158 1.0281875 1.0775612 1.0017918 1.0136405 1.0419206 0.9874848 1.1839490 1.1960035 1.2447038 1.2203388 1.2948279 1.4569747 1.3322977 1.2396363 1.1745629 1.2415549 1.1261102 1.0959765 1.0293772 0.9697150 1.0931389 1.0376509 1.3152119 1.2530720 
Xestes_maker-XT_scaffold138207-augustus-gene-0.11-mRNA-1 0.7045339 0.6079461 0.5573846 0.5841869 0.5571412 0.5597516 0.6679517 0.5960049 0.6490030 0.6346274 0.6016754 0.6148758 0.5524152 0.6037535 0.5975405 0.6695769 0.6680478 0.6635094 0.6870978 0.6745770 0.6894682 0.7022980 0.6264345 0.6998582 0.5791606 0.6238276 0.6347710 0.5858238 0.8090789 0.1862438 0.1442342 0.0000000 0.3749566 0.3450335 0.4657542 0.2689448 0.4233324 0.7861353 0.8027638 0.7637972 0.7458357 0.7266063 0.7394370 0.7290154 0.7295559 0.7368494 0.9694852 1.2479065 1.0114711 0.9262813 0.9760729 0.9652147 0.7291948 0.9942018 0.9915214 1.0185901 0.9511189 0.9554494 0.9899478 0.9585089 1.1856751 1.1909409 1.2450377 1.1889867 1.2819065 1.4405078 1.2782940 1.1998100 1.1340299 1.1645312 1.1065720 1.0602074 0.9735285 0.9549675 1.0330467 1.0078172 1.3018955 1.2353135 
Emue_Em0001g2644a.t1                                     0.7416222 0.6545829 0.5906194 0.6622783 0.6185403 0.6436849 0.6981070 0.6367387 0.7133697 0.6837251 0.6628265 0.6505593 0.6132278 0.6522443 0.6420986 0.6940359 0.7454788 0.6957697 0.7162319 0.7074550 0.7163473 0.7479922 0.6584935 0.7036242 0.6596225 0.7179599 0.6638153 0.6767375 0.8191359 0.3970006 0.4051742 0.3749566 0.0000000 0.0581672 0.4610674 0.2943381 0.5218296 0.8915447 0.8304790 0.7798065 0.7675996 0.7730663 0.7879783 0.7788482 0.7794468 0.7800040 0.9848512 1.3019526 1.0864813 0.9580797 1.0401517 1.0355649 0.7319761 0.9937405 0.9898272 1.0499547 0.9654346 0.9667481 1.0030316 0.9753082 1.1767393 1.2219656 1.2943232 1.2014939 1.2851817 1.4176398 1.2776219 1.2104247 1.1388591 1.2247990 1.2077226 1.0445468 1.0036243 0.9778992 1.0350754 1.0063161 1.3345189 1.2348423 
Spolac_c104637_g1_i1_m.42020c104637-g1                   0.6562914 0.6116195 0.5599124 0.6060953 0.5860255 0.6026439 0.6436452 0.5899203 0.6574357 0.6292856 0.6082675 0.6093819 0.5750936 0.6007715 0.5932208 0.6234279 0.6671971 0.6517265 0.6671269 0.6482276 0.6680467 0.6970692 0.6039138 0.6616139 0.6223789 0.6828921 0.6284699 0.6076540 0.6573681 0.3755033 0.3843397 0.3450335 0.0581672 0.0000000 0.3213588 0.2777779 0.4691832 0.8418110 0.7707005 0.7220543 0.7111475 0.6909087 0.7078072 0.6941636 0.6947153 0.7028881 0.8835427 1.1077551 0.9274345 0.8344045 0.9040882 0.9182049 0.7131629 0.9476409 0.8959418 0.9075189 0.8916454 0.9026048 0.9280044 0.9134127 1.0383068 1.0913598 1.1352928 1.0597282 1.1730044 1.2580792 1.1730351 1.1145637 1.0583368 1.1166716 1.1430080 1.0071573 0.9196666 0.8638569 0.9517516 0.9561150 1.2087219 1.1578818 
Tetwil_g25180.t2                                         0.8601283 0.7956454 0.7128585 0.7540669 0.7579778 0.7463558 0.8713961 0.7766974 0.6677141 0.7886476 0.7335065 0.7522139 0.6528260 0.7221490 0.7169953 0.7858371 0.8345075 0.8268115 0.7907845 0.7677218 0.7960312 0.8325724 0.7610683 0.8079475 0.7456919 0.7834281 0.7671540 0.5656596 0.7860303 0.4790144 0.4666284 0.4657542 0.4610674 0.3213588 0.0000000 0.2401410 0.5819014 0.9422431 0.9203129 0.8962303 0.8767289 0.8717873 0.8811535 0.8779695 0.8787451 0.8856320 1.0611745 2.0140945 1.3182860 1.0626678 1.1019751 1.0576235 0.6418385 1.0176243 1.0687262 1.1013145 1.1045826 1.1139473 1.1518570 1.1173959 1.3128751 1.3121935 1.3639753 1.3167391 1.3895800 1.5034186 1.4413347 1.3745740 1.2332093 1.3233238 1.3144966 1.2514812 1.1628466 1.0322591 1.1434047 1.1731473 1.4785474 1.4932194 
Stycar_maker-SC_scaffold1638-snap-gene-0.9-mRNA-1        0.6780343 0.6835366 0.5135689 0.5523103 0.5643305 0.5869205 0.5985599 0.5895820 0.6779158 0.5885494 0.5723529 0.5401531 0.5622434 0.5506293 0.5355746 0.5872745 0.6597706 0.5997368 0.6344054 0.5560427 0.6110153 0.6253555 0.5673308 0.7474929 0.5091494 0.6231009 0.5516412 0.0000010 0.5954426 0.3315225 0.3631092 0.2689448 0.2943381 0.2777779 0.2401410 0.0000000 0.5519487 0.9368409 0.7154554 0.7485518 0.7545150 0.7268593 0.7024194 0.7081289 0.7081289 0.7357650 1.0165601 0.9310330 1.0266644 1.0266644 1.0631200 1.0472736 0.6269918 0.9946564 0.9889013 1.0643523 1.0122266 0.9726986 0.9928275 0.9446127 1.1386114 1.1825903 1.3649819 0.8724581 1.3560695 1.3295262 1.3386154 1.2485504 1.1428173 1.4037330 1.3438583 1.1435846 0.9915125 0.8762298 0.9678861 1.0765299 1.5303541 1.4971461 
Plespi_Pspi_C614952_01                                   0.7480166 0.6484858 0.5916670 0.6240919 0.6051478 0.6119961 0.7758089 0.6754993 0.7127381 0.6834907 0.6507194 0.6618298 0.5858378 0.6368882 0.6324563 0.6720127 0.7409607 0.7442499 0.7109298 0.7058557 0.7251371 0.7405315 0.6968362 0.7167105 0.6070025 0.6512909 0.6551384 0.5306411 0.7858047 0.4755077 0.4550158 0.4233324 0.5218296 0.4691832 0.5819014 0.5519487 0.0000000 0.8422381 0.8013949 0.8040806 0.7824128 0.7695356 0.7782535 0.7725294 0.7731249 0.7657414 0.9937764 1.3739171 1.1024162 0.9844346 1.0518211 0.9898741 0.6876642 1.0295013 1.0166132 1.0252469 0.9783712 0.9606067 0.9808010 0.9389875 1.1820377 1.2080145 1.1998383 1.1620265 1.2671383 1.3391135 1.2853321 1.2547372 1.0994005 1.1789610 1.1306349 1.0932808 1.0392557 1.0117150 1.1155525 1.0489848 1.3757859 1.2093711 
Tcas_TC011806_001                                        0.6642854 0.6319723 0.5679494 0.5752244 0.5843338 0.5625507 0.7639564 0.6664817 0.7231251 0.6667196 0.6778731 0.6837923 0.6462079 0.6765250 0.6745641 0.6890835 0.7623346 0.7053001 0.6859891 0.6894571 0.7043781 0.7078776 0.6428216 0.5630938 0.6698730 0.7364529 0.6889777 0.5841044 0.7964354 0.8797549 0.8509487 0.7861353 0.8915447 0.8418110 0.9422431 0.9368409 0.8422381 0.0000000 0.5238947 0.8729313 0.8672007 0.8449078 0.8446938 0.8397030 0.8403964 0.8377793 0.9668798 1.4893955 1.1006730 0.9390899 0.9734375 0.9794981 0.6190835 1.0123673 1.0206974 0.9948514 1.0479287 1.0618458 1.0591756 1.0848845 1.1698221 1.1845446 1.1780234 1.0966915 1.2030413 1.3836595 1.2205529 1.2347329 1.1096310 1.1817202 1.1201891 1.0593242 1.0076728 1.0108906 1.0327460 1.0766171 1.2100334 1.2652278 
Dpul_mRNA2570                                            0.6782401 0.6193131 0.5499314 0.5408001 0.5397667 0.5537409 0.7071796 0.6424034 0.6808191 0.6306285 0.6431232 0.6672779 0.5796945 0.6461489 0.6360154 0.6733959 0.7426820 0.7053388 0.7067626 0.7379730 0.7288596 0.7438626 0.6677225 0.5980778 0.6380659 0.6881409 0.6347558 0.7337454 0.7600008 0.8100903 0.7919601 0.8027638 0.8304790 0.7707005 0.9203129 0.7154554 0.8013949 0.5238947 0.0000000 0.8594659 0.8510179 0.8382091 0.8409018 0.8421444 0.8434835 0.8583658 0.9142854 1.3897011 1.0651046 0.9460623 0.9806298 0.9741162 0.6443132 0.9822233 0.9969599 0.9284938 0.9983857 1.0041369 1.0084029 1.0166870 1.0305486 1.0573834 1.1053059 1.0881804 1.2010187 1.3031882 1.1537401 1.1535345 1.0783882 1.1158866 1.1687405 1.0298873 0.9854750 0.9963244 0.9656085 0.9963104 1.2437387 1.2572018 
Tadh_TriadT55337                                         0.7945354 0.7540103 0.7088865 0.6901303 0.7161326 0.7016022 0.7113715 0.6704626 0.6298999 0.6809107 0.6514871 0.6579041 0.6039212 0.6459061 0.6350182 0.7085647 0.7225606 0.7159279 0.6647819 0.6820289 0.6875912 0.6924209 0.6446633 0.8164565 0.6694437 0.7259537 0.6770155 0.7406359 0.8538145 0.7988263 0.7947431 0.7637972 0.7798065 0.7220543 0.8962303 0.7485518 0.8040806 0.8729313 0.8594659 0.0000000 0.0063689 0.0931394 0.0997003 0.0872577 0.0888000 0.0833411 1.0123242 1.5025167 1.0893008 1.0160741 1.0564580 1.0433538 0.7415143 1.0047109 1.0709454 1.0638492 1.0678643 1.0454577 1.0764675 1.0846898 1.0708465 1.1233118 1.1640544 1.1063645 1.2465501 1.3613855 1.1965293 1.1771730 1.0711770 1.1173844 1.0787232 1.0609664 1.0242403 0.9172900 1.0405161 1.0233115 1.2718100 1.2088443 
TrH2_TrispH2_004893-RA                                   0.7849871 0.7259475 0.6887462 0.6735532 0.7020127 0.6804140 0.6865140 0.6472314 0.6361250 0.6557026 0.6349135 0.6406802 0.5887541 0.6297915 0.6194455 0.6858230 0.7092072 0.7041753 0.6492235 0.6627187 0.6683047 0.6905284 0.6341341 0.8014254 0.6499866 0.7040894 0.6600681 0.6412985 0.8187362 0.7820025 0.7781115 0.7458357 0.7675996 0.7111475 0.8767289 0.7545150 0.7824128 0.8672007 0.8510179 0.0063689 0.0000000 0.0848550 0.0898021 0.0780389 0.0794947 0.0742716 0.9844249 1.5025167 1.1206453 0.9880365 1.0284987 1.0086904 0.6843750 0.9767238 1.0404986 1.0340347 1.0679120 1.0514938 1.0814023 1.0821015 1.0491659 1.0923767 1.1219282 1.0751665 1.2222323 1.3343545 1.1732032 1.1518088 1.0430183 1.0859206 1.0731089 1.0320482 1.0047854 0.9072181 1.0025248 1.0084433 1.2658347 1.1871061 
HoiH06_mRNA2211                                          0.7685222 0.6772892 0.6511173 0.6390471 0.6646693 0.6340645 0.6864909 0.6371947 0.6216802 0.6431266 0.6273891 0.6298109 0.5865177 0.6300762 0.6142145 0.6780174 0.6927465 0.7025133 0.6388482 0.6548022 0.6533447 0.6887334 0.6133039 0.7817975 0.6524025 0.6959995 0.6512614 0.6403720 0.7905913 0.7658304 0.7620228 0.7266063 0.7730663 0.6909087 0.8717873 0.7268593 0.7695356 0.8449078 0.8382091 0.0931394 0.0848550 0.0000000 0.0211483 0.0291566 0.0278727 0.0430600 0.9815235 1.5187846 1.1341366 0.9914783 1.0310395 0.9965774 0.6961329 0.9875955 1.0419076 1.0217157 1.0535348 1.0341761 1.0824886 1.0742174 1.0618032 1.0948745 1.1347599 1.0570616 1.2005260 1.3322902 1.1881222 1.1608152 1.0609554 1.0767787 1.0454684 1.0117805 0.9785863 0.8770137 0.9909476 1.0180686 1.2430616 1.1500619 
HoiH23_PlH23_002570-RA                                   0.7722801 0.6914581 0.6616612 0.6397358 0.6768970 0.6532025 0.7035966 0.6472382 0.6390593 0.6561493 0.6371746 0.6381727 0.5932511 0.6416536 0.6270708 0.6797624 0.6905435 0.7090705 0.6411383 0.6569330 0.6511883 0.6910990 0.6180211 0.7852672 0.6524851 0.7019654 0.6554377 0.6403720 0.7840308 0.7838391 0.7736984 0.7394370 0.7879783 0.7078072 0.8811535 0.7024194 0.7782535 0.8446938 0.8409018 0.0997003 0.0898021 0.0211483 0.0000000 0.0292287 0.0279667 0.0461370 0.9797906 1.5087766 1.1286396 0.9878084 1.0314578 1.0008264 0.6961329 0.9865020 1.0385488 1.0320880 1.0679907 1.0503060 1.0932042 1.0994793 1.0660745 1.1016315 1.1436223 1.0578126 1.2001911 1.3288635 1.1903437 1.1637624 1.0646586 1.0745340 1.0483504 1.0052099 0.9813856 0.8660730 1.0069280 1.0205030 1.2628732 1.1589900 
Hhon_g02187.t1                                           0.7642661 0.6881743 0.6652284 0.6440141 0.6787472 0.6453768 0.6770932 0.6366886 0.6226495 0.6547158 0.6286294 0.6341221 0.5915003 0.6309712 0.6188957 0.6812633 0.6904903 0.7076055 0.6414694 0.6632397 0.6545662 0.6887399 0.6236235 0.7779784 0.6448274 0.6911776 0.6683117 0.6434951 0.7961508 0.7738010 0.7699822 0.7290154 0.7788482 0.6941636 0.8779695 0.7081289 0.7725294 0.8397030 0.8421444 0.0872577 0.0780389 0.0291566 0.0292287 0.0000000 0.0012193 0.0385257 0.9971781 1.5547809 1.1390547 1.0040181 1.0349545 1.0119450 0.7090272 0.9953709 1.0531271 1.0450540 1.0762524 1.0456086 1.0867746 1.0701158 1.0685416 1.0980235 1.1374844 1.0560106 1.1961752 1.3434686 1.1999332 1.1689277 1.0634199 1.0963492 1.0499791 1.0264600 1.0057391 0.8823473 1.0114105 1.0227779 1.2542191 1.1744177 
HoiH04_mRNA17670                                         0.7671567 0.6909272 0.6656997 0.6466662 0.6792165 0.6458103 0.6776260 0.6371126 0.6231551 0.6551973 0.6290458 0.6345524 0.5919029 0.6313845 0.6192966 0.6817324 0.6932092 0.7081130 0.6419023 0.6637067 0.6550153 0.6892263 0.6240298 0.7779784 0.6452772 0.6916669 0.6635182 0.6434951 0.7968444 0.7743911 0.7705675 0.7295559 0.7794468 0.6947153 0.8787451 0.7081289 0.7731249 0.8403964 0.8434835 0.0888000 0.0794947 0.0278727 0.0279667 0.0012193 0.0000000 0.0372130 0.9981457 1.5547809 1.1390547 1.0040181 1.0359965 1.0113865 0.7115777 0.9963878 1.0567539 1.0417424 1.0785947 1.0478824 1.0891287 1.0724345 1.0667580 1.1017890 1.1413582 1.0600613 1.2002267 1.3450692 1.1954949 1.1704145 1.0648721 1.0978196 1.0514265 1.0278916 1.0020128 0.8837157 1.0080594 1.0263269 1.2500047 1.1744177 
HoiH11_mRNA5977                                          0.7890679 0.6964275 0.6787843 0.6448257 0.6683463 0.6497380 0.6811707 0.6320113 0.6155623 0.6454227 0.6206738 0.6288721 0.5818280 0.6212066 0.6120510 0.6827542 0.7006067 0.6903840 0.6475878 0.6626478 0.6576136 0.6954450 0.6228452 0.7758446 0.6587487 0.6986087 0.6632637 0.6690753 0.7930072 0.7758863 0.7650171 0.7368494 0.7800040 0.7028881 0.8856320 0.7357650 0.7657414 0.8377793 0.8583658 0.0833411 0.0742716 0.0430600 0.0461370 0.0385257 0.0372130 0.0000000 0.9825403 1.5042104 1.1313728 0.9992647 1.0299996 0.9983801 0.7023412 0.9808895 1.0453914 1.0065089 1.0683381 1.0545958 1.0858163 1.0791088 1.0812627 1.1062561 1.1415497 1.0794233 1.2361026 1.3636322 1.1721999 1.1689348 1.0439983 1.0936897 1.0586425 1.0393866 0.9973424 0.8806259 1.0115752 1.0341486 1.2536094 1.1681437 
Mlei_ML1488.g2.i1                                        0.8833120 0.8452010 0.8502815 0.8201776 0.8588279 0.8855929 0.8810689 0.8244695 0.8344278 0.7859339 0.8173495 0.8178348 0.7794156 0.7990921 0.8023794 0.8510504 0.8624803 0.8583172 0.7990465 0.8005558 0.7925027 0.8537951 0.8313708 0.9895091 0.8189447 0.8855486 0.8560337 0.6505285 0.9314285 1.0135526 1.0006185 0.9694852 0.9848512 0.8835427 1.0611745 1.0165601 0.9937764 0.9668798 0.9142854 1.0123242 0.9844249 0.9815235 0.9797906 0.9971781 0.9981457 0.9825403 0.0000000 0.0040731 0.2349308 0.1714616 0.2247803 0.1978146 0.1934221 0.2279916 0.2151757 0.2215901 1.1525687 1.2007434 1.1851083 1.2069853 1.2257958 1.3024648 1.3200633 1.3516631 1.4375857 1.5162811 1.3493465 1.3507459 1.2693176 1.3304423 1.3006350 1.2125617 1.1491331 1.0699816 1.2848157 1.1527692 1.4416850 1.3298213 
