79
Hsap_ENST00000327031                               0.0000000 0.5673274 0.8612353 0.8713458 1.3167317 1.3116644 1.2280370 1.1369499 0.7051947 1.2295785 0.7680160 0.7748851 0.9597911 0.8927319 0.8307450 0.7992595 0.8399809 0.8998009 0.8041948 0.7330644 0.7002707 0.7219798 0.7276028 0.6623994 0.8782231 0.7683557 0.9066472 0.8495673 0.8429727 0.7993642 0.7600760 0.8373038 1.5831004 1.0492622 1.5932187 1.2465436 1.3056922 1.2811432 1.1317646 1.1044560 1.0848704 1.1070662 1.0909514 1.0861570 1.0834387 1.2655126 1.4445566 1.4644961 1.3944781 1.4147263 1.3598454 1.4976881 1.5619698 1.5323753 1.4469253 1.2325983 1.3964702 1.2682685 0.9460833 0.7075625 1.3031149 1.7999109 1.7797003 1.7798494 1.8118602 2.1435606 2.1510478 2.0574627 2.1492903 2.0297587 2.4117406 2.4491100 2.3805081 2.2127904 2.2090879 2.3212181 2.3861637 2.4308675 2.1352943 
Bralan_BLAG09000025_1                              0.5673274 0.0000000 0.8575611 0.8407849 1.2155262 1.2150138 1.2108823 1.1437441 0.5006637 1.1341512 0.7211793 0.7829515 0.9840708 0.8759526 0.7794531 0.7546681 0.8030585 0.8381411 0.7263562 0.7864898 0.7336132 0.7437244 0.6957148 0.6428236 0.8704073 0.8009104 0.8646394 0.8167482 0.8259564 0.7851136 0.7598175 0.8970702 1.6702302 1.0567824 1.5951773 1.2119192 1.2705730 1.2239399 1.0188210 1.0624439 1.0538885 1.0991655 1.0739079 1.0938829 1.0918290 1.1618917 1.4420827 1.4827619 1.3412226 1.3823204 1.4894306 1.4841937 1.6114912 1.4811287 1.4125263 1.3891778 1.3926013 1.3267411 0.9352233 0.7670905 1.2750085 1.7480400 1.7511348 1.8471505 1.7334414 2.2136294 2.2221957 2.1055872 2.2076019 1.9217864 2.3713909 2.3778774 2.2257078 2.2532922 2.3032641 2.3081901 2.3191977 2.4110958 2.1872012 
Dgig_XM_028557359.1                                0.8612353 0.8575611 0.0000000 0.1618621 1.2649593 1.2411448 1.3302423 1.2389724 0.5994731 1.2643316 0.6322264 0.6095418 0.8209135 0.7103981 0.6661959 0.6622806 0.6669436 0.7624540 0.6056650 0.9775398 0.9733492 1.0560884 0.9440147 0.8696289 0.7595431 0.6864685 0.8279881 0.7725609 0.7464184 0.7264542 0.9588415 1.0842288 1.7331036 1.1319757 1.6713020 1.3376773 1.3413681 1.4269345 1.2087029 1.2201650 1.2161333 1.2473286 1.2484505 1.2237778 1.2170975 1.3470153 1.5576187 1.5733649 1.4306288 1.4658986 1.5221994 1.5283246 1.6642280 1.4952964 1.4184037 1.4796450 1.5233254 1.3379389 0.8060757 0.9969138 1.4935039 1.9823584 1.8870573 2.1088297 1.9929481 2.3185579 2.3248648 2.2906438 2.4994153 2.0815022 2.5624745 2.6403919 2.8145233 2.3149137 2.2800618 2.3860776 2.3636139 2.5446276 2.2401898 
Xesp_016382-T1                                     0.8713458 0.8407849 0.1618621 0.0000000 1.2779376 1.2665264 1.3323619 1.2293635 0.5500826 1.2571538 0.6434929 0.6462563 0.8370646 0.7305083 0.6814239 0.6610369 0.6678019 0.7621380 0.6213488 1.0065611 0.9722387 1.0490887 0.9700421 0.8685375 0.7698312 0.7213725 0.8199265 0.7624595 0.7421081 0.7366299 0.9645028 1.0625268 1.8043000 1.0974660 1.6662225 1.3494296 1.3442908 1.4126919 1.1820298 1.2074067 1.1992619 1.2285346 1.2315361 1.2028982 1.1967422 1.2995398 1.5482359 1.5200121 1.3677414 1.4822988 1.5620284 1.5077016 1.6341043 1.5416106 1.4652573 1.5103927 1.5724796 1.3663032 0.8365036 0.9891288 1.4690822 2.0228980 1.8938482 2.0862261 1.9747757 2.3444808 2.3057921 2.2855183 2.4774251 2.0303171 2.5599423 2.6201488 2.7737262 2.3226245 2.3326125 2.4210952 2.3873228 2.5114547 2.2705103 
Aque_Aqu2.1.35935_001                              1.3167317 1.2155262 1.2649593 1.2779376 0.0000000 0.2428046 0.4005734 0.7258279 0.3909837 0.8084570 1.2626912 1.3595849 1.3863764 1.4162767 1.3491472 1.2960052 1.3069429 1.3470464 1.2195723 1.3686767 1.3715572 1.3493059 1.3004661 1.2384357 1.2247843 1.2536203 1.2873373 1.3062625 1.2563094 1.2412259 1.3900827 1.5009580 1.8379023 1.3312054 2.1628517 1.4726039 1.5128609 1.4575704 1.3455151 1.5200593 1.5150269 1.5073580 1.5019061 1.5023913 1.5033040 1.3969146 1.7072466 1.6553863 1.4882780 1.5879274 1.6535997 1.6619177 1.8436378 1.6920673 1.6109606 1.7652595 1.6759619 1.6380792 1.3672605 1.4392418 1.1557139 2.3067413 2.1351904 2.2160338 2.1863894 2.5355390 2.5083050 2.4894769 2.6054179 2.2244330 2.7409729 2.7676907 2.6751309 2.7187158 2.7364678 2.8251936 2.8004292 2.8033260 2.5852840 
Halamb_c52869_g2_i2m.34158                         1.3116644 1.2150138 1.2411448 1.2665264 0.2428046 0.0000000 0.2834443 0.7009575 0.3939241 0.7939319 1.1900231 1.3096836 1.4369583 1.3781895 1.3154861 1.2521960 1.2692590 1.3291380 1.2182480 1.3597409 1.4089581 1.3569522 1.2877931 1.2157993 1.2450979 1.2430415 1.2910258 1.2813450 1.2779663 1.2107334 1.3858962 1.5141025 1.6553901 1.2464881 2.0632433 1.3997025 1.4665979 1.4306333 1.3345825 1.5117858 1.4900624 1.4819580 1.4474856 1.5102424 1.5064880 1.3848038 1.7429637 1.6338801 1.4910489 1.6074358 1.6826582 1.6367682 1.8033397 1.6852156 1.5806904 1.8181638 1.7155322 1.6362682 1.3917225 1.4923093 1.1470813 2.2049984 2.0685992 2.2284244 2.1788790 2.4829326 2.5158224 2.4438911 2.5545151 2.1967369 2.6659700 2.6692135 2.6354083 2.7011632 2.7171685 2.7531137 2.8146687 2.7196153 2.5625192 
Xestes_maker-XT_scaffold1611-snap-gene-0.4-mRNA-1  1.2280370 1.2108823 1.3302423 1.3323619 0.4005734 0.2834443 0.0000000 0.7970336 0.0000010 0.8746246 1.3412154 1.3063184 1.4113306 1.4778787 1.3365126 1.2991695 1.3160857 1.3016838 1.2687193 1.3145111 1.3851924 1.3007933 1.2056474 1.2054159 1.3044549 1.0957699 1.3504943 1.3327086 1.3116239 1.3071355 1.3949591 1.3503387 1.5228566 1.3721930 1.7902962 1.4610593 1.5533093 1.4575742 1.3320530 1.3714555 1.3431678 1.3940029 1.3481009 1.4264333 1.4223289 1.3889103 1.8645111 1.9253901 1.6081030 1.8026110 1.8639897 1.7897022 2.0684827 1.6919801 1.6818910 1.9602404 1.7422396 1.7555930 1.4635332 1.4087892 1.0043721 2.0910839 1.9273240 2.1324706 2.3156848 2.3903116 2.4935794 2.5090308 2.4655011 2.1496977 2.4679639 2.7131117 2.6115611 2.6050808 2.5130262 2.7559463 2.9057747 2.7230961 2.6571040 
Tetwil_g22597.t2                                   1.1369499 1.1437441 1.2389724 1.2293635 0.7258279 0.7009575 0.7970336 0.0000000 0.3162195 0.5957160 1.1565550 1.2254850 1.2717819 1.2760455 1.2437401 1.2031766 1.2217234 1.2878721 1.1472211 1.3038769 1.2840448 1.2942515 1.2275955 1.1603731 1.1874969 1.1687836 1.2486198 1.2373508 1.1882900 1.1591119 1.2759872 1.3890472 1.6813965 1.1950308 2.0612960 1.3536047 1.4349044 1.3843666 1.2556714 1.4596818 1.4525829 1.4797233 1.4538825 1.4731415 1.4691856 1.3805021 1.7959589 1.6763384 1.3688223 1.6257465 2.0327592 1.7890150 1.9611212 1.7037840 1.6270589 1.9619773 1.7236613 1.6807445 1.3741592 1.2476085 1.1252552 2.1746142 1.9766691 1.9938477 2.0655241 2.4675894 2.3769804 2.3492604 2.5732527 2.2212631 2.6618266 2.5823666 2.6883493 2.5562743 2.6315693 2.6195089 2.6306158 2.5732118 2.5288879 
Stycar_maker-SC_scaffold44347-snap-gene-0.3-mRNA-1 0.7051947 0.5006637 0.5994731 0.5500826 0.3909837 0.3939241 0.0000010 0.3162195 0.0000000 0.4611767 0.5868391 0.0000010 0.0000010 0.0000010 2.9344690 0.5789990 0.6066210 0.6136983 0.5723699 0.6864687 0.6438791 0.6838205 0.5485028 0.6782511 0.6474334 0.0000010 0.6451456 0.6656986 0.6314022 0.6035279 0.6371348 0.7948284 0.0000010 0.5968055 1.2314525 0.8664176 0.7327471 0.7022554 0.6297191 0.7804817 0.7804817 0.7220991 0.7013279 0.6824180 0.6824180 1.3863382 0.8747564 0.8377776 0.8377776 0.8634509 0.0000010 0.8395400 0.9600831 1.0694816 1.0965996 0.0000010 0.0000010 0.0000010 2.7455946 8.9999983 0.0000010 1.6825830 1.8396850 2.7969841 1.6909926 2.8167066 2.1605124 2.4354044 1.9841960 2.3925025 2.7678161 0.0000010 2.5450307 3.9507891 4.0602529 4.7059584 2.9990133 3.5477600 0.0000010 
Spolac_c104825_g1_i2_m.43583c104825-g1             1.2295785 1.1341512 1.2643316 1.2571538 0.8084570 0.7939319 0.8746246 0.5957160 0.4611767 0.0000000 1.2064059 1.2819236 1.3466175 1.4005356 1.3732522 1.3042871 1.3144233 1.3737874 1.2609768 1.3461559 1.2813295 1.2628211 1.2276155 1.1499259 1.2379583 1.2074732 1.2589253 1.2668055 1.1940147 1.1871656 1.2830277 1.4297242 1.7760897 1.2668445 2.1435038 1.4723706 1.5146970 1.5458609 1.3153521 1.4766966 1.4526314 1.4650094 1.4673884 1.4684980 1.4647719 1.3672376 1.7399558 1.6313189 1.4738244 1.6039170 1.8250872 1.6848685 1.8256607 1.7100363 1.6458584 1.7333618 1.7124702 1.6234423 1.3886565 1.3347941 1.2340380 2.1285548 2.0482012 2.0725531 2.1078513 2.4060332 2.5534535 2.5529486 2.6559840 2.2922593 2.6658872 2.6860027 2.6771694 2.5737705 2.6779830 2.7585892 2.6700672 2.7694687 2.4923171 
Exapal_XM_021040261.2                              0.7680160 0.7211793 0.6322264 0.6434929 1.2626912 1.1900231 1.3412154 1.1565550 0.5868391 1.2064059 0.0000000 0.2515846 0.4780336 0.4049927 0.3540356 0.3198155 0.3427845 0.3807212 0.3681752 0.9039265 0.8388745 0.9456004 0.8713531 0.7984957 0.7768783 0.6927432 0.8054433 0.7432101 0.7301125 0.7056146 0.8521150 1.0012230 1.4943383 1.0686939 1.4823061 1.2060037 1.2667810 1.3362716 1.2269343 1.0922475 1.0885156 1.1083363 1.0982959 1.0736553 1.0705653 1.3018864 1.4937937 1.4954412 1.2596361 1.4238674 1.5087023 1.4343966 1.5732258 1.4768118 1.3796833 1.3755205 1.4493233 1.4917135 0.7943857 0.9173949 1.4867690 1.9387091 1.7839219 1.9231667 1.9100140 2.2748161 2.1871948 2.1291281 2.5120289 2.0695938 2.4885743 2.3625637 2.7849524 2.3436130 2.3033437 2.5745304 2.4645389 2.3691390 2.3432446 
Nvec_v1g192951                                     0.7748851 0.7829515 0.6095418 0.6462563 1.3595849 1.3096836 1.3063184 1.2254850 0.0000010 1.2819236 0.2515846 0.0000000 0.3531907 0.3175651 0.2714765 0.2605704 0.2952856 0.3458770 0.2585671 0.9580185 0.8286727 0.9291579 0.8114697 0.7486264 0.7708925 0.6798298 0.8090089 0.7238900 0.7346493 0.7222230 0.8869692 1.0414740 1.6637980 1.0939552 1.6103967 1.2747624 1.3476861 1.3709512 1.2231491 1.1349263 1.1051802 1.1773584 1.1306063 1.1349796 1.1267356 1.1808535 1.5282321 1.6363905 0.0000010 1.4181730 1.3956576 1.5056365 1.7998967 1.4843482 1.4025084 1.4098596 1.3530629 1.3096349 0.7717056 0.9102385 1.2552022 1.9831720 1.7621575 1.9176542 1.8616595 2.2647946 2.2871513 2.1814674 2.3253123 2.1918775 2.4993898 2.4618651 2.6056519 2.2429624 2.2720792 2.2578325 2.3303219 2.4361288 2.2932729 
Adig_XM_015897372.1                                0.9597911 0.9840708 0.8209135 0.8370646 1.3863764 1.4369583 1.4113306 1.2717819 0.0000010 1.3466175 0.4780336 0.3531907 0.0000000 0.1862195 0.1718582 0.1948377 0.1839941 0.2053697 0.0982851 1.0689147 0.9866379 1.0327725 1.0418572 0.9252639 0.9028940 0.7933055 0.8691213 0.8642893 0.8872573 0.9005795 1.0416252 1.2525286 1.7806560 1.1572666 4.7387076 1.5469073 1.5951893 1.4788595 1.3888012 1.2534261 1.2359299 1.2776475 1.1769684 1.2427114 1.2377806 1.2216862 1.7468373 2.0679488 0.0000010 1.6081026 2.5856297 2.0299647 2.2794434 1.7755665 1.5875379 1.4049800 1.3814120 1.5939384 0.9422447 1.0759064 1.2440595 2.1172055 1.8559042 1.9527127 1.9434857 2.3545861 2.3592543 2.3229317 2.4678854 2.1338555 2.4684519 2.4265308 2.5264636 2.6082497 2.6746013 2.3932393 2.5152680 2.5537770 2.5155956 
Gfas_gfas1.m1.9012.m1                              0.8927319 0.8759526 0.7103981 0.7305083 1.4162767 1.3781895 1.4778787 1.2760455 0.0000010 1.4005356 0.4049927 0.3175651 0.1862195 0.0000000 0.1382666 0.1505480 0.1604137 0.2407310 0.1484091 1.0266314 0.9424599 1.1030780 0.9257297 0.8608646 0.8401948 0.6458465 0.9235441 0.7983491 0.7838180 0.7953558 0.9846132 1.1558049 1.7292858 1.1380054 6.5206986 1.4379239 1.4772314 1.5782076 1.5397622 1.1975739 1.1840429 1.2229783 1.1485864 1.1595419 1.1476849 1.3780320 1.8108377 2.2335796 0.0000010 1.4981570 3.2247308 2.2755421 2.1525514 1.6337241 1.5247747 1.3698107 1.3975330 1.6306404 0.8762197 0.9089360 1.3301559 2.0893287 1.8480446 1.8655935 1.8496590 2.2343022 2.3073918 2.1685751 2.3259652 2.1887131 2.4683633 2.4618255 2.7392182 2.3640110 2.4474236 2.3731125 2.3596401 2.5653622 2.2105771 
Fspp_ffun1.m4.23265.m1                             0.8307450 0.7794531 0.6661959 0.6814239 1.3491472 1.3154861 1.3365126 1.2437401 2.9344690 1.3732522 0.3540356 0.2714765 0.1718582 0.1382666 0.0000000 0.0686363 0.1137765 0.1531553 0.1446424 0.9558500 0.8905980 0.9933637 0.8943294 0.8187784 0.7728767 0.6756512 0.7625076 0.7102565 0.7123181 0.7430811 0.9069407 1.0526184 1.6871437 1.1369768 1.4413051 1.3686437 1.4055032 1.4313603 1.2339657 1.1386424 1.1172547 1.1438758 1.1045338 1.0786534 1.0718887 1.2759454 1.6258736 1.6738068 1.6325435 1.4775423 1.4138107 1.6718373 1.6866050 1.5700681 1.4712910 1.3871925 1.4578870 1.3468557 0.8168319 0.9395930 1.3277302 1.9520620 1.7799299 1.9599264 1.8687656 2.4141131 2.2205887 2.1366916 2.4110595 2.0154330 2.5215236 2.4638878 2.6410415 2.3261003 2.3433591 2.2952108 2.3833675 2.3882453 2.3569265 
Gasp_gasp1.m3.8906.m1                              0.7992595 0.7546681 0.6622806 0.6610369 1.2960052 1.2521960 1.2991695 1.2031766 0.5789990 1.3042871 0.3198155 0.2605704 0.1948377 0.1505480 0.0686363 0.0000000 0.0845417 0.0967421 0.1475637 0.9109223 0.8409614 0.9301117 0.8590955 0.7901640 0.8002481 0.6151666 0.7257325 0.6874217 0.6871988 0.7087307 0.8622889 1.0002294 1.6672304 1.1048079 1.5125125 1.3115838 1.3595160 1.3620805 1.1382276 1.1013985 1.0988724 1.1280297 1.1189523 1.0900058 1.0816180 1.2668946 1.5223974 1.4814479 1.2659700 1.3969498 1.4483664 1.4453721 1.5115073 1.5218827 1.4442878 1.4299862 1.4855130 1.3687217 0.8947367 0.9009065 1.1779083 1.8664301 1.7716001 1.9153816 1.8587990 2.2947354 2.1406823 2.0759034 2.2744782 2.0079576 2.4224708 2.4255872 2.5827929 2.3721691 2.3269285 2.4821707 2.4000584 2.4131597 2.3414014 
Spis_XP_022780305_1                                0.8399809 0.8030585 0.6669436 0.6678019 1.3069429 1.2692590 1.3160857 1.2217234 0.6066210 1.3144233 0.3427845 0.2952856 0.1839941 0.1604137 0.1137765 0.0845417 0.0000000 0.0301153 0.1682202 0.9386830 0.9185603 0.9433209 0.8748045 0.8146696 0.7968354 0.6827614 0.7126068 0.7019136 0.7153940 0.7112922 0.9153791 1.0556870 1.7107687 1.0792473 1.5644637 1.3586376 1.3949396 1.3531892 1.1962905 1.1632268 1.1502714 1.1719887 1.1517531 1.1348095 1.1263230 1.2868831 1.5399615 1.5102510 1.2791419 1.4574641 1.5044424 1.5107713 1.4414329 1.5324511 1.4548426 1.3729296 1.4514777 1.3777936 0.8728471 0.9962912 1.3673600 2.0031326 1.8323678 1.9661020 1.8869560 2.3877052 2.2670747 2.2209437 2.4714547 2.0274608 2.4870823 2.6388827 2.7001918 2.3942012 2.4328184 2.5425843 2.4971284 2.4732206 2.4157544 
Pocdam_XM_027197459.1                              0.8998009 0.8381411 0.7624540 0.7621380 1.3470464 1.3291380 1.3016838 1.2878721 0.6136983 1.3737874 0.3807212 0.3458770 0.2053697 0.2407310 0.1531553 0.0967421 0.0301153 0.0000000 0.1878767 0.9805347 0.9415924 0.9789040 0.9741504 0.8909105 0.8573859 0.9353672 0.7993586 0.8067916 0.8451583 0.8271946 0.9041510 1.0196889 1.8643866 1.1384073 1.5064258 1.4470079 1.4954987 1.4123133 1.1413177 1.1488041 1.1274917 1.1572021 1.1248565 1.1382225 1.1334645 1.2481745 1.4884003 1.4991227 1.2603386 1.5241923 1.4759160 1.4770919 1.5207498 1.4748899 1.4807795 1.3465097 1.5582644 1.3615183 1.0355800 1.2613598 1.3724229 2.0300131 1.8564366 2.2766995 2.0763366 2.5098987 2.3202301 2.4197796 2.6803063 2.0999387 2.5411577 2.9284053 2.6918140 2.6635732 2.6782418 2.8464445 2.7607647 2.5914102 2.8707095 
Amil_Amillepora14400-RA                            0.8041948 0.7263562 0.6056650 0.6213488 1.2195723 1.2182480 1.2687193 1.1472211 0.5723699 1.2609768 0.3681752 0.2585671 0.0982851 0.1484091 0.1446424 0.1475637 0.1682202 0.1878767 0.0000000 0.8846008 0.8505644 0.9301680 0.8317436 0.8031346 0.7325789 0.6184492 0.7108919 0.6684781 0.6325806 0.7217068 0.9186924 1.0424095 1.7378872 1.0600472 1.5448570 1.2428800 1.2875057 1.2609081 1.1622387 1.0780275 1.0676101 1.0888465 1.0788279 1.0638370 1.0569384 1.3524749 1.4683077 1.4196408 1.3737659 1.3624606 1.3805043 1.4419273 1.3956389 1.4937000 1.4076903 1.5858731 1.3594300 1.2721093 0.8067209 0.9216607 1.2736102 1.9235335 1.8277342 1.8748904 1.7801476 2.3772826 2.1438626 2.1308197 2.4333481 2.0186012 2.5685811 2.5046733 2.6621476 2.2481912 2.3451011 2.4708665 2.4012491 2.4952062 2.3024224 
Ctel_gnl_WGS_AMQN_CAPTEDRAFT_mRNA151582            0.7330644 0.7864898 0.9775398 1.0065611 1.3686767 1.3597409 1.3145111 1.3038769 0.6864687 1.3461559 0.9039265 0.9580185 1.0689147 1.0266314 0.9558500 0.9109223 0.9386830 0.9805347 0.8846008 0.0000000 0.5741095 0.5567726 0.8424811 0.6949708 0.9387534 0.9033533 0.9756244 0.9423443 0.9165853 0.9111590 0.7229829 0.9068305 1.7356805 1.1819017 1.6104256 1.3394691 1.3810628 1.3525491 1.1509981 1.2403033 1.2110994 1.2498461 1.2603957 1.2292560 1.2263589 1.3806071 1.5403924 1.5197570 1.3626247 1.5012911 1.6847759 1.6047785 1.7060210 1.5868564 1.5141739 1.4691444 1.5315411 1.4123411 1.0728147 0.8015472 1.4225223 1.8449754 1.8674229 2.1447560 1.9046937 2.3034023 2.2699488 2.2998236 2.3733112 2.0586856 2.5562340 2.4807207 2.6012990 2.4063513 2.3763525 2.4829006 2.4339380 2.5203528 2.2274067 
Cgig_XM_034458990.1                                0.7002707 0.7336132 0.9733492 0.9722387 1.3715572 1.4089581 1.3851924 1.2840448 0.6438791 1.2813295 0.8388745 0.8286727 0.9866379 0.9424599 0.8905980 0.8409614 0.9185603 0.9415924 0.8505644 0.5741095 0.0000000 0.3874989 0.7834660 0.6784182 0.9194184 0.8662369 0.9329245 0.9062405 0.9106428 0.8771289 0.6668865 0.8502633 1.5593828 1.0836378 1.6619112 1.3475331 1.3640686 1.3276462 1.2191214 1.1842898 1.1800703 1.2154407 1.2088732 1.1777815 1.1719842 1.3311096 1.5555880 1.5448215 1.4511024 1.4533832 1.6347458 1.6333078 1.7014915 1.5925251 1.5172912 1.4043136 1.4716532 1.3964487 1.0068270 0.7868025 1.5341057 1.9131182 1.8897824 2.0447165 1.7887324 2.3237424 2.3296418 2.2916884 2.3827221 2.1308606 2.6011313 2.6969719 2.7438191 2.4107810 2.4571728 2.5167098 2.4995158 2.4329530 2.2772673 
Acagra_model.g4501.t1_model.g4503.t1               0.7219798 0.7437244 1.0560884 1.0490887 1.3493059 1.3569522 1.3007933 1.2942515 0.6838205 1.2628211 0.9456004 0.9291579 1.0327725 1.1030780 0.9933637 0.9301117 0.9433209 0.9789040 0.9301680 0.5567726 0.3874989 0.0000000 0.8189900 0.6442861 0.9420309 0.9548512 0.9284612 0.9286268 0.9571931 0.8925522 0.7089438 0.8633437 1.6016849 1.0741071 1.6328029 1.3337934 1.3970766 1.3427608 1.1076357 1.1197986 1.1101662 1.1384589 1.1257019 1.1262869 1.1300268 1.2470681 1.4419012 1.4296179 1.3359299 1.4499116 1.4778186 1.5727105 1.5894908 1.5640925 1.4897953 1.3913828 1.3794925 1.3709840 1.0380289 0.8251749 1.5916169 1.8942622 1.8188755 2.1468430 1.8596922 2.5424776 2.3571510 2.3447780 2.5580263 2.1028739 2.7502259 2.8658091 2.5603459 2.5286944 2.6064292 2.6563406 2.6590216 2.5348023 2.3679894 
Spur_XM_030991426.1                                0.7276028 0.6957148 0.9440147 0.9700421 1.3004661 1.2877931 1.2056474 1.2275955 0.5485028 1.2276155 0.8713531 0.8114697 1.0418572 0.9257297 0.8943294 0.8590955 0.8748045 0.9741504 0.8317436 0.8424811 0.7834660 0.8189900 0.0000000 0.5719732 0.9721532 0.7662955 0.9199681 0.8693313 0.8526773 0.8081468 0.8403332 0.9688399 1.6284653 1.0983025 1.7134730 1.3152815 1.3441608 1.2874769 1.1207325 1.1459074 1.1165282 1.1124556 1.1258480 1.1328202 1.1300461 1.2916281 1.4057691 1.3781504 1.1607774 1.3489808 1.6044416 1.3975885 1.5073637 1.4585061 1.3919439 1.4447518 1.4368355 1.3426847 1.0594469 0.8372216 1.4024243 1.9249224 1.8982243 1.9610962 1.8159196 2.2684692 2.1692521 2.1603639 2.2571806 1.9935113 2.4545135 2.5754080 2.5695687 2.3580395 2.4631324 2.3259276 2.4713354 2.4472261 2.2492500 
Skow_XM_006817612.1                                0.6623994 0.6428236 0.8696289 0.8685375 1.2384357 1.2157993 1.2054159 1.1603731 0.6782511 1.1499259 0.7984957 0.7486264 0.9252639 0.8608646 0.8187784 0.7901640 0.8146696 0.8909105 0.8031346 0.6949708 0.6784182 0.6442861 0.5719732 0.0000000 0.8741761 0.7211647 0.8641006 0.8254618 0.8385029 0.7580300 0.7480360 0.8602285 1.6902868 1.0670828 1.6054406 1.2511973 1.3281341 1.2389025 1.1058337 1.0878753 1.0711063 1.1228054 1.1094656 1.1146315 1.1119050 1.2001480 1.4224517 1.3852239 1.2241587 1.3252572 1.6605576 1.4940699 1.5436951 1.3892443 1.3120675 1.4329916 1.3160628 1.3139513 0.9798023 0.7448692 1.3284556 1.8454336 1.7831265 1.8604076 1.6987012 2.1883543 2.1676178 2.1526655 2.2434980 2.0210052 2.4136364 2.4711355 2.4980776 2.2018464 2.3385096 2.3971545 2.3309226 2.3576171 2.1941090 
Chem_TCONS_00014937                                0.8782231 0.8704073 0.7595431 0.7698312 1.2247843 1.2450979 1.3044549 1.1874969 0.6474334 1.2379583 0.7768783 0.7708925 0.9028940 0.8401948 0.7728767 0.8002481 0.7968354 0.8573859 0.7325789 0.9387534 0.9194184 0.9420309 0.9721532 0.8741761 0.0000000 0.4841009 0.5132107 0.5081378 0.4748360 0.4612546 0.9339503 1.0433707 1.8885767 1.1183523 1.6741212 1.3115151 1.3088510 1.3037490 1.2246602 1.1809971 1.1886398 1.1940649 1.2189720 1.1753290 1.1691086 1.2815077 1.5202022 1.5507930 1.4458948 1.4456224 1.4638296 1.5526439 1.7429214 1.4859163 1.4205610 1.2346020 1.4829482 1.3882092 0.3266569 0.9274888 1.3453274 1.8788305 1.8023004 1.8914508 1.8584604 2.3200423 2.1799473 2.1908315 2.3742294 2.0638385 2.4071900 2.4481792 2.6345848 2.3389552 2.4209096 2.5208312 2.4344086 2.3969880 2.1366530 
Aaur_scaffold452.g7.t4                             0.7683557 0.8009104 0.6864685 0.7213725 1.2536203 1.2430415 1.0957699 1.1687836 0.0000010 1.2074732 0.6927432 0.6798298 0.7933055 0.6458465 0.6756512 0.6151666 0.6827614 0.9353672 0.6184492 0.9033533 0.8662369 0.9548512 0.7662955 0.7211647 0.4841009 0.0000000 0.1627946 0.1564734 0.1974615 0.3495636 0.8958467 1.1359189 1.3979940 1.0274628 1.4683612 1.1524181 1.2389385 1.1993319 1.1482258 1.0828083 1.0389029 1.1097807 1.0904166 1.1135679 1.1030040 1.2472998 1.7789368 2.0642146 0.0000010 1.4528721 1.5380160 2.0379883 2.3455474 1.5575785 1.4206036 1.1694319 1.5988921 1.4334017 0.5408718 0.8798693 1.3171668 1.7705016 1.7877005 1.7390418 1.7070407 2.1109262 2.0164316 1.9626812 1.9588647 1.9929396 2.1308001 2.1893503 2.0587120 2.1071878 2.2383198 2.1375555 2.2705399 2.3249893 2.0176865 
Nemnom_g10234.t1                                   0.9066472 0.8646394 0.8279881 0.8199265 1.2873373 1.2910258 1.3504943 1.2486198 0.6451456 1.2589253 0.8054433 0.8090089 0.8691213 0.9235441 0.7625076 0.7257325 0.7126068 0.7993586 0.7108919 0.9756244 0.9329245 0.9284612 0.9199681 0.8641006 0.5132107 0.1627946 0.0000000 0.0545964 0.2269164 0.4204710 0.9951369 1.1040745 1.6466144 1.1337929 1.5514366 1.3427633 1.3344594 1.3265534 1.1176951 1.2176684 1.1909180 1.2231816 1.2011837 1.2375272 1.2343019 1.3806729 1.6445465 1.5275324 1.3776207 1.5356743 1.5155123 1.5891551 1.5929340 1.6050011 1.5059241 1.5061370 1.5947397 1.4448318 0.6479126 1.1141591 1.5958068 1.8998299 1.9601524 1.9035502 1.9016643 2.4751529 2.3614149 2.3470440 2.3584226 2.0286271 2.5417565 2.8524762 2.5854828 2.4473876 2.5888208 2.6161087 2.5808845 2.5077862 2.3986396 
Rhoesc_Res_014016-T1                               0.8495673 0.8167482 0.7725609 0.7624595 1.3062625 1.2813450 1.3327086 1.2373508 0.6656986 1.2668055 0.7432101 0.7238900 0.8642893 0.7983491 0.7102565 0.6874217 0.7019136 0.8067916 0.6684781 0.9423443 0.9062405 0.9286268 0.8693313 0.8254618 0.5081378 0.1564734 0.0545964 0.0000000 0.2169248 0.4058634 0.9534705 1.0825846 1.6389958 1.1005063 1.5851550 1.3144423 1.3118141 1.3447175 1.1311990 1.1549023 1.1372195 1.1715722 1.1669738 1.1815521 1.1749783 1.3890821 1.6026491 1.5023669 1.4063000 1.5041439 1.4768624 1.5709943 1.5864825 1.5562737 1.4757492 1.3895068 1.5578803 1.3874259 0.6210379 0.9367118 1.5936694 1.8362962 1.9072282 1.9188387 1.8831148 2.4068592 2.2193718 2.1770736 2.2441994 2.0062347 2.4499410 2.5386476 2.6222764 2.3051799 2.4358280 2.4520219 2.3901647 2.4408570 2.1690656 
Sanmal_Sma_012879-T1                               0.8429727 0.8259564 0.7464184 0.7421081 1.2563094 1.2779663 1.3116239 1.1882900 0.6314022 1.1940147 0.7301125 0.7346493 0.8872573 0.7838180 0.7123181 0.6871988 0.7153940 0.8451583 0.6325806 0.9165853 0.9106428 0.9571931 0.8526773 0.8385029 0.4748360 0.1974615 0.2269164 0.2169248 0.0000000 0.3941274 0.9487718 1.0852855 1.5914849 1.1125495 1.5213874 1.2754944 1.2736839 1.2962467 1.2017817 1.1829154 1.1624785 1.2053584 1.2077757 1.1959005 1.1892784 1.4212833 1.6149206 1.5039866 1.4360217 1.4839515 1.4543576 1.5756383 1.5818573 1.5335088 1.4603419 1.3444603 1.5591725 1.4149640 0.5879604 0.9840204 1.5348377 1.8360951 1.9041778 1.8616288 1.8298264 2.3715484 2.1789999 2.1661461 2.2422526 2.0478298 2.3524070 2.4833849 2.6009718 2.2777621 2.4070324 2.3421452 2.4302906 2.4005033 2.1088888 
Morvir_scaffold418.g5.t1                           0.7993642 0.7851136 0.7264542 0.7366299 1.2412259 1.2107334 1.3071355 1.1591119 0.6035279 1.1871656 0.7056146 0.7222230 0.9005795 0.7953558 0.7430811 0.7087307 0.7112922 0.8271946 0.7217068 0.9111590 0.8771289 0.8925522 0.8081468 0.7580300 0.4612546 0.3495636 0.4204710 0.4058634 0.3941274 0.0000000 0.9192755 0.9887335 1.7909402 1.0953829 1.6886520 1.2475734 1.2774295 1.2752952 1.1496101 1.1590792 1.1326179 1.1277233 1.1295204 1.1300555 1.1237549 1.2626199 1.5743930 1.5339372 1.2931430 1.4438353 1.5417626 1.4809988 1.5954747 1.4999892 1.4189197 1.1575365 1.4865329 1.3858428 0.5303874 0.9087261 1.4141932 1.8106606 1.8292026 1.8450523 1.8015340 2.2750930 2.1619458 2.1056214 2.2126861 1.9699823 2.2993075 2.5272444 2.6305116 2.2374767 2.3273366 2.3558421 2.4508650 2.3426892 2.2268984 
Tcas_TC012416_001                                  0.7600760 0.7598175 0.9588415 0.9645028 1.3900827 1.3858962 1.3949591 1.2759872 0.6371348 1.2830277 0.8521150 0.8869692 1.0416252 0.9846132 0.9069407 0.8622889 0.9153791 0.9041510 0.9186924 0.7229829 0.6668865 0.7089438 0.8403332 0.7480360 0.9339503 0.8958467 0.9951369 0.9534705 0.9487718 0.9192755 0.0000000 0.6793073 1.5739752 1.1367363 1.6739333 1.2967952 1.3725350 1.2746465 1.1969152 1.2030357 1.1841506 1.1927108 1.2105381 1.1894314 1.1874881 1.3504702 1.5123164 1.4864718 1.3761808 1.3633981 1.4024751 1.5253824 1.5789313 1.5384739 1.4629269 1.2873277 1.5085402 1.3647804 1.0324449 0.6260505 1.4490239 1.8830483 1.8426360 1.9903191 1.8633293 2.3150819 2.1796692 2.2107484 2.3604318 2.0643293 2.4589303 2.4996456 2.5678186 2.4035400 2.4092830 2.4670258 2.5586727 2.3613210 2.1475715 
Dpul_mRNA386                                       0.8373038 0.8970702 1.0842288 1.0625268 1.5009580 1.5141025 1.3503387 1.3890472 0.7948284 1.4297242 1.0012230 1.0414740 1.2525286 1.1558049 1.0526184 1.0002294 1.0556870 1.0196889 1.0424095 0.9068305 0.8502633 0.8633437 0.9688399 0.8602285 1.0433707 1.1359189 1.1040745 1.0825846 1.0852855 0.9887335 0.6793073 0.0000000 1.7496640 1.2144945 1.5638484 1.4140445 1.4760027 1.3527778 1.1901137 1.2152461 1.2147321 1.2269897 1.2523008 1.2154259 1.2107396 1.3445206 1.5156955 1.4779988 1.3542432 1.4670089 1.3973588 1.5024263 1.5831201 1.5447170 1.5116682 1.2705845 1.6408674 1.3662696 1.1948904 0.9322085 1.3664603 1.8784976 1.7815103 1.8885979 1.7982016 2.2597103 2.1314255 2.1617498 2.2951519 2.0770579 2.3977604 2.4659220 2.4467951 2.2838654 2.2892721 2.4303785 2.4514446 2.2940386 2.2394185 
Ocar_g7929                                         1.5831004 1.6702302 1.7331036 1.8043000 1.8379023 1.6553901 1.5228566 1.6813965 0.0000010 1.7760897 1.4943383 1.6637980 1.7806560 1.7292858 1.6871437 1.6672304 1.7107687 1.8643866 1.7378872 1.7356805 1.5593828 1.6016849 1.6284653 1.6902868 1.8885767 1.3979940 1.6466144 1.6389958 1.5914849 1.7909402 1.5739752 1.7496640 0.0000000 0.2851311 1.9276345 1.4872780 1.5841933 1.6026341 1.2093602 1.8212184 1.8504074 1.9495994 1.9781997 1.9175483 1.9043532 1.0882578 2.1661618 0.0000010 0.0000010 2.1962525 0.0000010 0.0000010 0.0000010 2.2304863 2.0728460 1.9330397 2.2569366 1.4067173 1.9458756 1.7435867 1.4760436 2.4605649 2.4520075 2.8602181 2.5061942 2.6750410 2.9563637 2.8764546 2.9256321 3.0367392 3.2058300 3.6078788 3.1488800 2.7921496 2.9484527 2.5777803 3.0590954 2.9260581 3.1046912 
Opea_EP00118_Oscarella_pearsei_P006460             1.0492622 1.0567824 1.1319757 1.0974660 1.3312054 1.2464881 1.3721930 1.1950308 0.5968055 1.2668445 1.0686939 1.0939552 1.1572666 1.1380054 1.1369768 1.1048079 1.0792473 1.1384073 1.0600472 1.1819017 1.0836378 1.0741071 1.0983025 1.0670828 1.1183523 1.0274628 1.1337929 1.1005063 1.1125495 1.0953829 1.1367363 1.2144945 0.2851311 0.0000000 1.6096117 1.1742572 1.2096004 1.2109089 1.0922195 1.3631609 1.3604529 1.3632294 1.3506118 1.3635049 1.3593075 0.7834363 1.6928068 1.6102239 1.4812929 1.6246175 1.9271621 1.5742168 1.7579254 1.7136979 1.6268536 1.7042769 1.7349744 1.6211237 1.3141644 1.1427881 1.3165261 2.0354807 1.9706577 2.1354144 1.9604129 2.3437724 2.3749973 2.3732735 2.5490213 2.0362519 2.6340643 2.8337958 2.8477323 2.3755910 2.4789999 2.5278556 2.4233827 2.5029472 2.3963931 
Scil_scict016336.1                                 1.5932187 1.5951773 1.6713020 1.6662225 2.1628517 2.0632433 1.7902962 2.0612960 1.2314525 2.1435038 1.4823061 1.6103967 4.7387076 6.5206986 1.4413051 1.5125125 1.5644637 1.5064258 1.5448570 1.6104256 1.6619112 1.6328029 1.7134730 1.6054406 1.6741212 1.4683612 1.5514366 1.5851550 1.5213874 1.6886520 1.6739333 1.5638484 1.9276345 1.6096117 0.0000000 0.5266745 0.5174985 0.5598283 0.9117083 1.8297776 1.8728350 1.8175101 1.8471042 1.7641018 1.7641018 1.6196377 2.1140938 2.1438341 2.3050389 2.2311451 1.9440743 2.2177137 2.2572397 2.1309019 2.1484336 1.3586090 2.2356588 1.6941036 1.8984593 2.4872946 1.4622786 2.2858020 2.4278502 3.3151639 2.6341345 3.2109827 3.2839149 3.4830639 3.3302167 2.6993172 3.6724465 4.4100820 4.1794434 3.2501793 3.1198709 3.1527444 3.2053570 2.8576814 3.7271748 
Lcom_lcpid17414                                    1.2465436 1.2119192 1.3376773 1.3494296 1.4726039 1.3997025 1.4610593 1.3536047 0.8664176 1.4723706 1.2060037 1.2747624 1.5469073 1.4379239 1.3686437 1.3115838 1.3586376 1.4470079 1.2428800 1.3394691 1.3475331 1.3337934 1.3152815 1.2511973 1.3115151 1.1524181 1.3427633 1.3144423 1.2754944 1.2475734 1.2967952 1.4140445 1.4872780 1.1742572 0.5266745 0.0000000 0.3032729 0.3224075 0.6239997 1.4502670 1.4352304 1.4528144 1.4650631 1.4311839 1.4291936 1.4330303 1.8670289 1.8864436 1.6990177 1.6306685 2.1024356 1.9149182 2.0492966 1.8004192 1.7024570 1.9246967 1.8611942 1.7312958 1.4286468 1.3657676 1.4825042 2.1402147 2.0112178 2.1136808 2.1271486 2.3826177 2.5544329 2.4044887 2.5503497 2.1525502 2.7444962 2.7141631 2.9334592 2.4451130 2.4768982 2.5033746 2.5097334 2.6668524 2.5920197 
Gracom_Gcom_C561192_01                             1.3056922 1.2705730 1.3413681 1.3442908 1.5128609 1.4665979 1.5533093 1.4349044 0.7327471 1.5146970 1.2667810 1.3476861 1.5951893 1.4772314 1.4055032 1.3595160 1.3949396 1.4954987 1.2875057 1.3810628 1.3640686 1.3970766 1.3441608 1.3281341 1.3088510 1.2389385 1.3344594 1.3118141 1.2736839 1.2774295 1.3725350 1.4760027 1.5841933 1.2096004 0.5174985 0.3032729 0.0000000 0.3485408 0.6852199 1.4933120 1.4885978 1.5585877 1.5352078 1.5306917 1.5249122 1.4356722 1.9394032 1.9292571 1.7042704 1.7256884 2.1302969 1.8502516 1.9263511 1.8499286 1.7503476 1.8620003 1.9391417 1.6876766 1.4186561 1.4197120 1.5177173 2.1441133 2.0695589 2.1285268 2.0571317 2.3767800 2.4857566 2.3521074 2.5759167 2.2510481 2.7615276 2.7358768 3.0768179 2.4467129 2.5694178 2.5071039 2.4876338 2.6606732 2.5930711 
Leuniv_Lniv_scaffold19040_01                       1.2811432 1.2239399 1.4269345 1.4126919 1.4575704 1.4306333 1.4575742 1.3843666 0.7022554 1.5458609 1.3362716 1.3709512 1.4788595 1.5782076 1.4313603 1.3620805 1.3531892 1.4123133 1.2609081 1.3525491 1.3276462 1.3427608 1.2874769 1.2389025 1.3037490 1.1993319 1.3265534 1.3447175 1.2962467 1.2752952 1.2746465 1.3527778 1.6026341 1.2109089 0.5598283 0.3224075 0.3485408 0.0000000 0.6198686 1.4696584 1.4612899 1.4447128 1.4643379 1.4725230 1.4689767 1.4547510 1.8846808 1.8501616 1.6605294 1.8160683 2.0411294 1.8693404 2.0309046 1.8079268 1.8230080 1.9856721 1.9202013 1.7572048 1.4427723 1.4806815 1.4456477 2.0372020 2.0206432 2.2135637 2.1016876 2.4573072 2.5270179 2.4980423 2.7383481 2.2201026 2.8380665 3.1672568 2.9298155 2.4097355 2.6489178 2.6800483 2.7632778 2.6106756 2.5788588 
Clacor_Ccor_scaffold3652_01                        1.1317646 1.0188210 1.2087029 1.1820298 1.3455151 1.3345825 1.3320530 1.2556714 0.6297191 1.3153521 1.2269343 1.2231491 1.3888012 1.5397622 1.2339657 1.1382276 1.1962905 1.1413177 1.1622387 1.1509981 1.2191214 1.1076357 1.1207325 1.1058337 1.2246602 1.1482258 1.1176951 1.1311990 1.2017817 1.1496101 1.1969152 1.1901137 1.2093602 1.0922195 0.9117083 0.6239997 0.6852199 0.6198686 0.0000000 1.3137483 1.2973288 1.3884182 1.3876344 1.3599943 1.3611036 1.2101619 1.6808333 1.7422481 1.5604952 1.7512115 1.6814834 1.6907074 1.8702094 1.7367266 1.7515219 1.3702184 1.7197436 1.5587672 1.4555489 1.3097963 1.1690234 1.9343585 1.9541753 2.1010780 2.1276603 2.4794120 2.4040928 2.3906260 2.5759943 2.1872867 2.7701752 3.2693513 2.8237970 2.6065953 2.6480012 2.7066934 2.5652926 2.4746829 2.3851510 
Tadh_TriadT31139                                   1.1044560 1.0624439 1.2201650 1.2074067 1.5200593 1.5117858 1.3714555 1.4596818 0.7804817 1.4766966 1.0922475 1.1349263 1.2534261 1.1975739 1.1386424 1.1013985 1.1632268 1.1488041 1.0780275 1.2403033 1.1842898 1.1197986 1.1459074 1.0878753 1.1809971 1.0828083 1.2176684 1.1549023 1.1829154 1.1590792 1.2030357 1.2152461 1.8212184 1.3631609 1.8297776 1.4502670 1.4933120 1.4696584 1.3137483 0.0000000 0.0080928 0.2462983 0.2559703 0.2477925 0.2502297 1.5018707 1.7531892 1.7851321 1.5584619 1.6812946 1.8267887 1.6907383 1.9168381 1.6486245 1.6147712 1.3867953 1.7934978 1.5561509 1.2714148 1.3017226 1.4801318 2.1657019 1.9802216 2.1053621 2.0734883 2.6049552 2.4164071 2.3796141 2.4181027 2.0829160 2.5514111 2.4920304 2.7124579 2.5025116 2.5840640 2.5094679 2.6112184 2.4809195 2.3095510 
TrH2_TrispH2_006167-RA                             1.0848704 1.0538885 1.2161333 1.1992619 1.5150269 1.4900624 1.3431678 1.4525829 0.7804817 1.4526314 1.0885156 1.1051802 1.2359299 1.1840429 1.1172547 1.0988724 1.1502714 1.1274917 1.0676101 1.2110994 1.1800703 1.1101662 1.1165282 1.0711063 1.1886398 1.0389029 1.1909180 1.1372195 1.1624785 1.1326179 1.1841506 1.2147321 1.8504074 1.3604529 1.8728350 1.4352304 1.4885978 1.4612899 1.2973288 0.0080928 0.0000000 0.2422830 0.2549339 0.2489651 0.2511295 1.5203996 1.7451256 1.8065685 1.5907513 1.6771477 1.8267887 1.7146823 1.9333864 1.6557450 1.6214034 1.2976566 1.7680851 1.5331920 1.2838505 1.2754978 1.4634958 2.1262402 1.9784538 2.0540228 2.0485417 2.5675193 2.4077466 2.3824168 2.3865496 2.0833611 2.5263200 2.4397965 2.6906319 2.5035147 2.5794141 2.5097269 2.5741306 2.4850579 2.2681053 
HoiH06_mRNA8254                                    1.1070662 1.0991655 1.2473286 1.2285346 1.5073580 1.4819580 1.3940029 1.4797233 0.7220991 1.4650094 1.1083363 1.1773584 1.2776475 1.2229783 1.1438758 1.1280297 1.1719887 1.1572021 1.0888465 1.2498461 1.2154407 1.1384589 1.1124556 1.1228054 1.1940649 1.1097807 1.2231816 1.1715722 1.2053584 1.1277233 1.1927108 1.2269897 1.9495994 1.3632294 1.8175101 1.4528144 1.5585877 1.4447128 1.3884182 0.2462983 0.2422830 0.0000000 0.0446851 0.1132550 0.1118285 1.5500599 1.6968869 1.6823299 1.4405297 1.6789496 1.7217125 1.6863505 1.7794882 1.6607702 1.6225141 1.4008798 1.7622930 1.6399429 1.3192612 1.2692951 1.4238787 2.0944659 1.9721213 2.1043022 2.0245908 2.4906256 2.4277631 2.4279801 2.4381554 2.0377968 2.5263169 2.4545140 2.6447220 2.4891537 2.5594030 2.4881023 2.6158572 2.6130366 2.3054247 
HoiH23_PlH23_004076-RA                             1.0909514 1.0739079 1.2484505 1.2315361 1.5019061 1.4474856 1.3481009 1.4538825 0.7013279 1.4673884 1.0982959 1.1306063 1.1769684 1.1485864 1.1045338 1.1189523 1.1517531 1.1248565 1.0788279 1.2603957 1.2088732 1.1257019 1.1258480 1.1094656 1.2189720 1.0904166 1.2011837 1.1669738 1.2077757 1.1295204 1.2105381 1.2523008 1.9781997 1.3506118 1.8471042 1.4650631 1.5352078 1.4643379 1.3876344 0.2559703 0.2549339 0.0446851 0.0000000 0.1206153 0.1183855 1.5026064 1.6351047 1.6456091 1.4599366 1.6485312 1.7218932 1.6549435 1.7056125 1.6138218 1.5664552 1.2473162 1.6655810 1.5596246 1.3071153 1.2712345 1.4109832 2.0594300 1.9524607 2.0373381 1.9683786 2.4793990 2.4497563 2.4116953 2.4253110 2.0373021 2.4782695 2.3128768 2.5450359 2.5470195 2.6118078 2.5209205 2.6417263 2.6234468 2.2696848 
Hhon_g03860.t1                                     1.0861570 1.0938829 1.2237778 1.2028982 1.5023913 1.5102424 1.4264333 1.4731415 0.6824180 1.4684980 1.0736553 1.1349796 1.2427114 1.1595419 1.0786534 1.0900058 1.1348095 1.1382225 1.0638370 1.2292560 1.1777815 1.1262869 1.1328202 1.1146315 1.1753290 1.1135679 1.2375272 1.1815521 1.1959005 1.1300555 1.1894314 1.2154259 1.9175483 1.3635049 1.7641018 1.4311839 1.5306917 1.4725230 1.3599943 0.2477925 0.2489651 0.1132550 0.1206153 0.0000000 0.0034124 1.5530310 1.7222458 1.6925489 1.4804589 1.6661111 1.8120845 1.7132212 1.8362509 1.6655894 1.6180334 1.3246332 1.7456644 1.6236854 1.3405290 1.3156515 1.4096701 2.0948607 2.0116789 2.1003585 2.0199351 2.5625311 2.4794354 2.5065829 2.4973702 2.0840999 2.5215629 2.4815960 2.7294984 2.4849137 2.5595428 2.5022954 2.6097801 2.5446660 2.3474727 
HoiH04_mRNA11388                                   1.0834387 1.0918290 1.2170975 1.1967422 1.5033040 1.5064880 1.4223289 1.4691856 0.6824180 1.4647719 1.0705653 1.1267356 1.2377806 1.1476849 1.0718887 1.0816180 1.1263230 1.1334645 1.0569384 1.2263589 1.1719842 1.1300268 1.1300461 1.1119050 1.1691086 1.1030040 1.2343019 1.1749783 1.1892784 1.1237549 1.1874881 1.2107396 1.9043532 1.3593075 1.7641018 1.4291936 1.5249122 1.4689767 1.3611036 0.2502297 0.2511295 0.1118285 0.1183855 0.0034124 0.0000000 1.5450034 1.7251424 1.6925489 1.4804589 1.6664773 1.8120845 1.7132212 1.8362509 1.6601586 1.6134732 1.3376750 1.7507701 1.6191538 1.3329853 1.3138186 1.4147957 2.0885280 2.0078057 2.0897181 2.0073546 2.5501524 2.4951442 2.5216408 2.4927497 2.0748820 2.5164230 2.4745583 2.7222155 2.4716000 2.5437672 2.5119201 2.6000306 2.5327709 2.3223052 
Plajan_Pjan_scaffold7701_01                        1.2655126 1.1618917 1.3470153 1.2995398 1.3969146 1.3848038 1.3889103 1.3805021 1.3863382 1.3672376 1.3018864 1.1808535 1.2216862 1.3780320 1.2759454 1.2668946 1.2868831 1.2481745 1.3524749 1.3806071 1.3311096 1.2470681 1.2916281 1.2001480 1.2815077 1.2472998 1.3806729 1.3890821 1.4212833 1.2626199 1.3504702 1.3445206 1.0882578 0.7834363 1.6196377 1.4330303 1.4356722 1.4547510 1.2101619 1.5018707 1.5203996 1.5500599 1.5026064 1.5530310 1.5450034 0.0000000 1.9375210 1.9388037 2.0240770 1.9668933 1.8901320 1.8722345 2.1150548 1.8962081 1.9155127 1.7944605 1.8740219 1.6177654 1.3759435 1.2357473 1.2965571 2.2020650 2.0947013 2.1160047 2.0919974 2.5089642 2.8217924 2.7884984 2.7748407 2.2025596 2.9441323 3.1693227 2.8499670 2.9011898 2.9897388 2.8211053 2.9653141 2.7851359 2.6196825 
Mlei_ML0160.g3.i1                                  1.4445566 1.4420827 1.5576187 1.5482359 1.7072466 1.7429637 1.8645111 1.7959589 0.8747564 1.7399558 1.4937937 1.5282321 1.7468373 1.8108377 1.6258736 1.5223974 1.5399615 1.4884003 1.4683077 1.5403924 1.5555880 1.4419012 1.4057691 1.4224517 1.5202022 1.7789368 1.6445465 1.6026491 1.6149206 1.5743930 1.5123164 1.5156955 2.1661618 1.6928068 2.1140938 1.8670289 1.9394032 1.8846808 1.6808333 1.7531892 1.7451256 1.6968869 1.6351047 1.7222458 1.7251424 1.9375210 0.0000000 0.0954599 0.0740871 0.2527422 0.1998117 0.4193002 0.4150413 0.4314704 0.4270149 0.3739889 0.4179923 0.3523585 1.6102201 1.7318538 2.0883120 2.5545683 2.2091769 2.4741027 2.2912079 2.6748103 2.6354688 2.6019597 2.7936164 2.4563622 2.9155709 2.8973476 2.9355601 2.7561863 2.8032934 2.8467477 2.8356062 2.7673621 2.7085974 
