75
Hsap_ENST00000261015                                   0.0000000 1.0903890 0.9664143 1.2531673 1.3878926 1.0959788 1.1444448 1.2709999 1.2181199 1.3316988 1.2641194 1.1978591 1.3919881 1.2458432 1.1777708 1.3346523 1.3608204 1.4609804 1.4255113 1.5415243 1.2111299 1.3123837 1.3326511 1.3826906 1.6043742 1.5249444 1.7187998 1.5818708 1.6114478 1.6345717 1.6824547 1.4902973 1.5243004 1.5046622 1.7861367 1.7267024 1.5727802 1.6086828 1.5386565 1.5280804 1.6059768 1.7800915 1.7968119 1.8654496 1.8858056 1.8772772 1.8484803 1.7670512 2.8509625 2.6793082 2.4450928 2.0746180 1.9930803 2.1200594 1.7465076 2.4137476 1.9010417 2.1391731 2.0258157 1.9799389 1.8445755 2.2625979 2.1057972 2.4153082 2.2920788 2.3122901 2.4768856 2.4467778 2.5126224 2.2704306 2.3865634 2.3310970 2.2777323 2.6167725 3.0687028 
Spur_XM_030990723.1                                    1.0903890 0.0000000 0.7707054 1.2724177 1.1792150 1.2016813 0.9593488 1.2768587 1.3494424 1.3229372 1.2221640 1.3282922 1.3915262 1.3550151 1.2953238 1.6933179 1.4588129 1.6829244 1.4807764 1.5824215 1.3537976 1.4858765 1.5035677 1.5664945 1.5898330 1.6081129 1.7604164 1.7365289 1.6488236 1.5599240 1.6246872 1.5557553 1.6468053 1.5355421 1.9939809 1.9072595 1.7321025 1.8609592 1.6130173 1.6040348 1.6967016 2.0496005 2.0248099 2.0332501 2.0173215 1.9800728 1.9709675 1.8055946 2.7601684 2.6496205 2.4019562 2.1257120 2.1430087 2.3264653 1.9945949 2.4339571 1.9281505 2.2814188 2.1250108 2.0350171 2.0726695 2.4466376 2.3437720 2.6039126 2.5585223 2.4378942 2.8318958 2.5598990 2.5523195 2.2714870 2.3903365 2.3093206 2.2950875 2.5837784 2.7426846 
Skow_XM_002741614.2                                    0.9664143 0.7707054 0.0000000 1.2524150 1.1938640 1.0667761 0.9748248 1.1765527 1.2476083 1.2671649 1.2772385 1.1292058 1.3294435 1.1231012 1.2162348 1.4841220 1.4676290 1.6553660 1.5072076 1.4317272 1.4213585 1.4017572 1.3909802 1.4695069 1.5657382 1.6404492 1.8976796 1.7314246 1.6165651 1.6966842 1.6410573 1.7213488 1.6532276 1.5771799 1.9242548 1.8562896 1.6953040 1.7510812 1.4912413 1.7442023 1.6095849 1.9024337 1.8732411 1.8041805 1.8635462 1.8324549 1.8240487 1.5859141 2.7911381 2.7851509 2.5566782 2.2149702 2.1954959 2.1089970 2.0564600 2.4063687 2.0735226 2.0602851 1.9819060 1.9348552 2.0749670 2.2296916 1.9359041 2.7474560 2.3913012 2.2627532 2.5181206 2.4330764 2.4001856 2.0967138 2.1501098 2.0338731 2.2320229 2.4815698 2.8474218 
Cscu_XM_023367103.1                                    1.2531673 1.2724177 1.2524150 0.0000000 1.1068738 0.9260259 0.9510453 1.4801432 1.4127814 1.4620982 1.3254084 1.3992263 1.5637959 1.3086257 1.3717773 1.5228705 1.6562210 1.7771243 1.7362749 1.6886293 1.5558755 1.6501906 1.6245039 1.1035040 1.5914089 1.8350049 1.9666506 1.6319040 1.6564855 1.7713907 1.7078549 1.5139008 1.8685476 1.6221547 1.8697151 1.8666908 1.5802460 1.5931137 1.5666441 1.6988047 1.5192243 2.1661503 2.1739411 2.2529052 2.2406414 2.3134446 2.2744316 1.8960813 3.2754767 3.0052470 2.8889788 2.3399890 2.2656683 2.3360926 2.1023172 2.5582449 2.1445400 2.4025940 2.4916901 2.3129128 2.1698933 2.7573362 2.6168118 2.5789968 2.6507608 2.5957777 2.7023928 2.8391749 2.7873542 2.6293146 2.7754345 2.6533131 2.6533233 2.8788953 3.5469405 
Ctel_gnl_WGS_AMQN_CAPTEDRAFT_mRNA178717                1.3878926 1.1792150 1.1938640 1.1068738 0.0000000 0.9156582 0.8388952 1.4450296 1.3615529 1.4196448 1.2481523 1.2935726 1.3569438 1.2387469 1.2517420 1.3838930 1.5261900 1.6381038 1.6066357 1.5435033 1.6332520 1.4614411 1.5104650 1.2989481 1.5612526 1.6089392 1.5820202 1.8704172 1.7280392 1.8799043 1.7362391 1.7631943 1.7474960 1.5553281 1.8629966 1.7873534 1.4973257 1.5179500 1.6407866 1.6760268 1.6045216 1.8729826 1.9152062 1.8482273 1.8979060 1.9576777 1.9432310 1.7466642 2.9688516 2.6390469 2.5064427 2.0668017 2.0524503 2.1478259 2.1816443 2.5265662 2.0017167 2.2146500 2.1591732 1.9693157 1.9712330 2.7203538 2.3045519 2.6134312 2.7260380 2.5198227 2.6725693 2.8619630 2.8199299 2.5273758 2.4870700 2.4690969 2.5685676 2.7317391 2.6522725 
Cgig_XM_034452986.1                                    1.0959788 1.2016813 1.0667761 0.9260259 0.9156582 0.0000000 0.6598950 1.2126165 1.3084843 1.4182264 1.2237899 1.1262152 1.2719165 1.1526803 1.1655591 1.2141701 1.3521932 1.5651344 1.4363437 1.4950381 1.5759556 1.4772067 1.5016543 1.2914692 1.6121114 1.5403488 1.7321930 1.7412472 1.7498035 1.8340578 1.6957264 1.5109156 1.7572706 1.7810846 1.6837363 1.8614987 1.5520054 1.5808256 1.5873414 1.5775413 1.5454923 1.9968147 2.0468494 2.0989690 2.1006588 2.1100204 2.0816797 2.0655828 2.8803524 2.9814803 2.8279198 2.2616320 2.1995494 2.1063006 2.0670550 2.4567197 2.1175946 2.2700097 2.2350413 2.0127705 2.2156248 2.4733192 2.4134302 3.0472079 2.6826361 2.6478361 2.8102762 2.9365158 2.9693203 2.4913421 2.5585565 2.4565755 2.4656352 3.1547314 3.3965797 
Acagra_model.g26689.t1_model.g26691.t1                 1.1444448 0.9593488 0.9748248 0.9510453 0.8388952 0.6598950 0.0000000 1.2173730 1.3318853 1.3601403 1.2259797 1.1829781 1.3390239 1.2204323 1.1980999 1.3417353 1.4588975 1.5679925 1.5078133 1.4627500 1.5119927 1.3633680 1.3529855 1.1969887 1.4187056 1.6314814 1.5862346 1.6218438 1.6327219 1.6495700 1.6212738 1.5213846 1.6508706 1.5912089 1.7700629 1.7264336 1.4630131 1.5022041 1.6571294 1.6474449 1.6184018 1.8637308 1.9171627 1.8402287 1.8614532 1.9092513 1.9036389 1.8630015 2.6306457 2.7043091 2.2463291 2.0386244 1.9471859 2.2157885 2.1486662 2.4016640 2.0464321 2.1205043 2.1161469 1.9204092 1.8544051 2.2807639 2.1021248 2.6218999 2.4407676 2.3937498 2.5373457 2.6479436 2.6484696 2.2773713 2.4429999 2.3784760 2.4934621 2.6832720 2.8465587 
Bralan_BLAG15000261_1                                  1.2709999 1.2768587 1.1765527 1.4801432 1.4450296 1.2126165 1.2173730 0.0000000 1.3525263 1.5572318 1.4563002 1.3093636 1.5065657 1.3661720 1.3689691 1.5617860 1.6367904 1.7483729 1.6115631 1.4612952 1.4910378 1.4936194 1.5552434 1.6861305 1.8765057 1.5497887 1.9670050 1.7701296 1.6523543 1.8652399 1.7340912 1.5526372 1.5467976 1.7435840 1.8703770 1.8799053 1.7058723 1.6724380 1.6020566 1.5387528 1.6862550 2.3518604 2.3796291 2.3009947 2.3826307 2.2877503 2.2531171 2.3703340 2.5984124 2.6312750 2.3858727 2.1864049 2.1491467 2.2676070 2.0609842 2.4413811 2.0387407 2.0256711 2.0849576 1.8528697 2.1785592 2.5755246 2.1958172 2.6608058 2.3228684 2.3795611 2.4406555 2.5683097 2.5997930 2.3801902 2.3178752 2.2672427 2.3234723 2.7748320 2.9105567 
Exapal_XM_021057402.2                                  1.2181199 1.3494424 1.2476083 1.4127814 1.3615529 1.3084843 1.3318853 1.3525263 0.0000000 0.8022951 0.7259351 0.6350702 0.8494852 0.7183526 0.6933057 0.6733739 1.1512540 1.2842729 1.1916093 1.0857417 1.4243119 1.0268261 1.1797989 1.6066173 1.9142603 1.3037627 1.6134368 1.6320934 1.5266426 1.5664574 1.6252555 1.4231987 1.3929877 1.4635185 1.5459463 1.5767378 1.4886630 1.4160105 1.3574589 1.4443461 1.4707866 1.6313307 1.6279110 1.6516546 1.6794150 1.6493557 1.6272188 1.6421847 2.7853576 2.5994658 2.4247199 2.0949836 2.0532105 2.2265741 1.9236473 2.4560298 1.9397905 2.1053532 2.0879520 1.7935448 1.9665910 2.5429287 2.2058201 2.7259112 2.5355254 2.0884419 2.2660020 2.1300354 2.2102420 2.1405210 2.2622817 2.2273526 2.0878214 2.5346152 2.6090913 
Adig_XM_015901091.1                                    1.3316988 1.3229372 1.2671649 1.4620982 1.4196448 1.4182264 1.3601403 1.5572318 0.8022951 0.0000000 0.0625115 0.4486710 0.5438114 0.5474486 0.5073980 1.0333461 1.3044466 1.5795846 1.3663651 1.1876588 1.3133358 1.1882932 1.2513331 1.7247584 2.0989380 1.5412160 1.9367229 1.7370538 1.6929590 1.8058143 1.8312236 1.5764014 1.7044154 1.5473785 1.7468882 1.7187590 1.6741158 1.6571176 1.2390629 1.6142433 1.2986035 2.0773208 2.0924104 2.0162693 2.0274359 2.0457695 2.0116550 1.8487838 3.4133898 2.9190235 2.9136040 2.3143840 2.3951105 2.4116150 2.1616850 2.6432956 2.2230811 2.3845876 2.2543723 1.9798693 2.1678663 2.6725881 2.5125945 2.9259652 2.8633225 2.4855027 2.7019086 2.6183878 2.5863240 2.4582884 2.8295711 2.7514446 2.5514178 2.7994965 3.4037259 
Amil_Amillepora08585-RA                                1.2641194 1.2221640 1.2772385 1.3254084 1.2481523 1.2237899 1.2259797 1.4563002 0.7259351 0.0625115 0.0000000 0.3286650 0.4092025 0.4217844 0.4081626 0.9010485 1.1344925 1.3960215 1.2378450 1.2363690 1.3296373 1.1162458 1.1719095 1.6878255 1.9542580 1.2851782 1.6880438 1.4858287 1.5097783 1.5363707 1.6376990 1.4547085 1.5652420 1.4633003 1.4676916 1.5351230 1.5680269 1.5422317 1.2341986 1.4202204 1.2628580 1.8874280 1.9129566 1.9036463 1.9295833 1.9514829 1.9187469 1.8004065 3.1972722 2.9065844 2.9335344 2.2299340 2.3147598 2.2345754 2.0483356 2.6796541 2.1069661 2.1327169 2.1857114 1.8228043 2.1208957 2.4017803 2.3276971 2.8380164 2.7099019 2.2923747 2.2706848 2.2761843 2.3414019 2.1825450 2.4249962 2.3448175 2.2612480 2.5888547 2.8426136 
Gfas_gfas1.m1.4560.m1                                  1.1978591 1.3282922 1.1292058 1.3992263 1.2935726 1.1262152 1.1829781 1.3093636 0.6350702 0.4486710 0.3286650 0.0000000 0.2634291 0.2176935 0.2489848 0.7963441 1.0849503 1.2103842 1.1398193 1.0986845 1.3029867 0.9478379 1.0485774 1.7042562 1.8415825 1.2725531 1.5115637 1.4990843 1.3957038 1.4542331 1.5152989 1.4650058 1.3708363 1.4061875 1.4466892 1.4705714 1.5181639 1.4605123 1.2123491 1.4230856 1.2546346 1.7703574 1.7683032 1.7944945 1.8419343 1.8278892 1.7992239 1.7168769 3.1643032 2.9173018 2.7828223 2.2254293 2.3130534 2.3257240 2.1233890 2.5918885 2.0231766 1.9690403 2.1236145 1.7469670 2.1529348 2.1939348 1.9987787 2.9493916 2.4945174 2.2486945 2.3325700 2.2534857 2.2937601 2.0862182 2.2970768 2.2045370 2.1989991 2.4108628 2.7279513 
Fspp_ffun1.m4.2210.m1                                  1.3919881 1.3915262 1.3294435 1.5637959 1.3569438 1.2719165 1.3390239 1.5065657 0.8494852 0.5438114 0.4092025 0.2634291 0.0000000 0.1885291 0.2240826 0.8119228 1.2671606 1.4040047 1.3060891 1.2662414 1.4509361 1.1155353 1.1554314 1.7516447 2.1382757 1.5639019 1.4806899 1.8469979 1.7666100 1.7791555 1.7896169 1.9347645 1.5888153 1.5122650 1.7308899 1.7375147 1.5914102 1.6667676 1.3782226 1.5575498 1.5637599 1.8047924 1.8914749 1.8527407 1.9626658 1.9310790 1.9013014 1.8616302 3.1382135 2.7527983 2.7461458 2.2993245 2.3907356 2.5586132 2.0620580 2.7016568 2.0636598 2.1022577 2.1306984 1.9426695 2.2827284 2.4820117 2.1418750 3.0284031 2.7814589 2.4011657 2.4456994 2.5810405 2.6411534 2.2870365 2.6033843 2.5054127 2.5023851 2.8764239 2.8665909 
Gasp_gasp1.m3.20415.m1                                 1.2458432 1.3550151 1.1231012 1.3086257 1.2387469 1.1526803 1.2204323 1.3661720 0.7183526 0.5474486 0.4217844 0.2176935 0.1885291 0.0000000 0.2152446 0.7634696 1.1037471 1.2075427 1.1168074 1.0445832 1.2653288 1.0058044 1.0451335 1.6056308 1.9120476 1.4326200 1.5347142 1.6026744 1.5236045 1.5657058 1.5377387 1.5528661 1.4078254 1.4495635 1.6952662 1.6186665 1.5406788 1.5190846 1.2181369 1.4311539 1.3912529 1.7638485 1.7567975 1.7733331 1.8233811 1.7916797 1.7631315 1.7952422 3.0550904 2.6325409 2.4908201 2.1915843 2.2051147 2.2573360 2.0496174 2.4592874 2.1323312 1.9775931 2.1579277 1.9043178 2.0795940 2.4019129 1.9629917 2.6782584 2.5117760 2.1423272 2.2322213 2.2651976 2.2805735 2.0255437 2.3314575 2.2379172 2.3044223 2.4346647 2.9180650 
Spis_XP_022789320_1                                    1.1777708 1.2953238 1.2162348 1.3717773 1.2517420 1.1655591 1.1980999 1.3689691 0.6933057 0.5073980 0.4081626 0.2489848 0.2240826 0.2152446 0.0000000 0.8346482 1.1707507 1.2321923 1.1281743 1.0437856 1.3488200 1.0207422 1.0912491 1.6740494 1.9236158 1.3865884 1.5723947 1.5793603 1.4616722 1.5808695 1.6092153 1.4449120 1.4895316 1.4922333 1.6956196 1.6269891 1.5099201 1.5204330 1.2824942 1.5090024 1.4382536 1.7746358 1.7867866 1.8103756 1.8323961 1.8245039 1.8006017 1.6869603 3.1082692 2.7367695 2.6618562 2.2095816 2.2726829 2.2714102 2.0719274 2.5721609 2.0223669 2.0890036 2.2432685 1.7787343 2.1405272 2.3909910 2.1033060 2.6442853 2.5685690 2.1781084 2.3161066 2.3147466 2.2970379 2.1044641 2.4224030 2.3252907 2.3338247 2.5378180 2.7737086 
Nvec_v1g82024                                          1.3346523 1.6933179 1.4841220 1.5228705 1.3838930 1.2141701 1.3417353 1.5617860 0.6733739 1.0333461 0.9010485 0.7963441 0.8119228 0.7634696 0.8346482 0.0000000 1.3419539 1.5125350 1.4894750 1.7899163 1.5234972 1.1328628 1.2528509 1.8763585 1.9959918 1.8119473 1.7180725 2.1552919 2.0881327 2.2918517 2.1727276 2.1504848 1.8436432 1.7021812 1.7303425 1.8371211 1.5551345 1.5228941 1.4662346 1.6696689 1.5111711 1.7547195 1.7547195 1.7267330 1.7646757 1.8024559 1.7626284 1.8835445 2.7061022 2.6476211 2.4954979 2.3407690 2.4136845 2.4065268 2.1973485 2.5099557 2.1272491 2.1715317 2.1875370 2.0339942 2.4131945 2.5912474 2.4817221 3.1813493 2.4592950 2.3346236 2.5650588 2.5342033 2.6640647 2.5533254 2.7727027 2.7823122 2.7360172 3.1559663 2.7897326 
Aaur_scaffold9.g24.t2                                  1.3608204 1.4588129 1.4676290 1.6562210 1.5261900 1.3521932 1.4588975 1.6367904 1.1512540 1.3044466 1.1344925 1.0849503 1.2671606 1.1037471 1.1707507 1.3419539 0.0000000 0.4807698 0.4232249 0.5847458 1.1579660 1.4124059 1.4752606 1.9621890 2.1287679 1.3360231 1.3928731 1.8160960 1.7379676 1.8827860 1.6902782 1.6082682 1.6601931 1.6929188 1.8639617 1.7457603 1.6551684 1.5731133 1.4449813 1.5938861 1.6711122 1.9915111 1.9887262 2.0134118 2.0366812 1.9797341 1.9643898 1.9962694 2.8495405 2.8002429 2.6090438 2.1541753 2.2476778 2.4004287 2.3161952 2.5836319 1.9892913 2.4788521 2.2508447 1.9965539 2.2711681 2.4120727 2.2435776 2.7335915 2.3229842 2.4417644 2.4710678 2.7319050 2.6481396 2.2537823 2.3315405 2.2488552 2.4055046 2.7041257 3.0825549 
Nemnom_g16846.t1                                       1.4609804 1.6829244 1.6553660 1.7771243 1.6381038 1.5651344 1.5679925 1.7483729 1.2842729 1.5795846 1.3960215 1.2103842 1.4040047 1.2075427 1.2321923 1.5125350 0.4807698 0.0000000 0.1486356 0.7290833 1.1373887 1.5593749 1.6182547 2.0330570 2.1812861 1.5396741 1.5458467 1.8755629 1.7354835 2.0203054 1.7844851 1.7743090 1.5046098 1.6170330 2.0073862 1.7951394 1.7961407 1.6684317 1.5140738 1.7876825 1.5300125 1.9617347 1.9612311 1.8871837 1.8951905 1.9109420 1.8795375 1.8730896 2.9080229 2.8960476 2.6473725 2.3711978 2.5226868 2.6901809 2.4673591 2.7310512 2.0640917 2.4280737 2.3757870 2.1640999 2.4080317 2.6504338 2.3182017 2.6125159 2.5169348 2.3931472 2.7008411 2.6975985 2.6366816 2.4587726 2.6031936 2.4887681 2.4890227 2.7161475 3.0088873 
Rhoesc_Res_005168-T1                                   1.4255113 1.4807764 1.5072076 1.7362749 1.6066357 1.4363437 1.5078133 1.6115631 1.1916093 1.3663651 1.2378450 1.1398193 1.3060891 1.1168074 1.1281743 1.4894750 0.4232249 0.1486356 0.0000000 0.5487135 1.0927981 1.5007796 1.5708554 1.9078177 2.0311355 1.4136519 1.5188168 1.7662287 1.6724896 1.8438032 1.7573293 1.6526194 1.5343836 1.5768612 1.9084174 1.7464427 1.7370250 1.6724422 1.4349417 1.6633509 1.6009367 1.8203501 1.8310025 1.7969820 1.8084329 1.8010628 1.7737590 1.7604243 2.8575418 2.7591662 2.4742124 2.1923787 2.2304998 2.4669676 2.1912956 2.6858576 1.9923374 2.3506862 2.2414821 1.9248579 2.4342524 2.4977053 2.2585163 2.5327589 2.4494752 2.3234170 2.5236026 2.6762045 2.6031971 2.3708154 2.4088213 2.3089850 2.3845107 2.6051684 2.9954551 
Sanmal_Sma_005505-T1                                   1.5415243 1.5824215 1.4317272 1.6886293 1.5435033 1.4950381 1.4627500 1.4612952 1.0857417 1.1876588 1.2363690 1.0986845 1.2662414 1.0445832 1.0437856 1.7899163 0.5847458 0.7290833 0.5487135 0.0000000 1.0006151 1.4790839 1.4827538 1.8162294 2.1710447 1.2667368 1.5211451 1.7938465 1.6657738 1.6759256 1.8096652 1.7874128 1.6246816 1.7562336 1.9878513 1.6760878 1.6271365 1.6059248 1.3912703 1.5842840 1.7732381 2.0348135 2.1035282 2.2251927 2.2595936 2.2064731 2.2061261 2.0605781 3.1547812 3.8290847 3.1127936 2.2616798 2.2868133 2.5648539 2.4657485 2.5838131 2.1788039 2.5007839 2.5267605 1.9136528 2.2453496 2.6129059 2.4177102 2.7761325 2.6989910 1.8885656 1.9706898 1.9361194 1.8962947 1.8143586 1.9678030 1.8647128 1.7961196 2.1448300 1.9591209 
Morvir_scaffold255.g20.t1                              1.2111299 1.3537976 1.4213585 1.5558755 1.6332520 1.5759556 1.5119927 1.4910378 1.4243119 1.3133358 1.3296373 1.3029867 1.4509361 1.2653288 1.3488200 1.5234972 1.1579660 1.1373887 1.0927981 1.0006151 0.0000000 1.6088690 1.5624752 1.8892040 2.0347448 1.3937490 1.6196262 1.8852895 1.8797334 1.8227623 1.9699818 1.6239849 1.7916962 1.7203045 2.1981584 1.9969457 2.0448115 1.9687939 1.8237725 1.8389098 1.8893221 2.0107112 2.0665628 2.1881895 2.2051441 2.0991476 2.0857371 2.0768450 3.2606601 3.2836029 3.1830099 2.2234509 2.1567354 2.3052691 2.2081820 2.1456629 2.1410479 2.7113841 2.3597672 2.1025923 2.1698215 2.6798538 2.2375036 2.7632505 2.7292337 2.3618970 2.6482111 2.5878964 2.5124968 2.1685673 2.3553443 2.2802055 2.5840988 2.4894875 2.6759411 
Dgig_XM_028561715.1                                    1.3123837 1.4858765 1.4017572 1.6501906 1.4614411 1.4772067 1.3633680 1.4936194 1.0268261 1.1882932 1.1162458 0.9478379 1.1155353 1.0058044 1.0207422 1.1328628 1.4124059 1.5593749 1.5007796 1.4790839 1.6088690 0.0000000 0.2917183 1.7967510 2.0148861 1.5059526 1.7118618 1.7403520 1.6168185 1.7706928 1.6966456 1.6310577 1.5722703 1.6230670 1.8939097 1.9126227 1.5003627 1.4507040 1.6030268 1.4768663 1.5846725 1.9392409 1.9576682 1.9783944 1.9749476 1.9323827 1.8906836 1.8224857 3.1747437 2.9137577 2.7613879 2.2372559 2.2215527 2.2638688 2.2702711 2.4547673 1.9897676 2.1688431 2.2300261 1.8408082 2.1904762 2.6101995 2.1785092 2.5513573 2.5587461 2.2321439 2.5768001 2.4177442 2.4336654 2.2959436 2.2497412 2.2425277 2.3079022 2.5930740 2.7344615 
Xesp_009581-T1                                         1.3326511 1.5035677 1.3909802 1.6245039 1.5104650 1.5016543 1.3529855 1.5552434 1.1797989 1.2513331 1.1719095 1.0485774 1.1554314 1.0451335 1.0912491 1.2528509 1.4752606 1.6182547 1.5708554 1.4827538 1.5624752 0.2917183 0.0000000 1.8299277 2.1028681 1.5433360 1.6991378 1.6771197 1.6385006 1.7608332 1.7245836 1.6731637 1.6249841 1.6728360 1.9615556 1.9413862 1.6305853 1.6280153 1.6649970 1.7174325 1.7373588 2.1074117 2.1194844 2.0222493 2.0580339 2.0104509 1.9812274 1.9479500 3.4635245 2.9253528 2.8535324 2.2669628 2.2565841 2.4605393 2.3433477 2.6403543 2.1438518 2.2544148 2.3415992 1.9899760 2.2345632 2.7700572 2.3549248 2.6238694 2.7301058 2.1724573 2.4876668 2.4435569 2.4585938 2.3001033 2.3882477 2.3384624 2.1806820 2.5793251 2.7188413 
Dpul_mRNA23233                                         1.3826906 1.5664945 1.4695069 1.1035040 1.2989481 1.2914692 1.1969887 1.6861305 1.6066173 1.7247584 1.6878255 1.7042562 1.7516447 1.6056308 1.6740494 1.8763585 1.9621890 2.0330570 1.9078177 1.8162294 1.8892040 1.7967510 1.8299277 0.0000000 1.1809005 2.2114349 2.0805251 2.0749990 1.9483477 1.9655020 1.9742453 1.8897340 2.0575003 1.7321091 2.1936465 2.0338988 1.9277379 1.8410440 1.8391791 1.8579103 2.0132490 2.2753075 2.3009419 2.2788138 2.3290095 2.3425095 2.3314131 2.1461502 3.0285791 3.0780147 2.8163142 2.3492775 2.2476510 2.4383531 2.3504256 2.6794804 2.2441741 2.3867771 2.2318162 2.3661439 2.3797181 2.7714901 2.7890630 2.7996202 2.7239112 2.4989315 2.6945064 2.8592160 2.9718392 2.6831822 2.8786207 2.9093521 2.5297739 2.9495748 3.3784544 
Tcas_TC013451_001                                      1.6043742 1.5898330 1.5657382 1.5914089 1.5612526 1.6121114 1.4187056 1.8765057 1.9142603 2.0989380 1.9542580 1.8415825 2.1382757 1.9120476 1.9236158 1.9959918 2.1287679 2.1812861 2.0311355 2.1710447 2.0347448 2.0148861 2.1028681 1.1809005 0.0000000 1.9674932 2.3483419 2.2485226 2.2091756 2.2594611 2.2073149 2.4414140 2.3510594 2.0290193 2.1352048 2.0794868 2.2226267 2.2144118 2.3855937 1.9704138 2.4527457 2.2172543 2.2522844 2.1562765 2.1941842 2.2660485 2.2552023 2.2501519 3.1312404 3.2313455 2.7826998 2.4670825 2.3136918 2.6718544 2.3968259 2.6854350 2.4150284 2.9267021 2.3326576 2.3917848 2.3836575 2.9362460 2.5498338 3.0280935 2.7162116 2.6907462 2.9305442 2.6844251 2.7693603 2.8330300 2.7119217 2.6566619 2.5814787 3.0625501 3.3166852 
Hvul_g28490_1                                          1.5249444 1.6081129 1.6404492 1.8350049 1.6089392 1.5403488 1.6314814 1.5497887 1.3037627 1.5412160 1.2851782 1.2725531 1.5639019 1.4326200 1.3865884 1.8119473 1.3360231 1.5396741 1.4136519 1.2667368 1.3937490 1.5059526 1.5433360 2.2114349 1.9674932 0.0000000 1.0604322 1.6832770 1.6884103 1.6998692 1.7719087 1.5827267 1.7746407 1.6552534 1.8114971 1.7990662 1.7311130 1.6445359 1.4611275 1.6725357 1.6566215 2.1907605 2.1417464 2.1475951 2.1482211 2.0913067 2.0724659 2.0624577 3.2974383 2.6526646 2.6181085 2.5180308 2.5041768 2.4632138 2.1312892 2.6042122 2.2217924 2.5671915 2.2229788 2.1060325 2.2909455 2.8947326 2.3141533 2.5276635 2.5839448 2.2340310 2.3115993 2.2729265 2.2595819 2.3013979 2.2879864 2.2146505 2.5818844 2.8630529 2.8302801 
Chem_TCONS_00043266                                    1.7187998 1.7604164 1.8976796 1.9666506 1.5820202 1.7321930 1.5862346 1.9670050 1.6134368 1.9367229 1.6880438 1.5115637 1.4806899 1.5347142 1.5723947 1.7180725 1.3928731 1.5458467 1.5188168 1.5211451 1.6196262 1.7118618 1.6991378 2.0805251 2.3483419 1.0604322 0.0000000 2.4950984 2.2767003 2.4161863 2.3465686 2.3110954 1.8131001 1.9051554 1.8237319 1.9127580 1.7226386 1.8386970 1.5250717 1.9077302 1.6294542 2.1332971 2.1469508 2.0931304 2.1593825 2.1190106 2.1179714 2.1856064 3.1661095 2.7841429 2.5614183 2.7085617 2.6938748 2.9809589 2.2628978 2.9417195 2.1853087 2.4285048 2.5700828 2.5150944 2.7455797 3.1156928 2.5785905 2.6483454 2.6499564 2.8304159 3.0971517 3.1698880 3.1430610 2.8322845 2.9281987 2.9290217 2.9910516 3.0059014 2.8384430 
Scil_scict024356.1                                     1.5818708 1.7365289 1.7314246 1.6319040 1.8704172 1.7412472 1.6218438 1.7701296 1.6320934 1.7370538 1.4858287 1.4990843 1.8469979 1.6026744 1.5793603 2.1552919 1.8160960 1.8755629 1.7662287 1.7938465 1.8852895 1.7403520 1.6771197 2.0749990 2.2485226 1.6832770 2.4950984 0.0000000 0.3564844 0.3512643 0.4254584 0.8966543 1.8397454 1.6070999 2.1279971 2.2678997 2.0522539 1.9225223 1.7317039 1.8874809 1.9002326 2.1545467 2.1589519 2.1957516 2.1739930 2.1365247 2.1313798 2.0995776 3.4722324 3.2571825 2.7760785 2.4597280 2.4691799 2.5056953 2.3839943 2.8749052 2.2539285 2.4752622 2.7958995 2.3538665 2.2328157 2.6989998 2.5532836 2.5053562 2.8829299 2.3371425 2.5129170 2.4736434 2.4365615 2.3294651 2.3107136 2.2791256 2.7324637 3.0514933 3.7681582 
Gracom_Gcom_C552408_01                                 1.6114478 1.6488236 1.6165651 1.6564855 1.7280392 1.7498035 1.6327219 1.6523543 1.5266426 1.6929590 1.5097783 1.3957038 1.7666100 1.5236045 1.4616722 2.0881327 1.7379676 1.7354835 1.6724896 1.6657738 1.8797334 1.6168185 1.6385006 1.9483477 2.2091756 1.6884103 2.2767003 0.3564844 0.0000000 0.3728330 0.4917028 0.9056711 1.5643052 1.4887653 2.0791221 2.1325335 2.0113673 1.8891599 1.6081059 1.7878780 1.8299843 2.1187720 2.0778599 2.1463905 2.1634185 2.0804116 2.0641668 2.0175458 3.4440504 3.0993336 2.7780980 2.3761212 2.3958611 2.5749209 2.4967737 2.7752233 2.0271728 2.0732349 2.4903883 2.2988026 2.0539840 2.3401893 2.3631653 2.6088801 3.0364380 2.2691564 2.4292975 2.3531239 2.4032303 2.2682086 2.2770676 2.2453658 2.5004542 2.7252202 3.1747473 
Leuniv_Lniv_scaffold7464_01                            1.6345717 1.5599240 1.6966842 1.7713907 1.8799043 1.8340578 1.6495700 1.8652399 1.5664574 1.8058143 1.5363707 1.4542331 1.7791555 1.5657058 1.5808695 2.2918517 1.8827860 2.0203054 1.8438032 1.6759256 1.8227623 1.7706928 1.7608332 1.9655020 2.2594611 1.6998692 2.4161863 0.3512643 0.3728330 0.0000000 0.4516401 0.8947845 1.7852807 1.6166507 2.0850122 2.2755102 2.1031818 2.0302060 1.6084835 1.7818025 1.9235982 2.1654756 2.1278521 2.1580799 2.1055363 2.0678561 2.0586387 2.1475278 3.7176283 3.2885804 2.7884201 2.3785734 2.3464379 2.6209405 2.4955443 2.9523570 2.3431363 2.2429294 2.8213355 2.4844196 2.1454005 2.5340724 2.5651442 2.8139693 3.0762981 2.3817471 2.4496746 2.4305396 2.4410968 2.3033360 2.3366893 2.3162149 2.6813671 2.7664268 3.4091402 
Lcom_lcpid91306                                        1.6824547 1.6246872 1.6410573 1.7078549 1.7362391 1.6957264 1.6212738 1.7340912 1.6252555 1.8312236 1.6376990 1.5152989 1.7896169 1.5377387 1.6092153 2.1727276 1.6902782 1.7844851 1.7573293 1.8096652 1.9699818 1.6966456 1.7245836 1.9742453 2.2073149 1.7719087 2.3465686 0.4254584 0.4917028 0.4516401 0.0000000 1.0587764 1.7086706 1.6222928 2.2267592 2.3084429 2.1029778 1.9904908 1.7723498 1.8387283 1.9664042 2.1784551 2.1252940 2.1431342 2.1178882 2.0592630 2.0542698 2.0025965 3.8540258 3.2593908 2.9739886 2.4286014 2.4971580 2.7707416 2.5453314 2.9939647 2.3046810 2.3037794 2.8157824 2.6025120 2.2707130 2.6235456 2.5698520 2.7247060 3.1635411 2.4216593 2.5131857 2.4872537 2.5220418 2.3218180 2.3287087 2.3145589 2.5817168 2.6347771 2.9096279 
Clacor_Ccor_C526923_01                                 1.4902973 1.5557553 1.7213488 1.5139008 1.7631943 1.5109156 1.5213846 1.5526372 1.4231987 1.5764014 1.4547085 1.4650058 1.9347645 1.5528661 1.4449120 2.1504848 1.6082682 1.7743090 1.6526194 1.7874128 1.6239849 1.6310577 1.6731637 1.8897340 2.4414140 1.5827267 2.3110954 0.8966543 0.9056711 0.8947845 1.0587764 0.0000000 1.5560949 1.4449029 2.0709135 1.9011751 1.8836987 1.7514189 1.5176391 1.7021668 1.5694845 2.3165833 2.2926758 2.3519858 2.3063436 2.4227760 2.4214036 2.1888405 3.3597879 3.2928373 2.6436576 2.1367213 2.2685853 2.3387871 2.0084125 2.6196677 2.1352977 2.5993565 2.2116010 2.0103884 1.8575638 2.5450370 2.5597213 2.7851094 2.8145500 2.2342518 2.0953956 2.0497409 2.0456703 1.9025360 2.2390636 2.1793152 1.9255345 2.3287962 3.2515279 
Opea_EP00118_Oscarella_pearsei_P027182                 1.5243004 1.6468053 1.6532276 1.8685476 1.7474960 1.7572706 1.6508706 1.5467976 1.3929877 1.7044154 1.5652420 1.3708363 1.5888153 1.4078254 1.4895316 1.8436432 1.6601931 1.5046098 1.5343836 1.6246816 1.7916962 1.5722703 1.6249841 2.0575003 2.3510594 1.7746407 1.8131001 1.8397454 1.5643052 1.7852807 1.7086706 1.5560949 0.0000000 1.2279035 1.9917363 1.9256197 1.7235910 1.6982598 1.7513248 1.7399560 1.7926340 2.0305527 2.0730395 2.0438683 2.0765997 2.0543752 2.0238029 2.1217158 3.2358850 2.7958098 2.3975368 2.2111347 2.1548701 2.1664966 2.2309246 2.3511371 2.0358467 2.2408499 1.9981680 2.1010122 1.9944347 2.3512718 1.8181322 2.5062612 2.5871960 2.4561566 2.6161922 2.4729488 2.4319974 2.4923118 2.5291506 2.5727168 2.2244611 2.5965279 3.1221046 
Plajan_Pjan_C558333_01                                 1.5046622 1.5355421 1.5771799 1.6221547 1.5553281 1.7810846 1.5912089 1.7435840 1.4635185 1.5473785 1.4633003 1.4061875 1.5122650 1.4495635 1.4922333 1.7021812 1.6929188 1.6170330 1.5768612 1.7562336 1.7203045 1.6230670 1.6728360 1.7321091 2.0290193 1.6552534 1.9051554 1.6070999 1.4887653 1.6166507 1.6222928 1.4449029 1.2279035 0.0000000 1.7457927 1.7663710 1.7427565 1.7259047 1.5310146 1.7767403 1.6020113 1.8410187 1.8475985 1.7258183 1.8172730 1.8469567 1.8189496 1.8107953 2.8354779 2.4345500 2.3634711 2.0482077 2.0665483 2.0921743 1.9603213 2.3400517 2.1137551 2.0636776 2.1117196 1.9137830 2.0448470 2.3880540 2.1050184 2.4135457 2.3404867 2.5161003 2.5911776 2.5687962 2.6466824 2.5633982 2.7479224 2.6884399 2.3581493 2.8919094 3.2023464 
Aque_Aqu2.1.42177_001                                  1.7861367 1.9939809 1.9242548 1.8697151 1.8629966 1.6837363 1.7700629 1.8703770 1.5459463 1.7468882 1.4676916 1.4466892 1.7308899 1.6952662 1.6956196 1.7303425 1.8639617 2.0073862 1.9084174 1.9878513 2.1981584 1.8939097 1.9615556 2.1936465 2.1352048 1.8114971 1.8237319 2.1279971 2.0791221 2.0850122 2.2267592 2.0709135 1.9917363 1.7457927 0.0000000 0.6972131 1.2451996 1.2023753 1.4608926 1.3547958 1.3569317 2.3056430 2.4156158 2.3473119 2.3743015 2.3751649 2.3708205 2.4243290 3.2130370 2.8740233 2.7963224 2.3860794 2.4826122 2.5521372 2.2934498 2.8469648 2.2615730 2.2833465 2.1827397 2.1142574 2.4961404 2.6135762 2.6362258 2.8791762 2.7614941 3.0786564 3.1319889 2.9636649 2.9530434 2.9838465 2.9585876 3.0035643 2.8898518 3.2001011 3.4184669 
Xestes_maker-XT_scaffold5704-augustus-gene-0.17-mRNA-1 1.7267024 1.9072595 1.8562896 1.8666908 1.7873534 1.8614987 1.7264336 1.8799053 1.5767378 1.7187590 1.5351230 1.4705714 1.7375147 1.6186665 1.6269891 1.8371211 1.7457603 1.7951394 1.7464427 1.6760878 1.9969457 1.9126227 1.9413862 2.0338988 2.0794868 1.7990662 1.9127580 2.2678997 2.1325335 2.2755102 2.3084429 1.9011751 1.9256197 1.7663710 0.6972131 0.0000000 1.2246805 1.1937579 1.3682573 1.3203022 1.4115360 2.2077577 2.2891356 2.3533929 2.3267676 2.3594912 2.3530723 2.1090058 3.4062331 2.5779927 2.3877644 2.1950901 2.3726141 2.6907059 2.1890245 2.6091176 2.0935863 2.2905432 2.1548318 2.1497291 2.3104014 2.6120514 2.7676407 2.8592518 2.7329500 2.8033041 2.9226237 2.7843056 2.8441608 2.6754018 2.9651810 3.0087968 2.7727342 2.9026160 3.1967087 
Emue_Em0004g63a.t1                                     1.5727802 1.7321025 1.6953040 1.5802460 1.4973257 1.5520054 1.4630131 1.7058723 1.4886630 1.6741158 1.5680269 1.5181639 1.5914102 1.5406788 1.5099201 1.5551345 1.6551684 1.7961407 1.7370250 1.6271365 2.0448115 1.5003627 1.6305853 1.9277379 2.2226267 1.7311130 1.7226386 2.0522539 2.0113673 2.1031818 2.1029778 1.8836987 1.7235910 1.7427565 1.2451996 1.2246805 0.0000000 0.1723370 0.8390206 0.9472169 1.2649416 1.9766388 2.0537284 2.0824672 2.1181008 2.1531715 2.1461951 1.9913131 3.1057195 2.9184890 2.6128282 2.3246095 2.3777970 2.3285758 2.2239221 2.4460889 2.0872146 2.3151710 2.1332428 1.9680286 2.1743028 2.6578603 2.3542358 2.6886934 2.5157709 2.7246562 2.7711959 2.8026367 2.8456700 2.6714501 2.8851729 2.8849158 2.6677183 3.0598787 3.2539464 
Spolac_c94659_g1_i1_m.10368c94659-g1                   1.6086828 1.8609592 1.7510812 1.5931137 1.5179500 1.5808256 1.5022041 1.6724380 1.4160105 1.6571176 1.5422317 1.4605123 1.6667676 1.5190846 1.5204330 1.5228941 1.5731133 1.6684317 1.6724422 1.6059248 1.9687939 1.4507040 1.6280153 1.8410440 2.2144118 1.6445359 1.8386970 1.9225223 1.8891599 2.0302060 1.9904908 1.7514189 1.6982598 1.7259047 1.2023753 1.1937579 0.1723370 0.0000000 0.8238110 0.9415246 1.1921309 1.9957444 2.0462084 2.0813297 2.1033350 2.0677415 2.0897499 1.9260785 3.1352869 3.0682802 2.7228023 2.3434720 2.3941724 2.3741554 2.2458210 2.5591888 2.0779704 2.3989674 2.1485201 2.0444859 2.2666838 2.5889656 2.3934467 2.6542384 2.5544615 2.6233169 2.7148419 2.7034878 2.7658455 2.6173543 2.8678953 2.8648067 2.6036872 3.0425472 3.1848630 
Stycar_maker-SC_scaffold1982-snap-gene-0.27-mRNA-1     1.5386565 1.6130173 1.4912413 1.5666441 1.6407866 1.5873414 1.6571294 1.6020566 1.3574589 1.2390629 1.2341986 1.2123491 1.3782226 1.2181369 1.2824942 1.4662346 1.4449813 1.5140738 1.4349417 1.3912703 1.8237725 1.6030268 1.6649970 1.8391791 2.3855937 1.4611275 1.5250717 1.7317039 1.6081059 1.6084835 1.7723498 1.5176391 1.7513248 1.5310146 1.4608926 1.3682573 0.8390206 0.8238110 0.0000000 0.7597411 1.1273972 1.9352292 1.9791539 2.0700459 2.1572789 2.0647838 2.0515137 1.9486639 3.3465439 3.4215062 2.8249382 2.2352892 2.2743665 2.3516639 2.0203252 2.3624400 2.1326795 2.0917280 2.0361741 1.9080478 2.1012053 2.2353566 2.2630104 2.2842887 2.7348652 2.1502860 2.2337366 2.1552088 2.1208583 2.0458619 2.4627221 2.3562102 2.0789366 2.1107578 2.4363293 
Tetwil_g9654.t2                                        1.5280804 1.6040348 1.7442023 1.6988047 1.6760268 1.5775413 1.6474449 1.5387528 1.4443461 1.6142433 1.4202204 1.4230856 1.5575498 1.4311539 1.5090024 1.6696689 1.5938861 1.7876825 1.6633509 1.5842840 1.8389098 1.4768663 1.7174325 1.8579103 1.9704138 1.6725357 1.9077302 1.8874809 1.7878780 1.7818025 1.8387283 1.7021668 1.7399560 1.7767403 1.3547958 1.3203022 0.9472169 0.9415246 0.7597411 0.0000000 1.2428545 2.1681772 2.1900566 2.2461937 2.2970010 2.3572840 2.3347292 1.9358686 3.0296169 3.0796343 2.5673004 2.1071036 2.1676896 2.1652179 2.0275724 2.3501730 2.0855226 2.1874328 2.0287377 1.8773962 2.2048286 2.2896594 2.2467029 2.3316037 2.3563569 2.4281028 2.7015189 2.5399534 2.4759391 2.5265233 2.6141316 2.6443289 2.7497266 2.9404064 3.3746736 
Plespi_Pspi_scaffold13959_01                           1.6059768 1.6967016 1.6095849 1.5192243 1.6045216 1.5454923 1.6184018 1.6862550 1.4707866 1.2986035 1.2628580 1.2546346 1.5637599 1.3912529 1.4382536 1.5111711 1.6711122 1.5300125 1.6009367 1.7732381 1.8893221 1.5846725 1.7373588 2.0132490 2.4527457 1.6566215 1.6294542 1.9002326 1.8299843 1.9235982 1.9664042 1.5694845 1.7926340 1.6020113 1.3569317 1.4115360 1.2649416 1.1921309 1.1273972 1.2428545 0.0000000 2.0091293 2.0716344 2.0203738 2.1238393 2.0915512 2.0913044 2.1946205 2.8764659 3.2331767 2.6652407 2.1151497 2.2691307 2.3567331 2.0084974 2.5758482 2.1068498 2.2776576 2.0129372 2.0535054 2.1939943 2.2889868 2.3067720 2.8266125 2.7407276 2.2105794 2.3910366 1.9754085 2.0246163 2.0954518 2.3820007 2.4257763 2.2275339 2.1301188 2.5141367 
Tadh_TriadT55049                                       1.7800915 2.0496005 1.9024337 2.1661503 1.8729826 1.9968147 1.8637308 2.3518604 1.6313307 2.0773208 1.8874280 1.7703574 1.8047924 1.7638485 1.7746358 1.7547195 1.9915111 1.9617347 1.8203501 2.0348135 2.0107112 1.9392409 2.1074117 2.2753075 2.2172543 2.1907605 2.1332971 2.1545467 2.1187720 2.1654756 2.1784551 2.3165833 2.0305527 1.8410187 2.3056430 2.2077577 1.9766388 1.9957444 1.9352292 2.1681772 2.0091293 0.0000000 0.0000010 0.2529152 0.2401640 0.2394565 0.2376429 0.2772090 3.6132855 3.2074426 3.0507040 2.4648656 2.3776503 2.4514975 2.4647060 2.5920591 2.2703250 2.5101109 2.4794604 2.2560905 2.5944485 2.6766914 2.3311045 2.8585722 3.0326819 2.5160277 2.7623166 2.7730120 2.7888291 2.7760496 2.6632667 2.5792763 2.8735091 3.2300683 3.2231024 
TrH2_TrispH2_005740-RA                                 1.7968119 2.0248099 1.8732411 2.1739411 1.9152062 2.0468494 1.9171627 2.3796291 1.6279110 2.0924104 1.9129566 1.7683032 1.8914749 1.7567975 1.7867866 1.7547195 1.9887262 1.9612311 1.8310025 2.1035282 2.0665628 1.9576682 2.1194844 2.3009419 2.2522844 2.1417464 2.1469508 2.1589519 2.0778599 2.1278521 2.1252940 2.2926758 2.0730395 1.8475985 2.4156158 2.2891356 2.0537284 2.0462084 1.9791539 2.1900566 2.0716344 0.0000010 0.0000000 0.2490577 0.2343231 0.2298601 0.2282132 0.2752015 3.6232402 3.3235088 3.0676894 2.4376320 2.3361766 2.4449934 2.4224464 2.5668009 2.2675295 2.4746453 2.4517370 2.2105887 2.5584103 2.5505593 2.3694401 2.8597980 2.9609979 2.4946239 2.7579374 2.7162498 2.7288102 2.7247236 2.6406478 2.5629250 2.7939268 3.0676227 3.3253375 
HoiH06_mRNA6064                                        1.8654496 2.0332501 1.8041805 2.2529052 1.8482273 2.0989690 1.8402287 2.3009947 1.6516546 2.0162693 1.9036463 1.7944945 1.8527407 1.7733331 1.8103756 1.7267330 2.0134118 1.8871837 1.7969820 2.2251927 2.1881895 1.9783944 2.0222493 2.2788138 2.1562765 2.1475951 2.0931304 2.1957516 2.1463905 2.1580799 2.1431342 2.3519858 2.0438683 1.7258183 2.3473119 2.3533929 2.0824672 2.0813297 2.0700459 2.2461937 2.0203738 0.2529152 0.2490577 0.0000000 0.0445997 0.0909261 0.0844208 0.1833114 3.4549803 3.5031070 3.0730182 2.5024579 2.4483676 2.4352022 2.4554276 2.5752694 2.2332769 2.4991811 2.4029385 2.2614705 2.6001134 2.5886712 2.3849705 2.8781087 2.9738144 2.5755507 2.8319569 2.7388732 2.7028646 2.7226267 2.7032614 2.6564408 2.8576807 3.0687770 3.2950077 
HoiH23_PlH23_002446-RA                                 1.8858056 2.0173215 1.8635462 2.2406414 1.8979060 2.1006588 1.8614532 2.3826307 1.6794150 2.0274359 1.9295833 1.8419343 1.9626658 1.8233811 1.8323961 1.7646757 2.0366812 1.8951905 1.8084329 2.2595936 2.2051441 1.9749476 2.0580339 2.3290095 2.1941842 2.1482211 2.1593825 2.1739930 2.1634185 2.1055363 2.1178882 2.3063436 2.0765997 1.8172730 2.3743015 2.3267676 2.1181008 2.1033350 2.1572789 2.2970010 2.1238393 0.2401640 0.2343231 0.0445997 0.0000000 0.0849709 0.0843210 0.1728544 3.5277645 3.6849287 3.0937046 2.5244213 2.4977354 2.4088247 2.4413143 2.5721554 2.2851095 2.4769847 2.4287979 2.2702422 2.5158971 2.6581925 2.3928194 2.8944787 3.0488466 2.5562186 2.8614231 2.7505260 2.7351165 2.8024672 2.7939244 2.7460832 2.8341602 3.0840455 3.2555057 
Hhon_g09427.t1                                         1.8772772 1.9800728 1.8324549 2.3134446 1.9576777 2.1100204 1.9092513 2.2877503 1.6493557 2.0457695 1.9514829 1.8278892 1.9310790 1.7916797 1.8245039 1.8024559 1.9797341 1.9109420 1.8010628 2.2064731 2.0991476 1.9323827 2.0104509 2.3425095 2.2660485 2.0913067 2.1190106 2.1365247 2.0804116 2.0678561 2.0592630 2.4227760 2.0543752 1.8469567 2.3751649 2.3594912 2.1531715 2.0677415 2.0647838 2.3572840 2.0915512 0.2394565 0.2298601 0.0909261 0.0849709 0.0000000 0.0048057 0.1903043 3.5864994 3.4989724 3.0569616 2.5877744 2.5502779 2.4508158 2.4135878 2.6181661 2.2446949 2.4617531 2.4824871 2.2676611 2.4784497 2.6175111 2.3513897 2.8548294 2.9859015 2.5301461 2.8542441 2.7006259 2.6902493 2.7627621 2.6795411 2.6170254 2.8215555 2.9707534 3.2218217 
HoiH04_mRNA14627                                       1.8484803 1.9709675 1.8240487 2.2744316 1.9432310 2.0816797 1.9036389 2.2531171 1.6272188 2.0116550 1.9187469 1.7992239 1.9013014 1.7631315 1.8006017 1.7626284 1.9643898 1.8795375 1.7737590 2.2061261 2.0857371 1.8906836 1.9812274 2.3314131 2.2552023 2.0724659 2.1179714 2.1313798 2.0641668 2.0586387 2.0542698 2.4214036 2.0238029 1.8189496 2.3708205 2.3530723 2.1461951 2.0897499 2.0515137 2.3347292 2.0913044 0.2376429 0.2282132 0.0844208 0.0843210 0.0048057 0.0000000 0.1881093 3.5271844 3.4209929 3.0481938 2.5807752 2.5433175 2.4299818 2.3932907 2.6242000 2.2103650 2.4408957 2.5070875 2.2597912 2.4861500 2.6103370 2.3770046 2.8468228 2.9630243 2.5519322 2.9183374 2.7440840 2.7347933 2.7598394 2.6770919 2.6147819 2.8186227 3.0192704 3.2945175 
HoiH11_mRNA1899                                        1.7670512 1.8055946 1.5859141 1.8960813 1.7466642 2.0655828 1.8630015 2.3703340 1.6421847 1.8487838 1.8004065 1.7168769 1.8616302 1.7952422 1.6869603 1.8835445 1.9962694 1.8730896 1.7604243 2.0605781 2.0768450 1.8224857 1.9479500 2.1461502 2.2501519 2.0624577 2.1856064 2.0995776 2.0175458 2.1475278 2.0025965 2.1888405 2.1217158 1.8107953 2.4243290 2.1090058 1.9913131 1.9260785 1.9486639 1.9358686 2.1946205 0.2772090 0.2752015 0.1833114 0.1728544 0.1903043 0.1881093 0.0000000 3.9755539 4.3017839 3.3417135 2.3310214 2.3739046 2.3107042 2.1881974 2.6242654 2.1978882 2.5483502 2.4164079 2.0690740 2.3053982 2.3192685 2.2839540 2.7751331 3.1596301 2.4434238 2.6961252 2.5595602 2.5510080 2.4029122 2.4514052 2.3196996 2.5191472 2.8351777 3.0343077 
Mbre_EDQ92799                                          2.8509625 2.7601684 2.7911381 3.2754767 2.9688516 2.8803524 2.6306457 2.5984124 2.7853576 3.4133898 3.1972722 3.1643032 3.1382135 3.0550904 3.1082692 2.7061022 2.8495405 2.9080229 2.8575418 3.1547812 3.2606601 3.1747437 3.4635245 3.0285791 3.1312404 3.2974383 3.1661095 3.4722324 3.4440504 3.7176283 3.8540258 3.3597879 3.2358850 2.8354779 3.2130370 3.4062331 3.1057195 3.1352869 3.3465439 3.0296169 2.8764659 3.6132855 3.6232402 3.4549803 3.5277645 3.5864994 3.5271844 3.9755539 0.0000000 1.4193254 1.3871685 2.1039723 2.1115918 2.1141177 2.1142555 2.0612048 2.1756419 2.4317646 2.1119523 2.1567758 2.2591754 2.2003405 2.3907902 2.5544539 2.0652791 4.5386303 4.7699927 4.3671859 4.4813633 4.4552460 4.1259785 4.1126872 4.0597721 4.6960630 4.6578518 
