66
Hsap_ENST00000382643                                             0.0000000 0.3600334 0.5387875 0.1836595 0.6018784 0.5553998 0.3386017 0.5609071 0.2257340 0.3235083 0.2977259 0.3498712 0.5042320 0.3315095 0.4252126 0.4374805 0.4090868 0.4251968 0.4483268 0.1577342 0.4561110 0.4581277 0.3264161 0.3150568 0.3748555 0.4909046 0.4144463 0.4299160 0.3700075 0.3575038 0.3638470 0.5855914 0.4030997 0.4030997 0.4015698 0.4015698 0.3933093 0.4028989 0.4362081 0.3831799 0.5813346 0.4325456 0.4543970 0.5287792 0.4583796 0.4287382 0.3965540 0.5497128 0.5705885 0.3921964 0.4805160 0.6501383 0.7079844 0.6676075 0.5243091 0.5565423 0.5874583 0.6965876 0.7561930 0.7462901 0.6819937 0.7248174 0.7292477 0.6933239 1.0620206 2.0707879 
Bralan_BLAG04000258_2                                            0.3600334 0.0000000 0.4976436 0.1571878 0.5458366 0.5175573 0.3082930 0.5051830 0.2798792 0.3184836 0.3015847 0.3082602 0.4352677 0.2852869 0.3456306 0.3491361 0.3186257 0.3223761 0.3480047 0.3019760 0.4333888 0.4446780 0.3217085 0.2840063 0.3109102 0.4325854 0.4189811 0.4133003 0.3938085 0.3832878 0.3957113 0.4887210 0.3558731 0.3558731 0.3442420 0.3442420 0.3507697 0.3538231 0.4229909 0.3701821 0.4966591 0.4178987 0.4312108 0.4681069 0.3933670 0.3507337 0.3466317 0.5160916 0.5277121 0.4142617 0.4011361 0.5281888 0.5321922 0.5179542 0.4114162 0.4722795 0.4816140 0.6720895 0.6558838 0.6458289 0.5910293 0.6946986 0.6133457 0.5116299 0.9878052 1.2671213 
Mlei_ML0732.g5.i1                                                0.5387875 0.4976436 0.0000000 0.0459954 0.1144363 0.1328442 0.0787478 0.1309452 0.0878816 0.1109856 0.4177485 0.4760328 0.5388621 0.3332363 0.5053200 0.5182846 0.4556318 0.4667439 0.5001495 0.2645680 0.5424014 0.5201774 0.4373313 0.4187170 0.4158587 0.5278501 0.4309991 0.4621691 0.4629622 0.4172310 0.4290011 0.5151830 0.4653152 0.4653152 0.4466487 0.4466487 0.4423181 0.4576254 0.4311497 0.4564242 0.5972558 0.5954158 0.5068446 0.5683417 0.4546476 0.4845828 0.5075928 0.7182322 0.6782065 0.6604910 0.6333683 0.6971446 0.7803136 0.7058488 0.5914312 0.6780185 0.6542674 0.8351481 0.7805618 0.8332729 0.7918367 0.8310746 0.7129861 0.6569921 0.7301045 1.6906405 
Bolinf_Binf_sb1175551                                            0.1836595 0.1571878 0.0459954 0.0000000 0.0371060 0.0367972 0.0746995 0.0584933 0.0603753 0.0840044 0.1921473 0.1813520 0.2701498 0.2187320 0.2187320 0.2118676 0.2167345 0.2248802 0.2513352 0.2678002 0.2668226 0.2668226 0.1765595 0.2024167 0.1972333 0.2136920 0.2091232 0.1984512 0.1932885 0.1966793 0.1966793 0.2646683 0.2394448 0.2394448 0.2357588 0.2357588 0.2357588 0.2357588 0.2027800 0.2027800 0.3202921 0.2615758 0.2169517 0.2393063 0.2480050 0.2230902 0.1993447 0.3795533 0.3171985 0.2554353 0.3049264 0.3284842 0.4564142 0.4340088 0.2395168 0.3024900 0.2754855 0.3753902 0.3618148 0.3631274 0.4193472 0.4243322 0.4284270 0.2472436 0.5856346 3.1533850 
Lampan_Lpan_5448_01                                              0.6018784 0.5458366 0.1144363 0.0371060 0.0000000 0.1202966 0.0619651 0.1547391 0.1025120 0.0929767 0.4638963 0.4988712 0.5622444 0.3372543 0.5001888 0.5171388 0.4767870 0.4809512 0.5023566 0.3746222 0.5553523 0.5423799 0.4622589 0.4494494 0.4550189 0.5196701 0.4887317 0.4803973 0.4951876 0.4220941 0.4333198 0.5321909 0.4811364 0.4811364 0.4783300 0.4783300 0.4736272 0.4897857 0.4485115 0.4988597 0.6216108 0.6098210 0.5230441 0.5969000 0.4702199 0.5151333 0.5398400 0.7075882 0.7082061 0.7169896 0.6260033 0.7511299 0.8213367 0.7573686 0.6197319 0.6916600 0.7297740 0.8614452 0.8129238 0.8560822 0.8479470 0.9017722 0.7835710 0.6980518 0.7023370 1.7952591 
Vmul_SimC402112                                                  0.5553998 0.5175573 0.1328442 0.0367972 0.1202966 0.0000000 0.0267345 0.0992233 0.0784176 0.0532853 0.4407584 0.4423422 0.5068069 0.3479538 0.4943476 0.5014161 0.4924838 0.5019912 0.5253203 0.2731387 0.5347499 0.5439157 0.4155210 0.3978062 0.4211136 0.5135936 0.4722240 0.4753728 0.4606094 0.4016340 0.4125648 0.5372227 0.4390461 0.4390461 0.4225672 0.4225672 0.4184668 0.4333166 0.4227110 0.4697160 0.5663895 0.5749669 0.5335871 0.6064225 0.4209918 0.5097240 0.5302286 0.6732778 0.6700115 0.6659441 0.5766668 0.7113808 0.7117643 0.6473605 0.6526306 0.6839070 0.6968204 0.8985353 0.7839117 0.8041309 0.8271824 0.8409681 0.7434770 0.6942818 0.7472580 1.7259313 
Coemet_Cmet_scaffold14117_01                                     0.3386017 0.3082930 0.0787478 0.0746995 0.0619651 0.0267345 0.0000000 0.0618088 0.1134038 0.0115701 0.2453873 0.2436175 0.3257309 0.2935707 0.2953886 0.2913264 0.2994099 0.3108510 0.3366074 0.3042127 0.3335241 0.3355329 0.2192841 0.2435656 0.2328287 0.2977926 0.2703845 0.2561201 0.2282732 0.2074582 0.2181978 0.3419771 0.2457554 0.2457554 0.2439992 0.2439992 0.2439992 0.2439992 0.2153460 0.2153460 0.3465270 0.3738329 0.3123776 0.3868313 0.2780287 0.3029353 0.3079633 0.4743140 0.3946407 0.3858535 0.4258578 0.4398523 0.4090372 0.4089467 0.4081368 0.3743877 0.4041089 0.5088198 0.4854138 0.4570909 0.4687916 0.5218453 0.4928879 0.3357864 0.6997685 1.5486824 
Horcal_Hcv1.av93.c3.g70.i1                                       0.5609071 0.5051830 0.1309452 0.0584933 0.1547391 0.0992233 0.0618088 0.0000000 0.0814893 0.0804403 0.4590796 0.4709924 0.5288148 0.3612077 0.5328539 0.5413995 0.5137977 0.5203178 0.5626217 0.3227391 0.5545581 0.5640907 0.4213151 0.4379423 0.4241210 0.5541226 0.4690310 0.4988847 0.4485854 0.4172039 0.4392963 0.5689616 0.4344281 0.4344281 0.4179003 0.4179003 0.4138138 0.4286876 0.4641323 0.4829417 0.5776695 0.5765476 0.5233563 0.6221305 0.4358411 0.4699056 0.5033587 0.6623657 0.6614316 0.6791730 0.6226025 0.7401117 0.7644835 0.7070053 0.6858654 0.6564183 0.6989404 0.9292258 0.8458437 0.8540720 0.7678997 0.8505559 0.6820161 0.6279222 0.7192356 1.7488800 
Drygla_Dgla_sb288511                                             0.2257340 0.2798792 0.0878816 0.0603753 0.1025120 0.0784176 0.1134038 0.0814893 0.0000000 0.1199847 0.2119600 0.2212864 0.2659932 0.2246821 0.2343841 0.2368247 0.2370041 0.2499769 0.2619791 0.2455642 0.2869460 0.2869460 0.1897400 0.2237785 0.2280222 0.2826040 0.2217628 0.2153576 0.2229248 0.2129746 0.2129746 0.3282291 0.2421302 0.2421302 0.2401174 0.2401174 0.2401174 0.2401174 0.2164931 0.2164931 0.3120875 0.2816095 0.2640048 0.2844618 0.2569661 0.2769556 0.2748511 0.3971775 0.3529153 0.2975573 0.3119442 0.3354435 0.3824296 0.3596982 0.2694971 0.3357472 0.3595499 0.4294788 0.3958880 0.4209555 0.4220716 0.4747401 0.4787024 0.2868648 0.4638820 1.8083801 
Coeast_Cast_sb801261                                             0.3235083 0.3184836 0.1109856 0.0840044 0.0929767 0.0532853 0.0115701 0.0804403 0.1199847 0.0000000 0.2553406 0.2535321 0.3200992 0.3013632 0.3032304 0.2990694 0.3071457 0.3186271 0.3447844 0.3042127 0.3468329 0.3468329 0.2299409 0.2536005 0.2426879 0.2979668 0.2674604 0.2529712 0.2380939 0.2035490 0.2144500 0.3564776 0.2567442 0.2567442 0.2549077 0.2549077 0.2549077 0.2549077 0.2255387 0.2255387 0.3665149 0.3500999 0.3065239 0.3745929 0.2751947 0.3256651 0.3302902 0.4604580 0.3791285 0.4051414 0.4170031 0.4332869 0.4096161 0.4131074 0.4000110 0.3681951 0.4276271 0.5069281 0.4803946 0.4527698 0.4654451 0.5291778 0.4742515 0.3458233 0.6267501 1.5594526 
Cgig_XM_011435019.3                                              0.2977259 0.3015847 0.4177485 0.1921473 0.4638963 0.4407584 0.2453873 0.4590796 0.2119600 0.2553406 0.0000000 0.1316275 0.3808371 0.2247466 0.3133892 0.3120396 0.2806497 0.2845215 0.3286430 0.1614865 0.2572885 0.2563101 0.2271376 0.1954846 0.2273626 0.3175694 0.2637808 0.2749710 0.2169307 0.2058275 0.2135335 0.3062899 0.2953984 0.2953984 0.2856230 0.2856230 0.2884104 0.2985330 0.2794715 0.2617024 0.3559625 0.3506841 0.3375276 0.3598748 0.3003738 0.2589678 0.2717961 0.4237493 0.4185727 0.2774444 0.3766233 0.4087949 0.5143356 0.4544866 0.3367467 0.4117080 0.4133677 0.5499421 0.5776275 0.5885582 0.5260186 0.5429505 0.5707068 0.4904599 0.8874460 1.1922084 
Acagra_model.g15385.t1.2.5d3b87e2                                0.3498712 0.3082602 0.4760328 0.1813520 0.4988712 0.4423422 0.2436175 0.4709924 0.2212864 0.2535321 0.1316275 0.0000000 0.4122152 0.2036154 0.2748261 0.2764573 0.2729003 0.2766923 0.2827795 0.1376332 0.2906153 0.3012379 0.2459724 0.2146623 0.2495425 0.3233609 0.2696484 0.2897411 0.2362101 0.2445317 0.2533098 0.3507266 0.3145268 0.3145268 0.3223025 0.3223025 0.3253445 0.3233690 0.3084040 0.2781904 0.3946921 0.3292574 0.3715726 0.3747066 0.3188759 0.3092162 0.3023626 0.4685849 0.4320178 0.2599568 0.3853451 0.4897177 0.5583759 0.5058401 0.4187891 0.4892612 0.4942504 0.6295955 0.5704938 0.5920232 0.5999448 0.6147409 0.5606869 0.5009962 0.8614831 1.1942546 
Nvec_NVE22372                                                    0.5042320 0.4352677 0.5388621 0.2701498 0.5622444 0.5068069 0.3257309 0.5288148 0.2659932 0.3200992 0.3808371 0.4122152 0.0000000 0.1825530 0.2706006 0.2694290 0.2591622 0.2831948 0.2935538 0.1295379 0.3668026 0.3845671 0.3383682 0.3728139 0.3597207 0.3519538 0.4017825 0.4339346 0.4062590 0.3873335 0.3897360 0.4142410 0.3680230 0.3680230 0.3718575 0.3718575 0.3642780 0.3629060 0.3860789 0.4071044 0.2262664 0.3762172 0.4260611 0.4501890 0.3512966 0.4218843 0.4231577 0.5329550 0.4784197 0.4323432 0.5070846 0.5498514 0.5958749 0.5091586 0.5199842 0.5654803 0.5188543 0.6672092 0.6469291 0.6189066 0.6524907 0.6378439 0.6104320 0.3892138 0.9317365 1.3668167 
Adig_XM_015921065.1                                              0.3315095 0.2852869 0.3332363 0.2187320 0.3372543 0.3479538 0.2935707 0.3612077 0.2246821 0.3013632 0.2247466 0.2036154 0.1825530 0.0000000 0.0218419 0.0351348 0.0694592 0.0890844 0.0790510 0.0926550 0.2155058 0.2264048 0.2069167 0.2090011 0.1892888 0.2140197 0.2111710 0.2060523 0.2276265 0.2369598 0.2513786 0.2520158 0.2684666 0.2684666 0.2692994 0.2692994 0.2623115 0.2608138 0.2093694 0.2134944 0.2124461 0.2782366 0.2900668 0.3192550 0.2246559 0.2662543 0.2714618 0.3697009 0.3506943 0.2750807 0.3504674 0.4099483 0.4015017 0.3615612 0.3394050 0.3705252 0.3635381 0.5229343 0.5003206 0.4914137 0.4664179 0.5257279 0.4328127 0.1063951 0.9397392 1.0995140 
Amil_Amillepora12709-RA                                          0.4252126 0.3456306 0.5053200 0.2187320 0.5001888 0.4943476 0.2953886 0.5328539 0.2343841 0.3032304 0.3133892 0.2748261 0.2706006 0.0218419 0.0000000 0.0359538 0.0809337 0.0994902 0.0814543 0.1143108 0.2946392 0.3147156 0.2466584 0.2686849 0.2494566 0.2695109 0.3013362 0.2966821 0.2817198 0.2913826 0.3015576 0.3135164 0.3256742 0.3256742 0.3316685 0.3316685 0.3244139 0.3176843 0.3251096 0.2708419 0.3070664 0.3297958 0.3380657 0.3779852 0.2837457 0.3424920 0.3467852 0.4317720 0.4294935 0.3292255 0.4182897 0.5053121 0.4532294 0.4302013 0.4385257 0.4002181 0.4250139 0.5926340 0.6190408 0.6011433 0.5680140 0.6393076 0.5944000 0.2392444 0.9397392 1.2489351 
Gfas_gfas1.m1.13488.m1                                           0.4374805 0.3491361 0.5182846 0.2118676 0.5171388 0.5014161 0.2913264 0.5413995 0.2368247 0.2990694 0.3120396 0.2764573 0.2694290 0.0351348 0.0359538 0.0000000 0.0763108 0.0947713 0.0731563 0.0923727 0.2958015 0.3232806 0.2506947 0.2693490 0.2503785 0.2704762 0.3046732 0.3059630 0.3021851 0.3087753 0.3193116 0.3209173 0.3415205 0.3415205 0.3328347 0.3328347 0.3256324 0.3314431 0.3256634 0.2743487 0.3155401 0.3231202 0.3513797 0.3985666 0.2991908 0.3471678 0.3486584 0.4277717 0.4334540 0.3219523 0.4331866 0.4957572 0.4603135 0.4458215 0.4321017 0.4235414 0.4303113 0.6030933 0.6255030 0.6011982 0.5949457 0.6497603 0.5798930 0.2310438 0.9487661 1.2585773 
Spis_XP_022787401_1                                              0.4090868 0.3186257 0.4556318 0.2167345 0.4767870 0.4924838 0.2994099 0.5137977 0.2370041 0.3071457 0.2806497 0.2729003 0.2591622 0.0694592 0.0809337 0.0763108 0.0000000 0.0237120 0.0808172 0.0739096 0.2823123 0.2880390 0.2648527 0.2410627 0.2391495 0.2812282 0.3089338 0.3199220 0.3038872 0.3109107 0.3217382 0.3081072 0.3203579 0.3203579 0.3112702 0.3112702 0.3041874 0.3099159 0.2986405 0.2714003 0.3177030 0.3089247 0.3487658 0.4003712 0.2849864 0.3349137 0.3421453 0.4388348 0.4325730 0.3135740 0.4267020 0.5036087 0.4524147 0.4193212 0.4359361 0.4183714 0.4123445 0.5823920 0.5867896 0.5532944 0.5771200 0.6253342 0.5858557 0.2332605 0.9328441 1.1987985 
Pocdam_XM_027182054.1                                            0.4251968 0.3223761 0.4667439 0.2248802 0.4809512 0.5019912 0.3108510 0.5203178 0.2499769 0.3186271 0.2845215 0.2766923 0.2831948 0.0890844 0.0994902 0.0947713 0.0237120 0.0000000 0.0970180 0.0553854 0.3025496 0.3086865 0.2686709 0.2536138 0.2504979 0.2978010 0.3143308 0.3254450 0.2958872 0.3167561 0.3276880 0.3007361 0.3328392 0.3328392 0.3453143 0.3453143 0.3380375 0.3439031 0.3237863 0.2959217 0.3091971 0.3001263 0.3791197 0.4318059 0.2994616 0.3526508 0.3610526 0.4582691 0.4479443 0.3185758 0.4439664 0.5156944 0.4631064 0.4294356 0.4456688 0.4159281 0.4159401 0.5823697 0.6037237 0.5648118 0.5971185 0.6172633 0.6098137 0.2553203 0.9580894 1.2087004 
Fspp_ffun1.m4.3224.m1                                            0.4483268 0.3480047 0.5001495 0.2513352 0.5023566 0.5253203 0.3366074 0.5626217 0.2619791 0.3447844 0.3286430 0.2827795 0.2935538 0.0790510 0.0814543 0.0731563 0.0808172 0.0970180 0.0000000 0.1110655 0.3128099 0.3083360 0.2718372 0.2786178 0.2705963 0.3012050 0.3160388 0.3310229 0.3259079 0.3317783 0.3426950 0.3418051 0.3619355 0.3619355 0.3649051 0.3649051 0.3576156 0.3508853 0.3368284 0.2963249 0.3417751 0.3396600 0.3607144 0.3986283 0.2869679 0.3383413 0.3582580 0.4395433 0.4653496 0.3285344 0.4409478 0.5320726 0.4801634 0.4194544 0.4707388 0.4038186 0.4062365 0.5900157 0.6258651 0.5981180 0.6157946 0.6739612 0.5913541 0.1811148 0.8990614 1.2156682 
Aaur_scaffold7080.g1.t1                                          0.1577342 0.3019760 0.2645680 0.2678002 0.3746222 0.2731387 0.3042127 0.3227391 0.2455642 0.3042127 0.1614865 0.1376332 0.1295379 0.0926550 0.1143108 0.0923727 0.0739096 0.0553854 0.1110655 0.0000000 0.0351583 0.0351583 0.0956615 0.1173554 0.1181468 0.1378737 0.1376332 0.1376332 0.2098270 0.2071337 0.2071337 0.1651646 0.1915067 0.1915067 0.1915067 0.1915067 0.1915067 0.1915067 0.1609568 0.1609568 0.1120404 0.1822310 0.2293665 0.3561831 0.1839203 0.2846167 0.3067309 0.4354989 0.1860826 0.1978297 0.2928612 0.3977610 0.1840392 0.1643863 0.2843522 0.2707248 0.3982809 0.5085045 0.5769035 0.5322565 0.3786545 0.7059748 0.3452268 0.1787308 5.8523049 4.4897700 
Nemnom_g16067.t1                                                 0.4561110 0.4333888 0.5424014 0.2668226 0.5553523 0.5347499 0.3335241 0.5545581 0.2869460 0.3468329 0.2572885 0.2906153 0.3668026 0.2155058 0.2946392 0.2958015 0.2823123 0.3025496 0.3128099 0.0351583 0.0000000 0.0249957 0.3222578 0.3358294 0.3338651 0.1896401 0.3950815 0.3920197 0.3902117 0.3629543 0.3797792 0.2620921 0.3706988 0.3706988 0.3924107 0.3924107 0.3992745 0.3776440 0.3510076 0.3548998 0.3682417 0.4084168 0.4069598 0.4338061 0.3751861 0.4119608 0.4058681 0.4840593 0.4863357 0.4013453 0.4537137 0.5621858 0.5949084 0.5122393 0.4514358 0.5262231 0.4985521 0.6933184 0.7025494 0.6721610 0.6172058 0.6661867 0.5860223 0.4234798 1.2105732 1.0436172 
Rhoesc_Res_001355-T1                                             0.4581277 0.4446780 0.5201774 0.2668226 0.5423799 0.5439157 0.3355329 0.5640907 0.2869460 0.3468329 0.2563101 0.3012379 0.3845671 0.2264048 0.3147156 0.3232806 0.2880390 0.3086865 0.3083360 0.0351583 0.0249957 0.0000000 0.3189210 0.3485071 0.3507267 0.2008343 0.3949415 0.3790524 0.3951799 0.3774568 0.3948034 0.2417680 0.3644191 0.3644191 0.3784998 0.3784998 0.3851753 0.3641737 0.3496497 0.3551641 0.3862493 0.4340951 0.4159935 0.4497442 0.3748946 0.4219678 0.4142024 0.5172677 0.5199784 0.4051775 0.4713685 0.5649174 0.6291909 0.5264982 0.4854224 0.5252619 0.5115748 0.6999145 0.7337557 0.6962041 0.6462577 0.7099980 0.6163823 0.4407093 1.2374782 1.0626160 
Plajan_Pjan_C553473_01                                           0.3264161 0.3217085 0.4373313 0.1765595 0.4622589 0.4155210 0.2192841 0.4213151 0.1897400 0.2299409 0.2271376 0.2459724 0.3383682 0.2069167 0.2466584 0.2506947 0.2648527 0.2686709 0.2718372 0.0956615 0.3222578 0.3189210 0.0000000 0.2049417 0.2198302 0.3763376 0.2648846 0.2574549 0.2132033 0.2270620 0.2358955 0.3477748 0.2290491 0.2290491 0.2331621 0.2331621 0.2267475 0.2351072 0.1794393 0.1471439 0.3514537 0.3496138 0.3587959 0.4163444 0.2785183 0.2324156 0.2379771 0.4163612 0.4104718 0.3133194 0.4104576 0.4672242 0.4773325 0.4279402 0.3798851 0.4267527 0.4114293 0.5572172 0.5917399 0.5052151 0.5254736 0.6030447 0.5745880 0.4557581 0.8656536 1.3743888 
Tetwil_g25723.t1                                                 0.3150568 0.2840063 0.4187170 0.2024167 0.4494494 0.3978062 0.2435656 0.4379423 0.2237785 0.2536005 0.1954846 0.2146623 0.3728139 0.2090011 0.2686849 0.2693490 0.2410627 0.2536138 0.2786178 0.1173554 0.3358294 0.3485071 0.2049417 0.0000000 0.1254892 0.3296664 0.2274941 0.2441669 0.1957345 0.2071371 0.2154348 0.4145141 0.2790049 0.2790049 0.2623193 0.2623193 0.2557612 0.2749376 0.2765072 0.2438628 0.3461421 0.3099169 0.3368001 0.3764451 0.2344135 0.3109420 0.3027101 0.4546809 0.4182840 0.2806368 0.3682854 0.4708410 0.5553060 0.4883868 0.4531437 0.4442648 0.4626719 0.5863576 0.5443862 0.5115239 0.4766663 0.5416897 0.5373036 0.4753264 0.9127794 1.2675385 
Stycar_augustus_masked-SC_scaffold7302-processed-gene-0.2-mRNA-1 0.3748555 0.3109102 0.4158587 0.1972333 0.4550189 0.4211136 0.2328287 0.4241210 0.2280222 0.2426879 0.2273626 0.2495425 0.3597207 0.1892888 0.2494566 0.2503785 0.2391495 0.2504979 0.2705963 0.1181468 0.3338651 0.3507267 0.2198302 0.1254892 0.0000000 0.3186929 0.2323875 0.2480683 0.2169184 0.2059858 0.2142978 0.3884762 0.2897712 0.2897712 0.2725732 0.2725732 0.2658278 0.2855268 0.3198033 0.2631238 0.3369382 0.3173352 0.3686186 0.4240609 0.1871730 0.2803399 0.2902612 0.4378460 0.4682678 0.3016124 0.3829792 0.4389522 0.5095490 0.4460656 0.4220282 0.3953946 0.4126839 0.5476691 0.5775593 0.5735700 0.4863532 0.5407771 0.5528135 0.3935154 0.8812635 1.2131426 
Morvir_scaffold43.g42.t1                                         0.4909046 0.4325854 0.5278501 0.2136920 0.5196701 0.5135936 0.2977926 0.5541226 0.2826040 0.2979668 0.3175694 0.3233609 0.3519538 0.2140197 0.2695109 0.2704762 0.2812282 0.2978010 0.3012050 0.1378737 0.1896401 0.2008343 0.3763376 0.3296664 0.3186929 0.0000000 0.3940877 0.3916929 0.3627254 0.3596996 0.3790594 0.2314973 0.3978285 0.3978285 0.4088338 0.4088338 0.4156968 0.4073361 0.3881561 0.3673846 0.3629694 0.4240713 0.3893864 0.4332988 0.3485833 0.3957376 0.3957895 0.5531398 0.4838169 0.4427287 0.4687713 0.5428070 0.5951611 0.4809922 0.4792707 0.4680571 0.4853059 0.6988401 0.6791141 0.6255111 0.6587700 0.6931695 0.6181129 0.4381128 1.0653873 0.9715154 
Aque_Aqu2.1.32258_001                                            0.4144463 0.4189811 0.4309991 0.2091232 0.4887317 0.4722240 0.2703845 0.4690310 0.2217628 0.2674604 0.2637808 0.2696484 0.4017825 0.2111710 0.3013362 0.3046732 0.3089338 0.3143308 0.3160388 0.1376332 0.3950815 0.3949415 0.2648846 0.2274941 0.2323875 0.3940877 0.0000000 0.0863729 0.1801341 0.1964121 0.2038551 0.4068700 0.3396876 0.3396876 0.3281357 0.3281357 0.3210467 0.3338651 0.3134174 0.2927239 0.4101680 0.3549567 0.3614497 0.3835527 0.2688175 0.3230345 0.3361839 0.4984921 0.4958298 0.3716247 0.3999707 0.5635492 0.5898515 0.5507687 0.4654518 0.5054489 0.5354815 0.6092727 0.6253815 0.6286658 0.5729200 0.6218926 0.6354214 0.5114204 0.9559574 1.2864296 
Halamb_c38250_g1_i1m.10659                                       0.4299160 0.4133003 0.4621691 0.1984512 0.4803973 0.4753728 0.2561201 0.4988847 0.2153576 0.2529712 0.2749710 0.2897411 0.4339346 0.2060523 0.2966821 0.3059630 0.3199220 0.3254450 0.3310229 0.1376332 0.3920197 0.3790524 0.2574549 0.2441669 0.2480683 0.3916929 0.0863729 0.0000000 0.1819538 0.2152616 0.2230895 0.3899360 0.3215793 0.3215793 0.3129160 0.3129160 0.3060741 0.3180942 0.3420393 0.3084018 0.4540198 0.3666521 0.3762847 0.3900792 0.2745997 0.3301191 0.3384819 0.4988693 0.5126924 0.4124022 0.4034430 0.5507726 0.5867331 0.5356956 0.4819821 0.5022991 0.5293278 0.6299666 0.6240377 0.6230786 0.6013277 0.6792638 0.6438283 0.5157085 0.9717895 1.2125177 
Xestes_maker-XT_scaffold471-augustus-gene-0.17-mRNA-1            0.3700075 0.3938085 0.4629622 0.1932885 0.4951876 0.4606094 0.2282732 0.4485854 0.2229248 0.2380939 0.2169307 0.2362101 0.4062590 0.2276265 0.2817198 0.3021851 0.3038872 0.2958872 0.3259079 0.2098270 0.3902117 0.3951799 0.2132033 0.1957345 0.2169184 0.3627254 0.1801341 0.1819538 0.0000000 0.1888202 0.1966360 0.3737214 0.3037154 0.3037154 0.3102080 0.3102080 0.3033858 0.3112619 0.3492317 0.2864552 0.3761421 0.3422774 0.3345741 0.3936741 0.2809526 0.2667625 0.2791953 0.4557836 0.4248553 0.3398551 0.4115168 0.4741540 0.5357793 0.5162220 0.4317301 0.4159789 0.4714616 0.5435797 0.5298076 0.4687733 0.5225381 0.5420785 0.5765174 0.5021851 0.9110456 1.1588771 
Emue_Em0019g919a.t1                                              0.3575038 0.3832878 0.4172310 0.1966793 0.4220941 0.4016340 0.2074582 0.4172039 0.2129746 0.2035490 0.2058275 0.2445317 0.3873335 0.2369598 0.2913826 0.3087753 0.3109107 0.3167561 0.3317783 0.2071337 0.3629543 0.3774568 0.2270620 0.2071371 0.2059858 0.3596996 0.1964121 0.2152616 0.1888202 0.0000000 0.0080141 0.3585546 0.2591712 0.2591712 0.2720517 0.2720517 0.2780821 0.2601341 0.2996112 0.2670232 0.3986181 0.3941803 0.3587737 0.4136339 0.2605647 0.3078945 0.3277097 0.4848248 0.4365151 0.2954359 0.3209121 0.4856485 0.4824446 0.4353538 0.4412256 0.3908893 0.4386568 0.5294273 0.5115677 0.5034295 0.4947262 0.4729565 0.5597246 0.4898324 0.8971012 1.1394096 
Spolac_c83014_g1_i1_m.3177c83014-g1                              0.3638470 0.3957113 0.4290011 0.1966793 0.4333198 0.4125648 0.2181978 0.4392963 0.2129746 0.2144500 0.2135335 0.2533098 0.3897360 0.2513786 0.3015576 0.3193116 0.3217382 0.3276880 0.3426950 0.2071337 0.3797792 0.3948034 0.2358955 0.2154348 0.2142978 0.3790594 0.2038551 0.2230895 0.1966360 0.0080141 0.0000000 0.3684969 0.2672730 0.2672730 0.2803979 0.2803979 0.2864955 0.2682697 0.3086744 0.2766329 0.4106252 0.4069333 0.3709031 0.4268381 0.2702060 0.3170848 0.3370689 0.4897575 0.4406630 0.3083622 0.3304817 0.4861988 0.4976017 0.4567361 0.4530508 0.4040025 0.4608920 0.5286500 0.5171473 0.5088342 0.5085975 0.4859050 0.5774872 0.5063811 0.8971012 1.1694733 
Chem_TCONS_00065403                                              0.5855914 0.4887210 0.5151830 0.2646683 0.5321909 0.5372227 0.3419771 0.5689616 0.3282291 0.3564776 0.3062899 0.3507266 0.4142410 0.2520158 0.3135164 0.3209173 0.3081072 0.3007361 0.3418051 0.1651646 0.2620921 0.2417680 0.3477748 0.4145141 0.3884762 0.2314973 0.4068700 0.3899360 0.3737214 0.3585546 0.3684969 0.0000000 0.3743727 0.3743727 0.3787827 0.3787827 0.3852225 0.3773827 0.4148772 0.4024274 0.4441507 0.4911687 0.4731659 0.4961537 0.3770272 0.4128987 0.4420056 0.6169872 0.5489233 0.4057770 0.4588825 0.5923720 0.5818217 0.5014875 0.5366359 0.5206927 0.5487209 0.7193083 0.7171151 0.6575603 0.6624215 0.7288911 0.7161146 0.5424169 1.1627337 0.8206311 
Tadh_wf_g6190.t1                                                 0.4030997 0.3558731 0.4653152 0.2394448 0.4811364 0.4390461 0.2457554 0.4344281 0.2421302 0.2567442 0.2953984 0.3145268 0.3680230 0.2684666 0.3256742 0.3415205 0.3203579 0.3328392 0.3619355 0.1915067 0.3706988 0.3644191 0.2290491 0.2790049 0.2897712 0.3978285 0.3396876 0.3215793 0.3037154 0.2591712 0.2672730 0.3743727 0.0000000 0.0000010 0.0243246 0.0243246 0.0284724 0.0160422 0.2670654 0.2322707 0.3795398 0.4263476 0.3646381 0.4405293 0.3672848 0.3115161 0.3259266 0.4952388 0.4233933 0.3734656 0.3761144 0.4366045 0.5153190 0.4958570 0.5045538 0.4337128 0.4456323 0.5782782 0.6188529 0.5571558 0.5337925 0.6029387 0.5662189 0.4740508 0.9554407 1.1444808 
TrH2_TrispH2_005065-RA                                           0.4030997 0.3558731 0.4653152 0.2394448 0.4811364 0.4390461 0.2457554 0.4344281 0.2421302 0.2567442 0.2953984 0.3145268 0.3680230 0.2684666 0.3256742 0.3415205 0.3203579 0.3328392 0.3619355 0.1915067 0.3706988 0.3644191 0.2290491 0.2790049 0.2897712 0.3978285 0.3396876 0.3215793 0.3037154 0.2591712 0.2672730 0.3743727 0.0000010 0.0000000 0.0243246 0.0243246 0.0284724 0.0160422 0.2670654 0.2322707 0.3795398 0.4263476 0.3646381 0.4405293 0.3672848 0.3115161 0.3259266 0.4952388 0.4233933 0.3734656 0.3761144 0.4366045 0.5153190 0.4958570 0.5045538 0.4337128 0.4456323 0.5782782 0.6188529 0.5571558 0.5337925 0.6029387 0.5662189 0.4740508 0.9554407 1.1444808 
HoiH06_mRNA2064                                                  0.4015698 0.3442420 0.4466487 0.2357588 0.4783300 0.4225672 0.2439992 0.4179003 0.2401174 0.2549077 0.2856230 0.3223025 0.3718575 0.2692994 0.3316685 0.3328347 0.3112702 0.3453143 0.3649051 0.1915067 0.3924107 0.3784998 0.2331621 0.2623193 0.2725732 0.4088338 0.3281357 0.3129160 0.3102080 0.2720517 0.2803979 0.3787827 0.0243246 0.0243246 0.0000000 0.0000010 0.0039397 0.0079274 0.2485691 0.2160683 0.3840888 0.4151050 0.3617962 0.4411628 0.3545543 0.3050501 0.3255569 0.4908804 0.4235759 0.3545956 0.3863970 0.4309460 0.5036849 0.4830994 0.5026445 0.4523520 0.4682710 0.5818318 0.6376187 0.5749297 0.5432280 0.6237328 0.5760280 0.4783830 0.9477691 1.1925185 
Hhon_g03576.t1                                                   0.4015698 0.3442420 0.4466487 0.2357588 0.4783300 0.4225672 0.2439992 0.4179003 0.2401174 0.2549077 0.2856230 0.3223025 0.3718575 0.2692994 0.3316685 0.3328347 0.3112702 0.3453143 0.3649051 0.1915067 0.3924107 0.3784998 0.2331621 0.2623193 0.2725732 0.4088338 0.3281357 0.3129160 0.3102080 0.2720517 0.2803979 0.3787827 0.0243246 0.0243246 0.0000010 0.0000000 0.0039397 0.0079274 0.2485691 0.2160683 0.3840888 0.4151050 0.3617962 0.4411628 0.3545543 0.3050501 0.3255569 0.4908804 0.4235759 0.3545956 0.3863970 0.4309460 0.5036849 0.4830994 0.5026445 0.4523520 0.4682710 0.5818318 0.6376187 0.5749297 0.5432280 0.6237328 0.5760280 0.4783830 0.9477691 1.1925185 
HoiH23_PlH23_001396-RA                                           0.3933093 0.3507697 0.4423181 0.2357588 0.4736272 0.4184668 0.2439992 0.4138138 0.2401174 0.2549077 0.2884104 0.3253445 0.3642780 0.2623115 0.3244139 0.3256324 0.3041874 0.3380375 0.3576156 0.1915067 0.3992745 0.3851753 0.2267475 0.2557612 0.2658278 0.4156968 0.3210467 0.3060741 0.3033858 0.2780821 0.2864955 0.3852225 0.0284724 0.0284724 0.0039397 0.0039397 0.0000000 0.0119313 0.2419305 0.2098262 0.3762526 0.4072338 0.3583732 0.4369422 0.3473292 0.2981589 0.3185938 0.4825590 0.4157890 0.3457518 0.3931541 0.4382448 0.5113124 0.4747252 0.5100333 0.4567528 0.4597471 0.5729693 0.6277218 0.5654824 0.5341390 0.6141288 0.5669990 0.4686812 0.9477691 1.2060266 
HoiH11_mRNA5423                                                  0.4028989 0.3538231 0.4576254 0.2357588 0.4897857 0.4333166 0.2439992 0.4286876 0.2401174 0.2549077 0.2985330 0.3233690 0.3629060 0.2608138 0.3176843 0.3314431 0.3099159 0.3439031 0.3508853 0.1915067 0.3776440 0.3641737 0.2351072 0.2749376 0.2855268 0.4073361 0.3338651 0.3180942 0.3112619 0.2601341 0.2682697 0.3773827 0.0160422 0.0160422 0.0079274 0.0079274 0.0119313 0.0000000 0.2570446 0.2224178 0.3858232 0.4226417 0.3602087 0.4349953 0.3623470 0.3119605 0.3325146 0.4989384 0.4310394 0.3668246 0.3877400 0.4399109 0.5058919 0.4896715 0.5152341 0.4536611 0.4601032 0.5831486 0.6347245 0.5723178 0.5446776 0.6238786 0.5775074 0.4629064 0.9477691 1.1563385 
Ocar_g7019                                                       0.4362081 0.4229909 0.4311497 0.2027800 0.4485115 0.4227110 0.2153460 0.4641323 0.2164931 0.2255387 0.2794715 0.3084040 0.3860789 0.2093694 0.3251096 0.3256634 0.2986405 0.3237863 0.3368284 0.1609568 0.3510076 0.3496497 0.1794393 0.2765072 0.3198033 0.3881561 0.3134174 0.3420393 0.3492317 0.2996112 0.3086744 0.4148772 0.2670654 0.2670654 0.2485691 0.2485691 0.2419305 0.2570446 0.0000000 0.1048901 0.4484777 0.3945805 0.3548444 0.4598378 0.3229011 0.3138771 0.3336563 0.5070195 0.5253873 0.4003744 0.4717075 0.5873829 0.5298923 0.5141094 0.4764314 0.5622362 0.4745345 0.6145277 0.6972738 0.6323628 0.6442549 0.6934924 0.6102499 0.5267609 0.9590648 1.3880728 
Opea_EP00118_Oscarella_pearsei_P009393                           0.3831799 0.3701821 0.4564242 0.2027800 0.4988597 0.4697160 0.2153460 0.4829417 0.2164931 0.2255387 0.2617024 0.2781904 0.4071044 0.2134944 0.2708419 0.2743487 0.2714003 0.2959217 0.2963249 0.1609568 0.3548998 0.3551641 0.1471439 0.2438628 0.2631238 0.3673846 0.2927239 0.3084018 0.2864552 0.2670232 0.2766329 0.4024274 0.2322707 0.2322707 0.2160683 0.2160683 0.2098262 0.2224178 0.1048901 0.0000000 0.4647846 0.3476131 0.3245641 0.4050540 0.3387816 0.2659234 0.2834634 0.4921526 0.5244074 0.3601531 0.4150953 0.4928314 0.4924766 0.4682829 0.4126962 0.4709021 0.4183469 0.5232088 0.6594561 0.5865950 0.5767598 0.5950572 0.6120567 0.4528760 0.9590648 1.3070075 
Exapal_XM_021059589.2                                            0.5813346 0.4966591 0.5972558 0.3202921 0.6216108 0.5663895 0.3465270 0.5776695 0.3120875 0.3665149 0.3559625 0.3946921 0.2262664 0.2124461 0.3070664 0.3155401 0.3177030 0.3091971 0.3417751 0.1120404 0.3682417 0.3862493 0.3514537 0.3461421 0.3369382 0.3629694 0.4101680 0.4540198 0.3761421 0.3986181 0.4106252 0.4441507 0.3795398 0.3795398 0.3840888 0.3840888 0.3762526 0.3858232 0.4484777 0.4647846 0.0000000 0.3983911 0.4758026 0.5354383 0.3860952 0.4623109 0.4904985 0.5379549 0.5004653 0.5167565 0.4671876 0.5406891 0.5651139 0.4865515 0.4632606 0.5113399 0.5153549 0.6571061 0.6964230 0.6664425 0.6785402 0.6959894 0.6853364 0.4671656 1.1004997 1.3711430 
Sros_EGD73519                                                    0.4325456 0.4178987 0.5954158 0.2615758 0.6098210 0.5749669 0.3738329 0.5765476 0.2816095 0.3500999 0.3506841 0.3292574 0.3762172 0.2782366 0.3297958 0.3231202 0.3089247 0.3001263 0.3396600 0.1822310 0.4084168 0.4340951 0.3496138 0.3099169 0.3173352 0.4240713 0.3549567 0.3666521 0.3422774 0.3941803 0.4069333 0.4911687 0.4263476 0.4263476 0.4151050 0.4151050 0.4072338 0.4226417 0.3945805 0.3476131 0.3983911 0.0000000 0.1439767 0.1878667 0.3848399 0.3732805 0.3718571 0.3122421 0.2775287 0.4260499 0.4057007 0.4157253 0.6830538 0.6079984 0.3524384 0.4277967 0.3584106 0.5752386 0.5145088 0.4947577 0.4984027 0.4791891 0.4576105 0.4645430 1.0070349 1.3727915 
Microa_EP00043_Microstomoeca_roanoka_P021419                     0.4543970 0.4312108 0.5068446 0.2169517 0.5230441 0.5335871 0.3123776 0.5233563 0.2640048 0.3065239 0.3375276 0.3715726 0.4260611 0.2900668 0.3380657 0.3513797 0.3487658 0.3791197 0.3607144 0.2293665 0.4069598 0.4159935 0.3587959 0.3368001 0.3686186 0.3893864 0.3614497 0.3762847 0.3345741 0.3587737 0.3709031 0.4731659 0.3646381 0.3646381 0.3617962 0.3617962 0.3583732 0.3602087 0.3548444 0.3245641 0.4758026 0.1439767 0.0000000 0.1723313 0.3693872 0.3509804 0.3631923 0.3282301 0.2987118 0.5291633 0.4178196 0.4041499 0.6308480 0.5850037 0.3422428 0.3506402 0.3386156 0.5704095 0.4786044 0.4609954 0.4648832 0.4937895 0.4036822 0.5142049 1.0149515 1.4191018 
Salinf_EP00049_Salpingoeca_infusionum_P026084                    0.5287792 0.4681069 0.5683417 0.2393063 0.5969000 0.6064225 0.3868313 0.6221305 0.2844618 0.3745929 0.3598748 0.3747066 0.4501890 0.3192550 0.3779852 0.3985666 0.4003712 0.4318059 0.3986283 0.3561831 0.4338061 0.4497442 0.4163444 0.3764451 0.4240609 0.4332988 0.3835527 0.3900792 0.3936741 0.4136339 0.4268381 0.4961537 0.4405293 0.4405293 0.4411628 0.4411628 0.4369422 0.4349953 0.4598378 0.4050540 0.5354383 0.1878667 0.1723313 0.0000000 0.4330662 0.4274549 0.4421289 0.3492807 0.3130614 0.5149826 0.3891519 0.4218216 0.7220741 0.6482269 0.3352385 0.4329363 0.3785967 0.5994980 0.5309708 0.5667665 0.5068068 0.5331999 0.4817894 0.5061403 1.1078374 1.4075023 
Plespi_Pspi_C603646_01                                           0.4583796 0.3933670 0.4546476 0.2480050 0.4702199 0.4209918 0.2780287 0.4358411 0.2569661 0.2751947 0.3003738 0.3188759 0.3512966 0.2246559 0.2837457 0.2991908 0.2849864 0.2994616 0.2869679 0.1839203 0.3751861 0.3748946 0.2785183 0.2344135 0.1871730 0.3485833 0.2688175 0.2745997 0.2809526 0.2605647 0.2702060 0.3770272 0.3672848 0.3672848 0.3545543 0.3545543 0.3473292 0.3623470 0.3229011 0.3387816 0.3860952 0.3848399 0.3693872 0.4330662 0.0000000 0.3243609 0.3381846 0.5348630 0.5218648 0.3694029 0.4259820 0.4947892 0.5025080 0.4620746 0.5023901 0.4552995 0.4363250 0.6268701 0.6056283 0.5833818 0.5543900 0.6242770 0.5399177 0.4777870 0.9691455 1.1719379 
Scil_scict011489.1                                               0.4287382 0.3507337 0.4845828 0.2230902 0.5151333 0.5097240 0.3029353 0.4699056 0.2769556 0.3256651 0.2589678 0.3092162 0.4218843 0.2662543 0.3424920 0.3471678 0.3349137 0.3526508 0.3383413 0.2846167 0.4119608 0.4219678 0.2324156 0.3109420 0.2803399 0.3957376 0.3230345 0.3301191 0.2667625 0.3078945 0.3170848 0.4128987 0.3115161 0.3115161 0.3050501 0.3050501 0.2981589 0.3119605 0.3138771 0.2659234 0.4623109 0.3732805 0.3509804 0.4274549 0.3243609 0.0000000 0.0512650 0.4279304 0.4529181 0.3313807 0.4145946 0.4607815 0.5647378 0.5025808 0.3872110 0.4908494 0.3858914 0.5392217 0.5916690 0.5639950 0.6018449 0.6009521 0.5442498 0.4362281 0.9419741 1.2250411 
Lcom_lcpid91134                                                  0.3965540 0.3466317 0.5075928 0.1993447 0.5398400 0.5302286 0.3079633 0.5033587 0.2748511 0.3302902 0.2717961 0.3023626 0.4231577 0.2714618 0.3467852 0.3486584 0.3421453 0.3610526 0.3582580 0.3067309 0.4058681 0.4142024 0.2379771 0.3027101 0.2902612 0.3957895 0.3361839 0.3384819 0.2791953 0.3277097 0.3370689 0.4420056 0.3259266 0.3259266 0.3255569 0.3255569 0.3185938 0.3325146 0.3336563 0.2834634 0.4904985 0.3718571 0.3631923 0.4421289 0.3381846 0.0512650 0.0000000 0.4361266 0.4542766 0.3489115 0.4179365 0.4582190 0.5991027 0.5307849 0.3767623 0.5019003 0.4129117 0.5433330 0.6134397 0.5809434 0.5947384 0.6052552 0.5583895 0.4518914 0.9689108 1.2341036 
Choper_EP00045_Choanoeca_perplexa_P002415                        0.5497128 0.5160916 0.7182322 0.3795533 0.7075882 0.6732778 0.4743140 0.6623657 0.3971775 0.4604580 0.4237493 0.4685849 0.5329550 0.3697009 0.4317720 0.4277717 0.4388348 0.4582691 0.4395433 0.4354989 0.4840593 0.5172677 0.4163612 0.4546809 0.4378460 0.5531398 0.4984921 0.4988693 0.4557836 0.4848248 0.4897575 0.6169872 0.4952388 0.4952388 0.4908804 0.4908804 0.4825590 0.4989384 0.5070195 0.4921526 0.5379549 0.3122421 0.3282301 0.3492807 0.5348630 0.4279304 0.4361266 0.0000000 0.1608981 0.5781154 0.5365690 0.6041028 0.7550178 0.6432356 0.4170979 0.5219533 0.5153986 0.6746264 0.5728211 0.5998106 0.5650696 0.6573839 0.4484439 0.5440421 1.0492769 1.5842555 
Chofle_EP00730_Choanoeca_flexa_P003046                           0.5705885 0.5277121 0.6782065 0.3171985 0.7082061 0.6700115 0.3946407 0.6614316 0.3529153 0.3791285 0.4185727 0.4320178 0.4784197 0.3506943 0.4294935 0.4334540 0.4325730 0.4479443 0.4653496 0.1860826 0.4863357 0.5199784 0.4104718 0.4182840 0.4682678 0.4838169 0.4958298 0.5126924 0.4248553 0.4365151 0.4406630 0.5489233 0.4233933 0.4233933 0.4235759 0.4235759 0.4157890 0.4310394 0.5253873 0.5244074 0.5004653 0.2775287 0.2987118 0.3130614 0.5218648 0.4529181 0.4542766 0.1608981 0.0000000 0.5728325 0.4581855 0.5943655 0.7385925 0.6194411 0.4165011 0.5400001 0.5744497 0.6805355 0.5862042 0.5978495 0.5891470 0.6620566 0.4867734 0.6440296 1.2260123 1.4728409 
Skow_XM_002737759.2                                              0.3921964 0.4142617 0.6604910 0.2554353 0.7169896 0.6659441 0.3858535 0.6791730 0.2975573 0.4051414 0.2774444 0.2599568 0.4323432 0.2750807 0.3292255 0.3219523 0.3135740 0.3185758 0.3285344 0.1978297 0.4013453 0.4051775 0.3133194 0.2806368 0.3016124 0.4427287 0.3716247 0.4124022 0.3398551 0.2954359 0.3083622 0.4057770 0.3734656 0.3734656 0.3545956 0.3545956 0.3457518 0.3668246 0.4003744 0.3601531 0.5167565 0.4260499 0.5291633 0.5149826 0.3694029 0.3313807 0.3489115 0.5781154 0.5728325 0.0000000 0.5104227 0.6523255 0.6637631 0.5973518 0.5704810 0.5994443 0.5779577 0.7122506 0.6912561 0.7325367 0.7509358 0.6855272 0.7178359 0.6247294 1.7234677 1.6453840 
Codhol_EP00042_Codosiga_hollandica_P038182                       0.4805160 0.4011361 0.6333683 0.3049264 0.6260033 0.5766668 0.4258578 0.6226025 0.3119442 0.4170031 0.3766233 0.3853451 0.5070846 0.3504674 0.4182897 0.4331866 0.4267020 0.4439664 0.4409478 0.2928612 0.4537137 0.4713685 0.4104576 0.3682854 0.3829792 0.4687713 0.3999707 0.4034430 0.4115168 0.3209121 0.3304817 0.4588825 0.3761144 0.3761144 0.3863970 0.3863970 0.3931541 0.3877400 0.4717075 0.4150953 0.4671876 0.4057007 0.4178196 0.3891519 0.4259820 0.4145946 0.4179365 0.5365690 0.4581855 0.5104227 0.0000000 0.3640386 0.6439130 0.6122958 0.3967048 0.4181411 0.4163687 0.5686778 0.4769061 0.4867865 0.4383123 0.5574548 0.5106275 0.5326323 1.0236088 1.2315636 
Salurc_EP00051_Salpingoeca_urceolata_P018695                     0.6501383 0.5281888 0.6971446 0.3284842 0.7511299 0.7113808 0.4398523 0.7401117 0.3354435 0.4332869 0.4087949 0.4897177 0.5498514 0.4099483 0.5053121 0.4957572 0.5036087 0.5156944 0.5320726 0.3977610 0.5621858 0.5649174 0.4672242 0.4708410 0.4389522 0.5428070 0.5635492 0.5507726 0.4741540 0.4856485 0.4861988 0.5923720 0.4366045 0.4366045 0.4309460 0.4309460 0.4382448 0.4399109 0.5873829 0.4928314 0.5406891 0.4157253 0.4041499 0.4218216 0.4947892 0.4607815 0.4582190 0.6041028 0.5943655 0.6523255 0.3640386 0.0000000 0.6609587 0.6115502 0.4293986 0.4288002 0.3637915 0.5888015 0.5510320 0.5039376 0.4570444 0.4917605 0.6005046 0.6734365 1.0051314 1.4327481 
Dgig_XM_028558557.1                                              0.7079844 0.5321922 0.7803136 0.4564142 0.8213367 0.7117643 0.4090372 0.7644835 0.3824296 0.4096161 0.5143356 0.5583759 0.5958749 0.4015017 0.4532294 0.4603135 0.4524147 0.4631064 0.4801634 0.1840392 0.5949084 0.6291909 0.4773325 0.5553060 0.5095490 0.5951611 0.5898515 0.5867331 0.5357793 0.4824446 0.4976017 0.5818217 0.5153190 0.5153190 0.5036849 0.5036849 0.5113124 0.5058919 0.5298923 0.4924766 0.5651139 0.6830538 0.6308480 0.7220741 0.5025080 0.5647378 0.5991027 0.7550178 0.7385925 0.6637631 0.6439130 0.6609587 0.0000000 0.1515657 0.6625297 0.5799344 0.6114277 0.7553815 0.8490448 0.7895403 0.7378860 0.8916736 0.8395934 0.6769131 1.1638460 1.5509487 
Xesp_012536-T1                                                   0.6676075 0.5179542 0.7058488 0.4340088 0.7573686 0.6473605 0.4089467 0.7070053 0.3596982 0.4131074 0.4544866 0.5058401 0.5091586 0.3615612 0.4302013 0.4458215 0.4193212 0.4294356 0.4194544 0.1643863 0.5122393 0.5264982 0.4279402 0.4883868 0.4460656 0.4809922 0.5507687 0.5356956 0.5162220 0.4353538 0.4567361 0.5014875 0.4958570 0.4958570 0.4830994 0.4830994 0.4747252 0.4896715 0.5141094 0.4682829 0.4865515 0.6079984 0.5850037 0.6482269 0.4620746 0.5025808 0.5307849 0.6432356 0.6194411 0.5973518 0.6122958 0.6115502 0.1515657 0.0000000 0.6161280 0.5909516 0.5616580 0.7631465 0.7688222 0.7304136 0.7369412 0.8445970 0.7943354 0.5702999 1.1377137 1.3605640 
Salkve_EP00050_Salpingoeca_kvevrii_P006962                       0.5243091 0.4114162 0.5914312 0.2395168 0.6197319 0.6526306 0.4081368 0.6858654 0.2694971 0.4000110 0.3367467 0.4187891 0.5199842 0.3394050 0.4385257 0.4321017 0.4359361 0.4456688 0.4707388 0.2843522 0.4514358 0.4854224 0.3798851 0.4531437 0.4220282 0.4792707 0.4654518 0.4819821 0.4317301 0.4412256 0.4530508 0.5366359 0.5045538 0.5045538 0.5026445 0.5026445 0.5100333 0.5152341 0.4764314 0.4126962 0.4632606 0.3524384 0.3422428 0.3352385 0.5023901 0.3872110 0.3767623 0.4170979 0.4165011 0.5704810 0.3967048 0.4293986 0.6625297 0.6161280 0.0000000 0.4371287 0.3803515 0.5493461 0.6603861 0.6523396 0.6569018 0.6696116 0.5984354 0.5792634 0.9922820 1.4968045 
