52
Hsap_ENST00000307921                              0.0000000 2.4290003 2.7953875 2.4907347 2.0942466 1.9280218 2.6240766 2.6940480 3.9854663 3.9982981 3.6014332 4.0722809 3.1830051 3.1268261 3.9130150 2.7576614 2.7763417 2.7896586 2.9148740 2.9002056 2.8898650 2.6099477 2.6532909 2.7215447 2.4581196 2.5269462 2.5792300 2.4378287 2.6608922 2.6268751 2.9578501 4.0440689 3.2140712 2.2350938 2.5206891 3.1074199 3.8478960 3.6565002 3.3748879 3.3671211 3.4673089 4.0241516 3.3658760 3.8359032 3.3861708 3.0521694 4.1309024 3.8760163 2.2518839 3.5948153 4.1625875 8.9999984 
Dpul_mRNA16127                                    2.4290003 0.0000000 2.3560717 2.7123550 2.4434838 2.5542196 2.6043338 3.5895281 4.3869249 4.1386740 3.4941007 4.5632426 3.2793128 3.2934861 4.5477976 2.9631419 2.9903727 2.9605984 3.0878503 3.1332038 3.1209619 2.4439266 2.7561225 2.8463775 2.4695548 2.5473066 2.5083541 2.4429233 2.5444738 2.7942044 2.5336672 4.4323240 3.1720560 2.5754262 2.5953176 3.0605436 3.8964770 3.0266228 3.3728405 3.5929522 3.4808838 3.3506531 4.0709746 3.9431159 3.9134484 2.6921581 4.4925104 4.0941829 2.5048255 3.9070809 4.1875556 8.9999988 
Cscu_XM_023375364.1                               2.7953875 2.3560717 0.0000000 2.4618881 2.4046404 2.1171038 2.0265768 2.8308270 3.7205472 3.9025982 3.6914289 4.7927044 3.3047925 3.1051912 4.5012109 2.7575524 2.7496709 2.6713161 2.7281799 2.8072141 2.8198220 2.5364048 2.7884023 2.7930051 2.9740153 3.0158688 2.8207218 2.7353105 2.8296353 2.7087355 2.8618259 4.8928326 3.3078800 2.3157479 2.5633436 3.1341040 3.8133866 3.1962152 2.8863632 3.3833112 3.0891377 3.0530479 4.0127695 3.9659627 3.9981563 2.5105991 5.0514691 4.1789977 2.2525190 4.0429867 4.3280347 8.9999990 
Cgig_XM_011434303.3                               2.4907347 2.7123550 2.4618881 0.0000000 2.2662549 2.3520900 2.1385653 2.3115190 3.6853695 3.8835513 3.3335660 4.1251199 3.4737108 3.2547660 3.9966972 2.5932468 2.5835829 2.7786153 2.8432937 2.8586027 2.8474498 2.2079565 2.6907126 2.6809640 2.5696970 2.4880967 2.6628039 2.7345837 2.7164177 2.3972638 2.9102984 3.7869459 3.1881637 2.3769401 2.2885302 2.9858242 3.0791896 3.0766167 3.0664455 2.8142394 3.1215998 3.2712381 4.0511049 3.5808387 3.8817290 2.6898275 3.5474744 3.3431038 1.9248183 4.1894502 3.6147778 8.9999988 
Bralan_BLAG07000803_1                             2.0942466 2.4434838 2.4046404 2.2662549 0.0000000 2.0603181 1.9140310 1.9411160 3.3824164 3.7117570 3.5054375 3.8442329 3.2476719 2.8374553 4.1506557 2.7746150 2.7599086 2.7391676 2.8189286 2.6022328 2.5928610 2.2420518 2.1479649 2.1210230 2.1403426 1.9960843 2.0461183 2.0087408 2.3135747 2.1819017 2.2871430 4.3541502 3.0859499 1.9017073 2.3832054 2.6252609 3.5728278 2.7334646 2.9000256 2.9038054 2.8947892 3.2561568 2.9899142 3.2721972 2.9978776 3.1553245 3.6055063 3.4701051 2.1240636 3.9931300 3.9923155 8.9999988 
Spur_XM_030975831.1                               1.9280218 2.5542196 2.1171038 2.3520900 2.0603181 0.0000000 2.0723866 1.9405710 3.7261527 3.9144412 3.4946275 3.8405660 2.5684512 2.7505495 3.7965728 2.6866626 2.7137552 2.6837192 2.8139048 2.7216509 2.7650740 2.5640265 2.6703763 2.7395435 2.7228171 2.6384145 2.5819624 2.6235029 2.6648695 2.2455723 2.8844475 4.4293893 2.8990885 2.3651696 2.5154068 2.5089126 3.5136776 2.8169716 2.9302293 2.8766720 2.8516349 3.7088942 3.7266285 3.3213393 3.3922943 2.7236697 4.2717964 3.9086720 2.1208459 3.4793533 3.3208397 8.9999982 
Mylflu_EP00047_Mylnosiga_fluctuans_P016650        2.6240766 2.6043338 2.0265768 2.1385653 1.9140310 2.0723866 0.0000000 1.6610866 2.1109404 2.2837593 1.9687152 1.7376590 1.6029793 1.7937046 1.9487937 2.4022721 2.4022721 2.2405846 2.3817923 2.4358648 2.4358648 2.6629503 2.6922244 2.7691247 2.3509175 2.4181145 2.2637064 2.4089725 3.1459466 3.2707177 2.5831655 1.9258390 1.9925611 2.3085881 2.5320812 2.4109734 2.9112274 2.6075701 2.5085934 2.6004875 2.8974115 3.2471044 2.2497116 1.8049637 2.2532134 2.2166369 2.8096129 2.1855412 2.5122322 2.4441984 8.9999985 8.9999988 
Salkve_EP00050_Salpingoeca_kvevrii_P001140        2.6940480 3.5895281 2.8308270 2.3115190 1.9411160 1.9405710 1.6610866 0.0000000 2.0429018 2.2876329 2.1327833 2.7044879 2.2243187 1.9938870 2.5071172 2.6025681 2.6377105 2.6198531 2.8255425 2.7480437 2.7480437 2.7646432 2.7068940 2.7374722 2.4565459 2.7598739 2.6131816 2.6379029 2.6351078 2.6134459 2.6797647 3.2689442 3.2079062 2.7891363 2.8480463 2.6823719 3.1510646 2.5581957 2.6876937 2.6447988 2.7059347 2.9935317 2.2958519 2.0097431 1.7149034 2.6964567 2.9245923 2.6043177 2.8669393 2.4976878 2.1219621 8.9416411 
Salurc_EP00051_Salpingoeca_urceolata_P021411      3.9854663 4.3869249 3.7205472 3.6853695 3.3824164 3.7261527 2.1109404 2.0429018 0.0000000 3.1367160 3.4422411 3.8554384 3.2583820 2.3162645 3.3620525 3.8740033 3.9280437 3.3297121 3.4958752 3.6141020 3.6249957 2.9985289 4.1038792 4.1156237 3.6218238 3.5077577 3.9487570 3.6481861 3.3615294 3.5723943 3.2530419 4.4256408 3.7576743 2.8847473 3.7078861 3.8588881 3.9784856 4.1113167 3.8996992 4.0881377 3.9542410 4.3149047 3.3800652 3.3621276 2.3693432 3.7597310 3.6561980 3.4022442 2.9410770 3.2703455 3.8402252 8.9999987 
Sros_EGD78835                                     3.9982981 4.1386740 3.9025982 3.8835513 3.7117570 3.9144412 2.2837593 2.2876329 3.1367160 0.0000000 1.6527761 3.5691011 3.0643779 2.9394803 3.2529940 3.6733008 3.6758447 3.6581658 3.4514582 3.4127622 3.4291858 3.3773811 3.8946783 4.0368141 4.2010391 3.9512700 3.2137367 3.0577133 3.9138550 3.9409227 3.6139125 4.7315443 3.7800004 4.2444799 4.1821240 4.5889382 4.4303390 4.6018047 4.2079528 4.5009301 4.1280852 4.2519925 3.5619173 3.6642046 2.8513460 3.9290518 4.2225006 3.4918347 3.2584620 2.7711284 4.6865437 8.9999982 
Microa_EP00043_Microstomoeca_roanoka_P007959      3.6014332 3.4941007 3.6914289 3.3335660 3.5054375 3.4946275 1.9687152 2.1327833 3.4422411 1.6527761 0.0000000 3.9291183 3.8127857 3.1438649 3.3844821 3.5325575 3.5516912 3.2388381 3.4260213 3.3667205 3.3588749 3.0318266 4.1555038 4.0995208 3.8260916 3.4347992 3.3595767 3.5063500 3.6384810 4.0515458 3.2388612 4.5089573 3.8306974 3.8349187 4.2668399 3.6131456 4.3482210 3.6881059 3.6171618 3.5588702 4.0232102 4.0407461 3.4459593 3.3394176 3.1403377 3.8936900 3.9656077 3.6707431 3.6487174 2.8276600 4.1402676 8.9999988 
Stedip_EP00041_Stephanoeca_diplocostata_P028051   4.0722809 4.5632426 4.7927044 4.1251199 3.8442329 3.8405660 1.7376590 2.7044879 3.8554384 3.5691011 3.9291183 0.0000000 3.6367160 3.0598404 4.0283127 4.5056383 4.4529906 4.3620031 4.5293448 4.6049588 4.5502764 3.4987528 4.4417743 4.6900622 3.7049309 4.1143313 3.9695954 3.8386807 4.1005864 3.7160521 4.3596107 5.2491633 4.0747697 4.8083520 3.8912704 5.4633429 5.0827531 4.6093613 4.5448769 4.4319257 5.2402820 5.0862484 2.5630359 2.9990726 3.8864901 4.0006295 3.9344619 3.6991400 3.2849196 4.7677456 2.9730051 8.9999989 
Didcos_EP00039_Didymoeca_costata_P016664          3.1830051 3.2793128 3.3047925 3.4737108 3.2476719 2.5684512 1.6029793 2.2243187 3.2583820 3.0643779 3.8127857 3.6367160 0.0000000 2.5490214 3.3902804 3.2933069 3.3285225 3.4128853 3.3042260 3.2599758 3.2720765 3.0553225 3.1624925 3.2028310 3.2882841 3.2990535 2.7601373 3.0145299 3.4942211 3.4862976 3.2385074 4.1880148 3.8033888 3.4544862 3.6450556 2.9648943 3.9433544 3.8182391 3.7839691 3.6734337 3.7700600 3.9593274 2.9094966 2.7514185 2.8727711 3.0643533 4.2631752 3.9992024 2.5460478 2.4778288 3.3456676 8.9999981 
Saldol_EP00054_Salpingoeca_dolichothecata_P010987 3.1268261 3.2934861 3.1051912 3.2547660 2.8374553 2.7505495 1.7937046 1.9938870 2.3162645 2.9394803 3.1438649 3.0598404 2.5490214 0.0000000 3.3865534 2.9589849 2.9422069 2.6677444 2.6776966 2.6791357 2.7147909 2.5967030 3.1544971 3.2889788 2.9017811 2.9144019 2.9447750 2.9811669 3.4841955 3.0654637 2.7584506 3.7472380 3.3055827 3.0023927 3.3368477 3.2080246 3.7136910 3.3632948 3.6676089 3.4015211 3.7740822 3.4032939 2.8618163 3.1395974 2.2992286 2.8778582 3.4295787 3.6555337 2.2777272 2.5839519 3.2418792 8.9999982 
Salinf_EP00049_Salpingoeca_infusionum_P022463     3.9130150 4.5477976 4.5012109 3.9966972 4.1506557 3.7965728 1.9487937 2.5071172 3.3620525 3.2529940 3.3844821 4.0283127 3.3902804 3.3865534 0.0000000 4.5388218 4.5934715 4.5675242 4.4943146 4.2430742 4.2569952 3.8364496 4.5103621 4.7446556 4.1895832 4.2595968 3.7773053 3.8134023 4.0439702 4.6869672 4.4271350 5.7702903 4.1994185 3.8699612 4.1423635 4.6394921 4.9700577 5.3916530 4.7816867 4.7397735 5.2980959 4.9271917 3.7176219 4.3289956 3.7344746 4.3816653 3.6646944 3.4596243 3.4595621 3.5941433 5.0565252 8.9999981 
Tadh_TriadT55696                                  2.7576614 2.9631419 2.7575524 2.5932468 2.7746150 2.6866626 2.4022721 2.6025681 3.8740033 3.6733008 3.5325575 4.5056383 3.2933069 2.9589849 4.5388218 0.0000000 0.0088239 0.6983950 0.6383101 0.6234585 0.6076436 2.5923422 2.4998611 2.6040305 2.4683840 2.5058366 2.1554994 2.1588642 2.8848772 2.7426003 2.6722948 4.1051511 3.1676799 3.0825227 3.2126005 2.9737237 3.4882037 3.2468241 3.2592031 3.2316939 3.0312280 3.2067006 3.7211717 4.0093359 3.7233507 2.9107830 3.7420178 3.7150773 2.2520681 3.3232510 4.0630486 8.9999980 
TrH2_TrispH2_001588-RA                            2.7763417 2.9903727 2.7496709 2.5835829 2.7599086 2.7137552 2.4022721 2.6377105 3.9280437 3.6758447 3.5516912 4.4529906 3.3285225 2.9422069 4.5934715 0.0088239 0.0000000 0.6842410 0.6267076 0.6088035 0.5933406 2.6173739 2.5105598 2.6159240 2.4526233 2.5197223 2.1816461 2.1675933 2.9102758 2.7329193 2.6903093 4.1839187 3.1961267 3.1072568 3.2047323 2.9571968 3.4529467 3.3041733 3.2284840 3.1930628 2.9665130 3.1695610 3.7358239 4.0321527 3.7161958 2.9393090 3.7632199 3.7591484 2.2640788 3.2877264 4.1108718 8.9999989 
HoiH06_mRNA10124                                  2.7896586 2.9605984 2.6713161 2.7786153 2.7391676 2.6837192 2.2405846 2.6198531 3.3297121 3.6581658 3.2388381 4.3620031 3.4128853 2.6677444 4.5675242 0.6983950 0.6842410 0.0000000 0.0836185 0.2773845 0.2912520 2.2724069 2.4979638 2.5622214 2.5741741 2.6161421 2.4314565 2.1368388 2.7535582 2.5711400 2.7692078 3.6686417 3.1331368 2.9311834 3.1640932 3.0546689 3.7090472 3.1801683 3.4018815 3.3897051 3.1733667 3.5450530 3.6642264 3.7651668 3.7314551 3.0148188 3.7466935 4.0398929 2.5848970 3.5539258 4.4397882 8.9999984 
HoiH23_PlH23_002796-RA                            2.9148740 3.0878503 2.7281799 2.8432937 2.8189286 2.8139048 2.3817923 2.8255425 3.4958752 3.4514582 3.4260213 4.5293448 3.3042260 2.6776966 4.4943146 0.6383101 0.6267076 0.0836185 0.0000000 0.2757958 0.2881141 2.5868157 2.5210627 2.5662900 2.6171566 2.7770194 2.5929159 2.3119479 3.0136425 2.8950586 2.9440498 3.7842471 3.1760966 2.9349849 3.1760899 3.0602103 3.7309156 3.1164687 3.3623513 3.3202343 3.2756381 3.4140409 3.7275445 3.7520459 3.7933070 3.0470136 3.9122629 3.8507824 2.6579950 3.6152220 4.2018546 8.9999982 
Hhon_g08213.t1                                    2.9002056 3.1332038 2.8072141 2.8586027 2.6022328 2.7216509 2.4358648 2.7480437 3.6141020 3.4127622 3.3667205 4.6049588 3.2599758 2.6791357 4.2430742 0.6234585 0.6088035 0.2773845 0.2757958 0.0000000 0.0065368 2.5650867 2.5058460 2.5861466 2.6722593 2.8738917 2.5458186 2.3454214 3.0397942 2.7526350 2.9821246 3.6600529 3.1294800 2.9292577 3.1816761 3.1428102 3.7300279 3.0587235 3.2261634 3.0316309 3.1138085 3.4447801 3.8221670 3.8806847 3.4938846 2.9731701 3.9514752 3.8345011 2.6305699 3.5373613 4.0105038 8.9999983 
HoiH04_mRNA17086                                  2.8898650 3.1209619 2.8198220 2.8474498 2.5928610 2.7650740 2.4358648 2.7480437 3.6249957 3.4291858 3.3588749 4.5502764 3.2720765 2.7147909 4.2569952 0.6076436 0.5933406 0.2912520 0.2881141 0.0065368 0.0000000 2.5637340 2.5004520 2.5801380 2.6776519 2.8796139 2.5445648 2.3444020 3.0449510 2.7289830 2.9602753 3.6600529 3.1237908 2.9338678 3.1898750 3.1657123 3.7629945 3.0867227 3.2060286 2.9911351 3.1283207 3.5135180 3.8189232 3.9002487 3.4616176 2.9804529 3.9992211 3.8220213 2.6248895 3.5591695 4.0685261 8.9999983 
Exapal_XM_021038709.2                             2.6099477 2.4439266 2.5364048 2.2079565 2.2420518 2.5640265 2.6629503 2.7646432 2.9985289 3.3773811 3.0318266 3.4987528 3.0553225 2.5967030 3.8364496 2.5923422 2.6173739 2.2724069 2.5868157 2.5650867 2.5637340 0.0000000 1.8293226 1.8898508 1.5880185 1.6129513 1.6591250 1.5771888 1.7698232 1.6681689 1.4273217 3.5120886 2.4758510 2.1667103 2.8141534 2.4986807 3.4264034 2.5537279 2.7251775 2.6450205 2.7710390 2.8745177 3.1386835 3.0911509 2.9007388 2.8115213 4.4556644 3.6452934 2.2199577 3.1090956 2.9305862 8.9999988 
Adig_XM_015900926.1                               2.6532909 2.7561225 2.7884023 2.6907126 2.1479649 2.6703763 2.6922244 2.7068940 4.1038792 3.8946783 4.1555038 4.4417743 3.1624925 3.1544971 4.5103621 2.4998611 2.5105598 2.4979638 2.5210627 2.5058460 2.5004520 1.8293226 0.0000000 0.0382257 0.8427975 1.0271157 1.1279654 1.0819203 1.7752893 1.8860611 2.1575118 3.7746492 2.7117331 2.6903812 3.1488316 2.7524195 3.8845475 2.9877075 2.8121560 2.9406468 2.9528376 3.4642439 3.8254807 3.5635735 3.4836569 2.6985399 3.9897850 3.8195750 2.0512190 3.6283322 4.1502540 8.9999986 
Amil_Amillepora09007-RA                           2.7215447 2.8463775 2.7930051 2.6809640 2.1210230 2.7395435 2.7691247 2.7374722 4.1156237 4.0368141 4.0995208 4.6900622 3.2028310 3.2889788 4.7446556 2.6040305 2.6159240 2.5622214 2.5662900 2.5861466 2.5801380 1.8898508 0.0382257 0.0000000 0.8151824 1.0353338 1.1633005 1.0769169 1.8211404 1.8901881 2.2102815 3.7315447 2.7583050 2.8124394 3.1609864 2.7231370 3.8520283 3.0055227 2.9077329 2.9211564 2.9886621 3.5491107 3.8596962 3.6401089 3.5243263 2.8402403 4.1234605 3.7825771 2.0082316 3.7917301 4.1542399 8.9999987 
Gfas_gfas1.m1.17935.m1                            2.4581196 2.4695548 2.9740153 2.5696970 2.1403426 2.7228171 2.3509175 2.4565459 3.6218238 4.2010391 3.8260916 3.7049309 3.2882841 2.9017811 4.1895832 2.4683840 2.4526233 2.5741741 2.6171566 2.6722593 2.6776519 1.5880185 0.8427975 0.8151824 0.0000000 0.7651645 0.9572058 0.8685730 1.9379870 1.9497911 2.0978474 3.6829259 2.7998708 2.5812090 3.0711155 2.9231516 3.6835102 2.6987157 2.9101775 2.9641919 3.2534758 3.4751055 3.5699644 3.9322930 3.3197483 2.6336218 3.7726470 3.5660741 1.9207322 3.3450168 4.1050540 8.9999988 
Gasp_gasp1.m3.2476.m1                             2.5269462 2.5473066 3.0158688 2.4880967 1.9960843 2.6384145 2.4181145 2.7598739 3.5077577 3.9512700 3.4347992 4.1143313 3.2990535 2.9144019 4.2595968 2.5058366 2.5197223 2.6161421 2.7770194 2.8738917 2.8796139 1.6129513 1.0271157 1.0353338 0.7651645 0.0000000 0.9400449 0.8686694 1.7150163 1.8393771 2.0175134 3.4845895 2.6942714 2.3328780 2.7180759 2.7132459 3.9200468 2.8745551 3.0627095 3.0462246 2.7045909 2.8594526 3.5267236 3.5367834 3.4375965 2.6836513 3.7178747 3.7663727 2.0352270 3.5900847 3.5087952 8.9999984 
Spis_XP_022794078_1                               2.5792300 2.5083541 2.8207218 2.6628039 2.0461183 2.5819624 2.2637064 2.6131816 3.9487570 3.2137367 3.3595767 3.9695954 2.7601373 2.9447750 3.7773053 2.1554994 2.1816461 2.4314565 2.5929159 2.5458186 2.5445648 1.6591250 1.1279654 1.1633005 0.9572058 0.9400449 0.0000000 0.2350964 1.9079069 1.8709447 1.9367024 3.8658464 2.6553464 2.4298546 2.6080886 2.6216933 3.5268790 2.6995525 2.5332561 2.7381677 3.0146950 2.8334586 3.4853538 3.5098239 3.2417938 2.5776029 3.5987720 3.6856905 2.0220408 3.8161827 3.4047463 8.9999984 
Pocdam_XM_027194909.1                             2.4378287 2.4429233 2.7353105 2.7345837 2.0087408 2.6235029 2.4089725 2.6379029 3.6481861 3.0577133 3.5063500 3.8386807 3.0145299 2.9811669 3.8134023 2.1588642 2.1675933 2.1368388 2.3119479 2.3454214 2.3444020 1.5771888 1.0819203 1.0769169 0.8685730 0.8686694 0.2350964 0.0000000 1.7890133 1.8538528 1.8336246 3.4326357 2.6417942 2.4078602 2.5178925 2.3550843 3.6985277 2.6475141 2.6139426 2.7068284 2.8202850 2.7779418 3.5852633 3.3765911 3.2203575 2.6273543 3.2581860 3.5797576 2.1057114 3.6881309 3.1714695 8.9999985 
Dgig_XM_028536007.1                               2.6608922 2.5444738 2.8296353 2.7164177 2.3135747 2.6648695 3.1459466 2.6351078 3.3615294 3.9138550 3.6384810 4.1005864 3.4942211 3.4841955 4.0439702 2.8848772 2.9102758 2.7535582 3.0136425 3.0397942 3.0449510 1.7698232 1.7752893 1.8211404 1.9379870 1.7150163 1.9079069 1.7890133 0.0000000 1.0457801 2.0089877 3.4179477 2.6511291 2.2811040 2.6406669 2.5827841 2.8605268 2.5545395 2.9056385 3.2020982 2.5749895 2.9853065 3.3170220 3.6790464 3.2315870 2.7430369 4.1993417 3.9081593 2.2961006 3.6268593 4.0262907 8.9999989 
Xesp_006991-T1                                    2.6268751 2.7942044 2.7087355 2.3972638 2.1819017 2.2455723 3.2707177 2.6134459 3.5723943 3.9409227 4.0515458 3.7160521 3.4862976 3.0654637 4.6869672 2.7426003 2.7329193 2.5711400 2.8950586 2.7526350 2.7289830 1.6681689 1.8860611 1.8901881 1.9497911 1.8393771 1.8709447 1.8538528 1.0457801 0.0000000 1.8143897 3.8132974 2.7322994 2.0102717 2.4809477 2.9069211 3.3332935 2.2789141 2.5375944 2.6644403 2.6836177 2.5892149 3.5705745 3.8532535 3.4518975 3.0022587 4.3719590 4.3325306 2.3225410 3.4407632 3.9038134 8.9999984 
Nvec_v1g90751                                     2.9578501 2.5336672 2.8618259 2.9102984 2.2871430 2.8844475 2.5831655 2.6797647 3.2530419 3.6139125 3.2388612 4.3596107 3.2385074 2.7584506 4.4271350 2.6722948 2.6903093 2.7692078 2.9440498 2.9821246 2.9602753 1.4273217 2.1575118 2.2102815 2.0978474 2.0175134 1.9367024 1.8336246 2.0089877 1.8143897 0.0000000 3.9169163 2.8912044 2.2626793 2.8788549 2.5865160 3.2776278 3.3057922 3.0509197 2.8161300 3.0258291 3.4194904 3.5664755 3.5284808 3.1922844 2.9142834 4.0385162 4.1139608 2.0336124 3.3288254 3.3246148 8.9999987 
Ocar_g4160                                        4.0440689 4.4323240 4.8928326 3.7869459 4.3541502 4.4293893 1.9258390 3.2689442 4.4256408 4.7315443 4.5089573 5.2491633 4.1880148 3.7472380 5.7702903 4.1051511 4.1839187 3.6686417 3.7842471 3.6600529 3.6600529 3.5120886 3.7746492 3.7315447 3.6829259 3.4845895 3.8658464 3.4326357 3.4179477 3.8132974 3.9169163 0.0000000 0.1873628 4.1177935 3.7460674 5.1328293 5.2541517 4.7553733 4.6503988 4.7372517 4.5904230 5.4715460 4.6765403 5.2110098 3.4145187 5.2212379 4.6594287 3.7609812 3.3442418 3.9645971 3.9968447 8.9999984 
Opea_EP00118_Oscarella_pearsei_P013873            3.2140712 3.1720560 3.3078800 3.1881637 3.0859499 2.8990885 1.9925611 3.2079062 3.7576743 3.7800004 3.8306974 4.0747697 3.8033888 3.3055827 4.1994185 3.1676799 3.1961267 3.1331368 3.1760966 3.1294800 3.1237908 2.4758510 2.7117331 2.7583050 2.7998708 2.6942714 2.6553464 2.6417942 2.6511291 2.7322994 2.8912044 0.1873628 0.0000000 3.0365680 2.9193640 3.0780805 3.6344561 3.2219080 3.4180074 3.3388337 3.1110617 4.0968482 3.9512013 4.1999973 3.0814662 3.2608116 4.2743740 3.8412006 3.0935963 4.0747949 5.0316550 8.9999986 
Skow_XM_006823579.1                               2.2350938 2.5754262 2.3157479 2.3769401 1.9017073 2.3651696 2.3085881 2.7891363 2.8847473 4.2444799 3.8349187 4.8083520 3.4544862 3.0023927 3.8699612 3.0825227 3.1072568 2.9311834 2.9349849 2.9292577 2.9338678 2.1667103 2.6903812 2.8124394 2.5812090 2.3328780 2.4298546 2.4078602 2.2811040 2.0102717 2.2626793 4.1177935 3.0365680 0.0000000 2.3091199 2.9141594 3.6810980 3.0202572 3.2158576 3.4588759 2.9057603 3.8640683 4.1635260 3.6364072 3.3791109 2.9609064 3.4976627 3.7577549 2.2843615 3.4733875 3.6761553 8.9999983 
Acagra_model.g29949.t1                            2.5206891 2.5953176 2.5633436 2.2885302 2.3832054 2.5154068 2.5320812 2.8480463 3.7078861 4.1821240 4.2668399 3.8912704 3.6450556 3.3368477 4.1423635 3.2126005 3.2047323 3.1640932 3.1760899 3.1816761 3.1898750 2.8141534 3.1488316 3.1609864 3.0711155 2.7180759 2.6080886 2.5178925 2.6406669 2.4809477 2.8788549 3.7460674 2.9193640 2.3091199 0.0000000 3.6309407 4.1389960 3.6996674 3.6358619 3.4917527 3.3251087 3.9122626 3.3896387 3.3864832 3.6078852 3.0187809 4.5588671 4.0785790 2.1718770 3.5720612 3.9608258 8.9999987 
Hvul_g23226_1                                     3.1074199 3.0605436 3.1341040 2.9858242 2.6252609 2.5089126 2.4109734 2.6823719 3.8588881 4.5889382 3.6131456 5.4633429 2.9648943 3.2080246 4.6394921 2.9737237 2.9571968 3.0546689 3.0602103 3.1428102 3.1657123 2.4986807 2.7524195 2.7231370 2.9231516 2.7132459 2.6216933 2.3550843 2.5827841 2.9069211 2.5865160 5.1328293 3.0780805 2.9141594 3.6309407 0.0000000 2.0079727 2.3029021 2.2292786 2.3048390 2.2430364 2.3916795 3.5666626 4.0568963 3.5058042 3.0867233 5.0765599 5.2927319 2.7813957 3.7955028 4.4259330 8.9999982 
Chem_TCONS_00021339                               3.8478960 3.8964770 3.8133866 3.0791896 3.5728278 3.5136776 2.9112274 3.1510646 3.9784856 4.4303390 4.3482210 5.0827531 3.9433544 3.7136910 4.9700577 3.4882037 3.4529467 3.7090472 3.7309156 3.7300279 3.7629945 3.4264034 3.8845475 3.8520283 3.6835102 3.9200468 3.5268790 3.6985277 2.8605268 3.3332935 3.2776278 5.2541517 3.6344561 3.6810980 4.1389960 2.0079727 0.0000000 2.8527739 2.6788305 2.7642725 2.7869733 2.9069641 4.6291569 4.6352882 3.8471154 3.7798956 5.5972947 4.6705954 2.7889947 4.0204143 4.4268075 8.9999990 
Aaur_scaffold210.g20.t3                           3.6565002 3.0266228 3.1962152 3.0766167 2.7334646 2.8169716 2.6075701 2.5581957 4.1113167 4.6018047 3.6881059 4.6093613 3.8182391 3.3632948 5.3916530 3.2468241 3.3041733 3.1801683 3.1164687 3.0587235 3.0867227 2.5537279 2.9877075 3.0055227 2.6987157 2.8745551 2.6995525 2.6475141 2.5545395 2.2789141 3.3057922 4.7553733 3.2219080 3.0202572 3.6996674 2.3029021 2.8527739 0.0000000 1.5231872 1.5310488 2.2241429 1.7744829 3.8827872 4.0367710 3.8192073 3.3230056 4.3191470 4.1177442 2.4276457 4.2796569 4.6912852 8.9999980 
Nemnom_g17366.t1                                  3.3748879 3.3728405 2.8863632 3.0664455 2.9000256 2.9302293 2.5085934 2.6876937 3.8996992 4.2079528 3.6171618 4.5448769 3.7839691 3.6676089 4.7816867 3.2592031 3.2284840 3.4018815 3.3623513 3.2261634 3.2060286 2.7251775 2.8121560 2.9077329 2.9101775 3.0627095 2.5332561 2.6139426 2.9056385 2.5375944 3.0509197 4.6503988 3.4180074 3.2158576 3.6358619 2.2292786 2.6788305 1.5231872 0.0000000 0.6814504 2.2189038 1.5929638 4.0965128 4.0583708 4.0160455 3.2978040 4.8650111 4.3596091 2.7749044 4.0919299 4.6859953 8.9999983 
Rhoesc_Res_011032-T1                              3.3671211 3.5929522 3.3833112 2.8142394 2.9038054 2.8766720 2.6004875 2.6447988 4.0881377 4.5009301 3.5588702 4.4319257 3.6734337 3.4015211 4.7397735 3.2316939 3.1930628 3.3897051 3.3202343 3.0316309 2.9911351 2.6450205 2.9406468 2.9211564 2.9641919 3.0462246 2.7381677 2.7068284 3.2020982 2.6644403 2.8161300 4.7372517 3.3388337 3.4588759 3.4917527 2.3048390 2.7642725 1.5310488 0.6814504 0.0000000 2.6443973 1.7156669 3.8582142 4.4293443 3.9041927 3.4146881 5.2154102 4.2758059 2.7836658 3.8150558 4.2119514 8.9999982 
Morvir_scaffold159.g15.t1                         3.4673089 3.4808838 3.0891377 3.1215998 2.8947892 2.8516349 2.8974115 2.7059347 3.9542410 4.1280852 4.0232102 5.2402820 3.7700600 3.7740822 5.2980959 3.0312280 2.9665130 3.1733667 3.2756381 3.1138085 3.1283207 2.7710390 2.9528376 2.9886621 3.2534758 2.7045909 3.0146950 2.8202850 2.5749895 2.6836177 3.0258291 4.5904230 3.1110617 2.9057603 3.3251087 2.2430364 2.7869733 2.2241429 2.2189038 2.6443973 0.0000000 2.6549476 3.7985830 4.1769973 3.5979189 3.6261684 5.1575186 4.6414628 2.8872499 3.7975084 4.7816500 8.9999982 
Sanmal_Sma_025519-T1                              4.0241516 3.3506531 3.0530479 3.2712381 3.2561568 3.7088942 3.2471044 2.9935317 4.3149047 4.2519925 4.0407461 5.0862484 3.9593274 3.4032939 4.9271917 3.2067006 3.1695610 3.5450530 3.4140409 3.4447801 3.5135180 2.8745177 3.4642439 3.5491107 3.4751055 2.8594526 2.8334586 2.7779418 2.9853065 2.5892149 3.4194904 5.4715460 4.0968482 3.8640683 3.9122626 2.3916795 2.9069641 1.7744829 1.5929638 1.7156669 2.6549476 0.0000000 5.1560389 4.4835763 4.1619966 3.9748585 5.4488803 4.1743124 2.8970495 4.2760481 4.4548278 8.9999986 
Acaspe_EP00035_Acanthoeca_spectabilis_P008651     3.3658760 4.0709746 4.0127695 4.0511049 2.9899142 3.7266285 2.2497116 2.2958519 3.3800652 3.5619173 3.4459593 2.5630359 2.9094966 2.8618163 3.7176219 3.7211717 3.7358239 3.6642264 3.7275445 3.8221670 3.8189232 3.1386835 3.8254807 3.8596962 3.5699644 3.5267236 3.4853538 3.5852633 3.3170220 3.5705745 3.5664755 4.6765403 3.9512013 4.1635260 3.3896387 3.5666626 4.6291569 3.8827872 4.0965128 3.8582142 3.7985830 5.1560389 0.0000000 1.0186286 3.0717784 3.4040758 3.5655380 3.3489852 2.6711592 3.4029458 2.4824553 8.9999989 
Helnan_EP00037_Helgoeca_nana_P012966              3.8359032 3.9431159 3.9659627 3.5808387 3.2721972 3.3213393 1.8049637 2.0097431 3.3621276 3.6642046 3.3394176 2.9990726 2.7514185 3.1395974 4.3289956 4.0093359 4.0321527 3.7651668 3.7520459 3.8806847 3.9002487 3.0911509 3.5635735 3.6401089 3.9322930 3.5367834 3.5098239 3.3765911 3.6790464 3.8532535 3.5284808 5.2110098 4.1999973 3.6364072 3.3864832 4.0568963 4.6352882 4.0367710 4.0583708 4.4293443 4.1769973 4.4835763 1.0186286 0.0000000 3.1758283 3.5728587 3.4157412 3.5401074 2.8520181 3.7579411 2.7445533 8.9999982 
Salmac_EP00052_Salpingoeca_macrocollata_P014072   3.3861708 3.9134484 3.9981563 3.8817290 2.9978776 3.3922943 2.2532134 1.7149034 2.3693432 2.8513460 3.1403377 3.8864901 2.8727711 2.2992286 3.7344746 3.7233507 3.7161958 3.7314551 3.7933070 3.4938846 3.4616176 2.9007388 3.4836569 3.5243263 3.3197483 3.4375965 3.2417938 3.2203575 3.2315870 3.4518975 3.1922844 3.4145187 3.0814662 3.3791109 3.6078852 3.5058042 3.8471154 3.8192073 4.0160455 3.9041927 3.5979189 4.1619966 3.0717784 3.1758283 0.0000000 4.5720336 3.8255213 3.7040335 3.0731209 2.3414177 3.8212457 8.9999985 
Tcas_TC032573_001                                 3.0521694 2.6921581 2.5105991 2.6898275 3.1553245 2.7236697 2.2166369 2.6964567 3.7597310 3.9290518 3.8936900 4.0006295 3.0643533 2.8778582 4.3816653 2.9107830 2.9393090 3.0148188 3.0470136 2.9731701 2.9804529 2.8115213 2.6985399 2.8402403 2.6336218 2.6836513 2.5776029 2.6273543 2.7430369 3.0022587 2.9142834 5.2212379 3.2608116 2.9609064 3.0187809 3.0867233 3.7798956 3.3230056 3.2978040 3.4146881 3.6261684 3.9748585 3.4040758 3.5728587 4.5720336 0.0000000 4.0666510 3.7788117 2.4463004 3.8996344 3.7498655 8.9999988 
Choper_EP00045_Choanoeca_perplexa_P006037         4.1309024 4.4925104 5.0514691 3.5474744 3.6055063 4.2717964 2.8096129 2.9245923 3.6561980 4.2225006 3.9656077 3.9344619 4.2631752 3.4295787 3.6646944 3.7420178 3.7632199 3.7466935 3.9122629 3.9514752 3.9992211 4.4556644 3.9897850 4.1234605 3.7726470 3.7178747 3.5987720 3.2581860 4.1993417 4.3719590 4.0385162 4.6594287 4.2743740 3.4976627 4.5588671 5.0765599 5.5972947 4.3191470 4.8650111 5.2154102 5.1575186 5.4488803 3.5655380 3.4157412 3.8255213 4.0666510 0.0000000 1.1504937 3.5404750 3.4496436 4.6008478 8.9999982 
Chofle_EP00730_Choanoeca_flexa_P005278            3.8760163 4.0941829 4.1789977 3.3431038 3.4701051 3.9086720 2.1855412 2.6043177 3.4022442 3.4918347 3.6707431 3.6991400 3.9992024 3.6555337 3.4596243 3.7150773 3.7591484 4.0398929 3.8507824 3.8345011 3.8220213 3.6452934 3.8195750 3.7825771 3.5660741 3.7663727 3.6856905 3.5797576 3.9081593 4.3325306 4.1139608 3.7609812 3.8412006 3.7577549 4.0785790 5.2927319 4.6705954 4.1177442 4.3596091 4.2758059 4.6414628 4.1743124 3.3489852 3.5401074 3.7040335 3.7788117 1.1504937 0.0000000 3.5999023 3.2067839 4.1485768 8.9999987 
Ctel_gnl_WGS_AMQN_CAPTEDRAFT_mRNA224434           2.2518839 2.5048255 2.2525190 1.9248183 2.1240636 2.1208459 2.5122322 2.8669393 2.9410770 3.2584620 3.6487174 3.2849196 2.5460478 2.2777272 3.4595621 2.2520681 2.2640788 2.5848970 2.6579950 2.6305699 2.6248895 2.2199577 2.0512190 2.0082316 1.9207322 2.0352270 2.0220408 2.1057114 2.2961006 2.3225410 2.0336124 3.3442418 3.0935963 2.2843615 2.1718770 2.7813957 2.7889947 2.4276457 2.7749044 2.7836658 2.8872499 2.8970495 2.6711592 2.8520181 3.0731209 2.4463004 3.5404750 3.5999023 0.0000000 3.4056619 3.0788926 8.9999989 
Codhol_EP00042_Codosiga_hollandica_P040761        3.5948153 3.9070809 4.0429867 4.1894502 3.9931300 3.4793533 2.4441984 2.4976878 3.2703455 2.7711284 2.8276600 4.7677456 2.4778288 2.5839519 3.5941433 3.3232510 3.2877264 3.5539258 3.6152220 3.5373613 3.5591695 3.1090956 3.6283322 3.7917301 3.3450168 3.5900847 3.8161827 3.6881309 3.6268593 3.4407632 3.3288254 3.9645971 4.0747949 3.4733875 3.5720612 3.7955028 4.0204143 4.2796569 4.0919299 3.8150558 3.7975084 4.2760481 3.4029458 3.7579411 2.3414177 3.8996344 3.4496436 3.2067839 3.4056619 0.0000000 3.7445393 8.9999986 
Diagra_EP00040_Diaphanoeca_grandis_P011385        4.1625875 4.1875556 4.3280347 3.6147778 3.9923155 3.3208397 8.9999985 2.1219621 3.8402252 4.6865437 4.1402676 2.9730051 3.3456676 3.2418792 5.0565252 4.0630486 4.1108718 4.4397882 4.2018546 4.0105038 4.0685261 2.9305862 4.1502540 4.1542399 4.1050540 3.5087952 3.4047463 3.1714695 4.0262907 3.9038134 3.3246148 3.9968447 5.0316550 3.6761553 3.9608258 4.4259330 4.4268075 4.6912852 4.6859953 4.2119514 4.7816500 4.4548278 2.4824553 2.7445533 3.8212457 3.7498655 4.6008478 4.1485768 3.0788926 3.7445393 0.0000000 8.9999981 
Pbac_sb2646581                                    8.9999984 8.9999988 8.9999990 8.9999988 8.9999988 8.9999982 8.9999988 8.9416411 8.9999987 8.9999982 8.9999988 8.9999989 8.9999981 8.9999982 8.9999981 8.9999980 8.9999989 8.9999984 8.9999982 8.9999983 8.9999983 8.9999988 8.9999986 8.9999987 8.9999988 8.9999984 8.9999984 8.9999985 8.9999989 8.9999984 8.9999987 8.9999984 8.9999986 8.9999983 8.9999987 8.9999982 8.9999990 8.9999980 8.9999983 8.9999982 8.9999982 8.9999986 8.9999989 8.9999982 8.9999985 8.9999988 8.9999982 8.9999987 8.9999989 8.9999986 8.9999981 0.0000000 
