71
Spur_XM_782442.5                                        0.0000000 0.7607821 0.5838494 0.7129055 0.7228202 0.6469648 0.7609522 0.6570290 0.6561031 0.7013241 0.7772232 0.7507852 0.7095249 0.7441500 1.0100856 0.7510307 0.7466050 0.4474952 0.7051232 0.6930899 0.7393423 0.7719693 0.7719693 0.7302513 0.7160127 0.7224838 0.7212033 0.7522754 0.6966926 0.7216695 0.7567847 0.7444390 0.7140939 0.7232679 0.8649678 0.6600086 0.7697576 0.6339558 0.7609038 0.6811655 0.7059754 0.7430087 0.6004751 0.7426064 0.6438348 0.7370090 0.7392086 0.6995386 0.6911598 0.7543200 0.8589501 0.6549270 0.8223710 0.8939638 0.8884230 0.8961373 0.9603423 0.9529306 1.0863021 0.9580131 0.9524566 0.9762677 0.8925402 1.0340734 0.9212615 0.8304330 0.9817467 0.9097665 0.8788192 0.9396220 0.9756532 
Ctel_gnl_WGS_AMQN_CAPTEDRAFT_mRNA180564                 0.7607821 0.0000000 0.5310714 0.7005770 0.7201416 0.7086343 0.7938188 0.6616027 0.5577136 0.5724816 0.7696455 0.7511000 0.6672669 0.7247997 0.7623277 0.6755857 0.6700974 0.4164856 0.6375849 0.6511129 0.7480446 0.6548732 0.6548732 0.5972783 0.6223685 0.5984410 0.6043280 0.6316426 0.8146919 0.7569933 0.7038532 0.7543997 0.7672458 0.8168524 1.1737326 0.7748416 0.8224889 0.7591869 0.8626114 0.8403231 0.8250053 0.8006511 0.7706461 0.9310724 0.7456763 0.8638620 0.7663568 0.7484836 0.8432768 0.8911158 0.9863163 0.4457941 0.8102375 0.8703506 0.9617027 0.9518083 1.0581879 0.9951091 1.0397781 1.0694716 1.1591084 1.0550024 0.9664516 1.0650758 1.1054234 0.9866164 0.9968113 0.7475962 0.9609803 0.7543727 1.1921635 
Cgig_XM_011428854.3                                     0.5838494 0.5310714 0.0000000 0.5829870 0.5934932 0.5929406 0.6300545 0.4801077 0.5300194 0.5705277 0.6182165 0.6119014 0.5784302 0.6563883 0.7685717 0.6236061 0.6172138 0.4346225 0.5985126 0.5726094 0.6751051 0.6313259 0.6313259 0.6108577 0.6216130 0.6001212 0.5990369 0.6289390 0.6520110 0.6018289 0.5786734 0.5998855 0.6695470 0.7700116 0.9473530 0.7181715 0.6716088 0.5650895 0.6824531 0.7049661 0.7275451 0.7336381 0.6079040 0.7442062 0.5408134 0.6512555 0.7064972 0.7175854 0.6903484 0.7736528 0.8963448 0.3215682 0.6969649 0.6527618 0.8161940 0.8193583 0.8520930 0.8079599 0.8884449 0.8201774 0.9367340 0.8810518 0.8322633 0.9526356 0.8893040 0.7694050 0.9123420 0.8332640 0.9761437 0.8499971 0.8979523 
Scil_scict022177.1                                      0.7129055 0.7005770 0.5829870 0.0000000 0.1417355 0.1311209 0.1684959 0.5109425 0.6256200 0.7123745 0.7315590 0.6998437 0.6180481 0.7480071 1.0095396 0.6694448 0.6407848 0.6124945 0.7310368 0.6861001 0.7172825 0.6281400 0.6281400 0.6077499 0.5783867 0.5535594 0.5520823 0.5970767 0.9882921 0.7229695 0.6877423 0.6928186 0.6220964 0.6789580 0.8468245 0.5551054 0.4952744 0.6428755 0.6424814 0.5837589 0.6726331 0.6639573 0.6110588 0.6500529 0.6297549 0.7695590 0.8290724 0.8541202 0.6954194 0.7639160 0.7870315 0.6385624 0.6552368 0.6946475 0.9474749 0.9236303 0.9514498 0.8700085 0.9030281 0.8433344 0.9139468 0.8582145 0.8398391 0.9217159 0.8717397 0.8215735 0.7354254 0.9273762 0.7186132 0.5841506 1.2346970 
Gracom_Gcom_C548652_01                                  0.7228202 0.7201416 0.5934932 0.1417355 0.0000000 0.0964283 0.1835294 0.4643482 0.6066893 0.7024799 0.7831585 0.7805644 0.7032159 0.7180400 0.9892923 0.7458271 0.7561392 0.5631450 0.6599402 0.6335429 0.7810549 0.7397950 0.7397950 0.7154582 0.6891871 0.6546875 0.6534971 0.6796024 0.8555100 0.7650794 0.7166576 0.6809674 0.7097682 0.7362145 0.8736734 0.6743495 0.6895947 0.6303058 0.7621256 0.6551393 0.7228253 0.7523448 0.6051310 0.7921464 0.6292815 0.8291271 0.7594116 0.7559569 0.8417182 0.9234182 0.9437616 0.5661227 0.6950390 0.7452762 1.0336152 1.0093357 0.9979782 0.9403973 1.0407252 1.0410392 1.0820463 1.0727353 0.9999035 1.1201228 1.0272445 0.8397120 0.8992150 0.9782715 0.8860444 0.7641740 0.9608651 
Leuniv_Lniv_scaffold15387_01                            0.6469648 0.7086343 0.5929406 0.1311209 0.0964283 0.0000000 0.1309908 0.4837509 0.5374896 0.6255967 0.6667433 0.6440563 0.5865555 0.6578706 0.9183293 0.6333226 0.6172034 0.5324611 0.6438917 0.6455740 0.6863053 0.7499718 0.7499718 0.6803632 0.6543223 0.6223962 0.6210192 0.6290279 0.9231672 0.6434591 0.6743628 0.6724501 0.6224642 0.6487009 0.6737104 0.5724876 0.5612545 0.5502316 0.5783099 0.5051741 0.5799614 0.6071301 0.5788017 0.7120451 0.6033706 0.7523342 0.7448306 0.7158733 0.7212386 0.8132197 0.8208242 0.5941568 0.6590642 0.6367438 0.9196918 0.9002089 0.9367254 0.8630406 0.8810415 0.8161586 0.8313271 0.8010171 0.8407940 0.8999608 0.8265434 0.7656008 0.7720377 0.9542960 0.7070796 0.6620108 1.1161078 
Lcom_lcpid67672                                         0.7609522 0.7938188 0.6300545 0.1684959 0.1835294 0.1309908 0.0000000 0.4842105 0.6578443 0.7353578 0.7672117 0.7459547 0.6657710 0.7259873 0.9604156 0.7327970 0.7367959 0.5707788 0.7073410 0.6794453 0.7497010 0.7582563 0.7582563 0.7172121 0.6908988 0.6937753 0.6925268 0.7267377 0.9287266 0.7275573 0.7256767 0.7189448 0.6786158 0.7607572 0.7650367 0.6423653 0.6251004 0.6127563 0.7840924 0.6669258 0.7528065 0.7318716 0.6457344 0.8018666 0.6832668 0.8258318 0.8480386 0.8202791 0.8401110 0.9024641 0.9130084 0.6091719 0.7068219 0.8034248 1.0472361 0.9998773 1.0154572 0.9551000 1.0046632 0.9801297 1.0290859 1.0194878 0.9645663 1.0667679 0.9929843 0.8631409 0.9377305 1.0020745 0.9445059 0.7943844 1.0195689 
Clacor_Ccor_C540279_01                                  0.6570290 0.6616027 0.4801077 0.5109425 0.4643482 0.4837509 0.4842105 0.0000000 0.5539835 0.6074415 0.6592793 0.6358086 0.6394724 0.6872808 0.7818525 0.6514428 0.6883149 0.5062173 0.6031025 0.5861811 0.6290171 0.5899620 0.5899620 0.6019456 0.5942232 0.5902875 0.5892383 0.6139512 0.5847214 0.7175305 0.6467980 0.6165755 0.6672807 0.6872910 0.7795725 0.6120375 0.5949114 0.5062868 0.6765453 0.6525250 0.7387450 0.7280786 0.5793608 0.7727295 0.6109318 0.6838695 0.7229400 0.6294192 0.7974921 0.8472380 0.8556895 0.4080713 0.6577414 0.6807953 0.9381609 0.9006660 0.8835935 0.8434128 0.9103035 0.8971594 0.9965002 0.9717619 0.8285152 0.9595995 0.8888985 0.7686638 0.9019810 1.0126183 0.9281923 0.7583540 0.9637988 
Exapal_XM_021040150.1                                   0.6561031 0.5577136 0.5300194 0.6256200 0.6066893 0.5374896 0.6578443 0.5539835 0.0000000 0.3632582 0.4705356 0.4529250 0.3913322 0.4032459 0.5183315 0.4692917 0.4876181 0.3601494 0.5319967 0.4875165 0.6445208 0.6035118 0.6035118 0.6120288 0.5763172 0.5653632 0.5643448 0.5892748 0.6024918 0.6753498 0.7179059 0.6720477 0.4937215 0.5224418 0.9145268 0.7492218 0.6798918 0.5960171 0.7092673 0.6614478 0.6455422 0.6074780 0.6318023 0.8249444 0.6419323 0.7891531 0.6852618 0.5493100 0.7586667 0.8284897 0.9000804 0.5355709 0.7451983 0.7665512 0.8353907 0.8133550 0.8323441 0.7774158 0.8341568 0.8046619 0.8452329 0.7966142 0.8067188 0.9043227 0.8725813 0.8310017 0.8996317 0.8740561 0.9410964 0.7162742 1.1183032 
Nvec_v1g241460                                          0.7013241 0.5724816 0.5705277 0.7123745 0.7024799 0.6255967 0.7353578 0.6074415 0.3632582 0.0000000 0.4776444 0.4722189 0.3984885 0.4127171 0.5106299 0.4481609 0.4318001 0.3870579 0.5842477 0.5279822 0.6067262 0.5869354 0.5869354 0.5907239 0.5827285 0.5937708 0.5874057 0.5887696 0.6213242 0.6536493 0.5956063 0.5941512 0.5616336 0.6327461 0.7964259 0.6973100 0.6771007 0.5926135 0.7078397 0.6197125 0.7143478 0.6772372 0.6781821 0.7270857 0.6494145 0.8404941 0.6953646 0.6597620 0.7095402 0.7865427 0.8373950 0.5485279 0.7049335 0.8309053 1.0092383 0.9853769 0.9397251 0.8987124 0.9686362 0.9447956 1.0134695 0.9999479 0.8716120 1.0492401 1.0223877 0.8022623 0.9988392 0.9232351 0.9194961 0.8048699 1.0996281 
Adig_XM_015911224.1                                     0.7772232 0.7696455 0.6182165 0.7315590 0.7831585 0.6667433 0.7672117 0.6592793 0.4705356 0.4776444 0.0000000 0.0098512 0.2713173 0.3817514 0.4523796 0.3523251 0.3484340 0.3594733 0.6366471 0.6064870 0.7313129 0.5911143 0.5911143 0.5756037 0.5608516 0.5493671 0.5483492 0.5690265 0.7120817 0.6866088 0.6610764 0.7118273 0.6506822 0.6833665 0.9277550 0.6886260 0.6876954 0.7176115 0.8362024 0.6941127 0.7832557 0.7762456 0.7059912 0.9606095 0.7730212 0.8816284 0.8729863 0.7488856 0.8801931 0.9187591 0.9491440 0.5958237 0.8215594 0.8692686 1.0681628 1.0461475 0.9624944 0.9247627 1.0551086 0.9579765 1.0628224 0.9795717 0.9523292 1.0833651 1.0202147 0.9574251 1.0808476 1.1866860 1.0922059 0.7146241 1.2745596 
Amil_Amillepora26817-RA                                 0.7507852 0.7511000 0.6119014 0.6998437 0.7805644 0.6440563 0.7459547 0.6358086 0.4529250 0.4722189 0.0098512 0.0000000 0.2728929 0.3786311 0.3255489 0.3414675 0.3309954 0.3611380 0.6107841 0.5871202 0.7189419 0.5533347 0.5533347 0.5553637 0.5380911 0.5236116 0.5225436 0.5410872 0.7351000 0.6675413 0.6603995 0.7074924 0.6474276 0.6797789 0.9222015 0.6626653 0.6674859 0.7065855 0.7997811 0.6678616 0.7479857 0.7445083 0.6698460 0.9105054 0.7130099 0.8452927 0.8532835 0.7271842 0.8445366 0.8818086 0.9217116 0.5407329 0.8077873 0.8452932 1.0788821 1.0474969 0.9677989 0.9258801 1.0465797 0.9567851 1.0465838 0.9716133 0.9387806 1.0877545 1.0262890 0.9327962 0.9994901 1.1565367 1.0219181 0.7593491 1.1746028 
Gfas_gfas1.m1.6138.m1                                   0.7095249 0.6672669 0.5784302 0.6180481 0.7032159 0.5865555 0.6657710 0.6394724 0.3913322 0.3984885 0.2713173 0.2728929 0.0000000 0.2395588 0.4970861 0.2840389 0.2968990 0.3623122 0.5724336 0.5285929 0.6803632 0.5968389 0.5968389 0.5875005 0.5704806 0.5462584 0.5451081 0.5554180 0.6610684 0.6650697 0.6735018 0.6807315 0.5407097 0.5897827 1.0112477 0.6824069 0.6036091 0.6471226 0.7078288 0.6897822 0.7436499 0.7196890 0.6726139 0.8094846 0.7179742 0.8778120 0.6995252 0.6212724 0.8041941 0.9721336 0.9352005 0.6595826 0.7774765 0.8171240 0.8720177 0.8922655 0.8477217 0.8336578 0.8743427 0.8761970 0.9264455 0.8607853 0.8560216 1.0593755 0.8791132 0.9043695 1.0178747 1.0459195 0.9538333 0.6148467 1.1378524 
Fspp_ffun1.m4.22962.m1                                  0.7441500 0.7247997 0.6563883 0.7480071 0.7180400 0.6578706 0.7259873 0.6872808 0.4032459 0.4127171 0.3817514 0.3786311 0.2395588 0.0000000 0.4979957 0.2850335 0.2932425 0.3391137 0.5837701 0.5648682 0.6478373 0.7014383 0.7014383 0.6905185 0.6687853 0.6490337 0.6477307 0.6529675 0.6989906 0.6989018 0.7360125 0.7152391 0.5774633 0.6463880 1.0080028 0.7653590 0.6944325 0.6570032 0.7995422 0.7609286 0.8510913 0.8371650 0.7195560 0.9204916 0.8625711 0.8836639 0.8011467 0.7092703 0.8576597 0.9403241 1.0005730 0.7460470 0.7936492 0.9149317 0.9872228 1.0084237 0.9207408 0.9190686 0.9340658 0.9180163 0.9548084 0.9770493 0.8708825 1.0732478 1.0097868 1.0538486 1.1176265 1.0524484 1.0402397 0.6543488 1.2335714 
Gasp_gasp1.m3.18838.m1                                  1.0100856 0.7623277 0.7685717 1.0095396 0.9892923 0.9183293 0.9604156 0.7818525 0.5183315 0.5106299 0.4523796 0.3255489 0.4970861 0.4979957 0.0000000 0.2715961 0.2217875 2.8278730 0.7201566 0.7736696 0.7769684 0.8497043 0.8497043 0.8751402 0.8452280 0.8630009 0.8630009 0.8882861 0.8939894 0.7967874 0.7298800 0.7803964 0.7899002 0.8729102 1.6103168 0.8461495 0.8015294 0.9091335 0.9803809 0.7670874 0.8709280 0.7518865 0.9019084 0.9096993 0.7674853 0.9676295 1.0834638 0.8816902 0.9237748 0.9052318 0.7754508 0.6641625 1.1239088 1.0005923 1.3424380 1.1151187 1.0053863 0.8798129 1.2029385 1.1078557 1.3198187 1.3330042 0.9125527 1.2141406 1.3397286 1.1753842 1.2547174 1.2069373 0.9943917 3.2908097 0.9632553 
Spis_XP_022802454_1                                     0.7510307 0.6755857 0.6236061 0.6694448 0.7458271 0.6333226 0.7327970 0.6514428 0.4692917 0.4481609 0.3523251 0.3414675 0.2840389 0.2850335 0.2715961 0.0000000 0.0563817 0.3538129 0.5865329 0.5604642 0.6005721 0.5821714 0.5821714 0.5635931 0.5653371 0.5457115 0.5447426 0.5609712 0.6428837 0.6884344 0.6209064 0.6981567 0.6233285 0.6457538 0.9226959 0.6490313 0.6244181 0.6534481 0.7419365 0.6747843 0.7749296 0.7698002 0.6439340 0.8616952 0.7402151 0.8259486 0.7327033 0.6125158 0.7751937 0.8712563 0.8266211 0.5129181 0.7876805 0.7931740 0.9516912 0.9328722 0.8699403 0.8355088 0.8903442 0.8993421 0.9581136 0.9377468 0.8163606 0.9394157 0.8972152 0.9618467 0.8978581 1.0231311 0.9425160 0.7095660 1.1192062 
Pocdam_XM_027189417.1                                   0.7466050 0.6700974 0.6172138 0.6407848 0.7561392 0.6172034 0.7367959 0.6883149 0.4876181 0.4318001 0.3484340 0.3309954 0.2968990 0.2932425 0.2217875 0.0563817 0.0000000 0.3789551 0.5943089 0.5798448 0.5914714 0.5904945 0.5904945 0.5521971 0.5620985 0.5528900 0.5519098 0.5591483 0.6271557 0.7096404 0.6328908 0.7175216 0.6079637 0.6673996 0.8987611 0.6430921 0.6473884 0.6451032 0.7432372 0.6462852 0.7681583 0.7562356 0.6603940 0.8331362 0.7474140 0.8398259 0.7564493 0.6536327 0.7631341 0.8595043 0.8225057 0.5052355 0.8141523 0.8068010 0.9510976 0.9393789 0.8955595 0.8574526 0.9097640 0.9182627 0.9701861 0.9531536 0.8575129 0.9664975 0.9352067 0.9787136 0.9165481 1.0107133 0.9215482 0.7598584 1.1164851 
Aaur_scaffold93.g13.t1                                  0.4474952 0.4164856 0.4346225 0.6124945 0.5631450 0.5324611 0.5707788 0.5062173 0.3601494 0.3870579 0.3594733 0.3611380 0.3623122 0.3391137 2.8278730 0.3538129 0.3789551 0.0000000 0.2247465 0.1990045 0.2846337 0.3558438 0.3558438 0.3681038 0.3555794 0.3038264 0.3023282 0.3348898 0.4520028 0.4319969 0.4073343 0.4982782 0.4508726 0.4034362 1.4356488 0.5856532 0.4973753 0.5116481 0.4824215 0.6226145 0.6611269 0.6746841 0.5679332 0.5951044 0.5596465 0.5882667 0.4327230 0.4367235 0.4757858 0.5131471 0.6276673 0.5675779 0.6004303 0.5512210 0.5594011 0.5923475 0.5923046 0.5923046 0.5217770 0.5481621 0.5761966 0.5717886 0.4948315 0.5456714 0.5453819 0.6916109 0.6487163 0.6225958 0.6913730 0.2393806 1.2268652 
Nemnom_g3133.t1                                         0.7051232 0.6375849 0.5985126 0.7310368 0.6599402 0.6438917 0.7073410 0.6031025 0.5319967 0.5842477 0.6366471 0.6107841 0.5724336 0.5837701 0.7201566 0.5865329 0.5943089 0.2247465 0.0000000 0.1007789 0.3442050 0.6600275 0.6600275 0.6474923 0.6554503 0.6242434 0.6231537 0.6235277 0.4675456 0.7157895 0.6616891 0.6999951 0.5648409 0.6360406 0.9453103 0.6770863 0.7398700 0.6414544 0.7185515 0.7156683 0.7577930 0.7382726 0.6319252 0.7592003 0.7768309 0.7768663 0.5753186 0.5721337 0.7809298 0.9164269 0.9297986 0.5633288 0.7922592 0.7973670 0.8281913 0.8164376 0.9103329 0.8430147 0.8773700 0.8445387 0.8555893 0.7890366 0.7891205 0.8766092 0.8287602 0.8354715 0.9453993 0.8679886 0.9381621 0.7005899 0.9318785 
Rhoesc_Res_004390-T1                                    0.6930899 0.6511129 0.5726094 0.6861001 0.6335429 0.6455740 0.6794453 0.5861811 0.4875165 0.5279822 0.6064870 0.5871202 0.5285929 0.5648682 0.7736696 0.5604642 0.5798448 0.1990045 0.1007789 0.0000000 0.2961209 0.6174572 0.6174572 0.6423152 0.6379667 0.6094035 0.6083395 0.6158071 0.4405626 0.6911915 0.6964299 0.6967569 0.5474641 0.6461917 1.0663218 0.6697651 0.7191575 0.6517657 0.7282664 0.7244963 0.7858446 0.7551791 0.6603493 0.7782925 0.7717879 0.8108629 0.5988475 0.5808816 0.7878847 0.8878707 0.8933792 0.5858146 0.7669550 0.7635114 0.8318702 0.8373523 0.9035150 0.8534665 0.8783469 0.8623790 0.8536576 0.7868787 0.8252438 0.9401285 0.8206390 0.8542403 0.9613098 0.8781561 0.9840446 0.6686692 0.9495445 
Sanmal_Sma_023322-T1                                    0.7393423 0.7480446 0.6751051 0.7172825 0.7810549 0.6863053 0.7497010 0.6290171 0.6445208 0.6067262 0.7313129 0.7189419 0.6803632 0.6478373 0.7769684 0.6005721 0.5914714 0.2846337 0.3442050 0.2961209 0.0000000 0.7014838 0.7014838 0.7011549 0.6958882 0.6874725 0.6862078 0.7008422 0.5041736 0.7529895 0.7236584 0.7379609 0.6055478 0.6817977 1.0328775 0.6847099 0.7523019 0.6151966 0.7251261 0.7079031 0.7616769 0.7284751 0.6656015 0.6992516 0.8528367 0.8150955 0.7364672 0.6104980 0.7853107 0.8364206 0.9260974 0.6700009 0.8516054 0.8731779 0.9260633 0.9013547 0.9730484 0.9049278 0.9703719 0.9260436 0.8746063 0.8892575 0.8568076 0.8951243 0.8278489 0.9331826 1.0145278 0.9190409 0.9716404 0.7752140 0.9988675 
Tadh_TriadT49733                                        0.7719693 0.6548732 0.6313259 0.6281400 0.7397950 0.7499718 0.7582563 0.5899620 0.6035118 0.5869354 0.5911143 0.5533347 0.5968389 0.7014383 0.8497043 0.5821714 0.5904945 0.3558438 0.6600275 0.6174572 0.7014838 0.0000000 0.0000010 0.1303119 0.1410134 0.1421527 0.1457412 0.1615419 0.7642867 0.6340377 0.6552847 0.7078189 0.7299542 0.7335076 0.8898848 0.6753154 0.6006277 0.6764169 0.7203450 0.8147358 0.8613194 0.8536423 0.6392083 0.8211859 0.7561895 0.7132638 0.7934042 0.7511587 0.8417773 0.8861753 0.9751573 0.5265320 0.6979612 0.8472722 1.0843864 1.0624479 1.0585620 1.0545676 1.0458387 0.9571467 1.0602536 0.9922814 0.9572989 1.0950138 1.0444524 0.7871567 0.9055572 0.9209057 1.0575189 0.7555782 1.0346529 
TrH2_TrispH2_007011-RA                                  0.7719693 0.6548732 0.6313259 0.6281400 0.7397950 0.7499718 0.7582563 0.5899620 0.6035118 0.5869354 0.5911143 0.5533347 0.5968389 0.7014383 0.8497043 0.5821714 0.5904945 0.3558438 0.6600275 0.6174572 0.7014838 0.0000010 0.0000000 0.1303119 0.1410134 0.1421527 0.1457412 0.1615419 0.7642867 0.6340377 0.6552847 0.7078189 0.7299542 0.7335076 0.8898848 0.6753154 0.6006277 0.6764169 0.7203450 0.8147358 0.8613194 0.8536423 0.6392083 0.8211859 0.7561895 0.7132638 0.7934042 0.7511587 0.8417773 0.8861753 0.9751573 0.5265320 0.6979612 0.8472722 1.0843864 1.0624479 1.0585620 1.0545676 1.0458387 0.9571467 1.0602536 0.9922814 0.9572989 1.0950138 1.0444524 0.7871567 0.9055572 0.9209057 1.0575189 0.7555782 1.0346529 
HoiH06_mRNA2112                                         0.7302513 0.5972783 0.6108577 0.6077499 0.7154582 0.6803632 0.7172121 0.6019456 0.6120288 0.5907239 0.5756037 0.5553637 0.5875005 0.6905185 0.8751402 0.5635931 0.5521971 0.3681038 0.6474923 0.6423152 0.7011549 0.1303119 0.1303119 0.0000000 0.0228223 0.0473011 0.0503902 0.0915946 0.8144401 0.6123723 0.6246454 0.6651853 0.6881626 0.6941153 0.9094826 0.6293659 0.5830205 0.6035009 0.6766493 0.7192827 0.8182288 0.8053751 0.5990584 0.7847687 0.7193867 0.6785119 0.7582425 0.7207464 0.8136584 0.8768267 0.9206647 0.5311100 0.7169645 0.8283580 1.0032846 0.9814785 1.0227254 0.9831002 0.9854973 0.9039678 0.9737392 0.9159623 0.9220097 1.0534117 1.0405289 0.7712120 0.8593966 0.9418838 1.0055320 0.7691046 1.0324282 
HoiH23_PlH23_000831-RA                                  0.7160127 0.6223685 0.6216130 0.5783867 0.6891871 0.6543223 0.6908988 0.5942232 0.5763172 0.5827285 0.5608516 0.5380911 0.5704806 0.6687853 0.8452280 0.5653371 0.5620985 0.3555794 0.6554503 0.6379667 0.6958882 0.1410134 0.1410134 0.0228223 0.0000000 0.0441946 0.0411208 0.0850161 0.7928320 0.6192374 0.6245335 0.6590806 0.6798772 0.7084184 0.9020247 0.6141502 0.5620513 0.6114234 0.6961109 0.7204768 0.8424074 0.8166069 0.6117277 0.8068293 0.7209587 0.7057799 0.7678861 0.7228319 0.7929479 0.8547674 0.9041415 0.5387299 0.7164786 0.8229412 0.9904064 0.9686481 1.0231588 0.9834999 0.9865896 0.9049633 0.9703605 0.9198893 0.8995829 1.0545870 1.0146162 0.7960750 0.8731265 0.9435892 0.9992785 0.7826185 1.0487144 
Hhon_g04051.t1                                          0.7224838 0.5984410 0.6001212 0.5535594 0.6546875 0.6223962 0.6937753 0.5902875 0.5653632 0.5937708 0.5493671 0.5236116 0.5462584 0.6490337 0.8630009 0.5457115 0.5528900 0.3038264 0.6242434 0.6094035 0.6874725 0.1421527 0.1421527 0.0473011 0.0441946 0.0000000 0.0028354 0.0819616 0.7307013 0.6053227 0.6183074 0.6497564 0.6851548 0.6914343 0.9190848 0.6283470 0.5895057 0.6032522 0.6890376 0.7008727 0.8022881 0.7902900 0.5990208 0.8017652 0.7380879 0.7029115 0.7501824 0.7036425 0.7743968 0.8502643 0.9185944 0.5383673 0.7027747 0.8055371 0.9665350 0.9450212 0.9952310 0.9676284 0.9612497 0.8696897 0.9363059 0.8825184 0.8746143 0.9934497 0.9794109 0.7741789 0.8501915 0.9666165 0.9603438 0.7502726 1.0630782 
HoiH04_mRNA3705                                         0.7212033 0.6043280 0.5990369 0.5520823 0.6534971 0.6210192 0.6925268 0.5892383 0.5643448 0.5874057 0.5483492 0.5225436 0.5451081 0.6477307 0.8630009 0.5447426 0.5519098 0.3023282 0.6231537 0.6083395 0.6862078 0.1457412 0.1457412 0.0503902 0.0411208 0.0028354 0.0000000 0.0852142 0.7286494 0.6113794 0.6243659 0.6561090 0.6839277 0.6901599 0.9190848 0.6341877 0.5884296 0.6019478 0.6877694 0.6995711 0.8008384 0.7888761 0.5979395 0.8002925 0.7367611 0.7016114 0.7488080 0.7023589 0.7730060 0.8487209 0.9169817 0.5368455 0.7014911 0.8035022 0.9648094 0.9433165 0.9928080 0.9652656 0.9595172 0.8680728 0.9337470 0.8802563 0.8729692 0.9916893 0.9776268 0.7727539 0.8486909 0.9648941 0.9586879 0.7475618 1.0611490 
HoiH11_mRNA4244                                         0.7522754 0.6316426 0.6289390 0.5970767 0.6796024 0.6290279 0.7267377 0.6139512 0.5892748 0.5887696 0.5690265 0.5410872 0.5554180 0.6529675 0.8882861 0.5609712 0.5591483 0.3348898 0.6235277 0.6158071 0.7008422 0.1615419 0.1615419 0.0915946 0.0850161 0.0819616 0.0852142 0.0000000 0.8137947 0.6310995 0.6540405 0.6569083 0.6690251 0.6994637 0.8793980 0.6382298 0.6094332 0.6099964 0.6835154 0.7355199 0.8064787 0.8085480 0.6368683 0.8224903 0.7409913 0.7624532 0.7776950 0.7439122 0.8279765 0.9042392 0.9456802 0.5391709 0.7408360 0.8304441 1.0224597 0.9960226 1.0193364 0.9814844 0.9953334 0.9230439 0.9799625 0.9143411 0.9088642 1.0392714 1.0204869 0.8044542 0.8974735 0.9906365 0.9846485 0.7147520 1.0699129 
Morvir_scaffold349.g14.t1                               0.6966926 0.8146919 0.6520110 0.9882921 0.8555100 0.9231672 0.9287266 0.5847214 0.6024918 0.6213242 0.7120817 0.7351000 0.6610684 0.6989906 0.8939894 0.6428837 0.6271557 0.4520028 0.4675456 0.4405626 0.5041736 0.7642867 0.7642867 0.8144401 0.7928320 0.7307013 0.7286494 0.8137947 0.0000000 0.7331944 0.6775244 0.7465663 0.6981752 0.7411716 1.1626747 0.7057451 0.7413540 0.6688202 0.7334645 0.8237976 0.7161541 0.7377392 0.7476707 0.8732721 0.8981353 0.6878319 0.6927543 0.5916278 0.8186374 0.8227077 0.8409401 0.7068928 0.7931347 0.8461752 0.9546255 0.9041556 0.8936742 0.8573400 0.9819705 0.9394149 1.0117254 0.9969948 0.8782848 0.9027594 0.8740941 0.8734990 0.8742880 0.9857146 0.8542311 0.9378199 1.4333889 
Aque_Aqu2.1.24512_001                                   0.7216695 0.7569933 0.6018289 0.7229695 0.7650794 0.6434591 0.7275573 0.7175305 0.6753498 0.6536493 0.6866088 0.6675413 0.6650697 0.6989018 0.7967874 0.6884344 0.7096404 0.4319969 0.7157895 0.6911915 0.7529895 0.6340377 0.6340377 0.6123723 0.6192374 0.6053227 0.6113794 0.6310995 0.7331944 0.0000000 0.3524889 0.2780568 0.6635033 0.7247059 0.8132459 0.5809279 0.6329072 0.5795523 0.7019291 0.8164028 0.8301526 0.8133098 0.7140823 0.8172584 0.7307209 0.7162190 0.7579586 0.7671491 0.8399922 0.8916061 0.8886845 0.5358995 0.7577633 0.8506499 1.0820832 1.0200940 0.9579891 0.9163335 1.0575434 0.9096524 1.0161824 0.9513205 0.8822389 1.1325291 1.0548378 0.8761722 0.9400974 0.9070199 0.9868974 0.7587356 1.1516530 
Xestes_maker-XT_scaffold13524-augustus-gene-0.63-mRNA-1 0.7567847 0.7038532 0.5786734 0.6877423 0.7166576 0.6743628 0.7256767 0.6467980 0.7179059 0.5956063 0.6610764 0.6603995 0.6735018 0.7360125 0.7298800 0.6209064 0.6328908 0.4073343 0.6616891 0.6964299 0.7236584 0.6552847 0.6552847 0.6246454 0.6245335 0.6183074 0.6243659 0.6540405 0.6775244 0.3524889 0.0000000 0.2669780 0.7249382 0.7580990 0.8866604 0.6129890 0.6216272 0.5671388 0.6350758 0.7699968 0.8713905 0.8411249 0.6879821 0.7658643 0.7431381 0.7492537 0.7181289 0.6801840 0.8403066 0.8669200 0.9104725 0.5106347 0.8016265 0.7927407 1.0635495 1.0277014 1.0713152 1.0270814 1.1309340 0.9573855 1.0669061 1.0160219 0.9703430 1.1454569 1.0314327 0.8285030 1.0775450 0.8419375 1.0794609 0.7576478 1.1520301 
Halamb_c2816_g1_i1m.424                                 0.7444390 0.7543997 0.5998855 0.6928186 0.6809674 0.6724501 0.7189448 0.6165755 0.6720477 0.5941512 0.7118273 0.7074924 0.6807315 0.7152391 0.7803964 0.6981567 0.7175216 0.4982782 0.6999951 0.6967569 0.7379609 0.7078189 0.7078189 0.6651853 0.6590806 0.6497564 0.6561090 0.6569083 0.7465663 0.2780568 0.2669780 0.0000000 0.6591436 0.7498280 1.0314890 0.5952218 0.6892961 0.6073315 0.6853439 0.8157768 0.8471405 0.8010129 0.7080211 0.7766737 0.7088390 0.7359968 0.7891255 0.7261013 0.7959213 0.8749636 0.9187528 0.5442331 0.7475258 0.7648642 1.0676730 1.0249813 0.9791614 0.9317125 1.1374600 0.9295076 1.0523031 0.9945436 0.9705641 1.1625792 1.0304901 0.8580294 1.0435084 0.9062208 0.9994460 0.7108017 1.1043642 
Dgig_XM_028547077.1                                     0.7140939 0.7672458 0.6695470 0.6220964 0.7097682 0.6224642 0.6786158 0.6672807 0.4937215 0.5616336 0.6506822 0.6474276 0.5407097 0.5774633 0.7899002 0.6233285 0.6079637 0.4508726 0.5648409 0.5474641 0.6055478 0.7299542 0.7299542 0.6881626 0.6798772 0.6851548 0.6839277 0.6690251 0.6981752 0.6635033 0.7249382 0.6591436 0.0000000 0.2407264 0.5655551 0.5908751 0.6370950 0.5894157 0.7269554 0.6444905 0.7023031 0.6949178 0.6307565 0.8339138 0.7236739 0.8032702 0.7256094 0.5856384 0.9332187 1.0078188 1.0112813 0.6488686 0.7388951 0.7837939 1.0471513 1.0138571 1.0083596 0.9513288 1.0667464 0.9506670 1.1160495 1.0381428 0.8845621 1.0375029 1.1039278 0.9063348 1.0509324 0.9110492 0.9701217 0.7176769 1.1112867 
Xesp_021840-T1                                          0.7232679 0.8168524 0.7700116 0.6789580 0.7362145 0.6487009 0.7607572 0.6872910 0.5224418 0.6327461 0.6833665 0.6797789 0.5897827 0.6463880 0.8729102 0.6457538 0.6673996 0.4034362 0.6360406 0.6461917 0.6817977 0.7335076 0.7335076 0.6941153 0.7084184 0.6914343 0.6901599 0.6994637 0.7411716 0.7247059 0.7580990 0.7498280 0.2407264 0.0000000 0.7610002 0.7123431 0.7041093 0.6124989 0.7943081 0.7396890 0.7517814 0.7355260 0.6748106 0.8857233 0.7749279 0.8586273 0.7734003 0.6536327 1.0129343 1.0657876 1.1093849 0.6302920 0.7233215 0.8459521 1.0197560 0.9993059 1.0239965 0.9617034 1.0601612 1.0534132 1.1130661 1.0748819 0.9271823 1.0649589 1.1125347 0.8909999 1.1060530 0.9121060 1.0698419 0.7447916 1.2660792 
Ocar_g1827                                              0.8649678 1.1737326 0.9473530 0.8468245 0.8736734 0.6737104 0.7650367 0.7795725 0.9145268 0.7964259 0.9277550 0.9222015 1.0112477 1.0080028 1.6103168 0.9226959 0.8987611 1.4356488 0.9453103 1.0663218 1.0328775 0.8898848 0.8898848 0.9094826 0.9020247 0.9190848 0.9190848 0.8793980 1.1626747 0.8132459 0.8866604 1.0314890 0.5655551 0.7610002 0.0000000 0.0615774 0.5270359 0.6518714 0.6950976 0.7372879 0.7454021 0.8094874 0.6927578 0.8645017 1.1814377 1.1401064 1.0012444 1.2900329 1.0784673 1.3874746 1.4995198 0.7730148 0.9871918 1.0318281 1.5221761 1.4825547 1.3764287 1.3764287 1.4857295 1.1178930 1.2988990 1.1588381 1.3450260 1.2003657 1.3780826 1.0903168 1.2172828 1.2399775 1.4159543 8.9999983 4.0946314 
Opea_EP00118_Oscarella_pearsei_P025052                  0.6600086 0.7748416 0.7181715 0.5551054 0.6743495 0.5724876 0.6423653 0.6120375 0.7492218 0.6973100 0.6886260 0.6626653 0.6824069 0.7653590 0.8461495 0.6490313 0.6430921 0.5856532 0.6770863 0.6697651 0.6847099 0.6753154 0.6753154 0.6293659 0.6141502 0.6283470 0.6341877 0.6382298 0.7057451 0.5809279 0.6129890 0.5952218 0.5908751 0.7123431 0.0615774 0.0000000 0.4701493 0.5271942 0.6625197 0.6459298 0.6904949 0.6734838 0.5485157 0.8010321 0.7931163 0.8179115 0.7924367 0.6890532 0.8517265 0.8767764 0.9304721 0.5967194 0.8208606 0.8947475 1.0089867 0.9755829 1.0060008 0.9513920 1.0624414 0.9845406 1.0613611 0.9960879 0.9728165 1.0271605 0.9478712 0.9285666 1.1240646 0.9671928 0.9803821 0.7879477 1.0147043 
Plajan_Pjan_C560338_01                                  0.7697576 0.8224889 0.6716088 0.4952744 0.6895947 0.5612545 0.6251004 0.5949114 0.6798918 0.6771007 0.6876954 0.6674859 0.6036091 0.6944325 0.8015294 0.6244181 0.6473884 0.4973753 0.7398700 0.7191575 0.7523019 0.6006277 0.6006277 0.5830205 0.5620513 0.5895057 0.5884296 0.6094332 0.7413540 0.6329072 0.6216272 0.6892961 0.6370950 0.7041093 0.5270359 0.4701493 0.0000000 0.5613814 0.6963304 0.6847958 0.7270534 0.6871551 0.6066516 0.8253072 0.7883597 0.7013512 0.8387057 0.7238275 0.8707876 0.9218874 0.9459029 0.5670383 0.6672476 0.7824314 1.1123362 1.0786866 1.0186718 0.9668457 1.0236320 1.0079190 1.0998946 1.0860640 0.9665232 1.0358380 1.0250164 0.8886221 1.0013511 1.0253253 1.0213034 0.7756533 1.0790115 
Emue_Em0010g72a.t1                                      0.6339558 0.7591869 0.5650895 0.6428755 0.6303058 0.5502316 0.6127563 0.5062868 0.5960171 0.5926135 0.7176115 0.7065855 0.6471226 0.6570032 0.9091335 0.6534481 0.6451032 0.5116481 0.6414544 0.6517657 0.6151966 0.6764169 0.6764169 0.6035009 0.6114234 0.6032522 0.6019478 0.6099964 0.6688202 0.5795523 0.5671388 0.6073315 0.5894157 0.6124989 0.6518714 0.5271942 0.5613814 0.0000000 0.1138717 0.5593845 0.5708248 0.5527426 0.5614236 0.6643054 0.5953909 0.6470390 0.6707329 0.5849466 0.7283249 0.7787011 0.8363016 0.4949224 0.6635689 0.6445744 0.8142419 0.7826384 0.8164670 0.8037028 0.8646811 0.7914101 0.8211125 0.7918778 0.8234675 0.8710979 0.8401656 0.6482636 0.7346879 0.8881652 0.6488009 0.6806497 1.0566538 
Spolac_c103187_g1_i4_m.32895c103187-g1                  0.7609038 0.8626114 0.6824531 0.6424814 0.7621256 0.5783099 0.7840924 0.6765453 0.7092673 0.7078397 0.8362024 0.7997811 0.7078288 0.7995422 0.9803809 0.7419365 0.7432372 0.4824215 0.7185515 0.7282664 0.7251261 0.7203450 0.7203450 0.6766493 0.6961109 0.6890376 0.6877694 0.6835154 0.7334645 0.7019291 0.6350758 0.6853439 0.7269554 0.7943081 0.6950976 0.6625197 0.6963304 0.1138717 0.0000000 0.7303784 0.6831601 0.6743835 0.6448250 0.7884882 0.7497606 0.7723458 0.7715254 0.6829895 0.8697241 0.9260619 1.0098496 0.4871667 0.7846571 0.7631964 0.9309862 0.9089155 0.9656139 0.9559104 1.0176082 0.8433391 0.9204196 0.8945415 0.8928485 1.0426713 1.0050434 0.7058733 0.9729931 1.0936186 0.9255989 0.7046728 1.1669964 
Mbre_EDQ91251                                           0.6811655 0.8403231 0.7049661 0.5837589 0.6551393 0.5051741 0.6669258 0.6525250 0.6614478 0.6197125 0.6941127 0.6678616 0.6897822 0.7609286 0.7670874 0.6747843 0.6462852 0.6226145 0.7156683 0.7244963 0.7079031 0.8147358 0.8147358 0.7192827 0.7204768 0.7008727 0.6995711 0.7355199 0.8237976 0.8164028 0.7699968 0.8157768 0.6444905 0.7396890 0.7372879 0.6459298 0.6847958 0.5593845 0.7303784 0.0000000 0.3630341 0.3425748 0.4065665 0.4336566 0.5546338 0.7204510 0.8776289 0.7015660 0.7323002 0.7539089 0.9146489 0.7110069 0.6499315 0.6379645 1.0070592 0.9759704 0.9849421 0.9635911 1.0406366 0.9502162 0.9927122 0.9801221 0.9181881 1.1000090 0.9130720 0.6283780 0.9264812 1.0704094 0.8531200 0.8258770 0.7156473 
Choper_EP00045_Choanoeca_perplexa_P011555               0.7059754 0.8250053 0.7275451 0.6726331 0.7228253 0.5799614 0.7528065 0.7387450 0.6455422 0.7143478 0.7832557 0.7479857 0.7436499 0.8510913 0.8709280 0.7749296 0.7681583 0.6611269 0.7577930 0.7858446 0.7616769 0.8613194 0.8613194 0.8182288 0.8424074 0.8022881 0.8008384 0.8064787 0.7161541 0.8301526 0.8713905 0.8471405 0.7023031 0.7517814 0.7454021 0.6904949 0.7270534 0.5708248 0.6831601 0.3630341 0.0000000 0.1326691 0.4168371 0.6097076 0.5413961 0.6567164 0.8175475 0.6405431 0.8595120 0.8652855 0.9649028 0.5790797 0.6690216 0.8069224 1.0063007 0.9870701 0.9719813 0.9157194 1.0562364 0.9392291 0.9607102 0.9279180 0.9454397 1.0598059 0.9614737 0.6681562 0.8736708 0.9931375 0.9018492 0.9783682 0.8134044 
Chofle_EP00730_Choanoeca_flexa_P018688                  0.7430087 0.8006511 0.7336381 0.6639573 0.7523448 0.6071301 0.7318716 0.7280786 0.6074780 0.6772372 0.7762456 0.7445083 0.7196890 0.8371650 0.7518865 0.7698002 0.7562356 0.6746841 0.7382726 0.7551791 0.7284751 0.8536423 0.8536423 0.8053751 0.8166069 0.7902900 0.7888761 0.8085480 0.7377392 0.8133098 0.8411249 0.8010129 0.6949178 0.7355260 0.8094874 0.6734838 0.6871551 0.5527426 0.6743835 0.3425748 0.1326691 0.0000000 0.4096585 0.5449612 0.5456506 0.6799321 0.8519294 0.6517135 0.8449523 0.8561833 0.9312703 0.5466665 0.6738294 0.7829533 0.9679655 0.9607060 0.9615295 0.9116375 1.0157562 0.9372401 0.9697561 0.9490411 0.8984126 1.0540443 0.9837218 0.6644221 0.8833363 1.0283204 0.8751941 1.0347752 0.7602306 
Salkve_EP00050_Salpingoeca_kvevrii_P006698              0.6004751 0.7706461 0.6079040 0.6110588 0.6051310 0.5788017 0.6457344 0.5793608 0.6318023 0.6781821 0.7059912 0.6698460 0.6726139 0.7195560 0.9019084 0.6439340 0.6603940 0.5679332 0.6319252 0.6603493 0.6656015 0.6392083 0.6392083 0.5990584 0.6117277 0.5990208 0.5979395 0.6368683 0.7476707 0.7140823 0.6879821 0.7080211 0.6307565 0.6748106 0.6927578 0.5485157 0.6066516 0.5614236 0.6448250 0.4065665 0.4168371 0.4096585 0.0000000 0.4860089 0.4616632 0.5161740 0.8073480 0.5823741 0.6648281 0.7136120 0.7292591 0.5716283 0.5420643 0.5994764 0.8244824 0.8118642 0.8722452 0.8126075 0.9045881 0.8686299 0.8993204 0.8837366 0.8461465 0.9263091 0.8621160 0.6241920 0.8232908 1.0729319 0.7840759 0.8146505 0.6051796 
Salinf_EP00049_Salpingoeca_infusionum_P018308           0.7426064 0.9310724 0.7442062 0.6500529 0.7921464 0.7120451 0.8018666 0.7727295 0.8249444 0.7270857 0.9606095 0.9105054 0.8094846 0.9204916 0.9096993 0.8616952 0.8331362 0.5951044 0.7592003 0.7782925 0.6992516 0.8211859 0.8211859 0.7847687 0.8068293 0.8017652 0.8002925 0.8224903 0.8732721 0.8172584 0.7658643 0.7766737 0.8339138 0.8857233 0.8645017 0.8010321 0.8253072 0.6643054 0.7884882 0.4336566 0.6097076 0.5449612 0.4860089 0.0000000 0.5704421 0.7060307 0.9120676 0.8770751 0.8234316 0.8669604 0.8905068 0.7182244 0.7263450 0.7511777 1.1105044 1.0853067 1.1670398 1.0964853 1.1177389 1.1027816 1.0529512 1.1001670 1.0483070 1.2065183 1.0995530 0.7522433 0.9878317 0.9742224 0.9122495 1.0459993 0.6746664 
Saldol_EP00054_Salpingoeca_dolichothecata_P031488       0.6438348 0.7456763 0.5408134 0.6297549 0.6292815 0.6033706 0.6832668 0.6109318 0.6419323 0.6494145 0.7730212 0.7130099 0.7179742 0.8625711 0.7674853 0.7402151 0.7474140 0.5596465 0.7768309 0.7717879 0.8528367 0.7561895 0.7561895 0.7193867 0.7209587 0.7380879 0.7367611 0.7409913 0.8981353 0.7307209 0.7431381 0.7088390 0.7236739 0.7749279 1.1814377 0.7931163 0.7883597 0.5953909 0.7497606 0.5546338 0.5413961 0.5456506 0.4616632 0.5704421 0.0000000 0.6008879 0.7566605 0.6888670 0.6339126 0.6398967 0.6675728 0.5817449 0.6613960 0.6347398 0.9197341 0.9027536 0.9089911 0.8267370 0.9776515 0.8803730 0.9286068 0.8678539 0.8634870 0.9841341 0.9018982 0.5903283 0.7500131 0.9518852 0.7036860 0.9335284 0.7310206 
Salurc_EP00051_Salpingoeca_urceolata_P027157            0.7370090 0.8638620 0.6512555 0.7695590 0.8291271 0.7523342 0.8258318 0.6838695 0.7891531 0.8404941 0.8816284 0.8452927 0.8778120 0.8836639 0.9676295 0.8259486 0.8398259 0.5882667 0.7768663 0.8108629 0.8150955 0.7132638 0.7132638 0.6785119 0.7057799 0.7029115 0.7016114 0.7624532 0.6878319 0.7162190 0.7492537 0.7359968 0.8032702 0.8586273 1.1401064 0.8179115 0.7013512 0.6470390 0.7723458 0.7204510 0.6567164 0.6799321 0.5161740 0.7060307 0.6008879 0.0000000 0.7937571 0.6931979 0.7872615 0.8200525 0.8979610 0.5665749 0.6398066 0.7939787 1.0103361 0.9452522 0.9923021 0.9744070 1.0825817 1.0643644 1.0775088 1.0829503 0.9965582 1.1117078 0.9764758 0.7174084 0.9157878 1.0625428 0.8667521 0.8389259 0.9075669 
Hvul_g31925_1                                           0.7392086 0.7663568 0.7064972 0.8290724 0.7594116 0.7448306 0.8480386 0.7229400 0.6852618 0.6953646 0.8729863 0.8532835 0.6995252 0.8011467 1.0834638 0.7327033 0.7564493 0.4327230 0.5753186 0.5988475 0.7364672 0.7934042 0.7934042 0.7582425 0.7678861 0.7501824 0.7488080 0.7776950 0.6927543 0.7579586 0.7181289 0.7891255 0.7256094 0.7734003 1.0012444 0.7924367 0.8387057 0.6707329 0.7715254 0.8776289 0.8175475 0.8519294 0.8073480 0.9120676 0.7566605 0.7937571 0.0000000 0.5593875 0.8666937 0.9269859 1.0996709 0.6833050 0.8909919 0.8877215 0.8576907 0.8229056 0.7711985 0.7442114 0.8370954 0.8183348 0.9047870 0.8424930 0.8175511 0.8081900 0.8446552 0.9898727 0.8810262 0.9649570 0.9705430 0.9362371 1.0754693 
Chem_TCONS_00071736                                     0.6995386 0.7484836 0.7175854 0.8541202 0.7559569 0.7158733 0.8202791 0.6294192 0.5493100 0.6597620 0.7488856 0.7271842 0.6212724 0.7092703 0.8816902 0.6125158 0.6536327 0.4367235 0.5721337 0.5808816 0.6104980 0.7511587 0.7511587 0.7207464 0.7228319 0.7036425 0.7023589 0.7439122 0.5916278 0.7671491 0.6801840 0.7261013 0.5856384 0.6536327 1.2900329 0.6890532 0.7238275 0.5849466 0.6829895 0.7015660 0.6405431 0.6517135 0.5823741 0.8770751 0.6888670 0.6931979 0.5593875 0.0000000 0.8689774 0.8514569 1.0432110 0.6177505 0.8414905 0.8352074 0.8009527 0.7670528 0.7994014 0.7494367 0.7655707 0.8072237 0.9022063 0.8559103 0.7988351 0.9182815 0.8390664 0.8729329 0.7936513 1.0846174 0.8076940 0.6382813 1.0170958 
Acaspe_EP00035_Acanthoeca_spectabilis_P019923           0.6911598 0.8432768 0.6903484 0.6954194 0.8417182 0.7212386 0.8401110 0.7974921 0.7586667 0.7095402 0.8801931 0.8445366 0.8041941 0.8576597 0.9237748 0.7751937 0.7631341 0.4757858 0.7809298 0.7878847 0.7853107 0.8417773 0.8417773 0.8136584 0.7929479 0.7743968 0.7730060 0.8279765 0.8186374 0.8399922 0.8403066 0.7959213 0.9332187 1.0129343 1.0784673 0.8517265 0.8707876 0.7283249 0.8697241 0.7323002 0.8595120 0.8449523 0.6648281 0.8234316 0.6339126 0.7872615 0.8666937 0.8689774 0.0000000 0.2230766 0.5433182 0.6576166 0.8048860 0.8706241 1.0591774 0.9930909 1.0033870 0.9768303 1.0456771 0.9868997 0.9524354 0.9982013 0.9486675 1.1140038 0.9860015 0.9109917 0.8122231 0.9897589 0.7456385 0.9815237 1.0987273 
Helnan_EP00037_Helgoeca_nana_P012408                    0.7543200 0.8911158 0.7736528 0.7639160 0.9234182 0.8132197 0.9024641 0.8472380 0.8284897 0.7865427 0.9187591 0.8818086 0.9721336 0.9403241 0.9052318 0.8712563 0.8595043 0.5131471 0.9164269 0.8878707 0.8364206 0.8861753 0.8861753 0.8768267 0.8547674 0.8502643 0.8487209 0.9042392 0.8227077 0.8916061 0.8669200 0.8749636 1.0078188 1.0657876 1.3874746 0.8767764 0.9218874 0.7787011 0.9260619 0.7539089 0.8652855 0.8561833 0.7136120 0.8669604 0.6398967 0.8200525 0.9269859 0.8514569 0.2230766 0.0000000 0.5917029 0.7473751 0.8753849 0.9397966 1.0943572 0.9915356 1.0249269 0.9841800 1.1017273 0.9946285 0.9711234 1.0589386 0.9461049 1.1440994 0.9985285 0.9715736 0.8466068 1.1036445 0.7558843 1.0144607 1.0588695 
Stedip_EP00041_Stephanoeca_diplocostata_P023493         0.8589501 0.9863163 0.8963448 0.7870315 0.9437616 0.8208242 0.9130084 0.8556895 0.9000804 0.8373950 0.9491440 0.9217116 0.9352005 1.0005730 0.7754508 0.8266211 0.8225057 0.6276673 0.9297986 0.8933792 0.9260974 0.9751573 0.9751573 0.9206647 0.9041415 0.9185944 0.9169817 0.9456802 0.8409401 0.8886845 0.9104725 0.9187528 1.0112813 1.1093849 1.4995198 0.9304721 0.9459029 0.8363016 1.0098496 0.9146489 0.9649028 0.9312703 0.7292591 0.8905068 0.6675728 0.8979610 1.0996709 1.0432110 0.5433182 0.5917029 0.0000000 0.7601587 0.9369968 1.0331317 1.2332910 1.1439336 1.1961884 1.1586464 1.3017187 1.0996743 1.1200599 1.1574403 1.0415379 1.2503278 1.1484138 0.9871240 0.7934085 1.1236913 0.8238370 1.0529693 1.0370122 
Acagra_model.g10797.t1                                  0.6549270 0.4457941 0.3215682 0.6385624 0.5661227 0.5941568 0.6091719 0.4080713 0.5355709 0.5485279 0.5958237 0.5407329 0.6595826 0.7460470 0.6641625 0.5129181 0.5052355 0.5675779 0.5633288 0.5858146 0.6700009 0.5265320 0.5265320 0.5311100 0.5387299 0.5383673 0.5368455 0.5391709 0.7068928 0.5358995 0.5106347 0.5442331 0.6488686 0.6302920 0.7730148 0.5967194 0.5670383 0.4949224 0.4871667 0.7110069 0.5790797 0.5466665 0.5716283 0.7182244 0.5817449 0.5665749 0.6833050 0.6177505 0.6576166 0.7473751 0.7601587 0.0000000 0.5926217 0.7100739 0.8564003 0.7777809 0.8424250 0.7839670 0.8606416 0.7981927 0.9255128 0.8825000 0.7779539 0.8956460 0.8924800 0.7403978 0.7855431 0.7314926 0.7685800 0.8457474 1.3170295 
