64
Bralan_BLAG13000633_3                                  0.0000000 0.4730431 0.4527338 0.5866999 0.7177036 0.6243997 0.8726651 0.9262261 0.8310175 0.9033550 0.8861088 0.8798079 1.0479352 1.0240070 1.0288245 1.0842557 1.1843723 1.0573061 1.2363393 0.8420783 0.7461760 0.9421602 0.8539643 0.9181546 1.0025235 0.9186582 0.8460663 1.2033060 1.2481149 1.3145142 1.3785390 1.3604734 1.0400574 1.4043641 1.0251096 1.3342634 1.3293583 1.1765802 1.2684199 1.1483501 1.1540463 1.2540498 1.2014100 1.0490048 1.2245088 1.0933324 1.4148644 1.4685926 1.2812515 1.0765161 1.4868328 1.1439726 1.2365333 2.0324324 1.7909730 1.4153394 1.6088590 1.7608351 1.6262075 1.8563764 1.2067431 2.0117474 1.3720291 1.0483805 
Skow_XM_006816774.1                                    0.4730431 0.0000000 0.3917158 0.5805142 0.6528040 0.5529290 0.8585839 0.8093554 0.5923267 0.8369868 0.8278470 0.8329304 0.9250133 1.0007143 0.9694247 0.9999127 1.0196161 0.9309318 1.1110782 0.7673048 0.7041610 0.8721125 0.7022561 0.7121136 0.8326323 0.8491395 0.7530108 1.2437131 1.1247091 1.0944885 1.1919397 1.1973500 1.2139278 1.2565177 1.0403219 1.3287839 1.2317352 1.0660213 1.2835334 1.1816030 1.1525336 1.1240985 1.1039657 0.9698267 1.1618001 0.9932790 1.3067015 1.3021504 1.2571180 1.0898332 1.3988820 1.1437573 1.3085167 1.8906011 1.8540202 1.4970096 1.7201177 1.8528154 1.5697238 2.0022472 1.1703326 1.5983832 1.4559230 1.1297457 
Ctel_gnl_WGS_AMQN_CAPTEDRAFT_mRNA176201                0.4527338 0.3917158 0.0000000 0.5257443 0.5662664 0.5235857 0.7850586 0.8003575 0.6474254 0.8615275 0.8426859 0.7850366 0.8912560 0.8713861 0.8833541 0.9222046 1.0316676 0.9687235 1.1658370 0.7379391 0.6618396 0.8104012 0.7474261 0.7992253 0.8471864 0.8894973 0.8070288 1.1345560 1.1271466 1.1232846 1.1780099 1.0849413 1.0653749 1.1767905 1.0355907 1.2541147 1.1941538 1.1297376 1.2412917 1.2139584 1.0437844 1.1559408 1.1459857 0.8620437 1.1186806 0.9573731 1.1102320 1.3065222 1.1329158 1.0748119 1.3030448 1.1223834 1.4001712 1.8046419 1.7524379 1.4505340 1.6345292 1.7734678 1.5845866 1.7053119 1.3315425 1.4311075 1.3829170 1.3406635 
Acagra_model.g12465.t1                                 0.5866999 0.5805142 0.5257443 0.0000000 0.6404068 0.5711178 0.8813962 0.9172022 0.7176794 1.0023046 0.9766012 0.8195938 0.9691637 1.0077384 1.0260228 1.0153446 1.1583032 1.0374419 1.0446921 0.8411007 0.6219652 0.8687895 0.8308209 0.9036465 0.9624635 0.9809322 0.8924827 1.2874258 1.2590006 1.1319265 1.2170347 1.3533593 1.0923988 1.2784586 1.0791926 1.2540321 1.3845378 1.0872361 1.2391128 1.1152918 1.0197075 1.1802164 1.1518743 1.0212724 1.2601594 0.9317403 1.2646046 1.3519892 1.2447684 0.9706474 1.3628128 1.0114167 1.2826860 2.0325816 1.6380075 1.3420403 1.6033084 1.6980137 1.5801817 1.9718386 1.2444043 2.3827478 1.4064284 1.3658354 
Dpul_mRNA7579                                          0.7177036 0.6528040 0.5662664 0.6404068 0.0000000 0.7542117 1.0442433 1.0319958 0.8197197 1.1101457 1.0878829 0.9978679 1.0991937 1.0740974 1.0985291 1.1466892 1.2872199 1.0116128 1.4668441 0.9039787 0.8966025 1.0250590 0.9269656 0.9734328 1.0784356 1.0392493 0.9816924 1.2021511 1.3193515 1.2038626 1.3230763 1.4433095 1.3222758 1.4094318 1.0499115 1.3937340 1.3283903 1.2673813 1.5903798 1.2089642 1.3257360 1.4416625 1.3636141 0.8894426 1.3396252 1.0089818 1.3378149 1.3678266 1.2549846 1.1774833 1.4708560 1.1690375 1.3793437 2.1327094 1.9364139 1.5932240 1.7448348 1.8519708 1.9172468 1.8994377 1.1456200 1.9257177 1.3078907 1.3324886 
Cgig_XM_011433543.3                                    0.6243997 0.5529290 0.5235857 0.5711178 0.7542117 0.0000000 0.8565564 0.9879047 0.6713514 1.0701671 1.0658032 0.8120765 1.0829303 1.0568317 1.0587480 1.0758195 1.0802148 0.9741371 1.2309212 0.8932795 0.7043816 0.9229680 0.8054490 0.8651969 0.9525110 0.8978330 0.8003692 1.2316954 1.2432157 1.1616067 1.2468059 1.2341793 1.0640533 1.3912767 1.0033822 1.1618689 1.2173201 1.0379087 1.1801248 1.2296565 1.0310859 1.1232992 1.0238576 0.9566695 1.1202665 0.8515666 1.1525491 1.3425427 1.1246762 0.9192455 1.1676188 0.9189784 1.1984708 2.4027272 1.6382987 1.5703299 1.6164859 1.7770269 1.7075140 1.7189845 0.9210952 2.0716905 1.4633233 1.2826740 
Exapal_XM_021044407.2                                  0.8726651 0.8585839 0.7850586 0.8813962 1.0442433 0.8565564 0.0000000 0.3198448 0.3551718 0.4188190 0.4152052 0.6242895 0.7124465 0.6539048 0.6830280 0.7394110 0.7849861 0.8104488 0.9140084 1.0984661 0.9981388 1.0165658 0.9452209 1.0755038 1.0796291 0.9352355 0.9066927 1.2407091 1.3154209 1.3528755 1.3953602 1.2862979 0.8385610 1.0363583 1.2366196 1.3913604 1.3595480 1.1616795 1.4356490 1.0767139 1.2579218 1.4170628 1.3144528 1.1629132 1.3025499 1.4019918 1.3732410 1.4415259 1.2962506 1.3197338 1.4497633 1.3591838 1.0330306 1.3624671 1.7676685 1.5517850 1.6726335 1.8785775 1.7082445 1.5645024 1.2088112 1.3325098 1.5022272 1.4745810 
Nvec_v1g84834                                          0.9262261 0.8093554 0.8003575 0.9172022 1.0319958 0.9879047 0.3198448 0.0000000 0.2645838 0.3964535 0.3812796 0.6750304 0.6929215 0.6972720 0.7125640 0.7959086 0.7918226 0.7616435 0.9174893 1.1327203 0.8351779 1.0275679 0.9079000 1.0234639 1.0887142 1.0513263 0.9002536 1.4356015 1.4012061 1.3401885 1.4437456 1.4126544 0.9585157 1.0777821 1.2043676 1.3564741 1.3959701 1.2430318 1.5381001 1.2416970 1.2031857 1.4783175 1.3859394 1.2469563 1.4017773 1.2028472 1.3574708 1.4759285 1.5786393 1.2101561 1.5957187 1.1844641 1.1072449 1.9967766 1.7495205 1.5748708 1.7516947 1.8768045 1.7376743 1.8070406 1.2676783 2.2498232 1.6851598 1.3748611 
Fspp_ffun1.m4.22854.m1                                 0.8310175 0.5923267 0.6474254 0.7176794 0.8197197 0.6713514 0.3551718 0.2645838 0.0000000 0.1101583 0.1095391 0.5629397 0.5612402 0.5519819 0.5652955 0.6054894 0.5571127 0.7255916 0.8674217 0.8735831 0.8618644 0.7756431 0.7668485 0.8212535 0.9233094 0.8459006 0.8783289 1.0940918 1.0199821 1.2544483 1.2561831 0.9570414 0.9286506 0.7773142 1.1109272 0.9076883 0.8231168 0.9802311 1.1088700 1.2389494 0.9120193 1.2466297 1.1667407 0.8442864 1.1063026 1.1358624 1.0945240 1.0732004 1.1965816 1.0326318 1.1140121 1.0329185 1.0160560 1.2454138 1.3556107 1.6046717 1.4560357 1.8614086 1.3082086 1.1989710 1.1540003 1.4671283 1.2720115 1.5858121 
Spis_XP_022778713_1                                    0.9033550 0.8369868 0.8615275 1.0023046 1.1101457 1.0701671 0.4188190 0.3964535 0.1101583 0.0000000 0.0315065 0.6286965 0.7207108 0.7173630 0.7204608 0.7460204 0.9329103 0.8277961 0.9878951 1.1852402 0.9184642 1.0651631 0.8808233 0.9496874 1.0652764 1.0104487 0.9160125 1.4304137 1.4192627 1.4043238 1.4487877 1.2912494 0.9212196 1.0425621 1.2234125 1.3810110 1.3915338 1.3027078 1.6029879 1.2898711 1.1029631 1.4255214 1.4000239 1.2161166 1.3772145 1.2814779 1.4761799 1.5263951 1.4542895 1.1915686 1.5251396 1.2640195 1.2444185 1.9083569 1.7763062 1.6881145 1.6823773 1.8939591 1.7146047 1.7922783 1.3740194 2.2738533 1.8922551 1.4144079 
Pocdam_XM_027199278.1                                  0.8861088 0.8278470 0.8426859 0.9766012 1.0878829 1.0658032 0.4152052 0.3812796 0.1095391 0.0315065 0.0000000 0.6215322 0.6983850 0.7140079 0.7202567 0.7224529 0.9115420 0.8374045 0.9623462 1.1691129 0.8978073 1.0621381 0.8948986 0.9576142 1.0925623 1.0062766 0.9129431 1.3906467 1.3875440 1.3750621 1.4490313 1.2885544 0.9281230 1.0022499 1.2084077 1.3804842 1.3837211 1.2910504 1.6039179 1.2963366 1.1178196 1.4820141 1.4155834 1.2274916 1.3599398 1.2612222 1.4405296 1.5052622 1.4388245 1.1700211 1.4781702 1.1894985 1.2452368 1.9449795 1.7494718 1.6816935 1.6922310 1.8959584 1.7331734 1.8153033 1.4111159 2.2733674 1.8631678 1.4155405 
Dgig_XM_028560066.1                                    0.8798079 0.8329304 0.7850366 0.8195938 0.9978679 0.8120765 0.6242895 0.6750304 0.5629397 0.6286965 0.6215322 0.0000000 0.6749804 0.6990484 0.7093200 0.7361206 0.8086679 0.7673280 0.5274162 1.0909077 0.7969368 0.9373361 1.0822821 1.0598682 1.2040561 1.1422485 1.0876449 1.2051190 1.2091927 1.2489040 1.2648104 1.2267613 0.8672861 0.9657025 1.1224380 1.2540352 1.2907849 1.1714961 1.2647040 1.1408259 1.0887450 1.2265714 1.2954430 1.0115181 1.2336386 1.1281542 1.1971567 1.3581680 1.2545407 1.1935076 1.3782962 1.2288116 1.3787900 2.0351315 1.5022173 1.5659510 1.5389526 1.5512351 1.7424753 1.6165081 1.5522123 1.6951452 1.6611549 1.2403372 
Aaur_scaffold452.g5.t1                                 1.0479352 0.9250133 0.8912560 0.9691637 1.0991937 1.0829303 0.7124465 0.6929215 0.5612402 0.7207108 0.6983850 0.6749804 0.0000000 0.2442543 0.2158122 0.2762921 0.7155427 0.6762293 0.9880964 1.1775558 1.0466739 1.1161977 1.0465326 1.0177382 1.1190785 1.0877638 0.9248445 1.3212561 1.4282448 1.2458129 1.3080355 1.3131079 0.9411175 0.6624797 1.2938810 1.4665742 1.5920707 1.5679840 1.7148020 1.4316176 1.3105809 1.5053865 1.4417942 1.2195872 1.4220030 1.4238630 1.4799829 1.6534010 1.5826283 1.2490418 1.5405311 1.3607552 1.2584371 2.1168240 1.9076876 1.5313000 1.8138099 1.9250652 1.6166835 2.0230942 1.5123331 2.0817808 1.9153702 1.4299044 
Nemnom_g10235.t1                                       1.0240070 1.0007143 0.8713861 1.0077384 1.0740974 1.0568317 0.6539048 0.6972720 0.5519819 0.7173630 0.7140079 0.6990484 0.2442543 0.0000000 0.0631117 0.3127628 0.7442839 0.7065043 1.0139130 1.1952996 0.9956077 1.0770713 1.0229263 0.9689007 1.1389340 1.1277062 0.9174011 1.3858458 1.3994966 1.2757818 1.3591625 1.3633079 1.0267838 0.6781489 1.2696676 1.3633790 1.4734345 1.3796825 1.6730468 1.4231880 1.2288715 1.4750319 1.3661360 1.1948024 1.3898468 1.2438009 1.3668461 1.6449206 1.5180622 1.1641115 1.5730661 1.2882307 1.4056235 2.6367745 1.9616714 1.4834530 1.7435003 1.9673602 1.6598522 1.9759516 1.4096979 2.3631702 2.0235176 1.3851660 
Rhoesc_Res_014017-T1                                   1.0288245 0.9694247 0.8833541 1.0260228 1.0985291 1.0587480 0.6830280 0.7125640 0.5652955 0.7204608 0.7202567 0.7093200 0.2158122 0.0631117 0.0000000 0.2911848 0.7555670 0.7044289 1.0109054 1.2001897 1.0102206 1.0859040 0.9980785 0.9643597 1.1193864 1.1029302 0.9116800 1.4095374 1.4441264 1.2611965 1.3573902 1.3209175 0.9373654 0.6948740 1.2930160 1.3986151 1.5219726 1.4093289 1.7248715 1.4119480 1.2290139 1.4701079 1.3480498 1.1977812 1.3957967 1.2974905 1.3961802 1.6120517 1.5387768 1.2049199 1.5584347 1.2765531 1.3165861 2.4546382 1.9833168 1.5210350 1.8043861 1.9124820 1.6590653 1.9552397 1.3895627 2.3597611 1.9324207 1.4016661 
Sanmal_Sma_028648-T1                                   1.0842557 0.9999127 0.9222046 1.0153446 1.1466892 1.0758195 0.7394110 0.7959086 0.6054894 0.7460204 0.7224529 0.7361206 0.2762921 0.3127628 0.2911848 0.0000000 0.7955101 0.7513145 1.0703332 1.2173436 1.1031579 1.1307133 1.1026381 1.1631587 1.2312097 1.1608132 0.9798324 1.4066063 1.4319283 1.3575651 1.4732492 1.3038671 1.0745968 0.6454432 1.3322958 1.4238825 1.5058088 1.5346184 1.8142066 1.4973808 1.2683476 1.5120817 1.3787514 1.2813144 1.4389963 1.3413297 1.4997978 1.6515431 1.5156223 1.1905204 1.5021311 1.2472333 1.2548543 2.3951318 1.8341492 1.5955282 1.8612408 2.0193993 1.7563203 2.0568937 1.3405124 2.1357852 1.9372189 1.4159398 
Hvul_g17316_1                                          1.1843723 1.0196161 1.0316676 1.1583032 1.2872199 1.0802148 0.7849861 0.7918226 0.5571127 0.9329103 0.9115420 0.8086679 0.7155427 0.7442839 0.7555670 0.7955101 0.0000000 0.4676832 1.1938811 1.3157112 1.1724680 1.2890024 1.1147494 1.1638918 1.2821493 1.2464736 0.9932863 1.2719634 1.3757248 1.2722175 1.3495564 1.3122834 1.2163718 1.0993352 1.2490923 1.3783921 1.3981594 1.4995117 1.6931209 1.3932604 1.4222730 1.5767622 1.5498207 1.3101468 1.3846424 1.1374721 1.4054350 1.3934433 1.4163784 1.1787478 1.3844766 1.2883351 1.3370517 2.0499114 1.9810171 1.6581258 1.9215782 1.9872959 1.8737735 1.7828251 1.4834159 2.0103956 1.8697170 1.1758429 
Chem_TCONS_00022639                                    1.0573061 0.9309318 0.9687235 1.0374419 1.0116128 0.9741371 0.8104488 0.7616435 0.7255916 0.8277961 0.8374045 0.7673280 0.6762293 0.7065043 0.7044289 0.7513145 0.4676832 0.0000000 1.0637704 1.1654914 1.1746807 1.1070599 1.1458208 1.1271377 1.1641082 1.1655274 1.0967811 1.1802686 1.2451283 1.1965597 1.1969773 1.0121360 1.0792367 0.8467869 1.2881619 1.2279508 1.1992613 1.3109819 1.3522558 1.0144799 1.0761585 1.2057823 1.3379609 1.0845526 1.1210781 1.1281124 1.1429881 1.1697278 1.1175495 1.1981074 1.1743109 1.2585193 1.2146082 1.2047424 1.5527916 1.3656388 1.5266700 1.6364067 1.5212300 1.5520899 1.4000141 1.4661882 1.6922997 1.2796996 
Xesp_017330-T1                                         1.2363393 1.1110782 1.1658370 1.0446921 1.4668441 1.2309212 0.9140084 0.9174893 0.8674217 0.9878951 0.9623462 0.5274162 0.9880964 1.0139130 1.0109054 1.0703332 1.1938811 1.0637704 0.0000000 1.4372775 1.2511632 1.3759114 1.4063855 1.5110903 1.4897915 1.4706562 1.3231044 1.5069796 1.5725785 1.4550246 1.5306312 1.5866693 0.9397012 1.4106226 1.3540017 1.5933642 1.5707942 1.3530573 1.5064896 1.3009078 1.2916281 1.5828521 1.5766832 1.4587290 1.7100465 1.6384851 1.5871809 1.8340248 1.7205660 1.6093006 1.8590459 1.5845237 1.5677499 2.3184255 1.7322852 1.8471333 1.8769013 1.9773469 2.0299867 2.1363195 1.8261010 2.1945093 1.6289325 1.2628037 
Spur_XM_030996251.1                                    0.8420783 0.7673048 0.7379391 0.8411007 0.9039787 0.8932795 1.0984661 1.1327203 0.8735831 1.1852402 1.1691129 1.0909077 1.1775558 1.1952996 1.2001897 1.2173436 1.3157112 1.1654914 1.4372775 0.0000000 0.8387181 1.0850993 1.0244225 1.0505484 1.1828185 1.1499841 1.0217190 1.3797304 1.3667941 1.2822411 1.3608259 1.4013519 1.1759657 1.4811319 1.2560293 1.5327692 1.4514506 1.2840210 1.3944506 1.3471869 1.0865580 1.3786032 1.2520254 1.2051810 1.3767814 1.1577789 1.3484406 1.4194532 1.3314417 1.1357708 1.4693200 1.2499876 1.1267173 1.7872542 1.7183330 1.4823994 1.7520929 1.9863623 1.7206952 2.0312880 1.4146096 2.1812464 1.5892828 1.3458481 
Ocar_g10185                                            0.7461760 0.7041610 0.6618396 0.6219652 0.8966025 0.7043816 0.9981388 0.8351779 0.8618644 0.9184642 0.8978073 0.7969368 1.0466739 0.9956077 1.0102206 1.1031579 1.1724680 1.1746807 1.2511632 0.8387181 0.0000000 0.0000010 0.8132847 0.8730374 0.8617377 0.7967092 0.9546907 1.1330141 1.2380793 1.3546619 1.3909958 1.2180237 2.1327225 1.1390497 0.9579264 1.2526274 1.2904613 1.0214580 1.0661358 1.0260320 1.1037140 1.1261727 1.0924430 1.2355778 1.1973283 1.0796775 1.1720965 1.2975209 1.1302993 1.1724025 1.1560696 1.1722116 0.8295938 0.0000010 1.4511481 1.4521363 1.2030871 1.2206776 1.3507737 1.5585539 1.4832252 0.0000010 1.4003044 1.2835682 
Opea_EP00118_Oscarella_pearsei_P008928                 0.9421602 0.8721125 0.8104012 0.8687895 1.0250590 0.9229680 1.0165658 1.0275679 0.7756431 1.0651631 1.0621381 0.9373361 1.1161977 1.0770713 1.0859040 1.1307133 1.2890024 1.1070599 1.3759114 1.0850993 0.0000010 0.0000000 0.8406732 0.8632543 0.9462903 0.8478071 0.8721384 1.2499515 1.2284008 1.2889358 1.3507266 1.2144964 0.7447402 1.3915393 1.0162128 1.2707232 1.2804035 1.0969455 1.2587150 1.1419733 1.1598937 1.2337027 1.2106983 1.3334055 1.3161201 1.1455088 1.3478314 1.4284626 1.3561211 1.1577880 1.4242832 1.1770439 1.3514151 1.7494221 1.7419105 1.5249657 1.7470663 1.7130130 1.7817422 1.9616582 0.9409463 1.8449290 1.7395917 1.2560363 
Scil_scict011083.1                                     0.8539643 0.7022561 0.7474261 0.8308209 0.9269656 0.8054490 0.9452209 0.9079000 0.7668485 0.8808233 0.8948986 1.0822821 1.0465326 1.0229263 0.9980785 1.1026381 1.1147494 1.1458208 1.4063855 1.0244225 0.8132847 0.8406732 0.0000000 0.1919733 0.2119901 0.2367320 0.5416596 1.1360498 1.1572850 1.2676177 1.3109959 1.1330562 1.0097540 1.3983324 1.1632914 1.2152909 1.2046958 1.1085071 1.2153078 1.0948967 1.1263051 1.1714299 1.1760483 0.9564191 1.2465824 1.2435566 1.3560109 1.4097819 1.3708428 1.3627794 1.3898156 1.3431948 1.2553740 1.4567817 1.5967174 1.5174572 1.5698381 1.6067022 1.6468956 1.6044943 1.0935683 1.1276803 1.5549770 1.3190926 
Gracom_Gcom_scaffold14758_01                           0.9181546 0.7121136 0.7992253 0.9036465 0.9734328 0.8651969 1.0755038 1.0234639 0.8212535 0.9496874 0.9576142 1.0598682 1.0177382 0.9689007 0.9643597 1.1631587 1.1638918 1.1271377 1.5110903 1.0505484 0.8730374 0.8632543 0.1919733 0.0000000 0.2553239 0.2432385 0.5602400 1.1458540 1.2367075 1.3107848 1.3475935 1.1928110 1.0045079 1.5103402 1.2136095 1.2422791 1.2142219 1.2040522 1.3203985 1.1044155 1.2255269 1.2720695 1.3205436 1.0189867 1.3126055 1.3073139 1.3189627 1.4164841 1.3351441 1.3324991 1.3969243 1.4056916 1.0683222 1.5008334 1.6619572 1.5618869 1.5405629 1.6567969 1.5999441 1.6889743 0.9380165 1.0195441 1.6994800 1.2993203 
Leuniv_Lniv_scaffold23176_01                           1.0025235 0.8326323 0.8471864 0.9624635 1.0784356 0.9525110 1.0796291 1.0887142 0.9233094 1.0652764 1.0925623 1.2040561 1.1190785 1.1389340 1.1193864 1.2312097 1.2821493 1.1641082 1.4897915 1.1828185 0.8617377 0.9462903 0.2119901 0.2553239 0.0000000 0.2860093 0.5633123 1.1507251 1.1699708 1.3302961 1.3738834 1.2695149 1.0163342 1.5437398 1.1910295 1.2726483 1.2927204 1.2991266 1.3925446 1.2199490 1.2666032 1.2924601 1.3568885 1.0942380 1.4199269 1.3155769 1.4321333 1.5955659 1.5245707 1.3646248 1.5223957 1.5173338 1.3290659 1.8901601 1.9113374 1.6607507 1.7034591 1.8208581 1.8190626 1.7325284 1.0301999 1.2058111 1.7548435 1.2962799 
Lcom_lcpid75798                                        0.9186582 0.8491395 0.8894973 0.9809322 1.0392493 0.8978330 0.9352355 1.0513263 0.8459006 1.0104487 1.0062766 1.1422485 1.0877638 1.1277062 1.1029302 1.1608132 1.2464736 1.1655274 1.4706562 1.1499841 0.7967092 0.8478071 0.2367320 0.2432385 0.2860093 0.0000000 0.5802166 1.1362957 1.1576078 1.2302712 1.2833276 1.1612575 0.9708832 1.5750250 1.1818295 1.2698145 1.3099615 1.2244689 1.2943691 1.1778419 1.1605125 1.2219330 1.2645409 1.0308676 1.3277791 1.3003422 1.4381267 1.5120299 1.4171018 1.3081030 1.4656052 1.3227348 1.3057777 1.5903111 1.6994648 1.4689483 1.6410398 1.6607203 1.7286790 1.7895710 1.0026787 1.2670726 1.6958243 1.1863181 
Clacor_Ccor_scaffold14811_01                           0.8460663 0.7530108 0.8070288 0.8924827 0.9816924 0.8003692 0.9066927 0.9002536 0.8783289 0.9160125 0.9129431 1.0876449 0.9248445 0.9174011 0.9116800 0.9798324 0.9932863 1.0967811 1.3231044 1.0217190 0.9546907 0.8721384 0.5416596 0.5602400 0.5633123 0.5802166 0.0000000 1.0588679 1.1516658 1.1330776 1.2104217 1.2014914 0.7339992 1.1134987 1.1854966 1.1957347 1.2163376 1.3652598 1.3514068 1.0922351 1.1658492 1.2588274 1.2129950 1.1175304 1.2997295 1.3651279 1.3834670 1.4271828 1.3120985 1.4200734 1.4416357 1.4244945 1.0392456 1.1580724 1.5451941 1.5198657 1.4910784 1.5279619 1.5368027 1.6200592 0.9640726 0.6459634 1.4415923 1.2286168 
Aque_Aqu2.1.43102_001                                  1.2033060 1.2437131 1.1345560 1.2874258 1.2021511 1.2316954 1.2407091 1.4356015 1.0940918 1.4304137 1.3906467 1.2051190 1.3212561 1.3858458 1.4095374 1.4066063 1.2719634 1.1802686 1.5069796 1.3797304 1.1330141 1.2499515 1.1360498 1.1458540 1.1507251 1.1362957 1.0588679 0.0000000 0.2940417 0.7809475 0.8143999 0.9489992 0.7211936 1.6386405 1.1945611 1.4913705 1.4817832 1.3549008 1.4867449 1.1885360 1.4523144 1.3276631 1.4453333 1.3150218 1.3994818 1.3793047 1.4825300 1.5419078 1.5672663 1.2932625 1.5242402 1.4948034 1.3250253 1.9733804 1.9816268 1.6261390 2.0619309 1.7508193 1.9997515 1.8809168 1.3565772 0.6042603 1.7414712 1.1998705 
Halamb_c52749_g2_i2mm.4764                             1.2481149 1.1247091 1.1271466 1.2590006 1.3193515 1.2432157 1.3154209 1.4012061 1.0199821 1.4192627 1.3875440 1.2091927 1.4282448 1.3994966 1.4441264 1.4319283 1.3757248 1.2451283 1.5725785 1.3667941 1.2380793 1.2284008 1.1572850 1.2367075 1.1699708 1.1576078 1.1516658 0.2940417 0.0000000 0.8605213 0.8604425 0.9867072 0.6001404 1.6650399 1.1710639 1.3739176 1.4025341 1.3322278 1.3893532 1.1428915 1.3259129 1.2902005 1.4627509 1.3218298 1.4382076 1.4534430 1.4828414 1.4894411 1.4370410 1.3120807 1.4961176 1.4969737 1.3398665 1.5541235 1.8085267 1.7390067 2.0745160 2.0232146 2.0221816 1.7215502 1.3418008 0.4129460 1.7438819 1.0125695 
Emue_Em0011g42a.t1                                     1.3145142 1.0944885 1.1232846 1.1319265 1.2038626 1.1616067 1.3528755 1.3401885 1.2544483 1.4043238 1.3750621 1.2489040 1.2458129 1.2757818 1.2611965 1.3575651 1.2722175 1.1965597 1.4550246 1.2822411 1.3546619 1.2889358 1.2676177 1.3107848 1.3302961 1.2302712 1.1330776 0.7809475 0.8605213 0.0000000 0.0872867 0.8132492 0.4315154 1.7208040 1.3161257 1.3501987 1.4506466 1.5945840 1.6309949 1.2825176 1.6439205 1.4583717 1.6175130 1.3888813 1.4413513 1.5347475 1.3782830 1.4637080 1.4354224 1.3986043 1.4135218 1.6602135 1.2838216 1.3251232 1.8120982 1.8388897 1.7634138 1.7721679 2.0158006 1.9113772 1.5567680 0.9933712 1.7455487 1.4522753 
Spolac_c103509_g1_i2_m.34628c103509-g1                 1.3785390 1.1919397 1.1780099 1.2170347 1.3230763 1.2468059 1.3953602 1.4437456 1.2561831 1.4487877 1.4490313 1.2648104 1.3080355 1.3591625 1.3573902 1.4732492 1.3495564 1.1969773 1.5306312 1.3608259 1.3909958 1.3507266 1.3109959 1.3475935 1.3738834 1.2833276 1.2104217 0.8143999 0.8604425 0.0872867 0.0000000 0.8342588 0.4491899 1.7112605 1.3318798 1.3741239 1.4702533 1.6186103 1.6150385 1.3428034 1.6979767 1.4735364 1.6445235 1.4398127 1.5446072 1.5747613 1.3920514 1.5261877 1.4990178 1.3994327 1.4994613 1.6940878 1.3534606 1.5356667 1.8026418 1.8597393 1.7324462 1.8070276 2.0223329 1.9869296 1.5850464 1.1218338 1.8840826 1.4512878 
Tetwil_g25798.t1                                       1.3604734 1.1973500 1.0849413 1.3533593 1.4433095 1.2341793 1.2862979 1.4126544 0.9570414 1.2912494 1.2885544 1.2267613 1.3131079 1.3633079 1.3209175 1.3038671 1.3122834 1.0121360 1.5866693 1.4013519 1.2180237 1.2144964 1.1330562 1.1928110 1.2695149 1.1612575 1.2014914 0.9489992 0.9867072 0.8132492 0.8342588 0.0000000 0.4168897 1.7306871 1.3040588 1.3936742 1.3910285 1.6007148 1.6295700 1.4123211 1.4748328 1.4793148 1.6089803 1.4701679 1.5028338 1.4786534 1.5349836 1.5610554 1.4660171 1.4114409 1.5022417 1.4972045 1.4382254 1.6622567 2.0889188 1.7754265 2.1068509 2.0866710 2.0823472 1.9047500 1.2581161 1.3083368 1.8639245 1.3383120 
Stycar_maker-SC_scaffold64552-snap-gene-0.3-mRNA-1     1.0400574 1.2139278 1.0653749 1.0923988 1.3222758 1.0640533 0.8385610 0.9585157 0.9286506 0.9212196 0.9281230 0.8672861 0.9411175 1.0267838 0.9373654 1.0745968 1.2163718 1.0792367 0.9397012 1.1759657 2.1327225 0.7447402 1.0097540 1.0045079 1.0163342 0.9708832 0.7339992 0.7211936 0.6001404 0.4315154 0.4491899 0.4168897 0.0000000 1.8555494 1.1505266 1.1421156 1.2164052 1.2925415 1.2538200 1.0933572 1.2729403 1.3454822 1.4814115 1.0311264 1.3992319 9.0000000 1.2866060 1.1031409 1.1593724 1.1252337 1.2938630 9.0000000 1.0194323 0.8213630 1.3140079 1.3635866 1.4755665 1.8365490 1.7489895 1.4200456 1.1337313 0.5520885 1.4432936 7.7596145 
Morvir_scaffold220.g18.t1                              1.4043641 1.2565177 1.1767905 1.2784586 1.4094318 1.3912767 1.0363583 1.0777821 0.7773142 1.0425621 1.0022499 0.9657025 0.6624797 0.6781489 0.6948740 0.6454432 1.0993352 0.8467869 1.4106226 1.4811319 1.1390497 1.3915393 1.3983324 1.5103402 1.5437398 1.5750250 1.1134987 1.6386405 1.6650399 1.7208040 1.7112605 1.7306871 1.8555494 0.0000000 1.4730341 1.7078410 1.7215457 1.7475974 1.9498401 1.6386608 1.5259885 1.7169846 1.7183643 1.5505914 1.7493681 1.4106097 1.8101573 1.9838064 1.7159347 1.2777607 1.7114630 1.5284624 1.8109071 3.3484874 2.2017395 1.7431257 2.2276118 2.3579403 2.0527446 2.2242562 1.6602747 3.4662672 2.2211443 1.4915182 
Mbre_EDQ90436                                          1.0251096 1.0403219 1.0355907 1.0791926 1.0499115 1.0033822 1.2366196 1.2043676 1.1109272 1.2234125 1.2084077 1.1224380 1.2938810 1.2696676 1.2930160 1.3322958 1.2490923 1.2881619 1.3540017 1.2560293 0.9579264 1.0162128 1.1632914 1.2136095 1.1910295 1.1818295 1.1854966 1.1945611 1.1710639 1.3161257 1.3318798 1.3040588 1.1505266 1.4730341 0.0000000 0.4265174 0.4905459 0.5424771 0.5691462 0.6076781 0.7521563 0.7320485 0.8795913 1.1010277 1.3308589 1.3849028 1.3963748 1.3922483 1.3314851 1.2824288 1.3529075 1.3353306 1.3307612 1.3734832 1.5098139 1.3260143 1.5077800 1.4712217 1.4443780 1.4628600 1.3876950 1.2414895 1.6145463 1.3726739 
Choper_EP00045_Choanoeca_perplexa_P007008              1.3342634 1.3287839 1.2541147 1.2540321 1.3937340 1.1618689 1.3913604 1.3564741 0.9076883 1.3810110 1.3804842 1.2540352 1.4665742 1.3633790 1.3986151 1.4238825 1.3783921 1.2279508 1.5933642 1.5327692 1.2526274 1.2707232 1.2152909 1.2422791 1.2726483 1.2698145 1.1957347 1.4913705 1.3739176 1.3501987 1.3741239 1.3936742 1.1421156 1.7078410 0.4265174 0.0000000 0.3002478 0.6627901 0.6928722 0.7084382 0.8203950 0.8564828 0.9675721 1.4566951 1.6255884 1.5213446 1.7573951 1.7763669 1.6252544 1.3331166 1.6157716 1.4404343 1.6068999 2.3894036 1.6600732 1.4987326 1.9000596 1.8063565 1.8459682 1.5337377 1.5305962 2.2574099 1.8362881 1.0294012 
Chofle_EP00730_Choanoeca_flexa_P005888                 1.3293583 1.2317352 1.1941538 1.3845378 1.3283903 1.2173201 1.3595480 1.3959701 0.8231168 1.3915338 1.3837211 1.2907849 1.5920707 1.4734345 1.5219726 1.5058088 1.3981594 1.1992613 1.5707942 1.4514506 1.2904613 1.2804035 1.2046958 1.2142219 1.2927204 1.3099615 1.2163376 1.4817832 1.4025341 1.4506466 1.4702533 1.3910285 1.2164052 1.7215457 0.4905459 0.3002478 0.0000000 0.6613340 0.7252895 0.7641681 0.7545820 0.8911907 0.9381038 1.3919748 1.6936397 1.4761991 1.7288811 1.8165347 1.5954223 1.3308079 1.5618389 1.4722324 1.5699026 2.5195201 1.6004242 1.4875810 1.8267151 1.8180462 1.8244607 1.5376142 1.4015724 2.0444594 1.7848548 1.0659217 
Sros_EGD77250                                          1.1765802 1.0660213 1.1297376 1.0872361 1.2673813 1.0379087 1.1616795 1.2430318 0.9802311 1.3027078 1.2910504 1.1714961 1.5679840 1.3796825 1.4093289 1.5346184 1.4995117 1.3109819 1.3530573 1.2840210 1.0214580 1.0969455 1.1085071 1.2040522 1.2991266 1.2244689 1.3652598 1.3549008 1.3322278 1.5945840 1.6186103 1.6007148 1.2925415 1.7475974 0.5424771 0.6627901 0.6613340 0.0000000 0.3181101 0.5556662 0.6974600 0.8041285 0.8360995 1.3741637 1.4498971 1.3977668 1.5343224 1.5329693 1.4896055 1.3152944 1.4880039 1.3906106 1.3738647 1.7669518 1.6212427 1.3592350 1.5804332 1.6105849 1.7516927 1.5383814 1.2301552 1.5689571 1.8691114 1.3077341 
Microa_EP00043_Microstomoeca_roanoka_P009513           1.2684199 1.2835334 1.2412917 1.2391128 1.5903798 1.1801248 1.4356490 1.5381001 1.1088700 1.6029879 1.6039179 1.2647040 1.7148020 1.6730468 1.7248715 1.8142066 1.6931209 1.3522558 1.5064896 1.3944506 1.0661358 1.2587150 1.2153078 1.3203985 1.3925446 1.2943691 1.3514068 1.4867449 1.3893532 1.6309949 1.6150385 1.6295700 1.2538200 1.9498401 0.5691462 0.6928722 0.7252895 0.3181101 0.0000000 0.6967666 0.7914604 0.8597983 0.9664860 1.6340072 1.7412268 1.4793814 1.7785349 1.7916100 1.7466607 1.3950582 1.8920263 1.5197674 1.5262169 2.2964717 1.6063808 1.4615950 1.6697390 1.8454091 1.8196982 1.6870826 1.3779658 2.3769724 2.0678925 1.2822034 
Salinf_EP00049_Salpingoeca_infusionum_P025622          1.1483501 1.1816030 1.2139584 1.1152918 1.2089642 1.2296565 1.0767139 1.2416970 1.2389494 1.2898711 1.2963366 1.1408259 1.4316176 1.4231880 1.4119480 1.4973808 1.3932604 1.0144799 1.3009078 1.3471869 1.0260320 1.1419733 1.0948967 1.1044155 1.2199490 1.1778419 1.0922351 1.1885360 1.1428915 1.2825176 1.3428034 1.4123211 1.0933572 1.6386608 0.6076781 0.7084382 0.7641681 0.5556662 0.6967666 0.0000000 0.8367709 0.8087266 0.8464841 1.3275581 1.4830453 1.3747621 1.5773865 1.5826630 1.5019583 1.3336935 1.7241937 1.4704657 1.2432129 2.0080150 1.5806792 1.2835763 1.6574266 1.6932726 1.5487335 1.6031553 1.4653364 1.7655857 1.7128877 1.2448751 
Mylflu_EP00047_Mylnosiga_fluctuans_P004375             1.1540463 1.1525336 1.0437844 1.0197075 1.3257360 1.0310859 1.2579218 1.2031857 0.9120193 1.1029631 1.1178196 1.0887450 1.3105809 1.2288715 1.2290139 1.2683476 1.4222730 1.0761585 1.2916281 1.0865580 1.1037140 1.1598937 1.1263051 1.2255269 1.2666032 1.1605125 1.1658492 1.4523144 1.3259129 1.6439205 1.6979767 1.4748328 1.2729403 1.5259885 0.7521563 0.8203950 0.7545820 0.6974600 0.7914604 0.8367709 0.0000000 0.6257698 0.6149021 1.2302447 1.5687658 1.2618461 1.4819844 1.4741591 1.4601429 1.2596299 1.5480219 1.3420253 1.4173583 1.7404527 1.3090363 1.1900685 1.3143748 1.4448471 1.5880927 1.4598915 1.3906683 2.2860607 1.6375852 1.1364752 
Salmac_EP00052_Salpingoeca_macrocollata_P009085        1.2540498 1.1240985 1.1559408 1.1802164 1.4416625 1.1232992 1.4170628 1.4783175 1.2466297 1.4255214 1.4820141 1.2265714 1.5053865 1.4750319 1.4701079 1.5120817 1.5767622 1.2057823 1.5828521 1.3786032 1.1261727 1.2337027 1.1714299 1.2720695 1.2924601 1.2219330 1.2588274 1.3276631 1.2902005 1.4583717 1.4735364 1.4793148 1.3454822 1.7169846 0.7320485 0.8564828 0.8911907 0.8041285 0.8597983 0.8087266 0.6257698 0.0000000 0.5217844 1.3101006 1.5040480 1.3713155 1.4772297 1.5411039 1.4653703 1.2226073 1.5296158 1.4814515 1.3910559 2.0161017 1.3929329 1.2844906 1.4718390 1.5066869 1.5645802 1.4525782 1.3148403 2.0127010 1.6685862 1.2342306 
Salpun_EP00053_Salpingoeca_punica_P009377              1.2014100 1.1039657 1.1459857 1.1518743 1.3636141 1.0238576 1.3144528 1.3859394 1.1667407 1.4000239 1.4155834 1.2954430 1.4417942 1.3661360 1.3480498 1.3787514 1.5498207 1.3379609 1.5766832 1.2520254 1.0924430 1.2106983 1.1760483 1.3205436 1.3568885 1.2645409 1.2129950 1.4453333 1.4627509 1.6175130 1.6445235 1.6089803 1.4814115 1.7183643 0.8795913 0.9675721 0.9381038 0.8360995 0.9664860 0.8464841 0.6149021 0.5217844 0.0000000 1.3721280 1.4763806 1.3103310 1.4759885 1.5549746 1.5408464 1.2350693 1.5138783 1.3479548 1.3767518 1.9523197 1.3546761 1.4822099 1.4929014 1.4264551 1.6054515 1.5882711 1.1876456 2.0228911 1.7154780 1.2999440 
Tcas_TC008704_001                                      1.0490048 0.9698267 0.8620437 1.0212724 0.8894426 0.9566695 1.1629132 1.2469563 0.8442864 1.2161166 1.2274916 1.0115181 1.2195872 1.1948024 1.1977812 1.2813144 1.3101468 1.0845526 1.4587290 1.2051810 1.2355778 1.3334055 0.9564191 1.0189867 1.0942380 1.0308676 1.1175304 1.3150218 1.3218298 1.3888813 1.4398127 1.4701679 1.0311264 1.5505914 1.1010277 1.4566951 1.3919748 1.3741637 1.6340072 1.3275581 1.2302447 1.3101006 1.3721280 0.0000000 1.3269711 1.1764930 1.3029931 1.3279891 1.2968723 1.1411539 1.4402325 1.2997662 1.1159727 1.7294430 1.8418462 1.7220908 1.7413202 2.0268942 1.8531009 2.0288400 1.3365624 2.2896743 1.3505947 1.4298297 
Mlei_ML1910.g3.i1                                      1.2245088 1.1618001 1.1186806 1.2601594 1.3396252 1.1202665 1.3025499 1.4017773 1.1063026 1.3772145 1.3599398 1.2336386 1.4220030 1.3898468 1.3957967 1.4389963 1.3846424 1.1210781 1.7100465 1.3767814 1.1973283 1.3161201 1.2465824 1.3126055 1.4199269 1.3277791 1.2997295 1.3994818 1.4382076 1.4413513 1.5446072 1.5028338 1.3992319 1.7493681 1.3308589 1.6255884 1.6936397 1.4498971 1.7412268 1.4830453 1.5687658 1.5040480 1.4763806 1.3269711 0.0000000 0.2220225 0.4494643 0.3614106 0.5327715 0.4023459 0.5267000 0.3611899 0.4020531 0.6234786 1.9034428 1.7711208 1.7667685 1.6709928 1.9156402 1.9470236 1.2100778 1.6920239 1.9625999 1.4110923 
Mertsp_Mesp_sb576280                                   1.0933324 0.9932790 0.9573731 0.9317403 1.0089818 0.8515666 1.4019918 1.2028472 1.1358624 1.2814779 1.2612222 1.1281542 1.4238630 1.2438009 1.2974905 1.3413297 1.1374721 1.1281124 1.6384851 1.1577789 1.0796775 1.1455088 1.2435566 1.3073139 1.3155769 1.3003422 1.3651279 1.3793047 1.4534430 1.5347475 1.5747613 1.4786534 9.0000000 1.4106097 1.3849028 1.5213446 1.4761991 1.3977668 1.4793814 1.3747621 1.2618461 1.3713155 1.3103310 1.1764930 0.2220225 0.0000000 0.2484667 0.2544039 0.3478944 0.3260779 0.3387043 0.3365748 0.4127555 0.3551674 1.8152310 1.7310370 1.6382688 1.5262570 1.7501282 1.5979344 1.4095298 4.4186664 1.4341625 1.2655497 
Lampan_Lpan_6727_01                                    1.4148644 1.3067015 1.1102320 1.2646046 1.3378149 1.1525491 1.3732410 1.3574708 1.0945240 1.4761799 1.4405296 1.1971567 1.4799829 1.3668461 1.3961802 1.4997978 1.4054350 1.1429881 1.5871809 1.3484406 1.1720965 1.3478314 1.3560109 1.3189627 1.4321333 1.4381267 1.3834670 1.4825300 1.4828414 1.3782830 1.3920514 1.5349836 1.2866060 1.8101573 1.3963748 1.7573951 1.7288811 1.5343224 1.7785349 1.5773865 1.4819844 1.4772297 1.4759885 1.3029931 0.4494643 0.2484667 0.0000000 0.4821818 0.4260556 0.3196558 0.4713961 0.3772584 0.4859115 0.8164667 2.0986296 1.7235425 1.9524740 1.9871044 2.0868987 1.8775958 1.3813933 2.0259433 2.0352918 1.3923784 
Horcal_Hcv1.av93.c6.g1212.i1                           1.4685926 1.3021504 1.3065222 1.3519892 1.3678266 1.3425427 1.4415259 1.4759285 1.0732004 1.5263951 1.5052622 1.3581680 1.6534010 1.6449206 1.6120517 1.6515431 1.3934433 1.1697278 1.8340248 1.4194532 1.2975209 1.4284626 1.4097819 1.4164841 1.5955659 1.5120299 1.4271828 1.5419078 1.4894411 1.4637080 1.5261877 1.5610554 1.1031409 1.9838064 1.3922483 1.7763669 1.8165347 1.5329693 1.7916100 1.5826630 1.4741591 1.5411039 1.5549746 1.3279891 0.3614106 0.2544039 0.4821818 0.0000000 0.5406656 0.4263164 0.5799113 0.3619046 0.4858351 0.0407801 2.1068279 1.7587673 1.9806707 2.0056458 2.0108154 1.9428711 1.4254810 1.8953777 1.9463633 1.4884333 
Vmul_SimC399008                                        1.2812515 1.2571180 1.1329158 1.2447684 1.2549846 1.1246762 1.2962506 1.5786393 1.1965816 1.4542895 1.4388245 1.2545407 1.5826283 1.5180622 1.5387768 1.5156223 1.4163784 1.1175495 1.7205660 1.3314417 1.1302993 1.3561211 1.3708428 1.3351441 1.5245707 1.4171018 1.3120985 1.5672663 1.4370410 1.4354224 1.4990178 1.4660171 1.1593724 1.7159347 1.3314851 1.6252544 1.5954223 1.4896055 1.7466607 1.5019583 1.4601429 1.4653703 1.5408464 1.2968723 0.5327715 0.3478944 0.4260556 0.5406656 0.0000000 0.2063566 0.2783863 0.5073225 0.5341326 0.7198302 1.9505315 1.7614606 1.8235205 1.9866173 2.0615563 1.8297337 1.2820102 1.8060879 1.9050330 1.1833637 
Coeast_Cast_sb797973                                   1.0765161 1.0898332 1.0748119 0.9706474 1.1774833 0.9192455 1.3197338 1.2101561 1.0326318 1.1915686 1.1700211 1.1935076 1.2490418 1.1641115 1.2049199 1.1905204 1.1787478 1.1981074 1.6093006 1.1357708 1.1724025 1.1577880 1.3627794 1.3324991 1.3646248 1.3081030 1.4200734 1.2932625 1.3120807 1.3986043 1.3994327 1.4114409 1.1252337 1.2777607 1.2824288 1.3331166 1.3308079 1.3152944 1.3950582 1.3336935 1.2596299 1.2226073 1.2350693 1.1411539 0.4023459 0.3260779 0.3196558 0.4263164 0.2063566 0.0000000 0.0125947 0.4753900 0.4227620 0.3833880 1.7066853 1.6386231 1.5392567 1.5641846 1.7360652 1.5683326 1.2392356 1.1343629 1.5530895 1.3769263 
Coemet_Cmet_scaffold11634_01                           1.4868328 1.3988820 1.3030448 1.3628128 1.4708560 1.1676188 1.4497633 1.5957187 1.1140121 1.5251396 1.4781702 1.3782962 1.5405311 1.5730661 1.5584347 1.5021311 1.3844766 1.1743109 1.8590459 1.4693200 1.1560696 1.4242832 1.3898156 1.3969243 1.5223957 1.4656052 1.4416357 1.5242402 1.4961176 1.4135218 1.4994613 1.5022417 1.2938630 1.7114630 1.3529075 1.6157716 1.5618389 1.4880039 1.8920263 1.7241937 1.5480219 1.5296158 1.5138783 1.4402325 0.5267000 0.3387043 0.4713961 0.5799113 0.2783863 0.0125947 0.0000000 0.4903360 0.5775250 0.8096595 2.0852879 1.8721998 1.9752275 1.9489182 2.2346319 1.9607979 1.3031200 2.1008660 2.0414059 1.3572635 
Drygla_Dgla_sb301480                                   1.1439726 1.1437573 1.1223834 1.0114167 1.1690375 0.9189784 1.3591838 1.1844641 1.0329185 1.2640195 1.1894985 1.2288116 1.3607552 1.2882307 1.2765531 1.2472333 1.2883351 1.2585193 1.5845237 1.2499876 1.1722116 1.1770439 1.3431948 1.4056916 1.5173338 1.3227348 1.4244945 1.4948034 1.4969737 1.6602135 1.6940878 1.4972045 9.0000000 1.5284624 1.3353306 1.4404343 1.4722324 1.3906106 1.5197674 1.4704657 1.3420253 1.4814515 1.3479548 1.2997662 0.3611899 0.3365748 0.3772584 0.3619046 0.5073225 0.4753900 0.4903360 0.0000000 0.3517777 0.6329611 1.6922049 2.1537697 1.7692387 1.6612977 1.7088997 1.6755930 1.7024592 0.0000010 1.5896751 1.4308640 
Beraby_Baby_sb320232                                   1.2365333 1.3085167 1.4001712 1.2826860 1.3793437 1.1984708 1.0330306 1.1072449 1.0160560 1.2444185 1.2452368 1.3787900 1.2584371 1.4056235 1.3165861 1.2548543 1.3370517 1.2146082 1.5677499 1.1267173 0.8295938 1.3514151 1.2553740 1.0683222 1.3290659 1.3057777 1.0392456 1.3250253 1.3398665 1.2838216 1.3534606 1.4382254 1.0194323 1.8109071 1.3307612 1.6068999 1.5699026 1.3738647 1.5262169 1.2432129 1.4173583 1.3910559 1.3767518 1.1159727 0.4020531 0.4127555 0.4859115 0.4858351 0.5341326 0.4227620 0.5775250 0.3517777 0.0000000 0.6775252 1.7490670 1.3805711 1.5601784 1.7366597 1.9781670 1.4409255 1.0220174 1.3905784 1.7241587 0.6876540 
Pbac_sb2640717                                         2.0324324 1.8906011 1.8046419 2.0325816 2.1327094 2.4027272 1.3624671 1.9967766 1.2454138 1.9083569 1.9449795 2.0351315 2.1168240 2.6367745 2.4546382 2.3951318 2.0499114 1.2047424 2.3184255 1.7872542 0.0000010 1.7494221 1.4567817 1.5008334 1.8901601 1.5903111 1.1580724 1.9733804 1.5541235 1.3251232 1.5356667 1.6622567 0.8213630 3.3484874 1.3734832 2.3894036 2.5195201 1.7669518 2.2964717 2.0080150 1.7404527 2.0161017 1.9523197 1.7294430 0.6234786 0.3551674 0.8164667 0.0407801 0.7198302 0.3833880 0.8096595 0.6329611 0.6775252 0.0000000 2.5757743 1.9178865 2.9683998 3.0152219 3.0313432 2.2584066 1.3946967 1.7527382 3.0331624 2.7182014 
Didcos_EP00039_Didymoeca_costata_P001616               1.7909730 1.8540202 1.7524379 1.6380075 1.9364139 1.6382987 1.7676685 1.7495205 1.3556107 1.7763062 1.7494718 1.5022173 1.9076876 1.9616714 1.9833168 1.8341492 1.9810171 1.5527916 1.7322852 1.7183330 1.4511481 1.7419105 1.5967174 1.6619572 1.9113374 1.6994648 1.5451941 1.9816268 1.8085267 1.8120982 1.8026418 2.0889188 1.3140079 2.2017395 1.5098139 1.6600732 1.6004242 1.6212427 1.6063808 1.5806792 1.3090363 1.3929329 1.3546761 1.8418462 1.9034428 1.8152310 2.0986296 2.1068279 1.9505315 1.7066853 2.0852879 1.6922049 1.7490670 2.5757743 0.0000000 1.2293995 1.1952313 1.2414249 1.3342392 2.0316672 1.4248131 2.9069997 2.1161451 1.7537426 
Salkve_EP00050_Salpingoeca_kvevrii_P014654             1.4153394 1.4970096 1.4505340 1.3420403 1.5932240 1.5703299 1.5517850 1.5748708 1.6046717 1.6881145 1.6816935 1.5659510 1.5313000 1.4834530 1.5210350 1.5955282 1.6581258 1.3656388 1.8471333 1.4823994 1.4521363 1.5249657 1.5174572 1.5618869 1.6607507 1.4689483 1.5198657 1.6261390 1.7390067 1.8388897 1.8597393 1.7754265 1.3635866 1.7431257 1.3260143 1.4987326 1.4875810 1.3592350 1.4615950 1.2835763 1.1900685 1.2844906 1.4822099 1.7220908 1.7711208 1.7310370 1.7235425 1.7587673 1.7614606 1.6386231 1.8721998 2.1537697 1.3805711 1.9178865 1.2293995 0.0000000 1.1372622 1.2653431 1.2426396 1.4233954 1.6402695 1.7850514 2.1941945 1.8672681 
Acaspe_EP00035_Acanthoeca_spectabilis_P023768          1.6088590 1.7201177 1.6345292 1.6033084 1.7448348 1.6164859 1.6726335 1.7516947 1.4560357 1.6823773 1.6922310 1.5389526 1.8138099 1.7435003 1.8043861 1.8612408 1.9215782 1.5266700 1.8769013 1.7520929 1.2030871 1.7470663 1.5698381 1.5405629 1.7034591 1.6410398 1.4910784 2.0619309 2.0745160 1.7634138 1.7324462 2.1068509 1.4755665 2.2276118 1.5077800 1.9000596 1.8267151 1.5804332 1.6697390 1.6574266 1.3143748 1.4718390 1.4929014 1.7413202 1.7667685 1.6382688 1.9524740 1.9806707 1.8235205 1.5392567 1.9752275 1.7692387 1.5601784 2.9683998 1.1952313 1.1372622 0.0000000 0.3860369 0.9915988 1.8260818 1.6974416 2.8271036 2.5320130 2.1584565 
