72
Hsap_ENST00000366808                                   0.0000000 0.5805986 0.5760044 0.6842685 0.7160742 0.8203741 0.9677794 0.8124035 0.8622175 0.7547432 0.7693212 0.7481010 0.7594861 0.8126712 0.8803769 0.7825558 1.4834769 1.3306586 1.4067579 1.2676902 1.4508111 1.3915872 1.1564461 0.8815916 0.9980973 1.1506001 1.2282286 1.1710853 1.0990845 1.2699842 1.1908961 1.1843813 1.5647915 1.3854381 1.3060046 1.7313992 1.6721716 1.4452451 1.6138095 1.9090578 1.9902473 1.9879640 1.7668444 1.9657768 1.7284501 1.5182534 1.5013130 1.6597854 1.6620967 1.4293888 1.3805705 1.6715540 1.5852295 1.3325250 1.6524641 1.7951923 2.5321511 5.1020702 3.7636848 4.4379009 3.8939762 4.0126252 3.4975393 4.0107026 4.4097704 3.7795978 3.9375111 2.5600317 3.8840789 3.9850019 3.4490645 4.4226021 
Bralan_BLAG03000542_1                                  0.5805986 0.0000000 0.4981444 0.6523802 0.6505522 0.7535080 0.8435011 0.7494256 0.7602624 0.6877536 0.6784429 0.6656032 0.7429166 0.7648630 0.7608452 0.7033352 1.4218270 1.3871429 1.4466273 1.2397415 1.3346262 1.3267233 1.0287966 0.7901974 0.9735442 1.1189565 1.1718957 1.1159558 1.0287793 1.1744478 1.0917023 1.1036300 1.5419189 1.3823232 1.3018096 1.7212019 1.5376346 1.4175580 1.5979836 1.9488011 2.0227106 1.9190002 1.8399882 1.9848677 1.7237785 1.5492858 1.5586698 1.7946406 1.7428162 1.5454255 1.4825528 1.7354965 1.6664394 1.4674276 1.5627480 1.7118193 2.5930950 4.9662838 3.7148850 4.5308635 3.8606194 3.9132109 3.3035710 3.8834266 3.9742030 3.6144735 3.6164634 2.3766549 3.7015996 3.5890985 3.5061783 4.0703957 
Skow_XM_006817928.1                                    0.5760044 0.4981444 0.0000000 0.7280900 0.7129151 0.7045096 0.8140220 0.7049180 0.7209749 0.6542911 0.6853952 0.6850531 0.7364119 0.8428244 0.8567965 0.7983749 1.4688353 1.4847915 1.5531897 1.3118863 1.4683137 1.4143547 1.1007205 0.7492794 1.0463186 1.1324808 1.2358263 1.0916235 0.9416621 1.1158021 1.0301961 1.1014534 1.5206231 1.3272718 1.3277012 1.7891525 1.6686871 1.5436518 1.8511983 2.0757617 2.1321226 2.0044598 1.8016140 1.8782933 1.8680016 1.5820782 1.6246234 1.8650626 1.8441083 1.6078044 1.5604162 1.6680576 1.5973097 1.4408194 1.4673819 1.9523425 2.4783754 5.1482174 4.1500960 4.6085914 3.8440390 3.9521572 3.7448380 4.2348358 3.9555183 3.4668252 3.3959536 2.3332169 3.5019816 3.7798588 3.4187899 4.3511371 
Cscu_XM_023365734.1                                    0.6842685 0.6523802 0.7280900 0.0000000 0.7567303 0.9491497 1.0234292 0.9424651 0.9439911 0.8737468 0.8702682 0.8813095 0.9471182 0.7850492 0.8149153 0.8084019 1.5141234 1.3868313 1.4391495 1.3491832 1.3643231 1.3245243 1.0804813 1.0084523 1.1310572 1.2733579 1.0678531 1.3460188 1.2227667 1.4038825 1.2609410 1.2167998 1.6052501 1.4098274 1.5058133 1.8821372 1.6381653 1.5933879 1.8132554 2.0031326 2.1569862 2.0770827 2.0409410 2.0499922 1.8726132 1.6541714 1.5740018 1.7991705 1.7967985 1.5949253 1.5442101 1.7301221 1.6562578 1.4196405 1.6663994 2.0531785 2.6655500 5.1715692 4.0359671 4.8660236 4.1767492 3.9986475 3.7751945 4.1926729 4.4459165 3.5655715 4.0331993 2.4991952 4.1219480 4.3758289 3.4742056 4.1716479 
Ctel_gnl_WGS_AMQN_CAPTEDRAFT_mRNA99454                 0.7160742 0.6505522 0.7129151 0.7567303 0.0000000 0.8961393 1.0087016 0.8304120 0.9400121 0.8293220 0.8965796 0.8948260 0.8894220 0.7750099 0.7788888 0.9571242 1.1982830 1.3702808 1.3768580 1.2147033 1.4161480 1.3780553 1.1651847 0.9748055 1.0937258 1.1832800 0.9586192 1.1401397 1.1590048 1.2370034 1.1195419 1.2392218 1.5854270 1.3168052 1.3870038 1.6931322 1.2478803 1.6892731 2.0769192 1.9538549 2.0371632 2.0004829 2.0328260 2.2029617 2.0705805 1.7246054 1.5740382 1.7309835 1.6920963 1.6316279 1.5919210 1.6049369 1.5539800 1.5213127 1.3597323 1.8552410 2.3798911 4.9754716 3.4720860 4.7697265 4.0213699 4.1381443 3.5016024 4.0609273 4.0087898 3.4148580 4.1068602 2.2505658 3.6601494 3.9044836 3.2342687 4.0061211 
Nvec_v1g167874                                         0.8203741 0.7535080 0.7045096 0.9491497 0.8961393 0.0000000 0.4986495 0.3953597 0.4073278 0.3410182 0.3670989 0.3550447 0.4103858 0.9805595 0.9315193 0.8875047 1.7724730 1.4880064 1.5503076 1.3888465 1.5010028 1.4770785 1.3009077 0.9662712 0.8882619 0.9599102 1.5110596 1.1491413 0.9538856 1.1548918 1.0513253 1.1820619 1.6340937 1.4617215 1.3844827 1.8052663 1.6554504 1.5012484 1.7181217 2.0102909 2.1039784 1.9656588 1.5686558 1.7460773 1.6851666 1.5871673 1.5490601 1.7468908 1.7743067 1.5298917 1.4951451 1.7458359 1.7399539 1.4993624 1.8026973 1.9822173 2.6035856 4.5196040 3.6311258 4.8775712 3.9572571 3.8706524 3.7961397 4.1060410 4.0309718 3.5655556 3.5678591 2.5454040 4.1211074 3.8562192 3.6954780 4.3282437 
Adig_XM_015899820.1                                    0.9677794 0.8435011 0.8140220 1.0234292 1.0087016 0.4986495 0.0000000 0.0761026 0.1757046 0.2418114 0.2445516 0.2335097 0.2433063 1.0347808 1.1166162 0.9268565 1.5718656 1.6490506 1.7320128 1.5061349 1.6983489 1.6795317 1.4062846 1.1037998 1.1191410 1.1985726 1.4413854 1.2116634 1.0373115 1.2729393 1.1207815 1.3257904 1.6348703 1.5978940 1.5397400 2.0931042 1.7082863 1.6076642 1.7730716 2.1425449 2.3414946 2.0260912 2.0674498 1.8397078 2.0581375 1.9480658 1.7908217 2.0910396 2.0836296 1.8249506 1.7980605 2.0085944 2.0341696 1.8156832 1.8323710 2.0056649 2.5403231 4.8167139 4.2083053 5.1367444 3.7948180 4.0114176 3.8072497 3.9202580 4.4032730 4.3555501 3.7761656 2.5628867 4.1144768 4.1476045 3.7064414 4.2534809 
Amil_Amillepora13131-RA                                0.8124035 0.7494256 0.7049180 0.9424651 0.8304120 0.3953597 0.0761026 0.0000000 0.1582958 0.1524763 0.1496892 0.1449625 0.1331213 0.8597559 0.9475995 0.8580788 1.4854596 1.5182423 1.6051366 1.3560591 1.5188525 1.4809449 1.3168962 0.9926562 0.9415555 1.0157738 1.3912559 1.1716710 0.9868111 1.2743937 1.0891263 1.2438814 1.5900320 1.4756348 1.4403868 2.0935717 1.8781112 1.5006225 1.7785527 2.1253022 2.3365496 2.0734054 1.5143855 1.6107507 1.6997605 1.6931522 1.5721812 1.8753345 1.8431420 1.5340330 1.5414923 1.9080167 1.8871851 1.5852750 1.8088885 2.0389258 2.4959534 4.5813029 4.0402753 4.7063234 3.8155597 4.3295827 3.8117923 3.5941452 4.3638159 4.2908649 4.0756643 2.8892699 4.0574790 4.0826478 3.5833706 4.1835355 
Fspp_ffun1.m4.3629.m1                                  0.8622175 0.7602624 0.7209749 0.9439911 0.9400121 0.4073278 0.1757046 0.1582958 0.0000000 0.0804563 0.0998911 0.1093116 0.1263006 0.9647870 0.9462160 0.9695616 1.5339471 1.4687752 1.5508447 1.4155669 1.5812001 1.5679782 1.2768446 0.9010103 0.9830857 1.0459111 1.3388948 1.1168998 0.9411128 1.1592282 0.9899961 1.2154883 1.4949218 1.4430337 1.3553589 1.9347290 1.7626036 1.6163906 1.8510408 2.0816303 2.1760886 1.8532294 1.7054645 1.7054645 1.8652566 1.8006561 1.5789330 1.9539029 1.8981813 1.6247247 1.5653618 1.7922049 1.7484167 1.5467153 1.6233493 1.8322481 2.3581887 4.5468623 4.0694285 4.8758153 3.8623554 4.1982561 3.7326392 3.7891651 4.0347988 4.1618092 3.4561498 2.5671904 3.8742700 4.1383382 3.2899157 4.1239958 
Gasp_gasp1.m3.6257.m1                                  0.7547432 0.6877536 0.6542911 0.8737468 0.8293220 0.3410182 0.2418114 0.1524763 0.0804563 0.0000000 0.0956214 0.0939702 0.1610652 0.9023419 0.8750887 0.9105446 1.5099246 1.3931369 1.4617853 1.2844960 1.4231991 1.4106081 1.2007926 0.8848948 0.8904764 0.9550827 1.3501041 1.0763907 0.9503993 1.1213980 1.0049138 1.1012457 1.5628979 1.3876878 1.3024668 1.7872538 1.5966920 1.5216503 1.7309902 2.0384109 2.1256096 2.0306070 1.7170966 1.8819820 1.8185263 1.7413788 1.5851333 1.8747974 1.8516134 1.6362222 1.5886049 1.7541306 1.7532454 1.5278478 1.6987529 1.8506439 2.4085618 4.5624823 4.2338493 4.8871477 3.8290711 4.2028996 3.8942999 3.8288579 4.0909867 3.9812819 3.4006316 2.4731371 3.8229436 4.1017253 3.4833480 4.3081236 
Spis_XP_022790877_1                                    0.7693212 0.6784429 0.6853952 0.8702682 0.8965796 0.3670989 0.2445516 0.1496892 0.0998911 0.0956214 0.0000000 0.0366237 0.1642698 0.9143123 0.9164731 1.0188986 1.5675879 1.4316085 1.5016177 1.3381374 1.4389153 1.4275662 1.2515068 0.8948739 0.8807713 0.9722201 1.4080699 1.1165678 0.9936393 1.1556913 1.0424174 1.0798920 1.6629257 1.4179604 1.2864570 1.8140437 1.6188406 1.5426924 1.8291227 2.1418413 2.2390337 2.0284191 1.7042527 1.8756655 1.8104885 1.7177738 1.5768571 1.8916314 1.8864946 1.6336385 1.5730957 1.7585984 1.7593165 1.5426607 1.6950779 1.9045829 2.4296126 4.5584954 4.0949617 4.8214023 3.8500122 4.2132601 3.8095697 3.8745243 4.0834420 3.9754130 3.3988399 2.3622713 3.7790120 4.0897671 3.4987900 4.1745937 
Pocdam_XM_027186466.1                                  0.7481010 0.6656032 0.6850531 0.8813095 0.8948260 0.3550447 0.2335097 0.1449625 0.1093116 0.0939702 0.0366237 0.0000000 0.1590441 0.9010112 0.8832017 0.9708530 1.5082277 1.4011353 1.4699988 1.3006220 1.4108683 1.3997998 1.2485280 0.8994155 0.8911856 0.9671246 1.3906577 1.1192684 0.9756028 1.1378761 1.0247159 1.0624649 1.6386125 1.4114680 1.2765949 1.8190059 1.5949849 1.5651105 1.8211566 2.1392235 2.1566605 2.0280829 1.6619292 1.8244000 1.8047312 1.7222739 1.5919815 1.8644769 1.8828280 1.6385679 1.5910559 1.7172247 1.7251163 1.5212631 1.6827085 1.9147864 2.3554152 4.5476596 4.1698200 4.8477215 3.8432062 4.1484311 3.7083743 3.7750153 4.0356424 4.0167716 3.3922794 2.3392142 3.7657776 4.0940997 3.4513085 4.1649899 
Gfas_gfas1.m1.15660.m1                                 0.7594861 0.7429166 0.7364119 0.9471182 0.8894220 0.4103858 0.2433063 0.1331213 0.1263006 0.1610652 0.1642698 0.1590441 0.0000000 0.9148504 0.8175452 0.9705274 1.3312124 1.5320954 1.5381455 1.3416304 1.5350359 1.5405596 1.2878965 0.9610015 0.9653873 1.0504927 1.4091525 1.1533880 1.0066788 1.2587974 1.0384246 1.1674353 1.5536283 1.3956930 1.3518451 1.8815135 1.5528060 1.6079728 1.7777471 2.1010578 2.2562357 2.0016340 2.0237501 2.3004423 1.9894169 1.8661612 1.7002636 1.9544761 1.9649231 1.5931437 1.5895967 1.8110345 1.7844875 1.5973971 1.6289251 1.8853684 2.5553933 4.5380028 4.2643369 4.9960376 4.1124858 4.4857252 3.8931795 3.7989814 4.1516834 4.2117607 3.6855916 2.5413454 4.0337784 4.1861166 3.8199982 4.2722554 
Cgig_XM_034470714.1                                    0.8126712 0.7648630 0.8428244 0.7850492 0.7750099 0.9805595 1.0347808 0.8597559 0.9647870 0.9023419 0.9143123 0.9010112 0.9148504 0.0000000 0.5347688 0.9554113 1.6480336 1.5297741 1.5896033 1.4649930 1.4565666 1.4425912 1.1915569 1.0319576 1.1391933 1.2753872 1.1308809 1.2423419 1.1397612 1.2598255 1.1392440 1.1589893 1.8102808 1.5325986 1.5618653 1.8161078 1.5669741 1.5446330 1.6756534 2.1635852 2.1046175 1.8465138 1.8533503 1.8845016 1.7591672 1.6123108 1.5802081 1.8455510 1.8889701 1.6225091 1.5911721 1.7708900 1.7157156 1.5810531 1.9209488 2.0300024 2.4746809 4.5573261 3.9559111 5.0186525 4.3037784 4.4059221 4.1466907 4.0497087 4.6788760 3.7377251 3.9876921 2.5703568 4.3221221 4.0357242 3.8904962 4.6473851 
Acagra_model.g18179.t1                                 0.8803769 0.7608452 0.8567965 0.8149153 0.7788888 0.9315193 1.1166162 0.9475995 0.9462160 0.8750887 0.9164731 0.8832017 0.8175452 0.5347688 0.0000000 1.0632764 1.7962899 1.7150043 1.7561460 1.5855184 1.6129346 1.5863184 1.2287852 1.0394733 1.2249505 1.4235952 1.2283397 1.2846477 1.1663455 1.3852661 1.2241692 1.2543592 1.8014708 1.6193488 1.6281342 1.9685198 1.7786850 1.6030500 1.8833654 2.3870644 2.3133786 2.0529991 2.1545150 2.2399281 1.9231809 1.8246188 1.7801386 1.8910784 1.9334311 1.6402816 1.5995251 1.8402959 1.7361877 1.6190954 1.8025091 2.0557760 2.7209791 4.4178111 3.8245099 4.8827537 4.2329104 4.2263418 3.9392746 4.3072090 4.5613376 4.0670298 4.1811141 2.8394730 4.0483213 4.2035124 3.7512675 4.9380733 
Tadh_TriadT19868                                       0.7825558 0.7033352 0.7983749 0.8084019 0.9571242 0.8875047 0.9268565 0.8580788 0.9695616 0.9105446 1.0188986 0.9708530 0.9705274 0.9554113 1.0632764 0.0000000 0.0578662 0.1702735 0.1719580 0.1677926 0.1862324 0.1690050 0.9257927 0.8929086 1.1843095 1.2875398 0.9424177 1.0772019 1.0402008 1.0596766 1.0256775 1.0414543 1.1637509 1.2178288 1.1952653 1.1559247 1.0536185 1.3104815 1.5351758 1.3751672 1.4141317 1.3587764 2.6273295 2.6273295 1.5222896 1.3756265 1.3306588 1.3463616 1.3923756 1.2769495 1.2774388 1.2349903 1.2548671 1.2204371 1.2014721 1.4823418 1.7089663 3.6044315 3.9191165 3.5746281 3.4134227 3.2402273 2.6401687 2.8005263 3.4354423 2.7176805 2.9420914 2.3378439 3.3128064 3.2717160 2.9394359 3.1063289 
TrH2_TrispH2_000906-RA                                 1.4834769 1.4218270 1.4688353 1.5141234 1.1982830 1.7724730 1.5718656 1.4854596 1.5339471 1.5099246 1.5675879 1.5082277 1.3312124 1.6480336 1.7962899 0.0578662 0.0000000 0.2634231 0.2495453 0.2384548 0.2126989 0.1864827 1.6542124 1.2502147 1.8171091 1.9809957 1.6161238 1.6176176 1.2900732 1.8093199 1.6063509 2.0282255 1.3425884 1.8564903 1.8326406 2.1726670 1.9193522 1.5907852 1.7494429 2.3021139 2.6616419 1.5647814 2.8468372 3.0365544 1.6395473 1.5262121 1.5209355 1.6559118 1.7491793 1.3623389 1.3561083 1.6846066 1.6747165 1.4023358 1.7757863 2.3739898 2.6968027 4.6117295 4.3472161 4.2451110 4.1479854 4.4497448 3.1524231 3.4366235 4.6755592 3.2924617 3.8162497 3.6475940 3.3784009 4.7202342 3.7260595 4.0695631 
Hhon_g03144.t1                                         1.3306586 1.3871429 1.4847915 1.3868313 1.3702808 1.4880064 1.6490506 1.5182423 1.4687752 1.3931369 1.4316085 1.4011353 1.5320954 1.5297741 1.7150043 0.1702735 0.2634231 0.0000000 0.0393415 0.1720718 0.1691972 0.1553019 1.7545609 1.4169878 1.5366584 1.7099466 1.6404783 1.7180614 1.6075949 1.7172410 1.5366715 1.7474133 1.8555149 1.7273699 1.8890522 1.9465746 1.8492864 1.6444962 1.8132981 2.2709535 2.3429393 2.0165076 2.0627914 2.0421932 1.8353334 1.7900234 1.6662089 1.9185320 1.9524894 1.8202060 1.7785003 1.7996152 1.7139914 1.5172335 1.9062493 2.4397035 2.9767234 5.2651267 4.8859836 5.0481391 4.5229738 4.8805508 3.9857533 4.6452245 4.7783669 3.7455709 3.9436300 3.2462911 4.2099938 4.6762322 4.3239654 4.7974122 
HoiH04_mRNA12378                                       1.4067579 1.4466273 1.5531897 1.4391495 1.3768580 1.5503076 1.7320128 1.6051366 1.5508447 1.4617853 1.5016177 1.4699988 1.5381455 1.5896033 1.7561460 0.1719580 0.2495453 0.0393415 0.0000000 0.1674935 0.1640306 0.1526523 1.8182625 1.4567861 1.5673756 1.7715526 1.6879929 1.7248367 1.6157842 1.8061083 1.6198225 1.8354564 1.8575209 1.7707089 1.9141137 2.0402075 2.0490565 1.6452588 1.8698595 2.3751163 2.4969061 2.0292483 2.0611949 2.0402542 1.8375757 1.7984498 1.6740666 1.9300040 1.9644618 1.8233862 1.7827998 1.8070184 1.7336678 1.5349566 2.0073209 2.5448374 3.0391974 5.6119363 4.9984503 5.3221150 4.8004967 5.1085071 3.9999180 4.7478925 4.9783606 3.9948397 3.9556778 3.5363183 4.1949604 4.8881603 4.4615572 4.8974053 
HoiH11_mRNA2437                                        1.2676902 1.2397415 1.3118863 1.3491832 1.2147033 1.3888465 1.5061349 1.3560591 1.4155669 1.2844960 1.3381374 1.3006220 1.3416304 1.4649930 1.5855184 0.1677926 0.2384548 0.1720718 0.1674935 0.0000000 0.1346671 0.1160925 1.6620595 1.2435946 1.4149388 1.5851667 1.5463407 1.5089033 1.4151168 1.6588835 1.4243989 1.6690863 1.5419656 1.5697373 1.6704029 1.8218077 1.9153677 1.3934718 1.7037773 2.0873823 2.1497735 1.9325001 2.1065405 2.2535370 1.7102671 1.6785908 1.5701851 1.7583151 1.7598394 1.7700249 1.7286834 1.6653458 1.5632544 1.3364061 1.7925190 2.2343349 2.7854797 5.3209417 4.8083472 5.0490652 4.7440883 4.9904163 3.6842089 4.3902136 4.5363035 3.6704462 3.8660371 3.5358378 3.9638601 4.5633300 4.4384818 4.4743504 
HoiH06_mRNA12845                                       1.4508111 1.3346262 1.4683137 1.3643231 1.4161480 1.5010028 1.6983489 1.5188525 1.5812001 1.4231991 1.4389153 1.4108683 1.5350359 1.4565666 1.6129346 0.1862324 0.2126989 0.1691972 0.1640306 0.1346671 0.0000000 0.0536640 1.8788168 1.4735903 1.5350052 1.7229423 1.8009387 1.7196672 1.6520555 1.8680399 1.5768978 1.8254863 2.0017098 1.7744788 1.9230553 2.0450534 2.0203712 1.7549352 1.8806391 2.3310953 2.4715821 2.1163448 2.2115638 2.1662215 1.9095255 1.8984694 1.7149069 2.0156507 2.0252584 1.8929089 1.8442055 1.8871457 1.8125636 1.5501526 2.0194771 2.5672458 3.2117957 5.7460398 5.5446327 5.5375395 4.6922131 5.0441253 4.1500093 4.9811947 5.1605293 3.9478467 4.0060154 3.6550275 4.6836273 4.9150458 5.0063258 4.9228579 
HoiH23_PlH23_005424-RA                                 1.3915872 1.3267233 1.4143547 1.3245243 1.3780553 1.4770785 1.6795317 1.4809449 1.5679782 1.4106081 1.4275662 1.3997998 1.5405596 1.4425912 1.5863184 0.1690050 0.1864827 0.1553019 0.1526523 0.1160925 0.0536640 0.0000000 1.8768642 1.4306751 1.4768419 1.6851648 1.7243674 1.6844119 1.6200601 1.7726402 1.5408557 1.7908099 1.9485614 1.7439603 1.8868299 1.9952001 1.9956644 1.7437463 1.8488323 2.2968242 2.4729423 2.0710204 2.1402512 2.1144647 1.8737438 1.8391609 1.6943355 1.9490020 1.9651308 1.8653667 1.8174321 1.8830460 1.7787041 1.5464051 2.0342847 2.4944308 3.1700687 5.5797080 5.3893604 5.1722345 4.6473141 4.9053832 4.0298777 4.7749416 5.1191095 3.7482655 3.9993039 3.5822902 4.3146588 4.7704462 4.9552506 4.8460331 
Dpul_mRNA1293                                          1.1564461 1.0287966 1.1007205 1.0804813 1.1651847 1.3009077 1.4062846 1.3168962 1.2768446 1.2007926 1.2515068 1.2485280 1.2878965 1.1915569 1.2287852 0.9257927 1.6542124 1.7545609 1.8182625 1.6620595 1.8788168 1.8768642 0.0000000 1.3630079 1.4454481 1.5970366 1.2682541 1.5307002 1.3575776 1.5410145 1.2522677 1.4601752 1.8729547 1.8942255 1.7884359 2.2110157 1.9594866 1.7409563 1.9644284 2.2928012 2.4553255 2.1172579 2.5163383 2.5898199 2.1767969 1.8475402 1.8318338 2.0556985 2.0594774 1.7387852 1.7080156 1.9035749 1.9019040 1.6947859 1.9665918 2.2383887 2.8574691 5.0527129 3.7090249 4.6639598 4.1252632 4.0991256 3.3399157 4.2551565 4.3317044 3.5469419 4.1842211 2.6489969 3.3342259 4.2416633 4.1281863 4.4741972 
Spur_XM_030989073.1                                    0.8815916 0.7901974 0.7492794 1.0084523 0.9748055 0.9662712 1.1037998 0.9926562 0.9010103 0.8848948 0.8948739 0.8994155 0.9610015 1.0319576 1.0394733 0.8929086 1.2502147 1.4169878 1.4567861 1.2435946 1.4735903 1.4306751 1.3630079 0.0000000 1.1694932 1.2478816 1.3896557 1.2989071 1.2220926 1.4263527 1.2258428 1.1875115 1.8100083 1.4665337 1.4892656 1.8222520 1.7252396 1.6051218 1.8610352 2.0922620 2.1252989 2.0810626 1.7900286 1.9012787 1.9133124 1.6466160 1.5930339 1.7702517 1.8054423 1.6442504 1.6154772 1.6911078 1.7028371 1.6167424 1.5787409 2.0417855 2.6952154 4.4837291 3.5865773 4.4220220 4.1430833 4.1579182 3.8558531 3.9527755 4.0270339 3.4319621 3.5694021 2.3253556 3.6672710 3.8916192 3.6410334 4.4525529 
Dgig_XM_028545788.1                                    0.9980973 0.9735442 1.0463186 1.1310572 1.0937258 0.8882619 1.1191410 0.9415555 0.9830857 0.8904764 0.8807713 0.8911856 0.9653873 1.1391933 1.2249505 1.1843095 1.8171091 1.5366584 1.5673756 1.4149388 1.5350052 1.4768419 1.4454481 1.1694932 0.0000000 0.3130331 1.5850807 1.3357783 1.1073106 1.2409112 1.2719912 1.4337876 1.8321592 1.5852713 1.5590594 2.1637759 2.0622381 1.7641875 2.0925242 2.3510026 2.3454574 2.1982383 1.8036910 2.0220638 1.8042729 1.7310718 1.7981720 1.8113510 1.7981164 1.6474418 1.6035918 1.8855799 1.8055633 1.5683040 1.9648085 2.3432123 2.5938282 5.0860474 3.8482103 4.8306546 4.1929815 4.3097375 3.7922337 4.2272567 4.3889806 3.7593443 3.8541809 2.8167078 3.8473729 4.3111718 4.0052268 4.5586876 
Xesp_014465-T1                                         1.1506001 1.1189565 1.1324808 1.2733579 1.1832800 0.9599102 1.1985726 1.0157738 1.0459111 0.9550827 0.9722201 0.9671246 1.0504927 1.2753872 1.4235952 1.2875398 1.9809957 1.7099466 1.7715526 1.5851667 1.7229423 1.6851648 1.5970366 1.2478816 0.3130331 0.0000000 1.7322105 1.4642954 1.2471596 1.3999635 1.3804022 1.5711663 1.9412489 1.6394809 1.6686482 2.3145946 2.0250259 1.8569978 2.3466723 2.4381095 2.4985930 2.2662637 2.0410714 2.3182692 1.9616316 1.8400471 1.8765476 1.9849470 1.9696353 1.7997825 1.7713796 2.0597174 1.9946938 1.6964307 2.1270766 2.4658553 2.5169208 5.3200779 4.0750902 5.4003778 4.1479054 4.5280096 4.2394832 4.3690992 4.3226549 3.8389809 4.2671757 2.8428361 4.1536065 4.4833762 4.2037748 4.6772680 
Tcas_TC008121_001                                      1.2282286 1.1718957 1.2358263 1.0678531 0.9586192 1.5110596 1.4413854 1.3912559 1.3388948 1.3501041 1.4080699 1.3906577 1.4091525 1.1308809 1.2283397 0.9424177 1.6161238 1.6404783 1.6879929 1.5463407 1.8009387 1.7243674 1.2682541 1.3896557 1.5850807 1.7322105 0.0000000 1.5786339 1.3599502 1.6789708 1.4033566 1.4804059 1.7765984 1.6903542 1.7682467 2.3216815 1.9425685 1.6032912 1.9114669 2.2771974 2.2435918 2.0105113 2.0284361 2.0081565 1.8938380 1.6303152 1.6332529 1.9413161 1.9526581 1.7456587 1.6987467 1.8424336 1.7866864 1.6087130 1.9947682 2.2428769 2.8117895 5.3582274 3.7522586 5.0669969 4.0947990 4.3853465 3.8538314 4.2969584 4.4563762 3.6601404 4.2335606 3.1355426 4.1048702 4.0539602 3.9878933 4.3488193 
Aaur_scaffold17.g10.t1                                 1.1710853 1.1159558 1.0916235 1.3460188 1.1401397 1.1491413 1.2116634 1.1716710 1.1168998 1.0763907 1.1165678 1.1192684 1.1533880 1.2423419 1.2846477 1.0772019 1.6176176 1.7180614 1.7248367 1.5089033 1.7196672 1.6844119 1.5307002 1.2989071 1.3357783 1.4642954 1.5786339 0.0000000 0.3676206 0.3740066 0.4855667 0.9844159 2.0971934 1.7412416 1.5367529 2.0768471 1.8041490 2.0356943 2.1478987 2.3775260 2.1120224 1.9735354 2.1298096 2.2240988 1.9771308 1.8351174 1.6715717 1.9853936 1.9560462 1.8541314 1.8258467 2.0794679 2.0040585 1.7623283 1.9764860 2.0866539 2.3710667 4.8316429 3.7224463 4.8751056 4.1068638 4.3459867 3.9275063 4.3850056 4.5533855 3.7592421 3.4950457 2.8539671 3.9274549 3.9159153 3.7007494 4.0353001 
Nemnom_g2201.t1                                        1.0990845 1.0287793 0.9416621 1.2227667 1.1590048 0.9538856 1.0373115 0.9868111 0.9411128 0.9503993 0.9936393 0.9756028 1.0066788 1.1397612 1.1663455 1.0402008 1.2900732 1.6075949 1.6157842 1.4151168 1.6520555 1.6200601 1.3575776 1.2220926 1.1073106 1.2471596 1.3599502 0.3676206 0.0000000 0.1175598 0.5629381 0.9012643 1.9385924 1.5403420 1.3454548 1.8591371 1.3124189 2.0265429 2.1638697 2.0488995 1.7941232 1.8659303 1.9330253 2.1243077 1.8711726 1.7363351 1.5864508 1.8553516 1.7711975 1.7691351 1.7565639 1.6981408 1.7153355 1.6817858 1.4998814 1.7685999 2.1903261 4.4763924 3.7275231 4.6654505 3.9820356 3.8186775 3.7500959 4.1326365 3.9751806 3.2760629 3.3967896 1.9646755 3.8239274 3.8182682 3.3537873 4.0369223 
Rhoesc_Res_017364-T1                                   1.2699842 1.1744478 1.1158021 1.4038825 1.2370034 1.1548918 1.2729393 1.2743937 1.1592282 1.1213980 1.1556913 1.1378761 1.2587974 1.2598255 1.3852661 1.0596766 1.8093199 1.7172410 1.8061083 1.6588835 1.8680399 1.7726402 1.5410145 1.4263527 1.2409112 1.3999635 1.6789708 0.3740066 0.1175598 0.0000000 0.5660688 0.9580710 2.0744333 1.7054518 1.5540001 2.1049252 1.8626278 2.0127813 2.1638089 2.3445909 2.1219860 2.0299034 2.0098885 2.2459676 1.9229113 1.8550717 1.7003990 1.9536398 1.9321188 1.7869957 1.7756111 1.9849322 1.9697119 1.7539295 1.9312567 2.1981978 2.4146476 4.7602895 3.9447875 4.6794248 4.0993003 4.0852789 4.0004865 4.5254948 4.3966454 3.6990043 3.6874898 2.6151986 3.9877359 4.2635903 3.7612324 4.1867654 
Sanmal_Sma_023959-T2                                   1.1908961 1.0917023 1.0301961 1.2609410 1.1195419 1.0513253 1.1207815 1.0891263 0.9899961 1.0049138 1.0424174 1.0247159 1.0384246 1.1392440 1.2241692 1.0256775 1.6063509 1.5366715 1.6198225 1.4243989 1.5768978 1.5408557 1.2522677 1.2258428 1.2719912 1.3804022 1.4033566 0.4855667 0.5629381 0.5660688 0.0000000 0.9310135 2.0164396 1.6433100 1.4812325 1.8706869 1.4955928 1.8881793 2.0680524 2.0183092 1.9836205 2.0099952 2.1012170 2.1468756 2.1243535 1.9006602 1.6845909 2.0469910 1.9719671 1.7632512 1.7492875 1.9334445 1.8509733 1.8105990 1.9392127 1.9652438 2.4749470 4.7244531 4.2062800 5.2476299 4.3033738 4.3585148 4.1554495 4.2733167 4.0720838 3.6074216 3.7317283 2.7453584 4.2597129 4.1531462 3.6620329 4.2895226 
Morvir_scaffold187.g18.t1                              1.1843813 1.1036300 1.1014534 1.2167998 1.2392218 1.1820619 1.3257904 1.2438814 1.2154883 1.1012457 1.0798920 1.0624649 1.1674353 1.1589893 1.2543592 1.0414543 2.0282255 1.7474133 1.8354564 1.6690863 1.8254863 1.7908099 1.4601752 1.1875115 1.4337876 1.5711663 1.4804059 0.9844159 0.9012643 0.9580710 0.9310135 0.0000000 1.8943829 1.6690013 1.5543958 1.9685572 1.9002721 1.7090569 2.0325243 2.2337602 2.3071302 2.0269352 2.0520871 2.2545797 1.9124768 1.7752610 1.6756778 1.8326905 1.7637587 1.7269757 1.7085676 2.0088056 1.9549027 1.6899627 2.0884827 2.1165824 2.2369499 4.5224240 3.5885943 4.6573364 3.8711827 4.3467534 3.6127926 4.3170779 4.3454655 3.7613488 3.5263177 2.9669079 4.1550932 4.2297435 3.9177689 4.1502008 
Ocar_g6288                                             1.5647915 1.5419189 1.5206231 1.6052501 1.5854270 1.6340937 1.6348703 1.5900320 1.4949218 1.5628979 1.6629257 1.6386125 1.5536283 1.8102808 1.8014708 1.1637509 1.3425884 1.8555149 1.8575209 1.5419656 2.0017098 1.9485614 1.8729547 1.8100083 1.8321592 1.9412489 1.7765984 2.0971934 1.9385924 2.0744333 2.0164396 1.8943829 0.0000000 0.1000131 0.9949886 2.2226807 1.3722226 2.5475399 2.6477282 2.1810549 2.4532632 2.0468465 2.5010431 2.5010431 2.3478170 2.0914378 2.0488742 2.2528623 2.2288014 1.9189545 1.9137415 2.2676355 2.3076427 2.1902530 1.4638821 2.2508345 2.8270517 4.8913181 4.0545914 4.9859791 4.5236037 4.7483548 3.9017765 4.5984079 4.6217049 4.4378564 4.3599055 2.4755146 4.1698774 4.3180355 4.4772213 4.1131825 
Opea_EP00118_Oscarella_pearsei_P019756                 1.3854381 1.3823232 1.3272718 1.4098274 1.3168052 1.4617215 1.5978940 1.4756348 1.4430337 1.3876878 1.4179604 1.4114680 1.3956930 1.5325986 1.6193488 1.2178288 1.8564903 1.7273699 1.7707089 1.5697373 1.7744788 1.7439603 1.8942255 1.4665337 1.5852713 1.6394809 1.6903542 1.7412416 1.5403420 1.7054518 1.6433100 1.6690013 0.1000131 0.0000000 0.8829254 1.9401534 1.6681247 1.9261760 2.2142862 2.1414173 2.2360869 2.2222011 1.7910569 1.8687270 1.9238728 1.8893363 1.8618970 1.9941983 2.0132408 1.7257697 1.7216452 1.8684360 1.9099157 1.7766701 1.7061696 2.1429250 2.9884742 4.5750572 4.6662902 5.3431153 3.9934599 4.3433779 3.7009861 4.6334754 4.3042503 3.8591789 3.9469821 2.7139501 4.0469491 4.1247865 4.2455231 3.9384068 
Plajan_Pjan_C564774_01                                 1.3060046 1.3018096 1.3277012 1.5058133 1.3870038 1.3844827 1.5397400 1.4403868 1.3553589 1.3024668 1.2864570 1.2765949 1.3518451 1.5618653 1.6281342 1.1952653 1.8326406 1.8890522 1.9141137 1.6704029 1.9230553 1.8868299 1.7884359 1.4892656 1.5590594 1.6686482 1.7682467 1.5367529 1.3454548 1.5540001 1.4812325 1.5543958 0.9949886 0.8829254 0.0000000 1.9990733 1.8807225 1.9481118 1.9810269 2.0425966 2.0843340 2.1936228 1.8798290 1.9954478 1.9129227 1.7565797 1.8319710 1.8801028 1.8289294 1.8044977 1.7895241 1.8472908 1.8844409 1.7124915 1.6962055 2.1210478 3.1487880 4.8925927 4.0140379 4.9717299 4.1775238 4.4320919 3.5712769 3.8504236 3.9749609 3.4559753 3.6484411 2.3872563 4.1657710 4.2295643 3.9673278 4.1060934 
Emue_Em0004g62a.t1                                     1.7313992 1.7212019 1.7891525 1.8821372 1.6931322 1.8052663 2.0931042 2.0935717 1.9347290 1.7872538 1.8140437 1.8190059 1.8815135 1.8161078 1.9685198 1.1559247 2.1726670 1.9465746 2.0402075 1.8218077 2.0450534 1.9952001 2.2110157 1.8222520 2.1637759 2.3145946 2.3216815 2.0768471 1.8591371 2.1049252 1.8706869 1.9685572 2.2226807 1.9401534 1.9990733 0.0000000 0.1090708 0.8203371 0.8297494 1.4191283 1.2634460 2.3288489 2.0911374 2.0965955 2.1131932 2.0419693 2.0607034 2.2826082 2.2987248 1.9122978 1.8768864 2.1745670 2.1573546 1.8493770 2.1874929 1.6067151 3.4175468 4.7605546 4.3971696 5.2162055 4.8776563 5.0778970 4.4227470 4.8614398 4.4906009 3.9640551 4.6760799 2.9404287 4.7892762 4.5385660 4.0963590 4.7791818 
Spolac_c98708_g2_i3_m.17856c98708-g1                   1.6721716 1.5376346 1.6686871 1.6381653 1.2478803 1.6554504 1.7082863 1.8781112 1.7626036 1.5966920 1.6188406 1.5949849 1.5528060 1.5669741 1.7786850 1.0536185 1.9193522 1.8492864 2.0490565 1.9153677 2.0203712 1.9956644 1.9594866 1.7252396 2.0622381 2.0250259 1.9425685 1.8041490 1.3124189 1.8626278 1.4955928 1.9002721 1.3722226 1.6681247 1.8807225 0.1090708 0.0000000 0.7036845 0.9502248 1.3519798 1.1814017 1.5266953 0.6147829 0.6147829 1.5976945 1.6212205 1.6991702 1.8165642 1.9105043 1.3625800 1.3245949 1.9539878 1.9048287 1.3514847 1.8786144 1.2099554 2.3070869 3.9293710 4.1280094 4.2234035 3.5562436 3.2302020 3.1507718 3.5110870 3.3044488 3.3239925 4.1194927 3.1114072 3.5574997 4.1034025 3.3207291 3.8039486 
Tetwil_g14340.t1                                       1.4452451 1.4175580 1.5436518 1.5933879 1.6892731 1.5012484 1.6076642 1.5006225 1.6163906 1.5216503 1.5426924 1.5651105 1.6079728 1.5446330 1.6030500 1.3104815 1.5907852 1.6444962 1.6452588 1.3934718 1.7549352 1.7437463 1.7409563 1.6051218 1.7641875 1.8569978 1.6032912 2.0356943 2.0265429 2.0127813 1.8881793 1.7090569 2.5475399 1.9261760 1.9481118 0.8203371 0.7036845 0.0000000 0.4979489 1.0123021 1.1254469 2.4143336 2.0714559 2.0738012 2.0082400 2.0965381 1.9114262 2.3573183 2.3207237 1.8622709 1.8283991 1.9919854 1.9454780 1.9718056 2.3612784 1.7646346 3.3901082 5.0158801 4.5318123 5.2540161 4.6141101 5.0695574 4.4693795 5.0487138 4.2533525 4.0436565 4.0356461 2.0081116 4.8256019 3.9143054 4.1631217 4.3500137 
Stycar_maker-SC_scaffold3881-snap-gene-0.5-mRNA-1      1.6138095 1.5979836 1.8511983 1.8132554 2.0769192 1.7181217 1.7730716 1.7785527 1.8510408 1.7309902 1.8291227 1.8211566 1.7777471 1.6756534 1.8833654 1.5351758 1.7494429 1.8132981 1.8698595 1.7037773 1.8806391 1.8488323 1.9644284 1.8610352 2.0925242 2.3466723 1.9114669 2.1478987 2.1638697 2.1638089 2.0680524 2.0325243 2.6477282 2.2142862 1.9810269 0.8297494 0.9502248 0.4979489 0.0000000 1.1177444 1.2834395 2.4600173 2.0183656 2.0183656 2.2943365 2.4569828 2.1939346 2.9296525 2.9156864 2.0808238 2.0753856 2.3957757 2.3556697 2.2854971 2.5167029 1.7550164 3.9280067 4.9933424 4.8893360 5.0659500 5.1746559 5.3383901 5.4011889 5.3449487 4.5776008 4.5381589 4.8872603 2.2759415 4.7878697 4.3137349 4.0570462 4.8233404 
Aque_Aqu2.1.42178_001                                  1.9090578 1.9488011 2.0757617 2.0031326 1.9538549 2.0102909 2.1425449 2.1253022 2.0816303 2.0384109 2.1418413 2.1392235 2.1010578 2.1635852 2.3870644 1.3751672 2.3021139 2.2709535 2.3751163 2.0873823 2.3310953 2.2968242 2.2928012 2.0922620 2.3510026 2.4381095 2.2771974 2.3775260 2.0488995 2.3445909 2.0183092 2.2337602 2.1810549 2.1414173 2.0425966 1.4191283 1.3519798 1.0123021 1.1177444 0.0000000 0.5914754 2.5485902 2.2432980 2.1927669 2.1572581 2.1288836 2.1268720 2.3640449 2.3824290 2.1270351 2.1165982 2.3770662 2.3341537 2.0504260 2.2963390 1.8325802 3.6030903 5.2091877 4.4928372 4.9706929 5.3306630 5.2242512 4.8593396 4.6115894 4.5801214 3.6252037 4.6586757 2.9258403 5.1228893 4.7121238 4.1915558 4.3372109 
Xestes_maker-XT_scaffold5704-augustus-gene-0.19-mRNA-1 1.9902473 2.0227106 2.1321226 2.1569862 2.0371632 2.1039784 2.3414946 2.3365496 2.1760886 2.1256096 2.2390337 2.1566605 2.2562357 2.1046175 2.3133786 1.4141317 2.6616419 2.3429393 2.4969061 2.1497735 2.4715821 2.4729423 2.4553255 2.1252989 2.3454574 2.4985930 2.2435918 2.1120224 1.7941232 2.1219860 1.9836205 2.3071302 2.4532632 2.2360869 2.0843340 1.2634460 1.1814017 1.1254469 1.2834395 0.5914754 0.0000000 2.6123544 2.1469111 2.2275394 2.1119139 2.1489319 2.1257508 2.4251217 2.5357977 2.2168732 2.2162747 2.4391327 2.3232323 2.0933438 2.2230623 1.9804098 3.6473101 5.3036031 4.5607693 5.1878827 4.8627048 4.7673995 4.8327312 5.5712072 4.3329495 3.9450763 4.7143319 3.1114452 5.2527329 4.6291467 4.1268150 4.4334068 
Mlei_ML1875.g5.i1                                      1.9879640 1.9190002 2.0044598 2.0770827 2.0004829 1.9656588 2.0260912 2.0734054 1.8532294 2.0306070 2.0284191 2.0280829 2.0016340 1.8465138 2.0529991 1.3587764 1.5647814 2.0165076 2.0292483 1.9325001 2.1163448 2.0710204 2.1172579 2.0810626 2.1982383 2.2662637 2.0105113 1.9735354 1.8659303 2.0299034 2.0099952 2.0269352 2.0468465 2.2222011 2.1936228 2.3288489 1.5266953 2.4143336 2.4600173 2.5485902 2.6123544 0.0000000 0.4908567 0.3134213 0.5410630 0.5232935 0.6027166 0.8215704 0.8812583 0.8999601 0.8751203 2.5473481 2.3124027 2.4618236 2.1414969 2.1414515 2.8603101 5.3412157 3.8458123 5.1656299 4.1007623 3.9383306 3.5733858 4.2798086 4.2651037 4.3968513 3.8001743 2.5907499 4.2602433 3.8069556 4.2757805 4.0675904 
Bolinf_Binf_sb1261832                                  1.7668444 1.8399882 1.8016140 2.0409410 2.0328260 1.5686558 2.0674498 1.5143855 1.7054645 1.7170966 1.7042527 1.6619292 2.0237501 1.8533503 2.1545150 2.6273295 2.8468372 2.0627914 2.0611949 2.1065405 2.2115638 2.1402512 2.5163383 1.7900286 1.8036910 2.0410714 2.0284361 2.1298096 1.9330253 2.0098885 2.1012170 2.0520871 2.5010431 1.7910569 1.8798290 2.0911374 0.6147829 2.0714559 2.0183656 2.2432980 2.1469111 0.4908567 0.0000000 0.0000010 0.1797610 0.1545337 0.2401803 0.4916457 0.4715380 0.5559860 0.5526687 2.2452650 2.1515331 2.2297325 3.4240253 2.1486791 3.7827125 6.7783292 8.6984126 7.6184121 5.4833429 5.6532719 4.9791247 5.6467810 5.5084084 4.5775159 3.8543700 1.8458590 5.7929358 4.5712556 5.6268830 5.6943782 
Mertsp_Mesp_sb528665                                   1.9657768 1.9848677 1.8782933 2.0499922 2.2029617 1.7460773 1.8397078 1.6107507 1.7054645 1.8819820 1.8756655 1.8244000 2.3004423 1.8845016 2.2399281 2.6273295 3.0365544 2.0421932 2.0402542 2.2535370 2.1662215 2.1144647 2.5898199 1.9012787 2.0220638 2.3182692 2.0081565 2.2240988 2.1243077 2.2459676 2.1468756 2.2545797 2.5010431 1.8687270 1.9954478 2.0965955 0.6147829 2.0738012 2.0183656 2.1927669 2.2275394 0.3134213 0.0000010 0.0000000 0.1948510 0.1631215 0.2655798 0.5485348 0.5346905 0.5809312 0.5766775 2.4082830 2.2455731 2.4321403 3.0106536 2.2448141 3.9866513 6.1966896 8.6984126 7.6084256 5.4861219 5.7687959 5.5232091 6.9568554 5.1848716 5.0199263 3.9172020 2.3978005 6.0402741 4.2233569 5.1232306 5.7370422 
Beraby_Baby_sb346480                                   1.7284501 1.7237785 1.8680016 1.8726132 2.0705805 1.6851666 2.0581375 1.6997605 1.8652566 1.8185263 1.8104885 1.8047312 1.9894169 1.7591672 1.9231809 1.5222896 1.6395473 1.8353334 1.8375757 1.7102671 1.9095255 1.8737438 2.1767969 1.9133124 1.8042729 1.9616316 1.8938380 1.9771308 1.8711726 1.9229113 2.1243535 1.9124768 2.3478170 1.9238728 1.9129227 2.1131932 1.5976945 2.0082400 2.2943365 2.1572581 2.1119139 0.5410630 0.1797610 0.1948510 0.0000000 0.3018750 0.3639629 0.6651984 0.6393417 0.6088111 0.6145976 2.2482799 2.0387236 2.1539772 2.4123914 2.0792793 3.2886297 5.8894434 5.2112212 6.1322639 4.0552860 4.4272089 3.9380505 4.4346993 4.6507140 4.3374170 3.9677093 2.7866050 4.7273137 4.0215711 4.6448570 4.1958832 
Drygla_Dgla_sb285139                                   1.5182534 1.5492858 1.5820782 1.6541714 1.7246054 1.5871673 1.9480658 1.6931522 1.8006561 1.7413788 1.7177738 1.7222739 1.8661612 1.6123108 1.8246188 1.3756265 1.5262121 1.7900234 1.7984498 1.6785908 1.8984694 1.8391609 1.8475402 1.6466160 1.7310718 1.8400471 1.6303152 1.8351174 1.7363351 1.8550717 1.9006602 1.7752610 2.0914378 1.8893363 1.7565797 2.0419693 1.6212205 2.0965381 2.4569828 2.1288836 2.1489319 0.5232935 0.1545337 0.1631215 0.3018750 0.0000000 0.4041209 0.6449977 0.6669704 0.6848733 0.6838585 2.0461263 1.9376670 1.9786266 2.1156274 2.1000128 2.9473355 4.9386618 4.0329618 5.1693284 3.7783930 4.0554835 3.6724076 3.8916822 4.2568156 4.1748519 3.7984843 2.5810691 4.1422947 3.8972488 3.9857563 4.2793037 
Lampan_Lpan_14192_01                                   1.5013130 1.5586698 1.6246234 1.5740018 1.5740382 1.5490601 1.7908217 1.5721812 1.5789330 1.5851333 1.5768571 1.5919815 1.7002636 1.5802081 1.7801386 1.3306588 1.5209355 1.6662089 1.6740666 1.5701851 1.7149069 1.6943355 1.8318338 1.5930339 1.7981720 1.8765476 1.6332529 1.6715717 1.5864508 1.7003990 1.6845909 1.6756778 2.0488742 1.8618970 1.8319710 2.0607034 1.6991702 1.9114262 2.1939346 2.1268720 2.1257508 0.6027166 0.2401803 0.2655798 0.3639629 0.4041209 0.0000000 0.6033458 0.5695348 0.7203351 0.7107128 1.9951731 1.9406722 2.0181466 2.2267633 1.8644100 2.7751109 4.8367075 4.3379871 5.4636187 4.0587676 4.1758465 3.9591070 3.8246323 4.2247547 4.0255110 3.7379574 2.8292941 4.3865305 3.6684245 3.6859670 3.9627409 
Vmul_Simscaffold11561_01                               1.6597854 1.7946406 1.8650626 1.7991705 1.7309835 1.7468908 2.0910396 1.8753345 1.9539029 1.8747974 1.8916314 1.8644769 1.9544761 1.8455510 1.8910784 1.3463616 1.6559118 1.9185320 1.9300040 1.7583151 2.0156507 1.9490020 2.0556985 1.7702517 1.8113510 1.9849470 1.9413161 1.9853936 1.8553516 1.9536398 2.0469910 1.8326905 2.2528623 1.9941983 1.8801028 2.2826082 1.8165642 2.3573183 2.9296525 2.3640449 2.4251217 0.8215704 0.4916457 0.5485348 0.6651984 0.6449977 0.6033458 0.0000000 0.1834827 0.7848027 0.7774448 2.3132048 2.1750446 2.2588704 2.2103250 1.9881002 3.0194995 5.3111328 4.4928426 4.9470859 4.3459914 4.6495315 3.8181467 4.2478347 4.2367125 4.0887582 3.8325397 2.6305385 4.3288949 3.9990447 4.2292761 4.1248262 
Coemet_Cmet_scaffold20023_01                           1.6620967 1.7428162 1.8441083 1.7967985 1.6920963 1.7743067 2.0836296 1.8431420 1.8981813 1.8516134 1.8864946 1.8828280 1.9649231 1.8889701 1.9334311 1.3923756 1.7491793 1.9524894 1.9644618 1.7598394 2.0252584 1.9651308 2.0594774 1.8054423 1.7981164 1.9696353 1.9526581 1.9560462 1.7711975 1.9321188 1.9719671 1.7637587 2.2288014 2.0132408 1.8289294 2.2987248 1.9105043 2.3207237 2.9156864 2.3824290 2.5357977 0.8812583 0.4715380 0.5346905 0.6393417 0.6669704 0.5695348 0.1834827 0.0000000 0.7906168 0.7835839 2.2397131 2.1797752 2.1985270 2.3074666 2.0529520 2.8965359 5.2831610 4.5103427 5.1778788 4.3579256 4.5739627 3.5396736 4.0334153 4.4620967 4.1136623 3.5965993 2.7199268 4.6655947 4.0385553 4.0900890 4.2821016 
Pbac_sb2648615                                         1.4293888 1.5454255 1.6078044 1.5949253 1.6316279 1.5298917 1.8249506 1.5340330 1.6247247 1.6362222 1.6336385 1.6385679 1.5931437 1.6225091 1.6402816 1.2769495 1.3623389 1.8202060 1.8233862 1.7700249 1.8929089 1.8653667 1.7387852 1.6442504 1.6474418 1.7997825 1.7456587 1.8541314 1.7691351 1.7869957 1.7632512 1.7269757 1.9189545 1.7257697 1.8044977 1.9122978 1.3625800 1.8622709 2.0808238 2.1270351 2.2168732 0.8999601 0.5559860 0.5809312 0.6088111 0.6848733 0.7203351 0.7848027 0.7906168 0.0000000 0.0102987 1.8583853 1.8778565 1.8892933 1.9381526 1.8363052 2.5582615 4.6451794 3.9801473 5.2141884 4.5607511 4.0106988 4.0012482 3.8744825 3.8457779 3.7943463 4.1878200 2.2141773 4.1779132 4.1330274 4.1319923 4.4107990 
Horcal_Hcv1.av93.c1.g138.i1                            1.3805705 1.4825528 1.5604162 1.5442101 1.5919210 1.4951451 1.7980605 1.5414923 1.5653618 1.5886049 1.5730957 1.5910559 1.5895967 1.5911721 1.5995251 1.2774388 1.3561083 1.7785003 1.7827998 1.7286834 1.8442055 1.8174321 1.7080156 1.6154772 1.6035918 1.7713796 1.6987467 1.8258467 1.7565639 1.7756111 1.7492875 1.7085676 1.9137415 1.7216452 1.7895241 1.8768864 1.3245949 1.8283991 2.0753856 2.1165982 2.2162747 0.8751203 0.5526687 0.5766775 0.6145976 0.6838585 0.7107128 0.7774448 0.7835839 0.0102987 0.0000000 1.8048325 1.8397795 1.8437428 1.9057323 1.8119207 2.5970971 4.6400489 3.9673063 5.1745881 4.5070264 4.0420580 3.9260868 3.8176305 3.8188541 3.7826185 4.0638530 2.2141773 4.1276167 4.1049294 4.1478919 4.3755317 
