52
Bralan_BLAG02000283_1                           0.0000000 0.5423118 0.7154138 0.6703335 0.6754299 0.6721147 0.6441230 0.7108661 0.6944462 0.7102278 0.7444655 0.7462688 0.7050039 0.7850466 0.8335758 0.6876429 0.7862818 0.6310743 0.7390613 0.9886499 0.8532603 1.0141739 0.8108569 0.8615419 0.7932149 0.7058921 0.9839869 0.9560972 0.9716026 1.0183292 1.1777281 1.1844193 0.9943657 0.9454275 1.2199878 1.2459038 1.2008593 1.2389562 1.2400918 1.2562886 1.2266984 1.2450515 1.4775937 1.5041747 2.2323433 1.5947383 1.6094257 1.8313296 1.6131690 1.7637316 1.6634284 1.9506192 
Acagra_model.g20233.t1                          0.5423118 0.0000000 0.6173507 0.6868717 0.6434964 0.6532228 0.6093719 0.5886117 0.6537810 0.6427232 0.6692623 0.6336367 0.6739686 0.6288022 0.6938727 0.7700292 0.8106687 0.6309327 0.7038824 0.8311850 0.9083188 0.9293505 0.8378364 0.9020559 0.7791092 0.7262072 0.9665899 0.9094345 0.7672286 0.8548777 1.0140399 1.1088460 0.9564895 0.9625461 1.1241286 1.1237840 1.0906783 1.1098174 1.0580065 1.1208659 1.1795514 1.0578081 1.5164607 1.5869397 2.0935565 1.6633370 1.7487658 1.8063215 1.7325684 1.6794762 1.6975655 1.8961224 
Exapal_XM_021059706.2                           0.7154138 0.6173507 0.0000000 0.4757598 0.5572457 0.5516560 0.5129824 0.4862964 0.5491587 0.5873391 0.5785849 0.7901811 0.8111967 0.7572468 0.7870577 0.7918067 0.8545232 0.7751063 0.7578829 1.0432792 0.9292505 1.0589944 0.8687086 1.0084280 0.8839279 0.7619261 0.9538398 1.0126879 0.7798248 0.8323731 1.0990270 1.1910198 0.9480138 0.9074348 1.3095428 1.3150419 1.1751392 1.2110625 1.1836269 1.1836269 1.2354582 1.1406182 1.5536115 1.4178887 1.7464922 1.5470445 1.5185736 1.5679564 1.5673457 1.4833339 1.4878233 1.6992629 
Nvec_v1g163935                                  0.6703335 0.6868717 0.4757598 0.0000000 0.6202936 0.6205313 0.6157927 0.5842804 0.6242350 0.6215716 0.6114987 0.9502581 0.8291337 0.8640185 0.8990550 0.8138786 0.9163051 0.7537041 0.9068850 1.1116561 1.0246047 1.0829899 1.0021216 1.1021732 0.9933774 0.8728604 1.0294530 1.0470065 1.0169792 0.9480850 1.2630910 1.3085984 1.1012222 1.0125796 1.3921576 1.4274637 1.2844457 1.3031862 1.2475098 1.2713661 1.3070300 1.2031671 1.7455474 1.5388408 1.8962109 1.7027563 1.6899935 1.7248466 1.6963000 1.6551130 1.5840035 2.0500664 
Adig_XM_015901527.1                             0.6754299 0.6434964 0.5572457 0.6202936 0.0000000 0.0125172 0.2153246 0.3000987 0.3190881 0.2822920 0.2849503 0.8203201 0.7314006 0.7557387 0.8487453 0.8403791 0.9781574 0.7697631 0.8152399 1.0006608 0.8765715 1.1194370 0.8081049 0.9406400 0.9336466 0.7747678 1.0534690 1.0240230 0.9298476 0.8373806 0.9781287 1.1707826 1.0077037 0.8652714 1.1752685 1.1850305 1.1959557 1.2106268 1.1509001 1.1480772 1.2157683 1.1222473 1.5005899 1.4443572 1.9759877 1.5748624 1.5863385 1.6339417 1.6525100 1.6537654 1.5247801 1.7976221 
Amil_Amillepora11589-RA                         0.6721147 0.6532228 0.5516560 0.6205313 0.0125172 0.0000000 0.2136610 0.3036175 0.3167685 0.2839330 0.2865888 0.8153858 0.7291079 0.7502016 0.8357538 0.8169315 0.9542642 0.7707386 0.8121529 1.0012429 0.8666572 1.1005458 0.7927511 0.9328597 0.9186937 0.7692847 1.0540844 1.0378205 0.9336133 0.8484386 0.9752828 1.1520743 1.0148470 0.8749833 1.1530062 1.1720479 1.1737860 1.1932040 1.1277777 1.1250896 1.1865169 1.1219315 1.5129587 1.4188565 1.9835679 1.5847828 1.5709343 1.6105361 1.6349745 1.6179833 1.4816410 1.7853304 
Gfas_gfas1.m1.20600.m1                          0.6441230 0.6093719 0.5129824 0.6157927 0.2153246 0.2136610 0.0000000 0.2183583 0.2975914 0.2961798 0.2912133 0.7738385 0.7115660 0.7425024 0.8506874 0.6610236 0.8330278 0.6926616 0.8273524 0.9611379 0.8367724 0.9765078 0.7582640 0.8777876 0.8965008 0.7736450 1.0687650 1.0399949 0.8780969 0.8922672 0.9808799 1.1827586 0.9838556 0.9129190 1.1840770 1.2028147 1.1369596 1.1518681 1.1436702 1.1408398 1.1849655 1.1565513 1.5144627 1.4333088 1.8442621 1.5525398 1.6246917 1.7268662 1.7211375 1.5622035 1.5499906 1.7322984 
Fspp_ffun1.m4.24237.m1                          0.7108661 0.5886117 0.4862964 0.5842804 0.3000987 0.3036175 0.2183583 0.0000000 0.1419486 0.2591598 0.2067426 0.7474296 0.7390310 0.6660232 0.7704798 0.8671702 0.8761030 0.7340965 0.8053277 0.7527461 0.7605541 0.8025175 0.7455251 0.8640751 0.8055717 0.9071581 1.1649699 1.1927536 0.8832739 1.0892832 1.0958582 1.2386934 1.0680200 0.9335028 1.0541247 1.0541247 1.0695233 1.0827687 1.0962664 1.0962664 1.0928188 1.2501289 1.3751141 1.2885585 1.8389498 1.3948693 1.2771838 1.3888912 1.3040249 1.2493618 1.4334307 1.3071534 
Gasp_gasp1.m3.27385.m1                          0.6944462 0.6537810 0.5491587 0.6242350 0.3190881 0.3167685 0.2975914 0.1419486 0.0000000 0.2523044 0.2424080 0.8738310 0.8200877 0.8459080 0.8913818 0.7276344 0.9077543 0.6953919 0.8511187 1.0988477 0.9332573 1.0878623 0.8781869 0.9762756 0.8775113 0.8353763 1.1359800 1.1197118 0.9743429 0.9846436 1.0710009 1.1934087 1.0102464 0.9258767 1.2209645 1.2397662 1.1758005 1.1910278 1.1762713 1.1733101 1.1624152 1.2032098 1.5931505 1.5720834 2.0871243 1.7368498 1.6912867 1.7568587 1.6878670 1.6212528 1.7442594 1.8709313 
Spis_XP_022791866_1                             0.7102278 0.6427232 0.5873391 0.6215716 0.2822920 0.2839330 0.2961798 0.2591598 0.2523044 0.0000000 0.0898634 0.8488818 0.7856381 0.8011765 0.9076063 0.7741956 0.9171740 0.7704459 0.8366141 1.0407943 0.8664900 1.0825003 0.8348792 0.9549591 0.9791843 0.7902087 1.0733885 1.0972629 0.9489378 0.9241625 1.0659033 1.1668388 1.0522429 0.9571524 1.1695711 1.1964532 1.1530423 1.1719951 1.2256190 1.2106001 1.2014707 1.1754686 1.5897710 1.4236570 1.8847319 1.5643626 1.5707232 1.6468420 1.6232884 1.5286376 1.5674859 1.8630222 
Pocdam_XM_027184548.1                           0.7444655 0.6692623 0.5785849 0.6114987 0.2849503 0.2865888 0.2912133 0.2067426 0.2424080 0.0898634 0.0000000 0.8623137 0.7990484 0.8188486 0.9051258 0.7648628 0.9326135 0.7523752 0.8304531 1.0538880 0.8944207 1.1103976 0.8690956 0.9933059 1.0237499 0.8180160 1.1304221 1.1482752 0.9736581 0.9105186 1.0430105 1.1666091 1.0591502 0.9938524 1.1664486 1.1953310 1.1692267 1.1961716 1.2305556 1.2085570 1.1927986 1.1949931 1.6247967 1.5029717 2.0216172 1.6316764 1.6359296 1.7424927 1.5995550 1.5297633 1.6353967 1.8583932 
Aaur_scaffold521.g5.t1                          0.7462688 0.6336367 0.7901811 0.9502581 0.8203201 0.8153858 0.7738385 0.7474296 0.8738310 0.8488818 0.8623137 0.0000000 0.2833174 0.2507326 0.4472038 0.9243955 1.0125939 0.8462990 0.8561858 0.7392350 1.2150360 1.2045087 1.0939213 1.1626218 1.1458531 0.8825695 1.2865535 1.3040186 1.2061469 1.2102254 1.3842822 1.2359780 1.2553661 1.1624497 1.1690268 1.2102483 1.1044808 1.1025098 1.1452319 1.1783367 1.2021995 1.3498234 1.4914562 1.8548395 2.2299989 1.9156054 2.0236930 2.1818692 2.0332101 1.9534608 2.0403639 2.0719661 
Nemnom_g14643.t1                                0.7050039 0.6739686 0.8111967 0.8291337 0.7314006 0.7291079 0.7115660 0.7390310 0.8200877 0.7856381 0.7990484 0.2833174 0.0000000 0.1561704 0.4250839 0.9642550 0.9525036 0.7819083 0.9423088 0.7606063 1.0950407 1.0509167 1.0321944 1.0885038 1.1106409 0.8474163 1.1113520 1.2073599 1.1024852 1.1071397 1.2229297 1.2531211 1.0878105 0.9889354 1.1453866 1.1907931 1.0823211 1.0886047 1.1615153 1.1591015 1.2050273 1.4052184 1.4448619 1.6526074 1.9098931 1.7182088 1.7577745 1.8763709 1.7605211 1.6795351 1.8423007 2.2509701 
Rhoesc_Res_004953-T1                            0.7850466 0.6288022 0.7572468 0.8640185 0.7557387 0.7502016 0.7425024 0.6660232 0.8459080 0.8011765 0.8188486 0.2507326 0.1561704 0.0000000 0.4651946 0.9742336 0.9970253 0.8462858 0.9004914 0.7479585 1.1584309 1.1296025 1.1008002 1.1829398 1.1126135 0.9032383 1.2458720 1.2836358 1.2223575 1.1733538 1.3261317 1.3095933 1.1709829 1.1154439 1.2299450 1.2778034 1.1126068 1.1218824 1.2147085 1.2176658 1.2050532 1.3603419 1.5158521 1.7763554 2.1653015 1.8935835 1.9415438 2.0483019 1.9254932 1.8362927 2.0017336 2.3948129 
Sanmal_Sma_005317-T1                            0.8335758 0.6938727 0.7870577 0.8990550 0.8487453 0.8357538 0.8506874 0.7704798 0.8913818 0.9076063 0.9051258 0.4472038 0.4250839 0.4651946 0.0000000 1.0694434 1.0631495 0.8832307 0.9207336 0.6784268 1.1669536 1.2045053 1.0631203 1.1269357 1.1183015 0.8870971 1.2772551 1.3243025 1.1635237 1.1405908 1.3477456 1.3644814 1.1673465 1.1013841 1.1303064 1.1796067 1.0794765 1.0681537 1.1677956 1.1895682 1.1517751 1.3295289 1.5363101 1.5420173 1.6543524 1.8863516 1.8270517 1.8374205 1.8519462 1.7227151 1.8361555 2.2456389 
Ocar_g10433                                     0.6876429 0.7700292 0.7918067 0.8138786 0.8403791 0.8169315 0.6610236 0.8671702 0.7276344 0.7741956 0.7648628 0.9243955 0.9642550 0.9742336 1.0694434 0.0000000 0.0000010 0.4495673 0.7787275 1.1914010 0.9144196 1.0199123 0.8860880 0.9384520 0.7880940 0.7977879 1.1698909 1.1773576 1.0003315 0.9980597 1.0023762 1.1954276 1.0617955 0.9072770 1.0691538 1.1606449 1.0219263 1.0999617 1.0624658 1.0934034 1.0979950 1.2576493 1.5142324 1.9350768 0.0000010 2.0409917 2.0620106 2.0059269 2.0560430 1.9675247 1.6726460 2.1187720 
Opea_EP00118_Oscarella_pearsei_P025616          0.7862818 0.8106687 0.8545232 0.9163051 0.9781574 0.9542642 0.8330278 0.8761030 0.9077543 0.9171740 0.9326135 1.0125939 0.9525036 0.9970253 1.0631495 0.0000010 0.0000000 0.5074257 1.0166370 1.2490076 1.0105965 1.0954136 1.0044537 1.0414156 0.8344662 1.0042902 1.2341646 1.2862338 0.9968151 1.0563063 1.2567488 1.2759750 1.0599046 0.9831135 1.2536850 1.3064285 1.3015445 1.3132243 1.2725645 1.2908276 1.3442903 1.4326293 1.5582672 1.7302037 1.7577527 1.8631894 1.8242529 1.8041568 1.6939883 1.6182167 1.5597799 1.9533319 
Plajan_Pjan_scaffold10856_01                    0.6310743 0.6309327 0.7751063 0.7537041 0.7697631 0.7707386 0.6926616 0.7340965 0.6953919 0.7704459 0.7523752 0.8462990 0.7819083 0.8462858 0.8832307 0.4495673 0.5074257 0.0000000 0.9331299 1.0589438 0.8951743 0.9529103 0.9033159 0.9725379 0.8280591 0.7201277 0.9316108 0.9288969 0.7884950 0.8838345 1.2513419 1.0915163 0.9653770 0.8341220 1.1599657 1.1841553 1.1242776 1.1720880 1.1214080 1.1740519 1.1887321 1.3857605 1.3537399 1.8308430 1.9399954 1.7552545 1.9276174 2.0061217 1.7108928 1.6668193 1.7347138 2.0496146 
Cgig_XM_034453335.1                             0.7390613 0.7038824 0.7578829 0.9068850 0.8152399 0.8121529 0.8273524 0.8053277 0.8511187 0.8366141 0.8304531 0.8561858 0.9423088 0.9004914 0.9207336 0.7787275 1.0166370 0.9331299 0.0000000 0.9697045 0.9971046 1.1418781 0.9814035 1.0661977 0.7787916 0.9275442 1.2518086 1.2094043 1.1991838 1.2009943 1.4554906 1.4589547 1.2633274 1.1666115 1.2218722 1.2260903 1.0936404 1.1898822 1.2171152 1.2472032 1.3046335 1.0758581 1.7495089 1.7449386 2.3259920 1.8336170 1.9001722 2.0363312 1.8220047 1.8310149 1.7925027 1.7991332 
Morvir_scaffold81.g5.t1                         0.9886499 0.8311850 1.0432792 1.1116561 1.0006608 1.0012429 0.9611379 0.7527461 1.0988477 1.0407943 1.0538880 0.7392350 0.7606063 0.7479585 0.6784268 1.1914010 1.2490076 1.0589438 0.9697045 0.0000000 1.3796369 1.1662749 1.2449953 1.3484771 1.2661116 1.2472837 1.4473727 1.4688167 1.3498445 1.2996285 1.5432460 1.6861695 1.5544577 1.3454664 1.4341506 1.4341506 1.0682221 1.2501181 1.3730990 1.3730990 1.1841067 1.3863673 1.6213677 1.6013163 1.9603313 1.8074019 1.9277376 1.9939514 1.6042828 1.6161537 1.7935803 2.2540946 
Scil_scict015995.2                              0.8532603 0.9083188 0.9292505 1.0246047 0.8765715 0.8666572 0.8367724 0.7605541 0.9332573 0.8664900 0.8944207 1.2150360 1.0950407 1.1584309 1.1669536 0.9144196 1.0105965 0.8951743 0.9971046 1.3796369 0.0000000 0.1870903 0.2151044 0.2017112 0.4887540 1.0539384 1.0610200 1.0358865 1.0116155 1.0716650 1.1883951 1.3834747 1.2502224 1.0618836 1.3099576 1.3258059 1.3541048 1.3282553 1.2633251 1.2597593 1.4143169 1.3398498 1.9267389 1.9286760 2.1787607 2.0414310 1.9957613 2.0932283 1.8049383 1.8280012 1.9088571 1.8499614 
Leuniv_Lniv_scaffold24412_01                    1.0141739 0.9293505 1.0589944 1.0829899 1.1194370 1.1005458 0.9765078 0.8025175 1.0878623 1.0825003 1.1103976 1.2045087 1.0509167 1.1296025 1.2045053 1.0199123 1.0954136 0.9529103 1.1418781 1.1662749 0.1870903 0.0000000 0.2381515 0.2167376 0.5805323 1.3261442 1.1643130 1.2887185 1.2421085 1.3417601 1.5476289 1.5053329 1.3157130 1.3165458 1.4391529 1.4391529 1.4332588 1.4184736 1.3237705 1.3237705 1.5035070 1.6089464 1.8239830 1.8789298 2.4343596 1.8988192 1.8086307 1.7886565 1.6722710 1.7059596 1.7884991 1.5995988 
Gracom_Gcom_C541208_01                          0.8108569 0.8378364 0.8687086 1.0021216 0.8081049 0.7927511 0.7582640 0.7455251 0.8781869 0.8348792 0.8690956 1.0939213 1.0321944 1.1008002 1.0631203 0.8860880 1.0044537 0.9033159 0.9814035 1.2449953 0.2151044 0.2381515 0.0000000 0.2345617 0.4680456 0.9489277 1.0345402 1.0440065 1.0169079 1.0054829 1.2391196 1.2153903 1.2161257 0.9783530 1.3556452 1.3801455 1.3176027 1.3153587 1.2842030 1.2805333 1.4324035 1.2665531 1.7540248 1.7916774 2.2306786 1.8469081 1.8745280 1.9920873 1.8551120 1.7464311 1.6698694 1.8398177 
Lcom_lcpid60417                                 0.8615419 0.9020559 1.0084280 1.1021732 0.9406400 0.9328597 0.8777876 0.8640751 0.9762756 0.9549591 0.9933059 1.1626218 1.0885038 1.1829398 1.1269357 0.9384520 1.0414156 0.9725379 1.0661977 1.3484771 0.2017112 0.2167376 0.2345617 0.0000000 0.5318895 1.0375103 1.0176012 1.0084278 1.1121408 1.1102011 1.2584559 1.3837081 1.3603447 1.1839801 1.3745376 1.4089848 1.4216719 1.3612492 1.3627946 1.3425513 1.5294071 1.3814638 1.7700864 1.9711246 2.4712742 2.1284886 1.9208165 2.1084135 1.8436564 1.9298999 1.8111396 1.9883272 
Clacor_Ccor_scaffold6329_01                     0.7932149 0.7791092 0.8839279 0.9933774 0.9336466 0.9186937 0.8965008 0.8055717 0.8775113 0.9791843 1.0237499 1.1458531 1.1106409 1.1126135 1.1183015 0.7880940 0.8344662 0.8280591 0.7787916 1.2661116 0.4887540 0.5805323 0.4680456 0.5318895 0.0000000 1.0015281 1.0594313 0.9944467 1.0499737 1.0977917 1.3396504 1.3026615 1.1144081 0.9915374 1.3246355 1.3712845 1.2474441 1.2755570 1.2903335 1.3221970 1.3847095 1.2483469 1.7660544 1.7320445 1.9842651 1.7381249 1.8811093 1.8572183 1.8103671 1.7037935 1.7958421 1.9026225 
Skow_XM_002739172.2                             0.7058921 0.7262072 0.7619261 0.8728604 0.7747678 0.7692847 0.7736450 0.9071581 0.8353763 0.7902087 0.8180160 0.8825695 0.8474163 0.9032383 0.8870971 0.7977879 1.0042902 0.7201277 0.9275442 1.2472837 1.0539384 1.3261442 0.9489277 1.0375103 1.0015281 0.0000000 1.1050746 1.1456518 1.0497327 1.0183284 1.1638864 1.2671118 1.1210447 1.0001258 1.2263258 1.2525604 1.2320646 1.2433817 1.2571114 1.2496827 1.2752435 1.3571042 1.6049696 1.8522041 2.5636545 1.8967968 2.0869692 2.1218515 1.8177979 1.7543320 1.8768910 2.5053770 
Acaspe_EP00035_Acanthoeca_spectabilis_P031280   0.9839869 0.9665899 0.9538398 1.0294530 1.0534690 1.0540844 1.0687650 1.1649699 1.1359800 1.0733885 1.1304221 1.2865535 1.1113520 1.2458720 1.2772551 1.1698909 1.2341646 0.9316108 1.2518086 1.4473727 1.0610200 1.1643130 1.0345402 1.0176012 1.0594313 1.1050746 0.0000000 0.1953607 0.5676964 0.5890228 1.0933580 1.2974120 1.0043933 1.0645856 1.4962468 1.5473790 1.4926704 1.4946198 1.4523468 1.4445603 1.6876739 1.4361190 1.5666260 1.9024729 2.1619754 1.8833642 2.0627759 2.1746867 2.2208074 2.1011728 2.0033721 2.2983344 
Helnan_EP00037_Helgoeca_nana_P032323            0.9560972 0.9094345 1.0126879 1.0470065 1.0240230 1.0378205 1.0399949 1.1927536 1.1197118 1.0972629 1.1482752 1.3040186 1.2073599 1.2836358 1.3243025 1.1773576 1.2862338 0.9288969 1.2094043 1.4688167 1.0358865 1.2887185 1.0440065 1.0084278 0.9944467 1.1456518 0.1953607 0.0000000 0.5984545 0.6287313 1.0655808 1.2423403 0.9855853 1.0576841 1.5422677 1.5620349 1.5792497 1.5290930 1.5224446 1.5020917 1.7214434 1.4930174 1.6961073 1.9680202 2.3067084 1.9798453 2.2133185 2.2084800 2.1831228 2.0985505 2.2089321 2.2982980 
Didcos_EP00039_Didymoeca_costata_P026067        0.9716026 0.7672286 0.7798248 1.0169792 0.9298476 0.9336133 0.8780969 0.8832739 0.9743429 0.9489378 0.9736581 1.2061469 1.1024852 1.2223575 1.1635237 1.0003315 0.9968151 0.7884950 1.1991838 1.3498445 1.0116155 1.2421085 1.0169079 1.1121408 1.0499737 1.0497327 0.5676964 0.5984545 0.0000000 0.5301587 0.9239996 1.2585362 0.9787534 0.8396764 1.3887159 1.4006004 1.4291748 1.4278716 1.3513799 1.3775329 1.5562599 1.4397467 1.3364132 2.0226464 2.3273240 1.9855916 2.2038053 2.1646904 2.0520752 1.9872742 1.9512719 2.1358889 
Stedip_EP00041_Stephanoeca_diplocostata_P015475 1.0183292 0.8548777 0.8323731 0.9480850 0.8373806 0.8484386 0.8922672 1.0892832 0.9846436 0.9241625 0.9105186 1.2102254 1.1071397 1.1733538 1.1405908 0.9980597 1.0563063 0.8838345 1.2009943 1.2996285 1.0716650 1.3417601 1.0054829 1.1102011 1.0977917 1.0183284 0.5890228 0.6287313 0.5301587 0.0000000 0.7823352 1.2760329 1.0410925 0.9063263 1.3928704 1.4265783 1.3558137 1.3430630 1.3407664 1.3523840 1.4346534 1.3771303 1.5556793 1.9666402 2.3380351 1.8186775 2.1226436 2.0337380 1.9688761 1.8258653 2.0116053 2.2308204 
Diagra_EP00040_Diaphanoeca_grandis_P016947      1.1777281 1.0140399 1.0990270 1.2630910 0.9781287 0.9752828 0.9808799 1.0958582 1.0710009 1.0659033 1.0430105 1.3842822 1.2229297 1.3261317 1.3477456 1.0023762 1.2567488 1.2513419 1.4554906 1.5432460 1.1883951 1.5476289 1.2391196 1.2584559 1.3396504 1.1638864 1.0933580 1.0655808 0.9239996 0.7823352 0.0000000 1.2294158 1.1665636 1.1278226 1.5185530 1.5403409 1.7488472 1.7049068 1.6896822 1.6523667 1.6716649 1.5074315 1.9347329 1.9486714 2.5217783 1.8216421 2.1134895 1.9937192 1.9434691 1.8302169 1.8296467 2.0102462 
Mbre_EDQ92425                                   1.1844193 1.1088460 1.1910198 1.3085984 1.1707826 1.1520743 1.1827586 1.2386934 1.1934087 1.1668388 1.1666091 1.2359780 1.2531211 1.3095933 1.3644814 1.1954276 1.2759750 1.0915163 1.4589547 1.6861695 1.3834747 1.5053329 1.2153903 1.3837081 1.3026615 1.2671118 1.2974120 1.2423403 1.2585362 1.2760329 1.2294158 0.0000000 0.7794228 0.8170441 1.4558716 1.4825541 1.4824598 1.4821448 1.5190979 1.5159696 1.4079324 1.7306297 1.5292095 1.7979907 2.0979840 1.6622407 1.8982364 1.7714619 1.6539288 1.6612352 1.6340072 2.3022583 
Choper_EP00045_Choanoeca_perplexa_P017895       0.9943657 0.9564895 0.9480138 1.1012222 1.0077037 1.0148470 0.9838556 1.0680200 1.0102464 1.0522429 1.0591502 1.2553661 1.0878105 1.1709829 1.1673465 1.0617955 1.0599046 0.9653770 1.2633274 1.5544577 1.2502224 1.3157130 1.2161257 1.3603447 1.1144081 1.1210447 1.0043933 0.9855853 0.9787534 1.0410925 1.1665636 0.7794228 0.0000000 0.3434907 1.3870785 1.4762797 1.3710131 1.3957170 1.4245891 1.4238724 1.4344791 1.6344538 1.4087533 1.9150234 2.1939798 1.8609175 2.0685829 1.9646641 1.9435789 1.8528644 1.7784840 2.5321281 
Chofle_EP00730_Choanoeca_flexa_P007909          0.9454275 0.9625461 0.9074348 1.0125796 0.8652714 0.8749833 0.9129190 0.9335028 0.9258767 0.9571524 0.9938524 1.1624497 0.9889354 1.1154439 1.1013841 0.9072770 0.9831135 0.8341220 1.1666115 1.3454664 1.0618836 1.3165458 0.9783530 1.1839801 0.9915374 1.0001258 1.0645856 1.0576841 0.8396764 0.9063263 1.1278226 0.8170441 0.3434907 0.0000000 1.3267845 1.3411184 1.2175551 1.2750259 1.2937103 1.2900475 1.3348643 1.4416876 1.3682923 1.8089088 2.2176916 1.8013174 1.9701482 1.9234479 1.8893891 1.8278553 1.7232345 2.3303553 
Tadh_TriadT22637                                1.2199878 1.1241286 1.3095428 1.3921576 1.1752685 1.1530062 1.1840770 1.0541247 1.2209645 1.1695711 1.1664486 1.1690268 1.1453866 1.2299450 1.1303064 1.0691538 1.2536850 1.1599657 1.2218722 1.4341506 1.3099576 1.4391529 1.3556452 1.3745376 1.3246355 1.2263258 1.4962468 1.5422677 1.3887159 1.3928704 1.5185530 1.4558716 1.3870785 1.3267845 0.0000000 0.0031454 0.3228803 0.3086849 0.3586582 0.3586582 0.3674829 1.4549512 1.5257057 1.8163683 2.3456715 2.0102879 1.9639457 1.9849289 1.9162633 1.8432780 2.1185475 2.3381147 
TrH2_TrispH2_007503-RA                          1.2459038 1.1237840 1.3150419 1.4274637 1.1850305 1.1720479 1.2028147 1.0541247 1.2397662 1.1964532 1.1953310 1.2102483 1.1907931 1.2778034 1.1796067 1.1606449 1.3064285 1.1841553 1.2260903 1.4341506 1.3258059 1.4391529 1.3801455 1.4089848 1.3712845 1.2525604 1.5473790 1.5620349 1.4006004 1.4265783 1.5403409 1.4825541 1.4762797 1.3411184 0.0031454 0.0000000 0.3200048 0.3364398 0.3813123 0.3929841 0.3687936 1.4603917 1.5555418 1.8233917 2.3456715 2.0077756 1.9830653 1.9813784 1.9153828 1.8567147 2.1077287 2.3472095 
HoiH06_mRNA3322                                 1.2008593 1.0906783 1.1751392 1.2844457 1.1959557 1.1737860 1.1369596 1.0695233 1.1758005 1.1530423 1.1692267 1.1044808 1.0823211 1.1126068 1.0794765 1.0219263 1.3015445 1.1242776 1.0936404 1.0682221 1.3541048 1.4332588 1.3176027 1.4216719 1.2474441 1.2320646 1.4926704 1.5792497 1.4291748 1.3558137 1.7488472 1.4824598 1.3710131 1.2175551 0.3228803 0.3200048 0.0000000 0.0505898 0.1974279 0.1974279 0.1997572 1.3256875 1.6242627 1.7832270 2.3220187 1.9192760 1.9066025 1.8833474 1.8699801 1.7135665 2.1031873 2.2043559 
HoiH23_PlH23_002695-RA                          1.2389562 1.1098174 1.2110625 1.3031862 1.2106268 1.1932040 1.1518681 1.0827687 1.1910278 1.1719951 1.1961716 1.1025098 1.0886047 1.1218824 1.0681537 1.0999617 1.3132243 1.1720880 1.1898822 1.2501181 1.3282553 1.4184736 1.3153587 1.3612492 1.2755570 1.2433817 1.4946198 1.5290930 1.4278716 1.3430630 1.7049068 1.4821448 1.3957170 1.2750259 0.3086849 0.3364398 0.0505898 0.0000000 0.1995980 0.1972425 0.2105573 1.4499688 1.6458662 1.7829643 2.3201010 1.9426169 2.0550708 1.9498242 1.8971886 1.7010330 2.0542422 2.3514776 
Hhon_g07095.t1                                  1.2400918 1.0580065 1.1836269 1.2475098 1.1509001 1.1277777 1.1436702 1.0962664 1.1762713 1.2256190 1.2305556 1.1452319 1.1615153 1.2147085 1.1677956 1.0624658 1.2725645 1.1214080 1.2171152 1.3730990 1.2633251 1.3237705 1.2842030 1.3627946 1.2903335 1.2571114 1.4523468 1.5224446 1.3513799 1.3407664 1.6896822 1.5190979 1.4245891 1.2937103 0.3586582 0.3813123 0.1974279 0.1995980 0.0000000 0.0130754 0.2635318 1.3338697 1.6482512 1.7377501 2.2696583 1.9311204 2.0584179 1.9818452 1.9225702 1.7844419 1.9961741 2.3648418 
HoiH04_mRNA4093                                 1.2562886 1.1208659 1.1836269 1.2713661 1.1480772 1.1250896 1.1408398 1.0962664 1.1733101 1.2106001 1.2085570 1.1783367 1.1591015 1.2176658 1.1895682 1.0934034 1.2908276 1.1740519 1.2472032 1.3730990 1.2597593 1.3237705 1.2805333 1.3425513 1.3221970 1.2496827 1.4445603 1.5020917 1.3775329 1.3523840 1.6523667 1.5159696 1.4238724 1.2900475 0.3586582 0.3929841 0.1974279 0.1972425 0.0130754 0.0000000 0.2635318 1.3338697 1.7127964 1.7377501 2.2696583 1.9311204 2.0487942 1.9818452 1.9225702 1.7844419 1.9961741 2.4451188 
HoiH11_mRNA4382                                 1.2266984 1.1795514 1.2354582 1.3070300 1.2157683 1.1865169 1.1849655 1.0928188 1.1624152 1.2014707 1.1927986 1.2021995 1.2050273 1.2050532 1.1517751 1.0979950 1.3442903 1.1887321 1.3046335 1.1841067 1.4143169 1.5035070 1.4324035 1.5294071 1.3847095 1.2752435 1.6876739 1.7214434 1.5562599 1.4346534 1.6716649 1.4079324 1.4344791 1.3348643 0.3674829 0.3687936 0.1997572 0.2105573 0.2635318 0.2635318 0.0000000 1.4079133 1.7415833 1.8931601 2.2548513 2.1044262 1.8959187 1.8917754 1.8332326 1.7274031 1.9742174 2.3832687 
Cscu_XM_023376282.1                             1.2450515 1.0578081 1.1406182 1.2031671 1.1222473 1.1219315 1.1565513 1.2501289 1.2032098 1.1754686 1.1949931 1.3498234 1.4052184 1.3603419 1.3295289 1.2576493 1.4326293 1.3857605 1.0758581 1.3863673 1.3398498 1.6089464 1.2665531 1.3814638 1.2483469 1.3571042 1.4361190 1.4930174 1.4397467 1.3771303 1.5074315 1.7306297 1.6344538 1.4416876 1.4549512 1.4603917 1.3256875 1.4499688 1.3338697 1.3338697 1.4079133 0.0000000 2.1688407 2.0738024 2.5347052 2.2184106 2.2838923 2.2542240 2.2943854 2.2324024 2.0623786 2.4243144 
Salkve_EP00050_Salpingoeca_kvevrii_P014947      1.4775937 1.5164607 1.5536115 1.7455474 1.5005899 1.5129587 1.5144627 1.3751141 1.5931505 1.5897710 1.6247967 1.4914562 1.4448619 1.5158521 1.5363101 1.5142324 1.5582672 1.3537399 1.7495089 1.6213677 1.9267389 1.8239830 1.7540248 1.7700864 1.7660544 1.6049696 1.5666260 1.6961073 1.3364132 1.5556793 1.9347329 1.5292095 1.4087533 1.3682923 1.5257057 1.5555418 1.6242627 1.6458662 1.6482512 1.7127964 1.7415833 2.1688407 0.0000000 2.1435885 2.4613054 2.1912759 2.1335424 2.1511829 2.0645263 2.1314081 2.0964689 2.2470979 
Mlei_ML0359.g8.i1                               1.5041747 1.5869397 1.4178887 1.5388408 1.4443572 1.4188565 1.4333088 1.2885585 1.5720834 1.4236570 1.5029717 1.8548395 1.6526074 1.7763554 1.5420173 1.9350768 1.7302037 1.8308430 1.7449386 1.6013163 1.9286760 1.8789298 1.7916774 1.9711246 1.7320445 1.8522041 1.9024729 1.9680202 2.0226464 1.9666402 1.9486714 1.7979907 1.9150234 1.8089088 1.8163683 1.8233917 1.7832270 1.7829643 1.7377501 1.7377501 1.8931601 2.0738024 2.1435885 0.0000000 0.2479817 0.3913621 0.3849952 0.4531568 0.5530683 0.4985646 0.6040065 0.8053484 
Bolinf_Binf_sb1257716                           2.2323433 2.0935565 1.7464922 1.8962109 1.9759877 1.9835679 1.8442621 1.8389498 2.0871243 1.8847319 2.0216172 2.2299989 1.9098931 2.1653015 1.6543524 0.0000010 1.7577527 1.9399954 2.3259920 1.9603313 2.1787607 2.4343596 2.2306786 2.4712742 1.9842651 2.5636545 2.1619754 2.3067084 2.3273240 2.3380351 2.5217783 2.0979840 2.1939798 2.2176916 2.3456715 2.3456715 2.3220187 2.3201010 2.2696583 2.2696583 2.2548513 2.5347052 2.4613054 0.2479817 0.0000000 0.4843288 0.5715458 0.6296202 0.7735636 0.6271806 0.7916868 1.0595019 
Drygla_Dgla_sb296688                            1.5947383 1.6633370 1.5470445 1.7027563 1.5748624 1.5847828 1.5525398 1.3948693 1.7368498 1.5643626 1.6316764 1.9156054 1.7182088 1.8935835 1.8863516 2.0409917 1.8631894 1.7552545 1.8336170 1.8074019 2.0414310 1.8988192 1.8469081 2.1284886 1.7381249 1.8967968 1.8833642 1.9798453 1.9855916 1.8186775 1.8216421 1.6622407 1.8609175 1.8013174 2.0102879 2.0077756 1.9192760 1.9426169 1.9311204 1.9311204 2.1044262 2.2184106 2.1912759 0.3913621 0.4843288 0.0000000 0.4289124 0.4675176 0.6456504 0.5867881 0.6337329 0.8142405 
Horcal_Hcv1.av93.c7.g877.i1                     1.6094257 1.7487658 1.5185736 1.6899935 1.5863385 1.5709343 1.6246917 1.2771838 1.6912867 1.5707232 1.6359296 2.0236930 1.7577745 1.9415438 1.8270517 2.0620106 1.8242529 1.9276174 1.9001722 1.9277376 1.9957613 1.8086307 1.8745280 1.9208165 1.8811093 2.0869692 2.0627759 2.2133185 2.2038053 2.1226436 2.1134895 1.8982364 2.0685829 1.9701482 1.9639457 1.9830653 1.9066025 2.0550708 2.0584179 2.0487942 1.8959187 2.2838923 2.1335424 0.3849952 0.5715458 0.4289124 0.0000000 0.4749494 0.5510800 0.5340102 0.6360060 0.6284632 
Beraby_Baby_sb336103                            1.8313296 1.8063215 1.5679564 1.7248466 1.6339417 1.6105361 1.7268662 1.3888912 1.7568587 1.6468420 1.7424927 2.1818692 1.8763709 2.0483019 1.8374205 2.0059269 1.8041568 2.0061217 2.0363312 1.9939514 2.0932283 1.7886565 1.9920873 2.1084135 1.8572183 2.1218515 2.1746867 2.2084800 2.1646904 2.0337380 1.9937192 1.7714619 1.9646641 1.9234479 1.9849289 1.9813784 1.8833474 1.9498242 1.9818452 1.9818452 1.8917754 2.2542240 2.1511829 0.4531568 0.6296202 0.4675176 0.4749494 0.0000000 0.6692955 0.6184350 0.6775029 1.0120005 
Vmul_Simscaffold11586_01                        1.6131690 1.7325684 1.5673457 1.6963000 1.6525100 1.6349745 1.7211375 1.3040249 1.6878670 1.6232884 1.5995550 2.0332101 1.7605211 1.9254932 1.8519462 2.0560430 1.6939883 1.7108928 1.8220047 1.6042828 1.8049383 1.6722710 1.8551120 1.8436564 1.8103671 1.8177979 2.2208074 2.1831228 2.0520752 1.9688761 1.9434691 1.6539288 1.9435789 1.8893891 1.9162633 1.9153828 1.8699801 1.8971886 1.9225702 1.9225702 1.8332326 2.2943854 2.0645263 0.5530683 0.7735636 0.6456504 0.5510800 0.6692955 0.0000000 0.3222870 0.6570992 0.9379274 
Coemet_Cmet_scaffold17994_01                    1.7637316 1.6794762 1.4833339 1.6551130 1.6537654 1.6179833 1.5622035 1.2493618 1.6212528 1.5286376 1.5297633 1.9534608 1.6795351 1.8362927 1.7227151 1.9675247 1.6182167 1.6668193 1.8310149 1.6161537 1.8280012 1.7059596 1.7464311 1.9298999 1.7037935 1.7543320 2.1011728 2.0985505 1.9872742 1.8258653 1.8302169 1.6612352 1.8528644 1.8278553 1.8432780 1.8567147 1.7135665 1.7010330 1.7844419 1.7844419 1.7274031 2.2324024 2.1314081 0.4985646 0.6271806 0.5867881 0.5340102 0.6184350 0.3222870 0.0000000 0.6582834 1.0081123 
Eupdun_Edun_sb10627734                          1.6634284 1.6975655 1.4878233 1.5840035 1.5247801 1.4816410 1.5499906 1.4334307 1.7442594 1.5674859 1.6353967 2.0403639 1.8423007 2.0017336 1.8361555 1.6726460 1.5597799 1.7347138 1.7925027 1.7935803 1.9088571 1.7884991 1.6698694 1.8111396 1.7958421 1.8768910 2.0033721 2.2089321 1.9512719 2.0116053 1.8296467 1.6340072 1.7784840 1.7232345 2.1185475 2.1077287 2.1031873 2.0542422 1.9961741 1.9961741 1.9742174 2.0623786 2.0964689 0.6040065 0.7916868 0.6337329 0.6360060 0.6775029 0.6570992 0.6582834 0.0000000 0.9985602 
Pbac_sb2661078                                  1.9506192 1.8961224 1.6992629 2.0500664 1.7976221 1.7853304 1.7322984 1.3071534 1.8709313 1.8630222 1.8583932 2.0719661 2.2509701 2.3948129 2.2456389 2.1187720 1.9533319 2.0496146 1.7991332 2.2540946 1.8499614 1.5995988 1.8398177 1.9883272 1.9026225 2.5053770 2.2983344 2.2982980 2.1358889 2.2308204 2.0102462 2.3022583 2.5321281 2.3303553 2.3381147 2.3472095 2.2043559 2.3514776 2.3648418 2.4451188 2.3832687 2.4243144 2.2470979 0.8053484 1.0595019 0.8142405 0.6284632 1.0120005 0.9379274 1.0081123 0.9985602 0.0000000 
