78
Hsap_ENST00000264718                                    0.0000000 0.9784162 0.4349987 1.0228527 1.0559954 1.0303834 1.0342251 1.0200447 1.1483034 0.6647501 0.7099667 0.9298292 0.4800994 0.8885857 0.9983562 0.9758974 0.5532169 1.3049230 0.5424765 1.3185748 1.0061253 1.1631656 1.0668371 0.8312090 0.9396000 0.8527285 0.8619559 0.8517298 1.0181321 1.0792166 1.3101280 1.0250367 0.9230951 1.4372292 1.0280153 0.7625990 1.0203257 1.0832849 1.0577289 1.1184400 1.0788678 1.2061365 1.1322149 1.2952005 2.0652209 1.2313669 1.3321613 1.3880269 1.3097562 1.3042727 1.3817193 0.6613986 1.2008699 3.3635710 1.1632067 1.0375688 1.0147830 1.3734631 1.0187051 1.2903399 1.3310794 1.3286612 1.2875889 1.1954811 1.1354002 1.4016906 1.5016559 1.4643951 1.2778475 1.2566701 1.3423105 1.0080234 1.5232822 1.1074923 1.2637990 1.7004506 1.0234604 2.1700461 
Spur_XM_030977465.1                                     0.9784162 0.0000000 0.4324101 1.1320378 1.0838680 1.0667346 1.0287602 1.2498221 1.0646234 0.7914033 0.7820078 0.9292241 0.6088735 1.0600587 1.1376231 1.1095263 0.6846673 1.2209111 0.5851301 1.3176482 0.8100478 0.9485498 0.9290141 0.8164233 0.7616568 1.0035732 1.0433226 0.9013870 1.0019092 0.9988257 1.1759376 1.0056701 0.9796024 1.3280622 0.9716941 0.9419455 0.9419172 0.9799316 0.9120946 1.2140192 1.2309875 1.2778070 1.0376297 1.3655321 2.3200169 1.3290987 1.3736985 1.4128981 1.3617019 1.3783378 1.3391396 1.1406788 1.4474197 2.9123963 1.1963030 1.2684758 1.1835181 1.3465793 1.1203746 1.4605571 1.2249478 1.3545886 1.3181197 1.3964849 1.0141133 1.5257370 1.6244755 1.4719185 1.3698699 1.3977822 1.2060057 1.1204501 1.5769897 0.9823919 1.3707385 1.4523233 1.0612503 1.6013080 
Tadh_TriadT19709                                        0.4349987 0.4324101 0.0000000 0.0000010 0.0489458 0.0489458 0.0536527 0.0548718 0.1176151 0.4024176 0.4122901 0.4543912 0.4251671 0.4621023 0.5346184 0.4238072 0.7216549 0.7708990 0.6300116 0.7758117 0.5565731 0.5974488 0.5479785 0.4904946 0.4501171 0.4663897 0.5115223 0.4686911 0.6040000 0.5650460 0.5828190 0.5582675 0.5254029 0.6666129 0.5516752 0.5409535 0.5448553 0.5053564 0.5488686 0.5347352 0.5319367 0.5521012 0.6045140 0.6551554 0.8754963 0.6876830 0.6448159 0.6928588 0.6486872 0.6488292 0.6702608 0.4496955 0.6652991 1.3163113 0.6458848 0.5386914 0.5478047 0.6446090 0.5979027 0.5451740 0.6657573 0.6471758 0.6494527 0.6631572 0.6785470 0.6721193 0.7035417 0.5787001 0.6493247 0.5936689 0.5775635 0.6716030 0.7910977 0.7138969 0.6814121 0.6391999 0.4552550 0.9407104 
TrH2_TrispH2_007168-RA                                  1.0228527 1.1320378 0.0000010 0.0000000 0.2417190 0.2298271 0.2415999 0.2673047 0.2525225 0.6999595 0.7291723 1.0006058 0.5966272 1.0779184 1.2571268 1.1978293 0.8378321 1.6351065 0.8120892 1.5002638 1.1937749 1.3002987 1.2717857 1.0493835 0.9806540 1.0326888 1.0569687 0.9370005 1.0985547 1.1575397 1.3050495 1.1226219 1.1650157 1.6338118 1.1865792 0.9889669 1.2898379 1.0642724 0.9712787 1.0945744 1.2038308 1.2722728 1.2711024 1.4778336 2.4230469 1.3328959 1.4267215 1.4757653 1.3969408 1.3667817 1.4561813 0.9996770 1.4984600 3.6356393 1.1185961 1.2544067 1.1048619 1.4481418 1.2002484 1.3527070 1.3758927 1.2533118 1.2098325 1.4229776 1.1644656 1.3311224 1.5618636 1.4751185 1.3103570 1.3239056 1.3053134 1.3004133 1.5958694 1.2809659 1.3719402 1.9159711 1.2212545 2.2157982 
Hhon_g06817.t1                                          1.0559954 1.0838680 0.0489458 0.2417190 0.0000000 0.0057851 0.0826508 0.1621656 0.1123264 0.7250179 0.7723819 1.0018795 0.5703765 1.0562885 1.2803268 1.1938169 0.8377952 1.4467079 0.7755066 1.4350007 1.2497605 1.2472719 1.2699007 1.0826253 0.9656519 1.0571443 1.0807917 0.9018118 1.1573853 1.1272584 1.2974560 1.0834609 1.0740385 1.4536440 1.0905088 0.8953531 1.1681233 1.0343834 0.9946269 1.1089760 1.0899698 1.3034862 1.2729292 1.4846056 2.3820793 1.3621947 1.4822144 1.4585380 1.4112570 1.4448029 1.4086812 0.9588155 1.5196708 3.7441331 1.1921264 1.2897315 1.0824058 1.4006965 1.2030376 1.3253739 1.3889602 1.2873431 1.1831432 1.3759640 1.2176379 1.4185962 1.6090437 1.5531443 1.3325832 1.3572695 1.3248725 1.3384088 1.5839476 1.3785877 1.3915206 1.8023387 1.2654766 2.6546875 
HoiH04_mRNA13481                                        1.0303834 1.0667346 0.0489458 0.2298271 0.0057851 0.0000000 0.0714715 0.1602552 0.0975468 0.7242598 0.7716929 0.9811405 0.5703765 1.0283598 1.2660681 1.1915537 0.8377952 1.4668690 0.7755066 1.4554046 1.2188058 1.2307173 1.2515441 1.0711204 0.9846278 1.0575344 1.0812307 0.9234277 1.1636641 1.1336971 1.3069710 1.0834389 1.0787779 1.4721064 1.0981960 0.8953531 1.1555378 1.0294215 0.9839771 1.0999225 1.0766235 1.2870798 1.2613651 1.4650998 2.3626788 1.3548230 1.4806470 1.4378341 1.3813426 1.4202405 1.4150040 0.9588155 1.4885941 3.6710913 1.1999887 1.2827991 1.0747409 1.3633528 1.1935528 1.3279868 1.3595064 1.2570507 1.1825358 1.3893763 1.1738748 1.4195107 1.6113625 1.5652897 1.3213286 1.3451272 1.2999873 1.3389097 1.5889993 1.3351289 1.3683916 1.8306600 1.2634649 2.4942116 
HoiH23_PlH23_003970-RA                                  1.0342251 1.0287602 0.0536527 0.2415999 0.0826508 0.0714715 0.0000000 0.1492071 0.0721570 0.7207099 0.7635346 0.9837817 0.5400518 1.0180326 1.2125884 1.1602586 0.8667357 1.4588076 0.8128618 1.4900045 1.1561775 1.2096970 1.1976487 1.0783822 0.9708646 1.0677469 1.0913608 0.9660342 1.1450899 1.1100066 1.2675447 1.0883588 1.0896740 1.5250847 1.1524485 0.8755685 1.1216336 1.0139208 1.0196366 1.1098532 1.0685813 1.2685186 1.2305441 1.4573605 2.3877640 1.3410853 1.4910233 1.4122239 1.3822120 1.4014834 1.4505106 0.8762758 1.5212863 4.0575397 1.2641363 1.2888929 1.0829173 1.3409094 1.2242246 1.3121721 1.3544690 1.2312387 1.2165480 1.3639572 1.1579458 1.4048348 1.5346662 1.5979085 1.3582527 1.3401551 1.2796797 1.3439125 1.6207073 1.3649857 1.3905340 1.9459186 1.2193024 2.5163402 
HoiH11_mRNA6137                                         1.0200447 1.2498221 0.0548718 0.2673047 0.1621656 0.1602552 0.1492071 0.0000000 0.1919778 0.7233314 0.8040717 1.0446093 0.5871841 1.1864508 1.3942518 1.0663167 0.8911831 1.4913607 0.8522078 1.4592016 1.2593742 1.2834264 1.2941525 1.0809829 1.0464713 1.1278542 1.1511421 0.9440441 1.2475234 1.2096235 1.4356503 1.1757745 1.2104575 1.6567980 1.1878606 0.9360148 1.2465062 1.0942110 1.0939708 1.1393636 1.1601548 1.3066161 1.3027389 1.4796013 2.5301697 1.3673862 1.5259209 1.5225677 1.4561405 1.4805804 1.4964200 0.9808083 1.5979593 4.2153369 1.2291055 1.2071060 1.1315710 1.3457884 1.1543007 1.3430412 1.3607091 1.2052128 1.1633383 1.3071126 1.1917132 1.3081711 1.5086525 1.3755432 1.3611150 1.3358410 1.3317957 1.2966379 1.6475196 1.4699624 1.4164349 1.8326932 1.3633743 2.3698412 
HoiH06_mRNA12326                                        1.1483034 1.0646234 0.1176151 0.2525225 0.1123264 0.0975468 0.0721570 0.1919778 0.0000000 0.9411834 0.9067641 1.1305388 0.5574687 1.0501215 1.3059344 1.2274957 0.8169122 1.5160179 0.7550273 1.5820210 1.1969682 1.2286351 1.2100627 1.0608176 1.1263391 1.2374753 1.2598896 1.0576492 1.3160890 1.1497523 1.3627057 1.1532321 1.1180453 1.6966599 1.1608542 0.8423016 1.1381988 1.1769441 1.1763221 1.1297181 1.2078560 1.2741877 1.3180292 1.5253970 2.3575759 1.5624805 1.6187367 1.5199322 1.5246342 1.5540633 1.6044181 0.9000218 1.7127940 3.9965687 1.5052769 1.3554790 1.1334666 1.4766640 1.3564979 1.3406200 1.3987202 1.3572596 1.3396572 1.2751319 1.2718332 1.4074470 1.5568595 1.7806701 1.3142454 1.2922587 1.2693627 1.4284165 1.6457048 1.3407001 1.4482765 1.9526503 1.1428380 2.5193728 
Emue_Em0020g222a.t1                                     0.6647501 0.7914033 0.4024176 0.6999595 0.7250179 0.7242598 0.7207099 0.7233314 0.9411834 0.0000000 0.0943579 0.5411695 0.3650243 0.6274063 0.8432602 0.7639276 0.5036554 1.0758900 0.5014542 1.0463334 0.8278344 0.9303702 0.8677804 0.7535905 0.6838074 0.6084166 0.6481374 0.6002747 0.7269862 0.7130440 0.8322086 0.6893519 0.6312162 0.8492199 0.6320646 0.5435587 0.7957834 0.7452359 0.7103127 0.7808074 0.6799745 0.8697113 0.8461818 1.1239689 2.4193046 1.1626390 1.0855539 1.1430958 1.0991598 1.1804190 1.2184810 0.3588572 1.1056035 4.7687032 1.0106387 0.9476402 0.9435842 0.9897567 1.0379249 1.0042571 1.0654156 1.0674745 1.1612013 1.1647035 1.0560124 1.1861842 1.1682871 1.2355078 1.0029442 1.0486535 0.9491450 0.9519856 1.3183872 1.1768057 1.2024197 1.2554085 0.8085375 1.3345197 
Spolac_c95896_g1_i1_m.12204c95896-g1                    0.7099667 0.7820078 0.4122901 0.7291723 0.7723819 0.7716929 0.7635346 0.8040717 0.9067641 0.0943579 0.0000000 0.5825404 0.4691253 0.7063160 0.8326584 0.7553096 0.6031285 1.0841258 0.6479018 1.0478101 0.8478459 0.9429732 0.8377241 0.7604854 0.7573566 0.6339850 0.6702764 0.6938383 0.7556132 0.7262212 0.8419178 0.7171885 0.6776100 0.8915300 0.6313101 0.6176970 0.8087742 0.8349887 0.8011009 0.8487264 0.7300381 0.9246644 0.9488689 1.1758411 2.0071399 1.1305730 1.1729005 1.2514448 1.2412934 1.2556041 1.2417833 0.7768763 1.2083250 3.3287080 0.9807646 1.0102453 0.9716042 1.0489265 1.0498181 1.0355836 1.0965482 1.1838459 1.1815157 1.2699576 1.1175918 1.2475506 1.3189459 1.2765736 1.1628379 1.2268809 1.0702319 1.0410548 1.3325382 1.0420579 1.1879650 1.0485277 0.8288990 1.0045769 
Xestes_maker-XT_scaffold6019-augustus-gene-0.23-mRNA-1  0.9298292 0.9292241 0.4543912 1.0006058 1.0018795 0.9811405 0.9837817 1.0446093 1.1305388 0.5411695 0.5825404 0.0000000 0.5315592 0.8249359 1.0545986 0.8850491 0.6540011 1.2819445 0.6760915 1.1761041 0.9203374 1.1267510 1.1249170 0.8504669 0.9522893 0.7814322 0.8180508 0.8119223 1.0250360 0.9158614 1.0362156 0.9053220 0.9731570 1.3516793 0.9369102 0.7187688 1.1316048 0.9883547 0.8708559 0.6891566 0.6411272 1.1900365 1.1217080 1.2715933 2.0528596 1.2357424 1.2814320 1.3303852 1.2812968 1.2347963 1.3570271 1.0322835 1.3887146 2.8220464 1.1391236 1.1676120 1.0015194 1.2287060 1.0379389 1.4034767 1.2444228 1.2618446 1.1268942 1.3879706 1.2560377 1.4798973 1.4358973 1.4484938 1.1968750 1.2764144 1.2794084 1.1012088 1.4758784 0.9548310 1.2264442 1.4452128 1.1370482 1.2319604 
Plespi_Pspi_scaffold14020_01                            0.4800994 0.6088735 0.4251671 0.5966272 0.5703765 0.5703765 0.5400518 0.5871841 0.5574687 0.3650243 0.4691253 0.5315592 0.0000000 0.4809466 0.5549435 0.5319368 0.7474783 0.8815854 0.8006118 0.7371185 0.5718220 0.6648220 0.6453104 0.5841233 0.5394416 0.4443626 0.4443626 0.4994999 0.5733357 0.6115754 0.7128774 0.5726648 0.5733982 0.7488880 0.5823504 0.6055219 0.6202529 0.5786335 0.6006083 0.6333366 0.7335004 0.6675608 0.7622624 0.7296451 0.5806121 0.6338392 0.7482949 0.8631852 0.7392354 0.7767251 0.8152803 1.0635957 0.7809012 0.9063419 0.5950673 0.7436789 0.8115830 0.7939867 0.7723772 0.9008043 0.9690266 0.8414065 0.8852712 1.0510666 0.9833530 1.0144284 1.1098337 0.8672235 0.9718639 0.8390815 0.7225610 0.7551803 1.0426236 0.4944769 0.7102149 0.3868797 0.5861302 0.3445689 
Plajan_Pjan_scaffold19507_01                            0.8885857 1.0600587 0.4621023 1.0779184 1.0562885 1.0283598 1.0180326 1.1864508 1.0501215 0.6274063 0.7063160 0.8249359 0.4809466 0.0000000 1.0989596 1.1024516 0.6662150 1.4595668 0.6188607 1.3825495 0.9379079 0.9555459 1.0016032 0.8329928 0.8993240 0.6407931 0.6618895 0.7937401 0.9676323 0.9578891 1.1068673 0.9142927 1.0182824 1.3222087 1.0105919 0.8177135 1.2106761 0.9810054 0.9134625 1.1341008 1.1351526 1.0715368 1.1241393 1.4043876 2.5400342 1.3680495 1.4286342 1.5897469 1.3567932 1.4144827 1.5027786 0.8883814 1.3767446 3.1915498 1.0545741 1.2554314 1.1304386 1.3394402 1.2228181 1.3166219 1.4108615 1.3538427 1.4262908 1.4500255 1.1533120 1.4748739 1.5834942 1.5968320 1.4869199 1.4156488 1.1994683 1.2687845 1.5258535 1.0774910 1.2887308 1.6337412 0.9913875 2.0140774 
Cgig_XM_011430001.3                                     0.9983562 1.1376231 0.5346184 1.2571268 1.2803268 1.2660681 1.2125884 1.3942518 1.3059344 0.8432602 0.8326584 1.0545986 0.5549435 1.0989596 0.0000000 1.0396706 0.5796253 1.3700480 0.5735450 1.4714495 0.9517029 1.1358509 1.0598167 0.8816714 0.8134310 0.9859139 1.0230075 0.9075634 0.9662924 0.9963692 1.1370281 0.9737551 0.9625943 1.3798573 1.0099962 0.9086357 1.0132685 1.0369335 0.9673822 1.2062772 1.1619488 1.2347552 1.1674230 1.4857843 2.6566684 1.3003011 1.4699661 1.5328491 1.4779631 1.4037957 1.3430619 0.8532242 1.5281364 4.3073216 1.1598614 1.3505176 1.1759279 1.2870320 1.2473796 1.4547217 1.3416337 1.4539364 1.3647175 1.4640312 1.2166241 1.5069880 1.4046378 1.2808720 1.4285343 1.4082147 1.2747398 1.1709129 1.6898789 0.9151624 1.2316599 1.8534240 1.1228350 2.2830780 
Acagra_model.g23675.t1                                  0.9758974 1.1095263 0.4238072 1.1978293 1.1938169 1.1915537 1.1602586 1.0663167 1.2274957 0.7639276 0.7553096 0.8850491 0.5319368 1.1024516 1.0396706 0.0000000 0.5177730 1.3706165 0.5624967 1.3331657 1.1182563 1.2021560 1.1533949 0.9543304 1.0142807 1.0709543 1.0875520 0.9702301 1.0924102 1.0708669 1.2894900 1.0966976 1.0561275 1.5096567 1.0512041 0.8070022 1.0950804 1.0518700 1.1826195 1.2136538 1.0703591 1.2860147 1.2062969 1.3188162 2.1499338 1.2497608 1.3903601 1.3448797 1.2997121 1.3823027 1.4414769 0.7814607 1.3621295 3.2977047 1.2049453 1.0820013 1.0723218 1.4524412 1.0367401 1.4124344 1.3471402 1.4607911 1.4454018 1.2550147 1.1088315 1.3784058 1.3665380 1.5232985 1.3149991 1.2745141 1.5952355 1.1147191 1.7031169 1.2057278 1.3797958 1.5816482 1.1509763 2.3703437 
Scil_scict004802.1                                      0.5532169 0.6846673 0.7216549 0.8378321 0.8377952 0.8377952 0.8667357 0.8911831 0.8169122 0.5036554 0.6031285 0.6540011 0.7474783 0.6662150 0.5796253 0.5177730 0.0000000 0.2093245 0.1511335 0.1923387 0.6065739 0.6499995 0.5819735 0.5662858 0.6435601 0.6496107 0.6585698 0.5953731 0.6343930 0.6120167 0.7187778 0.5937425 0.5160204 0.8176042 0.6093376 0.5911113 0.5443795 0.7023446 0.6930820 0.7696885 0.8595549 0.6504666 0.6701900 0.8069569 0.6478907 0.7253366 0.8140312 0.7834597 0.7940785 0.8272178 0.8587677 0.9328477 0.8363421 1.0487854 0.7594720 0.7109196 0.8783019 0.8581126 0.7770317 0.8916246 0.7089710 0.9107151 0.9452712 0.7351726 1.0244965 1.1569489 1.1720428 0.9972250 1.0577555 0.7644058 0.8169021 0.8149117 0.8033535 0.5011360 0.6801708 0.2304438 0.6758891 0.6915488 
Lcom_lcpid103596                                        1.3049230 1.2209111 0.7708990 1.6351065 1.4467079 1.4668690 1.4588076 1.4913607 1.5160179 1.0758900 1.0841258 1.2819445 0.8815854 1.4595668 1.3700480 1.3706165 0.2093245 0.0000000 0.1051324 0.3225778 1.2571447 1.3697463 1.2911493 1.1228387 1.3400479 1.2481207 1.2662415 1.2547001 1.3187629 1.2195347 1.4763030 1.1511670 1.1311765 1.6033818 1.1669746 0.9378833 1.1224121 1.1878565 1.1631226 1.4582490 1.2729233 1.3240076 1.1549530 1.4910767 2.1920039 1.4572050 1.5198551 1.5338491 1.4520356 1.5191973 1.4555526 1.0498648 1.4925484 3.4599982 1.6340420 1.4004206 1.2948281 1.5235561 1.3465978 1.5532873 1.1928571 1.5426337 1.5612027 1.3015006 1.3395903 1.7238732 1.7509635 1.6028411 1.5649394 1.3977524 1.6117198 1.2456613 1.4567976 1.4800817 1.4246859 0.9242307 1.4918794 3.2981902 
Leuniv_Lniv_C761306_01                                  0.5424765 0.5851301 0.6300116 0.8120892 0.7755066 0.7755066 0.8128618 0.8522078 0.7550273 0.5014542 0.6479018 0.6760915 0.8006118 0.6188607 0.5735450 0.5624967 0.1511335 0.1051324 0.0000000 0.1424581 0.5831990 0.6099857 0.5499540 0.5858582 0.5946315 0.7494047 0.7494047 0.5944071 0.5756083 0.6014124 0.7145141 0.5903145 0.4917853 0.8932763 0.5950619 0.5612658 0.4827335 0.6670306 0.6932292 0.8575664 0.8297607 0.6047724 0.5549058 0.8662720 0.1517139 0.7153268 0.8877453 0.8883060 0.7449587 0.8134820 0.7762529 0.9237091 0.7627257 7.3034024 0.6969681 0.6490626 0.8305852 0.7211395 0.7532205 0.8861409 0.5979768 0.8100871 0.8781637 0.6880578 0.9856870 1.0381476 1.1167085 0.8640914 1.0583590 0.7806893 0.7086738 0.7500185 0.8147328 0.2780943 0.6535155 0.0897752 0.6110309 0.0000010 
Gracom_Gcom_C556516_01                                  1.3185748 1.3176482 0.7758117 1.5002638 1.4350007 1.4554046 1.4900045 1.4592016 1.5820210 1.0463334 1.0478101 1.1761041 0.7371185 1.3825495 1.4714495 1.3331657 0.1923387 0.3225778 0.1424581 0.0000000 1.3035520 1.3693525 1.2619779 1.1269628 1.3336141 1.2640965 1.2945828 1.2663254 1.3828028 1.3069883 1.5986486 1.2853043 1.2079901 1.7275908 1.2509522 0.9594193 1.1575859 1.2684126 1.2215513 1.3274173 1.2297843 1.3379876 1.2727768 1.4079356 2.0752153 1.4241598 1.5998394 1.4885899 1.4664672 1.5724260 1.5871319 1.0995421 1.6040458 3.4412168 1.5873565 1.3991325 1.3374234 1.6597734 1.4107098 1.6021389 1.3646826 1.6236803 1.5904647 1.3184220 1.3391878 1.7122909 1.7722319 1.6476572 1.5984096 1.4690800 1.6612701 1.2746170 1.7088609 1.4895963 1.3680458 0.8729322 1.6601942 3.3137693 
Aaur_scaffold154.g4.t1                                  1.0061253 0.8100478 0.5565731 1.1937749 1.2497605 1.2188058 1.1561775 1.2593742 1.1969682 0.8278344 0.8478459 0.9203374 0.5718220 0.9379079 0.9517029 1.1182563 0.6065739 1.2571447 0.5831990 1.3035520 0.0000000 0.3696348 0.2954370 0.3846405 0.9020868 1.0251862 1.0640463 0.7865857 0.9468652 0.7545840 0.8959639 0.8041223 0.8358862 1.2146539 0.8689871 0.6010431 0.8097888 0.9924645 0.8979613 1.2461204 1.1513009 1.1806138 0.8664718 1.4354557 2.5710246 1.3434440 1.3499064 1.5059995 1.4558729 1.3702317 1.5164857 1.1577092 1.5601692 3.4032713 1.2173415 1.2433262 1.2783838 1.3932174 1.3173973 1.5398429 1.4483251 1.3801442 1.4815889 1.5252567 1.2273851 1.7433782 1.6210472 1.7644140 1.3578983 1.4430006 1.2836076 1.0663125 1.6618424 1.1143175 1.2017927 1.4799789 1.1522302 2.0232673 
Nemnom_g9143.t1                                         1.1631656 0.9485498 0.5974488 1.3002987 1.2472719 1.2307173 1.2096970 1.2834264 1.2286351 0.9303702 0.9429732 1.1267510 0.6648220 0.9555459 1.1358509 1.2021560 0.6499995 1.3697463 0.6099857 1.3693525 0.3696348 0.0000000 0.2281968 0.5352804 0.9651635 0.9923200 1.0361845 0.8969328 0.9012495 0.8896695 1.0416344 0.8894279 0.9220984 1.3037606 0.9822344 0.6931181 0.9028284 1.0325706 0.9932691 1.2859549 1.2148444 1.2893204 0.9871158 1.5064216 2.8250086 1.4133121 1.4561249 1.6085099 1.4946141 1.5241287 1.5986918 1.0778197 1.5648477 4.1147039 1.3361176 1.3393160 1.3069352 1.4916695 1.2990102 1.7416553 1.5305208 1.4107668 1.5020662 1.5491202 1.2879592 1.7495374 1.8312515 1.7438796 1.5978301 1.4257352 1.5023081 1.0464205 1.6904908 1.2328467 1.2748027 1.6169043 1.3018197 2.3882954 
Rhoesc_Res_014107-T1                                    1.0668371 0.9290141 0.5479785 1.2717857 1.2699007 1.2515441 1.1976487 1.2941525 1.2100627 0.8677804 0.8377241 1.1249170 0.6453104 1.0016032 1.0598167 1.1533949 0.5819735 1.2911493 0.5499540 1.2619779 0.2954370 0.2281968 0.0000000 0.5134053 0.9311289 0.9189004 0.9623651 0.8315240 0.8848898 0.8476961 1.0070428 0.8412695 0.9175207 1.2197472 0.8888018 0.6909645 0.8244539 1.0412993 0.9518569 1.2217343 1.1598063 1.1977213 1.0054109 1.5091359 2.8474765 1.4060615 1.4094464 1.5990793 1.4594655 1.4842914 1.5558090 1.0074524 1.5781743 4.2191099 1.3204578 1.2394342 1.3314660 1.5243260 1.3382125 1.7737614 1.4881156 1.4671601 1.4844243 1.5216761 1.2109454 1.8831019 1.8842699 1.7507513 1.5454923 1.5171324 1.4696881 1.0865543 1.8011843 1.2141820 1.2182089 1.5123018 1.3699354 2.3658732 
Sanmal_Sma_013045-T1                                    0.8312090 0.8164233 0.4904946 1.0493835 1.0826253 1.0711204 1.0783822 1.0809829 1.0608176 0.7535905 0.7604854 0.8504669 0.5841233 0.8329928 0.8816714 0.9543304 0.5662858 1.1228387 0.5858582 1.1269628 0.3846405 0.5352804 0.5134053 0.0000000 0.7675886 0.8775048 0.9245127 0.6516179 0.7649064 0.7806845 0.9226631 0.7969101 0.7678028 1.0865734 0.8169089 0.6705529 0.8244350 0.9044780 0.8663269 1.1141727 1.0221027 1.0717189 0.8535898 1.2279577 1.8258049 1.1640003 1.0889564 1.3198690 1.2534102 1.3679242 1.3270019 0.9921015 1.3159781 2.5690493 1.0039799 1.1374764 1.2113628 1.4059675 1.1131167 1.3329308 1.2063601 1.3247536 1.3368617 1.4475801 1.0669501 1.3192462 1.3336930 1.3673306 1.2513079 1.2824126 1.1633176 1.0534811 1.3925600 1.0700575 1.0688295 1.2226544 0.9397022 1.5655914 
Skow_XM_006822704.1                                     0.9396000 0.7616568 0.4501171 0.9806540 0.9656519 0.9846278 0.9708646 1.0464713 1.1263391 0.6838074 0.7573566 0.9522893 0.5394416 0.8993240 0.8134310 1.0142807 0.6435601 1.3400479 0.5946315 1.3336141 0.9020868 0.9651635 0.9311289 0.7675886 0.0000000 0.8368460 0.8503196 0.7077057 0.8030176 0.8337018 0.9397772 0.8110461 0.7970701 1.0879400 0.8566902 0.7628638 0.8659264 0.9398120 0.9035553 1.0375232 0.9433562 1.0557473 1.0333444 1.2920353 1.9503960 1.2079642 1.3280412 1.4384563 1.3584852 1.3518375 1.4060499 0.8619352 1.3739688 2.3989936 1.0981159 1.2308597 1.1346466 1.3177758 1.1772587 1.2222581 1.2499016 1.3238486 1.3739564 1.2265920 1.2077573 1.4535519 1.5206275 1.5977048 1.2128685 1.1505378 1.0525654 1.0923492 1.6647302 0.8941080 1.3344462 1.6042180 1.0692154 1.8295830 
Ocar_g2853                                              0.8527285 1.0035732 0.4663897 1.0326888 1.0571443 1.0575344 1.0677469 1.1278542 1.2374753 0.6084166 0.6339850 0.7814322 0.4443626 0.6407931 0.9859139 1.0709543 0.6496107 1.2481207 0.7494047 1.2640965 1.0251862 0.9923200 0.9189004 0.8775048 0.8368460 0.0000000 0.0000010 0.8153620 0.9174740 0.8824689 1.0110596 0.8948901 0.8457372 1.1244464 0.8600331 0.7513466 1.0629757 0.8891253 0.8709366 0.9686951 0.8448204 1.0354159 1.1424799 1.3882627 2.3677642 1.2898974 1.4428751 1.4645697 1.3812261 1.4511151 1.4537113 0.8206215 1.3728514 4.0464300 1.0559251 1.2122928 1.0915607 1.3113784 1.1925464 1.2437277 1.1902437 1.2381500 1.3069660 1.1223904 1.1490614 1.2690745 1.4485680 1.6548602 1.2260983 1.2029665 1.2936308 1.3167097 1.6385351 1.1660889 1.3970387 1.6995309 1.0180187 1.7357813 
Opea_EP00118_Oscarella_pearsei_P027762                  0.8619559 1.0433226 0.5115223 1.0569687 1.0807917 1.0812307 1.0913608 1.1511421 1.2598896 0.6481374 0.6702764 0.8180508 0.4443626 0.6618895 1.0230075 1.0875520 0.6585698 1.2662415 0.7494047 1.2945828 1.0640463 1.0361845 0.9623651 0.9245127 0.8503196 0.0000010 0.0000000 0.8567042 0.9576681 0.9251692 1.0585211 0.9323278 0.8920726 1.1757381 0.9037195 0.8059254 1.1018468 0.9561132 0.9359579 1.0023733 0.8754693 1.0860839 1.1639155 1.4312065 2.3971768 1.3358203 1.4804601 1.5168063 1.4296674 1.5047419 1.5030537 0.8206215 1.4046704 4.0144722 1.1168525 1.2646720 1.1258406 1.3673222 1.2241315 1.2656374 1.2276277 1.2714972 1.3588488 1.1782942 1.1848801 1.3431618 1.5079755 1.6987850 1.2810845 1.2569351 1.3686778 1.3565047 1.6460611 1.1561665 1.3915063 1.7049253 1.0635381 1.7285252 
Exapal_XM_021048994.2                                   0.8517298 0.9013870 0.4686911 0.9370005 0.9018118 0.9234277 0.9660342 0.9440441 1.0576492 0.6002747 0.6938383 0.8119223 0.4994999 0.7937401 0.9075634 0.9702301 0.5953731 1.2547001 0.5944071 1.2663254 0.7865857 0.8969328 0.8315240 0.6516179 0.7077057 0.8153620 0.8567042 0.0000000 0.5689135 0.5961663 0.6916771 0.6012473 0.5458314 0.7518638 0.5582628 0.4884858 0.8270663 0.8649216 0.8296305 1.0382957 1.0261514 1.0351499 0.9819469 1.2256886 2.2017868 1.2717554 1.3327684 1.3387499 1.2703243 1.3519971 1.2821283 0.7739085 1.3420442 2.5172485 1.1056284 1.0714114 1.1200459 1.2664696 1.1173950 1.1639644 1.2878378 1.2034796 1.3352637 1.1953761 1.0467902 1.2396059 1.2957393 1.2776013 1.0848357 1.1322414 1.1222554 0.9498155 1.7287574 1.2665482 1.2447139 1.2250598 0.9547316 1.8343439 
Nvec_v1g162906                                          1.0181321 1.0019092 0.6040000 1.0985547 1.1573853 1.1636641 1.1450899 1.2475234 1.3160890 0.7269862 0.7556132 1.0250360 0.5733357 0.9676323 0.9662924 1.0924102 0.6343930 1.3187629 0.5756083 1.3828028 0.9468652 0.9012495 0.8848898 0.7649064 0.8030176 0.9174740 0.9576681 0.5689135 0.0000000 0.6573551 0.7557108 0.6491468 0.5720127 0.8211450 0.6155433 0.5499920 0.8959567 0.8868806 0.9340761 0.9417109 0.9952368 1.1120225 1.1448118 1.5352886 2.4310483 1.4069078 1.4827049 1.4932090 1.6061531 1.6205662 1.5654329 0.6877936 1.4540209 3.5995365 1.2011122 1.1905310 1.0878645 1.3408205 1.0918908 1.3632103 1.3521047 1.4890053 1.4554355 1.3031945 1.2528703 1.4598665 1.4360141 1.4578037 1.1369134 1.2669723 1.2293816 1.1029164 1.7538049 1.1608658 1.4402629 1.7333162 1.0751537 2.1577614 
Adig_XM_015906874.1                                     1.0792166 0.9988257 0.5650460 1.1575397 1.1272584 1.1336971 1.1100066 1.2096235 1.1497523 0.7130440 0.7262212 0.9158614 0.6115754 0.9578891 0.9963692 1.0708669 0.6120167 1.2195347 0.6014124 1.3069883 0.7545840 0.8896695 0.8476961 0.7806845 0.8337018 0.8824689 0.9251692 0.5961663 0.6573551 0.0000000 0.0094206 0.1911384 0.2268479 0.3480876 0.2420100 0.2594326 1.0063546 0.7794913 0.7230838 1.1277764 1.0559530 1.2755217 1.0762304 1.3707463 1.9920275 1.1730004 1.2331473 1.3259101 1.2231230 1.3470681 1.3172955 0.9358238 1.4263911 2.3862448 1.1433046 1.2168017 1.2108403 1.4934115 1.1558059 1.3202938 1.3299881 1.4786807 1.4045000 1.3060409 1.0854902 1.4802130 1.5106162 1.5617204 1.2911508 1.3793232 1.1380822 1.1076082 1.6096246 1.1030925 1.2489031 1.3574811 1.1388458 1.7368782 
Amil_Amillepora14318-RA                                 1.3101280 1.1759376 0.5828190 1.3050495 1.2974560 1.3069710 1.2675447 1.4356503 1.3627057 0.8322086 0.8419178 1.0362156 0.7128774 1.1068673 1.1370281 1.2894900 0.7187778 1.4763030 0.7145141 1.5986486 0.8959639 1.0416344 1.0070428 0.9226631 0.9397772 1.0110596 1.0585211 0.6916771 0.7557108 0.0094206 0.0000000 0.2159215 0.2623433 0.3486042 0.2710841 0.3091948 1.1842098 0.8858769 0.7911424 1.2885783 1.1795884 1.4669474 1.3208447 1.6071618 2.5916245 1.3433417 1.4264966 1.5337833 1.4347157 1.5652984 1.5424357 0.9635523 1.7009951 2.4271886 1.3321351 1.4675583 1.3973880 1.7165071 1.3261239 1.5060077 1.5749050 1.7741301 1.6667526 1.5312336 1.2204080 1.7842824 1.7945208 1.8380932 1.4718707 1.5736938 1.3005583 1.3967795 1.8487048 1.3827604 1.4886015 1.8793773 1.4090894 1.7451522 
Gfas_gfas1.m1.9647.m1                                   1.0250367 1.0056701 0.5582675 1.1226219 1.0834609 1.0834389 1.0883588 1.1757745 1.1532321 0.6893519 0.7171885 0.9053220 0.5726648 0.9142927 0.9737551 1.0966976 0.5937425 1.1511670 0.5903145 1.2853043 0.8041223 0.8894279 0.8412695 0.7969101 0.8110461 0.8948901 0.9323278 0.6012473 0.6491468 0.1911384 0.2159215 0.0000000 0.1988157 0.2820560 0.2119297 0.2401629 0.9252328 0.7935353 0.7207212 1.0485484 1.0073922 1.1456347 1.1019199 1.3237924 2.0612414 1.1942380 1.2605339 1.3303116 1.2397454 1.3989724 1.3152159 0.7769227 1.2727107 2.7767989 1.1889441 1.2013999 1.1628503 1.4166232 1.1843491 1.2553957 1.2757242 1.3859203 1.3389655 1.2339556 0.9951704 1.4099089 1.4184954 1.5153566 1.2036384 1.3182901 1.1028515 1.0914727 1.6343230 1.0011199 1.2758490 1.4116084 1.0147581 1.9176868 
Fspp_ffun1.m4.18762.m1                                  0.9230951 0.9796024 0.5254029 1.1650157 1.0740385 1.0787779 1.0896740 1.2104575 1.1180453 0.6312162 0.6776100 0.9731570 0.5733982 1.0182824 0.9625943 1.0561275 0.5160204 1.1311765 0.4917853 1.2079901 0.8358862 0.9220984 0.9175207 0.7678028 0.7970701 0.8457372 0.8920726 0.5458314 0.5720127 0.2268479 0.2623433 0.1988157 0.0000000 0.2515029 0.1583386 0.2194397 0.8927050 0.7772365 0.6985017 1.0670583 1.0498078 1.2716701 1.0853310 1.2940340 1.8475225 1.1253791 1.2646225 1.2626270 1.2091768 1.3402677 1.2385952 0.9463446 1.3554169 2.4374919 1.1225154 1.1760750 1.1623070 1.3407095 1.1086230 1.2378296 1.1874669 1.3570789 1.2564723 1.2925829 1.0083375 1.4072077 1.4712734 1.4667370 1.2247073 1.3331789 1.1119546 1.0390524 1.5784632 0.9855902 1.2493483 1.3497397 1.0477794 1.8279938 
Spis_XP_022780310_1                                     1.4372292 1.3280622 0.6666129 1.6338118 1.4536440 1.4721064 1.5250847 1.6567980 1.6966599 0.8492199 0.8915300 1.3516793 0.7488880 1.3222087 1.3798573 1.5096567 0.8176042 1.6033818 0.8932763 1.7275908 1.2146539 1.3037606 1.2197472 1.0865734 1.0879400 1.1244464 1.1757381 0.7518638 0.8211450 0.3480876 0.3486042 0.2820560 0.2515029 0.0000000 0.0906394 0.4198377 1.3422426 0.9683242 0.9744305 1.4491065 1.4038998 1.6897544 1.5802278 1.7914429 2.4840282 1.5188562 1.7264395 1.7326552 1.6190707 1.8296859 1.7137785 0.8393895 1.8003304 2.5647559 1.5886841 1.6918941 1.5923330 1.8669146 1.5085949 1.7557348 1.5887347 1.9347024 1.9130506 1.7846699 1.3409206 2.0048275 2.0668456 1.9186740 1.6355776 1.7545454 1.4635654 1.5823975 2.3873095 1.7587061 1.8713124 2.1064635 1.4310272 1.9129678 
Pocdam_XM_027196281.1                                   1.0280153 0.9716941 0.5516752 1.1865792 1.0905088 1.0981960 1.1524485 1.1878606 1.1608542 0.6320646 0.6313101 0.9369102 0.5823504 1.0105919 1.0099962 1.0512041 0.6093376 1.1669746 0.5950619 1.2509522 0.8689871 0.9822344 0.8888018 0.8169089 0.8566902 0.8600331 0.9037195 0.5582628 0.6155433 0.2420100 0.2710841 0.2119297 0.1583386 0.0906394 0.0000000 0.2478114 0.9979231 0.7450224 0.7398284 1.0638883 1.0579713 1.2300746 1.1024150 1.2951491 1.8278775 1.1289823 1.2563185 1.2943921 1.1967071 1.3150333 1.2689802 0.8444124 1.3521525 2.5182290 1.1811735 1.2473388 1.1559686 1.3571937 1.1367117 1.2728009 1.2410210 1.3969423 1.4047716 1.3043509 1.0786323 1.5106772 1.5373438 1.4448304 1.2227791 1.2352232 1.1103413 1.0906997 1.7202503 1.0727769 1.3299908 1.2827212 0.9907787 1.8703363 
Gasp_gasp1.m3.29198.m1                                  0.7625990 0.9419455 0.5409535 0.9889669 0.8953531 0.8953531 0.8755685 0.9360148 0.8423016 0.5435587 0.6176970 0.7187688 0.6055219 0.8177135 0.9086357 0.8070022 0.5911113 0.9378833 0.5612658 0.9594193 0.6010431 0.6931181 0.6909645 0.6705529 0.7628638 0.7513466 0.8059254 0.4884858 0.5499920 0.2594326 0.3091948 0.2401629 0.2194397 0.4198377 0.2478114 0.0000000 0.8285476 0.6859036 0.6469210 0.7557475 0.8272189 1.1256972 0.8936003 1.0767501 1.3328351 0.9335793 0.9925178 1.0518365 0.9363707 0.9632139 1.0136806 0.9820290 1.0824590 2.5741811 0.7082243 0.9614998 0.9634808 1.0943595 0.9457631 0.9315632 1.0619173 1.1170806 1.0652982 1.0492059 0.8529299 1.1664179 1.1872490 1.0633135 1.0470431 1.0515106 1.0009727 0.8805125 1.1388858 1.0088889 1.0245318 0.8569839 0.9448938 1.5421927 
Morvir_scaffold69.g1.t2                                 1.0203257 0.9419172 0.5448553 1.2898379 1.1681233 1.1555378 1.1216336 1.2465062 1.1381988 0.7957834 0.8087742 1.1316048 0.6202529 1.2106761 1.0132685 1.0950804 0.5443795 1.1224121 0.4827335 1.1575859 0.8097888 0.9028284 0.8244539 0.8244350 0.8659264 1.0629757 1.1018468 0.8270663 0.8959567 1.0063546 1.1842098 0.9252328 0.8927050 1.3422426 0.9979231 0.8285476 0.0000000 0.9095181 0.9686941 1.0927921 1.1031759 1.3418312 1.0868488 1.4175656 2.3947843 1.3035088 1.4156882 1.4300693 1.3897592 1.4460830 1.3658150 1.0678043 1.5026677 3.4318932 1.1683622 1.2672496 1.1448069 1.4594259 1.1967782 1.4827577 1.3068855 1.3855206 1.3754410 1.3635570 1.1947378 1.6234490 1.7581574 1.5384494 1.5795809 1.4781283 1.4016379 1.0573730 1.6256158 1.2227651 1.4377767 1.4556475 1.3627367 2.4574548 
Dgig_XM_028560139.1                                     1.0832849 0.9799316 0.5053564 1.0642724 1.0343834 1.0294215 1.0139208 1.0942110 1.1769441 0.7452359 0.8349887 0.9883547 0.5786335 0.9810054 1.0369335 1.0518700 0.7023446 1.1878565 0.6670306 1.2684126 0.9924645 1.0325706 1.0412993 0.9044780 0.9398120 0.8891253 0.9561132 0.8649216 0.8868806 0.7794913 0.8858769 0.7935353 0.7772365 0.9683242 0.7450224 0.6859036 0.9095181 0.0000000 0.3678331 1.3115052 1.0584473 1.1538873 1.1039962 1.3026140 2.3858528 1.2537379 1.3047572 1.3113264 1.3107273 1.4060854 1.3338600 0.7055074 1.4208598 3.6334125 1.2013629 1.2126371 1.2281318 1.2949671 1.3384319 1.4922042 1.4574809 1.2875570 1.3487708 1.2388921 1.1064065 1.5430883 1.6180090 1.5536433 1.2477156 1.2749130 1.4425675 1.2378272 1.8230013 1.2277374 1.4946124 1.4235813 0.9673262 2.2340950 
Xesp_017343-T1                                          1.0577289 0.9120946 0.5488686 0.9712787 0.9946269 0.9839771 1.0196366 1.0939708 1.1763221 0.7103127 0.8011009 0.8708559 0.6006083 0.9134625 0.9673822 1.1826195 0.6930820 1.1631226 0.6932292 1.2215513 0.8979613 0.9932691 0.9518569 0.8663269 0.9035553 0.8709366 0.9359579 0.8296305 0.9340761 0.7230838 0.7911424 0.7207212 0.6985017 0.9744305 0.7398284 0.6469210 0.9686941 0.3678331 0.0000000 1.1550367 0.9667984 1.0926438 1.1588828 1.2216092 2.2188993 1.2270655 1.2259587 1.3108502 1.2622827 1.3814765 1.3399942 0.7400463 1.3907340 3.5311970 1.2077077 1.2798614 1.3842610 1.3044109 1.3664192 1.3821765 1.3396547 1.3076526 1.4258504 1.3168735 1.1485817 1.4852061 1.5086877 1.6979804 1.2804564 1.2752671 1.3288983 1.1383747 1.7343219 1.1845699 1.5314070 1.3668390 0.9620121 1.7041328 
Aque_Aqu2.1.33738_001                                   1.1184400 1.2140192 0.5347352 1.0945744 1.1089760 1.0999225 1.1098532 1.1393636 1.1297181 0.7808074 0.8487264 0.6891566 0.6333366 1.1341008 1.2062772 1.2136538 0.7696885 1.4582490 0.8575664 1.3274173 1.2461204 1.2859549 1.2217343 1.1141727 1.0375232 0.9686951 1.0023733 1.0382957 0.9417109 1.1277764 1.2885783 1.0485484 1.0670583 1.4491065 1.0638883 0.7557475 1.0927921 1.3115052 1.1550367 0.0000000 0.4840886 1.2468115 1.3590687 1.4351559 2.1954080 1.3615614 1.4511176 1.5297777 1.4197474 1.4137870 1.4649223 1.5094350 1.5095475 3.2008720 1.3012101 1.4812907 1.2867927 1.4545816 1.3420252 1.4564431 1.4872735 1.6397573 1.4452203 1.5570491 1.5247669 1.5240685 1.6303934 1.4976147 1.3969436 1.6465283 1.2651798 1.1831970 1.6245024 1.3402949 1.3590621 1.8254291 1.3492632 2.0836211 
Halamb_c48570_g1_i1m.24439                              1.0788678 1.2309875 0.5319367 1.2038308 1.0899698 1.0766235 1.0685813 1.1601548 1.2078560 0.6799745 0.7300381 0.6411272 0.7335004 1.1351526 1.1619488 1.0703591 0.8595549 1.2729233 0.8297607 1.2297843 1.1513009 1.2148444 1.1598063 1.0221027 0.9433562 0.8448204 0.8754693 1.0261514 0.9952368 1.0559530 1.1795884 1.0073922 1.0498078 1.4038998 1.0579713 0.8272189 1.1031759 1.0584473 0.9667984 0.4840886 0.0000000 1.2553455 1.3136179 1.4993545 1.9595955 1.2720648 1.4070170 1.4146835 1.2709713 1.4471005 1.4733252 1.2944627 1.5564821 3.0675091 1.1793405 1.3521829 1.1342859 1.5106381 1.3160226 1.5600264 1.3512788 1.5138749 1.3502838 1.4294612 1.3304448 1.5040105 1.6550773 1.4548118 1.4310330 1.6226549 1.3491059 1.2069137 1.6049298 1.1563855 1.2669979 1.5031884 1.3160185 1.7584343 
Cscu_XM_023355802.1                                     1.2061365 1.2778070 0.5521012 1.2722728 1.3034862 1.2870798 1.2685186 1.3066161 1.2741877 0.8697113 0.9246644 1.1900365 0.6675608 1.0715368 1.2347552 1.2860147 0.6504666 1.3240076 0.6047724 1.3379876 1.1806138 1.2893204 1.1977213 1.0717189 1.0557473 1.0354159 1.0860839 1.0351499 1.1120225 1.2755217 1.4669474 1.1456347 1.2716701 1.6897544 1.2300746 1.1256972 1.3418312 1.1538873 1.0926438 1.2468115 1.2553455 0.0000000 1.2817745 1.6217995 2.4534213 1.4322041 1.6471972 1.6877700 1.6719405 1.6542596 1.6458688 1.3130204 1.6713804 3.6350428 1.2672843 1.6042855 1.4154832 1.6900993 1.5834854 1.8847827 1.7221572 1.6051766 1.4996490 1.6912364 1.3660337 1.7965327 1.8958391 1.8680089 1.7324436 1.4590998 1.3401206 1.2948706 1.9919513 1.1843017 1.2505381 1.4678049 1.2814665 2.2898744 
Hvul_g8310_1                                            1.1322149 1.0376297 0.6045140 1.2711024 1.2729292 1.2613651 1.2305441 1.3027389 1.3180292 0.8461818 0.9488689 1.1217080 0.7622624 1.1241393 1.1674230 1.2062969 0.6701900 1.1549530 0.5549058 1.2727768 0.8664718 0.9871158 1.0054109 0.8535898 1.0333444 1.1424799 1.1639155 0.9819469 1.1448118 1.0762304 1.3208447 1.1019199 1.0853310 1.5802278 1.1024150 0.8936003 1.0868488 1.1039962 1.1588828 1.3590687 1.3136179 1.2817745 0.0000000 1.4522318 2.0664401 1.1964851 1.3783527 1.3732449 1.3714889 1.3763742 1.4597930 0.9127742 1.3208349 3.3902917 1.1972449 1.3540720 1.3107584 1.5252336 1.2398150 1.5604555 1.3597578 1.4925480 1.5141508 1.4086546 1.2655114 1.5165770 1.3933003 1.7124403 1.6157867 1.4066917 1.4568047 0.8318124 1.6738235 1.2033565 1.3082471 1.3985491 1.3622417 2.7545256 
Mlei_ML2582.g53.i1                                      1.2952005 1.3655321 0.6551554 1.4778336 1.4846056 1.4650998 1.4573605 1.4796013 1.5253970 1.1239689 1.1758411 1.2715933 0.7296451 1.4043876 1.4857843 1.3188162 0.8069569 1.4910767 0.8662720 1.4079356 1.4354557 1.5064216 1.5091359 1.2279577 1.2920353 1.3882627 1.4312065 1.2256886 1.5352886 1.3707463 1.6071618 1.3237924 1.2940340 1.7914429 1.2951491 1.0767501 1.4175656 1.3026140 1.2216092 1.4351559 1.4993545 1.6217995 1.4522318 0.0000000 0.2388226 0.2118466 0.2288680 0.2515393 0.2831692 0.3666115 0.3738831 0.4776726 0.3917815 0.6325027 1.3959484 1.5639596 1.1478070 1.7067518 1.3408561 1.4180124 1.4609116 1.5656029 1.4481965 1.4772886 1.4007599 1.5688943 1.6493384 1.8195343 1.5481679 1.5835512 1.5135794 1.3492468 1.7957374 1.6399518 1.5207272 1.9037143 1.5958077 2.3701697 
Bolinf_Binf_sb1205801                                   2.0652209 2.3200169 0.8754963 2.4230469 2.3820793 2.3626788 2.3877640 2.5301697 2.3575759 2.4193046 2.0071399 2.0528596 0.5806121 2.5400342 2.6566684 2.1499338 0.6478907 2.1920039 0.1517139 2.0752153 2.5710246 2.8250086 2.8474765 1.8258049 1.9503960 2.3677642 2.3971768 2.2017868 2.4310483 1.9920275 2.5916245 2.0612414 1.8475225 2.4840282 1.8278775 1.3328351 2.3947843 2.3858528 2.2188993 2.1954080 1.9595955 2.4534213 2.0664401 0.2388226 0.0000000 0.0000010 0.2818215 0.2450744 0.3577832 0.5011434 0.5491597 0.0000010 0.5147990 0.4647956 2.6995557 2.8038554 1.6982482 3.0996056 1.9032146 2.3335465 2.2925394 2.3755712 2.4197752 2.1740927 2.0989670 2.6450587 2.7947702 3.3334912 2.4744931 2.1784668 2.2602396 2.0037890 2.6199106 2.2624680 2.5664548 2.3861075 2.2908542 2.6015060 
Mertsp_Mesp_sb553301                                    1.2313669 1.3290987 0.6876830 1.3328959 1.3621947 1.3548230 1.3410853 1.3673862 1.5624805 1.1626390 1.1305730 1.2357424 0.6338392 1.3680495 1.3003011 1.2497608 0.7253366 1.4572050 0.7153268 1.4241598 1.3434440 1.4133121 1.4060615 1.1640003 1.2079642 1.2898974 1.3358203 1.2717554 1.4069078 1.1730004 1.3433417 1.1942380 1.1253791 1.5188562 1.1289823 0.9335793 1.3035088 1.2537379 1.2270655 1.3615614 1.2720648 1.4322041 1.1964851 0.2118466 0.0000010 0.0000000 0.2039676 0.2091724 0.2515147 0.2882998 0.3547321 0.1512821 0.3435148 0.5610389 1.3682509 1.5363479 1.0930774 1.5948489 1.3489892 1.4283271 1.4821137 1.4818628 1.4779974 1.4161934 1.3436132 1.5387226 1.5783524 1.8106448 1.3830029 1.3988061 1.3064441 1.2342066 1.7571857 1.6360890 1.5338853 2.0125778 1.6162453 2.8023119 
Drygla_Dgla_sb297031                                    1.3321613 1.3736985 0.6448159 1.4267215 1.4822144 1.4806470 1.4910233 1.5259209 1.6187367 1.0855539 1.1729005 1.2814320 0.7482949 1.4286342 1.4699661 1.3903601 0.8140312 1.5198551 0.8877453 1.5998394 1.3499064 1.4561249 1.4094464 1.0889564 1.3280412 1.4428751 1.4804601 1.3327684 1.4827049 1.2331473 1.4264966 1.2605339 1.2646225 1.7264395 1.2563185 0.9925178 1.4156882 1.3047572 1.2259587 1.4511176 1.4070170 1.6471972 1.3783527 0.2288680 0.2818215 0.2039676 0.0000000 0.2538944 0.3118706 0.3685735 0.4461324 0.5044180 0.3966620 0.5822766 1.4360646 1.5860971 1.1021814 1.5881976 1.3473065 1.3863283 1.5191759 1.4469379 1.3959709 1.4403768 1.4155351 1.6850294 1.6660002 1.8827046 1.5056975 1.4955194 1.4470396 1.2840111 1.6937093 1.6611961 1.5215360 1.8187682 1.6297001 2.7384322 
