58
Hsap_ENST00000341329                                   0.0000000 1.6561595 1.6274313 1.8167781 1.5572362 1.5980730 1.5377265 1.3693411 1.6532780 1.4842077 1.6719171 1.6975568 1.7074047 1.9906838 1.7509097 1.9334364 1.7956056 1.8130853 1.7992816 1.7868555 1.8278544 1.8279147 1.5394839 1.8233529 1.6862270 1.8900361 1.7171271 1.6233417 1.6702187 2.1567254 3.2009463 1.5268773 1.7583214 2.2529755 2.1222929 1.9912166 1.9760669 1.9843482 1.9755648 2.5953098 2.6719520 2.3946805 1.9830500 4.0491873 2.7679367 2.7556340 2.3396414 2.5442324 2.4138459 2.1886684 1.8616328 2.2411520 2.5959660 2.3008189 2.2428074 2.5756870 2.3253457 3.2042218 
Spur_XM_030981783.1                                    1.6561595 0.0000000 1.4556771 1.4951791 1.6180028 1.4640490 1.2867049 0.8651947 1.3661899 1.3500198 1.3825550 1.5615727 1.5902351 1.6616263 1.4685444 1.5335567 1.7553464 1.7585485 1.7883327 1.7594458 1.8825636 1.9018747 1.2982711 1.7575266 2.1366828 1.8564660 1.6210983 1.4080960 1.2853793 2.0012140 2.8840914 1.3532468 1.6355188 1.7926683 1.8864936 1.8809798 1.7527960 2.0911337 1.9757149 2.4413010 2.3378430 2.1879345 1.9000395 3.4346747 2.5005166 2.7070949 2.5301091 2.6575708 2.2316240 2.2371902 2.0072345 2.0217575 2.4344127 2.0676665 1.9152142 2.3191857 2.1996028 3.1905247 
Exapal_XM_021052328.2                                  1.6274313 1.4556771 0.0000000 0.5298965 0.8349423 0.8213108 0.6920080 0.5303156 0.8160225 0.7139827 0.8530669 1.2673610 1.2242595 1.5089013 1.4064192 1.4550572 1.4035592 1.4118661 1.3836075 1.3306506 1.4922351 1.4591485 1.1991200 1.7866195 1.7699033 1.6623169 1.5997229 1.2778076 1.5886501 1.8910467 2.7071326 1.5092034 1.6428376 1.6922270 1.8485802 1.9206232 1.6668439 1.9355201 2.1018323 1.9513807 2.0806089 2.1206627 1.6542660 3.7017455 2.9071668 2.5708320 2.5163112 2.4324527 2.5670051 2.4629525 2.0985185 2.0602466 2.5712178 2.1239567 1.9680450 1.9769773 2.2276388 3.3008243 
Nvec_v1g248483                                         1.8167781 1.4951791 0.5298965 0.0000000 0.7454558 0.7826511 0.6800400 0.4812496 0.7283359 0.7872984 0.7526620 1.2208457 1.1939108 1.5528322 1.4428618 1.5005920 1.4262468 1.4326282 1.3804246 1.3495932 1.4355731 1.4108295 1.1843351 1.5913971 1.5881939 1.4937386 1.4112847 1.3461162 1.4138550 1.8446512 2.9284532 1.4716032 1.7343316 1.6103302 1.8536460 1.7928012 1.7283035 1.9942277 1.9237826 1.9401085 1.9474202 1.9207651 1.4599506 3.7754845 2.6519405 2.7311869 2.2289432 2.4403311 2.5507103 2.4546859 2.2474075 1.8608582 2.4960645 2.1580722 2.0013683 2.1188578 2.2824793 3.0052222 
Adig_XM_015898183.1                                    1.5572362 1.6180028 0.8349423 0.7454558 0.0000000 0.0245632 0.3730122 0.2817453 0.4153340 0.4495314 0.5000678 1.4005719 1.4885279 1.7525699 1.5446826 1.4479761 1.6312202 1.6185340 1.5410776 1.4760431 1.6498576 1.6397675 1.3747237 1.8545415 1.8526082 1.6675342 1.2136459 1.6347333 1.5455862 1.9428872 2.5295069 1.4363858 1.4352560 1.4840937 1.7848101 1.9418863 1.6291401 1.8846067 1.7871992 2.5268618 2.5265904 2.0383694 1.4192595 3.9070573 2.8888878 2.7996268 2.4115295 2.8153021 3.0124371 2.7330621 2.4726158 2.3334381 2.9528717 2.6469128 2.5767791 2.8808239 2.5018945 3.9229868 
Amil_Amillepora24706-RA                                1.5980730 1.4640490 0.8213108 0.7826511 0.0245632 0.0000000 0.3909737 0.3583713 0.4653986 0.5024955 0.5596595 1.3516088 1.3149239 1.6538615 1.5143076 1.5060514 1.5195723 1.5099164 1.3618806 1.4897957 1.5225758 1.5153237 1.3555578 1.8838453 1.8157121 1.8079009 1.5114685 1.5713742 1.5363328 1.9515429 2.3340298 1.3573568 1.4920480 1.6981939 1.6624083 1.7465359 1.4605126 1.7118634 1.8747155 2.2247413 2.2346079 1.9250980 1.2706397 3.3818843 2.8044633 2.7601168 2.3340226 2.5794654 2.7591409 2.4727211 2.2610530 2.0901330 2.7510092 2.3726245 2.4392323 2.7935748 2.4452773 3.5114192 
Gfas_gfas1.m1.23195.m1                                 1.5377265 1.2867049 0.6920080 0.6800400 0.3730122 0.3909737 0.0000000 0.1801903 0.2804133 0.2723149 0.3233388 1.2121562 1.2428403 1.3666760 1.2441020 1.2888852 1.4476319 1.4406341 1.3468986 1.3619736 1.5089385 1.4823998 1.1438664 1.7270160 1.7442500 1.5425972 1.3427500 1.3778086 1.4076955 1.8865843 2.8472336 1.3716765 1.4071782 1.5299798 1.7824758 1.8065947 1.5295148 1.8192856 1.8218193 1.8283675 1.9483904 1.7103247 1.4576279 3.3186185 2.6733107 2.4961464 2.0814781 2.4174011 2.5891269 2.2586801 2.0106494 2.0611825 2.3954388 2.2145901 2.1014209 2.5487570 2.1058094 3.0823984 
Fspp_ffun1.m4.1556.m1                                  1.3693411 0.8651947 0.5303156 0.4812496 0.2817453 0.3583713 0.1801903 0.0000000 0.1675250 0.1321739 0.2351580 0.9668703 1.0022313 0.9731322 0.9731322 1.0734031 1.2594216 1.2594216 1.2165280 1.2136613 1.2777596 1.2532882 1.1457804 1.5989243 1.5001024 1.0832914 1.2074713 1.0154006 1.0872822 1.3732649 1.9659604 1.2434313 1.1463531 0.9938274 1.4194598 1.4085808 1.2450522 1.3772257 1.4891567 1.4700654 1.5817311 1.4916387 1.1064780 2.6170413 2.3430958 2.2594911 2.1747155 2.1014412 2.5414867 2.0849899 1.9613895 1.9417227 2.3514420 2.0904004 1.9536074 1.9988080 1.9463255 2.9904449 
Pocdam_XM_027199191.1                                  1.6532780 1.3661899 0.8160225 0.7283359 0.4153340 0.4653986 0.2804133 0.1675250 0.0000000 0.2888836 0.1692396 1.1986879 1.1710331 1.4509999 1.3197976 1.3512518 1.5140372 1.5094012 1.4112350 1.4100491 1.4376539 1.4124784 1.1424709 1.7490856 1.5874351 1.4993799 1.2669550 1.4994365 1.5423780 1.9273255 2.9180316 1.4154637 1.4957769 1.3538286 1.7785992 1.7708370 1.5116902 1.7488914 2.0045993 1.8404358 1.8294140 1.6859311 1.3462447 3.3872140 2.7514238 2.6567705 2.1891740 2.4413261 2.5096713 2.2627875 1.9700122 1.9438654 2.4658691 2.2133705 2.0987516 2.5225780 2.1417250 2.9274001 
Gasp_gasp1.m3.26864.m1                                 1.4842077 1.3500198 0.7139827 0.7872984 0.4495314 0.5024955 0.2723149 0.1321739 0.2888836 0.0000000 0.3088600 1.2914379 1.2063842 1.5517546 1.4295015 1.2845792 1.4846832 1.4790884 1.4213134 1.3895798 1.4968418 1.4680201 1.1868820 1.8357629 1.7631802 1.6352033 1.3291446 1.6283320 1.5501765 2.0104476 3.1399607 1.4211708 1.7895205 1.5226719 1.7344824 1.8044548 1.5832426 1.8014613 1.9105549 1.8367088 1.6594068 1.6297445 1.5367984 2.8777591 2.6520263 2.4905115 2.1144308 2.3803512 2.5148602 2.2295123 1.8137724 1.8919081 2.1607580 2.2054223 2.0565857 2.4302999 2.1224918 2.9247026 
Spis_XP_022801796_1                                    1.6719171 1.3825550 0.8530669 0.7526620 0.5000678 0.5596595 0.3233388 0.2351580 0.1692396 0.3088600 0.0000000 1.2163595 1.2600959 1.5303108 1.3871703 1.4261783 1.6543467 1.6491769 1.5229854 1.5143789 1.5646028 1.5417683 1.2740992 1.7908107 1.6506452 1.5369634 1.3214571 1.5112537 1.6324389 1.9189744 2.6552233 1.5381365 1.7370862 1.4014290 1.7285701 1.8100706 1.6456161 1.8829559 1.9663284 1.8813058 1.9477700 1.9315173 1.5260043 3.3458084 2.7517476 2.8537772 2.2239034 2.3744104 2.6706109 2.3209894 2.1017601 2.0348330 2.7054865 2.2823200 2.1046272 2.6393096 2.2461342 3.1059940 
Dgig_XM_028549840.1                                    1.6975568 1.5615727 1.2673610 1.2208457 1.4005719 1.3516088 1.2121562 0.9668703 1.1986879 1.2914379 1.2163595 0.0000000 0.6331732 1.4870813 1.3872527 1.6479520 1.7162747 1.7169630 1.6393369 1.6679563 1.6903507 1.6877387 1.4864063 1.7916148 1.8955687 1.6067001 1.6161340 1.5049725 1.4760572 1.9929809 2.4759133 1.5217167 1.7284482 1.8548051 1.6967046 1.6195920 1.4958133 1.8291379 1.9616736 1.7884668 2.1370745 1.9955066 1.7778718 4.4860255 2.4213295 2.5462368 2.3369017 2.9316708 2.4652770 2.5697389 2.1498058 1.9281311 2.5342124 1.9714630 1.7505133 2.1332463 2.3035202 2.5957473 
Xesp_014104-T1                                         1.7074047 1.5902351 1.2242595 1.1939108 1.4885279 1.3149239 1.2428403 1.0022313 1.1710331 1.2063842 1.2600959 0.6331732 0.0000000 1.6358566 1.5536578 1.7175715 1.7197503 1.7204670 1.6765581 1.6332432 1.7460422 1.7217596 1.4541129 2.0267949 1.6538619 1.8149169 1.7067019 1.3897806 1.4955984 1.9677585 2.7335671 1.5702410 1.8570866 1.7660856 1.8086975 1.6987799 1.4789184 1.8496607 2.0830378 2.0798480 2.3457012 2.2078810 1.7764968 5.4147194 2.5826255 2.6149709 2.3169780 2.6052745 2.5495457 2.4934652 2.0424826 1.8659688 2.4500321 2.0156472 1.8461093 2.2205697 2.0957439 2.8163272 
Ocar_g5121                                             1.9906838 1.6616263 1.5089013 1.5528322 1.7525699 1.6538615 1.3666760 0.9731322 1.4509999 1.5517546 1.5303108 1.4870813 1.6358566 0.0000000 0.0847059 0.8546700 1.8462463 1.8469800 1.9113078 1.9421825 1.8727482 1.8390443 1.3220634 2.1096658 2.0199154 1.7255925 1.4302873 1.7899047 1.7488329 1.7605198 2.3440714 1.8180697 1.7949477 2.0286322 2.0740389 2.0473598 1.9840703 2.0779214 2.3227985 1.8354955 2.0256591 1.7890885 1.6715368 4.4168305 2.7065989 2.8427852 2.4695557 2.4786794 2.4632708 2.4353993 2.1494660 2.3195276 2.4866604 3.3688903 2.7867078 2.6358188 2.7322275 3.0107722 
Opea_EP00118_Oscarella_pearsei_P027037                 1.7509097 1.4685444 1.4064192 1.4428618 1.5446826 1.5143076 1.2441020 0.9731322 1.3197976 1.4295015 1.3871703 1.3872527 1.5536578 0.0847059 0.0000000 0.7361617 1.7083226 1.7178435 1.7291493 1.7635284 1.7311561 1.6922074 1.3220634 1.8928462 1.8216307 1.6139578 1.4245602 1.7045186 1.5299560 1.6798321 2.1392007 1.5907039 1.7564736 1.8595796 1.9411406 1.9046646 1.8388995 2.0958901 2.1222784 1.7026483 1.9458677 1.6234060 1.6053000 3.3103784 2.6097146 2.4186100 2.4388396 2.3852007 2.2016906 2.1630247 2.1494660 2.2115205 2.4866604 2.8990702 2.4872186 2.5943764 2.4093317 3.0107722 
Plajan_Pjan_C556933_01                                 1.9334364 1.5335567 1.4550572 1.5005920 1.4479761 1.5060514 1.2888852 1.0734031 1.3512518 1.2845792 1.4261783 1.6479520 1.7175715 0.8546700 0.7361617 0.0000000 1.7279221 1.7308076 1.7174727 1.6750280 1.7377977 1.7268249 1.3647336 2.0331360 1.8352639 1.7837164 1.4410203 1.8284068 1.6385831 1.9383870 2.9877252 1.7960795 2.1013089 2.0119742 2.2437189 2.3317273 2.0325024 2.4022304 2.3833147 2.0532250 2.1112650 1.8772408 1.6034074 3.6229489 2.8119460 2.7658030 2.5885700 2.7373210 2.3753198 2.3370560 2.3222490 2.3075048 2.3769450 3.0540446 2.6474412 2.8001025 2.5165008 3.2297731 
Tadh_TriadT53891                                       1.7956056 1.7553464 1.4035592 1.4262468 1.6312202 1.5195723 1.4476319 1.2594216 1.5140372 1.4846832 1.6543467 1.7162747 1.7197503 1.8462463 1.7083226 1.7279221 0.0000000 0.0094415 0.3644659 0.3455184 0.3417280 0.3217999 0.1861593 1.7908298 1.8758145 1.9545726 1.6017273 1.8337502 1.6257629 2.1548632 3.3238000 1.4599582 1.6185813 1.8236878 1.8777228 1.9203061 2.0325407 2.1139722 2.0071885 2.0601741 2.0032608 2.0907173 1.7356965 3.5916536 2.7714290 2.5261907 2.6783008 2.3273781 2.2691177 2.3551096 1.7865920 2.0837442 2.1840552 2.4935670 2.3580087 2.6597927 2.4568179 2.9333900 
TrH2_TrispH2_002791-RA                                 1.8130853 1.7585485 1.4118661 1.4326282 1.6185340 1.5099164 1.4406341 1.2594216 1.5094012 1.4790884 1.6491769 1.7169630 1.7204670 1.8469800 1.7178435 1.7308076 0.0094415 0.0000000 0.3636666 0.3552546 0.3515626 0.3314518 0.1861593 1.8018262 1.8727205 1.9679653 1.6024579 1.8473463 1.6390543 2.1813502 3.4102477 1.4455604 1.6037015 1.8243907 1.8795524 1.9221574 2.0332969 2.1013019 2.0091440 2.0719368 2.0032608 2.0871103 1.7517751 3.6633418 2.8006619 2.5500142 2.6975051 2.3426887 2.2468567 2.3314486 1.7865920 2.0846533 2.1850937 2.4693262 2.3393791 2.6619590 2.4700874 2.9333900 
HoiH06_mRNA615                                         1.7992816 1.7883327 1.3836075 1.3804246 1.5410776 1.3618806 1.3468986 1.2165280 1.4112350 1.4213134 1.5229854 1.6393369 1.6765581 1.9113078 1.7291493 1.7174727 0.3644659 0.3636666 0.0000000 0.0848374 0.2308949 0.2343855 0.2045258 1.7248902 1.7768596 1.9562914 1.5036119 1.6552073 1.6144306 2.0530318 3.0929404 1.4860365 1.7811450 2.0065651 1.9505171 2.0658876 1.8619516 1.9428874 2.1921440 2.2160578 2.1050852 2.2103996 1.7497224 3.7737294 2.9817552 2.6217556 2.7477908 2.2203401 2.3249214 2.2991770 1.8899845 1.8922188 2.4403426 2.4993671 2.4343117 2.5958232 2.4076094 2.9801556 
HoiH23_PlH23_001772-RA                                 1.7868555 1.7594458 1.3306506 1.3495932 1.4760431 1.4897957 1.3619736 1.2136613 1.4100491 1.3895798 1.5143789 1.6679563 1.6332432 1.9421825 1.7635284 1.6750280 0.3455184 0.3552546 0.0848374 0.0000000 0.2013578 0.2043678 0.1966391 1.6817803 1.6776636 1.9086069 1.5320284 1.6857381 1.5810319 2.0622714 3.2115505 1.4786874 1.7937204 1.9275786 1.7876480 1.9106616 1.7707401 2.0604823 2.1260234 2.1900914 2.0535339 2.2209102 1.7020200 3.6185140 2.7903930 2.6026523 2.6608728 2.4406935 2.4575297 2.4450452 1.8030074 1.8805700 2.2473029 2.4910941 2.3946560 2.5392890 2.4719004 2.9357664 
Hhon_g00397.t1                                         1.8278544 1.8825636 1.4922351 1.4355731 1.6498576 1.5225758 1.5089385 1.2777596 1.4376539 1.4968418 1.5646028 1.6903507 1.7460422 1.8727482 1.7311561 1.7377977 0.3417280 0.3515626 0.2308949 0.2013578 0.0000000 0.0160250 0.1593886 1.6942645 1.7419367 1.9903583 1.5663481 1.7551298 1.6701001 2.1861438 3.2432594 1.5571781 1.7133128 1.9948378 1.8020521 1.8405504 1.7376799 2.1079528 2.1210990 2.0917948 2.0328513 2.2044785 1.7876288 3.6934605 2.9631686 2.8443630 2.8584871 2.3898446 2.4535585 2.5792964 2.0066574 2.0195128 2.5115956 2.6253710 2.4639078 2.8909531 2.6892994 2.9176434 
HoiH04_mRNA2749                                        1.8279147 1.9018747 1.4591485 1.4108295 1.6397675 1.5153237 1.4823998 1.2532882 1.4124784 1.4680201 1.5417683 1.6877387 1.7217596 1.8390443 1.6922074 1.7268249 0.3217999 0.3314518 0.2343855 0.2043678 0.0160250 0.0000000 0.1598502 1.6770082 1.7141866 1.9773362 1.5401218 1.7363932 1.7054557 2.1869087 3.3121026 1.5279028 1.6931655 1.9807084 1.8188256 1.8674810 1.7263653 2.0780221 2.0821896 2.0615274 2.0148773 2.1726399 1.7530311 3.5003068 3.0052395 2.7983370 2.8243512 2.3291857 2.4551989 2.4918312 1.9713992 2.0000021 2.4838729 2.5837425 2.4165510 2.8909317 2.7001112 2.8620861 
HoiH11_mRNA1148                                        1.5394839 1.2982711 1.1991200 1.1843351 1.3747237 1.3555578 1.1438664 1.1457804 1.1424709 1.1868820 1.2740992 1.4864063 1.4541129 1.3220634 1.3220634 1.3647336 0.1861593 0.1861593 0.2045258 0.1966391 0.1593886 0.1598502 0.0000000 1.4713807 1.4173466 1.5038083 1.3674191 1.1780572 1.2129487 1.4829641 1.6237205 1.3533694 1.1117509 1.6774355 1.5150272 1.5590335 1.6715921 1.6577501 1.7642768 1.7362727 1.7195305 1.7979815 1.4098725 2.4843912 2.0637539 2.0297426 2.3542060 2.2890065 2.0855469 2.1570228 1.8958656 1.9417279 2.0620258 2.1970975 2.1440194 2.3462704 2.1658811 2.8853172 
Aque_Aqu2.1.41111_001                                  1.8233529 1.7575266 1.7866195 1.5913971 1.8545415 1.8838453 1.7270160 1.5989243 1.7490856 1.8357629 1.7908107 1.7916148 2.0267949 2.1096658 1.8928462 2.0331360 1.7908298 1.8018262 1.7248902 1.6817803 1.6942645 1.6770082 1.4713807 0.0000000 0.6845280 1.0350544 1.1689003 1.7261544 2.1026731 1.3347030 1.7342491 1.8660042 1.7342562 1.4712232 2.2015762 2.2114840 2.0340048 2.0714628 1.9506059 2.1284419 2.0373986 1.9438619 1.7969872 4.0628582 2.9162989 3.0103005 3.0861380 2.4169397 3.3222126 2.8521113 2.7820712 2.5512650 3.2007211 2.0733790 2.3882031 2.8046306 2.9086143 3.7053574 
Xestes_maker-XT_scaffold1715-augustus-gene-0.27-mRNA-1 1.6862270 2.1366828 1.7699033 1.5881939 1.8526082 1.8157121 1.7442500 1.5001024 1.5874351 1.7631802 1.6506452 1.8955687 1.6538619 2.0199154 1.8216307 1.8352639 1.8758145 1.8727205 1.7768596 1.6776636 1.7419367 1.7141866 1.4173466 0.6845280 0.0000000 1.1420853 0.9183710 1.7842754 1.9537666 1.3670990 1.9476186 1.9683881 1.5829758 1.5039761 2.1088397 2.2583161 2.0957045 2.0233256 1.9575864 2.3500115 2.2906655 2.2746113 1.7609722 4.9896288 3.1417052 2.9694873 2.5607633 2.7494372 3.0504222 2.8691775 2.4015788 2.4913223 2.7729962 2.2270190 2.3563861 2.9197206 2.6612781 3.4508963 
Tetwil_g6765.t1                                        1.8900361 1.8564660 1.6623169 1.4937386 1.6675342 1.8079009 1.5425972 1.0832914 1.4993799 1.6352033 1.5369634 1.6067001 1.8149169 1.7255925 1.6139578 1.7837164 1.9545726 1.9679653 1.9562914 1.9086069 1.9903583 1.9773362 1.5038083 1.0350544 1.1420853 0.0000000 0.5663325 1.7018366 1.7249401 1.4701778 2.2439373 2.1966071 1.9404111 1.4250632 2.1528226 2.2496455 2.0871575 2.4070865 2.1104713 2.4384861 2.2064917 2.1334183 1.8675377 3.9642199 2.8651240 2.6318106 2.4668161 2.4298548 2.5872464 2.7531421 2.3567184 2.3050036 2.7156184 2.2072931 2.1985591 2.7465775 2.2805180 3.4189349 
Stycar_maker-SC_scaffold8128-augustus-gene-0.8-mRNA-1  1.7171271 1.6210983 1.5997229 1.4112847 1.2136459 1.5114685 1.3427500 1.2074713 1.2669550 1.3291446 1.3214571 1.6161340 1.7067019 1.4302873 1.4245602 1.4410203 1.6017273 1.6024579 1.5036119 1.5320284 1.5663481 1.5401218 1.3674191 1.1689003 0.9183710 0.5663325 0.0000000 1.5613972 1.4808504 1.0896960 1.8148616 2.1423150 1.7273445 1.2947586 2.2737547 2.1637377 1.9648911 2.3235263 2.0917164 1.9731682 2.0189796 1.9339314 1.4127393 3.1296845 2.4922211 2.3865940 2.8245492 2.8414559 2.7748045 2.6858262 2.4784943 2.1035966 2.6691842 2.2632013 2.2159533 2.2929383 2.0222023 3.6519184 
Ctel_gnl_WGS_AMQN_CAPTEDRAFT_mRNA180450                1.6233417 1.4080960 1.2778076 1.3461162 1.6347333 1.5713742 1.3778086 1.0154006 1.4994365 1.6283320 1.5112537 1.5049725 1.3897806 1.7899047 1.7045186 1.8284068 1.8337502 1.8473463 1.6552073 1.6857381 1.7551298 1.7363932 1.1780572 1.7261544 1.7842754 1.7018366 1.5613972 0.0000000 1.2196272 2.1082446 2.6547392 1.4249054 1.5932077 1.6774775 2.2265991 2.0564444 1.6949409 2.1219482 1.7929315 2.5329877 2.5634068 2.5539114 1.6870618 4.1436963 2.6954803 2.5603656 2.4451830 2.6374695 2.4882817 2.5708277 1.9962254 2.0607769 2.1932610 2.1048232 1.9615670 2.5446553 2.3135453 3.2626441 
Skow_XM_002737422.2                                    1.6702187 1.2853793 1.5886501 1.4138550 1.5455862 1.5363328 1.4076955 1.0872822 1.5423780 1.5501765 1.6324389 1.4760572 1.4955984 1.7488329 1.5299560 1.6385831 1.6257629 1.6390543 1.6144306 1.5810319 1.6701001 1.7054557 1.2129487 2.1026731 1.9537666 1.7249401 1.4808504 1.2196272 0.0000000 2.1168772 3.1024482 1.5443494 1.5650540 1.8579876 1.7621942 1.7000268 1.8764254 1.9622563 1.9160192 2.5256238 2.6475228 2.2681282 1.7410297 4.0585026 2.6845281 2.3923296 2.3821454 2.6236763 2.4240137 2.2277973 1.8602568 1.7736411 1.8994095 2.7088723 2.4277210 2.5994191 2.1969710 2.6073135 
Emue_Em0021g732a.t1                                    2.1567254 2.0012140 1.8910467 1.8446512 1.9428872 1.9515429 1.8865843 1.3732649 1.9273255 2.0104476 1.9189744 1.9929809 1.9677585 1.7605198 1.6798321 1.9383870 2.1548632 2.1813502 2.0530318 2.0622714 2.1861438 2.1869087 1.4829641 1.3347030 1.3670990 1.4701778 1.0896960 2.1082446 2.1168772 0.0000000 0.4262414 1.9577570 1.9526112 1.6363787 2.7268466 2.5346815 2.5441681 2.6793085 2.2439309 2.6214831 2.3916789 2.6950429 2.1364832 4.6719029 2.7356661 2.9219050 2.8163435 2.7434683 2.8268664 2.6673083 2.3872376 2.2287524 2.3164399 2.8599194 2.6855030 3.0975392 2.6267008 3.5326145 
Spolac_c82708_g1_i1_m.3106c58691-g1                    3.2009463 2.8840914 2.7071326 2.9284532 2.5295069 2.3340298 2.8472336 1.9659604 2.9180316 3.1399607 2.6552233 2.4759133 2.7335671 2.3440714 2.1392007 2.9877252 3.3238000 3.4102477 3.0929404 3.2115505 3.2432594 3.3121026 1.6237205 1.7342491 1.9476186 2.2439373 1.8148616 2.6547392 3.1024482 0.4262414 0.0000000 2.3547742 2.5588822 1.8986189 3.4372005 2.9122393 3.0076761 3.2146101 2.6684715 4.3244632 3.3814278 3.0725630 2.6498938 4.1749046 4.4267971 4.8680887 3.8017606 3.5952752 3.4778195 3.6625643 3.0473051 3.0804479 3.6271873 3.2645663 3.0523159 4.6553884 3.8892162 8.9999983 
Cscu_XM_023385962.1                                    1.5268773 1.3532468 1.5092034 1.4716032 1.4363858 1.3573568 1.3716765 1.2434313 1.4154637 1.4211708 1.5381365 1.5217167 1.5702410 1.8180697 1.5907039 1.7960795 1.4599582 1.4455604 1.4860365 1.4786874 1.5571781 1.5279028 1.3533694 1.8660042 1.9683881 2.1966071 2.1423150 1.4249054 1.5443494 1.9577570 2.3547742 0.0000000 1.5287617 1.9540189 1.8919841 1.8633300 1.7877361 1.8216471 1.6243520 2.4166568 2.3609233 2.6824374 1.7805144 3.5244693 2.6766588 2.5066364 2.4688730 2.6766249 2.7079011 2.5794225 2.1609508 2.4022512 2.5347811 2.4630191 2.3315180 2.2632644 2.1711629 3.5483896 
Acagra_model.g4410.t1.1.5d3b835d                       1.7583214 1.6355188 1.6428376 1.7343316 1.4352560 1.4920480 1.4071782 1.1463531 1.4957769 1.7895205 1.7370862 1.7284482 1.8570866 1.7949477 1.7564736 2.1013089 1.6185813 1.6037015 1.7811450 1.7937204 1.7133128 1.6931655 1.1117509 1.7342562 1.5829758 1.9404111 1.7273445 1.5932077 1.5650540 1.9526112 2.5588822 1.5287617 0.0000000 1.9121669 2.0712281 2.0729287 2.1040024 1.7837286 1.5640518 2.6022932 2.5604368 2.5608721 1.9841677 4.1164643 2.6085163 2.6350054 2.2279259 2.7774342 2.4403636 2.6058129 2.1481560 2.5211145 2.4787754 2.8849969 2.3680630 2.5741720 2.4771525 3.3399328 
Plespi_Pspi_C604174_01                                 2.2529755 1.7926683 1.6922270 1.6103302 1.4840937 1.6981939 1.5299798 0.9938274 1.3538286 1.5226719 1.4014290 1.8548051 1.7660856 2.0286322 1.8595796 2.0119742 1.8236878 1.8243907 2.0065651 1.9275786 1.9948378 1.9807084 1.6774355 1.4712232 1.5039761 1.4250632 1.2947586 1.6774775 1.8579876 1.6363787 1.8986189 1.9540189 1.9121669 0.0000000 2.2870315 2.4163105 2.4147295 2.5259444 2.4080604 2.2964385 2.0884676 2.1799320 1.5729125 3.5201818 2.5598630 2.4644722 2.4181574 2.6346792 3.0078860 3.1234822 2.9322458 2.3786884 2.7990013 2.3455098 2.4581233 2.4910648 2.4240140 4.0940082 
Nemnom_g17459.t1                                       2.1222929 1.8864936 1.8485802 1.8536460 1.7848101 1.6624083 1.7824758 1.4194598 1.7785992 1.7344824 1.7285701 1.6967046 1.8086975 2.0740389 1.9411406 2.2437189 1.8777228 1.8795524 1.9505171 1.7876480 1.8020521 1.8188256 1.5150272 2.2015762 2.1088397 2.1528226 2.2737547 2.2265991 1.7621942 2.7268466 3.4372005 1.8919841 2.0712281 2.2870315 0.0000000 0.3293195 0.7643612 1.4692729 2.1727059 2.7885133 2.3489407 2.5183458 2.1185461 4.8008289 2.7666921 2.6253990 2.5358510 2.6122532 2.6415605 2.5267590 2.0862461 2.4760276 2.5391842 2.2306910 2.2795810 2.3663034 2.4413914 3.2128998 
Rhoesc_Res_007461-T1                                   1.9912166 1.8809798 1.9206232 1.7928012 1.9418863 1.7465359 1.8065947 1.4085808 1.7708370 1.8044548 1.8100706 1.6195920 1.6987799 2.0473598 1.9046646 2.3317273 1.9203061 1.9221574 2.0658876 1.9106616 1.8405504 1.8674810 1.5590335 2.2114840 2.2583161 2.2496455 2.1637377 2.0564444 1.7000268 2.5346815 2.9122393 1.8633300 2.0729287 2.4163105 0.3293195 0.0000000 0.8422837 1.3506453 2.1566657 2.9266754 2.4012903 2.5996739 2.1718630 4.8252856 2.5160022 2.6259615 2.5504529 2.7803824 2.6745515 2.5754355 2.0446786 2.2583261 2.5222418 2.3420926 2.4262672 2.5030889 2.5112568 3.3033157 
Sanmal_Sma_005194-T1                                   1.9760669 1.7527960 1.6668439 1.7283035 1.6291401 1.4605126 1.5295148 1.2450522 1.5116902 1.5832426 1.6456161 1.4958133 1.4789184 1.9840703 1.8388995 2.0325024 2.0325407 2.0332969 1.8619516 1.7707401 1.7376799 1.7263653 1.6715921 2.0340048 2.0957045 2.0871575 1.9648911 1.6949409 1.8764254 2.5441681 3.0076761 1.7877361 2.1040024 2.4147295 0.7643612 0.8422837 0.0000000 1.4748991 2.2592127 2.6065377 2.6120696 2.5624762 2.0862375 5.3122668 2.9561697 2.8448579 2.9824891 2.6178022 3.1358379 2.9088649 2.3430786 2.4878692 2.8033518 2.1965430 2.3382858 2.5815665 2.8499979 3.2995393 
Morvir_scaffold68.g59.t1                               1.9843482 2.0911337 1.9355201 1.9942277 1.8846067 1.7118634 1.8192856 1.3772257 1.7488914 1.8014613 1.8829559 1.8291379 1.8496607 2.0779214 2.0958901 2.4022304 2.1139722 2.1013019 1.9428874 2.0604823 2.1079528 2.0780221 1.6577501 2.0714628 2.0233256 2.4070865 2.3235263 2.1219482 1.9622563 2.6793085 3.2146101 1.8216471 1.7837286 2.5259444 1.4692729 1.3506453 1.4748991 0.0000000 2.2752503 3.0537373 2.8076010 2.7200213 1.7547970 5.8955584 3.4423806 3.4847645 2.9041042 2.7067340 2.8117877 2.7448974 2.3089381 2.4780445 2.6063936 2.8976042 2.6923105 2.4416080 2.6257173 3.2929883 
Dpul_mRNA1152                                          1.9755648 1.9757149 2.1018323 1.9237826 1.7871992 1.8747155 1.8218193 1.4891567 2.0045993 1.9105549 1.9663284 1.9616736 2.0830378 2.3227985 2.1222784 2.3833147 2.0071885 2.0091440 2.1921440 2.1260234 2.1210990 2.0821896 1.7642768 1.9506059 1.9575864 2.1104713 2.0917164 1.7929315 1.9160192 2.2439309 2.6684715 1.6243520 1.5640518 2.4080604 2.1727059 2.1566657 2.2592127 2.2752503 0.0000000 2.9854184 2.8127490 3.1631883 2.5335854 4.0236421 2.7289614 2.6541375 2.3577802 2.3629484 2.7332316 2.6467831 2.0877719 2.6231852 2.5928281 2.4062722 2.4529869 2.7777146 2.3915321 3.0337693 
Scil_scict008857.1                                     2.5953098 2.4413010 1.9513807 1.9401085 2.5268618 2.2247413 1.8283675 1.4700654 1.8404358 1.8367088 1.8813058 1.7884668 2.0798480 1.8354955 1.7026483 2.0532250 2.0601741 2.0719368 2.2160578 2.1900914 2.0917948 2.0615274 1.7362727 2.1284419 2.3500115 2.4384861 1.9731682 2.5329877 2.5256238 2.6214831 4.3244632 2.4166568 2.6022932 2.2964385 2.7885133 2.9266754 2.6065377 3.0537373 2.9854184 0.0000000 0.7001564 0.9254224 1.6560453 3.9849855 2.8861677 2.9524898 2.9529636 2.6984381 2.6703346 2.5977341 2.2234860 2.1639892 3.0268560 3.4956908 3.0996769 3.6033860 3.0848097 3.0323099 
Gracom_Gcom_C535430_01                                 2.6719520 2.3378430 2.0806089 1.9474202 2.5265904 2.2346079 1.9483904 1.5817311 1.8294140 1.6594068 1.9477700 2.1370745 2.3457012 2.0256591 1.9458677 2.1112650 2.0032608 2.0032608 2.1050852 2.0535339 2.0328513 2.0148773 1.7195305 2.0373986 2.2906655 2.2064917 2.0189796 2.5634068 2.6475228 2.3916789 3.3814278 2.3609233 2.5604368 2.0884676 2.3489407 2.4012903 2.6120696 2.8076010 2.8127490 0.7001564 0.0000000 0.7194640 1.4550739 3.5905111 2.4921666 2.8124695 2.7836465 3.0312030 3.1183029 2.6081554 2.5460565 2.4526347 3.4319195 2.9369944 2.7823899 2.8679635 2.9861773 2.7501479 
Lcom_lcpid85298                                        2.3946805 2.1879345 2.1206627 1.9207651 2.0383694 1.9250980 1.7103247 1.4916387 1.6859311 1.6297445 1.9315173 1.9955066 2.2078810 1.7890885 1.6234060 1.8772408 2.0907173 2.0871103 2.2103996 2.2209102 2.2044785 2.1726399 1.7979815 1.9438619 2.2746113 2.1334183 1.9339314 2.5539114 2.2681282 2.6950429 3.0725630 2.6824374 2.5608721 2.1799320 2.5183458 2.5996739 2.5624762 2.7200213 3.1631883 0.9254224 0.7194640 0.0000000 1.2376648 3.0780695 2.6084965 2.5962383 2.7195203 2.4842627 2.5697905 2.4035982 2.3637782 2.3661947 3.0042340 3.0035897 2.8666892 3.2612103 3.0031962 3.0839230 
Clacor_Ccor_scaffold7312_01                            1.9830500 1.9000395 1.6542660 1.4599506 1.4192595 1.2706397 1.4576279 1.1064780 1.3462447 1.5367984 1.5260043 1.7778718 1.7764968 1.6715368 1.6053000 1.6034074 1.7356965 1.7517751 1.7497224 1.7020200 1.7876288 1.7530311 1.4098725 1.7969872 1.7609722 1.8675377 1.4127393 1.6870618 1.7410297 2.1364832 2.6498938 1.7805144 1.9841677 1.5729125 2.1185461 2.1718630 2.0862375 1.7547970 2.5335854 1.6560453 1.4550739 1.2376648 0.0000000 3.2818409 2.6478861 2.2577315 2.7926459 2.0292586 2.3754301 2.1191174 2.3993751 1.8785702 2.6905972 2.6478727 2.7634415 2.6444361 2.7754344 3.6139070 
Acaspe_EP00035_Acanthoeca_spectabilis_P009462          4.0491873 3.4346747 3.7017455 3.7754845 3.9070573 3.3818843 3.3186185 2.6170413 3.3872140 2.8777591 3.3458084 4.4860255 5.4147194 4.4168305 3.3103784 3.6229489 3.5916536 3.6633418 3.7737294 3.6185140 3.6934605 3.5003068 2.4843912 4.0628582 4.9896288 3.9642199 3.1296845 4.1436963 4.0585026 4.6719029 4.1749046 3.5244693 4.1164643 3.5201818 4.8008289 4.8252856 5.3122668 5.8955584 4.0236421 3.9849855 3.5905111 3.0780695 3.2818409 0.0000000 0.8453814 1.5018271 2.6410049 2.3506838 2.8540011 2.4197062 2.7022238 2.1801930 3.0196728 3.6635884 3.4594546 4.4071030 4.1744163 7.7307659 
Helnan_EP00037_Helgoeca_nana_P013058                   2.7679367 2.5005166 2.9071668 2.6519405 2.8888878 2.8044633 2.6733107 2.3430958 2.7514238 2.6520263 2.7517476 2.4213295 2.5826255 2.7065989 2.6097146 2.8119460 2.7714290 2.8006619 2.9817552 2.7903930 2.9631686 3.0052395 2.0637539 2.9162989 3.1417052 2.8651240 2.4922211 2.6954803 2.6845281 2.7356661 4.4267971 2.6766588 2.6085163 2.5598630 2.7666921 2.5160022 2.9561697 3.4423806 2.7289614 2.8861677 2.4921666 2.6084965 2.6478861 0.8453814 0.0000000 1.0774502 1.2697200 2.0790417 2.1188568 1.9830570 1.8144987 1.4800160 1.9170690 2.8074136 2.8324633 3.0630011 2.5017536 3.0742049 
Stedip_EP00041_Stephanoeca_diplocostata_P018868        2.7556340 2.7070949 2.5708320 2.7311869 2.7996268 2.7601168 2.4961464 2.2594911 2.6567705 2.4905115 2.8537772 2.5462368 2.6149709 2.8427852 2.4186100 2.7658030 2.5261907 2.5500142 2.6217556 2.6026523 2.8443630 2.7983370 2.0297426 3.0103005 2.9694873 2.6318106 2.3865940 2.5603656 2.3923296 2.9219050 4.8680887 2.5066364 2.6350054 2.4644722 2.6253990 2.6259615 2.8448579 3.4847645 2.6541375 2.9524898 2.8124695 2.5962383 2.2577315 1.5018271 1.0774502 0.0000000 1.4063082 2.1225160 2.1398705 2.3619487 1.9826471 2.0263090 1.7741803 2.4820434 2.6546559 2.7717008 2.7823231 2.7049601 
Diagra_EP00040_Diaphanoeca_grandis_P035045             2.3396414 2.5301091 2.5163112 2.2289432 2.4115295 2.3340226 2.0814781 2.1747155 2.1891740 2.1144308 2.2239034 2.3369017 2.3169780 2.4695557 2.4388396 2.5885700 2.6783008 2.6975051 2.7477908 2.6608728 2.8584871 2.8243512 2.3542060 3.0861380 2.5607633 2.4668161 2.8245492 2.4451830 2.3821454 2.8163435 3.8017606 2.4688730 2.2279259 2.4181574 2.5358510 2.5504529 2.9824891 2.9041042 2.3577802 2.9529636 2.7836465 2.7195203 2.7926459 2.6410049 1.2697200 1.4063082 0.0000000 2.4631714 2.5352237 2.1977717 2.1652393 1.9340071 2.1977528 2.7368406 2.6877861 2.7103795 2.2242062 3.3955195 
Microa_EP00043_Microstomoeca_roanoka_P001590           2.5442324 2.6575708 2.4324527 2.4403311 2.8153021 2.5794654 2.4174011 2.1014412 2.4413261 2.3803512 2.3744104 2.9316708 2.6052745 2.4786794 2.3852007 2.7373210 2.3273781 2.3426887 2.2203401 2.4406935 2.3898446 2.3291857 2.2890065 2.4169397 2.7494372 2.4298548 2.8414559 2.6374695 2.6236763 2.7434683 3.5952752 2.6766249 2.7774342 2.6346792 2.6122532 2.7803824 2.6178022 2.7067340 2.3629484 2.6984381 3.0312030 2.4842627 2.0292586 2.3506838 2.0790417 2.1225160 2.4631714 0.0000000 1.5016877 1.4131508 1.7109975 1.6100965 2.0261592 2.4553669 2.4921367 2.3819372 2.2777346 2.1649664 
Choper_EP00045_Choanoeca_perplexa_P003736              2.4138459 2.2316240 2.5670051 2.5507103 3.0124371 2.7591409 2.5891269 2.5414867 2.5096713 2.5148602 2.6706109 2.4652770 2.5495457 2.4632708 2.2016906 2.3753198 2.2691177 2.2468567 2.3249214 2.4575297 2.4535585 2.4551989 2.0855469 3.3222126 3.0504222 2.5872464 2.7748045 2.4882817 2.4240137 2.8268664 3.4778195 2.7079011 2.4403636 3.0078860 2.6415605 2.6745515 3.1358379 2.8117877 2.7332316 2.6703346 3.1183029 2.5697905 2.3754301 2.8540011 2.1188568 2.1398705 2.5352237 1.5016877 0.0000000 0.5259265 1.6388661 1.6109325 2.0017828 2.5766494 2.4033948 2.5756495 2.1253850 1.3612341 
Chofle_EP00730_Choanoeca_flexa_P015668                 2.1886684 2.2371902 2.4629525 2.4546859 2.7330621 2.4727211 2.2586801 2.0849899 2.2627875 2.2295123 2.3209894 2.5697389 2.4934652 2.4353993 2.1630247 2.3370560 2.3551096 2.3314486 2.2991770 2.4450452 2.5792964 2.4918312 2.1570228 2.8521113 2.8691775 2.7531421 2.6858262 2.5708277 2.2277973 2.6673083 3.6625643 2.5794225 2.6058129 3.1234822 2.5267590 2.5754355 2.9088649 2.7448974 2.6467831 2.5977341 2.6081554 2.4035982 2.1191174 2.4197062 1.9830570 2.3619487 2.1977717 1.4131508 0.5259265 0.0000000 1.5040103 1.4427063 2.1018008 2.5136771 2.5181204 2.5912916 2.2307665 1.3142152 
Salpun_EP00053_Salpingoeca_punica_P009543              1.8616328 2.0072345 2.0985185 2.2474075 2.4726158 2.2610530 2.0106494 1.9613895 1.9700122 1.8137724 2.1017601 2.1498058 2.0424826 2.1494660 2.1494660 2.3222490 1.7865920 1.7865920 1.8899845 1.8030074 2.0066574 1.9713992 1.8958656 2.7820712 2.4015788 2.3567184 2.4784943 1.9962254 1.8602568 2.3872376 3.0473051 2.1609508 2.1481560 2.9322458 2.0862461 2.0446786 2.3430786 2.3089381 2.0877719 2.2234860 2.5460565 2.3637782 2.3993751 2.7022238 1.8144987 1.9826471 2.1652393 1.7109975 1.6388661 1.5040103 0.0000000 1.3468949 1.6308309 2.3873642 2.1361809 2.1811378 2.0916240 2.2117859 
Salkve_EP00050_Salpingoeca_kvevrii_P002543             2.2411520 2.0217575 2.0602466 1.8608582 2.3334381 2.0901330 2.0611825 1.9417227 1.9438654 1.8919081 2.0348330 1.9281311 1.8659688 2.3195276 2.2115205 2.3075048 2.0837442 2.0846533 1.8922188 1.8805700 2.0195128 2.0000021 1.9417279 2.5512650 2.4913223 2.3050036 2.1035966 2.0607769 1.7736411 2.2287524 3.0804479 2.4022512 2.5211145 2.3786884 2.4760276 2.2583261 2.4878692 2.4780445 2.6231852 2.1639892 2.4526347 2.3661947 1.8785702 2.1801930 1.4800160 2.0263090 1.9340071 1.6100965 1.6109325 1.4427063 1.3468949 0.0000000 1.6551411 2.1794536 2.1913464 2.1682304 1.7608428 2.0655160 
Saldol_EP00054_Salpingoeca_dolichothecata_P036370      2.5959660 2.4344127 2.5712178 2.4960645 2.9528717 2.7510092 2.3954388 2.3514420 2.4658691 2.1607580 2.7054865 2.5342124 2.4500321 2.4866604 2.4866604 2.3769450 2.1840552 2.1850937 2.4403426 2.2473029 2.5115956 2.4838729 2.0620258 3.2007211 2.7729962 2.7156184 2.6691842 2.1932610 1.8994095 2.3164399 3.6271873 2.5347811 2.4787754 2.7990013 2.5391842 2.5222418 2.8033518 2.6063936 2.5928281 3.0268560 3.4319195 3.0042340 2.6905972 3.0196728 1.9170690 1.7741803 2.1977528 2.0261592 2.0017828 2.1018008 1.6308309 1.6551411 0.0000000 2.9116928 2.4380671 2.4496147 2.4689216 2.1362987 
Coeast_Cast_sb822372                                   2.3008189 2.0676665 2.1239567 2.1580722 2.6469128 2.3726245 2.2145901 2.0904004 2.2133705 2.2054223 2.2823200 1.9714630 2.0156472 3.3688903 2.8990702 3.0540446 2.4935670 2.4693262 2.4993671 2.4910941 2.6253710 2.5837425 2.1970975 2.0733790 2.2270190 2.2072931 2.2632013 2.1048232 2.7088723 2.8599194 3.2645663 2.4630191 2.8849969 2.3455098 2.2306910 2.3420926 2.1965430 2.8976042 2.4062722 3.4956908 2.9369944 3.0035897 2.6478727 3.6635884 2.8074136 2.4820434 2.7368406 2.4553669 2.5766494 2.5136771 2.3873642 2.1794536 2.9116928 0.0000000 0.0959417 0.9124889 1.1390933 3.7765627 
Coemet_Cmet_C596719_01                                 2.2428074 1.9152142 1.9680450 2.0013683 2.5767791 2.4392323 2.1014209 1.9536074 2.0987516 2.0565857 2.1046272 1.7505133 1.8461093 2.7867078 2.4872186 2.6474412 2.3580087 2.3393791 2.4343117 2.3946560 2.4639078 2.4165510 2.1440194 2.3882031 2.3563861 2.1985591 2.2159533 1.9615670 2.4277210 2.6855030 3.0523159 2.3315180 2.3680630 2.4581233 2.2795810 2.4262672 2.3382858 2.6923105 2.4529869 3.0996769 2.7823899 2.8666892 2.7634415 3.4594546 2.8324633 2.6546559 2.6877861 2.4921367 2.4033948 2.5181204 2.1361809 2.1913464 2.4380671 0.0959417 0.0000000 0.8975570 1.0783640 3.4323148 
Lampan_Lpan_12619_01                                   2.5756870 2.3191857 1.9769773 2.1188578 2.8808239 2.7935748 2.5487570 1.9988080 2.5225780 2.4302999 2.6393096 2.1332463 2.2205697 2.6358188 2.5943764 2.8001025 2.6597927 2.6619590 2.5958232 2.5392890 2.8909531 2.8909317 2.3462704 2.8046306 2.9197206 2.7465775 2.2929383 2.5446553 2.5994191 3.0975392 4.6553884 2.2632644 2.5741720 2.4910648 2.3663034 2.5030889 2.5815665 2.4416080 2.7777146 3.6033860 2.8679635 3.2612103 2.6444361 4.4071030 3.0630011 2.7717008 2.7103795 2.3819372 2.5756495 2.5912916 2.1811378 2.1682304 2.4496147 0.9124889 0.8975570 0.0000000 0.7532073 3.2520041 
Beraby_Baby_sb329097                                   2.3253457 2.1996028 2.2276388 2.2824793 2.5018945 2.4452773 2.1058094 1.9463255 2.1417250 2.1224918 2.2461342 2.3035202 2.0957439 2.7322275 2.4093317 2.5165008 2.4568179 2.4700874 2.4076094 2.4719004 2.6892994 2.7001112 2.1658811 2.9086143 2.6612781 2.2805180 2.0222023 2.3135453 2.1969710 2.6267008 3.8892162 2.1711629 2.4771525 2.4240140 2.4413914 2.5112568 2.8499979 2.6257173 2.3915321 3.0848097 2.9861773 3.0031962 2.7754344 4.1744163 2.5017536 2.7823231 2.2242062 2.2777346 2.1253850 2.2307665 2.0916240 1.7608428 2.4689216 1.1390933 1.0783640 0.7532073 0.0000000 3.2386497 
Mbre_EDQ89100                                          3.2042218 3.1905247 3.3008243 3.0052222 3.9229868 3.5114192 3.0823984 2.9904449 2.9274001 2.9247026 3.1059940 2.5957473 2.8163272 3.0107722 3.0107722 3.2297731 2.9333900 2.9333900 2.9801556 2.9357664 2.9176434 2.8620861 2.8853172 3.7053574 3.4508963 3.4189349 3.6519184 3.2626441 2.6073135 3.5326145 8.9999983 3.5483896 3.3399328 4.0940082 3.2128998 3.3033157 3.2995393 3.2929883 3.0337693 3.0323099 2.7501479 3.0839230 3.6139070 7.7307659 3.0742049 2.7049601 3.3955195 2.1649664 1.3612341 1.3142152 2.2117859 2.0655160 2.1362987 3.7765627 3.4323148 3.2520041 3.2386497 0.0000000 
