76
Hsap_ENST00000378823                                    0.0000000 1.1676961 1.4674855 1.7296298 0.7392930 1.6102521 1.5829654 1.5184137 1.6594125 1.6375449 1.8411595 1.8029665 1.8656711 2.0185762 1.9293209 2.3552034 2.0520953 2.0326672 1.4418710 2.1317166 2.1425079 1.8855717 1.8330991 2.1373076 1.4873160 1.5768760 3.0710592 2.9063681 2.7084968 2.9866575 2.1189734 3.2563859 3.2425929 2.3626039 2.3999169 2.2013371 2.2520430 2.3558926 2.1751734 2.1753584 2.2012112 2.2231677 2.2469398 2.3091083 2.2295884 2.3508696 1.5456788 2.6027616 3.5194517 2.2134676 3.5352532 3.1920624 3.5619331 2.1973061 2.7591384 2.6494138 2.7947441 2.8338454 2.6101757 2.4765910 2.3517605 2.4522232 3.3023358 3.5572312 3.3600912 4.0386086 3.3203893 3.4388567 3.3820782 3.7122038 1.6290003 2.1906820 3.3333489 3.5251368 3.3197496 2.7411409 
Bralan_BLAG03001753_1                                   1.1676961 0.0000000 1.2261562 1.5905992 0.7731399 1.4577821 1.4717460 1.3401488 1.4474158 1.4639219 1.5827619 1.6336734 1.6906995 1.7639643 1.6915099 1.9803350 1.8622424 1.8327869 1.2724401 1.9649824 1.8845326 1.7124362 1.7601205 2.0433575 1.3224113 1.3925389 3.0378780 2.9720388 2.8471737 3.1144889 1.8045313 3.1578398 3.1176470 2.2482126 2.2511304 1.9434828 1.9692979 2.0742348 1.9455755 1.8987745 1.9325808 1.9742528 1.9828163 2.0101571 1.9828984 2.1279988 1.3912427 2.6636755 3.3175306 2.1727400 3.6280115 3.1406984 3.2646201 2.1503033 2.5697766 2.5170728 2.5472399 2.6778342 2.6295533 2.1714698 2.0275133 2.1763735 3.1585848 3.2898576 3.3374433 3.3499067 3.0224120 3.0350282 3.0397637 3.5329535 1.3475964 1.8367919 3.0253795 3.4450025 2.8440916 2.4487526 
Cgig_XM_034444042.1                                     1.4674855 1.2261562 0.0000000 1.6959077 0.6755215 1.5665677 1.5606131 1.3954410 1.5605737 1.5479095 1.8214893 1.8494533 1.7055694 1.9032263 1.8542753 2.1106104 1.9880927 1.9214752 1.2867649 2.0506934 1.9247940 1.8916944 1.8427842 2.1121551 0.9813343 1.5278389 3.1010371 2.9456481 3.0257893 3.1328602 1.9523474 3.1319315 3.0988084 2.3036563 2.2090082 2.0366819 2.0808120 2.1549310 2.0193894 1.9640227 1.9867679 2.0068612 2.1113087 2.1795989 2.0118089 2.1563809 1.4692502 2.5353187 3.3370278 2.1991713 3.4143971 3.0804708 3.1649363 2.3982098 2.5681741 2.6469595 2.5790545 2.6119541 2.5708597 2.5427606 2.2672453 2.1369216 3.2645429 3.4185000 3.0548695 3.9711054 3.4333477 3.4409833 3.2253900 3.8704696 1.6229328 1.8512948 3.2915670 3.7860872 3.1707835 2.3846929 
Exapal_XM_021059692.2                                   1.7296298 1.5905992 1.6959077 0.0000000 0.2474107 0.7142311 0.7394335 0.5868255 0.7553857 0.7210977 0.9285838 0.9452142 1.3272972 1.3599876 1.1689381 1.5296015 1.4742271 1.4137885 1.2860565 2.1611832 2.0358273 1.7401726 1.3733855 1.6819909 1.7362336 1.7310948 3.3265710 2.7157357 2.8056821 2.7357711 2.0774788 3.0703710 3.0334203 2.3015461 2.3428017 2.0860233 2.1346975 2.1744788 2.0512167 2.0324769 2.0647718 2.0953155 2.0433136 2.1125888 2.0574961 2.2324106 1.4271298 2.5543837 3.3608900 2.0567550 3.4500581 3.2979694 3.3414379 2.1397657 2.5750457 2.6010293 2.7304536 2.6925740 2.5509480 2.3309041 2.0109965 2.2176023 3.3808004 3.4700586 3.2154986 3.7719662 3.1923587 3.0879906 3.1331896 3.3848469 1.8690378 2.4494304 3.1740095 3.5184254 2.9909775 2.2585481 
Nvec_v1g95716                                           0.7392930 0.7731399 0.6755215 0.2474107 0.0000000 0.2610926 0.3086191 0.3520082 0.3112553 0.3223228 0.3581167 0.0000010 0.4919090 0.5050809 0.5200551 3.0255802 0.6457232 0.5894641 0.8205400 0.9386587 0.8640991 0.7308487 0.5855689 0.5983207 0.6404389 0.9153086 1.3300054 1.4067222 1.4275641 1.3219170 1.2111464 1.2831569 1.2554354 0.9580690 0.9749973 0.8715373 0.8715373 0.8315462 0.8535981 0.8450891 0.8450891 0.6180543 0.7951429 0.8390581 0.8319948 0.5943111 1.3864338 0.8187206 3.3702901 0.0000010 2.0281767 2.4955619 1.7604286 7.8518317 0.8267338 0.8869261 1.1191554 0.8939819 0.8002074 0.9806060 0.9820218 0.8559675 1.5755411 1.6372385 1.3012944 1.5458225 1.5439070 1.4536961 1.2746760 1.1608503 1.5128112 1.7235391 1.0075394 1.4431161 1.7252361 2.6941344 
Gfas_gfas1.m1.9291.m1                                   1.6102521 1.4577821 1.5665677 0.7142311 0.2610926 0.0000000 0.2629010 0.2619731 0.2925000 0.2814473 0.4022387 0.3432214 1.1302883 1.3504770 1.1981567 1.4579675 1.4553163 1.3362380 1.1701338 1.9608350 1.8041179 1.4948003 1.3316537 1.5803527 1.6056540 1.7230499 2.9465943 2.6621282 2.3936469 2.6477978 1.8954877 3.0643270 3.0441155 2.1195895 2.2278668 1.8591677 1.9017786 1.9312500 1.8653791 1.8471968 1.8790948 1.8788474 1.9467273 1.9922140 1.9427938 2.1022554 1.4362892 2.3347658 3.5084966 1.9900787 3.3740178 3.0468298 3.3726784 2.5058200 2.5608079 2.5559868 2.6688068 2.5199006 2.5116145 2.1186463 1.9373890 1.7889854 3.3356132 3.4757988 3.3180279 3.6221205 3.2033407 3.1768590 3.1175805 3.4230532 1.7828406 2.3548618 2.9335656 3.4694214 2.6671518 2.0929234 
Fspp_ffun1.m4.27511.m1                                  1.5829654 1.4717460 1.5606131 0.7394335 0.3086191 0.2629010 0.0000000 0.2285314 0.2915587 0.2772101 0.4613817 0.4179319 1.1545518 1.3342359 1.1615398 1.4050904 1.4045680 1.2902088 1.1378864 1.9414794 1.7281566 1.5014974 1.3040455 1.5865498 1.5969293 1.6459994 2.9105271 2.7515942 2.4874085 2.7156716 1.8043195 3.0076851 2.9865645 2.1412547 2.2807578 1.8343242 1.8757807 1.8577124 1.8006309 1.8187271 1.8474036 1.8624330 1.9543032 2.0307025 1.8728003 2.1989319 1.3891283 2.3794913 3.5183018 1.9848592 3.3334520 3.0279967 3.2554242 2.3945655 2.6367383 2.5937846 2.5928491 2.5162194 2.4591095 2.1800841 1.9382241 1.8653472 3.1883632 3.3293173 3.1196626 3.6992274 3.1737559 3.2743954 3.0806871 3.4893395 1.7698695 2.2710048 3.0598731 3.4489411 2.6876193 2.0644978 
Gasp_gasp1.m3.27825.m1                                  1.5184137 1.3401488 1.3954410 0.5868255 0.3520082 0.2619731 0.2285314 0.0000000 0.2898344 0.2803576 0.4585673 1.8749743 0.8032300 1.1383460 1.1596276 3.3392688 1.3379687 1.1724160 1.1553901 1.4597897 1.2384079 1.0749914 0.9935932 1.0069390 1.2270617 1.6046641 1.8675747 1.9383627 1.9591864 1.8741024 2.0276389 2.1570945 2.1411552 1.6871402 1.7989452 1.5874349 1.5682668 1.3722051 1.5027689 1.4802078 1.5005668 1.2456046 1.3830585 1.5180433 1.5045012 1.8102441 4.2927820 1.4299101 4.0656595 5.2039038 3.3794754 3.6349504 3.6071511 6.9657360 1.7815352 1.8313764 1.9430977 1.5689704 1.7344884 1.3404000 1.7604908 1.2289743 2.2280201 2.3077183 2.2599325 2.5473395 2.4091962 2.3790865 2.3252927 1.8762314 2.1921205 2.1658915 1.6298564 2.1402257 2.0044721 2.6776363 
Spis_XP_022787878_1                                     1.6594125 1.4474158 1.5605737 0.7553857 0.3112553 0.2925000 0.2915587 0.2898344 0.0000000 0.1071525 0.5121637 0.4669122 1.1989507 1.3802839 1.1799418 1.5382256 1.4768609 1.3911729 1.2763911 1.9676733 1.8200108 1.5744611 1.3557793 1.6033560 1.6171830 1.7472839 3.0064797 2.7554005 2.5103876 2.7411219 1.9466389 3.1641843 3.1229699 2.1651575 2.2512220 1.8541296 1.9033891 1.9373163 1.8530514 1.8571903 1.8839420 1.9139711 1.9806552 2.0194508 1.9133601 2.1364468 1.4913077 2.4794328 3.5869643 2.0196939 3.4751159 3.2258870 3.3741820 2.3940752 2.5870190 2.6324388 2.6544229 2.5420642 2.4642783 2.1542699 1.9472418 1.8633800 3.3244452 3.4824098 3.4176706 3.7181533 3.2341935 3.3296149 3.1176795 3.4353603 1.7810248 2.1733478 2.9557996 3.5234890 2.7511379 2.0187535 
Pocdam_XM_027200803.1                                   1.6375449 1.4639219 1.5479095 0.7210977 0.3223228 0.2814473 0.2772101 0.2803576 0.1071525 0.0000000 0.5058244 0.4869484 1.1725333 1.3182342 1.1320717 1.4871010 1.4246514 1.3435480 1.2898499 1.9118369 1.7691430 1.5508299 1.3219212 1.5660237 1.6079272 1.7082161 3.0075607 2.7342917 2.5140111 2.7155642 1.9290628 3.1456008 3.1032981 2.1430846 2.2429529 1.8290263 1.8774981 1.9306391 1.8207039 1.8283361 1.8554448 1.8924229 1.9436150 1.9845496 1.8521980 2.1323579 1.4357493 2.4192020 3.5962306 2.0758526 3.4337816 3.1849641 3.2696008 2.4901289 2.5911680 2.6122761 2.6167309 2.5696558 2.3829444 2.1025660 1.9214293 1.8472087 3.2758860 3.4652616 3.3073803 3.6900057 3.2137065 3.2730776 3.1203626 3.4054198 1.7134081 2.1927700 2.8706817 3.5212595 2.7207536 1.9970064 
Adig_XM_015902397.1                                     1.8411595 1.5827619 1.8214893 0.9285838 0.3581167 0.4022387 0.4613817 0.4585673 0.5121637 0.5058244 0.0000000 0.1936125 1.2902116 1.4663534 1.3620152 1.5663604 1.5822305 1.5055607 1.2843062 2.1706893 1.8757099 1.6967017 1.4711817 1.7671137 1.7616408 1.8405480 3.2525819 2.8554864 2.8053840 2.9806670 2.1006654 3.2346960 3.2210110 2.2508099 2.3868933 2.0209227 2.0763260 2.0666544 1.9700319 2.0071407 2.0425641 2.0397701 2.1271035 2.1971661 2.0583020 2.2190422 1.6178581 2.4613645 3.6224498 1.9428245 3.4140174 3.1387347 3.4097043 2.4183987 2.7048311 2.5422433 2.6679536 2.6795133 2.5681334 2.2863450 2.0908076 1.9863654 3.4572590 3.6167187 3.4139553 3.8476832 3.3684075 3.4151702 3.3768970 3.4667943 1.8878437 2.2679783 2.9686119 3.6353775 3.1355570 2.1995164 
Amil_Amillepora01607-RA                                 1.8029665 1.6336734 1.8494533 0.9452142 0.0000010 0.3432214 0.4179319 1.8749743 0.4669122 0.4869484 0.1936125 0.0000000 1.4163599 1.5578755 1.2675613 1.5117089 1.6409324 1.5081203 0.8670067 2.3355963 2.1543836 2.1291508 1.5458021 2.1547919 1.8753415 1.7822240 3.8269598 3.5014449 0.0000010 3.8543410 0.0000010 3.5258551 3.4972270 2.5492549 2.6120731 2.0196392 2.1223465 2.2184257 2.0516969 2.0460881 2.0976301 2.0891910 2.3825471 2.3669717 2.3289048 2.4383478 1.7418281 2.8382193 3.8139012 2.2021370 3.6316529 3.2699713 3.2957391 2.3145005 3.1473393 2.7644030 2.8813928 3.0020762 2.9357968 3.1163940 2.3748810 2.7087383 3.8609132 3.9372555 4.1181648 4.6964528 3.5728365 3.8197988 3.6893571 4.5677590 1.7541359 2.3527121 3.8268350 4.4642212 4.9473998 2.1168710 
Sanmal_Sma_022122-T1                                    1.8656711 1.6906995 1.7055694 1.3272972 0.4919090 1.1302883 1.1545518 0.8032300 1.1989507 1.1725333 1.2902116 1.4163599 0.0000000 1.6490440 1.5251242 0.6093773 0.8379767 0.7260030 1.2382959 2.1618702 1.9572610 1.5857697 1.2291301 1.4348738 1.8328035 1.9665503 3.0667221 2.8706152 2.4804452 2.8869067 1.9265399 3.1976036 3.1608019 2.3660354 2.4403616 2.0299446 2.0791507 2.1656112 2.0339045 2.0040628 2.0403838 2.0908079 2.0896619 2.1556251 2.1358983 2.4383566 1.4574196 2.5908402 3.6060795 2.1336417 3.5053757 3.3840486 3.3241180 2.4084850 2.5922877 2.5530379 2.7405659 2.7218129 2.7405822 2.4988375 2.3119591 2.2755230 3.3768899 3.4616163 3.5378561 4.1023371 3.5850276 3.2823623 2.9822108 3.4780475 2.0926237 2.5867514 3.3963538 3.7260294 2.9844855 2.0025038 
Xesp_007962-T1                                          2.0185762 1.7639643 1.9032263 1.3599876 0.5050809 1.3504770 1.3342359 1.1383460 1.3802839 1.3182342 1.4663534 1.5578755 1.6490440 0.0000000 0.5369340 1.9371647 1.8096830 1.7836818 1.4899195 2.4458600 2.2842828 2.0442432 1.7073217 1.9888916 2.0332003 2.1361740 3.4140110 2.9787810 3.0059174 3.1675476 2.1503516 3.4028148 3.3985344 2.5737723 2.5269551 2.1793260 2.2526734 2.2471812 2.1470266 2.1122008 2.1505209 2.1700849 2.2998034 2.2852987 2.2745314 2.5541881 1.6022756 2.7532336 3.5953649 1.8501536 3.3182914 3.3602297 3.7898394 2.7172510 2.8135551 2.9097486 2.7246124 2.9872182 2.6113113 2.6168980 2.3241852 2.4701927 3.8071065 3.6823436 3.5347159 4.0036842 3.3052582 3.4835268 3.4379844 4.0750395 2.2783952 2.7555129 3.4631192 3.9762359 3.2162690 2.6870317 
Dgig_XM_028538971.1                                     1.9293209 1.6915099 1.8542753 1.1689381 0.5200551 1.1981567 1.1615398 1.1596276 1.1799418 1.1320717 1.3620152 1.2675613 1.5251242 0.5369340 0.0000000 1.6764822 1.6686911 1.6187237 1.4875842 2.2103633 2.0915321 1.8649114 1.5345905 1.8754105 1.9056962 1.9543756 3.2789168 2.8821174 2.7566306 3.0633610 2.1347185 3.3268755 3.3490892 2.4528470 2.4638459 2.1237882 2.1914055 2.2007517 2.1083154 2.0386986 2.0708732 2.1936421 2.2294362 2.2208884 2.1144430 2.3591843 1.6405739 2.6390436 3.4497722 1.7631632 3.2987135 3.3540036 3.5646954 2.3989697 2.6087577 2.6358957 2.7646648 2.7472734 2.6665011 2.4549074 2.2422241 2.2481503 3.5502065 3.6128817 3.2816805 3.8500239 3.3302946 3.3699154 3.4244049 3.9999931 2.0002464 2.6676897 3.1880994 3.6098234 3.0303030 2.4440949 
Aaur_scaffold716.g3.t1                                  2.3552034 1.9803350 2.1106104 1.5296015 3.0255802 1.4579675 1.4050904 3.3392688 1.5382256 1.4871010 1.5663604 1.5117089 0.6093773 1.9371647 1.6764822 0.0000000 0.6734096 0.5559886 2.7577933 2.7809790 2.6379524 2.5800739 1.4058915 1.8206670 2.2647870 2.1902401 3.7406824 4.0043660 2.8063112 3.6847925 2.8258671 3.9815814 3.9491601 3.1358629 3.1001150 2.4111377 2.4250179 2.3917122 2.4100465 2.3501408 2.4400588 2.3116866 2.7849798 2.8003125 2.6400961 3.0497306 1.7284144 3.2552273 3.8743503 3.1202502 4.3653992 3.8360614 4.1549764 2.9230100 3.3954237 3.3235906 3.6405887 3.4194373 3.3437295 3.5089294 2.9233335 3.1169326 4.2682632 4.3581068 4.4822326 5.1049697 4.2350438 4.1327075 3.7594314 5.1883940 2.1862174 3.0885642 4.4124998 4.5501940 5.2077241 1.8204783 
Nemnom_g5339.t1                                         2.0520953 1.8622424 1.9880927 1.4742271 0.6457232 1.4553163 1.4045680 1.3379687 1.4768609 1.4246514 1.5822305 1.6409324 0.8379767 1.8096830 1.6686911 0.6734096 0.0000000 0.3335114 1.5332479 2.3355461 2.1655029 1.8797329 1.3344281 1.5716678 1.9560905 2.0902489 3.2271488 2.7671775 2.8108878 2.9878719 1.9255070 3.3507704 3.3212769 2.4879144 2.6932874 2.1810225 2.2342990 2.4061890 2.2304058 2.2060355 2.2332252 2.2483880 2.3774278 2.4174000 2.3102381 2.5833698 1.5953638 2.7863450 3.6884246 2.4285628 3.8900352 3.4101051 3.7287426 2.5018083 2.6391672 2.8454492 2.8908270 2.9885397 2.7182993 2.7398911 2.6248449 2.5508780 3.4820960 3.6020771 3.5915873 3.7887310 3.4726111 3.3168193 3.1506834 3.8029263 2.2401655 2.8242849 3.5024336 3.8534137 3.3414953 2.0214592 
Rhoesc_Res_015695-T1                                    2.0326672 1.8327869 1.9214752 1.4137885 0.5894641 1.3362380 1.2902088 1.1724160 1.3911729 1.3435480 1.5055607 1.5081203 0.7260030 1.7836818 1.6187237 0.5559886 0.3335114 0.0000000 1.5319636 2.2996698 2.1861139 1.8758229 1.2842442 1.5255018 1.8573943 2.0094346 3.2948768 2.7936045 2.7460470 2.9353211 1.9712784 3.2352277 3.2223729 2.5290804 2.6113288 2.1511088 2.2036045 2.3224583 2.1681472 2.1464607 2.1814666 2.1848174 2.3682750 2.3905621 2.3479701 2.5819358 1.5657485 2.8042074 3.6527245 2.3091075 3.7245952 3.4870969 3.6955972 2.3684084 2.7009963 2.7899189 2.7474707 2.7293447 2.7500233 2.5937475 2.5127087 2.4587889 3.4500039 3.6303335 3.5922586 3.7506131 3.4272059 3.2813516 3.0464812 3.8124971 2.1834317 2.7133529 3.5221248 3.9880436 3.1233375 1.9620764 
Clacor_Ccor_scaffold10573_01                            1.4418710 1.2724401 1.2867649 1.2860565 0.8205400 1.1701338 1.1378864 1.1553901 1.2763911 1.2898499 1.2843062 0.8670067 1.2382959 1.4899195 1.4875842 2.7577933 1.5332479 1.5319636 0.0000000 0.8229500 0.8084143 0.7594964 1.4099892 1.3381332 1.2103901 1.1709315 2.1757257 2.2148118 2.0662718 2.0094411 1.8517329 2.0622449 2.0458747 1.6424338 1.8095542 1.7515470 1.7472013 1.9051090 1.8645754 1.8987975 1.8822871 1.7874096 1.5922120 1.6621097 1.3913372 1.8496631 0.9832205 1.5085830 3.6423964 1.0641921 0.9530716 2.2920559 3.3286330 2.9340406 1.5422450 1.4630482 1.7403808 1.8129680 1.5822714 1.3789140 1.5881571 1.2896441 2.2152049 2.1641606 1.9810583 2.0581243 1.9878151 1.8228216 1.8816570 1.8903050 2.3561236 2.3801742 1.7319952 2.1381407 2.5491282 2.5870322 
Lcom_lcpid17706                                         2.1317166 1.9649824 2.0506934 2.1611832 0.9386587 1.9608350 1.9414794 1.4597897 1.9676733 1.9118369 2.1706893 2.3355963 2.1618702 2.4458600 2.2103633 2.7809790 2.3355461 2.2996698 0.8229500 0.0000000 0.5209210 0.5316928 2.1647387 2.4132939 2.2781667 2.2364080 3.4846547 3.0171168 2.6953410 3.2751610 1.9184981 3.5575708 3.5539615 2.2808982 2.5151712 2.6200030 2.7001407 2.8506222 2.6617011 2.6386880 2.6817369 2.7009594 2.2638470 2.3257667 2.1554390 2.5296254 1.5747413 2.7690553 3.8193935 2.1660921 3.7704773 3.5179693 3.6547043 2.3506302 2.7563586 2.6290458 2.8114186 3.0113210 2.8859286 2.3026298 2.1962499 2.1782202 3.5042088 3.5932700 3.2943531 3.9880632 3.3556390 3.2584441 3.4517013 3.9129178 2.3783553 2.9038552 3.2802786 3.6952347 3.4108516 3.2060017 
Gracom_Gcom_scaffold16520_01                            2.1425079 1.8845326 1.9247940 2.0358273 0.8640991 1.8041179 1.7281566 1.2384079 1.8200108 1.7691430 1.8757099 2.1543836 1.9572610 2.2842828 2.0915321 2.6379524 2.1655029 2.1861139 0.8084143 0.5209210 0.0000000 0.3707016 2.0308141 2.2905717 2.0786935 2.1788729 3.1259199 2.8025172 2.6134723 2.8730845 1.8278654 3.3894447 3.3587077 2.2444979 2.4051596 2.4629534 2.5241405 2.5697430 2.4512143 2.4209660 2.4486360 2.4954570 2.1951008 2.2509775 2.1408443 2.3992919 1.4990522 2.5971923 3.7710459 2.4322932 3.9432456 3.1365112 3.4355601 2.3846435 2.6188744 2.5823340 2.5992912 2.9428497 2.7611150 2.2628311 2.1253117 2.1032233 3.3463979 3.6028503 3.3011917 3.7844957 3.2540856 3.1529762 3.3149114 3.4993627 2.3294042 2.7390704 3.0231617 3.4185928 3.0841030 3.0545452 
Leuniv_Lniv_C810194_01                                  1.8855717 1.7124362 1.8916944 1.7401726 0.7308487 1.4948003 1.5014974 1.0749914 1.5744611 1.5508299 1.6967017 2.1291508 1.5857697 2.0442432 1.8649114 2.5800739 1.8797329 1.8758229 0.7594964 0.5316928 0.3707016 0.0000000 1.7135677 1.9392222 1.8676685 2.0026549 2.8431995 2.9744691 2.6699085 2.7258032 1.7237961 3.1812925 3.1389031 2.0155091 2.1936271 2.4621684 2.4589262 2.3365258 2.3974221 2.3772279 2.3772279 2.4603114 1.9142528 1.9903799 1.8440891 2.2310104 2.1676759 2.4056021 3.8159226 0.0000010 1.8861205 2.4273289 4.7883698 3.2541724 2.3430835 2.3542838 2.3788110 2.5987700 2.6429913 1.6726502 1.9482459 1.6580898 3.1039896 3.3372859 2.9253766 3.2327807 3.3313142 3.1896463 3.1986409 2.8268590 2.4369437 4.1823225 2.4340844 2.8955260 2.8898635 3.6323780 
Morvir_scaffold35.g13.t2                                1.8330991 1.7601205 1.8427842 1.3733855 0.5855689 1.3316537 1.3040455 0.9935932 1.3557793 1.3219212 1.4711817 1.5458021 1.2291301 1.7073217 1.5345905 1.4058915 1.3344281 1.2842442 1.4099892 2.1647387 2.0308141 1.7135677 0.0000000 1.5275326 1.9076022 2.1018230 3.3022913 2.8704198 2.7781503 3.0646164 2.2693490 3.2360888 3.1654215 2.4353563 2.5002228 2.0956266 2.1554411 2.2756782 2.1096127 2.0733595 2.0996727 2.1629219 2.2922397 2.3468255 2.1933574 2.4678634 1.6277637 2.6215713 3.5088165 2.3369897 3.4942729 3.2233227 3.5385997 2.2805583 2.7736351 2.6815218 2.7943816 2.9559014 2.7586968 2.2684891 2.2152703 2.1823855 3.3152899 3.4295548 3.4933892 3.8853807 3.4852274 3.4041044 3.3335072 3.7706510 2.0382026 2.7533395 3.1260066 3.7293366 2.6770435 2.1269761 
Chem_TCONS_00064034                                     2.1373076 2.0433575 2.1121551 1.6819909 0.5983207 1.5803527 1.5865498 1.0069390 1.6033560 1.5660237 1.7671137 2.1547919 1.4348738 1.9888916 1.8754105 1.8206670 1.5716678 1.5255018 1.3381332 2.4132939 2.2905717 1.9392222 1.5275326 0.0000000 2.1324353 2.3083509 3.7081587 3.2602319 2.7950555 3.2829734 2.1810250 3.4700714 3.4392997 2.3059076 2.3998799 2.3673060 2.4156612 2.4826982 2.3472397 2.3593764 2.3975454 2.4908158 2.4096604 2.4551529 2.2819676 2.3154468 1.5552524 2.6841991 3.7620547 2.0506804 3.4524177 3.3379701 3.7330387 2.2812357 2.8943757 2.9662606 3.0321174 2.8118061 2.8137489 2.8238015 2.5469351 2.6459610 3.3872125 3.5155755 3.3163453 4.1297373 3.6534001 3.3541831 3.3933905 4.0895430 2.3544699 2.7998907 3.6338448 3.7407862 3.2393234 1.8829971 
Acagra_model.g9147.t1.1.5d3b85d9                        1.4873160 1.3224113 0.9813343 1.7362336 0.6404389 1.6056540 1.5969293 1.2270617 1.6171830 1.6079272 1.7616408 1.8753415 1.8328035 2.0332003 1.9056962 2.2647870 1.9560905 1.8573943 1.2103901 2.2781667 2.0786935 1.8676685 1.9076022 2.1324353 0.0000000 1.5454156 2.9168985 3.0061802 3.0052920 2.9947871 1.6982763 3.0455408 3.0250618 2.4125297 2.4235832 2.3307628 2.4007692 2.4708895 2.2856126 2.2588915 2.2892433 2.3074232 2.3747354 2.4501983 2.1260432 2.3628687 1.5188799 2.7245765 3.3422817 2.3032857 3.2574249 2.9393955 3.3546154 2.1596185 2.7379926 2.7094643 2.7102440 2.7819375 2.8672244 2.5684054 2.4281412 2.2562330 3.4082892 3.4897742 3.3120755 3.9406278 3.4254645 3.5355912 3.2863606 3.7328600 1.6645465 1.9795044 3.1895180 3.7305384 2.9785357 2.6425845 
Spur_XM_030981184.1                                     1.5768760 1.3925389 1.5278389 1.7310948 0.9153086 1.7230499 1.6459994 1.6046641 1.7472839 1.7082161 1.8405480 1.7822240 1.9665503 2.1361740 1.9543756 2.1902401 2.0902489 2.0094346 1.1709315 2.2364080 2.1788729 2.0026549 2.1018230 2.3083509 1.5454156 0.0000000 3.1816795 2.8154619 2.9033666 3.1992986 2.1484693 3.3311308 3.3428189 2.2928382 2.3774321 2.3155916 2.3994194 2.4214345 2.2116161 2.2326648 2.2587988 2.3019910 2.3420620 2.3923802 2.0879748 2.3568009 1.5380957 2.7202229 3.6978151 2.4206269 3.8095076 3.1764412 3.6227668 2.2341349 2.7298051 2.6377228 2.5626145 2.7899218 2.6840073 2.7666087 2.5634647 2.4117514 3.4104410 3.5273552 3.3582729 3.8533732 3.3026330 3.2229188 3.4430337 3.9140751 1.5712424 1.8763916 3.4820777 3.7621276 3.4291826 2.6286553 
Mlei_ML0140.g10.i1                                      3.0710592 3.0378780 3.1010371 3.3265710 1.3300054 2.9465943 2.9105271 1.8675747 3.0064797 3.0075607 3.2525819 3.8269598 3.0667221 3.4140110 3.2789168 3.7406824 3.2271488 3.2948768 2.1757257 3.4846547 3.1259199 2.8431995 3.3022913 3.7081587 2.9168985 3.1816795 0.0000000 0.2173555 0.5695428 0.7250235 1.0120621 1.1978044 1.2015984 3.4810457 3.7411218 3.3843998 3.4248069 3.3253931 3.3261278 3.2520573 3.2793439 3.2719621 3.5642390 3.4559499 3.6331830 3.8995053 2.9773639 4.0467470 2.0729807 1.4155912 2.0431205 0.8782991 0.9549568 3.3519314 3.3370222 4.0633935 3.6769900 4.1217889 4.0789976 3.9649463 3.6542486 3.4644711 4.1343768 4.2409744 4.1433179 4.5333163 4.0964441 4.3903324 4.3123922 4.7214286 3.5963895 3.2479103 4.5580506 4.3388517 4.3111963 4.3502503 
Bolinf_Binf_sb1228583                                   2.9063681 2.9720388 2.9456481 2.7157357 1.4067222 2.6621282 2.7515942 1.9383627 2.7554005 2.7342917 2.8554864 3.5014449 2.8706152 2.9787810 2.8821174 4.0043660 2.7671775 2.7936045 2.2148118 3.0171168 2.8025172 2.9744691 2.8704198 3.2602319 3.0061802 2.8154619 0.2173555 0.0000000 0.5416188 0.6048243 1.1162396 1.0190786 1.0129321 3.3202944 3.4523055 3.3750714 3.3729379 3.3330837 3.3519816 3.4086280 3.4086280 3.4458888 3.1132010 3.1248441 3.1644255 3.6882765 1.1608106 3.3980498 2.1505489 0.0000010 2.1493349 3.0513920 0.9537887 5.1630212 3.2400310 3.6895011 3.2306299 3.6979446 3.3802891 3.0345689 3.2820680 3.1377060 3.9221342 3.6969161 3.6855440 3.6814435 3.6590883 3.7432302 4.2480689 3.9945538 4.0506823 3.0251325 3.6003349 3.8353572 4.5542202 5.9492859 
Drygla_Dgla_sb285742                                    2.7084968 2.8471737 3.0257893 2.8056821 1.4275641 2.3936469 2.4874085 1.9591864 2.5103876 2.5140111 2.8053840 0.0000010 2.4804452 3.0059174 2.7566306 2.8063112 2.8108878 2.7460470 2.0662718 2.6953410 2.6134723 2.6699085 2.7781503 2.7950555 3.0052920 2.9033666 0.5695428 0.5416188 0.0000000 0.6307178 1.1039303 0.9739197 0.9522991 3.0140713 3.2658408 2.9946807 2.9924512 2.9195234 2.9749944 2.9950084 2.9950084 3.0582665 2.8726525 2.9237430 2.9016584 3.1953907 0.7332614 3.1372619 3.8725148 0.0000010 5.2436532 3.8654796 1.1880202 6.4135619 2.7473958 3.5891085 3.2824696 3.5331986 2.9076420 2.6171298 2.8243078 2.7158142 3.4014011 3.2752452 3.4052553 3.6075571 3.7160806 3.6741746 3.7477558 3.7451372 4.3335577 1.8154413 3.3118917 3.6131603 3.6383841 6.7418472 
Beraby_Baby_sb339668                                    2.9866575 3.1144889 3.1328602 2.7357711 1.3219170 2.6477978 2.7156716 1.8741024 2.7411219 2.7155642 2.9806670 3.8543410 2.8869067 3.1675476 3.0633610 3.6847925 2.9878719 2.9353211 2.0094411 3.2751610 2.8730845 2.7258032 3.0646164 3.2829734 2.9947871 3.1992986 0.7250235 0.6048243 0.6307178 0.0000000 1.0202842 1.2829923 1.2495317 3.6728177 3.9724232 3.2997484 3.2980058 3.2913622 3.2379399 3.2879417 3.2842509 3.4573759 3.4987758 3.3939200 3.5281014 3.8833130 0.9510677 3.3746757 1.8259170 0.0000010 1.4917795 1.5683573 1.2670106 5.6616336 3.1936192 3.6638864 3.1413105 3.8286271 3.2686420 3.1151074 3.1926790 3.3261897 4.0086922 3.9010892 3.8110586 3.7245446 3.9985152 4.1662016 4.1421005 3.8392828 3.8858993 4.2340041 3.4226746 3.8513477 4.2894538 5.8448088 
Eupdun_Edun_sb10639664                                  2.1189734 1.8045313 1.9523474 2.0774788 1.2111464 1.8954877 1.8043195 2.0276389 1.9466389 1.9290628 2.1006654 0.0000010 1.9265399 2.1503516 2.1347185 2.8258671 1.9255070 1.9712784 1.8517329 1.9184981 1.8278654 1.7237961 2.2693490 2.1810250 1.6982763 2.1484693 1.0120621 1.1162396 1.1039303 1.0202842 0.0000000 1.3108994 1.2938087 2.2276453 2.3060851 2.2416763 2.2391624 2.0338847 2.0428378 2.0915456 2.0915456 2.0531136 2.0020921 2.0289656 2.3541729 2.5334246 1.8538439 2.3272410 3.6253456 0.0000010 1.7210189 3.6263152 1.5493427 3.3814950 2.2269810 2.4107981 2.6041509 2.5228405 2.2662484 1.8856484 2.0918898 2.0616901 2.6821909 2.6318930 2.1972574 2.9606953 2.8185457 2.7316652 3.2630735 2.7539391 2.7841922 1.8487334 2.2917948 2.8215673 2.9185568 4.7930232 
Pbac_sb2658616                                          3.2563859 3.1578398 3.1319315 3.0703710 1.2831569 3.0643270 3.0076851 2.1570945 3.1641843 3.1456008 3.2346960 3.5258551 3.1976036 3.4028148 3.3268755 3.9815814 3.3507704 3.2352277 2.0622449 3.5575708 3.3894447 3.1812925 3.2360888 3.4700714 3.0455408 3.3311308 1.1978044 1.0190786 0.9739197 1.2829923 1.3108994 0.0000000 0.0248142 3.5404099 3.6806735 3.5593472 3.6338797 3.8634662 3.5765026 3.4959606 3.5173929 3.6728577 3.6405672 3.5508736 3.5449267 3.7453245 2.3825683 3.9176113 2.0490785 1.4576482 2.1115682 1.4397483 1.4782738 2.5360775 3.6314969 3.6478029 3.6419914 4.0195858 3.9440027 4.8366247 4.0135393 3.8664659 4.4214299 4.3975217 4.3853808 4.3747911 3.8925937 4.2977193 4.2317085 4.6945682 3.5367191 3.4577331 4.6450468 4.7165031 4.5661162 4.6088808 
Horcal_Hcv1.av93.c1.g7.i1                               3.2425929 3.1176470 3.0988084 3.0334203 1.2554354 3.0441155 2.9865645 2.1411552 3.1229699 3.1032981 3.2210110 3.4972270 3.1608019 3.3985344 3.3490892 3.9491601 3.3212769 3.2223729 2.0458747 3.5539615 3.3587077 3.1389031 3.1654215 3.4392997 3.0250618 3.3428189 1.2015984 1.0129321 0.9522991 1.2495317 1.2938087 0.0248142 0.0000000 3.5378028 3.6612440 3.5411284 3.6146797 3.8182816 3.5669066 3.4751043 3.4964298 3.6674669 3.6270499 3.5494007 3.4898313 3.7336312 2.3762617 3.9381975 2.0388717 1.4447965 2.0761389 1.4236539 1.4729814 2.5396278 3.6114517 3.6669548 3.5969519 3.9849364 3.9424324 4.7638295 3.9577408 3.8581958 4.4242802 4.4295033 4.3602645 4.2992749 3.9038416 4.2713958 4.2135737 4.7249001 3.5598811 3.4068577 4.6217213 4.7399914 4.5363411 4.5468970 
Aque_Aqu2.1.40696_001                                   2.3626039 2.2482126 2.3036563 2.3015461 0.9580690 2.1195895 2.1412547 1.6871402 2.1651575 2.1430846 2.2508099 2.5492549 2.3660354 2.5737723 2.4528470 3.1358629 2.4879144 2.5290804 1.6424338 2.2808982 2.2444979 2.0155091 2.4353563 2.3059076 2.4125297 2.2928382 3.4810457 3.3202944 3.0140713 3.6728177 2.2276453 3.5404099 3.5378028 0.0000000 0.5941523 2.6542921 2.7114921 2.8676383 2.6601585 2.7014621 2.7165687 2.8926351 1.5529592 1.6116402 1.4612644 0.7691641 1.3901014 2.9187655 4.1360088 2.3323573 4.0993411 3.5511293 4.0299779 2.3326195 2.8980265 2.8196016 3.0351955 3.0102490 2.9820941 2.8287728 2.6529354 2.5322937 3.5581762 3.6825914 3.1317914 4.4873788 3.5465305 3.2257051 3.4162445 3.7880683 2.4431337 3.1378989 3.2647057 3.9742906 2.5706720 3.4213925 
Halamb_c55616_g1_i2m.41271                              2.3999169 2.2511304 2.2090082 2.3428017 0.9749973 2.2278668 2.2807578 1.7989452 2.2512220 2.2429529 2.3868933 2.6120731 2.4403616 2.5269551 2.4638459 3.1001150 2.6932874 2.6113288 1.8095542 2.5151712 2.4051596 2.1936271 2.5002228 2.3998799 2.4235832 2.3774321 3.7411218 3.4523055 3.2658408 3.9724232 2.3060851 3.6806735 3.6612440 0.5941523 0.0000000 2.6208546 2.6744017 2.8440225 2.6704094 2.6622362 2.6885923 2.8116032 1.6318289 1.6978955 1.5405121 0.7183001 1.3705182 2.8416990 4.3807915 2.3884286 4.2622954 3.5850779 4.1861952 2.2012753 2.9156839 2.9771677 2.9705119 3.0146726 3.1165083 2.8456035 2.6594417 2.5783930 3.7635933 3.8752026 3.1755727 4.4823911 3.6931365 3.3119148 3.6488585 3.9971027 2.5413656 2.9756991 3.6195714 3.7547402 2.7326158 3.3542046 
Tadh_wf_g1976.t1                                        2.2013371 1.9434828 2.0366819 2.0860233 0.8715373 1.8591677 1.8343242 1.5874349 1.8541296 1.8290263 2.0209227 2.0196392 2.0299446 2.1793260 2.1237882 2.4111377 2.1810225 2.1511088 1.7515470 2.6200030 2.4629534 2.4621684 2.0956266 2.3673060 2.3307628 2.3155916 3.3843998 3.3750714 2.9946807 3.2997484 2.2416763 3.5593472 3.5411284 2.6542921 2.6208546 0.0000000 0.0025187 0.2175541 0.2011611 0.1962469 0.2026072 0.1963599 2.5586616 2.6006957 2.3934999 2.7699057 1.6381831 2.8676525 3.5292869 2.0749406 3.6443505 3.2663538 3.7412818 2.2185098 2.8515287 2.8180133 2.8521847 2.9743840 3.3008572 3.0792503 2.7227899 2.9025977 3.7450729 3.7996879 3.6345923 4.3975126 3.2552341 3.6781523 3.8531318 3.9559434 2.3122548 2.6303630 3.8389706 4.1565373 3.5358281 2.9855205 
TrH2_TrispH2_007910-RA                                  2.2520430 1.9692979 2.0808120 2.1346975 0.8715373 1.9017786 1.8757807 1.5682668 1.9033891 1.8774981 2.0763260 2.1223465 2.0791507 2.2526734 2.1914055 2.4250179 2.2342990 2.2036045 1.7472013 2.7001407 2.5241405 2.4589262 2.1554411 2.4156612 2.4007692 2.3994194 3.4248069 3.3729379 2.9924512 3.2980058 2.2391624 3.6338797 3.6146797 2.7114921 2.6744017 0.0025187 0.0000000 0.2148166 0.2012516 0.1961898 0.2027413 0.1974609 2.6211214 2.6681506 2.4478987 2.8677796 1.7353135 2.9767426 3.6136514 2.0526928 3.7184439 3.4108328 3.8717692 2.3210997 2.9408885 2.9204359 2.9382592 3.0675166 3.4655267 3.0792503 2.8102192 2.9003692 3.8165867 3.8928030 3.6509641 4.3966038 3.3699011 3.7461425 3.9161672 3.9687135 2.3801423 2.8044395 3.8261106 4.1487112 3.4467460 2.9437078 
HoiH06_mRNA5290                                         2.3558926 2.0742348 2.1549310 2.1744788 0.8315462 1.9312500 1.8577124 1.3722051 1.9373163 1.9306391 2.0666544 2.2184257 2.1656112 2.2471812 2.2007517 2.3917122 2.4061890 2.3224583 1.9051090 2.8506222 2.5697430 2.3365258 2.2756782 2.4826982 2.4708895 2.4214345 3.3253931 3.3330837 2.9195234 3.2913622 2.0338847 3.8634662 3.8182816 2.8676383 2.8440225 0.2175541 0.2148166 0.0000000 0.0431004 0.0819703 0.0884787 0.0974926 2.7302258 2.7811226 2.5551900 2.9501361 1.9749966 3.1949545 3.9831674 2.2595364 4.2080122 3.6767161 3.9725297 3.0064260 3.0918517 3.1758868 3.0896559 3.2889449 3.5790181 2.8426173 2.7969558 2.6893187 3.9079615 4.0620165 3.8909412 4.4521816 3.4147337 3.7312490 4.5600259 3.8069367 2.4714589 2.9562400 3.8079431 3.9054529 3.3714578 2.9849204 
HoiH23_PlH23_004177-RA                                  2.1751734 1.9455755 2.0193894 2.0512167 0.8535981 1.8653791 1.8006309 1.5027689 1.8530514 1.8207039 1.9700319 2.0516969 2.0339045 2.1470266 2.1083154 2.4100465 2.2304058 2.1681472 1.8645754 2.6617011 2.4512143 2.3974221 2.1096127 2.3472397 2.2856126 2.2116161 3.3261278 3.3519816 2.9749944 3.2379399 2.0428378 3.5765026 3.5669066 2.6601585 2.6704094 0.2011611 0.2012516 0.0431004 0.0000000 0.0802203 0.0783599 0.0951746 2.4607169 2.5124360 2.3417153 2.6853567 1.6681081 2.8486558 3.4838440 2.1177972 3.6304290 3.1963483 3.4896604 2.1790878 2.7981123 2.8562497 2.8464076 3.0330056 3.2146121 2.8910587 2.6787544 2.6885845 3.6785399 3.7684434 3.7357955 4.1139219 3.1966904 3.4737893 3.9588249 3.7507242 2.2502550 2.6884608 3.7940553 4.0142172 3.3725940 2.8770003 
Hhon_g08785.t1                                          2.1753584 1.8987745 1.9640227 2.0324769 0.8450891 1.8471968 1.8187271 1.4802078 1.8571903 1.8283361 2.0071407 2.0460881 2.0040628 2.1122008 2.0386986 2.3501408 2.2060355 2.1464607 1.8987975 2.6386880 2.4209660 2.3772279 2.0733595 2.3593764 2.2588915 2.2326648 3.2520573 3.4086280 2.9950084 3.2879417 2.0915456 3.4959606 3.4751043 2.7014621 2.6622362 0.1962469 0.1961898 0.0819703 0.0802203 0.0000000 0.0056944 0.0821754 2.5266255 2.5516865 2.3615457 2.7189746 1.6701815 2.8413139 3.4295588 1.9800933 3.5464025 3.1603926 3.5226131 2.2676106 2.8010964 2.8562064 2.8452478 3.0450819 3.2365894 2.8744673 2.6086179 2.7441804 3.7388232 3.8205877 3.7056530 4.2529092 3.1792777 3.5908472 3.9362784 3.8760135 2.2434551 2.6306069 3.7983102 4.0135502 3.3308672 2.8260634 
HoiH04_mRNA6942                                         2.2012112 1.9325808 1.9867679 2.0647718 0.8450891 1.8790948 1.8474036 1.5005668 1.8839420 1.8554448 2.0425641 2.0976301 2.0403838 2.1505209 2.0708732 2.4400588 2.2332252 2.1814666 1.8822871 2.6817369 2.4486360 2.3772279 2.0996727 2.3975454 2.2892433 2.2587988 3.2793439 3.4086280 2.9950084 3.2842509 2.0915456 3.5173929 3.4964298 2.7165687 2.6885923 0.2026072 0.2027413 0.0884787 0.0783599 0.0056944 0.0000000 0.0879628 2.5221792 2.5454361 2.3677663 2.7538361 1.6632690 2.8751190 3.4851264 2.0102037 3.5484442 3.2207771 3.5170315 2.1735674 2.8473711 2.8834706 2.8655039 3.0434350 3.2462500 2.8675556 2.6456231 2.7442091 3.7089534 3.7941699 3.7731454 4.1870212 3.2386567 3.6030982 3.9867654 3.8731987 2.2694615 2.7419414 3.8960649 4.0664229 3.3308672 2.8789044 
HoiH11_mRNA1344                                         2.2231677 1.9742528 2.0068612 2.0953155 0.6180543 1.8788474 1.8624330 1.2456046 1.9139711 1.8924229 2.0397701 2.0891910 2.0908079 2.1700849 2.1936421 2.3116866 2.2483880 2.1848174 1.7874096 2.7009594 2.4954570 2.4603114 2.1629219 2.4908158 2.3074232 2.3019910 3.2719621 3.4458888 3.0582665 3.4573759 2.0531136 3.6728577 3.6674669 2.8926351 2.8116032 0.1963599 0.1974609 0.0974926 0.0951746 0.0821754 0.0879628 0.0000000 2.5855187 2.6551047 2.4304528 2.8901381 1.7147843 3.0176214 3.5186132 2.0936819 3.7111900 3.2160363 3.7356287 2.6112104 2.9270072 2.9944231 2.9961394 3.2535116 3.3939091 2.9291766 2.7124846 2.8543534 3.9427668 3.9959312 3.7801021 4.6209463 3.3550138 3.7800044 4.1606649 3.8458880 2.3087051 2.6452974 3.8850648 4.1596460 3.6677364 3.0614671 
Emue_Em0013g15a.t1                                      2.2469398 1.9828163 2.1113087 2.0433136 0.7951429 1.9467273 1.9543032 1.3830585 1.9806552 1.9436150 2.1271035 2.3825471 2.0896619 2.2998034 2.2294362 2.7849798 2.3774278 2.3682750 1.5922120 2.2638470 2.1951008 1.9142528 2.2922397 2.4096604 2.3747354 2.3420620 3.5642390 3.1132010 2.8726525 3.4987758 2.0020921 3.6405672 3.6270499 1.5529592 1.6318289 2.5586616 2.6211214 2.7302258 2.4607169 2.5266255 2.5221792 2.5855187 0.0000000 0.1672643 1.0867822 1.4033963 1.2177947 2.8176379 3.6188406 1.8697686 3.5773668 3.3014922 3.7918212 2.4689284 2.7178466 2.8886169 2.7103131 2.8942503 2.8413280 2.5915705 2.2512438 2.1991812 3.2213296 3.3333804 3.4377930 4.0182302 3.5470570 3.3444248 3.3088787 3.7714627 2.4771932 2.7731189 3.5038132 3.6214207 2.0710663 3.3091744 
Spolac_c103621_g1_i5_m.35226c103621-g1                  2.3091083 2.0101571 2.1795989 2.1125888 0.8390581 1.9922140 2.0307025 1.5180433 2.0194508 1.9845496 2.1971661 2.3669717 2.1556251 2.2852987 2.2208884 2.8003125 2.4174000 2.3905621 1.6621097 2.3257667 2.2509775 1.9903799 2.3468255 2.4551529 2.4501983 2.3923802 3.4559499 3.1248441 2.9237430 3.3939200 2.0289656 3.5508736 3.5494007 1.6116402 1.6978955 2.6006957 2.6681506 2.7811226 2.5124360 2.5516865 2.5454361 2.6551047 0.1672643 0.0000000 1.0932525 1.4860736 1.2226273 2.8327420 3.5465082 1.9059040 3.5232382 3.2412636 3.8720890 2.4102796 2.7685242 2.9038457 2.7169793 2.8135129 2.8457048 2.6333614 2.3056252 2.2666720 3.2006091 3.3918629 3.3419648 4.1501624 3.5235945 3.4088625 3.2769809 3.8186151 2.4683841 2.7787679 3.4354969 3.5081778 2.1490578 3.2895066 
Tetwil_g23458.t1                                        2.2295884 1.9828984 2.0118089 2.0574961 0.8319948 1.9427938 1.8728003 1.5045012 1.9133601 1.8521980 2.0583020 2.3289048 2.1358983 2.2745314 2.1144430 2.6400961 2.3102381 2.3479701 1.3913372 2.1554390 2.1408443 1.8440891 2.1933574 2.2819676 2.1260432 2.0879748 3.6331830 3.1644255 2.9016584 3.5281014 2.3541729 3.5449267 3.4898313 1.4612644 1.5405121 2.3934999 2.4478987 2.5551900 2.3417153 2.3615457 2.3677663 2.4304528 1.0867822 1.0932525 0.0000000 1.3466803 1.1053748 2.6712982 3.6489869 1.9650778 3.6471708 3.2857678 3.9065910 2.4958021 2.5225508 2.8914600 2.8050793 2.8614444 2.7086767 2.5772106 2.2722903 2.2513809 3.1688991 3.2745119 3.1448512 4.2368736 3.4311664 3.2180959 3.4845339 3.5017378 2.3317050 2.6241923 3.1933756 3.5484765 1.6625672 2.7328288 
Xestes_maker-XT_scaffold5291-snap-gene-0.21-mRNA-1      2.3508696 2.1279988 2.1563809 2.2324106 0.5943111 2.1022554 2.1989319 1.8102441 2.1364468 2.1323579 2.2190422 2.4383478 2.4383566 2.5541881 2.3591843 3.0497306 2.5833698 2.5819358 1.8496631 2.5296254 2.3992919 2.2310104 2.4678634 2.3154468 2.3628687 2.3568009 3.8995053 3.6882765 3.1953907 3.8833130 2.5334246 3.7453245 3.7336312 0.7691641 0.7183001 2.7699057 2.8677796 2.9501361 2.6853567 2.7189746 2.7538361 2.8901381 1.4033963 1.4860736 1.3466803 0.0000000 1.0775538 2.9500164 3.8685040 2.4856856 3.9577214 3.2057254 3.8461050 2.1561371 2.9245489 3.0661992 3.0960152 3.0874743 3.2230376 3.1798653 2.6061393 2.8420349 3.6250518 3.6432579 3.3325093 4.8182920 3.7537757 3.3885693 3.4768571 4.5147094 2.2830665 2.8978086 3.9621584 4.1925423 1.9856748 3.2665946 
Plespi_Pspi_scaffold2919_01                             1.5456788 1.3912427 1.4692502 1.4271298 1.3864338 1.4362892 1.3891283 4.2927820 1.4913077 1.4357493 1.6178581 1.7418281 1.4574196 1.6022756 1.6405739 1.7284144 1.5953638 1.5657485 0.9832205 1.5747413 1.4990522 2.1676759 1.6277637 1.5552524 1.5188799 1.5380957 2.9773639 1.1608106 0.7332614 0.9510677 1.8538439 2.3825683 2.3762617 1.3901014 1.3705182 1.6381831 1.7353135 1.9749966 1.6681081 1.6701815 1.6632690 1.7147843 1.2177947 1.2226273 1.1053748 1.0775538 0.0000000 1.4543900 2.6611130 2.0065089 2.5672912 2.3327453 2.3310827 1.8071448 1.6249430 1.6767387 1.5258935 1.9065451 1.8985514 3.4303930 1.7378696 2.1769578 2.5321010 2.7126320 2.1772350 3.0148650 2.0303524 2.0604208 2.1214672 2.5934950 1.4338319 1.4025743 3.1807610 3.5169906 3.8857438 1.9737174 
Salurc_EP00051_Salpingoeca_urceolata_P002675            2.6027616 2.6636755 2.5353187 2.5543837 0.8187206 2.3347658 2.3794913 1.4299101 2.4794328 2.4192020 2.4613645 2.8382193 2.5908402 2.7532336 2.6390436 3.2552273 2.7863450 2.8042074 1.5085830 2.7690553 2.5971923 2.4056021 2.6215713 2.6841991 2.7245765 2.7202229 4.0467470 3.3980498 3.1372619 3.3746757 2.3272410 3.9176113 3.9381975 2.9187655 2.8416990 2.8676525 2.9767426 3.1949545 2.8486558 2.8413139 2.8751190 3.0176214 2.8176379 2.8327420 2.6712982 2.9500164 1.4543900 0.0000000 4.6686357 2.2661995 4.3752531 3.7462503 4.6340669 2.0555750 2.2222987 2.7007204 2.4065706 2.5089534 2.4758687 3.6457182 2.9245063 3.1737087 2.9354765 3.1286510 2.9315637 3.3260694 3.0381049 2.9991859 3.1428006 3.7115466 3.1036797 3.4551037 3.4976644 3.5911310 4.0542568 4.2443302 
