77
Hsap_ENST00000349995                               0.0000000 0.8081082 0.9542272 0.8065597 0.9814493 0.9510904 0.9704484 0.9598432 1.0295234 1.2480342 1.0998838 0.9849982 0.9873174 1.0161746 1.0323141 1.0280853 1.1315635 1.1644172 1.2454880 1.2047987 1.1854637 1.3522574 1.3526236 1.3214792 1.1358014 1.3974585 1.2464387 1.0410203 1.1416909 1.5046404 1.2382626 1.5215590 1.3085446 1.2822335 1.3725720 1.5786170 1.2124899 1.4241835 1.4219516 1.4607173 1.4508452 1.4593459 1.4520422 1.4400057 1.4012231 1.5280209 1.5073717 1.5221294 1.2877050 1.4926952 1.4546374 1.4210358 1.5093220 1.6209698 1.3828998 1.8828661 1.5131357 1.5923354 1.4693657 1.9968731 1.8899398 1.9827081 1.9852300 1.9503142 1.5779920 1.9473527 1.6225451 1.6460977 1.6507722 1.6316294 1.7463195 1.8007805 1.7653135 1.8218541 2.3762832 2.2675175 2.3075340 
Bralan_BLAG14001004_1                              0.8081082 0.0000000 0.6902833 0.5959622 0.8306111 0.6985105 0.6906444 0.8888306 0.9167589 1.0663389 0.9681999 0.8638810 0.8857791 0.8755901 0.8825789 0.8934124 1.0287322 1.0785375 1.1524952 1.1948248 1.1299554 1.1951410 1.1994226 1.2327018 0.9920452 1.2907808 1.1285577 0.9392495 0.8833339 1.4049703 1.2188154 1.4226601 1.1315685 1.0767374 1.2357492 1.2843454 1.0350474 1.2982972 1.3320553 1.3444796 1.3428117 1.3514563 1.3446248 1.3242249 1.1636726 1.4751899 1.4727623 1.4357176 1.3689519 1.5132368 1.3491661 1.4098164 1.4544322 1.2983012 1.2686179 1.8522862 1.3922259 1.4063565 1.3166571 1.9685055 1.9629955 1.8886891 1.7590900 1.7757512 1.4359109 1.8721284 1.3759188 1.5487814 1.5356943 1.5226161 1.5151598 1.8246110 1.7620134 1.7387885 2.0550191 2.2864765 2.2396681 
Spur_XM_030981586.1                                0.9542272 0.6902833 0.0000000 0.5709360 0.7980557 0.7271399 0.7134712 0.8609592 0.9378967 1.0835887 0.9511667 0.8790271 0.8588662 0.8660756 0.8821342 0.8902174 1.0447148 1.0725506 1.1822053 1.2262500 1.1848038 1.2282131 1.2260254 1.2523994 1.0371502 1.2080018 1.0403192 0.8541343 0.9070003 1.4267413 1.1365594 1.3738126 1.2293391 1.0885003 1.3783681 1.3293310 1.0972070 1.2836629 1.2738055 1.3039503 1.2942546 1.2981130 1.2916408 1.3150519 1.1749832 1.5594659 1.5467731 1.5134804 1.2374873 1.5286964 1.4327964 1.4487320 1.4787960 1.2850537 1.3725493 1.8040423 1.3286789 1.4443180 1.2783010 1.8815520 1.9750437 1.9100064 1.8317549 1.8600911 1.5490923 1.8877347 1.3896991 1.4524575 1.5214893 1.4267221 1.4900937 1.7192408 1.7328005 1.6781541 2.1064038 2.1854583 2.1595806 
Skow_XM_006823346.1                                0.8065597 0.5959622 0.5709360 0.0000000 0.7474681 0.6546204 0.6609202 0.8380617 0.8878072 0.9789177 0.8787236 0.7935252 0.7626562 0.7847455 0.7926308 0.7869806 0.8879632 0.9281564 1.1427834 1.1414565 1.1016216 1.1775040 1.1847363 1.1791403 1.0559979 1.2414604 1.0396369 0.8566034 0.8720094 1.3325236 1.1829962 1.3960918 1.1293222 1.0904031 1.4050656 1.1939211 1.0750483 1.2712619 1.2360711 1.3035902 1.2934956 1.3269134 1.3230533 1.3027138 1.1247224 1.4884872 1.4623957 1.4399339 1.1478200 1.4421809 1.3523245 1.3542079 1.3654746 1.3505428 1.3634938 1.8359604 1.2373734 1.2458520 1.1806278 1.9775817 1.8924924 1.8366476 1.7632759 1.7069338 1.3912062 1.8182135 1.3308172 1.4562049 1.4700627 1.3918812 1.4299163 1.5762985 1.6984491 1.6607502 2.0334480 2.1664803 2.1263887 
Cgig_XM_034457929.1                                0.9814493 0.8306111 0.7980557 0.7474681 0.0000000 0.6113345 0.7785863 0.9464297 1.0221708 1.1725485 0.9923703 0.9347071 0.9547681 0.9630976 0.9773968 0.9701457 1.0277190 1.0891569 1.2389557 1.2392542 1.1408490 1.3481196 1.3585734 1.3004104 1.0900969 1.1598678 1.1021343 0.9647440 0.8472886 1.5231093 1.2172800 1.5402843 1.2541883 1.2140372 1.2946793 1.3543193 1.0865263 1.3632169 1.3362468 1.3448573 1.3328468 1.3544438 1.3506063 1.3589222 1.3212295 1.4706101 1.4695499 1.4393748 1.2310903 1.4687111 1.4515309 1.3486033 1.3937541 1.2507695 1.3273437 1.7641631 1.4737187 1.4543767 1.3782563 2.0370226 1.9216380 1.9127260 1.9364273 1.9654361 1.5111514 1.9024746 1.4530428 1.5380058 1.6048033 1.4384371 1.5332869 1.8561175 1.8079427 1.7546382 2.0475791 2.1757230 2.1540132 
Acagra_model.g17315.t1                             0.9510904 0.6985105 0.7271399 0.6546204 0.6113345 0.0000000 0.6630506 0.8682019 0.9373063 1.0784878 0.9460160 0.8505796 0.8575786 0.8750357 0.8529858 0.8589939 0.9532425 0.9611400 1.2053487 1.1727797 1.1190866 1.2185428 1.2147506 1.2059853 1.0215012 1.1999714 1.0999983 0.9474217 0.8768622 1.4060195 1.2096186 1.4093613 1.1199869 1.0467452 1.3624971 1.3477534 1.0289202 1.2481390 1.2586054 1.2549338 1.2456443 1.2518747 1.2484859 1.2380086 1.1383275 1.4144744 1.3973619 1.3674263 1.1112753 1.4417560 1.3541721 1.3184304 1.3741499 1.2655588 1.2498594 1.7301615 1.4452668 1.4341254 1.2756970 1.9210237 1.9875907 1.9663069 1.8355768 1.9243295 1.4772741 1.8773686 1.3717489 1.4449192 1.5131952 1.3823718 1.5066814 1.7272470 1.7100605 1.7413050 2.1171091 2.2369462 2.2614336 
Ctel_gnl_WGS_AMQN_CAPTEDRAFT_mRNA176475            0.9704484 0.6906444 0.7134712 0.6609202 0.7785863 0.6630506 0.0000000 0.9751694 0.9551244 1.1043578 0.9239578 0.8876701 0.8993140 0.9371726 0.9270947 0.9425058 1.0729993 1.1052846 1.2696218 1.2693073 1.1370130 1.2590001 1.2579360 1.2410435 1.0793252 1.1785000 1.1229492 0.8861142 0.9120292 1.4118805 1.1412395 1.4122508 1.1877640 1.1958318 1.1375454 1.3494867 1.0821448 1.3257453 1.3021769 1.3087548 1.2933255 1.3201639 1.3165128 1.2920188 1.3620748 1.4842021 1.4655349 1.4621600 1.2483984 1.5385339 1.4061560 1.4375532 1.4855497 1.2937561 1.2856808 1.9664928 1.3797755 1.3133625 1.2644212 1.8715027 1.8785369 1.9996251 1.9216099 1.9482363 1.5164877 1.9995567 1.4457834 1.5051050 1.5711046 1.4254949 1.5890386 1.6822483 1.8455959 1.8050916 2.1349772 2.2010108 2.1891304 
Exapal_XM_021040821.2                              0.9598432 0.8888306 0.8609592 0.8380617 0.9464297 0.8682019 0.9751694 0.0000000 0.2929340 0.4573772 0.3325342 0.2995350 0.2983919 0.2961278 0.3057472 0.2985239 0.5075105 0.5411237 0.8225272 0.8043263 0.7860740 0.8244727 0.8287839 0.8429540 0.6452708 1.0855271 0.9860570 0.7748008 1.0901730 1.2094290 1.0781335 1.2437370 0.9575007 0.9452741 1.0472765 1.1696768 0.9908875 1.1439889 1.1539679 1.1716769 1.1622427 1.1618710 1.1560599 1.1517062 1.2598906 1.3862241 1.3634919 1.3539350 1.1092982 1.3853529 1.3266693 1.2349807 1.3064736 1.1383674 1.4450620 1.9323954 1.1864777 1.2610316 1.1148124 1.8963401 1.8749916 1.8734220 1.8283312 1.8298724 1.3916320 1.7866296 1.3011941 1.3510368 1.4327095 1.3514403 1.3683196 1.5767690 1.5432077 1.6142007 1.9211654 2.0726406 2.1340500 
Nvec_v1g243055                                     1.0295234 0.9167589 0.9378967 0.8878072 1.0221708 0.9373063 0.9551244 0.2929340 0.0000000 0.4993996 0.3739769 0.3451753 0.3376218 0.3411980 0.3536203 0.3486474 0.5375862 0.5889844 0.8339994 0.8196139 0.8004497 0.8447581 0.8392112 0.8515285 0.6675081 1.1675954 1.0510645 0.9033829 1.1103875 1.2736211 1.0134404 1.3091650 1.0791485 1.0278069 1.1075954 1.2524378 1.0703364 1.1687088 1.1809561 1.2315926 1.2149293 1.2465048 1.2402228 1.2208401 1.2612359 1.4471001 1.4347923 1.3865452 1.2053058 1.4538162 1.3342556 1.3033377 1.3812601 1.1428243 1.4667939 1.9952873 1.2359067 1.2786809 1.1637364 1.9002107 1.9302376 1.9410444 1.8052729 1.8371359 1.3984371 1.7592396 1.3319756 1.3841632 1.4262957 1.3955646 1.3724867 1.6973812 1.5775379 1.6398710 1.9979896 2.1078957 2.1990202 
Adig_XM_015904060.1                                1.2480342 1.0663389 1.0835887 0.9789177 1.1725485 1.0784878 1.1043578 0.4573772 0.4993996 0.0000000 0.1118941 0.2227241 0.2551541 0.2659444 0.2748003 0.2636097 0.6700351 0.7104903 1.0403821 1.0593046 1.1151394 1.0869759 1.0494777 1.0830239 0.9009153 1.5491825 1.1939777 1.0406253 1.2820943 1.4806581 1.1968445 1.4730456 1.2257929 1.1157411 1.7684138 1.2943357 1.1845923 1.3863461 1.4097338 1.4351062 1.4301961 1.4377574 1.4375241 1.4344354 1.2233750 1.6440255 1.6253212 1.5988583 1.4513537 1.6416127 1.6247300 1.4937741 1.5392329 1.5293850 1.7112019 2.3324970 1.2172076 1.3244624 1.2535357 1.9827805 2.0843624 2.1159529 1.9681003 1.9602978 1.4347677 1.9486593 1.4801555 1.5186514 1.6408391 1.5146353 1.4438535 1.8174401 1.7984527 1.8529260 2.2555060 2.4730612 2.5031251 
Amil_Amillepora33128-RA                            1.0998838 0.9681999 0.9511667 0.8787236 0.9923703 0.9460160 0.9239578 0.3325342 0.3739769 0.1118941 0.0000000 0.1284548 0.1542973 0.1508983 0.1716208 0.1574335 0.5324625 0.5895777 0.8570146 0.8668644 0.8017696 0.8757526 0.8603274 0.8734693 0.5625577 1.0606500 1.0050362 0.7019881 1.0618457 1.2384378 1.0767611 1.2377383 0.9920997 0.9411569 1.0634409 1.1212212 0.9739646 1.1002190 1.1364764 1.1892643 1.1857957 1.1898896 1.1814370 1.1853005 1.1738787 1.3366847 1.3315024 1.2595014 1.1272601 1.4265188 1.2159804 1.3050719 1.3291672 1.1164884 1.4442046 1.8301186 1.1910673 1.2412264 1.0314112 1.6881112 1.7756207 1.8047216 1.9461128 1.8858220 1.3813214 1.7966850 1.3314060 1.3653981 1.3638630 1.3074706 1.2075106 1.6350364 1.4733736 1.5166324 2.0307098 2.0968106 2.1056849 
Gfas_gfas1.m1.15220.m1                             0.9849982 0.8638810 0.8790271 0.7935252 0.9347071 0.8505796 0.8876701 0.2995350 0.3451753 0.2227241 0.1284548 0.0000000 0.0934491 0.0909728 0.1145596 0.1054707 0.5184162 0.5545308 0.8517310 0.8399687 0.8083489 0.8808176 0.8460297 0.8707593 0.6578432 1.0324992 0.9802796 0.7752467 1.0432290 1.2125605 0.9827008 1.2256071 0.9709803 0.9604227 1.2215408 1.1703246 1.0206999 1.1415865 1.1662082 1.1881485 1.1791339 1.1957572 1.1897472 1.1903475 1.1036448 1.3907215 1.3704718 1.3094440 1.1011800 1.4112696 1.3070577 1.2427349 1.2990724 1.0760417 1.4452375 1.9140248 1.1756389 1.2517991 1.0714020 1.7779057 1.7884187 1.7960485 1.7995699 1.7753985 1.3568601 1.7858497 1.2605311 1.2716417 1.3776420 1.3183980 1.3128194 1.5654498 1.5040445 1.5814137 1.9395717 2.1111401 2.1468428 
Fspp_ffun1.m4.7280.m1                              0.9873174 0.8857791 0.8588662 0.7626562 0.9547681 0.8575786 0.8993140 0.2983919 0.3376218 0.2551541 0.1542973 0.0934491 0.0000000 0.0524855 0.0876884 0.0765330 0.5111720 0.5347172 0.8472127 0.7991177 0.7904397 0.8643867 0.8364742 0.8761396 0.6358860 0.9482377 0.9439376 0.7806506 1.0815272 1.2310969 1.0088212 1.2649972 0.9732090 0.9721894 1.1426010 1.2094151 0.9660893 1.1697057 1.1882356 1.2162734 1.2003428 1.2292277 1.2223671 1.2190198 1.0201120 1.3308858 1.3158735 1.2706213 1.0484119 1.3765734 1.2461497 1.2034402 1.2906141 1.1407282 1.4712005 1.9125164 1.2166043 1.3085628 1.0837900 1.7154482 1.7429431 1.6657399 1.7557680 1.7321753 1.3221999 1.7827162 1.2892652 1.3040122 1.4037604 1.3383890 1.3137263 1.4830294 1.5224440 1.5823604 1.9063089 2.1043956 2.1973746 
Gasp_gasp1.m3.6444.m1                              1.0161746 0.8755901 0.8660756 0.7847455 0.9630976 0.8750357 0.9371726 0.2961278 0.3411980 0.2659444 0.1508983 0.0909728 0.0524855 0.0000000 0.0780954 0.0728074 0.5119984 0.5468773 0.8116010 0.8264596 0.8320407 0.8673008 0.8528732 0.8857796 0.6536666 1.0577760 0.9785807 0.7941529 1.1104322 1.2028854 1.0162027 1.2189730 1.0133272 0.9733261 1.1877781 1.2230346 1.0150887 1.1759874 1.1930548 1.2144871 1.2051760 1.2375013 1.2311315 1.2350989 1.0788437 1.3799386 1.3672090 1.3007152 1.0819945 1.4312404 1.3070719 1.2400623 1.3260784 1.0660987 1.4927958 1.9089207 1.2221781 1.3576569 1.1133270 1.7881408 1.8035830 1.8044294 1.8107074 1.7946170 1.3317997 1.8261661 1.2922650 1.2807084 1.3862388 1.3484827 1.3236948 1.5690281 1.5091205 1.5828465 1.9282403 2.0943655 2.1410705 
Spis_XP_022788602_1                                1.0323141 0.8825789 0.8821342 0.7926308 0.9773968 0.8529858 0.9270947 0.3057472 0.3536203 0.2748003 0.1716208 0.1145596 0.0876884 0.0780954 0.0000000 0.0234357 0.5099952 0.5354738 0.8264884 0.8042258 0.8284074 0.8588564 0.8379522 0.8844817 0.6624648 1.0959132 0.9732688 0.7860052 1.0856583 1.2342381 1.0002851 1.2568515 0.9840118 0.9294869 1.1862960 1.1377230 0.9885198 1.1848360 1.2076094 1.2356147 1.2210493 1.2445371 1.2383078 1.2433273 1.1356591 1.3659203 1.3461032 1.2721851 1.0820814 1.3679705 1.2672793 1.2109995 1.2815935 1.1239397 1.4812000 1.9413103 1.1686103 1.2914052 1.0804156 1.7606314 1.7860167 1.8013981 1.7525287 1.7473771 1.2915362 1.7856468 1.2859110 1.2681736 1.3852372 1.2963124 1.2694703 1.5476471 1.4992558 1.5581555 1.9142143 2.1062480 2.1474491 
Pocdam_XM_027203835.1                              1.0280853 0.8934124 0.8902174 0.7869806 0.9701457 0.8589939 0.9425058 0.2985239 0.3486474 0.2636097 0.1574335 0.1054707 0.0765330 0.0728074 0.0234357 0.0000000 0.4949779 0.5294831 0.8235211 0.7946663 0.8252843 0.8646412 0.8406545 0.8730407 0.6578211 1.0839532 0.9615791 0.7756566 1.0698257 1.2018278 0.9934398 1.2303091 0.9726753 0.9302599 1.2098006 1.1298351 0.9931028 1.1703025 1.1931281 1.2170488 1.2026396 1.2258911 1.2197392 1.2273289 1.0930148 1.3727171 1.3528083 1.2763771 1.0731216 1.3616464 1.2654359 1.2079917 1.2775696 1.1095345 1.4957586 1.9251299 1.1393119 1.2639583 1.0552786 1.7615184 1.7670715 1.7786757 1.7792690 1.7542836 1.2996513 1.7776732 1.2664786 1.2546701 1.3818636 1.3127219 1.2656855 1.5364403 1.4648887 1.5573094 1.9292953 2.0968739 2.1302118 
Dgig_XM_028552579.1                                1.1315635 1.0287322 1.0447148 0.8879632 1.0277190 0.9532425 1.0729993 0.5075105 0.5375862 0.6700351 0.5324625 0.5184162 0.5111720 0.5119984 0.5099952 0.4949779 0.0000000 0.1787207 0.8838222 0.8776593 0.8478505 0.9256703 0.9106316 0.8845824 0.6884163 1.1565405 1.0498064 0.8384560 1.2204756 1.2815689 1.2496180 1.3294467 1.0360042 1.0359548 1.0947331 1.2528517 1.0662364 1.2742886 1.2877378 1.3328391 1.3142685 1.3087848 1.3051275 1.3292452 1.1022561 1.4017690 1.3799225 1.3667215 1.1365760 1.4281716 1.3057481 1.2931309 1.3589129 1.2638501 1.5395891 1.9640376 1.3221848 1.4922999 1.2382665 1.8918657 1.8173107 1.8668571 1.9069999 1.8801876 1.4394451 1.7746421 1.4008117 1.3557019 1.5006883 1.3664775 1.4037929 1.6506635 1.5431646 1.6536043 2.0529810 2.0369444 2.0933021 
Xesp_015623-T1                                     1.1644172 1.0785375 1.0725506 0.9281564 1.0891569 0.9611400 1.1052846 0.5411237 0.5889844 0.7104903 0.5895777 0.5545308 0.5347172 0.5468773 0.5354738 0.5294831 0.1787207 0.0000000 0.9211796 0.8708414 0.8617844 0.9494267 0.9386218 0.9117569 0.7280566 1.1070700 1.0551201 0.8040212 1.2945304 1.2992704 1.2562823 1.3404407 1.0511158 1.0125767 1.1324059 1.2705151 1.0415705 1.2404553 1.2152394 1.2820041 1.2641084 1.2646724 1.2611401 1.2787432 1.0598011 1.4121746 1.3901161 1.3481963 1.0973593 1.4137526 1.3084220 1.2969550 1.3518817 1.2056709 1.5770951 1.9322330 1.3047759 1.4954805 1.2161029 1.8611553 1.7869472 1.8559496 1.8833590 1.8539894 1.4623750 1.7062407 1.3731133 1.3746918 1.4485308 1.3967277 1.3782520 1.6900194 1.5601600 1.7154543 2.0394617 2.0447690 2.0667366 
Hvul_g5316_1                                       1.2454880 1.1524952 1.1822053 1.1427834 1.2389557 1.2053487 1.2696218 0.8225272 0.8339994 1.0403821 0.8570146 0.8517310 0.8472127 0.8116010 0.8264884 0.8235211 0.8838222 0.9211796 0.0000000 0.4608909 0.7244697 0.7459585 0.7522214 0.7246920 0.5509115 1.1314681 1.2518713 0.9384684 1.3349843 1.4733956 1.4865505 1.5229883 1.2253502 1.2424333 1.1062813 1.6208885 1.3139089 1.4506070 1.4567572 1.4734464 1.4782804 1.4665351 1.4589112 1.4614592 1.2411395 1.5992047 1.5936881 1.5719229 1.1959688 1.5865247 1.5173407 1.4339468 1.5966179 1.3684476 1.6253587 2.0856848 1.5255990 1.6888136 1.4602482 2.0716238 2.0357993 2.1986336 2.0897379 2.0770214 1.6877107 1.9208870 1.6449343 1.6727481 1.7010759 1.6267306 1.6777967 1.8970437 1.7642158 1.8600786 2.2907936 2.4683232 2.4072215 
Chem_TCONS_00052073                                1.2047987 1.1948248 1.2262500 1.1414565 1.2392542 1.1727797 1.2693073 0.8043263 0.8196139 1.0593046 0.8668644 0.8399687 0.7991177 0.8264596 0.8042258 0.7946663 0.8776593 0.8708414 0.4608909 0.0000000 0.6984500 0.7521035 0.7462976 0.7010372 0.5611922 1.1562285 1.2270194 0.9080920 1.3442352 1.4618658 1.5710182 1.4877714 1.2216783 1.1475320 1.0193161 1.6398115 1.2867296 1.3763943 1.3612878 1.3604206 1.3549971 1.3500779 1.3431945 1.3497807 1.3944736 1.5307569 1.5181712 1.5194837 1.1945558 1.5132982 1.4235038 1.4450790 1.5775151 1.2729121 1.5267694 2.0758458 1.5871785 1.7664493 1.4656760 2.0532804 2.0859108 2.1457328 2.0661128 2.0355146 1.7621046 1.9380376 1.5712069 1.6579643 1.6379219 1.6252446 1.6604528 1.8432876 1.7578385 2.0087779 2.3153735 2.2192220 2.2022863 
Aaur_scaffold687.g5.t3                             1.1854637 1.1299554 1.1848038 1.1016216 1.1408490 1.1190866 1.1370130 0.7860740 0.8004497 1.1151394 0.8017696 0.8083489 0.7904397 0.8320407 0.8284074 0.8252843 0.8478505 0.8617844 0.7244697 0.6984500 0.0000000 0.2806885 0.2732227 0.2604758 0.5856782 1.1143378 1.1119995 0.8729458 1.1829712 1.3028596 1.5401675 1.4317711 1.2854761 1.2169439 0.9782212 1.3930135 1.3080332 1.3538162 1.3166991 1.3465965 1.3382123 1.3271922 1.3184181 1.3448870 1.5636329 1.4230393 1.4014679 1.4705394 1.1163809 1.4253419 1.4438197 1.4144854 1.4054654 1.0408619 1.6193214 2.0149505 1.4273334 1.5084121 1.3215201 1.9089815 2.0864322 2.0306842 2.0052281 2.0085460 1.7368459 1.9323317 1.6862361 1.6871543 1.5409131 1.5769865 1.6132524 1.9401956 1.8454565 1.8939654 2.0748865 2.1016124 2.0638286 
Nemnom_g17440.t1                                   1.3522574 1.1951410 1.2282131 1.1775040 1.3481196 1.2185428 1.2590001 0.8244727 0.8447581 1.0869759 0.8757526 0.8808176 0.8643867 0.8673008 0.8588564 0.8646412 0.9256703 0.9494267 0.7459585 0.7521035 0.2806885 0.0000000 0.1091321 0.3980625 0.5151182 1.0688127 1.2462811 0.8482763 1.3706932 1.4308609 1.6685118 1.4650792 1.2734042 1.2945598 1.1295012 1.7008334 1.3645964 1.4135451 1.3889917 1.4058625 1.4073354 1.4027541 1.3955096 1.3984377 1.3609913 1.5725872 1.5575003 1.5778500 1.1674341 1.5890275 1.5840195 1.4400590 1.5624262 1.2488789 1.7284287 2.1843950 1.5587721 1.7845128 1.4133200 2.1212587 2.2151018 2.3059945 2.1747655 2.2199414 1.8999906 2.0829493 1.7433229 1.8127662 1.6610275 1.7224009 1.7289979 1.9687813 1.8886364 2.0079319 2.2353481 2.3825808 2.3173703 
Rhoesc_Res_007481-T1                               1.3526236 1.1994226 1.2260254 1.1847363 1.3585734 1.2147506 1.2579360 0.8287839 0.8392112 1.0494777 0.8603274 0.8460297 0.8364742 0.8528732 0.8379522 0.8406545 0.9106316 0.9386218 0.7522214 0.7462976 0.2732227 0.1091321 0.0000000 0.3868780 0.4988555 1.0649058 1.2450111 0.8171694 1.3956766 1.4161675 1.6669098 1.4449325 1.2531632 1.2569739 1.1101551 1.6920620 1.3220138 1.4259859 1.3931892 1.4272666 1.4274370 1.4023671 1.3951656 1.4160237 1.3733677 1.5639978 1.5451667 1.5736846 1.1563298 1.5641466 1.5964770 1.4090089 1.5425021 1.1722508 1.7115570 2.1155554 1.6055020 1.7726335 1.4640112 2.0817855 2.2308318 2.2577871 2.2184384 2.2386713 1.9331557 2.1287521 1.7287380 1.7885490 1.6167585 1.6797114 1.7250813 2.0085567 1.9055445 1.9886683 2.2976045 2.3793662 2.2961622 
Sanmal_Sma_015710-T1                               1.3214792 1.2327018 1.2523994 1.1791403 1.3004104 1.2059853 1.2410435 0.8429540 0.8515285 1.0830239 0.8734693 0.8707593 0.8761396 0.8857796 0.8844817 0.8730407 0.8845824 0.9117569 0.7246920 0.7010372 0.2604758 0.3980625 0.3868780 0.0000000 0.5346988 1.1290591 1.2647075 0.8509568 1.3318858 1.4634211 1.5460035 1.4896792 1.2950611 1.2827946 1.1514311 1.7147475 1.3303586 1.4306665 1.4131939 1.4061172 1.4103196 1.3966799 1.3895497 1.4168506 1.3533436 1.5646156 1.5527189 1.5982296 1.3004140 1.5936395 1.5256104 1.4389141 1.5565037 1.2930083 1.7564187 2.1291527 1.6445986 1.8127204 1.4430696 2.0439326 2.1112351 2.1293618 2.1679695 2.2420844 1.8480618 2.0921488 1.7170426 1.7616514 1.7154008 1.6741407 1.8235699 1.9737197 1.8581181 2.0523545 2.2589871 2.2959373 2.2592942 
Morvir_scaffold148.g34.t1                          1.1358014 0.9920452 1.0371502 1.0559979 1.0900969 1.0215012 1.0793252 0.6452708 0.6675081 0.9009153 0.5625577 0.6578432 0.6358860 0.6536666 0.6624648 0.6578211 0.6884163 0.7280566 0.5509115 0.5611922 0.5856782 0.5151182 0.4988555 0.5346988 0.0000000 1.0977380 1.0251963 0.9944050 1.1156819 1.2531407 1.6276130 1.2199142 1.1150384 1.0945498 0.9191088 1.3207280 1.3195674 1.2442481 1.2162610 1.2168850 1.2164544 1.2431193 1.2331644 1.2563025 1.3068568 1.3417330 1.3480046 1.3384630 1.1783637 1.3164941 1.2126806 1.2992354 1.2993400 1.1282626 1.3857619 1.6159794 1.2984592 1.3636410 1.1878636 2.0593808 2.1272968 2.2986420 2.3908131 2.5151197 1.7536587 2.3376861 1.6412912 1.6315222 1.4304998 1.5870256 1.5870653 2.2057100 1.7115487 1.9313824 2.1359614 2.0753058 1.9810381 
Ocar_g8231                                         1.3974585 1.2907808 1.2080018 1.2414604 1.1598678 1.1999714 1.1785000 1.0855271 1.1675954 1.5491825 1.0606500 1.0324992 0.9482377 1.0577760 1.0959132 1.0839532 1.1565405 1.1070700 1.1314681 1.1562285 1.1143378 1.0688127 1.0649058 1.1290591 1.0977380 0.0000000 0.0144196 0.6246827 1.2495132 1.3078588 4.3339102 1.3304421 1.3152045 1.1787755 1.0472348 1.8332582 1.1291195 1.4678264 1.3624942 1.3997775 1.4228641 1.4110961 1.3924509 1.4195042 1.0492277 1.4629853 1.4534356 1.3710882 1.2411619 1.3138359 1.0437745 1.3245470 1.3061569 1.4763427 1.3823575 1.6023734 2.4355270 4.5270594 1.2722492 2.1417404 2.1927607 2.4855258 2.8276858 2.9729673 2.7193254 2.8274510 1.8554830 1.7321063 1.4924297 1.5126569 1.7182072 2.0234559 1.7695651 2.1923407 2.4209092 2.0298016 2.1697459 
Opea_EP00118_Oscarella_pearsei_P010763             1.2464387 1.1285577 1.0403192 1.0396369 1.1021343 1.0999983 1.1229492 0.9860570 1.0510645 1.1939777 1.0050362 0.9802796 0.9439376 0.9785807 0.9732688 0.9615791 1.0498064 1.0551201 1.2518713 1.2270194 1.1119995 1.2462811 1.2450111 1.2647075 1.0251963 0.0144196 0.0000000 0.5302077 1.2390664 1.3309074 1.2194328 1.4050012 1.1817461 1.1366829 1.1196796 1.4405441 1.0540942 1.3686875 1.3655145 1.3684455 1.3739612 1.3970187 1.3897034 1.4224788 1.0492277 1.5163115 1.5097031 1.4563564 1.1518974 1.4784945 1.3546270 1.4067454 1.5431197 1.4763427 1.5381160 2.0919639 1.3173107 1.4359615 1.1893580 1.9314899 1.8705922 1.9309705 1.9039361 1.9437314 1.6232847 1.9182573 1.5578868 1.5704644 1.5429278 1.5075382 1.4647607 1.6506837 1.6508913 1.8555110 2.1901500 2.1175344 2.1571693 
Plajan_Pjan_C568216_01                             1.0410203 0.9392495 0.8541343 0.8566034 0.9647440 0.9474217 0.8861142 0.7748008 0.9033829 1.0406253 0.7019881 0.7752467 0.7806506 0.7941529 0.7860052 0.7756566 0.8384560 0.8040212 0.9384684 0.9080920 0.8729458 0.8482763 0.8171694 0.8509568 0.9944050 0.6246827 0.5302077 0.0000000 1.0018008 1.1307944 1.0668557 1.1437681 1.0786383 0.8743918 0.9301908 0.9832015 0.9858832 1.1243015 1.0291382 1.0940900 1.1216969 1.0982426 1.0886389 1.1260884 1.0513591 1.3106436 1.2841286 1.2489011 1.1303161 1.2593395 1.1092264 1.2109971 1.1950790 1.2581245 1.2191927 1.5124477 0.9025158 1.0651651 0.9109255 2.0760581 1.8800160 1.9716074 2.1478969 2.2466580 1.5991507 2.2399615 1.4205138 1.4421195 1.4305085 1.3671289 1.4675634 1.8945686 1.6575662 1.7073548 2.0394536 1.7164653 1.8460181 
Cscu_XM_023371443.1                                1.1416909 0.8833339 0.9070003 0.8720094 0.8472886 0.8768622 0.9120292 1.0901730 1.1103875 1.2820943 1.0618457 1.0432290 1.0815272 1.1104322 1.0856583 1.0698257 1.2204756 1.2945304 1.3349843 1.3442352 1.1829712 1.3706932 1.3956766 1.3318858 1.1156819 1.2495132 1.2390664 1.0018008 0.0000000 1.4738535 1.2153613 1.5006298 1.2032927 1.2495316 1.2776054 1.3596520 1.1457579 1.3977339 1.4165915 1.4105442 1.4143888 1.4212592 1.4140614 1.4214514 1.4437311 1.5953389 1.5925845 1.5482853 1.2041437 1.5109170 1.4884254 1.2963948 1.4092174 1.2807781 1.2333816 1.7845328 1.3623067 1.3981178 1.2920530 2.0623783 1.8501095 1.8880536 2.0024183 1.9958426 1.6091920 1.9352399 1.5360742 1.6100685 1.6052381 1.4852099 1.5654553 1.9267775 1.8467490 1.8714640 2.2714313 2.1628823 2.2512314 
Aque_Aqu2.1.42144_001                              1.5046404 1.4049703 1.4267413 1.3325236 1.5231093 1.4060195 1.4118805 1.2094290 1.2736211 1.4806581 1.2384378 1.2125605 1.2310969 1.2028854 1.2342381 1.2018278 1.2815689 1.2992704 1.4733956 1.4618658 1.3028596 1.4308609 1.4161675 1.4634211 1.2531407 1.3078588 1.3309074 1.1307944 1.4738535 0.0000000 0.3825265 0.3247279 0.9669031 0.8871146 0.8141208 1.2879277 1.1070552 1.6388722 1.6123145 1.6594850 1.6518290 1.6641784 1.6553782 1.6410851 1.6993569 1.6845776 1.6610123 1.6373971 1.2948737 1.6152668 1.5853671 1.5247503 1.6167779 1.2358139 1.7811642 2.1115194 1.8452174 1.9552472 1.6707445 2.0983597 2.0113158 2.0361054 2.2430280 2.1921404 1.8697002 2.0329374 1.6471021 1.6782543 1.7273471 1.6199092 1.7032547 1.8416385 1.9089117 1.9020578 2.1626522 2.3109490 2.3868204 
Xestes_maker-XT_scaffold27234-snap-gene-0.6-mRNA-1 1.2382626 1.2188154 1.1365594 1.1829962 1.2172800 1.2096186 1.1412395 1.0781335 1.0134404 1.1968445 1.0767611 0.9827008 1.0088212 1.0162027 1.0002851 0.9934398 1.2496180 1.2562823 1.4865505 1.5710182 1.5401675 1.6685118 1.6669098 1.5460035 1.6276130 4.3339102 1.2194328 1.0668557 1.2153613 0.3825265 0.0000000 0.3808382 0.9402764 0.7550483 2.5168118 0.8920352 1.1204347 1.3034006 1.3034006 1.2707781 1.2619955 1.2955593 1.2955593 1.2713186 0.0000010 1.6028774 1.6028176 1.6590979 1.5606992 1.5011087 1.6723773 1.5740334 1.5644277 0.0000010 1.5360519 2.0730454 1.3309599 1.5429880 1.3628629 1.5402736 1.5711131 1.6156437 1.4515256 1.5221702 1.4861942 1.4687369 1.3522250 1.3070970 1.4601713 1.4242659 1.3685942 1.4901583 1.5535767 1.4746551 1.9377264 2.2825312 2.2729279 
Halamb_c54993_g1_i1m.39724                         1.5215590 1.4226601 1.3738126 1.3960918 1.5402843 1.4093613 1.4122508 1.2437370 1.3091650 1.4730456 1.2377383 1.2256071 1.2649972 1.2189730 1.2568515 1.2303091 1.3294467 1.3404407 1.5229883 1.4877714 1.4317711 1.4650792 1.4449325 1.4896792 1.2199142 1.3304421 1.4050012 1.1437681 1.5006298 0.3247279 0.3808382 0.0000000 0.9793957 0.9331498 0.8862273 1.3577029 1.0750290 1.5648308 1.5514960 1.5913222 1.5858287 1.6018975 1.5934341 1.5488582 1.4650407 1.6534262 1.6281685 1.6313281 1.3459529 1.5837228 1.6650240 1.5564790 1.6351967 1.3198831 1.7314574 2.1804486 1.8479301 2.0254430 1.6555972 2.1150121 2.0871536 2.0729836 2.3170967 2.2597447 1.9008302 2.2145378 1.6197465 1.6518131 1.6987333 1.6841097 1.8120025 1.9230058 1.9266407 2.0618142 2.2461475 2.4210063 2.4064235 
Emue_Em0021g563a.t1                                1.3085446 1.1315685 1.2293391 1.1293222 1.2541883 1.1199869 1.1877640 0.9575007 1.0791485 1.2257929 0.9920997 0.9709803 0.9732090 1.0133272 0.9840118 0.9726753 1.0360042 1.0511158 1.2253502 1.2216783 1.2854761 1.2734042 1.2531632 1.2950611 1.1150384 1.3152045 1.1817461 1.0786383 1.2032927 0.9669031 0.9402764 0.9793957 0.0000000 0.5957046 0.5166936 0.3055300 0.8611674 1.2813206 1.2390965 1.2500746 1.2477090 1.2632587 1.2647159 1.2579983 1.6999402 1.5780367 1.5552728 1.4906041 1.3558989 1.4504067 1.4269853 1.4475195 1.4583689 1.4587332 1.5639994 1.8891747 1.2514859 1.3070571 1.2852440 1.9667397 1.9215067 1.9626605 1.9579173 1.9192146 1.5227230 2.0271929 1.4058591 1.5407956 1.4217091 1.4878959 1.5166120 1.9031954 1.6597745 1.7648203 2.0334005 2.2008991 2.0878660 
Tetwil_g1865.t2                                    1.2822335 1.0767374 1.0885003 1.0904031 1.2140372 1.0467452 1.1958318 0.9452741 1.0278069 1.1157411 0.9411569 0.9604227 0.9721894 0.9733261 0.9294869 0.9302599 1.0359548 1.0125767 1.2424333 1.1475320 1.2169439 1.2945598 1.2569739 1.2827946 1.0945498 1.1787755 1.1366829 0.8743918 1.2495316 0.8871146 0.7550483 0.9331498 0.5957046 0.0000000 0.3250850 0.8462696 0.7508616 1.3589412 1.3339425 1.3369887 1.3290238 1.3347184 1.3360527 1.3303916 1.6511146 1.3491925 1.3380008 1.3600458 1.2116961 1.4207416 1.2824579 1.2611074 1.3534501 1.3224365 1.6008718 2.0402033 1.3810789 1.4580946 1.3759525 1.8259306 1.9245988 1.9395715 1.9969894 1.9410535 1.4133155 1.8565192 1.4216882 1.4782321 1.3998611 1.3663287 1.4086785 1.6779437 1.6766180 1.7714094 2.1568261 2.2433471 2.2449393 
Stycar_maker-SC_scaffold4635-snap-gene-0.49-mRNA-1 1.3725720 1.2357492 1.3783681 1.4050656 1.2946793 1.3624971 1.1375454 1.0472765 1.1075954 1.7684138 1.0634409 1.2215408 1.1426010 1.1877781 1.1862960 1.2098006 1.0947331 1.1324059 1.1062813 1.0193161 0.9782212 1.1295012 1.1101551 1.1514311 0.9191088 1.0472348 1.1196796 0.9301908 1.2776054 0.8141208 2.5168118 0.8862273 0.5166936 0.3250850 0.0000000 4.0047349 0.9247066 1.5868960 1.5483767 1.5807504 1.5869246 1.6762441 1.6820757 1.6384874 1.6622982 1.4175915 1.3837271 1.3768174 1.1651546 1.2817273 1.1641654 1.1181526 1.2342624 1.2577936 1.6020634 1.6199025 8.3269017 3.7465229 1.5929907 1.9829882 2.2501627 2.0233829 2.8184128 2.6215704 5.6154898 2.6329056 1.9273705 1.7481903 1.4976560 1.6398289 1.6543370 2.3858864 1.9096699 2.3264580 2.0685078 2.1128541 1.9189259 
Spolac_c100006_g1_i2_m.21212c100006-g1             1.5786170 1.2843454 1.3293310 1.1939211 1.3543193 1.3477534 1.3494867 1.1696768 1.2524378 1.2943357 1.1212212 1.1703246 1.2094151 1.2230346 1.1377230 1.1298351 1.2528517 1.2705151 1.6208885 1.6398115 1.3930135 1.7008334 1.6920620 1.7147475 1.3207280 1.8332582 1.4405441 0.9832015 1.3596520 1.2879277 0.8920352 1.3577029 0.3055300 0.8462696 4.0047349 0.0000000 0.8543911 1.4139207 1.4251627 1.4638767 1.4322534 1.4583104 1.4583104 1.4355374 2.4903363 1.8665305 1.8651866 1.8654559 1.5093206 1.7887531 1.8093201 1.6027965 1.7933920 2.3231571 1.9198328 2.8358124 1.4622431 1.6608901 1.5775574 2.0314784 2.0665877 1.9345294 1.8179264 1.8252628 1.6963222 1.8736399 1.5972784 1.7441769 1.8321827 1.6830276 1.7796406 1.8721000 1.9557262 1.7314629 2.4899677 2.5315716 2.4037764 
Plespi_Pspi_scaffold17599_01                       1.2124899 1.0350474 1.0972070 1.0750483 1.0865263 1.0289202 1.0821448 0.9908875 1.0703364 1.1845923 0.9739646 1.0206999 0.9660893 1.0150887 0.9885198 0.9931028 1.0662364 1.0415705 1.3139089 1.2867296 1.3080332 1.3645964 1.3220138 1.3303586 1.3195674 1.1291195 1.0540942 0.9858832 1.1457579 1.1070552 1.1204347 1.0750290 0.8611674 0.7508616 0.9247066 0.8543911 0.0000000 1.1802472 1.1463194 1.1693032 1.1684408 1.1851922 1.1866385 1.1866239 1.1155281 1.5478160 1.5376491 1.4309328 1.2977375 1.4350188 1.4540385 1.4218570 1.4270631 1.4386011 1.6157066 1.9987726 1.3048979 1.2789208 1.2585892 1.8785538 1.9960879 1.9864179 1.9122540 1.8788974 1.3854441 1.8876659 1.3969064 1.3832591 1.4063580 1.3151325 1.3780566 1.7228173 1.6058542 1.5887395 2.0302455 2.0445035 1.9757408 
Tadh_TriadT24447                                   1.4241835 1.2982972 1.2836629 1.2712619 1.3632169 1.2481390 1.3257453 1.1439889 1.1687088 1.3863461 1.1002190 1.1415865 1.1697057 1.1759874 1.1848360 1.1703025 1.2742886 1.2404553 1.4506070 1.3763943 1.3538162 1.4135451 1.4259859 1.4306665 1.2442481 1.4678264 1.3686875 1.1243015 1.3977339 1.6388722 1.3034006 1.5648308 1.2813206 1.3589412 1.5868960 1.4139207 1.1802472 0.0000000 0.0169360 0.1231413 0.1151179 0.1363135 0.1346558 0.1381988 1.3635207 1.7642831 1.7483911 1.6747931 1.3251810 1.6891814 1.6520581 1.5754770 1.6803632 1.4719814 1.8529049 2.1683623 1.5725432 1.7382983 1.6021271 2.3590229 2.2950357 2.2395673 2.1083069 2.1703113 1.8951737 2.1338569 1.7075986 1.6359712 1.7163274 1.6518443 1.6948461 1.9728532 1.8833639 1.9412900 2.4741526 2.2774587 2.4525551 
TrH2_TrispH2_001755-RA                             1.4219516 1.3320553 1.2738055 1.2360711 1.3362468 1.2586054 1.3021769 1.1539679 1.1809561 1.4097338 1.1364764 1.1662082 1.1882356 1.1930548 1.2076094 1.1931281 1.2877378 1.2152394 1.4567572 1.3612878 1.3166991 1.3889917 1.3931892 1.4131939 1.2162610 1.3624942 1.3655145 1.0291382 1.4165915 1.6123145 1.3034006 1.5514960 1.2390965 1.3339425 1.5483767 1.4251627 1.1463194 0.0169360 0.0000000 0.1099936 0.1035389 0.1210710 0.1194379 0.1256651 1.1605406 1.7417183 1.7258320 1.6378499 1.2330863 1.6720798 1.6616301 1.5109933 1.6625897 1.3487315 1.8575889 2.1536991 1.6531720 1.8369449 1.6219372 2.3299104 2.2349776 2.2297036 2.0762234 2.1457818 1.9323220 2.1724603 1.7521215 1.6420454 1.7551397 1.6945338 1.7078825 1.9712463 1.8439889 1.9454152 2.4395496 2.1997088 2.4104798 
HoiH06_mRNA3603                                    1.4607173 1.3444796 1.3039503 1.3035902 1.3448573 1.2549338 1.3087548 1.1716769 1.2315926 1.4351062 1.1892643 1.1881485 1.2162734 1.2144871 1.2356147 1.2170488 1.3328391 1.2820041 1.4734464 1.3604206 1.3465965 1.4058625 1.4272666 1.4061172 1.2168850 1.3997775 1.3684455 1.0940900 1.4105442 1.6594850 1.2707781 1.5913222 1.2500746 1.3369887 1.5807504 1.4638767 1.1693032 0.1231413 0.1099936 0.0000000 0.0288460 0.0623552 0.0609318 0.0782312 1.2802816 1.8184709 1.8110535 1.6695321 1.3358197 1.7205284 1.6800170 1.5669813 1.7284255 1.4640445 1.8578928 2.2223744 1.6237573 1.8418072 1.5989310 2.3783618 2.2860677 2.1941527 2.1104037 2.2013478 1.9177962 2.1268382 1.7226378 1.6169612 1.8209073 1.6851885 1.7487383 1.9560023 1.8614862 1.9501016 2.5124993 2.2518846 2.4310816 
HoiH23_PlH23_007930-RA                             1.4508452 1.3428117 1.2942546 1.2934956 1.3328468 1.2456443 1.2933255 1.1622427 1.2149293 1.4301961 1.1857957 1.1791339 1.2003428 1.2051760 1.2210493 1.2026396 1.3142685 1.2641084 1.4782804 1.3549971 1.3382123 1.4073354 1.4274370 1.4103196 1.2164544 1.4228641 1.3739612 1.1216969 1.4143888 1.6518290 1.2619955 1.5858287 1.2477090 1.3290238 1.5869246 1.4322534 1.1684408 0.1151179 0.1035389 0.0288460 0.0000000 0.0567719 0.0553587 0.0793157 1.2940789 1.8096676 1.8005147 1.6530842 1.3317958 1.7080398 1.6672367 1.5508909 1.7034079 1.4434590 1.8546089 2.2218420 1.6446594 1.8477227 1.6108603 2.3634223 2.3089723 2.2122332 2.1168414 2.2074623 1.9154679 2.1233868 1.7255457 1.6310104 1.8239841 1.6969463 1.7399754 1.9759636 1.8707445 1.9617504 2.5240901 2.2390898 2.4400682 
Hhon_g09194.t1                                     1.4593459 1.3514563 1.2981130 1.3269134 1.3544438 1.2518747 1.3201639 1.1618710 1.2465048 1.4377574 1.1898896 1.1957572 1.2292277 1.2375013 1.2445371 1.2258911 1.3087848 1.2646724 1.4665351 1.3500779 1.3271922 1.4027541 1.4023671 1.3966799 1.2431193 1.4110961 1.3970187 1.0982426 1.4212592 1.6641784 1.2955593 1.6018975 1.2632587 1.3347184 1.6762441 1.4583104 1.1851922 0.1363135 0.1210710 0.0623552 0.0567719 0.0000000 0.0012931 0.0963175 1.3149292 1.8226068 1.8095822 1.6739902 1.3574282 1.7290404 1.6976751 1.5948388 1.7442580 1.5029743 1.9129491 2.2138213 1.6292101 1.8536287 1.6121954 2.3961880 2.2641302 2.2685194 2.1250939 2.2080601 1.8767102 2.1418239 1.7140631 1.6170968 1.8166610 1.6818391 1.7676967 2.0246088 1.8673907 1.9575584 2.5747584 2.2268995 2.4513294 
HoiH04_mRNA5843                                    1.4520422 1.3446248 1.2916408 1.3230533 1.3506063 1.2484859 1.3165128 1.1560599 1.2402228 1.4375241 1.1814370 1.1897472 1.2223671 1.2311315 1.2383078 1.2197392 1.3051275 1.2611401 1.4589112 1.3431945 1.3184181 1.3955096 1.3951656 1.3895497 1.2331644 1.3924509 1.3897034 1.0886389 1.4140614 1.6553782 1.2955593 1.5934341 1.2647159 1.3360527 1.6820757 1.4583104 1.1866385 0.1346558 0.1194379 0.0609318 0.0553587 0.0012931 0.0000000 0.0948139 1.3149292 1.8219218 1.8089003 1.6733074 1.3562298 1.7283787 1.6919545 1.5941453 1.7435897 1.4839662 1.9025331 2.2009329 1.6292101 1.8536287 1.6029373 2.4069720 2.2665906 2.2714093 2.1332884 2.2166712 1.8767102 2.1440132 1.7158132 1.6187976 1.8184986 1.6835644 1.7695045 2.0176546 1.8693103 1.9596170 2.5862844 2.2294119 2.4541720 
HoiH11_mRNA3398                                    1.4400057 1.3242249 1.3150519 1.3027138 1.3589222 1.2380086 1.2920188 1.1517062 1.2208401 1.4344354 1.1853005 1.1903475 1.2190198 1.2350989 1.2433273 1.2273289 1.3292452 1.2787432 1.4614592 1.3497807 1.3448870 1.3984377 1.4160237 1.4168506 1.2563025 1.4195042 1.4224788 1.1260884 1.4214514 1.6410851 1.2713186 1.5488582 1.2579983 1.3303916 1.6384874 1.4355374 1.1866239 0.1381988 0.1256651 0.0782312 0.0793157 0.0963175 0.0948139 0.0000000 1.2564644 1.8285603 1.8094166 1.6818333 1.3732338 1.7238407 1.7277975 1.5893693 1.7192520 1.4745928 1.8699407 2.2208548 1.6383575 1.8560658 1.6262905 2.3291931 2.3151381 2.2546378 2.0944641 2.1845806 1.9735557 2.1370412 1.7333096 1.6485570 1.8112191 1.6915929 1.7728413 1.9988765 1.8765169 1.9190897 2.5007655 2.2926748 2.4738216 
Clacor_Ccor_C508539_01                             1.4012231 1.1636726 1.1749832 1.1247224 1.3212295 1.1383275 1.3620748 1.2598906 1.2612359 1.2233750 1.1738787 1.1036448 1.0201120 1.0788437 1.1356591 1.0930148 1.1022561 1.0598011 1.2411395 1.3944736 1.5636329 1.3609913 1.3733677 1.3533436 1.3068568 1.0492277 1.0492277 1.0513591 1.4437311 1.6993569 0.0000010 1.4650407 1.6999402 1.6511146 1.6622982 2.4903363 1.1155281 1.3635207 1.1605406 1.2802816 1.2940789 1.3149292 1.3149292 1.2564644 0.0000000 1.9402424 1.8797998 1.9317412 1.6319139 1.8474575 1.8261966 1.7022447 1.6477794 1.5616832 1.8518196 1.7650079 0.0000010 0.0000010 0.9102850 2.3106403 2.3525924 3.1313407 2.5619848 2.8340472 2.5806176 2.8332397 2.1472704 1.8441749 1.6583324 1.4954202 1.6689301 2.9074352 1.8402288 1.7014529 2.8511077 2.6687817 2.7227728 
Pbac_sb2659563                                     1.5280209 1.4751899 1.5594659 1.4884872 1.4706101 1.4144744 1.4842021 1.3862241 1.4471001 1.6440255 1.3366847 1.3907215 1.3308858 1.3799386 1.3659203 1.3727171 1.4017690 1.4121746 1.5992047 1.5307569 1.4230393 1.5725872 1.5639978 1.5646156 1.3417330 1.4629853 1.5163115 1.3106436 1.5953389 1.6845776 1.6028774 1.6534262 1.5780367 1.3491925 1.4175915 1.8665305 1.5478160 1.7642831 1.7417183 1.8184709 1.8096676 1.8226068 1.8219218 1.8285603 1.9402424 0.0000000 0.0144830 0.3660872 0.3160029 0.4682325 0.3764698 0.4788805 0.5078389 0.6014131 1.7882559 2.3158338 1.8188168 1.9022749 1.6248328 2.1874416 2.1081151 2.0156525 2.2313970 2.1934401 1.7157810 2.0909438 1.7344693 1.7549160 1.7876261 1.7440978 1.6548155 1.8890986 1.8892180 1.7356713 2.4268492 2.4317743 2.2998984 
Horcal_Hcv1.av93.c6.g668.i1                        1.5073717 1.4727623 1.5467731 1.4623957 1.4695499 1.3973619 1.4655349 1.3634919 1.4347923 1.6253212 1.3315024 1.3704718 1.3158735 1.3672090 1.3461032 1.3528083 1.3799225 1.3901161 1.5936881 1.5181712 1.4014679 1.5575003 1.5451667 1.5527189 1.3480046 1.4534356 1.5097031 1.2841286 1.5925845 1.6610123 1.6028176 1.6281685 1.5552728 1.3380008 1.3837271 1.8651866 1.5376491 1.7483911 1.7258320 1.8110535 1.8005147 1.8095822 1.8089003 1.8094166 1.8797998 0.0144830 0.0000000 0.3689784 0.3106194 0.4707341 0.3693973 0.4844116 0.5096048 0.6008459 1.7761397 2.3179895 1.8089399 1.8945602 1.6267027 2.1893036 2.0890138 2.0121369 2.2437823 2.1769568 1.7094064 2.0810214 1.7258097 1.7447697 1.7720473 1.7274032 1.6475892 1.8747365 1.8864101 1.7424073 2.4040963 2.4082018 2.2960238 
Drygla_Dgla_sb296551                               1.5221294 1.4357176 1.5134804 1.4399339 1.4393748 1.3674263 1.4621600 1.3539350 1.3865452 1.5988583 1.2595014 1.3094440 1.2706213 1.3007152 1.2721851 1.2763771 1.3667215 1.3481963 1.5719229 1.5194837 1.4705394 1.5778500 1.5736846 1.5982296 1.3384630 1.3710882 1.4563564 1.2489011 1.5482853 1.6373971 1.6590979 1.6313281 1.4906041 1.3600458 1.3768174 1.8654559 1.4309328 1.6747931 1.6378499 1.6695321 1.6530842 1.6739902 1.6733074 1.6818333 1.9317412 0.3660872 0.3689784 0.0000000 0.2677051 0.4473134 0.2924794 0.4749281 0.4815984 0.6292492 1.8243901 2.2203551 1.8777133 1.8968323 1.6084033 2.2571021 2.2164942 2.0200492 2.2326774 2.1826815 1.7087001 2.0067949 1.5883703 1.7871399 1.7579471 1.6986456 1.6552837 1.8345413 1.8942722 1.7973799 2.2396074 2.4002503 2.3890099 
