70
Hsap_ENST00000321105                                              0.0000000 0.7759462 0.6114929 0.8530728 0.7677972 1.0293621 1.0625807 1.1188107 0.9359035 0.9935681 0.6023751 0.9240990 0.9277532 0.8705439 0.9946111 1.0624731 0.9781488 0.8948639 0.5462032 0.8446684 0.9353602 0.8223618 1.0399953 1.0287789 0.7118884 1.1041784 0.8860766 1.1774850 1.1590596 1.1467507 0.7715734 0.7905175 0.8531977 1.1705932 0.9805235 0.8032049 1.1863173 1.6089087 1.0486420 1.3486541 1.0519951 0.8621610 1.0126128 1.0991068 1.1817243 0.9804367 1.0982011 1.1829104 1.1733705 1.9361272 1.8222298 1.7265655 1.2025690 1.8413072 1.4136687 1.7232921 1.9687079 2.1133592 2.1125723 2.2573020 2.0630309 2.1235039 1.8785263 2.1841706 1.9041228 2.1126935 2.2812171 1.4566016 1.6793400 1.5467934 
Bralan_BLAG09000344_1                                             0.7759462 0.0000000 0.6028304 0.9041705 0.6757360 0.9537932 0.9649014 0.9766028 0.8148444 0.8319037 0.4312089 0.8168980 0.8110150 0.9577832 0.9700189 1.0795265 0.9046163 0.8150334 0.5225571 0.8034276 0.9076729 0.7315833 1.1233645 1.0918696 0.7646800 1.1898854 0.9031778 1.2347401 1.2194568 1.2103050 0.7378027 0.7790263 0.8171468 1.2714046 1.0017222 0.7390008 1.2751653 1.6816967 1.0483934 1.5034751 1.1183352 0.7229110 0.8215249 1.2356270 1.1300274 0.9439671 1.0936191 1.3621106 1.4357885 2.3390632 2.0903427 2.0174182 1.1468782 1.9471906 1.3665309 1.7685349 1.8974139 2.1441702 2.2357021 2.5075650 2.2789595 2.2036268 1.8298717 2.0587100 1.8404013 2.1925588 2.4224676 1.4985418 1.6570698 1.9610686 
Acagra_model.g4119.t1                                             0.6114929 0.6028304 0.0000000 0.6458165 0.9584929 0.7294653 0.8394242 0.9228991 0.6689464 0.7977255 0.6193949 0.7400074 0.7333443 0.6080879 0.7758269 0.8746175 0.8231676 0.7232198 0.5942514 0.6595415 0.8183631 0.7487123 0.8308218 0.8212672 0.8229067 0.9085606 0.8444355 0.9531072 0.9525169 0.9256138 0.8421644 0.8334767 0.8409554 0.9556650 0.6602588 0.7246534 0.9467856 1.5650976 1.0591976 1.1583342 1.0721502 1.2443477 0.7119426 0.7997283 0.8891330 0.5439753 0.7010524 0.6433622 0.9071165 1.8667780 1.7461377 1.5578782 1.4529612 1.8465278 1.5842301 1.6300938 1.5918996 1.8092157 1.9469788 1.6808305 1.9612630 1.6839638 1.8594524 1.8789788 1.8083223 1.7413322 1.9836858 0.9653099 0.9943960 0.7513978 
Ctel_gnl_WGS_AMQN_CAPTEDRAFT_mRNA193082                           0.8530728 0.9041705 0.6458165 0.0000000 0.4550291 0.9924574 1.0569739 1.0511392 0.9394683 0.9499425 0.5830187 0.8872439 0.9482414 0.8356970 0.9797091 1.2525925 1.0636411 0.9509030 0.6851076 0.8909757 1.0337035 0.8830685 0.9787071 1.0227844 0.8048446 1.2518992 1.0684179 1.3690104 1.3662218 1.3401912 0.8271114 0.8649673 0.8053383 1.2227999 0.9095187 0.7925423 1.1226358 1.5891746 1.0523132 1.3451186 1.1255387 0.8891532 0.9702360 1.1286320 1.0211271 1.1669612 1.1515302 1.2497120 1.4536379 1.9706831 1.8489614 1.7571440 1.2746682 1.7262303 1.2605065 1.6048402 1.8922064 1.9349888 2.1972327 2.4491765 1.9965068 2.1064716 1.7972436 1.9736069 1.8296422 2.1861123 2.2246995 1.4786346 1.6156244 1.7740270 
Aaur_scaffold384.g25.t1                                           0.7677972 0.6757360 0.9584929 0.4550291 0.0000000 0.2691582 0.3349327 0.5345843 0.5756431 0.5439857 0.4960885 0.4932625 0.5052803 0.5197074 0.7428944 0.9646572 0.7462947 0.8156224 0.6739797 0.7483296 0.7270982 0.7420487 0.9568525 0.9736204 1.3844172 1.3844172 1.3129162 1.3170124 1.3170124 1.3842894 1.3607304 5.1028620 1.0881679 0.9451390 0.6857138 0.7511031 0.6850049 1.4954418 1.5570359 1.5395360 0.9811656 1.1644596 0.9555913 1.0801224 0.5829567 0.0000010 0.5772711 0.0000010 0.6795019 2.4122088 1.4139033 2.3921014 1.6223452 1.8790152 1.4964501 1.5683170 1.8360296 1.3060015 1.3321409 0.0000010 1.4435026 1.3490611 3.1995361 2.1016409 1.9630702 1.5549180 1.5742551 0.0000010 0.0000010 0.0000010 
Morvir_scaffold9.g92.t1                                           1.0293621 0.9537932 0.7294653 0.9924574 0.2691582 0.0000000 0.7881902 1.1273513 0.9364916 0.9451500 0.5110719 0.8872203 0.9025817 1.0817219 0.9539734 1.3341912 1.0424110 0.9522624 0.5710785 0.9844785 0.9661825 0.9391644 1.1291351 1.0694111 0.7761088 1.0938952 0.9810463 1.1499712 1.1441534 1.1387827 0.7765821 0.7816934 0.8273575 1.2303146 1.0790539 0.5942764 1.2731419 1.5725130 1.0498488 1.4017613 1.0556580 0.7431069 0.9322082 1.2311532 1.0076814 1.0349104 1.2330479 1.4480374 1.5667816 2.1776447 1.8365883 1.8177824 1.2503418 1.8021953 1.4583219 1.7268949 1.9742793 2.0344935 2.1075795 2.4331970 2.1741213 2.0822708 1.8584653 2.1141584 1.8337467 2.0936356 2.2646066 1.3797908 1.4263419 1.9350753 
Sanmal_Sma_013060-T1                                              1.0625807 0.9649014 0.8394242 1.0569739 0.3349327 0.7881902 0.0000000 1.0375374 0.9116005 1.0275736 0.5835945 0.9492141 0.9797648 1.0949225 0.9855657 1.3057515 0.9623399 0.9886105 0.6904655 1.0989179 1.0388172 0.9316693 1.0698985 1.0258076 0.8873014 1.3036967 1.1667992 1.4560687 1.4540388 1.4691593 0.9499099 0.9956528 0.9107335 1.3644728 1.3123902 0.6276420 1.2390703 1.8232436 1.2740416 1.5596413 1.2331770 0.9950613 0.8013323 1.3252850 0.9737163 1.0631257 1.3232956 1.4581336 1.4847772 2.0879237 1.6874993 1.7852227 1.1432931 1.8135786 1.4602577 1.7849515 1.8380065 2.2310122 2.2036671 2.5706323 2.1197127 2.1114336 1.9197939 2.2013014 1.9242957 2.1329825 2.0670830 0.9921428 1.0470280 2.1679542 
Adig_XM_015912753.1                                               1.1188107 0.9766028 0.9228991 1.0511392 0.5345843 1.1273513 1.0375374 0.0000000 0.3438574 0.3090968 0.1969229 0.3329264 0.3526710 1.2396549 0.8045254 1.3306543 1.0370642 1.0038155 0.4574831 1.1617281 0.7642884 1.1144192 1.1029692 1.1708361 0.8914395 1.3494207 1.1119098 1.4471449 1.4498694 1.4150849 0.9043492 0.9054342 0.9546809 1.4335687 1.1406195 0.8013117 1.5249049 1.8160292 1.2484547 1.7878781 1.1813789 0.8175465 0.2038017 1.4303461 1.3046062 1.1923135 1.3108084 1.7514946 1.7536272 2.5669879 2.2583806 2.1105818 1.1905514 2.1871045 1.6077237 1.9893905 2.2223853 2.4805509 2.3363197 2.7585089 2.9552539 2.4316386 2.2611318 2.5455977 2.3002510 2.5685536 2.5224521 1.9808199 2.3217804 3.1229261 
Gfas_gfas1.m1.16899.m1                                            0.9359035 0.8148444 0.6689464 0.9394683 0.5756431 0.9364916 0.9116005 0.3438574 0.0000000 0.2162249 0.0899389 0.2456901 0.2704996 0.9754291 0.6552284 1.1257700 0.8923191 0.7810109 0.4948914 0.9711220 0.6369248 0.9137548 0.9629114 0.9807224 0.6899809 1.0598745 0.8916385 1.2047530 1.1860677 1.1632549 0.6257134 0.8715413 0.8438570 1.1979224 0.9857619 0.6576355 1.2977197 1.6377133 1.0307395 1.4451949 1.0274202 0.7602750 0.2715072 1.2121115 1.0305910 0.9148382 1.1701659 1.3740097 1.5109339 2.2933324 2.0417034 1.6752472 1.1549575 1.7976741 1.3544169 1.7101112 1.8545793 2.1086144 2.1810110 2.5678734 2.1406988 2.1788330 1.8457253 2.2471427 2.0153929 2.0820512 2.2963502 1.3485515 1.4737944 1.8445672 
Fspp_ffun1.m4.22067.m1                                            0.9935681 0.8319037 0.7977255 0.9499425 0.5439857 0.9451500 1.0275736 0.3090968 0.2162249 0.0000000 0.0564250 0.1627588 0.1799982 1.0909841 0.6679156 1.1631305 0.9592860 0.8519148 0.4989386 1.0177514 0.6360931 0.9186087 1.0141144 1.0500018 0.7648053 1.0715177 0.8817220 1.1540303 1.1447312 1.1211820 0.7329066 0.9889775 0.9602904 1.2602481 1.0386754 0.8312944 1.3546641 1.5567626 1.1391859 1.5240861 1.1099918 0.7617360 0.3212889 1.2351388 1.0460465 0.9862015 1.2558387 1.4764143 1.5114689 2.2193143 2.1329667 1.8580982 1.1211873 1.9616863 1.4692991 1.8564937 1.8739771 2.1181445 2.2160715 2.6799775 2.2159657 2.2122228 1.9590275 2.2623066 2.1091937 2.1564166 2.2860791 1.2518532 1.4951567 1.8163888 
Gasp_gasp1.m3.1784.m1                                             0.6023751 0.4312089 0.6193949 0.5830187 0.4960885 0.5110719 0.5835945 0.1969229 0.0899389 0.0564250 0.0000000 0.0909945 0.0883514 0.5585146 0.3360816 0.6564952 0.6687664 0.5232826 0.4414420 0.5429270 0.3627687 0.5565854 0.5476637 0.5587492 0.6193933 0.6241192 0.6524275 0.6644774 0.6602841 0.6559881 0.6538544 0.7019043 0.7976289 0.7584838 0.5681731 0.6461438 0.7800627 1.0471916 0.8560307 0.8600426 0.8841484 0.7841557 0.2232531 0.7333927 0.5059806 0.4413433 0.6036426 0.5866708 0.7135945 1.6805364 1.6276513 1.3658961 1.0774716 1.6415198 1.4370982 1.6103927 1.6075319 1.5154708 1.5842718 1.3974961 1.6508853 1.6140940 1.5399311 1.6276908 1.7753266 1.5007781 1.5984268 0.3521033 0.3722902 0.4196860 
Pocdam_XM_027191427.1                                             0.9240990 0.8168980 0.7400074 0.8872439 0.4932625 0.8872203 0.9492141 0.3329264 0.2456901 0.1627588 0.0909945 0.0000000 0.0848253 1.0075962 0.6079234 1.1050056 0.9083897 0.8052346 0.4792558 1.0056153 0.5665687 0.9011227 0.9590650 1.0046367 0.6822700 0.9699495 0.8578629 1.1085170 1.0984892 1.0624844 0.6612425 0.8111770 0.8647832 1.2365169 0.9813637 0.7562498 1.2711469 1.6040506 1.1006459 1.4489387 1.0710257 0.7797389 0.3000816 1.1258726 0.9704085 0.8995458 1.1519376 1.2622774 1.5024542 2.2195726 2.1445900 1.8535817 1.0832459 1.8454606 1.4162355 1.8264975 1.8304591 2.1501240 2.0871539 2.4825876 2.2505959 2.1248444 1.9461517 2.2691217 2.0975474 2.0876176 2.1688051 1.1908939 1.4421955 1.6742623 
Spis_XP_022800287_1                                               0.9277532 0.8110150 0.7333443 0.9482414 0.5052803 0.9025817 0.9797648 0.3526710 0.2704996 0.1799982 0.0883514 0.0848253 0.0000000 1.0381313 0.6120281 1.1385727 0.8768728 0.8185049 0.4966305 1.0083930 0.6062539 0.8887420 0.9831623 1.0052957 0.7133988 1.0222174 0.8459297 1.0894158 1.0794836 1.0607058 0.6804795 0.7952605 0.8287386 1.2336425 0.9927193 0.7178490 1.2987755 1.6505876 1.0923807 1.4671175 1.0777063 0.7861316 0.3107579 1.1659856 0.9407660 0.9187305 1.2090868 1.2687399 1.4854743 2.0656377 1.9883896 1.7663564 1.0980159 1.7319719 1.3120152 1.6745053 1.7760155 2.0440751 2.0406105 2.3869849 2.1645925 2.0884431 1.8386375 2.2083451 2.0032681 2.0472978 2.1569306 1.1580562 1.4196635 1.7033181 
Cgig_XM_034455272.1                                               0.8705439 0.9577832 0.6080879 0.8356970 0.5197074 1.0817219 1.0949225 1.2396549 0.9754291 1.0909841 0.5585146 1.0075962 1.0381313 0.0000000 1.0714444 1.2908710 1.0339535 0.9368777 0.5808452 1.0344952 1.0653241 0.9918167 1.2066548 1.1564434 0.8575581 1.2796698 1.0781853 1.4112959 1.3996870 1.3939140 0.8699007 0.9531156 0.8716881 1.3427034 0.9576410 0.7589326 1.2530877 1.6068450 1.1761424 1.5751055 1.1868596 0.8746437 0.9539043 1.2343956 1.0718670 1.0735009 1.2349676 1.4801727 1.5670759 2.1943394 1.9969755 1.7362153 1.0840330 1.9028307 1.3032729 1.6277965 1.8986419 2.1866492 2.2013180 2.5536313 2.0458207 2.2739911 1.7432367 2.0405459 1.9048670 2.0863504 2.1400975 1.6553197 1.7372563 1.9506974 
Exapal_XM_021049716.2                                             0.9946111 0.9700189 0.7758269 0.9797091 0.7428944 0.9539734 0.9855657 0.8045254 0.6552284 0.6679156 0.3360816 0.6079234 0.6120281 1.0714444 0.0000000 1.1289818 0.8705814 0.8358046 0.5281812 0.9552458 0.5369099 0.9836347 1.0870750 1.0739691 0.7166556 1.1172963 0.9243036 1.2405362 1.2408158 1.1840152 0.7265246 0.8165339 0.8145801 1.1902280 1.0984801 0.6941625 1.3445348 1.6987422 1.1138778 1.5104976 1.0209926 0.7693983 0.6272463 1.2243090 1.0444344 0.9373837 1.2216452 1.4086977 1.6218212 2.0356992 1.8753154 1.6869338 1.1716921 1.8666643 1.3454011 1.6043563 1.7500542 1.8915725 2.1387827 2.4412738 2.1336273 2.2014724 1.6901932 2.0975772 1.8392152 2.0402264 2.4678494 1.1429924 1.4787982 1.8181887 
Aque_Aqu2.1.30899_001                                             1.0624731 1.0795265 0.8746175 1.2525925 0.9646572 1.3341912 1.3057515 1.3306543 1.1257700 1.1631305 0.6564952 1.1050056 1.1385727 1.2908710 1.1289818 0.0000000 0.3795357 0.6482009 0.4797151 1.1656222 1.1125903 1.0421592 1.2144387 1.2140310 0.8448118 1.2227002 1.0685221 1.3756377 1.3613236 1.3091404 0.8961656 0.8624407 0.8231138 1.3130451 1.2609110 0.9639052 1.5436312 1.9628964 1.2997549 1.6008144 1.3077864 0.8484420 1.1549747 1.4443696 1.3230674 0.9427852 0.9818848 1.3281303 1.1947938 2.2485129 2.0675939 1.9164932 1.2387524 1.9961701 1.6095360 1.9557280 2.0683750 2.1064730 2.5145727 2.7932106 2.5776132 2.2655455 2.1450360 2.5465124 2.2772118 2.2829121 2.4292722 1.7921770 2.1610856 2.1445092 
Halamb_c44552_g1_i5mm.1480                                        0.9781488 0.9046163 0.8231676 1.0636411 0.7462947 1.0424110 0.9623399 1.0370642 0.8923191 0.9592860 0.6687664 0.9083897 0.8768728 1.0339535 0.8705814 0.3795357 0.0000000 0.6200700 0.4459903 0.9790264 0.8398223 0.9070294 0.9684588 0.9459752 0.8181212 1.0063393 0.9810671 1.0545899 1.0352771 0.9879910 0.8438247 0.7924748 0.8001767 1.0787563 1.0225915 0.9405403 1.3342081 1.6313793 1.3042893 1.5159161 1.3044941 0.8383733 1.0264419 1.2302624 0.9934111 0.8674719 0.8649256 0.9320708 0.8468039 2.0845145 1.9019275 1.9121702 1.2297250 1.9235136 1.5814797 1.9110412 2.1566129 2.0048492 2.2391291 2.3852734 2.1096064 1.9647920 1.9115358 2.1550391 2.2157060 2.1577482 2.1806130 1.3111185 1.3209115 1.3377885 
Tetwil_g26010.t2                                                  0.8948639 0.8150334 0.7232198 0.9509030 0.8156224 0.9522624 0.9886105 1.0038155 0.7810109 0.8519148 0.5232826 0.8052346 0.8185049 0.9368777 0.8358046 0.6482009 0.6200700 0.0000000 0.3380632 0.8784715 0.8263139 0.7665701 0.9721368 0.9035073 0.6944953 1.0087681 0.8840140 1.1338937 1.1168383 1.0890363 0.7425975 0.7687767 0.7653027 1.0595548 0.9836592 0.8431465 1.4088681 1.5725917 1.1412663 1.3207972 1.1293641 0.8348921 0.9150820 1.2518485 0.9510588 0.7129929 0.5931801 0.9736115 0.5421816 1.9096170 1.7645418 1.7997618 1.1798907 1.7992784 1.6329803 1.7099834 2.0443158 1.8815033 2.0444290 1.9728944 2.1683655 1.9521342 2.1387946 2.1027531 2.0541729 2.1764845 2.2288764 1.1265097 1.1718133 1.2609477 
Spolac_c94151_g1_i1_m.9698c94151-g1                               0.5462032 0.5225571 0.5942514 0.6851076 0.6739797 0.5710785 0.6904655 0.4574831 0.4948914 0.4989386 0.4414420 0.4792558 0.4966305 0.5808452 0.5281812 0.4797151 0.4459903 0.3380632 0.0000000 0.5419350 0.5885205 0.5573459 0.5381776 0.5441056 0.6915694 0.6987913 0.7551604 0.7830441 0.7830441 0.7491872 0.6892760 0.7035709 0.6320888 0.5464840 0.6355533 0.6793308 0.9288526 1.1353000 0.8773116 0.8748429 0.8570093 0.8121405 0.6140028 0.7570463 0.6907992 0.4892397 0.2072679 0.5671135 0.4504614 1.4568202 1.2597477 1.2958318 1.1391777 1.4979062 1.3340613 1.2400191 1.5271464 1.3414218 1.5273742 1.5607656 1.4699237 1.3148208 1.5015312 1.5908493 1.6012278 1.3497713 1.5291802 0.4444483 0.4331332 0.4783366 
Spur_XM_030985185.1                                               0.8446684 0.8034276 0.6595415 0.8909757 0.7483296 0.9844785 1.0989179 1.1617281 0.9711220 1.0177514 0.5429270 1.0056153 1.0083930 1.0344952 0.9552458 1.1656222 0.9790264 0.8784715 0.5419350 0.0000000 0.9650564 0.6668874 1.1227194 1.1058118 0.7151075 1.0906974 0.8849536 1.1220083 1.1134074 1.0686203 0.6934913 0.7763658 0.7662017 1.2521328 1.0492230 0.8146695 1.2160068 1.6200737 0.9984923 1.4151534 1.1352487 0.8667506 0.9480553 1.2199599 1.1375994 1.0029026 1.1115651 1.3499846 1.5773812 2.0491413 1.9472086 1.7944705 1.0553737 1.8417943 1.2787675 1.6575577 1.8392334 1.9778853 2.0060196 2.3200468 2.2640141 2.0242921 1.8272774 2.1586043 1.9978041 2.2280722 2.2033892 1.4446059 1.6789240 1.8223112 
Nvec_v1g108642                                                    0.9353602 0.9076729 0.8183631 1.0337035 0.7270982 0.9661825 1.0388172 0.7642884 0.6369248 0.6360931 0.3627687 0.5665687 0.6062539 1.0653241 0.5369099 1.1125903 0.8398223 0.8263139 0.5885205 0.9650564 0.0000000 0.8784895 1.0566703 1.0767738 0.7329495 1.0239422 0.9646841 1.1850771 1.1710068 1.1093115 0.7247570 0.9904389 0.8729377 1.2149150 1.0603755 0.7579621 1.3628044 1.7227020 1.1560346 1.5034782 1.1214134 0.9010786 0.5970285 1.2420980 1.0348297 1.0383602 1.1374699 1.5539984 1.4192956 2.2214463 2.1033840 1.8639444 1.3295584 2.0023142 1.6403904 1.7291210 1.8779828 2.1234610 2.2925988 2.7233174 2.1934918 2.1470838 1.9150366 2.2148288 2.0069592 2.1365927 2.3377142 1.3625920 1.4386500 1.7532693 
Skow_XM_002732404.2                                               0.8223618 0.7315833 0.7487123 0.8830685 0.7420487 0.9391644 0.9316693 1.1144192 0.9137548 0.9186087 0.5565854 0.9011227 0.8887420 0.9918167 0.9836347 1.0421592 0.9070294 0.7665701 0.5573459 0.6668874 0.8784895 0.0000000 1.0875460 1.1235207 0.7746225 0.9731650 0.9505336 1.0676328 1.0711996 1.0024566 0.7503402 0.8584226 0.8290492 1.1237763 0.8869740 0.7477604 1.1699664 1.5667290 1.0205181 1.3459215 1.1359916 0.8513944 0.9258684 1.0663457 1.1116096 0.8135609 1.1384135 1.3253844 1.4629109 2.1509130 1.8131409 1.7454494 1.2194192 1.8535178 1.4593478 1.7745564 1.9383690 2.0019416 2.1182462 2.6719281 2.1476717 1.9634553 1.7558981 2.0273734 1.8545456 2.0586906 2.1920785 1.5404363 1.6272315 1.5881769 
Dgig_XM_028545088.1                                               1.0399953 1.1233645 0.8308218 0.9787071 0.9568525 1.1291351 1.0698985 1.1029692 0.9629114 1.0141144 0.5476637 0.9590650 0.9831623 1.2066548 1.0870750 1.2144387 0.9684588 0.9721368 0.5381776 1.1227194 1.0566703 1.0875460 0.0000000 0.4524110 0.7399668 1.1112959 0.9551738 1.2600674 1.2501422 1.1677465 0.7481696 0.8338940 0.7713256 1.2968483 1.1567737 0.7625798 1.3441633 1.8352790 1.1598173 1.5345778 1.1038829 0.8703787 0.8936818 1.3281368 1.2615268 1.1079799 1.2839447 1.4166415 1.6421008 2.3004305 2.0796707 1.8429853 1.2923192 1.9167623 1.3084945 1.8857398 1.9605432 2.2240827 2.2239249 2.4219806 2.2606771 2.2450720 1.9070689 2.2318929 2.0284127 2.1932104 2.5095928 1.8304451 1.9128075 1.8320782 
Xesp_004748-T1                                                    1.0287789 1.0918696 0.8212672 1.0227844 0.9736204 1.0694111 1.0258076 1.1708361 0.9807224 1.0500018 0.5587492 1.0046367 1.0052957 1.1564434 1.0739691 1.2140310 0.9459752 0.9035073 0.5441056 1.1058118 1.0767738 1.1235207 0.4524110 0.0000000 0.7204741 1.0808020 0.9029671 1.1782316 1.1747322 1.1458628 0.7557558 0.9028289 0.8332459 1.2256943 1.1978498 0.7076759 1.3672280 1.7192479 1.1402448 1.5370335 1.0692991 0.8383979 0.9502326 1.3214074 1.1689747 1.1569955 1.2079264 1.3732522 1.6196620 2.3750955 1.8461677 1.9808713 1.2172648 1.8641440 1.3095477 1.9109615 2.0440486 2.1122434 2.1774171 2.4886317 2.2304395 2.1509764 1.9348275 2.1471156 2.0207737 2.1666946 2.5402027 1.7548131 1.8341775 1.9425942 
Tadh_TriadT22834                                                  0.7118884 0.7646800 0.8229067 0.8048446 1.3844172 0.7761088 0.8873014 0.8914395 0.6899809 0.7648053 0.6193933 0.6822700 0.7133988 0.8575581 0.7166556 0.8448118 0.8181212 0.6944953 0.6915694 0.7151075 0.7329495 0.7746225 0.7399668 0.7204741 0.0000000 0.0142750 0.1615994 0.1769448 0.1765945 0.1759967 0.1676343 0.9489545 0.9033627 0.8608063 0.7579929 0.8558261 1.0512482 1.1406426 1.0519387 1.0784239 1.0666538 0.8412117 0.7757791 0.9411579 0.8506733 0.8352896 0.8953886 0.9131275 0.9649676 1.9342309 1.6948652 1.5594197 1.2463022 1.8795074 1.4994778 1.6880687 1.8997128 1.7694788 1.8621345 1.9864519 1.6889121 1.6899064 1.6452188 1.7540171 1.8939016 1.7509524 1.8692535 0.8550273 0.7543918 1.0190304 
TrH2_TrispH2_001266-RA                                            1.1041784 1.1898854 0.9085606 1.2518992 1.3844172 1.0938952 1.3036967 1.3494207 1.0598745 1.0715177 0.6241192 0.9699495 1.0222174 1.2796698 1.1172963 1.2227002 1.0063393 1.0087681 0.6987913 1.0906974 1.0239422 0.9731650 1.1112959 1.0808020 0.0142750 0.0000000 0.2180632 0.2614252 0.2600175 0.2247469 0.1701372 0.9502902 0.9027378 1.2762826 1.1610796 0.9245143 1.3942229 1.7477230 1.2105105 1.5034051 1.2329988 0.8412117 1.1094119 1.3153493 1.2539650 1.2212985 1.3783419 1.6070885 1.4006143 2.1790186 2.1071298 1.9173327 1.2463022 1.9122891 1.4982116 1.8999263 2.1255054 2.1830655 2.3477046 2.8164082 2.2123847 2.2751296 1.9713259 2.3096446 2.1809015 2.1688887 2.5333124 1.9279489 2.2178123 2.1900532 
HoiH06_mRNA13382                                                  0.8860766 0.9031778 0.8444355 1.0684179 1.3129162 0.9810463 1.1667992 1.1119098 0.8916385 0.8817220 0.6524275 0.8578629 0.8459297 1.0781853 0.9243036 1.0685221 0.9810671 0.8840140 0.7551604 0.8849536 0.9646841 0.9505336 0.9551738 0.9029671 0.1615994 0.2180632 0.0000000 0.1146043 0.1126700 0.1467669 0.0725320 1.0186550 0.8702329 1.0898226 0.9494851 0.8516118 1.2063694 1.4594613 1.2464046 1.3237639 1.2423358 0.9159124 1.0667973 1.1129093 1.0249782 1.2367943 1.2078235 1.2568979 1.1077912 2.0181319 1.8286233 1.8217293 1.2689582 1.8246288 1.4374861 1.9391158 2.0846391 2.0464434 2.1502433 2.6813202 1.8972362 2.0116203 1.9249337 2.0649728 2.0391190 1.9155286 2.1686033 1.2170307 1.4950391 1.5829338 
Hhon_g11242.t1                                                    1.1774850 1.2347401 0.9531072 1.3690104 1.3170124 1.1499712 1.4560687 1.4471449 1.2047530 1.1540303 0.6644774 1.1085170 1.0894158 1.4112959 1.2405362 1.3756377 1.0545899 1.1338937 0.7830441 1.1220083 1.1850771 1.0676328 1.2600674 1.1782316 0.1769448 0.2614252 0.1146043 0.0000000 0.0013932 0.1768739 0.1079381 1.0252970 0.9375287 1.4819146 1.2194569 0.9439491 1.4137460 1.6443170 1.2388537 1.5922920 1.2783826 0.9050104 1.1872020 1.3850609 1.3086935 1.3362334 1.5233015 1.8309439 1.4545063 2.1844101 2.1002112 1.9871637 1.2399590 1.8681488 1.4618539 1.9273942 2.1101055 2.2702530 2.4816687 3.1398078 2.3673314 2.1905632 2.0901582 2.3125973 2.1234648 2.2068856 2.6070439 1.6834177 1.9055204 2.2364123 
HoiH04_mRNA3439                                                   1.1590596 1.2194568 0.9525169 1.3662218 1.3170124 1.1441534 1.4540388 1.4498694 1.1860677 1.1447312 0.6602841 1.0984892 1.0794836 1.3996870 1.2408158 1.3613236 1.0352771 1.1168383 0.7830441 1.1134074 1.1710068 1.0711996 1.2501422 1.1747322 0.1765945 0.2600175 0.1126700 0.0013932 0.0000000 0.1768025 0.1054844 1.0252970 0.9341561 1.4725238 1.2053598 0.9396528 1.3967782 1.6432800 1.2380920 1.5914681 1.2776099 0.9050104 1.1853617 1.3685101 1.3048500 1.3362334 1.5086352 1.8153736 1.4288308 2.1867244 2.0740675 1.9730401 1.2399590 1.8707628 1.4612491 1.9299678 2.1037121 2.2653851 2.4774685 3.1426806 2.3456078 2.1817326 2.0927826 2.3228983 2.1213540 2.1979222 2.5811512 1.6928035 1.9055204 2.2114595 
HoiH11_mRNA3350                                                   1.1467507 1.2103050 0.9256138 1.3401912 1.3842894 1.1387827 1.4691593 1.4150849 1.1632549 1.1211820 0.6559881 1.0624844 1.0607058 1.3939140 1.1840152 1.3091404 0.9879910 1.0890363 0.7491872 1.0686203 1.1093115 1.0024566 1.1677465 1.1458628 0.1759967 0.2247469 0.1467669 0.1768739 0.1768025 0.0000000 0.1478505 1.0051254 0.9068932 1.3717799 1.1465887 0.9387627 1.4217713 1.6398054 1.2508318 1.5644610 1.2707522 0.9163263 1.1292130 1.3259763 1.4034852 1.3124510 1.5044877 1.8028847 1.4600990 2.0614747 2.0198164 1.9489701 1.2349970 1.7886425 1.4163810 1.9397468 2.0969226 2.1249897 2.3521047 2.9501236 2.2224285 2.2590261 2.0367246 2.2705352 2.0774047 2.1853475 2.5378345 1.5616820 1.7933726 2.1394016 
HoiH23_PlH23_000587-RA                                            0.7715734 0.7378027 0.8421644 0.8271114 1.3607304 0.7765821 0.9499099 0.9043492 0.6257134 0.7329066 0.6538544 0.6612425 0.6804795 0.8699007 0.7265246 0.8961656 0.8438247 0.7425975 0.6892760 0.6934913 0.7247570 0.7503402 0.7481696 0.7557558 0.1676343 0.1701372 0.0725320 0.1079381 0.1054844 0.1478505 0.0000000 0.9494978 0.9450608 0.8629749 0.7813535 0.8366595 0.9965475 1.1760767 1.0968298 1.0931132 1.0840603 0.8685898 0.7365210 0.9370409 0.7303228 0.7817642 0.8738071 0.8855142 0.9112042 1.9137870 1.7261024 1.6111123 1.2619504 1.9287120 1.5164981 1.6925317 1.8123102 1.7685403 1.9595339 1.8315902 1.7281287 1.6782716 1.6812226 1.6836426 1.8324462 1.7798852 1.8387895 0.7003278 0.6725004 0.8412476 
Lcom_lcpid109391                                                  0.7905175 0.7790263 0.8334767 0.8649673 5.1028620 0.7816934 0.9956528 0.9054342 0.8715413 0.9889775 0.7019043 0.8111770 0.7952605 0.9531156 0.8165339 0.8624407 0.7924748 0.7687767 0.7035709 0.7763658 0.9904389 0.8584226 0.8338940 0.9028289 0.9489545 0.9502902 1.0186550 1.0252970 1.0252970 1.0051254 0.9494978 0.0000000 0.2599891 0.8946398 1.0031287 0.8756275 1.1586326 1.6705937 1.2325623 1.2363659 1.1058278 1.2926576 0.8951773 0.9168092 0.8341236 0.7345138 0.6791208 0.4914848 0.8706926 1.5533464 1.4964311 1.4845640 1.2643395 1.6298182 1.3515178 1.4961634 1.6425602 1.6135555 1.6833902 1.7276435 1.6957800 1.7155676 1.7124670 1.7565100 1.7790936 1.7164276 1.5534170 0.6807994 0.6332149 0.7293001 
Gracom_Gcom_C549832_01                                            0.8531977 0.8171468 0.8409554 0.8053383 1.0881679 0.8273575 0.9107335 0.9546809 0.8438570 0.9602904 0.7976289 0.8647832 0.8287386 0.8716881 0.8145801 0.8231138 0.8001767 0.7653027 0.6320888 0.7662017 0.8729377 0.8290492 0.7713256 0.8332459 0.9033627 0.9027378 0.8702329 0.9375287 0.9341561 0.9068932 0.9450608 0.2599891 0.0000000 0.9663132 0.9177063 0.8625968 1.0104887 1.1002645 0.9409806 0.9657707 0.9785435 1.0238872 1.0109171 0.8799311 0.7756769 0.7119565 0.7893202 0.5474894 0.7944987 1.7391331 1.5847422 1.6575451 1.1870279 1.8288855 1.5757886 1.6613358 1.7136289 1.6838215 1.8236067 1.6473285 1.7131766 1.6827120 1.7875837 1.8294484 1.9195598 1.8275787 1.7561160 0.6505601 0.5749469 0.6644189 
Opea_EP00118_Oscarella_pearsei_P009661                            1.1705932 1.2714046 0.9556650 1.2227999 0.9451390 1.2303146 1.3644728 1.4335687 1.1979224 1.2602481 0.7584838 1.2365169 1.2336425 1.3427034 1.1902280 1.3130451 1.0787563 1.0595548 0.5464840 1.2521328 1.2149150 1.1237763 1.2968483 1.2256943 0.8608063 1.2762826 1.0898226 1.4819146 1.4725238 1.3717799 0.8629749 0.8946398 0.9663132 0.0000000 1.3757801 0.9748239 1.5925364 1.7314118 1.1014980 1.5498861 1.2126244 0.9281516 1.1803475 1.4038234 1.3780902 1.0865408 1.2309488 1.5250890 1.4994504 2.1523720 1.9417748 1.9334853 1.2713325 2.0754604 1.6560526 1.8614356 2.0162416 2.2006367 2.2585562 2.6150578 2.2996792 2.3630231 2.0339203 2.1665678 2.0792999 2.2929493 2.5829803 1.8159884 1.9795232 1.5646909 
Cscu_XM_023378745.1                                               0.9805235 1.0017222 0.6602588 0.9095187 0.6857138 1.0790539 1.3123902 1.1406195 0.9857619 1.0386754 0.5681731 0.9813637 0.9927193 0.9576410 1.0984801 1.2609110 1.0225915 0.9836592 0.6355533 1.0492230 1.0603755 0.8869740 1.1567737 1.1978498 0.7579929 1.1610796 0.9494851 1.2194569 1.2053598 1.1465887 0.7813535 1.0031287 0.9177063 1.3757801 0.0000000 0.7413623 1.1356404 1.7021657 1.0812747 1.4809892 1.1086557 0.8521732 1.0275323 1.0617485 1.1293624 0.9521168 1.2663465 1.6529011 1.6453671 2.3353446 1.9896911 1.9843099 1.2566855 1.9402016 1.5846729 2.0019252 2.0830496 2.1941141 2.2348520 2.7636095 2.2307688 2.1458722 1.8892052 2.3785455 2.0718133 2.1053149 2.5126977 1.9439865 2.0340350 1.9705366 
Hvul_g26289_1                                                     0.8032049 0.7390008 0.7246534 0.7925423 0.7511031 0.5942764 0.6276420 0.8013117 0.6576355 0.8312944 0.6461438 0.7562498 0.7178490 0.7589326 0.6941625 0.9639052 0.9405403 0.8431465 0.6793308 0.8146695 0.7579621 0.7477604 0.7625798 0.7076759 0.8558261 0.9245143 0.8516118 0.9439491 0.9396528 0.9387627 0.8366595 0.8756275 0.8625968 0.9748239 0.7413623 0.0000000 0.9202904 1.2378264 1.1395123 1.1820888 1.0160164 0.8718322 0.7277587 0.8583042 0.5625030 0.6343439 0.8497366 0.8203776 0.8932106 1.7344196 1.5569589 1.6061870 1.3156817 1.8598818 1.5785848 1.5765401 1.7292514 1.6591929 1.6622069 1.9635078 1.7269909 1.7295460 1.5877761 1.6935184 1.6990547 1.7508277 1.6803948 0.8359965 0.8076199 0.9042305 
Tcas_TC006688_001                                                 1.1863173 1.2751653 0.9467856 1.1226358 0.6850049 1.2731419 1.2390703 1.5249049 1.2977197 1.3546641 0.7800627 1.2711469 1.2987755 1.2530877 1.3445348 1.5436312 1.3342081 1.4088681 0.9288526 1.2160068 1.3628044 1.1699664 1.3441633 1.3672280 1.0512482 1.3942229 1.2063694 1.4137460 1.3967782 1.4217713 0.9965475 1.1586326 1.0104887 1.5925364 1.1356404 0.9202904 0.0000000 1.8818388 1.1769005 1.4800198 1.3166700 1.0775112 1.4356942 1.2641855 1.2653949 1.5366585 1.5394488 1.7164331 1.9193797 2.1547728 2.1469901 1.9938090 1.2050330 1.9899660 1.4808469 1.9047530 1.9852169 2.1286129 2.1076899 2.5716914 2.3510737 2.2865915 2.0336611 2.3644702 2.0931676 2.3002147 2.5706534 1.9327679 2.1120966 2.4066308 
Mlei_ML1455.g3.i1                                                 1.6089087 1.6816967 1.5650976 1.5891746 1.4954418 1.5725130 1.8232436 1.8160292 1.6377133 1.5567626 1.0471916 1.6040506 1.6505876 1.6068450 1.6987422 1.9628964 1.6313793 1.5725917 1.1353000 1.6200737 1.7227020 1.5667290 1.8352790 1.7192479 1.1406426 1.7477230 1.4594613 1.6443170 1.6432800 1.6398054 1.1760767 1.6705937 1.1002645 1.7314118 1.7021657 1.2378264 1.8818388 0.0000000 0.5260504 0.9224418 0.5467738 0.3757968 1.8284455 1.9170333 1.8949761 2.2702157 2.0684981 2.5167253 2.3992992 2.6320558 2.3073088 2.2016808 1.3136140 2.2520282 1.7207137 2.3171901 2.2395269 2.5879551 2.5593693 3.1472679 2.5669494 2.7226488 2.4126564 2.5605922 2.1549630 2.9835174 2.7231458 3.0242490 3.1706539 3.8642466 
Pbac_sb2648628                                                    1.0486420 1.0483934 1.0591976 1.0523132 1.5570359 1.0498488 1.2740416 1.2484547 1.0307395 1.1391859 0.8560307 1.1006459 1.0923807 1.1761424 1.1138778 1.2997549 1.3042893 1.1412663 0.8773116 0.9984923 1.1560346 1.0205181 1.1598173 1.1402448 1.0519387 1.2105105 1.2464046 1.2388537 1.2380920 1.2508318 1.0968298 1.2325623 0.9409806 1.1014980 1.0812747 1.1395123 1.1769005 0.5260504 0.0000000 0.0146581 0.5032960 0.3931972 1.1947520 1.2971416 1.1701144 1.2239678 1.2253357 1.0362686 1.0080500 1.8181502 1.7391112 1.8250258 1.3546859 1.8794226 1.5686550 2.0395185 1.8841262 1.8532665 1.7808684 1.7262912 1.8370234 1.9809620 1.8799335 1.8818658 1.8156750 2.1026650 1.8206136 1.4844624 1.4161687 1.4693657 
Horcal_Hcv1.av93.c1.g123.i1                                       1.3486541 1.5034751 1.1583342 1.3451186 1.5395360 1.4017613 1.5596413 1.7878781 1.4451949 1.5240861 0.8600426 1.4489387 1.4671175 1.5751055 1.5104976 1.6008144 1.5159161 1.3207972 0.8748429 1.4151534 1.5034782 1.3459215 1.5345778 1.5370335 1.0784239 1.5034051 1.3237639 1.5922920 1.5914681 1.5644610 1.0931132 1.2363659 0.9657707 1.5498861 1.4809892 1.1820888 1.4800198 0.9224418 0.0146581 0.0000000 0.6093335 0.3885533 1.5284225 1.6995197 1.5547767 1.5626855 1.5553998 1.5701709 1.9712932 2.1704458 1.9474520 2.1264643 1.3703089 2.0599752 1.5878442 2.1302904 2.0395141 2.1363221 2.0624792 2.3840070 2.2365220 2.4414891 2.0792594 2.2762843 2.0797826 2.3680062 2.2815735 2.2987081 2.5655723 2.5671661 
Coemet_Cmet_scaffold22089_01                                      1.0519951 1.1183352 1.0721502 1.1255387 0.9811656 1.0556580 1.2331770 1.1813789 1.0274202 1.1099918 0.8841484 1.0710257 1.0777063 1.1868596 1.0209926 1.3077864 1.3044941 1.1293641 0.8570093 1.1352487 1.1214134 1.1359916 1.1038829 1.0692991 1.0666538 1.2329988 1.2423358 1.2783826 1.2776099 1.2707522 1.0840603 1.1058278 0.9785435 1.2126244 1.1086557 1.0160164 1.3166700 0.5467738 0.5032960 0.6093335 0.0000000 0.3225952 1.2088007 1.3601692 1.1810512 1.2249708 1.3925610 1.0666274 1.2208095 1.9194362 1.8531612 1.7626308 1.2124278 1.8508897 1.5487387 1.9280870 1.9966699 1.9802866 2.0345992 1.9802013 1.9339787 2.0102854 1.9111222 2.0470932 1.8897324 2.0593544 2.0818148 1.4080220 1.3694145 1.6772313 
Lampan_Lpan_C398719_01                                            0.8621610 0.7229110 1.2443477 0.8891532 1.1644596 0.7431069 0.9950613 0.8175465 0.7602750 0.7617360 0.7841557 0.7797389 0.7861316 0.8746437 0.7693983 0.8484420 0.8383733 0.8348921 0.8121405 0.8667506 0.9010786 0.8513944 0.8703787 0.8383979 0.8412117 0.8412117 0.9159124 0.9050104 0.9050104 0.9163263 0.8685898 1.2926576 1.0238872 0.9281516 0.8521732 0.8718322 1.0775112 0.3757968 0.3931972 0.3885533 0.3225952 0.0000000 0.7865752 1.1145455 0.9355162 0.8256126 0.8696718 0.7000705 0.9059983 1.5474732 1.3985702 1.6208090 1.3126311 1.6209248 1.3003148 1.6621741 1.6180877 1.4508557 1.4032051 0.6569804 1.8411506 1.5735278 1.4974620 1.8438123 1.7584761 1.4639032 1.4348806 0.0000010 0.0000010 0.0000010 
Amil_Amillepora23252-RA                                           1.0126128 0.8215249 0.7119426 0.9702360 0.9555913 0.9322082 0.8013323 0.2038017 0.2715072 0.3212889 0.2232531 0.3000816 0.3107579 0.9539043 0.6272463 1.1549747 1.0264419 0.9150820 0.6140028 0.9480553 0.5970285 0.9258684 0.8936818 0.9502326 0.7757791 1.1094119 1.0667973 1.1872020 1.1853617 1.1292130 0.7365210 0.8951773 1.0109171 1.1803475 1.0275323 0.7277587 1.4356942 1.8284455 1.1947520 1.5284225 1.2088007 0.7865752 0.0000000 1.1970752 0.9983781 1.0185960 1.2071504 1.4381142 1.2746965 2.2932631 1.9802721 1.8240985 1.1345317 1.9566058 1.5728265 1.9395067 2.1105321 2.2890789 2.5794092 2.8907334 2.3476947 2.2147418 1.9990046 2.3958990 2.1437777 2.1832082 2.3081778 1.5092809 1.4367495 1.8639036 
Dpul_mRNA24610                                                    1.0991068 1.2356270 0.7997283 1.1286320 1.0801224 1.2311532 1.3252850 1.4303461 1.2121115 1.2351388 0.7333927 1.1258726 1.1659856 1.2343956 1.2243090 1.4443696 1.2302624 1.2518485 0.7570463 1.2199599 1.2420980 1.0663457 1.3281368 1.3214074 0.9411579 1.3153493 1.1129093 1.3850609 1.3685101 1.3259763 0.9370409 0.9168092 0.8799311 1.4038234 1.0617485 0.8583042 1.2641855 1.9170333 1.2971416 1.6995197 1.3601692 1.1145455 1.1970752 0.0000000 1.1675261 1.2317190 1.3052824 1.6017859 1.7104962 2.3516253 2.2863836 1.9210323 1.3081838 1.9641228 1.4254136 1.8421197 2.0552452 1.9466456 2.2211795 2.5779129 2.1884645 2.3286687 2.0740804 2.1841463 1.9374267 2.2284045 2.5897260 1.8974196 2.1361979 2.1315867 
Chem_TCONS_00065897                                               1.1817243 1.1300274 0.8891330 1.0211271 0.5829567 1.0076814 0.9737163 1.3046062 1.0305910 1.0460465 0.5059806 0.9704085 0.9407660 1.0718670 1.0444344 1.3230674 0.9934111 0.9510588 0.6907992 1.1375994 1.0348297 1.1116096 1.2615268 1.1689747 0.8506733 1.2539650 1.0249782 1.3086935 1.3048500 1.4034852 0.7303228 0.8341236 0.7756769 1.3780902 1.1293624 0.5625030 1.2653949 1.8949761 1.1701144 1.5547767 1.1810512 0.9355162 0.9983781 1.1675261 0.0000000 1.0173705 1.3616085 1.4435249 1.5281080 1.9647515 1.8545003 1.8668664 1.2540114 1.6590482 1.3362679 1.5476344 1.8164576 2.0321755 2.1417061 2.4652538 2.0439570 2.0881042 1.7733544 2.0567090 1.7645592 2.0122740 2.3770268 1.1325715 1.2874349 1.6596908 
Plespi_Pspi_C605062_01                                            0.9804367 0.9439671 0.5439753 1.1669612 0.0000010 1.0349104 1.0631257 1.1923135 0.9148382 0.9862015 0.4413433 0.8995458 0.9187305 1.0735009 0.9373837 0.9427852 0.8674719 0.7129929 0.4892397 1.0029026 1.0383602 0.8135609 1.1079799 1.1569955 0.8352896 1.2212985 1.2367943 1.3362334 1.3362334 1.3124510 0.7817642 0.7345138 0.7119565 1.0865408 0.9521168 0.6343439 1.5366585 2.2702157 1.2239678 1.5626855 1.2249708 0.8256126 1.0185960 1.2317190 1.0173705 0.0000000 0.9179419 1.0340221 1.1008547 1.7471495 1.6624841 1.6138628 1.1599279 1.7007237 1.1564301 1.7354334 2.0449498 1.8713795 2.0389195 2.1290629 1.8862872 1.9202321 1.5770774 1.9175676 1.7926743 1.7655566 2.0564867 1.1537789 1.1653077 1.1769483 
Emue_Em0020g553a.t1                                               1.0982011 1.0936191 0.7010524 1.1515302 0.5772711 1.2330479 1.3232956 1.3108084 1.1701659 1.2558387 0.6036426 1.1519376 1.2090868 1.2349676 1.2216452 0.9818848 0.8649256 0.5931801 0.2072679 1.1115651 1.1374699 1.1384135 1.2839447 1.2079264 0.8953886 1.3783419 1.2078235 1.5233015 1.5086352 1.5044877 0.8738071 0.6791208 0.7893202 1.2309488 1.2663465 0.8497366 1.5394488 2.0684981 1.2253357 1.5553998 1.3925610 0.8696718 1.2071504 1.3052824 1.3616085 0.9179419 0.0000000 1.1631563 0.8560796 2.2146294 1.7984828 1.9614858 1.1750373 1.7835886 1.6036954 1.8446622 1.7670213 2.0929622 2.1645640 2.2895631 2.2670828 2.1045441 2.2304164 2.3781798 1.9823099 2.4152570 2.5069087 1.7137008 1.9100823 1.9748005 
Clacor_Ccor_C541753_01                                            1.1829104 1.3621106 0.6433622 1.2497120 0.0000010 1.4480374 1.4581336 1.7514946 1.3740097 1.4764143 0.5866708 1.2622774 1.2687399 1.4801727 1.4086977 1.3281303 0.9320708 0.9736115 0.5671135 1.3499846 1.5539984 1.3253844 1.4166415 1.3732522 0.9131275 1.6070885 1.2568979 1.8309439 1.8153736 1.8028847 0.8855142 0.4914848 0.5474894 1.5250890 1.6529011 0.8203776 1.7164331 2.5167253 1.0362686 1.5701709 1.0666274 0.7000705 1.4381142 1.6017859 1.4435249 1.0340221 1.1631563 0.0000000 1.7453693 2.1520357 1.6890975 1.6575188 0.9810141 1.6015721 1.1491139 1.5445384 1.6696613 2.1664507 2.2588899 2.5092476 2.3070246 2.5073737 1.8194791 2.4046449 1.7970335 2.1645722 2.1863998 1.8760330 1.9758546 1.9672746 
Stycar_augustus_masked-SC_scaffold3062-processed-gene-0.14-mRNA-1 1.1733705 1.4357885 0.9071165 1.4536379 0.6795019 1.5667816 1.4847772 1.7536272 1.5109339 1.5114689 0.7135945 1.5024542 1.4854743 1.5670759 1.6218212 1.1947938 0.8468039 0.5421816 0.4504614 1.5773812 1.4192956 1.4629109 1.6421008 1.6196620 0.9649676 1.4006143 1.1077912 1.4545063 1.4288308 1.4600990 0.9112042 0.8706926 0.7944987 1.4994504 1.6453671 0.8932106 1.9193797 2.3992992 1.0080500 1.9712932 1.2208095 0.9059983 1.2746965 1.7104962 1.5281080 1.1008547 0.8560796 1.7453693 0.0000000 2.7778436 2.1275608 2.0985125 1.3033832 1.9958442 1.6145639 1.6840360 1.9412568 2.5331214 2.2821204 2.8164474 2.7413664 2.4226571 2.2147080 3.1401862 2.4123233 2.4584074 2.4825868 2.3570269 2.6634884 3.6292573 
Sros_EGD79712                                                     1.9361272 2.3390632 1.8667780 1.9706831 2.4122088 2.1776447 2.0879237 2.5669879 2.2933324 2.2193143 1.6805364 2.2195726 2.0656377 2.1943394 2.0356992 2.2485129 2.0845145 1.9096170 1.4568202 2.0491413 2.2214463 2.1509130 2.3004305 2.3750955 1.9342309 2.1790186 2.0181319 2.1844101 2.1867244 2.0614747 1.9137870 1.5533464 1.7391331 2.1523720 2.3353446 1.7344196 2.1547728 2.6320558 1.8181502 2.1704458 1.9194362 1.5474732 2.2932631 2.3516253 1.9647515 1.7471495 2.2146294 2.1520357 2.7778436 0.0000000 0.5146619 1.4421618 0.8527941 0.8171571 1.0661966 1.3516138 1.2866291 1.4615873 1.4625603 1.6562521 1.7820878 2.0637899 1.6484175 1.9353613 1.6124596 1.7479500 1.5428869 2.2385801 2.4134383 2.3685903 
Microa_EP00043_Microstomoeca_roanoka_P002817                      1.8222298 2.0903427 1.7461377 1.8489614 1.4139033 1.8365883 1.6874993 2.2583806 2.0417034 2.1329667 1.6276513 2.1445900 1.9883896 1.9969755 1.8753154 2.0675939 1.9019275 1.7645418 1.2597477 1.9472086 2.1033840 1.8131409 2.0796707 1.8461677 1.6948652 2.1071298 1.8286233 2.1002112 2.0740675 2.0198164 1.7261024 1.4964311 1.5847422 1.9417748 1.9896911 1.5569589 2.1469901 2.3073088 1.7391112 1.9474520 1.8531612 1.3985702 1.9802721 2.2863836 1.8545003 1.6624841 1.7984828 1.6890975 2.1275608 0.5146619 0.0000000 1.3989869 0.7916896 0.8015874 1.0052372 1.3481040 1.3094039 1.4282775 1.1742820 1.5924425 1.6461460 1.7016755 1.5629177 1.7082582 1.5444088 1.5469781 1.4257604 2.2533475 2.1438978 2.0985387 
Salmac_EP00052_Salpingoeca_macrocollata_P004941                   1.7265655 2.0174182 1.5578782 1.7571440 2.3921014 1.8177824 1.7852227 2.1105818 1.6752472 1.8580982 1.3658961 1.8535817 1.7663564 1.7362153 1.6869338 1.9164932 1.9121702 1.7997618 1.2958318 1.7944705 1.8639444 1.7454494 1.8429853 1.9808713 1.5594197 1.9173327 1.8217293 1.9871637 1.9730401 1.9489701 1.6111123 1.4845640 1.6575451 1.9334853 1.9843099 1.6061870 1.9938090 2.2016808 1.8250258 2.1264643 1.7626308 1.6208090 1.8240985 1.9210323 1.8668664 1.6138628 1.9614858 1.6575188 2.0985125 1.4421618 1.3989869 0.0000000 0.6625859 1.4789294 1.0027921 1.1076742 1.3756757 1.3118406 1.4197341 1.8175905 1.5379409 1.6893728 1.4752457 1.6798676 1.7009196 1.5416787 1.6725083 2.0375387 2.0880522 2.3780302 
