63
Hsap_ENST00000383790                                      0.0000000 0.7187984 0.9240379 1.1361701 1.1810266 1.0029615 1.0320097 0.9821748 1.2754455 1.1149912 1.2005448 1.0693419 1.1406173 1.1411634 0.9858098 1.0198507 0.9704564 0.9616831 1.0546918 0.8542777 0.8456240 0.8903459 0.9978706 1.0210246 0.9516761 1.0056005 1.0159905 0.9639743 1.1243025 1.0355448 0.7643035 1.0685726 0.9798213 1.0679350 1.0418659 1.0220219 0.8971384 1.0642970 1.2061049 1.1495241 1.1896701 1.3742652 1.4099047 1.0786294 1.4270141 1.3882454 1.5599622 1.7808876 1.7550903 1.9689373 1.9016437 1.7376281 1.8849791 1.5519801 1.5015227 1.6379808 1.4707564 1.5536064 1.8649773 1.7794669 1.9594772 1.0515532 1.8310583 
Bralan_BLAG10000674_1                                     0.7187984 0.0000000 0.8798799 0.9507798 1.0744654 0.8065960 1.0550166 0.8665574 1.1618655 0.9751800 1.1924361 1.0389437 1.0584653 1.0537718 1.0831106 1.0632390 1.0321363 1.0290226 1.1383866 0.7839181 0.7890823 0.8398760 0.8480385 0.8487077 0.7662405 0.8404153 0.8653433 0.8873122 0.9880646 0.9249568 0.7188624 1.1017886 0.9161919 1.0971516 1.0534209 0.9840561 0.8612675 1.0146851 1.2567484 1.1486689 1.1270532 1.4872158 1.3499616 0.8373207 1.3512583 1.1864153 1.4700606 1.6107353 1.6726574 1.6879774 1.9302022 1.8806719 1.6713041 1.4347802 1.3347744 1.3900689 1.3734279 1.4913274 1.9802206 1.4197366 1.6470310 1.4344171 1.7977085 
Spur_XM_030990724.1                                       0.9240379 0.8798799 0.0000000 0.9314254 1.0685019 0.7744303 1.0508185 0.9061597 1.0443232 0.9839029 1.0432775 1.0160606 0.9303285 0.9160819 0.8788507 0.8601831 0.9077675 0.9109017 0.9630749 0.8401653 0.9287490 0.9222435 0.8608746 0.8861315 0.9184614 0.9209324 0.8729709 0.8868192 0.9838731 0.9158408 0.7574184 1.1546896 0.9230219 1.1098186 1.1142292 0.9687232 0.9933418 1.1319673 1.1595737 1.1476693 1.2629751 1.4217125 1.3155330 0.9153144 1.6212410 1.6307969 1.4807080 1.7245195 1.7273391 1.8884262 1.7628382 1.8171869 1.7049717 1.5801604 1.3232964 1.5238450 1.4293036 1.4209841 1.9232791 1.4363920 1.9969334 1.2272761 1.7483627 
Dgig_XM_028562136.1                                       1.1361701 0.9507798 0.9314254 0.0000000 0.4752560 0.6656049 1.1588045 1.0084261 1.0548527 0.9585731 1.1525754 1.2064122 1.0578079 1.0421232 0.9956908 0.9899036 0.9956165 1.0221727 1.1144429 0.9139467 1.0563393 1.0132852 0.8940384 0.9077684 0.8327101 0.8780759 0.8574123 0.9406614 1.0907569 0.9972039 0.9235098 1.3243386 1.0881481 1.2321754 1.2557235 0.9494753 0.9984919 1.1813669 1.3004693 1.3165132 1.2827981 1.5836012 1.5916548 0.9543213 1.5064733 1.6027913 1.5263047 1.6576021 1.6228912 1.7724512 1.8952157 1.5945666 1.5518265 1.5441711 1.3753285 1.2861339 1.4601137 1.5988739 2.1420772 1.6528446 2.1319778 1.4088800 1.7749672 
Xesp_009582-T1                                            1.1810266 1.0744654 1.0685019 0.4752560 0.0000000 0.6898922 1.1784482 1.0386761 1.1086750 1.2197658 1.2030612 1.2768057 1.2454448 1.2457979 1.0607219 1.0904673 1.1354101 1.1322202 1.2055543 1.1733779 1.1265747 1.0900302 1.0287328 1.0169843 0.9532654 1.0120727 0.9954308 1.1027550 1.1277306 1.0646807 1.0355599 1.4649837 1.0758335 1.2297236 1.2066457 1.0127293 1.1814302 1.3378889 1.3116804 1.4123394 1.4729450 1.8108414 1.6690633 1.1905177 1.6703236 1.7239914 1.6580051 1.8760637 2.0429649 1.9703435 2.0434455 1.9418070 1.8800232 1.7568281 1.5677273 1.5647752 1.7268122 1.7520868 2.0332660 1.5972860 2.0215106 1.8912915 1.9144531 
Aaur_scaffold360.g19.t1                                   1.0029615 0.8065960 0.7744303 0.6656049 0.6898922 0.0000000 0.5631704 0.4398847 0.6079833 0.8968189 0.7260188 0.8168171 0.8887880 0.8887880 0.9021952 0.9427740 0.9522693 0.9161522 0.8128066 0.7704684 0.9729442 1.0004578 0.8606806 0.8606806 0.8284255 0.8091814 0.7628562 0.9558051 1.2479184 1.0818492 1.2095020 1.2549789 0.8335371 1.0840405 0.7608404 1.3206659 0.8038632 1.0199422 1.0122763 0.9553692 0.7934441 1.0696876 1.1443718 1.2534076 1.2208426 1.2797295 1.3901445 2.1956543 1.3861317 1.4621604 1.4372317 1.1220026 1.3455843 1.7134701 1.5212134 1.6672149 1.4155717 1.1689735 1.7396338 1.5739248 1.4806569 2.2548854 2.5963195 
Nemnom_g13081.t1                                          1.0320097 1.0550166 1.0508185 1.1588045 1.1784482 0.5631704 0.0000000 0.2597581 0.9492684 1.2241170 1.3426537 1.1469368 1.0669174 1.0634189 0.8821860 0.9084179 0.9227373 0.9305579 0.9238218 1.1594857 1.1312026 1.1360041 1.1973298 1.2146133 1.1012212 1.1600810 1.1451700 1.1590515 1.2130709 1.1453791 0.9013639 1.2490474 1.2607253 1.1085158 1.0816691 0.9881916 1.1664390 1.4363110 1.3457606 0.9952850 1.2813036 1.6018955 1.5079956 1.2768019 1.4749803 1.5378845 1.5347956 1.7646742 1.7672948 1.7135019 2.0502323 1.8748343 1.7490336 1.7864630 1.5232183 1.7118907 1.4664557 1.6026920 1.8307147 1.5951504 2.0431329 1.2451449 1.9952824 
Rhoesc_Res_005651-T1                                      0.9821748 0.8665574 0.9061597 1.0084261 1.0386761 0.4398847 0.2597581 0.0000000 0.8869577 1.1488349 1.2122016 1.1238571 0.9502880 0.9462655 0.8355998 0.8389121 0.8592955 0.8667727 0.8591524 1.0442492 1.0398355 1.0527752 1.1077919 1.1086611 0.9725111 1.0542429 1.0450124 1.0351357 1.0711553 1.0147131 0.8356788 1.2138548 1.1419311 1.0612745 1.1164345 0.9932188 1.1630281 1.2904892 1.1686996 0.9722617 1.2067829 1.4499556 1.5856605 1.0831393 1.3571186 1.4193472 1.4568650 1.6962651 1.5895677 1.6027463 1.8907826 1.7862706 1.6721558 1.6584673 1.5176410 1.7438725 1.3085334 1.4608795 1.7573043 1.5624339 1.7986768 1.2917579 1.8165711 
Sanmal_Sma_006232-T1                                      1.2754455 1.1618655 1.0443232 1.0548527 1.1086750 0.6079833 0.9492684 0.8869577 0.0000000 0.9246976 1.1353333 1.2772960 1.2070769 1.2031484 1.0030104 1.0290624 1.0512797 1.0536328 1.0696280 1.1904865 1.2135578 1.1148709 1.1489730 1.2129901 1.1929165 1.2905156 1.2662651 1.2395063 1.2989920 1.2120869 0.9270427 1.4053894 1.3200043 1.1587680 1.0900379 0.9720327 1.2620679 1.3113732 1.4180783 1.1568145 1.3730705 1.4541909 1.4637391 1.4834760 1.7532196 1.7793358 1.8197015 1.9427364 1.9647940 1.8300920 1.9638027 1.9158518 1.7854133 1.8595522 1.7174441 1.7231102 1.6596838 1.7853636 2.0541172 1.8142513 1.9120875 1.6651201 2.2142774 
Bolinf_Binf_sb1191574                                     1.1149912 0.9751800 0.9839029 0.9585731 1.2197658 0.8968189 1.2241170 1.1488349 0.9246976 0.0000000 0.4521721 0.5582871 0.9980336 0.9946856 0.9577678 0.9455788 0.9466143 0.9683272 0.9005791 0.8778667 1.2490024 1.1178019 0.9787716 0.9787716 1.0634295 0.9178505 0.9275272 1.1087845 1.1660792 1.0647924 0.9340870 1.1902730 0.9400901 1.0533436 1.1283530 0.9486866 0.9520183 0.8954260 0.9061775 1.3388598 1.2587880 0.8558467 0.8956660 0.8157886 1.3720715 1.3508584 1.3083529 1.6558595 1.5351315 1.8944275 1.6562249 1.3481991 1.3188668 1.2720523 1.2471793 1.3720164 1.1915416 1.2021063 1.3639294 1.6292114 1.3974820 1.5247866 1.8383401 
Lampan_Lpan_13310_01                                      1.2005448 1.1924361 1.0432775 1.1525754 1.2030612 0.7260188 1.3426537 1.2122016 1.1353333 0.4521721 0.0000000 0.5476234 1.2571296 1.2609273 1.1869995 1.2242679 1.2453638 1.2555795 1.2342140 1.1141169 1.4561446 1.2206185 1.1822102 1.2116588 1.1741105 1.1800021 1.1621334 1.2240770 1.3899774 1.3149267 1.2881298 1.3278821 1.2232290 1.1690194 1.2528753 0.9662862 1.1160964 1.1575017 0.8628075 1.2376334 1.4970977 0.8685160 0.9570672 1.2857829 1.7163877 1.8258139 1.4667153 1.7629155 1.7430670 1.8413980 1.6142402 1.4444610 1.5994867 1.7772703 1.4266595 1.6486786 1.5322058 1.6043705 1.8638855 1.7460451 1.7302377 1.8760252 2.0307758 
Drygla_Dgla_sb295225                                      1.0693419 1.0389437 1.0160606 1.2064122 1.2768057 0.8168171 1.1469368 1.1238571 1.2772960 0.5582871 0.5476234 0.0000000 1.0901690 1.1113487 1.1426542 1.1465386 1.1176913 1.1215255 1.1139247 1.1499791 1.2999380 1.1249613 1.2036638 1.1705293 1.1984398 1.1662923 1.1338911 1.1359845 1.2101780 1.1255924 1.1256537 1.3375219 1.1147155 1.1160593 1.2347453 1.0145221 0.9963194 1.1281748 0.7322434 1.0619164 1.4099593 0.9781583 0.8913931 1.1439313 1.6399154 1.4795403 1.6225114 1.4631088 1.3803271 1.6001490 1.7130530 1.3838292 1.4197996 1.6387998 1.3524500 1.4696420 1.3901137 1.4784455 1.9325332 1.4887230 1.5908641 1.6315985 1.9765808 
Tadh_TriadT22960                                          1.1406173 1.0584653 0.9303285 1.0578079 1.2454448 0.8887880 1.0669174 0.9502880 1.2070769 0.9980336 1.2571296 1.0901690 0.0000000 0.0080366 0.3645648 0.3209562 0.2750674 0.2878969 0.2947761 0.9732504 1.0470794 1.0468599 1.2656763 1.2883134 1.1341159 1.1920635 1.1340157 1.1670135 1.1740534 1.0925404 1.1233460 1.1485961 1.1161886 1.0652586 1.1868589 1.0602450 1.0969976 1.1180156 1.5006663 1.1829650 1.1795675 1.4565804 1.4400128 1.0675918 1.6722291 1.4371827 1.3319155 1.7641799 2.0538108 1.8679657 1.8541310 1.7287893 1.6374312 1.7248874 1.5362044 1.7093598 1.5388482 1.6926632 1.7505939 1.6165428 1.6783931 1.2543361 1.8854190 
TrH2_TrispH2_005741-RA                                    1.1411634 1.0537718 0.9160819 1.0421232 1.2457979 0.8887880 1.0634189 0.9462655 1.2031484 0.9946856 1.2609273 1.1113487 0.0080366 0.0000000 0.3638634 0.3203699 0.2895934 0.3026895 0.2855626 0.9644617 1.0313073 1.0422133 1.2642731 1.2868475 1.1302319 1.1880883 1.1302981 1.1645689 1.1700627 1.0888947 1.1154149 1.1447249 1.1124094 1.0745528 1.1966296 1.0432269 1.0939819 1.1149374 1.4831780 1.1810153 1.2078606 1.4619324 1.4457989 1.0424851 1.6409430 1.4559151 1.3351239 1.7745195 2.0596171 1.8729609 1.8291203 1.7331409 1.6464331 1.7180475 1.5419699 1.7016185 1.5328640 1.6969713 1.7552499 1.6255080 1.6994556 1.2753676 1.8959721 
HoiH06_mRNA6065                                           0.9858098 1.0831106 0.8788507 0.9956908 1.0607219 0.9021952 0.8821860 0.8355998 1.0030104 0.9577678 1.1869995 1.1426542 0.3645648 0.3638634 0.0000000 0.0412522 0.0952884 0.0994844 0.2104354 0.9580709 0.9361910 0.9004314 1.1499825 1.1813668 1.1349623 1.1875432 1.0927173 1.1279747 1.1128819 1.0410543 0.9504121 0.9804388 1.0051535 0.9309940 1.0581672 0.8608247 0.9685520 1.1118437 1.3547632 1.0873715 1.0906334 1.4576723 1.3320145 1.1126691 1.4308892 1.3858750 1.2921395 1.7264114 1.9328681 1.7770162 1.8637506 1.6512052 1.6692520 1.6491225 1.4697952 1.6137004 1.4468419 1.5906274 1.6021695 1.5543061 1.6445418 1.2423339 1.8039513 
HoiH23_PlH23_002445-RA                                    1.0198507 1.0632390 0.8601831 0.9899036 1.0904673 0.9427740 0.9084179 0.8389121 1.0290624 0.9455788 1.2242679 1.1465386 0.3209562 0.3203699 0.0412522 0.0000000 0.0695580 0.0737788 0.1995813 0.9678331 0.9214306 0.9172089 1.1141643 1.1466612 1.1087007 1.1540574 1.0937457 1.1048356 1.0864311 1.0166175 0.9504726 1.0005609 1.0100172 0.9564937 1.0321033 0.8716754 0.9743467 1.0928857 1.3742301 1.0440839 1.0888391 1.4336117 1.3756276 1.0780288 1.4763105 1.4048422 1.3190719 1.7433779 1.8990932 1.7785532 1.8782382 1.6444610 1.6452395 1.6470601 1.4851493 1.6235631 1.4748277 1.6032796 1.6212697 1.4881651 1.6504429 1.2554566 1.7834811 
Hhon_g09426.t1                                            0.9704564 1.0321363 0.9077675 0.9956165 1.1354101 0.9522693 0.9227373 0.8592955 1.0512797 0.9466143 1.2453638 1.1176913 0.2750674 0.2895934 0.0952884 0.0695580 0.0000000 0.0080184 0.1631412 0.9277389 0.9447097 0.9089080 1.1322799 1.1530366 1.1210584 1.1672398 1.1356057 1.1387099 1.0586525 0.9847061 0.9008420 1.0348554 1.0669237 0.9995490 1.0919097 0.8946103 1.0168938 1.1058528 1.4005431 1.1140799 1.0430658 1.4132339 1.4079416 1.0807654 1.4888229 1.4056402 1.3038531 1.7793799 2.0082986 1.8181285 1.8679978 1.6217970 1.5689508 1.6554977 1.4717312 1.6139164 1.4513557 1.6750806 1.6384463 1.5071010 1.6210559 1.2208542 1.8083117 
HoiH04_mRNA14626                                          0.9616831 1.0290226 0.9109017 1.0221727 1.1322202 0.9161522 0.9305579 0.8667727 1.0536328 0.9683272 1.2555795 1.1215255 0.2878969 0.3026895 0.0994844 0.0737788 0.0080184 0.0000000 0.1676562 0.9310368 0.9480398 0.9175656 1.1423449 1.1632509 1.1314407 1.1640247 1.1187031 1.1488461 1.0652237 0.9905705 0.9190272 1.0384756 1.0638240 1.0120120 1.0842231 0.9033987 1.0269083 1.1165701 1.3863387 1.1184393 1.0399751 1.4187613 1.4042509 1.0882922 1.5018471 1.4079247 1.3168762 1.7749626 1.9869124 1.8139227 1.8328690 1.6281601 1.5934555 1.6516341 1.4745565 1.6283003 1.4625082 1.6906292 1.6540453 1.5208246 1.6274865 1.2328907 1.8231828 
HoiH11_mRNA1900                                           1.0546918 1.1383866 0.9630749 1.1144429 1.2055543 0.8128066 0.9238218 0.8591524 1.0696280 0.9005791 1.2342140 1.1139247 0.2947761 0.2855626 0.2104354 0.1995813 0.1631412 0.1676562 0.0000000 0.9464015 1.0651575 0.9691121 1.2167346 1.2422464 1.2086945 1.2685151 1.2016366 1.2330063 1.2069398 1.1222282 1.1332816 1.0642487 1.0588596 1.0974264 1.2159080 0.9388190 1.0792778 1.1378966 1.3852384 1.1837266 1.1527306 1.4860042 1.4191288 1.1923329 1.5130380 1.4337108 1.3821314 1.9058734 2.0924531 1.9710748 1.9633443 1.6798162 1.6993428 1.7144184 1.6021702 1.7931132 1.5235870 1.6974305 1.6128150 1.5681181 1.6984679 1.4280036 1.9256049 
Skow_XM_002738394.2                                       0.8542777 0.7839181 0.8401653 0.9139467 1.1733779 0.7704684 1.1594857 1.0442492 1.1904865 0.8778667 1.1141169 1.1499791 0.9732504 0.9644617 0.9580709 0.9678331 0.9277389 0.9310368 0.9464015 0.0000000 0.9222054 0.9186707 0.8263815 0.8576370 0.8238804 0.9587153 0.8685140 0.8379929 0.9435190 0.8487256 0.6606949 1.0858662 1.1267845 1.1996043 1.1436984 0.9142391 0.9064891 0.9597340 1.3569512 1.3388851 1.0899950 1.3219145 1.4445447 0.8746060 1.6908821 1.5040781 1.5598845 1.6646336 2.0079335 2.0329549 2.1513790 1.8499426 1.8844061 1.5443365 1.5176314 1.6806578 1.7048819 1.5707752 2.1150754 1.5902290 2.2113470 1.4810266 1.8750629 
Ctel_gnl_WGS_AMQN_CAPTEDRAFT_mRNA116052                   0.8456240 0.7890823 0.9287490 1.0563393 1.1265747 0.9729442 1.1312026 1.0398355 1.2135578 1.2490024 1.4561446 1.2999380 1.0470794 1.0313073 0.9361910 0.9214306 0.9447097 0.9480398 1.0651575 0.9222054 0.0000000 0.7980673 0.9814534 1.0058894 0.8945548 0.9994699 1.0257326 0.9562364 1.1013291 1.0020938 0.6891605 1.0407992 1.0583393 1.1884540 1.1928949 1.0786638 1.0983413 1.1983927 1.3953005 1.1768607 1.1792449 1.5955615 1.5394866 0.8305054 1.5433388 1.4536900 1.7503294 1.8562447 1.6727779 1.7003943 2.0178016 1.5851126 1.9086709 1.5312783 1.5051221 1.8109701 1.5245167 1.6046670 1.9060632 1.6837605 1.9324947 1.1879128 2.0458591 
Cgig_XM_011446518.3                                       0.8903459 0.8398760 0.9222435 1.0132852 1.0900302 1.0004578 1.1360041 1.0527752 1.1148709 1.1178019 1.2206185 1.1249613 1.0468599 1.0422133 0.9004314 0.9172089 0.9089080 0.9175656 0.9691121 0.9186707 0.7980673 0.0000000 0.9949360 1.0230664 0.9274374 1.1179865 1.0857206 0.9796392 1.0088311 0.9437424 0.6410935 0.8161197 0.9460148 1.0907198 0.9438630 0.9039357 0.9396301 0.9959227 1.2364405 1.0840180 1.3295103 1.4522613 1.4959892 1.0693634 1.4631096 1.5024385 1.4913917 1.8277677 1.9827517 1.8397831 2.1387099 1.7825162 1.9829543 1.6500772 1.4594974 1.4546574 1.4304348 1.6688962 1.8896276 1.7186997 2.0546251 1.2323514 1.9308768 
Adig_XM_015916772.1                                       0.9978706 0.8480385 0.8608746 0.8940384 1.0287328 0.8606806 1.1973298 1.1077919 1.1489730 0.9787716 1.1822102 1.2036638 1.2656763 1.2642731 1.1499825 1.1141643 1.1322799 1.1423449 1.2167346 0.8263815 0.9814534 0.9949360 0.0000000 0.0214160 0.2986481 0.3150126 0.3256403 0.2629645 1.0846758 1.0286079 0.8386737 1.2111538 0.7924785 1.2401824 1.1043694 1.0586139 1.0737118 1.1210420 1.3440397 1.2782152 1.1295210 1.5515152 1.5543084 0.8416289 1.7112188 1.5425790 1.4808688 1.8541671 1.8509996 1.9471492 1.6979533 1.8539669 1.7966624 1.6318801 1.4924174 1.3640363 1.5628482 1.6862649 1.8354789 1.7930726 1.7475742 1.3670532 1.8074976 
Amil_Amillepora08512-RA                                   1.0210246 0.8487077 0.8861315 0.9077684 1.0169843 0.8606806 1.2146133 1.1086611 1.2129901 0.9787716 1.2116588 1.1705293 1.2883134 1.2868475 1.1813668 1.1466612 1.1530366 1.1632509 1.2422464 0.8576370 1.0058894 1.0230664 0.0214160 0.0000000 0.3069700 0.3351470 0.3494255 0.2671370 1.0683029 1.0135323 0.8279954 1.2143627 0.8028020 1.2885508 1.1419709 1.0520929 1.0719157 1.1615231 1.3704036 1.2879520 1.1546551 1.5884930 1.6137927 0.8424365 1.7388528 1.5646215 1.4953953 1.8381959 1.8734518 1.9926414 1.7334532 1.9019823 1.8555313 1.6265035 1.5059891 1.3723816 1.5529694 1.7343893 1.8301804 1.8010109 1.7232093 1.3849338 1.8140180 
Gasp_gasp1.m3.17431.m1                                    0.9516761 0.7662405 0.9184614 0.8327101 0.9532654 0.8284255 1.1012212 0.9725111 1.1929165 1.0634295 1.1741105 1.1984398 1.1341159 1.1302319 1.1349623 1.1087007 1.1210584 1.1314407 1.2086945 0.8238804 0.8945548 0.9274374 0.2986481 0.3069700 0.0000000 0.2625047 0.2565176 0.3260800 1.0373404 0.9519904 0.8968943 1.0915508 0.7280662 1.2088260 1.0964173 1.1471008 0.9416953 1.0947472 1.3333728 1.2985105 1.0243875 1.5470966 1.4811694 0.7088276 1.4739348 1.5069441 1.3993257 1.8919813 1.9506897 1.8409872 1.9252838 1.9283061 1.6115503 1.6450719 1.4125964 1.3415669 1.5545003 1.6125287 1.7478575 1.6133395 1.7077840 1.2429592 1.8696723 
Spis_XP_022782578_1                                       1.0056005 0.8404153 0.9209324 0.8780759 1.0120727 0.8091814 1.1600810 1.0542429 1.2905156 0.9178505 1.1800021 1.1662923 1.1920635 1.1880883 1.1875432 1.1540574 1.1672398 1.1640247 1.2685151 0.9587153 0.9994699 1.1179865 0.3150126 0.3351470 0.2625047 0.0000000 0.1132703 0.3440539 1.0785811 1.0438248 0.7753255 1.1321728 0.7612317 1.2028001 1.1900107 1.2191162 1.0219898 1.2427927 1.3756205 1.2766988 1.1607122 1.5090552 1.4730632 0.7515646 1.8201481 1.6603841 1.4620498 2.0695092 1.8374729 1.9369933 1.9295688 2.0183951 1.8278989 1.6119844 1.5054815 1.4609270 1.7258025 1.6118168 1.9574674 1.7527859 1.9014201 1.3327677 1.8870395 
Pocdam_XM_027192601.1                                     1.0159905 0.8653433 0.8729709 0.8574123 0.9954308 0.7628562 1.1451700 1.0450124 1.2662651 0.9275272 1.1621334 1.1338911 1.1340157 1.1302981 1.0927173 1.0937457 1.1356057 1.1187031 1.2016366 0.8685140 1.0257326 1.0857206 0.3256403 0.3494255 0.2565176 0.1132703 0.0000000 0.3350737 1.0771345 1.0422755 0.8438278 1.1230984 0.7517275 1.1454519 1.0586477 1.2477522 0.9368889 1.1772137 1.3542174 1.2293064 1.1472577 1.4558616 1.4592239 0.8132573 1.7443773 1.5285542 1.4161243 2.0577236 1.7815989 1.8579554 1.8168903 1.9180838 1.7407860 1.5224672 1.4600678 1.4229466 1.6435556 1.5732756 1.8353614 1.6863516 1.8269535 1.2420606 1.7690514 
Gfas_gfas1.m1.15595.m1                                    0.9639743 0.8873122 0.8868192 0.9406614 1.1027550 0.9558051 1.1590515 1.0351357 1.2395063 1.1087845 1.2240770 1.1359845 1.1670135 1.1645689 1.1279747 1.1048356 1.1387099 1.1488461 1.2330063 0.8379929 0.9562364 0.9796392 0.2629645 0.2671370 0.3260800 0.3440539 0.3350737 0.0000000 1.0047558 0.9595575 0.6726445 1.1444064 0.7785978 1.2875288 1.1124751 1.1032297 0.9724819 1.1437215 1.3305038 1.2733554 1.1749497 1.4143794 1.5280337 0.8599448 1.4764355 1.4973885 1.5364825 1.7838230 1.6262752 1.8297216 1.6301896 1.7214037 1.5054767 1.4306702 1.4957132 1.3268462 1.4415145 1.5865324 1.9231770 1.7251319 1.7424124 1.1913553 1.6103868 
Ocar_g8314                                                1.1243025 0.9880646 0.9838731 1.0907569 1.1277306 1.2479184 1.2130709 1.0711553 1.2989920 1.1660792 1.3899774 1.2101780 1.1740534 1.1700627 1.1128819 1.0864311 1.0586525 1.0652237 1.2069398 0.9435190 1.1013291 1.0088311 1.0846758 1.0683029 1.0373404 1.0785811 1.0771345 1.0047558 0.0000000 0.0266808 0.5323184 1.0851318 1.0864262 1.3647525 1.5358277 1.1510074 1.2126871 1.2672358 1.5144674 1.3663947 1.3086846 1.9150859 1.9926374 0.8238964 1.9619235 1.7639453 1.8026188 2.1018476 2.1997298 2.1693752 2.2732758 2.1566008 1.8677280 1.9660608 1.5779756 1.9342780 1.6505679 1.8081338 2.1400963 1.8856333 2.1741498 1.3359545 2.0297611 
Opea_EP00118_Oscarella_pearsei_P010401                    1.0355448 0.9249568 0.9158408 0.9972039 1.0646807 1.0818492 1.1453791 1.0147131 1.2120869 1.0647924 1.3149267 1.1255924 1.0925404 1.0888947 1.0410543 1.0166175 0.9847061 0.9905705 1.1222282 0.8487256 1.0020938 0.9437424 1.0286079 1.0135323 0.9519904 1.0438248 1.0422755 0.9595575 0.0266808 0.0000000 0.5215185 1.0547944 1.0139035 1.3039611 1.3999706 1.0758901 1.1204297 1.2051007 1.4181879 1.2740941 1.2630789 1.8194448 1.8843525 0.8073105 1.8426514 1.6854733 1.7137915 2.0101345 2.0737470 2.0312226 2.1303952 2.0171934 1.7691512 1.8636435 1.5441277 1.8050220 1.5396470 1.7300622 2.0392671 1.7993527 2.0843198 1.3052171 1.9598518 
Plajan_Pjan_C514312_01                                    0.7643035 0.7188624 0.7574184 0.9235098 1.0355599 1.2095020 0.9013639 0.8356788 0.9270427 0.9340870 1.2881298 1.1256537 1.1233460 1.1154149 0.9504121 0.9504726 0.9008420 0.9190272 1.1332816 0.6606949 0.6891605 0.6410935 0.8386737 0.8279954 0.8968943 0.7753255 0.8438278 0.6726445 0.5323184 0.5215185 0.0000000 0.7170948 0.8537223 1.1201858 1.2292137 1.0325924 0.9757969 1.0026282 1.4612318 1.1703432 1.1555147 1.8821094 1.9034041 0.7932413 1.5002815 1.5946765 1.1174818 1.7039515 1.7817021 1.9272420 1.8973431 1.7490659 1.8156927 1.6073780 1.3412661 1.3978925 1.5628254 1.4199029 1.8867206 1.5518764 1.7440759 1.0116092 1.5412393 
Acagra_model.g27160.t1                                    1.0685726 1.1017886 1.1546896 1.3243386 1.4649837 1.2549789 1.2490474 1.2138548 1.4053894 1.1902730 1.3278821 1.3375219 1.1485961 1.1447249 0.9804388 1.0005609 1.0348554 1.0384756 1.0642487 1.0858662 1.0407992 0.8161197 1.2111538 1.2143627 1.0915508 1.1321728 1.1230984 1.1444064 1.0851318 1.0547944 0.7170948 0.0000000 1.1504760 1.2186587 1.4908335 1.1346115 1.0357498 1.3631448 1.6738421 1.4319283 1.3982069 1.8579581 1.9015224 1.0147628 1.7146460 1.7366941 1.4909714 2.2395997 2.1162648 2.2041333 2.7633408 2.1456660 2.2700400 2.0563565 1.8101899 1.9022196 1.8533777 1.9404474 1.8479144 1.9827936 2.1288838 1.2269244 1.9168241 
Nvec_v1g234398                                            0.9798213 0.9161919 0.9230219 1.0881481 1.0758335 0.8335371 1.2607253 1.1419311 1.3200043 0.9400901 1.2232290 1.1147155 1.1161886 1.1124094 1.0051535 1.0100172 1.0669237 1.0638240 1.0588596 1.1267845 1.0583393 0.9460148 0.7924785 0.8028020 0.7280662 0.7612317 0.7517275 0.7785978 1.0864262 1.0139035 0.8537223 1.1504760 0.0000000 0.9677262 0.8697280 1.1924511 0.8242934 1.0968592 1.2726046 1.0962156 1.1182697 1.3872466 1.1652790 0.7187716 1.6004963 1.7381788 1.6455292 1.9439988 1.7864863 1.8302027 2.0142426 2.1306741 1.8729502 1.9824351 1.6575167 1.5705557 1.6643781 1.7967843 1.9676239 1.8469228 1.9927398 1.5119188 2.2308957 
Aque_Aqu2.1.43671_001                                     1.0679350 1.0971516 1.1098186 1.2321754 1.2297236 1.0840405 1.1085158 1.0612745 1.1587680 1.0533436 1.1690194 1.1160593 1.0652586 1.0745528 0.9309940 0.9564937 0.9995490 1.0120120 1.0974264 1.1996043 1.1884540 1.0907198 1.2401824 1.2885508 1.2088260 1.2028001 1.1454519 1.2875288 1.3647525 1.3039611 1.1201858 1.2186587 0.9677262 0.0000000 0.6691812 0.8321858 0.8689280 1.0110934 1.2803967 1.1442725 1.3551647 1.4114642 1.3895809 1.1132961 1.5449919 1.4409575 1.3717880 1.9400467 1.7586869 1.7767995 1.8809462 1.6227319 1.7322562 1.6262005 1.6041638 1.6091871 1.4804819 1.5132946 1.7301343 1.7460746 1.7041946 1.0845007 1.9172750 
Xestes_maker-XT_scaffold561-augustus-gene-0.29-mRNA-1     1.0418659 1.0534209 1.1142292 1.2557235 1.2066457 0.7608404 1.0816691 1.1164345 1.0900379 1.1283530 1.2528753 1.2347453 1.1868589 1.1966296 1.0581672 1.0321033 1.0919097 1.0842231 1.2159080 1.1436984 1.1928949 0.9438630 1.1043694 1.1419709 1.0964173 1.1900107 1.0586477 1.1124751 1.5358277 1.3999706 1.2292137 1.4908335 0.8697280 0.6691812 0.0000000 0.7627004 0.6527974 0.8077070 1.5199561 1.1369830 1.3203241 1.3647626 1.4200232 1.3454424 1.4238670 1.4607124 1.5200318 1.7441540 1.6053192 1.7128808 1.6837511 1.5779047 1.6795043 1.7640041 1.5453036 1.5429596 1.5140147 1.5847467 1.6815186 1.8473605 1.8829572 1.3032966 1.9124312 
Emue_Em0004g93a.t1                                        1.0220219 0.9840561 0.9687232 0.9494753 1.0127293 1.3206659 0.9881916 0.9932188 0.9720327 0.9486866 0.9662862 1.0145221 1.0602450 1.0432269 0.8608247 0.8716754 0.8946103 0.9033987 0.9388190 0.9142391 1.0786638 0.9039357 1.0586139 1.0520929 1.1471008 1.2191162 1.2477522 1.1032297 1.1510074 1.0758901 1.0325924 1.1346115 1.1924511 0.8321858 0.7627004 0.0000000 0.6386325 0.5784231 1.2693064 1.1361899 1.1480126 1.3520867 1.2924758 0.8986058 1.3856360 1.2150768 1.0780021 1.7139855 1.5050209 1.7750748 1.6354410 1.3804070 1.4218609 1.4347096 1.2521508 1.1706982 1.2812636 1.1465869 1.3174976 1.5371083 1.6279232 1.1655108 1.6548580 
Tetwil_g14576.t1                                          0.8971384 0.8612675 0.9933418 0.9984919 1.1814302 0.8038632 1.1664390 1.1630281 1.2620679 0.9520183 1.1160964 0.9963194 1.0969976 1.0939819 0.9685520 0.9743467 1.0168938 1.0269083 1.0792778 0.9064891 1.0983413 0.9396301 1.0737118 1.0719157 0.9416953 1.0219898 0.9368889 0.9724819 1.2126871 1.1204297 0.9757969 1.0357498 0.8242934 0.8689280 0.6527974 0.6386325 0.0000000 0.4756539 1.3592250 1.0586434 1.1600239 1.4181833 1.2775274 1.0391400 1.3777038 1.3853493 1.3968255 1.8614045 1.7119271 1.9122519 1.9205054 1.7885347 1.7068389 1.4372786 1.4265233 1.4026965 1.2768610 1.5138388 1.5478481 1.6234960 1.5738413 1.4802142 1.8274078 
Stycar_maker-SC_scaffold123823-augustus-gene-0.176-mRNA-1 1.0642970 1.0146851 1.1319673 1.1813669 1.3378889 1.0199422 1.4363110 1.2904892 1.3113732 0.8954260 1.1575017 1.1281748 1.1180156 1.1149374 1.1118437 1.0928857 1.1058528 1.1165701 1.1378966 0.9597340 1.1983927 0.9959227 1.1210420 1.1615231 1.0947472 1.2427927 1.1772137 1.1437215 1.2672358 1.2051007 1.0026282 1.3631448 1.0968592 1.0110934 0.8077070 0.5784231 0.4756539 0.0000000 1.4589441 1.3184183 1.2673923 1.4808409 1.4184168 1.2463493 1.6087027 1.4525478 1.4875891 1.5910671 1.8972683 2.0489166 2.0175634 1.6743043 1.7855973 1.5423105 1.5527535 1.5368636 1.5719272 1.6705819 1.6487940 1.7880074 1.8510791 1.7956900 2.1295620 
Mlei_ML1485.g37.i1                                        1.2061049 1.2567484 1.1595737 1.3004693 1.3116804 1.0122763 1.3457606 1.1686996 1.4180783 0.9061775 0.8628075 0.7322434 1.5006663 1.4831780 1.3547632 1.3742301 1.4005431 1.3863387 1.3852384 1.3569512 1.3953005 1.2364405 1.3440397 1.3704036 1.3333728 1.3756205 1.3542174 1.3305038 1.5144674 1.4181879 1.4612318 1.6738421 1.2726046 1.2803967 1.5199561 1.2693064 1.3592250 1.4589441 0.0000000 1.3561262 1.6369363 1.1703878 1.2557335 1.5039441 1.6426195 1.6306117 1.7054203 1.7971630 1.6931241 1.6672770 1.7782905 1.4483676 1.6051970 1.5927223 1.5709082 1.7272666 1.3658938 1.7384841 2.2146032 1.6108674 2.0354557 1.8085240 2.3639429 
Chem_TCONS_00002743                                       1.1495241 1.1486689 1.1476693 1.3165132 1.4123394 0.9553692 0.9952850 0.9722617 1.1568145 1.3388598 1.2376334 1.0619164 1.1829650 1.1810153 1.0873715 1.0440839 1.1140799 1.1184393 1.1837266 1.3388851 1.1768607 1.0840180 1.2782152 1.2879520 1.2985105 1.2766988 1.2293064 1.2733554 1.3663947 1.2740941 1.1703432 1.4319283 1.0962156 1.1442725 1.1369830 1.1361899 1.0586434 1.3184183 1.3561262 0.0000000 1.5462086 1.6408697 1.4924413 1.2335585 1.7805478 1.7609807 1.8716907 1.7107205 1.5693551 1.5983749 1.8644104 1.6493986 1.6066668 1.8178499 1.5714355 1.5202737 1.6866493 1.8851523 2.1205290 1.7934161 1.8034182 1.4212139 2.1469543 
Tcas_TC004823_001                                         1.1896701 1.1270532 1.2629751 1.2827981 1.4729450 0.7934441 1.2813036 1.2067829 1.3730705 1.2587880 1.4970977 1.4099593 1.1795675 1.2078606 1.0906334 1.0888391 1.0430658 1.0399751 1.1527306 1.0899950 1.1792449 1.3295103 1.1295210 1.1546551 1.0243875 1.1607122 1.1472577 1.1749497 1.3086846 1.2630789 1.1555147 1.3982069 1.1182697 1.3551647 1.3203241 1.1480126 1.1600239 1.2673923 1.6369363 1.5462086 0.0000000 1.5211748 1.4411458 1.2513331 1.9229852 1.6544988 1.6792550 2.1740157 2.1673249 2.0694395 2.1280317 1.8784089 1.9531185 2.1652128 1.7051489 2.0488669 2.0298071 1.6633474 2.1393616 2.3661723 2.2657123 1.6512174 2.3287534 
Vmul_SimC389636                                           1.3742652 1.4872158 1.4217125 1.5836012 1.8108414 1.0696876 1.6018955 1.4499556 1.4541909 0.8558467 0.8685160 0.9781583 1.4565804 1.4619324 1.4576723 1.4336117 1.4132339 1.4187613 1.4860042 1.3219145 1.5955615 1.4522613 1.5515152 1.5884930 1.5470966 1.5090552 1.4558616 1.4143794 1.9150859 1.8194448 1.8821094 1.8579581 1.3872466 1.4114642 1.3647626 1.3520867 1.4181833 1.4808409 1.1703878 1.6408697 1.5211748 0.0000000 0.6349877 1.9324393 1.7004149 2.0200138 1.7318197 2.0002243 1.8795909 2.0853633 1.7649260 1.6375619 1.6124179 1.7095221 1.7026159 1.9432844 1.6964926 1.6028000 2.2066259 1.9909783 2.1724759 1.9450286 1.9634949 
Coemet_Cmet_scaffold21451_01                              1.4099047 1.3499616 1.3155330 1.5916548 1.6690633 1.1443718 1.5079956 1.5856605 1.4637391 0.8956660 0.9570672 0.8913931 1.4400128 1.4457989 1.3320145 1.3756276 1.4079416 1.4042509 1.4191288 1.4445447 1.5394866 1.4959892 1.5543084 1.6137927 1.4811694 1.4730632 1.4592239 1.5280337 1.9926374 1.8843525 1.9034041 1.9015224 1.1652790 1.3895809 1.4200232 1.2924758 1.2775274 1.4184168 1.2557335 1.4924413 1.4411458 0.6349877 0.0000000 1.7183595 1.7751506 1.7278826 1.5778387 2.0060820 1.9505707 2.0232507 2.0605948 1.6627213 1.6845231 1.8026034 1.5983921 1.9056844 1.8006537 1.7975957 2.1622137 1.7585024 1.9041593 2.1151235 2.0071194 
Exapal_XM_021057358.2                                     1.0786294 0.8373207 0.9153144 0.9543213 1.1905177 1.2534076 1.2768019 1.0831393 1.4834760 0.8157886 1.2857829 1.1439313 1.0675918 1.0424851 1.1126691 1.0780288 1.0807654 1.0882922 1.1923329 0.8746060 0.8305054 1.0693634 0.8416289 0.8424365 0.7088276 0.7515646 0.8132573 0.8599448 0.8238964 0.8073105 0.7932413 1.0147628 0.7187716 1.1132961 1.3454424 0.8986058 1.0391400 1.2463493 1.5039441 1.2335585 1.2513331 1.9324393 1.7183595 0.0000000 2.2160983 1.6847428 1.6097916 1.9396416 2.1610386 1.9863260 2.3269314 2.4529252 2.1890491 2.1854289 1.4907157 1.7897451 1.9855560 2.0465975 2.3265690 2.1499028 2.3334643 1.4159052 2.0786807 
Salmac_EP00052_Salpingoeca_macrocollata_P007903           1.4270141 1.3512583 1.6212410 1.5064733 1.6703236 1.2208426 1.4749803 1.3571186 1.7532196 1.3720715 1.7163877 1.6399154 1.6722291 1.6409430 1.4308892 1.4763105 1.4888229 1.5018471 1.5130380 1.6908821 1.5433388 1.4631096 1.7112188 1.7388528 1.4739348 1.8201481 1.7443773 1.4764355 1.9619235 1.8426514 1.5002815 1.7146460 1.6004963 1.5449919 1.4238670 1.3856360 1.3777038 1.6087027 1.6426195 1.7805478 1.9229852 1.7004149 1.7751506 2.2160983 0.0000000 1.1202779 1.4078655 1.6130192 1.6665256 1.5964237 1.8265060 1.4582092 1.4860729 1.5382103 1.4864058 1.6895884 1.3496737 1.5537259 1.5492426 1.3928087 1.7710364 2.2708528 1.6762741 
Salpun_EP00053_Salpingoeca_punica_P007728                 1.3882454 1.1864153 1.6307969 1.6027913 1.7239914 1.2797295 1.5378845 1.4193472 1.7793358 1.3508584 1.8258139 1.4795403 1.4371827 1.4559151 1.3858750 1.4048422 1.4056402 1.4079247 1.4337108 1.5040781 1.4536900 1.5024385 1.5425790 1.5646215 1.5069441 1.6603841 1.5285542 1.4973885 1.7639453 1.6854733 1.5946765 1.7366941 1.7381788 1.4409575 1.4607124 1.2150768 1.3853493 1.4525478 1.6306117 1.7609807 1.6544988 2.0200138 1.7278826 1.6847428 1.1202779 0.0000000 1.3830958 1.5693447 1.5188994 1.6044756 1.6986604 1.5608161 1.4129790 1.4779276 1.2381194 1.6031961 1.5271312 1.5413684 1.6974782 1.3027810 1.7190890 2.1341081 1.5847673 
Mylflu_EP00047_Mylnosiga_fluctuans_P022011                1.5599622 1.4700606 1.4807080 1.5263047 1.6580051 1.3901445 1.5347956 1.4568650 1.8197015 1.3083529 1.4667153 1.6225114 1.3319155 1.3351239 1.2921395 1.3190719 1.3038531 1.3168762 1.3821314 1.5598845 1.7503294 1.4913917 1.4808688 1.4953953 1.3993257 1.4620498 1.4161243 1.5364825 1.8026188 1.7137915 1.1174818 1.4909714 1.6455292 1.3717880 1.5200318 1.0780021 1.3968255 1.4875891 1.7054203 1.8716907 1.6792550 1.7318197 1.5778387 1.6097916 1.4078655 1.3830958 0.0000000 1.7151774 1.9209960 2.1427441 2.3162745 1.7181914 1.7303911 1.6739545 1.4657835 1.7163876 1.9447350 1.4664015 1.3600253 1.6536636 2.2472219 1.8273916 1.4639601 
Mbre_EDQ91183                                             1.7808876 1.6107353 1.7245195 1.6576021 1.8760637 2.1956543 1.7646742 1.6962651 1.9427364 1.6558595 1.7629155 1.4631088 1.7641799 1.7745195 1.7264114 1.7433779 1.7793799 1.7749626 1.9058734 1.6646336 1.8562447 1.8277677 1.8541671 1.8381959 1.8919813 2.0695092 2.0577236 1.7838230 2.1018476 2.0101345 1.7039515 2.2395997 1.9439988 1.9400467 1.7441540 1.7139855 1.8614045 1.5910671 1.7971630 1.7107205 2.1740157 2.0002243 2.0060820 1.9396416 1.6130192 1.5693447 1.7151774 0.0000000 0.8143741 0.8180808 1.1527497 1.1793086 1.1110870 1.5509916 1.5821572 1.5042621 1.2510180 1.8403970 1.9150623 1.6122175 1.9398399 2.0954995 1.9409676 
Choper_EP00045_Choanoeca_perplexa_P002392                 1.7550903 1.6726574 1.7273391 1.6228912 2.0429649 1.3861317 1.7672948 1.5895677 1.9647940 1.5351315 1.7430670 1.3803271 2.0538108 2.0596171 1.9328681 1.8990932 2.0082986 1.9869124 2.0924531 2.0079335 1.6727779 1.9827517 1.8509996 1.8734518 1.9506897 1.8374729 1.7815989 1.6262752 2.1997298 2.0737470 1.7817021 2.1162648 1.7864863 1.7586869 1.6053192 1.5050209 1.7119271 1.8972683 1.6931241 1.5693551 2.1673249 1.8795909 1.9505707 2.1610386 1.6665256 1.5188994 1.9209960 0.8143741 0.0000000 0.5002394 1.3400026 1.3377056 1.2597196 1.6294171 1.6035874 1.6857318 1.5169069 1.6352965 1.8024458 1.7451009 1.6065085 2.6123713 1.7774697 
Chofle_EP00730_Choanoeca_flexa_P012950                    1.9689373 1.6879774 1.8884262 1.7724512 1.9703435 1.4621604 1.7135019 1.6027463 1.8300920 1.8944275 1.8413980 1.6001490 1.8679657 1.8729609 1.7770162 1.7785532 1.8181285 1.8139227 1.9710748 2.0329549 1.7003943 1.8397831 1.9471492 1.9926414 1.8409872 1.9369933 1.8579554 1.8297216 2.1693752 2.0312226 1.9272420 2.2041333 1.8302027 1.7767995 1.7128808 1.7750748 1.9122519 2.0489166 1.6672770 1.5983749 2.0694395 2.0853633 2.0232507 1.9863260 1.5964237 1.6044756 2.1427441 0.8180808 0.5002394 0.0000000 1.3358082 1.3541880 1.2697003 1.6531821 1.4894878 1.6234273 1.5118145 1.5011328 1.8513327 1.4888814 1.6334865 1.9848272 1.6333968 
Sros_EGD80662                                             1.9016437 1.9302022 1.7628382 1.8952157 2.0434455 1.4372317 2.0502323 1.8907826 1.9638027 1.6562249 1.6142402 1.7130530 1.8541310 1.8291203 1.8637506 1.8782382 1.8679978 1.8328690 1.9633443 2.1513790 2.0178016 2.1387099 1.6979533 1.7334532 1.9252838 1.9295688 1.8168903 1.6301896 2.2732758 2.1303952 1.8973431 2.7633408 2.0142426 1.8809462 1.6837511 1.6354410 1.9205054 2.0175634 1.7782905 1.8644104 2.1280317 1.7649260 2.0605948 2.3269314 1.8265060 1.6986604 2.3162745 1.1527497 1.3400026 1.3358082 0.0000000 0.6019428 0.9281464 2.0616767 1.8913203 1.4618496 1.8740530 1.8747491 2.2483451 2.0382924 1.8417832 2.8652517 2.1171268 
Microa_EP00043_Microstomoeca_roanoka_P017343              1.7376281 1.8806719 1.8171869 1.5945666 1.9418070 1.1220026 1.8748343 1.7862706 1.9158518 1.3481991 1.4444610 1.3838292 1.7287893 1.7331409 1.6512052 1.6444610 1.6217970 1.6281601 1.6798162 1.8499426 1.5851126 1.7825162 1.8539669 1.9019823 1.9283061 2.0183951 1.9180838 1.7214037 2.1566008 2.0171934 1.7490659 2.1456660 2.1306741 1.6227319 1.5779047 1.3804070 1.7885347 1.6743043 1.4483676 1.6493986 1.8784089 1.6375619 1.6627213 2.4529252 1.4582092 1.5608161 1.7181914 1.1793086 1.3377056 1.3541880 0.6019428 0.0000000 0.7943250 1.7534185 1.7708638 1.4937491 1.8193378 1.6621540 2.0346636 1.7231102 1.6368791 2.4986358 1.9568552 
Salinf_EP00049_Salpingoeca_infusionum_P001871             1.8849791 1.6713041 1.7049717 1.5518265 1.8800232 1.3455843 1.7490336 1.6721558 1.7854133 1.3188668 1.5994867 1.4197996 1.6374312 1.6464331 1.6692520 1.6452395 1.5689508 1.5934555 1.6993428 1.8844061 1.9086709 1.9829543 1.7966624 1.8555313 1.6115503 1.8278989 1.7407860 1.5054767 1.8677280 1.7691512 1.8156927 2.2700400 1.8729502 1.7322562 1.6795043 1.4218609 1.7068389 1.7855973 1.6051970 1.6066668 1.9531185 1.6124179 1.6845231 2.1890491 1.4860729 1.4129790 1.7303911 1.1110870 1.2597196 1.2697003 0.9281464 0.7943250 0.0000000 1.4271059 1.5554986 1.5172408 1.4584914 1.7259180 2.1663283 1.4131441 1.8250983 2.3376330 1.7511727 
Helnan_EP00037_Helgoeca_nana_P012565                      1.5519801 1.4347802 1.5801604 1.5441711 1.7568281 1.7134701 1.7864630 1.6584673 1.8595522 1.2720523 1.7772703 1.6387998 1.7248874 1.7180475 1.6491225 1.6470601 1.6554977 1.6516341 1.7144184 1.5443365 1.5312783 1.6500772 1.6318801 1.6265035 1.6450719 1.6119844 1.5224672 1.4306702 1.9660608 1.8636435 1.6073780 2.0563565 1.9824351 1.6262005 1.7640041 1.4347096 1.4372786 1.5423105 1.5927223 1.8178499 2.1652128 1.7095221 1.8026034 2.1854289 1.5382103 1.4779276 1.6739545 1.5509916 1.6294171 1.6531821 2.0616767 1.7534185 1.4271059 0.0000000 1.1141518 0.9792748 0.9101065 1.4819150 1.7110135 1.5275259 1.9780793 2.2441972 0.6761258 
Didcos_EP00039_Didymoeca_costata_P012553                  1.5015227 1.3347744 1.3232964 1.3753285 1.5677273 1.5212134 1.5232183 1.5176410 1.7174441 1.2471793 1.4266595 1.3524500 1.5362044 1.5419699 1.4697952 1.4851493 1.4717312 1.4745565 1.6021702 1.5176314 1.5051221 1.4594974 1.4924174 1.5059891 1.4125964 1.5054815 1.4600678 1.4957132 1.5779756 1.5441277 1.3412661 1.8101899 1.6575167 1.6041638 1.5453036 1.2521508 1.4265233 1.5527535 1.5709082 1.5714355 1.7051489 1.7026159 1.5983921 1.4907157 1.4864058 1.2381194 1.4657835 1.5821572 1.6035874 1.4894878 1.8913203 1.7708638 1.5554986 1.1141518 0.0000000 1.0566433 0.9128387 1.3973185 1.7063047 1.5569038 1.7717960 1.9106216 1.2714042 
Diagra_EP00040_Diaphanoeca_grandis_P000604                1.6379808 1.3900689 1.5238450 1.2861339 1.5647752 1.6672149 1.7118907 1.7438725 1.7231102 1.3720164 1.6486786 1.4696420 1.7093598 1.7016185 1.6137004 1.6235631 1.6139164 1.6283003 1.7931132 1.6806578 1.8109701 1.4546574 1.3640363 1.3723816 1.3415669 1.4609270 1.4229466 1.3268462 1.9342780 1.8050220 1.3978925 1.9022196 1.5705557 1.6091871 1.5429596 1.1706982 1.4026965 1.5368636 1.7272666 1.5202737 2.0488669 1.9432844 1.9056844 1.7897451 1.6895884 1.6031961 1.7163876 1.5042621 1.6857318 1.6234273 1.4618496 1.4937491 1.5172408 0.9792748 1.0566433 0.0000000 0.9499256 1.7401458 1.7583573 1.6303519 1.5420344 2.0820296 1.2365666 
Stedip_EP00041_Stephanoeca_diplocostata_P009015           1.4707564 1.3734279 1.4293036 1.4601137 1.7268122 1.4155717 1.4664557 1.3085334 1.6596838 1.1915416 1.5322058 1.3901137 1.5388482 1.5328640 1.4468419 1.4748277 1.4513557 1.4625082 1.5235870 1.7048819 1.5245167 1.4304348 1.5628482 1.5529694 1.5545003 1.7258025 1.6435556 1.4415145 1.6505679 1.5396470 1.5628254 1.8533777 1.6643781 1.4804819 1.5140147 1.2812636 1.2768610 1.5719272 1.3658938 1.6866493 2.0298071 1.6964926 1.8006537 1.9855560 1.3496737 1.5271312 1.9447350 1.2510180 1.5169069 1.5118145 1.8740530 1.8193378 1.4584914 0.9101065 0.9128387 0.9499256 0.0000000 1.8469954 1.7851877 1.4546020 1.8129603 2.1011794 1.2966535 
Salurc_EP00051_Salpingoeca_urceolata_P014882              1.5536064 1.4913274 1.4209841 1.5988739 1.7520868 1.1689735 1.6026920 1.4608795 1.7853636 1.2021063 1.6043705 1.4784455 1.6926632 1.6969713 1.5906274 1.6032796 1.6750806 1.6906292 1.6974305 1.5707752 1.6046670 1.6688962 1.6862649 1.7343893 1.6125287 1.6118168 1.5732756 1.5865324 1.8081338 1.7300622 1.4199029 1.9404474 1.7967843 1.5132946 1.5847467 1.1465869 1.5138388 1.6705819 1.7384841 1.8851523 1.6633474 1.6028000 1.7975957 2.0465975 1.5537259 1.5413684 1.4664015 1.8403970 1.6352965 1.5011328 1.8747491 1.6621540 1.7259180 1.4819150 1.3973185 1.7401458 1.8469954 0.0000000 1.5733785 1.6899133 1.7748493 2.1078842 1.6150939 
