76
Hsap_ENST00000333188                                  0.0000000 0.3191613 0.4337701 0.4619668 0.4632960 0.4584199 0.4783006 0.4590212 0.4469455 0.5278475 0.3399509 0.4783689 0.4775174 0.4707823 0.4901778 0.5100905 0.3872162 0.3397914 0.4075789 0.5021237 0.5362012 0.3708888 0.4527826 0.4558893 0.5180500 0.4674792 0.6771200 0.6166832 0.7885348 0.5625485 0.5713632 0.5213787 0.6733136 0.5282456 0.4796983 0.4617398 0.4598736 0.5895496 0.6030113 0.5894478 0.5886701 0.5736649 0.5763086 0.5948358 0.4570842 0.9939204 0.9972949 0.8400376 0.8681037 0.9212569 0.6664979 0.8260537 0.8565475 0.8790897 0.8992058 0.9195702 0.8778401 0.8635601 0.8368789 0.9303535 0.9938074 0.6263038 0.9740600 0.7680514 1.0003674 0.8687786 0.7428288 0.8409328 0.7883308 0.7784307 0.9362356 1.7159467 1.4692600 1.1156564 1.4109038 1.2585226 
Bralan_BLAG11101275_1                                 0.3191613 0.0000000 0.4814013 0.5231369 0.5089304 0.5037468 0.5208748 0.4899153 0.4822438 0.5630802 0.3190525 0.4960857 0.4755029 0.5491594 0.5458772 0.5689639 0.4153968 0.4045555 0.4476324 0.5371658 0.5564332 0.3869720 0.4959347 0.4926917 0.5114450 0.4486083 0.6587415 0.5317426 0.7856685 0.5861317 0.6660080 0.5587390 0.7178491 0.5780262 0.5543417 0.4530321 0.4747178 0.6191726 0.6432585 0.6157755 0.6255960 0.6183957 0.6211260 0.6326640 0.4995209 1.0028718 1.0212660 0.8067864 0.9265399 0.8621687 0.7182189 0.8497687 0.8353036 0.8565415 1.0130568 0.9839916 0.9232617 0.9770028 0.8909326 1.0111988 1.0529336 0.6026303 1.0172819 0.8518041 0.9632969 0.9206863 0.7713258 0.8571379 0.8484935 0.8011396 1.0960687 2.0511302 1.5100343 1.2069069 1.2906720 1.2679893 
Nvec_v1g239070                                        0.4337701 0.4814013 0.0000000 0.2679948 0.2529311 0.2512235 0.2724446 0.2491256 0.2449186 0.4718844 0.2792098 0.4321716 0.4281576 0.4350668 0.4405293 0.4695218 0.4701983 0.4846894 0.4997871 0.3483714 0.3736758 0.4873553 0.5036412 0.5247850 0.5038287 0.5096903 0.6548425 0.5709562 0.7197775 0.5383823 0.6430528 0.5717702 0.8368256 0.6131778 0.5244110 0.5588170 0.4578921 0.6207043 0.6570832 0.6369225 0.6485638 0.6449108 0.6428464 0.6388594 0.2470660 0.9718430 0.9491411 0.8160140 0.8658942 0.8654346 0.6578757 0.8993950 0.8555727 0.9024196 1.0007238 0.9765967 0.9670883 1.0112370 0.8833146 1.0967628 1.1272958 0.6057981 1.0811551 0.8366041 0.9982211 0.9481014 0.7759838 0.8949343 0.8581575 0.8637987 1.0686296 2.0125723 1.6852550 1.2059863 1.4084222 1.0067149 
Amil_Amillepora32283-RA                               0.4619668 0.5231369 0.2679948 0.0000000 0.0882338 0.1078917 0.1231776 0.1156165 0.1133744 0.5085928 0.2798096 0.4665400 0.4775342 0.4871034 0.4632222 0.4820984 0.5072020 0.5342114 0.5457931 0.3797818 0.3885354 0.5286734 0.5524728 0.5638201 0.5622186 0.5918162 0.6733937 0.6922505 0.7898820 0.5906971 0.7090240 0.5952524 0.8509648 0.6103267 0.5997790 0.6272058 0.5026200 0.5938970 0.6482697 0.6369716 0.6465160 0.6372624 0.6401426 0.6146351 0.0208254 0.9671988 0.9707479 0.8523787 0.8718825 0.9138915 0.6713700 0.9099368 0.8601587 0.8985237 0.9910452 1.0371710 0.9966366 1.0300085 0.9566509 1.0962464 1.0992559 0.6076161 1.0220878 0.8444877 0.9772115 0.9222988 0.7664509 0.8942121 0.8281337 0.8513618 1.0708976 1.7898683 1.6239126 1.2126061 1.3614550 0.9704186 
Gfas_gfas1.m1.13348.m1                                0.4632960 0.5089304 0.2529311 0.0882338 0.0000000 0.0758188 0.1016049 0.0973175 0.0868918 0.4872274 0.2764012 0.4426918 0.4557362 0.4611208 0.4606520 0.4635781 0.5038797 0.5178948 0.5306536 0.3704207 0.3855339 0.5068697 0.5486242 0.5618593 0.5366330 0.5607263 0.6546711 0.6455385 0.7511285 0.5523191 0.6454185 0.5818038 0.8467384 0.6098535 0.5851167 0.6191189 0.4900453 0.6017158 0.6403422 0.6364547 0.6436543 0.6332944 0.6361140 0.6351798 0.0912272 1.0060473 0.9962292 0.8363220 0.8918978 0.9090088 0.6734129 0.9270782 0.8605126 0.9017739 0.9745864 1.0074939 1.0122167 1.0260393 0.9433830 1.0756776 1.1495846 0.6179069 1.0319194 0.8343793 0.9873640 0.9340173 0.7848907 0.9001709 0.8333004 0.8757671 1.0796134 1.9306019 1.6336649 1.2173667 1.4489803 1.0098269 
Fspp_ffun1.m4.27579.m1                                0.4584199 0.5037468 0.2512235 0.1078917 0.0758188 0.0000000 0.0529491 0.0805880 0.0730311 0.4890328 0.2505182 0.4609351 0.4589872 0.4560756 0.4766993 0.4893712 0.4916369 0.5214222 0.5394653 0.3618141 0.3877151 0.5034312 0.5572406 0.5533007 0.5332577 0.5245688 0.6909230 0.6311106 0.7883309 0.5590172 0.6714073 0.5993369 0.8399692 0.6153906 0.5989303 0.6112965 0.4649659 0.6025103 0.6466446 0.6422246 0.6557574 0.6386297 0.6414368 0.6190715 0.1102100 1.0298837 1.0022508 0.8703164 0.9111912 0.9191127 0.6990918 0.9146044 0.8722935 0.8849772 0.9933459 0.9949845 1.0034850 1.0342423 0.9076968 1.1036103 1.1182560 0.6247716 1.0289830 0.8699024 0.9866170 0.9657037 0.8030663 0.9207885 0.8595686 0.8940290 1.1019196 1.9854836 1.7592646 1.2278314 1.5561821 1.0079085 
Gasp_gasp1.m3.1275.m1                                 0.4783006 0.5208748 0.2724446 0.1231776 0.1016049 0.0529491 0.0000000 0.0956245 0.0856777 0.5071081 0.1783670 0.4860388 0.4695001 0.5021364 0.4970260 0.5381328 0.5148109 0.5415499 0.5483033 0.3932428 0.4301943 0.5072985 0.5735221 0.5896330 0.5760042 0.6565510 0.7266260 0.7048886 0.8456623 0.5953410 0.7263137 0.6261751 0.9529440 0.6595094 0.6087547 0.6372524 0.4220474 0.6145260 0.6726912 0.6600072 0.6759084 0.6665622 0.6681315 0.6216966 0.0978729 1.0337459 1.0166053 0.8826762 0.9423317 0.9446054 0.6810223 0.9143690 0.8717527 0.9397891 0.9780119 1.0391923 1.0806858 1.0969714 0.9444119 1.0938949 1.1152011 0.6807062 1.0688151 0.9091279 0.9418128 0.9571432 0.8085663 0.9828528 0.8844015 0.9223736 1.2075350 2.0230999 1.8317967 1.2182921 1.6246037 1.1014476 
Spis_XP_022809620_1                                   0.4590212 0.4899153 0.2491256 0.1156165 0.0973175 0.0805880 0.0956245 0.0000000 0.0185402 0.4908343 0.2769871 0.4735159 0.4741929 0.4802065 0.4674611 0.4757180 0.4843721 0.5222227 0.5109985 0.3555933 0.3865781 0.5140416 0.5474788 0.5747950 0.5269777 0.5562343 0.6817699 0.6289632 0.7672550 0.5602538 0.6621675 0.5862354 0.8538396 0.6209036 0.5927975 0.5873855 0.4747885 0.5950040 0.6398678 0.6376017 0.6479547 0.6429167 0.6457488 0.6151255 0.1133599 1.0067604 1.0028385 0.8691688 0.9039722 0.9286790 0.6968359 0.9105800 0.8568245 0.9245743 0.9821587 1.0155790 0.9999983 1.0183617 0.9054769 1.0851277 1.1011265 0.6063893 1.0549385 0.8675320 0.9842972 0.9508601 0.7729394 0.8920881 0.8718854 0.9168381 1.1301714 2.0449358 1.6647118 1.2005300 1.5541481 1.0479339 
Pocdam_XM_027197696.1                                 0.4469455 0.4822438 0.2449186 0.1133744 0.0868918 0.0730311 0.0856777 0.0185402 0.0000000 0.4824945 0.2797071 0.4616939 0.4635622 0.4737638 0.4540944 0.4632960 0.4690237 0.5085416 0.5104282 0.3464293 0.3765449 0.4939823 0.5356256 0.5608322 0.5145733 0.5390237 0.6712549 0.6148289 0.7509420 0.5515974 0.6479610 0.5749365 0.8522502 0.6141579 0.5849248 0.5920133 0.4669573 0.5947539 0.6390323 0.6296355 0.6398816 0.6355679 0.6383769 0.6067714 0.1027026 0.9810321 0.9785761 0.8491716 0.8935900 0.9049181 0.6766321 0.8925173 0.8443252 0.9117126 0.9503288 0.9932660 0.9687028 0.9912723 0.8886383 1.0716504 1.0904802 0.5951622 1.0391279 0.8484440 0.9729546 0.9432466 0.7641923 0.8812801 0.8594435 0.9043136 1.1283503 2.0230969 1.6772574 1.1946960 1.4903611 1.0303724 
Hvul_g23699_1                                         0.5278475 0.5630802 0.4718844 0.5085928 0.4872274 0.4890328 0.5071081 0.4908343 0.4824945 0.0000000 0.1858568 0.3364643 0.3365400 0.3524636 0.3591569 0.2940015 0.5940113 0.5667843 0.6076694 0.5370486 0.5618830 0.5949313 0.6130137 0.6534502 0.5910127 0.5449499 0.7877731 0.6098309 0.8751197 0.6078228 0.7116039 0.6367547 0.8210516 0.6306410 0.6439397 0.6598737 0.5515355 0.6495590 0.7325261 0.7189338 0.7341998 0.7247160 0.7278974 0.7136255 0.4729910 1.1215736 1.1291190 0.8762033 0.9862711 0.9758382 0.8163904 0.9564680 0.8997361 0.9787148 1.1261243 1.1076383 1.0471163 1.0619612 1.0285349 1.1403657 1.1427124 0.7303485 1.1718580 0.9273775 1.1000230 0.9776934 0.8512091 0.9801942 0.9413705 0.9191323 1.1419059 2.0606507 1.6967087 1.3695097 1.5413018 1.2471470 
Aaur_scaffold657.g5.t1                                0.3399509 0.3190525 0.2792098 0.2798096 0.2764012 0.2505182 0.1783670 0.2769871 0.2797071 0.1858568 0.0000000 0.1082675 0.1477225 0.1477039 0.2338151 0.2427760 0.3804699 0.4121444 0.4273687 0.3842468 0.4050483 0.4385200 0.4663571 0.4346653 0.4414942 2.4731875 0.6796437 4.2290225 0.7109176 0.3359677 0.4263946 0.3912568 2.4731875 0.4741022 0.4089651 0.4933084 0.5977693 0.6040726 0.6040726 0.5972408 0.6039716 0.5984696 0.5984696 0.5837876 0.2798096 0.7505038 0.8089479 0.5413621 0.5571072 0.5061692 0.4806864 0.7051899 0.5174113 0.5879669 0.5348251 0.5972049 0.6233357 0.6092176 0.6878011 0.6057591 0.6823276 2.4731875 0.5936019 0.6166950 0.0000010 0.6750327 0.6350332 0.6350332 0.5974539 0.5391199 2.6831267 0.0000010 0.0000010 2.5763116 0.0000010 0.2767629 
Rhoesc_Res_010213-T1                                  0.4783689 0.4960857 0.4321716 0.4665400 0.4426918 0.4609351 0.4860388 0.4735159 0.4616939 0.3364643 0.1082675 0.0000000 0.0813015 0.2139708 0.3046653 0.3459171 0.5593755 0.5336910 0.6040709 0.4809658 0.4958524 0.5202887 0.5729568 0.5757547 0.5819009 0.5513764 0.7650691 0.6003332 0.7942244 0.6082656 0.7163226 0.6274400 0.7710785 0.5932595 0.5774733 0.6032272 0.5448470 0.6612739 0.7214768 0.7034005 0.7206732 0.7049407 0.7028618 0.6860380 0.4347496 1.0559137 1.0557701 0.8665877 0.9554871 0.9626397 0.7624667 0.9594523 0.8925181 0.9207858 1.0823928 1.0029726 0.9307777 0.9521590 0.9792907 1.0668055 1.0977938 0.6597233 1.0837761 0.8767839 1.0122576 0.9466562 0.8521669 0.9544481 0.8962387 0.9077548 1.1129160 1.8385781 1.6658543 1.3000177 1.5373345 1.2254462 
Nemnom_g4154.t1                                       0.4775174 0.4755029 0.4281576 0.4775342 0.4557362 0.4589872 0.4695001 0.4741929 0.4635622 0.3365400 0.1477225 0.0813015 0.0000000 0.2224782 0.3110635 0.3629274 0.5387352 0.5103161 0.5873943 0.4582977 0.4986842 0.5228475 0.5867165 0.5718288 0.5857889 0.5367122 0.7498937 0.5897375 0.8050937 0.6123611 0.6868053 0.6218566 0.7300602 0.5750472 0.5778572 0.5811919 0.5488865 0.6453672 0.6967361 0.6802635 0.6927925 0.6850975 0.6857850 0.6864216 0.4542474 1.0437340 1.0753280 0.8625820 0.9539397 0.9750728 0.7704167 0.9518070 0.8938009 0.9224083 1.0719308 0.9839543 0.9273763 0.9484036 0.9613859 1.0535567 1.0958214 0.6650369 1.0831030 0.8846765 1.0422445 0.9489502 0.8404666 0.9431245 0.8709598 0.8871485 1.0584527 1.7560257 1.5651290 1.2160658 1.4859424 1.2363749 
Sanmal_Sma_020535-T1                                  0.4707823 0.5491594 0.4350668 0.4871034 0.4611208 0.4560756 0.5021364 0.4802065 0.4737638 0.3524636 0.1477039 0.2139708 0.2224782 0.0000000 0.3295044 0.3858708 0.5723894 0.5411287 0.6203870 0.4948218 0.5069538 0.5288672 0.5656046 0.5619437 0.5924790 0.5177042 0.7439774 0.5911099 0.7836482 0.6140975 0.6962553 0.6100496 0.8554000 0.6382652 0.6190320 0.6127763 0.5512267 0.6577050 0.7133654 0.6831076 0.7064872 0.6788412 0.6771646 0.6825312 0.4646524 1.0418653 1.0701838 0.8612407 0.9402846 0.9713148 0.7621102 0.9557312 0.8817958 0.9195657 1.0595336 0.9800519 0.9455837 0.9607962 0.9478169 1.0756382 1.1067954 0.6477398 1.0771359 0.8604224 1.0348540 0.9690068 0.8146564 0.9166963 0.9075037 0.9018609 1.1021227 1.8439109 1.6260848 1.2927899 1.4137278 1.2022373 
Morvir_scaffold108.g27.t2                             0.4901778 0.5458772 0.4405293 0.4632222 0.4606520 0.4766993 0.4970260 0.4674611 0.4540944 0.3591569 0.2338151 0.3046653 0.3110635 0.3295044 0.0000000 0.3582763 0.6034097 0.5531919 0.5517503 0.5061430 0.5149718 0.5270434 0.5708897 0.5780351 0.6147254 0.4924277 0.6863929 0.5514048 0.7787732 0.5603074 0.7399291 0.6258563 0.7729632 0.5844389 0.6217076 0.6068954 0.5225450 0.6540170 0.6728294 0.6755586 0.6749302 0.6786533 0.6765697 0.6702498 0.4153024 1.0402368 1.0485591 0.8429275 0.9058570 0.8891901 0.7638072 0.9302479 0.8762874 0.9437079 1.0607469 0.9666851 0.9402316 0.9187597 0.9900299 1.0471701 1.0732274 0.6741312 1.0316381 0.8924872 1.0527132 0.9494827 0.8113859 0.9270991 0.8625483 0.8819691 1.1095317 2.0529048 1.6876108 1.3006647 1.3663645 1.1940646 
Chem_TCONS_00059500                                   0.5100905 0.5689639 0.4695218 0.4820984 0.4635781 0.4893712 0.5381328 0.4757180 0.4632960 0.2940015 0.2427760 0.3459171 0.3629274 0.3858708 0.3582763 0.0000000 0.5889097 0.5596913 0.6386244 0.5237730 0.5095041 0.5775568 0.5759624 0.5833191 0.5430581 0.5522051 0.7535539 0.6043673 0.8316569 0.6339170 0.6731669 0.5943237 0.8278154 0.6202274 0.6190926 0.6565335 0.5560467 0.6768727 0.7203375 0.7000926 0.7167418 0.7213142 0.7192221 0.6866234 0.4576651 1.0616500 1.0548887 0.8839554 0.9241552 0.9343144 0.7794397 0.8985305 0.8448597 0.9277095 1.0920298 1.0272786 0.9636574 0.9777139 0.9837153 1.1094877 1.0883009 0.6660532 1.0805944 0.8756264 1.0674221 0.9692163 0.8193964 0.9445163 0.8933938 0.9136835 1.1218443 2.0988270 1.7581167 1.2171560 1.3928901 1.2184413 
Cgig_XM_034480492.1                                   0.3872162 0.4153968 0.4701983 0.5072020 0.5038797 0.4916369 0.5148109 0.4843721 0.4690237 0.5940113 0.3804699 0.5593755 0.5387352 0.5723894 0.6034097 0.5889097 0.0000000 0.2648731 0.3240219 0.5193474 0.5398576 0.4026265 0.4816257 0.5285510 0.5269862 0.4501359 0.6961747 0.5586856 0.7944251 0.5680842 0.6274246 0.5645630 0.7650764 0.5806291 0.5603395 0.4759799 0.4407696 0.5997322 0.6331181 0.6253083 0.6362996 0.6209533 0.6236427 0.6405307 0.4884352 1.0569321 1.0730559 0.8911126 0.9092088 0.9206875 0.7216076 0.8571561 0.8468898 0.8155019 0.9616042 0.9920192 0.9267371 0.9229828 0.8779465 1.0173192 1.0683819 0.6862338 0.9642059 0.8195079 0.8234919 0.9080250 0.7762113 0.8744284 0.8433106 0.8401412 1.0779039 2.2377508 1.6347489 1.1750029 1.3219721 1.2566427 
Acagra_model.g30264.t1                                0.3397914 0.4045555 0.4846894 0.5342114 0.5178948 0.5214222 0.5415499 0.5222227 0.5085416 0.5667843 0.4121444 0.5336910 0.5103161 0.5411287 0.5531919 0.5596913 0.2648731 0.0000000 0.2830325 0.5153018 0.5335364 0.3800075 0.5030191 0.5069564 0.5157531 0.4891995 0.7053174 0.5782300 0.7599622 0.5797461 0.6110495 0.5550101 0.7289137 0.5518898 0.5555571 0.4338232 0.4505406 0.6117417 0.6436459 0.6313526 0.6353864 0.6185306 0.6212571 0.6515959 0.5029339 1.0288249 1.0488814 0.8637855 0.9230511 0.9529656 0.7493869 0.7967621 0.8165503 0.8786095 1.0185131 0.9837690 0.9730396 0.9694244 0.8966889 1.0597680 1.0994357 0.6388324 0.9882903 0.7899468 0.9116152 0.8952930 0.7664744 0.8598406 0.8053589 0.7838151 1.0258482 2.0379441 1.5863332 1.1929218 1.3379894 1.2024915 
Ctel_gnl_WGS_AMQN_CAPTEDRAFT_mRNA148159               0.4075789 0.4476324 0.4997871 0.5457931 0.5306536 0.5394653 0.5483033 0.5109985 0.5104282 0.6076694 0.4273687 0.6040709 0.5873943 0.6203870 0.5517503 0.6386244 0.3240219 0.2830325 0.0000000 0.5444175 0.5641765 0.4327123 0.5322166 0.5744529 0.5500387 0.5869739 0.7359512 0.6320333 0.8396272 0.5948642 0.6439625 0.6075194 0.7430715 0.5791730 0.6257424 0.4460612 0.4826601 0.6420905 0.6889055 0.6897560 0.6955537 0.6840382 0.6814412 0.6943434 0.4794040 1.0729186 1.0841249 0.9641944 0.9916680 1.0216863 0.8213597 0.9145017 0.8967706 0.9373600 1.0483882 1.0086452 1.0007302 1.0204793 0.9628115 1.0760025 1.1402185 0.6612812 1.0560451 0.8725850 0.9922319 0.9353507 0.7940124 0.9156621 0.8896199 0.8663020 1.0703836 1.8386439 1.5731796 1.1843345 1.4177647 1.2890865 
Dgig_XM_028538323.1                                   0.5021237 0.5371658 0.3483714 0.3797818 0.3704207 0.3618141 0.3932428 0.3555933 0.3464293 0.5370486 0.3842468 0.4809658 0.4582977 0.4948218 0.5061430 0.5237730 0.5193474 0.5153018 0.5444175 0.0000000 0.1264714 0.5442308 0.5360154 0.5515383 0.5624471 0.5565854 0.6782378 0.6367973 0.8216755 0.6012480 0.6725617 0.6013506 0.8823549 0.6504186 0.6451620 0.5874055 0.5304948 0.6142745 0.6611933 0.6554917 0.6612741 0.6369508 0.6397227 0.6556001 0.3562198 0.9899380 1.0128554 0.8212209 0.8777312 0.8747042 0.7650522 0.8891170 0.8921793 0.8886729 0.9258842 1.0090571 0.8946861 0.9231927 0.9379783 1.0502815 1.1066131 0.6974771 1.0823015 0.8508136 0.9531398 0.9340317 0.7365946 0.8401377 0.8470877 0.8569308 1.0844801 1.6809064 1.5371387 1.2484570 1.4109917 1.1150534 
Xesp_012613-T1                                        0.5362012 0.5564332 0.3736758 0.3885354 0.3855339 0.3877151 0.4301943 0.3865781 0.3765449 0.5618830 0.4050483 0.4958524 0.4986842 0.5069538 0.5149718 0.5095041 0.5398576 0.5335364 0.5641765 0.1264714 0.0000000 0.5519281 0.5385375 0.5722192 0.5686902 0.5675197 0.7232570 0.6702603 0.8476942 0.6205899 0.6858573 0.6199363 0.9042933 0.6586651 0.6453335 0.6398953 0.5504315 0.6216280 0.6653232 0.6432801 0.6513931 0.6352118 0.6331483 0.6439106 0.3876219 1.0562737 1.0578008 0.8362881 0.9198389 0.9013824 0.7946442 0.8930250 0.9234567 0.9255053 0.9227237 1.0076957 0.9370795 0.9527103 0.9535563 1.0850776 1.1349649 0.7063860 1.0965992 0.8676140 0.9632654 0.9477638 0.7892747 0.8944780 0.8741719 0.8773479 1.0833681 1.7975071 1.5638970 1.2485842 1.4553448 1.1515125 
Spur_XM_030986781.1                                   0.3708888 0.3869720 0.4873553 0.5286734 0.5068697 0.5034312 0.5072985 0.5140416 0.4939823 0.5949313 0.4385200 0.5202887 0.5228475 0.5288672 0.5270434 0.5775568 0.4026265 0.3800075 0.4327123 0.5442308 0.5519281 0.0000000 0.4898790 0.5204623 0.5337512 0.3833882 0.6531426 0.5464699 0.7126667 0.5398563 0.6299575 0.5729586 0.7398323 0.5464846 0.5391732 0.4785587 0.4430011 0.6236839 0.6383009 0.6099197 0.6125917 0.6030982 0.6057640 0.6184415 0.5044368 0.9822847 0.9750991 0.8299313 0.8711136 0.8568310 0.7013852 0.8055027 0.8227462 0.8152355 0.9634652 0.8994807 0.8981758 0.8916930 0.8914119 0.9568067 1.0701020 0.6368643 0.9505276 0.7652202 0.8784936 0.9194235 0.7256065 0.8104286 0.8043637 0.7941720 0.9737221 2.1046558 1.5518056 1.2071459 1.2870231 1.1719025 
Aque_Aqu2.1.30292_001                                 0.4527826 0.4959347 0.5036412 0.5524728 0.5486242 0.5572406 0.5735221 0.5474788 0.5356256 0.6130137 0.4663571 0.5729568 0.5867165 0.5656046 0.5708897 0.5759624 0.4816257 0.5030191 0.5322166 0.5360154 0.5385375 0.4898790 0.0000000 0.1602084 0.3721835 0.3511494 0.6732949 0.5435032 0.7096215 0.5425570 0.4929880 0.4670131 0.7716059 0.5949021 0.5641775 0.5598216 0.5488546 0.5883648 0.5985320 0.5982639 0.6085469 0.5948743 0.5970644 0.6036438 0.5683058 0.9361747 0.9042148 0.8247073 0.8180307 0.8665915 0.7041348 0.7801851 0.7650592 0.7753648 0.8382856 0.8330990 0.8390100 0.8268334 0.8685133 0.9308862 1.0012429 0.5956336 0.8553475 0.7484505 0.9530494 0.8588501 0.7069635 0.7550805 0.7804714 0.7805485 0.8799509 1.5321136 1.2245315 1.0559344 1.2977977 1.2199339 
Halamb_c53673_g1_i1m.36174                            0.4558893 0.4926917 0.5247850 0.5638201 0.5618593 0.5533007 0.5896330 0.5747950 0.5608322 0.6534502 0.4346653 0.5757547 0.5718288 0.5619437 0.5780351 0.5833191 0.5285510 0.5069564 0.5744529 0.5515383 0.5722192 0.5204623 0.1602084 0.0000000 0.3487376 0.3472130 0.6725905 0.5752202 0.7473133 0.5882168 0.4595776 0.4297256 0.7781157 0.6151833 0.5808431 0.5724498 0.5515153 0.6325937 0.6413487 0.6464102 0.6522703 0.6255241 0.6278197 0.6457704 0.5920848 0.9745571 0.9566319 0.8441087 0.8274706 0.8645336 0.7336288 0.8324115 0.8002458 0.8186341 0.8478300 0.8913691 0.8783963 0.9057281 0.9209168 0.9773470 1.0477590 0.5712248 0.8595554 0.7904793 0.9894632 0.9258710 0.7881895 0.8379192 0.8249777 0.8120561 0.9452082 1.7541453 1.2908629 1.1163475 1.2656949 1.1979405 
Tetwil_g1215.t2                                       0.5180500 0.5114450 0.5038287 0.5622186 0.5366330 0.5332577 0.5760042 0.5269777 0.5145733 0.5910127 0.4414942 0.5819009 0.5857889 0.5924790 0.6147254 0.5430581 0.5269862 0.5157531 0.5500387 0.5624471 0.5686902 0.5337512 0.3721835 0.3487376 0.0000000 0.2767207 0.7024717 0.5555477 0.7697677 0.6304742 0.4567696 0.4246987 0.6957359 0.5731136 0.5596721 0.5921872 0.5751763 0.6239999 0.6416568 0.6277547 0.6312380 0.6273213 0.6300875 0.6450506 0.5850962 0.9712696 0.9629022 0.8882958 0.8782038 0.9062123 0.7444070 0.8467158 0.8605959 0.8967770 0.8996812 0.9043959 0.9096727 0.9119662 0.9633184 0.9694266 1.0318560 0.5628090 0.9744028 0.8216286 1.0583832 0.8952284 0.7757302 0.8438466 0.8408403 0.8257589 0.9253899 1.6242015 1.3840555 1.1551718 1.3715189 1.1938339 
Stycar_maker-SC_scaffold2268-augustus-gene-0.4-mRNA-1 0.4674792 0.4486083 0.5096903 0.5918162 0.5607263 0.5245688 0.6565510 0.5562343 0.5390237 0.5449499 2.4731875 0.5513764 0.5367122 0.5177042 0.4924277 0.5522051 0.4501359 0.4891995 0.5869739 0.5565854 0.5675197 0.3833882 0.3511494 0.3472130 0.2767207 0.0000000 0.5934073 0.4683095 0.6923792 0.5813029 0.4406337 0.4639211 0.4781975 0.4809352 0.5250243 0.5031144 0.5996134 0.5512767 0.5512767 0.5265283 0.5226884 0.5156990 0.5245186 0.5455045 0.6181609 1.0788909 1.0405647 0.8486953 0.8963655 0.9904783 0.7442052 0.7194819 0.8410867 0.9348903 0.7832825 0.8048577 0.6674661 0.6374999 0.7301407 0.8351367 0.8504624 0.4584515 0.8636065 0.7488856 0.8851578 0.8064349 0.7962691 0.7962691 1.0052533 0.9631968 0.7921097 0.0000010 0.8222757 1.1449895 0.7874130 1.7433643 
Scil_scict021254.1                                    0.6771200 0.6587415 0.6548425 0.6733937 0.6546711 0.6909230 0.7266260 0.6817699 0.6712549 0.7877731 0.6796437 0.7650691 0.7498937 0.7439774 0.6863929 0.7535539 0.6961747 0.7053174 0.7359512 0.6782378 0.7232570 0.6531426 0.6732949 0.6725905 0.7024717 0.5934073 0.0000000 0.2745505 0.3208664 0.4049433 0.7814021 0.7560917 0.9890337 0.7257113 0.6987515 0.6867860 0.5966001 0.7517520 0.7625900 0.7342734 0.7392358 0.7488998 0.7458466 0.7548122 0.7346297 1.0951364 1.0755052 0.8889491 0.9569835 0.9275533 0.7427479 0.8717305 0.8684258 0.9218435 0.9453845 0.9757032 0.9291990 0.9236972 0.8943867 1.0471515 1.1421874 0.9975778 0.9873620 0.8985853 1.0258297 0.9878015 0.8258751 0.8999749 0.9271207 0.9334881 1.1376083 2.0211687 1.6004810 1.1889746 0.6390144 1.3781518 
Leuniv_Lniv_scaffold1966_01                           0.6166832 0.5317426 0.5709562 0.6922505 0.6455385 0.6311106 0.7048886 0.6289632 0.6148289 0.6098309 4.2290225 0.6003332 0.5897375 0.5911099 0.5514048 0.6043673 0.5586856 0.5782300 0.6320333 0.6367973 0.6702603 0.5464699 0.5435032 0.5752202 0.5555477 0.4683095 0.2745505 0.0000000 0.2627077 0.3296422 0.6627649 0.6632058 0.5546031 0.5694393 0.6181169 0.5567835 0.5938999 0.5835627 0.5835627 0.5551583 0.5683764 0.5855051 0.5833607 0.5871115 0.6943916 1.1627088 1.1236484 0.9214761 1.0643222 1.1213054 0.7851200 0.7422635 0.9334050 0.9276591 0.8938597 0.8411152 0.7362208 0.7228256 0.8719381 0.8481550 0.8700184 0.6446845 0.9172889 0.8570118 1.0034130 0.8563011 0.9174847 0.9249271 0.9492019 0.9158688 0.8571052 1.7473116 0.9369974 1.0775525 0.4275170 1.7411058 
Lcom_lcpid33757                                       0.7885348 0.7856685 0.7197775 0.7898820 0.7511285 0.7883309 0.8456623 0.7672550 0.7509420 0.8751197 0.7109176 0.7942244 0.8050937 0.7836482 0.7787732 0.8316569 0.7944251 0.7599622 0.8396272 0.8216755 0.8476942 0.7126667 0.7096215 0.7473133 0.7697677 0.6923792 0.3208664 0.2627077 0.0000000 0.4650459 0.8644406 0.8350264 1.0646860 0.8010504 0.7631956 0.8013449 0.6807901 0.7748045 0.8217417 0.8101828 0.8213211 0.8281139 0.8279512 0.8037491 0.8201127 1.1623207 1.1490085 0.9873220 1.0458944 1.0499937 0.8232104 0.9368338 0.9216340 0.9942073 1.0778661 1.0158531 1.0288607 0.9953427 0.9546232 1.0935740 1.1918813 1.0093959 1.0237439 0.9651668 1.0863934 1.0748541 0.8952507 1.0149413 1.0079672 1.0062423 1.2901208 1.8489030 1.7233370 1.2489950 0.6028773 1.4780512 
Clacor_Ccor_scaffold14009_01                          0.5625485 0.5861317 0.5383823 0.5906971 0.5523191 0.5590172 0.5953410 0.5602538 0.5515974 0.6078228 0.3359677 0.6082656 0.6123611 0.6140975 0.5603074 0.6339170 0.5680842 0.5797461 0.5948642 0.6012480 0.6205899 0.5398563 0.5425570 0.5882168 0.6304742 0.5813029 0.4049433 0.3296422 0.4650459 0.0000000 0.6859343 0.6648321 0.7912321 0.5892047 0.5575917 0.6420495 0.5757444 0.6318269 0.6457078 0.6223045 0.6206533 0.6217956 0.6213841 0.6396813 0.5876018 1.0227118 1.0083727 0.8304423 0.8977623 0.8333544 0.7420888 0.7903203 0.7611741 0.8219106 0.9292066 0.8687923 0.8536911 0.8285256 0.8403830 0.9162729 0.9997251 0.7783637 0.9092200 0.8585156 1.0856359 0.9978616 0.8099589 0.9135606 0.8989082 0.8811819 1.1170469 2.0910553 1.5810611 1.0086409 0.6785123 1.1936525 
Emue_Em0008g971a.t1                                   0.5713632 0.6660080 0.6430528 0.7090240 0.6454185 0.6714073 0.7263137 0.6621675 0.6479610 0.7116039 0.4263946 0.7163226 0.6868053 0.6962553 0.7399291 0.6731669 0.6274246 0.6110495 0.6439625 0.6725617 0.6858573 0.6299575 0.4929880 0.4595776 0.4567696 0.4406337 0.7814021 0.6627649 0.8644406 0.6859343 0.0000000 0.1004820 1.0018232 0.7568412 0.6890181 0.6982786 0.6347883 0.6694048 0.7223637 0.7190660 0.7119802 0.7117268 0.7117268 0.7034698 0.6347158 1.0706720 1.1113318 0.8926744 0.9746033 0.9308338 0.8348434 1.0312543 0.9211464 0.9986059 1.1252708 1.0689421 1.0101094 0.9541694 0.9758719 1.2125475 1.2029153 0.5885791 1.1436680 0.8879305 0.9731436 0.9851179 0.8063376 0.9610350 0.9005356 0.8841079 1.2147572 1.8854803 1.6248309 1.2851032 1.4502646 1.3117235 
Spolac_c104396_g2_i2_m.40167c104396-g2                0.5213787 0.5587390 0.5717702 0.5952524 0.5818038 0.5993369 0.6261751 0.5862354 0.5749365 0.6367547 0.3912568 0.6274400 0.6218566 0.6100496 0.6258563 0.5943237 0.5645630 0.5550101 0.6075194 0.6013506 0.6199363 0.5729586 0.4670131 0.4297256 0.4246987 0.4639211 0.7560917 0.6632058 0.8350264 0.6648321 0.1004820 0.0000000 0.8960483 0.6785005 0.6262561 0.5976438 0.6366615 0.6541794 0.6920339 0.6973085 0.6954327 0.6851453 0.6881792 0.6733938 0.6255642 0.9981480 1.0478050 0.8787972 0.9221334 0.9189984 0.7856417 0.9505144 0.9044035 0.9615968 1.0333159 0.9339381 0.9296473 0.8845012 0.9511940 1.0655555 1.0792681 0.6295930 1.0867885 0.8210559 1.0107164 0.9544076 0.7645517 0.8234786 0.8498657 0.8559799 1.0101519 1.6875980 1.4158609 1.2616928 1.5352976 1.2850442 
Ocar_g446                                             0.6733136 0.7178491 0.8368256 0.8509648 0.8467384 0.8399692 0.9529440 0.8538396 0.8522502 0.8210516 2.4731875 0.7710785 0.7300602 0.8554000 0.7729632 0.8278154 0.7650764 0.7289137 0.7430715 0.8823549 0.9042933 0.7398323 0.7716059 0.7781157 0.6957359 0.4781975 0.9890337 0.5546031 1.0646860 0.7912321 1.0018232 0.8960483 0.0000000 0.0000010 0.4292549 0.8445231 0.5856930 0.8842914 0.9157404 0.8996273 0.9056365 0.8876649 0.8921763 0.9209563 0.7258147 1.6683606 1.7133334 1.3900404 1.4908445 1.4700270 1.1473260 1.2347819 1.2863677 1.4006058 1.5546516 1.4853849 1.5504986 1.4942318 1.4560952 1.5727210 1.5826428 0.6353237 1.6107200 1.0307848 1.0096025 1.1210627 0.9616562 1.0891500 1.0708807 1.0388850 0.9427984 1.7001793 1.4775769 1.6283961 1.2867129 2.9654553 
Opea_EP00118_Oscarella_pearsei_P021080                0.5282456 0.5780262 0.6131778 0.6103267 0.6098535 0.6153906 0.6595094 0.6209036 0.6141579 0.6306410 0.4741022 0.5932595 0.5750472 0.6382652 0.5844389 0.6202274 0.5806291 0.5518898 0.5791730 0.6504186 0.6586651 0.5464846 0.5949021 0.6151833 0.5731136 0.4809352 0.7257113 0.5694393 0.8010504 0.5892047 0.7568412 0.6785005 0.0000010 0.0000000 0.3281800 0.6391454 0.5564364 0.6778832 0.7032364 0.6922963 0.7006784 0.6834975 0.6864747 0.6922710 0.6045771 1.0892371 1.1068115 0.9145763 0.9840033 0.9664899 0.7765663 0.8874450 0.8978949 0.9540343 1.0383654 1.0563330 1.0294553 1.0212552 0.9950583 1.0844933 1.1223839 0.6324575 1.1058025 0.8072427 1.0256686 0.9441261 0.8054183 0.8844093 0.8623193 0.8464139 0.9229203 1.7001793 1.4589089 1.2962943 1.2438028 1.3765777 
Plajan_Pjan_scaffold11719_01                          0.4796983 0.5543417 0.5244110 0.5997790 0.5851167 0.5989303 0.6087547 0.5927975 0.5849248 0.6439397 0.4089651 0.5774733 0.5778572 0.6190320 0.6217076 0.6190926 0.5603395 0.5555571 0.6257424 0.6451620 0.6453335 0.5391732 0.5641775 0.5808431 0.5596721 0.5250243 0.6987515 0.6181169 0.7631956 0.5575917 0.6890181 0.6262561 0.4292549 0.3281800 0.0000000 0.6179329 0.5476677 0.6421871 0.6713771 0.6589038 0.6631647 0.6539220 0.6567939 0.6581092 0.5958062 1.0973661 1.1065159 0.9182432 0.9691830 0.9484808 0.7402390 0.9024767 0.8599912 0.9952166 1.0298315 0.9856840 0.9609901 0.9803142 0.9153190 1.0958532 1.1444934 0.6497813 1.0053927 0.8368026 1.0441579 0.8974289 0.7520254 0.8665590 0.8089694 0.8232301 1.0050762 1.6876917 1.4964523 1.3008401 1.2436858 1.2805590 
Dpul_mRNA15722                                        0.4617398 0.4530321 0.5588170 0.6272058 0.6191189 0.6112965 0.6372524 0.5873855 0.5920133 0.6598737 0.4933084 0.6032272 0.5811919 0.6127763 0.6068954 0.6565335 0.4759799 0.4338232 0.4460612 0.5874055 0.6398953 0.4785587 0.5598216 0.5724498 0.5921872 0.5031144 0.6867860 0.5567835 0.8013449 0.6420495 0.6982786 0.5976438 0.8445231 0.6391454 0.6179329 0.0000000 0.5038032 0.6651948 0.6939694 0.6825404 0.6971045 0.6797524 0.6776745 0.7141779 0.6019519 1.0088430 1.0506554 0.8641616 0.8583733 0.9129670 0.7785018 0.8948610 0.8583632 0.8679619 0.9694641 0.9542824 0.8399984 0.9016010 0.9389677 0.9712429 0.9973949 0.7477636 0.9429214 0.8431238 0.9751219 0.9954885 0.8647942 0.9765873 0.9230342 0.9038028 1.1569544 2.3606295 1.7551867 1.1155310 1.4292885 1.3160064 
Skow_XM_006822254.1                                   0.4598736 0.4747178 0.4578921 0.5026200 0.4900453 0.4649659 0.4220474 0.4747885 0.4669573 0.5515355 0.5977693 0.5448470 0.5488865 0.5512267 0.5225450 0.5560467 0.4407696 0.4505406 0.4826601 0.5304948 0.5504315 0.4430011 0.5488546 0.5515153 0.5751763 0.5996134 0.5966001 0.5938999 0.6807901 0.5757444 0.6347883 0.6366615 0.5856930 0.5564364 0.5476677 0.5038032 0.0000000 0.5851599 0.5908844 0.5970320 0.5851472 0.5897984 0.5882640 0.6033495 0.5733440 0.8561538 0.8443852 0.6935302 0.7070472 0.7238567 0.6382954 0.7300543 0.7037450 0.7597658 0.7548257 0.7878456 0.7580480 0.7627607 0.7338888 0.7547001 0.8144938 0.6836821 0.7925913 0.6828984 1.0390076 0.7043588 0.7573636 0.7572010 0.7445760 0.7317841 0.7404021 0.0000010 0.4193952 0.9526827 0.8529090 0.6657134 
Tadh_TriadT26362                                      0.5895496 0.6191726 0.6207043 0.5938970 0.6017158 0.6025103 0.6145260 0.5950040 0.5947539 0.6495590 0.6040726 0.6612739 0.6453672 0.6577050 0.6540170 0.6768727 0.5997322 0.6117417 0.6420905 0.6142745 0.6216280 0.6236839 0.5883648 0.6325937 0.6239999 0.5512767 0.7517520 0.5835627 0.7748045 0.6318269 0.6694048 0.6541794 0.8842914 0.6778832 0.6421871 0.6651948 0.5851599 0.0000000 0.0290271 0.1054484 0.0979625 0.1076129 0.1092547 0.1072728 0.6493244 1.0673018 1.0454566 0.9678098 0.9058321 0.9737009 0.6977174 0.8666528 0.8980631 0.9310271 0.9245591 1.0023969 0.9727831 0.9950745 0.9705406 1.0127138 1.0691188 0.8561172 0.9655064 0.9417936 1.3789121 1.0022036 0.8885879 0.9439538 0.9236887 0.9356519 1.1363710 2.3632366 1.8004720 1.2754432 1.5117049 1.3332462 
TrH2_TrispH2_005416-RA                                0.6030113 0.6432585 0.6570832 0.6482697 0.6403422 0.6466446 0.6726912 0.6398678 0.6390323 0.7325261 0.6040726 0.7214768 0.6967361 0.7133654 0.6728294 0.7203375 0.6331181 0.6436459 0.6889055 0.6611933 0.6653232 0.6383009 0.5985320 0.6413487 0.6416568 0.5512767 0.7625900 0.5835627 0.8217417 0.6457078 0.7223637 0.6920339 0.9157404 0.7032364 0.6713771 0.6939694 0.5908844 0.0290271 0.0000000 0.0976981 0.0878260 0.1005402 0.1020001 0.1131039 0.6678812 1.0921630 1.0873829 0.9380871 0.9115938 0.9693749 0.6929241 0.9203120 0.9312444 0.9418900 0.9653524 1.0242917 0.9927790 0.9980982 0.9916329 1.0500728 1.1287830 0.8374591 0.9898685 0.9386278 1.3789121 1.0609801 0.9024884 0.9506960 0.9553566 0.9380878 1.1400502 2.3421241 1.6846535 1.3309268 1.4592089 1.3905066 
HoiH06_mRNA1100                                       0.5894478 0.6157755 0.6369225 0.6369716 0.6364547 0.6422246 0.6600072 0.6376017 0.6296355 0.7189338 0.5972408 0.7034005 0.6802635 0.6831076 0.6755586 0.7000926 0.6253083 0.6313526 0.6897560 0.6554917 0.6432801 0.6099197 0.5982639 0.6464102 0.6277547 0.5265283 0.7342734 0.5551583 0.8101828 0.6223045 0.7190660 0.6973085 0.8996273 0.6922963 0.6589038 0.6825404 0.5970320 0.1054484 0.0976981 0.0000000 0.0114319 0.0351250 0.0324303 0.0570113 0.6706934 1.0309980 1.0576163 0.9471323 0.9442762 0.9334410 0.7227797 0.9490695 0.9201938 0.9514037 0.9598427 0.9987499 0.9660838 0.9963036 0.9610994 1.0555845 1.1475029 0.8036693 0.9903335 0.9002423 1.3136902 1.0470500 0.8823682 0.9251178 0.9145772 0.9048906 1.1392736 2.2761619 1.6953512 1.3379438 1.4026195 1.3929299 
HoiH23_PlH23_008627-RA                                0.5886701 0.6255960 0.6485638 0.6465160 0.6436543 0.6557574 0.6759084 0.6479547 0.6398816 0.7341998 0.6039716 0.7206732 0.6927925 0.7064872 0.6749302 0.7167418 0.6362996 0.6353864 0.6955537 0.6612741 0.6513931 0.6125917 0.6085469 0.6522703 0.6312380 0.5226884 0.7392358 0.5683764 0.8213211 0.6206533 0.7119802 0.6954327 0.9056365 0.7006784 0.6631647 0.6971045 0.5851472 0.0979625 0.0878260 0.0114319 0.0000000 0.0329743 0.0316358 0.0602258 0.6673019 1.0419295 1.0636300 0.9515927 0.9448534 0.9550043 0.7242776 0.9539273 0.9261079 0.9521125 0.9812036 1.0086422 0.9824566 1.0083435 0.9708427 1.0541003 1.1591866 0.8187622 0.9983955 0.9125634 1.3276368 1.0645283 0.9025480 0.9420353 0.9183215 0.9049166 1.1536651 2.3440605 1.7294186 1.3544888 1.3955903 1.3821255 
Hhon_g05076.t1                                        0.5736649 0.6183957 0.6449108 0.6372624 0.6332944 0.6386297 0.6665622 0.6429167 0.6355679 0.7247160 0.5984696 0.7049407 0.6850975 0.6788412 0.6786533 0.7213142 0.6209533 0.6185306 0.6840382 0.6369508 0.6352118 0.6030982 0.5948743 0.6255241 0.6273213 0.5156990 0.7488998 0.5855051 0.8281139 0.6217956 0.7117268 0.6851453 0.8876649 0.6834975 0.6539220 0.6797524 0.5897984 0.1076129 0.1005402 0.0351250 0.0329743 0.0000000 0.0025071 0.0723200 0.6749622 1.0311954 1.0379884 0.9357248 0.9294134 0.9417152 0.7079573 0.9305305 0.9097053 0.9286943 0.9332296 1.0039652 0.9624947 0.9904685 0.9674113 1.0227037 1.1248048 0.8310725 0.9747216 0.9000873 1.3616520 1.0502299 0.8836599 0.9281189 0.9121989 0.9049742 1.1413878 2.3704218 1.6852228 1.3013079 1.4234847 1.3670692 
HoiH04_mRNA17430                                      0.5763086 0.6211260 0.6428464 0.6401426 0.6361140 0.6414368 0.6681315 0.6457488 0.6383769 0.7278974 0.5984696 0.7028618 0.6857850 0.6771646 0.6765697 0.7192221 0.6236427 0.6212571 0.6814412 0.6397227 0.6331483 0.6057640 0.5970644 0.6278197 0.6300875 0.5245186 0.7458466 0.5833607 0.8279512 0.6213841 0.7117268 0.6881792 0.8921763 0.6864747 0.6567939 0.6776745 0.5882640 0.1092547 0.1020001 0.0324303 0.0316358 0.0025071 0.0000000 0.0692479 0.6754697 1.0292041 1.0360245 0.9398829 0.9334241 0.9396930 0.7112163 0.9345908 0.9137094 0.9266407 0.9372247 1.0019655 0.9666515 0.9947012 0.9716999 1.0228900 1.1229254 0.8261259 0.9748135 0.8980532 1.3489205 1.0540708 0.8876252 0.9320647 0.9161054 0.9028860 1.1464657 2.3704218 1.6852228 1.3061200 1.4318839 1.3670692 
HoiH11_mRNA2506                                       0.5948358 0.6326640 0.6388594 0.6146351 0.6351798 0.6190715 0.6216966 0.6151255 0.6067714 0.7136255 0.5837876 0.6860380 0.6864216 0.6825312 0.6702498 0.6866234 0.6405307 0.6515959 0.6943434 0.6556001 0.6439106 0.6184415 0.6036438 0.6457704 0.6450506 0.5455045 0.7548122 0.5871115 0.8037491 0.6396813 0.7034698 0.6733938 0.9209563 0.6922710 0.6581092 0.7141779 0.6033495 0.1072728 0.1131039 0.0570113 0.0602258 0.0723200 0.0692479 0.0000000 0.6677401 1.0102867 1.0092908 0.9534084 0.9267579 0.9370135 0.7243507 0.9077267 0.9370994 0.9463413 0.9167916 1.0238445 0.9786194 1.0092878 0.9677565 1.0179885 1.1072577 0.8217376 1.0102099 0.9204373 1.3188674 0.9765698 0.8911101 0.9399666 0.9257753 0.9374151 1.1496903 2.3817171 1.8551007 1.3628150 1.4754356 1.3624354 
Adig_XM_015909193.1                                   0.4570842 0.4995209 0.2470660 0.0208254 0.0912272 0.1102100 0.0978729 0.1133599 0.1027026 0.4729910 0.2798096 0.4347496 0.4542474 0.4646524 0.4153024 0.4576651 0.4884352 0.5029339 0.4794040 0.3562198 0.3876219 0.5044368 0.5683058 0.5920848 0.5850962 0.6181609 0.7346297 0.6943916 0.8201127 0.5876018 0.6347158 0.6255642 0.7258147 0.6045771 0.5958062 0.6019519 0.5733440 0.6493244 0.6678812 0.6706934 0.6673019 0.6749622 0.6754697 0.6677401 0.0000000 1.0825418 1.0650323 0.9758919 0.9077793 0.9954988 0.7569297 0.9496582 0.9457517 0.9348756 0.9451652 1.0053705 0.9866740 0.9837295 1.0822011 1.0659357 1.0802987 0.6273783 1.1001123 0.7971725 0.9421511 0.8628538 0.8231453 0.8235668 0.7935488 0.8397621 0.8512586 1.5395012 1.1766529 1.2871608 1.3561039 1.0500959 
Acaspe_EP00035_Acanthoeca_spectabilis_P020399         0.9939204 1.0028718 0.9718430 0.9671988 1.0060473 1.0298837 1.0337459 1.0067604 0.9810321 1.1215736 0.7505038 1.0559137 1.0437340 1.0418653 1.0402368 1.0616500 1.0569321 1.0288249 1.0729186 0.9899380 1.0562737 0.9822847 0.9361747 0.9745571 0.9712696 1.0788909 1.0951364 1.1627088 1.1623207 1.0227118 1.0706720 0.9981480 1.6683606 1.0892371 1.0973661 1.0088430 0.8561538 1.0673018 1.0921630 1.0309980 1.0419295 1.0311954 1.0292041 1.0102867 1.0825418 0.0000000 0.1290817 0.5116404 0.3979222 0.5517150 0.6991458 0.8512596 0.7993773 0.7671586 0.7924322 0.7779139 0.6918700 0.7666973 0.7720910 0.9019506 0.9723566 1.4212747 0.9027448 1.1858191 1.6050337 1.3740594 1.1069330 1.1726338 1.1975982 1.2063615 1.7002403 3.2307010 2.4002715 0.9860917 2.0558535 1.5675736 
Helnan_EP00037_Helgoeca_nana_P016805                  0.9972949 1.0212660 0.9491411 0.9707479 0.9962292 1.0022508 1.0166053 1.0028385 0.9785761 1.1291190 0.8089479 1.0557701 1.0753280 1.0701838 1.0485591 1.0548887 1.0730559 1.0488814 1.0841249 1.0128554 1.0578008 0.9750991 0.9042148 0.9566319 0.9629022 1.0405647 1.0755052 1.1236484 1.1490085 1.0083727 1.1113318 1.0478050 1.7133334 1.1068115 1.1065159 1.0506554 0.8443852 1.0454566 1.0873829 1.0576163 1.0636300 1.0379884 1.0360245 1.0092908 1.0650323 0.1290817 0.0000000 0.5365345 0.3964894 0.5726759 0.6715502 0.8636727 0.8024014 0.7620135 0.8350189 0.8013564 0.7275032 0.7809186 0.7875601 0.9090109 1.0293486 1.3851555 0.9698041 1.1797016 1.6392683 1.4060753 1.0945026 1.1670479 1.2407188 1.2432572 1.6991583 2.9495973 2.3417314 1.0397587 2.0369949 1.5741019 
Diagra_EP00040_Diaphanoeca_grandis_P002408            0.8400376 0.8067864 0.8160140 0.8523787 0.8363220 0.8703164 0.8826762 0.8691688 0.8491716 0.8762033 0.5413621 0.8665877 0.8625820 0.8612407 0.8429275 0.8839554 0.8911126 0.8637855 0.9641944 0.8212209 0.8362881 0.8299313 0.8247073 0.8441087 0.8882958 0.8486953 0.8889491 0.9214761 0.9873220 0.8304423 0.8926744 0.8787972 1.3900404 0.9145763 0.9182432 0.8641616 0.6935302 0.9678098 0.9380871 0.9471323 0.9515927 0.9357248 0.9398829 0.9534084 0.9758919 0.5116404 0.5365345 0.0000000 0.4134084 0.4891163 0.5825837 0.7454907 0.6656920 0.6754631 0.6823208 0.7371385 0.6698691 0.6858732 0.7471168 0.8404212 0.8441578 1.2523488 0.7530463 1.0469920 1.4279253 1.2098768 0.9777561 1.0295658 1.0794823 1.0405055 1.4176621 2.6146340 2.0615482 0.9891808 1.8494258 1.4987869 
Stedip_EP00041_Stephanoeca_diplocostata_P039665       0.8681037 0.9265399 0.8658942 0.8718825 0.8918978 0.9111912 0.9423317 0.9039722 0.8935900 0.9862711 0.5571072 0.9554871 0.9539397 0.9402846 0.9058570 0.9241552 0.9092088 0.9230511 0.9916680 0.8777312 0.9198389 0.8711136 0.8180307 0.8274706 0.8782038 0.8963655 0.9569835 1.0643222 1.0458944 0.8977623 0.9746033 0.9221334 1.4908445 0.9840033 0.9691830 0.8583733 0.7070472 0.9058321 0.9115938 0.9442762 0.9448534 0.9294134 0.9334241 0.9267579 0.9077793 0.3979222 0.3964894 0.4134084 0.0000000 0.4331214 0.5408718 0.7647947 0.6915953 0.6842572 0.7068671 0.6983477 0.6328602 0.6441720 0.6746902 0.7514223 0.8197639 1.1859109 0.8027711 0.9911553 1.2962956 1.1704189 0.9166671 0.9982547 1.0353488 1.0092950 1.4094521 2.6423878 1.9577849 0.9922799 1.9004696 1.4193983 
