73
Hsap_ENST00000621676                                             0.0000000 0.7672437 0.7316704 0.8262737 0.8367996 0.8987554 0.7616526 0.8654866 0.8074299 0.8580169 0.9077952 0.9178551 0.9306431 0.8137508 0.9153274 1.1233963 0.9581535 0.7969198 1.0880082 1.0190545 0.9009801 0.9352608 0.8761914 1.0268185 0.9839633 0.8913009 0.9613106 0.6971362 1.1873090 1.1597558 1.1811974 1.1471824 1.1474693 1.1570486 1.0913851 1.1226662 1.0775928 1.4706451 1.4164810 0.9881787 1.4291587 1.3566307 1.3113148 1.3040164 1.3257632 1.2236873 1.1990850 1.2104069 1.4558107 1.4057214 1.3660591 1.4085804 1.1653508 1.9302874 1.3122911 1.7381818 1.7407640 1.8013800 1.9732512 1.5436875 1.9187412 1.9436477 2.3353589 2.4242473 2.0758416 2.0607182 1.9170543 1.9109220 1.7179236 1.3744980 2.0098404 2.0304207 2.4323227 
Bralan_BLAG16000341_1                                            0.7672437 0.0000000 0.3878276 0.4607426 0.4806241 0.6918501 0.5315206 0.5848754 0.5774100 0.6300822 0.6257308 0.6503741 0.6505116 0.4659365 0.7480379 0.8030371 0.8080202 0.6261368 0.8277027 0.7536491 0.6713843 0.6938615 0.6590402 0.8093345 0.8270060 0.5838177 0.6885292 0.6281650 1.0235280 0.9742696 0.9376768 1.0306107 0.9685863 0.9685965 0.9233524 0.9516017 0.9054662 1.2514170 1.1921989 1.0301082 1.2739500 1.1177226 1.1139532 1.1013487 1.1190968 1.0595067 1.0418556 1.0583015 1.3145122 1.1489628 1.2159948 1.2717470 0.9807745 1.8185484 1.1192566 1.6058439 1.5346005 1.6340031 1.7286725 1.2571681 1.7595880 1.7377839 2.1528136 2.1757009 1.6984883 1.9180652 1.7145715 1.6929283 1.6232581 1.2896933 1.8178915 1.7132521 2.2709141 
Skow_XM_006822124.1                                              0.7316704 0.3878276 0.0000000 0.4106647 0.4524730 0.6674270 0.5369820 0.5779040 0.5408501 0.6231798 0.6061758 0.5985308 0.6040085 0.3875982 0.6753899 0.7425909 0.7329075 0.5829107 0.8200149 0.7278595 0.6776010 0.6914803 0.6713767 0.7885299 0.7892869 0.5880144 0.6881285 0.5994047 0.9598883 0.9494057 0.9074303 1.0796137 0.9267600 0.9273321 0.8982924 0.9197851 0.8499752 1.1914832 1.1547263 0.8266283 1.2165399 1.1393431 1.1098070 1.1336417 1.1014208 1.0490830 1.0417981 1.1293553 1.3544202 1.1373534 1.1943933 1.2948699 0.9796550 1.9110388 1.1491223 1.6318855 1.5904453 1.7332734 1.8241467 1.1668688 1.7100885 1.6653097 2.0040777 2.1003410 1.6916832 1.8636875 1.6934448 1.7007464 1.5597421 1.3436207 1.8684456 1.7385634 2.1271867 
Cgig_XM_034450940.1                                              0.8262737 0.4607426 0.4106647 0.0000000 0.3749352 0.7208163 0.5132812 0.6607161 0.6085001 0.5198184 0.6461913 0.7081596 0.6472641 0.5147265 0.7602183 0.8043186 0.8170054 0.6330419 0.7862033 0.7577756 0.7314474 0.7394298 0.7052314 0.8078958 0.7983635 0.6316077 0.6994392 0.6181295 1.0382084 0.9915512 0.9685473 1.1750859 0.9655395 0.9610801 0.9460325 0.9707262 0.9162939 1.3234562 1.2492925 1.0944499 1.2688247 1.1106215 1.1284352 1.0778363 1.0809625 1.0554220 1.0540445 1.1074686 1.3301215 1.2144370 1.1748151 1.2658946 0.9851965 1.9016964 1.1292574 1.5876089 1.5226568 1.7103468 1.7254282 1.2580679 1.8076329 1.8151104 2.2567584 2.3523441 1.9288409 2.0339574 1.7482285 1.7463314 1.6237435 1.2105672 1.7809033 1.8273550 2.2842199 
Acagra_model.g23554.t1                                           0.8367996 0.4806241 0.4524730 0.3749352 0.0000000 0.7400429 0.5252405 0.6534527 0.5935569 0.5548501 0.6633963 0.6870940 0.6529283 0.5593672 0.8112976 0.8467692 0.8278424 0.6322491 0.9531724 0.7938135 0.7131474 0.7463405 0.7138697 0.8386210 0.8046824 0.6112257 0.7064955 0.6410220 1.0908405 1.0692538 1.0122006 1.1453020 0.9539862 0.9642821 0.8944406 0.9348967 0.8936369 1.3931883 1.2855372 0.9254979 1.2710039 1.2339015 1.2332856 1.1706350 1.1550022 1.1422867 1.1437348 1.1473799 1.3871585 1.2689195 1.2580899 1.3360229 1.1065531 1.9450328 1.1538753 1.6846894 1.6664390 1.7655457 1.8737094 1.2098274 1.9014145 1.9222151 2.2823777 2.4016748 2.0797572 2.0152690 1.8814075 1.8896443 1.7320349 1.5835696 1.8761321 1.6382043 2.2882619 
Adig_XM_015907218.1                                              0.8987554 0.6918501 0.6674270 0.7208163 0.7400429 0.0000000 2.3708761 0.4479332 0.2405188 1.9613082 2.2982587 0.6302202 0.6660979 0.7378400 0.9769434 1.3570765 0.9734740 0.8014963 2.0135419 0.8906645 0.7384026 0.7508039 0.7719993 0.9075800 0.8542083 0.8031693 0.7793396 0.3026476 0.8760690 1.0050762 1.0901626 1.1167492 1.0390721 0.9635007 1.1137344 1.1141755 1.0336648 1.3967923 1.4106456 0.9643628 1.0438254 0.9934896 1.0200270 0.9142476 1.0277302 1.1471342 1.0927356 1.1408841 1.4511439 1.3539993 1.1995067 1.4262860 1.1403759 1.6345720 1.2487943 1.4918620 1.4156985 1.8279044 1.8967807 1.5343119 1.2138152 1.4825073 1.5390077 2.4023480 1.4438717 1.4219150 1.5578389 1.5538245 1.4918912 3.7114639 1.6226596 1.2081361 1.5418920 
Gfas_gfas1.m1.5969.m1                                            0.7616526 0.5315206 0.5369820 0.5132812 0.5252405 2.3708761 0.0000000 0.1186283 0.1196182 0.1855660 0.1426353 0.4766265 0.4393286 0.5988572 0.5052876 0.5890863 0.6106569 0.4836275 0.8355375 0.5707634 0.5093683 0.4920564 0.5170230 0.7880582 0.6629657 0.7119072 0.7261354 0.0000010 0.0000010 0.9855571 0.9878728 2.4791705 0.7978182 0.8375773 0.6768346 0.6878651 0.7485271 0.9535198 0.8612915 0.0000010 2.5814057 1.2670214 1.2206353 1.1151830 1.1446970 0.9088249 0.9782652 0.9607664 1.2143172 1.0187730 1.0811170 1.3420193 0.8751515 2.0516276 1.0372441 1.6156787 1.7508975 1.8070874 2.1123957 1.3595042 0.0000010 1.8746214 0.0000010 0.0000010 3.7646409 0.0000010 1.6794652 1.6794652 1.6671071 1.3144175 2.4331544 5.7705789 1.6913262 
Spis_XP_022806826_1                                              0.8654866 0.5848754 0.5779040 0.6607161 0.6534527 0.4479332 0.1186283 0.0000000 0.0425893 0.1624803 0.1298278 0.5126213 0.5139866 0.6753417 0.6697044 0.5777644 0.6849724 0.5166996 0.7436931 0.7052605 0.6000432 0.6005792 0.5843177 0.7172618 0.7431263 0.8058393 0.8270475 0.3845760 1.2436541 1.0530645 0.9780887 1.9067187 0.9767670 0.9681594 0.9829864 1.0058185 0.9555006 1.2891073 1.1601987 1.1498845 1.2906537 1.1182976 1.0970498 1.0272804 1.0379828 1.0687711 1.0348232 1.0586936 1.1250426 1.1158223 1.1694827 1.2473702 0.7111198 2.0818752 1.1950726 1.8144681 1.7354019 1.7179346 1.8574097 1.3444646 1.7513868 1.7852699 1.7244896 1.8416797 1.6706593 1.7038174 1.6623015 1.6646228 1.5434721 1.1939830 2.0406593 1.3142823 2.2745668 
Pocdam_XM_027185784.1                                            0.8074299 0.5774100 0.5408501 0.6085001 0.5935569 0.2405188 0.1196182 0.0425893 0.0000000 0.1984333 0.1778738 0.5174951 0.5119137 0.6236264 0.6441908 0.7835495 0.6689890 0.5178950 0.7417581 0.6573082 0.5543828 0.5890265 0.5585355 0.6919529 0.6682863 0.7479786 0.7625371 0.3182469 0.8982859 0.8963836 0.8853687 0.9568852 0.9403690 0.9431395 0.8879928 0.9127630 0.8931256 1.2227978 1.1167882 0.6155011 1.1577153 1.0522247 1.0265600 0.9968416 0.9946981 0.9764785 0.9259142 0.9990681 1.2720782 1.0777194 1.1061709 1.1422229 0.9353720 1.8090566 1.1694556 1.5432165 1.4721084 1.5476126 1.6427339 1.2881400 1.5071564 1.5938769 1.6593453 1.8180784 1.5009978 1.5586110 1.6042647 1.6171005 1.4739266 1.2542479 1.7556427 1.5226572 2.0066109 
Fspp_ffun1.m4.2698.m1                                            0.8580169 0.6300822 0.6231798 0.5198184 0.5548501 1.9613082 0.1855660 0.1624803 0.1984333 0.0000000 0.1280811 0.6107114 0.5791844 0.6787008 0.5611274 0.6296390 0.7313168 0.6068039 0.8004483 0.6542076 0.5783140 0.5499510 0.5738837 0.7960183 0.8590876 0.8765685 0.7907512 0.0000010 0.0000010 1.0468624 1.1253581 0.0000010 0.9633181 0.9161639 0.7304730 0.7721658 0.8829316 0.9303284 0.9349059 0.0000010 1.6651267 1.5700212 1.5960124 1.4456555 1.4700718 1.1699841 1.2469255 1.2018438 1.4581484 1.1216656 1.3467574 1.8371308 1.1409779 2.6803076 1.2974444 2.2455351 2.3865835 2.4644470 2.5369666 1.5336342 0.0000010 2.1350083 0.0000010 0.0000010 4.3939683 0.0000010 1.7962543 1.7962543 2.1227114 1.5161646 3.1741850 7.0169273 2.8417843 
Gasp_gasp1.m3.2804.m1                                            0.9077952 0.6257308 0.6061758 0.6461913 0.6633963 2.2982587 0.1426353 0.1298278 0.1778738 0.1280811 0.0000000 0.6143511 0.5634221 0.6541701 0.6642552 0.5852371 0.7221164 0.5111479 0.7659848 0.7533971 0.5776464 0.5935964 0.6054887 0.8118644 0.7787290 0.8243895 0.8742559 1.9407803 1.7735174 0.9680545 0.9613577 2.2757097 0.8632737 0.9511228 0.7922219 0.8111918 0.8566156 1.1844541 1.0298641 0.3483971 1.3646648 1.0772491 1.0807312 1.0091661 1.0738797 0.9648547 1.0663667 0.9716084 1.2108584 1.0309437 1.0757829 1.3817455 0.7241531 2.1908615 1.2208148 1.7057311 1.7782086 1.8664682 1.9443005 1.5122910 2.2245046 1.8906157 3.2111527 3.2054096 4.3244846 4.2433065 1.8316349 1.8474171 1.6506378 1.2776492 2.4876075 4.9080458 1.7313054 
Dgig_XM_028550250.1                                              0.9178551 0.6503741 0.5985308 0.7081596 0.6870940 0.6302202 0.4766265 0.5126213 0.5174951 0.6107114 0.6143511 0.0000000 0.2168986 0.6755961 0.8077443 0.9355488 0.8500055 0.6748583 0.8984916 0.7655962 0.6714551 0.6908432 0.6929590 0.7630748 0.8329106 0.7868616 0.8154038 0.4408140 1.0371514 1.0635906 0.9593066 1.1205774 1.0145705 1.0383773 0.9955270 1.0130349 0.9367169 1.4045582 1.2797869 1.0383998 1.3024424 1.1906128 1.1747155 1.1908793 1.1618457 1.0956362 1.0703040 1.1625132 1.3318891 1.1842831 1.2465454 1.3303284 1.0720364 1.8317815 1.3460476 1.6762281 1.6367386 1.7477380 1.7846613 1.3265224 1.6931189 1.7308861 2.0028292 2.0873829 1.7925623 1.8158421 1.8172147 1.8214439 1.5570722 1.4272047 1.8462544 1.5666450 2.1716864 
Xesp_002405-T1                                                   0.9306431 0.6505116 0.6040085 0.6472641 0.6529283 0.6660979 0.4393286 0.5139866 0.5119137 0.5791844 0.5634221 0.2168986 0.0000000 0.6641071 0.7782128 0.9136168 0.8210171 0.6639507 0.8282052 0.7605498 0.6711079 0.6852890 0.6891765 0.7790624 0.8245013 0.7912178 0.7966094 0.4450140 1.0807735 1.0663332 0.9383127 1.0558352 1.0054140 1.0348585 0.9753134 0.9868857 0.9505471 1.4209423 1.2951874 1.0138606 1.2684895 1.2147807 1.2168199 1.1952751 1.1675709 1.1213898 1.0814027 1.1689462 1.2804278 1.1971034 1.2187120 1.3261815 0.9785586 1.9012942 1.2993216 1.6796487 1.6214877 1.7803929 1.7790431 1.3418899 1.6806569 1.6684949 1.8922916 1.9444737 1.7456215 1.7622486 1.6980631 1.7066874 1.5346750 1.2882272 1.8765720 1.5845515 2.1493299 
Spur_XM_030974980.1                                              0.8137508 0.4659365 0.3875982 0.5147265 0.5593672 0.7378400 0.5988572 0.6753417 0.6236264 0.6787008 0.6541701 0.6755961 0.6641071 0.0000000 0.7372097 0.8018180 0.7718084 0.6139454 0.7846343 0.7871700 0.7125375 0.7562568 0.7502791 0.8188926 0.8468110 0.5880156 0.6703652 0.6597441 1.0518611 1.0275200 0.9980304 1.2331751 0.9459732 0.9660111 0.9225881 0.9481613 0.8727784 1.2371983 1.2005353 0.9493247 1.3188438 1.2135097 1.2184963 1.1651395 1.1690633 1.0789520 1.0607350 1.0798749 1.3783845 1.2312894 1.2406491 1.3214298 1.0278122 1.7648252 1.1163544 1.6513843 1.5234828 1.7581252 1.8867469 1.2517021 1.7588448 1.7749122 2.0807614 2.1732443 1.7684983 1.8366013 1.6696802 1.6543327 1.5504977 1.3102493 1.8536144 1.8788729 2.2639991 
Lcom_lcpid37008                                                  0.9153274 0.7480379 0.6753899 0.7602183 0.8112976 0.9769434 0.5052876 0.6697044 0.6441908 0.5611274 0.6642552 0.8077443 0.7782128 0.7372097 0.0000000 0.1430970 0.1548760 0.3134797 0.9009931 0.8157331 0.7586876 0.7739439 0.7633722 0.8609286 0.8546322 0.8962580 0.8662443 0.6699377 1.0116544 0.9548330 0.8723025 1.0882695 1.0334678 1.0050520 1.0114827 1.0426052 1.0019438 1.3090123 1.2910819 0.8834917 1.3126658 1.1403960 1.1686399 1.1551829 1.1460681 1.0965708 1.1053094 1.1072100 1.2987580 1.2103324 1.1435496 1.2781147 0.9767030 1.7799756 1.3076519 1.6311694 1.5588516 1.6742722 1.7440072 1.3549876 1.7791037 1.7590326 1.7389684 1.7742798 1.6679235 1.7631542 1.7449450 1.7703906 1.5808938 1.3425186 1.9272774 1.8529836 2.1879326 
Leuniv_Lniv_scaffold25965_01                                     1.1233963 0.8030371 0.7425909 0.8043186 0.8467692 1.3570765 0.5890863 0.5777644 0.7835495 0.6296390 0.5852371 0.9355488 0.9136168 0.8018180 0.1430970 0.0000000 0.1618648 0.3965516 1.0100545 0.9130619 0.8114198 0.8828169 0.8459084 1.0377805 1.0192561 0.9857882 0.9866868 1.0340287 1.2979433 0.9594395 0.7925070 1.5389819 1.1473769 1.1398105 1.1031942 1.1220463 1.1341049 1.4321280 1.3695580 0.0000010 1.5921190 1.0050419 1.0368711 1.0346626 1.0844984 0.8821590 1.0332299 1.0539660 1.4000972 1.0524443 1.0124485 1.2963262 1.1208414 1.8116720 1.5537921 1.4699874 1.4300078 1.5872433 1.7270092 1.5705413 1.9810702 1.8629279 0.0000010 0.0000010 4.2143325 0.0000010 1.8802869 1.8888248 1.8658682 1.4680340 1.8811115 6.3947075 1.6668208 
Gracom_Gcom_scaffold16273_01                                     0.9581535 0.8080202 0.7329075 0.8170054 0.8278424 0.9734740 0.6106569 0.6849724 0.6689890 0.7313168 0.7221164 0.8500055 0.8210171 0.7718084 0.1548760 0.1618648 0.0000000 0.3140642 0.9797074 0.8629505 0.7928490 0.8310392 0.8044992 0.8954962 0.8648670 0.9113281 0.9016045 0.6397236 1.0115288 0.9742930 0.8886239 1.1327810 1.0916481 1.0668502 1.0582610 1.0801934 1.0250709 1.3636862 1.3395691 0.8755527 1.3628174 1.2286146 1.2324292 1.2100815 1.1848986 1.1223458 1.1401600 1.1295090 1.3515354 1.2689383 1.1685828 1.2951664 1.0453433 1.8058302 1.2719083 1.6421980 1.5334605 1.6333318 1.7753277 1.3856339 1.7531793 1.7513753 1.7689590 1.8187526 1.7118352 1.7010625 1.7021417 1.7093793 1.6000213 1.4375198 1.8655964 1.9253392 2.1494816 
Clacor_Ccor_scaffold11643_01                                     0.7969198 0.6261368 0.5829107 0.6330419 0.6322491 0.8014963 0.4836275 0.5166996 0.5178950 0.6068039 0.5111479 0.6748583 0.6639507 0.6139454 0.3134797 0.3965516 0.3140642 0.0000000 0.8486693 0.7193440 0.6481675 0.6601782 0.6426074 0.7756289 0.8107889 0.7344252 0.7436241 0.5330355 0.7504785 0.8305267 0.7086775 1.0583867 0.8856141 0.9015673 0.8854733 0.9013039 0.8556277 1.1132675 1.0940162 0.7542536 1.1869255 0.9043410 0.9164151 0.8390088 0.9228546 0.7957900 0.8732859 0.8639772 1.2345998 0.8916756 0.8847932 1.0577567 0.9046296 1.4618107 1.1710535 1.3514061 1.2357057 1.4125174 1.5454993 1.2878794 1.4378658 1.4546231 1.2080501 0.8632450 1.1998596 1.2726285 1.5091763 1.5137878 1.4428507 1.2423055 1.6029281 3.3561143 1.4498503 
Hvul_g10221_1                                                    1.0880082 0.8277027 0.8200149 0.7862033 0.9531724 2.0135419 0.8355375 0.7436931 0.7417581 0.8004483 0.7659848 0.8984916 0.8282052 0.7846343 0.9009931 1.0100545 0.9797074 0.8486693 0.0000000 0.5268571 0.5373042 0.6018550 0.5532629 0.7194782 0.7120844 0.9424096 1.0249158 0.0000010 0.0000010 1.1436429 1.0027945 5.3305541 0.9187310 0.9272773 0.8658654 0.8877472 0.9149448 1.1913828 1.0570595 0.0000010 1.1266573 1.2781119 1.2452338 1.2143488 1.1711991 1.0832331 1.1784230 1.2997290 1.5149168 1.2750991 1.2315893 1.4550500 1.0878293 1.9882571 1.6068195 1.8114501 1.7356334 1.7247990 1.8881518 1.8296440 2.9476508 2.0246481 0.0000010 0.0000010 8.8476396 0.0000010 2.0093184 2.0231432 1.9055352 1.6896190 2.4379164 6.3492411 1.9126047 
Chem_TCONS_00008151                                              1.0190545 0.7536491 0.7278595 0.7577756 0.7938135 0.8906645 0.5707634 0.7052605 0.6573082 0.6542076 0.7533971 0.7655962 0.7605498 0.7871700 0.8157331 0.9130619 0.8629505 0.7193440 0.5268571 0.0000000 0.4490148 0.4992409 0.4609818 0.5772275 0.5809718 0.8556540 0.8868215 0.6416882 0.9605554 0.9718368 0.9593837 0.9243207 1.0478654 1.0916639 1.0290634 1.0852803 1.0037836 1.3963743 1.2993666 1.0724788 1.3299970 1.2625748 1.2632471 1.2044334 1.1731052 1.0850282 1.0704823 1.2267389 1.3630483 1.2018075 1.2843450 1.3904111 1.0491473 1.7014694 1.3511398 1.5338283 1.4603887 1.6820617 1.6980958 1.5108716 1.6345779 1.6729382 1.9055195 1.9506476 1.6767568 1.7837382 1.7320484 1.7938243 1.5893777 1.4930132 1.8167888 1.8112658 2.3278057 
Aaur_scaffold51.g30.t4                                           0.9009801 0.6713843 0.6776010 0.7314474 0.7131474 0.7384026 0.5093683 0.6000432 0.5543828 0.5783140 0.5776464 0.6714551 0.6711079 0.7125375 0.7586876 0.8114198 0.7928490 0.6481675 0.5373042 0.4490148 0.0000000 0.1377451 0.1164409 0.2783865 0.3901603 0.7784887 0.7801945 0.5679970 0.9143907 0.9272382 0.8980551 1.0018311 0.9922085 1.0323296 0.9745827 1.0064198 0.9522615 1.2497332 1.1820993 0.8853673 1.2426910 1.1346090 1.1585971 1.1322168 1.1325722 1.0346344 1.0008296 1.0620903 1.2651025 1.1350907 1.1761719 1.2476354 0.9531852 1.7163576 1.3007620 1.5328925 1.4686478 1.5319714 1.6598133 1.3840048 1.6832060 1.6870278 2.0306914 2.0811872 1.8641669 1.8225456 1.7442339 1.7591656 1.5546396 1.4500407 1.6999207 1.7262170 2.2187854 
Nemnom_g11422.t1                                                 0.9352608 0.6938615 0.6914803 0.7394298 0.7463405 0.7508039 0.4920564 0.6005792 0.5890265 0.5499510 0.5935964 0.6908432 0.6852890 0.7562568 0.7739439 0.8828169 0.8310392 0.6601782 0.6018550 0.4992409 0.1377451 0.0000000 0.0736946 0.3247664 0.4807655 0.8047211 0.8089072 0.5555761 0.9759944 0.9521383 0.9417321 1.0953717 0.9662439 1.0021035 0.9699163 1.0031214 0.9404684 1.2938234 1.2048583 0.8724783 1.2659228 1.1545921 1.1905737 1.1464725 1.1485615 1.0819211 1.0629485 1.1254224 1.2674577 1.2167329 1.2344314 1.3277688 0.9082614 1.8336155 1.3482843 1.6399762 1.5600497 1.6831707 1.7792694 1.4283427 1.7109732 1.7345077 1.9339529 2.0001064 1.8440213 1.9230967 1.7826162 1.8315882 1.5488208 1.4153598 1.7627569 1.6388089 2.3056188 
Rhoesc_Res_012714-T1                                             0.8761914 0.6590402 0.6713767 0.7052314 0.7138697 0.7719993 0.5170230 0.5843177 0.5585355 0.5738837 0.6054887 0.6929590 0.6891765 0.7502791 0.7633722 0.8459084 0.8044992 0.6426074 0.5532629 0.4609818 0.1164409 0.0736946 0.0000000 0.3109736 0.4428654 0.7986446 0.7935125 0.5617616 0.9549753 0.9573011 0.9179022 1.0150970 0.9918430 1.0218446 0.9975294 1.0329957 0.9606970 1.2763609 1.1989532 0.9095923 1.2697918 1.1387960 1.1593975 1.1214141 1.1100063 1.0498423 1.0370319 1.1048829 1.2414873 1.1482471 1.1987031 1.2746259 0.9190025 1.7823863 1.3339443 1.5975321 1.5374831 1.5846814 1.6773045 1.4051038 1.7500239 1.7405417 2.0291991 2.0884930 1.8418006 1.9407937 1.7507377 1.7827329 1.5867391 1.3554186 1.7337923 1.6446744 2.2147212 
Sanmal_Sma_017008-T1                                             1.0268185 0.8093345 0.7885299 0.8078958 0.8386210 0.9075800 0.7880582 0.7172618 0.6919529 0.7960183 0.8118644 0.7630748 0.7790624 0.8188926 0.8609286 1.0377805 0.8954962 0.7756289 0.7194782 0.5772275 0.2783865 0.3247664 0.3109736 0.0000000 0.5155341 0.9027099 0.8381937 0.6381024 0.9931940 1.0909882 1.1018416 1.0533480 1.1118339 1.1659835 1.0853420 1.1196923 1.0326770 1.3018052 1.2317463 0.9494024 1.2656295 1.2076260 1.2579926 1.2444616 1.2150837 1.1229859 1.1580353 1.2566522 1.3457478 1.3437759 1.3167968 1.4302472 1.0920275 1.8789734 1.4486899 1.7404170 1.6677071 1.6971207 1.8239285 1.4640628 1.7837312 1.9035409 2.3081795 2.3828118 2.0482318 1.8832835 1.8962269 1.9049403 1.8094834 2.0232003 2.0056252 1.7322788 2.5222974 
Morvir_scaffold100.g21.t1                                        0.9839633 0.8270060 0.7892869 0.7983635 0.8046824 0.8542083 0.6629657 0.7431263 0.6682863 0.8590876 0.7787290 0.8329106 0.8245013 0.8468110 0.8546322 1.0192561 0.8648670 0.8107889 0.7120844 0.5809718 0.3901603 0.4807655 0.4428654 0.5155341 0.0000000 0.8965817 0.8936901 0.6316726 1.0750354 1.0764375 1.0349419 1.1270658 1.1691598 1.1631967 1.1249737 1.1660285 1.0861102 1.3800035 1.3170456 0.9403305 1.3195213 1.2665637 1.2548618 1.2120715 1.1789712 1.1401566 1.0783115 1.2129901 1.3892910 1.2506691 1.2993705 1.3460936 1.1549362 1.8571348 1.4174331 1.7181506 1.6738327 1.6571602 1.7196103 1.5527900 1.8178955 1.8995818 1.9784164 2.0401776 1.7134333 1.8501829 1.8696911 1.9026815 1.7681786 1.8463129 1.9113186 1.8639406 2.4279771 
Ctel_gnl_WGS_AMQN_CAPTEDRAFT_mRNA218778                          0.8913009 0.5838177 0.5880144 0.6316077 0.6112257 0.8031693 0.7119072 0.8058393 0.7479786 0.8765685 0.8243895 0.7868616 0.7912178 0.5880156 0.8962580 0.9857882 0.9113281 0.7344252 0.9424096 0.8556540 0.7784887 0.8047211 0.7986446 0.9027099 0.8965817 0.0000000 0.7443632 0.7161256 1.1767140 1.1488060 1.1052257 1.2636768 1.1514826 1.1606064 1.1099504 1.1374629 1.0742078 1.4316923 1.3062108 1.0225684 1.3522448 1.3393110 1.3319017 1.2885980 1.2832074 1.2579167 1.2134187 1.2457237 1.4892622 1.3494815 1.2834830 1.4078718 1.1827403 1.8637250 1.1979484 1.6989132 1.6173824 1.7495836 1.8525198 1.2451196 1.8818026 1.8612968 2.0387467 2.1046212 1.8543053 1.8435298 1.8380298 1.7994775 1.7591473 1.4128633 1.9203217 1.9075813 2.2230863 
Cscu_XM_023379494.1                                              0.9613106 0.6885292 0.6881285 0.6994392 0.7064955 0.7793396 0.7261354 0.8270475 0.7625371 0.7907512 0.8742559 0.8154038 0.7966094 0.6703652 0.8662443 0.9866868 0.9016045 0.7436241 1.0249158 0.8868215 0.7801945 0.8089072 0.7935125 0.8381937 0.8936901 0.7443632 0.0000000 0.7403299 1.0402683 1.0625114 1.0277616 1.0143166 1.1025545 1.1095168 1.0205212 1.0396850 1.0236471 1.3826648 1.3260671 1.0622088 1.3698548 1.1864399 1.2049952 1.1302003 1.1788934 1.0964356 1.1184882 1.1419781 1.4948416 1.2487525 1.2921446 1.3985679 1.0825103 1.7838930 1.1935708 1.6543201 1.5633115 1.7170553 1.8356997 1.3064461 1.7636421 1.7921372 2.3956633 2.4517976 1.9577748 1.9131855 1.7967778 1.7858447 1.6317279 1.2674361 1.8238574 2.0630301 2.3313122 
Nvec_v1g208259                                                   0.6971362 0.6281650 0.5994047 0.6181295 0.6410220 0.3026476 0.0000010 0.3845760 0.3182469 0.0000010 1.9407803 0.4408140 0.4450140 0.6597441 0.6699377 1.0340287 0.6397236 0.5330355 0.0000010 0.6416882 0.5679970 0.5555761 0.5617616 0.6381024 0.6316726 0.7161256 0.7403299 0.0000000 0.9408568 0.9724662 0.9103801 0.7822662 0.9809631 0.9434046 0.9425364 0.9824346 0.9160261 1.2591755 1.2415877 0.7506733 1.0935262 1.1066024 1.0645511 0.9791282 0.9912329 1.0620036 0.9562785 0.9725200 0.8838862 1.2858727 1.1811468 1.0831528 0.6648324 1.6932023 1.0407955 1.5442781 1.4276797 1.4982995 1.5514164 1.1760022 1.4115756 1.4149088 1.7826324 1.9343841 1.5239925 1.6352464 1.4070010 1.4577661 0.8708196 0.0000010 1.5792586 0.6026333 2.5624800 
Ocar_g8443                                                       1.1873090 1.0235280 0.9598883 1.0382084 1.0908405 0.8760690 0.0000010 1.2436541 0.8982859 0.0000010 1.7735174 1.0371514 1.0807735 1.0518611 1.0116544 1.2979433 1.0115288 0.7504785 0.0000010 0.9605554 0.9143907 0.9759944 0.9549753 0.9931940 1.0750354 1.1767140 1.0402683 0.9408568 0.0000000 0.0210677 0.6246311 1.2485673 1.2830738 1.2539637 1.3106142 1.3122559 1.1862266 1.5253453 1.4593393 0.9105994 1.4691338 1.3535952 1.3732171 1.3079162 1.2713191 1.2242019 1.2532584 1.2398789 1.4730617 1.3574324 1.2765413 1.3647407 1.2237415 1.7602871 1.4990295 1.6460101 1.4755240 1.6905397 1.8928140 1.6718930 1.5746911 1.5788968 1.8998806 2.1131101 1.6146428 1.6941797 1.6846796 1.7068777 1.2245925 0.0000010 1.7110056 1.5687664 2.5083422 
Opea_EP00118_Oscarella_pearsei_P021497                           1.1597558 0.9742696 0.9494057 0.9915512 1.0692538 1.0050762 0.9855571 1.0530645 0.8963836 1.0468624 0.9680545 1.0635906 1.0663332 1.0275200 0.9548330 0.9594395 0.9742930 0.8305267 1.1436429 0.9718368 0.9272382 0.9521383 0.9573011 1.0909882 1.0764375 1.1488060 1.0625114 0.9724662 0.0210677 0.0000000 0.6207588 1.2947653 1.2835005 1.2842610 1.2371652 1.2548003 1.2310863 1.4942399 1.4136997 1.1824344 1.4877473 1.3813509 1.4068454 1.3676896 1.3139264 1.2011597 1.2003809 1.2968926 1.5343359 1.3231766 1.3489057 1.4233222 1.1636146 1.9599233 1.5816534 1.7171924 1.6168438 1.8062067 1.9512126 1.6921487 1.6554416 1.7573665 2.1434650 2.3391332 1.8371203 1.8586045 1.8231370 1.8274329 1.5767348 1.6075933 2.0208585 2.3574968 2.1655922 
Plajan_Pjan_scaffold7481_01                                      1.1811974 0.9376768 0.9074303 0.9685473 1.0122006 1.0901626 0.9878728 0.9780887 0.8853687 1.1253581 0.9613577 0.9593066 0.9383127 0.9980304 0.8723025 0.7925070 0.8886239 0.7086775 1.0027945 0.9593837 0.8980551 0.9417321 0.9179022 1.1018416 1.0349419 1.1052257 1.0277616 0.9103801 0.6246311 0.6207588 0.0000000 1.0820655 1.2916051 1.3106733 1.2499101 1.2703777 1.2121648 1.4718750 1.3939457 1.2162211 1.4282765 1.2207179 1.2277206 1.2698716 1.2699915 1.2052323 1.1802223 1.2585818 1.3734931 1.3035624 1.3447890 1.3314372 1.0558509 1.8512995 1.5643033 1.6939734 1.5729209 1.7281420 1.9308612 1.6059614 1.7132665 1.7509603 2.0540942 2.2709261 1.7801740 1.8405403 1.7859753 1.7608541 1.5385259 1.6641803 1.9524184 2.3172182 2.0682180 
Tetwil_g16074.t1                                                 1.1471824 1.0306107 1.0796137 1.1750859 1.1453020 1.1167492 2.4791705 1.9067187 0.9568852 0.0000010 2.2757097 1.1205774 1.0558352 1.2331751 1.0882695 1.5389819 1.1327810 1.0583867 5.3305541 0.9243207 1.0018311 1.0953717 1.0150970 1.0533480 1.1270658 1.2636768 1.0143166 0.7822662 1.2485673 1.2947653 1.0820655 0.0000000 1.1440235 1.0460298 1.1124870 1.1255528 1.0931923 1.4383728 1.4571771 0.2840532 0.9571290 1.2469071 1.1873910 1.3848890 1.3528851 1.2361285 1.1887241 1.1577498 1.5305859 1.2861338 1.2549919 1.5274584 1.1903873 1.4478754 1.3952166 1.3832833 1.4716497 1.5547479 1.5181634 1.5614498 1.3692993 1.4647474 0.0000010 0.0000010 0.9776940 0.9979069 1.5802197 1.5802197 1.5321117 1.6349682 1.5235736 3.9187980 1.7858795 
Tadh_TriadT28801                                                 1.1474693 0.9685863 0.9267600 0.9655395 0.9539862 1.0390721 0.7978182 0.9767670 0.9403690 0.9633181 0.8632737 1.0145705 1.0054140 0.9459732 1.0334678 1.1473769 1.0916481 0.8856141 0.9187310 1.0478654 0.9922085 0.9662439 0.9918430 1.1118339 1.1691598 1.1514826 1.1025545 0.9809631 1.2830738 1.2835005 1.2916051 1.1440235 0.0000000 0.0357337 0.1566893 0.1754317 0.1213351 1.5618453 1.4954351 1.1868702 1.6144395 1.4224297 1.4096276 1.4038979 1.3850717 1.3818562 1.3418359 1.3837341 1.5315944 1.3622342 1.4281594 1.5928379 1.2471978 2.0404335 1.5624810 1.7735000 1.7352447 1.7882709 1.9699554 1.5482894 1.9347927 1.9452267 2.2790015 2.3349312 2.1484411 2.2247531 1.8906477 1.9600522 1.5629589 1.2979904 1.9831667 2.2699130 2.2488388 
TrH2_TrispH2_005792-RA                                           1.1570486 0.9685965 0.9273321 0.9610801 0.9642821 0.9635007 0.8375773 0.9681594 0.9431395 0.9161639 0.9511228 1.0383773 1.0348585 0.9660111 1.0050520 1.1398105 1.0668502 0.9015673 0.9272773 1.0916639 1.0323296 1.0021035 1.0218446 1.1659835 1.1631967 1.1606064 1.1095168 0.9434046 1.2539637 1.2842610 1.3106733 1.0460298 0.0357337 0.0000000 0.1836751 0.2047224 0.1421769 1.5525342 1.4884602 1.1868702 1.5806400 1.4595593 1.4509585 1.4449787 1.3946725 1.4326828 1.3593606 1.3866212 1.5518292 1.4101188 1.4856902 1.6914179 1.3837448 2.0349041 1.5979077 1.8273160 1.7896099 1.8969110 1.9998991 1.5379626 1.8512675 1.8873117 2.2790015 2.3349312 1.9728144 2.0578591 1.9500519 1.9695001 1.6534845 1.5499937 1.9735818 2.0077123 2.3979370 
HoiH06_mRNA9379                                                  1.0913851 0.9233524 0.8982924 0.9460325 0.8944406 1.1137344 0.6768346 0.9829864 0.8879928 0.7304730 0.7922219 0.9955270 0.9753134 0.9225881 1.0114827 1.1031942 1.0582610 0.8854733 0.8658654 1.0290634 0.9745827 0.9699163 0.9975294 1.0853420 1.1249737 1.1099504 1.0205212 0.9425364 1.3106142 1.2371652 1.2499101 1.1124870 0.1566893 0.1836751 0.0000000 0.0391245 0.1091213 1.5885081 1.4889527 1.3339128 1.5876558 1.4341494 1.4552454 1.4505209 1.4650160 1.3984138 1.3472386 1.3521629 1.5186802 1.4966257 1.4101271 1.5443610 1.1283015 1.9975194 1.4266692 1.8024458 1.7212825 1.8205631 2.0800290 1.4404373 1.8552040 1.9429383 2.4936487 2.6018400 2.3101192 2.2772714 1.9798410 1.9890441 1.6605358 1.3126227 2.1263278 2.3074743 2.2268682 
HoiH23_PlH23_003557-RA                                           1.1226662 0.9516017 0.9197851 0.9707262 0.9348967 1.1141755 0.6878651 1.0058185 0.9127630 0.7721658 0.8111918 1.0130349 0.9868857 0.9481613 1.0426052 1.1220463 1.0801934 0.9013039 0.8877472 1.0852803 1.0064198 1.0031214 1.0329957 1.1196923 1.1660285 1.1374629 1.0396850 0.9824346 1.3122559 1.2548003 1.2703777 1.1255528 0.1754317 0.2047224 0.0391245 0.0000000 0.1087826 1.6005681 1.4970843 1.3124064 1.6026742 1.4782605 1.4886337 1.4807997 1.4969706 1.4211804 1.4077292 1.3826299 1.5089850 1.5208251 1.4661813 1.5318004 1.1288533 2.0211296 1.4661110 1.8294708 1.7519413 1.8015249 2.0614761 1.4727725 1.8895595 1.9508383 2.3756688 2.4762492 2.2820653 2.2210186 1.9790691 2.0018554 1.6472902 1.3452945 2.0937179 2.3100545 2.2525853 
HoiH11_mRNA1770                                                  1.0775928 0.9054662 0.8499752 0.9162939 0.8936369 1.0336648 0.7485271 0.9555006 0.8931256 0.8829316 0.8566156 0.9367169 0.9505471 0.8727784 1.0019438 1.1341049 1.0250709 0.8556277 0.9149448 1.0037836 0.9522615 0.9404684 0.9606970 1.0326770 1.0861102 1.0742078 1.0236471 0.9160261 1.1862266 1.2310863 1.2121648 1.0931923 0.1213351 0.1421769 0.1091213 0.1087826 0.0000000 1.5115682 1.4199157 1.1952374 1.5150425 1.3527416 1.3622133 1.4026820 1.3614899 1.3262372 1.2788139 1.3330961 1.5481579 1.3702625 1.4080202 1.4994136 1.1858363 1.9202885 1.4475729 1.7802780 1.6945867 1.8042407 1.9943958 1.5161481 1.9190835 1.9104047 2.3074954 2.3495328 2.1451736 2.1219168 1.9207185 1.9616625 1.6488963 1.4117103 2.0171792 2.2729953 2.2727785 
Aque_Aqu2.1.33930_001                                            1.4706451 1.2514170 1.1914832 1.3234562 1.3931883 1.3967923 0.9535198 1.2891073 1.2227978 0.9303284 1.1844541 1.4045582 1.4209423 1.2371983 1.3090123 1.4321280 1.3636862 1.1132675 1.1913828 1.3963743 1.2497332 1.2938234 1.2763609 1.3018052 1.3800035 1.4316923 1.3826648 1.2591755 1.5253453 1.4942399 1.4718750 1.4383728 1.5618453 1.5525342 1.5885081 1.6005681 1.5115682 0.0000000 0.2264241 0.4087244 1.0234648 1.6919990 1.7072274 1.6666626 1.6848906 1.6302088 1.6324821 1.6121557 1.7382350 1.6954173 1.6262062 1.8126166 1.2466516 2.3293969 1.7727049 2.0554781 1.9752954 2.1421372 2.2457163 1.8899080 2.3326496 2.1816477 2.4768400 2.5279453 2.1718747 2.3411310 2.1398815 2.1819092 1.9394501 1.4751905 2.2895171 2.6489030 2.5121052 
Halamb_c4032_g1_i1m.647                                          1.4164810 1.1921989 1.1547263 1.2492925 1.2855372 1.4106456 0.8612915 1.1601987 1.1167882 0.9349059 1.0298641 1.2797869 1.2951874 1.2005353 1.2910819 1.3695580 1.3395691 1.0940162 1.0570595 1.2993666 1.1820993 1.2048583 1.1989532 1.2317463 1.3170456 1.3062108 1.3260671 1.2415877 1.4593393 1.4136997 1.3939457 1.4571771 1.4954351 1.4884602 1.4889527 1.4970843 1.4199157 0.2264241 0.0000000 0.4160619 0.9312845 1.5969256 1.6047920 1.6304447 1.5875470 1.5660685 1.5765906 1.5804455 1.6702556 1.6631178 1.6419908 1.7154170 1.0849749 2.1931865 1.7396435 1.9862033 1.9074677 2.0546904 2.1739646 1.8831364 2.3352995 2.1638149 2.5863011 2.5935781 2.2560257 2.4153911 2.1928205 2.2420763 1.8387440 1.4419900 2.1536372 2.5719440 2.4902258 
Stycar_augustus_masked-SC_scaffold4611-processed-gene-0.1-mRNA-1 0.9881787 1.0301082 0.8266283 1.0944499 0.9254979 0.9643628 0.0000010 1.1498845 0.6155011 0.0000010 0.3483971 1.0383998 1.0138606 0.9493247 0.8834917 0.0000010 0.8755527 0.7542536 0.0000010 1.0724788 0.8853673 0.8724783 0.9095923 0.9494024 0.9403305 1.0225684 1.0622088 0.7506733 0.9105994 1.1824344 1.2162211 0.2840532 1.1868702 1.1868702 1.3339128 1.3124064 1.1952374 0.4087244 0.4160619 0.0000000 0.6484712 1.4053191 1.4065563 1.3088704 1.4249347 1.3534211 1.3004028 1.4099544 1.5771405 1.3910819 1.5118895 1.3145493 0.0000010 1.9313790 1.3081178 1.9554724 1.9215438 2.0271737 2.1730543 1.3324315 1.9701377 2.0891371 2.0926664 2.1118186 2.0983678 2.1444035 2.2744677 2.2433075 1.9877938 0.0000010 2.0468047 0.9789675 2.2212798 
Spolac_c104233_g1_i1_m.39047c104233-g1                           1.4291587 1.2739500 1.2165399 1.2688247 1.2710039 1.0438254 2.5814057 1.2906537 1.1577153 1.6651267 1.3646648 1.3024424 1.2684895 1.3188438 1.3126658 1.5921190 1.3628174 1.1869255 1.1266573 1.3299970 1.2426910 1.2659228 1.2697918 1.2656295 1.3195213 1.3522448 1.3698548 1.0935262 1.4691338 1.4877473 1.4282765 0.9571290 1.6144395 1.5806400 1.5876558 1.6026742 1.5150425 1.0234648 0.9312845 0.6484712 0.0000000 1.5990445 1.6213761 1.6468381 1.5221212 1.6488090 1.6168335 1.6609914 1.6850371 1.6358897 1.6710419 1.7139726 1.2245487 2.3233478 1.9092624 1.9145436 1.9528120 2.0701787 2.2015644 1.7726696 2.1990242 2.2465619 2.6880544 2.6303455 2.2886243 2.5020094 2.3758507 2.4766463 2.0080329 0.0000010 2.0530476 2.0957226 2.6667271 
Acaspe_EP00035_Acanthoeca_spectabilis_P021607                    1.3566307 1.1177226 1.1393431 1.1106215 1.2339015 0.9934896 1.2670214 1.1182976 1.0522247 1.5700212 1.0772491 1.1906128 1.2147807 1.2135097 1.1403960 1.0050419 1.2286146 0.9043410 1.2781119 1.2625748 1.1346090 1.1545921 1.1387960 1.2076260 1.2665637 1.3393110 1.1864399 1.1066024 1.3535952 1.3813509 1.2207179 1.2469071 1.4224297 1.4595593 1.4341494 1.4782605 1.3527416 1.6919990 1.5969256 1.4053191 1.5990445 0.0000000 0.0806045 0.2801815 0.4292250 0.5334757 0.7034572 0.7660160 0.9858582 0.7134750 0.8456338 0.9184274 1.1966920 1.5477445 1.7442885 1.4077142 1.3771766 1.4472889 1.5534897 1.8747451 1.8983359 2.0746575 3.2727461 3.6919356 2.4513263 2.4935876 2.1086556 2.1254789 1.7803411 2.2672642 1.7581079 2.4794415 2.4101646 
Helnan_EP00037_Helgoeca_nana_P026439                             1.3113148 1.1139532 1.1098070 1.1284352 1.2332856 1.0200270 1.2206353 1.0970498 1.0265600 1.5960124 1.0807312 1.1747155 1.2168199 1.2184963 1.1686399 1.0368711 1.2324292 0.9164151 1.2452338 1.2632471 1.1585971 1.1905737 1.1593975 1.2579926 1.2548618 1.3319017 1.2049952 1.0645511 1.3732171 1.4068454 1.2277206 1.1873910 1.4096276 1.4509585 1.4552454 1.4886337 1.3622133 1.7072274 1.6047920 1.4065563 1.6213761 0.0806045 0.0000000 0.2934419 0.4172390 0.5290881 0.7235883 0.7602615 0.9752513 0.7532566 0.8521647 0.9167960 1.1612702 1.6003297 1.7049339 1.3880316 1.3925327 1.4051916 1.5181797 1.8609708 1.8963286 2.0631499 3.1969458 3.5967332 2.4505728 2.5441509 2.1080147 2.1092637 1.7632874 2.1125942 1.7078051 2.4534346 2.3927570 
Stedip_EP00041_Stephanoeca_diplocostata_P017415                  1.3040164 1.1013487 1.1336417 1.0778363 1.1706350 0.9142476 1.1151830 1.0272804 0.9968416 1.4456555 1.0091661 1.1908793 1.1952751 1.1651395 1.1551829 1.0346626 1.2100815 0.8390088 1.2143488 1.2044334 1.1322168 1.1464725 1.1214141 1.2444616 1.2120715 1.2885980 1.1302003 0.9791282 1.3079162 1.3676896 1.2698716 1.3848890 1.4038979 1.4449787 1.4505209 1.4807997 1.4026820 1.6666626 1.6304447 1.3088704 1.6468381 0.2801815 0.2934419 0.0000000 0.3948053 0.5035007 0.7046228 0.7509261 0.8851509 0.7668981 0.8443984 0.8695151 1.1681554 1.5710819 1.6882072 1.3538287 1.2851451 1.3636379 1.5557451 1.8494907 1.8886379 1.9733884 2.8742382 3.1619910 2.2822954 2.4876348 2.0832383 2.0661923 1.7726867 2.0773139 1.6297179 2.3436898 2.2723437 
Diagra_EP00040_Diaphanoeca_grandis_P025617                       1.3257632 1.1190968 1.1014208 1.0809625 1.1550022 1.0277302 1.1446970 1.0379828 0.9946981 1.4700718 1.0738797 1.1618457 1.1675709 1.1690633 1.1460681 1.0844984 1.1848986 0.9228546 1.1711991 1.1731052 1.1325722 1.1485615 1.1100063 1.2150837 1.1789712 1.2832074 1.1788934 0.9912329 1.2713191 1.3139264 1.2699915 1.3528851 1.3850717 1.3946725 1.4650160 1.4969706 1.3614899 1.6848906 1.5875470 1.4249347 1.5221212 0.4292250 0.4172390 0.3948053 0.0000000 0.5165411 0.6874106 0.7485960 0.9606800 0.7360399 0.8171887 0.8714664 1.3159982 1.5497471 1.7029179 1.3576058 1.2652195 1.2547338 1.3986804 1.7568073 1.8758570 1.9830220 2.8051517 2.9739779 2.2765448 2.4673787 2.0116741 2.0410825 1.7540111 1.9158492 1.4371529 2.3494875 2.2002800 
Didcos_EP00039_Didymoeca_costata_P023754                         1.2236873 1.0595067 1.0490830 1.0554220 1.1422867 1.1471342 0.9088249 1.0687711 0.9764785 1.1699841 0.9648547 1.0956362 1.1213898 1.0789520 1.0965708 0.8821590 1.1223458 0.7957900 1.0832331 1.0850282 1.0346344 1.0819211 1.0498423 1.1229859 1.1401566 1.2579167 1.0964356 1.0620036 1.2242019 1.2011597 1.2052323 1.2361285 1.3818562 1.4326828 1.3984138 1.4211804 1.3262372 1.6302088 1.5660685 1.3534211 1.6488090 0.5334757 0.5290881 0.5035007 0.5165411 0.0000000 0.6728050 0.7572274 0.8980846 0.7442144 0.8269305 0.9530868 1.1683286 1.5480907 1.6772965 1.3096351 1.2921730 1.3227246 1.4141527 1.7864555 1.9208033 1.9642782 3.0128837 3.2105776 2.4180447 2.5480350 2.0883266 2.0745804 1.7056272 1.8740229 1.5509754 2.4737311 2.3634983 
Saldol_EP00054_Salpingoeca_dolichothecata_P027342                1.1990850 1.0418556 1.0417981 1.0540445 1.1437348 1.0927356 0.9782652 1.0348232 0.9259142 1.2469255 1.0663667 1.0703040 1.0814027 1.0607350 1.1053094 1.0332299 1.1401600 0.8732859 1.1784230 1.0704823 1.0008296 1.0629485 1.0370319 1.1580353 1.0783115 1.2134187 1.1184882 0.9562785 1.2532584 1.2003809 1.1802223 1.1887241 1.3418359 1.3593606 1.3472386 1.4077292 1.2788139 1.6324821 1.5765906 1.3004028 1.6168335 0.7034572 0.7235883 0.7046228 0.6874106 0.6728050 0.0000000 0.7351653 0.9743959 0.7580350 0.8338023 0.8458555 1.1828016 1.5099932 1.6048527 1.3039074 1.2547723 1.2736084 1.4163550 1.7585208 1.8894978 1.9114205 2.3290155 2.3442286 2.2741128 2.3842247 1.9508806 1.9946727 1.7496543 1.6069158 1.4211746 2.1781518 2.2757435 
Salurc_EP00051_Salpingoeca_urceolata_P027400                     1.2104069 1.0583015 1.1293553 1.1074686 1.1473799 1.1408841 0.9607664 1.0586936 0.9990681 1.2018438 0.9716084 1.1625132 1.1689462 1.0798749 1.1072100 1.0539660 1.1295090 0.8639772 1.2997290 1.2267389 1.0620903 1.1254224 1.1048829 1.2566522 1.2129901 1.2457237 1.1419781 0.9725200 1.2398789 1.2968926 1.2585818 1.1577498 1.3837341 1.3866212 1.3521629 1.3826299 1.3330961 1.6121557 1.5804455 1.4099544 1.6609914 0.7660160 0.7602615 0.7509261 0.7485960 0.7572274 0.7351653 0.0000000 0.9139712 0.7118727 0.8264332 0.8305285 1.2451179 1.5931729 1.7155102 1.3459415 1.2333486 1.3870145 1.4716961 1.8366219 1.8221408 1.8459840 2.4237335 2.5208909 2.1421031 2.0907990 1.8579994 1.8451328 1.5532938 1.6052392 1.7162313 2.3056391 2.2552483 
Codhol_EP00042_Codosiga_hollandica_P056566                       1.4558107 1.3145122 1.3544202 1.3301215 1.3871585 1.4511439 1.2143172 1.1250426 1.2720782 1.4581484 1.2108584 1.3318891 1.2804278 1.3783845 1.2987580 1.4000972 1.3515354 1.2345998 1.5149168 1.3630483 1.2651025 1.2674577 1.2414873 1.3457478 1.3892910 1.4892622 1.4948416 0.8838862 1.4730617 1.5343359 1.3734931 1.5305859 1.5315944 1.5518292 1.5186802 1.5089850 1.5481579 1.7382350 1.6702556 1.5771405 1.6850371 0.9858582 0.9752513 0.8851509 0.9606800 0.8980846 0.9743959 0.9139712 0.0000000 0.9783593 0.8941215 1.0691841 1.5270478 1.6269521 1.8567326 1.4011117 1.3419140 1.4449216 1.4956125 1.8958103 1.7084310 1.8866766 2.3211931 0.0000010 2.0030298 1.9714874 1.8816198 1.8878592 1.8560811 2.0384076 1.6900105 4.3669923 1.7352096 
Salkve_EP00050_Salpingoeca_kvevrii_P016075                       1.4057214 1.1489628 1.1373534 1.2144370 1.2689195 1.3539993 1.0187730 1.1158223 1.0777194 1.1216656 1.0309437 1.1842831 1.1971034 1.2312894 1.2103324 1.0524443 1.2689383 0.8916756 1.2750991 1.2018075 1.1350907 1.2167329 1.1482471 1.3437759 1.2506691 1.3494815 1.2487525 1.2858727 1.3574324 1.3231766 1.3035624 1.2861338 1.3622342 1.4101188 1.4966257 1.5208251 1.3702625 1.6954173 1.6631178 1.3910819 1.6358897 0.7134750 0.7532566 0.7668981 0.7360399 0.7442144 0.7580350 0.7118727 0.9783593 0.0000000 0.8395542 0.8971666 1.2873988 1.6098897 1.7709196 1.3620307 1.2694149 1.3565674 1.4615760 1.7548415 1.8421522 1.8536959 2.4233911 2.5325492 2.0558320 2.1905839 1.9127881 1.9314733 1.6952715 1.6445271 1.5882893 2.5282508 2.2346708 
