73
Hsap_ENST00000339365                                    0.0000000 0.7600507 0.6907642 0.9023650 0.9353066 0.9833705 0.9011418 1.0714469 0.8708982 0.8435368 1.0804283 0.9648131 1.2964063 1.1354158 1.2158163 1.0565930 1.1813816 1.1014228 1.1731463 1.1280456 1.1188365 1.1510279 1.1781738 1.2019043 1.1732704 1.1790419 1.1383895 1.1194097 1.4147994 1.2354511 1.4271398 1.4565390 1.2618681 1.3525178 0.8930170 1.3132061 1.5960552 1.4970095 1.4224542 1.4056220 1.4841832 1.6301820 1.5183136 1.4181910 1.4567839 1.0859954 1.6762654 1.3813820 1.6286704 1.5152562 1.6015614 1.5741236 1.5687508 1.6153661 1.4351740 1.8280488 1.7879522 1.9630834 1.9237445 1.7877928 1.7858896 1.9735365 1.9610661 1.8353222 1.9765416 1.6259715 1.8312236 1.4446937 1.5252577 1.4892951 1.4416391 1.3892835 1.9320944 
Bralan_BLAG15000957_1                                   0.7600507 0.0000000 0.6310150 0.7455977 0.7685606 0.5374145 0.7079616 0.9322749 0.7813196 0.7606454 1.0038834 0.9209929 1.1564541 0.9978271 1.0396625 0.8552124 0.9882815 0.9456225 0.9774847 0.9828088 0.9939879 1.0837200 1.0432614 1.0835631 0.9799005 0.9791503 1.0092604 1.0003872 1.3610273 1.2431886 1.4002407 1.3305020 1.1614889 1.2182343 0.8883432 1.1490067 1.5444856 1.3094228 1.2756788 1.2739681 1.3273860 1.5578876 1.4569585 1.3431494 1.2797510 1.1459935 1.6176247 1.2704771 1.4301598 1.4034749 1.4476070 1.4346012 1.4328557 1.4199251 1.3698688 1.8577275 1.8574295 2.0259322 1.8648380 1.8443231 1.8040006 1.8644809 1.9367621 1.6996603 1.8737560 1.5779323 1.7421928 1.4459240 1.4992026 1.4205494 1.3984965 1.3678208 1.8838286 
Ctel_gnl_WGS_AMQN_CAPTEDRAFT_mRNA210583                 0.6907642 0.6310150 0.0000000 0.4161312 0.4429926 0.7225078 0.6219355 0.6721606 0.6788293 0.6165892 0.7817239 0.7688830 0.8423215 0.7366794 0.8000930 0.7543486 0.7758563 0.7662580 0.7534223 0.8209903 0.8102693 0.8451560 0.8298550 0.8796493 0.8175421 0.8055276 0.8139004 0.8272971 1.1181057 1.0899427 1.1386040 1.0795276 1.0697440 1.2741897 1.0398520 1.0758597 1.2598250 1.3584409 1.3607118 1.3033133 1.3429259 1.2212554 1.2544517 1.2605226 1.3498187 1.1718835 1.3114107 1.1932536 1.2020887 1.2043435 1.2039710 1.1983761 1.2075867 1.2156687 1.0293526 1.7270051 1.7045982 1.7535461 1.6888456 1.8051910 1.8450459 1.5966778 1.6375041 1.5579194 1.5776857 1.5346057 1.5171455 1.2398280 1.4723617 1.4176835 1.4649940 1.3092194 1.8765180 
Acagra_model.g3309.t1                                   0.9023650 0.7455977 0.4161312 0.0000000 0.5263398 0.4649697 0.7848109 0.8564807 0.6186837 0.8674008 1.1060065 1.0561693 1.2594050 1.0789844 1.1245154 0.8885095 1.1236128 1.0709397 1.1127946 1.1142645 1.1395786 1.1876933 1.0483338 1.2012280 1.0725590 1.1139505 1.1205356 1.1022277 1.4795542 1.3620967 1.6021820 1.4952188 1.1777127 1.2292355 0.9703107 1.1303634 1.6764983 1.3263851 1.3390239 1.2465921 1.3417096 1.6419895 1.5996929 1.4491991 1.2856603 1.2701654 1.7514758 1.2982967 1.6014085 1.5432433 1.5654086 1.5914696 1.5914427 1.5894297 1.2656295 1.9387803 1.8333399 2.1242576 1.9794551 1.8919182 1.9171072 2.0809920 2.1320456 1.7654171 1.9599902 1.6390390 1.8661775 1.5756696 1.6321315 1.4814971 1.4194474 1.4327960 2.0930074 
Cgig_XM_034459173.1                                     0.9353066 0.7685606 0.4429926 0.5263398 0.0000000 0.5827361 0.8239089 0.9596431 0.6683553 0.8967408 1.1226853 1.0178008 1.3167340 1.1458338 1.2125583 0.9949665 1.2013342 1.0966694 1.1718769 1.0704241 1.1138071 1.1644530 1.1425896 1.2379376 1.1250594 1.1730972 1.1358376 1.1634253 1.4077037 1.3485140 1.5122637 1.5801463 1.2723936 1.3809392 0.9004156 1.1780902 1.6545859 1.5241134 1.4998286 1.4322344 1.4393395 1.6340815 1.5288312 1.4112369 1.3905230 1.1696448 1.7097033 1.4392265 1.6867279 1.6010138 1.6391446 1.6009048 1.6122341 1.6209474 1.3168214 1.9249486 1.9642023 2.1817193 1.9787907 1.9106881 1.9095639 2.0191064 2.0537554 1.7050155 1.8651248 1.6241184 1.9253668 1.4201430 1.5174287 1.5027907 1.4745207 1.4245650 2.0920118 
Lcom_lcpid184539                                        0.9833705 0.5374145 0.7225078 0.4649697 0.5827361 0.0000000 0.7061729 1.0131302 1.1034033 0.7817954 0.9207507 0.8775909 0.8967055 0.8967055 0.9208924 0.9294407 0.9313499 0.9776104 0.9551709 1.0201298 0.9350665 0.9567203 1.0123891 1.0218608 1.0350528 0.9983958 1.0032082 1.1561727 1.6082013 1.7553117 1.5262931 1.4628240 1.3892789 1.5715135 0.7664028 1.3471927 1.7274173 1.7219699 1.7219699 1.7575084 1.7646607 1.7646607 1.6897272 1.5831488 1.6712077 0.0000010 2.0565107 1.4399956 1.4399956 1.3965394 1.4107468 1.4161355 1.3972048 1.3578724 1.5556721 2.3221346 1.7765401 1.9884087 1.6194968 0.0000010 2.0674467 2.3281523 2.2335676 2.0420247 2.2560456 1.7499103 2.1099084 1.6829065 1.8397800 2.0696607 2.1251725 1.7793058 2.1717494 
Skow_XM_002735988.2                                     0.9011418 0.7079616 0.6219355 0.7848109 0.8239089 0.7061729 0.0000000 0.9368938 0.6913130 0.6825793 0.9540478 0.9408555 1.1729752 1.0119931 1.0457271 0.8881132 0.9861653 0.9347295 0.9732247 0.9848580 0.9963226 1.0944796 1.0512246 1.0848980 1.0125549 1.0207842 1.0570834 1.0322668 1.3822572 1.2189181 1.4582239 1.4073757 1.1712438 1.2541837 0.8775914 1.1092692 1.6803858 1.5022668 1.5124310 1.4387774 1.5840311 1.5860470 1.4726842 1.3702486 1.4583923 1.0915867 1.6205923 1.3597112 1.4635187 1.3875383 1.4271287 1.4341901 1.4290922 1.4272926 1.2279907 1.8099439 1.8132667 2.0680195 1.9508072 1.7909007 1.8461961 1.9729815 2.0449091 1.7019521 1.9099899 1.6691378 1.8408013 1.5020274 1.6241937 1.5588336 1.4324475 1.4067182 2.1478951 
Tcas_TC034974_001                                       1.0714469 0.9322749 0.6721606 0.8564807 0.9596431 1.0131302 0.9368938 0.0000000 0.5391219 0.9245093 1.0981070 1.1093598 1.3143094 1.1668176 1.1966194 1.0099034 1.1635302 1.1029949 1.1441721 1.1162296 1.2083532 1.2607658 1.2751097 1.3437213 1.2304727 1.2667704 1.2254235 1.2512323 1.5045438 1.3569244 1.5933183 1.5765729 1.2575488 1.3813910 0.9260741 1.3050393 1.7023494 1.5252783 1.6031729 1.3984275 1.5319508 1.7816940 1.7127731 1.4785766 1.5169399 1.2082473 1.8586818 1.4108587 1.6335213 1.4924202 1.5895555 1.5631296 1.5595730 1.6310206 1.3548872 1.9756607 1.9232264 2.2489894 2.1386759 1.8543853 1.9825836 1.9742900 2.0389284 1.8139539 1.8535799 1.6780150 2.0994332 1.6074623 1.7140985 1.4848656 1.5614201 1.5159321 2.1506744 
Dpul_mRNA16318                                          0.8708982 0.7813196 0.6788293 0.6186837 0.6683553 1.1034033 0.6913130 0.5391219 0.0000000 0.7596523 0.8738060 0.8826782 0.9782652 0.8637681 0.9307857 0.8713306 0.8853943 0.8978250 0.8654746 0.9429926 0.9431489 1.0213081 0.9928495 1.0050701 0.9409229 0.9186968 0.8962058 0.9200629 1.2073976 1.1832042 1.1790551 1.2504514 1.2592537 1.4949580 1.1537203 1.2647882 1.4326748 1.5058436 1.5366788 1.5223394 1.5852812 1.3873484 1.4070221 1.3965821 1.5887249 1.1543710 1.3890331 1.2595173 1.2604722 1.2447472 1.2369489 1.2744795 1.2687377 1.2744848 1.1171629 1.7349212 1.7935484 1.8554554 1.8323952 1.7729170 1.8319960 1.6990579 1.7232542 1.7682584 1.6631529 1.6795474 1.5673970 1.3805684 1.6401460 1.4563148 1.5555720 1.4786436 1.8887016 
Spur_XM_778635.5                                        0.8435368 0.7606454 0.6165892 0.8674008 0.8967408 0.7817954 0.6825793 0.9245093 0.7596523 0.0000000 1.0782184 1.0419111 1.3602397 1.1241233 1.1661849 0.9680308 1.1065283 1.0370400 1.1206972 1.0895457 1.0860498 1.1462380 1.0669620 1.1453664 1.0963521 1.0705818 1.0540863 1.0890268 1.5084845 1.2859437 1.4831229 1.4904378 1.2487617 1.2129513 0.8905654 1.2415557 1.7303852 1.5602318 1.5868732 1.4341506 1.5150407 1.7750128 1.5851214 1.4205844 1.4823383 1.1822588 1.7537713 1.3806956 1.5397500 1.5172580 1.5467682 1.5856213 1.5736716 1.5425216 1.4141541 1.9557330 1.8435137 2.1027587 2.0840507 1.8689760 1.8589834 1.9251063 1.9113809 1.7380035 1.9228305 1.6271825 1.8287041 1.4972125 1.5252271 1.4599880 1.4694263 1.3854144 2.1658352 
Exapal_XM_028659527.1                                   1.0804283 1.0038834 0.7817239 1.1060065 1.1226853 0.9207507 0.9540478 1.0981070 0.8738060 1.0782184 0.0000000 0.4411691 0.6809693 0.5954297 0.6521820 0.4885494 0.6084447 0.6079326 0.6269139 0.7189017 0.7699609 0.8942963 0.9129861 1.0027262 0.9256131 0.9751504 0.9473742 0.8007545 1.4763006 1.3089462 1.5779391 1.6287036 1.2371187 1.2140049 0.8719033 1.2271314 1.7254898 1.3863629 1.4068998 1.3528050 1.4711515 1.7413356 1.5612114 1.4912014 1.4336194 1.1018386 1.8514163 1.3500021 1.6380074 1.5557868 1.5440655 1.5282140 1.5231379 1.5960524 1.5105855 1.7225101 1.6727863 1.8604737 1.8653239 1.7723692 1.7256287 1.8581208 2.0858618 1.6114241 1.9330185 1.5046484 1.8912539 1.5626815 1.4564084 1.3344191 1.4267192 1.3670804 2.0236581 
Nvec_v1g103120                                          0.9648131 0.9209929 0.7688830 1.0561693 1.0178008 0.8775909 0.9408555 1.1093598 0.8826782 1.0419111 0.4411691 0.0000000 0.7097085 0.5843187 0.6260684 0.4616631 0.5588734 0.5476812 0.5735281 0.7624965 0.8018776 0.8790209 0.8797691 0.9355997 0.8203246 0.8392925 0.8922182 0.8087682 1.4152965 1.2153180 1.4696378 1.5469725 1.1536271 1.1421728 0.8547374 1.1705693 1.5772382 1.3695617 1.3870635 1.3661730 1.4330369 1.6528889 1.4534948 1.4226518 1.4290150 1.0677321 1.6786131 1.3409280 1.6033779 1.5034270 1.5789579 1.5251574 1.5290348 1.5836135 1.4922285 1.8166000 1.6726436 1.8861570 1.8330400 1.7300797 1.7542121 1.7800895 1.9393345 1.5371863 1.8661949 1.4126344 1.8137095 1.4849724 1.3696810 1.2709259 1.3408691 1.3737313 1.9575156 
Adig_XM_015902535.1                                     1.2964063 1.1564541 0.8423215 1.2594050 1.3167340 0.8967055 1.1729752 1.3143094 0.9782652 1.3602397 0.6809693 0.7097085 0.0000000 0.0727586 0.3015381 0.2619945 0.3443512 0.3411839 0.3497005 0.8753343 0.9210796 1.1293112 1.0811282 1.1761535 1.0307802 1.0695818 1.0759234 1.0147814 1.7050736 1.5382952 1.7704690 1.7128843 1.3201887 1.3095721 1.0302835 1.3225164 1.8072918 1.5051512 1.3853685 1.4616992 1.6451899 1.9658667 1.7023932 1.5261908 1.4696124 1.1308803 1.9354312 1.6230901 1.8658866 1.8057018 1.8652512 1.7902864 1.7835407 1.8699991 1.6733702 2.0296355 1.8737604 2.1641013 2.1165178 2.1474910 1.9103844 2.2135408 2.3198302 1.8604592 2.2974171 1.7958983 2.0665885 1.7806005 1.6950306 1.6487533 1.6758315 1.5245617 2.2784546 
Amil_Amillepora06796-RA                                 1.1354158 0.9978271 0.7366794 1.0789844 1.1458338 0.8967055 1.0119931 1.1668176 0.8637681 1.1241233 0.5954297 0.5843187 0.0727586 0.0000000 0.2232051 0.1756914 0.2515089 0.2366939 0.2521024 0.7319948 0.7744581 0.9257189 0.8956144 0.9518580 0.8443364 0.8736030 0.8810181 0.8290103 1.4181717 1.2897093 1.5086116 1.4966868 1.1282044 1.1841465 0.8809917 1.1661010 1.6051650 1.3571250 1.3896016 1.3452433 1.4715783 1.7664748 1.5063547 1.3559655 1.4044826 0.9535133 1.6653161 1.3966712 1.6284896 1.5720478 1.6259605 1.5481982 1.5425308 1.6253002 1.4724927 1.7756279 1.6540410 1.9403272 1.8855857 1.7072221 1.6886902 1.9232906 1.9679691 1.6305336 1.9972529 1.5018626 1.8555852 1.5484268 1.5041956 1.4387499 1.4509174 1.3559645 2.0687541 
Gfas_gfas1.m1.1680.m1                                   1.2158163 1.0396625 0.8000930 1.1245154 1.2125583 0.9208924 1.0457271 1.1966194 0.9307857 1.1661849 0.6521820 0.6260684 0.3015381 0.2232051 0.0000000 0.1594272 0.1960152 0.2230503 0.2176827 0.8354389 0.8992412 1.0254425 0.9713789 1.0481445 0.9716157 0.9729255 0.9957670 0.8638577 1.5526512 1.3989772 1.5451993 1.5864604 1.1999740 1.1992228 0.8411252 1.1905007 1.7703529 1.3615438 1.3921605 1.4707481 1.4218899 1.7621372 1.5381893 1.5061696 1.4430062 1.2138050 1.7876190 1.4734794 1.7566653 1.6735952 1.7467635 1.6814059 1.6763008 1.7857965 1.5725974 1.8808274 1.7528052 2.0122939 1.9566315 1.7468390 1.7613319 1.9866114 2.0903417 1.6633410 2.0714897 1.5516666 1.8238247 1.5429868 1.5117277 1.4997292 1.4931070 1.3826613 2.0819709 
Fspp_ffun1.m4.29856.m1                                  1.0565930 0.8552124 0.7543486 0.8885095 0.9949665 0.9294407 0.8881132 1.0099034 0.8713306 0.9680308 0.4885494 0.4616631 0.2619945 0.1756914 0.1594272 0.0000000 0.0715021 0.1083733 0.1294347 0.6348078 0.6711172 0.8135279 0.7612848 0.8461567 0.7278853 0.7405325 0.7927304 0.6741312 1.3251208 1.2531538 1.3362693 1.2896890 1.1383431 1.2420631 0.9385403 1.0895252 1.4667038 1.3691833 1.3887487 1.3313221 1.4207451 1.5230880 1.3978546 1.3447279 1.4446061 1.0671074 1.5135708 1.3477231 1.4043152 1.2939506 1.3495450 1.3242910 1.3194999 1.3784090 1.2833126 1.8245021 1.6521028 1.8337546 1.7872335 1.7526283 1.6941085 1.8116486 1.8493938 1.5563242 1.7998214 1.4961800 1.6989838 1.4482096 1.4296833 1.3620535 1.3988779 1.2836384 1.8797227 
Gasp_gasp1.m3.24399.m1                                  1.1813816 0.9882815 0.7758563 1.1236128 1.2013342 0.9313499 0.9861653 1.1635302 0.8853943 1.1065283 0.6084447 0.5588734 0.3443512 0.2515089 0.1960152 0.0715021 0.0000000 0.1505631 0.1546419 0.7565462 0.8060335 0.9341028 0.9004697 0.9696166 0.8805177 0.8838869 0.9338729 0.8292572 1.4590744 1.3127785 1.4875753 1.4895738 1.1469263 1.2565134 0.9466487 1.1239484 1.6651871 1.4042437 1.4430691 1.3784688 1.4417031 1.7183375 1.4607917 1.4166036 1.4853466 1.0530251 1.6511870 1.3691213 1.6147546 1.5364236 1.6119048 1.5773672 1.5701417 1.6022027 1.4549867 1.8681695 1.7521106 1.9599701 1.8648117 1.7254808 1.6802863 1.8613595 1.9880962 1.5889170 1.9431226 1.4728555 1.7503338 1.5196686 1.4889928 1.3878795 1.3829044 1.3250139 2.0366404 
Spis_XP_022800862_1                                     1.1014228 0.9456225 0.7662580 1.0709397 1.0966694 0.9776104 0.9347295 1.1029949 0.8978250 1.0370400 0.6079326 0.5476812 0.3411839 0.2366939 0.2230503 0.1083733 0.1505631 0.0000000 0.0398251 0.7002909 0.7699155 0.8619672 0.8407047 0.9147482 0.8100368 0.8203075 0.8613362 0.7806873 1.4162614 1.2811540 1.4451349 1.4757768 1.0990810 1.2491532 0.9093800 1.1066906 1.5918143 1.3593328 1.3906991 1.3725642 1.4160552 1.6105304 1.4189348 1.4344116 1.4169760 1.1344822 1.5697968 1.2662650 1.5484989 1.4614596 1.5460044 1.5055667 1.5010051 1.5542601 1.4510127 1.8337435 1.6631608 1.8891911 1.7315895 1.6580279 1.6627747 1.8270793 1.9085123 1.5067155 1.7925929 1.4612451 1.5949682 1.4205801 1.4279766 1.2964223 1.3367614 1.3116072 1.9400392 
Pocdam_XM_027183210.1                                   1.1731463 0.9774847 0.7534223 1.1127946 1.1718769 0.9551709 0.9732247 1.1441721 0.8654746 1.1206972 0.6269139 0.5735281 0.3497005 0.2521024 0.2176827 0.1294347 0.1546419 0.0398251 0.0000000 0.7359486 0.7897873 0.9096689 0.8804246 0.9562589 0.8669840 0.8671680 0.9004546 0.8023831 1.4733506 1.3229583 1.5104570 1.5092165 1.1347181 1.2417500 0.8946166 1.1217308 1.6615343 1.3586843 1.3899104 1.3778097 1.4190807 1.6820746 1.4505066 1.4244541 1.3766963 1.1174902 1.6283108 1.3545639 1.6219690 1.5862903 1.6455115 1.5912961 1.5866255 1.6408051 1.4357673 1.8644412 1.7035144 1.9544074 1.8580551 1.7035103 1.6816244 1.8672466 1.9263707 1.5656899 1.9006632 1.4591016 1.6964669 1.4898999 1.4470287 1.3808076 1.3558494 1.3062050 1.9695125 
Dgig_XM_028548087.1                                     1.1280456 0.9828088 0.8209903 1.1142645 1.0704241 1.0201298 0.9848580 1.1162296 0.9429926 1.0895457 0.7189017 0.7624965 0.8753343 0.7319948 0.8354389 0.6348078 0.7565462 0.7002909 0.7359486 0.0000000 0.2774717 0.8714928 0.8257427 0.8462517 0.7596966 0.7907412 0.8242229 0.7634538 1.4691784 1.3315413 1.5171973 1.4196160 1.1221584 1.3041182 1.0247306 1.2464444 1.6723040 1.3505498 1.3625404 1.3586286 1.3848450 1.6404180 1.4784047 1.4770242 1.4008102 1.1828452 1.7149135 1.3636953 1.6011152 1.5447209 1.6217832 1.5664677 1.5688198 1.6413818 1.4574399 1.8493312 1.7545736 1.8899614 1.8955362 1.6456158 1.7424682 1.7911443 1.9714203 1.6497854 2.0143299 1.4939530 1.7473989 1.5531064 1.3762047 1.3242550 1.4155464 1.3504038 2.0623302 
Xesp_015730-T1                                          1.1188365 0.9939879 0.8102693 1.1395786 1.1138071 0.9350665 0.9963226 1.2083532 0.9431489 1.0860498 0.7699609 0.8018776 0.9210796 0.7744581 0.8992412 0.6711172 0.8060335 0.7699155 0.7897873 0.2774717 0.0000000 0.9034582 0.8216481 0.8935455 0.7662292 0.8129154 0.8502075 0.8456699 1.4462549 1.3181369 1.4871804 1.5551275 1.1769567 1.3258882 1.0383493 1.2848731 1.6951880 1.3297155 1.3629906 1.3462244 1.3444116 1.6174388 1.4744576 1.4137405 1.4048750 1.1113083 1.7401546 1.4145472 1.6676666 1.5998577 1.6788099 1.5815299 1.5869030 1.6726574 1.4661020 1.7631540 1.7715582 1.8907447 1.8673263 1.6234815 1.7131400 1.9245179 2.0624112 1.5988232 1.9784897 1.5419703 1.7190236 1.6154875 1.3814197 1.3595822 1.4183871 1.3210018 2.0946057 
Hvul_g948_1                                             1.1510279 1.0837200 0.8451560 1.1876933 1.1644530 0.9567203 1.0944796 1.2607658 1.0213081 1.1462380 0.8942963 0.8790209 1.1293112 0.9257189 1.0254425 0.8135279 0.9341028 0.8619672 0.9096689 0.8714928 0.9034582 0.0000000 0.4975201 0.7107331 0.6355134 0.6652912 0.6909745 0.6984533 1.4652365 1.3156999 1.5111332 1.4923128 1.1649419 1.2825488 0.8975357 1.1901419 1.8177981 1.5497420 1.5605027 1.4894068 1.5955886 1.8135302 1.7342743 1.5363280 1.5507297 1.2055221 1.9306635 1.4621832 1.6899690 1.5353532 1.6423699 1.5590657 1.5511945 1.6290715 1.5389720 2.0195657 1.7846805 1.9614394 1.9030531 1.8112631 1.8286452 2.0062531 2.0234855 1.7267360 1.9227090 1.5849512 1.9777594 1.5743908 1.4922777 1.4333943 1.4941762 1.4117134 2.1965054 
Chem_TCONS_00051239                                     1.1781738 1.0432614 0.8298550 1.0483338 1.1425896 1.0123891 1.0512246 1.2751097 0.9928495 1.0669620 0.9129861 0.8797691 1.0811282 0.8956144 0.9713789 0.7612848 0.9004697 0.8407047 0.8804246 0.8257427 0.8216481 0.4975201 0.0000000 0.6942869 0.6529976 0.6641758 0.6184529 0.6384221 1.3158826 1.2374321 1.4086996 1.4535896 1.1414544 1.2119462 0.9223448 1.1647777 1.7084127 1.4551273 1.4503428 1.4562051 1.5091179 1.6799505 1.5929795 1.4658031 1.4852442 1.1575203 1.7767718 1.3938254 1.6238623 1.5606497 1.6326684 1.5717095 1.5786023 1.5946097 1.5731876 1.8688998 1.7352244 1.9353255 1.8627722 1.7038217 1.8940006 1.9354827 2.0574805 1.6512544 1.8964387 1.4869522 1.9051115 1.5169038 1.4768746 1.4715417 1.4567371 1.3933542 2.0898607 
Aaur_scaffold484.g6.t6                                  1.2019043 1.0835631 0.8796493 1.2012280 1.2379376 1.0218608 1.0848980 1.3437213 1.0050701 1.1453664 1.0027262 0.9355997 1.1761535 0.9518580 1.0481445 0.8461567 0.9696166 0.9147482 0.9562589 0.8462517 0.8935455 0.7107331 0.6942869 0.0000000 0.3407606 0.3203771 0.4196525 0.5808769 1.4736491 1.3016864 1.4112207 1.4730057 1.1929243 1.3565719 0.8661349 1.1312184 1.6884159 1.7245295 1.7504256 1.5120352 1.6434545 1.7366705 1.6347649 1.5070078 1.7552159 0.9769416 1.7298489 1.5356515 1.7577753 1.6917831 1.7688614 1.6779125 1.6847234 1.7580809 1.5072360 2.0654822 1.8939223 2.2844600 1.9751695 1.8247636 2.0284114 2.1027477 2.0138432 1.7168084 1.9989184 1.6071266 2.0144357 1.5922856 1.5119783 1.5610366 1.5462024 1.4553843 2.1914411 
Nemnom_g19733.t1                                        1.1732704 0.9799005 0.8175421 1.0725590 1.1250594 1.0350528 1.0125549 1.2304727 0.9409229 1.0963521 0.9256131 0.8203246 1.0307802 0.8443364 0.9716157 0.7278853 0.8805177 0.8100368 0.8669840 0.7596966 0.7662292 0.6355134 0.6529976 0.3407606 0.0000000 0.1170093 0.3954218 0.5170727 1.3674302 1.2293822 1.2895643 1.4881152 1.1540293 1.3374438 0.9033573 1.1567204 1.6040697 1.4837873 1.4327987 1.4152420 1.5162949 1.6430886 1.5586182 1.4320608 1.4918629 1.0044267 1.7329070 1.3786750 1.6680818 1.6165826 1.6431671 1.6143805 1.6272787 1.6730385 1.4306650 1.9447318 1.7679492 2.0609175 1.9026952 1.7014178 1.8860523 1.9279009 1.8917366 1.6724654 1.9354145 1.5530570 1.8284668 1.5304055 1.4692922 1.4276659 1.4465564 1.3883446 2.1199629 
Rhoesc_Res_000623-T1                                    1.1790419 0.9791503 0.8055276 1.1139505 1.1730972 0.9983958 1.0207842 1.2667704 0.9186968 1.0705818 0.9751504 0.8392925 1.0695818 0.8736030 0.9729255 0.7405325 0.8838869 0.8203075 0.8671680 0.7907412 0.8129154 0.6652912 0.6641758 0.3203771 0.1170093 0.0000000 0.3877718 0.5259900 1.4035400 1.2162565 1.3065633 1.4762071 1.1248387 1.3907716 0.9893413 1.1583287 1.6113535 1.4842870 1.4424806 1.4061443 1.4937539 1.6587772 1.5749797 1.4850247 1.4700286 1.0487698 1.7271371 1.3977786 1.6959976 1.6445862 1.6878843 1.6531357 1.6555163 1.6882884 1.4617158 1.9836453 1.8051151 2.1261905 1.9100644 1.7459269 1.8966504 1.9653144 1.9448619 1.6669838 1.9717296 1.5585603 1.8546484 1.5579029 1.4974882 1.4589024 1.4930131 1.3960381 2.1472022 
Sanmal_Sma_011056-T1                                    1.1383895 1.0092604 0.8139004 1.1205356 1.1358376 1.0032082 1.0570834 1.2254235 0.8962058 1.0540863 0.9473742 0.8922182 1.0759234 0.8810181 0.9957670 0.7927304 0.9338729 0.8613362 0.9004546 0.8242229 0.8502075 0.6909745 0.6184529 0.4196525 0.3954218 0.3877718 0.0000000 0.5042453 1.3577495 1.1976297 1.2888985 1.4357572 1.1739014 1.3959669 0.9815279 1.1101472 1.6111568 1.5199009 1.5386628 1.4004690 1.5620900 1.6351173 1.4888531 1.4534748 1.6283042 1.0563813 1.6515887 1.4253645 1.6255886 1.5923537 1.6355247 1.5729991 1.5804223 1.6469112 1.4955976 1.9393133 1.7766671 2.0375607 1.7972213 1.7559845 1.9363712 2.0159670 1.9741914 1.6802248 1.8486717 1.4899597 1.8391911 1.5331345 1.4316088 1.4269630 1.5213739 1.3144373 2.0687692 
Morvir_scaffold287.g5.t1                                1.1194097 1.0003872 0.8272971 1.1022277 1.1634253 1.1561727 1.0322668 1.2512323 0.9200629 1.0890268 0.8007545 0.8087682 1.0147814 0.8290103 0.8638577 0.6741312 0.8292572 0.7806873 0.8023831 0.7634538 0.8456699 0.6984533 0.6384221 0.5808769 0.5170727 0.5259900 0.5042453 0.0000000 1.3016339 1.1977156 1.3135266 1.4256786 1.1418641 1.2584086 0.8905341 1.2044535 1.6261275 1.4914417 1.5234569 1.4124141 1.5049834 1.6356083 1.4794728 1.3880980 1.5230068 1.0887890 1.6727822 1.4155782 1.6287598 1.5670749 1.6390645 1.5759392 1.5833061 1.6705243 1.5200846 1.8657728 1.7453567 1.9444323 1.8580319 1.6444579 1.8571833 1.8991243 1.9251726 1.6482184 1.8747812 1.4616992 1.8189606 1.5237442 1.4754784 1.4055753 1.4322973 1.4251990 1.9837863 
Aque_Aqu2.1.43829_001                                   1.4147994 1.3610273 1.1181057 1.4795542 1.4077037 1.6082013 1.3822572 1.5045438 1.2073976 1.5084845 1.4763006 1.4152965 1.7050736 1.4181717 1.5526512 1.3251208 1.4590744 1.4162614 1.4733506 1.4691784 1.4462549 1.4652365 1.3158826 1.4736491 1.3674302 1.4035400 1.3577495 1.3016339 0.0000000 0.3738347 0.4789735 1.0080301 0.7807622 0.8183188 0.4528673 0.9624971 1.7262440 1.6721308 1.6784406 1.4351368 1.6273367 1.6652270 1.6803075 1.5024962 1.6159160 1.2423478 1.7253187 1.6448564 1.9525062 1.9138363 1.9586367 1.9199250 1.9251577 1.8992282 1.6901710 1.9974141 1.9351485 2.0621839 2.1261994 1.9807036 1.9219941 1.9536079 2.0753204 1.6503612 1.9825639 1.6520383 1.9421362 1.5538267 1.5918052 1.5867913 1.6555428 1.5667554 1.9383577 
Halamb_c46631_g2_i1m.20943                              1.2354511 1.2431886 1.0899427 1.3620967 1.3485140 1.7553117 1.2189181 1.3569244 1.1832042 1.2859437 1.3089462 1.2153180 1.5382952 1.2897093 1.3989772 1.2531538 1.3127785 1.2811540 1.3229583 1.3315413 1.3181369 1.3156999 1.2374321 1.3016864 1.2293822 1.2162565 1.1976297 1.1977156 0.3738347 0.0000000 0.3957341 0.8067288 0.6892688 0.7813703 0.4319998 0.9011721 1.5591698 1.6253550 1.6451756 1.3465852 1.5660372 1.5500577 1.5563412 1.3820985 1.5701440 1.1347605 1.5114822 1.5979945 1.7610562 1.6732393 1.7090157 1.7354126 1.7406333 1.7502493 1.4599334 1.8611546 1.7826790 1.9465626 1.9379560 1.7294078 1.8247482 1.8286627 1.8978188 1.6793047 1.8711929 1.6183238 1.8527894 1.4069059 1.5312024 1.4917240 1.6183849 1.4398805 1.8324714 
Xestes_maker-XT_scaffold12441-augustus-gene-0.10-mRNA-1 1.4271398 1.4002407 1.1386040 1.6021820 1.5122637 1.5262931 1.4582239 1.5933183 1.1790551 1.4831229 1.5779391 1.4696378 1.7704690 1.5086116 1.5451993 1.3362693 1.4875753 1.4451349 1.5104570 1.5171973 1.4871804 1.5111332 1.4086996 1.4112207 1.2895643 1.3065633 1.2888985 1.3135266 0.4789735 0.3957341 0.0000000 1.0135122 0.7185022 0.7878264 0.3870544 0.9010782 1.6712721 1.6072611 1.6425075 1.4432287 1.5737458 1.6702608 1.5802898 1.4593705 1.6178146 1.1245858 1.6312258 1.6988324 1.9589806 1.8799903 1.9308972 1.9181378 1.9172246 1.9843625 1.7076598 1.9634039 1.9078633 2.1417735 2.0843504 1.8927413 1.8758354 1.9874489 2.0045709 1.6275462 2.0024881 1.5494885 1.9142911 1.5525954 1.4642983 1.4661403 1.6187201 1.4628424 1.9294832 
Emue_Em0021g26a.t1                                      1.4565390 1.3305020 1.0795276 1.4952188 1.5801463 1.4628240 1.4073757 1.5765729 1.2504514 1.4904378 1.6287036 1.5469725 1.7128843 1.4966868 1.5864604 1.2896890 1.4895738 1.4757768 1.5092165 1.4196160 1.5551275 1.4923128 1.4535896 1.4730057 1.4881152 1.4762071 1.4357572 1.4256786 1.0080301 0.8067288 1.0135122 0.0000000 0.0762531 0.6157865 0.2631876 0.8695410 1.8275893 1.4647949 1.4129847 1.4203800 1.5345007 1.8154025 1.6333786 1.4506910 1.3910433 1.2085549 1.7719642 1.7967174 2.0881645 1.9213020 2.0422699 1.9900345 1.9893328 2.0287644 1.8361186 1.9918235 1.8150156 2.1548666 2.0139154 1.8704321 1.9913084 2.1361129 2.1489409 1.6690382 2.1043689 1.7819953 2.1008761 1.6874441 1.6542974 1.6040713 1.6417794 1.5517946 2.0212084 
Spolac_c104182_g1_i3_m.38663c104182-g1                  1.2618681 1.1614889 1.0697440 1.1777127 1.2723936 1.3892789 1.1712438 1.2575488 1.2592537 1.2487617 1.2371187 1.1536271 1.3201887 1.1282044 1.1999740 1.1383431 1.1469263 1.0990810 1.1347181 1.1221584 1.1769567 1.1649419 1.1414544 1.1929243 1.1540293 1.1248387 1.1739014 1.1418641 0.7807622 0.6892688 0.7185022 0.0762531 0.0000000 0.6023052 0.2617579 0.7788672 1.4263319 1.4791364 1.4069971 1.4255158 1.5097036 1.4361988 1.4038894 1.2704199 1.3842751 1.1779408 1.3659846 1.5297814 1.5517524 1.5277249 1.5350078 1.5607302 1.5600620 1.5413703 1.4628409 1.9029181 1.7250558 1.8871411 1.7848116 1.7763289 1.9043290 1.7884859 1.8128327 1.6833994 1.7692649 1.7989112 1.7409438 1.4507761 1.5821145 1.5716257 1.6240637 1.4355300 1.8535077 
Tetwil_g24347.t2                                        1.3525178 1.2182343 1.2741897 1.2292355 1.3809392 1.5715135 1.2541837 1.3813910 1.4949580 1.2129513 1.2140049 1.1421728 1.3095721 1.1841465 1.1992228 1.2420631 1.2565134 1.2491532 1.2417500 1.3041182 1.3258882 1.2825488 1.2119462 1.3565719 1.3374438 1.3907716 1.3959669 1.2584086 0.8183188 0.7813703 0.7878264 0.6157865 0.6023052 0.0000000 0.2245443 0.7453143 1.6961426 1.6947242 1.6258178 1.6490006 1.7857715 1.7873325 1.7072979 1.5866507 1.6402812 1.7266927 1.6008235 1.7285837 1.7285837 1.7011918 1.7251283 1.6623726 1.6659558 1.7070878 2.1521353 1.9814888 1.7999785 1.9179755 1.9030916 1.8864521 1.9730483 1.9745618 2.0899775 1.9582702 1.6856566 2.0080180 1.9763171 1.5133860 1.7756416 1.7373310 1.9690687 1.8738122 2.3391396 
Stycar_maker-SC_scaffold3452-snap-gene-0.7-mRNA-1       0.8930170 0.8883432 1.0398520 0.9703107 0.9004156 0.7664028 0.8775914 0.9260741 1.1537203 0.8905654 0.8719033 0.8547374 1.0302835 0.8809917 0.8411252 0.9385403 0.9466487 0.9093800 0.8946166 1.0247306 1.0383493 0.8975357 0.9223448 0.8661349 0.9033573 0.9893413 0.9815279 0.8905341 0.4528673 0.4319998 0.3870544 0.2631876 0.2617579 0.2245443 0.0000000 0.6355618 1.3474941 1.2410679 1.1099863 1.3011885 1.4272868 1.4279532 1.2083724 1.2142936 1.2078317 2.9793660 1.2263660 1.2944174 1.2944174 1.2638687 1.2544106 1.1792151 1.1821541 1.1847819 1.4127315 1.4097818 1.6459627 1.7213067 1.7660480 2.2009858 1.3960397 1.5050799 1.6760763 1.5955817 1.4141810 1.7070812 1.3131813 1.1232142 1.4328307 1.3187083 1.6767773 1.2240924 1.7400761 
Plespi_Pspi_C612648_01                                  1.3132061 1.1490067 1.0758597 1.1303634 1.1780902 1.3471927 1.1092692 1.3050393 1.2647882 1.2415557 1.2271314 1.1705693 1.3225164 1.1661010 1.1905007 1.0895252 1.1239484 1.1066906 1.1217308 1.2464444 1.2848731 1.1901419 1.1647777 1.1312184 1.1567204 1.1583287 1.1101472 1.2044535 0.9624971 0.9011721 0.9010782 0.8695410 0.7788672 0.7453143 0.6355618 0.0000000 1.6730420 1.7677052 1.7352903 1.6313684 1.7273371 1.5768038 1.5465242 1.4881131 1.7734440 1.3166315 1.6001442 1.5355880 1.5744446 1.5139417 1.5824241 1.5708960 1.5754093 1.5474043 1.5929496 1.7864742 1.6559340 1.7038947 1.8243937 1.7271162 1.8216391 1.7077917 1.8003968 1.6030756 1.7255248 1.7168837 1.6855740 1.3828973 1.4005534 1.5187536 1.5406763 1.3486963 1.6694093 
Mlei_ML2820.g8.i1                                       1.5960552 1.5444856 1.2598250 1.6764983 1.6545859 1.7274173 1.6803858 1.7023494 1.4326748 1.7303852 1.7254898 1.5772382 1.8072918 1.6051650 1.7703529 1.4667038 1.6651871 1.5918143 1.6615343 1.6723040 1.6951880 1.8177981 1.7084127 1.6884159 1.6040697 1.6113535 1.6111568 1.6261275 1.7262440 1.5591698 1.6712721 1.8275893 1.4263319 1.6961426 1.3474941 1.6730420 0.0000000 0.0397940 0.0223495 0.1436690 0.2485596 0.4359153 0.4257831 0.3073357 0.2426307 0.2622762 0.4230408 1.7029271 1.9459898 1.8846779 1.9574738 1.9525698 1.9523693 1.9329303 1.9848330 2.0868250 2.0422582 2.2195848 2.2587994 2.1615174 2.2364441 2.1445631 2.1116976 1.9100221 2.2140320 1.9366671 2.1300687 1.8447243 1.8289872 1.7406982 1.7563464 1.7549868 2.2301403 
Bolinf_Binf_sb1263040                                   1.4970095 1.3094228 1.3584409 1.3263851 1.5241134 1.7219699 1.5022668 1.5252783 1.5058436 1.5602318 1.3863629 1.3695617 1.5051512 1.3571250 1.3615438 1.3691833 1.4042437 1.3593328 1.3586843 1.3505498 1.3297155 1.5497420 1.4551273 1.7245295 1.4837873 1.4842870 1.5199009 1.4914417 1.6721308 1.6253550 1.6072611 1.4647949 1.4791364 1.6947242 1.2410679 1.7677052 0.0397940 0.0000000 0.0000010 0.1738243 0.2618441 0.2656229 0.2368894 0.2417871 0.2472255 0.0000010 0.2712184 1.6994700 1.6994700 1.7576022 1.7375636 1.7265799 1.7360777 1.7506344 2.0202493 2.0647515 2.1150803 2.1636409 2.2655493 2.4677506 2.3789513 2.1403542 2.1236564 2.0256018 2.0803158 1.8894117 1.7270592 1.6383008 1.9223475 1.8351315 1.9042684 1.7775614 2.4114685 
Mertsp_Mesp_sb577992                                    1.4224542 1.2756788 1.3607118 1.3390239 1.4998286 1.7219699 1.5124310 1.6031729 1.5366788 1.5868732 1.4068998 1.3870635 1.3853685 1.3896016 1.3921605 1.3887487 1.4430691 1.3906991 1.3899104 1.3625404 1.3629906 1.5605027 1.4503428 1.7504256 1.4327987 1.4424806 1.5386628 1.5234569 1.6784406 1.6451756 1.6425075 1.4129847 1.4069971 1.6258178 1.1099863 1.7352903 0.0223495 0.0000010 0.0000000 0.1689969 0.2357398 0.2403487 0.2200733 0.2060596 0.2189190 0.0000010 0.2684831 1.7227280 1.7227280 1.7723842 1.7479078 1.7485923 1.7586800 1.7717374 2.1043143 2.0737312 2.0782962 2.1564555 2.1651248 2.2367595 2.3868804 2.0251193 2.0423670 1.9489889 1.9915799 1.9151161 1.5933229 1.5674554 1.8569964 1.7682566 1.8157040 1.8065149 2.2421172 
Beraby_Baby_sb348678                                    1.4056220 1.2739681 1.3033133 1.2465921 1.4322344 1.7575084 1.4387774 1.3984275 1.5223394 1.4341506 1.3528050 1.3661730 1.4616992 1.3452433 1.4707481 1.3313221 1.3784688 1.3725642 1.3778097 1.3586286 1.3462244 1.4894068 1.4562051 1.5120352 1.4152420 1.4061443 1.4004690 1.4124141 1.4351368 1.3465852 1.4432287 1.4203800 1.4255158 1.6490006 1.3011885 1.6313684 0.1436690 0.1738243 0.1689969 0.0000000 0.2613345 0.2671182 0.2677673 0.2493338 0.2400557 0.2228294 0.2948578 1.6231563 1.6231563 1.6046143 1.6054224 1.6089172 1.6152512 1.6358348 1.7110301 1.8715902 2.0869677 2.0186468 1.9749020 1.9423541 2.2696092 2.0614794 2.0581862 1.9072406 2.0639555 1.9579998 1.6639840 1.5841070 1.8842514 1.7161560 1.8035154 1.7156434 2.1133756 
Pbac_sb2647672                                          1.4841832 1.3273860 1.3429259 1.3417096 1.4393395 1.7646607 1.5840311 1.5319508 1.5852812 1.5150407 1.4711515 1.4330369 1.6451899 1.4715783 1.4218899 1.4207451 1.4417031 1.4160552 1.4190807 1.3848450 1.3444116 1.5955886 1.5091179 1.6434545 1.5162949 1.4937539 1.5620900 1.5049834 1.6273367 1.5660372 1.5737458 1.5345007 1.5097036 1.7857715 1.4272868 1.7273371 0.2485596 0.2618441 0.2357398 0.2613345 0.0000000 0.0025210 0.3009133 0.3354570 0.3415839 0.1939290 0.3553694 1.7076825 1.7076825 1.7457746 1.7361687 1.7239940 1.7318018 1.7279519 1.9061056 2.0591728 2.1382867 2.1313221 2.0204942 2.0868256 2.4668342 2.2299035 2.1868748 1.9507353 2.2426414 2.0681228 1.7398020 1.5951211 1.9085357 1.6948806 1.8636711 1.8231807 2.0997215 
Horcal_Hcv1.av93.c1.g148.i1                             1.6301820 1.5578876 1.2212554 1.6419895 1.6340815 1.7646607 1.5860470 1.7816940 1.3873484 1.7750128 1.7413356 1.6528889 1.9658667 1.7664748 1.7621372 1.5230880 1.7183375 1.6105304 1.6820746 1.6404180 1.6174388 1.8135302 1.6799505 1.7366705 1.6430886 1.6587772 1.6351173 1.6356083 1.6652270 1.5500577 1.6702608 1.8154025 1.4361988 1.7873325 1.4279532 1.5768038 0.4359153 0.2656229 0.2403487 0.2671182 0.0025210 0.0000000 0.4518410 0.4081715 0.3514940 0.3012397 0.4879582 1.7978090 2.0937568 2.0650558 2.1001305 2.1179127 2.1168945 2.0795308 2.0177757 2.2043441 2.0806952 2.3005985 2.1839844 2.1629260 2.2585327 2.1233092 2.2322853 1.8920891 2.2493173 1.9399142 2.1375666 1.8649622 1.8748862 1.6809894 1.7505186 1.8128441 2.2896061 
Eupdun_Edun_sb10674256                                  1.5183136 1.4569585 1.2544517 1.5996929 1.5288312 1.6897272 1.4726842 1.7127731 1.4070221 1.5851214 1.5612114 1.4534948 1.7023932 1.5063547 1.5381893 1.3978546 1.4607917 1.4189348 1.4505066 1.4784047 1.4744576 1.7342743 1.5929795 1.6347649 1.5586182 1.5749797 1.4888531 1.4794728 1.6803075 1.5563412 1.5802898 1.6333786 1.4038894 1.7072979 1.2083724 1.5465242 0.4257831 0.2368894 0.2200733 0.2677673 0.3009133 0.4518410 0.0000000 0.3667116 0.2760335 0.3438879 0.4145192 1.7012870 1.8852285 1.8659712 1.9136902 1.8681683 1.8651576 1.8458607 1.9954851 2.0703215 1.9876238 2.1286957 2.0424698 2.0448096 2.1128666 2.0756627 2.1032389 1.7739665 2.1309047 1.9113318 1.9797674 1.7555735 1.7873501 1.6064132 1.6467137 1.6318716 2.0861596 
Vmul_Simscaffold15624_01                                1.4181910 1.3431494 1.2605226 1.4491991 1.4112369 1.5831488 1.3702486 1.4785766 1.3965821 1.4205844 1.4912014 1.4226518 1.5261908 1.3559655 1.5061696 1.3447279 1.4166036 1.4344116 1.4244541 1.4770242 1.4137405 1.5363280 1.4658031 1.5070078 1.4320608 1.4850247 1.4534748 1.3880980 1.5024962 1.3820985 1.4593705 1.4506910 1.2704199 1.5866507 1.2142936 1.4881131 0.3073357 0.2417871 0.2060596 0.2493338 0.3354570 0.4081715 0.3667116 0.0000000 0.1046647 0.1216014 0.3238627 1.5799971 1.7469496 1.7181288 1.7650921 1.7415135 1.7409475 1.7515210 1.7649534 1.9770666 1.9784434 2.0824034 2.0057298 1.9810850 2.1275841 1.8598950 1.9821946 1.8283809 1.9577031 1.8517129 1.8626989 1.6515609 1.6917287 1.5913049 1.6664626 1.7140669 2.0120272 
Coeast_Cast_sb789725                                    1.4567839 1.2797510 1.3498187 1.2856603 1.3905230 1.6712077 1.4583923 1.5169399 1.5887249 1.4823383 1.4336194 1.4290150 1.4696124 1.4044826 1.4430062 1.4446061 1.4853466 1.4169760 1.3766963 1.4008102 1.4048750 1.5507297 1.4852442 1.7552159 1.4918629 1.4700286 1.6283042 1.5230068 1.6159160 1.5701440 1.6178146 1.3910433 1.3842751 1.6402812 1.2078317 1.7734440 0.2426307 0.2472255 0.2189190 0.2400557 0.3415839 0.3514940 0.2760335 0.1046647 0.0000000 1.0069868 0.3097149 1.9041421 1.9041421 1.8821609 1.8865144 1.8233143 1.8341753 1.8989601 2.0257174 2.0391336 2.1108123 2.1479394 2.1648359 2.1152049 2.2309530 2.0183158 2.1707490 2.0266293 2.0063602 1.9271171 1.6265099 1.5942120 1.9312068 1.6929891 1.8083040 1.7103674 2.3158125 
Coemet_Cmet_scaffold3544_01                             1.0859954 1.1459935 1.1718835 1.2701654 1.1696448 0.0000010 1.0915867 1.2082473 1.1543710 1.1822588 1.1018386 1.0677321 1.1308803 0.9535133 1.2138050 1.0671074 1.0530251 1.1344822 1.1174902 1.1828452 1.1113083 1.2055221 1.1575203 0.9769416 1.0044267 1.0487698 1.0563813 1.0887890 1.2423478 1.1347605 1.1245858 1.2085549 1.1779408 1.7266927 2.9793660 1.3166315 0.2622762 0.0000010 0.0000010 0.2228294 0.1939290 0.3012397 0.3438879 0.1216014 1.0069868 0.0000000 0.2135884 1.2394207 1.3109862 1.3181562 1.3349665 1.3526215 1.3455718 1.3202562 1.3675706 1.9563932 1.7344462 1.7823932 1.9127018 1.9277947 1.7942974 1.6034788 1.6667712 1.7456404 1.6814627 1.6813175 1.8147090 1.3765383 1.4837361 1.3524073 1.4857277 1.4598092 1.6545581 
Lampan_Lpan_15521_01                                    1.6762654 1.6176247 1.3114107 1.7514758 1.7097033 2.0565107 1.6205923 1.8586818 1.3890331 1.7537713 1.8514163 1.6786131 1.9354312 1.6653161 1.7876190 1.5135708 1.6511870 1.5697968 1.6283108 1.7149135 1.7401546 1.9306635 1.7767718 1.7298489 1.7329070 1.7271371 1.6515887 1.6727822 1.7253187 1.5114822 1.6312258 1.7719642 1.3659846 1.6008235 1.2263660 1.6001442 0.4230408 0.2712184 0.2684831 0.2948578 0.3553694 0.4879582 0.4145192 0.3238627 0.3097149 0.2135884 0.0000000 1.7626682 2.0557215 2.0275259 2.0564276 2.0372175 2.0275447 2.0437822 2.0303686 2.0403475 2.0636082 2.3603217 2.1178431 2.0531310 2.2360525 2.2591518 2.3112932 1.8890342 2.2118784 1.9642326 2.2399358 1.9114120 1.8776538 1.6171963 1.7357377 1.8337144 2.2314441 
Tadh_TriadT29202                                        1.3813820 1.2704771 1.1932536 1.2982967 1.4392265 1.4399956 1.3597112 1.4108587 1.2595173 1.3806956 1.3500021 1.3409280 1.6230901 1.3966712 1.4734794 1.3477231 1.3691213 1.2662650 1.3545639 1.3636953 1.4145472 1.4621832 1.3938254 1.5356515 1.3786750 1.3977786 1.4253645 1.4155782 1.6448564 1.5979945 1.6988324 1.7967174 1.5297814 1.7285837 1.2944174 1.5355880 1.7029271 1.6994700 1.7227280 1.6231563 1.7076825 1.7978090 1.7012870 1.5799971 1.9041421 1.2394207 1.7626682 0.0000000 0.0022919 0.1841752 0.1901056 0.2073727 0.2068995 0.1911122 1.6725077 2.1484716 1.9773142 2.1960632 2.1846756 2.0398088 2.0183159 2.2313780 2.1556657 2.0412547 2.1002626 1.8340977 1.9711697 1.7433300 1.8510345 1.7531398 1.7023666 1.6303569 2.1080359 
TrH2_TrispH2_007349-RA                                  1.6286704 1.4301598 1.2020887 1.6014085 1.6867279 1.4399956 1.4635187 1.6335213 1.2604722 1.5397500 1.6380074 1.6033779 1.8658866 1.6284896 1.7566653 1.4043152 1.6147546 1.5484989 1.6219690 1.6011152 1.6676666 1.6899690 1.6238623 1.7577753 1.6680818 1.6959976 1.6255886 1.6287598 1.9525062 1.7610562 1.9589806 2.0881645 1.5517524 1.7285837 1.2944174 1.5744446 1.9459898 1.6994700 1.7227280 1.6231563 1.7076825 2.0937568 1.8852285 1.7469496 1.9041421 1.3109862 2.0557215 0.0022919 0.0000000 0.2481316 0.2502612 0.2589338 0.2591490 0.2442110 1.9010705 2.2854749 2.1808258 2.5078002 2.3048740 2.1174542 2.0708067 2.3562516 2.3382048 2.1037015 2.2986568 1.8632724 2.1586885 1.9272901 1.9543921 1.7803229 1.7055222 1.7265168 2.3362549 
HoiH06_mRNA1147                                         1.5152562 1.4034749 1.2043435 1.5432433 1.6010138 1.3965394 1.3875383 1.4924202 1.2447472 1.5172580 1.5557868 1.5034270 1.8057018 1.5720478 1.6735952 1.2939506 1.5364236 1.4614596 1.5862903 1.5447209 1.5998577 1.5353532 1.5606497 1.6917831 1.6165826 1.6445862 1.5923537 1.5670749 1.9138363 1.6732393 1.8799903 1.9213020 1.5277249 1.7011918 1.2638687 1.5139417 1.8846779 1.7576022 1.7723842 1.6046143 1.7457746 2.0650558 1.8659712 1.7181288 1.8821609 1.3181562 2.0275259 0.1841752 0.2481316 0.0000000 0.0452300 0.1362999 0.1344145 0.1617963 1.8731001 2.1967515 2.1048318 2.4677413 2.1937235 2.0307151 1.9872876 2.2145499 2.2366194 2.0008460 2.1934150 1.8817200 1.9881246 1.8651484 1.9189569 1.7097256 1.6926205 1.7514605 2.1120344 
