68
Hsap_ENST00000261191                                   0.0000000 0.8727487 0.8105203 1.5053546 0.8843453 1.5926828 1.6351893 1.3638162 1.4742030 1.4770557 1.4412299 1.5836842 1.6999967 1.7477830 1.5575741 1.8193396 1.7803838 0.9625052 0.9758826 1.5831143 2.5492287 1.1837856 1.0603284 0.9433770 2.4895427 2.5171581 2.5939686 2.6415866 2.6321954 1.3406086 1.4752915 1.2629569 1.9385124 1.6560253 1.6601821 1.9458547 1.7243311 2.0820486 1.9029065 2.1974832 2.1575311 1.6989058 2.9642478 2.1573274 2.9088868 2.3194612 2.2456217 3.9573345 2.5151650 2.7808636 2.6740797 3.4907944 2.8385917 2.9301166 2.8742981 2.6624675 3.7253942 3.7167021 3.6067409 3.6038931 2.8477040 4.0523009 3.5470535 4.2740888 3.6407068 3.7335668 3.1272279 3.2739443 
Bralan_BLAG05001013_1                                  0.8727487 0.0000000 0.7891415 1.3201601 0.7441158 1.4492351 1.5041741 1.0895215 1.3034127 1.2846266 1.3344534 1.3786236 1.6014139 1.6242659 1.4552390 1.5512574 1.6659022 0.9324689 0.8694589 1.5750517 2.2226659 1.1374650 1.0504461 0.9638609 2.4145048 2.4130280 2.4703603 2.5912653 2.6063948 1.2968718 1.4070824 1.2674601 1.8185609 1.6550823 1.4580250 1.6497512 1.8095403 2.1225286 1.7938843 2.0989352 2.0515341 1.4423586 2.9541553 2.0253975 2.8802993 2.2184501 2.2015788 3.7716162 2.3097369 2.6590214 2.7073552 2.6945555 2.6023110 2.7779838 2.5965494 2.4442139 3.6730459 3.5725347 3.6596414 3.5378626 3.1748586 3.9977362 3.2914655 3.4266472 3.3240774 3.3950615 2.7487887 3.1157421 
Skow_XM_006814244.1                                    0.8105203 0.7891415 0.0000000 1.1417293 0.8756072 1.3148401 1.3308628 1.1565470 1.2177555 1.2214047 1.2137262 1.3030036 1.3138387 1.4951851 1.2378463 1.3787004 1.4863779 0.9023518 0.8420138 1.5754143 2.0308035 0.8776480 0.8667228 0.9075584 2.2298345 2.1801611 2.3466402 2.3737314 2.3735615 1.1386627 1.3625499 1.0289676 1.6980836 1.6944066 1.4831722 1.6134847 1.2913516 2.0338100 1.8210111 2.0194919 1.9369796 1.5572433 2.4070074 1.7962784 2.4965282 1.9792872 2.2734845 3.5799953 1.8835682 2.4279322 2.2496573 3.0949267 2.7265561 2.5887384 2.6152553 2.4614573 3.3582747 3.0869394 3.3312343 3.1755557 2.2800582 3.7535565 3.0190147 3.1786989 3.0505064 3.2536977 2.5571427 3.3572499 
Exapal_XM_021054354.2                                  1.5053546 1.3201601 1.1417293 0.0000000 0.2948343 0.9298101 0.8586025 0.5946284 0.7042308 0.6897103 0.7027912 0.8252830 1.3741910 1.3472592 1.2999792 1.1257326 1.4343282 1.3572833 1.3909588 1.2968985 1.7473480 1.5993266 1.4428080 0.8745426 2.3996475 2.2678765 2.3916988 2.4822784 2.5170953 1.8532442 2.0116936 1.8255321 1.9346574 1.8389970 1.5380859 1.9217556 2.0176431 2.1036795 1.6259170 2.0291705 2.1186597 1.5739386 3.2442659 2.1451801 2.6098533 2.0843641 2.2885624 3.5385537 2.6352555 2.9682691 2.6266934 3.1484329 2.7652484 2.9519230 2.6480400 2.4996210 4.1341858 3.6833440 3.8465860 3.4056574 3.1721094 4.2836498 3.7827713 3.6150946 3.4988640 3.8167828 2.3193857 3.3931758 
Nvec_v1g115361                                         0.8843453 0.7441158 0.8756072 0.2948343 0.0000000 0.7905791 0.7395638 0.5723621 0.5296971 0.5157016 0.4928826 0.5102470 0.6267432 0.6304211 0.5005022 0.6394036 0.6797207 0.8883773 0.8643398 0.7939754 0.6608440 0.8223759 0.9542624 0.7669796 1.5331619 1.5560125 1.5548966 1.6112007 1.6112007 1.2547285 1.1452237 1.2402668 1.4778617 1.4581123 1.3985830 1.3749540 1.4248507 1.1849525 1.0742782 1.2378448 1.2598521 1.2579643 2.9111545 1.1660875 1.3958159 1.2220860 1.6013932 3.1450888 2.0153705 2.1366868 2.1814678 2.5982730 2.2595559 2.3987296 2.2147385 2.2241769 3.8198294 3.0012478 3.5031183 3.4817058 2.3881291 3.2875660 3.2625441 3.6215925 3.3117586 3.2364767 1.2165785 2.7482891 
Adig_XM_015901616.1                                    1.5926828 1.4492351 1.3148401 0.9298101 0.7905791 0.0000000 0.0834859 0.2825600 0.4157309 0.4028563 0.4008514 0.3892299 1.4246134 1.3620074 1.2997962 1.1861805 1.5324805 1.4993315 1.4827716 1.5347311 1.7590179 1.6589934 1.5410451 0.9188613 2.6083182 2.6190520 2.7056698 2.7115195 2.7399245 2.0003655 2.0910220 2.0439911 2.0824343 2.0733787 1.7194827 2.0090358 2.2342118 2.3779854 2.0500800 2.2207335 2.1883065 1.8636392 3.3653489 2.2060929 2.8032130 2.2838312 2.7657760 4.3295302 3.3367888 3.1499022 2.8163614 3.5111414 3.1090643 3.1953273 2.9211659 2.8294319 4.0546983 3.3884272 3.4073060 3.3254034 2.7221583 3.9312216 3.5155356 3.5854393 3.4279569 3.3717044 2.2912907 4.5184717 
Amil_Amillepora07560-RA                                1.6351893 1.5041741 1.3308628 0.8586025 0.7395638 0.0834859 0.0000000 0.1945266 0.4008113 0.3737487 0.3931058 0.3830768 1.4194299 1.3194883 1.3169779 1.1306306 1.5061862 1.5663785 1.5799573 1.5205216 1.8440076 1.6681743 1.5875513 1.5877395 2.6319290 2.6361780 2.7324793 2.7327072 2.7524053 2.0262828 2.0680854 1.9789357 2.0264517 2.0881646 1.7869098 1.9886724 2.2653682 2.3059468 1.9621334 2.1942040 2.1447733 1.7089743 3.9075793 2.1819508 2.9645155 2.3012596 2.5499433 4.2979681 3.5482780 3.1304655 2.8538538 3.1993309 2.8481351 3.0935639 2.9407969 2.8472964 4.1308283 3.7591345 3.7668622 3.3768325 3.0816901 4.1997161 3.7971134 3.8096901 3.6222455 3.6785976 2.2585232 4.0151442 
Fspp_ffun1.m4.26602.m1                                 1.3638162 1.0895215 1.1565470 0.5946284 0.5723621 0.2825600 0.1945266 0.0000000 0.1290944 0.1086490 0.0946899 0.2717979 1.1554729 1.1054557 0.6949008 0.8362378 1.2924107 1.1389869 1.2023261 1.2822533 1.6828102 1.2924410 1.2204283 0.7151552 2.3704325 2.4545183 2.4301868 2.4525953 2.4787814 1.6840707 1.7414475 1.7180839 1.7550576 1.8378390 1.5359203 1.5488003 1.5862656 1.9776387 1.8699604 1.9773365 2.0461093 1.7388432 4.1399677 1.7041534 2.0999283 1.5528758 2.3272180 4.2487135 2.6265454 2.8026299 2.6708680 3.1216676 2.7037664 3.0262765 2.5623560 2.5530167 3.9452465 3.6290761 4.0036717 3.5660918 2.0505323 3.4981688 3.7131665 3.4705905 2.8043920 3.0029424 2.1783953 4.0232577 
Spis_XP_022786486_1                                    1.4742030 1.3034127 1.2177555 0.7042308 0.5296971 0.4157309 0.4008113 0.1290944 0.0000000 0.0713956 0.2229897 0.3148016 1.3352397 1.2585927 1.2274920 1.0587824 1.3928460 1.3939555 1.3539433 1.2527056 1.7983999 1.5133742 1.4916346 0.8744251 2.3580699 2.4391980 2.4710800 2.4228047 2.4463405 1.7941886 1.9777713 1.8749884 2.0565686 1.8448451 1.5606688 1.9134609 1.9454752 2.1778027 1.7717764 2.1130180 2.1627490 1.6545124 3.2731536 2.0438947 2.6441266 2.0837548 2.1173627 3.6142084 2.6523153 2.7745623 2.5388286 3.1762111 2.7642162 2.7692914 2.4690224 2.3631449 3.7883721 3.4630490 3.6404613 3.4602493 3.0096429 3.8434034 3.5732245 3.7539914 3.3803418 3.4632526 2.2136781 3.2964527 
Pocdam_XM_027204852.1                                  1.4770557 1.2846266 1.2214047 0.6897103 0.5157016 0.4028563 0.3737487 0.1086490 0.0713956 0.0000000 0.2171132 0.2961768 1.3020230 1.2376754 1.1876075 1.0536073 1.3667434 1.3876254 1.3445041 1.2342126 1.8386919 1.4933539 1.4751697 0.8947681 2.3794884 2.4216323 2.4737942 2.4431954 2.4678330 1.7670625 1.9441850 1.8036278 1.9846363 1.8553875 1.5347420 1.8763339 1.9552719 2.1355964 1.7060919 2.0690613 2.1179753 1.6431657 3.2231099 2.0221187 2.5444297 2.0224165 2.1049722 3.6185953 2.5513984 2.7546046 2.4973357 3.1475227 2.7370167 2.7347304 2.4524765 2.3329724 3.6896460 3.4467220 3.6124126 3.3650865 2.9286438 3.7589599 3.5924381 3.7731782 3.3446371 3.4187573 2.2203901 3.1775382 
Gasp_gasp1.m3.6610.m1                                  1.4412299 1.3344534 1.2137262 0.7027912 0.4928826 0.4008514 0.3931058 0.0946899 0.2229897 0.2171132 0.0000000 0.3132105 1.3277345 1.3084702 1.2304798 1.0447725 1.3706069 1.3734632 1.3057050 1.2277295 1.8177393 1.4563604 1.4375306 0.9308475 2.4359365 2.3936237 2.4289219 2.4540612 2.4812605 1.7937027 1.8944899 1.8031776 1.9617808 1.7969735 1.5453346 1.8194423 1.8751352 2.1365253 1.7873379 2.0760834 2.1180639 1.6278408 3.0004465 1.9748503 2.5733972 2.0174380 2.1811589 3.5261625 2.6534935 2.7342493 2.4297399 3.2406209 2.7404426 2.7587703 2.5383750 2.4089931 3.8671109 3.2090231 3.3254434 3.2915744 2.6721417 3.7377333 3.5236111 3.6645204 3.2987397 3.2177605 2.3379868 3.3680829 
Gfas_gfas1.m1.1236.m1                                  1.5836842 1.3786236 1.3030036 0.8252830 0.5102470 0.3892299 0.3830768 0.2717979 0.3148016 0.2961768 0.3132105 0.0000000 1.3164436 1.3055169 1.1486576 1.1017475 1.4587111 1.4310695 1.3572784 1.3053241 2.3876052 1.5887273 1.4906178 0.9409507 2.3783434 2.2862844 2.4147418 2.4092445 2.4239179 1.8272355 1.9301058 1.8514982 1.9931376 1.9756671 1.6081328 1.8785377 1.8889991 2.2891367 1.9116367 2.1978138 2.1440213 1.7335249 2.8727079 1.9548145 2.6858040 2.1305811 2.2097420 3.4723313 2.6600793 2.8510161 2.5500690 3.4241946 2.9308217 2.6986949 2.7723374 2.6367649 4.0357927 3.3341337 3.5305105 3.4088754 2.8221157 3.8933233 3.6796743 3.7467631 3.2923000 3.7037147 2.7861462 3.2123550 
Aaur_scaffold193.g6.t2                                 1.6999967 1.6014139 1.3138387 1.3741910 0.6267432 1.4246134 1.4194299 1.1554729 1.3352397 1.3020230 1.3277345 1.3164436 0.0000000 0.4671126 0.4730549 1.4185574 0.9617140 1.6041859 1.5326663 1.0262905 0.6556344 1.6747459 1.5892091 0.9594603 2.3787758 2.4610064 2.5295071 2.4902216 2.5073293 2.1199584 1.9971321 2.0153835 1.9707120 1.8742725 1.6085850 1.9611058 2.1584054 2.1912371 1.5602652 2.0834711 2.0987100 1.3798750 3.1781175 2.2209081 2.7895218 2.1375629 2.1661337 3.7920340 2.3079153 2.6659420 2.6079972 2.7428436 2.6812307 2.7436537 2.5170860 2.3544854 4.5748778 3.6679701 3.3829236 3.5962982 3.1726057 3.9592347 3.7456098 3.9646771 3.8354459 3.7917431 2.6097026 2.6269670 
Nemnom_g7407.t1                                        1.7477830 1.6242659 1.4951851 1.3472592 0.6304211 1.3620074 1.3194883 1.1054557 1.2585927 1.2376754 1.3084702 1.3055169 0.4671126 0.0000000 0.2216608 1.4164647 1.0175290 1.6482948 1.5773404 1.1069038 0.5910528 1.6966731 1.6681291 1.0040868 2.4357940 2.5247317 2.5143591 2.5678466 2.5698294 2.1335325 2.0576859 2.1741646 2.1887805 2.0081136 1.6654783 2.1301914 2.1528952 2.2634684 1.7810614 2.1418622 2.1573761 1.5667747 3.5503597 2.0321411 2.7583380 2.1009581 2.4010011 4.0565709 2.4885328 3.0329695 2.6466694 3.1272404 2.8218330 2.9290908 2.6534650 2.4715631 4.6712181 3.5281667 3.6854904 3.6346088 3.1715924 4.0138031 3.5710787 3.9866077 3.9178357 3.8223651 2.7619161 2.8554826 
Rhoesc_Res_000313-T1                                   1.5575741 1.4552390 1.2378463 1.2999792 0.5005022 1.2997962 1.3169779 0.6949008 1.2274920 1.1876075 1.2304798 1.1486576 0.4730549 0.2216608 0.0000000 1.4076790 1.0038477 1.7409131 1.4767166 0.6522988 1.0413150 1.7312382 1.7289466 0.9925112 2.0668349 1.9804172 2.0739832 2.1236777 2.1296949 1.9852262 1.8434803 1.9754751 2.0482720 1.5709987 1.1546732 1.9203879 2.0904803 2.1631554 1.0160535 2.0510037 2.0750883 0.9375256 3.4653897 2.0453610 2.8860656 2.1788511 1.3223087 2.8533840 2.3617026 2.6817434 2.3659482 2.0733150 1.9703910 2.6671096 2.2036596 1.9286485 4.1241951 3.6282026 3.3318927 3.4859288 3.0798303 3.7865093 3.4063029 4.3590432 3.8978962 3.9623294 3.6741758 1.6278433 
Dgig_XM_028551474.1                                    1.8193396 1.5512574 1.3787004 1.1257326 0.6394036 1.1861805 1.1306306 0.8362378 1.0587824 1.0536073 1.0447725 1.1017475 1.4185574 1.4164647 1.4076790 0.0000000 1.5073634 1.5628970 1.5794896 1.3380595 2.0258109 1.8560905 1.6518401 1.1122516 2.4492010 2.4125654 2.5201980 2.4851591 2.5208935 2.0007025 2.2362083 2.1248478 2.0055348 1.8384734 1.7585927 2.0636756 1.9884864 2.3202324 1.9038579 2.1515225 2.1379083 1.8836694 3.5120170 1.9955930 2.7080397 2.1065344 2.3579285 3.9704253 2.6621624 2.9621265 2.7727096 3.1657084 2.7622817 3.0466443 2.6310895 2.5513574 3.9295219 3.5047906 3.7091177 3.5149765 3.4263411 4.0231589 3.7999946 3.8268540 3.6758361 3.6300887 2.0345106 3.0572988 
Morvir_scaffold287.g7.t1                               1.7803838 1.6659022 1.4863779 1.4343282 0.6797207 1.5324805 1.5061862 1.2924107 1.3928460 1.3667434 1.3706069 1.4587111 0.9617140 1.0175290 1.0038477 1.5073634 0.0000000 1.7137195 1.6997099 1.2731348 1.0832580 1.9594617 1.7120863 1.0190658 2.7285489 2.8749417 2.7831192 2.9083027 2.9386175 2.0156216 2.1638761 2.1585370 2.0797065 2.0704905 1.7337238 2.0728846 2.2213452 2.4388174 2.0780955 2.3504887 2.3123869 1.6603538 3.5969761 2.0809194 2.7166894 2.1619432 2.5205787 3.7502817 2.3648826 2.7989366 2.5327322 3.1603143 2.9107364 3.0421676 2.6416628 2.4945838 4.4029638 3.9306275 3.7003525 3.7096436 3.1492840 3.7307633 3.7273436 4.1223798 3.8939901 3.8842682 2.9999955 3.1173181 
Cgig_XM_034450991.1                                    0.9625052 0.9324689 0.9023518 1.3572833 0.8883773 1.4993315 1.5663785 1.1389869 1.3939555 1.3876254 1.3734632 1.4310695 1.6041859 1.6482948 1.7409131 1.5628970 1.7137195 0.0000000 0.6437498 1.5649655 1.7303194 1.1050960 0.9440410 0.7070051 2.1868834 2.1913497 2.2434071 2.3585074 2.3441724 1.3454937 1.4704096 1.2492294 1.9806359 1.8721348 1.6129627 1.8895150 1.7201341 2.0989092 1.7307314 2.0587408 2.1471944 1.6193056 2.6719918 2.0732495 2.6220152 2.1087606 2.2068655 4.0575612 2.4272333 2.8634695 2.6148312 3.1014365 2.7460158 2.9366340 2.5636367 2.3957328 3.9608283 3.3712790 3.4201797 3.4248001 3.2986517 4.0662918 3.6110329 3.8847125 3.7723640 3.6178114 2.5337281 3.0558775 
Acagra_model.g7556.t1_model.g7558.t1                   0.9758826 0.8694589 0.8420138 1.3909588 0.8643398 1.4827716 1.5799573 1.2023261 1.3539433 1.3445041 1.3057050 1.3572784 1.5326663 1.5773404 1.4767166 1.5794896 1.6997099 0.6437498 0.0000000 1.4749118 2.1761627 1.1541054 0.9630001 0.8417647 2.3174724 2.2269664 2.3363552 2.3436850 2.3672079 1.3102545 1.5057590 1.2303640 1.9393816 1.7519551 1.3913803 1.7743035 1.9012386 2.1067564 1.7554448 1.9987918 2.0390040 1.6336990 2.9560491 2.0042689 2.6990450 2.1061339 2.1215023 3.9007093 2.3991946 2.7570348 2.5587783 3.1465381 2.6662110 2.9002044 2.5117250 2.3943283 3.6081314 3.3204044 3.3483952 3.4512460 3.1875823 3.8585431 3.3111497 3.6328516 3.8073205 3.4381434 2.8438211 2.8891219 
Chem_TCONS_00000722                                    1.5831143 1.5750517 1.5754143 1.2968985 0.7939754 1.5347311 1.5205216 1.2822533 1.2527056 1.2342126 1.2277295 1.3053241 1.0262905 1.1069038 0.6522988 1.3380595 1.2731348 1.5649655 1.4749118 0.0000000 1.8556473 1.4073180 1.3292418 0.9951868 2.3602181 2.5613077 2.5406114 2.7794404 2.8026973 1.8001599 1.8618209 1.8898261 1.6762895 1.8849084 2.1283291 2.1885812 1.5767847 1.8289284 1.8828473 1.9086866 1.8388274 1.8251868 3.6265295 1.7475547 2.7087454 1.8290674 2.5170377 4.2293569 2.5400631 3.0496071 2.9461116 3.5077896 3.2244040 3.1569089 2.9141904 2.8947990 4.6814159 4.2572943 3.9157415 4.1300956 2.2151107 3.5424539 4.0008031 4.5568487 3.6937501 3.7084147 3.6132000 3.2416823 
Sanmal_Sma_010384-T1                                   2.5492287 2.2226659 2.0308035 1.7473480 0.6608440 1.7590179 1.8440076 1.6828102 1.7983999 1.8386919 1.8177393 2.3876052 0.6556344 0.5910528 1.0413150 2.0258109 1.0832580 1.7303194 2.1761627 1.8556473 0.0000000 1.9999553 1.9872091 3.1208826 3.4526365 3.7228938 3.7469073 4.0158738 4.0508831 2.9518561 3.9179436 2.2460960 2.6266338 3.1864777 2.4696416 2.5576362 3.1606149 2.6718837 2.7330060 2.8457228 2.5546249 2.0487888 2.7491606 2.3339552 2.4593631 2.0983712 4.1819961 6.9585650 5.7264335 3.2479732 2.5993713 2.9312478 2.9424298 2.9858556 2.5159830 2.5213985 5.2451581 4.8772958 5.5416157 5.1245175 1.7898747 4.5264513 4.6776674 4.1562078 4.0886775 3.9378323 2.7736231 4.6692729 
Spur_XM_030981625.1                                    1.1837856 1.1374650 0.8776480 1.5993266 0.8223759 1.6589934 1.6681743 1.2924410 1.5133742 1.4933539 1.4563604 1.5887273 1.6747459 1.6966731 1.7312382 1.8560905 1.9594617 1.1050960 1.1541054 1.4073180 1.9999553 0.0000000 1.0739577 1.0648607 2.6016018 2.6669077 2.6140999 2.7277934 2.7416809 1.3923047 1.6982827 1.5127771 1.9723437 1.9050573 1.8115673 1.9717313 1.8866679 2.1862643 1.7549675 2.2666410 2.2089377 1.5066103 3.1292302 2.1985016 2.9510398 2.2849209 2.2723137 3.8805338 2.4016071 2.6967654 2.7324744 2.9713690 2.6846551 2.8539996 2.4532311 2.4421495 4.1304707 3.3519046 3.8047330 3.2468346 2.8035205 4.4253954 3.4346561 3.8952804 3.7643884 3.5052800 3.4068325 3.3873568 
Ctel_gnl_WGS_AMQN_CAPTEDRAFT_mRNA125637                1.0603284 1.0504461 0.8667228 1.4428080 0.9542624 1.5410451 1.5875513 1.2204283 1.4916346 1.4751697 1.4375306 1.4906178 1.5892091 1.6681291 1.7289466 1.6518401 1.7120863 0.9440410 0.9630001 1.3292418 1.9872091 1.0739577 0.0000000 0.9856552 2.4324520 2.2986817 2.4198590 2.4761570 2.4692547 1.4098218 1.5490459 1.4093226 1.9798772 1.7891750 1.4062682 1.8285102 1.8912727 2.1993637 1.6591204 2.2142474 2.2205428 1.5508627 2.9803437 2.0589768 2.9084976 2.2763915 2.0374285 4.0760471 2.5778583 3.0312960 2.8368371 3.1277914 2.7992650 3.1737344 2.8626097 2.7469634 4.3698887 3.2194331 3.5556945 3.5415279 3.2998191 4.1293282 3.6014956 3.8172718 3.7902542 3.5201738 3.0474597 2.9932790 
Tadh_TriadT30328                                       0.9433770 0.9638609 0.9075584 0.8745426 0.7669796 0.9188613 1.5877395 0.7151552 0.8744251 0.8947681 0.9308475 0.9409507 0.9594603 1.0040868 0.9925112 1.1122516 1.0190658 0.7070051 0.8417647 0.9951868 3.1208826 1.0648607 0.9856552 0.0000000 0.0382658 0.1985149 0.2004451 0.1992231 0.2079562 0.8301196 0.9853953 0.7653476 1.1440663 1.1657248 1.1147563 1.0735239 1.2451038 1.1765548 0.7751988 1.0970349 1.0875081 0.8249133 2.2480151 1.0282483 1.3744331 1.2307564 0.8965512 2.3656840 1.8057656 1.8318707 1.5964239 2.2896875 1.9731006 1.6503698 2.0617703 1.9183069 3.1342480 2.4712878 2.5997320 2.6998442 9.0000000 3.6939497 2.5667114 3.4017291 3.1245323 3.4162591 2.0949433 1.5112935 
TrH2_TrispH2_010559-RA                                 2.4895427 2.4145048 2.2298345 2.3996475 1.5331619 2.6083182 2.6319290 2.3704325 2.3580699 2.3794884 2.4359365 2.3783434 2.3787758 2.4357940 2.0668349 2.4492010 2.7285489 2.1868834 2.3174724 2.3602181 3.4526365 2.6016018 2.4324520 0.0382658 0.0000000 0.3253638 0.3129263 0.3159405 0.3181174 2.6618185 2.4894823 2.6468781 2.7001768 2.3352439 2.2748163 2.7456197 2.3921875 2.8311616 2.5772512 2.6073604 2.5882255 2.5641123 3.6734152 2.4293592 3.1743534 2.5250205 2.7848106 4.3759138 2.6284895 3.4560784 3.1092305 3.6976064 3.2597201 3.3089178 3.2390532 2.8948339 5.6357504 4.0437930 4.2051497 4.3432746 3.8222304 4.4756706 4.8320588 4.8972956 4.2950088 4.3166304 4.4781473 3.4985110 
HoiH06_mRNA8004                                        2.5171581 2.4130280 2.1801611 2.2678765 1.5560125 2.6190520 2.6361780 2.4545183 2.4391980 2.4216323 2.3936237 2.2862844 2.4610064 2.5247317 1.9804172 2.4125654 2.8749417 2.1913497 2.2269664 2.5613077 3.7228938 2.6669077 2.2986817 0.1985149 0.3253638 0.0000000 0.0776032 0.1439122 0.1448862 2.6068921 2.5644408 2.7189118 2.6633769 2.4719035 2.2326204 2.6864250 2.4399505 2.9705969 2.7184037 2.7971294 2.6937346 2.6698131 3.7317807 2.5551325 3.4788980 2.6563852 2.8325397 4.8189122 2.7683239 3.9466186 3.5235271 4.1413444 3.6697933 3.7391190 3.6637797 3.2886329 5.8118413 4.4469639 4.2329958 4.6554510 4.7024725 4.6184422 5.1858069 5.1833209 4.7038542 4.4545540 5.0850345 4.1409985 
HoiH23_PlH23_006073-RA                                 2.5939686 2.4703603 2.3466402 2.3916988 1.5548966 2.7056698 2.7324793 2.4301868 2.4710800 2.4737942 2.4289219 2.4147418 2.5295071 2.5143591 2.0739832 2.5201980 2.7831192 2.2434071 2.3363552 2.5406114 3.7469073 2.6140999 2.4198590 0.2004451 0.3129263 0.0776032 0.0000000 0.1568182 0.1637491 2.7264208 2.5696634 2.7462316 2.7518296 2.4318967 2.2339527 2.7230179 2.3606752 2.9204799 2.7180503 2.7274661 2.7003701 2.6688673 3.8431043 2.4514901 3.2927340 2.6442366 2.8613440 4.4218009 2.6393502 3.7932456 3.3922773 4.2231485 3.6902477 3.6364771 3.6906910 3.3349025 5.6987352 4.0448959 4.2858969 4.2669247 3.8404750 4.7578456 4.8356874 4.8939819 4.5197740 4.3007613 5.1375261 4.0621623 
Hhon_g09673.t1                                         2.6415866 2.5912653 2.3737314 2.4822784 1.6112007 2.7115195 2.7327072 2.4525953 2.4228047 2.4431954 2.4540612 2.4092445 2.4902216 2.5678466 2.1236777 2.4851591 2.9083027 2.3585074 2.3436850 2.7794404 4.0158738 2.7277934 2.4761570 0.1992231 0.3159405 0.1439122 0.1568182 0.0000000 0.0103615 2.8463538 2.5594594 2.8442558 2.8187839 2.4831501 2.1992687 2.7428854 2.4259501 2.8166931 2.5966394 2.6817874 2.6708156 2.6287129 4.1584357 2.3829592 3.1129738 2.5053954 2.8405649 4.3982363 2.6226685 3.6937407 3.3010805 4.2797671 3.6805777 3.6552130 3.7016371 3.3355735 5.5650969 3.9690504 4.2092902 4.3383778 3.7167080 4.5748230 4.9466398 4.9779619 4.3515976 4.4188923 5.4129195 4.0414943 
HoiH04_mRNA8799                                        2.6321954 2.6063948 2.3735615 2.5170953 1.6112007 2.7399245 2.7524053 2.4787814 2.4463405 2.4678330 2.4812605 2.4239179 2.5073293 2.5698294 2.1296949 2.5208935 2.9386175 2.3441724 2.3672079 2.8026973 4.0508831 2.7416809 2.4692547 0.2079562 0.3181174 0.1448862 0.1637491 0.0103615 0.0000000 2.8591952 2.5839120 2.8376823 2.8353922 2.5036305 2.2041477 2.7490355 2.4259501 2.8574869 2.5773870 2.7193757 2.6880347 2.6353763 4.1584357 2.3826602 3.1190015 2.5090825 2.8576804 4.3866675 2.6063464 3.6808557 3.3240105 4.3142418 3.7133231 3.6380509 3.7309828 3.3532085 5.5732130 3.9654732 4.2393502 4.3438380 3.7537190 4.5748230 4.9646477 5.0122168 4.3920722 4.4226674 5.4796647 4.0633223 
Tcas_TC006499_001                                      1.3406086 1.2968718 1.1386627 1.8532442 1.2547285 2.0003655 2.0262828 1.6840707 1.7941886 1.7670625 1.7937027 1.8272355 2.1199584 2.1335325 1.9852262 2.0007025 2.0156216 1.3454937 1.3102545 1.8001599 2.9518561 1.3923047 1.4098218 0.8301196 2.6618185 2.6068921 2.7264208 2.8463538 2.8591952 0.0000000 1.4051354 1.4302692 2.1224140 1.9973421 1.7616327 2.0423968 1.9044513 2.4334771 2.1268900 2.4429933 2.4432242 2.0475481 3.1524232 2.3481027 3.2143346 2.5058154 2.4538069 4.3334247 2.5213317 3.0067230 2.9664647 3.6800531 2.9798502 2.9610819 2.8732538 2.7605927 4.2244995 3.4335796 4.2341744 3.7837379 3.8275271 4.2635045 3.9591869 4.4513531 4.1602784 4.0510480 3.7894092 3.1967080 
Dpul_mRNA26014                                         1.4752915 1.4070824 1.3625499 2.0116936 1.1452237 2.0910220 2.0680854 1.7414475 1.9777713 1.9441850 1.8944899 1.9301058 1.9971321 2.0576859 1.8434803 2.2362083 2.1638761 1.4704096 1.5057590 1.8618209 3.9179436 1.6982827 1.5490459 0.9853953 2.4894823 2.5644408 2.5696634 2.5594594 2.5839120 1.4051354 0.0000000 1.8139138 2.3595686 2.2001574 1.9279357 2.3475497 1.8146449 2.3391216 2.1247089 2.3853322 2.3157728 1.7942920 3.2020085 2.4065286 3.7108307 2.6835631 2.3216232 3.7935935 2.4083749 3.0241579 3.0846351 4.0555730 3.2443896 3.2031725 2.9143408 2.7542886 4.4411147 3.5096064 4.0895656 3.7203006 3.7630909 4.4813386 4.0307378 4.3476928 3.9387241 4.2853970 6.4619312 3.4443952 
Cscu_XM_023388085.1                                    1.2629569 1.2674601 1.0289676 1.8255321 1.2402668 2.0439911 1.9789357 1.7180839 1.8749884 1.8036278 1.8031776 1.8514982 2.0153835 2.1741646 1.9754751 2.1248478 2.1585370 1.2492294 1.2303640 1.8898261 2.2460960 1.5127771 1.4093226 0.7653476 2.6468781 2.7189118 2.7462316 2.8442558 2.8376823 1.4302692 1.8139138 0.0000000 2.3984116 2.0103518 2.2392590 2.4531603 2.5768146 2.7080616 2.0744554 2.6410136 2.7456480 2.0612844 3.4081449 2.6405085 2.9716909 2.6340135 2.7140595 4.3222081 2.4142603 2.9302104 3.0540765 3.9151136 3.2456099 3.2157536 2.8248779 2.8047700 4.6931606 3.9803748 4.2128159 4.0779581 3.3652922 5.3650053 4.1798917 4.5465024 4.6387846 4.0309445 3.4320584 3.1462827 
Aque_Aqu2.1.37087_001                                  1.9385124 1.8185609 1.6980836 1.9346574 1.4778617 2.0824343 2.0264517 1.7550576 2.0565686 1.9846363 1.9617808 1.9931376 1.9707120 2.1887805 2.0482720 2.0055348 2.0797065 1.9806359 1.9393816 1.6762895 2.6266338 1.9723437 1.9798772 1.1440663 2.7001768 2.6633769 2.7518296 2.8187839 2.8353922 2.1224140 2.3595686 2.3984116 0.0000000 0.4225255 0.9073204 0.9248618 1.2996762 2.1590760 1.9654678 2.1196449 2.0927128 1.8882151 1.7370252 2.1832394 3.0179677 2.3502977 1.6168733 3.8160029 2.5001449 3.0262151 2.7232248 3.3798467 3.0256386 2.9581702 2.7095317 2.6640205 4.4366238 3.2072047 3.3518832 3.4822461 3.7198066 3.8970491 3.6226636 3.8764836 3.8935696 3.6910443 3.5312851 3.7724738 
Xestes_maker-XT_scaffold5839-augustus-gene-0.11-mRNA-1 1.6560253 1.6550823 1.6944066 1.8389970 1.4581123 2.0733787 2.0881646 1.8378390 1.8448451 1.8553875 1.7969735 1.9756671 1.8742725 2.0081136 1.5709987 1.8384734 2.0704905 1.8721348 1.7519551 1.8849084 3.1864777 1.9050573 1.7891750 1.1657248 2.3352439 2.4719035 2.4318967 2.4831501 2.5036305 1.9973421 2.2001574 2.0103518 0.4225255 0.0000000 1.0054524 1.0328072 1.1308312 2.0893557 1.9436161 2.0029876 1.9377335 1.9518118 2.5653809 2.0758911 2.6166467 1.9491806 1.7193676 4.3144772 2.5487384 3.0733337 2.7052144 3.5918060 3.1440177 3.1048133 3.0775526 2.9165667 4.3198081 3.2540550 3.6689236 3.6594672 4.0030198 3.9177463 3.7214671 4.2635403 3.6471328 3.6281683 3.2860657 3.5098405 
Emue_Em0001g1369a.t1                                   1.6601821 1.4580250 1.4831722 1.5380859 1.3985830 1.7194827 1.7869098 1.5359203 1.5606688 1.5347420 1.5453346 1.6081328 1.6085850 1.6654783 1.1546732 1.7585927 1.7337238 1.6129627 1.3913803 2.1283291 2.4696416 1.8115673 1.4062682 1.1147563 2.2748163 2.2326204 2.2339527 2.1992687 2.2041477 1.7616327 1.9279357 2.2392590 0.9073204 1.0054524 0.0000000 0.0849816 0.9867010 1.8420118 2.0444540 1.9446440 1.8918403 1.8937186 2.6286252 1.8208491 2.3798364 1.9174473 1.6412204 3.9752729 2.1158611 2.7507978 2.6120434 3.6577448 3.0723500 3.1455254 2.9080114 2.9229301 3.9603921 3.2101394 3.9109475 3.6904233 3.6699153 3.5368433 3.9261444 3.7779881 3.0720774 3.4439691 3.7247401 3.9886841 
Spolac_c102826_g1_i1_m.31186c102826-g1                 1.9458547 1.6497512 1.6134847 1.9217556 1.3749540 2.0090358 1.9886724 1.5488003 1.9134609 1.8763339 1.8194423 1.8785377 1.9611058 2.1301914 1.9203879 2.0636756 2.0728846 1.8895150 1.7743035 2.1885812 2.5576362 1.9717313 1.8285102 1.0735239 2.7456197 2.6864250 2.7230179 2.7428854 2.7490355 2.0423968 2.3475497 2.4531603 0.9248618 1.0328072 0.0849816 0.0000000 0.9970059 2.2031188 2.0723096 2.2337010 2.2172379 1.8177872 1.3071268 2.2901114 2.8325781 2.3590258 1.6250274 3.8500060 2.5262353 2.8796334 2.9024039 3.6715998 3.0927516 3.2389939 2.8627930 2.8441834 3.9256026 3.1892908 3.5958123 3.6001730 2.9895066 3.8111928 3.8262637 3.6485655 3.4809725 3.6260789 3.6286714 4.0807894 
Plespi_Pspi_scaffold2079_01                            1.7243311 1.8095403 1.2913516 2.0176431 1.4248507 2.2342118 2.2653682 1.5862656 1.9454752 1.9552719 1.8751352 1.8889991 2.1584054 2.1528952 2.0904803 1.9884864 2.2213452 1.7201341 1.9012386 1.5767847 3.1606149 1.8866679 1.8912727 1.2451038 2.3921875 2.4399505 2.3606752 2.4259501 2.4259501 1.9044513 1.8146449 2.5768146 1.2996762 1.1308312 0.9867010 0.9970059 0.0000000 1.8661578 1.4469426 1.8656754 1.8571763 1.3380800 1.7025678 2.0581246 2.3611163 1.8452839 1.0580394 3.3522610 2.5285590 3.1459660 2.9869162 3.1296225 2.3753979 3.1783790 2.2094383 2.2747910 4.2861549 3.2294206 3.4914408 3.6789635 3.2588954 3.7775569 3.5438119 3.3830085 3.7495348 3.8000055 1.6827160 3.0633090 
Scil_scict017500.1                                     2.0820486 2.1225286 2.0338100 2.1036795 1.1849525 2.3779854 2.3059468 1.9776387 2.1778027 2.1355964 2.1365253 2.2891367 2.1912371 2.2634684 2.1631554 2.3202324 2.4388174 2.0989092 2.1067564 1.8289284 2.6718837 2.1862643 2.1993637 1.1765548 2.8311616 2.9705969 2.9204799 2.8166931 2.8574869 2.4334771 2.3391216 2.7080616 2.1590760 2.0893557 1.8420118 2.2031188 1.8661578 0.0000000 0.3771160 0.3522741 0.4543847 0.9506400 3.4509463 2.1649276 2.7401286 2.2369618 2.3834395 4.1199162 2.4617819 3.0193787 3.1063232 3.2154286 2.7032438 3.1368321 2.6242072 2.6063024 4.9476737 3.4798969 4.1052326 4.0629601 3.6221296 3.8993283 4.0128077 4.3772619 4.0156016 4.1198974 3.7614000 4.0778580 
Leuniv_Lniv_C805832_01                                 1.9029065 1.7938843 1.8210111 1.6259170 1.0742782 2.0500800 1.9621334 1.8699604 1.7717764 1.7060919 1.7873379 1.9116367 1.5602652 1.7810614 1.0160535 1.9038579 2.0780955 1.7307314 1.7554448 1.8828473 2.7330060 1.7549675 1.6591204 0.7751988 2.5772512 2.7184037 2.7180503 2.5966394 2.5773870 2.1268900 2.1247089 2.0744554 1.9654678 1.9436161 2.0444540 2.0723096 1.4469426 0.3771160 0.0000000 0.3861322 0.4511557 0.9110030 3.2340036 1.8746916 2.7687983 1.9265709 2.5947586 3.8898227 1.7962038 2.7675619 2.7223925 3.3705213 2.8597447 2.7676507 2.5088230 2.4876437 4.6497646 3.4247369 3.9723484 4.4033649 2.8142787 3.3611295 3.9164834 4.5229752 3.7175208 4.1204770 4.5220109 4.3448998 
Gracom_Gcom_scaffold11744_01                           2.1974832 2.0989352 2.0194919 2.0291705 1.2378448 2.2207335 2.1942040 1.9773365 2.1130180 2.0690613 2.0760834 2.1978138 2.0834711 2.1418622 2.0510037 2.1515225 2.3504887 2.0587408 1.9987918 1.9086866 2.8457228 2.2666410 2.2142474 1.0970349 2.6073604 2.7971294 2.7274661 2.6817874 2.7193757 2.4429933 2.3853322 2.6410136 2.1196449 2.0029876 1.9446440 2.2337010 1.8656754 0.3522741 0.3861322 0.0000000 0.4736632 0.9278467 3.2703924 2.0986014 2.7695066 2.2558793 2.4821841 3.9540140 2.2936113 2.7836823 3.0373176 3.2024985 2.5665889 3.0602935 2.4689091 2.4296752 4.6837448 3.2289079 3.8877387 3.8842697 3.1756316 4.0357456 3.7558256 4.0823205 3.7911746 4.1098705 4.1970752 3.8498738 
Lcom_lcpid41655                                        2.1575311 2.0515341 1.9369796 2.1186597 1.2598521 2.1883065 2.1447733 2.0461093 2.1627490 2.1179753 2.1180639 2.1440213 2.0987100 2.1573761 2.0750883 2.1379083 2.3123869 2.1471944 2.0390040 1.8388274 2.5546249 2.2089377 2.2205428 1.0875081 2.5882255 2.6937346 2.7003701 2.6708156 2.6880347 2.4432242 2.3157728 2.7456480 2.0927128 1.9377335 1.8918403 2.2172379 1.8571763 0.4543847 0.4511557 0.4736632 0.0000000 0.9696462 3.4396656 2.1790929 2.7773387 2.1835149 2.2825728 3.8732481 2.3547075 2.9164618 3.0980328 3.3356240 2.8541068 3.1633452 2.6299589 2.5375125 4.7105704 3.2129628 4.0225428 3.9022256 3.5658988 4.1795453 3.5581919 4.1355240 3.7570176 3.6039591 4.3515014 3.9489944 
Clacor_Ccor_scaffold9649_01                            1.6989058 1.4423586 1.5572433 1.5739386 1.2579643 1.8636392 1.7089743 1.7388432 1.6545124 1.6431657 1.6278408 1.7335249 1.3798750 1.5667747 0.9375256 1.8836694 1.6603538 1.6193056 1.6336990 1.8251868 2.0487888 1.5066103 1.5508627 0.8249133 2.5641123 2.6698131 2.6688673 2.6287129 2.6353763 2.0475481 1.7942920 2.0612844 1.8882151 1.9518118 1.8937186 1.8177872 1.3380800 0.9506400 0.9110030 0.9278467 0.9696462 0.0000000 2.8591028 1.8635487 2.9039063 2.0722661 2.6132366 3.7046923 1.9454535 2.5929232 2.6072511 2.8340720 2.6911677 2.5439242 2.4102689 2.4069602 3.9940027 3.3283210 3.7791261 3.9196326 0.9779205 3.4240366 3.4892770 4.0200801 3.3672968 3.5047507 3.5719090 4.4413263 
Stycar_maker-SC_scaffold4713-augustus-gene-0.3-mRNA-1  2.9642478 2.9541553 2.4070074 3.2442659 2.9111545 3.3653489 3.9075793 4.1399677 3.2731536 3.2231099 3.0004465 2.8727079 3.1781175 3.5503597 3.4653897 3.5120170 3.5969761 2.6719918 2.9560491 3.6265295 2.7491606 3.1292302 2.9803437 2.2480151 3.6734152 3.7317807 3.8431043 4.1584357 4.1584357 3.1524232 3.2020085 3.4081449 1.7370252 2.5653809 2.6286252 1.3071268 1.7025678 3.4509463 3.2340036 3.2703924 3.4396656 2.8591028 0.0000000 3.9411132 3.9270714 3.7478302 2.8650294 4.8112711 4.1051217 5.1228745 5.5016846 7.1572913 7.1380770 5.1527802 5.8020233 4.7327984 4.8771269 5.0838847 4.9082828 4.6254381 4.3210212 5.2502887 5.7640774 4.7565744 5.4141779 4.9893962 2.7639846 4.4399769 
Plajan_Pjan_scaffold16352_01                           2.1573274 2.0253975 1.7962784 2.1451801 1.1660875 2.2060929 2.1819508 1.7041534 2.0438947 2.0221187 1.9748503 1.9548145 2.2209081 2.0321411 2.0453610 1.9955930 2.0809194 2.0732495 2.0042689 1.7475547 2.3339552 2.1985016 2.0589768 1.0282483 2.4293592 2.5551325 2.4514901 2.3829592 2.3826602 2.3481027 2.4065286 2.6405085 2.1832394 2.0758911 1.8208491 2.2901114 2.0581246 2.1649276 1.8746916 2.0986014 2.1790929 1.8635487 3.9411132 0.0000000 1.7614353 1.5277694 2.2562372 3.8551435 2.7083001 2.9954279 2.7926676 3.6141208 3.0734275 3.2542348 2.6598362 2.5482981 4.6826255 3.2938864 3.5991455 3.3848569 3.2564856 3.8942928 3.4642666 3.8424821 3.5013019 3.9604098 2.9861686 3.6142514 
Ocar_g942                                              2.9088868 2.8802993 2.4965282 2.6098533 1.3958159 2.8032130 2.9645155 2.0999283 2.6441266 2.5444297 2.5733972 2.6858040 2.7895218 2.7583380 2.8860656 2.7080397 2.7166894 2.6220152 2.6990450 2.7087454 2.4593631 2.9510398 2.9084976 1.3744331 3.1743534 3.4788980 3.2927340 3.1129738 3.1190015 3.2143346 3.7108307 2.9716909 3.0179677 2.6166467 2.3798364 2.8325781 2.3611163 2.7401286 2.7687983 2.7695066 2.7773387 2.9039063 3.9270714 1.7614353 0.0000000 0.0119100 3.7580517 4.4586414 2.5722726 3.1342569 3.0118425 3.0582188 3.4859131 3.2743320 3.3612122 3.0367332 5.0955686 4.8044840 4.2036570 4.4782579 3.6787891 4.8940431 4.7384984 4.7274710 4.2189556 4.6104399 3.2930058 4.1813181 
Opea_EP00118_Oscarella_pearsei_P001723                 2.3194612 2.2184501 1.9792872 2.0843641 1.2220860 2.2838312 2.3012596 1.5528758 2.0837548 2.0224165 2.0174380 2.1305811 2.1375629 2.1009581 2.1788511 2.1065344 2.1619432 2.1087606 2.1061339 1.8290674 2.0983712 2.2849209 2.2763915 1.2307564 2.5250205 2.6563852 2.6442366 2.5053954 2.5090825 2.5058154 2.6835631 2.6340135 2.3502977 1.9491806 1.9174473 2.3590258 1.8452839 2.2369618 1.9265709 2.2558793 2.1835149 2.0722661 3.7478302 1.5277694 0.0119100 0.0000000 2.4169005 4.1293514 2.5009827 2.8401804 2.6295326 2.9684145 2.6547326 3.0184945 2.7842153 2.6699937 4.6683574 4.1420142 4.0033079 3.9475866 3.5848166 3.8552532 3.9759711 4.0256831 3.8369982 3.9601229 3.2513996 3.7249235 
Tetwil_g10621.t1                                       2.2456217 2.2015788 2.2734845 2.2885624 1.6013932 2.7657760 2.5499433 2.3272180 2.1173627 2.1049722 2.1811589 2.2097420 2.1661337 2.4010011 1.3223087 2.3579285 2.5205787 2.2068655 2.1215023 2.5170377 4.1819961 2.2723137 2.0374285 0.8965512 2.7848106 2.8325397 2.8613440 2.8405649 2.8576804 2.4538069 2.3216232 2.7140595 1.6168733 1.7193676 1.6412204 1.6250274 1.0580394 2.3834395 2.5947586 2.4821841 2.2825728 2.6132366 2.8650294 2.2562372 3.7580517 2.4169005 0.0000000 4.5322593 2.3710769 3.3065364 2.9250063 3.8063558 3.3862459 3.1646626 2.8336517 2.8603467 4.3827396 3.9126487 4.1153725 4.3872329 4.0944785 4.2103070 4.1541507 4.5933080 3.4409313 3.7638126 4.5163355 3.8228705 
Mlei_ML2962.g17.i1                                     3.9573345 3.7716162 3.5799953 3.5385537 3.1450888 4.3295302 4.2979681 4.2487135 3.6142084 3.6185953 3.5261625 3.4723313 3.7920340 4.0565709 2.8533840 3.9704253 3.7502817 4.0575612 3.9007093 4.2293569 6.9585650 3.8805338 4.0760471 2.3656840 4.3759138 4.8189122 4.4218009 4.3982363 4.3866675 4.3334247 3.7935935 4.3222081 3.8160029 4.3144772 3.9752729 3.8500060 3.3522610 4.1199162 3.8898227 3.9540140 3.8732481 3.7046923 4.8112711 3.8551435 4.4586414 4.1293514 4.5322593 0.0000000 1.7749845 2.2845149 2.1819131 5.1693610 4.2901700 2.6521645 3.6742369 3.6291426 6.1846878 5.1366431 4.9513086 5.1628665 3.6137568 5.3919343 4.8384094 5.0304756 4.9777473 5.7468836 7.9721080 5.3276735 
Pbac_sb2657602                                         2.5151650 2.3097369 1.8835682 2.6352555 2.0153705 3.3367888 3.5482780 2.6265454 2.6523153 2.5513984 2.6534935 2.6600793 2.3079153 2.4885328 2.3617026 2.6621624 2.3648826 2.4272333 2.3991946 2.5400631 5.7264335 2.4016071 2.5778583 1.8057656 2.6284895 2.7683239 2.6393502 2.6226685 2.6063464 2.5213317 2.4083749 2.4142603 2.5001449 2.5487384 2.1158611 2.5262353 2.5285590 2.4617819 1.7962038 2.2936113 2.3547075 1.9454535 4.1051217 2.7083001 2.5722726 2.5009827 2.3710769 1.7749845 0.0000000 0.0447342 0.7108858 1.0449485 0.4805152 0.8051044 0.8602149 0.7100486 4.3594366 4.4418874 4.0240786 4.1177711 5.6860174 5.5427993 3.7178959 4.7497868 4.0081567 4.5210334 3.6728432 3.2733031 
Horcal_Hcv1.av93.c2.g360.i1                            2.7808636 2.6590214 2.4279322 2.9682691 2.1366868 3.1499022 3.1304655 2.8026299 2.7745623 2.7546046 2.7342493 2.8510161 2.6659420 3.0329695 2.6817434 2.9621265 2.7989366 2.8634695 2.7570348 3.0496071 3.2479732 2.6967654 3.0312960 1.8318707 3.4560784 3.9466186 3.7932456 3.6937407 3.6808557 3.0067230 3.0241579 2.9302104 3.0262151 3.0733337 2.7507978 2.8796334 3.1459660 3.0193787 2.7675619 2.7836823 2.9164618 2.5929232 5.1228745 2.9954279 3.1342569 2.8401804 3.3065364 2.2845149 0.0447342 0.0000000 0.7549117 0.7687245 0.5472304 1.0045675 0.9861215 0.8837853 4.9862251 4.2059423 4.5824124 4.3345041 4.5646689 5.0490453 4.3653003 4.7413053 4.3347283 4.8131704 4.0755185 4.2613249 
Lampan_Lpan_14256_01                                   2.6740797 2.7073552 2.2496573 2.6266934 2.1814678 2.8163614 2.8538538 2.6708680 2.5388286 2.4973357 2.4297399 2.5500690 2.6079972 2.6466694 2.3659482 2.7727096 2.5327322 2.6148312 2.5587783 2.9461116 2.5993713 2.7324744 2.8368371 1.5964239 3.1092305 3.5235271 3.3922773 3.3010805 3.3240105 2.9664647 3.0846351 3.0540765 2.7232248 2.7052144 2.6120434 2.9024039 2.9869162 3.1063232 2.7223925 3.0373176 3.0980328 2.6072511 5.5016846 2.7926676 3.0118425 2.6295326 2.9250063 2.1819131 0.7108858 0.7549117 0.0000000 0.6920051 0.5571261 0.7400417 0.7383176 0.6631329 5.2429114 4.0879243 4.2194614 4.2832496 3.3928442 4.9418298 4.1300979 4.3994609 4.3676847 4.3859293 3.4793987 3.5505525 
Drygla_Dgla_sb311461                                   3.4907944 2.6945555 3.0949267 3.1484329 2.5982730 3.5111414 3.1993309 3.1216676 3.1762111 3.1475227 3.2406209 3.4241946 2.7428436 3.1272404 2.0733150 3.1657084 3.1603143 3.1014365 3.1465381 3.5077896 2.9312478 2.9713690 3.1277914 2.2896875 3.6976064 4.1413444 4.2231485 4.2797671 4.3142418 3.6800531 4.0555730 3.9151136 3.3798467 3.5918060 3.6577448 3.6715998 3.1296225 3.2154286 3.3705213 3.2024985 3.3356240 2.8340720 7.1572913 3.6141208 3.0582188 2.9684145 3.8063558 5.1693610 1.0449485 0.7687245 0.6920051 0.0000000 0.4316159 0.9401386 0.9114115 0.9021768 6.4384025 4.3813153 6.6490092 5.4473369 4.1460439 4.3533131 5.2061110 5.7497309 4.9347633 4.7924680 3.7123270 4.8824818 
Beraby_Baby_sb336201                                   2.8385917 2.6023110 2.7265561 2.7652484 2.2595559 3.1090643 2.8481351 2.7037664 2.7642162 2.7370167 2.7404426 2.9308217 2.6812307 2.8218330 1.9703910 2.7622817 2.9107364 2.7460158 2.6662110 3.2244040 2.9424298 2.6846551 2.7992650 1.9731006 3.2597201 3.6697933 3.6902477 3.6805777 3.7133231 2.9798502 3.2443896 3.2456099 3.0256386 3.1440177 3.0723500 3.0927516 2.3753979 2.7032438 2.8597447 2.5665889 2.8541068 2.6911677 7.1380770 3.0734275 3.4859131 2.6547326 3.3862459 4.2901700 0.4805152 0.5472304 0.5571261 0.4316159 0.0000000 0.8212102 0.8090300 0.7937225 5.1568515 4.3398767 4.3392135 4.7211271 3.1175090 3.9960270 4.3551697 4.8589552 3.8448804 4.1040787 3.5755313 4.3999157 
Vmul_SimC404390                                        2.9301166 2.7779838 2.5887384 2.9519230 2.3987296 3.1953273 3.0935639 3.0262765 2.7692914 2.7347304 2.7587703 2.6986949 2.7436537 2.9290908 2.6671096 3.0466443 3.0421676 2.9366340 2.9002044 3.1569089 2.9858556 2.8539996 3.1737344 1.6503698 3.3089178 3.7391190 3.6364771 3.6552130 3.6380509 2.9610819 3.2031725 3.2157536 2.9581702 3.1048133 3.1455254 3.2389939 3.1783790 3.1368321 2.7676507 3.0602935 3.1633452 2.5439242 5.1527802 3.2542348 3.2743320 3.0184945 3.1646626 2.6521645 0.8051044 1.0045675 0.7400417 0.9401386 0.8212102 0.0000000 0.4353733 0.3970190 5.7437065 4.6673353 4.8709964 4.7296931 3.9559325 5.3821662 4.5215323 4.8267066 4.3878436 5.2508199 3.6948931 4.0706013 
