58
Hsap_ENST00000441779                                   0.0000000 0.8303558 0.6055865 0.7932386 0.8123545 0.7893471 0.8236251 0.8122420 0.7913570 0.9343612 0.9925552 0.9228435 1.0825943 0.9251000 0.8858907 0.9152210 0.8979831 1.1420225 0.9416579 0.9826990 0.9700942 0.9366228 1.0198996 0.9830378 1.0254282 0.9706578 1.0838207 1.1754652 1.6680168 1.1285470 1.1020539 1.0255957 1.7019852 1.0373730 0.9818443 1.0485835 0.9801420 1.2595782 1.0529716 0.9156920 1.5939867 1.2466860 1.5017055 1.3046103 1.2731746 1.2623307 1.5645834 1.6928678 1.6725286 1.7651963 1.7791287 1.7393698 1.5876563 1.6778446 1.6038635 1.7399282 2.0843241 1.9128712 
Bralan_BLAG08001419_1                                  0.8303558 0.0000000 0.4906468 0.5249327 0.5114690 0.4832161 0.5405775 0.5777542 0.5592797 0.6399053 1.0204605 0.8758828 1.0243572 0.8647708 0.8461424 0.8457759 0.8565242 1.0377764 0.8449822 0.7654543 0.7709552 0.7436398 0.7677179 0.7683047 0.7972069 0.7823625 0.8545821 0.9068260 1.1488988 0.9561511 0.9564889 0.9877063 1.7373161 0.9314184 0.9424909 0.9654623 0.9749060 1.2799995 1.0687593 0.9901544 1.5172886 1.1562795 1.3857763 1.2026721 1.1924195 1.1856779 1.3636333 1.4817825 1.4475395 1.6245980 1.6582064 1.6232219 1.4278706 1.5547503 1.5210708 1.5941240 1.8091952 1.6395395 
Skow_XM_006822213.1                                    0.6055865 0.4906468 0.0000000 0.3994900 0.4737951 0.4408127 0.4619254 0.4763871 0.5009473 0.5386936 0.7363275 0.5605113 0.5292535 0.5341857 0.5547800 0.5426081 0.3446408 0.6968046 0.6071881 0.6730223 0.6649412 0.5139146 0.6977202 0.7000979 0.7988705 0.6711716 0.6763972 0.6875976 0.0000010 0.6802405 0.7145135 0.7514781 0.8565993 0.8103489 0.8007091 0.8191116 0.5004664 0.0000010 0.7301016 0.7404770 1.3315209 1.1387913 1.1271995 0.8437099 0.8307090 0.8201136 0.0000010 1.3002776 1.3912769 1.2689593 1.2934797 1.2758956 1.2546412 1.2895975 1.3845484 1.2574288 1.3688822 1.3589431 
Tcas_TC011120_001                                      0.7932386 0.5249327 0.3994900 0.0000000 0.3698771 0.3515025 0.4753439 0.5154180 0.4607546 0.6486003 1.0046599 0.8725662 1.0531358 0.8679082 0.8652883 0.8743950 0.8170792 1.0509483 0.8649655 0.8105455 0.8127882 0.8515731 0.8272655 0.8359308 0.8370286 0.8120200 0.9654416 1.0331750 1.0304660 0.9274889 0.9370259 0.8949000 1.5869972 0.8846213 0.9206849 0.9342202 0.9297893 1.3144682 0.9866295 0.8851227 1.5401027 1.2768625 1.4179561 1.1454507 1.1507419 1.1875466 1.4039080 1.5640963 1.5517166 1.6907389 1.6907389 1.5838652 1.4629717 1.6282173 1.4763610 1.5844238 1.8560009 1.7321116 
Dpul_mRNA22976                                         0.8123545 0.5114690 0.4737951 0.3698771 0.0000000 0.3750495 0.4659165 0.5523114 0.4895638 0.6442721 0.9832981 0.8758875 1.0382116 0.8528009 0.8625640 0.8651489 0.7945033 1.0685979 0.8214660 0.7951804 0.8045328 0.8010150 0.7904359 0.8256651 0.8217646 0.7953741 0.9154713 1.0341789 1.2282572 0.9551968 0.9506361 0.9119623 1.6238790 0.9182284 0.9635289 1.0066686 0.9693357 1.3517551 0.9559922 0.9500484 1.4910458 1.3441696 1.3883257 1.1231196 1.1460226 1.1675794 1.3352876 1.6220951 1.5771771 1.7681194 1.7938461 1.6999469 1.4893952 1.7183329 1.5317586 1.6588991 1.9303208 1.8397850 
Cscu_XM_023356500.1                                    0.7893471 0.4832161 0.4408127 0.3515025 0.3750495 0.0000000 0.4420452 0.4724140 0.4421273 0.6446186 0.9405812 0.8602868 0.9936582 0.8198111 0.8206191 0.8273627 0.7638366 1.0054116 0.8128570 0.7695813 0.7875705 0.7992454 0.8027932 0.7979490 0.8061574 0.7843435 0.8966806 0.9773491 1.3345630 0.8986102 0.9132492 0.8761748 1.5216929 0.8530120 0.9318422 0.9515444 0.9458443 1.2540928 1.0029636 0.9200785 1.4014750 1.1392900 1.2829349 1.1164034 1.0736520 1.0906765 1.3248675 1.4720195 1.4573714 1.5788837 1.6228970 1.5650584 1.4378704 1.5524623 1.4474869 1.5889020 1.8984636 1.7741938 
Ctel_gnl_WGS_AMQN_CAPTEDRAFT_mRNA150412                0.8236251 0.5405775 0.4619254 0.4753439 0.4659165 0.4420452 0.0000000 0.3372056 0.3335348 0.6669318 0.9562780 0.8623778 0.9909301 0.8320132 0.7999453 0.8029056 0.7892175 1.0727572 0.7969009 0.8049930 0.8142800 0.8019291 0.8080156 0.8126267 0.8133933 0.7946728 0.9284336 0.9813995 1.1838582 0.9234795 0.9349859 0.9106825 1.5548516 0.8894269 0.9496595 0.9296648 0.8852904 1.2408228 0.9052967 0.9191626 1.6053387 1.1402628 1.4163761 1.2250630 1.2153204 1.2017245 1.4314043 1.5199645 1.5322001 1.6498916 1.6697156 1.6828031 1.3876241 1.6190795 1.3506513 1.5855225 1.8226118 1.7213340 
Cgig_XM_034444644.1                                    0.8122420 0.5777542 0.4763871 0.5154180 0.5523114 0.4724140 0.3372056 0.0000000 0.3102951 0.6874506 0.9622648 0.8259405 0.9828847 0.7899523 0.7801136 0.7794455 0.8079148 1.0198979 0.7944857 0.8279356 0.8470832 0.8622407 0.8652276 0.8575275 0.8540946 0.8609768 0.9751839 1.0366854 1.1768472 0.9450753 0.9631148 0.8699653 1.5533867 0.9134404 0.9687994 0.9580628 1.0083363 1.3582169 0.9710900 0.9258808 1.5804233 1.2663071 1.4131483 1.2476987 1.2505166 1.2148710 1.4095096 1.5421974 1.5337092 1.7083282 1.7226377 1.6446253 1.4537162 1.7251404 1.5963037 1.6794134 2.0309412 1.8828548 
Acagra_model.g27267.t1                                 0.7913570 0.5592797 0.5009473 0.4607546 0.4895638 0.4421273 0.3335348 0.3102951 0.0000000 0.6636951 0.9245512 0.8156352 0.9398575 0.7675582 0.7770027 0.7687169 0.7573435 1.0300568 0.7631032 0.7803126 0.8061082 0.8132193 0.8238078 0.8184662 0.8201814 0.8161821 0.9559012 1.0474699 1.1674616 0.9275383 0.9537339 0.9198420 1.6368011 0.8892501 0.9881480 0.9649882 0.8901288 1.3210680 0.9456392 0.8981774 1.5522648 1.2365141 1.3345140 1.2215570 1.2000062 1.1772624 1.4111706 1.5395088 1.4967050 1.6502258 1.6984234 1.6322360 1.3887457 1.6272384 1.3424173 1.6341428 1.8364996 1.7726050 
Spur_NM_214669.1                                       0.9343612 0.6399053 0.5386936 0.6486003 0.6442721 0.6446186 0.6669318 0.6874506 0.6636951 0.0000000 1.0933078 0.9658781 1.1498190 0.9589982 0.9546806 0.9541013 0.8617692 1.0771907 0.8350409 0.8449846 0.8532295 0.8348611 0.8633464 0.9226445 0.9206608 0.8444613 1.0242835 1.0856274 1.5100467 1.0556853 1.0594490 1.0290627 1.7643402 1.0543951 1.0330097 1.1047998 0.9660836 1.3033608 1.0297995 0.9797609 1.5811328 1.2525486 1.4472699 1.3345071 1.2614605 1.2623832 1.4352318 1.6736426 1.7163740 1.7721130 1.7950376 1.7671112 1.5662781 1.7789273 1.6810522 1.7313980 1.8758000 1.8606449 
Adig_XM_015900782.1                                    0.9925552 1.0204605 0.7363275 1.0046599 0.9832981 0.9405812 0.9562780 0.9622648 0.9245512 1.0933078 0.0000000 0.1599379 0.3634502 0.2171694 0.2211369 0.2157454 0.1035174 0.9024051 0.7914643 1.0421397 1.0391467 1.2318028 1.1300594 1.0479608 1.1130262 1.0727901 1.0061548 1.1549466 1.1755321 1.0773029 1.0637770 1.0068694 2.0558928 1.2362275 1.2416139 1.2613191 1.2538151 1.4117912 1.2417042 1.1341345 1.7524994 1.4862572 1.5635998 1.4852129 1.4749688 1.4205901 1.7333347 1.8982358 1.8803566 2.0127519 2.0481929 2.0609649 1.8096315 1.7920907 2.0132958 1.9858296 2.4720392 2.2291156 
Gfas_gfas1.m1.17047.m1                                 0.9228435 0.8758828 0.5605113 0.8725662 0.8758875 0.8602868 0.8623778 0.8259405 0.8156352 0.9658781 0.1599379 0.0000000 0.2438050 0.1169403 0.1517700 0.1420560 0.1595200 0.7593315 0.6451127 0.9485686 0.9475743 1.0512446 0.9947311 0.9534165 1.0025080 0.9648364 0.8441002 1.0005226 1.0283084 0.9609841 0.9875166 0.9435639 1.8270876 1.0635989 1.1359135 1.1055812 1.0782103 1.2920609 1.0727303 0.9895008 1.5724192 1.3828363 1.4431278 1.3081488 1.2854073 1.2553628 1.6333561 1.7422033 1.7648244 1.8663545 1.8969659 1.9321986 1.7428453 1.7025981 1.8369800 1.9659358 2.3055461 2.1237894 
Fspp_ffun1.m4.12012.m1                                 1.0825943 1.0243572 0.5292535 1.0531358 1.0382116 0.9936582 0.9909301 0.9828847 0.9398575 1.1498190 0.3634502 0.2438050 0.0000000 0.0722995 0.1991561 0.1838597 0.2554954 0.9399016 0.7191344 1.1227823 1.1108574 1.3103091 1.1967979 1.1362785 1.1727126 1.1588286 0.9997083 1.1627656 1.9984410 1.0978953 1.1073668 1.0862246 1.8974422 1.0508775 1.2970087 1.2949457 1.3146805 3.3436196 1.2648029 1.0034532 1.7902007 1.2468059 1.6569759 1.4506514 1.4420012 1.3854207 1.8209548 1.5942265 1.6354258 2.0178493 2.0482356 2.0936587 1.5337592 1.9218127 1.5702006 2.0997478 2.4630515 2.2629463 
Gasp_gasp1.m3.2176.m1                                  0.9251000 0.8647708 0.5341857 0.8679082 0.8528009 0.8198111 0.8320132 0.7899523 0.7675582 0.9589982 0.2171694 0.1169403 0.0722995 0.0000000 0.1075940 0.0978084 0.1330029 0.7752013 0.6062446 0.9967715 0.9795945 1.1321807 1.0413328 0.9904108 1.0366491 0.9934182 0.8176684 0.9253912 1.1958160 0.9635491 0.9746622 0.9817798 1.5263398 1.0361691 1.0626723 1.0774156 1.0224221 1.8665861 1.0291075 0.9855682 1.5712373 1.2799181 1.4291089 1.1764583 1.1730184 1.1979108 1.5604777 1.5811784 1.6340803 1.7340360 1.7682981 1.7954830 1.5153031 1.7193522 1.5439277 1.9103416 2.0744150 1.9970757 
Spis_XP_022790557_1                                    0.8858907 0.8461424 0.5547800 0.8652883 0.8625640 0.8206191 0.7999453 0.7801136 0.7770027 0.9546806 0.2211369 0.1517700 0.1991561 0.1075940 0.0000000 0.0306569 0.2019908 0.7473320 0.5897476 0.9277268 0.9240917 1.0397629 0.9870097 0.9612068 0.9771562 0.9639435 0.8365554 0.9776615 1.1843231 0.9407314 0.9398007 0.8910064 1.7714342 1.0353642 1.1281254 1.0941313 1.0304584 1.2823878 1.0498146 0.9892874 1.6136332 1.2682622 1.5037257 1.2925867 1.3030991 1.2483625 1.6694654 1.6100597 1.5832137 1.7258924 1.7622991 1.8000243 1.4985854 1.6517642 1.5325993 1.8441424 2.1698496 2.0604306 
Pocdam_XM_027186884.1                                  0.9152210 0.8457759 0.5426081 0.8743950 0.8651489 0.8273627 0.8029056 0.7794455 0.7687169 0.9541013 0.2157454 0.1420560 0.1838597 0.0978084 0.0306569 0.0000000 0.1932869 0.7319498 0.5899603 0.9442922 0.9403423 1.0641168 1.0099018 0.9809776 1.0083765 0.9856545 0.8458854 0.9728948 1.1712227 0.9336376 0.9421134 0.8956974 1.7731120 1.0349152 1.1250533 1.0979687 1.0320179 1.3405757 1.0663188 0.9968287 1.6234842 1.2514944 1.5009810 1.3216393 1.3262180 1.2408520 1.6594162 1.6066248 1.5921985 1.7382413 1.7746648 1.8120199 1.5246262 1.6617307 1.5492587 1.8588607 2.2014959 2.0904480 
Amil_Amillepora00572-RA                                0.8979831 0.8565242 0.3446408 0.8170792 0.7945033 0.7638366 0.7892175 0.8079148 0.7573435 0.8617692 0.1035174 0.1595200 0.2554954 0.1330029 0.2019908 0.1932869 0.0000000 0.7974026 0.6278244 0.9150922 0.9145578 1.1190983 0.9881390 0.9368233 0.9202098 0.9460845 0.8361503 0.9842234 1.6443976 0.9004625 0.8891918 0.8591169 1.6639395 0.7089779 1.0577046 1.0634602 1.1405300 2.0921268 1.0698299 0.8659103 1.4783823 0.9577543 1.3569928 1.1899904 1.1700913 1.1082759 1.6227179 1.4643646 1.4904512 1.8202828 1.8581666 1.8623461 1.4064578 1.7285468 1.3136287 1.7738858 2.1283836 1.9763672 
Exapal_XM_028660768.1                                  1.1420225 1.0377764 0.6968046 1.0509483 1.0685979 1.0054116 1.0727572 1.0198979 1.0300568 1.0771907 0.9024051 0.7593315 0.9399016 0.7752013 0.7473320 0.7319498 0.7974026 0.0000000 0.4526234 1.1579371 1.1599529 1.2266603 1.1806342 1.1441775 1.1848309 1.1513540 0.9973364 1.1369867 1.1218781 1.0734946 1.0679358 1.0652319 1.9667602 1.2541124 1.3622095 1.3523571 1.2834946 1.3372511 1.3324229 1.2583168 1.7755100 1.2402172 1.6373792 1.3685557 1.3289117 1.4512363 1.9862974 1.6093683 1.6307970 1.7006514 1.7447483 1.7227835 1.7063660 1.8694066 1.5803888 1.9505305 2.3004451 2.1262825 
Nvec_v1g98056                                          0.9416579 0.8449822 0.6071881 0.8649655 0.8214660 0.8128570 0.7969009 0.7944857 0.7631032 0.8350409 0.7914643 0.6451127 0.7191344 0.6062446 0.5897476 0.5899603 0.6278244 0.4526234 0.0000000 0.9365873 0.9609721 0.9788573 0.9872225 0.9687462 0.9489195 0.9723990 0.7899948 0.9444276 0.8687167 0.9034475 0.9012048 0.8821214 1.8611100 1.0832595 1.1354154 1.1310207 1.0277441 1.3806391 1.0536416 1.0389209 1.5159164 1.1715688 1.4661262 1.3384059 1.2656478 1.2818238 1.4567128 1.6113249 1.5672148 1.7047676 1.7047676 1.7400588 1.5607187 1.7332095 1.6503472 1.8515774 2.0492622 1.9437812 
Tadh_TriadT20443                                       0.9826990 0.7654543 0.6730223 0.8105455 0.7951804 0.7695813 0.8049930 0.8279356 0.7803126 0.8449846 1.0421397 0.9485686 1.1227823 0.9967715 0.9277268 0.9442922 0.9150922 1.1579371 0.9365873 0.0000000 0.0055116 0.0716180 0.0715714 0.0872960 0.1010517 0.0723266 1.0256952 1.1169028 1.5767794 1.0490991 1.0540782 0.9923812 1.8318368 1.1278515 1.0900405 1.1152219 1.0988298 1.2165681 1.1141726 1.1362719 1.6595004 1.2524949 1.6117244 1.4495840 1.4108521 1.3982832 1.7524324 1.5945755 1.5023064 1.7066843 1.7334945 1.7090847 1.5288569 1.6683228 1.6083760 1.7875781 2.0101816 1.8305076 
TrH2_TrispH2_002664-RA                                 0.9700942 0.7709552 0.6649412 0.8127882 0.8045328 0.7875705 0.8142800 0.8470832 0.8061082 0.8532295 1.0391467 0.9475743 1.1108574 0.9795945 0.9240917 0.9403423 0.9145578 1.1599529 0.9609721 0.0055116 0.0000000 0.0733620 0.0729221 0.0838731 0.1006706 0.0736410 1.0160339 1.1088776 1.5590295 1.0486556 1.0535415 0.9915820 1.7985420 1.0955977 1.1000505 1.1177811 1.1278882 1.3406696 1.1226982 1.1352028 1.6755719 1.2417124 1.6139116 1.4520073 1.4086139 1.3995295 1.8190708 1.5996068 1.5266518 1.7318217 1.7475221 1.7147759 1.5288569 1.6582902 1.6083760 1.7744145 2.0152813 1.8313036 
HoiH06_mRNA9465                                        0.9366228 0.7436398 0.5139146 0.8515731 0.8010150 0.7992454 0.8019291 0.8622407 0.8132193 0.8348611 1.2318028 1.0512446 1.3103091 1.1321807 1.0397629 1.0641168 1.1190983 1.2266603 0.9788573 0.0716180 0.0733620 0.0000000 0.0173659 0.0429808 0.0491871 0.0676801 1.0579180 1.1475246 1.5638495 1.1890583 1.1581678 1.0305411 2.3071725 1.1578703 1.1422490 1.1827261 1.1652400 1.4266520 1.2195643 1.1678832 1.8156239 1.4342766 1.7816221 1.6462356 1.5903357 1.5742054 1.8765014 1.9445694 1.7345472 2.0027523 2.0027523 2.0364338 1.6824546 1.8901834 1.6371501 1.9963830 2.1967554 2.1524221 
HoiH23_PlH23_002522-RA                                 1.0198996 0.7677179 0.6977202 0.8272655 0.7904359 0.8027932 0.8080156 0.8652276 0.8238078 0.8633464 1.1300594 0.9947311 1.1967979 1.0413328 0.9870097 1.0099018 0.9881390 1.1806342 0.9872225 0.0715714 0.0729221 0.0173659 0.0000000 0.0450173 0.0518821 0.0557842 1.0529249 1.1059804 1.5471637 1.1140306 1.0984947 1.0196939 1.9465941 1.1148801 1.1108395 1.1654799 1.1547607 1.4337682 1.1848685 1.1975314 1.7087175 1.3841267 1.6351215 1.5347647 1.4758132 1.4702317 1.8765329 1.6875442 1.5499026 1.7990682 1.7990682 1.8248641 1.5838978 1.7287841 1.6160608 1.8791314 2.0274372 1.8780962 
Hhon_g01571.t1                                         0.9830378 0.7683047 0.7000979 0.8359308 0.8256651 0.7979490 0.8126267 0.8575275 0.8184662 0.9226445 1.0479608 0.9534165 1.1362785 0.9904108 0.9612068 0.9809776 0.9368233 1.1441775 0.9687462 0.0872960 0.0838731 0.0429808 0.0450173 0.0000000 0.0284568 0.0743104 1.0386454 1.1013743 1.4923288 1.0643952 1.0509904 0.9977767 1.7744034 1.0923620 1.0850487 1.1240801 1.1511131 1.4343769 1.1773540 1.1646516 1.7298501 1.2445574 1.5824371 1.4652674 1.4064083 1.4095395 1.8130633 1.5878235 1.5234859 1.7219383 1.7312307 1.7139871 1.5682199 1.6601387 1.6113930 1.7515381 2.0516197 1.8196320 
HoiH04_mRNA2601                                        1.0254282 0.7972069 0.7988705 0.8370286 0.8217646 0.8061574 0.8133933 0.8540946 0.8201814 0.9206608 1.1130262 1.0025080 1.1727126 1.0366491 0.9771562 1.0083765 0.9202098 1.1848309 0.9489195 0.1010517 0.1006706 0.0491871 0.0518821 0.0284568 0.0000000 0.0795831 1.0729674 1.1241081 1.5055988 1.1051337 1.0908493 1.0133540 1.8444587 1.1381776 1.1011557 1.1344801 1.1127158 1.2735636 1.1824685 1.2418211 1.7641904 1.4371447 1.6302854 1.5288830 1.4588135 1.4437923 1.7458413 1.6870008 1.5680424 1.7704828 1.7909986 1.8002601 1.5678345 1.7482295 1.6051743 1.8394070 2.0256257 1.9025168 
HoiH11_mRNA4204                                        0.9706578 0.7823625 0.6711716 0.8120200 0.7953741 0.7843435 0.7946728 0.8609768 0.8161821 0.8444613 1.0727901 0.9648364 1.1588286 0.9934182 0.9639435 0.9856545 0.9460845 1.1513540 0.9723990 0.0723266 0.0736410 0.0676801 0.0557842 0.0743104 0.0795831 0.0000000 1.0582741 1.1266534 1.4978467 1.0905534 1.0717590 1.0054958 1.8115647 1.0713536 1.0725804 1.1260326 1.1447055 1.3653133 1.1256481 1.1730997 1.7121247 1.2767457 1.6060606 1.4921913 1.4134774 1.4195192 1.8132800 1.6463882 1.5523673 1.7707778 1.7707778 1.7590672 1.5996188 1.7234269 1.6277460 1.8125042 2.0864791 1.8860558 
Dgig_XM_028551930.1                                    1.0838207 0.8545821 0.6763972 0.9654416 0.9154713 0.8966806 0.9284336 0.9751839 0.9559012 1.0242835 1.0061548 0.8441002 0.9997083 0.8176684 0.8365554 0.8458854 0.8361503 0.9973364 0.7899948 1.0256952 1.0160339 1.0579180 1.0529249 1.0386454 1.0729674 1.0582741 0.0000000 0.3844503 1.1749604 1.0805067 1.0469662 1.0353464 2.0239321 1.1063510 1.3009308 1.2151270 1.1349851 1.4539412 1.2017992 1.0533280 1.7015283 1.2660403 1.5688479 1.2945893 1.2976093 1.3368712 1.7679905 1.6204452 1.6198433 1.9210140 1.9243480 1.8087412 1.6349232 1.7596038 1.5122619 1.7968225 2.1636410 1.9370737 
Xesp_007818-T1                                         1.1754652 0.9068260 0.6875976 1.0331750 1.0341789 0.9773491 0.9813995 1.0366854 1.0474699 1.0856274 1.1549466 1.0005226 1.1627656 0.9253912 0.9776615 0.9728948 0.9842234 1.1369867 0.9444276 1.1169028 1.1088776 1.1475246 1.1059804 1.1013743 1.1241081 1.1266534 0.3844503 0.0000000 1.2999409 1.1872462 1.1513895 1.1235170 2.0991110 1.1836340 1.2738203 1.2773734 1.3293371 1.7119209 1.3434484 1.0675468 1.8291475 1.2671692 1.6943982 1.3781460 1.3509345 1.4595708 1.9344494 1.6497842 1.7203225 2.0172112 2.0261798 1.8986077 1.6613210 1.8867387 1.5685224 1.9088065 2.2727609 2.0198196 
Hvul_g10045_1                                          1.6680168 1.1488988 0.0000010 1.0304660 1.2282572 1.3345630 1.1838582 1.1768472 1.1674616 1.5100467 1.1755321 1.0283084 1.9984410 1.1958160 1.1843231 1.1712227 1.6443976 1.1218781 0.8687167 1.5767794 1.5590295 1.5638495 1.5471637 1.4923288 1.5055988 1.4978467 1.1749604 1.2999409 0.0000000 0.9370924 0.9082322 0.7461010 7.6495589 0.0000010 1.4211125 1.3918105 1.5076664 1.8875499 1.5942792 1.4281044 2.7807215 9.0000000 2.3958047 2.1837301 2.2380725 2.5042612 2.9128595 3.0577580 2.1754299 2.3042776 2.3042776 2.4399779 2.1754299 2.4483441 0.0000010 2.2946547 3.0590262 2.8199978 
Nemnom_g16454.t1                                       1.1285470 0.9561511 0.6802405 0.9274889 0.9551968 0.8986102 0.9234795 0.9450753 0.9275383 1.0556853 1.0773029 0.9609841 1.0978953 0.9635491 0.9407314 0.9336376 0.9004625 1.0734946 0.9034475 1.0490991 1.0486556 1.1890583 1.1140306 1.0643952 1.1051337 1.0905534 1.0805067 1.1872462 0.9370924 0.0000000 0.0767357 0.6737860 1.8500729 0.9259255 1.1121455 1.0757732 1.2398779 1.7488398 1.2029687 1.1207870 1.6791025 1.2783914 1.5630644 1.3034141 1.3316630 1.3226178 1.7649091 1.6778892 1.7392162 1.8715606 1.8991704 1.8156966 1.7188954 1.7374760 1.5837086 1.7934036 2.1202462 1.9315291 
Rhoesc_Res_000251-T1                                   1.1020539 0.9564889 0.7145135 0.9370259 0.9506361 0.9132492 0.9349859 0.9631148 0.9537339 1.0594490 1.0637770 0.9875166 1.1073668 0.9746622 0.9398007 0.9421134 0.8891918 1.0679358 0.9012048 1.0540782 1.0535415 1.1581678 1.0984947 1.0509904 1.0908493 1.0717590 1.0469662 1.1513895 0.9082322 0.0767357 0.0000000 0.6408455 1.8562338 0.9551402 1.0843256 1.0740271 1.1813972 1.6450959 1.2083520 1.1265791 1.6372705 1.2403322 1.5604593 1.2766135 1.3108496 1.3068949 1.7243912 1.7498274 1.7948775 1.9089629 1.9365006 1.8635937 1.7437714 1.7544047 1.7133971 1.8526892 2.1763713 1.9906156 
Morvir_scaffold5.g39.t1                                1.0255957 0.9877063 0.7514781 0.8949000 0.9119623 0.8761748 0.9106825 0.8699653 0.9198420 1.0290627 1.0068694 0.9435639 1.0862246 0.9817798 0.8910064 0.8956974 0.8591169 1.0652319 0.8821214 0.9923812 0.9915820 1.0305411 1.0196939 0.9977767 1.0133540 1.0054958 1.0353464 1.1235170 0.7461010 0.6737860 0.6408455 0.0000000 1.9020174 0.9995934 1.1193781 1.1126470 1.1115614 1.6264245 1.2399117 1.0617931 1.6401443 1.3200053 1.6012989 1.3445414 1.2978819 1.3122165 1.9095173 1.8297216 1.7661649 1.9437223 1.9782124 1.9203497 1.8289836 1.8201415 1.6343536 1.8793919 2.1340763 1.9867686 
Scil_scict004257.1                                     1.7019852 1.7373161 0.8565993 1.5869972 1.6238790 1.5216929 1.5548516 1.5533867 1.6368011 1.7643402 2.0558928 1.8270876 1.8974422 1.5263398 1.7714342 1.7731120 1.6639395 1.9667602 1.8611100 1.8318368 1.7985420 2.3071725 1.9465941 1.7744034 1.8444587 1.8115647 2.0239321 2.0991110 7.6495589 1.8500729 1.8562338 1.9020174 0.0000000 0.3432617 0.8998133 0.9091991 1.6873273 6.4018729 1.5458295 1.2321847 2.3230616 1.1260671 2.1928600 1.8428859 1.8753195 1.7358835 4.7041618 1.7792843 1.6954713 2.5580196 2.5861867 2.4218699 1.6765643 2.4571293 1.5558275 2.3414127 3.0099048 2.5287701 
Lcom_lcpid110663                                       1.0373730 0.9314184 0.8103489 0.8846213 0.9182284 0.8530120 0.8894269 0.9134404 0.8892501 1.0543951 1.2362275 1.0635989 1.0508775 1.0361691 1.0353642 1.0349152 0.7089779 1.2541124 1.0832595 1.1278515 1.0955977 1.1578703 1.1148801 1.0923620 1.1381776 1.0713536 1.1063510 1.1836340 0.0000010 0.9259255 0.9551402 0.9995934 0.3432617 0.0000000 0.3134494 0.2845236 0.4902491 0.0000010 0.8878319 0.8631341 1.3207979 1.1028009 1.2797886 0.9909764 0.9849281 0.9713064 1.9841453 1.4713455 1.5897791 1.6958391 1.7410955 1.4689974 1.5125052 1.5293324 1.4020801 1.4823386 1.5717373 1.5023446 
Gracom_Gcom_C556064_01                                 0.9818443 0.9424909 0.8007091 0.9206849 0.9635289 0.9318422 0.9496595 0.9687994 0.9881480 1.0330097 1.2416139 1.1359135 1.2970087 1.0626723 1.1281254 1.1250533 1.0577046 1.3622095 1.1354154 1.0900405 1.1000505 1.1422490 1.1108395 1.0850487 1.1011557 1.0725804 1.3009308 1.2738203 1.4211125 1.1121455 1.0843256 1.1193781 0.8998133 0.3134494 0.0000000 0.2423129 0.4348676 1.4006017 0.9068396 0.7817649 1.5268761 1.0935875 1.4313774 1.2360643 1.1940384 1.1908124 1.5432722 1.5496769 1.5631956 1.6791790 1.7049804 1.6284104 1.5130994 1.7348318 1.4184147 1.6719707 2.0068184 1.8115341 
Leuniv_Lniv_C814496_01                                 1.0485835 0.9654623 0.8191116 0.9342202 1.0066686 0.9515444 0.9296648 0.9580628 0.9649882 1.1047998 1.2613191 1.1055812 1.2949457 1.0774156 1.0941313 1.0979687 1.0634602 1.3523571 1.1310207 1.1152219 1.1177811 1.1827261 1.1654799 1.1240801 1.1344801 1.1260326 1.2151270 1.2773734 1.3918105 1.0757732 1.0740271 1.1126470 0.9091991 0.2845236 0.2423129 0.0000000 0.4261430 1.5241078 0.9103636 0.7963094 1.5692096 1.1283498 1.4953512 1.2619495 1.2241975 1.2057437 1.6282949 1.5620335 1.6159399 1.7545731 1.7797675 1.6734711 1.5218418 1.7392901 1.4108961 1.7378207 2.0472831 1.8360482 
Clacor_Ccor_C536283_01                                 0.9801420 0.9749060 0.5004664 0.9297893 0.9693357 0.9458443 0.8852904 1.0083363 0.8901288 0.9660836 1.2538151 1.0782103 1.3146805 1.0224221 1.0304584 1.0320179 1.1405300 1.2834946 1.0277441 1.0988298 1.1278882 1.1652400 1.1547607 1.1511131 1.1127158 1.1447055 1.1349851 1.3293371 1.5076664 1.2398779 1.1813972 1.1115614 1.6873273 0.4902491 0.4348676 0.4261430 0.0000000 1.3891979 0.8115385 0.7201563 1.5348050 1.1433660 1.5834185 1.2383026 1.2184611 1.2057936 1.4553530 1.6516853 1.6231860 1.7414785 1.7414785 1.7570627 1.5708363 1.8907288 1.3893329 1.9044815 2.0363510 2.0274537 
Ocar_g10273                                            1.2595782 1.2799995 0.0000010 1.3144682 1.3517551 1.2540928 1.2408228 1.3582169 1.3210680 1.3033608 1.4117912 1.2920609 3.3436196 1.8665861 1.2823878 1.3405757 2.0921268 1.3372511 1.3806391 1.2165681 1.3406696 1.4266520 1.4337682 1.4343769 1.2735636 1.3653133 1.4539412 1.7119209 1.8875499 1.7488398 1.6450959 1.6264245 6.4018729 0.0000010 1.4006017 1.5241078 1.3891979 0.0000000 0.0000010 1.5721772 2.5025745 0.0000010 2.1408948 1.7630903 1.8743944 2.1217880 2.6774309 6.8289338 0.0000010 1.9143046 1.9143046 1.8594986 0.0000010 1.9819381 0.0000010 1.9399359 2.5463475 2.2513883 
Opea_EP00118_Oscarella_pearsei_P025105                 1.0529716 1.0687593 0.7301016 0.9866295 0.9559922 1.0029636 0.9052967 0.9710900 0.9456392 1.0297995 1.2417042 1.0727303 1.2648029 1.0291075 1.0498146 1.0663188 1.0698299 1.3324229 1.0536416 1.1141726 1.1226982 1.2195643 1.1848685 1.1773540 1.1824685 1.1256481 1.2017992 1.3434484 1.5942792 1.2029687 1.2083520 1.2399117 1.5458295 0.8878319 0.9068396 0.9103636 0.8115385 0.0000010 0.0000000 0.4871341 1.7911568 1.3356957 1.6368881 1.2868093 1.2916702 1.3603651 1.6264932 1.8537668 1.8236954 1.8776015 1.8845398 1.7714545 1.7425586 1.7869769 1.4677824 1.7568719 2.1128333 2.0390103 
Plajan_Pjan_scaffold23520_01                           0.9156920 0.9901544 0.7404770 0.8851227 0.9500484 0.9200785 0.9191626 0.9258808 0.8981774 0.9797609 1.1341345 0.9895008 1.0034532 0.9855682 0.9892874 0.9968287 0.8659103 1.2583168 1.0389209 1.1362719 1.1352028 1.1678832 1.1975314 1.1646516 1.2418211 1.1730997 1.0533280 1.0675468 1.4281044 1.1207870 1.1265791 1.0617931 1.2321847 0.8631341 0.7817649 0.7963094 0.7201563 1.5721772 0.4871341 0.0000000 1.5367819 1.2051812 1.3699764 1.1429054 1.1442989 1.1941511 1.3343208 1.7788267 1.8663824 1.9510250 1.9911868 1.7492891 1.7240184 1.6997353 1.6538006 1.8260342 1.9954142 1.9231053 
Aque_Aqu2.1.37261_001                                  1.5939867 1.5172886 1.3315209 1.5401027 1.4910458 1.4014750 1.6053387 1.5804233 1.5522648 1.5811328 1.7524994 1.5724192 1.7902007 1.5712373 1.6136332 1.6234842 1.4783823 1.7755100 1.5159164 1.6595004 1.6755719 1.8156239 1.7087175 1.7298501 1.7641904 1.7121247 1.7015283 1.8291475 2.7807215 1.6791025 1.6372705 1.6401443 2.3230616 1.3207979 1.5268761 1.5692096 1.5348050 2.5025745 1.7911568 1.5367819 0.0000000 0.5020468 0.3099730 1.1341923 1.0965513 0.9454144 1.0959148 2.0209216 2.0851644 2.2091187 2.2248818 2.1952456 1.9897388 2.1530378 1.9415952 2.3248123 2.4325367 2.2638906 
Xestes_maker-XT_scaffold3041-augustus-gene-0.25-mRNA-1 1.2466860 1.1562795 1.1387913 1.2768625 1.3441696 1.1392900 1.1402628 1.2663071 1.2365141 1.2525486 1.4862572 1.3828363 1.2468059 1.2799181 1.2682622 1.2514944 0.9577543 1.2402172 1.1715688 1.2524949 1.2417124 1.4342766 1.3841267 1.2445574 1.4371447 1.2767457 1.2660403 1.2671692 9.0000000 1.2783914 1.2403322 1.3200053 1.1260671 1.1028009 1.0935875 1.1283498 1.1433660 0.0000010 1.3356957 1.2051812 0.5020468 0.0000000 0.3360317 0.8609780 0.7869862 0.7949794 0.0000010 1.5752920 1.6564764 1.6393884 1.7111017 1.5845963 1.7793233 1.4829347 1.9530658 1.5002568 1.7776946 1.5523554 
Halamb_c47162_g1_i3mm.2183                             1.5017055 1.3857763 1.1271995 1.4179561 1.3883257 1.2829349 1.4163761 1.4131483 1.3345140 1.4472699 1.5635998 1.4431278 1.6569759 1.4291089 1.5037257 1.5009810 1.3569928 1.6373792 1.4661262 1.6117244 1.6139116 1.7816221 1.6351215 1.5824371 1.6302854 1.6060606 1.5688479 1.6943982 2.3958047 1.5630644 1.5604593 1.6012989 2.1928600 1.2797886 1.4313774 1.4953512 1.5834185 2.1408948 1.6368881 1.3699764 0.3099730 0.3360317 0.0000000 0.9968341 0.9333107 0.8789389 1.0954021 1.9496196 2.0809129 2.1512511 2.1814247 2.1418649 2.0606029 2.0378323 1.8183927 2.1880986 2.3709710 2.1154970 
Emue_Em0016g65a.t1                                     1.3046103 1.2026721 0.8437099 1.1454507 1.1231196 1.1164034 1.2250630 1.2476987 1.2215570 1.3345071 1.4852129 1.3081488 1.4506514 1.1764583 1.2925867 1.3216393 1.1899904 1.3685557 1.3384059 1.4495840 1.4520073 1.6462356 1.5347647 1.4652674 1.5288830 1.4921913 1.2945893 1.3781460 2.1837301 1.3034141 1.2766135 1.3445414 1.8428859 0.9909764 1.2360643 1.2619495 1.2383026 1.7630903 1.2868093 1.1429054 1.1341923 0.8609780 0.9968341 0.0000000 0.1225448 0.6639745 0.8431470 1.8769244 1.7878807 2.0343530 2.0557855 1.9378560 1.8600847 1.9193266 1.6713015 1.9402284 2.2702173 2.1199569 
Spolac_c103081_g3_i1_m.32351c103081-g3                 1.2731746 1.1924195 0.8307090 1.1507419 1.1460226 1.0736520 1.2153204 1.2505166 1.2000062 1.2614605 1.4749688 1.2854073 1.4420012 1.1730184 1.3030991 1.3262180 1.1700913 1.3289117 1.2656478 1.4108521 1.4086139 1.5903357 1.4758132 1.4064083 1.4588135 1.4134774 1.2976093 1.3509345 2.2380725 1.3316630 1.3108496 1.2978819 1.8753195 0.9849281 1.1940384 1.2241975 1.2184611 1.8743944 1.2916702 1.1442989 1.0965513 0.7869862 0.9333107 0.1225448 0.0000000 0.6345679 0.8734759 1.8471538 1.7795856 1.9788316 2.0004591 1.9100663 1.8560158 1.9643071 1.6852025 1.9352148 2.2417576 2.0995413 
Tetwil_g5784.t2                                        1.2623307 1.1856779 0.8201136 1.1875466 1.1675794 1.0906765 1.2017245 1.2148710 1.1772624 1.2623832 1.4205901 1.2553628 1.3854207 1.1979108 1.2483625 1.2408520 1.1082759 1.4512363 1.2818238 1.3982832 1.3995295 1.5742054 1.4702317 1.4095395 1.4437923 1.4195192 1.3368712 1.4595708 2.5042612 1.3226178 1.3068949 1.3122165 1.7358835 0.9713064 1.1908124 1.2057437 1.2057936 2.1217880 1.3603651 1.1941511 0.9454144 0.7949794 0.8789389 0.6639745 0.6345679 0.0000000 0.5466842 1.7971405 1.7976752 1.9957088 2.0033958 1.8706169 1.7995570 1.8264075 1.7436018 1.9549812 2.3419378 2.1008176 
Stycar_maker-SC_scaffold5581-snap-gene-0.5-mRNA-1      1.5645834 1.3636333 0.0000010 1.4039080 1.3352876 1.3248675 1.4314043 1.4095096 1.4111706 1.4352318 1.7333347 1.6333561 1.8209548 1.5604777 1.6694654 1.6594162 1.6227179 1.9862974 1.4567128 1.7524324 1.8190708 1.8765014 1.8765329 1.8130633 1.7458413 1.8132800 1.7679905 1.9344494 2.9128595 1.7649091 1.7243912 1.9095173 4.7041618 1.9841453 1.5432722 1.6282949 1.4553530 2.6774309 1.6264932 1.3343208 1.0959148 0.0000010 1.0954021 0.8431470 0.8734759 0.5466842 0.0000000 2.3615026 1.9958650 2.3207801 2.3207801 2.4360868 1.9224245 2.3866752 2.0642262 2.5855281 3.1053778 3.1079866 
Mlei_ML5051.g5.i1                                      1.6928678 1.4817825 1.3002776 1.5640963 1.6220951 1.4720195 1.5199645 1.5421974 1.5395088 1.6736426 1.8982358 1.7422033 1.5942265 1.5811784 1.6100597 1.6066248 1.4643646 1.6093683 1.6113249 1.5945755 1.5996068 1.9445694 1.6875442 1.5878235 1.6870008 1.6463882 1.6204452 1.6497842 3.0577580 1.6778892 1.7498274 1.8297216 1.7792843 1.4713455 1.5496769 1.5620335 1.6516853 6.8289338 1.8537668 1.7788267 2.0209216 1.5752920 1.9496196 1.8769244 1.8471538 1.7971405 2.3615026 0.0000000 0.2536018 0.3015137 0.3010029 0.3632865 0.3061899 0.6024079 0.5562087 0.6179274 0.9015530 0.8421595 
Beraby_Baby_sb337872                                   1.6725286 1.4475395 1.3912769 1.5517166 1.5771771 1.4573714 1.5322001 1.5337092 1.4967050 1.7163740 1.8803566 1.7648244 1.6354258 1.6340803 1.5832137 1.5921985 1.4904512 1.6307970 1.5672148 1.5023064 1.5266518 1.7345472 1.5499026 1.5234859 1.5680424 1.5523673 1.6198433 1.7203225 2.1754299 1.7392162 1.7948775 1.7661649 1.6954713 1.5897791 1.5631956 1.6159399 1.6231860 0.0000010 1.8236954 1.8663824 2.0851644 1.6564764 2.0809129 1.7878807 1.7795856 1.7976752 1.9958650 0.2536018 0.0000000 0.2412691 0.2598174 0.3304543 0.3395061 0.6136083 0.5879482 0.6129736 0.8204252 0.8135879 
Bolinf_Binf_sb1213528                                  1.7651963 1.6245980 1.2689593 1.6907389 1.7681194 1.5788837 1.6498916 1.7083282 1.6502258 1.7721130 2.0127519 1.8663545 2.0178493 1.7340360 1.7258924 1.7382413 1.8202828 1.7006514 1.7047676 1.7066843 1.7318217 2.0027523 1.7990682 1.7219383 1.7704828 1.7707778 1.9210140 2.0172112 2.3042776 1.8715606 1.9089629 1.9437223 2.5580196 1.6958391 1.6791790 1.7545731 1.7414785 1.9143046 1.8776015 1.9510250 2.2091187 1.6393884 2.1512511 2.0343530 1.9788316 1.9957088 2.3207801 0.3015137 0.2412691 0.0000000 0.0000010 0.2980644 0.3649126 0.6302980 0.6079373 0.6261253 1.0042260 0.8716315 
Mertsp_Mesp_sb576252                                   1.7791287 1.6582064 1.2934797 1.6907389 1.7938461 1.6228970 1.6697156 1.7226377 1.6984234 1.7950376 2.0481929 1.8969659 2.0482356 1.7682981 1.7622991 1.7746648 1.8581666 1.7447483 1.7047676 1.7334945 1.7475221 2.0027523 1.7990682 1.7312307 1.7909986 1.7707778 1.9243480 2.0261798 2.3042776 1.8991704 1.9365006 1.9782124 2.5861867 1.7410955 1.7049804 1.7797675 1.7414785 1.9143046 1.8845398 1.9911868 2.2248818 1.7111017 2.1814247 2.0557855 2.0004591 2.0033958 2.3207801 0.3010029 0.2598174 0.0000010 0.0000000 0.2940343 0.3649126 0.6279774 0.6079373 0.6269252 1.0042260 0.8663655 
Lampan_Lpan_C416005_01                                 1.7393698 1.6232219 1.2758956 1.5838652 1.6999469 1.5650584 1.6828031 1.6446253 1.6322360 1.7671112 2.0609649 1.9321986 2.0936587 1.7954830 1.8000243 1.8120199 1.8623461 1.7227835 1.7400588 1.7090847 1.7147759 2.0364338 1.8248641 1.7139871 1.8002601 1.7590672 1.8087412 1.8986077 2.4399779 1.8156966 1.8635937 1.9203497 2.4218699 1.4689974 1.6284104 1.6734711 1.7570627 1.8594986 1.7714545 1.7492891 2.1952456 1.5845963 2.1418649 1.9378560 1.9100663 1.8706169 2.4360868 0.3632865 0.3304543 0.2980644 0.2940343 0.0000000 0.4246577 0.5613424 0.6381037 0.5764464 1.0344381 0.8702566 
Drygla_Dgla_sb286389                                   1.5876563 1.4278706 1.2546412 1.4629717 1.4893952 1.4378704 1.3876241 1.4537162 1.3887457 1.5662781 1.8096315 1.7428453 1.5337592 1.5153031 1.4985854 1.5246262 1.4064578 1.7063660 1.5607187 1.5288569 1.5288569 1.6824546 1.5838978 1.5682199 1.5678345 1.5996188 1.6349232 1.6613210 2.1754299 1.7188954 1.7437714 1.8289836 1.6765643 1.5125052 1.5130994 1.5218418 1.5708363 0.0000010 1.7425586 1.7240184 1.9897388 1.7793233 2.0606029 1.8600847 1.8560158 1.7995570 1.9224245 0.3061899 0.3395061 0.3649126 0.3649126 0.4246577 0.0000000 0.6441203 0.6201669 0.6619359 0.8222420 0.8001088 
Vmul_Simscaffold12128_01                               1.6778446 1.5547503 1.2895975 1.6282173 1.7183329 1.5524623 1.6190795 1.7251404 1.6272384 1.7789273 1.7920907 1.7025981 1.9218127 1.7193522 1.6517642 1.6617307 1.7285468 1.8694066 1.7332095 1.6683228 1.6582902 1.8901834 1.7287841 1.6601387 1.7482295 1.7234269 1.7596038 1.8867387 2.4483441 1.7374760 1.7544047 1.8201415 2.4571293 1.5293324 1.7348318 1.7392901 1.8907288 1.9819381 1.7869769 1.6997353 2.1530378 1.4829347 2.0378323 1.9193266 1.9643071 1.8264075 2.3866752 0.6024079 0.6136083 0.6302980 0.6279774 0.5613424 0.6441203 0.0000000 0.4863045 0.3632138 1.0874125 0.9327427 
Coeast_Cast_sb768778                                   1.6038635 1.5210708 1.3845484 1.4763610 1.5317586 1.4474869 1.3506513 1.5963037 1.3424173 1.6810522 2.0132958 1.8369800 1.5702006 1.5439277 1.5325993 1.5492587 1.3136287 1.5803888 1.6503472 1.6083760 1.6083760 1.6371501 1.6160608 1.6113930 1.6051743 1.6277460 1.5122619 1.5685224 0.0000010 1.5837086 1.7133971 1.6343536 1.5558275 1.4020801 1.4184147 1.4108961 1.3893329 0.0000010 1.4677824 1.6538006 1.9415952 1.9530658 1.8183927 1.6713015 1.6852025 1.7436018 2.0642262 0.5562087 0.5879482 0.6079373 0.6079373 0.6381037 0.6201669 0.4863045 0.0000000 0.0319471 0.8628477 0.8862132 
Coemet_Cmet_scaffold13530_01                           1.7399282 1.5941240 1.2574288 1.5844238 1.6588991 1.5889020 1.5855225 1.6794134 1.6341428 1.7313980 1.9858296 1.9659358 2.0997478 1.9103416 1.8441424 1.8588607 1.7738858 1.9505305 1.8515774 1.7875781 1.7744145 1.9963830 1.8791314 1.7515381 1.8394070 1.8125042 1.7968225 1.9088065 2.2946547 1.7934036 1.8526892 1.8793919 2.3414127 1.4823386 1.6719707 1.7378207 1.9044815 1.9399359 1.7568719 1.8260342 2.3248123 1.5002568 2.1880986 1.9402284 1.9352148 1.9549812 2.5855281 0.6179274 0.6129736 0.6261253 0.6269252 0.5764464 0.6619359 0.3632138 0.0319471 0.0000000 1.1247407 0.9630346 
Pbac_sb2649269                                         2.0843241 1.8091952 1.3688822 1.8560009 1.9303208 1.8984636 1.8226118 2.0309412 1.8364996 1.8758000 2.4720392 2.3055461 2.4630515 2.0744150 2.1698496 2.2014959 2.1283836 2.3004451 2.0492622 2.0101816 2.0152813 2.1967554 2.0274372 2.0516197 2.0256257 2.0864791 2.1636410 2.2727609 3.0590262 2.1202462 2.1763713 2.1340763 3.0099048 1.5717373 2.0068184 2.0472831 2.0363510 2.5463475 2.1128333 1.9954142 2.4325367 1.7776946 2.3709710 2.2702173 2.2417576 2.3419378 3.1053778 0.9015530 0.8204252 1.0042260 1.0042260 1.0344381 0.8222420 1.0874125 0.8628477 1.1247407 0.0000000 0.0497519 
Horcal_Hcv1.av93.c6.g779.i1                            1.9128712 1.6395395 1.3589431 1.7321116 1.8397850 1.7741938 1.7213340 1.8828548 1.7726050 1.8606449 2.2291156 2.1237894 2.2629463 1.9970757 2.0604306 2.0904480 1.9763672 2.1262825 1.9437812 1.8305076 1.8313036 2.1524221 1.8780962 1.8196320 1.9025168 1.8860558 1.9370737 2.0198196 2.8199978 1.9315291 1.9906156 1.9867686 2.5287701 1.5023446 1.8115341 1.8360482 2.0274537 2.2513883 2.0390103 1.9231053 2.2638906 1.5523554 2.1154970 2.1199569 2.0995413 2.1008176 3.1079866 0.8421595 0.8135879 0.8716315 0.8663655 0.8702566 0.8001088 0.9327427 0.8862132 0.9630346 0.0497519 0.0000000 
