58
Hsap_ENST00000322886                                    0.0000000 4.1624186 3.9924086 1.6808181 4.4543504 1.6371241 4.4974012 4.4047058 4.4302386 4.4606082 4.4776410 4.5231274 3.4238211 4.8147043 4.7071108 4.6442341 3.6614790 3.9482579 4.0890790 5.6466419 5.3271921 5.3210763 6.2205283 4.5583147 4.7014864 5.0427382 3.7050382 4.9338461 5.4861525 4.2637327 5.0960175 4.4484837 5.9949725 5.2820322 4.4202245 5.1407467 2.5284847 4.6238297 4.1739259 4.6964100 4.9698483 6.4510477 6.1989113 6.2888190 5.8244910 6.2261045 6.2114599 3.7034085 6.4132784 6.6096316 5.1468586 4.2637430 6.0372048 6.7349174 7.1262128 5.4812929 5.4335183 5.5648374 
Bralan_BLAG18000061_1                                   4.1624186 0.0000000 4.1493223 1.6023068 5.3887838 1.2488980 4.8316621 4.2277379 4.3432848 4.2120952 4.3305022 4.2715725 3.2672280 4.3432590 4.3615832 4.6539132 3.2469432 4.3209428 5.1831493 4.5744507 6.4061656 5.7720070 5.5928546 4.6158232 4.9630637 5.7310618 4.0549914 4.9847176 5.6230868 4.4612855 5.8193358 4.1208284 6.7515869 7.2841260 4.4328158 5.4881076 3.5443358 4.2772173 5.6126415 5.1490771 5.8593186 7.4821704 8.0694479 7.9869481 5.9436585 6.6900735 8.1802594 3.6380507 6.4188398 6.7094612 6.0676835 6.0306820 6.3610000 7.5596425 6.9075165 6.1374513 6.3407941 7.7837018 
Spur_XM_030988308.1                                     3.9924086 4.1493223 0.0000000 1.4647114 4.4460902 1.3708193 3.9137487 3.7210698 3.9137061 4.0341788 3.9361303 3.8917213 3.4609562 3.9709323 3.9630800 3.9262539 3.3754752 3.9091545 4.4755482 4.3048881 6.1821541 4.6828247 5.3145787 4.4827253 4.8061833 4.9060589 3.5918237 4.2987045 5.5650336 4.4021236 5.3003182 4.9517799 5.5357173 4.7499206 4.4420335 5.2597559 3.2112836 4.3995946 4.2129148 4.5651351 4.9042394 5.6392790 6.6858587 6.8713727 6.1818325 6.1519850 6.9052030 3.7990933 6.1703693 6.8585048 4.6716881 5.1676939 6.4715075 5.7529534 5.2491678 5.4444833 5.4535682 4.8085540 
Skow_XM_006815275.1                                     1.6808181 1.6023068 1.4647114 0.0000000 2.1061333 1.4853051 1.7228941 1.6420452 1.6621491 1.6560721 1.6977624 1.6931237 2.0315743 2.2030460 2.2634056 2.4541727 2.4748252 1.6270712 1.6170424 3.1941317 3.3423574 3.0016487 3.4119817 2.9431079 3.4601499 3.5653597 2.8931678 3.6468791 2.9290337 2.8360913 3.6266176 2.4837477 3.0556924 3.4665310 2.1842136 2.6377278 2.2006431 2.0016480 1.7389343 1.9664880 1.7195447 3.8963614 3.9775249 3.7069341 3.7001510 3.9467844 3.5618402 3.4092759 3.4832798 4.5606038 3.4239730 2.5260694 3.1547306 3.2016258 3.4386255 3.4968728 2.6328060 1.2409163 
Exapal_XM_021047187.2                                   4.4543504 5.3887838 4.4460902 2.1061333 0.0000000 0.9562065 3.6759004 3.1120689 3.0899249 3.0661403 3.1161265 3.0185954 1.0216942 1.7100242 1.7347268 2.5433139 2.1492205 4.0054016 5.2139521 3.1514468 4.9289330 4.5367144 4.9021784 4.4589955 4.2787997 5.0009515 3.2522371 5.0630844 5.4868773 3.3541312 5.5945261 4.0888963 4.5197222 4.3148644 3.7885874 4.5411239 2.9694574 5.6484393 4.7354964 5.4148272 5.1255264 6.2040558 7.5298452 7.4397171 5.5677396 5.2190699 6.4578619 3.7259817 6.4836283 6.6753523 4.8812863 5.2869855 5.4585240 6.9406022 7.1388399 5.4244656 4.5184140 6.4354983 
Tadh_TriadT6275                                         1.6371241 1.2488980 1.3708193 1.4853051 0.9562065 0.0000000 0.0000010 0.1005837 0.1278229 0.1321220 0.1526624 0.1526624 1.0799346 1.2179947 1.1388554 0.9595597 1.0432378 1.0568808 1.3964511 0.9352543 1.5940546 1.6435416 2.0231845 2.4336009 3.5611208 3.0363560 2.1031117 3.1201168 2.4013090 1.6317314 2.7472817 2.7945471 2.0775791 1.9810029 1.9936550 2.0499825 2.5257524 1.8784330 1.6704868 1.5610120 1.6028313 2.7729258 2.3572737 2.6453503 3.1638907 3.0054689 3.6973965 2.2541020 3.0607997 3.4318445 2.7737788 3.4741202 5.1973448 4.6107856 4.2572603 3.5327187 2.8103957 0.0000010 
TrH2_TrispH2_002193-RA                                  4.4974012 4.8316621 3.9137487 1.7228941 3.6759004 0.0000010 0.0000000 0.4286792 0.4205828 0.4220541 0.4830551 0.4701646 2.7988939 4.0912864 3.9262079 3.7881753 2.8062563 4.2637913 4.6756148 3.1701289 5.0407500 4.3479074 4.6864555 3.6297278 4.1053184 4.3301080 2.8207743 3.6952267 4.9413567 3.1993916 4.5436189 3.8228810 5.1710705 5.0684275 4.3328735 5.2588974 2.8833099 4.4536564 4.7463188 4.9031447 4.8781740 7.4763740 6.5822486 7.7210081 5.5258013 5.9326748 7.2998740 3.4950777 5.0232142 5.2039319 4.8023363 4.0423616 5.8873151 5.7198848 5.5435800 4.7678561 5.6410387 5.0762922 
HoiH11_mRNA8511                                         4.4047058 4.2277379 3.7210698 1.6420452 3.1120689 0.1005837 0.4286792 0.0000000 0.2002024 0.2070145 0.2448079 0.2487454 2.7281601 3.7323426 3.5618938 3.6301350 2.8351851 4.0445767 4.3536276 3.2287624 4.9581893 4.5398095 4.5527533 3.6263415 4.2573112 4.0697559 2.6744855 3.7992510 4.7850553 3.1018019 4.9882685 4.1549048 5.3216312 4.6924878 4.1720377 5.2270565 3.0285514 5.1311125 4.7707883 4.7176004 4.5691976 7.1002400 6.3638020 7.1198837 5.2056379 5.5116904 6.6866530 3.9680495 4.7202160 5.4922500 4.3482277 4.2973478 5.6546029 5.6908945 5.7381012 4.7578694 5.1512711 4.7617959 
HoiH06_mRNA8060                                         4.4302386 4.3432848 3.9137061 1.6621491 3.0899249 0.1278229 0.4205828 0.2002024 0.0000000 0.0610251 0.1628660 0.1653895 2.7530967 3.7002209 3.6246676 3.5759296 2.7811795 4.2138765 3.9875090 3.1262135 4.7100590 4.4660753 4.4665208 3.5971669 4.0544310 4.3382828 2.7130455 4.0273656 4.4656288 3.1478921 4.4122992 4.0013265 5.1239364 4.7682661 4.2619132 5.1101069 3.0390423 4.9523063 4.8793080 4.9296252 4.5406266 7.2006734 6.4087052 7.3335998 5.4303005 5.8244057 6.3928811 3.9265603 4.9297805 5.4131376 4.3993808 4.2450532 5.4246062 5.9571580 5.8124500 4.7079332 5.2538437 5.3470612 
HoiH23_PlH23_002176-RA                                  4.4606082 4.2120952 4.0341788 1.6560721 3.0661403 0.1321220 0.4220541 0.2070145 0.0610251 0.0000000 0.1608947 0.1658090 2.7369547 3.7765997 3.6885927 3.6133684 2.7430220 4.1550444 4.1696854 3.1996777 4.9397923 4.6140737 4.5702801 3.6737639 4.2185732 4.2498826 2.6257998 4.0473431 4.5881809 3.0356831 4.6337423 3.7877967 5.2638696 4.8806782 4.3172517 5.1741444 3.0832480 5.0510229 5.0458502 5.0245866 4.7821708 7.1696753 6.4090085 7.4358777 5.3501648 5.6770641 6.3220683 3.8093849 4.9970061 5.3746392 4.4757699 4.2319548 5.3251985 5.8657298 5.6406398 4.7950014 5.5074899 5.3870835 
Hhon_g04734.t1                                          4.4776410 4.3305022 3.9361303 1.6977624 3.1161265 0.1526624 0.4830551 0.2448079 0.1628660 0.1608947 0.0000000 0.0113559 2.7137759 3.7518802 3.6596153 3.7226549 2.7984294 4.2913605 4.2214616 3.3583253 4.8927709 4.5902572 4.4074069 3.6079738 4.2323898 4.3945508 2.7953046 3.9287216 4.7290405 3.1201557 4.5841692 3.9042517 5.2258639 4.6987644 4.2008515 5.2286752 3.1669445 5.1816058 4.9221430 4.9844503 4.8337035 7.0539357 6.2601928 7.5085978 5.4246057 5.7530332 6.6114942 3.7845835 5.0888724 5.7864596 4.4838239 4.4177942 5.4244069 5.6839200 5.5021708 5.1783704 5.6173254 5.1640243 
HoiH04_mRNA3187                                         4.5231274 4.2715725 3.8917213 1.6931237 3.0185954 0.1526624 0.4701646 0.2487454 0.1653895 0.1658090 0.0113559 0.0000000 2.6214936 3.6187851 3.5700446 3.7023262 2.8402186 4.2598716 4.2443309 3.3649922 4.8846519 4.6136542 4.3978321 3.6459236 4.2488360 4.4354582 2.8376025 3.9818412 4.7309295 3.1557720 4.4652340 3.8949844 5.1367444 4.8111802 4.1939409 5.2309435 3.2025586 5.2417634 5.0393758 4.8756486 4.8888174 7.0564908 6.2993369 7.5029441 5.4846163 5.8179490 6.6888623 3.6130039 5.1054767 5.8191252 4.4813355 4.4060922 5.4019360 5.7083833 5.5744243 5.1320101 5.5853641 5.1338964 
Nvec_v1g137233                                          3.4238211 3.2672280 3.4609562 2.0315743 1.0216942 1.0799346 2.7988939 2.7281601 2.7530967 2.7369547 2.7137759 2.6214936 0.0000000 1.4571712 1.5595834 2.3365941 2.0489355 2.9282002 3.4749813 3.0331581 4.1211512 3.4628851 3.5979291 3.4778444 3.5843023 3.8906745 3.4100399 4.3521371 4.0336359 3.3872898 4.6829376 3.5010138 3.3965131 3.1585753 2.9463383 3.5863010 2.5471986 3.9950663 3.3716612 4.0299044 3.7817739 4.2117274 4.6476901 4.2129888 4.7772279 5.0270745 5.2053226 3.6462290 5.2499580 6.0320545 4.7156158 3.0800082 4.7761382 5.8948706 5.7460961 4.5831329 3.9494531 4.7829513 
Spis_XP_022806502_1                                     4.8147043 4.3432590 3.9709323 2.2030460 1.7100242 1.2179947 4.0912864 3.7323426 3.7002209 3.7765997 3.7518802 3.6187851 1.4571712 0.0000000 0.1528186 2.7578601 2.2715595 4.1062094 5.4262221 3.6440220 4.5904138 4.0162789 4.3399215 4.4185392 4.4957602 5.1732582 3.4526519 4.8620048 5.6403220 4.1064738 5.0445436 4.4385117 4.4676030 4.4526648 4.4985768 5.0171606 2.9275841 5.3771309 4.7159385 5.2116016 5.6230674 6.4198705 7.1571008 7.2319342 6.1388021 6.0475907 6.8814495 3.8176291 6.1927930 5.7348753 4.8580612 5.0468346 5.2739156 6.3706632 6.4522014 5.4956485 4.6312571 6.2265020 
Pocdam_XM_027202660.1                                   4.7071108 4.3615832 3.9630800 2.2634056 1.7347268 1.1388554 3.9262079 3.5618938 3.6246676 3.6885927 3.6596153 3.5700446 1.5595834 0.1528186 0.0000000 2.6448621 2.2921307 3.9428955 5.2693059 3.6920146 4.6268305 4.0610734 4.0255261 4.2687926 4.5551936 5.0880804 3.4683687 4.7233914 5.6566690 4.1047232 5.0681252 4.4101543 4.5071485 4.4497801 4.4442674 5.0550245 3.0518962 5.4067907 4.9508351 5.4988324 5.6785866 6.4828462 6.9304649 7.1697943 6.1995495 6.0329814 7.0538817 3.7752212 6.1480759 5.8264170 4.8334490 5.2567822 5.5238150 6.2347375 6.4237857 5.7336502 4.5897690 6.3556810 
Dgig_XM_028554470.1                                     4.6442341 4.6539132 3.9262539 2.4541727 2.5433139 0.9595597 3.7881753 3.6301350 3.5759296 3.6133684 3.7226549 3.7023262 2.3365941 2.7578601 2.6448621 0.0000000 0.8898459 4.7591710 5.0607080 4.0531046 3.8857022 3.7961556 4.4406530 3.9946366 4.6643404 4.2569111 3.3369927 4.2448266 5.2187205 4.0071328 5.0575003 3.9565078 4.5412112 3.9669328 3.4630083 4.3495531 3.1473195 5.4058949 4.6766191 5.0075795 5.4276452 6.0211847 6.7421125 6.3308025 5.6911257 5.3192635 6.6921738 4.3626152 5.7384648 5.5461873 4.8467442 4.1833262 5.9878277 5.9553242 6.0633048 4.3094400 4.9628344 5.5301624 
Xesp_008485-T1                                          3.6614790 3.2469432 3.3754752 2.4748252 2.1492205 1.0432378 2.8062563 2.8351851 2.7811795 2.7430220 2.7984294 2.8402186 2.0489355 2.2715595 2.2921307 0.8898459 0.0000000 3.4493785 3.6439426 4.3654017 3.9406259 3.3489557 4.5864915 3.3800692 3.8397196 3.9251518 2.7358628 4.2919513 3.8925875 3.6109676 3.8803098 3.7433004 3.5547420 3.3722477 2.9968949 4.6657232 3.1817474 4.0748131 3.0255539 3.4046953 3.3506369 4.3980188 4.7359601 4.8968311 4.2531936 4.2180939 5.6168210 4.3514870 4.3374575 4.7696642 4.4738580 3.4270665 5.4681420 4.4727480 4.7581487 4.1815161 3.4846864 2.3685978 
Cgig_XM_011437812.3                                     3.9482579 4.3209428 3.9091545 1.6270712 4.0054016 1.0568808 4.2637913 4.0445767 4.2138765 4.1550444 4.2913605 4.2598716 2.9282002 4.1062094 3.9428955 4.7591710 3.4493785 0.0000000 3.6432669 3.5315832 6.1213795 5.0248856 5.0629621 4.0192191 4.0380766 4.4666921 3.1868641 3.3744583 4.7160255 4.0364419 5.4053545 3.5399438 5.1077069 5.6355639 4.2734864 4.8281315 2.3116287 3.9999852 4.6702144 4.3140648 5.2007367 5.7211085 6.1392823 6.4171959 4.6367814 4.5874231 5.8289070 3.5164862 6.0649187 5.6150645 5.3878621 4.4429493 5.6568069 6.3450383 6.7542048 5.0306697 5.8431192 5.4843490 
Acagra_model.g2981.t1                                   4.0890790 5.1831493 4.4755482 1.6170424 5.2139521 1.3964511 4.6756148 4.3536276 3.9875090 4.1696854 4.2214616 4.2443309 3.4749813 5.4262221 5.2693059 5.0607080 3.6439426 3.6432669 0.0000000 3.8993437 6.4794373 6.1756436 5.0960626 4.6560945 4.9344062 5.8125456 3.4926719 4.2705219 4.6850244 4.0252148 5.0662285 4.9090768 6.2745274 6.3304194 4.7287751 5.5853789 2.4997568 5.0366065 5.3904735 6.6623893 6.6733861 6.7262857 6.2068777 7.5061558 5.9289437 5.9706809 7.8589611 4.2670900 7.2806550 7.0715831 5.4222950 5.7863302 6.3836616 7.2889621 6.3808688 5.6275955 6.8216898 7.4351200 
Aaur_scaffold89.g23.t2                                  5.6466419 4.5744507 4.3048881 3.1941317 3.1514468 0.9352543 3.1701289 3.2287624 3.1262135 3.1996777 3.3583253 3.3649922 3.0331581 3.6440220 3.6920146 4.0531046 4.3654017 3.5315832 3.8993437 0.0000000 1.0231246 0.9056073 1.1113822 3.4223935 3.5626559 3.5555844 3.7456450 4.1395509 3.6487975 3.2830171 4.3740225 3.6347097 3.1941660 2.8450218 2.8016597 4.6553833 2.6929486 4.6427648 4.2769591 4.6291370 3.6836604 4.4973232 4.9266642 5.1863579 4.7111019 5.1573292 5.4252889 2.4651214 3.5386112 3.7085893 3.4499799 3.3880851 4.1643432 3.9386011 4.2216338 4.3675727 3.2328461 5.2835794 
Nemnom_g8584.t1                                         5.3271921 6.4061656 6.1821541 3.3423574 4.9289330 1.5940546 5.0407500 4.9581893 4.7100590 4.9397923 4.8927709 4.8846519 4.1211512 4.5904138 4.6268305 3.8857022 3.9406259 6.1213795 6.4794373 1.0231246 0.0000000 0.6099084 2.0594328 5.2945215 5.8257054 5.3697538 3.6725191 4.9294829 5.7460520 4.3556423 6.8632730 6.1833597 4.5663862 3.6021452 5.0978706 6.0195212 3.1486187 6.0681779 6.0923816 6.6932020 6.3016190 6.5476082 7.4875346 7.4228969 7.1424541 7.1426060 8.4037055 4.5971800 6.3765086 5.5500502 6.7366886 5.8358897 7.0487761 7.1951746 7.9073621 5.8113715 3.7877864 6.1605247 
Rhoesc_Res_002206-T1                                    5.3210763 5.7720070 4.6828247 3.0016487 4.5367144 1.6435416 4.3479074 4.5398095 4.4660753 4.6140737 4.5902572 4.6136542 3.4628851 4.0162789 4.0610734 3.7961556 3.3489557 5.0248856 6.1756436 0.9056073 0.6099084 0.0000000 1.9624885 4.7523239 5.1037201 4.8096568 3.8109748 4.3690513 5.6627794 3.8243799 5.5394410 4.8463143 4.0945335 3.2644158 4.3579502 5.0961214 2.8434996 5.8821298 6.6483666 6.3286545 6.1342628 5.9933112 6.2513490 7.0829739 6.1860333 6.5107108 7.7287309 3.5285631 6.0835089 5.6763596 5.8053706 5.5107774 6.7905298 6.7853814 7.2972710 4.9562777 3.7139358 6.1306009 
Sanmal_Sma_017530-T1                                    6.2205283 5.5928546 5.3145787 3.4119817 4.9021784 2.0231845 4.6864555 4.5527533 4.4665208 4.5702801 4.4074069 4.3978321 3.5979291 4.3399215 4.0255261 4.4406530 4.5864915 5.0629621 5.0960626 1.1113822 2.0594328 1.9624885 0.0000000 4.6089986 4.6619776 5.3453847 3.8628855 5.0038005 5.6081391 4.6663403 5.9414900 4.7827962 4.0309945 4.1384921 4.4882919 5.6744897 3.2626399 6.4418894 5.4094274 5.9264158 5.3813767 5.8452632 6.1934150 6.3658971 6.3958616 6.3857045 6.4147014 4.2121210 5.7756210 7.1625546 6.4991111 4.6753648 6.5181380 6.7889656 6.6265009 5.0073922 3.9928578 6.6007795 
Acaspe_EP00035_Acanthoeca_spectabilis_P037727           4.5583147 4.6158232 4.4827253 2.9431079 4.4589955 2.4336009 3.6297278 3.6263415 3.5971669 3.6737639 3.6079738 3.6459236 3.4778444 4.4185392 4.2687926 3.9946366 3.3800692 4.0192191 4.6560945 3.4223935 5.2945215 4.7523239 4.6089986 0.0000000 0.9051494 2.0070666 2.5260223 2.4263614 3.1929564 2.4409083 3.0753638 1.8150874 4.8168899 4.9595311 4.0383100 5.7110726 3.6851548 5.2340908 4.4320790 4.3130389 4.4303395 6.2875501 6.5208238 7.0020338 5.0354554 5.6375674 6.2726956 3.9941307 4.2271228 4.2949362 3.4325781 3.3192030 4.4890276 3.9456359 4.0481864 4.1111548 5.7695379 5.5500197 
Helnan_EP00037_Helgoeca_nana_P014022                    4.7014864 4.9630637 4.8061833 3.4601499 4.2787997 3.5611208 4.1053184 4.2573112 4.0544310 4.2185732 4.2323898 4.2488360 3.5843023 4.4957602 4.5551936 4.6643404 3.8397196 4.0380766 4.9344062 3.5626559 5.8257054 5.1037201 4.6619776 0.9051494 0.0000000 1.9441073 2.2916877 2.3720862 3.1394396 2.3803562 3.1913822 1.5520804 5.5529944 4.8121571 4.3245030 5.3871507 3.4682477 4.9527258 3.8386056 4.0941968 4.0478928 6.0056885 6.3296472 6.8550600 5.1039584 5.8472300 5.7056253 4.1895742 3.5118039 3.9237640 3.4363867 3.1607434 4.4364249 4.0872977 3.9745134 4.1661136 5.9161554 4.3401345 
Stedip_EP00041_Stephanoeca_diplocostata_P010060         5.0427382 5.7310618 4.9060589 3.5653597 5.0009515 3.0363560 4.3301080 4.0697559 4.3382828 4.2498826 4.3945508 4.4354582 3.8906745 5.1732582 5.0880804 4.2569111 3.9251518 4.4666921 5.8125456 3.5555844 5.3697538 4.8096568 5.3453847 2.0070666 1.9441073 0.0000000 2.5688314 2.3919377 3.5766816 2.3516685 3.7929433 1.6827566 4.7533503 5.6465392 4.5759596 5.5568257 3.6254254 6.0340054 4.2797850 4.5322338 4.2250961 5.8347719 6.2352342 6.7763731 4.8386894 5.4241021 5.8563390 4.6091671 3.9100440 4.4486752 3.5951823 3.5207365 4.2445098 4.0568421 4.2260873 3.4520881 5.1262947 5.1367204 
Mylflu_EP00047_Mylnosiga_fluctuans_P018453              3.7050382 4.0549914 3.5918237 2.8931678 3.2522371 2.1031117 2.8207743 2.6744855 2.7130455 2.6257998 2.7953046 2.8376025 3.4100399 3.4526519 3.4683687 3.3369927 2.7358628 3.1868641 3.4926719 3.7456450 3.6725191 3.8109748 3.8628855 2.5260223 2.2916877 2.5688314 0.0000000 1.9909181 2.1868657 1.8659497 2.9397605 2.0603017 3.6500702 3.9377605 2.8510989 3.4337793 3.2107808 3.6374384 2.6503936 2.8317969 2.6719404 4.7369684 4.7929782 5.4674681 4.1155828 4.2610579 5.1181363 4.0088743 3.1520409 3.8900557 2.6291476 2.5841755 3.5005845 3.6631270 3.5104999 3.5083943 3.2326524 3.0925881 
Salpun_EP00053_Salpingoeca_punica_P008394               4.9338461 4.9847176 4.2987045 3.6468791 5.0630844 3.1201168 3.6952267 3.7992510 4.0273656 4.0473431 3.9287216 3.9818412 4.3521371 4.8620048 4.7233914 4.2448266 4.2919513 3.3744583 4.2705219 4.1395509 4.9294829 4.3690513 5.0038005 2.4263614 2.3720862 2.3919377 1.9909181 0.0000000 2.4253120 1.9448577 3.0442001 2.4465496 4.9503182 4.8782353 4.2706885 5.0543811 4.2529697 5.2968990 3.4416635 3.1764063 3.5881786 4.6111557 5.4609261 5.6848117 5.5798325 5.5726138 5.2881387 4.5938387 3.5009195 4.0165404 3.5088812 1.8751724 4.6851527 2.7767328 3.1693046 4.1411586 3.6772552 3.0364627 
Saldol_EP00054_Salpingoeca_dolichothecata_P000757       5.4861525 5.6230868 5.5650336 2.9290337 5.4868773 2.4013090 4.9413567 4.7850553 4.4656288 4.5881809 4.7290405 4.7309295 4.0336359 5.6403220 5.6566690 5.2187205 3.8925875 4.7160255 4.6850244 3.6487975 5.7460520 5.6627794 5.6081391 3.1929564 3.1394396 3.5766816 2.1868657 2.4253120 0.0000000 2.5937242 3.7963442 3.0938502 5.7874551 5.6051010 4.5571575 5.3023194 3.5117575 6.1367925 5.1524879 5.3089917 5.1012216 5.4899027 5.6745271 6.7767778 5.2008175 5.4993206 6.6129937 4.1448240 4.1942771 3.6184540 3.0687640 3.0733583 4.1904783 4.0285396 4.0431434 3.6525399 5.6223656 5.7627165 
Salkve_EP00050_Salpingoeca_kvevrii_P006946              4.2637327 4.4612855 4.4021236 2.8360913 3.3541312 1.6317314 3.1993916 3.1018019 3.1478921 3.0356831 3.1201557 3.1557720 3.3872898 4.1064738 4.1047232 4.0071328 3.6109676 4.0364419 4.0252148 3.2830171 4.3556423 3.8243799 4.6663403 2.4409083 2.3803562 2.3516685 1.8659497 1.9448577 2.5937242 0.0000000 3.0971528 1.9376994 4.8402375 4.1896272 3.2640499 3.8719174 3.7684157 4.2753896 3.2688632 3.3288606 3.4342843 4.7924938 4.6174957 5.5553198 4.5503381 4.7331070 4.9249040 4.1871903 3.2650049 3.2333393 2.6675240 2.3164156 3.8241476 3.3276115 3.1846431 2.8994292 4.3547771 3.5573104 
Didcos_EP00039_Didymoeca_costata_P000836                5.0960175 5.8193358 5.3003182 3.6266176 5.5945261 2.7472817 4.5436189 4.9882685 4.4122992 4.6337423 4.5841692 4.4652340 4.6829376 5.0445436 5.0681252 5.0575003 3.8803098 5.4053545 5.0662285 4.3740225 6.8632730 5.5394410 5.9414900 3.0753638 3.1913822 3.7929433 2.9397605 3.0442001 3.7963442 3.0971528 0.0000000 3.0211526 4.9826382 5.4425453 4.0972967 5.2185732 4.1437484 5.9639302 4.8402638 4.6915321 4.5675613 6.7027308 7.6525161 6.8470541 6.6594613 6.5263568 6.9277080 4.3350914 4.8132908 4.8823816 4.1040321 4.0929561 5.0511139 5.0174958 4.7056870 4.0981510 5.5226181 5.2348179 
Diagra_EP00040_Diaphanoeca_grandis_P044434              4.4484837 4.1208284 4.9517799 2.4837477 4.0888963 2.7945471 3.8228810 4.1549048 4.0013265 3.7877967 3.9042517 3.8949844 3.5010138 4.4385117 4.4101543 3.9565078 3.7433004 3.5399438 4.9090768 3.6347097 6.1833597 4.8463143 4.7827962 1.8150874 1.5520804 1.6827566 2.0603017 2.4465496 3.0938502 1.9376994 3.0211526 0.0000000 4.9073069 4.6835419 4.4430141 4.7048573 3.5342400 4.0764344 3.6395427 4.0289788 4.4374020 4.9629967 5.6903283 5.8445117 5.0306247 5.1615450 5.9762750 4.6942176 4.2586253 5.0505146 3.4382324 3.5765560 4.8959727 3.8298943 3.6773316 4.2283272 4.7734954 3.4528914 
Hvul_g5731_1                                            5.9949725 6.7515869 5.5357173 3.0556924 4.5197222 2.0775791 5.1710705 5.3216312 5.1239364 5.2638696 5.2258639 5.1367444 3.3965131 4.4676030 4.5071485 4.5412112 3.5547420 5.1077069 6.2745274 3.1941660 4.5663862 4.0945335 4.0309945 4.8168899 5.5529944 4.7533503 3.6500702 4.9503182 5.7874551 4.8402375 4.9826382 4.9073069 0.0000000 1.8345231 4.8567950 5.3862871 3.3226392 5.3156699 5.6560534 6.4358624 6.3869541 7.0295995 7.6056547 6.9271680 6.4819182 6.7719020 8.9135714 4.3904967 6.5305314 7.0864089 5.2542146 6.4830634 7.9389410 7.8654998 8.3709393 4.8058282 4.5390774 7.6323888 
Chem_TCONS_00026068                                     5.2820322 7.2841260 4.7499206 3.4665310 4.3148644 1.9810029 5.0684275 4.6924878 4.7682661 4.8806782 4.6987644 4.8111802 3.1585753 4.4526648 4.4497801 3.9669328 3.3722477 5.6355639 6.3304194 2.8450218 3.6021452 3.2644158 4.1384921 4.9595311 4.8121571 5.6465392 3.9377605 4.8782353 5.6051010 4.1896272 5.4425453 4.6835419 1.8345231 0.0000000 4.4031680 4.9056329 3.6018086 5.4443653 5.1065738 6.3341872 5.8913815 6.0434351 7.4224065 6.5423793 6.0574549 5.6777586 7.0055740 3.7098321 6.0441771 6.8235293 5.4771762 5.1753904 7.0810066 6.2939083 7.2777671 4.9978497 3.8486641 6.9515468 
Ocar_g1946                                              4.4202245 4.4328158 4.4420335 2.1842136 3.7885874 1.9936550 4.3328735 4.1720377 4.2619132 4.3172517 4.2008515 4.1939409 2.9463383 4.4985768 4.4442674 3.4630083 2.9968949 4.2734864 4.7287751 2.8016597 5.0978706 4.3579502 4.4882919 4.0383100 4.3245030 4.5759596 2.8510989 4.2706885 4.5571575 3.2640499 4.0972967 4.4430141 4.8567950 4.4031680 0.0000000 0.0075316 3.3266019 4.4278335 3.3755045 4.3143551 4.0549283 5.9141710 5.2272889 5.1296750 5.2620105 5.3331364 5.3239623 3.8184896 4.4612085 5.7262802 5.3590627 4.6204763 6.2342576 6.1827592 5.5492514 4.4502733 4.0334287 4.3844936 
Opea_EP00118_Oscarella_pearsei_P005382                  5.1407467 5.4881076 5.2597559 2.6377278 4.5411239 2.0499825 5.2588974 5.2270565 5.1101069 5.1741444 5.2286752 5.2309435 3.5863010 5.0171606 5.0550245 4.3495531 4.6657232 4.8281315 5.5853789 4.6553833 6.0195212 5.0961214 5.6744897 5.7110726 5.3871507 5.5568257 3.4337793 5.0543811 5.3023194 3.8719174 5.2185732 4.7048573 5.3862871 4.9056329 0.0075316 0.0000000 3.7482537 4.8070999 4.1912635 4.9770480 4.6006749 6.0164340 5.3043423 5.3195254 5.2750460 5.2832177 5.5757834 4.0470922 4.9543296 6.2068339 5.4826140 5.0189045 6.6604257 6.1547018 5.8952272 4.7588255 5.1491377 5.5901003 
Cscu_XM_023381884.1                                     2.5284847 3.5443358 3.2112836 2.2006431 2.9694574 2.5257524 2.8833099 3.0285514 3.0390423 3.0832480 3.1669445 3.2025586 2.5471986 2.9275841 3.0518962 3.1473195 3.1817474 2.3116287 2.4997568 2.6929486 3.1486187 2.8434996 3.2626399 3.6851548 3.4682477 3.6254254 3.2107808 4.2529697 3.5117575 3.7684157 4.1437484 3.5342400 3.3226392 3.6018086 3.3266019 3.7482537 0.0000000 2.9343469 3.1046691 3.7271808 3.1713932 4.8944863 5.0652367 4.8609547 4.3738588 4.6605228 5.0144520 4.5912591 4.8677642 5.2477967 4.2307934 2.5288423 5.4765277 5.4240941 5.3250615 5.0023283 3.0628334 1.1727923 
Ctel_gnl_WGS_AMQN_CAPTEDRAFT_mRNA198117                 4.6238297 4.2772173 4.3995946 2.0016480 5.6484393 1.8784330 4.4536564 5.1311125 4.9523063 5.0510229 5.1816058 5.2417634 3.9950663 5.3771309 5.4067907 5.4058949 4.0748131 3.9999852 5.0366065 4.6427648 6.0681779 5.8821298 6.4418894 5.2340908 4.9527258 6.0340054 3.6374384 5.2968990 6.1367925 4.2753896 5.9639302 4.0764344 5.3156699 5.4443653 4.4278335 4.8070999 2.9343469 0.0000000 4.7747209 5.6560887 5.7297405 6.5072499 7.0870936 7.0405643 6.1753023 6.0838112 6.6542281 4.4338773 6.6194676 6.4172150 5.4391022 6.1123995 6.6232923 7.7128623 7.0599930 5.9460084 6.1406912 7.7638578 
Scil_scict016848.1                                      4.1739259 5.6126415 4.2129148 1.7389343 4.7354964 1.6704868 4.7463188 4.7707883 4.8793080 5.0458502 4.9221430 5.0393758 3.3716612 4.7159385 4.9508351 4.6766191 3.0255539 4.6702144 5.3904735 4.2769591 6.0923816 6.6483666 5.4094274 4.4320790 3.8386056 4.2797850 2.6503936 3.4416635 5.1524879 3.2688632 4.8402638 3.6395427 5.6560534 5.1065738 3.3755045 4.1912635 3.1046691 4.7747209 0.0000000 0.8492710 1.1062960 5.3658889 5.2273322 5.6199188 5.0925656 5.2176891 5.4812361 3.1484012 4.9844709 5.7442961 4.8100379 4.1390752 5.8400540 6.4390477 5.3139797 4.5399650 5.4876654 3.8621923 
Gracom_Gcom_C559836_01                                  4.6964100 5.1490771 4.5651351 1.9664880 5.4148272 1.5610120 4.9031447 4.7176004 4.9296252 5.0245866 4.9844503 4.8756486 4.0299044 5.2116016 5.4988324 5.0075795 3.4046953 4.3140648 6.6623893 4.6291370 6.6932020 6.3286545 5.9264158 4.3130389 4.0941968 4.5322338 2.8317969 3.1764063 5.3089917 3.3288606 4.6915321 4.0289788 6.4358624 6.3341872 4.3143551 4.9770480 3.7271808 5.6560887 0.8492710 0.0000000 1.2986519 5.4568271 5.7390928 5.6734691 4.8636566 5.5904167 5.7572536 3.6748826 5.6865782 5.6951936 4.9041912 5.2768758 6.4211823 6.6539443 5.3599695 5.3311651 5.7529842 3.9738208 
Lcom_lcpid42686                                         4.9698483 5.8593186 4.9042394 1.7195447 5.1255264 1.6028313 4.8781740 4.5691976 4.5406266 4.7821708 4.8337035 4.8888174 3.7817739 5.6230674 5.6785866 5.4276452 3.3506369 5.2007367 6.6733861 3.6836604 6.3016190 6.1342628 5.3813767 4.4303395 4.0478928 4.2250961 2.6719404 3.5881786 5.1012216 3.4342843 4.5675613 4.4374020 6.3869541 5.8913815 4.0549283 4.6006749 3.1713932 5.7297405 1.1062960 1.2986519 0.0000000 5.5847496 4.9410761 5.3110897 5.5129288 5.5327388 5.4581364 3.5484898 5.5427290 5.3254356 3.8492369 4.3194317 5.1840694 6.3499735 4.6202292 4.8734061 5.8878658 4.0057382 
Aque_Aqu2.1.29368_001                                   6.4510477 7.4821704 5.6392790 3.8963614 6.2040558 2.7729258 7.4763740 7.1002400 7.2006734 7.1696753 7.0539357 7.0564908 4.2117274 6.4198705 6.4828462 6.0211847 4.3980188 5.7211085 6.7262857 4.4973232 6.5476082 5.9933112 5.8452632 6.2875501 6.0056885 5.8347719 4.7369684 4.6111557 5.4899027 4.7924938 6.7027308 4.9629967 7.0295995 6.0434351 5.9141710 6.0164340 4.8944863 6.5072499 5.3658889 5.4568271 5.5847496 0.0000000 0.6784672 1.2633557 1.8036852 1.6622355 2.1703611 2.6966481 5.6202159 6.9150465 5.1784610 4.9699108 6.2016623 7.4523661 6.8872771 5.8535783 5.7687784 5.7902355 
Halamb_c50311_g1_i2mm.3447                              6.1989113 8.0694479 6.6858587 3.9775249 7.5298452 2.3572737 6.5822486 6.3638020 6.4087052 6.4090085 6.2601928 6.2993369 4.6476901 7.1571008 6.9304649 6.7421125 4.7359601 6.1392823 6.2068777 4.9266642 7.4875346 6.2513490 6.1934150 6.5208238 6.3296472 6.2352342 4.7929782 5.4609261 5.6745271 4.6174957 7.6525161 5.6903283 7.6056547 7.4224065 5.2272889 5.3043423 5.0652367 7.0870936 5.2273322 5.7390928 4.9410761 0.6784672 0.0000000 1.2158240 1.9328936 1.8603371 2.2760328 2.8212301 6.0723387 6.8571123 5.5554874 5.0037664 6.1718616 8.0711002 7.1071888 6.0451669 5.8682665 6.8737565 
Xestes_maker-XT_scaffold29147-augustus-gene-0.11-mRNA-1 6.2888190 7.9869481 6.8713727 3.7069341 7.4397171 2.6453503 7.7210081 7.1198837 7.3335998 7.4358777 7.5085978 7.5029441 4.2129888 7.2319342 7.1697943 6.3308025 4.8968311 6.4171959 7.5061558 5.1863579 7.4228969 7.0829739 6.3658971 7.0020338 6.8550600 6.7763731 5.4674681 5.6848117 6.7767778 5.5553198 6.8470541 5.8445117 6.9271680 6.5423793 5.1296750 5.3195254 4.8609547 7.0405643 5.6199188 5.6734691 5.3110897 1.2633557 1.2158240 0.0000000 1.7830196 1.8335847 2.0558685 2.5041680 6.1464053 7.2820735 6.1344432 5.3925772 5.8081366 8.0007696 8.1858389 6.4695969 5.7412959 7.1326271 
Emue_Em0021g258a.t1                                     5.8244910 5.9436585 6.1818325 3.7001510 5.5677396 3.1638907 5.5258013 5.2056379 5.4303005 5.3501648 5.4246057 5.4846163 4.7772279 6.1388021 6.1995495 5.6911257 4.2531936 4.6367814 5.9289437 4.7111019 7.1424541 6.1860333 6.3958616 5.0354554 5.1039584 4.8386894 4.1155828 5.5798325 5.2008175 4.5503381 6.6594613 5.0306247 6.4819182 6.0574549 5.2620105 5.2750460 4.3738588 6.1753023 5.0925656 4.8636566 5.5129288 1.8036852 1.9328936 1.7830196 0.0000000 0.1715058 1.9839553 3.0946005 5.0019493 5.8658416 4.5760547 3.8911719 5.5521211 6.0092058 5.4228833 5.3037682 5.6491188 5.8997598 
Spolac_c100724_g1_i2_m.23346c100724-g1                  6.2261045 6.6900735 6.1519850 3.9467844 5.2190699 3.0054689 5.9326748 5.5116904 5.8244057 5.6770641 5.7530332 5.8179490 5.0270745 6.0475907 6.0329814 5.3192635 4.2180939 4.5874231 5.9706809 5.1573292 7.1426060 6.5107108 6.3857045 5.6375674 5.8472300 5.4241021 4.2610579 5.5726138 5.4993206 4.7331070 6.5263568 5.1615450 6.7719020 5.6777586 5.3331364 5.2832177 4.6605228 6.0838112 5.2176891 5.5904167 5.5327388 1.6622355 1.8603371 1.8335847 0.1715058 0.0000000 1.9257698 3.3150357 5.4372855 6.4862283 5.1314366 4.3149278 6.4748009 6.3601255 5.8171026 5.7388016 5.3725512 5.9116021 
Tetwil_g3027.t1                                         6.2114599 8.1802594 6.9052030 3.5618402 6.4578619 3.6973965 7.2998740 6.6866530 6.3928811 6.3220683 6.6114942 6.6888623 5.2053226 6.8814495 7.0538817 6.6921738 5.6168210 5.8289070 7.8589611 5.4252889 8.4037055 7.7287309 6.4147014 6.2726956 5.7056253 5.8563390 5.1181363 5.2881387 6.6129937 4.9249040 6.9277080 5.9762750 8.9135714 7.0055740 5.3239623 5.5757834 5.0144520 6.6542281 5.4812361 5.7572536 5.4581364 2.1703611 2.2760328 2.0558685 1.9839553 1.9257698 0.0000000 3.2796636 6.5633462 7.5431956 6.0288089 5.9667664 5.8782074 7.5484527 7.7482246 5.9488340 5.9036250 5.4789381 
Plespi_Pspi_scaffold7008_01                             3.7034085 3.6380507 3.7990933 3.4092759 3.7259817 2.2541020 3.4950777 3.9680495 3.9265603 3.8093849 3.7845835 3.6130039 3.6462290 3.8176291 3.7752212 4.3626152 4.3514870 3.5164862 4.2670900 2.4651214 4.5971800 3.5285631 4.2121210 3.9941307 4.1895742 4.6091671 4.0088743 4.5938387 4.1448240 4.1871903 4.3350914 4.6942176 4.3904967 3.7098321 3.8184896 4.0470922 4.5912591 4.4338773 3.1484012 3.6748826 3.5484898 2.6966481 2.8212301 2.5041680 3.0946005 3.3150357 3.2796636 0.0000000 4.9121327 5.3241998 4.8799744 2.7684296 5.8453724 4.7055186 4.9354756 4.9421980 3.7845767 2.2231194 
Sros_EGD82756                                           6.4132784 6.4188398 6.1703693 3.4832798 6.4836283 3.0607997 5.0232142 4.7202160 4.9297805 4.9970061 5.0888724 5.1054767 5.2499580 6.1927930 6.1480759 5.7384648 4.3374575 6.0649187 7.2806550 3.5386112 6.3765086 6.0835089 5.7756210 4.2271228 3.5118039 3.9100440 3.1520409 3.5009195 4.1942771 3.2650049 4.8132908 4.2586253 6.5305314 6.0441771 4.4612085 4.9543296 4.8677642 6.6194676 4.9844709 5.6865782 5.5427290 5.6202159 6.0723387 6.1464053 5.0019493 5.4372855 6.5633462 4.9121327 0.0000000 1.4764013 2.3544956 4.7768811 3.6528386 4.0454126 3.6799402 4.3374036 6.2006839 6.8248422 
Microa_EP00043_Microstomoeca_roanoka_P008927            6.6096316 6.7094612 6.8585048 4.5606038 6.6753523 3.4318445 5.2039319 5.4922500 5.4131376 5.3746392 5.7864596 5.8191252 6.0320545 5.7348753 5.8264170 5.5461873 4.7696642 5.6150645 7.0715831 3.7085893 5.5500502 5.6763596 7.1625546 4.2949362 3.9237640 4.4486752 3.8900557 4.0165404 3.6184540 3.2333393 4.8823816 5.0505146 7.0864089 6.8235293 5.7262802 6.2068339 5.2477967 6.4172150 5.7442961 5.6951936 5.3254356 6.9150465 6.8571123 7.2820735 5.8658416 6.4862283 7.5431956 5.3241998 1.4764013 0.0000000 2.4077484 4.5453038 4.0430525 4.0879815 3.0914095 4.7538372 6.7056065 5.9604000 
Salinf_EP00049_Salpingoeca_infusionum_P004240           5.1468586 6.0676835 4.6716881 3.4239730 4.8812863 2.7737788 4.8023363 4.3482277 4.3993808 4.4757699 4.4838239 4.4813355 4.7156158 4.8580612 4.8334490 4.8467442 4.4738580 5.3878621 5.4222950 3.4499799 6.7366886 5.8053706 6.4991111 3.4325781 3.4363867 3.5951823 2.6291476 3.5088812 3.0687640 2.6675240 4.1040321 3.4382324 5.2542146 5.4771762 5.3590627 5.4826140 4.2307934 5.4391022 4.8100379 4.9041912 3.8492369 5.1784610 5.5554874 6.1344432 4.5760547 5.1314366 6.0288089 4.8799744 2.3544956 2.4077484 0.0000000 3.6129563 4.2768384 3.3717795 3.2589320 3.5168363 5.3993483 4.7095874 
Salmac_EP00052_Salpingoeca_macrocollata_P024928         4.2637430 6.0306820 5.1676939 2.5260694 5.2869855 3.4741202 4.0423616 4.2973478 4.2450532 4.2319548 4.4177942 4.4060922 3.0800082 5.0468346 5.2567822 4.1833262 3.4270665 4.4429493 5.7863302 3.3880851 5.8358897 5.5107774 4.6753648 3.3192030 3.1607434 3.5207365 2.5841755 1.8751724 3.0733583 2.3164156 4.0929561 3.5765560 6.4830634 5.1753904 4.6204763 5.0189045 2.5288423 6.1123995 4.1390752 5.2768758 4.3194317 4.9699108 5.0037664 5.3925772 3.8911719 4.3149278 5.9667664 2.7684296 4.7768811 4.5453038 3.6129563 0.0000000 5.1718573 4.3464146 3.5152319 4.2087718 4.2600749 4.9058672 
Mbre_EDQ91766                                           6.0372048 6.3610000 6.4715075 3.1547306 5.4585240 5.1973448 5.8873151 5.6546029 5.4246062 5.3251985 5.4244069 5.4019360 4.7761382 5.2739156 5.5238150 5.9878277 5.4681420 5.6568069 6.3836616 4.1643432 7.0487761 6.7905298 6.5181380 4.4890276 4.4364249 4.2445098 3.5005845 4.6851527 4.1904783 3.8241476 5.0511139 4.8959727 7.9389410 7.0810066 6.2342576 6.6604257 5.4765277 6.6232923 5.8400540 6.4211823 5.1840694 6.2016623 6.1718616 5.8081366 5.5521211 6.4748009 5.8782074 5.8453724 3.6528386 4.0430525 4.2768384 5.1718573 0.0000000 2.4750859 2.0705170 4.9917925 5.6333987 8.2917735 
Choper_EP00045_Choanoeca_perplexa_P014898               6.7349174 7.5596425 5.7529534 3.2016258 6.9406022 4.6107856 5.7198848 5.6908945 5.9571580 5.8657298 5.6839200 5.7083833 5.8948706 6.3706632 6.2347375 5.9553242 4.4727480 6.3450383 7.2889621 3.9386011 7.1951746 6.7853814 6.7889656 3.9456359 4.0872977 4.0568421 3.6631270 2.7767328 4.0285396 3.3276115 5.0174958 3.8298943 7.8654998 6.2939083 6.1827592 6.1547018 5.4240941 7.7128623 6.4390477 6.6539443 6.3499735 7.4523661 8.0711002 8.0007696 6.0092058 6.3601255 7.5484527 4.7055186 4.0454126 4.0879815 3.3717795 4.3464146 2.4750859 0.0000000 1.0147042 3.9961751 6.4768740 7.1234389 
Chofle_EP00730_Choanoeca_flexa_P013176                  7.1262128 6.9075165 5.2491678 3.4386255 7.1388399 4.2572603 5.5435800 5.7381012 5.8124500 5.6406398 5.5021708 5.5744243 5.7460961 6.4522014 6.4237857 6.0633048 4.7581487 6.7542048 6.3808688 4.2216338 7.9073621 7.2972710 6.6265009 4.0481864 3.9745134 4.2260873 3.5104999 3.1693046 4.0431434 3.1846431 4.7056870 3.6773316 8.3709393 7.2777671 5.5492514 5.8952272 5.3250615 7.0599930 5.3139797 5.3599695 4.6202292 6.8872771 7.1071888 8.1858389 5.4228833 5.8171026 7.7482246 4.9354756 3.6799402 3.0914095 3.2589320 3.5152319 2.0705170 1.0147042 0.0000000 3.7837318 6.3589048 7.8420844 
Salurc_EP00051_Salpingoeca_urceolata_P008161            5.4812929 6.1374513 5.4444833 3.4968728 5.4244656 3.5327187 4.7678561 4.7578694 4.7079332 4.7950014 5.1783704 5.1320101 4.5831329 5.4956485 5.7336502 4.3094400 4.1815161 5.0306697 5.6275955 4.3675727 5.8113715 4.9562777 5.0073922 4.1111548 4.1661136 3.4520881 3.5083943 4.1411586 3.6525399 2.8994292 4.0981510 4.2283272 4.8058282 4.9978497 4.4502733 4.7588255 5.0023283 5.9460084 4.5399650 5.3311651 4.8734061 5.8535783 6.0451669 6.4695969 5.3037682 5.7388016 5.9488340 4.9421980 4.3374036 4.7538372 3.5168363 4.2087718 4.9917925 3.9961751 3.7837318 0.0000000 4.4147899 5.4143125 
Morvir_scaffold333.g6.t1                                5.4335183 6.3407941 5.4535682 2.6328060 4.5184140 2.8103957 5.6410387 5.1512711 5.2538437 5.5074899 5.6173254 5.5853641 3.9494531 4.6312571 4.5897690 4.9628344 3.4846864 5.8431192 6.8216898 3.2328461 3.7877864 3.7139358 3.9928578 5.7695379 5.9161554 5.1262947 3.2326524 3.6772552 5.6223656 4.3547771 5.5226181 4.7734954 4.5390774 3.8486641 4.0334287 5.1491377 3.0628334 6.1406912 5.4876654 5.7529842 5.8878658 5.7687784 5.8682665 5.7412959 5.6491188 5.3725512 5.9036250 3.7845767 6.2006839 6.7056065 5.3993483 4.2600749 5.6333987 6.4768740 6.3589048 4.4147899 0.0000000 5.6886197 
Clacor_Ccor_C540589_01                                  5.5648374 7.7837018 4.8085540 1.2409163 6.4354983 0.0000010 5.0762922 4.7617959 5.3470612 5.3870835 5.1640243 5.1338964 4.7829513 6.2265020 6.3556810 5.5301624 2.3685978 5.4843490 7.4351200 5.2835794 6.1605247 6.1306009 6.6007795 5.5500197 4.3401345 5.1367204 3.0925881 3.0364627 5.7627165 3.5573104 5.2348179 3.4528914 7.6323888 6.9515468 4.3844936 5.5901003 1.1727923 7.7638578 3.8621923 3.9738208 4.0057382 5.7902355 6.8737565 7.1326271 5.8997598 5.9116021 5.4789381 2.2231194 6.8248422 5.9604000 4.7095874 4.9058672 8.2917735 7.1234389 7.8420844 5.4143125 5.6886197 0.0000000 
