52
Bralan_BLAG02001871_1                              0.0000000 0.6360079 0.6856045 0.3533783 0.8628308 0.8602041 0.9171747 0.6460747 0.6086846 0.5790665 0.5966536 0.6189837 0.5798231 0.6213505 0.6404925 1.2283449 0.9272739 0.7599774 0.7685565 0.6589925 0.6555628 0.6965459 0.8519922 0.8519922 1.0323605 0.6988453 0.6988453 0.7827627 0.7176120 0.7698785 0.7001258 0.7116029 0.7566248 0.6977521 1.4916594 1.4141713 1.3520375 1.9856415 1.3394746 1.3530775 1.3443089 1.3762855 1.3374930 1.2104937 1.0240632 1.1536068 1.4964657 1.0071622 1.2326342 1.2398029 1.2600380 1.1407730 
Spur_XM_030983340.1                                0.6360079 0.0000000 0.7334156 0.3041495 0.8265463 0.8179416 0.8801393 0.6601312 0.6746345 0.6477194 0.6872687 0.7031105 0.7070243 0.6952253 0.7141258 1.1112724 0.8901888 0.8085931 0.8200387 0.6232084 0.7812971 1.0162196 1.0016507 1.0016507 1.1528521 0.9578310 0.9578310 1.0917497 0.9659110 0.9563992 1.0179841 1.0042749 1.0497777 0.7542305 1.5052652 1.4757799 1.3763597 1.9765567 1.2925032 1.3936818 1.3262902 1.2616857 1.4021885 1.2292013 1.1587816 0.9617886 1.2389633 0.9815745 1.1677629 1.1455060 1.2024732 1.2700534 
Exapal_XM_021041993.2                              0.6856045 0.7334156 0.0000000 0.2382725 1.0649104 1.0611370 1.1155281 0.3280188 0.3460128 0.3317752 0.3067358 0.3665498 0.3361944 0.3809846 0.3952007 0.8341469 1.0463548 0.6380877 0.6722019 0.6567026 0.9634050 0.9338903 0.9427110 0.9427110 0.9903406 0.8652407 0.8652407 1.0167239 0.9528287 0.9333563 0.9262678 0.9132179 1.0871175 0.7960414 1.5683124 1.4804048 1.5706319 2.2525354 1.4572299 1.2649845 1.5000961 1.3056181 1.6823066 1.1520941 1.2346983 1.1507500 1.2796828 0.8322777 1.1737739 1.3127690 1.1481855 1.1762090 
Aaur_scaffold126.g1.t1                             0.3533783 0.3041495 0.2382725 0.0000000 0.0490027 0.0493566 0.0324754 0.2670898 0.3052191 0.3052191 0.3042973 0.3042973 0.2771402 0.2774974 0.3013331 0.2606993 0.2605213 0.3426176 0.3097461 0.3482017 0.3345103 0.3471961 0.3214641 0.3214641 0.3952584 0.3783021 0.3783021 0.4063551 0.3812140 0.3854705 0.4063551 0.4063551 0.3850571 0.5920226 0.6159337 0.6159337 0.6369885 1.6384754 0.5518623 0.5878977 0.6583135 0.5966012 0.4328702 0.4934792 0.5099354 0.5203292 0.5447528 0.5109763 0.4503123 0.4028028 0.5387875 0.4723985 
Nemnom_g19706.t1                                   0.8628308 0.8265463 1.0649104 0.0490027 0.0000000 0.0492319 0.2244150 0.9143037 1.0500029 1.0068202 0.9586828 0.9903797 0.9353622 1.0033026 1.0271982 0.9290388 0.9091797 0.9872991 1.0768005 0.9966096 1.4426614 1.3513220 1.1939963 1.1939963 1.3932158 1.1518329 1.1518329 1.2540170 1.1873783 1.2230394 1.2334104 1.2334104 1.5768706 0.7955205 2.1238193 1.9355205 1.8835921 2.7967554 1.7835601 1.7571335 1.7824855 1.7254675 1.9684123 1.5557774 1.7017156 1.5442768 1.8716631 1.2321350 1.2676200 1.5524664 1.5579387 1.8875033 
Rhoesc_Res_011892-T1                               0.8602041 0.8179416 1.0611370 0.0493566 0.0492319 0.0000000 0.2605782 0.8898853 1.0805467 1.0350467 0.9678895 1.0002392 0.9443739 1.0073048 1.0312443 0.9704619 0.9467611 1.0170028 1.0750107 0.9625107 1.4103588 1.2845764 1.2013169 1.2013169 1.4723526 1.1451966 1.1451966 1.2611266 1.1936211 1.2230285 1.2333810 1.2333810 1.5963746 0.8091082 2.0986208 1.9873281 1.8780085 2.6537041 1.7037843 1.8206303 1.7696975 1.7760033 1.9942204 1.5659967 1.7217262 1.5631683 1.8898103 1.2287116 1.2705130 1.4825219 1.5746031 1.8018251 
Sanmal_Sma_007730-T1                               0.9171747 0.8801393 1.1155281 0.0324754 0.2244150 0.2605782 0.0000000 1.0261227 1.1097438 1.0668048 1.0611232 1.0684941 0.9934938 1.1093275 1.1343591 0.9924019 1.0265787 1.2052752 1.2127981 1.1300647 1.3372544 1.3248321 1.3202571 1.3202571 1.5143134 1.2578186 1.2578186 1.4249001 1.3240514 1.3454651 1.4369915 1.4369915 1.5011891 0.8115499 2.0319953 1.9058096 1.7238705 2.7948781 1.7706566 1.8232860 2.0017881 1.8858213 1.8118020 1.6462545 1.8695105 1.6827321 1.8927287 1.1222815 1.4305199 1.4181780 1.7852768 1.7822054 
Nvec_NVE3350                                       0.6460747 0.6601312 0.3280188 0.2670898 0.9143037 0.8898853 1.0261227 0.0000000 0.4041821 0.3808231 0.3480763 0.4193938 0.3865807 0.3853864 0.3909251 1.0143482 0.9156212 0.5561160 0.7253641 0.6548357 0.8357124 0.9545114 0.8104117 0.8104117 0.9496368 0.9920261 0.9920261 1.0297707 0.9709153 1.0207680 0.9754666 0.9898744 1.1904859 0.7667717 1.5906526 1.5301556 1.4967540 2.2520159 1.4516840 1.3677629 1.4005938 1.2966762 1.5815536 0.9579355 1.0687261 0.9783608 1.2669252 0.8226661 1.0669519 1.2752706 1.1537798 1.2349813 
Adig_XM_015898888.1                                0.6086846 0.6746345 0.3460128 0.3052191 1.0500029 1.0805467 1.1097438 0.4041821 0.0000000 0.0146933 0.0933052 0.1513136 0.1391912 0.1704264 0.1700594 1.0368589 1.0219213 0.6101238 0.6253671 0.6251465 0.9845713 1.0324590 0.9848552 0.9848552 1.0187025 1.0144490 1.0144490 1.2134017 1.0932863 1.0827045 1.1504009 1.1504009 1.1239771 0.7418619 1.6828786 1.6562105 1.6670922 2.5584956 1.5702238 1.3662460 1.4978429 1.4386921 1.8520215 1.2384149 1.3358878 1.0174137 1.4178238 0.7596214 1.3591552 1.2900637 1.1847042 1.4120487 
Amil_Amillepora23436-RA                            0.5790665 0.6477194 0.3317752 0.3052191 1.0068202 1.0350467 1.0668048 0.3808231 0.0146933 0.0000000 0.0886255 0.1370018 0.1319933 0.1616264 0.1613019 0.9939839 1.0066579 0.5985791 0.6448613 0.5926652 0.9895412 1.0232053 0.9333936 0.9333936 0.9766012 0.9533462 0.9533462 1.1251149 1.0245269 1.0153314 1.0774634 1.0774634 1.0968005 0.7431313 1.6095179 1.5813399 1.6069045 2.4041746 1.5239891 1.3056284 1.4415621 1.3833271 1.7535047 1.1791951 1.2741132 0.9715412 1.4345452 0.7971735 1.3284550 1.1970453 1.1517776 1.3479980 
Gfas_gfas1.m1.15788.m1                             0.5966536 0.6872687 0.3067358 0.3042973 0.9586828 0.9678895 1.0611232 0.3480763 0.0933052 0.0886255 0.0000000 0.0855915 0.0639806 0.1451377 0.1448661 0.9591374 0.9629135 0.5421899 0.6093061 0.5807454 0.9713753 0.9677538 0.8983036 0.8983036 0.9926771 0.9208215 0.9208215 1.0050114 0.9310561 0.9325941 0.9497177 0.9497177 1.0643925 0.7384136 1.5443696 1.5142157 1.5841901 2.2680748 1.4615128 1.3004467 1.4573616 1.3583684 1.7441842 1.0579008 1.1393956 0.9691768 1.4744220 0.8066478 1.2543362 1.1960981 1.0632732 1.3118326 
Fspp_ffun1.m4.6397.m1                              0.6189837 0.7031105 0.3665498 0.3042973 0.9903797 1.0002392 1.0684941 0.4193938 0.1513136 0.1370018 0.0855915 0.0000000 0.0611217 0.1104890 0.1223443 1.0299729 1.0622243 0.5809603 0.6514230 0.5784476 1.0929200 0.9862249 0.9463610 0.9463610 1.0547641 0.9903775 0.9903775 1.1482046 1.0469693 1.0269596 1.0726715 1.0726715 1.1473002 0.6630827 1.5411129 1.5091379 1.5985240 2.2348569 1.4114731 1.2957257 1.4555087 1.3972177 1.7698825 1.1325915 1.2594882 1.0717464 1.6286896 0.8369605 1.3731175 1.3090284 1.1188008 1.4448975 
Gasp_gasp1.m3.18115.m1                             0.5798231 0.7070243 0.3361944 0.2771402 0.9353622 0.9443739 0.9934938 0.3865807 0.1391912 0.1319933 0.0639806 0.0611217 0.0000000 0.1241504 0.1239413 0.9620718 1.0008964 0.5550338 0.6350645 0.5800309 0.9751851 0.9512245 0.8895112 0.8895112 0.9742879 0.9268270 0.9268270 1.0246837 0.9640417 0.9646106 0.9894763 1.0037911 1.0365756 0.7281182 1.5749609 1.5458325 1.6282858 2.3276868 1.4913698 1.2925707 1.4488576 1.4203581 1.7284066 1.0635238 1.1636419 0.9921159 1.4658140 0.8004366 1.2913922 1.2491562 1.0690493 1.3067928 
Spis_XP_022786799_1                                0.6213505 0.6952253 0.3809846 0.2774974 1.0033026 1.0073048 1.1093275 0.3853864 0.1704264 0.1616264 0.1451377 0.1104890 0.1241504 0.0000000 0.0188127 1.1003193 1.0829651 0.6763798 0.7163093 0.6242569 1.0279234 1.0380219 0.9596788 0.9596788 1.0131303 1.0305482 1.0305482 1.1340521 1.0698064 1.0375078 1.1016873 1.1170610 1.0751670 0.7055165 1.5205756 1.5239306 1.5310693 2.1410202 1.3969650 1.3292136 1.4569498 1.4107748 1.6943698 1.1532986 1.2487006 1.0413655 1.5457476 0.8204202 1.3641070 1.3128664 1.1751145 1.3334104 
Pocdam_XM_027192288.1                              0.6404925 0.7141258 0.3952007 0.3013331 1.0271982 1.0312443 1.1343591 0.3909251 0.1700594 0.1613019 0.1448661 0.1223443 0.1239413 0.0188127 0.0000000 1.1065606 1.0724685 0.6763824 0.7059490 0.6529376 1.0115782 1.0422039 0.9463394 0.9463394 1.0054725 1.0104501 1.0104501 1.1246422 1.0621775 1.0302327 1.0937602 1.1089753 1.0921188 0.7207013 1.5496176 1.5414241 1.5637576 2.1554696 1.4077797 1.3452917 1.4153672 1.4212144 1.6942992 1.1485405 1.2435602 1.0682786 1.5434881 0.7939122 1.3639515 1.3098731 1.1592192 1.3437357 
Hvul_g12783_1                                      1.2283449 1.1112724 0.8341469 0.2606993 0.9290388 0.9704619 0.9924019 1.0143482 1.0368589 0.9939839 0.9591374 1.0299729 0.9620718 1.1003193 1.1065606 0.0000000 0.9850749 0.9565217 0.9858092 1.0055480 1.3717490 1.3298046 1.2871682 1.2871682 1.3586686 1.2092763 1.2092763 1.2771727 1.2577682 1.2373347 1.2925574 1.2808848 1.2945677 1.0319221 2.0332625 1.9966223 1.8884597 3.6542754 1.9769090 1.8296799 1.9665240 1.9116767 2.1821471 1.3305904 1.5871816 1.3292927 1.7438468 1.0859943 1.4706356 0.8881990 1.4240622 1.5048394 
Morvir_scaffold306.g22.t1                          0.9272739 0.8901888 1.0463548 0.2605213 0.9091797 0.9467611 1.0265787 0.9156212 1.0219213 1.0066579 0.9629135 1.0622243 1.0008964 1.0829651 1.0724685 0.9850749 0.0000000 1.0068653 1.1764410 0.7894211 1.2681040 1.1158513 1.0575727 1.0575727 1.2158980 1.3416014 1.3416014 1.5818876 1.3986234 1.4851113 1.4433276 1.4534209 1.4565962 0.7686648 1.8478277 1.7125898 1.7223112 2.1648391 1.4671465 1.5582463 1.5802063 1.6444052 1.6066031 1.3205941 1.4090160 1.0510207 1.6826335 0.8936713 1.2834372 1.3939747 1.4895505 1.7252754 
Dgig_XM_028550541.1                                0.7599774 0.8085931 0.6380877 0.3426176 0.9872991 1.0170028 1.2052752 0.5561160 0.6101238 0.5985791 0.5421899 0.5809603 0.5550338 0.6763798 0.6763824 0.9565217 1.0068653 0.0000000 0.2512649 0.9003661 1.1146800 0.9937311 0.9898154 0.9898154 1.0246426 0.9142713 0.9142713 0.8979029 0.8916514 0.8976900 0.9199761 0.9333866 1.1007826 0.7990762 1.7454322 1.7135922 1.5987538 2.5771412 1.6463223 1.3350482 1.4770408 1.5299068 1.6417111 1.1124944 1.2358367 0.9481536 1.3272497 0.9380955 1.3326915 1.0926486 1.2669268 1.4380600 
Xesp_000201-T1                                     0.7685565 0.8200387 0.6722019 0.3097461 1.0768005 1.0750107 1.2127981 0.7253641 0.6253671 0.6448613 0.6093061 0.6514230 0.6350645 0.7163093 0.7059490 0.9858092 1.1764410 0.2512649 0.0000000 0.9641088 1.1570254 1.1357480 1.1410906 1.1410906 1.1390520 1.0414635 1.0414635 1.0505560 1.0211122 1.0269712 1.0082604 0.9944289 1.1045137 0.7620071 1.7829815 1.6921617 1.5118157 2.4335064 1.5655193 1.3006205 1.3488441 1.6762240 1.6381566 1.2687570 1.3538988 1.2188681 1.5836530 0.9894275 1.3581868 1.1336779 1.2927165 1.3191782 
Skow_XM_002732870.2                                0.6589925 0.6232084 0.6567026 0.3482017 0.9966096 0.9625107 1.1300647 0.6548357 0.6251465 0.5926652 0.5807454 0.5784476 0.5800309 0.6242569 0.6529376 1.0055480 0.7894211 0.9003661 0.9641088 0.0000000 0.7746646 0.6958319 0.8577417 0.8577417 1.0409378 0.9618336 0.9618336 1.1403636 1.0326361 1.0553375 1.1189497 1.1195602 1.0585469 0.7115814 1.6207771 1.5727550 1.4496436 2.1997065 1.4210540 1.2403706 1.5009812 1.6698760 1.5403457 1.2829773 1.2298267 1.1705122 1.4368624 0.7710946 1.1292133 1.2523317 1.4366161 1.3443482 
Cgig_XM_011446281.3                                0.6555628 0.7812971 0.9634050 0.3345103 1.4426614 1.4103588 1.3372544 0.8357124 0.9845713 0.9895412 0.9713753 1.0929200 0.9751851 1.0279234 1.0115782 1.3717490 1.2681040 1.1146800 1.1570254 0.7746646 0.0000000 0.5053236 1.0353222 1.0353222 1.2305530 0.8721512 0.8721512 1.0543025 0.9397922 0.9605023 1.0199751 1.0056581 0.8384074 0.7415734 1.8380585 1.6953487 1.6133263 2.5170208 1.6688907 1.6113041 1.6761446 1.6586754 1.5969280 1.1669627 1.2976198 1.3053432 1.7201657 0.7515022 1.2380791 1.4831217 1.3287674 1.0589784 
Acagra_model.g7466.t1                              0.6965459 1.0162196 0.9338903 0.3471961 1.3513220 1.2845764 1.3248321 0.9545114 1.0324590 1.0232053 0.9677538 0.9862249 0.9512245 1.0380219 1.0422039 1.3298046 1.1158513 0.9937311 1.1357480 0.6958319 0.5053236 0.0000000 1.0734886 1.0734886 1.1772843 1.1018698 1.1018698 1.3471897 1.1248696 1.1730290 1.2169708 1.2005512 0.9796119 0.6374422 1.4723083 1.3564513 1.2578968 1.9045127 1.2770742 1.1697405 1.3599568 1.3828229 1.3783480 1.1964176 1.1706345 1.1327902 1.4903026 0.8861589 1.3945369 1.3164509 1.6365441 1.0777680 
Ocar_g229                                          0.8519922 1.0016507 0.9427110 0.3214641 1.1939963 1.2013169 1.3202571 0.8104117 0.9848552 0.9333936 0.8983036 0.9463610 0.8895112 0.9596788 0.9463394 1.2871682 1.0575727 0.9898154 1.1410906 0.8577417 1.0353222 1.0734886 0.0000000 0.0000010 0.4905087 1.0940441 1.0940441 1.1644436 1.0864634 1.1237939 1.1263000 1.1339344 1.2316287 0.6370718 1.6884045 1.5478849 1.4160931 2.2683586 1.4900159 1.3668213 1.6276645 1.4384130 1.5320711 1.0917509 1.1180286 1.1317485 1.4362352 0.8500054 1.1688128 1.5687815 1.0697151 1.4062637 
Opea_EP00118_Oscarella_pearsei_P025504             0.8519922 1.0016507 0.9427110 0.3214641 1.1939963 1.2013169 1.3202571 0.8104117 0.9848552 0.9333936 0.8983036 0.9463610 0.8895112 0.9596788 0.9463394 1.2871682 1.0575727 0.9898154 1.1410906 0.8577417 1.0353222 1.0734886 0.0000010 0.0000000 0.4905087 1.0940441 1.0940441 1.1644436 1.0864634 1.1237939 1.1263000 1.1339344 1.2316287 0.6370718 1.6884045 1.5478849 1.4160931 2.2683586 1.4900159 1.3668213 1.6276645 1.4384130 1.5320711 1.0917509 1.1180286 1.1317485 1.4362352 0.8500054 1.1688128 1.5687815 1.0697151 1.4062637 
Plajan_Pjan_C554127_01                             1.0323605 1.1528521 0.9903406 0.3952584 1.3932158 1.4723526 1.5143134 0.9496368 1.0187025 0.9766012 0.9926771 1.0547641 0.9742879 1.0131303 1.0054725 1.3586686 1.2158980 1.0246426 1.1390520 1.0409378 1.2305530 1.1772843 0.4905087 0.4905087 0.0000000 1.3869862 1.3869862 1.4384550 1.3444114 1.3948902 1.3915378 1.4097128 1.5472396 0.8632713 2.0857213 1.8867040 1.8941414 2.9704592 1.8890594 1.8931480 2.0059879 2.0352063 1.9589758 1.4073673 1.3744300 1.3779210 1.6775073 1.0317576 1.2601376 1.5470069 1.3474644 1.8599561 
Tadh_TriadT58283                                   0.6988453 0.9578310 0.8652407 0.3783021 1.1518329 1.1451966 1.2578186 0.9920261 1.0144490 0.9533462 0.9208215 0.9903775 0.9268270 1.0305482 1.0104501 1.2092763 1.3416014 0.9142713 1.0414635 0.9618336 0.8721512 1.1018698 1.0940441 1.0940441 1.3869862 0.0000000 0.0000010 0.1153147 0.0952600 0.1017625 0.1076900 0.1136372 0.9400768 0.6397562 1.3354989 1.2674159 1.3809630 2.0521191 1.3611160 1.1886369 1.1605490 1.2950274 1.3748532 1.0322312 1.0763323 1.0690520 1.3102646 0.9031691 1.3391990 1.2924636 1.1497488 1.2242200 
TrH2_TrispH2_004523-RA                             0.6988453 0.9578310 0.8652407 0.3783021 1.1518329 1.1451966 1.2578186 0.9920261 1.0144490 0.9533462 0.9208215 0.9903775 0.9268270 1.0305482 1.0104501 1.2092763 1.3416014 0.9142713 1.0414635 0.9618336 0.8721512 1.1018698 1.0940441 1.0940441 1.3869862 0.0000010 0.0000000 0.1153147 0.0952600 0.1017625 0.1076900 0.1136372 0.9400768 0.6397562 1.3354989 1.2674159 1.3809630 2.0521191 1.3611160 1.1886369 1.1605490 1.2950274 1.3748532 1.0322312 1.0763323 1.0690520 1.3102646 0.9031691 1.3391990 1.2924636 1.1497488 1.2242200 
HoiH06_mRNA7096                                    0.7827627 1.0917497 1.0167239 0.4063551 1.2540170 1.2611266 1.4249001 1.0297707 1.2134017 1.1251149 1.0050114 1.1482046 1.0246837 1.1340521 1.1246422 1.2771727 1.5818876 0.8979029 1.0505560 1.1403636 1.0543025 1.3471897 1.1644436 1.1644436 1.4384550 0.1153147 0.1153147 0.0000000 0.0419284 0.0668575 0.0694221 0.0758666 0.9353960 0.5323914 1.3821847 1.2501103 1.3295076 2.2218147 1.3631761 1.1616773 1.2641408 1.3454364 1.3713915 1.0545807 1.0272504 1.1457931 1.4150441 0.8869346 1.3416714 1.3099682 1.2973251 1.2861361 
HoiH23_PlH23_005979-RA                             0.7176120 0.9659110 0.9528287 0.3812140 1.1873783 1.1936211 1.3240514 0.9709153 1.0932863 1.0245269 0.9310561 1.0469693 0.9640417 1.0698064 1.0621775 1.2577682 1.3986234 0.8916514 1.0211122 1.0326361 0.9397922 1.1248696 1.0864634 1.0864634 1.3444114 0.0952600 0.0952600 0.0419284 0.0000000 0.0450332 0.0512821 0.0565787 0.9667605 0.6716484 1.4128025 1.2969839 1.3542215 2.0073859 1.3465396 1.2251090 1.2650573 1.3230400 1.3424735 1.0003818 1.0174797 1.0837864 1.3173960 0.9159701 1.3434589 1.3017761 1.1549069 1.2270905 
HoiH11_mRNA889                                     0.7698785 0.9563992 0.9333563 0.3854705 1.2230394 1.2230285 1.3454651 1.0207680 1.0827045 1.0153314 0.9325941 1.0269596 0.9646106 1.0375078 1.0302327 1.2373347 1.4851113 0.8976900 1.0269712 1.0553375 0.9605023 1.1730290 1.1237939 1.1237939 1.3948902 0.1017625 0.1017625 0.0668575 0.0450332 0.0000000 0.0675284 0.0729458 0.9625626 0.6630817 1.3142412 1.2515172 1.4061113 2.2188231 1.4546605 1.2522563 1.2817054 1.2917486 1.4236539 1.0387524 1.0565823 1.1259534 1.3701706 0.9236009 1.3597719 1.3236075 1.1075365 1.2462241 
Hhon_g11342.t1                                     0.7001258 1.0179841 0.9262678 0.4063551 1.2334104 1.2333810 1.4369915 0.9754666 1.1504009 1.0774634 0.9497177 1.0726715 0.9894763 1.1016873 1.0937602 1.2925574 1.4433276 0.9199761 1.0082604 1.1189497 1.0199751 1.2169708 1.1263000 1.1263000 1.3915378 0.1076900 0.1076900 0.0694221 0.0512821 0.0675284 0.0000000 0.0048445 1.0347794 0.6569479 1.4356053 1.3191670 1.3922132 2.2078380 1.4557199 1.2720597 1.3020737 1.3427779 1.4201102 1.0536245 1.0392570 1.1526343 1.4588754 0.9906682 1.3929392 1.2944260 1.1112884 1.3029022 
HoiH04_mRNA1573                                    0.7116029 1.0042749 0.9132179 0.4063551 1.2334104 1.2333810 1.4369915 0.9898744 1.1504009 1.0774634 0.9497177 1.0726715 1.0037911 1.1170610 1.1089753 1.2808848 1.4534209 0.9333866 0.9944289 1.1195602 1.0056581 1.2005512 1.1339344 1.1339344 1.4097128 0.1136372 0.1136372 0.0758666 0.0565787 0.0729458 0.0048445 0.0000000 1.0461035 0.6569479 1.4263406 1.3103449 1.3935624 2.1894559 1.4463408 1.2549184 1.2853057 1.3323314 1.4370789 1.0389916 1.0462848 1.1603697 1.4688770 0.9906682 1.3815174 1.3123096 1.1021170 1.2833607 
Ctel_gnl_WGS_AMQN_CAPTEDRAFT_mRNA178029            0.7566248 1.0497777 1.0871175 0.3850571 1.5768706 1.5963746 1.5011891 1.1904859 1.1239771 1.0968005 1.0643925 1.1473002 1.0365756 1.0751670 1.0921188 1.2945677 1.4565962 1.1007826 1.1045137 1.0585469 0.8384074 0.9796119 1.2316287 1.2316287 1.5472396 0.9400768 0.9400768 0.9353960 0.9667605 0.9625626 1.0347794 1.0461035 0.0000000 0.9456112 1.8573444 1.6952279 1.6611719 3.1238583 1.8634973 1.4963844 1.9204278 1.7621613 1.6221708 1.3534801 1.2608771 1.3201841 1.6269714 0.9820310 1.5711577 1.6858372 1.5186365 1.1521661 
Mlei_ML1504.g23.i1                                 0.6977521 0.7542305 0.7960414 0.5920226 0.7955205 0.8091082 0.8115499 0.7667717 0.7418619 0.7431313 0.7384136 0.6630827 0.7281182 0.7055165 0.7207013 1.0319221 0.7686648 0.7990762 0.7620071 0.7115814 0.7415734 0.6374422 0.6370718 0.6370718 0.8632713 0.6397562 0.6397562 0.5323914 0.6716484 0.6630817 0.6569479 0.6569479 0.9456112 0.0000000 0.1126916 0.1117921 0.1205870 0.1717931 0.1038517 0.1248529 0.2191295 0.2167906 0.1364392 0.5991977 0.7532669 0.6255516 0.6386509 0.6915880 0.6394789 0.8262464 0.6883454 0.6944197 
Pbac_sb2657222                                     1.4916594 1.5052652 1.5683124 0.6159337 2.1238193 2.0986208 2.0319953 1.5906526 1.6828786 1.6095179 1.5443696 1.5411129 1.5749609 1.5205756 1.5496176 2.0332625 1.8478277 1.7454322 1.7829815 1.6207771 1.8380585 1.4723083 1.6884045 1.6884045 2.0857213 1.3354989 1.3354989 1.3821847 1.4128025 1.3142412 1.4356053 1.4263406 1.8573444 0.1126916 0.0000000 0.0099069 0.4844129 0.8147040 0.5506883 0.5453437 0.6357708 0.7684976 0.5272060 1.4288090 1.4779384 1.3854829 1.4542577 0.9727158 1.2882587 2.1006102 1.5072070 1.9666571 
Horcal_Hcv1.av93.c1.g978.i1                        1.4141713 1.4757799 1.4804048 0.6159337 1.9355205 1.9873281 1.9058096 1.5301556 1.6562105 1.5813399 1.5142157 1.5091379 1.5458325 1.5239306 1.5414241 1.9966223 1.7125898 1.7135922 1.6921617 1.5727550 1.6953487 1.3564513 1.5478849 1.5478849 1.8867040 1.2674159 1.2674159 1.2501103 1.2969839 1.2515172 1.3191670 1.3103449 1.6952279 0.1117921 0.0099069 0.0000000 0.4337258 0.7315492 0.4982524 0.5421631 0.5757944 0.7078506 0.4709712 1.2673785 1.2994099 1.2844812 1.4216157 0.9996523 1.1519238 1.9418282 1.4740937 1.7783219 
Beraby_Baby_sb341642                               1.3520375 1.3763597 1.5706319 0.6369885 1.8835921 1.8780085 1.7238705 1.4967540 1.6670922 1.6069045 1.5841901 1.5985240 1.6282858 1.5310693 1.5637576 1.8884597 1.7223112 1.5987538 1.5118157 1.4496436 1.6133263 1.2578968 1.4160931 1.4160931 1.8941414 1.3809630 1.3809630 1.3295076 1.3542215 1.4061113 1.3922132 1.3935624 1.6611719 0.1205870 0.4844129 0.4337258 0.0000000 0.5407427 0.3960593 0.4366127 0.5243351 0.6080718 0.3855454 1.2989806 1.3580575 1.2749725 1.2403460 0.9530104 1.2796159 1.9477586 1.4883367 1.7576034 
Bolinf_Binf_sb1193813                              1.9856415 1.9765567 2.2525354 1.6384754 2.7967554 2.6537041 2.7948781 2.2520159 2.5584956 2.4041746 2.2680748 2.2348569 2.3276868 2.1410202 2.1554696 3.6542754 2.1648391 2.5771412 2.4335064 2.1997065 2.5170208 1.9045127 2.2683586 2.2683586 2.9704592 2.0521191 2.0521191 2.2218147 2.0073859 2.2188231 2.2078380 2.1894559 3.1238583 0.1717931 0.8147040 0.7315492 0.5407427 0.0000000 0.0000010 0.4439319 0.6086233 0.7598726 0.6721949 1.9260770 2.2061986 1.9990152 1.9675040 1.5024566 2.0231001 3.1863071 2.3468951 2.1959965 
Mertsp_Mesp_sb538594                               1.3394746 1.2925032 1.4572299 0.5518623 1.7835601 1.7037843 1.7706566 1.4516840 1.5702238 1.5239891 1.4615128 1.4114731 1.4913698 1.3969650 1.4077797 1.9769090 1.4671465 1.6463223 1.5655193 1.4210540 1.6688907 1.2770742 1.4900159 1.4900159 1.8890594 1.3611160 1.3611160 1.3631761 1.3465396 1.4546605 1.4557199 1.4463408 1.8634973 0.1038517 0.5506883 0.4982524 0.3960593 0.0000010 0.0000000 0.3287733 0.4514265 0.5294575 0.5219308 1.4019105 1.5284379 1.3689371 1.3649654 1.0193376 1.3307344 1.9365158 1.5729100 1.6256873 
Lampan_Lpan_2366_01                                1.3530775 1.3936818 1.2649845 0.5878977 1.7571335 1.8206303 1.8232860 1.3677629 1.3662460 1.3056284 1.3004467 1.2957257 1.2925707 1.3292136 1.3452917 1.8296799 1.5582463 1.3350482 1.3006205 1.2403706 1.6113041 1.1697405 1.3668213 1.3668213 1.8931480 1.1886369 1.1886369 1.1616773 1.2251090 1.2522563 1.2720597 1.2549184 1.4963844 0.1248529 0.5453437 0.5421631 0.4366127 0.4439319 0.3287733 0.0000000 0.5093661 0.6060616 0.5401282 1.1396002 1.2809319 1.3190434 1.1955669 1.0142837 1.1848165 1.7781364 1.4358692 1.6044964 
Coemet_Cmet_scaffold11328_01                       1.3443089 1.3262902 1.5000961 0.6583135 1.7824855 1.7696975 2.0017881 1.4005938 1.4978429 1.4415621 1.4573616 1.4555087 1.4488576 1.4569498 1.4153672 1.9665240 1.5802063 1.4770408 1.3488441 1.5009812 1.6761446 1.3599568 1.6276645 1.6276645 2.0059879 1.1605490 1.1605490 1.2641408 1.2650573 1.2817054 1.3020737 1.2853057 1.9204278 0.2191295 0.6357708 0.5757944 0.5243351 0.6086233 0.4514265 0.5093661 0.0000000 0.4601637 0.7559166 1.3122868 1.4294366 1.4534811 1.2546674 0.9942314 1.2665065 1.9900739 1.5317756 1.8561362 
Vmul_Simscaffold6261_01                            1.3762855 1.2616857 1.3056181 0.5966012 1.7254675 1.7760033 1.8858213 1.2966762 1.4386921 1.3833271 1.3583684 1.3972177 1.4203581 1.4107748 1.4212144 1.9116767 1.6444052 1.5299068 1.6762240 1.6698760 1.6586754 1.3828229 1.4384130 1.4384130 2.0352063 1.2950274 1.2950274 1.3454364 1.3230400 1.2917486 1.3427779 1.3323314 1.7621613 0.2167906 0.7684976 0.7078506 0.6080718 0.7598726 0.5294575 0.6060616 0.4601637 0.0000000 0.7032495 1.3148397 1.2702485 1.3574841 1.3139363 0.9791418 1.3422665 2.0588209 1.4651976 1.9848695 
Drygla_Dgla_sb285902                               1.3374930 1.4021885 1.6823066 0.4328702 1.9684123 1.9942204 1.8118020 1.5815536 1.8520215 1.7535047 1.7441842 1.7698825 1.7284066 1.6943698 1.6942992 2.1821471 1.6066031 1.6417111 1.6381566 1.5403457 1.5969280 1.3783480 1.5320711 1.5320711 1.9589758 1.3748532 1.3748532 1.3713915 1.3424735 1.4236539 1.4201102 1.4370789 1.6221708 0.1364392 0.5272060 0.4709712 0.3855454 0.6721949 0.5219308 0.5401282 0.7559166 0.7032495 0.0000000 1.4744390 1.6579822 1.5303214 1.3134490 0.9344845 1.1511951 1.9716315 1.4998102 1.6570101 
Scil_scict022825.1                                 1.2104937 1.2292013 1.1520941 0.4934792 1.5557774 1.5659967 1.6462545 0.9579355 1.2384149 1.1791951 1.0579008 1.1325915 1.0635238 1.1532986 1.1485405 1.3305904 1.3205941 1.1124944 1.2687570 1.2829773 1.1669627 1.1964176 1.0917509 1.0917509 1.4073673 1.0322312 1.0322312 1.0545807 1.0003818 1.0387524 1.0536245 1.0389916 1.3534801 0.5991977 1.4288090 1.2673785 1.2989806 1.9260770 1.4019105 1.1396002 1.3122868 1.3148397 1.4744390 0.0000000 0.4295200 0.5435614 1.4006529 0.8618720 1.3043503 1.6583995 0.8552957 1.6557494 
Leuniv_Lniv_scaffold10621_01                       1.0240632 1.1587816 1.2346983 0.5099354 1.7017156 1.7217262 1.8695105 1.0687261 1.3358878 1.2741132 1.1393956 1.2594882 1.1636419 1.2487006 1.2435602 1.5871816 1.4090160 1.2358367 1.3538988 1.2298267 1.2976198 1.1706345 1.1180286 1.1180286 1.3744300 1.0763323 1.0763323 1.0272504 1.0174797 1.0565823 1.0392570 1.0462848 1.2608771 0.7532669 1.4779384 1.2994099 1.3580575 2.2061986 1.5284379 1.2809319 1.4294366 1.2702485 1.6579822 0.4295200 0.0000000 0.5506710 1.6744194 0.9248155 1.3498887 1.7967990 0.8326264 1.7452113 
Gracom_Gcom_C553832_01                             1.1536068 0.9617886 1.1507500 0.5203292 1.5442768 1.5631683 1.6827321 0.9783608 1.0174137 0.9715412 0.9691768 1.0717464 0.9921159 1.0413655 1.0682786 1.3292927 1.0510207 0.9481536 1.2188681 1.1705122 1.3053432 1.1327902 1.1317485 1.1317485 1.3779210 1.0690520 1.0690520 1.1457931 1.0837864 1.1259534 1.1526343 1.1603697 1.3201841 0.6255516 1.3854829 1.2844812 1.2749725 1.9990152 1.3689371 1.3190434 1.4534811 1.3574841 1.5303214 0.5435614 0.5506710 0.0000000 1.2301385 0.7181888 1.0050902 1.5207843 0.8628188 1.5492541 
Tetwil_g12385.t1                                   1.4964657 1.2389633 1.2796828 0.5447528 1.8716631 1.8898103 1.8927287 1.2669252 1.4178238 1.4345452 1.4744220 1.6286896 1.4658140 1.5457476 1.5434881 1.7438468 1.6826335 1.3272497 1.5836530 1.4368624 1.7201657 1.4903026 1.4362352 1.4362352 1.6775073 1.3102646 1.3102646 1.4150441 1.3173960 1.3701706 1.4588754 1.4688770 1.6269714 0.6386509 1.4542577 1.4216157 1.2403460 1.9675040 1.3649654 1.1955669 1.2546674 1.3139363 1.3134490 1.4006529 1.6744194 1.2301385 0.0000000 0.4053471 0.7096965 1.8907387 1.5927890 2.0069706 
Stycar_maker-SC_scaffold1303-snap-gene-0.14-mRNA-1 1.0071622 0.9815745 0.8322777 0.5109763 1.2321350 1.2287116 1.1222815 0.8226661 0.7596214 0.7971735 0.8066478 0.8369605 0.8004366 0.8204202 0.7939122 1.0859943 0.8936713 0.9380955 0.9894275 0.7710946 0.7515022 0.8861589 0.8500054 0.8500054 1.0317576 0.9031691 0.9031691 0.8869346 0.9159701 0.9236009 0.9906682 0.9906682 0.9820310 0.6915880 0.9727158 0.9996523 0.9530104 1.5024566 1.0193376 1.0142837 0.9942314 0.9791418 0.9344845 0.8618720 0.9248155 0.7181888 0.4053471 0.0000000 0.5033493 1.1315032 0.9490138 1.0214082 
Spolac_c97947_g1_i3_m.16081c97947-g1               1.2326342 1.1677629 1.1737739 0.4503123 1.2676200 1.2705130 1.4305199 1.0669519 1.3591552 1.3284550 1.2543362 1.3731175 1.2913922 1.3641070 1.3639515 1.4706356 1.2834372 1.3326915 1.3581868 1.1292133 1.2380791 1.3945369 1.1688128 1.1688128 1.2601376 1.3391990 1.3391990 1.3416714 1.3434589 1.3597719 1.3929392 1.3815174 1.5711577 0.6394789 1.2882587 1.1519238 1.2796159 2.0231001 1.3307344 1.1848165 1.2665065 1.3422665 1.1511951 1.3043503 1.3498887 1.0050902 0.7096965 0.5033493 0.0000000 1.5748614 1.4270206 1.8898561 
Chem_TCONS_00029263                                1.2398029 1.1455060 1.3127690 0.4028028 1.5524664 1.4825219 1.4181780 1.2752706 1.2900637 1.1970453 1.1960981 1.3090284 1.2491562 1.3128664 1.3098731 0.8881990 1.3939747 1.0926486 1.1336779 1.2523317 1.4831217 1.3164509 1.5687815 1.5687815 1.5470069 1.2924636 1.2924636 1.3099682 1.3017761 1.3236075 1.2944260 1.3123096 1.6858372 0.8262464 2.1006102 1.9418282 1.9477586 3.1863071 1.9365158 1.7781364 1.9900739 2.0588209 1.9716315 1.6583995 1.7967990 1.5207843 1.8907387 1.1315032 1.5748614 0.0000000 1.7275739 1.6568089 
Lcom_lcpid80699                                    1.2600380 1.2024732 1.1481855 0.5387875 1.5579387 1.5746031 1.7852768 1.1537798 1.1847042 1.1517776 1.0632732 1.1188008 1.0690493 1.1751145 1.1592192 1.4240622 1.4895505 1.2669268 1.2927165 1.4366161 1.3287674 1.6365441 1.0697151 1.0697151 1.3474644 1.1497488 1.1497488 1.2973251 1.1549069 1.1075365 1.1112884 1.1021170 1.5186365 0.6883454 1.5072070 1.4740937 1.4883367 2.3468951 1.5729100 1.4358692 1.5317756 1.4651976 1.4998102 0.8552957 0.8326264 0.8628188 1.5927890 0.9490138 1.4270206 1.7275739 0.0000000 1.5998009 
Cscu_XM_023356892.1                                1.1407730 1.2700534 1.1762090 0.4723985 1.8875033 1.8018251 1.7822054 1.2349813 1.4120487 1.3479980 1.3118326 1.4448975 1.3067928 1.3334104 1.3437357 1.5048394 1.7252754 1.4380600 1.3191782 1.3443482 1.0589784 1.0777680 1.4062637 1.4062637 1.8599561 1.2242200 1.2242200 1.2861361 1.2270905 1.2462241 1.3029022 1.2833607 1.1521661 0.6944197 1.9666571 1.7783219 1.7576034 2.1959965 1.6256873 1.6044964 1.8561362 1.9848695 1.6570101 1.6557494 1.7452113 1.5492541 2.0069706 1.0214082 1.8898561 1.6568089 1.5998009 0.0000000 
