63
Hsap_ENST00000261889                                               0.0000000 0.9944008 0.9387880 0.8869266 0.9368899 1.1648170 0.9752751 1.1441693 1.0867176 1.2357882 1.1174654 1.0758916 1.0658590 1.1776216 1.2419615 1.1777453 0.9916927 1.2546387 1.0468876 1.2864825 1.3819143 1.5244653 1.0619315 1.3491018 1.4198117 1.4115167 1.4171719 1.2826593 1.5912975 1.5227159 1.4487078 1.4487078 1.5034530 1.5171571 1.4416253 1.3370701 1.3577845 1.4868969 1.3672691 1.9879538 2.1165927 2.1096469 2.1759939 1.9184536 1.8054470 1.9845414 2.4848446 1.8960009 2.1941004 2.2006298 2.3407681 2.2474188 2.6980018 2.2000209 2.7529581 1.8189895 1.7804161 1.8092947 2.0989336 2.4072590 2.0626029 1.8824486 2.9743189 
Bralan_BLAG02000288_1                                              0.9944008 0.0000000 0.7474241 0.5285853 0.6889702 0.8783513 0.6480268 0.7087476 0.7422191 0.8483073 0.8139906 0.8039199 0.7789543 0.9751842 0.8948379 0.9932123 0.8241536 0.9477792 0.8123667 1.0378829 1.1804011 1.5645561 0.9202717 1.4648392 1.3996825 1.4242798 1.4371782 0.9683939 1.2067672 1.3247788 1.0679973 1.0679973 1.3589660 1.3334452 1.3380636 1.2824103 1.2835893 1.3255035 1.2355636 1.6256647 1.9488193 1.8545499 1.8933878 1.5874839 1.4399788 1.7728338 2.3488962 1.6300668 2.0120153 2.0853925 2.1293862 2.0664722 2.3583098 1.8991355 2.2770965 1.8943489 1.9414292 1.8095140 1.6996546 2.0662597 2.0275370 1.8509442 2.9233104 
Cscu_XM_023369551.1                                                0.9387880 0.7474241 0.0000000 0.4507469 0.6117001 0.8133790 0.6648956 0.7067497 0.7568669 0.8630043 0.7546931 0.7594763 0.7660120 0.9753981 0.8478865 0.9040708 0.7707768 0.8321727 0.7566283 1.0091954 1.0747411 1.3825874 0.8155187 1.3049973 1.1576204 1.1583905 1.1690703 1.0121372 1.1690609 1.1568182 1.0681272 1.0681272 1.3558933 1.3216294 1.2488462 1.1744973 1.2119714 1.2857875 1.2081766 1.5890302 1.7174893 1.7608306 1.9185616 1.6027192 1.2692790 1.5881236 2.0544072 1.6071978 1.8489679 1.9938229 2.0994266 1.9520663 2.2455072 1.8687821 2.4247451 1.6862790 1.6219639 1.6266012 1.7751800 2.1603140 2.0305425 1.8006124 2.6105806 
Ctel_gnl_WGS_AMQN_CAPTEDRAFT_mRNA156986                            0.8869266 0.5285853 0.4507469 0.0000000 0.4221604 0.5331184 0.5779541 0.6891922 0.6379919 0.6878112 0.6798396 0.6496309 0.6569742 0.7976965 0.7434234 0.7827961 0.7525207 0.8004560 0.5979857 0.8168460 0.9294488 0.8429108 1.0288655 1.0279153 1.0396474 1.0143267 1.0087059 0.7361862 0.8191889 0.8485305 0.8943553 0.8943553 1.0949381 1.0506656 1.0482365 0.9821609 0.8309759 1.1124615 0.9806895 1.4992778 1.5512066 1.5267404 1.5667815 1.4013134 1.3028965 1.3735261 1.8115823 1.4779704 1.5885081 1.6928984 1.7639341 1.8125270 2.0187444 1.4144047 1.9492790 1.3205653 1.2633735 1.2734118 1.6139808 1.6121239 1.4744637 1.2990441 2.5095719 
Acagra_model.g9500.t1                                              0.9368899 0.6889702 0.6117001 0.4221604 0.0000000 0.5863540 0.6321078 0.7486100 0.7031848 0.7411615 0.6996889 0.6944623 0.6984627 1.0064390 0.8150535 0.8709090 0.8517239 0.8661861 0.7522177 1.0309636 1.1309096 1.3355643 0.9182885 1.1988449 1.1617063 1.1559742 1.1639955 0.9160006 1.1599912 1.0059407 1.0344681 1.0344681 1.2324084 1.2711964 1.1674130 1.1486093 1.0843459 1.2945407 1.1024375 1.6347072 1.6784722 1.6849720 1.8846681 1.5007865 1.3739787 1.7312517 2.0557793 1.4923909 1.7936174 1.8370957 1.9419359 1.9646928 2.2016343 1.7658459 2.2476041 1.5791637 1.6540469 1.5811955 1.8215428 2.0142217 1.9781891 1.6988334 2.7244535 
Cgig_XM_011438683.3                                                1.1648170 0.8783513 0.8133790 0.5331184 0.5863540 0.0000000 0.8965943 0.9909126 0.9493038 0.9863497 0.9100298 0.8918037 0.8931065 1.2478070 0.9846769 0.9901894 0.8899286 1.0103561 0.9719974 1.0799353 1.1883389 1.5330387 1.0647478 1.3337991 1.2843735 1.2797639 1.2814576 1.0595661 1.2596136 1.4834762 1.1546064 1.1546064 1.2702741 1.2922255 1.2584492 1.1980447 1.2586415 1.4799270 1.2218939 1.7877511 1.7404196 1.7950280 1.8918540 1.6593199 1.4311096 1.7536886 2.1624948 1.5761891 2.0676169 2.0074628 2.0893588 2.0369632 2.1208335 1.8552816 2.4320166 1.7789966 1.8353855 1.7868685 1.7360743 1.9897208 1.9316203 1.7822145 2.6142632 
Skow_NM_001184932.1                                                0.9752751 0.6480268 0.6648956 0.5779541 0.6321078 0.8965943 0.0000000 0.7829182 0.7959790 0.8883145 0.8555089 0.8747663 0.8716128 0.9940829 0.8618652 0.9292323 0.8105157 0.8977944 0.6419552 0.9642143 1.0941257 1.3693894 0.8333133 1.1448224 1.0866857 1.1177715 1.1268978 0.9989011 1.0540899 1.1742130 0.9641360 0.9641360 1.1867263 1.2069970 1.1447065 1.0342892 1.1132405 1.2058683 0.9780129 1.6400660 1.7019217 1.6846948 1.7721144 1.5193792 1.4428365 1.5960701 2.3245522 1.4306487 1.7710461 1.8907649 1.8794239 1.8396867 2.0785114 1.7054258 2.1403312 1.4850804 1.4861715 1.4704628 1.6632714 1.9027193 1.8204583 1.6502390 2.5807359 
Exapal_XM_021060433.2                                              1.1441693 0.7087476 0.7067497 0.6891922 0.7486100 0.9909126 0.7829182 0.0000000 0.2789062 0.4072791 0.3884634 0.3715989 0.3792957 0.7894473 0.7562168 0.7696045 0.7025805 0.7021737 0.7672126 0.6443143 0.8021878 1.1536345 0.8683609 1.1311203 1.1033341 1.1089589 1.1136475 0.9383121 1.0564073 1.0694031 0.9402699 0.9402699 1.1708556 1.1619329 1.0809769 1.0225372 1.0713473 1.3885080 1.0696643 1.5346127 1.5999378 1.5896321 1.7004218 1.4408439 1.2549971 1.3785503 1.8947835 1.4622031 1.6700890 1.9240728 1.9861039 1.9230790 2.1966620 1.7308895 2.1185506 1.6554682 1.5932921 1.5976245 1.5332431 1.7334939 1.7531817 1.4931333 2.7835480 
Nvec_v1g134716                                                     1.0867176 0.7422191 0.7568669 0.6379919 0.7031848 0.9493038 0.7959790 0.2789062 0.0000000 0.3963174 0.3907904 0.4167292 0.4017005 0.7564417 0.8055538 0.8187132 0.7130942 0.7845752 0.8563666 0.7121138 0.8363480 1.1382042 0.8448923 1.1476444 1.1667847 1.1457098 1.1505703 0.9526539 1.0469799 1.1630806 0.9108914 0.9108914 1.1020624 1.1742844 1.0800478 1.0278288 1.0067801 1.3359873 1.0161346 1.5823335 1.7128786 1.6286740 1.7673517 1.5039297 1.2600099 1.5588104 2.0477197 1.4947241 1.8028386 1.9378403 2.0270329 1.9918612 2.1897327 1.7746637 2.3548386 1.6790023 1.6387252 1.6224255 1.5069017 1.8177650 1.8207858 1.5680772 2.8881390 
Gfas_gfas1.m1.15584.m1                                             1.2357882 0.8483073 0.8630043 0.6878112 0.7411615 0.9863497 0.8883145 0.4072791 0.3963174 0.0000000 0.1864584 0.2070351 0.1862248 0.9066121 0.8173536 0.8249567 0.7194085 0.8017443 0.9491258 0.7067657 0.8821640 1.2231698 0.9567405 1.3508676 1.3191953 1.2939534 1.3018465 1.1210169 1.2845997 1.1631575 1.0693978 1.0693978 1.2534383 1.3148250 1.2158818 1.1479966 1.1814490 1.3548526 1.1782684 1.7935073 1.9375761 1.8513582 1.8855531 1.5412359 1.4187125 1.6067736 2.1443003 1.5481898 1.9963992 2.1316318 2.2721082 2.1753724 2.4120323 2.0066838 2.5639611 1.6590402 1.7565576 1.7439450 1.7535207 2.1489016 2.0416339 1.8305409 3.3436260 
Gasp_gasp1.m3.14248.m1                                             1.1174654 0.8139906 0.7546931 0.6798396 0.6996889 0.9100298 0.8555089 0.3884634 0.3907904 0.1864584 0.0000000 0.1378918 0.1368796 0.8496154 0.8154569 0.8067117 0.7067031 0.7571373 0.9045668 0.7224305 0.8636640 1.1839891 0.9113008 1.2296917 1.1920678 1.1782779 1.1862497 0.9899300 1.1378493 1.1220791 1.0527764 1.0527764 1.2242392 1.3103177 1.2207624 1.1308886 1.1504549 1.4032822 1.1555630 1.7516923 1.8579874 1.7547098 1.7657787 1.4978543 1.4157027 1.5567510 2.0820453 1.5017755 1.9836448 1.9726716 2.0733373 1.9908788 2.3052971 1.8349499 2.5246489 1.6938645 1.6814271 1.7446072 1.6584843 1.9140608 1.9136809 1.6103178 3.0401596 
Spis_XP_022784912_1                                                1.0758916 0.8039199 0.7594763 0.6496309 0.6944623 0.8918037 0.8747663 0.3715989 0.4167292 0.2070351 0.1378918 0.0000000 0.0438038 0.8359833 0.7817676 0.7801665 0.6964780 0.7344642 0.8725702 0.6734695 0.8481607 1.2056313 0.9284723 1.2545883 1.2386187 1.2313513 1.2394719 1.0155110 1.1910388 0.9930948 1.0572252 1.0572252 1.2219074 1.3060517 1.2155096 1.1067800 1.1110273 1.4197829 1.1784056 1.7156507 1.7764022 1.6829067 1.7673586 1.5582003 1.4176202 1.5868138 2.1271507 1.5084834 1.9698149 2.0246465 2.0601231 2.0891447 2.3551839 1.9322396 2.5063437 1.6762110 1.7041540 1.7103414 1.6505146 1.8974088 1.8802560 1.6394972 3.0055300 
Pocdam_XM_027204341.1                                              1.0658590 0.7789543 0.7660120 0.6569742 0.6984627 0.8931065 0.8716128 0.3792957 0.4017005 0.1862248 0.1368796 0.0438038 0.0000000 0.8381404 0.7751921 0.7743248 0.6849049 0.7220519 0.9014290 0.6635858 0.8376849 1.1811112 0.9204500 1.2349129 1.2446237 1.2054185 1.2134831 0.9818657 1.1703716 1.0293020 1.0298388 1.0298388 1.2176393 1.3031297 1.2015791 1.0723943 1.0843507 1.3950350 1.1583732 1.6916754 1.8173874 1.7289824 1.7424990 1.5443904 1.4252927 1.5972675 2.1087542 1.5104689 1.9476826 2.0111348 2.0649149 2.0736048 2.3283112 1.9172253 2.4659903 1.6688770 1.7163339 1.7044448 1.6601754 1.9358713 1.9055695 1.6361333 3.0496767 
Chem_TCONS_00031595                                                1.1776216 0.9751842 0.9753981 0.7976965 1.0064390 1.2478070 0.9940829 0.7894473 0.7564417 0.9066121 0.8496154 0.8359833 0.8381404 0.0000000 0.6572732 0.6916897 0.5861384 0.6568775 1.0368898 1.0638573 1.1864495 0.7965664 1.0403998 1.4108083 1.3857251 1.3862496 1.3878638 1.2424978 1.3133233 0.8026002 1.2586165 1.2586165 1.3553499 1.4515711 1.3539589 1.2766706 1.2061330 1.3751573 1.2664015 1.7915164 1.9862379 1.9445972 1.8896567 1.7340462 1.6229172 1.7828783 2.3637414 1.6640551 1.9924244 2.2739840 2.1987045 2.0709736 2.1608870 1.9429128 2.7069930 1.9113671 1.8781821 1.7860668 1.8724723 2.0343510 1.9812708 1.8061863 2.9609306 
Aaur_scaffold1101.g5.t1                                            1.2419615 0.8948379 0.8478865 0.7434234 0.8150535 0.9846769 0.8618652 0.7562168 0.8055538 0.8173536 0.8154569 0.7817676 0.7751921 0.6572732 0.0000000 0.2582510 0.1923225 0.2780794 0.9991203 0.8870280 1.0033198 1.0649385 0.9281019 1.1518778 1.1619390 1.1599290 1.1582455 1.1127956 1.2481536 0.8547385 1.0946798 1.0946798 1.3382460 1.2917023 1.2461525 1.1013075 1.1100956 1.4577513 1.1777053 1.7450601 1.7923970 1.8200657 1.8599177 1.4666912 1.4248423 1.7152723 2.0698588 1.5227809 1.8190205 1.9686658 1.8923029 2.0014351 2.2435838 1.9650193 2.2437146 1.7534363 1.7806653 1.7014601 1.7542943 1.9144134 1.7082540 1.6609141 2.8156652 
Nemnom_g3528.t1                                                    1.1777453 0.9932123 0.9040708 0.7827961 0.8709090 0.9901894 0.9292323 0.7696045 0.8187132 0.8249567 0.8067117 0.7801665 0.7743248 0.6916897 0.2582510 0.0000000 0.1468273 0.3478157 1.0764683 0.8828515 0.9859430 1.1385482 0.9635594 1.2031457 1.2299628 1.1806347 1.1789165 1.1399202 1.3019835 0.7910011 1.1704340 1.1704340 1.3296747 1.3447495 1.2298697 1.1327972 1.1110674 1.5001330 1.2683927 1.8377942 1.8311966 1.8125119 1.8669521 1.6076635 1.4979056 1.8692273 2.2338384 1.5607402 1.9910709 1.9948278 1.9595331 1.9067408 2.1467677 2.0131070 2.4295676 1.7952051 1.8122959 1.7739938 1.8545660 2.0390679 1.6839277 1.6464436 2.8531865 
Rhoesc_Res_009553-T1                                               0.9916927 0.8241536 0.7707768 0.7525207 0.8517239 0.8899286 0.8105157 0.7025805 0.7130942 0.7194085 0.7067031 0.6964780 0.6849049 0.5861384 0.1923225 0.1468273 0.0000000 0.2733829 0.8710820 0.7298230 0.8401834 0.9020402 0.9401742 1.0931650 1.0761132 1.0451999 1.0426260 0.9392445 1.0681468 0.4998141 0.9205836 0.9205836 1.1171894 1.0914447 1.0100148 0.9664124 0.9172939 1.2174864 1.0472631 1.6547973 1.7555095 1.7578925 1.7032209 1.3864166 1.3260223 1.5473345 2.0273110 1.5662997 1.8251056 1.9084194 1.8774618 1.9560566 2.0191309 1.6819655 2.2840010 1.6621672 1.5517563 1.6177155 1.8061528 1.8545566 1.5518570 1.4419671 2.4061809 
Sanmal_Sma_002606-T1                                               1.2546387 0.9477792 0.8321727 0.8004560 0.8661861 1.0103561 0.8977944 0.7021737 0.7845752 0.8017443 0.7571373 0.7344642 0.7220519 0.6568775 0.2780794 0.3478157 0.2733829 0.0000000 0.9890653 0.8732582 1.0201146 1.0863205 0.8767329 1.0730926 1.1158180 1.0561549 1.0545876 1.1336326 1.2004416 0.8268414 1.0085350 1.0085350 1.2048125 1.2054115 1.1191757 1.0831250 0.9927310 1.4133547 1.1281210 1.7576339 1.8118562 1.8477002 1.7763082 1.4642593 1.4312090 1.7220278 2.0494590 1.5154893 1.8390171 2.0013128 1.9997541 1.9438992 2.3278274 1.8561858 2.2245011 1.7388076 1.7432203 1.8012704 1.6751542 1.8659446 1.7444667 1.6512614 2.8657893 
Spur_XM_030976534.1                                                1.0468876 0.8123667 0.7566283 0.5979857 0.7522177 0.9719974 0.6419552 0.7672126 0.8563666 0.9491258 0.9045668 0.8725702 0.9014290 1.0368898 0.9991203 1.0764683 0.8710820 0.9890653 0.0000000 1.0801909 1.2373649 1.5374603 0.8752336 1.2109665 1.1781757 1.1891889 1.1924716 1.1144890 1.1722808 1.2101990 1.0542529 1.0542529 1.2612387 1.3097806 1.2894871 1.1019646 1.0744988 1.3877379 1.2142238 1.7446617 1.7451668 1.7793796 1.9423897 1.5735884 1.3496429 1.7571252 2.1732973 1.6403616 1.9560432 2.0567922 2.0326450 1.8780141 2.0920282 1.9212496 2.3421139 1.6804461 1.7031864 1.6194877 1.8544008 1.9706934 1.8996363 1.7291647 2.8140017 
Dgig_XM_028543433.1                                                1.2864825 1.0378829 1.0091954 0.8168460 1.0309636 1.0799353 0.9642143 0.6443143 0.7121138 0.7067657 0.7224305 0.6734695 0.6635858 1.0638573 0.8870280 0.8828515 0.7298230 0.8732582 1.0801909 0.0000000 0.4103488 1.5565635 0.9921575 1.3451660 1.3534084 1.3184354 1.3285869 1.2403621 1.2668974 1.1450055 1.2173424 1.2173424 1.3908633 1.3897404 1.2852038 1.2128949 1.0430794 1.4452246 1.2197330 1.7367881 1.8139289 1.7184405 2.0940311 1.7337814 1.4818810 1.7155150 2.2733180 1.6416085 1.9101611 2.0014008 2.0219932 2.0082549 2.3923196 2.1858342 2.7283489 1.7726211 1.7406966 1.7531065 2.0105208 2.2724888 2.1752675 1.8389998 2.9868371 
Xesp_002323-T1                                                     1.3819143 1.1804011 1.0747411 0.9294488 1.1309096 1.1883389 1.0941257 0.8021878 0.8363480 0.8821640 0.8636640 0.8481607 0.8376849 1.1864495 1.0033198 0.9859430 0.8401834 1.0201146 1.2373649 0.4103488 0.0000000 1.6860070 0.9754775 1.3269675 1.3542422 1.3313701 1.3366127 1.3335039 1.3373981 1.2220635 1.2882310 1.2882310 1.4646221 1.5210110 1.4268088 1.2839089 1.2990592 1.5471932 1.3077268 1.9716602 2.0456236 1.9524846 2.2642161 1.8634945 1.6986888 1.9791894 2.5657264 1.7637820 2.1575020 2.1972410 2.2564062 2.2432349 2.5383584 2.3294126 2.9862347 1.8762565 1.8732904 1.8445464 1.9401759 2.2753667 2.2026760 1.9507932 3.0416222 
Hvul_g5791_1                                                       1.5244653 1.5645561 1.3825874 0.8429108 1.3355643 1.5330387 1.3693894 1.1536345 1.1382042 1.2231698 1.1839891 1.2056313 1.1811112 0.7965664 1.0649385 1.1385482 0.9020402 1.0863205 1.5374603 1.5565635 1.6860070 0.0000000 1.1956814 1.7210365 1.8150324 1.7779236 1.7881945 1.7413475 1.7677798 1.4543990 1.5702341 1.5702341 2.0464898 2.0680441 1.8988146 1.7371232 1.8216961 1.6527843 1.8116744 2.0578849 2.4245428 2.4164417 2.5763726 2.2294225 1.9394572 2.0516924 2.5372866 2.3302316 2.7131955 2.7734615 2.8029698 2.7095995 3.1066377 2.7865365 2.9395773 2.6034045 2.5652455 2.5388274 1.9308359 2.5441152 2.4996199 2.1748260 3.9385657 
Tadh_TriadT22154                                                   1.0619315 0.9202717 0.8155187 1.0288655 0.9182885 1.0647478 0.8333133 0.8683609 0.8448923 0.9567405 0.9113008 0.9284723 0.9204500 1.0403998 0.9281019 0.9635594 0.9401742 0.8767329 0.8752336 0.9921575 0.9754775 1.1956814 0.0000000 0.0027060 0.0875382 0.1028851 0.1058571 1.1047639 0.9993893 0.9727425 1.0049902 1.0049902 1.1511125 1.1178560 1.0797593 0.9329486 0.9684276 1.3291801 1.0297556 1.5995275 1.6672918 1.6716436 1.5903701 1.4378591 1.5573179 1.5279946 1.7875204 1.4949865 1.4636166 1.8528098 1.7911936 1.7951083 2.0750331 1.5000192 1.9123292 1.5006909 1.5824205 1.5887024 1.7684281 1.7679447 1.6071664 1.6039830 2.5082478 
TrH2_TrispH2_001280-RA                                             1.3491018 1.4648392 1.3049973 1.0279153 1.1988449 1.3337991 1.1448224 1.1311203 1.1476444 1.3508676 1.2296917 1.2545883 1.2349129 1.4108083 1.1518778 1.2031457 1.0931650 1.0730926 1.2109665 1.3451660 1.3269675 1.7210365 0.0027060 0.0000000 0.2176609 0.2411028 0.2463818 1.4523218 1.4142728 1.5670104 1.2296631 1.2296631 1.4795929 1.5041213 1.3581879 1.2461829 1.3505225 1.5623445 1.3894344 1.7552261 1.9824877 1.9740848 1.9887791 1.6952250 1.7002522 1.8540074 2.2418785 1.7583270 1.9220409 2.2996637 2.3254513 2.1689725 2.5430411 2.0347897 2.4366422 2.0874091 2.1601343 2.0806454 1.9441825 2.2433384 2.0640741 1.9939494 2.8631190 
HoiH23_PlH23_000574-RA                                             1.4198117 1.3996825 1.1576204 1.0396474 1.1617063 1.2843735 1.0866857 1.1033341 1.1667847 1.3191953 1.1920678 1.2386187 1.2446237 1.3857251 1.1619390 1.2299628 1.0761132 1.1158180 1.1781757 1.3534084 1.3542422 1.8150324 0.0875382 0.2176609 0.0000000 0.1141653 0.1186998 1.4630231 1.3852789 1.6572388 1.2660751 1.2660751 1.4269116 1.4586474 1.2828767 1.2185658 1.3172759 1.6368958 1.4156011 1.7345273 1.9290591 1.9967984 1.9264738 1.6362708 1.6300180 1.8208394 2.2877858 1.7321645 1.9731750 2.3361228 2.3617824 2.1420889 2.5644429 1.9668185 2.3864090 2.0499400 2.0759776 2.0526408 1.9074800 2.2452645 2.1550922 2.0227354 2.8831046 
Hhon_g05931.t1                                                     1.4115167 1.4242798 1.1583905 1.0143267 1.1559742 1.2797639 1.1177715 1.1089589 1.1457098 1.2939534 1.1782779 1.2313513 1.2054185 1.3862496 1.1599290 1.1806347 1.0451999 1.0561549 1.1891889 1.3184354 1.3313701 1.7779236 0.1028851 0.2411028 0.1141653 0.0000000 0.0060469 1.4274550 1.3922854 1.6003500 1.2788418 1.2788418 1.3923911 1.4776030 1.2921519 1.1948694 1.3407861 1.6363914 1.4295575 1.7322939 1.8946305 1.9515664 1.8814204 1.6757776 1.6402229 1.9114224 2.2128474 1.7234040 1.9602206 2.3350319 2.3413151 2.1148718 2.5677588 2.0456736 2.3631818 2.0362003 2.0714492 2.0416992 1.8986111 2.2601702 2.1664446 2.0109887 2.7452412 
HoiH04_mRNA10926                                                   1.4171719 1.4371782 1.1690703 1.0087059 1.1639955 1.2814576 1.1268978 1.1136475 1.1505703 1.3018465 1.1862497 1.2394719 1.2134831 1.3878638 1.1582455 1.1789165 1.0426260 1.0545876 1.1924716 1.3285869 1.3366127 1.7881945 0.1058571 0.2463818 0.1186998 0.0060469 0.0000000 1.4412220 1.4018775 1.6003500 1.2840702 1.2840702 1.4030792 1.4887263 1.3025926 1.2047803 1.3506022 1.6426135 1.4349671 1.7399740 1.9057018 1.9598725 1.8944156 1.6864992 1.6474527 1.9088245 2.2278730 1.7338403 1.9795878 2.3472921 2.3541023 2.1278233 2.5816139 2.0562177 2.3758099 2.0409943 2.0764055 2.0466227 1.9028021 2.2638626 2.1701386 2.0142943 2.7611549 
Clacor_Ccor_scaffold7935_01                                        1.2826593 0.9683939 1.0121372 0.7361862 0.9160006 1.0595661 0.9989011 0.9383121 0.9526539 1.1210169 0.9899300 1.0155110 0.9818657 1.2424978 1.1127956 1.1399202 0.9392445 1.1336326 1.1144890 1.2403621 1.3335039 1.7413475 1.1047639 1.4523218 1.4630231 1.4274550 1.4412220 0.0000000 0.7665843 1.3980599 1.0364837 1.0364837 1.3177170 1.3641406 1.2215326 1.1291199 1.0839845 1.3452064 1.1259374 1.7678342 1.8118604 1.7875454 1.8585988 1.6112763 1.5239730 1.7339226 2.2059192 1.6800423 1.9953588 2.1660549 2.3293546 2.0071697 2.3175302 2.0721836 2.0908995 1.6112559 1.5925725 1.5561167 1.7562600 2.0326420 2.0123267 1.8456279 2.6968306 
Leuniv_Lniv_scaffold14918_01                                       1.5912975 1.2067672 1.1690609 0.8191889 1.1599912 1.2596136 1.0540899 1.0564073 1.0469799 1.2845997 1.1378493 1.1910388 1.1703716 1.3133233 1.2481536 1.3019835 1.0681468 1.2004416 1.1722808 1.2668974 1.3373981 1.7677798 0.9993893 1.4142728 1.3852789 1.3922854 1.4018775 0.7665843 0.0000000 1.6018395 1.0713560 1.0713560 1.3962447 1.4256487 1.4184137 1.3044833 1.1845886 1.2941905 1.3605842 1.6340134 1.8120389 1.7859599 1.8357355 1.7223859 1.5362741 1.7175244 2.2748385 1.7458408 1.9058843 2.1817300 2.1945454 1.9923579 2.4710610 2.0118517 2.3076675 1.6397935 1.7375904 1.7772229 1.9957311 2.2923241 2.2693710 1.9358245 2.8167798 
Morvir_scaffold213.g9.t1                                           1.5227159 1.3247788 1.1568182 0.8485305 1.0059407 1.4834762 1.1742130 1.0694031 1.1630806 1.1631575 1.1220791 0.9930948 1.0293020 0.8026002 0.8547385 0.7910011 0.4998141 0.8268414 1.2101990 1.1450055 1.2220635 1.4543990 0.9727425 1.5670104 1.6572388 1.6003500 1.6003500 1.3980599 1.6018395 0.0000000 1.2366735 1.2366735 1.3271695 1.5351038 1.3276772 1.3084348 1.2668180 1.6783646 1.3278144 1.9978933 2.3133920 2.3562795 2.3516347 1.5174037 1.7911424 2.3946661 2.6422646 1.6989129 2.2441157 2.7617426 2.7716401 2.5038279 2.7988752 2.3900191 3.4326560 1.9917585 1.9718318 1.8414507 2.4230542 2.8292479 2.3628921 2.2057789 2.9956414 
Ocar_g5933                                                         1.4487078 1.0679973 1.0681272 0.8943553 1.0344681 1.1546064 0.9641360 0.9402699 0.9108914 1.0693978 1.0527764 1.0572252 1.0298388 1.2586165 1.0946798 1.1704340 0.9205836 1.0085350 1.0542529 1.2173424 1.2882310 1.5702341 1.0049902 1.2296631 1.2660751 1.2788418 1.2840702 1.0364837 1.0713560 1.2366735 0.0000000 0.0000010 1.1619975 1.1906208 1.0806807 1.1741174 1.1464157 1.1772997 1.0407088 1.6216633 1.6911151 1.6746377 1.8384669 1.4939663 1.4472791 1.5703106 2.0557010 1.6977269 1.9432821 2.0411532 2.1550731 2.1326071 2.2987431 1.7842104 2.1733038 1.7944075 1.7408746 1.7930034 1.8651199 2.0679209 1.8861224 1.7596738 2.9705078 
Opea_EP00118_Oscarella_pearsei_P024705                             1.4487078 1.0679973 1.0681272 0.8943553 1.0344681 1.1546064 0.9641360 0.9402699 0.9108914 1.0693978 1.0527764 1.0572252 1.0298388 1.2586165 1.0946798 1.1704340 0.9205836 1.0085350 1.0542529 1.2173424 1.2882310 1.5702341 1.0049902 1.2296631 1.2660751 1.2788418 1.2840702 1.0364837 1.0713560 1.2366735 0.0000010 0.0000000 1.1619975 1.1906208 1.0806807 1.1741174 1.1464157 1.1772997 1.0407088 1.6216633 1.6911151 1.6746377 1.8384669 1.4939663 1.4472791 1.5703106 2.0557010 1.6977269 1.9432821 2.0411532 2.1550731 2.1326071 2.2987431 1.7842104 2.1733038 1.7944075 1.7408746 1.7930034 1.8651199 2.0679209 1.8861224 1.7596738 2.9705078 
Aque_Aqu2.1.31399_001                                              1.5034530 1.3589660 1.3558933 1.0949381 1.2324084 1.2702741 1.1867263 1.1708556 1.1020624 1.2534383 1.2242392 1.2219074 1.2176393 1.3553499 1.3382460 1.3296747 1.1171894 1.2048125 1.2612387 1.3908633 1.4646221 2.0464898 1.1511125 1.4795929 1.4269116 1.3923911 1.4030792 1.3177170 1.3962447 1.3271695 1.1619975 1.1619975 0.0000000 0.2626955 0.3858025 0.7584506 0.6732046 0.9596024 1.0228944 1.7906942 1.7367821 1.8276415 2.0194257 1.7782634 1.4733142 1.9461070 2.5202927 1.8768672 2.2222292 2.1530123 2.1320441 2.2009282 2.3219395 2.2735880 2.6875412 2.1949019 2.1902485 2.0857345 2.1000975 2.2549567 2.2402502 2.1964529 2.8828798 
Halamb_c46319_g1_i1m.20406                                         1.5171571 1.3334452 1.3216294 1.0506656 1.2711964 1.2922255 1.2069970 1.1619329 1.1742844 1.3148250 1.3103177 1.3060517 1.3031297 1.4515711 1.2917023 1.3447495 1.0914447 1.2054115 1.3097806 1.3897404 1.5210110 2.0680441 1.1178560 1.5041213 1.4586474 1.4776030 1.4887263 1.3641406 1.4256487 1.5351038 1.1906208 1.1906208 0.2626955 0.0000000 0.3161064 0.7956807 0.6884283 0.9967347 1.1071082 1.9046544 1.7471966 1.8510923 2.1008586 1.7090460 1.5522697 1.9458518 2.4122034 1.9161106 2.1862055 2.2180459 2.1571070 2.2273469 2.3839488 2.2767026 2.6269367 2.1873097 2.1666758 2.1039315 2.1333790 2.3287462 2.1020006 2.2584049 2.8475786 
Xestes_augustus_masked-XT_scaffold168613-processed-gene-0.4-mRNA-1 1.4416253 1.3380636 1.2488462 1.0482365 1.1674130 1.2584492 1.1447065 1.0809769 1.0800478 1.2158818 1.2207624 1.2155096 1.2015791 1.3539589 1.2461525 1.2298697 1.0100148 1.1191757 1.2894871 1.2852038 1.4268088 1.8988146 1.0797593 1.3581879 1.2828767 1.2921519 1.3025926 1.2215326 1.4184137 1.3276772 1.0806807 1.0806807 0.3858025 0.3161064 0.0000000 0.6656232 0.5756245 0.8465365 0.9537018 1.8067147 1.8187445 1.9047543 1.9781910 1.7033029 1.4747320 1.9398474 2.4075501 1.8093884 2.1037774 2.0472865 2.0673358 2.1529044 2.2503069 2.1870103 2.4927124 2.0552089 2.0988526 2.0288916 2.1293939 2.4066472 2.2348128 2.1425152 2.7584749 
Tetwil_g20948.t1                                                   1.3370701 1.2824103 1.1744973 0.9821609 1.1486093 1.1980447 1.0342892 1.0225372 1.0278288 1.1479966 1.1308886 1.1067800 1.0723943 1.2766706 1.1013075 1.1327972 0.9664124 1.0831250 1.1019646 1.2128949 1.2839089 1.7371232 0.9329486 1.2461829 1.2185658 1.1948694 1.2047803 1.1291199 1.3044833 1.3084348 1.1741174 1.1741174 0.7584506 0.7956807 0.6656232 0.0000000 0.5352671 0.8090676 0.9690376 1.6985548 1.6443805 1.6874826 1.8577737 1.7339415 1.4703945 1.8921619 2.3923893 1.6749018 1.7854900 2.2111161 2.1467485 2.1219615 2.1650195 2.0189393 2.3040830 1.9013751 1.8952785 1.8097595 1.8821240 2.1903730 2.0024184 1.9102212 3.0057097 
Stycar_maker-SC_scaffold1067-snap-gene-0.13-mRNA-1                 1.3577845 1.2835893 1.2119714 0.8309759 1.0843459 1.2586415 1.1132405 1.0713473 1.0067801 1.1814490 1.1504549 1.1110273 1.0843507 1.2061330 1.1100956 1.1110674 0.9172939 0.9927310 1.0744988 1.0430794 1.2990592 1.8216961 0.9684276 1.3505225 1.3172759 1.3407861 1.3506022 1.0839845 1.1845886 1.2668180 1.1464157 1.1464157 0.6732046 0.6884283 0.5756245 0.5352671 0.0000000 0.7215663 0.9424773 1.6989713 1.7937452 1.7850032 1.8387087 1.5998531 1.5115496 1.9636826 2.2675144 1.7184801 1.9015805 2.0542765 2.0498016 2.0072496 2.2342462 2.2803734 2.6399015 1.9615421 1.9297805 1.9709874 1.8360723 2.0341574 1.8792381 1.8361387 2.5296330 
Spolac_c96049_g1_i1_m.12475c96049-g1                               1.4868969 1.3255035 1.2857875 1.1124615 1.2945407 1.4799270 1.2058683 1.3885080 1.3359873 1.3548526 1.4032822 1.4197829 1.3950350 1.3751573 1.4577513 1.5001330 1.2174864 1.4133547 1.3877379 1.4452246 1.5471932 1.6527843 1.3291801 1.5623445 1.6368958 1.6363914 1.6426135 1.3452064 1.2941905 1.6783646 1.1772997 1.1772997 0.9596024 0.9967347 0.8465365 0.8090676 0.7215663 0.0000000 1.2033192 1.8251338 1.7918497 1.8611975 1.9649015 1.7190635 1.7066831 1.8481082 2.3162965 1.8371488 1.8544229 2.1536926 2.2720400 2.3504744 2.4784990 2.2680526 2.4175135 2.0557575 1.9001828 1.9213885 1.9127355 2.1898526 2.1056305 1.9607389 3.1166711 
Plespi_Pspi_scaffold18015_01                                       1.3672691 1.2355636 1.2081766 0.9806895 1.1024375 1.2218939 0.9780129 1.0696643 1.0161346 1.1782684 1.1555630 1.1784056 1.1583732 1.2664015 1.1777053 1.2683927 1.0472631 1.1281210 1.2142238 1.2197330 1.3077268 1.8116744 1.0297556 1.3894344 1.4156011 1.4295575 1.4349671 1.1259374 1.3605842 1.3278144 1.0407088 1.0407088 1.0228944 1.1071082 0.9537018 0.9690376 0.9424773 1.2033192 0.0000000 1.5880797 1.6649288 1.6931677 1.8657354 1.5020827 1.4433096 1.7881966 2.1789004 1.6238943 1.9417648 2.2625550 2.3169059 2.1262276 2.1986524 1.9894565 1.9852077 1.8707925 1.8552053 1.8091938 1.7188689 2.1129872 1.9734112 2.0466206 2.7314297 
Mbre_EDQ89891                                                      1.9879538 1.6256647 1.5890302 1.4992778 1.6347072 1.7877511 1.6400660 1.5346127 1.5823335 1.7935073 1.7516923 1.7156507 1.6916754 1.7915164 1.7450601 1.8377942 1.6547973 1.7576339 1.7446617 1.7367881 1.9716602 2.0578849 1.5995275 1.7552261 1.7345273 1.7322939 1.7399740 1.7678342 1.6340134 1.9978933 1.6216633 1.6216633 1.7906942 1.9046544 1.8067147 1.6985548 1.6989713 1.8251338 1.5880797 0.0000000 0.4177097 0.4372036 0.8990948 0.9567646 0.9980658 1.0871909 0.8834023 1.0868667 1.1890500 1.4776006 1.4795736 1.3017540 1.5397197 1.1944658 1.0398662 2.1508552 2.1319272 2.2459102 2.0270294 2.1371695 2.0497024 2.1419736 1.4687647 
Choper_EP00045_Choanoeca_perplexa_P007556                          2.1165927 1.9488193 1.7174893 1.5512066 1.6784722 1.7404196 1.7019217 1.5999378 1.7128786 1.9375761 1.8579874 1.7764022 1.8173874 1.9862379 1.7923970 1.8311966 1.7555095 1.8118562 1.7451668 1.8139289 2.0456236 2.4245428 1.6672918 1.9824877 1.9290591 1.8946305 1.9057018 1.8118604 1.8120389 2.3133920 1.6911151 1.6911151 1.7367821 1.7471966 1.8187445 1.6443805 1.7937452 1.7918497 1.6649288 0.4177097 0.0000000 0.1713373 0.9715074 0.8923608 0.9014057 1.0080501 0.9791032 1.1141369 1.2911250 1.7033095 1.6857719 1.4503406 1.6006440 1.2454458 1.1790533 2.2488614 2.2195187 2.3330776 2.0808382 2.0673289 1.9930461 2.1249287 1.3887182 
Chofle_EP00730_Choanoeca_flexa_P007273                             2.1096469 1.8545499 1.7608306 1.5267404 1.6849720 1.7950280 1.6846948 1.5896321 1.6286740 1.8513582 1.7547098 1.6829067 1.7289824 1.9445972 1.8200657 1.8125119 1.7578925 1.8477002 1.7793796 1.7184405 1.9524846 2.4164417 1.6716436 1.9740848 1.9967984 1.9515664 1.9598725 1.7875454 1.7859599 2.3562795 1.6746377 1.6746377 1.8276415 1.8510923 1.9047543 1.6874826 1.7850032 1.8611975 1.6931677 0.4372036 0.1713373 0.0000000 0.9832691 1.0055511 0.9472613 0.9940017 1.0220756 1.1174493 1.2734429 1.6339202 1.6202838 1.4190737 1.6236280 1.2359725 1.2049248 2.1872035 2.1842157 2.2755377 2.1347142 2.1239048 2.0321934 2.1399508 1.4008356 
Salkve_EP00050_Salpingoeca_kvevrii_P013580                         2.1759939 1.8933878 1.9185616 1.5667815 1.8846681 1.8918540 1.7721144 1.7004218 1.7673517 1.8855531 1.7657787 1.7673586 1.7424990 1.8896567 1.8599177 1.8669521 1.7032209 1.7763082 1.9423897 2.0940311 2.2642161 2.5763726 1.5903701 1.9887791 1.9264738 1.8814204 1.8944156 1.8585988 1.8357355 2.3516347 1.8384669 1.8384669 2.0194257 2.1008586 1.9781910 1.8577737 1.8387087 1.9649015 1.8657354 0.8990948 0.9715074 0.9832691 0.0000000 0.7620538 0.8509468 0.9001687 1.0820711 0.9281229 0.9183746 1.4353779 1.4575079 1.1212796 1.5073606 1.1983508 1.2686468 2.4010719 2.4093315 2.3480687 2.0247420 2.1400195 2.2206994 2.4226306 1.5643461 
Salurc_EP00051_Salpingoeca_urceolata_P031931                       1.9184536 1.5874839 1.6027192 1.4013134 1.5007865 1.6593199 1.5193792 1.4408439 1.5039297 1.5412359 1.4978543 1.5582003 1.5443904 1.7340462 1.4666912 1.6076635 1.3864166 1.4642593 1.5735884 1.7337814 1.8634945 2.2294225 1.4378591 1.6952250 1.6362708 1.6757776 1.6864992 1.6112763 1.7223859 1.5174037 1.4939663 1.4939663 1.7782634 1.7090460 1.7033029 1.7339415 1.5998531 1.7190635 1.5020827 0.9567646 0.8923608 1.0055511 0.7620538 0.0000000 0.7401078 0.8822846 1.1645150 0.9116147 0.9174168 1.4092989 1.3459467 1.3017956 1.5028015 1.0753018 1.2443214 2.1458692 2.1189595 2.1905382 1.9840917 2.1175779 1.9860064 1.8869723 1.5730242 
Salmac_EP00052_Salpingoeca_macrocollata_P027594                    1.8054470 1.4399788 1.2692790 1.3028965 1.3739787 1.4311096 1.4428365 1.2549971 1.2600099 1.4187125 1.4157027 1.4176202 1.4252927 1.6229172 1.4248423 1.4979056 1.3260223 1.4312090 1.3496429 1.4818810 1.6986888 1.9394572 1.5573179 1.7002522 1.6300180 1.6402229 1.6474527 1.5239730 1.5362741 1.7911424 1.4472791 1.4472791 1.4733142 1.5522697 1.4747320 1.4703945 1.5115496 1.7066831 1.4433096 0.9980658 0.9014057 0.9472613 0.8509468 0.7401078 0.0000000 0.6476423 1.0344206 0.9103847 0.9048828 1.3550506 1.3943655 1.2082188 1.4158783 1.1127656 1.2476892 1.8901804 1.8919547 1.9577346 1.8256686 1.9141172 1.9409810 1.8733904 1.3189783 
Salpun_EP00053_Salpingoeca_punica_P015525                          1.9845414 1.7728338 1.5881236 1.3735261 1.7312517 1.7536886 1.5960701 1.3785503 1.5588104 1.6067736 1.5567510 1.5868138 1.5972675 1.7828783 1.7152723 1.8692273 1.5473345 1.7220278 1.7571252 1.7155150 1.9791894 2.0516924 1.5279946 1.8540074 1.8208394 1.9114224 1.9088245 1.7339226 1.7175244 2.3946661 1.5703106 1.5703106 1.9461070 1.9458518 1.9398474 1.8921619 1.9636826 1.8481082 1.7881966 1.0871909 1.0080501 0.9940017 0.9001687 0.8822846 0.6476423 0.0000000 1.2934172 0.9771707 0.9521939 1.5304915 1.5183450 1.3508091 1.6113629 1.1016699 1.2604099 2.2085401 2.1836216 2.2348597 1.9851561 2.1175893 2.0013006 2.0345125 1.5894631 
Microa_EP00043_Microstomoeca_roanoka_P015638                       2.4848446 2.3488962 2.0544072 1.8115823 2.0557793 2.1624948 2.3245522 1.8947835 2.0477197 2.1443003 2.0820453 2.1271507 2.1087542 2.3637414 2.0698588 2.2338384 2.0273110 2.0494590 2.1732973 2.2733180 2.5657264 2.5372866 1.7875204 2.2418785 2.2877858 2.2128474 2.2278730 2.2059192 2.2748385 2.6422646 2.0557010 2.0557010 2.5202927 2.4122034 2.4075501 2.3923893 2.2675144 2.3162965 2.1789004 0.8834023 0.9791032 1.0220756 1.0820711 1.1645150 1.0344206 1.2934172 0.0000000 1.2992195 1.3876332 1.7622350 1.7134268 1.5082195 1.8721636 1.4464306 1.1685274 2.4249707 2.4720052 2.5676206 2.1368322 2.2087616 2.0992587 2.4419654 1.0240830 
Saldol_EP00054_Salpingoeca_dolichothecata_P015272                  1.8960009 1.6300668 1.6071978 1.4779704 1.4923909 1.5761891 1.4306487 1.4622031 1.4947241 1.5481898 1.5017755 1.5084834 1.5104689 1.6640551 1.5227809 1.5607402 1.5662997 1.5154893 1.6403616 1.6416085 1.7637820 2.3302316 1.4949865 1.7583270 1.7321645 1.7234040 1.7338403 1.6800423 1.7458408 1.6989129 1.6977269 1.6977269 1.8768672 1.9161106 1.8093884 1.6749018 1.7184801 1.8371488 1.6238943 1.0868667 1.1141369 1.1174493 0.9281229 0.9116147 0.9103847 0.9771707 1.2992195 0.0000000 1.1704950 1.1649677 1.1929894 1.0157236 1.4514793 1.1569823 1.3749165 2.1811483 2.0700018 2.3040999 2.0616741 2.2279332 2.0497242 2.1600105 1.6851368 
Mylflu_EP00047_Mylnosiga_fluctuans_P002028                         2.1941004 2.0120153 1.8489679 1.5885081 1.7936174 2.0676169 1.7710461 1.6700890 1.8028386 1.9963992 1.9836448 1.9698149 1.9476826 1.9924244 1.8190205 1.9910709 1.8251056 1.8390171 1.9560432 1.9101611 2.1575020 2.7131955 1.4636166 1.9220409 1.9731750 1.9602206 1.9795878 1.9953588 1.9058843 2.2441157 1.9432821 1.9432821 2.2222292 2.1862055 2.1037774 1.7854900 1.9015805 1.8544229 1.9417648 1.1890500 1.2911250 1.2734429 0.9183746 0.9174168 0.9048828 0.9521939 1.3876332 1.1704950 0.0000000 1.5926826 1.7672753 1.5141019 1.8931202 1.1919096 1.5474889 2.4175275 2.3588476 2.5917736 2.3004802 2.5037720 2.3219878 2.4624541 1.8933863 
Acaspe_EP00035_Acanthoeca_spectabilis_P007976                      2.2006298 2.0853925 1.9938229 1.6928984 1.8370957 2.0074628 1.8907649 1.9240728 1.9378403 2.1316318 1.9726716 2.0246465 2.0111348 2.2739840 1.9686658 1.9948278 1.9084194 2.0013128 2.0567922 2.0014008 2.1972410 2.7734615 1.8528098 2.2996637 2.3361228 2.3350319 2.3472921 2.1660549 2.1817300 2.7617426 2.0411532 2.0411532 2.1530123 2.2180459 2.0472865 2.2111161 2.0542765 2.1536926 2.2625550 1.4776006 1.7033095 1.6339202 1.4353779 1.4092989 1.3550506 1.5304915 1.7622350 1.1649677 1.5926826 0.0000000 0.1783551 0.5167350 1.0021831 1.7664628 2.0209703 2.9568494 3.0342151 3.1250170 2.9359193 2.9778070 2.8369965 2.6670545 2.1836492 
Helnan_EP00037_Helgoeca_nana_P012074                               2.3407681 2.1293862 2.0994266 1.7639341 1.9419359 2.0893588 1.8794239 1.9861039 2.0270329 2.2721082 2.0733373 2.0601231 2.0649149 2.1987045 1.8923029 1.9595331 1.8774618 1.9997541 2.0326450 2.0219932 2.2564062 2.8029698 1.7911936 2.3254513 2.3617824 2.3413151 2.3541023 2.3293546 2.1945454 2.7716401 2.1550731 2.1550731 2.1320441 2.1571070 2.0673358 2.1467485 2.0498016 2.2720400 2.3169059 1.4795736 1.6857719 1.6202838 1.4575079 1.3459467 1.3943655 1.5183450 1.7134268 1.1929894 1.7672753 0.1783551 0.0000000 0.5286938 0.9456550 1.7050373 1.9630467 3.1193259 3.2306694 3.1062880 2.8444086 2.8504825 2.6868718 2.5635454 2.1773386 
Stedip_EP00041_Stephanoeca_diplocostata_P011695                    2.2474188 2.0664722 1.9520663 1.8125270 1.9646928 2.0369632 1.8396867 1.9230790 1.9918612 2.1753724 1.9908788 2.0891447 2.0736048 2.0709736 2.0014351 1.9067408 1.9560566 1.9438992 1.8780141 2.0082549 2.2432349 2.7095995 1.7951083 2.1689725 2.1420889 2.1148718 2.1278233 2.0071697 1.9923579 2.5038279 2.1326071 2.1326071 2.2009282 2.2273469 2.1529044 2.1219615 2.0072496 2.3504744 2.1262276 1.3017540 1.4503406 1.4190737 1.1212796 1.3017956 1.2082188 1.3508091 1.5082195 1.0157236 1.5141019 0.5167350 0.5286938 0.0000000 0.8468845 1.3609131 1.7567974 2.8971857 2.8722046 2.8534362 2.7595046 2.7841028 2.6647807 2.5222409 1.7371355 
Diagra_EP00040_Diaphanoeca_grandis_P005590                         2.6980018 2.3583098 2.2455072 2.0187444 2.2016343 2.1208335 2.0785114 2.1966620 2.1897327 2.4120323 2.3052971 2.3551839 2.3283112 2.1608870 2.2435838 2.1467677 2.0191309 2.3278274 2.0920282 2.3923196 2.5383584 3.1066377 2.0750331 2.5430411 2.5644429 2.5677588 2.5816139 2.3175302 2.4710610 2.7988752 2.2987431 2.2987431 2.3219395 2.3839488 2.2503069 2.1650195 2.2342462 2.4784990 2.1986524 1.5397197 1.6006440 1.6236280 1.5073606 1.5028015 1.4158783 1.6113629 1.8721636 1.4514793 1.8931202 1.0021831 0.9456550 0.8468845 0.0000000 1.5863142 2.2182808 3.0543375 3.1160840 3.0469330 2.7390260 2.8144137 2.8663881 2.8171029 2.0760188 
Codhol_EP00042_Codosiga_hollandica_P042538                         2.2000209 1.8991355 1.8687821 1.4144047 1.7658459 1.8552816 1.7054258 1.7308895 1.7746637 2.0066838 1.8349499 1.9322396 1.9172253 1.9429128 1.9650193 2.0131070 1.6819655 1.8561858 1.9212496 2.1858342 2.3294126 2.7865365 1.5000192 2.0347897 1.9668185 2.0456736 2.0562177 2.0721836 2.0118517 2.3900191 1.7842104 1.7842104 2.2735880 2.2767026 2.1870103 2.0189393 2.2803734 2.2680526 1.9894565 1.1944658 1.2454458 1.2359725 1.1983508 1.0753018 1.1127656 1.1016699 1.4464306 1.1569823 1.1919096 1.7664628 1.7050373 1.3609131 1.5863142 0.0000000 1.5222392 2.6687286 2.5700180 2.5378182 2.3205197 2.5995136 2.5280772 2.4995279 1.9466176 
Salinf_EP00049_Salpingoeca_infusionum_P018016                      2.7529581 2.2770965 2.4247451 1.9492790 2.2476041 2.4320166 2.1403312 2.1185506 2.3548386 2.5639611 2.5246489 2.5063437 2.4659903 2.7069930 2.2437146 2.4295676 2.2840010 2.2245011 2.3421139 2.7283489 2.9862347 2.9395773 1.9123292 2.4366422 2.3864090 2.3631818 2.3758099 2.0908995 2.3076675 3.4326560 2.1733038 2.1733038 2.6875412 2.6269367 2.4927124 2.3040830 2.6399015 2.4175135 1.9852077 1.0398662 1.1790533 1.2049248 1.2686468 1.2443214 1.2476892 1.2604099 1.1685274 1.3749165 1.5474889 2.0209703 1.9630467 1.7567974 2.2182808 1.5222392 0.0000000 2.6857473 2.6561592 2.8135196 2.3374616 2.5629273 2.5808975 2.7345434 1.7427170 
Scil_scict024587.1                                                 1.8189895 1.8943489 1.6862790 1.3205653 1.5791637 1.7789966 1.4850804 1.6554682 1.6790023 1.6590402 1.6938645 1.6762110 1.6688770 1.9113671 1.7534363 1.7952051 1.6621672 1.7388076 1.6804461 1.7726211 1.8762565 2.6034045 1.5006909 2.0874091 2.0499400 2.0362003 2.0409943 1.6112559 1.6397935 1.9917585 1.7944075 1.7944075 2.1949019 2.1873097 2.0552089 1.9013751 1.9615421 2.0557575 1.8707925 2.1508552 2.2488614 2.1872035 2.4010719 2.1458692 1.8901804 2.2085401 2.4249707 2.1811483 2.4175275 2.9568494 3.1193259 2.8971857 3.0543375 2.6687286 2.6857473 0.0000000 0.3769727 0.4730952 2.3312707 2.5875498 2.7149071 2.2243639 3.3571298 
Gracom_Gcom_C555372_01                                             1.7804161 1.9414292 1.6219639 1.2633735 1.6540469 1.8353855 1.4861715 1.5932921 1.6387252 1.7565576 1.6814271 1.7041540 1.7163339 1.8781821 1.7806653 1.8122959 1.5517563 1.7432203 1.7031864 1.7406966 1.8732904 2.5652455 1.5824205 2.1601343 2.0759776 2.0714492 2.0764055 1.5925725 1.7375904 1.9718318 1.7408746 1.7408746 2.1902485 2.1666758 2.0988526 1.8952785 1.9297805 1.9001828 1.8552053 2.1319272 2.2195187 2.1842157 2.4093315 2.1189595 1.8919547 2.1836216 2.4720052 2.0700018 2.3588476 3.0342151 3.2306694 2.8722046 3.1160840 2.5700180 2.6561592 0.3769727 0.0000000 0.4784691 2.3211435 2.7033328 2.6158966 2.2938481 3.4489213 
