62
Hsap_ENST00000426216                               0.0000000 0.5657327 0.6806034 0.7553042 0.6542533 0.5932853 0.6544880 0.8184297 0.6101096 0.7982942 0.9125991 0.8061278 1.2871881 1.1990547 0.5607368 1.1359022 1.1267094 1.2101435 0.5614057 0.8720790 1.3504861 0.7220714 1.2023462 0.8797220 0.8349488 1.3975968 0.9764966 0.9715649 0.6890285 1.0039470 0.9045666 0.8988084 0.8931549 0.6838234 0.7293941 0.9129138 0.7256614 0.7403225 0.9473291 0.9951063 1.0019505 0.9967793 0.9893435 0.9932164 0.9763454 0.7178635 1.3628081 1.1835264 1.3058877 0.9938560 1.1778737 0.8579868 1.1729204 1.5271056 1.1999213 1.7052189 1.8316345 0.8570778 1.0004378 0.8766489 1.3781129 1.0913555 
Bralan_BLAG07000911_1                              0.5657327 0.0000000 0.5974576 0.6544711 0.6173755 0.5663632 0.5525022 0.6825648 0.5224444 0.7081571 0.8116275 0.6925272 1.1187757 1.0296540 0.5045048 0.9743561 0.9957304 1.0433358 0.5727465 0.8249309 1.2550443 0.6777941 1.0868640 0.8778118 0.7773217 1.1675622 0.8901024 0.8288037 0.5577563 0.8977477 0.7720336 0.7390512 0.7523367 0.5896549 0.6472591 0.8692327 0.6073043 0.6973394 0.8778728 0.9336130 0.9063026 0.9105211 0.9203535 0.9312342 0.9176844 0.6231741 1.1861359 1.2482483 1.1155412 0.8562942 1.1005125 0.7670163 1.0104029 1.2595619 0.9764481 1.4287837 1.3690873 0.7587306 0.8304631 0.8274221 1.3201936 1.0490608 
Exapal_XM_021042046.2                              0.6806034 0.5974576 0.0000000 0.2865461 0.4143873 0.3597287 0.3401548 0.4434833 0.3954539 0.4393439 0.5325140 0.5721337 0.9307213 0.9917798 0.4675707 0.9762485 1.0106616 1.0340598 0.5901446 0.7956732 1.2076035 0.5974258 1.0411645 0.8493953 0.8267143 0.9168682 0.7553526 0.7489326 0.5127706 0.7714597 0.6547977 0.6533548 0.6813761 0.6518954 0.7309495 0.8877273 0.6929180 0.7603594 0.8344792 0.8816053 0.8615195 0.8472665 0.8629495 0.8672952 0.8930235 0.6195406 1.1350349 1.0257760 1.0414518 0.8931950 1.0817629 0.7587383 0.9418424 1.2803586 1.0279581 1.4004162 1.3483820 0.8623360 0.8892980 0.9999744 1.2387362 1.0642852 
Nvec_NVE8797                                       0.7553042 0.6544711 0.2865461 0.0000000 0.3330252 0.3157800 0.2944515 0.3773409 0.3102793 0.4157976 0.4646121 0.6000976 0.8571222 1.0084290 0.4260049 0.9758938 0.8727658 1.0335598 0.5108796 0.8126233 1.2469010 0.5806623 1.0324398 0.8726810 0.7081697 0.0000010 0.7847479 0.7378438 0.5085552 0.7273503 0.6873754 0.6287430 0.6270815 0.6628673 0.7704033 0.8236438 0.7182405 0.7712781 0.8218151 0.8701368 0.8791285 0.8702730 0.8793447 0.8797936 0.8881307 0.6630353 1.1667105 0.9872289 1.0571515 0.5836641 1.0208344 0.6609044 1.0329556 1.3153922 0.9790219 1.3991205 1.3189889 0.8606905 0.8430799 0.9532334 1.1769931 1.0394114 
Adig_XM_015924855.1                                0.6542533 0.6173755 0.4143873 0.3330252 0.0000000 0.1380189 0.1694867 0.1819542 0.1723177 0.1474659 0.0257083 0.5427732 0.5926471 0.9211763 0.6388117 0.9175604 0.9312601 0.9632910 0.7196936 0.7329821 1.1805088 0.8046174 1.0929015 1.0194036 0.9687177 1.0981385 0.7039118 0.7246279 0.6277603 0.6991781 0.6008741 0.5986612 0.7095266 0.7161149 0.6728035 0.8217818 0.6663061 0.7623690 0.7601353 0.8272536 0.7764246 0.7828592 0.7917213 0.7913504 0.7963767 0.6237390 1.1308557 1.6102283 0.9731811 1.1297796 1.0811224 1.0036059 0.9672347 1.0773626 0.9316815 0.9248524 0.9329387 0.8106782 0.7276189 0.8782012 1.1567415 0.9474980 
Gfas_gfas1.m1.19575.m1                             0.5932853 0.5663632 0.3597287 0.3157800 0.1380189 0.0000000 0.1457145 0.1656589 0.1697779 0.1312077 0.1118428 0.4715113 0.6849163 0.8785857 0.4915320 0.8749913 0.9788644 0.9025418 0.6020460 0.6768425 1.0128701 0.5935859 0.9976685 0.7205778 0.8074048 1.0901345 0.6428360 0.6817524 0.6032999 0.6353957 0.5535362 0.5568721 0.7637384 0.6586884 0.6396043 0.7670913 0.6263736 0.7175514 0.6634508 0.7288985 0.6800784 0.6640672 0.6747300 0.6743808 0.6839287 0.5862696 1.1252461 1.2486529 0.9574058 1.0160423 1.0711274 0.8615258 0.8994515 1.1315074 1.1321079 1.0294379 1.0777221 0.7535728 0.7244500 0.9213386 1.1181793 0.8811683 
Spis_XP_022779595_1                                0.6544880 0.5525022 0.3401548 0.2944515 0.1694867 0.1457145 0.0000000 0.0567594 0.1689557 0.1279641 0.1650581 0.4692384 0.6218697 0.8545930 0.5014320 0.8596395 0.9298801 0.8666306 0.5798287 0.7097851 1.1048740 0.5448234 1.0557130 0.9022864 0.8705403 1.2021954 0.6832995 0.7026909 0.5399686 0.6454048 0.5619208 0.5423128 0.6935958 0.6761093 0.6446392 0.7776005 0.6016012 0.7381786 0.7177664 0.7657275 0.7214275 0.7222545 0.7263471 0.7211222 0.7407448 0.5769972 1.1913151 1.2512866 0.9788275 0.9797463 1.1593927 0.8482240 0.8863514 1.0756063 0.9776302 1.1114845 1.1605190 0.8145282 0.7484718 0.8689220 1.0403662 0.8944083 
Pocdam_XM_027192197.1                              0.8184297 0.6825648 0.4434833 0.3773409 0.1819542 0.1656589 0.0567594 0.0000000 0.1638417 0.1660562 0.2126895 0.5995823 0.9819913 1.0081176 0.5131777 1.0256572 0.9851368 1.0343497 0.6052283 0.8639006 1.2813628 0.5596616 1.0884344 0.8899889 0.8873047 1.1845725 0.8361695 0.7925036 0.5560118 0.8809000 0.7534281 0.7105103 0.7140205 0.6586386 0.8019014 0.9555018 0.7708875 0.8227958 0.8967124 0.9459147 0.9311507 0.9226740 0.9333411 0.9305074 0.9298448 0.6921482 1.1776823 1.2844209 1.1412182 0.9874985 1.1385160 0.8417948 0.8628010 1.2789933 0.9599581 1.4160514 1.4313407 0.9129502 0.9202329 1.0508386 1.2282808 1.1467376 
Fspp_ffun1.m4.29885.m1                             0.6101096 0.5224444 0.3954539 0.3102793 0.1723177 0.1697779 0.1689557 0.1638417 0.0000000 0.1028901 0.1532666 0.5012073 0.3380148 0.9399764 0.5451048 0.9610621 0.9682131 0.9308538 0.4730465 0.7420872 1.1105411 0.7071398 1.0567214 0.8794306 0.7515133 0.0000010 0.6844143 0.7447766 0.6120095 0.6348670 0.5538516 0.5345111 0.7409150 0.6972677 0.7176095 0.8866657 0.6351611 0.7107886 0.7018834 0.8146120 0.7825891 0.7711503 0.7864194 0.7857032 0.7693809 0.5767852 1.2051395 0.0000010 0.8916160 0.0000010 1.0598273 0.7381492 0.9527404 1.0205191 1.0024766 0.8983237 0.9154197 0.8024210 0.7088718 0.6958604 1.1367288 0.9413823 
Gasp_gasp1.m3.7503.m1                              0.7982942 0.7081571 0.4393439 0.4157976 0.1474659 0.1312077 0.1279641 0.1660562 0.1028901 0.0000000 0.2027984 0.6254614 1.0573282 1.0191335 0.4903107 1.0039631 0.9180453 1.0401925 0.6099365 0.8752132 1.2372927 0.5599581 1.0266771 0.8350681 0.8579395 1.0719463 0.8656935 0.7999686 0.5204325 0.8346979 0.6990913 0.6822100 0.6597301 0.6147376 0.7604817 0.9622667 0.7940973 0.8070014 0.9058937 0.9517749 0.9380431 0.9316264 0.9407275 0.9389048 0.9487880 0.7020002 1.1723527 1.1786375 1.1579481 0.9892522 1.1600464 0.8624399 0.8675882 1.3779162 0.9413218 1.5244198 1.4443045 0.9159284 0.8945182 1.0144312 1.2669676 1.1276425 
Amil_Amillepora09127-RA                            0.9125991 0.8116275 0.5325140 0.4646121 0.0257083 0.1118428 0.1650581 0.2126895 0.1532666 0.2027984 0.0000000 0.6872996 1.2290850 1.0982580 0.5297889 1.1135117 0.9569401 1.1751310 0.6141514 0.8800639 1.2983566 0.6974154 1.0862761 0.8660629 0.9786650 1.0981385 0.9074210 0.8630423 0.5449255 0.9147493 0.7526875 0.7567607 0.7450965 0.6822908 0.8932631 1.0590329 0.9926224 0.8658921 0.9412175 1.0117771 0.9870611 0.9734815 0.9846786 0.9842290 1.0135635 0.7686937 1.1655263 1.4127067 1.1926414 1.0432057 1.1112414 0.8993119 0.9705650 1.4174649 0.9667412 1.5083580 1.5346031 0.9039944 0.9311521 1.2304308 1.4297176 1.3773068 
Dgig_XM_028536778.1                                0.8061278 0.6925272 0.5721337 0.6000976 0.5427732 0.4715113 0.4692384 0.5995823 0.5012073 0.6254614 0.6872996 0.0000000 0.2485879 1.0507170 0.4918877 0.9985201 1.0835025 1.0706336 0.6259478 0.8465496 1.3019404 0.6613955 1.1159064 0.8707726 0.8576833 0.9822419 0.8250872 0.8355759 0.6628970 0.9333805 0.8049862 0.7777162 0.8136267 0.6997326 0.8319299 0.9399565 0.7707050 0.8641091 0.8379301 0.8851310 0.9074098 0.9249737 0.9062443 0.9182293 0.9212152 0.6931048 1.2424809 1.1849447 1.2351788 1.0012799 1.0807115 0.8379481 0.9958224 1.4797166 1.0908981 1.5398576 1.5669707 0.9048095 0.9607635 1.0883229 1.2971899 1.0569298 
Xesp_005369-T1                                     1.2871881 1.1187757 0.9307213 0.8571222 0.5926471 0.6849163 0.6218697 0.9819913 0.3380148 1.0573282 1.2290850 0.2485879 0.0000000 1.3951236 5.0602110 1.3618960 0.8421339 1.5488054 0.4354271 1.1103978 1.6925447 5.0602110 1.2681509 5.9723250 4.9162354 0.0000010 1.3469242 1.2769442 0.7540389 1.4613076 1.3649338 1.2591253 0.6692772 0.8939490 1.2629227 1.2795979 1.1369736 1.0827071 1.0949452 1.0949452 1.1816109 1.2277273 1.1844872 1.2112429 1.1838755 0.9592256 1.2916635 3.9143129 1.6868058 3.6245350 1.3733826 4.1550217 0.8735803 1.6202052 0.9394185 1.6921764 1.6355390 1.1702609 1.3823386 1.1852844 1.3532286 1.4128040 
Scil_scict018988.1                                 1.1990547 1.0296540 0.9917798 1.0084290 0.9211763 0.8785857 0.8545930 1.0081176 0.9399764 1.0191335 1.0982580 1.0507170 1.3951236 0.0000000 0.3187663 0.2700501 0.2654515 0.2729011 0.7920747 0.9732756 1.3642198 0.7444432 1.2414632 1.0121457 1.0552106 1.3898693 1.2133838 1.1661008 1.0093247 1.3351978 1.1827047 1.1305381 1.1667324 1.0965242 1.1176096 1.0724900 1.1688917 1.0939344 1.1597768 1.2227171 1.2165527 1.2106913 1.2027958 1.2064207 1.2089511 1.1038083 1.3616091 1.2708482 1.2918464 0.9254039 1.2235054 0.9468976 1.1911408 1.4665339 1.2808182 1.5316658 1.6679593 1.2766397 1.2195432 1.3919181 1.4732449 1.2777291 
Clacor_Ccor_scaffold4981_01                        0.5607368 0.5045048 0.4675707 0.4260049 0.6388117 0.4915320 0.5014320 0.5131777 0.5451048 0.4903107 0.5297889 0.4918877 5.0602110 0.3187663 0.0000000 0.3533086 0.1411498 0.3466482 0.6589365 0.4775713 0.6898146 0.5443153 0.6297725 0.5209355 0.6249625 1.2218073 0.6021908 0.6991775 0.5086806 0.6897410 0.5695493 0.5927600 0.0000010 0.6591881 0.5926462 0.5623044 0.6354794 0.6401772 0.6566449 0.6566449 0.6531985 0.6505221 0.6513068 0.6513068 0.6339766 0.6970161 0.9338654 1.2444977 0.7667351 0.8793586 0.8533545 0.7781103 0.0000010 0.9355151 0.0000010 0.0000010 1.2292410 0.7043581 0.7915118 1.8806211 0.9208745 0.4579596 
Lcom_lcpid31912                                    1.1359022 0.9743561 0.9762485 0.9758938 0.9175604 0.8749913 0.8596395 1.0256572 0.9610621 1.0039631 1.1135117 0.9985201 1.3618960 0.2700501 0.3533086 0.0000000 0.2508312 0.3132950 0.7938460 1.0012646 1.3588875 0.7369938 1.2399609 1.0561915 1.0372496 1.3434624 1.1336032 1.1608310 1.0061827 1.2984882 1.1724391 1.1185085 1.1260901 1.0516461 1.0540530 0.9946732 1.1176996 1.0344267 1.1376956 1.1941145 1.2068894 1.2035993 1.2078455 1.2218803 1.2303176 1.1070332 1.3289495 1.2342295 1.2500565 0.9064587 1.1746543 0.9199082 1.1807998 1.5534972 1.2551386 1.6734490 1.7785693 1.2432106 1.1505010 1.3833590 1.4435915 1.2399729 
Leuniv_Lniv_C795640_01                             1.1267094 0.9957304 1.0106616 0.8727658 0.9312601 0.9788644 0.9298801 0.9851368 0.9682131 0.9180453 0.9569401 1.0835025 0.8421339 0.2654515 0.1411498 0.2508312 0.0000000 0.2810563 0.7053708 1.0088987 1.3478085 0.0000010 1.5270507 1.1635350 1.2250391 0.0000010 1.0468893 1.1436445 1.0672001 1.0833710 0.9798338 1.0060517 1.2967286 1.1720327 1.1023615 1.1177489 1.0692258 1.0181031 1.0787426 1.2406785 1.1966326 1.1653849 1.1777952 1.1805648 1.1847557 0.9996806 1.3590549 1.0515341 1.2128545 0.0000010 1.2810089 0.8988857 1.1179509 1.3248894 1.4013957 1.2922501 1.3518239 1.2008152 1.0479298 1.1589852 1.5439322 1.2541890 
Gracom_Gcom_scaffold17518_01                       1.2101435 1.0433358 1.0340598 1.0335598 0.9632910 0.9025418 0.8666306 1.0343497 0.9308538 1.0401925 1.1751310 1.0706336 1.5488054 0.2729011 0.3466482 0.3132950 0.2810563 0.0000000 0.7830759 1.0344096 1.3851508 0.7094885 1.2428991 1.0202083 1.0171060 1.3344243 1.1830167 1.1847803 1.0265097 1.3414977 1.1947648 1.1496900 1.2605129 1.0676949 1.1108572 1.0992413 1.1575994 1.1185698 1.1640017 1.2196813 1.2374922 1.2317877 1.2276495 1.2256921 1.2409865 1.1375548 1.3754884 1.1889577 1.3377094 0.9128396 1.1821116 0.9299183 1.0803763 1.6433697 1.3761457 1.7074831 1.8639599 1.2602036 1.1529544 1.4881164 1.5280557 1.2460366 
Ocar_g5253                                         0.5614057 0.5727465 0.5901446 0.5108796 0.7196936 0.6020460 0.5798287 0.6052283 0.4730465 0.6099365 0.6141514 0.6259478 0.4354271 0.7920747 0.6589365 0.7938460 0.7053708 0.7830759 0.0000000 0.1015093 0.8013175 0.4993577 0.7735325 0.7169271 0.7871078 7.3411421 0.7596878 0.7563471 0.6260651 0.6366597 0.6666877 0.6983609 0.5606852 0.7368174 0.7042546 0.4359244 0.6403882 0.6845146 0.6012792 0.6012792 0.5810216 0.5832108 0.5779568 0.5779568 0.5886420 0.6231090 1.0016836 1.4229515 0.8463303 0.9427158 0.8736048 0.8685376 0.6399900 0.8646499 0.8743666 0.8439573 0.9750929 0.6609648 0.7277865 0.7037248 0.8817078 0.5883899 
Opea_EP00118_Oscarella_pearsei_P009119             0.8720790 0.8249309 0.7956732 0.8126233 0.7329821 0.6768425 0.7097851 0.8639006 0.7420872 0.8752132 0.8800639 0.8465496 1.1103978 0.9732756 0.4775713 1.0012646 1.0088987 1.0344096 0.1015093 0.0000000 1.2191825 0.5109141 1.1162581 0.9612334 0.9727672 1.1306572 0.9999099 0.9689764 0.8095722 1.1273167 1.0330510 0.9642983 0.9704819 0.8465396 0.8980726 0.6592099 0.9300878 0.9233590 0.9172591 0.9795068 0.9722880 0.9751811 0.9627843 0.9475291 0.9758593 0.8028265 1.2869084 1.1118198 1.2558743 0.7759011 1.2030539 0.8661371 1.2500631 1.5822132 1.3894503 1.6655461 1.8572531 0.9663439 1.0096990 1.1794188 1.3376469 1.1136301 
Aque_Aqu2.1.26941_001                              1.3504861 1.2550443 1.2076035 1.2469010 1.1805088 1.0128701 1.1048740 1.2813628 1.1105411 1.2372927 1.2983566 1.3019404 1.6925447 1.3642198 0.6898146 1.3588875 1.3478085 1.3851508 0.8013175 1.2191825 0.0000000 0.0825241 0.4746635 0.7317834 0.7920480 0.7732490 1.3937369 1.4445319 1.1413194 1.5679705 1.4395827 1.4246939 1.6451248 1.2296307 1.2202842 1.2230381 1.3804692 1.2410356 1.2735694 1.2999866 1.3034018 1.2947606 1.3120631 1.2935476 1.3186854 1.2609128 1.5450919 1.6074442 1.5940632 1.2235621 1.5268980 1.1563766 1.1707805 2.0331303 1.6606112 1.9558447 1.9710185 1.3211240 1.4914764 1.5372914 1.2255752 1.0684197 
Halamb_c52697_g2_i13mm.4715                        0.7220714 0.6777941 0.5974258 0.5806623 0.8046174 0.5935859 0.5448234 0.5596616 0.7071398 0.5599581 0.6974154 0.6613955 5.0602110 0.7444432 0.5443153 0.7369938 0.0000010 0.7094885 0.4993577 0.5109141 0.0825241 0.0000000 0.2372638 0.3087140 0.3879874 0.0000010 0.7934596 0.8035672 0.7638125 0.6904008 0.6790624 0.6896151 0.0000010 0.7888320 0.6582762 0.5616822 0.7188770 0.7038984 0.6828068 0.6828068 0.6457842 0.6321837 0.6412766 0.6412766 0.6374161 0.7267352 1.0160684 1.0377361 0.7339952 0.6942936 0.8684220 0.8167180 0.0000010 0.0000010 0.0000010 0.0000010 1.8773911 0.8505920 0.8148470 1.7135009 0.4794616 0.3816973 
Xestes_maker-XT_scaffold5288-snap-gene-0.70-mRNA-1 1.2023462 1.0868640 1.0411645 1.0324398 1.0929015 0.9976685 1.0557130 1.0884344 1.0567214 1.0266771 1.0862761 1.1159064 1.2681509 1.2414632 0.6297725 1.2399609 1.5270507 1.2428991 0.7735325 1.1162581 0.4746635 0.2372638 0.0000000 0.7168616 0.7001355 0.4859016 1.2055339 1.2555394 1.0332185 1.2438844 1.1573118 1.1514476 1.5156487 1.1616602 1.0058402 1.1063065 1.1550539 1.1523441 1.0634075 1.1003754 1.1210052 1.1035951 1.1099714 1.1040040 1.1349822 1.1420115 1.5280915 1.4801466 1.3385648 1.1082071 1.4523097 1.1059927 1.2248384 1.8399885 1.7397498 1.8257307 1.7506241 1.1970487 1.0708589 1.3491725 1.0329175 0.8822292 
Tetwil_g25945.t1                                   0.8797220 0.8778118 0.8493953 0.8726810 1.0194036 0.7205778 0.9022864 0.8899889 0.8794306 0.8350681 0.8660629 0.8707726 5.9723250 1.0121457 0.5209355 1.0561915 1.1635350 1.0202083 0.7169271 0.9612334 0.7317834 0.3087140 0.7168616 0.0000000 0.4488414 0.3651458 1.0742466 1.0824100 0.9580576 1.0089322 0.9801854 0.9700283 2.0791339 0.9570865 0.9008316 0.9102477 0.9183784 0.8950656 0.9994412 0.9994412 1.0140402 1.0049170 1.0292418 1.0296022 1.0032818 0.8999911 1.4433715 1.2508592 1.2224405 0.9208244 1.2892027 0.8917158 4.6467731 2.0314523 3.1780399 2.9038301 3.1775748 1.0065727 1.0425208 1.3859172 1.1175768 0.6403289 
Emue_Em0018g1133a.t1                               0.8349488 0.7773217 0.8267143 0.7081697 0.9687177 0.8074048 0.8705403 0.8873047 0.7515133 0.8579395 0.9786650 0.8576833 4.9162354 1.0552106 0.6249625 1.0372496 1.2250391 1.0171060 0.7871078 0.9727672 0.7920480 0.3879874 0.7001355 0.4488414 0.0000000 0.4143658 0.9167386 1.0400703 0.8390919 1.0271766 0.9750474 0.9252929 1.2726078 0.9278967 0.8787436 0.9524756 0.8561269 0.9935552 0.9519755 0.9519755 0.9528626 0.9411653 0.9486578 0.9445928 0.9327511 0.9340457 1.3101705 1.5403758 1.1625620 1.1026534 1.1863431 0.9662107 4.2638036 1.9743620 2.1199586 2.1904378 2.4889123 0.9958402 1.0235618 1.0918594 1.1489839 0.1825419 
Stycar_maker-SC_scaffold14448-snap-gene-0.3-mRNA-1 1.3975968 1.1675622 0.9168682 0.0000010 1.0981385 1.0901345 1.2021954 1.1845725 0.0000010 1.0719463 1.0981385 0.9822419 0.0000010 1.3898693 1.2218073 1.3434624 0.0000010 1.3344243 7.3411421 1.1306572 0.7732490 0.0000010 0.4859016 0.3651458 0.4143658 0.0000000 1.3085590 1.4456235 0.0000010 4.2260776 1.4695884 1.4394792 0.0000010 1.0641150 1.1291687 1.4607092 1.1331873 1.6209353 1.1783139 1.1783139 1.2529275 1.2529275 1.2335709 1.2335709 1.1355229 1.2406545 1.5939584 1.3515153 1.4640600 1.4949238 1.6531107 1.3316456 0.0000010 3.1633290 0.0000010 0.0000010 1.5185435 1.1059144 1.3940282 8.9999985 2.0013020 0.0000010 
Hvul_g31696_1                                      0.9764966 0.8901024 0.7553526 0.7847479 0.7039118 0.6428360 0.6832995 0.8361695 0.6844143 0.8656935 0.9074210 0.8250872 1.3469242 1.2133838 0.6021908 1.1336032 1.0468893 1.1830167 0.7596878 0.9999099 1.3937369 0.7934596 1.2055339 1.0742466 0.9167386 1.3085590 0.0000000 0.3960371 0.4994782 0.7579804 0.6230828 0.6021942 0.5346020 0.7996605 0.9116397 1.0841544 0.8964125 0.8822200 1.0259053 1.0568171 1.0832177 1.0707247 1.0864901 1.1020626 1.1168882 0.9504645 1.2806093 1.4284839 1.2204623 0.9744322 1.1294366 0.9953311 0.9118529 1.4965816 1.0372007 1.5625192 1.6445091 1.0083672 0.9929005 1.1392505 1.3899062 1.1762643 
Chem_TCONS_00047409                                0.9715649 0.8288037 0.7489326 0.7378438 0.7246279 0.6817524 0.7026909 0.7925036 0.7447766 0.7999686 0.8630423 0.8355759 1.2769442 1.1661008 0.6991775 1.1608310 1.1436445 1.1847803 0.7563471 0.9689764 1.4445319 0.8035672 1.2555394 1.0824100 1.0400703 1.4456235 0.3960371 0.0000000 0.5390722 0.6963409 0.6248960 0.5675484 0.6096724 0.8053164 0.8640405 1.0717962 0.9280842 1.0164268 1.0287338 1.0683075 1.0552969 1.0497433 1.0521259 1.0572797 1.0816255 0.9417279 1.3688353 1.5017891 1.1896616 1.0132268 1.2204566 0.9847524 0.9061388 1.4129447 1.1050171 1.4489390 1.4868515 1.0517884 0.9739087 1.0893223 1.3663694 1.1543471 
Aaur_scaffold990.g8.t2                             0.6890285 0.5577563 0.5127706 0.5085552 0.6277603 0.6032999 0.5399686 0.5560118 0.6120095 0.5204325 0.5449255 0.6628970 0.7540389 1.0093247 0.5086806 1.0061827 1.0672001 1.0265097 0.6260651 0.8095722 1.1413194 0.7638125 1.0332185 0.9580576 0.8390919 0.0000010 0.4994782 0.5390722 0.0000000 0.2264072 0.1976163 0.2102234 0.4692082 0.6774544 0.6371214 0.7751598 0.6797990 0.7077195 0.7247671 0.7753439 0.7590653 0.7620120 0.7789984 0.7789984 0.7935698 0.6608059 1.0671501 1.0404706 0.8019485 0.5285136 0.8910787 0.7546983 0.7325063 1.0001037 1.0097296 1.0003053 0.9804249 0.8150809 0.7182055 0.8538335 1.0424279 0.9069763 
Nemnom_g12505.t1                                   1.0039470 0.8977477 0.7714597 0.7273503 0.6991781 0.6353957 0.6454048 0.8809000 0.6348670 0.8346979 0.9147493 0.9333805 1.4613076 1.3351978 0.6897410 1.2984882 1.0833710 1.3414977 0.6366597 1.1273167 1.5679705 0.6904008 1.2438844 1.0089322 1.0271766 4.2260776 0.7579804 0.6963409 0.2264072 0.0000000 0.1018655 0.3362853 0.5320608 0.8144906 0.9112358 1.0858511 1.0588356 0.9832211 1.1517055 1.2213655 1.2245825 1.2217812 1.2401827 1.2563994 1.2410262 0.9771254 1.3534250 1.8711512 1.2479982 0.9106147 1.1478118 0.9663007 0.9445093 1.6069741 1.1221042 1.7392343 1.7068364 1.1176287 1.0942443 1.1278800 1.4774254 1.3106359 
Rhoesc_Res_011359-T1                               0.9045666 0.7720336 0.6547977 0.6873754 0.6008741 0.5535362 0.5619208 0.7534281 0.5538516 0.6990913 0.7526875 0.8049862 1.3649338 1.1827047 0.5695493 1.1724391 0.9798338 1.1947648 0.6666877 1.0330510 1.4395827 0.6790624 1.1573118 0.9801854 0.9750474 1.4695884 0.6230828 0.6248960 0.1976163 0.1018655 0.0000000 0.2670699 0.4593273 0.7186931 0.8319861 1.0390635 0.9104121 0.9062218 0.9852186 1.0223413 1.0265888 1.0219665 1.0253698 1.0391083 1.0605128 0.8240136 1.1955338 1.2102197 1.1254768 0.8304615 1.0531102 0.8966955 0.7956695 1.4937451 1.0239975 1.6108985 1.5137704 0.9716117 0.9629911 1.1463309 1.3932710 1.2305990 
Sanmal_Sma_025485-T1                               0.8988084 0.7390512 0.6533548 0.6287430 0.5986612 0.5568721 0.5423128 0.7105103 0.5345111 0.6822100 0.7567607 0.7777162 1.2591253 1.1305381 0.5927600 1.1185085 1.0060517 1.1496900 0.6983609 0.9642983 1.4246939 0.6896151 1.1514476 0.9700283 0.9252929 1.4394792 0.6021942 0.5675484 0.2102234 0.3362853 0.2670699 0.0000000 0.4355085 0.7278504 0.8145156 0.9856108 0.8534354 0.8542189 1.0059477 1.0479925 1.0692497 1.0570527 1.0731778 1.0777513 1.0690152 0.8058726 1.2262224 1.2747341 1.1437797 0.8750367 1.0881408 0.8864449 0.7999632 1.3973877 0.9818924 1.4827028 1.4048599 1.0043899 0.9373564 1.1163191 1.3773894 1.2203510 
Morvir_scaffold772.g1.t1                           0.8931549 0.7523367 0.6813761 0.6270815 0.7095266 0.7637384 0.6935958 0.7140205 0.7409150 0.6597301 0.7450965 0.8136267 0.6692772 1.1667324 0.0000010 1.1260901 1.2967286 1.2605129 0.5606852 0.9704819 1.6451248 0.0000010 1.5156487 2.0791339 1.2726078 0.0000010 0.5346020 0.6096724 0.4692082 0.5320608 0.4593273 0.4355085 0.0000000 0.9974641 0.7446486 0.9960338 0.8442970 0.7958841 0.7462994 0.8872212 0.9231289 0.9233600 0.9300806 0.9300806 0.9460961 0.7215161 1.2499058 3.9143129 0.9905835 0.0000010 1.1271212 0.2853084 0.8181911 1.1080771 0.9927425 0.9986193 1.0135549 0.9583063 0.8339756 0.8995094 1.4955045 1.1424630 
Ctel_gnl_WGS_AMQN_CAPTEDRAFT_mRNA193806            0.6838234 0.5896549 0.6518954 0.6628673 0.7161149 0.6586884 0.6761093 0.6586386 0.6972677 0.6147376 0.6822908 0.6997326 0.8939490 1.0965242 0.6591881 1.0516461 1.1720327 1.0676949 0.7368174 0.8465396 1.2296307 0.7888320 1.1616602 0.9570865 0.9278967 1.0641150 0.7996605 0.8053164 0.6774544 0.8144906 0.7186931 0.7278504 0.9974641 0.0000000 0.5480323 0.8907134 0.6666368 0.7208663 0.7952063 0.8472780 0.8584895 0.8572777 0.8612459 0.8688738 0.8776044 0.6764015 1.2000521 1.2417251 1.0580739 0.8817878 1.1665664 0.8844296 0.8941098 1.1125361 1.0470068 1.2123838 1.1239193 0.7407736 0.7852591 0.7632513 1.2939033 0.9284188 
Cgig_XM_011419328.3                                0.7293941 0.6472591 0.7309495 0.7704033 0.6728035 0.6396043 0.6446392 0.8019014 0.7176095 0.7604817 0.8932631 0.8319299 1.2629227 1.1176096 0.5926462 1.0540530 1.1023615 1.1108572 0.7042546 0.8980726 1.2202842 0.6582762 1.0058402 0.9008316 0.8787436 1.1291687 0.9116397 0.8640405 0.6371214 0.9112358 0.8319861 0.8145156 0.7446486 0.5480323 0.0000000 0.9114168 0.7039657 0.6917364 0.9255157 0.9833458 0.9908987 0.9855240 0.9954607 1.0115628 0.9950414 0.7288638 1.2397227 1.1583122 1.1384942 0.8448580 1.1432916 0.8281538 0.9833829 1.4045511 1.0887298 1.5464963 1.5316519 0.8032208 0.8764967 0.6670902 1.2799695 1.0970042 
Plajan_Pjan_scaffold8300_01                        0.9129138 0.8692327 0.8877273 0.8236438 0.8217818 0.7670913 0.7776005 0.9555018 0.8866657 0.9622667 1.0590329 0.9399565 1.2795979 1.0724900 0.5623044 0.9946732 1.1177489 1.0992413 0.4359244 0.6592099 1.2230381 0.5616822 1.1063065 0.9102477 0.9524756 1.4607092 1.0841544 1.0717962 0.7751598 1.0858511 1.0390635 0.9856108 0.9960338 0.8907134 0.9114168 0.0000000 0.9279898 0.9615064 0.9908760 1.0356979 1.0297593 1.0189998 1.0353003 1.0381252 0.9998080 0.9316226 1.3858349 1.3044650 1.3727132 0.8635725 1.2507438 1.0013189 1.1563870 1.6229015 1.3641131 1.6878702 1.8721858 1.0565060 1.1222406 1.1351521 1.2869741 1.1435670 
Cscu_XM_023373348.1                                0.7256614 0.6073043 0.6929180 0.7182405 0.6663061 0.6263736 0.6016012 0.7708875 0.6351611 0.7940973 0.9926224 0.7707050 1.1369736 1.1688917 0.6354794 1.1176996 1.0692258 1.1575994 0.6403882 0.9300878 1.3804692 0.7188770 1.1550539 0.9183784 0.8561269 1.1331873 0.8964125 0.9280842 0.6797990 1.0588356 0.9104121 0.8534354 0.8442970 0.6666368 0.7039657 0.9279898 0.0000000 0.6966270 0.8983356 0.9446620 0.9702685 0.9807097 0.9840899 0.9921283 0.9926731 0.7021132 1.2842407 1.1440155 1.2328273 0.8616228 1.1230716 0.8935267 1.0121763 1.5107707 1.0132200 1.4933643 1.5936720 0.7608307 0.9124358 0.8924685 1.4131900 1.1346308 
Dpul_mRNA2287                                      0.7403225 0.6973394 0.7603594 0.7712781 0.7623690 0.7175514 0.7381786 0.8227958 0.7107886 0.8070014 0.8658921 0.8641091 1.0827071 1.0939344 0.6401772 1.0344267 1.0181031 1.1185698 0.6845146 0.9233590 1.2410356 0.7038984 1.1523441 0.8950656 0.9935552 1.6209353 0.8822200 1.0164268 0.7077195 0.9832211 0.9062218 0.8542189 0.7958841 0.7208663 0.6917364 0.9615064 0.6966270 0.0000000 0.8498011 0.8954929 0.9123162 0.8941354 0.8860458 0.8825619 0.9248600 0.7802124 1.3454194 1.3390238 1.1565932 1.0267140 1.2172253 1.0361408 1.1364315 1.3173389 0.9970597 1.3273863 1.3338464 0.7135022 0.9049482 0.9031962 1.3249313 1.0462388 
Tadh_TriadT55823                                   0.9473291 0.8778728 0.8344792 0.8218151 0.7601353 0.6634508 0.7177664 0.8967124 0.7018834 0.9058937 0.9412175 0.8379301 1.0949452 1.1597768 0.6566449 1.1376956 1.0787426 1.1640017 0.6012792 0.9172591 1.2735694 0.6828068 1.0634075 0.9994412 0.9519755 1.1783139 1.0259053 1.0287338 0.7247671 1.1517055 0.9852186 1.0059477 0.7462994 0.7952063 0.9255157 0.9908760 0.8983356 0.8498011 0.0000000 0.0000010 0.1146333 0.1131107 0.1148403 0.1215328 0.1265790 0.8831018 1.3200204 1.1021265 1.2855431 0.7743175 1.2083702 0.9310500 0.9238430 1.6815570 1.2596946 1.6770141 1.8465599 1.0211507 0.9989286 1.2605916 1.2083570 1.1303054 
TrH2_TrispH2_005376-RA                             0.9951063 0.9336130 0.8816053 0.8701368 0.8272536 0.7288985 0.7657275 0.9459147 0.8146120 0.9517749 1.0117771 0.8851310 1.0949452 1.2227171 0.6566449 1.1941145 1.2406785 1.2196813 0.6012792 0.9795068 1.2999866 0.6828068 1.1003754 0.9994412 0.9519755 1.1783139 1.0568171 1.0683075 0.7753439 1.2213655 1.0223413 1.0479925 0.8872212 0.8472780 0.9833458 1.0356979 0.9446620 0.8954929 0.0000010 0.0000000 0.1245187 0.1216602 0.1240952 0.1309604 0.1345686 0.9450241 1.3585568 1.1021265 1.3177153 0.7743175 1.2322600 0.9310500 1.2061067 1.7547582 1.3791751 1.7557282 1.8990314 1.0472666 1.0460631 1.3252044 1.2576859 1.1864596 
HoiH06_mRNA4020                                    1.0019505 0.9063026 0.8615195 0.8791285 0.7764246 0.6800784 0.7214275 0.9311507 0.7825891 0.9380431 0.9870611 0.9074098 1.1816109 1.2165527 0.6531985 1.2068894 1.1966326 1.2374922 0.5810216 0.9722880 1.3034018 0.6457842 1.1210052 1.0140402 0.9528626 1.2529275 1.0832177 1.0552969 0.7590653 1.2245825 1.0265888 1.0692497 0.9231289 0.8584895 0.9908987 1.0297593 0.9702685 0.9123162 0.1146333 0.1245187 0.0000000 0.0365894 0.0563003 0.0626421 0.0738202 0.9294727 1.3666516 1.1129266 1.3309145 0.7956209 1.2547799 0.8796893 1.1794574 1.6696220 1.4069946 1.8176544 1.9804772 1.0346244 1.0690098 1.2958909 1.2499004 1.1876774 
HoiH23_PlH23_001674-RA                             0.9967793 0.9105211 0.8472665 0.8702730 0.7828592 0.6640672 0.7222545 0.9226740 0.7711503 0.9316264 0.9734815 0.9249737 1.2277273 1.2106913 0.6505221 1.2035993 1.1653849 1.2317877 0.5832108 0.9751811 1.2947606 0.6321837 1.1035951 1.0049170 0.9411653 1.2529275 1.0707247 1.0497433 0.7620120 1.2217812 1.0219665 1.0570527 0.9233600 0.8572777 0.9855240 1.0189998 0.9807097 0.8941354 0.1131107 0.1216602 0.0365894 0.0000000 0.0504789 0.0578158 0.0826546 0.9240158 1.3620034 1.1129266 1.3237330 0.7909591 1.2424292 0.8793247 1.1425998 1.6444812 1.4016668 1.8208220 1.9429301 1.0265417 1.0594146 1.2960826 1.2323022 1.1983400 
Hhon_g00936.t1                                     0.9893435 0.9203535 0.8629495 0.8793447 0.7917213 0.6747300 0.7263471 0.9333411 0.7864194 0.9407275 0.9846786 0.9062443 1.1844872 1.2027958 0.6513068 1.2078455 1.1777952 1.2276495 0.5779568 0.9627843 1.3120631 0.6412766 1.1099714 1.0292418 0.9486578 1.2335709 1.0864901 1.0521259 0.7789984 1.2401827 1.0253698 1.0731778 0.9300806 0.8612459 0.9954607 1.0353003 0.9840899 0.8860458 0.1148403 0.1240952 0.0563003 0.0504789 0.0000000 0.0075547 0.0859726 0.9402463 1.3577924 1.1120189 1.3117011 0.7943308 1.2522026 0.8804751 1.1840977 1.6886024 1.3840965 1.8079823 1.9540775 1.0350965 1.0730650 1.3157885 1.2319963 1.1784495 
HoiH04_mRNA3110                                    0.9932164 0.9312342 0.8672952 0.8797936 0.7913504 0.6743808 0.7211222 0.9305074 0.7857032 0.9389048 0.9842290 0.9182293 1.2112429 1.2064207 0.6513068 1.2218803 1.1805648 1.2256921 0.5779568 0.9475291 1.2935476 0.6412766 1.1040040 1.0296022 0.9445928 1.2335709 1.1020626 1.0572797 0.7789984 1.2563994 1.0391083 1.0777513 0.9300806 0.8688738 1.0115628 1.0381252 0.9921283 0.8825619 0.1215328 0.1309604 0.0626421 0.0578158 0.0075547 0.0000000 0.0923058 0.9476678 1.3410133 1.1120189 1.3129352 0.7943308 1.2535161 0.8804751 1.1840977 1.6713205 1.3840965 1.7973193 1.9626469 1.0455288 1.0774784 1.3449032 1.2575367 1.1749759 
HoiH11_mRNA2443                                    0.9763454 0.9176844 0.8930235 0.8881307 0.7963767 0.6839287 0.7407448 0.9298448 0.7693809 0.9487880 1.0135635 0.9212152 1.1838755 1.2089511 0.6339766 1.2303176 1.1847557 1.2409865 0.5886420 0.9758593 1.3186854 0.6374161 1.1349822 1.0032818 0.9327511 1.1355229 1.1168882 1.0816255 0.7935698 1.2410262 1.0605128 1.0690152 0.9460961 0.8776044 0.9950414 0.9998080 0.9926731 0.9248600 0.1265790 0.1345686 0.0738202 0.0826546 0.0859726 0.0923058 0.0000000 0.9756260 1.3821572 1.1886165 1.3604632 0.7666520 1.2660218 0.8938596 1.1771231 1.7067866 1.4026590 1.8527798 1.9646137 1.0633110 1.0991872 1.2777366 1.2214477 1.1843156 
Skow_XM_006814104.1                                0.7178635 0.6231741 0.6195406 0.6630353 0.6237390 0.5862696 0.5769972 0.6921482 0.5767852 0.7020002 0.7686937 0.6931048 0.9592256 1.1038083 0.6970161 1.1070332 0.9996806 1.1375548 0.6231090 0.8028265 1.2609128 0.7267352 1.1420115 0.8999911 0.9340457 1.2406545 0.9504645 0.9417279 0.6608059 0.9771254 0.8240136 0.8058726 0.7215161 0.6764015 0.7288638 0.9316226 0.7021132 0.7802124 0.8831018 0.9450241 0.9294727 0.9240158 0.9402463 0.9476678 0.9756260 0.0000000 1.3182903 1.4728003 1.2068924 1.0406051 1.2021478 0.9395332 1.0318901 1.3587118 1.1216398 1.5197058 1.5282698 0.8365145 0.7910987 0.9724792 1.2753709 1.1385742 
Mlei_ML1134.g17.i1                                 1.3628081 1.1861359 1.1350349 1.1667105 1.1308557 1.1252461 1.1913151 1.1776823 1.2051395 1.1723527 1.1655263 1.2424809 1.2916635 1.3616091 0.9338654 1.3289495 1.3590549 1.3754884 1.0016836 1.2869084 1.5450919 1.0160684 1.5280915 1.4433715 1.3101705 1.5939584 1.2806093 1.3688353 1.0671501 1.3534250 1.1955338 1.2262224 1.2499058 1.2000521 1.2397227 1.3858349 1.2842407 1.3454194 1.3200204 1.3585568 1.3666516 1.3620034 1.3577924 1.3410133 1.3821572 1.3182903 0.0000000 0.4675614 0.4834606 0.4278459 0.4952100 0.4684473 0.3970003 0.5650328 0.5196200 0.6079391 0.7516820 1.3887043 1.3640088 1.6019554 1.7292255 1.3084636 
Bolinf_Binf_sb1220243                              1.1835264 1.2482483 1.0257760 0.9872289 1.6102283 1.2486529 1.2512866 1.2844209 0.0000010 1.1786375 1.4127067 1.1849447 3.9143129 1.2708482 1.2444977 1.2342295 1.0515341 1.1889577 1.4229515 1.1118198 1.6074442 1.0377361 1.4801466 1.2508592 1.5403758 1.3515153 1.4284839 1.5017891 1.0404706 1.8711512 1.2102197 1.2747341 3.9143129 1.2417251 1.1583122 1.3044650 1.1440155 1.3390238 1.1021265 1.1021265 1.1129266 1.1129266 1.1120189 1.1120189 1.1886165 1.4728003 0.4675614 0.0000000 0.1356420 0.1749102 0.1985831 0.2554624 0.0000010 0.9894040 0.0000010 0.0000010 2.5762238 1.2856163 1.5822288 8.9999982 2.2136609 1.0096527 
Lampan_Lpan_7276_01                                1.3058877 1.1155412 1.0414518 1.0571515 0.9731811 0.9574058 0.9788275 1.1412182 0.8916160 1.1579481 1.1926414 1.2351788 1.6868058 1.2918464 0.7667351 1.2500565 1.2128545 1.3377094 0.8463303 1.2558743 1.5940632 0.7339952 1.3385648 1.2224405 1.1625620 1.4640600 1.2204623 1.1896616 0.8019485 1.2479982 1.1254768 1.1437797 0.9905835 1.0580739 1.1384942 1.3727132 1.2328273 1.1565932 1.2855431 1.3177153 1.3309145 1.3237330 1.3117011 1.3129352 1.3604632 1.2068924 0.4834606 0.1356420 0.0000000 0.2046441 0.3386728 0.2336857 0.3144504 0.4369093 0.3329648 0.4907087 0.5985617 1.2352905 1.3362426 1.4288141 1.6612095 1.3322428 
Drygla_Dgla_sb302753                               0.9938560 0.8562942 0.8931950 0.5836641 1.1297796 1.0160423 0.9797463 0.9874985 0.0000010 0.9892522 1.0432057 1.0012799 3.6245350 0.9254039 0.8793586 0.9064587 0.0000010 0.9128396 0.9427158 0.7759011 1.2235621 0.6942936 1.1082071 0.9208244 1.1026534 1.4949238 0.9744322 1.0132268 0.5285136 0.9106147 0.8304615 0.8750367 0.0000010 0.8817878 0.8448580 0.8635725 0.8616228 1.0267140 0.7743175 0.7743175 0.7956209 0.7909591 0.7943308 0.7943308 0.7666520 1.0406051 0.4278459 0.1749102 0.2046441 0.0000000 0.2185251 0.2980580 0.0000010 1.5521008 1.7799986 1.7799986 2.3088610 1.0345606 1.1001227 8.9999987 1.3584568 0.6624293 
Beraby_Baby_sb343463                               1.1778737 1.1005125 1.0817629 1.0208344 1.0811224 1.0711274 1.1593927 1.1385160 1.0598273 1.1600464 1.1112414 1.0807115 1.3733826 1.2235054 0.8533545 1.1746543 1.2810089 1.1821116 0.8736048 1.2030539 1.5268980 0.8684220 1.4523097 1.2892027 1.1863431 1.6531107 1.1294366 1.2204566 0.8910787 1.1478118 1.0531102 1.0881408 1.1271212 1.1665664 1.1432916 1.2507438 1.1230716 1.2172253 1.2083702 1.2322600 1.2547799 1.2424292 1.2522026 1.2535161 1.2660218 1.2021478 0.4952100 0.1985831 0.3386728 0.2185251 0.0000000 0.2776085 0.3753172 0.4329497 0.3954081 0.4611465 0.6308744 1.2682157 1.1986375 1.4410496 1.5275607 1.1776543 
Vmul_Simscaffold15484_01                           0.8579868 0.7670163 0.7587383 0.6609044 1.0036059 0.8615258 0.8482240 0.8417948 0.7381492 0.8624399 0.8993119 0.8379481 4.1550217 0.9468976 0.7781103 0.9199082 0.8988857 0.9299183 0.8685376 0.8661371 1.1563766 0.8167180 1.1059927 0.8917158 0.9662107 1.3316456 0.9953311 0.9847524 0.7546983 0.9663007 0.8966955 0.8864449 0.2853084 0.8844296 0.8281538 1.0013189 0.8935267 1.0361408 0.9310500 0.9310500 0.8796893 0.8793247 0.8804751 0.8804751 0.8938596 0.9395332 0.4684473 0.2554624 0.2336857 0.2980580 0.2776085 0.0000000 0.0000010 0.3898956 0.3591826 0.3227264 1.0616194 1.0513673 1.0263490 1.4363533 1.2321629 0.8022801 
Pbac_sb2647707                                     1.1729204 1.0104029 0.9418424 1.0329556 0.9672347 0.8994515 0.8863514 0.8628010 0.9527404 0.8675882 0.9705650 0.9958224 0.8735803 1.1911408 0.0000010 1.1807998 1.1179509 1.0803763 0.6399900 1.2500631 1.1707805 0.0000010 1.2248384 4.6467731 4.2638036 0.0000010 0.9118529 0.9061388 0.7325063 0.9445093 0.7956695 0.7999632 0.8181911 0.8941098 0.9833829 1.1563870 1.0121763 1.1364315 0.9238430 1.2061067 1.1794574 1.1425998 1.1840977 1.1840977 1.1771231 1.0318901 0.3970003 0.0000010 0.3144504 0.0000010 0.3753172 0.0000010 0.0000000 0.0204941 0.3668494 0.3668494 0.3421080 1.2334248 0.9409966 1.1462165 1.5688609 1.0060084 
Horcal_Hcv1.av93.c4.g509.i2                        1.5271056 1.2595619 1.2803586 1.3153922 1.0773626 1.1315074 1.0756063 1.2789933 1.0205191 1.3779162 1.4174649 1.4797166 1.6202052 1.4665339 0.9355151 1.5534972 1.3248894 1.6433697 0.8646499 1.5822132 2.0331303 0.0000010 1.8399885 2.0314523 1.9743620 3.1633290 1.4965816 1.4129447 1.0001037 1.6069741 1.4937451 1.3973877 1.1080771 1.1125361 1.4045511 1.6229015 1.5107707 1.3173389 1.6815570 1.7547582 1.6696220 1.6444812 1.6886024 1.6713205 1.7067866 1.3587118 0.5650328 0.9894040 0.4369093 1.5521008 0.4329497 0.3898956 0.0204941 0.0000000 0.3644203 0.5274533 0.5585960 1.4567715 1.3528226 1.4512485 1.9053641 1.6798155 
Coeast_Cast_sb772081                               1.1999213 0.9764481 1.0279581 0.9790219 0.9316815 1.1321079 0.9776302 0.9599581 1.0024766 0.9413218 0.9667412 1.0908981 0.9394185 1.2808182 0.0000010 1.2551386 1.4013957 1.3761457 0.8743666 1.3894503 1.6606112 0.0000010 1.7397498 3.1780399 2.1199586 0.0000010 1.0372007 1.1050171 1.0097296 1.1221042 1.0239975 0.9818924 0.9927425 1.0470068 1.0887298 1.3641131 1.0132200 0.9970597 1.2596946 1.3791751 1.4069946 1.4016668 1.3840965 1.3840965 1.4026590 1.1216398 0.5196200 0.0000010 0.3329648 1.7799986 0.3954081 0.3591826 0.3668494 0.3644203 0.0000000 0.0176551 0.3290866 1.1977311 1.0232169 1.1549521 1.6511432 1.4589096 
Coemet_Cmet_scaffold6303_01                        1.7052189 1.4287837 1.4004162 1.3991205 0.9248524 1.0294379 1.1114845 1.4160514 0.8983237 1.5244198 1.5083580 1.5398576 1.6921764 1.5316658 0.0000010 1.6734490 1.2922501 1.7074831 0.8439573 1.6655461 1.9558447 0.0000010 1.8257307 2.9038301 2.1904378 0.0000010 1.5625192 1.4489390 1.0003053 1.7392343 1.6108985 1.4827028 0.9986193 1.2123838 1.5464963 1.6878702 1.4933643 1.3273863 1.6770141 1.7557282 1.8176544 1.8208220 1.8079823 1.7973193 1.8527798 1.5197058 0.6079391 0.0000010 0.4907087 1.7799986 0.4611465 0.3227264 0.3668494 0.5274533 0.0176551 0.0000000 0.5157110 1.5878828 1.5215031 1.5748881 2.1767510 1.8399569 
Eupdun_Edun_sb10678135                             1.8316345 1.3690873 1.3483820 1.3189889 0.9329387 1.0777221 1.1605190 1.4313407 0.9154197 1.4443045 1.5346031 1.5669707 1.6355390 1.6679593 1.2292410 1.7785693 1.3518239 1.8639599 0.9750929 1.8572531 1.9710185 1.8773911 1.7506241 3.1775748 2.4889123 1.5185435 1.6445091 1.4868515 0.9804249 1.7068364 1.5137704 1.4048599 1.0135549 1.1239193 1.5316519 1.8721858 1.5936720 1.3338464 1.8465599 1.8990314 1.9804772 1.9429301 1.9540775 1.9626469 1.9646137 1.5282698 0.7516820 2.5762238 0.5985617 2.3088610 0.6308744 1.0616194 0.3421080 0.5585960 0.3290866 0.5157110 0.0000000 1.5713679 1.5151058 1.6640132 2.1938479 2.1143661 
Tcas_TC009783_001                                  0.8570778 0.7587306 0.8623360 0.8606905 0.8106782 0.7535728 0.8145282 0.9129502 0.8024210 0.9159284 0.9039944 0.9048095 1.1702609 1.2766397 0.7043581 1.2432106 1.2008152 1.2602036 0.6609648 0.9663439 1.3211240 0.8505920 1.1970487 1.0065727 0.9958402 1.1059144 1.0083672 1.0517884 0.8150809 1.1176287 0.9716117 1.0043899 0.9583063 0.7407736 0.8032208 1.0565060 0.7608307 0.7135022 1.0211507 1.0472666 1.0346244 1.0265417 1.0350965 1.0455288 1.0633110 0.8365145 1.3887043 1.2856163 1.2352905 1.0345606 1.2682157 1.0513673 1.2334248 1.4567715 1.1977311 1.5878828 1.5713679 0.0000000 0.9768688 1.0051652 1.4881793 1.2552184 
Spur_XM_030975367.1                                1.0004378 0.8304631 0.8892980 0.8430799 0.7276189 0.7244500 0.7484718 0.9202329 0.7088718 0.8945182 0.9311521 0.9607635 1.3823386 1.2195432 0.7915118 1.1505010 1.0479298 1.1529544 0.7277865 1.0096990 1.4914764 0.8148470 1.0708589 1.0425208 1.0235618 1.3940282 0.9929005 0.9739087 0.7182055 1.0942443 0.9629911 0.9373564 0.8339756 0.7852591 0.8764967 1.1222406 0.9124358 0.9049482 0.9989286 1.0460631 1.0690098 1.0594146 1.0730650 1.0774784 1.0991872 0.7910987 1.3640088 1.5822288 1.3362426 1.1001227 1.1986375 1.0263490 0.9409966 1.3528226 1.0232169 1.5215031 1.5151058 0.9768688 0.0000000 1.1321329 1.4269727 1.1924133 
