76
Hsap_ENST00000374617                                    0.0000000 1.2134925 1.2523452 1.0787460 1.5503244 1.2352845 1.3076220 1.3415198 1.4118579 1.3770656 1.3452516 1.5292051 1.2965131 1.7528946 1.3464813 1.4017959 1.2920693 1.3795663 1.4032989 1.4442360 1.5653356 1.5219391 1.5867547 1.6101016 1.8550765 2.8896728 1.6426301 1.3378737 1.7664459 1.6773555 1.6910207 1.4002528 1.4824468 2.0362986 1.9521348 2.0494198 1.9801964 1.9251338 1.9391707 1.9513664 1.9139198 1.6147443 1.8397798 1.7065221 2.0658404 1.9619649 2.2513555 1.7829929 1.7421789 1.7681274 1.7044597 1.6024232 1.6624101 1.6846560 1.9854742 1.8734074 1.7952492 1.8505135 1.8905828 1.8556231 1.8561616 1.5947413 1.7715998 1.7619945 1.7397661 1.7740766 1.9135624 1.8473072 1.4386069 1.4927161 1.4358276 1.6896367 1.3851870 1.7489881 1.7631854 2.3802615 
Bralan_BLAG04001160_1                                   1.2134925 0.0000000 0.9902710 0.8743966 1.3222352 1.0943711 1.0924725 1.0187320 1.1868619 1.2454715 1.2455909 1.3792256 1.2932448 1.4583982 1.2495725 1.2570266 1.3189577 1.2974827 1.4635303 1.5054161 1.2980224 1.3752572 1.2952557 1.4698662 1.5486017 4.2958466 1.6092402 1.5466416 1.8705955 1.8251869 1.7250755 1.4791766 1.7900811 1.9727389 2.0425753 1.9406368 1.8930344 2.0249419 1.8904989 1.9854899 2.0423403 1.6388184 1.8533395 1.8139754 2.0796050 1.9635990 2.0102319 1.7664590 1.7848761 1.7857208 1.8345336 1.8101712 1.8083855 1.8264331 1.9383916 1.7541635 1.8620985 1.7752229 1.8064687 1.8362213 1.7904880 1.6570859 1.7653856 1.6843452 1.6908982 1.8008724 1.9793516 1.5425042 1.5551879 1.4422862 1.5066630 1.7060225 1.2479829 1.9462121 1.7382986 2.0691841 
Spur_XM_030997477.1                                     1.2523452 0.9902710 0.0000000 0.6927535 1.2060907 1.1558971 1.0162270 1.1168218 1.2411876 1.2098044 1.0555216 1.3239869 1.1827841 1.3564567 1.2335328 1.2657543 1.1793172 1.2230231 1.1915555 1.3077387 1.2158345 1.2214540 1.2673259 1.4094180 1.4251761 2.6611619 1.3612305 1.2277383 1.7514549 1.6856814 1.5962043 1.2211623 1.5780936 1.8011667 1.7673524 1.7985677 1.6566877 1.7495580 1.9006301 1.8434454 1.8959907 1.4943384 1.6672231 1.7246541 1.9170246 1.9422545 1.9983396 1.5777610 1.6912104 1.7015065 1.6750440 1.5936642 1.6074102 1.6236976 1.8287854 1.6928814 1.7455886 1.5950190 1.6180804 1.6968333 1.6064887 1.4057639 1.5013683 1.7022850 1.6940265 1.6935671 1.8272601 1.4872706 1.3509714 1.3704468 1.3871907 1.5101312 1.1126047 1.6065014 2.0027459 2.5073297 
Skow_XM_002740905.2                                     1.0787460 0.8743966 0.6927535 0.0000000 1.1444066 1.0829895 1.1128903 1.0596149 1.1444225 1.2282725 1.0774847 1.2319449 1.0770578 1.4392831 1.1828106 1.1945983 1.1723340 1.2186590 1.1264295 1.2871484 1.1585540 1.2424714 1.1981207 1.3499289 1.3976633 2.6182725 1.3812766 1.2459787 1.4494041 1.4492005 1.5387577 1.1760404 1.4105862 1.5894864 1.7318532 1.7597192 1.6167870 1.6388196 1.6727360 1.6688427 1.7279817 1.3734821 1.6539509 1.5861871 1.8383449 1.7564443 1.7575915 1.4816014 1.5311893 1.5437553 1.5529037 1.4882847 1.5227155 1.5478101 1.6742331 1.6054649 1.6517199 1.5546656 1.5863114 1.4790620 1.5708210 1.3461719 1.4884297 1.5271250 1.5080506 1.4786718 1.4770590 1.3524767 1.2442523 1.2503964 1.3121688 1.3465364 1.0646700 1.3247168 1.7515959 2.1492184 
Tcas_TC000313_001                                       1.5503244 1.3222352 1.2060907 1.1444066 0.0000000 0.9815503 1.1762762 1.0951815 1.2151756 1.4532887 1.2490194 1.3995150 1.3223479 1.3962165 1.3848128 1.3181629 1.5142667 1.3855409 1.5839995 1.6717495 1.4099752 1.5381442 1.5171322 1.8701853 1.6562986 3.1122147 1.6662691 1.6672481 1.8501998 1.7844255 1.8608448 1.4259448 1.5954425 2.0404140 1.9193590 2.0828458 1.9683810 2.1435107 1.9640490 1.9056593 1.9813004 1.5061032 1.8903404 2.0096927 2.1451513 1.8276524 2.0436849 1.8484031 1.7985009 1.8048226 2.0217729 1.9070585 1.9350582 1.9508994 2.0091870 2.0033276 2.0413303 1.9023454 1.9224053 1.8973048 1.9525063 1.7712879 1.8088073 1.8662951 1.8622694 2.0506503 2.3526712 1.9118002 1.6678515 1.6458355 1.6131492 1.9758530 0.9745696 1.6784881 2.2331021 2.4089870 
Cscu_XM_023388753.1                                     1.2352845 1.0943711 1.1558971 1.0829895 0.9815503 0.0000000 1.0311687 1.0562024 1.1613406 1.2349085 1.3634879 1.3772946 1.3769167 0.6626914 1.2638241 1.2007895 1.4382341 1.3792227 1.3042010 1.3746968 1.3261354 1.3713914 1.3496829 1.5041937 1.4174028 0.0000010 1.4445552 1.6411704 1.6598481 1.6641005 1.5263886 1.2459050 1.6685860 1.6537019 1.7684222 1.7869649 1.6724578 1.6640369 1.5487008 1.5941967 1.7519521 1.2038132 1.6571666 1.5505961 1.8357909 1.6927834 1.7395729 1.7423324 1.5704272 1.5647787 1.5673501 1.5301384 1.6405454 1.6725041 1.6811048 1.8092951 1.6320493 1.6281312 1.6281312 1.6239801 1.6573899 1.6012369 1.6044397 1.6117974 1.6162343 1.6312891 1.8285759 1.6379726 1.5044776 1.5482329 1.5023525 1.8709865 0.8617642 1.3413536 2.2700256 2.1240585 
Ctel_gnl_WGS_AMQN_CAPTEDRAFT_mRNA182026                 1.3076220 1.0924725 1.0162270 1.1128903 1.1762762 1.0311687 0.0000000 0.8670997 1.0310390 1.3206060 1.2231199 1.4624835 1.3807818 1.5896068 1.4208146 1.3302189 1.4925434 1.4236046 1.3189039 1.5460533 1.2981909 1.4352978 1.3817087 1.5709636 1.3666864 2.9371722 1.5895126 1.4421979 1.7832683 1.6649259 1.6933829 1.2936023 1.5335181 1.8502680 1.8715666 2.0927229 1.9602652 1.8751970 1.9251456 1.8414162 1.9802343 1.3425578 1.7142334 1.6751585 1.9878211 1.8608161 1.9039898 1.6755209 1.6767317 1.6920937 1.6054869 1.5319915 1.5916988 1.6208646 1.8218241 1.7246990 1.9592245 1.8422593 1.8719341 1.7977341 1.8162215 1.5583545 1.7481882 1.8312881 1.8399419 1.7819540 1.5668351 1.5991474 1.3770194 1.3507780 1.3476443 1.5984271 0.9669087 1.7548226 1.8666800 1.9124391 
Acagra_model.g20843.t1                                  1.3415198 1.0187320 1.1168218 1.0596149 1.0951815 1.0562024 0.8670997 0.0000000 0.8951834 1.3295799 1.1939685 1.4362560 1.2900793 1.6465810 1.3441511 1.3568028 1.4316695 1.3573717 1.2674373 1.3575222 1.4195907 1.5050421 1.4242359 1.4874311 1.6378650 2.5022966 1.3391407 1.3871031 1.6934056 1.6582861 1.7323394 1.3075998 1.6094966 1.9594898 2.0267529 2.0081524 1.8601461 2.0491861 1.8666868 2.0260446 2.2085998 1.4965498 1.7683854 1.9100634 2.0777100 1.8327265 2.0326219 1.7372172 1.7409716 1.7417828 1.7280578 1.6408635 1.7240950 1.7525252 1.8478719 1.7663128 1.7296140 1.6230401 1.6437340 1.7199289 1.6986552 1.5628936 1.6749796 1.6961947 1.6992932 1.5687252 1.8918427 1.6390664 1.6028991 1.6159427 1.5568586 1.7139093 1.0829026 1.7764330 1.5947011 2.1970617 
Cgig_XM_011453542.3                                     1.4118579 1.1868619 1.2411876 1.1444225 1.2151756 1.1613406 1.0310390 0.8951834 0.0000000 1.4319928 1.2702082 1.5686567 1.3825383 1.6074340 1.4850673 1.4727267 1.3793613 1.4349684 1.4328241 1.4671902 1.5253773 1.5888369 1.5774484 1.6138588 1.7321715 3.7026537 1.5710304 1.5027083 1.7974823 1.7756872 1.7068439 1.2607544 1.5449138 1.9328818 2.0146473 2.1763636 2.0214502 2.0920699 1.8015464 2.0128258 2.0939121 1.5802886 1.8204813 1.8742642 2.1507416 1.8715175 2.1050164 1.8484731 1.8526215 1.8535201 1.9522318 1.9053338 1.9650841 1.9965892 1.9024573 1.8834447 1.7168321 1.6573247 1.6878178 1.6787449 1.7421373 1.6402888 1.6802242 1.6966114 1.6977895 1.6405141 1.8936396 1.7852820 1.6154642 1.5784657 1.4648116 1.7840627 1.1395474 1.8101889 1.6568686 2.1425999 
Exapal_XM_021045660.2                                   1.3770656 1.2454715 1.2098044 1.2282725 1.4532887 1.2349085 1.3206060 1.3295799 1.4319928 0.0000000 0.4114895 0.6838167 0.6645290 0.7330023 0.5509723 0.5737946 0.6218708 0.6026281 0.8300649 0.8892398 0.7363351 0.8110097 0.7558577 0.9548479 0.9675675 1.5298428 1.0067345 0.8502174 1.1044224 1.0908755 1.0307367 0.9105812 1.3033321 1.3812761 1.5247268 1.2455790 1.1800829 1.2008920 1.1565200 1.2716338 1.2307239 0.8506478 1.0026239 1.2037933 1.2503842 1.2490329 1.2608683 1.1701485 1.2041679 1.1975076 1.1131393 1.0988954 1.0941180 1.1103216 1.2867392 1.1894914 1.3367828 1.2499488 1.2740631 1.2493067 1.2903708 1.0478228 1.2033203 1.3256090 1.3202147 1.1035981 0.9847614 1.0158318 1.1297544 1.1098785 1.1238518 1.2576460 1.3177179 1.0473754 1.6547890 1.5494071 
Nvec_v1g118309                                          1.3452516 1.2455909 1.0555216 1.0774847 1.2490194 1.3634879 1.2231199 1.1939685 1.2702082 0.4114895 0.0000000 0.5955470 0.5959400 0.4157769 0.5121794 0.4553652 0.5708934 0.5249457 0.7844689 0.8144649 0.6795466 0.7197475 0.7537573 0.8966880 0.8693626 0.5537793 0.8347984 0.9511561 1.1265148 1.1480725 0.9988052 0.7769457 1.2713648 1.2541228 1.3938834 1.1893103 1.1972306 1.0962280 1.1195926 1.0957389 1.1425834 0.7295441 0.9456067 1.1207131 1.2654026 1.1776285 1.1328897 1.1093350 1.0709839 1.0756154 1.0884450 1.0641354 1.0856266 1.1013107 1.1677423 1.2744948 1.2243551 1.1283685 1.1283685 1.1534337 1.1664365 1.1075676 1.0876257 1.1987736 1.2015189 1.2888913 1.0848380 1.0436053 1.0718721 1.0210676 0.9647313 1.4132350 0.9914706 0.7374128 1.8631121 1.5365121 
Adig_XM_015910477.1                                     1.5292051 1.3792256 1.3239869 1.2319449 1.3995150 1.3772946 1.4624835 1.4362560 1.5686567 0.6838167 0.5955470 0.0000000 0.0335410 0.5210997 0.4715014 0.4794975 0.4808109 0.4753318 0.8638534 0.9419690 0.8891708 0.9385959 0.8918030 1.0711940 1.1909016 1.7017485 1.1019246 1.0534304 1.2741293 1.3003238 1.2127276 0.9974810 1.4661904 1.5447227 1.6962173 1.3745440 1.3745522 1.4333770 1.4082894 1.4031678 1.4566036 1.0370353 1.2654769 1.3689623 1.3665584 1.5465686 1.3739186 1.3178483 1.2542762 1.2555628 1.2534758 1.1751905 1.2585357 1.2698906 1.4597569 1.5080148 1.4440034 1.3293254 1.3623416 1.4149182 1.3649801 1.2092446 1.2113089 1.4002672 1.4060350 1.2978375 1.1083837 1.2222533 1.2431053 1.2087401 1.1463161 1.3834629 1.4876712 1.0762271 1.6820189 1.6609212 
Amil_Amillepora00271-RA                                 1.2965131 1.2932448 1.1827841 1.0770578 1.3223479 1.3769167 1.3807818 1.2900793 1.3825383 0.6645290 0.5959400 0.0335410 0.0000000 0.4293143 0.4371930 0.4177296 0.4354668 0.4398112 0.8057253 0.8856097 0.8218276 0.8600984 0.8541954 0.9200813 1.0982175 0.0000010 1.0155507 0.9883542 1.2795210 1.3156726 1.1673484 0.8961601 1.5101613 1.2852830 1.4269213 1.2741142 1.2225850 1.3259734 1.3296736 1.1597013 1.2739735 0.7929361 1.0820495 1.2397707 1.2974557 1.3681997 1.2474653 1.1525384 1.0367693 1.0419025 1.1176032 1.0570083 1.0994130 1.1135127 1.2570489 1.2851541 1.2940264 1.1640719 1.1640719 1.2452382 1.1899974 1.0866398 1.1046687 1.2548655 1.2639115 1.2170087 1.0832330 1.1299028 1.1943853 1.1636985 1.1234209 1.4008084 1.0705995 0.8012851 1.6820189 1.8824019 
Gfas_gfas1.m1.1529.m1                                   1.7528946 1.4583982 1.3564567 1.4392831 1.3962165 0.6626914 1.5896068 1.6465810 1.6074340 0.7330023 0.4157769 0.5210997 0.4293143 0.0000000 0.2764640 0.2606098 0.3362106 0.3550379 0.7017640 0.8210703 1.0331110 0.9847266 0.7268487 1.3615674 1.2920644 1.4590036 1.0756791 0.5623927 1.1446212 1.1846146 1.0595187 1.1394745 1.2156987 1.8325110 1.8686990 1.6412593 1.5124022 1.1999159 1.2453780 1.5722967 1.4682555 1.2267365 1.2508935 1.5067839 1.4593914 1.4333080 1.5099083 1.4843425 1.5254311 1.5312037 1.3244282 1.2320968 1.2843168 1.2843168 1.7850065 0.0000010 1.5537725 1.4304854 1.5118349 1.5521437 1.4655939 0.0000010 1.2768378 1.5405801 1.5367168 0.8965354 0.0000010 1.2377014 1.1134000 1.0651520 0.8972687 0.0000010 2.0569770 1.3982703 0.0000010 1.2929814 
Fspp_ffun1.m4.12026.m1                                  1.3464813 1.2495725 1.2335328 1.1828106 1.3848128 1.2638241 1.4208146 1.3441511 1.4850673 0.5509723 0.5121794 0.4715014 0.4371930 0.2764640 0.0000000 0.1538029 0.2665310 0.2570016 0.6963677 0.8151904 0.7894670 0.8178173 0.7261640 0.9670320 1.0082814 1.3911952 0.9807480 0.9361642 1.1464037 1.1625071 1.1371468 0.8488088 1.2756610 1.3660788 1.4877667 1.2741149 1.2154884 1.1744777 1.1539316 1.1419494 1.2038102 0.8485311 1.0013537 1.2555328 1.3459156 1.2466864 1.2616217 1.1901254 1.0615581 1.0641187 1.0642133 1.0057570 1.0672925 1.0739275 1.1839174 1.1668712 1.1947070 1.1333962 1.1573825 1.1759408 1.1698396 1.0341313 1.0870443 1.1979238 1.1989054 1.0488691 1.0837062 1.0948226 1.0620187 1.0096289 1.0614380 1.2012577 1.4368378 0.9315084 1.6454481 1.5973224 
Gasp_gasp1.m3.2185.m1                                   1.4017959 1.2570266 1.2657543 1.1945983 1.3181629 1.2007895 1.3302189 1.3568028 1.4727267 0.5737946 0.4553652 0.4794975 0.4177296 0.2606098 0.1538029 0.0000000 0.2448006 0.2446879 0.7001344 0.7392034 0.8195893 0.8569129 0.7507882 0.9661759 0.9859198 1.3887059 1.0006696 0.9137453 1.0692769 1.0690071 1.0372800 0.9920010 1.2246018 1.3969115 1.4961469 1.1337045 1.1312900 1.0776609 1.1034854 1.1457620 1.1203161 0.8397710 0.9586928 1.2346933 1.2954178 1.1546111 1.2734213 1.1621976 1.0462686 1.0559305 1.0744979 1.0051773 1.0887703 1.0955801 1.2012208 1.0612177 1.1818161 1.1141458 1.1340336 1.1395115 1.1357210 0.9033643 1.0573921 1.1923411 1.1990023 1.0155960 0.9757111 1.1152312 1.1147112 1.0613521 1.0792924 1.2161096 1.3903425 1.0114054 1.7994790 1.5503837 
Spis_XP_022803136_1                                     1.2920693 1.3189577 1.1793172 1.1723340 1.5142667 1.4382341 1.4925434 1.4316695 1.3793613 0.6218708 0.5708934 0.4808109 0.4354668 0.3362106 0.2665310 0.2448006 0.0000000 0.0875858 0.7701769 0.8387847 0.7794334 0.7841572 0.7961240 0.8981419 0.9518256 0.0000010 1.0064493 0.9675675 1.2585005 1.2698744 1.2257689 0.9415471 1.4551514 1.2239280 1.3465766 1.1557048 1.1299230 1.1049735 1.1761522 1.0928606 1.0922367 0.6941177 0.9062994 1.1985466 1.3024705 1.1686043 1.2235246 1.1301449 1.0126874 1.0080535 1.0209811 0.9696294 1.0415628 1.0505446 1.0916915 1.1748419 1.1857023 1.1212024 1.1212024 1.1551022 1.1749879 1.0364192 1.0615646 1.2501308 1.2720704 1.1066144 1.0942960 1.1494293 1.1194503 0.9957787 1.0934533 1.3145499 1.1262747 0.7681318 1.6820189 1.7413880 
Pocdam_XM_027201014.1                                   1.3795663 1.2974827 1.2230231 1.2186590 1.3855409 1.3792227 1.4236046 1.3573717 1.4349684 0.6026281 0.5249457 0.4753318 0.4398112 0.3550379 0.2570016 0.2446879 0.0875858 0.0000000 0.7275493 0.8356682 0.7901754 0.7876311 0.7578575 0.9475903 1.0177094 1.4632554 1.0216412 0.9931097 1.1386428 1.1604306 1.1491548 0.9512296 1.3058374 1.3917476 1.4811026 1.2409183 1.2540449 1.1647194 1.1451006 1.1909993 1.1148469 0.8379129 0.9780220 1.2229288 1.2800933 1.1511695 1.2742491 1.2017939 1.1103364 1.1129779 1.0877571 1.0121196 1.0943031 1.1010342 1.1802592 1.2183821 1.2368727 1.1854415 1.2123767 1.2204522 1.2370471 1.0501077 1.1356938 1.3336116 1.3442582 1.0681347 1.0854157 1.1430920 1.1074984 1.0057909 1.0250627 1.2729493 1.3633041 0.9573512 1.6820189 1.5087222 
Dgig_XM_028551993.1                                     1.4032989 1.4635303 1.1915555 1.1264295 1.5839995 1.3042010 1.3189039 1.2674373 1.4328241 0.8300649 0.7844689 0.8638534 0.8057253 0.7017640 0.6963677 0.7001344 0.7701769 0.7275493 0.0000000 0.3935016 0.9622336 1.0020530 0.8634988 1.0894408 1.1897528 1.7859019 1.0994457 0.9515432 1.1909570 1.1809626 1.1200555 0.9222139 1.3545212 1.3790948 1.5697289 1.4366552 1.3394960 1.2359571 1.2506281 1.3112980 1.4135866 0.9711107 1.2101472 1.3889695 1.4336141 1.4429795 1.3855174 1.1672065 1.3284121 1.3253075 1.2615312 1.1629057 1.2266427 1.2421511 1.4256499 1.3028446 1.4350261 1.3183825 1.3183825 1.4491307 1.2974010 1.1250744 1.1734836 1.4491157 1.4299729 1.2287561 1.0582087 1.1029971 1.0417447 1.0291713 1.0365014 1.3298927 1.4453157 1.0096834 1.3624028 1.7902940 
Xesp_008338-T1                                          1.4442360 1.5054161 1.3077387 1.2871484 1.6717495 1.3746968 1.5460533 1.3575222 1.4671902 0.8892398 0.8144649 0.9419690 0.8856097 0.8210703 0.8151904 0.7392034 0.8387847 0.8356682 0.3935016 0.0000000 0.9573555 1.0548035 0.8873414 1.0507406 1.1161239 1.5420762 1.1218622 1.0019627 1.2482566 1.2488209 1.1721394 0.9933112 1.4410359 1.5069361 1.5661914 1.4418417 1.3100391 1.3096933 1.2995370 1.4415579 1.3886427 1.0395891 1.2830665 1.3804068 1.5320316 1.4941591 1.4043696 1.3430048 1.3256236 1.3374643 1.2480459 1.1821342 1.1936509 1.2144755 1.2970899 1.1952217 1.3086308 1.1954213 1.1954213 1.3220675 1.2108831 1.0592302 1.1671110 1.4415170 1.4208757 1.1734459 1.0477896 1.1244820 1.1551292 1.1912220 1.1220541 1.4237734 1.5066485 1.0738058 1.5045410 1.8765898 
Nemnom_g5287.t1                                         1.5653356 1.2980224 1.2158345 1.1585540 1.4099752 1.3261354 1.2981909 1.4195907 1.5253773 0.7363351 0.6795466 0.8891708 0.8218276 1.0331110 0.7894670 0.8195893 0.7794334 0.7901754 0.9622336 0.9573555 0.0000000 0.2268280 0.4062971 0.8426013 0.8323712 1.9699006 1.0658394 1.0610222 1.2714170 1.2546194 1.3501421 1.0544477 1.3109082 1.4462933 1.5920554 1.3800850 1.2924752 1.3672686 1.3637506 1.4457788 1.5594289 1.0146226 1.2377203 1.3590639 1.4348911 1.4212483 1.3757099 1.3829224 1.2214413 1.2184237 1.1996967 1.1444237 1.2216936 1.2447622 1.4529811 1.4181892 1.4045930 1.2611998 1.2878729 1.3648670 1.3299590 1.2716058 1.3082539 1.4025097 1.3991125 1.2817410 1.2373243 0.9844997 1.3380944 1.2521871 1.2221584 1.3450373 1.4429759 1.2129852 1.6717819 1.8608970 
Rhoesc_Res_015736-T1                                    1.5219391 1.3752572 1.2214540 1.2424714 1.5381442 1.3713914 1.4352978 1.5050421 1.5888369 0.8110097 0.7197475 0.9385959 0.8600984 0.9847266 0.8178173 0.8569129 0.7841572 0.7876311 1.0020530 1.0548035 0.2268280 0.0000000 0.4557608 0.8495680 0.8404548 2.0292063 1.0859368 1.1752912 1.3134419 1.3005816 1.3836345 1.0445697 1.4259487 1.5869422 1.5803178 1.5008091 1.4291610 1.4016534 1.3815081 1.4090328 1.5578664 1.0623570 1.3059647 1.3503428 1.4552911 1.4912882 1.4220269 1.3743279 1.2234440 1.2204336 1.2610069 1.2103027 1.2431468 1.2664774 1.4764416 1.4158492 1.4108773 1.2680313 1.3063615 1.3497324 1.3214768 1.2510725 1.2953604 1.3905808 1.3776586 1.3077184 1.3225481 0.9641179 1.2787593 1.2451772 1.1850858 1.3256053 1.4410200 1.3022062 1.6882644 1.9174974 
Sanmal_Sma_022041-T1                                    1.5867547 1.2952557 1.2673259 1.1981207 1.5171322 1.3496829 1.3817087 1.4242359 1.5774484 0.7558577 0.7537573 0.8918030 0.8541954 0.7268487 0.7261640 0.7507882 0.7961240 0.7578575 0.8634988 0.8873414 0.4062971 0.4557608 0.0000000 0.8822052 0.8525683 1.3705022 1.0428031 1.0857650 1.2994904 1.2954518 1.3582366 1.0626979 1.3884223 1.6061122 1.6686175 1.4808111 1.3583968 1.4113783 1.3801835 1.4724212 1.4980520 1.0610880 1.3365655 1.4288864 1.3997248 1.4982676 1.4261661 1.3724219 1.1890107 1.1860237 1.2021426 1.1250348 1.1913561 1.2137681 1.4910876 1.3389405 1.4159882 1.2979248 1.3251095 1.3238101 1.3400755 1.2855725 1.2452629 1.4148261 1.3874279 1.2453228 1.2923089 0.9737555 1.2533918 1.2105556 1.1691802 1.3824464 1.5221106 1.3605549 1.5591432 1.8793161 
Hvul_g7484_1                                            1.6101016 1.4698662 1.4094180 1.3499289 1.8701853 1.5041937 1.5709636 1.4874311 1.6138588 0.9548479 0.8966880 1.0711940 0.9200813 1.3615674 0.9670320 0.9661759 0.8981419 0.9475903 1.0894408 1.0507406 0.8426013 0.8495680 0.8822052 0.0000000 1.0336236 2.6542840 1.3008632 1.1643273 1.4741850 1.4641903 1.5359379 1.1725604 1.5214241 1.6709462 1.6437740 1.6716657 1.5836751 1.5027914 1.4939314 1.5094609 1.6351349 1.2162656 1.5656060 1.5628465 1.5054572 1.5909637 1.6733728 1.4227689 1.2839880 1.2809278 1.2457980 1.2137400 1.2402525 1.2668409 1.5504710 1.4427723 1.3812927 1.3729408 1.4040020 1.4435172 1.3542516 1.2972274 1.3565777 1.4354307 1.4400535 1.3455605 1.1966680 0.9061125 1.4522861 1.4414208 1.3630994 1.6023243 1.6651860 1.4616838 1.8060729 1.9206496 
Morvir_scaffold132.g47.t1                               1.8550765 1.5486017 1.4251761 1.3976633 1.6562986 1.4174028 1.3666864 1.6378650 1.7321715 0.9675675 0.8693626 1.1909016 1.0982175 1.2920644 1.0082814 0.9859198 0.9518256 1.0177094 1.1897528 1.1161239 0.8323712 0.8404548 0.8525683 1.0336236 0.0000000 2.0485813 1.2455704 1.1449486 1.5536382 1.4936033 1.4648661 1.2587936 1.3805855 1.5787657 1.5731526 1.5005278 1.4376930 1.4881430 1.4259553 1.5523185 1.6258757 1.2815133 1.5371244 1.4685199 1.5386805 1.6147470 1.5332213 1.4847585 1.3449682 1.3413368 1.2799787 1.2078972 1.3049997 1.3019511 1.5287640 1.3081479 1.4725458 1.3791214 1.4100212 1.3676891 1.4274440 1.3380697 1.4026135 1.4530666 1.4597346 1.3628821 1.3813887 1.3285801 1.3412469 1.2888788 1.3184192 1.4243793 1.6825451 1.5324899 2.4742751 1.8856061 
Ocar_g2396                                              2.8896728 4.2958466 2.6611619 2.6182725 3.1122147 0.0000010 2.9371722 2.5022966 3.7026537 1.5298428 0.5537793 1.7017485 0.0000010 1.4590036 1.3911952 1.3887059 0.0000010 1.4632554 1.7859019 1.5420762 1.9699006 2.0292063 1.3705022 2.6542840 2.0485813 0.0000000 0.0000010 0.0000010 2.1786584 2.2179767 1.5339041 5.3265324 1.1300709 2.4189150 2.7827645 1.6990631 1.8486083 1.7302562 1.7863636 1.6222800 1.7239179 1.5752820 1.9987464 1.7019916 1.6765543 2.1716452 2.9010245 2.1347220 2.4864412 2.6056529 1.8680216 1.6170194 1.7782698 1.7782698 3.0232540 0.0000010 2.9555305 2.9680623 2.9680623 2.7677706 3.0596310 0.0000010 2.6105582 2.8678083 2.8678083 2.0718551 0.0000010 1.6743208 1.4434775 1.3642821 1.3582789 0.0000010 4.3298297 1.7861586 0.0000010 1.8759699 
Opea_EP00118_Oscarella_pearsei_P000311                  1.6426301 1.6092402 1.3612305 1.3812766 1.6662691 1.4445552 1.5895126 1.3391407 1.5710304 1.0067345 0.8347984 1.1019246 1.0155507 1.0756791 0.9807480 1.0006696 1.0064493 1.0216412 1.0994457 1.1218622 1.0658394 1.0859368 1.0428031 1.3008632 1.2455704 0.0000010 0.0000000 0.7441469 1.4900636 1.4417278 1.4009772 1.0554698 1.3943574 1.6249315 1.7465226 1.4997204 1.4813111 1.5275533 1.4859240 1.3335658 1.4716590 1.1411193 1.4413889 1.5095789 1.5706521 1.4126209 1.5296435 1.4368278 1.3715764 1.3766547 1.3638999 1.3130140 1.3426970 1.3622472 1.5968551 1.6239014 1.7002643 1.5437973 1.5745905 1.5600653 1.6012897 1.4491061 1.5058857 1.6508415 1.6245733 1.5464587 1.3570251 1.2879562 1.2233456 1.1775823 1.1173687 1.4539211 1.4295155 1.2993559 2.3510409 1.9401834 
Plajan_Pjan_scaffold22236_01                            1.3378737 1.5466416 1.2277383 1.2459787 1.6672481 1.6411704 1.4421979 1.3871031 1.5027083 0.8502174 0.9511561 1.0534304 0.9883542 0.5623927 0.9361642 0.9137453 0.9675675 0.9931097 0.9515432 1.0019627 1.0610222 1.1752912 1.0857650 1.1643273 1.1449486 0.0000010 0.7441469 0.0000000 1.3356266 1.2951245 1.1508406 0.9896940 1.3605304 1.2875143 1.3210889 1.4702893 1.4122685 1.2175816 1.3941517 1.2016033 1.3308459 0.8781760 1.2571226 1.3478007 1.5598748 1.2880301 1.2420870 1.2331817 1.4205902 1.4286907 1.3599435 1.3141235 1.3594240 1.3893756 1.4957460 1.6655082 1.5433794 1.4341507 1.4341507 1.5920452 1.5101434 1.4350710 1.4327071 1.5317527 1.5208854 1.4939353 1.4629866 1.2600718 1.2875352 1.2508577 1.2376328 1.4063559 1.1327923 1.0433703 1.6763431 2.1841558 
Emue_Em0162g12a.t1                                      1.7664459 1.8705955 1.7514549 1.4494041 1.8501998 1.6598481 1.7832683 1.6934056 1.7974823 1.1044224 1.1265148 1.2741293 1.2795210 1.1446212 1.1464037 1.0692769 1.2585005 1.1386428 1.1909570 1.2482566 1.2714170 1.3134419 1.2994904 1.4741850 1.5536382 2.1786584 1.4900636 1.3356266 0.0000000 0.0853457 0.6995300 0.5949382 1.6884595 1.7807110 1.9302791 1.6263493 1.6079891 1.5023933 1.4561663 1.5371140 1.6193190 1.2380792 1.5834720 1.6795892 1.7239508 1.6907153 1.7196512 1.6742681 1.4691296 1.4744649 1.5317318 1.4465454 1.5677333 1.5824765 1.7682543 1.4635781 1.5922484 1.5891767 1.6117810 1.6489278 1.5081587 1.4578662 1.5368032 1.7566577 1.7527616 1.4625467 0.9930994 1.5842084 1.3107647 1.3773414 1.2775937 1.4604613 1.6324087 1.2936052 1.5480046 2.1508227 
Spolac_c100496_g1_i1_m.22617c100496-g1                  1.6773555 1.8251869 1.6856814 1.4492005 1.7844255 1.6641005 1.6649259 1.6582861 1.7756872 1.0908755 1.1480725 1.3003238 1.3156726 1.1846146 1.1625071 1.0690071 1.2698744 1.1604306 1.1809626 1.2488209 1.2546194 1.3005816 1.2954518 1.4641903 1.4936033 2.2179767 1.4417278 1.2951245 0.0853457 0.0000000 0.7077841 0.6054860 1.6316106 1.7630552 1.8350467 1.6201880 1.6258876 1.5225683 1.4419595 1.5018135 1.6283027 1.1941859 1.5731791 1.6435321 1.7136786 1.6856924 1.6749042 1.6328035 1.4564910 1.4617779 1.5259834 1.4568801 1.5330617 1.5514229 1.7902120 1.5035071 1.6401224 1.5421157 1.5644280 1.5961200 1.5388226 1.3662741 1.5313864 1.7626850 1.7545130 1.4264857 1.0650293 1.5768315 1.2892280 1.3168035 1.2281171 1.4610545 1.5577858 1.2871909 1.6640458 2.1120945 
Tetwil_g18651.t2                                        1.6910207 1.7250755 1.5962043 1.5387577 1.8608448 1.5263886 1.6933829 1.7323394 1.7068439 1.0307367 0.9988052 1.2127276 1.1673484 1.0595187 1.1371468 1.0372800 1.2257689 1.1491548 1.1200555 1.1721394 1.3501421 1.3836345 1.3582366 1.5359379 1.4648661 1.5339041 1.4009772 1.1508406 0.6995300 0.7077841 0.0000000 0.4953578 1.4110203 1.6759188 1.6958595 1.6215989 1.6066469 1.4368442 1.2848990 1.4152627 1.4802809 1.1945454 1.4393120 1.5104227 1.5784773 1.5694869 1.6207230 1.5387976 1.4260694 1.4312145 1.3843518 1.3055467 1.3943955 1.4066361 1.5399414 1.3427567 1.4614978 1.4540308 1.4849975 1.4898242 1.4232528 1.3394829 1.4549259 1.4832462 1.4629233 1.4240951 1.0965370 1.4832258 1.2933541 1.3819700 1.2396604 1.6493437 1.4922531 1.1846531 1.4173194 2.0760092 
Stycar_maker-SC_scaffold15725-augustus-gene-0.84-mRNA-1 1.4002528 1.4791766 1.2211623 1.1760404 1.4259448 1.2459050 1.2936023 1.3075998 1.2607544 0.9105812 0.7769457 0.9974810 0.8961601 1.1394745 0.8488088 0.9920010 0.9415471 0.9512296 0.9222139 0.9933112 1.0544477 1.0445697 1.0626979 1.1725604 1.2587936 5.3265324 1.0554698 0.9896940 0.5949382 0.6054860 0.4953578 0.0000000 1.2937807 1.3260678 1.3924453 1.3668740 1.2300018 1.2778584 1.1657324 1.0807849 1.2829829 1.1069468 1.2036132 1.2645781 1.3307399 1.3535900 1.2918179 1.2123019 1.1358909 1.1475242 1.2286699 1.2075497 1.2198801 1.2152463 1.4178850 1.2191909 1.2487339 1.2140777 1.2479996 1.2319228 1.2054468 1.0922905 1.2379707 1.2277421 1.2253150 1.1047678 0.8751227 1.3095314 1.1589665 1.1639736 1.0698633 1.2268822 1.3199589 1.2688098 0.9373385 1.5926018 
Mbre_EDQ92027                                           1.4824468 1.7900811 1.5780936 1.4105862 1.5954425 1.6685860 1.5335181 1.6094966 1.5449138 1.3033321 1.2713648 1.4661904 1.5101613 1.2156987 1.2756610 1.2246018 1.4551514 1.3058374 1.3545212 1.4410359 1.3109082 1.4259487 1.3884223 1.5214241 1.3805855 1.1300709 1.3943574 1.3605304 1.6884595 1.6316106 1.4110203 1.2937807 0.0000000 0.7183970 0.7296400 1.0592095 1.1214943 1.0176742 1.0342469 1.0658545 0.9993178 0.6973186 1.0394397 0.7987536 1.0619079 0.9161800 1.0983511 1.1125457 1.5534469 1.5678168 1.5868989 1.5545380 1.5880529 1.6129863 1.4354424 1.8426357 1.4110202 1.4786905 1.4786905 1.3849789 1.4858079 1.4705637 1.4532978 1.4253862 1.4246493 1.3595939 1.4571051 1.5720626 1.3945289 1.3893329 1.4122777 1.7132800 1.4108281 0.8838610 1.5638892 1.2835043 
Choper_EP00045_Choanoeca_perplexa_P008639               2.0362986 1.9727389 1.8011667 1.5894864 2.0404140 1.6537019 1.8502680 1.9594898 1.9328818 1.3812761 1.2541228 1.5447227 1.2852830 1.8325110 1.3660788 1.3969115 1.2239280 1.3917476 1.3790948 1.5069361 1.4462933 1.5869422 1.6061122 1.6709462 1.5787657 2.4189150 1.6249315 1.2875143 1.7807110 1.7630552 1.6759188 1.3260678 0.7183970 0.0000000 0.3036577 1.2120239 1.2404147 1.1769514 1.1947728 1.2171548 1.1669007 0.8825340 1.0958274 0.9420969 1.1660160 1.1638514 1.2714920 1.2434281 1.6575750 1.6727686 1.7003698 1.6488626 1.7087348 1.7262343 1.6954291 1.6321582 1.5045877 1.5648709 1.5946916 1.5643780 1.5031386 1.2913309 1.5083962 1.4841118 1.5069781 1.3274929 1.3200966 1.7797032 1.6763224 1.5792925 1.5036534 1.5569012 1.7866507 1.2906604 1.1128066 1.6702578 
Chofle_EP00730_Choanoeca_flexa_P017902                  1.9521348 2.0425753 1.7673524 1.7318532 1.9193590 1.7684222 1.8715666 2.0267529 2.0146473 1.5247268 1.3938834 1.6962173 1.4269213 1.8686990 1.4877667 1.4961469 1.3465766 1.4811026 1.5697289 1.5661914 1.5920554 1.5803178 1.6686175 1.6437740 1.5731526 2.7827645 1.7465226 1.3210889 1.9302791 1.8350467 1.6958595 1.3924453 0.7296400 0.3036577 0.0000000 1.1586693 1.1772657 1.1806138 1.1662014 1.1939218 1.1966211 0.8885499 1.1553449 0.9526062 1.1069625 1.1688515 1.1808445 1.2621167 1.7695112 1.7856653 1.8433074 1.7871020 1.8179314 1.8356012 1.6784955 1.8829007 1.5863004 1.5772448 1.5917960 1.5160056 1.6075689 1.3934273 1.5596879 1.4472899 1.4625989 1.4005363 1.5602345 1.7328211 1.7603832 1.6011135 1.6796768 1.6604908 1.8615966 1.2800456 1.2423957 1.6481607 
Acaspe_EP00035_Acanthoeca_spectabilis_P039805           2.0494198 1.9406368 1.7985677 1.7597192 2.0828458 1.7869649 2.0927229 2.0081524 2.1763636 1.2455790 1.1893103 1.3745440 1.2741142 1.6412593 1.2741149 1.1337045 1.1557048 1.2409183 1.4366552 1.4418417 1.3800850 1.5008091 1.4808111 1.6716657 1.5005278 1.6990631 1.4997204 1.4702893 1.6263493 1.6201880 1.6215989 1.3668740 1.0592095 1.2120239 1.1586693 0.0000000 0.2482268 0.8033697 1.1433452 1.0218903 1.2258024 0.7593271 1.0229435 1.0192786 0.9277693 1.0690922 1.1330874 1.2934542 1.3391343 1.3546206 1.2849281 1.2398543 1.3355952 1.3484870 1.6855646 1.6018744 1.6304896 1.6143457 1.6357429 1.5176127 1.5229451 1.3804230 1.4823668 1.5531275 1.5447121 1.3994759 1.4467259 1.6835017 1.6689252 1.5640321 1.5614104 1.8791686 1.7931683 0.8054308 2.1326342 1.6550581 
Helnan_EP00037_Helgoeca_nana_P008448                    1.9801964 1.8930344 1.6566877 1.6167870 1.9683810 1.6724578 1.9602652 1.8601461 2.0214502 1.1800829 1.1972306 1.3745522 1.2225850 1.5124022 1.2154884 1.1312900 1.1299230 1.2540449 1.3394960 1.3100391 1.2924752 1.4291610 1.3583968 1.5836751 1.4376930 1.8486083 1.4813111 1.4122685 1.6079891 1.6258876 1.6066469 1.2300018 1.1214943 1.2404147 1.1772657 0.2482268 0.0000000 0.7449132 1.1448724 1.0490211 1.1650402 0.7375167 0.9779281 1.0503421 0.8791494 1.0917124 1.0606215 1.1947023 1.3814137 1.3972118 1.3521201 1.3087321 1.3599417 1.3581733 1.5455189 1.5263907 1.4900911 1.5214456 1.5408196 1.3781265 1.4587865 1.2544873 1.3690304 1.4644878 1.4624494 1.3330750 1.2625054 1.6157981 1.5466592 1.5270947 1.5392693 1.8061506 1.7553212 0.7488085 1.9166028 1.6133210 
Stedip_EP00041_Stephanoeca_diplocostata_P036291         1.9251338 2.0249419 1.7495580 1.6388196 2.1435107 1.6640369 1.8751970 2.0491861 2.0920699 1.2008920 1.0962280 1.4333770 1.3259734 1.1999159 1.1744777 1.0776609 1.1049735 1.1647194 1.2359571 1.3096933 1.3672686 1.4016534 1.4113783 1.5027914 1.4881430 1.7302562 1.5275533 1.2175816 1.5023933 1.5225683 1.4368442 1.2778584 1.0176742 1.1769514 1.1806138 0.8033697 0.7449132 0.0000000 0.9919498 0.9957063 1.0446122 0.6684369 0.9817231 0.9666781 0.8483774 1.0342651 1.2255683 1.1989313 1.5332405 1.5470599 1.4579649 1.4311880 1.4460419 1.4670797 1.6242098 1.5541754 1.4411911 1.4670267 1.4941812 1.3961524 1.4760290 1.3172299 1.4307969 1.4297665 1.4374579 1.1323393 1.1438944 1.7243435 1.5227694 1.5107065 1.4890620 1.9251923 1.7116049 0.6767395 1.8081604 1.5584455 
Mylflu_EP00047_Mylnosiga_fluctuans_P004534              1.9391707 1.8904989 1.9006301 1.6727360 1.9640490 1.5487008 1.9251456 1.8666868 1.8015464 1.1565200 1.1195926 1.4082894 1.3296736 1.2453780 1.1539316 1.1034854 1.1761522 1.1451006 1.2506281 1.2995370 1.3637506 1.3815081 1.3801835 1.4939314 1.4259553 1.7863636 1.4859240 1.3941517 1.4561663 1.4419595 1.2848990 1.1657324 1.0342469 1.1947728 1.1662014 1.1433452 1.1448724 0.9919498 0.0000000 0.9094758 0.8567540 0.6255829 0.9627436 0.9571857 1.1004491 1.1176952 1.1194269 1.2071611 1.3260528 1.3380613 1.3379454 1.2799665 1.3233004 1.3281803 1.4631380 1.5467971 1.3606766 1.3635771 1.3770135 1.3131055 1.3327933 1.3461090 1.3724894 1.3108839 1.3192928 1.3301549 0.9910586 1.6891742 1.5164659 1.4599016 1.4161506 1.8269818 1.6289867 0.9339609 2.2137392 1.5334000 
Salurc_EP00051_Salpingoeca_urceolata_P019920            1.9513664 1.9854899 1.8434454 1.6688427 1.9056593 1.5941967 1.8414162 2.0260446 2.0128258 1.2716338 1.0957389 1.4031678 1.1597013 1.5722967 1.1419494 1.1457620 1.0928606 1.1909993 1.3112980 1.4415579 1.4457788 1.4090328 1.4724212 1.5094609 1.5523185 1.6222800 1.3335658 1.2016033 1.5371140 1.5018135 1.4152627 1.0807849 1.0658545 1.2171548 1.1939218 1.0218903 1.0490211 0.9957063 0.9094758 0.0000000 0.9717742 0.6713611 0.9146083 1.0354414 1.1033129 1.2042826 1.1820546 1.2266327 1.4579688 1.4709439 1.5335332 1.4554704 1.5139186 1.5213895 1.6173709 1.4098037 1.4469095 1.4869132 1.5198629 1.4932099 1.3977890 1.3795893 1.4532014 1.3977273 1.3885268 1.2992196 1.1634577 1.7111251 1.5874915 1.4776652 1.4138997 1.6604894 1.6656917 0.9954944 1.6034305 1.6917367 
Salmac_EP00052_Salpingoeca_macrocollata_P012466         1.9139198 2.0423403 1.8959907 1.7279817 1.9813004 1.7519521 1.9802343 2.2085998 2.0939121 1.2307239 1.1425834 1.4566036 1.2739735 1.4682555 1.2038102 1.1203161 1.0922367 1.1148469 1.4135866 1.3886427 1.5594289 1.5578664 1.4980520 1.6351349 1.6258757 1.7239179 1.4716590 1.3308459 1.6193190 1.6283027 1.4802809 1.2829829 0.9993178 1.1669007 1.1966211 1.2258024 1.1650402 1.0446122 0.8567540 0.9717742 0.0000000 0.5739640 0.9717758 1.0351369 1.1322362 1.0740797 1.0427914 1.2112047 1.4118503 1.4244580 1.4490416 1.3725142 1.4258509 1.4341397 1.4562617 1.4321985 1.3832192 1.4111592 1.4334715 1.3588248 1.4256592 1.3063735 1.3369744 1.4435951 1.4388937 1.2973778 1.2194267 1.8322450 1.5673701 1.5334708 1.5567032 1.7126274 1.8825325 1.0372453 3.2149017 1.6653745 
Salpun_EP00053_Salpingoeca_punica_P013191               1.6147443 1.6388184 1.4943384 1.3734821 1.5061032 1.2038132 1.3425578 1.4965498 1.5802886 0.8506478 0.7295441 1.0370353 0.7929361 1.2267365 0.8485311 0.8397710 0.6941177 0.8379129 0.9711107 1.0395891 1.0146226 1.0623570 1.0610880 1.2162656 1.2815133 1.5752820 1.1411193 0.8781760 1.2380792 1.1941859 1.1945454 1.1069468 0.6973186 0.8825340 0.8885499 0.7593271 0.7375167 0.6684369 0.6255829 0.6713611 0.5739640 0.0000000 0.7190835 0.7876636 0.7736448 0.8133724 0.7665983 0.8555278 1.2843640 1.2765320 1.1999884 1.1744498 1.1987192 1.1925769 1.2009293 0.8922313 1.1891643 1.1104957 1.1389125 1.1431831 1.1151218 0.8109282 1.0187809 1.1616177 1.1614901 0.8552305 0.9188402 1.3222654 1.2649485 1.1883604 1.2076628 1.0100003 1.5149741 0.8208525 1.7547677 1.1821894 
Salkve_EP00050_Salpingoeca_kvevrii_P011419              1.8397798 1.8533395 1.6672231 1.6539509 1.8903404 1.6571666 1.7142334 1.7683854 1.8204813 1.0026239 0.9456067 1.2654769 1.0820495 1.2508935 1.0013537 0.9586928 0.9062994 0.9780220 1.2101472 1.2830665 1.2377203 1.3059647 1.3365655 1.5656060 1.5371244 1.9987464 1.4413889 1.2571226 1.5834720 1.5731791 1.4393120 1.2036132 1.0394397 1.0958274 1.1553449 1.0229435 0.9779281 0.9817231 0.9627436 0.9146083 0.9717758 0.7190835 0.0000000 0.9260318 0.9669303 1.1135636 1.1496363 0.9763827 1.3535073 1.3656605 1.4091472 1.3503928 1.4140517 1.4242609 1.4695202 1.4912192 1.3767602 1.3159807 1.3324084 1.2897853 1.2981133 1.2153667 1.2827007 1.3435755 1.3521013 1.2223128 1.1545623 1.5972763 1.4938732 1.5416897 1.4026431 1.6620313 1.6800653 1.0196198 2.6745133 1.5905980 
Microa_EP00043_Microstomoeca_roanoka_P015446            1.7065221 1.8139754 1.7246541 1.5861871 2.0096927 1.5505961 1.6751585 1.9100634 1.8742642 1.2037933 1.1207131 1.3689623 1.2397707 1.5067839 1.2555328 1.2346933 1.1985466 1.2229288 1.3889695 1.3804068 1.3590639 1.3503428 1.4288864 1.5628465 1.4685199 1.7019916 1.5095789 1.3478007 1.6795892 1.6435321 1.5104227 1.2645781 0.7987536 0.9420969 0.9526062 1.0192786 1.0503421 0.9666781 0.9571857 1.0354414 1.0351369 0.7876636 0.9260318 0.0000000 1.0754760 0.9731117 1.2631615 1.0457309 1.6000643 1.6147164 1.5964988 1.5718425 1.5938512 1.6054982 1.6087867 1.6966973 1.5022453 1.4238753 1.4459151 1.4530258 1.4550124 1.2472163 1.3475242 1.4475902 1.4498712 1.2525976 1.3832024 1.8005294 1.7068677 1.6433714 1.6731214 1.8144557 1.7040635 0.9859058 2.5183877 0.9004193 
Didcos_EP00039_Didymoeca_costata_P010180                2.0658404 2.0796050 1.9170246 1.8383449 2.1451513 1.8357909 1.9878211 2.0777100 2.1507416 1.2503842 1.2654026 1.3665584 1.2974557 1.4593914 1.3459156 1.2954178 1.3024705 1.2800933 1.4336141 1.5320316 1.4348911 1.4552911 1.3997248 1.5054572 1.5386805 1.6765543 1.5706521 1.5598748 1.7239508 1.7136786 1.5784773 1.3307399 1.0619079 1.1660160 1.1069625 0.9277693 0.8791494 0.8483774 1.1004491 1.1033129 1.1322362 0.7736448 0.9669303 1.0754760 0.0000000 1.0691676 1.1530829 1.1611073 1.5858677 1.5936720 1.5376256 1.4860996 1.5067854 1.5212517 1.4764430 1.5695729 1.2659845 1.3647998 1.3937434 1.2944290 1.3619875 1.3323690 1.2980386 1.2722655 1.2965705 1.3936027 1.4791829 1.7702196 1.5867386 1.5646770 1.5843834 1.9235913 1.9047619 0.7885365 2.0641744 1.6438629 
Salinf_EP00049_Salpingoeca_infusionum_P018217           1.9619649 1.9635990 1.9422545 1.7564443 1.8276524 1.6927834 1.8608161 1.8327265 1.8715175 1.2490329 1.1776285 1.5465686 1.3681997 1.4333080 1.2466864 1.1546111 1.1686043 1.1511695 1.4429795 1.4941591 1.4212483 1.4912882 1.4982676 1.5909637 1.6147470 2.1716452 1.4126209 1.2880301 1.6907153 1.6856924 1.5694869 1.3535900 0.9161800 1.1638514 1.1688515 1.0690922 1.0917124 1.0342651 1.1176952 1.2042826 1.0740797 0.8133724 1.1135636 0.9731117 1.0691676 0.0000000 1.2703091 1.2629996 1.5265972 1.5320341 1.5954669 1.5226110 1.6428139 1.6394076 1.7459699 1.7536203 1.6032118 1.6506909 1.6828981 1.6327029 1.6468185 1.5014935 1.5278160 1.6422583 1.6512594 1.4932000 1.1833370 1.8433853 1.6445658 1.5735091 1.4765011 1.8942945 1.7333958 1.0361955 1.5551141 1.4275382 
Codhol_EP00042_Codosiga_hollandica_P047995              2.2513555 2.0102319 1.9983396 1.7575915 2.0436849 1.7395729 1.9039898 2.0326219 2.1050164 1.2608683 1.1328897 1.3739186 1.2474653 1.5099083 1.2616217 1.2734213 1.2235246 1.2742491 1.3855174 1.4043696 1.3757099 1.4220269 1.4261661 1.6733728 1.5332213 2.9010245 1.5296435 1.2420870 1.7196512 1.6749042 1.6207230 1.2918179 1.0983511 1.2714920 1.1808445 1.1330874 1.0606215 1.2255683 1.1194269 1.1820546 1.0427914 0.7665983 1.1496363 1.2631615 1.1530829 1.2703091 0.0000000 1.1915308 1.4926941 1.5059199 1.5349146 1.4739432 1.5286753 1.5636950 1.6551132 1.7231246 1.6504234 1.5745378 1.6007493 1.4688028 1.4740431 1.4396985 1.4847861 1.5731764 1.5561022 1.3764713 1.6389751 1.7283348 1.6159622 1.5351500 1.6731715 1.6121015 1.8304411 1.0679949 1.9170027 1.7086678 
Saldol_EP00054_Salpingoeca_dolichothecata_P022183       1.7829929 1.7664590 1.5777610 1.4816014 1.8484031 1.7423324 1.6755209 1.7372172 1.8484731 1.1701485 1.1093350 1.3178483 1.1525384 1.4843425 1.1901254 1.1621976 1.1301449 1.2017939 1.1672065 1.3430048 1.3829224 1.3743279 1.3724219 1.4227689 1.4847585 2.1347220 1.4368278 1.2331817 1.6742681 1.6328035 1.5387976 1.2123019 1.1125457 1.2434281 1.2621167 1.2934542 1.1947023 1.1989313 1.2071611 1.2266327 1.2112047 0.8555278 0.9763827 1.0457309 1.1611073 1.2629996 1.1915308 0.0000000 1.5251192 1.5395168 1.5781068 1.4932796 1.5129915 1.4902647 1.5185296 1.6870650 1.4536162 1.4626233 1.4891553 1.4101694 1.3818171 1.3588243 1.3863398 1.3911776 1.3823708 1.3823795 1.1090840 1.5536765 1.4924124 1.4992735 1.4108130 1.6958975 1.5608280 1.0237672 2.2955714 1.5350370 
