77
Hsap_ENST00000419755                                  0.0000000 0.8032481 0.8456935 0.7899566 0.8338178 0.8501776 0.8300595 0.7912985 0.8398164 1.1693002 0.8745401 0.8412661 0.8469354 0.8545667 0.8709007 0.8838197 0.9135102 0.9211112 0.8811292 0.9600818 0.9565789 0.9299403 0.8818417 0.9659460 0.9804961 0.9849412 0.9666366 0.9634078 1.0134424 1.3135231 1.0210174 1.0168737 1.0901435 0.9929812 1.0793991 1.1212331 1.1959109 1.0966130 1.3624975 1.2897549 1.2845150 1.2867908 1.3220296 1.2611291 1.2521016 1.3957301 1.3079226 1.2611640 1.3210151 1.4281280 1.3586772 1.3920018 2.5773404 1.9376473 1.8591511 1.5583978 2.1653176 1.8178692 2.2679521 2.1900375 1.9480255 2.3454729 1.7355773 1.6406959 1.8400194 1.6990193 1.8171602 1.9942595 2.0844718 2.3612416 2.1968946 2.3801490 2.2311849 2.1776762 2.4328619 2.6063557 2.0351878 
Bralan_BLAG04001880_1                                 0.8032481 0.0000000 0.4388351 0.3850423 0.4459994 0.4926540 0.5009855 0.4227492 0.5059021 0.6273002 0.5224309 0.4972604 0.5081697 0.5135394 0.5162959 0.5985692 0.6423279 0.5103521 0.5881609 0.6524638 0.6274156 0.6096658 0.5362025 0.5975148 0.6199444 0.6012295 0.6135641 0.6120218 0.6457229 1.0841664 0.7039433 0.6292971 0.7169650 0.6276948 0.6919970 0.8306457 0.8158175 0.7658628 0.9694381 0.9018697 1.0235926 1.0586908 1.0179557 1.0345897 1.1293863 1.1343700 1.0830778 0.9634147 1.0594259 1.2440839 0.9922302 1.0164203 2.1134715 1.5983621 1.5822092 1.1094355 1.8534317 1.8079816 2.2124938 2.1007502 1.8062926 2.3198257 1.5077719 1.4868691 1.6568044 1.5853647 1.6789681 1.8283192 1.8239772 2.0694992 1.9992246 2.1691965 1.9359608 1.8779935 1.9535665 2.4026115 2.0030530 
Spur_XM_030998967.1                                   0.8456935 0.4388351 0.0000000 0.3689460 0.4390334 0.5138437 0.5382861 0.4570618 0.5550368 0.7618964 0.5603352 0.5414182 0.5449054 0.5477825 0.5465726 0.6071011 0.6417321 0.5440331 0.5782537 0.6454930 0.6269345 0.6186181 0.5937045 0.6524335 0.6544600 0.6389764 0.6501245 0.6493079 0.6790957 1.1996804 0.7177756 0.6876064 0.7519017 0.6043886 0.7388719 0.8052819 0.9075528 0.8363867 1.0767653 0.9448522 1.0039993 0.9883199 1.0466740 0.9736025 0.9978946 1.0932676 1.0335398 0.9403028 1.0504029 1.2484981 1.0324533 1.0795319 2.2451011 1.6528469 1.5907093 1.0388847 1.9290270 1.6680932 2.1571992 2.0641012 1.7435473 2.3828074 1.3638436 1.4715040 1.5601394 1.5886911 1.6507397 1.8377280 1.8634262 2.1383823 2.1833138 2.1458992 1.8930420 1.9347514 1.8859884 2.3499987 1.9404232 
Skow_XM_002732228.2                                   0.7899566 0.3850423 0.3689460 0.0000000 0.3968347 0.4503545 0.5013563 0.4675429 0.4879997 0.6386395 0.4810584 0.4579944 0.4906251 0.4697759 0.4674576 0.5656300 0.6212186 0.5127326 0.5628171 0.5676773 0.5677355 0.5637712 0.5163832 0.5635543 0.5733085 0.5575767 0.5651937 0.5637518 0.5979620 1.0710813 0.6989330 0.6120700 0.7179985 0.5967715 0.6840224 0.7880065 0.8193188 0.7632420 0.9862600 0.9863681 0.9872242 1.0435373 1.0232106 1.0154840 1.0495257 1.1147137 1.0604743 0.9935535 1.0739844 1.3086295 0.9746372 1.0624242 2.0821172 1.6463036 1.5409632 1.1087219 1.8415202 1.7402159 2.1718057 2.0726318 1.6929142 2.3436394 1.4119409 1.4446457 1.5336363 1.4814750 1.5804440 1.8669168 1.8959388 2.0691225 2.0847946 1.9946760 1.9556564 1.9434528 1.9077719 2.2437515 1.9047683 
Ctel_gnl_WGS_AMQN_CAPTEDRAFT_mRNA108485               0.8338178 0.4459994 0.4390334 0.3968347 0.0000000 0.4140046 0.5073840 0.4936610 0.5024941 0.5377682 0.5024839 0.4852505 0.4969404 0.4881815 0.4885061 0.5700694 0.6341334 0.4210669 0.5539047 0.5594312 0.5544011 0.6071108 0.5449241 0.5512729 0.5542875 0.5431332 0.5456212 0.5441848 0.5897523 1.0126344 0.6173711 0.6010165 0.7533650 0.5796193 0.7182958 0.7796971 0.7954793 0.7386143 1.0019632 0.9072042 0.9773025 1.0673715 1.0091352 0.9767275 0.9759444 1.1027129 1.0466856 0.9757082 0.9735639 1.2320641 0.9852846 1.0620569 1.8717605 1.5883048 1.5569209 1.1293258 1.9275056 1.8069750 2.1879300 2.0380926 1.7978273 2.2717613 1.3950160 1.4100137 1.5803907 1.5390261 1.5884696 1.6941336 1.8542268 2.1142654 2.0261849 2.0716874 1.9297100 1.8716609 2.0144060 2.2251208 1.8984453 
Acagra_model.g18263.t1                                0.8501776 0.4926540 0.5138437 0.4503545 0.4140046 0.0000000 0.5644847 0.5091587 0.5650643 0.8168905 0.5799761 0.5389158 0.5558621 0.5352083 0.5481471 0.6580721 0.7003652 0.4470512 0.5997374 0.6589700 0.6386397 0.6462281 0.6030160 0.6627310 0.6753597 0.6514927 0.6457000 0.6419424 0.6878906 1.0632355 0.7388188 0.6635900 0.7850284 0.6226081 0.7030677 0.8380472 0.8769003 0.8556517 1.0144356 0.8610159 1.0414543 1.0802747 1.0460661 1.0653594 1.1155670 1.1458091 1.0968286 1.0322158 1.0678491 1.3457766 0.9795935 1.0174366 1.9826855 1.6518117 1.6231196 1.2198634 1.8113298 1.7356053 2.1182188 2.0632654 1.6595863 2.1690973 1.3588756 1.3854201 1.5669812 1.5274034 1.6107314 1.7153084 1.8761838 2.0136499 1.9164300 1.8703587 1.9819190 1.8677605 1.8822866 2.2784130 2.0550880 
Exapal_XM_021058877.2                                 0.8300595 0.5009855 0.5382861 0.5013563 0.5073840 0.5644847 0.0000000 0.1499020 0.2439052 0.3253169 0.2253599 0.2239219 0.2257724 0.2178565 0.2235592 0.4464945 0.4940650 0.6412366 0.5297904 0.5545087 0.5382263 0.5548320 0.5690314 0.6074528 0.6157448 0.6004080 0.5940262 0.5924658 0.6299367 0.9951451 0.6584699 0.5850087 0.7150389 0.5635544 0.7714330 0.8004490 0.8519760 0.7679814 0.9966479 0.9837474 0.9463491 0.9724409 0.9775321 0.9361778 0.9541821 1.0128764 0.9637492 0.9197489 1.0047734 1.1831204 0.9049967 1.0302365 2.0202340 1.5673083 1.5348809 1.0828664 1.8756156 1.7237229 2.0401366 1.8824927 1.6969439 2.2150859 1.4040768 1.3931983 1.4873252 1.5314758 1.5539074 1.6688050 1.7712166 1.9761168 1.9471967 2.0362029 1.8137616 1.8511851 1.9793179 2.2532036 1.9328285 
Nvec_v1g186039                                        0.7912985 0.4227492 0.4570618 0.4675429 0.4936610 0.5091587 0.1499020 0.0000000 0.2029152 0.2261423 0.1906862 0.2015658 0.1923181 0.1950525 0.2005677 0.4073517 0.4626863 0.5963164 0.4972004 0.5056341 0.4869308 0.4807854 0.6302599 0.6281521 0.6395943 0.6139838 0.6138993 0.6141818 0.6495581 0.9175490 0.6425986 0.5554236 0.6473892 0.5390863 0.7106593 0.8044633 0.7858067 0.6096036 0.9134555 0.9466968 0.8486141 0.9200681 0.8978841 0.9172758 0.9530491 0.9678791 0.9167086 0.8647200 0.9219959 1.0690382 0.9902022 0.9666991 2.2494602 1.5238876 1.4380382 1.0185815 1.8413038 1.7852363 1.8932719 1.7698824 1.5391148 2.0645767 1.2795913 1.3393326 1.3744978 1.4204762 1.4797322 1.5708067 1.6246047 1.9620649 1.8418464 1.8827978 1.6477761 1.7503208 1.8671270 2.2157645 1.8337775 
Adig_XM_015898766.1                                   0.8398164 0.5059021 0.5550368 0.4879997 0.5024941 0.5650643 0.2439052 0.2029152 0.0000000 0.0863743 0.1034843 0.1009134 0.1095717 0.1018140 0.1045441 0.4427530 0.4821215 0.6087920 0.4689761 0.5683906 0.5471418 0.5125762 0.5671586 0.6172326 0.6349207 0.6107685 0.6106092 0.6098447 0.6575844 0.7937415 0.6437449 0.5859432 0.6675762 0.4753798 0.8219651 0.7870232 0.8923019 0.7533108 1.0289913 0.9640841 1.0092519 1.0391890 1.0646517 1.0181320 1.0278333 1.0909785 1.0401308 0.9887371 1.0307692 1.2607703 0.9731099 1.0237060 2.1794538 1.6437813 1.5857524 1.1196986 1.7878534 1.7182863 1.9632648 1.9491306 1.6760238 2.0891040 1.3734901 1.3751859 1.4979400 1.4866157 1.5501121 1.7153517 1.7589755 1.9254815 1.9133304 2.0896298 1.8128410 1.8087958 2.0082882 2.1916315 1.9594206 
Amil_Amillepora18828-RA                               1.1693002 0.6273002 0.7618964 0.6386395 0.5377682 0.8168905 0.3253169 0.2261423 0.0863743 0.0000000 0.1702537 0.2000633 0.2166015 0.1921244 0.1873526 0.5055536 0.4790033 0.7201773 1.8744279 0.8403259 0.7735368 0.6585285 0.6423647 0.8415185 1.0028589 0.8535391 0.8487185 0.8487185 0.8692891 0.0000010 0.8452228 0.6904449 0.8039466 1.5743315 0.9366607 0.7798063 0.9794220 0.8916259 1.2809549 2.7233335 1.1778070 1.0578036 1.2448174 8.3408603 0.0000010 1.0569628 1.0569628 1.0300909 0.9961516 1.2961768 2.2438165 3.5630551 1.2470948 1.5895749 1.6483703 1.1619456 0.0000010 0.0000010 2.9736045 3.1948027 2.9929503 3.0733863 2.1650669 1.9588047 2.2128004 2.4210146 2.6924520 2.7330653 3.1014819 2.7003082 2.8398845 2.9734510 2.7373290 2.4317413 2.2522404 2.6328841 2.3159228 
Gfas_gfas1.m1.18293.m1                                0.8745401 0.5224309 0.5603352 0.4810584 0.5024839 0.5799761 0.2253599 0.1906862 0.1034843 0.1702537 0.0000000 0.0810237 0.0841310 0.0854446 0.0802738 0.4301569 0.4641279 0.5971174 0.4455148 0.5545340 0.5538866 0.4957286 0.5630380 0.6459910 0.6874151 0.6520123 0.6541986 0.6541986 0.6926471 0.6103404 0.6248074 0.5806035 0.6902103 0.4641891 0.8168013 0.7474156 0.7392501 0.7217189 0.9670349 0.9343249 0.9860348 0.9895414 1.0044284 0.9925259 1.0396082 0.9962185 0.9907995 0.9466846 0.9539455 1.1667393 0.8574914 0.8951991 1.7124474 1.4463142 1.4243355 1.0451265 1.4993974 1.4476873 2.0079531 1.9791065 1.6654224 2.0465161 1.2785215 1.3798506 1.4845117 1.5909326 1.5494866 1.7313013 1.6989083 1.9277367 1.9951207 2.1423331 1.8978465 1.7923381 2.0477183 2.3566094 2.0610279 
Fspp_ffun1.m4.25512.m1                                0.8412661 0.4972604 0.5414182 0.4579944 0.4852505 0.5389158 0.2239219 0.2015658 0.1009134 0.2000633 0.0810237 0.0000000 0.0516368 0.0549391 0.0544832 0.4088587 0.4642030 0.5894116 0.4718452 0.5391754 0.5289205 0.4895664 0.5421578 0.5848713 0.6025759 0.5799560 0.5786403 0.5775329 0.6216756 0.8495480 0.6293844 0.5606793 0.6582272 0.4806483 0.7950803 0.8064783 0.8465231 0.7136094 0.9692774 0.9457070 0.9738168 1.0087415 1.0199109 0.9944647 1.0088193 1.0223607 0.9807254 0.9719243 1.0190513 1.2463502 0.9584092 1.0256163 1.9952478 1.5955862 1.5035859 1.0559642 1.7278122 1.6711055 1.9964716 1.9287301 1.7086044 2.1312355 1.3882979 1.3973252 1.4707031 1.4894002 1.5595800 1.7171921 1.7771990 1.9181971 1.9363409 2.0383595 1.8059180 1.8183177 2.0022319 2.2515359 2.0238137 
Gasp_gasp1.m3.25372.m1                                0.8469354 0.5081697 0.5449054 0.4906251 0.4969404 0.5558621 0.2257724 0.1923181 0.1095717 0.2166015 0.0841310 0.0516368 0.0000000 0.0575379 0.0552532 0.4142795 0.4790744 0.6005404 0.4756650 0.5350809 0.5343680 0.4968318 0.5507164 0.5997855 0.6249965 0.5935891 0.5926632 0.5915190 0.6394367 0.8437437 0.6100193 0.5561713 0.6584466 0.4855848 0.8353530 0.8039402 0.8641222 0.6956437 0.9812797 0.9315468 0.9922779 1.0132323 1.0413501 1.0054990 1.0073089 1.0298743 0.9878119 0.9963292 1.0358183 1.2196295 0.9457198 1.0130710 2.0988470 1.5995123 1.5256922 1.0571989 1.7410662 1.6752498 2.0369778 1.9398876 1.6853406 2.1164948 1.3945437 1.3959494 1.4901386 1.4867300 1.5455332 1.7276498 1.7546758 1.9654163 1.9596036 2.0718658 1.8634779 1.8643825 2.0331905 2.2606886 1.9990332 
Spis_XP_022786998_1                                   0.8545667 0.5135394 0.5477825 0.4697759 0.4881815 0.5352083 0.2178565 0.1950525 0.1018140 0.1921244 0.0854446 0.0549391 0.0575379 0.0000000 0.0299952 0.4045689 0.4698497 0.6086192 0.4620924 0.5352936 0.5173290 0.4812885 0.5600251 0.6149415 0.6383802 0.6098049 0.6096256 0.6084605 0.6533416 0.9302194 0.6302607 0.5584016 0.6500161 0.4777321 0.8129845 0.7767939 0.8431731 0.6948902 0.9515614 0.9390365 0.9829163 1.0100929 1.0454196 1.0293566 1.0326132 1.0316665 0.9896096 0.9799487 1.0417682 1.2438538 0.9310193 1.0002533 2.0495793 1.5786924 1.4979490 1.0529782 1.7447197 1.7373233 1.9643162 1.9068829 1.6555372 2.0986461 1.3593723 1.4021166 1.4507717 1.4932540 1.5508252 1.7137804 1.7392992 1.9234558 1.9099989 2.0393686 1.8240788 1.8046066 1.9887060 2.2270271 1.9476687 
Pocdam_XM_027197527.1                                 0.8709007 0.5162959 0.5465726 0.4674576 0.4885061 0.5481471 0.2235592 0.2005677 0.1045441 0.1873526 0.0802738 0.0544832 0.0552532 0.0299952 0.0000000 0.4050785 0.4638341 0.6094024 0.4721991 0.5352266 0.5258698 0.4803336 0.5668878 0.6145711 0.6417333 0.6094517 0.6085450 0.6073862 0.6493894 0.9332433 0.6463466 0.5654220 0.6501340 0.4863353 0.8308502 0.7801327 0.8436448 0.6904508 0.9551711 0.9381034 0.9983978 1.0202104 1.0615138 1.0367177 1.0493285 1.0346837 0.9923239 0.9857705 1.0523982 1.2527353 0.9600834 1.0015862 1.9899279 1.6044701 1.5329745 1.0448107 1.7434458 1.7368240 1.9533173 1.9047389 1.6880150 2.1054730 1.3853548 1.4306780 1.4902357 1.5031076 1.5658104 1.7264418 1.7785135 1.9086210 1.9183279 2.0160675 1.7948457 1.8173641 1.9771346 2.2465521 1.9595349 
Dgig_XM_028538379.1                                   0.8838197 0.5985692 0.6071011 0.5656300 0.5700694 0.6580721 0.4464945 0.4073517 0.4427530 0.5055536 0.4301569 0.4088587 0.4142795 0.4045689 0.4050785 0.0000000 0.2240530 0.6556800 0.5684777 0.6114169 0.6126272 0.5396388 0.6293968 0.6676026 0.6981354 0.6683327 0.6695570 0.6682944 0.6893572 1.1891535 0.7356989 0.6730038 0.7476670 0.6019446 0.8392669 0.8762176 0.8560335 0.6936053 1.0137131 1.0687703 1.0249481 1.0150122 1.0990318 1.0795683 1.0976342 1.1019975 1.0505368 0.9795627 1.0662163 1.2759179 1.0384125 1.0876248 2.0719367 1.6137866 1.5342794 1.1506678 1.7535624 1.6215342 2.1435579 1.9598091 1.7959317 2.2786987 1.4095349 1.4296207 1.5010718 1.4497890 1.6628291 1.7624269 1.8164530 2.0674378 2.0039312 2.0469025 1.8311080 1.8712006 1.9341789 2.0892902 2.0331002 
Xesp_012647-T1                                        0.9135102 0.6423279 0.6417321 0.6212186 0.6341334 0.7003652 0.4940650 0.4626863 0.4821215 0.4790033 0.4641279 0.4642030 0.4790744 0.4698497 0.4638341 0.2240530 0.0000000 0.7152442 0.6230446 0.6348231 0.6376249 0.6235501 0.7150518 0.7445104 0.7825721 0.7468615 0.7619694 0.7590576 0.7696254 1.3341006 0.8536570 0.7467576 0.7224325 0.6790468 0.8872838 0.9004489 0.9434075 0.7562803 1.1098188 1.0609995 1.1287974 1.1001085 1.1924195 1.1973291 1.1973407 1.1894260 1.1356254 1.0867527 1.1225822 1.2963825 1.0494411 1.1274851 2.0995512 1.5840002 1.5484874 1.2091655 1.6966836 1.6806046 2.2275564 2.0793893 1.9463021 2.3093059 1.4235953 1.4571658 1.5435874 1.4981257 1.6780391 1.7901342 1.9463518 2.0617609 2.0975343 2.1364901 1.9138542 1.9467522 2.0345099 2.2332086 2.0091247 
Cgig_XM_034469244.1                                   0.9211112 0.5103521 0.5440331 0.5127326 0.4210669 0.4470512 0.6412366 0.5963164 0.6087920 0.7201773 0.5971174 0.5894116 0.6005404 0.6086192 0.6094024 0.6556800 0.7152442 0.0000000 0.6838203 0.7471567 0.7271805 0.6781010 0.6605411 0.7059480 0.7050440 0.6823105 0.6863207 0.6824198 0.7222320 1.1560163 0.7619449 0.7455847 0.8582407 0.7719992 0.7150098 0.8319019 0.8935280 0.7578387 1.0419305 0.9654841 1.1516248 1.1362325 1.1630941 1.1895574 1.3008154 1.2270455 1.1938134 1.0914988 1.2097776 1.3411680 1.0779068 1.0367097 2.0403230 1.7594305 1.6532914 1.1982154 2.0983281 1.7067022 2.1647735 2.1156196 1.8276675 2.3355974 1.4522242 1.4675709 1.5853533 1.6566138 1.6772554 1.8211542 1.8534027 2.1954182 2.1034484 2.0940530 2.0643537 2.0390450 2.0874184 2.3717857 2.0272338 
Aaur_scaffold950.g1.t1                                0.8811292 0.5881609 0.5782537 0.5628171 0.5539047 0.5997374 0.5297904 0.4972004 0.4689761 1.8744279 0.4455148 0.4718452 0.4756650 0.4620924 0.4721991 0.5684777 0.6230446 0.6838203 0.0000000 0.1592394 0.1622007 0.3610970 0.6754444 0.6706183 0.6665433 0.6678248 0.6572181 0.6539348 0.7128227 1.0615154 0.7695219 0.7040257 0.6217930 0.2026207 0.9282426 0.7476871 0.9567758 0.8253069 1.1089104 1.0568571 1.0917184 1.2001394 1.1678803 1.1706434 1.2497678 1.2378238 1.2015435 1.1394704 1.2126547 1.3949509 1.0385280 1.0692484 4.5059114 1.7408133 1.6750949 1.4921230 1.8820040 1.8582184 1.8305558 1.7758617 1.5910263 1.9858001 1.3169900 1.4531696 1.4398758 1.4633326 1.4080235 1.5952567 1.5204272 2.0226663 1.8881462 1.9382745 1.8308444 1.9741843 2.0796176 2.1737408 1.8677448 
Nemnom_g8881.t1                                       0.9600818 0.6524638 0.6454930 0.5676773 0.5594312 0.6589700 0.5545087 0.5056341 0.5683906 0.8403259 0.5545340 0.5391754 0.5350809 0.5352936 0.5352266 0.6114169 0.6348231 0.7471567 0.1592394 0.0000000 0.0756460 0.4343678 0.6345588 0.6916880 0.7192164 0.6887181 0.6883230 0.6860034 0.7264347 1.0851870 0.7959978 0.7329115 0.6274237 0.2693068 0.8607755 0.7631864 0.9450265 0.9267172 1.0999726 1.0519965 1.1051418 1.1484605 1.1738749 1.1999437 1.2303251 1.2243193 1.1719082 1.1036303 1.1012914 1.3652419 1.0869944 1.1580685 2.2108483 1.6345720 1.6229491 1.0747663 1.8826278 1.7873771 2.0777547 2.0917699 1.7431078 2.1463476 1.4889423 1.4950276 1.6545840 1.7038631 1.6196882 1.8071489 1.8841711 2.0912658 2.1728649 2.1757068 2.0787938 2.1051008 2.0964400 2.4145088 1.9810624 
Rhoesc_Res_001486-T1                                  0.9565789 0.6274156 0.6269345 0.5677355 0.5544011 0.6386397 0.5382263 0.4869308 0.5471418 0.7735368 0.5538866 0.5289205 0.5343680 0.5173290 0.5258698 0.6126272 0.6376249 0.7271805 0.1622007 0.0756460 0.0000000 0.4425182 0.6369771 0.6797005 0.6977306 0.6853086 0.6763583 0.6740548 0.7135900 1.0284156 0.7627963 0.7294935 0.5983637 0.2520713 0.8281895 0.7436829 0.8968240 0.9099902 1.0963469 1.0406366 1.1116618 1.1444291 1.1944293 1.2088880 1.2305956 1.2495211 1.1915955 1.1212953 1.1181855 1.3533411 1.0681393 1.1393662 2.1420256 1.6098022 1.6500076 1.0979963 1.9591931 1.8204919 2.0858616 2.0625777 1.7514562 2.1242621 1.5145872 1.5146820 1.6037836 1.6628497 1.6052289 1.7344028 1.8606722 2.0618005 2.1317922 2.1515161 2.0615012 2.0606946 2.0778155 2.3740609 1.9736869 
Morvir_scaffold167.g29.t3                             0.9299403 0.6096658 0.6186181 0.5637712 0.6071108 0.6462281 0.5548320 0.4807854 0.5125762 0.6585285 0.4957286 0.4895664 0.4968318 0.4812885 0.4803336 0.5396388 0.6235501 0.6781010 0.3610970 0.4343678 0.4425182 0.0000000 0.6474066 0.6842976 0.7138202 0.6717709 0.6863876 0.6839176 0.7000163 1.0223754 0.7443503 0.7192962 0.6082805 0.4293485 0.8226853 0.7502138 0.9395802 0.8396099 1.0418472 1.1279694 1.0744349 1.1058690 1.1403371 1.2108943 1.2010600 1.1775413 1.1125274 1.0739047 1.0168173 1.2919756 1.0450316 1.1278295 2.1086125 1.6985603 1.5264268 1.1031585 1.7745254 1.7401908 2.0725940 2.0195457 1.8258399 2.3559278 1.5574012 1.5442469 1.7389114 1.6916864 1.6389703 1.9746387 1.8225633 2.2058272 2.2013783 2.2980581 2.1024810 2.0576078 2.1578343 2.3335101 2.0793964 
Tadh_TriadT26650                                      0.8818417 0.5362025 0.5937045 0.5163832 0.5449241 0.6030160 0.5690314 0.6302599 0.5671586 0.6423647 0.5630380 0.5421578 0.5507164 0.5600251 0.5668878 0.6293968 0.7150518 0.6605411 0.6754444 0.6345588 0.6369771 0.6474066 0.0000000 0.0036677 0.0397781 0.0398340 0.0532196 0.0512441 0.0553041 1.3387644 0.7543156 0.6971226 0.8205700 0.6722541 0.7786333 0.9202410 0.8423294 0.7688176 0.9917222 0.9959257 0.9999180 1.0668431 1.0740568 1.0907369 1.1663450 1.1154537 1.0747613 1.0435734 1.0907993 1.3089331 1.1601221 1.0873086 1.9364700 1.6927675 1.6517225 1.3115948 1.9222829 1.8869193 2.1050687 2.0654544 1.7615406 2.2384240 1.4115262 1.3763782 1.5316726 1.5275589 1.5781599 1.7976869 1.7363100 2.1425763 2.0329209 2.0786289 1.8730543 1.8485058 1.9073664 2.2453748 1.9322846 
TrH2_TrispH2_003276-RA                                0.9659460 0.5975148 0.6524335 0.5635543 0.5512729 0.6627310 0.6074528 0.6281521 0.6172326 0.8415185 0.6459910 0.5848713 0.5997855 0.6149415 0.6145711 0.6676026 0.7445104 0.7059480 0.6706183 0.6916880 0.6797005 0.6842976 0.0036677 0.0000000 0.0375751 0.0358979 0.0504754 0.0486048 0.0503642 1.3387644 0.8118332 0.7286857 0.8410418 0.6665717 0.8195580 0.9631683 0.9178744 0.7893108 1.0476739 1.0021642 1.0388383 1.0770600 1.0743056 1.0889120 1.1663450 1.1281527 1.0872697 1.0510529 1.0985699 1.3187998 1.1640794 1.0894511 2.0760976 1.7660574 1.7459806 1.3140265 1.9359340 1.8869193 2.1853353 2.2032934 1.7934303 2.3241265 1.4997346 1.4239126 1.6299241 1.6339821 1.6422124 1.8522870 1.8079775 2.1627156 2.1363876 2.1741219 1.9937383 1.9402568 1.9858900 2.3082297 1.9857825 
HoiH06_mRNA4039                                       0.9804961 0.6199444 0.6544600 0.5733085 0.5542875 0.6753597 0.6157448 0.6395943 0.6349207 1.0028589 0.6874151 0.6025759 0.6249965 0.6383802 0.6417333 0.6981354 0.7825721 0.7050440 0.6665433 0.7192164 0.6977306 0.7138202 0.0397781 0.0375751 0.0000000 0.0091717 0.0277958 0.0259050 0.0428175 1.3193020 0.8214180 0.7331086 0.8691500 0.6604538 0.8649495 0.9787835 0.9339548 0.8339542 1.0504413 0.9698165 1.0567986 1.1007487 1.1034281 1.0615459 1.1106133 1.1763779 1.1308884 1.0778694 1.1242394 1.3867194 1.1388740 1.0842477 2.2675988 1.8358689 1.8199420 1.4954021 1.9409835 1.8083463 2.1492465 2.1255841 1.7880971 2.3316687 1.5092816 1.4170044 1.6876251 1.6199528 1.6579829 1.7803490 1.7839535 2.2230304 2.1711817 2.2475959 2.0527340 1.9974121 2.0649992 2.3053874 2.0310775 
HoiH23_PlH23_005532-RA                                0.9849412 0.6012295 0.6389764 0.5575767 0.5431332 0.6514927 0.6004080 0.6139838 0.6107685 0.8535391 0.6520123 0.5799560 0.5935891 0.6098049 0.6094517 0.6683327 0.7468615 0.6823105 0.6678248 0.6887181 0.6853086 0.6717709 0.0398340 0.0358979 0.0091717 0.0000000 0.0264832 0.0246836 0.0407015 1.3193020 0.8096474 0.7184294 0.8471688 0.6534922 0.8369470 0.9450773 0.9064411 0.7753811 1.0263634 0.9770969 1.0215456 1.0630977 1.0672886 1.0625590 1.1120843 1.1332243 1.0923083 1.0523274 1.0917606 1.3099196 1.1379674 1.0838164 2.0574614 1.7587574 1.7365231 1.3170065 1.9402891 1.8083463 2.1295215 2.1359721 1.7576834 2.2797563 1.4507082 1.3894185 1.5989853 1.5800861 1.6269459 1.7856106 1.7859162 2.1203696 2.0781378 2.1281262 1.9716457 1.9160868 1.9948938 2.2654394 2.0155663 
Hhon_g04630.t1                                        0.9666366 0.6135641 0.6501245 0.5651937 0.5456212 0.6457000 0.5940262 0.6138993 0.6106092 0.8487185 0.6541986 0.5786403 0.5926632 0.6096256 0.6085450 0.6695570 0.7619694 0.6863207 0.6572181 0.6883230 0.6763583 0.6863876 0.0532196 0.0504754 0.0277958 0.0264832 0.0000000 0.0017328 0.0501619 1.3407548 0.8037426 0.7075126 0.8563965 0.6466880 0.8362113 0.9457429 0.9080973 0.7804595 1.0343248 0.9914120 1.0343530 1.0827839 1.0788683 1.0804021 1.1324279 1.1482132 1.1068090 1.0518137 1.0945009 1.3246013 1.1618395 1.0856232 2.0872462 1.7677230 1.7439955 1.3258066 1.9585491 1.8196649 2.1333431 2.1285867 1.7795488 2.3034412 1.4823881 1.4189588 1.6214672 1.6124721 1.6306986 1.7814438 1.8117735 2.1289943 2.1282685 2.1593566 1.9813204 1.9400507 1.9885932 2.2741662 2.0293909 
HoiH04_mRNA8024                                       0.9634078 0.6120218 0.6493079 0.5637518 0.5441848 0.6419424 0.5924658 0.6141818 0.6098447 0.8487185 0.6541986 0.5775329 0.5915190 0.6084605 0.6073862 0.6682944 0.7590576 0.6824198 0.6539348 0.6860034 0.6740548 0.6839176 0.0512441 0.0486048 0.0259050 0.0246836 0.0017328 0.0000000 0.0482389 1.3407548 0.8047760 0.7076589 0.8535808 0.6428797 0.8362113 0.9424113 0.9059363 0.7804595 1.0323268 0.9885972 1.0323452 1.0806656 1.0766964 1.0761690 1.1260813 1.1459681 1.1046528 1.0501651 1.0941771 1.3214239 1.1549450 1.0828388 2.0872462 1.7596818 1.7408207 1.3258066 1.9410249 1.8196649 2.1282717 2.1295634 1.7785374 2.2924803 1.4789082 1.4200307 1.6184251 1.6134981 1.6350540 1.7877138 1.8127845 2.1301219 2.1292737 2.1603484 1.9823188 1.9410621 1.9895990 2.2751364 2.0281530 
HoiH11_mRNA9742                                       1.0134424 0.6457229 0.6790957 0.5979620 0.5897523 0.6878906 0.6299367 0.6495581 0.6575844 0.8692891 0.6926471 0.6216756 0.6394367 0.6533416 0.6493894 0.6893572 0.7696254 0.7222320 0.7128227 0.7264347 0.7135900 0.7000163 0.0553041 0.0503642 0.0428175 0.0407015 0.0501619 0.0482389 0.0000000 1.6419586 0.8508004 0.7457343 0.8770143 0.7020789 0.8775382 1.0230206 0.9507788 0.7942428 1.0759135 1.0126758 1.0611698 1.0911056 1.1108419 1.1139129 1.1837432 1.1560251 1.1130448 1.0694613 1.1235217 1.3513582 1.1844626 1.1603328 2.0790189 1.8368270 1.8246750 1.3314211 2.1405507 2.1430003 2.1550520 2.1577125 1.7955627 2.3298220 1.5185850 1.4421733 1.6481973 1.6133971 1.6819465 1.8261220 1.8257700 2.0904580 2.1079246 2.1620444 1.9973115 1.9340001 1.9735872 2.2859686 2.0492087 
Ocar_g10085                                           1.3135231 1.0841664 1.1996804 1.0710813 1.0126344 1.0632355 0.9951451 0.9175490 0.7937415 0.0000010 0.6103404 0.8495480 0.8437437 0.9302194 0.9332433 1.1891535 1.3341006 1.1560163 1.0615154 1.0851870 1.0284156 1.0223754 1.3387644 1.3387644 1.3193020 1.3193020 1.3407548 1.3407548 1.6419586 0.0000000 0.2946305 0.9025801 1.3332137 0.9695882 1.1372977 1.5900105 1.2239007 0.0000010 1.4283840 1.5483178 1.6171147 1.8780353 1.6776747 1.7155106 1.6733499 1.7775870 1.7479352 1.7859604 1.6391026 1.6336424 1.2449332 1.3671027 5.3200845 2.1644519 2.1114704 0.0000010 2.0926053 1.9295325 2.4079424 2.3193885 2.1915236 2.6679796 1.9704994 2.0429833 2.0709503 2.1548556 1.9179600 2.2418834 2.0203539 3.2005311 2.8123338 2.7495534 2.5010105 2.4289327 2.4220679 2.7488904 3.0889324 
Opea_EP00118_Oscarella_pearsei_P011073                1.0210174 0.7039433 0.7177756 0.6989330 0.6173711 0.7388188 0.6584699 0.6425986 0.6437449 0.8452228 0.6248074 0.6293844 0.6100193 0.6302607 0.6463466 0.7356989 0.8536570 0.7619449 0.7695219 0.7959978 0.7627963 0.7443503 0.7543156 0.8118332 0.8214180 0.8096474 0.8037426 0.8047760 0.8508004 0.2946305 0.0000000 0.4925452 0.9058000 0.7245408 0.9023786 1.0581781 0.9731595 0.9383265 1.0872736 0.9883669 1.1741982 1.1923857 1.2170192 1.1805408 1.2372067 1.2816312 1.2431636 1.1153780 1.1761579 1.2807951 1.1097648 1.1075668 2.0534845 1.7316206 1.7030262 1.3499407 2.1128743 1.8140800 2.2213922 2.2144380 1.9913763 2.4860449 1.5417534 1.6345760 1.6758111 1.7242906 1.6834829 1.8737828 1.9740871 2.2914750 2.1918771 2.3007530 2.1181225 2.0540516 2.1704990 2.3328819 2.0457812 
Plajan_Pjan_C565054_01                                1.0168737 0.6292971 0.6876064 0.6120700 0.6010165 0.6635900 0.5850087 0.5554236 0.5859432 0.6904449 0.5806035 0.5606793 0.5561713 0.5584016 0.5654220 0.6730038 0.7467576 0.7455847 0.7040257 0.7329115 0.7294935 0.7192962 0.6971226 0.7286857 0.7331086 0.7184294 0.7075126 0.7076589 0.7457343 0.9025801 0.4925452 0.0000000 0.8171365 0.6679821 0.8480349 0.9136951 0.8904367 0.8373108 1.0032549 0.9164158 1.1560512 1.1903424 1.2046587 1.1239597 1.2300966 1.2724814 1.2372024 1.0666968 1.2146259 1.3034982 0.9974626 1.0535355 2.0892403 1.6274116 1.6779999 1.2404625 1.9703769 2.0132478 2.1201220 2.1062112 1.8882291 2.3764367 1.4972465 1.5439535 1.6679440 1.7087964 1.6264433 1.8402877 1.9571627 2.2266863 2.1866859 2.2979922 2.0176780 2.0700255 2.1763275 2.4109115 2.0187017 
Chem_TCONS_00029654                                   1.0901435 0.7169650 0.7519017 0.7179985 0.7533650 0.7850284 0.7150389 0.6473892 0.6675762 0.8039466 0.6902103 0.6582272 0.6584466 0.6500161 0.6501340 0.7476670 0.7224325 0.8582407 0.6217930 0.6274237 0.5983637 0.6082805 0.8205700 0.8410418 0.8691500 0.8471688 0.8563965 0.8535808 0.8770143 1.3332137 0.9058000 0.8171365 0.0000000 0.6067464 0.9681778 0.6398377 1.0596889 0.9498962 1.1793231 1.0512197 1.2874010 1.3049949 1.3083830 1.3382760 1.4046777 1.3641571 1.2922794 1.2992925 1.3002323 1.4998182 1.2166982 1.3481402 2.2585986 1.7543877 1.6888334 1.2229708 1.9860729 1.9647557 2.3269911 2.2310469 1.8957142 2.2387228 1.5267593 1.6014112 1.6703986 1.7116591 1.7030145 1.9104916 1.8880705 2.1905127 2.4136147 2.3840668 1.9880440 2.0325504 2.0776629 2.3317001 1.9059581 
Sanmal_Sma_026960-T1                                  0.9929812 0.6276948 0.6043886 0.5967715 0.5796193 0.6226081 0.5635544 0.5390863 0.4753798 1.5743315 0.4641891 0.4806483 0.4855848 0.4777321 0.4863353 0.6019446 0.6790468 0.7719992 0.2026207 0.2693068 0.2520713 0.4293485 0.6722541 0.6665717 0.6604538 0.6534922 0.6466880 0.6428797 0.7020789 0.9695882 0.7245408 0.6679821 0.6067464 0.0000000 0.9920092 0.7663809 1.0301029 0.4930217 1.1252070 1.0892813 1.1953465 1.3248499 1.3079553 1.2110667 1.2849815 1.4169364 1.3045272 1.2386527 1.3119080 1.5480241 1.0386886 1.1255092 5.2908281 1.8388444 1.8838291 9.0000000 1.9126280 1.9943410 1.7639229 1.7198273 1.5726080 1.9095116 1.2333051 1.2873401 1.3349570 1.3503982 1.3049002 1.4983713 1.3978135 2.0048737 1.8665810 1.9996433 1.7911521 1.9447784 1.8260541 1.9986933 1.8172154 
Cscu_XM_023357635.1                                   1.0793991 0.6919970 0.7388719 0.6840224 0.7182958 0.7030677 0.7714330 0.7106593 0.8219651 0.9366607 0.8168013 0.7950803 0.8353530 0.8129845 0.8308502 0.8392669 0.8872838 0.7150098 0.9282426 0.8607755 0.8281895 0.8226853 0.7786333 0.8195580 0.8649495 0.8369470 0.8362113 0.8362113 0.8775382 1.1372977 0.9023786 0.8480349 0.9681778 0.9920092 0.0000000 0.9547787 0.9669292 1.0338951 1.1322789 1.1315243 1.3184615 1.3307256 1.3028293 1.4625304 1.6594048 1.3694230 1.3694230 1.3026116 1.3077674 1.5519584 1.2289939 1.1996132 1.8301877 1.6821501 1.5944255 1.2189379 2.0585489 1.4865919 2.3692082 2.1642903 2.0544264 2.3851494 1.5969843 1.6637802 1.6880818 1.8693709 1.7585838 2.0661724 1.9131402 2.3086837 2.2100561 2.1289745 2.2212371 2.0877807 2.1213031 2.6119743 1.7681821 
Hvul_g21007_1                                         1.1212331 0.8306457 0.8052819 0.7880065 0.7796971 0.8380472 0.8004490 0.8044633 0.7870232 0.7798063 0.7474156 0.8064783 0.8039402 0.7767939 0.7801327 0.8762176 0.9004489 0.8319019 0.7476871 0.7631864 0.7436829 0.7502138 0.9202410 0.9631683 0.9787835 0.9450773 0.9457429 0.9424113 1.0230206 1.5900105 1.0581781 0.9136951 0.6398377 0.7663809 0.9547787 0.0000000 1.1947826 0.9601765 1.3841759 1.3067600 1.3611787 1.4005051 1.4252859 1.3952903 1.5805602 1.4290833 1.3616260 1.4067149 1.3928950 1.6269640 1.4953771 1.4916780 1.9994626 2.0901698 2.0272245 1.5431218 2.3866679 2.3555079 2.3151649 2.1888323 2.0893479 2.3638967 1.7130238 1.9195898 2.0149308 1.8388864 1.8223590 2.1848601 2.1167023 2.3915222 2.5227981 2.4531688 2.3229571 2.4783015 2.4704948 2.5540356 2.0966729 
Tetwil_g2326.t1                                       1.1959109 0.8158175 0.9075528 0.8193188 0.7954793 0.8769003 0.8519760 0.7858067 0.8923019 0.9794220 0.7392501 0.8465231 0.8641222 0.8431731 0.8436448 0.8560335 0.9434075 0.8935280 0.9567758 0.9450265 0.8968240 0.9395802 0.8423294 0.9178744 0.9339548 0.9064411 0.9080973 0.9059363 0.9507788 1.2239007 0.9731595 0.8904367 1.0596889 1.0301029 0.9669292 1.1947826 0.0000000 0.4068034 0.8920837 0.8298573 1.2856072 1.2937666 1.2883748 1.4156230 1.4716923 1.3317351 1.3092879 1.2361741 1.3643719 1.5245126 0.9511173 1.0082963 1.8229370 1.9240777 1.8909307 1.4312738 2.0817719 1.9730549 2.3690354 2.1481906 1.8888363 2.5267364 1.6609555 1.5817378 1.8486565 1.8440026 1.7936666 2.0472421 2.0602668 2.1197202 2.2176875 2.2782091 2.1046407 2.0065214 2.2522002 2.5193213 2.4169653 
Stycar_maker-SC_scaffold5871-augustus-gene-0.3-mRNA-1 1.0966130 0.7658628 0.8363867 0.7632420 0.7386143 0.8556517 0.7679814 0.6096036 0.7533108 0.8916259 0.7217189 0.7136094 0.6956437 0.6948902 0.6904508 0.6936053 0.7562803 0.7578387 0.8253069 0.9267172 0.9099902 0.8396099 0.7688176 0.7893108 0.8339542 0.7753811 0.7804595 0.7804595 0.7942428 0.0000010 0.9383265 0.8373108 0.9498962 0.4930217 1.0338951 0.9601765 0.4068034 0.0000000 0.8112234 0.6286933 1.1552046 1.1214614 1.0938396 0.6345972 0.0000010 1.1826486 1.1826486 1.1246319 1.2865685 1.4672873 1.3152878 0.4540922 1.2518798 1.5910644 1.6009331 1.3479791 0.0000010 0.0000010 2.7855624 2.3359316 2.2139198 2.7676897 1.6700229 1.7948038 1.9075924 1.9850228 2.1069497 2.0000835 2.7025491 2.0421888 2.6327565 2.7811701 2.3378389 2.3622061 2.4507981 2.7707793 2.2257685 
Halamb_c46618_g1_i4mm.2008                            1.3624975 0.9694381 1.0767653 0.9862600 1.0019632 1.0144356 0.9966479 0.9134555 1.0289913 1.2809549 0.9670349 0.9692774 0.9812797 0.9515614 0.9551711 1.0137131 1.1098188 1.0419305 1.1089104 1.0999726 1.0963469 1.0418472 0.9917222 1.0476739 1.0504413 1.0263634 1.0343248 1.0323268 1.0759135 1.4283840 1.0872736 1.0032549 1.1793231 1.1252070 1.1322789 1.3841759 0.8920837 0.8112234 0.0000000 0.8558027 1.3826360 1.4016542 1.4182256 1.3432364 1.2749502 1.5224787 1.4470518 1.3878704 1.4288621 1.6865392 1.0798785 0.4462409 1.2593224 2.0314543 1.8736776 1.5720428 2.1150968 2.1071276 2.4511567 2.3434390 1.9077009 2.4008189 1.5785002 1.7373192 1.8714684 1.8304225 1.7687625 2.0351126 1.9702825 2.2524201 2.3323166 2.4111657 2.2656319 2.1981743 2.1476166 2.3983280 2.5058722 
Spolac_c98372_g1_i1_m.17043c78916-g1                  1.2897549 0.9018697 0.9448522 0.9863681 0.9072042 0.8610159 0.9837474 0.9466968 0.9640841 2.7233335 0.9343249 0.9457070 0.9315468 0.9390365 0.9381034 1.0687703 1.0609995 0.9654841 1.0568571 1.0519965 1.0406366 1.1279694 0.9959257 1.0021642 0.9698165 0.9770969 0.9914120 0.9885972 1.0126758 1.5483178 0.9883669 0.9164158 1.0512197 1.0892813 1.1315243 1.3067600 0.8298573 0.6286933 0.8558027 0.0000000 1.1994831 1.2187431 1.2610594 1.2396727 1.3395044 1.2860091 1.1814842 1.3016446 1.2647727 1.3819892 1.0972356 0.8979180 5.2839149 2.0105755 1.7747592 1.1467905 2.0772968 2.0903900 2.0758304 2.0636019 1.6434062 2.0578930 1.4835307 1.5608279 1.6824477 1.7403488 1.6294696 1.8061661 1.6236802 2.2092858 2.0854533 2.1196069 2.1053806 2.0294848 2.2548019 2.2598389 2.0343313 
Mlei_ML0231.g13.i1                                    1.2845150 1.0235926 1.0039993 0.9872242 0.9773025 1.0414543 0.9463491 0.8486141 1.0092519 1.1778070 0.9860348 0.9738168 0.9922779 0.9829163 0.9983978 1.0249481 1.1287974 1.1516248 1.0917184 1.1051418 1.1116618 1.0744349 0.9999180 1.0388383 1.0567986 1.0215456 1.0343530 1.0323452 1.0611698 1.6171147 1.1741982 1.1560512 1.2874010 1.1953465 1.3184615 1.3611787 1.2856072 1.1552046 1.3826360 1.1994831 0.0000000 0.1469794 0.1534605 0.2094659 0.2051852 0.3155801 0.2764062 0.2579057 0.4550380 0.7235146 1.4957209 1.3599906 2.8106949 1.9350136 1.7676069 1.4554475 2.0418018 1.7251625 2.2695879 2.1826513 2.0596227 2.3715345 1.8657435 1.6129073 1.8394658 1.9773577 1.8802284 2.0347201 2.1770391 2.2923541 2.4842720 2.3241293 2.0933412 2.0441304 2.1988867 2.4873429 2.2530205 
Beraby_Baby_sb343984                                  1.2867908 1.0586908 0.9883199 1.0435373 1.0673715 1.0802747 0.9724409 0.9200681 1.0391890 1.0578036 0.9895414 1.0087415 1.0132323 1.0100929 1.0202104 1.0150122 1.1001085 1.1362325 1.2001394 1.1484605 1.1444291 1.1058690 1.0668431 1.0770600 1.1007487 1.0630977 1.0827839 1.0806656 1.0911056 1.8780353 1.1923857 1.1903424 1.3049949 1.3248499 1.3307256 1.4005051 1.2937666 1.1214614 1.4016542 1.2187431 0.1469794 0.0000000 0.2079746 0.2817636 0.2962750 0.3379231 0.2983521 0.2863909 0.4526391 0.7363566 1.6387811 1.3798289 2.8707201 1.9608582 1.7623500 1.3974686 2.0855442 1.7759951 2.2658971 2.1973119 2.1499919 2.4426401 1.8918697 1.7497351 1.8620183 1.9079306 1.9232002 2.0065687 2.1753010 2.3770278 2.5585368 2.4194742 2.1485775 2.1235020 2.2820597 2.4617773 2.2060228 
Drygla_Dgla_sb286612                                  1.3220296 1.0179557 1.0466740 1.0232106 1.0091352 1.0460661 0.9775321 0.8978841 1.0646517 1.2448174 1.0044284 1.0199109 1.0413501 1.0454196 1.0615138 1.0990318 1.1924195 1.1630941 1.1678803 1.1738749 1.1944293 1.1403371 1.0740568 1.0743056 1.1034281 1.0672886 1.0788683 1.0766964 1.1108419 1.6776747 1.2170192 1.2046587 1.3083830 1.3079553 1.3028293 1.4252859 1.2883748 1.0938396 1.4182256 1.2610594 0.1534605 0.2079746 0.0000000 0.2523967 0.2592145 0.3567386 0.3112256 0.3032299 0.5247744 0.7889725 1.6229492 1.4582676 2.9383827 2.0278909 1.7535558 1.4695296 2.0362798 1.7806104 2.3977136 2.3610627 2.1022077 2.5284893 1.9386564 1.7747987 1.9622552 1.9775658 1.9223474 2.0989660 2.2543636 2.4515709 2.5349237 2.4912321 2.1125218 2.0676548 2.3450017 2.7273832 2.4012480 
Bolinf_Binf_sb1279295                                 1.2611291 1.0345897 0.9736025 1.0154840 0.9767275 1.0653594 0.9361778 0.9172758 1.0181320 8.3408603 0.9925259 0.9944647 1.0054990 1.0293566 1.0367177 1.0795683 1.1973291 1.1895574 1.1706434 1.1999437 1.2088880 1.2108943 1.0907369 1.0889120 1.0615459 1.0625590 1.0804021 1.0761690 1.1139129 1.7155106 1.1805408 1.1239597 1.3382760 1.2110667 1.4625304 1.3952903 1.4156230 0.6345972 1.3432364 1.2396727 0.2094659 0.2817636 0.2523967 0.0000000 0.0000010 0.4145741 0.3417536 0.2732547 0.4707709 0.6938088 1.5403969 1.3900542 6.5655433 2.0559483 1.7786370 1.1631946 2.0317300 1.6262808 2.2699101 2.1903373 1.9075974 2.2981915 1.6179379 1.5978743 1.8404034 1.7520731 1.6130175 1.9202593 1.7337075 2.3063392 2.1861963 2.1987958 1.9213340 1.8113732 2.1234165 2.3712378 2.2324226 
Mertsp_Mesp_sb562716                                  1.2521016 1.1293863 0.9978946 1.0495257 0.9759444 1.1155670 0.9541821 0.9530491 1.0278333 0.0000010 1.0396082 1.0088193 1.0073089 1.0326132 1.0493285 1.0976342 1.1973407 1.3008154 1.2497678 1.2303251 1.2305956 1.2010600 1.1663450 1.1663450 1.1106133 1.1120843 1.1324279 1.1260813 1.1837432 1.6733499 1.2372067 1.2300966 1.4046777 1.2849815 1.6594048 1.5805602 1.4716923 0.0000010 1.2749502 1.3395044 0.2051852 0.2962750 0.2592145 0.0000010 0.0000000 0.4451843 0.3394911 0.2539315 0.4801911 0.6852370 1.5255372 1.4508212 5.5527241 2.0839955 1.7963532 0.0000010 1.8958334 1.6262808 2.1674921 2.1187909 1.9026091 2.4309793 1.7273446 1.7419901 1.9580832 1.7270959 1.7492890 2.1371829 1.8803709 2.2521568 2.1401458 2.0976683 1.9439722 1.7715263 2.0406374 2.4736445 2.2928690 
Pbac_sb2664130                                        1.3957301 1.1343700 1.0932676 1.1147137 1.1027129 1.1458091 1.0128764 0.9678791 1.0909785 1.0569628 0.9962185 1.0223607 1.0298743 1.0316665 1.0346837 1.1019975 1.1894260 1.2270455 1.2378238 1.2243193 1.2495211 1.1775413 1.1154537 1.1281527 1.1763779 1.1332243 1.1482132 1.1459681 1.1560251 1.7775870 1.2816312 1.2724814 1.3641571 1.4169364 1.3694230 1.4290833 1.3317351 1.1826486 1.5224787 1.2860091 0.3155801 0.3379231 0.3567386 0.4145741 0.4451843 0.0000000 0.0387126 0.3828803 0.5486297 0.7977450 1.7494381 1.5587960 2.8169160 2.0663379 1.8022140 1.4439699 2.2961820 1.8897907 2.3977079 2.2567420 2.1118503 2.5105873 1.9218416 1.7765748 1.9292625 1.9292397 1.9036859 2.1246030 2.1964949 2.4354401 2.5496860 2.4338993 2.1193312 2.1311728 2.2728200 2.5910558 2.4318229 
Horcal_Hcv1.av93.c5.g1197.i2                          1.3079226 1.0830778 1.0335398 1.0604743 1.0466856 1.0968286 0.9637492 0.9167086 1.0401308 1.0569628 0.9907995 0.9807254 0.9878119 0.9896096 0.9923239 1.0505368 1.1356254 1.1938134 1.2015435 1.1719082 1.1915955 1.1125274 1.0747613 1.0872697 1.1308884 1.0923083 1.1068090 1.1046528 1.1130448 1.7479352 1.2431636 1.2372024 1.2922794 1.3045272 1.3694230 1.3616260 1.3092879 1.1826486 1.4470518 1.1814842 0.2764062 0.2983521 0.3112256 0.3417536 0.3394911 0.0387126 0.0000000 0.3671463 0.5079993 0.7531994 1.6220801 1.4523156 2.7924630 2.0116293 1.7574765 1.4439699 2.1492442 1.8913894 2.3228015 2.2139522 2.0710991 2.4494568 1.8445681 1.7305717 1.9074215 1.8837060 1.8810132 2.0457881 2.1187854 2.3063076 2.4394346 2.3135256 2.0326432 2.0446044 2.1911431 2.5031798 2.3185045 
Lampan_Lpan_8686_01                                   1.2611640 0.9634147 0.9403028 0.9935535 0.9757082 1.0322158 0.9197489 0.8647200 0.9887371 1.0300909 0.9466846 0.9719243 0.9963292 0.9799487 0.9857705 0.9795627 1.0867527 1.0914988 1.1394704 1.1036303 1.1212953 1.0739047 1.0435734 1.0510529 1.0778694 1.0523274 1.0518137 1.0501651 1.0694613 1.7859604 1.1153780 1.0666968 1.2992925 1.2386527 1.3026116 1.4067149 1.2361741 1.1246319 1.3878704 1.3016446 0.2579057 0.2863909 0.3032299 0.2732547 0.2539315 0.3828803 0.3671463 0.0000000 0.4137382 0.7087101 1.5952958 1.4015907 2.6878173 1.9015739 1.7168705 1.4469760 2.0351871 1.7278894 2.2760319 2.1851837 2.0321684 2.4892293 1.7843141 1.6911493 1.8756573 1.9865757 1.8793176 2.0234068 2.1411951 2.4628016 2.4977309 2.4067041 2.1117696 2.1114940 2.2929636 2.5862815 2.2415800 
