70
Hsap_ENST00000306185                                    0.0000000 0.8872332 0.7657987 1.2811772 1.3746091 1.4246551 1.4500050 1.4206161 1.3767545 1.2676535 1.4067832 1.3943330 1.3322436 1.2977543 1.2569691 1.2520774 1.3727992 1.3038485 1.2832267 1.2998420 1.4270821 1.4158555 1.2628757 1.2628757 1.3796461 1.3537873 1.2795154 1.2650783 1.2652833 1.4616244 1.2268279 1.3337020 1.3523033 1.3309128 1.6696014 1.4550987 1.4088424 2.4219329 1.6358187 2.0279569 2.0308725 1.6999642 1.8218717 2.0013100 1.8625599 1.9947856 1.7495780 2.0884236 2.2293987 1.9062836 2.0204419 1.6546645 1.7053422 1.5453711 2.0751865 2.2851380 2.2774119 2.7715733 2.8609128 2.6905373 2.9270797 2.6444794 2.7745416 2.5746806 2.4676658 2.6272672 2.3334745 2.8297075 2.6926613 2.4967754 
Spur_XM_011668777.2                                     0.8872332 0.0000000 0.5612944 1.1945540 1.1952417 1.3431248 1.3099841 1.3418293 1.3092653 1.2834502 1.3524229 1.2913627 1.3962297 1.3356042 1.2821655 1.2962638 1.2720030 1.3020370 1.2055671 1.2121265 1.3394400 1.3063400 1.3279118 1.3279118 1.3913073 1.3811762 1.3236434 1.3189900 1.2795902 1.4563883 1.1199575 1.1961870 1.1795318 1.2942039 1.6508923 1.3566551 1.4129963 2.4594297 1.3275154 1.7003032 1.7576519 1.5074141 1.9896703 1.5741677 1.7369410 1.9256007 1.6728841 1.8497585 1.8646139 1.4061112 1.7365860 1.5316370 1.4175538 1.6353109 1.7514159 2.1401757 1.9092309 2.3485186 2.2307040 2.1696461 2.6614368 2.3930267 2.5387370 2.5133962 2.4338878 2.0769524 2.4947493 2.5023004 2.4400442 2.6020629 
Skow_XM_002731562.2                                     0.7657987 0.5612944 0.0000000 1.4668548 1.1139155 1.3399933 1.2728624 1.3676305 1.2780526 1.2278309 1.3681622 1.3003553 1.3156602 1.2877013 1.2358071 1.2385758 1.1616305 1.2474382 1.1907358 1.1329390 1.3857155 1.2484862 1.0774455 1.0774455 1.2420676 1.1854464 1.1614080 1.1571200 1.1663103 1.4229718 1.3388960 1.2182611 1.2567376 1.3498644 1.7195242 1.4832034 1.3370912 2.3072403 1.3200013 1.9365194 1.7249255 1.7560178 1.6601428 1.8333444 1.8999759 2.0376771 1.9652817 2.0351860 2.0717252 1.6466206 1.8393757 1.6935895 1.5622312 1.4961112 1.8007074 2.2777591 1.9976141 2.2706632 2.1670312 2.0794267 2.4680485 2.3906172 2.4513738 2.3140729 2.3434753 1.9891487 2.3338063 2.5519806 2.4263536 2.5431825 
Tcas_TC033742_002                                       1.2811772 1.1945540 1.4668548 0.0000000 0.7130984 0.9072510 0.9224223 1.0567476 1.9759614 1.9916038 2.1634097 2.1135901 2.0591203 1.9725916 1.9524797 1.9467863 1.9596889 1.9463119 1.7902673 1.8751391 1.9317650 1.8738746 2.0366743 2.0366743 2.0470334 2.0357102 2.0309366 2.0243645 1.9220423 2.2338670 1.9033999 1.9057010 2.1963165 2.1389340 2.3895602 1.9764878 1.9871218 3.0395538 2.5396937 2.8446631 3.2753583 2.7834438 2.7657629 2.5968319 2.4598716 3.2978696 2.7617825 3.5895407 3.2439041 2.2841683 2.5019057 2.7993661 2.5249103 2.8573654 2.9986059 3.8624498 2.8061804 3.1788699 3.0749747 2.9206226 3.3220504 2.9981553 3.1316366 2.8794429 3.0915859 2.6520513 3.0478621 2.6417979 3.0900425 2.8759131 
Dpul_mRNA1781                                           1.3746091 1.1952417 1.1139155 0.7130984 0.0000000 0.9275642 1.0794856 1.0071139 2.0313311 1.8687634 2.0201222 1.8792322 1.8650814 1.7390766 1.7515225 1.8084336 1.7663230 1.6328854 1.7059705 1.7709213 1.9230717 1.9118963 1.9743242 1.9743242 2.0122309 1.8693956 1.9756487 1.9692669 1.9113590 2.0811023 1.6789028 1.6822053 1.6597473 1.7323866 2.0689442 1.8430103 1.9516823 2.9272038 2.2521236 2.6552406 2.7677571 2.4082684 2.8838563 2.2666828 2.4027205 2.7343806 2.6303034 3.2591950 3.0290239 2.2086887 2.3518521 2.4949564 2.1348152 2.2580278 2.3267662 3.1726219 2.5349421 3.0100783 2.8661670 2.8124684 2.9946329 2.9525623 3.0973022 2.8939820 2.8536299 2.3127820 2.8397351 3.2692708 3.1954732 3.0800347 
Ctel_gnl_WGS_AMQN_CAPTEDRAFT_mRNA159961                 1.4246551 1.3431248 1.3399933 0.9072510 0.9275642 0.0000000 0.6282745 0.7651663 1.8374485 1.9470705 1.9706613 1.8881460 1.8013817 1.7311209 1.7150289 1.7605288 1.7936153 1.8639230 1.7959151 1.7965810 1.6603086 1.7213757 2.0474357 2.0474357 1.9207942 1.8956809 1.9219493 1.9157132 1.8582593 2.2021042 1.8756416 1.8982047 1.8669723 1.9782364 2.3444785 1.8597111 1.8309357 3.0676211 2.3111368 3.2126784 3.1255924 2.6394567 2.8520558 2.5735311 2.4669097 2.8286499 2.4372684 3.2850779 3.1207634 2.3904836 2.7137807 2.2917654 2.5189668 2.3093950 2.8801918 3.4142099 2.4310615 2.7837131 2.9596343 2.7568564 3.1583867 2.8916759 3.0814729 2.7222756 2.4677784 2.6089642 2.9379594 2.8353092 3.1815279 2.9420375 
Acagra_model.g12640.t1                                  1.4500050 1.3099841 1.2728624 0.9224223 1.0794856 0.6282745 0.0000000 0.7948815 2.0683578 2.0481090 1.9887873 2.0120971 1.8883606 1.8128131 1.8797747 1.8971587 2.0783169 2.1484873 2.0014718 1.9198404 1.9936483 2.0492178 2.1139030 2.1139030 2.2173802 2.2283243 2.1942200 2.1873482 2.2030114 2.5955963 2.1313314 2.1970309 2.1397183 2.1575384 2.6029336 2.1042499 2.2237005 3.0127879 2.6812411 2.9396312 3.0056629 3.1115388 3.1853236 2.6899842 2.5681676 3.2668856 2.8526464 3.6165712 3.3433712 2.8054427 3.1273624 2.5127600 2.5014514 2.8380036 2.9204739 3.7376634 2.8391749 3.0562862 3.0753579 2.8649103 3.3859442 3.3557977 3.4754971 2.8410390 2.7304861 2.7904842 3.3954853 3.3140918 3.5510930 3.4987983 
Cgig_XM_011426880.3                                     1.4206161 1.3418293 1.3676305 1.0567476 1.0071139 0.7651663 0.7948815 0.0000000 2.0979434 2.0408517 2.1195002 2.0363627 2.0129563 1.9644985 1.8922330 1.9169396 1.9557868 1.9301933 1.8578663 1.7923747 1.9668199 1.8245869 2.1763179 2.1763179 2.4439373 2.4258825 2.3238810 2.3165130 2.3191609 2.4530435 2.0418929 2.0260617 2.0366083 2.0354302 2.4658379 2.0745109 1.9412910 3.2860145 2.7092241 3.2542950 3.0918948 2.9478643 3.1124723 2.6421793 2.6167775 3.1358540 2.5279182 3.1940008 3.0312492 2.6799421 2.7150267 2.3046631 2.6050555 2.5087139 2.6018811 3.8868960 2.2745529 2.6392152 2.6913910 2.5194677 2.8951563 2.8029880 2.9743468 2.5131665 2.0818040 2.4733225 2.8638708 2.9721917 3.1189209 2.8280012 
Exapal_XM_021048302.2                                   1.3767545 1.3092653 1.2780526 1.9759614 2.0313311 1.8374485 2.0683578 2.0979434 0.0000000 0.2073582 0.3390121 0.3249132 0.3837246 0.3785461 0.3450753 0.3304675 0.3922243 0.4731157 0.3954268 0.4851307 0.7314667 0.8158483 0.7229942 0.7229942 0.8074822 0.7915672 0.7897022 0.8008826 0.7358283 0.7324963 0.7047504 0.7924586 0.8727296 0.8757311 0.9662135 0.9398503 0.7725608 1.3852446 1.2502686 1.6628435 1.6610719 1.2614320 1.2148816 1.1179130 1.2962087 1.3048076 1.3077824 1.3340430 1.5047032 1.1922411 1.2454735 1.4311278 1.0946017 1.2471442 1.4725894 1.6882262 2.0846819 2.1046088 2.0440339 2.0333183 2.2007799 2.1570039 2.2868662 2.2003811 2.0856993 1.9570867 2.1946466 2.2656800 2.4625186 2.0133368 
Nvec_v1g194229                                          1.2676535 1.2834502 1.2278309 1.9916038 1.8687634 1.9470705 2.0481090 2.0408517 0.2073582 0.0000000 0.3135249 0.2754228 0.3423285 0.3686037 0.3229770 0.3173982 0.3418693 0.4375126 0.3386094 0.4557311 0.6826900 0.7636657 0.7047152 0.7047152 0.7660776 0.7101819 0.7397047 0.7505919 0.7004242 0.7382090 0.6630087 0.7391723 0.7914538 0.7953304 0.9774344 0.8565040 0.7454752 1.2595930 1.2388690 1.6935362 1.7343235 1.3184611 1.2157189 1.1358977 1.2637087 1.3425580 1.3170327 1.4171672 1.6377770 1.2489458 1.2309586 1.5152652 1.1620430 1.2695606 1.5531896 1.5854320 2.1907039 2.1296752 2.2094220 2.1526346 2.3119030 2.1591979 2.3081975 2.2182845 2.1039485 2.1052175 2.1039412 2.3562729 2.5280442 2.2253183 
Adig_XM_015922844.1                                     1.4067832 1.3524229 1.3681622 2.1634097 2.0201222 1.9706613 1.9887873 2.1195002 0.3390121 0.3135249 0.0000000 0.1554616 0.3936038 0.3653214 0.3758163 0.3711655 0.4939105 0.5412579 0.5004972 0.5912432 0.8172307 0.9534002 0.8310048 0.8310048 0.9399693 0.9326888 0.9093789 0.8978083 0.8843160 0.8312333 0.8007863 0.8356677 0.8310684 0.8175976 1.0691447 1.0947969 0.9322078 1.5544621 1.4745205 1.7377507 1.7542099 1.5089597 1.4416066 1.2679588 1.3516122 1.4913953 1.4392140 1.5104468 1.7675667 1.4264553 1.4815665 1.6486430 1.2128643 1.4010718 1.6975609 1.6985188 2.4994775 2.3047753 2.2225642 2.1803217 2.5477964 2.2707995 2.4032700 2.2969919 2.3301230 2.2082541 2.5098422 2.5942413 2.7476082 2.4215368 
Gfas_gfas1.m1.3430.m1                                   1.3943330 1.2913627 1.3003553 2.1135901 1.8792322 1.8881460 2.0120971 2.0363627 0.3249132 0.2754228 0.1554616 0.0000000 0.3438937 0.3653373 0.3474427 0.3448401 0.3932623 0.5117290 0.4784657 0.5486745 0.7114455 0.7882975 0.8017102 0.8017102 0.8599885 0.8348590 0.8228271 0.8340956 0.7801095 0.7840058 0.7620617 0.7674528 0.8082777 0.8285197 0.9624913 0.9712246 0.8606999 1.4990985 1.3555807 1.7208956 1.7934793 1.4775262 1.3379333 1.2789080 1.3711852 1.3706877 1.4424503 1.5405140 1.7075025 1.4056212 1.4738963 1.5722243 1.2174550 1.4182165 1.5693243 1.6968216 2.4383098 2.1924295 2.2411295 2.1992361 2.5005013 2.2824347 2.4070131 2.1226415 2.2814753 2.0549042 2.4007531 2.5437286 2.6753832 2.3752263 
Fspp_ffun1.m4.25153.m1                                  1.3322436 1.3962297 1.3156602 2.0591203 1.8650814 1.8013817 1.8883606 2.0129563 0.3837246 0.3423285 0.3936038 0.3438937 0.0000000 0.0837502 0.1816975 0.1818106 0.4506446 0.4966919 0.4320047 0.5380128 0.7409980 0.7875369 0.8398046 0.8398046 0.9221723 0.9256251 0.8841116 0.8863409 0.8282893 0.8063205 0.7478284 0.7688541 0.8118560 0.8118618 1.0520831 0.9686819 0.7188447 1.5922310 1.3455178 1.6389180 1.6254322 1.3977280 1.1580639 1.2162895 1.4483103 1.3274980 1.3376336 1.3755061 1.5562170 1.2730071 1.2960522 1.4919345 1.1840025 1.1914469 1.4451693 1.5822983 2.2372022 2.1552815 2.4526915 2.3873319 2.4199687 2.2629488 2.3839398 2.0867463 2.0311748 1.9399020 2.2823887 2.5175657 2.3019507 2.3718863 
Gasp_gasp1.m3.7977.m1                                   1.2977543 1.3356042 1.2877013 1.9725916 1.7390766 1.7311209 1.8128131 1.9644985 0.3785461 0.3686037 0.3653214 0.3653373 0.0837502 0.0000000 0.1433144 0.1434284 0.4555951 0.4868494 0.4308780 0.5326278 0.7417137 0.7767881 0.7971195 0.7971195 0.9318188 0.9394803 0.8932774 0.8955373 0.8406694 0.8240808 0.7546132 0.7513412 0.7817908 0.7830389 1.0305260 0.9493730 0.6885077 1.5422164 1.2867358 1.6143621 1.5992540 1.3768087 1.2099107 1.2182742 1.4043164 1.3324940 1.3575939 1.4079301 1.5743828 1.3297647 1.2753289 1.4696211 1.1478944 1.1760025 1.4433130 1.5644992 2.1929105 2.1366347 2.4348454 2.3704222 2.4945312 2.2559320 2.4179020 2.1425589 2.1167765 1.9941463 2.2763213 2.4450358 2.2542617 2.3428279 
Spis_XP_022807545_1                                     1.2569691 1.2821655 1.2358071 1.9524797 1.7515225 1.7150289 1.8797747 1.8922330 0.3450753 0.3229770 0.3758163 0.3474427 0.1816975 0.1433144 0.0000000 0.0196326 0.4364362 0.4237309 0.4247466 0.5361274 0.7188042 0.7792818 0.7558364 0.7558364 0.8450030 0.8489420 0.8093351 0.8204487 0.7578307 0.7636008 0.7918686 0.7853633 0.7861317 0.8172528 1.0284759 0.9164042 0.7254045 1.5076701 1.1355092 1.5272944 1.5922508 1.2698419 1.1803782 1.2560020 1.2909586 1.3184789 1.3363895 1.4834902 1.6052310 1.3400438 1.3127529 1.5139374 1.1855074 1.2399639 1.5375183 1.6177628 2.2011785 2.1417798 2.2551514 2.1966440 2.3583452 2.2291303 2.3939492 2.2083113 2.0906167 2.0455190 2.3230080 2.5287526 2.5624383 2.2817371 
Pocdam_XM_027201633.1                                   1.2520774 1.2962638 1.2385758 1.9467863 1.8084336 1.7605288 1.8971587 1.9169396 0.3304675 0.3173982 0.3711655 0.3448401 0.1818106 0.1434284 0.0196326 0.0000000 0.4536417 0.4199165 0.4192664 0.5278363 0.7173541 0.7777510 0.7669980 0.7669980 0.8554032 0.8592690 0.8194960 0.8306475 0.7675425 0.7629114 0.7996259 0.8015018 0.8114739 0.8205985 1.0486176 0.9288905 0.7137047 1.5345111 1.1425195 1.5278398 1.5926590 1.2630172 1.1509823 1.2482051 1.3117224 1.3019467 1.3317995 1.4882620 1.6094139 1.3454639 1.3181484 1.5076651 1.1917845 1.2343781 1.5261858 1.6399012 2.1576072 2.1467236 2.2852149 2.2258111 2.4336869 2.3207670 2.4864041 2.2372989 2.1386717 2.0978231 2.3555522 2.5026598 2.5287063 2.3119287 
Aaur_scaffold2.g58.t1                                   1.3727992 1.2720030 1.1616305 1.9596889 1.7663230 1.7936153 2.0783169 1.9557868 0.3922243 0.3418693 0.4939105 0.3932623 0.4506446 0.4555951 0.4364362 0.4536417 0.0000000 0.2442015 0.2086204 0.3108977 0.6744343 0.7006233 0.7820143 0.7820143 0.8069872 0.7853877 0.7710317 0.7820893 0.7399943 0.7801207 0.6788133 0.7823230 0.8152674 0.8401391 1.0210275 0.8690732 0.7759190 1.4267660 1.2440617 1.7089294 1.6459146 1.2649369 1.2750099 1.2992804 1.4120753 1.2321473 1.3438725 1.5843934 1.7407932 1.4176955 1.3188330 1.6415066 1.1969981 1.3243325 1.5508272 1.7078763 2.0922456 2.0587417 1.9994219 1.9403597 2.2839785 1.9246333 2.0509203 2.2092568 1.9587501 1.8992073 2.2316811 2.4387621 2.6611984 2.4093792 
Nemnom_g15502.t1                                        1.3038485 1.3020370 1.2474382 1.9463119 1.6328854 1.8639230 2.1484873 1.9301933 0.4731157 0.4375126 0.5412579 0.5117290 0.4966919 0.4868494 0.4237309 0.4199165 0.2442015 0.0000000 0.1109375 0.3336805 0.8205413 0.8131591 0.8154557 0.8154557 0.8640986 0.8102854 0.8351715 0.8317601 0.8034507 0.7786141 0.6858481 0.7998808 0.8445949 0.8088031 0.9679753 0.8696906 0.8357325 1.5159525 1.1715126 1.6367274 1.6080822 1.2873357 1.1388020 1.2250893 1.2754359 1.2047028 1.3690203 1.4550184 1.5963987 1.2974409 1.2493154 1.5261983 1.1517832 1.1967764 1.4099912 1.5102113 2.2536904 2.3227380 2.3502254 2.3257144 2.4358846 2.2793693 2.4342150 2.3398494 2.1687493 1.9411821 2.3095642 2.5715892 2.8505662 2.6313109 
Rhoesc_Res_004020-T1                                    1.2832267 1.2055671 1.1907358 1.7902673 1.7059705 1.7959151 2.0014718 1.8578663 0.3954268 0.3386094 0.5004972 0.4784657 0.4320047 0.4308780 0.4247466 0.4192664 0.2086204 0.1109375 0.0000000 0.2564591 0.7301347 0.7398382 0.7500974 0.7500974 0.8173690 0.7943741 0.7914001 0.7880996 0.7460157 0.7836914 0.6612518 0.7862541 0.8355091 0.7988525 0.9652194 0.8942428 0.8247235 1.4544097 1.2488197 1.7011747 1.6528120 1.3342522 1.1750457 1.1368168 1.3017289 1.2914234 1.3845136 1.4522794 1.5656587 1.2326658 1.2369928 1.5559405 1.1791778 1.2521000 1.4532786 1.4883705 2.3193405 2.1894718 2.1776140 2.1312890 2.3731635 2.2468108 2.4003389 2.3535148 2.1724024 1.9522797 2.2275303 2.5176053 2.6303881 2.4486884 
Sanmal_Sma_022721-T1                                    1.2998420 1.2121265 1.1329390 1.8751391 1.7709213 1.7965810 1.9198404 1.7923747 0.4851307 0.4557311 0.5912432 0.5486745 0.5380128 0.5326278 0.5361274 0.5278363 0.3108977 0.3336805 0.2564591 0.0000000 0.8032703 0.8232579 0.8210097 0.8210097 0.8771528 0.8528592 0.8492880 0.8459122 0.8101767 0.8284597 0.7923739 0.8358362 0.8214812 0.8250477 1.1105898 0.8583112 0.8240036 1.7305340 1.2117333 1.6254895 1.6121704 1.3815019 1.1743374 1.1287260 1.2413880 1.1327213 1.3130748 1.6062787 1.7343171 1.3308574 1.2132801 1.5887724 1.2230262 1.4054953 1.3134056 1.6106396 2.2818178 2.2512476 2.3822855 2.3065033 2.5000399 2.4538206 2.6116413 2.3376438 2.0379061 2.0544720 1.9486072 2.2492091 2.5212809 2.2453255 
Hvul_g10705_1                                           1.4270821 1.3394400 1.3857155 1.9317650 1.9230717 1.6603086 1.9936483 1.9668199 0.7314667 0.6826900 0.8172307 0.7114455 0.7409980 0.7417137 0.7188042 0.7173541 0.6744343 0.8205413 0.7301347 0.8032703 0.0000000 0.3479027 1.1260990 1.1260990 1.1854781 1.2122161 1.1485423 1.1615202 1.0376419 1.2252168 1.0188766 1.1705243 1.0346547 1.1173654 1.2930432 1.2196069 0.8942136 1.8936401 1.5248611 2.0110090 2.0700921 1.6635843 1.5827022 1.4223255 1.7248095 1.6154677 1.8669546 1.6440529 1.8442179 1.5118925 1.3856300 1.7138198 1.4394630 1.5842275 1.8351056 1.9328824 2.3416442 2.3220021 2.4736500 2.3824817 2.7067858 2.4299918 2.5665693 2.3983202 2.4321859 2.2324353 2.4778127 2.6326659 2.7680580 2.6482214 
Chem_TCONS_00060068                                     1.4158555 1.3063400 1.2484862 1.8738746 1.9118963 1.7213757 2.0492178 1.8245869 0.8158483 0.7636657 0.9534002 0.7882975 0.7875369 0.7767881 0.7792818 0.7777510 0.7006233 0.8131591 0.7398382 0.8232579 0.3479027 0.0000000 1.0849192 1.0849192 1.2462473 1.2672444 1.1767588 1.1901860 1.0791636 1.1721078 1.0173798 1.1296079 1.0035388 1.0969005 1.3497218 1.1414395 0.9253586 2.0596023 1.4216060 1.9867313 1.9801074 1.6130398 1.6217863 1.4402395 1.6877635 1.6140941 1.9050345 1.6132005 1.7612472 1.5747023 1.5389599 1.7561394 1.6985130 1.4346855 1.7945704 1.6580864 2.3480496 2.2295284 2.5266100 2.4165678 2.4586005 2.3728815 2.5234117 2.4935541 2.2843302 2.2617582 2.4723891 2.5803600 2.7970771 2.6298600 
Tadh_TriadT58258                                        1.2628757 1.3279118 1.0774455 2.0366743 1.9743242 2.0474357 2.1139030 2.1763179 0.7229942 0.7047152 0.8310048 0.8017102 0.8398046 0.7971195 0.7558364 0.7669980 0.7820143 0.8154557 0.7500974 0.8210097 1.1260990 1.0849192 0.0000000 0.0000010 0.2966416 0.2895402 0.2662228 0.2747119 0.2713628 0.6905698 0.6985624 0.6831820 0.7334598 0.7731635 0.9617030 0.8797240 0.9751024 1.5890989 1.1054448 1.5695289 1.4555959 1.0589758 1.1713121 1.2120564 1.3222898 1.0856420 1.1987409 1.6753472 1.6760113 1.1552887 1.3316932 1.5683296 1.2281794 1.2882816 1.7289767 1.5381053 2.4924222 2.3382504 2.2705866 2.2117447 2.3276245 2.2926087 2.3696711 2.3183539 2.2397806 2.0933887 2.1350381 2.2823407 2.4494078 2.1739979 
TrH2_TrispH2_004498-RA                                  1.2628757 1.3279118 1.0774455 2.0366743 1.9743242 2.0474357 2.1139030 2.1763179 0.7229942 0.7047152 0.8310048 0.8017102 0.8398046 0.7971195 0.7558364 0.7669980 0.7820143 0.8154557 0.7500974 0.8210097 1.1260990 1.0849192 0.0000010 0.0000000 0.2966416 0.2895402 0.2662228 0.2747119 0.2713628 0.6905698 0.6985624 0.6831820 0.7334598 0.7731635 0.9617030 0.8797240 0.9751024 1.5890989 1.1054448 1.5695289 1.4555959 1.0589758 1.1713121 1.2120564 1.3222898 1.0856420 1.1987409 1.6753472 1.6760113 1.1552887 1.3316932 1.5683296 1.2281794 1.2882816 1.7289767 1.5381053 2.4924222 2.3382504 2.2705866 2.2117447 2.3276245 2.2926087 2.3696711 2.3183539 2.2397806 2.0933887 2.1350381 2.2823407 2.4494078 2.1739979 
HoiH06_mRNA10286                                        1.3796461 1.3913073 1.2420676 2.0470334 2.0122309 1.9207942 2.2173802 2.4439373 0.8074822 0.7660776 0.9399693 0.8599885 0.9221723 0.9318188 0.8450030 0.8554032 0.8069872 0.8640986 0.8173690 0.8771528 1.1854781 1.2462473 0.2966416 0.2966416 0.0000000 0.0331309 0.0466119 0.0533527 0.0910921 0.7868809 0.7655116 0.7942361 0.8477559 0.8591894 1.0082828 0.9496223 1.1757237 1.6786102 1.0878883 1.5055948 1.3785124 1.1458453 1.2696907 1.2398828 1.2440975 1.1206467 1.2460690 1.6404519 1.7464771 1.1802870 1.3478798 1.5536932 1.1608322 1.2926415 1.7245948 1.6166812 2.3580803 2.3981397 2.3554233 2.2942636 2.3839519 2.3766653 2.4293299 2.2907589 2.1462937 2.0803642 2.1713330 2.2861793 2.5601728 2.1570713 
HoiH23_PlH23_005568-RA                                  1.3537873 1.3811762 1.1854464 2.0357102 1.8693956 1.8956809 2.2283243 2.4258825 0.7915672 0.7101819 0.9326888 0.8348590 0.9256251 0.9394803 0.8489420 0.8592690 0.7853877 0.8102854 0.7943741 0.8528592 1.2122161 1.2672444 0.2895402 0.2895402 0.0331309 0.0000000 0.0822197 0.0891980 0.1051671 0.7645879 0.7705194 0.7714502 0.8136168 0.8417681 0.9472493 0.9226097 1.1465539 1.5459119 1.0964090 1.5138709 1.4007502 1.1472574 1.2728158 1.2326969 1.2353297 1.0681594 1.1890765 1.6799278 1.7794464 1.1940820 1.3664956 1.5403060 1.1582453 1.3030274 1.7798640 1.6050050 2.2134032 2.2418541 2.2904400 2.2587790 2.2777731 2.2015435 2.2603671 2.2342725 2.0806827 2.0557076 2.1112012 2.3094795 2.5386930 2.1311963 
Hhon_g07430.t1                                          1.2795154 1.3236434 1.1614080 2.0309366 1.9756487 1.9219493 2.1942200 2.3238810 0.7897022 0.7397047 0.9093789 0.8228271 0.8841116 0.8932774 0.8093351 0.8194960 0.7710317 0.8351715 0.7914001 0.8492880 1.1485423 1.1767588 0.2662228 0.2662228 0.0466119 0.0822197 0.0000000 0.0064286 0.0903867 0.7601582 0.7498044 0.7552266 0.8375252 0.8677530 0.9945311 0.9273240 1.1208482 1.6939979 1.0674137 1.4575775 1.3380715 1.1334799 1.2299000 1.2388259 1.2388531 1.1075880 1.2200663 1.7046673 1.8143567 1.1663888 1.3220690 1.5094467 1.2014792 1.2436940 1.7108779 1.5433661 2.3421228 2.3237639 2.2880773 2.2298465 2.3387143 2.3725221 2.4413903 2.1947431 2.1155956 2.0375042 2.1088825 2.1490583 2.4511545 2.0392409 
HoiH04_mRNA16202                                        1.2650783 1.3189900 1.1571200 2.0243645 1.9692669 1.9157132 2.1873482 2.3165130 0.8008826 0.7505919 0.8978083 0.8340956 0.8863409 0.8955373 0.8204487 0.8306475 0.7820893 0.8317601 0.7880996 0.8459122 1.1615202 1.1901860 0.2747119 0.2747119 0.0533527 0.0891980 0.0064286 0.0000000 0.0974605 0.7715918 0.7607113 0.7667854 0.8489411 0.8561594 1.0072303 0.9393610 1.1207773 1.7116773 1.0659463 1.4481154 1.3287264 1.1194449 1.2439869 1.2429520 1.2528264 1.0987773 1.2114513 1.6872369 1.8083793 1.1650196 1.3188937 1.5040858 1.2156356 1.2438011 1.7048535 1.5408021 2.3186711 2.3005052 2.2652591 2.2077185 2.3149631 2.3443300 2.4141564 2.1818703 2.0940111 2.0301963 2.0881296 2.1276142 2.4566060 2.0187457 
HoiH11_mRNA7694                                         1.2652833 1.2795902 1.1663103 1.9220423 1.9113590 1.8582593 2.2030114 2.3191609 0.7358283 0.7004242 0.8843160 0.7801095 0.8282893 0.8406694 0.7578307 0.7675425 0.7399943 0.8034507 0.7460157 0.8101767 1.0376419 1.0791636 0.2713628 0.2713628 0.0910921 0.1051671 0.0903867 0.0974605 0.0000000 0.7780584 0.7110290 0.7561895 0.7775256 0.8613377 0.9879034 0.8548858 1.0367323 1.5593834 1.0815865 1.5314283 1.4152270 1.1494901 1.2619164 1.1382840 1.2680208 1.1090178 1.2134242 1.6452608 1.7275629 1.1204226 1.3331505 1.5716156 1.1502360 1.2830395 1.7520769 1.6186844 2.2147173 2.2171580 2.1786833 2.1246444 2.1748814 2.2070167 2.2801067 2.1024572 2.0864877 1.9789444 2.0606914 2.1804496 2.4055136 2.0882117 
Aque_Aqu2.1.38618_001                                   1.4616244 1.4563883 1.4229718 2.2338670 2.0811023 2.2021042 2.5955963 2.4530435 0.7324963 0.7382090 0.8312333 0.7840058 0.8063205 0.8240808 0.7636008 0.7629114 0.7801207 0.7786141 0.7836914 0.8284597 1.2252168 1.1721078 0.6905698 0.6905698 0.7868809 0.7645879 0.7601582 0.7715918 0.7780584 0.0000000 0.4745964 0.3343633 0.6732766 0.6691658 0.7576952 0.8633345 0.9806574 1.3569287 1.0403217 1.5858213 1.5262425 1.1872846 1.3050291 1.4166047 1.4416515 1.1804790 1.1289930 1.8539627 1.8783024 1.3384214 1.4075386 1.3831835 1.3568913 1.1242282 1.5955148 1.6651566 1.9650235 1.9332817 2.0244343 2.0125210 2.0096838 1.9255463 2.0328919 2.0638508 2.2089433 1.8300385 1.9009696 2.2002034 2.1275758 1.9434874 
Xestes_maker-XT_scaffold2062-augustus-gene-0.17-mRNA-1  1.2268279 1.1199575 1.3388960 1.9033999 1.6789028 1.8756416 2.1313314 2.0418929 0.7047504 0.6630087 0.8007863 0.7620617 0.7478284 0.7546132 0.7918686 0.7996259 0.6788133 0.6858481 0.6612518 0.7923739 1.0188766 1.0173798 0.6985624 0.6985624 0.7655116 0.7705194 0.7498044 0.7607113 0.7110290 0.4745964 0.0000000 0.3305421 0.4471789 0.4925771 0.5963167 0.6188574 0.9168737 1.2020143 0.9628543 1.3615391 1.4655623 1.0738872 1.1464833 1.1197909 1.2224705 1.0327953 1.0402956 1.5056915 1.6075750 1.1254282 1.2558180 1.3651070 1.1012424 1.0379248 1.5055637 1.7603427 2.0544712 2.1032950 2.1272073 2.0602302 2.3298945 2.0529695 2.1431681 2.0445597 2.0968658 1.8171976 1.9526991 2.1485880 2.1003262 1.9932242 
Halamb_c38161_g1_i1m.10589                              1.3337020 1.1961870 1.2182611 1.9057010 1.6822053 1.8982047 2.1970309 2.0260617 0.7924586 0.7391723 0.8356677 0.7674528 0.7688541 0.7513412 0.7853633 0.8015018 0.7823230 0.7998808 0.7862541 0.8358362 1.1705243 1.1296079 0.6831820 0.6831820 0.7942361 0.7714502 0.7552266 0.7667854 0.7561895 0.3343633 0.3305421 0.0000000 0.5199951 0.5351202 0.6706104 0.7346080 0.9671418 1.3405598 0.9261441 1.2608966 1.1749936 1.0382944 1.2429769 1.0502383 1.1197664 0.9250845 1.0204485 1.5824006 1.5984753 1.2736575 1.4140445 1.3133176 1.1103359 1.0630553 1.2836327 1.5629984 1.8062381 1.8567047 1.8454720 1.8397864 1.8861574 1.9698720 2.0206663 1.8880534 2.0048437 1.6077828 1.7343438 2.0270758 1.9503941 1.9177841 
Emue_Em0786g11a.t1                                      1.3523033 1.1795318 1.2567376 2.1963165 1.6597473 1.8669723 2.1397183 2.0366083 0.8727296 0.7914538 0.8310684 0.8082777 0.8118560 0.7817908 0.7861317 0.8114739 0.8152674 0.8445949 0.8355091 0.8214812 1.0346547 1.0035388 0.7334598 0.7334598 0.8477559 0.8136168 0.8375252 0.8489411 0.7775256 0.6732766 0.4471789 0.5199951 0.0000000 0.1189133 0.7256590 0.7813260 0.9630771 1.3643705 1.1509568 1.4654288 1.4249571 1.1907596 1.4730027 1.1352249 1.2139366 1.1157940 1.1212769 1.4253298 1.4653927 1.3052442 1.2869748 1.2680834 1.0386497 1.1692774 1.5561978 1.9015227 2.2243180 2.3952435 2.2423067 2.2130996 2.4037937 2.1742112 2.2689341 2.3048583 2.1196401 1.8201053 1.9425123 2.1184254 2.1008180 2.0923954 
Spolac_c98432_g1_i2_m.17175c98432-g1                    1.3309128 1.2942039 1.3498644 2.1389340 1.7323866 1.9782364 2.1575384 2.0354302 0.8757311 0.7953304 0.8175976 0.8285197 0.8118618 0.7830389 0.8172528 0.8205985 0.8401391 0.8088031 0.7988525 0.8250477 1.1173654 1.0969005 0.7731635 0.7731635 0.8591894 0.8417681 0.8677530 0.8561594 0.8613377 0.6691658 0.4925771 0.5351202 0.1189133 0.0000000 0.8080295 0.8289196 1.0697021 1.4426973 1.1414244 1.5471819 1.4546113 1.1932623 1.5449611 1.1409980 1.2300561 1.1976729 1.1492368 1.5423314 1.5871017 1.3633484 1.3187358 1.2959684 1.1141958 1.1885349 1.6255898 1.8163552 2.1225458 2.3359479 2.2312162 2.1616225 2.3621979 2.1579193 2.2302459 2.2285267 2.0328464 1.7780695 1.8979114 2.0866717 2.0641582 1.9987186 
Tetwil_g6435.t2                                         1.6696014 1.6508923 1.7195242 2.3895602 2.0689442 2.3444785 2.6029336 2.4658379 0.9662135 0.9774344 1.0691447 0.9624913 1.0520831 1.0305260 1.0284759 1.0486176 1.0210275 0.9679753 0.9652194 1.1105898 1.2930432 1.3497218 0.9617030 0.9617030 1.0082828 0.9472493 0.9945311 1.0072303 0.9879034 0.7576952 0.5963167 0.6706104 0.7256590 0.8080295 0.0000000 0.8766501 1.1881455 1.2162399 1.1056218 1.5871809 1.7467368 1.4766860 1.6778790 1.2815022 1.4880874 1.2077896 1.3370648 1.7311138 1.6989727 1.4068332 1.5438057 1.5209954 1.3078360 1.3784726 1.8129007 2.2171500 2.3437301 2.1601587 2.2870797 2.2487814 2.4591172 1.9341584 2.0479747 2.3073698 2.2050434 2.1618997 2.2419393 2.2562629 2.4231906 2.3926257 
Opea_EP00118_Oscarella_pearsei_P004845                  1.4550987 1.3566551 1.4832034 1.9764878 1.8430103 1.8597111 2.1042499 2.0745109 0.9398503 0.8565040 1.0947969 0.9712246 0.9686819 0.9493730 0.9164042 0.9288905 0.8690732 0.8696906 0.8942428 0.8583112 1.2196069 1.1414395 0.8797240 0.8797240 0.9496223 0.9226097 0.9273240 0.9393610 0.8548858 0.8633345 0.6188574 0.7346080 0.7813260 0.8289196 0.8766501 0.0000000 1.0879576 1.6014115 1.3142995 1.6801253 1.7775582 1.2655805 1.6294797 1.6202383 1.6148807 1.2205630 1.3378316 1.8664880 1.9544697 1.4378812 1.7675226 1.5054481 1.1750765 1.6126816 1.9734872 1.8911734 2.3712679 2.4469559 2.5904312 2.4157603 2.6446010 2.3351075 2.4046098 2.3153466 2.1847637 2.0877729 2.3777289 2.3332691 2.5819824 2.4380205 
Morvir_scaffold491.g6.t1                                1.4088424 1.4129963 1.3370912 1.9871218 1.9516823 1.8309357 2.2237005 1.9412910 0.7725608 0.7454752 0.9322078 0.8606999 0.7188447 0.6885077 0.7254045 0.7137047 0.7759190 0.8357325 0.8247235 0.8240036 0.8942136 0.9253586 0.9751024 0.9751024 1.1757237 1.1465539 1.1208482 1.1207773 1.0367323 0.9806574 0.9168737 0.9671418 0.9630771 1.0697021 1.1881455 1.0879576 0.0000000 1.8325498 1.6566190 2.1257928 2.1875571 1.7444705 1.5192497 1.6972953 1.7776928 1.4329416 1.6556464 1.8876378 1.8977407 1.6725471 1.6336976 1.9608348 1.5646435 1.3895783 2.1237865 1.7443065 2.1655294 2.4244021 2.3586890 2.2964148 2.5286400 2.4961180 2.5571687 2.3243919 2.1733011 2.0567313 2.2138407 2.3024551 2.3167176 2.1486139 
Stycar_maker-SC_scaffold1740-augustus-gene-0.102-mRNA-1 2.4219329 2.4594297 2.3072403 3.0395538 2.9272038 3.0676211 3.0127879 3.2860145 1.3852446 1.2595930 1.5544621 1.4990985 1.5922310 1.5422164 1.5076701 1.5345111 1.4267660 1.5159525 1.4544097 1.7305340 1.8936401 2.0596023 1.5890989 1.5890989 1.6786102 1.5459119 1.6939979 1.7116773 1.5593834 1.3569287 1.2020143 1.3405598 1.3643705 1.4426973 1.2162399 1.6014115 1.8325498 0.0000000 2.2601104 2.9875301 2.8610299 2.2444670 2.6394137 2.3998833 2.8240076 2.4362502 1.9900875 2.8131440 2.9148064 2.5087940 2.2746899 2.3394740 1.9502277 2.3856931 2.8370124 4.5420846 2.7520162 2.6035792 2.6435876 2.5202092 2.7066037 2.4413405 2.5891783 2.3908731 2.3295724 2.4956462 3.3389832 3.3950283 3.3409241 3.0756054 
Mbre_EDQ92360                                           1.6358187 1.3275154 1.3200013 2.5396937 2.2521236 2.3111368 2.6812411 2.7092241 1.2502686 1.2388690 1.4745205 1.3555807 1.3455178 1.2867358 1.1355092 1.1425195 1.2440617 1.1715126 1.2488197 1.2117333 1.5248611 1.4216060 1.1054448 1.1054448 1.0878883 1.0964090 1.0674137 1.0659463 1.0815865 1.0403217 0.9628543 0.9261441 1.1509568 1.1414244 1.1056218 1.3142995 1.6566190 2.2601104 0.0000000 0.5439266 0.5223914 0.7232297 0.7881090 0.7556263 0.7587012 0.8037085 0.8023301 1.2255009 1.3525712 1.0499082 1.0564560 1.1414760 1.1186330 0.9460516 1.0526751 1.7285502 2.0355183 1.9851506 1.9652829 1.9869369 2.0056219 2.3181493 2.4067832 2.2047880 2.2262155 1.8464412 2.5385475 2.5140597 2.5250698 2.7343286 
Choper_EP00045_Choanoeca_perplexa_P001385               2.0279569 1.7003032 1.9365194 2.8446631 2.6552406 3.2126784 2.9396312 3.2542950 1.6628435 1.6935362 1.7377507 1.7208956 1.6389180 1.6143621 1.5272944 1.5278398 1.7089294 1.6367274 1.7011747 1.6254895 2.0110090 1.9867313 1.5695289 1.5695289 1.5055948 1.5138709 1.4575775 1.4481154 1.5314283 1.5858213 1.3615391 1.2608966 1.4654288 1.5471819 1.5871809 1.6801253 2.1257928 2.9875301 0.5439266 0.0000000 0.3517092 0.7551013 1.2643283 1.2699952 1.3261450 1.1369168 1.1044146 1.6140771 1.7330782 1.4890639 1.6385971 1.4452090 1.3537305 1.3004202 1.3544359 2.1358881 2.5581194 2.7954738 2.8328357 2.7229986 2.7663771 3.3816519 3.4266554 2.9773232 3.0108387 2.2453774 2.9569698 2.9725992 2.9687723 3.4134648 
Chofle_EP00730_Choanoeca_flexa_P018794                  2.0308725 1.7576519 1.7249255 3.2753583 2.7677571 3.1255924 3.0056629 3.0918948 1.6610719 1.7343235 1.7542099 1.7934793 1.6254322 1.5992540 1.5922508 1.5926590 1.6459146 1.6080822 1.6528120 1.6121704 2.0700921 1.9801074 1.4555959 1.4555959 1.3785124 1.4007502 1.3380715 1.3287264 1.4152270 1.5262425 1.4655623 1.1749936 1.4249571 1.4546113 1.7467368 1.7775582 2.1875571 2.8610299 0.5223914 0.3517092 0.0000000 0.5852645 1.1522800 1.2759157 1.3773086 0.9643012 0.9223148 1.7588330 1.9176683 1.4879076 1.4597268 1.2987079 1.3608668 1.1571752 1.2459095 1.9706613 2.3587285 2.6176776 2.6671605 2.4471178 2.3894228 2.8149285 2.8674073 2.6525741 2.7077707 2.1012348 3.0550937 3.0219731 3.1566035 3.4567190 
Salinf_EP00049_Salpingoeca_infusionum_P017898           1.6999642 1.5074141 1.7560178 2.7834438 2.4082684 2.6394567 3.1115388 2.9478643 1.2614320 1.3184611 1.5089597 1.4775262 1.3977280 1.3768087 1.2698419 1.2630172 1.2649369 1.2873357 1.3342522 1.3815019 1.6635843 1.6130398 1.0589758 1.0589758 1.1458453 1.1472574 1.1334799 1.1194449 1.1494901 1.1872846 1.0738872 1.0382944 1.1907596 1.1932623 1.4766860 1.2655805 1.7444705 2.2444670 0.7232297 0.7551013 0.5852645 0.0000000 1.0065390 0.9273577 1.0133780 0.8421523 0.8069072 1.3814417 1.5819863 1.1207299 1.2155334 1.1774108 1.1829114 0.9975816 1.1869574 1.7892017 2.4500637 2.4901669 2.2889752 2.3105399 2.4884033 2.5791587 2.6307269 2.8603702 2.5816205 2.2466632 2.5077966 2.5129021 2.8025512 2.9101424 
Didcos_EP00039_Didymoeca_costata_P013780                1.8218717 1.9896703 1.6601428 2.7657629 2.8838563 2.8520558 3.1853236 3.1124723 1.2148816 1.2157189 1.4416066 1.3379333 1.1580639 1.2099107 1.1803782 1.1509823 1.2750099 1.1388020 1.1750457 1.1743374 1.5827022 1.6217863 1.1713121 1.1713121 1.2696907 1.2728158 1.2299000 1.2439869 1.2619164 1.3050291 1.1464833 1.2429769 1.4730027 1.5449611 1.6778790 1.6294797 1.5192497 2.6394137 0.7881090 1.2643283 1.1522800 1.0065390 0.0000000 1.2648645 1.3741684 1.2624887 1.1655516 1.4305847 1.4681008 1.1252379 1.0817346 1.2916177 1.2150294 1.2395138 1.6806049 2.1205556 2.5974033 2.5333493 2.7570741 2.6650115 2.7741941 2.6971655 2.7357669 2.6120968 2.5752235 1.9884354 2.6117428 2.9007541 2.6724099 2.6426140 
Salmac_EP00052_Salpingoeca_macrocollata_P007020         2.0013100 1.5741677 1.8333444 2.5968319 2.2666828 2.5735311 2.6899842 2.6421793 1.1179130 1.1358977 1.2679588 1.2789080 1.2162895 1.2182742 1.2560020 1.2482051 1.2992804 1.2250893 1.1368168 1.1287260 1.4223255 1.4402395 1.2120564 1.2120564 1.2398828 1.2326969 1.2388259 1.2429520 1.1382840 1.4166047 1.1197909 1.0502383 1.1352249 1.1409980 1.2815022 1.6202383 1.6972953 2.3998833 0.7556263 1.2699952 1.2759157 0.9273577 1.2648645 0.0000000 0.7698085 1.2969238 1.1853233 1.5456739 1.6805187 1.2128856 1.1126517 1.4281507 0.9914116 1.2070807 1.2877502 1.9275669 2.9658592 2.9227579 3.0263035 2.9574978 2.8724674 3.0304709 2.9885885 2.8407162 2.7871434 2.3669843 2.5818360 2.6085311 2.6007446 3.1242918 
Salpun_EP00053_Salpingoeca_punica_P006723               1.8625599 1.7369410 1.8999759 2.4598716 2.4027205 2.4669097 2.5681676 2.6167775 1.2962087 1.2637087 1.3516122 1.3711852 1.4483103 1.4043164 1.2909586 1.3117224 1.4120753 1.2754359 1.3017289 1.2413880 1.7248095 1.6877635 1.3222898 1.3222898 1.2440975 1.2353297 1.2388531 1.2528264 1.2680208 1.4416515 1.2224705 1.1197664 1.2139366 1.2300561 1.4880874 1.6148807 1.7776928 2.8240076 0.7587012 1.3261450 1.3773086 1.0133780 1.3741684 0.7698085 0.0000000 1.2282019 1.3211544 1.6582615 1.6466320 1.2719740 1.4025529 1.2039517 1.1723374 1.2310687 1.4947275 2.1009428 3.1058709 3.0118987 3.3235920 3.1333695 3.1023182 3.4611208 3.5120029 3.0887295 2.9032995 2.3859047 2.5950129 2.5890063 2.8847986 3.0200080 
Sros_EGD81070                                           1.9947856 1.9256007 2.0376771 3.2978696 2.7343806 2.8286499 3.2668856 3.1358540 1.3048076 1.3425580 1.4913953 1.3706877 1.3274980 1.3324940 1.3184789 1.3019467 1.2321473 1.2047028 1.2914234 1.1327213 1.6154677 1.6140941 1.0856420 1.0856420 1.1206467 1.0681594 1.1075880 1.0987773 1.1090178 1.1804790 1.0327953 0.9250845 1.1157940 1.1976729 1.2077896 1.2205630 1.4329416 2.4362502 0.8037085 1.1369168 0.9643012 0.8421523 1.2624887 1.2969238 1.2282019 0.0000000 0.2395986 1.6255815 1.7936778 1.5099574 1.5304047 1.0524220 1.0630037 1.1965486 1.3967128 1.8489391 2.7179841 2.5743340 2.8955738 2.8162612 2.8064718 3.1875173 3.2416674 2.7837699 2.7207283 2.3393013 3.1389301 2.9522197 3.1732675 3.0604864 
Microa_EP00043_Microstomoeca_roanoka_P001021            1.7495780 1.6728841 1.9652817 2.7617825 2.6303034 2.4372684 2.8526464 2.5279182 1.3077824 1.3170327 1.4392140 1.4424503 1.3376336 1.3575939 1.3363895 1.3317995 1.3438725 1.3690203 1.3845136 1.3130748 1.8669546 1.9050345 1.1987409 1.1987409 1.2460690 1.1890765 1.2200663 1.2114513 1.2134242 1.1289930 1.0402956 1.0204485 1.1212769 1.1492368 1.3370648 1.3378316 1.6556464 1.9900875 0.8023301 1.1044146 0.9223148 0.8069072 1.1655516 1.1853233 1.3211544 0.2395986 0.0000000 1.7092442 1.7157498 1.2690886 1.3197250 1.0212425 1.2097821 1.2491193 1.2662694 1.7161686 2.6498526 2.5239423 2.4988170 2.5374423 2.7410679 2.6921302 2.7526231 2.6698719 2.5380557 2.2386648 2.8907809 2.6002337 2.7214731 2.6536816 
Acaspe_EP00035_Acanthoeca_spectabilis_P021965           2.0884236 1.8497585 2.0351860 3.5895407 3.2591950 3.2850779 3.6165712 3.1940008 1.3340430 1.4171672 1.5104468 1.5405140 1.3755061 1.4079301 1.4834902 1.4882620 1.5843934 1.4550184 1.4522794 1.6062787 1.6440529 1.6132005 1.6753472 1.6753472 1.6404519 1.6799278 1.7046673 1.6872369 1.6452608 1.8539627 1.5056915 1.5824006 1.4253298 1.5423314 1.7311138 1.8664880 1.8876378 2.8131440 1.2255009 1.6140771 1.7588330 1.3814417 1.4305847 1.5456739 1.6582615 1.6255815 1.7092442 0.0000000 0.3443294 0.9162688 0.9982360 1.1645444 1.3364437 1.5065007 1.4996557 2.4260353 3.0373742 2.8914898 2.9755102 2.9668772 3.0103297 2.9037617 2.9802044 3.2264873 2.7968230 2.3935945 3.2705319 3.0434163 3.3017359 3.7642306 
Helnan_EP00037_Helgoeca_nana_P001149                    2.2293987 1.8646139 2.0717252 3.2439041 3.0290239 3.1207634 3.3433712 3.0312492 1.5047032 1.6377770 1.7675667 1.7075025 1.5562170 1.5743828 1.6052310 1.6094139 1.7407932 1.5963987 1.5656587 1.7343171 1.8442179 1.7612472 1.6760113 1.6760113 1.7464771 1.7794464 1.8143567 1.8083793 1.7275629 1.8783024 1.6075750 1.5984753 1.4653927 1.5871017 1.6989727 1.9544697 1.8977407 2.9148064 1.3525712 1.7330782 1.9176683 1.5819863 1.4681008 1.6805187 1.6466320 1.7936778 1.7157498 0.3443294 0.0000000 1.0199822 1.0560921 1.2178627 1.5706518 1.4848922 1.5974235 2.5858298 3.2635260 3.2086183 3.2610433 3.2093620 3.4171453 3.4641535 3.5266933 3.3642746 2.9388951 2.3573061 3.0616415 3.1087915 3.1839853 3.3140379 
Diagra_EP00040_Diaphanoeca_grandis_P004431              1.9062836 1.4061112 1.6466206 2.2841683 2.2086887 2.3904836 2.8054427 2.6799421 1.1922411 1.2489458 1.4264553 1.4056212 1.2730071 1.3297647 1.3400438 1.3454639 1.4176955 1.2974409 1.2326658 1.3308574 1.5118925 1.5747023 1.1552887 1.1552887 1.1802870 1.1940820 1.1663888 1.1650196 1.1204226 1.3384214 1.1254282 1.2736575 1.3052442 1.3633484 1.4068332 1.4378812 1.6725471 2.5087940 1.0499082 1.4890639 1.4879076 1.1207299 1.1252379 1.2128856 1.2719740 1.5099574 1.2690886 0.9162688 1.0199822 0.0000000 0.7683448 1.1945922 1.3149983 1.3899539 1.6252596 1.9581292 2.6344000 2.4635563 2.6240160 2.6005854 2.6693024 2.6323822 2.7317783 2.7837357 2.7658425 2.2740783 2.9696851 2.5940952 2.8139742 2.9916833 
Stedip_EP00041_Stephanoeca_diplocostata_P005862         2.0204419 1.7365860 1.8393757 2.5019057 2.3518521 2.7137807 3.1273624 2.7150267 1.2454735 1.2309586 1.4815665 1.4738963 1.2960522 1.2753289 1.3127529 1.3181484 1.3188330 1.2493154 1.2369928 1.2132801 1.3856300 1.5389599 1.3316932 1.3316932 1.3478798 1.3664956 1.3220690 1.3188937 1.3331505 1.4075386 1.2558180 1.4140445 1.2869748 1.3187358 1.5438057 1.7675226 1.6336976 2.2746899 1.0564560 1.6385971 1.4597268 1.2155334 1.0817346 1.1126517 1.4025529 1.5304047 1.3197250 0.9982360 1.0560921 0.7683448 0.0000000 1.3003803 1.4668590 1.2912224 1.5363053 2.1653980 2.8985833 2.8986667 2.9381888 2.8817253 2.9026618 3.0401165 3.0522237 2.7684765 2.5204683 2.1429137 2.7982116 2.7680524 2.9340551 3.2110041 
Salkve_EP00050_Salpingoeca_kvevrii_P022028              1.6546645 1.5316370 1.6935895 2.7993661 2.4949564 2.2917654 2.5127600 2.3046631 1.4311278 1.5152652 1.6486430 1.5722243 1.4919345 1.4696211 1.5139374 1.5076651 1.6415066 1.5261983 1.5559405 1.5887724 1.7138198 1.7561394 1.5683296 1.5683296 1.5536932 1.5403060 1.5094467 1.5040858 1.5716156 1.3831835 1.3651070 1.3133176 1.2680834 1.2959684 1.5209954 1.5054481 1.9608348 2.3394740 1.1414760 1.4452090 1.2987079 1.1774108 1.2916177 1.4281507 1.2039517 1.0524220 1.0212425 1.1645444 1.2178627 1.1945922 1.3003803 0.0000000 1.2973460 1.1546801 1.3254326 2.0448357 2.7534071 2.3250925 2.8573870 2.8833536 2.7152340 2.9005139 2.9921500 2.5096046 2.5928699 2.3318049 2.5280696 2.7625177 2.6303356 2.6269134 
