70
Hsap_ENST00000354366                              0.0000000 1.6218713 1.8321624 2.7049488 2.8880599 1.4829275 2.8007851 2.8992426 2.0662173 2.0246854 1.6289100 1.9731381 1.9967104 2.0240042 2.0448328 1.9808794 2.1233758 2.3785605 2.1651025 2.3144222 2.0812747 2.2408110 2.2075385 2.4446435 2.5654847 2.4662719 2.5232652 2.5223648 2.4215528 2.2882287 2.8876456 2.9604272 2.6769807 2.9576574 2.7312699 2.7965793 2.9060431 2.8522199 2.1508420 2.2407075 2.4445673 2.2941230 4.4979602 4.0042259 4.0980802 4.1848722 2.9974110 3.7968393 2.8402932 2.7304943 2.5657018 2.4460721 2.1924718 3.0949298 3.3999134 2.7352986 3.1674767 2.8492262 2.7906900 3.1416820 3.1353449 3.1382680 3.1370163 3.0536181 3.5403470 3.1338974 2.5848170 3.0812356 3.3760552 3.4174585 
Bralan_BLAG04000828_1                             1.6218713 0.0000000 1.5987925 2.7749428 2.8980360 1.7970707 2.6344745 2.5399362 2.0412731 1.9068507 1.6548554 1.7900149 1.8721619 1.8865508 1.9123651 1.8520727 1.8294273 2.0986822 1.7830809 2.4170718 1.8342723 2.0711458 2.0128676 2.2253654 2.1565843 2.1328410 2.1515300 2.1563278 2.1528735 2.1810872 2.7114293 2.7545655 2.2456490 2.5921655 2.6663527 2.9245826 2.9689686 2.6194656 1.9091860 2.1891391 2.3813621 2.1930905 4.5407289 4.2396597 3.9129234 3.7038966 3.7223701 3.5186051 2.6604657 2.5315594 2.4631692 2.4042201 2.0631135 3.0636325 3.1331732 2.4129913 3.1400183 3.0055745 2.6046699 2.8378546 3.0307973 2.8632847 2.6902407 2.8666979 3.2012864 2.9640787 2.3561420 3.1822956 3.4452488 3.4798404 
Skow_XM_006823787.1                               1.8321624 1.5987925 0.0000000 2.8573146 2.8870295 1.8684707 2.7901909 2.8235582 1.8254196 1.7422534 1.5186146 1.7476771 1.8695500 1.8001121 1.8756997 1.8372643 1.9248134 2.1906079 2.0823963 2.3594441 1.8069620 2.1732126 1.9086510 2.2210630 2.2371699 2.2038517 2.1970765 2.1968778 2.1539674 2.2633324 2.7768007 2.7374682 2.5947226 2.6550991 2.6064494 2.9158035 3.0496202 2.8729438 1.9010134 2.0736448 2.2475707 2.1548023 4.3633092 4.0512588 3.5214354 3.3269190 3.2638372 3.5322629 2.8265399 2.7536173 2.4234241 2.4153981 2.2065482 2.9536926 3.3573692 2.3655221 3.3276847 2.9750984 2.5753394 2.7460869 3.3630702 3.0414738 2.7045922 2.8583380 3.1510204 2.8051850 2.4627737 3.0629596 3.4266654 3.4858541 
Scil_scict010548.1                                2.7049488 2.7749428 2.8573146 0.0000000 1.0072454 0.9950387 1.2286059 3.3415418 2.9629073 2.7500348 2.6118651 2.7743097 2.8215559 2.8622144 2.9335721 2.8057297 2.9350849 3.0275723 2.0061369 2.9150104 2.0585099 2.8661145 2.8487498 3.2053247 3.4565598 3.3550705 3.4030605 3.4135357 3.4232687 3.0699042 3.2673444 3.4796748 2.9012881 3.3135151 3.2625006 3.4251953 3.5085395 3.3130008 3.1529286 3.1901318 3.4652302 3.1561649 4.5883562 4.5055850 4.4271615 4.0468042 3.8606045 3.9139289 3.6346838 3.4480866 3.2178416 3.1314126 2.9225613 3.5062835 4.0123481 3.2141722 3.9434634 3.5995554 3.2891282 3.4583434 3.3646986 3.4617430 3.2351062 3.7629303 4.1472678 3.6812657 3.3657821 4.1099844 4.0546506 4.2115204 
Gracom_Gcom_C538818_01                            2.8880599 2.8980360 2.8870295 1.0072454 0.0000000 0.7285592 1.2396657 3.4100722 2.7885159 2.7928925 9.0000000 2.6051129 2.5874279 2.5385719 2.3612283 2.3218157 2.7127765 3.4024845 2.6339601 3.4789562 1.5904096 3.0922090 3.6344834 3.6727742 3.8937720 3.9067692 3.9404624 3.9319907 4.1343259 3.4827606 3.2876347 3.3884676 4.1704367 3.4197217 2.8574006 3.2925898 3.1452960 3.0472710 2.9316796 3.4838528 2.9760414 3.7397725 7.6538900 4.8304240 6.4043409 0.0000010 3.1990059 3.8453095 3.4345057 3.6290832 3.3552891 3.0808944 2.9164279 4.3107386 4.5321180 3.2323631 4.7078232 3.5429911 3.1510174 3.3596473 2.8945200 3.0346116 3.5078233 3.6759528 4.3382251 3.6170572 4.0280349 4.7792867 4.9543871 4.6249971 
Leuniv_Lniv_C791410_01                            1.4829275 1.7970707 1.8684707 0.9950387 0.7285592 0.0000000 1.1931315 2.0037980 1.7831561 1.7293194 3.2725532 1.8559627 1.7574171 1.5644606 1.6899718 1.6129113 1.6150287 2.5686120 2.9519785 2.2222624 2.7893024 1.8293649 1.9403378 1.9403378 2.0643668 2.0623844 2.1401243 2.1401243 2.0933652 1.6274648 2.0465606 2.3822475 3.6674426 2.2395396 1.8341890 2.7668224 3.1133347 2.3423943 1.6972733 2.0419962 2.0710745 1.7698165 9.0000000 3.5958287 6.2629402 9.0000000 3.1205862 2.5942490 2.1014084 1.8764234 1.5803442 1.5276159 1.7132239 2.7673752 3.1518884 2.2515340 4.0022483 2.5126022 1.8065112 2.1103811 2.5420708 2.1403145 2.0936947 2.6358504 1.3516345 2.0039015 2.0355072 2.6527510 2.4516277 3.0978680 
Lcom_lcpid9986                                    2.8007851 2.6344745 2.7901909 1.2286059 1.2396657 1.1931315 0.0000000 3.4039004 2.8388066 2.8716792 2.6059762 2.8271855 3.0610313 3.0170587 3.1099119 3.0481002 2.9386928 2.9542422 1.9009307 2.9968969 2.0544718 2.8943881 2.7486424 3.2083360 3.6163219 3.5089622 3.4995561 3.5029132 3.2735071 2.9448994 3.1237139 3.4448459 3.0261827 3.4036100 3.4811523 3.3801895 3.5671286 3.3577679 3.0519146 3.0497762 3.2255283 3.0184428 4.0963128 4.5442677 3.9059357 3.4026164 3.4756196 3.7469695 3.4802198 3.5544579 3.0876220 2.9579058 3.0639526 3.9157113 4.1546766 3.3119022 3.8933695 3.9021435 3.2285127 3.7393246 3.3662276 3.6726107 3.2300865 3.6143630 4.2177883 3.2514729 3.3494644 3.9266124 4.2005272 4.1347238 
Mylflu_EP00047_Mylnosiga_fluctuans_P015758        2.8992426 2.5399362 2.8235582 3.3415418 3.4100722 2.0037980 3.4039004 0.0000000 3.2028633 3.1717897 2.5443745 3.0380130 3.0276434 3.0659218 3.1337373 3.0554287 2.9281790 2.9883596 2.3236484 3.0013969 2.3918542 3.0556054 2.8080368 3.1438360 3.1625218 3.1259490 3.0625072 3.0869778 3.1119913 3.0201322 2.4563705 2.4211334 2.0966961 2.5129355 2.4760169 2.6047074 2.7777129 2.5114995 2.8421094 3.2912506 3.4296490 3.2675810 5.3623499 5.0158923 4.6246011 4.3870834 3.7701682 4.6832875 3.5747361 3.5236555 3.7053054 3.1916236 3.1943029 3.6060344 3.9126548 2.0404586 2.4943177 2.1250389 2.3350829 2.5292426 2.9740443 2.6104519 2.4414290 2.3422126 3.4897795 3.7288191 3.0158839 3.8037897 4.4007839 3.5171704 
Exapal_XM_028658118.1                             2.0662173 2.0412731 1.8254196 2.9629073 2.7885159 1.7831561 2.8388066 3.2028633 0.0000000 1.4836628 1.1351246 1.4359398 1.4858970 1.4859715 1.5290667 1.4728951 1.4149029 2.2791040 1.5025337 2.5150309 1.7832671 2.2622470 2.0175485 2.3295319 2.3521466 2.3416030 2.2786786 2.2751776 2.3013870 2.4138478 3.0415983 3.0982210 2.4135945 2.9547276 2.8023035 2.9711401 3.0640335 3.0908612 2.4232916 1.9988200 2.1879027 2.3414629 4.2630789 4.2731211 3.8860769 3.5281363 3.6614269 3.6938547 2.7328479 2.6121475 2.3398837 2.5972677 2.5218945 2.9792863 3.3835226 3.0008538 3.3346547 3.1022694 3.0480051 2.8637193 3.3299504 3.1763839 2.9899901 2.9134214 3.2747875 2.9929844 3.1662431 3.4441884 3.2404207 3.6630124 
Adig_XM_015913833.1                               2.0246854 1.9068507 1.7422534 2.7500348 2.7928925 1.7293194 2.8716792 3.1717897 1.4836628 0.0000000 0.0201705 0.5341775 0.6779569 0.6781826 0.7131315 0.7239047 1.5598514 2.3214282 1.5538905 2.4242318 1.8672821 2.3491395 1.9831902 2.1942627 2.2500453 2.2521874 2.2952304 2.3003009 2.2318879 2.3447605 2.9265271 3.1923079 2.5204373 3.0190908 2.9356896 2.9586123 3.0999777 2.9445225 2.2712587 1.9659153 2.1491132 2.4293326 4.2755640 4.0763472 3.7878449 3.6779558 3.1862268 3.7957152 2.5580392 2.5421448 2.5421903 2.6589718 2.6576734 3.1560670 3.5493476 2.7244116 3.2878209 2.8806942 2.7336908 3.0342806 3.5196624 3.1571067 2.8566182 2.9237518 3.2643497 2.7954782 2.7819949 3.4024513 3.5925309 3.6479883 
Amil_Amillepora15218-RA                           1.6289100 1.6548554 1.5186146 2.6118651 9.0000000 3.2725532 2.6059762 2.5443745 1.1351246 0.0201705 0.0000000 0.5794261 0.6714626 0.6931744 0.6624508 0.6652005 1.4149018 1.7841585 1.6976049 2.0425848 1.7507896 2.0460208 1.4514958 1.6358453 1.6407222 1.6275315 1.6701446 1.6788003 1.7566179 1.9361396 2.3924733 2.4497712 2.3166970 2.5344063 2.4851515 2.3158795 2.3858083 2.3677823 2.0794218 1.6239996 2.1159296 2.1247154 4.1864583 3.8554641 2.8653555 2.8524722 3.1349743 3.4158422 2.0233556 2.0138542 2.1277313 1.8558808 2.3243865 2.5205786 2.8286657 2.5602265 2.7929286 2.6876169 2.7168343 2.9600270 3.2496748 2.8689855 2.4086454 2.4437834 1.7956897 2.7396111 2.2668999 3.4606257 3.1161362 2.9343784 
Gfas_gfas1.m1.8892.m1                             1.9731381 1.7900149 1.7476771 2.7743097 2.6051129 1.8559627 2.8271855 3.0380130 1.4359398 0.5341775 0.5794261 0.0000000 0.5295134 0.5410071 0.5914493 0.5787961 1.5281484 2.2736671 1.7366350 2.4608383 2.2711410 2.3602575 1.9938710 2.1562786 2.1630947 2.1929704 2.2144744 2.2187906 2.2512808 2.4811468 2.9610297 3.0663247 2.4863865 2.9890293 2.8536277 2.8891121 2.9518159 2.8263857 2.2202595 1.9385863 2.1675603 2.4228741 4.1180450 4.1555005 3.9851641 3.8198778 3.6628152 4.0429766 2.6199157 2.4936289 2.4072207 2.5775369 2.4355908 3.1645031 3.5001960 2.7311535 3.2173099 2.8741670 2.7059374 2.9109345 3.3061841 2.9258878 2.8096427 2.8272312 3.0623121 2.8883338 2.7274149 3.3609365 3.4535695 3.7936211 
Fspp_ffun1.m4.2520.m1                             1.9967104 1.8721619 1.8695500 2.8215559 2.5874279 1.7574171 3.0610313 3.0276434 1.4858970 0.6779569 0.6714626 0.5295134 0.0000000 0.3115440 0.4454210 0.4351068 1.5534547 2.2332071 1.8016844 2.4492379 1.9500921 2.2390429 1.9813536 2.2487586 2.2795949 2.3036163 2.2763365 2.2705749 2.2055072 2.4800506 2.8729065 3.0348651 2.2859066 2.9139526 2.8700109 2.9196910 2.9774026 2.9971671 2.2025231 1.8966225 2.1426621 2.4241153 4.4178604 4.0806063 3.8686898 3.6459725 3.4421340 3.8597150 2.5733544 2.3793594 2.4516942 2.5188717 2.4344681 3.0529205 3.4447158 2.7874313 3.3264245 2.8095106 2.6671784 2.9910857 3.4124199 2.8956638 2.6961616 2.9596392 3.0860697 2.8262775 2.6898044 3.3172050 3.3870276 3.5687915 
Gasp_gasp1.m3.7445.m1                             2.0240042 1.8865508 1.8001121 2.8622144 2.5385719 1.5644606 3.0170587 3.0659218 1.4859715 0.6781826 0.6931744 0.5410071 0.3115440 0.0000000 0.4393572 0.4430878 1.6327139 2.2757652 1.6640000 2.5192800 2.0131763 2.3755172 1.9664315 2.2204406 2.2225317 2.2487408 2.2487151 2.2437589 2.2467654 2.4995727 3.0101426 3.2420767 2.3807614 2.9797853 2.8600271 2.8669844 3.0396597 2.9430244 2.1831555 1.9661428 2.1519012 2.3666266 4.1689038 4.0627952 3.8073566 3.9337882 3.2909101 4.1140929 2.7304476 2.5353256 2.4973273 2.5569239 2.4102174 3.0826366 3.5453684 2.7978562 3.3095904 2.8315084 2.6561365 2.9805037 3.4221738 3.0359489 2.7290887 2.9755490 2.9762903 2.8280729 2.5393447 3.2485551 3.3801439 3.6956986 
Spis_XP_022788031_1                               2.0448328 1.9123651 1.8756997 2.9335721 2.3612283 1.6899718 3.1099119 3.1337373 1.5290667 0.7131315 0.6624508 0.5914493 0.4454210 0.4393572 0.0000000 0.1709662 1.5688454 2.3352701 1.7858858 2.4742180 2.0967536 2.4654546 2.0151618 2.2750792 2.3756798 2.3928733 2.3350155 2.3348124 2.3566165 2.5379838 2.9722003 3.1866376 2.4436427 2.9759175 2.9225726 3.0203523 3.1146032 3.1171000 2.2924952 1.9921272 2.1629219 2.4675212 4.2552699 4.0222295 3.8439411 3.5162356 3.4383102 3.6673388 2.7586288 2.6110065 2.4013685 2.6448426 2.4832808 3.2084269 3.5419761 2.8192060 3.3989529 3.0767139 2.6882145 3.0632375 3.4258295 2.9880434 2.6445253 3.0797217 3.1601698 3.0224587 2.5612839 3.3900497 3.3593078 3.6897166 
Pocdam_XM_027194267.1                             1.9808794 1.8520727 1.8372643 2.8057297 2.3218157 1.6129113 3.0481002 3.0554287 1.4728951 0.7239047 0.6652005 0.5787961 0.4351068 0.4430878 0.1709662 0.0000000 1.5255892 2.2220670 1.7061940 2.4059948 2.2378263 2.4414128 2.0204286 2.2727163 2.3595527 2.3853171 2.3324990 2.3322973 2.3526280 2.4934575 2.9833077 3.0684155 2.4645018 2.9288475 2.8922566 2.9130609 3.0116717 2.9580622 2.3042490 1.9015361 2.1388549 2.4090232 4.2817433 4.0557064 3.8262444 3.7895387 3.3788337 3.5766426 2.7110580 2.5212154 2.3832543 2.5107373 2.4628087 3.1067697 3.5640857 2.7273370 3.4891183 2.9449289 2.6237468 3.0849278 3.3345540 2.9737874 2.6644523 3.0331125 2.9933875 2.9497515 2.5621855 3.3275572 3.4580745 3.5937390 
Nvec_v1g241809                                    2.1233758 1.8294273 1.9248134 2.9350849 2.7127765 1.6150287 2.9386928 2.9281790 1.4149029 1.5598514 1.4149018 1.5281484 1.5534547 1.6327139 1.5688454 1.5255892 0.0000000 2.2093798 1.9575106 2.4510854 2.0957838 2.1977966 2.1657844 2.4239135 2.5390911 2.4707126 2.5183847 2.5397651 2.3649248 2.4578570 3.0035720 3.0752590 2.6940188 2.9758409 2.8996164 2.8600222 2.9662192 3.0413748 2.3923224 2.1302095 2.2205357 2.4423074 4.3216122 4.1922278 3.7442807 3.5505011 3.2461700 3.5829228 2.8095661 2.6762832 2.4718058 2.7005480 2.5581495 3.0102297 3.4392532 2.6351569 3.4197185 3.0600278 3.0216795 2.7360809 3.2739734 3.1106264 2.9408313 3.2081960 3.0534009 2.8683320 2.9805992 3.2160456 3.3570953 3.6293473 
Emue_Em0144g5a.t1                                 2.3785605 2.0986822 2.1906079 3.0275723 3.4024845 2.5686120 2.9542422 2.9883596 2.2791040 2.3214282 1.7841585 2.2736671 2.2332071 2.2757652 2.3352701 2.2220670 2.2093798 0.0000000 0.3452840 1.6017721 1.8843090 2.4531101 2.1856532 2.3939949 2.4560177 2.4402374 2.4792516 2.4924122 2.4858035 2.3703626 2.8081933 2.8476417 2.6732511 2.9290475 2.8647640 2.9206899 2.9723134 2.9536149 2.4910397 2.5612925 2.8341973 2.5474498 4.9077659 4.3579199 4.1521822 3.6996096 3.5174699 3.3774635 2.9028911 2.9177727 2.6792640 2.7388243 2.6093463 2.4151845 2.8099607 2.7656125 3.2354961 2.7897621 2.8394831 2.9555917 3.2937485 3.3269452 3.2830009 2.9901531 3.2746827 3.1447531 1.9858944 3.5700844 3.7088455 3.7403316 
Spolac_c88926_g1_i1_m.5318c88926-g1               2.1651025 1.7830809 2.0823963 2.0061369 2.6339601 2.9519785 1.9009307 2.3236484 1.5025337 1.5538905 1.6976049 1.7366350 1.8016844 1.6640000 1.7858858 1.7061940 1.9575106 0.3452840 0.0000000 1.1947868 1.5204048 1.5517435 1.7488942 1.7621255 1.8397766 1.6954380 1.7351451 1.7303332 1.7555799 1.7298490 2.9045958 2.7223617 2.9015720 2.7482971 2.7955825 1.9774465 1.9690226 2.4406522 2.2730289 1.9029500 2.3882458 2.0935359 5.8865382 5.4846419 5.0416979 3.4082514 2.8586377 3.0192309 2.5389194 2.4091010 2.2896837 1.9038108 2.0188443 2.3224101 2.3231898 2.5644634 2.4864396 2.4753138 2.2791411 2.6696713 2.6135174 2.6616565 2.7765468 2.4416294 2.2114112 2.4373291 1.5597982 2.7764457 3.5961836 3.2745173 
Tetwil_g13537.t2                                  2.3144222 2.4170718 2.3594441 2.9150104 3.4789562 2.2222624 2.9968969 3.0013969 2.5150309 2.4242318 2.0425848 2.4608383 2.4492379 2.5192800 2.4742180 2.4059948 2.4510854 1.6017721 1.1947868 0.0000000 1.6756525 2.4546945 2.4073814 2.5850212 2.6173945 2.5771414 2.6169952 2.6218046 2.6560171 2.4316812 2.9760457 3.0728925 3.0939800 2.9523148 2.7828536 3.0153471 3.0860417 2.9504314 2.6538090 2.7541389 2.9731423 2.7388213 4.5712219 3.9280995 3.8473351 4.3244995 2.6268976 3.3406647 2.9670643 3.0698058 2.6497019 2.8366056 2.7335786 2.4083043 2.8302999 2.7791293 3.2318060 2.8860576 2.9361341 2.8914716 3.4717910 3.2093925 3.0473082 3.0945997 3.6286582 3.0169565 2.2797299 3.5539145 3.7271016 3.8126601 
Ocar_g7559                                        2.0812747 1.8342723 1.8069620 2.0585099 1.5904096 2.7893024 2.0544718 2.3918542 1.7832671 1.8672821 1.7507896 2.2711410 1.9500921 2.0131763 2.0967536 2.2378263 2.0957838 1.8843090 1.5204048 1.6756525 0.0000000 0.0000010 1.8254342 1.8623517 1.8798938 1.7925039 1.8349240 1.8367539 1.9736032 2.0309411 2.6101197 2.4878008 2.6812366 2.5478616 2.6046169 2.2756672 2.5724451 2.4236610 2.0624401 2.2315500 2.4798699 2.4014229 5.9808748 5.7708360 5.2460863 4.4003295 3.8085363 3.6469637 2.1885936 2.2272475 2.1175186 2.3216806 2.8000691 2.8076152 2.8360769 2.7629526 2.5567825 2.9581193 2.4372275 2.8077595 2.7678442 2.5501483 2.6657414 2.5850161 1.9789288 2.1583004 2.1473770 3.3619625 4.5085435 4.2511785 
Opea_EP00118_Oscarella_pearsei_P007918            2.2408110 2.0711458 2.1732126 2.8661145 3.0922090 1.8293649 2.8943881 3.0556054 2.2622470 2.3491395 2.0460208 2.3602575 2.2390429 2.3755172 2.4654546 2.4414128 2.1977966 2.4531101 1.5517435 2.4546945 0.0000010 0.0000000 2.2559099 2.5566943 2.5854093 2.5961016 2.6415654 2.6560193 2.5943475 2.5584194 3.1553425 3.1679126 2.8929564 3.0568976 2.9016864 3.1079068 3.3426951 3.0332291 2.4683749 2.5295741 2.6550665 2.7266759 4.4204273 3.9407543 3.9982741 3.0343020 3.9482582 4.1484833 2.9201840 2.9460976 2.7197582 2.8278812 2.8496840 3.1726015 3.3388306 2.6951855 3.2085365 3.2380209 2.9449629 2.8828951 3.5526442 3.3310451 3.0348312 3.2201206 1.8443453 3.1242226 2.9123462 3.4462640 3.7057478 3.9858153 
Tadh_TriadT30197                                  2.2075385 2.0128676 1.9086510 2.8487498 3.6344834 1.9403378 2.7486424 2.8080368 2.0175485 1.9831902 1.4514958 1.9938710 1.9813536 1.9664315 2.0151618 2.0204286 2.1657844 2.1856532 1.7488942 2.4073814 1.8254342 2.2559099 0.0000000 0.0107269 0.3319029 0.3398929 0.3485871 0.3506386 0.3303330 2.1077593 2.7680642 3.0223333 2.5746757 2.9010704 2.7838351 2.7163924 2.7158073 2.7251247 2.1850800 2.1315036 2.1536145 2.3646978 4.5028612 4.1670514 3.7278232 3.5782787 3.5100763 3.3314052 2.6056084 2.5926814 2.5528483 2.3545003 2.6022930 3.0105635 3.1981583 2.9446911 3.1511963 2.8992344 2.4277450 2.8843167 3.1833269 2.7656355 3.1775924 2.8237446 3.7396277 2.9661764 2.8924330 3.5096412 3.3034555 3.8008922 
TrH2_TrispH2_000381-RA                            2.4446435 2.2253654 2.2210630 3.2053247 3.6727742 1.9403378 3.2083360 3.1438360 2.3295319 2.1942627 1.6358453 2.1562786 2.2487586 2.2204406 2.2750792 2.2727163 2.4239135 2.3939949 1.7621255 2.5850212 1.8623517 2.5566943 0.0107269 0.0000000 0.3768447 0.3874776 0.3946968 0.3972369 0.3922582 2.4450843 3.1534667 3.4035592 2.6133056 3.2497376 3.0885548 3.0742641 3.0492166 3.0449957 2.4477838 2.3695084 2.3746727 2.6695782 4.5529376 4.3231090 3.9870724 4.0796944 3.6788773 3.7624804 2.7877703 2.8014108 2.7332181 2.4999147 2.7194511 3.1869232 3.3290963 2.9922148 3.5318960 3.1905002 2.7765913 3.2460932 3.7329365 3.2924212 3.1661383 3.2416655 3.7248077 3.3185298 2.8685597 3.4454511 3.3874918 4.0124405 
HoiH06_mRNA583                                    2.5654847 2.1565843 2.2371699 3.4565598 3.8937720 2.0643668 3.6163219 3.1625218 2.3521466 2.2500453 1.6407222 2.1630947 2.2795949 2.2225317 2.3756798 2.3595527 2.5390911 2.4560177 1.8397766 2.6173945 1.8798938 2.5854093 0.3319029 0.3768447 0.0000000 0.0598564 0.1275475 0.1315076 0.2321564 2.4415595 3.2975636 3.5172125 2.6774520 3.4352136 3.0403743 3.2650014 3.2464965 3.2472116 2.4749160 2.3704196 2.4064445 2.6537276 5.0661011 4.4852131 4.3048540 4.1512778 3.8023830 3.9548966 2.8444716 2.9714413 2.6570087 2.6320080 2.8054536 3.1721724 3.3305970 3.1002702 3.6971615 3.3172314 2.8915039 3.5989545 3.7643609 3.3676548 3.1850906 3.2680966 3.9857172 3.3114645 2.9447448 3.4486997 3.3708713 3.9193342 
HoiH23_PlH23_000436-RA                            2.4662719 2.1328410 2.2038517 3.3550705 3.9067692 2.0623844 3.5089622 3.1259490 2.3416030 2.2521874 1.6275315 2.1929704 2.3036163 2.2487408 2.3928733 2.3853171 2.4707126 2.4402374 1.6954380 2.5771414 1.7925039 2.5961016 0.3398929 0.3874776 0.0598564 0.0000000 0.1477664 0.1516508 0.2408492 2.4453448 3.2570833 3.4406847 2.5845684 3.3242529 2.9702969 3.1755631 3.1523484 3.1813607 2.5235678 2.3954307 2.4806795 2.6429362 4.6549414 4.4293125 4.0880614 4.1589376 3.5607779 3.9890854 2.8800072 3.0245376 2.5984289 2.5244583 2.8075006 3.2162233 3.3892895 3.0235822 3.6415182 3.1854746 2.7938237 3.3757087 3.7731661 3.3855358 3.1407076 3.2278172 4.1482058 3.4002292 3.0358837 3.3851515 3.4287696 3.9299127 
Hhon_g05805.t1                                    2.5232652 2.1515300 2.1970765 3.4030605 3.9404624 2.1401243 3.4995561 3.0625072 2.2786786 2.2952304 1.6701446 2.2144744 2.2763365 2.2487151 2.3350155 2.3324990 2.5183847 2.4792516 1.7351451 2.6169952 1.8349240 2.6415654 0.3485871 0.3946968 0.1275475 0.1477664 0.0000000 0.0046231 0.2334621 2.4398120 3.2112079 3.4100710 2.6152350 3.2676023 3.0747909 3.1538773 3.1929096 3.2065217 2.5073062 2.3986837 2.4470511 2.6563101 4.5743217 4.3296006 4.1232088 4.1356380 3.5635549 3.8236069 2.8857452 3.0313088 2.7308238 2.5584473 2.7876028 3.1466896 3.3272750 3.0859094 3.7986867 3.2643984 2.8098126 3.3449432 3.7392847 3.3728066 3.1624802 3.2888216 4.1712838 3.3793401 3.0252665 3.3370284 3.4509989 3.9759152 
HoiH04_mRNA9540                                   2.5223648 2.1563278 2.1968778 3.4135357 3.9319907 2.1401243 3.5029132 3.0869778 2.2751776 2.3003009 1.6788003 2.2187906 2.2705749 2.2437589 2.3348124 2.3322973 2.5397651 2.4924122 1.7303332 2.6218046 1.8367539 2.6560193 0.3506386 0.3972369 0.1315076 0.1516508 0.0046231 0.0000000 0.2360402 2.4588359 3.2098215 3.4140166 2.6034695 3.2695299 3.0799422 3.1451740 3.1875827 3.2076431 2.5296387 2.3894175 2.4463256 2.6589158 4.6192539 4.3300513 4.1308876 4.1461757 3.5635549 3.8524991 2.8898567 3.0398913 2.7274913 2.5644906 2.7871436 3.1530165 3.3183390 3.1110011 3.8040806 3.2791095 2.8041372 3.3551389 3.7369701 3.3896051 3.1697947 3.2871569 4.1694353 3.3846328 3.0163398 3.3287797 3.4695459 3.9729443 
HoiH11_mRNA7149                                   2.4215528 2.1528735 2.1539674 3.4232687 4.1343259 2.0933652 3.2735071 3.1119913 2.3013870 2.2318879 1.7566179 2.2512808 2.2055072 2.2467654 2.3566165 2.3526280 2.3649248 2.4858035 1.7555799 2.6560171 1.9736032 2.5943475 0.3303330 0.3922582 0.2321564 0.2408492 0.2334621 0.2360402 0.0000000 2.2982733 3.2377539 3.4463584 2.7354684 3.2194493 3.1008115 3.0579804 3.0557154 3.0728831 2.4258225 2.3233111 2.3342387 2.5516085 4.5925940 4.2785950 4.0174577 3.6990274 3.6156988 3.7056742 2.6937665 2.8319274 2.6342904 2.5638037 2.6680143 3.1707751 3.2892262 3.1532743 3.5827483 3.1561700 2.7997138 3.2708326 3.6067091 3.2615383 3.1574307 3.1777478 4.0971581 3.1486870 2.8237926 3.3476305 3.3278622 3.9322167 
Acagra_model.g17802.t1                            2.2882287 2.1810872 2.2633324 3.0699042 3.4827606 1.6274648 2.9448994 3.0201322 2.4138478 2.3447605 1.9361396 2.4811468 2.4800506 2.4995727 2.5379838 2.4934575 2.4578570 2.3703626 1.7298490 2.4316812 2.0309411 2.5584194 2.1077593 2.4450843 2.4415595 2.4453448 2.4398120 2.4588359 2.2982733 0.0000000 3.1214741 3.3472537 2.7344683 3.4204626 2.9121544 3.1375697 3.2282209 3.1602621 2.3013374 2.6110003 2.5913025 2.3345746 4.7996224 4.0296027 3.7279181 3.8258178 3.8131243 3.9073212 2.8109959 2.9068928 2.6941810 2.2703564 2.5373452 3.2412024 3.7478896 3.2083657 3.7977163 3.3286023 3.0589616 3.2760731 3.3574717 3.3989198 3.0365794 3.3012344 3.8044562 3.3170370 2.7466607 3.7727085 3.4605412 3.3755838 
Acaspe_EP00035_Acanthoeca_spectabilis_P008593     2.8876456 2.7114293 2.7768007 3.2673444 3.2876347 2.0465606 3.1237139 2.4563705 3.0415983 2.9265271 2.3924733 2.9610297 2.8729065 3.0101426 2.9722003 2.9833077 3.0035720 2.8081933 2.9045958 2.9760457 2.6101197 3.1553425 2.7680642 3.1534667 3.2975636 3.2570833 3.2112079 3.2098215 3.2377539 3.1214741 0.0000000 0.6509035 1.1659722 1.5134107 1.5922280 2.3767382 2.4296888 2.4952745 2.9333513 3.3231236 3.1733670 3.1559783 4.6473755 4.7091242 4.6320037 4.3935304 3.8807615 4.0877250 3.5662175 3.5346254 3.2944229 3.0595476 3.3238398 3.6933995 3.9308707 2.2775830 2.7012518 2.3620484 2.4382008 2.4233004 2.9379488 2.5437576 2.4161225 2.4106377 4.1113492 3.5295905 2.9819452 4.4648914 4.4977313 3.8967154 
Helnan_EP00037_Helgoeca_nana_P037865              2.9604272 2.7545655 2.7374682 3.4796748 3.3884676 2.3822475 3.4448459 2.4211334 3.0982210 3.1923079 2.4497712 3.0663247 3.0348651 3.2420767 3.1866376 3.0684155 3.0752590 2.8476417 2.7223617 3.0728925 2.4878008 3.1679126 3.0223333 3.4035592 3.5172125 3.4406847 3.4100710 3.4140166 3.4463584 3.3472537 0.6509035 0.0000000 1.0508668 1.3888799 1.5967617 2.4501917 2.4688398 2.3799413 2.9511179 3.2961866 3.3139437 3.2238698 5.5786094 5.5432117 5.4939042 4.9799654 3.9609371 4.3026191 3.6202527 3.6092466 3.2844129 3.3676188 3.3741236 4.0129973 4.2438579 2.2549264 2.8285265 2.3529734 2.4415344 2.3911012 3.0173687 2.6230351 2.5745295 2.4079085 3.8976051 3.7586883 3.2220111 4.6667127 4.3415307 4.3153565 
Diagra_EP00040_Diaphanoeca_grandis_P019347        2.6769807 2.2456490 2.5947226 2.9012881 4.1704367 3.6674426 3.0261827 2.0966961 2.4135945 2.5204373 2.3166970 2.4863865 2.2859066 2.3807614 2.4436427 2.4645018 2.6940188 2.6732511 2.9015720 3.0939800 2.6812366 2.8929564 2.5746757 2.6133056 2.6774520 2.5845684 2.6152350 2.6034695 2.7354684 2.7344683 1.1659722 1.0508668 0.0000000 0.8441608 1.0266253 1.9869802 2.0088945 1.7578565 2.6157641 2.8787317 2.9628730 2.7396557 5.7495595 5.7038551 4.6538784 3.5023341 3.8987411 5.2136180 3.0904629 2.8516075 2.7770009 2.5413886 3.1252783 3.0954309 3.1707448 1.8527784 2.1284194 2.1904886 2.3580470 2.2381501 2.2872761 2.1844413 2.1169332 2.3550909 3.1525629 3.3758746 2.4290720 3.6257247 3.8440442 3.6735913 
Stedip_EP00041_Stephanoeca_diplocostata_P034972   2.9576574 2.5921655 2.6550991 3.3135151 3.4197217 2.2395396 3.4036100 2.5129355 2.9547276 3.0190908 2.5344063 2.9890293 2.9139526 2.9797853 2.9759175 2.9288475 2.9758409 2.9290475 2.7482971 2.9523148 2.5478616 3.0568976 2.9010704 3.2497376 3.4352136 3.3242529 3.2676023 3.2695299 3.2194493 3.4204626 1.5134107 1.3888799 0.8441608 0.0000000 1.7694912 2.2791343 2.4305928 2.3904554 2.7213421 3.0924052 3.1139686 3.0844373 5.2350330 5.1562886 4.6924035 3.9832351 3.9181735 4.6003081 3.2626804 3.3337294 3.1682111 3.2442322 3.2697748 3.5533915 3.9732250 2.1412533 2.9118985 2.5004756 2.4821596 2.3412821 2.9410537 2.5755124 2.4386803 2.7756247 4.2655928 3.6194092 3.0027942 4.3411248 4.2499334 4.4084526 
Didcos_EP00039_Didymoeca_costata_P015050          2.7312699 2.6663527 2.6064494 3.2625006 2.8574006 1.8341890 3.4811523 2.4760169 2.8023035 2.9356896 2.4851515 2.8536277 2.8700109 2.8600271 2.9225726 2.8922566 2.8996164 2.8647640 2.7955825 2.7828536 2.6046169 2.9016864 2.7838351 3.0885548 3.0403743 2.9702969 3.0747909 3.0799422 3.1008115 2.9121544 1.5922280 1.5967617 1.0266253 1.7694912 0.0000000 2.3318738 2.3032875 2.2881661 2.7131753 3.0639107 3.1875025 2.9164753 5.0449932 5.1311483 4.8167366 4.3820016 3.4287401 4.2713972 3.3815152 3.2343426 3.0169563 2.8474720 3.1343985 3.4498750 3.6994301 2.1649369 2.8697182 2.4675262 2.5380178 2.4049183 2.6475203 2.4451688 2.3121379 2.5368047 3.4564748 3.6225381 2.8152579 3.9672163 4.1102554 3.6836038 
Sros_EGD80759                                     2.7965793 2.9245826 2.9158035 3.4251953 3.2925898 2.7668224 3.3801895 2.6047074 2.9711401 2.9586123 2.3158795 2.8891121 2.9196910 2.8669844 3.0203523 2.9130609 2.8600222 2.9206899 1.9774465 3.0153471 2.2756672 3.1079068 2.7163924 3.0742641 3.2650014 3.1755631 3.1538773 3.1451740 3.0579804 3.1375697 2.3767382 2.4501917 1.9869802 2.2791343 2.3318738 0.0000000 0.7402456 1.7795072 2.9575716 3.0414535 3.2219277 3.0271840 5.0405108 4.6119848 4.8778580 3.6956626 3.5045013 4.1002074 3.4665147 3.2458135 3.1686298 3.3005447 3.2154241 3.8359775 3.8433259 2.2744992 2.9218822 2.5370940 2.5831790 2.4567356 2.2310113 2.1949352 1.8900683 2.5595051 4.7686236 3.5439827 3.1109917 3.9735964 3.6985530 3.8138911 
Microa_EP00043_Microstomoeca_roanoka_P019716      2.9060431 2.9689686 3.0496202 3.5085395 3.1452960 3.1133347 3.5671286 2.7777129 3.0640335 3.0999777 2.3858083 2.9518159 2.9774026 3.0396597 3.1146032 3.0116717 2.9662192 2.9723134 1.9690226 3.0860417 2.5724451 3.3426951 2.7158073 3.0492166 3.2464965 3.1523484 3.1929096 3.1875827 3.0557154 3.2282209 2.4296888 2.4688398 2.0088945 2.4305928 2.3032875 0.7402456 0.0000000 1.8004577 3.0722355 3.1024946 3.1552969 3.0193406 5.0914069 4.6285699 5.0269851 3.5094590 3.8530419 4.1774844 3.5520740 3.3326579 3.4086655 3.2308800 3.0506345 3.8189813 4.0094717 2.1625167 2.9444767 2.5918659 2.7521978 2.5833580 2.3162566 2.2746841 1.9944840 2.7343212 4.3439262 3.6021617 3.2016113 3.8799996 3.7470498 3.8240381 
Salinf_EP00049_Salpingoeca_infusionum_P010404     2.8522199 2.6194656 2.8729438 3.3130008 3.0472710 2.3423943 3.3577679 2.5114995 3.0908612 2.9445225 2.3677823 2.8263857 2.9971671 2.9430244 3.1171000 2.9580622 3.0413748 2.9536149 2.4406522 2.9504314 2.4236610 3.0332291 2.7251247 3.0449957 3.2472116 3.1813607 3.2065217 3.2076431 3.0728831 3.1602621 2.4952745 2.3799413 1.7578565 2.3904554 2.2881661 1.7795072 1.8004577 0.0000000 3.0134821 3.1517453 3.2404745 3.0300858 5.4134541 4.5940707 4.7698507 3.3788075 3.4307648 4.3642896 3.3687837 3.3141124 3.2524159 3.0423952 3.1968851 3.7223074 3.8127414 2.1857591 2.8481023 2.6235190 2.5085690 2.4465818 2.3090603 2.2130381 1.9651054 2.5213798 3.9234713 3.6070959 3.4532391 4.0944609 4.1014080 4.2992487 
Spur_XM_030999478.1                               2.1508420 1.9091860 1.9010134 3.1529286 2.9316796 1.6972733 3.0519146 2.8421094 2.4232916 2.2712587 2.0794218 2.2202595 2.2025231 2.1831555 2.2924952 2.3042490 2.3923224 2.4910397 2.2730289 2.6538090 2.0624401 2.4683749 2.1850800 2.4477838 2.4749160 2.5235678 2.5073062 2.5296387 2.4258225 2.3013374 2.9333513 2.9511179 2.6157641 2.7213421 2.7131753 2.9575716 3.0722355 3.0134821 0.0000000 2.5620212 2.8227129 2.3785766 5.4839605 4.4775231 4.2644076 3.6745356 2.9411734 3.8635139 2.8992918 2.8714676 2.7020159 2.8779575 2.6705495 3.3551970 3.7266656 2.8809903 3.5967542 2.7515363 2.7922777 2.9222304 3.1821282 3.1720755 2.9281088 2.9112456 4.0559535 3.1387162 2.5463356 3.5954318 3.7449921 3.6906213 
Dgig_XM_028542745.1                               2.2407075 2.1891391 2.0736448 3.1901318 3.4838528 2.0419962 3.0497762 3.2912506 1.9988200 1.9659153 1.6239996 1.9385863 1.8966225 1.9661428 1.9921272 1.9015361 2.1302095 2.5612925 1.9029500 2.7541389 2.2315500 2.5295741 2.1315036 2.3695084 2.3704196 2.3954307 2.3986837 2.3894175 2.3233111 2.6110003 3.3231236 3.2961866 2.8787317 3.0924052 3.0639107 3.0414535 3.1024946 3.1517453 2.5620212 0.0000000 0.9964497 2.3879427 5.0368472 4.1693444 3.7264104 3.1725331 3.4240762 3.5253807 2.5961718 2.5229179 2.4310073 2.6718439 2.7170523 3.1453757 3.1233988 3.0569893 3.4787330 3.0646080 2.7883980 3.0648313 3.1659874 3.4459201 3.1681284 3.1462703 3.8423223 2.8250245 2.7987909 3.4162422 3.1159493 3.7585181 
Xesp_012126-T1                                    2.4445673 2.3813621 2.2475707 3.4652302 2.9760414 2.0710745 3.2255283 3.4296490 2.1879027 2.1491132 2.1159296 2.1675603 2.1426621 2.1519012 2.1629219 2.1388549 2.2205357 2.8341973 2.3882458 2.9731423 2.4798699 2.6550665 2.1536145 2.3746727 2.4064445 2.4806795 2.4470511 2.4463256 2.3342387 2.5913025 3.1733670 3.3139437 2.9628730 3.1139686 3.1875025 3.2219277 3.1552969 3.2404745 2.8227129 0.9964497 0.0000000 2.4419265 4.5639720 4.1288200 3.8895592 3.3900307 3.6426332 3.7494756 2.6184729 2.4992409 2.5828653 2.9112186 2.7955703 3.3096949 3.5832096 3.4622233 3.6658722 3.2385326 2.8785592 3.2413155 3.6144923 3.4890879 3.2940218 3.2159478 3.8694415 2.8905714 2.5653229 3.0069485 3.1199696 4.0677984 
Cscu_XM_023377258.1                               2.2941230 2.1930905 2.1548023 3.1561649 3.7397725 1.7698165 3.0184428 3.2675810 2.3414629 2.4293326 2.1247154 2.4228741 2.4241153 2.3666266 2.4675212 2.4090232 2.4423074 2.5474498 2.0935359 2.7388213 2.4014229 2.7266759 2.3646978 2.6695782 2.6537276 2.6429362 2.6563101 2.6589158 2.5516085 2.3345746 3.1559783 3.2238698 2.7396557 3.0844373 2.9164753 3.0271840 3.0193406 3.0300858 2.3785766 2.3879427 2.4419265 0.0000000 4.9137281 4.3441158 3.7827450 3.8441708 3.2099665 3.3493453 3.0130220 2.9611325 2.7051524 2.5688349 2.4239565 3.2549099 3.4773267 3.0522392 3.7092680 3.5338890 2.9297883 3.1205444 3.7372633 3.2636023 3.1785426 3.0729675 4.0287911 3.1003680 2.8822773 3.4313914 3.3912539 3.5380513 
Pbac_sb2637672                                    4.4979602 4.5407289 4.3633092 4.5883562 7.6538900 9.0000000 4.0963128 5.3623499 4.2630789 4.2755640 4.1864583 4.1180450 4.4178604 4.1689038 4.2552699 4.2817433 4.3216122 4.9077659 5.8865382 4.5712219 5.9808748 4.4204273 4.5028612 4.5529376 5.0661011 4.6549414 4.5743217 4.6192539 4.5925940 4.7996224 4.6473755 5.5786094 5.7495595 5.2350330 5.0449932 5.0405108 5.0914069 5.4134541 5.4839605 5.0368472 4.5639720 4.9137281 0.0000000 0.0909124 2.2919894 0.6090057 2.9029482 5.0717247 5.0894569 4.6742064 4.4225299 4.4269909 4.6496569 6.4676496 6.4440525 5.9076043 4.6374981 4.4754687 5.1561684 5.0467171 5.8114318 5.5747723 5.9914378 5.1550657 4.4722186 5.3218745 4.4101215 5.1886873 5.1285307 5.1528662 
Horcal_Hcv1.av93.c1.g302.i1                       4.0042259 4.2396597 4.0512588 4.5055850 4.8304240 3.5958287 4.5442677 5.0158923 4.2731211 4.0763472 3.8554641 4.1555005 4.0806063 4.0627952 4.0222295 4.0557064 4.1922278 4.3579199 5.4846419 3.9280995 5.7708360 3.9407543 4.1670514 4.3231090 4.4852131 4.4293125 4.3296006 4.3300513 4.2785950 4.0296027 4.7091242 5.5432117 5.7038551 5.1562886 5.1311483 4.6119848 4.6285699 4.5940707 4.4775231 4.1693444 4.1288200 4.3441158 0.0909124 0.0000000 1.9548825 1.1963382 2.7069159 2.8942741 4.2854986 3.9470545 4.0673095 3.9108688 4.4630776 4.9205576 5.0144209 5.2939871 4.6906233 4.2730162 4.3917705 4.9129209 5.3086144 5.3181345 5.4041651 4.6377622 5.4156200 4.9933927 4.3719837 4.7909462 4.1403725 5.0926754 
Coemet_Cmet_scaffold17931_01                      4.0980802 3.9129234 3.5214354 4.4271615 6.4043409 6.2629402 3.9059357 4.6246011 3.8860769 3.7878449 2.8653555 3.9851641 3.8686898 3.8073566 3.8439411 3.8262444 3.7442807 4.1521822 5.0416979 3.8473351 5.2460863 3.9982741 3.7278232 3.9870724 4.3048540 4.0880614 4.1232088 4.1308876 4.0174577 3.7279181 4.6320037 5.4939042 4.6538784 4.6924035 4.8167366 4.8778580 5.0269851 4.7698507 4.2644076 3.7264104 3.8895592 3.7827450 2.2919894 1.9548825 0.0000000 1.1369309 5.8227293 5.4751567 4.0960900 3.9489563 4.1726157 3.5809475 4.5842607 4.4170462 4.5115458 4.5278879 5.2311920 4.2760742 4.2223491 4.2967276 4.6569234 4.9462058 5.7388218 4.3547355 5.1696674 4.4510406 4.1854063 5.1524514 4.5352718 4.8698924 
Lampan_Lpan_C400193_01                            4.1848722 3.7038966 3.3269190 4.0468042 0.0000010 9.0000000 3.4026164 4.3870834 3.5281363 3.6779558 2.8524722 3.8198778 3.6459725 3.9337882 3.5162356 3.7895387 3.5505011 3.6996096 3.4082514 4.3244995 4.4003295 3.0343020 3.5782787 4.0796944 4.1512778 4.1589376 4.1356380 4.1461757 3.6990274 3.8258178 4.3935304 4.9799654 3.5023341 3.9832351 4.3820016 3.6956626 3.5094590 3.3788075 3.6745356 3.1725331 3.3900307 3.8441708 0.6090057 1.1963382 1.1369309 0.0000000 5.4638403 5.3070461 3.5900736 3.2146487 3.3287052 3.3455112 3.9193851 3.8071012 3.6725754 3.4815060 4.7205574 3.6249967 4.0179381 3.8420190 4.2612841 4.1693724 1.3013922 3.7814304 6.8787674 4.2039104 0.0000010 4.6258181 3.4317348 4.7561105 
Coeast_Cast_sb758657                              2.9974110 3.7223701 3.2638372 3.8606045 3.1990059 3.1205862 3.4756196 3.7701682 3.6614269 3.1862268 3.1349743 3.6628152 3.4421340 3.2909101 3.4383102 3.3788337 3.2461700 3.5174699 2.8586377 2.6268976 3.8085363 3.9482582 3.5100763 3.6788773 3.8023830 3.5607779 3.5635549 3.5635549 3.6156988 3.8131243 3.8807615 3.9609371 3.8987411 3.9181735 3.4287401 3.5045013 3.8530419 3.4307648 2.9411734 3.4240762 3.6426332 3.2099665 2.9029482 2.7069159 5.8227293 5.4638403 0.0000000 2.0964017 3.5212759 3.3789730 3.0333335 3.7936703 3.2765102 3.3948193 3.9405408 4.0044900 3.4353537 3.7432063 3.5105085 4.3657945 3.6958033 4.3548498 4.4113209 4.8267701 3.0862684 3.5613084 3.2176102 3.6310485 3.2114733 3.7195829 
Eupdun_Edun_sb10617756                            3.7968393 3.5186051 3.5322629 3.9139289 3.8453095 2.5942490 3.7469695 4.6832875 3.6938547 3.7957152 3.4158422 4.0429766 3.8597150 4.1140929 3.6673388 3.5766426 3.5829228 3.3774635 3.0192309 3.3406647 3.6469637 4.1484833 3.3314052 3.7624804 3.9548966 3.9890854 3.8236069 3.8524991 3.7056742 3.9073212 4.0877250 4.3026191 5.2136180 4.6003081 4.2713972 4.1002074 4.1774844 4.3642896 3.8635139 3.5253807 3.7494756 3.3493453 5.0717247 2.8942741 5.4751567 5.3070461 2.0964017 0.0000000 4.5246100 3.8858772 3.8636114 4.0631683 3.4199999 4.3109715 3.9881483 4.0405136 4.8710843 4.2261723 3.9026882 4.1931357 3.9598266 3.9071590 3.4780502 4.4205716 3.8955045 4.0296209 3.0666652 3.7329759 4.5828593 4.3815815 
Nemnom_g18357.t1                                  2.8402932 2.6604657 2.8265399 3.6346838 3.4345057 2.1014084 3.4802198 3.5747361 2.7328479 2.5580392 2.0233556 2.6199157 2.5733544 2.7304476 2.7586288 2.7110580 2.8095661 2.9028911 2.5389194 2.9670643 2.1885936 2.9201840 2.6056084 2.7877703 2.8444716 2.8800072 2.8857452 2.8898567 2.6937665 2.8109959 3.5662175 3.6202527 3.0904629 3.2626804 3.3815152 3.4665147 3.5520740 3.3687837 2.8992918 2.5961718 2.6184729 3.0130220 5.0894569 4.2854986 4.0960900 3.5900736 3.5212759 4.5246100 0.0000000 0.5689779 1.6661690 3.1386536 2.9028245 3.5549650 3.6894159 3.4580747 4.1601724 3.6119348 3.2846418 3.4472929 3.8470217 3.5488814 3.3510830 3.6230643 4.3653888 2.5768414 3.6498985 3.3826123 3.2608360 4.1516507 
Rhoesc_Res_001595-T1                              2.7304943 2.5315594 2.7536173 3.4480866 3.6290832 1.8764234 3.5544579 3.5236555 2.6121475 2.5421448 2.0138542 2.4936289 2.3793594 2.5353256 2.6110065 2.5212154 2.6762832 2.9177727 2.4091010 3.0698058 2.2272475 2.9460976 2.5926814 2.8014108 2.9714413 3.0245376 3.0313088 3.0398913 2.8319274 2.9068928 3.5346254 3.6092466 2.8516075 3.3337294 3.2343426 3.2458135 3.3326579 3.3141124 2.8714676 2.5229179 2.4992409 2.9611325 4.6742064 3.9470545 3.9489563 3.2146487 3.3789730 3.8858772 0.5689779 0.0000000 1.6617339 3.0597293 2.8975580 3.3424954 3.7109417 3.3646010 4.1750110 3.5654342 3.3675910 3.4952114 3.7857211 3.6154637 3.4477187 3.6079822 4.0674862 2.7121894 3.5193836 3.3161562 3.2138103 4.1854357 
Sanmal_Sma_026966-T1                              2.5657018 2.4631692 2.4234241 3.2178416 3.3552891 1.5803442 3.0876220 3.7053054 2.3398837 2.5421903 2.1277313 2.4072207 2.4516942 2.4973273 2.4013685 2.3832543 2.4718058 2.6792640 2.2896837 2.6497019 2.1175186 2.7197582 2.5528483 2.7332181 2.6570087 2.5984289 2.7308238 2.7274913 2.6342904 2.6941810 3.2944229 3.2844129 2.7770009 3.1682111 3.0169563 3.1686298 3.4086655 3.2524159 2.7020159 2.4310073 2.5828653 2.7051524 4.4225299 4.0673095 4.1726157 3.3287052 3.0333335 3.8636114 1.6661690 1.6617339 0.0000000 2.7508946 2.8198388 3.0753883 3.4355295 3.0933378 3.7293855 3.2568560 3.2243055 3.4533645 3.4199244 3.6559730 3.2927571 3.4484275 4.4040594 2.6185715 3.1559563 3.2357292 2.9395237 4.0823791 
Cgig_XM_034468978.1                               2.4460721 2.4042201 2.4153981 3.1314126 3.0808944 1.5276159 2.9579058 3.1916236 2.5972677 2.6589718 1.8558808 2.5775369 2.5188717 2.5569239 2.6448426 2.5107373 2.7005480 2.7388243 1.9038108 2.8366056 2.3216806 2.8278812 2.3545003 2.4999147 2.6320080 2.5244583 2.5584473 2.5644906 2.5638037 2.2703564 3.0595476 3.3676188 2.5413886 3.2442322 2.8474720 3.3005447 3.2308800 3.0423952 2.8779575 2.6718439 2.9112186 2.5688349 4.4269909 3.9108688 3.5809475 3.3455112 3.7936703 4.0631683 3.1386536 3.0597293 2.7508946 0.0000000 2.4943038 3.2535374 3.7390847 3.1101356 3.7071780 3.0890114 3.0891892 3.2153931 3.3058319 3.4662425 3.1695910 3.4596818 4.1919830 3.2315896 2.9855367 3.6621992 3.8345265 3.6839531 
Ctel_gnl_WGS_AMQN_CAPTEDRAFT_mRNA52247            2.1924718 2.0631135 2.2065482 2.9225613 2.9164279 1.7132239 3.0639526 3.1943029 2.5218945 2.6576734 2.3243865 2.4355908 2.4344681 2.4102174 2.4832808 2.4628087 2.5581495 2.6093463 2.0188443 2.7335786 2.8000691 2.8496840 2.6022930 2.7194511 2.8054536 2.8075006 2.7876028 2.7871436 2.6680143 2.5373452 3.3238398 3.3741236 3.1252783 3.2697748 3.1343985 3.2154241 3.0506345 3.1968851 2.6705495 2.7170523 2.7955703 2.4239565 4.6496569 4.4630776 4.5842607 3.9193851 3.2765102 3.4199999 2.9028245 2.8975580 2.8198388 2.4943038 0.0000000 3.5784848 3.9768262 3.3066083 3.3209713 3.3951470 2.9906826 2.8946371 3.6684743 3.3973665 3.4210389 3.0254903 4.2604763 3.0910362 3.3637226 4.1986450 3.5919771 3.9456947 
