69
Hsap_ENST00000289488                                   0.0000000 1.3236414 1.6338653 1.6047279 1.9676761 1.6842751 1.5837664 1.6436046 1.6385579 1.3158858 1.8955375 1.6424604 1.5880196 1.6169109 1.5185129 2.0720073 1.6347557 1.5952222 1.4892916 1.3592453 1.6939003 1.1984806 1.6027959 1.3996247 2.5965940 1.1170157 1.5625834 1.6406108 1.7252892 1.6972962 1.8106196 1.5954688 1.9790904 2.1923132 1.2315608 1.9130607 1.6950755 1.6950755 1.5826964 1.5812668 1.5562147 1.5702186 1.6405047 1.5461949 1.4459726 1.4661599 2.1047592 1.5327321 1.9828162 1.9658587 1.8900875 1.7224831 1.9517891 1.7082455 1.8564660 1.7392540 2.0219059 1.5483407 1.7623443 1.8465111 2.2248746 2.0615837 2.2560837 2.3892711 1.9363649 2.2562944 2.0410659 2.4955680 3.0336724 
Bralan_BLAG06000747_1                                  1.3236414 0.0000000 1.7096164 1.6829343 1.8809325 1.4598690 1.4646903 1.5759787 1.4579488 1.3936478 1.8805418 1.8251356 1.6777186 1.6779323 1.5533837 2.1293155 1.4977783 1.5818339 1.3127562 1.5211827 1.6042143 1.3842691 2.0286093 1.5349875 2.4979399 1.1354617 1.4154966 1.5693606 1.6870166 1.6983301 1.7694400 1.6048268 2.0076652 2.0253072 1.6019539 1.9076966 1.5641557 1.5641557 1.6063281 1.6440459 1.6196337 1.6747537 1.6874174 1.4803259 1.4663853 1.6178245 2.5017588 1.6385079 2.0349378 1.9860211 1.6764050 1.5954193 1.7093970 1.7524453 1.9520450 1.9790457 2.0467833 1.8393057 1.9438413 2.0928341 2.3842871 2.2481263 2.0976275 1.8987789 2.5630200 2.1982388 2.0943790 2.1033160 2.8189844 
Adig_XM_015912135.1                                    1.6338653 1.7096164 0.0000000 0.0074822 0.8297283 0.7421807 0.6614677 0.7381128 0.7469050 1.7102075 1.6526611 1.6749407 1.4845704 1.3954393 1.2919709 1.9405976 1.3238092 1.7164520 1.7379162 1.5300502 1.7070281 1.9021790 2.1461234 1.5329291 2.0472672 1.1436816 1.7296514 1.6871797 1.6002396 1.7402880 1.8389306 1.5587474 2.2404326 2.0368483 1.5725618 1.6715062 1.6158485 1.6158485 1.7790596 1.7017865 1.7056685 1.7818229 1.6409247 1.8363249 2.0422289 1.9529252 2.2311346 1.7893410 2.4414895 2.2027740 1.9908165 1.8609100 1.9110269 2.1055678 1.9097210 2.0898732 2.0147394 2.6910217 2.2340305 1.8777263 2.4461666 2.6423866 1.4404804 1.4876601 2.0688062 2.5731710 2.8138322 2.0152279 3.1779766 
Amil_Amillepora07805-RA                                1.6047279 1.6829343 0.0074822 0.0000000 0.8268359 0.7109236 0.6589089 0.7265604 0.7352686 1.6875668 1.6298894 1.6496894 1.4622546 1.3743406 1.2723473 1.9112192 1.3034211 1.6720497 1.6919122 1.5056009 1.6813195 1.8666173 2.1135215 1.5270671 2.0172521 1.1337800 1.7183008 1.6599149 1.5396938 1.7289577 1.8262797 1.5523975 2.2236135 2.0681856 1.6091742 1.6462103 1.6056733 1.6056733 1.7669970 1.6906290 1.6945269 1.7699983 1.6304925 1.8517791 2.0213269 1.9393229 2.1997979 1.7532400 2.4062532 2.1713952 1.9637313 1.8367985 1.8849226 2.0546096 1.8628490 2.0385223 1.9876327 2.6523830 2.2177629 1.8524667 2.3902199 2.6038990 1.4612223 1.4644016 2.0470356 2.5574543 2.7744561 1.9839295 3.1779766 
Gfas_gfas1.m1.13234.m1                                 1.9676761 1.8809325 0.8297283 0.8268359 0.0000000 0.6094135 0.7027227 0.7366648 0.8156912 1.5108331 2.9707632 3.0255695 2.7499663 2.2343995 2.3702843 2.7194431 2.0685733 2.5923310 2.3351989 2.4995251 2.9434695 2.8026597 3.4473249 2.0563227 4.1272996 2.5848281 2.1174844 2.7604961 2.0510458 2.1385606 2.1104234 1.8138609 2.4163723 2.9557878 2.9514167 3.1329671 2.5076085 2.5076085 2.4377307 2.2644578 2.2601073 2.2905472 2.3939134 2.2582916 1.9857172 2.3591848 2.6842557 2.2583470 2.7965410 2.9643367 2.4675633 2.5432098 3.1583224 2.8480684 2.6987186 2.8464039 3.1583420 3.0193190 2.6465650 3.5628570 3.8299529 3.8110965 2.0519003 2.0373406 3.7299143 3.0833342 2.9416301 5.4866604 2.7545650 
Fspp_ffun1.m4.7051.m1                                  1.6842751 1.4598690 0.7421807 0.7109236 0.6094135 0.0000000 0.2394502 0.2931635 0.3399808 1.3953495 1.8485676 1.9033756 1.7062556 1.5540368 1.4239780 2.0364031 1.3641531 1.8306476 1.7396059 1.6466439 2.0779700 1.8804574 2.2729516 1.7018926 2.3550910 1.2681923 1.5453721 1.6262377 1.5541096 1.6478495 1.6503281 1.5079735 1.9184510 2.0683562 1.3505856 1.8507006 1.6557755 1.6557755 1.6790578 1.6777860 1.6816055 1.6864823 1.6419317 1.9852596 1.6533932 2.0212925 2.0064504 1.7730631 2.2565299 2.1418524 1.8006864 1.9332004 1.9648136 1.8692968 2.0851436 1.7793961 2.1425527 2.0801228 2.2240785 2.1392936 2.6267941 2.6410321 1.3210115 1.4585302 2.2438616 2.6677854 2.3302095 2.4975509 3.2786114 
Gasp_gasp1.m3.11678.m1                                 1.5837664 1.4646903 0.6614677 0.6589089 0.7027227 0.2394502 0.0000000 0.3651156 0.4026416 1.1698773 1.7423266 1.9688326 1.6165000 1.5586101 1.4060450 2.0151900 1.3827292 1.7579533 1.5451126 1.4818507 1.7875880 1.8578438 2.3378561 1.6024895 2.4467489 1.0465227 1.3697579 1.6944296 1.4754261 1.5220337 1.6970994 1.5384787 1.9559580 2.2433412 1.4065837 1.8343723 1.5779869 1.5779869 1.6276745 1.6378792 1.6417002 1.6463663 1.6128555 1.9808320 1.7714362 2.0335987 2.0726728 1.6603246 2.2931617 2.0735455 1.7503250 1.8222486 1.8696705 1.9918859 1.9710406 1.7989957 2.1020766 2.1352357 2.1642166 2.1452901 2.5559050 2.4919114 1.3464976 1.4660851 2.0979504 2.4322763 2.4262446 2.3859434 3.3183473 
Spis_XP_022788206_1                                    1.6436046 1.5759787 0.7381128 0.7265604 0.7366648 0.2931635 0.3651156 0.0000000 0.2617458 1.3390604 1.8708243 1.7710125 1.6494091 1.3980214 1.4385125 1.9081601 1.2827843 1.7456900 1.6472699 1.5298981 1.8771910 1.7656693 2.3486068 1.5902485 2.3945387 1.1454556 1.5326331 1.6234327 1.5867840 1.6593004 1.7002963 1.4879508 1.9501645 2.0359533 1.2218680 1.8715565 1.6485892 1.6485892 1.5749191 1.6169232 1.6208255 1.6221184 1.5999798 1.9694202 1.7710644 2.0409291 1.9095036 1.7869812 2.4323950 2.0060980 1.9363027 2.0549615 1.9325777 1.7688240 1.9970629 1.6477753 2.2625285 2.2244317 2.2077471 2.1903464 2.4608228 2.5048613 1.3335039 1.6424623 2.1478891 2.5780727 2.2941819 2.4312859 3.3023062 
Pocdam_XM_027201042.1                                  1.6385579 1.4579488 0.7469050 0.7352686 0.8156912 0.3399808 0.4026416 0.2617458 0.0000000 1.2724996 1.6145393 1.7446769 1.5937057 1.4339036 1.4267880 2.0265044 1.2779381 1.7830299 1.6085100 1.5704948 1.7844811 1.7738709 2.2714624 1.4095271 2.4249831 1.1662057 1.5176975 1.5837011 1.6011748 1.6634838 1.6408835 1.5026054 1.9904062 2.1264266 1.4844238 1.7240184 1.5524610 1.5524610 1.4658006 1.4787892 1.4827804 1.4836147 1.4887727 1.8336340 1.6686132 1.9573729 2.0428848 1.7185431 2.2696759 1.8940726 2.0164397 1.8919553 1.8166647 1.9146852 1.8356612 1.7384220 2.1149798 2.1334276 2.0949645 2.0777928 2.2668439 2.3970951 1.2200029 1.4504808 2.0817806 2.7416743 2.1512598 2.2788311 3.4331655 
Dgig_XM_028547055.1                                    1.3158858 1.3936478 1.7102075 1.6875668 1.5108331 1.3953495 1.1698773 1.3390604 1.2724996 0.0000000 0.8950695 1.6572228 1.4660011 1.3469687 1.4110019 1.9330952 1.2887270 1.6823392 1.4888266 1.5319776 1.6437396 1.1464834 1.8305671 1.2636030 2.7172655 1.2862366 1.4530736 1.9278089 1.7310315 1.5761047 1.8171283 1.4862496 1.9790703 2.0112445 1.5457914 1.7207346 1.3910199 1.3910199 1.4472023 1.4229099 1.4014207 1.3724568 1.4511422 1.5669554 1.7546121 1.4767197 2.0050084 1.7192695 1.9922845 1.8415465 1.5660630 1.6326540 1.6967232 1.6168660 2.0365305 1.6129213 2.1028019 1.7744180 2.0307664 2.1304102 2.3986345 2.1172848 1.6016367 1.6903520 1.9373438 1.9891486 1.8999438 2.4165633 3.2510976 
Xesp_015167-T1                                         1.8955375 1.8805418 1.6526611 1.6298894 2.9707632 1.8485676 1.7423266 1.8708243 1.6145393 0.8950695 0.0000000 1.8488969 1.6138677 1.6893078 1.7956383 2.3997693 1.6183486 1.1587508 1.1553389 1.2861494 1.7989107 1.0012434 1.7602034 1.6688746 2.9071102 1.1363933 1.6664652 1.5063237 2.0382380 1.8376811 2.0548544 1.9154695 2.2526925 2.3717710 1.4712458 1.7468518 1.9235631 1.9235631 1.4979618 1.8703370 1.8463110 1.8078674 1.9447126 1.9705242 2.1107108 2.3422064 2.1582911 1.6506927 2.2547798 2.5156281 1.8691127 2.1424588 1.9932857 2.2209940 2.4935269 2.0337168 2.3290611 2.4265432 2.3835701 2.4747844 2.9266711 2.4594025 1.9803888 2.2223619 2.3309574 2.4601989 2.3597709 2.8197747 3.8987483 
Hvul_g21103_1                                          1.6424604 1.8251356 1.6749407 1.6496894 3.0255695 1.9033756 1.9688326 1.7710125 1.7446769 1.6572228 1.8488969 0.0000000 0.9966306 1.1559864 1.2504827 1.6053373 1.0999783 1.7749868 1.5934112 1.3976486 1.7930218 1.3524858 1.9807187 1.9568075 2.9911646 1.1789541 1.6811732 1.8990399 2.0173539 1.8438237 1.8095157 1.8515946 2.0977163 1.9630351 1.3545945 2.0718683 2.0814424 2.0814424 1.5730633 2.0193684 2.0175181 2.0054929 2.0379958 1.8949736 2.1594728 1.9715552 2.8284334 2.0044851 2.4363370 2.2529201 1.8023022 2.3628539 2.1840269 2.5235354 2.3210955 2.3180153 2.9044028 1.9998203 2.1660134 2.5827015 3.1450136 2.6670045 2.0809870 2.0585393 2.6269442 2.1775827 2.7493739 2.5610939 3.5252829 
Chem_TCONS_00046139                                    1.5880196 1.6777186 1.4845704 1.4622546 2.7499663 1.7062556 1.6165000 1.6494091 1.5937057 1.4660011 1.6138677 0.9966306 0.0000000 0.9391564 0.9298067 1.4186948 0.9156386 1.3069253 1.0057956 1.1528077 1.4538851 1.0324792 1.5681768 1.4646526 2.3731193 1.1781615 1.6533484 1.6218986 1.7486917 1.7183857 1.8955669 1.8070790 2.0478477 1.9265921 1.3040398 1.6314728 1.8468481 1.8468481 1.6603838 1.9052574 1.8878189 1.9151637 1.8806131 1.5473640 1.9800753 1.8007947 2.3494760 1.3999476 1.8204869 1.8249892 1.9121170 1.8440460 1.8282528 2.0648986 1.9744267 2.0677007 2.4927948 1.9946885 2.1307942 2.5334100 2.6785692 2.3090641 1.9249079 1.8814431 2.4581641 2.2194926 2.3056692 2.1703941 2.9877902 
Aaur_scaffold476.g10.t1                                1.6169109 1.6779323 1.3954393 1.3743406 2.2343995 1.5540368 1.5586101 1.3980214 1.4339036 1.3469687 1.6893078 1.1559864 0.9391564 0.0000000 0.3107304 0.6016593 0.4827653 1.5334622 1.2099740 1.1346408 1.5808000 1.2255874 1.7102026 1.4793198 2.2790539 0.9880048 1.4032751 1.5043850 1.5125996 1.4490558 1.7958997 1.4356915 1.8268400 1.6056073 1.0217895 1.6264686 1.6643076 1.6643076 1.5820321 1.7232215 1.7258902 1.7357630 1.6651126 1.5701691 2.0439064 1.8209902 1.9320084 1.5131471 2.1070773 1.8312857 1.7886974 2.0861726 1.9419359 1.8660004 1.7827317 1.9179917 2.2138672 2.3357651 2.1083050 2.5322023 2.6176949 2.4903325 1.6563933 1.6764350 2.4283242 2.1456657 2.7616455 1.9641625 2.8651209 
Nemnom_g16443.t1                                       1.5185129 1.5533837 1.2919709 1.2723473 2.3702843 1.4239780 1.4060450 1.4385125 1.4267880 1.4110019 1.7956383 1.2504827 0.9298067 0.3107304 0.0000000 0.3226503 0.5789351 1.5021027 1.2070208 1.0531785 1.5918908 1.2548247 1.6598259 1.4225334 2.2627265 0.9749037 1.4196347 1.5818743 1.5935618 1.5569868 1.7860058 1.3976607 1.7925660 1.7520413 1.1103558 1.5916783 1.6289142 1.6289142 1.5551705 1.7407724 1.7425396 1.7037410 1.7228793 1.5171479 1.9260010 1.7873205 2.2115396 1.5146300 2.0238786 1.9288209 1.5492800 1.9385368 2.2111787 1.8751580 1.9827148 2.0064754 2.2992969 1.9996806 2.1790394 2.5422978 2.7301435 2.5324721 1.5740402 1.6208793 2.6022197 2.2663886 2.8247397 1.7965061 2.8101726 
Rhoesc_Res_000240-T1                                   2.0720073 2.1293155 1.9405976 1.9112192 2.7194431 2.0364031 2.0151900 1.9081601 2.0265044 1.9330952 2.3997693 1.6053373 1.4186948 0.6016593 0.3226503 0.0000000 0.9981188 2.5078150 2.0865105 1.6604082 2.2093763 1.5164795 2.1451430 1.8667914 3.2766868 2.3565815 2.1762885 2.5784928 2.4612292 2.4017127 2.5445151 2.0780270 2.6073216 2.5114785 1.9135240 2.0899582 2.5066977 2.5066977 2.5436053 2.7355419 2.7358707 2.6946141 2.6667959 2.1882347 2.7573248 2.6337114 2.7422608 2.4471163 2.7392844 2.5129824 2.2430539 2.5589935 3.1685185 2.2555455 3.0079848 2.4514879 2.9349249 2.1140985 2.7582470 2.6626956 2.9453925 2.9563686 1.9661561 2.1886558 3.0721391 2.6887205 3.1747767 2.9613289 3.4374068 
Sanmal_Sma_010618-T1                                   1.6347557 1.4977783 1.3238092 1.3034211 2.0685733 1.3641531 1.3827292 1.2827843 1.2779381 1.2887270 1.6183486 1.0999783 0.9156386 0.4827653 0.5789351 0.9981188 0.0000000 1.3811799 1.2169897 1.2377690 1.5572754 1.2385651 1.7239819 1.5411618 2.3678222 0.8944028 1.4382809 1.5156319 1.6450324 1.5058543 1.7217926 1.5212775 1.9912176 1.8637012 1.1572960 1.6571027 1.5730895 1.5730895 1.4897568 1.6427952 1.6318187 1.6927505 1.6701051 1.5559797 1.7959726 1.6096265 2.0270429 1.5050199 2.2211359 2.0389639 1.7900150 1.8570604 2.0340857 2.0424228 1.7611421 1.8791826 2.2828522 2.0598128 2.0649447 2.1954789 2.2821689 2.4232293 1.5807914 1.5513837 2.7058976 2.1543122 2.7313625 1.6838364 3.0133028 
Emue_Em0022g510a.t1                                    1.5952222 1.5818339 1.7164520 1.6720497 2.5923310 1.8306476 1.7579533 1.7456900 1.7830299 1.6823392 1.1587508 1.7749868 1.3069253 1.5334622 1.5021027 2.5078150 1.3811799 0.0000000 0.1964427 0.9874023 1.1057580 1.3288661 1.5279179 1.7258697 2.1088889 1.2003830 1.5813654 1.5681406 1.5185817 1.6680861 1.5190884 1.4226813 1.8549690 1.8525156 1.3000413 1.2952499 1.8401503 1.8401503 1.8559396 1.8566732 1.8610861 1.8826009 1.7737389 1.6291824 1.5653224 1.7209535 1.9418063 1.6960522 2.2883165 1.9629553 1.5131974 1.7542829 1.7642754 2.0381410 1.6734805 2.1651423 2.1282996 2.3183152 2.1573239 2.1254718 2.3314270 2.2252587 1.9569070 1.9288407 2.3377324 2.1127096 1.9876635 2.2442603 3.3577964 
Spolac_c100845_g1_i2_m.23716c100845-g1                 1.4892916 1.3127562 1.7379162 1.6919122 2.3351989 1.7396059 1.5451126 1.6472699 1.6085100 1.4888266 1.1553389 1.5934112 1.0057956 1.2099740 1.2070208 2.0865105 1.2169897 0.1964427 0.0000000 0.9229698 0.9157270 1.2950915 1.2460475 1.4072311 1.5754492 1.0810120 1.3754660 1.3623273 1.3218812 1.3161053 1.4650753 1.3359642 1.7428802 1.8490350 1.5388935 1.1411649 1.7126074 1.7126074 1.8189556 1.7968277 1.7896426 1.8396002 1.6709858 1.4718754 1.6781033 1.5454650 1.9352549 1.6680023 2.2274593 2.0045652 1.3809032 1.7325831 1.6334599 1.6577713 1.5662899 1.8710462 1.9359383 2.2183771 1.8634028 2.0766741 2.4127964 2.3923566 1.9284405 1.8927977 2.1780840 1.8882774 1.8148722 1.8486749 3.1556603 
Stycar_maker-SC_scaffold6409-augustus-gene-0.12-mRNA-1 1.3592453 1.5211827 1.5300502 1.5056009 2.4995251 1.6466439 1.4818507 1.5298981 1.5704948 1.5319776 1.2861494 1.3976486 1.1528077 1.1346408 1.0531785 1.6604082 1.2377690 0.9874023 0.9229698 0.0000000 0.7580652 1.1478123 1.2309803 1.2563169 2.1101836 1.2381832 1.5512802 1.5645868 1.6002364 1.7471138 1.7809640 1.4830298 1.9167987 1.9527231 1.4721640 1.4319648 1.9404290 1.9404290 2.0612992 2.0370158 2.0389994 2.0796556 1.9737158 1.3638488 1.5845606 1.6664107 1.9721312 1.8234872 2.2224309 2.0546279 1.7148587 1.8259813 1.7196506 1.9126072 1.5951761 1.8924539 2.1780961 2.1440871 1.7912626 2.0298965 2.3321023 2.2470665 1.9796852 1.8703805 2.1599622 2.0582651 2.0306977 1.9733558 2.9602287 
Tetwil_g2369.t1                                        1.6939003 1.6042143 1.7070281 1.6813195 2.9434695 2.0779700 1.7875880 1.8771910 1.7844811 1.6437396 1.7989107 1.7930218 1.4538851 1.5808000 1.5918908 2.2093763 1.5572754 1.1057580 0.9157270 0.7580652 0.0000000 1.2628958 1.8782845 1.6222724 2.5079598 1.2600264 1.8886912 1.6863876 1.8468617 1.9006053 1.7280392 1.6520734 2.1766522 2.3304900 1.2633766 1.3773875 1.7848093 1.7848093 1.8226325 1.8209115 1.8131155 1.8236279 1.7761600 1.7050548 1.7917869 1.8757480 2.2198513 1.6966270 2.0442484 2.0832968 2.0175351 1.9756980 1.9607795 2.1796899 1.6667883 2.0866416 2.5376657 2.2051163 2.2937575 2.5233441 2.5578016 2.7767873 2.0086940 2.0914241 2.3356333 2.2334719 2.2702916 2.5648134 3.1351464 
Ocar_g8252                                             1.1984806 1.3842691 1.9021790 1.8666173 2.8026597 1.8804574 1.8578438 1.7656693 1.7738709 1.1464834 1.0012434 1.3524858 1.0324792 1.2255874 1.2548247 1.5164795 1.2385651 1.3288661 1.2950915 1.1478123 1.2628958 0.0000000 0.0362028 0.8375654 1.8200285 1.1373086 1.3395535 1.5712295 1.5672893 1.5748659 1.6000570 1.4161933 1.8450875 1.6044220 1.1466700 1.1879987 1.3417822 1.3417822 1.3549937 1.3262875 1.3185671 1.3145015 1.2869265 1.3057855 1.3140261 1.2368033 1.9364550 1.6124802 1.8886432 1.7649868 1.7016080 1.5234820 1.6088294 1.6148666 1.5857553 1.6877343 1.7500422 1.6966175 1.4484579 1.6976016 2.1094859 2.0326868 1.6347941 1.6482342 1.7694505 1.8864940 1.3773280 1.7534341 2.3833980 
Opea_EP00118_Oscarella_pearsei_P000422                 1.6027959 2.0286093 2.1461234 2.1135215 3.4473249 2.2729516 2.3378561 2.3486068 2.2714624 1.8305671 1.7602034 1.9807187 1.5681768 1.7102026 1.6598259 2.1451430 1.7239819 1.5279179 1.2460475 1.2309803 1.8782845 0.0362028 0.0000000 1.3385323 2.5972570 1.1372213 1.6542858 1.6778380 2.0355026 1.9647940 2.0622789 1.8700872 2.3785306 2.2518800 1.3435468 1.8789885 1.9271826 1.9271826 1.6431260 1.9210206 1.9090637 1.9225723 1.9454862 1.6570435 1.8088370 1.7940788 2.3412199 1.6973100 2.1870089 2.5926218 2.3648883 2.2293845 2.1929772 2.2628797 1.9665324 2.2569278 2.5205265 2.2355078 2.3155197 2.5725609 3.0721349 2.4280715 2.3547446 2.2339485 2.3827902 2.6639569 2.2666463 2.6352724 3.0415312 
Plajan_Pjan_C541768_01                                 1.3996247 1.5349875 1.5329291 1.5270671 2.0563227 1.7018926 1.6024895 1.5902485 1.4095271 1.2636030 1.6688746 1.9568075 1.4646526 1.4793198 1.4225334 1.8667914 1.5411618 1.7258697 1.4072311 1.2563169 1.6222724 0.8375654 1.3385323 0.0000000 2.3432474 1.0599948 1.4613745 1.5722777 1.6554967 1.7066655 1.6294554 1.5036446 1.7555743 1.8017700 1.0382375 1.9944537 1.5749489 1.5749489 1.6411327 1.6473441 1.6681337 1.6477597 1.6222727 1.6096466 1.7393147 1.8431906 1.9715252 1.4647694 1.8067452 2.1218623 1.8547922 1.7222296 1.9157939 1.6331282 1.8242955 1.9478114 2.3983419 1.7026467 1.8443127 2.5387112 2.9155670 2.5884058 1.8209429 1.9458116 2.4935459 2.3426058 2.0942426 2.4631626 2.6628087 
Mlei_ML0242.g1.i1                                      2.5965940 2.4979399 2.0472672 2.0172521 4.1272996 2.3550910 2.4467489 2.3945387 2.4249831 2.7172655 2.9071102 2.9911646 2.3731193 2.2790539 2.2627265 3.2766868 2.3678222 2.1088889 1.5754492 2.1101836 2.5079598 1.8200285 2.5972570 2.3432474 0.0000000 0.4407042 1.0600876 0.5313843 0.9236659 0.8165763 1.1835574 1.1405658 1.3654696 1.3644071 0.7716560 2.7213877 2.6185522 2.6185522 2.6399138 2.7584290 2.7472353 2.7983544 2.6874730 2.9317903 2.7834738 2.5726302 3.0008618 1.7550559 2.5185051 2.8935883 3.0640519 3.2626735 2.7299798 2.5103136 2.8058142 2.6605573 2.9388873 3.1672155 3.2554832 2.7029437 2.8680162 3.3003390 3.4201071 3.3214337 2.7978822 3.1533592 3.4713153 2.8128122 4.5023168 
Pbac_sb2658078                                         1.1170157 1.1354617 1.1436816 1.1337800 2.5848281 1.2681923 1.0465227 1.1454556 1.1662057 1.2862366 1.1363933 1.1789541 1.1781615 0.9880048 0.9749037 2.3565815 0.8944028 1.2003830 1.0810120 1.2381832 1.2600264 1.1373086 1.1372213 1.0599948 0.4407042 0.0000000 0.0000010 0.3889674 0.4594784 0.3727804 0.4543712 0.4088545 0.7760958 0.8117044 0.6931463 1.0024765 1.2589388 1.2589388 1.1631120 1.1564129 1.1587996 1.2041649 1.2191460 1.3868065 1.1083892 0.8554272 2.0034537 1.3996274 1.4971042 1.6058679 1.2803822 1.8101786 1.1973064 1.3062632 1.5658520 1.5304486 1.5056164 1.8583061 1.1540568 1.3374082 1.4715509 1.8886721 1.7499846 1.3965523 1.4373193 1.6072965 1.4814176 0.9374851 2.6207379 
Horcal_Hcv1.av93.c7.g849.i2                            1.5625834 1.4154966 1.7296514 1.7183008 2.1174844 1.5453721 1.3697579 1.5326331 1.5176975 1.4530736 1.6664652 1.6811732 1.6533484 1.4032751 1.4196347 2.1762885 1.4382809 1.5813654 1.3754660 1.5512802 1.8886912 1.3395535 1.6542858 1.4613745 1.0600876 0.0000010 0.0000000 0.5058410 0.3914958 0.3658206 0.5247122 0.5576128 0.7572964 0.7645051 0.7384527 1.6450274 1.7324188 1.7324188 1.6346241 1.6000706 1.6042770 1.6567706 1.6788492 1.7062837 1.5045869 1.2713284 2.1914606 1.4419240 1.8013416 2.0430502 1.7692021 2.2410468 1.5305362 1.6293959 1.7633839 1.9718165 1.8540978 2.1994450 1.8162995 1.7791057 2.0627618 2.1621320 1.9748278 1.9341287 2.0140555 2.3101489 1.7137922 2.1845760 2.8510181 
Bolinf_Binf_sb1234612                                  1.6406108 1.5693606 1.6871797 1.6599149 2.7604961 1.6262377 1.6944296 1.6234327 1.5837011 1.9278089 1.5063237 1.8990399 1.6218986 1.5043850 1.5818743 2.5784928 1.5156319 1.5681406 1.3623273 1.5645868 1.6863876 1.5712295 1.6778380 1.5722777 0.5313843 0.3889674 0.5058410 0.0000000 0.2724757 0.2395350 0.3897346 0.4422848 0.6668962 0.6806115 0.6251806 1.7132662 1.8818205 1.8818205 1.7114215 1.7855636 1.7695010 1.7972822 1.6952417 1.8909422 1.7704643 1.6050352 2.1771691 1.5226273 2.0011199 2.2462228 2.0209754 2.2427520 1.8793703 1.6695904 1.9883206 2.0753204 1.7010562 2.5242203 1.9537832 1.8014334 2.2478613 2.5980075 2.3122974 2.2038707 1.8412078 2.0977116 1.7514196 1.8982515 3.3500456 
Drygla_Dgla_sb280772                                   1.7252892 1.6870166 1.6002396 1.5396938 2.0510458 1.5541096 1.4754261 1.5867840 1.6011748 1.7310315 2.0382380 2.0173539 1.7486917 1.5125996 1.5935618 2.4612292 1.6450324 1.5185817 1.3218812 1.6002364 1.8468617 1.5672893 2.0355026 1.6554967 0.9236659 0.4594784 0.3914958 0.2724757 0.0000000 0.2002570 0.5029332 0.4892010 0.6871943 0.7197972 0.6455104 1.8296091 1.8995468 1.8995468 1.8533103 1.8532297 1.8830815 1.9371248 1.8976317 1.7576291 1.7929715 1.7285991 2.1424728 1.6096182 1.9942122 1.9992460 2.0047305 2.4249479 1.8443763 1.8346597 1.9556895 2.1401930 2.0049191 2.2757560 2.3279899 2.0564783 2.4480523 2.1307483 2.1141303 2.3051053 2.0707403 2.3239950 2.0335340 2.3510524 2.8684877 
Beraby_Baby_sb329122                                   1.6972962 1.6983301 1.7402880 1.7289577 2.1385606 1.6478495 1.5220337 1.6593004 1.6634838 1.5761047 1.8376811 1.8438237 1.7183857 1.4490558 1.5569868 2.4017127 1.5058543 1.6680861 1.3161053 1.7471138 1.9006053 1.5748659 1.9647940 1.7066655 0.8165763 0.3727804 0.3658206 0.2395350 0.2002570 0.0000000 0.3572270 0.4319916 0.6999632 0.6299865 0.6075833 1.8094816 1.8376950 1.8376950 1.7615454 1.7512255 1.7484486 1.7862729 1.7819007 1.8232660 1.7794706 1.5315368 2.1002252 1.5752888 2.0617965 2.1053743 1.9035679 2.2112465 1.8875324 1.7294015 2.1344993 2.1402263 1.9384869 2.3541102 2.1712900 1.9550159 2.3324771 2.2980241 2.1279212 2.1430461 1.9748645 2.4877616 1.9180898 2.4142646 2.9367499 
Lampan_Lpan_15320_01                                   1.8106196 1.7694400 1.8389306 1.8262797 2.1104234 1.6503281 1.6970994 1.7002963 1.6408835 1.8171283 2.0548544 1.8095157 1.8955669 1.7958997 1.7860058 2.5445151 1.7217926 1.5190884 1.4650753 1.7809640 1.7280392 1.6000570 2.0622789 1.6294554 1.1835574 0.4543712 0.5247122 0.3897346 0.5029332 0.3572270 0.0000000 0.5146533 0.7697008 0.7185912 0.5181505 1.7753119 1.9112947 1.9112947 1.8007058 1.9109718 1.9063918 1.9225310 1.7589725 1.8758484 1.8387407 1.6953413 1.8084248 1.5798210 1.7840087 2.2354133 2.1227626 2.3294842 1.8233776 1.7477026 1.8594972 2.1162327 1.8722352 2.1176662 2.2927579 2.1360287 2.4354186 2.2390845 2.1433860 2.3637868 2.0205847 2.4009549 1.7778962 2.4206886 2.6807648 
Eupdun_Edun_sb10614238                                 1.5954688 1.6048268 1.5587474 1.5523975 1.8138609 1.5079735 1.5384787 1.4879508 1.5026054 1.4862496 1.9154695 1.8515946 1.8070790 1.4356915 1.3976607 2.0780270 1.5212775 1.4226813 1.3359642 1.4830298 1.6520734 1.4161933 1.8700872 1.5036446 1.1405658 0.4088545 0.5576128 0.4422848 0.4892010 0.4319916 0.5146533 0.0000000 0.8426247 0.8045393 0.6336757 1.8448576 1.6251156 1.6251156 1.5120114 1.5152066 1.5145438 1.5549652 1.6005282 1.6469228 1.6039281 1.6508574 1.6818639 1.6132712 1.7994519 2.0021686 1.8525448 2.1950602 1.6007706 1.6131774 1.7040709 1.7078333 1.6925749 1.9854308 1.8837354 1.8705767 2.1946495 1.6684389 2.0065043 2.0079080 1.8872180 2.1791244 1.8983003 2.3943412 2.9647946 
Vmul_sbMO425670                                        1.9790904 2.0076652 2.2404326 2.2236135 2.4163723 1.9184510 1.9559580 1.9501645 1.9904062 1.9790703 2.2526925 2.0977163 2.0478477 1.8268400 1.7925660 2.6073216 1.9912176 1.8549690 1.7428802 1.9167987 2.1766522 1.8450875 2.3785306 1.7555743 1.3654696 0.7760958 0.7572964 0.6668962 0.6871943 0.6999632 0.7697008 0.8426247 0.0000000 0.4904179 0.2785783 2.3283648 2.1054854 2.1054854 1.9088780 2.0495780 2.0449637 2.0930100 1.8918272 2.0087024 2.2562006 1.9573032 1.9296484 1.6772730 1.8742496 2.0533978 2.3142617 2.7373641 2.1031320 1.9873249 2.1407399 2.3487338 2.0762435 2.4128030 2.1616886 2.0944717 2.6414067 2.5565014 2.5278184 2.7277729 2.1860936 2.1965866 1.9306448 2.8497247 2.5551460 
Coeast_Cast_sb801928                                   2.1923132 2.0253072 2.0368483 2.0681856 2.9557878 2.0683562 2.2433412 2.0359533 2.1264266 2.0112445 2.3717710 1.9630351 1.9265921 1.6056073 1.7520413 2.5114785 1.8637012 1.8525156 1.8490350 1.9527231 2.3304900 1.6044220 2.2518800 1.8017700 1.3644071 0.8117044 0.7645051 0.6806115 0.7197972 0.6299865 0.7185912 0.8045393 0.4904179 0.0000000 0.0478664 2.3991956 2.0042174 2.0042174 1.9051014 2.0308020 2.0274402 2.0912263 1.8903034 1.9556147 2.3343281 2.0200830 1.8550989 1.8037303 2.0324934 2.1999298 2.4476163 2.6292586 1.8426692 1.8259122 2.0727412 2.3724003 2.2460931 2.3279027 2.6609312 2.4044232 2.9551164 2.4717520 2.5832920 2.7343657 2.1603066 2.1797100 2.0724554 2.7138741 3.1807924 
Coemet_Cmet_scaffold9209_01                            1.2315608 1.6019539 1.5725618 1.6091742 2.9514167 1.3505856 1.4065837 1.2218680 1.4844238 1.5457914 1.4712458 1.3545945 1.3040398 1.0217895 1.1103558 1.9135240 1.1572960 1.3000413 1.5388935 1.4721640 1.2633766 1.1466700 1.3435468 1.0382375 0.7716560 0.6931463 0.7384527 0.6251806 0.6455104 0.6075833 0.5181505 0.6336757 0.2785783 0.0478664 0.0000000 1.3124308 1.2631377 1.2631377 1.4057337 1.4055064 1.3955752 1.3658660 1.0892533 1.4029729 1.5463804 1.1289439 1.6599781 1.2770705 1.3784201 1.5734398 1.6100110 1.6844231 1.3915997 1.3065172 1.9329475 1.8463790 1.6852404 1.5984285 1.6756624 1.6503385 1.9835647 1.9129186 1.5643635 1.8042438 1.7179772 1.6243345 1.5522771 1.4100706 2.4604520 
Plespi_Pspi_C592048_01                                 1.9130607 1.9076966 1.6715062 1.6462103 3.1329671 1.8507006 1.8343723 1.8715565 1.7240184 1.7207346 1.7468518 2.0718683 1.6314728 1.6264686 1.5916783 2.0899582 1.6571027 1.2952499 1.1411649 1.4319648 1.3773875 1.1879987 1.8789885 1.9944537 2.7213877 1.0024765 1.6450274 1.7132662 1.8296091 1.8094816 1.7753119 1.8448576 2.3283648 2.3991956 1.3124308 0.0000000 2.0068247 2.0068247 1.8516252 1.9349732 1.9408564 1.9298681 1.9702194 1.6965828 2.0579420 1.7268608 2.1911676 1.4795145 2.2845921 2.1875293 1.9428910 1.9289030 2.1040698 2.1446905 1.7808247 2.2196250 2.3251278 2.4465930 2.5426756 2.4632710 2.7325914 2.4051685 1.9261172 2.1444731 2.3432149 2.5422232 2.8050469 2.7045239 3.3128319 
Tadh_TriadT26078                                       1.6950755 1.5641557 1.6158485 1.6056733 2.5076085 1.6557755 1.5779869 1.6485892 1.5524610 1.3910199 1.9235631 2.0814424 1.8468481 1.6643076 1.6289142 2.5066977 1.5730895 1.8401503 1.7126074 1.9404290 1.7848093 1.3417822 1.9271826 1.5749489 2.6185522 1.2589388 1.7324188 1.8818205 1.8995468 1.8376950 1.9112947 1.6251156 2.1054854 2.0042174 1.2631377 2.0068247 0.0000000 0.0000010 0.2970583 0.1781246 0.1802863 0.1993602 0.2071947 1.7290012 1.7871918 1.5543361 1.9078692 1.7857508 2.0889484 1.9118926 1.7696717 1.6687617 1.9064216 1.9269141 2.2006558 2.0640179 2.2355975 1.9237839 2.0798856 2.1769478 2.3339597 2.3441211 2.0405638 2.3113181 2.4063208 2.3299272 2.1723153 2.4619983 3.4866204 
TrH2_TrispH2_001922-RA                                 1.6950755 1.5641557 1.6158485 1.6056733 2.5076085 1.6557755 1.5779869 1.6485892 1.5524610 1.3910199 1.9235631 2.0814424 1.8468481 1.6643076 1.6289142 2.5066977 1.5730895 1.8401503 1.7126074 1.9404290 1.7848093 1.3417822 1.9271826 1.5749489 2.6185522 1.2589388 1.7324188 1.8818205 1.8995468 1.8376950 1.9112947 1.6251156 2.1054854 2.0042174 1.2631377 2.0068247 0.0000010 0.0000000 0.2970583 0.1781246 0.1802863 0.1993602 0.2071947 1.7290012 1.7871918 1.5543361 1.9078692 1.7857508 2.0889484 1.9118926 1.7696717 1.6687617 1.9064216 1.9269141 2.2006558 2.0640179 2.2355975 1.9237839 2.0798856 2.1769478 2.3339597 2.3441211 2.0405638 2.3113181 2.4063208 2.3299272 2.1723153 2.4619983 3.4866204 
HoiH06_mRNA12749                                       1.5826964 1.6063281 1.7790596 1.7669970 2.4377307 1.6790578 1.6276745 1.5749191 1.4658006 1.4472023 1.4979618 1.5730633 1.6603838 1.5820321 1.5551705 2.5436053 1.4897568 1.8559396 1.8189556 2.0612992 1.8226325 1.3549937 1.6431260 1.6411327 2.6399138 1.1631120 1.6346241 1.7114215 1.8533103 1.7615454 1.8007058 1.5120114 1.9088780 1.9051014 1.4057337 1.8516252 0.2970583 0.2970583 0.0000000 0.1291038 0.1299044 0.1215954 0.2295354 1.8933117 1.7521861 1.5174638 1.9322887 1.6670483 2.1575250 1.8872453 1.8180331 1.7881859 1.9971171 1.9839211 1.9696985 1.9778203 2.1602591 1.9672131 1.9775770 1.9460533 2.2976985 2.3891244 2.0844331 2.1058132 1.9788104 2.0243070 1.9685725 2.3149787 3.6083315 
Hhon_g08849.t1                                         1.5812668 1.6440459 1.7017865 1.6906290 2.2644578 1.6777860 1.6378792 1.6169232 1.4787892 1.4229099 1.8703370 2.0193684 1.9052574 1.7232215 1.7407724 2.7355419 1.6427952 1.8566732 1.7968277 2.0370158 1.8209115 1.3262875 1.9210206 1.6473441 2.7584290 1.1564129 1.6000706 1.7855636 1.8532297 1.7512255 1.9109718 1.5152066 2.0495780 2.0308020 1.4055064 1.9349732 0.1781246 0.1781246 0.1291038 0.0000000 0.0156885 0.0483074 0.1234066 1.8100912 1.8012464 1.5555092 2.0458831 1.7147852 2.1201883 1.8812258 1.8844382 1.7213341 1.9182709 2.1661744 2.0752165 1.9364433 2.1850186 1.9405456 2.0492740 2.0691543 2.3184443 2.3515795 2.0533210 2.1854669 2.3419243 2.2655563 2.1382807 2.4798571 3.6520067 
HoiH04_mRNA13046                                       1.5562147 1.6196337 1.7056685 1.6945269 2.2601073 1.6816055 1.6417002 1.6208255 1.4827804 1.4014207 1.8463110 2.0175181 1.8878189 1.7258902 1.7425396 2.7358707 1.6318187 1.8610861 1.7896426 2.0389994 1.8131155 1.3185671 1.9090637 1.6681337 2.7472353 1.1587996 1.6042770 1.7695010 1.8830815 1.7484486 1.9063918 1.5145438 2.0449637 2.0274402 1.3955752 1.9408564 0.1802863 0.1802863 0.1299044 0.0156885 0.0000000 0.0491279 0.1279868 1.7893782 1.7748344 1.5384444 2.0148806 1.6480375 2.0589666 1.8802573 1.8867186 1.7215501 1.9299507 2.1307321 2.0676055 1.9153372 2.1887436 1.9131617 2.0388691 2.0803048 2.3303065 2.3177748 2.0483577 2.1838568 2.3504296 2.2557624 2.1337538 2.4546290 3.6750120 
HoiH23_PlH23_010425-RA                                 1.5702186 1.6747537 1.7818229 1.7699983 2.2905472 1.6864823 1.6463663 1.6221184 1.4836147 1.3724568 1.8078674 2.0054929 1.9151637 1.7357630 1.7037410 2.6946141 1.6927505 1.8826009 1.8396002 2.0796556 1.8236279 1.3145015 1.9225723 1.6477597 2.7983544 1.2041649 1.6567706 1.7972822 1.9371248 1.7862729 1.9225310 1.5549652 2.0930100 2.0912263 1.3658660 1.9298681 0.1993602 0.1993602 0.1215954 0.0483074 0.0491279 0.0000000 0.1393698 1.8493062 1.8087210 1.5570445 2.0918781 1.7017167 2.0946827 1.8691066 1.9259660 1.7950813 1.9979317 2.1626612 2.0833794 1.9553596 2.2093167 2.0055230 2.0880204 2.1604572 2.3138808 2.3015785 2.0282596 2.1473196 2.2888103 2.2129879 2.1227485 2.5111621 3.7899224 
HoiH11_mRNA1192                                        1.6405047 1.6874174 1.6409247 1.6304925 2.3939134 1.6419317 1.6128555 1.5999798 1.4887727 1.4511422 1.9447126 2.0379958 1.8806131 1.6651126 1.7228793 2.6667959 1.6701051 1.7737389 1.6709858 1.9737158 1.7761600 1.2869265 1.9454862 1.6222727 2.6874730 1.2191460 1.6788492 1.6952417 1.8976317 1.7819007 1.7589725 1.6005282 1.8918272 1.8903034 1.0892533 1.9702194 0.2071947 0.2071947 0.2295354 0.1234066 0.1279868 0.1393698 0.0000000 1.8804263 1.9290417 1.4896432 1.9214051 1.7367543 2.0381187 1.9082296 1.9420945 1.7783462 1.8855987 2.0388683 2.0755159 1.9035882 2.2053314 1.9503563 2.1786443 2.1383595 2.4528886 2.3956173 2.0224922 2.3300642 2.2948597 2.1745250 2.1517009 2.4358685 3.7549456 
Ctel_gnl_WGS_AMQN_CAPTEDRAFT_mRNA164006                1.5461949 1.4803259 1.8363249 1.8517791 2.2582916 1.9852596 1.9808320 1.9694202 1.8336340 1.5669554 1.9705242 1.8949736 1.5473640 1.5701691 1.5171479 2.1882347 1.5559797 1.6291824 1.4718754 1.3638488 1.7050548 1.3057855 1.6570435 1.6096466 2.9317903 1.3868065 1.7062837 1.8909422 1.7576291 1.8232660 1.8758484 1.6469228 2.0087024 1.9556147 1.4029729 1.6965828 1.7290012 1.7290012 1.8933117 1.8100912 1.7893782 1.8493062 1.8804263 0.0000000 1.4616749 1.2290937 2.0533966 1.5849392 1.8802994 1.9507796 1.6662830 1.8028534 1.8166161 1.7200722 1.8366432 2.4588823 2.0580794 1.9459447 1.4911459 2.0462907 2.3021067 2.1193798 2.0880091 1.8343265 2.3481325 2.3820086 2.0016180 2.5266925 2.3741474 
Cgig_XM_011429074.3                                    1.4459726 1.4663853 2.0422289 2.0213269 1.9857172 1.6533932 1.7714362 1.7710644 1.6686132 1.7546121 2.1107108 2.1594728 1.9800753 2.0439064 1.9260010 2.7573248 1.7959726 1.5653224 1.6781033 1.5845606 1.7917869 1.3140261 1.8088370 1.7393147 2.7834738 1.1083892 1.5045869 1.7704643 1.7929715 1.7794706 1.8387407 1.6039281 2.2562006 2.3343281 1.5463804 2.0579420 1.7871918 1.7871918 1.7521861 1.8012464 1.7748344 1.8087210 1.9290417 1.4616749 0.0000000 1.1002638 2.3131643 1.9520095 2.3548847 2.1868626 2.0250833 2.1537862 1.9525253 1.8782267 2.0423496 2.4161399 1.9468324 2.0302472 1.4057574 2.3245829 2.3774499 2.1691270 2.0964544 2.1412380 2.1602281 2.3219770 1.8423592 2.8575852 3.4427828 
Acagra_model.g13059.t1                                 1.4661599 1.6178245 1.9529252 1.9393229 2.3591848 2.0212925 2.0335987 2.0409291 1.9573729 1.4767197 2.3422064 1.9715552 1.8007947 1.8209902 1.7873205 2.6337114 1.6096265 1.7209535 1.5454650 1.6664107 1.8757480 1.2368033 1.7940788 1.8431906 2.5726302 0.8554272 1.2713284 1.6050352 1.7285991 1.5315368 1.6953413 1.6508574 1.9573032 2.0200830 1.1289439 1.7268608 1.5543361 1.5543361 1.5174638 1.5555092 1.5384444 1.5570445 1.4896432 1.2290937 1.1002638 0.0000000 2.0275380 1.2205916 1.8074155 1.9748625 2.2704365 2.2069502 1.7582343 1.7713155 1.8571124 1.9727121 2.2565483 1.8676019 1.6380825 2.2128076 2.6586785 2.3412176 2.2198872 2.2257299 2.0103201 2.2419670 2.0281063 2.6849857 3.0001349 
Mbre_EDQ92650                                          2.1047592 2.5017588 2.2311346 2.1997979 2.6842557 2.0064504 2.0726728 1.9095036 2.0428848 2.0050084 2.1582911 2.8284334 2.3494760 1.9320084 2.2115396 2.7422608 2.0270429 1.9418063 1.9352549 1.9721312 2.2198513 1.9364550 2.3412199 1.9715252 3.0008618 2.0034537 2.1914606 2.1771691 2.1424728 2.1002252 1.8084248 1.6818639 1.9296484 1.8550989 1.6599781 2.1911676 1.9078692 1.9078692 1.9322887 2.0458831 2.0148806 2.0918781 1.9214051 2.0533966 2.3131643 2.0275380 0.0000000 1.2181331 1.3072088 1.6145442 2.2483898 2.2321107 1.7844214 1.3157210 1.5401900 1.5176203 1.7873322 2.5516216 2.4557288 1.8970537 2.2576146 1.8606319 2.2052695 2.9383408 1.8027927 2.1222595 1.8076224 2.7784420 1.7091539 
Sros_EGD79963                                          1.5327321 1.6385079 1.7893410 1.7532400 2.2583470 1.7730631 1.6603246 1.7869812 1.7185431 1.7192695 1.6506927 2.0044851 1.3999476 1.5131471 1.5146300 2.4471163 1.5050199 1.6960522 1.6680023 1.8234872 1.6966270 1.6124802 1.6973100 1.4647694 1.7550559 1.3996274 1.4419240 1.5226273 1.6096182 1.5752888 1.5798210 1.6132712 1.6772730 1.8037303 1.2770705 1.4795145 1.7857508 1.7857508 1.6670483 1.7147852 1.6480375 1.7017167 1.7367543 1.5849392 1.9520095 1.2205916 1.2181331 0.0000000 0.4224425 1.2007267 1.7260239 1.8100888 1.5027597 1.2607019 1.2536562 1.2100493 1.7213138 2.0981887 1.6360278 1.4992404 1.7821562 1.3584284 2.4542667 1.9750010 1.5925776 1.6829203 1.2499642 1.6997720 1.6571139 
Microa_EP00043_Microstomoeca_roanoka_P003513           1.9828162 2.0349378 2.4414895 2.4062532 2.7965410 2.2565299 2.2931617 2.4323950 2.2696759 1.9922845 2.2547798 2.4363370 1.8204869 2.1070773 2.0238786 2.7392844 2.2211359 2.2883165 2.2274593 2.2224309 2.0442484 1.8886432 2.1870089 1.8067452 2.5185051 1.4971042 1.8013416 2.0011199 1.9942122 2.0617965 1.7840087 1.7994519 1.8742496 2.0324934 1.3784201 2.2845921 2.0889484 2.0889484 2.1575250 2.1201883 2.0589666 2.0946827 2.0381187 1.8802994 2.3548847 1.8074155 1.3072088 0.4224425 0.0000000 1.6749789 2.1100324 2.2388818 1.6437821 1.2235821 1.3486141 1.5666163 1.8635979 2.6806355 2.3823363 1.7016342 2.1042346 1.8712740 2.7207632 2.5764521 1.7931074 1.9587402 1.3900525 2.9620011 1.5347772 
Salpun_EP00053_Salpingoeca_punica_P026530              1.9658587 1.9860211 2.2027740 2.1713952 2.9643367 2.1418524 2.0735455 2.0060980 1.8940726 1.8415465 2.5156281 2.2529201 1.8249892 1.8312857 1.9288209 2.5129824 2.0389639 1.9629553 2.0045652 2.0546279 2.0832968 1.7649868 2.5926218 2.1218623 2.8935883 1.6058679 2.0430502 2.2462228 1.9992460 2.1053743 2.2354133 2.0021686 2.0533978 2.1999298 1.5734398 2.1875293 1.9118926 1.9118926 1.8872453 1.8812258 1.8802573 1.8691066 1.9082296 1.9507796 2.1868626 1.9748625 1.6145442 1.2007267 1.6749789 0.0000000 2.0795384 2.0216082 1.5882418 1.2997449 1.4391357 1.3429312 1.7556669 1.9826325 2.3615709 1.6171395 1.8350431 1.6078897 2.8236193 2.5416374 1.7632713 1.5206900 1.7108478 2.5596615 2.5131526 
Spur_XM_003723678.3                                    1.8900875 1.6764050 1.9908165 1.9637313 2.4675633 1.8006864 1.7503250 1.9363027 2.0164397 1.5660630 1.8691127 1.8023022 1.9121170 1.7886974 1.5492800 2.2430539 1.7900150 1.5131974 1.3809032 1.7148587 2.0175351 1.7016080 2.3648883 1.8547922 3.0640519 1.2803822 1.7692021 2.0209754 2.0047305 1.9035679 2.1227626 1.8525448 2.3142617 2.4476163 1.6100110 1.9428910 1.7696717 1.7696717 1.8180331 1.8844382 1.8867186 1.9259660 1.9420945 1.6662830 2.0250833 2.2704365 2.2483898 1.7260239 2.1100324 2.0795384 0.0000000 1.5258265 2.2490034 2.0850542 2.2739981 2.0822133 2.2313542 1.8146644 2.3033062 2.2834873 2.5283646 2.4312241 2.1638945 2.2444389 2.6415795 2.1282020 2.3084622 2.9684044 3.5279614 
Skow_XM_002731019.1                                    1.7224831 1.5954193 1.8609100 1.8367985 2.5432098 1.9332004 1.8222486 2.0549615 1.8919553 1.6326540 2.1424588 2.3628539 1.8440460 2.0861726 1.9385368 2.5589935 1.8570604 1.7542829 1.7325831 1.8259813 1.9756980 1.5234820 2.2293845 1.7222296 3.2626735 1.8101786 2.2410468 2.2427520 2.4249479 2.2112465 2.3294842 2.1950602 2.7373641 2.6292586 1.6844231 1.9289030 1.6687617 1.6687617 1.7881859 1.7213341 1.7215501 1.7950813 1.7783462 1.8028534 2.1537862 2.2069502 2.2321107 1.8100888 2.2388818 2.0216082 1.5258265 0.0000000 1.9576735 2.2788969 2.2015898 2.1199108 2.2324709 1.8863835 2.5279649 2.3359198 2.6281067 2.3196769 2.3340205 2.5057841 2.5302121 2.2939126 2.2042394 2.5689362 3.2228029 
Codhol_EP00042_Codosiga_hollandica_P029024             1.9517891 1.7093970 1.9110269 1.8849226 3.1583224 1.9648136 1.8696705 1.9325777 1.8166647 1.6967232 1.9932857 2.1840269 1.8282528 1.9419359 2.2111787 3.1685185 2.0340857 1.7642754 1.6334599 1.7196506 1.9607795 1.6088294 2.1929772 1.9157939 2.7299798 1.1973064 1.5305362 1.8793703 1.8443763 1.8875324 1.8233776 1.6007706 2.1031320 1.8426692 1.3915997 2.1040698 1.9064216 1.9064216 1.9971171 1.9182709 1.9299507 1.9979317 1.8855987 1.8166161 1.9525253 1.7582343 1.7844214 1.5027597 1.6437821 1.5882418 2.2490034 1.9576735 0.0000000 1.2341496 1.3436954 1.6419023 1.8784648 2.1435107 1.8790401 1.5600123 1.8818017 1.6616512 2.0027698 2.1104557 1.6198000 2.1301009 1.3323981 2.3591387 2.4321691 
