67
Hsap_ENST00000340490                              0.0000000 1.7407525 1.8801116 1.8162642 1.6419904 1.5627702 1.9022290 1.7497593 1.5893056 1.5912186 1.8559359 1.7257465 1.7115223 1.7714654 1.7669664 1.6400385 1.8485148 1.9002324 1.5739212 1.7593187 1.8382548 1.8347738 1.7792718 1.9575543 1.4831920 1.5693055 1.2667188 1.6109670 2.7018268 1.7250313 2.4535451 2.0157307 2.1048055 2.0672959 1.9952830 1.8768554 2.0827491 3.0596691 2.0845319 1.9465702 1.9278018 2.0838708 1.9609167 1.9270869 1.9026151 1.7582496 1.8863926 1.8874197 1.6695359 1.6930998 1.6505402 1.3845248 1.9275326 1.9414342 1.8854016 1.9177087 1.8664035 1.8289522 2.2545881 2.1163120 2.2166488 1.9263373 2.0198441 1.9565845 1.9327198 2.0968621 1.9635282 
Bralan_BLAG16000671_1                             1.7407525 0.0000000 0.6852444 0.5979727 0.5938613 0.6101361 0.7372686 0.7440919 0.7508978 0.8787667 0.9349479 0.8480162 0.8397411 0.8157033 0.8561849 0.8286371 0.8798569 1.0550151 0.9145821 0.9303351 0.8546270 0.7838117 0.9168092 0.8636773 0.8738296 0.8544720 0.8350667 0.8378270 0.9597577 0.9874385 1.2247976 0.9217192 0.9304820 1.1206962 1.0873340 0.9306214 1.0368420 1.5151894 1.1351115 1.1268209 1.1044774 1.1299580 1.0533385 1.0607231 1.1412385 1.1082672 1.0788039 1.0592968 1.0564338 0.9699085 1.2437048 0.8111111 1.0032475 1.0910436 1.1156352 1.0427699 1.0848737 1.0906920 1.2178444 1.1891898 1.2457860 1.1661120 1.0568158 1.0681749 1.0637180 1.2374130 1.2626266 
Cgig_XM_011432988.3                               1.8801116 0.6852444 0.0000000 0.5559864 0.7065380 0.6093943 0.8492619 0.7445533 0.8485283 0.9527815 0.9212389 0.9035997 0.8946772 0.8328969 0.8709739 0.8815267 0.8758034 1.0447736 0.8990348 0.9505222 0.8086268 0.7520673 0.9211056 0.9331302 0.9998105 0.8919121 1.0404449 0.9608383 0.9300655 0.9757343 1.2465618 0.9200906 0.8205656 1.3002018 1.2051451 1.0965471 1.1791234 1.7466956 1.2807835 1.2234896 1.2076826 1.1880051 1.0993690 1.1493611 1.1732724 1.1524399 1.2145649 1.0906982 1.0207674 1.0200770 1.1600959 0.9365096 1.0746692 1.0301751 1.1443091 1.1055090 1.1368564 1.0087523 1.1798287 1.1797257 1.2400718 1.1675737 1.1260119 1.0657280 1.0618704 1.1444306 1.1577478 
Acagra_model.g23237.t1                            1.8162642 0.5979727 0.5559864 0.0000000 0.6903782 0.5477605 0.8476654 0.7499925 0.8096760 0.8938791 0.9587013 0.9503230 0.9372336 0.8822760 0.9308888 0.8890720 0.9002807 1.1198190 0.9596110 0.9759688 0.8374271 0.7828876 0.8949895 0.9819999 0.8844974 0.8187885 0.9090685 0.8887730 0.9452606 1.0091126 1.1699723 0.9462886 0.9069637 1.2482234 1.1093451 0.9955890 1.0802517 1.4531446 1.2002434 1.1337996 1.1401325 1.1388293 1.1427956 1.1224984 1.2342276 1.1479626 1.1296777 1.0106949 0.9822098 0.9206049 1.2224967 0.7658914 1.1307269 1.1317794 1.1859345 1.1066521 1.0476645 1.0396375 1.2224484 1.1957132 1.2560135 1.2950181 1.2311806 1.1667560 1.1335785 1.3028845 1.2664376 
Skow_XM_002736176.2                               1.6419904 0.5938613 0.7065380 0.6903782 0.0000000 0.5429481 0.7732503 0.7436534 0.6835549 0.7518849 0.8464383 0.8272083 0.8142086 0.7287700 0.7440960 0.7567542 0.7713141 0.9520461 0.8393530 0.8813424 0.8895236 0.7957107 0.9130517 0.8981002 0.8700145 0.8991857 0.8539826 0.9526044 0.9462263 0.9252330 1.1032016 0.8346175 0.8584095 1.1529402 1.1401025 0.9589100 1.0749083 1.4750367 1.1373584 1.0428977 1.1084956 1.1351912 1.0618342 1.1185633 1.1740776 1.0320267 1.1528013 0.9890594 1.0547465 0.9868185 1.1752506 0.8289287 1.0326709 1.0829212 1.1733716 1.0923906 1.0529275 1.0513184 1.2022664 0.9818282 1.0324578 1.1011608 1.0284856 0.9699827 0.9493176 1.1740927 1.1785131 
Ctel_gnl_WGS_AMQN_CAPTEDRAFT_mRNA175488           1.5627702 0.6101361 0.6093943 0.5477605 0.5429481 0.0000000 0.7521883 0.6937497 0.6885157 0.8319367 0.8339725 0.8190050 0.8088907 0.7765774 0.8004351 0.7811229 0.7684118 0.9956008 0.7905360 0.8601682 0.8307418 0.7703644 0.8515484 0.9076455 0.7263115 0.7356763 0.7975145 0.8090065 0.9100753 0.7689323 1.2063434 0.9350273 0.6842274 1.0977409 1.1231435 1.0035751 1.1009361 1.4532017 1.0683547 1.0156751 1.0037162 1.0841997 0.9467583 0.9764559 0.9500140 0.9483220 0.9659709 0.9345184 0.8015435 0.8950950 1.1080138 0.6351429 0.9189316 0.9467547 0.9633574 0.9370750 0.9671374 0.9469304 1.0765686 1.0820325 1.1352498 1.1550183 1.0898895 1.0939441 1.0813019 0.9563010 1.1786316 
Tcas_TC011250_001                                 1.9022290 0.7372686 0.8492619 0.8476654 0.7732503 0.7521883 0.0000000 0.6772988 0.9078486 0.9779127 1.0187948 0.9116858 0.8987068 0.8606006 0.9287337 0.8749911 0.9435559 1.0433999 1.0326301 0.9983723 0.9416897 0.9178818 0.9995274 1.0117439 1.0588955 1.0251638 1.0589337 1.1054538 0.9112241 1.1494165 1.2883883 1.0343276 0.8673163 1.2989813 1.2911560 1.2027472 1.3331325 1.8769836 1.4001432 1.3491821 1.3622325 1.3420728 1.1202871 1.2349184 1.2132977 1.2275827 1.2842819 1.1390026 1.1854461 1.0697479 1.3689941 0.9516042 1.1857493 1.1356474 1.1870490 1.1173584 1.1300611 1.1456024 1.3340332 1.1768796 1.2401504 1.1655042 1.1948181 1.1029673 1.0802555 1.2337453 1.2416347 
Dpul_mRNA21062                                    1.7497593 0.7440919 0.7445533 0.7499925 0.7436534 0.6937497 0.6772988 0.0000000 0.8683239 0.9283634 0.9894171 0.8928934 0.8849378 0.8560977 0.8908457 0.8624225 0.9561613 1.0723792 0.9493933 1.0005182 0.9085143 0.8811622 0.9217191 1.0529726 1.0185741 0.9397823 1.0210559 0.9225377 0.9828931 0.8862098 1.1618561 0.9661051 0.8448294 1.2648453 1.2574428 1.1415376 1.2538490 1.6816487 1.2998566 1.2487769 1.3049040 1.2896078 1.0920033 1.1976154 1.2498840 1.1784196 1.2843267 1.1035246 1.1835476 0.9532915 1.2826757 0.9100929 1.0603694 1.0663876 1.1540835 1.0770389 1.0673367 1.1740129 1.2466164 1.2244707 1.2688179 1.1947302 1.1450682 1.1568851 1.1155412 1.2393305 1.2343670 
Spur_XM_003725859.3                               1.5893056 0.7508978 0.8485283 0.8096760 0.6835549 0.6885157 0.9078486 0.8683239 0.0000000 0.8849471 0.9718625 0.9317230 0.9211567 0.8766882 0.8901749 0.9375451 0.9281639 1.0626320 0.9215359 0.9383657 1.0126268 1.0016036 1.0286066 0.9651999 0.8859976 0.8828697 0.9267918 0.9052883 1.0343022 0.9158245 1.1470662 1.0370663 0.9517836 1.2046436 1.2191330 1.0522099 1.1597989 1.5586876 1.1936363 1.1308024 1.1785609 1.1561218 1.2061555 1.1753787 1.2333392 1.2150062 1.1648345 1.1488077 0.9951532 1.0395622 1.2677029 0.9331641 1.0759697 1.1735863 1.3168760 1.2128479 1.1057175 1.0091749 1.1943492 1.2182815 1.2598270 1.2716599 1.2376036 1.1595111 1.1482134 1.2745170 1.2878486 
Exapal_XM_021053235.2                             1.5912186 0.8787667 0.9527815 0.8938791 0.7518849 0.8319367 0.9779127 0.9283634 0.8849471 0.0000000 0.4803527 0.6354021 0.6284963 0.5963738 0.6310043 0.5765133 0.5670849 0.8512808 0.7405268 0.8249669 0.8192517 0.7690102 0.8793143 0.8764087 0.8251016 0.8253073 0.9353562 0.8855861 0.9093024 1.0647462 1.0145684 0.9636896 1.0257799 1.3573839 1.2883891 1.0562498 1.2408657 1.8618076 1.3551100 1.2382655 1.2429560 1.3263503 1.2036278 1.1959509 1.3160865 1.1398405 1.0916762 1.1321848 1.0656084 1.1115029 1.2284093 0.9278158 1.1598439 1.1672971 1.1816606 1.1256126 1.1678684 1.0246254 1.1713436 1.1783983 1.2332589 1.1116151 1.1104099 1.1333653 1.1249111 1.2327163 1.2310994 
Nvec_v1g89511                                     1.8559359 0.9349479 0.9212389 0.9587013 0.8464383 0.8339725 1.0187948 0.9894171 0.9718625 0.4803527 0.0000000 0.7297634 0.7210291 0.6464529 0.7070494 0.6485004 0.6190953 0.8958897 0.8320843 0.8824891 0.9101147 0.8475333 0.9122276 0.8857584 0.9177999 0.9255417 0.9560454 0.9440586 1.1372403 1.1170901 1.2167244 0.9335152 0.9728894 1.4714381 1.3385808 1.1088672 1.3325521 1.9079709 1.4595493 1.3693186 1.3887473 1.3987492 1.2092546 1.1551950 1.2664419 1.1646262 1.1754455 1.2748978 1.1248546 1.1308555 1.3119984 0.9744423 1.2015306 1.1408973 1.2828424 1.2180892 1.1491910 1.0715026 1.3397749 1.3216189 1.3754939 1.2891122 1.2404133 1.2633518 1.2393539 1.2760785 1.1945034 
Adig_XM_015918920.1                               1.7257465 0.8480162 0.9035997 0.9503230 0.8272083 0.8190050 0.9116858 0.8928934 0.9317230 0.6354021 0.7297634 0.0000000 0.0063056 0.2081850 0.1897868 0.1553033 0.2128619 0.3606616 0.7554148 0.8054026 0.8418953 0.8056774 0.9688445 0.9409810 0.9877567 1.0090884 1.0991799 0.9861421 0.8264151 0.9774034 1.1715628 0.9192362 0.9593399 1.2909735 1.3319900 1.0766738 1.2702972 1.9246493 1.3800325 1.3175496 1.2760597 1.3341621 1.2495417 1.2262265 1.3027888 1.1415349 1.2376991 1.1051550 1.2004117 1.1302491 1.2990358 0.8694504 1.1076124 1.1061058 1.1455526 1.1185745 1.1252293 1.1666560 1.3054758 1.2483056 1.3083014 1.2916788 1.2093619 1.2469208 1.2243832 1.2821576 1.3432311 
Amil_Amillepora35347-RA                           1.7115223 0.8397411 0.8946772 0.9372336 0.8142086 0.8088907 0.8987068 0.8849378 0.9211567 0.6284963 0.7210291 0.0063056 0.0000000 0.2035420 0.1871394 0.1516685 0.2148548 0.3642428 0.7456112 0.7939002 0.8377538 0.7942502 0.9613345 0.9336497 0.9786794 0.9997480 1.0918497 0.9769146 0.8143928 0.9597774 1.1465517 0.9054129 0.9454121 1.2930791 1.3313229 1.0776988 1.2710209 1.9215111 1.3741393 1.3167773 1.2754973 1.3281707 1.2362529 1.2136991 1.2933523 1.1355767 1.2278275 1.0956796 1.1895449 1.1212774 1.2866848 0.8618705 1.0956635 1.0936667 1.1361199 1.0990787 1.1196665 1.1552453 1.2943022 1.2320657 1.2911751 1.2772783 1.1986136 1.2360553 1.2139633 1.2649391 1.3324969 
Spis_XP_022788881_1                               1.7714654 0.8157033 0.8328969 0.8822760 0.7287700 0.7765774 0.8606006 0.8560977 0.8766882 0.5963738 0.6464529 0.2081850 0.2035420 0.0000000 0.0434285 0.1691747 0.1556325 0.2785789 0.6915298 0.7340303 0.8088811 0.7508139 0.9095254 0.8973690 0.9453168 0.9294065 0.9958888 0.9533698 0.8712885 1.0732738 1.0944480 0.9019232 0.9616193 1.2961156 1.2613622 1.0096250 1.1848828 1.9550882 1.2945694 1.2408966 1.2042546 1.2670687 1.2067054 1.2115189 1.3152283 1.1424258 1.2233342 1.0683792 1.1418627 1.0712538 1.2556532 0.8678424 1.0325383 1.0372698 1.1600713 1.0768658 1.1186115 1.1876023 1.3150184 1.2917688 1.3610043 1.2832496 1.2287373 1.2785562 1.2474052 1.2033901 1.2248555 
Pocdam_XM_027190819.1                             1.7669664 0.8561849 0.8709739 0.9308888 0.7440960 0.8004351 0.9287337 0.8908457 0.8901749 0.6310043 0.7070494 0.1897868 0.1871394 0.0434285 0.0000000 0.1762554 0.1539971 0.2930002 0.7053564 0.7707719 0.8401279 0.7927076 0.9429451 0.9845917 0.9762854 0.9781805 1.0575303 0.9627851 0.8418473 1.0456939 1.0813570 0.9408280 1.0273389 1.3447955 1.3425066 1.0220021 1.2050224 1.9632008 1.3168838 1.2564849 1.2231696 1.3134245 1.2607193 1.2546176 1.3623617 1.1387016 1.2191189 1.1164818 1.1789600 1.1100768 1.2913531 0.9638113 1.0683664 1.0792042 1.1970320 1.1191872 1.1770841 1.2104897 1.3574021 1.3371873 1.3511306 1.3596529 1.2784208 1.3036129 1.2700462 1.2180108 1.2565126 
Gfas_gfas1.m1.17232.m1                            1.6400385 0.8286371 0.8815267 0.8890720 0.7567542 0.7811229 0.8749911 0.8624225 0.9375451 0.5765133 0.6485004 0.1553033 0.1516685 0.1691747 0.1762554 0.0000000 0.1693136 0.3366433 0.6843975 0.7179875 0.8210239 0.7712504 0.9281532 0.8704027 0.9121277 0.8824026 0.9692926 0.9244875 0.8231736 1.0381979 1.0330410 0.8882409 0.9259345 1.2505947 1.2474125 1.0105667 1.1974403 1.8222823 1.3107979 1.2821148 1.2766376 1.3081199 1.1679330 1.1696138 1.2161802 1.1149305 1.1475256 1.0510891 1.1085537 1.0911884 1.1897318 0.8409545 1.0725128 1.0744805 1.1354272 1.1076087 1.0788281 1.0987457 1.3153750 1.3026194 1.3796123 1.3081795 1.2518049 1.3155426 1.2894701 1.1880191 1.2164275 
Gasp_gasp1.m3.22729.m1                            1.8485148 0.8798569 0.8758034 0.9002807 0.7713141 0.7684118 0.9435559 0.9561613 0.9281639 0.5670849 0.6190953 0.2128619 0.2148548 0.1556325 0.1539971 0.1693136 0.0000000 0.3318848 0.6865318 0.7110460 0.8239538 0.7560742 0.9223290 0.9375232 0.9019360 0.9031245 0.9878599 0.9373255 0.8093454 1.1350144 1.0451825 0.9441136 0.8858624 1.3830070 1.3119423 1.0590048 1.2406211 1.9229669 1.2451305 1.2176125 1.2427748 1.3316242 1.2506163 1.2024119 1.2736108 1.1172059 1.1765388 1.1376698 1.1402200 1.1717269 1.2212433 0.8752638 1.1108848 1.0624020 1.2159543 1.1342379 1.1855193 1.1879737 1.2785053 1.2987705 1.3630008 1.3016785 1.3111058 1.3185907 1.3129341 1.1645825 1.2417283 
Fspp_ffun1.m4.6994.m1                             1.9002324 1.0550151 1.0447736 1.1198190 0.9520461 0.9956008 1.0433999 1.0723792 1.0626320 0.8512808 0.8958897 0.3606616 0.3642428 0.2785789 0.2930002 0.3366433 0.3318848 0.0000000 0.8303374 0.9808999 0.9140095 0.9861900 1.1936178 1.1287637 1.1641940 1.1724874 1.2074065 1.1979706 0.9205479 1.5289601 1.5455486 1.1504013 1.2193759 1.6479304 1.6230197 1.2962676 1.5039842 2.8190677 1.6625430 1.6293192 1.5520982 1.6176922 1.4590341 1.4552216 1.4889454 1.3081838 1.3807676 1.2488294 1.3633380 1.2955603 1.5281846 1.1755686 1.2297843 1.2489478 1.3506884 1.3226350 1.2801666 1.4001760 1.5411626 1.5337209 1.6162232 1.6424917 1.4831542 1.5410811 1.5041114 1.4850807 1.3699867 
Dgig_XM_028549404.1                               1.5739212 0.9145821 0.8990348 0.9596110 0.8393530 0.7905360 1.0326301 0.9493933 0.9215359 0.7405268 0.8320843 0.7554148 0.7456112 0.6915298 0.7053564 0.6843975 0.6865318 0.8303374 0.0000000 0.2822824 0.8887154 0.8091687 0.9233607 0.9498740 0.9432527 0.9492831 0.9326925 0.9747268 0.8748021 0.9542805 1.0528720 0.9546187 1.0491151 1.4211631 1.4248059 1.0723704 1.2452959 2.0181504 1.4474031 1.2829350 1.2980483 1.4570967 1.2025578 1.1260014 1.1458155 1.1054794 1.1641047 1.0409986 1.1123543 1.1283690 1.2603153 0.9481366 1.1206473 1.1134213 1.3243525 1.2030967 1.1275572 1.1168324 1.3175019 1.4256633 1.5063786 1.4099398 1.3353952 1.3102642 1.3050437 1.2827319 1.2661664 
Xesp_002749-T1                                    1.7593187 0.9303351 0.9505222 0.9759688 0.8813424 0.8601682 0.9983723 1.0005182 0.9383657 0.8249669 0.8824891 0.8054026 0.7939002 0.7340303 0.7707719 0.7179875 0.7110460 0.9808999 0.2822824 0.0000000 0.8792682 0.8555157 0.9504959 0.9054600 0.9988982 0.9716706 1.1016684 0.9791916 0.9209371 1.0589146 0.9409096 0.8756166 1.0955188 1.3665743 1.3810737 1.1227974 1.2851422 1.9305595 1.3899155 1.2153236 1.3251605 1.3907786 1.1651421 1.1602436 1.1567497 1.1779240 1.1884550 1.0610514 1.1560215 1.1809900 1.3384855 1.0046303 1.1579162 1.1185394 1.3834720 1.2052417 1.1660404 1.1566900 1.3337593 1.3767956 1.4425567 1.2393918 1.2219591 1.1927866 1.2019852 1.3251067 1.2732390 
Nemnom_g10903.t1                                  1.8382548 0.8546270 0.8086268 0.8374271 0.8895236 0.8307418 0.9416897 0.9085143 1.0126268 0.8192517 0.9101147 0.8418953 0.8377538 0.8088811 0.8401279 0.8210239 0.8239538 0.9140095 0.8887154 0.8792682 0.0000000 0.1606219 0.5164584 0.6890283 1.0346431 0.9412674 1.0953673 0.9878191 1.0088898 1.2903203 1.1132667 0.9413553 1.0025565 1.3694924 1.3817538 1.1218549 1.3140544 2.1064443 1.5856137 1.4657476 1.3661077 1.4016282 1.1717484 1.1630630 1.2999505 1.2443277 1.2632751 1.0841459 1.0738166 1.0194219 1.2876204 0.9834774 1.2164414 1.1649101 1.2708666 1.1951976 1.1792960 1.0290559 1.1973453 1.4544740 1.5150153 1.3408157 1.2551244 1.3174119 1.3195187 1.2212640 1.3509161 
Rhoesc_Res_012203-T1                              1.8347738 0.7838117 0.7520673 0.7828876 0.7957107 0.7703644 0.9178818 0.8811622 1.0016036 0.7690102 0.8475333 0.8056774 0.7942502 0.7508139 0.7927076 0.7712504 0.7560742 0.9861900 0.8091687 0.8555157 0.1606219 0.0000000 0.4457607 0.6960739 1.0324708 0.9461326 1.1081389 1.0188221 1.0227306 1.2653869 1.0356172 0.8418963 0.9864900 1.3076148 1.2774881 1.0577366 1.2390514 1.8699609 1.4256276 1.3736223 1.3407900 1.3144836 1.2171350 1.2184846 1.3909107 1.2504141 1.2644352 1.0820990 1.1168040 1.0467690 1.2359287 0.9798197 1.1559197 1.1301209 1.2267299 1.1448868 1.1927768 1.0336808 1.1634964 1.3530906 1.4091203 1.2557256 1.2224338 1.2173628 1.2228377 1.2620432 1.3658300 
Sanmal_Sma_016530-T1                              1.7792718 0.9168092 0.9211056 0.8949895 0.9130517 0.8515484 0.9995274 0.9217191 1.0286066 0.8793143 0.9122276 0.9688445 0.9613345 0.9095254 0.9429451 0.9281532 0.9223290 1.1936178 0.9233607 0.9504959 0.5164584 0.4457607 0.0000000 0.7649517 1.0000370 0.9765012 1.1533001 1.0623268 0.9964524 0.9448214 1.1292685 0.9073951 1.0321293 1.4084108 1.3339510 1.1288099 1.3197441 1.8652525 1.3974359 1.3914775 1.3089788 1.3515339 1.1368256 1.1789764 1.3055860 1.2226607 1.2285859 1.1872512 1.1996368 1.0900881 1.2200685 0.9552482 1.1722330 1.0972809 1.2592360 1.1771714 1.2933937 1.1053834 1.1621423 1.3665873 1.4271225 1.3238985 1.2439682 1.2482673 1.2367977 1.3411735 1.2726718 
Morvir_scaffold66.g25.t1                          1.9575543 0.8636773 0.9331302 0.9819999 0.8981002 0.9076455 1.0117439 1.0529726 0.9651999 0.8764087 0.8857584 0.9409810 0.9336497 0.8973690 0.9845917 0.8704027 0.9375232 1.1287637 0.9498740 0.9054600 0.6890283 0.6960739 0.7649517 0.0000000 0.9722397 1.0133226 1.0042288 1.0829721 1.2909819 1.1576532 1.2784603 0.8787726 1.0374748 1.3566050 1.3525128 1.1782956 1.3925524 1.6662720 1.4726502 1.3666965 1.3815370 1.3451345 1.2377267 1.2283031 1.3322260 1.2529725 1.3095949 1.1379947 1.2028539 1.2095257 1.3314455 1.0200935 1.2597587 1.1793123 1.2886737 1.2790659 1.1659164 1.0779110 1.2522604 1.3179766 1.3682430 1.2598655 1.2049536 1.2363634 1.2214720 1.4339711 1.2803339 
Scil_scict016951.1                                1.4831920 0.8738296 0.9998105 0.8844974 0.8700145 0.7263115 1.0588955 1.0185741 0.8859976 0.8251016 0.9177999 0.9877567 0.9786794 0.9453168 0.9762854 0.9121277 0.9019360 1.1641940 0.9432527 0.9988982 1.0346431 1.0324708 1.0000370 0.9722397 0.0000000 0.3240274 0.3382534 0.4047771 0.6198265 0.8934206 1.1475000 0.9454459 0.9381323 1.3414829 1.3208500 1.0681818 1.2360048 1.7228955 1.2385013 1.1790862 1.2374017 1.2703214 1.0349508 0.9735355 1.0502742 0.9935656 1.0787696 1.0172916 0.9702293 0.9658865 1.1383048 0.8781985 1.1606306 1.1108814 1.1008651 1.2282048 1.1566195 1.0306107 1.2280721 1.2770832 1.3627860 1.1996381 1.2213527 1.1937716 1.1848085 1.2863954 1.1701284 
Leuniv_Lniv_C813050_01                            1.5693055 0.8544720 0.8919121 0.8187885 0.8991857 0.7356763 1.0251638 0.9397823 0.8828697 0.8253073 0.9255417 1.0090884 0.9997480 0.9294065 0.9781805 0.8824026 0.9031245 1.1724874 0.9492831 0.9716706 0.9412674 0.9461326 0.9765012 1.0133226 0.3240274 0.0000000 0.3761479 0.3792599 0.6905302 0.8407354 1.2799238 0.9427214 0.9770658 1.3004682 1.2225097 1.0019898 1.1650663 1.7314467 1.3192442 1.2377632 1.2387481 1.3628123 0.9934685 1.0304238 1.1034080 0.9736716 1.0641689 0.9726800 0.9988084 0.9800986 1.0600084 0.8906898 1.2052974 1.2902939 1.2487623 1.1714334 1.1060695 1.0168772 1.1703485 1.2481713 1.3180930 1.2273895 1.2544146 1.2190480 1.2044138 1.2367017 1.1798839 
Gracom_Gcom_scaffold18916_01                      1.2667188 0.8350667 1.0404449 0.9090685 0.8539826 0.7975145 1.0589337 1.0210559 0.9267918 0.9353562 0.9560454 1.0991799 1.0918497 0.9958888 1.0575303 0.9692926 0.9878599 1.2074065 0.9326925 1.1016684 1.0953673 1.1081389 1.1533001 1.0042288 0.3382534 0.3761479 0.0000000 0.4507071 2.0401180 0.9867546 1.5865357 0.9879615 1.1793823 1.1714614 1.1737879 0.9308338 1.1477210 1.9377219 1.1911386 1.0706863 1.1175387 1.2482063 1.1093794 1.1538565 1.1737520 0.9528664 1.1102124 1.0098683 1.1402321 0.9490254 1.1102473 0.9538496 1.2198066 1.2579769 1.1715967 1.1945792 1.1524027 1.0886140 1.2745611 1.1217719 1.2251268 1.0757240 1.0956819 1.0179859 1.0038401 1.3144324 1.2892961 
Lcom_lcpid49190                                   1.6109670 0.8378270 0.9608383 0.8887730 0.9526044 0.8090065 1.1054538 0.9225377 0.9052883 0.8855861 0.9440586 0.9861421 0.9769146 0.9533698 0.9627851 0.9244875 0.9373255 1.1979706 0.9747268 0.9791916 0.9878191 1.0188221 1.0623268 1.0829721 0.4047771 0.3792599 0.4507071 0.0000000 0.6790856 0.8365920 1.1678697 0.9680461 1.0506255 1.3458741 1.3385442 1.0885541 1.2720222 1.7757106 1.2996926 1.3138286 1.3361383 1.3740266 1.0045866 1.0799104 1.1217852 0.9993322 1.0949366 0.9987919 1.0755089 1.0411183 1.1376744 0.9985927 1.1527904 1.2378937 1.2249538 1.1972181 1.0519099 1.0385586 1.2350175 1.2799578 1.3801927 1.2527296 1.2099189 1.1946278 1.1709034 1.2286007 1.1083933 
Clacor_Ccor_C504163_01                            2.7018268 0.9597577 0.9300655 0.9452606 0.9462263 0.9100753 0.9112241 0.9828931 1.0343022 0.9093024 1.1372403 0.8264151 0.8143928 0.8712885 0.8418473 0.8231736 0.8093454 0.9205479 0.8748021 0.9209371 1.0088898 1.0227306 0.9964524 1.2909819 0.6198265 0.6905302 2.0401180 0.6790856 0.0000000 0.8112995 1.1320236 1.1267285 0.8119318 1.7393896 1.7791468 1.4988145 1.4921721 1.8056435 1.5219685 1.5570376 1.5638621 1.5687802 1.0955918 1.0013973 1.1519818 1.0519775 1.0771645 1.2729014 0.9127446 1.0944669 1.0613950 2.6856171 1.0930296 1.0027397 1.0435223 1.1969092 1.3656031 1.0483570 1.4135911 2.2932499 2.2932499 1.9873105 2.0678724 2.0054273 1.9964726 1.2021231 1.0320896 
Opea_EP00118_Oscarella_pearsei_P023047            1.7250313 0.9874385 0.9757343 1.0091126 0.9252330 0.7689323 1.1494165 0.8862098 0.9158245 1.0647462 1.1170901 0.9774034 0.9597774 1.0732738 1.0456939 1.0381979 1.1350144 1.5289601 0.9542805 1.0589146 1.2903203 1.2653869 0.9448214 1.1576532 0.8934206 0.8407354 0.9867546 0.8365920 0.8112995 0.0000000 1.1127525 1.1328536 0.8210224 1.5891960 1.6446581 1.6178788 1.5621115 1.6749191 1.6125693 1.4316070 1.4945681 1.4700824 1.0540598 0.9570956 1.0558616 1.2122530 1.1807587 1.2327181 1.0128322 1.0560694 1.1647170 0.6637239 1.1422693 1.1624720 1.1623270 1.1563426 1.1663012 1.1101336 1.3162300 1.6409963 1.6409963 1.5386512 1.5438469 1.5225055 1.5185114 1.0856088 1.2328340 
Hvul_g32988_1                                     2.4535451 1.2247976 1.2465618 1.1699723 1.1032016 1.2063434 1.2883883 1.1618561 1.1470662 1.0145684 1.2167244 1.1715628 1.1465517 1.0944480 1.0813570 1.0330410 1.0451825 1.5455486 1.0528720 0.9409096 1.1132667 1.0356172 1.1292685 1.2784603 1.1475000 1.2799238 1.5865357 1.1678697 1.1320236 1.1127525 0.0000000 0.7451275 1.3139671 1.7454853 1.6469350 1.3629938 1.6557347 1.8121047 1.7535181 1.7253296 1.6857298 1.5982399 1.5802452 1.5243347 1.5101648 1.4441301 1.5782959 1.4023796 1.4270069 1.2301798 1.5039806 1.4736882 1.2974879 1.3547491 1.3616888 1.3324059 1.3534186 1.4474671 1.3220274 2.0821673 2.0821673 1.8728874 1.8027185 1.7966680 1.7854485 1.4456396 1.5017359 
Chem_TCONS_00000008                               2.0157307 0.9217192 0.9200906 0.9462886 0.8346175 0.9350273 1.0343276 0.9661051 1.0370663 0.9636896 0.9335152 0.9192362 0.9054129 0.9019232 0.9408280 0.8882409 0.9441136 1.1504013 0.9546187 0.8756166 0.9413553 0.8418963 0.9073951 0.8787726 0.9454459 0.9427214 0.9879615 0.9680461 1.1267285 1.1328536 0.7451275 0.0000000 0.9903623 1.2643206 1.3472715 1.0936674 1.2354386 1.8182404 1.3723770 1.2990293 1.2607718 1.2666350 1.0487211 1.1344021 1.2007074 1.1248139 1.2271698 1.1199741 1.1977273 0.9820613 1.2621873 0.9663123 1.2007381 1.2510531 1.2039088 1.1806501 1.1179356 1.1441733 1.1811465 1.3534448 1.4099142 1.3986796 1.2710583 1.2404366 1.2297189 1.2645250 1.3130876 
Cscu_XM_023364059.1                               2.1048055 0.9304820 0.8205656 0.9069637 0.8584095 0.6842274 0.8673163 0.8448294 0.9517836 1.0257799 0.9728894 0.9593399 0.9454121 0.9616193 1.0273389 0.9259345 0.8858624 1.2193759 1.0491151 1.0955188 1.0025565 0.9864900 1.0321293 1.0374748 0.9381323 0.9770658 1.1793823 1.0506255 0.8119318 0.8210224 1.3139671 0.9903623 0.0000000 1.4271322 1.4180264 1.2768593 1.4460850 1.7785668 1.3508050 1.2524020 1.4165959 1.3610947 1.1761154 1.1230811 1.2086857 1.2050976 1.3015140 1.2339981 1.1959718 1.0934007 1.4443447 1.0920205 1.2314440 1.2557607 1.2801371 1.1761322 1.1412637 1.3284921 1.3829359 1.3907856 1.4979428 1.2022429 1.3262152 1.1916691 1.2097301 1.3772637 1.2688455 
Mlei_ML0323.g27.i1                                2.0672959 1.1206962 1.3002018 1.2482234 1.1529402 1.0977409 1.2989813 1.2648453 1.2046436 1.3573839 1.4714381 1.2909735 1.2930791 1.2961156 1.3447955 1.2505947 1.3830070 1.6479304 1.4211631 1.3665743 1.3694924 1.3076148 1.4084108 1.3566050 1.3414829 1.3004682 1.1714614 1.3458741 1.7393896 1.5891960 1.7454853 1.2643206 1.4271322 0.0000000 0.2787016 0.3761770 0.4110435 0.3406494 0.4629349 0.4492951 0.4331414 0.3687457 1.3864798 1.4486492 1.5068659 1.3439688 1.3511729 1.3354967 1.2610730 1.3210849 1.4021315 1.1488906 1.3882726 1.4165221 1.5358421 1.4077458 1.4149471 1.2966891 1.5601541 1.5208519 1.5736354 1.5649842 1.4086177 1.3983513 1.3706625 1.6517480 1.6450286 
Beraby_Baby_sb326963                              1.9952830 1.0873340 1.2051451 1.1093451 1.1401025 1.1231435 1.2911560 1.2574428 1.2191330 1.2883891 1.3385808 1.3319900 1.3313229 1.2613622 1.3425066 1.2474125 1.3119423 1.6230197 1.4248059 1.3810737 1.3817538 1.2774881 1.3339510 1.3525128 1.3208500 1.2225097 1.1737879 1.3385442 1.7791468 1.6446581 1.6469350 1.3472715 1.4180264 0.2787016 0.0000000 0.3767870 0.4121908 0.3697103 0.4723309 0.4409039 0.4200666 0.4219062 1.4194164 1.5119875 1.5106327 1.3579005 1.3500173 1.2705609 1.1305222 1.3168926 1.4092414 1.1266826 1.4114649 1.4504959 1.5133361 1.4093713 1.4938377 1.3043390 1.5878466 1.5399513 1.6095974 1.6103885 1.4825580 1.3915676 1.3733525 1.6078922 1.5977791 
Pbac_sb2646619                                    1.8768554 0.9306214 1.0965471 0.9955890 0.9589100 1.0035751 1.2027472 1.1415376 1.0522099 1.0562498 1.1088672 1.0766738 1.0776988 1.0096250 1.0220021 1.0105667 1.0590048 1.2962676 1.0723704 1.1227974 1.1218549 1.0577366 1.1288099 1.1782956 1.0681818 1.0019898 0.9308338 1.0885541 1.4988145 1.6178788 1.3629938 1.0936674 1.2768593 0.3761770 0.3767870 0.0000000 0.0093190 0.5628550 0.4154166 0.3699689 0.3648212 0.3613119 1.1605475 1.3174282 1.3874677 1.1101511 1.1113704 1.1250221 1.0671740 1.1151312 1.3137618 0.9993025 1.1939054 1.1970233 1.3419955 1.2146981 1.1671830 1.1105396 1.4145341 1.3188520 1.3654608 1.3459731 1.2655752 1.2812991 1.2681728 1.3161871 1.3682043 
Horcal_Hcv1.av93.c5.g1316.i4                      2.0827491 1.0368420 1.1791234 1.0802517 1.0749083 1.1009361 1.3331325 1.2538490 1.1597989 1.2408657 1.3325521 1.2702972 1.2710209 1.1848828 1.2050224 1.1974403 1.2406211 1.5039842 1.2452959 1.2851422 1.3140544 1.2390514 1.3197441 1.3925524 1.2360048 1.1650663 1.1477210 1.2720222 1.4921721 1.5621115 1.6557347 1.2354386 1.4460850 0.4110435 0.4121908 0.0093190 0.0000000 0.6115120 0.4606123 0.4106851 0.3977116 0.4077416 1.3170273 1.4412541 1.5474218 1.2746985 1.2690013 1.2653208 1.1801579 1.2402883 1.4627211 1.2054449 1.3406012 1.3711623 1.5100496 1.3335130 1.3185272 1.2576707 1.5586780 1.4526440 1.5095801 1.5300843 1.4146157 1.4064584 1.3824927 1.4738469 1.5384722 
Drygla_Dgla_sb285247                              3.0596691 1.5151894 1.7466956 1.4531446 1.4750367 1.4532017 1.8769836 1.6816487 1.5586876 1.8618076 1.9079709 1.9246493 1.9215111 1.9550882 1.9632008 1.8222823 1.9229669 2.8190677 2.0181504 1.9305595 2.1064443 1.8699609 1.8652525 1.6662720 1.7228955 1.7314467 1.9377219 1.7757106 1.8056435 1.6749191 1.8121047 1.8182404 1.7785668 0.3406494 0.3697103 0.5628550 0.6115120 0.0000000 0.5495719 0.5680881 0.5677486 0.5053508 2.2947537 2.2918290 2.4312165 2.1777978 2.1523445 2.0099039 1.7763830 1.9269668 1.9652816 1.6933829 2.1435992 2.3356860 2.2872064 2.1478931 2.1040088 1.6014782 2.2944915 2.2876642 2.2876642 2.2668151 2.2121550 2.1819334 2.1545509 2.4510706 2.4871883 
Vmul_sbMO392082                                   2.0845319 1.1351115 1.2807835 1.2002434 1.1373584 1.0683547 1.4001432 1.2998566 1.1936363 1.3551100 1.4595493 1.3800325 1.3741393 1.2945694 1.3168838 1.3107979 1.2451305 1.6625430 1.4474031 1.3899155 1.5856137 1.4256276 1.3974359 1.4726502 1.2385013 1.3192442 1.1911386 1.2996926 1.5219685 1.6125693 1.7535181 1.3723770 1.3508050 0.4629349 0.4723309 0.4154166 0.4606123 0.5495719 0.0000000 0.2029977 0.2175091 0.4277359 1.5361149 1.5566011 1.5835023 1.4731276 1.4759854 1.3424637 1.2385013 1.3694330 1.4160300 1.1777587 1.4357306 1.4309277 1.5553230 1.4502996 1.4836754 1.3168145 1.5786032 1.5808777 1.6316579 1.5350160 1.4933800 1.4889129 1.4733617 1.5851972 1.5954980 
Coeast_Cast_sb795090                              1.9465702 1.1268209 1.2234896 1.1337996 1.0428977 1.0156751 1.3491821 1.2487769 1.1308024 1.2382655 1.3693186 1.3175496 1.3167773 1.2408966 1.2564849 1.2821148 1.2176125 1.6293192 1.2829350 1.2153236 1.4657476 1.3736223 1.3914775 1.3666965 1.1790862 1.2377632 1.0706863 1.3138286 1.5570376 1.4316070 1.7253296 1.2990293 1.2524020 0.4492951 0.4409039 0.3699689 0.4106851 0.5680881 0.2029977 0.0000000 0.0330910 0.3879375 1.3835952 1.5104734 1.4816877 1.4352549 1.3567525 1.2547314 1.1248605 1.3614074 1.2910732 1.0123062 1.4864454 1.4592968 1.4759187 1.3796981 1.5478496 1.2957707 1.5478129 1.5263293 1.5820733 1.5097072 1.4160078 1.3955599 1.3863681 1.5425509 1.6974986 
Coemet_Cmet_C602601_01                            1.9278018 1.1044774 1.2076826 1.1401325 1.1084956 1.0037162 1.3622325 1.3049040 1.1785609 1.2429560 1.3887473 1.2760597 1.2754973 1.2042546 1.2231696 1.2766376 1.2427748 1.5520982 1.2980483 1.3251605 1.3661077 1.3407900 1.3089788 1.3815370 1.2374017 1.2387481 1.1175387 1.3361383 1.5638621 1.4945681 1.6857298 1.2607718 1.4165959 0.4331414 0.4200666 0.3648212 0.3977116 0.5677486 0.2175091 0.0330910 0.0000000 0.3569097 1.4032079 1.5558825 1.4796513 1.3426205 1.3721868 1.2382105 1.0972588 1.2502267 1.3479448 1.0636229 1.4180966 1.4224134 1.3868500 1.3041347 1.4993946 1.3083086 1.5364646 1.5206238 1.5906281 1.4982151 1.4289793 1.3757248 1.3575365 1.5837511 1.5811285 
Lampan_Lpan_13471_01                              2.0838708 1.1299580 1.1880051 1.1388293 1.1351912 1.0841997 1.3420728 1.2896078 1.1561218 1.3263503 1.3987492 1.3341621 1.3281707 1.2670687 1.3134245 1.3081199 1.3316242 1.6176922 1.4570967 1.3907786 1.4016282 1.3144836 1.3515339 1.3451345 1.2703214 1.3628123 1.2482063 1.3740266 1.5687802 1.4700824 1.5982399 1.2666350 1.3610947 0.3687457 0.4219062 0.3613119 0.4077416 0.5053508 0.4277359 0.3879375 0.3569097 0.0000000 1.3982917 1.4609555 1.4512833 1.3009074 1.3987239 1.3027513 1.1681338 1.2659003 1.4141521 1.1383603 1.3052765 1.3550101 1.4637129 1.3490504 1.4927379 1.2478154 1.4623075 1.4508292 1.4985545 1.6280798 1.4835999 1.4216317 1.3892510 1.6036092 1.5280637 
Mbre_EDQ89406                                     1.9609167 1.0533385 1.0993690 1.1427956 1.0618342 0.9467583 1.1202871 1.0920033 1.2061555 1.2036278 1.2092546 1.2495417 1.2362529 1.2067054 1.2607193 1.1679330 1.2506163 1.4590341 1.2025578 1.1651421 1.1717484 1.2171350 1.1368256 1.2377267 1.0349508 0.9934685 1.1093794 1.0045866 1.0955918 1.0540598 1.5802452 1.0487211 1.1761154 1.3864798 1.4194164 1.1605475 1.3170273 2.2947537 1.5361149 1.3835952 1.4032079 1.3982917 0.0000000 0.5792213 0.6622836 0.7679084 0.8220347 1.0836241 0.9460351 0.9410228 0.9651679 1.1178387 1.2123604 1.2319010 1.1701308 1.2091755 1.1156077 1.0687599 1.2404277 1.4743189 1.5415465 1.5649839 1.4312831 1.4264147 1.3878019 1.1295831 1.2602949 
Choper_EP00045_Choanoeca_perplexa_P006084         1.9270869 1.0607231 1.1493611 1.1224984 1.1185633 0.9764559 1.2349184 1.1976154 1.1753787 1.1959509 1.1551950 1.2262265 1.2136991 1.2115189 1.2546176 1.1696138 1.2024119 1.4552216 1.1260014 1.1602436 1.1630630 1.2184846 1.1789764 1.2283031 0.9735355 1.0304238 1.1538565 1.0799104 1.0013973 0.9570956 1.5243347 1.1344021 1.1230811 1.4486492 1.5119875 1.3174282 1.4412541 2.2918290 1.5566011 1.5104734 1.5558825 1.4609555 0.5792213 0.0000000 0.3263843 0.7725140 0.7309612 1.0697175 0.9111965 0.8860977 0.9390497 1.0838938 1.1853636 1.1948647 1.2150484 1.3060720 1.0738870 1.0558025 1.2391427 1.5572869 1.6367824 1.5841086 1.5038050 1.5401996 1.5013525 1.1151760 1.0654361 
Chofle_EP00730_Choanoeca_flexa_P002833            1.9026151 1.1412385 1.1732724 1.2342276 1.1740776 0.9500140 1.2132977 1.2498840 1.2333392 1.3160865 1.2664419 1.3027888 1.2933523 1.3152283 1.3623617 1.2161802 1.2736108 1.4889454 1.1458155 1.1567497 1.2999505 1.3909107 1.3055860 1.3322260 1.0502742 1.1034080 1.1737520 1.1217852 1.1519818 1.0558616 1.5101648 1.2007074 1.2086857 1.5068659 1.5106327 1.3874677 1.5474218 2.4312165 1.5835023 1.4816877 1.4796513 1.4512833 0.6622836 0.3263843 0.0000000 0.7741585 0.8276126 1.1090601 0.9706120 0.9978784 1.0796751 1.1479613 1.2890940 1.3369582 1.2773128 1.3274855 1.1966076 1.1433347 1.2966782 1.5783193 1.6704405 1.5610748 1.5482415 1.5203417 1.5049199 1.1714209 1.2053998 
Sros_EGD79469                                     1.7582496 1.1082672 1.1524399 1.1479626 1.0320267 0.9483220 1.2275827 1.1784196 1.2150062 1.1398405 1.1646262 1.1415349 1.1355767 1.1424258 1.1387016 1.1149305 1.1172059 1.3081838 1.1054794 1.1779240 1.2443277 1.2504141 1.2226607 1.2529725 0.9935656 0.9736716 0.9528664 0.9993322 1.0519775 1.2122530 1.4441301 1.1248139 1.2050976 1.3439688 1.3579005 1.1101511 1.2746985 2.1777978 1.4731276 1.4352549 1.3426205 1.3009074 0.7679084 0.7725140 0.7741585 0.0000000 0.4771781 1.1106990 0.8642079 0.9211809 0.8697814 1.2173364 1.2259490 1.1913841 1.3001374 1.2086859 1.0398781 1.0224825 1.1932379 1.5475971 1.6440335 1.4978258 1.4523851 1.3901273 1.3627819 1.1744980 1.1533324 
Microa_EP00043_Microstomoeca_roanoka_P005628      1.8863926 1.0788039 1.2145649 1.1296777 1.1528013 0.9659709 1.2842819 1.2843267 1.1648345 1.0916762 1.1754455 1.2376991 1.2278275 1.2233342 1.2191189 1.1475256 1.1765388 1.3807676 1.1641047 1.1884550 1.2632751 1.2644352 1.2285859 1.3095949 1.0787696 1.0641689 1.1102124 1.0949366 1.0771645 1.1807587 1.5782959 1.2271698 1.3015140 1.3511729 1.3500173 1.1113704 1.2690013 2.1523445 1.4759854 1.3567525 1.3721868 1.3987239 0.8220347 0.7309612 0.8276126 0.4771781 0.0000000 1.0949054 0.8522982 1.0852904 0.9154561 1.2872393 1.3083566 1.3029932 1.2910127 1.1875064 1.0856501 0.9985883 1.2410077 1.5062402 1.5981145 1.5099032 1.4607836 1.4323195 1.4316237 1.1994905 1.1941322 
Salkve_EP00050_Salpingoeca_kvevrii_P007225        1.8874197 1.0592968 1.0906982 1.0106949 0.9890594 0.9345184 1.1390026 1.1035246 1.1488077 1.1321848 1.2748978 1.1051550 1.0956796 1.0683792 1.1164818 1.0510891 1.1376698 1.2488294 1.0409986 1.0610514 1.0841459 1.0820990 1.1872512 1.1379947 1.0172916 0.9726800 1.0098683 0.9987919 1.2729014 1.2327181 1.4023796 1.1199741 1.2339981 1.3354967 1.2705609 1.1250221 1.2653208 2.0099039 1.3424637 1.2547314 1.2382105 1.3027513 1.0836241 1.0697175 1.1090601 1.1106990 1.0949054 0.0000000 0.8371042 0.8996517 1.1705238 1.0385346 1.2007895 1.1693325 1.2205355 1.0777267 1.0609967 1.1850127 1.1704286 1.5338029 1.6429312 1.4584256 1.4322527 1.4418475 1.4336981 1.2253187 1.1154814 
Saldol_EP00054_Salpingoeca_dolichothecata_P025637 1.6695359 1.0564338 1.0207674 0.9822098 1.0547465 0.8015435 1.1854461 1.1835476 0.9951532 1.0656084 1.1248546 1.2004117 1.1895449 1.1418627 1.1789600 1.1085537 1.1402200 1.3633380 1.1123543 1.1560215 1.0738166 1.1168040 1.1996368 1.2028539 0.9702293 0.9988084 1.1402321 1.0755089 0.9127446 1.0128322 1.4270069 1.1977273 1.1959718 1.2610730 1.1305222 1.0671740 1.1801579 1.7763830 1.2385013 1.1248605 1.0972588 1.1681338 0.9460351 0.9111965 0.9706120 0.8642079 0.8522982 0.8371042 0.0000000 0.8363408 1.0798790 0.9600213 1.1015765 1.1250793 1.1858336 1.1003224 1.0539226 0.9766777 1.0568080 1.4796201 1.5373420 1.4387759 1.5372830 1.4165971 1.4062477 1.0386645 1.1215454 
Salurc_EP00051_Salpingoeca_urceolata_P008676      1.6930998 0.9699085 1.0200770 0.9206049 0.9868185 0.8950950 1.0697479 0.9532915 1.0395622 1.1115029 1.1308555 1.1302491 1.1212774 1.0712538 1.1100768 1.0911884 1.1717269 1.2955603 1.1283690 1.1809900 1.0194219 1.0467690 1.0900881 1.2095257 0.9658865 0.9800986 0.9490254 1.0411183 1.0944669 1.0560694 1.2301798 0.9820613 1.0934007 1.3210849 1.3168926 1.1151312 1.2402883 1.9269668 1.3694330 1.3614074 1.2502267 1.2659003 0.9410228 0.8860977 0.9978784 0.9211809 1.0852904 0.8996517 0.8363408 0.0000000 1.1611270 0.9340945 1.0245229 1.0080884 0.9922102 0.9828203 0.9536911 0.9536438 1.0944776 1.4654997 1.5434835 1.3318455 1.3669143 1.2942197 1.2783529 1.1467597 1.0122726 
Salinf_EP00049_Salpingoeca_infusionum_P013351     1.6505402 1.2437048 1.1600959 1.2224967 1.1752506 1.1080138 1.3689941 1.2826757 1.2677029 1.2284093 1.3119984 1.2990358 1.2866848 1.2556532 1.2913531 1.1897318 1.2212433 1.5281846 1.2603153 1.3384855 1.2876204 1.2359287 1.2200685 1.3314455 1.1383048 1.0600084 1.1102473 1.1376744 1.0613950 1.1647170 1.5039806 1.2621873 1.4443447 1.4021315 1.4092414 1.3137618 1.4627211 1.9652816 1.4160300 1.2910732 1.3479448 1.4141521 0.9651679 0.9390497 1.0796751 0.8697814 0.9154561 1.1705238 1.0798790 1.1611270 0.0000000 1.1463199 1.3379492 1.4204821 1.3338292 1.3138290 1.2247380 1.1756173 1.2748448 1.6991532 1.8131231 1.6577413 1.6236917 1.6345548 1.6041088 1.2157536 1.2899768 
Plajan_Pjan_scaffold18670_01                      1.3845248 0.8111111 0.9365096 0.7658914 0.8289287 0.6351429 0.9516042 0.9100929 0.9331641 0.9278158 0.9744423 0.8694504 0.8618705 0.8678424 0.9638113 0.8409545 0.8752638 1.1755686 0.9481366 1.0046303 0.9834774 0.9798197 0.9552482 1.0200935 0.8781985 0.8906898 0.9538496 0.9985927 2.6856171 0.6637239 1.4736882 0.9663123 1.0920205 1.1488906 1.1266826 0.9993025 1.2054449 1.6933829 1.1777587 1.0123062 1.0636229 1.1383603 1.1178387 1.0838938 1.1479613 1.2173364 1.2872393 1.0385346 0.9600213 0.9340945 1.1463199 0.0000000 1.2030033 1.2137837 1.2497785 1.1073707 1.0748191 1.0671879 1.3488153 1.0255130 1.1242436 1.0336622 1.0639166 1.0465474 1.0133226 1.2908602 1.1643955 
Acaspe_EP00035_Acanthoeca_spectabilis_P019888     1.9275326 1.0032475 1.0746692 1.1307269 1.0326709 0.9189316 1.1857493 1.0603694 1.0759697 1.1598439 1.2015306 1.1076124 1.0956635 1.0325383 1.0683664 1.0725128 1.1108848 1.2297843 1.1206473 1.1579162 1.2164414 1.1559197 1.1722330 1.2597587 1.1606306 1.2052974 1.2198066 1.1527904 1.0930296 1.1422693 1.2974879 1.2007381 1.2314440 1.3882726 1.4114649 1.1939054 1.3406012 2.1435992 1.4357306 1.4864454 1.4180966 1.3052765 1.2123604 1.1853636 1.2890940 1.2259490 1.3083566 1.2007895 1.1015765 1.0245229 1.3379492 1.2030033 0.0000000 0.2933673 0.6581910 0.8410676 1.1389511 1.1543994 1.1045238 1.7107212 1.7879967 1.7232396 1.6562566 1.5968378 1.5818760 1.1881363 1.1826960 
Helnan_EP00037_Helgoeca_nana_P007928              1.9414342 1.0910436 1.0301751 1.1317794 1.0829212 0.9467547 1.1356474 1.0663876 1.1735863 1.1672971 1.1408973 1.1061058 1.0936667 1.0372698 1.0792042 1.0744805 1.0624020 1.2489478 1.1134213 1.1185394 1.1649101 1.1301209 1.0972809 1.1793123 1.1108814 1.2902939 1.2579769 1.2378937 1.0027397 1.1624720 1.3547491 1.2510531 1.2557607 1.4165221 1.4504959 1.1970233 1.3711623 2.3356860 1.4309277 1.4592968 1.4224134 1.3550101 1.2319010 1.1948647 1.3369582 1.1913841 1.3029932 1.1693325 1.1250793 1.0080884 1.4204821 1.2137837 0.2933673 0.0000000 0.6697770 0.9035427 1.1561625 1.2099453 1.1240234 1.7185758 1.7882532 1.5535508 1.5425671 1.5319602 1.5196050 1.1917100 1.2400314 
Stedip_EP00041_Stephanoeca_diplocostata_P033933   1.8854016 1.1156352 1.1443091 1.1859345 1.1733716 0.9633574 1.1870490 1.1540835 1.3168760 1.1816606 1.2828424 1.1455526 1.1361199 1.1600713 1.1970320 1.1354272 1.2159543 1.3506884 1.3243525 1.3834720 1.2708666 1.2267299 1.2592360 1.2886737 1.1008651 1.2487623 1.1715967 1.2249538 1.0435223 1.1623270 1.3616888 1.2039088 1.2801371 1.5358421 1.5133361 1.3419955 1.5100496 2.2872064 1.5553230 1.4759187 1.3868500 1.4637129 1.1701308 1.2150484 1.2773128 1.3001374 1.2910127 1.2205355 1.1858336 0.9922102 1.3338292 1.2497785 0.6581910 0.6697770 0.0000000 0.8912392 1.2308830 1.2696448 1.1359391 1.6876402 1.7589913 1.5506023 1.5859825 1.5517316 1.5375519 1.2695819 1.1943046 
