72
Hsap_ENST00000389749                                0.0000000 0.9193029 1.2296058 1.0734252 1.2415112 0.9761469 1.0571131 1.0194126 0.8757024 0.9356576 0.9322927 0.9277608 1.0416111 1.3334763 0.9721984 1.3465031 1.1928805 1.5183175 1.4218350 1.4347761 0.9701178 1.3079700 1.3282415 1.5233802 1.1728694 1.1805389 1.3707229 1.3204730 1.4970719 1.5753250 1.7062362 1.6841401 1.1789925 1.7558420 1.6783236 1.8643925 1.6326946 1.2526471 1.4407853 1.5538591 1.4392025 1.4590234 1.3349267 1.5847957 1.7753873 1.8685333 1.4194869 1.7294352 1.7294352 1.7502166 1.7506840 1.7165706 1.7165706 1.3362592 1.4321344 1.5709829 1.5108325 1.8317617 1.5854045 1.6946888 1.4276457 1.9422397 1.9593088 2.0207681 1.7094241 1.5333183 1.7795556 1.6343094 3.3519626 1.9188885 2.1962410 3.6040627 
Bralan_BLAG04000989_1                               0.9193029 0.0000000 0.8515641 0.8914746 1.1357442 0.7991778 0.9436866 0.9017984 0.9242997 0.9968959 1.0052628 0.9574501 0.9496341 1.0902948 0.8377407 1.0974794 1.0034996 1.3710858 1.1578510 1.1674360 0.8600687 0.9611422 1.1110998 1.2296738 0.9647370 0.9545087 1.2998822 1.2081311 1.3843278 1.4772136 1.8387487 1.8199286 1.1120949 1.9775268 1.9325939 1.7980575 1.7509871 1.1171385 1.3311917 1.3934490 1.2527051 1.1864381 1.3858943 1.2817328 1.4362211 1.4826851 1.2723493 1.4541048 1.4541048 1.4235553 1.4101319 1.3665334 1.3665334 1.2643278 1.3052418 1.4284439 1.3878251 1.6000111 1.3674638 1.6583678 1.4877810 1.8351140 1.9751570 1.8933005 1.5831175 1.4789497 1.7224681 1.3472817 3.2524241 1.6853042 1.6230129 2.3915349 
Cgig_XM_011446434.3                                 1.2296058 0.8515641 0.0000000 1.0064008 1.2995578 1.0243745 1.3240097 1.2283907 1.1578726 1.3465461 1.3975250 1.4132330 1.1815808 1.3100125 0.9516118 1.3230801 1.4543955 1.6382391 1.2863843 1.2976665 1.0647346 1.3582159 1.3310316 1.4582192 1.0251693 1.1950671 1.6774087 1.4180618 2.0366929 2.4963657 2.0331204 2.0832232 1.0217233 2.0665552 2.1876080 2.2839795 2.1105125 1.5038034 1.6082978 1.6032811 1.3136223 1.4009785 1.4325132 1.3680866 1.5906160 1.7300574 1.2661918 1.5605773 1.5605773 1.4562511 1.3860818 1.5193186 1.5193186 1.4619880 1.7235667 1.8664953 1.9056446 1.8057892 1.7771608 1.9446310 1.7063912 2.3584605 2.3366215 2.2816568 1.8320748 1.6449571 2.1180844 1.6637948 3.4240004 1.9406693 2.7750435 3.6089437 
Skow_XM_002732903.2                                 1.0734252 0.8914746 1.0064008 0.0000000 1.1332456 0.9189842 1.1636464 1.0190882 1.0103590 1.0847286 1.0805386 1.1243696 0.8702243 1.1560780 0.8183547 1.2390235 1.2171416 1.4886549 1.3666275 1.3786930 0.8439956 1.1725107 1.2667826 1.4860687 0.9209880 1.2050543 1.4646669 1.4247693 1.4567996 1.6618678 2.0902279 2.1141901 1.1070327 2.0724017 2.1942601 2.7335528 2.2736251 1.4704146 1.7054323 1.4785044 1.2308933 1.4981408 1.5629409 1.5624041 1.6832945 1.7311002 1.5117741 1.4706330 1.4706330 1.4844975 1.4765615 1.5344292 1.5344292 1.2412583 1.4130907 1.6820780 1.5730813 1.7932205 1.6223669 1.5572257 1.4117806 2.0163071 1.8483423 2.1551511 1.8705685 1.7027037 1.8894726 1.5360358 3.6501213 1.8431426 1.9009906 2.8734768 
Exapal_XM_021049483.2                               1.2415112 1.1357442 1.2995578 1.1332456 0.0000000 0.6037357 0.8337924 0.8201002 0.6410807 0.7257732 0.7148070 0.7491113 0.8245900 1.2840718 0.8816171 1.1750247 1.1557719 1.5414791 1.2794022 1.2710637 0.8292353 0.7142516 1.3223495 1.3190512 1.2938205 1.4069165 1.6240136 1.2355631 1.6133967 1.9112988 1.8893956 1.9964107 1.0264723 1.9763634 1.8383943 2.5243009 1.9587731 1.3172684 1.3693360 1.5066776 1.3242653 1.4606495 1.4000259 1.4468962 1.5898827 1.8002367 1.2751771 1.3421237 1.3421237 1.2486747 1.2700518 1.2505371 1.2505371 1.6241287 1.6516922 1.7825360 1.7645858 1.8940954 1.5675728 1.6367543 1.5688081 2.0643283 2.0161926 2.3240798 1.8476968 1.7314257 2.0982626 1.7070965 4.0335151 2.2638555 2.0966671 5.0666243 
Adig_XM_015924025.1                                 0.9761469 0.7991778 1.0243745 0.9189842 0.6037357 0.0000000 0.0445905 0.2009535 0.2278479 0.2867197 0.3065046 0.2275010 0.7701045 0.9001130 0.6455788 0.8562379 0.8350698 1.0482019 1.1617228 1.1725368 0.7839525 0.6279137 0.8770119 0.8718517 1.0113619 1.0267085 1.0613713 1.0661641 1.1200298 0.9529514 1.4887958 1.4963667 1.1084022 1.6791626 1.5164371 1.6973347 1.5547513 0.9423554 1.1037546 1.2792761 1.1660121 1.2108929 1.0833313 1.1792387 1.1977543 1.5853785 1.2114221 1.3095280 1.3095280 1.2428598 1.2154316 1.2272290 1.2272290 1.1858423 1.2605821 1.4657720 1.4526032 1.6326596 1.2370445 1.4543270 1.3015322 1.6371266 1.7305113 1.3543118 1.3394407 1.3286077 1.3930556 1.2273895 2.8010891 2.0196348 1.4423763 2.4520611 
Amil_Amillepora12823-RA                             1.0571131 0.9436866 1.3240097 1.1636464 0.8337924 0.0445905 0.0000000 0.2793967 0.3504286 0.4000969 0.3743176 0.3785849 0.8799238 1.2388853 0.7543845 1.1443132 1.1203634 1.3366337 1.3452248 1.3576240 0.8440625 0.9232372 1.3387068 1.2174678 1.2088106 1.4375183 1.5849090 1.4155828 1.4341815 1.3818235 1.7734999 1.7583038 1.1590918 2.0458305 1.7926503 2.0731488 1.8927760 1.1456539 1.3664992 1.6377855 1.6128805 1.4461898 1.5325106 1.4663724 1.4555626 1.9128363 1.4648593 1.5298674 1.5298674 1.4501822 1.4328793 1.4832731 1.4832731 1.5597068 1.8315660 1.9606733 1.9052341 2.1268364 1.6098992 1.7301250 1.6463945 2.1908984 2.3335383 2.3311509 1.8726852 1.5022877 2.1923712 1.5510488 4.0394859 2.0342573 2.1515174 3.5936345 
Gfas_gfas1.m1.14372.m1                              1.0194126 0.9017984 1.2283907 1.0190882 0.8201002 0.2009535 0.2793967 0.0000000 0.2304392 0.2753978 0.2663071 0.2349104 0.7418123 1.1009950 0.6023448 1.0225690 1.0552302 1.3420466 1.2479470 1.2586054 0.7022091 0.9220169 1.2681966 1.3475113 1.1119058 1.2773739 1.4195243 1.2597709 1.4709088 1.4880476 1.6687332 1.6994622 1.1484734 1.9500181 1.7025914 1.9563502 1.6803074 1.1921077 1.3842467 1.6446106 1.4204746 1.4095801 1.4090573 1.4226701 1.4892116 1.7394639 1.2490488 1.3829696 1.3829696 1.3307810 1.3248416 1.3588194 1.3588194 1.4092494 1.5567336 1.7559765 1.7437825 1.7731454 1.5649575 1.6077052 1.5394976 1.9630553 2.2774247 2.0924738 1.6892151 1.4581017 2.0525347 1.4243069 4.0127583 2.0895462 1.8143574 4.0731427 
Fspp_ffun1.m4.16991.m1                              0.8757024 0.9242997 1.1578726 1.0103590 0.6410807 0.2278479 0.3504286 0.2304392 0.0000000 0.2525150 0.2470084 0.1880895 0.7204778 1.0624378 0.6685582 0.9473030 0.9802767 1.2163752 1.2441034 1.2545828 0.7088768 0.7553451 1.1469920 1.1741751 1.0009855 1.1873274 1.2918515 1.2095889 1.3306918 1.2469866 1.5339306 1.5788686 1.0627702 1.9677525 1.6998764 2.0197350 1.7266609 1.1037219 1.3204833 1.4848619 1.5198704 1.3148863 1.4496913 1.3385734 1.4532555 1.7101471 1.3749242 1.2885382 1.2885382 1.2369066 1.2384689 1.2689659 1.2689659 1.3719908 1.5970756 1.7821011 1.6707521 1.8723103 1.3883831 1.6172590 1.4039800 1.9828618 2.1657973 1.9688035 1.6184867 1.3630004 1.8542110 1.2810598 4.3487031 2.1038740 2.1568440 3.4209670 
Spis_XP_022792038_1                                 0.9356576 0.9968959 1.3465461 1.0847286 0.7257732 0.2867197 0.4000969 0.2753978 0.2525150 0.0000000 0.1234914 0.2668726 0.7310011 1.1012174 0.6592123 1.0459546 1.0313592 1.3287971 1.2806476 1.2914705 0.7130466 0.8711400 1.2726572 1.2948216 1.1030321 1.1587268 1.4407511 1.2858862 1.3470178 1.3405955 1.6602162 1.6688061 1.0628179 1.9023203 1.7356856 2.2285391 1.7574052 1.1242109 1.3506156 1.6602237 1.5755700 1.4413252 1.4796370 1.5287225 1.5129074 1.7909024 1.3222697 1.3167033 1.3167033 1.2602771 1.2451533 1.2710484 1.2710484 1.4858325 1.6382744 1.7977145 1.7764791 1.8513431 1.5032688 1.6557756 1.6202947 2.1126917 2.3671527 2.2459797 1.7123392 1.4585067 1.9238643 1.4143905 3.9058676 2.0939046 2.5431488 4.3829351 
Pocdam_XM_027193211.1                               0.9322927 1.0052628 1.3975250 1.0805386 0.7148070 0.3065046 0.3743176 0.2663071 0.2470084 0.1234914 0.0000000 0.2642630 0.7571703 1.1360114 0.6979190 1.0442657 1.0074414 1.4027886 1.2290945 1.2393464 0.7299875 0.8449927 1.2681352 1.3196637 1.1213512 1.2388780 1.4065054 1.3185452 1.4422077 1.3308492 1.6078200 1.6374778 1.0691182 1.9171587 1.6824029 2.3334710 1.8421135 1.1597297 1.3812897 1.7014355 1.5575080 1.3877277 1.5600051 1.5417333 1.5425644 1.8457710 1.3333790 1.3292967 1.3292967 1.2551287 1.2627349 1.2990919 1.2990919 1.5056787 1.6662310 1.9308723 1.8677182 1.9722574 1.5178661 1.6625528 1.5839703 2.0186187 2.2636260 2.1016282 1.6901367 1.4188885 1.8535093 1.4561799 4.1440386 2.2134798 2.2519968 4.2486350 
Gasp_gasp1.m3.4687.m1                               0.9277608 0.9574501 1.4132330 1.1243696 0.7491113 0.2275010 0.3785849 0.2349104 0.1880895 0.2668726 0.2642630 0.0000000 0.7345685 1.1710610 0.7060958 1.0692917 1.0749997 1.4377489 1.2576829 1.2598925 0.7233479 0.8544132 1.3594222 1.4091936 1.0537354 1.2501729 1.5175828 1.2343177 1.4408280 1.4514429 1.6740560 1.6892281 1.0589124 2.1358310 1.7436202 2.3766607 1.8681172 1.1091595 1.3178651 1.6122635 1.4753441 1.3539457 1.4157743 1.4237247 1.5232112 1.6991745 1.3722357 1.3072143 1.3072143 1.2620001 1.2575755 1.2698856 1.2698856 1.4058592 1.6807043 1.8194861 1.8102128 1.8637977 1.5094554 1.7119904 1.6268134 1.9028060 2.2404488 2.1317188 1.7223021 1.3151278 1.9016457 1.3731603 4.4637180 2.0340261 2.2912683 4.8829599 
Hvul_g6814_1                                        1.0416111 0.9496341 1.1815808 0.8702243 0.8245900 0.7701045 0.8799238 0.7418123 0.7204778 0.7310011 0.7571703 0.7345685 0.0000000 0.6376861 0.4746477 0.7457003 0.6895639 0.8350057 1.1732018 1.1921402 0.8361931 0.7345424 0.9245097 0.9837390 0.8363437 1.1696349 0.8568295 1.0778092 1.2859285 1.0584159 1.4749257 1.4589282 1.0628526 1.4991898 1.6242972 0.6383069 1.8367391 1.1354643 1.2346997 1.1988411 1.1249848 0.9787780 1.1854559 1.1020857 1.3250107 1.7978111 1.2329866 1.2150315 1.2150315 1.1075401 1.0993353 1.1574752 1.1574752 1.3131783 1.1972564 1.2072980 1.3596943 1.3295862 1.2856040 1.5403515 1.2139169 1.7972044 1.8279121 1.5848147 1.4205981 1.4305354 1.4534480 1.3533038 0.0000010 2.3231306 0.0000010 3.6665666 
Chem_TCONS_00062013                                 1.3334763 1.0902948 1.3100125 1.1560780 1.2840718 0.9001130 1.2388853 1.1009950 1.0624378 1.1012174 1.1360114 1.1710610 0.6376861 0.0000000 0.6670224 1.0684811 1.0680755 1.3261208 1.3306675 1.3524973 0.8792042 1.4331028 1.3681964 1.4760590 1.0502111 1.3046175 1.6133173 1.4796362 1.9228985 2.1760929 1.8940566 1.9406919 1.1080610 2.2195146 2.1393449 2.7443907 2.2298684 1.2704270 1.3850326 1.4676366 1.3667670 1.4093841 1.5981622 1.3464180 1.8677182 1.7892060 1.4522236 1.5324931 1.5324931 1.6684075 1.6434722 1.6680615 1.6680615 1.5036712 1.9466235 1.7028019 1.8132074 1.9686906 1.9352318 1.6804547 1.6077888 2.2690617 2.1624721 2.7734310 2.1028951 1.8504656 2.3191481 1.8595494 3.2641725 1.9091344 3.1018624 3.8347290 
Aaur_scaffold155.g6.t1                              0.9721984 0.8377407 0.9516118 0.8183547 0.8816171 0.6455788 0.7543845 0.6023448 0.6685582 0.6592123 0.6979190 0.7060958 0.4746477 0.6670224 0.0000000 0.2882056 0.3771307 0.5715843 0.9323368 0.9323368 0.7002453 0.7839906 0.9393117 0.8277127 0.8600218 0.9103283 0.8652506 1.0183827 1.0465819 1.1049728 1.5231910 1.5881909 1.4796647 1.6236604 1.4903451 2.3750842 1.6986538 1.0005120 1.0848726 1.2221309 1.1495783 1.1738957 1.0537162 0.9505573 1.5064037 1.3277913 1.2479344 1.1173771 1.1173771 1.1529472 1.1222715 1.0814786 1.0814786 1.0530899 1.2178357 1.3786757 1.3835543 1.4134775 1.1175878 1.1815932 1.0652307 1.6831087 1.8314090 1.4256704 1.3782140 1.3529809 1.3811906 1.2383757 4.9988663 1.9315469 2.6238516 2.9856951 
Nemnom_g14687.t1                                    1.3465031 1.0974794 1.3230801 1.2390235 1.1750247 0.8562379 1.1443132 1.0225690 0.9473030 1.0459546 1.0442657 1.0692917 0.7457003 1.0684811 0.2882056 0.0000000 0.2860129 1.1587282 1.2362013 1.2467538 0.8167244 1.1799264 1.3966860 1.4410660 1.1726621 1.2674166 1.3764274 1.5059939 1.7157001 1.9239870 1.9045672 1.9747571 1.1965980 2.3191310 1.9483111 2.4215044 2.0709314 1.4275065 1.5105689 1.6447531 1.5213094 1.6317620 1.4382116 1.4226612 1.8375588 1.7006608 1.3030839 1.5136474 1.5136474 1.4805116 1.4638987 1.4837381 1.4837381 1.4911895 1.7288025 1.8929539 1.9117134 1.7168910 1.8043748 1.7376504 1.5881614 1.9806168 2.1358650 2.2540710 1.9892446 1.4611329 2.0362558 1.9989013 3.7087634 1.8929311 3.0089261 4.8694725 
Rhoesc_Res_005034-T1                                1.1928805 1.0034996 1.4543955 1.2171416 1.1557719 0.8350698 1.1203634 1.0552302 0.9802767 1.0313592 1.0074414 1.0749997 0.6895639 1.0680755 0.3771307 0.2860129 0.0000000 1.2422888 1.2295574 1.2399292 0.8189711 1.2735833 1.3762541 1.4840762 1.2495888 1.2613259 1.3143149 1.5560014 1.7498423 1.9566832 1.8920551 1.9061589 1.0617399 2.1397413 2.0985540 2.5452940 2.1418741 1.2295059 1.4340761 1.5084520 1.5118936 1.4973528 1.4429525 1.4872030 1.7025249 1.6987130 1.1918473 1.4389891 1.4389891 1.5131218 1.5219395 1.4543401 1.4543401 1.3553666 1.6463873 1.7552945 1.9091234 1.6991561 1.8244022 1.7327205 1.7134057 1.8903521 2.0977701 2.1523238 1.8657926 1.4303669 1.8662665 2.0949218 3.6220486 1.9947097 2.7963778 5.0082272 
Morvir_scaffold131.g34.t1                           1.5183175 1.3710858 1.6382391 1.4886549 1.5414791 1.0482019 1.3366337 1.3420466 1.2163752 1.3287971 1.4027886 1.4377489 0.8350057 1.3261208 0.5715843 1.1587282 1.2422888 0.0000000 1.3930596 1.4055808 0.9438476 1.4139145 1.6167278 1.6903005 1.6470316 1.8163932 1.6712154 1.4931905 1.9278494 1.8911441 2.0198853 1.9961833 1.2821906 2.1957026 2.1164321 2.1664940 2.1943340 1.5519116 1.7964528 1.8639315 1.4498681 1.6284458 1.7108604 1.7162158 1.9400447 1.8190497 1.5441716 1.6704130 1.6704130 1.6504571 1.6079918 1.6298182 1.6298182 1.7423436 1.9573256 2.0177175 2.0279496 2.0405466 2.0837379 1.8900778 1.7727403 2.3424338 2.3367882 2.6391968 2.2255300 1.7234749 2.4437227 1.8192864 4.9308790 1.9258890 3.4975252 3.8566633 
Ocar_g321                                           1.4218350 1.1578510 1.2863843 1.3666275 1.2794022 1.1617228 1.3452248 1.2479470 1.2441034 1.2806476 1.2290945 1.2576829 1.1732018 1.3306675 0.9323368 1.2362013 1.2295574 1.3930596 0.0000000 0.0000010 0.7175439 1.2485028 1.1927574 1.2784077 1.4028379 1.4877416 1.4939339 1.4400579 1.4995822 1.4160210 1.6709890 1.6974280 1.0346770 1.8434833 1.6848390 2.2787139 1.7701057 1.3887815 1.3809519 1.5468267 1.5593007 1.6289617 1.3929701 1.6876030 1.6346250 1.6481275 1.4318277 1.6526087 1.6526087 1.6668660 1.6598309 1.6441213 1.6441213 1.7247223 1.8726743 1.6831478 1.8478235 1.7984545 1.6182957 1.6965744 1.3246947 1.8941199 1.8946498 2.2780907 2.0078490 1.7812416 1.9285550 1.8994162 4.1588646 2.2546511 1.8837228 3.6395996 
Opea_EP00118_Oscarella_pearsei_P010239              1.4347761 1.1674360 1.2976665 1.3786930 1.2710637 1.1725368 1.3576240 1.2586054 1.2545828 1.2914705 1.2393464 1.2598925 1.1921402 1.3524973 0.9323368 1.2467538 1.2399292 1.4055808 0.0000010 0.0000000 0.7239904 1.2485028 1.2028477 1.2788494 1.4156907 1.5012769 1.4960158 1.4526722 1.5132019 1.4160210 1.6722454 1.6987859 1.0346770 1.8612397 1.6861205 2.2787139 1.7878445 1.4009005 1.3929597 1.5381451 1.5738799 1.6443228 1.4043973 1.6782058 1.6496719 1.6376870 1.4272417 1.6680258 1.6680258 1.6823900 1.6752259 1.6593747 1.6593747 1.7308608 1.8592213 1.6989550 1.8500924 1.8053875 1.6188520 1.6863164 1.3325871 1.8941199 1.8966627 2.2570614 1.9896507 1.7886638 1.9113477 1.9180999 4.1588646 2.2719709 1.8837228 3.6395996 
Plajan_Pjan_scaffold20780_01                        0.9701178 0.8600687 1.0647346 0.8439956 0.8292353 0.7839525 0.8440625 0.7022091 0.7088768 0.7130466 0.7299875 0.7233479 0.8361931 0.8792042 0.7002453 0.8167244 0.8189711 0.9438476 0.7175439 0.7239904 0.0000000 0.8461590 0.9422507 0.9218347 0.9466403 1.0257668 0.8926236 0.8334385 1.0553180 0.8443898 1.2794006 1.2693918 1.0900344 1.3957874 1.4006213 1.4847164 1.3363288 0.9277047 0.9800512 1.1108527 1.1260333 1.2340846 1.0820090 1.0265488 1.3995440 1.2343156 1.1306015 1.1977855 1.1977855 1.1901731 1.1689836 1.1711605 1.1711605 1.1431929 1.1265812 1.1093637 1.2169030 1.1234353 1.2353175 1.2885608 1.0220767 1.3960302 1.4522964 1.3328996 1.2682922 1.2998470 1.1776627 1.1674279 1.7716102 2.0417963 1.2327992 2.0104613 
Nvec_v1g82127                                       1.3079700 0.9611422 1.3582159 1.1725107 0.7142516 0.6279137 0.9232372 0.9220169 0.7553451 0.8711400 0.8449927 0.8544132 0.7345424 1.4331028 0.7839906 1.1799264 1.2735833 1.4139145 1.2485028 1.2485028 0.8461590 0.0000000 1.2262514 1.1992021 1.2010791 1.4898318 1.6103828 1.3680481 1.7109364 2.0204418 1.8898563 1.9124984 1.0546063 2.0083259 1.8026790 2.3070637 1.7785221 1.3126564 1.5067335 1.5347867 1.4566391 1.5107983 1.5282935 1.4592278 1.5520387 1.8344324 1.3790546 1.3918675 1.3918675 1.2174256 1.1905826 1.2253740 1.2253740 1.5844506 1.7676324 1.8004472 1.6933713 1.7680197 1.6656257 1.4654209 1.6860884 2.1549136 2.2748465 1.9352798 1.7936344 1.5367217 1.8427471 1.8591024 5.3022337 2.2129202 2.8317981 4.5571691 
Dgig_XM_028549543.1                                 1.3282415 1.1110998 1.3310316 1.2667826 1.3223495 0.8770119 1.3387068 1.2681966 1.1469920 1.2726572 1.2681352 1.3594222 0.9245097 1.3681964 0.9393117 1.3966860 1.3762541 1.6167278 1.1927574 1.2028477 0.9422507 1.2262514 0.0000000 0.6810850 1.2523935 1.4167955 1.4763560 1.3312534 1.7158646 1.7533764 1.9037567 1.8969482 1.1869853 2.0962239 1.9432548 2.1246172 1.9494888 1.3357881 1.4546296 1.4832968 1.4587361 1.3767845 1.4673771 1.4012269 1.4526004 1.8033859 1.3421008 1.5204527 1.5204527 1.5917081 1.6017171 1.5807697 1.5807697 1.4456318 1.6597682 1.8202335 1.7789841 1.7492543 1.7559158 1.3351395 1.8138881 2.1973737 2.2121995 2.5195666 1.9473868 1.7030213 2.1878563 1.9570011 3.4496025 1.9639699 2.2785347 3.8930405 
Xesp_000910-T1                                      1.5233802 1.2296738 1.4582192 1.4860687 1.3190512 0.8718517 1.2174678 1.3475113 1.1741751 1.2948216 1.3196637 1.4091936 0.9837390 1.4760590 0.8277127 1.4410660 1.4840762 1.6903005 1.2784077 1.2788494 0.9218347 1.1992021 0.6810850 0.0000000 1.4078910 1.4914748 1.4336564 1.3344343 1.8416881 2.0089900 2.0178543 2.0539483 1.1563557 2.1584428 1.9139595 2.0861144 1.9239135 1.4829891 1.5759318 1.7390586 1.5362734 1.5842287 1.3801122 1.4981359 1.6117169 2.0157446 1.5510801 1.5488130 1.5488130 1.4945997 1.5188828 1.5143502 1.5143502 1.3465633 1.7037330 2.0250775 1.9512026 1.7610484 1.7719495 1.5481173 1.9977073 2.2184779 2.4635747 2.2353933 1.9234168 1.6265207 2.0789866 1.7991972 3.8723495 2.0914976 2.7362215 4.3248997 
Ctel_gnl_WGS_AMQN_CAPTEDRAFT_mRNA182965             1.1728694 0.9647370 1.0251693 0.9209880 1.2938205 1.0113619 1.2088106 1.1119058 1.0009855 1.1030321 1.1213512 1.0537354 0.8363437 1.0502111 0.8600218 1.1726621 1.2495888 1.6470316 1.4028379 1.4156907 0.9466403 1.2010791 1.2523935 1.4078910 0.0000000 1.0213770 1.4965508 1.4594122 1.7410139 2.0428615 1.9783722 1.9960440 1.0178542 2.0815372 1.9708328 2.0836389 2.0150208 1.3809460 1.5154229 1.6215486 1.3389451 1.4149916 1.4103383 1.5857191 1.8232344 1.8296763 1.5716897 1.4831603 1.4831603 1.4445608 1.4589524 1.4563933 1.4563933 1.4215361 1.5937790 1.5067385 1.7073675 1.7255032 1.6712353 1.7375672 1.5395960 2.2759269 2.2027059 2.2194111 1.7014866 1.7494659 1.9042695 1.6141714 3.2705251 2.0564082 2.2009994 4.0318177 
Spur_XM_003725395.3                                 1.1805389 0.9545087 1.1950671 1.2050543 1.4069165 1.0267085 1.4375183 1.2773739 1.1873274 1.1587268 1.2388780 1.2501729 1.1696349 1.3046175 0.9103283 1.2674166 1.2613259 1.8163932 1.4877416 1.5012769 1.0257668 1.4898318 1.4167955 1.4914748 1.0213770 0.0000000 1.7060636 1.3670142 1.9252419 2.1455418 2.0960933 2.1704711 1.1613452 2.2590157 2.0879854 1.9710296 1.8681819 1.5898268 1.7149811 1.8374473 1.5572374 1.5677067 1.5927396 1.8490740 1.8583033 1.7054541 1.6048022 1.7397530 1.7397530 1.7387082 1.7196344 1.7062727 1.7062727 1.4871501 1.9148439 2.1531572 2.1401421 2.1185930 1.8810883 1.7316046 1.6974488 2.1804651 2.2018156 2.4375349 1.8240522 1.7332735 2.0042431 1.7999352 2.9047350 1.9927338 2.6212331 4.1980992 
Saldol_EP00054_Salpingoeca_dolichothecata_P026190   1.3707229 1.2998822 1.6774087 1.4646669 1.6240136 1.0613713 1.5849090 1.4195243 1.2918515 1.4407511 1.4065054 1.5175828 0.8568295 1.6133173 0.8652506 1.3764274 1.3143149 1.6712154 1.4939339 1.4960158 0.8926236 1.6103828 1.4763560 1.4336564 1.4965508 1.7060636 0.0000000 1.2250774 1.7153938 2.0492699 1.9413100 1.9392101 1.1977160 2.1425082 2.2284593 2.6548575 2.2449587 1.4325215 1.5780530 1.4940051 1.7366622 1.5948858 1.2177752 1.4566466 1.6767905 1.8091532 1.3474828 1.8767373 1.8767373 1.8571453 1.8210753 1.8187268 1.8187268 1.2615154 1.5992094 1.6112041 1.8831864 1.8053030 1.7050378 1.9942544 1.6954983 2.1072737 2.0489062 2.9393479 2.1128054 1.9890143 2.1157947 2.1949908 4.9859994 1.7209235 3.2892970 4.1769965 
Aque_Aqu2.1.22165_001                               1.3204730 1.2081311 1.4180618 1.4247693 1.2355631 1.0661641 1.4155828 1.2597709 1.2095889 1.2858862 1.3185452 1.2343177 1.0778092 1.4796362 1.0183827 1.5059939 1.5560014 1.4931905 1.4400579 1.4526722 0.8334385 1.3680481 1.3312534 1.3344343 1.4594122 1.3670142 1.2250774 0.0000000 1.0083257 1.3584357 1.8662838 1.9032619 1.0949905 2.0524973 2.1793025 2.5508570 1.9647650 1.4218902 1.5639321 1.7422936 1.6985274 1.7693099 1.5682996 1.4574791 1.5718066 1.5076155 1.7608494 1.4456476 1.4456476 1.5824134 1.5402267 1.5204326 1.5204326 1.8002124 1.6991462 1.7636615 1.8351380 1.9438020 1.6322628 1.2295706 1.1668248 2.3035994 2.1864961 2.6589753 2.0784051 1.8979374 1.9063368 1.7633951 3.9895437 1.7795505 1.5505550 3.6571147 
Emue_Em0015g1159a.t1                                1.4970719 1.3843278 2.0366929 1.4567996 1.6133967 1.1200298 1.4341815 1.4709088 1.3306918 1.3470178 1.4422077 1.4408280 1.2859285 1.9228985 1.0465819 1.7157001 1.7498423 1.9278494 1.4995822 1.5132019 1.0553180 1.7109364 1.7158646 1.8416881 1.7410139 1.9252419 1.7153938 1.0083257 0.0000000 0.2026086 2.2646669 2.2698156 1.1663169 2.1894842 2.2342759 2.9362804 2.1702815 1.6119428 1.6837742 1.8631818 1.6422211 1.8552103 1.8611019 2.1313822 1.7793106 1.8154142 1.8428889 2.0614226 2.0614226 2.0040624 1.9380758 1.8826844 1.8826844 1.6401930 1.9434053 1.9956279 1.9758332 1.9224058 1.5996884 1.3504698 1.5905226 2.7069662 2.7811816 3.0243065 2.5911413 2.2503809 2.4800494 2.2606876 5.1725460 1.7933202 1.9097139 3.6436447 
Spolac_c93536_g1_i1_m.8978c93536-g1                 1.5753250 1.4772136 2.4963657 1.6618678 1.9112988 0.9529514 1.3818235 1.4880476 1.2469866 1.3405955 1.3308492 1.4514429 1.0584159 2.1760929 1.1049728 1.9239870 1.9566832 1.8911441 1.4160210 1.4160210 0.8443898 2.0204418 1.7533764 2.0089900 2.0428615 2.1455418 2.0492699 1.3584357 0.2026086 0.0000000 2.6868931 2.5979712 1.3146617 2.6055274 2.4327101 2.7429827 2.6933047 1.8995303 1.9588894 1.9879772 1.7057673 1.8640789 1.8863275 2.0345939 1.8972612 2.0463568 1.8201621 2.2400598 2.2400598 1.9904588 1.9389461 1.9040381 1.9040381 2.0302782 2.1828750 2.2945667 2.1723031 2.1721648 1.8250856 1.1551996 1.8438962 2.8237464 2.9077683 3.8614712 2.9627700 2.5151006 3.2452774 2.4633626 5.0674891 2.0285478 1.6839999 3.2652347 
Pbac_sb2661672                                      1.7062362 1.8387487 2.0331204 2.0902279 1.8893956 1.4887958 1.7734999 1.6687332 1.5339306 1.6602162 1.6078200 1.6740560 1.4749257 1.8940566 1.5231910 1.9045672 1.8920551 2.0198853 1.6709890 1.6722454 1.2794006 1.8898563 1.9037567 2.0178543 1.9783722 2.0960933 1.9413100 1.8662838 2.2646669 2.6868931 0.0000000 0.0268117 0.3867135 0.4649717 0.5097712 0.7980243 0.5909515 1.7731909 1.6838173 1.9800734 1.8295725 2.0908404 1.9577610 1.6624820 1.9705322 1.8990665 1.8094652 2.2024137 2.2024137 2.1236493 2.1516486 2.2327189 2.2327189 1.8809160 1.9381653 1.9798927 2.0054850 1.8504563 2.0438010 2.1597116 1.9949262 2.3163607 2.0820502 2.4812844 2.2190463 1.9116482 2.2878307 2.5052154 5.3008766 2.1882257 3.6292199 3.9264944 
Horcal_Hcv1.av93.c3.g494.i1                         1.6841401 1.8199286 2.0832232 2.1141901 1.9964107 1.4963667 1.7583038 1.6994622 1.5788686 1.6688061 1.6374778 1.6892281 1.4589282 1.9406919 1.5881909 1.9747571 1.9061589 1.9961833 1.6974280 1.6987859 1.2693918 1.9124984 1.8969482 2.0539483 1.9960440 2.1704711 1.9392101 1.9032619 2.2698156 2.5979712 0.0268117 0.0000000 0.3808154 0.4550945 0.5102302 0.7795193 0.5856377 1.7256516 1.7218426 1.9544868 1.9165954 2.0893849 2.0129678 1.7375303 1.9573169 1.9028722 1.8289922 2.2166200 2.2166200 2.1734690 2.2022093 2.2275894 2.2275894 1.8959972 1.9888583 2.0100494 2.0391068 1.8689509 2.0480153 2.1776470 2.0531113 2.3341666 2.1319165 2.4742352 2.1866447 1.8782645 2.3346589 2.4463844 4.8957839 2.1826280 3.6005097 3.7371006 
Mertsp_Mesp_sb532026                                1.1789925 1.1120949 1.0217233 1.1070327 1.0264723 1.1084022 1.1590918 1.1484734 1.0627702 1.0628179 1.0691182 1.0589124 1.0628526 1.1080610 1.4796647 1.1965980 1.0617399 1.2821906 1.0346770 1.0346770 1.0900344 1.0546063 1.1869853 1.1563557 1.0178542 1.1613452 1.1977160 1.0949905 1.1663169 1.3146617 0.3867135 0.3808154 0.0000000 0.0000010 0.5095962 0.6511154 0.5033423 1.1132291 0.9830291 1.0296547 1.1204761 1.1729423 1.1907291 1.0392014 1.1215733 1.1583459 1.1434827 1.3177017 1.3177017 1.3436546 1.3278572 1.2796645 1.2796645 1.2334718 1.3100005 1.1622372 1.2104196 1.3733206 1.0726233 1.1526719 1.2060768 1.2381429 1.2372732 1.5005382 1.4012884 1.4296760 1.3917993 1.7686923 1.5312962 1.5846109 1.6303285 1.9923664 
Beraby_Baby_sb341067                                1.7558420 1.9775268 2.0665552 2.0724017 1.9763634 1.6791626 2.0458305 1.9500181 1.9677525 1.9023203 1.9171587 2.1358310 1.4991898 2.2195146 1.6236604 2.3191310 2.1397413 2.1957026 1.8434833 1.8612397 1.3957874 2.0083259 2.0962239 2.1584428 2.0815372 2.2590157 2.1425082 2.0524973 2.1894842 2.6055274 0.4649717 0.4550945 0.0000010 0.0000000 0.6506759 0.9292024 0.7153501 1.9758350 1.7799826 2.0139457 2.2422107 2.3019478 2.2814238 1.9734811 1.8666445 2.0066095 1.8807175 2.2943721 2.2943721 2.2751384 2.2812835 2.1933356 2.1933356 2.1448595 2.4842819 1.9179383 1.8849973 2.0139048 2.0807765 2.1988488 2.1713515 2.3619233 2.1947816 2.9832078 2.3843078 2.0438904 2.5127503 2.6133724 5.7163040 2.1053527 4.1455769 4.2267470 
Lampan_Lpan_C406887_01                              1.6783236 1.9325939 2.1876080 2.1942601 1.8383943 1.5164371 1.7926503 1.7025914 1.6998764 1.7356856 1.6824029 1.7436202 1.6242972 2.1393449 1.4903451 1.9483111 2.0985540 2.1164321 1.6848390 1.6861205 1.4006213 1.8026790 1.9432548 1.9139595 1.9708328 2.0879854 2.2284593 2.1793025 2.2342759 2.4327101 0.5097712 0.5102302 0.5095962 0.6506759 0.0000000 0.8071011 0.6724131 1.8680810 1.9242638 2.2299262 2.1383673 2.2807583 2.1474455 2.0504835 1.8706965 2.1652195 1.8565184 2.0982369 2.0982369 2.0260495 2.0444751 1.9801074 1.9801074 1.9904680 2.1779099 2.1825677 2.0690296 2.0955637 2.0175336 2.1607205 2.0234353 2.5545231 2.3762059 2.6597828 2.2567702 1.9614936 2.4476293 2.5834831 6.2386710 2.3321911 4.1833778 4.1256036 
Coeast_Cast_sb762819                                1.8643925 1.7980575 2.2839795 2.7335528 2.5243009 1.6973347 2.0731488 1.9563502 2.0197350 2.2285391 2.3334710 2.3766607 0.6383069 2.7443907 2.3750842 2.4215044 2.5452940 2.1664940 2.2787139 2.2787139 1.4847164 2.3070637 2.1246172 2.0861144 2.0836389 1.9710296 2.6548575 2.5508570 2.9362804 2.7429827 0.7980243 0.7795193 0.6511154 0.9292024 0.8071011 0.0000000 0.0280658 2.2088202 2.2331762 2.6884924 2.4331036 2.4002096 3.0193861 2.2262858 2.4795749 2.3646225 2.3767956 2.5229809 2.5229809 2.2902493 2.2854532 2.4435613 2.4435613 3.0361646 3.2242281 2.6820284 3.1653491 3.3202048 2.6188857 2.1805469 1.9936330 3.5350941 3.6466780 3.9267110 2.6007454 2.0637233 3.0181364 2.2252472 4.6757620 2.6369904 3.1877408 4.1916442 
Coemet_Cmet_C591319_01                              1.6326946 1.7509871 2.1105125 2.2736251 1.9587731 1.5547513 1.8927760 1.6803074 1.7266609 1.7574052 1.8421135 1.8681172 1.8367391 2.2298684 1.6986538 2.0709314 2.1418741 2.1943340 1.7701057 1.7878445 1.3363288 1.7785221 1.9494888 1.9239135 2.0150208 1.8681819 2.2449587 1.9647650 2.1702815 2.6933047 0.5909515 0.5856377 0.5033423 0.7153501 0.6724131 0.0280658 0.0000000 1.8526514 1.8342550 2.0607086 2.1833286 2.1067689 2.1624171 1.8262520 2.0264790 1.9660060 1.8771069 2.4062427 2.4062427 2.3438975 2.3273793 2.3155718 2.3155718 2.1880704 2.7064193 2.2344190 2.5188529 2.3326708 1.9966782 2.0854909 1.7947161 2.7722870 2.5353155 2.9105823 2.2028260 1.9910747 2.3554726 2.3065632 4.9928223 2.2094695 3.2824420 3.9808963 
Acaspe_EP00035_Acanthoeca_spectabilis_P026801       1.2526471 1.1171385 1.5038034 1.4704146 1.3172684 0.9423554 1.1456539 1.1921077 1.1037219 1.1242109 1.1597297 1.1091595 1.1354643 1.2704270 1.0005120 1.4275065 1.2295059 1.5519116 1.3887815 1.4009005 0.9277047 1.3126564 1.3357881 1.4829891 1.3809460 1.5898268 1.4325215 1.4218902 1.6119428 1.8995303 1.7731909 1.7256516 1.1132291 1.9758350 1.8680810 2.2088202 1.8526514 0.0000000 0.3213893 0.9621981 1.3676679 1.3537233 1.3057652 1.2201439 1.1880295 1.5143571 1.2473347 1.7009262 1.7009262 1.7246453 1.7279409 1.6498216 1.6498216 1.2607681 1.3392250 1.4969430 1.6514659 1.4738097 1.4539681 1.6702558 1.6324964 1.9232971 1.8439485 2.2202829 1.7432251 1.6581194 1.9259141 1.8267204 3.6344165 1.4864924 2.5877463 2.9776065 
Helnan_EP00037_Helgoeca_nana_P018131                1.4407853 1.3311917 1.6082978 1.7054323 1.3693360 1.1037546 1.3664992 1.3842467 1.3204833 1.3506156 1.3812897 1.3178651 1.2346997 1.3850326 1.0848726 1.5105689 1.4340761 1.7964528 1.3809519 1.3929597 0.9800512 1.5067335 1.4546296 1.5759318 1.5154229 1.7149811 1.5780530 1.5639321 1.6837742 1.9588894 1.6838173 1.7218426 0.9830291 1.7799826 1.9242638 2.2331762 1.8342550 0.3213893 0.0000000 0.9428707 1.4550937 1.5196692 1.3120188 1.2918464 1.2480790 1.6649148 1.4336439 1.7153988 1.7153988 1.8289944 1.8220229 1.8088848 1.8088848 1.3224111 1.5126790 1.6093764 1.5957828 1.5051282 1.5668788 1.8061812 1.6396055 2.0621841 1.8123239 2.3333525 1.8194110 1.6527578 1.9121987 2.0108256 4.3891223 1.5216913 2.7129736 3.5723998 
Stedip_EP00041_Stephanoeca_diplocostata_P010454     1.5538591 1.3934490 1.6032811 1.4785044 1.5066776 1.2792761 1.6377855 1.6446106 1.4848619 1.6602237 1.7014355 1.6122635 1.1988411 1.4676366 1.2221309 1.6447531 1.5084520 1.8639315 1.5468267 1.5381451 1.1108527 1.5347867 1.4832968 1.7390586 1.6215486 1.8374473 1.4940051 1.7422936 1.8631818 1.9879772 1.9800734 1.9544868 1.0296547 2.0139457 2.2299262 2.6884924 2.0607086 0.9621981 0.9428707 0.0000000 1.5004614 1.5640567 1.3519843 1.2694772 1.1135272 1.6454250 1.1953467 2.0763173 2.0763173 2.1136087 2.0953277 2.0963789 2.0963789 1.3324987 1.5358829 1.6998089 1.8481805 1.7055440 1.8321764 1.8902587 1.7709427 2.1347913 1.9571379 2.5094041 2.0575366 2.0590906 2.2104664 2.1989552 3.7735205 2.0602124 2.7576927 4.1574259 
Tcas_TC000482_001                                   1.4392025 1.2527051 1.3136223 1.2308933 1.3242653 1.1660121 1.6128805 1.4204746 1.5198704 1.5755700 1.5575080 1.4753441 1.1249848 1.3667670 1.1495783 1.5213094 1.5118936 1.4498681 1.5593007 1.5738799 1.1260333 1.4566391 1.4587361 1.5362734 1.3389451 1.5572374 1.7366622 1.6985274 1.6422211 1.7057673 1.8295725 1.9165954 1.1204761 2.2422107 2.1383673 2.4331036 2.1833286 1.3676679 1.4550937 1.5004614 0.0000000 1.1032281 1.6903158 1.6047013 1.8802605 1.7201393 1.6841498 1.6844005 1.6844005 1.6277762 1.6229273 1.6662968 1.6662968 1.5045512 1.6350026 1.8042703 1.7826166 1.7353106 1.7589141 1.9065623 1.5297349 2.1567620 2.1404172 2.3232198 1.8888886 1.6818690 1.9924627 1.7546445 4.4483294 1.6405870 2.7381468 3.3797110 
Dpul_mRNA21497                                      1.4590234 1.1864381 1.4009785 1.4981408 1.4606495 1.2108929 1.4461898 1.4095801 1.3148863 1.4413252 1.3877277 1.3539457 0.9787780 1.4093841 1.1738957 1.6317620 1.4973528 1.6284458 1.6289617 1.6443228 1.2340846 1.5107983 1.3767845 1.5842287 1.4149916 1.5677067 1.5948858 1.7693099 1.8552103 1.8640789 2.0908404 2.0893849 1.1729423 2.3019478 2.2807583 2.4002096 2.1067689 1.3537233 1.5196692 1.5640567 1.1032281 0.0000000 1.5147903 1.5138692 1.8834292 1.6530281 1.4992123 1.8181785 1.8181785 1.6166549 1.6482951 1.6839137 1.6839137 1.6619952 1.5864680 1.9088577 1.9291818 1.8687723 1.5794231 2.0040643 1.7179498 2.0185639 2.0356826 2.2050850 1.7417969 1.5840155 2.0129646 1.6629416 3.3495964 1.8131125 3.1002657 3.8491180 
Salkve_EP00050_Salpingoeca_kvevrii_P020461          1.3349267 1.3858943 1.4325132 1.5629409 1.4000259 1.0833313 1.5325106 1.4090573 1.4496913 1.4796370 1.5600051 1.4157743 1.1854559 1.5981622 1.0537162 1.4382116 1.4429525 1.7108604 1.3929701 1.4043973 1.0820090 1.5282935 1.4673771 1.3801122 1.4103383 1.5927396 1.2177752 1.5682996 1.8611019 1.8863275 1.9577610 2.0129678 1.1907291 2.2814238 2.1474455 3.0193861 2.1624171 1.3057652 1.3120188 1.3519843 1.6903158 1.5147903 0.0000000 1.2674406 1.3891661 1.5369848 1.2453531 1.7938520 1.7938520 1.7218207 1.7252626 1.7067895 1.7067895 1.1713857 1.6652817 1.4855362 1.7663683 1.6066080 1.5162110 1.8525311 1.8035219 1.8454260 1.6722283 2.8166255 2.0606044 1.9395774 2.2484891 1.9313555 4.4065995 1.5994162 2.3164240 4.4253567 
Didcos_EP00039_Didymoeca_costata_P020762            1.5847957 1.2817328 1.3680866 1.5624041 1.4468962 1.1792387 1.4663724 1.4226701 1.3385734 1.5287225 1.5417333 1.4237247 1.1020857 1.3464180 0.9505573 1.4226612 1.4872030 1.7162158 1.6876030 1.6782058 1.0265488 1.4592278 1.4012269 1.4981359 1.5857191 1.8490740 1.4566466 1.4574791 2.1313822 2.0345939 1.6624820 1.7375303 1.0392014 1.9734811 2.0504835 2.2262858 1.8262520 1.2201439 1.2918464 1.2694772 1.6047013 1.5138692 1.2674406 0.0000000 1.4735257 1.8704982 1.3841417 1.9205368 1.9205368 1.7981687 1.7724667 1.7693734 1.7693734 1.5183943 1.3885471 1.7752653 1.8167774 1.6299202 1.5833795 1.5879058 1.8378689 1.8721584 1.7862748 2.2947816 1.8159092 1.8368511 2.0399264 2.2003563 3.8628708 1.9649379 2.6809268 3.3251159 
Diagra_EP00040_Diaphanoeca_grandis_P016846          1.7753873 1.4362211 1.5906160 1.6832945 1.5898827 1.1977543 1.4555626 1.4892116 1.4532555 1.5129074 1.5425644 1.5232112 1.3250107 1.8677182 1.5064037 1.8375588 1.7025249 1.9400447 1.6346250 1.6496719 1.3995440 1.5520387 1.4526004 1.6117169 1.8232344 1.8583033 1.6767905 1.5718066 1.7793106 1.8972612 1.9705322 1.9573169 1.1215733 1.8666445 1.8706965 2.4795749 2.0264790 1.1880295 1.2480790 1.1135272 1.8802605 1.8834292 1.3891661 1.4735257 0.0000000 1.7504778 1.4809255 1.8529932 1.8529932 1.7904361 1.7653369 1.7728686 1.7728686 1.6382184 1.6326661 1.8943564 1.8901553 1.7417368 1.7196178 1.8635214 2.0005595 2.1325326 2.1074937 2.8970254 2.1628414 2.2012650 2.2193423 2.2025192 4.4080009 2.0384078 2.3518856 3.3795455 
Salurc_EP00051_Salpingoeca_urceolata_P024277        1.8685333 1.4826851 1.7300574 1.7311002 1.8002367 1.5853785 1.9128363 1.7394639 1.7101471 1.7909024 1.8457710 1.6991745 1.7978111 1.7892060 1.3277913 1.7006608 1.6987130 1.8190497 1.6481275 1.6376870 1.2343156 1.8344324 1.8033859 2.0157446 1.8296763 1.7054541 1.8091532 1.5076155 1.8154142 2.0463568 1.8990665 1.9028722 1.1583459 2.0066095 2.1652195 2.3646225 1.9660060 1.5143571 1.6649148 1.6454250 1.7201393 1.6530281 1.5369848 1.8704982 1.7504778 0.0000000 1.7339575 2.0244747 2.0244747 2.0033618 1.9660618 2.0435181 2.0435181 1.5715214 1.7459852 1.9755861 1.9559438 1.7710636 1.5968245 1.9531710 2.0922514 2.0524340 1.9163426 2.7358818 2.3176565 2.2697691 2.2025207 2.0094274 4.8283833 1.6823697 2.5015418 3.3540760 
Codhol_EP00042_Codosiga_hollandica_P044536          1.4194869 1.2723493 1.2661918 1.5117741 1.2751771 1.2114221 1.4648593 1.2490488 1.3749242 1.3222697 1.3333790 1.3722357 1.2329866 1.4522236 1.2479344 1.3030839 1.1918473 1.5441716 1.4318277 1.4272417 1.1306015 1.3790546 1.3421008 1.5510801 1.5716897 1.6048022 1.3474828 1.7608494 1.8428889 1.8201621 1.8094652 1.8289922 1.1434827 1.8807175 1.8565184 2.3767956 1.8771069 1.2473347 1.4336439 1.1953467 1.6841498 1.4992123 1.2453531 1.3841417 1.4809255 1.7339575 0.0000000 1.5932538 1.5932538 1.5224362 1.5299253 1.6076063 1.6076063 1.3413952 1.2578727 1.5201016 1.7801666 1.6622009 1.4663102 1.8962707 1.5713616 2.0763150 1.9514714 2.4565580 2.0393330 1.7319730 2.2689274 1.6232450 3.7106349 2.0996783 2.0552108 4.1241002 
Tadh_TriadT50434                                    1.7294352 1.4541048 1.5605773 1.4706330 1.3421237 1.3095280 1.5298674 1.3829696 1.2885382 1.3167033 1.3292967 1.3072143 1.2150315 1.5324931 1.1173771 1.5136474 1.4389891 1.6704130 1.6526087 1.6680258 1.1977855 1.3918675 1.5204527 1.5488130 1.4831603 1.7397530 1.8767373 1.4456476 2.0614226 2.2400598 2.2024137 2.2166200 1.3177017 2.2943721 2.0982369 2.5229809 2.4062427 1.7009262 1.7153988 2.0763173 1.6844005 1.8181785 1.7938520 1.9205368 1.8529932 2.0244747 1.5932538 0.0000000 0.0000010 0.3073585 0.3398403 0.3249528 0.3249528 1.9280390 1.7403591 1.9875510 1.9904095 1.8493732 1.8482825 1.8810415 2.0312179 2.4807774 2.4773357 2.6323488 2.1535982 1.9616230 2.2853754 1.9262791 4.0084079 2.3091533 2.1731356 3.8027189 
TrH2_TrispH2_008446-RA                              1.7294352 1.4541048 1.5605773 1.4706330 1.3421237 1.3095280 1.5298674 1.3829696 1.2885382 1.3167033 1.3292967 1.3072143 1.2150315 1.5324931 1.1173771 1.5136474 1.4389891 1.6704130 1.6526087 1.6680258 1.1977855 1.3918675 1.5204527 1.5488130 1.4831603 1.7397530 1.8767373 1.4456476 2.0614226 2.2400598 2.2024137 2.2166200 1.3177017 2.2943721 2.0982369 2.5229809 2.4062427 1.7009262 1.7153988 2.0763173 1.6844005 1.8181785 1.7938520 1.9205368 1.8529932 2.0244747 1.5932538 0.0000010 0.0000000 0.3073585 0.3398403 0.3249528 0.3249528 1.9280390 1.7403591 1.9875510 1.9904095 1.8493732 1.8482825 1.8810415 2.0312179 2.4807774 2.4773357 2.6323488 2.1535982 1.9616230 2.2853754 1.9262791 4.0084079 2.3091533 2.1731356 3.8027189 
HoiH06_mRNA4835                                     1.7502166 1.4235553 1.4562511 1.4844975 1.2486747 1.2428598 1.4501822 1.3307810 1.2369066 1.2602771 1.2551287 1.2620001 1.1075401 1.6684075 1.1529472 1.4805116 1.5131218 1.6504571 1.6668660 1.6823900 1.1901731 1.2174256 1.5917081 1.4945997 1.4445608 1.7387082 1.8571453 1.5824134 2.0040624 1.9904588 2.1236493 2.1734690 1.3436546 2.2751384 2.0260495 2.2902493 2.3438975 1.7246453 1.8289944 2.1136087 1.6277762 1.6166549 1.7218207 1.7981687 1.7904361 2.0033618 1.5224362 0.3073585 0.3073585 0.0000000 0.0332303 0.1098493 0.1098493 2.1614426 1.7739857 2.0523304 1.9183325 1.8682942 1.9887653 2.0495385 1.8019475 2.4361077 2.5731475 2.6760521 2.2261131 2.0427689 2.2174087 2.0239705 3.6538790 2.4292627 2.2570926 3.5287250 
HoiH23_PlH23_010951-RA                              1.7506840 1.4101319 1.3860818 1.4765615 1.2700518 1.2154316 1.4328793 1.3248416 1.2384689 1.2451533 1.2627349 1.2575755 1.0993353 1.6434722 1.1222715 1.4638987 1.5219395 1.6079918 1.6598309 1.6752259 1.1689836 1.1905826 1.6017171 1.5188828 1.4589524 1.7196344 1.8210753 1.5402267 1.9380758 1.9389461 2.1516486 2.2022093 1.3278572 2.2812835 2.0444751 2.2854532 2.3273793 1.7279409 1.8220229 2.0953277 1.6229273 1.6482951 1.7252626 1.7724667 1.7653369 1.9660618 1.5299253 0.3398403 0.3398403 0.0332303 0.0000000 0.1208665 0.1208665 2.1699352 1.7762957 2.0288813 1.9243496 1.8512554 1.9731054 2.0375178 1.8243984 2.4238905 2.6052416 2.6017457 2.1639127 2.0000669 2.1554655 1.9751678 3.9935558 2.3907260 2.1925348 3.4531935 
