61
Bralan_BLAG05000472_1                             0.0000000 3.8030375 3.0400471 3.9559599 3.9412641 3.4076578 3.3437967 3.6942806 4.6601432 3.4425196 3.8128804 3.6378340 3.6378583 3.6828221 3.7370142 4.3527961 3.7382755 4.2588302 3.4404415 3.7690721 3.8413912 4.3786370 4.2263549 4.4275752 4.9497707 3.9637535 3.9637535 3.6023530 3.9092257 3.8894549 3.9036467 5.3128450 3.6525812 3.9805884 3.9545063 4.3080349 2.8970089 4.1243698 3.2593278 3.9896837 4.3843788 4.5806656 4.5877941 4.1919884 3.7795403 5.0786453 5.3747330 5.6012758 4.5585777 5.2441374 6.2887799 5.3864442 5.6926095 5.5833206 5.4997779 4.2293455 3.9517233 4.2138579 4.1944580 4.3850522 5.0678364 
Spur_XM_030973512.1                               3.8030375 0.0000000 0.8596247 1.2494826 1.2895176 1.0019143 1.0485359 1.0739593 1.6614119 1.2210592 1.4041161 1.3677732 1.5110822 1.5269748 1.5301868 1.5829849 1.4035821 1.4402491 1.5229505 1.6003593 1.5906639 1.7984252 1.5305083 1.8190775 1.7173578 1.8158005 1.8158005 1.7165849 1.7424603 1.5900871 1.7780576 1.5620262 2.0664859 1.8780750 2.2727815 1.9027856 2.0154047 1.9581620 1.5954425 2.6053648 2.5832871 2.3380219 2.0814764 2.4568816 2.7825295 2.9577536 2.5472408 2.7028677 2.5354421 2.8270721 3.2638361 2.7184873 2.9886327 2.6979660 2.5234320 2.8025481 2.9918058 2.9771682 3.2758617 2.3193973 2.9574479 
Skow_XM_006816141.1                               3.0400471 0.8596247 0.0000000 1.0560375 1.1316356 0.8548527 0.8930558 0.8125770 1.5067750 0.9111084 1.2829496 1.1331856 1.3003872 1.4378926 1.4651938 1.3814434 1.3933196 1.3855465 1.2844619 1.2621096 1.4515580 1.7235401 1.4296673 1.8135562 1.7927958 1.7103973 1.7103973 1.6466383 1.6707940 1.5593029 1.8475705 1.6628058 1.8645684 1.8420322 1.9009257 2.1173513 1.7309691 1.8791930 1.6079063 2.4089608 2.7347647 2.6588429 1.9920711 2.0080943 2.4527933 3.0913257 2.6203427 3.2311600 2.6539334 2.8053997 3.1146733 2.4358584 2.8440288 2.6842510 2.6620624 2.3253666 3.0708091 2.4149403 3.1238372 2.5796946 2.9300347 
Adig_XM_015898288.1                               3.9559599 1.2494826 1.0560375 0.0000000 0.0413159 0.2888459 0.4143933 0.4814626 0.7102785 0.4669907 1.5739280 1.2618258 1.3154913 1.2729709 1.2841961 1.5295573 1.2795777 1.2880791 1.2781125 1.2859599 1.8205319 1.9303229 1.5194486 1.7280290 1.8103217 1.7912456 1.7912456 1.6233404 1.6768316 1.5804101 1.8341065 1.6477350 1.8158820 1.8033881 1.9962468 1.6811342 1.9189542 1.9918441 1.5077938 2.8186681 3.0187963 2.5091093 2.1785461 2.5830166 2.7898938 2.9973960 2.3683551 2.4667336 2.4111249 2.5189976 3.1234848 2.3132421 2.7206707 2.5732710 2.2041059 2.5239048 3.1200891 2.8107670 3.6879644 2.6776303 3.5826187 
Amil_Amillepora16940-RA                           3.9412641 1.2895176 1.1316356 0.0413159 0.0000000 0.2987673 0.4525005 0.5453268 0.7816315 0.5037544 1.5828606 1.3252500 1.3768194 1.2922970 1.3036425 1.5457821 1.2964656 1.3027758 1.3556167 1.3160539 1.8322533 1.9571500 1.4979392 1.7385726 1.8198468 1.8830320 1.8830320 1.6800227 1.7352318 1.6292045 1.8975706 1.6613450 1.7928137 1.7921514 1.9650111 1.7006755 1.8428292 2.0275067 1.6101887 2.8677916 3.0188899 2.5298189 2.1966044 2.7821860 2.7574750 2.9578331 2.3703766 2.4272068 2.4350780 2.5386467 3.0998189 2.3169083 2.8001600 2.6563421 2.2478263 2.6745171 3.0646611 2.8355886 3.7892681 2.6830861 3.6241830 
Gfas_gfas1.m1.3350.m1                             3.4076578 1.0019143 0.8548527 0.2888459 0.2987673 0.0000000 0.2678319 0.3165078 0.6132744 0.3274492 1.3406014 0.9954116 1.0791693 0.9927327 1.0062784 1.1700627 0.9819271 1.1742872 1.1418602 1.1566470 1.2972148 1.6270237 1.2411133 1.4189196 1.6675152 1.7793963 1.7793963 1.5135053 1.6446479 1.5151353 1.9345592 1.3102019 1.4905401 1.2810161 1.5330131 1.5178517 1.5926761 1.8393606 1.3311218 2.6768170 2.8028146 1.9718690 2.0689594 2.3765232 2.6153272 2.5989184 2.2583611 2.0955684 2.0880908 1.9731007 2.8092829 1.8239154 2.0454363 1.9166286 1.8157889 2.2529408 3.2313908 2.9465775 3.0283847 2.3901826 2.9800660 
Fspp_ffun1.m4.15549.m1                            3.3437967 1.0485359 0.8930558 0.4143933 0.4525005 0.2678319 0.0000000 0.3188925 0.6068888 0.3443748 1.4786403 1.2353667 1.1598919 1.3283712 1.3398683 1.4262134 1.1974146 1.2875158 1.2574873 1.3611450 1.4953240 1.8491400 1.4931849 1.7571768 1.8882147 1.8379847 1.8379847 1.5750728 1.6653559 1.5189011 1.8059098 1.6371643 1.8787144 1.5600608 1.7936781 1.6119576 1.9742359 1.9852984 1.3509281 2.6744522 2.9302548 2.5090808 2.2265805 2.7598264 2.7518047 3.1185243 2.4059299 2.7682741 2.6016142 2.7924982 3.4101892 2.5161630 2.7052532 2.6073136 2.3647417 2.3160622 3.0526721 2.9493690 3.6701468 2.8841039 2.9025356 
Gasp_gasp1.m3.5936.m1                             3.6942806 1.0739593 0.8125770 0.4814626 0.5453268 0.3165078 0.3188925 0.0000000 0.6621350 0.3816401 1.4610174 1.1201094 1.1464612 1.2995768 1.3115839 1.3159563 1.1005743 1.2035761 1.3222975 1.2588860 1.4862323 1.8496937 1.4342331 1.8602984 1.7291384 1.6393088 1.6393088 1.5983701 1.6696557 1.5930926 1.8608742 1.7159053 1.6944500 1.6540798 1.7663536 1.6082306 1.7772168 1.9037002 1.3094265 2.4238813 2.6440841 2.5221053 1.9707024 2.4704971 2.7368433 2.9458910 2.0698705 2.6700291 2.5108561 2.6574079 3.0268213 2.4274795 2.6060826 2.4317134 2.2951475 2.5577882 3.0520074 2.8258767 3.4831857 2.6911366 3.1381088 
Spis_XP_022784438_1                               4.6601432 1.6614119 1.5067750 0.7102785 0.7816315 0.6132744 0.6068888 0.6621350 0.0000000 0.2179023 2.0187355 1.8454132 1.5048062 1.6612170 1.6612170 2.2610122 1.6885039 1.8005062 1.9209639 2.0975253 2.5071921 2.6079520 1.9019167 2.9449318 2.4883408 1.9392072 1.9392072 2.0161002 2.0668494 2.2491399 2.2491399 2.7384624 3.0238049 2.4520350 2.4224849 2.2778971 2.4504430 2.7328367 1.5305321 3.3009187 2.8381643 3.8369860 2.8150884 3.6488821 3.3876180 3.4401784 2.5144615 3.4282827 2.9335680 2.9656298 3.4608269 3.1022469 3.1185269 2.8111547 2.8228855 2.7452917 3.7295431 3.5366593 5.8632289 3.1922098 4.7930832 
Pocdam_XM_027199406.1                             3.4425196 1.2210592 0.9111084 0.4669907 0.5037544 0.3274492 0.3443748 0.3816401 0.2179023 0.0000000 1.5735591 1.2871847 1.2287576 1.4403503 1.4519766 1.5490251 1.3329763 1.3441939 1.4011380 1.3467865 1.6797161 1.9543004 1.4573625 1.9830310 1.9736253 1.7446606 1.7446606 1.7440840 1.7665666 1.6854554 1.9642795 1.6729315 1.9356391 1.6906212 1.8601235 1.7903508 2.0295465 2.1433875 1.4988980 2.6679851 2.6987925 2.6106106 2.2603075 2.8430854 2.8572805 2.9641912 2.5299353 2.8875856 2.6798754 2.8372845 3.1330791 2.4988117 2.8441523 2.6446473 2.4518586 2.5532619 3.1660782 3.0985878 3.8341139 2.9227299 3.4401429 
Cgig_XM_011452641.3                               3.8128804 1.4041161 1.2829496 1.5739280 1.5828606 1.3406014 1.4786403 1.4610174 2.0187355 1.5735591 0.0000000 0.8354340 1.5823008 1.7025989 1.7323444 1.6800301 1.5544298 1.7438889 1.5388543 1.4553178 1.8384549 2.0636852 1.8100518 1.8438335 1.9234929 2.1378025 2.1378025 1.7598282 1.8428421 1.7342354 2.0089367 1.9642245 1.9987189 2.0879368 2.2545867 2.1958880 2.7096472 2.4882877 1.8635032 2.8637580 3.2009553 3.2831839 2.4535589 2.7715163 2.7962707 2.9958897 2.8733995 2.8895351 2.5052275 2.9318196 4.1726198 2.6604455 2.9541919 2.9285504 2.5107203 2.7060574 3.3566609 2.4972614 3.1685349 2.6877587 3.2378367 
Acagra_model.g8328.t1                             3.6378340 1.3677732 1.1331856 1.2618258 1.3252500 0.9954116 1.2353667 1.1201094 1.8454132 1.2871847 0.8354340 0.0000000 1.4015652 1.5241416 1.5495395 1.5305290 1.2752195 1.5377411 1.5167028 1.4973746 1.5915255 1.9657652 1.7822864 1.7176103 1.7409291 1.7930515 1.7930515 1.7195523 1.7248957 1.6064454 1.8754361 1.5927751 1.9426973 1.9429104 2.2407239 2.1855547 2.7839579 2.7008257 1.8077339 2.5506667 2.8915305 2.7302114 2.0309024 2.4516696 2.6636643 2.9094009 2.8134727 2.6874802 2.7488187 3.1606250 4.2457376 2.7816570 2.9214756 2.8141451 2.6207260 2.9654905 3.7060236 2.8152831 3.2659617 2.9181360 3.3557418 
Nvec_v1g238848                                    3.6378583 1.5110822 1.3003872 1.3154913 1.3768194 1.0791693 1.1598919 1.1464612 1.5048062 1.2287576 1.5823008 1.4015652 0.0000000 1.5642754 1.5931731 1.8137788 1.5107354 1.8072830 1.5569083 1.6467947 1.9415209 2.2254901 1.8294145 1.9622921 2.0765503 2.0457297 2.0457297 1.8667026 1.9551817 1.8561999 2.1167999 2.0816423 1.8610617 1.8774409 1.8050537 1.8775018 2.1875907 2.3006218 1.4543696 2.6525987 2.6960574 2.7811092 2.2926590 2.4056655 2.5859898 3.0986107 2.4836276 2.7279843 2.5835129 2.7552118 3.1293641 2.6900562 2.5986334 2.5287348 2.3570895 2.5467997 3.5250572 3.0219809 3.6389435 2.6631331 2.9298679 
Ocar_g11063                                       3.6828221 1.5269748 1.4378926 1.2729709 1.2922970 0.9927327 1.3283712 1.2995768 1.6612170 1.4403503 1.7025989 1.5241416 1.5642754 0.0000000 0.0000010 1.7184982 1.4536081 1.6294522 1.8138859 1.7381978 1.9335921 2.4110385 2.1599909 1.9335087 1.9242747 2.0654023 2.0654023 2.0190571 2.0203954 2.0604621 2.6275397 1.8358993 1.9705300 1.8828179 1.8627880 1.8165665 2.7483305 2.4734938 1.6571295 2.6948975 2.6707376 2.5163998 2.3187363 3.2151738 2.4927126 2.6386699 2.2091921 2.4728180 2.6673327 2.4254174 3.0859397 2.2385036 2.4536228 2.3996731 2.3940917 2.7857700 3.3690945 2.9212205 3.6766238 2.8098981 3.7824609 
Opea_EP00118_Oscarella_pearsei_P026995            3.7370142 1.5301868 1.4651938 1.2841961 1.3036425 1.0062784 1.3398683 1.3115839 1.6612170 1.4519766 1.7323444 1.5495395 1.5931731 0.0000010 0.0000000 1.7463740 1.4536081 1.6442085 1.8269350 1.7550509 1.9355053 2.4110385 2.1599909 1.9354868 1.9352937 2.0675001 2.0675001 2.0514525 2.0532724 2.0935767 2.6275397 1.8381473 1.9840561 1.8963589 1.8761147 1.8297609 2.7483305 2.4904071 1.6571295 2.6948975 2.6888173 2.5163998 2.3187363 3.2126216 2.4927126 2.6386699 2.2091921 2.4728180 2.7059274 2.4254174 3.0859397 2.2534118 2.4536228 2.3996731 2.3940917 2.8184872 3.4189292 2.9212205 3.7248410 2.8098981 3.7767646 
Aque_Aqu2.1.40326_001                             4.3527961 1.5829849 1.3814434 1.5295573 1.5457821 1.1700627 1.4262134 1.3159563 2.2610122 1.5490251 1.6800301 1.5305290 1.8137788 1.7184982 1.7463740 0.0000000 0.8007603 1.0281520 1.6039413 1.4303334 2.1887753 2.4557582 1.9508307 1.8335426 1.9747734 2.2616164 2.2616164 2.0955315 2.1603818 2.0563232 2.5852402 2.2177120 1.7683583 1.9609964 2.0913930 2.0060577 2.5276987 2.7192793 2.2766243 2.9083732 3.2042272 3.2254451 2.2497623 2.6859785 3.0830488 3.3747330 2.7058282 2.9620251 3.0232751 2.8910496 4.3124153 2.9471468 3.2528131 3.1519027 3.2170967 3.0824808 4.2459836 3.0460884 4.3914425 2.9526840 3.7312092 
Halamb_c39901_g1_i1m.12193                        3.7382755 1.4035821 1.3933196 1.2795777 1.2964656 0.9819271 1.1974146 1.1005743 1.6885039 1.3329763 1.5544298 1.2752195 1.5107354 1.4536081 1.4536081 0.8007603 0.0000000 0.9221377 1.5916250 1.4716542 1.7523591 2.0317598 1.7911296 1.6728277 1.8227989 1.9122123 1.9122123 1.8086649 1.8274966 1.6538348 2.0666853 2.0916013 1.5065825 1.5616352 2.0413208 1.8835943 2.4379565 2.2478548 1.7955970 2.4398548 2.5434846 3.0177741 2.1693138 2.6105178 2.9180474 3.1408972 2.2473897 2.7401860 2.7154602 2.5277190 3.7628494 2.5367754 2.6575001 2.6489837 2.5879790 2.6843317 3.7646260 3.0816261 3.7509191 2.7918613 3.4872529 
Tetwil_g19665.t2                                  4.2588302 1.4402491 1.3855465 1.2880791 1.3027758 1.1742872 1.2875158 1.2035761 1.8005062 1.3441939 1.7438889 1.5377411 1.8072830 1.6294522 1.6442085 1.0281520 0.9221377 0.0000000 1.3608978 1.3915835 1.6987319 2.0713740 1.6293221 1.5900877 1.7885918 1.7176648 1.7176648 1.6453227 1.6628066 1.5951427 1.9281573 2.0092023 1.7509398 1.7533828 1.8166846 1.9101105 1.9624123 2.2939240 2.0067602 2.6251374 2.7904016 2.9352916 2.0840782 2.7501640 2.8093858 2.7362226 2.7072999 3.0747740 2.3115944 2.9831688 3.6743323 2.3993550 2.5195382 2.4082681 2.7258730 3.1427246 3.2541819 2.8930691 3.9379759 3.1740393 3.6242772 
Dgig_XM_028542561.1                               3.4404415 1.5229505 1.2844619 1.2781125 1.3556167 1.1418602 1.2574873 1.3222975 1.9209639 1.4011380 1.5388543 1.5167028 1.5569083 1.8138859 1.8269350 1.6039413 1.5916250 1.3608978 0.0000000 0.7122948 1.5916774 1.8329043 1.6577289 1.7968309 2.1344758 2.0854230 2.0854230 2.1813976 2.1523930 2.1960011 2.5256040 1.7707463 1.9210359 2.0537169 2.0421953 2.4148151 2.2264390 2.2843134 2.0207461 2.8661424 2.8619125 3.0010144 2.1902367 2.3836407 3.1890246 3.4539439 3.1588794 3.4385582 3.0657629 3.3352172 4.3862905 2.9700326 3.5290739 3.3320003 3.4969226 2.7162148 3.4291114 3.3966846 3.8886142 3.9347214 3.9116519 
Xesp_003418-T1                                    3.7690721 1.6003593 1.2621096 1.2859599 1.3160539 1.1566470 1.3611450 1.2588860 2.0975253 1.3467865 1.4553178 1.4973746 1.6467947 1.7381978 1.7550509 1.4303334 1.4716542 1.3915835 0.7122948 0.0000000 1.3960626 2.1797342 1.8065140 1.5095642 1.8378380 1.9846384 1.9846384 1.9035300 1.8913137 1.8396947 2.1398549 2.0873923 1.7223115 1.5268341 2.0597319 1.9979934 2.3805922 2.2877054 1.9896846 3.0805178 2.9510091 2.4255932 2.1422408 2.4356210 3.3918503 2.8473907 2.6973979 2.7991500 2.7633349 3.1893212 2.6555053 2.2196107 2.5783140 2.3977582 2.8412604 2.8185007 3.3263354 3.7223133 3.8350227 2.9851722 3.3968833 
Sanmal_Sma_009247-T1                              3.8413912 1.5906639 1.4515580 1.8205319 1.8322533 1.2972148 1.4953240 1.4862323 2.5071921 1.6797161 1.8384549 1.5915255 1.9415209 1.9335921 1.9355053 2.1887753 1.7523591 1.6987319 1.5916774 1.3960626 0.0000000 1.6967771 1.6228635 2.1541483 2.1552970 2.0165878 2.0165878 1.8703316 1.9111190 1.7912641 2.0153006 1.9420886 2.2148245 2.2591277 2.2645392 2.4379583 1.8063654 1.8990509 2.1121007 2.2794104 2.7884414 2.6518380 2.2689356 2.4132095 2.8966625 3.0206107 2.7694882 3.1346340 3.0212230 3.5219450 3.6192464 2.8839187 2.7885093 2.7488031 2.8659724 2.8058375 3.5882839 3.0203099 3.8674876 2.8142240 3.4821261 
Hvul_g22578_1                                     4.3786370 1.7984252 1.7235401 1.9303229 1.9571500 1.6270237 1.8491400 1.8496937 2.6079520 1.9543004 2.0636852 1.9657652 2.2254901 2.4110385 2.4110385 2.4557582 2.0317598 2.0713740 1.8329043 2.1797342 1.6967771 0.0000000 1.4067620 1.7741277 2.3035171 1.8975312 1.8975312 1.7309144 1.7561434 1.7153449 2.0140061 2.0095593 2.0172467 2.1093103 2.1844237 2.0577699 2.4931871 2.1858863 2.8504556 3.0453562 2.9382062 2.5151186 2.1763850 3.0441274 2.8843940 2.9309107 2.4873470 2.3834018 2.2023659 2.5546678 3.0391172 2.5075505 2.3823019 2.4148136 3.0327119 2.3106021 3.3076542 2.8096524 2.8120223 2.8487661 3.2403963 
Chem_TCONS_00006565                               4.2263549 1.5305083 1.4296673 1.5194486 1.4979392 1.2411133 1.4931849 1.4342331 1.9019167 1.4573625 1.8100518 1.7822864 1.8294145 2.1599909 2.1599909 1.9508307 1.7911296 1.6293221 1.6577289 1.8065140 1.6228635 1.4067620 0.0000000 1.8789396 2.0915639 1.9652640 1.9652640 2.0399918 2.0115205 1.9275132 2.2933383 1.9101332 2.0190501 2.1801305 2.2853151 2.2107681 1.9054877 2.1485309 2.1530058 2.1191148 2.3406263 2.7202273 2.0711366 2.6278897 2.7681257 2.8095375 2.7410058 2.8453867 2.7835920 2.9025569 4.0291266 2.7280027 2.9111014 2.7882631 2.6023525 2.4530245 2.7530857 2.6566822 3.2019901 2.9462202 2.9690971 
Dpul_mRNA16407                                    4.4275752 1.8190775 1.8135562 1.7280290 1.7385726 1.4189196 1.7571768 1.8602984 2.9449318 1.9830310 1.8438335 1.7176103 1.9622921 1.9335087 1.9354868 1.8335426 1.6728277 1.5900877 1.7968309 1.5095642 2.1541483 1.7741277 1.8789396 0.0000000 1.6564007 1.9590740 1.9590740 1.8073232 1.8741832 1.6469305 2.0185947 1.9160337 1.8331354 2.3649245 2.2274465 2.1886200 2.5559108 2.7849898 3.0044769 2.9842521 3.2672565 2.9005903 2.4198657 2.5401125 2.7196619 2.9412501 2.6626654 2.8640355 2.6019061 2.8158101 3.2388182 2.3546215 2.4113911 2.4122416 2.7711491 3.4214843 3.1861650 2.5609477 3.6059279 2.8907270 3.1457897 
Cscu_XM_023367273.1                               4.9497707 1.7173578 1.7927958 1.8103217 1.8198468 1.6675152 1.8882147 1.7291384 2.4883408 1.9736253 1.9234929 1.7409291 2.0765503 1.9242747 1.9352937 1.9747734 1.8227989 1.7885918 2.1344758 1.8378380 2.1552970 2.3035171 2.0915639 1.6564007 0.0000000 2.1898244 2.1898244 2.2019246 2.1543492 2.0491502 2.5001412 2.1224756 2.2557839 2.4042659 2.2685075 2.1534918 2.6637909 2.6085128 2.3310163 2.5292699 3.0298333 2.6679211 2.0895085 2.7775110 3.1769654 3.2910312 2.7489972 2.4996199 2.9196308 2.8081187 3.7013749 2.6442410 2.6926196 2.6102427 3.0870296 2.8074405 3.6964972 2.8435947 3.0778118 2.8945425 3.1262402 
Tadh_TriadT52470                                  3.9637535 1.8158005 1.7103973 1.7912456 1.8830320 1.7793963 1.8379847 1.6393088 1.9392072 1.7446606 2.1378025 1.7930515 2.0457297 2.0654023 2.0675001 2.2616164 1.9122123 1.7176648 2.0854230 1.9846384 2.0165878 1.8975312 1.9652640 1.9590740 2.1898244 0.0000000 0.0000010 0.5541121 0.5878327 0.5531699 0.6151065 2.6112132 2.1435572 2.3596717 2.2971343 2.4646151 2.8115419 2.4005587 2.3084326 2.5643854 2.7792535 2.9513413 2.2275589 2.5963048 2.7196479 3.3425811 2.8608007 3.2416028 2.6113364 3.2343570 3.7423779 2.7711556 3.0881849 3.0234281 3.0492695 3.1253146 3.9458126 2.9823000 3.6212632 2.9528201 4.2540044 
TrH2_TrispH2_000123-RA                            3.9637535 1.8158005 1.7103973 1.7912456 1.8830320 1.7793963 1.8379847 1.6393088 1.9392072 1.7446606 2.1378025 1.7930515 2.0457297 2.0654023 2.0675001 2.2616164 1.9122123 1.7176648 2.0854230 1.9846384 2.0165878 1.8975312 1.9652640 1.9590740 2.1898244 0.0000010 0.0000000 0.5541121 0.5878327 0.5531699 0.6151065 2.6112132 2.1435572 2.3596717 2.2971343 2.4646151 2.8115419 2.4005587 2.3084326 2.5643854 2.7792535 2.9513413 2.2275589 2.5963048 2.7196479 3.3425811 2.8608007 3.2416028 2.6113364 3.2343570 3.7423779 2.7711556 3.0881849 3.0234281 3.0492695 3.1253146 3.9458126 2.9823000 3.6212632 2.9528201 4.2540044 
HoiH06_mRNA1949                                   3.6023530 1.7165849 1.6466383 1.6233404 1.6800227 1.5135053 1.5750728 1.5983701 2.0161002 1.7440840 1.7598282 1.7195523 1.8667026 2.0190571 2.0514525 2.0955315 1.8086649 1.6453227 2.1813976 1.9035300 1.8703316 1.7309144 2.0399918 1.8073232 2.2019246 0.5541121 0.5541121 0.0000000 0.0836827 0.2107900 0.2555560 2.5712449 2.1151791 2.2556682 2.1255485 2.2607491 2.8109478 2.4039923 2.3174767 2.5427297 2.9202026 3.0476059 2.3286858 2.6705722 2.5862580 3.3377783 2.6746827 2.7806251 2.4011111 3.0210667 3.5744408 2.5933595 2.6082224 2.6028725 2.7865056 3.0826734 3.8468583 2.6160121 3.6676471 2.7045922 3.9047779 
HoiH23_PlH23_001883-RA                            3.9092257 1.7424603 1.6707940 1.6768316 1.7352318 1.6446479 1.6653559 1.6696557 2.0668494 1.7665666 1.8428421 1.7248957 1.9551817 2.0203954 2.0532724 2.1603818 1.8274966 1.6628066 2.1523930 1.8913137 1.9111190 1.7561434 2.0115205 1.8741832 2.1543492 0.5878327 0.5878327 0.0836827 0.0000000 0.2377616 0.2901299 2.5807451 2.2627056 2.4295142 2.2771501 2.3537638 3.0591518 2.4768449 2.3132833 2.4187696 2.9412151 3.0057455 2.2417248 2.6545171 2.8170717 3.4740134 2.6064579 2.8328732 2.4951740 3.1268529 3.7652045 2.5702292 2.6415227 2.6257471 2.8430333 2.9504858 3.9240434 2.7707512 3.6891210 2.7221570 3.8362200 
Hhon_g06172.t1                                    3.8894549 1.5900871 1.5593029 1.5804101 1.6292045 1.5151353 1.5189011 1.5930926 2.2491399 1.6854554 1.7342354 1.6064454 1.8561999 2.0604621 2.0935767 2.0563232 1.6538348 1.5951427 2.1960011 1.8396947 1.7912641 1.7153449 1.9275132 1.6469305 2.0491502 0.5531699 0.5531699 0.2107900 0.2377616 0.0000000 0.0486847 2.6024592 2.1823770 2.3311537 2.3621338 2.2196882 2.6565491 2.2734844 2.2194816 2.6002079 3.0431634 3.0668912 2.2664010 2.6242816 2.5712878 3.3934473 2.5538766 2.7709370 2.6120428 3.0246379 3.4984006 2.6249464 2.4961738 2.5266104 2.7889001 3.3031260 3.8388326 2.7157678 3.7275930 2.7206053 3.7425393 
HoiH04_mRNA9891                                   3.9036467 1.7780576 1.8475705 1.8341065 1.8975706 1.9345592 1.8059098 1.8608742 2.2491399 1.9642795 2.0089367 1.8754361 2.1167999 2.6275397 2.6275397 2.5852402 2.0666853 1.9281573 2.5256040 2.1398549 2.0153006 2.0140061 2.2933383 2.0185947 2.5001412 0.6151065 0.6151065 0.2555560 0.2901299 0.0486847 0.0000000 3.1845874 2.3787306 2.6438717 2.6557732 2.6205196 2.6165066 2.5776429 2.2673082 2.8853758 3.3067614 3.2337819 2.7755982 2.8872330 2.8047223 3.7539523 2.7483166 3.2348468 3.0286296 3.2288198 3.5268130 2.7457610 2.7273156 2.7685701 2.8465864 3.7504360 4.6241768 2.9670768 4.4616398 2.7244706 4.4196793 
Tcas_TC005423_001                                 5.3128450 1.5620262 1.6628058 1.6477350 1.6613450 1.3102019 1.6371643 1.7159053 2.7384624 1.6729315 1.9642245 1.5927751 2.0816423 1.8358993 1.8381473 2.2177120 2.0916013 2.0092023 1.7707463 2.0873923 1.9420886 2.0095593 1.9101332 1.9160337 2.1224756 2.6112132 2.6112132 2.5712449 2.5807451 2.6024592 3.1845874 0.0000000 2.5701611 2.3315034 2.3700843 2.2406547 3.0932830 2.9585145 2.2443111 2.9394599 2.8264830 2.6839370 2.7231789 2.8009081 3.0142598 2.9783524 2.8362191 2.7497487 2.9445352 3.0588854 3.6287849 2.6301286 2.8487158 2.7323255 2.7547838 2.9657294 3.1808413 3.2946982 3.9898906 3.5256890 4.0146603 
Scil_scict004484.2                                3.6525812 2.0664859 1.8645684 1.8158820 1.7928137 1.4905401 1.8787144 1.6944500 3.0238049 1.9356391 1.9987189 1.9426973 1.8610617 1.9705300 1.9840561 1.7683583 1.5065825 1.7509398 1.9210359 1.7223115 2.2148245 2.0172467 2.0190501 1.8331354 2.2557839 2.1435572 2.1435572 2.1151791 2.2627056 2.1823770 2.3787306 2.5701611 0.0000000 0.9579062 0.9820229 1.2106975 2.8869701 2.8767129 2.6777287 2.9944942 3.2062774 3.0904317 2.3243199 3.1104837 2.5184873 3.0859385 2.6325829 2.6863232 2.5826813 3.1075355 3.4487807 2.3766851 2.5451621 2.5239384 2.3922072 2.7122432 2.9483562 2.4372846 3.2460405 2.4136118 2.8442658 
Leuniv_Lniv_scaffold23512_01                      3.9805884 1.8780750 1.8420322 1.8033881 1.7921514 1.2810161 1.5600608 1.6540798 2.4520350 1.6906212 2.0879368 1.9429104 1.8774409 1.8828179 1.8963589 1.9609964 1.5616352 1.7533828 2.0537169 1.5268341 2.2591277 2.1093103 2.1801305 2.3649245 2.4042659 2.3596717 2.3596717 2.2556682 2.4295142 2.3311537 2.6438717 2.3315034 0.9579062 0.0000000 0.9325961 1.0526093 3.1674877 2.8503939 2.5635139 3.2290428 3.1798622 3.2112784 2.4033867 3.2605485 2.8884383 3.1797994 2.6780756 2.8539152 2.8093478 2.9656928 3.3128478 2.6442647 2.6805957 2.5539324 3.1128737 2.8245649 3.0516692 2.3670364 2.9882348 3.6749582 2.9209577 
Lcom_lcpid40060                                   3.9545063 2.2727815 1.9009257 1.9962468 1.9650111 1.5330131 1.7936781 1.7663536 2.4224849 1.8601235 2.2545867 2.2407239 1.8050537 1.8627880 1.8761147 2.0913930 2.0413208 1.8166846 2.0421953 2.0597319 2.2645392 2.1844237 2.2853151 2.2274465 2.2685075 2.2971343 2.2971343 2.1255485 2.2771501 2.3621338 2.6557732 2.3700843 0.9820229 0.9325961 0.0000000 1.0207433 3.3054038 2.9470608 2.2385688 2.8632880 3.2939866 3.1401306 2.5956147 3.5186587 2.8772387 2.6766799 2.5219181 2.6191716 2.5594707 2.8045273 3.1894547 2.4360500 2.5722794 2.4843332 2.5037096 2.8547282 3.0488750 2.3054403 2.9278018 3.0394437 3.0075589 
Gracom_Gcom_C546090_01                            4.3080349 1.9027856 2.1173513 1.6811342 1.7006755 1.5178517 1.6119576 1.6082306 2.2778971 1.7903508 2.1958880 2.1855547 1.8775018 1.8165665 1.8297609 2.0060577 1.8835943 1.9101105 2.4148151 1.9979934 2.4379583 2.0577699 2.2107681 2.1886200 2.1534918 2.4646151 2.4646151 2.2607491 2.3537638 2.2196882 2.6205196 2.2406547 1.2106975 1.0526093 1.0207433 0.0000000 3.5764024 3.0117218 2.3460279 2.7785397 2.9261671 3.3033790 2.3815768 3.5090380 3.0127235 3.1268301 2.5388496 2.6977490 2.6156119 2.9024445 3.2809530 2.6329605 2.6912197 2.5544796 2.8357923 2.7907208 2.9630899 2.8436638 3.3412442 2.7665971 3.4370548 
Aaur_scaffold136.g12.t1                           2.8970089 2.0154047 1.7309691 1.9189542 1.8428292 1.5926761 1.9742359 1.7772168 2.4504430 2.0295465 2.7096472 2.7839579 2.1875907 2.7483305 2.7483305 2.5276987 2.4379565 1.9624123 2.2264390 2.3805922 1.8063654 2.4931871 1.9054877 2.5559108 2.6637909 2.8115419 2.8115419 2.8109478 3.0591518 2.6565491 2.6165066 3.0932830 2.8869701 3.1674877 3.3054038 3.5764024 0.0000000 0.8877729 2.5574147 3.0558315 3.1030976 2.8458356 2.9608332 3.8384172 3.1162900 3.0018449 2.6557516 3.4575942 2.6658836 2.9797026 3.6692114 2.7580842 3.7603677 3.2837888 3.1019805 3.7327428 4.0074171 3.0266445 6.2317761 2.6750938 4.2857183 
Nemnom_g9434.t1                                   4.1243698 1.9581620 1.8791930 1.9918441 2.0275067 1.8393606 1.9852984 1.9037002 2.7328367 2.1433875 2.4882877 2.7008257 2.3006218 2.4734938 2.4904071 2.7192793 2.2478548 2.2939240 2.2843134 2.2877054 1.8990509 2.1858863 2.1485309 2.7849898 2.6085128 2.4005587 2.4005587 2.4039923 2.4768449 2.2734844 2.5776429 2.9585145 2.8767129 2.8503939 2.9470608 3.0117218 0.8877729 0.0000000 2.5133232 3.0725273 2.9370330 3.1459357 2.5085143 3.2394517 2.9183880 2.9357159 2.3078024 2.6323900 2.5352700 2.6837772 3.1812901 2.7792320 3.0462375 2.9518152 2.8308123 3.3268703 3.8709015 2.8795007 3.9898551 2.3176322 3.8377988 
Exapal_XM_028661589.1                             3.2593278 1.5954425 1.6079063 1.5077938 1.6101887 1.3311218 1.3509281 1.3094265 1.5305321 1.4988980 1.8635032 1.8077339 1.4543696 1.6571295 1.6571295 2.2766243 1.7955970 2.0067602 2.0207461 1.9896846 2.1121007 2.8504556 2.1530058 3.0044769 2.3310163 2.3084326 2.3084326 2.3174767 2.3132833 2.2194816 2.2673082 2.2443111 2.6777287 2.5635139 2.2385688 2.3460279 2.5574147 2.5133232 0.0000000 2.4614792 2.7110311 2.9137130 2.5161084 2.1470360 2.7263775 2.9959541 3.0271187 2.9088286 2.8832096 3.0544856 3.5146745 3.0704648 2.9586325 2.7385329 2.7628306 2.5636351 3.0409959 3.1729526 3.5739299 2.9618919 4.1632725 
Acaspe_EP00035_Acanthoeca_spectabilis_P030555     3.9896837 2.6053648 2.4089608 2.8186681 2.8677916 2.6768170 2.6744522 2.4238813 3.3009187 2.6679851 2.8637580 2.5506667 2.6525987 2.6948975 2.6948975 2.9083732 2.4398548 2.6251374 2.8661424 3.0805178 2.2794104 3.0453562 2.1191148 2.9842521 2.5292699 2.5643854 2.5643854 2.5427297 2.4187696 2.6002079 2.8853758 2.9394599 2.9944942 3.2290428 2.8632880 2.7785397 3.0558315 3.0725273 2.4614792 0.0000000 0.7454096 1.5364008 1.5447266 2.0649782 2.0624217 2.7213335 2.8493255 3.2624465 3.1209334 3.2855809 4.0170181 2.9585353 3.4122097 3.2596410 3.0862612 2.2577529 2.6169568 2.7494551 3.0844776 2.9264712 3.0949028 
Helnan_EP00037_Helgoeca_nana_P016643              4.3843788 2.5832871 2.7347647 3.0187963 3.0188899 2.8028146 2.9302548 2.6440841 2.8381643 2.6987925 3.2009553 2.8915305 2.6960574 2.6707376 2.6888173 3.2042272 2.5434846 2.7904016 2.8619125 2.9510091 2.7884414 2.9382062 2.3406263 3.2672565 3.0298333 2.7792535 2.7792535 2.9202026 2.9412151 3.0431634 3.3067614 2.8264830 3.2062774 3.1798622 3.2939866 2.9261671 3.1030976 2.9370330 2.7110311 0.7454096 0.0000000 1.4915142 1.6609538 2.3516351 2.0943314 3.0787024 3.0062302 3.0452620 3.3335657 3.5419100 4.1139763 3.5955964 3.8748616 3.7360711 3.3906396 2.4423272 2.0528374 2.7570012 2.8078600 2.9259990 3.3621358 
Stedip_EP00041_Stephanoeca_diplocostata_P018260   4.5806656 2.3380219 2.6588429 2.5091093 2.5298189 1.9718690 2.5090808 2.5221053 3.8369860 2.6106106 3.2831839 2.7302114 2.7811092 2.5163998 2.5163998 3.2254451 3.0177741 2.9352916 3.0010144 2.4255932 2.6518380 2.5151186 2.7202273 2.9005903 2.6679211 2.9513413 2.9513413 3.0476059 3.0057455 3.0668912 3.2337819 2.6839370 3.0904317 3.2112784 3.1401306 3.3033790 2.8458356 3.1459357 2.9137130 1.5364008 1.4915142 0.0000000 1.7171615 2.4688792 2.4649635 2.8158052 2.4011852 2.5241316 2.6923498 2.5595043 3.0467379 2.4108937 2.8380004 2.6802439 2.3663813 2.2627799 2.4812785 3.0047921 3.6163024 3.0560107 3.9318083 
Diagra_EP00040_Diaphanoeca_grandis_P018551        4.5877941 2.0814764 1.9920711 2.1785461 2.1966044 2.0689594 2.2265805 1.9707024 2.8150884 2.2603075 2.4535589 2.0309024 2.2926590 2.3187363 2.3187363 2.2497623 2.1693138 2.0840782 2.1902367 2.1422408 2.2689356 2.1763850 2.0711366 2.4198657 2.0895085 2.2275589 2.2275589 2.3286858 2.2417248 2.2664010 2.7755982 2.7231789 2.3243199 2.4033867 2.5956147 2.3815768 2.9608332 2.5085143 2.5161084 1.5447266 1.6609538 1.7171615 0.0000000 1.9974873 2.0163591 3.0650947 2.6697917 2.9403679 3.0522864 3.1558949 4.0099067 3.4074392 3.5511842 3.4677825 3.5002027 2.0272929 2.8403842 2.5084054 2.7012171 2.3932829 2.9056511 
Didcos_EP00039_Didymoeca_costata_P024112          4.1919884 2.4568816 2.0080943 2.5830166 2.7821860 2.3765232 2.7598264 2.4704971 3.6488821 2.8430854 2.7715163 2.4516696 2.4056655 3.2151738 3.2126216 2.6859785 2.6105178 2.7501640 2.3836407 2.4356210 2.4132095 3.0441274 2.6278897 2.5401125 2.7775110 2.5963048 2.5963048 2.6705722 2.6545171 2.6242816 2.8872330 2.8009081 3.1104837 3.2605485 3.5186587 3.5090380 3.8384172 3.2394517 2.1470360 2.0649782 2.3516351 2.4688792 1.9974873 0.0000000 2.5997501 3.8691559 3.6019445 3.7566992 3.7710861 3.7370666 4.4529530 3.3458206 3.7005299 3.5481935 3.2248144 2.4228857 2.3624879 3.4113101 3.7666112 3.6567888 3.3189120 
Salkve_EP00050_Salpingoeca_kvevrii_P017760        3.7795403 2.7825295 2.4527933 2.7898938 2.7574750 2.6153272 2.7518047 2.7368433 3.3876180 2.8572805 2.7962707 2.6636643 2.5859898 2.4927126 2.4927126 3.0830488 2.9180474 2.8093858 3.1890246 3.3918503 2.8966625 2.8843940 2.7681257 2.7196619 3.1769654 2.7196479 2.7196479 2.5862580 2.8170717 2.5712878 2.8047223 3.0142598 2.5184873 2.8884383 2.8772387 3.0127235 3.1162900 2.9183880 2.7263775 2.0624217 2.0943314 2.4649635 2.0163591 2.5997501 0.0000000 2.5767302 2.6456203 3.1429650 2.8876416 3.1158829 3.6714742 3.6230527 3.6285024 3.6924684 2.9916102 2.3051269 2.0695291 2.3917279 2.6143125 2.4590797 2.6027840 
Horcal_Hcv1.av93.c11.g639.i1                      5.0786453 2.9577536 3.0913257 2.9973960 2.9578331 2.5989184 3.1185243 2.9458910 3.4401784 2.9641912 2.9958897 2.9094009 3.0986107 2.6386699 2.6386699 3.3747330 3.1408972 2.7362226 3.4539439 2.8473907 3.0206107 2.9309107 2.8095375 2.9412501 3.2910312 3.3425811 3.3425811 3.3377783 3.4740134 3.3934473 3.7539523 2.9783524 3.0859385 3.1797994 2.6766799 3.1268301 3.0018449 2.9357159 2.9959541 2.7213335 3.0787024 2.8158052 3.0650947 3.8691559 2.5767302 0.0000000 0.9505948 1.0780859 1.0045036 0.9392491 1.1857136 1.5408322 1.3267477 1.2722744 1.2592550 2.7065687 2.8233286 3.0069274 3.3589899 3.3919052 3.6112746 
Bolinf_Binf_sb1198853                             5.3747330 2.5472408 2.6203427 2.3683551 2.3703766 2.2583611 2.4059299 2.0698705 2.5144615 2.5299353 2.8733995 2.8134727 2.4836276 2.2091921 2.2091921 2.7058282 2.2473897 2.7072999 3.1588794 2.6973979 2.7694882 2.4873470 2.7410058 2.6626654 2.7489972 2.8608007 2.8608007 2.6746827 2.6064579 2.5538766 2.7483166 2.8362191 2.6325829 2.6780756 2.5219181 2.5388496 2.6557516 2.3078024 3.0271187 2.8493255 3.0062302 2.4011852 2.6697917 3.6019445 2.6456203 0.9505948 0.0000000 0.7215549 0.8310405 0.7257955 1.0568226 1.2586537 1.1146288 1.0685924 1.2187713 3.0813107 3.4334952 2.7431985 2.7451761 3.0552761 3.6664139 
Beraby_Baby_sb338036                              5.6012758 2.7028677 3.2311600 2.4667336 2.4272068 2.0955684 2.7682741 2.6700291 3.4282827 2.8875856 2.8895351 2.6874802 2.7279843 2.4728180 2.4728180 2.9620251 2.7401860 3.0747740 3.4385582 2.7991500 3.1346340 2.3834018 2.8453867 2.8640355 2.4996199 3.2416028 3.2416028 2.7806251 2.8328732 2.7709370 3.2348468 2.7497487 2.6863232 2.8539152 2.6191716 2.6977490 3.4575942 2.6323900 2.9088286 3.2624465 3.0452620 2.5241316 2.9403679 3.7566992 3.1429650 1.0780859 0.7215549 0.0000000 0.9430260 0.8663585 1.2472337 1.3021053 1.1437493 1.1197358 1.3250915 3.0417901 3.2451768 2.8578062 3.2877062 3.6432644 3.4280769 
Lampan_Lpan_C399573_01                            4.5585777 2.5354421 2.6539334 2.4111249 2.4350780 2.0880908 2.6016142 2.5108561 2.9335680 2.6798754 2.5052275 2.7488187 2.5835129 2.6673327 2.7059274 3.0232751 2.7154602 2.3115944 3.0657629 2.7633349 3.0212230 2.2023659 2.7835920 2.6019061 2.9196308 2.6113364 2.6113364 2.4011111 2.4951740 2.6120428 3.0286296 2.9445352 2.5826813 2.8093478 2.5594707 2.6156119 2.6658836 2.5352700 2.8832096 3.1209334 3.3335657 2.6923498 3.0522864 3.7710861 2.8876416 1.0045036 0.8310405 0.9430260 0.0000000 0.8126615 1.3590325 1.3843162 1.1915259 1.1668416 1.4530925 3.0189947 3.2011763 2.4199186 3.3520978 4.1414413 3.6684022 
Mertsp_Mesp_sb535684                              5.2441374 2.8270721 2.8053997 2.5189976 2.5386467 1.9731007 2.7924982 2.6574079 2.9656298 2.8372845 2.9318196 3.1606250 2.7552118 2.4254174 2.4254174 2.8910496 2.5277190 2.9831688 3.3352172 3.1893212 3.5219450 2.5546678 2.9025569 2.8158101 2.8081187 3.2343570 3.2343570 3.0210667 3.1268529 3.0246379 3.2288198 3.0588854 3.1075355 2.9656928 2.8045273 2.9024445 2.9797026 2.6837772 3.0544856 3.2855809 3.5419100 2.5595043 3.1558949 3.7370666 3.1158829 0.9392491 0.7257955 0.8663585 0.8126615 0.0000000 1.0558710 1.2339446 1.0864438 1.1417561 1.1868905 3.0391851 3.1742344 3.0883580 3.3434371 3.7060108 4.3184293 
Drygla_Dgla_sb310807                              6.2887799 3.2638361 3.1146733 3.1234848 3.0998189 2.8092829 3.4101892 3.0268213 3.4608269 3.1330791 4.1726198 4.2457376 3.1293641 3.0859397 3.0859397 4.3124153 3.7628494 3.6743323 4.3862905 2.6555053 3.6192464 3.0391172 4.0291266 3.2388182 3.7013749 3.7423779 3.7423779 3.5744408 3.7652045 3.4984006 3.5268130 3.6287849 3.4487807 3.3128478 3.1894547 3.2809530 3.6692114 3.1812901 3.5146745 4.0170181 4.1139763 3.0467379 4.0099067 4.4529530 3.6714742 1.1857136 1.0568226 1.2472337 1.3590325 1.0558710 0.0000000 1.6441649 1.5682564 1.5262085 1.6209659 3.8438332 3.1558692 4.0095303 3.6386375 3.7581165 3.8575841 
Vmul_SimC381822                                   5.3864442 2.7184873 2.4358584 2.3132421 2.3169083 1.8239154 2.5161630 2.4274795 3.1022469 2.4988117 2.6604455 2.7816570 2.6900562 2.2385036 2.2534118 2.9471468 2.5367754 2.3993550 2.9700326 2.2196107 2.8839187 2.5075505 2.7280027 2.3546215 2.6442410 2.7711556 2.7711556 2.5933595 2.5702292 2.6249464 2.7457610 2.6301286 2.3766851 2.6442647 2.4360500 2.6329605 2.7580842 2.7792320 3.0704648 2.9585353 3.5955964 2.4108937 3.4074392 3.3458206 3.6230527 1.5408322 1.2586537 1.3021053 1.3843162 1.2339446 1.6441649 0.0000000 0.7386731 0.7274068 1.3420501 3.0315959 3.3710007 2.7791909 3.4334089 2.9962507 3.9604584 
Coeast_Cast_sb786272                              5.6926095 2.9886327 2.8440288 2.7206707 2.8001600 2.0454363 2.7052532 2.6060826 3.1185269 2.8441523 2.9541919 2.9214756 2.5986334 2.4536228 2.4536228 3.2528131 2.6575001 2.5195382 3.5290739 2.5783140 2.7885093 2.3823019 2.9111014 2.4113911 2.6926196 3.0881849 3.0881849 2.6082224 2.6415227 2.4961738 2.7273156 2.8487158 2.5451621 2.6805957 2.5722794 2.6912197 3.7603677 3.0462375 2.9586325 3.4122097 3.8748616 2.8380004 3.5511842 3.7005299 3.6285024 1.3267477 1.1146288 1.1437493 1.1915259 1.0864438 1.5682564 0.7386731 0.0000000 0.0636628 1.4791905 3.3620084 2.7751811 2.7227243 3.2432938 3.8883401 3.5538891 
Coemet_Cmet_C574612_01                            5.5833206 2.6979660 2.6842510 2.5732710 2.6563421 1.9166286 2.6073136 2.4317134 2.8111547 2.6446473 2.9285504 2.8141451 2.5287348 2.3996731 2.3996731 3.1519027 2.6489837 2.4082681 3.3320003 2.3977582 2.7488031 2.4148136 2.7882631 2.4122416 2.6102427 3.0234281 3.0234281 2.6028725 2.6257471 2.5266104 2.7685701 2.7323255 2.5239384 2.5539324 2.4843332 2.5544796 3.2837888 2.9518152 2.7385329 3.2596410 3.7360711 2.6802439 3.4677825 3.5481935 3.6924684 1.2722744 1.0685924 1.1197358 1.1668416 1.1417561 1.5262085 0.7274068 0.0636628 0.0000000 1.3845719 3.1943277 2.7335171 2.5569577 3.2533912 3.7234797 3.4846011 
Eupdun_Edun_sb10609776                            5.4997779 2.5234320 2.6620624 2.2041059 2.2478263 1.8157889 2.3647417 2.2951475 2.8228855 2.4518586 2.5107203 2.6207260 2.3570895 2.3940917 2.3940917 3.2170967 2.5879790 2.7258730 3.4969226 2.8412604 2.8659724 3.0327119 2.6023525 2.7711491 3.0870296 3.0492695 3.0492695 2.7865056 2.8430333 2.7889001 2.8465864 2.7547838 2.3922072 3.1128737 2.5037096 2.8357923 3.1019805 2.8308123 2.7628306 3.0862612 3.3906396 2.3663813 3.5002027 3.2248144 2.9916102 1.2592550 1.2187713 1.3250915 1.4530925 1.1868905 1.6209659 1.3420501 1.4791905 1.3845719 0.0000000 3.2031378 3.2992531 3.3713117 4.2686241 2.8508443 4.7256298 
Saldol_EP00054_Salpingoeca_dolichothecata_P008679 4.2293455 2.8025481 2.3253666 2.5239048 2.6745171 2.2529408 2.3160622 2.5577882 2.7452917 2.5532619 2.7060574 2.9654905 2.5467997 2.7857700 2.8184872 3.0824808 2.6843317 3.1427246 2.7162148 2.8185007 2.8058375 2.3106021 2.4530245 3.4214843 2.8074405 3.1253146 3.1253146 3.0826734 2.9504858 3.3031260 3.7504360 2.9657294 2.7122432 2.8245649 2.8547282 2.7907208 3.7327428 3.3268703 2.5636351 2.2577529 2.4423272 2.2627799 2.0272929 2.4228857 2.3051269 2.7065687 3.0813107 3.0417901 3.0189947 3.0391851 3.8438332 3.0315959 3.3620084 3.1943277 3.2031378 0.0000000 2.4762907 2.3636965 3.1991076 2.8772706 2.7708837 
Salpun_EP00053_Salpingoeca_punica_P024257         3.9517233 2.9918058 3.0708091 3.1200891 3.0646611 3.2313908 3.0526721 3.0520074 3.7295431 3.1660782 3.3566609 3.7060236 3.5250572 3.3690945 3.4189292 4.2459836 3.7646260 3.2541819 3.4291114 3.3263354 3.5882839 3.3076542 2.7530857 3.1861650 3.6964972 3.9458126 3.9458126 3.8468583 3.9240434 3.8388326 4.6241768 3.1808413 2.9483562 3.0516692 3.0488750 2.9630899 4.0074171 3.8709015 3.0409959 2.6169568 2.0528374 2.4812785 2.8403842 2.3624879 2.0695291 2.8233286 3.4334952 3.2451768 3.2011763 3.1742344 3.1558692 3.3710007 2.7751811 2.7335171 3.2992531 2.4762907 0.0000000 2.4538635 2.8826760 3.0521529 2.5883188 
Choper_EP00045_Choanoeca_perplexa_P022878         4.2138579 2.9771682 2.4149403 2.8107670 2.8355886 2.9465775 2.9493690 2.8258767 3.5366593 3.0985878 2.4972614 2.8152831 3.0219809 2.9212205 2.9212205 3.0460884 3.0816261 2.8930691 3.3966846 3.7223133 3.0203099 2.8096524 2.6566822 2.5609477 2.8435947 2.9823000 2.9823000 2.6160121 2.7707512 2.7157678 2.9670768 3.2946982 2.4372846 2.3670364 2.3054403 2.8436638 3.0266445 2.8795007 3.1729526 2.7494551 2.7570012 3.0047921 2.5084054 3.4113101 2.3917279 3.0069274 2.7431985 2.8578062 2.4199186 3.0883580 4.0095303 2.7791909 2.7227243 2.5569577 3.3713117 2.3636965 2.4538635 0.0000000 1.5123319 3.7011656 2.5925973 
Chofle_EP00730_Choanoeca_flexa_P015216            4.1944580 3.2758617 3.1238372 3.6879644 3.7892681 3.0283847 3.6701468 3.4831857 5.8632289 3.8341139 3.1685349 3.2659617 3.6389435 3.6766238 3.7248410 4.3914425 3.7509191 3.9379759 3.8886142 3.8350227 3.8674876 2.8120223 3.2019901 3.6059279 3.0778118 3.6212632 3.6212632 3.6676471 3.6891210 3.7275930 4.4616398 3.9898906 3.2460405 2.9882348 2.9278018 3.3412442 6.2317761 3.9898551 3.5739299 3.0844776 2.8078600 3.6163024 2.7012171 3.7666112 2.6143125 3.3589899 2.7451761 3.2877062 3.3520978 3.3434371 3.6386375 3.4334089 3.2432938 3.2533912 4.2686241 3.1991076 2.8826760 1.5123319 0.0000000 5.4435503 3.2302862 
Codhol_EP00042_Codosiga_hollandica_P022705        4.3850522 2.3193973 2.5796946 2.6776303 2.6830861 2.3901826 2.8841039 2.6911366 3.1922098 2.9227299 2.6877587 2.9181360 2.6631331 2.8098981 2.8098981 2.9526840 2.7918613 3.1740393 3.9347214 2.9851722 2.8142240 2.8487661 2.9462202 2.8907270 2.8945425 2.9528201 2.9528201 2.7045922 2.7221570 2.7206053 2.7244706 3.5256890 2.4136118 3.6749582 3.0394437 2.7665971 2.6750938 2.3176322 2.9618919 2.9264712 2.9259990 3.0560107 2.3932829 3.6567888 2.4590797 3.3919052 3.0552761 3.6432644 4.1414413 3.7060108 3.7581165 2.9962507 3.8883401 3.7234797 2.8508443 2.8772706 3.0521529 3.7011656 5.4435503 0.0000000 4.2040420 
