62
Hsap_ENST00000587424                                               0.0000000 1.0740772 0.9300273 0.8106100 0.7864996 2.1008971 1.1334907 1.4334224 1.4749414 1.4092650 1.4022245 1.4777932 1.4741047 1.0897985 1.8034054 1.3608822 1.5357698 1.5357698 1.4056349 1.4684483 1.4671232 1.1115649 1.3006073 1.5704987 1.3710071 0.9660701 0.8930936 1.0812694 1.1456815 1.0862234 1.7124170 1.4075924 1.2656101 1.2030154 1.2030154 1.4654358 1.4014939 1.4040355 1.3886526 1.6247046 1.9570669 1.4689627 1.9006303 1.4079467 1.2910354 1.8430492 1.6145232 2.4366762 2.4255872 2.7768252 2.0025724 2.8941732 3.3844994 2.9429542 3.6023270 2.4640565 1.6064384 2.5688918 3.3005667 1.9726388 2.1655678 2.0853050 
Spur_XM_030983921.1                                                1.0740772 0.0000000 0.6854439 0.5530370 0.5333268 1.4598247 0.7127644 1.1157218 1.1002962 1.0720780 1.0288142 1.0296969 1.0372147 0.6572629 1.3847520 1.1425976 1.2164836 1.2164836 1.1319966 1.1414515 1.1587398 1.0040685 1.1666575 1.0807510 1.0231508 0.8361760 0.7039249 0.8599512 0.8287209 0.9525670 1.5262416 1.1843083 1.1646948 1.1103865 1.1103865 1.2063715 1.1509505 1.1844698 1.1750404 1.3465215 1.8033375 1.2356750 1.9644140 1.4008140 1.1607011 1.1241399 1.1513840 1.6485560 1.6331223 2.1063285 1.5636589 2.9386562 3.3779261 2.9540360 3.6706833 2.7623098 1.5100565 2.5549319 2.2209005 2.2043154 2.2188930 2.4765277 
Ctel_gnl_WGS_AMQN_CAPTEDRAFT_mRNA175255                            0.9300273 0.6854439 0.0000000 0.3975139 0.6248770 0.8940721 0.6592524 0.7986456 0.7986456 0.8332882 0.8121509 0.8779362 0.6206290 0.8628526 1.2078443 1.0808725 0.9782889 0.9782889 1.0153878 1.0135828 1.0133613 0.8715566 1.0657674 0.8400891 0.8675908 0.5341178 0.8280587 0.7623220 0.7068379 0.9092082 1.0658632 0.7609434 0.9211798 0.8955793 0.8955793 0.9317052 1.0202167 0.9999615 1.0036674 1.0866699 1.4993468 1.0554963 1.5667693 1.3808611 0.9961121 0.9297510 1.0277790 1.0303308 1.0351942 1.0380474 1.2219915 2.2763318 3.5825156 2.7586277 2.8600037 2.6496574 1.2479433 1.8317954 1.6618422 1.5497557 1.9309574 2.0422737 
Skow_XM_006813166.1                                                0.8106100 0.5530370 0.3975139 0.0000000 0.3346303 0.8118324 0.5721296 0.9022271 0.8871484 0.7870861 0.7704035 0.7781881 0.8159399 0.5837321 1.0904251 0.9967023 1.0757736 1.0757736 1.0158125 1.0192355 0.9344420 0.7834823 0.8537364 1.0376744 0.8988602 0.5715867 0.7159150 0.8607440 0.6892972 0.7180440 0.9468509 0.7432199 0.9194332 0.9013829 0.9013829 1.0393152 1.0210990 1.0314791 1.0221026 1.2666167 1.4796600 0.9628461 1.4932105 1.2314017 0.9495246 0.8189493 0.9802021 1.4060235 1.1765369 1.2626329 0.7979324 2.6239226 3.0989823 2.9639895 3.2076018 2.8088142 1.4054816 2.3219060 1.9067561 1.7746636 1.7217097 2.0910487 
Dpul_mRNA3819                                                      0.7864996 0.5333268 0.6248770 0.3346303 0.0000000 0.3779650 0.5316408 0.5970612 0.5970612 0.5696826 0.5696826 0.8391278 0.5954680 0.6284494 0.8442725 0.7567711 0.7267649 0.7267649 0.7276253 0.7276253 0.9600928 0.6074352 0.7282246 0.9694088 0.9799712 0.5275053 0.8071336 0.6255981 0.5425810 0.5774506 1.2028048 0.5137928 1.1955888 1.1955888 1.1955888 1.2987885 1.1592791 1.1520097 1.1520097 1.1822635 0.8397273 0.8606910 0.9138614 1.0710992 0.8684004 0.5196072 1.1134633 0.6927678 0.7806216 0.6278755 0.6156997 1.9606918 2.1871901 2.3914091 1.6935919 2.2462849 1.3312868 1.2866270 1.3324336 1.3511907 1.6065686 1.8479502 
Cgig_XM_034455334.1                                                2.1008971 1.4598247 0.8940721 0.8118324 0.3779650 0.0000000 0.4802728 1.5908033 1.5716746 1.4450149 1.4266658 1.6643144 1.5414373 0.5703538 2.2908559 1.9192868 1.9025552 1.9025552 1.9134913 1.9658950 0.9655577 1.3555454 1.6606948 1.6091651 1.6599455 1.5697347 1.3498404 1.3786297 1.5713478 1.4474597 2.1178943 1.5327179 2.5810468 2.5806192 2.5806192 2.4528301 2.0522445 1.9978329 1.9798486 2.7331229 2.0344856 1.5889020 2.1883401 1.1772341 2.2477538 0.7397714 1.7635270 1.5477002 1.3687044 1.5656438 1.1438481 3.4982576 3.6641852 3.5642451 3.4042062 3.5852942 1.5932761 2.0744096 1.7499901 2.5814318 2.7943493 2.9107522 
Nvec_v1g143061                                                     1.1334907 0.7127644 0.6592524 0.5721296 0.5316408 0.4802728 0.0000000 0.4140197 0.4140197 0.4910013 0.5076534 0.4813774 0.5539384 0.6082203 0.7732927 0.7380490 0.7541108 0.7541108 0.7538342 0.7489283 0.5817862 0.5008598 0.4667555 0.7965447 0.7827551 0.5821344 0.7398167 1.0235865 0.7177817 0.8448736 0.8105747 0.6353308 1.0695136 1.0629094 1.0629094 1.2462927 1.0206285 1.0438214 1.0438214 1.1913495 1.1215956 1.0309868 1.2639440 1.2815214 0.9733529 0.7557855 1.0698044 0.8581633 0.6992741 0.6583985 0.8297939 1.7337876 2.5066120 2.5202012 1.8903558 1.9254053 1.2000118 1.7642291 1.2836075 1.6181419 1.7569147 1.9612998 
Adig_XM_015911367.1                                                1.4334224 1.1157218 0.7986456 0.9022271 0.5970612 1.5908033 0.4140197 0.0000000 0.0182457 0.3194235 0.3478155 0.6666345 0.7151419 0.5225423 1.1458427 0.9378100 0.9291546 0.9291546 0.9270088 0.9157797 0.7415670 0.7975489 0.8214285 0.8964161 0.8197596 0.8455127 0.9187128 1.2568160 1.1225210 1.0691893 1.0735491 1.0722539 1.3064017 1.2715925 1.2715925 1.3260077 1.1566619 1.1551852 1.1421940 1.6415738 1.8049372 1.3193497 1.7164564 1.4563689 1.3644736 1.5566544 1.1659807 1.5193254 1.1818558 0.8779613 1.8876850 2.8430100 4.1412788 3.9057447 3.4675539 3.3846268 1.0017640 2.5960472 2.5305643 2.1134699 2.5187744 2.4697331 
Amil_Amillepora14148-RA                                            1.4749414 1.1002962 0.7986456 0.8871484 0.5970612 1.5716746 0.4140197 0.0182457 0.0000000 0.3037532 0.3376473 0.6540964 0.7021372 0.5225423 1.1879304 0.9226991 0.9139505 0.9139505 0.9120008 0.9009590 0.7201863 0.8018665 0.8259070 0.8986435 0.8219301 0.8709547 0.9245002 1.2624179 1.1187654 1.0745977 1.0656981 1.0486399 1.3292789 1.2977348 1.2977348 1.4067365 1.2047896 1.2052991 1.1919971 1.6811768 1.8049592 1.3193497 1.6924889 1.4563689 1.3749353 1.5603749 1.1431162 1.4926578 1.1606757 0.8768200 1.8691051 2.8699713 4.1412788 3.7822959 3.4956718 3.4144014 1.0017640 2.6327569 2.5548008 2.0879393 2.4845393 2.4356057 
Spis_XP_022795431_1                                                1.4092650 1.0720780 0.8332882 0.7870861 0.5696826 1.4450149 0.4910013 0.3194235 0.3037532 0.0000000 0.0276822 0.5550183 0.7241294 0.5871450 0.9641464 0.8219528 0.8265423 0.8265423 0.8405286 0.8288980 0.7981832 0.6978781 0.7421439 0.9439102 0.8476637 0.8461664 0.9248503 1.1421072 1.0534376 1.0192070 1.1726591 1.0022125 1.2661368 1.1802306 1.1802306 1.3061347 1.2267179 1.3247616 1.3104486 1.5720514 1.6016548 1.3549107 1.7945488 1.7092305 1.3651956 1.5189806 1.1150716 1.5089072 0.9941004 1.0133236 1.6596312 2.8335545 4.1022832 3.7996900 3.7821657 3.4435998 1.1205927 2.5467577 2.3312925 2.2082078 2.2931537 2.4955589 
Pocdam_XM_027190053.1                                              1.4022245 1.0288142 0.8121509 0.7704035 0.5696826 1.4266658 0.5076534 0.3478155 0.3376473 0.0276822 0.0000000 0.5613096 0.7358449 0.5871450 0.9604523 0.8350206 0.8398936 0.8398936 0.8538763 0.8420046 0.7942484 0.6743797 0.7174357 0.8823776 0.8148993 0.8296136 0.8844497 1.0956262 0.9885026 0.9768672 1.2029172 0.9971488 1.2530156 1.1615646 1.1615646 1.2611433 1.2090664 1.3168383 1.3026301 1.5203553 1.6154762 1.3361743 1.7499062 1.6602490 1.3159107 1.5232991 1.0799964 1.4686666 1.0097896 1.0133957 1.6490391 2.9122330 4.2069156 3.8611854 3.8611883 3.5613135 1.0928655 2.5039877 2.3027950 2.2141233 2.2888820 2.5606992 
Exapal_XM_021045796.2                                              1.4777932 1.0296969 0.8779362 0.7781881 0.8391278 1.6643144 0.4813774 0.6666345 0.6540964 0.5550183 0.5613096 0.0000000 0.7965687 0.8150780 1.2363069 1.1156579 1.0914999 1.0914999 1.0478248 1.0467610 0.8519325 0.7815133 0.8065707 0.9139327 0.9163449 0.7952258 0.8710568 1.1987633 1.1587799 0.9889343 1.4323365 1.0633584 1.2495708 1.2569293 1.2569293 1.4609080 1.3792582 1.4078533 1.3973903 1.8690937 2.0061301 1.1709544 1.9952262 1.7369901 1.3030094 1.3513787 1.1143699 1.5981469 1.3545387 1.6435029 1.8634798 2.8169348 3.6888686 3.3120759 3.3204229 3.5848363 1.1030827 2.3954113 2.0573070 1.9713185 2.4044204 2.4678044 
Morvir_scaffold204.g31.t1                                          1.4741047 1.0372147 0.6206290 0.8159399 0.5954680 1.5414373 0.5539384 0.7151419 0.7021372 0.7241294 0.7358449 0.7965687 0.0000000 0.7206052 1.2922859 1.0994975 1.0339927 1.0339927 1.1147078 1.0984412 0.6608884 0.9108087 0.9156390 0.6165734 0.6584057 0.8891959 0.9371006 1.2039036 1.1313969 1.2543178 1.0301584 1.1921848 1.3224031 1.3178681 1.3178681 1.3669409 1.2041221 1.2357475 1.2258590 1.6611927 1.7282965 1.3661435 1.8693274 1.8875313 1.5373422 1.5711223 1.1658940 1.1665865 1.3805507 1.4472900 1.9919782 3.1566179 3.7038524 3.1092757 3.6890536 3.9023877 1.2973556 2.7449882 2.2346238 2.1398847 2.5335022 2.4128791 
Tadh_TriadT17694                                                   1.0897985 0.6572629 0.8628526 0.5837321 0.6284494 0.5703538 0.6082203 0.5225423 0.5225423 0.5871450 0.5871450 0.8150780 0.7206052 0.0000000 0.0000010 0.1220345 0.1190663 0.1190663 0.1207781 0.1207781 0.7290858 0.6942559 0.7915811 0.7173413 0.7118708 0.7164032 0.9040824 0.9146534 0.7663238 0.7819831 0.9218193 0.6959292 0.8735600 0.8735600 0.8735600 0.8609059 0.7635121 0.7927398 0.7927398 0.9428406 0.8759052 0.7989625 0.8779453 0.7687296 0.6941955 0.6381718 0.9889823 0.6919035 0.5729384 0.5068358 0.7039921 1.9001934 2.6340547 1.7971347 1.8922152 1.9496728 1.0229764 0.9663813 0.9874099 1.3629843 1.2409893 1.4395047 
TrH2_TrispH2_009299-RA                                             1.8034054 1.3847520 1.2078443 1.0904251 0.8442725 2.2908559 0.7732927 1.1458427 1.1879304 0.9641464 0.9604523 1.2363069 1.2922859 0.0000010 0.0000000 0.2605775 0.2663305 0.2663305 0.2931071 0.2842911 1.2288152 1.0854525 1.0252494 1.5028401 1.3903128 1.3675175 1.1605606 1.3396734 1.2974195 1.4746220 1.4425090 1.2390914 1.3841594 1.3367727 1.3367727 1.3607544 1.3926318 1.4816859 1.4704267 1.8426011 1.8758843 1.1517697 1.9036050 1.2692989 1.5889970 1.6341810 1.2603894 1.8730513 2.0537551 1.8573058 2.2659803 3.0860950 3.7431373 3.0471701 3.3296409 2.5823356 1.1553367 2.1076748 2.1678601 2.5817982 2.6769211 2.3619655 
HoiH11_mRNA5144                                                    1.3608822 1.1425976 1.0808725 0.9967023 0.7567711 1.9192868 0.7380490 0.9378100 0.9226991 0.8219528 0.8350206 1.1156579 1.0994975 0.1220345 0.2605775 0.0000000 0.1549085 0.1549085 0.1342331 0.1206840 1.0555039 0.9078367 0.9169966 1.1957402 1.2112067 1.1236882 0.9394182 1.0996631 1.0746653 1.1912139 1.3370054 1.1897432 1.3309191 1.2818030 1.2818030 1.3697543 1.4530249 1.4845655 1.4733539 1.7066267 1.7289065 1.1145075 1.6781154 1.2466522 1.3827820 1.6290101 1.1112264 1.5560968 1.6856464 1.5220694 1.9588262 2.8017184 3.2017365 2.9241606 3.0791149 2.5607679 1.0883143 1.8906713 2.2204146 2.2542148 2.6379109 2.2267667 
Hhon_g01419.t1                                                     1.5357698 1.2164836 0.9782889 1.0757736 0.7267649 1.9025552 0.7541108 0.9291546 0.9139505 0.8265423 0.8398936 1.0914999 1.0339927 0.1190663 0.2663305 0.1549085 0.0000000 0.0000010 0.1235044 0.1203531 1.0509442 0.9711486 0.9479010 1.1882740 1.1445522 1.2224214 0.9857680 1.1337112 1.2562544 1.2828656 1.2063893 1.1185800 1.3351343 1.2903979 1.2903979 1.2963910 1.4535077 1.4864137 1.4749358 1.7782620 1.6040595 0.9913257 1.5999527 1.1019123 1.5208752 1.6316130 1.1241513 1.6149911 1.7495149 1.7712973 1.9258862 2.8065872 3.6337744 2.9547215 3.1891184 2.4909973 1.0357394 2.0122566 2.3078421 2.4136675 2.6913811 2.4183023 
HoiH04_mRNA9995                                                    1.5357698 1.2164836 0.9782889 1.0757736 0.7267649 1.9025552 0.7541108 0.9291546 0.9139505 0.8265423 0.8398936 1.0914999 1.0339927 0.1190663 0.2663305 0.1549085 0.0000010 0.0000000 0.1235044 0.1203531 1.0509442 0.9711486 0.9479010 1.1882740 1.1445522 1.2224214 0.9857680 1.1337112 1.2562544 1.2828656 1.2063893 1.1185800 1.3351343 1.2903979 1.2903979 1.2963910 1.4535077 1.4864137 1.4749358 1.7782620 1.6040595 0.9913257 1.5999527 1.1019123 1.5208752 1.6316130 1.1241513 1.6149911 1.7495149 1.7712973 1.9258862 2.8065872 3.6337744 2.9547215 3.1891184 2.4909973 1.0357394 2.0122566 2.3078421 2.4136675 2.6913811 2.4183023 
HoiH06_mRNA6336                                                    1.4056349 1.1319966 1.0153878 1.0158125 0.7276253 1.9134913 0.7538342 0.9270088 0.9120008 0.8405286 0.8538763 1.0478248 1.1147078 0.1207781 0.2931071 0.1342331 0.1235044 0.1235044 0.0000000 0.0431757 0.9895729 0.9132715 0.8965658 1.1414097 1.1344356 1.1230445 0.9869405 1.0976033 1.1858262 1.2201295 1.2138008 1.2198878 1.2698033 1.2273412 1.2273412 1.3097557 1.3902851 1.4406897 1.4295594 1.6922921 1.6278259 1.0789465 1.5643884 1.1845464 1.4850201 1.5460830 1.0577172 1.6156903 1.7506599 1.7014819 2.0202081 2.8638244 3.6519039 2.9752939 3.1823963 2.4652731 1.0730515 1.8687903 2.2831465 2.3413477 2.7170991 2.2550439 
HoiH23_PlH23_002904-RA                                             1.4684483 1.1414515 1.0135828 1.0192355 0.7276253 1.9658950 0.7489283 0.9157797 0.9009590 0.8288980 0.8420046 1.0467610 1.0984412 0.1207781 0.2842911 0.1206840 0.1203531 0.1203531 0.0431757 0.0000000 0.9895729 0.9488741 0.9272766 1.1609352 1.1532295 1.1383432 0.9869405 1.1279996 1.1814088 1.2084928 1.2314130 1.2083854 1.2704795 1.2280529 1.2280529 1.3070383 1.4153307 1.3964514 1.3855438 1.7237069 1.6171528 1.0768684 1.5980144 1.1845464 1.4788417 1.5769743 1.0564420 1.5918972 1.7683764 1.7041824 2.0062470 2.8668781 3.6496193 2.9698332 3.3012953 2.5837791 1.0793093 1.8757980 2.2917048 2.3220193 2.7236369 2.2550758 
Chem_TCONS_00049704                                                1.4671232 1.1587398 1.0133613 0.9344420 0.9600928 0.9655577 0.5817862 0.7415670 0.7201863 0.7981832 0.7942484 0.8519325 0.6608884 0.7290858 1.2288152 1.0555039 1.0509442 1.0509442 0.9895729 0.9895729 0.0000000 1.0339477 0.9738395 0.6974118 0.6312510 1.0494758 0.9898451 1.2200583 1.3349622 1.3362099 0.6911442 1.0912495 1.2432088 1.2362030 1.2362030 1.4237101 1.2351415 1.2395148 1.2395148 1.5308796 1.3633674 1.1976217 1.5165645 1.4155755 1.5522026 1.1568986 1.1813477 0.7842578 0.9932857 0.9793778 1.4979826 2.3638752 2.6808810 2.1619889 2.3183795 2.3476355 1.1313873 1.9676163 1.3234164 1.3137195 1.5592428 1.8067450 
Dgig_XM_028550838.1                                                1.1115649 1.0040685 0.8715566 0.7834823 0.6074352 1.3555454 0.5008598 0.7975489 0.8018665 0.6978781 0.6743797 0.7815133 0.9108087 0.6942559 1.0854525 0.9078367 0.9711486 0.9711486 0.9132715 0.9488741 1.0339477 0.0000000 0.2264553 1.0740459 1.0867494 0.7585525 0.9938146 0.9992931 0.9719536 0.8463206 1.1263794 1.0026133 1.2516513 1.2067594 1.2067594 1.3891842 1.2601916 1.3169776 1.3066575 1.6376791 1.4738532 1.4892505 1.6034291 1.3800901 1.2447305 1.1971124 1.1313318 1.3903011 1.3803662 1.3584063 1.6193398 2.2467669 2.8158097 2.9163507 2.9372990 2.4465783 1.0840666 2.1294198 1.9062178 1.8002539 1.9567904 2.1594803 
Xesp_016505-T1                                                     1.3006073 1.1666575 1.0657674 0.8537364 0.7282246 1.6606948 0.4667555 0.8214285 0.8259070 0.7421439 0.7174357 0.8065707 0.9156390 0.7915811 1.0252494 0.9169966 0.9479010 0.9479010 0.8965658 0.9272766 0.9738395 0.2264553 0.0000000 1.0461191 1.0833029 0.8172113 1.0568969 1.0274271 1.1376165 1.0213304 1.1896789 1.2026371 1.4953496 1.4359905 1.4359905 1.5456225 1.5197024 1.6562554 1.6442911 1.8773405 1.6347726 1.5874446 1.7584528 1.6833602 1.3723940 1.3370237 1.4170008 1.5139406 1.4554445 1.5090127 1.7620198 1.9607597 2.7964402 2.8030891 2.8340133 2.6790261 1.0944647 2.1033873 2.0319832 1.8310135 2.2198826 2.2804620 
Nemnom_g9165.t1                                                    1.5704987 1.0807510 0.8400891 1.0376744 0.9694088 1.6091651 0.7965447 0.8964161 0.8986435 0.9439102 0.8823776 0.9139327 0.6165734 0.7173413 1.5028401 1.1957402 1.1882740 1.1882740 1.1414097 1.1609352 0.6974118 1.0740459 1.0461191 0.0000000 0.0452572 1.0129694 0.9412286 1.3764188 1.2260930 1.4611459 0.9243193 1.1461431 1.2307680 1.2573023 1.2573023 1.3889016 1.2973903 1.2968685 1.2920626 1.5482477 1.8393911 1.1456133 1.9349557 1.6779406 1.4629013 1.6400658 1.2779160 0.7219759 1.4485065 1.3301570 1.9488650 3.4191148 3.9178367 3.2899061 3.8980592 3.9148878 1.3150456 2.3236886 1.9893177 1.8004551 1.6218524 2.1405008 
Rhoesc_Res_014134-T1                                               1.3710071 1.0231508 0.8675908 0.8988602 0.9799712 1.6599455 0.7827551 0.8197596 0.8219301 0.8476637 0.8148993 0.9163449 0.6584057 0.7118708 1.3903128 1.2112067 1.1445522 1.1445522 1.1344356 1.1532295 0.6312510 1.0867494 1.0833029 0.0452572 0.0000000 0.9647579 0.8925822 1.2076392 1.2599908 1.3586494 0.9624425 1.0193771 1.0902066 1.1255874 1.1255874 1.2533842 1.1903241 1.1847449 1.1800700 1.3908020 1.8571406 1.0930621 1.9034193 1.7142528 1.3517791 1.4963126 1.1753476 0.6541147 1.4682787 1.3182136 1.9497166 3.0928971 3.8307277 3.1194829 3.8084930 3.7035919 1.3599386 2.5892290 1.9881747 1.7116505 1.4538348 2.0965781 
Cscu_XM_023371097.1                                                0.9660701 0.8361760 0.5341178 0.5715867 0.5275053 1.5697347 0.5821344 0.8455127 0.8709547 0.8461664 0.8296136 0.7952258 0.8891959 0.7164032 1.3675175 1.1236882 1.2224214 1.2224214 1.1230445 1.1383432 1.0494758 0.7585525 0.8172113 1.0129694 0.9647579 0.0000000 0.6260292 0.8092360 0.8858181 0.9954211 1.2793811 0.9959968 0.7378659 0.7513204 0.7513204 0.8619062 0.9585740 0.9511117 0.9432898 1.2679407 1.8422735 1.2681986 1.9786550 1.8054159 1.1963783 1.2516535 1.0962706 1.7417410 1.7255195 1.8645973 1.7043811 2.7612032 3.3658191 3.5339888 3.4471085 3.3351385 1.0811009 2.2659817 2.7637693 2.2735437 2.5380082 2.4265089 
Aque_Aqu2.1.37774_001                                              0.8930936 0.7039249 0.8280587 0.7159150 0.8071336 1.3498404 0.7398167 0.9187128 0.9245002 0.9248503 0.8844497 0.8710568 0.9371006 0.9040824 1.1605606 0.9394182 0.9857680 0.9857680 0.9869405 0.9869405 0.9898451 0.9938146 1.0568969 0.9412286 0.8925822 0.6260292 0.0000000 0.4023069 0.6173803 0.6938915 1.0758462 0.6641449 0.8370611 0.8201485 0.8201485 0.8857414 0.8369412 0.9026140 0.8890995 1.0447154 1.7178407 1.2508012 1.5037188 1.5389199 1.0626311 1.1894433 0.9433180 1.2730990 1.3260135 1.3479202 1.4373313 2.3300107 2.6079058 2.5517483 3.0088099 3.2208793 0.9734351 2.2329763 1.4864379 1.8125415 1.7426746 2.3283639 
Xestes_augustus_masked-XT_scaffold139327-processed-gene-0.2-mRNA-1 1.0812694 0.8599512 0.7623220 0.8607440 0.6255981 1.3786297 1.0235865 1.2568160 1.2624179 1.1421072 1.0956262 1.1987633 1.2039036 0.9146534 1.3396734 1.0996631 1.1337112 1.1337112 1.0976033 1.1279996 1.2200583 0.9992931 1.0274271 1.3764188 1.2076392 0.8092360 0.4023069 0.0000000 0.7763993 0.7984324 1.3057117 0.7827462 1.1494169 1.1334144 1.1334144 1.1386347 1.1060507 0.9937023 0.9972293 1.3588973 1.8946191 1.3026587 1.9267966 1.6642619 1.3606754 1.1717565 1.2225594 1.6387976 1.9978094 1.7613216 1.6680744 3.0535535 2.9420866 3.0908939 3.0650982 3.0970215 1.4677956 2.5687866 1.8073430 1.8236706 2.0620697 2.3784277 
Stycar_maker-SC_scaffold2099-augustus-gene-0.158-mRNA-1            1.1456815 0.8287209 0.7068379 0.6892972 0.5425810 1.5713478 0.7177817 1.1225210 1.1187654 1.0534376 0.9885026 1.1587799 1.1313969 0.7663238 1.2974195 1.0746653 1.2562544 1.2562544 1.1858262 1.1814088 1.3349622 0.9719536 1.1376165 1.2260930 1.2599908 0.8858181 0.6173803 0.7763993 0.0000000 0.5190667 1.2136556 0.6896536 0.8490644 0.8369093 0.8369093 1.0643118 0.9427328 0.9163625 0.9196275 1.0723377 1.9062504 1.1257098 1.8462941 1.6977206 1.0643299 1.3707648 1.0687820 1.7299048 1.9053437 1.9015966 1.9582315 2.8419356 3.7492766 3.2626283 3.2513255 3.0789276 1.2018595 2.6831124 1.8957767 2.0253009 2.2947707 2.5120226 
Tetwil_g23006.t1                                                   1.0862234 0.9525670 0.9092082 0.7180440 0.5774506 1.4474597 0.8448736 1.0691893 1.0745977 1.0192070 0.9768672 0.9889343 1.2543178 0.7819831 1.4746220 1.1912139 1.2828656 1.2828656 1.2201295 1.2084928 1.3362099 0.8463206 1.0213304 1.4611459 1.3586494 0.9954211 0.6938915 0.7984324 0.5190667 0.0000000 1.4699452 0.6823669 1.0240744 0.9812240 0.9812240 1.1592464 1.0926665 1.0805282 1.0715552 1.2100915 1.7705740 1.4010650 1.6907225 1.4422293 1.2950596 1.3766616 1.0488435 1.7727252 1.5933904 1.6126150 1.7423002 2.1408527 3.1585859 2.7753530 3.1150396 2.9439372 1.5287015 2.2783733 2.1268248 1.9731841 2.2269935 2.4156293 
Hvul_g8320_1                                                       1.7124170 1.5262416 1.0658632 0.9468509 1.2028048 2.1178943 0.8105747 1.0735491 1.0656981 1.1726591 1.2029172 1.4323365 1.0301584 0.9218193 1.4425090 1.3370054 1.2063893 1.2063893 1.2138008 1.2314130 0.6911442 1.1263794 1.1896789 0.9243193 0.9624425 1.2793811 1.0758462 1.3057117 1.2136556 1.4699452 0.0000000 1.4632945 1.3200213 1.3122996 1.3122996 1.3948050 1.4872864 1.5500063 1.5213460 1.4770048 2.0372555 1.3359882 1.8219268 1.3129267 1.7642693 1.7143023 1.4162502 1.4401786 1.9395888 1.5700023 2.2759701 2.2645274 3.5813019 2.0553846 2.9853668 2.5661909 1.3967970 2.4051757 2.2409096 2.1878947 2.2673323 2.4286960 
Emue_Em0005g1209a.t1                                               1.4075924 1.1843083 0.7609434 0.7432199 0.5137928 1.5327179 0.6353308 1.0722539 1.0486399 1.0022125 0.9971488 1.0633584 1.1921848 0.6959292 1.2390914 1.1897432 1.1185800 1.1185800 1.2198878 1.2083854 1.0912495 1.0026133 1.2026371 1.1461431 1.0193771 0.9959968 0.6641449 0.7827462 0.6896536 0.6823669 1.4632945 0.0000000 0.9147489 0.9390806 0.9390806 1.0646625 0.9128245 0.9354488 0.9272609 1.2834344 1.7763940 1.1656649 1.7987805 1.3063512 1.4340152 1.4556910 0.8472586 1.7087930 1.6399526 1.8673176 1.6034509 3.0376423 3.5074066 3.3141999 2.8643084 2.6969502 0.9349416 2.2092295 1.8185602 2.0422324 2.3006191 2.4646319 
Mlei_ML4127.g3.i1                                                  1.2656101 1.1646948 0.9211798 0.9194332 1.1955888 2.5810468 1.0695136 1.3064017 1.3292789 1.2661368 1.2530156 1.2495708 1.3224031 0.8735600 1.3841594 1.3309191 1.3351343 1.3351343 1.2698033 1.2704795 1.2432088 1.2516513 1.4953496 1.2307680 1.0902066 0.7378659 0.8370611 1.1494169 0.8490644 1.0240744 1.3200213 0.9147489 0.0000000 0.0512155 0.0512155 0.2191369 0.4152017 0.4599717 0.4622217 0.5633829 2.7645463 1.5147090 2.4928161 1.7128643 1.2987480 1.8317377 0.6446363 1.9562005 2.6076084 2.6799010 2.6682652 3.1832991 4.8700910 3.1226842 3.8220913 3.2608303 0.8895465 2.9635606 1.3943374 2.3899687 2.2809102 2.4844928 
Bolinf_Binf_sb1240749                                              1.2030154 1.1103865 0.8955793 0.9013829 1.1955888 2.5806192 1.0629094 1.2715925 1.2977348 1.1802306 1.1615646 1.2569293 1.3178681 0.8735600 1.3367727 1.2818030 1.2903979 1.2903979 1.2273412 1.2280529 1.2362030 1.2067594 1.4359905 1.2573023 1.1255874 0.7513204 0.8201485 1.1334144 0.8369093 0.9812240 1.3122996 0.9390806 0.0512155 0.0000000 0.0000010 0.2097230 0.4132426 0.4644668 0.4599393 0.4928783 2.5934139 1.4160593 2.4304001 1.6786529 1.2216613 1.7958812 0.6618933 1.9699709 2.5288228 2.6543469 2.6752592 3.2021610 4.6245478 2.9868978 3.7974036 3.0627624 0.8895465 2.9543780 1.3773041 2.4144475 2.3028787 2.4992883 
Mertsp_Mesp_sb582497                                               1.2030154 1.1103865 0.8955793 0.9013829 1.1955888 2.5806192 1.0629094 1.2715925 1.2977348 1.1802306 1.1615646 1.2569293 1.3178681 0.8735600 1.3367727 1.2818030 1.2903979 1.2903979 1.2273412 1.2280529 1.2362030 1.2067594 1.4359905 1.2573023 1.1255874 0.7513204 0.8201485 1.1334144 0.8369093 0.9812240 1.3122996 0.9390806 0.0512155 0.0000010 0.0000000 0.2097230 0.4132426 0.4644668 0.4599393 0.4928783 2.5934139 1.4160593 2.4304001 1.6786529 1.2216613 1.7958812 0.6618933 1.9699709 2.5288228 2.6543469 2.6752592 3.2021610 4.6245478 2.9868978 3.7974036 3.0627624 0.8895465 2.9543780 1.3773041 2.4144475 2.3028787 2.4992883 
Beraby_Baby_sb323066                                               1.4654358 1.2063715 0.9317052 1.0393152 1.2987885 2.4528301 1.2462927 1.3260077 1.4067365 1.3061347 1.2611433 1.4609080 1.3669409 0.8609059 1.3607544 1.3697543 1.2963910 1.2963910 1.3097557 1.3070383 1.4237101 1.3891842 1.5456225 1.3889016 1.2533842 0.8619062 0.8857414 1.1386347 1.0643118 1.1592464 1.3948050 1.0646625 0.2191369 0.2097230 0.2097230 0.0000000 0.4803086 0.4893822 0.4913158 0.6154925 2.8703779 1.4579626 2.3210058 1.6707762 1.5202935 1.6698140 0.9252979 1.8378614 2.5358180 2.8314562 2.6293626 3.0313179 4.5777760 3.2548747 4.5696213 3.2770642 0.9748371 3.2229887 1.2578873 2.7759129 2.6900854 2.8071780 
Vmul_Simscaffold660_01                                             1.4014939 1.1509505 1.0202167 1.0210990 1.1592791 2.0522445 1.0206285 1.1566619 1.2047896 1.2267179 1.2090664 1.3792582 1.2041221 0.7635121 1.3926318 1.4530249 1.4535077 1.4535077 1.3902851 1.4153307 1.2351415 1.2601916 1.5197024 1.2973903 1.1903241 0.9585740 0.8369412 1.1060507 0.9427328 1.0926665 1.4872864 0.9128245 0.4152017 0.4132426 0.4132426 0.4803086 0.0000000 0.0585641 0.0509743 0.7554505 2.2079915 1.3426360 1.8790506 1.8546313 1.4232335 1.3991441 0.8600419 1.6409905 2.2083654 2.2058037 2.2533544 2.7401193 4.2404196 2.6670243 2.7981256 2.2392492 0.9862768 2.3978424 0.8724328 2.2499949 1.9617227 2.5780371 
Coeast_Cast_sb784234                                               1.4040355 1.1844698 0.9999615 1.0314791 1.1520097 1.9978329 1.0438214 1.1551852 1.2052991 1.3247616 1.3168383 1.4078533 1.2357475 0.7927398 1.4816859 1.4845655 1.4864137 1.4864137 1.4406897 1.3964514 1.2395148 1.3169776 1.6562554 1.2968685 1.1847449 0.9511117 0.9026140 0.9937023 0.9163625 1.0805282 1.5500063 0.9354488 0.4599717 0.4644668 0.4644668 0.4893822 0.0585641 0.0000000 0.0068676 0.7252864 2.2736958 1.3661512 1.9751552 1.6999604 1.4202161 1.3363842 0.8639975 1.6429072 2.1369964 2.1790286 2.1530426 2.8177856 4.4180302 2.7693948 3.0513182 2.3737270 0.9437654 2.3333648 0.9769478 2.2318191 1.9407981 2.5415691 
Coemet_Cmet_scaffold22264_01                                       1.3886526 1.1750404 1.0036674 1.0221026 1.1520097 1.9798486 1.0438214 1.1421940 1.1919971 1.3104486 1.3026301 1.3973903 1.2258590 0.7927398 1.4704267 1.4733539 1.4749358 1.4749358 1.4295594 1.3855438 1.2395148 1.3066575 1.6442911 1.2920626 1.1800700 0.9432898 0.8890995 0.9972293 0.9196275 1.0715552 1.5213460 0.9272609 0.4622217 0.4599393 0.4599393 0.4913158 0.0509743 0.0068676 0.0000000 0.7158625 2.2600527 1.3534348 1.9630289 1.6847708 1.4097358 1.3363842 0.8557670 1.6187159 2.1233941 2.1683891 2.1530426 2.8009242 4.3898322 2.7509260 3.0315062 2.3573935 0.9437654 2.2987283 0.9769478 2.2318191 1.9407981 2.5415691 
Horcal_Hcv1.av93.c4.g367.i1                                        1.6247046 1.3465215 1.0866699 1.2666167 1.1822635 2.7331229 1.1913495 1.6415738 1.6811768 1.5720514 1.5203553 1.8690937 1.6611927 0.9428406 1.8426011 1.7066267 1.7782620 1.7782620 1.6922921 1.7237069 1.5308796 1.6376791 1.8773405 1.5482477 1.3908020 1.2679407 1.0447154 1.3588973 1.0723377 1.2100915 1.4770048 1.2834344 0.5633829 0.4928783 0.4928783 0.6154925 0.7554505 0.7252864 0.7158625 0.0000000 2.3090409 1.3705852 2.1470553 1.6148204 1.7048397 1.8946145 0.7802947 2.0879383 2.6656928 2.7856484 2.6970758 2.8496719 4.2485727 3.0777996 4.1868840 3.3338093 1.0518458 2.9438596 1.4111006 3.3132735 3.1408085 2.9136923 
Acaspe_EP00035_Acanthoeca_spectabilis_P007859                      1.9570669 1.8033375 1.4993468 1.4796600 0.8397273 2.0344856 1.1215956 1.8049372 1.8049592 1.6016548 1.6154762 2.0061301 1.7282965 0.8759052 1.8758843 1.7289065 1.6040595 1.6040595 1.6278259 1.6171528 1.3633674 1.4738532 1.6347726 1.8393911 1.8571406 1.8422735 1.7178407 1.8946191 1.9062504 1.7705740 2.0372555 1.7763940 2.7645463 2.5934139 2.5934139 2.8703779 2.2079915 2.2736958 2.2600527 2.3090409 0.0000000 0.7846255 0.6344213 1.1156076 2.2934125 2.0199279 1.9879495 2.1210780 2.3473884 2.2200409 2.2752556 2.2896014 2.2271688 2.2154938 2.6137927 2.3904968 1.5155278 2.3322161 2.6967404 2.1364052 2.0040879 2.5631011 
Stedip_EP00041_Stephanoeca_diplocostata_P008842                    1.4689627 1.2356750 1.0554963 0.9628461 0.8606910 1.5889020 1.0309868 1.3193497 1.3193497 1.3549107 1.3361743 1.1709544 1.3661435 0.7989625 1.1517697 1.1145075 0.9913257 0.9913257 1.0789465 1.0768684 1.1976217 1.4892505 1.5874446 1.1456133 1.0930621 1.2681986 1.2508012 1.3026587 1.1257098 1.4010650 1.3359882 1.1656649 1.5147090 1.4160593 1.4160593 1.4579626 1.3426360 1.3661512 1.3534348 1.3705852 0.7846255 0.0000000 0.8819675 0.9418847 1.1581322 1.4315039 1.4403341 1.4849038 1.7183397 1.5918895 1.7677811 1.9131407 2.4743803 1.7989720 2.2993146 2.0381512 1.0703278 1.9789728 1.7000627 1.6211496 1.7309107 1.7558023 
Helnan_EP00037_Helgoeca_nana_P001274                               1.9006303 1.9644140 1.5667693 1.4932105 0.9138614 2.1883401 1.2639440 1.7164564 1.6924889 1.7945488 1.7499062 1.9952262 1.8693274 0.8779453 1.9036050 1.6781154 1.5999527 1.5999527 1.5643884 1.5980144 1.5165645 1.6034291 1.7584528 1.9349557 1.9034193 1.9786550 1.5037188 1.9267966 1.8462941 1.6907225 1.8219268 1.7987805 2.4928161 2.4304001 2.4304001 2.3210058 1.8790506 1.9751552 1.9630289 2.1470553 0.6344213 0.8819675 0.0000000 0.8669564 2.4424986 2.1267425 1.6432122 2.1060446 2.3272890 1.9613548 2.4986813 1.8702695 2.5652179 2.0026021 2.7631883 2.0452073 1.4362282 2.1323253 2.3529365 1.8868906 2.2233097 2.6113662 
Diagra_EP00040_Diaphanoeca_grandis_P010700                         1.4079467 1.4008140 1.3808611 1.2314017 1.0710992 1.1772341 1.2815214 1.4563689 1.4563689 1.7092305 1.6602490 1.7369901 1.8875313 0.7687296 1.2692989 1.2466522 1.1019123 1.1019123 1.1845464 1.1845464 1.4155755 1.3800901 1.6833602 1.6779406 1.7142528 1.8054159 1.5389199 1.6642619 1.6977206 1.4422293 1.3129267 1.3063512 1.7128643 1.6786529 1.6786529 1.6707762 1.8546313 1.6999604 1.6847708 1.6148204 1.1156076 0.9418847 0.8669564 0.0000000 1.7675445 1.3813756 1.5639952 1.3675464 1.8706790 1.5914472 1.4624999 1.7919992 2.0831643 1.7056500 2.0160334 1.4100063 1.7146433 1.3142116 1.7572082 2.0366512 2.1063763 2.2451039 
Scil_scict002179.1                                                 1.2910354 1.1607011 0.9961121 0.9495246 0.8684004 2.2477538 0.9733529 1.3644736 1.3749353 1.3651956 1.3159107 1.3030094 1.5373422 0.6941955 1.5889970 1.3827820 1.5208752 1.5208752 1.4850201 1.4788417 1.5522026 1.2447305 1.3723940 1.4629013 1.3517791 1.1963783 1.0626311 1.3606754 1.0643299 1.2950596 1.7642693 1.4340152 1.2987480 1.2216613 1.2216613 1.5202935 1.4232335 1.4202161 1.4097358 1.7048397 2.2934125 1.1581322 2.4424986 1.7675445 0.0000000 1.8408084 1.5840248 2.3874151 2.1019759 2.2007481 2.1025997 3.0127118 3.1568765 2.8842819 3.4131082 2.9161001 1.5414857 2.5940943 2.9150286 1.9688007 1.9792753 2.4155204 
Acagra_model.g13660.t1                                             1.8430492 1.1241399 0.9297510 0.8189493 0.5196072 0.7397714 0.7557855 1.5566544 1.5603749 1.5189806 1.5232991 1.3513787 1.5711223 0.6381718 1.6341810 1.6290101 1.6316130 1.6316130 1.5460830 1.5769743 1.1568986 1.1971124 1.3370237 1.6400658 1.4963126 1.2516535 1.1894433 1.1717565 1.3707648 1.3766616 1.7143023 1.4556910 1.8317377 1.7958812 1.7958812 1.6698140 1.3991441 1.3363842 1.3363842 1.8946145 2.0199279 1.4315039 2.1267425 1.3813756 1.8408084 0.0000000 1.3616286 1.4151810 1.3293696 1.3755932 1.1051734 3.2855421 4.0917207 3.8158261 3.2647172 3.0095375 1.5519854 2.2917482 1.5127935 2.6117436 2.9943351 3.0441738 
Eupdun_Edun_sb10658481                                             1.6145232 1.1513840 1.0277790 0.9802021 1.1134633 1.7635270 1.0698044 1.1659807 1.1431162 1.1150716 1.0799964 1.1143699 1.1658940 0.9889823 1.2603894 1.1112264 1.1241513 1.1241513 1.0577172 1.0564420 1.1813477 1.1313318 1.4170008 1.2779160 1.1753476 1.0962706 0.9433180 1.2225594 1.0687820 1.0488435 1.4162502 0.8472586 0.6446363 0.6618933 0.6618933 0.9252979 0.8600419 0.8639975 0.8557670 0.7802947 1.9879495 1.4403341 1.6432122 1.5639952 1.5840248 1.3616286 0.0000000 1.2571852 1.6183968 1.8283897 1.8811572 2.6670372 4.4487261 2.8188337 3.4210158 3.0029166 0.8143100 2.0641228 1.1302940 1.8917833 2.2872332 2.1947282 
Sanmal_Sma_013143-T1                                               2.4366762 1.6485560 1.0303308 1.4060235 0.6927678 1.5477002 0.8581633 1.5193254 1.4926578 1.5089072 1.4686666 1.5981469 1.1665865 0.6919035 1.8730513 1.5560968 1.6149911 1.6149911 1.6156903 1.5918972 0.7842578 1.3903011 1.5139406 0.7219759 0.6541147 1.7417410 1.2730990 1.6387976 1.7299048 1.7727252 1.4401786 1.7087930 1.9562005 1.9699709 1.9699709 1.8378614 1.6409905 1.6429072 1.6187159 2.0879383 2.1210780 1.4849038 2.1060446 1.3675464 2.3874151 1.4151810 1.2571852 0.0000000 1.5959397 1.4817266 1.9264510 3.2234864 4.0259504 3.6448288 3.7986612 3.6233631 1.5576735 2.8108257 1.5788829 2.4953686 2.1324128 2.4929892 
Gasp_gasp1.m3.4781.m1                                              2.4255872 1.6331223 1.0351942 1.1765369 0.7806216 1.3687044 0.6992741 1.1818558 1.1606757 0.9941004 1.0097896 1.3545387 1.3805507 0.5729384 2.0537551 1.6856464 1.7495149 1.7495149 1.7506599 1.7683764 0.9932857 1.3803662 1.4554445 1.4485065 1.4682787 1.7255195 1.3260135 1.9978094 1.9053437 1.5933904 1.9395888 1.6399526 2.6076084 2.5288228 2.5288228 2.5358180 2.2083654 2.1369964 2.1233941 2.6656928 2.3473884 1.7183397 2.3272890 1.8706790 2.1019759 1.3293696 1.6183968 1.5959397 0.0000000 0.7019527 1.7200269 3.7116961 3.8612957 3.6454736 3.7306796 3.6219055 1.3504128 2.2490533 2.0432727 2.4952583 2.5025292 2.8048100 
Gfas_gfas1.m1.17514.m1                                             2.7768252 2.1063285 1.0380474 1.2626329 0.6278755 1.5656438 0.6583985 0.8779613 0.8768200 1.0133236 1.0133957 1.6435029 1.4472900 0.5068358 1.8573058 1.5220694 1.7712973 1.7712973 1.7014819 1.7041824 0.9793778 1.3584063 1.5090127 1.3301570 1.3182136 1.8645973 1.3479202 1.7613216 1.9015966 1.6126150 1.5700023 1.8673176 2.6799010 2.6543469 2.6543469 2.8314562 2.2058037 2.1790286 2.1683891 2.7856484 2.2200409 1.5918895 1.9613548 1.5914472 2.2007481 1.3755932 1.8283897 1.4817266 0.7019527 0.0000000 2.0073092 3.3178905 3.2061060 3.4359665 3.2618651 3.6205100 1.3985091 2.2618453 2.4794171 2.4246811 2.7029662 2.8713266 
Bralan_BLAG09000903_1                                              2.0025724 1.5636589 1.2219915 0.7979324 0.6156997 1.1438481 0.8297939 1.8876850 1.8691051 1.6596312 1.6490391 1.8634798 1.9919782 0.7039921 2.2659803 1.9588262 1.9258862 1.9258862 2.0202081 2.0062470 1.4979826 1.6193398 1.7620198 1.9488650 1.9497166 1.7043811 1.4373313 1.6680744 1.9582315 1.7423002 2.2759701 1.6034509 2.6682652 2.6752592 2.6752592 2.6293626 2.2533544 2.1530426 2.1530426 2.6970758 2.2752556 1.7677811 2.4986813 1.4624999 2.1025997 1.1051734 1.8811572 1.9264510 1.7200269 2.0073092 0.0000000 3.1409500 3.8498324 3.6010388 4.1216823 4.0917507 1.8454930 2.4692876 2.0068540 3.0783980 3.0054572 3.1287153 
Mbre_EDQ91364                                                      2.8941732 2.9386562 2.2763318 2.6239226 1.9606918 3.4982576 1.7337876 2.8430100 2.8699713 2.8335545 2.9122330 2.8169348 3.1566179 1.9001934 3.0860950 2.8017184 2.8065872 2.8065872 2.8638244 2.8668781 2.3638752 2.2467669 1.9607597 3.4191148 3.0928971 2.7612032 2.3300107 3.0535535 2.8419356 2.1408527 2.2645274 3.0376423 3.1832991 3.2021610 3.2021610 3.0313179 2.7401193 2.8177856 2.8009242 2.8496719 2.2896014 1.9131407 1.8702695 1.7919992 3.0127118 3.2855421 2.6670372 3.2234864 3.7116961 3.3178905 3.1409500 0.0000000 1.3454898 1.3756624 2.5280977 2.4337283 2.2701587 2.0330369 2.7035533 2.2753605 3.0387180 2.2277343 
Choper_EP00045_Choanoeca_perplexa_P003733                          3.3844994 3.3779261 3.5825156 3.0989823 2.1871901 3.6641852 2.5066120 4.1412788 4.1412788 4.1022832 4.2069156 3.6888686 3.7038524 2.6340547 3.7431373 3.2017365 3.6337744 3.6337744 3.6519039 3.6496193 2.6808810 2.8158097 2.7964402 3.9178367 3.8307277 3.3658191 2.6079058 2.9420866 3.7492766 3.1585859 3.5813019 3.5074066 4.8700910 4.6245478 4.6245478 4.5777760 4.2404196 4.4180302 4.3898322 4.2485727 2.2271688 2.4743803 2.5652179 2.0831643 3.1568765 4.0917207 4.4487261 4.0259504 3.8612957 3.2061060 3.8498324 1.3454898 0.0000000 0.5540720 3.0542603 2.4143970 3.3314778 2.2671047 5.2448899 2.7753680 3.9905363 3.0495280 
Chofle_EP00730_Choanoeca_flexa_P019416                             2.9429542 2.9540360 2.7586277 2.9639895 2.3914091 3.5642451 2.5202012 3.9057447 3.7822959 3.7996900 3.8611854 3.3120759 3.1092757 1.7971347 3.0471701 2.9241606 2.9547215 2.9547215 2.9752939 2.9698332 2.1619889 2.9163507 2.8030891 3.2899061 3.1194829 3.5339888 2.5517483 3.0908939 3.2626283 2.7753530 2.0553846 3.3141999 3.1226842 2.9868978 2.9868978 3.2548747 2.6670243 2.7693948 2.7509260 3.0777996 2.2154938 1.7989720 2.0026021 1.7056500 2.8842819 3.8158261 2.8188337 3.6448288 3.6454736 3.4359665 3.6010388 1.3756624 0.5540720 0.0000000 3.1179611 2.2338073 2.5460240 1.9559767 3.7226389 3.2447202 3.6527444 3.2504485 
Sros_EGD83186                                                      3.6023270 3.6706833 2.8600037 3.2076018 1.6935919 3.4042062 1.8903558 3.4675539 3.4956718 3.7821657 3.8611883 3.3204229 3.6890536 1.8922152 3.3296409 3.0791149 3.1891184 3.1891184 3.1823963 3.3012953 2.3183795 2.9372990 2.8340133 3.8980592 3.8084930 3.4471085 3.0088099 3.0650982 3.2513255 3.1150396 2.9853668 2.8643084 3.8220913 3.7974036 3.7974036 4.5696213 2.7981256 3.0513182 3.0315062 4.1868840 2.6137927 2.2993146 2.7631883 2.0160334 3.4131082 3.2647172 3.4210158 3.7986612 3.7306796 3.2618651 4.1216823 2.5280977 3.0542603 3.1179611 0.0000000 1.0644689 2.6153400 2.5640801 4.6182787 3.0699583 3.2682312 3.7751841 
Microa_EP00043_Microstomoeca_roanoka_P011030                       2.4640565 2.7623098 2.6496574 2.8088142 2.2462849 3.5852942 1.9254053 3.3846268 3.4144014 3.4435998 3.5613135 3.5848363 3.9023877 1.9496728 2.5823356 2.5607679 2.4909973 2.4909973 2.4652731 2.5837791 2.3476355 2.4465783 2.6790261 3.9148878 3.7035919 3.3351385 3.2208793 3.0970215 3.0789276 2.9439372 2.5661909 2.6969502 3.2608303 3.0627624 3.0627624 3.2770642 2.2392492 2.3737270 2.3573935 3.3338093 2.3904968 2.0381512 2.0452073 1.4100063 2.9161001 3.0095375 3.0029166 3.6233631 3.6219055 3.6205100 4.0917507 2.4337283 2.4143970 2.2338073 1.0644689 0.0000000 2.4160323 2.2803683 3.9327025 2.7520176 3.6794899 3.7804220 
Pbac_sb2644525                                                     1.6064384 1.5100565 1.2479433 1.4054816 1.3312868 1.5932761 1.2000118 1.0017640 1.0017640 1.1205927 1.0928655 1.1030827 1.2973556 1.0229764 1.1553367 1.0883143 1.0357394 1.0357394 1.0730515 1.0793093 1.1313873 1.0840666 1.0944647 1.3150456 1.3599386 1.0811009 0.9734351 1.4677956 1.2018595 1.5287015 1.3967970 0.9349416 0.8895465 0.8895465 0.8895465 0.9748371 0.9862768 0.9437654 0.9437654 1.0518458 1.5155278 1.0703278 1.4362282 1.7146433 1.5414857 1.5519854 0.8143100 1.5576735 1.3504128 1.3985091 1.8454930 2.2701587 3.3314778 2.5460240 2.6153400 2.4160323 0.0000000 1.9904752 1.3279596 1.6218385 1.4734453 1.8487383 
Salurc_EP00051_Salpingoeca_urceolata_P009671                       2.5688918 2.5549319 1.8317954 2.3219060 1.2866270 2.0744096 1.7642291 2.5960472 2.6327569 2.5467577 2.5039877 2.3954113 2.7449882 0.9663813 2.1076748 1.8906713 2.0122566 2.0122566 1.8687903 1.8757980 1.9676163 2.1294198 2.1033873 2.3236886 2.5892290 2.2659817 2.2329763 2.5687866 2.6831124 2.2783733 2.4051757 2.2092295 2.9635606 2.9543780 2.9543780 3.2229887 2.3978424 2.3333648 2.2987283 2.9438596 2.3322161 1.9789728 2.1323253 1.3142116 2.5940943 2.2917482 2.0641228 2.8108257 2.2490533 2.2618453 2.4692876 2.0330369 2.2671047 1.9559767 2.5640801 2.2803683 1.9904752 0.0000000 3.3321931 2.4740024 3.0448809 2.7998155 
