72
Hsap_ENST00000219406                              0.0000000 1.7884064 1.6556897 1.8019584 1.6515069 1.7735821 1.7348886 1.7067404 1.7563699 1.7594991 1.8329575 1.7242084 1.6465850 1.6728948 1.6687246 1.7851268 1.7758846 1.8283846 1.8019455 1.7411326 1.5099642 1.8818457 1.9060830 1.7122410 2.0265445 1.8696098 1.7974228 1.9809528 2.0573575 1.9760595 2.2344291 2.2606444 2.2207767 2.1928631 2.1462977 2.0327497 1.8957240 1.7890934 1.9653223 2.1748841 2.0304116 2.2794448 2.0521357 2.0395594 1.9877297 2.0780428 1.7852062 1.9651568 1.7050967 2.0214338 2.0037084 1.9869756 2.1557473 2.4015391 2.2688970 1.7725989 2.5763901 2.2921403 2.3170089 2.3990477 2.3586933 2.3547682 2.3814913 2.3730320 2.8167748 2.8129751 2.3301019 2.1974589 2.2181013 2.4813081 2.2903086 3.0435523 
Bralan_BLAG09000314_1                             1.7884064 0.0000000 0.6802109 0.7752720 0.8187328 0.7163683 0.8944068 0.8815055 0.9867621 0.9847803 0.9655673 0.9448700 0.8831078 0.8974643 0.8866854 1.0152460 1.0426552 1.0201465 1.1020710 1.0040548 0.9990711 1.0012087 1.0421505 0.8690992 1.0245037 0.9589001 1.1199444 1.2323604 1.2656068 1.1997173 1.4864019 1.5004206 1.5543439 1.4789370 1.4309221 1.3953510 1.5000366 1.1550079 1.2785131 1.4096225 1.4116417 1.5650048 1.4529107 1.1626482 1.4181405 1.5599715 1.2155582 1.4523494 1.2780103 1.3960485 1.2756470 1.4448223 1.5270003 1.6556469 1.7047671 1.6069517 1.5266412 1.3847353 1.4064354 1.4607058 1.4487254 1.4342488 1.4444962 1.4617468 1.9724478 2.0054241 1.7210970 1.5805167 1.5880542 1.7207882 1.8009753 2.3513003 
Skow_XM_002731602.2                               1.6556897 0.6802109 0.0000000 0.8185912 0.7643959 0.7759142 0.8839674 0.9079658 0.9233789 0.9381582 0.9970191 0.8877576 0.8719172 0.8865377 0.8904034 0.8886649 0.9418659 0.9097183 0.9936619 0.9395044 0.8808172 0.9053653 0.9370757 0.7990871 0.8293459 0.8902204 0.9892252 1.2678341 1.3297308 1.1320956 1.5030432 1.4111328 1.5191371 1.3649418 1.3994960 1.3170237 1.3839620 1.0993045 1.1781667 1.2604414 1.1927381 1.4632521 1.4992471 1.0822448 1.2182162 1.3018014 1.2065538 1.3637195 1.1869855 1.2937521 1.1881522 1.4229727 1.5158452 1.5358699 1.6787782 1.3926457 1.5134557 1.4956771 1.5491810 1.5853331 1.5666979 1.5314939 1.5699666 1.5486919 1.8493281 1.8926466 1.5655973 1.4520834 1.4695716 1.7020742 1.5851903 2.0506256 
Ctel_gnl_WGS_AMQN_CAPTEDRAFT_mRNA156715           1.8019584 0.7752720 0.8185912 0.0000000 0.7252093 0.6879971 0.8601130 0.9182513 0.9421354 0.9330401 0.9483982 0.8717680 0.8939031 0.8756836 0.8699418 1.1166023 1.0577134 1.0207212 1.0228027 1.0148982 1.0711244 1.0167527 0.9850973 0.9526885 1.1515798 0.9470843 1.1044864 1.4254136 1.3605155 1.2076812 1.4199009 1.4791963 1.8010564 1.5529271 1.5512073 1.4200112 1.6337122 1.0724705 1.3376149 1.3473989 1.3697133 1.6200652 1.4766913 1.2770657 1.3427470 1.4075357 1.3053758 1.5842466 1.5152568 1.3372702 1.3038549 1.3753695 1.5551024 1.5829398 1.6501507 1.6222257 1.5488464 1.4440905 1.4778066 1.4892858 1.4842033 1.4448060 1.4639053 1.4894438 2.0517830 2.0819278 1.6236978 1.5209727 1.4567568 1.8057289 1.7884421 2.4478728 
Cgig_XM_011447406.3                               1.6515069 0.8187328 0.7643959 0.7252093 0.0000000 0.6239518 0.7985269 0.8396017 0.7891181 0.7951380 0.7995283 0.7209884 0.7610269 0.7768943 0.8042756 0.9596050 0.9328887 0.8852871 0.8824351 0.9225730 0.8599990 0.8410145 0.9818967 0.9421353 1.0017082 0.9236067 0.9590580 1.1544377 1.2140949 1.2101972 1.2620744 1.2844765 1.6647980 1.4874347 1.4441704 1.2048548 1.4753741 1.0179874 1.1966096 1.1338702 1.2223095 1.3857459 1.3548441 1.0666619 1.2153080 1.3000487 1.0917076 1.2167000 1.1204294 1.1153143 1.0694442 1.3150716 1.3427115 1.4615637 1.6036603 1.4595954 1.3250700 1.3260827 1.3498392 1.4095918 1.4072002 1.3450371 1.3773398 1.3963155 1.9161348 1.8648243 1.3626826 1.2956046 1.3345763 1.7069949 1.7228155 2.0749712 
Acagra_model.g2809.t1                             1.7735821 0.7163683 0.7759142 0.6879971 0.6239518 0.0000000 0.8270065 0.7881070 0.7654589 0.7671575 0.8425899 0.7937868 0.8161328 0.8542603 0.8799720 1.0121088 0.8889416 0.8469282 0.9271461 0.8909743 0.9095854 0.8912623 0.9382568 0.7786916 1.1198647 1.0060260 1.1078260 1.2713528 1.2819555 1.1405694 1.5458094 1.2999373 1.5896909 1.4610255 1.3141657 1.3257836 1.4171575 1.0446339 1.2064807 1.2468286 1.1965808 1.2907612 1.5438671 1.1343024 1.3637931 1.4460133 1.2707788 1.4701345 1.2630709 1.3073017 1.2923961 1.3203083 1.4480483 1.5098735 1.6045788 1.4085097 1.4494056 1.3418878 1.3646916 1.4503476 1.4644764 1.4174121 1.4304642 1.4094312 1.8779529 1.9167174 1.5379477 1.4223132 1.4816411 1.7972512 1.6576479 2.2562833 
Exapal_XM_021044875.2                             1.7348886 0.8944068 0.8839674 0.8601130 0.7985269 0.8270065 0.0000000 0.3019001 0.6048038 0.5980427 0.6115766 0.4847055 0.5445863 0.5456108 0.5182398 0.7425112 0.7375421 0.7472989 0.7096680 0.7132626 0.7669664 0.7959822 0.8260637 1.0542017 1.0622115 1.0304476 1.0843024 1.2129491 1.2017502 1.0468553 1.2605738 1.2272658 1.6450802 1.4125683 1.4300908 1.4069678 1.4164743 1.0234279 1.2170021 1.3724160 1.1202713 1.3920877 1.5266324 1.1408459 1.3266576 1.3544211 1.1570125 1.2431133 1.1431964 1.2234783 1.1383210 1.3022647 1.4202164 1.5020429 1.5310683 1.3523010 1.5252218 1.4885660 1.5018082 1.5320837 1.5103843 1.4924935 1.4882393 1.4743293 1.9209395 1.9677019 1.5774861 1.4933772 1.5703129 1.7667199 1.7600321 2.0069392 
Nvec_v1g118540                                    1.7067404 0.8815055 0.9079658 0.9182513 0.8396017 0.7881070 0.3019001 0.0000000 0.5616987 0.5568629 0.5247620 0.5174250 0.4919704 0.5604456 0.5621999 0.7335714 0.7714293 0.8014185 0.7277250 0.7201839 0.7458947 0.7853270 0.7665908 1.0612001 1.0765864 1.0566985 1.0412552 1.1454936 1.1082941 1.0305950 1.3012262 1.2765419 1.5129127 1.4512598 1.4611968 1.3907648 1.3723323 1.0487494 1.1958360 1.3820221 1.1023075 1.3971839 1.5524724 1.1104556 1.3286336 1.3594321 1.1162112 1.2628127 1.1665977 1.2502014 1.1749273 1.2358747 1.3716704 1.4526616 1.5707381 1.3874315 1.6118360 1.5022576 1.5097454 1.5162211 1.5107400 1.5034037 1.5051638 1.4383275 1.9619101 2.0802118 1.6728034 1.5009623 1.5387684 1.7980708 1.7701764 2.0775695 
Adig_XM_015895329.1                               1.7563699 0.9867621 0.9233789 0.9421354 0.7891181 0.7654589 0.6048038 0.5616987 0.0000000 0.0086370 0.2220540 0.2961859 0.3028040 0.3550783 0.3630698 0.9064248 0.9289369 0.8793581 0.8171214 0.8367377 0.8051452 0.8058945 0.8654943 0.9687130 1.0620447 1.0216384 1.1445417 1.0944862 1.1529035 1.0338366 1.3908995 1.2215227 1.5968263 1.3844666 1.3427623 1.3637803 1.4701261 1.0626532 1.3082045 1.3654132 1.2517787 1.5132195 1.4438746 1.3192608 1.2898695 1.3709969 1.2940203 1.2998939 1.1804082 1.2917913 1.2107057 1.3381940 1.4232661 1.5302329 1.6792452 1.3481777 1.5014009 1.4774000 1.4526688 1.5165137 1.5257371 1.5052054 1.4815692 1.4392558 2.0447597 1.9731885 1.6880725 1.5591678 1.5741170 1.9302301 1.7497518 2.2077681 
Amil_Amillepora14298-RA                           1.7594991 0.9847803 0.9381582 0.9330401 0.7951380 0.7671575 0.5980427 0.5568629 0.0086370 0.0000000 0.2221978 0.2924824 0.2989627 0.3553617 0.3590530 0.9015766 0.9222772 0.8728882 0.8084513 0.8329378 0.8053399 0.8188055 0.8741540 0.9713832 1.0691147 1.0224229 1.1339502 1.0773442 1.1394677 1.0302360 1.3807075 1.2184833 1.5994347 1.3955150 1.3497073 1.3643257 1.4711427 1.0555391 1.2972555 1.3581956 1.2533597 1.5064995 1.4361466 1.3247792 1.2901874 1.3635303 1.2863126 1.3165258 1.1924620 1.2950581 1.2180688 1.3276997 1.4325249 1.5398113 1.6762481 1.3448606 1.5137458 1.4802956 1.4553549 1.5173314 1.5273714 1.5096982 1.4857788 1.4406074 2.0421552 1.9664172 1.6855304 1.5536233 1.5682503 1.9249589 1.7512541 2.1997043 
Gfas_gfas1.m1.15972.m1                            1.8329575 0.9655673 0.9970191 0.9483982 0.7995283 0.8425899 0.6115766 0.5247620 0.2220540 0.2221978 0.0000000 0.2645935 0.2587996 0.2801212 0.3021896 0.9210846 0.9087813 0.8736587 0.8640856 0.8385710 0.8102737 0.8420939 0.8596753 1.0917979 1.1757403 1.0114610 1.0938455 1.1080710 1.1668451 1.0145605 1.3460056 1.2861806 1.6452332 1.3805124 1.4148955 1.4039832 1.4778554 1.1585733 1.3109963 1.3870476 1.2748218 1.5554513 1.5541967 1.2882228 1.3445405 1.4169925 1.3143002 1.4376613 1.3208939 1.3283280 1.2527610 1.4013934 1.5260817 1.6953333 1.7611461 1.3888554 1.6096720 1.4638921 1.4549681 1.4689850 1.4831037 1.4450195 1.4384471 1.4325327 2.0346540 1.9932054 1.6959386 1.5579329 1.5838023 1.9626894 1.9019911 2.2966624 
Fspp_ffun1.m4.10202.m1                            1.7242084 0.9448700 0.8877576 0.8717680 0.7209884 0.7937868 0.4847055 0.5174250 0.2961859 0.2924824 0.2645935 0.0000000 0.1801188 0.2331717 0.2319395 0.8176320 0.8505386 0.8057943 0.7997561 0.7914743 0.7483493 0.8486955 0.8646932 1.0536010 1.0228298 1.1056896 1.0763450 1.1420784 1.1291811 0.9951370 1.2513370 1.2669268 1.5773823 1.5148275 1.4500344 1.3914689 1.4567348 1.0555150 1.2079981 1.3598626 1.2779260 1.5560927 1.5719643 1.2970886 1.2928055 1.3608928 1.2952769 1.3924248 1.3086874 1.3400104 1.2788142 1.3660196 1.5400532 1.6739666 1.7174910 1.3785832 1.5798980 1.4732292 1.4613794 1.5247037 1.5230372 1.4660251 1.4717867 1.4778070 1.8961319 1.9489129 1.5469273 1.4592746 1.5046364 1.8410156 1.8897378 2.1763373 
Gasp_gasp1.m3.4440.m1                             1.6465850 0.8831078 0.8719172 0.8939031 0.7610269 0.8161328 0.5445863 0.4919704 0.3028040 0.2989627 0.2587996 0.1801188 0.0000000 0.2452941 0.2332606 0.8293187 0.8907625 0.8861416 0.8808554 0.8365380 0.7297538 0.7934701 0.8336990 1.0542370 0.9626027 1.0329177 1.0616468 1.1134801 1.1400466 1.0201045 1.2848101 1.2736448 1.6255810 1.4162315 1.3878074 1.3582180 1.3826945 1.0595662 1.2377903 1.3660912 1.2518948 1.5939189 1.4874993 1.2483067 1.2886253 1.3229321 1.2716075 1.3870668 1.2740155 1.3370080 1.1917363 1.2949180 1.4775272 1.6041658 1.7805849 1.3080694 1.5233447 1.5161641 1.5141464 1.5337204 1.5306038 1.5160585 1.5108649 1.4688067 1.8966565 1.9939121 1.6371816 1.5444496 1.4921850 1.8361047 1.8511079 2.2557487 
Spis_XP_022799145_1                               1.6728948 0.8974643 0.8865377 0.8756836 0.7768943 0.8542603 0.5456108 0.5604456 0.3550783 0.3553617 0.2801212 0.2331717 0.2452941 0.0000000 0.0741622 0.7743270 0.8843873 0.8704418 0.8392961 0.7511819 0.7080984 0.8584044 0.9103700 1.0588936 1.0706982 1.0263446 1.0783192 1.1518743 1.1275123 0.9533430 1.3167186 1.2528963 1.6547418 1.3594543 1.4038672 1.3569065 1.4042147 1.0548224 1.2156374 1.2576427 1.2042746 1.5586722 1.4821621 1.2149102 1.3009480 1.3548563 1.2938143 1.3611183 1.2909623 1.3171287 1.2066448 1.2834255 1.4570280 1.5972380 1.6673869 1.3856754 1.6134013 1.4835948 1.4797808 1.5228183 1.5317994 1.4992385 1.4867650 1.4602177 1.9175570 1.8574514 1.5500360 1.4126124 1.4206483 1.8009402 1.7443589 2.1258505 
Pocdam_XM_027187672.1                             1.6687246 0.8866854 0.8904034 0.8699418 0.8042756 0.8799720 0.5182398 0.5621999 0.3630698 0.3590530 0.3021896 0.2319395 0.2332606 0.0741622 0.0000000 0.7965702 0.8697239 0.8620531 0.8802647 0.7580734 0.7017477 0.8404248 0.8765878 1.0653951 1.0672491 1.0115594 1.0374067 1.1074303 1.1003761 0.9341060 1.2558020 1.2473531 1.5747526 1.3170479 1.3201031 1.2897907 1.3952832 0.9751016 1.1196943 1.2204131 1.1585249 1.5091131 1.4503645 1.2242282 1.2456653 1.2861632 1.2567607 1.3354190 1.2662674 1.2732097 1.1461196 1.2545117 1.4830502 1.6187553 1.6812329 1.3314435 1.5270764 1.4356203 1.4326892 1.4815262 1.4922976 1.4540902 1.4472960 1.4275703 1.8630984 1.8379394 1.5318374 1.3781895 1.4392929 1.7762020 1.7042512 2.0613938 
Chem_TCONS_00050744                               1.7851268 1.0152460 0.8886649 1.1166023 0.9596050 1.0121088 0.7425112 0.7335714 0.9064248 0.9015766 0.9210846 0.8176320 0.8293187 0.7743270 0.7965702 0.0000000 0.6535970 0.6732993 0.7698172 0.7063908 0.8601884 0.9386676 0.9023018 1.1849716 1.2770940 1.2063195 1.1594162 1.1335126 1.1441386 1.1597321 1.3264037 1.2763220 1.5720124 1.4190132 1.3676243 1.3826916 1.4441959 1.0293618 1.1809925 1.2486804 1.2560484 1.4052724 1.6093716 1.1883881 1.4360333 1.4899704 1.3467768 1.3254922 1.2023740 1.3668874 1.2810701 1.4757822 1.5906271 1.7017618 1.6690669 1.3491942 1.3500883 1.4459130 1.4695353 1.5092223 1.5080064 1.4943759 1.5166890 1.4628130 2.0023206 1.8580896 1.5377016 1.4896952 1.4259007 1.8674649 1.7808515 2.2257479 
Nemnom_g14997.t1                                  1.7758846 1.0426552 0.9418659 1.0577134 0.9328887 0.8889416 0.7375421 0.7714293 0.9289369 0.9222772 0.9087813 0.8505386 0.8907625 0.8843873 0.8697239 0.6535970 0.0000000 0.1530814 0.5153611 0.7340931 0.8470945 0.9140739 1.0024113 1.1324581 1.2033464 1.1222049 1.1318673 1.2515900 1.2817096 1.2375745 1.3615140 1.3804380 1.6750957 1.4684325 1.4442889 1.5311855 1.5408436 1.1569203 1.3710494 1.4707318 1.2505096 1.6254911 1.8161848 1.2758153 1.2847966 1.3373976 1.2635057 1.3058013 1.1724140 1.3523287 1.2363121 1.3003811 1.5132445 1.5735660 1.6762449 1.4192862 1.6392357 1.5652449 1.6012250 1.5849170 1.5915409 1.5273866 1.5640891 1.5347172 2.0040825 2.0193979 1.7672424 1.6962186 1.7547766 2.0081879 2.0103584 2.2000177 
Rhoesc_Res_014382-T1                              1.8283846 1.0201465 0.9097183 1.0207212 0.8852871 0.8469282 0.7472989 0.8014185 0.8793581 0.8728882 0.8736587 0.8057943 0.8861416 0.8704418 0.8620531 0.6732993 0.1530814 0.0000000 0.5319448 0.7365962 0.8220649 0.9110974 0.9895270 1.0620016 1.2281686 1.0845496 1.1376857 1.2118096 1.2355435 1.2220117 1.3184720 1.3242874 1.7421645 1.5055547 1.5057622 1.5108538 1.6376397 1.1714733 1.3918442 1.5120946 1.2832315 1.6382532 1.8387785 1.3295333 1.3129882 1.4200862 1.2981741 1.3509297 1.1944152 1.4078722 1.2356027 1.3544531 1.4921808 1.5515172 1.7697965 1.3913540 1.5609024 1.4752686 1.5104257 1.4946373 1.5078373 1.4396532 1.4688021 1.4534138 1.9521910 1.9670067 1.7556680 1.6402951 1.7233453 2.0065528 1.9983086 2.2925446 
Sanmal_Sma_013291-T1                              1.8019455 1.1020710 0.9936619 1.0228027 0.8824351 0.9271461 0.7096680 0.7277250 0.8171214 0.8084513 0.8640856 0.7997561 0.8808554 0.8392961 0.8802647 0.7698172 0.5153611 0.5319448 0.0000000 0.8182626 0.8540738 0.9136576 0.9727015 1.1540105 1.1765442 1.1565044 1.1197445 1.2903542 1.2440482 1.1981351 1.3502765 1.2276461 1.6228483 1.5501172 1.4550428 1.4566619 1.4781992 1.2330359 1.3425449 1.3061083 1.2310959 1.5161061 1.6174635 1.1407709 1.4467656 1.5021044 1.2864989 1.4152531 1.3052124 1.3795815 1.3217093 1.4551228 1.5538294 1.5829115 1.6892036 1.5884710 1.6435776 1.4756744 1.4945226 1.5114755 1.5057487 1.4622957 1.4913781 1.4955587 1.8858306 1.9767051 1.6423563 1.5902172 1.4695801 1.8883980 1.8366906 2.3328143 
Morvir_scaffold431.g11.t1                         1.7411326 1.0040548 0.9395044 1.0148982 0.9225730 0.8909743 0.7132626 0.7201839 0.8367377 0.8329378 0.8385710 0.7914743 0.8365380 0.7511819 0.7580734 0.7063908 0.7340931 0.7365962 0.8182626 0.0000000 0.8449976 0.9149695 0.9473279 1.1640372 1.2725032 1.1785112 1.2067169 1.2847142 1.3257609 1.2097782 1.4154513 1.4027484 1.8095563 1.5578276 1.5599791 1.5409799 1.5652125 1.2171458 1.3061473 1.4431328 1.4526791 1.5738997 1.7035869 1.3783005 1.3934593 1.4273171 1.3049113 1.5326381 1.3493441 1.3891463 1.4168995 1.5167647 1.4981532 1.6706779 1.7654976 1.4361162 1.6320367 1.2582933 1.2711510 1.3106800 1.2878840 1.3146539 1.3169175 1.2955967 2.1285952 2.0278391 1.7982552 1.7119192 1.7398725 1.9738432 1.5876869 2.1403130 
Plajan_Pjan_scaffold23167_01                      1.5099642 0.9990711 0.8808172 1.0711244 0.8599990 0.9095854 0.7669664 0.7458947 0.8051452 0.8053399 0.8102737 0.7483493 0.7297538 0.7080984 0.7017477 0.8601884 0.8470945 0.8220649 0.8540738 0.8449976 0.0000000 0.8641142 0.9848323 1.0029121 0.9754034 1.0588947 1.0300952 1.1175020 1.0686023 1.2044977 1.3513367 1.2559377 1.5000279 1.3171430 1.2823819 1.1182333 1.3728044 1.0021060 0.9890923 1.0974670 1.0734799 1.1868001 1.3663240 1.0696301 1.3541838 1.5016045 1.2640664 1.4544940 1.3139618 1.2944949 1.2355661 1.4679615 1.4952486 1.4957602 1.5655358 1.4610661 1.4234823 1.6004091 1.6004091 1.6076115 1.6255212 1.6158898 1.6236408 1.5545230 1.6667761 1.6094025 1.4291089 1.4019746 1.3193488 1.6069590 1.7284531 2.1293239 
Dgig_XM_028539672.1                               1.8818457 1.0012087 0.9053653 1.0167527 0.8410145 0.8912623 0.7959822 0.7853270 0.8058945 0.8188055 0.8420939 0.8486955 0.7934701 0.8584044 0.8404248 0.9386676 0.9140739 0.9110974 0.9136576 0.9149695 0.8641142 0.0000000 0.3081302 1.1114776 1.1376635 1.1333466 1.1568871 1.2127958 1.1893503 1.1154733 1.2819711 1.2412732 1.6595304 1.4095560 1.4875899 1.3629562 1.5440313 1.2002657 1.2740056 1.3770963 1.2907472 1.4737232 1.5502597 1.2738710 1.2060014 1.3195848 1.1823880 1.2851498 1.1940446 1.2064740 1.1430688 1.2908215 1.3975132 1.4631303 1.7127709 1.6524034 1.4750435 1.2647297 1.3012795 1.4369427 1.4186210 1.3533761 1.3801038 1.3174866 1.8112882 1.8804936 1.7738785 1.5831152 1.5639538 1.8163761 1.6654750 2.2357683 
Xesp_018498-T1                                    1.9060830 1.0421505 0.9370757 0.9850973 0.9818967 0.9382568 0.8260637 0.7665908 0.8654943 0.8741540 0.8596753 0.8646932 0.8336990 0.9103700 0.8765878 0.9023018 1.0024113 0.9895270 0.9727015 0.9473279 0.9848323 0.3081302 0.0000000 1.1215673 1.1096993 1.0900471 1.1346930 1.2559949 1.2449417 1.1426370 1.3046465 1.3364139 1.6937948 1.3635542 1.4607421 1.4447523 1.6076639 1.1919346 1.3204769 1.5003627 1.3664007 1.4514429 1.5463119 1.3671186 1.3111192 1.3700916 1.2277352 1.3293785 1.1815384 1.2392850 1.2571821 1.2987446 1.3561771 1.4278286 1.6661007 1.5955184 1.6175822 1.2881257 1.3234570 1.3962579 1.3923707 1.3173406 1.3425346 1.3260997 1.8587980 1.8929904 1.7595127 1.5479047 1.5710888 1.7793060 1.7007841 2.2033266 
Cscu_XM_023372842.1                               1.7122410 0.8690992 0.7990871 0.9526885 0.9421353 0.7786916 1.0542017 1.0612001 0.9687130 0.9713832 1.0917979 1.0536010 1.0542370 1.0588936 1.0653951 1.1849716 1.1324581 1.0620016 1.1540105 1.1640372 1.0029121 1.1114776 1.1215673 0.0000000 1.1780355 0.8522149 0.9522678 1.5070862 1.6042250 1.3442718 1.6102366 1.4237942 1.8984127 1.7761234 1.7358970 1.5024026 1.6271978 1.2376567 1.5152992 1.6946896 1.3846824 1.6377122 1.5589714 1.2392543 1.4696649 1.5250044 1.4743513 1.6762439 1.4340544 1.5444838 1.3986298 1.6157138 1.6052654 1.6297228 1.7727369 1.6437815 1.6781076 1.4524998 1.5261391 1.5985258 1.5910543 1.5050829 1.5642560 1.5960031 2.2251647 2.0671038 1.7829646 1.6841836 1.6537252 1.9186617 1.7810693 2.3565294 
Spur_NM_214532.1                                  2.0265445 1.0245037 0.8293459 1.1515798 1.0017082 1.1198647 1.0622115 1.0765864 1.0620447 1.0691147 1.1757403 1.0228298 0.9626027 1.0706982 1.0672491 1.2770940 1.2033464 1.2281686 1.1765442 1.2725032 0.9754034 1.1376635 1.1096993 1.1780355 0.0000000 1.0957856 1.3051668 1.3710470 1.3378478 1.2269769 1.6522276 1.5799722 1.6243355 1.5746731 1.4670033 1.4196192 1.4638211 1.1951153 1.3487817 1.4944197 1.4472847 1.6716425 1.4787180 1.4083516 1.3998068 1.4961886 1.4279461 1.6129560 1.4525287 1.4869510 1.4657349 1.5325229 1.5111129 1.6170509 1.8400427 1.5937888 1.5753041 1.5575296 1.5929235 1.7642293 1.7687469 1.6982627 1.7510806 1.7121376 1.9337954 1.8024084 1.8083228 1.7541157 1.7343413 1.9463518 1.8391037 2.2285924 
Tcas_TC003523_001                                 1.8696098 0.9589001 0.8902204 0.9470843 0.9236067 1.0060260 1.0304476 1.0566985 1.0216384 1.0224229 1.0114610 1.1056896 1.0329177 1.0263446 1.0115594 1.2063195 1.1222049 1.0845496 1.1565044 1.1785112 1.0588947 1.1333466 1.0900471 0.8522149 1.0957856 0.0000000 0.7231377 1.2053840 1.3352999 1.1860660 1.4651612 1.4015645 1.5976269 1.5959887 1.5203849 1.3392566 1.5176436 1.2755058 1.6096624 1.2916370 1.4454833 1.7263865 1.5422429 1.2185625 1.3302244 1.4355270 1.4477164 1.4854901 1.3503626 1.4225171 1.3027922 1.4599907 1.7201705 1.7420502 1.8193133 1.5358623 1.5891623 1.4609253 1.5124697 1.5665453 1.5729311 1.4504561 1.4958689 1.5540506 1.9859705 2.0164226 1.7139303 1.6864276 1.5924155 1.9036652 1.8148435 2.0704066 
Dpul_mRNA16020                                    1.7974228 1.1199444 0.9892252 1.1044864 0.9590580 1.1078260 1.0843024 1.0412552 1.1445417 1.1339502 1.0938455 1.0763450 1.0616468 1.0783192 1.0374067 1.1594162 1.1318673 1.1376857 1.1197445 1.2067169 1.0300952 1.1568871 1.1346930 0.9522678 1.3051668 0.7231377 0.0000000 1.3302915 1.3937549 1.3962808 1.4164991 1.4965166 1.7643580 1.5763008 1.6703690 1.4198989 1.6196446 1.3216662 1.5108981 1.5323138 1.3646016 1.4264219 1.5461922 1.4165294 1.4231644 1.5772820 1.4113793 1.3752286 1.2840419 1.4545575 1.3118120 1.5409798 1.6222684 1.6554078 1.7215045 1.4482277 1.6648633 1.5895014 1.6003593 1.6748262 1.6843322 1.6405271 1.6607955 1.6355747 2.0721210 1.9775682 1.6999416 1.5830735 1.4882142 1.8114937 1.9410108 2.2422383 
Emue_Em0020g1099a.t1                              1.9809528 1.2323604 1.2678341 1.4254136 1.1544377 1.2713528 1.2129491 1.1454936 1.0944862 1.0773442 1.1080710 1.1420784 1.1134801 1.1518743 1.1074303 1.1335126 1.2515900 1.2118096 1.2903542 1.2847142 1.1175020 1.2127958 1.2559949 1.5070862 1.3710470 1.2053840 1.3302915 0.0000000 0.2181494 0.7995027 1.1830559 1.2400880 1.6198050 1.5155985 1.4690676 1.3857211 1.6672447 1.2712120 1.3259701 1.4525189 1.4828551 1.5631505 1.6352490 1.4077410 1.4549270 1.4796112 1.4345414 1.4704082 1.3995262 1.5214511 1.3732790 1.4900214 1.6521175 1.8689326 1.9801125 1.5783355 1.6772658 1.5753451 1.5800278 1.6347886 1.6283061 1.5678971 1.5708195 1.5936896 1.9809989 1.9339522 1.9388552 1.7052475 1.8166956 1.8229579 1.8207311 2.1789696 
Spolac_c110122_g1_i1_m.45522c110122-g1            2.0573575 1.2656068 1.3297308 1.3605155 1.2140949 1.2819555 1.2017502 1.1082941 1.1529035 1.1394677 1.1668451 1.1291811 1.1400466 1.1275123 1.1003761 1.1441386 1.2817096 1.2355435 1.2440482 1.3257609 1.0686023 1.1893503 1.2449417 1.6042250 1.3378478 1.3352999 1.3937549 0.2181494 0.0000000 0.7617951 1.1824528 1.2928735 1.5500116 1.4362854 1.4350016 1.3637149 1.5814705 1.2200065 1.2823725 1.4819326 1.4619081 1.4765452 1.5209117 1.4132565 1.5358325 1.5649043 1.5165692 1.5629278 1.5138264 1.5513312 1.3862010 1.5324682 1.6731063 1.8506115 2.0198690 1.5206781 1.7825350 1.5524347 1.5544001 1.6205861 1.6149932 1.5768253 1.5763616 1.5909486 1.9331411 1.9275678 1.9775474 1.7576905 1.7197946 1.9630900 1.9187066 2.2275741 
Tetwil_g5615.t1                                   1.9760595 1.1997173 1.1320956 1.2076812 1.2101972 1.1405694 1.0468553 1.0305950 1.0338366 1.0302360 1.0145605 0.9951370 1.0201045 0.9533430 0.9341060 1.1597321 1.2375745 1.2220117 1.1981351 1.2097782 1.2044977 1.1154733 1.1426370 1.3442718 1.2269769 1.1860660 1.3962808 0.7995027 0.7617951 0.0000000 1.1116200 1.0709523 1.4490285 1.3879604 1.4001846 1.2825321 1.3663793 1.1824568 1.2723152 1.4240716 1.4461394 1.4608053 1.5545045 1.3421681 1.3873233 1.4820953 1.3798094 1.5421097 1.4555416 1.4500250 1.3128241 1.4763349 1.5572392 1.6200871 1.8189792 1.6315915 1.6930189 1.5115609 1.5259598 1.6508830 1.6452097 1.5796690 1.6030324 1.5847178 2.1419379 2.1278631 1.8002899 1.6941404 1.5032998 1.9513096 1.8682392 2.2333244 
Aque_Aqu2.1.43276_001                             2.2344291 1.4864019 1.5030432 1.4199009 1.2620744 1.5458094 1.2605738 1.3012262 1.3908995 1.3807075 1.3460056 1.2513370 1.2848101 1.3167186 1.2558020 1.3264037 1.3615140 1.3184720 1.3502765 1.4154513 1.3513367 1.2819711 1.3046465 1.6102366 1.6522276 1.4651612 1.4164991 1.1830559 1.1824528 1.1116200 0.0000000 0.5930663 1.8367962 1.6390882 1.7245143 1.6361894 1.6076629 1.3931685 1.4329286 1.7278568 1.7038533 1.8925947 1.6365880 1.6332070 1.4469082 1.5376493 1.3850914 1.4418740 1.2445568 1.5086925 1.4393464 1.5642909 1.6520321 1.7520646 1.8474564 1.7712557 1.9200509 1.6795522 1.7111685 1.7829835 1.7732843 1.6995794 1.7396249 1.8190536 2.1805150 2.2444068 1.9797521 1.8968955 1.8810745 2.0856688 2.0394760 2.2750649 
Halamb_c42098_g1_i1m.14540                        2.2606444 1.5004206 1.4111328 1.4791963 1.2844765 1.2999373 1.2272658 1.2765419 1.2215227 1.2184833 1.2861806 1.2669268 1.2736448 1.2528963 1.2473531 1.2763220 1.3804380 1.3242874 1.2276461 1.4027484 1.2559377 1.2412732 1.3364139 1.4237942 1.5799722 1.4015645 1.4965166 1.2400880 1.2928735 1.0709523 0.5930663 0.0000000 1.9699399 1.7464840 1.7600256 1.6247109 1.6055714 1.3847766 1.3943235 1.7277691 1.6061283 1.9033037 1.7641047 1.6136769 1.5241769 1.5935600 1.5201921 1.6248368 1.4564031 1.6273037 1.5293575 1.5671530 1.7075398 1.8133511 1.9932553 1.6896008 2.0065945 1.8255872 1.8446912 1.8910255 1.8701471 1.9118083 1.8866330 1.8484283 2.3049244 2.3841312 2.1316422 2.1004330 1.9501151 2.2807647 1.9562043 2.3568781 
Mbre_EDQ90098                                     2.2207767 1.5543439 1.5191371 1.8010564 1.6647980 1.5896909 1.6450802 1.5129127 1.5968263 1.5994347 1.6452332 1.5773823 1.6255810 1.6547418 1.5747526 1.5720124 1.6750957 1.7421645 1.6228483 1.8095563 1.5000279 1.6595304 1.6937948 1.8984127 1.6243355 1.5976269 1.7643580 1.6198050 1.5500116 1.4490285 1.8367962 1.9699399 0.0000000 0.8164804 0.7533961 1.1972519 1.2332904 1.2031428 1.1999421 1.3072139 1.2581283 1.2751433 1.0626008 1.7810141 1.6335424 1.8084988 1.9795311 1.9686916 1.8627392 1.7510859 1.7597121 1.7410996 1.8264788 1.9433376 2.1374815 1.4881579 1.3621731 1.6810610 1.7025373 1.8711684 1.8641683 1.7917348 1.8270845 1.8277518 1.6658600 1.7208422 2.1228469 2.1478913 2.0450467 2.2944364 1.7520633 2.3174150 
Choper_EP00045_Choanoeca_perplexa_P012720         2.1928631 1.4789370 1.3649418 1.5529271 1.4874347 1.4610255 1.4125683 1.4512598 1.3844666 1.3955150 1.3805124 1.5148275 1.4162315 1.3594543 1.3170479 1.4190132 1.4684325 1.5055547 1.5501172 1.5578276 1.3171430 1.4095560 1.3635542 1.7761234 1.5746731 1.5959887 1.5763008 1.5155985 1.4362854 1.3879604 1.6390882 1.7464840 0.8164804 0.0000000 0.3258712 1.0597492 1.1255343 1.1098369 1.1054950 1.1261434 1.1179602 1.2736012 1.0642094 1.7588933 1.6520147 1.6835040 1.6432231 1.6861221 1.5615077 1.6258595 1.5794231 1.7286935 1.6655912 1.7319391 2.0104569 1.3085983 1.4740024 1.8906966 1.9236638 2.0639334 2.0302891 2.0074209 2.0304130 2.0226610 1.6202426 1.6923278 2.0691617 1.9475337 1.9810320 2.1810014 1.4981207 2.2436116 
Chofle_EP00730_Choanoeca_flexa_P015616            2.1462977 1.4309221 1.3994960 1.5512073 1.4441704 1.3141657 1.4300908 1.4611968 1.3427623 1.3497073 1.4148955 1.4500344 1.3878074 1.4038672 1.3201031 1.3676243 1.4442889 1.5057622 1.4550428 1.5599791 1.2823819 1.4875899 1.4607421 1.7358970 1.4670033 1.5203849 1.6703690 1.4690676 1.4350016 1.4001846 1.7245143 1.7600256 0.7533961 0.3258712 0.0000000 1.0861617 1.0166310 1.0200267 1.0718530 1.1451512 1.1814632 1.3337418 1.0732818 1.6615561 1.6208106 1.5919856 1.5457153 1.5994499 1.4931224 1.6075849 1.4600227 1.6138406 1.5954018 1.6842019 2.0212996 1.4463995 1.3124168 1.8107501 1.8797656 1.9788137 1.9545629 1.8844262 1.9330354 1.9280173 1.6430592 1.6784849 1.9958644 2.0424494 1.8685280 2.2350411 1.4979629 2.1967761 
Sros_EGD74884                                     2.0327497 1.3953510 1.3170237 1.4200112 1.2048548 1.3257836 1.4069678 1.3907648 1.3637803 1.3643257 1.4039832 1.3914689 1.3582180 1.3569065 1.2897907 1.3826916 1.5311855 1.5108538 1.4566619 1.5409799 1.1182333 1.3629562 1.4447523 1.5024026 1.4196192 1.3392566 1.4198989 1.3857211 1.3637149 1.2825321 1.6361894 1.6247109 1.1972519 1.0597492 1.0861617 0.0000000 0.5701620 0.9970918 0.9402357 0.9605106 1.0120962 1.2564475 0.9244244 1.5105864 1.4965506 1.4681038 1.5260516 1.6329611 1.5165249 1.6220472 1.4280052 1.6066567 1.6747399 1.7944004 1.9145017 1.4141020 1.1186718 1.8129852 1.8694545 1.9131824 1.8594740 1.8516656 1.9196781 1.8349566 1.4618248 1.3984726 1.6873030 1.6940450 1.6730408 1.8654038 1.4665215 2.2363931 
Microa_EP00043_Microstomoeca_roanoka_P020815      1.8957240 1.5000366 1.3839620 1.6337122 1.4753741 1.4171575 1.4164743 1.3723323 1.4701261 1.4711427 1.4778554 1.4567348 1.3826945 1.4042147 1.3952832 1.4441959 1.5408436 1.6376397 1.4781992 1.5652125 1.3728044 1.5440313 1.6076639 1.6271978 1.4638211 1.5176436 1.6196446 1.6672447 1.5814705 1.3663793 1.6076629 1.6055714 1.2332904 1.1255343 1.0166310 0.5701620 0.0000000 1.0494796 1.1645381 1.2063875 1.2780427 1.4180268 1.0057782 1.4760125 1.5856363 1.5716397 1.5131934 1.6798366 1.4803271 1.7525434 1.5500053 1.6992864 1.6895543 1.7796680 2.0205388 1.3876089 1.1930321 1.8189295 1.8748958 1.9343394 1.9009570 1.9229875 1.9566026 1.9202617 1.7208141 1.6612631 1.9141660 1.8190359 1.8407287 1.9791759 1.6241897 2.1600137 
Salkve_EP00050_Salpingoeca_kvevrii_P016951        1.7890934 1.1550079 1.0993045 1.0724705 1.0179874 1.0446339 1.0234279 1.0487494 1.0626532 1.0555391 1.1585733 1.0555150 1.0595662 1.0548224 0.9751016 1.0293618 1.1569203 1.1714733 1.2330359 1.2171458 1.0021060 1.2002657 1.1919346 1.2376567 1.1951153 1.2755058 1.3216662 1.2712120 1.2200065 1.1824568 1.3931685 1.3847766 1.2031428 1.1098369 1.0200267 0.9970918 1.0494796 0.0000000 0.8065464 0.8841641 0.9383593 1.1198050 1.1888723 1.2508038 1.2593203 1.3850006 1.3327636 1.5366720 1.3509364 1.4057368 1.2371579 1.3544858 1.5148134 1.6127717 1.5094203 1.3881741 1.1252044 1.5047840 1.5047840 1.5799072 1.5873462 1.5760997 1.5821049 1.5370016 1.4786999 1.5127467 1.8383371 1.4853851 1.4717850 1.7328991 1.5290531 2.0491937 
Saldol_EP00054_Salpingoeca_dolichothecata_P036915 1.9653223 1.2785131 1.1781667 1.3376149 1.1966096 1.2064807 1.2170021 1.1958360 1.3082045 1.2972555 1.3109963 1.2079981 1.2377903 1.2156374 1.1196943 1.1809925 1.3710494 1.3918442 1.3425449 1.3061473 0.9890923 1.2740056 1.3204769 1.5152992 1.3487817 1.6096624 1.5108981 1.3259701 1.2823725 1.2723152 1.4329286 1.3943235 1.1999421 1.1054950 1.0718530 0.9402357 1.1645381 0.8065464 0.0000000 0.9534859 0.8945396 1.1809138 1.0098006 1.5883398 1.4911312 1.5070065 1.4710842 1.5987879 1.5471927 1.6223627 1.5036011 1.5919731 1.5442753 1.6911339 1.9339411 1.2763206 1.2717107 1.6364281 1.6317185 1.7354991 1.7236365 1.7491825 1.7473797 1.7327437 1.4750223 1.5391716 1.9489414 1.8490115 1.6462677 2.1183013 1.4370053 2.1175903 
Salurc_EP00051_Salpingoeca_urceolata_P026283      2.1748841 1.4096225 1.2604414 1.3473989 1.1338702 1.2468286 1.3724160 1.3820221 1.3654132 1.3581956 1.3870476 1.3598626 1.3660912 1.2576427 1.2204131 1.2486804 1.4707318 1.5120946 1.3061083 1.4431328 1.0974670 1.3770963 1.5003627 1.6946896 1.4944197 1.2916370 1.5323138 1.4525189 1.4819326 1.4240716 1.7278568 1.7277691 1.3072139 1.1261434 1.1451512 0.9605106 1.2063875 0.8841641 0.9534859 0.0000000 1.0290599 1.2020310 1.1473119 1.5779200 1.4029533 1.4668437 1.4651744 1.6189111 1.4254831 1.4453102 1.4283003 1.6676188 1.5596686 1.6017587 1.8639407 1.2652998 1.2524244 1.8722090 1.8770129 1.8316634 1.7959712 1.8477785 1.8542192 1.9123096 1.5884413 1.6314707 1.7795400 1.6050638 1.5529319 1.9247133 1.4434121 2.1095869 
Salmac_EP00052_Salpingoeca_macrocollata_P013550   2.0304116 1.4116417 1.1927381 1.3697133 1.2223095 1.1965808 1.1202713 1.1023075 1.2517787 1.2533597 1.2748218 1.2779260 1.2518948 1.2042746 1.1585249 1.2560484 1.2505096 1.2832315 1.2310959 1.4526791 1.0734799 1.2907472 1.3664007 1.3846824 1.4472847 1.4454833 1.3646016 1.4828551 1.4619081 1.4461394 1.7038533 1.6061283 1.2581283 1.1179602 1.1814632 1.0120962 1.2780427 0.9383593 0.8945396 1.0290599 0.0000000 0.9080169 1.1482812 1.5271790 1.5709719 1.6453702 1.6050896 1.7170068 1.5372314 1.6000462 1.5435627 1.6451417 1.7014743 1.7003332 2.0473187 1.2544066 1.1624025 1.7868047 1.7972110 1.7621209 1.7696303 1.7747471 1.7677851 1.7735227 1.4989149 1.5191911 1.7760970 1.6124914 1.6209162 1.8260819 1.4981711 2.0391704 
Salpun_EP00053_Salpingoeca_punica_P010458         2.2794448 1.5650048 1.4632521 1.6200652 1.3857459 1.2907612 1.3920877 1.3971839 1.5132195 1.5064995 1.5554513 1.5560927 1.5939189 1.5586722 1.5091131 1.4052724 1.6254911 1.6382532 1.5161061 1.5738997 1.1868001 1.4737232 1.4514429 1.6377122 1.6716425 1.7263865 1.4264219 1.5631505 1.4765452 1.4608053 1.8925947 1.9033037 1.2751433 1.2736012 1.3337418 1.2564475 1.4180268 1.1198050 1.1809138 1.2020310 0.9080169 0.0000000 1.2875206 1.7003318 1.7339657 1.8703132 1.7937346 1.9007301 1.7523215 1.8698039 1.7960378 1.7257391 1.8315595 1.9364257 2.0957326 1.3377244 1.5102136 1.8596759 1.8852874 1.9038687 1.9280790 1.8880491 1.8872673 1.9258491 1.7960246 1.8274207 2.0637905 1.8968855 1.8790645 2.1869816 1.7181676 2.2767258 
Salinf_EP00049_Salpingoeca_infusionum_P017130     2.0521357 1.4529107 1.4992471 1.4766913 1.3548441 1.5438671 1.5266324 1.5524724 1.4438746 1.4361466 1.5541967 1.5719643 1.4874993 1.4821621 1.4503645 1.6093716 1.8161848 1.8387785 1.6174635 1.7035869 1.3663240 1.5502597 1.5463119 1.5589714 1.4787180 1.5422429 1.5461922 1.6352490 1.5209117 1.5545045 1.6365880 1.7641047 1.0626008 1.0642094 1.0732818 0.9244244 1.0057782 1.1888723 1.0098006 1.1473119 1.1482812 1.2875206 0.0000000 1.5969666 1.6044841 1.6908878 1.6768626 1.8397379 1.6804005 1.7670690 1.5969535 1.8070864 1.9387223 1.9169594 2.1307420 1.5077948 1.3498763 1.8176012 1.8071628 1.8689660 1.8177081 1.8848424 1.8461927 1.8120631 1.6073393 1.5448810 1.8233945 1.7733172 1.7490688 1.9837488 1.6014381 2.1500940 
Clacor_Ccor_scaffold10977_01                      2.0395594 1.1626482 1.0822448 1.2770657 1.0666619 1.1343024 1.1408459 1.1104556 1.3192608 1.3247792 1.2882228 1.2970886 1.2483067 1.2149102 1.2242282 1.1883881 1.2758153 1.3295333 1.1407709 1.3783005 1.0696301 1.2738710 1.3671186 1.2392543 1.4083516 1.2185625 1.4165294 1.4077410 1.4132565 1.3421681 1.6332070 1.6136769 1.7810141 1.7588933 1.6615561 1.5105864 1.4760125 1.2508038 1.5883398 1.5779200 1.5271790 1.7003318 1.5969666 0.0000000 1.5263773 1.5777849 1.4196336 1.6005402 1.5026654 1.4821758 1.3906546 1.5268099 1.5701822 1.5789454 1.8916023 1.4351560 1.7825006 1.5712543 1.6631056 1.5594105 1.5656977 1.5231339 1.5833931 1.5308825 2.2565771 2.1136876 1.5843906 1.5250410 1.4051213 1.7522291 1.8959107 2.6457187 
Mlei_ML0544.g2.i1                                 1.9877297 1.4181405 1.2182162 1.3427470 1.2153080 1.3637931 1.3266576 1.3286336 1.2898695 1.2901874 1.3445405 1.2928055 1.2886253 1.3009480 1.2456653 1.4360333 1.2847966 1.3129882 1.4467656 1.3934593 1.3541838 1.2060014 1.3111192 1.4696649 1.3998068 1.3302244 1.4231644 1.4549270 1.5358325 1.3873233 1.4469082 1.5241769 1.6335424 1.6520147 1.6208106 1.4965506 1.5856363 1.2593203 1.4911312 1.4029533 1.5709719 1.7339657 1.6044841 1.5263773 0.0000000 0.2069793 0.4799842 0.4231533 0.3570253 0.3747857 0.4134007 0.4930152 0.5344981 0.5605693 0.7148071 1.5483714 1.5257092 1.7538584 1.7893211 1.8230790 1.8455022 1.7411852 1.7672835 1.7661461 1.8645491 1.8345870 1.9597624 1.7933228 1.7543655 2.0122241 1.7956931 2.1854473 
Bolinf_Binf_sb1262731                             2.0780428 1.5599715 1.3018014 1.4075357 1.3000487 1.4460133 1.3544211 1.3594321 1.3709969 1.3635303 1.4169925 1.3608928 1.3229321 1.3548563 1.2861632 1.4899704 1.3373976 1.4200862 1.5021044 1.4273171 1.5016045 1.3195848 1.3700916 1.5250044 1.4961886 1.4355270 1.5772820 1.4796112 1.5649043 1.4820953 1.5376493 1.5935600 1.8084988 1.6835040 1.5919856 1.4681038 1.5716397 1.3850006 1.5070065 1.4668437 1.6453702 1.8703132 1.6908878 1.5777849 0.2069793 0.0000000 0.5281202 0.4845076 0.4664630 0.3726172 0.3974421 0.4868234 0.5090378 0.5127362 0.6812228 1.5945391 1.6083991 1.9305151 1.9642635 1.9696314 2.0182435 1.8701998 1.8831263 1.9298583 2.0262219 2.0799991 1.8947568 1.8827877 1.8591274 2.0404950 1.8901091 2.1399316 
Vmul_sbMO454477                                   1.7852062 1.2155582 1.2065538 1.3053758 1.0917076 1.2707788 1.1570125 1.1162112 1.2940203 1.2863126 1.3143002 1.2952769 1.2716075 1.2938143 1.2567607 1.3467768 1.2635057 1.2981741 1.2864989 1.3049113 1.2640664 1.1823880 1.2277352 1.4743513 1.4279461 1.4477164 1.4113793 1.4345414 1.5165692 1.3798094 1.3850914 1.5201921 1.9795311 1.6432231 1.5457153 1.5260516 1.5131934 1.3327636 1.4710842 1.4651744 1.6050896 1.7937346 1.6768626 1.4196336 0.4799842 0.5281202 0.0000000 0.2010347 0.1645240 0.4718451 0.3954938 0.5765834 0.6794363 0.6836040 0.7510678 1.6172490 1.6462865 1.8115320 1.8485118 1.8528719 1.8621371 1.7484627 1.8093770 1.8038774 2.0114006 2.0229243 1.8935087 1.7715878 1.7788400 2.0213538 1.9915381 2.1115792 
Coeast_Cast_sb788557                              1.9651568 1.4523494 1.3637195 1.5842466 1.2167000 1.4701345 1.2431133 1.2628127 1.2998939 1.3165258 1.4376613 1.3924248 1.3870668 1.3611183 1.3354190 1.3254922 1.3058013 1.3509297 1.4152531 1.5326381 1.4544940 1.2851498 1.3293785 1.6762439 1.6129560 1.4854901 1.3752286 1.4704082 1.5629278 1.5421097 1.4418740 1.6248368 1.9686916 1.6861221 1.5994499 1.6329611 1.6798366 1.5366720 1.5987879 1.6189111 1.7170068 1.9007301 1.8397379 1.6005402 0.4231533 0.4845076 0.2010347 0.0000000 0.0108077 0.4602152 0.3065899 0.5296722 0.5823654 0.5883308 0.4286863 1.6698715 1.5276068 2.0633850 2.0633850 2.0522918 2.0436859 1.9114039 1.9197055 1.8907874 2.3616750 2.3215396 2.2157997 2.0260055 2.1511393 2.1594177 2.0043470 2.0185609 
Coemet_Cmet_scaffold15952_01                      1.7050967 1.2780103 1.1869855 1.5152568 1.1204294 1.2630709 1.1431964 1.1665977 1.1804082 1.1924620 1.3208939 1.3086874 1.2740155 1.2909623 1.2662674 1.2023740 1.1724140 1.1944152 1.3052124 1.3493441 1.3139618 1.1940446 1.1815384 1.4340544 1.4525287 1.3503626 1.2840419 1.3995262 1.5138264 1.4555416 1.2445568 1.4564031 1.8627392 1.5615077 1.4931224 1.5165249 1.4803271 1.3509364 1.5471927 1.4254831 1.5372314 1.7523215 1.6804005 1.5026654 0.3570253 0.4664630 0.1645240 0.0108077 0.0000000 0.4382959 0.2888969 0.5566879 0.5338866 0.5196889 0.3614121 1.6743183 1.3482015 1.8870068 1.8870068 1.8243238 1.8185703 1.6933626 1.7022875 1.7308304 2.0991794 2.0741869 2.1423137 1.8700746 2.0386358 2.0270544 1.9377569 1.9515481 
Mertsp_Mesp_sb578830                              2.0214338 1.3960485 1.2937521 1.3372702 1.1153143 1.3073017 1.2234783 1.2502014 1.2917913 1.2950581 1.3283280 1.3400104 1.3370080 1.3171287 1.2732097 1.3668874 1.3523287 1.4078722 1.3795815 1.3891463 1.2944949 1.2064740 1.2392850 1.5444838 1.4869510 1.4225171 1.4545575 1.5214511 1.5513312 1.4500250 1.5086925 1.6273037 1.7510859 1.6258595 1.6075849 1.6220472 1.7525434 1.4057368 1.6223627 1.4453102 1.6000462 1.8698039 1.7670690 1.4821758 0.3747857 0.3726172 0.4718451 0.4602152 0.4382959 0.0000000 0.3091992 0.4310588 0.4691456 0.4864545 0.6277334 1.6031378 1.5897992 1.7732326 1.7925288 1.7932851 1.8299963 1.7381890 1.7876602 1.8361196 2.0437835 1.9988947 2.0053804 1.8175834 1.7348013 2.0100902 1.8913940 2.1331575 
Lampan_Lpan_C416009_01                            2.0037084 1.2756470 1.1881522 1.3038549 1.0694442 1.2923961 1.1383210 1.1749273 1.2107057 1.2180688 1.2527610 1.2788142 1.1917363 1.2066448 1.1461196 1.2810701 1.2363121 1.2356027 1.3217093 1.4168995 1.2355661 1.1430688 1.2571821 1.3986298 1.4657349 1.3027922 1.3118120 1.3732790 1.3862010 1.3128241 1.4393464 1.5293575 1.7597121 1.5794231 1.4600227 1.4280052 1.5500053 1.2371579 1.5036011 1.4283003 1.5435627 1.7960378 1.5969535 1.3906546 0.4134007 0.3974421 0.3954938 0.3065899 0.2888969 0.3091992 0.0000000 0.4136268 0.5536030 0.5578160 0.5433080 1.6526149 1.4740139 1.7998259 1.8005424 1.6904917 1.7188649 1.6538640 1.6500156 1.6609482 2.1472043 2.0354113 1.8124448 1.7354632 1.6096687 1.9166681 1.9093898 2.1132215 
