74
Hsap_ENST00000643939                                     0.0000000 0.7732253 0.6513466 0.7589436 0.7851314 0.7599431 0.8430269 0.7965252 0.8373956 0.7927450 1.0027680 0.8962212 0.7126640 0.8829013 0.7623853 0.8650084 1.0533781 1.0271900 0.9613477 0.9478379 0.8917612 0.9359679 0.7657855 1.0599241 1.0984313 1.1313597 1.1553521 1.1328808 1.1138093 1.1063889 1.0033007 1.0824983 1.1205597 1.0668489 0.9712052 0.9933765 1.0625552 0.9631691 0.9299647 1.0008602 1.0046442 0.8873581 0.8994746 0.9035555 0.9547555 1.1602831 1.0388070 1.1514385 1.1984405 1.3394784 1.1818962 1.2625318 1.1403356 1.5587797 1.1990652 1.2717772 1.4731265 1.0924096 1.0526850 1.2274636 1.1050898 1.8495226 1.4415959 1.9946736 1.9980358 1.9849325 1.7772161 1.8534844 1.8123059 1.7495539 0.9705075 2.8212529 0.9870961 1.3851355 
Bralan_BLAG16000439_1                                    0.7732253 0.0000000 0.5408313 0.8384464 0.8609969 0.7934019 0.9053653 0.8629402 0.8883729 0.8704682 1.0160017 0.8575867 0.6916260 0.7733242 0.7593101 0.8572045 1.0475443 1.0177291 0.9173234 0.9006546 0.8944670 0.9033880 0.8424655 0.9390027 1.0525258 1.0475649 1.0236729 0.9419512 0.9502619 0.9996889 1.0037439 1.0734720 1.1210577 0.9122897 0.8502210 0.9382075 1.0243084 1.1297108 1.0648115 1.1765081 1.1081294 0.9678341 0.8602118 0.9649839 0.9558379 1.2355121 1.1687937 1.0434637 1.2157927 1.3233894 1.2473158 1.2637090 1.0915705 1.4132520 1.1968877 1.2542429 1.6977338 1.1732163 1.2433892 1.4207975 1.2385624 1.9509234 1.4191867 2.0754107 2.0337239 1.8952098 1.8100606 1.7980612 1.8459855 1.8201505 0.9912097 2.5680266 0.8793172 1.1284149 
Skow_XM_006813063.1                                      0.6513466 0.5408313 0.0000000 0.6493419 0.6829744 0.7077956 0.7335046 0.5782033 0.7253802 0.6526654 0.7106540 0.8667679 0.5974727 0.7049959 0.6519222 0.7432857 0.7865111 0.7533140 0.8125905 0.7908207 0.7367193 0.8193911 0.7459857 0.7802803 0.8882488 1.0034632 0.9823158 0.9992522 0.9432020 0.9001741 0.9459189 0.9564241 0.9721052 0.9639776 0.9041929 0.8902198 0.9878310 1.1206321 1.1695142 1.1390910 1.1142489 1.0513795 0.8836773 0.9901081 0.9038803 1.0815924 1.0558135 0.9411311 1.2396298 1.1683743 1.0636426 1.0726805 0.9788776 0.0000010 1.2150944 1.1746815 1.2992059 1.1257205 1.0410209 1.1572662 1.1396219 1.1579258 1.3232249 1.8055587 1.7127349 1.6235801 1.5484234 1.9515578 1.5782655 1.5606394 0.6681763 4.4944136 1.0165003 0.9887949 
Exapal_XM_028659470.1                                    0.7589436 0.8384464 0.6493419 0.0000000 0.2587251 0.3604799 0.3946008 0.3611781 0.3853040 0.3852319 0.5271591 0.6930062 0.5315749 0.8780842 0.8658870 0.9776740 1.0915468 1.0597000 0.9778883 0.9432284 0.9120963 0.9433348 0.8624670 1.1016423 1.0756459 1.0688284 0.9745353 0.9666984 0.9773489 1.0107977 0.9444197 1.2159950 1.1930472 1.1279072 1.0419409 0.9983211 1.0599144 0.9380483 0.8732462 0.9168413 0.9989010 0.8778829 0.8372104 0.9600599 1.0000021 1.2338044 0.9519220 0.9969765 1.1052605 1.3493224 1.1930154 1.2753343 1.0907528 1.5515708 1.1713652 1.2188993 1.4189388 1.0939585 1.1693516 1.3513804 1.1670443 1.7636087 1.4123570 2.0291707 1.8720095 1.9088470 1.6977993 1.8756107 1.9508142 1.6845112 1.0994645 2.1661425 1.0462592 1.2310022 
Nvec_v1g180776                                           0.7851314 0.8609969 0.6829744 0.2587251 0.0000000 0.3985614 0.4203304 0.3462637 0.4038127 0.4260675 0.5578176 0.6772408 0.5612392 0.9282524 0.8937500 0.9504174 1.0401102 1.0132370 0.9603247 0.9021654 0.8915906 0.9059269 0.8462001 1.0892163 1.0514951 1.0129441 0.9356888 0.9381080 0.9390079 0.9934964 0.8459101 1.1609559 1.1408415 1.1086208 1.0149409 0.9604678 1.0569619 0.9719146 0.9157354 0.9718072 1.0061644 0.8648390 0.8219796 0.9655341 0.9879978 1.1565385 0.9314856 1.0228151 1.0829800 1.3024155 1.1736828 1.2073802 1.0942916 1.5073811 1.1900730 1.1783762 1.5194365 1.1743080 1.2011863 1.3824024 1.2410628 1.8202132 1.3892122 2.0777333 1.9967199 1.9771183 1.7063438 2.0059641 1.9159112 1.7795172 1.0282925 2.0215816 1.0021524 1.1751166 
Adig_XM_015907182.1                                      0.7599431 0.7934019 0.7077956 0.3604799 0.3985614 0.0000000 0.1805215 0.1965111 0.2129057 0.2477650 0.1394169 0.6690123 0.6190494 0.8686760 0.8808959 0.8937861 1.0440512 1.0110956 0.9294523 0.9175012 0.8972776 0.9432581 0.7983431 0.9533214 0.9674739 1.0306094 0.8583046 0.8807886 0.8814825 0.9608050 0.8332426 1.0453919 1.0960668 1.1312039 1.0257104 0.9773787 1.0611256 1.0665614 1.0144647 1.0200205 1.1009290 0.8277514 0.8689233 0.9878563 0.9473322 1.1584159 0.9509577 0.9930232 1.1138042 1.1926407 1.0925442 1.1936907 1.1235046 1.8409538 1.2116398 1.2624176 1.3925087 1.0809800 1.2616914 1.4062185 1.2571503 1.6178661 1.3353472 1.8355417 1.8305418 1.9862029 1.8861368 1.9476275 1.9387872 1.5452557 0.8787683 1.6561696 1.0878427 1.0915836 
Gfas_gfas1.m1.17405.m1                                   0.8430269 0.9053653 0.7335046 0.3946008 0.4203304 0.1805215 0.0000000 0.1542963 0.1579517 0.1844180 0.2881356 0.6904432 0.5545223 0.8937900 0.9522138 0.9469676 1.1435838 1.1177102 1.0559432 1.0189425 1.0038907 1.0383812 0.9002830 1.0878535 1.0436598 1.1435980 0.9552525 0.9443743 0.9444865 0.9998582 0.9033272 1.2138520 1.2360877 1.1196489 1.0489155 1.0038396 1.0730052 1.0453109 0.9768314 1.0319489 1.0724539 0.8963259 0.9078686 1.0175535 1.0608152 1.2635534 0.9097912 1.0317990 1.1371455 1.3321616 1.1363306 1.2558610 1.1381779 1.8277497 1.2846385 1.2911199 1.5914344 1.1556659 1.1621328 1.3493400 1.2141594 1.8738901 1.3368189 1.9679611 1.9222202 2.0442595 1.8563217 2.0427695 1.9974233 1.6723808 0.9993895 1.8071555 1.1068957 1.2703023 
Fspp_ffun1.m4.7438.m1                                    0.7965252 0.8629402 0.5782033 0.3611781 0.3462637 0.1965111 0.1542963 0.0000000 0.0795763 0.1331160 0.2739273 0.6641343 0.4752767 0.9096986 0.9092535 0.9494710 1.1489642 1.1238689 0.9936527 0.9835633 0.9475809 0.9776728 0.8339679 1.1489305 1.0600631 1.1067980 0.9692092 0.9689854 0.9787594 0.9394958 0.8880059 1.2336405 1.2024595 1.0875145 1.0204132 1.0421826 1.0646389 1.0060183 0.9203232 0.9762665 1.0376449 0.8119722 0.8537077 1.0348621 1.0722206 1.2768599 0.9500906 0.9501396 1.1168592 1.3212038 1.0437190 1.1691479 1.0454604 1.5360498 1.1510088 1.1908031 1.6484199 1.1270479 1.1624244 1.3389593 1.1738030 1.7924068 1.1819847 1.8900888 1.8179750 1.9003754 1.8074661 1.9314449 1.8438368 1.5773430 1.0330645 1.6780254 1.0553269 1.3903314 
Gasp_gasp1.m3.170.m1                                     0.8373956 0.8883729 0.7253802 0.3853040 0.4038127 0.2129057 0.1579517 0.0795763 0.0000000 0.1575483 0.3042164 0.6788062 0.5425485 0.8717703 0.9052918 0.9500339 1.2008306 1.1805892 1.0507296 1.0200057 1.0038042 1.0290113 0.9181429 1.1108925 1.0210771 1.0913011 0.9447864 0.9222979 0.9417266 0.9570193 0.8809235 1.2238249 1.2556586 1.1717156 1.0575114 1.0389687 1.0707460 1.1023696 1.0196139 1.0863899 1.1285586 0.9339190 0.9006810 1.0094866 1.0536834 1.3310309 0.9498250 1.0138183 1.1589841 1.3371494 1.1455710 1.2259407 1.1406051 1.7074139 1.2377734 1.2547947 1.7306546 1.2397305 1.2205476 1.4516594 1.2657581 2.0693086 1.3359710 2.0347669 1.9830912 2.0566132 1.8741225 2.0167993 2.0099996 1.7147801 0.9936931 1.7564392 1.1107602 1.3045573 
Spis_XP_022795248_1                                      0.7927450 0.8704682 0.6526654 0.3852319 0.4260675 0.2477650 0.1844180 0.1331160 0.1575483 0.0000000 0.3382902 0.7140901 0.5518674 0.8718433 0.9349821 0.9288575 1.1507365 1.1243684 1.0469660 1.0069669 0.9839211 1.0127479 0.9000554 1.0498204 0.9893723 1.1044623 0.9254410 0.9251421 0.9199376 0.9253473 0.8744421 1.1772257 1.2242614 1.1391018 1.0031823 1.0140805 1.0390018 1.0213258 0.9627855 1.0199455 1.0640393 0.8675555 0.8706447 0.9553688 1.0001674 1.2315515 0.9155110 1.0345893 1.1128322 1.2704491 1.1070002 1.2165603 1.1082187 1.7328222 1.2288101 1.2653993 1.6805283 1.1366096 1.2034662 1.4143504 1.2521782 2.0269804 1.2832625 2.0329754 1.9226114 2.0884317 1.8904395 2.0406113 1.9763499 1.6923600 0.9712251 1.6143115 1.0919218 1.2217344 
Amil_Amillepora20473-RA                                  1.0027680 1.0160017 0.7106540 0.5271591 0.5578176 0.1394169 0.2881356 0.2739273 0.3042164 0.3382902 0.0000000 0.9574075 0.8048303 1.1030269 1.1467129 1.0840600 1.2151555 1.1788687 1.1418991 1.1089733 1.0899077 1.1356178 1.0118914 1.2485309 1.2074303 1.2634684 1.0687231 1.0602213 1.0646059 1.1352486 1.0366374 1.3684644 1.4364474 1.4228496 1.3313690 1.2687080 1.3202670 1.3004980 1.2497667 1.2731983 1.3710115 1.0348707 1.1199640 1.1990176 1.2481829 1.4879448 1.0857591 1.2361042 1.3590951 1.6372490 1.3124922 1.5272190 1.3621165 2.0001732 1.4849012 1.5717010 1.6140021 1.4210623 1.4921406 1.6697604 1.4797632 2.0646747 1.5329418 2.1476983 2.1172246 2.3252681 2.1080354 2.2774015 2.2496837 1.7435364 1.0305615 2.3117937 1.5304387 1.2547117 
Dgig_XM_028550214.1                                      0.8962212 0.8575867 0.8667679 0.6930062 0.6772408 0.6690123 0.6904432 0.6641343 0.6788062 0.7140901 0.9574075 0.0000000 0.1778818 0.9499613 0.9515330 0.9723390 1.1962297 1.1288977 1.0725832 1.0363573 1.0261554 1.0557253 0.9883431 1.0434755 1.0537913 1.0800019 1.1088252 1.0169041 1.0579354 1.0950954 0.9164534 1.1309241 1.2129147 1.0025092 0.9846258 1.0275667 1.1425686 1.0682680 1.0330370 1.0396012 1.0491230 0.9978592 0.9368353 0.9983200 0.9991820 1.2281104 1.0120393 1.1095981 1.1076479 1.3366286 1.1753669 1.2892405 1.0572754 1.3780193 1.1391030 1.2620346 1.6849694 1.0974519 1.0856984 1.3045787 1.2393783 1.8083471 1.3909418 1.9509649 1.9135843 1.7938527 1.6608667 1.9062936 1.8147688 1.9105618 1.0178366 2.3476474 0.9943122 1.2638527 
Xesp_002517-T1                                           0.7126640 0.6916260 0.5974727 0.5315749 0.5612392 0.6190494 0.5545223 0.4752767 0.5425485 0.5518674 0.8048303 0.1778818 0.0000000 0.7740824 0.7682397 0.8614654 1.0472329 1.0472329 0.8858466 0.8710652 0.8801779 0.8843934 0.8392851 0.8827774 0.8127770 0.9660050 0.9807387 0.9050589 0.9163431 0.8998968 0.8246855 1.0371628 1.0865555 0.8547186 0.8242026 0.8611088 1.0687521 0.9479060 0.9152109 0.9678771 0.9298665 0.7760444 0.8519511 0.9059916 0.8556081 0.9565154 0.9375673 0.9022183 0.9211091 1.0807181 0.9734993 1.0780044 0.9905714 1.2198898 0.9709317 1.1132899 0.9821478 0.8908953 1.0748891 1.0863312 1.1460820 1.1532510 1.1231031 1.7533969 1.8170253 1.8034113 1.6874556 1.7391253 1.6089083 1.4136037 0.6310747 1.8353852 1.0572231 0.8454853 
Tcas_TC016323_001                                        0.8829013 0.7733242 0.7049959 0.8780842 0.9282524 0.8686760 0.8937900 0.9096986 0.8717703 0.8718433 1.1030269 0.9499613 0.7740824 0.0000000 0.6093974 0.6551759 1.2442434 1.1893690 1.0948288 1.0946874 1.0541836 1.0961036 0.9997291 0.9261149 1.0450626 1.1174823 1.1693949 1.1228143 1.0824414 1.0713624 1.0860959 1.1378950 1.2472243 1.0905845 1.0261182 1.0154195 1.1170434 1.2298536 1.1664947 1.2541684 1.2338920 1.1043721 0.9027432 1.0056238 0.8743795 1.2488529 1.2288720 1.1459765 1.3391456 1.3480771 1.1906315 1.3011650 1.1464237 1.3276734 1.2903261 1.4031907 1.6779206 1.2122522 1.1510456 1.3717746 1.1965300 1.6775352 1.5017295 2.0101700 2.0590586 2.0993248 1.7863857 1.9833753 1.9775562 1.9480733 0.9157769 2.6425893 1.0929591 1.1354513 
Dpul_mRNA2464                                            0.7623853 0.7593101 0.6519222 0.8658870 0.8937500 0.8808959 0.9522138 0.9092535 0.9052918 0.9349821 1.1467129 0.9515330 0.7682397 0.6093974 0.0000000 0.7118809 1.1005751 1.0590541 0.9718436 0.9633868 0.9841759 0.9739714 0.8897219 0.9324849 1.0800978 1.1420202 1.1452117 1.1467077 1.1110542 1.1140448 1.0572998 1.1555829 1.1159472 1.0791255 0.9670180 0.9502062 1.1313053 1.0610885 1.0946703 1.1029257 1.0497092 0.9625052 0.8961672 1.0071038 0.8779032 1.2629857 1.2457418 1.1706418 1.3282303 1.4264397 1.2132474 1.2884262 1.1520167 1.2246479 1.1819353 1.3633414 1.5582270 1.2196774 1.1462118 1.3940246 1.1881787 1.4013481 1.3939435 2.0744392 2.0864206 1.8361588 1.7162876 1.9229922 1.9240351 1.8188943 0.9141145 2.7374287 0.9872300 1.1782076 
Cscu_XM_023356175.1                                      0.8650084 0.8572045 0.7432857 0.9776740 0.9504174 0.8937861 0.9469676 0.9494710 0.9500339 0.9288575 1.0840600 0.9723390 0.8614654 0.6551759 0.7118809 0.0000000 1.1877595 1.1511355 1.1011747 1.0846709 1.0788357 1.1029105 0.9805325 0.9695133 1.2209755 1.2528497 1.2718263 1.1524062 1.1989167 1.1320204 1.1498847 1.2575625 1.3084661 1.1333951 1.0606682 1.0608623 1.2030443 1.0871182 1.0910490 1.1056994 1.0928193 0.9828114 0.9769516 1.0685759 0.9221087 1.1311354 1.1362153 1.1829535 1.1728449 1.4752602 1.3032613 1.3771637 1.2349600 1.6475970 1.3134406 1.3129957 1.5771789 1.1786067 1.1180930 1.3021398 1.1301437 1.5846055 1.4120465 2.0370814 2.1429891 1.9726844 1.8283392 1.9005655 1.9346695 1.7191996 0.9412121 2.9088858 1.2604251 1.2677974 
Tadh_TriadT27782                                         1.0533781 1.0475443 0.7865111 1.0915468 1.0401102 1.0440512 1.1435838 1.1489642 1.2008306 1.1507365 1.2151555 1.1962297 1.0472329 1.2442434 1.1005751 1.1877595 0.0000000 0.0148551 0.3441401 0.3330967 0.3247035 0.3473348 0.3067910 1.2195058 1.3614360 1.4571684 1.4832294 1.3770702 1.3262960 1.4415383 1.2905139 1.3978613 1.4308145 1.3200412 1.2812669 1.1777517 1.3585033 1.1968579 1.1389831 1.1958829 1.1298423 1.1638844 1.1608666 1.0927396 1.2087671 1.3163238 1.3640002 1.4004216 1.5115193 1.6083624 1.4288208 1.4898501 1.3995294 1.9363641 1.4400004 1.5254280 1.8105157 1.3776409 1.3969886 1.5483455 1.3997101 1.8151972 1.7582449 2.3141584 2.3341002 2.1355662 2.0497436 2.1778680 1.9757770 1.5712129 0.9702869 3.3515356 1.3929948 1.1115106 
TrH2_TrispH2_011617-RA                                   1.0271900 1.0177291 0.7533140 1.0597000 1.0132370 1.0110956 1.1177102 1.1238689 1.1805892 1.1243684 1.1788687 1.1288977 1.0472329 1.1893690 1.0590541 1.1511355 0.0148551 0.0000000 0.3129790 0.3060688 0.3168424 0.3176911 0.3023376 1.1588960 1.3625009 1.4664124 1.4684166 1.3649317 1.3147094 1.4175877 1.2831906 1.3203418 1.3308770 1.2774655 1.2493600 1.1281869 1.3446537 1.1430797 1.0933904 1.1512116 1.0888156 1.1286683 1.1549402 1.0866995 1.1499790 1.2342658 1.3324882 1.3386711 1.4641642 1.5767128 1.3960995 1.4437441 1.3636415 1.9363641 1.3941808 1.5062853 1.7154544 1.3427686 1.3969886 1.5240336 1.3724534 1.7025416 1.7174949 2.2217559 2.2360253 2.0961504 1.9677617 2.0949664 1.8913862 1.5083144 0.9158580 3.3496875 1.3929948 1.0981705 
HoiH06_mRNA4969                                          0.9613477 0.9173234 0.8125905 0.9778883 0.9603247 0.9294523 1.0559432 0.9936527 1.0507296 1.0469660 1.1418991 1.0725832 0.8858466 1.0948288 0.9718436 1.1011747 0.3441401 0.3129790 0.0000000 0.0795831 0.1169243 0.1158427 0.1205633 1.1911420 1.2969522 1.3208620 1.2655919 1.2245491 1.1837074 1.2781266 1.1359186 1.3188077 1.2914247 1.2089247 1.2139846 1.1149691 1.2347709 1.0733835 1.0405061 1.0750468 1.0305307 0.9891899 0.9834378 0.9613644 1.0839191 1.1628121 1.2513434 1.2837716 1.4273192 1.5231442 1.3735736 1.3638999 1.2897504 1.9463279 1.4250226 1.4631137 1.7850200 1.2603909 1.2463395 1.4326390 1.3271774 2.0451517 1.5334192 2.2459691 2.2680372 1.9907289 1.8460937 2.0857584 1.9497375 1.5934167 0.9882525 4.0068825 1.1498977 1.0534111 
HoiH23_PlH23_004712-RA                                   0.9478379 0.9006546 0.7908207 0.9432284 0.9021654 0.9175012 1.0189425 0.9835633 1.0200057 1.0069669 1.1089733 1.0363573 0.8710652 1.0946874 0.9633868 1.0846709 0.3330967 0.3060688 0.0795831 0.0000000 0.1111388 0.1123846 0.1197655 1.1640951 1.1933589 1.2693662 1.2242301 1.1694716 1.1430774 1.2234965 1.0591866 1.2672568 1.2563110 1.1423638 1.1640842 1.0785506 1.2131048 1.0511733 1.0003083 1.0415364 1.0269010 0.9558597 0.9816705 0.9487388 1.0998128 1.1367729 1.2191150 1.2913366 1.3652966 1.5577873 1.3970732 1.3674166 1.3246906 1.6567889 1.3975229 1.4675948 1.6957663 1.2462356 1.3158067 1.4871511 1.3000145 1.8522324 1.6016356 2.2773264 2.2712423 2.0281334 1.9007101 2.0791973 1.9187549 1.5325238 0.9356617 3.4345791 1.1084058 1.0784237 
Hhon_g05685.t1                                           0.8917612 0.8944670 0.7367193 0.9120963 0.8915906 0.8972776 1.0038907 0.9475809 1.0038042 0.9839211 1.0899077 1.0261554 0.8801779 1.0541836 0.9841759 1.0788357 0.3247035 0.3168424 0.1169243 0.1111388 0.0000000 0.0127827 0.1496167 1.1292262 1.1841353 1.1787404 1.2001295 1.1844941 1.1381315 1.2270213 1.0649989 1.2172991 1.2114025 1.1547066 1.1667171 1.0431553 1.2458189 1.0365994 1.0021165 1.0422059 0.9980125 0.9292592 0.9674654 0.9638981 1.0512391 1.1250984 1.2310776 1.2483875 1.3322853 1.5239687 1.3687561 1.3568827 1.3127362 1.5257148 1.3148470 1.4923607 1.6038769 1.2757366 1.3273835 1.4630587 1.3415186 1.6918427 1.6286404 2.2372382 2.2689375 2.0234957 1.8980751 2.0741229 1.8654648 1.5716898 0.8454641 3.4689694 1.1492812 1.0989936 
HoiH04_mRNA10050                                         0.9359679 0.9033880 0.8193911 0.9433348 0.9059269 0.9432581 1.0383812 0.9776728 1.0290113 1.0127479 1.1356178 1.0557253 0.8843934 1.0961036 0.9739714 1.1029105 0.3473348 0.3176911 0.1158427 0.1123846 0.0127827 0.0000000 0.1436746 1.1751151 1.1798778 1.1848257 1.1992942 1.1831488 1.1367463 1.2316023 1.0728721 1.2569832 1.2289546 1.1770901 1.1829371 1.0812212 1.2586021 1.0551643 1.0081735 1.0686375 1.0249834 0.9562801 0.9762456 0.9601753 1.0819690 1.1436744 1.2422309 1.3010144 1.3634291 1.5478250 1.3911741 1.3826069 1.3331297 1.5257148 1.3463374 1.5022812 1.6064604 1.2593577 1.3148713 1.4474228 1.3155337 1.6890553 1.6501108 2.3353204 2.3509805 2.0527912 1.9461318 2.0911336 1.9287211 1.5579635 0.8758015 3.4664007 1.1337005 1.0942329 
HoiH11_mRNA3618                                          0.7657855 0.8424655 0.7459857 0.8624670 0.8462001 0.7983431 0.9002830 0.8339679 0.9181429 0.9000554 1.0118914 0.9883431 0.8392851 0.9997291 0.8897219 0.9805325 0.3067910 0.3023376 0.1205633 0.1197655 0.1496167 0.1436746 0.0000000 1.0348686 1.2100969 1.2664193 1.2150628 1.1749770 1.1032962 1.1959531 1.0639751 1.1381750 1.1518892 1.0707170 1.0604664 0.9652232 1.1768187 0.9581134 0.9524530 0.9952217 0.9417322 0.9075990 0.9257093 0.8814688 0.9984890 1.0018338 1.0806255 1.0976074 1.3107028 1.4348172 1.2928619 1.2928735 1.2266213 1.8934522 1.2996627 1.3476262 1.6207105 1.2951399 1.1286625 1.3266777 1.2197706 1.8858844 1.5501245 2.0931079 2.0616023 1.8898844 1.7237414 1.9062403 1.7861064 1.6069851 0.8829690 4.1506194 0.9642843 1.0024260 
Ctel_gnl_WGS_AMQN_CAPTEDRAFT_mRNA156589                  1.0599241 0.9390027 0.7802803 1.1016423 1.0892163 0.9533214 1.0878535 1.1489305 1.1108925 1.0498204 1.2485309 1.0434755 0.8827774 0.9261149 0.9324849 0.9695133 1.2195058 1.1588960 1.1911420 1.1640951 1.1292262 1.1751151 1.0348686 0.0000000 1.2660748 1.1932425 1.1987115 1.1549546 1.1630298 1.2131426 1.2046720 1.4033455 1.2989027 1.2369934 1.2250421 1.1920989 1.1455131 1.2362044 1.2499577 1.2665105 1.2260790 1.1353147 1.0086572 1.1817961 0.9307183 1.3674300 1.4381217 1.4319255 1.5300355 1.6503697 1.5036304 1.6029148 1.4027846 1.8635250 1.4824556 1.4535033 1.6655770 1.3207086 1.3434875 1.5266204 1.4260663 1.9730635 1.5292311 2.3806042 2.3185638 2.2428630 1.9607568 2.2578889 2.0369197 2.0208547 1.0080334 2.9238051 1.1417337 1.4532747 
Hvul_g24513_1                                            1.0984313 1.0525258 0.8882488 1.0756459 1.0514951 0.9674739 1.0436598 1.0600631 1.0210771 0.9893723 1.2074303 1.0537913 0.8127770 1.0450626 1.0800978 1.2209755 1.3614360 1.3625009 1.2969522 1.1933589 1.1841353 1.1798778 1.2100969 1.2660748 0.0000000 0.5597712 0.7866532 0.6811885 0.6861113 0.7293659 0.7555647 1.1497702 1.2065896 0.9845738 0.9669514 1.1491950 1.2089723 1.2692812 1.2884879 1.3096137 1.2496827 1.1554035 1.0364614 1.0658876 1.1200955 1.3828105 1.3591651 1.2980471 1.4552594 1.6498634 1.5219041 1.4962556 1.3749664 1.6913523 1.5081290 1.5023974 1.8634445 1.3572552 1.3667950 1.5651882 1.4289846 1.8659992 1.6351911 1.9093293 1.9827713 1.9229207 1.8109836 1.9412633 1.7912135 1.9459408 1.2016506 2.9349730 1.0610038 1.3288774 
Chem_TCONS_00011835                                      1.1313597 1.0475649 1.0034632 1.0688284 1.0129441 1.0306094 1.1435980 1.1067980 1.0913011 1.1044623 1.2634684 1.0800019 0.9660050 1.1174823 1.1420202 1.2528497 1.4571684 1.4664124 1.3208620 1.2693662 1.1787404 1.1848257 1.2664193 1.1932425 0.5597712 0.0000000 0.8132290 0.7816653 0.7547300 0.7988495 0.7281446 1.2953627 1.3051530 1.2032679 1.2149646 1.1848457 1.1494516 1.2425273 1.2489182 1.3186241 1.2806952 1.1757306 1.1774175 1.1897191 1.1447767 1.3838260 1.3273041 1.3775302 1.5257894 1.7304414 1.5431279 1.5383782 1.4195380 1.5473155 1.6009270 1.4303524 1.6223367 1.3578108 1.3018010 1.4350040 1.4207893 1.8224051 1.7444610 1.9563883 1.9977737 1.8187878 1.7740627 1.9710401 1.7484536 1.9386552 1.3744462 2.9074124 1.1875259 1.5910270 
Aaur_scaffold1256.g6.t1                                  1.1553521 1.0236729 0.9823158 0.9745353 0.9356888 0.8583046 0.9552525 0.9692092 0.9447864 0.9254410 1.0687231 1.1088252 0.9807387 1.1693949 1.1452117 1.2718263 1.4832294 1.4684166 1.2655919 1.2242301 1.2001295 1.1992942 1.2150628 1.1987115 0.7866532 0.8132290 0.0000000 0.1770505 0.1885405 0.2867675 0.5492894 1.2837971 1.3283286 1.3003783 1.2652834 1.2137417 1.2450406 1.3193011 1.3587892 1.3434520 1.3975011 1.2044471 1.0548547 1.1502600 1.2362512 1.4796408 1.4517950 1.4899885 1.6196854 1.8530281 1.5697392 1.6426633 1.5072993 1.7035296 1.6404902 1.7904744 1.8393324 1.5825709 1.6801781 1.8232987 1.6643703 2.0898598 1.7341967 2.3965271 2.3530886 2.1899105 2.1894740 2.2109549 2.2273768 2.2563962 1.1489937 2.7259673 1.1929465 1.4588599 
Nemnom_g10862.t1                                         1.1328808 0.9419512 0.9992522 0.9666984 0.9381080 0.8807886 0.9443743 0.9689854 0.9222979 0.9251421 1.0602213 1.0169041 0.9050589 1.1228143 1.1467077 1.1524062 1.3770702 1.3649317 1.2245491 1.1694716 1.1844941 1.1831488 1.1749770 1.1549546 0.6811885 0.7816653 0.1770505 0.0000000 0.0842318 0.2569719 0.5307699 1.2172930 1.2751171 1.1734292 1.1296091 1.1884630 1.1314590 1.2575055 1.2717733 1.2692781 1.3040421 1.1541794 1.0899019 1.0700357 1.1406850 1.3664745 1.3646778 1.3695390 1.4596686 1.7119949 1.4623666 1.4926561 1.4508182 1.6772922 1.4989685 1.6151626 1.8544490 1.3885373 1.5009470 1.6338183 1.4709799 2.1027674 1.5923990 2.1956268 2.1962333 1.9563076 1.9018754 2.0203411 1.9576155 2.0791250 1.1058735 2.5882757 1.1742889 1.3653767 
Rhoesc_Res_012246-T1                                     1.1138093 0.9502619 0.9432020 0.9773489 0.9390079 0.8814825 0.9444865 0.9787594 0.9417266 0.9199376 1.0646059 1.0579354 0.9163431 1.0824414 1.1110542 1.1989167 1.3262960 1.3147094 1.1837074 1.1430774 1.1381315 1.1367463 1.1032962 1.1630298 0.6861113 0.7547300 0.1885405 0.0842318 0.0000000 0.2474661 0.5107386 1.1989816 1.2463227 1.1652145 1.1205513 1.1592148 1.0973484 1.2306337 1.2614782 1.2717086 1.2813204 1.1510311 1.0777505 1.0685143 1.1092381 1.3435424 1.4046202 1.3425389 1.4700166 1.7162859 1.4860637 1.4720632 1.4610150 1.5794124 1.4874214 1.6627875 1.8917034 1.3973695 1.4704785 1.6356530 1.4891094 2.1099359 1.6611179 2.1795291 2.2021123 1.9488440 1.8977346 1.9413772 2.0095572 2.1725881 1.0815980 2.6648912 1.0783377 1.4018814 
Sanmal_Sma_016700-T1                                     1.1063889 0.9996889 0.9001741 1.0107977 0.9934964 0.9608050 0.9998582 0.9394958 0.9570193 0.9253473 1.1352486 1.0950954 0.8998968 1.0713624 1.1140448 1.1320204 1.4415383 1.4175877 1.2781266 1.2234965 1.2270213 1.2316023 1.1959531 1.2131426 0.7293659 0.7988495 0.2867675 0.2569719 0.2474661 0.0000000 0.5900265 1.2811314 1.3350622 1.1868593 1.1043930 1.1790416 1.1271458 1.3193980 1.3012489 1.3473162 1.3533477 1.2690277 1.0534826 1.0907099 1.1394283 1.3844190 1.4153169 1.3693537 1.4897506 1.7553947 1.5114218 1.5106384 1.3787631 1.6092772 1.4639851 1.5911028 1.7809055 1.4021944 1.4970677 1.6442002 1.4475933 1.9105110 1.6999799 2.2206726 2.2640600 2.0558547 1.9191783 2.0892598 2.0101818 2.2040423 1.0753954 2.5304137 1.1399588 1.2921559 
Morvir_scaffold199.g15.t2                                1.0033007 1.0037439 0.9459189 0.9444197 0.8459101 0.8332426 0.9033272 0.8880059 0.8809235 0.8744421 1.0366374 0.9164534 0.8246855 1.0860959 1.0572998 1.1498847 1.2905139 1.2831906 1.1359186 1.0591866 1.0649989 1.0728721 1.0639751 1.2046720 0.7555647 0.7281446 0.5492894 0.5307699 0.5107386 0.5900265 0.0000000 1.1560830 1.1277053 1.1028583 1.0562478 1.0932364 1.0667239 1.1661178 1.1647565 1.2383670 1.1954997 1.0843809 0.9861999 1.0422988 1.0865570 1.2516800 1.1937909 1.2279325 1.3040069 1.6337910 1.4293532 1.4956559 1.3479549 1.6261595 1.4965917 1.4982053 1.8967355 1.4342315 1.4217731 1.5602806 1.4977435 1.9845863 1.5922904 2.0193825 2.0751681 1.9168576 1.7971980 1.9414139 1.9084305 1.9917071 1.1111684 2.7329782 1.0217515 1.4440338 
Aque_Aqu2.1.28649_001                                    1.0824983 1.0734720 0.9564241 1.2159950 1.1609559 1.0453919 1.2138520 1.2336405 1.2238249 1.1772257 1.3684644 1.1309241 1.0371628 1.1378950 1.1555829 1.2575625 1.3978613 1.3203418 1.3188077 1.2672568 1.2172991 1.2569832 1.1381750 1.4033455 1.1497702 1.2953627 1.2837971 1.2172930 1.1989816 1.2811314 1.1560830 0.0000000 0.2907584 0.7297983 0.7407224 0.6387897 0.9327219 1.2114661 1.2066599 1.2248583 1.1995815 1.0239034 1.0419399 1.0459137 1.1645127 1.3554732 1.3202756 1.4602573 1.3046821 1.6079926 1.5628802 1.5216349 1.2733064 2.0178068 1.5093556 1.4543309 1.8889531 1.4489672 1.6155296 1.7759917 1.5001486 2.0530584 1.7284278 2.2127839 2.2429660 2.0644228 1.9982800 2.0835250 2.1929150 1.5032866 1.2499006 2.9834235 0.3655977 1.4395435 
Halamb_c52009_g1_i3m.31918                               1.1205597 1.1210577 0.9721052 1.1930472 1.1408415 1.0960668 1.2360877 1.2024595 1.2556586 1.2242614 1.4364474 1.2129147 1.0865555 1.2472243 1.1159472 1.3084661 1.4308145 1.3308770 1.2914247 1.2563110 1.2114025 1.2289546 1.1518892 1.2989027 1.2065896 1.3051530 1.3283286 1.2751171 1.2463227 1.3350622 1.1277053 0.2907584 0.0000000 0.7514842 0.7668384 0.6155201 0.9128284 1.1384910 1.1222731 1.1279551 1.1793536 1.0756651 1.0363282 1.1184139 1.1980651 1.4450778 1.3253827 1.4624135 1.3790254 1.6588531 1.5411602 1.5646096 1.3229363 1.9733728 1.5417958 1.5307435 1.7976893 1.4540207 1.6459712 1.8096534 1.5494816 1.8689259 1.7514341 2.1566365 2.2467506 2.0644055 2.0356018 2.0926073 2.1074647 1.4579112 1.1962035 3.0058832 0.3662629 1.4715150 
Emue_Em0005g1540a.t1                                     1.0668489 0.9122897 0.9639776 1.1279072 1.1086208 1.1312039 1.1196489 1.0875145 1.1717156 1.1391018 1.4228496 1.0025092 0.8547186 1.0905845 1.0791255 1.1333951 1.3200412 1.2774655 1.2089247 1.1423638 1.1547066 1.1770901 1.0707170 1.2369934 0.9845738 1.2032679 1.3003783 1.1734292 1.1652145 1.1868593 1.1028583 0.7297983 0.7514842 0.0000000 0.2228017 0.5962912 0.8788538 1.0834198 0.9371368 1.0145833 1.0106125 0.8795681 0.9632140 0.9189019 1.1293046 1.2089991 1.2676289 1.3372232 1.2983946 1.5727733 1.4603632 1.4909384 1.1864247 1.6619619 1.4108663 1.4047164 1.5121865 1.3322448 1.3847624 1.5401790 1.4932903 1.7035793 1.5435463 2.2274667 2.2294903 1.9867991 1.8367479 1.9787251 1.9343670 1.4867880 1.1314785 2.8380385 0.6374479 1.2627572 
Spolac_c99611_g3_i1_m.20116c99611-g3                     0.9712052 0.8502210 0.9041929 1.0419409 1.0149409 1.0257104 1.0489155 1.0204132 1.0575114 1.0031823 1.3313690 0.9846258 0.8242026 1.0261182 0.9670180 1.0606682 1.2812669 1.2493600 1.2139846 1.1640842 1.1667171 1.1829371 1.0604664 1.2250421 0.9669514 1.2149646 1.2652834 1.1296091 1.1205513 1.1043930 1.0562478 0.7407224 0.7668384 0.2228017 0.0000000 0.5632550 0.7980066 1.0379072 0.9096681 1.0035553 1.0069968 0.8740424 0.8958527 0.9123324 0.9927705 1.2414523 1.2482477 1.2432470 1.2487168 1.5503461 1.4675715 1.5245054 1.1313966 1.6591538 1.3518420 1.3301642 1.4766074 1.2816963 1.3458422 1.4776725 1.4321985 1.6317862 1.4266356 2.1045279 2.1121301 1.9682041 1.8358079 1.9141749 1.9892987 1.4875050 1.0694244 2.8628182 0.6450996 1.2355271 
Tetwil_g23916.t1                                         0.9933765 0.9382075 0.8902198 0.9983211 0.9604678 0.9773787 1.0038396 1.0421826 1.0389687 1.0140805 1.2687080 1.0275667 0.8611088 1.0154195 0.9502062 1.0608623 1.1777517 1.1281869 1.1149691 1.0785506 1.0431553 1.0812212 0.9652232 1.1920989 1.1491950 1.1848457 1.2137417 1.1884630 1.1592148 1.1790416 1.0932364 0.6387897 0.6155201 0.5962912 0.5632550 0.0000000 0.8000561 1.0512813 1.0018260 1.0298189 1.0342932 0.9298102 0.8791516 0.9756617 1.0462895 1.2920971 1.2004411 1.1988407 1.2572559 1.5134322 1.3764506 1.4288248 1.1935101 1.6938854 1.2952418 1.3428396 1.4790756 1.2485250 1.2865376 1.4541834 1.3424964 1.7089659 1.4416414 2.0833921 2.0742319 1.8422185 1.8611754 1.8951368 1.9581121 1.3301672 1.1280905 2.6122469 0.5658782 1.3094811 
Plespi_Pspi_C611012_01                                   1.0625552 1.0243084 0.9878310 1.0599144 1.0569619 1.0611256 1.0730052 1.0646389 1.0707460 1.0390018 1.3202670 1.1425686 1.0687521 1.1170434 1.1313053 1.2030443 1.3585033 1.3446537 1.2347709 1.2131048 1.2458189 1.2586021 1.1768187 1.1455131 1.2089723 1.1494516 1.2450406 1.1314590 1.0973484 1.1271458 1.0667239 0.9327219 0.9128284 0.8788538 0.7980066 0.8000561 0.0000000 1.0460252 1.0111708 1.1006921 1.0156385 0.9668164 1.0741520 0.9674469 1.1271472 1.3064732 1.2471637 1.2661705 1.2256591 1.5331064 1.4862521 1.5109093 1.3159015 1.6155891 1.4098635 1.4355742 1.4606649 1.3732093 1.4848768 1.6066364 1.4748620 1.7594100 1.5736257 2.0011776 2.0052066 1.9642847 1.7132225 1.8628317 1.9930471 1.5753834 1.0632994 2.7774366 0.9370096 1.2232538 
Scil_scict011060.2                                       0.9631691 1.1297108 1.1206321 0.9380483 0.9719146 1.0665614 1.0453109 1.0060183 1.1023696 1.0213258 1.3004980 1.0682680 0.9479060 1.2298536 1.0610885 1.0871182 1.1968579 1.1430797 1.0733835 1.0511733 1.0365994 1.0551643 0.9581134 1.2362044 1.2692812 1.2425273 1.3193011 1.2575055 1.2306337 1.3193980 1.1661178 1.2114661 1.1384910 1.0834198 1.0379072 1.0512813 1.0460252 0.0000000 0.2828410 0.2559823 0.2864129 0.5305065 0.9973726 0.9964756 1.1901312 1.1122536 1.2712871 1.3327007 1.4322689 1.5549291 1.4717408 1.5050551 1.3630513 1.7561607 1.4611627 1.3394471 1.5340094 1.2921342 1.2187619 1.3644963 1.3443090 1.7572170 1.5447148 1.9700631 1.9396626 1.7968914 1.7756894 1.7519839 1.9135922 1.6748367 1.1862413 3.0447143 0.9646506 1.3799772 
Lcom_lcpid45064                                          0.9299647 1.0648115 1.1695142 0.8732462 0.9157354 1.0144647 0.9768314 0.9203232 1.0196139 0.9627855 1.2497667 1.0330370 0.9152109 1.1664947 1.0946703 1.0910490 1.1389831 1.0933904 1.0405061 1.0003083 1.0021165 1.0081735 0.9524530 1.2499577 1.2884879 1.2489182 1.3587892 1.2717733 1.2614782 1.3012489 1.1647565 1.2066599 1.1222731 0.9371368 0.9096681 1.0018260 1.0111708 0.2828410 0.0000000 0.2419466 0.3050096 0.5019783 0.9497446 0.9547987 1.1321219 1.1499218 1.2471046 1.3178427 1.3693762 1.5514715 1.3441489 1.3716279 1.2681739 1.7120403 1.4318426 1.3778248 1.5283591 1.2495939 1.1740428 1.2841740 1.3635952 1.6915968 1.5255175 1.9019099 1.9410386 1.8311732 1.7794800 1.8993724 1.9283364 1.7810891 1.1037589 2.6953113 1.0436872 1.2940455 
Leuniv_Lniv_scaffold20864_01                             1.0008602 1.1765081 1.1390910 0.9168413 0.9718072 1.0200205 1.0319489 0.9762665 1.0863899 1.0199455 1.2731983 1.0396012 0.9678771 1.2541684 1.1029257 1.1056994 1.1958829 1.1512116 1.0750468 1.0415364 1.0422059 1.0686375 0.9952217 1.2665105 1.3096137 1.3186241 1.3434520 1.2692781 1.2717086 1.3473162 1.2383670 1.2248583 1.1279551 1.0145833 1.0035553 1.0298189 1.1006921 0.2559823 0.2419466 0.0000000 0.3092740 0.5421999 1.0500481 1.0952012 1.2330567 1.1679623 1.2381921 1.2626310 1.3891706 1.6155912 1.3872851 1.4736412 1.3446147 2.2264281 1.5691786 1.4024851 1.6252289 1.3291892 1.3042136 1.4351058 1.5015953 1.9291803 1.5693742 1.8509545 1.8773597 1.7018958 1.6656965 1.8702853 2.0027347 1.6160464 1.1244154 3.3509323 1.1359506 1.3841149 
Gracom_Gcom_scaffold14856_01                             1.0046442 1.1081294 1.1142489 0.9989010 1.0061644 1.1009290 1.0724539 1.0376449 1.1285586 1.0640393 1.3710115 1.0491230 0.9298665 1.2338920 1.0497092 1.0928193 1.1298423 1.0888156 1.0305307 1.0269010 0.9980125 1.0249834 0.9417322 1.2260790 1.2496827 1.2806952 1.3975011 1.3040421 1.2813204 1.3533477 1.1954997 1.1995815 1.1793536 1.0106125 1.0069968 1.0342932 1.0156385 0.2864129 0.3050096 0.3092740 0.0000000 0.5528755 1.0034697 1.0292321 1.2314306 1.1537550 1.2908439 1.3308018 1.4465302 1.5725790 1.4250892 1.4633283 1.2912495 1.8762747 1.3906751 1.3557761 1.5396990 1.2836708 1.2522076 1.3387532 1.4280479 1.7144278 1.5752665 1.9695858 2.0757589 1.8050470 1.7550375 1.8939460 1.9599135 1.7302248 1.2348378 2.8053213 1.0729134 1.2890019 
Clacor_Ccor_C541183_01                                   0.8873581 0.9678341 1.0513795 0.8778829 0.8648390 0.8277514 0.8963259 0.8119722 0.9339190 0.8675555 1.0348707 0.9978592 0.7760444 1.1043721 0.9625052 0.9828114 1.1638844 1.1286683 0.9891899 0.9558597 0.9292592 0.9562801 0.9075990 1.1353147 1.1554035 1.1757306 1.2044471 1.1541794 1.1510311 1.2690277 1.0843809 1.0239034 1.0756651 0.8795681 0.8740424 0.9298102 0.9668164 0.5305065 0.5019783 0.5421999 0.5528755 0.0000000 0.8826464 0.8808246 1.1017239 0.9203793 1.0189168 1.0432123 1.1583229 1.2643049 1.1474200 1.1892196 1.1203498 1.4075879 1.2506630 1.2424985 1.4145345 1.2664425 1.1188492 1.2994642 1.3309427 1.7041449 1.3623185 1.8326729 1.7694723 1.5967997 1.5682751 1.7903138 1.8289068 1.5920214 1.1148758 3.2947286 0.8502083 1.1267570 
Opea_EP00118_Oscarella_pearsei_P009060                   0.8994746 0.8602118 0.8836773 0.8372104 0.8219796 0.8689233 0.9078686 0.8537077 0.9006810 0.8706447 1.1199640 0.9368353 0.8519511 0.9027432 0.8961672 0.9769516 1.1608666 1.1549402 0.9834378 0.9816705 0.9674654 0.9762456 0.9257093 1.0086572 1.0364614 1.1774175 1.0548547 1.0899019 1.0777505 1.0534826 0.9861999 1.0419399 1.0363282 0.9632140 0.8958527 0.8791516 1.0741520 0.9973726 0.9497446 1.0500481 1.0034697 0.8826464 0.0000000 0.6228897 0.9341464 1.1956038 1.1806662 1.1378550 1.2838650 1.2951708 1.1791918 1.2261641 1.1098664 1.3861178 1.2295454 1.3931019 1.3022554 1.1780847 1.2510202 1.3580321 1.3281549 1.5840072 1.4465523 2.0910180 2.0649179 1.9037654 1.7297887 2.0534301 1.9213216 1.7903136 1.1029262 2.7127882 0.9840161 0.0522559 
Plajan_Pjan_C565368_01                                   0.9035555 0.9649839 0.9901081 0.9600599 0.9655341 0.9878563 1.0175535 1.0348621 1.0094866 0.9553688 1.1990176 0.9983200 0.9059916 1.0056238 1.0071038 1.0685759 1.0927396 1.0866995 0.9613644 0.9487388 0.9638981 0.9601753 0.8814688 1.1817961 1.0658876 1.1897191 1.1502600 1.0700357 1.0685143 1.0907099 1.0422988 1.0459137 1.1184139 0.9189019 0.9123324 0.9756617 0.9674469 0.9964756 0.9547987 1.0952012 1.0292321 0.8808246 0.6228897 0.0000000 1.1299589 1.2596919 1.1139892 1.2580432 1.2259877 1.3363386 1.2710050 1.2491890 1.1591263 1.5213083 1.3326555 1.5400433 1.6765136 1.3675712 1.2797725 1.4256137 1.4196585 1.8782461 1.5874855 1.9922043 2.0466597 1.7999731 1.8130124 1.8850219 1.9697512 1.5973445 1.0888545 2.9883237 1.0594714 0.7158575 
Cgig_XM_011442085.3                                      0.9547555 0.9558379 0.9038803 1.0000021 0.9879978 0.9473322 1.0608152 1.0722206 1.0536834 1.0001674 1.2481829 0.9991820 0.8556081 0.8743795 0.8779032 0.9221087 1.2087671 1.1499790 1.0839191 1.0998128 1.0512391 1.0819690 0.9984890 0.9307183 1.1200955 1.1447767 1.2362512 1.1406850 1.1092381 1.1394283 1.0865570 1.1645127 1.1980651 1.1293046 0.9927705 1.0462895 1.1271472 1.1901312 1.1321219 1.2330567 1.2314306 1.1017239 0.9341464 1.1299589 0.0000000 1.2662467 1.3624168 1.2275236 1.4391549 1.5695422 1.2929807 1.3354379 1.2759313 1.4363384 1.3268893 1.5365229 1.8450490 1.2618265 1.2664468 1.4879918 1.3856507 1.9050806 1.5342279 2.2119395 2.2192002 2.2399515 1.8948199 2.0173371 2.0452917 1.8369287 0.7749292 3.0678046 1.0102016 1.4945119 
Salkve_EP00050_Salpingoeca_kvevrii_P011264               1.1602831 1.2355121 1.0815924 1.2338044 1.1565385 1.1584159 1.2635534 1.2768599 1.3310309 1.2315515 1.4879448 1.2281104 0.9565154 1.2488529 1.2629857 1.1311354 1.3163238 1.2342658 1.1628121 1.1367729 1.1250984 1.1436744 1.0018338 1.3674300 1.3828105 1.3838260 1.4796408 1.3664745 1.3435424 1.3844190 1.2516800 1.3554732 1.4450778 1.2089991 1.2414523 1.2920971 1.3064732 1.1122536 1.1499218 1.1679623 1.1537550 0.9203793 1.1956038 1.2596919 1.2662467 0.0000000 1.0322551 1.1267829 0.9760444 1.1391164 1.1343005 1.1848277 0.9880068 1.4124906 1.0956424 1.1798547 1.6609327 1.2312893 1.3302391 1.5066662 1.4455923 1.9356289 1.3627221 2.0509948 2.1654401 1.9825839 1.6377928 1.9374133 1.8511123 1.7060422 1.3564248 3.8089213 1.3299972 1.3588502 
Salmac_EP00052_Salpingoeca_macrocollata_P018703          1.0388070 1.1687937 1.0558135 0.9519220 0.9314856 0.9509577 0.9097912 0.9500906 0.9498250 0.9155110 1.0857591 1.0120393 0.9375673 1.2288720 1.2457418 1.1362153 1.3640002 1.3324882 1.2513434 1.2191150 1.2310776 1.2422309 1.0806255 1.4381217 1.3591651 1.3273041 1.4517950 1.3646778 1.4046202 1.4153169 1.1937909 1.3202756 1.3253827 1.2676289 1.2482477 1.2004411 1.2471637 1.2712871 1.2471046 1.2381921 1.2908439 1.0189168 1.1806662 1.1139892 1.3624168 1.0322551 0.0000000 0.9068517 0.8622279 1.0960106 1.0209176 1.0394489 1.0773754 1.6940801 1.2140488 1.0701511 1.5618450 1.2440505 1.3433908 1.4303995 1.4291621 1.7457938 1.4333351 1.7077320 1.6567369 1.8012705 1.6158927 1.8114970 1.7822270 1.8430055 1.2814781 3.1697027 1.3910840 1.3439565 
Saldol_EP00054_Salpingoeca_dolichothecata_P027989        1.1514385 1.0434637 0.9411311 0.9969765 1.0228151 0.9930232 1.0317990 0.9501396 1.0138183 1.0345893 1.2361042 1.1095981 0.9022183 1.1459765 1.1706418 1.1829535 1.4004216 1.3386711 1.2837716 1.2913366 1.2483875 1.3010144 1.0976074 1.4319255 1.2980471 1.3775302 1.4899885 1.3695390 1.3425389 1.3693537 1.2279325 1.4602573 1.4624135 1.3372232 1.2432470 1.1988407 1.2661705 1.3327007 1.3178427 1.2626310 1.3308018 1.0432123 1.1378550 1.2580432 1.2275236 1.1267829 0.9068517 0.0000000 0.9889006 1.2264476 1.0913170 1.1520878 1.1367298 1.4813000 1.2396950 1.0880188 1.8025598 1.3690976 1.4448315 1.6157301 1.4539463 1.9050533 1.1937259 1.9601190 1.8909973 1.7919635 1.6532642 1.8320669 1.7572266 1.8844602 1.3182656 2.9830565 1.2831993 1.2339647 
Salpun_EP00053_Salpingoeca_punica_P011620                1.1984405 1.2157927 1.2396298 1.1052605 1.0829800 1.1138042 1.1371455 1.1168592 1.1589841 1.1128322 1.3590951 1.1076479 0.9211091 1.3391456 1.3282303 1.1728449 1.5115193 1.4641642 1.4273192 1.3652966 1.3322853 1.3634291 1.3107028 1.5300355 1.4552594 1.5257894 1.6196854 1.4596686 1.4700166 1.4897506 1.3040069 1.3046821 1.3790254 1.2983946 1.2487168 1.2572559 1.2256591 1.4322689 1.3693762 1.3891706 1.4465302 1.1583229 1.2838650 1.2259877 1.4391549 0.9760444 0.8622279 0.9889006 0.0000000 1.2912330 1.1376384 1.1948335 1.0834092 1.4040909 1.0932991 0.9915938 1.6906053 1.2024447 1.3649067 1.5119340 1.4610501 1.7540585 1.3426065 1.6753267 1.6292263 1.8572238 1.6733299 1.8003477 1.6667541 1.9087517 1.5453887 3.2711736 1.4226458 1.5064339 
Mbre_EDQ87597                                            1.3394784 1.3233894 1.1683743 1.3493224 1.3024155 1.1926407 1.3321616 1.3212038 1.3371494 1.2704491 1.6372490 1.3366286 1.0807181 1.3480771 1.4264397 1.4752602 1.6083624 1.5767128 1.5231442 1.5577873 1.5239687 1.5478250 1.4348172 1.6503697 1.6498634 1.7304414 1.8530281 1.7119949 1.7162859 1.7553947 1.6337910 1.6079926 1.6588531 1.5727733 1.5503461 1.5134322 1.5331064 1.5549291 1.5514715 1.6155912 1.5725790 1.2643049 1.2951708 1.3363386 1.5695422 1.1391164 1.0960106 1.2264476 1.2912330 0.0000000 0.5373281 0.5762102 0.7309595 0.9121979 0.8805013 1.2772826 2.2043635 1.6096104 1.5576948 1.8260268 1.6194475 2.4782697 1.4759051 2.1037612 2.0701885 2.1728932 1.9850718 2.1754399 2.0797465 2.0849652 1.7400393 3.5199208 1.3894043 1.7442630 
