66
Hsap_ENST00000394900                                         0.0000000 1.2697900 1.5171967 1.4329158 0.8581367 1.4690935 1.3618077 1.4116232 1.2532546 1.2641371 0.5993677 1.2506097 1.2432402 1.2501956 1.6332803 1.3690019 1.4055567 2.2593066 1.5047383 1.3817973 2.2573875 1.5357502 1.5446849 1.5507605 1.7036730 1.6886648 1.7305535 1.6307355 1.4712671 1.7369923 1.8394095 1.6817384 1.7411346 1.5976736 1.8573196 2.1747622 1.9800148 2.7025699 1.8175800 1.7758890 2.3318110 2.2741603 1.7906258 1.8057774 2.0760073 2.0412368 1.9176609 2.5266778 1.9757344 1.8116533 2.0724871 2.0533247 1.8005451 2.5536646 2.6706083 2.5996134 2.9068098 2.4779437 2.9514368 2.4996192 2.3674655 2.4427004 2.6092032 4.5192424 1.6829668 3.2331207 
Ctel_gnl_WGS_AMQN_CAPTEDRAFT_mRNA218793                      1.2697900 0.0000000 1.4450133 1.1994000 0.6574999 1.2629167 1.1038336 1.3234265 0.9759070 1.0997106 0.5324023 1.0692980 1.1468878 1.1108346 1.5166038 1.2550958 1.3624029 1.8005625 1.3415654 1.1619873 2.2559900 1.5773272 1.5789967 1.4477115 1.5307589 1.6048430 1.6551562 1.3326993 1.5019462 1.6446932 1.7590910 1.6650092 1.7156684 1.6784847 1.8892047 1.9427766 2.0381740 2.5806676 1.6020420 1.6778794 2.2480163 1.9251954 1.3265618 1.8853179 2.0493558 1.7866397 1.8623536 2.3956872 1.9261583 1.9849289 2.1145137 1.9365780 2.0113029 2.2873570 3.6274458 2.3447075 2.5576247 2.0956890 2.6789639 2.2592366 2.2459418 2.2358190 2.9447158 4.7183780 1.7057354 3.2435460 
Emue_Em0019g737a.t1                                          1.5171967 1.4450133 0.0000000 0.9915485 0.4501218 1.0906851 0.9124561 1.4248716 1.3230021 1.2911507 0.5846275 1.2377596 1.3181972 1.2649820 2.5079759 1.4998335 1.3841185 1.6811227 1.7170390 1.5785213 5.0034207 1.5940628 1.6464385 1.7051725 2.2865037 1.6978102 1.7403736 1.7998319 1.7543943 1.9554317 1.6742384 1.6740077 1.7189411 1.6607729 1.9122336 2.1052332 1.8554327 5.7024502 1.6079185 1.8018418 3.4991440 5.8882744 1.9898877 2.0355326 1.8572507 1.8956446 2.0417339 3.6806782 2.1775786 1.8943242 2.4084349 2.4019794 1.6972314 2.4287412 3.8305661 2.3975552 3.5376841 2.5049217 4.2720179 2.6609559 2.4603949 1.7418079 1.7176071 4.8415576 1.6116292 3.3913252 
Tetwil_g6210.t2                                              1.4329158 1.1994000 0.9915485 0.0000000 0.4423503 0.9584624 0.4821418 1.2592205 1.1289588 1.1796789 0.5273515 1.1580382 1.1743309 1.1444494 1.6266872 1.3151305 1.2201209 1.8214512 1.3707356 1.4217825 1.8603936 1.4946580 1.4439729 1.5288903 1.7954987 1.5901925 1.5172786 1.5062318 1.5080995 1.6838288 1.9507294 1.6638422 1.6931866 1.6994846 2.0109015 2.1516328 1.9423011 2.4345177 1.7437982 1.7340735 2.3501809 1.7075141 1.7445263 2.2466571 2.2343163 1.9472608 1.9906326 2.8192505 2.2251566 2.0186523 2.1395266 2.4027511 1.8709418 2.4649720 3.3333690 2.6424611 2.7638615 2.5300238 3.4580929 2.5523597 2.5102014 1.5100204 1.3335904 4.3524545 1.6326931 3.2873181 
Xestes_maker-XT_scaffold114019-augustus-gene-0.6-mRNA-1      0.8581367 0.6574999 0.4501218 0.4423503 0.0000000 0.3728966 0.3914342 0.7397252 0.6745867 0.6939153 0.6077489 0.6975395 0.6772228 0.6871610 0.0000010 0.7025893 0.7870529 0.7341326 0.8725016 0.9576366 0.0000010 1.1260407 1.0595486 1.0647688 1.2744683 1.1085624 1.1283294 1.0900837 1.1076142 1.0621849 0.4648768 1.1581931 1.2008760 1.0830617 1.2266345 1.3142150 1.3080444 0.0000010 1.1331723 1.0435460 5.8072550 0.0000010 1.4302071 1.0731871 1.1129465 1.2536920 1.4284562 0.0000010 1.4911696 1.4167639 1.6934179 1.7487329 1.1301673 1.9090867 0.0000010 1.8088546 0.4030494 1.5261426 0.0000010 1.8057919 1.6438372 0.4244605 0.0000010 0.0000010 1.3617633 2.7102216 
Halamb_c48389_g1_i1m.24126                                   1.4690935 1.2629167 1.0906851 0.9584624 0.3728966 0.0000000 0.6536089 1.3090216 1.1679996 1.1479119 0.7070240 1.1949303 1.2974591 1.2338570 1.6252738 1.2730311 1.2694235 1.9108570 1.4585603 1.4028338 1.8054270 1.5842221 1.5271968 1.6943972 1.8741259 1.6712875 1.5259154 1.7595368 1.5289090 1.6993830 1.5578195 1.6460674 1.6227324 1.6604086 1.8733799 2.2336782 1.9933055 2.0663136 1.5281881 1.5079849 2.1342233 1.5921731 1.8057733 2.0952675 2.2503273 1.7679113 1.7611262 2.1466510 1.9089501 1.9298714 2.1812236 2.1209160 1.8236377 2.0737365 2.5902069 2.2951914 2.6345598 2.0697736 2.6428971 2.3566543 2.2647323 0.8795542 1.9206901 3.6423789 1.8184228 3.0845288 
Stycar_snap_masked-SC_scaffold3085-processed-gene-0.3-mRNA-1 1.3618077 1.1038336 0.9124561 0.4821418 0.3914342 0.6536089 0.0000000 1.0441858 0.9222280 1.0089919 0.5599043 1.0108121 1.0191512 0.9786095 1.4026407 1.0878894 0.9503937 1.6375178 1.1672500 1.1274354 1.4771464 1.2364054 1.2048765 1.4301633 1.6199043 1.3463673 1.3932175 1.3111147 1.2973001 1.4100882 1.3270485 1.3694311 1.3504839 1.3791304 1.5270043 1.7793498 1.6168996 2.6828274 1.5151518 1.4710057 2.1404958 1.5443152 1.4430458 1.7831013 1.7554204 1.4666500 1.6410332 2.1934898 1.8469999 1.7296222 1.9893913 2.1792003 1.5214304 2.2465618 2.6741606 2.1960442 2.4792493 2.2941291 2.7400615 2.2521715 2.1616133 1.1617918 1.1191527 2.5530416 1.6194551 2.6057734 
Exapal_XM_021041078.2                                        1.4116232 1.3234265 1.4248716 1.2592205 0.7397252 1.3090216 1.0441858 0.0000000 0.7078032 0.7134504 0.3271578 0.6560478 0.6862704 0.6825378 0.9899275 1.4147847 1.1960807 2.0049456 1.1449936 1.3095097 1.6463359 1.3679310 1.3179964 1.6331280 1.5538285 1.5072842 1.6438709 1.4018240 1.3386587 1.4593999 1.0297110 1.7011469 1.7278344 1.7509296 2.0071887 2.2111686 2.0775627 2.7301206 1.5646875 1.5291398 2.4145335 1.5902325 1.4654859 2.0036053 2.0749247 1.8419186 1.9128307 2.5964034 1.8386549 1.7776366 2.3344114 2.1426398 1.9080200 2.3737837 3.2082010 2.3723231 2.6268698 2.3979409 3.5278029 2.3836734 2.2745564 2.2623481 2.3560100 3.8112497 1.5260885 2.9996291 
Adig_XM_015903353.1                                          1.2532546 0.9759070 1.3230021 1.1289588 0.6745867 1.1679996 0.9222280 0.7078032 0.0000000 0.0341062 0.1576542 0.3586831 0.4347511 0.4082805 0.4912543 1.2577259 1.2458595 1.7009031 1.0881432 1.1936817 1.9391006 1.3318830 1.3716584 1.4778510 1.5244168 1.5630829 1.5197839 1.1943810 1.2935042 1.7057320 1.2727669 1.5733307 1.7338555 1.6942876 1.8474747 2.3432960 1.8738637 3.2222143 1.6800489 1.7891938 2.9938509 2.4346643 1.5690698 2.1237080 2.2969540 1.8797891 1.8129998 2.7213295 1.8781937 1.8204029 2.0658774 1.9686772 1.7459011 2.4763810 2.9296808 2.3585133 2.9932024 2.2405435 3.2987251 2.3234694 2.2730984 2.4071421 3.5935322 4.5295831 1.3067032 2.9820980 
Amil_Amillepora15128-RA                                      1.2641371 1.0997106 1.2911507 1.1796789 0.6939153 1.1479119 1.0089919 0.7134504 0.0341062 0.0000000 0.1672458 0.3252481 0.3998706 0.3791310 0.3912849 1.1527968 1.1238699 1.6022788 1.1189773 1.1636881 1.8962327 1.3179298 1.3835449 1.5305407 1.6332209 1.4929935 1.4726243 1.2722327 1.2746353 1.6839027 0.9839922 1.6118205 1.6536139 1.6071588 1.8813034 2.2800237 1.9582003 2.7058712 1.6092898 1.6337555 2.3499383 1.6883145 1.4764020 2.0501845 2.1540169 2.0243565 1.7982057 2.5564836 1.7472081 1.6797098 2.0345351 2.0586628 1.7607963 2.2710550 2.4129707 2.3608312 2.7137563 2.0884889 2.9857116 2.4393105 2.4417435 1.9155218 2.9233427 4.2725452 1.3781713 3.0623064 
Fspp_ffun1.m4.5799.m1                                        0.5993677 0.5324023 0.5846275 0.5273515 0.6077489 0.7070240 0.5599043 0.3271578 0.1576542 0.1672458 0.0000000 0.1239827 0.1372187 0.1353913 0.0000010 0.7648710 0.7451788 0.7648710 0.6200453 0.8974655 0.0000010 0.6380763 0.5975412 0.8251852 1.1368385 0.7168685 0.7814845 0.8553486 0.7191912 0.9009516 0.0000010 0.9254446 1.0053930 0.9802942 1.0326233 1.0109285 1.0076366 0.0000010 0.9896437 1.0778709 5.6948051 0.0000010 0.9433376 1.1206835 1.1520564 1.1224745 1.0464519 0.0000010 1.3656431 1.3348627 1.6038476 1.4589549 1.0105601 1.8469439 0.0000010 1.6968214 0.0000010 1.2855072 0.0000010 1.4146290 1.2779812 0.0000010 0.0000010 0.0000010 0.8896487 2.5048166 
Gasp_gasp1.m3.4597.m1                                        1.2506097 1.0692980 1.2377596 1.1580382 0.6975395 1.1949303 1.0108121 0.6560478 0.3586831 0.3252481 0.1239827 0.0000000 0.2145232 0.2019212 0.3640443 1.0871982 1.0888224 1.7364572 1.0793401 1.1327325 1.6785688 1.2230138 1.2922682 1.3793770 1.5755641 1.4716418 1.3870981 1.3503116 1.3054640 1.4585648 0.7904877 1.5797434 1.6058633 1.5456437 1.7762808 2.2629216 1.9694130 2.7969737 1.6070744 1.5940061 2.2858118 1.6283216 1.5275794 2.0119645 2.0591967 1.7519722 1.7437692 2.1669923 1.7864003 1.6927750 2.0266064 2.0442530 1.8127684 2.2475908 2.6485990 2.1977672 2.7478160 2.2682280 2.9365596 2.2755931 2.2633760 1.9702919 2.5401648 3.4212952 1.4527289 3.0173640 
Spis_XP_022787266_1                                          1.2432402 1.1468878 1.3181972 1.1743309 0.6772228 1.2974591 1.0191512 0.6862704 0.4347511 0.3998706 0.1372187 0.2145232 0.0000000 0.0894236 0.4293494 1.1698717 1.0996681 1.8204757 1.0924518 1.1647695 1.8073849 1.3049954 1.3931864 1.4592606 1.5647088 1.5013828 1.4965861 1.3530313 1.3235414 1.4820349 0.8784213 1.6218749 1.7112963 1.7031462 1.8497469 2.3151936 1.9561187 2.6511197 1.7144036 1.6803353 2.4015425 1.7304053 1.5815942 2.0418073 2.1081262 1.8098099 1.8133684 2.2832396 1.8745105 1.7537210 2.1259013 2.2051341 1.8943430 2.4229896 2.7137308 2.3651169 2.7437768 2.4509503 3.5058181 2.3245722 2.4022724 2.1533106 2.2242856 3.4755143 1.4300319 3.0696728 
Pocdam_XM_027194328.1                                        1.2501956 1.1108346 1.2649820 1.1444494 0.6871610 1.2338570 0.9786095 0.6825378 0.4082805 0.3791310 0.1353913 0.2019212 0.0894236 0.0000000 0.4179047 1.0904317 1.0386417 1.7055600 1.0888781 1.1563040 1.7461545 1.2361573 1.3166972 1.4339283 1.5176269 1.4193197 1.4718139 1.2974846 1.2980733 1.4344660 0.8965725 1.5639152 1.6032404 1.6092862 1.8482175 2.2675305 1.9578456 2.8464008 1.6917640 1.6480392 2.3551619 1.6907013 1.5585576 2.0130840 2.0317280 1.7432510 1.7336706 2.1050025 1.8486950 1.7037657 2.0301667 2.0905710 1.7672020 2.3645417 2.5439258 2.2948740 2.6437559 2.4443811 3.5048757 2.2024833 2.2709161 2.0289866 2.0763108 3.1897139 1.3967695 3.1030150 
Gfas_gfas1.m1.19568.m1                                       1.6332803 1.5166038 2.5079759 1.6266872 0.0000010 1.6252738 1.4026407 0.9899275 0.4912543 0.3912849 0.0000010 0.3640443 0.4293494 0.4179047 0.0000000 1.5615058 1.3035319 2.6521612 1.4012678 1.4109117 1.7892758 1.7458384 1.9092545 1.9100329 1.8969981 1.9623939 1.8156874 1.8361851 1.6538887 2.2583056 1.1066586 1.9548815 2.0047526 2.0194265 2.1260304 2.9460290 2.6994035 2.7489931 2.3885625 2.1442148 2.1790422 1.8774566 2.0021618 2.8284296 2.7821199 2.2972233 2.3234168 2.3013924 2.0976347 1.9960882 2.3251133 2.4659892 2.6420266 2.5639502 2.2350085 2.7067448 2.9152963 2.9577887 3.0138825 2.8462979 3.1304392 2.2227029 2.3402490 3.3788895 2.1565432 3.4562454 
Opea_EP00118_Oscarella_pearsei_P014065                       1.3690019 1.2550958 1.4998335 1.3151305 0.7025893 1.2730311 1.0878894 1.4147847 1.2577259 1.1527968 0.7648710 1.0871982 1.1698717 1.0904317 1.5615058 0.0000000 1.0090702 0.9501438 1.5016632 1.4174597 1.8558849 1.4670724 1.4412548 1.5024672 1.8987708 1.5441233 1.6632032 1.7164073 1.5926896 1.7799748 1.4641295 1.6160613 1.7040475 1.6599700 1.8873744 2.1499140 2.0318300 2.9090637 1.7344606 1.7230085 2.4021303 2.0684384 1.7729408 1.7592512 2.0461753 1.9362795 1.8388096 2.0628097 1.9514083 1.8806993 2.1068196 2.0567400 1.9138405 2.0452188 2.1263941 2.1985822 2.2978378 2.1935748 2.6245856 2.2905235 2.2292371 2.0345142 2.1317675 4.1258616 1.6493227 3.4155361 
Plajan_Pjan_scaffold13023_01                                 1.4055567 1.3624029 1.3841185 1.2201209 0.7870529 1.2694235 0.9503937 1.1960807 1.2458595 1.1238699 0.7451788 1.0888224 1.0996681 1.0386417 1.3035319 1.0090702 0.0000000 1.7024863 1.3682993 1.4179521 1.9144227 1.5606614 1.5490598 1.6666996 1.7373390 1.6312506 1.4727135 1.4265027 1.4659100 1.6087112 1.4238577 1.5095214 1.7161569 1.6433981 1.9942249 2.3581276 1.9684457 2.2457794 1.5931181 1.6316604 2.2664956 1.6746423 1.7744397 1.9767452 1.9796370 2.0236815 1.8021715 2.1037758 2.0835282 1.7374310 2.1464283 2.0279055 2.0537255 2.1854908 2.3075606 2.3231218 2.7817078 2.1631169 2.7225489 2.4737184 2.5056891 1.9377574 2.4551979 3.6986516 1.6815203 3.1465657 
Ocar_g3918                                                   2.2593066 1.8005625 1.6811227 1.8214512 0.7341326 1.9108570 1.6375178 2.0049456 1.7009031 1.6022788 0.7648710 1.7364572 1.8204757 1.7055600 2.6521612 0.9501438 1.7024863 0.0000000 2.1443632 2.1243439 5.0203178 2.2195812 2.1931326 2.3994116 2.8263462 2.4943646 2.3690487 2.2057712 2.2969762 2.8742748 2.4029495 2.5192158 2.5608246 2.3993904 2.7443766 3.0794249 2.8718317 5.3011681 2.4028136 2.4487676 3.9719906 4.8370723 2.5428028 2.5421798 2.7088264 2.7419463 2.8597923 4.4253988 2.5500231 2.8065884 3.2138622 2.9477546 2.6629329 3.5447794 6.3193161 3.2994398 4.3196677 3.4488969 5.4803151 3.3959025 3.3739115 3.4244308 6.3303351 6.9613718 1.9162226 4.4376526 
Dgig_XM_028554088.1                                          1.5047383 1.3415654 1.7170390 1.3707356 0.8725016 1.4585603 1.1672500 1.1449936 1.0881432 1.1189773 0.6200453 1.0793401 1.0924518 1.0888781 1.4012678 1.5016632 1.3682993 2.1443632 0.0000000 1.6197289 0.9237263 1.3918800 1.4708763 1.5930403 1.6130264 1.5075422 1.7584523 1.6221249 1.6586850 1.6138424 1.3175038 1.9824175 1.9160867 1.9034334 2.1922128 2.3465554 2.3453679 2.6749736 1.8309887 1.7860164 2.4675863 2.0381317 1.7038368 1.9810109 2.1405809 2.0323247 2.0501720 2.7198062 2.1791496 2.1474315 2.2519931 2.2288762 2.1231777 2.4734510 2.9956434 2.5415453 2.5534821 2.3792167 3.4220023 2.5902525 2.5839036 2.0784360 2.4072812 3.6230396 1.6887649 3.1612697 
Cgig_XM_011446873.3                                          1.3817973 1.1619873 1.5785213 1.4217825 0.9576366 1.4028338 1.1274354 1.3095097 1.1936817 1.1636881 0.8974655 1.1327325 1.1647695 1.1563040 1.4109117 1.4174597 1.4179521 2.1243439 1.6197289 0.0000000 2.1869229 1.6303615 1.6640996 1.7062178 1.1156749 1.8209235 1.8030124 1.3374336 1.6356302 1.7242707 1.4950412 1.9162982 1.9193052 1.9718086 1.9339241 2.3023477 2.2763337 2.4609691 1.6999722 1.7285183 2.2581050 1.3155988 1.4583596 2.0529108 2.2343352 2.2434633 2.2133607 2.6093991 2.1727495 2.2313970 2.3435598 2.2440887 2.4082990 2.5711215 3.0156534 2.6033247 2.5842533 2.3903166 2.9381225 2.4946832 2.5386774 2.1978817 2.8455128 3.4501123 1.9007764 3.1693928 
Xesp_012028-T1                                               2.2573875 2.2559900 5.0034207 1.8603936 0.0000010 1.8054270 1.4771464 1.6463359 1.9391006 1.8962327 0.0000010 1.6785688 1.8073849 1.7461545 1.7892758 1.8558849 1.9144227 5.0203178 0.9237263 2.1869229 0.0000000 1.9283963 1.8419531 2.0776860 1.8715498 2.2465059 2.8727240 2.4581074 2.4462560 2.1498532 1.8723667 2.8418785 2.6186101 2.7318542 3.0735081 4.1881718 3.6853833 2.9749612 2.4241799 2.5179718 2.4670349 2.0851377 2.1978875 3.4065779 3.6177533 2.7999687 3.3193741 3.4899651 3.2391470 3.0995145 3.1740876 3.3826026 3.9298635 2.7270884 3.1556935 3.0371665 2.6529095 2.9861120 3.0276888 3.0791527 3.4368869 2.6266147 2.6319353 3.9162273 3.2491050 3.4958584 
Nemnom_g16402.t1                                             1.5357502 1.5773272 1.5940628 1.4946580 1.1260407 1.5842221 1.2364054 1.3679310 1.3318830 1.3179298 0.6380763 1.2230138 1.3049954 1.2361573 1.7458384 1.4670724 1.5606614 2.2195812 1.3918800 1.6303615 1.9283963 0.0000000 0.3014668 0.9526069 1.6764127 1.2711933 1.7233838 1.8444488 1.7393692 1.2679720 1.9565858 1.7073103 1.7553305 1.9307919 1.9271452 2.1361889 2.0221965 2.4582383 1.8946248 1.8434420 2.4943470 1.8195185 1.9190046 2.0158109 1.9316391 2.0504680 1.9872260 2.6313963 2.0638175 2.0147351 2.2137039 1.9341887 1.7895241 2.6099483 3.9291991 2.6584430 2.7717527 2.3918671 2.7110793 2.5482464 2.5216780 2.1913892 2.5025851 3.4704208 1.2962892 3.1465943 
Rhoesc_Res_000191-T1                                         1.5446849 1.5789967 1.6464385 1.4439729 1.0595486 1.5271968 1.2048765 1.3179964 1.3716584 1.3835449 0.5975412 1.2922682 1.3931864 1.3166972 1.9092545 1.4412548 1.5490598 2.1931326 1.4708763 1.6640996 1.8419531 0.3014668 0.0000000 0.9312375 1.7791092 1.2604062 1.7551749 1.7977319 1.7171671 1.2871341 2.0206710 1.7503065 1.7949332 1.8674214 1.8805097 2.1845340 1.9694161 2.5373418 1.8124190 1.7875580 2.5047236 1.7313372 1.8846207 1.9548712 1.9873394 1.9070893 2.0550592 2.6431056 2.0283250 2.1572790 2.2625540 1.9115631 1.8105130 2.4375250 3.4153884 2.5324132 2.6759148 2.2900792 2.8177418 2.3780363 2.2640482 2.1386827 2.3501061 3.2241209 1.3033716 3.4133725 
Sanmal_Sma_011187-T1                                         1.5507605 1.4477115 1.7051725 1.5288903 1.0647688 1.6943972 1.4301633 1.6331280 1.4778510 1.5305407 0.8251852 1.3793770 1.4592606 1.4339283 1.9100329 1.5024672 1.6666996 2.3994116 1.5930403 1.7062178 2.0776860 0.9526069 0.9312375 0.0000000 2.0116170 1.4594974 1.9501902 1.8987225 1.8858944 1.3239264 1.9319664 1.8631322 1.9944225 2.0206329 2.2951069 2.2826734 2.2797452 2.8230408 1.9586481 2.0047541 2.7467399 2.1689968 2.0460898 2.2036628 2.3065746 1.9668399 2.0899215 2.3763241 2.2165242 2.3051891 2.2834642 2.1566559 2.0085256 2.6202460 3.3243999 2.5644211 2.8190202 2.4793543 3.2932396 2.6875393 2.6222250 2.1677632 2.6259450 3.2609565 1.6107029 3.6127322 
Acagra_model.g17856.t1                                       1.7036730 1.5307589 2.2865037 1.7954987 1.2744683 1.8741259 1.6199043 1.5538285 1.5244168 1.6332209 1.1368385 1.5755641 1.5647088 1.5176269 1.8969981 1.8987708 1.7373390 2.8263462 1.6130264 1.1156749 1.8715498 1.6764127 1.7791092 2.0116170 0.0000000 1.9753959 2.0507798 1.4665461 1.8966152 1.9938531 1.9545544 2.3481463 2.1969277 2.4134825 2.2822073 2.7571713 2.8790891 2.4921420 1.9910637 1.8437750 2.3451190 1.8615792 1.7109867 2.4617841 2.8580712 2.3570207 2.5582697 2.9811361 2.4696473 2.5628629 2.4605382 2.5511381 2.7158535 2.8639882 3.8195110 2.9043359 2.7297012 2.8652752 3.3465777 3.0591388 3.1787988 2.9431322 2.9102760 4.2134433 2.1861497 3.5237557 
Chem_TCONS_00047659                                          1.6886648 1.6048430 1.6978102 1.5901925 1.1085624 1.6712875 1.3463673 1.5072842 1.5630829 1.4929935 0.7168685 1.4716418 1.5013828 1.4193197 1.9623939 1.5441233 1.6312506 2.4943646 1.5075422 1.8209235 2.2465059 1.2711933 1.2604062 1.4594974 1.9753959 0.0000000 2.0599287 2.0178324 1.8596857 1.4751960 2.1346598 1.8995914 2.0012250 2.1570699 2.1540149 2.4416823 2.5017589 3.0060263 1.9583910 2.0246980 2.9336534 2.5085685 1.8837897 2.3459184 2.3825452 2.2118814 2.2318482 2.7640616 2.0734264 2.2544822 2.3509002 2.1919856 2.0610253 2.5069741 2.8766129 2.6229107 2.6856487 2.4420774 3.1098107 2.7168991 2.6534752 2.4066967 3.2989189 3.8351240 1.1415956 3.4058537 
Salurc_EP00051_Salpingoeca_urceolata_P008986                 1.7305535 1.6551562 1.7403736 1.5172786 1.1283294 1.5259154 1.3932175 1.6438709 1.5197839 1.4726243 0.7814845 1.3870981 1.4965861 1.4718139 1.8156874 1.6632032 1.4727135 2.3690487 1.7584523 1.8030124 2.8727240 1.7233838 1.7551749 1.9501902 2.0507798 2.0599287 0.0000000 1.8491857 1.8871581 1.9572420 1.7715576 1.4371081 1.4974024 1.4228490 1.7024614 1.8140407 1.6212491 2.7919860 1.9737320 2.0211863 2.5976467 2.0253841 2.1684982 1.9804441 2.1139167 1.7144478 1.7976884 2.1045835 1.9975076 2.0335318 1.8609918 2.0200725 1.7247228 2.5153110 3.5797736 2.6924990 2.6008026 2.3337574 3.1071125 2.5375747 2.4772205 2.3243484 3.0353593 4.4081873 1.8928783 3.4389197 
Skow_XM_006814492.1                                          1.6307355 1.3326993 1.7998319 1.5062318 1.0900837 1.7595368 1.3111147 1.4018240 1.1943810 1.2722327 0.8553486 1.3503116 1.3530313 1.2974846 1.8361851 1.7164073 1.4265027 2.2057712 1.6221249 1.3374336 2.4581074 1.8444488 1.7977319 1.8987225 1.4665461 2.0178324 1.8491857 0.0000000 1.5854805 1.9110210 1.8540423 2.0437811 2.2387065 2.0883419 2.3972327 2.4421487 2.3058836 2.3075021 1.6477772 1.7084333 2.3040583 1.9352216 1.5843020 2.2241848 2.4027828 2.0385391 2.3045214 2.9138202 2.2062561 2.3711689 2.4850318 2.2864696 2.3468474 2.4518982 3.5544555 2.6758450 2.7586162 2.3885895 3.4916564 2.7891212 2.7957838 2.6774192 3.2772922 4.6086309 1.8487436 3.2027973 
Spur_XM_030998841.1                                          1.4712671 1.5019462 1.7543943 1.5080995 1.1076142 1.5289090 1.2973001 1.3386587 1.2935042 1.2746353 0.7191912 1.3054640 1.3235414 1.2980733 1.6538887 1.5926896 1.4659100 2.2969762 1.6586850 1.6356302 2.4462560 1.7393692 1.7171671 1.8858944 1.8966152 1.8596857 1.8871581 1.5854805 0.0000000 2.1983842 1.8723822 1.9583794 1.8571466 1.8788084 2.0594283 2.3048858 2.1751009 2.9611248 1.9377145 1.8996802 2.5780828 2.3524536 1.6954866 2.0680334 2.4977475 1.9962171 2.0559364 2.9414782 2.0923074 2.0649142 2.2367036 2.1233999 2.2375328 2.3145035 2.9401520 2.5377062 2.7262718 2.4109397 3.0192846 2.8661697 2.6585065 2.4493217 3.4490385 4.0902062 1.8954997 3.1774208 
Morvir_scaffold387.g20.t1                                    1.7369923 1.6446932 1.9554317 1.6838288 1.0621849 1.6993830 1.4100882 1.4593999 1.7057320 1.6839027 0.9009516 1.4585648 1.4820349 1.4344660 2.2583056 1.7799748 1.6087112 2.8742748 1.6138424 1.7242707 2.1498532 1.2679720 1.2871341 1.3239264 1.9938531 1.4751960 1.9572420 1.9110210 2.1983842 0.0000000 1.9252389 2.1393585 2.0400382 2.0509957 2.1276267 2.3737506 2.5377581 2.5217105 1.9177337 1.9474716 2.6586673 1.5816387 2.0979500 2.3369843 2.4090311 2.2102317 2.3325962 2.8460495 2.3885210 2.3710432 2.7091828 2.3116687 2.1015995 2.5094457 3.3089080 2.7013805 2.8495780 2.5015437 3.3307999 2.5811878 2.5854284 2.4791327 2.3080527 4.5349308 1.3378269 3.3869694 
Nvec_v1g83220                                                1.8394095 1.7590910 1.6742384 1.9507294 0.4648768 1.5578195 1.3270485 1.0297110 1.2727669 0.9839922 0.0000010 0.7904877 0.8784213 0.8965725 1.1066586 1.4641295 1.4238577 2.4029495 1.3175038 1.4950412 1.8723667 1.9565858 2.0206710 1.9319664 1.9545544 2.1346598 1.7715576 1.8540423 1.8723822 1.9252389 0.0000000 1.9770680 2.2178297 2.3037701 2.0637057 3.1805999 2.7437356 1.8634842 1.8613359 1.6324529 2.0990307 1.5598012 1.9073441 2.5426882 2.5083336 2.3216912 2.3746392 2.3790129 2.1780440 2.3507987 2.6686299 2.5205887 2.9846842 2.9255208 4.2123835 2.9556575 2.6660700 2.6207989 3.3467288 3.5816745 3.5985217 1.7580320 2.7873701 3.5932533 1.9502243 4.2720064 
Mylflu_EP00047_Mylnosiga_fluctuans_P008080                   1.6817384 1.6650092 1.6740077 1.6638422 1.1581931 1.6460674 1.3694311 1.7011469 1.5733307 1.6118205 0.9254446 1.5797434 1.6218749 1.5639152 1.9548815 1.6160613 1.5095214 2.5192158 1.9824175 1.9162982 2.8418785 1.7073103 1.7503065 1.8631322 2.3481463 1.8995914 1.4371081 2.0437811 1.9583794 2.1393585 1.9770680 0.0000000 1.4316100 1.4193589 1.5972825 1.7411413 1.6053648 2.6926547 1.6968855 1.8374073 2.2280205 1.7184676 2.2745323 1.8577020 1.8985081 1.7694267 1.7759627 2.1809806 1.8796164 1.7111929 2.0658231 1.9962213 1.5593868 2.3083212 2.6450933 2.4075749 3.0851902 2.3137954 3.1500125 2.5221841 2.4093819 2.3991844 2.5959755 4.7488074 1.9007342 4.0863079 
Salkve_EP00050_Salpingoeca_kvevrii_P017075                   1.7411346 1.7156684 1.7189411 1.6931866 1.2008760 1.6227324 1.3504839 1.7278344 1.7338555 1.6536139 1.0053930 1.6058633 1.7112963 1.6032404 2.0047526 1.7040475 1.7161569 2.5608246 1.9160867 1.9193052 2.6186101 1.7553305 1.7949332 1.9944225 2.1969277 2.0012250 1.4974024 2.2387065 1.8571466 2.0400382 2.2178297 1.4316100 0.0000000 1.4991346 1.7482638 2.1966720 1.8022567 3.3652252 1.9572679 1.8137546 2.7037577 2.3345147 2.1999350 2.0275852 2.1457684 1.7350474 1.9941238 2.9487322 2.0115802 1.9419403 1.9528876 2.1646488 1.7503530 2.2461001 3.3024831 2.3371611 2.6756600 2.2577297 3.3071120 2.4326575 2.2835411 2.4686483 3.2387385 3.6983219 1.9486196 3.7926689 
Salmac_EP00052_Salpingoeca_macrocollata_P019958              1.5976736 1.6784847 1.6607729 1.6994846 1.0830617 1.6604086 1.3791304 1.7509296 1.6942876 1.6071588 0.9802942 1.5456437 1.7031462 1.6092862 2.0194265 1.6599700 1.6433981 2.3993904 1.9034334 1.9718086 2.7318542 1.9307919 1.8674214 2.0206329 2.4134825 2.1570699 1.4228490 2.0883419 1.8788084 2.0509957 2.3037701 1.4193589 1.4991346 0.0000000 1.6824118 1.8001477 1.4624683 2.7258638 1.6154425 1.7040213 2.2109934 2.3440814 2.1475676 1.9054245 2.3648252 1.6985847 1.9458019 2.4424985 1.9709907 1.8949505 2.0680398 2.1566050 1.6542922 2.5893346 3.2623590 2.4902259 2.9517234 2.3858121 3.1135840 2.7337635 2.6490302 2.5314433 3.0288545 4.1091259 2.0005168 3.1036629 
Sros_EGD78840                                                1.8573196 1.8892047 1.9122336 2.0109015 1.2266345 1.8733799 1.5270043 2.0071887 1.8474747 1.8813034 1.0326233 1.7762808 1.8497469 1.8482175 2.1260304 1.8873744 1.9942249 2.7443766 2.1922128 1.9339241 3.0735081 1.9271452 1.8805097 2.2951069 2.2822073 2.1540149 1.7024614 2.3972327 2.0594283 2.1276267 2.0637057 1.5972825 1.7482638 1.6824118 0.0000000 1.1392224 1.8314876 2.6371885 2.0689291 2.1452980 2.7383841 2.4172204 2.2626020 2.0233055 2.0740167 1.6579991 2.1392025 2.8241922 2.1333096 2.2293678 2.2700479 2.3580977 1.8527571 2.7240741 2.8115492 2.7654667 3.1764491 2.5308357 3.0616498 2.5296130 2.4350601 3.1376703 2.6529482 3.6988834 1.9826669 3.6254541 
Microa_EP00043_Microstomoeca_roanoka_P006722                 2.1747622 1.9427766 2.1052332 2.1516328 1.3142150 2.2336782 1.7793498 2.2111686 2.3432960 2.2800237 1.0109285 2.2629216 2.3151936 2.2675305 2.9460290 2.1499140 2.3581276 3.0794249 2.3465554 2.3023477 4.1881718 2.1361889 2.1845340 2.2826734 2.7571713 2.4416823 1.8140407 2.4421487 2.3048858 2.3737506 3.1805999 1.7411413 2.1966720 1.8001477 1.1392224 0.0000000 1.9823112 4.1489728 2.2029493 2.0885520 2.7137861 2.8537220 2.4726922 2.2078352 2.0426010 1.7453118 2.3092194 3.1890824 2.2682650 2.3799105 2.2653047 2.2763276 1.8892669 2.8359392 3.8553194 2.9719359 3.3265767 2.7513166 3.0865289 2.9618392 2.9267096 3.4680224 3.5197044 4.2961217 2.4844192 3.9867650 
Salpun_EP00053_Salpingoeca_punica_P012501                    1.9800148 2.0381740 1.8554327 1.9423011 1.3080444 1.9933055 1.6168996 2.0775627 1.8738637 1.9582003 1.0076366 1.9694130 1.9561187 1.9578456 2.6994035 2.0318300 1.9684457 2.8718317 2.3453679 2.2763337 3.6853833 2.0221965 1.9694161 2.2797452 2.8790891 2.5017589 1.6212491 2.3058836 2.1751009 2.5377581 2.7437356 1.6053648 1.8022567 1.4624683 1.8314876 1.9823112 0.0000000 3.8618369 2.1023227 2.2242034 2.8020350 2.9743448 2.6871110 2.0001431 2.0378868 2.0631999 2.1235607 3.2539361 2.1324929 1.9730245 2.4158773 2.4613909 1.7039085 2.5634474 2.9070869 2.4916533 2.8654105 2.4759643 3.2434792 2.6467526 2.5463788 3.5042914 3.5091464 4.0488942 2.3380297 4.0949725 
Scil_scict011673.2                                           2.7025699 2.5806676 5.7024502 2.4345177 0.0000010 2.0663136 2.6828274 2.7301206 3.2222143 2.7058712 0.0000010 2.7969737 2.6511197 2.8464008 2.7489931 2.9090637 2.2457794 5.3011681 2.6749736 2.4609691 2.9749612 2.4582383 2.5373418 2.8230408 2.4921420 3.0060263 2.7919860 2.3075021 2.9611248 2.5217105 1.8634842 2.6926547 3.3652252 2.7258638 2.6371885 4.1489728 3.8618369 0.0000000 1.0154811 0.7540318 0.6695764 2.0083663 2.8569830 3.1987260 3.0723463 3.3102400 2.8761669 2.8299239 2.1547847 3.1500118 3.5095065 3.7692572 3.2599730 3.2232817 2.9505539 3.1933406 2.6623307 3.6014502 3.7339771 3.3320901 3.6389734 2.3906728 3.0361698 4.2334975 2.6714520 4.1766688 
Lcom_lcpid72398                                              1.8175800 1.6020420 1.6079185 1.7437982 1.1331723 1.5281881 1.5151518 1.5646875 1.6800489 1.6092898 0.9896437 1.6070744 1.7144036 1.6917640 2.3885625 1.7344606 1.5931181 2.4028136 1.8309887 1.6999722 2.4241799 1.8946248 1.8124190 1.9586481 1.9910637 1.9583910 1.9737320 1.6477772 1.9377145 1.9177337 1.8613359 1.6968855 1.9572679 1.6154425 2.0689291 2.2029493 2.1023227 1.0154811 0.0000000 0.5606149 1.0844290 1.4639217 2.1103983 2.2086347 2.2843152 1.9932555 2.3704338 3.1745144 2.1198054 2.1521697 2.2668777 2.4181980 1.9780568 2.2715923 2.5980157 2.3766407 2.3401885 2.2288464 2.9059179 2.4132004 2.3297925 2.3233395 2.5440265 4.2388746 1.9844455 4.1023212 
Leuniv_Lniv_C814244_01                                       1.7758890 1.6778794 1.8018418 1.7340735 1.0435460 1.5079849 1.4710057 1.5291398 1.7891938 1.6337555 1.0778709 1.5940061 1.6803353 1.6480392 2.1442148 1.7230085 1.6316604 2.4487676 1.7860164 1.7285183 2.5179718 1.8434420 1.7875580 2.0047541 1.8437750 2.0246980 2.0211863 1.7084333 1.8996802 1.9474716 1.6324529 1.8374073 1.8137546 1.7040213 2.1452980 2.0885520 2.2242034 0.7540318 0.5606149 0.0000000 0.8706513 1.3550430 1.9782016 2.2030901 2.2472285 2.1572714 2.3088078 2.8456936 2.2134238 2.2179807 2.2499274 2.3125402 1.9940211 2.4429637 3.2801283 2.5959139 2.7650740 2.2169561 3.1588802 2.7691068 2.5839193 2.3881751 3.0718371 4.2198634 2.0030746 3.7946418 
Gracom_Gcom_scaffold7587_01                                  2.3318110 2.2480163 3.4991440 2.3501809 5.8072550 2.1342233 2.1404958 2.4145335 2.9938509 2.3499383 5.6948051 2.2858118 2.4015425 2.3551619 2.1790422 2.4021303 2.2664956 3.9719906 2.4675863 2.2581050 2.4670349 2.4943470 2.5047236 2.7467399 2.3451190 2.9336534 2.5976467 2.3040583 2.5780828 2.6586673 2.0990307 2.2280205 2.7037577 2.2109934 2.7383841 2.7137861 2.8020350 0.6695764 1.0844290 0.8706513 0.0000000 1.3349908 2.7661518 3.3023695 3.0538196 2.9150510 3.4249013 3.2259320 3.0901447 3.2166000 2.9761530 3.2578115 3.2165990 3.7057109 3.4777562 3.4326852 2.5145901 3.1618498 2.9946164 3.4093275 3.5286532 3.0359177 2.8238005 4.1167329 2.8969343 4.7737599 
Clacor_Ccor_C527795_01                                       2.2741603 1.9251954 5.8882744 1.7075141 0.0000010 1.5921731 1.5443152 1.5902325 2.4346643 1.6883145 0.0000010 1.6283216 1.7304053 1.6907013 1.8774566 2.0684384 1.6746423 4.8370723 2.0381317 1.3155988 2.0851377 1.8195185 1.7313372 2.1689968 1.8615792 2.5085685 2.0253841 1.9352216 2.3524536 1.5816387 1.5598012 1.7184676 2.3345147 2.3440814 2.4172204 2.8537220 2.9743448 2.0083663 1.4639217 1.3550430 1.3349908 0.0000000 2.3253090 2.4141400 2.9898298 2.4123680 2.2795083 2.2575253 2.0454231 2.3251586 2.4685954 2.7562264 3.1364767 2.5521694 2.5532350 2.5514062 2.2891509 2.7628854 2.7639347 2.3350940 2.5597317 2.9130796 2.4396945 3.3637115 3.5608894 3.3324872 
Cscu_XM_023382891.1                                          1.7906258 1.3265618 1.9898877 1.7445263 1.4302071 1.8057733 1.4430458 1.4654859 1.5690698 1.4764020 0.9433376 1.5275794 1.5815942 1.5585576 2.0021618 1.7729408 1.7744397 2.5428028 1.7038368 1.4583596 2.1978875 1.9190046 1.8846207 2.0460898 1.7109867 1.8837897 2.1684982 1.5843020 1.6954866 2.0979500 1.9073441 2.2745323 2.1999350 2.1475676 2.2626020 2.4726922 2.6871110 2.8569830 2.1103983 1.9782016 2.7661518 2.3253090 0.0000000 2.4422716 2.7969988 2.4931853 2.4101510 2.8505456 2.5549733 2.2788729 2.5810112 2.4703475 2.2914549 2.9038957 3.5363598 2.9039215 2.9483633 2.3714083 2.6301056 3.0016627 3.0062224 2.8548094 3.2378587 4.4584317 1.7528614 2.6198693 
Choper_EP00045_Choanoeca_perplexa_P011079                    1.8057774 1.8853179 2.0355326 2.2466571 1.0731871 2.0952675 1.7831013 2.0036053 2.1237080 2.0501845 1.1206835 2.0119645 2.0418073 2.0130840 2.8284296 1.7592512 1.9767452 2.5421798 1.9810109 2.0529108 3.4065779 2.0158109 1.9548712 2.2036628 2.4617841 2.3459184 1.9804441 2.2241848 2.0680334 2.3369843 2.5426882 1.8577020 2.0275852 1.9054245 2.0233055 2.2078352 2.0001431 3.1987260 2.2086347 2.2030901 3.3023695 2.4141400 2.4422716 0.0000000 0.8350191 2.0581393 2.4560281 3.1810041 2.3402080 2.2573074 2.5096739 2.1781351 2.0753576 2.2286572 3.0069330 2.6228198 2.4681181 2.5457297 3.2325664 2.6712932 2.5460066 2.9826356 4.4775960 4.4328516 1.9562274 3.8018069 
Chofle_EP00730_Choanoeca_flexa_P002481                       2.0760073 2.0493558 1.8572507 2.2343163 1.1129465 2.2503273 1.7554204 2.0749247 2.2969540 2.1540169 1.1520564 2.0591967 2.1081262 2.0317280 2.7821199 2.0461753 1.9796370 2.7088264 2.1405809 2.2343352 3.6177533 1.9316391 1.9873394 2.3065746 2.8580712 2.3825452 2.1139167 2.4027828 2.4977475 2.4090311 2.5083336 1.8985081 2.1457684 2.3648252 2.0740167 2.0426010 2.0378868 3.0723463 2.2843152 2.2472285 3.0538196 2.9898298 2.7969988 0.8350191 0.0000000 1.9872899 2.3513420 3.2919733 2.5166685 2.4943202 2.4511431 2.1088447 2.0059957 2.4903796 3.0879436 2.8206892 3.0017400 2.9936115 3.8849415 2.9729714 2.9622427 3.1984503 3.9538005 4.1980264 2.0369527 4.3871093 
Salinf_EP00049_Salpingoeca_infusionum_P010553                2.0412368 1.7866397 1.8956446 1.9472608 1.2536920 1.7679113 1.4666500 1.8419186 1.8797891 2.0243565 1.1224745 1.7519722 1.8098099 1.7432510 2.2972233 1.9362795 2.0236815 2.7419463 2.0323247 2.2434633 2.7999687 2.0504680 1.9070893 1.9668399 2.3570207 2.2118814 1.7144478 2.0385391 1.9962171 2.2102317 2.3216912 1.7694267 1.7350474 1.6985847 1.6579991 1.7453118 2.0631999 3.3102400 1.9932555 2.1572714 2.9150510 2.4123680 2.4931853 2.0581393 1.9872899 0.0000000 2.1261399 2.9168537 1.8667940 2.2596711 2.3362007 2.1816890 2.2694683 2.3070488 3.3661783 2.3596028 2.7564999 2.4827529 3.6253812 2.3457906 2.2145967 2.7348253 3.2116178 4.0246480 2.2947387 3.7990981 
Acaspe_EP00035_Acanthoeca_spectabilis_P037997                1.9176609 1.8623536 2.0417339 1.9906326 1.4284562 1.7611262 1.6410332 1.9128307 1.8129998 1.7982057 1.0464519 1.7437692 1.8133684 1.7336706 2.3234168 1.8388096 1.8021715 2.8597923 2.0501720 2.2133607 3.3193741 1.9872260 2.0550592 2.0899215 2.5582697 2.2318482 1.7976884 2.3045214 2.0559364 2.3325962 2.3746392 1.7759627 1.9941238 1.9458019 2.1392025 2.3092194 2.1235607 2.8761669 2.3704338 2.3088078 3.4249013 2.2795083 2.4101510 2.4560281 2.3513420 2.1261399 0.0000000 0.3040944 0.8129895 0.8195034 1.3961225 1.4196408 1.9497464 2.5962532 3.2761216 2.6090826 3.3164607 2.9974792 3.9736165 2.8584026 2.6758718 2.8670655 3.5742728 4.6691636 2.1777230 4.2480185 
Helnan_EP00037_Helgoeca_nana_P030499                         2.5266778 2.3956872 3.6806782 2.8192505 0.0000010 2.1466510 2.1934898 2.5964034 2.7213295 2.5564836 0.0000010 2.1669923 2.2832396 2.1050025 2.3013924 2.0628097 2.1037758 4.4253988 2.7198062 2.6093991 3.4899651 2.6313963 2.6431056 2.3763241 2.9811361 2.7640616 2.1045835 2.9138202 2.9414782 2.8460495 2.3790129 2.1809806 2.9487322 2.4424985 2.8241922 3.1890824 3.2539361 2.8299239 3.1745144 2.8456936 3.2259320 2.2575253 2.8505456 3.1810041 3.2919733 2.9168537 0.3040944 0.0000000 1.0514793 1.1981048 1.5387809 1.6218750 3.1916510 3.3612705 3.4434850 3.3598285 3.8169742 3.9278044 4.1185646 4.1176082 3.8896344 3.2841086 3.5967606 4.2462972 2.9162440 4.5184727 
Diagra_EP00040_Diaphanoeca_grandis_P039917                   1.9757344 1.9261583 2.1775786 2.2251566 1.4911696 1.9089501 1.8469999 1.8386549 1.8781937 1.7472081 1.3656431 1.7864003 1.8745105 1.8486950 2.0976347 1.9514083 2.0835282 2.5500231 2.1791496 2.1727495 3.2391470 2.0638175 2.0283250 2.2165242 2.4696473 2.0734264 1.9975076 2.2062561 2.0923074 2.3885210 2.1780440 1.8796164 2.0115802 1.9709907 2.1333096 2.2682650 2.1324929 2.1547847 2.1198054 2.2134238 3.0901447 2.0454231 2.5549733 2.3402080 2.5166685 1.8667940 0.8129895 1.0514793 0.0000000 0.7846771 1.4935871 1.4393549 2.2022682 2.6398467 2.6778768 2.5055187 3.0170843 2.6490893 3.0947524 3.0519517 2.9483864 3.0477484 3.3631217 4.3107425 2.1518591 3.8780432 
Stedip_EP00041_Stephanoeca_diplocostata_P019278              1.8116533 1.9849289 1.8943242 2.0186523 1.4167639 1.9298714 1.7296222 1.7776366 1.8204029 1.6797098 1.3348627 1.6927750 1.7537210 1.7037657 1.9960882 1.8806993 1.7374310 2.8065884 2.1474315 2.2313970 3.0995145 2.0147351 2.1572790 2.3051891 2.5628629 2.2544822 2.0335318 2.3711689 2.0649142 2.3710432 2.3507987 1.7111929 1.9419403 1.8949505 2.2293678 2.3799105 1.9730245 3.1500118 2.1521697 2.2179807 3.2166000 2.3251586 2.2788729 2.2573074 2.4943202 2.2596711 0.8195034 1.1981048 0.7846771 0.0000000 1.4932054 1.4884705 1.9359567 2.5489605 3.0011267 2.4575902 2.9878893 2.6453379 3.2791315 3.0159134 2.8653106 3.1556242 3.7733619 4.4438149 2.3001569 3.9738763 
Codhol_EP00042_Codosiga_hollandica_P044363                   2.0724871 2.1145137 2.4084349 2.1395266 1.6934179 2.1812236 1.9893913 2.3344114 2.0658774 2.0345351 1.6038476 2.0266064 2.1259013 2.0301667 2.3251133 2.1068196 2.1464283 3.2138622 2.2519931 2.3435598 3.1740876 2.2137039 2.2625540 2.2834642 2.4605382 2.3509002 1.8609918 2.4850318 2.2367036 2.7091828 2.6686299 2.0658231 1.9528876 2.0680398 2.2700479 2.2653047 2.4158773 3.5095065 2.2668777 2.2499274 2.9761530 2.4685954 2.5810112 2.5096739 2.4511431 2.3362007 1.3961225 1.5387809 1.4935871 1.4932054 0.0000000 1.3639611 2.2140698 2.7929136 3.4381257 2.8310000 3.6047160 2.8957182 3.6119429 3.4488170 3.3058427 3.3082616 3.1786835 4.9287278 2.3899539 3.6438612 
Didcos_EP00039_Didymoeca_costata_P008745                     2.0533247 1.9365780 2.4019794 2.4027511 1.7487329 2.1209160 2.1792003 2.1426398 1.9686772 2.0586628 1.4589549 2.0442530 2.2051341 2.0905710 2.4659892 2.0567400 2.0279055 2.9477546 2.2288762 2.2440887 3.3826026 1.9341887 1.9115631 2.1566559 2.5511381 2.1919856 2.0200725 2.2864696 2.1233999 2.3116687 2.5205887 1.9962213 2.1646488 2.1566050 2.3580977 2.2763276 2.4613909 3.7692572 2.4181980 2.3125402 3.2578115 2.7562264 2.4703475 2.1781351 2.1088447 2.1816890 1.4196408 1.6218750 1.4393549 1.4884705 1.3639611 0.0000000 2.4864981 2.8218421 3.1727615 2.5817817 3.3255191 2.8870915 3.2148271 3.2077520 3.0193280 3.1636498 4.1962476 3.7124845 2.5295427 3.8311553 
Saldol_EP00054_Salpingoeca_dolichothecata_P009037            1.8005451 2.0113029 1.6972314 1.8709418 1.1301673 1.8236377 1.5214304 1.9080200 1.7459011 1.7607963 1.0105601 1.8127684 1.8943430 1.7672020 2.6420266 1.9138405 2.0537255 2.6629329 2.1231777 2.4082990 3.9298635 1.7895241 1.8105130 2.0085256 2.7158535 2.0610253 1.7247228 2.3468474 2.2375328 2.1015995 2.9846842 1.5593868 1.7503530 1.6542922 1.8527571 1.8892669 1.7039085 3.2599730 1.9780568 1.9940211 3.2165990 3.1364767 2.2914549 2.0753576 2.0059957 2.2694683 1.9497464 3.1916510 2.2022682 1.9359567 2.2140698 2.4864981 0.0000000 2.5907876 3.5804393 2.6476461 3.5522838 2.4480356 3.6086885 2.6904988 2.5085030 2.7710972 3.2416877 4.0362399 2.0608516 3.5673396 
Mlei_ML1603.g16.i1                                           2.5536646 2.2873570 2.4287412 2.4649720 1.9090867 2.0737365 2.2465618 2.3737837 2.4763810 2.2710550 1.8469439 2.2475908 2.4229896 2.3645417 2.5639502 2.0452188 2.1854908 3.5447794 2.4734510 2.5711215 2.7270884 2.6099483 2.4375250 2.6202460 2.8639882 2.5069741 2.5153110 2.4518982 2.3145035 2.5094457 2.9255208 2.3083212 2.2461001 2.5893346 2.7240741 2.8359392 2.5634474 3.2232817 2.2715923 2.4429637 3.7057109 2.5521694 2.9038957 2.2286572 2.4903796 2.3070488 2.5962532 3.3612705 2.6398467 2.5489605 2.7929136 2.8218421 2.5907876 0.0000000 0.3839796 0.8035670 1.0838007 1.1227532 1.4821102 1.4882788 1.4211971 3.2778397 3.4149597 2.2024293 2.9876530 4.2079665 
Bolinf_Binf_sb1301338                                        2.6706083 3.6274458 3.8305661 3.3333690 0.0000010 2.5902069 2.6741606 3.2082010 2.9296808 2.4129707 0.0000010 2.6485990 2.7137308 2.5439258 2.2350085 2.1263941 2.3075606 6.3193161 2.9956434 3.0156534 3.1556935 3.9291991 3.4153884 3.3243999 3.8195110 2.8766129 3.5797736 3.5544555 2.9401520 3.3089080 4.2123835 2.6450933 3.3024831 3.2623590 2.8115492 3.8553194 2.9070869 2.9505539 2.5980157 3.2801283 3.4777562 2.5532350 3.5363598 3.0069330 3.0879436 3.3661783 3.2761216 3.4434850 2.6778768 3.0011267 3.4381257 3.1727615 3.5804393 0.3839796 0.0000000 1.1785545 1.4521358 1.4866611 1.5182135 1.9550925 1.8684619 2.9878795 3.6270258 2.4177494 5.2640269 4.6229290 
