70
Hsap_ENST00000258774                                   0.0000000 1.0178869 0.8387117 0.9142341 0.7930604 1.0637288 0.9861697 0.9203201 0.9970910 0.8574691 0.8768540 0.8613248 0.9287050 0.9116326 1.1966297 1.0790994 1.2377718 1.2858646 1.2437172 1.1942331 1.0581035 1.1857588 1.2249524 1.0739895 1.4322816 1.2904483 1.3365560 1.4379793 1.4344503 1.1281642 1.1396696 1.5927225 1.3023264 1.2817817 1.2791134 1.2465294 1.2772474 1.2303370 1.2405442 1.3332822 1.4495076 1.2717548 1.2717548 1.3585414 1.3101257 1.4919410 1.5104711 1.4019486 1.3326337 1.2427879 1.5412882 1.5634358 0.8767493 2.8678561 2.1734867 2.1563596 2.2015792 2.2479564 2.0656856 2.3253338 2.1868583 2.0228708 1.8217264 2.0615314 2.1294837 1.9978270 2.1616159 2.0581112 1.9880079 2.2426540 
Spur_XM_781736.4                                       1.0178869 0.0000000 0.8643686 0.8600918 0.7905399 0.8894291 1.0118188 0.9422284 1.0922148 0.9057724 0.9308287 0.9360228 1.0071326 1.0020752 1.2122022 1.1295977 1.2774144 1.2374312 1.3935171 1.1770629 1.1411381 1.3097061 1.3712768 1.2353937 1.3010889 1.3215774 1.4674903 1.6324444 1.5851508 1.1764435 1.1888649 1.6304564 1.3496153 1.3701371 1.3675984 1.3190677 1.3292154 1.2888545 1.2995062 1.3710959 1.4144816 1.3825441 1.3825441 1.3773464 1.3387440 2.1111143 1.5365697 1.4976101 1.4103892 1.4471042 1.4778046 1.7064283 1.1714524 2.8409377 2.0832597 2.1050412 2.1792436 2.2808130 2.1879994 2.0850124 2.3619734 2.1491713 2.1612681 2.3954597 2.2729883 2.2538361 2.1938716 1.9859871 2.2327560 2.4706200 
Skow_XM_006821505.1                                    0.8387117 0.8643686 0.0000000 0.7339204 0.6660152 0.7304246 0.8483456 0.7564244 0.8559402 0.7122473 0.6949698 0.7269966 0.7020184 0.7007534 1.0017024 0.9818105 1.1405768 1.1490850 1.1933107 1.1209080 1.2750651 1.2203102 1.2551750 1.0384828 1.2501435 1.2325233 1.2788867 1.4543584 1.3501562 0.9951613 0.9752848 1.4247232 1.2156603 1.2007717 1.1981957 1.1972034 1.2022634 1.1503874 1.1410956 1.2093536 1.2209454 1.2321066 1.2321066 1.2930116 1.2327278 1.5736982 1.3998472 1.3426524 1.1110291 1.1433735 1.4645242 1.7006025 0.8345848 2.8768035 2.0931225 2.0462892 2.3340001 2.2792139 2.3183196 2.3022706 2.1786091 2.2034805 1.9199372 1.9299450 2.1335320 1.9741326 2.1344867 1.8702305 2.3814013 2.4339023 
Ctel_gnl_WGS_AMQN_CAPTEDRAFT_mRNA167069                0.9142341 0.8600918 0.7339204 0.0000000 0.6313105 0.7290727 0.9200986 0.8320771 1.0146640 0.8123390 0.8886299 0.8146636 0.8964186 0.9248891 1.0976325 1.1319046 1.3233436 1.3554398 1.2958861 1.3128410 1.3472974 1.1707067 1.1855878 1.2394680 1.3220179 1.3870578 1.2336903 1.3813804 1.3844562 1.1270531 1.1581189 1.5150335 1.3121176 1.2478923 1.2451902 1.2458639 1.3007311 1.2281111 1.2183180 1.2940509 1.2789150 1.2991132 1.2991132 1.3063349 1.1737607 1.8643077 1.4995489 1.4805913 1.0827996 1.3293509 1.5271190 1.6096509 0.9599093 2.6775352 1.9531949 2.1283040 2.2509114 2.3181817 2.3232797 2.2229662 2.0605224 2.2269776 1.9906033 2.2234387 2.3289069 1.9753515 2.1964412 1.9754366 2.4479118 2.5522150 
Cgig_XM_011421555.3                                    0.7930604 0.7905399 0.6660152 0.6313105 0.0000000 0.6164809 0.8192670 0.7954987 0.9143873 0.6763501 0.6273548 0.7099757 0.7477702 0.7384022 1.0051676 1.0737270 1.1554840 1.2110749 1.2364944 1.1255699 1.0580112 1.0784947 1.0676270 0.9477417 1.1959546 1.1282088 1.0965568 1.2510441 1.2753955 0.9173716 0.9071697 1.3802535 1.2869096 1.1529575 1.1537506 1.1340351 1.1697845 1.0863350 1.0958124 1.2131633 1.4104868 1.3438635 1.3438635 1.3816569 1.3560078 1.7894099 1.5260514 1.4535184 1.0686798 1.1392419 1.4598525 1.5667592 0.8816520 2.5405227 1.9466111 2.0251251 2.3468918 2.2397310 2.2299005 2.1571243 2.0935650 2.2512169 1.9382868 2.0775991 2.2125464 1.9063196 1.9862680 1.6937543 2.3231275 2.1961139 
Acagra_model.g14782.t1                                 1.0637288 0.8894291 0.7304246 0.7290727 0.6164809 0.0000000 0.9624216 0.9168217 0.8648776 0.8617976 0.7887494 0.8338563 0.8398623 0.8613816 0.8772171 1.1087411 1.1977182 1.1900599 1.1686271 1.2439936 1.1067442 0.9125014 1.0672962 1.0692358 1.2519570 1.2863897 1.1561988 1.2226185 1.2133146 1.1101468 1.0468619 1.3985460 1.2458413 1.3241216 1.3208866 1.3301639 1.3633528 1.2393639 1.2515315 1.3366728 1.3191685 1.2789412 1.2789412 1.3338743 1.3284726 2.5180235 1.5120389 1.5907639 1.1687893 1.2019636 1.4557737 1.7557821 0.8816037 2.5823457 2.1459048 2.1741986 2.1216777 2.3107726 1.9799166 1.9490692 2.0138408 2.0244455 1.9695996 2.2132295 2.1922785 2.0167855 2.1277613 1.8266555 1.7991049 2.2089414 
Exapal_XM_021061571.2                                  0.9861697 1.0118188 0.8483456 0.9200986 0.8192670 0.9624216 0.0000000 0.5039294 0.6174343 0.4881453 0.5165510 0.4893675 0.5169464 0.5399581 0.7519539 0.8022388 0.9173497 1.1536715 1.1440061 1.1787206 1.2376088 1.0645813 1.0364640 1.1468474 1.1925056 1.1390538 1.1493447 1.1466378 1.1861101 1.0611519 1.0717907 1.3564390 1.1861276 0.9667899 0.9644413 0.9778973 1.0081285 0.9606554 0.9696712 1.0448783 1.1577530 1.2094307 1.2094307 1.2711409 1.1868463 1.4653454 1.3148473 1.0625318 1.2329860 1.3403524 1.4050016 1.8228735 0.9675159 2.9434962 1.9564483 1.9761751 2.2539573 2.3672307 2.1179559 2.0863168 2.1335731 2.1884245 1.9744044 1.9006947 2.1233174 2.0658085 2.2580216 1.8201710 2.4477827 2.0339459 
Nvec_v1g158364                                         0.9203201 0.9422284 0.7564244 0.8320771 0.7954987 0.9168217 0.5039294 0.0000000 0.4801467 0.3590125 0.3952900 0.3824101 0.3986214 0.4392263 0.5724091 0.7885983 0.9125952 1.0798094 0.9077079 0.9828507 1.0173704 0.9628937 0.9196327 0.8607162 1.0982714 1.0519762 1.0176711 1.1500598 1.1531051 0.9483526 0.9432864 1.3909432 1.1469732 1.0316204 1.0292075 0.9884494 0.9954100 0.9659110 0.9749359 1.0774581 1.1131081 1.1294783 1.1294783 1.1589423 1.1447367 1.6864458 1.1959485 1.2411411 1.1579530 1.3641804 1.2778725 1.7719649 0.9208419 3.0192079 1.8273675 2.0589714 2.1552933 2.1951554 2.0155819 1.9118676 1.9619294 2.0653637 1.8917474 1.8998975 2.0442366 1.9822230 2.0621223 1.7861589 2.2076844 2.2982803 
Adig_XM_015904818.1                                    0.9970910 1.0922148 0.8559402 1.0146640 0.9143873 0.8648776 0.6174343 0.4801467 0.0000000 0.1229399 0.1477622 0.2359019 0.2366024 0.2587117 0.1624714 0.7994744 0.9935745 1.1786725 1.0742340 1.0268490 1.2383485 0.9440450 0.9050075 0.9631083 1.0477420 1.1454513 1.1331332 1.2553667 1.3065639 1.0494352 1.0838259 1.5371532 1.3190333 1.1935545 1.1908783 1.1578108 1.1859498 1.1578355 1.1680198 1.1106852 1.3004290 1.3375545 1.3375545 1.3789561 1.2550153 1.5163237 1.4265247 1.1982250 1.1559077 1.5118684 1.4646465 1.7585994 0.8887982 3.1795777 2.1607024 2.0569438 2.3657900 2.3990080 2.3025582 2.2511245 2.1995036 2.0991613 2.1559168 2.1577473 2.0987886 2.0674389 2.0557900 1.9518303 2.0944138 2.1461462 
Gfas_gfas1.m1.18783.m1                                 0.8574691 0.9057724 0.7122473 0.8123390 0.6763501 0.8617976 0.4881453 0.3590125 0.1229399 0.0000000 0.1186996 0.1387046 0.1569355 0.1746722 0.2093510 0.7038317 0.8780063 1.0426918 0.9414144 0.9688411 1.1721015 0.9672421 0.8790175 0.9295400 1.0208565 1.0091496 0.9087439 1.0616416 1.0762813 0.9395327 0.9519830 1.2765848 1.0849539 0.9497369 0.9474104 0.9085560 0.9231174 0.9108316 0.9194926 1.0256778 1.1430027 1.1722094 1.1722094 1.2180561 1.1329447 1.3942074 1.2302179 1.1863130 1.0444404 1.3067076 1.2392256 1.6588778 0.8049040 2.8034766 2.0203789 1.9595232 2.1780512 2.2354458 2.0921854 2.0446481 2.0434349 2.0409732 1.9724809 1.9193442 1.9428183 1.8717076 2.0064177 1.7591726 2.0845557 2.0358969 
Fspp_ffun1.m4.6132.m1                                  0.8768540 0.9308287 0.6949698 0.8886299 0.6273548 0.7887494 0.5165510 0.3952900 0.1477622 0.1186996 0.0000000 0.0844575 0.1104460 0.1102354 0.2575741 0.7549054 0.9092326 0.9936165 0.8204502 0.9214487 1.1103338 0.7947163 0.8453606 0.9202884 1.0012746 0.9091270 0.8458662 0.9558444 0.9735346 0.8975206 0.9047843 1.4217619 1.0656942 0.9983840 0.9983840 0.9168846 0.9533475 0.8934028 0.9047177 0.9997100 1.2249983 1.1582249 1.1582249 1.2978541 1.1632216 1.3731004 1.2833507 1.1460456 0.8564323 1.2668733 1.3560549 1.4334856 0.7497860 2.6337005 1.9831589 1.9031255 2.0043949 2.0233328 1.9941234 1.8973469 2.1594773 2.0246627 2.0549594 1.9477272 2.2815833 1.8480959 2.0113590 1.8264207 1.9648622 1.9712173 
Gasp_gasp1.m3.1653.m1                                  0.8613248 0.9360228 0.7269966 0.8146636 0.7099757 0.8338563 0.4893675 0.3824101 0.2359019 0.1387046 0.0844575 0.0000000 0.1377334 0.1622614 0.3111019 0.7090134 0.8712777 1.1131390 0.9018324 0.9879086 1.3517659 0.9667656 0.8557367 1.0128250 1.0551019 0.9967676 0.9859999 1.0994546 1.1232066 0.9205423 0.9211303 1.2924784 1.0877488 1.0379270 1.0355283 0.9847614 1.0035742 0.9612134 0.9700607 1.1074659 1.1422340 1.1639188 1.1639188 1.2326239 1.1698332 1.3249578 1.2213267 1.1408309 1.0948990 1.2736018 1.2485496 1.6244597 0.8107477 2.7797863 1.9447099 1.9231617 2.1726494 2.1701164 2.0904110 2.0688632 1.9762078 1.9930968 1.9814649 1.8578222 1.9346748 1.9122218 2.0643841 1.8218185 2.1226262 2.0087851 
Spis_XP_022794755_1                                    0.9287050 1.0071326 0.7020184 0.8964186 0.7477702 0.8398623 0.5169464 0.3986214 0.2366024 0.1569355 0.1104460 0.1377334 0.0000000 0.0742560 0.3254079 0.6888907 0.8558121 1.1365135 0.9276752 1.0168326 1.3104872 1.0399435 0.9537316 0.9727117 1.0456090 0.9777097 0.9738252 1.0610439 1.1032964 0.9855515 0.9621676 1.3624059 1.0642729 1.0520227 1.0495786 1.0207964 1.0355768 1.0080009 1.0171537 1.1174069 1.1643287 1.2043126 1.2043126 1.2343348 1.2267330 1.4577489 1.2530388 1.1450074 1.1165976 1.3364497 1.2291195 1.7105420 0.8607421 2.8427571 1.8644273 1.8852954 2.1764630 2.3011174 2.1513251 2.0461302 2.0189847 2.0530110 1.9962717 1.8152518 1.9599790 1.8810523 2.0120329 1.7861875 2.1251823 1.9269058 
Pocdam_XM_027180368.1                                  0.9116326 1.0020752 0.7007534 0.9248891 0.7384022 0.8613816 0.5399581 0.4392263 0.2587117 0.1746722 0.1102354 0.1622614 0.0742560 0.0000000 0.3705411 0.6882787 0.8871732 1.1252753 0.9880647 1.0719906 1.2893582 1.0724196 0.9803143 1.0355159 1.0480701 1.0087282 1.0072932 1.0908356 1.1336987 1.0340394 1.0062458 1.3821652 1.1033520 1.1070241 1.1045168 1.0518613 1.0706236 1.0398718 1.0491857 1.1514852 1.2335262 1.2787890 1.2787890 1.3382445 1.2829411 1.3972194 1.2807338 1.1813083 1.1305480 1.3221948 1.3201463 1.6371239 0.8436669 2.8504398 1.9674702 1.8667741 2.2002848 2.2744316 2.1455242 2.0723519 2.1394231 2.0691639 2.0090847 1.8605952 2.0159391 1.9170702 2.0121728 1.8170299 2.0977410 2.1715490 
Amil_Amillepora11069-RA                                1.1966297 1.2122022 1.0017024 1.0976325 1.0051676 0.8772171 0.7519539 0.5724091 0.1624714 0.2093510 0.2575741 0.3111019 0.3254079 0.3705411 0.0000000 0.8628558 1.0251529 1.4742333 1.1039604 1.3555702 2.1590196 1.2607193 0.9050075 1.0783949 1.1663692 1.2035008 1.1796347 1.2987345 1.3005049 1.1964076 1.2354892 1.6033608 1.2829698 1.3028027 1.2996628 1.2375911 1.2706335 1.2416305 1.2535293 1.2903670 1.5282390 1.5887347 1.5887347 1.6076344 1.5253817 3.2873528 1.6663136 1.5485317 1.4632543 1.6033045 1.4187727 2.0437796 1.0240891 3.5065334 2.4472480 2.3259144 2.6142158 2.6350102 2.5561364 2.6203612 2.4615972 2.5104200 2.5498148 2.3025284 2.4595553 2.3336834 2.3347039 2.0948367 2.4343504 2.4738173 
Dgig_XM_028548854.1                                    1.0790994 1.1295977 0.9818105 1.1319046 1.0737270 1.1087411 0.8022388 0.7885983 0.7994744 0.7038317 0.7549054 0.7090134 0.6888907 0.6882787 0.8628558 0.0000000 0.4330919 1.3649431 1.3129780 1.4707417 1.4234021 1.3030063 1.1879069 1.2872204 1.2611641 1.2176580 1.2716701 1.4097398 1.3996219 1.2085902 1.2903592 1.5517406 1.2519233 1.2416641 1.2389811 1.2392187 1.2586471 1.2417674 1.2522418 1.3068453 1.1522339 1.1700677 1.1700677 1.2546913 1.2028177 1.3214700 1.3122587 1.3996970 1.5714160 1.5572791 1.4287345 1.7831294 1.1270695 2.8741123 2.2320971 2.2551779 2.2531818 2.2940648 2.2201540 2.2016690 2.3542519 2.2358677 2.0715329 2.1862595 2.2354786 2.1830185 2.1727541 2.0183051 2.3558217 2.3074214 
Xesp_000783-T1                                         1.2377718 1.2774144 1.1405768 1.3233436 1.1554840 1.1977182 0.9173497 0.9125952 0.9935745 0.8780063 0.9092326 0.8712777 0.8558121 0.8871732 1.0251529 0.4330919 0.0000000 1.5482245 1.3304930 1.5190409 1.5714976 1.4240628 1.3661068 1.4040631 1.3569275 1.2698233 1.2008838 1.3146006 1.3413018 1.3750104 1.3980191 1.7383686 1.2899245 1.3215066 1.3186964 1.3487908 1.3563120 1.3717805 1.3830557 1.4040512 1.2883243 1.2806330 1.2806330 1.3855831 1.2912934 1.7831000 1.4755788 1.5720918 1.5896123 1.6211351 1.5640989 1.8496114 1.2434022 2.9301367 2.2988185 2.3413092 2.3161848 2.3725720 2.3171925 2.4279284 2.1965604 2.3146194 2.2796799 2.4948185 2.1714515 2.1486234 2.2647767 2.2466850 2.5112122 2.2089248 
Aque_Aqu2.1.26314_001                                  1.2858646 1.2374312 1.1490850 1.3554398 1.2110749 1.1900599 1.1536715 1.0798094 1.1786725 1.0426918 0.9936165 1.1131390 1.1365135 1.1252753 1.4742333 1.3649431 1.5482245 0.0000000 0.3111053 0.3306003 0.6557256 0.6349391 0.5683075 0.7922010 1.5754242 1.5281597 1.5963719 1.6373334 1.6553921 1.2889749 1.2839676 1.5268030 1.5022393 1.4765598 1.4849986 1.5111796 1.5351121 1.4523263 1.4645359 1.5745665 1.4934948 1.3908241 1.3908241 1.4929933 1.4039162 2.0602608 1.4572112 1.5670659 1.5740516 1.6673052 1.5507946 1.9623100 1.3933275 2.4128541 2.1840571 2.1901616 2.2330189 2.1784649 1.9477409 1.9564293 2.0235384 1.9479238 2.0055730 2.0975011 2.1781424 2.0107925 2.1838041 2.1710659 2.3361721 2.2961142 
Halamb_c44440_g1_i2m.17484                             1.2437172 1.3935171 1.1933107 1.2958861 1.2364944 1.1686271 1.1440061 0.9077079 1.0742340 0.9414144 0.8204502 0.9018324 0.9276752 0.9880647 1.1039604 1.3129780 1.3304930 0.3111053 0.0000000 0.4569778 0.7017224 0.7596838 0.5707226 0.6502635 1.2462793 1.4581510 1.2844288 1.3711732 1.4010643 1.0336148 1.1018200 0.9676431 1.3834143 1.2279912 1.2398343 1.2424770 1.2109468 1.2063004 1.2229279 1.1671750 1.3145992 1.1719970 1.1719970 1.3571161 1.0908870 0.0000010 1.2390343 1.1182055 1.6825342 1.4898497 1.0666795 1.7137494 1.1516630 2.2073898 1.9850836 2.0656514 2.1921974 2.2592468 1.9727190 1.9989230 1.8117190 1.6838476 2.0758371 2.0331205 1.8793754 1.8591068 2.0355115 2.0792976 2.2987657 2.0762139 
Xestes_maker-XT_scaffold5166-augustus-gene-0.13-mRNA-1 1.1942331 1.1770629 1.1209080 1.3128410 1.1255699 1.2439936 1.1787206 0.9828507 1.0268490 0.9688411 0.9214487 0.9879086 1.0168326 1.0719906 1.3555702 1.4707417 1.5190409 0.3306003 0.4569778 0.0000000 0.6047591 0.5330050 0.6283209 0.7549077 1.4414123 1.4938954 1.5267729 1.7120407 1.6709792 1.3095840 1.2153940 1.7245411 1.4666082 1.3748124 1.3748124 1.3896217 1.4408151 1.3779311 1.3926526 1.4352565 1.4558279 1.4246624 1.4246624 1.4292127 1.4368759 1.6674870 1.3580853 1.4643842 1.2847312 1.7104660 1.6910767 1.9973276 1.3497220 2.4841993 2.1601497 2.1818139 2.2629119 2.3334789 2.0077029 2.1148625 2.2042672 2.2055072 2.2569247 2.2252939 2.4576975 2.1300946 2.4405946 2.1456548 2.2009981 2.5071516 
Emue_Em0007g323a.t1                                    1.0581035 1.1411381 1.2750651 1.3472974 1.0580112 1.1067442 1.2376088 1.0173704 1.2383485 1.1721015 1.1103338 1.3517659 1.3104872 1.2893582 2.1590196 1.4234021 1.5714976 0.6557256 0.7017224 0.6047591 0.0000000 0.3297210 0.0000010 0.0953837 1.9604554 1.7372508 1.7756054 1.9731105 1.9387900 1.3720000 1.2888061 2.9117385 2.1088239 1.3522607 1.3522607 1.5280716 1.5446283 1.3435606 1.3435606 1.5476249 1.4132785 1.4694718 1.4694718 1.4375447 1.4895571 1.3657766 1.3854233 1.8579903 1.4442312 1.9128538 2.5664342 2.1744706 2.4127679 2.3144211 2.0543113 2.1232492 2.3220050 2.0284509 1.8552897 1.8810004 2.2371668 1.8237498 1.5351257 2.0713456 2.7198045 2.3195754 1.9543029 2.1580691 1.9546212 0.0000010 
Tetwil_g13418.t2                                       1.1857588 1.3097061 1.2203102 1.1707067 1.0784947 0.9125014 1.0645813 0.9628937 0.9440450 0.9672421 0.7947163 0.9667656 1.0399435 1.0724196 1.2607193 1.3030063 1.4240628 0.6349391 0.7596838 0.5330050 0.3297210 0.0000000 0.2283477 0.4267478 1.3014475 1.3904487 1.4714852 1.5028825 1.4929481 1.1219001 1.1728006 1.5784684 1.4291212 1.2648800 1.2724831 1.2892102 1.3370398 1.2317641 1.2424290 1.2145691 1.3567019 1.3889220 1.3889220 1.4174627 1.3454628 1.5066441 1.4777693 1.5087490 1.4733234 1.8044084 1.6450240 2.0433379 1.3373111 2.5877344 2.0406339 2.0945283 2.2655350 2.2789554 2.0652545 2.0348044 2.0917550 1.9879115 1.9470100 2.3165534 2.1735474 2.1362790 2.2732712 2.0657676 2.2553879 2.3753052 
Stycar_maker-SC_scaffold44095-snap-gene-0.2-mRNA-1     1.2249524 1.3712768 1.2551750 1.1855878 1.0676270 1.0672962 1.0364640 0.9196327 0.9050075 0.8790175 0.8453606 0.8557367 0.9537316 0.9803143 0.9050075 1.1879069 1.3661068 0.5683075 0.5707226 0.6283209 0.0000010 0.2283477 0.0000000 0.4355920 1.0208283 1.2440273 1.1581193 1.1378482 1.1766734 1.1305482 1.2379404 1.0486526 1.1477133 1.2701914 1.2647664 1.2537463 1.2897259 1.2894211 1.3130037 1.2760372 1.3602239 1.2763777 1.2763777 1.3630308 1.3302666 0.0000010 1.4294194 1.3508766 1.7128206 1.8001832 1.0902834 2.0757364 1.0723462 2.4318838 2.3277957 2.3740327 2.5899590 2.7370903 2.0526784 2.1742209 1.8522791 2.1131533 2.3780620 2.7539246 2.0136447 2.3109960 2.7522530 2.0919463 2.6007907 2.7930805 
Spolac_c96129_g1_i1_m.12608c96129-g1                   1.0739895 1.2353937 1.0384828 1.2394680 0.9477417 1.0692358 1.1468474 0.8607162 0.9631083 0.9295400 0.9202884 1.0128250 0.9727117 1.0355159 1.0783949 1.2872204 1.4040631 0.7922010 0.6502635 0.7549077 0.0953837 0.4267478 0.4355920 0.0000000 1.3255259 1.3031745 1.2884782 1.4158967 1.3481280 1.1237945 1.1071351 1.4301747 1.3859965 1.1469699 1.1469699 1.1860604 1.1772747 1.0945340 1.1076229 1.1410954 1.2406556 1.2186840 1.2186840 1.2883697 1.2348580 1.6374852 1.2363731 1.5313262 1.3773251 1.5035156 1.5510490 1.9325658 1.0120168 2.3240846 2.2612000 2.1240201 2.2091521 2.2143445 1.8253543 1.9424749 2.0009287 1.8242742 1.8752536 2.1960445 2.3038833 2.1922887 1.9848361 2.0015005 2.1726379 2.5866629 
Hvul_g29112_1                                          1.4322816 1.3010889 1.2501435 1.3220179 1.1959546 1.2519570 1.1925056 1.0982714 1.0477420 1.0208565 1.0012746 1.0551019 1.0456090 1.0480701 1.1663692 1.2611641 1.3569275 1.5754242 1.2462793 1.4414123 1.9604554 1.3014475 1.0208283 1.3255259 0.0000000 0.6186835 0.9881171 1.1233754 1.1010797 1.4159112 1.3567479 1.9679487 1.2680878 1.6536126 1.6536126 1.5990503 1.6238735 1.5557392 1.5716416 1.6128504 1.7813993 1.7501576 1.7501576 1.6535640 1.6142232 2.0700843 1.8228572 1.9218473 1.4772470 1.5819756 1.8108629 1.6325098 1.1859713 3.1506325 2.6646415 2.5565073 2.8725994 2.9709663 2.2801261 2.3528392 2.7133255 2.5568194 2.7219830 2.6870927 2.6474797 2.5107723 2.8721925 2.1988214 2.5515507 2.4011436 
Chem_TCONS_00061981                                    1.2904483 1.3215774 1.2325233 1.3870578 1.1282088 1.2863897 1.1390538 1.0519762 1.1454513 1.0091496 0.9091270 0.9967676 0.9777097 1.0087282 1.2035008 1.2176580 1.2698233 1.5281597 1.4581510 1.4938954 1.7372508 1.3904487 1.2440273 1.3031745 0.6186835 0.0000000 0.9427256 1.0201358 1.0315603 1.3509396 1.3677522 1.7825950 1.0087714 1.3759730 1.3837653 1.3671392 1.3826258 1.3300289 1.3408998 1.5005971 1.5452573 1.5279111 1.5279111 1.5478130 1.5214241 1.8169715 1.6486652 1.8838011 1.7140596 1.5555378 1.7364668 2.0360259 1.3044010 3.1315431 2.5930190 2.3614076 2.9521833 2.9932576 2.4734135 2.3720452 2.4779815 2.5452911 2.2739317 2.6662454 2.4745278 2.3850760 2.6555379 1.9864084 2.6606822 2.6908288 
Aaur_scaffold640.g12.t1                                1.3365560 1.4674903 1.2788867 1.2336903 1.0965568 1.1561988 1.1493447 1.0176711 1.1331332 0.9087439 0.8458662 0.9859999 0.9738252 1.0072932 1.1796347 1.2716701 1.2008838 1.5963719 1.2844288 1.5267729 1.7756054 1.4714852 1.1581193 1.2884782 0.9881171 0.9427256 0.0000000 0.3477436 0.3397241 1.1529048 1.1416936 1.4451919 0.9811093 1.3392535 1.3364510 1.2864896 1.3012583 1.2376844 1.2480846 1.3950673 1.5719793 1.5008048 1.5008048 1.5649651 1.5634227 2.1544707 1.5898970 1.8212749 1.6399473 1.5984510 1.5409194 2.0181459 1.2409914 3.1761168 2.3818994 2.2807955 2.6602883 2.8624515 2.5950869 2.5395238 2.3545834 2.4662377 2.2977292 2.4753274 2.4740289 2.4397119 2.6023533 1.8198794 2.5064333 2.5456377 
Nemnom_g12898.t1                                       1.4379793 1.6324444 1.4543584 1.3813804 1.2510441 1.2226185 1.1466378 1.1500598 1.2553667 1.0616416 0.9558444 1.0994546 1.0610439 1.0908356 1.2987345 1.4097398 1.3146006 1.6373334 1.3711732 1.7120407 1.9731105 1.5028825 1.1378482 1.4158967 1.1233754 1.0201358 0.3477436 0.0000000 0.1510121 1.3549565 1.2942600 1.6073387 1.0656088 1.4896887 1.4810790 1.4809845 1.5374979 1.4055396 1.4170550 1.5968670 1.8717848 1.8439726 1.8439726 1.8814150 1.8604302 3.1272227 1.8613791 2.0575548 1.7553174 1.7916069 1.6932859 2.1895480 1.3746149 2.9871590 2.3110084 2.2816496 2.6144300 2.7752603 2.5862483 2.5303975 2.3806652 2.4516474 2.4643109 2.5477836 2.4379437 2.4316908 2.5902493 1.8259985 2.6020022 2.4823443 
Rhoesc_Res_005810-T1                                   1.4344503 1.5851508 1.3501562 1.3844562 1.2753955 1.2133146 1.1861101 1.1531051 1.3065639 1.0762813 0.9735346 1.1232066 1.1032964 1.1336987 1.3005049 1.3996219 1.3413018 1.6553921 1.4010643 1.6709792 1.9387900 1.4929481 1.1766734 1.3481280 1.1010797 1.0315603 0.3397241 0.1510121 0.0000000 1.4041347 1.3106956 1.6576342 1.0556925 1.4118889 1.4035952 1.4146453 1.4534334 1.3365694 1.3475873 1.5220711 1.8097223 1.7847906 1.7847906 1.8576994 1.8074382 3.2243265 1.8236880 2.0750988 1.8075466 1.7408423 1.6770504 2.2277321 1.3523262 3.0819801 2.4098104 2.3230491 2.6267042 2.7444909 2.6773318 2.5531430 2.4278838 2.4984263 2.4161734 2.5681728 2.5773747 2.4367024 2.6170536 1.8026182 2.6177121 2.5482928 
Scil_scict007479.1                                     1.1281642 1.1764435 0.9951613 1.1270531 0.9173716 1.1101468 1.0611519 0.9483526 1.0494352 0.9395327 0.8975206 0.9205423 0.9855515 1.0340394 1.1964076 1.2085902 1.3750104 1.2889749 1.0336148 1.3095840 1.3720000 1.1219001 1.1305482 1.1237945 1.4159112 1.3509396 1.1529048 1.3549565 1.4041347 0.0000000 0.2053057 0.5713711 1.5288708 1.0992409 1.1061437 1.0828612 1.0973739 1.0613170 1.0706612 1.1643699 1.3991882 1.3575913 1.3575913 1.4110633 1.4503115 1.7542349 1.4743955 1.6081166 1.5175145 1.5831903 1.3937024 1.9182469 1.1987723 2.9489717 2.1855208 2.1670607 2.2497055 2.2395851 2.0746416 2.1049705 1.9694876 1.9430789 1.8704468 2.3361263 2.0872586 2.0819448 2.0787339 1.8266366 2.3442524 1.9327275 
Leuniv_Lniv_scaffold10422_01                           1.1396696 1.1888649 0.9752848 1.1581189 0.9071697 1.0468619 1.0717907 0.9432864 1.0838259 0.9519830 0.9047843 0.9211303 0.9621676 1.0062458 1.2354892 1.2903592 1.3980191 1.2839676 1.1018200 1.2153940 1.2888061 1.1728006 1.2379404 1.1071351 1.3567479 1.3677522 1.1416936 1.2942600 1.3106956 0.2053057 0.0000000 0.6066575 1.5333879 1.1081737 1.1152841 1.1080225 1.1240266 1.0504308 1.0599528 1.1554116 1.3969002 1.3738177 1.3738177 1.3799411 1.4802769 1.9304083 1.5625667 1.6259971 1.4727939 1.5966279 1.3647688 1.9960964 1.1406070 2.9746490 2.2884518 2.2941922 2.2703534 2.3112252 2.1942161 2.1451663 1.9569220 2.0720689 1.9122592 2.4201445 2.1933359 2.1295677 2.0275270 1.8904216 2.3834606 2.3976424 
Lcom_lcpid84429                                        1.5927225 1.6304564 1.4247232 1.5150335 1.3802535 1.3985460 1.3564390 1.3909432 1.5371532 1.2765848 1.4217619 1.2924784 1.3624059 1.3821652 1.6033608 1.5517406 1.7383686 1.5268030 0.9676431 1.7245411 2.9117385 1.5784684 1.0486526 1.4301747 1.9679487 1.7825950 1.4451919 1.6073387 1.6576342 0.5713711 0.6066575 0.0000000 1.7633693 1.4550924 1.4633201 1.4671802 1.4636792 1.4509524 1.4629495 1.5244788 1.5808990 1.5193213 1.5193213 1.7003083 1.6754385 5.0222819 1.6702606 1.9880156 2.0845800 1.9871663 1.6224847 2.3042508 1.1544986 3.1168122 2.9343612 2.7167101 2.5477552 2.6919124 2.4294241 2.6082654 2.3983530 2.5063344 2.2217168 2.6148178 2.3873263 2.4230616 2.5898723 2.2564942 2.9034916 1.9016885 
Morvir_scaffold70.g67.t1                               1.3023264 1.3496153 1.2156603 1.3121176 1.2869096 1.2458413 1.1861276 1.1469732 1.3190333 1.0849539 1.0656942 1.0877488 1.0642729 1.1033520 1.2829698 1.2519233 1.2899245 1.5022393 1.3834143 1.4666082 2.1088239 1.4291212 1.1477133 1.3859965 1.2680878 1.0087714 0.9811093 1.0656088 1.0556925 1.5288708 1.5333879 1.7633693 0.0000000 1.3780355 1.3751887 1.4416930 1.4454223 1.3727495 1.3838965 1.5146735 1.4587546 1.4629357 1.4629357 1.5592727 1.4543993 2.3067099 1.5356357 1.6272280 1.8271889 1.5690294 1.5160931 1.9386948 1.1099957 3.1136327 2.5315795 2.4395265 2.5132725 2.5424909 2.7552666 2.7963238 2.7876192 2.6204806 2.5013410 2.4708498 2.3317682 2.4076759 2.8357557 1.9915133 2.9029818 2.7968890 
Tadh_TriadT53881                                       1.2817817 1.3701371 1.2007717 1.2478923 1.1529575 1.3241216 0.9667899 1.0316204 1.1935545 0.9497369 0.9983840 1.0379270 1.0520227 1.1070241 1.3028027 1.2416641 1.3215066 1.4765598 1.2279912 1.3748124 1.3522607 1.2648800 1.2701914 1.1469699 1.6536126 1.3759730 1.3392535 1.4896887 1.4118889 1.0992409 1.1081737 1.4550924 1.3780355 0.0000000 0.0035652 0.1622098 0.1544484 0.1697979 0.1742798 0.1513552 1.3523635 1.2889611 1.2889611 1.4217221 1.2748579 1.9018356 1.4038355 1.3538636 1.6319872 1.7607424 1.6487887 2.1295897 1.3967153 3.0629648 2.2847717 2.3357488 2.3325754 2.3634061 2.2253444 2.3340978 1.9860068 2.1141810 2.0334666 2.1934224 2.3647061 2.2704594 2.4066028 1.9990478 2.4078838 2.4468348 
TrH2_TrispH2_002780-RA                                 1.2791134 1.3675984 1.1981957 1.2451902 1.1537506 1.3208866 0.9644413 1.0292075 1.1908783 0.9474104 0.9983840 1.0355283 1.0495786 1.1045168 1.2996628 1.2389811 1.3186964 1.4849986 1.2398343 1.3748124 1.3522607 1.2724831 1.2647664 1.1469699 1.6536126 1.3837653 1.3364510 1.4810790 1.4035952 1.1061437 1.1152841 1.4633201 1.3751887 0.0035652 0.0000000 0.1663696 0.1585472 0.1739674 0.1784579 0.1557100 1.3441647 1.2809619 1.2809619 1.4187784 1.2825804 1.9018356 1.4008592 1.3538636 1.6319872 1.7572213 1.6458422 2.1398153 1.3849186 3.0780626 2.2804299 2.3312734 2.3205631 2.3512450 2.2215599 2.3226298 1.9754726 2.1031964 2.0295049 2.1934441 2.3524482 2.2816167 2.3947525 1.9886183 2.3961861 2.4264345 
HoiH06_mRNA2872                                        1.2465294 1.3190677 1.1972034 1.2458639 1.1340351 1.3301639 0.9778973 0.9884494 1.1578108 0.9085560 0.9168846 0.9847614 1.0207964 1.0518613 1.2375911 1.2392187 1.3487908 1.5111796 1.2424770 1.3896217 1.5280716 1.2892102 1.2537463 1.1860604 1.5990503 1.3671392 1.2864896 1.4809845 1.4146453 1.0828612 1.1080225 1.4671802 1.4416930 0.1622098 0.1663696 0.0000000 0.0367701 0.0681076 0.0720484 0.1087151 1.3548793 1.2609532 1.2609532 1.4170730 1.2219018 1.9942732 1.4232742 1.3880729 1.5674116 1.7525304 1.6878912 2.1405011 1.3408953 3.0931328 2.2843359 2.3947057 2.4542425 2.5043878 2.2333830 2.3930521 2.1117355 2.2101768 2.0725710 2.3463230 2.3448515 2.2701871 2.4822648 1.9485696 2.3749275 2.5362355 
HoiH23_PlH23_001783-RA                                 1.2772474 1.3292154 1.2022634 1.3007311 1.1697845 1.3633528 1.0081285 0.9954100 1.1859498 0.9231174 0.9533475 1.0035742 1.0355768 1.0706236 1.2706335 1.2586471 1.3563120 1.5351121 1.2109468 1.4408151 1.5446283 1.3370398 1.2897259 1.1772747 1.6238735 1.3826258 1.3012583 1.5374979 1.4534334 1.0973739 1.1240266 1.4636792 1.4454223 0.1544484 0.1585472 0.0367701 0.0000000 0.0679948 0.0719279 0.1004644 1.3427527 1.2598824 1.2598824 1.4020309 1.2132205 1.9659507 1.4377494 1.3841271 1.6484786 1.7741357 1.6959616 2.0816229 1.3606180 3.0771039 2.3683947 2.4540183 2.4086127 2.4561476 2.2383467 2.3776835 2.0998204 2.1200438 2.0697518 2.3021829 2.3323251 2.2559542 2.4539198 1.9190618 2.4158966 2.5053579 
Hhon_g00408.t1                                         1.2303370 1.2888545 1.1503874 1.2281111 1.0863350 1.2393639 0.9606554 0.9659110 1.1578355 0.9108316 0.8934028 0.9612134 1.0080009 1.0398718 1.2416305 1.2417674 1.3717805 1.4523263 1.2063004 1.3779311 1.3435606 1.2317641 1.2894211 1.0945340 1.5557392 1.3300289 1.2376844 1.4055396 1.3365694 1.0613170 1.0504308 1.4509524 1.3727495 0.1697979 0.1739674 0.0681076 0.0679948 0.0000000 0.0035896 0.1423549 1.3545804 1.2991412 1.2991412 1.4262951 1.2401065 1.9520418 1.4245559 1.3646156 1.5563648 1.7370606 1.5900763 2.1016435 1.3666022 3.0055720 2.2193149 2.3484403 2.3204509 2.3529454 2.2083933 2.2398729 2.0160200 2.1372656 1.9437921 2.1846851 2.2790221 2.1494000 2.3436156 1.8106625 2.3075815 2.5274979 
HoiH04_mRNA10195                                       1.2405442 1.2995062 1.1410956 1.2183180 1.0958124 1.2515315 0.9696712 0.9749359 1.1680198 0.9194926 0.9047177 0.9700607 1.0171537 1.0491857 1.2535293 1.2522418 1.3830557 1.4645359 1.2229279 1.3926526 1.3435606 1.2424290 1.3130037 1.1076229 1.5716416 1.3408998 1.2480846 1.4170550 1.3475873 1.0706612 1.0599528 1.4629495 1.3838965 0.1742798 0.1784579 0.0720484 0.0719279 0.0035896 0.0000000 0.1469676 1.3659840 1.3101699 1.3101699 1.4380169 1.2299865 1.9520418 1.4364599 1.3646156 1.5624267 1.7512202 1.6028376 2.1088032 1.3829252 2.9797572 2.2311853 2.3609350 2.3027721 2.3655845 2.2259671 2.2577464 2.0323200 2.1542918 1.9596923 2.2021759 2.2979983 2.1666981 2.3622798 1.8205418 2.3258668 2.5390330 
HoiH11_mRNA1046                                        1.3332822 1.3710959 1.2093536 1.2940509 1.2131633 1.3366728 1.0448783 1.0774581 1.1106852 1.0256778 0.9997100 1.1074659 1.1174069 1.1514852 1.2903670 1.3068453 1.4040512 1.5745665 1.1671750 1.4352565 1.5476249 1.2145691 1.2760372 1.1410954 1.6128504 1.5005971 1.3950673 1.5968670 1.5220711 1.1643699 1.1554116 1.5244788 1.5146735 0.1513552 0.1557100 0.1087151 0.1004644 0.1423549 0.1469676 0.0000000 1.4063700 1.2804035 1.2804035 1.4555384 1.2555030 1.9023171 1.4912031 1.3394495 1.6793152 1.8510820 1.7640793 2.0244545 1.2511571 3.1003814 2.3775895 2.4494204 2.4015560 2.4752794 2.2844644 2.4015760 2.0904542 2.1287617 2.1240463 2.3509901 2.4065080 2.2256461 2.2906235 2.0042158 2.2247401 2.2885538 
Mlei_ML1293.g12.i1                                     1.4495076 1.4144816 1.2209454 1.2789150 1.4104868 1.3191685 1.1577530 1.1131081 1.3004290 1.1430027 1.2249983 1.1422340 1.1643287 1.2335262 1.5282390 1.1522339 1.2883243 1.4934948 1.3145992 1.4558279 1.4132785 1.3567019 1.3602239 1.2406556 1.7813993 1.5452573 1.5719793 1.8717848 1.8097223 1.3991882 1.3969002 1.5808990 1.4587546 1.3523635 1.3441647 1.3548793 1.3427527 1.3545804 1.3659840 1.4063700 0.0000000 0.2073650 0.2073650 0.2520744 0.3633719 0.3300323 0.5157719 0.5074675 1.6418265 1.7625413 1.6452276 1.9530953 1.3911088 2.5204376 2.2205827 2.3757407 2.1224737 2.4707191 2.3240207 2.2223291 2.0459653 2.2877849 2.1505984 2.2253750 2.1850679 2.6548069 2.6441759 2.2392809 2.7364088 2.4101196 
Bolinf_Binf_sb1255096                                  1.2717548 1.3825441 1.2321066 1.2991132 1.3438635 1.2789412 1.2094307 1.1294783 1.3375545 1.1722094 1.1582249 1.1639188 1.2043126 1.2787890 1.5887347 1.1700677 1.2806330 1.3908241 1.1719970 1.4246624 1.4694718 1.3889220 1.2763777 1.2186840 1.7501576 1.5279111 1.5008048 1.8439726 1.7847906 1.3575913 1.3738177 1.5193213 1.4629357 1.2889611 1.2809619 1.2609532 1.2598824 1.2991412 1.3101699 1.2804035 0.2073650 0.0000000 0.0000010 0.2409243 0.3216931 0.3771599 0.5415660 0.4650792 1.6477731 1.6232187 1.6418315 1.8960800 1.2833971 2.5994458 2.2375023 2.3249741 2.1226437 2.4917595 2.3835348 2.2805196 2.1684195 2.4496917 2.2320061 2.1988012 2.2312641 2.5522294 2.6378069 2.2333893 2.7307258 2.5249267 
Mertsp_Mesp_sb579203                                   1.2717548 1.3825441 1.2321066 1.2991132 1.3438635 1.2789412 1.2094307 1.1294783 1.3375545 1.1722094 1.1582249 1.1639188 1.2043126 1.2787890 1.5887347 1.1700677 1.2806330 1.3908241 1.1719970 1.4246624 1.4694718 1.3889220 1.2763777 1.2186840 1.7501576 1.5279111 1.5008048 1.8439726 1.7847906 1.3575913 1.3738177 1.5193213 1.4629357 1.2889611 1.2809619 1.2609532 1.2598824 1.2991412 1.3101699 1.2804035 0.2073650 0.0000010 0.0000000 0.2409243 0.3216931 0.3771599 0.5415660 0.4650792 1.6477731 1.6232187 1.6418315 1.8960800 1.2833971 2.5994458 2.2375023 2.3249741 2.1226437 2.4917595 2.3835348 2.2805196 2.1684195 2.4496917 2.2320061 2.1988012 2.2312641 2.5522294 2.6378069 2.2333893 2.7307258 2.5249267 
Beraby_Baby_sb330731                                   1.3585414 1.3773464 1.2930116 1.3063349 1.3816569 1.3338743 1.2711409 1.1589423 1.3789561 1.2180561 1.2978541 1.2326239 1.2343348 1.3382445 1.6076344 1.2546913 1.3855831 1.4929933 1.3571161 1.4292127 1.4375447 1.4174627 1.3630308 1.2883697 1.6535640 1.5478130 1.5649651 1.8814150 1.8576994 1.4110633 1.3799411 1.7003083 1.5592727 1.4217221 1.4187784 1.4170730 1.4020309 1.4262951 1.4380169 1.4555384 0.2520744 0.2409243 0.2409243 0.0000000 0.4075368 0.3962402 0.5508798 0.5579768 1.6604472 1.7115320 1.7466362 2.1639904 1.3937959 2.7378073 2.2097055 2.3325246 2.0827240 2.4156716 2.2968272 2.2365623 2.1637851 2.2406907 2.2448904 2.1119989 2.2398645 2.5986382 2.6577833 2.1939380 2.9619504 2.4764813 
Lampan_Lpan_10965_01                                   1.3101257 1.3387440 1.2327278 1.1737607 1.3560078 1.3284726 1.1868463 1.1447367 1.2550153 1.1329447 1.1632216 1.1698332 1.2267330 1.2829411 1.5253817 1.2028177 1.2912934 1.4039162 1.0908870 1.4368759 1.4895571 1.3454628 1.3302666 1.2348580 1.6142232 1.5214241 1.5634227 1.8604302 1.8074382 1.4503115 1.4802769 1.6754385 1.4543993 1.2748579 1.2825804 1.2219018 1.2132205 1.2401065 1.2299865 1.2555030 0.3633719 0.3216931 0.3216931 0.4075368 0.0000000 0.6354457 0.6204227 0.4772924 1.6472616 1.7265819 1.7413405 1.9599621 1.3318371 2.4084547 2.1322564 2.2736010 1.9869713 2.2397849 2.3338527 2.1871121 2.1320918 2.2295516 2.1973491 2.1154374 2.2336649 2.3040874 2.4970088 2.0528825 2.6203826 2.4713412 
Pbac_sb2649171                                         1.4919410 2.1111143 1.5736982 1.8643077 1.7894099 2.5180235 1.4653454 1.6864458 1.5163237 1.3942074 1.3731004 1.3249578 1.4577489 1.3972194 3.2873528 1.3214700 1.7831000 2.0602608 0.0000010 1.6674870 1.3657766 1.5066441 0.0000010 1.6374852 2.0700843 1.8169715 2.1544707 3.1272227 3.2243265 1.7542349 1.9304083 5.0222819 2.3067099 1.9018356 1.9018356 1.9942732 1.9659507 1.9520418 1.9520418 1.9023171 0.3300323 0.3771599 0.3771599 0.3962402 0.6354457 0.0000000 0.0000010 0.7274394 1.7144125 2.4275952 3.0988656 1.9242962 8.7297695 3.2990211 3.0410834 3.4076571 3.2955728 3.2454750 4.0706551 3.9361727 3.9782248 3.2051736 2.8006398 2.9683308 3.3465043 4.2208021 3.7116305 3.3279115 3.9161002 0.0000010 
Horcal_Hcv1.av93.c1.g234.i2                            1.5104711 1.5365697 1.3998472 1.4995489 1.5260514 1.5120389 1.3148473 1.1959485 1.4265247 1.2302179 1.2833507 1.2213267 1.2530388 1.2807338 1.6663136 1.3122587 1.4755788 1.4572112 1.2390343 1.3580853 1.3854233 1.4777693 1.4294194 1.2363731 1.8228572 1.6486652 1.5898970 1.8613791 1.8236880 1.4743955 1.5625667 1.6702606 1.5356357 1.4038355 1.4008592 1.4232742 1.4377494 1.4245559 1.4364599 1.4912031 0.5157719 0.5415660 0.5415660 0.5508798 0.6204227 0.0000010 0.0000000 0.7362722 1.8907314 1.8710052 1.9129882 2.1563306 1.5788769 2.6331875 2.3043941 2.3598393 2.1473252 2.3613773 2.3093547 2.5519183 2.4525531 2.6202179 2.2900353 2.1308156 2.3117281 2.8442140 2.9650354 2.4900241 2.9822648 2.7858860 
Vmul_Simscaffold8707_01                                1.4019486 1.4976101 1.3426524 1.4805913 1.4535184 1.5907639 1.0625318 1.2411411 1.1982250 1.1863130 1.1460456 1.1408309 1.1450074 1.1813083 1.5485317 1.3996970 1.5720918 1.5670659 1.1182055 1.4643842 1.8579903 1.5087490 1.3508766 1.5313262 1.9218473 1.8838011 1.8212749 2.0575548 2.0750988 1.6081166 1.6259971 1.9880156 1.6272280 1.3538636 1.3538636 1.3880729 1.3841271 1.3646156 1.3646156 1.3394495 0.5074675 0.4650792 0.4650792 0.5579768 0.4772924 0.7274394 0.7362722 0.0000000 1.3390693 1.5599184 1.9215792 1.8891822 1.3112174 2.2380722 2.1893767 2.3770844 1.9345922 2.1279338 2.1153671 2.2646966 2.1399222 2.3221268 2.3486836 2.0349064 2.5484709 2.7136963 2.6075395 2.2108047 2.6324528 2.1814499 
Cscu_XM_023382147.1                                    1.3326337 1.4103892 1.1110291 1.0827996 1.0686798 1.1687893 1.2329860 1.1579530 1.1559077 1.0444404 0.8564323 1.0948990 1.1165976 1.1305480 1.4632543 1.5714160 1.5896123 1.5740516 1.6825342 1.2847312 1.4442312 1.4733234 1.7128206 1.3773251 1.4772470 1.7140596 1.6399473 1.7553174 1.8075466 1.5175145 1.4727939 2.0845800 1.8271889 1.6319872 1.6319872 1.5674116 1.6484786 1.5563648 1.5624267 1.6793152 1.6418265 1.6477731 1.6477731 1.6604472 1.6472616 1.7144125 1.8907314 1.3390693 0.0000000 1.4326978 1.9554890 1.8339064 1.4555968 3.6404268 2.4256579 2.5567906 2.7205364 2.7804862 2.5422406 2.6735482 3.0894838 2.7704270 2.4600726 2.5262737 3.0419863 2.6565790 2.8322029 2.4325697 2.8071963 2.5089176 
Dpul_mRNA27276                                         1.2427879 1.4471042 1.1433735 1.3293509 1.1392419 1.2019636 1.3403524 1.3641804 1.5118684 1.3067076 1.2668733 1.2736018 1.3364497 1.3221948 1.6033045 1.5572791 1.6211351 1.6673052 1.4898497 1.7104660 1.9128538 1.8044084 1.8001832 1.5035156 1.5819756 1.5555378 1.5984510 1.7916069 1.7408423 1.5831903 1.5966279 1.9871663 1.5690294 1.7607424 1.7572213 1.7525304 1.7741357 1.7370606 1.7512202 1.8510820 1.7625413 1.6232187 1.6232187 1.7115320 1.7265819 2.4275952 1.8710052 1.5599184 1.4326978 0.0000000 1.7021764 1.5760975 1.4735731 3.3397902 2.4210349 2.6608358 2.7500267 2.7343196 2.8083632 2.7842744 3.0094485 2.7941824 2.5971113 2.7101984 2.6792258 2.7571074 2.6368214 2.6726957 3.2206488 2.7711195 
Opea_EP00118_Oscarella_pearsei_P006910                 1.5412882 1.4778046 1.4645242 1.5271190 1.4598525 1.4557737 1.4050016 1.2778725 1.4646465 1.2392256 1.3560549 1.2485496 1.2291195 1.3201463 1.4187727 1.4287345 1.5640989 1.5507946 1.0666795 1.6910767 2.5664342 1.6450240 1.0902834 1.5510490 1.8108629 1.7364668 1.5409194 1.6932859 1.6770504 1.3937024 1.3647688 1.6224847 1.5160931 1.6487887 1.6458422 1.6878912 1.6959616 1.5900763 1.6028376 1.7640793 1.6452276 1.6418315 1.6418315 1.7466362 1.7413405 3.0988656 1.9129882 1.9215792 1.9554890 1.7021764 0.0000000 1.9986891 1.4358561 3.0027081 2.7544930 2.7257628 2.8844034 2.8977622 2.3262653 2.4217558 2.4912731 2.3166968 2.3767817 2.4987098 2.5194358 2.7036153 2.4630315 2.1987422 2.8359832 2.8075719 
Tcas_TC033703_001                                      1.5634358 1.7064283 1.7006025 1.6096509 1.5667592 1.7557821 1.8228735 1.7719649 1.7585994 1.6588778 1.4334856 1.6244597 1.7105420 1.6371239 2.0437796 1.7831294 1.8496114 1.9623100 1.7137494 1.9973276 2.1744706 2.0433379 2.0757364 1.9325658 1.6325098 2.0360259 2.0181459 2.1895480 2.2277321 1.9182469 1.9960964 2.3042508 1.9386948 2.1295897 2.1398153 2.1405011 2.0816229 2.1016435 2.1088032 2.0244545 1.9530953 1.8960800 1.8960800 2.1639904 1.9599621 1.9242962 2.1563306 1.8891822 1.8339064 1.5760975 1.9986891 0.0000000 1.8338221 3.3477017 2.9321723 2.9128036 3.0646137 3.0959323 3.2143300 3.3258364 3.4166721 3.1467663 2.8452486 2.9916202 2.9869584 2.7532467 2.7293042 2.9735515 3.1396486 2.6543154 
