58
Hsap_ENST00000302692                                  0.0000000 1.3063856 1.3148844 1.1899644 1.3616689 1.2517406 1.5278908 1.3079321 1.2664874 1.7056999 1.6508664 1.6703966 1.5892673 1.7392266 1.5873316 2.1500403 1.7528262 1.8980386 1.5680568 2.0136374 2.4085975 2.1699427 2.0309868 1.9685972 1.3163401 2.0156618 1.6373963 1.8811615 1.7501184 1.8343669 2.2070350 2.1722614 1.9151059 2.0168974 1.7794603 1.7525444 1.7928261 1.6002545 2.5281025 2.1843634 2.1392983 2.0783349 2.2493760 1.8807137 1.8337947 2.0031367 1.8517958 2.2462608 2.4069147 2.9787923 3.6635697 3.0467859 2.7803786 2.6953778 2.6949107 3.0685301 2.9401667 2.9276231 
Bralan_BLAG11001008_1                                 1.3063856 0.0000000 1.0202845 0.9069362 0.9226150 1.0572118 1.1808216 0.9983692 1.1044146 1.2695148 1.3652252 1.3048934 1.2729949 1.3932988 1.2024870 1.4750649 1.5101335 1.6007270 1.3159830 1.5497768 1.9761535 1.9854085 1.7752831 1.6862132 1.1661274 1.7075752 1.5707095 1.6523996 1.5392101 1.4868747 1.7403212 1.7060676 1.5648891 1.8354528 1.4776081 1.4876001 1.3739799 1.1653923 1.8354380 1.7474003 2.0641618 1.7663495 1.9679419 1.4791207 1.6506953 1.8629900 1.7309463 1.9822994 2.0724480 2.5643773 3.6867404 2.6171253 2.3400543 2.3183635 2.3365527 2.8014989 2.6284149 2.6344371 
Spur_XM_003726387.3                                   1.3148844 1.0202845 0.0000000 1.1429572 1.0469979 1.1815543 1.2733290 0.9655353 1.2657090 1.3636567 1.3526186 1.3694161 1.2970375 1.4142653 1.4194490 1.7620339 1.1233083 1.6710419 1.2340554 1.8197561 1.9701245 1.8519819 1.7382851 1.5920670 1.0963879 1.5787424 1.4823146 1.7133658 1.4844093 1.5826538 1.7970862 1.7437440 1.6557033 2.0551527 1.4450802 1.4971446 1.5149294 1.4996193 2.1782705 2.1919057 1.9429098 1.7412657 1.9498947 1.7644362 1.6436724 1.7935176 1.6909993 1.9041978 2.0286896 2.8827145 2.8592595 2.6862228 2.6400310 2.4315439 2.3732386 2.7463372 2.0992763 2.6832481 
Tcas_TC006415_001                                     1.1899644 0.9069362 1.1429572 0.0000000 0.8247515 1.0526662 0.9261777 0.9206668 0.9846974 1.4826478 1.3980476 1.4225765 1.4241908 1.3938801 1.4473137 1.6786722 1.4932651 1.6446323 1.2913287 1.7757680 2.0646443 2.0377889 1.8264418 1.8427794 1.4100105 1.8652992 1.6990168 1.7622080 1.7452951 1.7644686 2.0891132 2.0800746 1.8634869 1.8649089 1.5484909 1.5365749 1.3983434 1.3918840 2.2025130 2.0822458 2.1595881 1.9067621 1.9852165 1.7129030 1.7953887 1.9489910 1.7868833 1.9848940 2.1345632 2.9652892 3.8364236 2.8810610 2.5745925 2.7638046 2.7221491 2.8986846 2.8445048 3.0870060 
Cscu_XM_023380619.1                                   1.3616689 0.9226150 1.0469979 0.8247515 0.0000000 0.7853798 1.0278218 0.8179966 0.9070696 1.2222824 1.2619840 1.2879401 1.2788956 1.2792353 1.3022770 1.6347969 1.3273317 1.5376561 1.1870959 1.5379469 1.9853815 2.0025180 1.8590748 1.6607907 1.2487113 1.7390592 1.4251933 1.6662504 1.4873949 1.6314759 1.8639238 1.8633883 1.7452755 1.7198526 1.4111769 1.3998878 1.3433061 1.2092762 1.9628186 1.8112388 1.6878211 1.7380576 1.8401340 1.4346513 1.8630944 1.8318116 1.7734393 1.8836298 2.1064621 2.6819618 3.1558721 2.8298307 2.3910977 2.5471772 2.5502451 2.6934174 2.6365720 2.8574466 
Acagra_model.g30570.t1                                1.2517406 1.0572118 1.1815543 1.0526662 0.7853798 0.0000000 0.8913709 0.7931643 1.1462843 1.2635047 1.4313331 1.4360267 1.3243319 1.4387937 1.4159839 1.8202737 1.5054798 1.7360734 1.4700521 1.6694584 2.1581812 2.0648397 1.8602254 1.7554759 1.2339375 2.0008483 1.4269097 1.7046678 1.4674072 1.7050156 1.9431627 1.9418089 1.8110847 1.9438769 1.5593814 1.5737606 1.5615975 1.1015351 2.1227617 2.0603063 1.8942078 1.9693714 2.0733449 1.5516326 1.9012892 1.9178022 1.8177094 1.9020840 2.0480418 2.9148562 3.3424437 3.2125062 2.5965816 2.7702390 2.6333091 3.0451081 2.8415292 2.9164228 
Ctel_gnl_WGS_AMQN_CAPTEDRAFT_mRNA182193               1.5278908 1.1808216 1.2733290 0.9261777 1.0278218 0.8913709 0.0000000 0.9134375 1.1868142 1.6555609 1.5803309 1.5776236 1.4528197 1.5400156 1.5862242 2.0241894 1.6313081 2.1095056 1.5695581 2.0969848 2.6453092 2.4406026 2.1887624 1.9289271 1.4559710 1.9142808 1.8039116 2.1607320 2.1247955 2.0704090 2.1150000 2.0620839 2.1765195 2.0553542 1.7704267 1.7524101 1.6810084 1.4546085 2.3730453 2.3091548 2.1710987 2.2257750 2.2423154 1.7037418 2.2393697 2.2760818 2.0648033 2.3287821 2.5189307 3.0210933 3.0372374 2.9806688 2.9108643 2.8092317 3.0724360 2.9793596 2.5519021 3.2469247 
Cgig_XM_011423364.3                                   1.3079321 0.9983692 0.9655353 0.9206668 0.8179966 0.7931643 0.9134375 0.0000000 1.1334163 1.2648413 1.2451764 1.2046495 1.2567082 1.3092730 1.2309362 1.6630225 1.0939231 1.4186093 1.2153195 1.6081652 2.0130781 1.9337289 1.8175854 1.7288796 1.1835149 1.6694522 1.4058451 1.7932247 1.5463226 1.6762623 2.0009452 1.9640834 1.7253177 2.0029752 1.5671825 1.5655358 1.5966298 1.3786282 1.9558882 1.8182677 1.8922095 2.1436942 2.2454972 1.5296222 1.7247405 1.7871911 1.6831768 2.1401062 2.0803960 2.5809679 3.3505412 2.6048887 2.3372488 2.4695112 2.5741230 2.7009077 2.4177345 3.1919583 
Dpul_mRNA7996                                         1.2664874 1.1044146 1.2657090 0.9846974 0.9070696 1.1462843 1.1868142 1.1334163 0.0000000 1.2689308 1.4721842 1.5196376 1.4780923 1.4464275 1.3712576 1.8110065 1.3351114 1.6659095 1.3944110 1.5698622 2.0507699 1.8602335 1.8468401 1.5661240 1.4065131 1.7951778 1.5394402 1.7209215 1.5436209 1.7201005 1.9828161 1.9688200 1.7896528 1.9012231 1.4261158 1.4054310 1.3237911 1.3706726 2.0694145 1.9884630 1.7699570 1.8846919 1.7659092 1.6351837 1.7158935 1.7393930 1.6049548 1.9571222 2.0651790 3.0417589 4.0281854 2.9082353 2.3734092 2.4934712 2.8500561 2.6539336 3.1674080 2.9338023 
Exapal_XM_021046397.2                                 1.7056999 1.2695148 1.3636567 1.4826478 1.2222824 1.2635047 1.6555609 1.2648413 1.2689308 0.0000000 0.7761046 0.7926344 0.7421128 0.7831045 1.1688900 1.5292465 0.9860208 1.4765817 1.4611548 1.6293295 2.1467727 1.9042898 1.6953075 1.4554802 1.1215599 1.6147085 1.5355833 1.7224577 1.5190945 1.6059411 1.9682819 1.8833917 1.6384046 1.8376830 1.3717235 1.3678444 1.4049053 1.7231287 1.7370646 1.6253420 1.6134919 1.8491615 1.7846651 1.3949851 1.9301094 1.8632716 1.6678444 1.8891212 1.8705962 2.7888739 3.1103608 2.5644549 2.2861195 2.2892695 2.4159055 2.6577656 2.6851097 2.6446327 
Fspp_ffun1.m4.1124.m1                                 1.6508664 1.3652252 1.3526186 1.3980476 1.2619840 1.4313331 1.5803309 1.2451764 1.4721842 0.7761046 0.0000000 0.2071367 0.1870348 0.1574656 1.0967188 1.5764530 1.1519056 1.5344820 1.2888524 1.4659104 2.0525526 1.7391742 1.6166201 1.4640920 1.1328248 1.4987665 1.4334778 1.6811301 1.5128920 1.8502606 2.0227868 1.9964597 1.9074838 1.8606313 1.5230513 1.5243207 1.5322385 2.0790103 1.9965132 1.8623869 1.8398300 2.0460039 1.9413504 1.5640881 1.8609095 1.8733788 1.7514131 1.6629661 1.9215020 2.9462842 2.4968134 2.2836463 2.1807606 2.3098393 2.3631528 2.4556870 2.7320757 2.5002395 
Spis_XP_022795900_1                                   1.6703966 1.3048934 1.3694161 1.4225765 1.2879401 1.4360267 1.5776236 1.2046495 1.5196376 0.7926344 0.2071367 0.0000000 0.0766388 0.2397756 1.1620869 1.5603715 1.1811968 1.5788194 1.2665819 1.5388041 2.0410750 1.6397011 1.6257686 1.4182328 1.1977714 1.5058651 1.5774358 1.8895214 1.5334464 1.7052629 1.9435879 1.9152453 1.8032274 1.7898394 1.4913717 1.4949313 1.4998642 1.9640869 2.0161248 1.8264216 1.9886142 2.0751110 1.9944901 1.5556478 1.8399727 1.7944484 1.7189548 1.8939506 2.0078592 2.9132818 2.5113887 2.2081255 2.3122852 2.3710344 2.3880430 2.4077948 2.5454458 2.5728803 
Pocdam_XM_027180390.1                                 1.5892673 1.2729949 1.2970375 1.4241908 1.2788956 1.3243319 1.4528197 1.2567082 1.4780923 0.7421128 0.1870348 0.0766388 0.0000000 0.2345246 1.0637042 1.5167817 1.1249992 1.4861292 1.2111381 1.3411819 1.9841597 1.6973214 1.6259315 1.2971944 1.0977648 1.4720141 1.4552124 1.6983207 1.3992665 1.6722702 1.8577144 1.8727310 1.7110533 1.7351724 1.4314896 1.4349225 1.4868882 1.9016560 1.8221480 1.6580281 1.8337535 1.9758353 1.9660768 1.5536437 1.8124223 1.7282344 1.6197580 1.7531331 1.8897542 2.7732121 2.6296475 2.2161283 2.2226245 2.3076123 2.2567148 2.4145991 2.5524931 2.4339249 
Gasp_gasp1.m3.8426.m1                                 1.7392266 1.3932988 1.4142653 1.3938801 1.2792353 1.4387937 1.5400156 1.3092730 1.4464275 0.7831045 0.1574656 0.2397756 0.2345246 0.0000000 1.1052822 1.5848635 1.0905783 1.5956308 1.3143664 1.5457556 2.2253488 1.8395570 1.6669675 1.5831986 1.1935792 1.5864429 1.5885008 1.8254732 1.5751328 1.8756708 2.0868891 2.0365330 1.9968782 2.0070538 1.5098487 1.5164401 1.5134288 2.0969944 1.9337320 1.8345489 1.8342377 2.0829242 2.0090313 1.5382838 1.8833361 1.8949577 1.7745228 1.7632668 1.9470723 2.9865965 2.4928317 2.3497835 2.3124036 2.4394944 2.3803892 2.5764291 2.8378154 2.6773910 
Dgig_XM_028540928.1                                   1.5873316 1.2024870 1.4194490 1.4473137 1.3022770 1.4159839 1.5862242 1.2309362 1.3712576 1.1688900 1.0967188 1.1620869 1.0637042 1.1052822 0.0000000 0.5035018 1.1424066 1.6101398 1.3329536 1.6584025 1.8543710 1.8012577 1.4510304 1.4605831 1.2409027 1.5909517 1.3710192 1.7417066 1.7565309 1.7737268 2.0497574 1.9878372 1.8153422 1.9486936 1.4903898 1.5058664 1.4806899 1.7245425 1.9420901 1.9379311 1.8950766 1.7733813 1.9095902 1.5354563 1.9286231 1.9673244 1.7625615 2.0139965 2.3347992 2.8009494 3.0258705 2.4874728 2.5018674 2.4611550 2.2685024 2.3372937 2.6709524 2.6605811 
Xesp_004826-T1                                        2.1500403 1.4750649 1.7620339 1.6786722 1.6347969 1.8202737 2.0241894 1.6630225 1.8110065 1.5292465 1.5764530 1.5603715 1.5167817 1.5848635 0.5035018 0.0000000 2.3597456 1.9562241 1.7032716 2.1146176 2.0921849 2.1133331 1.7325068 1.8487121 1.8327520 1.9437316 1.6530679 1.9654289 1.9145540 1.9393447 2.3068992 2.2900701 2.0326916 2.0275883 1.8860601 1.8679272 1.7562140 2.4840360 2.2601063 2.1544378 2.3336037 1.9754762 2.1784966 2.0023380 2.3905001 2.4240550 2.1895941 2.4830615 2.6995803 2.9199067 3.3872447 3.0038506 3.0868602 2.9589169 2.5593590 3.0328205 2.7905129 3.0072210 
Ocar_g5229                                            1.7528262 1.5101335 1.1233083 1.4932651 1.3273317 1.5054798 1.6313081 1.0939231 1.3351114 0.9860208 1.1519056 1.1811968 1.1249992 1.0905783 1.1424066 2.3597456 0.0000000 0.0677738 0.7706447 1.3202096 1.2520912 1.2367110 1.2138117 1.1191925 1.0448890 1.0595038 1.2377230 1.2584328 0.9277271 1.4101156 1.5017058 1.5401934 1.3985719 1.7362420 1.1867586 1.2246929 1.2664453 1.7883522 1.4275450 1.2389615 1.4301031 1.1648106 1.0802844 1.4485236 1.7889633 1.4982115 1.2817992 1.5254145 1.6038611 2.7826801 0.0000010 2.4830871 2.3386903 1.8968938 2.2533494 2.5738581 1.1446151 1.6438472 
Opea_EP00118_Oscarella_pearsei_P010952                1.8980386 1.6007270 1.6710419 1.6446323 1.5376561 1.7360734 2.1095056 1.4186093 1.6659095 1.4765817 1.5344820 1.5788194 1.4861292 1.5956308 1.6101398 1.9562241 0.0677738 0.0000000 0.8733276 1.7053178 1.7188801 1.6861620 1.5877527 1.4108426 1.0730081 1.5219066 1.6398108 1.8164673 1.3899226 1.8817873 2.2243056 2.1945247 1.8523005 2.1388629 1.8244057 1.8261485 1.7954455 2.0994850 2.1042982 2.0142265 2.0754929 1.5431925 1.7781347 2.0378200 2.0140838 2.1386428 1.8823881 1.8314950 1.9287016 2.8119810 2.6686292 2.6377706 2.4899413 2.8676462 2.7312764 2.8390575 2.4202821 2.4695667 
Plajan_Pjan_scaffold12759_01                          1.5680568 1.3159830 1.2340554 1.2913287 1.1870959 1.4700521 1.5695581 1.2153195 1.3944110 1.4611548 1.2888524 1.2665819 1.2111381 1.3143664 1.3329536 1.7032716 0.7706447 0.8733276 0.0000000 1.7942039 1.6667273 1.6248989 1.6385332 1.3558888 0.9382279 1.4306796 1.7035365 1.8386922 1.3393436 1.6476828 1.8375520 1.8205935 1.8180162 1.8267603 1.6896872 1.6789518 1.6689631 1.8095055 1.9939640 1.9548764 2.0019190 1.7659581 1.9246978 1.7022984 1.9936747 1.9211491 1.8171030 1.5506450 1.6688294 2.5681217 2.3581698 2.4026774 2.0240877 2.1355496 2.6257746 2.5616548 2.4581068 2.3113880 
Sanmal_Sma_011240-T1                                  2.0136374 1.5497768 1.8197561 1.7757680 1.5379469 1.6694584 2.0969848 1.6081652 1.5698622 1.6293295 1.4659104 1.5388041 1.3411819 1.5457556 1.6584025 2.1146176 1.3202096 1.7053178 1.7942039 0.0000000 2.0479582 1.8535799 1.8968808 1.4332021 1.3014834 1.9949945 1.1537950 1.0809624 1.8031084 2.0767194 2.3366296 2.2369597 2.1914821 1.8434945 1.4374421 1.4482382 1.4531127 2.1957135 1.8274358 1.7569707 1.5566346 1.9304279 2.0404822 2.0109124 1.9071929 2.0122101 1.8595491 2.0815979 2.3822089 3.5930744 3.0789617 3.1622708 2.8705052 3.0286377 2.8997809 3.1323912 3.1954015 2.5928293 
Aque_Aqu2.1.39214_001                                 2.4085975 1.9761535 1.9701245 2.0646443 1.9853815 2.1581812 2.6453092 2.0130781 2.0507699 2.1467727 2.0525526 2.0410750 1.9841597 2.2253488 1.8543710 2.0921849 1.2520912 1.7188801 1.6667273 2.0479582 0.0000000 0.3179757 0.5593800 1.1201970 0.8683668 1.1831334 2.2916996 2.1491682 1.8231340 2.4766210 2.8505007 2.7834010 2.5431663 2.2208742 2.1641148 2.2145726 2.0079728 2.3141091 2.3166920 2.3294032 2.2247354 2.0662798 1.8987687 2.2575271 2.2794576 2.2728759 2.0080815 1.9238710 2.2624197 3.2088250 3.0204399 3.0463641 2.5013159 2.5285186 2.4551437 2.9855864 2.5744505 2.5389397 
Halamb_c39355_g1_i3m.11654                            2.1699427 1.9854085 1.8519819 2.0377889 2.0025180 2.0648397 2.4406026 1.9337289 1.8602335 1.9042898 1.7391742 1.6397011 1.6973214 1.8395570 1.8012577 2.1133331 1.2367110 1.6861620 1.6248989 1.8535799 0.3179757 0.0000000 0.4612505 1.0841920 0.7845772 1.1242631 2.0402432 1.9991210 1.6013165 2.1882677 2.3741753 2.4115357 2.3249141 1.9826138 1.9741297 2.0194801 1.8534783 2.2878343 2.2069167 2.0804889 2.0444121 1.9902013 2.0571957 2.1926478 2.2336654 2.1598718 2.0154693 1.7159672 2.1176560 3.1053807 2.7512594 2.9511466 2.6063261 2.5339287 2.3349266 2.7275939 2.6131089 2.2250174 
Xestes_maker-XT_scaffold4060-augustus-gene-0.5-mRNA-1 2.0309868 1.7752831 1.7382851 1.8264418 1.8590748 1.8602254 2.1887624 1.8175854 1.8468401 1.6953075 1.6166201 1.6257686 1.6259315 1.6669675 1.4510304 1.7325068 1.2138117 1.5877527 1.6385332 1.8968808 0.5593800 0.4612505 0.0000000 1.1138536 0.5458915 1.1380923 2.0092554 2.1070482 1.6148908 1.9462402 2.2052020 2.2471165 2.0826340 2.0582794 1.8908343 1.9021509 1.7833095 2.2485008 1.9990629 2.1289829 2.0843167 1.9969014 1.9531798 1.9304389 2.2197833 2.2412293 2.0691567 1.7121765 2.1425650 2.9007650 2.6375431 2.9229157 2.2472779 2.3156845 2.2307208 2.7584745 2.6889700 2.1142389 
Tetwil_g7869.t1                                       1.9685972 1.6862132 1.5920670 1.8427794 1.6607907 1.7554759 1.9289271 1.7288796 1.5661240 1.4554802 1.4640920 1.4182328 1.2971944 1.5831986 1.4605831 1.8487121 1.1191925 1.4108426 1.3558888 1.4332021 1.1201970 1.0841920 1.1138536 0.0000000 0.4372614 0.8164918 1.5935838 1.5933989 1.3814668 1.9522159 2.1348471 2.0980334 1.9344619 2.0539880 1.9655423 1.9668871 1.8207159 2.0358402 1.8065848 1.8296917 1.6806044 1.6827289 1.5695739 2.0854711 1.9031815 1.9328594 1.7907302 1.5613127 1.8425691 3.1519012 3.0742923 2.6026406 2.4578108 2.5679855 2.5360340 2.6123711 2.6979180 1.9604303 
Stycar_maker-SC_scaffold2202-snap-gene-0.95-mRNA-1    1.3163401 1.1661274 1.0963879 1.4100105 1.2487113 1.2339375 1.4559710 1.1835149 1.4065131 1.1215599 1.1328248 1.1977714 1.0977648 1.1935792 1.2409027 1.8327520 1.0448890 1.0730081 0.9382279 1.3014834 0.8683668 0.7845772 0.5458915 0.4372614 0.0000000 0.7549584 1.1295970 1.2371805 0.8988030 1.3104285 1.3967109 1.4308117 1.3891117 1.6623773 1.4375910 1.4382998 1.4574044 1.4851225 1.5097224 1.3482743 1.3773039 1.2840278 1.2875884 1.4783593 1.5305755 1.3190670 1.2173404 1.1451482 1.0374742 2.2105037 2.4795875 2.0373813 1.7527597 1.7791546 1.7353728 2.2276732 2.1002467 1.5874985 
Spolac_c101688_g1_i4_m.26431c101688-g1                2.0156618 1.7075752 1.5787424 1.8652992 1.7390592 2.0008483 1.9142808 1.6694522 1.7951778 1.6147085 1.4987665 1.5058651 1.4720141 1.5864429 1.5909517 1.9437316 1.0595038 1.5219066 1.4306796 1.9949945 1.1831334 1.1242631 1.1380923 0.8164918 0.7549584 0.0000000 1.7594169 2.0670951 1.5707892 1.8990222 2.2136879 2.1708128 1.9992661 1.9241524 2.0926002 2.0940621 2.1125603 2.1469112 1.9390254 1.9753678 2.2280055 1.8073668 1.9257596 2.2653486 1.9585869 1.9590429 1.8316097 1.7076178 1.9861989 3.0188543 2.9167796 2.4995656 2.8108072 2.8546246 2.3270411 2.6744218 2.4931574 2.1918593 
Hvul_g8589_1                                          1.6373963 1.5707095 1.4823146 1.6990168 1.4251933 1.4269097 1.8039116 1.4058451 1.5394402 1.5355833 1.4334778 1.5774358 1.4552124 1.5885008 1.3710192 1.6530679 1.2377230 1.6398108 1.7035365 1.1537950 2.2916996 2.0402432 2.0092554 1.5935838 1.1295970 1.7594169 0.0000000 0.6701467 1.9715936 1.8051668 2.1797921 2.0994805 1.8459479 1.8590091 1.4987481 1.4884537 1.4044031 2.1161716 1.9337765 1.8716919 1.5848322 1.8650363 2.0353344 2.1335656 1.9802017 2.1927444 2.0029568 1.6615994 1.7813010 3.2424496 3.2757472 2.9750202 2.9270350 2.8172454 2.5044946 2.5865710 2.8264832 2.1546624 
Chem_TCONS_00067534                                   1.8811615 1.6523996 1.7133658 1.7622080 1.6662504 1.7046678 2.1607320 1.7932247 1.7209215 1.7224577 1.6811301 1.8895214 1.6983207 1.8254732 1.7417066 1.9654289 1.2584328 1.8164673 1.8386922 1.0809624 2.1491682 1.9991210 2.1070482 1.5933989 1.2371805 2.0670951 0.6701467 0.0000000 2.0681534 2.2188981 2.3860193 2.3687393 2.1363707 1.8344787 1.6188184 1.6402826 1.8274931 2.4499415 1.8287818 1.8773809 1.7503948 1.9542246 1.9501528 2.2347254 1.9967518 2.1738311 1.9475060 1.7426273 2.0893789 3.3083964 3.4710461 3.0062946 3.0182183 3.2551492 2.9178925 2.8022968 3.2047747 2.5487565 
Clacor_Ccor_C536709_01                                1.7501184 1.5392101 1.4844093 1.7452951 1.4873949 1.4674072 2.1247955 1.5463226 1.5436209 1.5190945 1.5128920 1.5334464 1.3992665 1.5751328 1.7565309 1.9145540 0.9277271 1.3899226 1.3393436 1.8031084 1.8231340 1.6013165 1.6148908 1.3814668 0.8988030 1.5707892 1.9715936 2.0681534 0.0000000 1.8708705 1.9944267 1.8896132 1.8816930 2.0499011 1.7240085 1.7178779 1.5847874 2.0301245 2.3912856 2.2191478 2.1898793 1.4085099 1.5614427 1.8561908 1.9188752 2.1383656 2.0492244 1.5097016 1.7050088 2.8757133 2.4303017 2.4493508 2.1665890 2.2234938 2.1914349 2.9470309 2.5261446 2.8620929 
TrH2_TrispH2_005103-RA                                1.8343669 1.4868747 1.5826538 1.7644686 1.6314759 1.7050156 2.0704090 1.6762623 1.7201005 1.6059411 1.8502606 1.7052629 1.6722702 1.8756708 1.7737268 1.9393447 1.4101156 1.8817873 1.6476828 2.0767194 2.4766210 2.1882677 1.9462402 1.9522159 1.3104285 1.8990222 1.8051668 2.2188981 1.8708705 0.0000000 0.2599018 0.2485259 0.1581516 2.1934092 1.9138419 1.9133969 1.7690549 1.9932616 2.6621902 2.4159641 2.1371282 2.1945807 2.4848772 1.8670488 2.1336579 2.0515877 2.0399308 2.1353019 2.2079098 2.9891134 3.3778351 2.9621954 2.8486990 2.8414189 2.9020157 2.8404858 2.5019355 2.5294224 
HoiH06_mRNA8323                                       2.2070350 1.7403212 1.7970862 2.0891132 1.8639238 1.9431627 2.1150000 2.0009452 1.9828161 1.9682819 2.0227868 1.9435879 1.8577144 2.0868891 2.0497574 2.3068992 1.5017058 2.2243056 1.8375520 2.3366296 2.8505007 2.3741753 2.2052020 2.1348471 1.3967109 2.2136879 2.1797921 2.3860193 1.9944267 0.2599018 0.0000000 0.0266258 0.1495016 2.5439161 2.2109586 2.2108856 2.1797988 2.1046324 2.8649170 2.8490844 2.5372801 2.4997925 2.7117686 1.9874434 2.4009550 2.2729241 2.2628150 2.3254504 2.5381515 3.6083368 3.4095200 3.4931108 3.0836475 3.0696346 3.3095463 3.2760975 2.6522577 2.9011055 
HoiH23_PlH23_001359-RA                                2.1722614 1.7060676 1.7437440 2.0800746 1.8633883 1.9418089 2.0620839 1.9640834 1.9688200 1.8833917 1.9964597 1.9152453 1.8727310 2.0365330 1.9878372 2.2900701 1.5401934 2.1945247 1.8205935 2.2369597 2.7834010 2.4115357 2.2471165 2.0980334 1.4308117 2.1708128 2.0994805 2.3687393 1.8896132 0.2485259 0.0266258 0.0000000 0.1337137 2.4964749 2.1950178 2.1949413 2.1669500 2.1076748 2.7484349 2.6927499 2.4392001 2.4760669 2.6930471 1.9732276 2.4087091 2.2036771 2.2127931 2.2670626 2.4957665 3.5889040 3.4912662 3.4982084 3.0968601 3.0006778 3.3067814 3.2935599 2.6442582 2.8595235 
Hhon_g05049.t1                                        1.9151059 1.5648891 1.6557033 1.8634869 1.7452755 1.8110847 2.1765195 1.7253177 1.7896528 1.6384046 1.9074838 1.8032274 1.7110533 1.9968782 1.8153422 2.0326916 1.3985719 1.8523005 1.8180162 2.1914821 2.5431663 2.3249141 2.0826340 1.9344619 1.3891117 1.9992661 1.8459479 2.1363707 1.8816930 0.1581516 0.1495016 0.1337137 0.0000000 2.3303632 2.0276943 2.0241646 1.8883012 2.1029639 2.5239940 2.3822291 2.2818237 2.3265425 2.4432219 1.8812899 2.2005644 2.1398311 2.1189516 2.1528946 2.3406774 3.1351340 3.8149512 3.0803628 2.9179111 2.9369324 2.8637345 2.8246191 2.6545690 2.5429541 
Nvec_v1g237112                                        2.0168974 1.8354528 2.0551527 1.8649089 1.7198526 1.9438769 2.0553542 2.0029752 1.9012231 1.8376830 1.8606313 1.7898394 1.7351724 2.0070538 1.9486936 2.0275883 1.7362420 2.1388629 1.8267603 1.8434945 2.2208742 1.9826138 2.0582794 2.0539880 1.6623773 1.9241524 1.8590091 1.8344787 2.0499011 2.1934092 2.5439161 2.4964749 2.3303632 0.0000000 1.0822433 1.0837126 1.2026332 2.9022174 2.2102470 2.1003126 1.9562147 2.0307241 2.3346461 2.2275426 2.2749703 2.3471194 2.2619880 2.6091873 2.7719138 2.8603121 2.6597845 2.5959617 2.5160783 2.3819163 2.7166680 2.4601892 2.4203793 2.6922204 
Adig_XM_015917496.1                                   1.7794603 1.4776081 1.4450802 1.5484909 1.4111769 1.5593814 1.7704267 1.5671825 1.4261158 1.3717235 1.5230513 1.4913717 1.4314896 1.5098487 1.4903898 1.8860601 1.1867586 1.8244057 1.6896872 1.4374421 2.1641148 1.9741297 1.8908343 1.9655423 1.4375910 2.0926002 1.4987481 1.6188184 1.7240085 1.9138419 2.2109586 2.1950178 2.0276943 1.0822433 0.0000000 0.0100047 0.2702563 1.8847089 1.8075713 1.8023325 1.7333278 1.9911121 2.1194129 1.9914933 2.1456330 2.1446932 2.0918784 2.3472037 2.3935578 2.7944828 2.7585091 2.9011497 2.6462003 2.6419547 2.5692502 2.5471965 2.5313437 2.5044557 
Amil_Amillepora06898-RA                               1.7525444 1.4876001 1.4971446 1.5365749 1.3998878 1.5737606 1.7524101 1.5655358 1.4054310 1.3678444 1.5243207 1.4949313 1.4349225 1.5164401 1.5058664 1.8679272 1.2246929 1.8261485 1.6789518 1.4482382 2.2145726 2.0194801 1.9021509 1.9668871 1.4382998 2.0940621 1.4884537 1.6402826 1.7178779 1.9133969 2.2108856 2.1949413 2.0241646 1.0837126 0.0100047 0.0000000 0.2723652 1.8760147 1.8207887 1.8074704 1.7048405 1.9810481 2.0953035 2.0319567 2.1314763 2.1406901 2.0609394 2.3143713 2.4225993 2.7785285 2.7585091 2.9001222 2.6316532 2.6267611 2.5314396 2.5499468 2.5455346 2.5074010 
Gfas_gfas1.m1.3164.m1                                 1.7928261 1.3739799 1.5149294 1.3983434 1.3433061 1.5615975 1.6810084 1.5966298 1.3237911 1.4049053 1.5322385 1.4998642 1.4868882 1.5134288 1.4806899 1.7562140 1.2664453 1.7954455 1.6689631 1.4531127 2.0079728 1.8534783 1.7833095 1.8207159 1.4574044 2.1125603 1.4044031 1.8274931 1.5847874 1.7690549 2.1797988 2.1669500 1.8883012 1.2026332 0.2702563 0.2723652 0.0000000 1.8108927 1.8918809 1.8308764 1.8080327 1.9306224 2.1121253 1.9118522 2.2759902 2.2835063 2.2757479 2.2845019 2.3979858 2.8260736 3.0135445 2.8990477 2.5409238 2.5311085 2.5957110 2.6864461 2.3587165 2.4277252 
Skow_XM_006818050.1                                   1.6002545 1.1653923 1.4996193 1.3918840 1.2092762 1.1015351 1.4546085 1.3786282 1.3706726 1.7231287 2.0790103 1.9640869 1.9016560 2.0969944 1.7245425 2.4840360 1.7883522 2.0994850 1.8095055 2.1957135 2.3141091 2.2878343 2.2485008 2.0358402 1.4851225 2.1469112 2.1161716 2.4499415 2.0301245 1.9932616 2.1046324 2.1076748 2.1029639 2.9022174 1.8847089 1.8760147 1.8108927 0.0000000 2.1824567 2.0206209 1.9517850 2.4476994 2.3398543 2.2421410 2.2392866 2.3224623 2.2388962 2.4866760 2.7349357 3.8331012 3.3588674 4.1787306 3.1783764 3.1585798 3.6148853 4.1495000 3.2009792 3.7432979 
Aaur_scaffold1494.g5.t1                               2.5281025 1.8354380 2.1782705 2.2025130 1.9628186 2.1227617 2.3730453 1.9558882 2.0694145 1.7370646 1.9965132 2.0161248 1.8221480 1.9337320 1.9420901 2.2601063 1.4275450 2.1042982 1.9939640 1.8274358 2.3166920 2.2069167 1.9990629 1.8065848 1.5097224 1.9390254 1.9337765 1.8287818 2.3912856 2.6621902 2.8649170 2.7484349 2.5239940 2.2102470 1.8075713 1.8207887 1.8918809 2.1824567 0.0000000 0.3564025 1.0174848 2.7021434 2.8254811 2.5533292 2.5892742 2.7116966 2.3346224 2.0591445 2.3858273 3.2360749 3.6239528 3.1688499 2.7088562 2.6683108 2.4846050 2.9995506 3.1545541 2.9786779 
Nemnom_g7912.t1                                       2.1843634 1.7474003 2.1919057 2.0822458 1.8112388 2.0603063 2.3091548 1.8182677 1.9884630 1.6253420 1.8623869 1.8264216 1.6580281 1.8345489 1.9379311 2.1544378 1.2389615 2.0142265 1.9548764 1.7569707 2.3294032 2.0804889 2.1289829 1.8296917 1.3482743 1.9753678 1.8716919 1.8773809 2.2191478 2.4159641 2.8490844 2.6927499 2.3822291 2.1003126 1.8023325 1.8074704 1.8308764 2.0206209 0.3564025 0.0000000 0.9473048 2.5792313 2.8583608 2.3089229 2.4645599 2.4630622 2.2664525 2.0481161 2.4706598 3.1469506 3.3548221 3.1319421 2.6215775 2.5583151 2.3002889 2.6981381 3.2855878 2.7141566 
Morvir_scaffold56.g59.t1                              2.1392983 2.0641618 1.9429098 2.1595881 1.6878211 1.8942078 2.1710987 1.8922095 1.7699570 1.6134919 1.8398300 1.9886142 1.8337535 1.8342377 1.8950766 2.3336037 1.4301031 2.0754929 2.0019190 1.5566346 2.2247354 2.0444121 2.0843167 1.6806044 1.3773039 2.2280055 1.5848322 1.7503948 2.1898793 2.1371282 2.5372801 2.4392001 2.2818237 1.9562147 1.7333278 1.7048405 1.8080327 1.9517850 1.0174848 0.9473048 0.0000000 2.4173544 2.5323826 2.1456964 2.4692549 2.4708008 2.3678354 2.1376525 2.2018948 2.7475150 3.1650450 3.2074472 2.8100059 2.8421529 2.6393434 2.7624293 2.7464112 2.7188373 
Scil_scict011351.1                                    2.0783349 1.7663495 1.7412657 1.9067621 1.7380576 1.9693714 2.2257750 2.1436942 1.8846919 1.8491615 2.0460039 2.0751110 1.9758353 2.0829242 1.7733813 1.9754762 1.1648106 1.5431925 1.7659581 1.9304279 2.0662798 1.9902013 1.9969014 1.6827289 1.2840278 1.8073668 1.8650363 1.9542246 1.4085099 2.1945807 2.4997925 2.4760669 2.3265425 2.0307241 1.9911121 1.9810481 1.9306224 2.4476994 2.7021434 2.5792313 2.4173544 0.0000000 0.4354624 2.1321203 2.2459640 2.2028727 2.1897112 2.0053961 2.4178531 3.1298821 3.1029181 3.2092094 2.9595626 3.2155391 2.5812463 2.8386494 3.0514789 2.9219481 
Lcom_lcpid58755                                       2.2493760 1.9679419 1.9498947 1.9852165 1.8401340 2.0733449 2.2423154 2.2454972 1.7659092 1.7846651 1.9413504 1.9944901 1.9660768 2.0090313 1.9095902 2.1784966 1.0802844 1.7781347 1.9246978 2.0404822 1.8987687 2.0571957 1.9531798 1.5695739 1.2875884 1.9257596 2.0353344 1.9501528 1.5614427 2.4848772 2.7117686 2.6930471 2.4432219 2.3346461 2.1194129 2.0953035 2.1121253 2.3398543 2.8254811 2.8583608 2.5323826 0.4354624 0.0000000 2.0331493 2.3217208 2.4037426 2.4130809 2.1715002 2.3755610 3.5113746 2.8252520 3.1602697 2.9674590 3.2973211 2.8351953 3.1538264 3.4054435 3.0894616 
Rhoesc_Res_000569-T1                                  1.8807137 1.4791207 1.7644362 1.7129030 1.4346513 1.5516326 1.7037418 1.5296222 1.6351837 1.3949851 1.5640881 1.5556478 1.5536437 1.5382838 1.5354563 2.0023380 1.4485236 2.0378200 1.7022984 2.0109124 2.2575271 2.1926478 1.9304389 2.0854711 1.4783593 2.2653486 2.1335656 2.2347254 1.8561908 1.8670488 1.9874434 1.9732276 1.8812899 2.2275426 1.9914933 2.0319567 1.9118522 2.2421410 2.5533292 2.3089229 2.1456964 2.1321203 2.0331493 0.0000000 2.2530836 2.1780838 2.1806775 2.3136546 2.1961772 2.7404042 3.1389988 2.4182512 2.8963989 3.0000062 2.6593219 2.4159945 2.5309354 3.0762471 
Tadh_TriadT56268                                      1.8337947 1.6506953 1.6436724 1.7953887 1.8630944 1.9012892 2.2393697 1.7247405 1.7158935 1.9301094 1.8609095 1.8399727 1.8124223 1.8833361 1.9286231 2.3905001 1.7889633 2.0140838 1.9936747 1.9071929 2.2794576 2.2336654 2.2197833 1.9031815 1.5305755 1.9585869 1.9802017 1.9967518 1.9188752 2.1336579 2.4009550 2.4087091 2.2005644 2.2749703 2.1456330 2.1314763 2.2759902 2.2392866 2.5892742 2.4645599 2.4692549 2.2459640 2.3217208 2.2530836 0.0000000 0.2109387 0.2630049 2.3437689 2.3488227 3.2053674 3.8575809 3.0074515 3.3578241 3.3382350 2.9088658 3.3088355 3.1638373 2.7416237 
HoiH11_mRNA5290                                       2.0031367 1.8629900 1.7935176 1.9489910 1.8318116 1.9178022 2.2760818 1.7871911 1.7393930 1.8632716 1.8733788 1.7944484 1.7282344 1.8949577 1.9673244 2.4240550 1.4982115 2.1386428 1.9211491 2.0122101 2.2728759 2.1598718 2.2412293 1.9328594 1.3190670 1.9590429 2.1927444 2.1738311 2.1383656 2.0515877 2.2729241 2.2036771 2.1398311 2.3471194 2.1446932 2.1406901 2.2835063 2.3224623 2.7116966 2.4630622 2.4708008 2.2028727 2.4037426 2.1780838 0.2109387 0.0000000 0.2017579 2.4525613 2.5893569 3.2078043 3.9636469 3.0008432 3.2606567 3.2264541 2.7597692 2.9815988 3.2469558 2.6318315 
HoiH04_mRNA12435                                      1.8517958 1.7309463 1.6909993 1.7868833 1.7734393 1.8177094 2.0648033 1.6831768 1.6049548 1.6678444 1.7514131 1.7189548 1.6197580 1.7745228 1.7625615 2.1895941 1.2817992 1.8823881 1.8171030 1.8595491 2.0080815 2.0154693 2.0691567 1.7907302 1.2173404 1.8316097 2.0029568 1.9475060 2.0492244 2.0399308 2.2628150 2.2127931 2.1189516 2.2619880 2.0918784 2.0609394 2.2757479 2.2388962 2.3346224 2.2664525 2.3678354 2.1897112 2.4130809 2.1806775 0.2630049 0.2017579 0.0000000 2.2235254 2.3314098 3.1109171 3.9803714 2.9325965 2.9897393 2.8682653 2.7184540 3.0080079 2.7954782 2.6021326 
Gracom_Gcom_scaffold13077_01                          2.2462608 1.9822994 1.9041978 1.9848940 1.8836298 1.9020840 2.3287821 2.1401062 1.9571222 1.8891212 1.6629661 1.8939506 1.7531331 1.7632668 2.0139965 2.4830615 1.5254145 1.8314950 1.5506450 2.0815979 1.9238710 1.7159672 1.7121765 1.5613127 1.1451482 1.7076178 1.6615994 1.7426273 1.5097016 2.1353019 2.3254504 2.2670626 2.1528946 2.6091873 2.3472037 2.3143713 2.2845019 2.4866760 2.0591445 2.0481161 2.1376525 2.0053961 2.1715002 2.3136546 2.3437689 2.4525613 2.2235254 0.0000000 0.8321300 2.3131502 2.7764843 2.7944611 2.5306738 2.4408904 2.4270831 2.3539956 2.6164114 2.5578761 
Leuniv_Lniv_C808232_01                                2.4069147 2.0724480 2.0286896 2.1345632 2.1064621 2.0480418 2.5189307 2.0803960 2.0651790 1.8705962 1.9215020 2.0078592 1.8897542 1.9470723 2.3347992 2.6995803 1.6038611 1.9287016 1.6688294 2.3822089 2.2624197 2.1176560 2.1425650 1.8425691 1.0374742 1.9861989 1.7813010 2.0893789 1.7050088 2.2079098 2.5381515 2.4957665 2.3406774 2.7719138 2.3935578 2.4225993 2.3979858 2.7349357 2.3858273 2.4706598 2.2018948 2.4178531 2.3755610 2.1961772 2.3488227 2.5893569 2.3314098 0.8321300 0.0000000 2.6273422 2.7294056 2.9442583 2.8876804 2.9958403 2.5838211 2.4821966 2.4038851 2.8331826 
Mlei_ML0731.g1.i1                                     2.9787923 2.5643773 2.8827145 2.9652892 2.6819618 2.9148562 3.0210933 2.5809679 3.0417589 2.7888739 2.9462842 2.9132818 2.7732121 2.9865965 2.8009494 2.9199067 2.7826801 2.8119810 2.5681217 3.5930744 3.2088250 3.1053807 2.9007650 3.1519012 2.2105037 3.0188543 3.2424496 3.3083964 2.8757133 2.9891134 3.6083368 3.5889040 3.1351340 2.8603121 2.7944828 2.7785285 2.8260736 3.8331012 3.2360749 3.1469506 2.7475150 3.1298821 3.5113746 2.7404042 3.2053674 3.2078043 3.1109171 2.3131502 2.6273422 0.0000000 1.2667486 1.2888015 1.6615272 1.7099725 1.4297736 1.1394635 1.4170815 2.8248653 
Pbac_sb2667825                                        3.6635697 3.6867404 2.8592595 3.8364236 3.1558721 3.3424437 3.0372374 3.3505412 4.0281854 3.1103608 2.4968134 2.5113887 2.6296475 2.4928317 3.0258705 3.3872447 0.0000010 2.6686292 2.3581698 3.0789617 3.0204399 2.7512594 2.6375431 3.0742923 2.4795875 2.9167796 3.2757472 3.4710461 2.4303017 3.3778351 3.4095200 3.4912662 3.8149512 2.6597845 2.7585091 2.7585091 3.0135445 3.3588674 3.6239528 3.3548221 3.1650450 3.1029181 2.8252520 3.1389988 3.8575809 3.9636469 3.9803714 2.7764843 2.7294056 1.2667486 0.0000000 0.0245578 1.0782993 0.9137318 1.1391644 1.0927576 1.6933328 2.0871271 
Horcal_Hcv1.av93.c3.g74.i1                            3.0467859 2.6171253 2.6862228 2.8810610 2.8298307 3.2125062 2.9806688 2.6048887 2.9082353 2.5644549 2.2836463 2.2081255 2.2161283 2.3497835 2.4874728 3.0038506 2.4830871 2.6377706 2.4026774 3.1622708 3.0463641 2.9511466 2.9229157 2.6026406 2.0373813 2.4995656 2.9750202 3.0062946 2.4493508 2.9621954 3.4931108 3.4982084 3.0803628 2.5959617 2.9011497 2.9001222 2.8990477 4.1787306 3.1688499 3.1319421 3.2074472 3.2092094 3.1602697 2.4182512 3.0074515 3.0008432 2.9325965 2.7944611 2.9442583 1.2888015 0.0245578 0.0000000 1.1798645 1.1857002 1.1163350 0.9626854 1.5933717 2.6450880 
Vmul_Simscaffold16611_01                              2.7803786 2.3400543 2.6400310 2.5745925 2.3910977 2.5965816 2.9108643 2.3372488 2.3734092 2.2861195 2.1807606 2.3122852 2.2226245 2.3124036 2.5018674 3.0868602 2.3386903 2.4899413 2.0240877 2.8705052 2.5013159 2.6063261 2.2472779 2.4578108 1.7527597 2.8108072 2.9270350 3.0182183 2.1665890 2.8486990 3.0836475 3.0968601 2.9179111 2.5160783 2.6462003 2.6316532 2.5409238 3.1783764 2.7088562 2.6215775 2.8100059 2.9595626 2.9674590 2.8963989 3.3578241 3.2606567 2.9897393 2.5306738 2.8876804 1.6615272 1.0782993 1.1798645 0.0000000 0.3723474 1.0780875 1.2930114 1.4428890 2.7995480 
Coemet_Cmet_scaffold107_01                            2.6953778 2.3183635 2.4315439 2.7638046 2.5471772 2.7702390 2.8092317 2.4695112 2.4934712 2.2892695 2.3098393 2.3710344 2.3076123 2.4394944 2.4611550 2.9589169 1.8968938 2.8676462 2.1355496 3.0286377 2.5285186 2.5339287 2.3156845 2.5679855 1.7791546 2.8546246 2.8172454 3.2551492 2.2234938 2.8414189 3.0696346 3.0006778 2.9369324 2.3819163 2.6419547 2.6267611 2.5311085 3.1585798 2.6683108 2.5583151 2.8421529 3.2155391 3.2973211 3.0000062 3.3382350 3.2264541 2.8682653 2.4408904 2.9958403 1.7099725 0.9137318 1.1857002 0.3723474 0.0000000 1.0132601 1.2628798 1.3442378 2.5656775 
Lampan_Lpan_C410541_01                                2.6949107 2.3365527 2.3732386 2.7221491 2.5502451 2.6333091 3.0724360 2.5741230 2.8500561 2.4159055 2.3631528 2.3880430 2.2567148 2.3803892 2.2685024 2.5593590 2.2533494 2.7312764 2.6257746 2.8997809 2.4551437 2.3349266 2.2307208 2.5360340 1.7353728 2.3270411 2.5044946 2.9178925 2.1914349 2.9020157 3.3095463 3.3067814 2.8637345 2.7166680 2.5692502 2.5314396 2.5957110 3.6148853 2.4846050 2.3002889 2.6393434 2.5812463 2.8351953 2.6593219 2.9088658 2.7597692 2.7184540 2.4270831 2.5838211 1.4297736 1.1391644 1.1163350 1.0780875 1.0132601 0.0000000 1.0541065 1.1594236 2.3932368 
Beraby_Baby_sb353140                                  3.0685301 2.8014989 2.7463372 2.8986846 2.6934174 3.0451081 2.9793596 2.7009077 2.6539336 2.6577656 2.4556870 2.4077948 2.4145991 2.5764291 2.3372937 3.0328205 2.5738581 2.8390575 2.5616548 3.1323912 2.9855864 2.7275939 2.7584745 2.6123711 2.2276732 2.6744218 2.5865710 2.8022968 2.9470309 2.8404858 3.2760975 3.2935599 2.8246191 2.4601892 2.5471965 2.5499468 2.6864461 4.1495000 2.9995506 2.6981381 2.7624293 2.8386494 3.1538264 2.4159945 3.3088355 2.9815988 3.0080079 2.3539956 2.4821966 1.1394635 1.0927576 0.9626854 1.2930114 1.2628798 1.0541065 0.0000000 1.5562105 2.5591159 
Eupdun_Edun_sb10623638                                2.9401667 2.6284149 2.0992763 2.8445048 2.6365720 2.8415292 2.5519021 2.4177345 3.1674080 2.6851097 2.7320757 2.5454458 2.5524931 2.8378154 2.6709524 2.7905129 1.1446151 2.4202821 2.4581068 3.1954015 2.5744505 2.6131089 2.6889700 2.6979180 2.1002467 2.4931574 2.8264832 3.2047747 2.5261446 2.5019355 2.6522577 2.6442582 2.6545690 2.4203793 2.5313437 2.5455346 2.3587165 3.2009792 3.1545541 3.2855878 2.7464112 3.0514789 3.4054435 2.5309354 3.1638373 3.2469558 2.7954782 2.6164114 2.4038851 1.4170815 1.6933328 1.5933717 1.4428890 1.3442378 1.1594236 1.5562105 0.0000000 2.5715176 
Plespi_Pspi_C607682_01                                2.9276231 2.6344371 2.6832481 3.0870060 2.8574466 2.9164228 3.2469247 3.1919583 2.9338023 2.6446327 2.5002395 2.5728803 2.4339249 2.6773910 2.6605811 3.0072210 1.6438472 2.4695667 2.3113880 2.5928293 2.5389397 2.2250174 2.1142389 1.9604303 1.5874985 2.1918593 2.1546624 2.5487565 2.8620929 2.5294224 2.9011055 2.8595235 2.5429541 2.6922204 2.5044557 2.5074010 2.4277252 3.7432979 2.9786779 2.7141566 2.7188373 2.9219481 3.0894616 3.0762471 2.7416237 2.6318315 2.6021326 2.5578761 2.8331826 2.8248653 2.0871271 2.6450880 2.7995480 2.5656775 2.3932368 2.5591159 2.5715176 0.0000000 
