62
Exapal_XM_021053696.2                               0.0000000 0.7267164 1.0010086 0.9878707 1.0288079 0.8871613 0.9337941 0.9135391 1.0776536 1.0829752 1.2349486 1.0573983 1.4888677 1.3366262 1.4924729 1.2241407 1.2792228 1.2427684 1.3201539 1.2883690 1.2910016 1.3003587 1.0159828 1.1039849 1.1681810 1.7269354 1.2170053 1.4371422 1.1031691 1.1544174 1.3685352 1.4561702 1.2672238 1.5527435 1.3830065 1.3153766 1.3504019 1.6129677 1.2165164 1.3612299 1.4173885 1.3863444 1.6034788 1.4609931 1.9995991 2.0475293 1.9598310 2.0049142 1.9732828 1.9556316 2.0014270 2.2226639 2.3626149 1.9445296 1.9267469 1.8729219 1.7485290 1.5866586 1.8041425 1.8406649 2.0846544 1.7925510 
Nvec_v1g229971                                      0.7267164 0.0000000 1.1160238 1.0767196 1.0701102 0.9686470 0.9674092 0.9276325 1.0976363 0.9540617 1.1809426 1.1500163 1.4202362 1.4527312 1.5296757 1.3845909 1.2625885 1.2545866 1.2067428 1.1880706 1.2258096 1.2330335 1.0864117 1.1801835 1.2799482 1.6446897 1.0983689 1.4031471 1.1096980 1.2334927 1.2622481 1.3771216 1.3737644 1.4264574 1.3372954 1.3648591 1.4412093 1.6975645 1.2948039 1.5132020 1.5632494 1.4094788 1.4529313 1.4567364 1.7534835 1.7316804 1.6333716 1.7459498 1.7942585 1.7290150 1.7478214 1.9036408 2.1869299 1.7407007 1.7708263 2.0486604 1.7789033 1.9647163 2.1090810 2.1294352 2.2365150 1.7119556 
Adig_XM_015898907.1                                 1.0010086 1.1160238 0.0000000 0.0543845 0.4306027 0.3897002 0.5054377 0.4848911 0.4315678 1.0564012 1.4238734 1.2561968 1.4967170 1.6480272 1.6285112 1.4117919 1.4986470 1.4481865 1.5227679 1.5048574 1.5141661 1.5145953 1.4550133 1.4781741 1.3543961 2.0743461 1.3641370 1.6514913 1.4140175 1.6580448 1.8312522 1.7659817 1.6256243 1.8223428 1.5537945 1.6350114 1.6528322 1.8514561 1.4990462 1.9003525 1.8223429 1.9927471 1.8566757 1.7766772 2.0487087 2.1209099 2.2987805 2.0642713 2.1428107 2.0904167 2.0471788 2.2942787 2.5236909 2.0385266 2.7989048 2.1358608 2.1182673 2.1974830 2.4473536 2.4708621 2.3892894 2.1021078 
Amil_Amillepora16686-RA                             0.9878707 1.0767196 0.0543845 0.0000000 0.4539995 0.4022234 0.5158366 0.4758783 0.4685184 1.1576921 1.4915773 1.3019667 1.4475394 1.4762191 1.4954432 1.3521323 1.4020094 1.3709674 1.4375645 1.4448788 1.4286169 1.4289591 1.3156607 1.3530959 1.2463243 1.8587317 1.2888853 1.4516561 1.2862900 1.5548316 1.5808226 1.6317008 1.5417024 1.6150979 1.4109924 1.4891608 1.4348413 1.6766861 1.3898384 1.7390992 1.7463468 1.7491932 1.6838394 1.6090745 1.9001483 1.8717608 1.9757064 1.8233710 1.9391845 1.8074435 1.8831118 2.0677761 2.2668821 1.9117032 2.1519341 1.9424214 1.8285166 1.9560330 2.1487726 2.1664603 2.0604869 1.9315485 
Fspp_ffun1.m4.19626.m1                              1.0288079 1.0701102 0.4306027 0.4539995 0.0000000 0.1725530 0.3545708 0.3558298 0.2950122 1.0579724 1.4721878 1.0821951 1.5191357 1.5413871 1.4779741 1.3097195 1.0934911 1.0934911 1.2820972 1.2366313 1.2046599 1.2051039 1.1684735 1.2557975 1.2272592 1.6648324 1.1930072 1.5706634 1.1833866 1.5312204 1.4939678 1.4959908 1.4091091 1.4251697 1.3175807 1.2524797 1.2612800 1.4308425 1.3343066 1.4925704 1.4395936 1.5467385 1.5582001 1.3866074 2.0336598 1.9818467 2.0163284 2.0128328 2.2115844 1.9062085 1.9890158 2.2808574 2.5412692 1.8924222 2.3638950 1.6743233 1.6543951 1.7271061 2.0030706 1.8739870 2.3077575 1.8970009 
Gasp_gasp1.m3.18156.m1                              0.8871613 0.9686470 0.3897002 0.4022234 0.1725530 0.0000000 0.3365624 0.3227478 0.3390104 0.9423212 1.3099777 1.0716055 1.5540565 1.4470976 1.4602925 1.3583600 1.2191181 1.2239671 1.2556317 1.2812576 1.2468053 1.2471121 1.1126978 1.1675066 1.1984542 1.6721056 1.2224650 1.4220970 1.1435274 1.4343649 1.4776137 1.3799551 1.3192037 1.4977729 1.3051711 1.3199379 1.3395024 1.4745672 1.2052018 1.4719191 1.4573327 1.3738444 1.4176071 1.2814806 1.9785112 1.8282280 1.8462267 1.8757687 2.0218574 1.9686734 1.8664651 2.0485461 2.2517639 1.8608135 1.8779732 1.7826387 1.6922706 1.7531900 1.9647742 1.9444688 2.1560423 1.7791845 
Spis_XP_022782247_1                                 0.9337941 0.9674092 0.5054377 0.5158366 0.3545708 0.3365624 0.0000000 0.0791073 0.4473467 0.9714554 1.2218520 1.1217306 1.3878393 1.5615308 1.5526113 1.3576227 1.2041957 1.2001683 1.2365565 1.2379205 1.2363087 1.2375967 1.1814332 1.2370062 1.2364105 1.5208167 1.2012322 1.4321805 1.1720657 1.4221262 1.5694969 1.5463305 1.3583501 1.4683124 1.3336525 1.4033368 1.3364562 1.7353359 1.3946697 1.5993431 1.5036607 1.6406744 1.5264515 1.4437979 1.9941825 2.1279316 2.1458306 1.8999591 1.9244083 1.8843932 2.0281588 2.0782431 2.3147795 1.9231924 1.9422447 1.7912942 1.7650977 1.8785107 1.8983347 2.0115045 2.1388880 1.7582977 
Pocdam_XM_027188345.1                               0.9135391 0.9276325 0.4848911 0.4758783 0.3558298 0.3227478 0.0791073 0.0000000 0.4240881 0.9696655 1.2218362 1.0798775 1.3734545 1.5231407 1.5450223 1.3480807 1.1722754 1.1685003 1.1860423 1.1916666 1.2189522 1.2202170 1.2207732 1.2710481 1.2297425 1.5493989 1.2070328 1.4079837 1.1771337 1.4097046 1.4839474 1.5382572 1.3638743 1.4871587 1.3223009 1.4080778 1.3367808 1.7300258 1.3732550 1.6029211 1.5438578 1.5565459 1.4726405 1.4446345 1.9954036 2.0206130 2.0255012 1.8858837 1.9550447 1.9122238 1.9891425 2.0426633 2.3630918 1.9512112 1.9375787 1.7199576 1.7830308 1.8472491 1.8797203 1.9726840 2.1450905 1.7525066 
Gfas_gfas1.m1.11305.m1                              1.0776536 1.0976363 0.4315678 0.4685184 0.2950122 0.3390104 0.4473467 0.4240881 0.0000000 1.0094053 1.4324031 1.1774572 1.4267681 1.5561263 1.6121477 1.4262183 1.2758348 1.2727778 1.3360908 1.3195186 1.2777903 1.2782106 1.0938154 1.1801147 1.1712180 1.6200225 1.1663237 1.3664695 1.2172538 1.3232985 1.5157935 1.3369606 1.2153917 1.3961590 1.2650789 1.2736318 1.2637489 1.7520323 1.3580424 1.3753934 1.3397311 1.4225506 1.3383063 1.1779984 1.7064752 1.7036944 1.7808181 1.7193785 1.8135753 1.6962327 1.7229297 1.8618543 2.2018476 1.7453731 1.8627575 1.7951165 1.7123911 1.9301055 1.9748678 1.9118853 1.9584031 1.8056150 
Dgig_XM_028553966.1                                 1.0829752 0.9540617 1.0564012 1.1576921 1.0579724 0.9423212 0.9714554 0.9696655 1.0094053 0.0000000 0.5087006 1.1441789 1.6388147 1.6587327 1.6852214 1.4676320 1.2556313 1.2225639 1.2945133 1.2974028 1.2692507 1.2728014 1.1401825 1.1692662 1.3375006 1.7262143 1.2048763 1.3227885 1.1419083 1.4422141 1.3268512 1.3494665 1.3358023 1.5162855 1.3509254 1.4038263 1.2671366 1.6003495 1.3387391 1.5694711 1.5570565 1.4862917 1.4997197 1.4984293 2.0143824 2.0347544 1.9948956 1.9204723 2.0203861 1.9847434 1.9666460 1.9723046 2.4611230 2.1438216 1.9227754 1.8646266 1.8593761 1.8296683 1.8930547 2.0006028 1.9769077 1.9128756 
Xesp_012352-T1                                      1.2349486 1.1809426 1.4238734 1.4915773 1.4721878 1.3099777 1.2218520 1.2218362 1.4324031 0.5087006 0.0000000 1.4432172 2.1296625 1.8405025 1.8524000 1.7573721 1.7492879 1.6758294 1.7739714 1.7249257 1.7074660 1.7177158 1.5155637 1.5173076 1.5354608 2.0935293 1.5081167 1.6853707 1.4792973 1.7995853 1.8310693 1.6138092 1.6247951 1.8287678 1.8292276 1.8600278 1.7236959 1.9772420 1.5907658 1.8718470 1.9964605 1.8953827 1.9476317 1.8863886 2.5724564 2.4543698 2.4724120 2.3219445 2.4692060 2.2275703 2.4735354 2.3852545 2.7508455 2.5326589 2.2074089 2.5395225 2.3827856 2.3037265 2.4080618 2.5739778 2.5079009 2.3725497 
Morvir_scaffold1.g250.t1                            1.0573983 1.1500163 1.2561968 1.3019667 1.0821951 1.0716055 1.1217306 1.0798775 1.1774572 1.1441789 1.4432172 0.0000000 1.0647191 1.1785048 1.2328114 1.0275735 1.3505913 1.3289423 1.3644302 1.3724280 1.3329651 1.3406493 1.2719916 1.3631146 1.3473581 1.7821953 1.3977535 1.5205767 1.4180802 1.4852139 1.5267498 1.5488592 1.5144540 1.6229856 1.6225759 1.4022279 1.5280120 1.4516648 1.1181388 1.4446095 1.5244937 1.4906122 1.7989372 1.5562808 2.1568220 2.0491259 1.9830333 2.1767187 2.1837100 1.9418785 2.1156565 1.8932774 2.4874005 2.0257864 1.6264328 1.9027380 1.9000947 1.9724248 2.0730447 2.0187448 2.1246173 1.8647116 
Aaur_scaffold2534.g2.t1                             1.4888677 1.4202362 1.4967170 1.4475394 1.5191357 1.5540565 1.3878393 1.3734545 1.4267681 1.6388147 2.1296625 1.0647191 0.0000000 0.6175321 0.6579584 0.6341300 1.6232331 1.6232331 1.6269165 1.6055582 1.6399265 1.6412258 1.7087131 1.8701887 1.7447172 2.3478364 1.7160662 2.1873322 1.6568663 1.8740985 2.1576810 2.1885530 2.0349984 1.9476337 2.0729776 1.7092033 1.8579075 1.5671011 1.3920389 2.0941520 1.9629872 1.9808367 2.2010740 1.9655971 2.5010058 2.5200009 2.4900752 2.5064995 2.3767335 2.2074161 2.3487375 2.5458755 3.0139090 2.4272094 3.4236913 2.1961559 2.3056757 2.4398894 2.6227039 2.8150303 2.4934269 2.5294939 
Nemnom_g16084.t1                                    1.3366262 1.4527312 1.6480272 1.4762191 1.5413871 1.4470976 1.5615308 1.5231407 1.5561263 1.6587327 1.8405025 1.1785048 0.6175321 0.0000000 0.2296921 0.7646314 1.6420586 1.6301209 1.4992314 1.5514079 1.5751719 1.5755886 1.5714927 1.6864756 1.5863836 2.1192145 1.3930535 1.7597661 1.5664258 1.6635789 1.7784355 1.8289277 1.6593873 1.8194384 1.7560145 1.6387274 1.6797745 1.6328973 1.4103323 1.7203994 1.7531575 1.6976838 1.8073560 1.6383319 2.2068936 2.1364809 1.9983672 2.1306051 2.0966680 1.9482958 2.1258116 2.0586927 2.4680807 2.1093002 2.3032606 2.0279139 1.9645209 2.0841501 2.3286158 2.1833372 2.3135375 1.8622943 
Rhoesc_Res_001367-T1                                1.4924729 1.5296757 1.6285112 1.4954432 1.4779741 1.4602925 1.5526113 1.5450223 1.6121477 1.6852214 1.8524000 1.2328114 0.6579584 0.2296921 0.0000000 0.7946028 1.8289192 1.7711848 1.6856243 1.7041309 1.6937354 1.7055719 1.6436664 1.7093102 1.6545627 2.2172634 1.4252420 1.7911874 1.6157540 1.7171281 1.8558991 1.8767220 1.7805852 1.8381800 1.8057948 1.7355205 1.7387674 1.6706551 1.5361114 1.7853723 1.8314758 1.9257860 2.0082604 1.6759035 2.2573989 2.1894093 2.0196382 2.1928690 2.1219570 2.0230326 2.1038646 2.1159488 2.5686836 2.1819965 2.4426815 2.1415911 2.0804984 2.0457318 2.4054671 2.3700176 2.2878682 1.9607366 
Sanmal_Sma_026902-T1                                1.2241407 1.3845909 1.4117919 1.3521323 1.3097195 1.3583600 1.3576227 1.3480807 1.4262183 1.4676320 1.7573721 1.0275735 0.6341300 0.7646314 0.7946028 0.0000000 1.5079042 1.4604061 1.4763640 1.4876521 1.4499616 1.4581256 1.4350596 1.5656850 1.4705385 2.1261468 1.4503464 1.6721436 1.5583032 1.6137378 1.5202359 1.6354375 1.5439405 1.6699419 1.7771209 1.5240661 1.8258268 1.5643897 1.4208899 1.6919757 1.6798456 1.7100775 1.8275037 1.6846945 2.2498733 2.1429928 2.0183761 2.0691040 2.0626192 1.8735790 2.1118604 1.9847038 2.4706916 2.1844424 2.1884773 2.0707442 2.0898475 2.0904884 2.0681762 2.3067054 2.2118872 1.9820565 
Tadh_TriadT28936                                    1.2792228 1.2625885 1.4986470 1.4020094 1.0934911 1.2191181 1.2041957 1.1722754 1.2758348 1.2556313 1.7492879 1.3505913 1.6232331 1.6420586 1.8289192 1.5079042 0.0000000 0.0555578 0.4320672 0.4145630 0.4394032 0.4343592 1.0552162 1.1087986 1.1208758 1.4739543 1.1465311 1.3412724 1.0665950 1.2615267 1.3596923 1.5224863 1.2451975 1.6069538 1.2773107 1.5486049 1.2621029 1.7066674 1.5207816 1.3025492 1.4047900 1.2074089 1.4621273 1.3907087 1.5155650 1.6191254 1.4744245 1.5149730 1.6060044 1.5962539 1.4908889 1.6715841 2.0451053 1.6487854 2.0369340 1.9735731 1.8926021 1.8597600 2.0773196 2.2175029 1.8809755 1.8603556 
TrH2_TrispH2_006854-RA                              1.2427684 1.2545866 1.4481865 1.3709674 1.0934911 1.2239671 1.2001683 1.1685003 1.2727778 1.2225639 1.6758294 1.3289423 1.6232331 1.6301209 1.7711848 1.4604061 0.0555578 0.0000000 0.3569914 0.3251773 0.3570835 0.3527616 1.0791897 1.1275959 1.1182365 1.4740461 1.1165078 1.3004736 1.0484303 1.2394184 1.3039333 1.4531783 1.2522294 1.6927267 1.2946104 1.5271098 1.2560562 1.8742546 1.5530581 1.4215645 1.5139290 1.3037972 1.5375421 1.4636762 1.5756296 1.6279448 1.4626619 1.6068333 1.6357806 1.6404754 1.5513946 1.7622975 2.0585426 1.7101369 1.9935392 1.9876054 1.8736004 1.7771921 1.9994661 2.1684149 1.8385198 1.9058535 
HoiH06_mRNA10828                                    1.3201539 1.2067428 1.5227679 1.4375645 1.2820972 1.2556317 1.2365565 1.1860423 1.3360908 1.2945133 1.7739714 1.3644302 1.6269165 1.4992314 1.6856243 1.4763640 0.4320672 0.3569914 0.0000000 0.0739135 0.1916112 0.1955054 1.1247091 1.2174565 1.2265630 1.6032824 1.2170483 1.3451483 1.2186066 1.4269438 1.3248814 1.4129660 1.4073910 1.6439037 1.3724918 1.4607515 1.3661649 1.8790742 1.5887105 1.5452833 1.6858962 1.4969734 1.6110838 1.5906769 1.8480634 1.7940954 1.6263913 1.7044016 1.8221407 1.7881001 1.7104053 1.7390133 2.2069841 1.8896839 1.9419562 2.2045539 2.0247974 1.9579715 2.1492252 2.5791492 2.1395424 1.9521735 
HoiH23_PlH23_000621-RA                              1.2883690 1.1880706 1.5048574 1.4448788 1.2366313 1.2812576 1.2379205 1.1916666 1.3195186 1.2974028 1.7249257 1.3724280 1.6055582 1.5514079 1.7041309 1.4876521 0.4145630 0.3251773 0.0739135 0.0000000 0.1436478 0.1473230 1.1663965 1.2435983 1.2327683 1.5323855 1.2434371 1.3546808 1.2081990 1.4173418 1.3400099 1.4707531 1.4335311 1.6555529 1.4056434 1.4834333 1.3229803 1.9619871 1.5930704 1.5087345 1.6343853 1.4743549 1.5551247 1.5059697 1.8089512 1.7784594 1.6049440 1.6476228 1.7656867 1.7367492 1.6838332 1.7672423 2.0717907 1.7494520 1.9706163 2.1868847 2.0405249 1.9433663 2.1762928 2.5024953 2.0617083 1.9443737 
Hhon_g11785.t1                                      1.2910016 1.2258096 1.5141661 1.4286169 1.2046599 1.2468053 1.2363087 1.2189522 1.2777903 1.2692507 1.7074660 1.3329651 1.6399265 1.5751719 1.6937354 1.4499616 0.4394032 0.3570835 0.1916112 0.1436478 0.0000000 0.0029934 1.0871763 1.1672512 1.1386693 1.4928755 1.2033497 1.3853243 1.1921256 1.3769554 1.2862679 1.4570687 1.3470525 1.6750456 1.3946313 1.4989508 1.2968114 1.9052548 1.5785533 1.5199752 1.5508200 1.4823875 1.5955252 1.5715356 1.8063961 1.7768702 1.5857503 1.7157822 1.7378267 1.7815608 1.7034041 1.7627741 2.1534073 1.8171261 1.9012938 2.0876850 1.9506763 1.9341713 2.1247549 2.4174002 2.2967923 1.9055730 
HoiH04_mRNA7629                                     1.3003587 1.2330335 1.5145953 1.4289591 1.2051039 1.2471121 1.2375967 1.2202170 1.2782106 1.2728014 1.7177158 1.3406493 1.6412258 1.5755886 1.7055719 1.4581256 0.4343592 0.3527616 0.1955054 0.1473230 0.0029934 0.0000000 1.0871763 1.1760316 1.1380493 1.4884100 1.2104300 1.3930013 1.1933411 1.3846787 1.2899836 1.4611918 1.3508042 1.6842141 1.4026805 1.5014985 1.3062020 1.9056089 1.5828841 1.5286662 1.5597018 1.4920338 1.5917795 1.5662081 1.8067958 1.7772712 1.5862153 1.7162013 1.7382277 1.7819627 1.6992939 1.7631712 2.1485330 1.8129913 1.9025866 2.0742943 1.9382131 1.9323221 2.1272726 2.4243379 2.3027322 1.9011684 
Ocar_g300                                           1.0159828 1.0864117 1.4550133 1.3156607 1.1684735 1.1126978 1.1814332 1.2207732 1.0938154 1.1401825 1.5155637 1.2719916 1.7087131 1.5714927 1.6436664 1.4350596 1.0552162 1.0791897 1.1247091 1.1663965 1.0871763 1.0871763 0.0000000 0.0304769 0.7571646 1.4939923 1.0093251 1.0727508 0.9746680 1.0414279 1.0722198 1.1531689 1.1408258 1.3615839 1.0431932 1.2130974 1.1585432 1.5832712 1.3645285 1.3160988 1.3503742 1.4378430 1.4348710 1.3626217 1.5987898 1.4950157 1.5048683 1.6115088 1.5700785 1.5286263 1.7302065 1.6218684 1.9536498 1.5576946 1.6093537 1.8571880 1.7877520 1.7063442 1.8778289 2.0414570 1.7825593 2.0361683 
Opea_EP00118_Oscarella_pearsei_P025272              1.1039849 1.1801835 1.4781741 1.3530959 1.2557975 1.1675066 1.2370062 1.2710481 1.1801147 1.1692662 1.5173076 1.3631146 1.8701887 1.6864756 1.7093102 1.5656850 1.1087986 1.1275959 1.2174565 1.2435983 1.1672512 1.1760316 0.0304769 0.0000000 0.7944141 1.5758980 1.0910876 1.1949419 1.0293128 1.1505899 1.1596678 1.2250949 1.2002220 1.4150667 1.1351749 1.2918217 1.1955980 1.6408503 1.4446737 1.3821126 1.4098404 1.4667936 1.5093425 1.4077164 1.6737842 1.5611827 1.5680986 1.6826860 1.7064719 1.6286695 1.7426574 1.8059277 2.0460222 1.6475655 1.6582588 1.9448210 1.8702300 1.8429126 1.9384156 2.1348440 1.8420734 2.1758314 
Plajan_Pjan_C554607_01                              1.1681810 1.2799482 1.3543961 1.2463243 1.2272592 1.1984542 1.2364105 1.2297425 1.1712180 1.3375006 1.5354608 1.3473581 1.7447172 1.5863836 1.6545627 1.4705385 1.1208758 1.1182365 1.2265630 1.2327683 1.1386693 1.1380493 0.7571646 0.7944141 0.0000000 1.7706173 1.0942819 1.3330591 1.0923915 1.3360027 1.2912126 1.3002915 1.2775515 1.4066862 1.1781587 1.3646485 1.2475192 1.5992254 1.4534712 1.4765547 1.5631648 1.5740072 1.6298215 1.4885983 1.9410850 1.8234501 1.7844063 1.8619861 1.7268972 1.8010264 1.7827218 2.0340249 2.2075132 1.8444674 1.7174065 2.0255643 1.9702027 1.8214118 2.0507878 2.3057009 1.8582886 1.9845517 
Scil_scict022729.1                                  1.7269354 1.6446897 2.0743461 1.8587317 1.6648324 1.6721056 1.5208167 1.5493989 1.6200225 1.7262143 2.0935293 1.7821953 2.3478364 2.1192145 2.2172634 2.1261468 1.4739543 1.4740461 1.6032824 1.5323855 1.4928755 1.4884100 1.4939923 1.5758980 1.7706173 0.0000000 1.0549675 1.1593461 1.1870528 1.2507946 1.8772726 1.9163013 1.8377816 1.8414643 1.6573186 1.8210240 1.6321649 2.3473632 2.0712569 1.8564759 1.9687391 1.8460862 1.8523019 1.6008279 2.4774892 2.5629122 2.4227212 2.3607320 2.4947521 2.3030135 2.2340204 2.4420452 2.6598912 2.2654764 2.2848874 2.3683281 2.1929303 2.3991880 2.4798784 2.6037304 2.1754568 2.0507914 
Lcom_lcpid78050                                     1.2170053 1.0983689 1.3641370 1.2888853 1.1930072 1.2224650 1.2012322 1.2070328 1.1663237 1.2048763 1.5081167 1.3977535 1.7160662 1.3930535 1.4252420 1.4503464 1.1465311 1.1165078 1.2170483 1.2434371 1.2033497 1.2104300 1.0093251 1.0910876 1.0942819 1.0549675 0.0000000 0.5230299 0.7045269 0.6971992 1.1636316 1.3819964 1.1653127 1.1853573 1.0340079 1.2988951 1.2015683 1.6637362 1.4279594 1.3107876 1.3264409 1.2358324 1.4642826 1.2841857 1.6786482 1.6865693 1.6135064 1.6782742 1.6409008 1.7145988 1.7052804 1.8060888 2.0111229 1.7275703 1.7487355 1.8720510 1.6472682 1.9188213 2.1204391 2.1328907 1.6787871 1.6732373 
Leuniv_Lniv_scaffold25379_01                        1.4371422 1.4031471 1.6514913 1.4516561 1.5706634 1.4220970 1.4321805 1.4079837 1.3664695 1.3227885 1.6853707 1.5205767 2.1873322 1.7597661 1.7911874 1.6721436 1.3412724 1.3004736 1.3451483 1.3546808 1.3853243 1.3930013 1.0727508 1.1949419 1.3330591 1.1593461 0.5230299 0.0000000 0.8621394 0.9315747 1.4759290 1.6037511 1.4774148 1.4434243 1.2131589 1.6504341 1.3432218 1.9883906 1.6439576 1.5220639 1.5806483 1.5828616 1.7070158 1.4830905 1.8023254 1.8874879 1.8473574 1.8011428 1.8966604 1.9155835 1.8374713 2.0767546 2.2404993 1.8262487 1.9223132 2.2343673 2.0291347 2.0982744 2.2733870 2.2781171 1.9605920 2.0799299 
Clacor_Ccor_C539467_01                              1.1031691 1.1096980 1.4140175 1.2862900 1.1833866 1.1435274 1.1720657 1.1771337 1.2172538 1.1419083 1.4792973 1.4180802 1.6568663 1.5664258 1.6157540 1.5583032 1.0665950 1.0484303 1.2186066 1.2081990 1.1921256 1.1933411 0.9746680 1.0293128 1.0923915 1.1870528 0.7045269 0.8621394 0.0000000 0.8981912 1.2409260 1.4229579 1.2162677 1.4586265 1.1946146 1.3466611 1.2868448 1.5842038 1.3708692 1.3265671 1.4133536 1.3387416 1.5964259 1.5898204 1.9013547 1.8536886 1.7758643 1.8439737 1.8167081 1.8283769 1.7908096 1.9152029 2.1103194 1.7258018 1.5739991 1.9292691 1.8006676 1.7073122 1.9957918 1.9840212 1.9319206 1.9457666 
Gracom_Gcom_C543502_01                              1.1544174 1.2334927 1.6580448 1.5548316 1.5312204 1.4343649 1.4221262 1.4097046 1.3232985 1.4422141 1.7995853 1.4852139 1.8740985 1.6635789 1.7171281 1.6137378 1.2615267 1.2394184 1.4269438 1.4173418 1.3769554 1.3846787 1.0414279 1.1505899 1.3360027 1.2507946 0.6971992 0.9315747 0.8981912 0.0000000 1.2456589 1.4697650 1.2512243 1.4938748 1.2649597 1.5360829 1.3785867 1.9403197 1.6375257 1.5665080 1.6264125 1.7190629 1.8229370 1.4440394 1.8646192 1.8104842 1.7289921 1.9787976 1.8687641 1.9603109 1.8204172 2.0425913 2.1784638 1.8347842 1.9265032 2.1021783 1.9071426 2.0353130 2.0174823 2.2043043 1.9152404 2.0660381 
Sros_EGD72561                                       1.3685352 1.2622481 1.8312522 1.5808226 1.4939678 1.4776137 1.5694969 1.4839474 1.5157935 1.3268512 1.8310693 1.5267498 2.1576810 1.7784355 1.8558991 1.5202359 1.3596923 1.3039333 1.3248814 1.3400099 1.2862679 1.2899836 1.0722198 1.1596678 1.2912126 1.8772726 1.1636316 1.4759290 1.2409260 1.2456589 0.0000000 0.6629900 0.8589418 1.2091932 1.0823740 1.1138270 1.1954908 1.9710791 1.7422064 1.5474921 1.5399063 1.4243252 1.6136756 1.6770237 2.0977331 2.0368471 2.0659358 2.1856295 2.0486452 2.1313520 2.1302311 2.1447784 2.2527237 1.8891930 1.2957441 2.0632609 1.8689282 1.8702779 1.9573735 2.1057709 1.6855372 2.0063400 
Microa_EP00043_Microstomoeca_roanoka_P010173        1.4561702 1.3771216 1.7659817 1.6317008 1.4959908 1.3799551 1.5463305 1.5382572 1.3369606 1.3494665 1.6138092 1.5488592 2.1885530 1.8289277 1.8767220 1.6354375 1.5224863 1.4531783 1.4129660 1.4707531 1.4570687 1.4611918 1.1531689 1.2250949 1.3002915 1.9163013 1.3819964 1.6037511 1.4229579 1.4697650 0.6629900 0.0000000 0.8471336 1.3353012 1.0859794 1.1888256 1.2054517 1.9257246 1.7616637 1.4240202 1.5128886 1.4242743 1.5147141 1.5985985 2.1841753 1.9825546 2.0020912 1.9933486 2.0509662 2.1612993 2.3167808 2.0444604 2.4678970 2.0538925 1.5652042 2.0642479 2.0400207 2.1749150 2.1876713 2.1688622 1.7522202 2.1874504 
Salinf_EP00049_Salpingoeca_infusionum_P005545       1.2672238 1.3737644 1.6256243 1.5417024 1.4091091 1.3192037 1.3583501 1.3638743 1.2153917 1.3358023 1.6247951 1.5144540 2.0349984 1.6593873 1.7805852 1.5439405 1.2451975 1.2522294 1.4073910 1.4335311 1.3470525 1.3508042 1.1408258 1.2002220 1.2775515 1.8377816 1.1653127 1.4774148 1.2162677 1.2512243 0.8589418 0.8471336 0.0000000 1.2552787 1.0274502 1.1386163 1.1176317 1.8376297 1.7181561 1.5506434 1.4586692 1.5946407 1.5709168 1.5690987 2.1173349 1.9917348 1.8787698 2.0721784 2.1657183 2.1089911 2.2518021 2.1248500 2.3940831 2.0503353 1.4858927 2.0819823 1.9819615 1.8976183 2.1331944 1.9557974 1.7584713 2.0109357 
Codhol_EP00042_Codosiga_hollandica_P030934          1.5527435 1.4264574 1.8223428 1.6150979 1.4251697 1.4977729 1.4683124 1.4871587 1.3961590 1.5162855 1.8287678 1.6229856 1.9476337 1.8194384 1.8381800 1.6699419 1.6069538 1.6927267 1.6439037 1.6555529 1.6750456 1.6842141 1.3615839 1.4150667 1.4066862 1.8414643 1.1853573 1.4434243 1.4586265 1.4938748 1.2091932 1.3353012 1.2552787 0.0000000 0.9527353 1.1175220 1.1692668 2.0658011 1.9154196 1.4794655 1.4575884 1.4773531 1.6457546 1.6097462 2.3265086 2.3398458 2.2728786 2.1002734 2.1987689 2.0304390 2.0111896 2.2196752 2.5122005 2.2497071 1.8371802 2.1713014 2.1046667 2.1096681 2.2800743 2.5586992 2.1584799 2.2545627 
Salurc_EP00051_Salpingoeca_urceolata_P029925        1.3830065 1.3372954 1.5537945 1.4109924 1.3175807 1.3051711 1.3336525 1.3223009 1.2650789 1.3509254 1.8292276 1.6225759 2.0729776 1.7560145 1.8057948 1.7771209 1.2773107 1.2946104 1.3724918 1.4056434 1.3946313 1.4026805 1.0431932 1.1351749 1.1781587 1.6573186 1.0340079 1.2131589 1.1946146 1.2649597 1.0823740 1.0859794 1.0274502 0.9527353 0.0000000 1.0810434 0.9855382 1.9819930 1.6023928 1.4483377 1.4268941 1.4867144 1.4244331 1.4973379 2.0394177 1.8436867 1.8465811 1.9627087 1.9805740 2.0230473 1.8937699 2.1406355 2.2318451 1.9037689 1.5210765 1.9726361 1.9332688 1.8715145 2.1353224 2.1364320 1.8271057 2.1060164 
Salpun_EP00053_Salpingoeca_punica_P009219           1.3153766 1.3648591 1.6350114 1.4891608 1.2524797 1.3199379 1.4033368 1.4080778 1.2736318 1.4038263 1.8600278 1.4022279 1.7092033 1.6387274 1.7355205 1.5240661 1.5486049 1.5271098 1.4607515 1.4834333 1.4989508 1.5014985 1.2130974 1.2918217 1.3646485 1.8210240 1.2988951 1.6504341 1.3466611 1.5360829 1.1138270 1.1888256 1.1386163 1.1175220 1.0810434 0.0000000 1.0861877 1.8224499 1.5616147 1.6183428 1.4749709 1.6622162 1.5691424 1.5744370 2.1764238 2.1423068 2.1820891 2.1896308 2.1409322 2.0203364 2.0267514 2.1217272 2.3786920 1.9939063 1.5708224 2.0140440 1.8152669 1.7815459 2.2130950 2.1003558 1.9771290 1.9009472 
Salkve_EP00050_Salpingoeca_kvevrii_P005316          1.3504019 1.4412093 1.6528322 1.4348413 1.2612800 1.3395024 1.3364562 1.3367808 1.2637489 1.2671366 1.7236959 1.5280120 1.8579075 1.6797745 1.7387674 1.8258268 1.2621029 1.2560562 1.3661649 1.3229803 1.2968114 1.3062020 1.1585432 1.1955980 1.2475192 1.6321649 1.2015683 1.3432218 1.2868448 1.3785867 1.1954908 1.2054517 1.1176317 1.1692668 0.9855382 1.0861877 0.0000000 1.9259141 1.7794751 1.4420637 1.2983844 1.4385605 1.5289696 1.6267916 2.2301473 2.0900731 2.0959035 2.0594819 2.2189004 2.1948696 1.9360353 2.2516237 2.2889185 2.0144227 1.6655542 2.0930891 1.9817159 1.9482539 2.1191409 2.1219229 1.7022275 1.9605008 
Hvul_g32148_1                                       1.6129677 1.6975645 1.8514561 1.6766861 1.4308425 1.4745672 1.7353359 1.7300258 1.7520323 1.6003495 1.9772420 1.4516648 1.5671011 1.6328973 1.6706551 1.5643897 1.7066674 1.8742546 1.8790742 1.9619871 1.9052548 1.9056089 1.5832712 1.6408503 1.5992254 2.3473632 1.6637362 1.9883906 1.5842038 1.9403197 1.9710791 1.9257246 1.8376297 2.0658011 1.9819930 1.8224499 1.9259141 0.0000000 1.0353111 1.9441470 2.0572382 2.0136418 2.0721493 1.9753211 2.2624494 2.2491211 1.9361924 2.2175981 2.4473405 2.1685220 2.0826503 2.2481306 2.5565554 2.2562288 2.4250915 2.3576414 2.3160991 2.4973987 2.4777500 2.5818171 2.2717487 2.4751190 
Chem_TCONS_00025252                                 1.2165164 1.2948039 1.4990462 1.3898384 1.3343066 1.2052018 1.3946697 1.3732550 1.3580424 1.3387391 1.5907658 1.1181388 1.3920389 1.4103323 1.5361114 1.4208899 1.5207816 1.5530581 1.5887105 1.5930704 1.5785533 1.5828841 1.3645285 1.4446737 1.4534712 2.0712569 1.4279594 1.6439576 1.3708692 1.6375257 1.7422064 1.7616637 1.7181561 1.9154196 1.6023928 1.5616147 1.7794751 1.0353111 0.0000000 1.8364547 1.8751279 1.9722882 1.8835526 1.6874487 2.1156353 1.9476480 1.8381901 2.1444778 2.0810309 1.8340130 1.9608893 1.9586708 2.1569940 1.9733669 2.1299164 2.0345418 2.0822104 1.9722329 2.2198682 2.1983956 2.1744486 1.8685783 
Aque_Aqu2.1.32216_001                               1.3612299 1.5132020 1.9003525 1.7390992 1.4925704 1.4719191 1.5993431 1.6029211 1.3753934 1.5694711 1.8718470 1.4446095 2.0941520 1.7203994 1.7853723 1.6919757 1.3025492 1.4215645 1.5452833 1.5087345 1.5199752 1.5286662 1.3160988 1.3821126 1.4765547 1.8564759 1.3107876 1.5220639 1.3265671 1.5665080 1.5474921 1.4240202 1.5506434 1.4794655 1.4483377 1.6183428 1.4420637 1.9441470 1.8364547 0.0000000 0.3644866 0.4968277 1.0719710 1.1726200 2.0541987 2.0209015 1.9368266 1.9405473 2.0739481 2.0024252 1.9658905 2.2421459 2.3108289 2.0428805 1.9921353 1.9805616 2.0489577 1.9187766 1.8855689 2.0135307 1.9355742 2.1345434 
Halamb_c42357_g1_i1m.14837                          1.4173885 1.5632494 1.8223429 1.7463468 1.4395936 1.4573327 1.5036607 1.5438578 1.3397311 1.5570565 1.9964605 1.5244937 1.9629872 1.7531575 1.8314758 1.6798456 1.4047900 1.5139290 1.6858962 1.6343853 1.5508200 1.5597018 1.3503742 1.4098404 1.5631648 1.9687391 1.3264409 1.5806483 1.4133536 1.6264125 1.5399063 1.5128886 1.4586692 1.4575884 1.4268941 1.4749709 1.2983844 2.0572382 1.8751279 0.3644866 0.0000000 0.5927325 1.2016935 1.1965921 2.1529410 2.0839427 2.0065678 2.0249767 2.1835693 2.1149161 2.1585432 2.4282473 2.3969772 2.0977672 2.0332051 2.0718573 2.1506829 2.0577009 2.0641668 2.0873074 2.1134023 2.1093338 
Xestes_maker-XT_scaffold123836-snap-gene-0.5-mRNA-1 1.3863444 1.4094788 1.9927471 1.7491932 1.5467385 1.3738444 1.6406744 1.5565459 1.4225506 1.4862917 1.8953827 1.4906122 1.9808367 1.6976838 1.9257860 1.7100775 1.2074089 1.3037972 1.4969734 1.4743549 1.4823875 1.4920338 1.4378430 1.4667936 1.5740072 1.8460862 1.2358324 1.5828616 1.3387416 1.7190629 1.4243252 1.4242743 1.5946407 1.4773531 1.4867144 1.6622162 1.4385605 2.0136418 1.9722882 0.4968277 0.5927325 0.0000000 0.9717334 1.1562255 1.9774926 2.1197829 2.0286538 1.9236092 2.2382873 2.1450268 2.1965232 2.1687606 2.2171435 2.0896757 1.9092516 2.3124135 2.2298247 2.2168577 2.1897096 2.2198152 2.0090551 2.0128341 
Tetwil_g23570.t1                                    1.6034788 1.4529313 1.8566757 1.6838394 1.5582001 1.4176071 1.5264515 1.4726405 1.3383063 1.4997197 1.9476317 1.7989372 2.2010740 1.8073560 2.0082604 1.8275037 1.4621273 1.5375421 1.6110838 1.5551247 1.5955252 1.5917795 1.4348710 1.5093425 1.6298215 1.8523019 1.4642826 1.7070158 1.5964259 1.8229370 1.6136756 1.5147141 1.5709168 1.6457546 1.4244331 1.5691424 1.5289696 2.0721493 1.8835526 1.0719710 1.2016935 0.9717334 0.0000000 0.5965698 2.1320940 2.0438177 1.9843194 1.9118148 2.2341422 2.0498039 1.9850430 2.1885745 2.4158121 1.9856682 2.1575500 1.8769966 1.9752756 1.8033175 1.8195849 1.9468705 1.9541667 2.2747474 
Stycar_maker-SC_scaffold1433-snap-gene-0.6-mRNA-1   1.4609931 1.4567364 1.7766772 1.6090745 1.3866074 1.2814806 1.4437979 1.4446345 1.1779984 1.4984293 1.8863886 1.5562808 1.9655971 1.6383319 1.6759035 1.6846945 1.3907087 1.4636762 1.5906769 1.5059697 1.5715356 1.5662081 1.3626217 1.4077164 1.4885983 1.6008279 1.2841857 1.4830905 1.5898204 1.4440394 1.6770237 1.5985985 1.5690987 1.6097462 1.4973379 1.5744370 1.6267916 1.9753211 1.6874487 1.1726200 1.1965921 1.1562255 0.5965698 0.0000000 2.1741317 2.0842968 1.9409876 1.9160276 2.1171728 2.1292641 1.9390225 2.2000723 2.3187567 2.0660575 2.1706804 1.9452819 1.9626232 1.9467563 2.0001153 1.8300622 1.9961419 2.0181924 
Mlei_ML1231.g8.i1                                   1.9995991 1.7534835 2.0487087 1.9001483 2.0336598 1.9785112 1.9941825 1.9954036 1.7064752 2.0143824 2.5724564 2.1568220 2.5010058 2.2068936 2.2573989 2.2498733 1.5155650 1.5756296 1.8480634 1.8089512 1.8063961 1.8067958 1.5987898 1.6737842 1.9410850 2.4774892 1.6786482 1.8023254 1.9013547 1.8646192 2.0977331 2.1841753 2.1173349 2.3265086 2.0394177 2.1764238 2.2301473 2.2624494 2.1156353 2.0541987 2.1529410 1.9774926 2.1320940 2.1741317 0.0000000 0.3531327 0.3308119 0.3596674 0.5350632 0.5277655 0.5019066 0.5780929 0.8097777 0.5822387 2.4365769 2.7898917 2.6730554 2.6106297 2.7779442 2.6010067 2.6699746 2.5119577 
Bolinf_Binf_sb1212323                               2.0475293 1.7316804 2.1209099 1.8717608 1.9818467 1.8282280 2.1279316 2.0206130 1.7036944 2.0347544 2.4543698 2.0491259 2.5200009 2.1364809 2.1894093 2.1429928 1.6191254 1.6279448 1.7940954 1.7784594 1.7768702 1.7772712 1.4950157 1.5611827 1.8234501 2.5629122 1.6865693 1.8874879 1.8536886 1.8104842 2.0368471 1.9825546 1.9917348 2.3398458 1.8436867 2.1423068 2.0900731 2.2491211 1.9476480 2.0209015 2.0839427 2.1197829 2.0438177 2.0842968 0.3531327 0.0000000 0.0071238 0.4202911 0.6101373 0.5357107 0.5188416 0.5503923 0.8827242 0.6603825 2.2968146 2.6944927 2.4940284 2.5160839 2.6541143 2.5687896 2.7966848 2.6250368 
Mertsp_Mesp_sb556346                                1.9598310 1.6333716 2.2987805 1.9757064 2.0163284 1.8462267 2.1458306 2.0255012 1.7808181 1.9948956 2.4724120 1.9830333 2.4900752 1.9983672 2.0196382 2.0183761 1.4744245 1.4626619 1.6263913 1.6049440 1.5857503 1.5862153 1.5048683 1.5680986 1.7844063 2.4227212 1.6135064 1.8473574 1.7758643 1.7289921 2.0659358 2.0020912 1.8787698 2.2728786 1.8465811 2.1820891 2.0959035 1.9361924 1.8381901 1.9368266 2.0065678 2.0286538 1.9843194 1.9409876 0.3308119 0.0071238 0.0000000 0.3487035 0.5597661 0.4564224 0.4623479 0.5022942 0.8449110 0.6092524 2.4098465 2.4357677 2.2372197 2.2731101 2.3646740 2.2840906 2.6325168 2.4031259 
Beraby_Baby_sb332418                                2.0049142 1.7459498 2.0642713 1.8233710 2.0128328 1.8757687 1.8999591 1.8858837 1.7193785 1.9204723 2.3219445 2.1767187 2.5064995 2.1306051 2.1928690 2.0691040 1.5149730 1.6068333 1.7044016 1.6476228 1.7157822 1.7162013 1.6115088 1.6826860 1.8619861 2.3607320 1.6782742 1.8011428 1.8439737 1.9787976 2.1856295 1.9933486 2.0721784 2.1002734 1.9627087 2.1896308 2.0594819 2.2175981 2.1444778 1.9405473 2.0249767 1.9236092 1.9118148 1.9160276 0.3596674 0.4202911 0.3487035 0.0000000 0.5844658 0.5522306 0.5289857 0.6441651 0.9101602 0.6328692 2.4513341 2.6338200 2.5219315 2.2923691 2.3754863 2.4365679 2.6821585 2.6126615 
Vmul_SimC401378                                     1.9732828 1.7942585 2.1428107 1.9391845 2.2115844 2.0218574 1.9244083 1.9550447 1.8135753 2.0203861 2.4692060 2.1837100 2.3767335 2.0966680 2.1219570 2.0626192 1.6060044 1.6357806 1.8221407 1.7656867 1.7378267 1.7382277 1.5700785 1.7064719 1.7268972 2.4947521 1.6409008 1.8966604 1.8167081 1.8687641 2.0486452 2.0509662 2.1657183 2.1987689 1.9805740 2.1409322 2.2189004 2.4473405 2.0810309 2.0739481 2.1835693 2.2382873 2.2341422 2.1171728 0.5350632 0.6101373 0.5597661 0.5844658 0.0000000 0.4602221 0.6605929 0.6982011 1.0110773 0.7819034 2.4153389 2.7582392 2.7290479 2.6251505 2.9210605 2.7051898 2.7590276 2.6287830 
Coemet_Cmet_scaffold12969_01                        1.9556316 1.7290150 2.0904167 1.8074435 1.9062085 1.9686734 1.8843932 1.9122238 1.6962327 1.9847434 2.2275703 1.9418785 2.2074161 1.9482958 2.0230326 1.8735790 1.5962539 1.6404754 1.7881001 1.7367492 1.7815608 1.7819627 1.5286263 1.6286695 1.8010264 2.3030135 1.7145988 1.9155835 1.8283769 1.9603109 2.1313520 2.1612993 2.1089911 2.0304390 2.0230473 2.0203364 2.1948696 2.1685220 1.8340130 2.0024252 2.1149161 2.1450268 2.0498039 2.1292641 0.5277655 0.5357107 0.4564224 0.5522306 0.4602221 0.0000000 0.6333572 0.6545176 0.9049379 0.6865031 2.3740523 2.6703666 2.4432631 2.3788426 2.5982818 2.5732194 2.7321471 2.4777739 
Drygla_Dgla_sb284889                                2.0014270 1.7478214 2.0471788 1.8831118 1.9890158 1.8664651 2.0281588 1.9891425 1.7229297 1.9666460 2.4735354 2.1156565 2.3487375 2.1258116 2.1038646 2.1118604 1.4908889 1.5513946 1.7104053 1.6838332 1.7034041 1.6992939 1.7302065 1.7426574 1.7827218 2.2340204 1.7052804 1.8374713 1.7908096 1.8204172 2.1302311 2.3167808 2.2518021 2.0111896 1.8937699 2.0267514 1.9360353 2.0826503 1.9608893 1.9658905 2.1585432 2.1965232 1.9850430 1.9390225 0.5019066 0.5188416 0.4623479 0.5289857 0.6605929 0.6333572 0.0000000 0.7025040 1.0292179 0.7704011 2.5424252 2.4220637 2.3782428 2.1498474 2.3841600 2.3067799 2.5494961 2.2551289 
Lampan_Lpan_583_01                                  2.2226639 1.9036408 2.2942787 2.0677761 2.2808574 2.0485461 2.0782431 2.0426633 1.8618543 1.9723046 2.3852545 1.8932774 2.5458755 2.0586927 2.1159488 1.9847038 1.6715841 1.7622975 1.7390133 1.7672423 1.7627741 1.7631712 1.6218684 1.8059277 2.0340249 2.4420452 1.8060888 2.0767546 1.9152029 2.0425913 2.1447784 2.0444604 2.1248500 2.2196752 2.1406355 2.1217272 2.2516237 2.2481306 1.9586708 2.2421459 2.4282473 2.1687606 2.1885745 2.2000723 0.5780929 0.5503923 0.5022942 0.6441651 0.6982011 0.6545176 0.7025040 0.0000000 0.9086359 0.6902230 2.3672760 2.8657896 2.6348816 2.7537897 2.7214322 2.8215306 2.7305665 2.6805861 
Pbac_sb2653175                                      2.3626149 2.1869299 2.5236909 2.2668821 2.5412692 2.2517639 2.3147795 2.3630918 2.2018476 2.4611230 2.7508455 2.4874005 3.0139090 2.4680807 2.5686836 2.4706916 2.0451053 2.0585426 2.2069841 2.0717907 2.1534073 2.1485330 1.9536498 2.0460222 2.2075132 2.6598912 2.0111229 2.2404993 2.1103194 2.1784638 2.2527237 2.4678970 2.3940831 2.5122005 2.2318451 2.3786920 2.2889185 2.5565554 2.1569940 2.3108289 2.3969772 2.2171435 2.4158121 2.3187567 0.8097777 0.8827242 0.8449110 0.9101602 1.0110773 0.9049379 1.0292179 0.9086359 0.0000000 0.1844591 2.6899104 2.8091586 2.7199189 2.9089720 2.9407111 2.8354281 2.9012919 2.9629244 
Horcal_Hcv1.av93.c9.g343.i2                         1.9445296 1.7407007 2.0385266 1.9117032 1.8924222 1.8608135 1.9231924 1.9512112 1.7453731 2.1438216 2.5326589 2.0257864 2.4272094 2.1093002 2.1819965 2.1844424 1.6487854 1.7101369 1.8896839 1.7494520 1.8171261 1.8129913 1.5576946 1.6475655 1.8444674 2.2654764 1.7275703 1.8262487 1.7258018 1.8347842 1.8891930 2.0538925 2.0503353 2.2497071 1.9037689 1.9939063 2.0144227 2.2562288 1.9733669 2.0428805 2.0977672 2.0896757 1.9856682 2.0660575 0.5822387 0.6603825 0.6092524 0.6328692 0.7819034 0.6865031 0.7704011 0.6902230 0.1844591 0.0000000 2.4410553 2.4086668 2.4474975 2.4938888 2.5523130 2.4792398 2.5670496 2.6298968 
Mbre_EDQ88964                                       1.9267469 1.7708263 2.7989048 2.1519341 2.3638950 1.8779732 1.9422447 1.9375787 1.8627575 1.9227754 2.2074089 1.6264328 3.4236913 2.3032606 2.4426815 2.1884773 2.0369340 1.9935392 1.9419562 1.9706163 1.9012938 1.9025866 1.6093537 1.6582588 1.7174065 2.2848874 1.7487355 1.9223132 1.5739991 1.9265032 1.2957441 1.5652042 1.4858927 1.8371802 1.5210765 1.5708224 1.6655542 2.4250915 2.1299164 1.9921353 2.0332051 1.9092516 2.1575500 2.1706804 2.4365769 2.2968146 2.4098465 2.4513341 2.4153389 2.3740523 2.5424252 2.3672760 2.6899104 2.4410553 0.0000000 2.2904361 2.3304612 2.1965467 2.3869106 2.4263436 2.4362726 2.3807448 
Acaspe_EP00035_Acanthoeca_spectabilis_P024913       1.8729219 2.0486604 2.1358608 1.9424214 1.6743233 1.7826387 1.7912942 1.7199576 1.7951165 1.8646266 2.5395225 1.9027380 2.1961559 2.0279139 2.1415911 2.0707442 1.9735731 1.9876054 2.2045539 2.1868847 2.0876850 2.0742943 1.8571880 1.9448210 2.0255643 2.3683281 1.8720510 2.2343673 1.9292691 2.1021783 2.0632609 2.0642479 2.0819823 2.1713014 1.9726361 2.0140440 2.0930891 2.3576414 2.0345418 1.9805616 2.0718573 2.3124135 1.8769966 1.9452819 2.7898917 2.6944927 2.4357677 2.6338200 2.7582392 2.6703666 2.4220637 2.8657896 2.8091586 2.4086668 2.2904361 0.0000000 0.3905331 0.6059513 0.8376532 1.0834166 2.2426062 2.5704858 
Helnan_EP00037_Helgoeca_nana_P006664                1.7485290 1.7789033 2.1182673 1.8285166 1.6543951 1.6922706 1.7650977 1.7830308 1.7123911 1.8593761 2.3827856 1.9000947 2.3056757 1.9645209 2.0804984 2.0898475 1.8926021 1.8736004 2.0247974 2.0405249 1.9506763 1.9382131 1.7877520 1.8702300 1.9702027 2.1929303 1.6472682 2.0291347 1.8006676 1.9071426 1.8689282 2.0400207 1.9819615 2.1046667 1.9332688 1.8152669 1.9817159 2.3160991 2.0822104 2.0489577 2.1506829 2.2298247 1.9752756 1.9626232 2.6730554 2.4940284 2.2372197 2.5219315 2.7290479 2.4432631 2.3782428 2.6348816 2.7199189 2.4474975 2.3304612 0.3905331 0.0000000 0.6341256 0.8992358 1.0409590 2.0272959 2.1457227 
Stedip_EP00041_Stephanoeca_diplocostata_P017001     1.5866586 1.9647163 2.1974830 1.9560330 1.7271061 1.7531900 1.8785107 1.8472491 1.9301055 1.8296683 2.3037265 1.9724248 2.4398894 2.0841501 2.0457318 2.0904884 1.8597600 1.7771921 1.9579715 1.9433663 1.9341713 1.9323221 1.7063442 1.8429126 1.8214118 2.3991880 1.9188213 2.0982744 1.7073122 2.0353130 1.8702779 2.1749150 1.8976183 2.1096681 1.8715145 1.7815459 1.9482539 2.4973987 1.9722329 1.9187766 2.0577009 2.2168577 1.8033175 1.9467563 2.6106297 2.5160839 2.2731101 2.2923691 2.6251505 2.3788426 2.1498474 2.7537897 2.9089720 2.4938888 2.1965467 0.6059513 0.6341256 0.0000000 0.6733172 0.9370691 2.0989670 2.2803998 
Didcos_EP00039_Didymoeca_costata_P029834            1.8041425 2.1090810 2.4473536 2.1487726 2.0030706 1.9647742 1.8983347 1.8797203 1.9748678 1.8930547 2.4080618 2.0730447 2.6227039 2.3286158 2.4054671 2.0681762 2.0773196 1.9994661 2.1492252 2.1762928 2.1247549 2.1272726 1.8778289 1.9384156 2.0507878 2.4798784 2.1204391 2.2733870 1.9957918 2.0174823 1.9573735 2.1876713 2.1331944 2.2800743 2.1353224 2.2130950 2.1191409 2.4777500 2.2198682 1.8855689 2.0641668 2.1897096 1.8195849 2.0001153 2.7779442 2.6541143 2.3646740 2.3754863 2.9210605 2.5982818 2.3841600 2.7214322 2.9407111 2.5523130 2.3869106 0.8376532 0.8992358 0.6733172 0.0000000 1.0373425 2.1955178 2.3535777 
