72
Hsap_ENST00000674977                                     0.0000000 0.2759860 0.2996105 0.3977804 0.3860219 0.3005963 0.3357729 0.3064310 0.3604129 0.4096001 0.4081997 0.3845249 0.3430165 0.3714028 0.3632605 0.3638875 0.3794905 0.4208824 0.5061643 0.3850699 0.4409479 0.4697856 0.6036142 0.4320624 0.4202559 0.6381020 0.3968157 0.5215047 0.4760995 0.4531793 0.4542589 0.4538730 0.4845615 0.4725662 0.4642685 0.4615707 0.4619018 0.4661552 0.4673429 0.4569710 0.4626757 0.5112096 0.4715985 0.5031381 0.4283892 0.6074325 0.4654464 0.5454261 0.6555114 0.5313726 0.7158319 0.7004596 0.6288702 0.6994883 0.7146462 0.7163587 0.9740987 0.9915366 0.7407763 1.0231482 1.1192992 1.0339783 0.9589726 1.0860988 1.2102404 1.2227040 1.2192195 1.2513913 1.2679746 1.2759178 1.3660213 1.9079583 
Bralan_BLAG14101198_1                                    0.2759860 0.0000000 0.3143223 0.4074353 0.3827940 0.3042625 0.3348315 0.3122988 0.3762887 0.3945516 0.3796072 0.3596568 0.3279756 0.3592016 0.3464657 0.3563781 0.3667661 0.4081311 0.5047934 0.3593319 0.4078952 0.4414591 0.5794920 0.4004677 0.4047437 0.5835011 0.3795135 0.4863301 0.4489724 0.4846174 0.4983979 0.4397853 0.4922413 0.4261246 0.4166849 0.4146472 0.4164378 0.4181077 0.4222446 0.4125288 0.4430643 0.4717073 0.4470702 0.4777741 0.4154499 0.6092595 0.4615316 0.5034605 0.6729739 0.5456064 0.6770392 0.7056478 0.6902083 0.7355002 0.7978379 0.7529794 1.3374018 1.3646032 0.7486622 1.0420756 1.0659848 1.0004140 0.9378693 1.0853994 1.2007315 1.1681082 1.2519268 1.2797154 1.2791127 1.2946072 1.4076874 1.8976415 
Skow_XM_002730436.2                                      0.2996105 0.3143223 0.0000000 0.3768489 0.3620292 0.2705705 0.3197381 0.2982005 0.3024700 0.3929311 0.3891951 0.3763515 0.3053960 0.3657287 0.3599018 0.3708277 0.3724020 0.4195349 0.5079227 0.3554516 0.4150792 0.4461379 0.5391958 0.4213480 0.4067067 0.5926739 0.3940022 0.4827380 0.4422318 0.4441610 0.4419930 0.4413465 0.4831158 0.4341182 0.4271091 0.4213774 0.4227627 0.4250146 0.4292997 0.4169936 0.4766556 0.5043125 0.4633302 0.4963174 0.4311618 0.6164603 0.4742040 0.5096597 0.6130214 0.5869199 0.6645229 0.6772400 0.6340470 0.6944898 0.7262020 0.7261086 0.9961988 1.0721324 0.7407519 1.0011713 1.0390001 0.9833763 0.9367544 1.0493293 1.2469956 1.1992238 1.2653255 1.2863006 1.2854110 1.3233806 1.3919876 1.9920392 
Tcas_TC009471_001                                        0.3977804 0.4074353 0.3768489 0.0000000 0.2061223 0.2231426 0.3745321 0.3613774 0.4340585 0.4180768 0.4379585 0.4057735 0.3960838 0.4094142 0.4012170 0.4271222 0.4306080 0.4176096 0.5638109 0.4248554 0.4762657 0.5158232 0.7048428 0.4796014 0.4637645 0.7012990 0.4541964 0.5528353 0.5190988 0.4984535 0.4818351 0.4937895 0.5326179 0.5216278 0.5082617 0.5085745 0.5065963 0.5065079 0.5112911 0.5054697 0.5276100 0.5880996 0.5256631 0.5604767 0.5149209 0.6785903 0.5326905 0.6271912 0.7875864 0.7376223 0.7251397 0.7487052 0.6862728 0.7718000 0.8270875 0.7900559 1.2763641 1.2951981 0.8086078 1.0353268 1.0563471 1.0054111 0.9266202 1.0326246 1.2059681 1.2737798 1.2571648 1.3082007 1.2984670 1.2997338 1.3968593 2.0408257 
Dpul_mRNA22836                                           0.3860219 0.3827940 0.3620292 0.2061223 0.0000000 0.2364695 0.3567077 0.3638466 0.4271895 0.4261464 0.4606920 0.4270686 0.3963241 0.4280848 0.4185281 0.4330024 0.4420825 0.4818981 0.5639609 0.4269065 0.4683388 0.5039064 0.6051278 0.4858099 0.4742642 0.6828314 0.4397980 0.5659707 0.5348906 0.5287578 0.5300197 0.5010597 0.5671552 0.5236324 0.5115542 0.5036521 0.5047515 0.5103772 0.5140418 0.5028368 0.5284672 0.5582163 0.5386257 0.5552246 0.5072579 0.6906203 0.5336167 0.5935075 0.7307908 0.6713620 0.7560125 0.7463749 0.6962298 0.7403217 0.8253806 0.7775009 1.3520055 1.3379665 0.7520849 1.0378450 1.0674722 1.0503408 0.9612317 1.0508549 1.2375612 1.2413169 1.2945601 1.3161235 1.3017617 1.3137095 1.4033475 2.0164027 
Cscu_XM_023384593.1                                      0.3005963 0.3042625 0.2705705 0.2231426 0.2364695 0.0000000 0.2776466 0.2502993 0.3484205 0.3209910 0.3175633 0.3030058 0.2844946 0.3061564 0.3005623 0.2956220 0.3130593 0.2384823 0.2904998 0.3209979 0.3458149 0.4376562 4.0299525 0.3569341 0.3519743 0.4652695 0.3553360 0.3569513 0.3495159 0.3933599 0.3069046 0.3268211 0.3871811 0.3801975 0.3825344 0.3725470 0.3746641 0.3801190 0.3821479 0.3679579 0.4346851 0.5282449 0.4260435 0.4405176 0.4327168 0.5495382 0.4142076 0.4806732 0.5089005 0.6000577 0.5482390 0.6819106 0.6755219 0.6678923 0.7458924 0.6312022 1.1448671 1.1471715 0.7365565 0.8834892 0.8840677 0.8878868 0.7579357 0.8693128 1.1085478 1.1861617 1.1155510 1.1144180 1.0575580 1.1416795 1.1887179 1.6935402 
Cgig_XM_011451956.3                                      0.3357729 0.3348315 0.3197381 0.3745321 0.3567077 0.2776466 0.0000000 0.2058519 0.4026615 0.3289613 0.4285031 0.4132197 0.3860220 0.4125684 0.3977038 0.4158112 0.4194485 0.3724821 0.5434585 0.4027394 0.4589798 0.4914299 0.5370818 0.4414431 0.4382805 0.6332364 0.4236332 0.5186724 0.4994329 0.5141221 0.5242175 0.4881598 0.5239558 0.4870484 0.4779183 0.4668997 0.4650709 0.4699039 0.4742966 0.4623573 0.4626401 0.4757562 0.4728617 0.4923915 0.4914729 0.6199641 0.4908310 0.5563764 0.6495395 0.7893598 0.7666901 0.7035492 0.6946290 0.7192498 0.7956338 0.7602637 1.1973195 1.2074090 0.7839347 1.0151455 1.1051419 1.0488667 0.9229603 1.0609518 1.2141371 1.1769764 1.1865544 1.2479411 1.2718180 1.2640951 1.3546766 1.9958115 
Acagra_model.g21908.t1                                   0.3064310 0.3122988 0.2982005 0.3613774 0.3638466 0.2502993 0.2058519 0.0000000 0.3696613 0.3017913 0.4132317 0.3938824 0.3574782 0.3731510 0.3606486 0.3774848 0.3845496 0.3815141 0.5195166 0.3942084 0.4582486 0.4682634 0.4809995 0.4462062 0.4289557 0.6237875 0.4016556 0.4996898 0.4559700 0.4614941 0.4692678 0.4406884 0.5007016 0.4561115 0.4436128 0.4452729 0.4477366 0.4499368 0.4542537 0.4415168 0.4539724 0.4639972 0.4505264 0.4969876 0.4599026 0.6077138 0.4931689 0.5483649 0.6330799 0.6541120 0.6936302 0.6916063 0.6980546 0.6897524 0.8494890 0.7304634 1.2149286 1.2404667 0.7616946 1.0069503 1.0450041 0.9829477 0.9303028 1.0449029 1.1908329 1.1655684 1.1980139 1.2068082 1.2495285 1.2738203 1.3421255 1.9891640 
Spur_XM_030981733.1                                      0.3604129 0.3762887 0.3024700 0.4340585 0.4271895 0.3484205 0.4026615 0.3696613 0.0000000 0.4668779 0.4462690 0.4432235 0.3823661 0.4361581 0.4270896 0.4307101 0.4387705 0.4431711 0.5819459 0.4383899 0.5196718 0.4943067 0.5658914 0.4650051 0.4438051 0.6647744 0.4244593 0.5649405 0.5419425 0.4995561 0.5224650 0.5140619 0.5625135 0.5397757 0.5268010 0.5230181 0.5241772 0.5288400 0.5301779 0.5264671 0.4954317 0.5263044 0.5005952 0.5402134 0.4876150 0.6744797 0.5386101 0.5829211 0.6548197 0.6580834 0.7882574 0.7789512 0.7775892 0.7995702 0.9041391 0.8130765 1.1792914 1.2335267 0.8107396 1.1151625 1.1122722 1.0385002 0.9829012 1.0993000 1.2111142 1.2859184 1.2598724 1.2967162 1.3506755 1.3476756 1.4237997 1.9175055 
Ctel_gnl_WGS_AMQN_CAPTEDRAFT_mRNA170227                  0.4096001 0.3945516 0.3929311 0.4180768 0.4261464 0.3209910 0.3289613 0.3017913 0.4668779 0.0000000 0.4676313 0.4717549 0.4358314 0.4655283 0.4452512 0.4610684 0.4716776 0.4403366 0.6188384 0.4536537 0.5050896 0.5353767 0.7607507 0.4878432 0.4771768 0.6643543 0.4679523 0.5386748 0.5223774 0.4883124 0.4807106 0.4808518 0.5415335 0.5261845 0.5101958 0.5078946 0.5069455 0.5112676 0.5156060 0.5046200 0.4971008 0.5245562 0.5014056 0.5196511 0.4796761 0.6771170 0.5287022 0.6210223 0.7927280 0.7182591 0.7796044 0.7520391 0.7273960 0.7541808 0.9027673 0.8175635 1.3601533 1.4133393 0.8355202 1.0621791 1.1622996 1.1014990 0.9837172 1.1157315 1.2283165 1.2766076 1.3040113 1.3585044 1.2991621 1.3342617 1.4206474 2.0247317 
Exapal_XM_021052339.2                                    0.4081997 0.3796072 0.3891951 0.4379585 0.4606920 0.3175633 0.4285031 0.4132317 0.4462690 0.4676313 0.0000000 0.1658430 0.1836031 0.2149389 0.2018720 0.2070369 0.2173371 0.2577189 0.3311119 0.3034545 0.3504175 0.4365740 0.5361712 0.4179294 0.4023324 0.5802906 0.3826193 0.4746064 0.4443283 0.4444187 0.4492099 0.4675647 0.4689052 0.4570575 0.4521919 0.4505982 0.4529175 0.4561067 0.4582422 0.4543415 0.4686032 0.5191339 0.4680577 0.5110286 0.4096710 0.6355001 0.4693614 0.5183377 0.6839701 0.6459224 0.7079695 0.7258389 0.6732916 0.7289373 0.7608283 0.7678852 0.9918190 0.9500173 0.7484607 0.9969420 1.0628747 1.0066575 0.9417534 1.0692761 1.2097321 1.1895748 1.2497079 1.2943990 1.2679496 1.2980243 1.4073806 1.9663711 
Nvec_v1g229643                                           0.3845249 0.3596568 0.3763515 0.4057735 0.4270686 0.3030058 0.4132197 0.3938824 0.4432235 0.4717549 0.1658430 0.0000000 0.1890516 0.1987628 0.1699473 0.1764966 0.1979693 0.2396132 0.3113582 0.2958495 0.3289053 0.4558999 0.6295084 0.4085473 0.4016557 0.5736176 0.3692606 0.4891165 0.4425916 0.4566625 0.4462169 0.4642661 0.4714659 0.4507299 0.4432256 0.4493833 0.4504622 0.4520196 0.4513556 0.4493543 0.4592545 0.4790951 0.4527054 0.4701705 0.3809681 0.6137354 0.4892659 0.5275379 0.7251885 0.5760949 0.6980769 0.7357896 0.6690640 0.7367371 0.7715448 0.7741051 1.0839170 1.0400475 0.7321754 0.9818396 1.0421965 0.9768288 0.9405886 1.0499397 1.2240610 1.1721944 1.2179351 1.2775448 1.2582325 1.2856868 1.4152747 1.9638962 
Adig_XM_015901126.1                                      0.3430165 0.3279756 0.3053960 0.3960838 0.3963241 0.2844946 0.3860220 0.3574782 0.3823661 0.4358314 0.1836031 0.1890516 0.0000000 0.0825367 0.0731669 0.0571441 0.0819715 0.0132940 0.1817536 0.2450953 0.3096134 0.3755981 0.5180620 0.3867184 0.3714717 0.3682345 0.3306820 0.4008996 0.3729779 0.3153918 0.3284595 0.3985808 0.4281008 0.4105596 0.4049472 0.3985719 0.4020366 0.4066779 0.4089396 0.3970677 0.3932707 0.4619440 0.3887224 0.4009942 0.4230840 0.5098461 0.3584527 0.4468311 0.6432495 0.5947762 0.5053296 0.6810595 0.5970685 0.6649059 0.8153152 0.7116447 0.6662109 0.6225254 0.6485658 0.8726565 0.9555568 0.8574865 0.8356814 0.9643000 1.0405496 1.1066934 1.0516911 1.0867988 1.0677323 1.1569932 1.2468355 2.2115908 
Spis_XP_022790486_1                                      0.3714028 0.3592016 0.3657287 0.4094142 0.4280848 0.3061564 0.4125684 0.3731510 0.4361581 0.4655283 0.2149389 0.1987628 0.0825367 0.0000000 0.0244698 0.0637600 0.0665907 0.1251968 0.1871086 0.2677977 0.3282175 0.4067883 0.5065331 0.3912573 0.3862592 0.5525929 0.3540225 0.4580290 0.4334515 0.4485227 0.4591020 0.4284655 0.4629921 0.4489055 0.4438594 0.4428170 0.4451250 0.4463895 0.4484938 0.4445126 0.4658970 0.4944271 0.4605623 0.4935724 0.4205796 0.6065980 0.4917843 0.4842769 0.6310283 0.5557687 0.6694947 0.7229589 0.6451235 0.7223565 0.7437539 0.7822339 1.0258162 0.9882602 0.7688051 1.0123675 1.0936330 1.0232290 0.9292104 1.0607194 1.2504003 1.1806705 1.2761832 1.3224469 1.2934324 1.3461968 1.4101017 1.9951415 
Pocdam_XM_027192957.1                                    0.3632605 0.3464657 0.3599018 0.4012170 0.4185281 0.3005623 0.3977038 0.3606486 0.4270896 0.4452512 0.2018720 0.1699473 0.0731669 0.0244698 0.0000000 0.0521342 0.0577174 0.1170482 0.1623725 0.2599829 0.3209997 0.3954013 0.4728279 0.3837917 0.3809924 0.5399105 0.3383484 0.4518751 0.4302195 0.4374255 0.4511850 0.4142678 0.4546258 0.4389960 0.4330525 0.4327425 0.4350331 0.4382604 0.4403312 0.4347394 0.4545590 0.4844807 0.4452978 0.4844427 0.4184329 0.6012152 0.4865940 0.4765204 0.6035057 0.5759545 0.6678506 0.7150193 0.6467405 0.7104982 0.7448579 0.7660322 1.0500718 1.0095907 0.7582670 1.0137153 1.0903279 1.0131319 0.9233524 1.0556194 1.2319174 1.1914334 1.2662385 1.3086405 1.2999647 1.3429858 1.4120687 1.9732394 
Fspp_ffun1.m4.1610.m1                                    0.3638875 0.3563781 0.3708277 0.4271222 0.4330024 0.2956220 0.4158112 0.3774848 0.4307101 0.4610684 0.2070369 0.1764966 0.0571441 0.0637600 0.0521342 0.0000000 0.0580724 0.1810512 0.1335950 0.2696220 0.3271076 0.3864923 0.4040689 0.3852024 0.3865526 0.5262335 0.3401505 0.4540254 0.4446981 0.4573857 0.4828276 0.4386429 0.4649586 0.4518923 0.4442634 0.4426999 0.4451911 0.4494836 0.4516230 0.4468180 0.4693727 0.4851371 0.4581227 0.4936004 0.4325003 0.6286815 0.5025453 0.4668267 0.5679511 0.5667595 0.6659103 0.7270048 0.6368524 0.7242856 0.7297439 0.7747001 1.0350685 0.9801758 0.7758467 1.0358423 1.1183912 1.0326394 0.9476733 1.0983114 1.2818198 1.1730301 1.3114389 1.3518630 1.3319071 1.3706330 1.4721431 1.9627653 
Gasp_gasp1.m3.11180.m1                                   0.3794905 0.3667661 0.3724020 0.4306080 0.4420825 0.3130593 0.4194485 0.3845496 0.4387705 0.4716776 0.2173371 0.1979693 0.0819715 0.0665907 0.0577174 0.0580724 0.0000000 0.1162456 0.1789605 0.2704562 0.3283985 0.4243350 0.4656451 0.4080599 0.4014895 0.5585494 0.3530802 0.4594120 0.4373541 0.4615192 0.4464033 0.4322347 0.4664686 0.4565012 0.4480234 0.4470969 0.4495703 0.4499969 0.4521225 0.4451464 0.4705783 0.5018274 0.4595339 0.4988472 0.4239919 0.6294202 0.5314622 0.5011390 0.6090014 0.5784089 0.6684523 0.7418716 0.7035857 0.7348566 0.7473240 0.8070707 1.1059857 1.0483367 0.7839285 1.0350596 1.1083155 1.0206621 0.9614478 1.0900909 1.2697896 1.2272017 1.2909760 1.3244711 1.3342324 1.3692102 1.4293382 1.9249577 
Amil_Amillepora24825-RA                                  0.4208824 0.4081311 0.4195349 0.4176096 0.4818981 0.2384823 0.3724821 0.3815141 0.4431711 0.4403366 0.2577189 0.2396132 0.0132940 0.1251968 0.1170482 0.1810512 0.1162456 0.0000000 0.1276051 0.3353006 0.3775011 0.4086284 0.0000010 0.4730004 0.4673646 2.8768315 0.3812708 0.6391225 0.6242933 0.4759210 0.4654589 0.4987398 0.5263178 0.5579784 0.5570723 0.5656498 0.5640221 0.5646561 0.5662139 0.5687097 0.4367525 1.4451715 0.4301334 0.4652725 0.2919172 0.7192278 0.4858610 3.3296763 0.0000010 0.0000010 1.0425325 0.7925911 0.3295019 0.8436625 0.0000010 0.9662339 0.0000010 0.0000010 0.7859787 1.2896533 1.2915475 1.2351271 1.1483854 1.2072148 1.5674044 0.3295019 1.6675098 1.7062373 1.5248134 1.4450969 1.4955322 0.0000010 
Gfas_gfas1.m1.707.m1                                     0.5061643 0.5047934 0.5079227 0.5638109 0.5639609 0.2904998 0.5434585 0.5195166 0.5819459 0.6188384 0.3311119 0.3113582 0.1817536 0.1871086 0.1623725 0.1335950 0.1789605 0.1276051 0.0000000 0.3979980 0.4034672 0.5450481 1.7771244 0.4479269 0.5428546 0.7449189 0.4831146 0.6272901 0.4564416 0.4689753 0.4891257 0.5926061 0.5218347 0.5487605 0.5543250 0.5429553 0.5454780 0.5460735 0.5471434 0.5433488 0.6046393 0.7291203 0.5998099 0.5301493 0.4150794 0.7230965 0.4863367 0.6831687 1.2906865 0.5813062 0.7803147 0.9343069 0.6652287 0.9343419 0.7819074 0.7905950 1.1239730 1.0567903 0.7960957 1.1374136 1.1751638 1.1849560 1.0623294 1.1310469 1.4774578 1.3443165 1.4969125 1.4142367 1.3468957 1.4142777 1.5114002 2.2665556 
Dgig_XM_028545884.1                                      0.3850699 0.3593319 0.3554516 0.4248554 0.4269065 0.3209979 0.4027394 0.3942084 0.4383899 0.4536537 0.3034545 0.2958495 0.2450953 0.2677977 0.2599829 0.2696220 0.2704562 0.3353006 0.3979980 0.0000000 0.1016115 0.4065848 0.5007662 0.4037407 0.3908809 0.5504462 0.3634863 0.4690783 0.4594451 0.4916950 0.4877615 0.4628386 0.4932066 0.4587531 0.4532872 0.4406958 0.4430058 0.4371967 0.4405492 0.4418445 0.4700164 0.4814003 0.4740814 0.5040242 0.4110947 0.6200185 0.4921747 0.4907748 0.5964774 0.5863760 0.6931187 0.7288189 0.6684665 0.7310529 0.7521180 0.7906032 1.1307191 1.1374477 0.7649622 1.0345967 1.0964884 1.0101997 0.9555154 1.0865618 1.2186439 1.2396996 1.3181788 1.3421655 1.2958220 1.3558561 1.3943497 1.9300324 
Xesp_015480-T1                                           0.4409479 0.4078952 0.4150792 0.4762657 0.4683388 0.3458149 0.4589798 0.4582486 0.5196718 0.5050896 0.3504175 0.3289053 0.3096134 0.3282175 0.3209997 0.3271076 0.3283985 0.3775011 0.4034672 0.1016115 0.0000000 0.4719133 0.7005672 0.4214699 0.4408661 0.6105759 0.4120950 0.5426576 0.4994324 0.5319164 0.5226626 0.5513132 0.5155846 0.5119458 0.5029118 0.4923946 0.4948593 0.4922555 0.4929480 0.4910862 0.5339831 0.5719392 0.5304314 0.5349885 0.4520318 0.6841973 0.5210950 0.5601149 0.7355611 0.6022592 0.7584998 0.8004973 0.6990698 0.8075447 0.8070584 0.7926211 1.2703122 1.2608215 0.7932728 1.1058349 1.1782919 1.1143374 1.0101266 1.1429012 1.3439733 1.2517525 1.4425540 1.4062072 1.3679615 1.4057054 1.4750903 2.0009217 
Chem_TCONS_00010312                                      0.4697856 0.4414591 0.4461379 0.5158232 0.5039064 0.4376562 0.4914299 0.4682634 0.4943067 0.5353767 0.4365740 0.4558999 0.3755981 0.4067883 0.3954013 0.3864923 0.4243350 0.4086284 0.5450481 0.4065848 0.4719133 0.0000000 0.3912130 0.3472398 0.3314397 0.4407906 0.3041962 0.6066712 0.5808336 0.5645956 0.5480812 0.5413634 0.6064370 0.5383791 0.5236282 0.5222727 0.5268033 0.5230279 0.5270775 0.5198932 0.5538751 0.5579093 0.5483349 0.5959296 0.5076236 0.6728035 0.5839078 0.2922878 0.6409159 0.8528594 0.7945707 0.8133903 0.7424436 0.8203952 0.8620616 0.8367884 1.3073497 1.3348266 0.9239421 1.0953319 1.1305797 1.0699101 1.0131600 1.0757277 1.2428861 1.2459893 1.2979345 1.3306744 1.3231315 1.3835745 1.4406857 1.9477353 
Aaur_scaffold368.g13.t1                                  0.6036142 0.5794920 0.5391958 0.7048428 0.6051278 4.0299525 0.5370818 0.4809995 0.5658914 0.7607507 0.5361712 0.6295084 0.5180620 0.5065331 0.4728279 0.4040689 0.4656451 0.0000010 1.7771244 0.5007662 0.7005672 0.3912130 0.0000000 0.1534437 0.1406911 0.1568444 0.3140645 0.8195285 0.9544093 0.0000010 0.0000010 0.8749429 1.4427390 0.8378550 0.6584536 0.6413651 0.6413651 0.6560972 0.6586772 0.6444068 0.6077106 0.6097799 0.6564674 0.8856612 0.0000010 0.8729422 0.0000010 0.4145559 0.7877698 0.0000010 1.0465543 0.7940929 0.0000010 0.9336034 0.0000010 1.7611712 0.0000010 0.0000010 0.0000010 1.5839434 2.0982533 1.2449871 1.6045400 2.1927366 1.2013747 1.8316010 1.2046845 1.5735163 2.4752697 1.8755635 2.9432882 2.7997643 
Nemnom_g18015.t1                                         0.4320624 0.4004677 0.4213480 0.4796014 0.4858099 0.3569341 0.4414431 0.4462062 0.4650051 0.4878432 0.4179294 0.4085473 0.3867184 0.3912573 0.3837917 0.3852024 0.4080599 0.4730004 0.4479269 0.4037407 0.4214699 0.3472398 0.1534437 0.0000000 0.0442477 0.2986322 0.2711323 0.5286534 0.5004722 0.4939325 0.4967370 0.5068870 0.5374241 0.4782591 0.4746244 0.4772849 0.4780857 0.4830060 0.4856347 0.4819223 0.5388922 0.5650342 0.5471379 0.5574776 0.4423839 0.6079820 0.4685072 0.3967355 0.6885568 0.6639930 0.7430653 0.8469814 0.6919243 0.8600252 0.8116439 0.8370024 1.1931207 1.1382227 0.8525926 1.0866219 1.0757012 1.0669025 0.9839821 1.0890635 1.3486373 1.2569085 1.4247157 1.3838998 1.3144698 1.3786753 1.3893045 1.9771730 
Rhoesc_Res_007702-T1                                     0.4202559 0.4047437 0.4067067 0.4637645 0.4742642 0.3519743 0.4382805 0.4289557 0.4438051 0.4771768 0.4023324 0.4016557 0.3714717 0.3862592 0.3809924 0.3865526 0.4014895 0.4673646 0.5428546 0.3908809 0.4408661 0.3314397 0.1406911 0.0442477 0.0000000 0.2821806 0.2590574 0.5298574 0.5013831 0.5125776 0.5040852 0.5076124 0.5502213 0.4948346 0.4765661 0.4757389 0.4764704 0.4778042 0.4810582 0.4799572 0.5263366 0.5309649 0.5287420 0.5492788 0.4430029 0.6294564 0.4858235 0.3843848 0.6778170 0.6435137 0.7623331 0.7990554 0.7224103 0.8159392 0.8415217 0.8663291 1.3404120 1.2754721 0.8858752 1.0652277 1.1020758 1.0246592 0.9644132 1.0896821 1.2746982 1.2392358 1.3056348 1.3381429 1.3113767 1.3596676 1.4082698 2.0678276 
Sanmal_Sma_015607-T1                                     0.6381020 0.5835011 0.5926739 0.7012990 0.6828314 0.4652695 0.6332364 0.6237875 0.6647744 0.6643543 0.5802906 0.5736176 0.3682345 0.5525929 0.5399105 0.5262335 0.5585494 2.8768315 0.7449189 0.5504462 0.6105759 0.4407906 0.1568444 0.2986322 0.2821806 0.0000000 0.4239973 0.6920506 0.7029344 0.8805034 1.2422202 0.7229058 0.7886234 0.7384059 0.7083020 0.7086737 0.7121390 0.7118342 0.7155169 0.7098495 0.7335281 0.5408166 0.7382074 0.7839504 0.5193726 0.8492903 0.9120966 0.3834319 0.6492581 0.6341912 0.9484218 1.0400215 0.7376895 1.0433976 0.8907645 1.1235972 1.4675783 1.3755983 1.4122963 1.3087154 1.3847082 1.3096034 1.2041384 1.3139486 1.5285712 1.2308351 1.4815883 1.5622721 1.5500145 1.6609285 1.7154024 2.0029097 
Morvir_scaffold354.g4.t2                                 0.3968157 0.3795135 0.3940022 0.4541964 0.4397980 0.3553360 0.4236332 0.4016556 0.4244593 0.4679523 0.3826193 0.3692606 0.3306820 0.3540225 0.3383484 0.3401505 0.3530802 0.3812708 0.4831146 0.3634863 0.4120950 0.3041962 0.3140645 0.2711323 0.2590574 0.4239973 0.0000000 0.5120102 0.4839027 0.4662957 0.4756627 0.4710117 0.5283418 0.4687061 0.4516106 0.4505934 0.4516626 0.4528445 0.4571161 0.4536312 0.4987560 0.4987461 0.4866072 0.5114562 0.4278835 0.6328144 0.4944858 0.3583451 0.6425885 0.6497419 0.6993309 0.7672810 0.7186706 0.7815294 0.8163646 0.8425016 1.2070996 1.1478099 0.8202460 1.0419557 1.1165071 1.0241821 0.9507288 1.0899429 1.2707712 1.1960529 1.2898081 1.3362107 1.3006155 1.3428036 1.4121907 1.8308838 
Aque_Aqu2.1.43583_001                                    0.5215047 0.4863301 0.4827380 0.5528353 0.5659707 0.3569513 0.5186724 0.4996898 0.5649405 0.5386748 0.4746064 0.4891165 0.4008996 0.4580290 0.4518751 0.4540254 0.4594120 0.6391225 0.6272901 0.4690783 0.5426576 0.6066712 0.8195285 0.5286534 0.5298574 0.6920506 0.5120102 0.0000000 0.1065333 0.3322009 0.3278912 0.2878930 0.4022546 0.5718981 0.5586666 0.5547509 0.5553439 0.5597368 0.5607309 0.5571894 0.5362900 0.5439577 0.5405415 0.5587754 0.4943697 0.6875006 0.5364441 0.6580085 0.7670676 0.6476081 0.5120489 0.7999010 0.7451344 0.7858616 0.8675353 0.8555829 1.2505359 1.2293783 0.8330305 1.0528586 1.0918538 1.0555024 0.9339225 1.0165797 1.2705877 1.1943858 1.2614510 1.2665489 1.2714806 1.3279678 1.4075708 1.8978351 
Halamb_c54090_g1_i1m.37335                               0.4760995 0.4489724 0.4422318 0.5190988 0.5348906 0.3495159 0.4994329 0.4559700 0.5419425 0.5223774 0.4443283 0.4425916 0.3729779 0.4334515 0.4302195 0.4446981 0.4373541 0.6242933 0.4564416 0.4594451 0.4994324 0.5808336 0.9544093 0.5004722 0.5013831 0.7029344 0.4839027 0.1065333 0.0000000 0.2987658 0.2722026 0.2812999 0.3734546 0.5245179 0.5265165 0.5241489 0.5254328 0.5277547 0.5273717 0.5252016 0.5378773 0.5594462 0.5333097 0.5622877 0.4859665 0.6893036 0.5339913 0.6316189 0.7846220 0.6886555 0.4601292 0.7557970 0.7184116 0.7551424 0.8452035 0.7788235 1.1635698 1.1250405 0.7807614 1.0871476 1.0683276 1.0630442 0.9351300 1.0163222 1.2980051 1.2051637 1.3362204 1.3181413 1.2733696 1.3697828 1.3929973 1.8839366 
Emue_Em0021g915a.t1                                      0.4531793 0.4846174 0.4441610 0.4984535 0.5287578 0.3933599 0.5141221 0.4614941 0.4995561 0.4883124 0.4444187 0.4566625 0.3153918 0.4485227 0.4374255 0.4573857 0.4615192 0.4759210 0.4689753 0.4916950 0.5319164 0.5645956 0.0000010 0.4939325 0.5125776 0.8805034 0.4662957 0.3322009 0.2987658 0.0000000 0.0382488 0.2812799 0.3477983 0.5367720 0.5395777 0.5346270 0.5355692 0.5374311 0.5419313 0.5299381 0.4910385 0.5786138 0.4784335 0.5130079 0.5377204 0.6332610 0.5106390 0.7058759 4.3677375 0.0000010 0.5613055 0.7684355 0.8001382 0.7797286 0.9634737 0.7678025 1.2457124 1.2466170 0.8061093 0.9695004 0.9921380 0.9231433 0.8807096 0.8774023 1.1425058 1.0169149 1.2013782 1.1818174 1.1404114 1.1817951 1.2135719 0.8708024 
Spolac_c103524_g1_i2_m.34688c102119-g2                   0.4542589 0.4983979 0.4419930 0.4818351 0.5300197 0.3069046 0.5242175 0.4692678 0.5224650 0.4807106 0.4492099 0.4462169 0.3284595 0.4591020 0.4511850 0.4828276 0.4464033 0.4654589 0.4891257 0.4877615 0.5226626 0.5480812 0.0000010 0.4967370 0.5040852 1.2422202 0.4756627 0.3278912 0.2722026 0.0382488 0.0000000 0.2939475 0.3612700 0.5843884 0.5865549 0.6004393 0.6034339 0.6105921 0.6155594 0.5942136 0.4692709 1.3952709 0.4400515 0.4932917 0.5871760 0.7140243 0.4804282 0.9458373 0.0000010 0.0000010 0.5438083 0.7693719 0.0000010 0.8092444 0.0000010 0.8138986 0.0000010 0.0000010 0.7979760 1.0312362 1.1113650 1.0028296 0.9925568 0.9200640 1.2935166 0.9669233 1.2870095 1.2965441 1.1975267 1.2991909 1.2917706 0.0000010 
Tetwil_g6753.t2                                          0.4538730 0.4397853 0.4413465 0.4937895 0.5010597 0.3268211 0.4881598 0.4406884 0.5140619 0.4808518 0.4675647 0.4642661 0.3985808 0.4284655 0.4142678 0.4386429 0.4322347 0.4987398 0.5926061 0.4628386 0.5513132 0.5413634 0.8749429 0.5068870 0.5076124 0.7229058 0.4710117 0.2878930 0.2812999 0.2812799 0.2939475 0.0000000 0.3918239 0.5032277 0.4926803 0.4846566 0.4861624 0.4884093 0.4906586 0.4776762 0.4836254 0.4897782 0.4753496 0.5207781 0.4506604 0.6426042 0.4703788 0.6406651 0.7305331 0.7031916 0.3965046 0.7661284 0.6987130 0.7518242 0.8154104 0.7997405 1.1077505 1.0852469 0.8196962 1.0162942 1.0977560 1.0501085 0.9061532 0.9892459 1.2356688 1.2076491 1.2537368 1.2309080 1.2631060 1.3160266 1.3864972 1.9150137 
Plespi_Pspi_scaffold6559_01                              0.4845615 0.4922413 0.4831158 0.5326179 0.5671552 0.3871811 0.5239558 0.5007016 0.5625135 0.5415335 0.4689052 0.4714659 0.4281008 0.4629921 0.4546258 0.4649586 0.4664686 0.5263178 0.5218347 0.4932066 0.5155846 0.6064370 1.4427390 0.5374241 0.5502213 0.7886234 0.5283418 0.4022546 0.3734546 0.3477983 0.3612700 0.3918239 0.0000000 0.5501293 0.5527495 0.5377041 0.5413556 0.5478521 0.5480115 0.5399556 0.5629361 0.5979433 0.5506028 0.5724659 0.4888192 0.7092947 0.5326746 0.6619945 0.8797223 0.8154452 0.6012883 0.8623175 0.7690429 0.8443778 0.8558849 0.8284852 1.1018844 1.0660208 0.8053742 1.0386888 1.1122270 1.1056621 0.9726400 1.0274116 1.2845697 1.2661011 1.3204012 1.2820724 1.3000989 1.2911238 1.3599465 2.0900002 
Tadh_TriadT49721                                         0.4725662 0.4261246 0.4341182 0.5216278 0.5236324 0.3801975 0.4870484 0.4561115 0.5397757 0.5261845 0.4570575 0.4507299 0.4105596 0.4489055 0.4389960 0.4518923 0.4565012 0.5579784 0.5487605 0.4587531 0.5119458 0.5383791 0.8378550 0.4782591 0.4948346 0.7384059 0.4687061 0.5718981 0.5245179 0.5367720 0.5843884 0.5032277 0.5501293 0.0000000 0.0112081 0.0441364 0.0456246 0.0518565 0.0541440 0.0454453 0.5405410 0.5339179 0.5296228 0.5603706 0.4339403 0.6341062 0.5245277 0.5889718 0.8023543 0.7501580 0.7251538 0.8020438 0.7436432 0.8000246 0.8487983 0.8025693 1.2173854 1.1881773 0.8163951 1.0596411 1.0510308 1.0254120 0.9722698 1.0285175 1.3071257 1.2306649 1.3954823 1.3951396 1.3641939 1.3340517 1.3880626 1.9395511 
TrH2_TrispH2_000982-RA                                   0.4642685 0.4166849 0.4271091 0.5082617 0.5115542 0.3825344 0.4779183 0.4436128 0.5268010 0.5101958 0.4521919 0.4432256 0.4049472 0.4438594 0.4330525 0.4442634 0.4480234 0.5570723 0.5543250 0.4532872 0.5029118 0.5236282 0.6584536 0.4746244 0.4765661 0.7083020 0.4516106 0.5586666 0.5265165 0.5395777 0.5865549 0.4926803 0.5527495 0.0112081 0.0000000 0.0344501 0.0358877 0.0419294 0.0441372 0.0364554 0.5198878 0.5150122 0.5101260 0.5454238 0.4368270 0.6318841 0.5260343 0.5719733 0.7478109 0.7501580 0.7054787 0.7835538 0.7467883 0.7798178 0.8536642 0.8059739 1.2302307 1.1997591 0.8194107 1.0453101 1.0469644 1.0079592 0.9519454 1.0217731 1.2754229 1.2126193 1.3606837 1.3607483 1.3842239 1.3370096 1.3950590 1.8718703 
HoiH06_mRNA5494                                          0.4615707 0.4146472 0.4213774 0.5085745 0.5036521 0.3725470 0.4668997 0.4452729 0.5230181 0.5078946 0.4505982 0.4493833 0.3985719 0.4428170 0.4327425 0.4426999 0.4470969 0.5656498 0.5429553 0.4406958 0.4923946 0.5222727 0.6413651 0.4772849 0.4757389 0.7086737 0.4505934 0.5547509 0.5241489 0.5346270 0.6004393 0.4846566 0.5377041 0.0441364 0.0344501 0.0000000 0.0040429 0.0163227 0.0190951 0.0205782 0.5120653 0.5156025 0.5035343 0.5382462 0.4372184 0.6355244 0.5223118 0.5616808 0.7593225 0.6959477 0.6934591 0.7825002 0.7426160 0.7793422 0.8555143 0.7994268 1.2200889 1.1907987 0.8345414 1.0497666 1.0471450 1.0041177 0.9560809 1.0297260 1.2759097 1.2008342 1.3392988 1.3325093 1.3701015 1.3272893 1.3877096 1.8890993 
HoiH23_PlH23_009503-RA                                   0.4619018 0.4164378 0.4227627 0.5065963 0.5047515 0.3746641 0.4650709 0.4477366 0.5241772 0.5069455 0.4529175 0.4504622 0.4020366 0.4451250 0.4350331 0.4451911 0.4495703 0.5640221 0.5454780 0.4430058 0.4948593 0.5268033 0.6413651 0.4780857 0.4764704 0.7121390 0.4516626 0.5553439 0.5254328 0.5355692 0.6034339 0.4861624 0.5413556 0.0456246 0.0358877 0.0040429 0.0000000 0.0184119 0.0211972 0.0233902 0.5125199 0.5166116 0.5047131 0.5364514 0.4418849 0.6373722 0.5303497 0.5640095 0.7642677 0.7003856 0.6966907 0.7813316 0.7434831 0.7781815 0.8540411 0.7990375 1.2180893 1.1888707 0.8314839 1.0490595 1.0461223 1.0063122 0.9609855 1.0275468 1.2747119 1.1985893 1.3472132 1.3373295 1.3756571 1.3289576 1.3877647 1.8920457 
Hhon_g02937.t1                                           0.4661552 0.4181077 0.4250146 0.5065079 0.5103772 0.3801190 0.4699039 0.4499368 0.5288400 0.5112676 0.4561067 0.4520196 0.4066779 0.4463895 0.4382604 0.4494836 0.4499969 0.5646561 0.5460735 0.4371967 0.4922555 0.5230279 0.6560972 0.4830060 0.4778042 0.7118342 0.4528445 0.5597368 0.5277547 0.5374311 0.6105921 0.4884093 0.5478521 0.0518565 0.0419294 0.0163227 0.0184119 0.0000000 0.0026962 0.0213693 0.5203727 0.5252853 0.5095513 0.5411634 0.4337627 0.6369595 0.5289018 0.5593910 0.7815206 0.7177402 0.6913528 0.7911939 0.7417743 0.7864572 0.8587971 0.8065067 1.1885762 1.1627294 0.8387592 1.0610761 1.0524552 0.9993359 0.9577407 1.0464922 1.2842734 1.2151414 1.3457446 1.3441315 1.3851316 1.3263131 1.4056162 1.8950064 
HoiH04_mRNA17070                                         0.4673429 0.4222446 0.4292997 0.5112911 0.5140418 0.3821479 0.4742966 0.4542537 0.5301779 0.5156060 0.4582422 0.4513556 0.4089396 0.4484938 0.4403312 0.4516230 0.4521225 0.5662139 0.5471434 0.4405492 0.4929480 0.5270775 0.6586772 0.4856347 0.4810582 0.7155169 0.4571161 0.5607309 0.5273717 0.5419313 0.6155594 0.4906586 0.5480115 0.0541440 0.0441372 0.0190951 0.0211972 0.0026962 0.0000000 0.0241926 0.5230809 0.5281203 0.5129117 0.5448354 0.4331942 0.6385986 0.5325519 0.5634865 0.7801541 0.7177402 0.6954280 0.7922650 0.7450011 0.7866566 0.8640288 0.8070971 1.2039028 1.1764760 0.8382017 1.0664850 1.0584680 1.0004675 0.9626167 1.0500135 1.2872239 1.2186213 1.3449599 1.3433318 1.3911519 1.3312574 1.4118984 1.8846623 
HoiH11_mRNA4373                                          0.4569710 0.4125288 0.4169936 0.5054697 0.5028368 0.3679579 0.4623573 0.4415168 0.5264671 0.5046200 0.4543415 0.4493543 0.3970677 0.4445126 0.4347394 0.4468180 0.4451464 0.5687097 0.5433488 0.4418445 0.4910862 0.5198932 0.6444068 0.4819223 0.4799572 0.7098495 0.4536312 0.5571894 0.5252016 0.5299381 0.5942136 0.4776762 0.5399556 0.0454453 0.0364554 0.0205782 0.0233902 0.0213693 0.0241926 0.0000000 0.5090615 0.5148854 0.5022940 0.5283737 0.4285992 0.6402120 0.5144653 0.5614137 0.7614216 0.7232488 0.6836904 0.7835373 0.7470168 0.7857052 0.8561632 0.7972259 1.2274885 1.1976759 0.8385859 1.0467619 1.0385791 0.9932849 0.9593187 1.0376545 1.2809464 1.2228199 1.3378598 1.3336742 1.3662604 1.3299444 1.4000034 1.8775838 
Scil_scict013059.1                                       0.4626757 0.4430643 0.4766556 0.5276100 0.5284672 0.4346851 0.4626401 0.4539724 0.4954317 0.4971008 0.4686032 0.4592545 0.3932707 0.4658970 0.4545590 0.4693727 0.4705783 0.4367525 0.6046393 0.4700164 0.5339831 0.5538751 0.6077106 0.5388922 0.5263366 0.7335281 0.4987560 0.5362900 0.5378773 0.4910385 0.4692709 0.4836254 0.5629361 0.5405410 0.5198878 0.5120653 0.5125199 0.5203727 0.5230809 0.5090615 0.0000000 0.0994129 0.1040067 0.1441919 0.4031357 0.6387460 0.4386176 0.6062844 0.3843553 0.7171352 0.8039968 0.7700625 0.7745760 0.7699171 0.9338415 0.8413703 1.2250270 1.1818380 0.8163623 1.0532771 1.0731907 1.0486864 0.9417558 1.0322995 1.1905506 1.1928106 1.2114845 1.2518925 1.2591268 1.3109048 1.3482102 1.7560845 
Leuniv_Lniv_scaffold4686_01                              0.5112096 0.4717073 0.5043125 0.5880996 0.5582163 0.5282449 0.4757562 0.4639972 0.5263044 0.5245562 0.5191339 0.4790951 0.4619440 0.4944271 0.4844807 0.4851371 0.5018274 1.4451715 0.7291203 0.4814003 0.5719392 0.5579093 0.6097799 0.5650342 0.5309649 0.5408166 0.4987461 0.5439577 0.5594462 0.5786138 1.3952709 0.4897782 0.5979433 0.5339179 0.5150122 0.5156025 0.5166116 0.5252853 0.5281203 0.5148854 0.0994129 0.0000000 0.1277338 0.1717319 0.2891594 0.6370232 0.4280195 0.5526845 0.3739968 0.6571880 0.7510878 0.7820652 0.7818732 0.7529816 0.9176709 0.8006120 1.2631093 1.2186306 0.8613558 1.0533674 1.1240641 1.0429607 0.9248846 1.0658915 1.1949874 1.3043183 1.1697082 1.2256774 1.3550179 1.3605869 1.4248863 1.8432050 
Gracom_Gcom_scaffold18987_01                             0.4715985 0.4470702 0.4633302 0.5256631 0.5386257 0.4260435 0.4728617 0.4505264 0.5005952 0.5014056 0.4680577 0.4527054 0.3887224 0.4605623 0.4452978 0.4581227 0.4595339 0.4301334 0.5998099 0.4740814 0.5304314 0.5483349 0.6564674 0.5471379 0.5287420 0.7382074 0.4866072 0.5405415 0.5333097 0.4784335 0.4400515 0.4753496 0.5506028 0.5296228 0.5101260 0.5035343 0.5047131 0.5095513 0.5129117 0.5022940 0.1040067 0.1277338 0.0000000 0.1521954 0.4052514 0.6342075 0.4288147 0.6262040 0.4184152 0.7051764 0.7948745 0.7685414 0.8026020 0.7686930 0.9575133 0.8581678 1.3194880 1.2529731 0.8143153 1.0567446 1.1008370 1.0436294 0.9465438 1.0491775 1.2117499 1.2263072 1.2405439 1.2731435 1.2506368 1.3289551 1.3419396 1.8825201 
Lcom_lcpid18238                                          0.5031381 0.4777741 0.4963174 0.5604767 0.5552246 0.4405176 0.4923915 0.4969876 0.5402134 0.5196511 0.5110286 0.4701705 0.4009942 0.4935724 0.4844427 0.4936004 0.4988472 0.4652725 0.5301493 0.5040242 0.5349885 0.5959296 0.8856612 0.5574776 0.5492788 0.7839504 0.5114562 0.5587754 0.5622877 0.5130079 0.4932917 0.5207781 0.5724659 0.5603706 0.5454238 0.5382462 0.5364514 0.5411634 0.5448354 0.5283737 0.1441919 0.1717319 0.1521954 0.0000000 0.4202204 0.6541777 0.4580191 0.6575082 0.3891880 0.6436900 0.7997505 0.8097579 0.8098220 0.8021199 0.9770928 0.8249675 1.2894855 1.2418005 0.8119739 1.0834207 1.1227932 1.0952587 0.9671222 1.0566206 1.3131285 1.2897400 1.3511288 1.3291222 1.2761407 1.3860683 1.3927660 1.8523435 
Ocar_g10892                                              0.4283892 0.4154499 0.4311618 0.5149209 0.5072579 0.4327168 0.4914729 0.4599026 0.4876150 0.4796761 0.4096710 0.3809681 0.4230840 0.4205796 0.4184329 0.4325003 0.4239919 0.2919172 0.4150794 0.4110947 0.4520318 0.5076236 0.0000010 0.4423839 0.4430029 0.5193726 0.4278835 0.4943697 0.4859665 0.5377204 0.5871760 0.4506604 0.4888192 0.4339403 0.4368270 0.4372184 0.4418849 0.4337627 0.4331942 0.4285992 0.4031357 0.2891594 0.4052514 0.4202204 0.0000000 0.0071804 0.3416926 0.5903859 0.0000010 0.0000010 0.5116812 0.8460798 0.3252619 0.8468927 0.0000010 0.8159542 0.0000010 0.0000010 0.8387141 0.8888677 0.8579746 0.9270666 0.9202612 0.8928047 1.0241866 1.0779880 1.0967827 1.0664020 1.0587611 1.1936721 1.0121481 0.0000010 
Opea_EP00118_Oscarella_pearsei_P007073                   0.6074325 0.6092595 0.6164603 0.6785903 0.6906203 0.5495382 0.6199641 0.6077138 0.6744797 0.6771170 0.6355001 0.6137354 0.5098461 0.6065980 0.6012152 0.6286815 0.6294202 0.7192278 0.7230965 0.6200185 0.6841973 0.6728035 0.8729422 0.6079820 0.6294564 0.8492903 0.6328144 0.6875006 0.6893036 0.6332610 0.7140243 0.6426042 0.7092947 0.6341062 0.6318841 0.6355244 0.6373722 0.6369595 0.6385986 0.6402120 0.6387460 0.6370232 0.6342075 0.6541777 0.0071804 0.0000000 0.4642672 0.7231523 0.8808784 0.8533336 0.9110488 0.9181466 0.7954529 0.9335749 0.8767406 0.9651778 1.1610452 1.1560731 0.9586498 1.2047567 1.2162180 1.2542492 1.1398806 1.2155535 1.4330597 1.3333769 1.3965477 1.4102546 1.5132809 1.4536171 1.4732069 2.1821013 
Plajan_Pjan_C569600_01                                   0.4654464 0.4615316 0.4742040 0.5326905 0.5336167 0.4142076 0.4908310 0.4931689 0.5386101 0.5287022 0.4693614 0.4892659 0.3584527 0.4917843 0.4865940 0.5025453 0.5314622 0.4858610 0.4863367 0.4921747 0.5210950 0.5839078 0.0000010 0.4685072 0.4858235 0.9120966 0.4944858 0.5364441 0.5339913 0.5106390 0.4804282 0.4703788 0.5326746 0.5245277 0.5260343 0.5223118 0.5303497 0.5289018 0.5325519 0.5144653 0.4386176 0.4280195 0.4288147 0.4580191 0.3416926 0.4642672 0.0000000 0.6913415 0.0000010 0.0000010 0.7294478 0.7967033 0.7615248 0.8225634 1.6387152 0.8178991 1.1238945 1.0713084 0.7719880 1.0442549 1.0281199 1.0212582 0.9188156 0.9853326 1.2088643 1.0160970 1.2761540 1.2610582 1.2001975 1.3050758 1.2192476 0.0000010 
Hvul_g5540_1                                             0.5454261 0.5034605 0.5096597 0.6271912 0.5935075 0.4806732 0.5563764 0.5483649 0.5829211 0.6210223 0.5183377 0.5275379 0.4468311 0.4842769 0.4765204 0.4668267 0.5011390 3.3296763 0.6831687 0.4907748 0.5601149 0.2922878 0.4145559 0.3967355 0.3843848 0.3834319 0.3583451 0.6580085 0.6316189 0.7058759 0.9458373 0.6406651 0.6619945 0.5889718 0.5719733 0.5616808 0.5640095 0.5593910 0.5634865 0.5614137 0.6062844 0.5526845 0.6262040 0.6575082 0.5903859 0.7231523 0.6913415 0.0000000 0.6583012 0.7405128 0.8584658 0.8616275 0.7651919 0.8720992 0.8309865 0.9113530 1.3342428 1.3387612 1.0589491 1.1678789 1.1747003 1.1174516 1.0853898 1.1153346 1.3153302 1.2683977 1.3413330 1.3814270 1.4175616 1.4642172 1.5391396 1.8440869 
Clacor_Ccor_scaffold10307_01                             0.6555114 0.6729739 0.6130214 0.7875864 0.7307908 0.5089005 0.6495395 0.6330799 0.6548197 0.7927280 0.6839701 0.7251885 0.6432495 0.6310283 0.6035057 0.5679511 0.6090014 0.0000010 1.2906865 0.5964774 0.7355611 0.6409159 0.7877698 0.6885568 0.6778170 0.6492581 0.6425885 0.7670676 0.7846220 4.3677375 0.0000010 0.7305331 0.8797223 0.8023543 0.7478109 0.7593225 0.7642677 0.7815206 0.7801541 0.7614216 0.3843553 0.3739968 0.4184152 0.3891880 0.0000010 0.8808784 0.0000010 0.6583012 0.0000000 0.7247190 0.9041037 0.9422743 0.8580193 0.9690521 0.5497203 1.1549890 0.0000010 0.0000010 0.5195852 1.2677124 1.4567156 1.2235541 1.2935660 1.4563659 1.1971170 1.6103933 1.3149997 1.4010094 1.4148695 1.6105897 1.5607277 2.4185122 
Eupdun_Edun_sb10693564                                   0.5313726 0.5456064 0.5869199 0.7376223 0.6713620 0.6000577 0.7893598 0.6541120 0.6580834 0.7182591 0.6459224 0.5760949 0.5947762 0.5557687 0.5759545 0.5667595 0.5784089 0.0000010 0.5813062 0.5863760 0.6022592 0.8528594 0.0000010 0.6639930 0.6435137 0.6341912 0.6497419 0.6476081 0.6886555 0.0000010 0.0000010 0.7031916 0.8154452 0.7501580 0.7501580 0.6959477 0.7003856 0.7177402 0.7177402 0.7232488 0.7171352 0.6571880 0.7051764 0.6436900 0.0000010 0.8533336 0.0000010 0.7405128 0.7247190 0.0000000 0.7763718 0.5187668 0.5411827 0.5411827 0.5441392 0.4636838 0.0000010 0.0000010 0.5195852 1.7948883 1.7752174 1.5702272 1.3807863 2.1063011 2.2165224 1.8212211 2.1273993 2.1758471 1.8770755 2.1140738 2.2305889 2.5669201 
Stycar_maker-SC_scaffold136434-augustus-gene-0.34-mRNA-1 0.7158319 0.6770392 0.6645229 0.7251397 0.7560125 0.5482390 0.7666901 0.6936302 0.7882574 0.7796044 0.7079695 0.6980769 0.5053296 0.6694947 0.6678506 0.6659103 0.6684523 1.0425325 0.7803147 0.6931187 0.7584998 0.7945707 1.0465543 0.7430653 0.7623331 0.9484218 0.6993309 0.5120489 0.4601292 0.5613055 0.5438083 0.3965046 0.6012883 0.7251538 0.7054787 0.6934591 0.6966907 0.6913528 0.6954280 0.6836904 0.8039968 0.7510878 0.7948745 0.7997505 0.5116812 0.9110488 0.7294478 0.8584658 0.9041037 0.7763718 0.0000000 1.1017552 1.1279561 1.0828055 1.4005525 1.0753433 1.3480968 1.5899929 1.2901252 1.4325545 1.5046786 1.4751712 1.2814724 1.3761555 1.7192623 1.6966051 1.7720652 1.7487291 1.8088981 1.8733971 1.9862813 2.5320573 
