60
Spur_XM_030981014.1                                     0.0000000 0.2971022 0.3102228 0.3024889 0.3169685 0.3164740 0.3157259 0.3613542 0.2781244 0.2771198 0.2653166 0.3530779 0.3847924 0.3656910 0.3580198 0.3540799 0.3565736 0.3613757 0.3611052 0.3436601 0.3276664 0.3305989 0.3292124 0.3245937 0.3518881 0.3424805 0.4002594 0.3477002 0.3400294 0.3902017 0.4933246 0.3560420 0.4347443 0.4245349 0.4208599 0.4211519 0.4178815 0.4122287 0.4149622 0.4177161 0.3389591 0.4710197 0.5093420 0.4933297 0.5317494 0.4971257 0.6153223 0.6430093 0.6658282 0.6280505 0.6324709 0.5975542 1.1041264 1.0413651 1.0102362 0.9409858 0.9408609 0.9098736 0.9717660 0.4988482 
Exapal_XM_021056792.2                                   0.2971022 0.0000000 0.1104551 0.1481604 0.1491504 0.1490525 0.1490029 0.1905805 0.1747333 0.1827181 0.2360596 0.3172620 0.3546966 0.3410174 0.3177034 0.3132624 0.3210848 0.3527500 0.3524918 0.3387326 0.3195834 0.3232594 0.3219628 0.3057431 0.3412525 0.3460423 0.3501862 0.3332773 0.3318080 0.2945063 0.4471206 0.3491313 0.3899751 0.3860932 0.3825098 0.3794439 0.3788347 0.3774165 0.3763736 0.3817004 0.3704392 0.4557965 0.5059242 0.5318714 0.5514309 0.5236526 0.5658487 0.4377047 0.6793502 0.6787338 0.6317124 0.5951771 1.0668232 1.0649943 1.0148019 0.8745024 0.9098545 0.9977090 0.9577294 0.4621486 
Nvec_v1g185519                                          0.3102228 0.1104551 0.0000000 0.1469792 0.1430901 0.1514323 0.1458530 0.1727128 0.1926981 0.1898914 0.2662359 0.3320435 0.3767594 0.3776451 0.3545875 0.2710648 0.2861520 0.3296114 0.3293446 0.2932139 0.2925004 0.2962078 0.2950257 0.2864633 0.3066696 0.3149435 0.3357457 0.3182334 0.3265690 0.3025655 0.3798294 0.3681085 0.3917316 0.3641749 0.3607364 0.3722072 0.3684107 0.3670156 0.3659485 0.3710466 0.3395670 0.4689590 0.5021504 0.5309195 0.5427266 0.5124535 0.5681213 0.4083380 0.6405278 0.6451304 0.6135219 0.5554400 1.0582030 1.0467661 0.9964567 0.8952247 0.8951361 1.0308363 0.8929530 0.5077240 
Gfas_gfas1.m1.16985.m1                                  0.3024889 0.1481604 0.1469792 0.0000000 0.0158873 0.0215068 0.0214642 0.0431267 0.1557826 0.1558271 0.2418669 0.3399833 0.3986827 0.3978520 0.3496419 0.2795066 0.2972668 0.3483755 0.3481106 0.2994340 0.2694684 0.2743442 0.2743442 0.2631023 0.2888199 0.2889796 0.3615575 0.3552518 0.3522698 0.3394456 0.3718440 0.3768996 0.4280176 0.3495714 0.3454914 0.3409437 0.3400738 0.3388023 0.3373791 0.3580869 0.3479218 0.4565376 0.5251323 0.5305894 0.5573503 0.5374006 0.5353441 0.3189105 0.7101599 0.6773925 0.6387713 0.6241170 1.0646133 1.0770554 1.0353266 0.9087445 0.8714936 0.9793461 0.9664630 0.7204201 
Gasp_gasp1.m3.25146.m1                                  0.3169685 0.1491504 0.1430901 0.0158873 0.0000000 0.0180234 0.0134640 0.0335056 0.1552515 0.1654645 0.2373207 0.3138309 0.3706041 0.3772027 0.3328802 0.2792103 0.2942238 0.3498231 0.3495586 0.3030795 0.2611806 0.2625608 0.2615094 0.2661626 0.2892357 0.2966437 0.3559169 0.3405656 0.3278047 0.3123855 0.3582449 0.3685019 0.3996657 0.3352994 0.3319062 0.3280065 0.3236355 0.3234013 0.3221380 0.3354606 0.3610601 0.4631907 0.4852026 0.4984710 0.5213811 0.4921035 0.5439244 0.2599214 0.6684037 0.6403521 0.6009771 0.5946077 1.1072898 1.0722053 1.0479598 0.9041073 0.8933349 0.9923435 0.9127602 0.5291081 
Spis_XP_022783631_1                                     0.3164740 0.1490525 0.1514323 0.0215068 0.0180234 0.0000000 0.0088934 0.0460237 0.1611939 0.1669870 0.2504669 0.3195110 0.3722390 0.3633698 0.3252432 0.2660497 0.2819132 0.3362288 0.3359631 0.2995297 0.2551845 0.2637160 0.2626641 0.2572657 0.2879890 0.2910250 0.3583184 0.3477160 0.3387368 0.3107595 0.3880462 0.3621424 0.4026934 0.3319198 0.3285360 0.3275110 0.3231412 0.3229112 0.3216454 0.3349638 0.3575467 0.4558870 0.4883816 0.4999617 0.5289148 0.4961052 0.5378863 0.2678426 0.6661914 0.6430403 0.6161441 0.6063524 1.1049290 1.0792663 1.0424918 0.8998315 0.8803076 0.9789632 0.9028162 0.5261407 
Pocdam_XM_027186990.1                                   0.3157259 0.1490029 0.1458530 0.0214642 0.0134640 0.0088934 0.0000000 0.0410478 0.1608653 0.1666457 0.2496776 0.3187672 0.3676617 0.3668459 0.3312216 0.2689384 0.2818202 0.3353796 0.3351144 0.2958421 0.2577083 0.2602530 0.2592171 0.2626395 0.2885100 0.2902998 0.3572466 0.3439099 0.3349534 0.3132876 0.3978168 0.3611982 0.4016974 0.3307910 0.3274099 0.3263736 0.3220091 0.3217889 0.3205180 0.3338183 0.3566767 0.4514156 0.4802782 0.4953006 0.5241231 0.4975914 0.5256121 0.2671638 0.6681103 0.6442486 0.6186343 0.5985163 1.1156554 1.0811162 1.0443700 0.9142783 0.8899267 0.9938771 0.9137782 0.5261407 
Fspp_ffun1.m4.16682.m1                                  0.3613542 0.1905805 0.1727128 0.0431267 0.0335056 0.0460237 0.0410478 0.0000000 0.1902570 0.1986926 0.2989091 0.3513925 0.4135990 0.4065339 0.3709450 0.3197433 0.3322129 0.3408260 0.3405594 0.3437906 0.3030807 0.3065818 0.3053123 0.3083794 0.3338355 0.3398757 0.3518261 0.3678144 0.3681522 0.3436086 0.3679710 0.4107799 0.4435056 0.3730462 0.3694584 0.3657383 0.3610475 0.3604757 0.3593451 0.3736986 0.4015611 0.4905520 0.5385569 0.5613098 0.5702797 0.5494037 0.5379459 0.2541265 0.7092759 0.6818243 0.6658514 0.6363861 1.0821336 1.1430664 1.0972351 0.9815384 0.9231113 1.0462608 0.9700544 0.6963174 
Dgig_XM_028543707.1                                     0.2781244 0.1747333 0.1926981 0.1557826 0.1552515 0.1611939 0.1608653 0.1902570 0.0000000 0.0508676 0.2366579 0.3311255 0.3699196 0.3539878 0.3407739 0.3097877 0.3160154 0.3427651 0.3424983 0.3263805 0.3009463 0.2927213 0.2915463 0.2940838 0.3143685 0.3319926 0.3747295 0.3325677 0.3392849 0.3304868 0.4431380 0.3608912 0.4220299 0.3550482 0.3515735 0.3524404 0.3479086 0.3471455 0.3459747 0.3601423 0.3642238 0.4466825 0.4782229 0.4951322 0.5087900 0.4733533 0.6071784 0.4380213 0.6632589 0.6558635 0.6386748 0.5791388 1.1020626 1.0407999 0.9882115 0.9327032 0.9324948 1.0610304 0.9371598 0.5101509 
Xesp_020549-T1                                          0.2771198 0.1827181 0.1898914 0.1558271 0.1654645 0.1669870 0.1666457 0.1986926 0.0508676 0.0000000 0.2570723 0.3233216 0.3757282 0.3632514 0.3403289 0.3180422 0.3205022 0.3380751 0.3378060 0.3232110 0.2952991 0.2870494 0.2858940 0.2884201 0.3108539 0.3195370 0.3704584 0.3224709 0.3335589 0.3175687 0.4186710 0.3609917 0.4250853 0.3537517 0.3502872 0.3448668 0.3404110 0.3444085 0.3432315 0.3572841 0.3480172 0.4550365 0.4347081 0.4505043 0.4624445 0.4511342 0.5891192 0.4271938 0.6275218 0.6175664 0.6207183 0.5703534 1.0407283 1.0214892 0.9615095 0.9249088 0.9250413 1.0485372 0.9289902 0.5224021 
Stycar_maker-SC_scaffold6917-snap-gene-0.117-mRNA-1     0.2653166 0.2360596 0.2662359 0.2418669 0.2373207 0.2504669 0.2496776 0.2989091 0.2366579 0.2570723 0.0000000 0.1922788 0.2259854 0.2407610 0.1958828 0.3075890 0.3330533 0.2539987 0.2534023 0.3217289 0.2772082 0.2776998 0.2808369 0.2915466 0.3282717 0.3345496 0.3226697 0.2746293 0.2705945 0.3104206 0.3733138 0.3333169 0.3495509 0.3822978 0.3772639 0.3680791 0.3644521 0.3548290 0.3654193 0.3593832 0.3674225 0.4099753 0.4085092 0.4203632 0.4332892 0.4193611 0.4479704 0.7005643 0.6183353 0.6458507 0.6296027 0.6137277 0.9942444 0.9115897 0.8737550 0.9210597 0.8992323 0.9861739 0.9302729 0.4586186 
Plespi_Pspi_C609624_01                                  0.3530779 0.3172620 0.3320435 0.3399833 0.3138309 0.3195110 0.3187672 0.3513925 0.3311255 0.3233216 0.1922788 0.0000000 0.3167787 0.3200225 0.2761552 0.3655003 0.3785163 0.3995631 0.3993198 0.3837704 0.3604111 0.3660238 0.3645172 0.3520591 0.3884025 0.3929341 0.3985834 0.3580005 0.3637986 0.3664440 0.4684818 0.3508510 0.3998802 0.4076719 0.4040377 0.4009465 0.3981520 0.3907532 0.3933552 0.4029138 0.3904482 0.4482178 0.5171321 0.4956541 0.5382326 0.5217506 0.5781092 0.6018965 0.7204462 0.7158359 0.6366983 0.6744148 1.1263835 1.0790176 1.0241840 0.9451613 0.9631989 1.0836445 0.9763353 0.4759539 
Aque_Aqu2.1.08039_001                                   0.3847924 0.3546966 0.3767594 0.3986827 0.3706041 0.3722390 0.3676617 0.4135990 0.3699196 0.3757282 0.2259854 0.3167787 0.0000000 0.1431916 0.1864875 0.4299037 0.4294400 0.5741796 0.5741363 0.4483714 0.4147719 0.4071652 0.4050935 0.4186938 0.4524940 0.4688331 0.5277918 0.4177720 0.4186731 0.3730378 0.9596707 0.3739833 0.4526577 0.4463871 0.4417857 0.4526800 0.4555207 0.4512249 0.4513080 0.4506409 0.4342746 0.4988344 0.5419951 0.5571041 0.5697092 0.5392009 0.7396423 0.5502541 0.6920818 0.6841092 0.6558121 0.6379356 1.2263240 0.9988252 0.9683957 0.9429541 0.9213822 1.0282992 0.8518481 0.4184403 
Halamb_c43703_g1_i1m.16513                              0.3656910 0.3410174 0.3776451 0.3978520 0.3772027 0.3633698 0.3668459 0.4065339 0.3539878 0.3632514 0.2407610 0.3200225 0.1431916 0.0000000 0.1410982 0.3867139 0.3918549 0.4462940 0.4460825 0.4133647 0.3891719 0.3917868 0.3901420 0.3725842 0.4137904 0.4182603 0.4688211 0.4075605 0.4088506 0.3819044 0.5660733 0.3667001 0.4208076 0.4645155 0.4606263 0.4615561 0.4661068 0.4596322 0.4628145 0.4664867 0.4564853 0.4866653 0.5355192 0.5447071 0.5456269 0.5282959 0.6479140 0.6905106 0.7012851 0.7113435 0.7138654 0.6955794 1.0551744 1.0026165 0.9552273 0.9951064 0.9146999 1.0834390 0.9583166 0.4909411 
Xestes_maker-XT_scaffold12187-augustus-gene-0.14-mRNA-1 0.3580198 0.3177034 0.3545875 0.3496419 0.3328802 0.3252432 0.3312216 0.3709450 0.3407739 0.3403289 0.1958828 0.2761552 0.1864875 0.1410982 0.0000000 0.4069430 0.4154168 0.5415630 0.5297424 0.4516717 0.4033533 0.4011706 0.3993691 0.4120701 0.4563672 0.4432416 0.4634349 0.3936268 0.3961839 0.3461497 0.6695854 0.3559400 0.3998397 0.4601281 0.4560258 0.4637972 0.4659805 0.4464433 0.4558312 0.4652006 0.4047942 0.4702756 0.5204523 0.5298856 0.5462030 0.5201298 0.6070140 0.6716659 0.7637919 0.7580025 0.7024009 0.7623607 1.2124204 1.0692901 1.0291804 1.0168030 0.9957367 1.1422514 0.9851886 0.5109703 
Pbac_sb2647838                                          0.3540799 0.3132624 0.2710648 0.2795066 0.2792103 0.2660497 0.2689384 0.3197433 0.3097877 0.3180422 0.3075890 0.3655003 0.4299037 0.3867139 0.4069430 0.0000000 0.0023975 0.0839472 0.0838182 0.0894855 0.1059464 0.1116287 0.1111898 0.0766180 0.0997012 0.1188795 0.4200066 0.3929020 0.3937356 0.3666902 0.5249121 0.4253999 0.4453348 0.4000380 0.3960414 0.3991516 0.3970282 0.3932637 0.3961630 0.4069262 0.3569156 0.4449750 0.5143424 0.5002594 0.5149437 0.5095059 0.5926966 0.5752459 0.7205384 0.7008395 0.6763783 0.6301819 1.0439158 1.0119872 0.9308910 0.8983949 0.9337625 1.0028585 0.9586575 0.6071968 
Horcal_Hcv1.av93.c9.g118.i1                             0.3565736 0.3210848 0.2861520 0.2972668 0.2942238 0.2819132 0.2818202 0.3322129 0.3160154 0.3205022 0.3330533 0.3785163 0.4294400 0.3918549 0.4154168 0.0023975 0.0000000 0.0930580 0.0929393 0.0916893 0.1045580 0.1097704 0.1093729 0.0820035 0.1057724 0.1208984 0.4054520 0.3847614 0.3888591 0.3749658 0.4787761 0.4274054 0.4484637 0.4106909 0.4069860 0.4099395 0.4079612 0.4043498 0.4070965 0.4201926 0.4130399 0.4579303 0.5177658 0.5088907 0.5244418 0.5247584 0.6079800 0.5791265 0.7096954 0.7045156 0.6825405 0.6118132 1.0545589 1.0005818 0.9284494 0.9233648 0.9454823 0.9819175 0.9509655 0.6071968 
Bolinf_Binf_sb1243001                                   0.3613757 0.3527500 0.3296114 0.3483755 0.3498231 0.3362288 0.3353796 0.3408260 0.3427651 0.3380751 0.2539987 0.3995631 0.5741796 0.4462940 0.5415630 0.0839472 0.0930580 0.0000000 0.0000010 0.0387708 0.0896093 0.0710441 0.0710441 0.0521105 0.0668553 0.0846387 0.3705941 0.3945315 0.3967906 0.3585558 0.3624046 0.4314630 0.5020032 0.3907800 0.3907800 0.4278970 0.4264827 0.4026220 0.4134789 0.4262857 0.4259818 0.5362296 0.5477693 0.5740338 0.5822283 0.5759908 0.6002195 0.6310664 0.7451313 0.7765198 0.7914252 0.6408649 1.0525680 1.2228104 1.0912308 1.1434262 1.0410874 1.0942910 1.0674355 2.1336613 
Mertsp_Mesp_sb528089                                    0.3611052 0.3524918 0.3293446 0.3481106 0.3495586 0.3359631 0.3351144 0.3405594 0.3424983 0.3378060 0.2534023 0.3993198 0.5741363 0.4460825 0.5297424 0.0838182 0.0929393 0.0000010 0.0000000 0.0387899 0.0894934 0.0709501 0.0709501 0.0475283 0.0668960 0.0845287 0.3703356 0.3942846 0.3965455 0.3582980 0.3624046 0.4312106 0.5018615 0.3905296 0.3905296 0.4178382 0.4164358 0.4023805 0.4075820 0.4160980 0.4177664 0.5301436 0.5476906 0.5678497 0.5822144 0.5759648 0.5950488 0.6311642 0.7455591 0.7770619 0.7815097 0.6218923 1.0300560 1.2022345 1.0933084 1.1155748 1.0354561 1.0822381 1.0617743 1.9082273 
Drygla_Dgla_sb301707                                    0.3436601 0.3387326 0.2932139 0.2994340 0.3030795 0.2995297 0.2958421 0.3437906 0.3263805 0.3232110 0.3217289 0.3837704 0.4483714 0.4133647 0.4516717 0.0894855 0.0916893 0.0387708 0.0387899 0.0000000 0.0823175 0.0747776 0.0747776 0.0675774 0.0630673 0.0980984 0.3931909 0.3758488 0.3791264 0.3739834 0.3692235 0.4262714 0.4424763 0.4148901 0.4111053 0.4143655 0.4157377 0.4040367 0.4098503 0.4163438 0.3799035 0.4886346 0.5244923 0.5241154 0.5324784 0.5402343 0.6063897 0.6064187 0.6917257 0.7014813 0.6613615 0.6385372 1.0985399 1.0464089 0.9812525 0.9599965 0.9505654 1.0283516 0.9936405 0.6321286 
Vmul_sbMO453967                                         0.3276664 0.3195834 0.2925004 0.2694684 0.2611806 0.2551845 0.2577083 0.3030807 0.3009463 0.2952991 0.2772082 0.3604111 0.4147719 0.3891719 0.4033533 0.1059464 0.1045580 0.0896093 0.0894934 0.0823175 0.0000000 0.0292838 0.0291827 0.0551608 0.0882378 0.0970902 0.3929494 0.3581173 0.3647826 0.3449821 0.3485499 0.4017426 0.4338739 0.3824315 0.3788528 0.3836276 0.3790312 0.3731358 0.3756198 0.3857115 0.3742920 0.4648588 0.4821477 0.4804637 0.4973639 0.5064780 0.5697870 0.5309033 0.6645753 0.6753388 0.6195171 0.5943672 1.0743446 1.0196293 0.9419134 0.9609369 0.9405988 1.0017194 0.9500172 0.5474101 
Coeast_Cast_sb782283                                    0.3305989 0.3232594 0.2962078 0.2743442 0.2625608 0.2637160 0.2602530 0.3065818 0.2927213 0.2870494 0.2776998 0.3660238 0.4071652 0.3917868 0.4011706 0.1116287 0.1097704 0.0710441 0.0709501 0.0747776 0.0292838 0.0000000 0.0000010 0.0530492 0.0770856 0.0942554 0.3902565 0.3503343 0.3551464 0.3488712 0.3523031 0.4041719 0.4361950 0.3839905 0.3803783 0.3852033 0.3805633 0.3745981 0.3771128 0.3873202 0.3713086 0.4679571 0.4750893 0.4787155 0.4889743 0.4968835 0.5783047 0.5469733 0.6643071 0.6785847 0.6385155 0.6001415 1.0937698 1.0423337 0.9713488 0.9817165 0.9596915 1.0012740 0.9381068 0.5505560 
Coemet_Cmet_scaffold21720_01                            0.3292124 0.3219628 0.2950257 0.2743442 0.2615094 0.2626641 0.2592171 0.3053123 0.2915463 0.2858940 0.2808369 0.3645172 0.4050935 0.3901420 0.3993691 0.1111898 0.1093729 0.0710441 0.0709501 0.0747776 0.0291827 0.0000010 0.0000000 0.0528623 0.0798263 0.0942554 0.3902565 0.3488897 0.3536791 0.3474386 0.3523031 0.4023430 0.4390609 0.3823829 0.3787869 0.3835846 0.3789660 0.3730433 0.3755386 0.3856783 0.3736862 0.4708798 0.4730065 0.4766327 0.4868239 0.4946814 0.5783047 0.5443423 0.6612625 0.6754542 0.6356596 0.5974458 1.0937698 1.0464270 0.9753171 0.9900389 0.9653064 1.0102237 0.9439948 0.5670625 
Lampan_Lpan_13439_01                                    0.3245937 0.3057431 0.2864633 0.2631023 0.2661626 0.2572657 0.2626395 0.3083794 0.2940838 0.2884201 0.2915466 0.3520591 0.4186938 0.3725842 0.4120701 0.0766180 0.0820035 0.0521105 0.0475283 0.0675774 0.0551608 0.0530492 0.0528623 0.0000000 0.0666285 0.0645330 0.3775192 0.3511599 0.3577732 0.3390368 0.3139256 0.3854232 0.4419994 0.3742029 0.3706359 0.3846019 0.3841108 0.3649936 0.3828098 0.3908764 0.3780718 0.4824296 0.4787285 0.4885311 0.4882518 0.4972761 0.5666879 0.5457156 0.6634226 0.6712242 0.6354738 0.6056266 1.0426557 1.0396567 0.9719819 0.9951406 0.9686805 1.0210169 0.9625750 0.6351155 
Beraby_Baby_sb337726                                    0.3518881 0.3412525 0.3066696 0.2888199 0.2892357 0.2879890 0.2885100 0.3338355 0.3143685 0.3108539 0.3282717 0.3884025 0.4524940 0.4137904 0.4563672 0.0997012 0.1057724 0.0668553 0.0668960 0.0630673 0.0882378 0.0770856 0.0798263 0.0666285 0.0000000 0.0943572 0.3934357 0.3712146 0.3692828 0.3693053 0.3371705 0.4221097 0.4681561 0.4077214 0.4039788 0.4094039 0.4107581 0.3913687 0.4005569 0.4179330 0.4171368 0.4870207 0.5144373 0.5281653 0.5185598 0.5235990 0.6090858 0.5912429 0.6988103 0.6990048 0.6590547 0.6492729 1.1060160 1.0348182 0.9667148 1.0027952 0.9662950 1.0508971 0.9801585 0.6129180 
Eupdun_Edun_sb10645048                                  0.3424805 0.3460423 0.3149435 0.2889796 0.2966437 0.2910250 0.2902998 0.3398757 0.3319926 0.3195370 0.3345496 0.3929341 0.4688331 0.4182603 0.4432416 0.1188795 0.1208984 0.0846387 0.0845287 0.0980984 0.0970902 0.0942554 0.0942554 0.0645330 0.0943572 0.0000000 0.4037150 0.3878352 0.3966032 0.3839731 0.3437306 0.4112405 0.4532975 0.4015111 0.3975756 0.4000074 0.3992352 0.3916148 0.3944471 0.4071103 0.3870903 0.5309321 0.5111304 0.5070717 0.5247867 0.5331930 0.5662447 0.6045968 0.7248184 0.7157471 0.6813093 0.6484450 1.0545349 1.0781760 1.0307514 1.0159447 0.9703264 1.0105825 1.0422620 0.6416766 
Aaur_scaffold2997.g2.t1                                 0.4002594 0.3501862 0.3357457 0.3615575 0.3559169 0.3583184 0.3572466 0.3518261 0.3747295 0.3704584 0.3226697 0.3985834 0.5277918 0.4688211 0.4634349 0.4200066 0.4054520 0.3705941 0.3703356 0.3931909 0.3929494 0.3902565 0.3902565 0.3775192 0.3934357 0.4037150 0.0000000 0.0716276 0.0715628 0.1784949 0.2481139 0.3183955 0.3621896 0.4373529 0.4373529 0.4519613 0.4532351 0.4325918 0.4365782 0.4455784 0.4519730 0.5892449 0.5750416 0.5858912 0.6029320 0.5913735 0.5869128 0.5163039 0.7201363 0.6825557 0.6296021 0.6587655 1.1775554 1.1220115 1.0251467 0.9293907 0.9074142 1.0482335 0.9537805 1.7365021 
Nemnom_g19082.t1                                        0.3477002 0.3332773 0.3182334 0.3552518 0.3405656 0.3477160 0.3439099 0.3678144 0.3325677 0.3224709 0.2746293 0.3580005 0.4177720 0.4075605 0.3936268 0.3929020 0.3847614 0.3945315 0.3942846 0.3758488 0.3581173 0.3503343 0.3488897 0.3511599 0.3712146 0.3878352 0.0716276 0.0000000 0.0225599 0.1587316 0.2578782 0.2343990 0.2885028 0.3838446 0.3825907 0.3842246 0.3891267 0.3757405 0.3782417 0.3781995 0.4304624 0.5125362 0.5099327 0.4926715 0.5033292 0.5189656 0.6322993 0.6108846 0.6421991 0.6296108 0.5997021 0.5944278 1.2087296 1.0232322 0.9639179 0.9197505 0.9101626 1.0168371 0.9159784 0.5002692 
Rhoesc_Res_012994-T1                                    0.3400294 0.3318080 0.3265690 0.3522698 0.3278047 0.3387368 0.3349534 0.3681522 0.3392849 0.3335589 0.2705945 0.3637986 0.4186731 0.4088506 0.3961839 0.3937356 0.3888591 0.3967906 0.3965455 0.3791264 0.3647826 0.3551464 0.3536791 0.3577732 0.3692828 0.3966032 0.0715628 0.0225599 0.0000000 0.1567667 0.2876144 0.2317572 0.2925238 0.3830425 0.3817863 0.3816675 0.3865695 0.3731976 0.3756869 0.3756174 0.4288732 0.5105076 0.5198831 0.4976223 0.5176121 0.5146652 0.6355191 0.6046954 0.6446793 0.6323339 0.6002398 0.6105036 1.2083118 1.0129095 0.9767090 0.9305287 0.9177085 1.0104633 0.9242640 0.4894655 
Sanmal_Sma_009860-T1                                    0.3902017 0.2945063 0.3025655 0.3394456 0.3123855 0.3107595 0.3132876 0.3436086 0.3304868 0.3175687 0.3104206 0.3664440 0.3730378 0.3819044 0.3461497 0.3666902 0.3749658 0.3585558 0.3582980 0.3739834 0.3449821 0.3488712 0.3474386 0.3390368 0.3693053 0.3839731 0.1784949 0.1587316 0.1567667 0.0000000 0.2734140 0.2663545 0.3107451 0.3826762 0.3814229 0.3770333 0.3819375 0.3705249 0.3700683 0.3797925 0.4436881 0.5140229 0.4794330 0.4918049 0.5096196 0.4976984 0.5859885 0.5910672 0.6802364 0.6632646 0.6196335 0.6355858 1.1538108 1.0049866 0.9611669 0.9279790 0.8976518 0.9734588 1.0033548 0.4997038 
Morvir_scaffold736.g3.t1                                0.4933246 0.4471206 0.3798294 0.3718440 0.3582449 0.3880462 0.3978168 0.3679710 0.4431380 0.4186710 0.3733138 0.4684818 0.9596707 0.5660733 0.6695854 0.5249121 0.4787761 0.3624046 0.3624046 0.3692235 0.3485499 0.3523031 0.3523031 0.3139256 0.3371705 0.3437306 0.2481139 0.2578782 0.2876144 0.2734140 0.0000000 0.3902802 0.4957408 0.5355888 0.5355888 0.5733102 0.5705975 0.5450128 0.5450128 0.5451977 0.6345528 0.8456809 0.6945305 0.6818014 0.6944371 0.7244037 0.7139326 0.9627633 0.9253569 0.9190625 0.9582512 0.9857356 1.3002488 1.6879692 1.7512166 1.5212598 1.4708045 1.5390618 1.3208196 3.3972187 
Hvul_g17196_1                                           0.3560420 0.3491313 0.3681085 0.3768996 0.3685019 0.3621424 0.3611982 0.4107799 0.3608912 0.3609917 0.3333169 0.3508510 0.3739833 0.3667001 0.3559400 0.4253999 0.4274054 0.4314630 0.4312106 0.4262714 0.4017426 0.4041719 0.4023430 0.3854232 0.4221097 0.4112405 0.3183955 0.2343990 0.2317572 0.2663545 0.3902802 0.0000000 0.1969158 0.4022811 0.4008212 0.3992832 0.4001389 0.3885405 0.3913928 0.4150653 0.4225756 0.4655182 0.4849110 0.4625963 0.5246926 0.4972357 0.5732550 0.6906172 0.7211203 0.7318467 0.6738044 0.6612763 1.1834861 0.9410672 0.9055088 0.9588463 0.9614879 0.9664093 0.9622160 0.5182995 
Chem_TCONS_00054809                                     0.4347443 0.3899751 0.3917316 0.4280176 0.3996657 0.4026934 0.4016974 0.4435056 0.4220299 0.4250853 0.3495509 0.3998802 0.4526577 0.4208076 0.3998397 0.4453348 0.4484637 0.5020032 0.5018615 0.4424763 0.4338739 0.4361950 0.4390609 0.4419994 0.4681561 0.4532975 0.3621896 0.2885028 0.2925238 0.3107451 0.4957408 0.1969158 0.0000000 0.4686829 0.4670792 0.4561256 0.4591769 0.4365542 0.4432164 0.4629055 0.5300344 0.5527536 0.5480656 0.5443117 0.5836380 0.5620182 0.6196927 0.6990676 0.7683422 0.7459644 0.7007354 0.6762989 1.0757593 1.0091078 0.9622285 0.9463518 0.9820313 1.0350383 0.9722247 0.5260991 
Tadh_TriadT52324                                        0.4245349 0.3860932 0.3641749 0.3495714 0.3352994 0.3319198 0.3307910 0.3730462 0.3550482 0.3537517 0.3822978 0.4076719 0.4463871 0.4645155 0.4601281 0.4000380 0.4106909 0.3907800 0.3905296 0.4148901 0.3824315 0.3839905 0.3823829 0.3742029 0.4077214 0.4015111 0.4373529 0.3838446 0.3830425 0.3826762 0.5355888 0.4022811 0.4686829 0.0000000 0.0021928 0.0558437 0.0505247 0.0547772 0.0550893 0.0503025 0.4522771 0.5025385 0.5693251 0.5634798 0.5856050 0.5650632 0.6084816 0.6015660 0.6411236 0.6261350 0.6097268 0.5959187 1.1826705 1.0756041 1.0333045 1.0096838 0.9691980 1.0720832 0.9446893 0.6608285 
TrH2_TrispH2_007013-RA                                  0.4208599 0.3825098 0.3607364 0.3454914 0.3319062 0.3285360 0.3274099 0.3694584 0.3515735 0.3502872 0.3772639 0.4040377 0.4417857 0.4606263 0.4560258 0.3960414 0.4069860 0.3907800 0.3905296 0.4111053 0.3788528 0.3803783 0.3787869 0.3706359 0.4039788 0.3975756 0.4373529 0.3825907 0.3817863 0.3814229 0.5355888 0.4008212 0.4670792 0.0021928 0.0000000 0.0534271 0.0481438 0.0524043 0.0527024 0.0479332 0.4484037 0.4985424 0.5672852 0.5614689 0.5835065 0.5643033 0.6084816 0.5978292 0.6365863 0.6215973 0.6053312 0.5938398 1.1826705 1.0715269 1.0294590 1.0056221 0.9654047 1.0675397 0.9390219 0.6501724 
HoiH06_mRNA2116                                         0.4211519 0.3794439 0.3722072 0.3409437 0.3280065 0.3275110 0.3263736 0.3657383 0.3524404 0.3448668 0.3680791 0.4009465 0.4526800 0.4615561 0.4637972 0.3991516 0.4099395 0.4278970 0.4178382 0.4143655 0.3836276 0.3852033 0.3835846 0.3846019 0.4094039 0.4000074 0.4519613 0.3842246 0.3816675 0.3770333 0.5733102 0.3992832 0.4561256 0.0558437 0.0534271 0.0000000 0.0065898 0.0202779 0.0246779 0.0433856 0.4801525 0.5238362 0.5999887 0.5784747 0.6057645 0.5851560 0.6568379 0.5985914 0.6561751 0.6149939 0.6141069 0.6093272 1.1609194 1.0558623 0.9907481 1.0078915 0.9654682 1.0419178 0.9559234 0.6572359 
HoiH23_PlH23_000833-RA                                  0.4178815 0.3788347 0.3684107 0.3400738 0.3236355 0.3231412 0.3220091 0.3610475 0.3479086 0.3404110 0.3644521 0.3981520 0.4555207 0.4661068 0.4659805 0.3970282 0.4079612 0.4264827 0.4164358 0.4157377 0.3790312 0.3805633 0.3789660 0.3841108 0.4107581 0.3992352 0.4532351 0.3891267 0.3865695 0.3819375 0.5705975 0.4001389 0.4591769 0.0505247 0.0481438 0.0065898 0.0000000 0.0179399 0.0223296 0.0409102 0.4832588 0.5235602 0.5954763 0.5722156 0.5993343 0.5806636 0.6543849 0.5928400 0.6505893 0.6195096 0.6095776 0.6027257 1.1745933 1.0561115 0.9909177 1.0114602 0.9757097 1.0453376 0.9505829 0.6432360 
Hhon_g04049.t1                                          0.4122287 0.3774165 0.3670156 0.3388023 0.3234013 0.3229112 0.3217889 0.3604757 0.3471455 0.3444085 0.3548290 0.3907532 0.4512249 0.4596322 0.4464433 0.3932637 0.4043498 0.4026220 0.4023805 0.4040367 0.3731358 0.3745981 0.3730433 0.3649936 0.3913687 0.3916148 0.4325918 0.3757405 0.3731976 0.3705249 0.5450128 0.3885405 0.4365542 0.0547772 0.0524043 0.0202779 0.0179399 0.0000000 0.0000010 0.0365475 0.4601295 0.5009371 0.5752939 0.5595403 0.5844328 0.5618887 0.6368270 0.5889388 0.6495050 0.6177268 0.6081362 0.5962722 1.1828501 1.0643093 1.0067293 0.9967612 0.9524121 1.0356370 0.9420224 0.6141820 
HoiH04_mRNA3700                                         0.4149622 0.3763736 0.3659485 0.3373791 0.3221380 0.3216454 0.3205180 0.3593451 0.3459747 0.3432315 0.3654193 0.3933552 0.4513080 0.4628145 0.4558312 0.3961630 0.4070965 0.4134789 0.4075820 0.4098503 0.3756198 0.3771128 0.3755386 0.3828098 0.4005569 0.3944471 0.4365782 0.3782417 0.3756869 0.3700683 0.5450128 0.3913928 0.4432164 0.0550893 0.0527024 0.0246779 0.0223296 0.0000010 0.0000000 0.0409355 0.4761237 0.5127958 0.5794993 0.5640062 0.5886989 0.5660051 0.6451076 0.5889347 0.6469782 0.6152009 0.6093266 0.6126410 1.1828501 1.0755185 1.0210153 1.0122424 0.9608172 1.0578181 0.9528985 0.6377783 
HoiH11_mRNA6365                                         0.4177161 0.3817004 0.3710466 0.3580869 0.3354606 0.3349638 0.3338183 0.3736986 0.3601423 0.3572841 0.3593832 0.4029138 0.4506409 0.4664867 0.4652006 0.4069262 0.4201926 0.4262857 0.4160980 0.4163438 0.3857115 0.3873202 0.3856783 0.3908764 0.4179330 0.4071103 0.4455784 0.3781995 0.3756174 0.3797925 0.5451977 0.4150653 0.4629055 0.0503025 0.0479332 0.0433856 0.0409102 0.0365475 0.0409355 0.0000000 0.4877122 0.5249433 0.5885219 0.5817226 0.5960679 0.5749459 0.6671867 0.6112797 0.6635931 0.6373327 0.6241129 0.6087105 1.2016789 1.0922704 1.0402386 1.0106922 0.9663122 1.0471011 0.9292168 0.6334134 
Acagra_model.g27857.t1                                  0.3389591 0.3704392 0.3395670 0.3479218 0.3610601 0.3575467 0.3566767 0.4015611 0.3642238 0.3480172 0.3674225 0.3904482 0.4342746 0.4564853 0.4047942 0.3569156 0.4130399 0.4259818 0.4177664 0.3799035 0.3742920 0.3713086 0.3736862 0.3780718 0.4171368 0.3870903 0.4519730 0.4304624 0.4288732 0.4436881 0.6345528 0.4225756 0.5300344 0.4522771 0.4484037 0.4801525 0.4832588 0.4601295 0.4761237 0.4877122 0.0000000 0.5406730 0.5677891 0.5951119 0.5950958 0.5932288 0.6987867 0.6886216 0.7274026 0.6815218 0.6657835 0.7030512 1.2826248 1.1628513 1.1082030 1.0033288 0.9920424 1.0870016 1.0241488 0.6494438 
Opea_EP00118_Oscarella_pearsei_P017041                  0.4710197 0.4557965 0.4689590 0.4565376 0.4631907 0.4558870 0.4514156 0.4905520 0.4466825 0.4550365 0.4099753 0.4482178 0.4988344 0.4866653 0.4702756 0.4449750 0.4579303 0.5362296 0.5301436 0.4886346 0.4648588 0.4679571 0.4708798 0.4824296 0.4870207 0.5309321 0.5892449 0.5125362 0.5105076 0.5140229 0.8456809 0.4655182 0.5527536 0.5025385 0.4985424 0.5238362 0.5235602 0.5009371 0.5127958 0.5249433 0.5406730 0.0000000 0.6287223 0.6268209 0.6414722 0.6524803 0.6792872 0.7208438 0.7361768 0.7409951 0.6866365 0.6851262 1.1423355 1.0955554 1.0376542 1.0284100 0.9410434 1.0847456 1.0439411 0.6946423 
Scil_scict006156.1                                      0.5093420 0.5059242 0.5021504 0.5251323 0.4852026 0.4883816 0.4802782 0.5385569 0.4782229 0.4347081 0.4085092 0.5171321 0.5419951 0.5355192 0.5204523 0.5143424 0.5177658 0.5477693 0.5476906 0.5244923 0.4821477 0.4750893 0.4730065 0.4787285 0.5144373 0.5111304 0.5750416 0.5099327 0.5198831 0.4794330 0.6945305 0.4849110 0.5480656 0.5693251 0.5672852 0.5999887 0.5954763 0.5752939 0.5794993 0.5885219 0.5677891 0.6287223 0.0000000 0.0831307 0.0962647 0.1000633 0.2603834 0.8383813 0.8211335 0.7661052 0.7919193 0.7368449 1.0641428 1.1595326 1.1183209 1.0417713 1.0749425 1.1577127 1.0385837 0.6676218 
Lcom_lcpid74426                                         0.4933297 0.5318714 0.5309195 0.5305894 0.4984710 0.4999617 0.4953006 0.5613098 0.4951322 0.4505043 0.4203632 0.4956541 0.5571041 0.5447071 0.5298856 0.5002594 0.5088907 0.5740338 0.5678497 0.5241154 0.4804637 0.4787155 0.4766327 0.4885311 0.5281653 0.5070717 0.5858912 0.4926715 0.4976223 0.4918049 0.6818014 0.4625963 0.5443117 0.5634798 0.5614689 0.5784747 0.5722156 0.5595403 0.5640062 0.5817226 0.5951119 0.6268209 0.0831307 0.0000000 0.0824306 0.0971204 0.2624861 0.8385694 0.8166652 0.7702665 0.8035970 0.7389139 0.9992639 1.1517692 1.0984692 1.0274838 1.0549230 1.1372550 1.0311357 0.6483578 
Gracom_Gcom_scaffold8886_01                             0.5317494 0.5514309 0.5427266 0.5573503 0.5213811 0.5289148 0.5241231 0.5702797 0.5087900 0.4624445 0.4332892 0.5382326 0.5697092 0.5456269 0.5462030 0.5149437 0.5244418 0.5822283 0.5822144 0.5324784 0.4973639 0.4889743 0.4868239 0.4882518 0.5185598 0.5247867 0.6029320 0.5033292 0.5176121 0.5096196 0.6944371 0.5246926 0.5836380 0.5856050 0.5835065 0.6057645 0.5993343 0.5844328 0.5886989 0.5960679 0.5950958 0.6414722 0.0962647 0.0824306 0.0000000 0.0979540 0.3291424 0.8723674 0.7956703 0.7624502 0.8124686 0.7555371 1.0225529 1.1363842 1.1008503 1.0392541 1.0645042 1.1616069 1.0492584 0.6432022 
Leuniv_Lniv_C809556_01                                  0.4971257 0.5236526 0.5124535 0.5374006 0.4921035 0.4961052 0.4975914 0.5494037 0.4733533 0.4511342 0.4193611 0.5217506 0.5392009 0.5282959 0.5201298 0.5095059 0.5247584 0.5759908 0.5759648 0.5402343 0.5064780 0.4968835 0.4946814 0.4972761 0.5235990 0.5331930 0.5913735 0.5189656 0.5146652 0.4976984 0.7244037 0.4972357 0.5620182 0.5650632 0.5643033 0.5851560 0.5806636 0.5618887 0.5660051 0.5749459 0.5932288 0.6524803 0.1000633 0.0971204 0.0979540 0.0000000 0.2925864 0.8328043 0.8247278 0.7827277 0.8260606 0.7334894 1.0564891 1.1451067 1.0897381 1.0416097 1.0787517 1.0990921 1.0459087 0.6564471 
Clacor_Ccor_C526055_01                                  0.6153223 0.5658487 0.5681213 0.5353441 0.5439244 0.5378863 0.5256121 0.5379459 0.6071784 0.5891192 0.4479704 0.5781092 0.7396423 0.6479140 0.6070140 0.5926966 0.6079800 0.6002195 0.5950488 0.6063897 0.5697870 0.5783047 0.5783047 0.5666879 0.6090858 0.5662447 0.5869128 0.6322993 0.6355191 0.5859885 0.7139326 0.5732550 0.6196927 0.6084816 0.6084816 0.6568379 0.6543849 0.6368270 0.6451076 0.6671867 0.6987867 0.6792872 0.2603834 0.2624861 0.3291424 0.2925864 0.0000000 0.8458199 0.9264897 0.8510989 0.8825249 0.7859117 1.0621834 1.3695959 1.3282956 1.2113426 1.1905465 1.1726840 1.1280977 1.9317961 
Adig_XM_015911082.1                                     0.6430093 0.4377047 0.4083380 0.3189105 0.2599214 0.2678426 0.2671638 0.2541265 0.4380213 0.4271938 0.7005643 0.6018965 0.5502541 0.6905106 0.6716659 0.5752459 0.5791265 0.6310664 0.6311642 0.6064187 0.5309033 0.5469733 0.5443423 0.5457156 0.5912429 0.6045968 0.5163039 0.6108846 0.6046954 0.5910672 0.9627633 0.6906172 0.6990676 0.6015660 0.5978292 0.5985914 0.5928400 0.5889388 0.5889347 0.6112797 0.6886216 0.7208438 0.8383813 0.8385694 0.8723674 0.8328043 0.8458199 0.0000000 0.9783316 0.9562280 0.8725143 0.8094141 1.5686655 1.4479767 1.4072478 1.2550107 1.2723671 1.3990673 1.2413960 1.2404619 
Acaspe_EP00035_Acanthoeca_spectabilis_P004306           0.6658282 0.6793502 0.6405278 0.7101599 0.6684037 0.6661914 0.6681103 0.7092759 0.6632589 0.6275218 0.6183353 0.7204462 0.6920818 0.7012851 0.7637919 0.7205384 0.7096954 0.7451313 0.7455591 0.6917257 0.6645753 0.6643071 0.6612625 0.6634226 0.6988103 0.7248184 0.7201363 0.6421991 0.6446793 0.6802364 0.9253569 0.7211203 0.7683422 0.6411236 0.6365863 0.6561751 0.6505893 0.6495050 0.6469782 0.6635931 0.7274026 0.7361768 0.8211335 0.8166652 0.7956703 0.8247278 0.9264897 0.9783316 0.0000000 0.1446316 0.4696339 0.4730578 1.2752983 1.1722410 1.1426354 1.0862865 1.0410225 1.0317386 0.9076503 0.8353234 
Helnan_EP00037_Helgoeca_nana_P019760                    0.6280505 0.6787338 0.6451304 0.6773925 0.6403521 0.6430403 0.6442486 0.6818243 0.6558635 0.6175664 0.6458507 0.7158359 0.6841092 0.7113435 0.7580025 0.7008395 0.7045156 0.7765198 0.7770619 0.7014813 0.6753388 0.6785847 0.6754542 0.6712242 0.6990048 0.7157471 0.6825557 0.6296108 0.6323339 0.6632646 0.9190625 0.7318467 0.7459644 0.6261350 0.6215973 0.6149939 0.6195096 0.6177268 0.6152009 0.6373327 0.6815218 0.7409951 0.7661052 0.7702665 0.7624502 0.7827277 0.8510989 0.9562280 0.1446316 0.0000000 0.4441976 0.5286776 1.3109211 1.1650172 1.0661522 1.0003034 1.0071340 0.9864068 0.9018970 0.8748514 
Stedip_EP00041_Stephanoeca_diplocostata_P023801         0.6324709 0.6317124 0.6135219 0.6387713 0.6009771 0.6161441 0.6186343 0.6658514 0.6386748 0.6207183 0.6296027 0.6366983 0.6558121 0.7138654 0.7024009 0.6763783 0.6825405 0.7914252 0.7815097 0.6613615 0.6195171 0.6385155 0.6356596 0.6354738 0.6590547 0.6813093 0.6296021 0.5997021 0.6002398 0.6196335 0.9582512 0.6738044 0.7007354 0.6097268 0.6053312 0.6141069 0.6095776 0.6081362 0.6093266 0.6241129 0.6657835 0.6866365 0.7919193 0.8035970 0.8124686 0.8260606 0.8825249 0.8725143 0.4696339 0.4441976 0.0000000 0.4835737 1.2864596 1.1284903 1.1215176 1.0287546 1.0084804 1.0490481 0.9657008 0.8546987 
Diagra_EP00040_Diaphanoeca_grandis_P040100              0.5975542 0.5951771 0.5554400 0.6241170 0.5946077 0.6063524 0.5985163 0.6363861 0.5791388 0.5703534 0.6137277 0.6744148 0.6379356 0.6955794 0.7623607 0.6301819 0.6118132 0.6408649 0.6218923 0.6385372 0.5943672 0.6001415 0.5974458 0.6056266 0.6492729 0.6484450 0.6587655 0.5944278 0.6105036 0.6355858 0.9857356 0.6612763 0.6762989 0.5959187 0.5938398 0.6093272 0.6027257 0.5962722 0.6126410 0.6087105 0.7030512 0.6851262 0.7368449 0.7389139 0.7555371 0.7334894 0.7859117 0.8094141 0.4730578 0.5286776 0.4835737 0.0000000 1.1737449 1.0660083 1.0074427 0.9964933 0.9916404 1.0014372 0.8598914 0.8815256 
Mbre_EDQ86962                                           1.1041264 1.0668232 1.0582030 1.0646133 1.1072898 1.1049290 1.1156554 1.0821336 1.1020626 1.0407283 0.9942444 1.1263835 1.2263240 1.0551744 1.2124204 1.0439158 1.0545589 1.0525680 1.0300560 1.0985399 1.0743446 1.0937698 1.0937698 1.0426557 1.1060160 1.0545349 1.1775554 1.2087296 1.2083118 1.1538108 1.3002488 1.1834861 1.0757593 1.1826705 1.1826705 1.1609194 1.1745933 1.1828501 1.1828501 1.2016789 1.2826248 1.1423355 1.0641428 0.9992639 1.0225529 1.0564891 1.0621834 1.5686655 1.2752983 1.3109211 1.2864596 1.1737449 0.0000000 0.6337166 0.6152839 1.2557411 1.0302722 1.1684424 1.4154556 4.1039105 
Choper_EP00045_Choanoeca_perplexa_P016060               1.0413651 1.0649943 1.0467661 1.0770554 1.0722053 1.0792663 1.0811162 1.1430664 1.0407999 1.0214892 0.9115897 1.0790176 0.9988252 1.0026165 1.0692901 1.0119872 1.0005818 1.2228104 1.2022345 1.0464089 1.0196293 1.0423337 1.0464270 1.0396567 1.0348182 1.0781760 1.1220115 1.0232322 1.0129095 1.0049866 1.6879692 0.9410672 1.0091078 1.0756041 1.0715269 1.0558623 1.0561115 1.0643093 1.0755185 1.0922704 1.1628513 1.0955554 1.1595326 1.1517692 1.1363842 1.1451067 1.3695959 1.4479767 1.1722410 1.1650172 1.1284903 1.0660083 0.6337166 0.0000000 0.1683844 0.9534937 0.9086114 0.9906863 1.2118316 1.3938552 
Chofle_EP00730_Choanoeca_flexa_P017538                  1.0102362 1.0148019 0.9964567 1.0353266 1.0479598 1.0424918 1.0443700 1.0972351 0.9882115 0.9615095 0.8737550 1.0241840 0.9683957 0.9552273 1.0291804 0.9308910 0.9284494 1.0912308 1.0933084 0.9812525 0.9419134 0.9713488 0.9753171 0.9719819 0.9667148 1.0307514 1.0251467 0.9639179 0.9767090 0.9611669 1.7512166 0.9055088 0.9622285 1.0333045 1.0294590 0.9907481 0.9909177 1.0067293 1.0210153 1.0402386 1.1082030 1.0376542 1.1183209 1.0984692 1.1008503 1.0897381 1.3282956 1.4072478 1.1426354 1.0661522 1.1215176 1.0074427 0.6152839 0.1683844 0.0000000 0.9479892 0.8853409 0.9955615 1.1386113 1.2721571 
Sros_EGD74849                                           0.9409858 0.8745024 0.8952247 0.9087445 0.9041073 0.8998315 0.9142783 0.9815384 0.9327032 0.9249088 0.9210597 0.9451613 0.9429541 0.9951064 1.0168030 0.8983949 0.9233648 1.1434262 1.1155748 0.9599965 0.9609369 0.9817165 0.9900389 0.9951406 1.0027952 1.0159447 0.9293907 0.9197505 0.9305287 0.9279790 1.5212598 0.9588463 0.9463518 1.0096838 1.0056221 1.0078915 1.0114602 0.9967612 1.0122424 1.0106922 1.0033288 1.0284100 1.0417713 1.0274838 1.0392541 1.0416097 1.2113426 1.2550107 1.0862865 1.0003034 1.0287546 0.9964933 1.2557411 0.9534937 0.9479892 0.0000000 0.3757658 0.8610558 1.1681946 1.1991809 
Microa_EP00043_Microstomoeca_roanoka_P017825            0.9408609 0.9098545 0.8951361 0.8714936 0.8933349 0.8803076 0.8899267 0.9231113 0.9324948 0.9250413 0.8992323 0.9631989 0.9213822 0.9146999 0.9957367 0.9337625 0.9454823 1.0410874 1.0354561 0.9505654 0.9405988 0.9596915 0.9653064 0.9686805 0.9662950 0.9703264 0.9074142 0.9101626 0.9177085 0.8976518 1.4708045 0.9614879 0.9820313 0.9691980 0.9654047 0.9654682 0.9757097 0.9524121 0.9608172 0.9663122 0.9920424 0.9410434 1.0749425 1.0549230 1.0645042 1.0787517 1.1905465 1.2723671 1.0410225 1.0071340 1.0084804 0.9916404 1.0302722 0.9086114 0.8853409 0.3757658 0.0000000 0.8971502 1.1828041 1.2230543 
Salinf_EP00049_Salpingoeca_infusionum_P022941           0.9098736 0.9977090 1.0308363 0.9793461 0.9923435 0.9789632 0.9938771 1.0462608 1.0610304 1.0485372 0.9861739 1.0836445 1.0282992 1.0834390 1.1422514 1.0028585 0.9819175 1.0942910 1.0822381 1.0283516 1.0017194 1.0012740 1.0102237 1.0210169 1.0508971 1.0105825 1.0482335 1.0168371 1.0104633 0.9734588 1.5390618 0.9664093 1.0350383 1.0720832 1.0675397 1.0419178 1.0453376 1.0356370 1.0578181 1.0471011 1.0870016 1.0847456 1.1577127 1.1372550 1.1616069 1.0990921 1.1726840 1.3990673 1.0317386 0.9864068 1.0490481 1.0014372 1.1684424 0.9906863 0.9955615 0.8610558 0.8971502 0.0000000 1.1851836 1.2119830 
Salmac_EP00052_Salpingoeca_macrocollata_P017533         0.9717660 0.9577294 0.8929530 0.9664630 0.9127602 0.9028162 0.9137782 0.9700544 0.9371598 0.9289902 0.9302729 0.9763353 0.8518481 0.9583166 0.9851886 0.9586575 0.9509655 1.0674355 1.0617743 0.9936405 0.9500172 0.9381068 0.9439948 0.9625750 0.9801585 1.0422620 0.9537805 0.9159784 0.9242640 1.0033548 1.3208196 0.9622160 0.9722247 0.9446893 0.9390219 0.9559234 0.9505829 0.9420224 0.9528985 0.9292168 1.0241488 1.0439411 1.0385837 1.0311357 1.0492584 1.0459087 1.1280977 1.2413960 0.9076503 0.9018970 0.9657008 0.8598914 1.4154556 1.2118316 1.1386113 1.1681946 1.1828041 1.1851836 0.0000000 1.2702000 
Emue_Em0839g3a.t1                                       0.4988482 0.4621486 0.5077240 0.7204201 0.5291081 0.5261407 0.5261407 0.6963174 0.5101509 0.5224021 0.4586186 0.4759539 0.4184403 0.4909411 0.5109703 0.6071968 0.6071968 2.1336613 1.9082273 0.6321286 0.5474101 0.5505560 0.5670625 0.6351155 0.6129180 0.6416766 1.7365021 0.5002692 0.4894655 0.4997038 3.3972187 0.5182995 0.5260991 0.6608285 0.6501724 0.6572359 0.6432360 0.6141820 0.6377783 0.6334134 0.6494438 0.6946423 0.6676218 0.6483578 0.6432022 0.6564471 1.9317961 1.2404619 0.8353234 0.8748514 0.8546987 0.8815256 4.1039105 1.3938552 1.2721571 1.1991809 1.2230543 1.2119830 1.2702000 0.0000000 
