69
Hsap_ENST00000254900                              0.0000000 1.7349530 1.9672889 0.8628755 2.2221821 2.6300198 2.6673442 2.3753956 2.1304928 2.1294906 2.1844536 2.2476647 2.1523872 1.9641988 3.3825834 4.2271046 3.3512129 3.3669269 3.5382849 1.4058885 2.7549995 2.8293667 2.8262939 3.0581448 2.1974522 2.9104804 1.7714348 3.0791602 1.4042641 2.4026312 2.1843105 2.8482863 1.9956534 2.1298559 2.6701124 2.6230436 3.6229384 2.0588360 2.9215630 2.4622142 3.7141373 2.9704062 3.1336751 2.7782758 3.0807427 2.7651804 2.7744449 3.0248076 2.8129269 3.1105876 3.1184571 4.3438869 4.4595078 4.9382530 4.7323218 5.0037317 4.9601784 3.3377982 3.7472147 3.4324833 3.6944461 3.9957309 4.9641534 3.5056646 4.3048972 4.6080974 4.5905648 3.1869775 3.0537182 
Bralan_BLAG02001159_10                            1.7349530 0.0000000 1.4340838 0.8223059 1.8168483 2.2681369 2.2821985 2.1243183 1.9098009 1.9212764 1.8420766 1.8358745 1.8150929 1.8842777 2.9735409 3.8265502 3.0075336 2.9732274 3.5072342 1.3601218 2.5344205 2.9751928 2.8081974 2.7772995 1.7370716 2.3622269 1.6842047 3.1827229 1.3769752 2.1470741 2.0232558 2.4615110 1.4469388 1.9440306 2.8391596 2.3371137 3.2319741 1.7781765 2.5863412 2.7635805 3.9521737 3.0004044 2.8546138 2.4992590 2.6486812 2.6005292 2.3084297 3.2653864 3.0005514 3.1300477 2.8811049 4.0984312 3.9427623 4.1702464 3.9890602 3.8791029 4.5459663 2.8304477 3.1857598 3.6917337 3.0908254 3.7266455 3.9803659 3.0660899 3.8784242 3.6690295 3.7355974 3.3281183 2.9947070 
Skow_XM_006820955.1                               1.9672889 1.4340838 0.0000000 0.6195946 1.7656462 2.3191605 2.1976679 2.1454391 1.8122104 1.8340282 1.8942717 1.9024960 2.0521821 2.0684733 3.1460555 4.0443011 3.2611188 3.3812899 3.6198520 1.4247220 2.7725920 3.0203781 3.1586330 2.8180699 2.0827455 2.6387721 1.5354729 3.4363640 1.4674032 2.4966017 2.6710736 2.8621406 2.0239538 2.0512546 2.6438499 2.4682124 3.7671148 1.7520432 3.0347074 2.7130694 3.8173753 3.4548695 3.1453744 2.7831443 3.0444640 2.8416811 2.7725709 3.4761305 2.8012394 3.1033453 3.2370173 4.8429566 3.8409056 4.5811377 4.6583830 4.6083679 5.0793492 3.4412052 3.2243264 3.3613782 3.4752589 3.9318360 4.0410087 3.5874090 4.4818049 3.8845479 4.2743949 3.1764824 3.4298957 
Exapal_XM_021036213.2                             0.8628755 0.8223059 0.6195946 0.0000000 0.2733691 0.3128032 0.4973408 0.4411978 0.3109522 0.3244334 0.4170741 0.4672531 0.4291660 1.0853401 1.6909706 2.6631114 1.7521051 1.6202180 1.9875556 0.9689963 1.3642427 1.3601200 1.7094622 1.8090483 0.8518399 0.9596126 1.0225818 0.8023156 0.9019356 0.8317229 0.8059121 1.4326334 1.2368147 0.9395152 0.8904599 0.8190881 0.8374101 0.9113098 0.9423376 1.4037187 1.4037187 1.2402582 1.6384364 1.1604044 1.1051302 1.1089795 0.8326280 0.7310426 1.3757593 1.3403308 1.8251234 2.1869599 2.6468907 2.3942077 2.5733073 2.4203289 2.7485552 2.0093543 2.0504054 1.8158553 2.2073620 2.1004095 1.8093913 2.0140843 2.5943215 2.1196968 2.6218101 1.9429295 1.0534464 
Nvec_v1g81185                                     2.2221821 1.8168483 1.7656462 0.2733691 0.0000000 0.8098736 0.8228905 0.7663441 0.6778246 0.6517902 0.7733238 0.7735630 1.0502200 2.0153459 2.8851276 3.6216277 3.0635731 3.1681558 3.1904013 1.2592814 2.6065792 2.8886856 2.8115408 2.7896231 2.1105040 2.3267746 1.4913667 3.0044857 1.1893394 2.2614219 2.2460164 3.1698013 1.6519095 2.1314711 2.2816906 1.7194422 2.8535699 1.8068501 2.3251381 2.4787572 3.5793785 2.6038051 2.2523534 2.0341435 2.3103361 1.9985347 1.8023895 2.4853664 2.5102978 3.2190119 2.8724237 4.8006413 3.6763341 4.5277395 4.0301157 4.2490367 4.3686301 2.9694626 3.2295195 3.6363319 3.1486665 3.8548281 4.2149741 3.6949731 4.5187248 4.2977563 4.2698252 3.1560796 3.0281058 
Gfas_gfas1.m1.17112.m1                            2.6300198 2.2681369 2.3191605 0.3128032 0.8098736 0.0000000 0.4031405 0.4022789 0.3637692 0.3734231 0.3982234 0.4261561 1.1929316 2.0679969 3.1258621 3.8062765 2.9114974 2.9927597 3.0764435 1.3487080 2.5352246 2.9862590 2.7333812 2.8956569 2.5666347 2.2782180 1.6250397 2.3686117 1.2715250 2.7531094 2.3645925 3.5191721 1.6362309 2.4656140 1.4765462 2.2549623 2.4038501 2.4791763 2.7139248 2.9691784 3.6128395 2.7582488 4.0279850 3.0836707 3.0747937 3.0810909 2.5652520 2.1747238 3.2410527 3.6485392 3.6184116 4.3927532 3.8622781 4.8334035 4.2833454 3.7814382 4.5905982 3.1167618 3.6612825 3.6191359 3.2447269 5.0660534 3.6289344 3.5921251 5.4065381 3.7912778 4.3104212 2.9396686 2.3287000 
Fspp_ffun1.m4.22351.m1                            2.6673442 2.2821985 2.1976679 0.4973408 0.8228905 0.4031405 0.0000000 0.2131347 0.2977233 0.2924355 0.4272960 0.4283615 1.2420735 2.3200816 3.2755302 3.8454225 3.6363635 3.5446670 3.8208755 1.8645246 3.0381722 3.3825269 3.1687600 3.0796612 2.6163053 3.2921745 2.0393024 3.6114432 1.9399944 3.0845727 2.5088346 3.7319427 2.5759936 2.7178748 3.1314565 2.0671239 3.9854877 2.3561976 2.7296001 3.8870587 5.2131430 3.5023115 2.9766079 2.8947874 3.3886065 2.8701105 2.1571964 3.4626917 3.2948826 3.6631035 3.2964317 6.1368338 5.0982049 5.9353392 5.2288820 4.8526191 4.9239474 3.9611207 4.2041117 4.6475744 4.1009307 4.9030375 5.4977895 4.4650766 5.4458998 4.5187424 4.8898696 4.0140207 3.8388180 
Gasp_gasp1.m3.6239.m1                             2.3753956 2.1243183 2.1454391 0.4411978 0.7663441 0.4022789 0.2131347 0.0000000 0.2730844 0.2634178 0.3628980 0.3516108 1.1243992 2.1079049 2.8300312 4.1559712 3.1850206 3.2245311 3.0437907 1.3757889 2.6036276 2.9140768 2.8281274 2.5460216 2.3674182 2.9305764 1.6046899 3.1490247 1.4858806 2.4178300 2.1567722 3.6403709 2.2124194 2.2292688 2.4538281 1.8683028 3.9374774 2.1341628 2.4360545 3.1619496 4.5325384 3.2118494 2.7658075 2.4187314 2.9671786 2.4868467 2.2584251 2.7059271 3.0198660 3.2075441 2.9316695 5.2154636 4.7377473 5.3484966 4.6675445 4.5098908 4.7385479 3.8774393 3.8778238 4.2134978 3.7205803 4.7011693 5.2051185 3.5862206 4.8942434 4.8542993 5.2010144 3.5572041 3.1371016 
Spis_XP_022797208_1                               2.1304928 1.9098009 1.8122104 0.3109522 0.6778246 0.3637692 0.2977233 0.2730844 0.0000000 0.0826776 0.3928391 0.3858841 0.9871175 1.9068179 2.8329688 3.6967853 3.0960932 2.9919417 3.2399827 1.3261295 2.4648207 2.7736519 2.7544620 2.7619796 2.0963063 2.3503037 1.4299760 3.0254138 1.2853208 2.4397107 2.2066458 2.9274742 1.7401716 2.1956964 2.2763271 1.8590008 3.0599694 1.9288919 2.2599842 2.7243754 3.9057198 2.7978077 2.4306090 2.1885562 2.4371346 2.1492084 2.0466925 2.5067716 2.7550173 3.2174198 3.1441569 4.8457783 3.7377409 4.9726039 4.1742522 4.1440770 4.4521812 3.1505206 3.4424756 3.5746615 3.4585510 4.0357216 4.4302072 3.7062103 4.7700813 4.0173679 4.1237991 3.1146574 2.9206558 
Pocdam_XM_027185060.1                             2.1294906 1.9212764 1.8340282 0.3244334 0.6517902 0.3734231 0.2924355 0.2634178 0.0826776 0.0000000 0.3835775 0.3907456 0.9967310 1.9038722 2.8846441 3.8263731 3.1719126 3.0862495 3.2618745 1.3268185 2.4067540 2.8611815 2.8546920 2.8283423 2.1000344 2.2807375 1.3591125 2.8849455 1.2450679 2.4539492 2.1324669 3.0524195 1.7395318 2.1618260 2.2518409 1.8031393 3.0424611 1.8578530 2.1917836 2.6603651 3.9174027 2.7313193 2.4000088 2.1651481 2.4395358 2.1554794 2.0898676 2.4305304 2.8763233 3.0757730 3.0652979 4.9352540 3.7988703 4.8301599 4.1463230 4.0224107 4.3643018 3.0712193 3.4301763 3.4248291 3.5000278 4.0499493 4.2336159 3.5538560 4.6962837 4.0755808 4.0608421 3.0772840 3.0679009 
Adig_XM_015920222.1                               2.1844536 1.8420766 1.8942717 0.4170741 0.7733238 0.3982234 0.4272960 0.3628980 0.3928391 0.3835775 0.0000000 0.0094834 1.1248309 2.0334301 3.1687424 4.2043444 3.3790056 3.2549240 3.2974345 1.3061600 2.5398750 3.1153202 3.0457139 2.9115184 2.2873165 2.4165545 1.6127745 3.0000265 1.3747949 2.5231720 2.1804209 3.1419084 1.8556837 2.3997459 2.4717220 1.9884436 3.1268591 2.0342433 2.4910336 2.7796892 4.0502405 2.8718762 2.7063643 2.4255926 2.7433235 2.4906091 1.8839890 2.6033145 2.7074428 3.2474531 2.9426010 5.0538226 3.6249394 5.0028748 4.3075625 4.0950189 4.3890480 3.2205736 3.5551971 3.8515329 3.2010887 4.2792637 4.4291289 3.8351850 4.8672208 4.0137408 4.2441095 3.2495045 3.2831426 
Amil_Amillepora04457-RA                           2.2476647 1.8358745 1.9024960 0.4672531 0.7735630 0.4261561 0.4283615 0.3516108 0.3858841 0.3907456 0.0094834 0.0000000 1.1454806 2.0941787 3.2861824 4.1278411 3.5701951 3.3857859 3.4392907 1.5843364 2.7268096 3.1555615 3.0763649 2.9886840 2.1789466 2.5039182 1.8175014 3.3137135 1.6984327 2.6409403 2.2420554 3.2640017 2.1856459 2.4803836 2.7214015 1.9224311 3.2313720 1.9490021 2.5578016 3.0420483 4.2051506 3.0129439 2.5400461 2.3889930 2.6661945 2.3940515 1.7540926 2.8831156 2.8572807 3.2972993 3.1337013 5.2792991 3.8279288 5.0265662 4.5842493 4.4173380 4.5534660 3.7841812 3.6255303 3.7428086 3.3133653 4.2829717 4.9832744 3.8859893 5.0563161 4.1175314 4.2175389 3.3785185 3.7375050 
Dgig_XM_028535838.1                               2.1523872 1.8150929 2.0521821 0.4291660 1.0502200 1.1929316 1.2420735 1.1243992 0.9871175 0.9967310 1.1248309 1.1454806 0.0000000 1.9603449 3.3088572 4.1046121 3.2863272 3.5739044 3.4818588 1.3301379 2.3825368 3.1882292 3.1759371 2.9109802 2.0411803 2.9133340 1.5336014 3.2504657 1.3222698 2.4090702 2.2293270 3.1165487 1.5073781 2.1764752 2.1327568 1.7313274 2.7589801 1.9163817 2.2161118 2.4487052 3.9353425 3.0842365 2.5968543 2.3623769 2.5161118 2.3902397 1.0477437 2.6049696 2.7924726 3.2320339 2.9998636 4.3600149 4.2719284 4.9053926 4.1347404 4.1530524 4.7546301 3.6480319 3.6146502 3.0529799 3.6370839 4.4526702 4.6414897 3.5831209 5.3439638 4.0820653 4.1902548 3.1313592 3.0822374 
Cscu_XM_023354831.1                               1.9641988 1.8842777 2.0684733 1.0853401 2.0153459 2.0679969 2.3200816 2.1079049 1.9068179 1.9038722 2.0334301 2.0941787 1.9603449 0.0000000 3.7577253 4.6974731 3.7315886 3.7289470 3.9062570 1.3668162 2.8714604 3.4285522 3.5164926 3.3205529 1.9342763 3.2644977 1.8976333 3.5231178 1.6488477 2.4945497 2.6488597 3.3999831 1.8547101 2.0741140 2.7663805 2.6406475 3.5102604 1.7704398 3.0367836 2.6668710 3.6833474 3.2379105 3.3722877 2.9506869 3.3961273 3.2106419 2.7550982 3.2872805 2.9513766 3.3014239 2.9464306 4.7751990 4.5378030 5.1240661 4.6001354 4.4984747 5.2497607 3.7522626 3.9790377 3.7317298 3.8647994 4.6186848 4.1971346 3.9773893 5.9000701 4.8103569 4.4308841 3.1678985 3.3145554 
Mlei_ML1932.g1.i1                                 3.3825834 2.9735409 3.1460555 1.6909706 2.8851276 3.1258621 3.2755302 2.8300312 2.8329688 2.8846441 3.1687424 3.2861824 3.3088572 3.7577253 0.0000000 0.4083147 0.3906782 0.4903197 0.8884643 0.6146691 0.4846924 0.5433326 0.5080260 1.0036405 3.3412490 3.7017612 2.5077428 3.8958726 2.1341359 3.4764429 3.3564361 3.7785246 3.0025885 3.2555821 3.8707764 3.1512664 3.8683239 3.0027232 3.2688853 3.8758234 5.3125065 4.2397009 3.9302704 3.4842317 3.5727443 3.4258039 4.1222809 3.7020289 3.2735150 3.8641910 4.1309461 6.0331721 5.1443120 5.8301549 6.0104962 5.6922551 5.2102407 4.4365002 4.3372533 4.1710198 4.2625686 5.9121183 6.4948913 4.7292021 5.1171685 4.7751212 4.2643895 3.8648844 5.1183621 
Bolinf_Binf_sb1220416                             4.2271046 3.8265502 4.0443011 2.6631114 3.6216277 3.8062765 3.8454225 4.1559712 3.6967853 3.8263731 4.2043444 4.1278411 4.1046121 4.6974731 0.4083147 0.0000000 0.0000010 0.5577666 0.9426640 0.6793407 0.4656517 0.4687765 0.5673184 1.1631495 4.2763595 5.1216841 3.6169858 5.4045048 2.2383728 4.9486408 4.4678043 4.8859384 3.6188908 4.2410636 4.9129526 4.0713950 5.1061639 3.7527992 4.4379607 5.7479141 7.2993575 5.1040720 4.2066583 4.2057978 4.3617569 4.2222887 4.9471611 5.2968625 4.2194989 4.6981564 5.8731442 8.0816402 7.1040202 7.4438594 7.1982857 7.0134204 6.4756594 5.2352875 6.7569632 6.4098659 4.8005492 8.0555536 7.0277120 6.0481100 5.8510848 6.5765244 5.0229158 4.5822021 6.0363119 
Mertsp_Mesp_sb558791                              3.3512129 3.0075336 3.2611188 1.7521051 3.0635731 2.9114974 3.6363635 3.1850206 3.0960932 3.1719126 3.3790056 3.5701951 3.2863272 3.7315886 0.3906782 0.0000010 0.0000000 0.4872457 0.8115670 0.5171182 0.4502319 0.4889197 0.4538034 1.0401563 3.2607325 3.4591089 2.5975584 3.9293008 1.8911792 3.8144684 3.5805781 3.9939371 2.8269955 3.2581762 3.5918846 3.1710738 3.7493349 2.9706544 3.3671525 3.8864953 5.1909512 3.8244937 4.0650217 3.3627309 3.3853398 3.3038754 4.8719304 3.6987314 3.3897983 3.6703279 4.3988717 5.7795469 4.9793764 5.9972387 5.8089431 5.6360374 5.3734688 3.9549913 4.7181617 3.9714136 3.9526605 5.9586691 5.3589096 4.4972968 4.9538561 4.8236221 4.0897365 3.6867565 4.2029483 
Drygla_Dgla_sb294704                              3.3669269 2.9732274 3.3812899 1.6202180 3.1681558 2.9927597 3.5446670 3.2245311 2.9919417 3.0862495 3.2549240 3.3857859 3.5739044 3.7289470 0.4903197 0.5577666 0.4872457 0.0000000 1.0082147 0.6602514 0.4812489 0.6360163 0.5867259 1.2327469 3.2631199 3.5553689 2.5824122 4.3499271 2.0463110 3.6984691 3.5829249 3.8691787 2.9554714 3.2654941 3.9184501 3.4530867 4.1704497 3.0641437 3.4037166 3.9872068 5.4576874 4.0628172 4.4304249 3.8233728 3.7335384 3.5144707 4.6567868 3.8279088 3.5739824 4.1076949 4.5163059 5.3525903 5.3126508 6.1953819 5.9966531 5.4591603 5.5546158 4.0632031 4.5805523 3.8275726 4.3946385 5.6993898 6.4734997 4.6082203 5.0834300 5.2359211 4.5502259 3.8530687 4.5091099 
Vmul_Simscaffold15807_01                          3.5382849 3.5072342 3.6198520 1.9875556 3.1904013 3.0764435 3.8208755 3.0437907 3.2399827 3.2618745 3.2974345 3.4392907 3.4818588 3.9062570 0.8884643 0.9426640 0.8115670 1.0082147 0.0000000 0.2057858 0.7071443 1.0126380 0.9785534 1.3817384 3.3851150 3.6143485 2.7335783 4.2016179 2.1102359 3.8702674 3.6244816 4.2739160 2.9886390 3.5876436 4.2554667 3.5400635 4.5074490 3.1855713 3.5527875 4.0054518 5.4001564 4.1632185 4.8996913 3.9783849 4.0828526 3.9664484 4.6146577 3.8172748 3.8377149 4.2601448 4.6808855 6.0732972 5.4899456 5.7229858 5.8352444 5.6550341 5.2251456 3.7215703 4.4585229 3.4985034 4.2938444 6.0187633 5.5363423 4.8663587 5.3547517 5.5987264 4.5710665 4.3636005 4.4408714 
Coemet_Cmet_scaffold14364_01                      1.4058885 1.3601218 1.4247220 0.9689963 1.2592814 1.3487080 1.8645246 1.3757889 1.3261295 1.3268185 1.3061600 1.5843364 1.3301379 1.3668162 0.6146691 0.6793407 0.5171182 0.6602514 0.2057858 0.0000000 0.4878352 0.7726435 0.5772767 0.6432201 1.1461904 1.3444812 1.4262634 1.2353715 1.4157595 1.6044457 1.6732828 1.6789348 1.5989026 1.2707897 1.5286942 1.5001104 1.5408713 1.4672194 1.4089296 1.8658016 1.8658016 1.5034519 2.9155876 1.8056262 1.8403694 1.8567334 2.1228030 1.3315697 1.7587394 1.6316785 1.8056167 2.7065671 2.9921250 2.8869052 2.7867050 2.8709243 3.0520296 2.6970705 1.7895220 1.9799272 2.1397502 3.0923720 2.7701044 2.5444498 2.8737619 3.3699573 2.2977933 2.2505807 2.2602648 
Lampan_Lpan_1362_01                               2.7549995 2.5344205 2.7725920 1.3642427 2.6065792 2.5352246 3.0381722 2.6036276 2.4648207 2.4067540 2.5398750 2.7268096 2.3825368 2.8714604 0.4846924 0.4656517 0.4502319 0.4812489 0.7071443 0.4878352 0.0000000 0.6038711 0.5446310 0.5965294 2.6075831 2.6104024 2.2864271 2.4947554 1.6240026 2.9935691 2.9113251 3.7500235 2.4144453 2.7878234 2.1409445 2.4778377 2.3561904 2.5851143 2.5631005 3.5736769 3.5796521 3.1345324 5.0633475 3.5580242 3.3651916 3.2482110 4.0162877 3.1245094 3.0580230 3.1967860 3.9579037 4.7319627 4.7243354 4.7874270 4.7329060 4.7600031 4.3257987 3.3488072 3.5428463 3.2646128 3.3338161 4.8811053 4.2648411 3.5332114 4.2201340 5.1513541 3.6589651 3.3692276 2.6741665 
Pbac_sb2642574                                    2.8293667 2.9751928 3.0203781 1.3601200 2.8886856 2.9862590 3.3825269 2.9140768 2.7736519 2.8611815 3.1153202 3.1555615 3.1882292 3.4285522 0.5433326 0.4687765 0.4889197 0.6360163 1.0126380 0.7726435 0.6038711 0.0000000 0.0535143 1.1215065 3.0090102 3.9706236 2.8329285 4.1952388 2.4591973 3.4566321 3.5092526 3.5901055 2.6986135 3.4449025 4.3191774 3.3459321 3.8999035 2.9647664 3.6073510 3.3645150 4.7703007 3.9646719 4.0198172 3.3616494 3.5043747 3.2601811 4.2333530 3.9738386 3.3205840 3.4420533 4.0934807 6.1980207 6.0889255 6.1334651 5.4655801 5.3002364 4.7655472 4.3751791 3.9819905 3.7990239 4.0266607 5.1858565 6.0149723 5.1513526 4.9944686 5.2410978 4.9257672 3.8846451 5.6205227 
Horcal_Hcv1.av93.c1.g300.i3                       2.8262939 2.8081974 3.1586330 1.7094622 2.8115408 2.7333812 3.1687600 2.8281274 2.7544620 2.8546920 3.0457139 3.0763649 3.1759371 3.5164926 0.5080260 0.5673184 0.4538034 0.5867259 0.9785534 0.5772767 0.5446310 0.0535143 0.0000000 1.1275668 2.7996018 3.4750146 2.4480199 3.9371193 2.1205444 3.2695448 3.2856936 3.7623519 2.7620284 3.2165057 3.9717905 3.1685808 3.7012160 2.7981606 3.2142891 3.6424575 5.0941248 3.6691131 3.9601372 3.3369646 3.4000235 3.1846198 4.3418662 3.9843811 3.2392045 3.4903367 4.0491059 6.0216728 5.6073331 5.7715033 5.7616775 5.6326350 4.8487281 3.8250913 3.9099709 3.4466676 3.9668767 5.1505423 5.9640117 4.7312013 4.6596403 4.7965128 4.9536032 3.7978706 5.1069811 
Eupdun_Edun_sb10646188                            3.0581448 2.7772995 2.8180699 1.8090483 2.7896231 2.8956569 3.0796612 2.5460216 2.7619796 2.8283423 2.9115184 2.9886840 2.9109802 3.3205529 1.0036405 1.1631495 1.0401563 1.2327469 1.3817384 0.6432201 0.5965294 1.1215065 1.1275668 0.0000000 2.7529687 3.3537597 2.5298389 3.7799651 1.6331048 3.1711642 3.1153849 3.7924271 2.7721422 3.0655477 3.1633829 2.8283546 3.2338616 3.0934741 2.9296494 3.5167147 4.6360138 3.2154404 3.8650425 3.2606870 3.3396587 3.2779958 4.2041185 3.8019286 3.7041868 3.5603668 3.8763638 5.3575170 5.5935174 5.6220830 5.0470715 5.2600513 4.8273013 3.7467604 4.0159580 3.1599634 3.2812355 5.8029784 5.0098220 3.9839762 4.9803232 5.0968171 4.0188764 3.8473128 3.7031481 
Cgig_XM_011443850.3                               2.1974522 1.7370716 2.0827455 0.8518399 2.1105040 2.5666347 2.6163053 2.3674182 2.0963063 2.1000344 2.2873165 2.1789466 2.0411803 1.9342763 3.3412490 4.2763595 3.2607325 3.2631199 3.3851150 1.1461904 2.6075831 3.0090102 2.7996018 2.7529687 0.0000000 2.7257913 1.8378002 3.2738594 1.4557733 2.3403241 2.2198536 3.0418392 2.0699384 1.6833205 2.8066593 2.4145643 3.6744933 1.8668025 2.8237729 2.7414732 3.7259291 2.9893844 3.3807577 2.8902734 3.2101818 2.9405113 2.6587775 3.3041312 2.8814900 2.8805706 2.4801065 4.5623261 3.8218682 4.7690048 4.3555356 3.9033069 4.6643237 3.3788520 3.1495963 4.0031009 3.6556376 3.7075432 4.1050632 3.8835999 4.0526238 4.5479981 3.6036392 3.0022521 2.8389426 
Scil_scict017235.1                                2.9104804 2.3622269 2.6387721 0.9596126 2.3267746 2.2782180 3.2921745 2.9305764 2.3503037 2.2807375 2.4165545 2.5039182 2.9133340 3.2644977 3.7017612 5.1216841 3.4591089 3.5553689 3.6143485 1.3444812 2.6104024 3.9706236 3.4750146 3.3537597 2.7257913 0.0000000 0.3316291 0.7476773 0.9787225 2.3775722 2.3485263 3.2191463 1.5106877 2.6620355 2.0904758 2.4226201 2.6738234 2.7949715 2.6842785 2.3763495 2.5778116 2.4096720 4.4258813 3.4139350 3.4837889 3.3866988 3.3916702 2.3361091 2.7190200 3.9138634 3.6684037 3.6385708 3.2234429 3.6207348 4.3732109 4.2788399 4.3769592 3.1954649 3.2394300 3.1050548 3.3226627 4.1953608 3.5542442 3.5366970 4.9414007 4.1632701 3.7664214 2.9173078 3.3676508 
Leuniv_Lniv_scaffold25353_01                      1.7714348 1.6842047 1.5354729 1.0225818 1.4913667 1.6250397 2.0393024 1.6046899 1.4299760 1.3591125 1.6127745 1.8175014 1.5336014 1.8976333 2.5077428 3.6169858 2.5975584 2.5824122 2.7335783 1.4262634 2.2864271 2.8329285 2.4480199 2.5298389 1.8378002 0.3316291 0.0000000 0.4432623 0.7974385 1.4138985 1.3802052 1.7595301 1.5676245 1.8154471 1.7058414 1.7614728 1.7628905 1.7910196 1.7052385 1.7855884 1.8657631 1.5495203 2.7890172 2.2776245 2.2236195 2.1283926 1.8334556 1.4016511 1.4493100 2.4809819 2.4725913 2.5619337 2.6037361 2.9396935 3.2637412 3.1684065 3.1237266 2.5185054 2.1674493 2.4614144 2.3319740 2.6015219 2.8029569 3.3376100 3.5456774 2.8553579 2.7295168 2.1762297 2.8732009 
Gracom_Gcom_scaffold19020_01                      3.0791602 3.1827229 3.4363640 0.8023156 3.0044857 2.3686117 3.6114432 3.1490247 3.0254138 2.8849455 3.0000265 3.3137135 3.2504657 3.5231178 3.8958726 5.4045048 3.9293008 4.3499271 4.2016179 1.2353715 2.4947554 4.1952388 3.9371193 3.7799651 3.2738594 0.7476773 0.4432623 0.0000000 0.8498597 2.9001797 3.0774749 3.8962590 1.4674110 3.2535998 3.1515361 3.5030267 3.3760776 2.9689882 3.5575797 2.3085608 3.6309219 3.6298281 4.9999095 4.1771571 4.1598911 4.0982063 4.2632511 3.1850583 3.6042890 4.7406339 4.3525177 4.6812411 3.2311489 4.9899696 5.5830281 5.2654894 5.0080838 3.4885884 4.2291671 3.2784282 5.0058715 5.0826118 4.4982445 4.2696835 5.6689128 5.2339644 4.7261497 3.7483737 4.3457247 
Clacor_Ccor_C528945_01                            1.4042641 1.3769752 1.4674032 0.9019356 1.1893394 1.2715250 1.9399944 1.4858806 1.2853208 1.2450679 1.3747949 1.6984327 1.3222698 1.6488477 2.1341359 2.2383728 1.8911792 2.0463110 2.1102359 1.4157595 1.6240026 2.4591973 2.1205444 1.6331048 1.4557733 0.9787225 0.7974385 0.8498597 0.0000000 1.3607347 1.3425066 1.7340165 1.4677800 1.5997797 1.6042168 1.5515755 1.7046936 1.4960693 1.4171526 1.5278681 1.7584128 1.4219282 2.9387654 2.2212689 2.1286995 2.0574763 1.8424600 1.1472772 1.5233834 1.9710935 2.0203694 2.9817202 2.6634990 3.7069517 2.8613618 3.0704579 3.6687873 2.3602801 2.3493176 2.1483610 2.4976640 2.8057101 2.5278198 3.2596904 3.2352981 2.7760721 3.0019471 2.6039139 2.9179528 
Aque_Aqu2.1.40632_001                             2.4026312 2.1470741 2.4966017 0.8317229 2.2614219 2.7531094 3.0845727 2.4178300 2.4397107 2.4539492 2.5231720 2.6409403 2.4090702 2.4945497 3.4764429 4.9486408 3.8144684 3.6984691 3.8702674 1.6044457 2.9935691 3.4566321 3.2695448 3.1711642 2.3403241 2.3775722 1.4138985 2.9001797 1.3607347 0.0000000 0.9173588 2.1023628 1.1990536 2.4255011 2.9200359 2.6234441 3.5878614 2.2049201 2.9842260 2.4244080 3.4392865 1.9352211 3.3742925 2.9010641 3.1019619 2.8717480 3.0830671 3.0983201 1.9573991 3.2944463 2.9972329 4.3674116 3.8360893 5.0790546 3.6861428 3.7756812 4.6099771 3.1252622 3.1405484 3.3782906 3.1127307 3.6322577 4.4306327 3.9280253 4.0912791 5.0319063 4.4144565 3.0278274 3.7173682 
Halamb_c53416_g3_i2mm.5176                        2.1843105 2.0232558 2.6710736 0.8059121 2.2460164 2.3645925 2.5088346 2.1567722 2.2066458 2.1324669 2.1804209 2.2420554 2.2293270 2.6488597 3.3564361 4.4678043 3.5805781 3.5829249 3.6244816 1.6732828 2.9113251 3.5092526 3.2856936 3.1153849 2.2198536 2.3485263 1.3802052 3.0774749 1.3425066 0.9173588 0.0000000 2.0199853 1.0651840 2.4563512 2.6501234 2.5906529 3.7744838 2.3240147 2.8857128 2.2473867 3.3752772 1.8113093 3.4363628 3.0370778 3.2913055 3.2287195 2.9917522 2.8950750 1.7802886 3.2182426 2.8091929 4.4143819 3.7073512 5.1017226 4.1707166 4.2165224 4.5048011 4.1632685 3.6577628 3.7289123 3.1565268 3.9096659 4.3051832 3.6913757 4.3026382 4.6750117 4.0904561 3.1277083 3.5487458 
Emue_Em0013g356a.t1                               2.8482863 2.4615110 2.8621406 1.4326334 3.1698013 3.5191721 3.7319427 3.6403709 2.9274742 3.0524195 3.1419084 3.2640017 3.1165487 3.3999831 3.7785246 4.8859384 3.9939371 3.8691787 4.2739160 1.6789348 3.7500235 3.5901055 3.7623519 3.7924271 3.0418392 3.2191463 1.7595301 3.8962590 1.7340165 2.1023628 2.0199853 0.0000000 0.4602078 3.0570749 3.1812666 3.2280634 4.6259972 2.7242461 4.0017085 2.9467277 4.4988582 3.0149635 4.3683559 3.8155490 4.2559723 3.9471729 4.1564221 4.3621986 2.9207673 3.9321608 3.5408103 4.7989344 5.0904434 5.6963598 5.3218385 5.1657425 5.3985049 2.8697845 4.3877277 4.3487026 3.7621030 4.6944050 5.1438761 3.9224257 5.1579428 5.0279201 5.2909395 3.6752899 4.5786082 
Spolac_c102176_g1_i2_m.28219c102176-g1            1.9956534 1.4469388 2.0239538 1.2368147 1.6519095 1.6362309 2.5759936 2.2124194 1.7401716 1.7395318 1.8556837 2.1856459 1.5073781 1.8547101 3.0025885 3.6188908 2.8269955 2.9554714 2.9886390 1.5989026 2.4144453 2.6986135 2.7620284 2.7721422 2.0699384 1.5106877 1.5676245 1.4674110 1.4677800 1.1990536 1.0651840 0.4602078 0.0000000 1.9184620 2.0152500 1.8662579 1.8637601 2.0506383 1.9371103 1.9386915 2.0725872 1.5228337 3.6894344 2.5063657 2.2593214 2.4099088 1.8717406 2.0456155 1.6631313 2.6520307 2.7157985 3.1673162 3.1706441 3.1949899 3.5494364 3.6781149 3.8734094 2.4816756 3.0662094 2.6829425 3.1420509 3.0619634 3.1283869 3.6529536 3.4825768 3.2870072 3.2858176 3.2234470 3.1528411 
Ctel_gnl_WGS_AMQN_CAPTEDRAFT_mRNA227094           2.1298559 1.9440306 2.0512546 0.9395152 2.1314711 2.4656140 2.7178748 2.2292688 2.1956964 2.1618260 2.3997459 2.4803836 2.1764752 2.0741140 3.2555821 4.2410636 3.2581762 3.2654941 3.5876436 1.2707897 2.7878234 3.4449025 3.2165057 3.0655477 1.6833205 2.6620355 1.8154471 3.2535998 1.5997797 2.4255011 2.4563512 3.0570749 1.9184620 0.0000000 3.0329097 2.6089227 3.5096786 1.9081735 3.1772745 2.6778051 3.3972470 3.2160386 3.1646509 2.6981437 2.9186804 2.8248769 2.9973963 2.9841528 2.6227188 3.2246883 2.8144859 4.5453327 3.7910587 4.4599212 4.6403719 4.7109302 4.7657010 3.5221518 3.6872699 3.6391439 3.6880354 4.1323290 4.1648466 4.0535190 4.6783507 4.8661727 3.8419340 3.3801675 3.2446401 
Aaur_scaffold161.g16.t1                           2.6701124 2.8391596 2.6438499 0.8904599 2.2816906 1.4765462 3.1314565 2.4538281 2.2763271 2.2518409 2.4717220 2.7214015 2.1327568 2.7663805 3.8707764 4.9129526 3.5918846 3.9184501 4.2554667 1.5286942 2.1409445 4.3191774 3.9717905 3.1633829 2.8066593 2.0904758 1.7058414 3.1515361 1.6042168 2.9200359 2.6501234 3.1812666 2.0152500 3.0329097 0.0000000 0.9885336 0.7263866 2.7885391 1.1551981 2.0599837 2.9984135 2.6478641 3.9832427 3.2060299 3.2395461 3.2660987 2.7324857 1.4466436 3.0627725 3.1486811 3.5075404 4.2329305 3.0517392 4.4502960 4.0811207 4.0512032 4.8175259 3.1028974 3.5615349 2.3927093 3.6314481 3.8785784 3.7026924 3.8754653 4.8985351 2.9595422 3.4332929 3.1342759 3.4860036 
Rhoesc_Res_003326-T1                              2.6230436 2.3371137 2.4682124 0.8190881 1.7194422 2.2549623 2.0671239 1.8683028 1.8590008 1.8031393 1.9884436 1.9224311 1.7313274 2.6406475 3.1512664 4.0713950 3.1710738 3.4530867 3.5400635 1.5001104 2.4778377 3.3459321 3.1685808 2.8283546 2.4145643 2.4226201 1.7614728 3.5030267 1.5515755 2.6234441 2.5906529 3.2280634 1.8662579 2.6089227 0.9885336 0.0000000 0.9046615 2.2362170 1.0422731 2.6572312 4.0320235 3.1046527 3.3751105 2.9701700 3.1359853 2.8164900 2.4676504 2.2107449 3.2135298 3.2995253 3.4156761 5.1158327 4.4260262 5.0729570 4.6609993 4.5031334 5.1260343 3.5910073 3.4538979 3.6291043 3.6054435 4.3017412 4.6038394 3.3351063 4.9214261 3.7908490 4.0650225 3.1865360 3.7520402 
Nemnom_g9795.t1                                   3.6229384 3.2319741 3.7671148 0.8374101 2.8535699 2.4038501 3.9854877 3.9374774 3.0599694 3.0424611 3.1268591 3.2313720 2.7589801 3.5102604 3.8683239 5.1061639 3.7493349 4.1704497 4.5074490 1.5408713 2.3561904 3.8999035 3.7012160 3.2338616 3.6744933 2.6738234 1.7628905 3.3760776 1.7046936 3.5878614 3.7744838 4.6259972 1.8637601 3.5096786 0.7263866 0.9046615 0.0000000 3.2786593 1.3766955 2.6243429 4.1667553 3.6125971 4.9118103 4.0487897 3.8283702 4.1277884 3.9504486 2.2457130 3.7615645 4.4221243 4.0792697 5.5565114 3.9604361 5.0207940 4.9350133 5.2509836 5.8581690 3.6308905 4.5463830 3.4724707 4.5451054 5.4481048 4.8000249 4.2938513 5.6681599 3.6664513 4.6013465 3.8186890 4.0125617 
Spur_XM_030985563.1                               2.0588360 1.7781765 1.7520432 0.9113098 1.8068501 2.4791763 2.3561976 2.1341628 1.9288919 1.8578530 2.0342433 1.9490021 1.9163817 1.7704398 3.0027232 3.7527992 2.9706544 3.0641437 3.1855713 1.4672194 2.5851143 2.9647664 2.7981606 3.0934741 1.8668025 2.7949715 1.7910196 2.9689882 1.4960693 2.2049201 2.3240147 2.7242461 2.0506383 1.9081735 2.7885391 2.2362170 3.2786593 0.0000000 2.6948153 2.6831148 3.3814354 3.1012223 2.5813553 2.2851757 2.4349617 2.3879273 2.5404822 2.9695768 2.7265449 2.9730081 2.6376322 4.1553322 4.1101121 4.4102637 4.5516543 4.5280736 4.5375193 3.4414741 3.0150234 3.0451807 3.2520929 3.6677528 4.0646312 3.7274216 4.2151106 3.7450432 3.9422590 3.2252250 3.4361721 
Sanmal_Sma_008696-T1                              2.9215630 2.5863412 3.0347074 0.9423376 2.3251381 2.7139248 2.7296001 2.4360545 2.2599842 2.1917836 2.4910336 2.5578016 2.2161118 3.0367836 3.2688853 4.4379607 3.3671525 3.4037166 3.5527875 1.4089296 2.5631005 3.6073510 3.2142891 2.9296494 2.8237729 2.6842785 1.7052385 3.5575797 1.4171526 2.9842260 2.8857128 4.0017085 1.9371103 3.1772745 1.1551981 1.0422731 1.3766955 2.6948153 0.0000000 2.8204630 3.9790760 3.1289512 4.2841090 3.6700777 3.7395351 3.6928641 3.1278812 2.0902279 3.9952177 4.0890746 4.1322457 5.3151231 4.4311796 4.9277849 4.2324128 4.1891523 5.5843223 3.9462011 3.8079412 3.1921096 3.9386716 4.7301648 4.4387396 3.4608467 5.6133897 4.4120999 4.0297395 3.0685379 3.7622232 
Ocar_g4543                                        2.4622142 2.7635805 2.7130694 1.4037187 2.4787572 2.9691784 3.8870587 3.1619496 2.7243754 2.6603651 2.7796892 3.0420483 2.4487052 2.6668710 3.8758234 5.7479141 3.8864953 3.9872068 4.0054518 1.8658016 3.5736769 3.3645150 3.6424575 3.5167147 2.7414732 2.3763495 1.7855884 2.3085608 1.5278681 2.4244080 2.2473867 2.9467277 1.9386915 2.6778051 2.0599837 2.6572312 2.6243429 2.6831148 2.8204630 0.0000000 0.0100309 1.9367063 4.8413314 3.3552071 3.2391878 3.2670205 3.5294952 2.6474081 2.4738714 3.7284197 3.3930008 3.5069125 3.6353095 3.5073779 4.0517363 3.9737532 4.4001970 3.3622177 3.2364473 3.3906600 3.3904111 4.3603912 3.8596288 2.9485778 4.8345216 3.6021978 3.7527460 2.8798755 2.8664586 
Opea_EP00118_Oscarella_pearsei_P005483            3.7141373 3.9521737 3.8173753 1.4037187 3.5793785 3.6128395 5.2131430 4.5325384 3.9057198 3.9174027 4.0502405 4.2051506 3.9353425 3.6833474 5.3125065 7.2993575 5.1909512 5.4576874 5.4001564 1.8658016 3.5796521 4.7703007 5.0941248 4.6360138 3.7259291 2.5778116 1.8657631 3.6309219 1.7584128 3.4392865 3.3752772 4.4988582 2.0725872 3.3972470 2.9984135 4.0320235 4.1667553 3.3814354 3.9790760 0.0100309 0.0000000 2.9402039 5.3836648 4.1617093 4.1129970 4.1118878 4.7371114 3.9917551 4.0467653 5.3678957 4.6709606 5.0946073 3.9860792 4.6174793 5.8846559 5.2294477 5.9558497 3.4673486 4.5615108 3.7993867 4.6617959 5.8752576 4.5092390 4.1759520 5.9462552 4.1016277 4.4050956 3.5679108 4.3288870 
Tetwil_g6805.t1                                   2.9704062 3.0004044 3.4548695 1.2402582 2.6038051 2.7582488 3.5023115 3.2118494 2.7978077 2.7313193 2.8718762 3.0129439 3.0842365 3.2379105 4.2397009 5.1040720 3.8244937 4.0628172 4.1632185 1.5034519 3.1345324 3.9646719 3.6691131 3.2154404 2.9893844 2.4096720 1.5495203 3.6298281 1.4219282 1.9352211 1.8113093 3.0149635 1.5228337 3.2160386 2.6478641 3.1046527 3.6125971 3.1012223 3.1289512 1.9367063 2.9402039 0.0000000 4.4486901 3.7047038 3.8964021 3.7784677 3.8418856 3.0423775 2.5639436 4.1202614 3.9535759 4.9558937 4.7559736 5.5980036 4.7788244 5.2567350 5.0991584 3.6486240 3.9655092 3.9397420 4.3214932 5.0741435 4.6716986 3.5178011 5.0714213 4.5269697 4.1650805 3.5997484 3.7249545 
Tadh_TriadT58588                                  3.1336751 2.8546138 3.1453744 1.6384364 2.2523534 4.0279850 2.9766079 2.7658075 2.4306090 2.4000088 2.7063643 2.5400461 2.5968543 3.3722877 3.9302704 4.2066583 4.0650217 4.4304249 4.8996913 2.9155876 5.0633475 4.0198172 3.9601372 3.8650425 3.3807577 4.4258813 2.7890172 4.9999095 2.9387654 3.3742925 3.4363628 4.3683559 3.6894344 3.1646509 3.9832427 3.3751105 4.9118103 2.5813553 4.2841090 4.8413314 5.3836648 4.4486901 0.0000000 0.0206303 0.4351478 0.3904225 2.9849880 4.9192680 3.4036261 4.0726425 4.0747518 6.1055076 6.5126843 6.1044922 5.3384151 5.8015483 6.0111176 5.9845551 4.5509197 5.8937714 4.2910083 5.2515836 5.8898715 4.8200683 4.9964458 5.3025873 5.9126484 3.7075845 5.1269861 
TrH2_TrispH2_006617-RA                            2.7782758 2.4992590 2.7831443 1.1604044 2.0341435 3.0836707 2.8947874 2.4187314 2.1885562 2.1651481 2.4255926 2.3889930 2.3623769 2.9506869 3.4842317 4.2057978 3.3627309 3.8233728 3.9783849 1.8056262 3.5580242 3.3616494 3.3369646 3.2606870 2.8902734 3.4139350 2.2776245 4.1771571 2.2212689 2.9010641 3.0370778 3.8155490 2.5063657 2.6981437 3.2060299 2.9701700 4.0487897 2.2851757 3.6700777 3.3552071 4.1617093 3.7047038 0.0206303 0.0000000 0.3812827 0.3430611 3.0259370 3.8197610 3.0094189 3.4548942 3.5600717 5.0618604 4.5531342 5.0797470 4.3650516 4.7013731 5.0350229 3.8428885 3.7678377 4.3228893 3.6908458 4.5554367 4.8695731 3.7383469 4.2690394 4.0506591 4.7874367 3.3064434 3.6098463 
HoiH04_mRNA12138                                  3.0807427 2.6486812 3.0444640 1.1051302 2.3103361 3.0747937 3.3886065 2.9671786 2.4371346 2.4395358 2.7433235 2.6661945 2.5161118 3.3961273 3.5727443 4.3617569 3.3853398 3.7335384 4.0828526 1.8403694 3.3651916 3.5043747 3.4000235 3.3396587 3.2101818 3.4837889 2.2236195 4.1598911 2.1286995 3.1019619 3.2913055 4.2559723 2.2593214 2.9186804 3.2395461 3.1359853 3.8283702 2.4349617 3.7395351 3.2391878 4.1129970 3.8964021 0.4351478 0.3812827 0.0000000 0.2143508 3.6029698 3.3562058 3.4481025 3.7191692 3.9265433 5.3970142 4.5309459 5.0911485 4.9057928 4.7992744 5.3114877 4.1446768 4.1892159 4.5547206 3.9842066 5.2061947 5.2458354 4.0034411 4.8913454 4.2639199 4.8431629 3.4913801 3.8473435 
HoiH23_PlH23_007641-RA                            2.7651804 2.6005292 2.8416811 1.1089795 1.9985347 3.0810909 2.8701105 2.4868467 2.1492084 2.1554794 2.4906091 2.3940515 2.3902397 3.2106419 3.4258039 4.2222887 3.3038754 3.5144707 3.9664484 1.8567334 3.2482110 3.2601811 3.1846198 3.2779958 2.9405113 3.3866988 2.1283926 4.0982063 2.0574763 2.8717480 3.2287195 3.9471729 2.4099088 2.8248769 3.2660987 2.8164900 4.1277884 2.3879273 3.6928641 3.2670205 4.1118878 3.7784677 0.3904225 0.3430611 0.2143508 0.0000000 3.2291756 3.5247007 3.2944902 3.6068058 3.7303638 5.1570294 4.3213492 5.3453591 4.5768489 4.9431877 5.0659725 4.0883156 3.6076291 4.4427289 3.8964759 4.7359277 5.1236249 3.9128131 4.3093527 4.2592619 5.1952924 3.4074092 3.9261067 
Xesp_013801-T1                                    2.7744449 2.3084297 2.7725709 0.8326280 1.8023895 2.5652520 2.1571964 2.2584251 2.0466925 2.0898676 1.8839890 1.7540926 1.0477437 2.7550982 4.1222809 4.9471611 4.8719304 4.6567868 4.6146577 2.1228030 4.0162877 4.2333530 4.3418662 4.2041185 2.6587775 3.3916702 1.8334556 4.2632511 1.8424600 3.0830671 2.9917522 4.1564221 1.8717406 2.9973963 2.7324857 2.4676504 3.9504486 2.5404822 3.1278812 3.5294952 4.7371114 3.8418856 2.9849880 3.0259370 3.6029698 3.2291756 0.0000000 3.3056573 3.0471574 4.1950350 3.3318080 5.1336114 4.6737970 5.7436970 5.2120332 5.6640613 5.6853128 4.9563785 4.2647578 4.5035452 4.2336496 4.6980787 5.1040916 4.5518011 5.4943815 4.2049898 4.8986108 3.4784309 4.5709491 
Morvir_scaffold296.g1.t2                          3.0248076 3.2653864 3.4761305 0.7310426 2.4853664 2.1747238 3.4626917 2.7059271 2.5067716 2.4305304 2.6033145 2.8831156 2.6049696 3.2872805 3.7020289 5.2968625 3.6987314 3.8279088 3.8172748 1.3315697 3.1245094 3.9738386 3.9843811 3.8019286 3.3041312 2.3361091 1.4016511 3.1850583 1.1472772 3.0983201 2.8950750 4.3621986 2.0456155 2.9841528 1.4466436 2.2107449 2.2457130 2.9695768 2.0902279 2.6474081 3.9917551 3.0423775 4.9192680 3.8197610 3.3562058 3.5247007 3.3056573 0.0000000 3.5577464 3.7392462 4.0089179 4.3054540 4.0996382 5.0990973 4.7965813 4.7536971 5.2491959 3.2376400 4.1103442 3.4878856 4.0277821 4.6115234 4.7446332 3.6695603 5.1563738 4.5086144 4.6074269 3.3493832 3.1792512 
Plespi_Pspi_scaffold2336_01                       2.8129269 3.0005514 2.8012394 1.3757593 2.5102978 3.2410527 3.2948826 3.0198660 2.7550173 2.8763233 2.7074428 2.8572807 2.7924726 2.9513766 3.2735150 4.2194989 3.3897983 3.5739824 3.8377149 1.7587394 3.0580230 3.3205840 3.2392045 3.7041868 2.8814900 2.7190200 1.4493100 3.6042890 1.5233834 1.9573991 1.7802886 2.9207673 1.6631313 2.6227188 3.0627725 3.2135298 3.7615645 2.7265449 3.9952177 2.4738714 4.0467653 2.5639436 3.4036261 3.0094189 3.4481025 3.2944902 3.0471574 3.5577464 0.0000000 3.2929880 3.0750414 4.6002601 3.9010924 5.1781490 4.2155764 4.3759635 4.2863033 3.4784784 4.0150008 3.1589503 3.5999988 4.3927534 4.9912798 4.0392676 4.3133304 3.6225280 4.4150578 3.2641488 3.4576706 
Tcas_TC010150_001                                 3.1105876 3.1300477 3.1033453 1.3403308 3.2190119 3.6485392 3.6631035 3.2075441 3.2174198 3.0757730 3.2474531 3.2972993 3.2320339 3.3014239 3.8641910 4.6981564 3.6703279 4.1076949 4.2601448 1.6316785 3.1967860 3.4420533 3.4903367 3.5603668 2.8805706 3.9138634 2.4809819 4.7406339 1.9710935 3.2944463 3.2182426 3.9321608 2.6520307 3.2246883 3.1486811 3.2995253 4.4221243 2.9730081 4.0890746 3.7284197 5.3678957 4.1202614 4.0726425 3.4548942 3.7191692 3.6068058 4.1950350 3.7392462 3.2929880 0.0000000 2.7387628 4.6922907 3.9704085 5.7187947 4.8626343 5.3604279 4.6002510 3.6126381 4.3883375 3.9158149 4.2831811 4.5656345 4.7275805 3.9728795 5.7464874 4.2599859 4.3976842 3.0840219 3.9843994 
Dpul_mRNA27979                                    3.1184571 2.8811049 3.2370173 1.8251234 2.8724237 3.6184116 3.2964317 2.9316695 3.1441569 3.0652979 2.9426010 3.1337013 2.9998636 2.9464306 4.1309461 5.8731442 4.3988717 4.5163059 4.6808855 1.8056167 3.9579037 4.0934807 4.0491059 3.8763638 2.4801065 3.6684037 2.4725913 4.3525177 2.0203694 2.9972329 2.8091929 3.5408103 2.7157985 2.8144859 3.5075404 3.4156761 4.0792697 2.6376322 4.1322457 3.3930008 4.6709606 3.9535759 4.0747518 3.5600717 3.9265433 3.7303638 3.3318080 4.0089179 3.0750414 2.7387628 0.0000000 4.2477496 3.7201402 4.7068759 4.1206478 4.1541388 4.5099448 3.2373733 3.8499232 4.5102677 3.6163718 4.6025028 4.4534514 3.8858283 4.4591113 4.0138652 4.3734287 3.5744299 3.7106313 
Mbre_EDQ89692                                     4.3438869 4.0984312 4.8429566 2.1869599 4.8006413 4.3927532 6.1368338 5.2154636 4.8457783 4.9352540 5.0538226 5.2792991 4.3600149 4.7751990 6.0331721 8.0816402 5.7795469 5.3525903 6.0732972 2.7065671 4.7319627 6.1980207 6.0216728 5.3575170 4.5623261 3.6385708 2.5619337 4.6812411 2.9817202 4.3674116 4.4143819 4.7989344 3.1673162 4.5453327 4.2329305 5.1158327 5.5565114 4.1553322 5.3151231 3.5069125 5.0946073 4.9558937 6.1055076 5.0618604 5.3970142 5.1570294 5.1336114 4.3054540 4.6002601 4.6922907 4.2477496 0.0000000 2.1227212 2.7606412 3.4153414 3.4167174 4.0253028 3.2462261 2.9766308 2.4567216 2.8912902 3.7731046 3.1028866 2.7846694 4.0277640 3.9393746 4.0139856 2.7270985 4.0933387 
Choper_EP00045_Choanoeca_perplexa_P013989         4.4595078 3.9427623 3.8409056 2.6468907 3.6763341 3.8622781 5.0982049 4.7377473 3.7377409 3.7988703 3.6249394 3.8279288 4.2719284 4.5378030 5.1443120 7.1040202 4.9793764 5.3126508 5.4899456 2.9921250 4.7243354 6.0889255 5.6073331 5.5935174 3.8218682 3.2234429 2.6037361 3.2311489 2.6634990 3.8360893 3.7073512 5.0904434 3.1706441 3.7910587 3.0517392 4.4260262 3.9604361 4.1101121 4.4311796 3.6353095 3.9860792 4.7559736 6.5126843 4.5531342 4.5309459 4.3213492 4.6737970 4.0996382 3.9010924 3.9704085 3.7201402 2.1227212 0.0000000 0.7384179 3.2145821 3.2215871 3.7109087 2.7202839 2.1458533 2.6337983 2.8481691 2.5535348 2.6672893 1.9464155 3.6011056 3.6169396 3.3451543 2.2438136 3.4622490 
