71
Bralan_BLAG14001007_1                               0.0000000 0.3863253 0.4199434 0.4152379 0.4288902 0.4853935 0.5080008 0.4217099 0.5097294 0.4838507 0.4913121 0.4913121 0.5527657 0.5037380 0.5335258 0.5969391 0.5969391 0.5100954 0.5068556 0.5074172 0.5074172 0.6719900 0.5940739 0.5940739 0.4394174 0.4552165 0.3616779 0.4033852 0.4074244 0.5269020 0.4967272 0.6149579 0.6204828 0.5991680 0.6094885 0.4846851 0.5819429 0.6617944 0.5210652 0.4053003 0.6862665 0.6863335 0.6863335 0.7059610 0.6431468 0.5605753 0.5600038 0.5675678 0.5421255 0.7673776 0.7390621 0.7394130 0.6566915 0.8201724 0.6209322 0.6727168 0.6651570 0.7243998 0.6674802 0.9404893 1.0242726 0.8166184 0.8531081 1.0519038 0.5216865 0.4496403 0.7127769 1.1515981 1.4209775 0.5130526 1.9987052 
Skow_XM_002730616.2                                 0.3863253 0.0000000 0.3668795 0.3532991 0.4966357 0.5877662 0.6807375 0.4835324 0.6417021 0.6111797 0.6035484 0.6035484 0.5944825 0.5102274 0.5347144 0.6076884 0.6076884 0.5259537 0.5368195 0.5429786 0.5429786 0.6033795 0.6253289 0.6355503 0.6080232 0.4526543 0.4801944 0.4847678 0.5757177 0.6784953 0.4677749 0.6106799 0.6463425 0.5361476 0.6460818 0.4053634 0.5662078 0.7143840 0.5674945 0.4909584 0.5809385 0.6041153 0.6041153 0.6305457 0.5949029 0.4949405 0.4863923 0.5713467 0.5221636 0.7974294 0.8771677 0.8042971 0.7656931 0.8892130 0.7605302 0.7382984 0.7639710 0.7919893 0.6926041 1.0928491 1.3636705 0.9721305 1.0850302 1.0252633 0.7469669 0.4832611 0.8226380 1.0539983 1.5273090 0.3789719 1.9534373 
Spur_XM_030978152.1                                 0.4199434 0.3668795 0.0000000 0.3931930 0.4838810 0.5484659 0.5304698 0.4500636 0.4906701 0.4843070 0.4712934 0.4712934 0.5463397 0.3751608 0.4060351 0.5051299 0.5051299 0.4321598 0.4496804 0.4544577 0.4544577 0.4679754 0.5446111 0.5682915 0.4806193 0.3428207 0.3699998 0.3774518 0.4330543 0.5191177 0.4939779 0.4875208 0.5554304 0.4428308 0.6591654 0.5063588 0.4843325 0.6909918 0.6172440 0.5587000 0.6318628 0.7100089 0.7100089 0.6204932 0.6400634 0.4981618 0.5198505 0.5005679 0.4808769 0.7088749 0.8844218 0.8190660 0.7289150 0.9264394 0.6584153 0.7127761 0.7295390 0.8674221 0.6352119 1.0952343 1.1457065 1.0255039 1.0591414 1.0889121 0.7623735 0.4084877 0.8698471 1.1140375 1.4788242 0.4262156 1.8958582 
Tcas_TC015547_001                                   0.4152379 0.3532991 0.3931930 0.0000000 0.2411050 0.3496772 0.3374704 0.2795260 0.3811508 0.3608596 0.3257677 0.3257677 0.3588468 0.2980548 0.2702402 0.3095400 0.3095400 0.3067360 0.3133896 0.3249855 0.3249855 0.2845009 0.3967592 0.3967592 0.4517283 0.3325745 0.4289972 0.4036590 0.4280252 0.4342524 0.2582633 0.3816770 0.3549020 0.3619794 0.4563448 0.3575902 0.4304444 0.5550045 0.4582726 0.3405235 0.5810098 0.6229251 0.6229251 0.6317831 0.6052998 0.5399322 0.5399322 0.5275225 0.3993201 0.5627386 0.5809567 0.5226883 0.5220894 0.6859282 0.4343849 0.5656798 0.5243727 0.5956643 0.4731752 0.8789284 0.9632005 0.7088039 0.7426987 0.8616668 0.6532656 0.3484778 0.7592648 0.9862046 1.1027799 0.3302173 1.5895767 
Dpul_mRNA25341                                      0.4288902 0.4966357 0.4838810 0.2411050 0.0000000 0.3893344 0.4202002 0.4398301 0.4968279 0.4720410 0.4281519 0.4281519 0.5599450 0.3606115 0.3709440 0.3502177 0.3502177 0.3507828 0.3660508 0.3682945 0.3682945 0.3706991 0.4126004 0.4126004 0.5012556 0.3508072 0.4387049 0.4033272 0.4783964 0.5288185 0.4170099 0.5685156 0.5191149 0.4858108 0.5331054 0.3554892 0.6171868 0.7170823 0.5935513 0.4747916 0.7129681 0.7304757 0.7304757 0.7323639 0.6883107 0.6729344 0.6966483 0.6370007 0.5010556 0.7436721 0.6868041 0.6750498 0.5694319 0.7465592 0.6681708 0.6773090 0.5704963 0.7060380 0.6116107 1.0320997 0.9982093 0.8701271 0.9166895 1.0098962 0.7620150 0.4150500 0.7733145 1.0267665 1.3122553 0.3795471 1.8542923 
Exapal_XM_021040887.2                               0.4853935 0.5877662 0.5484659 0.3496772 0.3893344 0.0000000 0.1262575 0.2350967 0.1663998 0.1799011 0.1807774 0.1807774 0.3321982 0.2819337 0.3293361 0.3837303 0.3837303 0.3826904 0.3802323 0.3807416 0.3807416 0.3301511 0.3823265 0.3823265 0.3476072 0.3641698 0.4162083 0.4177336 0.4338721 0.3864987 0.4465818 0.4365126 0.3927802 0.4406483 0.4303876 0.4725391 0.3980013 0.6188540 0.4921607 0.4183674 0.6810544 0.7357698 0.7357698 0.7413316 0.6709802 0.6424982 0.6424982 0.5201512 0.4500085 0.8355203 0.6830814 0.7102895 0.6568894 0.8214335 0.6111263 0.5616987 0.5327453 0.5394302 0.5468079 1.1851767 1.2708705 0.9540927 0.9584629 1.0924163 0.7809462 0.1698884 0.9182702 0.9794471 1.2193304 0.4462252 2.1568894 
Nvec_v1g214407                                      0.5080008 0.6807375 0.5304698 0.3374704 0.4202002 0.1262575 0.0000000 0.2672018 0.2319574 0.2230217 0.1814246 0.1814246 0.3713937 0.3043996 0.3610234 0.3486439 0.3486439 0.3530622 0.3507456 0.3500519 0.3500519 0.3728330 0.4254459 0.4304871 0.4040268 0.2718993 0.3196095 0.3240108 0.3914964 0.2967795 0.3883491 0.3801956 0.3784157 0.3185231 0.4543046 0.4296121 0.3318740 0.4977257 0.4162509 0.4223534 0.6918062 0.7594127 0.7594127 0.7510864 0.6449045 0.6459020 0.6436201 0.5109750 0.3562707 0.7265909 0.6351168 0.7220029 0.6174005 0.8130839 0.5502626 0.5494082 0.4754835 0.5614953 0.4016452 1.1558482 1.1872654 0.8503668 0.8488206 0.9760370 0.7032323 0.2147288 0.8848747 1.0430074 1.3717179 0.4683154 2.2957251 
Adig_XM_015904011.1                                 0.4217099 0.4835324 0.4500636 0.2795260 0.4398301 0.2350967 0.2672018 0.0000000 0.1230978 0.1109170 0.1528340 0.1528340 0.0514022 0.2132989 0.2262617 0.3539891 0.3539891 0.3682631 0.3659190 0.3699582 0.3699582 0.3420460 0.3865400 0.3865400 0.3274424 0.2491658 0.3162211 0.3207086 0.3057310 0.4279784 0.3410189 0.3103701 0.3280907 0.3787884 0.4452024 0.4800287 0.2739119 0.4420576 0.3805744 0.3735941 0.6611848 0.6910303 0.6910303 0.6856189 0.6051371 0.5479867 0.5461056 0.4275718 0.2823728 0.6720688 0.6366910 0.6637259 0.5135263 0.6696094 0.5444383 0.5671833 0.5462450 0.5918900 0.4708466 1.1161887 1.1573741 0.8558459 0.8621954 1.0185028 0.6307655 0.0852091 0.7817986 0.9756045 1.0347075 0.3332123 1.8807803 
Fspp_ffun1.m4.17380.m1                              0.5097294 0.6417021 0.4906701 0.3811508 0.4968279 0.1663998 0.2319574 0.1230978 0.0000000 0.0092950 0.0698021 0.0698021 0.1972102 0.2154126 0.2549717 0.3662901 0.3662901 0.4079299 0.4052625 0.4096881 0.4096881 0.3862887 0.4441454 0.4441454 0.3495423 0.3185121 0.3698903 0.3728110 0.4022956 0.4986247 0.4434531 0.3877965 0.3632610 0.4059510 0.4978797 0.4959076 0.3633958 0.5862554 0.4721834 0.4279537 0.7399026 0.7868299 0.7868299 0.8087695 0.7451017 0.6561905 0.6538946 0.5500950 0.3543562 0.7527033 0.6702045 0.7724043 0.6168157 0.7577521 0.6627008 0.6414440 0.5776533 0.5959091 0.5368254 1.2816876 1.3486274 0.9907072 1.0348075 1.1596742 0.7354327 0.0528273 0.8498526 1.0412230 1.1064911 0.4564607 2.1268936 
Gasp_gasp1.m3.16003.m1                              0.4838507 0.6111797 0.4843070 0.3608596 0.4720410 0.1799011 0.2230217 0.1109170 0.0092950 0.0000000 0.0587947 0.0587947 0.1821777 0.2260164 0.2671127 0.3589867 0.3589867 0.3995464 0.3969808 0.4012712 0.4012712 0.3862887 0.4330862 0.4330862 0.3562232 0.3109847 0.3624619 0.3655792 0.3946899 0.4790965 0.4191449 0.3784966 0.3816840 0.3986212 0.4819700 0.4829809 0.3570301 0.5598812 0.4638626 0.4042085 0.7456622 0.7507818 0.7507818 0.7712862 0.7100992 0.6261654 0.6240047 0.5230855 0.3462851 0.7428578 0.6615722 0.7605638 0.6089055 0.7482189 0.6323223 0.6311575 0.5533726 0.6179314 0.5150173 1.2647329 1.3138040 0.9634644 0.9828593 1.1465179 0.6984791 0.0528273 0.8368195 0.9899754 1.0905824 0.4348249 2.0882632 
Spis_XP_022792025_1                                 0.4913121 0.6035484 0.4712934 0.3257677 0.4281519 0.1807774 0.1814246 0.1528340 0.0698021 0.0587947 0.0000000 0.0000010 0.2346657 0.2561200 0.2870113 0.3527235 0.3527235 0.3412081 0.3389919 0.3429219 0.3429219 0.3289143 0.4796987 0.4796987 0.3217759 0.2982333 0.3462401 0.3498511 0.3726302 0.4028593 0.3841590 0.3398317 0.3427986 0.3800770 0.4978493 0.4904151 0.3742869 0.5348032 0.4399160 0.3524704 0.7801502 0.8212437 0.8212437 0.8071571 0.7432945 0.6547121 0.6523676 0.5794699 0.3111790 0.7034165 0.6131924 0.6640057 0.5716998 0.7495630 0.6117278 0.6232099 0.5983674 0.6736469 0.5035549 1.1770592 1.2226256 0.8420996 0.8843886 1.0409862 0.7215907 0.0891055 0.8894946 1.1021116 1.0863029 0.4356194 2.1527862 
Pocdam_XM_027197981.1                               0.4913121 0.6035484 0.4712934 0.3257677 0.4281519 0.1807774 0.1814246 0.1528340 0.0698021 0.0587947 0.0000010 0.0000000 0.2346657 0.2561200 0.2870113 0.3527235 0.3527235 0.3412081 0.3389919 0.3429219 0.3429219 0.3289143 0.4796987 0.4796987 0.3217759 0.2982333 0.3462401 0.3498511 0.3726302 0.4028593 0.3841590 0.3398317 0.3427986 0.3800770 0.4978493 0.4904151 0.3742869 0.5348032 0.4399160 0.3524704 0.7801502 0.8212437 0.8212437 0.8071571 0.7432945 0.6547121 0.6523676 0.5794699 0.3111790 0.7034165 0.6131924 0.6640057 0.5716998 0.7495630 0.6117278 0.6232099 0.5983674 0.6736469 0.5035549 1.1770592 1.2226256 0.8420996 0.8843886 1.0409862 0.7215907 0.0891055 0.8894946 1.1021116 1.0863029 0.4356194 2.1527862 
Amil_Amillepora24648-RA                             0.5527657 0.5944825 0.5463397 0.3588468 0.5599450 0.3321982 0.3713937 0.0514022 0.1972102 0.1821777 0.2346657 0.2346657 0.0000000 0.2937063 0.3150410 0.4336897 0.4336897 0.4532130 0.4501136 0.4550637 0.4550637 0.5100284 0.4683977 0.4683977 0.4369094 0.3603336 0.4272380 0.4285187 0.4096062 0.5557833 0.4539243 0.3867126 0.4259156 0.4607810 0.5769501 0.6091118 0.3450805 0.5337856 0.4952963 0.5013367 0.8062386 0.8379904 0.8379904 0.8154410 0.7267911 0.6529620 0.6505806 0.5325955 0.3805720 0.8331093 0.7989185 0.8064313 0.6480105 0.8386119 0.6848490 0.7126972 0.6811273 0.7299488 0.5749585 1.3870099 1.4325771 1.0477654 1.0750072 1.2542381 0.7923551 0.1584429 0.9790157 1.1632366 1.2978753 0.4528928 2.2909691 
Dgig_XM_028544297.1                                 0.5037380 0.5102274 0.3751608 0.2980548 0.3606115 0.2819337 0.3043996 0.2132989 0.2154126 0.2260164 0.2561200 0.2561200 0.2937063 0.0000000 0.0485486 0.2888549 0.2888549 0.2800962 0.2948998 0.2982409 0.2982409 0.3204693 0.2960562 0.2960562 0.3920902 0.2562911 0.3043796 0.2778360 0.3452011 0.4268575 0.3269705 0.3895202 0.3659338 0.3593992 0.3993820 0.4573650 0.3447690 0.5574970 0.3941304 0.4313535 0.5649787 0.5963527 0.5963527 0.5838332 0.5682366 0.5279333 0.5220500 0.4255740 0.3052581 0.6592827 0.7012086 0.6254624 0.5958848 0.7298924 0.5404268 0.6201721 0.5739278 0.5786620 0.4890963 1.0125885 1.1016683 0.9452828 0.9710793 1.0582648 0.7229918 0.1921464 0.8458797 0.9331613 1.2086467 0.4311609 2.1824166 
Xesp_014709-T1                                      0.5335258 0.5347144 0.4060351 0.2702402 0.3709440 0.3293361 0.3610234 0.2262617 0.2549717 0.2671127 0.2870113 0.2870113 0.3150410 0.0485486 0.0000000 0.2864116 0.2864116 0.2869422 0.3027363 0.3063517 0.3063517 0.3453251 0.3260299 0.3260299 0.4078117 0.2934912 0.3264119 0.2975728 0.3837859 0.4518885 0.3310649 0.4311505 0.3883464 0.3895123 0.4325903 0.4713415 0.3690315 0.5792831 0.4204356 0.4644618 0.6129036 0.6471247 0.6471247 0.6305381 0.6417815 0.5396345 0.5336584 0.4919554 0.3390051 0.6927427 0.7129846 0.6375619 0.6029751 0.7613975 0.5548658 0.6775755 0.6153114 0.6465592 0.5571067 1.0401800 1.1257360 0.9866729 1.0141281 1.0765519 0.7553342 0.2220732 0.9025941 1.0186848 1.1705982 0.4775972 2.1457693 
Tadh_TriadT35934                                    0.5969391 0.6076884 0.5051299 0.3095400 0.3502177 0.3837303 0.3486439 0.3539891 0.3662901 0.3589867 0.3527235 0.3527235 0.4336897 0.2888549 0.2864116 0.0000000 0.0000010 0.0781307 0.0900706 0.1015874 0.1015874 0.1391300 0.3139834 0.3139834 0.4619214 0.3531946 0.4075193 0.3477726 0.4643936 0.4394304 0.4461627 0.3801930 0.3897796 0.3536195 0.4235386 0.4082506 0.3720427 0.5088061 0.4951995 0.4951817 0.6428541 0.6852118 0.6852118 0.6473088 0.6610311 0.6299149 0.6276775 0.5825009 0.3967097 0.5849404 0.5270172 0.5425939 0.5798133 0.7124753 0.6116602 0.6969147 0.5468013 0.6986297 0.5041382 1.0948070 1.0562878 0.7435511 0.8364386 0.9953282 0.7764723 0.3456322 0.8368246 1.0799447 1.0748139 0.4519248 1.9859182 
TrH2_TrispH2_004338-RA                              0.5969391 0.6076884 0.5051299 0.3095400 0.3502177 0.3837303 0.3486439 0.3539891 0.3662901 0.3589867 0.3527235 0.3527235 0.4336897 0.2888549 0.2864116 0.0000010 0.0000000 0.0781307 0.0900706 0.1015874 0.1015874 0.1391300 0.3139834 0.3139834 0.4619214 0.3531946 0.4075193 0.3477726 0.4643936 0.4394304 0.4461627 0.3801930 0.3897796 0.3536195 0.4235386 0.4082506 0.3720427 0.5088061 0.4951995 0.4951817 0.6428541 0.6852118 0.6852118 0.6473088 0.6610311 0.6299149 0.6276775 0.5825009 0.3967097 0.5849404 0.5270172 0.5425939 0.5798133 0.7124753 0.6116602 0.6969147 0.5468013 0.6986297 0.5041382 1.0948070 1.0562878 0.7435511 0.8364386 0.9953282 0.7764723 0.3456322 0.8368246 1.0799447 1.0748139 0.4519248 1.9859182 
HoiH06_mRNA6717                                     0.5100954 0.5259537 0.4321598 0.3067360 0.3507828 0.3826904 0.3530622 0.3682631 0.4079299 0.3995464 0.3412081 0.3412081 0.4532130 0.2800962 0.2869422 0.0781307 0.0781307 0.0000000 0.0096132 0.0193210 0.0193210 0.0618497 0.2936255 0.2936255 0.3703311 0.3281084 0.3872056 0.3298200 0.4266227 0.3509768 0.3992218 0.3805999 0.3904388 0.3714242 0.4404471 0.4414527 0.3829193 0.5054404 0.4647381 0.4751627 0.6965127 0.7272735 0.7272735 0.6590578 0.7195229 0.6766435 0.6823672 0.6044244 0.3933477 0.5873101 0.6099586 0.5710215 0.5259744 0.7186867 0.5240702 0.6713072 0.5673734 0.7283257 0.4917454 1.0081164 1.0229037 0.7008252 0.8419775 0.9107001 0.7971442 0.3743878 0.8456260 1.2143845 1.2232072 0.3824114 2.1441540 
HoiH23_PlH23_009491-RA                              0.5068556 0.5368195 0.4496804 0.3133896 0.3660508 0.3802323 0.3507456 0.3659190 0.4052625 0.3969808 0.3389919 0.3389919 0.4501136 0.2948998 0.3027363 0.0900706 0.0900706 0.0096132 0.0000000 0.0095547 0.0095547 0.0402900 0.3085950 0.3085950 0.3678787 0.3281084 0.3845887 0.3465302 0.4238297 0.3487063 0.4078982 0.3781912 0.3878105 0.3884178 0.4494291 0.4500547 0.3804441 0.5016101 0.4612071 0.4945397 0.7090658 0.7403032 0.7403032 0.6793454 0.7150297 0.6970487 0.7028413 0.6004610 0.3933477 0.6099273 0.5868914 0.5604303 0.5455896 0.6943218 0.5205864 0.6670215 0.5637471 0.7238256 0.4884292 1.0005997 0.9988268 0.6895292 0.8311177 0.9002052 0.7919150 0.3718528 0.8710810 1.2075366 1.1888889 0.3824114 2.0963532 
Hhon_g06249.t1                                      0.5074172 0.5429786 0.4544577 0.3249855 0.3682945 0.3807416 0.3500519 0.3699582 0.4096881 0.4012712 0.3429219 0.3429219 0.4550637 0.2982409 0.3063517 0.1015874 0.1015874 0.0193210 0.0095547 0.0000000 0.0000010 0.0609780 0.3061060 0.3061060 0.3649021 0.3281084 0.3814792 0.3436237 0.4101057 0.3480201 0.4219073 0.3914888 0.4019575 0.3877628 0.4499693 0.4495408 0.3809566 0.5059116 0.4467663 0.4999863 0.7162734 0.7477946 0.7477946 0.6945064 0.7224494 0.7032769 0.7091007 0.5966043 0.3933477 0.6270660 0.6048183 0.5776455 0.5623330 0.7135405 0.5363507 0.6669539 0.5691300 0.7301600 0.5038706 1.0096050 1.0081820 0.6895292 0.8389610 0.9002052 0.7679774 0.3761955 0.8792696 1.2194400 1.1997989 0.3824114 2.1444940 
HoiH04_mRNA1120                                     0.5074172 0.5429786 0.4544577 0.3249855 0.3682945 0.3807416 0.3500519 0.3699582 0.4096881 0.4012712 0.3429219 0.3429219 0.4550637 0.2982409 0.3063517 0.1015874 0.1015874 0.0193210 0.0095547 0.0000010 0.0000000 0.0609780 0.3061060 0.3061060 0.3649021 0.3281084 0.3814792 0.3436237 0.4101057 0.3480201 0.4219073 0.3914888 0.4019575 0.3877628 0.4499693 0.4495408 0.3809566 0.5059116 0.4467663 0.4999863 0.7162734 0.7477946 0.7477946 0.6945064 0.7224494 0.7032769 0.7091007 0.5966043 0.3933477 0.6270660 0.6048183 0.5776455 0.5623330 0.7135405 0.5363507 0.6669539 0.5691300 0.7301600 0.5038706 1.0096050 1.0081820 0.6895292 0.8389610 0.9002052 0.7679774 0.3761955 0.8792696 1.2194400 1.1997989 0.3824114 2.1444940 
HoiH11_mRNA5685                                     0.6719900 0.6033795 0.4679754 0.2845009 0.3706991 0.3301511 0.3728330 0.3420460 0.3862887 0.3862887 0.3289143 0.3289143 0.5100284 0.3204693 0.3453251 0.1391300 0.1391300 0.0618497 0.0402900 0.0609780 0.0609780 0.0000000 0.2675864 0.2675864 0.3571235 0.3702695 0.5001038 0.4629682 0.4718193 0.4011652 0.3683173 0.3666076 0.3892210 0.3536100 0.4832252 0.5544192 0.3658012 0.6456055 0.4806070 0.4601670 0.9409126 0.8946852 0.8946852 0.8432427 0.8804281 0.9069356 0.9189258 0.7145255 0.4505089 0.4863079 0.4517652 0.3967527 0.4722092 0.5715024 0.4700124 0.5804764 0.5233527 0.6084350 0.5156430 0.8002407 0.6963215 0.6713886 0.8646845 0.7993411 0.6568026 0.3343036 0.6324386 2.0753891 0.6473048 0.2066613 0.5634209 
Ocar_g3311                                          0.5940739 0.6253289 0.5446111 0.3967592 0.4126004 0.3823265 0.4254459 0.3865400 0.4441454 0.4330862 0.4796987 0.4796987 0.4683977 0.2960562 0.3260299 0.3139834 0.3139834 0.2936255 0.3085950 0.3061060 0.3061060 0.2675864 0.0000000 0.0092209 0.4426178 0.3171833 0.3822451 0.3532443 0.4758284 0.4485174 0.4343320 0.4518444 0.5216129 0.3791507 0.3553980 0.4989563 0.4015274 0.7185532 0.6096065 0.5484018 0.7764186 0.7975158 0.7975158 0.6893347 0.7468135 0.7161983 0.7218992 0.5412925 0.4081396 0.6926312 0.6515418 0.5599006 0.6871414 0.7989286 0.5347803 0.6809724 0.5760647 0.6477909 0.5210753 1.0105048 1.0453350 0.7856500 0.8788889 0.9616667 0.6916737 0.3443094 0.8069481 1.1871728 1.2504181 0.3740799 2.0378956 
Opea_EP00118_Oscarella_pearsei_P025642              0.5940739 0.6355503 0.5682915 0.3967592 0.4126004 0.3823265 0.4304871 0.3865400 0.4441454 0.4330862 0.4796987 0.4796987 0.4683977 0.2960562 0.3260299 0.3139834 0.3139834 0.2936255 0.3085950 0.3061060 0.3061060 0.2675864 0.0092209 0.0000000 0.4554310 0.3171833 0.3822451 0.3532443 0.4986009 0.4517501 0.4422435 0.4552844 0.5259925 0.4002773 0.3701689 0.4989563 0.4015274 0.7250669 0.6370336 0.5258848 0.7806602 0.8019440 0.8019440 0.7176979 0.7508766 0.7161983 0.7218992 0.5412925 0.4081396 0.6926312 0.6548128 0.5599006 0.7088788 0.8037255 0.5394318 0.7101955 0.6025313 0.6595992 0.5257572 1.0295304 1.0655788 0.7856500 0.8788889 0.9616667 0.7223960 0.3443094 0.8334791 1.2086184 1.2743820 0.3740799 2.0567132 
Chem_TCONS_00063262                                 0.4394174 0.6080232 0.4806193 0.4517283 0.5012556 0.3476072 0.4040268 0.3274424 0.3495423 0.3562232 0.3217759 0.3217759 0.4369094 0.3920902 0.4078117 0.4619214 0.4619214 0.3703311 0.3678787 0.3649021 0.3649021 0.3571235 0.4426178 0.4554310 0.0000000 0.2690201 0.1861950 0.2224392 0.2386495 0.2843976 0.4133636 0.4772936 0.4629563 0.4316432 0.4851441 0.5213457 0.4045964 0.6266254 0.4899405 0.4393430 0.7299683 0.8070091 0.8070091 0.7312320 0.7040115 0.6836599 0.6894885 0.4822427 0.3826184 0.7734987 0.7321249 0.6918319 0.6118150 0.8304715 0.6626979 0.7517014 0.7539684 0.8321773 0.6706958 1.0817688 1.1317105 0.9079657 0.9121143 0.9910079 0.7756159 0.3114928 0.8671141 1.4200699 1.1153040 0.2494388 2.2533092 
Aaur_scaffold226.g7.t1                              0.4552165 0.4526543 0.3428207 0.3325745 0.3508072 0.3641698 0.2718993 0.2491658 0.3185121 0.3109847 0.2982333 0.2982333 0.3603336 0.2562911 0.2934912 0.3531946 0.3531946 0.3281084 0.3281084 0.3281084 0.3281084 0.3702695 0.3171833 0.3171833 0.2690201 0.0000000 0.1140442 0.0854647 0.1637311 0.2163661 0.3137593 0.2947651 0.3232461 0.2732285 0.3410226 0.4400509 0.3042746 0.4750276 0.3185536 0.3439208 0.6116111 0.7001738 0.7001738 0.7189311 0.6924735 0.6321370 0.6321370 0.3761668 0.3792645 0.6694358 0.6267378 0.5450328 0.5427343 0.6813165 0.6379548 0.5050675 0.6154632 0.6670965 0.5024304 0.9136099 1.0432689 0.8670978 0.8034472 0.9453531 0.6235374 0.2319143 0.7655153 0.6634451 1.2801054 0.3217268 2.9313585 
Nemnom_g17600.t1                                    0.3616779 0.4801944 0.3699998 0.4289972 0.4387049 0.4162083 0.3196095 0.3162211 0.3698903 0.3624619 0.3462401 0.3462401 0.4272380 0.3043796 0.3264119 0.4075193 0.4075193 0.3872056 0.3845887 0.3814792 0.3814792 0.5001038 0.3822451 0.3822451 0.1861950 0.1140442 0.0000000 0.0394708 0.1587558 0.1653937 0.3250932 0.4054199 0.4299623 0.3127571 0.4438611 0.4956121 0.3418234 0.4899587 0.3418038 0.3645599 0.5486009 0.6056053 0.6056053 0.6063502 0.5776827 0.5551646 0.5551646 0.3420964 0.3412324 0.6467916 0.6119597 0.5521471 0.5308889 0.6617354 0.5087941 0.6297446 0.6649816 0.7432269 0.5815300 0.8451542 0.9367892 0.8093386 0.7643704 0.9868550 0.6138421 0.3414074 0.7829980 1.1655393 1.2134073 0.3716110 2.1300941 
Rhoesc_Res_007434-T1                                0.4033852 0.4847678 0.3774518 0.4036590 0.4033272 0.4177336 0.3240108 0.3207086 0.3728110 0.3655792 0.3498511 0.3498511 0.4285187 0.2778360 0.2975728 0.3477726 0.3477726 0.3298200 0.3465302 0.3436237 0.3436237 0.4629682 0.3532443 0.3532443 0.2224392 0.0854647 0.0394708 0.0000000 0.1665484 0.1896366 0.3149590 0.4072622 0.4310805 0.2628269 0.3902352 0.4672865 0.3157878 0.4729724 0.3302332 0.3783187 0.5632023 0.6203623 0.6203623 0.6135226 0.6263050 0.5623892 0.5623892 0.3608138 0.3125858 0.6295868 0.6212095 0.5591887 0.5159524 0.6717508 0.5623882 0.5975746 0.6321296 0.7172899 0.5498911 0.8314509 0.9393668 0.8062360 0.7951735 0.9635382 0.6699785 0.3454318 0.7713605 1.2285215 1.2100312 0.3773012 2.1921787 
Morvir_scaffold68.g38.t1                            0.4074244 0.5757177 0.4330543 0.4280252 0.4783964 0.4338721 0.3914964 0.3057310 0.4022956 0.3946899 0.3726302 0.3726302 0.4096062 0.3452011 0.3837859 0.4643936 0.4643936 0.4266227 0.4238297 0.4101057 0.4101057 0.4718193 0.4758284 0.4986009 0.2386495 0.1637311 0.1587558 0.1665484 0.0000000 0.3301305 0.3553115 0.4580947 0.4842794 0.3800369 0.5082771 0.5019146 0.3829784 0.5418214 0.3567845 0.4497276 0.7610027 0.8277378 0.8277378 0.7108202 0.6812283 0.6862211 0.6828922 0.4384508 0.3915098 0.7070132 0.7499450 0.6208333 0.6482664 0.7925140 0.6927899 0.6903277 0.7248545 0.8092588 0.6901184 1.0042571 1.0642088 0.8196102 0.8375749 0.9694624 0.6938308 0.3760627 0.8468881 1.4359215 1.2340782 0.3682308 2.1651379 
Sanmal_Sma_015307-T1                                0.5269020 0.6784953 0.5191177 0.4342524 0.5288185 0.3864987 0.2967795 0.4279784 0.4986247 0.4790965 0.4028593 0.4028593 0.5557833 0.4268575 0.4518885 0.4394304 0.4394304 0.3509768 0.3487063 0.3480201 0.3480201 0.4011652 0.4485174 0.4517501 0.2843976 0.2163661 0.1653937 0.1896366 0.3301305 0.0000000 0.3883708 0.5203034 0.5476980 0.4076863 0.4391812 0.5250591 0.4169715 0.5451031 0.4602222 0.4131280 0.7030923 0.7637511 0.7637511 0.7303188 0.6932960 0.7015153 0.7000338 0.4674911 0.3979636 0.6789745 0.7238622 0.6953407 0.6833480 0.8732759 0.5083157 0.7686153 0.7150521 0.8456888 0.6651617 1.0176678 1.0636816 0.7482249 0.7519366 0.9306033 0.8117530 0.4263952 0.9090712 1.3385793 1.4558776 0.3978190 2.2417368 
Acagra_model.g5394.t1                               0.4967272 0.4677749 0.4939779 0.2582633 0.4170099 0.4465818 0.3883491 0.3410189 0.4434531 0.4191449 0.3841590 0.3841590 0.4539243 0.3269705 0.3310649 0.4461627 0.4461627 0.3992218 0.4078982 0.4219073 0.4219073 0.3683173 0.4343320 0.4422435 0.4133636 0.3137593 0.3250932 0.3149590 0.3553115 0.3883708 0.0000000 0.4916834 0.4371201 0.4473287 0.4963092 0.3895968 0.4601170 0.6167649 0.4257246 0.4187150 0.5871834 0.6377050 0.6377050 0.5902623 0.6005781 0.6414388 0.6401513 0.5160727 0.3873943 0.6478331 0.6525805 0.6143094 0.6173141 0.8321675 0.5550868 0.6334408 0.5699031 0.5967642 0.4456358 0.8494027 0.8993290 0.6334858 0.8066774 0.8082299 0.6423003 0.3514559 0.8474071 1.1432261 1.2288866 0.4666125 2.3090219 
Emue_Em0006g1168a.t1                                0.6149579 0.6106799 0.4875208 0.3816770 0.5685156 0.4365126 0.3801956 0.3103701 0.3877965 0.3784966 0.3398317 0.3398317 0.3867126 0.3895202 0.4311505 0.3801930 0.3801930 0.3805999 0.3781912 0.3914888 0.3914888 0.3666076 0.4518444 0.4552844 0.4772936 0.2947651 0.4054199 0.4072622 0.4580947 0.5203034 0.4916834 0.0000000 0.0938141 0.3905409 0.5311200 0.4967932 0.3529234 0.5497147 0.4634206 0.5303240 0.8391829 0.9217907 0.9217907 0.8556345 0.7614380 0.7150721 0.6914968 0.6151931 0.3044197 0.7415013 0.7569047 0.6331220 0.6710974 0.7415745 0.6426735 0.6520431 0.6706848 0.7444761 0.5062068 1.1765059 1.3455005 0.9441402 1.0107497 1.0412311 0.8282703 0.2927868 0.9980140 1.2421889 1.2091820 0.4727373 2.3476434 
Spolac_c98910_g1_i1_m.18319c98910-g1                0.6204828 0.6463425 0.5554304 0.3549020 0.5191149 0.3927802 0.3784157 0.3280907 0.3632610 0.3816840 0.3427986 0.3427986 0.4259156 0.3659338 0.3883464 0.3897796 0.3897796 0.3904388 0.3878105 0.4019575 0.4019575 0.3892210 0.5216129 0.5259925 0.4629563 0.3232461 0.4299623 0.4310805 0.4842794 0.5476980 0.4371201 0.0938141 0.0000000 0.4043417 0.4999944 0.5235670 0.3858234 0.5748958 0.4623260 0.5176211 0.8290910 0.9425306 0.9425306 0.8714620 0.7770462 0.7444948 0.7203992 0.6388137 0.3471376 0.7634541 0.7558202 0.6756737 0.6704909 0.7664141 0.6636802 0.6697766 0.6099509 0.6666963 0.5294827 1.1334505 1.2881271 0.9224541 1.0590301 0.9935754 0.8787483 0.3134761 1.0168985 1.3235282 1.0655627 0.5739885 2.4642697 
Stycar_maker-SC_scaffold19670-snap-gene-0.12-mRNA-1 0.5991680 0.5361476 0.4428308 0.3619794 0.4858108 0.4406483 0.3185231 0.3787884 0.4059510 0.3986212 0.3800770 0.3800770 0.4607810 0.3593992 0.3895123 0.3536195 0.3536195 0.3714242 0.3884178 0.3877628 0.3877628 0.3536100 0.3791507 0.4002773 0.4316432 0.2732285 0.3127571 0.2628269 0.3800369 0.4076863 0.4473287 0.3905409 0.4043417 0.0000000 0.4638610 0.4125460 0.3356637 0.5841641 0.4626291 0.4672440 0.7728427 0.8433856 0.8433856 0.8118195 0.7397360 0.7395915 0.7136612 0.5338817 0.2086591 0.5858203 0.7347996 0.6534577 0.6546076 0.8076821 0.7763930 0.5261213 0.4758794 0.6126257 0.5748068 1.0150127 1.2064606 0.8765937 0.9374117 0.9798203 0.7516601 0.3600405 0.7798797 1.2860177 1.1228820 0.4513775 2.1540437 
Plajan_Pjan_C530173_01                              0.6094885 0.6460818 0.6591654 0.4563448 0.5331054 0.4303876 0.4543046 0.4452024 0.4978797 0.4819700 0.4978493 0.4978493 0.5769501 0.3993820 0.4325903 0.4235386 0.4235386 0.4404471 0.4494291 0.4499693 0.4499693 0.4832252 0.3553980 0.3701689 0.4851441 0.3410226 0.4438611 0.3902352 0.5082771 0.4391812 0.4963092 0.5311200 0.4999944 0.4638610 0.0000000 0.4860468 0.4297528 0.7482722 0.6378073 0.5802739 0.7148482 0.7783116 0.7783116 0.7740093 0.7327518 0.7212449 0.6977284 0.5469201 0.4138092 0.7901645 0.6902380 0.7377870 0.7719049 0.9383090 0.5943987 0.8025258 0.6326491 0.7466588 0.6956956 1.0709578 1.1964257 0.8562886 0.9138663 1.0476323 0.8149010 0.4537567 0.9556208 1.2134567 1.3623481 0.5053323 2.3754431 
Cscu_XM_023362290.1                                 0.4846851 0.4053634 0.5063588 0.3575902 0.3554892 0.4725391 0.4296121 0.4800287 0.4959076 0.4829809 0.4904151 0.4904151 0.6091118 0.4573650 0.4713415 0.4082506 0.4082506 0.4414527 0.4500547 0.4495408 0.4495408 0.5544192 0.4989563 0.4989563 0.5213457 0.4400509 0.4956121 0.4672865 0.5019146 0.5250591 0.3895968 0.4967932 0.5235670 0.4125460 0.4860468 0.0000000 0.5548101 0.7294496 0.5811371 0.5422386 0.5623963 0.5827626 0.5827626 0.6109124 0.6118994 0.5986424 0.5986424 0.5039085 0.4448150 0.8460230 0.6721220 0.6886163 0.6106896 0.8133538 0.5256559 0.5021577 0.4903065 0.5416137 0.6683752 0.7757133 1.0120757 0.8875178 0.8509854 0.9004785 0.7652602 0.4473390 0.8593791 0.8359401 1.0934762 0.4849066 1.9201992 
Plespi_Pspi_C585224_01                              0.5819429 0.5662078 0.4843325 0.4304444 0.6171868 0.3980013 0.3318740 0.2739119 0.3633958 0.3570301 0.3742869 0.3742869 0.3450805 0.3447690 0.3690315 0.3720427 0.3720427 0.3829193 0.3804441 0.3809566 0.3809566 0.3658012 0.4015274 0.4015274 0.4045964 0.3042746 0.3418234 0.3157878 0.3829784 0.4169715 0.4601170 0.3529234 0.3858234 0.3356637 0.4297528 0.5548101 0.0000000 0.4032249 0.3359955 0.5181137 0.7398892 0.8047029 0.8047029 0.7943790 0.6887954 0.6622410 0.6598567 0.5176865 0.3201542 0.5947971 0.6791741 0.6383252 0.6352718 0.7368083 0.6006409 0.6177364 0.6394657 0.7019004 0.4775872 0.9749066 1.0434457 0.8601313 0.8031156 0.8728046 0.8006362 0.3385158 0.8179833 1.1383984 1.1909928 0.5109891 2.2514359 
Aque_Aqu2.1.28327_001                               0.6617944 0.7143840 0.6909918 0.5550045 0.7170823 0.6188540 0.4977257 0.4420576 0.5862554 0.5598812 0.5348032 0.5348032 0.5337856 0.5574970 0.5792831 0.5088061 0.5088061 0.5054404 0.5016101 0.5059116 0.5059116 0.6456055 0.7185532 0.7250669 0.6266254 0.4750276 0.4899587 0.4729724 0.5418214 0.5451031 0.6167649 0.5497147 0.5748958 0.5841641 0.7482722 0.7294496 0.4032249 0.0000000 0.1888932 0.7150712 0.7088019 0.7257609 0.7257609 0.6676264 0.6696256 0.5604316 0.5583821 0.6040662 0.5207678 0.7867357 0.7540019 0.7779259 0.7699812 0.9344079 0.7422486 0.8677106 0.8796994 0.9602516 0.6249365 1.4453764 1.5661725 1.0654753 1.0490922 1.1740028 0.9142327 0.5727660 1.0233050 1.3201855 1.4674544 0.7835308 2.4217648 
Halamb_c35172_g1_i1m.8569                           0.5210652 0.5674945 0.6172440 0.4582726 0.5935513 0.4921607 0.4162509 0.3805744 0.4721834 0.4638626 0.4399160 0.4399160 0.4952963 0.3941304 0.4204356 0.4951995 0.4951995 0.4647381 0.4612071 0.4467663 0.4467663 0.4806070 0.6096065 0.6370336 0.4899405 0.3185536 0.3418038 0.3302332 0.3567845 0.4602222 0.4257246 0.4634206 0.4623260 0.4626291 0.6378073 0.5811371 0.3359955 0.1888932 0.0000000 0.5717197 0.6981816 0.7371509 0.7371509 0.6887567 0.6806640 0.6611233 0.6460472 0.5901332 0.3566203 0.7309597 0.6819308 0.6607390 0.6831577 0.8226437 0.7090118 0.6925099 0.7523160 0.7853592 0.6620307 1.1584908 1.2386093 0.9227540 0.9581537 1.0165927 0.7743033 0.4312916 0.8090836 1.3629148 1.3226197 0.5710311 2.6681635 
Ctel_gnl_WGS_AMQN_CAPTEDRAFT_mRNA181742             0.4053003 0.4909584 0.5587000 0.3405235 0.4747916 0.4183674 0.4223534 0.3735941 0.4279537 0.4042085 0.3524704 0.3524704 0.5013367 0.4313535 0.4644618 0.4951817 0.4951817 0.4751627 0.4945397 0.4999863 0.4999863 0.4601670 0.5484018 0.5258848 0.4393430 0.3439208 0.3645599 0.3783187 0.4497276 0.4131280 0.4187150 0.5303240 0.5176211 0.4672440 0.5802739 0.5422386 0.5181137 0.7150712 0.5717197 0.0000000 0.8060233 0.8143114 0.8143114 0.7791375 0.7314491 0.6258063 0.6029342 0.6160216 0.4468294 0.6565510 0.7105998 0.6703050 0.6785183 0.9171118 0.6026849 0.5682830 0.5967343 0.6741841 0.6520775 0.9376356 0.9230460 0.6947352 0.6987667 0.8543909 0.7670759 0.3736126 0.7261808 1.2954878 1.3670495 0.4984951 2.0231612 
Mlei_ML0180.g30.i1                                  0.6862665 0.5809385 0.6318628 0.5810098 0.7129681 0.6810544 0.6918062 0.6611848 0.7399026 0.7456622 0.7801502 0.7801502 0.8062386 0.5649787 0.6129036 0.6428541 0.6428541 0.6965127 0.7090658 0.7162734 0.7162734 0.9409126 0.7764186 0.7806602 0.7299683 0.6116111 0.5486009 0.5632023 0.7610027 0.7030923 0.5871834 0.8391829 0.8290910 0.7728427 0.7148482 0.5623963 0.7398892 0.7088019 0.6981816 0.8060233 0.0000000 0.0999094 0.0999094 0.1586622 0.1503657 0.2591834 0.2583674 0.4299932 0.5810088 0.9299877 0.8098492 0.8625558 0.9515476 1.0826220 0.7519827 0.8890365 0.8956216 0.8960250 0.9420139 1.4224235 1.5983699 1.1311044 1.1019089 1.2349748 0.9477812 0.6864444 1.0297413 0.4454363 1.4112691 0.7483829 2.4690827 
Bolinf_Binf_sb1230804                               0.6863335 0.6041153 0.7100089 0.6229251 0.7304757 0.7357698 0.7594127 0.6910303 0.7868299 0.7507818 0.8212437 0.8212437 0.8379904 0.5963527 0.6471247 0.6852118 0.6852118 0.7272735 0.7403032 0.7477946 0.7477946 0.8946852 0.7975158 0.8019440 0.8070091 0.7001738 0.6056053 0.6203623 0.8277378 0.7637511 0.6377050 0.9217907 0.9425306 0.8433856 0.7783116 0.5827626 0.8047029 0.7257609 0.7371509 0.8143114 0.0999094 0.0000000 0.0000010 0.1856682 0.1865866 0.2809039 0.2645749 0.4500319 0.6928709 0.9186476 0.8705938 0.8935596 0.9893006 1.1141048 0.7807898 0.9614476 0.9130659 0.9865325 1.0193007 1.5198194 1.6735460 1.1528849 1.1237694 1.2803016 0.9132692 0.7291620 1.0044788 0.5091210 1.3636549 0.8173472 2.3237189 
Mertsp_Mesp_sb561320                                0.6863335 0.6041153 0.7100089 0.6229251 0.7304757 0.7357698 0.7594127 0.6910303 0.7868299 0.7507818 0.8212437 0.8212437 0.8379904 0.5963527 0.6471247 0.6852118 0.6852118 0.7272735 0.7403032 0.7477946 0.7477946 0.8946852 0.7975158 0.8019440 0.8070091 0.7001738 0.6056053 0.6203623 0.8277378 0.7637511 0.6377050 0.9217907 0.9425306 0.8433856 0.7783116 0.5827626 0.8047029 0.7257609 0.7371509 0.8143114 0.0999094 0.0000010 0.0000000 0.1856682 0.1865866 0.2809039 0.2645749 0.4500319 0.6928709 0.9186476 0.8705938 0.8935596 0.9893006 1.1141048 0.7807898 0.9614476 0.9130659 0.9865325 1.0193007 1.5198194 1.6735460 1.1528849 1.1237694 1.2803016 0.9132692 0.7291620 1.0044788 0.5091210 1.3636549 0.8173472 2.3237189 
Vmul_sbMO473327                                     0.7059610 0.6305457 0.6204932 0.6317831 0.7323639 0.7413316 0.7510864 0.6856189 0.8087695 0.7712862 0.8071571 0.8071571 0.8154410 0.5838332 0.6305381 0.6473088 0.6473088 0.6590578 0.6793454 0.6945064 0.6945064 0.8432427 0.6893347 0.7176979 0.7312320 0.7189311 0.6063502 0.6135226 0.7108202 0.7303188 0.5902623 0.8556345 0.8714620 0.8118195 0.7740093 0.6109124 0.7943790 0.6676264 0.6887567 0.7791375 0.1586622 0.1856682 0.1856682 0.0000000 0.1184346 0.2517441 0.2542114 0.5073243 0.7148336 0.9640863 0.9386330 0.9210219 0.9617439 1.0518314 0.7474886 0.9464581 0.8922155 0.9949014 0.9648637 1.4572188 1.6662998 1.2511088 1.2229272 1.3350793 0.9466442 0.7280519 1.0167874 0.4624256 1.2284406 0.8813572 2.5576929 
Coemet_Cmet_scaffold4883_01                         0.6431468 0.5949029 0.6400634 0.6052998 0.6883107 0.6709802 0.6449045 0.6051371 0.7451017 0.7100992 0.7432945 0.7432945 0.7267911 0.5682366 0.6417815 0.6610311 0.6610311 0.7195229 0.7150297 0.7224494 0.7224494 0.8804281 0.7468135 0.7508766 0.7040115 0.6924735 0.5776827 0.6263050 0.6812283 0.6932960 0.6005781 0.7614380 0.7770462 0.7397360 0.7327518 0.6118994 0.6887954 0.6696256 0.6806640 0.7314491 0.1503657 0.1865866 0.1865866 0.1184346 0.0000000 0.3009276 0.2840088 0.4823722 0.6549344 0.9819769 0.8481715 0.9297838 0.9649242 1.0245761 0.7176416 0.8141692 0.8084969 0.8547973 0.8273743 1.4741395 1.5894899 1.1865237 1.1367024 1.3069653 0.9443085 0.6559281 1.0164370 0.3616983 1.3519321 0.8108938 2.5273781 
Pbac_sb2644351                                      0.5605753 0.4949405 0.4981618 0.5399322 0.6729344 0.6424982 0.6459020 0.5479867 0.6561905 0.6261654 0.6547121 0.6547121 0.6529620 0.5279333 0.5396345 0.6299149 0.6299149 0.6766435 0.6970487 0.7032769 0.7032769 0.9069356 0.7161983 0.7161983 0.6836599 0.6321370 0.5551646 0.5623892 0.6862211 0.7015153 0.6414388 0.7150721 0.7444948 0.7395915 0.7212449 0.5986424 0.6622410 0.5604316 0.6611233 0.6258063 0.2591834 0.2809039 0.2809039 0.2517441 0.3009276 0.0000000 0.0095590 0.4305825 0.6260389 0.8115562 0.8627858 0.8464859 0.8303764 1.0291292 0.6522671 0.8325886 0.8451931 0.8493837 0.7874404 1.3131095 1.3577601 1.1363902 0.9720176 1.1100803 0.8596005 0.5589403 0.8429479 0.6263562 1.2868805 0.7014923 2.2392909 
Horcal_Hcv1.av93.c5.g687.i1                         0.5600038 0.4863923 0.5198505 0.5399322 0.6966483 0.6424982 0.6436201 0.5461056 0.6538946 0.6240047 0.6523676 0.6523676 0.6505806 0.5220500 0.5336584 0.6276775 0.6276775 0.6823672 0.7028413 0.7091007 0.7091007 0.9189258 0.7218992 0.7218992 0.6894885 0.6321370 0.5551646 0.5623892 0.6828922 0.7000338 0.6401513 0.6914968 0.7203992 0.7136612 0.6977284 0.5986424 0.6598567 0.5583821 0.6460472 0.6029342 0.2583674 0.2645749 0.2645749 0.2542114 0.2840088 0.0095590 0.0000000 0.4347212 0.6260389 0.8115562 0.8597106 0.8377898 0.8553471 1.0191321 0.6578769 0.8573279 0.8694288 0.8697589 0.8115341 1.3251764 1.3981474 1.1363902 0.9681611 1.1100803 0.8429035 0.5589403 0.8699916 0.6254244 1.2843252 0.7014923 2.2985116 
Lampan_Lpan_C405565_01                              0.5675678 0.5713467 0.5005679 0.5275225 0.6370007 0.5201512 0.5109750 0.4275718 0.5500950 0.5230855 0.5794699 0.5794699 0.5325955 0.4255740 0.4919554 0.5825009 0.5825009 0.6044244 0.6004610 0.5966043 0.5966043 0.7145255 0.5412925 0.5412925 0.4822427 0.3761668 0.3420964 0.3608138 0.4384508 0.4674911 0.5160727 0.6151931 0.6388137 0.5338817 0.5469201 0.5039085 0.5176865 0.6040662 0.5901332 0.6160216 0.4299932 0.4500319 0.4500319 0.5073243 0.4823722 0.4305825 0.4347212 0.0000000 0.4213204 0.8388108 0.8124503 0.8271076 0.8068805 1.0306258 0.6064543 0.7073159 0.7345735 0.7473943 0.7613152 1.2662227 1.4331750 0.9654081 1.0021564 1.0026660 0.8810451 0.4767668 1.0635586 0.8956089 1.3151966 0.5242418 2.2181581 
Tetwil_g11344.t2                                    0.5421255 0.5221636 0.4808769 0.3993201 0.5010556 0.4500085 0.3562707 0.2823728 0.3543562 0.3462851 0.3111790 0.3111790 0.3805720 0.3052581 0.3390051 0.3967097 0.3967097 0.3933477 0.3933477 0.3933477 0.3933477 0.4505089 0.4081396 0.4081396 0.3826184 0.3792645 0.3412324 0.3125858 0.3915098 0.3979636 0.3873943 0.3044197 0.3471376 0.2086591 0.4138092 0.4448150 0.3201542 0.5207678 0.3566203 0.4468294 0.5810088 0.6928709 0.6928709 0.7148336 0.6549344 0.6260389 0.6260389 0.4213204 0.0000000 0.5967007 0.6332661 0.5638762 0.5991101 0.6878841 0.7043704 0.5617807 0.6110360 0.6830761 0.4727604 1.1414058 1.2119218 0.8474759 0.8745632 0.9382296 0.7623547 0.2725639 0.8461118 0.7374173 1.2083070 0.5884843 3.1969734 
Mbre_EDQ91847                                       0.7673776 0.7974294 0.7088749 0.5627386 0.7436721 0.8355203 0.7265909 0.6720688 0.7527033 0.7428578 0.7034165 0.7034165 0.8331093 0.6592827 0.6927427 0.5849404 0.5849404 0.5873101 0.6099273 0.6270660 0.6270660 0.4863079 0.6926312 0.6926312 0.7734987 0.6694358 0.6467916 0.6295868 0.7070132 0.6789745 0.6478331 0.7415013 0.7634541 0.5858203 0.7901645 0.8460230 0.5947971 0.7867357 0.7309597 0.6565510 0.9299877 0.9186476 0.9186476 0.9640863 0.9819769 0.8115562 0.8115562 0.8388108 0.5967007 0.0000000 0.3049237 0.3873616 0.3964436 0.3642113 0.6611884 0.8288400 0.8038571 0.8744531 0.6984773 0.9558295 0.9965549 0.6410728 0.5318603 0.7292350 0.5663367 0.5889672 0.6114168 1.4485601 0.7648803 0.8214493 1.8753564 
Choper_EP00045_Choanoeca_perplexa_P010389           0.7390621 0.8771677 0.8844218 0.5809567 0.6868041 0.6830814 0.6351168 0.6366910 0.6702045 0.6615722 0.6131924 0.6131924 0.7989185 0.7012086 0.7129846 0.5270172 0.5270172 0.6099586 0.5868914 0.6048183 0.6048183 0.4517652 0.6515418 0.6548128 0.7321249 0.6267378 0.6119597 0.6212095 0.7499450 0.7238622 0.6525805 0.7569047 0.7558202 0.7347996 0.6902380 0.6721220 0.6791741 0.7540019 0.6819308 0.7105998 0.8098492 0.8705938 0.8705938 0.9386330 0.8481715 0.8627858 0.8597106 0.8124503 0.6332661 0.3049237 0.0000000 0.2262425 0.3285577 0.2918249 0.4971894 0.7417772 0.7232118 0.7148720 0.7093736 0.9703633 1.0264633 0.5299094 0.5372990 0.6933416 0.5138850 0.5351149 0.6307189 1.4537584 0.7125848 0.8640722 1.8111880 
Chofle_EP00730_Choanoeca_flexa_P007218              0.7394130 0.8042971 0.8190660 0.5226883 0.6750498 0.7102895 0.7220029 0.6637259 0.7724043 0.7605638 0.6640057 0.6640057 0.8064313 0.6254624 0.6375619 0.5425939 0.5425939 0.5710215 0.5604303 0.5776455 0.5776455 0.3967527 0.5599006 0.5599006 0.6918319 0.5450328 0.5521471 0.5591887 0.6208333 0.6953407 0.6143094 0.6331220 0.6756737 0.6534577 0.7377870 0.6886163 0.6383252 0.7779259 0.6607390 0.6703050 0.8625558 0.8935596 0.8935596 0.9210219 0.9297838 0.8464859 0.8377898 0.8271076 0.5638762 0.3873616 0.2262425 0.0000000 0.4333830 0.4277174 0.6010196 0.7703915 0.8116927 0.8598240 0.7362177 0.8195584 0.8618883 0.4960226 0.5554373 0.7230075 0.6218926 0.5794978 0.7055819 1.5490470 0.7118408 0.7511187 1.9752785 
