60
Hsap_ENST00000341249                                   0.0000000 0.8730560 1.2346874 1.1391755 1.1816147 1.2704853 1.2713070 1.0451557 1.1973362 1.2444520 1.1042689 1.0395873 1.0333121 1.2184222 1.1836817 1.0545981 1.0438832 1.1437759 1.4046456 1.1206901 0.9487429 1.1409524 1.8440806 1.4158253 1.8222797 1.5416299 1.5555242 1.3919372 1.5492177 1.0439737 0.9686971 1.0180626 1.2340236 1.0763878 1.0763878 1.2208314 1.5205280 1.6244079 1.6309096 1.8581387 1.6148224 1.5814401 1.9703774 1.7911260 1.6459932 1.5163714 2.0702990 1.7263886 2.1734926 2.8355277 2.3415092 2.4005499 2.6664841 2.7832826 2.2789071 3.4395468 3.0136426 2.0286526 2.0442883 3.3881101 
Bralan_BLAG01001182_1                                  0.8730560 0.0000000 0.7560239 0.9949861 1.0515175 1.1811951 1.0185452 0.8666531 0.8914499 0.9185640 0.8543426 0.8870846 0.8712733 1.0206585 1.0428830 0.7143257 0.8512442 0.9439233 1.2137287 0.9663177 0.9544701 0.8039871 1.4228364 1.2493433 1.5870472 1.3173269 1.4274911 1.2343130 1.2020527 1.0931055 1.0982982 0.9846205 1.1557405 1.1287400 1.1287400 1.1882705 1.2551187 1.0838660 1.1823577 1.2302372 1.3166126 1.1739692 1.8312551 1.7468929 1.3678146 1.3052959 1.9265904 1.4800426 2.0757039 2.2487539 2.0969620 2.1108203 2.4949056 2.2018888 1.9167373 2.8457509 2.4279918 1.9541157 1.9336336 3.2668994 
Aaur_scaffold363.g2.t1                                 1.2346874 0.7560239 0.0000000 0.5669321 0.5787356 0.7121502 0.8275692 0.8409356 0.8864782 0.8946315 1.0060599 0.9218130 1.0352249 1.1489664 1.0240227 1.2354305 1.0931616 1.0758033 1.0004008 1.0004448 1.1305713 0.9554256 1.4598968 1.2295610 1.1975893 1.2088832 1.3938617 1.1516210 1.3171833 1.0224844 1.0224844 1.1115230 1.1457332 0.9369561 0.9369561 1.2383139 1.1997107 1.1262484 1.2829306 1.4307563 1.2171574 1.2934590 1.7990185 1.5530779 1.3196182 1.2640107 1.8321771 1.4104999 1.5731084 2.1126524 1.9572972 2.0454282 2.2617978 2.1135187 1.9980280 2.8329687 2.5940869 1.8289217 2.0478501 3.4093227 
Nemnom_g19679.t1                                       1.1391755 0.9949861 0.5669321 0.0000000 0.3484208 0.8516336 1.3608301 0.8443067 1.0838263 1.0828752 1.0651859 1.0171277 1.1585195 1.2142540 1.3580885 1.1532126 1.1547672 1.1652584 1.3185594 1.3144934 1.2601178 1.0963611 1.7935759 1.4422965 1.8008684 1.6228149 1.5680607 1.3802710 1.5334975 1.3392788 1.3278390 1.3313506 1.2821945 1.1579708 1.1579708 1.1948339 1.3616353 1.1472889 1.4210900 1.6486942 1.5477100 1.3582831 2.5404490 2.3263170 1.7964534 1.5763097 2.6144525 2.0408466 2.2352480 2.7863250 2.4018723 2.4694545 2.5776760 2.5506118 2.2619146 2.7018824 2.7222523 2.1567529 2.3626420 4.0067583 
Rhoesc_Res_006477-T1                                   1.1816147 1.0515175 0.5787356 0.3484208 0.0000000 0.8330962 1.3514950 0.8922362 1.0684907 1.1755907 1.0263647 1.0020569 1.0776549 1.1583555 1.3193254 1.4321587 1.0938196 1.1762800 1.4020869 1.3436047 1.3457576 1.0849739 1.9310961 1.6639520 1.8410066 1.7540275 1.7620296 1.4547459 1.5529891 1.2480578 1.2500774 1.4327227 1.3752899 1.2523477 1.2523477 1.3520137 1.4282158 1.2789224 1.4362011 1.6292415 1.6376915 1.3972304 2.3878916 2.1807519 1.9240300 1.5378938 2.7139531 2.1857831 2.2253143 2.7408516 2.4515771 2.2474881 2.6464328 2.4762842 2.2952703 2.6357770 2.8431882 2.1708114 2.3497844 3.7482112 
Sanmal_Sma_019191-T1                                   1.2704853 1.1811951 0.7121502 0.8516336 0.8330962 0.0000000 1.5851934 0.9960932 1.0967910 1.1569459 1.0618892 0.9935827 1.0954891 1.2196953 1.4405544 1.5113189 1.0482847 1.2408568 1.4478417 1.5000299 1.2775866 1.1412916 1.8127731 1.6249136 1.8832764 2.0514656 1.9207977 1.4600642 1.5810662 1.3380578 1.2790096 1.3608594 1.3638446 1.2704151 1.2704151 1.5683792 1.5554350 1.5611774 1.7151127 1.8042895 1.6557077 1.4982508 2.3372564 1.9472106 1.7743821 1.5909733 2.4923537 2.2815419 2.4882734 2.4293411 2.5151828 2.4466239 2.5932628 2.7687757 2.6482703 2.7247172 2.7055381 2.4775374 2.7421355 3.5103911 
Opea_EP00118_Oscarella_pearsei_P004922                 1.2713070 1.0185452 0.8275692 1.3608301 1.3514950 1.5851934 0.0000000 1.1293831 1.1356065 1.2076292 1.0171148 1.0749860 1.1479419 1.4148791 0.7269808 1.4393507 1.1279149 1.3359320 1.5126618 1.3273474 1.3147020 1.2722572 1.4746422 1.0757952 1.6128439 1.3178767 1.2867599 1.2357534 1.2914018 1.4222388 1.3438069 1.4133102 1.4230497 1.3905295 1.3905295 1.4493268 1.8207417 1.3810178 1.4648745 1.3976922 1.4653866 1.3312015 1.8188857 1.9448896 1.6603251 1.9973668 2.3359970 1.9070500 2.4456181 2.3796354 1.7731398 1.7007936 2.3448057 2.7022537 2.5134299 2.6478062 2.5229826 2.1937133 1.9268508 1.5938531 
Exapal_XM_021044475.2                                  1.0451557 0.8666531 0.8409356 0.8443067 0.8922362 0.9960932 1.1293831 0.0000000 0.6537807 0.6760842 0.5713552 0.5481585 0.5150783 0.7078206 1.0240752 1.2684048 0.9944383 0.8626032 1.0209116 1.1352427 1.2310055 0.8915108 1.6829713 1.3517046 1.7540848 1.3749825 1.4426515 1.2602096 1.3568926 1.2526077 1.1732347 1.2364522 1.2599437 1.2037106 1.2037106 1.2497853 1.4275517 1.2341252 1.0980946 1.1535990 1.2712747 0.9782271 2.0183145 1.8177615 1.8093085 1.1300752 2.2837863 2.0952698 1.9957020 2.6804858 2.1254536 2.1462554 2.4250670 2.3780373 2.2698440 2.6330385 2.4988934 1.8286191 1.9971485 3.5777371 
Adig_XM_015913491.1                                    1.1973362 0.8914499 0.8864782 1.0838263 1.0684907 1.0967910 1.1356065 0.6537807 0.0000000 0.2725915 0.3082769 0.3391575 0.3214578 0.3765905 1.2057210 1.2791995 1.0293533 0.9408803 1.2280073 1.0902446 1.0525432 0.8873875 1.5083128 1.5709726 1.7857630 1.3413162 1.5233653 1.1939639 1.2418509 1.2071588 1.1951675 1.2611643 1.1974957 1.1744302 1.1744302 1.3879397 1.4679596 1.3913925 1.1272550 1.3157247 1.2627233 1.0362418 2.0797706 1.9623535 1.5384717 0.3714010 2.3241920 1.8338466 2.3063724 2.3036884 1.9847556 2.0335484 2.1397452 2.5098090 2.0250800 2.7030225 2.5577340 2.0420383 2.1026974 3.2611236 
Gfas_gfas1.m1.10283.m1                                 1.2444520 0.9185640 0.8946315 1.0828752 1.1755907 1.1569459 1.2076292 0.6760842 0.2725915 0.0000000 0.2851255 0.3492088 0.3384135 0.4967575 1.1977104 1.3708116 1.0757331 1.0337977 1.1696167 1.1333595 1.1196286 0.9269741 1.5948406 1.5290569 1.7003388 1.5204169 1.4277959 1.2113664 1.3413720 1.3502836 1.2898454 1.4075602 1.3695227 1.3466733 1.3466733 1.3811343 1.5693102 1.3472704 1.2695010 1.2957455 1.3687866 1.0952560 2.2369919 2.0856957 1.5498640 0.8453446 2.4138558 1.9567260 2.3586087 2.3132484 2.1769527 2.1693620 2.4768131 2.8376066 2.2837004 3.0941166 2.6742213 1.9267786 2.4878759 3.4854605 
Gasp_gasp1.m3.20250.m1                                 1.1042689 0.8543426 1.0060599 1.0651859 1.0263647 1.0618892 1.0171148 0.5713552 0.3082769 0.2851255 0.0000000 0.2402360 0.2510154 0.2272502 1.0993529 1.1969284 1.0270429 0.8362311 1.0846720 1.0594565 1.0965397 0.7678309 1.5626768 1.4747463 1.4811144 1.3231918 1.3570570 1.1954030 1.2047465 1.1133333 1.1468316 1.3153789 1.2114709 1.1620636 1.1620636 1.1459570 1.5807098 1.3514730 1.1801935 1.2276812 1.2329470 0.9052420 2.0601048 2.0114385 1.6159715 0.6721409 2.2786560 1.8120979 2.3382086 2.2277918 1.8148845 1.7928147 2.0701433 2.3457483 1.9136332 2.5847244 2.3821690 1.8528422 1.8688786 2.9397074 
Spis_XP_022782032_1                                    1.0395873 0.8870846 0.9218130 1.0171277 1.0020569 0.9935827 1.0749860 0.5481585 0.3391575 0.3492088 0.2402360 0.0000000 0.1233089 0.2782385 1.1662446 1.2643390 0.9914284 0.8627350 1.0541556 1.0054626 1.1856859 0.8005668 1.5591389 1.4873285 1.5333452 1.3222400 1.5636166 1.2682805 1.3024581 1.1228125 1.1374964 1.2848421 1.2352444 1.2119731 1.2119731 1.2212214 1.4757792 1.3859338 1.1488641 1.1830677 1.2263655 0.9821117 2.2011884 2.0412193 1.6652709 0.6590370 2.2693646 1.7214829 2.2482050 2.3278871 2.0308165 2.0009348 2.3838225 2.3753536 2.0395610 2.6317816 2.5908102 1.8402677 2.1459465 3.1388348 
Pocdam_XM_027185213.1                                  1.0333121 0.8712733 1.0352249 1.1585195 1.0776549 1.0954891 1.1479419 0.5150783 0.3214578 0.3384135 0.2510154 0.1233089 0.0000000 0.2706773 1.1737448 1.2917839 1.0095667 0.8341783 1.0502943 0.9770453 1.1283185 0.8282600 1.5482765 1.4270241 1.5232401 1.3994858 1.4073745 1.1754907 1.1975631 1.1706040 1.1858742 1.1735729 1.1961991 1.2363199 1.2363199 1.2324620 1.5502016 1.3290594 1.1476620 1.2491141 1.2646588 0.9720255 2.1223995 2.0001015 1.7235231 0.6553264 2.3548172 1.7714909 2.2169315 2.2648841 2.0582421 2.1336920 2.3035108 2.5526823 2.1461517 2.6346961 2.5606619 1.8981705 2.0397904 3.2575495 
Fspp_ffun1.m4.30465.m1                                 1.2184222 1.0206585 1.1489664 1.2142540 1.1583555 1.2196953 1.4148791 0.7078206 0.3765905 0.4967575 0.2272502 0.2782385 0.2706773 0.0000000 1.2983290 1.5828334 1.1523166 1.0522877 1.2192870 1.1626504 1.3127841 0.9305348 1.5778110 1.4651904 1.4082434 1.3825438 1.5719778 1.1488728 1.2710872 1.3202582 1.2785654 1.2342572 1.2436741 1.2685721 1.2685721 1.4452181 1.7556558 1.4282707 1.2673705 1.4273330 1.4681356 0.9796087 2.5341784 2.2405550 1.6140947 0.5085056 2.3376514 2.3276214 2.3925673 2.4190482 2.0402291 1.8386183 2.6342917 2.5777616 2.1696295 2.4446746 2.6749315 2.0120022 1.9940746 2.7462192 
Plajan_Pjan_C542508_01                                 1.1836817 1.0428830 1.0240227 1.3580885 1.3193254 1.4405544 0.7269808 1.0240752 1.2057210 1.1977104 1.0993529 1.1662446 1.1737448 1.2983290 0.0000000 1.2098098 1.0125182 1.3544096 1.5056243 1.3009603 1.2518547 1.0926265 1.5278160 1.2772933 1.4304606 1.3552995 1.3953096 1.2705443 1.1551420 1.2587081 1.2541881 1.2207546 1.3742295 1.3012644 1.3012644 1.3409200 1.7576385 1.5923283 1.3736060 1.4629602 1.4719623 1.1211182 1.8603669 1.7458589 1.9823757 1.6320861 2.1184102 1.5883203 2.2522327 2.4956836 1.9968305 2.2172111 2.4203855 2.4951238 2.2624311 2.5173679 2.1956199 2.3193168 1.7469330 2.4758350 
Spur_XM_030984478.1                                    1.0545981 0.7143257 1.2354305 1.1532126 1.4321587 1.5113189 1.4393507 1.2684048 1.2791995 1.3708116 1.1969284 1.2643390 1.2917839 1.5828334 1.2098098 0.0000000 1.0285244 1.2531997 1.4906129 0.9918527 1.0967632 1.3543721 1.6762934 1.4113863 1.6577252 1.6681518 1.8456052 1.3060869 1.4643547 1.4055059 1.4111430 1.3134632 1.3403251 1.4019702 1.4019702 1.3770121 1.6431521 1.3444689 1.4579066 1.6802231 1.4063863 1.3378426 2.4688504 2.2963298 2.2006358 1.9460746 2.3359975 2.3312683 2.5125974 2.5950971 2.8185254 2.5268796 3.0182250 2.5694909 2.4591905 3.3852428 3.1575548 2.2088945 2.3423191 3.7819843 
Skow_XM_006821918.1                                    1.0438832 0.8512442 1.0931616 1.1547672 1.0938196 1.0482847 1.1279149 0.9944383 1.0293533 1.0757331 1.0270429 0.9914284 1.0095667 1.1523166 1.0125182 1.0285244 0.0000000 1.1537113 1.3635589 0.9875264 0.9834032 1.2717458 1.4536763 1.2181814 1.4358572 1.1347450 1.2143682 1.1475776 1.0489801 1.0858489 1.0845350 1.0299962 1.2018961 1.1036803 1.1036803 1.1935923 1.3364849 1.3898378 1.4124409 1.5249989 1.5590559 1.2755498 2.2536382 1.9424287 1.8184633 1.2723551 1.9966632 1.5259884 2.2308877 2.7583847 2.3345360 2.2821662 2.8738094 2.4790338 2.4119328 3.5328759 3.0791769 2.1931411 2.2902284 2.8912724 
Dgig_XM_028539537.1                                    1.1437759 0.9439233 1.0758033 1.1652584 1.1762800 1.2408568 1.3359320 0.8626032 0.9408803 1.0337977 0.8362311 0.8627350 0.8341783 1.0522877 1.3544096 1.2531997 1.1537113 0.0000000 0.6251576 1.0146452 1.2220848 1.0325725 1.5675156 1.5364078 1.6555634 1.6822384 1.4154290 1.2759655 1.3293234 1.1220120 1.1206769 1.2148701 1.2203166 1.2565171 1.2565171 1.3139292 1.4636908 1.3680686 1.3811049 1.4588870 1.4850200 1.1390904 1.8934792 1.8897906 1.7027784 1.5426282 2.5583080 2.4013984 2.0712453 2.9829741 2.6193476 2.3494819 2.8988843 2.6910673 2.5570040 3.0405043 2.8108264 1.8834289 2.2151042 3.5667031 
Xesp_017697-T1                                         1.4046456 1.2137287 1.0004008 1.3185594 1.4020869 1.4478417 1.5126618 1.0209116 1.2280073 1.1696167 1.0846720 1.0541556 1.0502943 1.2192870 1.5056243 1.4906129 1.3635589 0.6251576 0.0000000 1.4147640 1.4860081 1.4627715 2.0231415 1.5932871 1.9600643 1.7730465 1.7452525 1.6447852 1.7229025 1.4363509 1.3785516 1.4249818 1.5385145 1.4589498 1.4589498 1.6660153 1.9480867 1.4960160 1.6357173 1.7576895 1.5706329 1.4307576 2.2713031 2.0726355 1.8846207 1.9507169 2.7865602 1.9604334 2.4418492 3.0306278 2.4589365 2.5923087 2.9143545 2.6028920 2.5083223 3.2063239 3.0375753 2.1587974 2.5921250 4.3069394 
Cgig_XM_011420239.3                                    1.1206901 0.9663177 1.0004448 1.3144934 1.3436047 1.5000299 1.3273474 1.1352427 1.0902446 1.1333595 1.0594565 1.0054626 0.9770453 1.1626504 1.3009603 0.9918527 0.9875264 1.0146452 1.4147640 0.0000000 1.0665550 1.1289958 1.5873125 1.2628308 1.7068313 1.3511133 1.7259113 1.2195114 1.4216110 1.1770051 1.1343690 0.9494177 1.1950743 1.1812026 1.1812026 1.3560551 1.4292934 1.4026806 1.2942206 1.4600231 1.3741414 1.1690435 2.2835795 1.9293189 1.9072646 1.3973239 2.5905405 1.8876654 2.3121820 2.5465471 2.1700917 2.3848489 2.4697665 2.4959450 2.4100164 3.0843229 2.6673308 1.8591153 2.2190346 4.3821119 
Ctel_gnl_WGS_AMQN_CAPTEDRAFT_mRNA120919                0.9487429 0.9544701 1.1305713 1.2601178 1.3457576 1.2775866 1.3147020 1.2310055 1.0525432 1.1196286 1.0965397 1.1856859 1.1283185 1.3127841 1.2518547 1.0967632 0.9834032 1.2220848 1.4860081 1.0665550 0.0000000 1.2310511 1.8996229 1.5558876 1.8870548 1.4820441 1.7348045 1.3522362 1.3626615 1.2000158 1.1746971 1.2581729 1.3547357 1.2402799 1.2402799 1.2808226 1.6538036 1.5347627 1.4809397 1.7244620 1.5433187 1.5732180 2.2091227 1.9915870 1.8839608 1.6411792 2.1584371 2.1404814 2.5733564 2.8378454 2.2672986 2.2443043 2.5705433 2.6313965 2.0926700 3.1845264 2.8898246 2.2276791 2.3663689 3.2007933 
Nvec_v1g84725                                          1.1409524 0.8039871 0.9554256 1.0963611 1.0849739 1.1412916 1.2722572 0.8915108 0.8873875 0.9269741 0.7678309 0.8005668 0.8282600 0.9305348 1.0926265 1.3543721 1.2717458 1.0325725 1.4627715 1.1289958 1.2310511 0.0000000 1.6437494 1.1343215 1.5349281 1.4114705 1.4185691 1.4543986 1.2507342 1.2394625 1.1754331 1.0354528 1.3770689 1.4104201 1.4104201 1.2913914 1.5139345 1.5914032 1.4916945 1.8884757 1.4585245 1.4105962 2.1219061 1.9435294 1.6969038 1.1703283 2.0093002 1.3331888 2.2062783 2.0976677 1.9287869 1.8920467 2.2788824 2.7301031 1.9392039 2.8457577 2.4154488 2.1026789 1.9374688 3.4930159 
Aque_Aqu2.1.38482_001                                  1.8440806 1.4228364 1.4598968 1.7935759 1.9310961 1.8127731 1.4746422 1.6829713 1.5083128 1.5948406 1.5626768 1.5591389 1.5482765 1.5778110 1.5278160 1.6762934 1.4536763 1.5675156 2.0231415 1.5873125 1.8996229 1.6437494 0.0000000 0.5057312 0.7195300 0.9565169 1.2966982 1.1209004 0.8890577 1.7229698 1.7463402 1.5540222 1.6201388 1.6662093 1.6662093 1.8028669 1.7170518 1.6789032 1.4902304 1.6190188 1.6403942 1.5249073 2.4207595 2.1357450 1.9467160 1.9273220 2.2206703 1.9501406 2.6397587 2.3265549 1.9834380 1.9836169 2.0946301 1.9167191 2.2777300 2.6373612 2.3466632 2.6652956 2.4460504 3.8743808 
Halamb_c1311_g1_i1m.214                                1.4158253 1.2493433 1.2295610 1.4422965 1.6639520 1.6249136 1.0757952 1.3517046 1.5709726 1.5290569 1.4747463 1.4873285 1.4270241 1.4651904 1.2772933 1.4113863 1.2181814 1.5364078 1.5932871 1.2628308 1.5558876 1.1343215 0.5057312 0.0000000 0.5549307 0.8208292 1.1280325 0.9906830 0.7879204 1.5557913 1.5557913 1.4951265 1.4676902 1.5996033 1.5996033 1.8713635 1.7721873 1.3220047 1.2214215 1.5018970 1.3408668 1.2632488 2.3342206 2.1165542 1.7143002 2.0307021 1.6153343 1.6418235 1.8658370 2.2650870 1.8314124 1.8458970 2.1389713 2.1532129 2.1791975 2.7244567 2.3551526 2.1777313 2.2140130 4.3722497 
Xestes_maker-XT_scaffold91082-augustus-gene-0.6-mRNA-1 1.8222797 1.5870472 1.1975893 1.8008684 1.8410066 1.8832764 1.6128439 1.7540848 1.7857630 1.7003388 1.4811144 1.5333452 1.5232401 1.4082434 1.4304606 1.6577252 1.4358572 1.6555634 1.9600643 1.7068313 1.8870548 1.5349281 0.7195300 0.5549307 0.0000000 0.9372724 1.0382738 1.0171128 0.9160296 1.7205981 1.6668004 1.6050711 1.6805473 1.6759523 1.6759523 1.8743400 1.9875562 1.5113729 1.6676210 1.9092786 1.9153360 1.6210429 2.5472169 2.1398957 2.1277192 2.0683975 2.2222525 2.0069064 2.1028704 2.3318638 2.0246488 1.9864234 2.4123253 2.2579922 2.2145622 2.9444063 2.7810645 2.6425521 2.0216207 4.0239945 
Tetwil_g20353.t2                                       1.5416299 1.3173269 1.2088832 1.6228149 1.7540275 2.0514656 1.3178767 1.3749825 1.3413162 1.5204169 1.3231918 1.3222400 1.3994858 1.3825438 1.3552995 1.6681518 1.1347450 1.6822384 1.7730465 1.3511133 1.4820441 1.4114705 0.9565169 0.8208292 0.9372724 0.0000000 0.9740572 0.8208080 0.6145001 1.5056589 1.4895251 1.6032048 1.4974755 1.6862778 1.6862778 1.6955027 1.8158821 1.3989445 1.3339409 1.5646893 1.5329093 1.3585190 2.3373793 2.2336909 1.8962407 1.5702171 1.7071349 1.7924141 2.2881043 2.1732219 1.8275107 1.9144282 2.4696111 2.4069340 2.0722615 3.0425236 2.1011477 2.0518163 1.8389426 3.9762900 
Emue_Em0020g359a.t1                                    1.5555242 1.4274911 1.3938617 1.5680607 1.7620296 1.9207977 1.2867599 1.4426515 1.5233653 1.4277959 1.3570570 1.5636166 1.4073745 1.5719778 1.3953096 1.8456052 1.2143682 1.4154290 1.7452525 1.7259113 1.7348045 1.4185691 1.2966982 1.1280325 1.0382738 0.9740572 0.0000000 0.3448755 0.9038802 1.6413688 1.6413688 1.5512560 1.5084994 1.7567926 1.7567926 1.6730978 1.8215470 1.2509869 1.7462051 1.6615170 1.8659544 1.6717769 1.8821243 1.7821616 1.5204607 1.9720564 1.6828703 1.7496341 1.7565418 2.2431667 2.0223997 2.1404716 2.4468093 2.5502488 2.0822355 2.8662251 2.6672670 2.2536876 2.1350302 4.7436215 
Spolac_c79371_g1_i2_m.2347c79371-g1                    1.3919372 1.2343130 1.1516210 1.3802710 1.4547459 1.4600642 1.2357534 1.2602096 1.1939639 1.2113664 1.1954030 1.2682805 1.1754907 1.1488728 1.2705443 1.3060869 1.1475776 1.2759655 1.6447852 1.2195114 1.3522362 1.4543986 1.1209004 0.9906830 1.0171128 0.8208080 0.3448755 0.0000000 0.7138806 1.2827066 1.2816638 1.3582278 1.2585992 1.3537775 1.3537775 1.4111763 1.6202051 1.4066873 1.3293347 1.5002007 1.4591546 1.4172305 1.9243038 1.9127306 1.6767592 1.3321393 1.7912092 1.5202541 1.9203161 2.3425453 1.8026990 1.8870419 2.1588290 2.2995768 1.9407366 2.7450944 2.3177032 1.9330016 1.6341220 3.0960738 
Stycar_maker-SC_scaffold1526-augustus-gene-0.6-mRNA-1  1.5492177 1.2020527 1.3171833 1.5334975 1.5529891 1.5810662 1.2914018 1.3568926 1.2418509 1.3413720 1.2047465 1.3024581 1.1975631 1.2710872 1.1551420 1.4643547 1.0489801 1.3293234 1.7229025 1.4216110 1.3626615 1.2507342 0.8890577 0.7879204 0.9160296 0.6145001 0.9038802 0.7138806 0.0000000 1.4031718 1.3317408 1.4991063 1.3640222 1.4762645 1.4762645 1.5060405 1.7021006 1.2713999 1.3744815 1.4774499 1.4440860 1.3731771 2.2710267 2.0732723 1.9537874 1.3307116 1.7700237 1.7605328 1.9237522 2.3384561 2.1462222 2.0732846 2.2400564 2.2664198 2.0286742 3.0150088 2.3037584 2.1168581 1.9191728 3.1051409 
Tadh_TriadT60897                                       1.0439737 1.0931055 1.0224844 1.3392788 1.2480578 1.3380578 1.4222388 1.2526077 1.2071588 1.3502836 1.1133333 1.1228125 1.1706040 1.3202582 1.2587081 1.4055059 1.0858489 1.1220120 1.4363509 1.1770051 1.2000158 1.2394625 1.7229698 1.5557913 1.7205981 1.5056589 1.6413688 1.2827066 1.4031718 0.0000000 0.0098453 0.4113431 0.4303111 0.4039737 0.4039737 1.3199342 1.3823882 1.7429070 1.5843413 1.8759116 1.6947187 1.6501301 2.3127470 2.0885626 1.6963267 1.4655539 2.4680872 1.8791104 2.0858371 3.0496139 2.3970323 2.6979319 2.7447345 2.8550395 2.6696965 3.4305873 3.1606540 1.7483829 2.2489043 3.2730281 
TrH2_TrispH2_008868-RA                                 0.9686971 1.0982982 1.0224844 1.3278390 1.2500774 1.2790096 1.3438069 1.1732347 1.1951675 1.2898454 1.1468316 1.1374964 1.1858742 1.2785654 1.2541881 1.4111430 1.0845350 1.1206769 1.3785516 1.1343690 1.1746971 1.1754331 1.7463402 1.5557913 1.6668004 1.4895251 1.6413688 1.2816638 1.3317408 0.0098453 0.0000000 0.4113431 0.4298248 0.3863824 0.3863824 1.2583132 1.4370368 1.6743441 1.5147629 1.7870589 1.6890373 1.5963378 2.2639376 2.0447661 1.6903071 1.4547697 2.3430319 1.8791104 2.0858371 3.0383599 2.3970323 2.6979319 2.7580278 2.7028196 2.5790608 3.2248669 3.1931475 1.6484820 2.2472440 3.1331229 
HoiH06_mRNA9571                                        1.0180626 0.9846205 1.1115230 1.3313506 1.4327227 1.3608594 1.4133102 1.2364522 1.2611643 1.4075602 1.3153789 1.2848421 1.1735729 1.2342572 1.2207546 1.3134632 1.0299962 1.2148701 1.4249818 0.9494177 1.2581729 1.0354528 1.5540222 1.4951265 1.6050711 1.6032048 1.5512560 1.3582278 1.4991063 0.4113431 0.4113431 0.0000000 0.0667151 0.1789176 0.1789176 1.3117364 1.2940914 1.2964904 1.6251058 1.8452662 1.8800519 1.6425132 1.7600983 1.7629498 1.4195400 1.9099403 2.0675126 1.8693044 1.9398100 2.7215474 2.3758308 2.8708344 2.6404506 2.5756045 2.3434628 3.1691457 3.1481455 1.6966657 2.2644616 4.7368100 
HoiH23_PlH23_008483-RA                                 1.2340236 1.1557405 1.1457332 1.2821945 1.3752899 1.3638446 1.4230497 1.2599437 1.1974957 1.3695227 1.2114709 1.2352444 1.1961991 1.2436741 1.3742295 1.3403251 1.2018961 1.2203166 1.5385145 1.1950743 1.3547357 1.3770689 1.6201388 1.4676902 1.6805473 1.4974755 1.5084994 1.2585992 1.3640222 0.4303111 0.4298248 0.0667151 0.0000000 0.2121706 0.2121706 1.2371062 1.4695532 1.6518828 1.6223956 1.8792992 1.9070250 1.6146099 1.9017072 1.9597250 1.6829162 1.5040191 2.6846181 1.8532910 2.3520224 2.7935323 2.2516596 2.6881231 2.5430660 2.5523476 2.3189139 2.9224104 3.0738305 1.9003872 2.1239943 3.0917359 
Hhon_g10524.t1                                         1.0763878 1.1287400 0.9369561 1.1579708 1.2523477 1.2704151 1.3905295 1.2037106 1.1744302 1.3466733 1.1620636 1.2119731 1.2363199 1.2685721 1.3012644 1.4019702 1.1036803 1.2565171 1.4589498 1.1812026 1.2402799 1.4104201 1.6662093 1.5996033 1.6759523 1.6862778 1.7567926 1.3537775 1.4762645 0.4039737 0.3863824 0.1789176 0.2121706 0.0000000 0.0000010 1.3227062 1.3509390 1.6515199 1.6188185 1.9343940 1.8742955 1.4591739 2.0581303 2.0174082 1.5310716 1.6276288 2.6061434 1.9656082 2.3222504 2.9994105 2.5588606 2.7809307 2.9314154 2.7260720 2.3572537 3.0102376 3.1581541 1.7898797 2.2022818 3.0776696 
HoiH04_mRNA11791                                       1.0763878 1.1287400 0.9369561 1.1579708 1.2523477 1.2704151 1.3905295 1.2037106 1.1744302 1.3466733 1.1620636 1.2119731 1.2363199 1.2685721 1.3012644 1.4019702 1.1036803 1.2565171 1.4589498 1.1812026 1.2402799 1.4104201 1.6662093 1.5996033 1.6759523 1.6862778 1.7567926 1.3537775 1.4762645 0.4039737 0.3863824 0.1789176 0.2121706 0.0000010 0.0000000 1.3227062 1.3509390 1.6515199 1.6188185 1.9343940 1.8742955 1.4591739 2.0581303 2.0174082 1.5310716 1.6276288 2.6061434 1.9656082 2.3222504 2.9994105 2.5588606 2.7809307 2.9314154 2.7260720 2.3572537 3.0102376 3.1581541 1.7898797 2.2022818 3.0776696 
Cscu_XM_023374858.1                                    1.2208314 1.1882705 1.2383139 1.1948339 1.3520137 1.5683792 1.4493268 1.2497853 1.3879397 1.3811343 1.1459570 1.2212214 1.2324620 1.4452181 1.3409200 1.3770121 1.1935923 1.3139292 1.6660153 1.3560551 1.2808226 1.2913914 1.8028669 1.8713635 1.8743400 1.6955027 1.6730978 1.4111763 1.5060405 1.3199342 1.2583132 1.3117364 1.2371062 1.3227062 1.3227062 0.0000000 1.5597761 1.4252358 1.5742584 1.6486469 1.8245851 1.3973815 2.5661070 2.5455378 2.0230343 1.8342127 2.5502112 2.0044568 2.4387896 2.9115369 2.4727736 2.6428710 2.6787522 2.7885674 2.6993848 2.9338732 2.6839421 2.4240453 2.3517988 3.6612371 
Tcas_TC002299_001                                      1.5205280 1.2551187 1.1997107 1.3616353 1.4282158 1.5554350 1.8207417 1.4275517 1.4679596 1.5693102 1.5807098 1.4757792 1.5502016 1.7556558 1.7576385 1.6431521 1.3364849 1.4636908 1.9480867 1.4292934 1.6538036 1.5139345 1.7170518 1.7721873 1.9875562 1.8158821 1.8215470 1.6202051 1.7021006 1.3823882 1.4370368 1.2940914 1.4695532 1.3509390 1.3509390 1.5597761 0.0000000 1.1706680 1.8040107 2.0397753 2.1307789 2.0023856 2.3601361 2.4164609 2.0766627 2.0276375 2.4601276 2.4911716 2.7706842 2.6938838 2.6721447 2.8112744 2.5190916 3.4625608 2.8050107 2.8734637 2.6493642 2.0889036 2.9284821 4.2659086 
Dpul_mRNA11905                                         1.6244079 1.0838660 1.1262484 1.1472889 1.2789224 1.5611774 1.3810178 1.2341252 1.3913925 1.3472704 1.3514730 1.3859338 1.3290594 1.4282707 1.5923283 1.3444689 1.3898378 1.3680686 1.4960160 1.4026806 1.5347627 1.5914032 1.6789032 1.3220047 1.5113729 1.3989445 1.2509869 1.4066873 1.2713999 1.7429070 1.6743441 1.2964904 1.6518828 1.6515199 1.6515199 1.4252358 1.1706680 0.0000000 1.4431653 1.5910967 1.5188254 1.8082178 2.3648355 2.0800728 1.9329484 1.8928591 2.0355111 1.4034109 2.1410265 2.5649272 2.3789317 2.3387291 2.4587401 2.5122069 2.4495532 2.8059075 2.6099140 1.7084122 2.0810403 4.2306801 
Scil_scict002858.2                                     1.6309096 1.1823577 1.2829306 1.4210900 1.4362011 1.7151127 1.4648745 1.0980946 1.1272550 1.2695010 1.1801935 1.1488641 1.1476620 1.2673705 1.3736060 1.4579066 1.4124409 1.3811049 1.6357173 1.2942206 1.4809397 1.4916945 1.4902304 1.2214215 1.6676210 1.3339409 1.7462051 1.3293347 1.3744815 1.5843413 1.5147629 1.6251058 1.6223956 1.6188185 1.6188185 1.5742584 1.8040107 1.4431653 0.0000000 0.5296974 0.4882884 0.8328409 2.2920648 1.9653419 1.9509067 1.7059799 2.0619263 1.9786802 2.0504703 2.7168013 2.2641102 2.4799363 2.5202125 2.6672901 2.6208173 2.6394548 2.7510970 2.2497533 2.3862674 3.6676549 
Gracom_Gcom_scaffold19138_01                           1.8581387 1.2302372 1.4307563 1.6486942 1.6292415 1.8042895 1.3976922 1.1535990 1.3157247 1.2957455 1.2276812 1.1830677 1.2491141 1.4273330 1.4629602 1.6802231 1.5249989 1.4588870 1.7576895 1.4600231 1.7244620 1.8884757 1.6190188 1.5018970 1.9092786 1.5646893 1.6615170 1.5002007 1.4774499 1.8759116 1.7870589 1.8452662 1.8792992 1.9343940 1.9343940 1.6486469 2.0397753 1.5910967 0.5296974 0.0000000 0.5196286 1.0791625 2.5475347 2.2119243 2.0359253 1.8273249 2.4269707 1.9146925 2.1320793 2.8986192 2.2806352 2.5342432 2.5375155 2.4626764 2.7770222 2.6477017 2.5869722 2.3229457 2.6002925 3.8451880 
Lcom_lcpid87999                                        1.6148224 1.3166126 1.2171574 1.5477100 1.6376915 1.6557077 1.4653866 1.2712747 1.2627233 1.3687866 1.2329470 1.2263655 1.2646588 1.4681356 1.4719623 1.4063863 1.5590559 1.4850200 1.5706329 1.3741414 1.5433187 1.4585245 1.6403942 1.3408668 1.9153360 1.5329093 1.8659544 1.4591546 1.4440860 1.6947187 1.6890373 1.8800519 1.9070250 1.8742955 1.8742955 1.8245851 2.1307789 1.5188254 0.4882884 0.5196286 0.0000000 0.8784279 2.6228880 2.3612135 2.1570336 1.9424569 2.4708674 2.1575041 2.5042340 3.0052405 2.5936715 2.9236457 2.6539145 2.6108576 2.8262381 2.8995793 2.9953545 2.3104544 2.9249375 3.7762239 
Clacor_Ccor_scaffold8493_01                            1.5814401 1.1739692 1.2934590 1.3582831 1.3972304 1.4982508 1.3312015 0.9782271 1.0362418 1.0952560 0.9052420 0.9821117 0.9720255 0.9796087 1.1211182 1.3378426 1.2755498 1.1390904 1.4307576 1.1690435 1.5732180 1.4105962 1.5249073 1.2632488 1.6210429 1.3585190 1.6717769 1.4172305 1.3731771 1.6501301 1.5963378 1.6425132 1.6146099 1.4591739 1.4591739 1.3973815 2.0023856 1.8082178 0.8328409 1.0791625 0.8784279 0.0000000 2.4763553 2.1307836 1.9102625 1.1562583 2.4124112 2.1982866 1.9293210 2.7789074 2.2882901 2.6998643 3.0405232 2.5707372 2.4214668 3.1835178 2.8384861 2.8159158 2.3787784 3.0586557 
Acaspe_EP00035_Acanthoeca_spectabilis_P012352          1.9703774 1.8312551 1.7990185 2.5404490 2.3878916 2.3372564 1.8188857 2.0183145 2.0797706 2.2369919 2.0601048 2.2011884 2.1223995 2.5341784 1.8603669 2.4688504 2.2536382 1.8934792 2.2713031 2.2835795 2.2091227 2.1219061 2.4207595 2.3342206 2.5472169 2.3373793 1.8821243 1.9243038 2.2710267 2.3127470 2.2639376 1.7600983 1.9017072 2.0581303 2.0581303 2.5661070 2.3601361 2.3648355 2.2920648 2.5475347 2.6228880 2.4763553 0.0000000 0.5653212 1.3555377 2.5299970 2.9122983 1.9015281 2.8012367 4.2833517 3.4051237 3.2796104 3.4538076 4.1570019 3.2805920 4.3003296 4.0930980 2.3080263 2.5955589 4.5993090 
Helnan_EP00037_Helgoeca_nana_P021149                   1.7911260 1.7468929 1.5530779 2.3263170 2.1807519 1.9472106 1.9448896 1.8177615 1.9623535 2.0856957 2.0114385 2.0412193 2.0001015 2.2405550 1.7458589 2.2963298 1.9424287 1.8897906 2.0726355 1.9293189 1.9915870 1.9435294 2.1357450 2.1165542 2.1398957 2.2336909 1.7821616 1.9127306 2.0732723 2.0885626 2.0447661 1.7629498 1.9597250 2.0174082 2.0174082 2.5455378 2.4164609 2.0800728 1.9653419 2.2119243 2.3612135 2.1307836 0.5653212 0.0000000 1.3957861 2.6245043 2.4802190 1.7738262 2.3963255 3.9762380 3.2652644 3.3020136 3.5046314 3.7444518 3.2323626 3.8628730 3.9811764 2.1251012 2.5421136 4.2581339 
Diagra_EP00040_Diaphanoeca_grandis_P007894             1.6459932 1.3678146 1.3196182 1.7964534 1.9240300 1.7743821 1.6603251 1.8093085 1.5384717 1.5498640 1.6159715 1.6652709 1.7235231 1.6140947 1.9823757 2.2006358 1.8184633 1.7027784 1.8846207 1.9072646 1.8839608 1.6969038 1.9467160 1.7143002 2.1277192 1.8962407 1.5204607 1.6767592 1.9537874 1.6963267 1.6903071 1.4195400 1.6829162 1.5310716 1.5310716 2.0230343 2.0766627 1.9329484 1.9509067 2.0359253 2.1570336 1.9102625 1.3555377 1.3957861 0.0000000 2.1586895 2.4237803 1.1402725 2.1771764 3.0293069 2.7476758 3.1999513 2.8130212 2.8588398 2.5367067 3.1766939 3.1940494 1.7991480 2.2753969 3.9511935 
Amil_Amillepora14768-RA                                1.5163714 1.3052959 1.2640107 1.5763097 1.5378938 1.5909733 1.9973668 1.1300752 0.3714010 0.8453446 0.6721409 0.6590370 0.6553264 0.5085056 1.6320861 1.9460746 1.2723551 1.5426282 1.9507169 1.3973239 1.6411792 1.1703283 1.9273220 2.0307021 2.0683975 1.5702171 1.9720564 1.3321393 1.3307116 1.4655539 1.4547697 1.9099403 1.5040191 1.6276288 1.6276288 1.8342127 2.0276375 1.8928591 1.7059799 1.8273249 1.9424569 1.1562583 2.5299970 2.6245043 2.1586895 0.0000000 3.0792345 3.0749109 3.1250777 2.9459729 2.6353684 2.6084935 3.0823041 3.0717118 2.7856615 3.2139058 2.8181431 2.5378713 2.4247442 2.8232330 
Salpun_EP00053_Salpingoeca_punica_P024850              2.0702990 1.9265904 1.8321771 2.6144525 2.7139531 2.4923537 2.3359970 2.2837863 2.3241920 2.4138558 2.2786560 2.2693646 2.3548172 2.3376514 2.1184102 2.3359975 1.9966632 2.5583080 2.7865602 2.5905405 2.1584371 2.0093002 2.2206703 1.6153343 2.2222525 1.7071349 1.6828703 1.7912092 1.7700237 2.4680872 2.3430319 2.0675126 2.6846181 2.6061434 2.6061434 2.5502112 2.4601276 2.0355111 2.0619263 2.4269707 2.4708674 2.4124112 2.9122983 2.4802190 2.4237803 3.0792345 0.0000000 2.3741662 2.1560448 2.8461269 2.4801753 2.4166349 2.8145124 2.6561738 2.8227823 3.9125390 3.0856939 2.6960237 2.2839814 5.2574004 
Stedip_EP00041_Stephanoeca_diplocostata_P021193        1.7263886 1.4800426 1.4104999 2.0408466 2.1857831 2.2815419 1.9070500 2.0952698 1.8338466 1.9567260 1.8120979 1.7214829 1.7714909 2.3276214 1.5883203 2.3312683 1.5259884 2.4013984 1.9604334 1.8876654 2.1404814 1.3331888 1.9501406 1.6418235 2.0069064 1.7924141 1.7496341 1.5202541 1.7605328 1.8791104 1.8791104 1.8693044 1.8532910 1.9656082 1.9656082 2.0044568 2.4911716 1.4034109 1.9786802 1.9146925 2.1575041 2.1982866 1.9015281 1.7738262 1.1402725 3.0749109 2.3741662 0.0000000 2.1577561 3.1972978 3.3095914 3.5053612 3.3771101 4.0821928 3.4266204 3.7933087 3.5369770 2.3412968 2.5860873 4.5139798 
Salmac_EP00052_Salpingoeca_macrocollata_P008161        2.1734926 2.0757039 1.5731084 2.2352480 2.2253143 2.4882734 2.4456181 1.9957020 2.3063724 2.3586087 2.3382086 2.2482050 2.2169315 2.3925673 2.2522327 2.5125974 2.2308877 2.0712453 2.4418492 2.3121820 2.5733564 2.2062783 2.6397587 1.8658370 2.1028704 2.2881043 1.7565418 1.9203161 1.9237522 2.0858371 2.0858371 1.9398100 2.3520224 2.3222504 2.3222504 2.4387896 2.7706842 2.1410265 2.0504703 2.1320793 2.5042340 1.9293210 2.8012367 2.3963255 2.1771764 3.1250777 2.1560448 2.1577561 0.0000000 3.0218108 3.1318741 3.0957328 2.9214153 2.9002648 2.8773807 3.1489053 3.2295502 2.6679099 2.5265806 4.4079584 
Mlei_ML0818.g2.i1                                      2.8355277 2.2487539 2.1126524 2.7863250 2.7408516 2.4293411 2.3796354 2.6804858 2.3036884 2.3132484 2.2277918 2.3278871 2.2648841 2.4190482 2.4956836 2.5950971 2.7583847 2.9829741 3.0306278 2.5465471 2.8378454 2.0976677 2.3265549 2.2650870 2.3318638 2.1732219 2.2431667 2.3425453 2.3384561 3.0496139 3.0383599 2.7215474 2.7935323 2.9994105 2.9994105 2.9115369 2.6938838 2.5649272 2.7168013 2.8986192 3.0052405 2.7789074 4.2833517 3.9762380 3.0293069 2.9459729 2.8461269 3.1972978 3.0218108 0.0000000 0.7829841 0.7198040 0.8902350 1.3069346 1.1756113 1.4201798 1.3468109 3.1932514 3.0897396 5.7420188 
Bolinf_Binf_sb1297006                                  2.3415092 2.0969620 1.9572972 2.4018723 2.4515771 2.5151828 1.7731398 2.1254536 1.9847556 2.1769527 1.8148845 2.0308165 2.0582421 2.0402291 1.9968305 2.8185254 2.3345360 2.6193476 2.4589365 2.1700917 2.2672986 1.9287869 1.9834380 1.8314124 2.0246488 1.8275107 2.0223997 1.8026990 2.1462222 2.3970323 2.3970323 2.3758308 2.2516596 2.5588606 2.5588606 2.4727736 2.6721447 2.3789317 2.2641102 2.2806352 2.5936715 2.2882901 3.4051237 3.2652644 2.7476758 2.6353684 2.4801753 3.3095914 3.1318741 0.7829841 0.0000000 0.5175177 0.7443228 1.1366556 0.8302936 1.3006641 1.0920773 2.5686534 2.6240163 4.0243474 
Beraby_Baby_sb325700                                   2.4005499 2.1108203 2.0454282 2.4694545 2.2474881 2.4466239 1.7007936 2.1462554 2.0335484 2.1693620 1.7928147 2.0009348 2.1336920 1.8386183 2.2172111 2.5268796 2.2821662 2.3494819 2.5923087 2.3848489 2.2443043 1.8920467 1.9836169 1.8458970 1.9864234 1.9144282 2.1404716 1.8870419 2.0732846 2.6979319 2.6979319 2.8708344 2.6881231 2.7809307 2.7809307 2.6428710 2.8112744 2.3387291 2.4799363 2.5342432 2.9236457 2.6998643 3.2796104 3.3020136 3.1999513 2.6084935 2.4166349 3.5053612 3.0957328 0.7198040 0.5175177 0.0000000 0.7058298 0.9288514 0.8798435 1.5468922 1.2277887 2.7681517 2.3825710 3.8365555 
Drygla_Dgla_sb292709                                   2.6664841 2.4949056 2.2617978 2.5776760 2.6464328 2.5932628 2.3448057 2.4250670 2.1397452 2.4768131 2.0701433 2.3838225 2.3035108 2.6342917 2.4203855 3.0182250 2.8738094 2.8988843 2.9143545 2.4697665 2.5705433 2.2788824 2.0946301 2.1389713 2.4123253 2.4696111 2.4468093 2.1588290 2.2400564 2.7447345 2.7580278 2.6404506 2.5430660 2.9314154 2.9314154 2.6787522 2.5190916 2.4587401 2.5202125 2.5375155 2.6539145 3.0405232 3.4538076 3.5046314 2.8130212 3.0823041 2.8145124 3.3771101 2.9214153 0.8902350 0.7443228 0.7058298 0.0000000 1.1285277 0.9942032 1.5096235 1.0968704 2.5960476 2.9762014 4.8155847 
Pbac_sb2655020                                         2.7832826 2.2018888 2.1135187 2.5506118 2.4762842 2.7687757 2.7022537 2.3780373 2.5098090 2.8376066 2.3457483 2.3753536 2.5526823 2.5777616 2.4951238 2.5694909 2.4790338 2.6910673 2.6028920 2.4959450 2.6313965 2.7301031 1.9167191 2.1532129 2.2579922 2.4069340 2.5502488 2.2995768 2.2664198 2.8550395 2.7028196 2.5756045 2.5523476 2.7260720 2.7260720 2.7885674 3.4625608 2.5122069 2.6672901 2.4626764 2.6108576 2.5707372 4.1570019 3.7444518 2.8588398 3.0717118 2.6561738 4.0821928 2.9002648 1.3069346 1.1366556 0.9288514 1.1285277 0.0000000 1.0312849 1.5574344 1.5311115 2.8713463 3.2345428 4.7430102 
Lampan_Lpan_C399317_01                                 2.2789071 1.9167373 1.9980280 2.2619146 2.2952703 2.6482703 2.5134299 2.2698440 2.0250800 2.2837004 1.9136332 2.0395610 2.1461517 2.1696295 2.2624311 2.4591905 2.4119328 2.5570040 2.5083223 2.4100164 2.0926700 1.9392039 2.2777300 2.1791975 2.2145622 2.0722615 2.0822355 1.9407366 2.0286742 2.6696965 2.5790608 2.3434628 2.3189139 2.3572537 2.3572537 2.6993848 2.8050107 2.4495532 2.6208173 2.7770222 2.8262381 2.4214668 3.2805920 3.2323626 2.5367067 2.7856615 2.8227823 3.4266204 2.8773807 1.1756113 0.8302936 0.8798435 0.9942032 1.0312849 0.0000000 1.3899602 1.2558273 2.6423393 2.5143343 4.2320810 
Vmul_SimC389996                                        3.4395468 2.8457509 2.8329687 2.7018824 2.6357770 2.7247172 2.6478062 2.6330385 2.7030225 3.0941166 2.5847244 2.6317816 2.6346961 2.4446746 2.5173679 3.3852428 3.5328759 3.0405043 3.2063239 3.0843229 3.1845264 2.8457577 2.6373612 2.7244567 2.9444063 3.0425236 2.8662251 2.7450944 3.0150088 3.4305873 3.2248669 3.1691457 2.9224104 3.0102376 3.0102376 2.9338732 2.8734637 2.8059075 2.6394548 2.6477017 2.8995793 3.1835178 4.3003296 3.8628730 3.1766939 3.2139058 3.9125390 3.7933087 3.1489053 1.4201798 1.3006641 1.5468922 1.5096235 1.5574344 1.3899602 0.0000000 0.9676370 3.5454605 3.4524554 5.1944912 
Coemet_Cmet_scaffold15516_01                           3.0136426 2.4279918 2.5940869 2.7222523 2.8431882 2.7055381 2.5229826 2.4988934 2.5577340 2.6742213 2.3821690 2.5908102 2.5606619 2.6749315 2.1956199 3.1575548 3.0791769 2.8108264 3.0375753 2.6673308 2.8898246 2.4154488 2.3466632 2.3551526 2.7810645 2.1011477 2.6672670 2.3177032 2.3037584 3.1606540 3.1931475 3.1481455 3.0738305 3.1581541 3.1581541 2.6839421 2.6493642 2.6099140 2.7510970 2.5869722 2.9953545 2.8384861 4.0930980 3.9811764 3.1940494 2.8181431 3.0856939 3.5369770 3.2295502 1.3468109 1.0920773 1.2277887 1.0968704 1.5311115 1.2558273 0.9676370 0.0000000 2.8523624 3.5674724 4.9136617 
Didcos_EP00039_Didymoeca_costata_P005541               2.0286526 1.9541157 1.8289217 2.1567529 2.1708114 2.4775374 2.1937133 1.8286191 2.0420383 1.9267786 1.8528422 1.8402677 1.8981705 2.0120022 2.3193168 2.2088945 2.1931411 1.8834289 2.1587974 1.8591153 2.2276791 2.1026789 2.6652956 2.1777313 2.6425521 2.0518163 2.2536876 1.9330016 2.1168581 1.7483829 1.6484820 1.6966657 1.9003872 1.7898797 1.7898797 2.4240453 2.0889036 1.7084122 2.2497533 2.3229457 2.3104544 2.8159158 2.3080263 2.1251012 1.7991480 2.5378713 2.6960237 2.3412968 2.6679099 3.1932514 2.5686534 2.7681517 2.5960476 2.8713463 2.6423393 3.5454605 2.8523624 0.0000000 2.2914377 4.4914209 
Salurc_EP00051_Salpingoeca_urceolata_P021149           2.0442883 1.9336336 2.0478501 2.3626420 2.3497844 2.7421355 1.9268508 1.9971485 2.1026974 2.4878759 1.8688786 2.1459465 2.0397904 1.9940746 1.7469330 2.3423191 2.2902284 2.2151042 2.5921250 2.2190346 2.3663689 1.9374688 2.4460504 2.2140130 2.0216207 1.8389426 2.1350302 1.6341220 1.9191728 2.2489043 2.2472440 2.2644616 2.1239943 2.2022818 2.2022818 2.3517988 2.9284821 2.0810403 2.3862674 2.6002925 2.9249375 2.3787784 2.5955589 2.5421136 2.2753969 2.4247442 2.2839814 2.5860873 2.5265806 3.0897396 2.6240163 2.3825710 2.9762014 3.2345428 2.5143343 3.4524554 3.5674724 2.2914377 0.0000000 3.3058268 
Ocar_g1467                                             3.3881101 3.2668994 3.4093227 4.0067583 3.7482112 3.5103911 1.5938531 3.5777371 3.2611236 3.4854605 2.9397074 3.1388348 3.2575495 2.7462192 2.4758350 3.7819843 2.8912724 3.5667031 4.3069394 4.3821119 3.2007933 3.4930159 3.8743808 4.3722497 4.0239945 3.9762900 4.7436215 3.0960738 3.1051409 3.2730281 3.1331229 4.7368100 3.0917359 3.0776696 3.0776696 3.6612371 4.2659086 4.2306801 3.6676549 3.8451880 3.7762239 3.0586557 4.5993090 4.2581339 3.9511935 2.8232330 5.2574004 4.5139798 4.4079584 5.7420188 4.0243474 3.8365555 4.8155847 4.7430102 4.2320810 5.1944912 4.9136617 4.4914209 3.3058268 0.0000000 
