62
Hsap_ENST00000394829                                  0.0000000 0.4004811 0.3207751 0.3832537 0.3359745 0.3783920 0.3925756 0.3581159 0.3285528 0.4387502 0.3984233 0.6174345 0.4782968 0.5015943 0.4956704 0.3950989 0.5188623 0.5039121 0.4676216 0.4851805 0.4778001 0.4113154 0.4410973 0.5261469 0.5584730 0.5919358 0.6017420 0.5607012 0.7295261 0.3316152 0.7953325 0.6228882 0.4138417 0.4404916 0.4863511 0.5334062 0.4063100 0.5200979 0.5070496 0.5363823 0.4392399 0.9327377 0.4800408 0.8491734 0.8098090 1.0186485 0.6705353 0.6886875 0.8033568 0.8200100 0.6519612 0.5639923 0.7188818 0.7868916 0.8210642 0.8260050 0.8513821 0.7698459 0.5117550 0.7615538 0.7562370 0.8214781 
Bralan_BLAG15000031_1                                 0.4004811 0.0000000 0.3036786 0.3497424 0.2953223 0.3448479 0.3175658 0.3003661 0.3140017 0.4677567 0.4266524 0.6090141 0.5159020 0.4990865 0.4823937 0.3881637 0.4294106 0.4153102 0.4530748 0.4659438 0.4624591 0.3632351 0.4179439 0.5337955 0.5294738 0.6697076 0.6282944 0.5691161 0.6990898 0.3089846 0.9012303 0.6629423 0.4187772 0.3883041 0.4596428 0.5321748 0.4051053 0.5305878 0.5130528 0.5313417 0.4577661 0.9633825 0.5199594 0.8653846 0.8815243 1.1498318 0.7225144 0.7199930 0.8182383 0.8272727 0.6521202 0.5068382 0.7855967 0.7257117 0.8094139 0.8461647 0.8081664 0.6830698 0.5428191 0.7284933 0.8387682 0.7534906 
Skow_XM_006819618.1                                   0.3207751 0.3036786 0.0000000 0.2323663 0.1714302 0.2610652 0.2997673 0.2487698 0.2517780 0.4126441 0.4080964 0.5765241 0.3769385 0.4676476 0.4619826 0.3741917 0.4592388 0.4500594 0.3962277 0.4018647 0.4061047 0.3543652 0.3844129 0.5372685 0.5402708 0.5808260 0.5817136 0.5463153 0.6407561 0.2572291 0.7616600 0.5983370 0.3879849 0.3286162 0.4505764 0.4739892 0.3648933 0.5152804 0.4645399 0.4953679 0.4168206 0.8716813 0.4972095 0.7769807 0.7789796 1.0955898 0.6313439 0.6608193 0.7930574 0.7737817 0.5939443 0.4777219 0.7520283 0.7589357 0.7863569 0.7851562 0.7949270 0.6510900 0.5016894 0.7252128 0.6510537 0.7087902 
Cgig_XM_034456893.1                                   0.3832537 0.3497424 0.2323663 0.0000000 0.1299683 0.2175298 0.2868324 0.2711326 0.2768087 0.4333365 0.4373078 0.5176079 0.3946365 0.4614983 0.4466931 0.4100288 0.4612499 0.4427591 0.3652305 0.3750288 0.3701773 0.2957599 0.3445795 0.5248373 0.5230129 0.6014144 0.5658371 0.4921100 0.6294215 0.2384176 0.7023519 0.5724874 0.4058980 0.3574052 0.4935266 0.5000767 0.4100068 0.5457720 0.5019286 0.5228631 0.4597399 0.8175024 0.4057342 0.7810789 0.7745344 1.0811357 0.6170719 0.6503885 0.7925042 0.7818392 0.5780044 0.4294935 0.7490488 0.7218893 0.7812964 0.8039224 0.8008931 0.6722499 0.4727810 0.6810027 0.6553862 0.7361416 
Acagra_model.g4564.t1                                 0.3359745 0.2953223 0.1714302 0.1299683 0.0000000 0.1780034 0.2569220 0.2409703 0.2607337 0.3705539 0.3858085 0.5153471 0.3783671 0.4170362 0.4086569 0.3948715 0.3998711 0.3911771 0.3640308 0.3757043 0.3705815 0.2866568 0.3431198 0.4538589 0.4683642 0.5769578 0.5455923 0.4716147 0.6177181 0.2424283 0.6770000 0.5398936 0.3703925 0.3062247 0.4310742 0.4373895 0.3548816 0.4926455 0.4423532 0.4723836 0.4156409 0.8495291 0.4408153 0.7620349 0.7536121 1.0835551 0.6002917 0.6295617 0.7412474 0.7039174 0.5692758 0.4249850 0.6876380 0.7367961 0.7963405 0.8186869 0.8178759 0.6467887 0.4604981 0.6855094 0.6525389 0.7166464 
Ctel_gnl_WGS_AMQN_CAPTEDRAFT_mRNA203586               0.3783920 0.3448479 0.2610652 0.2175298 0.1780034 0.0000000 0.3217078 0.2865537 0.3090449 0.3827284 0.3495398 0.5584153 0.4206257 0.4480289 0.4474667 0.4098213 0.4009012 0.4242242 0.3881943 0.3970619 0.3906209 0.3301451 0.3610422 0.4631848 0.4723506 0.6104239 0.6156656 0.5558120 0.6548547 0.2869346 0.7976090 0.5678696 0.3894798 0.3133242 0.4466535 0.4540231 0.3778637 0.5000496 0.4450346 0.4690874 0.4263350 0.8687366 0.4904290 0.7533001 0.7774041 1.1216553 0.6595120 0.6698275 0.7791647 0.7826788 0.5919893 0.4961155 0.7641000 0.7294578 0.7706031 0.7712170 0.8289695 0.6591855 0.4722234 0.7950615 0.6745690 0.7743344 
Tcas_TC000103_001                                     0.3925756 0.3175658 0.2997673 0.2868324 0.2569220 0.3217078 0.0000000 0.1367788 0.2094881 0.4006043 0.4276783 0.5687255 0.4706313 0.4394040 0.4227217 0.4007902 0.4679776 0.4609999 0.4236948 0.4457645 0.4405065 0.3484481 0.3932375 0.5195388 0.5209289 0.5929558 0.5311705 0.4872995 0.6623401 0.2549022 0.8080777 0.5657384 0.3801659 0.3923127 0.4299025 0.4645438 0.3750020 0.5071033 0.4763829 0.4887420 0.4208613 0.9050273 0.4785520 0.7637634 0.7644972 1.1005220 0.6167995 0.6077263 0.7558629 0.7625412 0.5747274 0.5023653 0.7285702 0.7990183 0.8160194 0.8151889 0.8439218 0.6093467 0.4555241 0.7243260 0.7170515 0.7582316 
Dpul_mRNA21717                                        0.3581159 0.3003661 0.2487698 0.2711326 0.2409703 0.2865537 0.1367788 0.0000000 0.2099217 0.4004590 0.3920715 0.5786030 0.4602918 0.4582349 0.4347381 0.3946991 0.4714182 0.4539514 0.3959524 0.4214057 0.4171431 0.3485209 0.3538141 0.4861683 0.5239049 0.5740069 0.5435754 0.4876145 0.6215868 0.2885045 0.7607938 0.5547128 0.3591233 0.3490963 0.4202280 0.4356249 0.3629225 0.4757905 0.4353732 0.4535509 0.4210038 0.9226405 0.4630353 0.7214274 0.7137291 1.0361803 0.6227060 0.6042174 0.7268539 0.7261049 0.5092458 0.4560656 0.7366694 0.7361592 0.7878813 0.7564321 0.7604759 0.6361445 0.4126746 0.6843205 0.6674383 0.7682644 
Cscu_XM_023376016.1                                   0.3285528 0.3140017 0.2517780 0.2768087 0.2607337 0.3090449 0.2094881 0.2099217 0.0000000 0.3667546 0.3811022 0.5454704 0.4118054 0.4371571 0.4332473 0.3471713 0.3881888 0.3905377 0.3473256 0.3747864 0.3697584 0.3477437 0.3045266 0.4612839 0.4992296 0.5610037 0.5288380 0.5027593 0.6044762 0.2567989 0.6748218 0.5200194 0.4097776 0.3526947 0.3900209 0.3817982 0.3604446 0.3834874 0.3779924 0.3939086 0.3920278 0.8101075 0.4851620 0.7656044 0.7143966 0.9066936 0.5985384 0.5561499 0.6173195 0.6086624 0.5137677 0.4622056 0.6980509 0.6880918 0.7253017 0.6907214 0.6995861 0.5344905 0.3805442 0.5612966 0.5890293 0.7740406 
Exapal_XM_028658799.1                                 0.4387502 0.4677567 0.4126441 0.4333365 0.3705539 0.3827284 0.4006043 0.4004590 0.3667546 0.0000000 0.1565845 0.3498087 0.2793019 0.2752531 0.2728231 0.2381467 0.4134522 0.3968058 0.3432703 0.3441765 0.3404645 0.2953582 0.3301901 0.3425089 0.3774815 0.5901448 0.5740475 0.5409364 0.6592077 0.2875870 0.8917636 0.6102325 0.3893865 0.4041156 0.4580248 0.4790561 0.3536836 0.5116888 0.4622500 0.4755031 0.4046027 0.8894992 0.4484199 0.7460142 0.7016874 1.0245633 0.6316243 0.6296731 0.7092607 0.7729493 0.5653758 0.5246850 0.7168515 0.6501350 0.6593602 0.6805930 0.7252136 0.6755247 0.4357635 0.7881065 0.6909794 0.7532229 
Nvec_v1g245588                                        0.3984233 0.4266524 0.4080964 0.4373078 0.3858085 0.3495398 0.4276783 0.3920715 0.3811022 0.1565845 0.0000000 0.3136469 0.2884519 0.2235584 0.2324454 0.2238597 0.3770078 0.4043668 0.2954651 0.3132018 0.3094738 0.3058097 0.3122343 0.3294607 0.3696050 0.5763478 0.6110112 0.5701738 0.6601104 0.2709407 0.8387548 0.5542897 0.3388002 0.3962692 0.4220834 0.4425684 0.3414040 0.4531096 0.4118774 0.4310327 0.3908237 0.9210309 0.4514415 0.7355410 0.7297526 1.0426760 0.5970002 0.6018863 0.6832882 0.7294466 0.6072263 0.5562404 0.7525182 0.6772797 0.7049531 0.7190731 0.7662610 0.6413126 0.5111069 0.7334661 0.6553026 0.7199843 
Adig_XM_015919745.1                                   0.6174345 0.6090141 0.5765241 0.5176079 0.5153471 0.5584153 0.5687255 0.5786030 0.5454704 0.3498087 0.3136469 0.0000000 0.1135025 0.1838316 0.1781723 0.2037458 0.4886208 0.5101751 0.4602363 0.4735515 0.4690345 0.4086086 0.4932091 0.4848111 0.5385537 0.7214974 0.6848148 0.6974431 0.7834136 0.3975320 0.7333205 0.6214077 0.5032390 0.5479923 0.5773965 0.5982521 0.4687048 0.6278424 0.5697035 0.5980612 0.4947317 0.9451962 0.7985996 0.8289199 0.7828047 1.0504267 0.6553808 0.7219488 0.8292104 0.8378976 0.6592294 0.7925853 0.8154780 0.7436715 0.8310088 0.8373063 0.8308475 0.6998486 0.5031727 0.9555460 0.9242881 1.0325003 
Gfas_gfas1.m1.19332.m1                                0.4782968 0.5159020 0.3769385 0.3946365 0.3783671 0.4206257 0.4706313 0.4602918 0.4118054 0.2793019 0.2884519 0.1135025 0.0000000 0.1763827 0.1668478 0.1561026 0.4647243 0.4948051 0.4203698 0.4229627 0.4155294 0.3280725 0.4455777 0.3810931 0.4761500 0.5802728 0.5842840 0.5842840 0.5235648 0.2006572 0.8467283 0.5241368 0.2866521 0.4162966 0.5304193 0.5704229 0.2531544 0.6741588 0.5470007 0.5777945 0.3358795 0.8861871 0.0000010 0.7472891 0.7594787 1.0098110 0.5054529 0.5785284 0.6226761 0.6573288 0.6178020 0.5841233 0.2854459 0.5578269 0.6327766 0.6325353 0.6151465 0.5300128 0.6274893 0.8940326 0.7857187 0.1650275 
Spis_XP_022799681_1                                   0.5015943 0.4990865 0.4676476 0.4614983 0.4170362 0.4480289 0.4394040 0.4582349 0.4371571 0.2752531 0.2235584 0.1838316 0.1763827 0.0000000 0.0292172 0.1226582 0.4388675 0.4117466 0.3993233 0.4077350 0.4071575 0.3591426 0.3915503 0.4088739 0.4229341 0.6044496 0.6537952 0.5790306 0.6512814 0.2567910 0.9078929 0.6099755 0.4186737 0.4271395 0.4550678 0.4795991 0.3833913 0.5268592 0.4835163 0.4938700 0.3997845 0.9399489 0.5177699 0.7136547 0.7222060 0.9622339 0.6299949 0.6533108 0.7372838 0.7639131 0.6016957 0.6240793 0.7740416 0.6847606 0.7292174 0.7258947 0.7307752 0.6741436 0.5188320 0.7012548 0.6948738 0.7564679 
Pocdam_XM_027183384.1                                 0.4956704 0.4823937 0.4619826 0.4466931 0.4086569 0.4474667 0.4227217 0.4347381 0.4332473 0.2728231 0.2324454 0.1781723 0.1668478 0.0292172 0.0000000 0.1366847 0.4384051 0.4290208 0.4064898 0.4151313 0.4145928 0.3549994 0.4074273 0.3991913 0.4251156 0.6293547 0.6523574 0.5794275 0.6699740 0.2843201 0.8585237 0.6041554 0.4399816 0.4279122 0.4632680 0.4875717 0.3865233 0.5431139 0.4986474 0.5068561 0.4026287 0.9269733 0.5404832 0.7301792 0.7356378 0.9608934 0.6266782 0.6504300 0.7549401 0.7953976 0.5782789 0.6065531 0.8013461 0.6836453 0.7411938 0.7484586 0.7627877 0.6474582 0.5030491 0.7373916 0.6688667 0.7571665 
Fspp_ffun1.m4.2727.m1                                 0.3950989 0.3881637 0.3741917 0.4100288 0.3948715 0.4098213 0.4007902 0.3946991 0.3471713 0.2381467 0.2238597 0.2037458 0.1561026 0.1226582 0.1366847 0.0000000 0.3392986 0.3427496 0.3632885 0.3720088 0.3674397 0.3014189 0.3495880 0.3554143 0.3978034 0.5554889 0.5371673 0.4853949 0.5121683 0.2739221 0.7309889 0.4881678 0.3360825 0.4103859 0.4330788 0.4468327 0.3090292 0.3992656 0.4008357 0.4400714 0.3307236 0.7826183 0.5473321 0.6494272 0.7168856 0.8223957 0.5273924 0.5354868 0.6231465 0.6334775 0.4983295 0.5888291 0.4536527 0.5201515 0.5984645 0.5300603 0.5153178 0.5304828 0.4675536 0.6861465 0.6797227 0.6772673 
Hvul_g18336_1                                         0.5188623 0.4294106 0.4592388 0.4612499 0.3998711 0.4009012 0.4679776 0.4714182 0.3881888 0.4134522 0.3770078 0.4886208 0.4647243 0.4388675 0.4384051 0.3392986 0.0000000 0.2030557 0.3344689 0.3580932 0.3546229 0.2643090 0.3257355 0.4713969 0.4680938 0.6009806 0.6292179 0.6159558 0.6369872 0.2844975 0.8498105 0.5831684 0.4419215 0.4757388 0.4429629 0.4760658 0.3701421 0.4949350 0.4581371 0.4801668 0.4284765 0.9098900 0.5638176 0.8279157 0.7607592 0.9742063 0.6654960 0.6721821 0.7464970 0.7096731 0.5973251 0.5912022 0.8033388 0.6802772 0.7385456 0.7142447 0.7450756 0.6842348 0.5105722 0.8419584 0.8019163 0.7644764 
Chem_TCONS_00013222                                   0.5039121 0.4153102 0.4500594 0.4427591 0.3911771 0.4242242 0.4609999 0.4539514 0.3905377 0.3968058 0.4043668 0.5101751 0.4948051 0.4117466 0.4290208 0.3427496 0.2030557 0.0000000 0.3145548 0.3259148 0.3222113 0.2421475 0.2704600 0.4639204 0.4798276 0.6191099 0.6426319 0.6060596 0.7003012 0.2719661 0.9222707 0.5969407 0.3810213 0.4760086 0.4736967 0.5067383 0.4123473 0.5277407 0.5000107 0.5139306 0.4524250 0.9690769 0.5613617 0.7971385 0.7207228 0.9521900 0.6638154 0.6630612 0.8382439 0.8204436 0.6081692 0.6012635 0.7196145 0.6542645 0.7142350 0.6671026 0.7150959 0.6842789 0.5219706 0.7671514 0.7510830 0.8148902 
Aaur_scaffold707.g3.t2                                0.4676216 0.4530748 0.3962277 0.3652305 0.3640308 0.3881943 0.4236948 0.3959524 0.3473256 0.3432703 0.2954651 0.4602363 0.4203698 0.3993233 0.4064898 0.3632885 0.3344689 0.3145548 0.0000000 0.0452639 0.0396850 0.2050213 0.0998050 0.4432920 0.4357058 0.5971498 0.6042430 0.5858282 0.6848828 0.2815374 0.9218665 0.5808640 0.4084958 0.4154247 0.4314324 0.4544115 0.3662207 0.4775624 0.4483892 0.4783924 0.4053549 0.9236021 0.4830579 0.8001376 0.7545361 1.0327799 0.6304676 0.6495228 0.7842596 0.7787007 0.6171847 0.5822376 0.7065777 0.7475914 0.7592132 0.7589574 0.8068313 0.7078386 0.5017677 0.7542070 0.7658285 0.7956539 
Nemnom_g11573.t1                                      0.4851805 0.4659438 0.4018647 0.3750288 0.3757043 0.3970619 0.4457645 0.4214057 0.3747864 0.3441765 0.3132018 0.4735515 0.4229627 0.4077350 0.4151313 0.3720088 0.3580932 0.3259148 0.0452639 0.0000000 0.0077493 0.2195248 0.0923053 0.4568992 0.4466078 0.6076773 0.6282774 0.6045615 0.7050372 0.3043832 0.9279249 0.6027168 0.4233176 0.4309538 0.4612998 0.4835199 0.3784196 0.4947323 0.4643991 0.4854946 0.3877822 0.9378985 0.4966958 0.8273471 0.7520539 1.0436059 0.6441265 0.6562964 0.8114319 0.7955915 0.6261639 0.5831542 0.6922588 0.7355275 0.7584791 0.7662762 0.8226289 0.7058177 0.5077528 0.7667161 0.7493591 0.8341712 
Rhoesc_Res_012566-T1                                  0.4778001 0.4624591 0.4061047 0.3701773 0.3705815 0.3906209 0.4405065 0.4171431 0.3697584 0.3404645 0.3094738 0.4690345 0.4155294 0.4071575 0.4145928 0.3674397 0.3546229 0.3222113 0.0396850 0.0077493 0.0000000 0.2156326 0.0887572 0.4533091 0.4428960 0.6034813 0.6245133 0.5994469 0.6999845 0.2969715 0.9279249 0.5914708 0.4188352 0.4233366 0.4595584 0.4819034 0.3854037 0.5013533 0.4706264 0.4918487 0.4008769 0.9247942 0.4966958 0.8193726 0.7529491 1.0393060 0.6389109 0.6535137 0.8089125 0.7930893 0.6264820 0.5809202 0.6927780 0.7339426 0.7518078 0.7652837 0.8205165 0.7103916 0.5023696 0.7597563 0.7535670 0.8298188 
Morvir_scaffold85.g13.t1                              0.4113154 0.3632351 0.3543652 0.2957599 0.2866568 0.3301451 0.3484481 0.3485209 0.3477437 0.2953582 0.3058097 0.4086086 0.3280725 0.3591426 0.3549994 0.3014189 0.2643090 0.2421475 0.2050213 0.2195248 0.2156326 0.0000000 0.1992156 0.3974189 0.4258498 0.5162136 0.5830300 0.5161963 0.6251159 0.2881012 0.7158098 0.5555108 0.3818515 0.3802774 0.4369958 0.4216263 0.4015070 0.4316734 0.4259350 0.4433634 0.4392042 0.8698685 0.4677634 0.7352400 0.6591714 0.9370909 0.5460838 0.5300761 0.6596630 0.6332299 0.5787048 0.4678631 0.6721084 0.6580775 0.6683725 0.6589525 0.7311252 0.5859439 0.4504131 0.6489095 0.6900872 0.7539651 
Sanmal_Sma_016612-T1                                  0.4410973 0.4179439 0.3844129 0.3445795 0.3431198 0.3610422 0.3932375 0.3538141 0.3045266 0.3301901 0.3122343 0.4932091 0.4455777 0.3915503 0.4074273 0.3495880 0.3257355 0.2704600 0.0998050 0.0923053 0.0887572 0.1992156 0.0000000 0.4206932 0.4011659 0.5691342 0.5935832 0.5678198 0.6258959 0.3022724 0.8792624 0.5755899 0.3655130 0.3829624 0.4214368 0.4435934 0.3276228 0.4776646 0.4390777 0.4561417 0.3713188 0.8568417 0.5069524 0.7442709 0.6977229 0.9166119 0.5489577 0.5614628 0.7141503 0.6864643 0.5344573 0.6078974 0.5015216 0.6077997 0.6383852 0.6417738 0.6194158 0.5993244 0.5112120 0.7486592 0.7640488 0.7400093 
Dgig_XM_028546266.1                                   0.5261469 0.5337955 0.5372685 0.5248373 0.4538589 0.4631848 0.5195388 0.4861683 0.4612839 0.3425089 0.3294607 0.4848111 0.3810931 0.4088739 0.3991913 0.3554143 0.4713969 0.4639204 0.4432920 0.4568992 0.4533091 0.3974189 0.4206932 0.0000000 0.1317137 0.6965114 0.7076310 0.6517455 0.7567796 0.3264592 1.0056498 0.6984835 0.4589013 0.4911738 0.5088415 0.5319149 0.4260821 0.5668114 0.5152158 0.5474136 0.4707280 0.8458876 0.5101538 0.8078220 0.7656539 1.0489592 0.6739121 0.7227702 0.7109402 0.7876980 0.6076256 0.5833405 0.8017956 0.6515889 0.7042957 0.6944043 0.7299211 0.7271875 0.5162164 0.7253606 0.7077267 0.8544283 
Xesp_002462-T1                                        0.5584730 0.5294738 0.5402708 0.5230129 0.4683642 0.4723506 0.5209289 0.5239049 0.4992296 0.3774815 0.3696050 0.5385537 0.4761500 0.4229341 0.4251156 0.3978034 0.4680938 0.4798276 0.4357058 0.4466078 0.4428960 0.4258498 0.4011659 0.1317137 0.0000000 0.6707661 0.7137422 0.6769569 0.7825067 0.3440550 1.0790908 0.6883186 0.4564638 0.4937040 0.5252248 0.5611299 0.4188388 0.6010025 0.5514152 0.5763203 0.4689191 0.8982693 0.4977827 0.7831590 0.7671791 1.0559188 0.6980341 0.7193178 0.7490517 0.8001362 0.6363993 0.5986221 0.8043207 0.7144838 0.7441650 0.7560379 0.7818779 0.7362078 0.5323750 0.6944350 0.7522096 0.7986471 
Mlei_ML0508.g22.i1                                    0.5919358 0.6697076 0.5808260 0.6014144 0.5769578 0.6104239 0.5929558 0.5740069 0.5610037 0.5901448 0.5763478 0.7214974 0.5802728 0.6044496 0.6293547 0.5554889 0.6009806 0.6191099 0.5971498 0.6076773 0.6034813 0.5162136 0.5691342 0.6965114 0.6707661 0.0000000 0.2309661 0.2508929 0.3641261 0.0791364 0.4598752 0.2652547 0.2858135 0.6258441 0.6200928 0.6773325 0.5307317 0.6921428 0.6685982 0.6587046 0.5610246 1.0535295 0.6787295 0.8945864 0.8645124 1.1612338 0.7548542 0.7472513 0.8329123 0.7759568 0.7046638 0.6034240 0.9471135 0.9015972 0.8802302 0.9213573 0.9237509 0.8401034 0.6143330 0.8659044 0.9247241 0.8608807 
Coeast_Cast_sb793275                                  0.6017420 0.6282944 0.5817136 0.5658371 0.5455923 0.6156656 0.5311705 0.5435754 0.5288380 0.5740475 0.6110112 0.6848148 0.5842840 0.6537952 0.6523574 0.5371673 0.6292179 0.6426319 0.6042430 0.6282774 0.6245133 0.5830300 0.5935832 0.7076310 0.7137422 0.2309661 0.0000000 0.0475139 0.3203231 0.1078727 0.3881337 0.2904241 0.3899851 0.5913543 0.6886410 0.7229393 0.5544327 0.7361042 0.7058501 0.7070711 0.6360456 1.0224698 0.6415332 0.9722361 0.8526207 1.0789643 0.8324590 0.8163882 0.9339566 0.9139251 0.7002921 0.6238284 0.9527638 0.9319786 0.9487635 0.9173465 0.9416498 0.8302968 0.5788850 0.7823020 0.8973708 0.9117074 
Coemet_Cmet_scaffold6853_01                           0.5607012 0.5691161 0.5463153 0.4921100 0.4716147 0.5558120 0.4872995 0.4876145 0.5027593 0.5409364 0.5701738 0.6974431 0.5842840 0.5790306 0.5794275 0.4853949 0.6159558 0.6060596 0.5858282 0.6045615 0.5994469 0.5161963 0.5678198 0.6517455 0.6769569 0.2508929 0.0475139 0.0000000 0.1526159 0.1078727 0.3881337 0.3223201 0.3763882 0.5347674 0.6424209 0.6830793 0.4632540 0.6853817 0.6520149 0.6635787 0.5333440 0.9888653 0.6415332 0.9448350 0.7720428 1.0327828 0.7091509 0.6993141 0.8581705 0.8330763 0.5789588 0.6238284 0.7219835 0.7854666 0.8358126 0.8005719 0.7668195 0.7594057 0.5375032 0.7823020 0.8973708 0.6901829 
Lampan_Lpan_10158_01                                  0.7295261 0.6990898 0.6407561 0.6294215 0.6177181 0.6548547 0.6623401 0.6215868 0.6044762 0.6592077 0.6601104 0.7834136 0.5235648 0.6512814 0.6699740 0.5121683 0.6369872 0.7003012 0.6848828 0.7050372 0.6999845 0.6251159 0.6258959 0.7567796 0.7825067 0.3641261 0.3203231 0.1526159 0.0000000 0.0815273 0.5240241 0.4355548 0.4384990 0.7247210 0.7255067 0.7771688 0.5724642 0.7701117 0.7467523 0.7646454 0.6192642 1.1318706 0.6655786 1.0198424 0.8595554 1.3057040 0.8569362 0.8382927 0.9159573 0.9700183 0.7147076 0.6394784 0.8912586 0.8780354 0.9486714 0.9799039 0.8544277 0.9029259 0.6176420 0.8038345 0.9260558 0.8594657 
Beraby_Baby_sb328243                                  0.3316152 0.3089846 0.2572291 0.2384176 0.2424283 0.2869346 0.2549022 0.2885045 0.2567989 0.2875870 0.2709407 0.3975320 0.2006572 0.2567910 0.2843201 0.2739221 0.2844975 0.2719661 0.2815374 0.3043832 0.2969715 0.2881012 0.3022724 0.3264592 0.3440550 0.0791364 0.1078727 0.1078727 0.0815273 0.0000000 0.1198942 0.1043185 0.1876929 0.2750589 0.3028225 0.3028225 0.2967521 0.3021248 0.3021248 0.3060453 0.3444456 0.5078845 0.8302166 0.4507570 0.4505432 0.6307610 0.2928471 0.2732673 0.3520275 0.3577652 0.3515354 0.3687928 0.4825620 0.3896521 0.3986928 0.4060083 0.3903081 0.3648493 0.3383303 0.4379056 0.4876633 0.3271672 
Pbac_sb2657782                                        0.7953325 0.9012303 0.7616600 0.7023519 0.6770000 0.7976090 0.8080777 0.7607938 0.6748218 0.8917636 0.8387548 0.7333205 0.8467283 0.9078929 0.8585237 0.7309889 0.8498105 0.9222707 0.9218665 0.9279249 0.9279249 0.7158098 0.8792624 1.0056498 1.0790908 0.4598752 0.3881337 0.3881337 0.5240241 0.1198942 0.0000000 0.0091801 0.4714647 0.8835177 1.0326487 1.0491681 0.1875402 1.0528640 0.8926623 0.9578345 0.4199202 1.2914670 0.0000010 1.3907519 1.3326964 1.8879994 0.9231541 1.0643161 1.1780057 1.1769152 0.8983913 0.9472833 0.0000010 1.2618117 1.2452504 1.2522255 1.1655025 1.3833217 0.9099042 1.6394226 1.4896588 0.0000010 
Horcal_Hcv1.av93.c12.g147.i2                          0.6228882 0.6629423 0.5983370 0.5724874 0.5398936 0.5678696 0.5657384 0.5547128 0.5200194 0.6102325 0.5542897 0.6214077 0.5241368 0.6099755 0.6041554 0.4881678 0.5831684 0.5969407 0.5808640 0.6027168 0.5914708 0.5555108 0.5755899 0.6984835 0.6883186 0.2652547 0.2904241 0.3223201 0.4355548 0.1043185 0.0091801 0.0000000 0.3052637 0.6401113 0.6677637 0.6835834 0.5442339 0.6805114 0.6399414 0.6929264 0.5574040 1.0023360 0.6735471 0.8416994 0.9142357 1.1254437 0.7993996 0.8187478 0.8754841 0.8563444 0.7271759 0.6414680 0.9826299 0.8853001 0.8494172 0.8779202 0.8704797 0.8486675 0.6354528 0.8302693 0.9062042 0.9476607 
Drygla_Dgla_sb285425                                  0.4138417 0.4187772 0.3879849 0.4058980 0.3703925 0.3894798 0.3801659 0.3591233 0.4097776 0.3893865 0.3388002 0.5032390 0.2866521 0.4186737 0.4399816 0.3360825 0.4419215 0.3810213 0.4084958 0.4233176 0.4188352 0.3818515 0.3655130 0.4589013 0.4564638 0.2858135 0.3899851 0.3763882 0.4384990 0.1876929 0.4714647 0.3052637 0.0000000 0.4211935 0.4257020 0.4224001 0.4191933 0.4273087 0.4156687 0.4287452 0.4718686 0.8096264 0.5337881 0.6602504 0.6965024 0.8606623 0.5881940 0.5802854 0.6423063 0.6864535 0.5527556 0.3764402 0.8364203 0.6980657 0.6943684 0.7126757 0.7262201 0.5940413 0.4294598 0.4466930 0.5211546 0.8256776 
Spur_XM_011680477.2                                   0.4404916 0.3883041 0.3286162 0.3574052 0.3062247 0.3133242 0.3923127 0.3490963 0.3526947 0.4041156 0.3962692 0.5479923 0.4162966 0.4271395 0.4279122 0.4103859 0.4757388 0.4760086 0.4154247 0.4309538 0.4233366 0.3802774 0.3829624 0.4911738 0.4937040 0.6258441 0.5913543 0.5347674 0.7247210 0.2750589 0.8835177 0.6401113 0.4211935 0.0000000 0.5393472 0.5574235 0.4480856 0.5974079 0.5384341 0.5656964 0.4600672 0.9520407 0.4419558 0.7999574 0.7499706 0.9833368 0.6057213 0.6406102 0.7432202 0.7401892 0.6677319 0.4874297 0.9011402 0.7224066 0.8011988 0.8081092 0.9214269 0.7048096 0.5829527 0.7978004 0.6586209 0.7781107 
Tadh_TriadT24726                                      0.4863511 0.4596428 0.4505764 0.4935266 0.4310742 0.4466535 0.4299025 0.4202280 0.3900209 0.4580248 0.4220834 0.5773965 0.5304193 0.4550678 0.4632680 0.4330788 0.4429629 0.4736967 0.4314324 0.4612998 0.4595584 0.4369958 0.4214368 0.5088415 0.5252248 0.6200928 0.6886410 0.6424209 0.7255067 0.3028225 1.0326487 0.6677637 0.4257020 0.5393472 0.0000000 0.0106926 0.0710891 0.0891638 0.0826744 0.0775938 0.1157599 0.9169183 0.5697244 0.7639938 0.7091031 0.9903371 0.6725025 0.6188538 0.8126253 0.7795361 0.6280125 0.5407086 0.7775912 0.8333553 0.8152536 0.8246992 0.8203924 0.7276830 0.5131300 0.6549611 0.7341237 0.8528592 
TrH2_TrispH2_006687-RA                                0.5334062 0.5321748 0.4739892 0.5000767 0.4373895 0.4540231 0.4645438 0.4356249 0.3817982 0.4790561 0.4425684 0.5982521 0.5704229 0.4795991 0.4875717 0.4468327 0.4760658 0.5067383 0.4544115 0.4835199 0.4819034 0.4216263 0.4435934 0.5319149 0.5611299 0.6773325 0.7229393 0.6830793 0.7771688 0.3028225 1.0491681 0.6835834 0.4224001 0.5574235 0.0106926 0.0000000 0.0710891 0.1361036 0.0822981 0.0837457 0.1139830 0.9880114 0.5697244 0.8474964 0.7711205 1.0422294 0.7146388 0.6671329 0.8620053 0.8558563 0.6488226 0.5626757 0.7775912 0.8721452 0.8636892 0.8924306 0.8694165 0.8172641 0.5506498 0.8008140 0.7839922 0.8528592 
HoiH06_mRNA12044                                      0.4063100 0.4051053 0.3648933 0.4100068 0.3548816 0.3778637 0.3750020 0.3629225 0.3604446 0.3536836 0.3414040 0.4687048 0.2531544 0.3833913 0.3865233 0.3090292 0.3701421 0.4123473 0.3662207 0.3784196 0.3854037 0.4015070 0.3276228 0.4260821 0.4188388 0.5307317 0.5544327 0.4632540 0.5724642 0.2967521 0.1875402 0.5442339 0.4191933 0.4480856 0.0710891 0.0710891 0.0000000 0.0421541 0.0455855 0.0293860 0.0593995 0.7160631 0.5573639 0.7361932 0.6799086 0.8519333 0.5846668 0.5635134 0.7122238 0.7399370 0.5816197 0.3624255 0.7864822 0.7691628 0.7830477 0.7867840 0.8164306 0.6918240 0.4177160 0.4259651 0.4393829 0.8408906 
HoiH04_mRNA1881                                       0.5200979 0.5305878 0.5152804 0.5457720 0.4926455 0.5000496 0.5071033 0.4757905 0.3834874 0.5116888 0.4531096 0.6278424 0.6741588 0.5268592 0.5431139 0.3992656 0.4949350 0.5277407 0.4775624 0.4947323 0.5013533 0.4316734 0.4776646 0.5668114 0.6010025 0.6921428 0.7361042 0.6853817 0.7701117 0.3021248 1.0528640 0.6805114 0.4273087 0.5974079 0.0891638 0.1361036 0.0421541 0.0000000 0.0411756 0.1062980 0.0847379 1.0071292 0.5697244 0.9719539 0.8222106 1.1559727 0.7760545 0.7226157 0.9545734 0.9183490 0.7166115 0.6337959 0.7772116 0.8658129 0.8952440 0.9215176 0.8992951 0.8539975 0.6162163 0.7647801 0.8456251 0.8321451 
Hhon_g03305.t1                                        0.5070496 0.5130528 0.4645399 0.5019286 0.4423532 0.4450346 0.4763829 0.4353732 0.3779924 0.4622500 0.4118774 0.5697035 0.5470007 0.4835163 0.4986474 0.4008357 0.4581371 0.5000107 0.4483892 0.4643991 0.4706264 0.4259350 0.4390777 0.5152158 0.5514152 0.6685982 0.7058501 0.6520149 0.7467523 0.3021248 0.8926623 0.6399414 0.4156687 0.5384341 0.0826744 0.0822981 0.0455855 0.0411756 0.0000000 0.0601557 0.0808670 0.9723640 0.5697244 0.9077350 0.7553938 1.0458096 0.7257593 0.6787880 0.8837264 0.8672880 0.6426721 0.5761817 0.7772116 0.8305596 0.8523593 0.8681052 0.8511864 0.8052654 0.5348287 0.7337963 0.7343558 0.8321451 
HoiH23_PlH23_006804-RA                                0.5363823 0.5313417 0.4953679 0.5228631 0.4723836 0.4690874 0.4887420 0.4535509 0.3939086 0.4755031 0.4310327 0.5980612 0.5777945 0.4938700 0.5068561 0.4400714 0.4801668 0.5139306 0.4783924 0.4854946 0.4918487 0.4433634 0.4561417 0.5474136 0.5763203 0.6587046 0.7070711 0.6635787 0.7646454 0.3060453 0.9578345 0.6929264 0.4287452 0.5656964 0.0775938 0.0837457 0.0293860 0.1062980 0.0601557 0.0000000 0.0900724 0.9938602 0.5697244 0.9378879 0.7842435 1.0701757 0.7251744 0.6778764 0.9003873 0.8740574 0.6669447 0.5990211 0.7851328 0.8716682 0.8773460 0.9210265 0.9005033 0.8163604 0.5652202 0.7547162 0.7483830 0.8263882 
HoiH11_mRNA2634                                       0.4392399 0.4577661 0.4168206 0.4597399 0.4156409 0.4263350 0.4208613 0.4210038 0.3920278 0.4046027 0.3908237 0.4947317 0.3358795 0.3997845 0.4026287 0.3307236 0.4284765 0.4524250 0.4053549 0.3877822 0.4008769 0.4392042 0.3713188 0.4707280 0.4689191 0.5610246 0.6360456 0.5333440 0.6192642 0.3444456 0.4199202 0.5574040 0.4718686 0.4600672 0.1157599 0.1139830 0.0593995 0.0847379 0.0808670 0.0900724 0.0000000 0.8135889 0.5993599 0.7832904 0.7431582 0.9350798 0.6129769 0.5819115 0.7419988 0.7543584 0.5919322 0.4235430 0.8063115 0.8050100 0.8368543 0.8163160 0.8900769 0.7159619 0.4231528 0.5144651 0.5410547 0.8342063 
Codhol_EP00042_Codosiga_hollandica_P034605            0.9327377 0.9633825 0.8716813 0.8175024 0.8495291 0.8687366 0.9050273 0.9226405 0.8101075 0.8894992 0.9210309 0.9451962 0.8861871 0.9399489 0.9269733 0.7826183 0.9098900 0.9690769 0.9236021 0.9378985 0.9247942 0.8698685 0.8568417 0.8458876 0.8982693 1.0535295 1.0224698 0.9888653 1.1318706 0.5078845 1.2914670 1.0023360 0.8096264 0.9520407 0.9169183 0.9880114 0.7160631 1.0071292 0.9723640 0.9938602 0.8135889 0.0000000 0.2829357 0.7810155 0.8410901 0.8033926 1.0450685 1.1126828 1.0257145 1.0031451 0.8511333 0.8149111 0.9775022 1.0611159 1.1324832 1.0894419 1.1249245 0.9045274 0.7378861 0.8088245 0.6451756 1.1557381 
Mylflu_EP00047_Mylnosiga_fluctuans_P014151            0.4800408 0.5199594 0.4972095 0.4057342 0.4408153 0.4904290 0.4785520 0.4630353 0.4851620 0.4484199 0.4514415 0.7985996 0.0000010 0.5177699 0.5404832 0.5473321 0.5638176 0.5613617 0.4830579 0.4966958 0.4966958 0.4677634 0.5069524 0.5101538 0.4977827 0.6787295 0.6415332 0.6415332 0.6655786 0.8302166 0.0000010 0.6735471 0.5337881 0.4419558 0.5697244 0.5697244 0.5573639 0.5697244 0.5697244 0.5697244 0.5993599 0.2829357 0.0000000 0.2468834 0.3644072 0.4007760 0.5977376 0.5783947 0.5844763 0.6577833 0.5232910 0.6610758 0.5533915 0.6465559 0.6726218 0.6637757 0.6627250 0.5806796 0.4682997 0.5454662 0.4028572 0.9709042 
Salkve_EP00050_Salpingoeca_kvevrii_P017866            0.8491734 0.8653846 0.7769807 0.7810789 0.7620349 0.7533001 0.7637634 0.7214274 0.7656044 0.7460142 0.7355410 0.8289199 0.7472891 0.7136547 0.7301792 0.6494272 0.8279157 0.7971385 0.8001376 0.8273471 0.8193726 0.7352400 0.7442709 0.8078220 0.7831590 0.8945864 0.9722361 0.9448350 1.0198424 0.4507570 1.3907519 0.8416994 0.6602504 0.7999574 0.7639938 0.8474964 0.7361932 0.9719539 0.9077350 0.9378879 0.7832904 0.7810155 0.2468834 0.0000000 0.5064665 0.6964217 0.8893104 0.9701292 0.9584766 0.9624637 0.8655390 0.8143591 0.9777470 1.0200657 1.0169577 0.9139468 0.9967274 0.8197651 0.7486610 0.5376696 0.4419581 1.0747091 
Saldol_EP00054_Salpingoeca_dolichothecata_P037359     0.8098090 0.8815243 0.7789796 0.7745344 0.7536121 0.7774041 0.7644972 0.7137291 0.7143966 0.7016874 0.7297526 0.7828047 0.7594787 0.7222060 0.7356378 0.7168856 0.7607592 0.7207228 0.7545361 0.7520539 0.7529491 0.6591714 0.6977229 0.7656539 0.7671791 0.8645124 0.8526207 0.7720428 0.8595554 0.4505432 1.3326964 0.9142357 0.6965024 0.7499706 0.7091031 0.7711205 0.6799086 0.8222106 0.7553938 0.7842435 0.7431582 0.8410901 0.3644072 0.5064665 0.0000000 0.7319660 0.9119846 0.9146595 0.8940793 0.8782855 0.7832092 0.6798956 1.0399310 0.9922883 1.0148341 0.9142389 0.9405335 0.8985758 0.6569120 0.6689273 0.5165838 1.1603758 
Salmac_EP00052_Salpingoeca_macrocollata_P012270       1.0186485 1.1498318 1.0955898 1.0811357 1.0835551 1.1216553 1.1005220 1.0361803 0.9066936 1.0245633 1.0426760 1.0504267 1.0098110 0.9622339 0.9608934 0.8223957 0.9742063 0.9521900 1.0327799 1.0436059 1.0393060 0.9370909 0.9166119 1.0489592 1.0559188 1.1612338 1.0789643 1.0327828 1.3057040 0.6307610 1.8879994 1.1254437 0.8606623 0.9833368 0.9903371 1.0422294 0.8519333 1.1559727 1.0458096 1.0701757 0.9350798 0.8033926 0.4007760 0.6964217 0.7319660 0.0000000 1.2258488 1.2777377 1.3175752 1.2927643 1.1693694 0.9633519 1.1438030 1.1049610 1.1467767 1.0793363 1.1529515 1.0549348 1.0341787 0.6171821 0.5325631 1.1859800 
Emue_Em0002g1605a.t1                                  0.6705353 0.7225144 0.6313439 0.6170719 0.6002917 0.6595120 0.6167995 0.6227060 0.5985384 0.6316243 0.5970002 0.6553808 0.5054529 0.6299949 0.6266782 0.5273924 0.6654960 0.6638154 0.6304676 0.6441265 0.6389109 0.5460838 0.5489577 0.6739121 0.6980341 0.7548542 0.8324590 0.7091509 0.8569362 0.2928471 0.9231541 0.7993996 0.5881940 0.6057213 0.6725025 0.7146388 0.5846668 0.7760545 0.7257593 0.7251744 0.6129769 1.0450685 0.5977376 0.8893104 0.9119846 1.2258488 0.0000000 0.1042498 0.4923537 0.4551098 0.7893871 0.5602884 1.0182085 0.9072632 0.9218501 0.9180757 1.0675727 0.6371459 0.7224150 0.8291898 0.7330663 0.6013420 
Spolac_c103570_g1_i1_m.34912c103570-g1                0.6886875 0.7199930 0.6608193 0.6503885 0.6295617 0.6698275 0.6077263 0.6042174 0.5561499 0.6296731 0.6018863 0.7219488 0.5785284 0.6533108 0.6504300 0.5354868 0.6721821 0.6630612 0.6495228 0.6562964 0.6535137 0.5300761 0.5614628 0.7227702 0.7193178 0.7472513 0.8163882 0.6993141 0.8382927 0.2732673 1.0643161 0.8187478 0.5802854 0.6406102 0.6188538 0.6671329 0.5635134 0.7226157 0.6787880 0.6778764 0.5819115 1.1126828 0.5783947 0.9701292 0.9146595 1.2777377 0.1042498 0.0000000 0.4447231 0.4157448 0.7720732 0.5556554 0.9785017 0.8901276 0.9091093 0.9381130 0.9831522 0.6180963 0.7081667 0.8143654 0.7521453 0.5331246 
Aque_Aqu2.1.43967_001                                 0.8033568 0.8182383 0.7930574 0.7925042 0.7412474 0.7791647 0.7558629 0.7268539 0.6173195 0.7092607 0.6832882 0.8292104 0.6226761 0.7372838 0.7549401 0.6231465 0.7464970 0.8382439 0.7842596 0.8114319 0.8089125 0.6596630 0.7141503 0.7109402 0.7490517 0.8329123 0.9339566 0.8581705 0.9159573 0.3520275 1.1780057 0.8754841 0.6423063 0.7432202 0.8126253 0.8620053 0.7122238 0.9545734 0.8837264 0.9003873 0.7419988 1.0257145 0.5844763 0.9584766 0.8940793 1.3175752 0.4923537 0.4447231 0.0000000 0.1564037 0.7658620 0.6312365 1.0313379 0.9169661 0.9345566 0.9255106 1.0350263 0.7050167 0.7079764 0.9171480 0.8011339 0.4942223 
Halamb_c43868_g1_i1m.16716                            0.8200100 0.8272727 0.7737817 0.7818392 0.7039174 0.7826788 0.7625412 0.7261049 0.6086624 0.7729493 0.7294466 0.8378976 0.6573288 0.7639131 0.7953976 0.6334775 0.7096731 0.8204436 0.7787007 0.7955915 0.7930893 0.6332299 0.6864643 0.7876980 0.8001362 0.7759568 0.9139251 0.8330763 0.9700183 0.3577652 1.1769152 0.8563444 0.6864535 0.7401892 0.7795361 0.8558563 0.7399370 0.9183490 0.8672880 0.8740574 0.7543584 1.0031451 0.6577833 0.9624637 0.8782855 1.2927643 0.4551098 0.4157448 0.1564037 0.0000000 0.7441364 0.5896799 1.1005660 0.8792237 0.8854785 0.8832060 1.0130335 0.7071458 0.6473045 0.8435526 0.8412222 0.5165749 
Opea_EP00118_Oscarella_pearsei_P028530                0.6519612 0.6521202 0.5939443 0.5780044 0.5692758 0.5919893 0.5747274 0.5092458 0.5137677 0.5653758 0.6072263 0.6592294 0.6178020 0.6016957 0.5782789 0.4983295 0.5973251 0.6081692 0.6171847 0.6261639 0.6264820 0.5787048 0.5344573 0.6076256 0.6363993 0.7046638 0.7002921 0.5789588 0.7147076 0.3515354 0.8983913 0.7271759 0.5527556 0.6677319 0.6280125 0.6488226 0.5816197 0.7166115 0.6426721 0.6669447 0.5919322 0.8511333 0.5232910 0.8655390 0.7832092 1.1693694 0.7893871 0.7720732 0.7658620 0.7441364 0.0000000 0.3493944 0.7839595 0.8514951 0.8681821 0.8582960 0.8898546 0.7295915 0.0102342 0.8227126 0.8032096 0.7894000 
Plajan_Pjan_scaffold10728_01                          0.5639923 0.5068382 0.4777219 0.4294935 0.4249850 0.4961155 0.5023653 0.4560656 0.4622056 0.5246850 0.5562404 0.7925853 0.5841233 0.6240793 0.6065531 0.5888291 0.5912022 0.6012635 0.5822376 0.5831542 0.5809202 0.4678631 0.6078974 0.5833405 0.5986221 0.6034240 0.6238284 0.6238284 0.6394784 0.3687928 0.9472833 0.6414680 0.3764402 0.4874297 0.5407086 0.5626757 0.3624255 0.6337959 0.5761817 0.5990211 0.4235430 0.8149111 0.6610758 0.8143591 0.6798956 0.9633519 0.5602884 0.5556554 0.6312365 0.5896799 0.3493944 0.0000000 0.5215095 0.7235801 0.7154588 0.7632865 0.7342628 0.6721647 0.4015273 0.8650841 0.8561478 0.4216226 
Clacor_Ccor_scaffold9495_01                           0.7188818 0.7855967 0.7520283 0.7490488 0.6876380 0.7641000 0.7285702 0.7366694 0.6980509 0.7168515 0.7525182 0.8154780 0.2854459 0.7740416 0.8013461 0.4536527 0.8033388 0.7196145 0.7065777 0.6922588 0.6927780 0.6721084 0.5015216 0.8017956 0.8043207 0.9471135 0.9527638 0.7219835 0.8912586 0.4825620 0.0000010 0.9826299 0.8364203 0.9011402 0.7775912 0.7775912 0.7864822 0.7772116 0.7772116 0.7851328 0.8063115 0.9775022 0.5533915 0.9777470 1.0399310 1.1438030 1.0182085 0.9785017 1.0313379 1.1005660 0.7839595 0.5215095 0.0000000 0.6667964 0.7123571 0.7594044 0.6678710 1.0575657 0.4839863 0.4724413 0.5218181 1.2188074 
Scil_scict004501.1                                    0.7868916 0.7257117 0.7589357 0.7218893 0.7367961 0.7294578 0.7990183 0.7361592 0.6880918 0.6501350 0.6772797 0.7436715 0.5578269 0.6847606 0.6836453 0.5201515 0.6802772 0.6542645 0.7475914 0.7355275 0.7339426 0.6580775 0.6077997 0.6515889 0.7144838 0.9015972 0.9319786 0.7854666 0.8780354 0.3896521 1.2618117 0.8853001 0.6980657 0.7224066 0.8333553 0.8721452 0.7691628 0.8658129 0.8305596 0.8716682 0.8050100 1.0611159 0.6465559 1.0200657 0.9922883 1.1049610 0.9072632 0.8901276 0.9169661 0.8792237 0.8514951 0.7235801 0.6667964 0.0000000 0.2109113 0.2623008 0.2393769 0.9159462 0.7156345 0.8157786 0.7059533 1.1017614 
Leuniv_Lniv_scaffold21729_01                          0.8210642 0.8094139 0.7863569 0.7812964 0.7963405 0.7706031 0.8160194 0.7878813 0.7253017 0.6593602 0.7049531 0.8310088 0.6327766 0.7292174 0.7411938 0.5984645 0.7385456 0.7142350 0.7592132 0.7584791 0.7518078 0.6683725 0.6383852 0.7042957 0.7441650 0.8802302 0.9487635 0.8358126 0.9486714 0.3986928 1.2452504 0.8494172 0.6943684 0.8011988 0.8152536 0.8636892 0.7830477 0.8952440 0.8523593 0.8773460 0.8368543 1.1324832 0.6726218 1.0169577 1.0148341 1.1467767 0.9218501 0.9091093 0.9345566 0.8854785 0.8681821 0.7154588 0.7123571 0.2109113 0.0000000 0.2731316 0.2904091 0.9040437 0.7109906 0.8091860 0.7889882 1.2313251 
Gracom_Gcom_scaffold10157_01                          0.8260050 0.8461647 0.7851562 0.8039224 0.8186869 0.7712170 0.8151889 0.7564321 0.6907214 0.6805930 0.7190731 0.8373063 0.6325353 0.7258947 0.7484586 0.5300603 0.7142447 0.6671026 0.7589574 0.7662762 0.7652837 0.6589525 0.6417738 0.6944043 0.7560379 0.9213573 0.9173465 0.8005719 0.9799039 0.4060083 1.2522255 0.8779202 0.7126757 0.8081092 0.8246992 0.8924306 0.7867840 0.9215176 0.8681052 0.9210265 0.8163160 1.0894419 0.6637757 0.9139468 0.9142389 1.0793363 0.9180757 0.9381130 0.9255106 0.8832060 0.8582960 0.7632865 0.7594044 0.2623008 0.2731316 0.0000000 0.2766198 0.9666752 0.7227876 0.7403310 0.6992094 1.1036427 
Lcom_lcpid63044                                       0.8513821 0.8081664 0.7949270 0.8008931 0.8178759 0.8289695 0.8439218 0.7604759 0.6995861 0.7252136 0.7662610 0.8308475 0.6151465 0.7307752 0.7627877 0.5153178 0.7450756 0.7150959 0.8068313 0.8226289 0.8205165 0.7311252 0.6194158 0.7299211 0.7818779 0.9237509 0.9416498 0.7668195 0.8544277 0.3903081 1.1655025 0.8704797 0.7262201 0.9214269 0.8203924 0.8694165 0.8164306 0.8992951 0.8511864 0.9005033 0.8900769 1.1249245 0.6627250 0.9967274 0.9405335 1.1529515 1.0675727 0.9831522 1.0350263 1.0130335 0.8898546 0.7342628 0.6678710 0.2393769 0.2904091 0.2766198 0.0000000 0.9732458 0.6810800 0.7917891 0.7623484 1.2671218 
Plespi_Pspi_C610042_01                                0.7698459 0.6830698 0.6510900 0.6722499 0.6467887 0.6591855 0.6093467 0.6361445 0.5344905 0.6755247 0.6413126 0.6998486 0.5300128 0.6741436 0.6474582 0.5304828 0.6842348 0.6842789 0.7078386 0.7058177 0.7103916 0.5859439 0.5993244 0.7271875 0.7362078 0.8401034 0.8302968 0.7594057 0.9029259 0.3648493 1.3833217 0.8486675 0.5940413 0.7048096 0.7276830 0.8172641 0.6918240 0.8539975 0.8052654 0.8163604 0.7159619 0.9045274 0.5806796 0.8197651 0.8985758 1.0549348 0.6371459 0.6180963 0.7050167 0.7071458 0.7295915 0.6721647 1.0575657 0.9159462 0.9040437 0.9666752 0.9732458 0.0000000 0.6075090 0.7318180 0.7142824 0.8586361 
Ocar_g5039                                            0.5117550 0.5428191 0.5016894 0.4727810 0.4604981 0.4722234 0.4555241 0.4126746 0.3805442 0.4357635 0.5111069 0.5031727 0.6274893 0.5188320 0.5030491 0.4675536 0.5105722 0.5219706 0.5017677 0.5077528 0.5023696 0.4504131 0.5112120 0.5162164 0.5323750 0.6143330 0.5788850 0.5375032 0.6176420 0.3383303 0.9099042 0.6354528 0.4294598 0.5829527 0.5131300 0.5506498 0.4177160 0.6162163 0.5348287 0.5652202 0.4231528 0.7378861 0.4682997 0.7486610 0.6569120 1.0341787 0.7224150 0.7081667 0.7079764 0.6473045 0.0102342 0.4015273 0.4839863 0.7156345 0.7109906 0.7227876 0.6810800 0.6075090 0.0000000 0.8716796 0.8368068 0.6885890 
