66
Hsap_ENST00000169551                                   0.0000000 2.2950233 1.3507702 1.8968988 2.1994105 1.6884172 1.8350135 2.1172668 2.3544598 2.1631903 2.2522792 2.1519938 2.2178888 2.2538177 2.4889670 2.3760040 1.5425619 2.4743921 2.1818486 1.9776273 1.9662977 2.1852498 2.0900856 2.4909889 2.3857482 2.6124112 2.3691838 2.3503132 3.4627623 2.7189628 2.3594105 2.3899130 2.8529175 2.8245544 2.7136203 2.1440545 2.0637621 2.3221122 2.1012713 2.0954998 2.9455143 2.6339633 2.3837008 2.6758167 4.7899003 3.8096170 4.7190217 3.2127942 3.6815035 3.2596317 3.3632331 3.5664761 3.5143401 4.1842231 3.5095188 3.9622201 2.3231404 4.7564949 3.8399926 4.0733124 3.1417044 4.3362682 2.6182239 3.6435257 3.6341173 4.8676779 
Bralan_BLAG07000800_1                                  2.2950233 0.0000000 0.8495766 1.5624621 1.7340337 1.4672050 1.7261640 2.2684967 2.3278786 2.0837923 2.3211504 1.8836972 2.2987234 2.2066657 2.6697470 2.0053674 1.2826244 2.3418010 1.9931143 1.8165849 2.3450966 2.3602278 2.0015464 2.0716956 2.2355527 2.1886251 1.9426836 2.0283886 2.9838267 2.2439172 2.5989487 2.6329988 2.4673078 2.4449229 2.4814070 2.0783539 1.6613180 2.4987551 2.1701254 2.2980290 2.6865275 2.6900064 2.3628796 2.6055287 3.3908080 3.5480572 4.7750686 3.4522421 4.2352727 3.8686793 5.6723373 4.5988988 4.3205899 4.5006432 4.7184693 4.7523178 2.7741018 4.7219214 5.0146201 5.6125354 3.2830691 4.3723226 3.1487788 4.4131867 3.8173180 4.8842205 
Spur_XM_030976064.1                                    1.3507702 0.8495766 0.0000000 0.6163890 0.6195727 0.6751188 1.5512685 1.4438516 1.3084492 1.3352001 1.3144251 1.3058515 1.3142132 1.3528966 1.3813306 1.4865927 1.0594784 1.1096965 1.1505479 1.4355071 1.1481209 1.4548316 1.2124474 1.2338121 1.2766299 1.2009344 1.0666693 1.1356304 1.8890622 1.4791372 1.2277058 1.2080702 1.2463323 1.2637758 1.2543524 1.3563902 1.0397135 1.5472348 1.3302321 1.3385927 1.6705352 1.3525864 1.3196138 1.5574179 2.3747944 2.2445145 2.1928049 1.7822892 2.7764124 2.6770274 2.7497725 2.8658754 2.8034965 2.7511547 3.0832011 2.8558952 2.3392021 2.0786830 2.8167384 3.1615249 2.1003524 3.0557625 1.9483210 2.9895088 2.5207392 2.7236948 
Acagra_model.g25986.t1                                 1.8968988 1.5624621 0.6163890 0.0000000 1.4816856 1.1173964 1.7522276 2.2844807 2.0397704 1.9753618 2.2110738 2.1893781 2.3127723 2.2676555 2.4634332 2.0253489 1.1977918 1.8660800 2.2309100 2.1260918 2.0351927 2.0430714 2.0225395 2.0147900 2.2599347 2.0272428 1.7774824 1.6979531 3.3343055 2.6506440 2.2253729 2.2008113 2.2812282 2.2594188 2.3277405 1.9137955 2.1095432 2.1040326 2.0962989 1.4173254 2.0717703 1.8765574 1.6558506 1.5763642 3.3446098 2.9619249 3.3286764 2.7189639 3.5140440 2.9549574 3.8510931 3.9630698 3.7520666 3.3543361 3.4174115 3.9922840 2.2858500 3.0029323 3.1753572 3.1952708 2.4810127 3.5299968 2.5564508 3.6873561 3.4842480 3.4660865 
Skow_XM_006823578.1                                    2.1994105 1.7340337 0.6195727 1.4816856 0.0000000 0.9596664 1.6348703 1.9682660 1.8797941 1.8373508 1.9718319 1.8556855 1.9531457 2.0091679 2.2269010 1.9608064 1.2114734 1.9690098 2.2565876 2.0044227 1.7709803 1.6767480 1.5883680 1.8654412 1.8863032 1.7497525 1.7261658 1.4878329 2.5093069 2.0481613 1.6266619 1.6462926 1.7625358 1.7451755 1.7431281 1.5157016 1.4922248 1.9640009 2.1139484 1.5686308 2.0610057 1.7995472 2.0057893 2.0046280 3.5331240 3.1869496 2.6390735 2.3252392 3.3561070 2.9466548 3.2055124 2.9581201 3.4013207 3.2971433 3.0039306 2.9446573 2.3018318 2.6511229 3.3078668 3.8051532 2.6724127 3.0673779 2.6564598 3.2393406 3.2202510 3.4440529 
Cscu_XM_023375931.1                                    1.6884172 1.4672050 0.6751188 1.1173964 0.9596664 0.0000000 1.3460002 1.7058401 1.4662140 1.3826727 1.5236108 1.3605869 1.5450414 1.5157516 1.7634908 1.3610203 0.9564474 1.4895606 1.6784406 1.2623076 1.4870105 1.7742776 1.6403625 1.6232017 1.5942403 1.5027851 1.3499840 1.4342573 2.4722072 1.9163268 1.5488597 1.5847786 1.7395669 1.7571340 1.7480815 1.4947153 1.1967974 1.7287299 1.6957022 1.7068092 2.0418558 1.7856163 1.8833270 2.0822592 3.3011340 3.2641154 2.8991767 2.3874306 3.1958313 2.5460782 3.0534211 2.5557371 3.2672118 2.9172719 3.1476461 2.7692766 1.7408029 3.0100763 3.2980588 3.4150094 2.9456461 3.5181937 2.5658491 2.9687836 2.9572204 3.5221862 
Exapal_XM_021059916.2                                  1.8350135 1.7261640 1.5512685 1.7522276 1.6348703 1.3460002 0.0000000 0.2808551 0.4946109 0.4159329 0.3970617 0.4435050 0.3965831 0.4228221 0.6199715 1.3536047 0.8385935 0.9085875 1.1618373 1.1422547 0.7547782 1.0130242 0.7951684 1.5319145 1.6118543 1.7491201 1.2017304 1.0901893 1.4812059 1.4645990 1.2305947 1.2216614 1.2090578 1.1942576 1.1680465 1.2843319 2.0665684 1.0459119 1.4544976 1.8324576 2.4308960 2.1175673 1.9213773 1.9655792 3.3353532 2.6428190 3.3101606 2.4921783 2.9555062 2.7046935 2.9032936 2.8351375 2.7065306 3.1972225 2.8440982 2.8514559 1.9068971 3.1295052 2.6409359 2.6677900 2.7288159 3.9937328 2.2175520 3.2198565 2.6664917 3.3759836 
Nvec_v1g245816                                         2.1172668 2.2684967 1.4438516 2.2844807 1.9682660 1.7058401 0.2808551 0.0000000 0.9954928 0.7941161 0.8328329 0.7614552 0.7703699 0.8104244 1.1312795 1.6134654 0.7821544 1.2267712 1.5506276 1.1014604 1.1581334 1.2010960 1.0727440 1.7825381 1.6457551 2.0259886 1.7219068 1.5806715 2.1598482 2.0066658 1.9207093 1.9373689 1.8604010 1.8434012 1.7778570 1.5947917 2.2027507 1.4316154 1.8043975 1.9692242 2.3697976 2.5311008 2.6779986 2.5211835 3.6888935 3.1309311 3.2035863 3.0157493 3.0712760 2.9002699 3.3986815 3.3473043 3.4759073 3.8157189 3.4314979 3.4369826 1.8850494 3.4188374 2.6440813 3.2272049 2.8986108 4.3157600 2.4127616 4.2608711 3.5518470 4.5692769 
Adig_XM_015919311.1                                    2.3544598 2.3278786 1.3084492 2.0397704 1.8797941 1.4662140 0.4946109 0.9954928 0.0000000 0.0584802 0.5689780 0.6062311 0.5690725 0.5600790 0.9680421 1.3891694 0.6868487 1.4393059 1.4359505 1.1274347 1.2457307 1.2622589 1.3173506 1.9702931 2.0530225 1.9616911 1.5451003 1.4346222 2.3741183 1.7614338 1.6971257 1.7142447 1.7886107 1.7708312 1.8329812 1.2428195 2.4531975 1.2497255 1.8045854 2.0109208 2.6724930 2.3081197 2.4279079 2.1531620 4.1453917 3.5603106 3.7622960 3.0849980 3.9815897 3.5672723 3.8279277 3.4564321 3.8693679 4.6573827 3.4909630 4.0255415 1.8026638 3.4983890 3.0633642 3.8544420 3.2365684 4.8985625 2.6629116 2.5912255 2.5918242 2.9732533 
Amil_Amillepora34073-RA                                2.1631903 2.0837923 1.3352001 1.9753618 1.8373508 1.3826727 0.4159329 0.7941161 0.0584802 0.0000000 0.4039218 0.4109537 0.4144384 0.4167849 0.6785008 1.1696351 0.6439955 1.2548909 1.1945577 0.9707097 1.0305431 1.1830555 1.0935529 1.8226125 1.9220673 1.8217431 1.4397937 1.3774501 2.1003495 1.6405599 1.5676956 1.5822028 1.6510108 1.6358895 1.6811888 1.1643554 2.1495465 1.1999860 1.5857413 1.8521489 2.3898585 2.2355087 2.3284412 2.2447095 3.7379971 3.3157968 3.5933316 2.8213725 3.3792610 2.7403802 3.1362380 3.1856856 3.3566333 3.7957308 3.0425903 3.4437654 1.6219344 3.3242862 2.8454351 3.4036911 2.8602524 4.2925359 2.4086626 2.7713668 2.7741621 3.4446302 
Fspp_ffun1.m4.21654.m1                                 2.2522792 2.3211504 1.3144251 2.2110738 1.9718319 1.5236108 0.3970617 0.8328329 0.5689780 0.4039218 0.0000000 0.2063554 0.2997632 0.3120065 0.6110870 1.3196803 0.6023450 1.1413560 1.1555563 1.0213860 0.9634229 1.2112680 1.1176768 1.8413399 1.7414406 1.8187960 1.5424217 1.3926134 2.3557605 1.8710910 1.6553350 1.6708807 1.7675984 1.7514622 1.7300762 1.2836644 2.2063075 1.1374984 1.5182428 1.9061794 2.5185921 2.3425157 2.3054621 2.2457777 3.7991175 3.3911305 3.5935703 2.8290974 3.4408282 2.8834385 3.2364857 3.1611546 3.3772760 3.4898281 3.1633084 3.4815603 1.7889343 3.2917163 2.8349386 3.4553750 2.9141942 4.3572633 2.4337144 3.4460470 2.8073651 3.7979986 
Gasp_gasp1.m3.8583.m1                                  2.1519938 1.8836972 1.3058515 2.1893781 1.8556855 1.3605869 0.4435050 0.7614552 0.6062311 0.4109537 0.2063554 0.0000000 0.3091358 0.3111891 0.5379803 1.0309469 0.5947245 0.9462034 1.0987252 1.0163593 0.7612286 1.0301300 0.7448484 1.6048581 1.5654959 1.6670857 1.2375927 1.0807192 1.9103637 1.4435768 1.4612878 1.4799961 1.6297022 1.6129803 1.5035363 1.2790599 2.1459868 0.9916720 1.3486484 1.7789996 2.3887670 2.1972192 2.1278598 1.9019762 3.3928156 3.4106845 3.0566563 2.6134222 3.2726500 2.5099453 3.0182091 2.7795193 3.4328448 3.0857350 2.9174710 3.3101798 1.6869180 2.9049613 2.7143405 3.3466595 2.5505842 3.9224839 2.2649778 2.9329097 2.1783573 3.3546623 
Spis_XP_022806524_1                                    2.2178888 2.2987234 1.3142132 2.3127723 1.9531457 1.5450414 0.3965831 0.7703699 0.5690725 0.4144384 0.2997632 0.3091358 0.0000000 0.0667272 0.7661495 1.2480111 0.6014197 1.2182056 1.2004689 0.9972562 0.9974024 1.2211760 1.0321894 1.7365212 1.7690581 1.8940502 1.3996742 1.2885949 2.3772036 1.8571437 1.7186433 1.7349910 1.7398013 1.7237071 1.7021482 1.2647132 2.3375010 1.2929865 1.6352403 1.7875105 2.2740632 2.2833727 2.4902353 2.4431553 3.5774092 3.3245294 3.4772886 2.9542243 3.2724366 2.8288008 3.2526446 3.2996728 3.4723073 3.4987948 2.9519800 3.5326345 1.6738178 3.0491948 2.8432591 3.2203086 2.9001834 4.3749600 2.5946380 3.2116833 2.8423841 3.6751001 
Pocdam_XM_027181475.1                                  2.2538177 2.2066657 1.3528966 2.2676555 2.0091679 1.5157516 0.4228221 0.8104244 0.5600790 0.4167849 0.3120065 0.3111891 0.0667272 0.0000000 0.7361415 1.2959909 0.5953343 1.2040756 1.1397890 1.0373366 1.0354836 1.2517985 1.1076566 1.8126184 1.7571135 1.8988156 1.4469112 1.3532198 2.3628999 1.9057820 1.6056289 1.6210042 1.6075920 1.5925279 1.5733700 1.1806061 2.3773900 1.2824472 1.5686103 1.8716066 2.4170418 2.3225966 2.3581987 2.4535866 3.6195062 3.3706518 3.6221419 2.9687504 3.2806925 2.7920489 3.3626016 3.4440531 3.3474117 3.7155496 3.0840561 3.6956933 1.7306899 3.2135455 2.9816529 3.3117211 2.9893740 4.5099985 2.7007465 3.1998219 2.6940670 3.3579193 
Gfas_gfas1.m1.19796.m1                                 2.4889670 2.6697470 1.3813306 2.4634332 2.2269010 1.7634908 0.6199715 1.1312795 0.9680421 0.6785008 0.6110870 0.5379803 0.7661495 0.7361415 0.0000000 1.4258603 0.7289968 1.5510004 1.3381731 1.1483152 1.1083925 1.2306496 1.2723566 2.0128905 2.0200518 2.1096481 1.9076744 1.7707550 3.0871242 2.2618440 2.0230510 2.0473978 2.0691115 2.0501593 2.1085372 1.3659027 2.5511930 1.4845194 1.8633661 2.1105040 2.9089436 2.8251883 2.8218138 2.5890051 4.6573607 3.7784427 4.1586520 3.1151650 3.6533680 2.8376987 3.3773537 3.8686990 4.1248874 3.8127106 3.1573179 3.5874716 1.7592921 3.6951649 3.7071941 4.3122237 3.4303236 5.0730743 2.5261684 4.2985049 4.0832152 6.1055091 
Chem_TCONS_00055225                                    2.3760040 2.0053674 1.4865927 2.0253489 1.9608064 1.3610203 1.3536047 1.6134654 1.3891694 1.1696351 1.3196803 1.0309469 1.2480111 1.2959909 1.4258603 0.0000000 0.6481792 1.0584029 0.9916899 0.6451291 1.3780449 0.7155459 1.3690051 1.9860003 1.9782017 2.2965879 1.7400804 1.7424066 2.4646391 1.9362470 1.6062413 1.6264475 1.8276319 1.8468701 1.8054894 1.7010418 2.0366782 1.9759959 1.4000167 2.0653517 2.6207057 1.9338762 2.0279728 2.0407804 4.7378341 4.1456062 3.9940549 2.7913615 3.0976419 3.0533366 3.2786154 3.2538402 3.1406222 3.3256069 2.8932425 4.0905756 1.9005343 3.3477345 3.0172245 3.8582838 3.0314705 4.0533289 2.3892994 2.7645087 3.2241264 3.5060785 
Nemnom_g17378.t1                                       1.5425619 1.2826244 1.0594784 1.1977918 1.2114734 0.9564474 0.8385935 0.7821544 0.6868487 0.6439955 0.6023450 0.5947245 0.6014197 0.5953343 0.7289968 0.6481792 0.0000000 0.1245641 0.4393519 0.5858461 0.5718124 0.6350306 0.7182729 1.2343573 1.2135153 1.4455867 0.9450208 0.9072095 1.4652855 1.2825598 0.9525069 0.9368333 1.0618214 1.0474097 1.0228270 1.1759824 1.7265207 1.1493627 1.0080004 1.5010674 2.0819345 1.5041134 1.6917130 1.7446516 3.2263367 2.8540225 2.8480527 2.4169169 2.3721572 2.4545709 2.4913186 2.3472233 2.6692969 2.6830745 2.2340827 2.5296796 1.6217704 2.8744957 2.5738694 3.1545381 2.3120713 3.8431442 2.1719117 2.5544237 2.3585061 2.8832072 
Rhoesc_Res_011048-T1                                   2.4743921 2.3418010 1.1096965 1.8660800 1.9690098 1.4895606 0.9085875 1.2267712 1.4393059 1.2548909 1.1413560 0.9462034 1.2182056 1.2040756 1.5510004 1.0584029 0.1245641 0.0000000 1.0159556 0.8349271 1.2172480 1.1188162 1.3165627 1.7376243 1.7851228 1.9765388 1.5675773 1.6634126 2.6242717 2.1824574 1.9164013 1.8932297 2.1020742 2.0836602 1.9511374 1.3478906 1.9613353 1.5194566 1.7087513 1.9367110 2.9080499 2.1520186 2.2756659 2.3432854 4.0883142 3.3544008 3.5504714 3.2892193 3.2166879 2.5864947 3.4555278 3.2983356 3.7094163 3.8499152 3.1957191 3.9768034 1.6170143 3.9243495 3.6238844 4.1859917 3.3058149 4.3584656 2.7108126 3.9076602 3.2253529 4.0052263 
Sanmal_Sma_025522-T1                                   2.1818486 1.9931143 1.1505479 2.2309100 2.2565876 1.6784406 1.1618373 1.5506276 1.4359505 1.1945577 1.1555563 1.0987252 1.2004689 1.1397890 1.3381731 0.9916899 0.4393519 1.0159556 0.0000000 0.9162498 1.3240200 1.1110425 1.4251055 2.2238764 2.1352560 2.7103668 1.7918298 1.7673562 2.8818506 2.4902200 1.6917683 1.7130074 1.8292089 1.8116232 1.7903642 1.3919970 2.0497094 1.8072697 1.6728555 2.0919381 2.5759059 2.3173223 2.1902400 2.3943218 4.0533082 3.0104155 4.2317749 3.1783486 3.5656327 3.2343394 3.7430398 3.8322697 3.7452711 4.2207824 3.5144489 4.1638966 2.1498689 3.7290644 3.9626671 5.2470879 3.2453013 5.0601914 2.8110273 3.7009031 3.6731976 3.8014309 
Morvir_scaffold159.g13.t1                              1.9776273 1.8165849 1.4355071 2.1260918 2.0044227 1.2623076 1.1422547 1.1014604 1.1274347 0.9707097 1.0213860 1.0163593 0.9972562 1.0373366 1.1483152 0.6451291 0.5858461 0.8349271 0.9162498 0.0000000 1.0844552 0.6649791 1.0881226 1.7215757 1.6304192 2.1304751 1.4482907 1.4925301 1.9075494 1.6939537 1.4061534 1.3874175 1.5234673 1.5060396 1.4612870 1.4548582 2.4513638 1.5469454 1.3319282 1.8974213 2.4353109 2.0761068 1.9336205 2.1263339 4.1025030 3.5642392 3.8584141 2.8530329 3.0336491 2.6443653 2.8511122 2.6815277 3.2629084 3.2265811 3.2014333 3.5476112 1.7230814 3.1396560 2.9149581 3.2385858 2.9129969 4.6345613 2.4405504 2.6936955 2.9093269 3.4582641 
Dgig_XM_028536210.1                                    1.9662977 2.3450966 1.1481209 2.0351927 1.7709803 1.4870105 0.7547782 1.1581334 1.2457307 1.0305431 0.9634229 0.7612286 0.9974024 1.0354836 1.1083925 1.3780449 0.5718124 1.2172480 1.3240200 1.0844552 0.0000000 1.4404163 0.6146169 1.7618043 1.7567282 1.9069897 1.5560608 1.5018854 2.1022685 1.8574558 1.6697160 1.6589243 1.5821037 1.5677434 1.5388585 1.1789924 2.1413281 1.4489340 1.4963645 1.6659705 2.6536037 2.1004626 2.7640080 2.0979884 3.7445152 3.4255804 3.2209588 3.2881630 3.1098966 1.9961011 2.5385728 2.6686677 2.5386049 3.0492541 2.5405041 2.7957420 1.6720968 3.2116162 2.8405942 3.5079446 2.8844841 3.8041125 2.7916928 3.2625453 3.1767623 3.7463167 
Hvul_g30985_1                                          2.1852498 2.3602278 1.4548316 2.0430714 1.6767480 1.7742776 1.0130242 1.2010960 1.2622589 1.1830555 1.2112680 1.0301300 1.2211760 1.2517985 1.2306496 0.7155459 0.6350306 1.1188162 1.1110425 0.6649791 1.4404163 0.0000000 1.2859547 2.0533135 1.8642961 2.0462278 1.6498748 1.4804029 2.4655884 1.9314361 1.7251289 1.7121038 1.9507762 1.9303920 1.9101101 1.6397398 2.2099440 1.8806825 1.4706643 2.2463942 2.7087638 1.9751245 2.5899070 2.2769088 4.0822986 3.3253780 3.4954569 2.6393285 3.1200125 2.7081623 2.5441937 2.9652573 3.2445963 3.4629261 2.9057807 3.4684765 1.5624317 3.3152483 3.4760389 4.3309439 2.6015276 3.6930371 2.5282723 3.5072814 3.5039183 3.5910912 
Xesp_006987-T1                                         2.0900856 2.0015464 1.2124474 2.0225395 1.5883680 1.6403625 0.7951684 1.0727440 1.3173506 1.0935529 1.1176768 0.7448484 1.0321894 1.1076566 1.2723566 1.3690051 0.7182729 1.3165627 1.4251055 1.0881226 0.6146169 1.2859547 0.0000000 1.7936880 1.8196493 1.8296796 1.5785180 1.5027745 2.1806925 1.7165921 1.8179872 1.8067440 1.7092305 1.7260701 1.7336821 1.2801931 2.1368570 1.5193101 1.5203872 1.7370522 2.8405385 2.4073758 3.0009686 2.1074324 3.6853505 3.4207703 2.8674893 3.0195111 3.0735161 2.4252200 2.7723559 3.0309315 3.0840201 3.5223721 3.0512815 3.3180801 1.7911853 3.1085938 2.8193159 2.8495281 2.9557830 3.5177804 2.6895361 3.2889369 3.1062796 3.4798934 
Aque_Aqu2.1.38724_001                                  2.4909889 2.0716956 1.2338121 2.0147900 1.8654412 1.6232017 1.5319145 1.7825381 1.9702931 1.8226125 1.8413399 1.6048581 1.7365212 1.8126184 2.0128905 1.9860003 1.2343573 1.7376243 2.2238764 1.7215757 1.7618043 2.0533135 1.7936880 0.0000000 0.4162585 0.6155867 0.8339500 0.8633631 1.4955790 1.2113835 2.0560932 2.0497005 2.3266736 2.3031792 2.3352473 1.8076244 2.3656205 2.2446474 1.7689427 2.2002432 2.2803338 2.0942634 2.9141495 3.0522916 3.5654065 3.7806496 3.0701386 2.5949032 2.4299844 2.1995835 2.4975372 2.3952174 2.4063277 2.2483503 2.7218550 2.7429214 1.7187602 3.4918260 3.4904177 4.0345030 2.8273188 4.6326506 3.1629767 4.6833531 4.0820594 4.6427088 
Xestes_maker-XT_scaffold6190-snap-gene-0.35-mRNA-1     2.3857482 2.2355527 1.2766299 2.2599347 1.8863032 1.5942403 1.6118543 1.6457551 2.0530225 1.9220673 1.7414406 1.5654959 1.7690581 1.7571135 2.0200518 1.9782017 1.2135153 1.7851228 2.1352560 1.6304192 1.7567282 1.8642961 1.8196493 0.4162585 0.0000000 0.5602587 0.8459874 0.8544928 1.3178510 1.0613864 2.1262362 2.1455800 2.3106180 2.2869735 2.1986004 1.7475656 2.2694932 2.0023950 1.8544155 2.2129757 2.5065845 1.9914808 2.9377057 3.0752292 4.0609451 3.8667790 3.5396334 2.8469251 2.4211643 2.2494821 2.3964003 2.4763894 2.3619629 2.5170306 2.6765109 2.9462725 1.8517090 3.3213365 4.0166728 5.0335996 2.7405627 4.5751185 2.9307135 4.3251460 3.5350250 4.1726476 
Halamb_c47508_g1_i1m.22442                             2.6124112 2.1886251 1.2009344 2.0272428 1.7497525 1.5027851 1.7491201 2.0259886 1.9616911 1.8217431 1.8187960 1.6670857 1.8940502 1.8988156 2.1096481 2.2965879 1.4455867 1.9765388 2.7103668 2.1304751 1.9069897 2.0462278 1.8296796 0.6155867 0.5602587 0.0000000 0.8526144 0.7937416 1.6576758 1.3030633 2.4142323 2.3021396 2.3836671 2.4076204 2.3228933 2.0371326 2.5439598 2.0563062 1.9707814 1.8594991 2.1868612 1.8308765 2.5794799 2.6357025 3.5282773 3.6341446 3.2001648 2.7513775 2.4649756 2.0469849 2.3453108 2.4818222 2.4034424 2.3344779 2.3903942 2.8163975 1.6541591 3.0691431 3.4586785 3.9341061 2.7540183 4.3144964 3.1132787 3.7878960 3.5317383 3.6386750 
Stycar_maker-SC_scaffold2141-augustus-gene-0.23-mRNA-1 2.3691838 1.9426836 1.0666693 1.7774824 1.7261658 1.3499840 1.2017304 1.7219068 1.5451003 1.4397937 1.5424217 1.2375927 1.3996742 1.4469112 1.9076744 1.7400804 0.9450208 1.5675773 1.7918298 1.4482907 1.5560608 1.6498748 1.5785180 0.8339500 0.8459874 0.8526144 0.0000000 0.6334358 1.1204883 0.8002301 1.8094044 1.7871008 1.8570308 1.8393637 1.8454266 1.3900825 2.1007633 1.7809381 1.6960270 2.2870128 2.2570054 2.1238356 2.7915774 2.5166194 3.7801062 3.2364121 3.2122616 2.9024392 2.2639463 1.7842509 2.2035818 2.2928702 2.3282837 2.2947149 2.3013749 2.4858267 1.4475867 3.5027469 3.6176299 4.0767479 2.9521203 4.1261390 2.9807614 3.6922199 3.3156708 4.1859007 
Tetwil_g5174.t1                                        2.3503132 2.0283886 1.1356304 1.6979531 1.4878329 1.4342573 1.0901893 1.5806715 1.4346222 1.3774501 1.3926134 1.0807192 1.2885949 1.3532198 1.7707550 1.7424066 0.9072095 1.6634126 1.7673562 1.4925301 1.5018854 1.4804029 1.5027745 0.8633631 0.8544928 0.7937416 0.6334358 0.0000000 1.3800275 1.0692885 1.9060773 1.8040939 1.7651236 1.7477861 1.7915042 1.3700407 2.1952979 1.4783716 1.4930585 2.1321804 2.2172523 2.0802229 3.2732873 2.1748972 3.8647440 3.2493465 3.0873526 2.5001112 2.5369854 1.9632640 2.2022611 2.1329547 2.2197262 2.2935540 2.6772733 2.5775951 1.5568473 3.3430969 3.1686527 3.9373086 2.8159578 4.2442804 2.5297696 3.4887208 2.8112642 4.4033615 
Emue_Em0018g1214a.t1                                   3.4627623 2.9838267 1.8890622 3.3343055 2.5093069 2.4722072 1.4812059 2.1598482 2.3741183 2.1003495 2.3557605 1.9103637 2.3772036 2.3628999 3.0871242 2.4646391 1.4652855 2.6242717 2.8818506 1.9075494 2.1022685 2.4655884 2.1806925 1.4955790 1.3178510 1.6576758 1.1204883 1.3800275 0.0000000 0.5249474 2.6347092 2.5476837 2.7015808 2.6743184 2.6730310 2.0529643 2.7667696 2.2077634 2.1251944 3.3749554 3.2600708 3.1030231 3.2666503 3.2785262 5.8555261 5.4230221 4.3940636 3.4258456 3.3625017 2.5509656 3.3128365 3.5428710 3.0719261 3.6849848 3.6421808 3.4594631 1.9941272 4.1797865 5.1789810 5.8003313 3.4955181 6.0538395 3.1605353 4.5922772 3.9154677 5.0487022 
Spolac_c83640_g1_i1_m.3272c83640-g1                    2.7189628 2.2439172 1.4791372 2.6506440 2.0481613 1.9163268 1.4645990 2.0066658 1.7614338 1.6405599 1.8710910 1.4435768 1.8571437 1.9057820 2.2618440 1.9362470 1.2825598 2.1824574 2.4902200 1.6939537 1.8574558 1.9314361 1.7165921 1.2113835 1.0613864 1.3030633 0.8002301 1.0692885 0.5249474 0.0000000 2.3929608 2.4072310 2.5625960 2.5385986 2.4332651 1.7886853 2.3429570 1.8618474 1.9567336 2.4874995 2.7901789 2.0789064 2.9574926 2.8357093 4.3345678 4.1142990 3.6966880 2.7515499 2.9415067 2.4994578 2.7833251 3.0628095 2.8256360 3.1610549 3.3137720 3.2633428 1.8998368 3.3647015 3.7218412 4.2259131 2.5444248 4.3734376 2.9748896 3.7200388 3.0756961 4.5557857 
Tadh_TriadT55724                                       2.3594105 2.5989487 1.2277058 2.2253729 1.6266619 1.5488597 1.2305947 1.9207093 1.6971257 1.5676956 1.6553350 1.4612878 1.7186433 1.6056289 2.0230510 1.6062413 0.9525069 1.9164013 1.6917683 1.4061534 1.6697160 1.7251289 1.8179872 2.0560932 2.1262362 2.4142323 1.8094044 1.9060773 2.6347092 2.3929608 0.0000000 0.0173398 0.3768997 0.3707370 0.3192995 0.2688248 2.0280677 1.4253151 1.6891604 2.2553677 2.5648498 2.4538985 2.3431862 2.6533531 3.4007289 2.6202014 3.7741432 2.6636386 3.6337917 2.8488315 3.9173195 3.5350783 3.6874035 3.7758969 3.3947395 3.7858179 1.6344945 3.8963445 3.2424099 3.8485127 3.0218332 4.2907206 2.8618313 3.3001398 3.2661218 3.8169087 
TrH2_TrispH2_001616-RA                                 2.3899130 2.6329988 1.2080702 2.2008113 1.6462926 1.5847786 1.2216614 1.9373689 1.7142447 1.5822028 1.6708807 1.4799961 1.7349910 1.6210042 2.0473978 1.6264475 0.9368333 1.8932297 1.7130074 1.3874175 1.6589243 1.7121038 1.8067440 2.0497005 2.1455800 2.3021396 1.7871008 1.8040939 2.5476837 2.4072310 0.0173398 0.0000000 0.3743719 0.3681638 0.3164532 0.2603600 2.0026183 1.3754553 1.6301848 2.1788933 2.5456528 2.3246044 2.3732368 2.6300654 3.3231919 2.6088722 3.8182388 2.6603167 3.6503878 2.8285887 3.9104249 3.4654229 3.6580753 3.7837133 3.4246327 3.7093032 1.6185229 3.8391379 3.2695281 3.8690771 2.9417414 4.2957054 2.8329620 3.2377632 3.2593779 3.7458462 
Hhon_g01049.t1                                         2.8529175 2.4673078 1.2463323 2.2812282 1.7625358 1.7395669 1.2090578 1.8604010 1.7886107 1.6510108 1.7675984 1.6297022 1.7398013 1.6075920 2.0691115 1.8276319 1.0618214 2.1020742 1.8292089 1.5234673 1.5821037 1.9507762 1.7092305 2.3266736 2.3106180 2.3836671 1.8570308 1.7651236 2.7015808 2.5625960 0.3768997 0.3743719 0.0000000 0.0044102 0.1224386 0.2414131 2.1896038 1.3610121 1.9031580 1.9096652 2.7707613 2.5063827 2.8139475 2.7479853 3.1621832 2.6964355 3.7515069 2.6925023 3.8401931 2.7346740 3.7375384 3.7497103 3.8443724 4.0263307 3.8436355 4.1508253 1.7768841 3.4181458 3.3597440 4.0398818 3.0058640 3.7128539 2.9736953 3.5003799 3.3544418 4.1831571 
HoiH04_mRNA884                                         2.8245544 2.4449229 1.2637758 2.2594188 1.7451755 1.7571340 1.1942576 1.8434012 1.7708312 1.6358895 1.7514622 1.6129803 1.7237071 1.5925279 2.0501593 1.8468701 1.0474097 2.0836602 1.8116232 1.5060396 1.5677434 1.9303920 1.7260701 2.3031792 2.2869735 2.4076204 1.8393637 1.7477861 2.6743184 2.5385986 0.3707370 0.3681638 0.0044102 0.0000000 0.1173417 0.2337394 2.2139178 1.3469397 1.8852943 1.9315381 2.7394481 2.4799067 2.7853267 2.7197223 3.1715246 2.7048835 3.7061124 2.6654110 3.8157375 2.7121711 3.7140370 3.7265765 3.8216145 4.0080340 3.8202711 4.1262042 1.7579568 3.3791164 3.3199441 4.0928307 2.9725357 3.6674084 2.9819614 3.4597398 3.3155095 4.1049671 
HoiH23_PlH23_002770-RA                                 2.7136203 2.4814070 1.2543524 2.3277405 1.7431281 1.7480815 1.1680465 1.7778570 1.8329812 1.6811888 1.7300762 1.5035363 1.7021482 1.5733700 2.1085372 1.8054894 1.0228270 1.9511374 1.7903642 1.4612870 1.5388585 1.9101101 1.7336821 2.3352473 2.1986004 2.3228933 1.8454266 1.7915042 2.6730310 2.4332651 0.3192995 0.3164532 0.1224386 0.1173417 0.0000000 0.2096211 2.1617961 1.2677796 1.7656744 2.0646767 2.6999176 2.3020795 2.9037465 2.7657334 3.1471981 2.6561946 3.5877320 2.7205146 3.7236945 2.7495665 3.7562682 3.6300457 3.6429926 3.8276945 3.6014846 3.9148837 1.6983336 3.2430923 3.3388506 4.1228572 3.0996400 3.7331477 3.0640231 3.3396165 3.2991827 3.9688804 
HoiH11_mRNA6160                                        2.1440545 2.0783539 1.3563902 1.9137955 1.5157016 1.4947153 1.2843319 1.5947917 1.2428195 1.1643554 1.2836644 1.2790599 1.2647132 1.1806061 1.3659027 1.7010418 1.1759824 1.3478906 1.3919970 1.4548582 1.1789924 1.6397398 1.2801931 1.8076244 1.7475656 2.0371326 1.3900825 1.3700407 2.0529643 1.7886853 0.2688248 0.2603600 0.2414131 0.2337394 0.2096211 0.0000000 2.0251426 1.2474737 1.3856235 2.0142488 2.6451832 2.2238849 2.4145641 2.3456687 2.8715469 2.7191722 3.3204260 2.3714224 3.0813262 2.5753270 2.8863199 2.8603625 3.3195139 3.3293538 3.5804317 3.6488131 1.7067023 3.0765916 2.9223566 3.2983353 2.6589556 4.0479699 2.6298669 3.1517002 2.9080991 3.8256057 
Tcas_TC013506_001                                      2.0637621 1.6613180 1.0397135 2.1095432 1.4922248 1.1967974 2.0665684 2.2027507 2.4531975 2.1495465 2.2063075 2.1459868 2.3375010 2.3773900 2.5511930 2.0366782 1.7265207 1.9613353 2.0497094 2.4513638 2.1413281 2.2099440 2.1368570 2.3656205 2.2694932 2.5439598 2.1007633 2.1952979 2.7667696 2.3429570 2.0280677 2.0026183 2.1896038 2.2139178 2.1617961 2.0251426 0.0000000 2.3713358 2.6678323 2.0248308 2.2821702 2.2249782 2.8099120 2.8759232 4.4226644 3.7153037 3.2227875 2.6567166 4.1282496 3.0684683 3.4817369 4.0057260 4.1067602 3.7315138 4.2901575 3.8742678 2.6798739 3.3162260 4.0373870 3.9206396 2.5172544 3.1577334 2.0816705 4.3836330 4.4449756 5.1996416 
Opea_EP00118_Oscarella_pearsei_P003759                 2.3221122 2.4987551 1.5472348 2.1040326 1.9640009 1.7287299 1.0459119 1.4316154 1.2497255 1.1999860 1.1374984 0.9916720 1.2929865 1.2824472 1.4845194 1.9759959 1.1493627 1.5194566 1.8072697 1.5469454 1.4489340 1.8806825 1.5193101 2.2446474 2.0023950 2.0563062 1.7809381 1.4783716 2.2077634 1.8618474 1.4253151 1.3754553 1.3610121 1.3469397 1.2677796 1.2474737 2.3713358 0.0000000 1.1060683 2.1622003 2.7492257 2.1210073 2.8580529 2.9843287 3.6579948 3.3793214 3.3939013 2.9915946 2.8665007 2.2919325 2.7153666 3.0141255 2.7665589 2.9905808 3.1615724 3.1887595 1.3583913 3.1383444 3.5732001 4.5404382 3.8273129 4.0402350 2.6701412 2.6095971 2.5927486 3.3860916 
Plajan_Pjan_C545947_01                                 2.1012713 2.1701254 1.3302321 2.0962989 2.1139484 1.6957022 1.4544976 1.8043975 1.8045854 1.5857413 1.5182428 1.3486484 1.6352403 1.5686103 1.8633661 1.4000167 1.0080004 1.7087513 1.6728555 1.3319282 1.4963645 1.4706643 1.5203872 1.7689427 1.8544155 1.9707814 1.6960270 1.4930585 2.1251944 1.9567336 1.6891604 1.6301848 1.9031580 1.8852943 1.7656744 1.3856235 2.6678323 1.1060683 0.0000000 2.0445306 2.6823489 2.3582116 2.6499340 3.0470280 4.0904451 3.6961850 3.4380453 2.7126074 2.3008616 2.0835287 2.7415292 2.6926255 2.5048573 2.7192838 2.7000501 2.7683942 1.3391905 3.3982265 3.1180361 4.0573052 3.3227920 4.3253480 2.9439240 3.0909165 3.3585215 3.3460191 
Salkve_EP00050_Salpingoeca_kvevrii_P006111             2.0954998 2.2980290 1.3385927 1.4173254 1.5686308 1.7068092 1.8324576 1.9692242 2.0109208 1.8521489 1.9061794 1.7789996 1.7875105 1.8716066 2.1105040 2.0653517 1.5010674 1.9367110 2.0919381 1.8974213 1.6659705 2.2463942 1.7370522 2.2002432 2.2129757 1.8594991 2.2870128 2.1321804 3.3749554 2.4874995 2.2553677 2.1788933 1.9096652 1.9315381 2.0646767 2.0142488 2.0248308 2.1622003 2.0445306 0.0000000 1.1248635 1.3160133 2.3079346 2.2504809 2.3687529 2.0707302 2.1003537 1.8795987 3.1850069 2.9271723 3.0475536 2.9994554 2.8476020 3.3177441 2.9525305 3.4594529 2.3957563 2.1147944 2.3754670 2.5518284 1.5868070 3.0588112 2.9070569 4.3618032 4.1102315 3.5958667 
Salmac_EP00052_Salpingoeca_macrocollata_P033621        2.9455143 2.6865275 1.6705352 2.0717703 2.0610057 2.0418558 2.4308960 2.3697976 2.6724930 2.3898585 2.5185921 2.3887670 2.2740632 2.4170418 2.9089436 2.6207057 2.0819345 2.9080499 2.5759059 2.4353109 2.6536037 2.7087638 2.8405385 2.2803338 2.5065845 2.1868612 2.2570054 2.2172523 3.2600708 2.7901789 2.5648498 2.5456528 2.7707613 2.7394481 2.6999176 2.6451832 2.2821702 2.7492257 2.6823489 1.1248635 0.0000000 1.5395826 3.0221531 2.6634432 2.6257593 2.1617410 1.9144561 1.8130552 3.4898627 2.5709556 3.0194615 3.0547393 3.4597663 4.0136694 3.3161796 3.5571071 2.4208441 1.9374294 2.7960504 2.5083245 2.0610093 3.1244149 3.8032041 4.1557338 4.5855140 4.4819990 
Saldol_EP00054_Salpingoeca_dolichothecata_P005893      2.6339633 2.6900064 1.3525864 1.8765574 1.7995472 1.7856163 2.1175673 2.5311008 2.3081197 2.2355087 2.3425157 2.1972192 2.2833727 2.3225966 2.8251883 1.9338762 1.5041134 2.1520186 2.3173223 2.0761068 2.1004626 1.9751245 2.4073758 2.0942634 1.9914808 1.8308765 2.1238356 2.0802229 3.1030231 2.0789064 2.4538985 2.3246044 2.5063827 2.4799067 2.3020795 2.2238849 2.2249782 2.1210073 2.3582116 1.3160133 1.5395826 0.0000000 2.6475418 3.0261252 2.5016547 1.9827993 2.2708409 1.9893034 2.8489502 2.6851957 3.3097783 3.0525402 3.0979961 3.6308965 3.2267594 3.1473009 2.0149239 2.1239501 2.9871777 3.1396093 1.9176963 3.0141358 3.9071741 3.6704885 3.4625215 3.8930550 
Ctel_gnl_WGS_AMQN_CAPTEDRAFT_mRNA176959                2.3837008 2.3628796 1.3196138 1.6558506 2.0057893 1.8833270 1.9213773 2.6779986 2.4279079 2.3284412 2.3054621 2.1278598 2.4902353 2.3581987 2.8218138 2.0279728 1.6917130 2.2756659 2.1902400 1.9336205 2.7640080 2.5899070 3.0009686 2.9141495 2.9377057 2.5794799 2.7915774 3.2732873 3.2666503 2.9574926 2.3431862 2.3732368 2.8139475 2.7853267 2.9037465 2.4145641 2.8099120 2.8580529 2.6499340 2.3079346 3.0221531 2.6475418 0.0000000 2.4795987 4.1835199 3.7837534 4.4601675 3.1070940 4.7023347 4.3744203 4.9105200 4.3112439 4.8116393 5.3761525 4.7293641 5.1293159 2.8664822 4.5137505 3.9349675 4.0553583 3.5854962 5.6464121 4.4765173 3.2436288 3.1580599 4.0102743 
Cgig_XM_011414346.3                                    2.6758167 2.6055287 1.5574179 1.5763642 2.0046280 2.0822592 1.9655792 2.5211835 2.1531620 2.2447095 2.2457777 1.9019762 2.4431553 2.4535866 2.5890051 2.0407804 1.7446516 2.3432854 2.3943218 2.1263339 2.0979884 2.2769088 2.1074324 3.0522916 3.0752292 2.6357025 2.5166194 2.1748972 3.2785262 2.8357093 2.6533531 2.6300654 2.7479853 2.7197223 2.7657334 2.3456687 2.8759232 2.9843287 3.0470280 2.2504809 2.6634432 3.0261252 2.4795987 0.0000000 5.2232164 3.9534341 3.4175588 3.2372578 4.2780280 3.6236865 4.2359216 3.7942396 4.3667146 4.2295374 4.1711344 4.3907089 2.6559780 3.0645515 3.1867879 4.2264832 3.4559082 5.1416318 3.4947528 4.5602756 4.2504792 4.3491939 
Sros_EGD74999                                          4.7899003 3.3908080 2.3747944 3.3446098 3.5331240 3.3011340 3.3353532 3.6888935 4.1453917 3.7379971 3.7991175 3.3928156 3.5774092 3.6195062 4.6573607 4.7378341 3.2263367 4.0883142 4.0533082 4.1025030 3.7445152 4.0822986 3.6853505 3.5654065 4.0609451 3.5282773 3.7801062 3.8647440 5.8555261 4.3345678 3.4007289 3.3231919 3.1621832 3.1715246 3.1471981 2.8715469 4.4226644 3.6579948 4.0904451 2.3687529 2.6257593 2.5016547 4.1835199 5.2232164 0.0000000 0.6604825 2.4020610 2.4704465 4.5775827 5.0194730 5.8764335 4.8857099 5.6426976 5.1918496 4.8870187 5.8934238 3.4984841 3.5826193 3.3071673 3.1574691 2.7369059 3.4313389 4.6221681 5.6032422 4.9663315 6.1757603 
Microa_EP00043_Microstomoeca_roanoka_P001262           3.8096170 3.5480572 2.2445145 2.9619249 3.1869496 3.2641154 2.6428190 3.1309311 3.5603106 3.3157968 3.3911305 3.4106845 3.3245294 3.3706518 3.7784427 4.1456062 2.8540225 3.3544008 3.0104155 3.5642392 3.4255804 3.3253780 3.4207703 3.7806496 3.8667790 3.6341446 3.2364121 3.2493465 5.4230221 4.1142990 2.6202014 2.6088722 2.6964355 2.7048835 2.6561946 2.7191722 3.7153037 3.3793214 3.6961850 2.0707302 2.1617410 1.9827993 3.7837534 3.9534341 0.6604825 0.0000000 1.8897354 1.9839644 3.5963142 4.3150221 4.3210023 3.9006918 4.1335669 3.7685066 4.5436868 5.2806564 3.0456270 2.5112521 2.6561969 2.5759841 2.2061342 2.8646993 3.5856149 4.5792982 5.0708358 4.7467758 
Mylflu_EP00047_Mylnosiga_fluctuans_P004794             4.7190217 4.7750686 2.1928049 3.3286764 2.6390735 2.8991767 3.3101606 3.2035863 3.7622960 3.5933316 3.5935703 3.0566563 3.4772886 3.6221419 4.1586520 3.9940549 2.8480527 3.5504714 4.2317749 3.8584141 3.2209588 3.4954569 2.8674893 3.0701386 3.5396334 3.2001648 3.2122616 3.0873526 4.3940636 3.6966880 3.7741432 3.8182388 3.7515069 3.7061124 3.5877320 3.3204260 3.2227875 3.3939013 3.4380453 2.1003537 1.9144561 2.2708409 4.4601675 3.4175588 2.4020610 1.8897354 0.0000000 2.0569073 3.4844263 3.0554791 3.3295464 3.3116864 3.7342067 3.9386614 3.9027971 4.2787336 2.7798484 1.9999691 2.6485364 2.8562169 2.2561558 2.3559736 4.5250835 4.2749057 4.0471676 5.1208410 
Salurc_EP00051_Salpingoeca_urceolata_P028437           3.2127942 3.4522421 1.7822892 2.7189639 2.3252392 2.3874306 2.4921783 3.0157493 3.0849980 2.8213725 2.8290974 2.6134222 2.9542243 2.9687504 3.1151650 2.7913615 2.4169169 3.2892193 3.1783486 2.8530329 3.2881630 2.6393285 3.0195111 2.5949032 2.8469251 2.7513775 2.9024392 2.5001112 3.4258456 2.7515499 2.6636386 2.6603167 2.6925023 2.6654110 2.7205146 2.3714224 2.6567166 2.9915946 2.7126074 1.8795987 1.8130552 1.9893034 3.1070940 3.2372578 2.4704465 1.9839644 2.0569073 0.0000000 3.8868279 3.0398438 3.8134143 3.3779433 3.8171880 3.9009481 3.9037134 3.8813193 2.6027868 2.4041362 3.3395585 2.9789230 2.6114977 2.5500169 3.1930538 3.9142485 3.9638138 4.4887830 
Mlei_ML0926.g2.i1                                      3.6815035 4.2352727 2.7764124 3.5140440 3.3561070 3.1958313 2.9555062 3.0712760 3.9815897 3.3792610 3.4408282 3.2726500 3.2724366 3.2806925 3.6533680 3.0976419 2.3721572 3.2166879 3.5656327 3.0336491 3.1098966 3.1200125 3.0735161 2.4299844 2.4211643 2.4649756 2.2639463 2.5369854 3.3625017 2.9415067 3.6337917 3.6503878 3.8401931 3.8157375 3.7236945 3.0813262 4.1282496 2.8665007 2.3008616 3.1850069 3.4898627 2.8489502 4.7023347 4.2780280 4.5775827 3.5963142 3.4844263 3.8868279 0.0000000 0.8074955 0.8755011 0.6004034 0.5575309 0.6587374 1.0852586 1.0518972 0.9481632 3.6763624 4.0201303 4.0104128 3.4895692 4.3874410 4.5802992 4.9054220 6.2651543 4.8067102 
Pbac_sb2667438                                         3.2596317 3.8686793 2.6770274 2.9549574 2.9466548 2.5460782 2.7046935 2.9002699 3.5672723 2.7403802 2.8834385 2.5099453 2.8288008 2.7920489 2.8376987 3.0533366 2.4545709 2.5864947 3.2343394 2.6443653 1.9961011 2.7081623 2.4252200 2.1995835 2.2494821 2.0469849 1.7842509 1.9632640 2.5509656 2.4994578 2.8488315 2.8285887 2.7346740 2.7121711 2.7495665 2.5753270 3.0684683 2.2919325 2.0835287 2.9271723 2.5709556 2.6851957 4.3744203 3.6236865 5.0194730 4.3150221 3.0554791 3.0398438 0.8074955 0.0000000 0.1289566 0.6684217 0.9723819 0.8464379 0.8861477 0.7826433 0.9550931 3.0931121 4.2562790 3.8976217 3.3869461 4.3856115 3.6283188 4.7513906 5.1256397 6.6325588 
Horcal_Hcv1.av93.c4.g412.i1                            3.3632331 5.6723373 2.7497725 3.8510931 3.2055124 3.0534211 2.9032936 3.3986815 3.8279277 3.1362380 3.2364857 3.0182091 3.2526446 3.3626016 3.3773537 3.2786154 2.4913186 3.4555278 3.7430398 2.8511122 2.5385728 2.5441937 2.7723559 2.4975372 2.3964003 2.3453108 2.2035818 2.2022611 3.3128365 2.7833251 3.9173195 3.9104249 3.7375384 3.7140370 3.7562682 2.8863199 3.4817369 2.7153666 2.7415292 3.0475536 3.0194615 3.3097783 4.9105200 4.2359216 5.8764335 4.3210023 3.3295464 3.8134143 0.8755011 0.1289566 0.0000000 0.7872884 0.9220846 1.0903053 1.0587069 0.9992829 0.9134659 3.6161572 4.8178383 4.4437617 4.1763791 4.7221952 3.8513425 5.6459814 5.7080309 6.1585729 
Lampan_Lpan_C405907_01                                 3.5664761 4.5988988 2.8658754 3.9630698 2.9581201 2.5557371 2.8351375 3.3473043 3.4564321 3.1856856 3.1611546 2.7795193 3.2996728 3.4440531 3.8686990 3.2538402 2.3472233 3.2983356 3.8322697 2.6815277 2.6686677 2.9652573 3.0309315 2.3952174 2.4763894 2.4818222 2.2928702 2.1329547 3.5428710 3.0628095 3.5350783 3.4654229 3.7497103 3.7265765 3.6300457 2.8603625 4.0057260 3.0141255 2.6926255 2.9994554 3.0547393 3.0525402 4.3112439 3.7942396 4.8857099 3.9006918 3.3116864 3.3779433 0.6004034 0.6684217 0.7872884 0.0000000 0.6281699 0.8275661 1.0811946 0.8598034 0.9890128 3.4162234 3.8721109 4.1524393 3.1906468 4.2282592 4.3693127 4.6739684 5.0981647 5.2890769 
Beraby_Baby_sb324911                                   3.5143401 4.3205899 2.8034965 3.7520666 3.4013207 3.2672118 2.7065306 3.4759073 3.8693679 3.3566333 3.3772760 3.4328448 3.4723073 3.3474117 4.1248874 3.1406222 2.6692969 3.7094163 3.7452711 3.2629084 2.5386049 3.2445963 3.0840201 2.4063277 2.3619629 2.4034424 2.3282837 2.2197262 3.0719261 2.8256360 3.6874035 3.6580753 3.8443724 3.8216145 3.6429926 3.3195139 4.1067602 2.7665589 2.5048573 2.8476020 3.4597663 3.0979961 4.8116393 4.3667146 5.6426976 4.1335669 3.7342067 3.8171880 0.5575309 0.9723819 0.9220846 0.6281699 0.0000000 0.8403474 1.1740612 1.0142000 1.0158579 4.0294816 4.1480031 4.4540306 3.4020320 4.1644163 4.2709343 5.2534405 5.9586746 6.3330363 
Drygla_Dgla_sb278410                                   4.1842231 4.5006432 2.7511547 3.3543361 3.2971433 2.9172719 3.1972225 3.8157189 4.6573827 3.7957308 3.4898281 3.0857350 3.4987948 3.7155496 3.8127106 3.3256069 2.6830745 3.8499152 4.2207824 3.2265811 3.0492541 3.4629261 3.5223721 2.2483503 2.5170306 2.3344779 2.2947149 2.2935540 3.6849848 3.1610549 3.7758969 3.7837133 4.0263307 4.0080340 3.8276945 3.3293538 3.7315138 2.9905808 2.7192838 3.3177441 4.0136694 3.6308965 5.3761525 4.2295374 5.1918496 3.7685066 3.9386614 3.9009481 0.6587374 0.8464379 1.0903053 0.8275661 0.8403474 0.0000000 1.1066507 1.0823682 1.0800795 4.0063234 4.3179698 3.9472403 3.5015086 4.6068383 4.4763323 5.9766214 6.8242026 6.9678538 
Vmul_SimC388256                                        3.5095188 4.7184693 3.0832011 3.4174115 3.0039306 3.1476461 2.8440982 3.4314979 3.4909630 3.0425903 3.1633084 2.9174710 2.9519800 3.0840561 3.1573179 2.8932425 2.2340827 3.1957191 3.5144489 3.2014333 2.5405041 2.9057807 3.0512815 2.7218550 2.6765109 2.3903942 2.3013749 2.6772733 3.6421808 3.3137720 3.3947395 3.4246327 3.8436355 3.8202711 3.6014846 3.5804317 4.2901575 3.1615724 2.7000501 2.9525305 3.3161796 3.2267594 4.7293641 4.1711344 4.8870187 4.5436868 3.9027971 3.9037134 1.0852586 0.8861477 1.0587069 1.0811946 1.1740612 1.1066507 0.0000000 0.7271673 1.2861524 4.5005008 4.0078775 4.0694417 3.7532507 4.6911992 4.0515403 5.0858108 5.9652310 6.1765119 
