76
Hsap_ENST00000335508                              0.0000000 0.2734055 0.2807623 0.3382753 0.3242557 0.3483736 0.1120062 0.3044375 0.3359310 0.3445812 0.2108502 0.3733216 0.3624222 0.2635586 0.5237956 0.2348403 0.2169821 0.1990726 0.1838016 0.2788049 0.1623147 0.2390600 0.3064781 0.2028379 0.2602531 0.4811337 0.4183925 0.4197915 0.4125327 0.3073300 0.4420445 0.5032352 0.2227782 0.3082510 0.3392702 0.3065537 0.3470220 0.4117951 0.2572817 0.4166513 0.4250813 0.2893701 0.4010915 0.3782235 0.3196470 0.3811326 0.3899599 0.3866938 0.3541328 0.5289048 0.3009087 0.5978222 0.3307459 0.3430713 0.6317614 0.3939747 0.6144437 0.6536368 0.6688774 0.6148471 0.6994159 0.6958773 0.7495082 0.7058930 0.6978990 0.7091073 0.7843604 0.7576409 0.2949923 0.3984919 0.4184954 0.7300696 0.6633134 0.6881431 0.7009487 1.4826602 
Bralan_BLAG10000408_1                             0.2734055 0.0000000 0.2475954 0.3370894 0.3372037 0.3463029 0.1057169 0.3145963 0.3464557 0.3411563 0.2197814 0.3532443 0.3435306 0.2213802 0.5056004 0.2011622 0.1841085 0.1829447 0.1626661 0.2720994 0.1576429 0.1885321 0.2836840 0.2160442 0.2855077 0.5052410 0.4371437 0.4420572 0.4000729 0.3433101 0.4081775 0.4701923 0.1922360 0.3020176 0.3836696 0.3484870 0.3856064 0.3655120 0.2366412 0.4093019 0.4080612 0.2781169 0.4346627 0.4093487 0.3582539 0.4221613 0.4118090 0.4093106 0.3900128 0.5186327 0.3144311 0.5942813 0.3365865 0.3531801 0.6256703 0.3724632 0.6286174 0.5953471 0.6354775 0.5917459 0.6877224 0.7160555 0.7363930 0.7354536 0.7237996 0.7024726 0.8020893 0.7558469 0.3120975 0.4136390 0.4826621 0.7340850 0.7107773 0.7634821 0.7361081 1.0749289 
Skow_XM_006811104.1                               0.2807623 0.2475954 0.0000000 0.3404088 0.3399307 0.3502139 0.1063086 0.3142005 0.3464658 0.3450150 0.2075504 0.3732348 0.3859589 0.2042612 0.5144551 0.1900973 0.1742221 0.2005667 0.1504257 0.2713321 0.1522606 0.1986711 0.2604856 0.2382568 0.2733562 0.4770932 0.4284663 0.4399510 0.4383722 0.3384932 0.4443136 0.4943866 0.1958933 0.2870339 0.3454659 0.3120531 0.3492994 0.3109098 0.2358684 0.4066793 0.4257498 0.2795586 0.4253308 0.4008927 0.3359325 0.4087241 0.4108293 0.4083532 0.3863461 0.5682480 0.3251016 0.5945081 0.3540440 0.3481243 0.6015152 0.3888657 0.6128775 0.6224730 0.6644473 0.6201386 0.6933576 0.7089300 0.7619486 0.7437538 0.7313187 0.7235547 0.8240565 0.8063276 0.3056178 0.3874643 0.4662724 0.7357724 0.6915692 0.7972088 0.8047206 1.2294864 
Exapal_XM_021061803.1                             0.3382753 0.3370894 0.3404088 0.0000000 0.1082025 0.1734131 0.0580548 0.1636441 0.1707921 0.1726694 0.0918077 0.2520742 0.2614629 0.2337215 0.4703708 0.2162878 0.1980328 0.2048458 0.1771034 0.2636821 0.1673546 0.2121254 0.3627682 0.2291882 0.2389070 0.4178465 0.3586240 0.3782500 0.3547702 0.4109904 0.4233617 0.4646481 0.2128386 0.3748591 0.4389291 0.4022959 0.3931895 0.4404189 0.2534227 0.4112677 0.3961056 0.2646675 0.4038569 0.3827638 0.3103826 0.3797530 0.3858615 0.3834139 0.3628686 0.5292780 0.2950983 0.5503316 0.3463196 0.2988758 0.6349183 0.3892282 0.5894687 0.6160873 0.6307259 0.5859042 0.6749105 0.6903067 0.7477429 0.7248844 0.6754076 0.6871210 0.8046345 0.7936620 0.2779452 0.2274592 0.3480159 0.7468233 0.6509001 0.6678136 0.6710004 1.1490680 
Nvec_v1g241911                                    0.3242557 0.3372037 0.3399307 0.1082025 0.0000000 0.1662173 0.0482693 0.1562612 0.1615525 0.1654166 0.0806528 0.2401376 0.2561148 0.2058828 0.4812470 0.1898472 0.1644059 0.1882618 0.1525560 0.2677419 0.1560284 0.1982766 0.3409461 0.2423943 0.2279432 0.4094759 0.3459361 0.3555507 0.3498200 0.3946371 0.4160011 0.4615766 0.2037754 0.3626119 0.4241519 0.3863422 0.3778229 0.4197198 0.2281546 0.3838073 0.3986499 0.2465416 0.3827546 0.3627400 0.3061285 0.3651276 0.3658425 0.3633833 0.3453779 0.5082631 0.2929678 0.5221887 0.3308746 0.2931852 0.6190722 0.4005364 0.5861564 0.6288318 0.6382890 0.5654575 0.6808399 0.6692295 0.7462901 0.7259415 0.6888887 0.6899951 0.8073101 0.7871830 0.2655117 0.2202177 0.3513299 0.7145614 0.6871375 0.6826177 0.6687639 1.2967743 
Gfas_gfas1.m1.7250.m1                             0.3483736 0.3463029 0.3502139 0.1734131 0.1662173 0.0000000 0.0112151 0.0471702 0.0537662 0.0541059 0.0293271 0.2573028 0.2675196 0.2172332 0.4805152 0.2108431 0.1903335 0.1846833 0.1557183 0.2612055 0.1565192 0.2231343 0.3511244 0.2171079 0.2205526 0.4168057 0.3759332 0.3900102 0.3567416 0.4129651 0.4206813 0.4810983 0.2024529 0.3790101 0.4380135 0.4126191 0.4100335 0.4317875 0.2412756 0.4100752 0.4015732 0.2448564 0.4057764 0.3845799 0.3126223 0.3830873 0.3870921 0.3846410 0.3608029 0.5477159 0.3035439 0.5401568 0.3405521 0.3067798 0.6652181 0.4023359 0.5770776 0.6426296 0.6599160 0.6037068 0.6680281 0.6847751 0.7341694 0.7302892 0.7089284 0.7197876 0.7804525 0.7733509 0.2828460 0.1001381 0.3908604 0.7237269 0.6820353 0.6876806 0.6656975 1.1343896 
Fspp_ffun1.m4.3118.m1                             0.1120062 0.1057169 0.1063086 0.0580548 0.0482693 0.0112151 0.0000000 0.0000010 0.0031816 0.0047812 0.0100006 0.0591735 0.0608405 0.2025188 0.1561791 0.1806981 0.1466007 0.1550224 0.1355221 0.1585717 0.1371561 0.1952334 0.1022331 0.1722538 0.1244417 0.1447255 0.1176165 0.1197813 0.1238043 0.1000986 0.1781542 0.1781542 0.1575325 0.1533696 0.1202732 0.1199573 0.1149489 0.1358293 0.2207216 0.2500953 0.2363906 0.1742537 0.1353443 0.1268442 0.1181526 0.1181526 0.1180301 0.1180301 0.1217739 0.1540893 0.1491009 0.1444513 0.1560357 0.1196246 0.2180828 0.3037928 0.2202763 0.2425896 0.2448469 0.2270266 0.2672799 0.2719922 0.2757659 0.2797693 0.2897834 0.2462428 0.3162825 0.3259437 0.1345301 0.0595716 0.1233901 0.2893094 0.3760266 0.1078800 0.1054100 0.5620921 
Gasp_gasp1.m3.9081.m1                             0.3044375 0.3145963 0.3142005 0.1636441 0.1562612 0.0471702 0.0000010 0.0000000 0.0401839 0.0421044 0.0235531 0.2142428 0.2324380 0.2294624 0.4647323 0.2160474 0.1971797 0.1966618 0.1562357 0.2663893 0.1599360 0.2368254 0.3034728 0.2304080 0.2236256 0.3751426 0.3167380 0.3384715 0.3068851 0.3571865 0.3967093 0.4515935 0.1987066 0.3709896 0.3866840 0.3656154 0.3581772 0.3942879 0.2502839 0.4102455 0.4122301 0.2490124 0.3770318 0.3569920 0.3048957 0.3534708 0.3538219 0.3533968 0.3459642 0.4927978 0.2974552 0.4925122 0.3353398 0.2832787 0.6041101 0.4007902 0.5675708 0.5807203 0.5836703 0.5498824 0.6231193 0.6559262 0.7049441 0.6914436 0.6837057 0.6488501 0.7479449 0.7067389 0.2674420 0.1173507 0.3411693 0.6743495 0.6450323 0.5755527 0.6093406 1.1705623 
Spis_XP_022785873_1                               0.3359310 0.3464557 0.3464658 0.1707921 0.1615525 0.0537662 0.0031816 0.0401839 0.0000000 0.0152550 0.0337853 0.2461868 0.2531144 0.2251581 0.4873632 0.2123656 0.1920094 0.1968086 0.1563607 0.2646015 0.1600503 0.2327689 0.3336029 0.2342920 0.2198068 0.4210917 0.3543542 0.3693300 0.3398341 0.4007068 0.4117559 0.4679418 0.1931155 0.3684397 0.4272258 0.3929856 0.4049398 0.4282961 0.2477887 0.4072617 0.3991020 0.2510193 0.3974536 0.3766167 0.3036987 0.3795919 0.3878786 0.3854047 0.3528046 0.5394252 0.2921436 0.5358100 0.3292101 0.2900673 0.6536876 0.4024773 0.6017095 0.6249414 0.6446714 0.5905688 0.6602142 0.6882160 0.7330488 0.7324930 0.7086936 0.7076314 0.7773106 0.7715972 0.2692672 0.1209864 0.3913415 0.7376899 0.6752423 0.6765312 0.6846547 1.1565570 
Pocdam_XM_027181109.1                             0.3445812 0.3411563 0.3450150 0.1726694 0.1654166 0.0541059 0.0047812 0.0421044 0.0152550 0.0000000 0.0338559 0.2507887 0.2594276 0.2247470 0.4881554 0.2119444 0.1914762 0.1966118 0.1561795 0.2641834 0.1598854 0.2322605 0.3368702 0.2342920 0.2196003 0.4264244 0.3582681 0.3721153 0.3454490 0.4019743 0.4143729 0.4741811 0.1958384 0.3744622 0.4303943 0.3921574 0.4113514 0.4229269 0.2450375 0.4058817 0.4008003 0.2507388 0.4002403 0.3792520 0.3055686 0.3834521 0.3909368 0.3884649 0.3534511 0.5305946 0.2912713 0.5327058 0.3282182 0.2954134 0.6435275 0.4020258 0.5991353 0.6206924 0.6433055 0.5889280 0.6629628 0.6948284 0.7239213 0.7291390 0.7113895 0.7060628 0.7725815 0.7755549 0.2670210 0.1190223 0.3960346 0.7484483 0.6798049 0.6764231 0.6848883 1.1186855 
Amil_Amillepora11278-RA                           0.2108502 0.2197814 0.2075504 0.0918077 0.0806528 0.0293271 0.0100006 0.0235531 0.0337853 0.0338559 0.0000000 0.1265582 0.1383647 0.2013685 0.2705346 0.1952323 0.1914762 0.1819656 0.1445318 0.2583254 0.1468674 0.2066623 0.2056327 0.2113326 0.1997895 0.2602369 0.2225076 0.2328356 0.2402708 0.2260964 0.2479574 0.3066803 0.2003168 0.2984754 0.2406557 0.2675634 0.2356177 0.2384418 0.2423905 0.3482126 0.3273536 0.2417640 0.2685587 0.2530135 0.2356554 0.2407235 0.2417571 0.2417571 0.2321370 0.3193083 0.2954732 0.3076921 0.3067498 0.2250020 0.3970841 0.3919056 0.3569719 0.3939163 0.3969352 0.3610592 0.4399076 0.4362715 0.4689936 0.4531857 0.4954965 0.4317044 0.4927248 0.5020880 0.2676268 0.0549512 0.2220683 0.4834108 0.5847982 0.2304672 0.2788797 1.1406027 
Dgig_XM_028547515.1                               0.3733216 0.3532443 0.3732348 0.2520742 0.2401376 0.2573028 0.0591735 0.2142428 0.2461868 0.2507887 0.1265582 0.0000000 0.0627669 0.2381940 0.5107736 0.2123256 0.1912055 0.2027067 0.1581609 0.2794478 0.1683953 0.2112520 0.3701844 0.2599501 0.2241611 0.4520558 0.3832377 0.3949217 0.3565275 0.4338427 0.4185924 0.4859584 0.1927855 0.3880034 0.4598415 0.4211694 0.4129460 0.4463951 0.2580327 0.4182167 0.4411687 0.2777699 0.4302379 0.4070464 0.3397501 0.4109295 0.4070859 0.4035512 0.3657044 0.5250982 0.3187622 0.5391499 0.3488512 0.2918286 0.6614205 0.4057192 0.5843786 0.6486208 0.6461762 0.6045579 0.7097372 0.7123818 0.7688081 0.7471554 0.7218687 0.6935065 0.7887848 0.7840524 0.2989235 0.2977687 0.4000915 0.7717652 0.7337735 0.7220575 0.7461092 1.0027785 
Xesp_009916-T1                                    0.3624222 0.3435306 0.3859589 0.2614629 0.2561148 0.2675196 0.0608405 0.2324380 0.2531144 0.2594276 0.1383647 0.0627669 0.0000000 0.2399487 0.5201323 0.2141409 0.1937250 0.2013001 0.1591908 0.2786483 0.1692419 0.2077834 0.3824153 0.2592615 0.2287313 0.4537907 0.3771855 0.3871447 0.3479450 0.4332114 0.4435447 0.4973270 0.1854050 0.4039139 0.4745684 0.4238853 0.4386497 0.4588452 0.2516772 0.4125371 0.4294407 0.2606000 0.4653872 0.4398127 0.3734771 0.4458526 0.4440693 0.4404168 0.3954235 0.5325585 0.3048913 0.5400118 0.3534896 0.2869993 0.6797438 0.3967432 0.6091636 0.6619583 0.6550018 0.6060788 0.7113283 0.7190352 0.7739333 0.7510285 0.7354875 0.7029182 0.8181684 0.8235122 0.3092411 0.3027053 0.4130609 0.7560570 0.7271499 0.7633141 0.7647825 0.9878729 
Pbac_sb2646977                                    0.2635586 0.2213802 0.2042612 0.2337215 0.2058828 0.2172332 0.2025188 0.2294624 0.2251581 0.2247470 0.2013685 0.2381940 0.2399487 0.0000000 0.0000010 0.0584812 0.0574215 0.0528280 0.0654224 0.0830536 0.0748232 0.0828576 0.2261538 0.0921996 0.2349465 0.2626717 0.2403725 0.2435663 0.2814936 0.2331923 0.3381076 0.3381076 0.2880070 0.2659336 0.2692660 0.2758267 0.2586569 0.2539500 0.3235261 0.3262105 0.2698303 0.2857941 0.2578450 0.2578450 0.2581118 0.2581118 0.2590594 0.2590594 0.2518531 0.2864222 0.2665528 0.2675039 0.2847784 0.2606794 0.2948589 0.4153044 0.3091508 0.3696966 0.3736815 0.3733269 0.3664626 0.4067895 0.4240709 0.4127853 0.3606762 0.3577214 0.4465145 0.4399892 0.2609472 0.3136402 0.2877721 0.4214510 0.6625823 0.0418022 0.0330106 1.6013889 
Horcal_Hcv1.av93.c13.g633.i1                      0.5237956 0.5056004 0.5144551 0.4703708 0.4812470 0.4805152 0.1561791 0.4647323 0.4873632 0.4881554 0.2705346 0.5107736 0.5201323 0.0000010 0.0000000 0.0584812 0.0574215 0.0566574 0.0472332 0.1218447 0.0555617 0.0828576 0.5281336 0.0835661 0.2973008 0.5882523 0.5438704 0.5620237 0.5579275 0.5291018 0.5198502 0.6269395 0.2427954 0.4614497 0.5721727 0.5605514 0.5454210 0.6087996 0.2618431 0.4657377 0.4678537 0.3111103 0.6176297 0.5802417 0.4566589 0.5844807 0.5890163 0.5851217 0.5316463 0.6490904 0.3607215 0.6640859 0.4175760 0.4203398 0.7135915 0.4223447 0.6397526 0.7233599 0.7399207 0.6825708 0.7543934 0.7599565 0.8198317 0.8089718 0.7375496 0.7731187 0.8462396 0.8390379 0.3590662 0.5412054 0.5662109 0.7750092 0.7075329 0.2481710 0.2777296 1.6013889 
Bolinf_Binf_sb1262539                             0.2348403 0.2011622 0.1900973 0.2162878 0.1898472 0.2108431 0.1806981 0.2160474 0.2123656 0.2119444 0.1952323 0.2123256 0.2141409 0.0584812 0.0584812 0.0000000 0.0000010 0.0274243 0.0359915 0.0687340 0.0654206 0.0564127 0.2143421 0.0805073 0.2290117 0.2533207 0.2281970 0.2316621 0.2760833 0.2155991 0.3132895 0.3132895 0.2836448 0.2437547 0.2499111 0.2571871 0.2407207 0.2063619 0.3056860 0.2964700 0.2593688 0.2760539 0.2392033 0.2392033 0.2394686 0.2394686 0.2413345 0.2413345 0.2326349 0.2610237 0.2550616 0.2537955 0.2631868 0.2641772 0.2509148 0.4037749 0.3145289 0.3474989 0.3656958 0.3354654 0.3442523 0.3896039 0.4351275 0.4224103 0.3481679 0.3351768 0.4349345 0.4321455 0.2838015 0.3219837 0.2692492 0.3884606 0.6654420 0.0000010 0.0000010 1.5679863 
Mertsp_Mesp_sb582280                              0.2169821 0.1841085 0.1742221 0.1980328 0.1644059 0.1903335 0.1466007 0.1971797 0.1920094 0.1914762 0.1914762 0.1912055 0.1937250 0.0574215 0.0574215 0.0000010 0.0000000 0.0315981 0.0438952 0.0719751 0.0718001 0.0570792 0.2082159 1.8921071 0.2038280 0.2243303 0.2063787 0.2112903 0.2714102 0.1945866 0.2975386 0.2975386 0.2724192 0.2403460 0.2617587 0.2739919 0.2429287 0.1837057 0.2804310 0.2673158 0.1156271 0.2659453 0.2139995 0.2139995 0.2040921 0.2040921 0.2067027 0.2067027 0.2041112 0.2646900 0.2637588 0.2516180 0.2670771 0.2589677 0.2567597 0.3289217 0.2870183 0.3430686 0.3786891 0.3447460 0.3584495 0.3228148 0.3586303 0.3419095 0.3069472 0.2527005 0.3443414 0.3272017 0.3409505 0.2257925 0.3202868 0.3538924 0.9170521 0.0000010 0.0000010 1.5679863 
Drygla_Dgla_sb302543                              0.1990726 0.1829447 0.2005667 0.2048458 0.1882618 0.1846833 0.1550224 0.1966618 0.1968086 0.1966118 0.1819656 0.2027067 0.2013001 0.0528280 0.0566574 0.0274243 0.0315981 0.0000000 0.0291395 0.0671383 0.0389745 0.0500373 0.2031616 0.0567110 0.2232105 0.2367821 0.1994939 0.2079632 0.2361755 0.2003474 0.2843570 0.2843570 0.2398142 0.2693830 0.2331747 0.2364758 0.2183725 0.2188579 0.2615723 0.3108753 0.2972074 0.2528384 0.2730620 0.2550931 0.2540323 0.2544449 0.2514016 0.2514016 0.2449192 0.2522586 0.2429368 0.2536923 0.2589998 0.2210140 0.2983275 0.3938206 0.3158044 0.3479753 0.3553600 0.3271089 0.3891321 0.3862659 0.4232188 0.4125109 0.3824419 0.3677270 0.4516111 0.4450346 0.2035871 0.2487285 0.2176585 0.3920869 0.4865745 0.0121541 0.0449277 1.5732859 
Beraby_Baby_sb345840                              0.1838016 0.1626661 0.1504257 0.1771034 0.1525560 0.1557183 0.1355221 0.1562357 0.1563607 0.1561795 0.1445318 0.1581609 0.1591908 0.0654224 0.0472332 0.0359915 0.0438952 0.0291395 0.0000000 0.0475170 0.0416988 0.0640222 0.1674108 0.0232479 0.1775324 0.1893988 0.1733418 0.1689842 0.1944426 0.1661434 0.2357175 0.2357175 0.2387304 0.1862239 0.1887335 0.1797234 0.1752888 0.1690332 0.2692958 0.2653258 0.2158709 0.2112823 0.2106971 0.1951246 0.1972386 0.1972386 0.1983364 0.1983364 0.1931528 0.2129972 0.2039868 0.2075493 0.2143398 0.1856257 0.2326019 0.3236426 0.2500274 0.2804344 0.2872863 0.2687245 0.2951283 0.2926112 0.3235622 0.3165946 0.3035368 0.2822218 0.3711843 0.3690644 0.1592984 0.2207877 0.1640402 0.3055878 0.3991563 0.0000010 0.0044943 1.5548942 
Vmul_Simscaffold10531_01                          0.2788049 0.2720994 0.2713321 0.2636821 0.2677419 0.2612055 0.1585717 0.2663893 0.2646015 0.2641834 0.2583254 0.2794478 0.2786483 0.0830536 0.1218447 0.0687340 0.0719751 0.0671383 0.0475170 0.0000000 0.0258122 0.0683718 0.2832680 0.0392876 0.2911225 0.3245405 0.2831589 0.3025825 0.3071757 0.2787646 0.2958761 0.3634950 0.2392468 0.3550357 0.3302755 0.3237423 0.2903707 0.3126613 0.2620673 0.3900658 0.3833689 0.3098112 0.3508166 0.3294214 0.3210208 0.3239079 0.3281182 0.3281182 0.3195737 0.3694091 0.3587056 0.3705994 0.3705616 0.2953635 0.4207940 0.4150904 0.3867347 0.4627452 0.4716208 0.4355379 0.4758617 0.4838401 0.5209157 0.5040162 0.4899306 0.4439919 0.5406199 0.5351629 0.3513634 0.3403528 0.3036442 0.4838889 0.6342464 0.0642198 0.0879558 1.3865232 
Coeast_Cast_sb806226                              0.1623147 0.1576429 0.1522606 0.1673546 0.1560284 0.1565192 0.1371561 0.1599360 0.1600503 0.1598854 0.1468674 0.1683953 0.1692419 0.0748232 0.0555617 0.0654206 0.0718001 0.0389745 0.0416988 0.0258122 0.0000000 0.0651126 0.1649395 0.0101200 0.1883704 0.2099573 0.1730340 0.1725199 0.1978833 0.1736947 0.2465012 0.2487894 0.2334874 0.1991628 0.1885518 0.1889822 0.1790133 0.1701173 0.2599190 0.2823458 0.2434422 0.2156909 0.2137631 0.1996783 0.1996877 0.1996877 0.2006666 0.2006666 0.1960511 0.2186399 0.2080911 0.2180975 0.2253403 0.1912715 0.2557317 0.3382335 0.2663195 0.2969936 0.3107876 0.2924746 0.3275510 0.3110300 0.3348116 0.3255382 0.3256828 0.3228693 0.3974828 0.3873814 0.1721815 0.2084731 0.1815627 0.3061690 0.4480655 0.0063418 0.0134792 1.4768067 
Eupdun_Edun_sb10643156                            0.2390600 0.1885321 0.1986711 0.2121254 0.1982766 0.2231343 0.1952334 0.2368254 0.2327689 0.2322605 0.2066623 0.2112520 0.2077834 0.0828576 0.0828576 0.0564127 0.0570792 0.0500373 0.0640222 0.0683718 0.0651126 0.0000000 0.2189114 0.1633524 0.2453706 0.2699055 0.2220161 0.2177973 0.2718874 0.2352689 0.3416596 0.3416596 0.2977701 0.2736168 0.2608629 0.2817324 0.2510636 0.2032849 0.2918446 0.2942196 0.2041796 0.2870699 0.2514044 0.2514044 0.2413755 0.2413755 0.2434185 0.2434185 0.2413762 0.3017980 0.2920299 0.2983943 0.3137182 0.2527933 0.2913613 0.3912327 0.2995402 0.3369359 0.3676090 0.3607871 0.3299019 0.3807282 0.4314076 0.4183004 0.3867925 0.3180972 0.4072793 0.4081468 0.3226865 0.3439275 0.2809548 0.3888721 0.7329719 0.0000010 0.0000010 1.4712004 
Cscu_XM_023354249.1                               0.3064781 0.2836840 0.2604856 0.3627682 0.3409461 0.3511244 0.1022331 0.3034728 0.3336029 0.3368702 0.2056327 0.3701844 0.3824153 0.2261538 0.5281336 0.2143421 0.2082159 0.2031616 0.1674108 0.2832680 0.1649395 0.2189114 0.0000000 0.2355330 0.2850429 0.4961702 0.4311674 0.4289412 0.4295889 0.2663222 0.4432236 0.5025017 0.1909956 0.2603551 0.3097532 0.2783934 0.2964816 0.3764468 0.2166584 0.3716016 0.3837085 0.2591290 0.4287543 0.4034084 0.3349372 0.4125237 0.4120255 0.4082713 0.3733409 0.5853123 0.3241470 0.6182694 0.3681290 0.3306531 0.6279839 0.4088719 0.6168558 0.6378822 0.6636376 0.6164417 0.6775255 0.7070197 0.7559062 0.7335458 0.7591756 0.6787694 0.8109792 0.7551574 0.3044291 0.3975513 0.4527161 0.7232298 0.6808669 0.7697574 0.7683139 0.9620212 
Coemet_Cmet_scaffold3118_01                       0.2028379 0.2160442 0.2382568 0.2291882 0.2423943 0.2171079 0.1722538 0.2304080 0.2342920 0.2342920 0.2113326 0.2599501 0.2592615 0.0921996 0.0835661 0.0805073 1.8921071 0.0567110 0.0232479 0.0392876 0.0101200 0.1633524 0.2355330 0.0000000 0.2647574 0.2720986 0.2455606 0.2584581 0.2554156 0.2223565 0.2968023 0.3117720 0.2505559 0.3016983 0.2536988 0.2444853 0.2309565 0.3009802 0.2587396 0.3832202 0.3625149 0.2990563 0.3129300 0.2802638 0.2864143 0.2873473 0.2862361 0.2862361 0.2799607 0.2659995 0.2519760 0.2846993 0.2789536 0.2508938 0.3644928 0.4885914 0.3879724 0.3976170 0.4011021 0.3377157 0.4578236 0.4681484 0.4872231 0.4791374 0.4418792 0.5131438 0.5283034 0.5516531 0.2251578 0.2511892 0.2180828 0.4529945 0.4985205 0.0152230 0.0512934 5.2213171 
Hvul_g28989_1                                     0.2602531 0.2855077 0.2733562 0.2389070 0.2279432 0.2205526 0.1244417 0.2236256 0.2198068 0.2196003 0.1997895 0.2241611 0.2287313 0.2349465 0.2973008 0.2290117 0.2038280 0.2232105 0.1775324 0.2911225 0.1883704 0.2453706 0.2850429 0.2647574 0.0000000 0.0965042 0.1663949 0.1801216 0.1908880 0.2989588 0.3001485 0.3613936 0.2361336 0.3295665 0.2990819 0.3109924 0.3014316 0.3108929 0.2571148 0.3944414 0.3909446 0.3170552 0.3400384 0.3160930 0.3159595 0.3151121 0.3176513 0.3176513 0.3108163 0.3360154 0.3384674 0.3491161 0.3359382 0.1757202 0.4556518 0.4414741 0.3937387 0.4823913 0.4796747 0.4748163 0.4938440 0.5036182 0.5119650 0.5128850 0.5030117 0.4216933 0.5444922 0.5441463 0.3088307 0.2864803 0.1730772 0.5342604 0.7111955 0.2904386 0.3388591 1.4072613 
Chem_TCONS_00005066                               0.4811337 0.5052410 0.4770932 0.4178465 0.4094759 0.4168057 0.1447255 0.3751426 0.4210917 0.4264244 0.2602369 0.4520558 0.4537907 0.2626717 0.5882523 0.2533207 0.2243303 0.2367821 0.1893988 0.3245405 0.2099573 0.2699055 0.4961702 0.2720986 0.0965042 0.0000000 0.3367699 0.3609135 0.3166972 0.5122665 0.4994053 0.5947357 0.2491073 0.4367830 0.5644705 0.5606469 0.5197152 0.5478471 0.2868900 0.4880138 0.4915014 0.3527743 0.5381477 0.5057926 0.4143287 0.5096733 0.5101162 0.5068001 0.4704435 0.6069389 0.3898437 0.6318925 0.4118673 0.2654204 0.7317298 0.4516839 0.6736879 0.7230228 0.7352468 0.6687275 0.7424874 0.7838606 0.8671643 0.8141520 0.7570733 0.7497789 0.9098957 0.8813170 0.3691442 0.4549902 0.3532417 0.7784003 0.8133432 0.8488594 0.7901795 1.4900301 
Nemnom_g14675.t1                                  0.4183925 0.4371437 0.4284663 0.3586240 0.3459361 0.3759332 0.1176165 0.3167380 0.3543542 0.3582681 0.2225076 0.3832377 0.3771855 0.2403725 0.5438704 0.2281970 0.2063787 0.1994939 0.1733418 0.2831589 0.1730340 0.2220161 0.4311674 0.2455606 0.1663949 0.3367699 0.0000000 0.0480635 0.1331253 0.4574459 0.4902791 0.5686314 0.2226403 0.3863238 0.4775166 0.4633573 0.4438215 0.5273868 0.2514631 0.4558324 0.4882545 0.2877897 0.5203775 0.4884323 0.3857619 0.4932090 0.4928027 0.4902635 0.4385634 0.6186126 0.3685714 0.6396358 0.3977894 0.1049072 0.7104186 0.3937586 0.6980035 0.7285213 0.7652155 0.6927422 0.7258001 0.7951335 0.8483685 0.8162104 0.7492243 0.7668852 0.8629754 0.8566737 0.3473211 0.4232483 0.2550750 0.8115741 0.7293577 0.7695691 0.7356477 1.4522134 
Rhoesc_Res_005047-T1                              0.4197915 0.4420572 0.4399510 0.3782500 0.3555507 0.3900102 0.1197813 0.3384715 0.3693300 0.3721153 0.2328356 0.3949217 0.3871447 0.2435663 0.5620237 0.2316621 0.2112903 0.2079632 0.1689842 0.3025825 0.1725199 0.2177973 0.4289412 0.2584581 0.1801216 0.3609135 0.0480635 0.0000000 0.1420744 0.4674928 0.4901678 0.5725005 0.2245283 0.3889623 0.4783954 0.4628153 0.4509649 0.5298779 0.2515195 0.4655285 0.4921945 0.2952057 0.5390871 0.5059261 0.4000340 0.5095256 0.5153772 0.5128541 0.4519984 0.6233671 0.3747697 0.6603715 0.3963680 0.1314660 0.7103104 0.4082842 0.7017914 0.7380222 0.7758887 0.7020059 0.7247420 0.8101699 0.8496765 0.8078750 0.7614668 0.7850875 0.8655790 0.8524344 0.3571760 0.4397469 0.2909929 0.8120668 0.7454484 0.7948395 0.7831164 1.4562442 
Sanmal_Sma_006012-T1                              0.4125327 0.4000729 0.4383722 0.3547702 0.3498200 0.3567416 0.1238043 0.3068851 0.3398341 0.3454490 0.2402708 0.3565275 0.3479450 0.2814936 0.5579275 0.2760833 0.2714102 0.2361755 0.1944426 0.3071757 0.1978833 0.2718874 0.4295889 0.2554156 0.1908880 0.3166972 0.1331253 0.1420744 0.0000000 0.4503257 0.4710754 0.5517017 0.2202758 0.4008979 0.4802196 0.4656664 0.4283583 0.5409330 0.2711106 0.4823772 0.4902974 0.3177132 0.5383876 0.5055855 0.4167675 0.5134564 0.5121949 0.5102738 0.4543189 0.6276560 0.3774906 0.6355987 0.3947034 0.1337966 0.7165635 0.4143096 0.6728124 0.7135059 0.7414356 0.6696405 0.7225667 0.7573216 0.7968598 0.7657921 0.7173885 0.7567882 0.8184573 0.8388107 0.3525149 0.4162960 0.2543803 0.8020113 0.7421851 0.7495602 0.7346661 1.2714413 
Tcas_TC034312_001                                 0.3073300 0.3433101 0.3384932 0.4109904 0.3946371 0.4129651 0.1000986 0.3571865 0.4007068 0.4019743 0.2260964 0.4338427 0.4332114 0.2331923 0.5291018 0.2155991 0.1945866 0.2003474 0.1661434 0.2787646 0.1736947 0.2352689 0.2663222 0.2223565 0.2989588 0.5122665 0.4574459 0.4674928 0.4503257 0.0000000 0.4464713 0.4980596 0.1966414 0.2947122 0.3507746 0.3390904 0.2641613 0.4541871 0.2125190 0.3933487 0.4076368 0.2856685 0.4633522 0.4354434 0.3544084 0.4294998 0.4289360 0.4252921 0.3978429 0.5524480 0.3074049 0.5926234 0.3517461 0.3495847 0.6828074 0.3948112 0.6311180 0.6466548 0.6940200 0.6479990 0.7129403 0.7373414 0.7826528 0.7477785 0.7327724 0.7136706 0.8255748 0.7879843 0.3109394 0.4445250 0.4712605 0.8073590 0.7520016 0.8360882 0.7763112 1.0696232 
Ocar_g2289                                        0.4420445 0.4081775 0.4443136 0.4233617 0.4160011 0.4206813 0.1781542 0.3967093 0.4117559 0.4143729 0.2479574 0.4185924 0.4435447 0.3381076 0.5198502 0.3132895 0.2975386 0.2843570 0.2357175 0.2958761 0.2465012 0.3416596 0.4432236 0.2968023 0.3001485 0.4994053 0.4902791 0.4901678 0.4710754 0.4464713 0.0000000 0.0010802 0.1459477 0.3727029 0.4894224 0.4420845 0.4480124 0.4915628 0.2656116 0.4155521 0.3871409 0.2534143 0.4984920 0.4670866 0.4129521 0.4744656 0.4745692 0.4720388 0.4296714 0.4689589 0.2434432 0.5003248 0.3071274 0.4010760 0.6414792 0.4513951 0.5866677 0.6085316 0.6382614 0.5579549 0.6776414 0.7023727 0.7673937 0.7769604 0.6870855 0.7109648 0.7936810 0.7764022 0.2505554 0.5150770 0.4931082 0.7274564 0.6014315 0.7094843 0.7095774 0.9257673 
Opea_EP00118_Oscarella_pearsei_P025230            0.5032352 0.4701923 0.4943866 0.4646481 0.4615766 0.4810983 0.1781542 0.4515935 0.4679418 0.4741811 0.3066803 0.4859584 0.4973270 0.3381076 0.6269395 0.3132895 0.2975386 0.2843570 0.2357175 0.3634950 0.2487894 0.3416596 0.5025017 0.3117720 0.3613936 0.5947357 0.5686314 0.5725005 0.5517017 0.4980596 0.0010802 0.0000000 0.1495648 0.4138583 0.5551949 0.4940133 0.5215619 0.5698920 0.2656116 0.4583015 0.4436706 0.2856001 0.5485376 0.5173809 0.4520523 0.5300255 0.5282049 0.5259750 0.4909627 0.5648528 0.3071340 0.5806738 0.3876571 0.4711333 0.7465422 0.4703303 0.6894590 0.7141777 0.7446720 0.6642403 0.7663376 0.7972225 0.8792133 0.8694364 0.7772295 0.7572203 0.8604531 0.8612852 0.3306012 0.5722328 0.5775433 0.8189478 0.7084193 0.8582920 0.8330728 0.9257673 
Plajan_Pjan_scaffold3267_01                       0.2227782 0.1922360 0.1958933 0.2128386 0.2037754 0.2024529 0.1575325 0.1987066 0.1931155 0.1958384 0.2003168 0.1927855 0.1854050 0.2880070 0.2427954 0.2836448 0.2724192 0.2398142 0.2387304 0.2392468 0.2334874 0.2977701 0.1909956 0.2505559 0.2361336 0.2491073 0.2226403 0.2245283 0.2202758 0.1966414 0.1459477 0.1495648 0.0000000 0.1959518 0.2140355 0.2047027 0.2055464 0.2522371 0.2428896 0.2486951 0.2169782 0.2166261 0.2335261 0.2328787 0.2291593 0.2291593 0.2284758 0.2284758 0.2259464 0.2210825 0.2141114 0.2126125 0.2249055 0.2558101 0.3122478 0.4038615 0.2904627 0.3679373 0.3489609 0.3429179 0.3597067 0.3409990 0.3796208 0.3825726 0.4081344 0.3227644 0.4508345 0.4479741 0.1692022 0.2925419 0.2076630 0.4301502 0.4750926 0.1415017 0.1554682 0.9364840 
Ctel_gnl_WGS_AMQN_CAPTEDRAFT_mRNA154841           0.3082510 0.3020176 0.2870339 0.3748591 0.3626119 0.3790101 0.1533696 0.3709896 0.3684397 0.3744622 0.2984754 0.3880034 0.4039139 0.2659336 0.4614497 0.2437547 0.2403460 0.2693830 0.1862239 0.3550357 0.1991628 0.2736168 0.2603551 0.3016983 0.3295665 0.4367830 0.3863238 0.3889623 0.4008979 0.2947122 0.3727029 0.4138583 0.1959518 0.0000000 0.2238631 0.2138006 0.3195590 0.3553969 0.2368691 0.4411172 0.4364717 0.3060780 0.3910344 0.3662723 0.3700457 0.3672712 0.3669100 0.3669100 0.3701928 0.4403664 0.3731809 0.4422916 0.3965043 0.4022248 0.5618295 0.4461718 0.4723376 0.5753571 0.5743811 0.5680803 0.5746526 0.5900606 0.6241830 0.5885132 0.6029207 0.6052043 0.7284369 0.6435307 0.3572591 0.5013804 0.4345296 0.6008495 0.7010620 0.5083957 0.5963662 1.3366649 
Cgig_XM_011435940.3                               0.3392702 0.3836696 0.3454659 0.4389291 0.4241519 0.4380135 0.1202732 0.3866840 0.4272258 0.4303943 0.2406557 0.4598415 0.4745684 0.2692660 0.5721727 0.2499111 0.2617587 0.2331747 0.1887335 0.3302755 0.1885518 0.2608629 0.3097532 0.2536988 0.2990819 0.5644705 0.4775166 0.4783954 0.4802196 0.3507746 0.4894224 0.5551949 0.2140355 0.2238631 0.0000000 0.2017752 0.4073181 0.4579891 0.2522973 0.4454096 0.4528814 0.2920238 0.4667577 0.4389071 0.3669770 0.4392617 0.4477893 0.4440518 0.4058868 0.5918645 0.3292571 0.6163117 0.3837476 0.3761560 0.6701759 0.4109935 0.6694462 0.6907171 0.6999096 0.6818933 0.7520671 0.7535784 0.8145554 0.7881671 0.7719914 0.7394121 0.8698047 0.8282038 0.3345450 0.4837556 0.5322720 0.8338546 0.7004320 0.8166376 0.8388076 1.2277320 
Acagra_model.g19681.t1_model.g19683.t1            0.3065537 0.3484870 0.3120531 0.4022959 0.3863422 0.4126191 0.1199573 0.3656154 0.3929856 0.3921574 0.2675634 0.4211694 0.4238853 0.2758267 0.5605514 0.2571871 0.2739919 0.2364758 0.1797234 0.3237423 0.1889822 0.2817324 0.2783934 0.2444853 0.3109924 0.5606469 0.4633573 0.4628153 0.4656664 0.3390904 0.4420845 0.4940133 0.2047027 0.2138006 0.2017752 0.0000000 0.3721480 0.4196721 0.2418743 0.4266709 0.4296943 0.2977605 0.4418745 0.4157783 0.3666615 0.4328973 0.4311083 0.4274749 0.3909147 0.5869606 0.3483188 0.6477429 0.3846077 0.3847325 0.6656298 0.4188548 0.6425459 0.6635045 0.6894951 0.6370081 0.7453832 0.7609357 0.8058294 0.7842132 0.7417413 0.7365928 0.8654755 0.8247961 0.3255163 0.4886315 0.4786497 0.7782826 0.7227045 0.7491603 0.7664524 1.3241178 
Dpul_mRNA2614                                     0.3470220 0.3856064 0.3492994 0.3931895 0.3778229 0.4100335 0.1149489 0.3581772 0.4049398 0.4113514 0.2356177 0.4129460 0.4386497 0.2586569 0.5454210 0.2407207 0.2429287 0.2183725 0.1752888 0.2903707 0.1790133 0.2510636 0.2964816 0.2309565 0.3014316 0.5197152 0.4438215 0.4509649 0.4283583 0.2641613 0.4480124 0.5215619 0.2055464 0.3195590 0.4073181 0.3721480 0.0000000 0.4686606 0.2428090 0.4382368 0.4326104 0.2884844 0.4664638 0.4386932 0.3608314 0.4446739 0.4387771 0.4351595 0.4028436 0.5827477 0.3291717 0.5806683 0.3759383 0.3538332 0.6221877 0.3984422 0.6547205 0.6419166 0.6554478 0.6152633 0.7070266 0.7168393 0.7381864 0.7261791 0.7663625 0.7184066 0.8364639 0.7931916 0.3048481 0.4455440 0.4777652 0.7717743 0.7241945 0.7981303 0.7856283 1.0265519 
Spur_XM_030990774.1                               0.4117951 0.3655120 0.3109098 0.4404189 0.4197198 0.4317875 0.1358293 0.3942879 0.4282961 0.4229269 0.2384418 0.4463951 0.4588452 0.2539500 0.6087996 0.2063619 0.1837057 0.2188579 0.1690332 0.3126613 0.1701173 0.2032849 0.3764468 0.3009802 0.3108929 0.5478471 0.5273868 0.5298779 0.5409330 0.4541871 0.4915628 0.5698920 0.2522371 0.3553969 0.4579891 0.4196721 0.4686606 0.0000000 0.2536694 0.4450032 0.4634690 0.3125776 0.5050610 0.4745890 0.4091623 0.4801553 0.4881610 0.4877612 0.4523855 0.6237600 0.3738942 0.6723605 0.3948805 0.4118353 0.7453083 0.4405913 0.7180065 0.7175835 0.7673685 0.7078388 0.7874873 0.7963007 0.8524207 0.8241345 0.7628321 0.7782390 0.9259876 0.8479352 0.3751766 0.4678205 0.5646349 0.8419757 0.7597837 0.8341095 0.8623503 1.2618572 
Aque_Aqu2.1.33565_001                             0.2572817 0.2366412 0.2358684 0.2534227 0.2281546 0.2412756 0.2207216 0.2502839 0.2477887 0.2450375 0.2423905 0.2580327 0.2516772 0.3235261 0.2618431 0.3056860 0.2804310 0.2615723 0.2692958 0.2620673 0.2599190 0.2918446 0.2166584 0.2587396 0.2571148 0.2868900 0.2514631 0.2515195 0.2711106 0.2125190 0.2656116 0.2656116 0.2428896 0.2368691 0.2522973 0.2418743 0.2428090 0.2536694 0.0000000 0.0227558 0.0205355 0.1901324 0.2495954 0.2318159 0.2383051 0.2383051 0.2390648 0.2390648 0.2367969 0.2365844 0.2346732 0.2365921 0.2337923 0.2640356 0.3090018 0.3701819 0.3293070 0.3586688 0.3515949 0.3523103 0.3546495 0.3236869 0.3476678 0.3512184 0.3656441 0.3329432 0.4364781 0.4338170 0.2156574 0.3179707 0.2419325 0.3940314 0.4890424 0.1781670 0.1691580 0.7401143 
Halamb_c52488_g1_i4mm.4599                        0.4166513 0.4093019 0.4066793 0.4112677 0.3838073 0.4100752 0.2500953 0.4102455 0.4072617 0.4058817 0.3482126 0.4182167 0.4125371 0.3262105 0.4657377 0.2964700 0.2673158 0.3108753 0.2653258 0.3900658 0.2823458 0.2942196 0.3716016 0.3832202 0.3944414 0.4880138 0.4558324 0.4655285 0.4823772 0.3933487 0.4155521 0.4583015 0.2486951 0.4411172 0.4454096 0.4266709 0.4382368 0.4450032 0.0227558 0.0000000 0.0793204 0.2285611 0.4306575 0.4029761 0.4140660 0.4140118 0.4155022 0.4155022 0.4054485 0.4300640 0.3917899 0.4134217 0.4163242 0.4504813 0.6114785 0.4951421 0.5812882 0.6223682 0.5996501 0.6110994 0.6208768 0.6101290 0.6568606 0.6387339 0.6545484 0.5649139 0.7426582 0.6798740 0.3797901 0.5157023 0.4775224 0.6579748 0.7264270 0.5294692 0.6054983 0.7633158 
Xestes_maker-XT_scaffold1839-snap-gene-0.7-mRNA-1 0.4250813 0.4080612 0.4257498 0.3961056 0.3986499 0.4015732 0.2363906 0.4122301 0.3991020 0.4008003 0.3273536 0.4411687 0.4294407 0.2698303 0.4678537 0.2593688 0.1156271 0.2972074 0.2158709 0.3833689 0.2434422 0.2041796 0.3837085 0.3625149 0.3909446 0.4915014 0.4882545 0.4921945 0.4902974 0.4076368 0.3871409 0.4436706 0.2169782 0.4364717 0.4528814 0.4296943 0.4326104 0.4634690 0.0205355 0.0793204 0.0000000 0.2261791 0.4529124 0.4160220 0.4161708 0.4101622 0.4167987 0.4167987 0.4074938 0.4679477 0.4087891 0.4380747 0.4372379 0.4855601 0.6752568 0.5347521 0.6045229 0.6545610 0.6117958 0.6784568 0.6586633 0.6461235 0.7286768 0.6900459 0.7318387 0.6392556 0.8033265 0.7246669 0.3758390 0.5274204 0.4651350 0.7053145 0.6693625 0.5279901 0.6030366 0.0000010 
Plespi_Pspi_scaffold19076_01                      0.2893701 0.2781169 0.2795586 0.2646675 0.2465416 0.2448564 0.1742537 0.2490124 0.2510193 0.2507388 0.2417640 0.2777699 0.2606000 0.2857941 0.3111103 0.2760539 0.2659453 0.2528384 0.2112823 0.3098112 0.2156909 0.2870699 0.2591290 0.2990563 0.3170552 0.3527743 0.2877897 0.2952057 0.3177132 0.2856685 0.2534143 0.2856001 0.2166261 0.3060780 0.2920238 0.2977605 0.2884844 0.3125776 0.1901324 0.2285611 0.2261791 0.0000000 0.3324246 0.3084959 0.3096899 0.3071168 0.3120911 0.3120911 0.3013297 0.3120795 0.3098982 0.2923165 0.3103629 0.3112717 0.4430377 0.4367686 0.3947148 0.4401883 0.4416786 0.4298845 0.4181465 0.4527455 0.4773709 0.4836074 0.4578770 0.3939200 0.5139470 0.4853601 0.2528392 0.3012349 0.3020562 0.5056714 0.6075836 0.2152211 0.3088303 1.3196729 
Tadh_TriadT54034                                  0.4010915 0.4346627 0.4253308 0.4038569 0.3827546 0.4057764 0.1353443 0.3770318 0.3974536 0.4002403 0.2685587 0.4302379 0.4653872 0.2578450 0.6176297 0.2392033 0.2139995 0.2730620 0.2106971 0.3508166 0.2137631 0.2514044 0.4287543 0.3129300 0.3400384 0.5381477 0.5203775 0.5390871 0.5383876 0.4633522 0.4984920 0.5485376 0.2335261 0.3910344 0.4667577 0.4418745 0.4664638 0.5050610 0.2495954 0.4306575 0.4529124 0.3324246 0.0000000 0.0000010 0.0406713 0.0537611 0.0552404 0.0565128 0.0478046 0.6586568 0.3823989 0.6549894 0.4310837 0.4464037 0.6837530 0.4274077 0.6199808 0.6899663 0.7236356 0.6240585 0.7599807 0.7541579 0.8197265 0.7964287 0.7292176 0.7128939 0.8428376 0.8085655 0.4028649 0.4615614 0.5321305 0.7976490 0.7988896 0.9019748 0.9435877 1.4379577 
TrH2_TrispH2_004766-RA                            0.3782235 0.4093487 0.4008927 0.3827638 0.3627400 0.3845799 0.1268442 0.3569920 0.3766167 0.3792520 0.2530135 0.4070464 0.4398127 0.2578450 0.5802417 0.2392033 0.2139995 0.2550931 0.1951246 0.3294214 0.1996783 0.2514044 0.4034084 0.2802638 0.3160930 0.5057926 0.4884323 0.5059261 0.5055855 0.4354434 0.4670866 0.5173809 0.2328787 0.3662723 0.4389071 0.4157783 0.4386932 0.4745890 0.2318159 0.4029761 0.4160220 0.3084959 0.0000010 0.0000000 0.0387795 0.0514304 0.0528279 0.0540365 0.0456682 0.6196643 0.3619371 0.6181268 0.4057479 0.4175457 0.6373096 0.3950758 0.5778718 0.6458214 0.6750172 0.5845596 0.7057760 0.7008495 0.7623812 0.7412527 0.6795714 0.6683069 0.7829553 0.7508813 0.3682861 0.4436953 0.4931578 0.7420711 0.7206336 0.7955049 0.8426126 1.4379577 
HoiH06_mRNA10556                                  0.3196470 0.3582539 0.3359325 0.3103826 0.3061285 0.3126223 0.1181526 0.3048957 0.3036987 0.3055686 0.2356554 0.3397501 0.3734771 0.2581118 0.4566589 0.2394686 0.2040921 0.2540323 0.1972386 0.3210208 0.1996877 0.2413755 0.3349372 0.2864143 0.3159595 0.4143287 0.3857619 0.4000340 0.4167675 0.3544084 0.4129521 0.4520523 0.2291593 0.3700457 0.3669770 0.3666615 0.3608314 0.4091623 0.2383051 0.4140660 0.4161708 0.3096899 0.0406713 0.0387795 0.0000000 0.0073018 0.0146955 0.0146955 0.0276822 0.4836340 0.3593795 0.4671654 0.4086689 0.3834694 0.5218312 0.3906117 0.4749572 0.5371144 0.5484697 0.5153519 0.5671598 0.5718401 0.6433384 0.6242856 0.5944609 0.5511507 0.6383931 0.6006610 0.3690359 0.4132809 0.3812146 0.5931491 0.6804167 0.5254027 0.6035082 1.4227347 
HoiH23_PlH23_003880-RA                            0.3811326 0.4221613 0.4087241 0.3797530 0.3651276 0.3830873 0.1181526 0.3534708 0.3795919 0.3834521 0.2407235 0.4109295 0.4458526 0.2581118 0.5844807 0.2394686 0.2040921 0.2544449 0.1972386 0.3239079 0.1996877 0.2413755 0.4125237 0.2873473 0.3151121 0.5096733 0.4932090 0.5095256 0.5134564 0.4294998 0.4744656 0.5300255 0.2291593 0.3672712 0.4392617 0.4328973 0.4446739 0.4801553 0.2383051 0.4140118 0.4101622 0.3071168 0.0537611 0.0514304 0.0073018 0.0000000 0.0204893 0.0215410 0.0293347 0.6310703 0.3596636 0.6229871 0.4075006 0.4126694 0.6431498 0.3931622 0.5804417 0.6545701 0.6874399 0.6079488 0.7135680 0.6984622 0.7680578 0.7463720 0.6961396 0.6675801 0.7725068 0.7437655 0.3721457 0.4359790 0.4912249 0.7505113 0.7068699 0.8056511 0.8462204 1.4227347 
Hhon_g06792.t1                                    0.3899599 0.4118090 0.4108293 0.3858615 0.3658425 0.3870921 0.1180301 0.3538219 0.3878786 0.3909368 0.2417571 0.4070859 0.4440693 0.2590594 0.5890163 0.2413345 0.2067027 0.2514016 0.1983364 0.3281182 0.2006666 0.2434185 0.4120255 0.2862361 0.3176513 0.5101162 0.4928027 0.5153772 0.5121949 0.4289360 0.4745692 0.5282049 0.2284758 0.3669100 0.4477893 0.4311083 0.4387771 0.4881610 0.2390648 0.4155022 0.4167987 0.3120911 0.0552404 0.0528279 0.0146955 0.0204893 0.0000000 0.0009454 0.0303982 0.6291883 0.3627777 0.6238934 0.4098010 0.4171429 0.6257629 0.3872786 0.5750743 0.6433379 0.6722067 0.6024028 0.7073983 0.6887822 0.7542373 0.7346668 0.6876524 0.6673677 0.7705494 0.7361888 0.3743816 0.4441970 0.4938829 0.7527975 0.7135879 0.8016091 0.8237676 1.3858437 
HoiH04_mRNA361                                    0.3866938 0.4093106 0.4083532 0.3834139 0.3633833 0.3846410 0.1180301 0.3533968 0.3854047 0.3884649 0.2417571 0.4035512 0.4404168 0.2590594 0.5851217 0.2413345 0.2067027 0.2514016 0.1983364 0.3281182 0.2006666 0.2434185 0.4082713 0.2862361 0.3176513 0.5068001 0.4902635 0.5128541 0.5102738 0.4252921 0.4720388 0.5259750 0.2284758 0.3669100 0.4440518 0.4274749 0.4351595 0.4877612 0.2390648 0.4155022 0.4167987 0.3120911 0.0565128 0.0540365 0.0146955 0.0215410 0.0009454 0.0000000 0.0303982 0.6281718 0.3627777 0.6228733 0.4098010 0.4171429 0.6211963 0.3872786 0.5705312 0.6387773 0.6678571 0.6051385 0.7068675 0.6887822 0.7497055 0.7300079 0.6840101 0.6635512 0.7663482 0.7304558 0.3743816 0.4441970 0.4908502 0.7511916 0.7135879 0.7872996 0.8158558 1.3858437 
HoiH11_mRNA6819                                   0.3541328 0.3900128 0.3863461 0.3628686 0.3453779 0.3608029 0.1217739 0.3459642 0.3528046 0.3534511 0.2321370 0.3657044 0.3954235 0.2518531 0.5316463 0.2326349 0.2041112 0.2449192 0.1931528 0.3195737 0.1960511 0.2413762 0.3733409 0.2799607 0.3108163 0.4704435 0.4385634 0.4519984 0.4543189 0.3978429 0.4296714 0.4909627 0.2259464 0.3701928 0.4058868 0.3909147 0.4028436 0.4523855 0.2367969 0.4054485 0.4074938 0.3013297 0.0478046 0.0456682 0.0276822 0.0293347 0.0303982 0.0303982 0.0000000 0.5626965 0.3504903 0.5638265 0.4021518 0.3999404 0.5946488 0.3889462 0.5482017 0.5983634 0.6119790 0.5856759 0.6606500 0.6636922 0.7209859 0.7011829 0.6536880 0.6316174 0.7165112 0.6758660 0.3610913 0.4428045 0.4381421 0.6851597 0.6759421 0.7003025 0.7862709 1.4227347 
