72
Hsap_ENST00000271764                              0.0000000 1.1625546 1.3671136 1.6162031 1.1616038 1.3417242 1.3869741 1.4732931 1.6407805 1.4047242 1.4289786 1.3243563 1.4015899 1.4296912 1.3334019 1.5394795 1.5775609 1.5313638 1.5033802 1.6361372 1.6710159 2.0965990 1.8602605 1.7630159 1.7087729 1.6651843 1.9272122 1.9034054 1.6821079 1.6305101 2.0426299 2.0054632 2.0923457 2.1057401 2.2669214 2.1513123 2.1544523 2.1068132 2.0435317 1.5972694 1.8804338 1.6753455 1.9346028 1.8763094 2.2213841 2.4578549 2.4130789 2.3343235 2.4320999 2.6563991 2.4366311 2.3187804 2.6102390 2.5353813 2.4486152 2.2731753 2.3108379 2.5273906 2.3588447 3.4897249 3.0707254 3.1724738 2.9890382 3.1431484 2.9887261 2.9519955 2.8606094 2.6638223 3.2220001 3.3845495 2.8968325 2.8784935 
Bralan_BLAG13101153_1                             1.1625546 0.0000000 1.2298729 1.5978432 1.0781026 1.2539668 1.4698396 1.5050140 1.7004588 1.4219650 1.4141763 1.5678069 1.4422808 1.4521088 1.3953658 1.3818783 1.4715551 1.4737210 1.3552227 1.6947374 1.4801223 1.9388250 1.7246959 1.7071508 1.7250560 1.5132881 1.8137584 1.9442846 1.7197788 1.7024181 1.8521333 1.7892719 2.0256345 2.0408824 2.1123072 2.0105006 2.1087399 2.1244636 1.8569614 1.6666628 2.0743409 1.7226282 1.9085597 1.9820128 2.2483260 2.2382568 2.5643035 2.4510033 2.3180826 2.4648784 2.3669562 2.2623152 2.6051850 2.4754597 2.5106991 2.3416484 2.5052904 2.4649207 2.2307185 3.4909869 3.0942245 3.2117946 3.4352772 2.6522716 2.7488360 3.0048723 3.1633157 2.8142088 3.3609900 3.5890001 3.4131552 3.6821942 
Tetwil_g21747.t1                                  1.3671136 1.2298729 0.0000000 1.3144384 1.3631776 1.5637104 1.6236439 1.4690951 1.3443568 1.4035997 1.3792605 1.2550571 1.2428068 1.4780634 1.2283391 1.3993982 1.9443246 1.4970571 2.3891726 1.5804484 2.9402494 9.0000000 2.0306334 1.8284849 1.7167032 1.6108509 1.6141371 2.0841367 1.6698633 1.9966123 1.7295356 1.7295356 2.0195366 2.0110959 1.9103566 1.7976935 1.7802517 1.6870885 9.0000000 1.3259154 1.0390656 0.8865310 1.2286774 1.6837538 2.3162019 2.4383469 2.8449187 2.4387570 2.6900801 2.2167153 2.5109840 2.2057444 2.8582814 3.0132341 2.9673881 9.0000000 1.8199504 9.0000000 2.0339225 3.1762474 3.0887741 3.0159766 3.5401894 2.7131075 2.8191041 3.2431179 2.8102742 9.0000000 2.6775029 2.5084855 3.0575948 3.1870430 
Morvir_scaffold33.g24.t2                          1.6162031 1.5978432 1.3144384 0.0000000 1.6578239 1.7197753 1.4814003 1.5531989 1.7465088 1.4944981 1.4355657 1.6277525 1.4879582 1.4636787 1.3656422 1.4675412 1.7021650 1.7680774 1.7832990 1.7601379 1.2191813 1.7167858 1.5415188 1.6015115 1.5016579 1.8511315 2.0693343 2.1739889 1.7947604 1.9439352 2.0178850 2.0155309 2.1509704 2.1124932 2.1943186 2.3012767 2.3074341 2.1962871 2.2875692 2.0065412 2.2017903 1.9716450 1.8920392 1.8862071 2.0131232 2.3675848 2.3457484 2.2710185 2.3251025 2.1882539 2.3949551 2.2828368 2.6168511 2.4919206 2.4532546 2.4997207 2.4887686 2.6262245 2.7095860 3.8026253 3.1325819 3.5024907 3.2515956 3.3571413 3.4335070 3.6945458 3.4298603 3.4284969 3.4893527 3.7822902 3.3275113 3.3322015 
Skow_XM_002742019.2                               1.1616038 1.0781026 1.3631776 1.6578239 0.0000000 1.1425732 1.4990456 1.4640046 1.6265188 1.3264246 1.3381822 1.4076765 1.2982396 1.3000537 1.2584566 1.4614456 1.5410124 1.4111620 1.3689770 1.6835578 1.4415965 1.9153110 1.6415956 1.6543755 1.6722385 1.5130352 1.7539643 1.8760951 1.6188904 1.7363271 1.9424561 1.8450128 1.9988332 2.0099721 2.0695885 2.1641219 2.1379848 2.0609891 2.0413629 1.6636649 2.0733765 1.8457030 2.0809140 1.9687665 2.0831446 2.0817181 2.3141863 2.2271018 2.0366298 2.2162011 2.1651338 2.0519595 2.3413637 2.2582574 2.1828811 2.1238792 2.3018295 2.2290929 2.3614338 3.7680357 3.1557328 3.2642837 3.2835957 3.3127029 3.3923196 3.4808221 2.9294618 3.1695014 3.1890964 3.3865802 3.3341584 3.6443755 
Ctel_gnl_WGS_AMQN_CAPTEDRAFT_mRNA202452           1.3417242 1.2539668 1.5637104 1.7197753 1.1425732 0.0000000 1.4296991 1.2409903 1.6932070 1.4384966 1.2797466 1.4736861 1.3798885 1.4806421 1.3786279 1.3933050 1.5759896 1.2634902 1.3596523 1.5719737 1.7130465 1.9501811 1.6605163 1.6580763 1.6472846 1.4273646 1.7055609 2.0256836 1.7206724 1.7543293 1.8974185 1.8277688 1.9225199 1.9779008 2.0545660 2.2767309 2.2125568 1.9928279 1.9934278 1.7820683 2.1628456 2.0441040 1.8162544 1.9766640 2.4306477 2.4044342 2.6220636 2.4993935 2.4882657 2.4102042 2.5290324 2.3820349 2.8824734 2.6717654 2.6763449 2.5441213 2.3073147 2.5432867 2.4578189 3.5548906 3.0420104 3.2598417 3.2926236 3.0467129 3.3340036 3.1955647 3.1743722 3.2701024 3.4522710 3.6429034 2.9830019 3.5218134 
Exapal_XM_021044450.2                             1.3869741 1.4698396 1.6236439 1.4814003 1.4990456 1.4296991 0.0000000 0.8316148 1.1834111 0.8734586 0.9870674 1.2103312 1.0356535 0.9950400 0.9489856 1.2308882 1.4285044 1.4980326 1.6622327 1.7752953 1.4378634 2.0358383 1.6780269 1.6668037 1.6518851 1.5840356 1.9648966 1.9155558 1.6693659 1.6898503 1.7311603 1.6979552 1.8157286 1.8615838 1.9555331 2.0936357 2.1720843 2.0820348 1.8716844 1.8047977 2.0415899 1.7788068 1.8154045 1.8313951 2.3240086 2.2661534 2.6589017 2.6218703 2.3049633 2.4109298 2.3577502 2.2581188 2.4472880 2.3540757 2.2977808 2.3599308 2.3623119 2.4697495 2.3249920 3.5473507 3.4139515 3.4721051 3.7189580 3.3955644 3.0036976 3.5365295 3.3705006 3.2736985 3.3873123 3.3673317 3.5314069 3.6793251 
Nvec_v1g181820                                    1.4732931 1.5050140 1.4690951 1.5531989 1.4640046 1.2409903 0.8316148 0.0000000 1.1176245 0.8419079 0.9174879 1.1423131 1.0040729 0.9256880 0.8786303 1.2907629 1.5591292 1.5864339 1.6443126 1.7879658 1.4603307 1.7963524 1.5654317 1.6073391 1.5523983 1.6687131 1.9615784 1.9020550 1.6393034 1.7227048 1.9395823 1.9321384 2.1061872 2.0942650 2.0558883 2.1011201 2.2369377 1.9855627 1.8725843 1.8919669 1.9981748 1.9998641 1.9602294 1.8298123 2.1402716 2.2316094 2.3991028 2.3149805 2.3168303 2.3335707 2.3678422 2.1843307 2.5076933 2.4347756 2.3205402 2.4110838 2.4045621 2.4896460 2.5741991 3.9847181 3.3922059 3.5973751 3.8976490 3.4299737 3.0739528 3.4613013 3.3332059 3.6344285 3.6296544 3.7730435 3.6579074 3.6160634 
Adig_XM_015904183.1                               1.6407805 1.7004588 1.3443568 1.7465088 1.6265188 1.6932070 1.1834111 1.1176245 0.0000000 0.1249411 0.6892012 0.8565049 0.7250821 0.8046217 0.7553365 1.4200932 1.6341479 1.7997628 1.9197764 1.8807406 1.8516120 2.2031300 1.9183643 1.9126661 1.8809457 1.8532735 2.0048248 2.2763817 1.8386025 2.0430298 1.9782732 1.9641715 2.1629875 2.1920769 2.1110951 2.2877472 2.2596459 2.2060525 2.1308447 2.2201123 2.3716570 2.4305306 2.1971861 2.1831565 2.5031278 2.5539191 2.9649030 2.8844176 2.6705601 2.8803889 2.6204824 2.5144407 3.2569124 2.9397562 2.9018939 2.6272623 2.5357339 2.5705674 2.7658524 3.8609428 4.1849373 4.0142450 3.7724860 3.4875004 3.7881871 3.7039282 3.5583563 3.1266861 3.8817521 4.2049703 3.8449489 4.1089409 
Amil_Amillepora26215-RA                           1.4047242 1.4219650 1.4035997 1.4944981 1.3264246 1.4384966 0.8734586 0.8419079 0.1249411 0.0000000 0.4701601 0.6167613 0.4979060 0.5586506 0.5350496 1.1471378 1.3113861 1.4899327 1.5826369 1.5685213 1.5280908 1.8545469 1.5703792 1.5726350 1.6025853 1.5531572 1.7422459 1.8481818 1.5501807 1.6699225 1.7919115 1.7434196 1.8591315 1.8678707 1.8693636 2.0379553 2.0090229 1.9052892 1.8926591 1.8418703 2.0465195 2.0274191 1.8592202 1.7766327 2.1608275 2.1155246 2.4347859 2.3633872 2.0952866 2.3681607 2.2309496 2.1120095 2.5390022 2.3740982 2.2877913 2.1587529 2.3841744 2.3052706 2.4399874 3.5547948 3.1967300 3.5595248 3.5365503 3.0683417 2.9381063 3.0926290 3.1007290 3.2880390 3.4735754 3.7463201 3.5156887 3.6071648 
Gfas_gfas1.m1.6575.m1                             1.4289786 1.4141763 1.3792605 1.4355657 1.3381822 1.2797466 0.9870674 0.9174879 0.6892012 0.4701601 0.0000000 0.5116808 0.4525719 0.4993383 0.4876041 1.1609918 1.2860585 1.4937373 1.4984284 1.6723284 1.4577893 1.9339458 1.5449107 1.5457376 1.6665640 1.5320333 1.6789833 1.7465848 1.5036921 1.6522447 1.8342443 1.7932470 1.8904129 1.8996860 1.9484096 1.9679073 1.9075901 2.0288721 1.8308378 1.7827352 2.0242805 1.9006377 1.7924053 1.8917248 2.0764369 2.1830607 2.3218738 2.2448565 2.1340813 2.1573739 2.2500670 2.1025654 2.2755411 2.2922240 2.1360124 2.1821323 2.2871332 2.2953602 2.3893220 3.6349468 3.5795574 3.7610357 3.7729430 3.3300425 3.1817376 3.7961011 3.1970019 3.2072021 3.7611681 3.6953795 3.6220011 4.0625530 
Fspp_ffun1.m4.24097.m1                            1.3243563 1.5678069 1.2550571 1.6277525 1.4076765 1.4736861 1.2103312 1.1423131 0.8565049 0.6167613 0.5116808 0.0000000 0.3761447 0.4684872 0.4421383 1.3183034 1.4570831 1.7480917 1.6498719 1.8594550 1.6339879 2.3757618 1.8737367 1.7341174 1.9338158 1.6975897 1.8704344 1.7443771 1.5617388 1.8166707 1.8787098 1.8672471 2.0223997 2.0477331 2.0061705 1.7949325 1.6937134 1.9437046 1.6796103 1.7736398 2.4992477 1.8696012 1.8757496 1.6761373 2.1224119 2.3269095 2.5724164 2.4846123 2.2063639 2.4800308 2.1743284 2.0044102 2.7438252 2.6866638 2.4709862 2.2626196 2.1580898 2.1824566 2.3051816 3.5738330 3.2109398 3.2956357 3.4809229 3.2600972 3.0037489 3.3897681 2.9439518 2.8430719 3.7491298 3.9960753 3.3588403 4.2513154 
Gasp_gasp1.m3.8702.m1                             1.4015899 1.4422808 1.2428068 1.4879582 1.2982396 1.3798885 1.0356535 1.0040729 0.7250821 0.4979060 0.4525719 0.3761447 0.0000000 0.3808131 0.3864018 1.1851890 1.3354264 1.5394342 1.6210074 1.7299320 1.5198986 2.0399473 1.6044787 1.6095162 1.7022853 1.5209608 1.7321819 1.7381508 1.5809263 1.6750430 1.7755796 1.7331924 1.8745432 1.8808985 1.9227220 1.9466129 1.8268308 2.0097559 1.9408549 1.8878115 2.0501141 1.8641763 1.7449041 1.8316959 2.1822165 2.3171235 2.4159152 2.3327470 2.1701555 2.2388605 2.2298451 2.0612591 2.4578277 2.4350889 2.3309133 2.2611343 2.2371401 2.2311524 2.3424216 3.5256485 3.3035274 3.5959826 3.5226802 2.9846099 3.0034270 3.1591596 3.1323775 3.1347102 3.5932763 3.6065277 3.4414018 3.9826442 
Spis_XP_022798182_1                               1.4296912 1.4521088 1.4780634 1.4636787 1.3000537 1.4806421 0.9950400 0.9256880 0.8046217 0.5586506 0.4993383 0.4684872 0.3808131 0.0000000 0.1408009 1.1676184 1.3296335 1.5968934 1.6502058 1.7146797 1.4713611 1.9469825 1.5570541 1.5311007 1.6819853 1.5525320 1.7260426 1.9168281 1.6262833 1.7957996 1.6905436 1.6513969 1.7959394 1.8177674 1.8616576 2.0221948 1.9634351 2.0379509 1.9832626 1.8358000 1.9552585 2.2878544 1.9015912 1.6837713 2.1175159 2.3258885 2.3454994 2.2573812 2.2389142 2.2540486 2.3084636 2.0999535 2.3381265 2.3707219 2.2859725 2.1181952 2.6311014 2.4468555 2.3534728 3.3811469 3.1316435 3.3604414 3.2357719 2.8632476 3.0524386 3.2924225 3.0254759 3.1317987 3.4109994 3.4065764 3.2162684 3.4844160 
Pocdam_XM_027195206.1                             1.3334019 1.3953658 1.2283391 1.3656422 1.2584566 1.3786279 0.9489856 0.8786303 0.7553365 0.5350496 0.4876041 0.4421383 0.3864018 0.1408009 0.0000000 1.1231518 1.3044583 1.5157279 1.6158102 1.6089420 1.4920501 1.8689696 1.5519729 1.5248182 1.6103617 1.5356991 1.7052916 1.7426012 1.4736729 1.6520288 1.6728497 1.6330262 1.7548626 1.7877888 1.8270180 1.9921142 1.9153521 1.8775593 1.9452747 1.7534154 1.9949251 1.9874233 1.7940849 1.7854884 2.0881976 2.2443884 2.2984445 2.2253602 2.1529551 2.2330169 2.2504308 2.0843821 2.3753315 2.3316069 2.1927149 2.0777245 2.2845528 2.3022300 2.2543836 3.4077591 3.0203379 3.4273491 3.2136834 2.7565050 2.9610449 3.0442936 2.9733051 3.1423352 3.4432728 3.5068470 3.3648850 3.5890775 
Dgig_XM_028548971.1                               1.5394795 1.3818783 1.3993982 1.4675412 1.4614456 1.3933050 1.2308882 1.2907629 1.4200932 1.1471378 1.1609918 1.3183034 1.1851890 1.1676184 1.1231518 0.0000000 0.6228633 1.7019851 1.7398669 1.8914545 1.4676343 1.7535649 1.5569942 1.6205481 1.5489903 1.7088730 1.9572466 1.8958835 1.5918724 1.6765941 1.7903215 1.7464500 1.7521273 1.7429554 1.7394359 2.2424044 2.1795789 2.1409481 1.9739342 1.8481687 1.8111896 1.9004600 1.9477852 1.9958832 2.2092536 2.3773429 2.4453611 2.3666506 2.2328028 2.3620091 2.3751604 2.1695418 2.4553394 2.3202936 2.2306304 2.2848135 2.5830065 2.3041641 2.5262366 3.5959483 3.1547558 3.3253555 3.3819636 2.9747485 3.2900462 3.7081696 3.0654485 2.9699191 3.4061029 3.3662891 3.5719505 3.5677861 
Xesp_000540-T1                                    1.5775609 1.4715551 1.9443246 1.7021650 1.5410124 1.5759896 1.4285044 1.5591292 1.6341479 1.3113861 1.2860585 1.4570831 1.3354264 1.3296335 1.3044583 0.6228633 0.0000000 1.7932292 1.6757840 1.8908591 1.5390773 1.9520838 1.7196198 1.6890096 1.7495490 1.8503358 2.1063976 1.9270286 1.6453232 1.6673883 2.0947023 2.0693410 2.0885043 2.0756899 2.1200928 2.2538790 2.1031516 2.3434227 1.9721520 2.0003373 2.1450937 2.8048771 2.1280219 1.8694619 2.3378693 2.4387891 2.6477105 2.5607583 2.5371831 2.6443617 2.5087841 2.2958667 2.5017418 2.4703895 2.2174662 2.3568734 2.7599960 2.5528393 2.5941846 3.9505770 4.2290181 4.0891134 3.6608609 3.1796862 4.0085739 4.2247758 3.4627301 2.8969091 4.0470657 4.0768874 3.7275381 3.9359879 
Cgig_XM_011416153.3                               1.5313638 1.4737210 1.4970571 1.7680774 1.4111620 1.2634902 1.4980326 1.5864339 1.7997628 1.4899327 1.4937373 1.7480917 1.5394342 1.5968934 1.5157279 1.7019851 1.7932292 0.0000000 1.3379799 1.6307383 1.7952655 2.1891692 1.7376759 1.8533552 1.9762876 1.5921158 1.7789967 1.9952108 1.7529540 2.0713369 2.2774335 2.2023857 2.1610178 2.1529043 2.2144486 2.2364035 2.2184359 2.1741216 2.1512676 1.8439646 2.1040133 1.9571729 1.9784577 2.0348591 2.1416858 2.3483042 2.4199504 2.3449620 2.1920860 2.3196627 2.3048501 2.1588337 2.5535837 2.5269478 2.4969978 2.4170125 2.6944301 2.8014791 2.7923886 3.5699076 2.9194245 3.1922798 3.3580206 3.0523034 3.1476134 3.0994369 3.0911030 3.6521183 3.4079146 3.5108517 3.3724474 3.3634493 
Acagra_model.g11822.t1                            1.5033802 1.3552227 2.3891726 1.7832990 1.3689770 1.3596523 1.6622327 1.6443126 1.9197764 1.5826369 1.4984284 1.6498719 1.6210074 1.6502058 1.6158102 1.7398669 1.6757840 1.3379799 0.0000000 1.8058800 1.6777545 1.8809682 1.7202558 1.7940764 1.8407102 1.5547265 1.9739718 1.9349133 1.7712485 1.8384629 2.0945343 2.0548898 2.0123810 2.0291714 2.1058719 2.3842919 2.3718467 2.1485881 2.0009242 1.9517380 1.6949612 1.6965880 1.9721691 2.0765873 2.5354750 2.5016756 2.7233372 2.6417460 2.5127650 2.7288708 2.3711961 2.4507675 2.4139912 2.5451305 2.3476185 2.2407442 2.5607896 2.4223897 2.6403019 3.5943797 3.2292115 3.6121194 3.2452356 3.0106730 4.1477870 3.1555579 2.9814828 3.0078386 3.4219744 3.5298891 3.4852945 3.9565116 
Cscu_XM_023365238.1                               1.6361372 1.6947374 1.5804484 1.7601379 1.6835578 1.5719737 1.7752953 1.7879658 1.8807406 1.5685213 1.6723284 1.8594550 1.7299320 1.7146797 1.6089420 1.8914545 1.8908591 1.6307383 1.8058800 0.0000000 1.8530066 2.1694407 1.9438999 1.9734354 1.8343279 1.7564056 1.8966731 2.1245290 1.8029651 1.9369523 2.1602988 2.0796643 2.3026650 2.3047921 2.1749224 2.3759918 2.4466158 2.5945046 2.5088802 2.2840127 2.5546221 2.2837457 2.1479852 2.1729462 2.3024798 2.3293779 2.4842921 2.3643414 2.3277729 2.4882588 2.3755342 2.1485731 2.7055408 2.4320569 2.4127002 2.8032445 2.9153933 2.4723943 2.6379069 3.6428248 3.2386753 3.7490546 3.3471571 3.0883370 3.4489729 3.2105089 3.1006990 3.3861400 3.2853987 3.3671011 2.9140008 3.3014719 
Chem_TCONS_00061443                               1.6710159 1.4801223 2.9402494 1.2191813 1.4415965 1.7130465 1.4378634 1.4603307 1.8516120 1.5280908 1.4577893 1.6339879 1.5198986 1.4713611 1.4920501 1.4676343 1.5390773 1.7952655 1.6777545 1.8530066 0.0000000 1.0731727 1.0212768 0.9373598 1.0887906 1.6788870 2.1565269 1.9540938 1.6987988 1.9651341 1.8438764 1.7689693 1.7990335 1.8249076 1.9206261 2.2428537 2.2429235 2.1338636 2.2757600 2.2939573 2.1765140 2.6705637 1.9077798 2.6650963 2.0921821 2.2017331 2.1290091 2.1107541 2.1843693 2.2229241 2.4669607 2.2966252 2.2883529 2.1899384 2.2288390 2.3049796 2.6202475 2.4060564 2.5088889 3.8031413 4.3266383 3.1572237 2.8503516 2.7430017 2.5850077 2.3186254 2.5603325 3.2481447 3.5466094 3.5783855 2.9377873 2.5217110 
Aaur_scaffold32.g32.t1                            2.0965990 1.9388250 9.0000000 1.7167858 1.9153110 1.9501811 2.0358383 1.7963524 2.2031300 1.8545469 1.9339458 2.3757618 2.0399473 1.9469825 1.8689696 1.7535649 1.9520838 2.1891692 1.8809682 2.1694407 1.0731727 0.0000000 0.6239242 0.6473086 0.8097629 2.2736081 2.1761141 2.2485318 1.8369068 2.2007601 2.6678845 2.6977332 2.5423590 2.5043908 2.6289470 2.9524954 2.8124232 2.4715389 2.3231465 2.3568363 2.6087792 2.4569326 2.3333982 2.9021310 2.2522210 2.4548512 2.5534677 2.5534677 2.5133137 2.8070939 2.5112834 2.4385453 2.4636223 2.4785711 2.3950225 2.6270636 2.9923735 2.3205538 2.7247042 4.9448038 4.2880981 3.6325622 3.6661911 3.7470397 8.0301827 4.7559312 3.6124299 3.0819387 4.6841427 4.8837199 3.5325734 5.0524632 
Nemnom_g3745.t1                                   1.8602605 1.7246959 2.0306334 1.5415188 1.6415956 1.6605163 1.6780269 1.5654317 1.9183643 1.5703792 1.5449107 1.8737367 1.6044787 1.5570541 1.5519729 1.5569942 1.7196198 1.7376759 1.7202558 1.9438999 1.0212768 0.6239242 0.0000000 0.2708029 0.7111049 1.7626624 1.9491090 2.4097373 1.9559582 2.0125438 2.2459988 2.1750686 2.2084584 2.2321186 2.2727682 2.8003641 2.4983766 2.5070908 2.3113084 2.0953594 2.2440823 2.1853840 2.0886135 2.0706143 2.1942236 2.0384191 2.5284451 2.4077682 2.3776306 2.3469319 2.3169965 2.1842662 2.3752874 2.3222868 2.1969615 2.3641120 2.7287938 2.3402187 2.4265091 3.9315744 3.1662756 3.2265384 3.0979537 3.0084102 3.6481800 3.4640036 2.7451309 3.0915738 3.8937167 3.6559380 3.1191991 3.4791325 
Rhoesc_Res_016302-T1                              1.7630159 1.7071508 1.8284849 1.6015115 1.6543755 1.6580763 1.6668037 1.6073391 1.9126661 1.5726350 1.5457376 1.7341174 1.6095162 1.5311007 1.5248182 1.6205481 1.6890096 1.8533552 1.7940764 1.9734354 0.9373598 0.6473086 0.2708029 0.0000000 0.7391928 1.8084486 2.0842007 2.4447534 1.9687306 1.9631858 2.1384491 2.0746085 2.2085204 2.2265832 2.3094389 2.8059764 2.4661061 2.5886049 2.4086711 2.0887474 2.4038575 2.2687706 2.1420597 2.2903642 2.2602392 2.1726249 2.6021899 2.4946131 2.4676009 2.3595504 2.3146109 2.1393156 2.3053191 2.3682489 2.1475391 2.3457441 2.8100009 2.4387235 2.4834197 3.9810416 3.1701766 3.2281582 3.2656781 2.9772570 3.3740024 3.5258293 2.9611114 3.0481419 3.9599836 3.8237039 3.2431663 3.6684369 
Sanmal_Sma_011999-T1                              1.7087729 1.7250560 1.7167032 1.5016579 1.6722385 1.6472846 1.6518851 1.5523983 1.8809457 1.6025853 1.6665640 1.9338158 1.7022853 1.6819853 1.6103617 1.5489903 1.7495490 1.9762876 1.8407102 1.8343279 1.0887906 0.8097629 0.7111049 0.7391928 0.0000000 1.8752070 2.1128355 2.2167801 1.8444690 1.8404375 2.2352884 2.1952615 2.2715057 2.2439226 2.3240235 2.8142487 2.8132835 2.5050864 2.3500702 2.2567932 2.3882081 2.2402398 2.1032669 2.1561315 2.1786321 2.4237372 2.6042868 2.5033927 2.6070221 2.4652700 2.5129469 2.3044612 2.4640769 2.4982154 2.3046338 2.6371454 2.8157563 2.4137484 2.4035803 3.7960842 3.1610310 3.1663306 3.2541543 3.1698533 3.5185078 3.2133552 2.8153454 3.4057344 3.8612645 3.7204958 3.1745117 3.6640731 
Dpul_mRNA15070                                    1.6651843 1.5132881 1.6108509 1.8511315 1.5130352 1.4273646 1.5840356 1.6687131 1.8532735 1.5531572 1.5320333 1.6975897 1.5209608 1.5525320 1.5356991 1.7088730 1.8503358 1.5921158 1.5547265 1.7564056 1.6788870 2.2736081 1.7626624 1.8084486 1.8752070 0.0000000 1.6457377 2.0344191 1.7621259 1.8926285 1.9714654 1.9497140 2.1875969 2.2205405 2.1887453 2.1055173 2.1834420 2.2452311 1.8903081 1.9950434 2.2965773 2.1193955 2.0511987 2.1276803 2.1948587 2.3139977 2.4466439 2.3488732 2.3905225 2.1752006 2.4094820 2.2738909 2.6100890 2.4394185 2.3373982 2.1645772 2.4912621 2.2967884 2.4946300 3.3675945 2.7642543 3.0777899 2.9256223 2.9357803 2.6223746 3.1932582 2.8443954 3.5251416 3.2741388 3.3710036 3.3208137 3.2014800 
Tcas_TC001461_001                                 1.9272122 1.8137584 1.6141371 2.0693343 1.7539643 1.7055609 1.9648966 1.9615784 2.0048248 1.7422459 1.6789833 1.8704344 1.7321819 1.7260426 1.7052916 1.9572466 2.1063976 1.7789967 1.9739718 1.8966731 2.1565269 2.1761141 1.9491090 2.0842007 2.1128355 1.6457377 0.0000000 2.0917183 1.9029649 2.2383384 2.4481591 2.4315678 2.4269305 2.3787723 2.3318419 2.3686134 2.4336998 2.4196435 2.4004792 2.4136115 2.3629574 2.2290371 2.1152469 1.9701536 2.3596419 2.3475437 2.4941385 2.3701670 2.4685038 2.3346335 2.4543014 2.3307080 2.6140317 2.4455065 2.4835148 2.4412276 2.8584347 2.8174700 2.5676846 3.7808047 3.6249169 3.6206118 3.4909752 2.8939804 2.9390919 3.4824219 3.2160906 3.1899631 3.8070693 3.7936254 3.6359794 3.6674693 
Ocar_g3807                                        1.9034054 1.9442846 2.0841367 2.1739889 1.8760951 2.0256836 1.9155558 1.9020550 2.2763817 1.8481818 1.7465848 1.7443771 1.7381508 1.9168281 1.7426012 1.8958835 1.9270286 1.9952108 1.9349133 2.1245290 1.9540938 2.2485318 2.4097373 2.4447534 2.2167801 2.0344191 2.0917183 0.0000000 0.0635463 1.3332858 2.2369630 2.1883830 2.1431296 2.1086660 2.1337127 1.9612635 2.0595623 2.1680358 1.9886469 2.2682702 2.3154850 2.1745615 1.7420545 2.4002095 2.4864962 2.3568971 2.3600365 2.3600365 2.0580831 2.3789197 2.3325966 2.2928912 2.2519444 2.2632971 2.2293829 2.2345683 2.6300688 2.6639145 2.5366268 3.4464548 3.6577450 3.5789417 2.9903327 2.9335652 2.9329300 3.7914963 2.8801494 3.1840283 3.3591373 3.3232112 3.6278722 3.4719039 
Opea_EP00118_Oscarella_pearsei_P007463            1.6821079 1.7197788 1.6698633 1.7947604 1.6188904 1.7206724 1.6693659 1.6393034 1.8386025 1.5501807 1.5036921 1.5617388 1.5809263 1.6262833 1.4736729 1.5918724 1.6453232 1.7529540 1.7712485 1.8029651 1.6987988 1.8369068 1.9559582 1.9687306 1.8444690 1.7621259 1.9029649 0.0635463 0.0000000 1.1598503 1.9366201 1.9194410 1.9814202 1.9755771 1.9795599 1.6836170 1.7090494 1.8109574 1.6301914 2.0441570 1.9948387 2.1020546 1.6508922 2.0492410 2.2692219 2.1340635 2.3468015 2.2459745 1.9932872 2.1865795 2.1101854 1.9922091 2.0623949 2.2308525 2.0862890 2.0682680 2.2415071 2.3399379 2.2595914 3.0629314 3.3820246 3.2987748 2.7622206 2.7752477 2.9166372 3.4291345 2.6456974 2.9084741 2.8529511 2.8944126 3.1481254 2.9907580 
Plajan_Pjan_scaffold9494_01                       1.6305101 1.7024181 1.9966123 1.9439352 1.7363271 1.7543293 1.6898503 1.7227048 2.0430298 1.6699225 1.6522447 1.8166707 1.6750430 1.7957996 1.6520288 1.6765941 1.6673883 2.0713369 1.8384629 1.9369523 1.9651341 2.2007601 2.0125438 1.9631858 1.8404375 1.8926285 2.2383384 1.3332858 1.1598503 0.0000000 2.1463138 2.0959158 2.2252850 2.2425385 2.2357973 1.8155082 1.7702138 1.8071017 1.6997164 2.0084593 2.0095571 2.1715043 1.9046655 2.2883863 2.3820322 2.2514822 2.5588551 2.4501207 2.4002781 2.2668688 2.5322161 2.2933944 2.4548801 2.2665244 2.1623123 2.5125993 2.5250140 2.3527773 2.4066484 3.5923587 3.6320433 3.6468875 3.2746823 3.0732934 3.5767300 3.7307912 3.1309249 3.1650091 3.7790578 3.6997931 3.3181382 3.8711799 
Tadh_TriadT59460                                  2.0426299 1.8521333 1.7295356 2.0178850 1.9424561 1.8974185 1.7311603 1.9395823 1.9782732 1.7919115 1.8342443 1.8787098 1.7755796 1.6905436 1.6728497 1.7903215 2.0947023 2.2774335 2.0945343 2.1602988 1.8438764 2.6678845 2.2459988 2.1384491 2.2352884 1.9714654 2.4481591 2.2369630 1.9366201 2.1463138 0.0000000 0.0255926 0.4330383 0.4358163 0.4184191 2.3022357 2.3835010 2.1387141 2.3066769 2.2491297 2.1142931 2.2272006 2.1885829 2.3264311 2.5164996 2.8146606 2.9898871 2.8388898 2.8123433 2.6756562 2.6642332 2.5826220 2.7042091 2.6862627 2.6679568 2.6649302 2.9996532 2.7896705 2.6708672 3.9096316 3.9448651 3.6718031 3.4654642 3.3926628 3.9929522 3.9811414 3.4428859 3.2652559 3.7614194 3.8012671 3.7182896 3.8337411 
TrH2_TrispH2_009474-RA                            2.0054632 1.7892719 1.7295356 2.0155309 1.8450128 1.8277688 1.6979552 1.9321384 1.9641715 1.7434196 1.7932470 1.8672471 1.7331924 1.6513969 1.6330262 1.7464500 2.0693410 2.2023857 2.0548898 2.0796643 1.7689693 2.6977332 2.1750686 2.0746085 2.1952615 1.9497140 2.4315678 2.1883830 1.9194410 2.0959158 0.0255926 0.0000000 0.4149758 0.4221317 0.4141982 2.3301461 2.3943514 2.1651726 2.3343068 2.2320140 2.0722184 2.2002185 2.1872136 2.3309658 2.5049306 2.7549793 2.9161802 2.7684719 2.7791673 2.6688018 2.7372155 2.5764474 2.6845817 2.6832689 2.6607708 2.5674600 2.9772846 2.8001271 2.6473956 3.9333088 3.9669659 3.6902270 3.3194875 3.3680189 4.0634507 4.0247973 3.3610186 3.2077562 3.6516133 3.7513391 3.6981107 3.8221877 
HoiH06_mRNA9826                                   2.0923457 2.0256345 2.0195366 2.1509704 1.9988332 1.9225199 1.8157286 2.1061872 2.1629875 1.8591315 1.8904129 2.0223997 1.8745432 1.7959394 1.7548626 1.7521273 2.0885043 2.1610178 2.0123810 2.3026650 1.7990335 2.5423590 2.2084584 2.2085204 2.2715057 2.1875969 2.4269305 2.1431296 1.9814202 2.2252850 0.4330383 0.4149758 0.0000000 0.0685370 0.2025455 2.3824107 2.4649609 2.2601981 2.3111566 2.2721328 2.0475970 2.1897444 2.1899475 2.4361098 2.6239459 2.7718430 2.9736650 2.8668153 2.6613328 2.8900168 2.8119014 2.7472051 2.8937270 2.6600470 2.6314157 2.7979146 2.9933727 2.7793235 2.8192321 3.9551830 4.0244715 3.5761842 3.1983416 3.1198991 3.9636824 3.9318630 3.1926403 3.3757372 3.6234003 3.6145534 3.7908591 3.8102844 
HoiH23_PlH23_003552-RA                            2.1057401 2.0408824 2.0110959 2.1124932 2.0099721 1.9779008 1.8615838 2.0942650 2.1920769 1.8678707 1.8996860 2.0477331 1.8808985 1.8177674 1.7877888 1.7429554 2.0756899 2.1529043 2.0291714 2.3047921 1.8249076 2.5043908 2.2321186 2.2265832 2.2439226 2.2205405 2.3787723 2.1086660 1.9755771 2.2425385 0.4358163 0.4221317 0.0685370 0.0000000 0.2208262 2.3945282 2.5017652 2.2410257 2.2994792 2.2695619 2.0153048 2.2209032 2.2112250 2.4978609 2.5746203 2.8070282 2.9445295 2.8547242 2.6701084 2.9068837 2.8162258 2.7569122 2.8616782 2.6759746 2.6590268 2.8050778 3.0799770 2.8566452 2.8898863 3.9630425 4.0532943 3.6209819 3.2789154 3.1767888 3.9564981 4.0717276 3.3219011 3.4286919 3.6612364 3.6207046 3.9016505 3.9447545 
HoiH04_mRNA16930                                  2.2669214 2.1123072 1.9103566 2.1943186 2.0695885 2.0545660 1.9555331 2.0558883 2.1110951 1.8693636 1.9484096 2.0061705 1.9227220 1.8616576 1.8270180 1.7394359 2.1200928 2.2144486 2.1058719 2.1749224 1.9206261 2.6289470 2.2727682 2.3094389 2.3240235 2.1887453 2.3318419 2.1337127 1.9795599 2.2357973 0.4184191 0.4141982 0.2025455 0.2208262 0.0000000 2.2831883 2.4482994 2.2369128 2.3143898 2.3437696 2.0505843 2.2224368 2.1991826 2.4528284 2.8299778 2.8773292 3.0950941 2.9783737 2.8566919 2.9587940 2.8044992 2.8060974 2.9579458 2.8714343 2.8794861 3.1020435 2.9654436 2.7574319 2.9166897 3.8922319 4.0470407 3.7886626 3.2844641 3.2862970 3.9320258 4.2179907 3.2877227 3.3546554 3.8161761 3.8521938 4.1873231 3.6184197 
Scil_scict008094.1                                2.1513123 2.0105006 1.7976935 2.3012767 2.1641219 2.2767309 2.0936357 2.1011201 2.2877472 2.0379553 1.9679073 1.7949325 1.9466129 2.0221948 1.9921142 2.2424044 2.2538790 2.2364035 2.3842919 2.3759918 2.2428537 2.9524954 2.8003641 2.8059764 2.8142487 2.1055173 2.3686134 1.9612635 1.6836170 1.8155082 2.3022357 2.3301461 2.3824107 2.3945282 2.2831883 0.0000000 0.5780317 0.5987641 0.5170053 2.1872047 2.0997240 2.2524992 2.3298611 2.6990595 2.4670290 2.2810800 2.5621700 2.4806743 2.3523400 2.2082245 2.4193059 2.2518108 2.7478669 2.6814568 2.6476708 2.7660210 2.4514949 2.1387354 2.5853711 3.4121869 3.7885709 3.8785797 4.0259422 3.1397331 3.3922048 4.2701041 3.5290703 3.4024001 3.6361367 3.8176078 3.9219721 4.1546853 
Lcom_lcpid28889                                   2.1544523 2.1087399 1.7802517 2.3074341 2.1379848 2.2125568 2.1720843 2.2369377 2.2596459 2.0090229 1.9075901 1.6937134 1.8268308 1.9634351 1.9153521 2.1795789 2.1031516 2.2184359 2.3718467 2.4466158 2.2429235 2.8124232 2.4983766 2.4661061 2.8132835 2.1834420 2.4336998 2.0595623 1.7090494 1.7702138 2.3835010 2.3943514 2.4649609 2.5017652 2.4482994 0.5780317 0.0000000 0.6947834 0.4701463 2.1802970 2.2925301 2.1724800 2.4631890 2.5394420 2.4365235 2.5240558 2.7842312 2.6927766 2.6341662 2.5018312 2.6078151 2.4758485 2.8883555 2.7545932 2.7131317 2.7089373 2.4888553 2.2072520 2.4605485 3.4573839 3.6349770 3.3986156 3.6830305 3.3625934 3.7966058 4.3652522 3.4098140 3.5077498 3.7355396 4.0996615 3.7471770 4.1915585 
Gracom_Gcom_scaffold13550_01                      2.1068132 2.1244636 1.6870885 2.1962871 2.0609891 1.9928279 2.0820348 1.9855627 2.2060525 1.9052892 2.0288721 1.9437046 2.0097559 2.0379509 1.8775593 2.1409481 2.3434227 2.1741216 2.1485881 2.5945046 2.1338636 2.4715389 2.5070908 2.5886049 2.5050864 2.2452311 2.4196435 2.1680358 1.8109574 1.8071017 2.1387141 2.1651726 2.2601981 2.2410257 2.2369128 0.5987641 0.6947834 0.0000000 0.4783992 2.2849772 2.1535018 2.2369443 2.2036775 2.5706704 2.3036952 2.5349999 2.5282363 2.4189419 2.3892659 2.2876338 2.4811435 2.3552099 2.7339488 2.5179857 2.4671602 2.5068567 2.5074655 2.3258127 2.7424388 3.4357054 3.6674487 3.6067901 3.8720253 3.1532099 3.4617962 4.6544323 3.6765620 3.7574137 3.6527895 3.8562566 3.4784164 3.9231405 
Leuniv_Lniv_scaffold10502_01                      2.0435317 1.8569614 9.0000000 2.2875692 2.0413629 1.9934278 1.8716844 1.8725843 2.1308447 1.8926591 1.8308378 1.6796103 1.9408549 1.9832626 1.9452747 1.9739342 1.9721520 2.1512676 2.0009242 2.5088802 2.2757600 2.3231465 2.3113084 2.4086711 2.3500702 1.8903081 2.4004792 1.9886469 1.6301914 1.6997164 2.3066769 2.3343068 2.3111566 2.2994792 2.3143898 0.5170053 0.4701463 0.4783992 0.0000000 2.3666899 2.2424742 2.3902301 2.1331465 2.7828841 2.2666665 2.2286059 2.1907143 2.1907143 2.2528629 2.2630628 2.3397790 2.2870474 2.7359194 2.3054527 2.2872709 2.3489790 2.6161975 1.9937736 2.6866326 3.3176693 4.4345890 3.0043030 3.0924270 2.7719660 3.7166778 5.1417657 3.1771984 3.6607723 3.6171533 3.8858790 3.2088752 2.6884399 
Spur_XM_030996242.1                               1.5972694 1.6666628 1.3259154 2.0065412 1.6636649 1.7820683 1.8047977 1.8919669 2.2201123 1.8418703 1.7827352 1.7736398 1.8878115 1.8358000 1.7534154 1.8481687 2.0003373 1.8439646 1.9517380 2.2840127 2.2939573 2.3568363 2.0953594 2.0887474 2.2567932 1.9950434 2.4136115 2.2682702 2.0441570 2.0084593 2.2491297 2.2320140 2.2721328 2.2695619 2.3437696 2.1872047 2.1802970 2.2849772 2.3666899 0.0000000 2.4162306 1.6428961 2.0179661 2.3933468 2.7954929 2.8038778 3.0897292 2.9935785 2.9472040 2.8565094 2.6271606 2.5521381 3.3038450 3.0133388 3.0185082 3.2357478 2.5279486 2.8147900 3.0559868 3.6414792 3.1201570 3.1305776 3.3636521 3.2383330 2.4906882 2.9423725 3.4227362 3.4713384 3.4596074 3.3942778 3.3556101 3.2141411 
Emue_Em0002g630a.t1                               1.8804338 2.0743409 1.0390656 2.2017903 2.0733765 2.1628456 2.0415899 1.9981748 2.3716570 2.0465195 2.0242805 2.4992477 2.0501141 1.9552585 1.9949251 1.8111896 2.1450937 2.1040133 1.6949612 2.5546221 2.1765140 2.6087792 2.2440823 2.4038575 2.3882081 2.2965773 2.3629574 2.3154850 1.9948387 2.0095571 2.1142931 2.0722184 2.0475970 2.0153048 2.0505843 2.0997240 2.2925301 2.1535018 2.2424742 2.4162306 0.0000000 0.6889476 1.6820311 2.7297123 2.5591834 2.6763108 2.7222855 2.7222855 2.5217527 2.7561565 2.6571720 2.6213260 2.5108397 2.2994100 2.3548112 2.7272635 2.8599281 2.2948436 2.6312841 3.3669520 3.0449299 3.2830091 2.8732544 2.8682685 3.3036457 3.0486768 3.1272931 3.7053947 3.3126905 3.5443893 3.1423011 3.4786011 
Spolac_c99372_g4_i1_m.19522c98046-g1              1.6753455 1.7226282 0.8865310 1.9716450 1.8457030 2.0441040 1.7788068 1.9998641 2.4305306 2.0274191 1.9006377 1.8696012 1.8641763 2.2878544 1.9874233 1.9004600 2.8048771 1.9571729 1.6965880 2.2837457 2.6705637 2.4569326 2.1853840 2.2687706 2.2402398 2.1193955 2.2290371 2.1745615 2.1020546 2.1715043 2.2272006 2.2002185 2.1897444 2.2209032 2.2224368 2.2524992 2.1724800 2.2369443 2.3902301 1.6428961 0.6889476 0.0000000 1.6067534 2.5284120 2.4734075 2.5607688 2.6666688 2.6666688 2.5134326 2.4401039 2.4747856 2.5320693 2.9224082 2.6799840 2.6952761 2.9165159 2.4710257 3.2560782 2.5573476 3.9099179 2.9810554 3.5482290 3.5981230 3.2977061 3.2591546 3.0257112 3.8737078 3.6845914 4.0340429 3.7628179 3.1823873 3.5343495 
Plespi_Pspi_scaffold10428_01                      1.9346028 1.9085597 1.2286774 1.8920392 2.0809140 1.8162544 1.8154045 1.9602294 2.1971861 1.8592202 1.7924053 1.8757496 1.7449041 1.9015912 1.7940849 1.9477852 2.1280219 1.9784577 1.9721691 2.1479852 1.9077798 2.3333982 2.0886135 2.1420597 2.1032669 2.0511987 2.1152469 1.7420545 1.6508922 1.9046655 2.1885829 2.1872136 2.1899475 2.2112250 2.1991826 2.3298611 2.4631890 2.2036775 2.1331465 2.0179661 1.6820311 1.6067534 0.0000000 2.2547836 2.5614722 2.3160338 2.4406807 2.4343785 2.4844765 2.3227203 2.7581830 2.6751306 2.8084331 2.5106434 2.5466923 2.9287001 2.4087059 2.2932770 2.4204244 3.8962045 4.0838347 3.8593334 3.2215119 3.2098430 3.0989292 3.9984120 3.2548262 3.4421215 3.6666322 3.6612914 3.7749482 3.9426007 
Hvul_g29074_1                                     1.8763094 1.9820128 1.6837538 1.8862071 1.9687665 1.9766640 1.8313951 1.8298123 2.1831565 1.7766327 1.8917248 1.6761373 1.8316959 1.6837713 1.7854884 1.9958832 1.8694619 2.0348591 2.0765873 2.1729462 2.6650963 2.9021310 2.0706143 2.2903642 2.1561315 2.1276803 1.9701536 2.4002095 2.0492410 2.2883863 2.3264311 2.3309658 2.4361098 2.4978609 2.4528284 2.6990595 2.5394420 2.5706704 2.7828841 2.3933468 2.7297123 2.5284120 2.2547836 0.0000000 2.3037945 2.4405393 2.7756624 2.5447141 2.5199818 2.4194936 2.6741258 2.4279169 2.4074099 2.4461098 2.3292320 2.8012901 2.6428133 3.7917094 2.7575700 3.7793382 3.7416094 3.9436334 4.5500880 3.6505776 3.4263158 3.4141935 3.8659287 5.0993376 3.4257820 3.7772327 3.9997731 4.0783717 
Mlei_ML0407.g10.i1                                2.2213841 2.2483260 2.3162019 2.0131232 2.0831446 2.4306477 2.3240086 2.1402716 2.5031278 2.1608275 2.0764369 2.1224119 2.1822165 2.1175159 2.0881976 2.2092536 2.3378693 2.1416858 2.5354750 2.3024798 2.0921821 2.2522210 2.1942236 2.2602392 2.1786321 2.1948587 2.3596419 2.4864962 2.2692219 2.3820322 2.5164996 2.5049306 2.6239459 2.5746203 2.8299778 2.4670290 2.4365235 2.3036952 2.2666665 2.7954929 2.5591834 2.4734075 2.5614722 2.3037945 0.0000000 0.4924800 0.4731237 0.4570100 0.5203992 0.5246989 0.7951238 0.7238199 0.8043690 0.8321932 0.7821532 0.8350000 2.7788922 2.3822116 3.0749779 3.5066309 3.4854992 3.2048152 3.5095215 2.9537312 3.7988062 3.7520168 3.0938823 2.8354632 3.4553025 3.3977371 2.9733611 3.7231248 
Drygla_Dgla_sb290384                              2.4578549 2.2382568 2.4383469 2.3675848 2.0817181 2.4044342 2.2661534 2.2316094 2.5539191 2.1155246 2.1830607 2.3269095 2.3171235 2.3258885 2.2443884 2.3773429 2.4387891 2.3483042 2.5016756 2.3293779 2.2017331 2.4548512 2.0384191 2.1726249 2.4237372 2.3139977 2.3475437 2.3568971 2.1340635 2.2514822 2.8146606 2.7549793 2.7718430 2.8070282 2.8773292 2.2810800 2.5240558 2.5349999 2.2286059 2.8038778 2.6763108 2.5607688 2.3160338 2.4405393 0.4924800 0.0000000 0.5953638 0.5881910 0.6271973 0.5659759 0.7081891 0.6858244 0.9220469 0.8712078 0.8403479 0.9717865 2.7982907 2.4213539 2.8694625 3.2428088 3.4712938 3.2092066 3.3915133 3.1151931 3.9461590 3.5677573 3.1434754 2.9995802 3.5055902 3.5836393 3.0799946 3.7131957 
Bolinf_Binf_sb1295448                             2.4130789 2.5643035 2.8449187 2.3457484 2.3141863 2.6220636 2.6589017 2.3991028 2.9649030 2.4347859 2.3218738 2.5724164 2.4159152 2.3454994 2.2984445 2.4453611 2.6477105 2.4199504 2.7233372 2.4842921 2.1290091 2.5534677 2.5284451 2.6021899 2.6042868 2.4466439 2.4941385 2.3600365 2.3468015 2.5588551 2.9898871 2.9161802 2.9736650 2.9445295 3.0950941 2.5621700 2.7842312 2.5282363 2.1907143 3.0897292 2.7222855 2.6666688 2.4406807 2.7756624 0.4731237 0.5953638 0.0000000 0.0000010 0.4589899 0.5849504 0.8181396 0.7982735 0.8352538 0.7843149 0.7935097 0.8592969 2.9917844 2.4141136 3.2154677 3.5671587 3.8083230 3.3696298 3.5090581 3.0554650 4.1640362 3.9893944 3.3129549 2.7964835 3.6890886 3.6043134 3.2038687 4.3255479 
Mertsp_Mesp_sb558589                              2.3343235 2.4510033 2.4387570 2.2710185 2.2271018 2.4993935 2.6218703 2.3149805 2.8844176 2.3633872 2.2448565 2.4846123 2.3327470 2.2573812 2.2253602 2.3666506 2.5607583 2.3449620 2.6417460 2.3643414 2.1107541 2.5534677 2.4077682 2.4946131 2.5033927 2.3488732 2.3701670 2.3600365 2.2459745 2.4501207 2.8388898 2.7684719 2.8668153 2.8547242 2.9783737 2.4806743 2.6927766 2.4189419 2.1907143 2.9935785 2.7222855 2.6666688 2.4343785 2.5447141 0.4570100 0.5881910 0.0000010 0.0000000 0.4694964 0.5530377 0.7904335 0.7752233 0.8352538 0.7731219 0.7935097 0.8592969 2.8900745 2.4141136 3.1017850 3.4638896 3.6483723 3.2684644 3.3925566 2.9523197 3.7152842 3.7608419 3.1730955 2.7964835 3.4905339 3.4517062 3.0846337 4.1045022 
Lampan_Lpan_8299_01                               2.4320999 2.3180826 2.6900801 2.3251025 2.0366298 2.4882657 2.3049633 2.3168303 2.6705601 2.0952866 2.1340813 2.2063639 2.1701555 2.2389142 2.1529551 2.2328028 2.5371831 2.1920860 2.5127650 2.3277729 2.1843693 2.5133137 2.3776306 2.4676009 2.6070221 2.3905225 2.4685038 2.0580831 1.9932872 2.4002781 2.8123433 2.7791673 2.6613328 2.6701084 2.8566919 2.3523400 2.6341662 2.3892659 2.2528629 2.9472040 2.5217527 2.5134326 2.4844765 2.5199818 0.5203992 0.6271973 0.4589899 0.4694964 0.0000000 0.5839472 0.8855693 0.8815504 0.8801678 0.8032033 0.7304849 0.8598734 3.0208862 2.5284939 2.9801793 3.7837727 3.8298034 3.0374188 3.4702478 3.2232494 4.3398377 4.5226587 3.3469918 2.9410625 3.6624847 3.7369773 3.1564749 4.8554832 
Beraby_Baby_sb344570                              2.6563991 2.4648784 2.2167153 2.1882539 2.2162011 2.4102042 2.4109298 2.3335707 2.8803889 2.3681607 2.1573739 2.4800308 2.2388605 2.2540486 2.2330169 2.3620091 2.6443617 2.3196627 2.7288708 2.4882588 2.2229241 2.8070939 2.3469319 2.3595504 2.4652700 2.1752006 2.3346335 2.3789197 2.1865795 2.2668688 2.6756562 2.6688018 2.8900168 2.9068837 2.9587940 2.2082245 2.5018312 2.2876338 2.2630628 2.8565094 2.7561565 2.4401039 2.3227203 2.4194936 0.5246989 0.5659759 0.5849504 0.5530377 0.5839472 0.0000000 0.8151490 0.7576680 0.8443930 0.8630960 0.8343687 0.9688549 2.8657069 2.5049115 2.8253953 3.3813028 3.7929009 3.2599746 3.4719017 3.0820906 3.7212000 3.9772219 3.0412493 2.7070130 3.4974636 3.4065117 3.1213669 3.5246015 
Pbac_sb2656830                                    2.4366311 2.3669562 2.5109840 2.3949551 2.1651338 2.5290324 2.3577502 2.3678422 2.6204824 2.2309496 2.2500670 2.1743284 2.2298451 2.3084636 2.2504308 2.3751604 2.5087841 2.3048501 2.3711961 2.3755342 2.4669607 2.5112834 2.3169965 2.3146109 2.5129469 2.4094820 2.4543014 2.3325966 2.1101854 2.5322161 2.6642332 2.7372155 2.8119014 2.8162258 2.8044992 2.4193059 2.6078151 2.4811435 2.3397790 2.6271606 2.6571720 2.4747856 2.7581830 2.6741258 0.7951238 0.7081891 0.8181396 0.7904335 0.8855693 0.8151490 0.0000000 0.0589554 0.9485883 0.9200074 0.9150462 1.0950511 3.2163260 2.4136648 3.2603463 4.1995770 4.1461831 3.4143100 3.5877423 3.4234039 3.9051695 4.2355044 3.7492373 3.1137538 4.0430183 4.0579503 3.3226442 4.0919476 
