76
Hsap_ENST00000369023                                    0.0000000 2.0015388 2.0925476 2.2214583 2.1533767 2.2686401 2.4636329 2.4309185 2.0728541 2.1348681 2.0102866 2.0091994 2.3482544 2.1438247 2.2230999 2.2678868 2.3877326 1.9588202 2.1234973 2.3465084 2.3408853 2.6602586 2.6311048 2.5371369 2.4961798 2.8710728 2.5247136 2.5426636 2.2521182 3.0196137 3.0118690 2.1411336 2.1634302 3.3150870 3.0647037 2.7228863 2.8227140 2.8223629 3.0012569 2.8284673 3.1778553 2.7702683 2.6392767 2.5609734 2.5043186 2.9706693 3.0676290 2.9376079 3.1528853 2.7814222 2.7073802 2.4660628 2.2842140 2.2566573 2.3195333 2.3592577 3.1473307 2.6141787 3.1776327 3.0571825 3.3392888 3.0905282 3.4346665 3.4583382 3.8275156 3.3541864 4.2360048 4.1888573 4.1991115 4.5611654 3.7748817 3.7050580 3.8453736 3.3268450 3.9934625 4.6739430 
Bralan_BLAG90000692_1                                   2.0015388 0.0000000 1.0409048 1.5677105 1.6168437 1.5070317 1.4218555 1.4757350 1.4818080 1.5632215 1.4398637 1.4360920 2.1476915 1.4300178 1.7917077 1.6812663 1.5064338 1.5901880 1.5679064 1.6007855 2.3402484 1.9434930 1.9305649 1.9946256 1.8705032 1.8916937 1.9000014 1.8875526 1.4081659 2.2409465 2.2330175 1.7693584 1.5454617 2.6864985 2.5064605 2.0136005 2.6566686 2.5189746 2.4564844 2.3289436 2.5134866 2.3934282 2.1868078 2.0464160 2.2054680 2.4955785 2.5553802 2.3468805 2.6001896 2.3255672 2.7688508 2.4198296 2.5438624 2.5620033 2.4731217 2.4573723 2.3334577 2.2233147 3.3953391 2.3298918 2.3191825 2.8053346 2.5587808 3.5096576 3.1453078 2.7690227 3.6393125 4.1276468 3.8054987 4.4083311 3.1412604 2.9851103 3.0219999 2.6279677 4.2774290 4.1051372 
Skow_XM_006825589.1                                     2.0925476 1.0409048 0.0000000 1.2436507 1.3814021 1.5413508 1.6253061 1.5315964 1.5442840 1.5958515 1.4703880 1.4695751 1.5765309 1.6303230 1.7356816 1.6960741 1.7797509 1.5019076 1.5243883 1.6033506 1.8116065 1.8460083 1.8066422 1.8625569 1.9329665 2.0834881 1.9037503 1.9209114 1.5970690 2.2407255 2.2389925 1.6590527 1.7577908 3.0010757 2.6921555 2.1032327 2.5895984 2.3820028 2.3151878 2.2185675 2.3878428 2.2285889 2.1120818 2.2241512 1.9224072 2.1705216 1.9761498 2.1825366 2.1976915 2.1591195 2.4668998 2.2680664 2.4756074 2.4670196 2.3338634 2.5955487 2.3238457 1.8581416 3.1649835 2.3529341 2.4401798 2.6558239 2.7821275 3.2865038 3.1421161 2.5983218 3.3964273 3.5768538 3.1461055 3.2061183 2.8443661 3.1886345 3.0641137 2.6805988 3.7168350 3.9254333 
Spur_XM_003724437.3                                     2.2214583 1.5677105 1.2436507 0.0000000 1.7790921 1.8687113 2.0590218 2.0866365 1.8777162 1.8740357 1.6700237 1.7342605 1.9615946 2.0130159 1.9410792 1.9043034 1.9414548 1.8145982 1.7599373 1.9907669 2.3824530 2.2279893 2.2625060 2.3448915 2.2755287 2.6034242 2.2962489 2.1102394 1.8967195 2.6024994 2.5832770 2.1598568 2.0641062 2.7711434 2.6259612 2.3435631 2.6297998 2.4349243 2.5314105 2.4138332 2.5985219 2.4140693 2.6498646 2.2669340 1.9962856 2.2551365 2.3218515 2.3141037 2.3073621 2.1876405 2.4417769 2.2248935 2.3137034 2.3522677 2.2573868 2.5273909 2.6219345 2.2390914 2.9006212 2.6072223 2.5358126 2.8249109 3.0251601 3.2283017 3.6851365 3.4024676 3.4975823 3.4291898 3.1922653 3.8824298 3.6025357 3.6282093 3.2339209 3.3197635 3.7861139 4.4736157 
Exapal_XM_021057953.2                                   2.1533767 1.6168437 1.3814021 1.7790921 0.0000000 0.8062615 0.9762962 0.9690677 1.0356939 1.1273082 1.1393156 1.0994981 1.2245635 1.2762376 1.4370768 1.4332581 1.4689574 1.3342427 1.2920327 1.3181810 1.9279348 1.8059366 1.7290104 1.7782023 1.7481141 1.6407606 1.6598370 1.6878985 1.5198002 2.3469660 2.3477075 2.1682763 2.1239778 2.5099002 2.2323513 1.7822066 2.2214264 1.9901409 2.3528242 2.2033308 2.1575706 2.2607087 2.0354222 2.1018845 2.3767191 1.9895037 1.9544039 2.0176066 2.0255615 1.9693591 2.2443293 2.0010628 2.0144455 2.0400600 2.0609322 2.0548538 2.2882300 1.7418389 2.4642549 2.5911026 2.1134057 2.1953394 2.8886999 3.0412482 2.7260299 2.6803869 3.2531335 3.4364010 2.9849277 3.2932310 2.7517423 2.9587885 2.8773984 2.3330138 3.3828327 3.8037022 
Nvec_v1g238521                                          2.2686401 1.5070317 1.5413508 1.8687113 0.8062615 0.0000000 0.7588887 0.7746155 0.8786503 0.9545403 0.9532122 0.8678549 1.1707950 1.3445004 1.4625896 1.5374651 1.4723884 1.3954616 1.2596229 1.3119986 1.8531643 1.9234160 1.8801906 1.8992749 1.8711129 1.5046588 1.7673777 1.8511218 1.5221032 2.4429378 2.4369628 2.0339800 2.0329251 2.4265598 2.0839013 1.5054747 2.3754751 2.3021100 2.2864153 2.4356286 2.2037056 2.2119486 1.9714883 2.1257565 2.3225184 2.2333784 2.2272799 2.1845844 2.3534991 1.8368597 2.7557916 2.3037517 2.4653723 2.4989268 2.4408850 2.1965857 2.0898238 2.0545827 2.5199430 2.6961270 2.0272447 2.1782610 2.6204351 3.5005323 3.0112368 2.9456090 3.1145044 3.3455184 3.3342497 3.9685566 2.9667812 3.1523657 2.4603449 2.5097793 3.7292829 3.7674739 
Adig_XM_015892081.1                                     2.4636329 1.4218555 1.6253061 2.0590218 0.9762962 0.7588887 0.0000000 0.0379760 0.4375151 0.4675333 0.4689773 0.4976483 0.4364859 1.3708623 1.6718093 1.6862122 1.7007429 1.5307208 1.2379497 1.2195907 1.8785297 1.8037222 1.7841601 1.7384379 1.7311734 1.6033257 1.5520394 1.5834605 1.3607662 2.7749645 2.7671374 2.5113908 2.2075221 2.5519441 2.0406329 1.8478246 2.5906174 2.3042263 2.3689449 2.7582405 2.3358459 2.4239187 2.3109506 2.0171702 2.9162050 2.4694070 2.1481745 2.4747166 2.4668981 1.7021956 2.2122985 2.2042781 2.5336593 2.5336593 2.4127193 2.2371794 2.1045441 2.0057421 2.2287606 3.0823257 2.4835064 2.3364462 2.8907820 3.9335041 3.0970362 3.0596566 3.5653194 3.5654907 3.4079114 3.5431015 3.1041805 4.1438526 3.1129368 1.9541872 4.4123404 4.1505611 
Amil_Amillepora05407-RA                                 2.4309185 1.4757350 1.5315964 2.0866365 0.9690677 0.7746155 0.0379760 0.0000000 0.5081704 0.5214640 0.5764211 0.5999493 0.5048777 1.3669594 1.7647211 1.7296669 1.7588456 1.4851039 1.3715099 1.3039175 2.2964534 1.8156180 1.8200819 1.7723244 1.7964685 1.5210336 1.6137862 1.5900480 1.2710941 2.7069052 2.7007702 2.3812553 2.3534045 2.6146208 2.1578054 1.9149743 2.5581961 2.3778455 2.4247590 3.0165059 2.3901160 2.5786433 2.3655690 2.0816135 2.8468227 2.4191528 2.2325127 2.3000585 2.2895127 1.8300386 2.2435519 2.2416247 2.4476789 2.5221304 2.4748907 2.2304732 2.2105402 2.0721617 2.3861903 2.9756836 2.4485206 2.3732511 3.1114690 4.0032805 3.1370622 3.0603088 3.8121484 3.9110788 3.7337143 3.6122852 3.3771050 3.5834670 3.3646849 2.0013817 4.4936867 4.0727425 
Fspp_ffun1.m4.14391.m1                                  2.0728541 1.4818080 1.5442840 1.8777162 1.0356939 0.8786503 0.4375151 0.5081704 0.0000000 0.2910561 0.3173750 0.3213891 0.5089406 1.3632217 1.5420201 1.5616984 1.6289711 1.2815285 1.2502445 1.3509418 1.7524045 1.6842772 1.6654827 1.6024495 1.5273341 1.4115995 1.5155384 1.5246740 1.3008301 2.2979678 2.2894247 1.9211926 2.1161711 2.4451913 2.2350516 1.7729698 2.4224891 2.1775278 2.3965226 1.8682722 1.8500286 2.2337795 2.0723663 2.1083337 2.1828179 2.3399216 2.1934100 2.1717563 2.2358114 1.9567076 1.7306921 1.6605050 1.8443782 1.8828110 1.8596707 1.6769904 2.1194030 1.8668530 2.5098090 2.7534268 2.0653671 2.1631181 2.5356902 3.1002852 2.7693362 2.7355227 3.1659386 3.1079262 3.1981593 3.5119389 2.8123006 3.0167869 2.3698464 2.2324954 3.6919101 3.5469426 
Gasp_gasp1.m3.30117.m1                                  2.1348681 1.5632215 1.5958515 1.8740357 1.1273082 0.9545403 0.4675333 0.5214640 0.2910561 0.0000000 0.3007477 0.3119862 0.5732286 1.4614411 1.7271812 1.6758986 1.6054067 1.5022179 1.3488173 1.3667006 1.9520547 1.7491201 1.7370393 1.7436333 1.7215252 1.3577873 1.6550097 1.7661303 1.3153802 2.6979302 2.6527979 2.1529522 2.4766658 2.3592405 2.1194613 1.8430507 2.7424095 2.4884782 2.6825632 2.3123339 2.2589068 2.4373862 2.1894422 2.2449601 2.9183104 2.5130640 2.3824286 2.2908923 2.4187541 2.2533835 1.9761230 2.0014447 2.0904016 2.1455333 2.0280559 2.1545529 2.2544094 1.8000871 2.6298755 2.6555329 2.2276792 2.3116484 3.0857589 3.4904695 3.0765333 2.8764555 4.0296948 4.0331511 3.3524938 4.1540623 3.0688671 3.6919588 2.6610132 2.0116127 4.5836300 3.8786841 
Spis_XP_022778985_1                                     2.0102866 1.4398637 1.4703880 1.6700237 1.1393156 0.9532122 0.4689773 0.5764211 0.3173750 0.3007477 0.0000000 0.1131331 0.4734355 1.3045459 1.4401224 1.4626716 1.4668131 1.3524785 1.3076190 1.2854792 1.8397265 1.6706854 1.6223407 1.5835971 1.5357678 1.4434225 1.4158153 1.4658465 1.1785294 2.2891033 2.2770686 2.0398248 2.1275377 2.3735586 2.1396848 1.6890564 2.3752085 2.1858715 2.3863548 1.9972780 2.0112011 2.1878418 2.0952062 2.1466852 2.2706169 2.3636378 2.2392281 2.3776381 2.3959344 1.9204195 1.7878050 1.6546931 1.8445629 1.8568113 1.7874976 1.6175323 2.0277889 1.7689744 2.3421552 2.7391714 1.9709764 2.0191606 2.6071743 3.0628458 2.9288199 2.7003579 3.3003330 3.1191222 3.0431351 3.6400171 2.8023379 2.9685379 2.3922225 2.0368443 3.9099382 3.4963908 
Pocdam_XM_027190101.1                                   2.0091994 1.4360920 1.4695751 1.7342605 1.0994981 0.8678549 0.4976483 0.5999493 0.3213891 0.3119862 0.1131331 0.0000000 0.4830394 1.2725620 1.4637365 1.4808277 1.4946501 1.3620410 1.2918492 1.2583896 1.8190830 1.6478854 1.6244789 1.5324329 1.5408602 1.3454101 1.4747533 1.5423906 1.3271451 2.2328662 2.2211968 2.0368076 2.2171904 2.3463002 2.0701486 1.7145205 2.4206875 2.1196514 2.3719403 1.9972271 1.9949289 2.1741841 2.0177814 2.0820688 2.2244357 2.3972523 2.2365339 2.2831251 2.3537032 1.8917176 1.8523552 1.6702769 1.8609572 1.8972698 1.7738317 1.6701638 1.9531995 1.7173291 2.3224737 2.7056037 1.9286423 2.0119103 2.6690220 2.9865321 2.8938208 2.7279844 3.2938837 3.1369384 3.0147042 3.5281623 2.6923939 2.8190610 2.3981476 2.1177411 3.9079402 3.5011454 
Gfas_gfas1.m1.4738.m1                                   2.3482544 2.1476915 1.5765309 1.9615946 1.2245635 1.1707950 0.4364859 0.5048777 0.5089406 0.5732286 0.4734355 0.4830394 0.0000000 1.3603447 1.3903703 1.4791557 1.5563219 1.5146080 1.5556892 1.5398836 1.7774028 1.9706784 1.9909625 1.8912588 1.9384076 1.9865719 1.8487376 1.9260492 1.5462869 2.2955285 2.2955285 2.4879343 2.5947107 2.6978688 2.2182825 1.9337664 2.7802018 2.3090518 2.5396871 2.0430360 2.1857871 2.3748685 2.0610557 2.3311457 2.4603088 2.2394687 2.2022349 2.3295116 2.3776997 1.8501017 2.3932897 2.0085967 2.0807063 2.0750403 2.0739315 1.8389385 2.3064537 2.1884457 2.3674346 3.4158912 2.4334730 2.1927156 2.5083178 3.4368820 2.6545895 2.6300802 3.1314893 2.6177502 2.9218660 2.9866243 2.7393225 3.2796264 2.3758867 2.6894032 3.4807197 4.0065146 
Aaur_scaffold597.g1.t1                                  2.1438247 1.4300178 1.6303230 2.0130159 1.2762376 1.3445004 1.3708623 1.3669594 1.3632217 1.4614411 1.3045459 1.2725620 1.3603447 0.0000000 0.5174533 0.4208623 0.5950763 1.0287091 1.2652763 1.2352682 1.7296677 1.8743441 1.8438324 1.9545068 1.9114685 1.8977106 1.8151367 1.8896595 1.7767952 2.3307465 2.3359366 2.1435120 2.0452855 2.4076358 2.1630569 1.9377675 2.7791826 2.3071760 2.3264996 2.2416727 2.2993749 2.0894890 2.3352426 1.7455337 2.4503655 2.0699031 2.1693836 2.1930259 2.3510800 1.6967652 2.4874758 2.1514521 2.0404926 1.9969723 2.0103426 1.9350663 2.1203454 1.9919232 2.4660604 2.6820444 2.4624024 2.0093723 2.6124760 3.3382420 3.0587987 3.0028443 3.1697967 3.5053913 2.8664379 3.4692791 2.9373539 2.8785941 3.1242553 2.0429034 2.9825987 3.5699457 
Nemnom_g4939.t1                                         2.2230999 1.7917077 1.7356816 1.9410792 1.4370768 1.4625896 1.6718093 1.7647211 1.5420201 1.7271812 1.4401224 1.4637365 1.3903703 0.5174533 0.0000000 0.3069056 0.7952621 1.1987700 1.2546496 1.3115853 1.6398098 1.7528910 1.7950430 1.8822904 2.0396494 1.9652776 1.7460805 1.7330026 1.7390255 2.4625145 2.4389614 2.1760865 1.9685384 2.4416115 2.2564149 2.0173529 2.5675355 2.2544184 2.5382348 2.2595797 2.4167235 2.1336696 2.2057933 1.8514914 2.2857944 2.0417662 1.9184280 2.1373728 2.3407642 1.7354022 2.5429098 2.2546019 2.1115189 2.0908999 2.1232266 2.2196863 2.1206464 1.9371355 2.5740171 2.6855537 2.4861916 2.1668486 2.7465216 3.1107807 3.0562201 3.0155723 3.1436453 3.5855109 2.6258042 3.4304063 2.7434536 2.6860671 2.8846349 2.2341763 3.1036401 3.4485442 
Rhoesc_Res_003483-T1                                    2.2678868 1.6812663 1.6960741 1.9043034 1.4332581 1.5374651 1.6862122 1.7296669 1.5616984 1.6758986 1.4626716 1.4808277 1.4791557 0.4208623 0.3069056 0.0000000 0.7176321 1.1413907 1.2882338 1.3148811 1.5923465 1.8013791 1.8064218 1.9391353 2.0035361 1.9198726 1.6250704 1.7243453 1.6235401 2.3966738 2.3889305 2.1937105 2.0579710 2.3365013 2.1340212 1.8765460 2.6105668 2.3460286 2.3957610 2.2949855 2.3374108 2.2629643 2.3540433 1.9918684 2.4238410 1.8934471 1.9179463 2.0249603 2.1323535 1.7914341 2.6173077 2.3081903 2.0998002 2.0764605 2.0715780 2.2232383 2.0475080 1.7519385 2.5862956 2.5476439 2.4603524 2.2513051 2.5286599 3.3490238 2.9077079 2.8551406 2.9250467 3.2355103 2.7803307 3.2650820 2.5862414 2.6696343 2.9535492 2.1901250 3.0303496 3.5634690 
Sanmal_Sma_008604-T1                                    2.3877326 1.5064338 1.7797509 1.9414548 1.4689574 1.4723884 1.7007429 1.7588456 1.6289711 1.6054067 1.4668131 1.4946501 1.5563219 0.5950763 0.7952621 0.7176321 0.0000000 1.2273746 1.4346237 1.6024047 1.6260902 2.0376764 1.9705477 2.0133127 2.0845161 2.2422346 2.0267713 2.0470819 1.9918357 2.5897941 2.5953084 2.4325280 2.1742472 2.5791257 2.4094664 2.1745024 2.7497814 2.3719192 2.6956344 2.2731393 2.3946901 2.5381170 2.6266031 1.9845402 2.8065341 1.9461289 2.1739967 2.1456336 2.3356049 1.9865754 2.7386653 2.3808706 2.4460397 2.4452063 2.3385253 2.2392131 2.3684930 2.0296560 2.7548285 2.8052382 2.4522266 2.3430565 2.5461611 3.1762362 3.2909019 2.9480307 3.0551718 3.2825595 2.8242886 3.4965576 2.8812155 2.9475267 3.0343324 2.0960186 3.4098925 3.7066743 
Morvir_scaffold15.g33.t1                                1.9588202 1.5901880 1.5019076 1.8145982 1.3342427 1.3954616 1.5307208 1.4851039 1.2815285 1.5022179 1.3524785 1.3620410 1.5146080 1.0287091 1.1987700 1.1413907 1.2273746 0.0000000 1.2911455 1.3915407 1.6433048 1.8229303 1.8423722 1.8906817 1.8482194 2.0163214 1.7088171 1.7744192 1.5277950 2.2754362 2.2717349 2.1575422 2.0573073 2.3379785 2.2227854 1.9094345 2.6567128 2.4246756 2.4786857 2.4168275 2.2293121 2.3081728 2.3171815 2.2079444 2.0468606 2.0847970 2.2007014 2.1000758 2.3383525 2.1082407 2.4135212 2.1313114 2.2507341 2.2574364 2.0765020 2.1392289 2.1312803 1.9506817 2.7634458 2.5483156 2.6860396 2.1985545 2.5083548 3.2106453 3.0884983 2.9102742 3.3891189 3.8516534 3.4626029 3.5709328 3.2486796 2.9335130 2.9859029 2.2231257 3.4109225 3.3591449 
Dgig_XM_028535416.1                                     2.1234973 1.5679064 1.5243883 1.7599373 1.2920327 1.2596229 1.2379497 1.3715099 1.2502445 1.3488173 1.3076190 1.2918492 1.5556892 1.2652763 1.2546496 1.2882338 1.4346237 1.2911455 0.0000000 0.5371995 1.9485747 1.7935373 1.7355306 1.7680132 1.9095439 1.8141370 1.6221228 1.7102975 1.4255499 2.2633670 2.2283293 2.1935878 1.8166963 2.3276095 2.1782507 1.8397504 2.3744625 2.3575553 2.4085205 2.4814348 2.4847126 2.0356402 1.9479560 1.9377518 2.3531675 2.1239982 2.1085466 2.1195990 2.3890533 1.9634991 2.5133205 2.2647707 2.2881240 2.3154718 2.2381301 2.2827772 1.9475235 1.6139824 2.4226893 2.5873399 2.0822627 2.0166573 2.4813992 3.0468120 3.1390383 2.5333816 2.9865797 3.3102776 2.8866157 3.3609132 2.6018076 3.1427050 2.7987628 2.5287855 3.4623915 3.4187014 
Xesp_013842-T1                                          2.3465084 1.6007855 1.6033506 1.9907669 1.3181810 1.3119986 1.2195907 1.3039175 1.3509418 1.3667006 1.2854792 1.2583896 1.5398836 1.2352682 1.3115853 1.3148811 1.6024047 1.3915407 0.5371995 0.0000000 2.1649984 1.6544368 1.5723714 1.6658427 1.8049107 1.5066546 1.5917305 1.6464887 1.2701706 2.1768263 2.1479151 2.2151039 2.1326373 2.4179504 2.2341182 1.8037845 2.4800582 2.5870649 2.4505956 3.1554158 3.2438974 2.3770964 2.0205363 2.1635624 2.3431012 2.2856695 2.1230354 2.2205069 2.5454624 2.3088342 2.5702809 2.4720991 2.5476842 2.5622568 2.3970748 2.4919058 1.9516159 1.6813514 2.6445943 2.4556857 2.4480704 2.4108334 3.1067254 3.3921962 3.2474955 3.0327138 3.5462443 3.5815013 3.0473836 3.8796386 2.9003843 3.3056688 3.3472374 2.1262702 4.3260269 3.3814124 
Chem_TCONS_00017493                                     2.3408853 2.3402484 1.8116065 2.3824530 1.9279348 1.8531643 1.8785297 2.2964534 1.7524045 1.9520547 1.8397265 1.8190830 1.7774028 1.7296677 1.6398098 1.5923465 1.6260902 1.6433048 1.9485747 2.1649984 0.0000000 2.1869296 2.2154108 2.1962572 2.2642688 2.5633982 2.2019148 2.0731718 2.3716638 2.4257227 2.4019996 2.2026751 2.3016876 3.0222827 2.8161436 2.4955699 2.6959967 2.7542826 2.6912651 2.0238231 2.2955943 2.6554203 2.5366872 2.5503389 2.2634812 2.2691493 2.1085643 2.5883178 2.6367324 2.0275124 3.1133459 2.5041398 2.8440717 2.8260199 2.5145075 2.6531305 2.4996686 2.1830517 3.0210840 2.5516247 2.4221834 2.5087392 2.9245022 3.3869853 3.3223969 2.8524887 3.0504144 2.9403851 3.5676759 3.4519175 3.2595767 3.4086082 2.6041955 1.6884323 3.8218822 4.3068875 
Mlei_ML0569.g35.i1                                      2.6602586 1.9434930 1.8460083 2.2279893 1.8059366 1.9234160 1.8037222 1.8156180 1.6842772 1.7491201 1.6706854 1.6478854 1.9706784 1.8743441 1.7528910 1.8013791 2.0376764 1.8229303 1.7935373 1.6544368 2.1869296 0.0000000 0.0528539 0.2153050 0.3959283 0.2920958 0.4912240 0.4704333 0.6138737 0.8920100 0.8723830 2.7085785 2.2478119 2.4795611 2.2370895 1.9426613 2.1873630 2.4763639 2.5047903 1.9176910 2.0864313 2.3566565 2.0733146 2.0031363 2.5713670 2.1673810 2.0678019 1.9115029 2.2748017 2.2348300 2.7205772 2.4169216 2.5134817 2.5387410 2.3831335 2.2439670 2.0995803 2.1045584 2.7483289 3.1716491 2.4500644 2.5319957 3.0763445 3.4284800 3.2239091 3.3560100 4.1090152 4.1148469 3.7959329 3.5493296 2.9838017 3.1911288 2.5648958 2.5957064 3.2604491 4.4501211 
Bolinf_Binf_sb1210504                                   2.6311048 1.9305649 1.8066422 2.2625060 1.7290104 1.8801906 1.7841601 1.8200819 1.6654827 1.7370393 1.6223407 1.6244789 1.9909625 1.8438324 1.7950430 1.8064218 1.9705477 1.8423722 1.7355306 1.5723714 2.2154108 0.0528539 0.0000000 0.2357071 0.3786626 0.2784862 0.5054491 0.4884533 0.6296320 0.8446243 0.8391498 2.5643015 2.2036760 2.5103566 2.2582938 1.9984229 2.0978470 2.3772513 2.3777985 1.9204845 2.0132838 2.3186097 1.9706700 2.1072179 2.6999566 2.0237353 2.0798739 1.9653278 2.3027163 2.2220974 2.7892265 2.4551393 2.6096210 2.6369059 2.3730804 2.2137848 1.9625413 1.9599735 2.6164209 3.0693342 2.3717087 2.4533142 2.9372718 3.4179704 3.2349657 3.4423326 3.8448726 3.9254944 3.8349732 3.6819853 2.9900575 3.2315158 2.4576911 2.5305560 3.4459144 4.2303287 
Beraby_Baby_sb325867                                    2.5371369 1.9946256 1.8625569 2.3448915 1.7782023 1.8992749 1.7384379 1.7723244 1.6024495 1.7436333 1.5835971 1.5324329 1.8912588 1.9545068 1.8822904 1.9391353 2.0133127 1.8906817 1.7680132 1.6658427 2.1962572 0.2153050 0.2357071 0.0000000 0.4245306 0.3407108 0.5405352 0.5102682 0.7100800 0.8654700 0.8600826 2.6461802 2.3646684 2.5286337 2.2918191 2.0146770 2.1098443 2.3635936 2.3238196 1.9730555 2.1253293 2.3656548 2.0006569 2.1224634 2.6827599 2.2285259 2.2068624 2.0507055 2.4382078 2.2335274 2.7058622 2.4239035 2.5475627 2.5737163 2.3757021 2.1506677 2.0119687 2.0867123 2.6619658 2.9978958 2.4092535 2.2978512 2.9740740 3.3788148 3.0814273 3.4185664 3.9868901 3.8881050 3.8857247 3.7389754 3.0307774 3.1644335 2.6674123 2.5565437 3.4346458 3.7786784 
Lampan_Lpan_C412677_01                                  2.4961798 1.8705032 1.9329665 2.2755287 1.7481141 1.8711129 1.7311734 1.7964685 1.5273341 1.7215252 1.5357678 1.5408602 1.9384076 1.9114685 2.0396494 2.0035361 2.0845161 1.8482194 1.9095439 1.8049107 2.2642688 0.3959283 0.3786626 0.4245306 0.0000000 0.5402746 0.5292087 0.4631828 0.5704968 0.9703972 0.9499326 2.6222283 2.3183368 2.5298228 2.2271681 2.1125066 2.2357621 2.4321752 2.2538822 1.9223417 2.0112389 2.3879435 2.0609999 1.9559596 2.4758796 2.2312088 2.2029382 2.0286295 2.2824752 2.3908489 2.7050422 2.3653462 2.3850934 2.3940178 2.2479900 2.1038944 1.9502171 2.0410911 2.6320026 3.2476085 2.3648158 2.2502731 2.9319705 3.2919901 3.1514973 3.2479660 3.7733215 3.6524783 4.1749126 3.8447084 3.0834869 3.0669676 2.7808213 2.6869093 3.4173186 4.0253389 
Drygla_Dgla_sb280021                                    2.8710728 1.8916937 2.0834881 2.6034242 1.6407606 1.5046588 1.6033257 1.5210336 1.4115995 1.3577873 1.4434225 1.3454101 1.9865719 1.8977106 1.9652776 1.9198726 2.2422346 2.0163214 1.8141370 1.5066546 2.5633982 0.2920958 0.2784862 0.3407108 0.5402746 0.0000000 0.4790253 0.4779905 0.5734507 1.0278071 0.9826278 2.8382318 2.6809649 2.6956293 2.1622499 1.7281712 2.3425387 2.5581308 2.5595030 2.4248168 2.4068053 2.3298878 2.1900543 1.9058525 2.8168475 2.2061760 2.3471348 2.2625649 2.5015547 2.0612183 2.4019710 2.3402644 2.3980816 2.4956458 2.3298648 2.6212974 1.8634025 1.9424645 2.5864001 3.0761055 2.0686801 2.3340976 3.2325002 3.8267574 3.1178178 3.8216209 3.3323591 3.3366846 3.8650677 4.5029226 3.2910085 3.1351890 2.7900563 2.2073168 4.1130498 3.4760447 
Vmul_sbMO449482                                         2.5247136 1.9000014 1.9037503 2.2962489 1.6598370 1.7673777 1.5520394 1.6137862 1.5155384 1.6550097 1.4158153 1.4747533 1.8487376 1.8151367 1.7460805 1.6250704 2.0267713 1.7088171 1.6221228 1.5917305 2.2019148 0.4912240 0.5054491 0.5405352 0.5292087 0.4790253 0.0000000 0.1937991 0.1808530 1.0853868 1.0791077 2.6443680 2.2752880 2.1352351 1.9125729 1.7753113 2.0442280 2.3126381 2.1758305 1.9342084 2.0819423 2.2667853 1.8904229 1.9160301 2.3439487 2.2111851 2.2637164 2.1580810 2.1415579 1.9701508 2.5310594 2.2866701 2.3798109 2.4244063 2.3933801 2.2196923 2.2243751 1.9513108 2.4824803 2.9264552 2.1841204 2.2472973 2.9187427 3.3893941 3.0069532 3.3950073 3.6516053 3.7196404 3.8563490 3.4049837 3.0922179 3.0280844 2.6903042 2.1637615 3.3695881 4.1211374 
Coemet_Cmet_scaffold21072_01                            2.5426636 1.8875526 1.9209114 2.1102394 1.6878985 1.8511218 1.5834605 1.5900480 1.5246740 1.7661303 1.4658465 1.5423906 1.9260492 1.8896595 1.7330026 1.7243453 2.0470819 1.7744192 1.7102975 1.6464887 2.0731718 0.4704333 0.4884533 0.5102682 0.4631828 0.4779905 0.1937991 0.0000000 0.0072927 1.0029212 0.9822824 2.6973194 2.1720631 2.2029849 1.9072718 1.8540565 2.0470987 2.2514417 2.2985146 1.8152081 1.9406007 2.1825831 1.8828612 1.8175733 2.3114613 2.1483508 2.2260173 2.1257763 2.1879439 2.0193272 2.4142654 2.2014069 2.3343973 2.3534807 2.2038002 2.1361817 2.0996837 1.8869420 2.4326012 3.1768949 2.2266613 2.2044335 2.7950295 3.5190548 3.1655453 3.3245512 3.8305167 3.8934139 3.7061470 3.4530263 3.3195403 3.1127859 2.5423827 2.2258961 2.9486744 4.0380826 
Coeast_Cast_sb753961                                    2.2521182 1.4081659 1.5970690 1.8967195 1.5198002 1.5221032 1.3607662 1.2710941 1.3008301 1.3153802 1.1785294 1.3271451 1.5462869 1.7767952 1.7390255 1.6235401 1.9918357 1.5277950 1.4255499 1.2701706 2.3716638 0.6138737 0.6296320 0.7100800 0.5704968 0.5734507 0.1808530 0.0072927 0.0000000 1.4305617 1.3699249 2.7323276 2.3368033 2.2795068 1.7542486 1.4642939 2.1725526 2.4407795 2.2705793 1.9079959 1.5269069 2.0847671 2.0189902 1.6818389 2.3502004 2.1670930 2.2866937 2.4799067 2.0779751 2.0309495 2.2628316 2.2706551 2.3476935 2.4021010 2.2568828 2.2855586 1.9957715 1.8315842 2.1495629 2.5763186 1.8598075 2.1557329 3.0911681 4.1357647 3.3316446 3.5532665 3.5775191 3.7091263 3.9643478 4.3908405 3.9845297 3.2977559 3.3915735 1.7790237 4.2392892 4.1000700 
Pbac_sb2651308                                          3.0196137 2.2409465 2.2407255 2.6024994 2.3469660 2.4429378 2.7749645 2.7069052 2.2979678 2.6979302 2.2891033 2.2328662 2.2955285 2.3307465 2.4625145 2.3966738 2.5897941 2.2754362 2.2633670 2.1768263 2.4257227 0.8920100 0.8446243 0.8654700 0.9703972 1.0278071 1.0853868 1.0029212 1.4305617 0.0000000 0.0133622 2.8677196 3.1299429 3.1158814 2.9984955 2.5465951 2.7925252 2.9476827 2.8283387 2.3963389 2.8669835 2.8215994 2.6815459 2.3881614 3.0346037 2.6143411 2.5647776 2.4073417 2.7074415 2.2929989 3.3337454 2.8605698 2.9176989 2.9251244 2.6264344 2.5110642 2.7603872 2.4840247 2.9423846 3.8074936 2.6695263 2.7478055 2.8154784 3.9255422 3.3141166 3.5648937 4.2668889 4.5359401 3.8061870 4.0198237 2.9683131 3.0923483 3.2391035 3.1729263 3.5483902 4.4795588 
Horcal_Hcv1.av93.c6.g798.i1                             3.0118690 2.2330175 2.2389925 2.5832770 2.3477075 2.4369628 2.7671374 2.7007702 2.2894247 2.6527979 2.2770686 2.2211968 2.2955285 2.3359366 2.4389614 2.3889305 2.5953084 2.2717349 2.2283293 2.1479151 2.4019996 0.8723830 0.8391498 0.8600826 0.9499326 0.9826278 1.0791077 0.9822824 1.3699249 0.0133622 0.0000000 2.8699288 3.1679870 3.0956671 2.9806451 2.5230417 2.8136443 2.9830859 2.8568093 2.3963389 2.8669835 2.8070241 2.6741399 2.3181895 3.0018195 2.5718268 2.5708954 2.3973387 2.6662621 2.2929989 3.3713779 2.8836504 2.8891130 2.8964357 2.6192812 2.4767150 2.7555579 2.4887050 2.9401697 3.8034797 2.6521462 2.7228483 2.8345651 3.9334860 3.3298754 3.5764972 4.3170016 4.6013206 3.8071699 3.9995234 2.9694363 3.0929626 3.2723177 3.1354375 3.5355367 4.5300098 
Acagra_model.g126.t1                                    2.1411336 1.7693584 1.6590527 2.1598568 2.1682763 2.0339800 2.5113908 2.3812553 1.9211926 2.1529522 2.0398248 2.0368076 2.4879343 2.1435120 2.1760865 2.1937105 2.4325280 2.1575422 2.1935878 2.2151039 2.2026751 2.7085785 2.5643015 2.6461802 2.6222283 2.8382318 2.6443680 2.6973194 2.7323276 2.8677196 2.8699288 0.0000000 1.5890815 2.9346870 2.6605432 2.4755194 2.7946765 2.5803539 2.5866901 2.4115423 2.7439753 2.9315001 2.9655471 2.6539036 1.8303457 2.6044208 2.5164698 2.5395035 2.6980191 2.4684179 3.0428718 2.6663032 2.6535275 2.6633315 2.6611828 2.7665330 2.5502099 2.2006373 2.7361009 2.0423841 2.6028725 2.9009448 2.8271664 2.7889308 2.9443488 2.9873715 3.7313431 3.7908038 3.5210635 4.0090950 2.6740152 3.2902299 2.8862037 2.9170957 4.5541813 3.7573346 
Cscu_XM_023382410.1                                     2.1634302 1.5454617 1.7577908 2.0641062 2.1239778 2.0329251 2.2075221 2.3534045 2.1161711 2.4766658 2.1275377 2.2171904 2.5947107 2.0452855 1.9685384 2.0579710 2.1742472 2.0573073 1.8166963 2.1326373 2.3016876 2.2478119 2.2036760 2.3646684 2.3183368 2.6809649 2.2752880 2.1720631 2.3368033 3.1299429 3.1679870 1.5890815 0.0000000 2.8640911 2.7233209 2.4515374 2.4943981 2.4199633 2.5075446 2.4356877 2.4694923 2.3008913 2.3891706 2.5589119 1.9504293 2.4062742 2.5078282 2.5207716 2.6637332 2.5347497 2.6618458 2.3768946 2.6512302 2.6747360 2.3694462 2.7051046 2.5069557 2.3476325 2.8264135 2.5561372 2.6593726 2.5267790 2.5272753 2.9485441 3.2296007 2.6224574 3.6304941 3.6830786 3.3295165 3.6377238 2.8102088 3.4155085 3.1052676 3.0010497 4.3265660 4.2212201 
Ocar_g4746                                              3.3150870 2.6864985 3.0010757 2.7711434 2.5099002 2.4265598 2.5519441 2.6146208 2.4451913 2.3592405 2.3735586 2.3463002 2.6978688 2.4076358 2.4416115 2.3365013 2.5791257 2.3379785 2.3276095 2.4179504 3.0222827 2.4795611 2.5103566 2.5286337 2.5298228 2.6956293 2.1352351 2.2029849 2.2795068 3.1158814 3.0956671 2.9346870 2.8640911 0.0000000 0.1082554 1.6646380 2.8836569 3.0900843 2.8589204 3.0401478 3.1988301 2.9493286 2.6918994 2.4741822 3.4140514 2.9845668 2.9638345 2.8098107 2.8735937 2.1780069 4.0993542 3.2200661 3.2955305 3.3072435 3.2452546 3.3659918 3.2075840 2.8844985 3.1545348 3.3475787 2.9894176 2.7999588 3.1898717 4.0741775 3.2212424 3.5185731 3.8335011 3.8712505 3.4668444 3.6326519 3.4189677 3.5123741 3.6299568 4.0328790 4.0881131 4.3025057 
Opea_EP00118_Oscarella_pearsei_P026970                  3.0647037 2.5064605 2.6921555 2.6259612 2.2323513 2.0839013 2.0406329 2.1578054 2.2350516 2.1194613 2.1396848 2.0701486 2.2182825 2.1630569 2.2564149 2.1340212 2.4094664 2.2227854 2.1782507 2.2341182 2.8161436 2.2370895 2.2582938 2.2918191 2.2271681 2.1622499 1.9125729 1.9072718 1.7542486 2.9984955 2.9806451 2.6605432 2.7233209 0.1082554 0.0000000 1.4000433 2.5990078 2.7521980 2.4616684 2.9393466 3.0390745 2.4899264 2.2721458 2.1656813 3.0802484 2.7376223 2.8522209 2.7384308 2.7000520 2.0019161 3.3614924 2.7920581 2.7528054 2.7626569 2.7597308 2.8623271 2.8337235 2.6232371 2.7362147 3.2560594 2.6850640 2.5856368 2.9002526 3.9273627 3.1028023 3.3718359 3.7604583 3.7598651 3.1894919 3.3446289 3.0422783 3.0540715 3.2853507 3.4700388 3.8592936 4.1298255 
Plajan_Pjan_scaffold13019_01                            2.7228863 2.0136005 2.1032327 2.3435631 1.7822066 1.5054747 1.8478246 1.9149743 1.7729698 1.8430507 1.6890564 1.7145205 1.9337664 1.9377675 2.0173529 1.8765460 2.1745024 1.9094345 1.8397504 1.8037845 2.4955699 1.9426613 1.9984229 2.0146770 2.1125066 1.7281712 1.7753113 1.8540565 1.4642939 2.5465951 2.5230417 2.4755194 2.4515374 1.6646380 1.4000433 0.0000000 2.5061542 2.5684081 2.3360487 2.5513090 2.6138025 2.3692403 2.1611890 2.2612617 2.5390354 2.2595107 2.2469111 2.3370473 2.3995172 1.9186898 2.4446608 2.2803069 2.3632676 2.3858114 2.3874081 2.2324680 2.4220313 2.3773169 2.8114146 2.9567742 2.4208676 2.5092760 2.6979906 3.4310229 3.0693184 3.5346446 3.9757028 3.7222273 3.4091377 3.8102998 3.0803831 2.8167427 2.8441492 2.9160065 3.5027761 4.0556403 
Aque_Aqu2.1.19139_001                                   2.8227140 2.6566686 2.5895984 2.6297998 2.2214264 2.3754751 2.5906174 2.5581961 2.4224891 2.7424095 2.3752085 2.4206875 2.7802018 2.7791826 2.5675355 2.6105668 2.7497814 2.6567128 2.3744625 2.4800582 2.6959967 2.1873630 2.0978470 2.1098443 2.2357621 2.3425387 2.0442280 2.0470987 2.1725526 2.7925252 2.8136443 2.7946765 2.4943981 2.8836569 2.5990078 2.5061542 0.0000000 0.7398465 0.9106110 1.5968557 1.6636176 1.3903851 1.2974114 1.8567387 2.6834828 2.5914589 2.2289671 2.6733996 2.5987770 2.8136993 2.9442201 2.6516113 2.5547924 2.5765026 2.4611394 2.8282929 3.3487985 2.6816486 2.8001875 3.4209879 2.9718256 2.5324242 3.0599114 3.1873259 3.5897746 3.7381853 3.9484229 3.8212304 4.0082662 4.4440844 3.3694362 3.6123516 3.0771606 3.4241904 3.5883141 4.1455969 
Halamb_c36000_g1_i4m.9076                               2.8223629 2.5189746 2.3820028 2.4349243 1.9901409 2.3021100 2.3042263 2.3778455 2.1775278 2.4884782 2.1858715 2.1196514 2.3090518 2.3071760 2.2544184 2.3460286 2.3719192 2.4246756 2.3575553 2.5870649 2.7542826 2.4763639 2.3772513 2.3635936 2.4321752 2.5581308 2.3126381 2.2514417 2.4407795 2.9476827 2.9830859 2.5803539 2.4199633 3.0900843 2.7521980 2.5684081 0.7398465 0.0000000 0.8389694 1.3392594 1.4210574 1.3679570 1.1769200 1.7839076 2.5786593 2.5568699 2.5113263 2.7625824 2.8541948 2.5993864 2.8834287 2.4554687 2.3600616 2.3698196 2.3427545 2.5394752 2.7676412 2.5561430 3.1105750 3.2606888 2.9900177 2.7283176 3.1634088 3.9136639 3.7855972 3.9332992 4.1499195 3.9573201 3.4435427 4.1759451 3.2105648 3.3783701 3.1633605 3.4803875 3.7557197 3.7843374 
Xestes_maker-XT_scaffold6146-augustus-gene-0.10-mRNA-1  3.0012569 2.4564844 2.3151878 2.5314105 2.3528242 2.2864153 2.3689449 2.4247590 2.3965226 2.6825632 2.3863548 2.3719403 2.5396871 2.3264996 2.5382348 2.3957610 2.6956344 2.4786857 2.4085205 2.4505956 2.6912651 2.5047903 2.3777985 2.3238196 2.2538822 2.5595030 2.1758305 2.2985146 2.2705793 2.8283387 2.8568093 2.5866901 2.5075446 2.8589204 2.4616684 2.3360487 0.9106110 0.8389694 0.0000000 1.5688232 1.3131628 1.2237585 1.1020001 1.7951308 2.6641203 3.2911146 3.1166718 2.9369211 2.9968860 2.5222398 3.1173114 2.6433649 2.6295413 2.6277645 2.4827750 2.5297824 2.8584536 2.8153282 2.9128340 3.4016462 2.9698580 2.9406145 3.3257638 4.0026995 3.7940596 4.1148942 3.9198514 3.8973505 3.6333192 3.8220323 3.3853159 3.6437982 3.3960181 3.3778431 3.4408814 3.6219595 
Emue_Em0021g878a.t1                                     2.8284673 2.3289436 2.2185675 2.4138332 2.2033308 2.4356286 2.7582405 3.0165059 1.8682722 2.3123339 1.9972780 1.9972271 2.0430360 2.2416727 2.2595797 2.2949855 2.2731393 2.4168275 2.4814348 3.1554158 2.0238231 1.9176910 1.9204845 1.9730555 1.9223417 2.4248168 1.9342084 1.8152081 1.9079959 2.3963389 2.3963389 2.4115423 2.4356877 3.0401478 2.9393466 2.5513090 1.5968557 1.3392594 1.5688232 0.0000000 0.2674331 1.2003027 1.1638796 1.3743916 2.4062842 2.1642081 2.1841536 2.0541025 2.2707339 2.6566858 2.6924083 2.3103380 2.3968974 2.3860115 2.2999040 1.9979640 2.5814961 2.1955847 2.8442770 3.3825260 2.2879777 2.4935959 2.5015678 2.5171011 2.3812141 2.5715201 3.2109103 2.8780017 3.2525413 3.2731016 2.8621241 2.8629771 2.7493919 3.2944561 2.8107398 3.7406601 
Spolac_c92407_g1_i1_m.7801c92407-g1                     3.1778553 2.5134866 2.3878428 2.5985219 2.1575706 2.2037056 2.3358459 2.3901160 1.8500286 2.2589068 2.0112011 1.9949289 2.1857871 2.2993749 2.4167235 2.3374108 2.3946901 2.2293121 2.4847126 3.2438974 2.2955943 2.0864313 2.0132838 2.1253293 2.0112389 2.4068053 2.0819423 1.9406007 1.5269069 2.8669835 2.8669835 2.7439753 2.4694923 3.1988301 3.0390745 2.6138025 1.6636176 1.4210574 1.3131628 0.2674331 0.0000000 1.1645248 1.0952847 1.5165239 2.7606106 2.4266172 2.5482370 2.2955804 2.4070496 2.7026582 3.2013507 2.4562375 2.7569492 2.7429725 2.5881495 2.0718231 2.5139025 2.1865845 2.8702088 3.8083354 2.0421417 2.7908304 2.8261717 2.7980382 2.8381124 2.9762702 3.8557314 3.1088896 4.3753673 3.3928432 3.1346103 3.7490078 3.0350566 3.2828535 3.3392626 4.0770959 
Tetwil_g11785.t1                                        2.7702683 2.3934282 2.2285889 2.4140693 2.2607087 2.2119486 2.4239187 2.5786433 2.2337795 2.4373862 2.1878418 2.1741841 2.3748685 2.0894890 2.1336696 2.2629643 2.5381170 2.3081728 2.0356402 2.3770964 2.6554203 2.3566565 2.3186097 2.3656548 2.3879435 2.3298878 2.2667853 2.1825831 2.0847671 2.8215994 2.8070241 2.9315001 2.3008913 2.9493286 2.4899264 2.3692403 1.3903851 1.3679570 1.2237585 1.2003027 1.1645248 0.0000000 0.7588259 1.6375959 2.6674713 2.4273535 2.6873137 2.5828346 2.7158432 2.2475885 3.0545443 2.7469396 2.6449097 2.6676088 2.6349067 2.7077232 2.5983658 2.5420651 2.8365175 3.1531689 2.7060363 2.5652189 3.0064310 3.3510665 3.2387804 3.1492010 3.8909345 3.4370476 3.2441697 3.8714112 3.1119989 3.3569353 3.7412783 3.1765483 3.4917673 4.0537025 
Stycar_maker-SC_scaffold86576-augustus-gene-0.10-mRNA-1 2.6392767 2.1868078 2.1120818 2.6498646 2.0354222 1.9714883 2.3109506 2.3655690 2.0723663 2.1894422 2.0952062 2.0177814 2.0610557 2.3352426 2.2057933 2.3540433 2.6266031 2.3171815 1.9479560 2.0205363 2.5366872 2.0733146 1.9706700 2.0006569 2.0609999 2.1900543 1.8904229 1.8828612 2.0189902 2.6815459 2.6741399 2.9655471 2.3891706 2.6918994 2.2721458 2.1611890 1.2974114 1.1769200 1.1020001 1.1638796 1.0952847 0.7588259 0.0000000 1.5270112 2.6389493 2.6668708 2.4935895 2.5326481 2.5557134 2.0519837 2.4371939 2.1577335 2.2155856 2.2248327 2.1481041 2.3292466 2.7198460 2.4894855 2.6436085 3.4897961 2.3966166 2.3335701 3.1174472 3.6647442 3.4555124 3.1119399 3.8035950 3.7865004 3.6339911 3.7950144 2.8802988 3.3395753 3.5493887 3.5009174 3.3822492 4.0107996 
Plespi_Pspi_scaffold15196_01                            2.5609734 2.0464160 2.2241512 2.2669340 2.1018845 2.1257565 2.0171702 2.0816135 2.1083337 2.2449601 2.1466852 2.0820688 2.3311457 1.7455337 1.8514914 1.9918684 1.9845402 2.2079444 1.9377518 2.1635624 2.5503389 2.0031363 2.1072179 2.1224634 1.9559596 1.9058525 1.9160301 1.8175733 1.6818389 2.3881614 2.3181895 2.6539036 2.5589119 2.4741822 2.1656813 2.2612617 1.8567387 1.7839076 1.7951308 1.3743916 1.5165239 1.6375959 1.5270112 0.0000000 2.4990472 2.2292595 2.3674294 2.3261994 2.3725620 2.0107683 2.6835067 2.4246265 2.3485899 2.3225885 2.3555510 2.6792678 2.4024427 2.2957177 2.5719156 3.0526662 2.2926732 2.4073943 2.9976671 3.5967836 3.0596871 3.3772799 3.8715763 4.1120825 3.0744911 3.4634332 3.1252376 3.4887281 3.2542967 3.2923871 2.8129368 4.0390038 
Ctel_gnl_WGS_AMQN_CAPTEDRAFT_mRNA226351                 2.5043186 2.2054680 1.9224072 1.9962856 2.3767191 2.3225184 2.9162050 2.8468227 2.1828179 2.9183104 2.2706169 2.2244357 2.4603088 2.4503655 2.2857944 2.4238410 2.8065341 2.0468606 2.3531675 2.3431012 2.2634812 2.5713670 2.6999566 2.6827599 2.4758796 2.8168475 2.3439487 2.3114613 2.3502004 3.0346037 3.0018195 1.8303457 1.9504293 3.4140514 3.0802484 2.5390354 2.6834828 2.5786593 2.6641203 2.4062842 2.7606106 2.6674713 2.6389493 2.4990472 0.0000000 2.6660624 2.5720897 2.5960819 2.4902248 2.6481381 2.8876022 2.6197485 2.7643566 2.7360088 2.6114769 3.0531043 2.8268284 2.2668780 3.1162449 2.9830929 2.8270906 3.0021935 3.1811944 3.4024957 3.2668435 3.0708285 4.0048196 4.0727766 4.4151730 3.6313455 3.3057096 3.2464619 3.4047510 3.2827056 4.0330980 4.6052112 
Scil_scict023296.2                                      2.9706693 2.4955785 2.1705216 2.2551365 1.9895037 2.2333784 2.4694070 2.4191528 2.3399216 2.5130640 2.3636378 2.3972523 2.2394687 2.0699031 2.0417662 1.8934471 1.9461289 2.0847970 2.1239982 2.2856695 2.2691493 2.1673810 2.0237353 2.2285259 2.2312088 2.2061760 2.2111851 2.1483508 2.1670930 2.6143411 2.5718268 2.6044208 2.4062742 2.9845668 2.7376223 2.2595107 2.5914589 2.5568699 3.2911146 2.1642081 2.4266172 2.4273535 2.6668708 2.2292595 2.6660624 0.0000000 0.2468680 0.4531145 0.4880569 1.4973825 3.1077071 2.8286978 2.5252964 2.5473187 2.4473517 2.5469907 2.6863860 2.1600060 3.2391458 3.3484236 2.8195158 2.4303010 2.6687610 3.5229122 2.8521064 2.7129026 3.5698405 3.3468833 2.9104488 3.4502734 2.8109177 2.9403646 3.0389368 2.9915216 4.0108935 4.2488073 
Leuniv_Lniv_C776582_01                                  3.0676290 2.5553802 1.9761498 2.3218515 1.9544039 2.2272799 2.1481745 2.2325127 2.1934100 2.3824286 2.2392281 2.2365339 2.2022349 2.1693836 1.9184280 1.9179463 2.1739967 2.2007014 2.1085466 2.1230354 2.1085643 2.0678019 2.0798739 2.2068624 2.2029382 2.3471348 2.2637164 2.2260173 2.2866937 2.5647776 2.5708954 2.5164698 2.5078282 2.9638345 2.8522209 2.2469111 2.2289671 2.5113263 3.1166718 2.1841536 2.5482370 2.6873137 2.4935895 2.3674294 2.5720897 0.2468680 0.0000000 0.3316296 0.4089641 1.3762533 3.2647463 2.9019556 2.7372597 2.7279464 2.5444677 2.6656668 2.4540812 1.9271822 3.1742838 3.9511167 2.7299462 2.2809181 2.6579742 3.5931218 3.0659806 2.6795726 3.5057262 3.4851579 3.1306971 3.2062272 2.6547050 3.3572782 2.6431481 3.2437830 4.0747857 4.4789060 
Gracom_Gcom_C535092_01                                  2.9376079 2.3468805 2.1825366 2.3141037 2.0176066 2.1845844 2.4747166 2.3000585 2.1717563 2.2908923 2.3776381 2.2831251 2.3295116 2.1930259 2.1373728 2.0249603 2.1456336 2.1000758 2.1195990 2.2205069 2.5883178 1.9115029 1.9653278 2.0507055 2.0286295 2.2625649 2.1580810 2.1257763 2.4799067 2.4073417 2.3973387 2.5395035 2.5207716 2.8098107 2.7384308 2.3370473 2.6733996 2.7625824 2.9369211 2.0541025 2.2955804 2.5828346 2.5326481 2.3261994 2.5960819 0.4531145 0.3316296 0.0000000 0.4972179 1.4922235 3.1641071 2.8348839 2.6503740 2.7058215 2.6222014 2.6209185 2.6412035 2.3191326 2.9728034 3.7512368 2.7880751 2.5672948 2.9086341 3.7205326 3.0275940 2.8701779 4.1152834 3.8737815 3.2768496 3.8729837 2.8399551 3.0778018 2.8568123 3.2371068 4.0952756 4.0645302 
