79
Hsap_ENST00000264414                                              0.0000000 0.2037461 0.2752653 0.2896131 0.2863693 0.2455444 0.3001004 0.3202162 0.3427370 0.4016965 0.3948155 0.4286692 0.5009308 0.3639758 0.3583880 0.3602498 0.3672369 0.3717790 0.4081854 0.4129896 0.4426037 0.4548994 0.4122243 0.3907051 0.3847020 0.3866099 0.4560149 0.4228558 0.6488882 0.5899273 0.6982141 0.7020644 0.6503847 0.6762166 0.6701056 0.8684466 0.7432050 0.6693348 0.6892203 0.6071010 0.6072410 0.5616040 0.5991800 0.6017180 0.7277438 0.6083152 0.5347602 0.6366072 0.6689256 0.6418436 0.6411036 0.6134414 0.6128616 0.6139385 0.6467238 0.7002148 0.7617796 0.6964907 0.6445664 1.1926631 1.3995801 1.1329433 1.3029028 1.4692020 2.2227085 2.0571421 2.3224909 2.1514597 2.2943683 2.0521858 1.7682976 2.2375063 2.2572878 2.1751924 1.7048828 1.8655167 2.2492809 3.0038856 2.2693298 
Bralan_BLAG14001014_1                                             0.2037461 0.0000000 0.2275628 0.2402943 0.2335287 0.2175910 0.2694007 0.2810499 0.3057844 0.3651489 0.3737417 0.3781673 0.4031283 0.3360059 0.3232215 0.3323268 0.3290644 0.3412888 0.3639496 0.3574636 0.4370445 0.4585083 0.4562593 0.4166999 0.3987479 0.3991830 0.4687127 0.4258575 0.6318967 0.5250272 0.6557308 0.6638826 0.6272467 0.6957825 0.6782350 0.8385934 0.7244447 0.7276841 0.7387565 0.6573907 0.5517038 0.6487335 0.5655152 0.5632226 0.6851093 0.5609689 0.5174391 0.5525087 0.6520223 0.6335624 0.6320630 0.6139527 0.5923439 0.5995742 0.6391950 0.6812422 0.7189037 0.6710761 0.6131558 1.1586838 1.3365376 1.1004825 1.2751350 1.4697989 2.1425521 2.0996143 2.2560168 2.1870717 2.2267088 2.0344361 1.8469079 2.3159215 2.2752588 2.2995145 1.6872645 1.8459104 2.2248514 3.0263947 2.2797392 
Skow_XM_002735841.1                                               0.2752653 0.2275628 0.0000000 0.2449697 0.2611667 0.2082950 0.2372364 0.2963069 0.3206679 0.3680683 0.3437522 0.3905583 0.4030745 0.3319755 0.3219083 0.3377355 0.3307481 0.3382160 0.3747696 0.3698918 0.4908635 0.4881746 0.4109789 0.4178054 0.4112749 0.4210328 0.4721635 0.4286356 0.6422644 0.6151036 0.6873030 0.7036487 0.6535680 0.7066269 0.6627676 0.8435623 0.7417487 0.7398865 0.7584828 0.6693603 0.5816480 0.5949289 0.6226464 0.6225093 0.5960631 0.5515737 0.5830882 0.5352863 0.6243199 0.6307814 0.6388415 0.6195651 0.6041171 0.6138492 0.6141544 0.7018167 0.7958084 0.7013069 0.6860727 1.0702082 1.5338735 1.0531846 1.2978786 1.4374908 2.1291183 1.9600674 2.2648854 2.0764476 2.3086205 2.0159306 1.8543217 2.2109178 2.1489676 2.1305872 1.6212388 1.9561101 2.2516499 3.0039373 2.3676228 
Ctel_gnl_WGS_AMQN_CAPTEDRAFT_mRNA217617                           0.2896131 0.2402943 0.2449697 0.0000000 0.2216269 0.1830714 0.2760831 0.2937150 0.3123819 0.4073711 0.3651948 0.4401022 0.5030441 0.3619400 0.3431189 0.3479585 0.3535657 0.3590656 0.3944381 0.3747752 0.4803440 0.4724545 0.4366846 0.4565369 0.4342855 0.4063988 0.5055013 0.4950680 0.6817146 0.6084195 0.6697414 0.6945851 0.6877699 0.7279836 0.6809215 0.8364103 0.7609685 0.7288053 0.7345392 0.6619170 0.6246937 0.5950980 0.6186360 0.6250620 0.5990277 0.5641426 0.5517487 0.5269317 0.6291138 0.6586019 0.6677334 0.6756246 0.6443727 0.6295372 0.6770008 0.7377010 0.7426238 0.6964223 0.6571180 1.2404347 1.3501358 1.1289555 1.2896213 1.6060788 2.2602625 2.1275492 2.3469464 2.1918109 2.4578106 2.2070821 1.8772643 2.3250595 2.3683789 2.2596181 1.7632181 1.7645775 2.2357491 3.1818734 2.2384065 
Cgig_XM_011448926.3                                               0.2863693 0.2335287 0.2611667 0.2216269 0.0000000 0.1648206 0.2845329 0.2975453 0.3303579 0.3896519 0.3763388 0.4487754 0.5087729 0.3676524 0.3681123 0.3667301 0.3649151 0.3632464 0.3877413 0.3960976 0.4696954 0.4474507 0.4514167 0.4335350 0.4316127 0.4182061 0.5147048 0.4680661 0.6658344 0.6026554 0.6929291 0.7000157 0.6652647 0.7310957 0.6948404 0.8456465 0.7518611 0.7016037 0.7234198 0.6520419 0.6303576 0.6194892 0.5947272 0.6151906 0.6254277 0.5924390 0.5642863 0.5222323 0.6783282 0.6050830 0.6244527 0.6282123 0.6126026 0.6127975 0.6487103 0.6828686 0.7297693 0.6968847 0.6677713 1.1827579 1.3827387 1.0612719 1.3310883 1.5515457 2.1962596 2.0949363 2.3571620 2.1559748 2.3067876 2.0866296 1.9069231 2.3417612 2.3326086 2.2618459 1.6959588 1.8585124 2.2372672 3.1470703 2.1886497 
Acagra_model.g16757.t1                                            0.2455444 0.2175910 0.2082950 0.1830714 0.1648206 0.0000000 0.2653621 0.2490466 0.2865666 0.3889060 0.3573596 0.4116858 0.4599324 0.3419786 0.3407288 0.3406800 0.3357994 0.3413191 0.3537660 0.3498780 0.4174398 0.4142710 0.3929255 0.4195659 0.4124965 0.3861864 0.4724609 0.4114523 0.6361649 0.5337218 0.6765303 0.6748552 0.6321374 0.6936579 0.6457953 0.8037262 0.7200775 0.6853151 0.6984532 0.6367221 0.5814074 0.5203688 0.5955771 0.5950560 0.5934883 0.5655025 0.5247781 0.5221093 0.6159170 0.5977257 0.6090050 0.5959662 0.5828987 0.5683900 0.5977838 0.6779107 0.6936973 0.6623425 0.6096293 1.1109594 1.3529650 1.0542009 1.2330753 1.5293202 2.1964847 2.1360591 2.3101877 2.1173289 2.3315232 2.1332387 1.7978374 2.1844451 2.2842931 2.2033594 1.6895470 1.7889871 2.2188663 3.1182656 2.1082134 
Spur_XM_030982127.1                                               0.3001004 0.2694007 0.2372364 0.2760831 0.2845329 0.2653621 0.0000000 0.3233468 0.3414462 0.4042396 0.3824362 0.4124956 0.4580137 0.3534526 0.3371121 0.3445558 0.3429377 0.3514774 0.3875860 0.3728094 0.4482129 0.4569978 0.4492465 0.4455539 0.4315565 0.4192641 0.4864593 0.4689208 0.6866443 0.6372726 0.6952873 0.7225528 0.6658619 0.6829029 0.6674280 0.9316004 0.7471367 0.7434677 0.7292351 0.6625629 0.6479349 0.5869004 0.6060564 0.6193340 0.6133577 0.5915769 0.5506034 0.5205424 0.6752393 0.6627893 0.6710450 0.6630519 0.6367411 0.6338988 0.6764117 0.7194855 0.7039814 0.6902942 0.6413514 1.2114648 1.3867414 1.0768979 1.2801405 1.5257990 2.2223550 2.1314853 2.3099676 2.1252387 2.3508272 1.9866768 1.8702308 2.2392136 2.2978818 2.2106223 1.7124772 1.9008266 2.3473856 3.2040425 2.2246410 
Tcas_TC013922_001                                                 0.3202162 0.2810499 0.2963069 0.2937150 0.2975453 0.2490466 0.3233468 0.0000000 0.2516181 0.3772748 0.3784869 0.4424132 0.5439942 0.3679541 0.3466334 0.3493459 0.3589529 0.3799783 0.3679316 0.3638615 0.4915553 0.4612203 0.4735887 0.4631402 0.4601463 0.4382139 0.4962152 0.5013064 0.6653849 0.5773237 0.7040921 0.7101325 0.6615773 0.7105899 0.6814035 0.8679606 0.7698600 0.7112370 0.7070277 0.6775129 0.6143831 0.5366064 0.6454099 0.6414356 0.6233766 0.6074274 0.5623893 0.4836238 0.6578254 0.6561520 0.6531939 0.6476498 0.6298104 0.6221024 0.6633430 0.7341267 0.7381234 0.7013175 0.6633658 1.1866395 1.3808175 1.0985144 1.2369716 1.5284358 2.3066161 2.1237026 2.4052212 2.2565223 2.3107076 2.1526261 1.8834754 2.2838238 2.3873659 2.3528246 1.8083563 1.8698879 2.2121479 3.0766452 2.2935080 
Dpul_mRNA1194                                                     0.3427370 0.3057844 0.3206679 0.3123819 0.3303579 0.2865666 0.3414462 0.2516181 0.0000000 0.4189100 0.4258566 0.4987663 0.5609594 0.3947841 0.3784043 0.3870845 0.3851302 0.4069345 0.4078583 0.4049801 0.5140033 0.4972718 0.5132363 0.4739720 0.4659395 0.4597000 0.5336701 0.5304525 0.6880054 0.5692829 0.7346057 0.7448143 0.6873279 0.7095271 0.6918082 0.9222450 0.7708535 0.7318561 0.7235148 0.6658044 0.6402396 0.6454601 0.6270953 0.6283256 0.6653704 0.6271998 0.5632757 0.4939944 0.6622023 0.7019890 0.6991651 0.6848367 0.6635209 0.6521740 0.6786681 0.7384972 0.7557054 0.6817892 0.6445402 1.1068787 1.3323577 1.1336235 1.1974719 1.5291923 2.2135217 2.0792401 2.3420873 2.2018698 2.1547034 2.0925134 1.7993380 2.2688022 2.3032364 2.2799646 1.7149321 1.9223807 2.2468156 3.1568872 2.0893366 
Exapal_XM_021043595.2                                             0.4016965 0.3651489 0.3680683 0.4073711 0.3896519 0.3889060 0.4042396 0.3772748 0.4189100 0.0000000 0.1375356 0.2213655 0.2258160 0.1737163 0.1634766 0.1630151 0.1612851 0.1747183 0.3514100 0.3552281 0.5430198 0.5568857 0.4270783 0.4121108 0.4215936 0.4147698 0.4852632 0.5566454 0.7442925 0.6991889 0.7482352 0.7575184 0.7055587 0.7603212 0.7267243 1.0139880 0.8162381 0.7789852 0.7701927 0.7075103 0.7116076 0.7725044 0.6751972 0.6908401 0.9108200 0.6309947 0.5942195 0.6338658 0.7026675 0.6646024 0.6587289 0.6371750 0.6128206 0.6078487 0.6539327 0.7070698 0.8490017 0.8197107 0.7473593 1.2512241 1.4825547 1.2000503 1.3631050 1.4890558 2.3592745 2.2947330 2.4420965 2.3374745 2.3081624 2.2004668 1.8582175 2.3725784 2.3628141 2.2455850 1.7574577 1.9870925 2.3578323 3.1119007 2.2847573 
Nvec_v1g191273                                                    0.3948155 0.3737417 0.3437522 0.3651948 0.3763388 0.3573596 0.3824362 0.3784869 0.4258566 0.1375356 0.0000000 0.2371938 0.2264538 0.1619072 0.1505129 0.1531607 0.1416148 0.1527433 0.3636158 0.3754729 0.5657114 0.5567085 0.4524944 0.4443844 0.4412355 0.4322427 0.4785656 0.4916300 0.7152565 0.6668030 0.7391953 0.7323077 0.6981473 0.7761532 0.7149339 0.9418554 0.8078879 0.8042517 0.8383001 0.7626983 0.7130376 0.7165080 0.7052454 0.7206576 0.8703218 0.5924732 0.6092277 0.6631079 0.7016123 0.7074560 0.7080031 0.6602578 0.6606027 0.6553526 0.6557280 0.7386586 0.8532819 0.8012359 0.7209305 1.1349057 1.6246505 1.1682586 1.3604763 1.4662261 2.2833068 2.1797506 2.4734301 2.2889453 2.3155557 2.1590731 1.8532245 2.3262224 2.3052900 2.1945285 1.6806120 2.0236418 2.3352423 3.0399124 2.3028706 
Adig_XM_015903170.1                                               0.4286692 0.3781673 0.3905583 0.4401022 0.4487754 0.4116858 0.4124956 0.4424132 0.4987663 0.2213655 0.2371938 0.0000000 0.0246673 0.0632340 0.0813644 0.0876222 0.0969014 0.0840534 0.3600315 0.3711707 0.5818515 0.5975601 0.4228307 0.4508678 0.4547660 0.4249696 0.4669657 1.8228038 0.7838772 0.9211258 0.7223040 0.7373754 0.7615380 0.8089056 0.7684845 0.9447487 0.8675416 0.8131610 0.7412232 0.7720022 0.7678823 0.6580864 0.7066140 0.7351154 0.8145403 0.7106838 0.5940403 0.6235166 0.7097343 0.6969607 0.6847175 0.6876411 0.6516916 0.6628328 0.7306238 0.7065439 0.9105076 0.8651957 0.7622554 1.3509314 1.9196318 1.2253325 1.4507161 1.5920009 2.6021427 2.5893715 2.6295884 2.3975419 2.7862028 2.5470697 1.9679984 2.6771813 2.6604162 2.5315163 1.8929799 1.9767482 2.5993034 3.4728311 2.0646405 
Amil_Amillepora24678-RA                                           0.5009308 0.4031283 0.4030745 0.5030441 0.5087729 0.4599324 0.4580137 0.5439942 0.5609594 0.2258160 0.2264538 0.0246673 0.0000000 0.0581997 0.0825493 0.0889795 0.1022995 0.0830779 0.4190750 0.4529918 0.7313934 0.7516478 0.5540926 0.5490771 0.5450602 0.5202182 0.5390527 0.0000010 0.9236281 1.0961471 0.8539011 0.8433987 0.8510585 0.9253313 0.8809993 1.0976720 1.0292717 0.9370290 0.9013040 0.8815619 0.8158598 0.8632590 0.8177794 0.8594840 1.0644283 0.8207671 0.7269172 0.8712850 0.8525279 0.7971298 0.7955694 0.8128339 0.7647423 0.7606428 0.8874581 0.8199212 1.1936224 1.0265121 0.9384960 1.4133309 2.1754424 1.3792587 1.5999481 1.7414434 2.6909428 2.8161858 2.7939783 2.6331852 3.3312416 3.0105908 2.2361556 3.1771392 2.9601291 2.6435859 2.0415834 2.1231030 2.9704763 4.0161737 2.0001772 
Gfas_gfas1.m1.2205.m1                                             0.3639758 0.3360059 0.3319755 0.3619400 0.3676524 0.3419786 0.3534526 0.3679541 0.3947841 0.1737163 0.1619072 0.0632340 0.0581997 0.0000000 0.0325324 0.0380990 0.0473053 0.0393828 0.2920831 0.3122117 0.5001850 0.5206535 0.4135717 0.3993379 0.3985027 0.3769244 0.4437947 0.5072341 0.7128949 0.7140300 0.7283656 0.7281880 0.6781847 0.7390395 0.6955696 0.9184802 0.7969885 0.7230179 0.7313121 0.6772299 0.6741944 0.6733230 0.6209089 0.6506689 0.7924880 0.6075539 0.5444173 0.5610631 0.7090283 0.6337520 0.6434317 0.6074373 0.5833357 0.5892174 0.6432630 0.6755616 0.8251029 0.7768965 0.6809877 1.2391958 1.4701653 1.1288779 1.3954941 1.4825929 2.2971880 2.2910882 2.4637747 2.2492972 2.4231131 2.2337528 1.8811315 2.3423533 2.3105736 2.2275828 1.7222270 1.9943300 2.4135682 3.1752614 2.3644700 
Fspp_ffun1.m4.12241.m1                                            0.3583880 0.3232215 0.3219083 0.3431189 0.3681123 0.3407288 0.3371121 0.3466334 0.3784043 0.1634766 0.1505129 0.0813644 0.0825493 0.0325324 0.0000000 0.0247245 0.0336994 0.0272847 0.2809867 0.3024469 0.4854205 0.5110659 0.3922242 0.3882953 0.3855638 0.3587278 0.4226247 0.5260101 0.7047994 0.6832972 0.7081808 0.7149324 0.6778631 0.7362235 0.6868578 0.8814108 0.7595275 0.7167390 0.7308212 0.6640840 0.6595856 0.6144804 0.6154014 0.6403022 0.7717529 0.5818794 0.5206174 0.5501918 0.7031192 0.6369557 0.6431211 0.6037115 0.5791442 0.5832536 0.6387853 0.6781401 0.7967324 0.7563081 0.6630693 1.2504174 1.4563220 1.1209465 1.3335845 1.4767311 2.3104654 2.3036270 2.4758198 2.2675280 2.3660857 2.2264316 1.8813289 2.3384157 2.3366729 2.2111214 1.6755058 2.0664309 2.3939854 3.1408216 2.3284404 
Pocdam_XM_027192888.1                                             0.3602498 0.3323268 0.3377355 0.3479585 0.3667301 0.3406800 0.3445558 0.3493459 0.3870845 0.1630151 0.1531607 0.0876222 0.0889795 0.0380990 0.0247245 0.0000000 0.0272647 0.0329419 0.2902980 0.3055762 0.4922195 0.5172541 0.4040600 0.3931191 0.3966315 0.3697106 0.4364256 0.5134763 0.7105293 0.6863989 0.7242856 0.7292052 0.6698949 0.7483665 0.6988273 0.9007285 0.7733573 0.7278142 0.7259366 0.6773372 0.6631607 0.6034419 0.6193175 0.6402561 0.7425460 0.6002915 0.5289527 0.5235183 0.7010355 0.6316686 0.6412382 0.6018303 0.5817492 0.5834196 0.6370928 0.6786778 0.8277718 0.7696883 0.6947150 1.2478025 1.4769832 1.1255173 1.3692307 1.4887369 2.3103056 2.2717091 2.4424798 2.2545376 2.3735789 2.2195514 1.8799077 2.3294216 2.3548198 2.2262302 1.7213990 1.9764460 2.4188914 3.1538997 2.3460852 
Spis_XP_022791634_1                                               0.3672369 0.3290644 0.3307481 0.3535657 0.3649151 0.3357994 0.3429377 0.3589529 0.3851302 0.1612851 0.1416148 0.0969014 0.1022995 0.0473053 0.0336994 0.0272647 0.0000000 0.0424502 0.2906168 0.3088783 0.5071590 0.5204061 0.4213390 0.3928578 0.3977493 0.3707474 0.4423301 0.5125402 0.7021922 0.6695416 0.7158234 0.7222201 0.6792775 0.7430694 0.6997427 0.9053191 0.7647216 0.7161641 0.7177467 0.6640232 0.6600802 0.6024192 0.6185869 0.6434577 0.7829137 0.6067532 0.5469429 0.5524906 0.7211291 0.6390954 0.6463856 0.6150697 0.5942883 0.5929517 0.6469282 0.6844421 0.8229495 0.7677043 0.6898703 1.2429852 1.4841092 1.1350947 1.3488490 1.4988229 2.3060501 2.2726351 2.4682399 2.2323984 2.3858057 2.2078940 1.8766020 2.3521316 2.3393716 2.1900175 1.7282216 1.9941902 2.4144339 3.1344121 2.3484907 
Gasp_gasp1.m3.12106.m1                                            0.3717790 0.3412888 0.3382160 0.3590656 0.3632464 0.3413191 0.3514774 0.3799783 0.4069345 0.1747183 0.1527433 0.0840534 0.0830779 0.0393828 0.0272847 0.0329419 0.0424502 0.0000000 0.2951416 0.3187882 0.5187884 0.5295846 0.4059571 0.3907470 0.3998003 0.3786750 0.4423872 0.4987929 0.7281921 0.7068688 0.7461002 0.7495159 0.6915073 0.7630193 0.7144227 0.9117775 0.7822639 0.7342793 0.7383789 0.6888976 0.6694553 0.6679878 0.6169588 0.6404420 0.7445737 0.6079991 0.5176393 0.5202057 0.6949767 0.6528582 0.6608315 0.6183446 0.6007979 0.6014382 0.6514157 0.6987477 0.8234694 0.7884499 0.6820011 1.2657536 1.4195642 1.1282874 1.4070084 1.4529558 2.3535484 2.3299982 2.4434680 2.2266780 2.3465671 2.1831620 1.8366350 2.2704368 2.3519563 2.2615716 1.6656024 1.9790681 2.4013987 3.0707868 2.3342676 
Dgig_XM_028559575.1                                               0.4081854 0.3639496 0.3747696 0.3944381 0.3877413 0.3537660 0.3875860 0.3679316 0.4078583 0.3514100 0.3636158 0.3600315 0.4190750 0.2920831 0.2809867 0.2902980 0.2906168 0.2951416 0.0000000 0.1069358 0.4691708 0.5354872 0.5097862 0.4471485 0.4322014 0.4527265 0.5155266 0.5644455 0.7336906 0.6705718 0.7360584 0.7577851 0.7087540 0.7518524 0.7375852 0.9886651 0.7893354 0.7321547 0.7337842 0.6984027 0.6560753 0.5848490 0.6297890 0.6406007 0.7598290 0.6000823 0.5177125 0.5800211 0.6887087 0.6460444 0.6553516 0.6427906 0.6152618 0.6139774 0.6510519 0.7028599 0.8074251 0.7531072 0.7196812 1.1967965 1.4812497 1.1311270 1.4047405 1.5410629 2.2927171 2.2206382 2.4097349 2.2958729 2.3588247 2.3865738 1.9188145 2.4069611 2.4724317 2.2632754 1.7724188 1.9303487 2.4339991 3.2039859 2.2734351 
Xesp_015549-T1                                                    0.4129896 0.3574636 0.3698918 0.3747752 0.3960976 0.3498780 0.3728094 0.3638615 0.4049801 0.3552281 0.3754729 0.3711707 0.4529918 0.3122117 0.3024469 0.3055762 0.3088783 0.3187882 0.1069358 0.0000000 0.4898999 0.5335478 0.5262435 0.4675342 0.4543417 0.4494483 0.5377062 0.5186258 0.7181569 0.6236969 0.7170351 0.7297368 0.6883522 0.7314806 0.7073341 0.9791679 0.7772022 0.7350135 0.7636282 0.7104705 0.6368883 0.6296819 0.6227472 0.6299534 0.7072071 0.6122381 0.5302147 0.6103693 0.7008064 0.6380760 0.6420186 0.6204396 0.5898951 0.5956232 0.6353837 0.6873778 0.7975597 0.7667664 0.7396913 1.2058618 1.4963443 1.0957997 1.3589536 1.5217219 2.2018340 2.1227538 2.3606980 2.2157020 2.3411180 2.3163556 1.9090231 2.2480737 2.3918890 2.2963151 1.8249284 1.9028848 2.3452639 3.1172236 2.1880978 
Hvul_g19284_1                                                     0.4426037 0.4370445 0.4908635 0.4803440 0.4696954 0.4174398 0.4482129 0.4915553 0.5140033 0.5430198 0.5657114 0.5818515 0.7313934 0.5001850 0.4854205 0.4922195 0.5071590 0.5187884 0.4691708 0.4898999 0.0000000 0.2306524 0.3305912 0.3453575 0.3312749 0.3134017 0.3978106 0.4967401 0.6805117 0.6549758 0.6768086 0.7137667 0.6340845 0.7574728 0.6972006 0.9269913 0.7921114 0.7485592 0.8110222 0.6967281 0.6369792 0.6335715 0.6043086 0.6171834 0.8256997 0.6714259 0.6334623 0.7047527 0.7362669 0.7698767 0.7575553 0.6801699 0.6948256 0.6560137 0.6565593 0.8566284 0.9454451 0.8268134 0.7401041 1.1891839 2.0079862 1.2329675 1.4680748 1.7417610 1.9402120 1.7567615 2.0840853 1.9932533 2.0960815 2.0887523 2.0481715 1.8793789 1.9786345 1.9767673 1.6770105 1.9633710 2.2301592 2.5167859 3.9532729 
Chem_TCONS_00005434                                               0.4548994 0.4585083 0.4881746 0.4724545 0.4474507 0.4142710 0.4569978 0.4612203 0.4972718 0.5568857 0.5567085 0.5975601 0.7516478 0.5206535 0.5110659 0.5172541 0.5204061 0.5295846 0.5354872 0.5335478 0.2306524 0.0000000 0.3686588 0.4175415 0.3961644 0.3598217 0.4493820 0.4357839 0.7147728 0.6197071 0.7972855 0.7666571 0.7341902 0.7691209 0.7442354 0.9719664 0.8170170 0.7606265 0.8319835 0.7287271 0.6970394 0.6526306 0.6432606 0.6590889 0.7132640 0.6653726 0.6211412 0.5679193 0.7248933 0.7677904 0.7682446 0.7431143 0.7336501 0.7185149 0.7417909 0.8464111 0.8657378 0.7990184 0.7788088 1.2533386 1.5888048 1.1823893 1.3880655 1.5847413 2.3093541 2.1764119 2.4178993 2.3103658 2.3413859 2.2721921 1.9390154 2.2747742 2.3603102 2.3219150 1.8672763 1.9851170 2.3993936 2.8408141 2.2740562 
Aaur_scaffold246.g4.t1                                            0.4122243 0.4562593 0.4109789 0.4366846 0.4514167 0.3929255 0.4492465 0.4735887 0.5132363 0.4270783 0.4524944 0.4228307 0.5540926 0.4135717 0.3922242 0.4040600 0.4213390 0.4059571 0.5097862 0.5262435 0.3305912 0.3686588 0.0000000 0.1023044 0.0930553 0.2714223 0.1836386 1.5631992 0.6673041 0.7034301 0.6751487 0.6815753 0.7049179 0.7361189 0.6665280 0.7754734 0.7928437 0.8119203 0.7739248 0.7535090 0.6677694 0.6403225 0.6909742 0.6886922 0.7829829 0.6753879 0.6705567 0.5874007 0.6665254 0.8325253 0.8292277 0.7866511 0.7841394 0.8188479 0.8212537 0.8153599 1.0035000 0.8538259 0.8398144 1.2634703 4.9742813 1.2157293 1.4370035 1.7143910 2.3810848 2.1565282 2.5972684 2.2965925 2.6513230 2.4881821 2.3542528 2.6415758 2.8952047 2.6642527 1.9112202 2.1367704 2.7517163 3.0014442 2.2806988 
Nemnom_g17957.t1                                                  0.3907051 0.4166999 0.4178054 0.4565369 0.4335350 0.4195659 0.4455539 0.4631402 0.4739720 0.4121108 0.4443844 0.4508678 0.5490771 0.3993379 0.3882953 0.3931191 0.3928578 0.3907470 0.4471485 0.4675342 0.3453575 0.4175415 0.1023044 0.0000000 0.0605658 0.2986767 0.2433357 0.5683398 0.7329378 0.6505737 0.7746715 0.7638392 0.7639284 0.8101238 0.7633346 1.0080120 0.8516777 0.7330316 0.7753711 0.7021035 0.6628646 0.6975529 0.6635833 0.6575703 0.7526898 0.6322216 0.5787009 0.6423473 0.7346968 0.7316840 0.7232578 0.7100004 0.6877797 0.6845554 0.7389002 0.8196754 0.8697890 0.7415618 0.7390471 1.2675186 1.4855715 1.2059237 1.3198656 1.6331650 2.3610821 2.1907285 2.3923532 2.3359032 2.3698820 2.2935480 1.9794346 2.3155356 2.4402085 2.3271507 1.8217333 1.9924705 2.4156307 2.9484051 2.2627176 
Rhoesc_Res_007906-T1                                              0.3847020 0.3987479 0.4112749 0.4342855 0.4316127 0.4124965 0.4315565 0.4601463 0.4659395 0.4215936 0.4412355 0.4547660 0.5450602 0.3985027 0.3855638 0.3966315 0.3977493 0.3998003 0.4322014 0.4543417 0.3312749 0.3961644 0.0930553 0.0605658 0.0000000 0.2909261 0.2179606 0.5680085 0.7179170 0.6450966 0.7322735 0.7355086 0.7310506 0.7787609 0.7432296 0.9785895 0.8295967 0.7254362 0.7708441 0.6998382 0.6515190 0.6912452 0.6412095 0.6409768 0.7960840 0.6527463 0.5699020 0.6211089 0.7182539 0.7360114 0.7277982 0.6997228 0.6736293 0.6786004 0.7316263 0.8015602 0.8493570 0.7243144 0.7231225 1.2220479 1.5007885 1.1820657 1.3226780 1.6316821 2.3173987 2.1716836 2.4312311 2.3391618 2.3736622 2.3140104 1.9841523 2.3395566 2.3892951 2.2732632 1.7475300 1.9801676 2.4200354 2.8704599 2.2568772 
Morvir_scaffold191.g46.t1                                         0.3866099 0.3991830 0.4210328 0.4063988 0.4182061 0.3861864 0.4192641 0.4382139 0.4597000 0.4147698 0.4322427 0.4249696 0.5202182 0.3769244 0.3587278 0.3697106 0.3707474 0.3786750 0.4527265 0.4494483 0.3134017 0.3598217 0.2714223 0.2986767 0.2909261 0.0000000 0.3014137 0.4349716 0.6533956 0.6030797 0.6953623 0.6911948 0.6610289 0.7062825 0.6623634 0.9694309 0.7883127 0.7043953 0.7549862 0.6839546 0.6823925 0.7367386 0.6809840 0.6901096 0.9535681 0.6624448 0.5614404 0.6532562 0.6927288 0.6426460 0.6373078 0.6463721 0.6245719 0.6255961 0.6824314 0.7326411 0.8010569 0.7446260 0.7227341 1.2700848 1.4437172 1.1628424 1.3299840 1.6651721 2.3575326 2.1833041 2.4932316 2.3228526 2.4360651 2.2256679 1.8993853 2.2732287 2.3549226 2.2175879 1.8137007 2.0636189 2.4231155 2.9306091 2.1564156 
Sanmal_Sma_015464-T1                                              0.4560149 0.4687127 0.4721635 0.5055013 0.5147048 0.4724609 0.4864593 0.4962152 0.5336701 0.4852632 0.4785656 0.4669657 0.5390527 0.4437947 0.4226247 0.4364256 0.4423301 0.4423872 0.5155266 0.5377062 0.3978106 0.4493820 0.1836386 0.2433357 0.2179606 0.3014137 0.0000000 0.9055693 0.7932482 0.8178002 0.7357611 0.8217993 0.7804800 0.8475972 0.7877721 0.8977730 0.8836514 0.8191056 0.8076679 0.7856673 0.7332441 0.6183131 0.7392162 0.7251079 0.9141406 0.6977434 0.6555917 0.6593864 0.7208344 0.7873297 0.8066440 0.7304774 0.7277148 0.7409369 0.7415482 0.8404705 0.9856763 0.8383929 0.7885382 1.2226634 1.7212855 1.2568896 1.4045658 1.6338836 2.4400786 2.2931875 2.5517704 2.4503853 2.4400710 2.3545658 2.0423493 2.5999494 2.5980399 2.4604343 1.8794286 2.1361024 2.5309994 3.0612272 2.2924890 
Mlei_ML1885.g1.i1                                                 0.4228558 0.4258575 0.4286356 0.4950680 0.4680661 0.4114523 0.4689208 0.5013064 0.5304525 0.5566454 0.4916300 1.8228038 0.0000010 0.5072341 0.5260101 0.5134763 0.5125402 0.4987929 0.5644455 0.5186258 0.4967401 0.4357839 1.5631992 0.5683398 0.5680085 0.4349716 0.9055693 0.0000000 0.0921982 0.1533678 0.0000010 0.3687842 0.2026045 0.2706329 0.2614363 0.0000010 0.2720847 0.6385785 0.9683588 0.6906454 0.7066301 0.0000010 0.5748349 0.5566028 0.0000010 0.6676343 0.6927318 0.0000010 2.2986358 0.5495491 0.5246212 0.4586024 0.4585342 0.4881213 0.4881213 0.6635768 0.6480605 0.6723122 0.5097271 0.6405144 0.4809568 1.0074959 1.6000479 1.2952419 1.2238426 1.0587523 1.5165332 1.3385398 1.2743873 1.2358503 1.4606405 1.2792890 1.0829205 1.0739423 0.9894916 1.1456991 1.6207426 1.7407170 5.2401563 
Drygla_Dgla_sb302920                                              0.6488882 0.6318967 0.6422644 0.6817146 0.6658344 0.6361649 0.6866443 0.6653849 0.6880054 0.7442925 0.7152565 0.7838772 0.9236281 0.7128949 0.7047994 0.7105293 0.7021922 0.7281921 0.7336906 0.7181569 0.6805117 0.7147728 0.6673041 0.7329378 0.7179170 0.6533956 0.7932482 0.0921982 0.0000000 0.2606013 0.1306202 0.1456811 0.1728864 0.2407291 0.2116846 0.3203694 0.2176528 0.8610445 0.9280488 0.8465438 0.8014953 0.7739512 0.7962803 0.7945280 0.8463613 0.7913638 0.8627088 0.7548942 0.9433637 0.9416483 0.9309846 0.9398381 0.9239081 0.9033453 0.9418228 1.0241458 0.9622565 0.9489236 0.9202873 1.2954697 1.8523390 1.3274466 1.5996945 1.7269959 2.4341312 2.3234909 2.7021255 2.4339899 2.5969645 2.3546572 2.0998020 2.3865838 2.4158753 2.2959784 1.9728409 1.9894363 2.5354572 3.2349948 2.5422475 
Eupdun_Edun_sb10638545                                            0.5899273 0.5250272 0.6151036 0.6084195 0.6026554 0.5337218 0.6372726 0.5773237 0.5692829 0.6991889 0.6668030 0.9211258 1.0961471 0.7140300 0.6832972 0.6863989 0.6695416 0.7068688 0.6705718 0.6236969 0.6549758 0.6197071 0.7034301 0.6505737 0.6450966 0.6030797 0.8178002 0.1533678 0.2606013 0.0000000 0.3490064 0.3721816 0.2913133 0.4219591 0.3752357 1.0337957 0.4721225 0.8355091 1.0138410 0.8006114 0.7700898 1.3368614 0.7947728 0.7719314 0.0000010 0.7900134 0.7606854 0.0000010 0.9141975 0.7759251 0.7712481 0.8102504 0.7940815 0.7483214 0.7484738 0.8916436 0.9122649 0.9099806 0.7573487 1.0327462 1.3950260 1.2819811 1.5966043 1.6972314 1.8074654 1.6429170 1.9570801 1.7764389 1.8670062 1.7812779 1.7843821 1.6880691 1.6231040 1.6031244 1.5928611 1.5596050 1.8115113 2.2130579 5.4987483 
Bolinf_Binf_sb1262331                                             0.6982141 0.6557308 0.6873030 0.6697414 0.6929291 0.6765303 0.6952873 0.7040921 0.7346057 0.7482352 0.7391953 0.7223040 0.8539011 0.7283656 0.7081808 0.7242856 0.7158234 0.7461002 0.7360584 0.7170351 0.6768086 0.7972855 0.6751487 0.7746715 0.7322735 0.6953623 0.7357611 0.0000010 0.1306202 0.3490064 0.0000000 0.0000010 0.1357929 0.2057043 0.1792461 0.3248240 0.2131352 0.9317687 0.8942649 0.8606431 0.7834772 0.7120864 0.7931529 0.8019501 0.8395101 0.8216319 0.8832470 0.7996141 0.9440168 0.9752581 0.9761150 0.9847695 0.9436308 0.9629637 1.0151996 0.9944435 1.0721609 1.0555399 1.0481731 1.4808670 2.8935785 1.4543880 1.5951837 1.9135872 2.8927456 2.8321184 3.0700781 2.7309961 3.0540158 2.7441937 2.3737277 2.9301380 2.9345789 2.7056404 2.1387850 2.0042435 2.8374254 3.6254307 2.2409776 
Mertsp_Mesp_sb573276                                              0.7020644 0.6638826 0.7036487 0.6945851 0.7000157 0.6748552 0.7225528 0.7101325 0.7448143 0.7575184 0.7323077 0.7373754 0.8433987 0.7281880 0.7149324 0.7292052 0.7222201 0.7495159 0.7577851 0.7297368 0.7137667 0.7666571 0.6815753 0.7638392 0.7355086 0.6911948 0.8217993 0.3687842 0.1456811 0.3721816 0.0000010 0.0000000 0.1624507 0.2592460 0.2298519 0.3518878 0.2539965 0.9022040 0.9047568 0.8612852 0.8314460 0.7120864 0.8273407 0.8263570 0.8395101 0.8710346 0.8727882 0.7996141 0.9553736 0.9345736 0.9384322 0.9296695 0.9031271 0.9095413 0.9492871 1.0003937 0.9858387 1.0214477 1.0223333 1.3714372 2.2321864 1.4686810 1.5744855 1.7870728 2.7019884 2.5643265 2.8856548 2.6080769 2.8399876 2.5297949 2.2186031 2.5769738 2.5951119 2.4701391 2.0139444 1.9705582 2.6473711 3.4005798 2.2768299 
Lampan_Lpan_C420061_01                                            0.6503847 0.6272467 0.6535680 0.6877699 0.6652647 0.6321374 0.6658619 0.6615773 0.6873279 0.7055587 0.6981473 0.7615380 0.8510585 0.6781847 0.6778631 0.6698949 0.6792775 0.6915073 0.7087540 0.6883522 0.6340845 0.7341902 0.7049179 0.7639284 0.7310506 0.6610289 0.7804800 0.2026045 0.1728864 0.2913133 0.1357929 0.1624507 0.0000000 0.2264211 0.1986841 0.3641984 0.2720678 0.8846357 0.9202087 0.8387311 0.7798009 0.7148214 0.8120208 0.8172889 0.8663451 0.8222890 0.8403908 0.7863773 0.9138513 0.9166373 0.9284280 0.8979519 0.8950937 0.8798561 0.9147496 1.0094403 0.9887235 0.9917021 0.9231947 1.2718047 1.9528933 1.3178075 1.6179157 1.7168777 2.5182162 2.3648258 2.6548824 2.3511221 2.4889788 2.2397020 2.1192950 2.4738806 2.3621248 2.2226625 1.9855615 2.0150251 2.4983445 3.3044004 2.5228787 
Vmul_Simscaffold10754_01                                          0.6762166 0.6957825 0.7066269 0.7279836 0.7310957 0.6936579 0.6829029 0.7105899 0.7095271 0.7603212 0.7761532 0.8089056 0.9253313 0.7390395 0.7362235 0.7483665 0.7430694 0.7630193 0.7518524 0.7314806 0.7574728 0.7691209 0.7361189 0.8101238 0.7787609 0.7062825 0.8475972 0.2706329 0.2407291 0.4219591 0.2057043 0.2592460 0.2264211 0.0000000 0.0902869 0.4572926 0.3192143 0.8515068 0.8798166 0.8098530 0.8310682 0.8275167 0.8228201 0.8355497 0.7780565 0.7827039 0.8232899 0.8040103 0.9131122 0.9720390 0.9562491 0.9690895 0.9505119 0.9346022 0.9747841 1.0291003 0.9845038 1.0101198 0.9423594 1.3083546 1.9966167 1.3420584 1.6063620 1.8409828 2.5469984 2.3071281 2.5451500 2.3207144 2.5579918 2.3173959 2.1893398 2.4943363 2.3155853 2.2086321 1.9995126 1.9714097 2.5141757 3.3770089 2.5239865 
Coemet_Cmet_C604740_01                                            0.6701056 0.6782350 0.6627676 0.6809215 0.6948404 0.6457953 0.6674280 0.6814035 0.6918082 0.7267243 0.7149339 0.7684845 0.8809993 0.6955696 0.6868578 0.6988273 0.6997427 0.7144227 0.7375852 0.7073341 0.6972006 0.7442354 0.6665280 0.7633346 0.7432296 0.6623634 0.7877721 0.2614363 0.2116846 0.3752357 0.1792461 0.2298519 0.1986841 0.0902869 0.0000000 0.4032055 0.2891714 0.8189858 0.8567572 0.8043055 0.7967011 0.7426331 0.7677909 0.7781818 0.7277023 0.7551473 0.8204984 0.7928069 0.9059303 0.9042897 0.8844976 0.9100164 0.8962902 0.8824599 0.9211749 0.9697656 0.9725832 0.9991279 0.9247597 1.3067241 1.9831549 1.3453835 1.5537547 1.7708960 2.5404670 2.2954508 2.6677184 2.3896993 2.6749382 2.2796181 2.1701588 2.4502346 2.3962394 2.2462051 1.9599098 1.9569934 2.5210858 3.2967703 2.5349493 
Pbac_sb2641707                                                    0.8684466 0.8385934 0.8435623 0.8364103 0.8456465 0.8037262 0.9316004 0.8679606 0.9222450 1.0139880 0.9418554 0.9447487 1.0976720 0.9184802 0.8814108 0.9007285 0.9053191 0.9117775 0.9886651 0.9791679 0.9269913 0.9719664 0.7754734 1.0080120 0.9785895 0.9694309 0.8977730 0.0000010 0.3203694 1.0337957 0.3248240 0.3518878 0.3641984 0.4572926 0.4032055 0.0000000 0.1558875 1.2155150 1.1382963 1.1582288 0.9004950 0.8404296 1.1066577 1.1119436 0.9340143 0.9446112 1.1208828 0.8595259 1.1892910 1.2038056 1.2050688 1.2046378 1.1966169 1.2098924 1.2142973 1.2851114 1.2685936 1.3192971 1.4239712 1.7570345 5.1474920 1.5861801 1.9126294 2.1207030 2.7414427 2.8731748 4.0824389 3.3513167 3.3971021 3.0260151 2.6310000 3.7841787 3.5125364 3.0936541 2.1624585 2.5385126 3.3294351 4.9480435 2.2409269 
Horcal_Hcv1.av93.c13.g176.i2                                      0.7432050 0.7244447 0.7417487 0.7609685 0.7518611 0.7200775 0.7471367 0.7698600 0.7708535 0.8162381 0.8078879 0.8675416 1.0292717 0.7969885 0.7595275 0.7733573 0.7647216 0.7822639 0.7893354 0.7772022 0.7921114 0.8170170 0.7928437 0.8516777 0.8295967 0.7883127 0.8836514 0.2720847 0.2176528 0.4721225 0.2131352 0.2539965 0.2720678 0.3192143 0.2891714 0.1558875 0.0000000 0.9323575 1.0030638 0.9344366 0.9089466 0.8404296 0.9132010 0.9210363 0.9340143 0.8853373 0.9609187 0.8631400 1.0352167 1.0069564 0.9843013 0.9806132 0.9711655 0.9485890 0.9871151 1.0576747 0.9929863 1.0296164 1.0273726 1.3729117 1.9830004 1.3718772 1.6120851 1.7879099 2.6566246 2.4224333 2.8702369 2.5900762 2.8094767 2.4991706 2.2048104 2.5234456 2.5786772 2.4473806 1.9429027 2.0167992 2.6022619 3.3224676 2.6302356 
Aque_Aqu2.1.17280_001                                             0.6693348 0.7276841 0.7398865 0.7288053 0.7016037 0.6853151 0.7434677 0.7112370 0.7318561 0.7789852 0.8042517 0.8131610 0.9370290 0.7230179 0.7167390 0.7278142 0.7161641 0.7342793 0.7321547 0.7350135 0.7485592 0.7606265 0.8119203 0.7330316 0.7254362 0.7043953 0.8191056 0.6385785 0.8610445 0.8355091 0.9317687 0.9022040 0.8846357 0.8515068 0.8189858 1.2155150 0.9323575 0.0000000 0.1630874 0.1762192 0.5198782 0.5164813 0.4960005 0.5197384 0.9573043 0.7849563 0.7446483 0.8047640 0.6828704 0.9234747 0.9177727 0.9381532 0.8928523 0.8629689 0.9186189 1.0010993 0.9153687 0.8580516 0.8700381 1.4147277 1.7623406 1.2348695 1.6177844 1.6913315 2.5211163 2.2185384 2.6495115 2.5874031 2.5197516 2.3548727 2.0680082 2.5245648 2.5667747 2.4840080 2.0572650 1.9967895 2.3923625 3.3323949 2.4025170 
Halamb_c49607_g1_i2mm.3155                                        0.6892203 0.7387565 0.7584828 0.7345392 0.7234198 0.6984532 0.7292351 0.7070277 0.7235148 0.7701927 0.8383001 0.7412232 0.9013040 0.7313121 0.7308212 0.7259366 0.7177467 0.7383789 0.7337842 0.7636282 0.8110222 0.8319835 0.7739248 0.7753711 0.7708441 0.7549862 0.8076679 0.9683588 0.9280488 1.0138410 0.8942649 0.9047568 0.9202087 0.8798166 0.8567572 1.1382963 1.0030638 0.1630874 0.0000000 0.1924160 0.5011847 0.4471220 0.5175970 0.5494460 0.9281483 0.7720984 0.7631303 0.7435654 0.6776426 0.9557123 0.9590693 0.9368866 0.8897255 0.8872272 0.9638886 0.9721974 0.9926301 0.9067113 0.9267032 1.5951976 2.6598492 1.2842888 1.6549625 1.7448222 2.8650956 2.5571163 2.8528881 2.7460581 2.8250202 2.7090960 2.3119720 3.0559250 3.0363837 2.8693672 2.1927302 2.1278906 2.9386897 3.6720889 2.1450188 
Xestes_augustus_masked-XT_scaffold2328-processed-gene-0.14-mRNA-1 0.6071010 0.6573907 0.6693603 0.6619170 0.6520419 0.6367221 0.6625629 0.6775129 0.6658044 0.7075103 0.7626983 0.7720022 0.8815619 0.6772299 0.6640840 0.6773372 0.6640232 0.6888976 0.6984027 0.7104705 0.6967281 0.7287271 0.7535090 0.7021035 0.6998382 0.6839546 0.7856673 0.6906454 0.8465438 0.8006114 0.8606431 0.8612852 0.8387311 0.8098530 0.8043055 1.1582288 0.9344366 0.1762192 0.1924160 0.0000000 0.4571554 0.3868953 0.4490612 0.4695800 0.8590716 0.7135676 0.6722528 0.6887879 0.6336923 0.8901417 0.8711402 0.8818772 0.8565659 0.8241784 0.8761122 0.9258152 0.8744138 0.8263844 0.8233326 1.3667479 1.6233090 1.2241967 1.5617118 1.6277435 2.4529968 2.1858908 2.5273065 2.3981214 2.3913819 2.3581171 1.9452731 2.5231010 2.4473241 2.3394115 1.9110366 1.9701313 2.3789021 3.1810464 2.3710101 
Tetwil_g6741.t1                                                   0.6072410 0.5517038 0.5816480 0.6246937 0.6303576 0.5814074 0.6479349 0.6143831 0.6402396 0.7116076 0.7130376 0.7678823 0.8158598 0.6741944 0.6595856 0.6631607 0.6600802 0.6694553 0.6560753 0.6368883 0.6369792 0.6970394 0.6677694 0.6628646 0.6515190 0.6823925 0.7332441 0.7066301 0.8014953 0.7700898 0.7834772 0.8314460 0.7798009 0.8310682 0.7967011 0.9004950 0.9089466 0.5198782 0.5011847 0.4571554 0.0000000 0.2309538 0.3756469 0.3692713 0.7204494 0.6804485 0.6928319 0.6210207 0.5974508 0.9550112 0.9426517 0.8713654 0.8816274 0.8508873 0.8516713 0.9778079 0.9628677 0.8293816 0.8655940 1.2183544 2.0642776 1.2783762 1.6125206 1.6407327 2.2261495 2.0375711 2.5637673 2.4025182 2.2449575 2.3740045 1.9666168 2.2649078 2.2523892 2.1556514 1.7665197 2.0991718 2.4411719 2.8826703 2.4596882 
Stycar_snap_masked-SC_scaffold2293-processed-gene-0.2-mRNA-1      0.5616040 0.6487335 0.5949289 0.5950980 0.6194892 0.5203688 0.5869004 0.5366064 0.6454601 0.7725044 0.7165080 0.6580864 0.8632590 0.6733230 0.6144804 0.6034419 0.6024192 0.6679878 0.5848490 0.6296819 0.6335715 0.6526306 0.6403225 0.6975529 0.6912452 0.7367386 0.6183131 0.0000010 0.7739512 1.3368614 0.7120864 0.7120864 0.7148214 0.8275167 0.7426331 0.8404296 0.8404296 0.5164813 0.4471220 0.3868953 0.2309538 0.0000000 0.4861359 0.4472665 0.6709553 0.6443091 0.7093754 0.7075123 0.5645560 1.0106078 0.9972987 0.9180982 0.9764187 0.9913700 0.9913700 1.0234134 1.0288602 0.8234998 0.8656302 1.4119359 6.3647356 1.3259520 1.3182716 1.9285911 2.7522678 2.1867561 3.5373511 3.4787888 3.0868024 2.6435096 3.4690715 3.5358557 3.6473201 3.4172200 2.3391841 3.2167727 3.2431035 3.8687142 2.1201324 
Emue_Em0021g570a.t1                                               0.5991800 0.5655152 0.6226464 0.6186360 0.5947272 0.5955771 0.6060564 0.6454099 0.6270953 0.6751972 0.7052454 0.7066140 0.8177794 0.6209089 0.6154014 0.6193175 0.6185869 0.6169588 0.6297890 0.6227472 0.6043086 0.6432606 0.6909742 0.6635833 0.6412095 0.6809840 0.7392162 0.5748349 0.7962803 0.7947728 0.7931529 0.8273407 0.8120208 0.8228201 0.7677909 1.1066577 0.9132010 0.4960005 0.5175970 0.4490612 0.3756469 0.4861359 0.0000000 0.0394950 0.8817433 0.7225221 0.6513657 0.7660665 0.5907961 0.9041573 0.8942221 0.8902938 0.8443987 0.8265093 0.8541777 0.8820523 0.8791023 0.7925914 0.7916983 1.2846987 1.7080886 1.3064229 1.6137301 1.6208022 2.4032382 2.2811802 2.3719812 2.3892576 2.2491663 2.2888029 2.0161963 2.4304855 2.3675696 2.3499296 1.8872868 1.9722985 2.2755846 2.7972744 2.2996410 
Spolac_c104414_g1_i1_m.40298c104414-g1                            0.6017180 0.5632226 0.6225093 0.6250620 0.6151906 0.5950560 0.6193340 0.6414356 0.6283256 0.6908401 0.7206576 0.7351154 0.8594840 0.6506689 0.6403022 0.6402561 0.6434577 0.6404420 0.6406007 0.6299534 0.6171834 0.6590889 0.6886922 0.6575703 0.6409768 0.6901096 0.7251079 0.5566028 0.7945280 0.7719314 0.8019501 0.8263570 0.8172889 0.8355497 0.7781818 1.1119436 0.9210363 0.5197384 0.5494460 0.4695800 0.3692713 0.4472665 0.0394950 0.0000000 0.8464935 0.7110357 0.6594797 0.7429613 0.6040771 0.9072679 0.8983762 0.8916451 0.8503672 0.8350622 0.8849505 0.8845539 0.9004893 0.7986323 0.7928679 1.3113254 1.7130303 1.2972861 1.6038235 1.6558647 2.4166002 2.3384524 2.4075428 2.4308478 2.2662301 2.3595662 2.0297003 2.4102690 2.4230627 2.3936463 1.9242583 1.9339462 2.2983726 2.7729214 2.4103381 
Ocar_g7057                                                        0.7277438 0.6851093 0.5960631 0.5990277 0.6254277 0.5934883 0.6133577 0.6233766 0.6653704 0.9108200 0.8703218 0.8145403 1.0644283 0.7924880 0.7717529 0.7425460 0.7829137 0.7445737 0.7598290 0.7072071 0.8256997 0.7132640 0.7829829 0.7526898 0.7960840 0.9535681 0.9141406 0.0000010 0.8463613 0.0000010 0.8395101 0.8395101 0.8663451 0.7780565 0.7277023 0.9340143 0.9340143 0.9573043 0.9281483 0.8590716 0.7204494 0.6709553 0.8817433 0.8464935 0.0000000 0.0159241 0.4754581 0.6763911 0.7964616 0.9716877 0.9554180 0.9450214 0.9106314 0.9506589 0.9506589 0.8905098 1.0364626 0.8600939 0.8124200 1.5746796 3.8455484 1.4997317 1.3187374 1.2975548 2.9349593 3.0206970 3.3987301 2.9565175 2.6508214 2.2581926 2.2855800 3.4899994 3.8480645 3.5548594 2.2071708 2.4113517 4.0809527 4.7663511 1.9164720 
Opea_EP00118_Oscarella_pearsei_P022269                            0.6083152 0.5609689 0.5515737 0.5641426 0.5924390 0.5655025 0.5915769 0.6074274 0.6271998 0.6309947 0.5924732 0.7106838 0.8207671 0.6075539 0.5818794 0.6002915 0.6067532 0.6079991 0.6000823 0.6122381 0.6714259 0.6653726 0.6753879 0.6322216 0.6527463 0.6624448 0.6977434 0.6676343 0.7913638 0.7900134 0.8216319 0.8710346 0.8222890 0.7827039 0.7551473 0.9446112 0.8853373 0.7849563 0.7720984 0.7135676 0.6804485 0.6443091 0.7225221 0.7110357 0.0159241 0.0000000 0.4137167 0.6073180 0.7523151 0.8661415 0.8678366 0.8430777 0.8402912 0.8300715 0.8471507 0.9386398 0.9785189 0.8271258 0.7907423 1.1938791 2.0980939 1.2618429 1.5186904 1.6785841 2.2046363 2.0480608 2.4214779 2.2904513 2.3302207 2.1241311 1.8577651 2.2175993 2.3106639 2.1008411 1.8069124 1.9799346 2.4994415 3.0894851 2.7254465 
