66
Hsap_ENST00000371942                                               0.0000000 1.8034181 2.0394859 0.9112959 1.9825222 1.9905412 2.4290406 1.7989779 1.9813161 1.0147827 1.4268066 1.9070777 2.4121903 2.1366089 2.5410517 2.2164723 2.5529534 2.4341430 2.5610521 2.5531225 1.6000490 2.7159107 2.5665596 2.6790933 2.6790933 2.6748087 1.7146492 1.7946016 2.1943138 2.2098214 3.0361521 3.5964225 2.4308980 2.0691226 2.6675522 2.5094613 2.5545497 2.3002499 2.7035638 2.1834221 1.9823793 2.5284136 2.4040319 2.6501976 2.7467979 2.2623350 2.4843332 1.9909487 3.2253125 3.3860638 2.4028625 3.4149315 3.5819650 2.5999286 3.2611175 2.8936572 3.0015959 3.5489658 2.7807370 3.1755692 2.8889619 2.6805646 3.4974917 2.3520741 3.2768270 3.4802721 
Spur_XM_789798.4                                                   1.8034181 0.0000000 1.4983574 0.8675686 1.5572622 1.5824286 2.1000715 1.9093353 1.8021703 0.9923056 1.2075723 1.6241389 1.8597760 1.6827601 2.0708822 1.8703881 1.9095080 1.9416482 1.7766057 1.7513373 1.3047619 2.1574587 2.1248209 2.1686570 2.1686570 2.2641977 1.2901043 1.8620503 2.0024772 1.6620767 2.8181062 2.7688132 2.0303037 1.8967737 2.2405791 2.3520772 2.0549907 2.4041175 2.4181447 2.4061116 1.7385382 2.1791254 1.8377015 2.2641461 2.1774353 1.8718683 2.0318391 1.8143609 2.7802575 2.5115277 1.9154263 2.7080655 2.4378715 1.7598579 1.9875623 1.9355099 1.9734853 2.5568913 2.2346186 2.7545543 2.3220019 2.2843496 2.8366324 1.8526314 2.5932271 4.4532991 
Cscu_XM_023367782.1                                                2.0394859 1.4983574 0.0000000 0.7922199 1.5297824 1.7742424 2.2593302 2.0097473 2.1356367 1.0152640 1.6545812 2.1100181 2.1660060 1.7072167 2.5850216 2.6845744 2.3717043 2.3271639 2.0748625 2.2640281 1.3237962 2.3738111 2.2841932 2.5608892 2.5608892 2.4478840 1.6040558 2.2063651 1.9931189 1.9817042 3.0989954 2.7977345 2.3370754 2.3740256 2.6482947 2.1074302 2.4459479 2.3879431 2.6874875 2.4745274 2.1325606 2.6446597 2.7346519 2.5379864 2.7673261 2.4985830 2.3113330 1.9101632 3.8386465 3.0699523 2.2104189 3.2037655 3.2761253 2.2294865 2.5520083 2.6293590 2.6349348 3.1669890 2.4451008 3.2756498 2.5967903 2.8399413 3.0396874 1.8312837 3.2570547 5.2850161 
Ctel_gnl_WGS_AMQN_CAPTEDRAFT_mRNA25656                             0.9112959 0.8675686 0.7922199 0.0000000 0.7317056 0.9353911 1.0936968 1.0528767 1.0793833 1.2401419 1.0928939 1.2453066 1.1372603 1.2204826 1.4346412 1.2461734 1.1132109 1.2397488 1.2787569 1.0197388 1.2838094 1.2631795 1.2764936 1.3391472 1.3391472 1.2785605 1.5689086 1.2144233 1.1265163 1.5510443 1.5801562 1.4683111 1.1654595 1.4280336 1.3604304 1.3557163 1.3079198 1.2851042 1.6170469 1.5842423 1.3573869 1.2908869 1.3054136 1.1176308 1.3079265 1.5403093 1.2296112 1.0104611 1.8361415 1.7663513 1.9272892 1.7281277 1.9267228 1.7675923 1.7074491 1.9523850 1.9412174 1.6976174 1.6233055 1.4714837 1.4507480 1.4976320 1.5927273 0.7201552 1.3901154 3.6873699 
Cgig_XM_034452163.1                                                1.9825222 1.5572622 1.5297824 0.7317056 0.0000000 1.7103243 2.0441530 1.9930739 1.9678379 0.9564504 1.5508448 2.0835016 2.3101088 2.0104038 2.4751490 2.2792559 2.3139914 2.2597701 1.9964669 2.2594655 1.2808050 2.3195730 2.1774257 2.2357620 2.2357620 2.4853798 1.6066558 2.0496945 1.9294758 1.7111842 2.6607547 2.7554860 2.4025484 2.1014584 2.4467081 2.4800345 2.5555331 2.4418620 2.8031805 2.4436127 2.1513013 2.3963917 2.4444076 2.4760198 2.5740415 2.4639860 2.1448237 1.9831573 3.2395637 2.8382447 1.9904266 2.9523807 2.5348160 1.9109239 2.2221067 2.5420453 2.7324724 3.0519400 2.1072251 3.0461684 3.0085782 2.5448299 3.3530840 1.8651033 2.8045409 4.7070764 
Lcom_lcpid93472                                                    1.9905412 1.5824286 1.7742424 0.9353911 1.7103243 0.0000000 0.8680700 1.7494688 1.9853698 1.1276524 1.9373924 1.7484489 2.2848371 1.7146534 2.0768502 1.9880565 1.6179098 1.8865918 1.4826072 1.8638428 1.6541926 2.2227811 2.1029398 2.2047081 2.2047081 1.5506331 1.5919143 2.0229324 1.9017443 1.8120295 2.0787682 1.8427581 1.6315594 1.7684536 1.8795526 1.8150071 1.9864800 1.9215178 1.9399828 1.8919066 1.7449280 1.6781233 2.0507024 1.7516766 1.6623265 1.7411983 1.8302719 1.5856888 2.8538385 2.6383480 2.1318269 2.6749791 2.0653160 2.2537782 2.3239686 2.4760248 2.4509657 2.9527042 1.5229570 2.1242423 1.4429028 1.7163854 2.3111415 1.3005454 1.9350566 4.0794280 
Gracom_Gcom_scaffold6798_01                                        2.4290406 2.1000715 2.2593302 1.0936968 2.0441530 0.8680700 0.0000000 2.2196714 2.2400063 0.9724844 1.5792372 2.0191818 2.2320609 1.9560790 2.4532464 2.2483229 2.3232830 2.7827595 2.3362070 2.0559779 1.4841205 2.9397865 2.9062061 2.9192128 2.9192128 2.3261695 1.6550800 2.9346179 2.6962844 1.3601934 2.4929749 2.4528936 2.1215094 1.9739704 2.6828566 2.5545861 2.7535163 2.5196544 2.6997821 2.3794802 1.9727482 2.1042254 2.4415620 2.8047167 2.9200149 2.5961231 2.3707357 2.2422704 3.3703032 2.9870639 2.3216542 3.6740725 3.6052387 2.1380724 2.3440308 2.6380101 2.8160785 3.6750100 2.3848569 3.2492085 2.1196902 2.5406152 2.9460327 2.4149319 3.3351373 3.9885644 
Exapal_XM_021036207.2                                              1.7989779 1.9093353 2.0097473 1.0528767 1.9930739 1.7494688 2.2196714 0.0000000 1.0767138 0.6421787 0.8798352 1.1590015 1.5386597 1.2996182 1.7647770 1.5165191 2.0226817 1.9323499 1.6310826 2.4849174 1.5706285 2.4801991 2.6638771 2.7551375 2.7551375 2.4097864 1.4314027 2.2695165 2.4824547 1.6636368 2.7996519 2.7996828 2.2383240 1.6429039 2.2569627 2.2729506 2.3367402 2.1299753 2.4210996 2.4087360 2.1106658 2.2927653 1.9248468 1.9676077 2.1430073 2.0610338 2.3204669 2.0340981 3.2688826 2.6985565 2.2104296 2.7417956 2.9622564 2.0265841 2.2186229 2.7434505 2.7500885 2.8733411 2.1627093 3.0099789 2.4653847 2.5476151 3.1078125 2.4111950 2.5363727 4.2146874 
Nvec_v1g43493                                                      1.9813161 1.8021703 2.1356367 1.0793833 1.9678379 1.9853698 2.2400063 1.0767138 0.0000000 0.6314536 0.8279152 1.1042744 1.3287796 1.1812716 1.6791643 1.5953035 1.9859875 1.9481571 1.7225723 2.4675405 1.6227401 2.8630003 2.6893301 2.6104699 2.6104699 2.1855405 1.4662432 2.3248502 2.5587308 1.5504768 3.0917471 3.1576507 2.2238999 2.0524360 2.3224015 2.5104834 2.6203028 2.4220276 2.5873033 2.5713758 2.0142739 2.6016974 2.0655877 2.2817944 2.4203808 2.1334052 2.3178349 2.1992907 3.0897369 3.0529353 2.1750148 3.0829533 3.2574196 2.0837625 2.2743892 2.9334484 2.9690621 2.9965758 2.6146673 2.7605241 2.3088519 2.7124557 3.3016814 2.5226023 2.7782318 4.3298693 
Gfas_gfas1.m1.3884.m1                                              1.0147827 0.9923056 1.0152640 1.2401419 0.9564504 1.1276524 0.9724844 0.6421787 0.6314536 0.0000000 0.2329935 0.2539935 0.3101076 0.3730860 0.3994059 0.4751223 0.8954486 0.9338815 0.9220147 0.7759457 1.1494771 1.1494771 1.1529946 1.1623969 1.1623969 0.8657686 1.1282559 1.3618483 1.1515609 1.3039416 1.1824940 1.0794064 1.0594698 1.0771692 1.1676923 1.0108383 1.1417853 0.9365154 0.9716872 1.4357714 1.0798724 1.0169379 1.0459798 0.9617246 0.8315607 1.0789548 0.8604420 1.0187940 1.2391377 1.8868809 2.0133797 1.7869277 1.7560935 1.5782869 1.6223368 1.8730852 1.8365008 1.6164429 1.1228601 1.1738958 1.1115971 1.0397135 1.2983634 0.8411107 0.8231443 2.5014416 
Fspp_ffun1.m4.1328.m1                                              1.4268066 1.2075723 1.6545812 1.0928939 1.5508448 1.9373924 1.5792372 0.8798352 0.8279152 0.2329935 0.0000000 0.2187647 0.3213614 0.2953051 0.8212571 0.8244368 1.1144713 1.3913601 1.0952684 1.5321613 1.3705119 1.7166287 1.6202362 1.8353999 1.8353999 1.5110942 1.6213282 1.7864575 1.7247502 1.4666295 2.1015502 1.5399016 1.5065978 1.6798710 1.6935738 1.5001065 1.7785114 1.6434144 1.6951440 1.7573529 1.7601225 1.5985342 1.2497999 1.3101994 1.3494685 1.4639983 1.4577242 1.1662432 2.1040786 2.1152574 2.2642616 2.6671021 2.1060235 2.0334644 2.0164491 2.4091282 2.7842790 2.3078883 1.6642871 1.9665332 1.8809115 1.8677629 1.7622560 1.3067853 1.4326685 3.4003850 
Gasp_gasp1.m3.8389.m1                                              1.9070777 1.6241389 2.1100181 1.2453066 2.0835016 1.7484489 2.0191818 1.1590015 1.1042744 0.2539935 0.2187647 0.0000000 0.5898526 0.5038574 1.1437015 1.0237391 1.6484083 2.0593592 1.7609825 2.2186862 1.3544722 2.3591679 2.3547394 2.4815797 2.4815797 2.1032645 1.6470493 2.3291995 2.4518992 1.5075220 2.6690731 2.4957861 2.2662930 1.7903433 2.1231944 2.0241148 2.2866955 2.1894732 2.3203975 2.2102750 1.7619971 2.1959516 1.4739132 1.8060747 2.1434374 1.8960305 2.1253204 1.6247142 2.6721753 2.2963288 2.4731419 2.8684007 2.9339474 2.0526047 2.4336579 2.5467589 2.7951122 2.6564943 2.2624784 2.8444287 2.4426185 2.2384200 2.5140415 2.1905385 2.2833132 3.8295214 
Spis_XP_022783014_1                                                2.4121903 1.8597760 2.1660060 1.1372603 2.3101088 2.2848371 2.2320609 1.5386597 1.3287796 0.3101076 0.3213614 0.5898526 0.0000000 0.1591782 1.2314307 1.2094512 2.0039880 2.4705855 2.2899993 3.0170786 1.4472506 2.7884100 3.0943779 3.3381926 3.3381926 2.4589026 2.0031484 2.3835292 2.8554310 1.7601405 3.4088991 2.9730358 2.3330365 2.0260260 2.4421763 2.3347487 2.3483663 2.7767138 2.8526604 2.5388343 2.1442981 2.5697036 2.1636275 2.5871918 2.3940206 2.3694790 2.4557983 2.3749400 2.7865436 2.6817752 2.3396036 3.4069682 2.9821508 2.3620705 2.5765607 2.7337073 3.0159367 3.2084728 2.3659860 3.3396167 2.7709020 2.8060063 3.4412923 2.6441317 2.7586439 4.8039148 
Pocdam_XM_027181031.1                                              2.1366089 1.6827601 1.7072167 1.2204826 2.0104038 1.7146534 1.9560790 1.2996182 1.1812716 0.3730860 0.2953051 0.5038574 0.1591782 0.0000000 1.1461221 1.0493185 1.5906571 2.0046212 1.8651453 2.1898039 1.4824688 2.4530921 2.5531832 2.5076784 2.5076784 1.9533348 1.4926846 2.1228442 2.2077820 1.5338612 2.7284245 2.4724436 2.0620731 1.7170142 2.0143601 1.9245090 2.0502842 2.2844449 2.4110720 2.2654948 1.6526788 2.0536529 1.5328965 1.8976965 2.0995682 1.9227064 1.8909691 2.0706975 2.4554097 2.2902223 2.0629575 2.8175615 2.6233211 2.0864465 2.2737178 2.4378696 2.5826235 2.7391082 2.0959869 2.7317753 2.3009264 2.2751941 2.9212708 2.2615456 2.0765626 4.2748556 
Adig_XM_015908642.1                                                2.5410517 2.0708822 2.5850216 1.4346412 2.4751490 2.0768502 2.4532464 1.7647770 1.6791643 0.3994059 0.8212571 1.1437015 1.2314307 1.1461221 0.0000000 0.0698439 2.2280174 2.5797192 2.4177625 2.5264950 1.3048457 2.8545501 2.8692484 2.8592171 2.8592171 2.2096367 1.2376877 2.5273764 2.9037867 1.4911556 2.9485770 2.7781780 2.6195154 1.6194459 2.4215232 2.3955726 2.3395554 2.6700249 2.7403702 2.4708096 1.9371168 2.5540505 2.1399874 2.5649446 2.5209709 2.5506016 2.2248058 2.2786639 3.0854797 3.0922997 2.5827676 3.7737402 3.3190514 2.6618490 3.2311718 3.1752458 3.4636647 3.0881400 2.6047219 2.7012760 2.4370128 2.3851832 3.3851094 2.9995189 3.0306185 4.7867038 
Amil_Amillepora09705-RA                                            2.2164723 1.8703881 2.6845744 1.2461734 2.2792559 1.9880565 2.2483229 1.5165191 1.5953035 0.4751223 0.8244368 1.0237391 1.2094512 1.0493185 0.0698439 0.0000000 2.1616335 2.4298813 2.1404252 2.3978358 1.6895536 2.9312260 2.8304690 2.8567352 2.8567352 2.1818642 1.6964044 2.6539542 2.8229529 1.5124903 3.0362098 2.6312893 2.5793163 1.7797517 2.5534101 2.4823048 2.6333348 2.6269639 2.7279150 2.7971952 1.9131066 2.4069897 1.8703058 2.1459128 2.5479541 2.2924962 2.4808422 1.8968299 2.8929664 2.7542747 2.6414193 3.1340702 3.1778431 2.3619543 2.6599115 2.6936077 2.8443752 2.9300987 2.5506863 2.7549823 2.4825029 2.2802773 2.8976417 2.6828343 2.9026797 4.9316829 
Aaur_scaffold2.g31.t1                                              2.5529534 1.9095080 2.3717043 1.1132109 2.3139914 1.6179098 2.3232830 2.0226817 1.9859875 0.8954486 1.1144713 1.6484083 2.0039880 1.5906571 2.2280174 2.1616335 0.0000000 1.0666660 0.7889165 2.0543487 1.3268972 2.4964813 2.4309758 2.5025935 2.5025935 2.5521908 1.6647330 2.6040355 2.7614348 1.4608958 2.8328573 2.5532885 2.1624237 1.7386191 3.0313172 2.6465125 2.7799286 3.1353367 2.9848604 2.3232919 1.9955646 2.8830280 1.8218522 2.1017579 2.6747453 2.4967479 2.0694364 2.2197233 3.0092410 2.8914593 1.8811651 2.9386163 2.8578115 2.1737225 2.4801601 2.3796962 2.5757224 2.7600690 2.4260362 2.8826007 2.5850275 2.6358509 2.9167352 2.4932177 1.3554947 5.2718408 
Nemnom_g14022.t1                                                   2.4341430 1.9416482 2.3271639 1.2397488 2.2597701 1.8865918 2.7827595 1.9323499 1.9481571 0.9338815 1.3913601 2.0593592 2.4705855 2.0046212 2.5797192 2.4298813 1.0666660 0.0000000 0.3357654 2.6094919 1.6695120 2.7869405 2.5167932 2.5689416 2.5689416 2.4467956 1.5417192 2.7773290 2.8331707 1.4484132 2.8964660 2.3720997 2.2098416 1.8270203 2.6675062 2.7806109 2.7492858 2.9693376 3.2533491 2.5008537 2.1865976 2.5553016 2.1343621 2.1277897 2.6570532 2.5269453 2.3761243 2.1388416 3.3339888 3.2218989 2.2591185 3.1380790 2.9636264 2.1764291 2.2889071 2.7045323 2.8439897 2.9634334 2.3143138 3.1855313 2.7171291 2.6252973 3.1759808 2.5155385 1.6790394 5.4481404 
Rhoesc_Res_003793-T1                                               2.5610521 1.7766057 2.0748625 1.2787569 1.9964669 1.4826072 2.3362070 1.6310826 1.7225723 0.9220147 1.0952684 1.7609825 2.2899993 1.8651453 2.4177625 2.1404252 0.7889165 0.3357654 0.0000000 2.1775717 1.4085926 2.3768259 2.4061792 2.3026639 2.3026639 2.2035827 1.4572456 2.5379671 2.5047229 1.5851787 2.5960633 2.2530418 1.7817344 1.4052766 2.3302639 2.3294991 2.3332877 2.5576983 2.7340355 2.1391284 1.9987961 2.4799239 2.0133579 2.1734946 2.2763740 2.3169475 1.9557628 1.9630075 2.9418161 2.7144399 2.0551704 2.7012274 2.4908697 1.8560701 2.1123072 2.4620552 2.5361533 2.6778826 2.1291404 2.6253574 2.4831709 2.3538188 2.8237683 2.3726781 1.3901596 4.7961230 
Hvul_g33075_1                                                      2.5531225 1.7513373 2.2640281 1.0197388 2.2594655 1.8638428 2.0559779 2.4849174 2.4675405 0.7759457 1.5321613 2.2186862 3.0170786 2.1898039 2.5264950 2.3978358 2.0543487 2.6094919 2.1775717 0.0000000 1.2428522 2.3035577 2.1893100 2.4587319 2.4587319 2.5143427 1.6035954 2.9191972 2.6516116 1.5636530 2.7701928 2.5223913 2.4402061 2.1449047 3.0249690 2.7622105 2.6334559 3.0990228 3.3439218 2.8002005 2.4214287 2.6264361 2.3908016 2.5734259 2.3774092 2.5016049 1.6768672 2.0153979 3.0091299 3.2744277 2.5552958 3.1739571 3.3582138 1.9602110 2.3688305 2.5174220 2.4935923 3.4868859 2.7031535 3.0440602 2.6564929 2.9933304 3.4780405 2.1381194 2.9018625 5.7930928 
Tadh_TriadT19790                                                   1.6000490 1.3047619 1.3237962 1.2838094 1.2808050 1.6541926 1.4841205 1.5706285 1.6227401 1.1494771 1.3705119 1.3544722 1.4472506 1.4824688 1.3048457 1.6895536 1.3268972 1.6695120 1.4085926 1.2428522 0.0000000 0.0062900 0.2154415 0.2690294 0.2690294 1.5176021 1.5974579 1.5975897 1.3364498 1.9649699 1.9221681 1.9199390 1.3116707 1.6276527 1.6412431 1.4417397 1.7028118 1.7154702 2.0476621 1.6442264 1.8540194 1.4603078 1.6199607 1.5096795 1.1962708 1.3198692 1.3855772 1.6435232 1.4587346 1.9739993 2.0072586 2.2130523 2.0142407 2.1214966 2.1345473 1.9760358 1.9401106 2.1235374 1.5468437 1.7434954 1.7844587 1.5129635 2.0221091 1.1674000 1.4010249 3.4324884 
TrH2_TrispH2_009806-RA                                             2.7159107 2.1574587 2.3738111 1.2631795 2.3195730 2.2227811 2.9397865 2.4801991 2.8630003 1.1494771 1.7166287 2.3591679 2.7884100 2.4530921 2.8545501 2.9312260 2.4964813 2.7869405 2.3768259 2.3035577 0.0062900 0.0000000 0.4695837 0.5060357 0.5060357 2.9589183 1.5662026 2.7348378 2.6841751 1.9836541 3.6904931 3.5341699 2.3451058 1.9725463 2.8874346 2.5893655 2.7776309 3.2508821 3.7298696 2.5675299 2.3575382 2.6820557 2.6135896 3.0472696 2.7144617 2.3907455 2.4294053 2.9212342 3.0695062 2.8574149 2.0521861 3.5044247 2.8078884 2.5213885 2.9766900 2.4724044 2.4271836 3.3653452 2.4194859 3.2239744 2.7730207 2.9692465 3.7173219 2.5292814 2.8089854 5.4185467 
HoiH23_PlH23_001263-RA                                             2.5665596 2.1248209 2.2841932 1.2764936 2.1774257 2.1029398 2.9062061 2.6638771 2.6893301 1.1529946 1.6202362 2.3547394 3.0943779 2.5531832 2.8692484 2.8304690 2.4309758 2.5167932 2.4061792 2.1893100 0.2154415 0.4695837 0.0000000 0.2194564 0.2194564 2.7391077 1.4198981 2.6144781 2.8370065 1.9531593 3.6893860 3.2220923 2.3606891 2.0438756 2.5516338 2.8028029 2.6509170 2.7487641 3.2884030 2.6313364 2.3221559 2.4699211 2.3416004 2.7078525 2.7068826 2.2366403 2.4944731 2.7326968 3.1023927 2.8102576 1.8640926 3.0424847 2.9596673 2.4117163 2.8327482 2.4533052 2.4127373 3.3302774 2.3230530 2.9535331 2.8800872 2.6099205 3.6674523 2.4410559 3.1009021 5.2625989 
Hhon_g05188.t1                                                     2.6790933 2.1686570 2.5608892 1.3391472 2.2357620 2.2047081 2.9192128 2.7551375 2.6104699 1.1623969 1.8353999 2.4815797 3.3381926 2.5076784 2.8592171 2.8567352 2.5025935 2.5689416 2.3026639 2.4587319 0.2690294 0.5060357 0.2194564 0.0000000 0.0000010 2.6673063 1.5695814 2.6200459 2.6956556 1.8485394 3.6986948 3.3197221 2.3112305 2.0846311 2.8024743 2.7295081 2.7727675 3.0277103 3.4399280 2.7602019 2.4815106 2.4609135 2.3931403 2.7800416 2.5822151 2.2196074 2.6515870 2.4072615 3.1074592 2.9275053 2.0258620 3.1612485 3.0654899 2.4431221 2.7601421 2.2790114 2.2760934 3.2827596 2.3784545 2.9504640 2.7572020 2.6357011 3.4846102 2.4396744 2.9743888 4.9942842 
HoiH04_mRNA16348                                                   2.6790933 2.1686570 2.5608892 1.3391472 2.2357620 2.2047081 2.9192128 2.7551375 2.6104699 1.1623969 1.8353999 2.4815797 3.3381926 2.5076784 2.8592171 2.8567352 2.5025935 2.5689416 2.3026639 2.4587319 0.2690294 0.5060357 0.2194564 0.0000010 0.0000000 2.6673063 1.5695814 2.6200459 2.6956556 1.8485394 3.6986948 3.3197221 2.3112305 2.0846311 2.8024743 2.7295081 2.7727675 3.0277103 3.4399280 2.7602019 2.4815106 2.4609135 2.3931403 2.7800416 2.5822151 2.2196074 2.6515870 2.4072615 3.1074592 2.9275053 2.0258620 3.1612485 3.0654899 2.4431221 2.7601421 2.2790114 2.2760934 3.2827596 2.3784545 2.9504640 2.7572020 2.6357011 3.4846102 2.4396744 2.9743888 4.9942842 
Emue_Em0017g184a.t1                                                2.6748087 2.2641977 2.4478840 1.2785605 2.4853798 1.5506331 2.3261695 2.4097864 2.1855405 0.8657686 1.5110942 2.1032645 2.4589026 1.9533348 2.2096367 2.1818642 2.5521908 2.4467956 2.2035827 2.5143427 1.5176021 2.9589183 2.7391077 2.6673063 2.6673063 0.0000000 0.2855637 2.8573462 2.8594612 1.5869599 3.0599618 2.9596684 2.5235585 1.6862368 2.8973330 2.1892478 2.5365320 2.7171443 2.5848221 2.5661183 1.5797292 2.2523807 2.7980356 2.7247730 2.7339648 2.2085930 3.0191742 3.1302059 3.0734633 3.0496583 2.4093564 3.3385524 3.4174955 2.5136709 2.8651484 2.6989623 2.8989145 3.1951650 2.0588416 3.4206670 2.5102725 1.8162062 3.2070584 2.7063096 3.3872316 4.6387911 
Spolac_c100537_g1_i1_m.22775c100537-g1                             1.7146492 1.2901043 1.6040558 1.5689086 1.6066558 1.5919143 1.6550800 1.4314027 1.4662432 1.1282559 1.6213282 1.6470493 2.0031484 1.4926846 1.2376877 1.6964044 1.6647330 1.5417192 1.4572456 1.6035954 1.5974579 1.5662026 1.4198981 1.5695814 1.5695814 0.2855637 0.0000000 1.9058662 1.4501220 1.7325074 1.8936727 1.7754840 1.5532086 1.5575619 1.8398591 1.6489639 1.7938075 1.5253943 1.4705894 1.9601571 1.6088614 1.3275736 1.6757833 1.4733238 0.9316923 1.1611489 1.9825859 1.8324081 2.2899146 2.6281438 2.6745833 2.3034728 2.2770798 2.3162674 2.2008726 2.3179640 2.3779453 2.2314151 1.1160270 1.7747283 2.0990842 1.2537366 1.7338977 1.0907151 1.7312822 3.8641867 
Bralan_BLAG05101581_1                                              1.7946016 1.8620503 2.2063651 1.2144233 2.0496945 2.0229324 2.9346179 2.2695165 2.3248502 1.3618483 1.7864575 2.3291995 2.3835292 2.1228442 2.5273764 2.6539542 2.6040355 2.7773290 2.5379671 2.9191972 1.5975897 2.7348378 2.6144781 2.6200459 2.6200459 2.8573462 1.9058662 0.0000000 2.3389687 2.2268459 3.3589334 3.0695194 2.5063468 2.2493584 2.5667277 2.4559757 2.6358635 2.6786004 2.7479021 2.2972740 2.4093111 2.6547564 2.5821843 2.9311162 2.4387270 2.3156211 2.4536058 2.0608317 3.0978377 3.2771011 2.3395129 3.2732073 3.0814706 2.4896404 2.9100691 2.7695754 2.8878455 3.0435835 2.8338137 3.1159599 2.8862067 2.7695578 3.1594444 2.3752112 3.4711666 4.5772997 
Dpul_mRNA2968                                                      2.1943138 2.0024772 1.9931189 1.1265163 1.9294758 1.9017443 2.6962844 2.4824547 2.5587308 1.1515609 1.7247502 2.4518992 2.8554310 2.2077820 2.9037867 2.8229529 2.7614348 2.8331707 2.5047229 2.6516116 1.3364498 2.6841751 2.8370065 2.6956556 2.6956556 2.8594612 1.4501220 2.3389687 0.0000000 2.1653193 3.1378738 3.3668007 2.3890819 2.4626575 3.0419695 2.6157452 2.5579673 3.0991313 3.0188926 2.9987863 2.1459197 2.6212650 2.7018324 2.6709962 2.5760297 2.4725398 2.5569813 2.3263285 3.3814238 3.8801723 2.4269200 3.2986143 3.4990772 2.4709428 2.8867308 2.6211551 2.6189757 3.3667304 2.6235473 3.6154096 2.9658852 2.4979826 3.6839223 2.3312868 3.8615837 5.2261392 
Mbre_EDQ92888                                                      2.2098214 1.6620767 1.9817042 1.5510443 1.7111842 1.8120295 1.3601934 1.6636368 1.5504768 1.3039416 1.4666295 1.5075220 1.7601405 1.5338612 1.4911556 1.5124903 1.4608958 1.4484132 1.5851787 1.5636530 1.9649699 1.9836541 1.9531593 1.8485394 1.8485394 1.5869599 1.7325074 2.2268459 2.1653193 0.0000000 1.0775177 1.0206785 1.3621135 1.2202132 1.2853750 1.3307848 1.3048733 1.3200430 1.7093307 1.6755705 1.5129045 1.4258644 1.6043967 1.4165281 1.5662465 1.6262572 1.4113150 1.9584041 1.5365092 2.3272507 2.2181164 2.3063632 2.3230121 2.1180523 2.1094381 2.5400506 2.5967835 2.3652142 1.9380595 1.6697894 1.6610876 2.1192462 1.5717555 1.6820998 1.6029177 3.5155938 
Choper_EP00045_Choanoeca_perplexa_P009877                          3.0361521 2.8181062 3.0989954 1.5801562 2.6607547 2.0787682 2.4929749 2.7996519 3.0917471 1.1824940 2.1015502 2.6690731 3.4088991 2.7284245 2.9485770 3.0362098 2.8328573 2.8964660 2.5960633 2.7701928 1.9221681 3.6904931 3.6893860 3.6986948 3.6986948 3.0599618 1.8936727 3.3589334 3.1378738 1.0775177 0.0000000 0.9526324 2.4357412 1.7292227 2.3540079 2.4400137 2.5378908 2.5940700 2.8645001 2.3867533 1.9247832 2.3060583 2.5760137 2.6423093 2.8433296 2.5379772 2.7373462 2.5686886 3.0341894 3.8717667 2.0952675 3.1022000 2.9420063 2.5920055 3.0320407 3.2758979 3.3118397 3.8396770 2.8143218 2.8234762 2.5199262 3.1348974 2.6922587 2.6384906 3.5769068 4.6801726 
Chofle_EP00730_Choanoeca_flexa_P001053                             3.5964225 2.7688132 2.7977345 1.4683111 2.7554860 1.8427581 2.4528936 2.7996828 3.1576507 1.0794064 1.5399016 2.4957861 2.9730358 2.4724436 2.7781780 2.6312893 2.5532885 2.3720997 2.2530418 2.5223913 1.9199390 3.5341699 3.2220923 3.3197221 3.3197221 2.9596684 1.7754840 3.0695194 3.3668007 1.0206785 0.9526324 0.0000000 2.1626791 1.7318255 2.0710516 2.6021054 2.1495631 2.6281603 2.6547411 2.1427387 1.8353771 2.7167276 2.5060509 2.5225112 2.7059634 2.7026497 2.3568008 2.9748310 2.5973524 3.4324372 1.8151524 2.7684553 3.0289514 2.4007654 2.8317498 2.7765756 2.9626511 3.5906141 2.9398761 2.6702025 2.3119936 3.0971273 2.5690456 3.4081305 3.4896786 5.1510951 
Salkve_EP00050_Salpingoeca_kvevrii_P021442                         2.4308980 2.0303037 2.3370754 1.1654595 2.4025484 1.6315594 2.1215094 2.2383240 2.2238999 1.0594698 1.5065978 2.2662930 2.3330365 2.0620731 2.6195154 2.5793163 2.1624237 2.2098416 1.7817344 2.4402061 1.3116707 2.3451058 2.3606891 2.3112305 2.3112305 2.5235585 1.5532086 2.5063468 2.3890819 1.3621135 2.4357412 2.1626791 0.0000000 1.2139913 1.6898643 1.6396335 1.6828044 1.9430915 2.1503426 1.6549275 1.4506273 1.8440177 2.4339838 2.6874452 2.4723189 2.1475265 2.5720326 2.5348283 2.4670391 2.8528612 1.9583587 2.7135658 2.3276006 2.4225358 2.8059024 2.3443536 2.3383961 2.9310656 2.2691452 2.4408502 2.1832742 2.4238471 2.6737311 2.3450309 3.0476851 3.5473200 
Salpun_EP00053_Salpingoeca_punica_P010170                          2.0691226 1.8967737 2.3740256 1.4280336 2.1014584 1.7684536 1.9739704 1.6429039 2.0524360 1.0771692 1.6798710 1.7903433 2.0260260 1.7170142 1.6194459 1.7797517 1.7386191 1.8270203 1.4052766 2.1449047 1.6276527 1.9725463 2.0438756 2.0846311 2.0846311 1.6862368 1.5575619 2.2493584 2.4626575 1.2202132 1.7292227 1.7318255 1.2139913 0.0000000 1.3664084 1.3241750 1.5156205 1.3599752 1.5842425 1.1566778 1.5513025 1.4117302 2.0697483 1.9406773 1.4855978 1.5273953 2.4166750 2.0612780 2.6903751 2.6402046 2.1252467 2.9206453 2.1312203 2.6900967 2.6029373 2.6145986 2.7401825 3.3826797 1.7472732 1.9725750 2.1045265 1.9647788 2.0858416 1.5471544 2.3515018 3.1191781 
Salurc_EP00051_Salpingoeca_urceolata_P021407                       2.6675522 2.2405791 2.6482947 1.3604304 2.4467081 1.8795526 2.6828566 2.2569627 2.3224015 1.1676923 1.6935738 2.1231944 2.4421763 2.0143601 2.4215232 2.5534101 3.0313172 2.6675062 2.3302639 3.0249690 1.6412431 2.8874346 2.5516338 2.8024743 2.8024743 2.8973330 1.8398591 2.5667277 3.0419695 1.2853750 2.3540079 2.0710516 1.6898643 1.3664084 0.0000000 2.1901069 1.8551549 2.0738763 1.9952306 2.1427360 1.7426084 2.2975293 2.7030931 2.6122012 2.2103017 2.1289105 2.6090436 2.5022755 2.7724291 3.7765141 2.6049731 3.4698041 3.1666578 3.1827090 3.3902337 3.5782618 3.5902905 4.0095783 2.2763387 2.3737539 2.5153307 3.1325567 2.7490356 2.6660676 3.6223465 3.7191337 
Didcos_EP00039_Didymoeca_costata_P023252                           2.5094613 2.3520772 2.1074302 1.3557163 2.4800345 1.8150071 2.5545861 2.2729506 2.5104834 1.0108383 1.5001065 2.0241148 2.3347487 1.9245090 2.3955726 2.4823048 2.6465125 2.7806109 2.3294991 2.7622105 1.4417397 2.5893655 2.8028029 2.7295081 2.7295081 2.1892478 1.6489639 2.4559757 2.6157452 1.3307848 2.4400137 2.6021054 1.6396335 1.3241750 2.1901069 0.0000000 1.4799025 1.5811783 1.6233005 1.7749101 1.5200013 1.6807611 2.9312453 2.6574529 2.9001207 2.4223978 2.5264510 2.2711418 2.6411398 2.9341581 2.1928623 2.9662609 2.7026725 2.5652555 2.6676272 2.6949930 2.8549173 2.9356903 2.2344807 2.9406225 2.6028076 2.6401140 2.3523913 2.4011484 3.1347366 3.5561619 
Diagra_EP00040_Diaphanoeca_grandis_P043979                         2.5545497 2.0549907 2.4459479 1.3079198 2.5555331 1.9864800 2.7535163 2.3367402 2.6203028 1.1417853 1.7785114 2.2866955 2.3483663 2.0502842 2.3395554 2.6333348 2.7799286 2.7492858 2.3332877 2.6334559 1.7028118 2.7776309 2.6509170 2.7727675 2.7727675 2.5365320 1.7938075 2.6358635 2.5579673 1.3048733 2.5378908 2.1495631 1.6828044 1.5156205 1.8551549 1.4799025 0.0000000 1.7724472 1.7458200 1.9653738 1.8011069 1.5150356 2.8172979 2.3673140 1.8711090 1.8909233 2.3478259 2.3906381 3.1447926 3.0901395 2.1970383 2.8740047 2.9438329 2.4989912 2.6019277 2.7768094 2.9135275 3.0468706 2.4207565 3.0727134 2.6734266 2.9076106 2.4967332 2.2950399 3.0732184 3.3034180 
Acaspe_EP00035_Acanthoeca_spectabilis_P004320                      2.3002499 2.4041175 2.3879431 1.2851042 2.4418620 1.9215178 2.5196544 2.1299753 2.4220276 0.9365154 1.6434144 2.1894732 2.7767138 2.2844449 2.6700249 2.6269639 3.1353367 2.9693376 2.5576983 3.0990228 1.7154702 3.2508821 2.7487641 3.0277103 3.0277103 2.7171443 1.5253943 2.6786004 3.0991313 1.3200430 2.5940700 2.6281603 1.9430915 1.3599752 2.0738763 1.5811783 1.7724472 0.0000000 0.8782056 2.2180925 1.6998850 1.5816679 2.8081399 2.7374366 2.5192452 2.3330139 2.9949752 2.5492631 2.7612712 3.8758318 2.4540869 3.4426370 2.9267259 2.6575031 2.8792068 2.6670510 2.8195937 3.8948919 2.6090673 3.0613762 2.7285502 3.0939214 2.7554882 2.4741778 3.2050558 3.8418118 
Helnan_EP00037_Helgoeca_nana_P002606                               2.7035638 2.4181447 2.6874875 1.6170469 2.8031805 1.9399828 2.6997821 2.4210996 2.5873033 0.9716872 1.6951440 2.3203975 2.8526604 2.4110720 2.7403702 2.7279150 2.9848604 3.2533491 2.7340355 3.3439218 2.0476621 3.7298696 3.2884030 3.4399280 3.4399280 2.5848221 1.4705894 2.7479021 3.0188926 1.7093307 2.8645001 2.6547411 2.1503426 1.5842425 1.9952306 1.6233005 1.7458200 0.8782056 0.0000000 2.2772996 1.8296172 1.6519715 3.2110241 2.8902188 2.4625269 2.5179281 3.3489983 2.9858393 3.2939755 4.2314343 2.6293739 3.6625703 3.9152527 3.1246998 3.5724759 3.2087397 3.4024073 3.8060661 2.8577622 3.0604930 2.4079657 3.0367258 2.9480280 2.6572491 3.5257936 3.4847353 
Salmac_EP00052_Salpingoeca_macrocollata_P022331                    2.1834221 2.4061116 2.4745274 1.5842423 2.4436127 1.8919066 2.3794802 2.4087360 2.5713758 1.4357714 1.7573529 2.2102750 2.5388343 2.2654948 2.4708096 2.7971952 2.3232919 2.5008537 2.1391284 2.8002005 1.6442264 2.5675299 2.6313364 2.7602019 2.7602019 2.5661183 1.9601571 2.2972740 2.9987863 1.6755705 2.3867533 2.1427387 1.6549275 1.1566778 2.1427360 1.7749101 1.9653738 2.2180925 2.2772996 0.0000000 1.9592791 2.1615249 2.6152900 2.6063937 2.9723188 2.7520291 2.4706081 2.3259777 2.7615707 2.5646635 2.2689814 3.1913210 2.6900821 2.8973482 3.3668210 3.0028643 3.1342012 3.3520418 2.3519855 2.6905539 2.2508278 2.1876406 2.4949058 2.4323077 2.9893113 4.2463016 
Mylflu_EP00047_Mylnosiga_fluctuans_P015320                         1.9823793 1.7385382 2.1325606 1.3573869 2.1513013 1.7449280 1.9727482 2.1106658 2.0142739 1.0798724 1.7601225 1.7619971 2.1442981 1.6526788 1.9371168 1.9131066 1.9955646 2.1865976 1.9987961 2.4214287 1.8540194 2.3575382 2.3221559 2.4815106 2.4815106 1.5797292 1.6088614 2.4093111 2.1459197 1.5129045 1.9247832 1.8353771 1.4506273 1.5513025 1.7426084 1.5200013 1.8011069 1.6998850 1.8296172 1.9592791 0.0000000 1.7246420 1.9009178 1.8911793 2.4331252 2.0367209 2.0230804 2.2208546 2.4814961 2.8058609 2.6076983 2.2488833 2.5574575 2.3798812 2.4171204 2.6902937 2.7346886 2.9056698 1.8153592 2.3324605 2.1330581 2.1593849 2.1189647 1.8850306 2.6249978 3.5851846 
Stedip_EP00041_Stephanoeca_diplocostata_P006984                    2.5284136 2.1791254 2.6446597 1.2908869 2.3963917 1.6781233 2.1042254 2.2927653 2.6016974 1.0169379 1.5985342 2.1959516 2.5697036 2.0536529 2.5540505 2.4069897 2.8830280 2.5553016 2.4799239 2.6264361 1.4603078 2.6820557 2.4699211 2.4609135 2.4609135 2.2523807 1.3275736 2.6547564 2.6212650 1.4258644 2.3060583 2.7167276 1.8440177 1.4117302 2.2975293 1.6807611 1.5150356 1.5816679 1.6519715 2.1615249 1.7246420 0.0000000 2.6325545 2.6713147 2.8423117 2.5333209 2.5031510 2.5126612 3.0002721 3.6125728 2.7196881 3.2918932 3.3612324 2.3663074 2.7668085 3.0079984 3.2166404 3.0229047 2.2863195 2.4525085 2.4526836 2.4384986 2.7413748 2.1273681 3.8044652 3.5045694 
Dgig_XM_028539039.1                                                2.4040319 1.8377015 2.7346519 1.3054136 2.4444076 2.0507024 2.4415620 1.9248468 2.0655877 1.0459798 1.2497999 1.4739132 2.1636275 1.5328965 2.1399874 1.8703058 1.8218522 2.1343621 2.0133579 2.3908016 1.6199607 2.6135896 2.3416004 2.3931403 2.3931403 2.7980356 1.6757833 2.5821843 2.7018324 1.6043967 2.5760137 2.5060509 2.4339838 2.0697483 2.7030931 2.9312453 2.8172979 2.8081399 3.2110241 2.6152900 1.9009178 2.6325545 0.0000000 1.1721918 2.9475703 2.2730547 2.3639887 2.1377310 3.3534012 2.8036248 2.1075188 2.9401676 3.4037563 2.1163520 2.6697214 2.3938889 2.5947026 2.8542637 2.5063228 2.9828424 2.5365067 2.4360436 3.2431005 2.7136973 2.3990219 4.7692093 
Xesp_024939-T1                                                     2.6501976 2.2641461 2.5379864 1.1176308 2.4760198 1.7516766 2.8047167 1.9676077 2.2817944 0.9617246 1.3101994 1.8060747 2.5871918 1.8976965 2.5649446 2.1459128 2.1017579 2.1277897 2.1734946 2.5734259 1.5096795 3.0472696 2.7078525 2.7800416 2.7800416 2.7247730 1.4733238 2.9311162 2.6709962 1.4165281 2.6423093 2.5225112 2.6874452 1.9406773 2.6122012 2.6574529 2.3673140 2.7374366 2.8902188 2.6063937 1.8911793 2.6713147 1.1721918 0.0000000 2.2661232 2.0523891 2.4015435 2.1557013 3.2206390 2.8063506 1.9437338 2.8696925 3.0339696 2.2370913 2.6324207 2.4378922 2.3806890 2.6637780 2.5295470 3.3356504 2.8015540 2.4654895 3.2036869 2.6664029 2.6572892 4.2307127 
Ocar_g9001                                                         2.7467979 2.1774353 2.7673261 1.3079265 2.5740415 1.6623265 2.9200149 2.1430073 2.4203808 0.8315607 1.3494685 2.1434374 2.3940206 2.0995682 2.5209709 2.5479541 2.6747453 2.6570532 2.2763740 2.3774092 1.1962708 2.7144617 2.7068826 2.5822151 2.5822151 2.7339648 0.9316923 2.4387270 2.5760297 1.5662465 2.8433296 2.7059634 2.4723189 1.4855978 2.2103017 2.9001207 1.8711090 2.5192452 2.4625269 2.9723188 2.4331252 2.8423117 2.9475703 2.2661232 0.0000000 0.1236168 2.9363162 2.6272256 3.2602917 2.6351342 2.0252246 2.8934542 3.1436260 2.1017094 2.2376747 2.8323448 2.7261158 3.2933026 2.5408273 3.0248702 2.5194036 3.0310501 3.4417528 2.1526161 3.3711417 3.6328047 
Opea_EP00118_Oscarella_pearsei_P010326                             2.2623350 1.8718683 2.4985830 1.5403093 2.4639860 1.7411983 2.5961231 2.0610338 2.1334052 1.0789548 1.4639983 1.8960305 2.3694790 1.9227064 2.5506016 2.2924962 2.4967479 2.5269453 2.3169475 2.5016049 1.3198692 2.3907455 2.2366403 2.2196074 2.2196074 2.2085930 1.1611489 2.3156211 2.4725398 1.6262572 2.5379772 2.7026497 2.1475265 1.5273953 2.1289105 2.4223978 1.8909233 2.3330139 2.5179281 2.7520291 2.0367209 2.5333209 2.2730547 2.0523891 0.1236168 0.0000000 2.7934811 2.4992841 3.1633775 2.5636487 2.2607182 3.0523404 2.9915697 2.0492715 2.3230540 2.8719517 2.8133311 3.5342836 2.3489016 3.0671984 2.6009521 2.5172699 3.2520583 2.2297339 3.0042177 4.0524504 
Chem_TCONS_00023742                                                2.4843332 2.0318391 2.3113330 1.2296112 2.1448237 1.8302719 2.3707357 2.3204669 2.3178349 0.8604420 1.4577242 2.1253204 2.4557983 1.8909691 2.2248058 2.4808422 2.0694364 2.3761243 1.9557628 1.6768672 1.3855772 2.4294053 2.4944731 2.6515870 2.6515870 3.0191742 1.9825859 2.4536058 2.5569813 1.4113150 2.7373462 2.3568008 2.5720326 2.4166750 2.6090436 2.5264510 2.3478259 2.9949752 3.3489983 2.4706081 2.0230804 2.5031510 2.3639887 2.4015435 2.9363162 2.7934811 0.0000000 1.6715528 2.4589884 3.6013598 2.4702253 3.4692484 2.5981533 2.2742360 2.7098977 2.8519377 2.9671826 3.4318841 2.5638891 2.8941656 2.6427085 2.7524779 2.8284816 2.2016494 2.4364614 4.8240135 
Skow_XM_002740272.2                                                1.9909487 1.8143609 1.9101632 1.0104611 1.9831573 1.5856888 2.2422704 2.0340981 2.1992907 1.0187940 1.1662432 1.6247142 2.3749400 2.0706975 2.2786639 1.8968299 2.2197233 2.1388416 1.9630075 2.0153979 1.6435232 2.9212342 2.7326968 2.4072615 2.4072615 3.1302059 1.8324081 2.0608317 2.3263285 1.9584041 2.5686886 2.9748310 2.5348283 2.0612780 2.5022755 2.2711418 2.3906381 2.5492631 2.9858393 2.3259777 2.2208546 2.5126612 2.1377310 2.1557013 2.6272256 2.4992841 1.6715528 0.0000000 2.7342627 2.6263943 1.9665253 2.6563189 2.8759461 2.1731067 2.5363911 2.0605889 2.0895814 2.6565693 2.4490139 2.9631347 2.4910971 2.9351050 2.9209613 2.3708598 2.7284266 4.2864612 
Microa_EP00043_Microstomoeca_roanoka_P006762                       3.2253125 2.7802575 3.8386465 1.8361415 3.2395637 2.8538385 3.3703032 3.2688826 3.0897369 1.2391377 2.1040786 2.6721753 2.7865436 2.4554097 3.0854797 2.8929664 3.0092410 3.3339888 2.9418161 3.0091299 1.4587346 3.0695062 3.1023927 3.1074592 3.1074592 3.0734633 2.2899146 3.0978377 3.3814238 1.5365092 3.0341894 2.5973524 2.4670391 2.6903751 2.7724291 2.6411398 3.1447926 2.7612712 3.2939755 2.7615707 2.4814961 3.0002721 3.3534012 3.2206390 3.2602917 3.1633775 2.4589884 2.7342627 0.0000000 4.5895272 2.5475030 4.2441194 4.3520662 2.8729812 3.1243381 3.4115334 3.4681685 4.1717934 2.9787582 2.2770305 3.1759792 3.1069509 2.6907591 3.3440855 3.9814652 4.7661183 
Mlei_ML1054.g17.i1                                                 3.3860638 2.5115277 3.0699523 1.7663513 2.8382447 2.6383480 2.9870639 2.6985565 3.0529353 1.8868809 2.1152574 2.2963288 2.6817752 2.2902223 3.0922997 2.7542747 2.8914593 3.2218989 2.7144399 3.2744277 1.9739993 2.8574149 2.8102576 2.9275053 2.9275053 3.0496583 2.6281438 3.2771011 3.8801723 2.3272507 3.8717667 3.4324372 2.8528612 2.6402046 3.7765141 2.9341581 3.0901395 3.8758318 4.2314343 2.5646635 2.8058609 3.6125728 2.8036248 2.8063506 2.6351342 2.5636487 3.6013598 2.6263943 4.5895272 0.0000000 0.6067154 1.3744168 1.1694345 0.9845664 1.2349427 1.2724492 1.2855744 1.5209220 3.1779101 3.4468458 3.5250082 3.4052214 3.8937422 2.7656966 3.5031679 5.4309806 
Mertsp_Mesp_sb609919                                               2.4028625 1.9154263 2.2104189 1.9272892 1.9904266 2.1318269 2.3216542 2.2104296 2.1750148 2.0133797 2.2642616 2.4731419 2.3396036 2.0629575 2.5827676 2.6414193 1.8811651 2.2591185 2.0551704 2.5552958 2.0072586 2.0521861 1.8640926 2.0258620 2.0258620 2.4093564 2.6745833 2.3395129 2.4269200 2.2181164 2.0952675 1.8151524 1.9583587 2.1252467 2.6049731 2.1928623 2.1970383 2.4540869 2.6293739 2.2689814 2.6076983 2.7196881 2.1075188 1.9437338 2.0252246 2.2607182 2.4702253 1.9665253 2.5475030 0.6067154 0.0000000 0.7120222 0.6673591 0.7210540 0.7245600 0.8406188 0.8226528 0.7958270 2.1281349 2.2969121 2.9240575 2.7746527 2.3238659 1.6632937 2.1575299 4.0151402 
Drygla_Dgla_sb282827                                               3.4149315 2.7080655 3.2037655 1.7281277 2.9523807 2.6749791 3.6740725 2.7417956 3.0829533 1.7869277 2.6671021 2.8684007 3.4069682 2.8175615 3.7737402 3.1340702 2.9386163 3.1380790 2.7012274 3.1739571 2.2130523 3.5044247 3.0424847 3.1612485 3.1612485 3.3385524 2.3034728 3.2732073 3.2986143 2.3063632 3.1022000 2.7684553 2.7135658 2.9206453 3.4698041 2.9662609 2.8740047 3.4426370 3.6625703 3.1913210 2.2488833 3.2918932 2.9401676 2.8696925 2.8934542 3.0523404 3.4692484 2.6563189 4.2441194 1.3744168 0.7120222 0.0000000 1.5906222 1.2266828 1.4595553 1.2461855 1.3315595 1.5289892 3.1144321 2.9960031 3.1753653 3.6545902 3.2910163 3.0633565 3.8240499 5.1425994 
Beraby_Baby_sb335691                                               3.5819650 2.4378715 3.2761253 1.9267228 2.5348160 2.0653160 3.6052387 2.9622564 3.2574196 1.7560935 2.1060235 2.9339474 2.9821508 2.6233211 3.3190514 3.1778431 2.8578115 2.9636264 2.4908697 3.3582138 2.0142407 2.8078884 2.9596673 3.0654899 3.0654899 3.4174955 2.2770798 3.0814706 3.4990772 2.3230121 2.9420063 3.0289514 2.3276006 2.1312203 3.1666578 2.7026725 2.9438329 2.9267259 3.9152527 2.6900821 2.5574575 3.3612324 3.4037563 3.0339696 3.1436260 2.9915697 2.5981533 2.8759461 4.3520662 1.1694345 0.6673591 1.5906222 0.0000000 0.9793865 1.2080408 1.2344965 1.2835393 1.2952867 2.9208434 3.3224455 3.1464091 3.3487869 3.8579725 3.1191597 3.2555156 4.7342289 
Coeast_Cast_sb762416                                               2.5999286 1.7598579 2.2294865 1.7675923 1.9109239 2.2537782 2.1380724 2.0265841 2.0837625 1.5782869 2.0334644 2.0526047 2.3620705 2.0864465 2.6618490 2.3619543 2.1737225 2.1764291 1.8560701 1.9602110 2.1214966 2.5213885 2.4117163 2.4431221 2.4431221 2.5136709 2.3162674 2.4896404 2.4709428 2.1180523 2.5920055 2.4007654 2.4225358 2.6900967 3.1827090 2.5652555 2.4989912 2.6575031 3.1246998 2.8973482 2.3798812 2.3663074 2.1163520 2.2370913 2.1017094 2.0492715 2.2742360 2.1731067 2.8729812 0.9845664 0.7210540 1.2266828 0.9793865 0.0000000 0.0985582 1.3060130 1.3634018 1.0313828 2.7160864 2.7623044 2.3325548 2.7224002 2.5941948 2.0376677 2.4374323 5.1649758 
