71
Hsap_ENST00000298281                               0.0000000 2.3523318 2.9543032 3.1334283 2.9261198 2.9519538 3.3257147 2.6892529 2.5388606 3.2653524 3.0790306 2.1050143 3.3505217 3.3526867 2.3621484 3.8052174 3.9487368 3.8644278 1.9825841 3.9756016 6.0737494 5.3291239 4.4861183 2.6669155 3.0136600 3.1993250 3.0704676 2.9632565 3.0844774 3.1225596 3.0263153 3.3343030 2.4579103 2.9364532 3.5823060 3.2571913 3.0188269 2.5298778 3.4061862 2.7086989 2.7684627 2.9394003 2.8787453 2.8305851 2.3186786 3.1083212 2.8629349 3.1488707 3.6432607 4.0885910 4.1607507 2.7442248 4.1222949 4.4446325 3.9954208 3.3792647 4.0419402 3.6483407 3.3631524 3.1055937 4.0006494 4.1745052 4.3511093 4.7793123 4.4896305 3.9503095 4.4376233 4.9322777 4.2448663 4.5673789 6.3304731 
Bralan_BLAG06001057_1                              2.3523318 0.0000000 2.4052210 3.0848143 2.5674460 2.6950937 2.9116216 2.4287862 2.3384866 3.3154991 3.1005100 1.7593956 2.9700411 2.8318897 2.2372013 3.9226026 3.9233222 3.5820469 2.1397833 3.9237951 5.9735635 4.3852350 4.0113257 2.6236074 2.9255415 3.2557443 2.9599487 2.9131590 2.9460247 3.0107208 3.0933030 3.2072919 2.6462563 2.8773153 4.0981914 2.9542609 2.9868317 2.4606651 3.3239885 2.9699072 2.7513858 2.7601721 2.8024135 2.7900366 2.3576576 3.2150526 2.8472498 3.4224728 3.5600356 4.9675812 4.5648987 2.7596093 4.7475637 3.8992528 3.7037620 3.3345436 3.7813411 3.4000424 3.7429974 3.8479190 3.6056939 4.0881355 4.7724445 3.9182700 3.9562611 3.9752087 4.4821967 4.2136676 4.2821475 4.7221759 5.8231398 
Aaur_scaffold4489.g1.t1                            2.9543032 2.4052210 0.0000000 5.1108057 3.3312985 3.8146525 2.0950474 3.1525962 3.3909249 3.6917376 3.6384564 2.0857220 3.8607061 3.1330782 3.3251803 3.4949701 3.6523730 2.8323198 2.4864855 4.4891756 9.0000000 6.9354529 3.6448416 3.2555661 3.6823545 3.7844282 3.5940126 3.5504572 3.4134235 3.4130198 3.7962467 3.6281618 2.2068175 3.1932874 4.3636740 2.5961552 2.6845265 2.8579797 5.0843941 2.7507979 2.4758338 2.6221775 2.7946441 2.8658830 3.2866209 3.3169865 2.2427316 2.8596700 4.6348203 4.4608910 4.2552824 3.2525434 6.2026397 3.1506968 3.5917695 3.5626638 2.9278633 2.6683201 3.3246324 4.4705292 4.8515154 3.1640986 9.0000000 4.7696983 3.8219099 4.0558008 4.7308868 4.7566703 8.3612735 5.0995744 8.6048012 
Ocar_g4343                                         3.1334283 3.0848143 5.1108057 0.0000000 0.0000010 1.0945374 3.1523816 2.9344317 3.0058999 3.0904722 3.9494712 1.4177152 2.9068259 3.6494705 2.7570076 5.0632949 5.0840516 4.8114910 3.8603928 3.2802281 3.7033933 3.6139732 4.5897129 3.0390867 3.5699574 3.5041359 3.7949106 3.7787832 3.8136799 3.8074812 3.8472177 3.1284745 4.5546544 2.8551707 2.9221773 2.7093780 3.1092671 3.1562724 2.5654499 2.7504591 2.7181081 2.8785998 3.4026979 3.2317794 2.7684042 2.1103029 2.6196261 3.0562294 4.1281768 3.7609441 3.6099586 3.0924479 2.7109371 3.5353700 4.2288731 4.9193434 6.9335672 3.6602636 3.2543999 2.7896048 4.2198823 4.1555812 3.3298088 4.7771060 4.3176451 6.5956007 4.5868048 4.9524203 3.4662750 5.2205856 5.7756319 
Opea_EP00118_Oscarella_pearsei_P013305             2.9261198 2.5674460 3.3312985 0.0000010 0.0000000 1.2054024 2.8880724 2.6991778 2.7866978 3.0824649 3.1462396 1.9777441 2.5920983 2.2368622 2.5644999 4.3633707 4.4744897 3.6010035 2.2005948 3.2229663 3.7033933 3.6856507 3.7062193 2.6291397 2.6408496 2.9556162 2.8068168 2.7571212 2.8034306 2.8110610 2.8414781 2.6115642 2.2474879 2.2820798 3.2205104 2.5778687 2.9067116 2.5733794 2.5698535 2.6068595 2.5852033 2.6412997 2.8049132 2.7318589 2.4942538 2.3139040 2.5476300 3.0937004 3.8110010 3.4234962 4.1945984 2.8634580 3.4976472 3.7211527 3.1548935 3.3111034 4.2917466 3.4116543 3.1778058 2.9410772 3.7390277 3.8800808 3.0894026 4.5573870 4.3409191 4.5913925 4.0146116 4.1653853 4.9978747 4.7113550 5.6993499 
Plajan_Pjan_scaffold16200_01                       2.9519538 2.6950937 3.8146525 1.0945374 1.2054024 0.0000000 3.2550378 2.7583860 2.6017839 2.8610072 3.0079361 1.9862750 2.5657236 2.1240515 2.5078001 3.6427489 3.6742880 3.1000745 1.9542474 4.2044781 5.4019184 3.9752688 3.8033695 2.7381135 2.3606139 2.6334864 2.4658874 2.4079745 2.4562522 2.4793895 2.4838738 2.7341104 2.1443495 2.5681971 3.7770060 2.7808091 3.0016199 2.3701029 2.2210299 2.4131484 2.5526555 2.4839161 2.6256057 2.4864449 2.6616185 2.4473283 2.6623233 3.0700475 3.5484855 3.8617107 4.0744174 3.3567239 3.2192329 3.8188379 2.8440694 2.9988075 4.1525160 3.2739837 3.9010513 3.3461654 3.9164353 3.8385023 4.9734716 4.9566638 3.8857727 4.1832109 3.9093748 4.1419587 4.9329411 5.0777219 5.6464757 
Sanmal_Sma_010846-T1                               3.3257147 2.9116216 2.0950474 3.1523816 2.8880724 3.2550378 0.0000000 3.4809678 3.0133288 3.5286269 3.2339662 2.4526594 3.1030912 2.7483024 3.1459592 4.1502923 4.1839198 3.9366892 2.5798962 4.6706759 6.3729258 5.3919545 4.3165183 3.1006829 3.0102835 3.2149395 3.1144754 3.1246306 3.2550988 3.2528779 3.2943743 3.7012932 2.6563029 3.3294310 4.6868980 2.8935538 2.8254236 2.5135134 3.4504806 2.8146590 2.8376598 2.7459801 2.7844563 2.7405497 2.8687803 3.2597886 2.4619557 2.7608099 3.9115431 4.3938095 4.3853889 3.5407286 4.3407705 2.8240196 3.6166877 3.1061734 3.4451185 2.3397625 4.2305674 3.7225629 4.0126621 3.5411008 5.6418152 5.2849268 4.0707019 4.3651438 4.5991588 4.3711576 4.8318215 5.1176059 6.2593430 
Spur_XM_030980551.1                                2.6892529 2.4287862 3.1525962 2.9344317 2.6991778 2.7583860 3.4809678 0.0000000 2.5499900 3.4532031 3.4562168 2.0726290 3.3234218 2.8138402 2.6298922 3.8899404 3.9506956 4.0845557 2.5653108 3.7219832 5.2552073 5.1726464 4.3477948 3.0605345 2.9394442 3.1546324 2.9703469 2.9372548 3.0305007 3.0695530 3.0512883 3.2130000 2.8719849 2.7344003 4.0892614 3.3533965 3.2066968 3.1567477 3.9080684 3.2756661 3.3135207 3.2550958 3.3811354 3.4243685 2.2963225 3.0619757 3.3359172 3.7476185 3.2182317 4.4670679 3.7200121 2.7607330 4.1886467 4.7521437 4.0607090 3.0703870 4.3573245 3.5628497 3.8849335 3.0868147 3.8737774 4.2809373 5.2462773 3.9141082 4.1806112 4.2264343 4.5428263 4.0978743 4.8917668 4.8775822 6.1942873 
Cgig_XM_011443902.3                                2.5388606 2.3384866 3.3909249 3.0058999 2.7866978 2.6017839 3.0133288 2.5499900 0.0000000 3.0417338 3.1241375 2.2262034 3.0831665 2.4428409 1.6789218 3.4525804 3.4348774 3.7674772 2.2359481 3.4336983 4.6009382 3.8947888 3.9193293 2.5906888 2.5880837 2.7098337 2.8538754 2.7502759 2.9140209 2.8740954 2.9601326 3.3011733 2.6201894 3.2331931 3.9392844 3.0436651 2.8236556 2.6917965 3.2249373 2.8845536 2.8698449 2.9754021 2.8528142 2.8342798 2.4287017 2.9556059 3.0064206 3.3121502 3.4621602 4.4366216 3.9738239 2.4757820 4.1308905 4.5926135 3.3129159 3.3832148 4.3418450 3.5374580 3.9024844 3.6675739 3.9792436 4.0476121 4.2218176 4.1022320 4.1772544 3.6194950 4.7496554 4.9430456 4.2789811 4.6614637 5.4812641 
Aque_Aqu2.1.25869_001                              3.2653524 3.3154991 3.6917376 3.0904722 3.0824649 2.8610072 3.5286269 3.4532031 3.0417338 0.0000000 1.3282476 1.2628860 1.9984601 2.0993476 3.6994693 3.7342129 3.6757938 4.1128177 2.4763342 3.1486251 3.0813103 3.5558790 4.0963903 3.5503882 3.0317750 3.2605555 3.1343513 3.1221115 3.2723105 3.3012947 3.2049366 3.0165807 3.3065092 2.6092157 4.3087101 3.6198016 3.4383892 3.5939592 3.7958790 3.5401757 3.6685291 3.5195100 3.7842236 3.6432928 3.6104515 2.4208243 3.1730793 3.6568372 3.8714967 3.8436282 4.2938761 4.1213136 3.6252121 4.4285407 2.4606915 3.5935887 4.2581944 3.4134913 4.4116160 3.3136936 4.2505021 4.2989690 3.0089573 5.2652200 4.0498752 5.2245633 4.3761641 4.1695497 5.1832887 4.8813762 6.3234570 
Xestes_maker-XT_scaffold4407-snap-gene-0.32-mRNA-1 3.0790306 3.1005100 3.6384564 3.9494712 3.1462396 3.0079361 3.2339662 3.4562168 3.1241375 1.3282476 0.0000000 1.2124803 2.2634281 1.9547443 2.9631484 3.3348817 3.3176800 3.3486466 2.3701103 2.8347350 3.7161972 3.7887226 3.3998277 3.3468363 2.8577521 3.1090952 3.0040887 2.9455443 2.9930480 3.0610519 2.9987394 3.0830852 2.6420143 2.6981486 4.0164992 3.0106075 2.9584783 2.9137966 3.7987172 2.9428143 3.0567689 3.1001356 3.1104003 2.9507371 3.3320167 2.0790686 2.7041703 3.1532426 4.3630775 4.1830303 4.6026930 3.4710673 3.8396033 4.5046317 2.2455934 3.4458789 4.1404132 3.8651522 4.2764702 3.5587167 4.2449046 4.1144643 2.4876833 5.1836019 4.1862844 4.4441165 4.7048115 4.9054311 4.9461235 4.7359638 5.7501007 
Stycar_maker-SC_scaffold2307-snap-gene-0.4-mRNA-1  2.1050143 1.7593956 2.0857220 1.4177152 1.9777441 1.9862750 2.4526594 2.0726290 2.2262034 1.2628860 1.2124803 0.0000000 1.2251914 1.0988497 2.0042844 2.8881891 2.8928425 3.1216662 2.6610577 3.3707950 1.9522552 5.4504222 2.7703883 2.0527198 2.2057242 2.3378439 2.3731151 2.3323699 2.3964207 2.3734552 2.4309339 1.9617451 1.8520796 2.1259813 4.9636972 2.3284580 2.2502039 2.3258863 0.5940511 2.3628559 2.1718270 2.2255279 2.0438520 2.0104591 2.0563945 1.2145447 2.0252279 2.3897235 2.8319911 2.3955765 4.0636222 2.0719544 3.9062849 2.9613328 1.2849026 2.9939715 2.9922932 2.7600741 3.1879274 1.5953733 3.2392053 3.0505069 1.8524862 4.1987173 2.4319186 3.0459020 3.0743722 3.1157999 5.6295657 4.9894947 6.1212822 
Emue_Em0022g161a.t1                                3.3505217 2.9700411 3.8607061 2.9068259 2.5920983 2.5657236 3.1030912 3.3234218 3.0831665 1.9984601 2.2634281 1.2251914 0.0000000 0.3618791 3.3216471 4.1120044 4.0494839 3.7064789 2.3454581 3.8263174 5.6104385 4.7255119 4.4298804 3.0770334 3.1763134 3.4952994 3.3494895 3.3044719 3.4042454 3.4523101 3.2831588 3.0074264 2.4798744 3.1245691 4.6749083 3.3167261 3.1355280 3.1600795 3.3012814 3.0976129 3.1938828 3.1562985 3.0692348 2.9663235 3.3634731 2.1023131 2.8949104 3.0322794 3.9740683 4.0204468 4.3335314 3.4847017 4.0379626 4.1191673 2.4072362 4.1146630 4.0890747 3.6021623 4.6853467 3.8069188 4.1929858 4.1245608 4.6070537 4.4852871 4.6089398 4.9013229 4.1681711 4.0801362 5.2269261 5.3755184 7.1482402 
Spolac_c101518_g2_i4_m.25866c101518-g2             3.3526867 2.8318897 3.1330782 3.6494705 2.2368622 2.1240515 2.7483024 2.8138402 2.4428409 2.0993476 1.9547443 1.0988497 0.3618791 0.0000000 3.2570280 3.8151360 4.0487973 3.8369473 2.3877442 3.7475985 0.0000010 3.6302835 3.9991592 3.1629595 2.4987530 2.9980633 2.5815854 2.4384071 2.4456656 2.5064183 2.5686356 2.2971587 1.9444138 1.9849840 5.9575721 2.8413653 2.7245078 3.0292504 3.5420087 2.9831060 3.1582681 3.3776635 3.0291401 3.0079268 2.9119729 1.7672328 2.6116599 2.9183294 2.9480209 2.0089550 4.2274875 3.0922901 4.6750555 4.9315787 2.1185976 3.6380801 3.0265267 3.2998150 4.6677872 1.8631137 4.1741844 4.2047232 0.6774177 4.1315724 3.3173191 3.5910642 3.4086598 3.9617244 7.9533604 5.3287768 6.0434204 
Acagra_model.g9791.t1                              2.3621484 2.2372013 3.3251803 2.7570076 2.5644999 2.5078001 3.1459592 2.6298922 1.6789218 3.6994693 2.9631484 2.0042844 3.3216471 3.2570280 0.0000000 3.6410908 3.6151778 3.3172316 2.1102896 3.9971844 5.8962217 4.4594411 3.6935692 2.4477234 2.8627529 2.9602318 2.9644173 2.8822951 2.9580140 2.9919146 2.8248383 3.2595342 2.7142215 2.8611233 3.6323034 3.0642976 3.0321630 2.7016723 3.3522745 3.0636002 3.0081377 3.0236505 3.1425884 3.1244456 2.2539715 3.2301349 2.7195717 3.0062386 3.6208859 4.0879464 3.7525415 2.2991161 3.9079861 3.9548370 3.8648311 3.2087187 4.0527784 3.5009116 3.4613761 3.7785292 3.6243614 3.9246439 3.8123172 3.6066958 4.1146164 4.1843004 4.3891827 4.3235470 4.6612174 4.1054845 5.3323606 
Pbac_sb2669536                                     3.8052174 3.9226026 3.4949701 5.0632949 4.3633707 3.6427489 4.1502923 3.8899404 3.4525804 3.7342129 3.3348817 2.8881891 4.1120044 3.8151360 3.6410908 0.0000000 0.0435802 1.2554284 0.5978932 1.7208345 2.0019575 1.9297620 1.4851029 4.1066185 3.7071085 3.9566334 3.6911961 3.6815285 3.8691384 3.8234479 4.1315095 4.0352382 3.2213920 3.7506584 5.0855221 3.7899940 3.8675648 3.8960083 5.2806816 4.3389418 4.2449195 3.9650794 3.9830206 4.0772888 4.0911527 4.1402714 3.4751697 3.8966373 4.1142007 5.1582511 4.5511136 3.9440714 6.2912316 4.4197921 3.4619861 3.7770549 5.0383006 4.3903383 4.9609147 5.1839057 5.0600435 4.6396951 2.1836433 4.0648382 4.3741591 5.2493084 4.2167323 4.6781097 5.5786083 5.3785205 3.8214397 
Horcal_Hcv1.av93.c7.g236.i1                        3.9487368 3.9233222 3.6523730 5.0840516 4.4744897 3.6742880 4.1839198 3.9506956 3.4348774 3.6757938 3.3176800 2.8928425 4.0494839 4.0487973 3.6151778 0.0435802 0.0000000 1.3026317 0.7548135 1.7132387 2.1213727 1.8585612 1.5288600 4.0872693 3.8137107 4.0929530 3.6507398 3.6689964 3.8514721 3.8059273 4.1125420 4.0244206 3.1564803 3.7649172 4.8978938 3.9675991 3.9631783 4.1672690 4.8822461 4.4555512 4.3946787 4.2123849 4.2166785 4.3147292 4.0448324 4.0335362 3.5394724 4.0983448 4.1422711 5.0476196 4.5364741 3.8693466 6.1783617 4.3653313 3.3754147 3.6768222 5.1788893 4.5404988 5.1227004 4.7562776 5.0100237 4.6725773 2.0326773 4.0590798 4.2886202 5.2381082 4.2397027 4.5711941 5.5476796 5.4271800 3.8072748 
Lampan_Lpan_12555_01                               3.8644278 3.5820469 2.8323198 4.8114910 3.6010035 3.1000745 3.9366892 4.0845557 3.7674772 4.1128177 3.3486466 3.1216662 3.7064789 3.8369473 3.3172316 1.2554284 1.3026317 0.0000000 0.5077673 2.8770904 7.9915850 7.6224546 1.3847245 4.1759762 2.6975738 2.9374172 2.9015948 2.9021165 2.9953384 2.9563362 3.3319054 3.3159357 2.6384387 2.7054771 4.7250533 3.6967967 4.3476698 3.6818837 5.1215721 3.8108891 3.6756110 3.9998640 3.8882272 3.8366267 3.9004425 3.9159580 3.4513891 3.9740221 3.9811914 6.1705626 4.7530885 3.8105731 6.7211226 5.6517732 3.6285596 3.3160203 4.3765734 4.1290403 5.0645600 2.8628139 4.6054943 4.7433925 4.7373292 4.0138112 4.4938082 3.5323061 3.8142342 4.1271254 7.1164655 4.8337969 2.9420867 
Beraby_Baby_sb326537                               1.9825841 2.1397833 2.4864855 3.8603928 2.2005948 1.9542474 2.5798962 2.5653108 2.2359481 2.4763342 2.3701103 2.6610577 2.3454581 2.3877442 2.1102896 0.5978932 0.7548135 0.5077673 0.0000000 2.2134856 0.0000010 3.2594054 0.6963976 2.2403431 1.9961500 2.0108958 2.1566676 2.0494612 2.0376598 2.0675001 2.3095070 1.7998390 1.6764916 1.6545174 5.2804119 2.1959476 2.1543266 2.3717570 2.7442081 2.6946056 2.3689986 2.4367947 2.2998593 2.2575407 2.1614750 2.4794851 2.3775120 2.3083151 3.1796916 8.9199129 3.8702452 2.4535650 4.7686981 2.6048744 2.0095627 2.8643331 2.4737565 2.2088616 2.7112445 2.0322599 2.9848736 2.9583127 0.5428141 4.3339772 3.2725527 3.4064400 2.5968502 2.9686049 8.9999986 4.7014567 1.9191021 
Bolinf_Binf_sb1252422                              3.9756016 3.9237951 4.4891756 3.2802281 3.2229663 4.2044781 4.6706759 3.7219832 3.4336983 3.1486251 2.8347350 3.3707950 3.8263174 3.7475985 3.9971844 1.7208345 1.7132387 2.8770904 2.2134856 0.0000000 0.0248223 1.4334926 1.3911547 4.7071384 3.7880124 3.7880124 3.5988537 3.6528282 3.5938025 3.5938025 3.8994297 3.6973255 5.6082387 4.3216479 4.0415047 4.1362959 4.3609626 3.3631868 4.6998566 4.4780734 3.9867438 4.0932922 4.2290533 3.8264924 4.0977401 4.0300687 3.3304905 3.9989565 4.4321279 4.8526677 4.5016347 4.6233335 4.1184668 3.9888982 3.1188426 3.7933030 6.5624584 4.8631804 5.2478356 5.4339324 4.8900937 4.9707557 2.9525152 4.6575997 4.7747661 6.9391703 5.3610394 4.7878349 4.7668040 3.9604196 5.8379259 
Mertsp_Mesp_sb537229                               6.0737494 5.9735635 9.0000000 3.7033933 3.7033933 5.4019184 6.3729258 5.2552073 4.6009382 3.0813103 3.7161972 1.9522552 5.6104385 0.0000010 5.8962217 2.0019575 2.1213727 7.9915850 0.0000010 0.0248223 0.0000000 1.9635194 1.6404087 7.3896947 4.5665172 4.5665172 4.5556066 4.7657173 4.6405539 4.6405539 5.1060021 4.4999872 8.9999985 5.2879005 6.7465060 5.0011719 5.8601032 5.5413561 7.0885583 7.0672384 5.9832349 6.4261953 6.6705179 5.2850770 6.2084897 5.7152919 4.4385737 5.8195220 5.6497029 6.0519294 5.9676810 7.2637040 5.5939155 5.6731003 4.7678572 8.9999984 7.7676180 7.0022534 7.5392707 7.2439786 5.4822927 6.7269162 3.3300450 6.3049510 7.0007759 8.9999989 5.9922641 8.0775916 6.6973279 4.8742868 6.7849466 
Coeast_Cast_sb805906                               5.3291239 4.3852350 6.9354529 3.6139732 3.6856507 3.9752688 5.3919545 5.1726464 3.8947888 3.5558790 3.7887226 5.4504222 4.7255119 3.6302835 4.4594411 1.9297620 1.8585612 7.6224546 3.2594054 1.4334926 1.9635194 0.0000000 0.0965055 4.5541231 4.7897086 4.8287249 4.9906323 4.6711346 4.3475478 4.3475478 4.6842565 5.0404863 8.6822191 4.4065737 4.8264167 4.8180703 5.1755488 5.2788207 4.9167040 5.0366927 5.3025804 4.6110597 4.8169872 4.7290891 4.6667222 4.6826179 3.9038055 4.4997798 5.5692676 4.7005322 5.1832970 4.9970584 3.2316069 4.7301825 5.2498894 5.3732439 8.9999985 5.8705402 5.3310979 5.9285394 5.0715008 5.1363066 2.1656369 4.2721517 5.5125258 7.9400507 5.6558228 5.5643948 4.7405078 7.0549227 7.8425989 
Coemet_Cmet_scaffold19059_01                       4.4861183 4.0113257 3.6448416 4.5897129 3.7062193 3.8033695 4.3165183 4.3477948 3.9193293 4.0963903 3.3998277 2.7703883 4.4298804 3.9991592 3.6935692 1.4851029 1.5288600 1.3847245 0.6963976 1.3911547 1.6404087 0.0965055 0.0000000 4.4006999 3.6676115 4.0676060 3.9439012 3.7875669 3.7708153 3.7604758 4.2280638 4.3431228 3.2875604 3.4998920 5.5028545 4.5484387 4.5619038 3.8261594 4.6498102 4.6008471 4.4395952 4.1498020 4.1421737 4.1791616 4.2375963 4.1061596 4.0048056 3.8980467 4.1838976 4.7047476 5.0040525 4.1620526 4.3313304 5.1667078 4.2705712 3.1455615 5.9664461 4.8708200 5.2464324 4.7613033 4.7202641 4.8852914 2.2285205 4.1457950 4.8975343 4.5689457 4.5899127 5.0607169 6.2000152 5.1974745 5.7793991 
Cscu_XM_023388972.1                                2.6669155 2.6236074 3.2555661 3.0390867 2.6291397 2.7381135 3.1006829 3.0605345 2.5906888 3.5503882 3.3468363 2.0527198 3.0770334 3.1629595 2.4477234 4.1066185 4.0872693 4.1759762 2.2403431 4.7071384 7.3896947 4.5541231 4.4006999 0.0000000 2.5892841 2.9239185 2.6695628 2.6080019 2.7374202 2.7094021 2.6086140 3.4554088 2.7541380 2.9742674 4.2992477 3.3351561 3.2199242 2.8780697 3.6518838 3.0039319 3.0014851 2.9711208 2.9916139 2.9264202 2.4511091 2.9816785 2.9652872 3.2174426 3.1941899 4.0579028 3.8415114 2.8968475 3.5293216 4.4652442 3.9827600 3.6976868 4.7089235 3.9669512 3.6480858 3.7905438 4.4018230 4.0076837 4.5194020 3.9279121 4.3658240 4.2228627 4.1421181 3.8731172 4.9632327 4.9518627 6.0495864 
Tadh_TriadT56575                                   3.0136600 2.9255415 3.6823545 3.5699574 2.6408496 2.3606139 3.0102835 2.9394442 2.5880837 3.0317750 2.8577521 2.2057242 3.1763134 2.4987530 2.8627529 3.7071085 3.8137107 2.6975738 1.9961500 3.7880124 4.5665172 4.7897086 3.6676115 2.5892841 0.0000000 0.0043173 0.4206959 0.3752641 0.4267604 0.4433492 0.4292300 2.5041507 2.1951567 2.5749691 3.4990384 2.7892119 2.9913124 2.4918456 3.1978352 2.7769592 2.6596128 2.6914072 2.7386419 2.6403682 2.8017416 2.9379797 2.6089159 2.8098439 3.2510955 4.3745969 3.5618282 3.4826235 3.4731575 3.6310635 3.5769882 2.8139142 4.2299864 2.9836475 3.5585848 3.1676101 3.6093980 3.3684598 5.5695508 4.1660929 3.9123127 4.1223361 4.0516683 4.0486561 4.8511416 4.1311311 5.7464886 
TrH2_TrispH2_001936-RA                             3.1993250 3.2557443 3.7844282 3.5041359 2.9556162 2.6334864 3.2149395 3.1546324 2.7098337 3.2605555 3.1090952 2.3378439 3.4952994 2.9980633 2.9602318 3.9566334 4.0929530 2.9374172 2.0108958 3.7880124 4.5665172 4.8287249 4.0676060 2.9239185 0.0043173 0.0000000 0.4489539 0.3945022 0.4596797 0.4785407 0.4541641 2.7311244 2.4034321 2.8066135 3.4397798 2.9332507 3.2207532 2.6616667 3.1869479 2.9397941 2.8087513 2.8770471 2.9005519 2.8172625 2.9971737 3.2307301 2.8349229 3.1324970 3.1720574 4.4534605 3.6527584 3.6797446 3.4692463 3.6425743 4.1499313 3.2028037 4.5369393 3.1887373 3.5110872 3.2833734 3.7006699 3.5194435 5.6643423 4.3952751 4.1943774 4.4906101 4.3532551 4.5345707 4.8704784 4.5792081 5.6835931 
HoiH06_mRNA7499                                    3.0704676 2.9599487 3.5940126 3.7949106 2.8068168 2.4658874 3.1144754 2.9703469 2.8538754 3.1343513 3.0040887 2.3731151 3.3494895 2.5815854 2.9644173 3.6911961 3.6507398 2.9015948 2.1566676 3.5988537 4.5556066 4.9906323 3.9439012 2.6695628 0.4206959 0.4489539 0.0000000 0.0723359 0.1469847 0.1541883 0.2524724 2.8330378 2.1750855 2.5689055 3.6448064 2.8916201 2.8901301 2.4771056 3.1122212 2.9083998 2.7278410 2.8032503 2.7484861 2.7121022 2.9346395 2.9805464 2.7474777 3.0964162 3.4920889 4.5724225 3.8166817 3.4943606 3.6020501 3.9824450 3.7839868 2.9423058 4.5595170 2.9866892 3.5911763 3.3602385 3.9386632 3.3451169 5.9839566 4.4995220 4.1639127 4.5487074 4.1685743 4.0410862 5.3731769 4.4500672 5.7586970 
HoiH23_PlH23_007492-RA                             2.9632565 2.9131590 3.5504572 3.7787832 2.7571212 2.4079745 3.1246306 2.9372548 2.7502759 3.1221115 2.9455443 2.3323699 3.3044719 2.4384071 2.8822951 3.6815285 3.6689964 2.9021165 2.0494612 3.6528282 4.7657173 4.6711346 3.7875669 2.6080019 0.3752641 0.3945022 0.0723359 0.0000000 0.1298068 0.1418288 0.2311223 2.8288677 2.2031270 2.6342507 3.7606028 2.8408981 2.8532410 2.5235338 3.1399604 2.8782080 2.7544518 2.8047217 2.6959462 2.6580940 2.8257475 2.9109147 2.7445997 3.0784877 3.3571694 4.6996138 3.8694421 3.5229200 3.5529621 3.8557700 3.6647119 2.8882769 4.3238475 3.0026655 3.6063787 3.1840442 3.8735905 3.3339326 5.7814961 4.3912057 4.1579894 4.3892722 4.1749130 4.0615795 5.3862646 4.3620468 5.5472638 
Hhon_g08835.t1                                     3.0844774 2.9460247 3.4134235 3.8136799 2.8034306 2.4562522 3.2550988 3.0305007 2.9140209 3.2723105 2.9930480 2.3964207 3.4042454 2.4456656 2.9580140 3.8691384 3.8514721 2.9953384 2.0376598 3.5938025 4.6405539 4.3475478 3.7708153 2.7374202 0.4267604 0.4596797 0.1469847 0.1298068 0.0000000 0.0148970 0.2763619 2.9043478 2.1948922 2.7445552 3.7987415 2.9829947 2.8555699 2.4442620 3.0634133 2.7787796 2.8502252 2.8220441 2.7352924 2.6900334 2.8552095 2.9802515 2.6661925 3.0245587 3.6089182 4.5732320 3.9760688 3.5671110 3.7558960 3.9115451 3.5458454 2.7687190 4.2734805 3.0527138 3.5948981 3.1099267 3.8673548 3.5104535 5.8051963 4.6668804 4.2519944 4.5579204 4.3815902 4.3432542 5.2687810 4.6806691 5.7743076 
HoiH04_mRNA9927                                    3.1225596 3.0107208 3.4130198 3.8074812 2.8110610 2.4793895 3.2528779 3.0695530 2.8740954 3.3012947 3.0610519 2.3734552 3.4523101 2.5064183 2.9919146 3.8234479 3.8059273 2.9563362 2.0675001 3.5938025 4.6405539 4.3475478 3.7604758 2.7094021 0.4433492 0.4785407 0.1541883 0.1418288 0.0148970 0.0000000 0.2875826 2.9459326 2.2424872 2.7471458 3.8126712 3.0294397 2.8459616 2.4878226 3.1070613 2.8236678 2.8929705 2.8955043 2.7920916 2.7431213 2.8735629 2.9750360 2.7038235 3.0507995 3.6392388 4.5821385 3.9654061 3.5745936 3.7440743 3.9713083 3.5786386 2.8380379 4.3473718 3.0276917 3.5953639 3.1099267 3.8605161 3.5225770 5.8051963 4.7252848 4.2844085 4.5003632 4.3546355 4.2977806 5.3329099 4.6031469 5.8221045 
HoiH11_mRNA8185                                    3.0263153 3.0933030 3.7962467 3.8472177 2.8414781 2.4838738 3.2943743 3.0512883 2.9601326 3.2049366 2.9987394 2.4309339 3.2831588 2.5686356 2.8248383 4.1315095 4.1125420 3.3319054 2.3095070 3.8994297 5.1060021 4.6842565 4.2280638 2.6086140 0.4292300 0.4541641 0.2524724 0.2311223 0.2763619 0.2875826 0.0000000 2.8330851 2.3085718 2.7730184 3.8344715 3.1006986 2.9678171 2.6019749 3.2737359 2.9334193 2.9041169 2.8694349 2.8295874 2.8153046 3.0101762 3.0204896 2.7644881 2.9708898 3.3307388 4.7990590 3.8925645 3.5277253 3.8323770 3.8561578 3.9383834 2.9201750 4.5518934 3.2327040 3.6427995 3.1065179 3.7867863 3.3603065 5.2403409 4.3792875 4.0711161 4.2284173 4.1865964 4.0122437 5.1822062 4.3209226 5.8956027 
Scil_scict009250.3                                 3.3343030 3.2072919 3.6281618 3.1284745 2.6115642 2.7341104 3.7012932 3.2130000 3.3011733 3.0165807 3.0830852 1.9617451 3.0074264 2.2971587 3.2595342 4.0352382 4.0244206 3.3159357 1.7998390 3.6973255 4.4999872 5.0404863 4.3431228 3.4554088 2.5041507 2.7311244 2.8330378 2.8288677 2.9043478 2.9459326 2.8330851 0.0000000 1.1442076 0.9639229 1.8963830 3.0189984 3.1416969 2.9439885 4.2271466 3.0206643 3.3621597 3.2119145 3.3282749 3.2767747 3.4439105 3.3324296 2.6719953 3.3718780 3.5267231 3.7483689 4.0863310 3.7686267 2.5028767 4.6030329 3.2522677 2.8920449 3.9885357 3.9069012 4.0577499 3.0111091 3.5964930 4.1232139 4.1966199 4.0410969 3.7675639 4.5733798 3.7586067 3.9699886 4.6710099 3.8721471 5.2790292 
Lcom_lcpid93309                                    2.4579103 2.6462563 2.2068175 4.5546544 2.2474879 2.1443495 2.6563029 2.8719849 2.6201894 3.3065092 2.6420143 1.8520796 2.4798744 1.9444138 2.7142215 3.2213920 3.1564803 2.6384387 1.6764916 5.6082387 8.9999985 8.6822191 3.2875604 2.7541380 2.1951567 2.4034321 2.1750855 2.2031270 2.1948922 2.2424872 2.3085718 1.1442076 0.0000000 0.9297032 4.6077306 2.5713851 2.4269794 2.4908172 4.2091518 2.5202173 2.7592375 2.5365584 2.4817176 2.5356524 2.4548523 3.0816824 2.3690961 2.8575261 3.4473929 5.3620299 3.9726873 3.0267690 4.4694515 3.7876866 2.9538414 2.8339334 2.5848694 2.9201719 3.5653674 4.5038552 3.1382541 3.5681233 6.6803874 4.3878450 3.8329813 3.2723446 2.9599969 4.6113912 5.1853048 4.1302426 4.4480751 
Gracom_Gcom_scaffold18746_01                       2.9364532 2.8773153 3.1932874 2.8551707 2.2820798 2.5681971 3.3294310 2.7344003 3.2331931 2.6092157 2.6981486 2.1259813 3.1245691 1.9849840 2.8611233 3.7506584 3.7649172 2.7054771 1.6545174 4.3216479 5.2879005 4.4065737 3.4998920 2.9742674 2.5749691 2.8066135 2.5689055 2.6342507 2.7445552 2.7471458 2.7730184 0.9639229 0.9297032 0.0000000 1.6759461 2.7882518 3.0124128 3.1302605 4.3223719 3.1165267 3.3150384 3.0924246 3.2233014 3.1059999 3.0534382 3.1171355 2.6056180 3.1704658 3.3740505 3.7360507 3.6158933 3.3391714 2.6221436 4.0957880 3.5043302 3.1415895 3.6844930 3.1989388 3.5366071 3.1980632 3.6462206 3.6591436 3.8045255 4.2610528 3.8908513 4.4875635 3.6712373 3.7663217 4.5655257 4.3871587 5.7902800 
Leuniv_Lniv_C812772_01                             3.5823060 4.0981914 4.3636740 2.9221773 3.2205104 3.7770060 4.6868980 4.0892614 3.9392844 4.3087101 4.0164992 4.9636972 4.6749083 5.9575721 3.6323034 5.0855221 4.8978938 4.7250533 5.2804119 4.0415047 6.7465060 4.8264167 5.5028545 4.2992477 3.4990384 3.4397798 3.6448064 3.7606028 3.7987415 3.8126712 3.8344715 1.8963830 4.6077306 1.6759461 0.0000000 3.3539293 3.1479507 3.0955833 3.0410671 3.4378282 3.2944146 3.4630410 3.4548071 3.3497429 4.2409353 3.4066831 2.9731899 3.6625441 4.1464913 4.1516401 4.1092363 3.8941015 2.0931793 4.0852791 6.3144529 4.6379668 7.7206919 4.2724768 3.9168245 3.7423592 4.5028339 4.7158436 4.2754693 4.7046261 4.9123118 5.0806031 4.5840236 6.0495456 4.2542505 5.3115835 7.1772941 
Exapal_XM_021061880.2                              3.2571913 2.9542609 2.5961552 2.7093780 2.5778687 2.7808091 2.8935538 3.3533965 3.0436651 3.6198016 3.0106075 2.3284580 3.3167261 2.8413653 3.0642976 3.7899940 3.9675991 3.6967967 2.1959476 4.1362959 5.0011719 4.8180703 4.5484387 3.3351561 2.7892119 2.9332507 2.8916201 2.8408981 2.9829947 3.0294397 3.1006986 3.0189984 2.5713851 2.7882518 3.3539293 0.0000000 1.6320091 1.4233056 2.5630959 1.6961785 1.6308045 1.6875086 1.7741962 1.7400592 2.6687088 3.4123241 2.2294173 2.5138399 3.3441692 4.1349720 4.2255166 3.4498458 4.2241886 4.2323128 3.9865352 3.7467360 4.2840762 3.7719201 4.7748424 3.2324077 3.7146927 3.9961351 4.6666938 3.9080708 3.9166999 3.6538838 4.2783410 4.7555116 5.2012387 4.4805929 6.5112592 
Nvec_v1g79631                                      3.0188269 2.9868317 2.6845265 3.1092671 2.9067116 3.0016199 2.8254236 3.2066968 2.8236556 3.4383892 2.9584783 2.2502039 3.1355280 2.7245078 3.0321630 3.8675648 3.9631783 4.3476698 2.1543266 4.3609626 5.8601032 5.1755488 4.5619038 3.2199242 2.9913124 3.2207532 2.8901301 2.8532410 2.8555699 2.8459616 2.9678171 3.1416969 2.4269794 3.0124128 3.1479507 1.6320091 0.0000000 1.5151452 2.5499585 1.7957905 1.8984123 1.8203809 1.7929482 1.7486991 2.8281761 3.4088345 2.3065504 2.6478299 3.5650415 4.2576204 4.1603987 3.3341321 3.6814027 4.1944023 3.8116810 3.4880125 3.8674426 3.3823028 4.3222324 3.5253492 3.8435770 3.7464943 4.3544535 3.9397930 4.1140165 4.2214704 4.2354694 4.7344126 5.5414927 4.3131292 5.8978194 
Adig_XM_015920626.1                                2.5298778 2.4606651 2.8579797 3.1562724 2.5733794 2.3701029 2.5135134 3.1567477 2.6917965 3.5939592 2.9137966 2.3258863 3.1600795 3.0292504 2.7016723 3.8960083 4.1672690 3.6818837 2.3717570 3.3631868 5.5413561 5.2788207 3.8261594 2.8780697 2.4918456 2.6616667 2.4771056 2.5235338 2.4442620 2.4878226 2.6019749 2.9439885 2.4908172 3.1302605 3.0955833 1.4233056 1.5151452 0.0000000 0.0233044 0.3679357 0.5282679 0.5060654 0.6432294 0.6449940 2.4251954 3.5870417 1.7980476 2.0717648 3.1400414 3.6429624 3.9121852 2.6557433 4.0208047 3.2989162 3.2178337 3.4497879 3.8182903 3.0844583 3.9795774 3.0172524 3.2391026 3.4082127 4.0848188 4.1045876 3.7422594 3.8462394 4.0646892 4.1069465 4.3549582 4.5397922 6.3267294 
Amil_Amillepora06731-RA                            3.4061862 3.3239885 5.0843941 2.5654499 2.5698535 2.2210299 3.4504806 3.9080684 3.2249373 3.7958790 3.7987172 0.5940511 3.3012814 3.5420087 3.3522745 5.2806816 4.8822461 5.1215721 2.7442081 4.6998566 7.0885583 4.9167040 4.6498102 3.6518838 3.1978352 3.1869479 3.1122212 3.1399604 3.0634133 3.1070613 3.2737359 4.2271466 4.2091518 4.3223719 3.0410671 2.5630959 2.5499585 0.0233044 0.0000000 0.5198483 0.8683365 0.8284419 0.9911827 0.9467364 3.3609967 3.6616355 2.3098815 2.2323576 2.9820498 4.5259329 4.0817566 3.6748140 3.2543886 3.1434487 3.3751094 4.3858260 6.1220445 3.8639362 4.4948840 2.7790304 3.7379103 5.1566606 6.1424636 4.1392947 3.7750479 4.4773729 4.5378306 4.7027017 4.1540595 6.0766100 5.7675512 
Gfas_gfas1.m1.4185.m1                              2.7086989 2.9699072 2.7507979 2.7504591 2.6068595 2.4131484 2.8146590 3.2756661 2.8845536 3.5401757 2.9428143 2.3628559 3.0976129 2.9831060 3.0636002 4.3389418 4.4555512 3.8108891 2.6946056 4.4780734 7.0672384 5.0366927 4.6008471 3.0039319 2.7769592 2.9397941 2.9083998 2.8782080 2.7787796 2.8236678 2.9334193 3.0206643 2.5202173 3.1165267 3.4378282 1.6961785 1.7957905 0.3679357 0.5198483 0.0000000 0.5258239 0.5280371 0.6596505 0.6114431 2.6000353 3.7240332 1.8984468 2.2719503 3.3222380 3.8726986 4.0218145 2.9899869 3.7137804 3.6435973 3.7160149 3.3686228 4.0871803 2.9208888 4.3519213 3.1809494 3.5313407 3.9894120 6.5347730 4.2261448 4.2776318 3.4666534 3.9105162 4.3249805 4.6515731 4.7388527 6.0300374 
Fspp_ffun1.m4.28755.m1                             2.7684627 2.7513858 2.4758338 2.7181081 2.5852033 2.5526555 2.8376598 3.3135207 2.8698449 3.6685291 3.0567689 2.1718270 3.1938828 3.1582681 3.0081377 4.2449195 4.3946787 3.6756110 2.3689986 3.9867438 5.9832349 5.3025804 4.4395952 3.0014851 2.6596128 2.8087513 2.7278410 2.7544518 2.8502252 2.8929705 2.9041169 3.3621597 2.7592375 3.3150384 3.2944146 1.6308045 1.8984123 0.5282679 0.8683365 0.5258239 0.0000000 0.3090933 0.5270106 0.5163664 2.6601761 3.3870014 1.9668783 2.3887138 3.1954574 4.3373500 4.0043637 2.9890246 3.6673704 3.5570125 3.9257852 3.1073544 4.1435359 3.4913959 4.4267888 3.7455176 3.5503784 4.0939049 6.1411512 4.1642630 4.3133047 4.0075762 4.0273770 4.5618657 4.6769239 4.4628277 6.8224397 
Gasp_gasp1.m3.9261.m1                              2.9394003 2.7601721 2.6221775 2.8785998 2.6412997 2.4839161 2.7459801 3.2550958 2.9754021 3.5195100 3.1001356 2.2255279 3.1562985 3.3776635 3.0236505 3.9650794 4.2123849 3.9998640 2.4367947 4.0932922 6.4261953 4.6110597 4.1498020 2.9711208 2.6914072 2.8770471 2.8032503 2.8047217 2.8220441 2.8955043 2.8694349 3.2119145 2.5365584 3.0924246 3.4630410 1.6875086 1.8203809 0.5060654 0.8284419 0.5280371 0.3090933 0.0000000 0.5150520 0.5061444 2.6683998 3.4992349 1.9542755 2.3144010 3.1334058 3.5476124 3.9559132 2.9194169 3.7846982 3.8490241 3.9476966 3.1909686 4.3387406 3.3083742 4.3571740 3.7043819 3.5487917 4.0332820 6.2302471 4.0774543 4.0485979 3.8648456 3.9589267 4.3537312 4.9675808 4.6401294 6.6568297 
Spis_XP_022806289_1                                2.8787453 2.8024135 2.7946441 3.4026979 2.8049132 2.6256057 2.7844563 3.3811354 2.8528142 3.7842236 3.1104003 2.0438520 3.0692348 3.0291401 3.1425884 3.9830206 4.2166785 3.8882272 2.2998593 4.2290533 6.6705179 4.8169872 4.1421737 2.9916139 2.7386419 2.9005519 2.7484861 2.6959462 2.7352924 2.7920916 2.8295874 3.3282749 2.4817176 3.2233014 3.4548071 1.7741962 1.7929482 0.6432294 0.9911827 0.6596505 0.5270106 0.5150520 0.0000000 0.1556332 2.7848344 3.5357953 1.9302206 2.2569833 3.6186112 3.8370439 4.3602311 3.0519656 3.8782003 3.5301372 3.8448434 3.4407079 4.1568068 3.2979192 4.7470911 3.5854424 3.6066937 4.2858998 5.8682885 4.6146686 4.1763798 3.7885509 4.2135693 4.6588610 4.7936147 4.3998434 5.9426683 
Pocdam_XM_027202151.1                              2.8305851 2.7900366 2.8658830 3.2317794 2.7318589 2.4864449 2.7405497 3.4243685 2.8342798 3.6432928 2.9507371 2.0104591 2.9663235 3.0079268 3.1244456 4.0772888 4.3147292 3.8366267 2.2575407 3.8264924 5.2850770 4.7290891 4.1791616 2.9264202 2.6403682 2.8172625 2.7121022 2.6580940 2.6900334 2.7431213 2.8153046 3.2767747 2.5356524 3.1059999 3.3497429 1.7400592 1.7486991 0.6449940 0.9467364 0.6114431 0.5163664 0.5061444 0.1556332 0.0000000 2.8021306 3.5364108 1.9042453 2.2553245 3.4769868 3.8107835 4.2449165 3.1912002 3.8402214 3.5131643 3.8266099 3.4607337 3.9811482 3.2703506 4.6394543 3.4894877 3.6034735 4.0395949 5.7023040 4.6354645 4.1485846 3.8693218 4.0312918 4.5983074 4.7875694 4.4744186 6.1040672 
Skow_XM_006823970.1                                2.3186786 2.3576576 3.2866209 2.7684042 2.4942538 2.6616185 2.8687803 2.2963225 2.4287017 3.6104515 3.3320167 2.0563945 3.3634731 2.9119729 2.2539715 4.0911527 4.0448324 3.9004425 2.1614750 4.0977401 6.2084897 4.6667222 4.2375963 2.4511091 2.8017416 2.9971737 2.9346395 2.8257475 2.8552095 2.8735629 3.0101762 3.4439105 2.4548523 3.0534382 4.2409353 2.6687088 2.8281761 2.4251954 3.3609967 2.6000353 2.6601761 2.6683998 2.7848344 2.8021306 0.0000000 2.9777032 2.8030898 3.0367651 3.0355300 5.1837177 4.5005543 2.7275957 3.8829037 3.9022249 3.8226710 2.9834581 3.9554915 3.6083433 3.7360916 3.2771321 3.4622448 4.1339639 4.9733075 4.4491613 3.7580151 3.9405579 4.1724099 4.4310297 4.7108824 3.9961708 6.2265584 
Plespi_Pspi_scaffold17010_01                       3.1083212 3.2150526 3.3169865 2.1103029 2.3139040 2.4473283 3.2597886 3.0619757 2.9556059 2.4208243 2.0790686 1.2145447 2.1023131 1.7672328 3.2301349 4.1402714 4.0335362 3.9159580 2.4794851 4.0300687 5.7152919 4.6826179 4.1061596 2.9816785 2.9379797 3.2307301 2.9805464 2.9109147 2.9802515 2.9750360 3.0204896 3.3324296 3.0816824 3.1171355 3.4066831 3.4123241 3.4088345 3.5870417 3.6616355 3.7240332 3.3870014 3.4992349 3.5357953 3.5364108 2.9777032 0.0000000 2.9737851 3.3086936 3.9894860 4.8241947 4.4721059 3.4464626 3.5063576 3.9286998 2.8070697 4.2412892 5.6478679 3.5899895 3.7386906 3.2222942 4.4926624 3.6312454 4.0450459 5.0660668 4.1135231 5.6763483 5.4554665 4.2124428 5.0972601 4.7113887 8.8096729 
Dgig_XM_028546255.1                                2.8629349 2.8472498 2.2427316 2.6196261 2.5476300 2.6623233 2.4619557 3.3359172 3.0064206 3.1730793 2.7041703 2.0252279 2.8949104 2.6116599 2.7195717 3.4751697 3.5394724 3.4513891 2.3775120 3.3304905 4.4385737 3.9038055 4.0048056 2.9652872 2.6089159 2.8349229 2.7474777 2.7445997 2.6661925 2.7038235 2.7644881 2.6719953 2.3690961 2.6056180 2.9731899 2.2294173 2.3065504 1.7980476 2.3098815 1.8984468 1.9668783 1.9542755 1.9302206 1.9042453 2.8030898 2.9737851 0.0000000 0.7193980 3.3662818 3.9182439 3.7953721 2.9783952 3.8002189 3.6103578 3.6204562 3.3425634 3.6930290 2.8739074 4.6589879 3.0558214 3.6124953 3.9768977 5.3869216 4.1746950 3.9861651 3.7635399 3.6969909 4.0251324 5.0683036 4.4341303 6.1446912 
Xesp_014784-T1                                     3.1488707 3.4224728 2.8596700 3.0562294 3.0937004 3.0700475 2.7608099 3.7476185 3.3121502 3.6568372 3.1532426 2.3897235 3.0322794 2.9183294 3.0062386 3.8966373 4.0983448 3.9740221 2.3083151 3.9989565 5.8195220 4.4997798 3.8980467 3.2174426 2.8098439 3.1324970 3.0964162 3.0784877 3.0245587 3.0507995 2.9708898 3.3718780 2.8575261 3.1704658 3.6625441 2.5138399 2.6478299 2.0717648 2.2323576 2.2719503 2.3887138 2.3144010 2.2569833 2.2553245 3.0367651 3.3086936 0.7193980 0.0000000 3.6943463 4.1766408 4.0172517 3.2809217 3.9034703 3.6826201 3.9343563 3.3869824 3.5747768 3.3454266 4.7955004 3.0030800 3.7660907 4.1687767 5.1839224 4.6146826 4.0838829 3.7049333 4.0763625 4.1140054 5.4999133 4.0134989 6.6104906 
Mylflu_EP00047_Mylnosiga_fluctuans_P008542         3.6432607 3.5600356 4.6348203 4.1281768 3.8110010 3.5484855 3.9115431 3.2182317 3.4621602 3.8714967 4.3630775 2.8319911 3.9740683 2.9480209 3.6208859 4.1142007 4.1422711 3.9811914 3.1796916 4.4321279 5.6497029 5.5692676 4.1838976 3.1941899 3.2510955 3.1720574 3.4920889 3.3571694 3.6089182 3.6392388 3.3307388 3.5267231 3.4473929 3.3740505 4.1464913 3.3441692 3.5650415 3.1400414 2.9820498 3.3222380 3.1954574 3.1334058 3.6186112 3.4769868 3.0355300 3.9894860 3.3662818 3.6943463 0.0000000 4.1415071 3.0234051 3.9182901 4.1748453 4.0777017 3.7650685 3.0179627 5.3409406 4.3341881 3.4305814 3.4214325 3.2550624 4.3085924 4.0411382 3.5128795 3.0313005 3.4051328 3.6546547 3.5968668 4.8431756 4.5973011 8.1156257 
Sros_EGD82766                                      4.0885910 4.9675812 4.4608910 3.7609441 3.4234962 3.8617107 4.3938095 4.4670679 4.4366216 3.8436282 4.1830303 2.3955765 4.0204468 2.0089550 4.0879464 5.1582511 5.0476196 6.1705626 8.9199129 4.8526677 6.0519294 4.7005322 4.7047476 4.0579028 4.3745969 4.4534605 4.5724225 4.6996138 4.5732320 4.5821385 4.7990590 3.7483689 5.3620299 3.7360507 4.1516401 4.1349720 4.2576204 3.6429624 4.5259329 3.8726986 4.3373500 3.5476124 3.8370439 3.8107835 5.1837177 4.8241947 3.9182439 4.1766408 4.1415071 0.0000000 0.7821534 4.3941014 4.3983080 4.0843890 4.7957579 5.7569560 6.2988422 5.3309992 4.3856953 4.3111415 4.0092241 4.7715535 6.2023924 3.2593418 4.3044267 5.4258826 4.9709286 3.3445793 4.8681101 7.7629766 8.9999983 
Microa_EP00043_Microstomoeca_roanoka_P015392       4.1607507 4.5648987 4.2552824 3.6099586 4.1945984 4.0744174 4.3853889 3.7200121 3.9738239 4.2938761 4.6026930 4.0636222 4.3335314 4.2274875 3.7525415 4.5511136 4.5364741 4.7530885 3.8702452 4.5016347 5.9676810 5.1832970 5.0040525 3.8415114 3.5618282 3.6527584 3.8166817 3.8694421 3.9760688 3.9654061 3.8925645 4.0863310 3.9726873 3.6158933 4.1092363 4.2255166 4.1603987 3.9121852 4.0817566 4.0218145 4.0043637 3.9559132 4.3602311 4.2449165 4.5005543 4.4721059 3.7953721 4.0172517 3.0234051 0.7821534 0.0000000 3.7913357 4.6566576 4.9180920 5.3804724 3.1748656 5.1189657 4.8804088 4.8129524 4.9646613 3.5344795 5.5266764 5.5526749 2.6891034 3.5844046 4.2686358 3.6775433 3.0677705 5.4921421 4.3349686 7.8733763 
Ctel_gnl_WGS_AMQN_CAPTEDRAFT_mRNA222735            2.7442248 2.7596093 3.2525434 3.0924479 2.8634580 3.3567239 3.5407286 2.7607330 2.4757820 4.1213136 3.4710673 2.0719544 3.4847017 3.0922901 2.2991161 3.9440714 3.8693466 3.8105731 2.4535650 4.6233335 7.2637040 4.9970584 4.1620526 2.8968475 3.4826235 3.6797446 3.4943606 3.5229200 3.5671110 3.5745936 3.5277253 3.7686267 3.0267690 3.3391714 3.8941015 3.4498458 3.3341321 2.6557433 3.6748140 2.9899869 2.9890246 2.9194169 3.0519656 3.1912002 2.7275957 3.4464626 2.9783952 3.2809217 3.9182901 4.3941014 3.7913357 0.0000000 4.0581468 3.7351615 3.6270253 3.2696048 4.8623763 3.9870446 3.8080010 3.6770487 4.0553672 4.1089024 5.0057123 4.2451468 4.3102053 4.3030092 4.4437878 4.4380243 4.1199145 4.6622872 6.4520000 
