81
Hsap_ENST00000377767                                    0.0000000 0.7526940 0.8057631 0.8502256 0.8632523 0.8414421 0.9846664 0.8042213 1.0402353 0.9415397 0.9212194 0.9729301 1.3805698 0.8827261 0.8991711 0.8315047 0.8361507 0.8756604 0.9282550 0.9221697 0.9016149 0.8620108 0.8986026 1.0666235 0.9543379 1.0639381 1.0080690 1.0225783 1.0079558 0.9523673 1.0011123 0.9736764 1.1856047 1.1398973 1.0123399 0.9677252 1.0154372 1.0345491 1.0330529 1.0167015 1.0119463 1.0908711 1.1131568 1.1380310 1.1396644 1.0146903 1.1223905 1.1498517 1.1429437 1.1127471 1.0960376 1.0097456 1.2457028 1.1297841 1.0913686 1.4180054 1.0800121 1.2425482 1.1713933 1.2560676 1.1802455 1.3009751 1.4365846 1.1916164 1.3630646 1.3983065 1.5319648 1.3319224 1.2974393 1.2534757 1.1590122 1.3783227 1.3144950 1.4280828 1.4730898 1.3678688 1.3573180 1.3689072 1.4763049 1.2340789 2.4109102 
Bralan_BLAG06000330_1                                   0.7526940 0.0000000 0.6102052 0.7380823 0.7869842 0.8296322 1.0019340 0.8892868 1.0229082 0.8492962 0.7774556 0.9695629 1.3770910 0.8026768 0.8577228 0.8862413 0.9139198 0.8562568 0.8292144 0.8643895 0.8338306 0.7980181 0.8476073 0.9952634 0.7663681 0.9861446 0.9128197 0.9516456 1.0207222 0.8706071 0.9720560 0.9804162 1.0531232 1.0757189 1.0053707 0.9070973 0.9395168 0.9194245 0.9237392 0.8983071 0.8979510 1.0698203 0.9661794 0.9732620 1.0835163 0.8693798 1.0662881 1.0686811 1.1243349 1.0445490 0.8685435 0.8578830 1.1822383 0.9823109 1.0967369 1.3420979 0.9967040 1.1451068 1.0795712 1.1480737 1.2960156 1.3008713 1.3954858 1.1866398 1.4455703 1.4613638 1.5146837 1.4906188 1.3301216 1.2188898 1.2068231 1.4285933 1.4801100 1.4893571 1.5429505 1.4816823 1.4170027 1.4862823 1.5235075 1.2209611 2.3152953 
Skow_XM_006824879.1                                     0.8057631 0.6102052 0.0000000 0.7368053 0.7501333 0.7416795 1.0256027 0.8706295 0.9914692 0.8651188 0.7984137 1.0379174 1.3900116 0.9080852 0.9330849 0.9790096 0.9540007 0.9227667 0.9506482 0.9693372 0.8973076 0.9094867 1.0206666 1.1393089 0.6746424 0.9528527 0.8311027 0.9344354 0.8195209 1.0946366 0.9852179 0.9825956 1.0401207 1.0935413 1.0713038 0.9876144 1.0412210 1.0405247 1.0553458 1.0280758 1.0230168 1.0766938 1.0344471 1.0092608 1.0573594 0.9917094 1.1005591 1.0997737 1.1426162 1.0728618 1.0137749 0.9575324 1.2451798 1.0613473 1.0806220 1.3711406 1.0110014 1.2547829 1.1667542 1.2450025 1.1005579 1.4698659 1.3777748 1.1558339 1.4539509 1.4312652 1.5239223 1.4265772 1.3122985 1.2996689 1.1906843 1.4744578 1.3642785 1.4822917 1.5143418 1.4219224 1.3848880 1.4496496 1.5770245 1.2642338 2.2153512 
Ctel_gnl_WGS_AMQN_CAPTEDRAFT_mRNA225692                 0.8502256 0.7380823 0.7368053 0.0000000 0.7261435 0.7719936 1.0799708 0.9246041 1.0354474 0.8718468 0.8518420 1.0476571 1.4031659 0.9619549 0.9437627 0.9612082 0.9492143 0.9509107 0.9750727 0.9941459 0.9457566 0.8982495 0.9800272 1.0608461 0.8759404 0.9899729 0.8310787 0.9260278 0.9410990 0.9622196 0.9964121 0.9777758 1.1247958 1.1107310 0.9965973 1.0038706 1.0378570 1.0442294 1.0464684 1.0268132 1.0295980 1.1591417 0.9951210 0.9723997 1.1240920 1.0003976 1.1260066 1.1355377 1.1481808 1.1017887 0.9315159 0.9652266 1.2442248 1.0323797 1.1156809 1.4130868 0.9175975 1.2632505 1.1619178 1.2213290 1.1000641 1.3236252 1.4110176 1.1703179 1.4346099 1.4332746 1.5033359 1.4294173 1.3780046 1.3196887 1.2078401 1.3780989 1.4623882 1.5178762 1.5092082 1.4634480 1.3504215 1.4554049 1.5556031 1.1443742 2.1346912 
Cgig_XM_034443241.1                                     0.8632523 0.7869842 0.7501333 0.7261435 0.0000000 0.6341906 1.0520762 0.9656742 1.0296704 0.9135936 0.9430854 1.0585497 1.4778582 0.8942271 0.9867746 0.9324455 0.9606400 0.9940659 1.1083130 1.0651966 0.9987934 1.0373329 0.9430413 1.0882673 0.9011609 1.0481549 0.9017058 1.0366258 0.9529800 1.0833612 1.0215384 0.9221394 1.2021031 1.1737850 1.0142283 1.0855135 1.1216472 1.1178605 1.1244740 1.1256869 1.1206409 1.2210509 1.0857831 1.0280745 1.2136858 1.0248046 1.1540426 1.1658471 1.2544403 1.1909161 1.0503581 0.9983343 1.2702969 1.0879573 1.1841049 1.4044122 0.9621800 1.3031988 1.1784252 1.2400912 1.2138227 1.4531652 1.4472400 1.1806986 1.3842837 1.4299207 1.5187168 1.4036715 1.3297258 1.3303913 1.3075545 1.4098234 1.4259789 1.5274115 1.5910788 1.3778403 1.4306686 1.4052850 1.5394586 1.2715241 2.3551564 
Acagra_model.g30832.t1                                  0.8414421 0.8296322 0.7416795 0.7719936 0.6341906 0.0000000 1.0389508 0.8677372 1.0311612 1.0012416 0.8896031 1.0183271 1.3237929 0.9743679 1.0412708 1.0301101 1.0252615 1.0307763 1.0899791 1.0673439 0.9849667 1.0390061 1.0240572 1.1428738 0.9358688 1.0571499 0.9451371 1.0637587 1.1434687 1.1868484 1.2460636 1.0793480 1.2683260 1.2398951 1.0882423 1.1048094 1.1495378 1.1253121 1.1296052 1.1307418 1.1291213 1.2673063 1.1413116 1.1085858 1.1819024 1.0167654 1.1521677 1.1713733 1.2038639 1.1750153 0.9842977 0.9923820 1.2909774 1.0394464 1.1321566 1.4262043 1.0214634 1.3540020 1.1987667 1.2695679 1.4063991 1.4035836 1.5454577 1.3245338 1.4614598 1.5075749 1.5771654 1.4430069 1.3696198 1.3134933 1.3557270 1.4698181 1.4745535 1.6310907 1.6615033 1.5213360 1.4544628 1.4447694 1.5942085 1.2785792 2.1788119 
Aque_Aqu2.1.43701_001                                   0.9846664 1.0019340 1.0256027 1.0799708 1.0520762 1.0389508 0.0000000 0.4109408 0.5745981 0.7724879 0.7467710 0.7700593 1.0601985 1.0114733 0.9855104 1.0663305 1.0097542 1.0113162 1.0708479 1.0982426 1.0466442 0.9798118 1.0976241 1.1421425 1.1097740 1.1529320 1.0334644 1.0662582 1.1536010 1.1597054 1.1365365 1.1111604 1.2937122 1.3330318 1.1841821 1.0517385 1.0867859 1.0905944 1.0999018 1.0706404 1.0753011 1.2571746 0.9702339 1.2189464 1.2309252 1.0616054 1.1726934 1.1919218 1.2235632 1.1939983 1.3228154 1.1126119 1.3884079 1.2299981 1.2110711 1.5459699 1.1552821 1.3682199 1.2313188 1.3244688 1.4830380 1.4385982 1.6369762 1.3740445 1.4777178 1.5118658 1.5187152 1.4298433 1.3346106 1.3811128 1.2681033 1.5405067 1.4966866 1.4771533 1.5757212 1.4625521 1.5063426 1.5013830 1.4789858 1.4864464 2.4946324 
Halamb_c48740_g1_i1m.24754                              0.8042213 0.8892868 0.8706295 0.9246041 0.9656742 0.8677372 0.4109408 0.0000000 0.5037972 0.6072920 0.5400618 0.6386591 1.5883458 0.8837516 0.7432238 0.8171043 0.8024237 0.8883669 0.9139996 0.9122279 0.8833371 0.8177178 0.9683125 0.9918571 0.8446876 0.9659551 0.9592356 0.8982242 0.8782844 0.9588818 0.8778632 0.9272412 1.1651213 1.1707709 0.9855488 0.8962544 0.9100918 0.8875894 0.8917577 0.8874613 0.8870732 1.1094119 0.7799115 1.0626857 1.0122334 0.9056955 1.0047295 1.0047295 0.9704879 0.9939161 1.0527999 0.9686387 1.0279090 0.9974855 0.9864549 1.0903305 0.9976240 1.0323734 1.0400746 0.9419674 1.1691752 1.2172896 1.3013830 1.2897127 1.2244783 1.2648346 1.3383991 1.2048693 1.0546746 1.1563777 1.0575483 1.2326651 1.2778519 1.3532560 1.4250054 1.3169984 1.2105038 1.3063266 1.2988540 1.2543030 1.8818749 
Xestes_maker-XT_scaffold27437-augustus-gene-0.17-mRNA-1 1.0402353 1.0229082 0.9914692 1.0354474 1.0296704 1.0311612 0.5745981 0.5037972 0.0000000 0.7735381 0.7593309 0.8319923 1.0437593 0.9027681 0.9969575 0.9472914 0.9636623 0.9868995 1.0273654 1.0320311 0.9921877 0.9423727 1.0709793 1.1338030 0.9505765 1.1420359 1.0513278 1.0944028 1.1405254 1.0530061 1.0457504 1.1202549 1.3183656 1.3607310 1.1501668 1.0377739 1.0740487 1.0751278 1.0739420 1.0750361 1.0737691 1.1859640 1.0091844 1.2785888 1.2004687 1.1058520 1.1691513 1.1893947 1.1836598 1.1989708 1.3331388 1.1467538 1.3300984 1.3641931 1.1593406 1.5029260 1.2237866 1.3504364 1.2138204 1.2667132 1.3417240 1.5334568 1.5248939 1.4088014 1.4609700 1.4932363 1.5518413 1.4746504 1.3319149 1.3750911 1.2537036 1.5573433 1.5688148 1.7059187 1.7543968 1.5955193 1.5914139 1.5635571 1.5752586 1.5200472 2.5106454 
Tetwil_g24759.t1                                        0.9415397 0.8492962 0.8651188 0.8718468 0.9135936 1.0012416 0.7724879 0.6072920 0.7735381 0.0000000 0.4397164 0.7074977 0.8947037 0.9887532 0.9435636 1.0009381 0.9422390 0.9504662 0.9948759 0.9938478 0.9691852 0.9466190 1.1121585 1.1489139 0.9880389 1.0815161 1.0633275 1.0615007 1.0440179 1.0937321 1.0761728 1.0759809 1.2886186 1.2871084 1.1667875 0.9308050 0.9721178 0.9784272 0.9597355 0.9441445 0.9418454 1.0216156 0.9423805 1.1964631 1.1790698 1.0564368 1.1463860 1.1629804 1.1840548 1.1709118 1.1033094 1.0567782 1.2752701 1.2511570 1.1713016 1.5332986 1.1872557 1.3640030 1.1972226 1.1845616 1.3015120 1.4639187 1.4724225 1.3480456 1.4523473 1.4227920 1.5077860 1.3686186 1.2188605 1.2907436 1.1444252 1.4350150 1.4164158 1.5035541 1.6028512 1.3986098 1.3541271 1.4326055 1.5310521 1.2973152 2.1073995 
Stycar_maker-SC_scaffold64429-snap-gene-0.35-mRNA-1     0.9212194 0.7774556 0.7984137 0.8518420 0.9430854 0.8896031 0.7467710 0.5400618 0.7593309 0.4397164 0.0000000 0.6313742 0.8881784 0.9283794 0.8356720 0.8718272 0.8925735 0.8885177 0.9486211 0.9233832 0.8978314 0.8945721 1.0466584 1.0981733 0.9349731 1.0348061 0.8647348 0.9482087 0.9396906 1.1276714 1.2360570 1.1351698 1.2778779 1.3072975 1.2013081 0.8975773 0.9327056 0.9931807 0.9751569 0.9374846 0.9307970 1.0987283 0.8710201 1.0133919 1.2212042 1.0509990 1.1782969 1.2126762 1.2420328 1.1980664 1.0665269 0.9909629 1.3323235 1.1327637 1.1839723 1.3089123 1.1270832 1.1679800 1.1137952 1.1908936 1.2527717 1.1230692 1.2713398 0.9380928 1.2903418 1.2714267 1.2857190 1.3008591 1.1558747 1.2425205 1.0995802 1.2904525 1.3139368 1.4362171 1.3990006 1.3755299 1.3574789 1.3749461 1.4072555 1.3595871 1.8199422 
Emue_Em0004g1079a.t1                                    0.9729301 0.9695629 1.0379174 1.0476571 1.0585497 1.0183271 0.7700593 0.6386591 0.8319923 0.7074977 0.6313742 0.0000000 0.2453680 1.1481796 1.1088276 1.1345335 1.0948629 1.0330127 1.1261205 1.1426512 1.0737949 1.0478049 1.1550769 1.2843431 1.1328155 1.1658725 1.0554757 1.1536754 1.1164955 1.2859182 1.2956915 1.1687534 1.3757878 1.4211502 1.3014669 1.2076053 1.2479830 1.2314465 1.2378387 1.2097196 1.2083880 1.4618098 1.0934313 1.0953899 1.2993369 1.0922787 1.3009920 1.3247204 1.3323958 1.2930862 1.1443993 1.0813166 1.3737931 1.1983191 1.2201502 1.5548871 1.2235879 1.4494074 1.2819881 1.3072326 1.5061378 1.5384756 1.5526862 1.3753395 1.4501444 1.4047877 1.5880458 1.5045554 1.2199178 1.3681222 1.3716596 1.5186957 1.6186210 1.5618599 1.6811247 1.5774683 1.5527006 1.5938234 1.4742458 1.4739384 2.2607631 
Spolac_c82928_g1_i1_m.3155c82928-g1                     1.3805698 1.3770910 1.3900116 1.4031659 1.4778582 1.3237929 1.0601985 1.5883458 1.0437593 0.8947037 0.8881784 0.2453680 0.0000000 1.4453742 1.5047588 1.3852719 1.4497108 1.3176874 1.3605021 1.6671358 1.4726993 1.4704019 1.5151172 1.8033559 1.5013007 1.6398465 1.9513717 1.6378371 3.3814849 1.5662179 1.6236303 1.4935545 1.7776745 1.6443711 1.7984281 1.6008722 1.6386172 1.5384726 1.5678084 1.5183687 1.5143112 1.6185696 1.5929506 1.6116195 1.6373577 2.4781686 1.7006944 1.9139395 1.8421602 1.6531956 1.5899990 2.4240726 2.2530774 1.5899990 1.6381918 8.9999989 1.6226222 3.3003601 1.6809225 1.8926807 1.7374543 1.9666813 2.1408655 2.8476532 1.9988634 2.0528405 1.8318249 1.8971295 1.7147798 2.0204695 1.8032835 2.1396012 2.0888608 2.0119596 2.2640052 2.1121044 2.0020488 1.9498607 1.9881742 2.2441832 3.1654067 
Exapal_XM_028662330.1                                   0.8827261 0.8026768 0.9080852 0.9619549 0.8942271 0.9743679 1.0114733 0.8837516 0.9027681 0.9887532 0.9283794 1.1481796 1.4453742 0.0000000 0.4558968 0.6022583 0.6124502 0.6321931 0.6648111 0.6718733 0.6483726 0.5956877 0.7876050 0.8658225 0.9502151 0.9858779 0.8943959 0.9396578 1.0193817 0.9382913 0.8853375 0.8838167 1.0604837 1.0718149 0.8987192 0.9959621 1.0158925 1.0103621 1.0061838 1.0042555 0.9970750 1.0875438 1.1246711 1.0359958 1.2052659 1.1157755 1.1855421 1.2102092 1.2243629 1.1611016 1.1833976 0.9972680 1.2815164 1.0961239 1.1800760 1.5910856 1.0584953 1.3997740 1.2069651 1.2440330 1.2802831 1.3991463 1.4532454 1.2314173 1.4406036 1.4057061 1.4936043 1.4872703 1.4538160 1.3949681 1.2871999 1.4238397 1.3980482 1.6030637 1.6347885 1.5574749 1.6333525 1.6056172 1.5285203 1.4148248 2.6127330 
Nvec_NVE2825                                            0.8991711 0.8577228 0.9330849 0.9437627 0.9867746 1.0412708 0.9855104 0.7432238 0.9969575 0.9435636 0.8356720 1.1088276 1.5047588 0.4558968 0.0000000 0.6771866 0.6548878 0.6553288 0.6511433 0.7052790 0.6592735 0.5952462 0.8119627 0.8186414 1.0000942 1.0063598 0.9194953 0.9990170 0.9971298 0.9569963 0.9301372 0.9118389 1.1593248 1.1488858 0.9295397 0.9777463 1.0354125 1.0839185 1.0759097 1.0692008 1.0656443 1.1773758 1.0927173 1.0104662 1.2334802 1.0720613 1.1979466 1.2106631 1.2294503 1.1894934 1.1035699 0.9898884 1.2706889 1.1449956 1.2048140 1.4794225 1.1232018 1.3390464 1.2187103 1.2492770 1.2587495 1.4093289 1.4580829 1.2113512 1.4273300 1.4139563 1.6217969 1.5046344 1.3885453 1.3236344 1.2925819 1.3869330 1.4405054 1.5733661 1.5596538 1.5139978 1.4289266 1.4675528 1.5823970 1.3365194 2.2891452 
Adig_XM_015918118.1                                     0.8315047 0.8862413 0.9790096 0.9612082 0.9324455 1.0301101 1.0663305 0.8171043 0.9472914 1.0009381 0.8718272 1.1345335 1.3852719 0.6022583 0.6771866 0.0000000 0.0261367 0.2499578 0.3097163 0.3919873 0.3550577 0.2613496 0.7580617 0.8552469 1.0870874 1.0936303 0.9002777 1.0229168 1.0514020 1.1066887 1.1251127 1.0115525 1.1310539 1.2016493 0.9901418 1.0307815 1.0595271 1.0861265 1.0644179 1.0442201 1.0453194 1.3358259 1.2230791 1.0506975 1.1325567 0.8471603 1.0748109 1.1287802 1.1710541 1.1581224 0.8589961 0.8896148 1.2238931 0.8542543 1.1052798 1.6127413 1.1362114 1.3683229 1.1846915 1.2869372 1.4496106 1.4538835 1.5136542 1.1485433 1.5542805 1.5358050 1.5542077 1.5640219 1.5307057 1.4255290 1.4298419 1.5774030 1.6019068 1.7020924 1.7141792 1.6266221 1.6669121 1.5788501 1.5585125 1.4942708 2.4125337 
Amil_Amillepora06411-RA                                 0.8361507 0.9139198 0.9540007 0.9492143 0.9606400 1.0252615 1.0097542 0.8024237 0.9636623 0.9422390 0.8925735 1.0948629 1.4497108 0.6124502 0.6548878 0.0261367 0.0000000 0.2366381 0.2717366 0.3470949 0.3112352 0.2513175 0.7837210 0.8627493 1.0001086 1.0474726 0.9202703 1.0041080 1.0169258 0.9809634 1.0417651 0.9976308 1.1371473 1.1979666 0.9802557 0.9990892 1.0561340 1.0791886 1.0613827 1.0324315 1.0333882 1.1670093 1.1797001 1.0794416 1.1957522 1.1011026 1.1503987 1.2051490 1.2132450 1.2087985 1.1426326 1.0792225 1.3212692 1.1989852 1.1756786 1.6747292 1.1522526 1.4123209 1.2494205 1.2892552 1.3306929 1.4433264 1.5032650 1.2177587 1.4888235 1.4410847 1.5637690 1.5690054 1.4537633 1.3920346 1.4365719 1.6751537 1.5166532 1.7179318 1.6997657 1.6742183 1.6192195 1.4913974 1.5594105 1.3463222 2.4847141 
Gfas_gfas1.m1.17594.m1                                  0.8756604 0.8562568 0.9227667 0.9509107 0.9940659 1.0307763 1.0113162 0.8883669 0.9868995 0.9504662 0.8885177 1.0330127 1.3176874 0.6321931 0.6553288 0.2499578 0.2366381 0.0000000 0.1657845 0.2764485 0.2394844 0.2047660 0.7736201 0.8620111 0.9059053 1.0092069 0.9487685 1.0295260 1.0320350 0.9772294 0.9389041 0.9396428 1.1780829 1.1422606 0.9965813 0.9792149 1.0247465 1.0538868 1.0411574 1.0076548 1.0084564 1.1899870 1.0766025 1.0868927 1.1858221 1.1473750 1.1573467 1.1979008 1.2474672 1.1534368 1.2314533 1.0982399 1.2756054 1.2264696 1.1688620 1.5449438 1.0832060 1.3334055 1.2165908 1.2505156 1.2704837 1.4344826 1.5243864 1.2910420 1.5122462 1.4671329 1.6406678 1.5857642 1.4192758 1.3717843 1.3912076 1.5764315 1.5023043 1.6359678 1.5916483 1.5168403 1.4959439 1.4438375 1.5365524 1.4444538 2.2811329 
Fspp_ffun1.m4.21566.m1                                  0.9282550 0.8292144 0.9506482 0.9750727 1.1083130 1.0899791 1.0708479 0.9139996 1.0273654 0.9948759 0.9486211 1.1261205 1.3605021 0.6648111 0.6511433 0.3097163 0.2717366 0.1657845 0.0000000 0.2696268 0.2156001 0.1537584 0.7925326 0.8772064 0.8981768 1.0404516 0.9720710 0.9864835 1.0232415 0.9158391 0.9447047 0.9979592 1.1590473 1.1745667 1.0840417 0.9628365 1.0146263 1.0309105 1.0122249 0.9725786 0.9686953 1.1109505 1.1074970 1.1245650 1.2781973 1.3220957 1.1958149 1.2513969 1.3041327 1.2456393 1.3742759 1.2281873 1.3867505 1.5956737 1.2462088 1.7226197 1.0367939 1.3892300 1.1939701 1.3718078 1.2398779 1.5772213 1.6362428 1.3469259 1.5823656 1.4951455 1.6592847 1.5391329 1.5101046 1.4983698 1.3997254 1.6767066 1.4928901 1.6392656 1.5780882 1.6008365 1.5551112 1.5810909 1.6094698 1.5119777 2.4492556 
Spis_XP_022794035_1                                     0.9221697 0.8643895 0.9693372 0.9941459 1.0651966 1.0673439 1.0982426 0.9122279 1.0320311 0.9938478 0.9233832 1.1426512 1.6671358 0.6718733 0.7052790 0.3919873 0.3470949 0.2764485 0.2696268 0.0000000 0.1240480 0.2630195 0.8138156 0.8631825 0.9961826 1.0786400 1.0191103 1.0562891 1.0127787 1.0640945 1.0683633 1.0494492 1.1618021 1.1537553 1.1017449 1.0086287 1.0653261 1.0513035 1.0346665 1.0276438 1.0284500 1.2076251 1.1375120 1.0270896 1.2962219 1.0925585 1.2453616 1.2949655 1.3357483 1.2784351 1.1460283 1.0374447 1.3611888 1.2229271 1.2702096 1.5464535 1.2028480 1.3868666 1.2422112 1.2981454 1.3371849 1.4674169 1.4853318 1.2562313 1.5105012 1.4670036 1.6786524 1.5400789 1.4282032 1.4254878 1.3752120 1.4837734 1.5142264 1.5858825 1.6164721 1.5304941 1.4486543 1.5279666 1.5563831 1.5382445 2.3969418 
Pocdam_XM_027204338.1                                   0.9016149 0.8338306 0.8973076 0.9457566 0.9987934 0.9849667 1.0466442 0.8833371 0.9921877 0.9691852 0.8978314 1.0737949 1.4726993 0.6483726 0.6592735 0.3550577 0.3112352 0.2394844 0.2156001 0.1240480 0.0000000 0.2208352 0.7678728 0.8151648 0.9594788 1.0578554 0.9937749 1.0272007 1.0154837 1.0138606 0.9875842 0.9707927 1.0856399 1.1085385 1.0372204 0.9889612 1.0473500 1.0280003 1.0212090 1.0091402 1.0099229 1.1509663 1.1174269 1.0615782 1.2530975 1.0856351 1.1732984 1.2160653 1.2867424 1.2317317 1.1467681 1.0846549 1.2967320 1.2196429 1.2336300 1.5512697 1.0966804 1.2966926 1.1770672 1.1872488 1.2690898 1.4397536 1.4907275 1.2996258 1.4867585 1.4620893 1.5986124 1.4891104 1.4242789 1.3896409 1.3160160 1.4539355 1.4444327 1.5615790 1.5565620 1.4929413 1.4083518 1.4880500 1.5300686 1.4517674 2.3702864 
Gasp_gasp1.m3.30216.m1                                  0.8620108 0.7980181 0.9094867 0.8982495 1.0373329 1.0390061 0.9798118 0.8177178 0.9423727 0.9466190 0.8945721 1.0478049 1.4704019 0.5956877 0.5952462 0.2613496 0.2513175 0.2047660 0.1537584 0.2630195 0.2208352 0.0000000 0.7433410 0.8223347 0.9368671 1.0150717 0.9112021 0.9961847 0.8619545 0.9316156 0.9009468 0.9576304 1.1447753 1.1511592 0.9966829 0.9767474 1.0323732 1.0401564 1.0204394 1.0014892 1.0023475 1.0581447 1.0602767 1.0554046 1.2320214 1.1828326 1.1606327 1.2004844 1.2595093 1.1835221 1.2980897 1.1187227 1.2830288 1.2380640 1.1945201 1.5090508 1.0612655 1.2912621 1.1682226 1.1754630 1.2665230 1.4490385 1.5059591 1.2352995 1.4624235 1.4219487 1.5450886 1.5233566 1.3918931 1.3677307 1.2787192 1.4695468 1.4544113 1.5816438 1.5448778 1.5056181 1.4382054 1.5077717 1.5515268 1.4448676 2.4334124 
Dgig_XM_028550401.1                                     0.8986026 0.8476073 1.0206666 0.9800272 0.9430413 1.0240572 1.0976241 0.9683125 1.0709793 1.1121585 1.0466584 1.1550769 1.5151172 0.7876050 0.8119627 0.7580617 0.7837210 0.7736201 0.7925326 0.8138156 0.7678728 0.7433410 0.0000000 0.4710641 1.0143912 1.1272764 1.0607158 1.1210683 1.0685895 1.0008100 1.0648978 1.0016123 1.1665282 1.1409681 1.0441115 0.9833013 1.0318631 1.0419017 1.0371673 1.0406389 1.0339146 1.0445241 1.0845016 1.1057540 1.1703951 1.0560862 1.1101055 1.1435141 1.2365955 1.1658730 1.1071182 0.9896646 1.2246997 1.1856878 1.1926953 1.4800836 1.1105222 1.2153698 1.1375197 1.2467390 1.3310388 1.4041146 1.5535421 1.2824408 1.5615935 1.5000513 1.5668465 1.5024136 1.5014616 1.3504119 1.2974758 1.5140549 1.4714512 1.5684406 1.5594918 1.5453755 1.4504178 1.4653169 1.5234501 1.4394361 2.5657743 
Xesp_015137-T1                                          1.0666235 0.9952634 1.1393089 1.0608461 1.0882673 1.1428738 1.1421425 0.9918571 1.1338030 1.1489139 1.0981733 1.2843431 1.8033559 0.8658225 0.8186414 0.8552469 0.8627493 0.8620111 0.8772064 0.8631825 0.8151648 0.8223347 0.4710641 0.0000000 1.1214446 1.2277114 1.1127386 1.2171637 1.1190313 1.0515937 1.1609359 1.1166707 1.3199704 1.3463350 1.1919848 1.0773338 1.1241340 1.1391092 1.1376464 1.1276555 1.1240301 1.1602387 1.2051646 1.1878534 1.3315216 1.1728336 1.2542128 1.3008561 1.3539162 1.3341061 1.1806611 1.2048228 1.4570346 1.3067488 1.2849089 1.5705221 1.2750018 1.3496249 1.2355825 1.3254293 1.3591400 1.5346400 1.6822969 1.4193738 1.5798097 1.6185624 1.6439222 1.6721424 1.5843827 1.4722732 1.4125716 1.6117776 1.5920288 1.6020020 1.6164520 1.6211837 1.5727887 1.5678052 1.5744833 1.5061769 2.7960159 
Spur_XM_030981112.1                                     0.9543379 0.7663681 0.6746424 0.8759404 0.9011609 0.9358688 1.1097740 0.8446876 0.9505765 0.9880389 0.9349731 1.1328155 1.5013007 0.9502151 1.0000942 1.0870874 1.0001086 0.9059053 0.8981768 0.9961826 0.9594788 0.9368671 1.0143912 1.1214446 0.0000000 0.9919328 0.8349931 0.9520260 1.0547629 1.1313498 1.1437698 1.0728878 1.2184391 1.2264577 1.1616879 1.0532357 1.0699477 1.0385784 1.0571699 1.0447035 1.0429593 1.2419716 1.0787872 1.1263206 1.1204721 0.8658821 1.1187961 1.1228039 1.1441886 1.1065573 0.9416818 0.9086763 1.2636134 0.9994339 1.1364349 1.4511771 1.0091625 1.3659498 1.1788366 1.2269477 1.3362161 1.3808716 1.3492509 1.1496494 1.4301259 1.3998707 1.3880153 1.2889137 1.2803295 1.3832488 1.2827295 1.5121853 1.4166759 1.6020075 1.6444533 1.4483278 1.4736456 1.4727283 1.3966948 1.2208671 2.2802123 
Lcom_lcpid31161                                         1.0639381 0.9861446 0.9528527 0.9899729 1.0481549 1.0571499 1.1529320 0.9659551 1.1420359 1.0815161 1.0348061 1.1658725 1.6398465 0.9858779 1.0063598 1.0936303 1.0474726 1.0092069 1.0404516 1.0786400 1.0578554 1.0150717 1.1272764 1.2277114 0.9919328 0.0000000 0.1997144 0.2914954 0.7706140 1.3612444 1.2467012 1.1965703 1.3387009 1.2708458 1.1927063 1.1871372 1.2325123 1.1658084 1.1812140 1.1723604 1.1707659 1.3016979 1.1552071 1.2511030 1.3003401 1.1488292 1.2540032 1.2759752 1.2989507 1.3098733 1.1300238 1.0587973 1.3639667 1.2110407 1.3067792 1.5933031 1.1540433 1.2378771 1.1565816 1.1864012 1.2688982 1.3581973 1.3727692 1.1649791 1.3056416 1.2857486 1.5395318 1.4161114 1.3345144 1.1925630 1.2400119 1.4293365 1.4660865 1.4897513 1.5837405 1.4854121 1.3788023 1.4476667 1.5151772 1.2891456 1.5383628 
Leuniv_Lniv_C812790_01                                  1.0080690 0.9128197 0.8311027 0.8310787 0.9017058 0.9451371 1.0334644 0.9592356 1.0513278 1.0633275 0.8647348 1.0554757 1.9513717 0.8943959 0.9194953 0.9002777 0.9202703 0.9487685 0.9720710 1.0191103 0.9937749 0.9112021 1.0607158 1.1127386 0.8349931 0.1997144 0.0000000 0.2328299 0.7021560 1.1842291 1.0746256 1.0478557 1.2007990 1.1510105 1.1124482 1.0395809 1.0838963 1.0666026 1.0772654 1.0462335 1.0470508 1.1119572 1.0552539 1.2859158 1.2534922 1.1722504 1.2631228 1.2631228 1.2210543 1.2190439 1.1902231 1.0931994 1.1946135 1.2401785 1.2447293 1.3777770 0.9853001 1.1282917 1.0787896 1.0530532 1.0809005 1.3192275 1.3222624 1.2280054 1.2632977 1.3026194 1.4923754 1.4007501 1.3291410 1.1331240 1.1736826 1.2627968 1.4601391 1.4902751 1.4886374 1.4432967 1.2995482 1.3461215 1.3127635 1.1584602 1.4043253 
Gracom_Gcom_C560484_01                                  1.0225783 0.9516456 0.9344354 0.9260278 1.0366258 1.0637587 1.0662582 0.8982242 1.0944028 1.0615007 0.9482087 1.1536754 1.6378371 0.9396578 0.9990170 1.0229168 1.0041080 1.0295260 0.9864835 1.0562891 1.0272007 0.9961847 1.1210683 1.2171637 0.9520260 0.2914954 0.2328299 0.0000000 0.7591050 1.3276848 1.1729294 1.1451139 1.3514851 1.3273663 1.1828514 1.0864724 1.1256885 1.1165757 1.1124643 1.0851741 1.0845348 1.2557493 1.1391046 1.2507484 1.3613476 1.2341732 1.3573981 1.3955807 1.3682078 1.3427310 1.1389859 1.1188427 1.3896293 1.2790041 1.3049868 1.7615561 1.0775129 1.3617285 1.2163925 1.1358478 1.2748909 1.3702728 1.3838231 1.1851514 1.3281466 1.3349077 1.5533731 1.4365642 1.3560221 1.2571436 1.2164048 1.4544285 1.4845707 1.5092411 1.5543194 1.5287278 1.4175258 1.3960130 1.5588000 1.3162942 1.4760843 
Clacor_Ccor_scaffold15406_01                            1.0079558 1.0207222 0.8195209 0.9410990 0.9529800 1.1434687 1.1536010 0.8782844 1.1405254 1.0440179 0.9396906 1.1164955 3.3814849 1.0193817 0.9971298 1.0514020 1.0169258 1.0320350 1.0232415 1.0127787 1.0154837 0.8619545 1.0685895 1.1190313 1.0547629 0.7706140 0.7021560 0.7591050 0.0000000 1.2379707 1.1646156 1.1118711 1.2889345 1.2281596 1.1862524 1.1912196 1.1912196 1.2115082 1.2305770 1.2008826 1.1934198 1.3792212 1.1375749 1.2414951 1.3180132 0.9514362 1.2787528 1.2787528 1.2788209 1.2902441 1.0090960 0.8235671 1.2012463 0.9346889 1.2963653 1.3161611 1.0787629 1.3641663 1.2597039 1.1371142 1.2838523 1.4268588 1.4023450 1.1707230 1.2287326 1.3688969 1.4713583 1.3607688 1.3765574 1.3531263 1.3016544 1.3629592 1.5358441 1.5186387 1.6514792 1.4671656 1.4294145 1.5919660 1.4956312 1.1903358 2.8533867 
Chem_TCONS_00054576                                     0.9523673 0.8706071 1.0946366 0.9622196 1.0833612 1.1868484 1.1597054 0.9588818 1.0530061 1.0937321 1.1276714 1.2859182 1.5662179 0.9382913 0.9569963 1.1066887 0.9809634 0.9772294 0.9158391 1.0640945 1.0138606 0.9316156 1.0008100 1.0515937 1.1313498 1.3612444 1.1842291 1.3276848 1.2379707 0.0000000 0.7076458 0.7368070 0.8252225 0.8124424 0.8307347 1.1751351 1.1798118 1.1078761 1.1332265 1.1061776 1.1042710 1.2421724 1.2599311 0.4424161 1.2715056 0.9852829 1.2342776 1.2738140 1.3446940 1.2932885 2.6567038 0.9494862 1.2938850 1.2635693 1.2533558 1.8455192 1.1494676 1.5377224 1.2787708 1.4555979 1.2418848 1.6549463 1.7643493 1.5851209 1.6151662 1.6605533 1.5981271 1.6118053 1.5486176 1.4585853 1.3565864 1.5446751 1.6390105 1.6321008 1.7616595 1.6409926 1.6786515 1.6920473 1.6911370 1.4510086 4.3188201 
Aaur_scaffold923.g7.t1                                  1.0011123 0.9720560 0.9852179 0.9964121 1.0215384 1.2460636 1.1365365 0.8778632 1.0457504 1.0761728 1.2360570 1.2956915 1.6236303 0.8853375 0.9301372 1.1251127 1.0417651 0.9389041 0.9447047 1.0683633 0.9875842 0.9009468 1.0648978 1.1609359 1.1437698 1.2467012 1.0746256 1.1729294 1.1646156 0.7076458 0.0000000 0.3778537 0.5368818 0.5085279 0.7923578 1.1278734 1.1434017 1.1206888 1.1384016 1.0992945 1.0972824 1.1184162 1.2620041 0.8079972 1.3503249 1.0219867 1.3116041 1.3453466 1.4254030 1.3528263 2.1087617 1.0505695 1.4950511 1.5597257 1.4085759 2.2301923 1.1460219 1.7597117 1.4315578 1.3963674 1.2604453 1.6617667 1.7122650 1.4920103 1.6141036 1.6150722 1.7229747 1.5741606 1.5162712 1.4874532 1.3040505 1.6318851 1.6930016 1.8162697 1.9136270 1.6045090 1.7849616 1.7270524 1.8481593 1.4211299 4.1565027 
Sanmal_Sma_010599-T1                                    0.9736764 0.9804162 0.9825956 0.9777758 0.9221394 1.0793480 1.1111604 0.9272412 1.1202549 1.0759809 1.1351698 1.1687534 1.4935545 0.8838167 0.9118389 1.0115525 0.9976308 0.9396428 0.9979592 1.0494492 0.9707927 0.9576304 1.0016123 1.1166707 1.0728878 1.1965703 1.0478557 1.1451139 1.1118711 0.7368070 0.3778537 0.0000000 0.6645302 0.6647864 0.7897995 1.0161610 1.0571808 1.0840953 1.0952681 1.0618442 1.0612175 1.1351628 1.1430762 0.8353084 1.3257591 1.1911265 1.3029632 1.3204364 1.3632798 1.3201642 1.2932095 1.2013638 1.4195478 1.2638076 1.3205672 1.6653174 1.1621937 1.3590110 1.2753421 1.3217669 1.3353134 1.5153895 1.5875988 1.4114767 1.5279490 1.4963819 1.6317083 1.5677718 1.5395311 1.4200713 1.3143186 1.4510007 1.5957348 1.5953994 1.5968634 1.4749472 1.5499282 1.6199142 1.6985529 1.4319125 2.4122841 
Nemnom_g8032.t1                                         1.1856047 1.0531232 1.0401207 1.1247958 1.2021031 1.2683260 1.2937122 1.1651213 1.3183656 1.2886186 1.2778779 1.3757878 1.7776745 1.0604837 1.1593248 1.1310539 1.1371473 1.1780829 1.1590473 1.1618021 1.0856399 1.1447753 1.1665282 1.3199704 1.2184391 1.3387009 1.2007990 1.3514851 1.2889345 0.8252225 0.5368818 0.6645302 0.0000000 0.2394132 0.9421650 1.1810398 1.2235376 1.2117601 1.2197800 1.1790902 1.1729146 1.1742309 1.2600536 0.9833541 1.4647744 1.4229959 1.4539110 1.4577678 1.4906350 1.4605838 1.4027524 1.3305545 1.5576392 1.5164418 1.5204658 1.8953206 1.2646129 1.5138436 1.4065904 1.4700154 1.4232750 1.6447831 1.7016718 1.5377602 1.7181255 1.6372166 1.6980279 1.7456613 1.7225847 1.6086024 1.4635350 1.5085513 1.7602867 1.7235438 1.7945986 1.6017411 1.6521601 1.6091775 1.7154402 1.5142797 2.8878116 
Rhoesc_Res_000903-T1                                    1.1398973 1.0757189 1.0935413 1.1107310 1.1737850 1.2398951 1.3330318 1.1707709 1.3607310 1.2871084 1.3072975 1.4211502 1.6443711 1.0718149 1.1488858 1.2016493 1.1979666 1.1422606 1.1745667 1.1537553 1.1085385 1.1511592 1.1409681 1.3463350 1.2264577 1.2708458 1.1510105 1.3273663 1.2281596 0.8124424 0.5085279 0.6647864 0.2394132 0.0000000 0.9242077 1.1828613 1.2250063 1.2297119 1.2538800 1.2073764 1.2020239 1.2297470 1.3140052 1.0234499 1.5027647 1.4961291 1.4918699 1.4960869 1.5192954 1.4637154 1.5592411 1.3477635 1.6017595 1.6657917 1.5275044 1.9193455 1.2781427 1.5723831 1.4467132 1.5015968 1.4228316 1.7013242 1.6372581 1.4394355 1.6282668 1.6244502 1.7336108 1.6922645 1.6575368 1.5948131 1.5101050 1.5603820 1.7541843 1.7727770 1.7419308 1.5873891 1.7164853 1.5847605 1.7599718 1.5357718 2.8866161 
Morvir_scaffold27.g111.t2                               1.0123399 1.0053707 1.0713038 0.9965973 1.0142283 1.0882423 1.1841821 0.9855488 1.1501668 1.1667875 1.2013081 1.3014669 1.7984281 0.8987192 0.9295397 0.9901418 0.9802557 0.9965813 1.0840417 1.1017449 1.0372204 0.9966829 1.0441115 1.1919848 1.1616879 1.1927063 1.1124482 1.1828514 1.1862524 0.8307347 0.7923578 0.7897995 0.9421650 0.9242077 0.0000000 1.1295902 1.1673346 1.1601170 1.1797942 1.1595450 1.1591843 1.2082442 1.2320845 0.9524369 1.3632912 1.1911759 1.3470020 1.3605660 1.3501301 1.3527305 1.3350546 1.1878575 1.4423626 1.2687968 1.3671147 1.6354535 1.2138903 1.4459076 1.3533887 1.4495730 1.4286565 1.5131970 1.6603649 1.4095876 1.5462081 1.5484712 1.6576134 1.6148027 1.5100936 1.3136753 1.3775073 1.4541425 1.5553751 1.5963715 1.6606276 1.5502172 1.6755794 1.6167906 1.6492798 1.5312422 2.6777641 
Tadh_TriadT25898                                        0.9677252 0.9070973 0.9876144 1.0038706 1.0855135 1.1048094 1.0517385 0.8962544 1.0377739 0.9308050 0.8975773 1.2076053 1.6008722 0.9959621 0.9777463 1.0307815 0.9990892 0.9792149 0.9628365 1.0086287 0.9889612 0.9767474 0.9833013 1.0773338 1.0532357 1.1871372 1.0395809 1.0864724 1.1912196 1.1751351 1.1278734 1.0161610 1.1810398 1.1828613 1.1295902 0.0000000 0.0060412 0.1543500 0.1443889 0.1540484 0.1541553 0.1854118 1.0877059 1.0781312 1.2273320 0.9900830 1.2216814 1.2257517 1.2377731 1.2192534 1.0625932 1.0511694 1.3449992 1.1428638 1.2212484 1.4312379 1.2119903 1.4115541 1.2556828 1.2708475 1.3200444 1.4316295 1.4406620 1.2745445 1.3961969 1.4322987 1.5229770 1.4362094 1.4305692 1.3982160 1.2448829 1.5250037 1.4017629 1.4579105 1.4999795 1.4358039 1.3592378 1.4628302 1.6332233 1.5187001 2.4546979 
TrH2_TrispH2_011133-RA                                  1.0154372 0.9395168 1.0412210 1.0378570 1.1216472 1.1495378 1.0867859 0.9100918 1.0740487 0.9721178 0.9327056 1.2479830 1.6386172 1.0158925 1.0354125 1.0595271 1.0561340 1.0247465 1.0146263 1.0653261 1.0473500 1.0323732 1.0318631 1.1241340 1.0699477 1.2325123 1.0838963 1.1256885 1.1912196 1.1798118 1.1434017 1.0571808 1.2235376 1.2250063 1.1673346 0.0060412 0.0000000 0.1579785 0.1448408 0.1528309 0.1529349 0.1889118 1.1256547 1.1276074 1.2773448 1.0590041 1.2915711 1.2995259 1.2906379 1.2824777 1.0625932 1.1167244 1.4444547 1.2470333 1.2780092 1.5000839 1.2464312 1.4507915 1.3121961 1.3016392 1.3255753 1.4898883 1.4939476 1.2989244 1.4741233 1.4996678 1.6286625 1.4957875 1.4802643 1.4408748 1.2935409 1.5580651 1.4719960 1.5213101 1.5970190 1.5064060 1.3978631 1.5182010 1.7092521 1.5174639 2.5050915 
HoiH06_mRNA8190                                         1.0345491 0.9194245 1.0405247 1.0442294 1.1178605 1.1253121 1.0905944 0.8875894 1.0751278 0.9784272 0.9931807 1.2314465 1.5384726 1.0103621 1.0839185 1.0861265 1.0791886 1.0538868 1.0309105 1.0513035 1.0280003 1.0401564 1.0419017 1.1391092 1.0385784 1.1658084 1.0666026 1.1165757 1.2115082 1.1078761 1.1206888 1.0840953 1.2117601 1.2297119 1.1601170 0.1543500 0.1579785 0.0000000 0.0302851 0.0700950 0.0674874 0.1102669 1.1241853 1.1163615 1.3213194 1.0905655 1.2983126 1.3104705 1.3080812 1.3140022 1.1462906 1.1182482 1.4286136 1.3047022 1.3199910 1.5845059 1.2186079 1.4923030 1.3281477 1.2406833 1.3346967 1.4637228 1.4987465 1.2807203 1.4883592 1.4836445 1.6523175 1.4854781 1.5001663 1.4600993 1.2811403 1.4786389 1.4986907 1.5636072 1.6385940 1.5115029 1.3888652 1.5367493 1.6675205 1.4944186 2.5053241 
HoiH23_PlH23_006992-RA                                  1.0330529 0.9237392 1.0553458 1.0464684 1.1244740 1.1296052 1.0999018 0.8917577 1.0739420 0.9597355 0.9751569 1.2378387 1.5678084 1.0061838 1.0759097 1.0644179 1.0613827 1.0411574 1.0122249 1.0346665 1.0212090 1.0204394 1.0371673 1.1376464 1.0571699 1.1812140 1.0772654 1.1124643 1.2305770 1.1332265 1.1384016 1.0952681 1.2197800 1.2538800 1.1797942 0.1443889 0.1448408 0.0302851 0.0000000 0.0656708 0.0630569 0.1081791 1.1111154 1.1181351 1.2929028 1.0818963 1.2903841 1.3020376 1.2883913 1.3037127 1.1254361 1.1134511 1.4189630 1.2963521 1.2996627 1.5507054 1.2199733 1.4992092 1.3351112 1.2525113 1.3427738 1.4549214 1.4790749 1.2984983 1.5005820 1.4880778 1.6422464 1.4907775 1.4765244 1.4587915 1.2770434 1.4621055 1.4944391 1.5595693 1.6237646 1.4848295 1.3895293 1.5370310 1.6551112 1.5014459 2.4614199 
Hhon_g05620.t1                                          1.0167015 0.8983071 1.0280758 1.0268132 1.1256869 1.1307418 1.0706404 0.8874613 1.0750361 0.9441445 0.9374846 1.2097196 1.5183687 1.0042555 1.0692008 1.0442201 1.0324315 1.0076548 0.9725786 1.0276438 1.0091402 1.0014892 1.0406389 1.1276555 1.0447035 1.1723604 1.0462335 1.0851741 1.2008826 1.1061776 1.0992945 1.0618442 1.1790902 1.2073764 1.1595450 0.1540484 0.1528309 0.0700950 0.0656708 0.0000000 0.0023439 0.1260960 1.1036645 1.0984233 1.3109117 1.0720314 1.2953146 1.3065569 1.3040953 1.3061638 1.1194809 1.1191357 1.4274595 1.2797246 1.3143306 1.5824858 1.2294351 1.5061477 1.3378175 1.2463858 1.3351211 1.4787896 1.4479256 1.2504647 1.4720205 1.4467476 1.6145831 1.5049559 1.4747059 1.4805728 1.2645944 1.5204740 1.5451965 1.5446522 1.6389124 1.4906305 1.3834727 1.5128619 1.6961568 1.4855931 2.4901275 
HoiH04_mRNA17255                                        1.0119463 0.8979510 1.0230168 1.0295980 1.1206409 1.1291213 1.0753011 0.8870732 1.0737691 0.9418454 0.9307970 1.2083880 1.5143112 0.9970750 1.0656443 1.0453194 1.0333882 1.0084564 0.9686953 1.0284500 1.0099229 1.0023475 1.0339146 1.1240301 1.0429593 1.1707659 1.0470508 1.0845348 1.1934198 1.1042710 1.0972824 1.0612175 1.1729146 1.2020239 1.1591843 0.1541553 0.1529349 0.0674874 0.0630569 0.0023439 0.0000000 0.1236688 1.0996556 1.1002628 1.3082058 1.0736229 1.2924592 1.3076714 1.3013856 1.3034623 1.1194809 1.1205200 1.4243534 1.2812559 1.3116171 1.5840301 1.2240348 1.5057328 1.3361150 1.2408343 1.3351683 1.4784520 1.4477082 1.2518487 1.4693931 1.4441467 1.6191502 1.5046213 1.4787784 1.4836986 1.2680802 1.5140867 1.5386665 1.5443262 1.6386030 1.4879694 1.3817111 1.5114379 1.6921680 1.4836587 2.4946597 
HoiH11_mRNA932                                          1.0908711 1.0698203 1.0766938 1.1591417 1.2210509 1.2673063 1.2571746 1.1094119 1.1859640 1.0216156 1.0987283 1.4618098 1.6185696 1.0875438 1.1773758 1.3358259 1.1670093 1.1899870 1.1109505 1.2076251 1.1509663 1.0581447 1.0445241 1.1602387 1.2419716 1.3016979 1.1119572 1.2557493 1.3792212 1.2421724 1.1184162 1.1351628 1.1742309 1.2297470 1.2082442 0.1854118 0.1889118 0.1102669 0.1081791 0.1260960 0.1236688 0.0000000 1.2486070 1.2678849 1.4083310 0.8062504 1.3379865 1.3832110 1.4650983 1.3725257 2.1087617 1.0109190 1.5792429 2.1025672 1.3693814 2.2610270 1.3468069 1.8081057 1.3690176 1.3572848 1.3264821 1.7821430 1.7127477 1.5502452 1.6173343 1.6926337 1.7838523 1.5035497 1.6085260 1.5196686 1.2513516 1.6533069 1.6480220 1.7213774 1.9319789 1.6050404 1.5141475 1.6147603 1.9796084 1.6670545 3.9039907 
Plespi_Pspi_scaffold9525_01                             1.1131568 0.9661794 1.0344471 0.9951210 1.0857831 1.1413116 0.9702339 0.7799115 1.0091844 0.9423805 0.8710201 1.0934313 1.5929506 1.1246711 1.0927173 1.2230791 1.1797001 1.0766025 1.1074970 1.1375120 1.1174269 1.0602767 1.0845016 1.2051646 1.0787872 1.1552071 1.0552539 1.1391046 1.1375749 1.2599311 1.2620041 1.1430762 1.2600536 1.3140052 1.2320845 1.0877059 1.1256547 1.1241853 1.1111154 1.1036645 1.0996556 1.2486070 0.0000000 1.1996555 1.2127312 0.9887661 1.2014258 1.2322399 1.2122513 1.1965030 0.9740035 1.0774852 1.3869033 1.0653553 1.1962478 1.3890551 1.1501060 1.3002589 1.2125964 1.3142898 1.4710301 1.5557531 1.6045580 1.3212333 1.5650274 1.5811989 1.5217195 1.5887992 1.4257056 1.3832445 1.2687762 1.4962813 1.5711087 1.4964498 1.5309424 1.4423010 1.4446116 1.4310234 1.5622678 1.4278693 2.4944854 
Hvul_g10527_1                                           1.1380310 0.9732620 1.0092608 0.9723997 1.0280745 1.1085858 1.2189464 1.0626857 1.2785888 1.1964631 1.0133919 1.0953899 1.6116195 1.0359958 1.0104662 1.0506975 1.0794416 1.0868927 1.1245650 1.0270896 1.0615782 1.0554046 1.1057540 1.1878534 1.1263206 1.2511030 1.2859158 1.2507484 1.2414951 0.4424161 0.8079972 0.8353084 0.9833541 1.0234499 0.9524369 1.0781312 1.1276074 1.1163615 1.1181351 1.0984233 1.1002628 1.2678849 1.1996555 0.0000000 1.2697820 1.2303295 1.3182748 1.3182748 1.2831877 1.3013138 1.3042270 1.1533698 1.2341643 1.4006630 1.2383032 1.3455835 1.1924697 1.3338541 1.3330966 1.3892857 1.3088226 1.5790102 1.6505571 1.5614078 1.6219241 1.6290248 1.8278737 1.7380235 1.5279065 1.4363405 1.4123261 1.4667953 1.7011786 1.6233897 1.7577005 1.5356736 1.5438186 1.7349660 1.6286184 1.4844500 2.4285248 
Mlei_ML2617.g6.i1                                       1.1396644 1.0835163 1.0573594 1.1240920 1.2136858 1.1819024 1.2309252 1.0122334 1.2004687 1.1790698 1.2212042 1.2993369 1.6373577 1.2052659 1.2334802 1.1325567 1.1957522 1.1858221 1.2781973 1.2962219 1.2530975 1.2320214 1.1703951 1.3315216 1.1204721 1.3003401 1.2534922 1.3613476 1.3180132 1.2715056 1.3503249 1.3257591 1.4647744 1.5027647 1.3632912 1.2273320 1.2773448 1.3213194 1.2929028 1.3109117 1.3082058 1.4083310 1.2127312 1.2697820 0.0000000 0.1172311 0.1382102 0.1402067 0.1232751 0.1787969 0.1820174 0.2080678 0.3119700 0.1695683 0.2135305 0.3809351 1.2993433 1.4858960 1.4094993 1.5004991 1.4274253 1.6276702 1.7131858 1.5120839 1.7849333 1.8421530 1.7261717 1.5670103 1.6113065 1.3630319 1.3196527 1.6840239 1.6707143 1.6952055 1.7859822 1.6443853 1.5603220 1.7173310 1.7697043 1.5623052 2.7225013 
Drygla_Dgla_sb290425                                    1.0146903 0.8693798 0.9917094 1.0003976 1.0248046 1.0167654 1.0616054 0.9056955 1.1058520 1.0564368 1.0509990 1.0922787 2.4781686 1.1157755 1.0720613 0.8471603 1.1011026 1.1473750 1.3220957 1.0925585 1.0856351 1.1828326 1.0560862 1.1728336 0.8658821 1.1488292 1.1722504 1.2341732 0.9514362 0.9852829 1.0219867 1.1911265 1.4229959 1.4961291 1.1911759 0.9900830 1.0590041 1.0905655 1.0818963 1.0720314 1.0736229 0.8062504 0.9887661 1.2303295 0.1172311 0.0000000 0.1424572 0.1424572 0.1428022 0.1769988 0.1793337 0.2289643 0.2236203 0.1796356 0.1980697 0.2012206 1.1241462 1.2162772 1.3552356 1.3183031 1.2896730 1.2114335 1.3212703 1.2640181 1.2977509 1.3451673 1.3879618 1.4135677 1.3873970 1.1354304 1.2045535 1.3450211 1.4901659 1.3481943 1.4253165 1.3774663 1.2814153 1.4932408 1.3379961 1.2698775 2.0649988 
