77
Hsap_ENST00000238146                              0.0000000 0.7708490 0.8366215 0.7924640 1.0378455 0.9474443 1.1591420 1.0861116 1.2963788 0.9559233 0.9533309 0.9464824 0.6821072 0.8576707 1.1163581 0.9352283 1.2042006 1.1089063 1.0757583 0.9080110 0.9276420 0.9918545 1.1957856 0.9416549 1.0863838 1.1586224 1.1641558 1.1101189 1.0318648 0.9146841 0.9930367 1.0470149 1.2648725 1.4522661 2.7530948 0.9810134 1.2631535 1.2806660 1.5720259 1.3354095 1.4750491 1.5388349 1.5300738 1.6361455 1.6022329 1.5634919 1.4728859 1.9648125 1.7464259 1.6438592 1.8208043 1.7822835 1.3812302 1.5238173 1.5691785 1.3470702 1.2408518 1.2982520 1.5133526 1.3959189 1.5897348 1.4934532 1.4254052 1.6612995 1.5467776 1.2222337 1.6439362 1.6118253 1.7254419 1.6675676 1.5027663 1.5152270 2.0700264 1.4459714 1.9589746 1.5432862 1.3252278 
Ctel_gnl_WGS_AMQN_CAPTEDRAFT_mRNA209893           0.7708490 0.0000000 0.7583121 0.7691045 1.1196010 0.8884617 0.9314409 0.8996458 1.0456539 0.9122676 0.9395111 0.9363719 0.8549465 0.9697285 0.9898043 0.7835139 0.9545987 0.9933595 1.0076447 0.8097832 0.9021542 1.0762089 1.0815847 1.0409093 1.0526553 1.0647504 1.0534162 1.0166021 0.9803106 0.9110205 0.9460467 0.9535521 1.2309427 1.3328368 2.1875631 1.0919538 1.1178070 1.0530975 1.0821145 1.0962928 1.3973201 1.4537867 1.4767032 1.5088667 1.5371207 1.5115130 1.4346092 1.5637607 1.5669451 1.6244308 1.6323249 1.5994827 1.3351716 1.5417323 1.6051655 1.4649789 1.3298402 1.2963265 1.5192794 1.4686116 1.6554815 1.5086470 1.3561140 1.5241799 1.4697864 1.3974907 1.5844330 1.6373007 1.9058498 1.7221841 1.5709417 1.2727139 1.4978557 1.4980544 2.0994931 1.5282243 1.1443577 
Spur_XM_030975057.1                               0.8366215 0.7583121 0.0000000 0.8127855 1.0062654 0.8225307 1.0231598 0.9915389 1.0062480 0.8620569 0.8982420 0.8669564 0.6489044 0.7393210 1.0917222 0.8941347 1.0550826 1.0350616 0.9605912 0.8523980 0.8906464 1.0750270 1.2464724 0.9584444 1.1119811 1.1651524 1.1551042 1.1268337 0.9948642 0.7705092 1.0249027 1.0069222 1.1280400 1.3696717 2.6467286 1.0091311 1.1667603 1.2067792 1.2829563 1.2119575 1.3667084 1.4282015 1.4182714 1.4380399 1.5396895 1.5020068 1.4195062 1.7612818 1.5737647 1.4947190 1.6264854 1.6301638 1.3937800 1.4676292 1.5693278 1.3126798 1.1853451 1.3091271 1.4420220 1.3614249 1.6056184 1.4560099 1.3548180 1.5702969 1.4682537 1.2013847 1.5569136 1.5398623 1.6605326 1.5141395 1.5034460 1.2731108 2.0501795 1.2746620 1.9053576 1.5610085 1.3055266 
Bralan_BLAG01001513_1                             0.7924640 0.7691045 0.8127855 0.0000000 1.0331927 0.8225127 1.0421398 0.9572168 1.0660813 0.8891541 0.8523538 0.8327790 0.6407775 0.8628284 1.1536134 0.9514937 1.2079217 1.0716082 1.1536384 0.8472861 0.9107780 0.9844889 1.1401345 0.9275728 1.0722144 1.1259851 1.1244908 1.0682625 0.9928006 0.8749932 0.9690977 1.0428660 1.3365336 1.4678070 2.2801929 0.9131618 1.2011882 1.3149052 1.6045346 1.1353365 1.4042693 1.4997663 1.5604549 1.5360305 1.5824025 1.5396224 1.4124010 1.8023355 1.6419008 1.4997787 1.6840939 1.6383266 1.3627481 1.5484461 1.4460082 1.3365245 1.1541304 1.2996329 1.3634545 1.3941012 1.5864827 1.6953444 1.4031253 1.5399569 1.5100546 1.0022023 1.7047149 1.5762831 1.5977344 1.6075416 1.4420622 1.3784814 2.3348697 1.3807797 1.8089633 1.7203608 1.1703825 
Exapal_XM_021061053.2                             1.0378455 1.1196010 1.0062654 1.0331927 0.0000000 0.5506285 0.8465123 0.7957074 0.9018736 0.7103998 0.7082592 0.7005028 0.5544169 0.9001790 1.2245574 1.0009294 1.1790631 1.1448105 1.0863347 1.1547090 1.0894812 0.9829009 1.1485897 0.8736111 1.0868861 1.2208297 1.2138992 1.0811980 1.0436633 0.9582887 1.1354977 1.1307979 1.3500187 1.5625545 2.3188745 1.1556554 1.2952257 1.3112566 1.4129431 1.3133463 1.5430040 1.7256388 1.7180848 1.6176906 1.7669667 1.6974257 1.8261451 2.0885668 1.8618935 1.7184917 1.8314320 1.8521062 1.6274125 1.5975546 1.5535414 1.4524584 1.3491086 1.4730740 1.4190664 1.3978045 1.8695650 1.6047663 1.6095550 1.6340632 1.5044493 1.2328145 1.7098321 1.4233441 1.7069138 1.6222970 1.4341629 1.5722286 2.0181038 1.4494496 2.2324571 1.6332184 1.3417613 
Nvec_v1g206799                                    0.9474443 0.8884617 0.8225307 0.8225127 0.5506285 0.0000000 0.6962317 0.6942538 0.7079303 0.5733431 0.5610590 0.5441187 0.4202122 0.6880348 1.0351113 0.8416566 1.0632487 0.9235563 0.9571769 0.8966269 0.9873325 1.0026455 1.1735830 0.9060325 1.0760064 1.1403692 1.1344198 1.0458536 0.9743918 0.8757804 1.0837822 1.0785190 1.1998734 1.3677101 2.3874681 0.9080189 1.1687841 1.1285595 1.3494306 1.2163612 1.4452162 1.4527346 1.4493169 1.3864172 1.5368090 1.4843778 1.4861612 1.7446329 1.6236976 1.3892561 1.6432507 1.6332008 1.3625488 1.4000809 1.4436975 1.2790520 1.2306934 1.2795501 1.3923387 1.2732125 1.5357738 1.5097385 1.3889457 1.4334845 1.3845472 1.1304811 1.5450651 1.4397351 1.5744729 1.4961305 1.4296843 1.4299619 2.3044056 1.3777362 1.7649894 1.5911395 1.3632301 
Adig_XM_015900392.1                               1.1591420 0.9314409 1.0231598 1.0421398 0.8465123 0.6962317 0.0000000 0.0140761 0.3902271 0.3661546 0.4152334 0.4097070 0.1995844 0.7384491 1.1120729 1.0531377 1.1475774 1.1214347 1.1300160 1.0129630 1.0135583 0.9840578 1.2480937 0.8296429 1.1662173 1.1976167 1.1846390 1.1258309 0.9758210 1.0225345 1.0568856 1.0964475 1.4375798 1.4922722 4.6124854 1.1785739 1.3619669 1.3513660 1.3625196 1.4437187 1.7040034 1.4274950 1.5343571 1.2726210 1.7340943 1.7340943 1.6296308 2.1148506 1.7778799 1.4680021 1.5293140 1.5608434 1.6519862 1.4929031 1.5856647 1.4543813 1.3155372 1.3612928 1.6536755 1.4210546 1.7390784 1.7270451 1.4908144 1.5692469 1.6491424 1.1695900 1.7413423 1.6572608 1.7139515 1.8033866 1.7182435 1.4038703 1.9462470 1.5595031 2.1317339 1.8581602 4.3131341 
Amil_Amillepora23157-RA                           1.0861116 0.8996458 0.9915389 0.9572168 0.7957074 0.6942538 0.0140761 0.0000000 0.4166827 0.3932127 0.3899579 0.4091055 0.2681380 0.7647190 1.0683867 0.9370730 1.2214778 1.1649295 1.1909630 1.0091721 1.0712286 0.9838283 1.1774753 0.9105420 1.0990468 1.1564336 1.1368721 1.0794086 0.9313177 0.9961956 1.0974470 1.1101544 1.2666930 1.4740210 2.9671682 1.0360291 1.2493122 1.3306237 1.3704778 1.3437889 1.4969546 1.4721715 1.4740940 1.3442954 1.6852262 1.6355539 1.6054196 1.9607420 1.7265684 1.3859541 1.6213017 1.6454890 1.5298241 1.4698227 1.4958979 1.3217742 1.2982905 1.2796711 1.5257353 1.2949115 1.7982761 1.6293390 1.4217742 1.5730524 1.5618518 1.1592014 1.7187119 1.5521558 1.6750847 1.6786907 1.6085081 1.4345473 1.9155937 1.5131340 2.1892650 1.7355408 1.3804920 
Gfas_gfas1.m1.21573.m1                            1.2963788 1.0456539 1.0062480 1.0660813 0.9018736 0.7079303 0.3902271 0.4166827 0.0000000 0.3064141 0.3012002 0.3277798 0.1656087 0.7979314 1.1605386 1.0304665 1.0803663 1.0276298 1.0894698 1.1094555 1.0591069 0.9891615 1.2642373 0.8780805 1.2217415 1.2350199 1.2175456 1.1933285 1.1189536 1.0370353 1.1884017 1.0540912 1.2993161 1.4750039 7.2699105 1.0417157 1.3188685 1.3196321 1.3333554 1.5364561 1.7209550 1.6023766 1.6528284 1.3961059 1.9358177 1.9358177 1.8628665 2.1198035 1.8093196 1.5544143 1.7053117 1.7498960 1.7453050 1.6057805 1.6430984 1.4951240 1.4011605 1.4522610 1.7497434 1.7007184 1.8649175 2.0899703 1.6245867 1.9356594 2.0201779 1.4718310 1.9672138 1.8021161 1.7953511 1.7898521 1.8279163 1.5689348 2.1205621 1.7494779 2.0492640 2.0554947 0.6674079 
Gasp_gasp1.m3.18427.m1                            0.9559233 0.9122676 0.8620569 0.8891541 0.7103998 0.5733431 0.3661546 0.3932127 0.3064141 0.0000000 0.1991746 0.2027298 0.0903229 0.7381103 1.0047900 0.9000125 1.0396499 0.9117520 0.9891144 0.9677934 0.9583535 0.9719982 1.1383291 0.8584251 1.0825126 1.1624884 1.1521424 1.0850873 0.8828066 0.8127586 1.0248101 1.0614733 1.2353863 1.3721195 2.5985914 0.9834806 1.2401322 1.1902566 1.3657052 1.1923291 1.4542325 1.3947830 1.4698582 1.2931356 1.6976825 1.6659941 1.5591176 1.8670290 1.6621663 1.5627964 1.6786823 1.6707541 1.6021431 1.4797971 1.4698706 1.3356784 1.2991304 1.2432692 1.5141811 1.3775698 1.6608187 1.5091473 1.3949529 1.5909175 1.5297240 1.1588608 1.5852653 1.5179757 1.6615199 1.4712979 1.4470814 1.3789733 1.8277704 1.4781628 1.8721880 1.6533386 1.0883103 
Spis_XP_022793437_1                               0.9533309 0.9395111 0.8982420 0.8523538 0.7082592 0.5610590 0.4152334 0.3899579 0.3012002 0.1991746 0.0000000 0.0724531 0.1442317 0.7378134 1.0151013 0.8738613 1.0472892 1.0117147 0.9908064 0.9085652 0.9948490 0.9965241 1.1446561 0.8447513 1.0521587 1.1317096 1.1220768 1.0830099 0.8622862 0.8119521 1.0427382 0.9991950 1.2115472 1.4184871 2.4065949 1.0207877 1.2290601 1.2363922 1.3644781 1.1859351 1.4294444 1.3728946 1.4274850 1.2910182 1.6536981 1.6223061 1.5447797 1.8160222 1.6266188 1.4699632 1.6077196 1.6229001 1.5621248 1.5106035 1.4720688 1.3420283 1.3320160 1.2897288 1.5031085 1.3329630 1.6359677 1.5405303 1.3547435 1.5899758 1.5387739 1.1018641 1.6117016 1.5229399 1.6278083 1.5022112 1.3656612 1.3567988 1.7795330 1.4214189 1.8458614 1.6329060 1.1717474 
Pocdam_XM_027193957.1                             0.9464824 0.9363719 0.8669564 0.8327790 0.7005028 0.5441187 0.4097070 0.4091055 0.3277798 0.2027298 0.0724531 0.0000000 0.1406833 0.7247684 1.0129508 0.8862434 1.0808351 1.0188004 0.9985157 0.8686001 0.9885537 0.9833156 1.1442186 0.8514257 1.0688090 1.1303605 1.1207798 1.0694384 0.8743874 0.7930568 1.0205163 1.0477324 1.2299227 1.4073642 2.3004634 0.9838634 1.2226230 1.2298371 1.4272303 1.1592347 1.4444343 1.4269992 1.4357078 1.2912132 1.6776186 1.6457697 1.5761422 1.8150273 1.6244886 1.4740513 1.6233463 1.6258226 1.5306979 1.5130352 1.5081779 1.3332409 1.2783340 1.2811321 1.5453811 1.3616106 1.6200303 1.5652247 1.3591822 1.5547084 1.5393387 1.0704116 1.6049969 1.5345676 1.6018866 1.4423607 1.3497033 1.3491863 1.9094213 1.4229509 1.8299506 1.6187846 1.2130861 
Fspp_ffun1.m4.725.m1                              0.6821072 0.8549465 0.6489044 0.6407775 0.5544169 0.4202122 0.1995844 0.2681380 0.1656087 0.0903229 0.1442317 0.1406833 0.0000000 0.6998139 0.8607679 0.7056208 0.8384281 0.8412994 0.7792664 0.7897737 0.7583882 0.9397850 0.9405627 0.8296987 0.8335102 0.8687790 0.8586335 0.8522290 0.6761437 0.6979376 0.8632579 0.8049465 1.0364720 1.2819329 1.6662644 0.9654313 0.9743929 0.8962236 0.8325635 0.9892111 1.3057390 1.2934703 1.2942336 1.2477998 1.3101326 1.2732843 1.2040826 1.4843161 1.4839292 1.3677289 1.5089591 1.4801579 1.3125225 1.4299936 1.4003111 1.2425186 1.3206428 1.0648296 1.3377202 1.2675529 1.4310915 1.4653799 1.2692871 1.2792151 1.2383174 1.1067259 1.3573337 1.4587744 1.4949803 1.3197757 1.1398737 1.0513744 0.0000010 1.1729328 1.5983962 1.3787485 1.2628749 
Plajan_Pjan_C541354_01                            0.8576707 0.9697285 0.7393210 0.8628284 0.9001790 0.6880348 0.7384491 0.7647190 0.7979314 0.7381103 0.7378134 0.7247684 0.6998139 0.0000000 0.6824046 0.8411020 0.9328526 0.8739679 0.9301283 0.8119517 0.8039702 0.9086840 0.9026930 0.8738067 0.8711858 0.9426693 0.9073225 0.9028862 0.8315779 0.7916969 0.8805290 0.7325532 1.0782058 1.1048214 2.8884428 1.0520415 1.0090757 1.0014267 0.7423339 1.0870068 1.3135723 1.2019358 1.2940513 1.3284287 1.1710346 1.1710346 1.2859994 1.4230558 1.4126095 1.3142023 1.4174510 1.4203987 1.3487542 1.2001988 1.3802569 1.1829051 1.2269227 1.3386298 1.3846101 1.4162130 1.3226007 0.9953687 1.2263834 1.3740242 1.2828605 1.0973203 1.4649011 1.4365137 1.5238236 1.5520278 1.4701508 1.1913442 0.0000010 1.2307312 1.6502190 1.5785881 0.8241044 
Opea_EP00118_Oscarella_pearsei_P001893            1.1163581 0.9898043 1.0917222 1.1536134 1.2245574 1.0351113 1.1120729 1.0683867 1.1605386 1.0047900 1.0151013 1.0129508 0.8607679 0.6824046 0.0000000 1.1205919 1.2087068 1.2535662 1.2537319 1.0304353 1.1827771 1.1780571 1.3326687 1.0732429 1.2587802 1.3280575 1.3187924 1.2812570 1.1415399 1.1834634 1.1140816 1.2243782 1.2784021 1.4239325 2.7205569 1.1257608 1.3461828 1.3214728 1.5124925 1.3960156 1.5473503 1.6895488 1.6827145 1.5622227 1.6549829 1.6223249 1.6303859 1.9152017 1.7843282 1.6548783 1.8887108 1.8807351 1.4981992 1.5148776 1.5458673 1.5067132 1.3845191 1.5694899 1.6295001 1.4940214 1.6623608 1.5329773 1.4930291 1.9249996 1.7707955 1.3448652 1.8617828 1.7876484 2.0585057 1.6316664 1.5836889 1.6108258 2.2283798 1.5441593 2.1092467 1.6614033 1.1180666 
Aaur_scaffold137.g4.t1                            0.9352283 0.7835139 0.8941347 0.9514937 1.0009294 0.8416566 1.0531377 0.9370730 1.0304665 0.9000125 0.8738613 0.8862434 0.7056208 0.8411020 1.1205919 0.0000000 0.4550081 0.4110048 0.4630785 1.0069933 1.0418863 1.0459494 1.2137791 0.9853054 1.1591268 1.1906173 1.1877976 1.1895456 1.0069250 0.8673582 1.0532312 0.7992325 0.9922680 1.1983697 2.8635908 1.0646220 1.2107482 1.2585902 1.2471726 1.2306098 1.3924780 1.5621659 1.4967483 1.4804513 1.6724345 1.6348602 1.6387157 1.8560754 1.6760593 1.6870030 1.6566816 1.6399541 1.4147641 1.3627310 1.4533568 1.4306781 1.2238490 1.3050917 1.4410737 1.4478376 1.5618014 1.4096802 1.3697534 1.6267415 1.5187877 1.2692996 1.5768274 1.4592788 1.5779981 1.5429421 1.5298441 1.4860212 1.9146392 1.4157727 2.2456734 1.5295632 1.1281782 
Nemnom_g10739.t1                                  1.2042006 0.9545987 1.0550826 1.2079217 1.1790631 1.0632487 1.1475774 1.2214778 1.0803663 1.0396499 1.0472892 1.0808351 0.8384281 0.9328526 1.2087068 0.4550081 0.0000000 0.2398629 0.6177536 1.1470222 1.2341796 1.1856864 1.3510109 1.0398651 1.2616119 1.3000177 1.2967088 1.2941591 1.1507523 1.1404234 1.1279022 1.0084103 1.2471698 1.4936675 4.0046232 1.1392886 1.4205662 1.4329563 1.4761202 1.5683180 1.7573722 1.6412477 1.6525782 1.5778543 1.7388647 1.7417579 1.8024155 2.0068043 1.7515252 1.6710032 1.6425398 1.6348040 1.5990823 1.6115411 1.6183219 1.6354014 1.2186325 1.6054966 1.5762462 1.6081267 1.6990894 1.5778309 1.5079240 1.8995795 1.7511257 1.5183467 1.7903468 1.6453927 1.8303098 1.7658423 1.7860050 1.5163298 2.0084599 1.5914441 2.0805521 1.7804814 1.2274635 
Rhoesc_Res_006133-T1                              1.1089063 0.9933595 1.0350616 1.0716082 1.1448105 0.9235563 1.1214347 1.1649295 1.0276298 0.9117520 1.0117147 1.0188004 0.8412994 0.8739679 1.2535662 0.4110048 0.2398629 0.0000000 0.5933235 1.0893516 1.1529893 1.1985837 1.3226413 1.1573585 1.2836016 1.3109790 1.3052847 1.3047810 1.1103158 1.0962510 1.1702015 0.9460941 1.2480827 1.2432867 2.8892955 1.1862697 1.3807486 1.4059615 1.5011670 1.3787532 1.6162168 1.7363815 1.5624991 1.6928753 1.7605774 1.7181877 1.7335613 2.0685232 1.8568886 1.6264722 1.7778162 1.7673729 1.5247603 1.6739083 1.6270499 1.5346851 1.3769232 1.5756758 1.6360651 1.5991503 1.7791197 1.6219752 1.5420302 1.8486943 1.7087392 1.3968167 1.7052204 1.6681309 1.8492240 1.6605967 1.7026046 1.3914728 1.9180087 1.5702823 1.9267583 1.7183872 1.5892678 
Sanmal_Sma_018719-T1                              1.0757583 1.0076447 0.9605912 1.1536384 1.0863347 0.9571769 1.1300160 1.1909630 1.0894698 0.9891144 0.9908064 0.9985157 0.7792664 0.9301283 1.2537319 0.4630785 0.6177536 0.5933235 0.0000000 1.1215621 1.1775610 1.0633217 1.2223695 0.9816985 1.1276384 1.1919722 1.2030013 1.2323950 1.0186920 1.0262346 1.2066401 0.8948804 1.2283149 1.2171366 4.5682950 1.1534789 1.4714315 1.4581619 1.4982476 1.5437349 1.7348036 1.5344711 1.4684408 1.3421973 1.5333319 1.5333319 1.5940142 1.9519758 1.7149177 1.6031244 1.4665201 1.4494936 1.4321530 1.4602024 1.6212535 1.5159546 1.3384035 1.5316009 1.5172752 1.7093186 1.6736394 1.6614828 1.4852504 1.9100455 1.8036035 1.4537880 1.7457476 1.5996852 1.8022761 1.6821407 1.7095944 1.3966337 1.9054810 1.6242404 2.0930239 1.6843853 1.5475883 
Acagra_model.g1967.t1                             0.9080110 0.8097832 0.8523980 0.8472861 1.1547090 0.8966269 1.0129630 1.0091721 1.1094555 0.9677934 0.9085652 0.8686001 0.7897737 0.8119517 1.0304353 1.0069933 1.1470222 1.0893516 1.1215621 0.0000000 0.9351416 1.1128496 1.2526872 1.0430824 1.1753527 1.2569157 1.2463799 1.1522433 1.1198763 0.9051846 1.0548889 1.0778755 1.2516522 1.3968785 2.4307906 0.9861777 1.2987805 1.3584528 1.6051303 1.2153059 1.3760431 1.6438612 1.5643331 1.6011437 1.7443414 1.7062742 1.6049761 2.0006899 1.8014518 1.7222555 1.8395802 1.8260352 1.5153000 1.6322004 1.6136670 1.3755355 1.2938401 1.4492845 1.6528553 1.4984274 1.6308951 1.6598851 1.4261359 1.6438245 1.6626827 1.2859153 1.7397751 1.7419501 1.8273802 1.5627030 1.5243686 1.3642148 1.9229578 1.4152568 2.1857853 1.6234030 1.1823894 
Cgig_XM_011435241.3                               0.9276420 0.9021542 0.8906464 0.9107780 1.0894812 0.9873325 1.0135583 1.0712286 1.0591069 0.9583535 0.9948490 0.9885537 0.7583882 0.8039702 1.1827771 1.0418863 1.2341796 1.1529893 1.1775610 0.9351416 0.0000000 1.1133039 1.2033765 1.0641882 1.1977184 1.2470112 1.2364256 1.1976497 1.0963853 0.8754139 1.0929049 1.1037536 1.4364644 1.4588005 2.9120522 1.0890116 1.3782237 1.3779573 1.4903544 1.2516370 1.5065309 1.5256753 1.5634220 1.5028670 1.6975374 1.6964859 1.5538393 1.9683018 1.7478530 1.5893850 1.8471905 1.8014257 1.5419020 1.5685522 1.6141442 1.4457027 1.3921184 1.4538650 1.5926234 1.3944488 1.6626916 1.6981031 1.4498231 1.6900140 1.6156465 1.2600002 1.7148650 1.6390581 1.8657119 1.6073309 1.4249655 1.5667128 2.4793845 1.4768073 2.2143349 1.5781264 1.5951741 
Tadh_TriadT30218                                  0.9918545 1.0762089 1.0750270 0.9844889 0.9829009 1.0026455 0.9840578 0.9838283 0.9891615 0.9719982 0.9965241 0.9833156 0.9397850 0.9086840 1.1780571 1.0459494 1.1856864 1.1985837 1.0633217 1.1128496 1.1133039 0.0000000 0.0086768 0.2389317 0.2468003 0.2540499 0.2488995 0.2276993 1.0897675 1.0963227 1.2674875 1.0469765 1.3290310 1.4022236 2.4835269 1.3079202 1.2011125 1.2895079 1.4455804 1.2951107 1.3831538 1.4733788 1.5141817 1.5341092 1.4332136 1.4012745 1.4060991 1.7218483 1.7090217 1.5887821 1.7017180 1.6937156 1.5189143 1.5718584 1.7176281 1.6004568 1.5657991 1.4409472 1.4403177 1.4571464 1.6473283 1.6349561 1.5475989 1.5359698 1.5257926 1.3458253 1.6507992 1.7141125 1.6506782 1.5779926 1.4968136 1.4946537 1.3422123 1.4598263 2.3004028 1.5132067 1.3790795 
TrH2_TrispH2_000390-RA                            1.1957856 1.0815847 1.2464724 1.1401345 1.1485897 1.1735830 1.2480937 1.1774753 1.2642373 1.1383291 1.1446561 1.1442186 0.9405627 0.9026930 1.3326687 1.2137791 1.3510109 1.3226413 1.2223695 1.2526872 1.2033765 0.0086768 0.0000000 0.2423803 0.2624682 0.2752132 0.2708906 0.2547078 1.2205764 1.1645941 1.4112337 1.2099400 1.5219027 1.5465091 2.8622656 1.3134207 1.3851273 1.4812712 1.7243234 1.4133897 1.5552686 1.5650512 1.6377369 1.6037939 1.5880961 1.5564014 1.6294636 2.0455477 1.8398254 1.6146698 1.8254558 1.8143513 1.5748142 1.6535529 1.7851179 1.7366741 1.5712641 1.6551848 1.6580157 1.6662175 1.8354391 1.7623921 1.6934783 1.7190087 1.7437140 1.3598793 1.8856285 1.8761344 1.7974953 1.7380589 1.6897546 1.8664228 2.3744705 1.6366851 2.4467474 1.6659576 1.3790795 
HoiH06_mRNA14824                                  0.9416549 1.0409093 0.9584444 0.9275728 0.8736111 0.9060325 0.8296429 0.9105420 0.8780805 0.8584251 0.8447513 0.8514257 0.8296987 0.8738067 1.0732429 0.9853054 1.0398651 1.1573585 0.9816985 1.0430824 1.0641882 0.2389317 0.2423803 0.0000000 0.0658287 0.0846897 0.0821848 0.1472414 1.0793099 1.0173765 1.1373058 0.9694595 1.2906178 1.4115308 2.1376869 1.2551835 1.2286441 1.2391015 1.3739880 1.3011904 1.4134778 1.4755977 1.4165355 1.5071825 1.3218424 1.2611488 1.3098916 1.6896213 1.6798513 1.5897704 1.7561035 1.7194481 1.4858100 1.4593322 1.5709119 1.4757520 1.3938818 1.2533792 1.3227460 1.3819824 1.5848229 1.6970543 1.4296031 1.4739278 1.4430512 1.2481992 1.5707232 1.6255906 1.6441866 1.5938228 1.3942354 1.4825572 4.9602072 1.3924050 1.8851887 1.4041920 1.3471829 
HoiH23_PlH23_000445-RA                            1.0863838 1.0526553 1.1119811 1.0722144 1.0868861 1.0760064 1.1662173 1.0990468 1.2217415 1.0825126 1.0521587 1.0688090 0.8335102 0.8711858 1.2587802 1.1591268 1.2616119 1.2836016 1.1276384 1.1753527 1.1977184 0.2468003 0.2624682 0.0658287 0.0000000 0.1063165 0.1013152 0.1491853 1.1358273 1.1125919 1.2881744 1.1605250 1.4882329 1.5286495 2.8698967 1.3033732 1.4563588 1.5103419 1.6562616 1.4447751 1.5764589 1.6376210 1.6194162 1.6209798 1.5674858 1.5124654 1.5675475 2.0269529 1.8543094 1.6856153 1.8724731 1.8138906 1.5033422 1.6025966 1.6883745 1.5667462 1.4215233 1.4597985 1.5605902 1.6032018 1.7592712 1.7352206 1.5235129 1.6723157 1.6852914 1.2807720 1.8137900 1.7660585 1.7233459 1.6388702 1.5566947 1.8099690 2.3342245 1.5916151 2.2799989 1.5753387 1.2993501 
Hhon_g05796.t1                                    1.1586224 1.0647504 1.1651524 1.1259851 1.2208297 1.1403692 1.1976167 1.1564336 1.2350199 1.1624884 1.1317096 1.1303605 0.8687790 0.9426693 1.3280575 1.1906173 1.3000177 1.3109790 1.1919722 1.2569157 1.2470112 0.2540499 0.2752132 0.0846897 0.1063165 0.0000000 0.0073259 0.1342026 1.2301489 1.1741271 1.3461660 1.1728364 1.5098956 1.5710465 2.8501566 1.3036636 1.4984399 1.5192944 1.7230321 1.4620888 1.6423163 1.6164867 1.5848650 1.5940023 1.5660536 1.5117478 1.6068314 2.0206052 1.8578980 1.6966145 1.8692757 1.8178297 1.5271119 1.6527935 1.7328076 1.6174891 1.4785948 1.5330603 1.6313707 1.6934186 1.8191319 1.8502244 1.5670385 1.6991691 1.6866687 1.3193599 1.8812479 1.8053114 1.8106021 1.6525967 1.6092699 1.7925691 2.3565898 1.6337169 2.3493555 1.6078816 1.3097064 
HoiH04_mRNA15769                                  1.1641558 1.0534162 1.1551042 1.1244908 1.2138992 1.1344198 1.1846390 1.1368721 1.2175456 1.1521424 1.1220768 1.1207798 0.8586335 0.9073225 1.3187924 1.1877976 1.2967088 1.3052847 1.2030013 1.2463799 1.2364256 0.2488995 0.2708906 0.0821848 0.1013152 0.0073259 0.0000000 0.1292444 1.2199469 1.1807788 1.3350642 1.1768619 1.4956618 1.5765634 2.8475696 1.3037708 1.4864417 1.5041906 1.6928684 1.4705201 1.6287383 1.6162657 1.5844718 1.5937801 1.5608502 1.5066321 1.5913838 2.0083362 1.8456383 1.6780689 1.8652808 1.8139214 1.5292901 1.6565857 1.7344835 1.6255863 1.4743896 1.5387449 1.6351977 1.6751210 1.8256070 1.8420683 1.5472548 1.6778157 1.6767053 1.3369060 1.8786022 1.8126937 1.8219762 1.6641350 1.6311058 1.7870737 2.3251780 1.6473900 2.3471517 1.6001966 1.3413494 
HoiH11_mRNA7822                                   1.1101189 1.0166021 1.1268337 1.0682625 1.0811980 1.0458536 1.1258309 1.0794086 1.1933285 1.0850873 1.0830099 1.0694384 0.8522290 0.9028862 1.2812570 1.1895456 1.2941591 1.3047810 1.2323950 1.1522433 1.1976497 0.2276993 0.2547078 0.1472414 0.1491853 0.1342026 0.1292444 0.0000000 1.2256658 1.1621252 1.3405193 1.1671150 1.4116787 1.5018396 2.6703619 1.2649733 1.3639600 1.4383221 1.7510866 1.4401500 1.5316999 1.6202527 1.5856741 1.6181611 1.6256545 1.5696558 1.6249219 1.8420957 1.8468007 1.6535534 1.8577533 1.8011497 1.5871926 1.7012412 1.7775651 1.6428961 1.4888315 1.5135661 1.6310080 1.6790388 1.8194475 1.8383101 1.6069270 1.6019521 1.5718242 1.3220858 1.7916259 1.8001985 1.7988999 1.6701866 1.5488434 1.8105475 2.8155716 1.5674808 2.2372124 1.6080080 1.3185913 
Dgig_XM_028544949.1                               1.0318648 0.9803106 0.9948642 0.9928006 1.0436633 0.9743918 0.9758210 0.9313177 1.1189536 0.8828066 0.8622862 0.8743874 0.6761437 0.8315779 1.1415399 1.0069250 1.1507523 1.1103158 1.0186920 1.1198763 1.0963853 1.0897675 1.2205764 1.0793099 1.1358273 1.2301489 1.2199469 1.2256658 0.0000000 1.0120089 1.1473778 1.0744736 1.1996371 1.3991822 2.9495599 1.1996933 1.2637813 1.2453799 1.2199434 1.4208249 1.6451117 1.5841367 1.5865494 1.5045305 1.7322942 1.6930667 1.6149113 1.8396195 1.6782024 1.4837582 1.5604620 1.5518980 1.4555462 1.5400871 1.5660724 1.4812649 1.3473361 1.4203445 1.4888876 1.5459611 1.6678527 1.5624164 1.4871885 1.6575400 1.6132973 1.3622172 1.6418425 1.6122787 1.7000105 1.4784348 1.4700924 1.3054404 1.3908758 1.4549880 1.8571712 1.7685519 1.3342314 
Skow_XM_006819876.1                               0.9146841 0.9110205 0.7705092 0.8749932 0.9582887 0.8757804 1.0225345 0.9961956 1.0370353 0.8127586 0.8119521 0.7930568 0.6979376 0.7916969 1.1834634 0.8673582 1.1404234 1.0962510 1.0262346 0.9051846 0.8754139 1.0963227 1.1645941 1.0173765 1.1125919 1.1741271 1.1807788 1.1621252 1.0120089 0.0000000 0.9085217 1.0338936 1.3849212 1.4187634 2.2891630 1.0472168 1.1914297 1.2186376 1.3291514 1.1919701 1.3708989 1.6546728 1.5799648 1.5309049 1.7176827 1.6602574 1.6466557 1.9709284 1.7247168 1.4288787 1.6219998 1.5871536 1.4936946 1.5252485 1.4384770 1.3916039 1.3677635 1.3251532 1.4327765 1.3737816 1.6357385 1.5614295 1.3181954 1.6752992 1.6235839 1.2731494 1.6011302 1.6010477 1.7062641 1.5708946 1.4719278 1.4095497 1.6812739 1.3545869 2.0750470 1.5430200 1.5338620 
Cscu_XM_023367738.1                               0.9930367 0.9460467 1.0249027 0.9690977 1.1354977 1.0837822 1.0568856 1.0974470 1.1884017 1.0248101 1.0427382 1.0205163 0.8632579 0.8805290 1.1140816 1.0532312 1.1279022 1.1702015 1.2066401 1.0548889 1.0929049 1.2674875 1.4112337 1.1373058 1.2881744 1.3461660 1.3350642 1.3405193 1.1473778 0.9085217 0.0000000 1.1651633 1.4159538 1.5459847 2.7129740 1.1237874 1.3041107 1.3541594 1.4814843 1.1569191 1.3394004 1.7098882 1.6655354 1.7579258 1.8434985 1.8133165 1.7825518 2.0410302 1.8502649 1.7732811 1.9315237 1.8550939 1.4026826 1.6734689 1.6156592 1.5188558 1.2939190 1.4312817 1.6525692 1.5415879 1.7235696 1.6042995 1.5906662 1.6929542 1.6732350 1.2988773 1.7292700 1.7458206 1.7394113 1.7167195 1.5277523 1.5273082 1.8356099 1.4994018 2.2189407 1.7481713 1.3482205 
Morvir_scaffold41.g35.t2                          1.0470149 0.9535521 1.0069222 1.0428660 1.1307979 1.0785190 1.0964475 1.1101544 1.0540912 1.0614733 0.9991950 1.0477324 0.8049465 0.7325532 1.2243782 0.7992325 1.0084103 0.9460941 0.8948804 1.0778755 1.1037536 1.0469765 1.2099400 0.9694595 1.1605250 1.1728364 1.1768619 1.1671150 1.0744736 1.0338936 1.1651633 0.0000000 1.2066370 1.3871201 2.8638024 1.2310559 1.4274219 1.3185941 1.3614274 1.3219040 1.4774991 1.6965488 1.6131198 1.7109831 1.8097638 1.7869382 1.6781477 2.1383821 1.9954926 1.7715776 1.8953862 1.8824286 1.4732979 1.4745175 1.4401428 1.2845659 1.2484277 1.2329879 1.3790840 1.4593073 1.6088155 1.5160191 1.4538827 1.7191013 1.5333022 1.2427656 1.8092326 1.5058332 1.7697455 1.6531609 1.5389397 1.5106456 2.1982443 1.4934225 2.1528274 1.6448099 1.3232873 
Hvul_g20798_1                                     1.2648725 1.2309427 1.1280400 1.3365336 1.3500187 1.1998734 1.4375798 1.2666930 1.2993161 1.2353863 1.2115472 1.2299227 1.0364720 1.0782058 1.2784021 0.9922680 1.2471698 1.2480827 1.2283149 1.2516522 1.4364644 1.3290310 1.5219027 1.2906178 1.4882329 1.5098956 1.4956618 1.4116787 1.1996371 1.3849212 1.4159538 1.2066370 0.0000000 0.9938274 3.3698021 1.4521607 1.5594699 1.6142336 1.6023435 1.5588076 1.6289115 1.7774433 1.6908757 1.6017917 1.6543850 1.6118043 1.6010309 2.0019784 1.7668868 1.5869527 1.7319769 1.7193128 1.6043257 1.7308888 1.6492851 1.7841022 1.5758991 1.6645037 1.7758485 1.7196893 1.9317302 1.8950939 1.7641729 2.0135016 1.9226346 1.5152345 2.0102447 1.8506980 1.9110825 1.6923069 1.5858452 1.5835153 2.2470689 1.4615077 2.1840619 2.0168925 1.5443919 
Chem_TCONS_00066210                               1.4522661 1.3328368 1.3696717 1.4678070 1.5625545 1.3677101 1.4922722 1.4740210 1.4750039 1.3721195 1.4184871 1.4073642 1.2819329 1.1048214 1.4239325 1.1983697 1.4936675 1.2432867 1.2171366 1.3968785 1.4588005 1.4022236 1.5465091 1.4115308 1.5286495 1.5710465 1.5765634 1.5018396 1.3991822 1.4187634 1.5459847 1.3871201 0.9938274 0.0000000 3.5662649 1.5391437 1.6411500 1.5788397 1.6553229 1.6136330 1.7859817 1.6615316 1.5472771 1.6426203 1.7050802 1.6509400 1.6704488 2.0662517 1.8232255 1.5997277 1.7631479 1.7081463 1.6867582 1.6924057 1.6886212 1.6969723 1.6854921 1.7038879 1.6714303 1.7115201 1.9388621 1.8253207 1.7477037 1.9589807 1.8545113 1.4212905 1.9606950 1.9026563 1.7946641 1.9190970 1.8396010 1.5512137 1.8871123 1.6031754 1.9553118 1.9406640 1.5974565 
Scil_scict025413.2                                2.7530948 2.1875631 2.6467286 2.2801929 2.3188745 2.3874681 4.6124854 2.9671682 7.2699105 2.5985914 2.4065949 2.3004634 1.6662644 2.8884428 2.7205569 2.8635908 4.0046232 2.8892955 4.5682950 2.4307906 2.9120522 2.4835269 2.8622656 2.1376869 2.8698967 2.8501566 2.8475696 2.6703619 2.9495599 2.2891630 2.7129740 2.8638024 3.3698021 3.5662649 0.0000000 0.6677508 1.5579628 2.5430702 8.9999985 3.1019855 3.0982074 3.7629833 3.4311067 3.7304173 4.2775405 4.1552457 3.9385663 4.1112092 3.7800076 3.8254915 4.1984763 4.1831737 3.0470615 3.4450814 3.6611193 2.9928176 2.5742945 3.0104904 3.0077066 3.1515638 3.4295845 2.6133825 3.0392279 3.1074862 2.9759609 1.8664029 3.3102679 3.6168574 3.5182922 3.2319753 3.2454301 4.2091575 8.9999981 2.9782174 5.3543814 3.3576294 1.1999870 
Lcom_lcpid112171                                  0.9810134 1.0919538 1.0091311 0.9131618 1.1556554 0.9080189 1.1785739 1.0360291 1.0417157 0.9834806 1.0207877 0.9838634 0.9654313 1.0520415 1.1257608 1.0646220 1.1392886 1.1862697 1.1534789 0.9861777 1.0890116 1.3079202 1.3134207 1.2551835 1.3033732 1.3036636 1.3037708 1.2649733 1.1996933 1.0472168 1.1237874 1.2310559 1.4521607 1.5391437 0.6677508 0.0000000 0.3325511 0.2009718 0.1616601 1.2580018 1.4700688 1.8501930 1.8551169 1.6590299 1.7341948 1.6950035 1.7185619 1.9977731 1.9861598 1.8237693 2.0477323 2.0137159 1.3919621 1.5434109 1.6305349 1.6079957 1.4072211 1.4245040 1.6442761 1.4758539 1.5976108 1.2205774 1.4800926 1.5268107 1.4864412 1.3393487 1.5030272 1.8537823 1.6375068 1.3397288 1.4429915 1.2728110 0.0000010 1.3293045 1.8595162 1.5504764 1.2465396 
Gracom_Gcom_C554524_01                            1.2631535 1.1178070 1.1667603 1.2011882 1.2952257 1.1687841 1.3619669 1.2493122 1.3188685 1.2401322 1.2290601 1.2226230 0.9743929 1.0090757 1.3461828 1.2107482 1.4205662 1.3807486 1.4714315 1.2987805 1.3782237 1.2011125 1.3851273 1.2286441 1.4563588 1.4984399 1.4864417 1.3639600 1.2637813 1.1914297 1.3041107 1.4274219 1.5594699 1.6411500 1.5579628 0.3325511 0.0000000 0.3112976 0.7790068 1.6276723 1.5914850 1.8028145 1.8861995 1.6767606 2.1000515 2.1018551 2.0581031 2.2141139 2.0035539 1.8747204 1.8944601 1.9343667 1.5516104 1.7783737 1.8379882 1.7800923 1.5460989 1.5695984 1.7625478 1.7337141 1.8855863 1.7230653 1.7261630 1.8446634 1.7679962 1.3332306 1.9501502 1.9982631 1.8555344 1.8811922 1.8148786 1.6545808 2.4374944 1.6148125 2.2132163 1.8502018 1.3186268 
Leuniv_Lniv_scaffold10292_01                      1.2806660 1.0530975 1.2067792 1.3149052 1.3112566 1.1285595 1.3513660 1.3306237 1.3196321 1.1902566 1.2363922 1.2298371 0.8962236 1.0014267 1.3214728 1.2585902 1.4329563 1.4059615 1.4581619 1.3584528 1.3779573 1.2895079 1.4812712 1.2391015 1.5103419 1.5192944 1.5041906 1.4383221 1.2453799 1.2186376 1.3541594 1.3185941 1.6142336 1.5788397 2.5430702 0.2009718 0.3112976 0.0000000 0.9397989 1.7681648 1.8401630 1.7012222 1.7926134 1.5436293 2.0073400 2.0072784 2.0578466 2.1003910 1.9351019 1.8637973 1.7702306 1.7895462 1.8081024 1.9354050 2.0172170 1.8919273 1.4920298 1.7115108 1.8907749 1.8624205 1.9449257 1.7823562 1.7514336 1.8872631 1.8119884 1.4567687 1.9773023 2.2709526 1.9678954 1.9239389 1.9590184 1.8160569 2.6446858 1.8363769 2.1954326 1.9534817 1.0241865 
Clacor_Ccor_scaffold10387_01                      1.5720259 1.0821145 1.2829563 1.6045346 1.4129431 1.3494306 1.3625196 1.3704778 1.3333554 1.3657052 1.3644781 1.4272303 0.8325635 0.7423339 1.5124925 1.2471726 1.4761202 1.5011670 1.4982476 1.6051303 1.4903544 1.4455804 1.7243234 1.3739880 1.6562616 1.7230321 1.6928684 1.7510866 1.2199434 1.3291514 1.4814843 1.3614274 1.6023435 1.6553229 8.9999985 0.1616601 0.7790068 0.9397989 0.0000000 1.7726020 1.9256177 2.0776510 2.1784510 1.9117801 2.4322588 2.4322588 2.5795009 2.7647646 2.3663387 1.9566379 1.9102494 1.9922466 1.8145931 1.9675261 1.9101804 1.9193238 1.6943704 1.8678397 2.1235869 2.1310123 2.1424409 2.1894846 1.9280890 2.3912151 2.3997142 1.5248075 2.7265604 2.2468530 2.2069164 2.2773083 2.1048476 2.0309923 2.4191406 2.1281958 2.4080271 2.5157658 0.0000010 
Dpul_mRNA11157                                    1.3354095 1.0962928 1.2119575 1.1353365 1.3133463 1.2163612 1.4437187 1.3437889 1.5364561 1.1923291 1.1859351 1.1592347 0.9892111 1.0870068 1.3960156 1.2306098 1.5683180 1.3787532 1.5437349 1.2153059 1.2516370 1.2951107 1.4133897 1.3011904 1.4447751 1.4620888 1.4705201 1.4401500 1.4208249 1.1919701 1.1569191 1.3219040 1.5588076 1.6136330 3.1019855 1.2580018 1.6276723 1.7681648 1.7726020 0.0000000 1.3058692 1.8835691 2.0301625 1.8342937 2.0288482 1.9824939 2.0818621 2.1956513 2.0072037 1.8692069 2.1978567 2.1472147 1.9194975 1.7898486 1.8018420 1.6310201 1.6343934 1.7939117 1.8398074 1.8936166 1.8472152 1.7316130 1.5792414 1.8815559 1.8823024 1.4311274 1.8642250 1.9218118 2.0549499 1.7967140 1.7199884 1.7454005 2.3130195 1.7826683 2.5012172 2.0356851 1.4166657 
Tcas_TC006038_001                                 1.4750491 1.3973201 1.3667084 1.4042693 1.5430040 1.4452162 1.7040034 1.4969546 1.7209550 1.4542325 1.4294444 1.4444343 1.3057390 1.3135723 1.5473503 1.3924780 1.7573722 1.6162168 1.7348036 1.3760431 1.5065309 1.3831538 1.5552686 1.4134778 1.5764589 1.6423163 1.6287383 1.5316999 1.6451117 1.3708989 1.3394004 1.4774991 1.6289115 1.7859817 3.0982074 1.4700688 1.5914850 1.8401630 1.9256177 1.3058692 0.0000000 1.9542754 1.9859795 1.8123295 2.1603951 2.1317803 2.0358434 2.4021970 2.1702117 1.9983002 2.1693721 2.2042258 1.9907897 2.0646488 1.9979049 1.7063950 1.5625807 1.7420610 1.9664585 1.9300674 2.1044734 1.7733381 1.8014494 2.1186416 2.1235509 1.5198096 2.0472779 2.0275873 1.8593268 1.8808837 1.7743958 1.9445313 2.2066299 1.6902444 3.1023425 1.9950958 1.2685316 
Mlei_ML2617.g13.i1                                1.5388349 1.4537867 1.4282015 1.4997663 1.7256388 1.4527346 1.4274950 1.4721715 1.6023766 1.3947830 1.3728946 1.4269992 1.2934703 1.2019358 1.6895488 1.5621659 1.6412477 1.7363815 1.5344711 1.6438612 1.5256753 1.4733788 1.5650512 1.4755977 1.6376210 1.6164867 1.6162657 1.6202527 1.5841367 1.6546728 1.7098882 1.6965488 1.7774433 1.6615316 3.7629833 1.8501930 1.8028145 1.7012222 2.0776510 1.8835691 1.9542754 0.0000000 0.3730312 0.4589550 0.4680436 0.4542252 0.4389149 0.5924918 0.5699859 0.7744076 0.8044571 0.7858060 1.8188067 1.9710326 1.9605358 1.9148339 1.8173221 1.7573763 1.8302862 1.9478173 2.1077593 2.1598836 1.9959601 2.1934717 2.0041838 1.8254745 2.1072212 2.0539469 1.8608301 2.3473532 1.9984734 2.0004324 3.0062366 1.9635730 2.0538507 2.0717011 1.7928839 
Beraby_Baby_sb330594                              1.5300738 1.4767032 1.4182714 1.5604549 1.7180848 1.4493169 1.5343571 1.4740940 1.6528284 1.4698582 1.4274850 1.4357078 1.2942336 1.2940513 1.6827145 1.4967483 1.6525782 1.5624991 1.4684408 1.5643331 1.5634220 1.5141817 1.6377369 1.4165355 1.6194162 1.5848650 1.5844718 1.5856741 1.5865494 1.5799648 1.6655354 1.6131198 1.6908757 1.5472771 3.4311067 1.8551169 1.8861995 1.7926134 2.1784510 2.0301625 1.9859795 0.3730312 0.0000000 0.5274243 0.5435686 0.5255559 0.5329546 0.6756802 0.6764060 0.8284319 0.9365239 0.9104081 1.9083516 1.9678468 1.9714809 1.9811414 1.7387881 1.8020926 1.9379972 1.9768156 1.9191564 2.0841581 1.9870434 2.0833284 1.9529416 1.7476026 1.9066181 1.8182351 1.8794249 2.2361984 2.0823435 2.1184309 3.0674701 1.9884231 2.1378286 2.0098710 1.3746927 
Lampan_Lpan_C414185_01                            1.6361455 1.5088667 1.4380399 1.5360305 1.6176906 1.3864172 1.2726210 1.3442954 1.3961059 1.2931356 1.2910182 1.2912132 1.2477998 1.3284287 1.5622227 1.4804513 1.5778543 1.6928753 1.3421973 1.6011437 1.5028670 1.5341092 1.6037939 1.5071825 1.6209798 1.5940023 1.5937801 1.6181611 1.5045305 1.5309049 1.7579258 1.7109831 1.6017917 1.6426203 3.7304173 1.6590299 1.6767606 1.5436293 1.9117801 1.8342937 1.8123295 0.4589550 0.5274243 0.0000000 0.5293376 0.5137678 0.5844307 0.5761181 0.5756898 0.7246766 0.7158031 0.7185821 1.8629332 1.9585446 1.9525425 2.0533574 1.8444016 1.9187623 1.9371328 2.0857866 2.0703693 2.2023024 2.0476332 2.1235591 2.1000888 2.0092773 2.0490207 2.1592999 1.9253605 2.1518489 2.0079496 2.2236617 2.7660163 2.0299383 2.3126099 2.0693455 1.9188687 
Bolinf_Binf_sb1265884                             1.6022329 1.5371207 1.5396895 1.5824025 1.7669667 1.5368090 1.7340943 1.6852262 1.9358177 1.6976825 1.6536981 1.6776186 1.3101326 1.1710346 1.6549829 1.6724345 1.7388647 1.7605774 1.5333319 1.7443414 1.6975374 1.4332136 1.5880961 1.3218424 1.5674858 1.5660536 1.5608502 1.6256545 1.7322942 1.7176827 1.8434985 1.8097638 1.6543850 1.7050802 4.2775405 1.7341948 2.1000515 2.0073400 2.4322588 2.0288482 2.1603951 0.4680436 0.5435686 0.5293376 0.0000000 0.0071486 0.5371257 0.6576702 0.6572907 0.8795381 0.8150177 0.8284728 2.0864837 1.9868470 2.0225657 2.0386777 1.9007941 2.0135582 1.9968541 2.1318918 2.2022160 2.2374657 2.0356336 2.2835597 2.1511704 2.0831038 2.1850060 2.1690258 1.9458196 2.3648859 2.2043792 2.1702120 3.4994806 2.1638960 2.4192393 2.0957555 1.6208737 
Mertsp_Mesp_sb598026                              1.5634919 1.5115130 1.5020068 1.5396224 1.6974257 1.4843778 1.7340943 1.6355539 1.9358177 1.6659941 1.6223061 1.6457697 1.2732843 1.1710346 1.6223249 1.6348602 1.7417579 1.7181877 1.5333319 1.7062742 1.6964859 1.4012745 1.5564014 1.2611488 1.5124654 1.5117478 1.5066321 1.5696558 1.6930667 1.6602574 1.8133165 1.7869382 1.6118043 1.6509400 4.1552457 1.6950035 2.1018551 2.0072784 2.4322588 1.9824939 2.1317803 0.4542252 0.5255559 0.5137678 0.0071486 0.0000000 0.5322301 0.6466864 0.6462494 0.8790623 0.8094489 0.8213049 2.0976617 1.9680353 1.9923336 2.0458430 1.9059992 2.0081056 1.9858433 2.1285240 2.1889583 2.2307338 2.0303026 2.3004466 2.1636652 2.0713302 2.1817048 2.1491745 1.9708631 2.3210259 2.1376703 2.1743710 3.4994806 2.1408400 2.4192393 2.1008614 1.5130272 
Drygla_Dgla_sb288485                              1.4728859 1.4346092 1.4195062 1.4124010 1.8261451 1.4861612 1.6296308 1.6054196 1.8628665 1.5591176 1.5447797 1.5761422 1.2040826 1.2859994 1.6303859 1.6387157 1.8024155 1.7335613 1.5940142 1.6049761 1.5538393 1.4060991 1.6294636 1.3098916 1.5675475 1.6068314 1.5913838 1.6249219 1.6149113 1.6466557 1.7825518 1.6781477 1.6010309 1.6704488 3.9385663 1.7185619 2.0581031 2.0578466 2.5795009 2.0818621 2.0358434 0.4389149 0.5329546 0.5844307 0.5371257 0.5322301 0.0000000 0.6757322 0.6675493 0.8482976 0.9044693 0.9060108 1.9228591 1.8772920 1.9210738 1.9963452 1.7284351 1.8722783 1.9423881 2.0397792 2.1042584 2.2626194 2.0304365 2.2398919 2.1739739 1.8972348 2.0760065 2.0938942 2.0326451 2.3979259 2.0022979 2.2802623 3.7445097 2.1782884 2.2821132 2.0634847 1.3397188 
Pbac_sb2653988                                    1.9648125 1.5637607 1.7612818 1.8023355 2.0885668 1.7446329 2.1148506 1.9607420 2.1198035 1.8670290 1.8160222 1.8150273 1.4843161 1.4230558 1.9152017 1.8560754 2.0068043 2.0685232 1.9519758 2.0006899 1.9683018 1.7218483 2.0455477 1.6896213 2.0269529 2.0206052 2.0083362 1.8420957 1.8396195 1.9709284 2.0410302 2.1383821 2.0019784 2.0662517 4.1112092 1.9977731 2.2141139 2.1003910 2.7647646 2.1956513 2.4021970 0.5924918 0.6756802 0.5761181 0.6576702 0.6466864 0.6757322 0.0000000 0.0253584 0.8456947 0.9116598 0.9234717 2.1186730 2.3248742 2.3005767 2.3185151 1.8969115 2.2936589 2.3562881 2.2534942 2.4090703 2.3605611 2.2989134 2.6937334 2.5092607 2.1217604 2.5103619 2.3640841 2.2565977 2.3667748 2.3087014 2.3242086 3.0724637 2.2774339 2.6283291 2.4984514 1.6946151 
