77
Hsap_ENST00000502935                                   0.0000000 0.7704992 0.9181832 0.8776738 1.0296597 1.0934023 1.0040640 1.2591045 1.0286356 1.0774074 1.0703555 1.1063125 1.1672913 1.1912670 1.1522698 1.1515865 1.1476479 1.0131883 1.0723573 1.1960270 1.2038992 1.0522605 1.1029735 1.3426154 1.1041071 1.1775291 1.5192788 1.3871496 1.2860844 1.2014507 1.2215680 1.2203945 1.2250850 1.3309763 1.2860543 1.2895835 1.2637439 1.4653719 1.5096555 1.4434780 1.2394593 1.2003937 1.2046668 1.4086663 1.7326418 1.7213055 1.6497762 1.7262579 1.7357347 1.6965550 1.5355252 1.6133576 1.5588248 1.6902604 1.6289561 1.6265785 1.4949222 1.3297350 1.3350031 1.4178968 1.3159262 1.2403413 1.5064631 1.6038472 1.4351017 1.4643030 1.4422642 1.4093555 1.5316388 1.5029125 1.5850456 1.6175487 1.6168384 1.5528526 1.5444245 0.8730438 2.4223513 
Bralan_BLAG03000869_1                                  0.7704992 0.0000000 0.7156420 0.8202629 0.9398000 0.9290359 0.8962656 1.1493952 0.8550881 0.8468449 0.8776213 0.9177345 0.9988488 1.0342722 1.0325013 1.0916044 0.9374359 0.8275552 0.9019241 0.9651496 1.0561297 0.9201439 0.8943982 1.1338443 1.1806459 1.1414560 1.3552575 1.3488102 1.2295987 1.0126139 1.1243671 1.1183779 1.1167428 1.1288696 1.1074404 1.1210674 1.1410723 1.3522051 1.5009653 1.4164625 1.1279968 1.1791335 1.1685449 1.4726482 1.5450147 1.5773737 1.5069833 1.4359738 1.5314400 1.5026624 1.2439731 1.4668166 1.4280413 1.6447067 1.6317173 1.5349521 1.5935936 1.3255845 1.3578925 1.2866268 1.2109894 1.1173880 1.3703905 1.4872506 1.2650543 1.3712481 1.4807916 1.5333731 1.5270520 1.3922434 1.3946788 1.4012193 1.6516824 1.4998702 1.4733388 0.6925508 2.3353723 
Skow_XM_002736362.2                                    0.9181832 0.7156420 0.0000000 0.8541595 0.9811990 1.0070587 0.9996848 1.1790468 0.8953376 0.9188665 0.9864738 0.9741871 1.0342313 1.0410608 1.0114284 1.1262710 1.1756969 1.0762327 1.1388584 1.0787000 1.1275098 1.0496217 0.9195985 1.1569353 1.2524223 1.2281144 1.3022893 1.4385071 1.2680014 0.9967875 1.2235485 1.2110571 1.2101347 1.3403791 1.2596876 1.1841767 1.2505362 1.4976626 1.5130618 1.4794227 1.2236772 1.2703603 1.2161845 1.5394165 1.3975713 1.3628008 1.3798830 1.4273420 1.3919458 1.4212101 1.3365510 1.3607630 1.3127969 1.5140052 1.3467198 1.3721003 1.4548787 1.3278888 1.1816775 1.5593226 1.3335545 1.2119672 1.3666252 1.5180199 1.3196027 1.3143707 1.5298476 1.5263324 1.5537847 1.4451021 1.4992146 1.6514133 1.6878939 1.6331987 1.5285667 0.7226454 2.4695077 
Cgig_XM_034471842.1                                    0.8776738 0.8202629 0.8541595 0.0000000 0.8719847 0.9415944 0.9201381 1.1780243 0.9841150 0.9829293 0.9885439 1.0143759 1.0618819 1.0627773 0.9720917 1.0249607 0.9909336 0.8982898 0.9474977 0.9858979 1.0257269 0.9464123 1.0924499 1.1299473 1.1131728 1.0408805 1.2570649 1.2790825 1.1752316 1.1052254 1.1616850 1.0568001 1.0558411 1.1473076 1.1308697 1.1094591 1.1093975 1.2982564 1.4022247 1.3558562 1.1768208 1.2127790 1.2278921 1.4716620 1.4979815 1.5092365 1.4733282 1.5198225 1.6027552 1.4474950 1.4345742 1.4853985 1.4582815 1.6975439 1.6084774 1.5096310 1.5559388 1.3155548 1.2603706 1.4227339 1.3393179 1.1821669 1.4249922 1.4316240 1.4058286 1.3454988 1.4095619 1.4539920 1.5020267 1.4092270 1.6463723 1.4608209 1.6917429 1.5796993 1.3859027 0.7330606 2.4255445 
Ctel_gnl_WGS_AMQN_CAPTEDRAFT_mRNA169985                1.0296597 0.9398000 0.9811990 0.8719847 0.0000000 1.0366383 1.0611130 1.3191517 1.1356751 1.1395841 1.1455687 1.2545545 1.3590050 1.1098675 1.0065761 1.0821434 1.1604034 1.1018503 1.1808404 1.1112980 1.2588190 0.9606583 1.1155714 1.2810484 1.2252387 1.2149861 1.2677320 1.3265319 1.2684491 1.1488162 1.3531079 1.1497148 1.1480091 1.2026608 1.1497057 1.1370150 1.1169002 1.4734197 1.5031129 1.5325604 1.1978628 1.2926488 1.2457490 1.6005956 1.3839888 1.4293419 1.4304585 1.4350100 1.5044386 1.3923509 1.3424212 1.3676938 1.3862220 1.6702121 1.5856206 1.5283104 1.5163341 1.3165819 1.3590552 1.4179978 1.3509783 1.1670967 1.3993769 1.5294952 1.4191430 1.4584353 1.6314577 1.6435180 1.5412503 1.4543005 1.4732776 1.5362986 1.7929357 1.7033383 1.4835036 0.9659961 2.7037977 
Exapal_XM_021041669.2                                  1.0934023 0.9290359 1.0070587 0.9415944 1.0366383 0.0000000 0.4527242 0.8862150 0.6146138 0.6449223 0.6361540 0.6556056 0.7519283 0.7429891 0.8700827 0.9802783 0.9228331 0.8331582 0.8388869 1.0213331 1.0445742 1.0826034 1.0580540 1.0890884 1.3401569 1.1168690 1.4388845 1.4474942 1.3401385 1.0770951 1.1865933 1.1628572 1.1611521 1.2646264 1.2254192 1.2467754 1.1706045 1.4402747 1.3678594 1.4537466 1.2970063 1.3619413 1.2970459 1.5637616 1.5623353 1.7226943 1.6277998 1.5857732 1.5743704 1.5985827 1.7568006 1.6509445 1.5827079 1.6861969 1.6403791 1.6029350 1.5058956 1.4179658 1.3437189 1.4148776 1.3700165 1.2377557 1.4936729 1.4521476 1.4759381 1.4384033 1.6777247 1.6793302 1.7110771 1.4434025 1.4495597 1.4413526 1.7629963 1.6478230 1.5612943 0.8893940 2.5080921 
Nvec_v1g173120                                         1.0040640 0.8962656 0.9996848 0.9201381 1.0611130 0.4527242 0.0000000 0.8520619 0.5380267 0.5672686 0.5650803 0.5694983 0.7245056 0.6436439 0.8448160 0.9597034 0.9208493 0.8340101 0.8767056 0.9353467 0.9551664 1.0112314 1.0068269 1.0898727 1.2782506 1.0545860 1.4786444 1.4670044 1.2657480 1.0639686 1.2199799 1.0912306 1.0896011 1.1786798 1.1647939 1.1478412 1.1528824 1.3991142 1.4471727 1.4521767 1.1908170 1.3863078 1.3176225 1.4560465 1.6109598 1.7088161 1.6898275 1.6782663 1.6332770 1.6802531 1.7671507 1.6842927 1.6103054 1.7828222 1.7887109 1.7441088 1.6683131 1.3769947 1.3682434 1.3833235 1.3897605 1.2618023 1.4333973 1.4316397 1.4349260 1.4316359 1.6168721 1.5836600 1.6109499 1.4216121 1.4646643 1.3876509 1.7675118 1.6249380 1.5136420 0.8898705 2.6840887 
Adig_XM_015891762.1                                    1.2591045 1.1493952 1.1790468 1.1780243 1.3191517 0.8862150 0.8520619 0.0000000 0.3601493 0.4589205 0.4662838 0.4108856 0.4129924 0.2422306 1.0909274 1.2211558 1.1904015 1.1312080 1.0949971 1.3801310 1.1282365 1.1539844 1.1365643 1.6242701 1.4058967 1.3309225 1.6555775 1.6187340 1.2655827 1.3342007 1.3794406 1.3037588 1.3012953 1.4147552 1.4844112 1.4587734 1.3056030 1.5520646 1.5768593 1.4911871 1.1400278 1.3680609 1.3607711 1.8153449 1.9892283 1.7947481 1.8422592 1.9325255 1.9353278 2.0019588 1.5901327 1.8831275 1.8756269 1.9985798 1.8605493 1.8157716 1.7474100 1.6140789 1.5112799 1.6991952 1.4209599 1.4980116 1.7201760 1.7124682 1.5450864 1.5396098 1.6689943 1.7570734 1.8440863 1.6563453 1.7432850 1.4199068 1.8277443 1.7202655 1.6204222 1.1075510 2.6244378 
Gfas_gfas1.m1.1168.m1                                  1.0286356 0.8550881 0.8953376 0.9841150 1.1356751 0.6146138 0.5380267 0.3601493 0.0000000 0.2283221 0.2475540 0.1963565 0.3013669 0.2702189 0.7612692 0.9000757 0.9476731 0.8526033 0.8629805 0.9824817 0.9258947 1.0026340 0.9031297 1.1133650 1.2652686 1.1482710 1.3453191 1.3235220 1.1867930 1.0560041 1.1534463 1.0758081 1.0741919 1.2564204 1.2133304 1.1765446 1.1723645 1.3541664 1.3651266 1.4292807 1.1097829 1.2322437 1.2341065 1.5850131 1.5728561 1.7045563 1.6373747 1.5423900 1.5181088 1.6468986 1.6596700 1.6284533 1.5193594 1.6574847 1.7192195 1.6450676 1.5076050 1.4005833 1.3522333 1.3704815 1.1677228 1.1618560 1.3622139 1.3324756 1.4144014 1.3776401 1.5839320 1.5530606 1.6110388 1.3962715 1.4433893 1.3536596 1.5886243 1.5397062 1.4186055 0.7844770 2.4810654 
Spis_XP_022794888_1                                    1.0774074 0.8468449 0.9188665 0.9829293 1.1395841 0.6449223 0.5672686 0.4589205 0.2283221 0.0000000 0.0942214 0.2354836 0.3235620 0.3435597 0.7804523 0.8839507 0.9189188 0.8068688 0.8213439 0.9605948 0.9228173 1.0461377 0.9996948 1.1501699 1.3469329 1.1950467 1.4085681 1.3800847 1.2170369 1.0778277 1.1839432 1.0744079 1.0728192 1.1844190 1.1797604 1.2115571 1.0967237 1.3856959 1.4281451 1.5031033 1.1399642 1.2737605 1.2548245 1.7307632 1.6655651 1.6718652 1.6803032 1.6469254 1.6326472 1.6565081 1.6407358 1.6856381 1.6010260 1.6810636 1.6701758 1.6167245 1.5738837 1.4040600 1.3633108 1.4358053 1.3065516 1.2277956 1.4372307 1.4149232 1.4552580 1.4616212 1.6503373 1.5999829 1.6387680 1.4871157 1.5093729 1.3470158 1.6681055 1.6148769 1.5456633 0.8550784 2.5274166 
Pocdam_XM_027201431.1                                  1.0703555 0.8776213 0.9864738 0.9885439 1.1455687 0.6361540 0.5650803 0.4662838 0.2475540 0.0942214 0.0000000 0.2665178 0.3175847 0.3839538 0.7897110 0.8920396 0.8845047 0.8629288 0.8613883 0.9914120 0.9663940 1.0775172 1.0096669 1.0759240 1.3414361 1.2007617 1.4142820 1.3421628 1.2369720 1.0726346 1.2062313 1.0683419 1.0667200 1.1752851 1.1533993 1.1809741 1.0871447 1.3613118 1.4325496 1.5482456 1.1420468 1.2940787 1.2902233 1.6165405 1.6742619 1.6559552 1.6170706 1.6231839 1.6327140 1.6685202 1.7277183 1.7269179 1.6211911 1.6662188 1.7254773 1.6532165 1.5362609 1.4303569 1.4141260 1.4015557 1.3429289 1.2703538 1.4332628 1.4105456 1.5122404 1.5184166 1.6596831 1.6027125 1.6579502 1.5429623 1.5580567 1.4426636 1.6858132 1.5934549 1.4950318 0.8537176 2.5424885 
Fspp_ffun1.m4.11385.m1                                 1.1063125 0.9177345 0.9741871 1.0143759 1.2545545 0.6556056 0.5694983 0.4108856 0.1963565 0.2354836 0.2665178 0.0000000 0.2623628 0.3190285 0.8060631 0.9345712 0.9745348 0.8655252 0.8725864 1.0278697 1.0266600 1.1015933 0.9776533 1.1919020 1.3452637 1.2782137 1.4285913 1.4635270 1.1991531 1.0977487 1.1930474 1.1487474 1.1469200 1.1996252 1.2637135 1.2615627 1.1161287 1.5051808 1.4589689 1.4361522 1.1617663 1.3576376 1.3093472 1.6237360 1.5345972 1.6031442 1.5654521 1.5144707 1.5244979 1.5993339 1.6145219 1.5824332 1.5386240 1.6060787 1.5579917 1.5752705 1.6038743 1.4916354 1.4218864 1.4878676 1.3438179 1.3209481 1.4289160 1.4386820 1.4338388 1.4180606 1.6649929 1.5934444 1.6854298 1.5233561 1.5928881 1.2668207 1.6668211 1.5119068 1.5925083 0.9563692 2.6169732 
Gasp_gasp1.m3.1117.m1                                  1.1672913 0.9988488 1.0342313 1.0618819 1.3590050 0.7519283 0.7245056 0.4129924 0.3013669 0.3235620 0.3175847 0.2623628 0.0000000 0.4551692 0.9139528 1.0641880 0.8985046 0.9778686 0.9792834 1.1341668 1.0245180 1.2250720 0.9136328 1.0673135 1.4628638 1.3993448 1.6273264 1.5234693 1.3271063 1.3099485 1.4209341 1.2348882 1.2330325 1.4703574 1.3932434 1.3969360 1.4268396 1.4609064 1.4900284 1.6521133 1.4105560 1.4144672 1.3742987 1.7105281 1.7680260 1.8410999 1.7457013 1.7317391 1.8091687 1.8201762 2.1422329 1.8327177 1.6889471 1.8436526 1.9149292 1.6193011 1.8122989 1.5480994 1.5086411 1.5812035 1.5026520 1.3795125 1.6537605 1.6374024 1.5289207 1.5367758 1.7375842 1.6723677 1.8798349 1.7389916 1.7051252 1.7016551 1.8103274 1.7043746 1.6524037 0.8474071 2.5233977 
Amil_Amillepora03701-RA                                1.1912670 1.0342722 1.0410608 1.0627773 1.1098675 0.7429891 0.6436439 0.2422306 0.2702189 0.3435597 0.3839538 0.3190285 0.4551692 0.0000000 0.9191949 1.0626769 1.0912834 0.9565410 1.0775186 1.2364122 1.1276740 1.0779924 1.0559276 1.3068121 1.3324883 1.1849139 1.6470471 1.5694815 1.4639272 1.2744965 1.3756281 1.1997847 1.1977568 1.2909321 1.2691660 1.2150483 1.2421718 1.5356308 1.5096637 1.6544705 1.1671549 1.3000604 1.3628048 1.8705579 1.7581136 1.8074413 1.8762245 1.7696519 1.7790383 1.7691570 1.8083137 1.9212731 1.7281319 1.7982342 1.7003932 1.6550840 1.6930778 1.5670739 1.5324240 1.6006221 1.4889718 1.4004939 1.6201144 1.6538360 1.6338501 1.5384539 1.7276649 1.7412672 1.7767462 1.6524082 1.6921812 1.5337041 1.7985419 1.7460020 1.7083565 0.9795861 2.5139686 
Dgig_XM_028547464.1                                    1.1522698 1.0325013 1.0114284 0.9720917 1.0065761 0.8700827 0.8448160 1.0909274 0.7612692 0.7804523 0.7897110 0.8060631 0.9139528 0.9191949 0.0000000 0.4620660 0.9973014 0.9297903 1.0028462 1.0557565 1.0406199 1.1072323 1.0089022 1.1176480 1.3308592 1.2701166 1.2162241 1.2081489 1.2248796 1.0585641 1.2116150 1.1276759 1.1260476 1.3092816 1.2497234 1.2433348 1.2730149 1.4552282 1.5319623 1.4813244 1.1937395 1.3210033 1.2591459 1.6852048 1.4483912 1.5191836 1.4945253 1.4573778 1.4765124 1.5828856 1.7825312 1.5185997 1.4230334 1.6176276 1.6013160 1.4385547 1.6453790 1.4328914 1.4052994 1.5144322 1.4120517 1.2958992 1.4282933 1.5561846 1.4594455 1.4302734 1.6993704 1.6537781 1.6932770 1.5758060 1.6707909 1.4260583 1.6719056 1.6877067 1.5051002 0.9020956 2.4730995 
Xesp_013686-T1                                         1.1515865 1.0916044 1.1262710 1.0249607 1.0821434 0.9802783 0.9597034 1.2211558 0.9000757 0.8839507 0.8920396 0.9345712 1.0641880 1.0626769 0.4620660 0.0000000 1.0087626 0.9955451 1.0902653 1.0526057 1.0274090 1.1692386 1.1910970 1.1317972 1.3906953 1.3242881 1.1541472 1.2168722 1.1683343 1.1596803 1.1717575 1.2174151 1.2156730 1.3085465 1.2718015 1.2724988 1.2353948 1.3757278 1.5120869 1.4845835 1.1711756 1.2890342 1.2964006 1.8953788 1.5130152 1.5792190 1.5635921 1.5562466 1.5600222 1.5487163 1.7373945 1.6411097 1.5267531 1.6792635 1.7508861 1.6132147 1.6436293 1.5555668 1.5672707 1.5071511 1.4841963 1.3880381 1.5120741 1.6073539 1.5256826 1.5960910 1.7713571 1.7683227 1.7630023 1.6088340 1.7954572 1.4848032 1.7866911 1.7984073 1.7136188 1.0573645 2.7219356 
Aaur_scaffold1722.g3.t1                                1.1476479 0.9374359 1.1756969 0.9909336 1.1604034 0.9228331 0.9208493 1.1904015 0.9476731 0.9189188 0.8845047 0.9745348 0.8985046 1.0912834 0.9973014 1.0087626 0.0000000 0.2927416 0.3019748 0.6112494 0.5825928 1.2182966 1.0007725 0.7208165 1.3527269 1.2153107 1.3995018 1.4196274 1.2971826 1.1871454 1.3186235 1.2393023 1.2382977 1.3994064 1.3845167 1.4150916 1.3113834 1.2293492 1.3772374 1.3846204 1.3699723 1.2861284 1.2544111 1.5217694 1.4611011 1.4094829 1.3450859 1.4630222 1.4843551 1.3848026 1.3458793 1.3514462 1.3363298 1.6238323 1.6985949 1.5893157 1.6348504 1.4905533 1.4257144 1.5056538 1.3834120 1.2236064 1.6485357 1.6323818 1.3107852 1.4464934 1.4687211 1.4909357 1.5652630 1.3346289 1.5478011 1.2902209 1.7376906 1.6466477 1.5543078 1.1728872 2.2428892 
Nemnom_g9764.t1                                        1.0131883 0.8275552 1.0762327 0.8982898 1.1018503 0.8331582 0.8340101 1.1312080 0.8526033 0.8068688 0.8629288 0.8655252 0.9778686 0.9565410 0.9297903 0.9955451 0.2927416 0.0000000 0.1483850 0.6401532 0.5826259 1.0626589 1.0211878 0.6747112 1.2981554 1.1209999 1.3824055 1.3439988 1.3027689 1.0399529 1.2177249 1.1401302 1.1383960 1.2073686 1.1886932 1.2243422 1.1847911 1.2078491 1.4117996 1.3081000 1.3527365 1.2380570 1.1949324 1.4718901 1.5118698 1.5737418 1.4649271 1.5893428 1.5391100 1.5115730 1.4618427 1.4651795 1.4069747 1.6770604 1.7518463 1.5847580 1.6168230 1.3834130 1.3078210 1.5005898 1.3505129 1.1629728 1.4278613 1.4852743 1.2795095 1.4198805 1.4351646 1.4122788 1.6937406 1.5039413 1.6389722 1.2703119 1.7026696 1.5343716 1.5733883 0.9333683 2.3689039 
Rhoesc_Res_003446-T1                                   1.0723573 0.9019241 1.1388584 0.9474977 1.1808404 0.8388869 0.8767056 1.0949971 0.8629805 0.8213439 0.8613883 0.8725864 0.9792834 1.0775186 1.0028462 1.0902653 0.3019748 0.1483850 0.0000000 0.6586581 0.6264904 1.1526357 1.0580862 0.7008504 1.3794024 1.1927862 1.3919511 1.3870586 1.3192151 1.1379098 1.2447602 1.1741239 1.1721722 1.2200089 1.2301788 1.2750640 1.1727743 1.2924924 1.4245753 1.3655795 1.2878576 1.2013072 1.1875174 1.4763327 1.5029083 1.4760229 1.4071559 1.6005441 1.5721628 1.5235948 1.4844926 1.4252611 1.4137308 1.7625725 1.7653964 1.6827740 1.7542375 1.4717336 1.3731858 1.4927849 1.3797680 1.1832084 1.5275705 1.5266715 1.2773422 1.4602379 1.4559294 1.5291793 1.6105853 1.5579235 1.6370823 1.2117471 1.7406213 1.5475755 1.6517528 0.9513076 2.5409838 
Morvir_scaffold167.g28.t1                              1.1960270 0.9651496 1.0787000 0.9858979 1.1112980 1.0213331 0.9353467 1.3801310 0.9824817 0.9605948 0.9914120 1.0278697 1.1341668 1.2364122 1.0557565 1.0526057 0.6112494 0.6401532 0.6586581 0.0000000 0.8676367 1.2103688 1.1951305 0.7985844 1.3799886 1.2562947 1.3789498 1.4246301 1.3245540 1.0571653 1.2794975 1.2800600 1.2792978 1.3436297 1.3071345 1.3115423 1.3014980 1.3986927 1.4576666 1.4253594 1.2190165 1.2629593 1.2200043 1.5518125 1.4359225 1.4497638 1.4016641 1.4571424 1.4277444 1.3689450 1.5292869 1.4382910 1.3728826 1.5883085 1.6862813 1.5877561 1.8113813 1.5214664 1.4027762 1.4606761 1.4672417 1.2839324 1.5209266 1.6158025 1.3845269 1.5443821 1.6352834 1.6208633 1.8129195 1.5698935 1.6166031 1.1281226 1.8437831 1.8039376 1.6481237 0.9823608 2.4504933 
Sanmal_Sma_008757-T1                                   1.2038992 1.0561297 1.1275098 1.0257269 1.2588190 1.0445742 0.9551664 1.1282365 0.9258947 0.9228173 0.9663940 1.0266600 1.0245180 1.1276740 1.0406199 1.0274090 0.5825928 0.5826259 0.6264904 0.8676367 0.0000000 1.1890160 1.1998543 0.8449831 1.4288417 1.3382809 1.3469045 1.3808085 1.2881844 1.1092881 1.3289747 1.3058726 1.3039003 1.4077125 1.3921939 1.3795487 1.2856290 1.3307818 1.5992552 1.7163412 1.4267615 1.2893279 1.2510254 1.5567788 1.6167791 1.6895100 1.6363902 1.7792216 1.6102994 1.5846502 1.7532788 1.7730218 1.6334554 1.7662354 1.8659700 1.6908427 1.9068677 1.6572347 1.5628586 1.5495066 1.5745971 1.3476798 1.6086647 1.6910937 1.5016234 1.6090173 1.6748402 1.6323267 1.7851787 1.5917439 1.7300160 1.4327095 1.8023371 1.6423534 1.6770796 1.0681299 2.6922744 
Cscu_XM_023380283.1                                    1.0522605 0.9201439 1.0496217 0.9464123 0.9606583 1.0826034 1.0112314 1.1539844 1.0026340 1.0461377 1.0775172 1.1015933 1.2250720 1.0779924 1.1072323 1.1692386 1.2182966 1.0626589 1.1526357 1.2103688 1.1890160 0.0000000 1.1950673 1.3369877 1.0995676 0.9428308 1.4212275 1.3589961 1.3078986 1.1830476 1.1497316 1.2413269 1.2451693 1.2830043 1.2549779 1.2740303 1.2202400 1.5092156 1.5383388 1.4050263 1.2367461 1.1958369 1.2178111 1.5955311 1.7399867 1.7401472 1.7031134 1.7157787 1.6931905 1.7211031 1.6387466 1.7513582 1.6999767 1.6802463 1.7225807 1.6956734 1.7384392 1.6098319 1.5902655 1.6203171 1.5164833 1.4030452 1.4449463 1.7158897 1.5775461 1.4821461 1.7413902 1.7679929 1.8324367 1.5832762 1.7528606 1.5993535 1.7935763 1.6325551 1.5347472 0.9851499 2.4259517 
Spur_XM_030985965.1                                    1.1029735 0.8943982 0.9195985 1.0924499 1.1155714 1.0580540 1.0068269 1.1365643 0.9031297 0.9996948 1.0096669 0.9776533 0.9136328 1.0559276 1.0089022 1.1910970 1.0007725 1.0211878 1.0580862 1.1951305 1.1998543 1.1950673 0.0000000 1.4891603 1.2843837 1.2890341 1.4806156 1.5622567 1.3187835 1.2951359 1.3165640 1.3349245 1.3340925 1.5284543 1.4958314 1.4424295 1.3978375 1.4339030 1.5228857 1.5594925 1.2427505 1.4535772 1.3966799 1.6099538 1.4603038 1.4184656 1.3982059 1.4383963 1.4122871 1.4484578 1.2886158 1.3825647 1.3417501 1.4978659 1.4558842 1.3773224 1.5739433 1.3982128 1.3573341 1.5531287 1.3786255 1.1167827 1.3745121 1.8007708 1.5972483 1.4028484 1.5872762 1.6527125 1.6610383 1.5502514 1.5693367 1.7030325 1.7862256 1.9265173 1.4015042 0.8148912 2.2460678 
Chem_TCONS_00050517                                    1.3426154 1.1338443 1.1569353 1.1299473 1.2810484 1.0890884 1.0898727 1.6242701 1.1133650 1.1501699 1.0759240 1.1919020 1.0673135 1.3068121 1.1176480 1.1317972 0.7208165 0.6747112 0.7008504 0.7985844 0.8449831 1.3369877 1.4891603 0.0000000 1.4926168 1.3034152 1.7226779 1.7273972 1.2848536 1.1623799 1.4289449 1.4044022 1.4023412 1.9620081 1.7263870 1.7047903 1.8932506 1.5677659 1.8739141 1.7036074 1.8210258 1.5250679 1.4674979 1.4896191 1.5711249 1.7756668 1.5776132 1.7007611 1.4873287 1.6466405 1.2681101 1.7221405 1.6112582 1.6770443 1.9254479 1.6392360 1.7262725 1.6048814 1.6486700 1.8308553 1.7037312 1.4695147 1.9815821 1.7584909 1.6056841 1.7052074 1.9199317 1.8033806 2.4842831 2.0254188 2.0590274 2.6248268 2.1768876 2.0166809 1.9320660 1.1716287 1.4823513 
Tcas_TC014437_001                                      1.1041071 1.1806459 1.2524223 1.1131728 1.2252387 1.3401569 1.2782506 1.4058967 1.2652686 1.3469329 1.3414361 1.3452637 1.4628638 1.3324883 1.3308592 1.3906953 1.3527269 1.2981554 1.3794024 1.3799886 1.4288417 1.0995676 1.2843837 1.4926168 0.0000000 0.9884076 1.6324882 1.5295015 1.5791328 1.3805113 1.3819847 1.4601323 1.4591957 1.6353637 1.5079221 1.5316773 1.5389301 1.5136079 1.4959507 1.5890324 1.2942142 1.4763007 1.4049630 1.5974378 1.6207813 1.6828394 1.6247948 1.7062542 1.7146078 1.6583647 1.6392948 1.7049384 1.7194534 1.7505525 1.7535482 1.6899101 1.8226348 1.6605017 1.6479139 1.4601552 1.4058409 1.4478536 1.6253022 1.5522438 1.6255547 1.5562623 1.5899599 1.6923617 1.7049377 1.6864074 1.6522407 1.8209848 1.8714881 1.8003652 1.5517799 1.1890822 2.5603655 
Dpul_mRNA28044                                         1.1775291 1.1414560 1.2281144 1.0408805 1.2149861 1.1168690 1.0545860 1.3309225 1.1482710 1.1950467 1.2007617 1.2782137 1.3993448 1.1849139 1.2701166 1.3242881 1.2153107 1.1209999 1.1927862 1.2562947 1.3382809 0.9428308 1.2890341 1.3034152 0.9884076 0.0000000 1.5961916 1.5531603 1.6942929 1.4428467 1.4103362 1.4073057 1.4066777 1.5769873 1.4846895 1.5012972 1.5184079 1.5870619 1.4936244 1.5407478 1.4593343 1.5572348 1.4936586 1.6408174 1.7173477 1.8796802 1.7378677 1.6783132 1.7139328 1.7171880 1.7662718 1.7175330 1.6772932 1.8347738 1.8635202 1.7248345 1.7591307 1.6004714 1.5441075 1.6699782 1.5913987 1.4817537 1.5801880 1.7024536 1.7105143 1.4850722 1.7461494 1.8048573 1.8160225 1.6579836 1.6657735 1.6619740 1.9228586 1.8391545 1.6559070 1.0099657 2.7513127 
Aque_Aqu2.1.37525_001                                  1.5192788 1.3552575 1.3022893 1.2570649 1.2677320 1.4388845 1.4786444 1.6555775 1.3453191 1.4085681 1.4142820 1.4285913 1.6273264 1.6470471 1.2162241 1.1541472 1.3995018 1.3824055 1.3919511 1.3789498 1.3469045 1.4212275 1.4806156 1.7226779 1.6324882 1.5961916 0.0000000 0.4573265 0.5290132 1.0802205 1.1479780 1.2600649 1.2582283 1.3965099 1.4546552 1.4016480 1.2658070 1.5664374 1.6409312 1.6100488 1.4641393 1.7345655 1.6541139 1.8095026 1.7941863 1.7400674 1.8059138 1.9321126 1.9501665 1.8226084 1.9407841 1.6957851 1.6812690 1.9608123 1.9366901 1.8592705 1.8527479 1.8193623 1.7281477 1.5618397 1.6245547 1.5339730 1.6831428 1.8136166 1.6475338 1.6199874 1.7851467 1.8142208 1.8140523 1.6551299 1.8311996 1.8262697 1.7418301 1.6748570 1.7848374 1.4572443 2.4681322 
Halamb_c52049_g1_i1m.32025                             1.3871496 1.3488102 1.4385071 1.2790825 1.3265319 1.4474942 1.4670044 1.6187340 1.3235220 1.3800847 1.3421628 1.4635270 1.5234693 1.5694815 1.2081489 1.2168722 1.4196274 1.3439988 1.3870586 1.4246301 1.3808085 1.3589961 1.5622567 1.7273972 1.5295015 1.5531603 0.4573265 0.0000000 0.5856521 1.0917528 1.0791540 1.3146994 1.3128071 1.4737127 1.5335413 1.4855851 1.3601227 1.6109978 1.6265450 1.4801617 1.4123886 1.5968755 1.5521172 1.7628009 1.9081447 1.7226345 1.8206604 1.9784996 1.9381029 1.7971095 1.9365533 1.7746197 1.7219255 2.0135446 2.0114018 1.9400561 1.8580479 1.8615567 1.7839639 1.5648440 1.5874864 1.5570921 1.6510015 1.7802893 1.6168023 1.5496135 1.7345083 1.8336519 1.8610184 1.6040831 1.8146165 1.8674852 1.7883241 1.7939324 1.8074726 1.4948241 2.3127425 
Xestes_maker-XT_scaffold6046-augustus-gene-0.35-mRNA-1 1.2860844 1.2295987 1.2680014 1.1752316 1.2684491 1.3401385 1.2657480 1.2655827 1.1867930 1.2170369 1.2369720 1.1991531 1.3271063 1.4639272 1.2248796 1.1683343 1.2971826 1.3027689 1.3192151 1.3245540 1.2881844 1.3078986 1.3187835 1.2848536 1.5791328 1.6942929 0.5290132 0.5856521 0.0000000 0.9180242 0.9723577 1.1079135 1.1053250 1.2256544 1.2411635 1.1950675 1.1706057 1.4995197 1.4231953 1.4751131 1.2693686 1.6452181 1.4166567 1.7340725 1.9340142 1.7267567 1.7267567 1.9896876 1.8479481 1.7531001 1.9798623 1.6132597 1.6502210 1.8791888 1.9383374 1.8018119 2.0211676 1.7272512 1.7209599 1.8516905 1.5468538 1.4743474 1.5178280 1.8313921 1.5607537 1.5656531 1.8973522 1.8998184 1.5842702 1.6904079 1.8763010 1.6785878 1.9416791 1.8045040 1.7297762 1.2078260 2.7140249 
Tetwil_g12034.t2                                       1.2014507 1.0126139 0.9967875 1.1052254 1.1488162 1.0770951 1.0639686 1.3342007 1.0560041 1.0778277 1.0726346 1.0977487 1.3099485 1.2744965 1.0585641 1.1596803 1.1871454 1.0399529 1.1379098 1.0571653 1.1092881 1.1830476 1.2951359 1.1623799 1.3805113 1.4428467 1.0802205 1.0917528 0.9180242 0.0000000 0.7733342 1.1364366 1.1347438 1.1812679 1.1970491 1.1677963 1.1508758 1.4371272 1.5596413 1.3377974 1.1944433 1.3924877 1.2750922 1.4686967 1.5863243 1.5089406 1.5389121 1.5747627 1.5300979 1.6046198 1.4882698 1.5187473 1.5278488 1.6019098 1.5343520 1.5720535 1.6035016 1.4964083 1.5548803 1.4384842 1.3063646 1.3205588 1.3231126 1.4890050 1.3678035 1.3477582 1.6515858 1.6521490 1.7466068 1.5084268 1.6993106 1.5519194 1.6407665 1.6613629 1.4714194 1.1463206 2.0457241 
Spolac_c103568_g1_i3_m.34908c103568-g1                 1.2215680 1.1243671 1.2235485 1.1616850 1.3531079 1.1865933 1.2199799 1.3794406 1.1534463 1.1839432 1.2062313 1.1930474 1.4209341 1.3756281 1.2116150 1.1717575 1.3186235 1.2177249 1.2447602 1.2794975 1.3289747 1.1497316 1.3165640 1.4289449 1.3819847 1.4103362 1.1479780 1.0791540 0.9723577 0.7733342 0.0000000 1.1738559 1.1717006 1.2898340 1.3493108 1.2844875 1.2011170 1.5121902 1.6239094 1.3989360 1.3762320 1.3065993 1.2573596 1.6281255 1.6669106 1.6366582 1.6536280 1.7850197 1.6719419 1.7013538 1.6856676 1.5534569 1.5980290 1.8350929 1.7003269 1.6860771 1.6300227 1.6620413 1.6580907 1.4701286 1.3067306 1.4050877 1.4983611 1.7609306 1.5215488 1.4789220 1.6364996 1.7424045 1.6809164 1.6095341 1.6657351 1.7260536 1.6272420 1.8171734 1.5751631 1.1761090 1.4441000 
Tadh_TriadT28167                                       1.2203945 1.1183779 1.2110571 1.0568001 1.1497148 1.1628572 1.0912306 1.3037588 1.0758081 1.0744079 1.0683419 1.1487474 1.2348882 1.1997847 1.1276759 1.2174151 1.2393023 1.1401302 1.1741239 1.2800600 1.3058726 1.2413269 1.3349245 1.4044022 1.4601323 1.4073057 1.2600649 1.3146994 1.1079135 1.1364366 1.1738559 0.0000000 0.0036978 0.2892172 0.3201027 0.3126099 0.2851638 1.3231608 1.4330046 1.4239296 1.1185116 1.4914479 1.4564674 1.9505764 1.7509130 1.4933412 1.5479591 1.6199510 1.6781450 1.6624604 1.5753957 1.5614656 1.6093742 1.9102473 1.8139084 1.7397494 1.7100570 1.6803432 1.6315251 1.6005653 1.3894707 1.3668764 1.4637063 1.5690851 1.4512661 1.3890336 1.6623283 1.7515391 1.9051059 1.6716865 1.5325601 1.5490005 1.8058824 1.7154276 1.6529296 1.1550901 2.3880426 
TrH2_TrispH2_006197-RA                                 1.2250850 1.1167428 1.2101347 1.0558411 1.1480091 1.1611521 1.0896011 1.3012953 1.0741919 1.0728192 1.0667200 1.1469200 1.2330325 1.1977568 1.1260476 1.2156730 1.2382977 1.1383960 1.1721722 1.2792978 1.3039003 1.2451693 1.3340925 1.4023412 1.4591957 1.4066777 1.2582283 1.3128071 1.1053250 1.1347438 1.1717006 0.0036978 0.0000000 0.2895821 0.3204371 0.3129330 0.2855235 1.3212577 1.4309659 1.4225616 1.1172667 1.4890316 1.4546100 1.9478359 1.7506826 1.4926328 1.5474581 1.6195598 1.6778249 1.6621120 1.5773366 1.5609458 1.6089659 1.9102193 1.8137357 1.7394855 1.7163678 1.6800206 1.6379878 1.6001428 1.3886023 1.3660377 1.4627359 1.5679850 1.4491985 1.3883688 1.6610922 1.7501678 1.9035075 1.6764856 1.5320534 1.5459149 1.8123686 1.7131026 1.6516984 1.1537894 2.3928470 
HoiH06_mRNA9270                                        1.3309763 1.1288696 1.3403791 1.1473076 1.2026608 1.2646264 1.1786798 1.4147552 1.2564204 1.1844190 1.1752851 1.1996252 1.4703574 1.2909321 1.3092816 1.3085465 1.3994064 1.2073686 1.2200089 1.3436297 1.4077125 1.2830043 1.5284543 1.9620081 1.6353637 1.5769873 1.3965099 1.4737127 1.2256544 1.1812679 1.2898340 0.2892172 0.2895821 0.0000000 0.0479658 0.1213315 0.1741685 1.4556118 1.4681256 1.4122873 1.0923637 1.5809530 1.5985558 2.2293652 1.8364366 1.5246373 1.6361476 1.7208387 1.8289619 1.7534866 1.5173743 1.6034806 1.6265202 2.0789691 1.9135623 1.9098633 1.7341447 1.8444525 1.7396933 1.6663875 1.4676758 1.5106629 1.4964945 1.6958756 1.4581548 1.4069604 1.5712038 1.7684472 1.7798166 1.6128112 1.6204384 1.5116965 1.7962503 1.7633055 1.6812363 1.5186651 2.7261886 
HoiH23_PlH23_005749-RA                                 1.2860543 1.1074404 1.2596876 1.1308697 1.1497057 1.2254192 1.1647939 1.4844112 1.2133304 1.1797604 1.1533993 1.2637135 1.3932434 1.2691660 1.2497234 1.2718015 1.3845167 1.1886932 1.2301788 1.3071345 1.3921939 1.2549779 1.4958314 1.7263870 1.5079221 1.4846895 1.4546552 1.5335413 1.2411635 1.1970491 1.3493108 0.3201027 0.3204371 0.0479658 0.0000000 0.1191964 0.1527609 1.4658914 1.4675759 1.3915963 1.1011019 1.5498354 1.6706362 2.3571283 1.7690433 1.5449758 1.6236507 1.7016541 1.7598262 1.7419789 1.5296213 1.6009102 1.5961735 2.0271609 1.9667315 1.8436461 1.6946590 1.6998897 1.6774027 1.5975764 1.4517753 1.4568923 1.5203974 1.7185454 1.4784635 1.3851208 1.6342308 1.8019459 1.8161898 1.6952745 1.5487944 1.5594115 1.8741327 1.7999316 1.6650265 1.4066371 2.4995439 
HoiH04_mRNA8255                                        1.2895835 1.1210674 1.1841767 1.1094591 1.1370150 1.2467754 1.1478412 1.4587734 1.1765446 1.2115571 1.1809741 1.2615627 1.3969360 1.2150483 1.2433348 1.2724988 1.4150916 1.2243422 1.2750640 1.3115423 1.3795487 1.2740303 1.4424295 1.7047903 1.5316773 1.5012972 1.4016480 1.4855851 1.1950675 1.1677963 1.2844875 0.3126099 0.3129330 0.1213315 0.1191964 0.0000000 0.1698422 1.4418968 1.4768892 1.3672022 1.0596976 1.5200820 1.6240464 2.3972726 1.7448440 1.5832323 1.6676413 1.7107680 1.7381578 1.7884537 1.5173579 1.6354676 1.6361494 1.9740574 1.9436533 1.7961764 1.7830620 1.7398029 1.7215521 1.6404880 1.4876490 1.4672873 1.5216576 1.6730897 1.4406826 1.4349840 1.7064861 1.8496311 1.8580547 1.6973670 1.5610446 1.5420516 1.8578433 1.7978656 1.6688499 1.3324902 2.4735923 
HoiH11_mRNA2700                                        1.2637439 1.1410723 1.2505362 1.1093975 1.1169002 1.1706045 1.1528824 1.3056030 1.1723645 1.0967237 1.0871447 1.1161287 1.4268396 1.2421718 1.2730149 1.2353948 1.3113834 1.1847911 1.1727743 1.3014980 1.2856290 1.2202400 1.3978375 1.8932506 1.5389301 1.5184079 1.2658070 1.3601227 1.1706057 1.1508758 1.2011170 0.2851638 0.2855235 0.1741685 0.1527609 0.1698422 0.0000000 1.4048379 1.3617047 1.4061126 1.0999576 1.5519804 1.5225335 2.1811230 1.6535069 1.4641253 1.5053474 1.6643397 1.6213253 1.7000070 1.5983986 1.5893514 1.6099895 1.8304602 1.7555474 1.7820632 1.7259496 1.7068108 1.7356077 1.6020894 1.4356500 1.3682030 1.4656006 1.6528744 1.4145931 1.3782033 1.6207550 1.7380262 1.6886778 1.5487596 1.5882676 1.4616296 1.6730200 1.6142765 1.5964497 1.4045695 2.6973654 
Lcom_lcpid65109                                        1.4653719 1.3522051 1.4976626 1.2982564 1.4734197 1.4402747 1.3991142 1.5520646 1.3541664 1.3856959 1.3613118 1.5051808 1.4609064 1.5356308 1.4552282 1.3757278 1.2293492 1.2078491 1.2924924 1.3986927 1.3307818 1.5092156 1.4339030 1.5677659 1.5136079 1.5870619 1.5664374 1.6109978 1.4995197 1.4371272 1.5121902 1.3231608 1.3212577 1.4556118 1.4658914 1.4418968 1.4048379 0.0000000 0.7136783 0.5955947 0.9404283 1.6300945 1.6132961 2.1566163 1.7359096 1.7599325 1.7260357 1.6409441 1.8291197 1.7131554 1.8302938 1.6066569 1.6046783 1.8512892 1.8232340 1.8134731 2.0154248 1.7896598 1.7764441 1.7671047 1.5388462 1.6720359 1.6818122 1.8200876 1.5920856 1.6070007 1.7378165 1.9030938 1.8815904 1.7408737 1.7994592 1.8032787 1.9774700 1.9709800 1.9286630 1.3843364 2.8854983 
Gracom_Gcom_scaffold1_01                               1.5096555 1.5009653 1.5130618 1.4022247 1.5031129 1.3678594 1.4471727 1.5768593 1.3651266 1.4281451 1.4325496 1.4589689 1.4900284 1.5096637 1.5319623 1.5120869 1.3772374 1.4117996 1.4245753 1.4576666 1.5992552 1.5383388 1.5228857 1.8739141 1.4959507 1.4936244 1.6409312 1.6265450 1.4231953 1.5596413 1.6239094 1.4330046 1.4309659 1.4681256 1.4675759 1.4768892 1.3617047 0.7136783 0.0000000 0.5602500 0.9290469 1.6649082 1.6737875 2.1343986 1.7596661 1.7561677 1.7900168 1.7535655 1.7565718 1.7693574 1.7697649 1.6567875 1.6614279 1.8698365 1.7241494 1.7306122 2.0274700 1.9185958 1.8348318 1.7565202 1.5506715 1.7516148 1.7613430 1.8836558 1.6545492 1.5499873 1.8901452 1.9896207 1.9258950 1.8738097 1.6401748 1.9013026 2.0187920 2.0653310 1.9589319 1.5504891 2.9109232 
Leuniv_Lniv_scaffold15353_01                           1.4434780 1.4164625 1.4794227 1.3558562 1.5325604 1.4537466 1.4521767 1.4911871 1.4292807 1.5031033 1.5482456 1.4361522 1.6521133 1.6544705 1.4813244 1.4845835 1.3846204 1.3081000 1.3655795 1.4253594 1.7163412 1.4050263 1.5594925 1.7036074 1.5890324 1.5407478 1.6100488 1.4801617 1.4751131 1.3377974 1.3989360 1.4239296 1.4225616 1.4122873 1.3915963 1.3672022 1.4061126 0.5955947 0.5602500 0.0000000 1.0117939 1.7495977 1.6068217 2.2144478 1.9774594 1.9522916 1.9423900 1.8677127 1.9275833 2.0131022 1.9621650 1.8111509 1.9015484 2.0383206 2.0412872 2.2127205 2.0642538 1.8493902 2.0034176 1.6776157 1.6061301 1.8116236 1.8083685 1.9713219 1.7536202 1.6250387 1.6626556 1.6701789 1.9090820 1.6721714 1.6600846 1.5392448 2.2238940 2.0923177 2.0231002 1.6635683 3.4137653 
Clacor_Ccor_C536549_01                                 1.2394593 1.1279968 1.2236772 1.1768208 1.1978628 1.2970063 1.1908170 1.1400278 1.1097829 1.1399642 1.1420468 1.1617663 1.4105560 1.1671549 1.1937395 1.1711756 1.3699723 1.3527365 1.2878576 1.2190165 1.4267615 1.2367461 1.2427505 1.8210258 1.2942142 1.4593343 1.4641393 1.4123886 1.2693686 1.1944433 1.3762320 1.1185116 1.1172667 1.0923637 1.1011019 1.0596976 1.0999576 0.9404283 0.9290469 1.0117939 0.0000000 1.4219308 1.3130027 2.0040413 1.9082506 1.9942125 1.9947709 1.8848122 1.9304144 1.8692101 1.7231737 1.8363164 1.8864620 1.9610878 1.9576323 2.1235838 2.3020411 1.8167015 1.8535642 1.8253712 1.5239799 1.6588771 1.7411010 1.7077270 1.5544142 1.5361159 1.8627665 1.9356778 1.9912413 1.7326213 1.7016883 1.2865118 1.8780342 1.9054947 1.8571968 1.1496799 3.8774127 
Ocar_g10484                                            1.2003937 1.1791335 1.2703603 1.2127790 1.2926488 1.3619413 1.3863078 1.3680609 1.2322437 1.2737605 1.2940787 1.3576376 1.4144672 1.3000604 1.3210033 1.2890342 1.2861284 1.2380570 1.2013072 1.2629593 1.2893279 1.1958369 1.4535772 1.5250679 1.4763007 1.5572348 1.7345655 1.5968755 1.6452181 1.3924877 1.3065993 1.4914479 1.4890316 1.5809530 1.5498354 1.5200820 1.5519804 1.6300945 1.6649082 1.7495977 1.4219308 0.0000000 0.0385783 1.1855937 1.6837083 1.6294518 1.6295423 1.7369970 1.6520612 1.5427190 1.6156049 1.6959370 1.7105269 1.7381102 1.8097491 1.8049207 1.8982939 1.7214705 1.6936078 1.5066455 1.5873300 1.2174002 1.6251430 1.7095529 1.6172665 1.7007868 1.6642332 1.8378778 1.9673261 1.9180117 1.6942403 1.7588614 2.1199377 1.9053472 1.8758078 1.1734632 2.8941959 
Opea_EP00118_Oscarella_pearsei_P005787                 1.2046668 1.1685449 1.2161845 1.2278921 1.2457490 1.2970459 1.3176225 1.3607711 1.2341065 1.2548245 1.2902233 1.3093472 1.3742987 1.3628048 1.2591459 1.2964006 1.2544111 1.1949324 1.1875174 1.2200043 1.2510254 1.2178111 1.3966799 1.4674979 1.4049630 1.4936586 1.6541139 1.5521172 1.4166567 1.2750922 1.2573596 1.4564674 1.4546100 1.5985558 1.6706362 1.6240464 1.5225335 1.6132961 1.6737875 1.6068217 1.3130027 0.0385783 0.0000000 1.1391650 1.6260919 1.4874714 1.5217213 1.6937724 1.5519508 1.5066184 1.4326692 1.5242052 1.5652202 1.7676028 1.7476939 1.7362923 1.8621617 1.6815928 1.5779857 1.5203488 1.5939127 1.2285448 1.6417255 1.7246743 1.5851087 1.6576601 1.6022373 1.7858313 1.9242869 1.7257777 1.6943176 1.8357765 1.9744149 1.8946084 1.8839408 1.1575344 2.5317175 
Plajan_Pjan_scaffold10481_01                           1.4086663 1.4726482 1.5394165 1.4716620 1.6005956 1.5637616 1.4560465 1.8153449 1.5850131 1.7307632 1.6165405 1.6237360 1.7105281 1.8705579 1.6852048 1.8953788 1.5217694 1.4718901 1.4763327 1.5518125 1.5567788 1.5955311 1.6099538 1.4896191 1.5974378 1.6408174 1.8095026 1.7628009 1.7340725 1.4686967 1.6281255 1.9505764 1.9478359 2.2293652 2.3571283 2.3972726 2.1811230 2.1566163 2.1343986 2.2144478 2.0040413 1.1855937 1.1391650 0.0000000 2.3191202 2.0823789 2.0560323 2.1951284 2.1091769 2.1721308 2.1340354 1.9582450 1.9896444 2.4232898 2.1828016 2.1675714 2.3586239 2.1827373 2.0552005 1.8349407 1.6825016 1.5418950 2.0811523 1.9779480 2.0454952 1.9001637 1.9242075 2.0819014 2.3069309 1.9841980 2.2847113 2.9034162 2.0335112 2.1286591 2.0104615 1.4658577 2.2888866 
Mlei_ML2715.g18.i1                                     1.7326418 1.5450147 1.3975713 1.4979815 1.3839888 1.5623353 1.6109598 1.9892283 1.5728561 1.6655651 1.6742619 1.5345972 1.7680260 1.7581136 1.4483912 1.5130152 1.4611011 1.5118698 1.5029083 1.4359225 1.6167791 1.7399867 1.4603038 1.5711249 1.6207813 1.7173477 1.7941863 1.9081447 1.9340142 1.5863243 1.6669106 1.7509130 1.7506826 1.8364366 1.7690433 1.7448440 1.6535069 1.7359096 1.7596661 1.9774594 1.9082506 1.6837083 1.6260919 2.3191202 0.0000000 0.4110475 0.4005844 0.4187730 0.4295999 0.4522626 0.6225184 0.5488149 0.5275032 0.5611661 0.5853753 0.5530106 1.7176967 1.6329738 1.6057434 1.5749064 1.5474706 1.4120725 1.6825130 1.7607200 1.5702623 1.6016095 1.8829652 1.9077969 1.8192048 1.7935570 1.6648188 1.9176154 1.9055004 1.9989993 1.8275836 1.5983137 2.8382245 
Bolinf_Binf_sb1206970                                  1.7213055 1.5773737 1.3628008 1.5092365 1.4293419 1.7226943 1.7088161 1.7947481 1.7045563 1.6718652 1.6559552 1.6031442 1.8410999 1.8074413 1.5191836 1.5792190 1.4094829 1.5737418 1.4760229 1.4497638 1.6895100 1.7401472 1.4184656 1.7756668 1.6828394 1.8796802 1.7400674 1.7226345 1.7267567 1.5089406 1.6366582 1.4933412 1.4926328 1.5246373 1.5449758 1.5832323 1.4641253 1.7599325 1.7561677 1.9522916 1.9942125 1.6294518 1.4874714 2.0823789 0.4110475 0.0000000 0.0000010 0.4852877 0.4972112 0.4785830 0.6558976 0.5373817 0.5361405 0.6705817 0.6602659 0.6037283 1.7049720 1.6873281 1.5685230 1.5287523 1.4981917 1.4869070 1.6711484 1.8158174 1.6643573 1.5895028 1.7789886 1.8912508 1.7154900 1.7976694 1.5177637 1.7899434 1.6865692 1.7982855 1.7922600 1.6746015 2.9304271 
Mertsp_Mesp_sb584146                                   1.6497762 1.5069833 1.3798830 1.4733282 1.4304585 1.6277998 1.6898275 1.8422592 1.6373747 1.6803032 1.6170706 1.5654521 1.7457013 1.8762245 1.4945253 1.5635921 1.3450859 1.4649271 1.4071559 1.4016641 1.6363902 1.7031134 1.3982059 1.5776132 1.6247948 1.7378677 1.8059138 1.8206604 1.7267567 1.5389121 1.6536280 1.5479591 1.5474581 1.6361476 1.6236507 1.6676413 1.5053474 1.7260357 1.7900168 1.9423900 1.9947709 1.6295423 1.5217213 2.0560323 0.4005844 0.0000010 0.0000000 0.4515289 0.4738271 0.4853935 0.6558976 0.5144955 0.4936803 0.6365626 0.6188245 0.5461468 1.6771773 1.6573192 1.5714485 1.5654763 1.4423376 1.3828652 1.6879828 1.7451415 1.6727086 1.5301127 1.6739801 1.8468649 1.8560944 1.8646499 1.5607472 1.8778217 1.7403473 1.8178679 1.7092715 1.5613784 2.7147451 
Drygla_Dgla_sb295471                                   1.7262579 1.4359738 1.4273420 1.5198225 1.4350100 1.5857732 1.6782663 1.9325255 1.5423900 1.6469254 1.6231839 1.5144707 1.7317391 1.7696519 1.4573778 1.5562466 1.4630222 1.5893428 1.6005441 1.4571424 1.7792216 1.7157787 1.4383963 1.7007611 1.7062542 1.6783132 1.9321126 1.9784996 1.9896876 1.5747627 1.7850197 1.6199510 1.6195598 1.7208387 1.7016541 1.7107680 1.6643397 1.6409441 1.7535655 1.8677127 1.8848122 1.7369970 1.6937724 2.1951284 0.4187730 0.4852877 0.4515289 0.0000000 0.5439410 0.5025607 0.5429917 0.5781427 0.5902438 0.6455014 0.6919727 0.6353507 1.7474174 1.6564703 1.6188145 1.5368371 1.5484904 1.3778527 1.7203495 1.7200296 1.6859713 1.5111568 1.7934308 1.9055963 1.9176780 1.7117937 1.6195844 1.9778218 1.8076527 1.8481934 1.8402956 1.5295382 2.6958795 
