72
Hsap_ENST00000338820                                   0.0000000 1.1545091 1.3503294 1.2039861 1.5160802 1.4796327 0.8640597 1.3010347 1.4016477 1.6224667 1.4682884 1.5136034 1.5954714 1.5954714 1.6517118 1.5695400 1.6032158 1.6011799 1.5810163 1.5444427 1.4792211 1.3547142 1.3586732 1.3876709 1.4190875 1.3345573 1.1331391 1.2570077 1.2390434 1.2370128 1.3126985 1.7741541 1.8724015 1.9749791 2.2484226 1.8979762 1.9588935 1.3771367 2.0926838 2.0804082 1.9151326 1.7065792 1.7294909 1.3249573 1.8314662 1.7940707 1.8652400 1.8260216 2.1692001 2.1844794 1.5988629 2.0147630 1.4634208 2.4440013 2.4925844 2.3835797 2.4057374 1.9306818 1.9506078 2.1566082 2.9617065 2.5007364 2.6461210 2.7403354 3.1349216 2.3288091 2.7699509 2.6601671 3.0696178 2.3770060 2.3134100 3.2631972 
Bralan_BLAG15000813_1                                  1.1545091 0.0000000 1.0180900 0.8923731 1.2549941 1.2159245 0.9394138 1.2116281 1.2938503 1.3376422 1.1828856 1.1782600 1.5236697 1.5236697 1.6775628 1.5883359 1.5913040 1.5912921 1.6419006 1.3229252 1.3632850 1.3226439 1.3903924 1.2799450 1.2987032 1.2140093 0.9782093 1.0859350 0.9769504 0.9562007 1.1578947 1.7386394 1.7792206 1.9527021 1.9994332 1.7055408 1.7467978 1.2870062 1.9049572 1.9114572 1.8873256 1.7417604 1.6403222 1.6367380 1.7646610 1.7814883 1.8354858 1.8683032 1.9624146 2.5142458 1.4736776 1.7725123 1.3976853 2.2649925 2.2297635 2.0969153 2.0322742 1.9666009 1.9778030 2.2135613 2.5426886 2.4557263 2.2724889 2.4507726 2.7372728 2.5736416 2.1864005 2.3330637 2.7843737 1.9236785 2.1045584 3.2954690 
Spur_XM_030979614.1                                    1.3503294 1.0180900 0.0000000 1.1447885 1.4358915 1.4770802 0.9950835 1.2541817 1.4917367 1.4668684 1.2169350 1.1632452 1.5095411 1.5095411 1.6077183 1.5496731 1.6086725 1.6093468 1.6167172 1.5300921 1.4654926 1.4603695 1.4648581 1.4401537 1.6451604 1.1969361 1.1691127 1.1720054 1.0928752 1.1140820 1.3190655 1.7793054 1.8257112 1.8045411 1.9506049 1.8243025 1.8420291 1.4104167 1.9328089 1.8435431 1.8412858 1.8714281 1.5925598 1.3757589 1.7529539 1.7779093 1.8096377 1.8485248 2.0187552 2.2954759 1.3185728 1.8997213 1.4965897 2.0938113 2.4207590 2.1882629 2.0788630 2.0366459 2.1842614 2.2282937 2.5523003 2.5541863 2.4466233 2.9507327 3.0238330 2.6240078 2.1385899 2.3525501 2.6787562 1.9810606 2.3411595 2.6088209 
Skow_XM_006822832.1                                    1.2039861 0.8923731 1.1447885 0.0000000 1.2462332 1.3620195 0.8273261 1.0709143 1.2867946 1.3990081 1.0486511 0.9669073 1.4810256 1.4810256 1.6404631 1.4687847 1.6306074 1.6305836 1.5551219 1.4068386 1.2721705 1.2816591 1.2829865 1.3181621 1.3079393 1.1699763 1.0109460 1.0677322 1.0094916 0.9832329 1.2543003 1.9565537 2.0400116 1.9058460 1.9596592 1.8338328 1.8636271 1.3090978 1.9112485 1.8885202 1.8672796 1.6432312 1.6075898 1.4303484 1.7076879 1.7146691 1.7823003 1.9505741 2.1114161 2.3581833 1.6268921 1.8314537 1.5621275 2.4885582 2.4289801 2.2568668 2.4178193 1.9754782 1.9839334 2.2871793 2.8476874 2.7253907 2.5429971 2.6902128 3.0265912 2.7544119 2.2257962 2.6040935 3.0633606 2.1306330 2.6305353 3.3183724 
Exapal_XM_021055953.2                                  1.5160802 1.2549941 1.4358915 1.2462332 0.0000000 0.5012936 0.7110776 0.6152280 0.7182635 0.8051112 0.7618338 0.7976641 1.4848257 1.4848257 1.6354605 1.4667567 1.4175173 1.4175589 1.5022434 1.2591065 1.2986442 1.1919849 1.1499609 1.2349431 1.1066509 1.3480741 1.2506670 1.2855897 1.2571967 1.3649066 1.2442687 1.8694436 1.9373627 1.8099627 1.7469160 2.0343988 2.0285549 1.2682880 1.9203752 2.0036925 1.8781714 1.5816978 1.3781036 1.4073814 1.7984692 1.8960446 1.9257676 1.9090882 1.7936895 1.9728549 1.4710358 1.7321372 1.4834716 2.4106251 2.3412876 2.1948131 2.2378492 1.7498167 1.8660509 2.0530536 2.7173342 2.5501486 2.5784717 2.7501615 2.8875233 2.7591884 2.4299267 2.6600435 3.1892031 2.3176932 2.5078212 3.0746326 
Nvec_v1g117533                                         1.4796327 1.2159245 1.4770802 1.3620195 0.5012936 0.0000000 0.5406435 0.5810833 0.6065750 0.8072688 0.8265191 0.7829511 1.4224340 1.4224340 1.5360983 1.3938052 1.4279725 1.4280104 1.4864748 1.1847196 1.2587599 1.2196710 1.1929306 1.1633017 1.2492854 1.3193404 1.2895199 1.2871140 1.2827053 1.3410263 1.2969470 1.8757020 1.8964700 1.8121862 1.8995744 2.0282950 2.0555183 1.2888589 1.8615339 1.9707888 2.0216204 1.4799630 1.3329898 1.4313963 1.7668181 1.8588798 1.9075419 1.7792089 1.8005361 1.8453551 1.7091766 1.8334816 1.3546010 2.2451110 2.3690591 2.2034035 2.1634384 1.8457542 1.6930316 2.1462183 2.3775277 2.3404552 2.5835475 2.8593512 2.9291844 2.7433857 2.3380811 2.4130436 2.9248236 2.2182483 2.5214451 3.2560201 
Gfas_gfas1.m1.12788.m1                                 0.8640597 0.9394138 0.9950835 0.8273261 0.7110776 0.5406435 0.0000000 0.3334212 0.3809458 0.3965719 0.1383184 0.3396248 0.7688640 0.7688640 0.7995445 0.8247215 0.8007326 0.8007326 0.7540170 0.5947051 0.6105621 0.7384956 0.7091076 0.7996331 1.0772649 0.8984771 0.7799159 0.8484992 0.8235780 0.9625932 0.8936551 1.2266657 1.3317624 1.2334469 1.3805218 1.2467646 1.2691403 1.2770559 1.4175720 1.2502187 1.2824382 0.8479062 0.9243646 0.9057797 0.8128929 0.8909031 1.0340286 0.8436516 1.0053662 1.5963684 0.5962786 0.7632092 0.3468263 1.5171918 1.6859760 1.4052106 1.3227675 0.8774941 1.4851128 1.7853988 1.3248929 2.2053342 1.7710187 1.9752671 2.0591328 2.1164906 1.5944752 1.3207554 1.9723097 1.7784384 1.7616217 2.0976242 
Fspp_ffun1.m4.19722.m1                                 1.3010347 1.2116281 1.2541817 1.0709143 0.6152280 0.5810833 0.3334212 0.0000000 0.2514356 0.4221716 0.4772396 0.3994908 1.2406175 1.2406175 1.4778876 1.3137528 1.3360724 1.3361521 1.3353706 1.0962885 1.0577810 0.9271951 0.9341772 1.0251086 1.0205140 1.0792271 1.0474353 1.1548653 1.0696940 1.1283977 1.2266317 1.4524407 1.5730957 1.4040358 1.5252222 1.5725453 1.5615780 1.1144948 1.6257304 1.7230686 1.6662985 1.2542052 1.2729236 1.0759398 1.4058223 1.4988186 1.5250516 1.4796655 1.6652750 1.8432765 1.3472999 1.5206000 1.2039470 1.9794348 2.0575563 1.9384362 1.9027883 1.4109059 1.6159820 2.0858492 2.5041666 2.2971986 2.3298464 2.7098833 2.7742508 2.7998374 2.1661084 1.9474816 2.6516056 1.8488944 2.1890556 2.4794777 
Gasp_gasp1.m3.9431.m1                                  1.4016477 1.2938503 1.4917367 1.2867946 0.7182635 0.6065750 0.3809458 0.2514356 0.0000000 0.3484129 0.5381700 0.4051605 1.3394727 1.3394727 1.5800267 1.4236931 1.4056641 1.4057130 1.4034185 1.1073824 1.0445088 1.0593140 1.1084147 1.0427263 1.1882360 1.2409178 1.1416524 1.3234355 1.1203258 1.2731430 1.3300130 1.7672916 1.9889214 1.8329569 1.8931590 1.9608646 1.9171842 1.2399700 2.0685357 1.9889807 1.9236696 1.5513831 1.5829302 1.4672518 1.6836751 1.8017172 1.7051233 1.7166754 1.5973598 1.9424902 1.4474820 1.6453015 1.3235497 2.2763085 2.2724229 2.0031216 2.0588809 1.7774225 1.4866028 2.1690818 2.5111898 2.4016767 2.6461443 2.7435800 2.8819458 2.6152918 2.4022783 2.1975606 2.9079670 2.0429167 2.2373824 2.8359802 
Spis_XP_022788856_1                                    1.6224667 1.3376422 1.4668684 1.3990081 0.8051112 0.8072688 0.3965719 0.4221716 0.3484129 0.0000000 0.4552025 0.4728708 1.4013462 1.4013462 1.6266100 1.4241013 1.4621719 1.4622067 1.4405872 1.1683257 1.2180123 1.2011170 1.2341458 1.2436648 1.2300973 1.3428684 1.2248196 1.3787127 1.1057362 1.4564291 1.2261321 1.9758064 2.1123628 1.9956381 1.9975932 2.1470663 2.1627016 1.3755203 2.1421159 2.1309090 2.0372563 1.5694099 1.4825636 1.3390521 1.6886735 1.9584754 1.9010135 1.8035097 1.6139482 2.5065236 1.5252180 1.7803213 1.4482417 2.0738318 2.3225627 2.2152413 2.2409604 2.1520892 1.9747668 2.2044807 2.6186582 2.6109396 2.8619833 2.5275324 2.7902378 2.7730845 2.2462915 2.2715168 3.1417414 2.3479045 2.5323104 2.9929894 
Adig_XM_015892104.1                                    1.4682884 1.1828856 1.2169350 1.0486511 0.7618338 0.8265191 0.1383184 0.4772396 0.5381700 0.4552025 0.0000000 0.0212268 1.0517464 1.0517464 1.2732155 0.9886267 1.1717446 1.1720207 1.2096223 1.3705207 1.2638343 1.2491626 1.2676169 1.2268184 1.1229656 1.0655089 1.1830727 1.4412516 1.2111250 1.2963604 1.1772601 1.5694589 1.7054686 1.4458373 1.5365595 1.7243854 1.7711754 1.4458117 1.5941277 1.7257242 1.7996297 1.5420926 1.2666440 0.7404218 1.5496316 1.4490476 1.5945068 1.4794956 1.3991121 1.7193125 1.6170995 1.5345315 1.6091411 1.9261098 2.0705492 2.0638753 1.8710201 1.6004169 1.5559074 1.7694842 2.4029636 2.9614835 2.7787474 2.2631213 2.5988949 3.3730721 2.8074539 1.8113800 2.9378454 2.1098887 2.0307624 2.7127220 
Amil_Amillepora21134-RA                                1.5136034 1.1782600 1.1632452 0.9669073 0.7976641 0.7829511 0.3396248 0.3994908 0.4051605 0.4728708 0.0212268 0.0000000 0.9939490 0.9939490 1.1966365 0.9919269 1.1313353 1.1316101 1.1508080 1.2236172 1.0564018 0.9842466 1.0499187 1.0519821 1.1958870 0.9871864 1.1198365 1.2963576 1.0457821 1.3487090 1.1908652 1.7167325 1.7579209 1.5335431 1.7542139 1.7677550 1.8236849 1.6683256 1.6775583 1.7344820 1.8416381 1.3599022 1.1402637 0.9555634 1.4643619 1.4139665 1.6488131 1.4110079 1.2863197 1.5046577 1.5934509 1.4425700 1.3948174 1.9016542 2.0471498 2.0833143 1.8696780 1.5087829 1.4116904 1.8387305 2.1769701 2.6829013 2.5992297 2.1113728 2.4767657 3.1863299 2.5073346 1.6852066 2.5947563 1.9442507 2.1227266 2.7808738 
Tadh_TriadT55761                                       1.5954714 1.5236697 1.5095411 1.4810256 1.4848257 1.4224340 0.7688640 1.2406175 1.3394727 1.4013462 1.0517464 0.9939490 0.0000000 0.0000010 0.3868793 0.3729576 0.3748893 0.3742361 0.3816422 1.4777300 1.5333339 1.6286176 1.6776877 1.5863763 1.7515244 1.6282861 1.5778501 1.4702361 1.5922697 1.6565402 1.5845401 1.7694783 1.8470014 1.6677379 2.0850385 1.7854190 1.8692253 1.4534616 1.8736246 1.9535521 2.0158665 1.9384914 1.7139404 1.6340831 1.8525037 1.8144715 1.9154928 1.6466464 1.9911525 2.2166589 1.4539095 2.0106094 1.4528727 2.1294693 2.3798997 2.3436830 2.2863749 1.8651405 2.0428507 2.3090315 2.6116210 2.4881366 2.7732568 3.0235251 3.0430369 3.1128278 2.3494738 2.5022850 3.0353168 2.5427887 2.4144215 2.9133292 
TrH2_TrispH2_001654-RA                                 1.5954714 1.5236697 1.5095411 1.4810256 1.4848257 1.4224340 0.7688640 1.2406175 1.3394727 1.4013462 1.0517464 0.9939490 0.0000010 0.0000000 0.3868793 0.3729576 0.3748893 0.3742361 0.3816422 1.4777300 1.5333339 1.6286176 1.6776877 1.5863763 1.7515244 1.6282861 1.5778501 1.4702361 1.5922697 1.6565402 1.5845401 1.7694783 1.8470014 1.6677379 2.0850385 1.7854190 1.8692253 1.4534616 1.8736246 1.9535521 2.0158665 1.9384914 1.7139404 1.6340831 1.8525037 1.8144715 1.9154928 1.6466464 1.9911525 2.2166589 1.4539095 2.0106094 1.4528727 2.1294693 2.3798997 2.3436830 2.2863749 1.8651405 2.0428507 2.3090315 2.6116210 2.4881366 2.7732568 3.0235251 3.0430369 3.1128278 2.3494738 2.5022850 3.0353168 2.5427887 2.4144215 2.9133292 
HoiH06_mRNA5979                                        1.6517118 1.6775628 1.6077183 1.6404631 1.6354605 1.5360983 0.7995445 1.4778876 1.5800267 1.6266100 1.2732155 1.1966365 0.3868793 0.3868793 0.0000000 0.0499011 0.1625194 0.1583816 0.1876103 1.7585457 1.6111143 1.5659838 1.6012288 1.5307088 1.8482935 1.6699880 1.5591688 1.5379968 1.6943922 1.6933338 1.6007850 1.9887336 1.9687144 1.9072988 2.1705418 1.7856747 1.8330023 1.4181483 2.1796091 2.1690604 1.9989326 1.7628858 1.8310915 1.5434228 1.9618796 1.9537581 1.9810193 1.9511665 2.2724025 2.1913902 1.6920995 1.8597794 1.3570463 2.4173945 2.6341022 2.5034035 2.3747944 1.9110479 1.9330442 2.5373923 2.6481314 2.1479827 2.4976194 3.1026297 3.1875585 3.0355994 2.4412972 2.6918958 2.9514407 2.3897304 2.7256878 2.8615571 
HoiH23_PlH23_001617-RA                                 1.5695400 1.5883359 1.5496731 1.4687847 1.4667567 1.3938052 0.8247215 1.3137528 1.4236931 1.4241013 0.9886267 0.9919269 0.3729576 0.3729576 0.0499011 0.0000000 0.1625920 0.1589301 0.1943021 1.6219200 1.5038148 1.5397236 1.5885722 1.5176269 1.7187762 1.6066029 1.4650581 1.4206144 1.6001693 1.5663618 1.5777410 1.8381795 1.8178263 1.7806416 2.1169397 1.7459945 1.7855442 1.3904420 1.9542673 1.9575027 1.8886343 1.8031049 1.6004686 1.5111533 1.8134167 1.7862030 1.7907243 1.7673932 2.0288821 2.1383164 1.5985020 1.7612171 1.3419504 2.1137989 2.3382323 2.2209872 2.1367976 2.0010811 1.7819700 2.2364469 2.6608757 2.1567729 2.5027095 2.7985658 2.8262429 2.5839754 2.1479275 2.2907217 2.8582462 2.3275642 2.4113696 2.8009104 
Hhon_g01007.t1                                         1.6032158 1.5913040 1.6086725 1.6306074 1.4175173 1.4279725 0.8007326 1.3360724 1.4056641 1.4621719 1.1717446 1.1313353 0.3748893 0.3748893 0.1625194 0.1625920 0.0000000 0.0028187 0.2214993 1.6342037 1.6143629 1.5904348 1.6274118 1.5748345 1.7315638 1.5721492 1.5427738 1.4823842 1.6805464 1.6095850 1.5310670 1.8173397 1.8374832 1.8192929 2.1066418 1.7427840 1.7702349 1.4230536 1.9027948 1.8783737 1.8179564 1.7180775 1.6789128 1.5995601 1.7856046 1.8431526 1.9106438 1.7808086 2.0789032 2.2564195 1.4711093 1.7057236 1.3461982 2.1088514 2.3549090 2.2923986 2.1527916 1.9913437 1.8048939 2.2993874 2.6099359 2.3456156 2.6536035 2.7802811 2.8639551 2.6899148 2.2930272 2.3941799 2.9051402 2.2922004 2.4151486 2.8175580 
HoiH04_mRNA86                                          1.6011799 1.5912921 1.6093468 1.6305836 1.4175589 1.4280104 0.8007326 1.3361521 1.4057130 1.4622067 1.1720207 1.1316101 0.3742361 0.3742361 0.1583816 0.1589301 0.0028187 0.0000000 0.2175513 1.6315425 1.6116558 1.5904230 1.6273888 1.5748275 1.7315096 1.5696635 1.5434391 1.4808422 1.6789348 1.6211310 1.5286789 1.8149577 1.8350776 1.8174832 2.1045604 1.7410753 1.7685556 1.4230536 1.8981969 1.8738384 1.8155405 1.7180506 1.6647559 1.5995601 1.7891792 1.8468150 1.9243971 1.7842674 2.0769540 2.2564195 1.4545834 1.7024868 1.3425686 2.1251798 2.3489002 2.2864819 2.1471905 1.9887863 1.8048939 2.2959272 2.6075292 2.3244590 2.6515937 2.7777758 2.8599950 2.6567401 2.3222990 2.3939478 2.8976307 2.2863140 2.4117593 2.8175580 
HoiH11_mRNA720                                         1.5810163 1.6419006 1.6167172 1.5551219 1.5022434 1.4864748 0.7540170 1.3353706 1.4034185 1.4405872 1.2096223 1.1508080 0.3816422 0.3816422 0.1876103 0.1943021 0.2214993 0.2175513 0.0000000 1.6915578 1.5877680 1.5054539 1.5027733 1.4899013 1.7880895 1.5738392 1.5067591 1.5383244 1.6251536 1.6311808 1.5635151 1.8066243 1.8369813 1.7678094 2.1093340 1.6696060 1.7401026 1.3427803 1.9883761 1.9710530 1.8112905 1.9158778 1.6281337 1.5816049 1.8166442 1.8361147 1.8615038 1.7848418 1.9672873 2.0278146 1.6083937 1.8112998 1.3906673 2.1347000 2.2186589 2.2667420 2.1638003 1.9773675 1.8094344 2.2630799 2.9248855 2.3001581 2.7258907 2.9676208 2.7635404 2.6385273 2.3574900 2.4270215 2.7972899 2.3915794 2.4088073 2.8252316 
Dgig_XM_028550138.1                                    1.5444427 1.3229252 1.5300921 1.4068386 1.2591065 1.1847196 0.5947051 1.0962885 1.1073824 1.1683257 1.3705207 1.2236172 1.4777300 1.4777300 1.7585457 1.6219200 1.6342037 1.6315425 1.6915578 0.0000000 0.4741661 1.3799329 1.3710850 1.3682185 1.5812753 1.4619531 1.5315882 1.3553101 1.4382237 1.4450720 1.3222023 1.9968921 2.0014441 1.8679222 2.0527120 1.8938590 1.9891382 1.4959637 2.0683756 1.9122594 2.1277581 1.7813644 1.7402507 1.6300395 1.8834612 1.9269127 1.7480740 1.8847083 1.8804790 2.3430530 1.4708347 1.9904179 1.4284518 2.4250075 2.7166639 2.5824647 2.4297991 2.0468239 2.1954554 2.2735688 2.6030903 2.7343893 2.8714182 3.0399090 2.9762295 2.9570178 2.6647092 2.6224006 3.0960752 2.5370609 3.0165333 3.5527471 
Xesp_002383-T1                                         1.4792211 1.3632850 1.4654926 1.2721705 1.2986442 1.2587599 0.6105621 1.0577810 1.0445088 1.2180123 1.2638343 1.0564018 1.5333339 1.5333339 1.6111143 1.5038148 1.6143629 1.6116558 1.5877680 0.4741661 0.0000000 1.2617982 1.2786299 1.3108311 1.5032629 1.3929770 1.4793492 1.3477972 1.3742854 1.4029204 1.3441191 1.7147317 1.9082512 1.7746183 1.7908955 1.7491721 1.7813489 1.2570477 1.9297417 1.7778295 1.8277496 1.6832617 1.6846396 1.5637001 1.7391940 1.9777624 1.7992594 1.8320555 1.7474930 2.2605620 1.3384147 1.7906666 1.3732322 2.2566065 2.8264217 2.3931453 2.2155044 1.9634958 2.1281966 1.9975993 2.4736938 2.8210522 2.7141583 2.9698564 3.0588099 2.8196240 2.2723134 2.5487634 3.2194184 2.3367551 2.6295989 3.3595959 
Nemnom_g13846.t1                                       1.3547142 1.3226439 1.4603695 1.2816591 1.1919849 1.2196710 0.7384956 0.9271951 1.0593140 1.2011170 1.2491626 0.9842466 1.6286176 1.6286176 1.5659838 1.5397236 1.5904348 1.5904230 1.5054539 1.3799329 1.2617982 0.0000000 0.0990506 0.5499334 0.9113140 1.3552128 1.2743432 1.3211789 1.2538991 1.3302634 1.4774897 1.7369484 1.7466648 1.8011030 1.8232707 1.7259017 1.7947027 1.6080524 1.9582953 1.8255690 1.7785948 1.2024655 1.1441094 1.4664575 1.7183631 1.9544988 1.8096047 1.8357093 1.7509671 2.0313952 1.3744639 1.8519448 1.6274744 2.2702124 2.2967149 2.2663720 2.3309698 1.9048113 1.9151529 2.2582728 2.4906276 2.7610079 2.6207398 2.7981094 2.7893325 2.7648585 2.3069539 2.6203171 3.0547393 2.1698465 2.2889304 3.1192068 
Rhoesc_Res_012362-T1                                   1.3586732 1.3903924 1.4648581 1.2829865 1.1499609 1.1929306 0.7091076 0.9341772 1.1084147 1.2341458 1.2676169 1.0499187 1.6776877 1.6776877 1.6012288 1.5885722 1.6274118 1.6273888 1.5027733 1.3710850 1.2786299 0.0990506 0.0000000 0.5191396 0.9298320 1.4185600 1.3005744 1.3542858 1.2679210 1.3295016 1.4967285 1.7921757 1.8126541 1.8068774 1.8469930 1.7830712 1.8430244 1.7000874 2.0182524 1.8997324 1.8411864 1.2350491 1.1242981 1.4456863 1.6948122 1.9079193 1.7581350 1.7993809 1.8454985 2.1234339 1.3655103 1.8470699 1.6527793 2.2859639 2.2876941 2.3118095 2.3742789 1.9181775 1.8671800 2.1632111 2.6248243 2.6736897 2.5567193 2.7954209 2.8294559 2.7651181 2.4117567 2.7283794 3.2466002 2.1573381 2.4207806 3.2058239 
Sanmal_Sma_016507-T1                                   1.3876709 1.2799450 1.4401537 1.3181621 1.2349431 1.1633017 0.7996331 1.0251086 1.0427263 1.2436648 1.2268184 1.0519821 1.5863763 1.5863763 1.5307088 1.5176269 1.5748345 1.5748275 1.4899013 1.3682185 1.3108311 0.5499334 0.5191396 0.0000000 0.8554521 1.2611718 1.2890779 1.2269105 1.2632197 1.3232055 1.4797768 1.7462716 1.9017756 1.8858406 1.8806886 1.9003185 1.9037122 1.4077996 1.9953007 1.8805090 1.7896541 1.2970100 1.2709227 1.3934016 1.6977386 1.8224666 1.7494439 1.8752672 1.8267368 1.8125221 1.5065428 1.8040402 1.5446760 2.3379858 2.5458296 2.2230036 2.4946021 1.8682971 1.9143159 2.3543989 2.7511987 2.5622622 2.5749533 2.8921550 2.7398888 2.8783053 2.6472765 2.7458034 3.0085338 2.2009221 2.4251207 3.3751609 
Morvir_scaffold258.g2.t1                               1.4190875 1.2987032 1.6451604 1.3079393 1.1066509 1.2492854 1.0772649 1.0205140 1.1882360 1.2300973 1.1229656 1.1958870 1.7515244 1.7515244 1.8482935 1.7187762 1.7315638 1.7315096 1.7880895 1.5812753 1.5032629 0.9113140 0.9298320 0.8554521 0.0000000 1.3845312 1.3184165 1.3766301 1.4250538 1.4613091 1.3867231 1.8681203 1.8328084 1.8177629 1.9280094 2.0176723 2.0295606 1.3065477 1.9445273 1.8755578 1.7878169 1.2545336 1.1396142 1.6088743 1.6879439 1.9319368 1.8794031 1.9627401 2.1192469 2.3762522 1.7670133 2.0820161 1.5747275 2.6108547 2.7654469 2.5099020 2.7501442 1.9832594 2.1142483 2.3823657 3.1953228 2.6963231 2.8388317 3.2605748 3.1778608 3.2660033 2.9138922 2.6836296 3.3705036 2.5402375 2.4239142 3.2772676 
Tcas_TC003996_001                                      1.3345573 1.2140093 1.1969361 1.1699763 1.3480741 1.3193404 0.8984771 1.0792271 1.2409178 1.3428684 1.0655089 0.9871864 1.6282861 1.6282861 1.6699880 1.6066029 1.5721492 1.5696635 1.5738392 1.4619531 1.3929770 1.3552128 1.4185600 1.2611718 1.3845312 0.0000000 0.8415241 1.0257284 0.9861233 1.0914157 0.9866893 2.0237327 2.0546417 2.0004244 2.3180041 1.9805054 1.9516014 1.2751552 1.9920718 2.0292930 2.0119083 1.7305405 1.5536238 1.2442875 1.7536446 1.9176762 1.7219049 1.7546409 1.8456047 2.3551502 1.5321204 1.8153364 1.4803767 2.3869451 2.4750712 2.3417361 2.3163267 1.9389276 1.8756833 2.1824861 2.6698850 2.5730606 2.4389855 3.0144597 2.8788105 2.6340790 2.5562235 2.4865025 3.1582856 2.0756692 2.3148989 3.4948947 
Cscu_XM_023371585.1                                    1.1331391 0.9782093 1.1691127 1.0109460 1.2506670 1.2895199 0.7799159 1.0474353 1.1416524 1.2248196 1.1830727 1.1198365 1.5778501 1.5778501 1.5591688 1.4650581 1.5427738 1.5434391 1.5067591 1.5315882 1.4793492 1.2743432 1.3005744 1.2890779 1.3184165 0.8415241 0.0000000 0.9642663 0.8036967 0.9283591 0.9794569 1.8590083 1.9224258 2.0820432 2.1036984 1.8963709 1.9039188 1.2481930 1.8572275 1.7539761 1.9866539 1.5773061 1.7177536 1.3647941 1.7742390 1.9443694 1.8401165 1.8148361 1.8505925 2.0375431 1.6366854 1.9320874 1.5697795 2.1148838 2.4345605 2.3036954 2.1238474 1.9488326 1.7379402 2.2542035 2.5842067 2.4657876 2.4684978 2.6934116 2.7803142 2.7195928 2.3531091 2.5170119 2.9542424 2.2935427 2.4891481 2.8892629 
Cgig_XM_011455939.3                                    1.2570077 1.0859350 1.1720054 1.0677322 1.2855897 1.2871140 0.8484992 1.1548653 1.3234355 1.3787127 1.4412516 1.2963576 1.4702361 1.4702361 1.5379968 1.4206144 1.4823842 1.4808422 1.5383244 1.3553101 1.3477972 1.3211789 1.3542858 1.2269105 1.3766301 1.0257284 0.9642663 0.0000000 0.6350793 1.0041842 0.9901493 1.6826581 1.7413265 1.7642553 1.7834820 1.6630048 1.7348626 1.2086592 1.7775060 1.8096130 1.9144632 1.5284137 1.5119690 1.5853297 1.8699085 1.8868003 1.9160149 1.9728377 1.9202797 2.2359974 1.2791328 1.9331981 1.6450778 2.5875440 2.3986641 2.2970091 2.3718418 2.0571253 2.1956403 2.0068311 2.8879555 2.6593763 2.6546851 2.9836899 2.8502852 2.9844610 2.5507033 2.5871371 2.9784923 2.0820161 2.4648271 2.8554755 
Acagra_model.g3995.t1                                  1.2390434 0.9769504 1.0928752 1.0094916 1.2571967 1.2827053 0.8235780 1.0696940 1.1203258 1.1057362 1.2111250 1.0457821 1.5922697 1.5922697 1.6943922 1.6001693 1.6805464 1.6789348 1.6251536 1.4382237 1.3742854 1.2538991 1.2679210 1.2632197 1.4250538 0.9861233 0.8036967 0.6350793 0.0000000 0.7792689 1.0399778 1.7258246 1.7292546 1.6931099 1.8548916 1.6474917 1.6889711 1.2460810 1.9344103 1.8430653 1.8809658 1.5840961 1.6633935 1.4475017 1.7553478 1.8012900 1.9533748 1.7880599 1.8354294 2.0071471 1.3810772 1.8064459 1.4405608 2.2068402 2.2777005 2.0469903 2.1978975 1.9774298 1.9432565 2.4385107 2.5470982 2.7044520 2.5141039 2.8323354 3.0257925 2.9989121 2.6664751 2.6251611 2.8199355 2.0396256 2.5109849 3.0126022 
Ctel_gnl_WGS_AMQN_CAPTEDRAFT_mRNA228546                1.2370128 0.9562007 1.1140820 0.9832329 1.3649066 1.3410263 0.9625932 1.1283977 1.2731430 1.4564291 1.2963604 1.3487090 1.6565402 1.6565402 1.6933338 1.5663618 1.6095850 1.6211310 1.6311808 1.4450720 1.4029204 1.3302634 1.3295016 1.3232055 1.4613091 1.0914157 0.9283591 1.0041842 0.7792689 0.0000000 1.1878670 1.8051242 1.8021931 1.8999558 1.9423754 1.8215315 1.8381153 1.1065595 1.9430189 1.8670397 1.8152332 1.5240031 1.4879189 1.4415399 1.6866019 1.6431679 1.7782800 1.7533235 1.9397817 2.2771363 1.5651525 1.8399198 1.4413616 2.1571621 2.3311576 2.1434061 2.1199047 1.6334423 1.9648965 2.2883651 2.7524739 2.4559947 2.3713513 2.8976141 2.9941451 2.7508522 2.2757026 2.5430896 2.9024565 2.1451649 2.4573867 2.8417932 
Dpul_mRNA8499                                          1.3126985 1.1578947 1.3190655 1.2543003 1.2442687 1.2969470 0.8936551 1.2266317 1.3300130 1.2261321 1.1772601 1.1908652 1.5845401 1.5845401 1.6007850 1.5777410 1.5310670 1.5286789 1.5635151 1.3222023 1.3441191 1.4774897 1.4967285 1.4797768 1.3867231 0.9866893 0.9794569 0.9901493 1.0399778 1.1878670 0.0000000 2.0300337 1.9622327 1.8288105 2.0049795 1.8426864 1.8642267 1.3126492 1.9952618 1.9040312 1.9969684 1.5828262 1.6531020 1.4191850 1.8103619 1.9782318 1.8017263 1.7906315 1.9747829 2.7785916 1.6429414 1.7576355 1.4047224 2.3466693 2.5088219 2.2590467 2.2837730 2.0832381 2.0157289 2.0988966 2.5490827 2.6563397 2.7041830 2.7356798 2.6718687 2.7392379 2.6110829 2.7902411 3.2151072 2.1667601 2.6363094 2.8880072 
Mlei_ML0151.g12.i1                                     1.7741541 1.7386394 1.7793054 1.9565537 1.8694436 1.8757020 1.2266657 1.4524407 1.7672916 1.9758064 1.5694589 1.7167325 1.7694783 1.7694783 1.9887336 1.8381795 1.8173397 1.8149577 1.8066243 1.9968921 1.7147317 1.7369484 1.7921757 1.7462716 1.8681203 2.0237327 1.8590083 1.6826581 1.7258246 1.8051242 2.0300337 0.0000000 0.2231664 0.4497018 0.4834757 0.5753473 0.5752300 0.7198222 0.7503274 0.7619670 0.6340720 2.0613210 2.0633488 2.0466739 2.0177819 2.1656957 2.0438491 2.1455929 2.5845674 2.8745775 1.4478636 2.1431225 1.5852989 2.7874970 2.5951277 2.3133451 2.5425858 2.3340781 2.1566458 2.4423488 3.2221653 2.7830607 3.0339957 3.4415647 3.5641105 2.9787069 2.8066076 2.6280932 3.1586159 2.2583905 2.8626118 2.9207573 
Bolinf_Binf_sb1245958                                  1.8724015 1.7792206 1.8257112 2.0400116 1.9373627 1.8964700 1.3317624 1.5730957 1.9889214 2.1123628 1.7054686 1.7579209 1.8470014 1.8470014 1.9687144 1.8178263 1.8374832 1.8350776 1.8369813 2.0014441 1.9082512 1.7466648 1.8126541 1.9017756 1.8328084 2.0546417 1.9224258 1.7413265 1.7292546 1.8021931 1.9622327 0.2231664 0.0000000 0.4940920 0.5363696 0.6207878 0.6612619 0.7101334 0.7362416 0.8276901 0.6735592 1.9783693 1.9743389 2.0009186 2.0432046 2.2112003 2.1473541 2.3068061 2.6449124 2.6898327 1.6959073 2.1909743 1.6510651 2.7710671 2.5650152 2.5607503 2.6907508 2.2994986 2.3166082 2.5307505 3.0745691 3.0388561 3.3600974 3.5465812 3.5263949 3.4450550 3.1323446 2.8407777 3.1524447 2.5697978 2.9979051 2.8446340 
Beraby_Baby_sb343887                                   1.9749791 1.9527021 1.8045411 1.9058460 1.8099627 1.8121862 1.2334469 1.4040358 1.8329569 1.9956381 1.4458373 1.5335431 1.6677379 1.6677379 1.9072988 1.7806416 1.8192929 1.8174832 1.7678094 1.8679222 1.7746183 1.8011030 1.8068774 1.8858406 1.8177629 2.0004244 2.0820432 1.7642553 1.6931099 1.8999558 1.8288105 0.4497018 0.4940920 0.0000000 0.5682505 0.6678180 0.6789458 0.8998867 0.7799489 0.7904869 0.7106562 2.0168125 2.2204018 2.1959564 2.0911167 2.2958199 2.2010106 2.3085252 2.5771080 2.8526829 1.4991714 2.1402724 1.4709082 2.6418333 2.9407292 2.7034690 2.8301208 2.1250598 2.0802873 2.2710239 3.1926422 3.1149748 3.0949880 3.4757572 3.2645283 3.1635645 2.9810549 2.6100246 3.3811634 2.4731519 3.0971432 2.9741507 
Drygla_Dgla_sb303532                                   2.2484226 1.9994332 1.9506049 1.9596592 1.7469160 1.8995744 1.3805218 1.5252222 1.8931590 1.9975932 1.5365595 1.7542139 2.0850385 2.0850385 2.1705418 2.1169397 2.1066418 2.1045604 2.1093340 2.0527120 1.7908955 1.8232707 1.8469930 1.8806886 1.9280094 2.3180041 2.1036984 1.7834820 1.8548916 1.9423754 2.0049795 0.4834757 0.5363696 0.5682505 0.0000000 0.6505340 0.6600717 0.7480900 0.8209713 0.9110206 0.7189838 2.0267980 2.0742783 2.1208788 2.3330467 2.5276479 2.3422202 2.4645266 2.9751695 3.0254913 2.1512939 2.4579876 1.7822505 3.1395363 2.8897515 2.5759048 2.6546785 2.0514816 2.5498669 2.9215434 3.1570235 3.2065496 3.1556407 3.5415259 3.7978322 3.3421237 3.0236744 3.0675050 3.6364353 2.5687196 3.1806363 3.1670882 
Pbac_sb2642074                                         1.8979762 1.7055408 1.8243025 1.8338328 2.0343988 2.0282950 1.2467646 1.5725453 1.9608646 2.1470663 1.7243854 1.7677550 1.7854190 1.7854190 1.7856747 1.7459945 1.7427840 1.7410753 1.6696060 1.8938590 1.7491721 1.7259017 1.7830712 1.9003185 2.0176723 1.9805054 1.8963709 1.6630048 1.6474917 1.8215315 1.8426864 0.5753473 0.6207878 0.6678180 0.6505340 0.0000000 0.0426481 0.8524535 0.8988819 0.8753674 0.7039996 2.0729699 2.0531790 1.9462109 2.2273208 2.1071201 2.1337173 2.1908211 2.2382725 2.6938753 1.5098566 2.2555407 1.7008987 2.5672181 2.5111677 2.2952234 2.3553791 1.9831831 2.3158427 2.5452862 3.0675860 2.7667760 3.0787715 3.0493169 3.4492385 2.9337700 2.9890946 2.6859024 3.0038916 2.4231023 2.8614689 3.0564142 
Horcal_Hcv1.av93.c12.g197.i1                           1.9588935 1.7467978 1.8420291 1.8636271 2.0285549 2.0555183 1.2691403 1.5615780 1.9171842 2.1627016 1.7711754 1.8236849 1.8692253 1.8692253 1.8330023 1.7855442 1.7702349 1.7685556 1.7401026 1.9891382 1.7813489 1.7947027 1.8430244 1.9037122 2.0295606 1.9516014 1.9039188 1.7348626 1.6889711 1.8381153 1.8642267 0.5752300 0.6612619 0.6789458 0.6600717 0.0426481 0.0000000 0.8625589 0.8920970 0.8720648 0.6968652 2.1003909 2.0351324 2.0509525 2.2977177 2.2333546 2.1669828 2.2604974 2.3144900 2.8281575 1.5402660 2.2890245 1.6876827 2.6975988 2.5849117 2.3251461 2.4219068 1.9941410 2.2950208 2.5948848 3.1594219 2.8765592 2.9863534 3.0577800 3.4235520 3.0209518 2.9902688 2.7063616 3.0461783 2.4721916 2.7914852 3.0327283 
Eupdun_Edun_sb10608758                                 1.3771367 1.2870062 1.4104167 1.3090978 1.2682880 1.2888589 1.2770559 1.1144948 1.2399700 1.3755203 1.4458117 1.6683256 1.4534616 1.4534616 1.4181483 1.3904420 1.4230536 1.4230536 1.3427803 1.4959637 1.2570477 1.6080524 1.7000874 1.4077996 1.3065477 1.2751552 1.2481930 1.2086592 1.2460810 1.1065595 1.3126492 0.7198222 0.7101334 0.8998867 0.7480900 0.8524535 0.8625589 0.0000000 0.8866854 0.8001694 0.6342630 1.3302001 1.3829406 1.1951639 1.8064993 1.7724574 1.9249427 1.7038981 1.9258749 2.1352696 0.8933028 1.4808120 0.9769421 2.6093279 2.3104543 2.2018696 2.3064991 1.4855181 2.1325198 2.4500917 2.4063168 2.3745765 2.1845607 3.2137086 3.3696790 3.2280549 2.3957819 2.8037982 2.9218734 2.3992465 2.6508340 3.1212768 
Vmul_sbMO455098                                        2.0926838 1.9049572 1.9328089 1.9112485 1.9203752 1.8615339 1.4175720 1.6257304 2.0685357 2.1421159 1.5941277 1.6775583 1.8736246 1.8736246 2.1796091 1.9542673 1.9027948 1.8981969 1.9883761 2.0683756 1.9297417 1.9582953 2.0182524 1.9953007 1.9445273 1.9920718 1.8572275 1.7775060 1.9344103 1.9430189 1.9952618 0.7503274 0.7362416 0.7799489 0.8209713 0.8988819 0.8920970 0.8866854 0.0000000 0.2730268 0.7132981 2.2180031 2.1388458 2.2083567 2.2104521 2.2742242 2.3616833 2.3915128 2.5576459 2.6456168 1.7678558 2.3291354 1.7411642 2.6982749 2.9895330 2.7365332 2.4687598 2.3885036 2.4706410 2.4718167 3.4158868 2.9506645 3.1357390 3.3110805 3.5586348 3.2259100 2.7220407 2.7993377 3.3702849 2.5550267 2.9339506 2.9536614 
Coemet_Cmet_scaffold2670_01                            2.0804082 1.9114572 1.8435431 1.8885202 2.0036925 1.9707888 1.2502187 1.7230686 1.9889807 2.1309090 1.7257242 1.7344820 1.9535521 1.9535521 2.1690604 1.9575027 1.8783737 1.8738384 1.9710530 1.9122594 1.7778295 1.8255690 1.8997324 1.8805090 1.8755578 2.0292930 1.7539761 1.8096130 1.8430653 1.8670397 1.9040312 0.7619670 0.8276901 0.7904869 0.9110206 0.8753674 0.8720648 0.8001694 0.2730268 0.0000000 0.7077708 2.1101881 2.2213581 2.2033320 2.1454644 2.2744379 2.3696395 2.3050388 2.5673352 2.8296875 1.7246007 2.4350385 1.7496170 2.8777464 2.8811177 2.5127011 2.5311302 2.3871673 2.4274554 2.3856056 3.6433831 3.0177388 3.2437127 3.4348296 3.6047441 3.3207287 2.6461196 2.9742237 3.1773483 2.7112728 3.0717309 3.2395402 
Lampan_Lpan_C409565_01                                 1.9151326 1.8873256 1.8412858 1.8672796 1.8781714 2.0216204 1.2824382 1.6662985 1.9236696 2.0372563 1.7996297 1.8416381 2.0158665 2.0158665 1.9989326 1.8886343 1.8179564 1.8155405 1.8112905 2.1277581 1.8277496 1.7785948 1.8411864 1.7896541 1.7878169 2.0119083 1.9866539 1.9144632 1.8809658 1.8152332 1.9969684 0.6340720 0.6735592 0.7106562 0.7189838 0.7039996 0.6968652 0.6342630 0.7132981 0.7077708 0.0000000 2.0024894 2.0052279 2.0792808 2.2287349 2.3219524 2.0112134 2.4002199 2.3030356 2.5173047 1.6117698 2.2679491 1.7388979 2.8784395 2.8359160 2.5273446 2.5940358 2.4940583 2.3079232 2.4769339 3.5811378 3.2505310 3.2496989 3.0365627 3.3455051 2.9366186 2.9803396 2.5965067 3.5392362 2.4851463 2.9052295 3.2112739 
Hvul_g32978_1                                          1.7065792 1.7417604 1.8714281 1.6432312 1.5816978 1.4799630 0.8479062 1.2542052 1.5513831 1.5694099 1.5420926 1.3599022 1.9384914 1.9384914 1.7628858 1.8031049 1.7180775 1.7180506 1.9158778 1.7813644 1.6832617 1.2024655 1.2350491 1.2970100 1.2545336 1.7305405 1.5773061 1.5284137 1.5840961 1.5240031 1.5828262 2.0613210 1.9783693 2.0168125 2.0267980 2.0729699 2.1003909 1.3302001 2.2180031 2.1101881 2.0024894 0.0000000 1.0289683 1.6035798 1.9538455 2.1443066 2.0716974 2.0384781 2.1314605 2.2644670 1.8556909 2.0366346 1.5397151 2.6153978 3.0413142 2.5225624 2.5360628 2.1453454 2.4522725 2.5670635 2.9539449 3.4856225 3.2574498 3.7419573 3.4965432 3.8261978 2.6679405 3.1060938 3.5335951 2.7977078 2.8631952 3.3475918 
Chem_TCONS_00000001                                    1.7294909 1.6403222 1.5925598 1.6075898 1.3781036 1.3329898 0.9243646 1.2729236 1.5829302 1.4825636 1.2666440 1.1402637 1.7139404 1.7139404 1.8310915 1.6004686 1.6789128 1.6647559 1.6281337 1.7402507 1.6846396 1.1441094 1.1242981 1.2709227 1.1396142 1.5536238 1.7177536 1.5119690 1.6633935 1.4879189 1.6531020 2.0633488 1.9743389 2.2204018 2.0742783 2.0531790 2.0351324 1.3829406 2.1388458 2.2213581 2.0052279 1.0289683 0.0000000 1.7483447 1.8374420 2.0071334 2.0990008 1.8965921 2.2390977 2.6787532 1.4975637 2.1357644 1.6838898 2.3453565 2.3502396 2.3613759 2.3708936 1.9430712 2.2234099 2.1379495 2.9780860 2.8674685 2.9390970 2.7077168 2.7972015 2.9435527 2.3523341 2.8474305 3.0622750 2.3772920 2.3750670 3.2511106 
Clacor_Ccor_scaffold2978_01                            1.3249573 1.6367380 1.3757589 1.4303484 1.4073814 1.4313963 0.9057797 1.0759398 1.4672518 1.3390521 0.7404218 0.9555634 1.6340831 1.6340831 1.5434228 1.5111533 1.5995601 1.5995601 1.5816049 1.6300395 1.5637001 1.4664575 1.4456863 1.3934016 1.6088743 1.2442875 1.3647941 1.5853297 1.4475017 1.4415399 1.4191850 2.0466739 2.0009186 2.1959564 2.1208788 1.9462109 2.0509525 1.1951639 2.2083567 2.2033320 2.0792808 1.6035798 1.7483447 0.0000000 1.1602984 1.3227491 1.2422404 1.3835206 1.8682274 2.4764569 0.3909836 1.6196042 0.9598344 2.1563423 2.2174663 2.2120207 2.3399831 1.4227655 1.9793202 2.1217181 2.4919380 2.1430101 2.1358643 2.5886989 3.0073336 2.4852664 1.9398886 2.4626366 3.2775623 2.2720450 2.3720568 3.2711465 
Scil_scict009578.1                                     1.8314662 1.7646610 1.7529539 1.7076879 1.7984692 1.7668181 0.8128929 1.4058223 1.6836751 1.6886735 1.5496316 1.4643619 1.8525037 1.8525037 1.9618796 1.8134167 1.7856046 1.7891792 1.8166442 1.8834612 1.7391940 1.7183631 1.6948122 1.6977386 1.6879439 1.7536446 1.7742390 1.8699085 1.7553478 1.6866019 1.8103619 2.0177819 2.0432046 2.0911167 2.3330467 2.2273208 2.2977177 1.8064993 2.2104521 2.1454644 2.2287349 1.9538455 1.8374420 1.1602984 0.0000000 0.7432391 0.7164296 0.7523223 1.8459573 2.0527469 1.3209539 1.8198379 1.8027045 2.2917176 2.0930964 2.0964091 2.2549279 1.9123329 2.0431375 2.1179779 2.6051010 2.4882450 2.5520472 2.7927803 2.9424128 2.7563336 2.1498409 2.3206386 3.0684410 2.2451889 2.3364949 2.7594416 
Gracom_Gcom_scaffold15312_01                           1.7940707 1.7814883 1.7779093 1.7146691 1.8960446 1.8588798 0.8909031 1.4988186 1.8017172 1.9584754 1.4490476 1.4139665 1.8144715 1.8144715 1.9537581 1.7862030 1.8431526 1.8468150 1.8361147 1.9269127 1.9777624 1.9544988 1.9079193 1.8224666 1.9319368 1.9176762 1.9443694 1.8868003 1.8012900 1.6431679 1.9782318 2.1656957 2.2112003 2.2958199 2.5276479 2.1071201 2.2333546 1.7724574 2.2742242 2.2744379 2.3219524 2.1443066 2.0071334 1.3227491 0.7432391 0.0000000 0.8184818 0.8190399 2.1019397 2.3044578 1.4330035 2.0410118 1.6684424 2.4279285 2.2595520 2.2076139 2.2961498 1.9785040 2.0183013 2.4027454 2.9861812 2.4945943 2.5085248 2.9607160 3.0127310 2.6014911 2.2548303 2.1739523 2.7728032 2.3344290 2.3479426 2.6984820 
Leuniv_Lniv_C804156_01                                 1.8652400 1.8354858 1.8096377 1.7823003 1.9257676 1.9075419 1.0340286 1.5250516 1.7051233 1.9010135 1.5945068 1.6488131 1.9154928 1.9154928 1.9810193 1.7907243 1.9106438 1.9243971 1.8615038 1.7480740 1.7992594 1.8096047 1.7581350 1.7494439 1.8794031 1.7219049 1.8401165 1.9160149 1.9533748 1.7782800 1.8017263 2.0438491 2.1473541 2.2010106 2.3422202 2.1337173 2.1669828 1.9249427 2.3616833 2.3696395 2.0112134 2.0716974 2.0990008 1.2422404 0.7164296 0.8184818 0.0000000 0.9138617 1.9077364 2.0959770 1.2546726 2.0121807 1.6848818 2.3353317 2.3363755 2.2195092 2.3246925 1.9073606 1.9603904 2.2022128 2.9515604 2.3573527 2.6138658 2.7925876 2.7204106 2.8252257 2.0790024 2.2316977 2.9849957 2.6297125 2.5279095 2.8335485 
Lcom_lcpid76949                                        1.8260216 1.8683032 1.8485248 1.9505741 1.9090882 1.7792089 0.8436516 1.4796655 1.7166754 1.8035097 1.4794956 1.4110079 1.6466464 1.6466464 1.9511665 1.7673932 1.7808086 1.7842674 1.7848418 1.8847083 1.8320555 1.8357093 1.7993809 1.8752672 1.9627401 1.7546409 1.8148361 1.9728377 1.7880599 1.7533235 1.7906315 2.1455929 2.3068061 2.3085252 2.4645266 2.1908211 2.2604974 1.7038981 2.3915128 2.3050388 2.4002199 2.0384781 1.8965921 1.3835206 0.7523223 0.8190399 0.9138617 0.0000000 2.0239204 2.1713223 1.2435264 1.9277881 1.6510882 2.4818595 2.2813636 2.2322169 2.1918087 1.8835127 2.1267570 2.1982009 2.5209784 2.5859109 2.8584155 2.7994008 2.9665795 2.8844030 2.2793554 2.4855184 3.0992801 2.2472884 2.5954191 2.7111124 
Aque_Aqu2.1.20821_001                                  2.1692001 1.9624146 2.0187552 2.1114161 1.7936895 1.8005361 1.0053662 1.6652750 1.5973598 1.6139482 1.3991121 1.2863197 1.9911525 1.9911525 2.2724025 2.0288821 2.0789032 2.0769540 1.9672873 1.8804790 1.7474930 1.7509671 1.8454985 1.8267368 2.1192469 1.8456047 1.8505925 1.9202797 1.8354294 1.9397817 1.9747829 2.5845674 2.6449124 2.5771080 2.9751695 2.2382725 2.3144900 1.9258749 2.5576459 2.5673352 2.3030356 2.1314605 2.2390977 1.8682274 1.8459573 2.1019397 1.9077364 2.0239204 0.0000000 0.9150436 0.9885152 1.5561771 1.2307275 2.4746316 2.4350730 2.4863896 2.4936005 1.5765389 1.8263982 2.6493376 2.7912383 2.7054014 2.9192998 2.7416541 2.9174177 2.8288859 2.3560276 2.9457957 3.0642170 2.7159437 2.5260097 3.1920646 
Xestes_maker-XT_scaffold106-augustus-gene-0.37-mRNA-1  2.1844794 2.5142458 2.2954759 2.3581833 1.9728549 1.8453551 1.5963684 1.8432765 1.9424902 2.5065236 1.7193125 1.5046577 2.2166589 2.2166589 2.1913902 2.1383164 2.2564195 2.2564195 2.0278146 2.3430530 2.2605620 2.0313952 2.1234339 1.8125221 2.3762522 2.3551502 2.0375431 2.2359974 2.0071471 2.2771363 2.7785916 2.8745775 2.6898327 2.8526829 3.0254913 2.6938753 2.8281575 2.1352696 2.6456168 2.8296875 2.5173047 2.2644670 2.6787532 2.4764569 2.0527469 2.3044578 2.0959770 2.1713223 0.9150436 0.0000000 0.5463251 1.4830436 0.8168806 3.1118543 2.9403603 3.4533256 3.3815559 1.8359055 1.9113265 2.9981717 2.7649211 2.9892383 3.3512160 3.7099771 3.7915214 3.8181922 2.2644364 3.4144493 3.0390648 3.1296924 3.2635303 2.9423423 
Tetwil_g15373.t1                                       1.5988629 1.4736776 1.3185728 1.6268921 1.4710358 1.7091766 0.5962786 1.3472999 1.4474820 1.5252180 1.6170995 1.5934509 1.4539095 1.4539095 1.6920995 1.5985020 1.4711093 1.4545834 1.6083937 1.4708347 1.3384147 1.3744639 1.3655103 1.5065428 1.7670133 1.5321204 1.6366854 1.2791328 1.3810772 1.5651525 1.6429414 1.4478636 1.6959073 1.4991714 2.1512939 1.5098566 1.5402660 0.8933028 1.7678558 1.7246007 1.6117698 1.8556909 1.4975637 0.3909836 1.3209539 1.4330035 1.2546726 1.2435264 0.9885152 0.5463251 0.0000000 1.2623829 1.0898463 1.5241198 1.6471634 1.5163963 1.5462067 1.2571632 1.1763208 1.6423546 2.1597427 2.0099080 2.0819611 2.1547562 1.9877886 2.1940145 1.9185231 1.6381568 1.9552755 1.9995754 2.0965337 2.0260982 
