71
Hsap_ENST00000559471                                    0.0000000 3.0419775 1.1004605 2.9905260 2.4700894 3.3196920 3.4783188 3.2697324 1.7691310 1.1182003 3.5576634 3.2453030 3.3154530 1.0258352 3.1482535 3.1440899 1.9198161 2.1026666 2.4529567 1.9974875 3.1346229 2.9016245 1.6380928 3.0512489 3.6031504 2.2827222 1.6258850 2.2951593 2.0026469 1.9633813 2.9996240 1.8199531 2.0900976 1.8560792 1.7922610 2.7681306 3.4904906 3.5461628 4.2793159 4.0348863 2.6572438 2.8405025 3.5903474 4.3230496 4.3088676 3.8280471 2.5205499 4.0105067 3.5684902 3.0593123 3.3319363 5.4211599 3.5231048 4.6824620 4.7907114 4.6249614 3.4863262 3.9483452 3.4641776 3.7147864 4.3704153 3.4734027 3.4348104 4.2421347 4.1125251 3.6134119 5.7646126 5.4376120 3.7193732 5.2445671 6.4122994 
Exapal_XM_021046017.2                                   3.0419775 0.0000000 0.5501134 2.1984865 1.2839547 1.9352157 2.0695487 2.2892774 2.9747375 0.9659538 2.8332525 2.7823083 2.8906945 1.0689534 2.6269273 2.5642612 1.7883418 1.9882574 2.6446978 2.9604142 2.9132535 2.9280263 1.4885861 2.9922924 2.6433282 3.2292191 1.7134487 3.1516431 3.4680954 1.6480634 2.5985557 1.6455715 1.8074209 2.5572104 1.9729789 2.6725531 3.1392275 3.0857946 4.1085537 4.0527304 2.4429100 2.4827191 2.8625685 3.6451301 3.9737187 3.4690279 2.4677735 4.0671173 3.1978922 2.6692970 3.1377155 7.2791870 3.1939102 5.0038961 4.1911234 5.2493095 3.0562402 4.3429486 3.5478148 3.7025207 4.4938744 2.8688357 2.8794628 3.8718489 3.9124024 3.0163483 7.1909015 5.7649116 3.1657952 7.0795325 5.9319963 
Nvec_v1g131367                                          1.1004605 0.5501134 0.0000000 0.8999805 0.8775943 0.9700779 1.0306477 0.8730962 1.4819193 1.3257269 1.7660168 1.8158806 1.8158806 1.5699279 1.5736450 1.6504633 1.5793496 1.6711246 1.6711246 1.1851788 2.6389928 2.8860044 8.9999989 2.0265952 2.0205606 1.4437788 1.4789461 1.2848206 1.3093058 1.2311004 1.5833367 1.3292132 1.9203006 1.3377926 1.6244007 2.2546882 2.7083672 2.0380733 1.9495037 2.1107040 1.9876841 6.5860914 2.1727321 2.1371299 2.1869579 1.5347867 2.4661701 1.7925023 1.6410879 2.2396654 1.9569360 9.0000000 1.3758788 3.4255172 2.9530047 2.9504351 3.0729966 3.4914368 3.5649020 2.5244721 3.2063682 3.0534578 3.0534578 2.1767265 2.1767265 2.9964398 0.0000010 8.9999983 2.1104260 4.6072657 8.9999985 
Gfas_gfas1.m1.10007.m1                                  2.9905260 2.1984865 0.8999805 0.0000000 0.6299299 1.0397339 1.0789777 0.8203022 2.1773973 0.9101622 2.6249752 2.5155561 2.5545105 0.9421243 2.4982795 2.6467141 1.6919169 1.8756543 2.1659476 2.5923724 2.4905929 2.3307890 0.9605791 2.4844853 2.7230535 2.7366915 1.5459858 2.8565072 2.6930483 1.7976328 2.1862448 1.2889479 1.9147114 2.4651538 1.7979616 2.5967848 2.5983268 2.5563627 3.5078257 3.3955174 2.3239525 2.6504886 3.0332857 3.3806321 3.5106468 3.0942079 2.2543548 3.4524952 2.6448910 3.0442173 2.5425171 2.7633134 1.5932676 4.5184677 3.5251959 5.0183202 2.8916401 4.0519673 2.9860146 3.2189904 4.0993674 2.7868893 2.7907732 4.0270504 3.6743426 2.9243587 5.5375389 4.8033013 2.7925764 5.3529582 4.6052446 
Fspp_ffun1.m4.5170.m1                                   2.4700894 1.2839547 0.8775943 0.6299299 0.0000000 0.5275409 0.5733008 0.3072448 1.9161319 1.1349053 2.0268153 2.1703222 2.1947466 1.2272206 1.9242325 2.0550773 2.0593830 1.9163673 1.8603638 1.7755208 2.8525948 3.3356445 1.7391760 1.9751317 2.4178412 2.1330495 1.6950131 2.0074849 2.0846851 1.8713308 1.8778699 1.6038845 2.0310405 2.1642743 2.3849713 2.4084057 2.7495995 2.6770523 2.2816034 2.5544216 2.5061621 3.2055372 2.8072597 2.3938750 2.2403881 2.5251200 2.1915863 2.2808978 2.0646403 2.8305694 2.0864843 2.2717559 1.1958898 2.7789119 2.9495813 3.6822930 2.8777222 3.8566900 3.1381101 3.8266564 3.1164000 3.3258561 3.2248470 2.7625873 2.5703116 3.2218668 1.7558313 5.2642098 2.9651402 3.3423384 3.5823609 
Spis_XP_022800172_1                                     3.3196920 1.9352157 0.9700779 1.0397339 0.5275409 0.0000000 0.1891387 0.6917508 2.3059411 1.0254609 2.9424615 2.6445648 2.7539743 0.9729329 2.6366796 2.6722376 1.8784880 1.8051188 2.2020832 2.7331335 2.5214129 2.4940460 1.1335204 2.7474009 2.6313278 3.0466383 1.5416010 3.0373916 2.9330444 1.8539855 2.4365511 1.2799232 1.7906044 2.4505144 1.9080368 2.5535044 2.8360768 2.8702819 3.3809678 3.1892559 2.3219871 2.5377165 3.0144882 3.5060046 3.1923146 3.1044622 2.2734974 3.2824255 2.9141328 2.8534485 2.4780694 3.4507007 1.9394084 4.9957740 3.5890209 4.5422902 2.7136429 3.7043249 3.0472041 3.3879718 4.3778896 3.0153964 3.0691682 4.0005992 3.7406791 3.2393299 5.4911821 4.7716095 3.0542909 5.4830664 4.2159959 
Pocdam_XM_027184195.1                                   3.4783188 2.0695487 1.0306477 1.0789777 0.5733008 0.1891387 0.0000000 0.7555506 2.2906874 1.0252175 3.0725410 2.6517473 2.7477315 0.9640955 2.6655029 2.7224104 1.8999497 2.0337349 2.4158644 2.6019970 2.5809589 2.5704535 1.1506192 2.8416039 2.7658575 2.9474294 1.5781397 3.1688136 3.1413802 1.9009894 2.4118251 1.3088845 1.9912310 2.5998072 1.8673338 2.7640645 2.7847621 2.8100110 3.3975468 3.3610935 2.3720044 2.5350748 3.1144173 3.5235373 3.2092232 3.2294725 2.3362531 3.4257538 2.8800033 2.9896358 2.3709876 3.6326858 2.0959624 4.9013425 3.6120937 4.6248360 2.9439204 3.9253197 3.1986182 3.6754416 4.3295402 2.9956367 3.0918986 3.9430412 3.7381961 3.3748706 5.3371543 4.9890940 3.1895561 5.7760946 4.4587355 
Gasp_gasp1.m3.27266.m1                                  3.2697324 2.2892774 0.8730962 0.8203022 0.3072448 0.6917508 0.7555506 0.0000000 2.2701057 0.9122165 3.0837899 2.7702911 2.8010388 0.9323288 2.6346398 2.7382458 1.3877956 1.6407378 2.0414655 2.5793700 2.2333812 2.3647859 1.1805998 2.3688401 2.5266586 2.7299413 1.3224440 2.8018548 2.8536140 1.9562290 2.1911321 1.2810748 1.8091639 2.3782439 1.8902291 2.6195061 2.7870884 2.6720121 3.6178282 3.4705873 2.1547465 2.5155856 3.0484096 3.4961353 3.3307069 3.0847919 1.8714712 3.6543652 2.7715048 3.1251910 2.4696783 3.7648968 2.0586532 4.6121239 3.7031213 4.6561491 2.6976676 4.0652733 2.7649343 2.7668260 4.6747512 2.7005709 2.6837560 4.2553397 3.9199954 2.9390130 5.7609407 4.9334472 2.7761074 6.0096369 4.3904002 
Bralan_BLAG19000107_1                                   1.7691310 2.9747375 1.4819193 2.1773973 1.9161319 2.3059411 2.2906874 2.2701057 0.0000000 0.8743364 2.8894018 2.5877283 2.6207825 0.9254175 2.4022814 2.4913280 1.7724732 1.7542243 1.9681030 1.6180190 2.4737753 2.4612815 1.0953485 2.3267833 2.8935951 1.7365273 1.4061352 1.6016528 1.3804568 1.4361445 2.3555699 1.3320852 1.7120911 1.4578809 1.8009037 2.4613213 2.4391390 2.5972496 3.5140800 3.0499819 2.4439972 2.6289405 3.2999618 3.5841725 3.5193089 3.1590984 2.2751672 3.2161815 2.9923803 3.0738558 2.3705185 4.5283002 3.0112129 4.3782092 3.6307436 4.1135756 3.2747318 3.8964095 3.1638245 3.1497805 3.8443946 2.7757352 2.7400516 3.9534611 3.5404929 2.9205684 5.7073357 4.5189644 2.7591368 4.5896137 4.0927647 
Tadh_TriadT24181                                        1.1182003 0.9659538 1.3257269 0.9101622 1.1349053 1.0254609 1.0252175 0.9122165 0.8743364 0.0000000 0.0367835 0.1583207 0.1583207 0.1828117 0.1580014 0.1697828 0.8458086 0.8979963 0.8979963 0.9051764 1.1363808 1.2978850 1.2147721 1.2378583 1.3963613 0.9101813 1.1014202 0.9912194 1.0741800 1.0471441 1.2972089 1.2634453 1.2393196 0.9986302 1.5270578 1.8359150 1.5716640 1.5765686 2.0056751 1.6205503 1.5058683 1.6637803 1.2439497 1.2391169 1.3100993 1.3085361 2.0491648 1.4274095 1.2844883 1.5376100 0.7819780 3.9568363 1.1576502 2.0717418 1.9221375 2.4502848 2.3598449 2.8112567 2.0825107 2.2351291 2.1552621 1.9280598 1.9280598 1.9479400 2.2595541 1.9875833 0.0000010 3.0546540 1.4414793 2.8790237 7.6945776 
TrH2_TrispH2_009990-RA                                  3.5576634 2.8332525 1.7660168 2.6249752 2.0268153 2.9424615 3.0725410 3.0837899 2.8894018 0.0367835 0.0000000 0.8073754 0.8524414 0.2203871 0.8168057 0.7974103 1.5509793 2.1416610 2.5853675 2.7262982 2.3639147 2.0454671 1.4269158 2.8788189 2.9650735 2.6861456 1.4958986 3.5343356 3.3446772 2.1045665 2.7608694 1.7381015 2.1038088 2.5936726 1.8377787 3.3969194 2.7473769 2.6156030 4.3601675 3.9153534 2.6402025 3.6541594 3.0927207 3.8790926 3.5948451 3.6538708 2.0685974 3.9188929 3.6482331 3.8368842 3.3036446 5.9341825 3.7460698 5.0640347 4.0347476 5.3564953 3.8147713 4.5109330 3.3607169 3.4906162 4.5205085 2.5487970 2.5196365 4.9923230 4.3240627 3.2531197 6.9451426 5.0712806 2.7411793 6.5277211 6.5187831 
Hhon_g07219.t1                                          3.2453030 2.7823083 1.8158806 2.5155561 2.1703222 2.6445648 2.6517473 2.7702911 2.5877283 0.1583207 0.8073754 0.0000000 0.0292814 0.1369033 0.3828912 0.3634729 1.5930814 2.0448068 2.4495011 2.3879816 2.5088531 2.0939397 1.4084640 2.8922419 2.7461735 2.5292474 1.4454137 3.3301122 3.0407670 2.1028157 2.8354120 1.6461324 1.9570559 2.5135408 1.7542645 3.2848123 2.4662306 2.6392396 3.9705162 3.7768666 2.5397359 3.1483293 3.2282987 3.5778491 3.4953247 3.6201588 2.0314733 3.7915876 3.6530509 3.7891872 3.1837334 6.0665647 3.7911472 5.1718741 4.0028832 5.0091903 4.0729457 4.6782274 3.3889189 3.6374933 4.2521070 2.3297805 2.3582980 4.1467615 3.6414311 3.1091932 6.6255248 5.3395191 2.6979483 6.7254865 6.3251964 
HoiH04_mRNA5701                                         3.3154530 2.8906945 1.8158806 2.5545105 2.1947466 2.7539743 2.7477315 2.8010388 2.6207825 0.1583207 0.8524414 0.0292814 0.0000000 0.1369033 0.3950398 0.3945535 1.6160765 2.0529849 2.5152155 2.3753371 2.5134255 2.0888907 1.3888993 2.8962933 2.8045362 2.6523331 1.4345482 3.4665365 3.1160164 2.1332160 2.8416050 1.6378392 1.9828089 2.5578370 1.7542645 3.2959157 2.5029065 2.6530793 4.1074724 3.8425314 2.5670415 3.1870120 3.2864354 3.5247987 3.5308772 3.6663394 2.0314733 3.9425641 3.5731579 3.8465924 3.3459287 6.4910965 3.9335249 5.2662427 4.0651743 5.0253870 4.2338206 4.8430990 3.4422580 3.6959325 4.4329891 2.3578575 2.3857749 4.3487783 3.7827082 3.0860333 6.4983510 5.4342160 2.7377226 6.7947244 6.4189927 
HoiH11_mRNA2497                                         1.0258352 1.0689534 1.5699279 0.9421243 1.2272206 0.9729329 0.9640955 0.9323288 0.9254175 0.1828117 0.2203871 0.1369033 0.1369033 0.0000000 0.1601405 0.1721535 0.8374261 0.9159666 0.9159666 0.9833704 1.1264031 1.2088625 1.1208055 1.2137068 1.4237469 0.9452515 1.1431047 1.0314705 1.1081862 1.0755065 1.3764408 1.2752160 1.2947643 1.0527222 1.4335921 1.8877703 1.4904587 1.4569010 2.0841531 1.5439376 1.5773442 1.6340855 1.1831132 1.2193448 1.1873291 1.1149788 1.9117761 1.5086515 1.2326882 1.5181111 0.7229179 3.9568363 1.2006000 2.1611419 1.8248157 2.6324816 2.2786838 2.8989451 2.1666029 2.2685187 2.1039731 1.7700541 1.7700541 1.7131223 2.0745275 1.9723182 0.0000010 3.5711940 1.5259202 2.7626809 7.7666886 
HoiH06_mRNA10383                                        3.1482535 2.6269273 1.5736450 2.4982795 1.9242325 2.6366796 2.6655029 2.6346398 2.4022814 0.1580014 0.8168057 0.3828912 0.3950398 0.1601405 0.0000000 0.1750011 1.5629915 1.9327229 2.3767846 2.3870363 2.5350593 2.0328712 1.3608040 2.7355484 2.7615884 2.5505888 1.5374475 3.0034590 2.9447401 2.1069741 2.6790749 1.6478712 1.9001954 2.4996107 1.7365554 3.3171124 2.5344173 2.5211597 4.1422180 3.5123519 2.6944374 3.2821115 3.1041224 3.6034629 3.4990561 3.6579735 2.0661193 3.8226796 3.8095101 3.5571486 3.1148709 6.3174036 3.8611291 5.0213704 4.1226111 5.1489866 4.1183774 4.7525166 3.6974264 3.5099134 4.6116118 2.3847906 2.4499391 4.2125579 3.6949114 3.0149657 6.4944825 4.9524972 2.6541547 6.3778918 6.1339256 
HoiH23_PlH23_004422-RA                                  3.1440899 2.5642612 1.6504633 2.6467141 2.0550773 2.6722376 2.7224104 2.7382458 2.4913280 0.1697828 0.7974103 0.3634729 0.3945535 0.1721535 0.1750011 0.0000000 1.6093704 2.0571096 2.4493367 2.3136141 2.4835982 2.1340133 1.3899909 2.7280635 2.7178954 2.4923656 1.4965394 2.9871938 2.8661301 2.1606022 2.6628835 1.6667450 1.9784571 2.4123924 1.7650122 2.9533282 2.5397824 2.5033922 3.8624130 3.4299752 2.5859318 3.1576861 3.0332079 3.5007501 3.4942278 3.6571668 2.2034430 3.7510503 3.6741341 3.3676728 3.2759724 5.9769681 3.8448729 4.8479036 3.9647774 4.9835915 3.9163840 4.4729329 3.4110040 3.4250336 4.3706983 2.4413171 2.4606487 4.0421139 3.5323975 2.9825277 5.9070937 4.9529347 2.8240196 6.5967737 5.7488530 
Plajan_Pjan_scaffold19275_01                            1.9198161 1.7883418 1.5793496 1.6919169 2.0593830 1.8784880 1.8999497 1.3877956 1.7724732 0.8458086 1.5509793 1.5930814 1.6160765 0.8374261 1.5629915 1.6093704 0.0000000 0.8811377 0.9075840 1.6388664 2.1083769 2.5299525 1.2653385 2.0859386 1.9569671 1.7292561 1.4586957 1.6712831 1.7126032 1.3620091 1.5971064 1.0427123 1.7046046 1.6130791 1.5121128 1.7577469 2.5407411 2.5211548 2.2086500 2.1205837 2.2474449 2.4069840 2.5728085 2.2821198 1.7233970 2.0085853 2.7189417 2.0523175 1.9510039 2.8064624 1.6382549 2.5854495 1.9636863 2.7208147 2.4448784 3.6313763 2.8587104 3.6996927 2.7351010 3.0794189 3.4934477 3.2631333 3.2951125 3.2675313 2.9540569 3.4090410 3.3241516 3.4140454 3.0601480 2.8672520 3.9202150 
Ocar_g630                                               2.1026666 1.9882574 1.6711246 1.8756543 1.9163673 1.8051188 2.0337349 1.6407378 1.7542243 0.8979963 2.1416610 2.0448068 2.0529849 0.9159666 1.9327229 2.0571096 0.8811377 0.0000000 0.0000010 2.0523025 2.2522948 2.4743124 1.1343952 2.3653514 2.4631157 1.9945313 1.6244186 1.8946767 2.1639143 1.6067374 1.9673998 0.9188208 1.7164866 1.9941276 1.5890462 1.9147227 3.2088311 2.9047401 2.7085172 2.6245422 2.3694785 2.5081996 2.6090242 2.4126258 2.2047589 2.7223837 2.9074192 2.4677719 2.0757970 2.8898636 2.1493024 3.2803504 2.3855382 3.2542553 2.8375263 4.1386078 2.8639703 3.2562572 3.1787465 3.3234788 4.5053907 3.6647352 3.7421364 3.6399537 3.4714600 3.6771425 3.8762891 4.4407623 2.9369310 3.1945297 4.0027808 
Opea_EP00118_Oscarella_pearsei_P005786                  2.4529567 2.6446978 1.6711246 2.1659476 1.8603638 2.2020832 2.4158644 2.0414655 1.9681030 0.8979963 2.5853675 2.4495011 2.5152155 0.9159666 2.3767846 2.4493367 0.9075840 0.0000010 0.0000000 2.3981812 2.4100605 2.4743124 1.1212392 2.5549020 2.6885367 2.3676385 1.6337083 2.3005771 2.5169571 1.6659044 2.1742674 0.9017354 1.7080539 2.2604682 1.5486159 1.9106405 3.2914792 2.9695700 3.0947175 2.8498869 2.3603391 2.5569312 2.7383694 2.8233414 2.7541993 3.0077904 2.8778214 2.9728673 2.5371594 3.2528896 2.5201309 4.0082405 2.8105674 3.6320006 3.0639736 4.4963983 2.9189417 3.3885669 3.1481852 3.2623092 5.2314507 3.5477570 3.6232953 4.4493950 3.9505598 3.5798151 5.6979898 4.7123395 3.1573645 4.0321942 4.4155368 
Cgig_XM_034463904.1                                     1.9974875 2.9604142 1.1851788 2.5923724 1.7755208 2.7331335 2.6019970 2.5793700 1.6180190 0.9051764 2.7262982 2.3879816 2.3753371 0.9833704 2.3870363 2.3136141 1.6388664 2.0523025 2.3981812 0.0000000 2.5556975 2.7601754 1.1246373 2.8907347 2.9683786 1.4141221 1.2247137 1.9984442 1.9168116 1.5378058 2.4188325 1.4251291 1.7639789 1.1485970 1.7226764 2.4682628 2.7089343 2.4302061 3.7778794 3.2777159 2.5093389 2.5068369 3.1257368 3.4821893 3.3068458 3.2476531 2.3284182 4.0831203 3.5596670 2.9359123 2.7339127 4.6485431 2.9322435 4.4975660 3.7695169 4.4697076 3.5405761 4.4802283 3.2867556 3.6534336 4.2016793 2.7958696 2.8852887 4.4785400 3.8563355 3.0494398 6.0938883 4.9091713 3.2316314 5.5729749 5.7504068 
Emue_Em0010g918a.t1                                     3.1346229 2.9132535 2.6389928 2.4905929 2.8525948 2.5214129 2.5809589 2.2333812 2.4737753 1.1363808 2.3639147 2.5088531 2.5134255 1.1264031 2.5350593 2.4835982 2.1083769 2.2522948 2.4100605 2.5556975 0.0000000 0.3602393 0.6197000 1.3047565 1.7762415 2.7273515 1.9518416 2.7036638 2.8586053 2.4562947 2.4116172 1.9461266 2.2633497 2.5130544 2.2884027 3.2275172 1.9265024 1.8859982 3.5742983 3.1250701 2.9428421 3.1349133 3.6211897 3.3580354 2.8968983 3.1812608 2.4213204 3.4603432 2.6511527 3.0680204 1.8817661 4.6243183 3.5162215 4.1002989 3.2946549 4.5332544 4.1354531 3.6239133 3.2465616 3.9521524 3.6108917 2.6366872 2.6479737 3.7545044 3.1622232 3.3041019 6.1069199 4.9053768 3.3100426 4.9658434 4.7144886 
Spolac_c91176_g1_i1_m.6705c81109-g1                     2.9016245 2.9280263 2.8860044 2.3307890 3.3356445 2.4940460 2.5704535 2.3647859 2.4612815 1.2978850 2.0454671 2.0939397 2.0888907 1.2088625 2.0328712 2.1340133 2.5299525 2.4743124 2.4743124 2.7601754 0.3602393 0.0000000 0.7740237 1.1668887 1.5472799 3.0907930 2.4524135 2.6280766 2.7539413 2.3095903 2.3280411 2.4782613 2.0048120 2.3745972 2.5321634 2.9919741 1.7713057 1.7112525 2.8550892 3.0152176 3.0606266 2.8079975 2.6465905 2.5315884 2.3631538 2.7609301 2.3317040 2.8240233 2.2779010 2.0206536 1.8091406 8.8846654 2.9837277 2.5590417 2.9223469 3.8418256 3.7853904 3.2452293 3.5943720 4.0580577 2.9570447 2.9973198 2.9973198 2.0672929 2.5641654 2.8497817 0.0000010 4.7261418 2.6803733 3.8387679 7.0499631 
Stycar_maker-SC_scaffold2125-augustus-gene-0.130-mRNA-1 1.6380928 1.4885861 8.9999989 0.9605791 1.7391760 1.1335204 1.1506192 1.1805998 1.0953485 1.2147721 1.4269158 1.4084640 1.3888993 1.1208055 1.3608040 1.3899909 1.2653385 1.1343952 1.1212392 1.1246373 0.6197000 0.7740237 0.0000000 0.6357150 0.9180498 1.1558070 1.3827201 1.1830532 1.2531059 1.4127810 1.3494334 1.6297844 1.8259681 1.5935966 1.6412693 2.6479563 1.0510492 1.1367195 2.0026265 1.7945432 1.6614935 1.6356303 2.3978571 1.8582342 1.8037528 1.6952064 2.2917543 2.0304964 1.4717975 2.2468564 1.1730966 2.2161003 1.3067935 2.8775527 1.6237679 3.0441539 2.5073706 3.2148139 1.8073373 1.9642381 1.6109466 1.6460006 1.6460006 1.0312428 1.3977747 1.6584994 1.2237712 2.0256135 1.6453426 2.2624043 2.2050045 
Tetwil_g5459.t1                                         3.0512489 2.9922924 2.0265952 2.4844853 1.9751317 2.7474009 2.8416039 2.3688401 2.3267833 1.2378583 2.8788189 2.8922419 2.8962933 1.2137068 2.7355484 2.7280635 2.0859386 2.3653514 2.5549020 2.8907347 1.3047565 1.1668887 0.6357150 0.0000000 2.1136567 2.8673989 1.7846465 3.0361352 3.0612784 2.0331594 2.4947236 1.6536481 2.0514060 2.4774262 2.1734839 2.8891033 2.0435912 2.0351708 3.4901552 3.1699102 2.5496427 3.5647721 3.2727843 3.7425695 3.4440316 3.3014562 2.2950267 3.5110591 3.2933125 3.3916716 2.4759641 5.0183025 3.3380719 4.6157444 3.3287300 4.9445017 3.6945340 3.6244246 3.2400579 3.4515528 4.0974664 2.7136748 2.7387914 3.8559277 3.4114640 2.9780866 6.6800114 5.6162142 3.6919565 5.3724653 6.4781592 
Xestes_maker-XT_scaffold1509-snap-gene-0.37-mRNA-1      3.6031504 2.6433282 2.0205606 2.7230535 2.4178412 2.6313278 2.7658575 2.5266586 2.8935951 1.3963613 2.9650735 2.7461735 2.8045362 1.4237469 2.7615884 2.7178954 1.9569671 2.4631157 2.6885367 2.9683786 1.7762415 1.5472799 0.9180498 2.1136567 0.0000000 2.7676172 1.7732618 3.3555013 3.0053948 2.4188507 2.3404307 1.4538043 2.0543207 2.7966648 1.8526365 2.8744692 1.4938138 1.2983638 3.7258220 3.0688947 2.7176434 3.7281590 3.7285546 3.7889962 3.5544294 3.0504201 1.8775079 3.5723482 3.5815578 3.7224628 2.3970745 6.4184421 3.6661675 4.7214940 3.8103825 4.6334659 3.4720850 4.0142471 2.6501912 3.2099871 3.7614230 2.4949182 2.4726254 3.2730192 2.9598448 2.9269141 6.7907893 4.7084691 2.8211548 5.6368402 5.3330186 
Acagra_model.g11082.t1                                  2.2827222 3.2292191 1.4437788 2.7366915 2.1330495 3.0466383 2.9474294 2.7299413 1.7365273 0.9101813 2.6861456 2.5292474 2.6523331 0.9452515 2.5505888 2.4923656 1.7292561 1.9945313 2.3676385 1.4141221 2.7273515 3.0907930 1.1558070 2.8673989 2.7676172 0.0000000 1.2563928 1.8703242 1.8604049 1.6749586 2.5919046 1.6130857 1.9567562 1.1865998 1.9980451 2.4679736 2.7259142 2.7105364 4.0450980 3.4543730 2.5004402 2.9659855 3.2993824 3.6956916 3.6130032 3.9092972 2.1980888 3.7860832 3.6840485 2.9890738 2.8680070 6.1765346 3.8756795 4.6742371 3.7703148 4.6427388 3.5119664 4.6302371 3.4223188 4.1992591 4.5129642 2.8289370 2.8411534 4.5833392 4.1046679 3.1841167 6.2993358 5.6623947 3.5253342 5.1313897 5.0714738 
Cscu_XM_023364626.1                                     1.6258850 1.7134487 1.4789461 1.5459858 1.6950131 1.5416010 1.5781397 1.3224440 1.4061352 1.1014202 1.4958986 1.4454137 1.4345482 1.1431047 1.5374475 1.4965394 1.4586957 1.6244186 1.6337083 1.2247137 1.9518416 2.4524135 1.3827201 1.7846465 1.7732618 1.2563928 0.0000000 1.4772179 1.6540661 1.5161954 1.8274760 1.8618162 2.2705144 1.5529674 1.8156205 2.3147582 1.8603167 1.9109962 2.2573309 2.6174134 2.2914661 2.1396702 2.3594698 2.1305003 1.6584224 2.0652279 1.7286321 1.9466108 1.8976135 2.1262297 1.4161146 2.6210189 1.8008213 2.6002451 2.4597892 3.1129690 3.2153705 3.4197471 2.7130696 3.0580286 2.4097724 2.3875510 2.3922352 1.8931672 2.2133185 2.4276820 1.3553787 3.3852971 2.0279504 2.6397121 4.0181294 
Spur_XM_031000104.1                                     2.2951593 3.1516431 1.2848206 2.8565072 2.0074849 3.0373916 3.1688136 2.8018548 1.6016528 0.9912194 3.5343356 3.3301122 3.4665365 1.0314705 3.0034590 2.9871938 1.6712831 1.8946767 2.3005771 1.9984442 2.7036638 2.6280766 1.1830532 3.0361352 3.3555013 1.8703242 1.4772179 0.0000000 1.3921341 1.6556852 2.7682165 1.5492463 1.7810596 1.6037252 1.6156954 2.4877044 2.6876405 2.7060411 4.0054270 3.5584312 2.4487906 3.0083948 3.3271716 4.1598968 4.0782338 3.7527379 2.0443327 3.4433670 3.4244783 3.1423286 2.8895760 5.1120472 3.1132955 4.9197004 4.1059058 5.1758309 3.0982609 4.1872485 3.7739163 3.2961461 4.7187831 2.9043352 2.8770064 4.6927690 4.2283604 3.0076500 7.6438507 5.5128866 3.1557958 5.9346318 5.6776275 
Skow_XM_006817538.1                                     2.0026469 3.4680954 1.3093058 2.6930483 2.0846851 2.9330444 3.1413802 2.8536140 1.3804568 1.0741800 3.3446772 3.0407670 3.1160164 1.1081862 2.9447401 2.8661301 1.7126032 2.1639143 2.5169571 1.9168116 2.8586053 2.7539413 1.2531059 3.0612784 3.0053948 1.8604049 1.6540661 1.3921341 0.0000000 1.6503123 2.9179598 1.4829333 1.9047415 1.5940963 1.7698874 2.4321737 2.8158442 2.6620431 3.8118090 3.5245046 2.5115120 2.9196866 3.8105083 4.3732112 3.8745131 3.3959908 2.4080309 3.5607425 3.5654691 3.0278374 2.7995133 4.5143618 3.0189699 4.6033602 3.8389102 4.9972181 3.2226747 3.8510410 3.2837544 3.0950355 4.0679702 2.8477999 2.8888420 4.2042495 3.8286057 3.5146888 5.7203045 4.8649389 3.0273058 5.3232242 4.3943624 
Clacor_Ccor_scaffold8710_01                             1.9633813 1.6480634 1.2311004 1.7976328 1.8713308 1.8539855 1.9009894 1.9562290 1.4361445 1.0471441 2.1045665 2.1028157 2.1332160 1.0755065 2.1069741 2.1606022 1.3620091 1.6067374 1.6659044 1.5378058 2.4562947 2.3095903 1.4127810 2.0331594 2.4188507 1.6749586 1.5161954 1.6556852 1.6503123 0.0000000 1.9480518 1.3202452 1.6833089 1.6451646 1.6290612 2.3353050 2.3344080 2.4514656 2.7746503 2.6580683 2.4303315 2.9093589 2.9225259 2.7541568 2.5286294 2.3503860 1.8115848 2.4576474 2.2315084 2.7338233 1.9061367 4.3579910 2.1200780 3.2111937 3.0376625 4.1087709 3.1394323 3.9814554 2.9172888 3.1564575 3.0564248 2.3673071 2.4418390 2.9319513 2.9021239 3.0784860 4.3323319 4.3988206 2.4629528 3.4879283 4.1732303 
Lcom_lcpid62403                                         2.9996240 2.5985557 1.5833367 2.1862448 1.8778699 2.4365511 2.4118251 2.1911321 2.3555699 1.2972089 2.7608694 2.8354120 2.8416050 1.3764408 2.6790749 2.6628835 1.5971064 1.9673998 2.1742674 2.4188325 2.4116172 2.3280411 1.3494334 2.4947236 2.3404307 2.5919046 1.8274760 2.7682165 2.9179598 1.9480518 0.0000000 0.5615851 0.7179532 2.7637561 1.8702008 2.5779712 2.1540256 2.1283686 2.8055425 3.0080385 2.4829483 3.6578097 3.2359845 3.1852520 2.7662333 2.7726633 1.9192399 2.6973898 3.1336141 2.9364597 2.7644806 4.3409486 2.6415203 3.0302251 3.1346138 4.2477863 2.9126822 3.7623520 2.8301028 3.0705297 3.3182243 2.6052943 2.7268707 3.2716237 3.1021565 2.8351978 4.7691718 4.4408772 2.9769146 4.1836529 2.2815382 
Leuniv_Lniv_C790728_01                                  1.8199531 1.6455715 1.3292132 1.2889479 1.6038845 1.2799232 1.3088845 1.2810748 1.3320852 1.2634453 1.7381015 1.6461324 1.6378392 1.2752160 1.6478712 1.6667450 1.0427123 0.9188208 0.9017354 1.4251291 1.9461266 2.4782613 1.6297844 1.6536481 1.4538043 1.6130857 1.8618162 1.5492463 1.4829333 1.3202452 0.5615851 0.0000000 0.4820621 1.8420554 1.7630457 1.9189671 1.5681902 1.5115745 2.1321836 2.2438662 1.8397172 2.5277308 2.2317533 2.0686721 2.0770364 1.8680813 1.6451577 1.9454824 1.7953584 1.9460689 1.5866913 2.2378832 1.5428384 2.0541877 2.5135697 3.2670785 2.4557118 3.6125606 3.0184227 2.6922325 1.9738420 2.2021288 2.2021288 1.6528059 2.0637126 2.0262657 0.5862848 3.8576313 1.9766814 2.9917742 2.4642093 
Gracom_Gcom_scaffold12053_01                            2.0900976 1.8074209 1.9203006 1.9147114 2.0310405 1.7906044 1.9912310 1.8091639 1.7120911 1.2393196 2.1038088 1.9570559 1.9828089 1.2947643 1.9001954 1.9784571 1.7046046 1.7164866 1.7080539 1.7639789 2.2633497 2.0048120 1.8259681 2.0514060 2.0543207 1.9567562 2.2705144 1.7810596 1.9047415 1.6833089 0.7179532 0.4820621 0.0000000 1.9419802 1.9990231 2.2342521 2.5408517 2.0763565 2.6062264 2.4591113 2.2324274 2.9561184 2.7284841 2.6770109 2.4359975 2.1304705 1.7323769 2.2386284 2.3329139 2.3421473 2.3163584 4.4795555 2.1315396 2.8329172 2.9267285 3.7552071 2.8038207 3.8070223 3.0739519 2.6975547 2.9787220 3.1106956 3.1106956 1.8912820 2.5544815 2.9311999 8.5440730 4.0430070 2.4888863 3.3777441 5.0226013 
Ctel_gnl_WGS_AMQN_CAPTEDRAFT_mRNA221606                 1.8560792 2.5572104 1.3377926 2.4651538 2.1642743 2.4505144 2.5998072 2.3782439 1.4578809 0.9986302 2.5936726 2.5135408 2.5578370 1.0527222 2.4996107 2.4123924 1.6130791 1.9941276 2.2604682 1.1485970 2.5130544 2.3745972 1.5935966 2.4774262 2.7966648 1.1865998 1.5529674 1.6037252 1.5940963 1.6451646 2.7637561 1.8420554 1.9419802 0.0000000 1.9314083 2.8346882 2.4145743 2.6524225 3.4410719 3.3117906 2.3495847 2.6177058 2.6395488 3.1702473 3.3290049 3.2707916 1.9403091 3.8177335 3.1588739 2.3267549 2.5159109 5.2177884 3.0237020 4.0208491 3.6295397 4.3751871 4.0050892 3.7591710 3.7584992 3.6290657 4.2627493 3.0008668 2.9802141 3.5583935 3.6924620 2.9154989 6.8817242 5.7332975 2.5311981 5.1277606 5.1213671 
Salpun_EP00053_Salpingoeca_punica_P017459               1.7922610 1.9729789 1.6244007 1.7979616 2.3849713 1.9080368 1.8673338 1.8902291 1.8009037 1.5270578 1.8377787 1.7542645 1.7542645 1.4335921 1.7365554 1.7650122 1.5121128 1.5890462 1.5486159 1.7226764 2.2884027 2.5321634 1.6412693 2.1734839 1.8526365 1.9980451 1.8156205 1.6156954 1.7698874 1.6290612 1.8702008 1.7630457 1.9990231 1.9314083 0.0000000 1.8171723 1.9286783 1.9119321 2.0602020 2.2608367 1.9507208 2.6987050 2.1074916 1.8975048 2.1521552 1.7879357 1.6579056 2.0655720 2.1211345 1.6859920 1.8182687 3.3226553 1.8499164 1.7936293 2.2458070 2.8198701 2.1745778 3.0297145 2.7585756 2.7407153 2.6342329 2.7039904 2.7039904 1.9146607 2.5408113 2.7949417 2.5858819 4.2755643 1.8454160 3.9879246 4.9133575 
Mylflu_EP00047_Mylnosiga_fluctuans_P011770              2.7681306 2.6725531 2.2546882 2.5967848 2.4084057 2.5535044 2.7640645 2.6195061 2.4613213 1.8359150 3.3969194 3.2848123 3.2959157 1.8877703 3.3171124 2.9533282 1.7577469 1.9147227 1.9106405 2.4682628 3.2275172 2.9919741 2.6479563 2.8891033 2.8744692 2.4679736 2.3147582 2.4877044 2.4321737 2.3353050 2.5779712 1.9189671 2.2342521 2.8346882 1.8171723 0.0000000 2.8337823 2.6749156 2.7805921 2.6155558 2.5776385 2.9777774 3.2103423 3.3217250 3.3282287 2.8157114 2.1277867 2.3661385 2.9759238 2.7009510 2.5653799 4.9689346 2.8771938 2.8220298 3.3315650 3.6385849 3.1995858 3.8860488 2.9631314 3.4633316 3.0668068 2.6239575 2.6239575 2.9223218 2.9426757 3.0042022 3.9398124 4.2934039 2.1457276 3.2381304 4.9901552 
Aque_Aqu2.1.43362_001                                   3.4904906 3.1392275 2.7083672 2.5983268 2.7495995 2.8360768 2.7847621 2.7870884 2.4391390 1.5716640 2.7473769 2.4662306 2.5029065 1.4904587 2.5344173 2.5397824 2.5407411 3.2088311 3.2914792 2.7089343 1.9265024 1.7713057 1.0510492 2.0435912 1.4938138 2.7259142 1.8603167 2.6876405 2.8158442 2.3344080 2.1540256 1.5681902 2.5408517 2.4145743 1.9286783 2.8337823 0.0000000 0.9734763 3.2918133 3.1182537 2.4346549 2.4569939 3.2578773 2.9728589 2.9091378 2.8571699 2.5245949 3.1862941 2.6545115 3.1557615 2.2795406 4.1864581 2.9513609 4.7928002 3.0230500 4.2704367 3.1225247 3.6062073 2.7950462 3.3341238 3.5994855 2.8331351 2.9372175 3.5052878 2.9380053 3.0368515 4.8637289 4.0882797 3.1892571 3.7551776 3.9574450 
Halamb_c41864_g1_i1m.14265                              3.5461628 3.0857946 2.0380733 2.5563627 2.6770523 2.8702819 2.8100110 2.6720121 2.5972496 1.5765686 2.6156030 2.6392396 2.6530793 1.4569010 2.5211597 2.5033922 2.5211548 2.9047401 2.9695700 2.4302061 1.8859982 1.7112525 1.1367195 2.0351708 1.2983638 2.7105364 1.9109962 2.7060411 2.6620431 2.4514656 2.1283686 1.5115745 2.0763565 2.6524225 1.9119321 2.6749156 0.9734763 0.0000000 3.0336198 3.1475170 2.3747830 2.3249936 3.2474233 3.1411662 2.8612204 2.9483526 2.3629627 3.2262898 2.6366542 3.2012876 2.3371813 4.5120683 2.9561005 4.7758442 2.9329044 4.1899817 2.8141278 3.8906568 2.6075309 2.9578965 3.5425266 2.6276019 2.6954805 3.5233073 2.9174824 3.1427224 4.5887589 3.9637401 3.2275204 3.5522940 4.7997761 
Acaspe_EP00035_Acanthoeca_spectabilis_P035620           4.2793159 4.1085537 1.9495037 3.5078257 2.2816034 3.3809678 3.3975468 3.6178282 3.5140800 2.0056751 4.3601675 3.9705162 4.1074724 2.0841531 4.1422180 3.8624130 2.2086500 2.7085172 3.0947175 3.7778794 3.5742983 2.8550892 2.0026265 3.4901552 3.7258220 4.0450980 2.2573309 4.0054270 3.8118090 2.7746503 2.8055425 2.1321836 2.6062264 3.4410719 2.0602020 2.7805921 3.2918133 3.0336198 0.0000000 1.4363337 1.9281105 4.5946221 3.9392272 4.5204573 4.0807864 4.5084804 2.0046138 2.4964583 3.9040548 3.5375435 4.0392075 7.5778059 4.5883120 4.7135294 3.7232168 5.0424716 3.8530106 3.5245930 3.6942386 3.6200013 4.3925438 3.0565795 3.0938483 5.1066308 4.5612615 3.5650851 7.7662724 6.8350902 3.2743371 6.5116728 4.3096931 
Helnan_EP00037_Helgoeca_nana_P001545                    4.0348863 4.0527304 2.1107040 3.3955174 2.5544216 3.1892559 3.3610935 3.4705873 3.0499819 1.6205503 3.9153534 3.7768666 3.8425314 1.5439376 3.5123519 3.4299752 2.1205837 2.6245422 2.8498869 3.2777159 3.1250701 3.0152176 1.7945432 3.1699102 3.0688947 3.4543730 2.6174134 3.5584312 3.5245046 2.6580683 3.0080385 2.2438662 2.4591113 3.3117906 2.2608367 2.6155558 3.1182537 3.1475170 1.4363337 0.0000000 1.6404565 3.5583073 3.5881697 4.1660878 3.7700361 3.9460519 2.0268442 2.4079391 3.6342075 2.8442604 3.9833636 6.2949712 4.0109200 4.7015098 3.8004567 4.0118044 3.3241044 3.3862160 3.2669746 3.0912005 4.3316560 2.5327716 2.4694503 3.9280376 3.5965266 2.4241029 6.0703012 6.3158631 2.7139420 5.7758423 4.5108724 
Diagra_EP00040_Diaphanoeca_grandis_P012153              2.6572438 2.4429100 1.9876841 2.3239525 2.5061621 2.3219871 2.3720044 2.1547465 2.4439972 1.5058683 2.6402025 2.5397359 2.5670415 1.5773442 2.6944374 2.5859318 2.2474449 2.3694785 2.3603391 2.5093389 2.9428421 3.0606266 1.6614935 2.5496427 2.7176434 2.5004402 2.2914661 2.4487906 2.5115120 2.4303315 2.4829483 1.8397172 2.2324274 2.3495847 1.9507208 2.5776385 2.4346549 2.3747830 1.9281105 1.6404565 0.0000000 3.6019097 3.6594081 3.3527858 2.8706675 2.6396965 2.5631506 1.6655334 2.7871972 2.8170619 2.5722891 3.4734371 2.4295104 2.7290818 2.7048832 3.3146669 3.2668091 3.0249042 3.6886143 4.0684462 3.9083315 3.5632242 3.5506362 3.6715612 3.4623202 3.4983059 3.6312392 4.8765572 3.0603773 3.8821840 5.1749055 
Aaur_scaffold136.g3.t1                                  2.8405025 2.4827191 6.5860914 2.6504886 3.2055372 2.5377165 2.5350748 2.5155856 2.6289405 1.6637803 3.6541594 3.1483293 3.1870120 1.6340855 3.2821115 3.1576861 2.4069840 2.5081996 2.5569312 2.5068369 3.1349133 2.8079975 1.6356303 3.5647721 3.7281590 2.9659855 2.1396702 3.0083948 2.9196866 2.9093589 3.6578097 2.5277308 2.9561184 2.6177058 2.6987050 2.9777774 2.4569939 2.3249936 4.5946221 3.5583073 3.6019097 0.0000000 1.2052004 1.0908136 1.5449167 1.9658646 2.2474876 3.9002395 1.5539246 2.7246187 2.6774765 3.9392066 2.7106024 3.6138438 4.2070511 4.2706524 3.5095521 4.4026921 4.4904164 4.9595472 4.5934850 3.4434536 3.6492127 3.6474683 3.7617166 5.3872281 6.8169082 2.9077256 2.8261049 3.6790751 5.5052171 
Nemnom_g9479.t1                                         3.5903474 2.8625685 2.1727321 3.0332857 2.8072597 3.0144882 3.1144173 3.0484096 3.2999618 1.2439497 3.0927207 3.2282987 3.2864354 1.1831132 3.1041224 3.0332079 2.5728085 2.6090242 2.7383694 3.1257368 3.6211897 2.6465905 2.3978571 3.2727843 3.7285546 3.2993824 2.3594698 3.3271716 3.8105083 2.9225259 3.2359845 2.2317533 2.7284841 2.6395488 2.1074916 3.2103423 3.2578773 3.2474233 3.9392272 3.5881697 3.6594081 1.2052004 0.0000000 0.4949246 1.5130434 2.5887245 2.1370147 4.0333877 2.2004701 2.5171957 3.7352668 6.1645841 3.5295608 4.0822433 4.3686979 4.3570966 4.3872167 3.5878880 4.1412769 4.4501745 5.1540217 4.0145080 4.0830006 4.2944907 4.4781821 4.5769330 6.5107180 4.6958466 3.4903800 4.8113206 6.6009295 
Rhoesc_Res_013417-T1                                    4.3230496 3.6451301 2.1371299 3.3806321 2.3938750 3.5060046 3.5235373 3.4961353 3.5841725 1.2391169 3.8790926 3.5778491 3.5247987 1.2193448 3.6034629 3.5007501 2.2821198 2.4126258 2.8233414 3.4821893 3.3580354 2.5315884 1.8582342 3.7425695 3.7889962 3.6956916 2.1305003 4.1598968 4.3732112 2.7541568 3.1852520 2.0686721 2.6770109 3.1702473 1.8975048 3.3217250 2.9728589 3.1411662 4.5204573 4.1660878 3.3527858 1.0908136 0.4949246 0.0000000 1.9831004 2.8574985 2.0202458 4.1185631 2.7222545 3.1534950 3.6377960 6.2123700 4.1409256 4.8517101 4.2863624 4.9358674 3.6493767 4.2172262 3.8610309 4.1988992 5.8391089 3.6785394 3.7344387 4.7247929 4.4422734 4.2759838 6.9176907 4.6975822 4.0015073 5.9131697 6.1938198 
Sanmal_Sma_009585-T1                                    4.3088676 3.9737187 2.1869579 3.5106468 2.2403881 3.1923146 3.2092232 3.3307069 3.5193089 1.3100993 3.5948451 3.4953247 3.5308772 1.1873291 3.4990561 3.4942278 1.7233970 2.2047589 2.7541993 3.3068458 2.8968983 2.3631538 1.8037528 3.4440316 3.5544294 3.6130032 1.6584224 4.0782338 3.8745131 2.5286294 2.7662333 2.0770364 2.4359975 3.3290049 2.1521552 3.3282287 2.9091378 2.8612204 4.0807864 3.7700361 2.8706675 1.5449167 1.5130434 1.9831004 0.0000000 3.0714621 2.0341427 4.2287651 2.6156576 3.2876364 3.0051553 6.6742826 4.1179350 5.1120941 3.7891193 5.3169487 3.3303668 4.0373326 3.5227068 3.8058686 4.5862983 3.2151338 3.2001549 4.5450546 3.9660010 3.9013083 5.9753392 4.5795677 3.4176168 6.2340095 5.0902945 
Chem_TCONS_00022644                                     3.8280471 3.4690279 1.5347867 3.0942079 2.5251200 3.1044622 3.2294725 3.0847919 3.1590984 1.3085361 3.6538708 3.6201588 3.6663394 1.1149788 3.6579735 3.6571668 2.0085853 2.7223837 3.0077904 3.2476531 3.1812608 2.7609301 1.6952064 3.3014562 3.0504201 3.9092972 2.0652279 3.7527379 3.3959908 2.3503860 2.7726633 1.8680813 2.1304705 3.2707916 1.7879357 2.8157114 2.8571699 2.9483526 4.5084804 3.9460519 2.6396965 1.9658646 2.5887245 2.8574985 3.0714621 0.0000000 2.1637046 4.0064599 2.8046883 3.3219828 3.0403756 5.8704263 3.7244341 4.8666140 4.2892061 5.1833377 3.6380415 4.4355650 3.6538751 4.1156545 4.2216236 3.0560502 3.0232797 3.6735348 3.6585393 3.4748903 5.1968540 3.6988251 2.7586330 5.8781942 4.8298410 
Dpul_mRNA20965                                          2.5205499 2.4677735 2.4661701 2.2543548 2.1915863 2.2734974 2.3362531 1.8714712 2.2751672 2.0491648 2.0685974 2.0314733 2.0314733 1.9117761 2.0661193 2.2034430 2.7189417 2.9074192 2.8778214 2.3284182 2.4213204 2.3317040 2.2917543 2.2950267 1.8775079 2.1980888 1.7286321 2.0443327 2.4080309 1.8115848 1.9192399 1.6451577 1.7323769 1.9403091 1.6579056 2.1277867 2.5245949 2.3629627 2.0046138 2.0268442 2.5631506 2.2474876 2.1370147 2.0202458 2.0341427 2.1637046 0.0000000 1.8042871 1.8931760 1.9298210 1.4023775 5.7564005 2.2817384 2.3715726 2.6099136 2.8841279 2.6594764 2.6880593 2.3893495 3.2803873 3.8727848 3.8934848 3.8934848 2.9706658 3.3950948 3.5854171 9.0000000 4.1727095 2.9115879 2.7017109 7.7761923 
Stedip_EP00041_Stephanoeca_diplocostata_P018904         4.0105067 4.0671173 1.7925023 3.4524952 2.2808978 3.2824255 3.4257538 3.6543652 3.2161815 1.4274095 3.9188929 3.7915876 3.9425641 1.5086515 3.8226796 3.7510503 2.0523175 2.4677719 2.9728673 4.0831203 3.4603432 2.8240233 2.0304964 3.5110591 3.5723482 3.7860832 1.9466108 3.4433670 3.5607425 2.4576474 2.6973898 1.9454824 2.2386284 3.8177335 2.0655720 2.3661385 3.1862941 3.2262898 2.4964583 2.4079391 1.6655334 3.9002395 4.0333877 4.1185631 4.2287651 4.0064599 1.8042871 0.0000000 3.6352023 3.2501899 4.0284899 6.6546478 4.0086184 4.2493254 3.2343376 4.3854922 3.3368323 3.3868176 3.5381409 3.6009027 4.4441857 2.9503593 2.9386699 4.6791757 4.1464325 2.8719945 6.7866158 5.7147016 2.8209116 5.1834425 5.0401148 
Morvir_scaffold605.g3.t1                                3.5684902 3.1978922 1.6410879 2.6448910 2.0646403 2.9141328 2.8800033 2.7715048 2.9923803 1.2844883 3.6482331 3.6530509 3.5731579 1.2326882 3.8095101 3.6741341 1.9510039 2.0757970 2.5371594 3.5596670 2.6511527 2.2779010 1.4717975 3.2933125 3.5815578 3.6840485 1.8976135 3.4244783 3.5654691 2.2315084 3.1336141 1.7953584 2.3329139 3.1588739 2.1211345 2.9759238 2.6545115 2.6366542 3.9040548 3.6342075 2.7871972 1.5539246 2.2004701 2.7222545 2.6156576 2.8046883 1.8931760 3.6352023 0.0000000 3.5236069 3.0738370 5.7422331 3.6399946 4.4935031 3.9847672 4.4934986 3.8405737 4.1841363 3.4524778 3.5189014 4.6196105 2.8172924 2.9535064 4.4962130 4.1663262 3.8566973 5.7480356 3.9071976 3.0073343 4.8475082 5.3240006 
Salmac_EP00052_Salpingoeca_macrocollata_P018151         3.0593123 2.6692970 2.2396654 3.0442173 2.8305694 2.8534485 2.9896358 3.1251910 3.0738558 1.5376100 3.8368842 3.7891872 3.8465924 1.5181111 3.5571486 3.3676728 2.8064624 2.8898636 3.2528896 2.9359123 3.0680204 2.0206536 2.2468564 3.3916716 3.7224628 2.9890738 2.1262297 3.1423286 3.0278374 2.7338233 2.9364597 1.9460689 2.3421473 2.3267549 1.6859920 2.7009510 3.1557615 3.2012876 3.5375435 2.8442604 2.8170619 2.7246187 2.5171957 3.1534950 3.2876364 3.3219828 1.9298210 3.2501899 3.5236069 0.0000000 3.2227681 6.2830287 3.0821781 3.7619549 3.5323221 4.1463796 3.3718276 3.1711586 3.3774962 3.5523612 4.0451596 3.4999295 3.6537212 3.7569417 3.8256056 4.1414595 8.9999986 5.8730642 3.0467556 4.1932957 5.3043490 
Plespi_Pspi_scaffold20020_01                            3.3319363 3.1377155 1.9569360 2.5425171 2.0864843 2.4780694 2.3709876 2.4696783 2.3705185 0.7819780 3.3036446 3.1837334 3.3459287 0.7229179 3.1148709 3.2759724 1.6382549 2.1493024 2.5201309 2.7339127 1.8817661 1.8091406 1.1730966 2.4759641 2.3970745 2.8680070 1.4161146 2.8895760 2.7995133 1.9061367 2.7644806 1.5866913 2.3163584 2.5159109 1.8182687 2.5653799 2.2795406 2.3371813 4.0392075 3.9833636 2.5722891 2.6774765 3.7352668 3.6377960 3.0051553 3.0403756 1.4023775 4.0284899 3.0738370 3.2227681 0.0000000 4.3798553 3.2400644 4.9408629 3.6682574 4.5833183 3.5706585 4.3301741 3.4356936 3.5566513 4.5911751 2.2383874 2.4144472 4.9649915 4.0348064 3.0155218 6.5149614 3.3047920 2.5771585 4.9552551 3.9344473 
Adig_XM_015919195.1                                     5.4211599 7.2791870 9.0000000 2.7633134 2.2717559 3.4507007 3.6326858 3.7648968 4.5283002 3.9568363 5.9341825 6.0665647 6.4910965 3.9568363 6.3174036 5.9769681 2.5854495 3.2803504 4.0082405 4.6485431 4.6243183 8.8846654 2.2161003 5.0183025 6.4184421 6.1765346 2.6210189 5.1120472 4.5143618 4.3579910 4.3409486 2.2378832 4.4795555 5.2177884 3.3226553 4.9689346 4.1864581 4.5120683 7.5778059 6.2949712 3.4734371 3.9392066 6.1645841 6.2123700 6.6742826 5.8704263 5.7564005 6.6546478 5.7422331 6.2830287 4.3798553 0.0000000 0.0855468 6.5605603 5.9096722 7.3540570 4.6178625 5.7448228 4.3950556 4.3517859 6.3253106 2.4822683 2.6764655 6.6946110 5.4273440 4.3231843 5.0989944 6.0011166 5.9360035 7.7357880 4.8298248 
