65
Hsap_ENST00000321264                                              0.0000000 0.8799936 0.8941267 0.8338764 0.9344387 0.9723831 0.8759956 0.9419132 0.9429987 0.8263163 0.9623802 0.9977541 1.0163664 1.0266125 1.2027601 1.0731807 1.0292489 1.1826956 0.9157854 0.9841594 1.0237781 1.0973864 1.0885219 1.0478320 1.1984526 1.2456969 0.9300786 0.9298916 1.0623712 1.1758268 1.3145742 1.1073937 1.1217746 1.2217844 1.0955390 1.2922636 1.0668751 1.2130397 1.2597910 1.2972992 1.2054398 1.3677859 1.2901796 1.5561449 1.0062178 1.1995077 1.1824632 1.2295928 1.2696468 1.0573813 1.2892735 1.3922721 1.2530894 1.2573376 1.2685989 1.0430841 1.3661023 1.3128021 1.2509803 1.2562632 1.0928950 1.3056278 1.4992137 1.6957371 1.9843027 
Bralan_BLAG01001107_1                                             0.8799936 0.0000000 0.6085215 0.6600627 0.9258104 0.9099695 0.8354412 0.8524436 0.8776894 0.6280561 0.7147366 0.7675766 0.7129086 0.8387587 1.0289366 0.8982978 0.9701165 1.1448121 0.8590411 0.9199911 0.9927811 1.1490764 1.1024675 0.9909350 0.9763798 1.1837791 1.1037254 0.9926223 1.0659857 1.1998102 1.2903783 1.1979268 1.0099162 1.1781282 1.0538248 1.1163824 0.8292999 0.9787268 1.2160038 1.3316447 1.1297948 1.2443492 1.2995774 1.2670153 0.9614295 1.0423289 1.0428582 1.1679406 1.1902025 1.1337659 1.0659867 1.2151923 1.2006206 1.2249727 1.2157342 1.0163957 1.2706650 1.2157037 1.2042731 1.2007162 1.0834360 1.2741779 1.3550304 1.1895016 1.8203790 
Skow_XM_002732829.1                                               0.8941267 0.6085215 0.0000000 0.7354087 0.7280277 0.8248190 0.7604723 0.7724437 0.7935144 0.6426621 0.6935774 0.6930628 0.7040484 0.8763194 0.9638740 0.9799006 0.8340024 1.0968997 0.9279119 0.8783248 0.8136120 1.0226113 1.0101456 0.8191118 1.0326941 1.0725231 1.0779482 0.9674211 0.9855664 1.1045331 1.1730601 1.0192845 0.9788171 0.9113291 0.9360961 1.0226745 0.9252463 1.0463529 0.9585894 1.0613215 0.9025075 1.0254806 1.0123209 0.9791536 0.7686571 0.9738362 0.9823669 1.0362508 1.0361474 1.0371693 0.9977464 1.0267833 1.0783526 1.0651636 0.9327271 0.8542817 1.1943669 1.1285430 1.1502521 1.1489436 1.1167952 1.2449660 1.1321006 1.0422577 1.7209741 
Exapal_XM_028661235.1                                             0.8338764 0.6600627 0.7354087 0.0000000 0.5266996 0.8568828 0.6463730 0.6696433 0.6622283 0.5877548 0.7800242 0.7847034 0.7945343 0.7971190 1.0130643 0.9160813 0.7858297 1.0885612 0.8631148 0.8338765 0.8311789 1.0166875 0.9716524 1.0658845 1.3499512 1.1322768 0.9399192 0.8897112 1.2776963 1.0937323 1.2179992 1.0076922 0.9967135 0.9252252 0.9565948 1.0523551 0.6363397 1.1444087 1.0203421 1.0793126 1.0749097 1.1491689 1.2363175 1.3096666 0.6767877 1.0518851 1.0795104 0.9379566 0.9583619 1.0574164 1.1639209 1.0371407 1.0406830 0.9659129 0.9765599 0.7605476 1.2766111 1.2429504 1.2994532 1.2994532 1.2808123 1.2486550 1.0837813 1.0691603 1.7748534 
Nvec_v1g112243                                                    0.9344387 0.9258104 0.7280277 0.5266996 0.0000000 0.8275186 0.7185725 0.7022981 0.7091068 0.7405454 0.8647354 0.9244734 0.9394007 1.0131048 1.0686980 0.9588910 0.9865726 1.1979880 0.9311211 1.0201527 0.9788006 1.1514679 1.0929726 1.1263953 1.2327142 1.1883107 1.0152585 1.0566715 0.9775602 1.0979070 1.1880346 1.1961649 1.0555849 1.0983124 1.0588190 1.1098381 1.0245909 1.1963539 1.1853116 1.2124537 1.0372615 1.3417440 1.3821036 1.0126575 0.7943720 1.2787478 1.1513997 1.0954266 1.1259657 1.0509344 1.1319303 1.2401302 1.1658088 1.1807300 1.0914624 0.9841428 1.3482147 1.3069801 1.2388890 1.2325578 1.1144147 1.3527592 1.3420854 0.7474445 2.0433905 
Adig_XM_015924363.1                                               0.9723831 0.9099695 0.8248190 0.8568828 0.8275186 0.0000000 0.5555662 0.5393236 0.5251883 0.7368025 0.8847397 0.8745903 0.9594206 1.0067901 1.2259211 1.1223628 1.0387512 1.0903082 0.8721862 0.9760650 0.9447309 1.2277081 1.1181688 1.1561398 1.3209302 1.3118367 1.0739876 1.1086415 1.1982002 1.4036993 1.4323822 1.2430435 1.1869425 1.2732091 1.2711447 1.2762222 1.0176570 1.2541615 1.3729359 1.5647171 1.2080603 1.4907005 1.4515285 1.3949735 0.4446571 1.1037747 1.2352276 1.2054700 1.1087303 1.2589834 1.2663091 1.3876436 1.3188579 1.4514872 1.2367541 1.1446551 1.4865158 1.4394601 1.3436019 1.3456425 1.2734713 1.4092489 1.4827693 0.5413984 2.0122449 
Gasp_gasp1.m3.18234.m1                                            0.8759956 0.8354412 0.7604723 0.6463730 0.7185725 0.5555662 0.0000000 0.3874093 0.3939724 0.6986413 0.7528934 0.8609993 0.8804265 0.8628185 0.9944017 0.8993158 0.9431415 1.2158121 0.8825751 0.9637047 0.9342282 1.1035075 1.0710400 1.0158988 1.0829007 1.1538437 0.8630926 0.9541721 1.1708959 1.2544122 1.2874133 1.2300093 1.1065052 1.1019696 1.1141395 1.1826296 1.1165801 1.1330260 1.0960107 1.2355104 1.1110292 1.3025346 1.2301777 1.4895201 0.4205580 1.1207667 1.0239494 1.0544567 1.0743325 1.0649142 1.2263762 1.1611885 1.1517781 1.1749245 1.1426624 0.9827642 1.3763235 1.3279756 1.2386548 1.2443926 1.1284957 1.2905101 1.3376766 0.1921838 1.9092813 
Spis_XP_022809091_1                                               0.9419132 0.8524436 0.7724437 0.6696433 0.7022981 0.5393236 0.3874093 0.0000000 0.0832726 0.6549861 0.8094152 0.8791807 0.9009879 0.9467583 1.2023061 0.9342233 0.9602844 1.1052086 0.8408797 0.9375395 0.9939740 1.1023071 1.1472945 1.0429974 1.2320706 1.1647750 0.9978263 0.9910569 1.2177927 1.2453032 1.3300612 1.2689263 1.1842863 1.1682895 1.0761976 1.2474838 1.0568865 1.2597491 1.2045930 1.4328996 1.1169214 1.3252633 1.3482364 1.5937184 0.4657931 1.1753326 1.0580825 1.0844947 1.0820915 1.1584099 1.2091671 1.1915743 1.1146031 1.2177768 1.0862359 1.0334250 1.3574250 1.3098766 1.2791672 1.2803554 1.1501803 1.3877666 1.3338761 0.4257856 1.8288003 
Pocdam_XM_027192356.1                                             0.9429987 0.8776894 0.7935144 0.6622283 0.7091068 0.5251883 0.3939724 0.0832726 0.0000000 0.6476730 0.8268287 0.9129835 0.9735335 0.9556501 1.2061700 0.9986412 0.9965974 1.1625545 0.8792061 0.9923480 1.0238376 1.1587963 1.1915216 1.0816433 1.2373462 1.2071700 0.9808730 0.9813296 1.2102930 1.2441885 1.3283302 1.2508489 1.1603486 1.1746430 1.1238223 1.2184393 1.0929700 1.2777577 1.1810524 1.4370844 1.1556874 1.3019876 1.3390424 1.5805603 0.4336077 1.1770433 1.0844077 1.1033029 1.1081027 1.1387521 1.2237915 1.2557472 1.2022098 1.2963533 1.1464159 1.0708331 1.4457965 1.3946366 1.3072698 1.3085325 1.2240907 1.4138742 1.3940455 0.3766148 1.9095931 
Aaur_scaffold3611.g3.t1                                           0.8263163 0.6280561 0.6426621 0.5877548 0.7405454 0.7368025 0.6986413 0.6549861 0.6476730 0.0000000 0.3358025 0.2930417 0.6596945 0.8101657 0.5408048 0.6819572 0.7536676 1.0266878 0.7399080 0.6362961 0.6443473 0.7643533 1.0505983 0.7637129 0.9248143 0.7963408 0.9471098 0.8061784 0.8981399 1.0613045 1.0374332 1.0491317 0.9764049 0.8246690 0.9201076 0.9618796 0.8802716 0.9159380 0.9520013 1.0337051 0.9570967 1.0353648 1.0523371 8.9999989 0.6990711 0.8934849 1.0002028 0.8811202 0.9681987 0.9712609 1.0514219 0.9721451 0.9560937 0.9978671 0.8524774 0.7691335 0.8796712 0.8887133 0.9540902 0.9604361 0.7844920 1.0041952 1.1039039 8.9999984 1.4560255 
Nemnom_g9755.t1                                                   0.9623802 0.7147366 0.6935774 0.7800242 0.8647354 0.8847397 0.7528934 0.8094152 0.8268287 0.3358025 0.0000000 0.2090735 0.7766983 0.9207281 0.7456841 0.8695484 0.8125626 1.1563497 0.9474567 0.8086426 0.8316078 1.0735637 1.1031227 1.0225153 0.9220374 0.9967767 1.0482104 0.9640072 1.0937209 1.1742000 1.2766055 1.2090911 1.0628857 1.0307039 1.0902665 1.2006826 0.9848471 1.1910686 1.2143481 1.3012924 1.0710273 1.2719947 1.2506091 1.2206429 0.8753802 1.0301238 1.1648305 1.2345038 1.2413714 1.1231650 1.2089874 1.1291092 1.1346884 1.1786951 1.0710082 0.8569638 1.2327709 1.1857785 1.2015526 1.2025397 1.1449490 1.2827652 1.2098078 1.2374937 1.8638226 
Rhoesc_Res_003531-T1                                              0.9977541 0.7675766 0.6930628 0.7847034 0.9244734 0.8745903 0.8609993 0.8791807 0.9129835 0.2930417 0.2090735 0.0000000 0.8711836 0.9780415 0.6608454 0.8825689 0.8890032 1.2056048 0.9027089 0.8971979 0.8537042 1.1006388 1.2255598 1.0913721 0.9347344 0.9858964 1.0117215 1.0162459 1.0249603 1.2331331 1.2763662 1.2245982 1.0280765 1.1313000 1.1694982 1.1098392 1.0256654 1.1430461 1.3007277 1.3592378 1.1013526 1.3349645 1.3142354 1.1058741 0.9977116 1.0373497 1.2408820 1.2462657 1.2370042 1.1608099 1.1857768 1.2180930 1.2113031 1.2604392 1.1846951 1.0329054 1.2517252 1.1991569 1.2481304 1.2510886 1.1959914 1.3024601 1.3701005 1.2813587 1.8695761 
Cgig_XM_034443320.1                                               1.0163664 0.7129086 0.7040484 0.7945343 0.9394007 0.9594206 0.8804265 0.9009879 0.9735335 0.6596945 0.7766983 0.8711836 0.0000000 0.5637044 1.1024722 0.9337458 1.0225918 1.2234673 0.9934069 0.8959139 0.9203313 1.2359828 1.0436465 0.9286450 1.0991094 1.1527955 1.0052434 1.0430361 1.0460697 1.1571689 1.1402875 1.1231649 0.9507992 1.0957890 1.0214898 1.1875200 1.0167598 1.0889445 1.2244250 1.1692898 1.0852627 1.1806258 1.2332167 1.3718562 0.9309355 0.9382525 0.9839037 1.1423701 1.2224888 1.1154076 0.8841044 1.1998761 1.0855521 0.9788629 1.0101598 0.8867206 1.1886070 1.1621910 1.2121265 1.2140412 1.0874688 1.2567436 1.2387164 1.0604214 1.8026274 
Acagra_model.g30093.t1_model.g30094.t1_model.g30095.t1.1.5d4011c4 1.0266125 0.8387587 0.8763194 0.7971190 1.0131048 1.0067901 0.8628185 0.9467583 0.9556501 0.8101657 0.9207281 0.9780415 0.5637044 0.0000000 1.1180773 0.8939553 1.0220480 1.2946271 1.0101634 0.9819749 1.1183341 1.2704743 1.1849799 1.0467268 1.3454518 1.2327215 1.0716300 1.0705978 1.1000796 1.3340389 1.4332800 1.2132015 1.1104831 1.2564669 1.1392855 1.1345367 1.0568638 1.2146915 1.2942931 1.4215850 1.0666484 1.4496105 1.4686541 1.4393540 0.9390548 1.1595072 1.0955249 1.1928901 1.2391914 1.2728484 0.9652598 1.3015394 1.0856846 1.2376119 1.1817978 1.0252829 1.2450267 1.1887218 1.2552235 1.2566355 1.0558153 1.2848093 1.3918226 1.1492195 1.9761008 
Sanmal_Sma_008767-T1                                              1.2027601 1.0289366 0.9638740 1.0130643 1.0686980 1.2259211 0.9944017 1.2023061 1.2061700 0.5408048 0.7456841 0.6608454 1.1024722 1.1180773 0.0000000 1.1818970 0.9537887 1.4508950 1.1229785 1.1426651 1.1746684 1.6978658 1.3723610 1.3207850 1.0497352 1.2857095 1.2956318 1.5025156 1.5104905 1.5705069 1.6422875 1.3337906 1.3881000 1.4960911 1.1479510 1.4421628 2.5987034 1.6487097 1.3185772 1.4649839 1.5563887 1.5002725 1.4527173 1.1594460 1.0095722 1.3205527 1.3429505 1.6660771 1.5295636 1.4854028 1.5511384 1.3712214 1.4735175 1.5778697 1.3583714 1.3008699 1.7434387 1.6333024 1.7530901 1.7530901 1.7086847 1.6440132 1.5555483 1.1159850 2.7250336 
Aque_Aqu2.1.38182_001                                             1.0731807 0.8982978 0.9799006 0.9160813 0.9588910 1.1223628 0.8993158 0.9342233 0.9986412 0.6819572 0.8695484 0.8825689 0.9337458 0.8939553 1.1818970 0.0000000 0.5194439 0.9227621 0.7420907 0.6426948 0.7513465 0.8445423 0.8893208 1.2146217 1.1276753 1.2377402 1.1953246 0.9927893 1.3035237 1.1838476 1.3313311 1.1514402 1.0862698 0.9829012 1.0213663 1.2581752 0.6245229 1.3234938 1.1034756 1.2944894 1.1724247 1.1916859 1.2602618 1.6478713 1.0217634 1.1323181 1.1859762 1.2724072 1.2620584 1.2507442 1.2609445 1.0356835 1.1536011 1.1851811 1.0474708 0.8677532 1.4163252 1.3525924 1.5365150 1.5365150 1.5316070 1.4824000 1.2716419 1.1431571 1.9079809 
Halamb_c46713_g1_i3mm.2049                                        1.0292489 0.9701165 0.8340024 0.7858297 0.9865726 1.0387512 0.9431415 0.9602844 0.9965974 0.7536676 0.8125626 0.8890032 1.0225918 1.0220480 0.9537887 0.5194439 0.0000000 0.7628670 0.5686083 0.6335205 0.7115640 0.6019476 0.9668143 1.0772572 1.0473889 1.2657414 1.0148591 0.9689142 1.0366294 1.2367760 1.2788149 1.1331064 1.1037911 0.9944464 1.1302234 1.1500682 1.0294587 1.1941124 1.1576929 1.2488761 1.0566881 1.2431166 1.2530881 1.1646077 1.1326235 1.2202004 1.2633098 1.2363627 1.2186866 1.0456687 1.1985066 1.1203496 1.1699041 1.1829040 1.1497576 0.9864632 1.3805763 1.3163656 1.3273639 1.3332428 1.1377034 1.3784102 1.3166839 1.1507221 1.8217362 
Emue_Em0013g291a.t1                                               1.1826956 1.1448121 1.0968997 1.0885612 1.1979880 1.0903082 1.2158121 1.1052086 1.1625545 1.0266878 1.1563497 1.2056048 1.2234673 1.2946271 1.4508950 0.9227621 0.7628670 0.0000000 0.2002650 0.6720237 0.6567191 0.9816358 0.9952183 1.2411055 1.6277069 1.2967552 1.3372036 1.1845462 1.3317359 1.3969500 1.4328296 1.3935997 1.2227152 1.3484835 1.4010201 1.4318112 1.3882511 1.4405010 1.4140146 1.5121677 1.3016252 1.4573063 1.3987291 1.4079611 1.2097411 1.3691615 1.4020711 1.2931219 1.3592977 1.0858095 1.3516149 1.4343185 1.2851177 1.4998330 1.4995857 1.2389904 1.6405897 1.5500158 1.6599602 1.6614153 1.5092692 1.6721257 1.6130692 1.3473694 2.3159024 
Spolac_c96179_g1_i1_m.12669c96179-g1                              0.9157854 0.8590411 0.9279119 0.8631148 0.9311211 0.8721862 0.8825751 0.8408797 0.8792061 0.7399080 0.9474567 0.9027089 0.9934069 1.0101634 1.1229785 0.7420907 0.5686083 0.2002650 0.0000000 0.4787384 0.4971736 0.7423131 0.7848000 1.0276662 1.1289701 1.0469838 1.1055074 0.9586142 1.1253249 1.1404602 1.1553094 1.0630173 1.0188848 1.0711929 1.1165352 1.2279118 1.1149148 1.1568776 1.1000655 1.1679603 1.0365286 1.1023796 1.1218777 1.4154982 0.9837778 1.1311486 1.1233356 1.0014730 1.0547173 0.8813481 1.1856578 1.0694439 1.1187833 1.2428170 1.1887034 0.9268222 1.2568478 1.1899846 1.2890097 1.2947394 1.1344150 1.2941872 1.2916000 1.3045046 1.8396015 
Tetwil_g18449.t2                                                  0.9841594 0.9199911 0.8783248 0.8338765 1.0201527 0.9760650 0.9637047 0.9375395 0.9923480 0.6362961 0.8086426 0.8971979 0.8959139 0.9819749 1.1426651 0.6426948 0.6335205 0.6720237 0.4787384 0.0000000 0.4937782 0.7557888 0.7495595 1.0757794 1.2272191 1.1112656 1.0687333 0.9704952 0.9934506 1.1541096 1.1894971 1.1558626 1.0289464 1.1162471 1.1325240 1.2307752 0.9792329 1.2130684 1.2700072 1.2915706 1.0879115 1.2628099 1.3608489 1.3932487 1.0628826 1.0915044 1.2027377 1.2201045 1.1279636 0.9729436 1.2240127 1.2713276 1.0964963 1.1795240 1.2387621 0.9985130 1.3520676 1.3072461 1.3019818 1.3110385 1.2288196 1.3993844 1.2806494 1.2917600 2.0275236 
Stycar_maker-SC_scaffold1585-snap-gene-0.9-mRNA-1                 1.0237781 0.9927811 0.8136120 0.8311789 0.9788006 0.9447309 0.9342282 0.9939740 1.0238376 0.6443473 0.8316078 0.8537042 0.9203313 1.1183341 1.1746684 0.7513465 0.7115640 0.6567191 0.4971736 0.4937782 0.0000000 0.7630705 0.8108458 1.1207857 1.1219202 1.1323174 1.1607753 1.0864055 1.0771713 1.2153423 1.2307734 1.2317076 1.0920332 1.1667262 1.1605920 1.1658783 1.1604617 1.1405194 1.2235643 1.2750875 1.0222792 1.2690375 1.2020929 1.1139931 1.0086531 1.1133697 1.2105180 1.1352602 1.1659872 1.0384460 1.2541431 1.3016201 1.1240921 1.2786412 1.1712803 0.9097396 1.2848895 1.2748951 1.3437138 1.3537834 1.1232287 1.4360392 1.3690536 1.3572480 2.0550912 
Xestes_maker-XT_scaffold5401-augustus-gene-0.21-mRNA-1            1.0973864 1.1490764 1.0226113 1.0166875 1.1514679 1.2277081 1.1035075 1.1023071 1.1587963 0.7643533 1.0735637 1.1006388 1.2359828 1.2704743 1.6978658 0.8445423 0.6019476 0.9816358 0.7423131 0.7557888 0.7630705 0.0000000 1.1334559 1.2666848 1.5604821 1.4010470 1.2797658 1.1618908 1.2620323 1.4096165 1.3948644 1.2059726 1.2330837 1.1617332 1.3550246 1.4401277 1.0762801 1.3819925 1.3515740 1.3895251 1.2991515 1.3626603 1.5243837 2.3573803 1.2942945 1.3707274 1.4377099 1.2849018 1.3881111 1.2338303 1.2764545 1.5130055 1.3590166 1.5733692 1.2173687 0.8971482 1.4430676 1.4664237 1.5066514 1.5109980 1.3458530 1.5598282 1.6280002 3.5435760 2.0635771 
Plespi_Pspi_C613456_01                                            1.0885219 1.1024675 1.0101456 0.9716524 1.0929726 1.1181688 1.0710400 1.1472945 1.1915216 1.0505983 1.1031227 1.2255598 1.0436465 1.1849799 1.3723610 0.8893208 0.9668143 0.9952183 0.7848000 0.7495595 0.8108458 1.1334559 0.0000000 1.3464884 1.3607949 1.4128450 1.1522273 1.1006625 1.2544557 1.4128844 1.5595287 1.3113726 1.2647740 1.2879147 1.2184079 1.2050310 1.1789308 1.2653971 1.3681726 1.3785674 1.2856673 1.4423000 1.4146959 1.2562416 1.2369284 1.2887270 1.1849848 1.3814862 1.4610835 1.2533140 1.3738531 1.3506279 1.2589454 1.2483141 1.3068415 1.1640431 1.5213695 1.4602419 1.4964503 1.5032025 1.1771558 1.5174871 1.3576218 1.4882825 1.8964058 
Spur_XM_030987055.1                                               1.0478320 0.9909350 0.8191118 1.0658845 1.1263953 1.1561398 1.0158988 1.0429974 1.0816433 0.7637129 1.0225153 1.0913721 0.9286450 1.0467268 1.3207850 1.2146217 1.0772572 1.2411055 1.0276662 1.0757794 1.1207857 1.2666848 1.3464884 0.0000000 1.5058205 1.2984418 1.1713066 1.1269390 1.1786535 1.3947919 1.4866573 1.3120229 1.2473159 1.2842126 1.3235398 1.3224519 1.0643478 1.2583274 1.4539307 1.3663029 1.2136866 1.3161998 1.2660839 1.7766899 1.2536898 1.1993214 1.3324275 1.2002562 1.1983736 1.3308646 1.1475561 1.3243574 1.2085780 1.2446182 1.2371369 0.9900699 1.4404376 1.3994488 1.4876577 1.4985005 1.3328475 1.5217408 1.3535198 1.7539155 2.0555796 
Hvul_g4536_1                                                      1.1984526 0.9763798 1.0326941 1.3499512 1.2327142 1.3209302 1.0829007 1.2320706 1.2373462 0.9248143 0.9220374 0.9347344 1.0991094 1.3454518 1.0497352 1.1276753 1.0473889 1.6277069 1.1289701 1.2272191 1.1219202 1.5604821 1.3607949 1.5058205 0.0000000 0.6354463 1.3340569 1.3367409 1.5279857 1.4031797 1.6341902 1.3129260 1.2567466 1.4246114 1.3838941 1.4596645 2.0898873 1.3760070 1.3587100 1.5952687 1.4507867 1.5424090 1.5015267 1.2658722 1.1330438 1.0651978 1.1083073 1.5268896 1.3810726 1.4626006 1.4788202 1.1990351 1.3534727 1.3339413 1.3319224 1.1681797 1.6942661 1.5614151 1.5457163 1.5457163 1.4703939 1.5413122 1.3544756 1.4538101 1.9482014 
Chem_TCONS_00024601                                               1.2456969 1.1837791 1.0725231 1.1322768 1.1883107 1.3118367 1.1538437 1.1647750 1.2071700 0.7963408 0.9967767 0.9858964 1.1527955 1.2327215 1.2857095 1.2377402 1.2657414 1.2967552 1.0469838 1.1112656 1.1323174 1.4010470 1.4128450 1.2984418 0.6354463 0.0000000 1.3564658 1.3730852 1.1474867 1.3841968 1.4389350 1.3802932 1.2066424 1.4478594 1.4193359 1.3726775 1.3284875 1.4442366 1.5546675 1.5530439 1.4647786 1.4904562 1.5080831 1.0508302 1.3431352 1.1817000 1.5243742 1.6041495 1.4917029 1.2714202 1.4964836 1.4336694 1.3417838 1.5021516 1.3229480 1.2005875 1.5218936 1.4685627 1.5032780 1.5020187 1.3480644 1.5476500 1.5093777 1.6938130 2.0400390 
Opea_EP00118_Oscarella_pearsei_P002158                            0.9300786 1.1037254 1.0779482 0.9399192 1.0152585 1.0739876 0.8630926 0.9978263 0.9808730 0.9471098 1.0482104 1.0117215 1.0052434 1.0716300 1.2956318 1.1953246 1.0148591 1.3372036 1.1055074 1.0687333 1.1607753 1.2797658 1.1522273 1.1713066 1.3340569 1.3564658 0.0000000 0.8501715 1.0757241 1.1059095 1.2124775 1.0832412 1.0319187 1.0198751 0.9731063 1.1386326 1.1669334 1.2483009 1.3327092 1.4045134 1.1947828 1.3602355 1.4518874 1.6442460 1.1135084 1.1624879 1.2259833 1.4473967 1.4652586 0.8942224 1.2667758 1.1248634 1.1010861 1.1458436 1.1197704 1.0524119 1.4351117 1.3746191 1.4449002 1.4487812 1.1788341 1.4584190 1.2670270 1.2437949 1.8662575 
Plajan_Pjan_C564222_01                                            0.9298916 0.9926223 0.9674211 0.8897112 1.0566715 1.1086415 0.9541721 0.9910569 0.9813296 0.8061784 0.9640072 1.0162459 1.0430361 1.0705978 1.5025156 0.9927893 0.9689142 1.1845462 0.9586142 0.9704952 1.0864055 1.1618908 1.1006625 1.1269390 1.3367409 1.3730852 0.8501715 0.0000000 1.0691624 1.1558680 1.2946638 1.1671880 1.0372394 1.0854537 0.9841259 1.0936663 0.9192271 1.2599052 1.1899205 1.3198752 1.1779951 1.4028290 1.4266500 1.6068081 1.0810182 1.2487445 1.4279625 1.5253480 1.4469931 1.0432821 1.3437518 1.1989013 1.1085607 1.1716248 1.2214409 0.9176898 1.5137983 1.4587383 1.5141015 1.5222426 1.2637690 1.5557283 1.2143940 1.6295407 1.8729124 
Mbre_EDQ89466                                                     1.0623712 1.0659857 0.9855664 1.2776963 0.9775602 1.1982002 1.1708959 1.2177927 1.2102930 0.8981399 1.0937209 1.0249603 1.0460697 1.1000796 1.5104905 1.3035237 1.0366294 1.3317359 1.1253249 0.9934506 1.0771713 1.2620323 1.2544557 1.1786535 1.5279857 1.1474867 1.0757241 1.0691624 0.0000000 0.4556173 0.4839454 0.5786517 0.5954809 0.8465962 0.8445697 1.0050720 0.6856122 0.9657684 0.8995430 0.9831784 0.8624254 1.0576732 1.0348630 1.7153990 1.2283731 1.2335762 1.3948060 1.4450174 1.4134312 0.9100911 1.2118600 1.1943697 1.2250192 1.1917456 1.1758067 0.9650749 1.5489934 1.4961178 1.6141802 1.6141802 1.4862526 1.6893968 1.0014792 1.2722530 1.7630418 
Choper_EP00045_Choanoeca_perplexa_P023104                         1.1758268 1.1998102 1.1045331 1.0937323 1.0979070 1.4036993 1.2544122 1.2453032 1.2441885 1.0613045 1.1742000 1.2331331 1.1571689 1.3340389 1.5705069 1.1838476 1.2367760 1.3969500 1.1404602 1.1541096 1.2153423 1.4096165 1.4128844 1.3947919 1.4031797 1.3841968 1.1059095 1.1558680 0.4556173 0.0000000 0.3176373 0.6396168 0.6323313 0.8776610 0.9805676 1.0531377 0.8657649 0.9706288 1.0858694 1.1419512 0.8921734 1.1975225 1.1741807 1.5361252 1.4324969 1.3948321 1.5673066 1.5158226 1.5445639 1.0885244 1.3419118 1.3359547 1.2578357 1.3345475 1.3094648 1.1173569 1.6340192 1.5774695 1.6803213 1.6891738 1.4304509 1.7059118 1.1764352 1.8933176 1.8501489 
Chofle_EP00730_Choanoeca_flexa_P014587                            1.3145742 1.2903783 1.1730601 1.2179992 1.1880346 1.4323822 1.2874133 1.3300612 1.3283302 1.0374332 1.2766055 1.2763662 1.1402875 1.4332800 1.6422875 1.3313311 1.2788149 1.4328296 1.1553094 1.1894971 1.2307734 1.3948644 1.5595287 1.4866573 1.6341902 1.4389350 1.2124775 1.2946638 0.4839454 0.3176373 0.0000000 0.7475923 0.7012373 0.9973784 1.1133749 1.1840131 0.9167085 1.0794764 1.1499638 1.2947298 1.0173313 1.2290390 1.2439431 2.1184435 1.5032432 1.4099233 1.7229302 1.6061375 1.6841853 1.0880923 1.2983406 1.4461198 1.4070445 1.4178311 1.3323368 1.1411430 1.5388966 1.6030233 1.6518744 1.6607830 1.3736582 1.6732321 1.2929863 1.6623708 1.9672373 
Sros_EGD78013                                                     1.1073937 1.1979268 1.0192845 1.0076922 1.1961649 1.2430435 1.2300093 1.2689263 1.2508489 1.0491317 1.2090911 1.2245982 1.1231649 1.2132015 1.3337906 1.1514402 1.1331064 1.3935997 1.0630173 1.1558626 1.2317076 1.2059726 1.3113726 1.3120229 1.3129260 1.3802932 1.0832412 1.1671880 0.5786517 0.6396168 0.7475923 0.0000000 0.3657172 0.9031160 0.9385902 0.9534649 0.9635689 1.0242310 1.0213997 1.1080631 0.8647903 1.1213325 1.1605088 1.1726610 1.3092776 1.2944279 1.4779199 1.4990765 1.4315221 1.0170643 1.2759115 1.5089361 1.3528438 1.3870525 1.2170734 1.2632092 1.4853571 1.4424824 1.4501979 1.4527571 1.2089284 1.4734723 1.2394440 1.3524444 1.8866907 
Microa_EP00043_Microstomoeca_roanoka_P006592                      1.1217746 1.0099162 0.9788171 0.9967135 1.0555849 1.1869425 1.1065052 1.1842863 1.1603486 0.9764049 1.0628857 1.0280765 0.9507992 1.1104831 1.3881000 1.0862698 1.1037911 1.2227152 1.0188848 1.0289464 1.0920332 1.2330837 1.2647740 1.2473159 1.2567466 1.2066424 1.0319187 1.0372394 0.5954809 0.6323313 0.7012373 0.3657172 0.0000000 0.7914616 0.8873603 0.9896301 0.9401467 0.9463478 0.9173565 0.9526843 0.8417123 0.9827443 0.9678255 1.6434719 1.2040060 1.2087665 1.4185345 1.4964964 1.3912817 0.8964928 1.3034056 1.2014626 1.1355941 1.2695204 1.2507091 1.1216020 1.4740773 1.4271036 1.4586990 1.4647843 1.2315785 1.4754092 1.1261204 1.4849203 1.9452315 
Salurc_EP00051_Salpingoeca_urceolata_P017090                      1.2217844 1.1781282 0.9113291 0.9252252 1.0983124 1.2732091 1.1019696 1.1682895 1.1746430 0.8246690 1.0307039 1.1313000 1.0957890 1.2564669 1.4960911 0.9829012 0.9944464 1.3484835 1.0711929 1.1162471 1.1667262 1.1617332 1.2879147 1.2842126 1.4246114 1.4478594 1.0198751 1.0854537 0.8465962 0.8776610 0.9973784 0.9031160 0.7914616 0.0000000 0.7655017 0.8321499 0.8854049 1.0109852 1.0282528 1.1117058 0.8518429 1.1752442 1.2391794 1.8354051 1.3796183 1.2503721 1.4215456 1.3526873 1.2574960 0.9597004 1.2106281 1.2445693 1.1825559 1.2000552 1.0505517 1.1604925 1.6165669 1.5233517 1.6340146 1.6409920 1.3258539 1.6276015 1.1643690 1.6088369 1.8299503 
Salpun_EP00053_Salpingoeca_punica_P018933                         1.0955390 1.0538248 0.9360961 0.9565948 1.0588190 1.2711447 1.1141395 1.0761976 1.1238223 0.9201076 1.0902665 1.1694982 1.0214898 1.1392855 1.1479510 1.0213663 1.1302234 1.4010201 1.1165352 1.1325240 1.1605920 1.3550246 1.2184079 1.3235398 1.3838941 1.4193359 0.9731063 0.9841259 0.8445697 0.9805676 1.1133749 0.9385902 0.8873603 0.7655017 0.0000000 0.8565487 0.8168683 0.8800742 0.8905520 1.0444117 0.7717276 1.1119147 1.1482864 1.3595036 1.2229475 1.2190556 1.3413544 1.4811878 1.5057907 1.0725991 1.2573284 1.3010015 1.1195705 1.1145442 1.1380313 1.1810863 1.5456539 1.4652513 1.5000439 1.5028507 1.2574527 1.4964087 1.2220514 1.4488071 1.8011241 
Salmac_EP00052_Salpingoeca_macrocollata_P013121                   1.2922636 1.1163824 1.0226745 1.0523551 1.1098381 1.2762222 1.1826296 1.2474838 1.2184393 0.9618796 1.2006826 1.1098392 1.1875200 1.1345367 1.4421628 1.2581752 1.1500682 1.4318112 1.2279118 1.2307752 1.1658783 1.4401277 1.2050310 1.3224519 1.4596645 1.3726775 1.1386326 1.0936663 1.0050720 1.0531377 1.1840131 0.9534649 0.9896301 0.8321499 0.8565487 0.0000000 1.2129956 1.0456253 1.0667525 1.1892648 0.8760531 1.1678807 1.1613329 1.6518447 1.3026126 1.2506449 1.4721463 1.3381615 1.4290336 0.9972712 1.2518149 1.2242008 1.1400295 1.4054491 1.2516971 1.1807451 1.5920955 1.5060762 1.6268416 1.6343087 1.3642633 1.7015689 1.2422138 1.7149507 2.2123410 
Codhol_EP00042_Codosiga_hollandica_P034006                        1.0668751 0.8292999 0.9252463 0.6363397 1.0245909 1.0176570 1.1165801 1.0568865 1.0929700 0.8802716 0.9848471 1.0256654 1.0167598 1.0568638 2.5987034 0.6245229 1.0294587 1.3882511 1.1149148 0.9792329 1.1604617 1.0762801 1.1789308 1.0643478 2.0898873 1.3284875 1.1669334 0.9192271 0.6856122 0.8657649 0.9167085 0.9635689 0.9401467 0.8854049 0.8168683 1.2129956 0.0000000 0.8558164 1.0216239 1.0947342 1.0112529 1.2341145 1.1934811 4.5090277 1.1345747 1.2514781 1.3355805 1.1809876 1.2597399 0.9062987 1.2140300 1.1091664 1.1001242 1.1944955 1.2419817 1.2400980 1.3716953 1.3794452 1.3856858 1.4015521 0.8163515 1.4857974 1.0962150 0.0000010 1.5736920 
Salkve_EP00050_Salpingoeca_kvevrii_P005776                        1.2130397 0.9787268 1.0463529 1.1444087 1.1963539 1.2541615 1.1330260 1.2597491 1.2777577 0.9159380 1.1910686 1.1430461 1.0889445 1.2146915 1.6487097 1.3234938 1.1941124 1.4405010 1.1568776 1.2130684 1.1405194 1.3819925 1.2653971 1.2583274 1.3760070 1.4442366 1.2483009 1.2599052 0.9657684 0.9706288 1.0794764 1.0242310 0.9463478 1.0109852 0.8800742 1.0456253 0.8558164 0.0000000 1.0091342 1.0299077 0.8235240 1.0996349 1.0289018 1.6409548 1.3298614 1.2126121 1.4742389 1.4841199 1.5990333 1.0817823 1.2137538 1.2149255 1.1792104 1.1402496 1.1802397 1.1586171 1.6500213 1.6049934 1.5719749 1.5832315 1.3166523 1.5981683 1.1075270 1.5386067 1.8789177 
Diagra_EP00040_Diaphanoeca_grandis_P024169                        1.2597910 1.2160038 0.9585894 1.0203421 1.1853116 1.3729359 1.0960107 1.2045930 1.1810524 0.9520013 1.2143481 1.3007277 1.2244250 1.2942931 1.3185772 1.1034756 1.1576929 1.4140146 1.1000655 1.2700072 1.2235643 1.3515740 1.3681726 1.4539307 1.3587100 1.5546675 1.3327092 1.1899205 0.8995430 1.0858694 1.1499638 1.0213997 0.9173565 1.0282528 0.8905520 1.0667525 1.0216239 1.0091342 0.0000000 0.7734566 0.7330431 0.8771282 0.8609397 2.0867575 1.4029393 1.3081753 1.5173976 1.5119762 1.4784566 1.0955952 1.4126896 1.3887224 1.3306402 1.2774794 1.2088989 1.2324642 1.6160149 1.5586902 1.4800470 1.4824508 1.2326836 1.4988206 1.1379269 1.4030497 1.9208202 
Stedip_EP00041_Stephanoeca_diplocostata_P035678                   1.2972992 1.3316447 1.0613215 1.0793126 1.2124537 1.5647171 1.2355104 1.4328996 1.4370844 1.0337051 1.3012924 1.3592378 1.1692898 1.4215850 1.4649839 1.2944894 1.2488761 1.5121677 1.1679603 1.2915706 1.2750875 1.3895251 1.3785674 1.3663029 1.5952687 1.5530439 1.4045134 1.3198752 0.9831784 1.1419512 1.2947298 1.1080631 0.9526843 1.1117058 1.0444117 1.1892648 1.0947342 1.0299077 0.7734566 0.0000000 0.9171136 0.8137465 0.7884281 1.5349570 1.4662127 1.3949269 1.6280921 1.5984085 1.6145269 1.1946483 1.4421195 1.3860469 1.3303135 1.4399155 1.3093757 1.3356981 1.6775405 1.6516545 1.6281369 1.6409468 1.3256083 1.6875879 1.2090825 2.1673497 2.0628578 
Saldol_EP00054_Salpingoeca_dolichothecata_P009839                 1.2054398 1.1297948 0.9025075 1.0749097 1.0372615 1.2080603 1.1110292 1.1169214 1.1556874 0.9570967 1.0710273 1.1013526 1.0852627 1.0666484 1.5563887 1.1724247 1.0566881 1.3016252 1.0365286 1.0879115 1.0222792 1.2991515 1.2856673 1.2136866 1.4507867 1.4647786 1.1947828 1.1779951 0.8624254 0.8921734 1.0173313 0.8647903 0.8417123 0.8518429 0.7717276 0.8760531 1.0112529 0.8235240 0.7330431 0.9171136 0.0000000 1.0635147 1.0726072 1.9237469 1.3104239 1.2824537 1.4475580 1.3762657 1.3668350 0.9022048 1.1810507 1.2664650 1.1383749 1.3150753 1.1405973 1.0689772 1.6225525 1.5477898 1.4593798 1.4660253 1.3604064 1.5178412 1.1525221 1.9187839 1.8554633 
Acaspe_EP00035_Acanthoeca_spectabilis_P039877                     1.3677859 1.2443492 1.0254806 1.1491689 1.3417440 1.4907005 1.3025346 1.3252633 1.3019876 1.0353648 1.2719947 1.3349645 1.1806258 1.4496105 1.5002725 1.1916859 1.2431166 1.4573063 1.1023796 1.2628099 1.2690375 1.3626603 1.4423000 1.3161998 1.5424090 1.4904562 1.3602355 1.4028290 1.0576732 1.1975225 1.2290390 1.1213325 0.9827443 1.1752442 1.1119147 1.1678807 1.2341145 1.0996349 0.8771282 0.8137465 1.0635147 0.0000000 0.2781141 2.0946418 1.4506009 1.3152402 1.5830364 1.5406981 1.4991960 1.1604378 1.4367872 1.2654899 1.3325252 1.3432150 1.2223883 1.2098168 1.6363551 1.5531319 1.5732221 1.5801856 1.3096196 1.6244625 1.2446946 1.5216692 1.8829930 
Helnan_EP00037_Helgoeca_nana_P033432                              1.2901796 1.2995774 1.0123209 1.2363175 1.3821036 1.4515285 1.2301777 1.3482364 1.3390424 1.0523371 1.2506091 1.3142354 1.2332167 1.4686541 1.4527173 1.2602618 1.2530881 1.3987291 1.1218777 1.3608489 1.2020929 1.5243837 1.4146959 1.2660839 1.5015267 1.5080831 1.4518874 1.4266500 1.0348630 1.1741807 1.2439431 1.1605088 0.9678255 1.2391794 1.1482864 1.1613329 1.1934811 1.0289018 0.8609397 0.7884281 1.0726072 0.2781141 0.0000000 2.1509985 1.4523548 1.3977042 1.6081824 1.5983795 1.5558531 1.0973332 1.4770982 1.2513645 1.3689391 1.3448802 1.3446910 1.3156621 1.6002981 1.5476328 1.5974157 1.6030896 1.3494428 1.6411095 1.2585775 1.5955985 2.0140165 
Morvir_scaffold4.g77.t1                                           1.5561449 1.2670153 0.9791536 1.3096666 1.0126575 1.3949735 1.4895201 1.5937184 1.5805603 8.9999989 1.2206429 1.1058741 1.3718562 1.4393540 1.1594460 1.6478713 1.1646077 1.4079611 1.4154982 1.3932487 1.1139931 2.3573803 1.2562416 1.7766899 1.2658722 1.0508302 1.6442460 1.6068081 1.7153990 1.5361252 2.1184435 1.1726610 1.6434719 1.8354051 1.3595036 1.6518447 4.5090277 1.6409548 2.0867575 1.5349570 1.9237469 2.0946418 2.1509985 0.0000000 1.3870053 1.3301293 1.5009523 1.5856827 1.5644527 2.0238609 1.9248222 1.9013991 2.0248909 2.1664670 1.9725939 1.6656827 2.2570879 2.0392595 2.0377864 2.0377864 1.7649817 1.8639815 1.6483542 1.4869138 3.0189751 
Gfas_gfas1.m1.15199.m1                                            1.0062178 0.9614295 0.7686571 0.6767877 0.7943720 0.4446571 0.4205580 0.4657931 0.4336077 0.6990711 0.8753802 0.9977116 0.9309355 0.9390548 1.0095722 1.0217634 1.1326235 1.2097411 0.9837778 1.0628826 1.0086531 1.2942945 1.2369284 1.2536898 1.1330438 1.3431352 1.1135084 1.0810182 1.2283731 1.4324969 1.5032432 1.3092776 1.2040060 1.3796183 1.2229475 1.3026126 1.1345747 1.3298614 1.4029393 1.4662127 1.3104239 1.4506009 1.4523548 1.3870053 0.0000000 1.1287282 1.3650318 1.3993273 1.3570617 1.1885455 1.2666756 1.3905356 1.1755956 1.3168876 1.1378538 1.1928636 1.5125717 1.5143398 1.5099508 1.5093507 1.2549404 1.4889213 1.6162766 0.4330690 2.1765494 
Tcas_TC002688_001                                                 1.1995077 1.0423289 0.9738362 1.0518851 1.2787478 1.1037747 1.1207667 1.1753326 1.1770433 0.8934849 1.0301238 1.0373497 0.9382525 1.1595072 1.3205527 1.1323181 1.2202004 1.3691615 1.1311486 1.0915044 1.1133697 1.3707274 1.2887270 1.1993214 1.0651978 1.1817000 1.1624879 1.2487445 1.2335762 1.3948321 1.4099233 1.2944279 1.2087665 1.2503721 1.2190556 1.2506449 1.2514781 1.2126121 1.3081753 1.3949269 1.2824537 1.3152402 1.3977042 1.3301293 1.1287282 0.0000000 1.1292444 1.3543783 1.3125233 1.1981176 1.0548329 1.3908417 1.2446303 1.4104097 1.2839612 1.2104081 1.5269898 1.4734179 1.4769307 1.4842960 1.2597795 1.5572094 1.3741786 1.5096095 1.9857780 
Cscu_XM_023365540.1                                               1.1824632 1.0428582 0.9823669 1.0795104 1.1513997 1.2352276 1.0239494 1.0580825 1.0844077 1.0002028 1.1648305 1.2408820 0.9839037 1.0955249 1.3429505 1.1859762 1.2633098 1.4020711 1.1233356 1.2027377 1.2105180 1.4377099 1.1849848 1.3324275 1.1083073 1.5243742 1.2259833 1.4279625 1.3948060 1.5673066 1.7229302 1.4779199 1.4185345 1.4215456 1.3413544 1.4721463 1.3355805 1.4742389 1.5173976 1.6280921 1.4475580 1.5830364 1.6081824 1.5009523 1.3650318 1.1292444 0.0000000 1.4106910 1.3738655 1.5395759 1.0984338 1.5582010 1.3161012 1.4094607 1.3586647 1.3979277 1.4402878 1.3632497 1.3393855 1.3366388 1.2008485 1.4139689 1.5292977 1.0560991 2.0415211 
Dgig_XM_028559328.1                                               1.2295928 1.1679406 1.0362508 0.9379566 1.0954266 1.2054700 1.0544567 1.0844947 1.1033029 0.8811202 1.2345038 1.2462657 1.1423701 1.1928901 1.6660771 1.2724072 1.2363627 1.2931219 1.0014730 1.2201045 1.1352602 1.2849018 1.3814862 1.2002562 1.5268896 1.6041495 1.4473967 1.5253480 1.4450174 1.5158226 1.6061375 1.4990765 1.4964964 1.3526873 1.4811878 1.3381615 1.1809876 1.4841199 1.5119762 1.5984085 1.3762657 1.5406981 1.5983795 1.5856827 1.3993273 1.3543783 1.4106910 0.0000000 0.4849085 1.3349083 1.4363604 1.4524491 1.4389317 1.5447818 1.4648082 1.2894366 1.6185242 1.5652818 1.5999950 1.6132508 1.4587084 1.6520589 1.4802545 1.9538307 2.1068932 
Xesp_010389-T1                                                    1.2696468 1.1902025 1.0361474 0.9583619 1.1259657 1.1087303 1.0743325 1.0820915 1.1081027 0.9681987 1.2413714 1.2370042 1.2224888 1.2391914 1.5295636 1.2620584 1.2186866 1.3592977 1.0547173 1.1279636 1.1659872 1.3881111 1.4610835 1.1983736 1.3810726 1.4917029 1.4652586 1.4469931 1.4134312 1.5445639 1.6841853 1.4315221 1.3912817 1.2574960 1.5057907 1.4290336 1.2597399 1.5990333 1.4784566 1.6145269 1.3668350 1.4991960 1.5558531 1.5644527 1.3570617 1.3125233 1.3738655 0.4849085 0.0000000 1.3466571 1.4692250 1.5229084 1.4827187 1.6892722 1.5419591 1.2636611 1.5996649 1.5295563 1.5137652 1.5206900 1.3809308 1.5558589 1.4588916 1.7008966 2.0852913 
Mylflu_EP00047_Mylnosiga_fluctuans_P022668                        1.0573813 1.1337659 1.0371693 1.0574164 1.0509344 1.2589834 1.0649142 1.1584099 1.1387521 0.9712609 1.1231650 1.1608099 1.1154076 1.2728484 1.4854028 1.2507442 1.0456687 1.0858095 0.8813481 0.9729436 1.0384460 1.2338303 1.2533140 1.3308646 1.4626006 1.2714202 0.8942224 1.0432821 0.9100911 1.0885244 1.0880923 1.0170643 0.8964928 0.9597004 1.0725991 0.9972712 0.9062987 1.0817823 1.0955952 1.1946483 0.9022048 1.1604378 1.0973332 2.0238609 1.1885455 1.1981176 1.5395759 1.3349083 1.3466571 0.0000000 1.1369998 1.0878184 1.1019841 1.0767718 1.1519944 1.0978463 1.6888982 1.6278178 1.6247088 1.6247088 1.5037914 1.6933707 1.2813580 1.3376595 1.8558238 
Dpul_mRNA26081                                                    1.2892735 1.0659867 0.9977464 1.1639209 1.1319303 1.2663091 1.2263762 1.2091671 1.2237915 1.0514219 1.2089874 1.1857768 0.8841044 0.9652598 1.5511384 1.2609445 1.1985066 1.3516149 1.1856578 1.2240127 1.2541431 1.2764545 1.3738531 1.1475561 1.4788202 1.4964836 1.2667758 1.3437518 1.2118600 1.3419118 1.2983406 1.2759115 1.3034056 1.2106281 1.2573284 1.2518149 1.2140300 1.2137538 1.4126896 1.4421195 1.1810507 1.4367872 1.4770982 1.9248222 1.2666756 1.0548329 1.0984338 1.4363604 1.4692250 1.1369998 0.0000000 1.3414971 1.3545629 1.3115819 1.3134334 1.1304381 1.4544951 1.4105956 1.5427401 1.5361873 1.4463277 1.5195266 1.3102820 1.4625263 1.8307237 
Scil_scict017411.1                                                1.3922721 1.2151923 1.0267833 1.0371407 1.2401302 1.3876436 1.1611885 1.1915743 1.2557472 0.9721451 1.1291092 1.2180930 1.1998761 1.3015394 1.3712214 1.0356835 1.1203496 1.4343185 1.0694439 1.2713276 1.3016201 1.5130055 1.3506279 1.3243574 1.1990351 1.4336694 1.1248634 1.1989013 1.1943697 1.3359547 1.4461198 1.5089361 1.2014626 1.2445693 1.3010015 1.2242008 1.1091664 1.2149255 1.3887224 1.3860469 1.2664650 1.2654899 1.2513645 1.9013991 1.3905356 1.3908417 1.5582010 1.4524491 1.5229084 1.0878184 1.3414971 0.0000000 0.6089847 0.6504052 0.6385921 0.8433561 1.5871125 1.5158289 1.6536359 1.6598504 1.3347055 1.7651664 1.3909289 1.3390670 1.9089502 
Lcom_lcpid41978                                                   1.2530894 1.2006206 1.0783526 1.0406830 1.1658088 1.3188579 1.1517781 1.1146031 1.2022098 0.9560937 1.1346884 1.2113031 1.0855521 1.0856846 1.4735175 1.1536011 1.1699041 1.2851177 1.1187833 1.0964963 1.1240921 1.3590166 1.2589454 1.2085780 1.3534727 1.3417838 1.1010861 1.1085607 1.2250192 1.2578357 1.4070445 1.3528438 1.1355941 1.1825559 1.1195705 1.1400295 1.1001242 1.1792104 1.3306402 1.3303135 1.1383749 1.3325252 1.3689391 2.0248909 1.1755956 1.2446303 1.3161012 1.4389317 1.4827187 1.1019841 1.3545629 0.6089847 0.0000000 0.6464223 0.6234217 0.7357913 1.4160354 1.3468327 1.4563288 1.4601408 1.2091504 1.4455028 1.4279727 1.6074932 1.8049869 
Gracom_Gcom_scaffold18377_01                                      1.2573376 1.2249727 1.0651636 0.9659129 1.1807300 1.4514872 1.1749245 1.2177768 1.2963533 0.9978671 1.1786951 1.2604392 0.9788629 1.2376119 1.5778697 1.1851811 1.1829040 1.4998330 1.2428170 1.1795240 1.2786412 1.5733692 1.2483141 1.2446182 1.3339413 1.5021516 1.1458436 1.1716248 1.1917456 1.3345475 1.4178311 1.3870525 1.2695204 1.2000552 1.1145442 1.4054491 1.1944955 1.1402496 1.2774794 1.4399155 1.3150753 1.3432150 1.3448802 2.1664670 1.3168876 1.4104097 1.4094607 1.5447818 1.6892722 1.0767718 1.3115819 0.6504052 0.6464223 0.0000000 0.5628839 0.7884410 1.4445516 1.4051026 1.5169648 1.5237574 1.2722512 1.5557575 1.3760289 1.4710434 1.7683203 
Leuniv_Lniv_scaffold24905_01                                      1.2685989 1.2157342 0.9327271 0.9765599 1.0914624 1.2367541 1.1426624 1.0862359 1.1464159 0.8524774 1.0710082 1.1846951 1.0101598 1.1817978 1.3583714 1.0474708 1.1497576 1.4995857 1.1887034 1.2387621 1.1712803 1.2173687 1.3068415 1.2371369 1.3319224 1.3229480 1.1197704 1.2214409 1.1758067 1.3094648 1.3323368 1.2170734 1.2507091 1.0505517 1.1380313 1.2516971 1.2419817 1.1802397 1.2088989 1.3093757 1.1405973 1.2223883 1.3446910 1.9725939 1.1378538 1.2839612 1.3586647 1.4648082 1.5419591 1.1519944 1.3134334 0.6385921 0.6234217 0.5628839 0.0000000 0.7982134 1.2927763 1.3079580 1.3092342 1.3163192 1.1976139 1.3560063 1.3434652 1.5610061 1.7712060 
