64
Bralan_BLAG11000207_1                                  0.0000000 1.0375645 0.9351144 0.9428561 0.9586158 0.9155110 0.9063189 0.9096490 0.9383081 1.2841121 0.5426584 0.9452941 0.9231547 0.9867731 0.9202771 0.9411663 0.6284777 1.0026094 0.9143604 1.0554120 0.8758384 1.1049490 1.0448673 0.8093156 1.4020943 0.9851532 1.1325187 1.0422458 1.1633039 1.1715119 1.2278186 1.6971018 0.9972074 1.0213279 1.0028909 0.9299075 1.1192964 1.3244402 1.3659451 1.6588680 1.4969632 1.7558703 1.6398762 1.8264391 1.7727169 2.0823315 1.8632152 1.7300057 1.8103804 1.6252529 1.4821305 1.7481698 1.7477992 1.8482419 2.1239529 2.1804643 2.0101013 2.0774199 1.6066939 2.3467379 2.2059866 1.7429761 1.5868738 3.3917286 
Cscu_XM_023387559.1                                    1.0375645 0.0000000 1.1051531 1.1001059 1.2353379 1.1625968 1.0970034 1.1974524 1.0348031 1.3296093 0.5454748 1.1050796 1.1591455 1.0081843 1.0630384 1.0337086 0.7027211 1.2807061 0.8941155 1.0526364 0.8817421 1.0953830 1.0913576 0.7587790 1.3588230 0.8188254 1.1835016 1.1741499 1.1156801 1.1323774 1.2449515 1.4686010 0.9935560 1.0179414 1.4002061 1.2461413 1.1620178 1.0798198 1.3418217 1.5163951 1.3832486 1.5179475 1.3902661 1.6513924 1.5927696 1.5105149 1.8888584 1.7841277 2.1089327 1.7221103 1.5983014 1.7629823 1.8045977 1.7249056 2.1240184 2.5386627 2.0568116 2.1813078 1.8995282 2.2909629 2.1291461 1.7662676 1.6192684 2.7868018 
Exapal_XM_021060962.2                                  0.9351144 1.1051531 0.0000000 0.5836481 0.6243321 0.5404670 0.5830419 0.6038361 0.6382619 0.8235065 0.5479085 0.8843526 0.8208554 0.8688471 0.8988127 0.8181469 0.6608422 0.5595719 0.7705435 0.9040551 0.7390695 0.9786433 0.8414711 0.8042919 1.1667913 1.0434198 0.8967130 0.8906614 0.9577870 0.8902527 1.0711873 1.2298923 0.9752802 1.0964326 1.1689284 1.1126963 1.0200598 1.2204054 1.3911582 1.6122986 1.4305722 1.4964101 1.4033824 1.5997444 1.4270615 1.5723702 1.5709812 1.5964321 1.6092773 1.4743686 1.3246113 1.4267898 1.4705068 1.6640963 1.8636175 2.1615079 1.7394710 1.8285480 1.3323589 2.0626102 1.8473433 1.5807752 1.4847655 2.1980802 
Adig_XM_015892328.1                                    0.9428561 1.1001059 0.5836481 0.0000000 0.0000010 0.2870441 0.2821145 0.3886460 0.4344387 0.4347221 0.5186542 0.7085491 0.7363382 0.7734943 0.8221168 0.7799408 0.7676111 0.6023150 0.6977947 0.7963155 0.6785655 0.8453757 0.8562508 0.8212423 0.9579689 1.1348691 1.2016533 1.0743668 1.0322934 1.0860336 1.1101539 1.5312863 0.9793724 1.1606712 1.2415374 1.0674972 1.1068530 1.2464176 1.3207795 1.4847039 1.2646499 1.3698399 1.4461036 1.6783395 1.7158306 1.6842121 1.5756177 1.5994658 1.7245777 1.3290298 1.1267406 1.7666944 1.5425632 1.5626867 1.7287515 2.2129358 1.8969630 1.8011341 1.9131898 2.0993133 1.5560457 1.5015841 1.4459498 2.7328255 
Amil_Amillepora32167-RA                                0.9586158 1.2353379 0.6243321 0.0000010 0.0000000 0.3666043 0.3709531 0.4865840 0.5365838 0.6136653 0.4373700 0.8308208 0.8030426 0.9454856 0.9151645 0.7670233 0.7334210 0.6649943 0.6929912 0.8356034 0.7014570 0.9514003 0.9241957 0.8877920 1.0788000 1.1946489 1.2759088 1.1299199 1.1239831 1.1201356 1.1477279 1.2662838 0.9199689 1.2037897 1.0785060 1.1033475 1.1670180 1.2305335 1.3346071 1.5043680 1.2126458 1.3955388 1.5935082 1.9555787 1.9435301 1.9767992 1.5812086 1.8752101 1.9189415 1.4260830 1.1835741 1.8599278 1.7529514 1.6044822 2.0230662 2.4797664 2.0459480 1.8916903 2.2142214 2.4006519 1.5973021 1.5872603 1.5272399 6.1270723 
Fspp_ffun1.m4.19018.m1                                 0.9155110 1.1625968 0.5404670 0.2870441 0.3666043 0.0000000 0.1139747 0.1504980 0.1945993 0.4241425 0.5097100 0.7151053 0.7625652 0.7499999 0.6923142 0.7885458 0.6539862 0.5106954 0.7131463 0.8143712 0.7002001 0.8533929 0.8428549 0.8585686 1.0083481 1.0850199 1.1011260 1.0052468 0.9750254 0.9970761 1.0391040 1.3726399 1.0263074 0.9324202 1.1491229 1.0495742 1.0220996 1.2560874 1.3798701 1.4463958 1.4094617 1.4300898 1.3368266 1.6553248 1.6142704 1.6047239 1.7284400 1.4193553 1.5336315 1.4427485 1.2397125 1.5870373 1.4714825 1.4383371 1.8050916 2.0962275 1.8541929 1.7881592 1.7347698 2.0566746 1.6705718 1.5952048 1.5152187 2.4767777 
Gasp_gasp1.m3.14637.m1                                 0.9063189 1.0970034 0.5830419 0.2821145 0.3709531 0.1139747 0.0000000 0.1986672 0.2402848 0.3895478 0.5283568 0.6777333 0.7441071 0.6892317 0.7135453 0.7488260 0.7194881 0.5953901 0.7214977 0.8053653 0.7185795 0.8536982 0.8566450 0.8344652 0.9715052 1.0919029 1.0572553 0.9941970 0.9216896 0.8868107 0.9685690 1.3641835 0.9969510 1.0505863 1.2527185 1.1115836 1.0919015 1.1925257 1.3974059 1.4720195 1.3219378 1.4444507 1.3701210 1.6362140 1.6280405 1.6073241 1.6854429 1.5766763 1.6493750 1.3759303 1.2268124 1.5793403 1.4047760 1.5257585 1.7679259 2.0555392 1.9346417 1.8937298 1.8546327 2.0921801 1.5976671 1.5439310 1.5292313 2.6542936 
Spis_XP_022784745_1                                    0.9096490 1.1974524 0.6038361 0.3886460 0.4865840 0.1504980 0.1986672 0.0000000 0.0755975 0.5219688 0.5858755 0.7705347 0.8630379 0.8257560 0.6764939 0.8775140 0.7945663 0.5515409 0.7734925 0.9006647 0.7563403 0.9075836 0.9369880 0.9187017 1.0945156 1.1827899 1.1302678 1.1086842 0.9273604 1.0710068 1.1136129 1.3617560 1.0589371 1.0957499 1.3717790 1.1411687 1.0669724 1.2236160 1.3999843 1.4587265 1.4408307 1.5006914 1.5291246 1.5153631 1.6089194 1.7090345 1.7146282 1.4800837 1.5804973 1.5468832 1.2566298 1.7187599 1.5834297 1.4834128 1.8410844 1.9246029 1.7173354 1.6531266 1.7793757 1.9072642 1.4941630 1.5571942 1.4150885 2.6550266 
Pocdam_XM_027185005.1                                  0.9383081 1.0348031 0.6382619 0.4344387 0.5365838 0.1945993 0.2402848 0.0755975 0.0000000 0.5896766 0.4927554 0.8170910 0.8664240 0.8176783 0.7122261 0.7662256 0.7888306 0.5478362 0.7503254 0.8755920 0.7636445 0.9146632 0.9583046 0.8676535 1.1171032 1.1443428 1.0485087 1.0006902 0.8994493 0.9562095 1.0471856 1.2873558 1.0089302 0.9885922 1.4897157 1.2023464 1.0315735 1.1224786 1.3260028 1.5044737 1.4436999 1.4041700 1.4973956 1.4974092 1.6165644 1.6286140 1.7386842 1.3966599 1.5306474 1.5156319 1.1614727 1.6284171 1.4897049 1.4254188 1.7901006 1.9221395 1.7042198 1.6286758 1.7327002 1.8552912 1.5041932 1.6434397 1.4607815 2.5188200 
Gfas_gfas1.m1.10317.m1                                 1.2841121 1.3296093 0.8235065 0.4347221 0.6136653 0.4241425 0.3895478 0.5219688 0.5896766 0.0000000 0.4615422 1.0709861 0.9991096 1.0404944 0.9407977 1.2543654 1.1597680 0.8813625 1.0108098 1.1269513 1.0350434 1.2618330 1.2104427 1.2869675 1.0511740 1.2692375 1.6446135 1.4740064 1.3856014 1.3320317 1.4435555 2.0754573 1.2448413 1.4286374 1.8414597 1.3742286 1.3474353 1.1201223 1.4997469 1.9165234 1.5962398 1.3920092 1.6068231 1.8901274 1.9475400 1.6529490 1.8682599 2.0926916 2.2237304 2.0652029 1.8024899 1.9897236 1.8110198 1.9545914 2.1020923 2.7438557 2.5544177 2.1901812 2.4173440 2.7959909 2.2045120 2.0526165 2.0033478 4.1752665 
Aaur_scaffold405.g10.t1                                0.5426584 0.5454748 0.5479085 0.5186542 0.4373700 0.5097100 0.5283568 0.5858755 0.4927554 0.4615422 0.0000000 0.2698376 0.2231277 0.4020437 0.4558671 0.6784136 0.6592557 0.6061882 0.5904969 0.5826788 0.5731061 0.5618686 0.5259154 0.5648581 0.5353197 0.5807403 0.6415210 0.5795002 0.8566102 0.6491165 0.7859200 1.3920051 0.7095911 0.6864456 0.9786927 0.5819613 0.6221091 0.8422936 0.9323150 1.2086356 0.9602334 1.0615928 1.3105139 1.3451500 1.0232060 1.2616844 1.4846765 1.2201312 1.3566326 1.1487350 1.1480082 1.8110919 1.1761392 1.5420453 1.5318117 1.7693120 1.4435215 1.5443422 1.4613414 1.7136958 1.4917990 1.1183996 1.1364959 2.2423569 
Nemnom_g6184.t1                                        0.9452941 1.1050796 0.8843526 0.7085491 0.8308208 0.7151053 0.6777333 0.7705347 0.8170910 1.0709861 0.2698376 0.0000000 0.2167974 0.6029466 0.5947036 1.0017199 0.6989205 0.9240960 0.8128978 0.9570866 0.7982521 0.9464162 0.9985890 0.7334887 1.1625775 0.9510180 0.9933606 0.9504599 1.0840832 1.0956867 1.0669112 1.7239275 1.0048832 1.0399203 0.8775982 0.9657739 1.2157411 1.0703311 1.0923267 1.3841936 1.1725434 1.5063136 1.5152016 1.8345765 1.4905113 1.7732627 1.7054196 1.6160570 1.7356508 1.3211750 1.4376596 1.7049457 1.6827620 1.8702481 1.8086428 2.1949686 1.8927356 1.9695461 1.7522844 2.4046617 1.8080017 1.6742420 1.5326902 2.8905331 
Rhoesc_Res_010250-T1                                   0.9231547 1.1591455 0.8208554 0.7363382 0.8030426 0.7625652 0.7441071 0.8630379 0.8664240 0.9991096 0.2231277 0.2167974 0.0000000 0.6461831 0.5875167 0.9280989 0.6981885 0.8646943 0.7645858 0.8796438 0.7891961 0.9452030 0.8903372 0.7287992 1.0810452 0.8155578 1.0143280 1.0072404 1.1426457 0.9952170 1.0985614 1.7412426 0.8185690 0.9083505 0.7971918 0.8775423 1.0199205 1.0591770 1.0353693 1.2917160 1.0916192 1.3422776 1.6423385 1.9177874 1.4550019 1.6691182 1.7566256 1.4571817 1.7736558 1.2787887 1.4176249 1.6810871 1.7148598 1.6014316 1.7225938 2.5637009 1.9336975 1.9577828 1.8924017 2.1661820 1.5606511 1.7000796 1.3940981 3.0091880 
Morvir_scaffold421.g13.t1                              0.9867731 1.0081843 0.8688471 0.7734943 0.9454856 0.7499999 0.6892317 0.8257560 0.8176783 1.0404944 0.4020437 0.6029466 0.6461831 0.0000000 0.5553243 0.9164481 0.5359738 0.9072929 0.7117282 0.8483607 0.7131020 0.8714918 0.8761490 0.6716507 1.1764693 0.8193396 0.9917379 0.9559334 1.0772682 1.0337508 1.1354282 1.4567789 0.7609350 0.9845166 0.8347353 0.8571284 1.1124812 1.0568998 1.1975537 1.1702763 1.1316870 1.3288348 1.3128892 1.3910672 1.2329686 1.4500319 1.5359514 1.4447765 1.8696484 1.4994250 1.3090037 1.5397656 1.6272325 1.8018353 1.8781007 2.0685220 1.8697239 1.7800233 1.4855196 2.0725858 1.7494804 1.5187043 1.5391493 2.8712058 
Sanmal_Sma_020370-T1                                   0.9202771 1.0630384 0.8988127 0.8221168 0.9151645 0.6923142 0.7135453 0.6764939 0.7122261 0.9407977 0.4558671 0.5947036 0.5875167 0.5553243 0.0000000 0.9440567 0.7656579 0.7543400 0.8039289 0.7968660 0.7722912 0.7618099 0.7701368 0.8181399 0.9924019 0.8441132 1.0179930 0.9766404 1.1453422 1.1313316 1.0921604 1.5563124 0.8376755 0.7986631 1.0116672 0.7122084 0.8939170 0.9085054 0.9514743 0.9322692 1.0063460 1.1780648 1.2270338 1.4258186 1.2186698 1.3679296 1.3992449 1.1238861 1.0956299 1.3576558 1.1470013 1.6989131 1.2785649 1.3215439 1.4327236 1.7495218 1.4188844 1.4327365 1.4408753 1.6255859 1.4142675 1.1712787 1.1918013 3.0188897 
Dgig_XM_028537944.1                                    0.9411663 1.0337086 0.8181469 0.7799408 0.7670233 0.7885458 0.7488260 0.8775140 0.7662256 1.2543654 0.6784136 1.0017199 0.9280989 0.9164481 0.9440567 0.0000000 0.3720977 0.8893526 0.7592901 0.8908152 0.8159246 0.9785500 0.9793853 0.8403129 1.2042756 1.0037317 0.9679161 0.9926418 1.0423485 1.0424936 1.2384939 1.3551465 0.9457697 0.9031051 1.4509676 1.2106484 0.9903683 1.1640033 1.2597968 1.2699665 1.2094704 1.4398901 1.5656150 1.7981734 1.7403524 1.7971429 1.7314921 1.4632182 1.7405865 1.3971247 1.4737308 1.5396975 1.5988092 1.7103062 2.0472292 2.1562948 1.8981845 1.7892721 1.6823144 1.7012104 1.6874371 1.5609505 1.7392102 2.7104676 
Xesp_012564-T1                                         0.6284777 0.7027211 0.6608422 0.7676111 0.7334210 0.6539862 0.7194881 0.7945663 0.7888306 1.1597680 0.6592557 0.6989205 0.6981885 0.5359738 0.7656579 0.3720977 0.0000000 0.7920331 0.7715217 0.7594936 0.7954738 0.7534772 0.8074541 0.7604506 1.0997505 0.7138737 1.0141126 0.8127888 0.9753645 0.9748526 1.0600523 1.1120047 0.9654386 0.7181733 1.3238172 0.8396978 0.8681877 0.9076460 1.2353157 1.1845813 1.1771305 1.1249610 1.2196361 1.4348949 1.3060747 1.3953633 1.5372137 1.2635402 1.4339174 1.1836849 1.1600877 1.4548891 1.1404083 1.4895132 1.6272197 1.7896629 1.5213528 1.4352865 1.3644743 1.6435991 1.7925983 1.4187797 1.2906443 2.0256798 
Nvec_v1g179278                                         1.0026094 1.2807061 0.5595719 0.6023150 0.6649943 0.5106954 0.5953901 0.5515409 0.5478362 0.8813625 0.6061882 0.9240960 0.8646943 0.9072929 0.7543400 0.8893526 0.7920331 0.0000000 0.8697432 0.9882888 0.9022890 1.0805519 0.9476836 0.8490771 1.0507566 1.3082799 1.1206428 1.0162945 1.1153832 1.1719458 1.2075683 1.6208799 0.8888577 1.1197131 1.1084981 1.0011634 1.1273189 1.2880151 1.4846516 1.6286765 1.5318232 1.4665236 1.5624619 1.8386294 1.7191232 1.7694275 2.0899691 1.6509678 1.6566686 1.6475268 1.3479512 1.5887503 1.6207083 1.9307990 1.9451737 2.2525952 1.8730817 1.6698273 1.3494509 2.2093084 1.6717106 1.6983207 1.4839072 2.8173049 
Tadh_TriadT57530                                       0.9143604 0.8941155 0.7705435 0.6977947 0.6929912 0.7131463 0.7214977 0.7734925 0.7503254 1.0108098 0.5904969 0.8128978 0.7645858 0.7117282 0.8039289 0.7592901 0.7715217 0.8697432 0.0000000 0.0067738 0.1777325 0.1590458 0.1750582 0.2850105 0.3374933 0.7932748 1.0055620 0.9823656 1.0936499 1.1502327 1.0878989 1.3548973 0.9764824 0.8573169 1.1234386 0.8799748 0.9485673 1.1535578 1.2055142 1.1636570 1.2865112 1.3184729 1.1421959 1.3914876 1.2823988 1.5515861 1.3369037 1.3174057 1.5127781 1.3140920 1.0402798 1.4661997 1.4221506 1.3509993 1.5947759 2.2763336 1.5431820 1.5511932 1.6166559 1.6698391 1.6391288 1.4918643 1.3506230 3.0005563 
TrH2_TrispH2_004543-RA                                 1.0554120 1.0526364 0.9040551 0.7963155 0.8356034 0.8143712 0.8053653 0.9006647 0.8755920 1.1269513 0.5826788 0.9570866 0.8796438 0.8483607 0.7968660 0.8908152 0.7594936 0.9882888 0.0067738 0.0000000 0.1762861 0.2072937 0.1952670 0.2821271 0.3682689 0.8667869 1.0870084 1.0510322 1.0837989 1.2077350 1.1593418 1.4760934 0.9682391 0.9389219 1.1053224 1.0128594 1.0318060 1.3031006 1.3035344 1.3197419 1.3631595 1.4468824 1.2107735 1.4772997 1.3615396 1.6899241 1.4420912 1.4405673 1.6032848 1.3567122 1.1638838 1.4986037 1.5909689 1.5110087 1.7516366 2.5378078 1.6437298 1.6951168 1.6582822 1.8881439 1.8000018 1.5447437 1.5228597 2.9641397 
Hhon_g06935.t1                                         0.8758384 0.8817421 0.7390695 0.6785655 0.7014570 0.7002001 0.7185795 0.7563403 0.7636445 1.0350434 0.5731061 0.7982521 0.7891961 0.7131020 0.7722912 0.8159246 0.7954738 0.9022890 0.1777325 0.1762861 0.0000000 0.0135371 0.0570657 0.1468446 0.2443982 0.7844225 1.0412102 1.0079880 1.0412311 0.9475254 0.9408800 1.4585951 0.9638152 0.8630150 1.1895470 0.8862884 0.9360505 1.2414570 1.2178827 1.2406736 1.2907078 1.4576162 1.1228234 1.4233263 1.3033455 1.5215461 1.3471782 1.2420956 1.4199991 1.2673665 1.1469639 1.5614788 1.3511166 1.3998610 1.6550360 2.1483651 1.6002985 1.5918895 1.6694633 1.5651087 1.7213907 1.5180501 1.1918302 2.7242776 
HoiH04_mRNA16012                                       1.1049490 1.0953830 0.9786433 0.8453757 0.9514003 0.8533929 0.8536982 0.9075836 0.9146632 1.2618330 0.5618686 0.9464162 0.9452030 0.8714918 0.7618099 0.9785500 0.7534772 1.0805519 0.1590458 0.2072937 0.0135371 0.0000000 0.0605233 0.1318020 0.2304936 0.9654074 1.1358932 1.0841971 1.0200831 1.0656477 1.0767608 1.6358264 0.9737204 1.0781024 1.1203697 1.0436097 1.1651103 1.5428272 1.4980633 1.4767798 1.5390239 1.5526707 1.2228174 1.5738609 1.4413552 1.6728889 1.5121337 1.4287088 1.6289562 1.3314246 1.2680668 1.5499627 1.5666748 1.5492157 1.7490111 2.3970747 1.7955542 1.8102888 1.7325332 1.9189407 1.9805530 1.7718611 1.4282687 2.7173596 
HoiH11_mRNA453                                         1.0448673 1.0913576 0.8414711 0.8562508 0.9241957 0.8428549 0.8566450 0.9369880 0.9583046 1.2104427 0.5259154 0.9985890 0.8903372 0.8761490 0.7701368 0.9793853 0.8074541 0.9476836 0.1750582 0.1952670 0.0570657 0.0605233 0.0000000 0.1607920 0.2367592 0.9472493 1.1921300 1.1311312 1.0537570 1.0975447 1.1647807 1.4735821 0.9691213 1.1074677 1.1224985 1.0027642 1.0751810 1.4326380 1.3708408 1.3498467 1.3623272 1.5086550 1.3036563 1.6774908 1.4567790 1.6512923 1.5948375 1.4076026 1.6138547 1.3562815 1.3179669 1.5878197 1.6277474 1.5136918 1.7210034 2.3118295 1.7834190 1.8110071 1.6910673 1.7524988 1.8966358 1.7320424 1.4225728 3.0906182 
HoiH06_mRNA11436                                       0.8093156 0.7587790 0.8042919 0.8212423 0.8877920 0.8585686 0.8344652 0.9187017 0.8676535 1.2869675 0.5648581 0.7334887 0.7287992 0.6716507 0.8181399 0.8403129 0.7604506 0.8490771 0.2850105 0.2821271 0.1468446 0.1318020 0.1607920 0.0000000 0.3832978 0.6785274 1.0570384 1.0725643 0.9954675 1.0292468 1.0043606 1.4380432 0.9012207 0.8231967 1.1296924 0.9294510 0.9450170 1.1584617 1.2013491 1.2220374 1.3093112 1.2825187 1.1086873 1.3685611 1.2950026 1.3985016 1.3557634 1.2732820 1.5604402 1.2914132 1.1908835 1.6108534 1.3956545 1.6675710 1.7360137 2.0464001 1.7704587 1.7207000 1.6270816 1.6937492 1.9426340 1.5693884 1.2880281 2.8189872 
HoiH23_PlH23_005784-RA                                 1.4020943 1.3588230 1.1667913 0.9579689 1.0788000 1.0083481 0.9715052 1.0945156 1.1171032 1.0511740 0.5353197 1.1625775 1.0810452 1.1764693 0.9924019 1.2042756 1.0997505 1.0507566 0.3374933 0.3682689 0.2443982 0.2304936 0.2367592 0.3832978 0.0000000 1.2052609 1.4981487 1.3852063 1.2629829 1.3593769 1.2997029 1.8965694 1.1806307 1.2968874 1.4563323 1.1897206 1.3750845 1.4550200 1.6565877 1.7076697 1.7232136 1.5088461 1.5355522 1.8734660 1.8316867 1.8774268 1.8050175 1.6871485 1.8933719 1.6451996 1.6783117 1.9870063 1.9015569 1.7909484 1.8407078 2.5788836 2.2424540 2.0911373 2.1767325 2.4217918 2.2156176 2.0311977 1.6705670 3.5080918 
Acagra_model.g30232.t1                                 0.9851532 0.8188254 1.0434198 1.1348691 1.1946489 1.0850199 1.0919029 1.1827899 1.1443428 1.2692375 0.5807403 0.9510180 0.8155578 0.8193396 0.8441132 1.0037317 0.7138737 1.3082799 0.7932748 0.8667869 0.7844225 0.9654074 0.9472493 0.6785274 1.2052609 0.0000000 1.1210684 1.0701898 1.3728194 1.2109652 1.2506351 1.7177236 0.7400582 0.7552644 1.0124073 1.0971924 1.0240012 1.3463731 1.5401018 1.4901812 1.3748480 1.4073047 1.3211842 1.5764031 1.4054177 1.5827986 1.6238112 1.9501233 2.0226019 1.6533135 1.6245601 1.7876646 2.0654650 1.5641889 2.2251492 2.8967948 1.8519098 2.0183707 1.5934387 2.3559799 1.7342842 1.9551251 1.7400947 3.2527372 
Emue_Em0008g373a.t1                                    1.1325187 1.1835016 0.8967130 1.2016533 1.2759088 1.1011260 1.0572553 1.1302678 1.0485087 1.6446135 0.6415210 0.9933606 1.0143280 0.9917379 1.0179930 0.9679161 1.0141126 1.1206428 1.0055620 1.0870084 1.0412102 1.1358932 1.1921300 1.0570384 1.4981487 1.1210684 0.0000000 0.1581694 0.6110548 0.7119176 0.7097722 1.0372743 1.1801420 1.1415994 1.3041785 0.9161864 0.9804329 1.2456258 1.5191812 1.4485493 1.5712591 1.5781293 1.4309011 1.6901379 1.2822878 1.4235552 1.6141605 1.3937235 1.5731617 1.1259605 1.0816306 1.3448352 1.3808977 1.7206002 1.7463862 1.6893121 1.5639225 1.7493563 1.5735716 1.9259995 1.8563802 1.4608676 1.4071405 2.1932691 
Spolac_c99374_g2_i2_m.19527c99374-g2                   1.0422458 1.1741499 0.8906614 1.0743668 1.1299199 1.0052468 0.9941970 1.1086842 1.0006902 1.4740064 0.5795002 0.9504599 1.0072404 0.9559334 0.9766404 0.9926418 0.8127888 1.0162945 0.9823656 1.0510322 1.0079880 1.0841971 1.1311312 1.0725643 1.3852063 1.0701898 0.1581694 0.0000000 0.6077103 0.7223304 0.7089747 1.0132735 1.0860243 1.0264998 1.1996724 0.9415104 1.0046533 1.2957191 1.5588855 1.3827733 1.5063971 1.5971419 1.3953208 1.6352974 1.3668552 1.3568214 1.5628674 1.4094863 1.6405009 1.0463275 1.0559605 1.2712960 1.3464919 1.5404133 1.7797186 1.7528444 1.4199261 1.5695114 1.5018298 2.0042781 1.7217757 1.4880315 1.3893081 1.9829001 
Tetwil_g6631.t2                                        1.1633039 1.1156801 0.9577870 1.0322934 1.1239831 0.9750254 0.9216896 0.9273604 0.8994493 1.3856014 0.8566102 1.0840832 1.1426457 1.0772682 1.1453422 1.0423485 0.9753645 1.1153832 1.0936499 1.0837989 1.0412311 1.0200831 1.0537570 0.9954675 1.2629829 1.3728194 0.6110548 0.6077103 0.0000000 0.3868123 0.4624409 0.6564833 1.3182447 1.1681509 0.9840889 0.8282759 1.0553632 1.0171585 1.1427176 1.1363315 1.3100509 1.4085907 1.4264865 1.7113840 1.5239230 1.2564962 1.5132278 1.5031315 1.4113054 1.1966175 1.0749992 1.4132442 1.3496104 1.3624265 1.7076411 1.7092332 1.5525619 1.4606336 1.7165562 1.4496958 1.5156004 1.3810938 1.3627650 1.9356875 
Xestes_maker-XT_scaffold1046-augustus-gene-0.28-mRNA-1 1.1715119 1.1323774 0.8902527 1.0860336 1.1201356 0.9970761 0.8868107 1.0710068 0.9562095 1.3320317 0.6491165 1.0956867 0.9952170 1.0337508 1.1313316 1.0424936 0.9748526 1.1719458 1.1502327 1.2077350 0.9475254 1.0656477 1.0975447 1.0292468 1.3593769 1.2109652 0.7119176 0.7223304 0.3868123 0.0000000 0.4197340 0.8582261 1.1588682 1.1848401 1.2467720 1.1050252 1.0774319 1.2389138 1.3458196 1.3659722 1.3611421 1.5037407 1.5059090 1.8258773 1.5057653 1.3748484 1.5697773 1.4841152 1.7617335 1.1770763 1.2564767 1.4921465 1.2193971 1.5701913 1.5910965 1.8381163 1.7415043 1.8042966 1.6602439 1.6139426 1.8135644 1.4099970 1.3988724 2.0186658 
Halamb_c33440_g1_i1m.7653                              1.2278186 1.2449515 1.0711873 1.1101539 1.1477279 1.0391040 0.9685690 1.1136129 1.0471856 1.4435555 0.7859200 1.0669112 1.0985614 1.1354282 1.0921604 1.2384939 1.0600523 1.2075683 1.0878989 1.1593418 0.9408800 1.0767608 1.1647807 1.0043606 1.2997029 1.2506351 0.7097722 0.7089747 0.4624409 0.4197340 0.0000000 1.0908721 1.2235959 1.2546135 0.8295810 0.9107708 1.0966045 1.4792201 1.3895633 1.4949579 1.5368425 1.5210019 1.4455477 1.6809126 1.5054686 1.3542133 1.5743752 1.6839565 1.5337630 1.5844333 1.4305638 1.4861674 1.4633333 1.5215496 1.9775442 1.9574039 1.7314055 1.9195749 1.8226355 1.8190532 1.7444426 1.5081752 1.4960363 1.5037379 
Stycar_maker-SC_scaffold138255-snap-gene-0.50-mRNA-1   1.6971018 1.4686010 1.2298923 1.5312863 1.2662838 1.3726399 1.3641835 1.3617560 1.2873558 2.0754573 1.3920051 1.7239275 1.7412426 1.4567789 1.5563124 1.3551465 1.1120047 1.6208799 1.3548973 1.4760934 1.4585951 1.6358264 1.4735821 1.4380432 1.8965694 1.7177236 1.0372743 1.0132735 0.6564833 0.8582261 1.0908721 0.0000000 1.6650814 1.5542654 1.3526850 1.3576771 1.5665739 1.5136464 1.6556702 1.6082537 1.7353721 1.6118058 1.8699462 2.1067561 1.7444610 1.5837786 2.0269807 1.6313746 1.8647160 1.7117138 1.6116187 1.7408976 1.7708908 1.7231405 2.2747945 2.6569780 1.9815761 2.0392394 2.0007162 2.1672221 2.0418397 2.0049284 2.1323722 3.2519787 
Ctel_gnl_WGS_AMQN_CAPTEDRAFT_mRNA157271                0.9972074 0.9935560 0.9752802 0.9793724 0.9199689 1.0263074 0.9969510 1.0589371 1.0089302 1.2448413 0.7095911 1.0048832 0.8185690 0.7609350 0.8376755 0.9457697 0.9654386 0.8888577 0.9764824 0.9682391 0.9638152 0.9737204 0.9691213 0.9012207 1.1806307 0.7400582 1.1801420 1.0860243 1.3182447 1.1588682 1.2235959 1.6650814 0.0000000 0.7802293 1.2636680 0.9221846 0.8644226 0.9785827 1.0405201 1.0787476 0.9944021 1.0185758 1.3687109 1.5470835 1.2581851 1.3673145 1.5077880 1.6816313 1.7617862 1.3960147 1.3552149 1.9223503 1.3524504 1.4271410 1.5049911 2.2011761 1.5554264 1.5138530 1.3858383 1.5145137 1.4962528 1.7338428 1.1806522 3.0304673 
Cgig_XM_020073280.2                                    1.0213279 1.0179414 1.0964326 1.1606712 1.2037897 0.9324202 1.0505863 1.0957499 0.9885922 1.4286374 0.6864456 1.0399203 0.9083505 0.9845166 0.7986631 0.9031051 0.7181733 1.1197131 0.8573169 0.9389219 0.8630150 1.0781024 1.1074677 0.8231967 1.2968874 0.7552644 1.1415994 1.0264998 1.1681509 1.1848401 1.2546135 1.5542654 0.7802293 0.0000000 1.1479626 1.1373848 0.8757160 1.1411296 1.1608806 1.3290921 1.1436974 1.3187938 1.3180938 1.6208281 1.3751541 1.3865672 1.7308299 1.5945442 1.6075148 1.4133670 1.3802552 1.3811850 1.6963493 1.6180300 1.7255652 2.4547486 1.5088017 1.7157669 1.6265722 1.8626023 1.9392869 1.6554682 1.3661982 2.9815430 
Ocar_g3516                                             1.0028909 1.4002061 1.1689284 1.2415374 1.0785060 1.1491229 1.2527185 1.3717790 1.4897157 1.8414597 0.9786927 0.8775982 0.7971918 0.8347353 1.0116672 1.4509676 1.3238172 1.1084981 1.1234386 1.1053224 1.1895470 1.1203697 1.1224985 1.1296924 1.4563323 1.0124073 1.3041785 1.1996724 0.9840889 1.2467720 0.8295810 1.3526850 1.2636680 1.1479626 0.0000000 0.0122556 0.9053471 1.1182543 1.1548535 1.2694116 1.2794539 1.0174535 1.2157155 1.8960860 1.4751132 1.7154808 2.2682451 2.2443715 2.4055466 1.7369219 1.5549210 1.9331515 2.2341269 1.5362787 2.6355686 2.8352905 2.1331117 1.7663322 1.6285042 2.2222600 2.0868580 2.1152173 2.2428905 2.7959315 
Opea_EP00118_Oscarella_pearsei_P026390                 0.9299075 1.2461413 1.1126963 1.0674972 1.1033475 1.0495742 1.1115836 1.1411687 1.2023464 1.3742286 0.5819613 0.9657739 0.8775423 0.8571284 0.7122084 1.2106484 0.8396978 1.0011634 0.8799748 1.0128594 0.8862884 1.0436097 1.0027642 0.9294510 1.1897206 1.0971924 0.9161864 0.9415104 0.8282759 1.1050252 0.9107708 1.3576771 0.9221846 1.1373848 0.0122556 0.0000000 1.1473731 1.1903195 1.2105493 1.2699105 1.2651647 1.2127191 1.2690783 1.6282482 1.4600875 1.4855623 1.5837555 1.7209311 1.7295380 1.4915519 1.4773893 1.4474300 1.9629620 1.5801130 1.9670408 2.1510294 1.6623015 1.6362190 1.3284288 1.7535229 1.8294887 1.6194718 1.7156598 2.2606331 
Spur_XM_783395.5                                       1.1192964 1.1620178 1.0200598 1.1068530 1.1670180 1.0220996 1.0919015 1.0669724 1.0315735 1.3474353 0.6221091 1.2157411 1.0199205 1.1124812 0.8939170 0.9903683 0.8681877 1.1273189 0.9485673 1.0318060 0.9360505 1.1651103 1.0751810 0.9450170 1.3750845 1.0240012 0.9804329 1.0046533 1.0553632 1.0774319 1.0966045 1.5665739 0.8644226 0.8757160 0.9053471 1.1473731 0.0000000 1.2429219 1.3941340 1.4999979 1.5444029 1.4507309 1.3381610 1.7035380 1.5331640 1.7272729 1.7530188 1.9937498 1.6421659 1.8145002 1.7690614 1.8366495 1.7782648 1.8456031 2.2887782 2.9687927 2.3102314 2.3012710 1.7511574 2.1356945 1.9004089 1.7271522 1.7339275 3.1555623 
Scil_scict021298.1                                     1.3244402 1.0798198 1.2204054 1.2464176 1.2305335 1.2560874 1.1925257 1.2236160 1.1224786 1.1201223 0.8422936 1.0703311 1.0591770 1.0568998 0.9085054 1.1640033 0.9076460 1.2880151 1.1535578 1.3031006 1.2414570 1.5428272 1.4326380 1.1584617 1.4550200 1.3463731 1.2456258 1.2957191 1.0171585 1.2389138 1.4792201 1.5136464 0.9785827 1.1411296 1.1182543 1.1903195 1.2429219 0.0000000 0.2424901 0.4692997 0.4374755 1.4521809 1.4114928 1.6133531 1.6718470 1.7186428 1.7500896 1.9729675 1.8940565 1.6979126 1.9472341 1.6778704 2.0198239 2.2775406 2.1808497 2.4563781 2.1241006 2.4315889 1.7804175 2.4121547 2.2369772 1.9795659 1.8670528 1.9463767 
Leuniv_Lniv_scaffold13660_01                           1.3659451 1.3418217 1.3911582 1.3207795 1.3346071 1.3798701 1.3974059 1.3999843 1.3260028 1.4997469 0.9323150 1.0923267 1.0353693 1.1975537 0.9514743 1.2597968 1.2353157 1.4846516 1.2055142 1.3035344 1.2178827 1.4980633 1.3708408 1.2013491 1.6565877 1.5401018 1.5191812 1.5588855 1.1427176 1.3458196 1.3895633 1.6556702 1.0405201 1.1608806 1.1548535 1.2105493 1.3941340 0.2424901 0.0000000 0.4563273 0.4433863 1.2878916 1.3233814 1.6341046 1.6155922 1.6050496 1.6840894 1.9627634 1.8533627 2.0227249 2.0351264 1.8188978 2.1307423 2.0141168 2.3513321 2.3733311 2.1917519 2.4229764 1.6432101 2.2863768 2.1308310 2.0250032 1.9475864 2.8087009 
Gracom_Gcom_C532048_01                                 1.6588680 1.5163951 1.6122986 1.4847039 1.5043680 1.4463958 1.4720195 1.4587265 1.5044737 1.9165234 1.2086356 1.3841936 1.2917160 1.1702763 0.9322692 1.2699665 1.1845813 1.6286765 1.1636570 1.3197419 1.2406736 1.4767798 1.3498467 1.2220374 1.7076697 1.4901812 1.4485493 1.3827733 1.1363315 1.3659722 1.4949579 1.6082537 1.0787476 1.3290921 1.2694116 1.2699105 1.4999979 0.4692997 0.4563273 0.0000000 0.5955603 1.4392533 1.3446674 1.6954565 1.6660103 1.6618955 1.8082675 1.7086235 1.9580045 1.9199632 1.7653854 1.8498238 2.2841585 2.2786774 2.3676595 2.5084256 2.3052569 2.4871885 1.6836077 2.1506205 1.9330935 1.8874617 2.2147345 3.0111985 
Lcom_lcpid112504                                       1.4969632 1.3832486 1.4305722 1.2646499 1.2126458 1.4094617 1.3219378 1.4408307 1.4436999 1.5962398 0.9602334 1.1725434 1.0916192 1.1316870 1.0063460 1.2094704 1.1771305 1.5318232 1.2865112 1.3631595 1.2907078 1.5390239 1.3623272 1.3093112 1.7232136 1.3748480 1.5712591 1.5063971 1.3100509 1.3611421 1.5368425 1.7353721 0.9944021 1.1436974 1.2794539 1.2651647 1.5444029 0.4374755 0.4433863 0.5955603 0.0000000 1.3916532 1.4676831 1.7678449 1.6297809 1.6411040 1.7167121 1.9734661 1.9988897 1.9315016 1.9450115 1.9429942 2.1999445 2.0039590 2.2261114 2.7533799 2.4077262 2.5217353 1.7878097 2.0217766 2.0861181 2.0455437 2.0620582 3.0060934 
Mlei_ML3759.g34.i1                                     1.7558703 1.5179475 1.4964101 1.3698399 1.3955388 1.4300898 1.4444507 1.5006914 1.4041700 1.3920092 1.0615928 1.5063136 1.3422776 1.3288348 1.1780648 1.4398901 1.1249610 1.4665236 1.3184729 1.4468824 1.4576162 1.5526707 1.5086550 1.2825187 1.5088461 1.4073047 1.5781293 1.5971419 1.4085907 1.5037407 1.5210019 1.6118058 1.0185758 1.3187938 1.0174535 1.2127191 1.4507309 1.4521809 1.2878916 1.4392533 1.3916532 0.0000000 0.5974812 0.5984993 0.5996864 0.5497637 0.7914450 1.2214167 1.4582168 1.7220278 1.5888474 1.4759888 1.4269829 1.8001283 1.4583577 2.3838228 1.9258588 2.0728145 1.8047964 1.9093251 1.9874393 1.6921256 1.8004112 2.2372379 
Mertsp_Mesp_sb553396                                   1.6398762 1.3902661 1.4033824 1.4461036 1.5935082 1.3368266 1.3701210 1.5291246 1.4973956 1.6068231 1.3105139 1.5152016 1.6423385 1.3128892 1.2270338 1.5656150 1.2196361 1.5624619 1.1421959 1.2107735 1.1228234 1.2228174 1.3036563 1.1086873 1.5355522 1.3211842 1.4309011 1.3953208 1.4264865 1.5059090 1.4455477 1.8699462 1.3687109 1.3180938 1.2157155 1.2690783 1.3381610 1.4114928 1.3233814 1.3446674 1.4676831 0.5974812 0.0000000 0.4676748 0.6228944 0.5812877 0.7783134 1.0756436 1.2887020 1.7410943 1.6248505 1.2922840 1.3408596 1.7065691 1.6112587 2.0640080 1.9123494 1.8835578 1.7136673 1.7938235 1.9400581 1.4184673 1.7174280 3.4134301 
Lampan_Lpan_13375_01                                   1.8264391 1.6513924 1.5997444 1.6783395 1.9555787 1.6553248 1.6362140 1.5153631 1.4974092 1.8901274 1.3451500 1.8345765 1.9177874 1.3910672 1.4258186 1.7981734 1.4348949 1.8386294 1.3914876 1.4772997 1.4233263 1.5738609 1.6774908 1.3685611 1.8734660 1.5764031 1.6901379 1.6352974 1.7113840 1.8258773 1.6809126 2.1067561 1.5470835 1.6208281 1.8960860 1.6282482 1.7035380 1.6133531 1.6341046 1.6954565 1.7678449 0.5984993 0.4676748 0.0000000 0.6154666 0.5725411 0.9745905 1.2296535 1.4972738 1.8013038 1.6811570 1.6272225 1.6557859 1.9990362 2.0093801 2.4344185 2.0824220 2.2828556 1.8295975 2.0514067 1.9582731 1.5085347 1.9601816 3.4146272 
Beraby_Baby_sb335589                                   1.7727169 1.5927696 1.4270615 1.7158306 1.9435301 1.6142704 1.6280405 1.6089194 1.6165644 1.9475400 1.0232060 1.4905113 1.4550019 1.2329686 1.2186698 1.7403524 1.3060747 1.7191232 1.2823988 1.3615396 1.3033455 1.4413552 1.4567790 1.2950026 1.8316867 1.4054177 1.2822878 1.3668552 1.5239230 1.5057653 1.5054686 1.7444610 1.2581851 1.3751541 1.4751132 1.4600875 1.5331640 1.6718470 1.6155922 1.6660103 1.6297809 0.5996864 0.6228944 0.6154666 0.0000000 0.7323798 0.8038024 1.3151563 1.5456456 1.7439105 1.7347795 1.5071687 1.4611540 1.9143423 1.9537958 2.1010794 1.6022674 1.8111984 1.6990651 1.7428316 2.0429032 1.5416356 1.4919884 3.1689927 
Coemet_Cmet_C598919_01                                 2.0823315 1.5105149 1.5723702 1.6842121 1.9767992 1.6047239 1.6073241 1.7090345 1.6286140 1.6529490 1.2616844 1.7732627 1.6691182 1.4500319 1.3679296 1.7971429 1.3953633 1.7694275 1.5515861 1.6899241 1.5215461 1.6728889 1.6512923 1.3985016 1.8774268 1.5827986 1.4235552 1.3568214 1.2564962 1.3748484 1.3542133 1.5837786 1.3673145 1.3865672 1.7154808 1.4855623 1.7272729 1.7186428 1.6050496 1.6618955 1.6411040 0.5497637 0.5812877 0.5725411 0.7323798 0.0000000 0.8302317 1.1453711 1.2688315 1.4969833 1.5956643 1.3573642 1.5577978 1.7292045 1.7878319 2.3382093 1.9974522 1.9706274 1.9591533 1.7390537 1.8246192 1.6587685 1.9673414 3.7490354 
Drygla_Dgla_sb291020                                   1.8632152 1.8888584 1.5709812 1.5756177 1.5812086 1.7284400 1.6854429 1.7146282 1.7386842 1.8682599 1.4846765 1.7054196 1.7566256 1.5359514 1.3992449 1.7314921 1.5372137 2.0899691 1.3369037 1.4420912 1.3471782 1.5121337 1.5948375 1.3557634 1.8050175 1.6238112 1.6141605 1.5628674 1.5132278 1.5697773 1.5743752 2.0269807 1.5077880 1.7308299 2.2682451 1.5837555 1.7530188 1.7500896 1.6840894 1.8082675 1.7167121 0.7914450 0.7783134 0.9745905 0.8038024 0.8302317 0.0000000 1.6125773 1.8392353 1.8797296 1.8721190 1.6660639 1.6214613 1.9516130 1.9191056 2.2630003 2.1502049 2.0468320 1.8107852 1.9617005 2.0031266 1.7801011 1.7447351 3.9657771 
Sros_EGD73827                                          1.7300057 1.7841277 1.5964321 1.5994658 1.8752101 1.4193553 1.5766763 1.4800837 1.3966599 2.0926916 1.2201312 1.6160570 1.4571817 1.4447765 1.1238861 1.4632182 1.2635402 1.6509678 1.3174057 1.4405673 1.2420956 1.4287088 1.4076026 1.2732820 1.6871485 1.9501233 1.3937235 1.4094863 1.5031315 1.4841152 1.6839565 1.6313746 1.6816313 1.5945442 2.2443715 1.7209311 1.9937498 1.9729675 1.9627634 1.7086235 1.9734661 1.2214167 1.0756436 1.2296535 1.3151563 1.1453711 1.6125773 0.0000000 0.6618575 1.1806519 1.5771562 1.4060005 1.6508217 1.6427842 1.5718020 1.8539373 1.8332804 2.0214882 1.7541126 1.6232062 1.6380343 1.2392843 1.4528136 3.1112266 
Microa_EP00043_Microstomoeca_roanoka_P006040           1.8103804 2.1089327 1.6092773 1.7245777 1.9189415 1.5336315 1.6493750 1.5804973 1.5306474 2.2237304 1.3566326 1.7356508 1.7736558 1.8696484 1.0956299 1.7405865 1.4339174 1.6566686 1.5127781 1.6032848 1.4199991 1.6289562 1.6138547 1.5604402 1.8933719 2.0226019 1.5731617 1.6405009 1.4113054 1.7617335 1.5337630 1.8647160 1.7617862 1.6075148 2.4055466 1.7295380 1.6421659 1.8940565 1.8533627 1.9580045 1.9988897 1.4582168 1.2887020 1.4972738 1.5456456 1.2688315 1.8392353 0.6618575 0.0000000 1.4972768 1.2054363 1.8742708 1.6721074 1.6340361 1.6789662 2.0783043 2.1115510 2.0888523 2.1952094 1.9263753 1.9059518 1.3736822 1.7164405 4.6065533 
Choper_EP00045_Choanoeca_perplexa_P001195              1.6252529 1.7221103 1.4743686 1.3290298 1.4260830 1.4427485 1.3759303 1.5468832 1.5156319 2.0652029 1.1487350 1.3211750 1.2787887 1.4994250 1.3576558 1.3971247 1.1836849 1.6475268 1.3140920 1.3567122 1.2673665 1.3314246 1.3562815 1.2914132 1.6451996 1.6533135 1.1259605 1.0463275 1.1966175 1.1770763 1.5844333 1.7117138 1.3960147 1.4133670 1.7369219 1.4915519 1.8145002 1.6979126 2.0227249 1.9199632 1.9315016 1.7220278 1.7410943 1.8013038 1.7439105 1.4969833 1.8797296 1.1806519 1.4972768 0.0000000 0.6071551 1.1247197 1.3819052 1.2865185 1.2771551 1.5511091 1.7888717 2.1901579 1.5829486 1.9771853 1.7349388 1.4941615 2.3479537 2.8050863 
Chofle_EP00730_Choanoeca_flexa_P018779                 1.4821305 1.5983014 1.3246113 1.1267406 1.1835741 1.2397125 1.2268124 1.2566298 1.1614727 1.8024899 1.1480082 1.4376596 1.4176249 1.3090037 1.1470013 1.4737308 1.1600877 1.3479512 1.0402798 1.1638838 1.1469639 1.2680668 1.3179669 1.1908835 1.6783117 1.6245601 1.0816306 1.0559605 1.0749992 1.2564767 1.4305638 1.6116187 1.3552149 1.3802552 1.5549210 1.4773893 1.7690614 1.9472341 2.0351264 1.7653854 1.9450115 1.5888474 1.6248505 1.6811570 1.7347795 1.5956643 1.8721190 1.5771562 1.2054363 0.6071551 0.0000000 1.4072207 1.3960790 1.4923642 1.5277238 1.9964627 1.8893194 2.0227662 1.6646746 2.4503506 1.9600603 1.4647856 1.9361440 3.0067705 
Mylflu_EP00047_Mylnosiga_fluctuans_P001078             1.7481698 1.7629823 1.4267898 1.7666944 1.8599278 1.5870373 1.5793403 1.7187599 1.6284171 1.9897236 1.8110919 1.7049457 1.6810871 1.5397656 1.6989131 1.5396975 1.4548891 1.5887503 1.4661997 1.4986037 1.5614788 1.5499627 1.5878197 1.6108534 1.9870063 1.7876646 1.3448352 1.2712960 1.4132442 1.4921465 1.4861674 1.7408976 1.9223503 1.3811850 1.9331515 1.4474300 1.8366495 1.6778704 1.8188978 1.8498238 1.9429942 1.4759888 1.2922840 1.6272225 1.5071687 1.3573642 1.6660639 1.4060005 1.8742708 1.1247197 1.4072207 0.0000000 1.0104336 1.1309934 1.0926960 1.2238897 1.7293499 1.7853091 1.7635007 1.5334799 1.8113063 1.4406875 1.9265782 3.8427054 
Salpun_EP00053_Salpingoeca_punica_P020602              1.7477992 1.8045977 1.4705068 1.5425632 1.7529514 1.4714825 1.4047760 1.5834297 1.4897049 1.8110198 1.1761392 1.6827620 1.7148598 1.6272325 1.2785649 1.5988092 1.1404083 1.6207083 1.4221506 1.5909689 1.3511166 1.5666748 1.6277474 1.3956545 1.9015569 2.0654650 1.3808977 1.3464919 1.3496104 1.2193971 1.4633333 1.7708908 1.3524504 1.6963493 2.2341269 1.9629620 1.7782648 2.0198239 2.1307423 2.2841585 2.1999445 1.4269829 1.3408596 1.6557859 1.4611540 1.5577978 1.6214613 1.6508217 1.6721074 1.3819052 1.3960790 1.0104336 0.0000000 1.1981099 0.9880077 1.1970089 1.8305302 1.8565876 1.4906214 1.8696564 2.0369309 1.7740941 2.0334731 2.3984339 
Saldol_EP00054_Salpingoeca_dolichothecata_P001563      1.8482419 1.7249056 1.6640963 1.5626867 1.6044822 1.4383371 1.5257585 1.4834128 1.4254188 1.9545914 1.5420453 1.8702481 1.6014316 1.8018353 1.3215439 1.7103062 1.4895132 1.9307990 1.3509993 1.5110087 1.3998610 1.5492157 1.5136918 1.6675710 1.7909484 1.5641889 1.7206002 1.5404133 1.3624265 1.5701913 1.5215496 1.7231405 1.4271410 1.6180300 1.5362787 1.5801130 1.8456031 2.2775406 2.0141168 2.2786774 2.0039590 1.8001283 1.7065691 1.9990362 1.9143423 1.7292045 1.9516130 1.6427842 1.6340361 1.2865185 1.4923642 1.1309934 1.1981099 0.0000000 1.4117643 1.8694277 1.7479798 1.7681899 1.8366192 1.8084271 1.5929980 1.9850697 1.9421560 3.7722759 
Salmac_EP00052_Salpingoeca_macrocollata_P017863        2.1239529 2.1240184 1.8636175 1.7287515 2.0230662 1.8050916 1.7679259 1.8410844 1.7901006 2.1020923 1.5318117 1.8086428 1.7225938 1.8781007 1.4327236 2.0472292 1.6272197 1.9451737 1.5947759 1.7516366 1.6550360 1.7490111 1.7210034 1.7360137 1.8407078 2.2251492 1.7463862 1.7797186 1.7076411 1.5910965 1.9775442 2.2747945 1.5049911 1.7255652 2.6355686 1.9670408 2.2887782 2.1808497 2.3513321 2.3676595 2.2261114 1.4583577 1.6112587 2.0093801 1.9537958 1.7878319 1.9191056 1.5718020 1.6789662 1.2771551 1.5277238 1.0926960 0.9880077 1.4117643 0.0000000 1.2999709 2.1618911 2.0242576 1.7993196 2.3258237 2.2830838 2.0734030 2.1534904 3.9249787 
Salurc_EP00051_Salpingoeca_urceolata_P006733           2.1804643 2.5386627 2.1615079 2.2129358 2.4797664 2.0962275 2.0555392 1.9246029 1.9221395 2.7438557 1.7693120 2.1949686 2.5637009 2.0685220 1.7495218 2.1562948 1.7896629 2.2525952 2.2763336 2.5378078 2.1483651 2.3970747 2.3118295 2.0464001 2.5788836 2.8967948 1.6893121 1.7528444 1.7092332 1.8381163 1.9574039 2.6569780 2.2011761 2.4547486 2.8352905 2.1510294 2.9687927 2.4563781 2.3733311 2.5084256 2.7533799 2.3838228 2.0640080 2.4344185 2.1010794 2.3382093 2.2630003 1.8539373 2.0783043 1.5511091 1.9964627 1.2238897 1.1970089 1.8694277 1.2999709 0.0000000 2.1255602 1.7898112 1.7266501 2.5631176 2.5845419 2.0885358 2.7389810 3.7635413 
Acaspe_EP00035_Acanthoeca_spectabilis_P013781          2.0101013 2.0568116 1.7394710 1.8969630 2.0459480 1.8541929 1.9346417 1.7173354 1.7042198 2.5544177 1.4435215 1.8927356 1.9336975 1.8697239 1.4188844 1.8981845 1.5213528 1.8730817 1.5431820 1.6437298 1.6002985 1.7955542 1.7834190 1.7704587 2.2424540 1.8519098 1.5639225 1.4199261 1.5525619 1.7415043 1.7314055 1.9815761 1.5554264 1.5088017 2.1331117 1.6623015 2.3102314 2.1241006 2.1917519 2.3052569 2.4077262 1.9258588 1.9123494 2.0824220 1.6022674 1.9974522 2.1502049 1.8332804 2.1115510 1.7888717 1.8893194 1.7293499 1.8305302 1.7479798 2.1618911 2.1255602 0.0000000 0.4027563 0.8469352 0.9421170 1.5911895 2.1027888 1.4990155 3.6813437 
