76
Hsap_ENST00000274695                                              0.0000000 0.6863437 0.7692471 0.6924728 0.8806555 0.5516042 0.7552841 0.8197050 0.8265561 0.7993195 0.8076814 0.8101154 0.9321416 0.8098469 0.9458165 1.0832657 0.9725385 1.1067040 1.3108182 0.9960719 1.0109935 0.8726712 0.6632365 1.0158056 1.0282399 0.9406008 1.1423118 1.4678112 1.0210483 1.2129243 1.2190478 1.0884254 1.2179359 1.0926453 0.9905675 1.2760533 0.9685682 1.3900309 0.8826395 0.8954233 1.0484361 1.1514308 1.1689179 1.1732963 1.0696223 0.9961650 1.2269004 1.2586819 1.3281375 1.1394469 1.1812680 0.9289120 1.3615259 1.3230688 1.3247655 1.3925394 1.2938563 1.5496027 1.6444263 1.1193220 1.0408122 1.2900493 1.3476917 1.3639770 1.3019144 1.9030257 1.8279416 1.5779175 1.6275596 1.6763474 1.5889175 1.6600828 1.2005148 2.2602351 2.8051037 1.8952659 
Bralan_BLAG11101287_1                                             0.6863437 0.0000000 0.5892581 0.5926195 0.7029590 0.5169456 0.7366888 0.7113419 0.7199605 0.6796580 0.6964727 0.7622346 0.8767239 0.6985286 0.8949849 1.0676564 0.8807915 1.0257895 1.2217845 0.9244326 0.9968170 0.9240568 0.6205768 0.9615725 0.7989264 0.9026359 0.9408028 1.2137264 0.8556460 1.0554739 1.0026737 0.8492165 0.9915236 0.9659368 0.8454545 0.9879664 0.7328811 1.0886660 0.8536508 0.7768430 0.9865050 0.9938652 1.0100517 0.9958339 0.9842594 0.8016824 1.0946281 1.0842709 1.2073948 0.9219111 0.9987256 0.8203153 1.3405000 1.2528427 1.2224879 1.3362703 1.1756114 1.4443526 1.3479956 1.1074274 1.2062951 1.2952669 1.4389839 1.3134539 1.3044921 1.5888453 1.6603111 1.2880006 1.6492322 1.4816042 1.3090848 1.3891332 1.2477297 2.0004811 2.5362558 1.7469387 
Skow_XM_002738880.2                                               0.7692471 0.5892581 0.0000000 0.6782954 0.7438254 0.5353148 0.7609200 0.7856609 0.7803034 0.7713376 0.7561213 0.7879526 0.8702831 0.7541013 0.8127414 0.9902952 0.8723566 1.0313776 1.2276350 0.9453573 0.9893897 0.8840207 0.6335424 0.9828132 0.9421908 0.9395145 1.1372376 1.4348185 0.9858518 1.1259661 1.1733956 1.0524582 1.2128300 1.1218143 0.9846998 1.0850020 0.8923942 1.2669843 0.8782984 0.9371305 1.1354214 1.1381774 1.1112482 1.1515755 1.0367024 0.8579810 1.2289712 1.1046742 1.3525758 1.0031390 1.0058630 0.8792644 1.3209584 1.3422961 1.3177628 1.4369420 1.2615201 1.5755323 1.5970214 1.3778995 1.2507097 1.5784690 1.3320993 1.3315816 1.4150449 1.8110634 1.8218109 1.5326803 1.7609029 1.4715627 1.1110186 1.2286549 1.3797005 1.8882474 2.9229375 1.8000238 
Cgig_XM_034455229.1                                               0.6924728 0.5926195 0.6782954 0.0000000 0.8251653 0.4770120 0.8414133 0.8438201 0.8556706 0.8387440 0.7992462 0.8592390 0.9604475 0.5970268 0.9806170 1.1182630 0.9892643 1.1057520 1.4242070 1.0808081 0.7992060 0.7441810 0.6320005 0.9798339 0.9482125 0.8469552 1.0145935 1.1974521 0.8909983 1.0062528 1.0338547 0.9401430 1.0385483 0.9432430 1.0362884 1.0201440 0.8398858 1.2040720 0.7090341 0.8499947 1.0089433 1.0887988 1.1050820 1.1455845 1.0647634 0.9710963 1.1882558 1.2028488 1.2776067 1.0977094 1.2244923 0.7895976 1.2075533 1.3368631 1.3091173 1.5481101 1.2894014 1.4604674 1.4188345 1.2661537 1.1822283 1.2932710 1.4187590 1.4078627 1.5302364 1.8312151 1.7550590 1.4721068 1.7069590 1.6463636 1.2477202 1.2464832 1.2384671 2.3342575 2.0019334 1.8271439 
Nvec_v1g186594                                                    0.8806555 0.7029590 0.7438254 0.8251653 0.0000000 0.4127295 0.5125918 0.5209882 0.5158544 0.5114987 0.5201349 0.7246298 0.7993550 0.8722745 0.8108939 0.9869538 0.7910319 0.9690348 1.2611468 0.9296838 0.8893278 0.8461336 0.6150745 0.9849780 0.8754409 1.0139556 1.0334528 1.3747019 1.0130378 1.1412623 1.0565862 1.0216437 1.1045907 1.1491533 0.8708311 1.1155987 0.8549141 1.1852533 0.9760626 0.8731992 1.1832355 0.9453500 0.9441043 0.9639762 0.9037453 1.0347260 1.0862664 0.9865010 1.2297822 1.0253248 0.9707453 0.8244723 1.3058966 1.3419606 1.2586727 1.4426255 1.1862637 1.4667191 1.4713366 1.1752504 1.1014141 1.3350122 1.4949647 1.3389298 1.3711668 1.7707733 1.6155848 1.3499483 1.5992343 1.5788747 1.2763069 1.2892725 1.2953344 1.8521025 2.1805280 1.4879933 
Adig_XM_015894779.1                                               0.5516042 0.5169456 0.5353148 0.4770120 0.4127295 0.0000000 0.1859190 0.1711287 0.1846551 0.1767615 0.1638421 0.5105702 0.6151433 0.6089750 0.5499476 0.6533013 0.5422123 0.6150947 0.6324037 0.6336261 0.6040588 0.5821277 0.4258639 0.4668721 0.5122899 0.5671137 0.8239094 1.0328423 0.7704346 0.7993905 0.7858320 0.8043192 0.8646677 0.9746594 0.6793378 0.9000411 0.6371807 0.7901949 0.6214608 0.6547556 0.8498047 0.6710288 0.6187671 0.6578583 0.6282742 0.7427081 0.7838026 0.8268225 0.8219832 0.5864332 0.6087623 0.4999716 1.2108457 1.0622950 0.9627485 0.8274790 0.8338320 0.9886484 0.9923735 0.7714122 0.7633819 0.9506552 0.9407206 0.9742286 0.8459458 1.2723704 1.2334336 1.0155637 1.3610569 1.1089916 0.8976191 0.9575914 0.5484885 1.1504857 2.4879436 1.4729878 
Gfas_gfas1.m1.7790.m1                                             0.7552841 0.7366888 0.7609200 0.8414133 0.5125918 0.1859190 0.0000000 0.1642366 0.1765373 0.1736671 0.1653650 0.6950769 0.8293158 0.7828411 0.7622241 0.9500030 0.8045670 0.9734685 1.2201100 0.9082812 0.8650568 0.7713629 0.6429287 0.9381859 0.7810379 0.9687773 0.9903934 1.2228024 0.9495499 1.1097373 1.1189424 1.0226502 1.1583538 1.1203441 0.9234044 1.1507964 0.8306075 1.2348821 0.9800927 0.8398655 1.1321336 0.8788708 0.9142082 0.9046207 0.8225858 1.0207921 1.0890327 1.1415228 1.1924255 0.9734417 0.9894052 0.7972246 1.3476266 1.3036360 1.3350531 1.3811597 1.1483720 1.4856884 1.4190399 1.0873956 1.0481047 1.4054094 1.3235652 1.2799140 1.3278386 1.8415457 1.6981940 1.5234600 1.6370560 1.7028198 1.4354968 1.5444745 1.1881479 1.9350217 2.3495181 1.5926435 
Fspp_ffun1.m4.7017.m1                                             0.8197050 0.7113419 0.7856609 0.8438201 0.5209882 0.1711287 0.1642366 0.0000000 0.1206283 0.1138474 0.0951928 0.6702289 0.7938605 0.8315406 0.8389093 1.0229021 0.7992063 0.9783709 1.2638828 0.9348773 0.8962263 0.7895108 0.6130724 1.0218312 0.7368696 1.0114155 1.0253255 1.3128865 0.9791359 1.1387102 1.0952810 0.9887552 1.1343025 1.0692489 0.9262131 1.1328031 0.8110108 1.1894087 1.0297364 0.8869129 1.1693581 0.9264084 0.9391595 0.9398369 0.8853131 0.9856144 1.0478806 1.0714518 1.1966023 0.9757674 1.0658050 0.8188911 1.2922828 1.3301995 1.3310715 1.4239130 1.1669400 1.5001041 1.4097658 1.0447137 1.0434863 1.3551613 1.3016021 1.2440467 1.3261247 1.7541714 1.6260888 1.4633797 1.5353876 1.6691824 1.5509887 1.5753746 1.1402368 2.4332000 2.2140103 1.4725294 
Spis_XP_022784772_1                                               0.8265561 0.7199605 0.7803034 0.8556706 0.5158544 0.1846551 0.1765373 0.1206283 0.0000000 0.0348909 0.1016678 0.6719570 0.8330192 0.8452414 0.8036755 0.9714455 0.8254745 0.9825401 1.2483736 0.9226414 0.9298291 0.8053296 0.6026982 0.9933991 0.8029682 1.0309465 1.0885692 1.4462210 1.0476544 1.1974083 1.1588751 1.0542130 1.2182841 1.1784585 0.9109575 1.2008577 0.8585655 1.2605664 1.0293003 0.9013232 1.1521355 0.9421791 0.9550311 0.9722499 0.8821732 1.0476759 1.1182902 1.0968109 1.2180832 1.0075594 1.0621969 0.7561454 1.3400375 1.3834469 1.4004514 1.3802176 1.1672883 1.5316243 1.4883684 1.0234313 1.0613843 1.4472011 1.2750145 1.3105443 1.3053530 1.7673807 1.6977729 1.4870780 1.5712653 1.6353692 1.4906386 1.6180810 1.1504635 2.0476342 2.2800116 1.5903696 
Pocdam_XM_027185008.1                                             0.7993195 0.6796580 0.7713376 0.8387440 0.5114987 0.1767615 0.1736671 0.1138474 0.0348909 0.0000000 0.0998585 0.6554429 0.8085631 0.8199871 0.8008913 0.9624270 0.8117377 0.9794002 1.2208198 0.9048032 0.8911298 0.7950648 0.5844423 0.9674004 0.7784344 1.0045165 1.0532526 1.3740383 1.0114639 1.1560815 1.1366199 1.0315822 1.1764115 1.1535273 0.9251972 1.1889935 0.8189082 1.2231306 1.0048437 0.8761369 1.1309216 0.9263581 0.9353940 0.9561241 0.8635562 1.0188403 1.0953151 1.0788224 1.1959801 0.9819668 1.0255168 0.7720533 1.3212410 1.3427803 1.3713590 1.4067375 1.1657896 1.5253974 1.4886787 1.0279957 1.0419614 1.3903400 1.2599968 1.2973085 1.2769788 1.7535089 1.6946820 1.4646147 1.5689560 1.6588756 1.4383624 1.5623384 1.0757898 1.9761817 2.3548475 1.5845581 
Gasp_gasp1.m3.12304.m1                                            0.8076814 0.6964727 0.7561213 0.7992462 0.5201349 0.1638421 0.1653650 0.0951928 0.1016678 0.0998585 0.0000000 0.6792229 0.8362953 0.8150117 0.7898633 0.9513617 0.8030421 0.9528146 1.1954562 0.9208896 0.9050194 0.7720855 0.6440890 0.9812190 0.7306493 0.9952163 1.0477544 1.2988877 1.0032326 1.1673011 1.0975234 1.0531895 1.1930353 1.1467199 0.9500675 1.1697238 0.8607238 1.2723399 0.9903337 0.9131196 1.1629947 0.9210193 0.9360037 0.9212649 0.8574187 1.0192213 1.0822691 1.0810735 1.1925642 0.9458094 1.0166083 0.7925478 1.3538299 1.3906034 1.4071299 1.3834774 1.1581242 1.5132609 1.4412910 1.0213247 1.0571055 1.4083617 1.2462740 1.3104041 1.3077511 1.7970361 1.7110210 1.4984498 1.6146080 1.6666324 1.4166392 1.4268596 1.0101379 2.0087090 2.2060267 1.6097953 
Dgig_XM_028538138.1                                               0.8101154 0.7622346 0.7879526 0.8592390 0.7246298 0.5105702 0.6950769 0.6702289 0.6719570 0.6554429 0.6792229 0.0000000 0.2666494 0.9019019 0.9103875 1.0693710 0.9170342 1.1243939 1.3040697 0.9599131 0.9199410 0.8514616 0.6368270 1.1184916 0.9676667 0.9820662 1.1995016 1.5454422 1.0981594 1.2688006 1.2402990 1.1544444 1.2612987 1.2045811 1.0661063 1.3086815 0.9520306 1.3799648 1.0042446 0.9100977 1.1798026 1.0627085 1.0609759 1.1545533 1.0228441 1.1375686 1.3430382 1.2693471 1.4071079 1.0402708 1.1262006 0.7965291 1.3462513 1.3923956 1.3893969 1.5199394 1.3507594 1.5284654 1.5668627 1.3677731 1.2938804 1.4873213 1.4726964 1.4847054 1.4540133 1.9271273 1.8190443 1.5288101 1.7909960 1.6069838 1.4561520 1.4357642 1.4194744 2.2683533 1.9103178 1.7779510 
Xesp_012612-T1                                                    0.9321416 0.8767239 0.8702831 0.9604475 0.7993550 0.6151433 0.8293158 0.7938605 0.8330192 0.8085631 0.8362953 0.2666494 0.0000000 0.9216633 1.0139099 1.1728781 1.0455213 1.2599722 1.4612245 1.0488990 1.0602867 0.9435756 0.7991162 1.2052182 1.0154426 1.0988313 1.3503982 1.5406125 1.2515034 1.3293153 1.3551377 1.2530349 1.4057899 1.2528582 1.2691655 1.4599198 1.0900761 1.5616485 1.1139661 1.0900441 1.2989456 1.2517866 1.2304695 1.2865541 1.1875906 1.2674258 1.4664255 1.4236370 1.5686063 1.2084925 1.2561915 0.8915314 1.5169361 1.5547954 1.5638935 1.5703427 1.4724873 1.6878948 1.7030636 1.4244847 1.4045250 1.6477159 1.6472930 1.6312791 1.6353056 2.2111217 1.9179192 1.7723174 1.8822323 1.6126125 1.3799308 1.4166890 1.4161831 2.3136167 1.8001025 2.1919566 
Acagra_model.g24422.t1_model.g24426.t1_model.g24428.t1.1.5d400fd5 0.8098469 0.6985286 0.7541013 0.5970268 0.8722745 0.6089750 0.7828411 0.8315406 0.8452414 0.8199871 0.8150117 0.9019019 0.9216633 0.0000000 0.8542911 0.9946949 0.9234258 1.0615650 1.2318173 0.9735125 0.9329391 0.8009217 0.6277237 0.9096995 0.9355008 0.8098776 0.9599867 1.2122162 0.9052009 1.0402274 1.0391407 0.9589990 1.0366613 0.9231700 0.8557582 1.0554687 0.8669873 1.1997402 0.8064463 0.7689344 0.9316018 1.1486638 1.1234878 1.1941089 1.0584364 0.9711333 1.0823926 1.0734578 1.2400723 0.9949964 1.0811541 0.8482695 1.2108731 1.3586979 1.3527848 1.4757985 1.1301669 1.4640627 1.3737874 1.0786531 1.1696026 1.4729385 1.3209056 1.3396908 1.3351337 1.8343562 1.7455802 1.5290442 1.6246763 1.6250609 1.5439403 1.4985802 1.3505719 2.3242267 2.9392661 2.0720092 
Tadh_TriadT26388                                                  0.9458165 0.8949849 0.8127414 0.9806170 0.8108939 0.5499476 0.7622241 0.8389093 0.8036755 0.8008913 0.7898633 0.9103875 1.0139099 0.8542911 0.0000000 0.0111460 0.2348656 0.2498859 0.5005919 0.2355778 0.9692409 0.8989996 0.7997012 0.9839426 0.8696962 0.9698455 1.0504717 1.1073684 0.8334865 1.1123099 1.0969101 0.9858962 1.1469268 1.0376704 1.1420110 1.1505665 0.9714904 1.1549625 0.9977690 1.0739020 1.2193225 1.0750151 1.0597177 1.0960420 1.0404642 1.0618021 1.0761202 1.2323644 1.1832840 0.9269256 1.0353042 0.9268001 1.4253488 1.3229698 1.3524789 1.4156468 1.2702704 1.5192921 1.4604680 1.1681563 1.1088181 1.4601837 1.3448936 1.4316245 1.3782952 1.7974656 1.8268571 1.4088138 1.6176327 1.5977550 1.2036118 1.0868652 1.2482447 1.6689497 2.0857535 1.7303816 
TrH2_TrispH2_007425-RA                                            1.0832657 1.0676564 0.9902952 1.1182630 0.9869538 0.6533013 0.9500030 1.0229021 0.9714455 0.9624270 0.9513617 1.0693710 1.1728781 0.9946949 0.0111460 0.0000000 0.2444403 0.3495703 0.6161694 0.3537989 1.1698345 1.1044670 0.7997012 1.1263916 1.0798150 1.1457460 1.2023526 1.4008635 1.0327030 1.3125109 1.3102690 1.2308808 1.3807041 1.0376704 1.1420110 1.3623269 0.9714904 1.4585762 1.1619970 1.2255442 1.4196406 1.2223319 1.2457209 1.2708009 1.2021948 1.2071911 1.2154389 1.2266107 1.3503987 1.0814385 1.2622468 1.1423979 1.4198535 1.4636730 1.4524220 1.5558703 1.4719393 1.6779075 1.6062085 1.3045229 1.2918505 1.6169468 1.4946792 1.5983738 1.6467363 2.1266339 2.1326027 1.7085529 1.8992421 1.8357271 1.5925912 1.4190201 1.5828687 2.6426471 4.0606960 2.0905843 
HoiH06_mRNA9472                                                   0.9725385 0.8807915 0.8723566 0.9892643 0.7910319 0.5422123 0.8045670 0.7992063 0.8254745 0.8117377 0.8030421 0.9170342 1.0455213 0.9234258 0.2348656 0.2444403 0.0000000 0.0576968 0.3224730 0.1121390 1.0451374 0.9362319 0.9269542 0.9503907 0.9172826 0.9379190 1.0058578 1.0485743 0.8012414 1.0804010 1.0541892 0.9736844 1.1599992 1.0913676 1.1184869 1.1246109 0.9392644 1.0990071 0.9482088 1.0377707 1.2625287 1.0116617 1.0000082 0.9384945 0.9958998 1.0791355 0.9612978 1.2102830 1.0152047 0.8776569 0.9671349 0.9361875 1.5066389 1.3505246 1.3627876 1.4148394 1.3268592 1.4976484 1.5707179 1.1968992 1.1207164 1.4083993 1.3681045 1.3886985 1.4115186 1.7918216 1.7674598 1.4098689 1.7225239 1.6044258 1.2392728 1.1306708 1.0835329 1.4065698 2.0233741 1.7614990 
HoiH23_PlH23_006782-RA                                            1.1067040 1.0257895 1.0313776 1.1057520 0.9690348 0.6150947 0.9734685 0.9783709 0.9825401 0.9794002 0.9528146 1.1243939 1.2599722 1.0615650 0.2498859 0.3495703 0.0576968 0.0000000 0.3356883 0.1540211 1.2479995 1.1359659 0.9567474 1.0736018 1.0138329 1.1072316 1.1963870 1.3705040 1.0168702 1.2940697 1.2354244 1.1911112 1.3570462 1.0545266 1.1086526 1.3106341 0.9380411 1.3600181 1.1634752 1.1370171 1.4493048 1.1856567 1.1711654 1.1066109 1.1210177 1.2898694 1.0901988 1.2020627 1.1439476 1.0056010 1.1360384 1.1569925 1.4657992 1.4334697 1.3895111 1.5181578 1.4608299 1.6569588 1.7575331 1.3391527 1.2915596 1.5607769 1.6502213 1.5210256 1.6421448 2.0762596 1.8922872 1.6527348 1.8591020 1.7659179 1.6147480 1.5174795 1.4689560 2.4535470 3.2742695 2.0645885 
Hhon_g03433.t1                                                    1.3108182 1.2217845 1.2276350 1.4242070 1.2611468 0.6324037 1.2201100 1.2638828 1.2483736 1.2208198 1.1954562 1.3040697 1.4612245 1.2318173 0.5005919 0.6161694 0.3224730 0.3356883 0.0000000 0.0329133 1.5222337 1.3571734 1.2284865 1.2066521 1.0978078 1.1681074 1.4850806 1.4386769 1.0469504 1.5829181 1.5579179 1.2582934 1.6460680 1.0651892 1.5769430 1.6044644 1.0755376 1.4703029 1.3493044 1.3566968 1.7408948 1.3136544 1.3334040 1.3475984 1.3092959 1.5075597 1.3541603 1.4510496 1.4754975 1.2463833 1.4155062 1.3746896 1.7001087 1.6809895 1.6705731 1.6566925 1.4884942 1.8449521 1.9855687 1.5238315 1.5782598 1.7943009 1.8736372 1.7572925 1.8814294 2.1553892 2.1126112 1.8262624 2.1130267 2.1112931 1.5996168 1.5620966 1.5106541 2.3206058 3.3307293 2.1032423 
HoiH04_mRNA7133                                                   0.9960719 0.9244326 0.9453573 1.0808081 0.9296838 0.6336261 0.9082812 0.9348773 0.9226414 0.9048032 0.9208896 0.9599131 1.0488990 0.9735125 0.2355778 0.3537989 0.1121390 0.1540211 0.0329133 0.0000000 1.1106795 0.9661904 0.6897985 0.9590782 0.9846238 1.1290866 1.2106396 1.4626661 1.0598878 1.2603316 1.2700453 1.2198865 1.3012717 1.0651892 1.0022792 1.3280304 0.8261877 1.2509374 1.0358261 1.0338297 1.3348178 1.0454443 1.0744091 1.0660123 1.0499522 1.1932324 1.0144979 1.0894799 1.1507309 0.9572453 0.9853819 1.0458449 1.3309738 1.4094216 1.3625049 1.3006928 1.1386085 1.4548102 1.4981442 1.2558563 1.2732454 1.5272201 1.4637738 1.3962548 1.5461791 1.7728181 1.7238381 1.4452253 1.7283275 1.6769636 1.6043058 1.5671268 1.5095597 2.3758411 3.4552300 2.0752767 
Nemnom_g19187.t1                                                  1.0109935 0.9968170 0.9893897 0.7992060 0.8893278 0.6040588 0.8650568 0.8962263 0.9298291 0.8911298 0.9050194 0.9199410 1.0602867 0.9329391 0.9692409 1.1698345 1.0451374 1.2479995 1.5222337 1.1106795 0.0000000 0.2171189 0.4600597 1.1669817 0.8583790 1.1938462 1.1952873 1.7088229 1.1373525 1.2454320 1.1963910 1.1511901 1.3008746 1.5077676 1.0464556 1.3514259 0.9606792 1.2786365 1.0248939 0.9132002 1.3514037 1.2539968 1.1810943 1.2521146 1.1873404 1.3183833 1.3094138 1.3507217 1.4004232 1.2346463 1.2860613 0.8758237 1.5898815 1.6793529 1.6028344 1.5888816 1.4318304 1.5508670 1.6410376 1.3250893 1.3209639 1.5252202 1.5300726 1.5672177 1.6689108 2.0052758 1.7537876 1.5471659 1.7957459 1.7460005 1.4168038 1.6869596 1.8705419 3.1630768 2.6270219 1.8489549 
Rhoesc_Res_010125-T1                                              0.8726712 0.9240568 0.8840207 0.7441810 0.8461336 0.5821277 0.7713629 0.7895108 0.8053296 0.7950648 0.7720855 0.8514616 0.9435756 0.8009217 0.8989996 1.1044670 0.9362319 1.1359659 1.3571734 0.9661904 0.2171189 0.0000000 0.3830407 1.1060133 0.7917095 1.0483755 1.1140399 1.4148172 1.0215540 1.2075102 1.1507858 1.0822789 1.1740770 1.2026020 0.9624158 1.3070148 0.9194102 1.1941060 0.9525033 0.8461600 1.2332312 1.1769520 1.1832100 1.1771609 1.1318068 1.2333472 1.2229836 1.2851540 1.3708853 1.1489727 1.2529817 0.7945480 1.4287155 1.5222452 1.4713447 1.4897686 1.3194701 1.4675299 1.5030791 1.2238431 1.1387048 1.4301649 1.4582729 1.4451880 1.4919020 1.8036742 1.6295099 1.4906300 1.6809036 1.6687554 1.5640679 1.5665028 1.5827708 2.9579778 2.1252028 1.8787360 
Sanmal_Sma_020818-T1                                              0.6632365 0.6205768 0.6335424 0.6320005 0.6150745 0.4258639 0.6429287 0.6130724 0.6026982 0.5844423 0.6440890 0.6368270 0.7991162 0.6277237 0.7997012 0.7997012 0.9269542 0.9567474 1.2284865 0.6897985 0.4600597 0.3830407 0.0000000 0.9680100 0.6136801 0.6503159 0.8945229 0.8207754 0.5066487 0.9344246 0.8469634 0.5670705 0.8672289 0.6895459 0.8583764 0.8103635 0.8965909 0.9171685 0.7488414 0.7157890 0.8252268 0.9423617 0.9480438 1.0131929 0.8717104 0.7707384 1.1248070 1.2892884 1.1531096 0.9698665 1.0658537 0.5884291 1.1401857 1.0744815 0.9978786 1.3527839 1.2991907 1.1860145 1.0974684 0.9908507 0.8713688 1.1459555 1.2586218 1.0756379 1.0538073 1.3809249 1.2733547 0.9623930 1.2568403 1.3046241 1.2530765 0.9162780 0.7381937 8.9999985 8.9999982 0.8186283 
Opea_EP00118_Oscarella_pearsei_P014436                            1.0158056 0.9615725 0.9828132 0.9798339 0.9849780 0.4668721 0.9381859 1.0218312 0.9933991 0.9674004 0.9812190 1.1184916 1.2052182 0.9096995 0.9839426 1.1263916 0.9503907 1.0736018 1.2066521 0.9590782 1.1669817 1.1060133 0.9680100 0.0000000 1.0523237 1.0912837 1.1430421 1.3445969 1.0238733 1.1327801 1.1797671 1.0009708 1.2106831 0.9493187 1.0501343 1.2873901 0.8311049 1.2490865 1.1521328 1.1370566 1.3670031 1.0995282 1.0252971 1.1184090 1.0112872 1.2872172 1.0277278 1.1134003 1.1453083 1.0828279 0.9538635 1.1524243 1.3252936 1.5820916 1.5206033 1.5780065 1.3923304 1.6060702 1.4003413 1.1962960 1.2882306 1.3426046 1.5190109 1.4878151 1.4534150 1.7359942 1.7728597 1.4143536 1.8002245 1.8261907 1.5333561 1.3643801 0.8857866 1.9596961 3.8785002 2.0057495 
Hvul_g23265_1                                                     1.0282399 0.7989264 0.9421908 0.9482125 0.8754409 0.5122899 0.7810379 0.7368696 0.8029682 0.7784344 0.7306493 0.9676667 1.0154426 0.9355008 0.8696962 1.0798150 0.9172826 1.0138329 1.0978078 0.9846238 0.8583790 0.7917095 0.6136801 1.0523237 0.0000000 1.1368228 1.1854579 1.5159591 1.0509456 1.1163287 1.1955356 1.1469954 1.2577187 1.3253827 0.9543903 1.2019416 0.9618211 1.3525524 1.0985949 1.0686986 1.1789136 1.1649130 1.1006484 1.1140404 1.1074733 1.1581721 1.2374121 1.2505095 1.4675887 1.1127308 1.0852693 0.8523979 1.2952540 1.4212249 1.4617444 1.3642502 1.2313154 1.5655380 1.4026596 1.3368112 1.2220445 1.5624793 1.4728932 1.5238585 1.3573683 1.8131319 1.7940583 1.4998235 1.7483365 1.7795503 1.6476782 1.6503305 1.7098637 2.9858010 0.9894266 1.9854999 
Cscu_XM_023370176.1                                               0.9406008 0.9026359 0.9395145 0.8469552 1.0139556 0.5671137 0.9687773 1.0114155 1.0309465 1.0045165 0.9952163 0.9820662 1.0988313 0.8098776 0.9698455 1.1457460 0.9379190 1.1072316 1.1681074 1.1290866 1.1938462 1.0483755 0.6503159 1.0912837 1.1368228 0.0000000 1.0010913 1.1924286 0.8798456 0.9674646 0.9602825 1.0208772 0.9392617 0.8487491 0.8936044 1.0974585 0.7079825 1.0594003 0.9736929 0.8049045 0.9897630 1.2012094 1.1862946 1.2410765 1.1722533 1.0393777 1.1611195 1.1344119 1.2893366 1.1539822 1.1840244 1.0710798 1.3799348 1.4082777 1.3231242 1.2297208 1.0442693 1.3981950 1.4190833 1.2141874 1.3332653 1.5145831 1.3420100 1.4739423 1.5039932 1.7181039 1.6921905 1.4416727 1.7434101 1.6883972 1.5160377 1.4862721 1.4111411 2.9033029 5.0682347 1.9791007 
Mlei_ML0036.g4.i1                                                 1.1423118 0.9408028 1.1372376 1.0145935 1.0334528 0.8239094 0.9903934 1.0253255 1.0885692 1.0532526 1.0477544 1.1995016 1.3503982 0.9599867 1.0504717 1.2023526 1.0058578 1.1963870 1.4850806 1.2106396 1.1952873 1.1140399 0.8945229 1.1430421 1.1854579 1.0010913 0.0000000 0.0000010 0.0658416 0.1481962 0.1956798 0.2049766 0.2479427 0.2859445 0.1718044 0.3275838 0.3073734 0.4016385 1.1942724 1.0815493 1.3191331 1.2472336 1.2759079 1.2597269 1.2200844 1.1811699 1.2651000 1.2830905 1.3018399 1.0922756 1.3559134 1.0650597 1.4424866 1.3372535 1.3046722 1.4612879 1.2450928 1.4542598 1.4169789 1.1568583 1.3453136 1.3772232 1.6016920 1.4912508 1.5126235 1.8585342 1.7948881 1.5960852 1.6369271 1.7013549 1.8089198 1.7845415 1.6227053 4.6764079 3.9885887 2.2421800 
Vmul_sbMO420028                                                   1.4678112 1.2137264 1.4348185 1.1974521 1.3747019 1.0328423 1.2228024 1.3128865 1.4462210 1.3740383 1.2988877 1.5454422 1.5406125 1.2122162 1.1073684 1.4008635 1.0485743 1.3705040 1.4386769 1.4626661 1.7088229 1.4148172 0.8207754 1.3445969 1.5159591 1.1924286 0.0000010 0.0000000 0.0844269 0.1935367 0.2601178 0.3270472 0.3439294 0.2859445 0.7286009 0.5058410 0.3105524 0.4886553 1.5773753 1.2917511 1.7428751 1.8119388 1.8004790 1.8212260 1.7524751 1.6304827 1.1269645 1.2257695 1.5091431 1.3013324 1.7950327 1.4047322 1.7831548 1.6987872 1.6157306 1.5170473 1.2293403 1.9140630 1.7095205 1.4457667 1.6177735 1.7186643 1.8621982 1.9134889 1.9774928 2.5461785 2.3949973 2.3019738 2.2664739 2.0748014 1.7264489 1.7845415 1.6227053 4.6764079 3.9885887 7.4780977 
Bolinf_Binf_sb1225793                                             1.0210483 0.8556460 0.9858518 0.8909983 1.0130378 0.7704346 0.9495499 0.9791359 1.0476544 1.0114639 1.0032326 1.0981594 1.2515034 0.9052009 0.8334865 1.0327030 0.8012414 1.0168702 1.0469504 1.0598878 1.1373525 1.0215540 0.5066487 1.0238733 1.0509456 0.8798456 0.0658416 0.0844269 0.0000000 0.1771176 0.2387363 0.2492009 0.2696459 0.3101214 0.2332417 0.3581521 0.2587988 0.3817173 1.0817855 0.9429588 1.1686081 1.1815946 1.2196211 1.2406661 1.2021551 1.1568270 1.0673811 1.0961258 1.2126939 0.9555518 1.2442627 1.0233916 1.3277449 1.3018744 1.2393375 1.1688010 1.0362869 1.3579685 1.3438522 1.1322831 1.2591319 1.4381102 1.4188651 1.4007601 1.4122414 1.7227327 1.6887738 1.4825240 1.6725565 1.5510562 1.7242929 1.8092081 1.7038849 4.4692454 4.2556448 2.3054343 
Beraby_Baby_sb341976                                              1.2129243 1.0554739 1.1259661 1.0062528 1.1412623 0.7993905 1.1097373 1.1387102 1.1974083 1.1560815 1.1673011 1.2688006 1.3293153 1.0402274 1.1123099 1.3125109 1.0804010 1.2940697 1.5829181 1.2603316 1.2454320 1.2075102 0.9344246 1.1327801 1.1163287 0.9674646 0.1481962 0.1935367 0.1771176 0.0000000 0.2562083 0.2451823 0.3065249 0.4127856 0.2135499 0.3612106 0.3670970 0.5009450 1.1855893 1.1652196 1.3788558 1.3142644 1.3611643 1.3673785 1.2994449 1.2985965 1.3953561 1.3620906 1.4937948 1.1888215 1.4516641 1.1634154 1.4558072 1.3698798 1.3762408 1.5430969 1.4183970 1.5140130 1.5638051 1.2493242 1.3882420 1.4051351 1.6756808 1.6313485 1.6307464 2.0842158 1.9699625 1.7067389 1.8309148 1.8000667 1.8031303 1.7702386 1.6401159 4.4085972 4.7930785 2.1893383 
Drygla_Dgla_sb296054                                              1.2190478 1.0026737 1.1733956 1.0338547 1.0565862 0.7858320 1.1189424 1.0952810 1.1588751 1.1366199 1.0975234 1.2402990 1.3551377 1.0391407 1.0969101 1.3102690 1.0541892 1.2354244 1.5579179 1.2700453 1.1963910 1.1507858 0.8469634 1.1797671 1.1955356 0.9602825 0.1956798 0.2601178 0.2387363 0.2562083 0.0000000 0.2529459 0.2884935 0.2767106 0.2007945 0.3490695 0.3266495 0.4549966 1.1706170 1.1073041 1.3866919 1.2651354 1.3157320 1.3143377 1.2557611 1.2027752 1.3288842 1.2949161 1.3280107 1.1409258 1.3646833 1.1242076 1.4945336 1.4021348 1.3929276 1.4816350 1.4076065 1.5526916 1.4287498 1.2128981 1.4681952 1.3883477 1.6071555 1.4612922 1.5576646 1.8486754 1.6802437 1.5581477 1.6130108 1.6719071 1.8017314 1.8300304 1.8445085 5.1724981 4.5553946 1.9864132 
Mertsp_Mesp_sb585559                                              1.0884254 0.8492165 1.0524582 0.9401430 1.0216437 0.8043192 1.0226502 0.9887552 1.0542130 1.0315822 1.0531895 1.1544444 1.2530349 0.9589990 0.9858962 1.2308808 0.9736844 1.1911112 1.2582934 1.2198865 1.1511901 1.0822789 0.5670705 1.0009708 1.1469954 1.0208772 0.2049766 0.3270472 0.2492009 0.2451823 0.2529459 0.0000000 0.2646862 0.3220181 0.1931724 0.3143919 0.2764213 0.3823367 1.0018440 0.9883027 1.1588486 1.1688955 1.1828072 1.2320179 1.1612934 1.1199479 1.2134504 1.0880916 1.2901981 0.9907592 1.1294931 1.0583553 1.1877218 1.1844436 1.1926096 1.2239668 1.2008819 1.3840426 1.3083919 1.0480571 1.2777937 1.3221884 1.4670166 1.3017381 1.3643913 1.6746208 1.6177092 1.4804789 1.5634284 1.6063295 1.7749772 1.7573557 1.8121894 3.9431289 5.6880852 2.0716225 
Coeast_Cast_sb787138                                              1.2179359 0.9915236 1.2128300 1.0385483 1.1045907 0.8646677 1.1583538 1.1343025 1.2182841 1.1764115 1.1930353 1.2612987 1.4057899 1.0366613 1.1469268 1.3807041 1.1599992 1.3570462 1.6460680 1.3012717 1.3008746 1.1740770 0.8672289 1.2106831 1.2577187 0.9392617 0.2479427 0.3439294 0.2696459 0.3065249 0.2884935 0.2646862 0.0000000 0.0381375 0.2536408 0.3658042 0.4005101 0.5118340 1.1956597 1.1023103 1.3381227 1.3685748 1.3753737 1.4138624 1.3526617 1.3040204 1.4093374 1.3838021 1.5230154 1.2437955 1.4462992 1.2120330 1.4057043 1.3539541 1.3154544 1.6114154 1.3677346 1.5732806 1.5183808 1.2733581 1.5181115 1.4780125 1.6419165 1.5773655 1.5738768 1.8883677 1.8209994 1.6050052 1.6330517 1.8023432 2.0052278 1.8949217 1.8009525 4.2371647 4.5504977 2.1319661 
Coemet_Cmet_scaffold19710_01                                      1.0926453 0.9659368 1.1218143 0.9432430 1.1491533 0.9746594 1.1203441 1.0692489 1.1784585 1.1535273 1.1467199 1.2045811 1.2528582 0.9231700 1.0376704 1.0376704 1.0913676 1.0545266 1.0651892 1.0651892 1.5077676 1.2026020 0.6895459 0.9493187 1.3253827 0.8487491 0.2859445 0.2859445 0.3101214 0.4127856 0.2767106 0.3220181 0.0381375 0.0000000 0.8500052 0.4445357 0.4696078 0.4925282 1.1323154 1.0046778 1.3153706 1.3127485 1.2851653 1.3140815 1.2824481 1.2036607 0.9634834 1.1405864 1.3427651 1.0955220 1.2054964 0.9441341 1.4540058 1.3652510 1.3098943 1.2712040 0.9221434 1.4977628 1.2946270 1.1585779 1.3493467 1.3968405 1.3455254 1.3727557 1.3686799 1.7126281 1.7327178 1.6930522 1.5375960 1.6635659 1.3845451 1.3532060 1.1791411 2.3028393 2.9579045 5.8433475 
Lampan_Lpan_15992_01                                              0.9905675 0.8454545 0.9846998 1.0362884 0.8708311 0.6793378 0.9234044 0.9262131 0.9109575 0.9251972 0.9500675 1.0661063 1.2691655 0.8557582 1.1420110 1.1420110 1.1184869 1.1086526 1.5769430 1.0022792 1.0464556 0.9624158 0.8583764 1.0501343 0.9543903 0.8936044 0.1718044 0.7286009 0.2332417 0.2135499 0.2007945 0.1931724 0.2536408 0.8500052 0.0000000 0.2590725 0.3625478 0.3717067 1.0229306 1.0294184 1.0124232 0.9760186 1.0146285 1.0443974 0.9606436 1.0325682 1.4621716 1.5084628 1.2703116 1.1037060 1.1488164 0.9820761 1.4932067 1.2206509 1.3071440 1.6030850 1.4571446 1.3355691 1.2676244 1.0539183 1.2086964 1.1996984 1.4634899 1.2611000 1.2558006 1.5150754 1.5599679 1.1464841 1.2413813 1.4969418 7.0119797 2.7915163 3.5229699 9.0000000 9.0000000 1.0051115 
Eupdun_Edun_sb10668535                                            1.2760533 0.9879664 1.0850020 1.0201440 1.1155987 0.9000411 1.1507964 1.1328031 1.2008577 1.1889935 1.1697238 1.3086815 1.4599198 1.0554687 1.1505665 1.3623269 1.1246109 1.3106341 1.6044644 1.3280304 1.3514259 1.3070148 0.8103635 1.2873901 1.2019416 1.0974585 0.3275838 0.5058410 0.3581521 0.3612106 0.3490695 0.3143919 0.3658042 0.4445357 0.2590725 0.0000000 0.4371539 0.5763587 1.2335205 1.1008739 1.3830214 1.2474320 1.2932265 1.3353705 1.2156765 1.1716853 1.3197380 1.3129387 1.4360489 1.2050552 1.3500159 1.0935977 1.3268254 1.2685040 1.3540198 1.5189346 1.4544045 1.5474265 1.5332898 1.2994014 1.4891678 1.3728193 1.7046960 1.5495547 1.5569104 1.9916647 1.9297194 1.6841455 1.7411920 1.8485591 1.7790310 1.8543455 2.0625516 3.9040329 5.8980369 2.1804277 
Pbac_sb2651199                                                    0.9685682 0.7328811 0.8923942 0.8398858 0.8549141 0.6371807 0.8306075 0.8110108 0.8585655 0.8189082 0.8607238 0.9520306 1.0900761 0.8669873 0.9714904 0.9714904 0.9392644 0.9380411 1.0755376 0.8261877 0.9606792 0.9194102 0.8965909 0.8311049 0.9618211 0.7079825 0.3073734 0.3105524 0.2587988 0.3670970 0.3266495 0.2764213 0.4005101 0.4696078 0.3625478 0.4371539 0.0000000 0.0499026 0.8727766 0.8873155 1.0388513 1.0609140 1.0136814 1.0739199 1.0183845 1.0393123 0.9405531 1.0393121 0.9817567 0.8407224 0.9518799 0.8166360 1.3813847 1.1592414 1.1313056 1.2406996 1.1524491 1.2347059 1.1197608 1.0604725 1.1219582 1.0829028 1.1892444 1.0965494 1.1818783 1.4552993 1.4339133 1.1739631 1.3436383 1.3506152 0.9890460 0.9708285 0.9051368 1.6763323 1.6346239 1.8731302 
Horcal_Hcv1.av93.c10.g331.i1                                      1.3900309 1.0886660 1.2669843 1.2040720 1.1852533 0.7901949 1.2348821 1.1894087 1.2605664 1.2231306 1.2723399 1.3799648 1.5616485 1.1997402 1.1549625 1.4585762 1.0990071 1.3600181 1.4703029 1.2509374 1.2786365 1.1941060 0.9171685 1.2490865 1.3525524 1.0594003 0.4016385 0.4886553 0.3817173 0.5009450 0.4549966 0.3823367 0.5118340 0.4925282 0.3717067 0.5763587 0.0499026 0.0000000 1.2845152 1.1621948 1.5590164 1.5332535 1.5200972 1.6031287 1.4880418 1.3696902 1.2528105 1.2977692 1.2784329 1.1372910 1.3816903 1.1955410 1.4631139 1.5475425 1.5117745 1.6889906 1.4552492 1.6586339 1.6231614 1.4127276 1.4971236 1.4656092 1.5972974 1.6229418 1.5860805 1.9556056 1.8819231 1.6304594 1.7135790 1.7140533 1.8585636 1.9481159 1.8905843 4.8319016 5.2792641 2.2503897 
Ctel_gnl_WGS_AMQN_CAPTEDRAFT_mRNA20043                            0.8826395 0.8536508 0.8782984 0.7090341 0.9760626 0.6214608 0.9800927 1.0297364 1.0293003 1.0048437 0.9903337 1.0042446 1.1139661 0.8064463 0.9977690 1.1619970 0.9482088 1.1634752 1.3493044 1.0358261 1.0248939 0.9525033 0.7488414 1.1521328 1.0985949 0.9736929 1.1942724 1.5773753 1.0817855 1.1855893 1.1706170 1.0018440 1.1956597 1.1323154 1.0229306 1.2335205 0.8727766 1.2845152 0.0000000 0.8508411 1.0080722 1.2168232 1.1758633 1.1871877 1.1564139 1.0869643 1.2570280 1.1920264 1.4251289 1.0903203 1.2737365 1.0008180 1.3287452 1.3596910 1.3848513 1.4996791 1.2543199 1.6363202 1.5831490 1.2656369 1.3844752 1.6297538 1.5076546 1.5389193 1.6040251 1.9203088 1.9500254 1.7323312 1.8595299 2.0775026 1.5091535 1.5976518 1.3791184 2.3711785 2.9996394 1.9098357 
Tcas_TC011523_001                                                 0.8954233 0.7768430 0.9371305 0.8499947 0.8731992 0.6547556 0.8398655 0.8869129 0.9013232 0.8761369 0.9131196 0.9100977 1.0900441 0.7689344 1.0739020 1.2255442 1.0377707 1.1370171 1.3566968 1.0338297 0.9132002 0.8461600 0.7157890 1.1370566 1.0686986 0.8049045 1.0815493 1.2917511 0.9429588 1.1652196 1.1073041 0.9883027 1.1023103 1.0046778 1.0294184 1.1008739 0.8873155 1.1621948 0.8508411 0.0000000 0.8265941 1.1813983 1.1941150 1.1586558 1.0989870 0.9825581 1.1420287 1.1573239 1.3123523 1.1793723 1.3271436 0.9718547 1.4757057 1.4864100 1.3775384 1.6183080 1.3482700 1.6155853 1.2942772 1.2692950 1.3345405 1.4589403 1.4649374 1.4321218 1.2533876 1.8879642 1.6402178 1.5508556 1.8137976 1.6267731 1.5537112 1.5639292 1.4867045 2.6906434 3.1123764 1.8612351 
Dpul_mRNA521                                                      1.0484361 0.9865050 1.1354214 1.0089433 1.1832355 0.8498047 1.1321336 1.1693581 1.1521355 1.1309216 1.1629947 1.1798026 1.2989456 0.9316018 1.2193225 1.4196406 1.2625287 1.4493048 1.7408948 1.3348178 1.3514037 1.2332312 0.8252268 1.3670031 1.1789136 0.9897630 1.3191331 1.7428751 1.1686081 1.3788558 1.3866919 1.1588486 1.3381227 1.3153706 1.0124232 1.3830214 1.0388513 1.5590164 1.0080722 0.8265941 0.0000000 1.2211141 1.2066315 1.2127725 1.1496575 1.1939447 1.4351654 1.4749474 1.4901588 1.2905681 1.3585827 1.2516840 1.2617267 1.3311748 1.3233096 1.5684788 1.4556668 1.3678648 1.5745272 1.3733157 1.4952705 1.4209831 1.6485250 1.6517517 1.6956374 1.7553891 1.7302676 1.7482737 1.8019327 1.7949430 1.8469074 1.8972587 1.5347517 2.8793538 4.2101922 2.1084469 
Scil_scict004132.2                                                1.1514308 0.9938652 1.1381774 1.0887988 0.9453500 0.6710288 0.8788708 0.9264084 0.9421791 0.9263581 0.9210193 1.0627085 1.2517866 1.1486638 1.0750151 1.2223319 1.0116617 1.1856567 1.3136544 1.0454443 1.2539968 1.1769520 0.9423617 1.0995282 1.1649130 1.2012094 1.2472336 1.8119388 1.1815946 1.3142644 1.2651354 1.1688955 1.3685748 1.3127485 0.9760186 1.2474320 1.0609140 1.5332535 1.2168232 1.1813983 1.2211141 0.0000000 0.1598986 0.1751748 0.1586764 1.2182821 1.2119589 1.1601955 1.2901617 0.9947886 1.2364260 1.1613666 1.2962468 1.5940834 1.4941772 1.5365804 1.3613134 1.6212172 1.6077156 1.3507668 1.3591817 1.4747149 1.7562039 1.4613984 1.7729011 1.9657904 1.9677542 1.8106560 1.9701824 1.9166389 1.5154157 1.5668765 1.6876130 1.2110332 3.5461903 1.9025818 
Leuniv_Lniv_C811426_01                                            1.1689179 1.0100517 1.1112482 1.1050820 0.9441043 0.6187671 0.9142082 0.9391595 0.9550311 0.9353940 0.9360037 1.0609759 1.2304695 1.1234878 1.0597177 1.2457209 1.0000082 1.1711654 1.3334040 1.0744091 1.1810943 1.1832100 0.9480438 1.0252971 1.1006484 1.1862946 1.2759079 1.8004790 1.2196211 1.3611643 1.3157320 1.1828072 1.3753737 1.2851653 1.0146285 1.2932265 1.0136814 1.5200972 1.1758633 1.1941150 1.2066315 0.1598986 0.0000000 0.1934489 0.1608683 1.2457954 1.2221860 1.2123672 1.2548586 0.9834152 1.1610351 1.1695420 1.4121248 1.6970491 1.5413583 1.5600834 1.4136732 1.6238793 1.6021681 1.3423451 1.3058968 1.5299298 1.6599174 1.4927402 1.7624605 1.8782539 1.9496534 1.7561509 1.9344337 1.9180115 1.5110879 1.5126270 1.5444570 1.1658004 3.9733949 1.8935099 
Gracom_Gcom_C557800_01                                            1.1732963 0.9958339 1.1515755 1.1455845 0.9639762 0.6578583 0.9046207 0.9398369 0.9722499 0.9561241 0.9212649 1.1545533 1.2865541 1.1941089 1.0960420 1.2708009 0.9384945 1.1066109 1.3475984 1.0660123 1.2521146 1.1771609 1.0131929 1.1184090 1.1140404 1.2410765 1.2597269 1.8212260 1.2406661 1.3673785 1.3143377 1.2320179 1.4138624 1.3140815 1.0443974 1.3353705 1.0739199 1.6031287 1.1871877 1.1586558 1.2127725 0.1751748 0.1934489 0.0000000 0.1935570 1.2146086 1.2185749 1.1962985 1.2456283 0.9658136 1.1497369 1.1533109 1.3084730 1.5971567 1.5042344 1.5156915 1.4200753 1.5761234 1.5905872 1.2989503 1.3645149 1.4746966 1.7413283 1.5362865 1.7241894 1.9187445 1.8975333 1.6955318 1.9872485 1.9897430 1.4930223 1.5867210 1.5623050 1.1051313 3.0002626 1.9035776 
Lcom_lcpid56637                                                   1.0696223 0.9842594 1.0367024 1.0647634 0.9037453 0.6282742 0.8225858 0.8853131 0.8821732 0.8635562 0.8574187 1.0228441 1.1875906 1.0584364 1.0404642 1.2021948 0.9958998 1.1210177 1.3092959 1.0499522 1.1873404 1.1318068 0.8717104 1.0112872 1.1074733 1.1722533 1.2200844 1.7524751 1.2021551 1.2994449 1.2557611 1.1612934 1.3526617 1.2824481 0.9606436 1.2156765 1.0183845 1.4880418 1.1564139 1.0989870 1.1496575 0.1586764 0.1608683 0.1935570 0.0000000 1.2039545 1.1755625 1.0964545 1.2623729 0.9388284 1.1242732 1.0653801 1.3361301 1.5612247 1.4766096 1.4682620 1.3619147 1.5971929 1.5231679 1.2583797 1.2610000 1.3746838 1.7334369 1.4605657 1.6706923 1.9235286 1.9022707 1.7506982 1.8246784 1.8693084 1.4021501 1.3538580 1.5423789 1.2652668 3.6077216 1.9113720 
Spur_XM_787311.5                                                  0.9961650 0.8016824 0.8579810 0.9710963 1.0347260 0.7427081 1.0207921 0.9856144 1.0476759 1.0188403 1.0192213 1.1375686 1.2674258 0.9711333 1.0618021 1.2071911 1.0791355 1.2898694 1.5075597 1.1932324 1.3183833 1.2333472 0.7707384 1.2872172 1.1581721 1.0393777 1.1811699 1.6304827 1.1568270 1.2985965 1.2027752 1.1199479 1.3040204 1.2036607 1.0325682 1.1716853 1.0393123 1.3696902 1.0869643 0.9825581 1.1939447 1.2182821 1.2457954 1.2146086 1.2039545 0.0000000 1.2903837 1.2457724 1.3540969 1.2034888 1.3290624 1.0934774 1.5235994 1.4816616 1.5239182 1.6358118 1.3905740 1.5867972 1.6769497 1.3922015 1.3702407 1.6220335 1.6280903 1.5042692 1.5671253 1.9099687 1.6862648 1.4709897 1.6821592 1.5959328 2.0509148 2.1391191 2.0816064 2.9307979 4.2825953 1.8329566 
Aque_Aqu2.1.39112_001                                             1.2269004 1.0946281 1.2289712 1.1882558 1.0862664 0.7838026 1.0890327 1.0478806 1.1182902 1.0953151 1.0822691 1.3430382 1.4664255 1.0823926 1.0761202 1.2154389 0.9612978 1.0901988 1.3541603 1.0144979 1.3094138 1.2229836 1.1248070 1.0277278 1.2374121 1.1611195 1.2651000 1.1269645 1.0673811 1.3953561 1.3288842 1.2134504 1.4093374 0.9634834 1.4621716 1.3197380 0.9405531 1.2528105 1.2570280 1.1420287 1.4351654 1.2119589 1.2221860 1.2185749 1.1755625 1.2903837 0.0000000 0.3459981 0.5987675 0.9569673 1.0876698 1.1906265 1.5022443 1.5699878 1.5731857 1.6817138 1.4343295 1.6711271 1.4931864 1.3613572 1.6732380 1.3467553 1.4052280 1.5740308 1.8078387 2.0232430 1.9011658 1.7209148 1.8518995 1.6907424 1.7103836 1.5923645 1.2443889 2.8459573 4.5878360 2.3431153 
Halamb_c53427_g1_i1m.35492                                        1.2586819 1.0842709 1.1046742 1.2028488 0.9865010 0.8268225 1.1415228 1.0714518 1.0968109 1.0788224 1.0810735 1.2693471 1.4236370 1.0734578 1.2323644 1.2266107 1.2102830 1.2020627 1.4510496 1.0894799 1.3507217 1.2851540 1.2892884 1.1134003 1.2505095 1.1344119 1.2830905 1.2257695 1.0961258 1.3620906 1.2949161 1.0880916 1.3838021 1.1405864 1.5084628 1.3129387 1.0393121 1.2977692 1.1920264 1.1573239 1.4749474 1.1601955 1.2123672 1.1962985 1.0964545 1.2457724 0.3459981 0.0000000 0.4985449 0.8844249 1.0498021 1.3114954 1.3177037 1.4563935 1.4443650 1.5711786 1.3359814 1.5710791 1.2994364 1.4031489 1.4450042 1.2930273 1.3275317 1.4444923 1.6653276 1.7296088 1.8075256 1.5252026 1.8647866 1.7120733 1.2985566 1.2576762 1.1638760 1.8406190 4.3325511 1.8927347 
