68
Hsap_ENST00000297504                                     0.0000000 1.2170655 1.6570794 0.9547861 1.5930071 1.5213260 1.0874419 1.5659770 1.5355379 1.6591001 1.5504264 1.7355651 1.7264431 1.2614090 1.9298471 1.6820397 1.7929457 1.6656820 1.5732832 1.2526483 1.1257433 1.1062715 1.5672982 1.9747583 1.3221038 1.5836566 1.1605848 1.9071179 1.4382449 1.8129068 1.4353875 1.4823789 1.5816593 1.4162228 1.7465736 1.7991584 1.8062792 1.7994602 1.8041416 1.7754941 1.4941063 1.8127899 1.6114700 1.8451324 1.7621296 1.7184193 1.9684121 1.7271172 1.6403303 2.1360713 1.6398771 1.9173464 1.9056420 2.4485648 1.7928920 2.4211605 2.5964528 2.4128643 1.6193147 2.7770516 2.1088520 2.2102213 2.3223936 2.0649850 1.7352839 2.5625280 2.4517779 3.3704141 
Bralan_BLAG10000879_1                                    1.2170655 0.0000000 1.0695250 0.7844872 1.1025858 0.9815093 0.7673765 1.0042185 1.0088507 1.1196558 1.0062812 1.3266384 1.2615779 0.9285999 1.4355126 1.2016959 1.2279761 1.3971422 1.3716335 1.2195318 1.1193737 1.0031586 1.3611047 1.4667829 1.1950877 1.2842012 1.0274571 1.4983203 1.0585617 1.3332082 1.0673887 1.3188996 1.1410999 1.0368751 1.2714854 1.2761032 1.2905558 1.2805730 1.3287990 1.3025733 1.2133451 1.0301767 1.5505696 1.5726384 1.5623676 1.4748876 1.5028954 1.5005375 1.6571366 1.6781396 1.4739325 1.5034343 1.9577827 1.9663708 1.5631838 1.7920694 1.8161404 2.0834830 1.1191500 2.0159579 1.7534060 1.8151327 2.0371167 1.6779987 1.7076190 1.9278395 2.1594254 3.1172868 
Exapal_XM_021053917.2                                    1.6570794 1.0695250 0.0000000 0.2437992 0.7433319 0.7470710 0.4445403 0.7036683 0.7074323 0.7391394 0.7446315 1.3337087 1.2875502 0.8017828 1.2025723 1.0533707 1.0600880 1.0673060 0.9994389 1.1031028 1.0512197 0.9208169 1.3998049 1.3301872 1.0114431 1.4894507 1.0082805 1.7222646 1.2600484 1.2423500 1.1939455 1.3004993 1.1367815 1.3214703 1.3535560 1.4706551 1.4884660 1.4690957 1.4614991 1.4400213 1.2097574 1.4925950 1.3864034 1.6112637 1.6267000 1.5188053 1.5903553 1.5428886 1.4672010 1.8410335 1.4578394 1.5050478 1.9096180 2.4624002 1.8662211 2.3940782 2.1510971 2.4660738 1.4767414 2.5172019 1.8153718 1.9173512 2.0216406 1.7225380 1.9230922 2.2421412 2.4140980 3.0746788 
Nvec_v1g110132                                           0.9547861 0.7844872 0.2437992 0.0000000 0.4893628 0.4893628 0.5434572 0.4984302 0.4805276 0.5410604 0.8589481 0.8002242 0.5923647 0.7057099 1.4388126 0.6895937 0.5884751 0.7276559 0.8230066 1.0926534 0.9528506 0.7526336 0.5888298 0.6919145 0.0000010 0.9004921 0.8826694 0.9292264 0.8655149 0.6811444 1.0121502 1.0508018 0.8916753 1.0154996 0.9178674 0.9241111 1.0189781 1.0189781 0.9343239 1.0236539 1.0659230 0.7512246 1.0521259 1.3835315 1.3422926 0.9344544 0.9983065 0.9072829 0.7455403 1.0291284 0.8374777 0.9396330 0.9718333 0.9347949 1.3590978 1.3499670 1.2890227 1.1302643 0.9282070 1.1549135 1.0578163 1.1200047 0.9118726 1.0922866 1.6442237 1.0668526 8.9999990 5.0448109 
Adig_XM_015920068.1                                      1.5930071 1.1025858 0.7433319 0.4893628 0.0000000 0.0441704 0.2175501 0.4355983 0.4302290 0.3634583 0.3302658 1.4039158 1.2165850 1.0018335 1.2045532 1.0321142 1.2652407 1.0353267 1.0331234 1.1491593 1.0482511 1.0778661 1.4917300 1.5289637 1.0123112 1.4986907 0.9412296 1.6555704 1.1916482 1.2806480 1.1809837 1.3306775 1.1548758 1.2363918 1.4655221 1.4817277 1.4530183 1.4515500 1.4483828 1.5340494 1.2864100 1.5596872 1.4844342 1.6872307 1.6497450 1.6477159 1.7025533 1.6259500 1.7379355 1.9568990 1.4996795 1.6326572 2.2175294 2.3988884 1.8770408 2.2213682 2.4460201 2.5212351 1.4538051 2.6385413 1.7276145 1.8895302 1.8231575 2.0478218 1.6795417 2.0525738 1.9923542 3.0794253 
Amil_Amillepora10096-RA                                  1.5213260 0.9815093 0.7470710 0.4893628 0.0441704 0.0000000 0.1708970 0.4294682 0.4307282 0.3465858 0.3097512 1.3386510 1.1837689 0.8484158 1.1340418 0.9921199 1.1676049 1.0121619 0.9481849 1.0216599 0.9239265 0.9051364 1.5177176 1.4638445 1.0266017 1.4224692 0.8202609 1.5822640 1.1397880 1.2525072 1.1267926 1.2142470 1.0973447 1.1773415 1.3192621 1.4961496 1.4252180 1.4244281 1.4245144 1.3854053 1.1492615 1.5731812 1.3557555 1.5998666 1.5466088 1.5711445 1.6430622 1.5138103 1.4790773 1.8321521 1.3892210 1.4861773 2.1195847 2.3617605 1.6813940 2.0835498 2.2573875 2.3626435 1.3533852 2.5064255 1.6187808 1.7546207 1.7329657 1.8063783 1.6244410 2.0445082 2.1691653 3.0003814 
Fspp_ffun1.m4.27903.m1                                   1.0874419 0.7673765 0.4445403 0.5434572 0.2175501 0.1708970 0.0000000 0.1891638 0.1984847 0.0897699 0.1788260 1.0011202 0.8625227 0.8164311 0.9687322 0.7784005 0.8170318 0.7815815 0.8786688 0.9826900 0.9401771 0.8716739 1.0310452 1.0178440 0.8830592 0.9766915 0.8492996 1.0226392 0.8085570 0.9776196 0.8275535 1.1114005 0.8445730 0.8523853 0.9486299 0.9499309 0.9574448 0.9557889 0.9429298 0.9863813 0.9634638 0.9200973 1.2478229 1.2805499 1.2822483 1.2127805 1.1911564 1.1769537 1.1623639 1.2620865 1.0691423 1.3018881 1.9076392 1.7032803 1.7002409 1.6972682 1.7396877 1.7730899 0.8343084 1.8229052 1.2118219 1.3181935 1.5178105 1.3573986 1.1944281 1.6078336 1.5307245 2.3190461 
Spis_XP_022799859_1                                      1.5659770 1.0042185 0.7036683 0.4984302 0.4355983 0.4294682 0.1891638 0.0000000 0.1456142 0.3639650 0.3850920 1.4225288 1.2899805 0.8068681 1.2545803 1.0667298 1.2174214 1.0684611 0.9876233 1.0066986 0.9334734 0.8672228 1.4043231 1.5244259 1.0306337 1.3782591 0.8887168 1.5908550 1.2077287 1.3056318 1.1731605 1.2005432 1.2040276 1.2528478 1.3419540 1.5156136 1.5165022 1.5115430 1.4788190 1.3754630 1.1076453 1.4861027 1.3943458 1.6723362 1.6509696 1.5362880 1.6360497 1.5983878 1.6658598 1.9317236 1.4071283 1.6187032 1.8736871 2.2374946 1.6846970 2.1835147 2.1483652 2.2935288 1.3492861 2.6744655 1.7658046 1.9703112 1.9874213 1.8610960 1.5197244 2.2373574 2.1007699 3.1834260 
Pocdam_XM_027181758.1                                    1.5355379 1.0088507 0.7074323 0.4805276 0.4302290 0.4307282 0.1984847 0.1456142 0.0000000 0.3280392 0.4026456 1.3751182 1.3057706 0.7788517 1.2235601 0.9984502 1.1240056 0.9872783 0.9367832 0.9915473 0.9086962 0.8429313 1.4414035 1.4429192 1.0399112 1.4578915 0.8914293 1.5275233 1.1534184 1.2639972 1.1155288 1.2152814 1.1484082 1.2134808 1.2662745 1.3871251 1.3777319 1.3775353 1.3532936 1.2966625 1.0991948 1.4883466 1.3565655 1.6087518 1.5392986 1.5590694 1.5356025 1.5150631 1.5585274 1.9061409 1.3798315 1.4878093 1.8714963 2.1564378 1.7684133 2.1167195 2.1462151 2.3213690 1.3172614 2.5746342 1.7051889 1.8570268 1.8563139 1.6793389 1.5434023 2.0763568 2.0937517 3.1263010 
Gasp_gasp1.m3.28204.m1                                   1.6591001 1.1196558 0.7391394 0.5410604 0.3634583 0.3465858 0.0897699 0.3639650 0.3280392 0.0000000 0.3202351 1.4906674 1.3467704 0.8204640 1.3759614 1.0726509 1.2808443 1.0892163 1.0109327 1.0531132 0.9657265 0.9738321 1.5077796 1.5147174 0.9885563 1.4452935 0.8930119 1.5707025 1.2287091 1.4017947 1.3168259 1.2716600 1.2436116 1.3024699 1.3611960 1.5516988 1.5524055 1.5552445 1.5043306 1.3894690 1.2458350 1.6437802 1.4237281 1.7428814 1.6643780 1.7871837 1.7391984 1.7242643 1.8135097 2.0366472 1.4635137 1.6493311 2.2821539 2.3878941 1.8349029 2.0969776 2.3605547 2.4981385 1.4878963 2.7886261 1.6879047 1.8660407 2.1096700 1.7635730 1.6976753 2.3272142 2.0692598 3.2303005 
Gfas_gfas1.m1.18146.m1                                   1.5504264 1.0062812 0.7446315 0.8589481 0.3302658 0.3097512 0.1788260 0.3850920 0.4026456 0.3202351 0.0000000 1.3686292 1.1791516 0.7884505 1.0801839 1.0235541 1.2157751 1.1081089 1.0106611 1.0361284 0.9448366 0.9264564 1.4656004 1.5224385 0.9425426 1.4412476 0.8544846 1.6038819 1.0789536 1.3013010 1.1786512 1.2250818 1.1589441 1.1243282 1.4361934 1.5022054 1.4962452 1.4995903 1.4924531 1.4288336 1.1548672 1.5652079 1.4257509 1.5914451 1.5809655 1.5968375 1.5874043 1.6226243 1.8332299 1.9857412 1.4573796 1.7164221 2.6874568 2.3043551 1.7774884 2.0591794 2.1874685 2.2713667 1.4362938 2.7788306 1.8295373 1.9694217 1.9782282 1.7421906 1.5770670 2.0898653 1.9091153 2.8227299 
Aque_Aqu2.1.34866_001                                    1.7355651 1.3266384 1.3337087 0.8002242 1.4039158 1.3386510 1.0011202 1.4225288 1.3751182 1.4906674 1.3686292 0.0000000 0.4139581 0.9968341 1.7533398 1.4837109 1.4026216 1.5259679 1.2518600 0.8561210 0.8773335 0.7244161 1.1670448 1.8515765 1.2231439 1.5440677 1.0047541 1.8030932 1.4095968 1.4780016 1.4107543 1.3539444 1.2621482 1.3605336 1.5826829 1.6480865 1.7415172 1.7202173 1.6780223 1.5765668 1.4140007 1.6880219 1.4619499 1.8678764 1.8895804 1.8369805 1.8607242 1.6118461 1.6521897 1.9799024 1.6574205 1.7594814 1.7943391 2.0843029 1.5584198 2.0586407 2.2818981 2.4169382 1.7083852 2.3322814 2.2825896 2.3702188 2.2229323 2.0994667 1.8972478 2.3236037 2.2937498 3.5032930 
Halamb_c53649_g1_i2m.36112                               1.7264431 1.2615779 1.2875502 0.5923647 1.2165850 1.1837689 0.8625227 1.2899805 1.3057706 1.3467704 1.1791516 0.4139581 0.0000000 0.9811766 1.6722902 1.4247487 1.3666897 1.5134163 1.2024494 0.7571507 0.7826005 0.6270257 1.0757021 1.7312461 1.1870025 1.4124072 0.9828165 1.7111917 1.5400243 1.3736232 1.4051504 1.3497479 1.2337251 1.4719872 1.5747566 1.6854783 1.6847024 1.6666443 1.6300256 1.5346595 1.3568576 1.6225519 1.3957584 1.8272129 1.8010857 1.8266392 1.9086502 1.5354587 1.5775994 1.7472758 1.6852470 1.6560914 2.0263530 2.1537535 1.6483917 2.1327997 2.2464438 2.3849992 1.6093579 2.3589146 2.0890403 2.1282431 2.3306108 2.0128032 1.8736469 2.1823335 2.3414201 3.5695517 
Aaur_scaffold1073.g5.t1                                  1.2614090 0.9285999 0.8017828 0.7057099 1.0018335 0.8484158 0.8164311 0.8068681 0.7788517 0.8204640 0.7884505 0.9968341 0.9811766 0.0000000 0.3204360 0.3119741 0.4055714 0.9082349 1.0195344 1.0115068 1.1260508 1.0956655 1.1341387 1.0346362 0.8751008 0.9856367 1.0430352 1.3131678 0.9915054 0.8472590 0.8684970 1.2407607 1.0596444 1.0024347 1.0077292 1.0077292 0.9791907 0.9863361 1.0124288 1.0379806 1.1229246 1.1621682 1.5226281 1.4643567 1.4740923 1.4573471 1.3551369 1.3092409 1.3711794 1.5195613 1.1294385 1.4061217 2.0920420 1.7017189 1.8480248 1.6803783 1.8482434 1.8941387 1.0403904 1.8165645 1.4830547 1.4121932 1.8274894 1.3595039 1.3802184 1.5789278 1.5999233 2.2532223 
Nemnom_g1592.t1                                          1.9298471 1.4355126 1.2025723 1.4388126 1.2045532 1.1340418 0.9687322 1.2545803 1.2235601 1.3759614 1.0801839 1.7533398 1.6722902 0.3204360 0.0000000 0.3568470 0.6923851 1.4118850 1.3108295 1.3289649 1.1589820 1.2451713 1.8825489 1.3331755 1.1322812 1.5928028 1.1383379 1.9506227 1.3947030 1.3477988 1.5492187 1.6655656 1.5645394 1.5569506 1.5507707 1.6108717 1.6368425 1.6367838 1.6405474 1.6100483 1.5684692 1.9267253 1.8858397 1.9925526 1.9736480 1.9217003 2.0344999 1.9418556 2.0084896 2.1849170 1.6620254 2.0473204 2.2242960 2.4480533 2.0207796 2.2977016 2.7400983 2.6438946 1.8103695 2.9561128 2.1374849 2.1494499 2.1699178 2.0431763 2.1664372 2.2948411 2.4385335 2.8025262 
Rhoesc_Res_004052-T1                                     1.6820397 1.2016959 1.0533707 0.6895937 1.0321142 0.9921199 0.7784005 1.0667298 0.9984502 1.0726509 1.0235541 1.4837109 1.4247487 0.3119741 0.3568470 0.0000000 0.6127662 1.1322320 1.1038539 1.2000477 1.0398676 1.0074757 1.5749520 1.1649546 1.1155761 1.5609477 0.9871884 1.7632459 1.1630868 1.0913631 1.2291185 1.5160420 1.3141681 1.3480599 1.2797340 1.3193124 1.3483117 1.3470546 1.3536892 1.3047421 1.3312803 1.5652756 1.5786459 1.7479527 1.7168058 1.6538270 1.6857943 1.6464563 1.4918540 2.0620671 1.4635530 1.7006179 1.8814581 2.1567584 1.7495056 2.0358733 2.4554239 2.3971706 1.4701500 2.7193705 1.8302604 1.9242289 1.8609569 2.0273752 2.0012616 2.4198490 2.4045521 2.6713133 
Sanmal_Sma_022819-T1                                     1.7929457 1.2279761 1.0600880 0.5884751 1.2652407 1.1676049 0.8170318 1.2174214 1.1240056 1.2808443 1.2157751 1.4026216 1.3666897 0.4055714 0.6923851 0.6127662 0.0000000 1.2415154 1.0750582 1.1285702 0.9926951 0.9664765 1.6366658 1.2127289 1.2537618 1.5296992 0.9710036 1.8407107 1.2676462 1.1918593 1.3228241 1.4809465 1.3891721 1.2826601 1.4191506 1.4871702 1.4522246 1.4450126 1.4866404 1.4529646 1.3799323 1.7193958 1.5780198 1.7093171 1.7334961 1.6543696 1.6237876 1.7084010 1.7830721 1.9370798 1.5719745 1.7737421 2.0791547 2.3411840 1.7787101 2.0871293 2.4563609 2.5975146 1.7247493 2.9265434 2.0730076 2.1278593 2.0889811 1.9860517 1.9073046 2.5656924 2.3732915 2.7812654 
Dgig_XM_028537920.1                                      1.6656820 1.3971422 1.0673060 0.7276559 1.0353267 1.0121619 0.7815815 1.0684611 0.9872783 1.0892163 1.1081089 1.5259679 1.5134163 0.9082349 1.4118850 1.1322320 1.2415154 0.0000000 0.3828206 1.2387734 1.1179816 0.9500455 1.5212470 1.5311602 1.2108772 1.5727096 1.1149353 1.7804013 1.3535783 1.3548608 1.5326442 1.5974871 1.5791870 1.4250296 1.4180035 1.5655643 1.5900454 1.5849934 1.5301354 1.4853525 1.4457298 1.8275845 1.5609944 1.9527404 1.8809971 1.7643965 1.8926586 1.6849160 1.7233785 2.0641993 1.7597180 1.7477846 2.0346156 2.2751656 1.8888962 2.0548393 2.1164726 2.3364478 1.5637609 2.7596192 1.9139669 1.9321606 1.8679980 2.0474677 1.8580144 2.5565208 2.5062235 3.1773615 
Xesp_021692-T1                                           1.5732832 1.3716335 0.9994389 0.8230066 1.0331234 0.9481849 0.8786688 0.9876233 0.9367832 1.0109327 1.0106611 1.2518600 1.2024494 1.0195344 1.3108295 1.1038539 1.0750582 0.3828206 0.0000000 1.3030980 1.2101156 1.0228670 1.2487827 1.4146798 1.0509266 1.3676989 1.0664806 1.5827294 1.3332791 1.2794149 1.3084040 1.6475178 1.4299563 1.2382982 1.3927230 1.4268138 1.4492294 1.4289662 1.4128107 1.4334941 1.3175150 1.5920074 1.5386164 1.8002413 1.7534240 1.6399092 1.6403580 1.4801781 1.5724757 1.7250153 1.5243351 1.7315141 1.9501226 2.1713795 1.8729352 2.1153828 1.9951714 2.1480214 1.4574568 2.5945162 1.7719525 1.8711042 1.9564384 1.9279345 1.6775618 2.3061805 2.3183092 3.1380880 
Emue_Em0022g819a.t1                                      1.2526483 1.2195318 1.1031028 1.0926534 1.1491593 1.0216599 0.9826900 1.0066986 0.9915473 1.0531132 1.0361284 0.8561210 0.7571507 1.0115068 1.3289649 1.2000477 1.1285702 1.2387734 1.3030980 0.0000000 0.1283116 0.6288830 0.9863456 1.5158817 1.2125758 1.1732539 1.0838985 1.3635694 1.3441954 1.2745069 1.1517206 1.3439452 1.2728937 1.2581474 1.4017459 1.4035476 1.3913177 1.3909538 1.4043322 1.3963789 1.2528314 1.2609147 1.4246491 1.4265659 1.3904617 1.4394970 1.3789910 1.3740310 1.4044089 1.6279551 1.4136595 1.4297593 2.1967446 1.8917816 1.8404472 1.9167612 1.9669876 1.9272241 1.4477041 1.8799694 1.6886694 1.8461467 1.9732572 1.7076993 1.5411980 1.8990665 1.6903985 3.0028337 
Spolac_c95039_g2_i1_m.10882c95039-g1                     1.1257433 1.1193737 1.0512197 0.9528506 1.0482511 0.9239265 0.9401771 0.9334734 0.9086962 0.9657265 0.9448366 0.8773335 0.7826005 1.1260508 1.1589820 1.0398676 0.9926951 1.1179816 1.2101156 0.1283116 0.0000000 0.6481288 0.8718012 1.5032804 1.0677637 1.0579813 1.1492423 1.2666165 1.2857057 1.0837512 1.1044271 1.2188008 1.1713558 1.1359862 1.2416630 1.2437358 1.2411708 1.2489526 1.2603000 1.2485169 1.2138388 1.1435485 1.4011794 1.4733816 1.4158402 1.3549662 1.2642408 1.3339082 1.1419654 1.5311374 1.3123393 1.3494839 2.0030168 1.7733581 1.8015659 1.7221562 1.9657827 1.8911257 1.3647446 1.3482584 1.5222899 1.6759176 1.7797672 1.6143070 1.5476092 1.7203760 1.7897686 2.9597329 
Stycar_maker-SC_scaffold132721-augustus-gene-0.34-mRNA-1 1.1062715 1.0031586 0.9208169 0.7526336 1.0778661 0.9051364 0.8716739 0.8672228 0.8429313 0.9738321 0.9264564 0.7244161 0.6270257 1.0956655 1.2451713 1.0074757 0.9664765 0.9500455 1.0228670 0.6288830 0.6481288 0.0000000 0.9453438 1.1219918 1.1404013 1.0933051 1.0565403 1.1980798 1.1913713 1.0427754 1.1874504 1.4072572 1.1420517 1.0829165 1.1369787 1.1390601 1.1614265 1.1512827 1.1248991 1.1588943 1.0865836 1.1173187 1.3043792 1.4335039 1.4058608 1.3919623 1.3767015 1.2370512 1.1416860 1.4879086 1.3777564 1.2502086 1.8756245 1.5916738 1.7076551 1.6293133 1.8040598 1.8028295 0.9791343 1.5620229 1.5902543 1.6646949 1.7641734 1.4841534 1.7438684 1.8110313 2.0538342 2.7069679 
Plespi_Pspi_C614902_01                                   1.5672982 1.3611047 1.3998049 0.5888298 1.4917300 1.5177176 1.0310452 1.4043231 1.4414035 1.5077796 1.4656004 1.1670448 1.0757021 1.1341387 1.8825489 1.5749520 1.6366658 1.5212470 1.2487827 0.9863456 0.8718012 0.9453438 0.0000000 1.7339293 1.2661100 1.6328991 1.0925504 1.8149091 1.3526309 1.5680330 1.5218426 1.4223811 1.3657135 1.4284797 1.5431454 1.7015622 1.7266595 1.7122122 1.6961297 1.5466316 1.5143002 1.6901434 1.5718039 1.9024285 1.8646511 1.5727062 1.7924502 1.6299594 1.6989698 1.9885900 1.9408080 1.8357754 2.0770838 2.2787593 1.8773511 2.2572172 2.5598644 2.4938654 1.6709880 2.6006644 2.1911678 2.4466088 2.1946615 1.9991402 1.9103465 2.5118706 2.3420594 3.6256611 
Morvir_scaffold169.g43.t1                                1.9747583 1.4667829 1.3301872 0.6919145 1.5289637 1.4638445 1.0178440 1.5244259 1.4429192 1.5147174 1.5224385 1.8515765 1.7312461 1.0346362 1.3331755 1.1649546 1.2127289 1.5311602 1.4146798 1.5158817 1.5032804 1.1219918 1.7339293 0.0000000 1.4519513 1.6811940 1.2275089 2.1862780 1.4867905 1.3680694 1.6657361 1.7733424 1.6271792 1.6500092 1.6772864 1.8573744 1.9497642 1.9496685 1.8950457 1.7466559 1.5961627 2.1630709 1.7274900 1.9394446 2.0240486 2.0571564 1.9873050 1.9190958 2.2003860 2.4453216 1.8405370 2.0547190 2.6616612 2.6033107 2.0320452 2.4022543 2.4740700 2.7076077 1.9327239 3.2976382 2.4787227 2.5080361 2.4226009 2.6712332 2.3658540 3.0961107 2.8433574 3.5619092 
Scil_scict007888.2                                       1.3221038 1.1950877 1.0114431 0.0000010 1.0123112 1.0266017 0.8830592 1.0306337 1.0399112 0.9885563 0.9425426 1.2231439 1.1870025 0.8751008 1.1322812 1.1155761 1.2537618 1.2108772 1.0509266 1.2125758 1.0677637 1.1404013 1.2661100 1.4519513 0.0000000 0.2009365 0.1736534 0.6663121 1.1320797 1.4629852 0.9110244 1.5864110 1.4929084 1.0334461 1.3023021 1.3023021 1.2492484 1.2359796 1.1782582 1.2575983 1.5876558 1.3152956 1.4856101 1.5194386 1.4964372 1.6247783 1.5817796 1.3843581 1.9180540 1.7288470 1.4785059 1.6628614 3.3373398 2.1890547 1.5829416 1.9885215 2.2705216 2.1412835 1.4943057 3.6258079 1.7756165 1.6782286 1.9413391 1.5581272 1.5710114 2.0228728 1.3630440 2.3578826 
Gracom_Gcom_C554084_01                                   1.5836566 1.2842012 1.4894507 0.9004921 1.4986907 1.4224692 0.9766915 1.3782591 1.4578915 1.4452935 1.4412476 1.5440677 1.4124072 0.9856367 1.5928028 1.5609477 1.5296992 1.5727096 1.3676989 1.1732539 1.0579813 1.0933051 1.6328991 1.6811940 0.2009365 0.0000000 0.2697623 0.7108431 1.4631564 1.5763504 1.3657302 1.4569979 1.5254808 1.4008667 1.4193920 1.5096762 1.5211387 1.5226181 1.5401326 1.4464972 1.6260019 1.6028116 1.3523979 1.5032744 1.5399911 1.6500864 1.7164672 1.5482224 1.2236029 1.8624497 1.5702322 1.6534236 1.9008207 2.1105687 1.6569971 2.0271448 2.2715760 2.4413045 1.6563613 2.9853163 1.7820881 1.9223173 1.7883238 1.7397751 1.7655240 2.1473507 1.8538341 3.4741569 
Leuniv_Lniv_scaffold13626_01                             1.1605848 1.0274571 1.0082805 0.8826694 0.9412296 0.8202609 0.8492996 0.8887168 0.8914293 0.8930119 0.8544846 1.0047541 0.9828165 1.0430352 1.1383379 0.9871884 0.9710036 1.1149353 1.0664806 1.0838985 1.1492423 1.0565403 1.0925504 1.2275089 0.1736534 0.2697623 0.0000000 0.4221501 1.1112292 1.0113376 0.9030675 1.2792062 1.1068429 1.0898653 0.9708592 0.9723250 1.0004978 0.9931223 0.9664093 1.0230291 1.1875570 1.0689282 1.2131060 1.1690790 1.1621386 1.2225897 1.2297300 1.1901955 0.8165368 1.2625790 1.1102448 1.3368958 2.0054135 1.7659701 1.7942449 1.7143041 1.7904828 1.8119039 1.0977889 1.9791721 1.4393210 1.4569131 1.3199792 1.3091442 1.3128254 1.6026982 1.4237191 2.7892414 
Lcom_lcpid38022                                          1.9071179 1.4983203 1.7222646 0.9292264 1.6555704 1.5822640 1.0226392 1.5908550 1.5275233 1.5707025 1.6038819 1.8030932 1.7111917 1.3131678 1.9506227 1.7632459 1.8407107 1.7804013 1.5827294 1.3635694 1.2666165 1.1980798 1.8149091 2.1862780 0.6663121 0.7108431 0.4221501 0.0000000 1.6532716 1.5554677 1.5303100 1.6379223 1.6883263 1.5887656 1.7852042 1.8546796 1.8242285 1.8291137 1.8444242 1.7402216 1.8945913 1.8601617 1.5152617 1.7619705 1.7202613 1.7943895 1.8179275 1.8571063 1.4919994 1.8886180 1.7729002 1.8060648 2.0587438 2.4997441 1.8953930 2.5186445 2.6067949 2.6947428 1.9054441 3.0411176 2.0230299 2.1847373 1.8760651 2.0819554 1.9190146 2.2391659 2.4899738 4.0303698 
Cgig_XM_011445506.3                                      1.4382449 1.0585617 1.2600484 0.8655149 1.1916482 1.1397880 0.8085570 1.2077287 1.1534184 1.2287091 1.0789536 1.4095968 1.5400243 0.9915054 1.3947030 1.1630868 1.2676462 1.3535783 1.3332791 1.3441954 1.2857057 1.1913713 1.3526309 1.4867905 1.1320797 1.4631564 1.1112292 1.6532716 0.0000000 1.3218667 0.9631917 1.2447617 1.0615484 0.8418565 1.2796047 1.3650075 1.3717795 1.3674483 1.3450413 1.2696365 1.0124979 1.4347568 1.5771135 1.8889324 1.9222484 1.6358930 1.7066769 1.7148247 1.7828078 2.0547614 1.7543525 1.5920451 2.3945404 2.4937144 1.6645536 2.2395176 2.4713442 2.6109672 1.3354207 2.5937925 1.9898617 2.0817311 1.9787718 1.9150944 1.8996630 2.3338381 2.3034286 3.1149625 
Chem_TCONS_00053147                                      1.8129068 1.3332082 1.2423500 0.6811444 1.2806480 1.2525072 0.9776196 1.3056318 1.2639972 1.4017947 1.3013010 1.4780016 1.3736232 0.8472590 1.3477988 1.0913631 1.1918593 1.3548608 1.2794149 1.2745069 1.0837512 1.0427754 1.5680330 1.3680694 1.4629852 1.5763504 1.0113376 1.5554677 1.3218667 0.0000000 1.5795399 1.4548173 1.3959693 1.4662204 1.4413582 1.4957983 1.5628223 1.5719127 1.5538979 1.4866208 1.3452807 1.7875195 1.4845662 1.6615798 1.6748429 1.6322461 1.6453780 1.8740074 1.6231785 1.7543812 1.7041606 1.6828597 1.9113869 2.3611164 1.7513496 2.2734252 2.1772891 2.4629244 1.6513775 2.9209227 2.0113372 2.1119371 2.1679124 2.0131596 1.8513002 2.5688089 2.3660830 2.3441275 
Ctel_gnl_WGS_AMQN_CAPTEDRAFT_mRNA155008                  1.4353875 1.0673887 1.1939455 1.0121502 1.1809837 1.1267926 0.8275535 1.1731605 1.1155288 1.3168259 1.1786512 1.4107543 1.4051504 0.8684970 1.5492187 1.2291185 1.3228241 1.5326442 1.3084040 1.1517206 1.1044271 1.1874504 1.5218426 1.6657361 0.9110244 1.3657302 0.9030675 1.5303100 0.9631917 1.5795399 0.0000000 1.2001070 1.1480362 0.9991620 1.3133642 1.4169671 1.4855633 1.4798586 1.3931604 1.3362686 1.0903295 1.4831601 1.4850842 1.8356486 1.8078413 1.6725762 1.7423231 1.7371985 1.7942981 2.0477388 1.4936068 1.5843599 2.2345561 2.3000546 1.7408093 2.3645005 2.3099283 2.3653581 1.2798296 2.5280018 2.0084537 2.1276162 2.0886067 1.8715177 1.6514790 2.3587562 2.4636476 3.4827348 
Tcas_TC009730_001                                        1.4823789 1.3188996 1.3004993 1.0508018 1.3306775 1.2142470 1.1114005 1.2005432 1.2152814 1.2716600 1.2250818 1.3539444 1.3497479 1.2407607 1.6655656 1.5160420 1.4809465 1.5974871 1.6475178 1.3439452 1.2188008 1.4072572 1.4223811 1.7733424 1.5864110 1.4569979 1.2792062 1.6379223 1.2447617 1.4548173 1.2001070 0.0000000 0.9584420 1.2051033 1.2979734 1.2933322 1.3105713 1.3294211 1.3207863 1.3741983 1.1079276 1.5514023 1.5696948 1.5534315 1.5614090 1.5590957 1.6282620 1.5847614 1.7338742 1.6244135 1.6348735 1.6646364 2.5152695 2.4306627 1.8228754 1.9894199 2.3870996 2.3491025 1.4547615 2.3550088 1.9191757 2.0233344 1.8838872 1.7990108 1.6757650 2.1437769 2.1939017 2.9811271 
Dpul_mRNA12868                                           1.5816593 1.1410999 1.1367815 0.8916753 1.1548758 1.0973447 0.8445730 1.2040276 1.1484082 1.2436116 1.1589441 1.2621482 1.2337251 1.0596444 1.5645394 1.3141681 1.3891721 1.5791870 1.4299563 1.2728937 1.1713558 1.1420517 1.3657135 1.6271792 1.4929084 1.5254808 1.1068429 1.6883263 1.0615484 1.3959693 1.1480362 0.9584420 0.0000000 1.1513558 1.4115343 1.4632477 1.4268419 1.4344536 1.4119559 1.4835859 1.0429203 1.4471740 1.4623576 1.9553190 1.8636715 1.7387099 1.7873848 1.7154932 1.6884007 1.7994147 1.7211937 1.7388750 2.3346813 2.5361628 1.8310905 2.1870452 2.4183267 2.5325185 1.5010005 2.5321582 1.9575123 2.0419113 2.0409712 1.9547512 1.7479503 2.3784787 2.5061643 3.1782752 
Acagra_model.g1379.t1                                    1.4162228 1.0368751 1.3214703 1.0154996 1.2363918 1.1773415 0.8523853 1.2528478 1.2134808 1.3024699 1.1243282 1.3605336 1.4719872 1.0024347 1.5569506 1.3480599 1.2826601 1.4250296 1.2382982 1.2581474 1.1359862 1.0829165 1.4284797 1.6500092 1.0334461 1.4008667 1.0898653 1.5887656 0.8418565 1.4662204 0.9991620 1.2051033 1.1513558 0.0000000 1.3006519 1.4716455 1.4297966 1.4269478 1.4257620 1.3515417 1.0973104 1.4925627 1.5407583 1.8730998 1.7163608 1.7756596 1.8139642 1.6600910 1.8625896 2.0306089 1.6610658 1.8463491 2.1309397 2.2881088 1.8222304 2.2632364 2.1710667 2.3191103 1.4540406 2.5713663 2.0346310 2.1847366 2.1757546 1.9847456 1.7757724 2.3937310 2.1919497 3.7596672 
Tadh_TriadT19732                                         1.7465736 1.2714854 1.3535560 0.9178674 1.4655221 1.3192621 0.9486299 1.3419540 1.2662745 1.3611960 1.4361934 1.5826829 1.5747566 1.0077292 1.5507707 1.2797340 1.4191506 1.4180035 1.3927230 1.4017459 1.2416630 1.1369787 1.5431454 1.6772864 1.3023021 1.4193920 0.9708592 1.7852042 1.2796047 1.4413582 1.3133642 1.2979734 1.4115343 1.3006519 0.0000000 0.0034525 0.1903359 0.1909438 0.1795405 0.1736395 1.2322045 1.5697286 1.4680530 1.6166330 1.6402271 1.5489547 1.5370639 1.4883007 1.4921643 1.8691716 1.5025274 1.6867450 2.5206448 2.4008603 1.9160187 2.2119659 2.3397973 2.4266755 1.5661957 2.9873067 2.0314365 2.1124806 1.8211628 2.0797030 1.7821523 2.2252717 2.5093501 3.0595272 
TrH2_TrispH2_006348-RA                                   1.7991584 1.2761032 1.4706551 0.9241111 1.4817277 1.4961496 0.9499309 1.5156136 1.3871251 1.5516988 1.5022054 1.6480865 1.6854783 1.0077292 1.6108717 1.3193124 1.4871702 1.5655643 1.4268138 1.4035476 1.2437358 1.1390601 1.7015622 1.8573744 1.3023021 1.5096762 0.9723250 1.8546796 1.3650075 1.4957983 1.4169671 1.2933322 1.4632477 1.4716455 0.0034525 0.0000000 0.2445266 0.2427763 0.2287461 0.1917932 1.2336488 1.7576952 1.4784192 1.7402934 1.6877585 1.6896063 1.7039998 1.6368461 1.5255329 1.9925699 1.5579263 1.7564772 2.5258126 2.4869275 1.9045890 2.3445841 2.4372183 2.5365490 1.7354201 3.2814217 2.1051636 2.2498349 1.9788379 2.1345510 1.8695194 2.5065486 2.6735612 3.4220017 
Hhon_g05710.t1                                           1.8062792 1.2905558 1.4884660 1.0189781 1.4530183 1.4252180 0.9574448 1.5165022 1.3777319 1.5524055 1.4962452 1.7415172 1.6847024 0.9791907 1.6368425 1.3483117 1.4522246 1.5900454 1.4492294 1.3913177 1.2411708 1.1614265 1.7266595 1.9497642 1.2492484 1.5211387 1.0004978 1.8242285 1.3717795 1.5628223 1.4855633 1.3105713 1.4268419 1.4297966 0.1903359 0.2445266 0.0000000 0.0096438 0.0989129 0.1499270 1.2532470 1.7514964 1.4616192 1.7188501 1.6172095 1.6977336 1.6835952 1.6785429 1.5550496 2.0118122 1.5463585 1.7678145 2.7342040 2.6365246 1.9954708 2.3742810 2.3522837 2.5461077 1.6686856 3.2101712 2.1163628 2.2697356 1.9752054 2.1242296 1.8614059 2.5986152 2.6170908 3.3725774 
HoiH04_mRNA6891                                          1.7994602 1.2805730 1.4690957 1.0189781 1.4515500 1.4244281 0.9557889 1.5115430 1.3775353 1.5552445 1.4995903 1.7202173 1.6666443 0.9863361 1.6367838 1.3470546 1.4450126 1.5849934 1.4289662 1.3909538 1.2489526 1.1512827 1.7122122 1.9496685 1.2359796 1.5226181 0.9931223 1.8291137 1.3674483 1.5719127 1.4798586 1.3294211 1.4344536 1.4269478 0.1909438 0.2427763 0.0096438 0.0000000 0.1002576 0.1507485 1.2485019 1.7389052 1.4543934 1.6939294 1.5890140 1.6712427 1.6626186 1.6591930 1.5416761 2.0172131 1.5456308 1.7532800 2.6991539 2.6024397 1.9835785 2.3608901 2.3283662 2.5369150 1.6885148 3.2410145 2.1294578 2.2579933 1.9738451 2.0975490 1.8564483 2.5847890 2.5970702 3.3813274 
HoiH23_PlH23_002259-RA                                   1.8041416 1.3287990 1.4614991 0.9343239 1.4483828 1.4245144 0.9429298 1.4788190 1.3532936 1.5043306 1.4924531 1.6780223 1.6300256 1.0124288 1.6405474 1.3536892 1.4866404 1.5301354 1.4128107 1.4043322 1.2603000 1.1248991 1.6961297 1.8950457 1.1782582 1.5401326 0.9664093 1.8444242 1.3450413 1.5538979 1.3931604 1.3207863 1.4119559 1.4257620 0.1795405 0.2287461 0.0989129 0.1002576 0.0000000 0.1336175 1.2762964 1.7934196 1.4891730 1.7414458 1.6504888 1.6752098 1.7324626 1.7002170 1.5561209 2.0238459 1.5442618 1.7655205 2.6469249 2.5669472 1.8822067 2.3027492 2.3500743 2.4667998 1.6981986 3.2308882 2.1032944 2.2611734 2.0292405 2.1565674 1.8675186 2.6648087 2.5649965 3.3434233 
HoiH11_mRNA3642                                          1.7754941 1.3025733 1.4400213 1.0236539 1.5340494 1.3854053 0.9863813 1.3754630 1.2966625 1.3894690 1.4288336 1.5765668 1.5346595 1.0379806 1.6100483 1.3047421 1.4529646 1.4853525 1.4334941 1.3963789 1.2485169 1.1588943 1.5466316 1.7466559 1.2575983 1.4464972 1.0230291 1.7402216 1.2696365 1.4866208 1.3362686 1.3741983 1.4835859 1.3515417 0.1736395 0.1917932 0.1499270 0.1507485 0.1336175 0.0000000 1.3126894 1.6993365 1.4224980 1.5841312 1.6030219 1.5704666 1.5988450 1.6218423 1.5304973 1.9739060 1.5213371 1.7494599 2.6065171 2.5567259 1.9246939 2.2349783 2.1671273 2.4127716 1.6562197 3.0962479 2.1331349 2.1834316 1.8358037 2.0137204 1.8174272 2.3191705 2.3654537 3.2988124 
Cscu_XM_023359477.1                                      1.4941063 1.2133451 1.2097574 1.0659230 1.2864100 1.1492615 0.9634638 1.1076453 1.0991948 1.2458350 1.1548672 1.4140007 1.3568576 1.1229246 1.5684692 1.3312803 1.3799323 1.4457298 1.3175150 1.2528314 1.2138388 1.0865836 1.5143002 1.5961627 1.5876558 1.6260019 1.1875570 1.8945913 1.0124979 1.3452807 1.0903295 1.1079276 1.0429203 1.0973104 1.2322045 1.2336488 1.2532470 1.2485019 1.2762964 1.3126894 0.0000000 1.4603900 1.5931687 1.7423705 1.7127515 1.6654011 1.6437533 1.5590417 1.6865539 1.9186884 1.7077636 1.7207819 2.1437448 2.2257003 1.9522533 2.1204321 2.1870753 2.3424297 1.3066610 2.6196500 2.0781205 2.2151932 1.9446300 2.0182346 1.6594554 2.1272416 2.4654129 3.0820389 
Spur_XM_030992881.1                                      1.8127899 1.0301767 1.4925950 0.7512246 1.5596872 1.5731812 0.9200973 1.4861027 1.4883466 1.6437802 1.5652079 1.6880219 1.6225519 1.1621682 1.9267253 1.5652756 1.7193958 1.8275845 1.5920074 1.2609147 1.1435485 1.1173187 1.6901434 2.1630709 1.3152956 1.6028116 1.0689282 1.8601617 1.4347568 1.7875195 1.4831601 1.5514023 1.4471740 1.4925627 1.5697286 1.7576952 1.7514964 1.7389052 1.7934196 1.6993365 1.4603900 0.0000000 1.6438207 1.9737853 1.9618436 1.7862569 1.9984670 1.8344609 1.8870310 2.1784490 1.6805793 1.7706006 2.0300218 2.2258968 1.6629556 2.2145994 2.2874969 2.4581030 1.4515130 2.8114085 2.0528221 2.2081770 2.1489995 2.2729238 2.0375968 2.5001641 2.7014594 4.0981278 
Mbre_EDQ84738                                            1.6114700 1.5505696 1.3864034 1.0521259 1.4844342 1.3557555 1.2478229 1.3943458 1.3565655 1.4237281 1.4257509 1.4619499 1.3957584 1.5226281 1.8858397 1.5786459 1.5780198 1.5609944 1.5386164 1.4246491 1.4011794 1.3043792 1.5718039 1.7274900 1.4856101 1.3523979 1.2131060 1.5152617 1.5771135 1.4845662 1.4850842 1.5696948 1.4623576 1.5407583 1.4680530 1.4784192 1.4616192 1.4543934 1.4891730 1.4224980 1.5931687 1.6438207 0.0000000 0.5215181 0.5608916 0.8091264 0.7963828 1.0626195 1.4606983 1.1095828 1.1297040 1.2049923 2.2343240 2.1271793 1.8201094 2.0527628 2.1340944 2.1678182 1.4682265 2.3313700 1.3923109 1.5142732 1.5291981 1.1262199 1.4190847 1.6118909 1.5524548 3.2038149 
Choper_EP00045_Choanoeca_perplexa_P008554                1.8451324 1.5726384 1.6112637 1.3835315 1.6872307 1.5998666 1.2805499 1.6723362 1.6087518 1.7428814 1.5914451 1.8678764 1.8272129 1.4643567 1.9925526 1.7479527 1.7093171 1.9527404 1.8002413 1.4265659 1.4733816 1.4335039 1.9024285 1.9394446 1.5194386 1.5032744 1.1690790 1.7619705 1.8889324 1.6615798 1.8356486 1.5534315 1.9553190 1.8730998 1.6166330 1.7402934 1.7188501 1.6939294 1.7414458 1.5841312 1.7423705 1.9737853 0.5215181 0.0000000 0.2268365 0.9628952 1.0185496 1.4616694 1.6586259 1.1818010 1.3654183 1.6205103 2.2446066 2.4781446 1.8318904 2.3587066 2.3667983 2.3854318 1.9724339 2.6432977 1.6780189 1.7168611 1.8731299 1.3743512 1.6451632 1.8258963 1.6505033 3.7563672 
Chofle_EP00730_Choanoeca_flexa_P003812                   1.7621296 1.5623676 1.6267000 1.3422926 1.6497450 1.5466088 1.2822483 1.6509696 1.5392986 1.6643780 1.5809655 1.8895804 1.8010857 1.4740923 1.9736480 1.7168058 1.7334961 1.8809971 1.7534240 1.3904617 1.4158402 1.4058608 1.8646511 2.0240486 1.4964372 1.5399911 1.1621386 1.7202613 1.9222484 1.6748429 1.8078413 1.5614090 1.8636715 1.7163608 1.6402271 1.6877585 1.6172095 1.5890140 1.6504888 1.6030219 1.7127515 1.9618436 0.5608916 0.2268365 0.0000000 0.9592317 0.9754145 1.3916643 1.6966498 1.2459723 1.2954898 1.5644652 2.2910877 2.5063947 1.7965503 2.2996445 2.2731260 2.3484264 1.8748794 2.5426525 1.7421294 1.7521357 1.8373844 1.3772177 1.6570606 1.7064077 1.6585678 3.7433300 
Sros_EGD83662                                            1.7184193 1.4748876 1.5188053 0.9344544 1.6477159 1.5711445 1.2127805 1.5362880 1.5590694 1.7871837 1.5968375 1.8369805 1.8266392 1.4573471 1.9217003 1.6538270 1.6543696 1.7643965 1.6399092 1.4394970 1.3549662 1.3919623 1.5727062 2.0571564 1.6247783 1.6500864 1.2225897 1.7943895 1.6358930 1.6322461 1.6725762 1.5590957 1.7387099 1.7756596 1.5489547 1.6896063 1.6977336 1.6712427 1.6752098 1.5704666 1.6654011 1.7862569 0.8091264 0.9628952 0.9592317 0.0000000 0.4452120 1.2655583 1.4920702 1.1459707 1.4052131 1.4553610 2.2477676 2.5525214 2.0590625 2.3941293 2.5323640 2.6386141 1.9194575 2.6848695 1.6190277 1.7302832 1.7694922 1.5468646 1.4187159 1.8920630 1.7100543 3.5714238 
Microa_EP00043_Microstomoeca_roanoka_P009315             1.9684121 1.5028954 1.5903553 0.9983065 1.7025533 1.6430622 1.1911564 1.6360497 1.5356025 1.7391984 1.5874043 1.8607242 1.9086502 1.3551369 2.0344999 1.6857943 1.6237876 1.8926586 1.6403580 1.3789910 1.2642408 1.3767015 1.7924502 1.9873050 1.5817796 1.7164672 1.2297300 1.8179275 1.7066769 1.6453780 1.7423231 1.6282620 1.7873848 1.8139642 1.5370639 1.7039998 1.6835952 1.6626186 1.7324626 1.5988450 1.6437533 1.9984670 0.7963828 1.0185496 0.9754145 0.4452120 0.0000000 1.3956630 1.7007976 1.2637028 1.3949130 1.4901285 2.1754689 2.4938051 2.0010738 2.2074788 2.3537452 2.5931739 2.1139328 2.9739920 1.7061095 1.7447925 1.9302528 1.5292708 1.3957953 2.0912935 1.6657902 3.6053462 
Salurc_EP00051_Salpingoeca_urceolata_P035051             1.7271172 1.5005375 1.5428886 0.9072829 1.6259500 1.5138103 1.1769537 1.5983878 1.5150631 1.7242643 1.6226243 1.6118461 1.5354587 1.3092409 1.9418556 1.6464563 1.7084010 1.6849160 1.4801781 1.3740310 1.3339082 1.2370512 1.6299594 1.9190958 1.3843581 1.5482224 1.1901955 1.8571063 1.7148247 1.8740074 1.7371985 1.5847614 1.7154932 1.6600910 1.4883007 1.6368461 1.6785429 1.6591930 1.7002170 1.6218423 1.5590417 1.8344609 1.0626195 1.4616694 1.3916643 1.2655583 1.3956630 0.0000000 1.5736547 1.7191191 1.2936359 1.3592829 1.9308043 2.2304172 1.7733250 2.2971532 2.3095051 2.2860811 1.6971186 2.6135533 1.5725183 1.5880187 1.6649659 1.2413825 1.3263715 1.7507767 1.9618219 3.7446319 
Clacor_Ccor_scaffold14581_01                             1.6403303 1.6571366 1.4672010 0.7455403 1.7379355 1.4790773 1.1623639 1.6658598 1.5585274 1.8135097 1.8332299 1.6521897 1.5775994 1.3711794 2.0084896 1.4918540 1.7830721 1.7233785 1.5724757 1.4044089 1.1419654 1.1416860 1.6989698 2.2003860 1.9180540 1.2236029 0.8165368 1.4919994 1.7828078 1.6231785 1.7942981 1.7338742 1.6884007 1.8625896 1.4921643 1.5255329 1.5550496 1.5416761 1.5561209 1.5304973 1.6865539 1.8870310 1.4606983 1.6586259 1.6966498 1.4920702 1.7007976 1.5736547 0.0000000 1.6948418 1.6379151 1.7095995 1.8693819 2.4795773 1.6774369 2.2187557 2.7059585 2.6121067 1.8363645 1.9864188 1.6658865 1.9133558 1.6299507 1.8903265 1.6110341 2.3924864 3.0639282 4.0658604 
Salinf_EP00049_Salpingoeca_infusionum_P011445            2.1360713 1.6781396 1.8410335 1.0291284 1.9568990 1.8321521 1.2620865 1.9317236 1.9061409 2.0366472 1.9857412 1.9799024 1.7472758 1.5195613 2.1849170 2.0620671 1.9370798 2.0641993 1.7250153 1.6279551 1.5311374 1.4879086 1.9885900 2.4453216 1.7288470 1.8624497 1.2625790 1.8886180 2.0547614 1.7543812 2.0477388 1.6244135 1.7994147 2.0306089 1.8691716 1.9925699 2.0118122 2.0172131 2.0238459 1.9739060 1.9186884 2.1784490 1.1095828 1.1818010 1.2459723 1.1459707 1.2637028 1.7191191 1.6948418 0.0000000 1.6438902 1.6011510 2.3432369 2.4840694 2.0011734 2.4409069 2.4815588 2.7529969 2.1753311 2.7255884 1.6801022 1.8628387 2.0776265 2.0406732 1.6760532 1.9948827 1.9205636 3.8103014 
Saldol_EP00054_Salpingoeca_dolichothecata_P020103        1.6398771 1.4739325 1.4578394 0.8374777 1.4996795 1.3892210 1.0691423 1.4071283 1.3798315 1.4635137 1.4573796 1.6574205 1.6852470 1.1294385 1.6620254 1.4635530 1.5719745 1.7597180 1.5243351 1.4136595 1.3123393 1.3777564 1.9408080 1.8405370 1.4785059 1.5702322 1.1102448 1.7729002 1.7543525 1.7041606 1.4936068 1.6348735 1.7211937 1.6610658 1.5025274 1.5579263 1.5463585 1.5456308 1.5442618 1.5213371 1.7077636 1.6805793 1.1297040 1.3654183 1.2954898 1.4052131 1.3949130 1.2936359 1.6379151 1.6438902 0.0000000 1.3117320 1.8676518 2.3475420 1.6701388 2.2277052 2.3260228 2.2944484 1.8820162 2.4847743 1.5754001 1.6761115 1.6772341 1.5995369 1.5662041 1.6360940 1.7917453 3.6013487 
Codhol_EP00042_Codosiga_hollandica_P035980               1.9173464 1.5034343 1.5050478 0.9396330 1.6326572 1.4861773 1.3018881 1.6187032 1.4878093 1.6493311 1.7164221 1.7594814 1.6560914 1.4061217 2.0473204 1.7006179 1.7737421 1.7477846 1.7315141 1.4297593 1.3494839 1.2502086 1.8357754 2.0547190 1.6628614 1.6534236 1.3368958 1.8060648 1.5920451 1.6828597 1.5843599 1.6646364 1.7388750 1.8463491 1.6867450 1.7564772 1.7678145 1.7532800 1.7655205 1.7494599 1.7207819 1.7706006 1.2049923 1.6205103 1.5644652 1.4553610 1.4901285 1.3592829 1.7095995 1.6011510 1.3117320 0.0000000 2.1400552 2.1633141 1.9901810 2.1477354 2.5025656 2.4684410 2.0134484 2.4783118 1.8015732 1.9469393 1.6086351 1.7387815 1.6018928 1.8886579 1.8951376 3.9380738 
Pbac_sb2642058                                           1.9056420 1.9577827 1.9096180 0.9718333 2.2175294 2.1195847 1.9076392 1.8736871 1.8714963 2.2821539 2.6874568 1.7943391 2.0263530 2.0920420 2.2242960 1.8814581 2.0791547 2.0346156 1.9501226 2.1967446 2.0030168 1.8756245 2.0770838 2.6616612 3.3373398 1.9008207 2.0054135 2.0587438 2.3945404 1.9113869 2.2345561 2.5152695 2.3346813 2.1309397 2.5206448 2.5258126 2.7342040 2.6991539 2.6469249 2.6065171 2.1437448 2.0300218 2.2343240 2.2446066 2.2910877 2.2477676 2.1754689 1.9308043 1.8693819 2.3432369 1.8676518 2.1400552 0.0000000 0.1237235 0.9863613 0.9314757 1.0954306 1.1626141 2.0814302 2.0080586 2.0023984 2.0427634 2.1635916 2.4933598 2.6218565 2.5300572 4.0984042 4.9412673 
Horcal_Hcv1.av93.c2.g1286.i1                             2.4485648 1.9663708 2.4624002 0.9347949 2.3988884 2.3617605 1.7032803 2.2374946 2.1564378 2.3878941 2.3043551 2.0843029 2.1537535 1.7017189 2.4480533 2.1567584 2.3411840 2.2751656 2.1713795 1.8917816 1.7733581 1.5916738 2.2787593 2.6033107 2.1890547 2.1105687 1.7659701 2.4997441 2.4937144 2.3611164 2.3000546 2.4306627 2.5361628 2.2881088 2.4008603 2.4869275 2.6365246 2.6024397 2.5669472 2.5567259 2.2257003 2.2258968 2.1271793 2.4781446 2.5063947 2.5525214 2.4938051 2.2304172 2.4795773 2.4840694 2.3475420 2.1633141 0.1237235 0.0000000 0.6979169 0.9192007 1.1740115 1.2071012 2.5143650 3.2586934 2.4098454 2.5783116 3.0294157 2.8067700 2.5775734 3.2283700 3.0669206 4.2238614 
