74
Hsap_ENST00000301280                                   0.0000000 2.0768084 2.2063003 2.1467876 0.9275962 2.4906443 2.8156671 2.6900454 2.1168153 1.9948496 2.1676088 2.0956558 2.0034426 3.0722611 2.3001797 2.5266625 2.2466437 2.3801518 1.8940713 2.3053514 2.2035546 2.5453010 2.5416690 2.4584677 2.5766205 2.4929868 2.5072403 2.6838529 2.4540216 2.4328955 2.7275453 3.0176438 2.9692192 3.0124851 1.8243061 2.7207559 2.8671743 3.1076204 3.7606374 3.0774922 3.0931825 2.6104686 2.6087100 2.7210988 2.4770874 2.7825009 2.1503885 2.4620353 2.9269095 2.2628411 3.2934892 3.1705116 2.6137162 3.1824258 2.2600174 3.3693904 3.2220074 3.1140594 2.7684090 3.1874176 2.4950032 2.6173293 2.8339599 2.5436530 3.1270116 3.0548513 3.2122474 3.6300490 3.5640878 3.4275364 2.8043270 3.2216067 3.1316977 2.2394251 
Bralan_BLAG02002238_1                                  2.0768084 0.0000000 1.5501739 1.8273395 0.8168681 2.2169499 2.2993015 2.1559887 1.8385468 1.8874811 2.4481750 1.8970934 2.1307422 2.0338149 1.9593885 2.1887942 1.6784660 1.7446149 1.3998505 2.0905544 2.0598213 2.4130111 2.3966132 2.2088978 2.3299988 2.3065354 2.3067884 2.3508725 2.2471691 2.3337178 2.5736553 2.9024502 2.7879664 2.8217763 1.7668293 2.5759955 2.6138864 2.8565345 2.9485174 2.8715191 3.1233392 2.5865329 2.1686667 2.5649872 2.2912069 2.1987886 1.8786198 2.1589825 2.5077983 2.2227180 2.3833557 2.7690339 2.3708407 3.0718087 2.1103486 3.2510762 3.1591855 2.9845918 2.5762916 2.9742461 2.3570769 2.2706171 2.2395240 2.2513582 3.1026902 2.9331369 3.1196716 3.6263749 3.7751994 3.1751076 3.0276316 2.7985085 3.0198337 2.1649877 
Cgig_XM_020073623.2                                    2.2063003 1.5501739 0.0000000 1.2187596 0.7991453 2.0872891 2.0857879 2.1353264 1.8055870 1.8397081 2.1906911 1.6370171 1.8604454 2.0701111 1.9803054 2.0898593 1.6396609 1.7769016 1.5477601 2.1120453 1.7503967 2.0692739 2.0799944 1.9944266 2.0476743 2.0583157 2.0775926 2.4247701 2.2214095 2.2596799 2.4520190 3.0015666 2.9040955 2.8411546 1.7508396 2.5279326 2.5110691 2.8573862 2.9194369 2.8077665 2.8797925 2.6334154 2.1399273 2.3513098 2.2725113 2.2522221 1.8098033 2.2622637 2.4200694 2.3764150 2.1153325 2.2974362 2.5019590 3.2183868 2.4750061 3.2001565 3.1369802 3.0805067 2.4979760 2.8812072 2.2818406 2.1880625 2.2013380 1.8930062 3.4500287 2.6795946 3.4345592 3.5698141 3.6644932 2.8088498 3.0326951 2.6626811 2.8483009 1.9862480 
Acagra_model.g13862.t1                                 2.1467876 1.8273395 1.2187596 0.0000000 0.7442622 2.0065394 2.1325259 1.9836918 1.7546820 1.6521253 1.9879234 1.6545728 1.7940508 2.0223168 1.9302183 2.2740207 1.7698853 1.8592101 1.6804921 1.9243778 1.8652692 2.1291362 2.1333609 2.0248400 2.1383109 2.2042110 2.2228127 2.4096589 2.2989775 2.2730078 2.4849642 3.1170049 2.7858517 2.6876173 1.7801578 2.4035972 2.5175487 2.7106551 2.5791801 2.8467800 2.8633568 2.5425743 1.9441539 2.4458100 2.3238909 2.1910587 1.9109241 2.5703672 2.6941518 2.3600652 2.0100793 2.4313848 2.2662747 3.0583952 2.3735762 3.2252621 3.2484670 3.0349585 2.5305202 3.0865559 2.4376324 2.4224729 2.3219018 2.0800378 3.3125259 2.8704576 3.5014950 3.6600605 3.7346238 3.2363741 3.1326982 2.8696706 2.6199526 2.2478503 
Nvec_v1g211889                                         0.9275962 0.8168681 0.7991453 0.7442622 0.0000000 0.6117864 0.6063520 0.7356511 0.7042748 0.6993542 2.3016875 0.5495310 0.8171974 0.0000010 0.5899206 0.9326713 0.6631543 0.9019886 0.9858038 0.5504623 0.6647899 1.1469139 1.1488692 1.0819377 1.1233212 0.9903920 1.0219683 0.9381629 0.7080690 0.9913990 1.1158060 1.7703510 1.4319443 1.2341899 0.8819263 1.0788035 1.4853340 1.0915739 0.9474208 1.3638525 1.6304491 0.8739084 0.5621322 0.9644831 1.1027225 0.7284547 0.7294768 1.0745855 1.2387712 0.8317959 1.1343413 1.1218869 1.0184545 1.5814324 1.1705461 1.4567996 1.5913973 1.7881694 1.4228389 1.7428476 0.9818866 1.1118933 0.9458037 1.0344197 1.5999326 1.5551490 1.5880798 1.4271648 1.4438359 1.2760139 1.4564230 1.4213072 1.4954283 0.9437444 
Rhoesc_Res_009625-T1                                   2.4906443 2.2169499 2.0872891 2.0065394 0.6117864 0.0000000 1.0124092 0.5564240 1.9327100 1.7889142 1.6723165 1.9567504 1.8725854 2.1693928 1.9336639 1.9863162 2.1286935 2.2632725 2.1824881 1.9992195 1.7277341 2.3043686 2.2867874 2.3173533 2.4421971 2.3344807 2.3755200 2.2714337 2.0231621 2.0449625 2.6333642 2.5723820 2.8260377 2.9049956 1.8708620 2.8212663 2.4110616 2.7988975 3.7338228 2.8760487 2.8881392 2.6863669 2.0395681 2.3191375 2.2105404 2.2743384 1.9718154 2.4198058 2.4693316 2.3981235 2.7598850 2.8458137 2.5940623 3.0113631 2.3941372 3.3717165 3.0664759 3.1073896 2.5921311 2.9983174 2.3343377 2.7551427 2.2676295 2.3729553 3.1142201 2.9302853 2.9430039 3.7699032 3.7583291 3.1460497 3.4052068 2.7954166 3.0774853 1.8330613 
Sanmal_Sma_013744-T1                                   2.8156671 2.2993015 2.0857879 2.1325259 0.6063520 1.0124092 0.0000000 1.2832389 2.0632473 2.0471902 2.3116050 1.9833576 2.0668239 2.6036570 2.0674102 2.2837613 2.2301804 2.3836871 2.3256058 2.0088317 1.5053144 2.2400570 2.2566598 2.3417017 2.3865351 2.3543570 2.3787539 2.4396822 2.3729013 2.3013799 2.9806923 2.9753715 3.1582134 3.0715548 1.8964929 2.8597330 2.8550552 3.0270530 3.1654295 3.0395042 2.9171716 2.8247190 2.0061090 2.4761866 2.5620052 2.3553517 2.0632831 2.6409504 2.7387340 2.4923746 2.5287744 2.6856836 2.5023138 3.3856969 2.4654640 3.3553378 3.3138278 3.3124116 2.7206741 3.0385841 2.7167816 2.7988415 2.2815923 2.4659575 3.1854145 3.0252340 3.3471264 3.5817740 3.7795181 3.4437727 3.4466889 2.8343159 2.9354138 2.2051865 
Nemnom_g3432.t1                                        2.6900454 2.1559887 2.1353264 1.9836918 0.7356511 0.5564240 1.2832389 0.0000000 2.0816553 1.9203409 2.3449261 1.6218925 2.2546585 2.1710156 2.0506848 2.3528472 2.0564974 2.5658233 2.4681909 1.5030677 1.9909316 2.6269941 2.6445334 2.7971281 2.9398228 2.7789063 2.7594194 2.4079729 2.5716267 2.6650194 2.8487913 2.9490786 3.2227338 3.0597874 1.7727741 2.0377513 2.8367770 2.8852868 0.7347305 3.0480726 3.1266473 2.2812195 1.3565675 2.3711582 2.2097725 2.2548479 2.3035646 2.6691162 2.8251878 2.4730874 1.3312762 3.3024671 2.7340524 3.9645858 3.2185853 3.6210822 3.6958600 3.3017397 3.0055771 3.8238955 2.2747070 2.4638320 2.3940384 2.5839355 3.0939661 2.9443812 3.1810691 3.4516934 3.3289284 3.3484713 2.3840332 3.1323423 3.2194614 2.4031563 
Gfas_gfas1.m1.1134.m1                                  2.1168153 1.8385468 1.8055870 1.7546820 0.7042748 1.9327100 2.0632473 2.0816553 0.0000000 0.6127628 0.5975649 0.6564242 0.6663702 0.9054317 0.6658825 1.7642367 1.6761589 2.0367142 1.7144928 1.6065826 1.5733897 2.0783789 2.0541828 1.9856618 2.0309942 2.0943079 2.0667983 2.1193623 2.0151201 1.9951566 2.6861004 2.6354723 2.6985300 2.7281043 1.5231997 2.8057368 2.6117164 3.0396812 3.4843756 2.8450279 2.7141957 2.4738778 1.5898215 2.0728987 1.8523288 1.8705512 1.8302642 2.1217097 2.0579751 2.1224576 2.0059889 2.2956511 1.9540637 3.2389365 2.0176312 3.3136175 3.1380130 2.9820280 2.4346005 2.9689685 2.2102830 2.5377393 2.3220242 2.1955258 2.9143833 2.4935135 3.1921157 3.0027702 2.9910859 3.1106175 2.9350039 2.6250011 2.7737426 2.1083560 
Fspp_ffun1.m4.5795.m1                                  1.9948496 1.8874811 1.8397081 1.6521253 0.6993542 1.7889142 2.0471902 1.9203409 0.6127628 0.0000000 0.3175281 0.5584801 0.4968803 1.1760553 0.8088208 1.6774590 1.8038565 2.0736773 1.7826322 1.3988276 1.7284429 2.1502500 2.1336387 2.0486537 2.0737224 2.0927313 2.0751604 2.1810780 2.0091574 1.9672131 2.3442024 2.3126666 2.3778705 2.4546258 1.4852737 2.5669735 2.3899108 2.8321094 3.0466120 2.4284277 2.5846111 2.3961397 1.5262373 1.9714771 1.6769363 1.9618089 1.8265201 2.2223344 2.2840609 1.9342431 2.3255807 2.5381399 1.9173216 2.9876226 2.1950459 3.1027533 3.0403418 3.1602633 2.3641571 3.0234540 2.3954798 2.5055199 2.2119169 2.0033480 3.1045577 2.4857973 3.0186656 3.1571694 3.3590723 2.9772069 2.9394375 2.6162455 2.4975959 1.9085453 
Gasp_gasp1.m3.5761.m1                                  2.1676088 2.4481750 2.1906911 1.9879234 2.3016875 1.6723165 2.3116050 2.3449261 0.5975649 0.3175281 0.0000000 0.5537430 0.5017131 2.1471449 0.8510871 2.2279221 2.0758603 2.4731077 1.6619898 2.4620050 1.7177726 2.6198189 2.5916090 2.9624701 3.1017470 3.1490443 3.0527684 2.7869454 2.3530142 2.3029310 2.9210824 3.0214570 2.7028152 2.4889009 3.6613338 2.1865899 3.0005980 3.1081453 0.0000010 2.7346189 2.7448917 2.5831033 1.2291102 2.7421260 2.5605483 2.4417313 2.9835508 2.4851210 2.5269268 2.9883960 1.5630117 3.7511907 3.2514358 3.4620044 2.9118988 3.6066109 2.9916340 3.2859564 2.5204600 3.5959493 2.3819310 2.7510255 2.5703594 2.7215060 3.2868550 5.0580863 3.2205570 3.7768041 3.6296649 4.1071020 3.5370501 2.9038285 3.2595226 2.1047567 
Spis_XP_022789322_1                                    2.0956558 1.8970934 1.6370171 1.6545728 0.5495310 1.9567504 1.9833576 1.6218925 0.6564242 0.5584801 0.5537430 0.0000000 0.1276594 1.2594040 0.7984183 1.2882928 1.6997955 2.0777439 1.7878741 1.4522348 2.0542752 1.8470307 1.8318543 1.8151971 1.8189638 1.7741165 1.7916560 2.2489290 1.8852829 1.9813972 2.0714148 1.9988123 2.3810120 2.8324047 1.6525423 2.5942683 1.9553986 2.8013354 3.9114144 2.5372694 2.7041996 2.6843677 1.6310915 1.9585614 1.5617771 1.9226599 1.3979307 2.4086559 2.3404902 1.9655821 2.3007254 2.1114453 1.9047220 2.9591141 2.0993459 3.1099975 3.2311790 3.3596704 2.2863089 3.2559997 2.4745880 2.6026398 2.0816962 2.1155164 2.9693926 2.2801923 3.2160670 2.9749437 3.0736847 2.5420041 2.9761896 2.5006875 2.9936813 2.4634046 
Pocdam_XM_027188911.1                                  2.0034426 2.1307422 1.8604454 1.7940508 0.8171974 1.8725854 2.0668239 2.2546585 0.6663702 0.4968803 0.5017131 0.1276594 0.0000000 1.1811090 0.8347332 1.7075331 1.8766121 2.1842322 1.8071022 1.5163104 1.7784942 2.1246198 2.1032987 2.0570143 2.0907565 2.1484122 2.1285167 2.3887578 2.1810709 2.0409831 2.4920913 2.6168043 2.5694960 2.6113393 1.6383185 2.5124300 2.5048480 2.9541433 3.4089765 2.6963449 2.7992523 2.5573922 1.5785683 2.1643910 1.9188241 1.9964695 1.8021307 2.2353724 2.2795524 2.1970974 2.2990082 2.4686270 2.1314301 3.1020926 2.1820465 3.1477041 3.1254437 3.0930659 2.3887660 3.1869673 2.3671779 2.5141465 2.1880881 2.3165014 2.9332165 2.4152105 3.1085754 3.1689054 3.2855476 3.0760449 2.9563399 2.5493418 2.9288925 2.1992428 
Adig_XM_015898537.1                                    3.0722611 2.0338149 2.0701111 2.0223168 0.0000010 2.1693928 2.6036570 2.1710156 0.9054317 1.1760553 2.1471449 1.2594040 1.1811090 0.0000000 0.0103525 1.3279433 2.6514582 3.0692588 2.3969607 2.0883333 2.9784800 2.1070377 2.1070377 2.0780039 2.0352317 2.2475024 2.2612728 1.7078190 2.4440984 3.2544490 2.8852971 0.0000010 3.0121900 3.8298792 0.0000010 3.1680352 2.2557997 4.1953858 3.1639410 2.8522203 3.4069760 3.4442730 2.6455741 2.7288592 1.6524910 2.9995694 0.0000010 5.0465031 2.9913936 2.3746509 2.0751686 2.0751686 2.0316951 2.9665994 7.2400000 4.4102503 3.7759333 4.7288275 3.0180159 3.2076740 2.7927139 3.1968030 2.3890473 1.8283521 2.8464676 2.5681833 3.3754571 3.6450274 3.7700072 2.4271133 3.0057592 2.9118088 2.8733071 0.0000010 
Amil_Amillepora02580-RA                                2.3001797 1.9593885 1.9803054 1.9302183 0.5899206 1.9336639 2.0674102 2.0506848 0.6658825 0.8088208 0.8510871 0.7984183 0.8347332 0.0103525 0.0000000 1.8016027 1.9523569 2.3178571 2.0272988 1.6013291 1.5657283 2.0689341 2.0444793 1.9292798 2.0043898 2.1021293 2.0826994 2.0781511 2.0024103 2.0620253 2.5552783 2.5233770 2.6932204 2.8845439 1.5230303 2.6489992 2.5450357 3.0442107 3.7978205 2.6572098 2.8071745 2.4982633 1.7424022 2.2414799 1.9193393 2.0632740 1.8140686 2.2450035 2.1609305 2.1458058 1.9160575 2.2942573 2.0018241 3.4693857 2.0882683 3.3506154 3.4015637 3.3351086 2.6041770 3.4097326 2.5021538 2.4654897 2.2732905 2.2416463 3.0130027 2.8947261 3.0736315 3.2912757 3.1888216 3.0962146 2.8076837 2.8563984 2.8430726 2.3323554 
Xesp_002270-T1                                         2.5266625 2.1887942 2.0898593 2.2740207 0.9326713 1.9863162 2.2837613 2.3528472 1.7642367 1.6774590 2.2279221 1.2882928 1.7075331 1.3279433 1.8016027 0.0000000 2.2342517 2.2277490 2.1879064 0.8312435 1.8326118 2.3594291 2.3515868 2.2940050 2.3578496 2.2508349 2.2850236 2.6206436 2.5326595 2.4395251 3.1546942 3.1264882 3.0618276 2.9203620 1.8682064 2.4172767 2.9691189 2.9479292 3.1499735 2.8709504 3.1608479 2.2434864 1.7116620 2.3872962 2.5781710 1.9611205 2.0673200 2.0633113 2.1458693 2.1637428 1.9462723 2.4548222 2.2380821 3.4306307 2.3583756 3.6328569 3.2349466 3.2952774 2.8444593 3.2083707 2.6384928 2.7912800 2.4353530 2.5818370 3.2769482 3.2027261 3.4663565 3.6451759 3.5753323 3.5417692 2.8287098 3.0452297 2.9513944 2.4038964 
Ctel_gnl_WGS_AMQN_CAPTEDRAFT_mRNA224097                2.2466437 1.6784660 1.6396609 1.7698853 0.6631543 2.1286935 2.2301804 2.0564974 1.6761589 1.8038565 2.0758603 1.6997955 1.8766121 2.6514582 1.9523569 2.2342517 0.0000000 1.8059565 1.6854837 2.1178558 1.8301543 2.1017557 2.0934862 1.9848838 2.0588879 2.0027525 2.0219434 2.4433737 2.2495450 2.3942268 2.8995131 2.9651376 2.6257621 2.7128358 1.8053165 2.8738152 2.6879406 2.9089613 3.9001330 3.0680625 3.0240899 2.7467110 1.9905547 2.3941743 2.0332954 2.1208926 1.9290477 2.3624933 2.3330896 2.1685070 2.5591087 2.7317727 2.4486418 3.2797756 2.3860574 3.2776968 3.2497042 3.2637452 2.9400792 3.2405962 2.2064261 2.2324913 2.4104066 1.9709638 3.5213507 2.6537232 2.9770945 3.3900849 3.6646752 3.2199578 2.7738195 2.8592451 2.9557204 2.0919428 
Spur_XM_030977390.1                                    2.3801518 1.7446149 1.7769016 1.8592101 0.9019886 2.2632725 2.3836871 2.5658233 2.0367142 2.0736773 2.4731077 2.0777439 2.1842322 3.0692588 2.3178571 2.2277490 1.8059565 0.0000000 1.5705856 2.2413621 2.2262520 2.2897111 2.2832440 2.1826145 2.3724034 2.2604341 2.3022583 2.2681279 2.2084274 2.3032749 2.5613524 2.7632488 2.8925940 2.8547615 1.8172839 2.5586638 2.7363542 3.1195284 3.0418473 2.9476963 2.9934677 2.5523948 2.7569280 2.6892779 2.5352409 2.4661535 2.3269614 2.6738215 2.7354747 2.5343975 2.3445878 2.7242975 2.5751809 3.4966628 2.3924643 3.6841827 3.2020243 3.3791877 2.8740185 3.6117552 2.6907098 2.7364703 2.5298588 2.3932985 3.0799071 2.8436905 3.0139457 3.4601488 3.7677186 3.3355123 3.2987775 2.8821595 2.8282089 2.1899845 
Skow_XM_002730845.2                                    1.8940713 1.3998505 1.5477601 1.6804921 0.9858038 2.1824881 2.3256058 2.4681909 1.7144928 1.7826322 1.6619898 1.7878741 1.8071022 2.3969607 2.0272988 2.1879064 1.6854837 1.5705856 0.0000000 2.0521026 2.1598827 2.3040228 2.3239903 2.1617158 2.2627860 2.1891530 2.2379508 2.3474307 2.2283559 2.2843732 2.6290481 2.6997353 2.7818430 2.8087657 1.8271153 2.9144777 2.7100280 2.8637262 3.3346061 2.8499737 2.8915978 2.6462299 2.0218243 2.3805577 2.3478433 2.2704422 2.2701413 2.6336982 2.5548621 2.0211342 1.9530207 2.5165539 2.3120288 3.2249347 2.4593074 3.1648500 3.2696473 3.0011170 2.9019822 3.2268103 2.3674042 2.6320856 2.4245830 2.1452713 3.1091729 2.7236994 2.9562460 3.8053660 3.7451078 3.2070768 3.0851366 2.6697634 2.8311298 2.0873290 
Dgig_XM_028543253.1                                    2.3053514 2.0905544 2.1120453 1.9243778 0.5504623 1.9992195 2.0088317 1.5030677 1.6065826 1.3988276 2.4620050 1.4522348 1.5163104 2.0883333 1.6013291 0.8312435 2.1178558 2.2413621 2.0521026 0.0000000 2.0813375 1.9385672 1.9353842 1.8033049 1.8417544 1.7896159 1.7931410 1.9236719 2.1463251 2.0125580 2.4633949 2.3295687 2.2355104 2.4244789 1.8541577 2.4728372 2.2346525 2.5625045 2.9597090 2.3281366 2.5083576 2.2773872 1.8884945 2.2038684 1.8832848 1.9722951 1.5596039 2.2655736 2.2245202 1.8170048 2.2252751 2.3803778 1.8872956 3.1564535 2.4942737 3.4250755 3.1446094 3.3447121 2.9659424 3.2940834 2.5049399 2.3785831 2.2128065 2.3982713 3.1498488 2.5704575 3.2467946 3.2707265 3.4546894 2.8868359 3.0763844 2.8741260 3.2601714 2.1287596 
Morvir_scaffold386.g1.t1                               2.2035546 2.0598213 1.7503967 1.8652692 0.6647899 1.7277341 1.5053144 1.9909316 1.5733897 1.7284429 1.7177726 2.0542752 1.7784942 2.9784800 1.5657283 1.8326118 1.8301543 2.2262520 2.1598827 2.0813375 0.0000000 1.7118116 1.7042813 1.6844248 1.6706534 1.7142813 1.7388003 1.8082390 1.9049024 2.0152792 2.2997599 2.7760701 2.2477799 2.2658416 1.9323700 2.3309173 2.2665950 2.4547820 3.7588569 2.4116314 2.4240959 2.2383153 1.9320610 2.1469147 2.1920064 1.8353334 1.9142541 2.1225716 2.3574884 2.0854322 2.5433326 2.4114028 2.1140296 2.8244272 2.3922777 2.7981767 2.7050782 2.7932180 2.2054609 2.8981461 1.8892955 1.9843397 1.8481851 1.9661148 2.4750841 2.6051997 2.9451659 2.7074436 2.6924951 3.0615569 2.3334592 2.1390533 2.9786557 1.8933505 
Tadh_TriadT60375                                       2.5453010 2.4130111 2.0692739 2.1291362 1.1469139 2.3043686 2.2400570 2.6269941 2.0783789 2.1502500 2.6198189 1.8470307 2.1246198 2.1070377 2.0689341 2.3594291 2.1017557 2.2897111 2.3040228 1.9385672 1.7118116 0.0000000 0.0127847 0.5224085 0.5675121 0.5777578 0.6018349 2.4277115 2.2430432 2.2658418 2.9081380 3.0989704 3.1325363 3.0510082 2.0047607 2.7976976 2.9512266 3.0867974 2.8717954 2.9467766 3.1895614 2.6363331 2.1269484 2.5438354 2.4970877 2.2053788 2.0978877 2.1900027 2.5200462 2.1223393 2.2047229 2.8597470 2.3765815 2.9595168 2.4799598 3.4203819 3.1357603 2.9655402 2.8103599 2.7878505 2.6587678 2.9793751 2.4146708 2.7494041 3.6203562 3.2204809 3.2422716 3.5761675 3.9148456 3.2817414 3.1133946 2.9531946 2.7367959 2.4427593 
TrH2_TrispH2_010973-RA                                 2.5416690 2.3966132 2.0799944 2.1333609 1.1488692 2.2867874 2.2566598 2.6445334 2.0541828 2.1336387 2.5916090 1.8318543 2.1032987 2.1070377 2.0444793 2.3515868 2.0934862 2.2832440 2.3239903 1.9353842 1.7042813 0.0127847 0.0000000 0.5170533 0.5561969 0.5724470 0.6023805 2.4037004 2.2150873 2.2548854 2.9712187 3.1322126 3.1591062 3.0787658 1.9971273 2.7909938 2.9928453 3.1036028 2.8717954 2.9814806 3.2288622 2.6673787 2.1272837 2.5356048 2.4906364 2.2009786 2.1076170 2.1960989 2.5103264 2.1142230 2.2028389 2.8578492 2.3787813 2.9535142 2.5021147 3.4255836 3.1163456 2.9729859 2.7875098 2.7740153 2.6707078 2.9834158 2.3948613 2.7427166 3.5675947 3.2070794 3.2243848 3.5791983 3.9137585 3.2933711 3.1041536 2.9458081 2.7165833 2.4187234 
HoiH06_mRNA9623                                        2.4584677 2.2088978 1.9944266 2.0248400 1.0819377 2.3173533 2.3417017 2.7971281 1.9856618 2.0486537 2.9624701 1.8151971 2.0570143 2.0780039 1.9292798 2.2940050 1.9848838 2.1826145 2.1617158 1.8033049 1.6844248 0.5224085 0.5170533 0.0000000 0.1040168 0.2616478 0.2599395 2.3326068 2.2918430 2.1238300 3.0242417 3.2356612 3.1069211 3.0307053 1.9886093 2.7214385 3.1519018 3.1370936 3.0639027 3.0908018 3.2923576 2.7057107 2.0735433 2.3971037 2.3441352 2.2198710 2.0812427 2.2967057 2.4480994 2.1026886 2.0005579 2.5576197 2.3332306 2.8796223 2.5918986 3.5306209 2.9807841 2.8176000 2.7028212 2.9771693 2.6815153 2.8951312 2.3209627 2.4238200 3.4336525 3.3733129 3.1936714 3.4254316 3.7158908 3.2256873 3.2376994 2.7874242 2.7588846 2.3170262 
HoiH23_PlH23_007572-RA                                 2.5766205 2.3299988 2.0476743 2.1383109 1.1233212 2.4421971 2.3865351 2.9398228 2.0309942 2.0737224 3.1017470 1.8189638 2.0907565 2.0352317 2.0043898 2.3578496 2.0588879 2.3724034 2.2627860 1.8417544 1.6706534 0.5675121 0.5561969 0.1040168 0.0000000 0.2598160 0.2737092 2.4122381 2.3630951 2.2312876 3.0231204 3.1798748 3.2754598 3.1196496 1.8849142 2.6557307 3.0223543 3.0489872 2.8408488 3.0267184 3.2942557 2.6696179 2.0138235 2.4165515 2.3628604 2.1336493 2.1440267 2.2633333 2.4636393 2.0613738 2.0486543 2.6948849 2.3945649 2.9955897 2.6555271 3.6485943 3.0190166 2.8640945 2.7406238 3.1138361 2.7576464 2.8394129 2.2848328 2.4889926 3.4929040 3.4364381 3.2582611 3.7311046 3.9793300 3.2387133 3.1853686 2.8010040 2.7689789 2.4430838 
Hhon_g08458.t1                                         2.4929868 2.3065354 2.0583157 2.2042110 0.9903920 2.3344807 2.3543570 2.7789063 2.0943079 2.0927313 3.1490443 1.7741165 2.1484122 2.2475024 2.1021293 2.2508349 2.0027525 2.2604341 2.1891530 1.7896159 1.7142813 0.5777578 0.5724470 0.2616478 0.2598160 0.0000000 0.0269835 2.2564569 2.2644755 2.1625733 3.0074553 3.1278732 3.3378838 3.1932430 1.9342585 2.7339473 3.0920912 3.1303535 2.9873510 3.0843873 3.4628040 2.6414532 2.0623454 2.3265711 2.2979438 2.2096296 2.0994820 2.3178059 2.4699307 2.1151607 1.9583051 2.7144696 2.3105400 3.0560243 2.6111134 3.6118891 3.3270046 3.0401013 2.6315950 3.1799748 2.7124208 2.9537095 2.3990625 2.4210097 3.7121967 3.4831475 3.2491207 3.7372062 3.9332579 3.3332470 3.0935080 2.9500794 2.7401296 2.4499872 
HoiH04_mRNA802                                         2.5072403 2.3067884 2.0775926 2.2228127 1.0219683 2.3755200 2.3787539 2.7594194 2.0667983 2.0751604 3.0527684 1.7916560 2.1285167 2.2612728 2.0826994 2.2850236 2.0219434 2.3022583 2.2379508 1.7931410 1.7388003 0.6018349 0.6023805 0.2599395 0.2737092 0.0269835 0.0000000 2.2355568 2.2015533 2.1567240 3.0959647 3.1291406 3.3609851 3.2422971 1.9285140 2.7088772 3.1534268 3.1625311 3.0510656 3.0169116 3.4266301 2.6564043 2.1079450 2.3266749 2.2815529 2.2253411 2.1359184 2.3526949 2.4770343 2.1378169 2.0208499 2.7400058 2.3360989 3.0974723 2.6240142 3.6466111 3.3059139 3.0487025 2.6526375 3.1678682 2.7560447 3.0134387 2.3992632 2.5085004 3.7034873 3.5509076 3.2697010 3.6989217 3.9368689 3.3908846 3.1452970 2.9568508 2.7320514 2.4516301 
Scil_scict014678.1                                     2.6838529 2.3508725 2.4247701 2.4096589 0.9381629 2.2714337 2.4396822 2.4079729 2.1193623 2.1810780 2.7869454 2.2489290 2.3887578 1.7078190 2.0781511 2.6206436 2.4433737 2.2681279 2.3474307 1.9236719 1.8082390 2.4277115 2.4037004 2.3326068 2.4122381 2.2564569 2.2355568 0.0000000 0.7914329 0.7475729 2.3066310 2.4668810 2.6216809 2.5025236 1.9265048 2.4645365 2.5365278 2.8079855 2.3311318 2.5740319 2.5055763 2.3105914 1.9503202 2.7299598 2.6744079 2.3394029 2.5767582 2.4731381 2.7514380 2.7478837 2.0813241 2.6875182 2.3394605 2.9588895 2.2681475 3.4105915 2.7966691 3.0426897 2.2507095 3.1086237 2.2779979 2.5470132 2.7092444 2.8174659 2.9233322 3.0368750 2.8075281 2.6624691 2.6734978 3.1549881 2.7704906 2.5722613 2.6482345 2.1714011 
Lcom_lcpid91387                                        2.4540216 2.2471691 2.2214095 2.2989775 0.7080690 2.0231621 2.3729013 2.5716267 2.0151201 2.0091574 2.3530142 1.8852829 2.1810709 2.4440984 2.0024103 2.5326595 2.2495450 2.2084274 2.2283559 2.1463251 1.9049024 2.2430432 2.2150873 2.2918430 2.3630951 2.2644755 2.2015533 0.7914329 0.0000000 0.7126434 1.9499204 2.2281319 2.3750628 2.2543250 1.8744085 1.9840293 2.5897060 2.8000252 1.7019480 2.2657951 2.2859321 1.7539329 2.0967883 2.6307694 2.6296560 2.2982573 2.5550480 2.3788975 2.4915675 2.4507929 2.3965831 2.4158282 2.2361344 2.9295237 2.2418802 3.0311541 2.5920442 2.7141514 2.0042416 3.0025913 2.4434689 2.4527014 2.7863631 2.7932747 2.5862451 2.8919995 2.7062636 2.5794448 2.6085094 2.7113424 2.7838691 2.6836318 2.7083990 2.1505702 
Leuniv_Lniv_scaffold24501_01                           2.4328955 2.3337178 2.2596799 2.2730078 0.9913990 2.0449625 2.3013799 2.6650194 1.9951566 1.9672131 2.3029310 1.9813972 2.0409831 3.2544490 2.0620253 2.4395251 2.3942268 2.3032749 2.2843732 2.0125580 2.0152792 2.2658418 2.2548854 2.1238300 2.2312876 2.1625733 2.1567240 0.7475729 0.7126434 0.0000000 2.0367493 2.2858378 2.2721584 2.1649571 1.9456515 2.3721120 2.2170628 2.4317308 2.2335860 2.3385347 2.1877196 1.8961490 1.9506663 2.5883738 2.6596050 2.2067639 2.7496701 2.3508794 2.6325051 2.2984348 2.6839453 2.5646849 2.3120276 2.7576684 2.1648917 2.9112467 2.6192320 2.6364996 2.0584331 2.8560761 2.3602616 2.4966282 2.5425666 2.5266075 2.7205035 2.8131476 2.8191727 2.8124760 2.8901962 3.0130662 2.8119444 2.5318806 2.6775684 2.0694076 
Mlei_ML2705.g18.i1                                     2.7275453 2.5736553 2.4520190 2.4849642 1.1158060 2.6333642 2.9806923 2.8487913 2.6861004 2.3442024 2.9210824 2.0714148 2.4920913 2.8852971 2.5552783 3.1546942 2.8995131 2.5613524 2.6290481 2.4633949 2.2997599 2.9081380 2.9712187 3.0242417 3.0231204 3.0074553 3.0959647 2.3066310 1.9499204 2.0367493 0.0000000 0.7621405 0.9448695 0.9413802 1.2205503 0.8998346 0.9643586 1.1804261 0.3557586 0.8611693 1.1276740 0.7558579 2.2638099 2.9429232 2.8976587 2.7098034 2.6339979 2.7430982 3.0444847 2.4655531 4.0774540 3.2340546 2.8885918 3.0032298 2.1823198 3.3883721 2.9618330 2.7943976 2.5986645 3.2052580 2.4987122 2.3064931 2.7770013 2.5360623 3.2620728 2.6998961 2.8178459 3.0883067 3.1323244 2.9586069 2.9913913 2.5604220 3.2066811 2.2079135 
Mertsp_Mesp_sb563495                                   3.0176438 2.9024502 3.0015666 3.1170049 1.7703510 2.5723820 2.9753715 2.9490786 2.6354723 2.3126666 3.0214570 1.9988123 2.6168043 0.0000010 2.5233770 3.1264882 2.9651376 2.7632488 2.6997353 2.3295687 2.7760701 3.0989704 3.1322126 3.2356612 3.1798748 3.1278732 3.1291406 2.4668810 2.2281319 2.2858378 0.7621405 0.0000000 0.9445705 0.8179590 1.0993323 0.8252016 1.0447547 1.1733576 1.8748114 0.9022276 1.1020463 0.4996005 2.1778652 2.7947106 2.7294497 2.5738103 2.7034625 2.6349157 2.9003997 2.3902362 2.9192440 3.1272284 2.8281858 3.1769367 2.4811054 3.5398100 3.0363976 2.9146997 2.7440223 3.1278355 2.6542671 2.3718997 2.7611609 2.4872987 3.5282142 2.6226614 2.7995384 2.9890485 2.9613822 3.1095734 2.7343823 2.8066087 2.7480601 2.2755148 
Pbac_sb2645985                                         2.9692192 2.7879664 2.9040955 2.7858517 1.4319443 2.8260377 3.1582134 3.2227338 2.6985300 2.3778705 2.7028152 2.3810120 2.5694960 3.0121900 2.6932204 3.0618276 2.6257621 2.8925940 2.7818430 2.2355104 2.2477799 3.1325363 3.1591062 3.1069211 3.2754598 3.3378838 3.3609851 2.6216809 2.3750628 2.2721584 0.9448695 0.9445705 0.0000000 0.0596885 0.9552084 0.7173723 1.0264418 0.9926200 0.5673205 0.8185039 0.9325313 0.6448162 2.5038211 2.8591266 2.9168601 2.5428293 2.3767410 2.5677925 2.6738577 2.4677598 3.0165627 2.9448875 2.7210588 3.3480773 2.0689908 3.2690310 2.9737866 3.2891739 2.8312309 3.1711750 2.6565637 2.6755470 3.1545896 2.8016874 3.4466060 2.7847649 2.9729745 3.3424277 3.2410801 3.2996182 3.0101651 2.5820900 2.7667248 2.5215863 
Horcal_Hcv1.av93.c5.g418.i1                            3.0124851 2.8217763 2.8411546 2.6876173 1.2341899 2.9049956 3.0715548 3.0597874 2.7281043 2.4546258 2.4889009 2.8324047 2.6113393 3.8298792 2.8845439 2.9203620 2.7128358 2.8547615 2.8087657 2.4244789 2.2658416 3.0510082 3.0787658 3.0307053 3.1196496 3.1932430 3.2422971 2.5025236 2.2543250 2.1649571 0.9413802 0.8179590 0.0596885 0.0000000 0.9830469 0.8962513 0.9837058 1.0360198 0.8600521 0.8350016 0.9645530 0.7402789 2.8436605 3.0896684 2.8236410 2.7296802 2.3802786 2.7867869 2.8902385 2.6141181 2.9203891 2.8898379 2.6285046 3.1933075 2.1086084 3.2704645 3.0705184 3.4168924 2.7130842 3.2128002 2.6009397 2.5250822 3.1342820 2.7000774 3.6491065 2.7665420 3.1348364 3.4960564 3.2978880 3.2792903 3.5920251 2.5530270 2.9811561 2.4559421 
Eupdun_Edun_sb10599355                                 1.8243061 1.7668293 1.7508396 1.7801578 0.8819263 1.8708620 1.8964929 1.7727741 1.5231997 1.4852737 3.6613338 1.6525423 1.6383185 0.0000010 1.5230303 1.8682064 1.8053165 1.8172839 1.8271153 1.8541577 1.9323700 2.0047607 1.9971273 1.9886093 1.8849142 1.9342585 1.9285140 1.9265048 1.8744085 1.9456515 1.2205503 1.0993323 0.9552084 0.9830469 0.0000000 0.9512767 0.9029952 0.9076192 1.8748114 0.9933379 0.8938452 0.8389751 1.6571783 2.0185875 2.0545157 1.5202992 1.9025174 1.5789504 1.8997370 1.7568275 2.0635357 1.9931605 1.6537911 2.2639591 1.6816370 2.7438206 2.6780257 2.3855620 1.9074725 2.6043403 2.0775883 1.6914354 2.1001052 2.1959169 2.0142141 1.7683497 2.3986745 2.4952218 2.3949942 2.2441294 1.9366400 2.1386519 2.7350102 1.8407729 
Vmul_Simscaffold15588_01                               2.7207559 2.5759955 2.5279326 2.4035972 1.0788035 2.8212663 2.8597330 2.0377513 2.8057368 2.5669735 2.1865899 2.5942683 2.5124300 3.1680352 2.6489992 2.4172767 2.8738152 2.5586638 2.9144777 2.4728372 2.3309173 2.7976976 2.7909938 2.7214385 2.6557307 2.7339473 2.7088772 2.4645365 1.9840293 2.3721120 0.8998346 0.8252016 0.7173723 0.8962513 0.9512767 0.0000000 0.5177361 0.5738272 1.1422726 0.8504709 0.9167490 0.8425190 2.9577697 2.8129169 2.6858455 2.6036284 1.8346002 2.7217250 2.9838725 2.8078284 3.2847594 2.9947448 2.7007857 3.1097947 2.1514883 3.6887833 3.6337381 4.0494539 3.0550336 3.7405472 2.8334814 2.3976668 2.5892632 2.8134243 3.7663247 2.7793517 3.2540224 3.5275036 3.4402304 3.1380876 3.9485920 3.1210626 3.3334806 2.2118639 
Coeast_Cast_sb810398                                   2.8671743 2.6138864 2.5110691 2.5175487 1.4853340 2.4110616 2.8550552 2.8367770 2.6117164 2.3899108 3.0005980 1.9553986 2.5048480 2.2557997 2.5450357 2.9691189 2.6879406 2.7363542 2.7100280 2.2346525 2.2665950 2.9512266 2.9928453 3.1519018 3.0223543 3.0920912 3.1534268 2.5365278 2.5897060 2.2170628 0.9643586 1.0447547 1.0264418 0.9837058 0.9029952 0.5177361 0.0000000 0.0601675 1.3279035 1.1408078 1.2581934 0.6404984 2.1038677 2.8451818 2.7540759 2.1695452 2.9246441 2.8832914 2.7584961 2.6986807 2.0263685 3.0351203 2.3982728 3.0207285 2.3994425 3.1542173 3.0701517 3.0348817 2.4866727 2.7239244 2.4707769 2.1919884 2.7108878 2.5029950 2.9976710 2.8698759 2.2868664 2.8073360 3.0409685 2.9943268 2.9325475 2.5771669 2.7869218 2.1621200 
Coemet_Cmet_scaffold13487_01                           3.1076204 2.8565345 2.8573862 2.7106551 1.0915739 2.7988975 3.0270530 2.8852868 3.0396812 2.8321094 3.1081453 2.8013354 2.9541433 4.1953858 3.0442107 2.9479292 2.9089613 3.1195284 2.8637262 2.5625045 2.4547820 3.0867974 3.1036028 3.1370936 3.0489872 3.1303535 3.1625311 2.8079855 2.8000252 2.4317308 1.1804261 1.1733576 0.9926200 1.0360198 0.9076192 0.5738272 0.0601675 0.0000000 1.0451847 1.0169480 1.1936308 0.8311193 2.8733809 3.4231650 3.0337773 2.5771133 2.4981175 3.2420321 3.1782514 2.9303363 2.9667620 3.1738511 2.8250382 3.5124945 2.2945435 3.8961245 3.8194513 3.7543701 3.0317713 3.5088855 2.8099458 2.6676075 3.0279333 2.6990402 3.8724305 3.0153162 3.0495860 3.7134518 3.8707731 3.4030933 4.2733113 3.1211330 3.2299781 2.3940573 
Bolinf_Binf_sb1224200                                  3.7606374 2.9485174 2.9194369 2.5791801 0.9474208 3.7338228 3.1654295 0.7347305 3.4843756 3.0466120 0.0000010 3.9114144 3.4089765 3.1639410 3.7978205 3.1499735 3.9001330 3.0418473 3.3346061 2.9597090 3.7588569 2.8717954 2.8717954 3.0639027 2.8408488 2.9873510 3.0510656 2.3311318 1.7019480 2.2335860 0.3557586 1.8748114 0.5673205 0.8600521 1.8748114 1.1422726 1.3279035 1.0451847 0.0000000 0.5122122 0.6488690 0.9792382 3.2023601 3.6759769 4.0819162 3.8518620 0.9474208 3.9128096 4.1543235 3.1432042 2.9332335 2.8860087 3.3074384 2.8365216 6.3071669 4.6890691 3.7035806 5.5617476 3.9986420 4.3153750 3.9201089 3.7175822 3.0010180 3.2314547 5.4129957 3.7947692 5.1946693 4.8663009 4.3813832 3.6081956 4.6265902 3.8654060 4.3730776 1.3017427 
Beraby_Baby_sb343828                                   3.0774922 2.8715191 2.8077665 2.8467800 1.3638525 2.8760487 3.0395042 3.0480726 2.8450279 2.4284277 2.7346189 2.5372694 2.6963449 2.8522203 2.6572098 2.8709504 3.0680625 2.9476963 2.8499737 2.3281366 2.4116314 2.9467766 2.9814806 3.0908018 3.0267184 3.0843873 3.0169116 2.5740319 2.2657951 2.3385347 0.8611693 0.9022276 0.8185039 0.8350016 0.9933379 0.8504709 1.1408078 1.0169480 0.5122122 0.0000000 0.8447179 0.7877124 2.5289151 3.3015594 3.1539074 2.7725212 2.7622769 2.7771111 2.9615355 2.5412478 3.2701547 3.1355550 2.7373458 3.2961647 2.0974810 3.6660453 3.4815562 3.6422612 2.9245473 3.1707387 2.8796582 2.6144320 3.0415972 2.6791186 3.6389846 2.8043743 3.2082745 3.7843606 3.6134609 3.4043858 3.4078063 2.9020134 2.9347608 2.5914190 
Drygla_Dgla_sb303772                                   3.0931825 3.1233392 2.8797925 2.8633568 1.6304491 2.8881392 2.9171716 3.1266473 2.7141957 2.5846111 2.7448917 2.7041996 2.7992523 3.4069760 2.8071745 3.1608479 3.0240899 2.9934677 2.8915978 2.5083576 2.4240959 3.1895614 3.2288622 3.2923576 3.2942557 3.4628040 3.4266301 2.5055763 2.2859321 2.1877196 1.1276740 1.1020463 0.9325313 0.9645530 0.8938452 0.9167490 1.2581934 1.1936308 0.6488690 0.8447179 0.0000000 0.7206249 2.7783795 3.1177904 3.1199149 2.9569806 2.7030271 2.9061066 3.0875796 2.5786874 3.0424662 3.0321930 2.8977463 3.3513744 2.1702874 3.4557787 3.6206537 3.5471638 3.0335104 3.4135824 2.9702703 2.8685115 2.9162051 2.7687256 3.5923764 2.9358975 3.2527996 3.6885102 3.8469227 3.5522520 3.7116237 2.9596076 3.2859480 2.4721966 
Lampan_Lpan_11070_01                                   2.6104686 2.5865329 2.6334154 2.5425743 0.8739084 2.6863669 2.8247190 2.2812195 2.4738778 2.3961397 2.5831033 2.6843677 2.5573922 3.4442730 2.4982633 2.2434864 2.7467110 2.5523948 2.6462299 2.2773872 2.2383153 2.6363331 2.6673787 2.7057107 2.6696179 2.6414532 2.6564043 2.3105914 1.7539329 1.8961490 0.7558579 0.4996005 0.6448162 0.7402789 0.8389751 0.8425190 0.6404984 0.8311193 0.9792382 0.7877124 0.7206249 0.0000000 2.7615057 2.8140085 2.4854911 2.6145445 2.0396192 2.5209240 2.7550014 2.6327007 2.9913441 2.7207446 2.3558280 3.0685982 2.1056694 3.6650182 3.1879997 3.5536218 2.6723806 3.4468291 2.6416254 2.2025270 2.5167874 2.2900249 3.6252205 2.8218157 3.0171925 3.1849155 3.3215683 3.0734731 3.6750234 2.8217435 3.3453702 2.3005511 
Exapal_XM_028663537.1                                  2.6087100 2.1686667 2.1399273 1.9441539 0.5621322 2.0395681 2.0061090 1.3565675 1.5898215 1.5262373 1.2291102 1.6310915 1.5785683 2.6455741 1.7424022 1.7116620 1.9905547 2.7569280 2.0218243 1.8884945 1.9320610 2.1269484 2.1272837 2.0735433 2.0138235 2.0623454 2.1079450 1.9503202 2.0967883 1.9506663 2.2638099 2.1778652 2.5038211 2.8436605 1.6571783 2.9577697 2.1038677 2.8733809 3.2023601 2.5289151 2.7783795 2.7615057 0.0000000 2.2004175 2.0151243 2.1205456 1.7179873 2.4725620 2.4501756 2.1073163 2.4405033 2.3854566 2.2578539 3.2537381 2.5345419 3.2853594 3.3773507 3.2164054 2.6344359 3.6710618 2.6298925 2.4428899 2.3283864 2.4023339 3.1764248 2.6385498 3.1377342 3.2282824 3.3540975 3.1119782 3.1569793 3.0412387 3.2375493 1.9005433 
Emue_Em0009g937a.t1                                    2.7210988 2.5649872 2.3513098 2.4458100 0.9644831 2.3191375 2.4761866 2.3711582 2.0728987 1.9714771 2.7421260 1.9585614 2.1643910 2.7288592 2.2414799 2.3872962 2.3941743 2.6892779 2.3805577 2.2038684 2.1469147 2.5438354 2.5356048 2.3971037 2.4165515 2.3265711 2.3266749 2.7299598 2.6307694 2.5883738 2.9429232 2.7947106 2.8591266 3.0896684 2.0185875 2.8129169 2.8451818 3.4231650 3.6759769 3.3015594 3.1177904 2.8140085 2.2004175 0.0000000 0.4777288 1.7521819 1.5879176 1.9989805 2.3827855 1.7598666 2.3474985 2.6999566 2.4110169 3.2739497 2.4909306 3.5128460 3.2165074 3.2361734 3.0686643 3.1070936 3.0477094 3.2743932 2.8908773 2.8323479 3.3703064 2.7883626 3.4107165 3.2746906 3.3166723 3.2922219 3.2910299 3.1084612 2.9435591 2.5794273 
Spolac_c99827_g1_i1_m.20684c89095-g2                   2.4770874 2.2912069 2.2725113 2.3238909 1.1027225 2.2105404 2.5620052 2.2097725 1.8523288 1.6769363 2.5605483 1.5617771 1.9188241 1.6524910 1.9193393 2.5781710 2.0332954 2.5352409 2.3478433 1.8832848 2.1920064 2.4970877 2.4906364 2.3441352 2.3628604 2.2979438 2.2815529 2.6744079 2.6296560 2.6596050 2.8976587 2.7294497 2.9168601 2.8236410 2.0545157 2.6858455 2.7540759 3.0337773 4.0819162 3.1539074 3.1199149 2.4854911 2.0151243 0.4777288 0.0000000 1.4332606 1.6683893 1.8038425 1.7988322 1.5648828 2.3026756 2.7502404 2.1154363 3.2746515 2.2197480 3.3692648 2.9065347 2.9123974 3.0084479 2.7764936 2.8319939 2.8053145 2.8197173 2.5142510 3.1783021 2.7536985 3.2763510 2.9004594 2.8527219 2.9861957 2.7668636 2.8392465 2.4464930 2.5499554 
Tetwil_g18622.t2                                       2.7825009 2.1987886 2.2522221 2.1910587 0.7284547 2.2743384 2.3553517 2.2548479 1.8705512 1.9618089 2.4417313 1.9226599 1.9964695 2.9995694 2.0632740 1.9611205 2.1208926 2.4661535 2.2704422 1.9722951 1.8353334 2.2053788 2.2009786 2.2198710 2.1336493 2.2096296 2.2253411 2.3394029 2.2982573 2.2067639 2.7098034 2.5738103 2.5428293 2.7296802 1.5202992 2.6036284 2.1695452 2.5771133 3.8518620 2.7725212 2.9569806 2.6145445 2.1205456 1.7521819 1.4332606 0.0000000 1.3932185 1.8944543 1.9025033 1.7796178 1.9686716 2.3292073 2.0830714 2.9849055 2.3004009 3.7785384 2.9831372 3.0051842 2.2485717 3.1026312 2.5238841 2.2271100 2.6363254 2.5158882 2.9166989 2.8047924 3.0716547 3.4115637 3.7312741 2.8632783 3.0486960 2.7880865 2.5385776 2.2996616 
Stycar_maker-SC_scaffold5617-snap-gene-0.8-mRNA-1      2.1503885 1.8786198 1.8098033 1.9109241 0.7294768 1.9718154 2.0632831 2.3035646 1.8302642 1.8265201 2.9835508 1.3979307 1.8021307 0.0000010 1.8140686 2.0673200 1.9290477 2.3269614 2.2701413 1.5596039 1.9142541 2.0978877 2.1076170 2.0812427 2.1440267 2.0994820 2.1359184 2.5767582 2.5550480 2.7496701 2.6339979 2.7034625 2.3767410 2.3802786 1.9025174 1.8346002 2.9246441 2.4981175 0.9474208 2.7622769 2.7030271 2.0396192 1.7179873 1.5879176 1.6683893 1.3932185 0.0000000 1.8061484 1.7727772 1.5463227 1.2257414 2.5423430 1.9512096 3.1154306 2.2309336 2.9209483 2.7504544 2.4810185 2.8936070 2.6776043 2.3221231 2.3513776 2.5042399 2.2018836 2.9411378 2.7619808 3.0324556 3.1872774 2.8263847 2.8445665 2.2500678 2.7638567 2.3788010 2.3399671 
Aque_Aqu2.1.23395_001                                  2.4620353 2.1589825 2.2622637 2.5703672 1.0745855 2.4198058 2.6409504 2.6691162 2.1217097 2.2223344 2.4851210 2.4086559 2.2353724 5.0465031 2.2450035 2.0633113 2.3624933 2.6738215 2.6336982 2.2655736 2.1225716 2.1900027 2.1960989 2.2967057 2.2633333 2.3178059 2.3526949 2.4731381 2.3788975 2.3508794 2.7430982 2.6349157 2.5677925 2.7867869 1.5789504 2.7217250 2.8832914 3.2420321 3.9128096 2.7771111 2.9061066 2.5209240 2.4725620 1.9989805 1.8038425 1.8944543 1.8061484 0.0000000 1.2247616 1.4816413 2.1042441 2.6966903 2.5942824 3.2926098 2.3079565 3.2263303 2.9910742 2.7539560 2.8530992 3.3072620 2.9298189 2.7821925 2.4821037 2.8343758 3.3864830 2.8454477 3.4671564 3.1843752 3.3229481 2.8788116 3.0366993 3.1745188 3.0233274 2.5957472 
Halamb_c51803_g1_i1m.31436                             2.9269095 2.5077983 2.4200694 2.6941518 1.2387712 2.4693316 2.7387340 2.8251878 2.0579751 2.2840609 2.5269268 2.3404902 2.2795524 2.9913936 2.1609305 2.1458693 2.3330896 2.7354747 2.5548621 2.2245202 2.3574884 2.5200462 2.5103264 2.4480994 2.4636393 2.4699307 2.4770343 2.7514380 2.4915675 2.6325051 3.0444847 2.9003997 2.6738577 2.8902385 1.8997370 2.9838725 2.7584961 3.1782514 4.1543235 2.9615355 3.0875796 2.7550014 2.4501756 2.3827855 1.7988322 1.9025033 1.7727772 1.2247616 0.0000000 1.5629760 2.2698229 3.0389858 2.3892046 3.2056108 2.5678715 3.6142208 3.1666796 3.6698147 3.0027656 3.1870803 2.9226239 2.9829157 2.8869882 2.8796943 3.2976365 2.4995033 3.5178289 3.4498913 3.6931693 3.0919994 3.2382881 3.0962336 2.9845954 2.7401372 
Xestes_maker-XT_scaffold2528-augustus-gene-0.58-mRNA-1 2.2628411 2.2227180 2.3764150 2.3600652 0.8317959 2.3981235 2.4923746 2.4730874 2.1224576 1.9342431 2.9883960 1.9655821 2.1970974 2.3746509 2.1458058 2.1637428 2.1685070 2.5343975 2.0211342 1.8170048 2.0854322 2.1223393 2.1142230 2.1026886 2.0613738 2.1151607 2.1378169 2.7478837 2.4507929 2.2984348 2.4655531 2.3902362 2.4677598 2.6141181 1.7568275 2.8078284 2.6986807 2.9303363 3.1432042 2.5412478 2.5786874 2.6327007 2.1073163 1.7598666 1.5648828 1.7796178 1.5463227 1.4816413 1.5629760 0.0000000 2.0990657 2.4353014 2.2434420 3.0640797 2.3547089 3.2274944 2.9774185 3.1376129 2.9178917 3.3532518 2.6884349 2.7306457 2.6085838 2.6438423 3.3277768 2.4406066 3.0363555 3.2773449 3.4088085 2.9876609 2.9574693 3.0179219 3.0985023 2.0997324 
