71
Hsap_ENST00000567744                                  0.0000000 0.7915222 0.9751184 0.9263128 0.8129010 0.9883909 0.9617577 1.1592025 1.2222130 1.2415580 1.2203144 1.4051597 1.2622032 1.3670981 1.3685884 1.3532498 1.3806776 1.3841910 1.4219127 1.3435261 1.3598866 1.3699801 1.3029094 1.4655389 1.5118764 1.6786409 1.5754412 1.5754412 1.5254165 1.5108027 1.5553489 1.5667974 1.5756646 2.8920749 2.2616933 2.2834989 2.7770414 2.9442406 3.2117017 2.7782481 2.7575390 2.0597510 3.0873353 3.1153200 3.1473733 2.2328332 1.9114931 2.0930358 2.4396579 2.3978668 2.2285901 2.2170016 2.1763334 2.5775691 2.4168074 2.5588444 2.3520100 2.1053795 1.9045797 3.4457353 3.4051218 3.1775097 3.0738823 3.1864470 2.5180889 2.8645958 2.8592814 2.5739056 2.9790285 2.3970354 3.6634092 
Skow_XM_006811489.1                                   0.7915222 0.0000000 0.8357186 0.7712991 0.7828802 0.8939813 0.8773807 1.0900779 1.0216128 1.1347143 1.1658391 1.1924152 1.1433852 1.0979916 1.1161882 1.0818106 1.1006210 1.2015200 1.3101412 1.2715252 1.3166254 1.2877291 1.2117677 1.3641040 1.6475705 1.7227420 1.4358258 1.4358258 1.4101719 1.4017220 1.4069906 1.4080500 1.4703481 3.1651054 2.5853592 2.4467013 3.1500353 3.1803545 3.2145534 2.8257119 2.8259835 2.0704660 3.1702494 3.2348937 3.1939162 2.0007935 1.8682240 1.8285066 2.3695762 2.3117922 2.1368038 2.0524246 2.0631953 2.3735750 1.9444877 2.3741820 2.2624452 2.8339420 1.8466890 3.2655351 3.4775624 2.9736475 3.0784280 3.2163689 2.7695474 3.3971818 3.1328604 2.4192503 3.0302968 2.7288257 4.3140541 
Cgig_XM_034471043.1                                   0.9751184 0.8357186 0.0000000 0.5299506 1.0183768 1.0407873 0.8775345 0.9744994 1.0461920 1.2521219 1.2928060 1.3476616 1.2121548 1.2390188 1.2583291 1.2288001 1.2206855 1.2400056 1.4415546 1.3796771 1.4536242 1.3936732 1.4540562 1.5034023 1.5418495 1.5886430 1.6314691 1.6314691 1.6407618 1.6357420 1.6278255 1.6306755 1.6730103 2.9141537 2.1271885 2.1173599 2.9962078 2.9291783 3.2429204 2.8219247 2.8086946 1.6319210 2.5333149 2.8327498 2.7776407 2.5290658 1.9233154 1.8201655 2.4605177 2.3090164 2.2173862 2.3578866 2.3742076 2.3993102 2.4580542 2.5758650 2.2657879 2.1496233 1.8525707 3.3814812 3.6148854 3.3314037 3.5085939 3.1737223 2.9245533 3.0982884 2.7760807 2.5431548 3.0778457 2.3689626 4.5497608 
Acagra_model.g81.t1                                   0.9263128 0.7712991 0.5299506 0.0000000 0.9604466 1.0664198 0.8557127 0.8972184 0.9913865 1.0614893 1.0132309 1.2166003 1.1126441 1.1290590 1.1235458 1.1071899 1.1317481 1.1454254 1.2846690 1.2245740 1.3147876 1.3416950 1.2886628 1.3873253 1.4700466 1.4637639 1.3057196 1.3057196 1.3455716 1.3459012 1.3440107 1.3395804 1.3368352 2.7081012 2.0587774 2.0867619 2.8824783 2.7904289 3.0903046 2.6364448 2.6113674 1.8129792 2.9884802 2.9204369 2.8207720 2.1353757 1.7407358 1.8137454 2.4404016 2.3845340 2.1084135 2.0235876 2.0500813 2.0793837 2.1276183 2.4571556 2.1102852 1.9349623 1.5853372 3.3034314 3.4566988 3.0232861 3.3370441 2.9588489 2.6953981 2.9635184 2.8269537 2.5572232 2.8193914 2.2702694 4.1609155 
Bralan_BLAG02001494_1                                 0.8129010 0.7828802 1.0183768 0.9604466 0.0000000 0.9886295 0.9719356 1.1057152 1.0470842 1.1715603 1.1306684 1.2874535 1.1575878 1.2208548 1.2163309 1.1861717 1.2074458 1.2236936 1.3650501 1.2977071 1.4414356 1.4577767 1.2574443 1.4770675 1.5587875 1.6227824 1.5003079 1.5003079 1.4093635 1.4255339 1.4412284 1.4520925 1.5342670 2.9137513 2.2286426 2.2226694 2.8432990 2.9946455 3.0441046 2.7847740 2.8588322 1.7371938 3.1682498 3.2237592 3.1319573 2.0947898 1.7518706 1.8458458 2.2645606 2.4131176 2.1498712 2.1529191 2.0862295 2.4088953 2.1339059 2.2420591 2.0612430 2.1213943 1.6306397 3.2789985 3.4755365 2.9403352 3.2576596 3.2713579 2.4376044 3.1075214 2.8900666 2.2849189 2.7901742 2.4638536 3.7463196 
Spur_XM_030977211.1                                   0.9883909 0.8939813 1.0407873 1.0664198 0.9886295 0.0000000 1.1520897 1.2225432 1.1580003 1.2242675 1.2566064 1.4607427 1.3125679 1.3015256 1.2989047 1.2936695 1.3121379 1.3458457 1.4441157 1.3774345 1.5353811 1.5215534 1.3733248 1.4347658 1.5775372 1.6305659 1.4611680 1.4611680 1.4010763 1.4300979 1.4594458 1.4613832 1.4586848 2.8590912 2.2377427 2.2638119 2.9878267 2.9473470 3.2641631 2.7189033 2.7561846 1.7158890 2.9562007 2.9923190 2.9568019 2.5215866 2.0089403 2.0444337 2.4434129 2.3064301 2.1961696 2.1616864 2.1091841 2.2955922 1.8864421 2.0903074 1.8899106 1.8718823 1.7106068 3.3042194 3.4782737 2.9061851 3.4338518 3.2373574 2.6032732 2.9700683 3.0040392 2.5008328 2.7415460 2.6052731 4.2842705 
Cscu_XM_023386876.1                                   0.9617577 0.8773807 0.8775345 0.8557127 0.9719356 1.1520897 0.0000000 1.0554710 1.0531885 1.1519517 1.1717450 1.3192843 1.1956336 1.1573203 1.2023297 1.1036744 1.1250441 1.1872028 1.3111397 1.2510500 1.3162759 1.3066108 1.2433566 1.3904902 1.4857179 1.6483867 1.6574465 1.6574465 1.6008249 1.5873890 1.5985287 1.6055805 1.6542639 2.9192587 2.2248520 2.2237983 3.0348818 2.9076236 2.8668674 2.6110183 2.5878332 1.6832444 3.0307883 3.0542394 2.9383647 1.9357766 1.7425526 1.8639041 2.5005569 2.4933343 2.1541828 1.9962834 2.0525506 2.2117071 2.0847090 2.2252522 2.0035729 1.8232738 1.7754531 3.7599581 3.8934805 3.2157404 3.7444516 3.1278991 2.4626449 3.0520185 2.7647292 2.7324395 2.9705025 2.5462789 3.9238826 
Ctel_gnl_WGS_AMQN_CAPTEDRAFT_mRNA229105               1.1592025 1.0900779 0.9744994 0.8972184 1.1057152 1.2225432 1.0554710 0.0000000 1.2110461 1.4054153 1.4005458 1.5715970 1.3339588 1.3926065 1.4048711 1.3399552 1.3552636 1.3351442 1.5204138 1.3957864 1.5207810 1.4772082 1.3986981 1.5952735 1.5427422 1.4296477 1.6081507 1.6081507 1.5595053 1.5703262 1.5656651 1.5630062 1.5951320 2.5316240 2.1006898 2.1297189 2.6740499 2.5664535 2.6727209 2.3122176 2.3492244 1.6133991 2.7038513 2.7781518 2.6777315 2.5971594 2.0950385 1.9653399 2.4309020 2.4994868 2.1940904 2.1798419 2.1807758 2.2735650 1.9660703 2.3132756 2.0114883 2.1354985 1.5826071 3.1201469 3.1771131 2.8254425 3.1673046 2.8675954 2.6259584 2.7815671 2.5820734 2.6138446 2.8688401 2.4694220 4.2573020 
Tcas_TC033184_001                                     1.2222130 1.0216128 1.0461920 0.9913865 1.0470842 1.1580003 1.0531885 1.2110461 0.0000000 1.2284841 1.2214773 1.3014427 1.2363217 1.2400431 1.2274383 1.2483503 1.2605442 1.3047330 1.4247423 1.3885751 1.5113802 1.4669851 1.4488324 1.3572151 1.4895733 1.6783473 1.7045400 1.7045400 1.5756734 1.5992985 1.6263702 1.6359857 1.6839835 2.9860395 2.5369953 2.5183922 2.9939624 3.0040760 3.2606438 3.0411128 3.0204107 1.7306733 3.1783601 2.9234888 2.7990316 2.0996606 1.7566973 1.9288338 2.4982001 2.4619002 2.1322835 2.2939168 2.1631619 2.3234676 2.0672751 2.2155387 1.9816534 2.1366018 1.6660877 3.2241625 3.4640104 3.1787754 3.5220090 3.0597615 2.5538802 3.1608880 2.7693326 2.5972546 2.7348459 2.5637336 4.3809599 
Exapal_XM_021049131.2                                 1.2415580 1.1347143 1.2521219 1.0614893 1.1715603 1.2242675 1.1519517 1.4054153 1.2284841 0.0000000 0.3627975 0.6368254 0.5695533 0.5213511 0.5290417 0.5064700 0.5154497 0.5294537 0.9366143 0.9012438 1.0620167 1.0425678 1.0395209 1.0083540 1.2196407 1.4283292 1.1138162 1.1138162 1.1621471 1.1641542 1.1628625 1.1639880 1.1341211 2.6715670 2.2981353 2.2445368 2.6851118 2.7662791 2.8675373 2.4592932 2.4269451 1.8600173 2.8133570 2.7280929 2.6436681 1.8726098 1.7506516 1.7749037 2.0223257 2.2370736 1.8734661 1.7496545 1.7805703 2.0497244 2.0012311 2.1333278 2.0408949 1.7939961 1.6584514 3.2181609 3.6447164 2.9766907 3.0799875 3.0915663 2.5401228 3.1565813 2.9994639 2.4165184 2.7791043 2.2892507 3.6566154 
Nvec_v1g91640                                         1.2203144 1.1658391 1.2928060 1.0132309 1.1306684 1.2566064 1.1717450 1.4005458 1.2214773 0.3627975 0.0000000 0.6143242 0.5683979 0.5588444 0.5579496 0.5213202 0.5381673 0.5803574 0.9458745 0.9208325 1.0841491 1.0600757 0.9529203 1.0221479 1.2990283 1.3235735 1.2307852 1.2307852 1.2101451 1.2055496 1.2362885 1.2415598 1.2271276 2.7038955 2.2296236 2.2768479 2.7165681 2.7674183 2.8963536 2.5220071 2.4966604 1.5964648 2.9084880 2.7387910 2.6557387 1.9638544 1.7899561 1.8355852 2.2274295 2.2186203 1.8771534 1.7921701 1.7792144 2.0345480 1.9995502 2.2215112 1.9589561 1.9369010 1.6304554 3.2836877 3.5609642 3.2200151 3.0160800 2.9877039 2.6566408 3.1938510 3.0509521 2.5301185 2.6987431 2.3682849 3.8321103 
Adig_XM_015914266.1                                   1.4051597 1.1924152 1.3476616 1.2166003 1.2874535 1.4607427 1.3192843 1.5715970 1.3014427 0.6368254 0.6143242 0.0000000 0.0393519 0.2725926 0.2266660 0.2581031 0.2479322 0.2285405 1.0422353 1.0077103 1.2200940 1.2597710 1.1010556 1.4159709 1.4758154 1.7129905 1.3597649 1.3597649 1.3126388 1.3464082 1.3721013 1.3717335 1.3611769 2.6396031 2.0858313 1.9060399 2.5508363 2.6167601 2.8441217 2.5707929 2.5906004 1.7045840 2.6686496 2.5860475 2.5000004 1.9027492 1.8839140 1.9955982 2.3149145 2.4308125 2.0225332 2.0131204 1.8333179 1.9599884 1.9652309 2.2220845 2.0773761 2.1790643 1.8280354 3.1346775 3.2683925 2.7809590 2.7846280 3.1198701 2.8413633 3.2534650 3.1510705 2.5533623 2.8031194 2.3417006 3.9737969 
Amil_Amillepora01758-RA                               1.2622032 1.1433852 1.2121548 1.1126441 1.1575878 1.3125679 1.1956336 1.3339588 1.2363217 0.5695533 0.5683979 0.0393519 0.0000000 0.2342337 0.2174096 0.2174728 0.2088292 0.1797088 0.9294913 0.9123566 1.1258338 1.1443763 1.0165330 1.2418275 1.2791160 1.4736909 1.2737018 1.2737018 1.2238390 1.2453053 1.2631672 1.2629710 1.2605698 2.5988970 2.0312992 1.9122646 2.5112111 2.5213398 2.6767287 2.3862960 2.4011076 1.7729969 2.5476050 2.5078785 2.4434725 1.8944106 1.7260846 1.7508979 2.1614220 2.2791664 1.9230439 1.9591430 1.8039345 1.8937509 1.9617159 2.1921986 1.9946857 1.8731599 1.7070555 3.0943820 3.3498225 2.9160176 2.9141831 3.2401832 2.6127749 3.0982149 2.9175608 2.4763555 2.6375767 2.3190695 3.8082813 
Fspp_ffun1.m4.8978.m1                                 1.3670981 1.0979916 1.2390188 1.1290590 1.2208548 1.3015256 1.1573203 1.3926065 1.2400431 0.5213511 0.5588444 0.2725926 0.2342337 0.0000000 0.1055635 0.1420759 0.1408684 0.1740134 0.9372506 0.8916261 1.0868489 1.1018762 0.9991151 1.1788860 1.3204731 1.4669653 1.2836626 1.2836626 1.2500004 1.2669920 1.2813851 1.2811659 1.2822737 2.6063005 2.1762621 2.0877887 2.5871180 2.6000091 2.7489477 2.3969047 2.4030402 1.8826755 2.6572030 2.6047015 2.5506614 1.8580148 1.7420051 1.7761980 2.1627619 2.2343850 1.9462669 1.9177854 1.7527561 1.8505102 2.0184408 2.1353323 1.9875526 1.8046725 1.6016938 3.2045637 3.3662468 2.8946688 2.8069022 3.2154432 2.5237287 3.0819151 3.0010137 2.4413983 2.6490521 2.3376618 4.0047393 
Gasp_gasp1.m3.10284.m1                                1.3685884 1.1161882 1.2583291 1.1235458 1.2163309 1.2989047 1.2023297 1.4048711 1.2274383 0.5290417 0.5579496 0.2266660 0.2174096 0.1055635 0.0000000 0.1254202 0.1220525 0.1719551 0.9683036 0.9259771 1.0884500 1.0964140 1.0058731 1.1628052 1.3010100 1.4709197 1.2509210 1.2509210 1.2241735 1.2388692 1.2674697 1.2672645 1.2606788 2.6392664 2.1889347 2.1207115 2.6428432 2.5876024 2.7567590 2.5421109 2.5493043 1.8500748 2.7092324 2.6148482 2.5450446 1.7954170 1.7123416 1.8227430 2.1506936 2.2850769 1.9740686 1.9161969 1.7507676 1.8986483 2.0235987 2.1055540 1.9656384 1.7245041 1.6407814 3.0358765 3.3165532 2.9658591 2.8123332 2.9824567 2.5266147 3.0560993 2.9628263 2.4888619 2.7401019 2.2196505 3.8647816 
Spis_XP_022799320_1                                   1.3532498 1.0818106 1.2288001 1.1071899 1.1861717 1.2936695 1.1036744 1.3399552 1.2483503 0.5064700 0.5213202 0.2581031 0.2174728 0.1420759 0.1254202 0.0000000 0.0392469 0.1716833 0.8958424 0.8694548 1.0933364 1.0807692 1.0018168 1.0981518 1.3258449 1.4064514 1.2903180 1.2903180 1.3068664 1.3146479 1.3427557 1.3391870 1.3407100 2.5836032 2.1057464 2.0473445 2.5500269 2.5775392 2.6809614 2.4428031 2.4549725 1.7975324 2.6122660 2.5732234 2.5094102 1.8141735 1.6835836 1.7807786 2.1335990 2.2571780 1.9316136 1.8581978 1.7317162 1.8639837 2.0594437 2.0899567 1.9981040 1.8909962 1.6541628 3.0862774 3.3444055 2.9903922 2.9120937 3.2541421 2.4961291 3.0404435 2.9219708 2.4639416 2.7449218 2.2464490 3.8908399 
Pocdam_XM_027192189.1                                 1.3806776 1.1006210 1.2206855 1.1317481 1.2074458 1.3121379 1.1250441 1.3552636 1.2605442 0.5154497 0.5381673 0.2479322 0.2088292 0.1408684 0.1220525 0.0392469 0.0000000 0.1679339 0.9222615 0.8884253 1.0935094 1.0794567 0.9967647 1.1248597 1.3107990 1.3989397 1.2961958 1.2961958 1.3145898 1.3224190 1.3480572 1.3477677 1.3245555 2.6225063 2.1346591 2.0711759 2.5907861 2.5783484 2.7279048 2.4641436 2.4663916 1.7799765 2.6430166 2.5790578 2.5153043 1.8447888 1.7133674 1.7682447 2.1258785 2.2366147 1.9316234 1.9276068 1.7630902 1.8811431 2.0353114 2.1383611 1.9673017 1.9096214 1.6589803 3.0910326 3.3658412 2.9818492 2.8640318 3.1295111 2.5089607 3.0287772 2.8873448 2.5189974 2.7499676 2.2384973 4.0150766 
Gfas_gfas1.m1.15471.m1                                1.3841910 1.2015200 1.2400056 1.1454254 1.2236936 1.3458457 1.1872028 1.3351442 1.3047330 0.5294537 0.5803574 0.2285405 0.1797088 0.1740134 0.1719551 0.1716833 0.1679339 0.0000000 1.0101869 0.9544289 1.1446988 1.1486530 1.0621981 1.2365621 1.2826162 1.4046601 1.3048252 1.3048252 1.2893437 1.2902570 1.3157144 1.3154397 1.3368760 2.6739251 2.1927813 2.1372056 2.7050857 2.5932319 2.6814758 2.4431624 2.4665597 1.7914170 2.7043647 2.5799847 2.5230146 1.8676899 1.7039295 1.7650756 2.1612210 2.2544643 1.9245111 1.8698941 1.7349112 1.9346272 1.9857833 2.1042903 1.8657562 1.8367990 1.5599601 3.1296805 3.3201554 2.9650434 2.7914310 3.1001149 2.4073434 3.0278645 2.9835150 2.4888293 2.5789218 2.2527069 4.2035800 
Dgig_XM_028551073.1                                   1.4219127 1.3101412 1.4415546 1.2846690 1.3650501 1.4441157 1.3111397 1.5204138 1.4247423 0.9366143 0.9458745 1.0422353 0.9294913 0.9372506 0.9683036 0.8958424 0.9222615 1.0101869 0.0000000 0.3228087 1.3481160 1.2822048 1.2471061 1.2986388 1.4347556 1.5497722 1.3807103 1.3807103 1.3791217 1.3583700 1.3820359 1.3917933 1.4336706 2.7959799 2.1830141 2.1323623 2.6111292 2.9188433 3.0012669 2.7219056 2.6901881 1.7228176 2.8241268 2.7714790 2.6983317 2.0270767 1.8289348 1.7686627 2.4957853 2.4311403 2.1338616 2.0094346 1.9833256 2.2546161 2.0041223 2.2081477 2.0527296 1.8894055 1.8141404 3.4564328 3.5016039 3.0695810 3.0032744 3.0166943 2.7443672 2.9514070 3.1193718 2.5788064 2.8293043 2.5290680 3.4471236 
Xesp_003060-T1                                        1.3435261 1.2715252 1.3796771 1.2245740 1.2977071 1.3774345 1.2510500 1.3957864 1.3885751 0.9012438 0.9208325 1.0077103 0.9123566 0.8916261 0.9259771 0.8694548 0.8884253 0.9544289 0.3228087 0.0000000 1.2652365 1.2300914 1.2405587 1.4107589 1.3863998 1.5021872 1.3950722 1.3950722 1.3522183 1.3468922 1.3621750 1.3688701 1.4163569 2.7432014 2.0572326 2.0595132 2.5795196 2.8669262 2.8513468 2.4969194 2.5442840 1.7947429 2.8585316 2.7251136 2.7220344 2.1382371 1.8547417 1.8455664 2.3174862 2.3048180 2.0351363 1.9386188 1.9372085 2.2529866 1.9982742 2.2351686 2.0197679 1.7773950 1.6470556 3.2830281 3.4972828 3.0023585 3.0378578 2.9575309 2.5028004 2.8059545 2.8759877 2.3774288 2.7750553 2.5249853 3.4464702 
Nemnom_g3607.t1                                       1.3598866 1.3166254 1.4536242 1.3147876 1.4414356 1.5353811 1.3162759 1.5207810 1.5113802 1.0620167 1.0841491 1.2200940 1.1258338 1.0868489 1.0884500 1.0933364 1.0935094 1.1446988 1.3481160 1.2652365 0.0000000 0.1404019 0.5321876 0.7972171 1.0455830 1.2681413 1.5712216 1.5712216 1.5458823 1.5563362 1.5482318 1.5311795 1.5541502 2.5777502 2.0866470 2.0950448 2.8046830 2.6413102 2.8656460 2.5093091 2.4678094 1.5139682 2.9619848 2.7402690 2.7024254 2.5743679 2.1125709 2.1851423 2.6352277 2.7508547 2.4488966 2.3937703 2.2994975 2.4346247 2.3287710 2.5255475 2.1931339 1.9642316 1.7996749 3.6096537 3.6894311 3.2725854 3.5831710 3.4379165 2.7038967 3.3626459 3.2473843 2.7125067 3.0238778 2.7621278 3.8467431 
Rhoesc_Res_009387-T1                                  1.3699801 1.2877291 1.3936732 1.3416950 1.4577767 1.5215534 1.3066108 1.4772082 1.4669851 1.0425678 1.0600757 1.2597710 1.1443763 1.1018762 1.0964140 1.0807692 1.0794567 1.1486530 1.2822048 1.2300914 0.1404019 0.0000000 0.4683847 0.7719779 1.0073112 1.2163535 1.5413333 1.5413333 1.5311881 1.5389339 1.5206540 1.5483438 1.5402631 2.6568643 2.0863206 2.0870070 2.8283444 2.6334553 2.8441562 2.3973301 2.3801242 1.4557352 2.9872904 2.7368812 2.6959145 2.5752847 2.0941208 2.1502983 2.5876313 2.8327247 2.4567220 2.2947899 2.2163223 2.4136052 2.3275552 2.4827843 2.2028998 1.9438186 1.8463211 3.4778723 3.5476290 3.1177999 3.4453169 3.3839562 2.6725688 3.3311923 3.1687702 2.6829206 3.0605814 2.7208837 3.7940513 
Sanmal_Sma_013911-T1                                  1.3029094 1.2117677 1.4540562 1.2886628 1.2574443 1.3733248 1.2433566 1.3986981 1.4488324 1.0395209 0.9529203 1.1010556 1.0165330 0.9991151 1.0058731 1.0018168 0.9967647 1.0621981 1.2471061 1.2405587 0.5321876 0.4683847 0.0000000 0.7374248 1.0975078 1.2183615 1.4870978 1.4870978 1.4577601 1.4773344 1.4714764 1.4757970 1.4820479 2.6078352 2.4430562 2.2783116 2.7207423 2.6635238 2.8176332 2.4955740 2.4509756 1.7842976 2.9295128 2.8098244 2.7429667 2.4003549 1.9992340 2.0742010 2.5405998 2.7002513 2.3455011 2.2553918 2.1343508 2.3819990 2.1621563 2.3447537 2.1154522 1.9830151 1.9805624 3.4243713 3.5302876 3.2831823 3.2466821 3.4617477 2.8339693 3.0226333 2.9086308 2.6820137 3.0790632 2.6072819 3.8721519 
Morvir_scaffold1242.g1.t1                             1.4655389 1.3641040 1.5034023 1.3873253 1.4770675 1.4347658 1.3904902 1.5952735 1.3572151 1.0083540 1.0221479 1.4159709 1.2418275 1.1788860 1.1628052 1.0981518 1.1248597 1.2365621 1.2986388 1.4107589 0.7972171 0.7719779 0.7374248 0.0000000 1.0778088 1.4463923 1.6570025 1.6570025 1.6962893 1.7111910 1.7103493 1.7086046 1.7347155 2.7508525 2.5056373 2.3973941 3.0212673 2.8588312 2.9509656 2.6658756 2.6340100 1.9137406 3.3189276 3.1043645 2.9681922 2.5953071 2.2876657 2.1431296 2.5802395 2.6385798 2.1491253 2.2510054 2.0376735 2.6313771 2.3737730 2.5797236 2.2993864 2.0612906 2.1182921 3.6409763 3.7883035 3.4557110 3.3056533 3.4071206 2.8036217 3.1017050 2.9413630 2.8334822 2.8858893 2.6244782 4.3093842 
Hvul_g7060_1                                          1.5118764 1.6475705 1.5418495 1.4700466 1.5587875 1.5775372 1.4857179 1.5427422 1.4895733 1.2196407 1.2990283 1.4758154 1.2791160 1.3204731 1.3010100 1.3258449 1.3107990 1.2826162 1.4347556 1.3863998 1.0455830 1.0073112 1.0975078 1.0778088 0.0000000 0.7148246 1.5953083 1.5953083 1.6268250 1.6405757 1.5816043 1.5988942 1.6483551 2.8085392 2.2985113 2.3052277 2.9679251 2.8878020 2.7722434 2.4944042 2.5223727 1.7305136 2.9787339 2.7308366 2.6832106 2.6848689 2.1194157 2.2008108 2.4290760 2.4633119 2.0698730 2.1976685 2.1366525 2.4085652 2.6521144 2.6397026 2.4224694 2.0679046 1.8304191 3.4189006 3.4872778 3.0215724 3.5688750 3.4363274 2.7141891 3.2015530 2.8824815 2.5470892 2.8066954 2.6046928 4.4152620 
Chem_TCONS_00029108                                   1.6786409 1.7227420 1.5886430 1.4637639 1.6227824 1.6305659 1.6483867 1.4296477 1.6783473 1.4283292 1.3235735 1.7129905 1.4736909 1.4669653 1.4709197 1.4064514 1.3989397 1.4046601 1.5497722 1.5021872 1.2681413 1.2163535 1.2183615 1.4463923 0.7148246 0.0000000 1.8950200 1.8950200 1.8893984 1.8667293 1.8779880 1.9100144 1.8649296 2.6754630 2.4575825 2.5294133 2.7253967 2.6405890 2.8759715 2.4658404 2.4370225 1.5660022 2.5007791 2.6847553 2.6757788 3.4221197 2.2090038 1.9791256 2.7155087 2.8743764 2.4249615 2.2502687 2.3223888 2.9275734 3.0258310 2.7418098 2.3584985 1.9399833 1.8713927 3.4313007 3.7078866 3.4594452 3.4053691 3.4939775 2.6588075 3.1635286 2.8218937 2.6299497 2.7357682 2.7364893 4.1380009 
Tadh_TriadT54576                                      1.5754412 1.4358258 1.6314691 1.3057196 1.5003079 1.4611680 1.6574465 1.6081507 1.7045400 1.1138162 1.2307852 1.3597649 1.2737018 1.2836626 1.2509210 1.2903180 1.2961958 1.3048252 1.3807103 1.3950722 1.5712216 1.5413333 1.4870978 1.6570025 1.5953083 1.8950200 0.0000000 0.0000010 0.1071969 0.1020522 0.1124496 0.1176529 0.0909164 2.5736931 2.1367112 2.1394734 2.6712814 2.7984200 2.8124570 2.7920963 2.7724358 1.8172535 3.0501142 2.8245038 2.7372996 2.0677737 1.7850409 1.8816579 2.2969928 2.2888769 2.0614452 1.9062245 1.8148711 2.2350102 2.1459456 2.2333434 2.0313745 2.2366842 1.9386851 3.6185438 3.6159782 3.0325245 3.1799376 3.0951215 2.9676489 3.0320029 3.1011134 2.4967666 2.8440703 2.5639403 3.6961158 
TrH2_TrispH2_001307-RA                                1.5754412 1.4358258 1.6314691 1.3057196 1.5003079 1.4611680 1.6574465 1.6081507 1.7045400 1.1138162 1.2307852 1.3597649 1.2737018 1.2836626 1.2509210 1.2903180 1.2961958 1.3048252 1.3807103 1.3950722 1.5712216 1.5413333 1.4870978 1.6570025 1.5953083 1.8950200 0.0000010 0.0000000 0.1071969 0.1020522 0.1124496 0.1176529 0.0909164 2.5736931 2.1367112 2.1394734 2.6712814 2.7984200 2.8124570 2.7920963 2.7724358 1.8172535 3.0501142 2.8245038 2.7372996 2.0677737 1.7850409 1.8816579 2.2969928 2.2888769 2.0614452 1.9062245 1.8148711 2.2350102 2.1459456 2.2333434 2.0313745 2.2366842 1.9386851 3.6185438 3.6159782 3.0325245 3.1799376 3.0951215 2.9676489 3.0320029 3.1011134 2.4967666 2.8440703 2.5639403 3.6961158 
HoiH06_mRNA14980                                      1.5254165 1.4101719 1.6407618 1.3455716 1.4093635 1.4010763 1.6008249 1.5595053 1.5756734 1.1621471 1.2101451 1.3126388 1.2238390 1.2500004 1.2241735 1.3068664 1.3145898 1.2893437 1.3791217 1.3522183 1.5458823 1.5311881 1.4577601 1.6962893 1.6268250 1.8893984 0.1071969 0.1071969 0.0000000 0.0235855 0.0547124 0.0593565 0.0800031 2.6815569 2.1652182 2.2054906 2.6991337 2.8891956 2.8748187 2.8019310 2.7963710 1.7775694 3.1135222 2.8335275 2.7583380 2.0320140 1.7498388 1.8896032 2.2874307 2.2656452 2.0099886 1.8822498 1.7886582 2.2266988 2.1207692 2.2423776 2.0359294 2.2343589 1.9341288 3.4907380 3.4704742 2.8437106 3.1760883 2.9426376 2.9531845 2.9223485 3.0889602 2.5487312 2.7245500 2.5293816 3.7748800 
HoiH23_PlH23_000548-RA                                1.5108027 1.4017220 1.6357420 1.3459012 1.4255339 1.4300979 1.5873890 1.5703262 1.5992985 1.1641542 1.2055496 1.3464082 1.2453053 1.2669920 1.2388692 1.3146479 1.3224190 1.2902570 1.3583700 1.3468922 1.5563362 1.5389339 1.4773344 1.7111910 1.6405757 1.8667293 0.1020522 0.1020522 0.0235855 0.0000000 0.0616466 0.0709325 0.0822549 2.6668331 2.1415685 2.1820140 2.6882997 2.8750014 2.8852024 2.7841652 2.7786230 1.7553041 3.1051256 2.8457011 2.7693011 2.0111699 1.7561824 1.9049881 2.2746260 2.2543019 2.0074355 1.8510200 1.7403403 2.2808531 2.1381001 2.2583777 2.0315434 2.2982955 1.9838471 3.4628820 3.4319931 2.8381178 3.1827296 2.9249744 2.9882972 2.9535572 3.0872139 2.5418322 2.7455813 2.5292116 3.7158060 
Hhon_g05905.t1                                        1.5553489 1.4069906 1.6278255 1.3440107 1.4412284 1.4594458 1.5985287 1.5656651 1.6263702 1.1628625 1.2362885 1.3721013 1.2631672 1.2813851 1.2674697 1.3427557 1.3480572 1.3157144 1.3820359 1.3621750 1.5482318 1.5206540 1.4714764 1.7103493 1.5816043 1.8779880 0.1124496 0.1124496 0.0547124 0.0616466 0.0000000 0.0084483 0.0835845 2.7465750 2.1708614 2.2105998 2.8045712 2.9728472 2.8818485 2.7747646 2.7692425 1.7637464 3.1585352 2.8487140 2.7726814 2.0696449 1.7915740 1.8481825 2.3160171 2.2799240 2.0412938 1.9045667 1.7917848 2.2431775 2.1525736 2.2808784 2.0340364 2.2534076 1.9563508 3.5578031 3.5118871 2.9322125 3.1922966 2.9425820 3.0192656 3.0233069 3.1706900 2.6240848 2.7654450 2.4983332 3.8274113 
HoiH04_mRNA10252                                      1.5667974 1.4080500 1.6306755 1.3395804 1.4520925 1.4613832 1.6055805 1.5630062 1.6359857 1.1639880 1.2415598 1.3717335 1.2629710 1.2811659 1.2672645 1.3391870 1.3477677 1.3154397 1.3917933 1.3688701 1.5311795 1.5483438 1.4757970 1.7086046 1.5988942 1.9100144 0.1176529 0.1176529 0.0593565 0.0709325 0.0084483 0.0000000 0.0885694 2.7444797 2.1708614 2.2105998 2.8192402 2.9358307 2.8708839 2.7802545 2.7747106 1.7637464 3.1675162 2.8400637 2.7641847 2.0591039 1.7856520 1.8514985 2.3269880 2.3027658 2.0380147 1.9194950 1.8077080 2.2544058 2.1682844 2.2802407 2.0391228 2.2534076 1.9516868 3.5870550 3.5362800 2.9587484 3.2059135 2.9577055 3.0359560 3.0214632 3.1874919 2.6321573 2.7728771 2.5135377 3.8279159 
HoiH11_mRNA5481                                       1.5756646 1.4703481 1.6730103 1.3368352 1.5342670 1.4586848 1.6542639 1.5951320 1.6839835 1.1341211 1.2271276 1.3611769 1.2605698 1.2822737 1.2606788 1.3407100 1.3245555 1.3368760 1.4336706 1.4163569 1.5541502 1.5402631 1.4820479 1.7347155 1.6483551 1.8649296 0.0909164 0.0909164 0.0800031 0.0822549 0.0835845 0.0885694 0.0000000 2.6479017 2.1258975 2.1715185 2.6933064 2.8792663 2.8691309 2.7411552 2.7356846 1.8129205 3.0499526 2.8536491 2.7518700 2.0508330 1.8026544 1.9077824 2.3354508 2.2938058 2.0503078 1.9182519 1.7895679 2.2416752 2.0704023 2.2318486 2.0607312 2.2625868 1.9918671 3.5285238 3.4955249 2.9193592 3.1938929 2.9706107 3.0276659 2.8257627 3.0138055 2.5577837 2.7673698 2.5621749 3.6299374 
Mlei_ML4343.g4.i1                                     2.8920749 3.1651054 2.9141537 2.7081012 2.9137513 2.8590912 2.9192587 2.5316240 2.9860395 2.6715670 2.7038955 2.6396031 2.5988970 2.6063005 2.6392664 2.5836032 2.6225063 2.6739251 2.7959799 2.7432014 2.5777502 2.6568643 2.6078352 2.7508525 2.8085392 2.6754630 2.5736931 2.5736931 2.6815569 2.6668331 2.7465750 2.7444797 2.6479017 0.0000000 0.3420113 0.3383907 0.2988770 0.3835265 0.5926309 0.7836892 0.7649027 0.5934525 0.9565553 0.9946284 0.9923786 3.7422763 2.8363607 2.8686739 2.8900930 2.7953272 2.5136037 2.9228454 2.7800454 2.7917697 3.3185578 2.9485095 2.8658243 2.5441285 2.2788067 3.3516800 3.4692738 3.5229874 3.7511441 3.5171091 3.3000100 3.4270832 3.4894902 2.8598914 3.5624703 2.9334764 3.9674653 
Bolinf_Binf_sb1208537                                 2.2616933 2.5853592 2.1271885 2.0587774 2.2286426 2.2377427 2.2248520 2.1006898 2.5369953 2.2981353 2.2296236 2.0858313 2.0312992 2.1762621 2.1889347 2.1057464 2.1346591 2.1927813 2.1830141 2.0572326 2.0866470 2.0863206 2.4430562 2.5056373 2.2985113 2.4575825 2.1367112 2.1367112 2.1652182 2.1415685 2.1708614 2.1708614 2.1258975 0.3420113 0.0000000 0.0300574 0.3537478 0.3828641 0.4988969 0.5337550 0.5360439 0.7751451 0.7115872 0.6684721 0.6660029 2.5016484 1.9694334 2.1785542 2.1379632 2.0962840 1.9154322 2.2697558 2.1477310 2.0835601 2.2344469 2.5042781 2.2530409 2.3516867 2.3835897 3.5611139 3.8358691 3.3250319 4.0005501 3.1593041 3.1353867 3.6682702 4.0103033 2.4019566 3.1141003 3.0676109 2.7277620 
Mertsp_Mesp_sb576375                                  2.2834989 2.4467013 2.1173599 2.0867619 2.2226694 2.2638119 2.2237983 2.1297189 2.5183922 2.2445368 2.2768479 1.9060399 1.9122646 2.0877887 2.1207115 2.0473445 2.0711759 2.1372056 2.1323623 2.0595132 2.0950448 2.0870070 2.2783116 2.3973941 2.3052277 2.5294133 2.1394734 2.1394734 2.2054906 2.1820140 2.2105998 2.2105998 2.1715185 0.3383907 0.0300574 0.0000000 0.3861317 0.3562205 0.5230047 0.5496074 0.5557275 0.7751451 0.7684629 0.7043940 0.7019942 2.6245486 2.0453739 2.2020218 2.4143030 2.4205789 2.1187945 2.3509235 2.2195318 2.0536061 2.2053649 2.4941210 2.3797788 2.3104873 2.3479588 3.6952663 4.0208491 3.3127875 4.1944020 3.2923015 3.1204040 3.4399782 3.7072655 2.5517202 3.2565395 3.1086896 2.9611247 
Beraby_Baby_sb339893                                  2.7770414 3.1500353 2.9962078 2.8824783 2.8432990 2.9878267 3.0348818 2.6740499 2.9939624 2.6851118 2.7165681 2.5508363 2.5112111 2.5871180 2.6428432 2.5500269 2.5907861 2.7050857 2.6111292 2.5795196 2.8046830 2.8283444 2.7207423 3.0212673 2.9679251 2.7253967 2.6712814 2.6712814 2.6991337 2.6882997 2.8045712 2.8192402 2.6933064 0.2988770 0.3537478 0.3861317 0.0000000 0.4416398 0.6181543 0.7865968 0.7858641 0.7364940 0.9910559 1.0348221 1.0443029 3.3337245 2.6707450 2.6981640 2.8375689 2.8321751 2.6769775 2.7877074 2.7655457 2.9162052 3.2968912 3.0003752 2.7272672 2.5832033 2.1900589 3.5030930 3.7399188 3.6473678 3.7957793 3.5984625 3.6250620 3.4984506 3.3719415 3.1724220 3.5933028 3.2111267 3.9008828 
Drygla_Dgla_sb302362                                  2.9442406 3.1803545 2.9291783 2.7904289 2.9946455 2.9473470 2.9076236 2.5664535 3.0040760 2.7662791 2.7674183 2.6167601 2.5213398 2.6000091 2.5876024 2.5775392 2.5783484 2.5932319 2.9188433 2.8669262 2.6413102 2.6334553 2.6635238 2.8588312 2.8878020 2.6405890 2.7984200 2.7984200 2.8891956 2.8750014 2.9728472 2.9358307 2.8792663 0.3835265 0.3828641 0.3562205 0.4416398 0.0000000 0.6377658 0.7600733 0.7563296 0.6387842 0.9687098 0.9778688 0.9728596 3.7779879 2.8981392 2.9418285 2.6514777 2.7768455 2.5861443 2.9185060 2.7399215 2.8511935 3.3739609 2.9275148 2.9424900 2.3471726 2.2280401 3.5134294 3.7243164 3.5900719 3.8335577 3.4854855 3.1992897 3.3097485 3.5824964 3.0116586 3.5195149 3.2268024 4.0711686 
Lampan_Lpan_12552_01                                  3.2117017 3.2145534 3.2429204 3.0903046 3.0441046 3.2641631 2.8668674 2.6727209 3.2606438 2.8675373 2.8963536 2.8441217 2.6767287 2.7489477 2.7567590 2.6809614 2.7279048 2.6814758 3.0012669 2.8513468 2.8656460 2.8441562 2.8176332 2.9509656 2.7722434 2.8759715 2.8124570 2.8124570 2.8748187 2.8852024 2.8818485 2.8708839 2.8691309 0.5926309 0.4988969 0.5230047 0.6181543 0.6377658 0.0000000 0.9075938 0.9216010 0.6709707 1.0119938 0.9783660 0.9823088 3.2461358 2.7704212 2.9666441 2.9141252 2.9680165 2.8523193 3.2098641 3.0676324 2.9355565 3.5555214 3.0026406 2.8692156 2.6240925 2.4967890 3.5650268 3.8584104 3.8216950 3.9129014 3.5854403 3.5755670 3.7233637 3.9296571 3.2466775 3.6622992 3.1013556 4.3945202 
Pbac_sb2668479                                        2.7782481 2.8257119 2.8219247 2.6364448 2.7847740 2.7189033 2.6110183 2.3122176 3.0411128 2.4592932 2.5220071 2.5707929 2.3862960 2.3969047 2.5421109 2.4428031 2.4641436 2.4431624 2.7219056 2.4969194 2.5093091 2.3973301 2.4955740 2.6658756 2.4944042 2.4658404 2.7920963 2.7920963 2.8019310 2.7841652 2.7747646 2.7802545 2.7411552 0.7836892 0.5337550 0.5496074 0.7865968 0.7600733 0.9075938 0.0000000 0.0412247 0.7931751 1.1424931 1.1954696 1.1717470 3.3508714 2.7607604 2.7127439 2.5336908 2.5250392 2.4243793 2.6775790 2.7145956 2.7477881 3.2768793 2.7138916 2.5334278 2.3070726 2.1748393 3.1971593 3.2921837 3.2100646 3.8766426 3.2427663 3.2599919 3.2740608 3.3130802 3.0482724 3.6031095 3.0863790 3.7434626 
Horcal_Hcv1.av93.c9.g822.i1                           2.7575390 2.8259835 2.8086946 2.6113674 2.8588322 2.7561846 2.5878332 2.3492244 3.0204107 2.4269451 2.4966604 2.5906004 2.4011076 2.4030402 2.5493043 2.4549725 2.4663916 2.4665597 2.6901881 2.5442840 2.4678094 2.3801242 2.4509756 2.6340100 2.5223727 2.4370225 2.7724358 2.7724358 2.7963710 2.7786230 2.7692425 2.7747106 2.7356846 0.7649027 0.5360439 0.5557275 0.7858641 0.7563296 0.9216010 0.0412247 0.0000000 0.7706228 1.1572520 1.1894516 1.1657536 3.3516359 2.7590791 2.6958498 2.5662914 2.5369779 2.4793190 2.6524047 2.6641324 2.7461983 3.1579720 2.7010919 2.5466978 2.2667758 2.1603886 3.2517957 3.3471680 3.2896618 3.8910104 3.3234207 3.3188702 3.3916332 3.4445885 3.1528916 3.6641959 3.1334285 3.7628838 
Eupdun_Edun_sb10634650                                2.0597510 2.0704660 1.6319210 1.8129792 1.7371938 1.7158890 1.6832444 1.6133991 1.7306733 1.8600173 1.5964648 1.7045840 1.7729969 1.8826755 1.8500748 1.7975324 1.7799765 1.7914170 1.7228176 1.7947429 1.5139682 1.4557352 1.7842976 1.9137406 1.7305136 1.5660022 1.8172535 1.8172535 1.7775694 1.7553041 1.7637464 1.7637464 1.8129205 0.5934525 0.7751451 0.7751451 0.7364940 0.6387842 0.6709707 0.7931751 0.7706228 0.0000000 0.8067051 0.8394685 0.8213542 1.6611525 1.5561195 1.6991626 1.9752930 2.0610288 1.9237874 2.0854184 1.9256185 1.9440311 1.6765275 1.6846839 1.7046942 1.8440778 1.8013335 3.0388094 2.9722982 2.7599396 3.2340970 2.8788827 2.7163087 3.1784158 3.2575817 2.1961412 2.1995445 2.4851182 3.1204332 
Vmul_SimC395758                                       3.0873353 3.1702494 2.5333149 2.9884802 3.1682498 2.9562007 3.0307883 2.7038513 3.1783601 2.8133570 2.9084880 2.6686496 2.5476050 2.6572030 2.7092324 2.6122660 2.6430166 2.7043647 2.8241268 2.8585316 2.9619848 2.9872904 2.9295128 3.3189276 2.9787339 2.5007791 3.0501142 3.0501142 3.1135222 3.1051256 3.1585352 3.1675162 3.0499526 0.9565553 0.7115872 0.7684629 0.9910559 0.9687098 1.0119938 1.1424931 1.1572520 0.8067051 0.0000000 0.5340566 0.5335668 4.1232671 3.0936089 2.9983850 3.2543073 3.1139656 2.6388252 3.1733229 3.0745264 2.9362121 3.8301863 3.0921999 3.0204449 2.3005061 2.2798071 3.5794872 3.8485004 3.9584915 3.7521314 3.3556640 3.7903782 3.3181754 3.5829213 3.3577212 3.6289000 3.3477952 4.0973691 
Coeast_Cast_sb796319                                  3.1153200 3.2348937 2.8327498 2.9204369 3.2237592 2.9923190 3.0542394 2.7781518 2.9234888 2.7280929 2.7387910 2.5860475 2.5078785 2.6047015 2.6148482 2.5732234 2.5790578 2.5799847 2.7714790 2.7251136 2.7402690 2.7368812 2.8098244 3.1043645 2.7308366 2.6847553 2.8245038 2.8245038 2.8335275 2.8457011 2.8487140 2.8400637 2.8536491 0.9946284 0.6684721 0.7043940 1.0348221 0.9778688 0.9783660 1.1954696 1.1894516 0.8394685 0.5340566 0.0000000 0.0310085 3.9516775 3.0059063 2.8997342 3.1202213 3.1407773 2.7594266 2.8436328 2.8783981 2.8246163 3.3431653 3.0214313 2.8749266 2.3713520 2.2198185 3.7747268 3.9001765 3.8227486 3.5392288 3.1840983 3.7136062 3.4964431 3.6432031 3.0613001 3.5088416 3.2690626 4.1069417 
Coemet_Cmet_C598689_01                                3.1473733 3.1939162 2.7776407 2.8207720 3.1319573 2.9568019 2.9383647 2.6777315 2.7990316 2.6436681 2.6557387 2.5000004 2.4434725 2.5506614 2.5450446 2.5094102 2.5153043 2.5230146 2.6983317 2.7220344 2.7024254 2.6959145 2.7429667 2.9681922 2.6832106 2.6757788 2.7372996 2.7372996 2.7583380 2.7693011 2.7726814 2.7641847 2.7518700 0.9923786 0.6660029 0.7019942 1.0443029 0.9728596 0.9823088 1.1717470 1.1657536 0.8213542 0.5335668 0.0310085 0.0000000 3.8161781 2.9587147 2.7995677 3.1077828 3.1430475 2.7100765 2.8842804 2.8558838 2.8102732 3.2564547 2.9581265 2.8677049 2.4187629 2.2680507 3.7618041 3.9640884 3.8166518 3.5827963 3.1079562 3.7822560 3.4817523 3.7002367 3.0175408 3.4673117 3.2506890 4.2033185 
Ocar_g4637                                            2.2328332 2.0007935 2.5290658 2.1353757 2.0947898 2.5215866 1.9357766 2.5971594 2.0996606 1.8726098 1.9638544 1.9027492 1.8944106 1.8580148 1.7954170 1.8141735 1.8447888 1.8676899 2.0270767 2.1382371 2.5743679 2.5752847 2.4003549 2.5953071 2.6848689 3.4221197 2.0677737 2.0677737 2.0320140 2.0111699 2.0696449 2.0591039 2.0508330 3.7422763 2.5016484 2.6245486 3.3337245 3.7779879 3.2461358 3.3508714 3.3516359 1.6611525 4.1232671 3.9516775 3.8161781 0.0000000 0.0000010 0.9924309 2.5627834 2.6680824 2.3514558 2.1696375 2.0535314 2.2471895 2.1046204 2.2707888 2.5078116 4.4905334 2.1769194 3.2275522 3.4164232 2.9842635 2.4889359 2.8397993 2.4258686 2.7367619 2.7697652 2.8893849 2.4195394 2.3977837 4.2266928 
Opea_EP00118_Oscarella_pearsei_P002329                1.9114931 1.8682240 1.9233154 1.7407358 1.7518706 2.0089403 1.7425526 2.0950385 1.7566973 1.7506516 1.7899561 1.8839140 1.7260846 1.7420051 1.7123416 1.6835836 1.7133674 1.7039295 1.8289348 1.8547417 2.1125709 2.0941208 1.9992340 2.2876657 2.1194157 2.2090038 1.7850409 1.7850409 1.7498388 1.7561824 1.7915740 1.7856520 1.8026544 2.8363607 1.9694334 2.0453739 2.6707450 2.8981392 2.7704212 2.7607604 2.7590791 1.5561195 3.0936089 3.0059063 2.9587147 0.0000010 0.0000000 0.9363010 2.3828260 2.5226378 2.2135377 2.1250672 1.9871549 2.0774519 2.1522532 2.1317964 2.2011410 1.9758409 1.6934792 3.2335826 3.4050782 2.9338409 2.7432191 2.8481686 2.5141922 2.8396150 2.9354280 2.7099046 2.3703627 2.2552480 3.7975587 
Plajan_Pjan_scaffold10397_01                          2.0930358 1.8285066 1.8201655 1.8137454 1.8458458 2.0444337 1.8639041 1.9653399 1.9288338 1.7749037 1.8355852 1.9955982 1.7508979 1.7761980 1.8227430 1.7807786 1.7682447 1.7650756 1.7686627 1.8455664 2.1851423 2.1502983 2.0742010 2.1431296 2.2008108 1.9791256 1.8816579 1.8816579 1.8896032 1.9049881 1.8481825 1.8514985 1.9077824 2.8686739 2.1785542 2.2020218 2.6981640 2.9418285 2.9666441 2.7127439 2.6958498 1.6991626 2.9983850 2.8997342 2.7995677 0.9924309 0.9363010 0.0000000 2.5059262 2.5062510 2.1407801 1.9281999 1.9933720 2.2028842 2.0828638 2.0217990 1.9292433 1.8892504 1.7061621 3.1506667 3.3582608 3.0595157 2.8201912 2.9405577 2.5713468 2.9388782 2.6467443 2.9908896 2.5148526 2.3592412 4.3913402 
Aque_Aqu2.1.31341_001                                 2.4396579 2.3695762 2.4605177 2.4404016 2.2645606 2.4434129 2.5005569 2.4309020 2.4982001 2.0223257 2.2274295 2.3149145 2.1614220 2.1627619 2.1506936 2.1335990 2.1258785 2.1612210 2.4957853 2.3174862 2.6352277 2.5876313 2.5405998 2.5802395 2.4290760 2.7155087 2.2969928 2.2969928 2.2874307 2.2746260 2.3160171 2.3269880 2.3354508 2.8900930 2.1379632 2.4143030 2.8375689 2.6514777 2.9141252 2.5336908 2.5662914 1.9752930 3.2543073 3.1202213 3.1077828 2.5627834 2.3828260 2.5059262 0.0000000 0.5386552 0.7592297 1.4377869 1.4054026 1.6847248 2.6334235 2.4709526 2.4913171 2.2224283 2.2695830 3.2398703 3.4298110 3.0791270 2.9494846 3.2077439 2.9114202 3.1331862 3.1353503 2.9500400 3.5558593 2.6475915 4.0054501 
Halamb_c45723_g1_i2m.19440                            2.3978668 2.3117922 2.3090164 2.3845340 2.4131176 2.3064301 2.4933343 2.4994868 2.4619002 2.2370736 2.2186203 2.4308125 2.2791664 2.2343850 2.2850769 2.2571780 2.2366147 2.2544643 2.4311403 2.3048180 2.7508547 2.8327247 2.7002513 2.6385798 2.4633119 2.8743764 2.2888769 2.2888769 2.2656452 2.2543019 2.2799240 2.3027658 2.2938058 2.7953272 2.0962840 2.4205789 2.8321751 2.7768455 2.9680165 2.5250392 2.5369779 2.0610288 3.1139656 3.1407773 3.1430475 2.6680824 2.5226378 2.5062510 0.5386552 0.0000000 0.6769299 1.4108191 1.3619932 1.6921877 2.8065164 2.6002670 2.7690348 2.2476704 2.1443695 3.5026044 3.6409398 3.0859074 3.1611929 3.1958429 2.9641098 3.1783825 3.1174697 2.9754249 3.2905232 2.6410838 4.3698778 
Xestes_maker-XT_scaffold167-augustus-gene-0.24-mRNA-1 2.2285901 2.1368038 2.2173862 2.1084135 2.1498712 2.1961696 2.1541828 2.1940904 2.1322835 1.8734661 1.8771534 2.0225332 1.9230439 1.9462669 1.9740686 1.9316136 1.9316234 1.9245111 2.1338616 2.0351363 2.4488966 2.4567220 2.3455011 2.1491253 2.0698730 2.4249615 2.0614452 2.0614452 2.0099886 2.0074355 2.0412938 2.0380147 2.0503078 2.5136037 1.9154322 2.1187945 2.6769775 2.5861443 2.8523193 2.4243793 2.4793190 1.9237874 2.6388252 2.7594266 2.7100765 2.3514558 2.2135377 2.1407801 0.7592297 0.6769299 0.0000000 1.2457824 1.0924265 1.5416895 2.4852792 2.4674299 2.4309410 2.1340558 2.1782305 3.3247116 3.5061020 3.0686683 2.9861716 2.9066726 2.7858503 2.6727950 2.7117562 2.8260788 3.2249608 2.6831679 3.4520302 
Emue_Em0009g1219a.t1                                  2.2170016 2.0524246 2.3578866 2.0235876 2.1529191 2.1616864 1.9962834 2.1798419 2.2939168 1.7496545 1.7921701 2.0131204 1.9591430 1.9177854 1.9161969 1.8581978 1.9276068 1.8698941 2.0094346 1.9386188 2.3937703 2.2947899 2.2553918 2.2510054 2.1976685 2.2502687 1.9062245 1.9062245 1.8822498 1.8510200 1.9045667 1.9194950 1.9182519 2.9228454 2.2697558 2.3509235 2.7877074 2.9185060 3.2098641 2.6775790 2.6524047 2.0854184 3.1733229 2.8436328 2.8842804 2.1696375 2.1250672 1.9281999 1.4377869 1.4108191 1.2457824 0.0000000 0.7736333 1.6015162 2.2018252 2.1809011 2.3701108 2.2508101 2.1321638 2.7102240 2.8506149 2.9002501 2.9908821 2.9365730 2.6049239 2.7441864 2.6238012 2.8110509 2.6599251 2.6245109 3.8355482 
