77
Hsap_ENST00000616552                                    0.0000000 0.6314333 0.4909142 0.7956017 0.8130376 1.3117146 0.5691839 0.6552040 0.8368289 0.8234079 0.6180387 0.7973935 0.7970408 0.8032292 0.9166828 0.6719975 0.8090815 0.9057998 0.7096899 0.7140482 0.7261998 0.9822089 0.7866839 0.8557576 0.5596698 0.9333982 0.7602356 0.8670739 1.0725953 0.8970846 1.0276178 0.9835098 1.0492962 1.0637177 0.8542464 0.9752930 1.0621954 1.3503379 0.9261030 1.0961497 1.0421649 0.7183393 1.1148441 1.1148441 1.1093463 1.1274612 1.1660801 1.1660801 1.0724321 0.9056386 0.9659409 0.9423057 1.2513811 0.7574983 0.9966620 0.9343437 0.9567465 0.8242681 1.1735984 2.2661507 1.7020194 1.3278115 1.9511530 2.0858534 1.8053238 1.8710942 1.7934298 1.4589038 1.4437573 1.8766410 1.7933597 2.0055781 2.0216784 1.6668069 2.0190697 2.1642682 2.6867101 
Bralan_BLAG16000446_1                                   0.6314333 0.0000000 0.4194476 0.7163250 0.7041218 1.1836192 0.4519194 0.5742753 0.7169827 0.7142830 0.4689257 0.7070374 0.6879489 0.7066848 0.8100960 0.5475074 0.7221042 0.8084994 0.5824475 0.6066073 0.6027694 0.8768379 0.6612707 0.8143485 0.4983169 0.8306095 0.7266270 0.8918282 0.9398508 0.7638393 0.9551608 0.9176336 0.9479453 0.9716956 0.6768084 0.8783701 0.9028890 1.2363237 0.8870238 0.8352289 0.8150091 0.7208726 1.0434748 1.0434748 1.0702568 1.0480894 1.0933112 1.0933112 1.0623043 0.7826319 0.8325800 0.8634200 1.3102573 0.6885159 0.9031004 0.8844939 0.9036648 0.6878542 1.1752321 2.1816232 1.7230921 1.3717455 2.0278520 2.0730413 1.8329920 1.9810040 1.8431669 1.5057743 1.5335766 2.0036337 1.7710005 2.1010509 1.9588723 1.7913814 1.9646635 2.3729658 2.5995520 
Aaur_scaffold623.g2.t1                                  0.4909142 0.4194476 0.0000000 0.2582227 0.2818738 0.2922748 0.2466952 0.1811704 0.4912909 0.6496108 0.0000010 0.7164197 0.4220414 0.4293786 0.4717219 0.3585481 0.4177627 0.4966725 0.4407844 0.4934575 0.4587284 0.4821967 0.4715940 0.5755283 0.3170542 0.4745763 0.5391583 0.5310945 0.5466318 0.6012927 0.5273874 0.5089479 0.5077107 0.5068901 0.4714397 0.4744670 0.4828058 0.6858218 0.5680998 0.5992287 0.6252040 0.3089280 0.6067973 0.6067973 0.6445061 0.6440367 0.6377478 0.6377478 0.6725174 0.5840344 0.5741612 0.5636378 0.7832605 0.5918488 0.7284084 0.6208339 0.4461851 0.5681585 0.6973374 1.5167209 1.0751093 0.4397395 1.3805584 1.3012211 0.9689516 1.0670944 1.0570641 1.1815428 1.1049439 1.1468222 1.0025846 2.1731172 1.2110424 1.0214459 1.6340860 1.3978561 1.4190130 
Nemnom_g10854.t1                                        0.7956017 0.7163250 0.2582227 0.0000000 0.1238069 0.8182837 0.4056443 0.4086503 0.6751154 0.7144963 0.4937494 0.7166562 0.6533348 0.6439335 0.7411940 0.5827653 0.7186190 0.7689964 0.8541136 0.8147803 0.8204617 0.9894852 0.8852733 0.9221485 0.6344182 0.9705611 0.8672175 1.0673658 1.0851784 0.9129785 1.0973596 1.0133331 1.1036155 1.1240968 0.7872493 0.9576548 1.1162280 1.4814932 0.9811619 0.9704634 1.0000020 0.8479868 1.2059845 1.2059845 1.2560222 1.2399790 1.3004099 1.3004099 1.2297981 0.9096165 0.9410773 0.9580691 1.4303245 0.9679626 1.1532759 0.9727909 0.8640857 1.0002848 1.2627621 2.3091644 1.7596811 1.1615182 1.7721935 1.9350409 1.8132248 1.8725497 1.8978909 1.4992264 1.5481087 1.8871816 1.9386267 1.9102007 1.9290654 1.8011937 2.0479010 2.2463445 2.6384705 
Rhoesc_Res_012252-T1                                    0.8130376 0.7041218 0.2818738 0.1238069 0.0000000 0.8275418 0.3961922 0.4301995 0.6559628 0.7147018 0.4854783 0.7135021 0.6721744 0.6653912 0.7452103 0.5694210 0.7263981 0.7905077 0.8694549 0.8326443 0.8329407 0.9900786 0.8687640 0.9375655 0.6411653 0.9653739 0.8992114 1.0540256 1.1056184 0.9220832 1.1365730 1.0397450 1.1293912 1.1745986 0.8242579 0.9891104 1.1655975 1.4183786 1.0384973 1.0300715 1.0665784 0.8825649 1.1915683 1.1915683 1.2318779 1.2177739 1.2732552 1.2732552 1.2389878 0.9370329 0.9863300 0.9825128 1.4183384 0.9316920 1.1048098 0.9343570 0.8320741 0.9547755 1.2518514 2.2757037 1.7532550 1.1623927 1.7596004 1.9553452 1.8588478 1.8974545 1.9363611 1.4926078 1.5314147 1.9282034 1.9038258 1.9081938 1.9818037 1.8123542 2.0599616 2.1949877 2.5707502 
Sanmal_Sma_016696-T1                                    1.3117146 1.1836192 0.2922748 0.8182837 0.8275418 0.0000000 1.2838400 1.0762293 1.1085257 1.2770346 1.9019904 1.1960842 1.1006513 1.0986168 0.6927540 1.2363041 1.2103139 1.2744945 1.3696368 1.3566476 1.4107516 1.4968221 1.3952590 1.4057340 1.3641726 1.4761706 1.3403536 1.5382236 1.6919033 1.5385836 1.6875580 1.5367182 1.5854336 1.6654876 1.1872626 1.5707332 1.6616075 1.4516645 1.4423229 1.3379017 1.4651835 1.5785350 1.7203110 1.7203110 1.7163737 1.6873029 1.7524648 1.7524648 1.7209730 1.4837504 1.5489217 1.5210183 1.3405316 1.5637339 1.7192652 1.1636783 1.1516973 1.3387380 1.1862930 3.3434314 2.4991313 2.7771112 2.5935612 2.6588897 2.4452040 2.4418261 2.6003573 2.3397999 2.4072394 2.7378185 2.8979436 3.1523784 2.7440137 2.7794366 2.9732843 2.1729330 2.5793748 
Hvul_g24488_1                                           0.5691839 0.4519194 0.2466952 0.4056443 0.3961922 1.2838400 0.0000000 0.2544126 0.4541030 0.4917850 0.4275114 0.4443978 0.4279312 0.4188735 0.3870035 0.4336613 0.4419379 0.4767047 0.5129100 0.4697540 0.5117509 0.6133261 0.6376917 0.5609212 0.6046310 0.5765003 0.6245087 0.7528761 0.8117887 0.8501679 0.7907721 0.7931628 0.7826765 0.7853791 0.5801469 0.7359693 0.8138702 0.4914662 0.6516563 0.6928617 0.6341364 0.5306914 0.7596192 0.7596192 0.7800755 0.7799482 0.7885245 0.7885245 0.7194755 0.5054151 0.5676359 0.5925856 0.7155134 0.6849081 0.7266846 0.5215262 0.4622207 0.4680104 0.4469449 1.5679375 1.4366358 1.3496638 1.3357006 1.3370107 1.5025642 1.4414433 1.4052144 1.2706026 1.3870504 1.4571476 1.3465629 1.4531495 1.4353877 1.5730319 1.5890950 1.2439939 1.3716474 
Chem_TCONS_00013671                                     0.6552040 0.5742753 0.1811704 0.4086503 0.4301995 1.0762293 0.2544126 0.0000000 0.4874950 0.5865341 0.4819409 0.5298240 0.4985564 0.4834134 0.5118685 0.5200565 0.5873765 0.6390443 0.5876623 0.5031353 0.6155688 0.7344156 0.6925826 0.6491450 0.6082660 0.6924085 0.6605254 0.7419001 0.7762676 0.7964870 0.7971683 0.7952894 0.7994958 0.8208989 0.7299336 0.8015487 0.8114115 0.9145143 0.8011654 0.6491325 0.7609310 0.6614076 0.8449753 0.8449753 0.8604733 0.8704082 0.8572091 0.8572091 0.8094656 0.6812338 0.7215294 0.7127014 1.0172042 0.8006223 0.8203442 0.6579825 0.6229680 0.6007927 0.8654650 1.6445027 1.5583225 1.2824546 1.4636473 1.6121989 1.6716254 1.6669533 1.6332357 1.5814611 1.6336166 1.7159489 1.6724804 1.6734117 1.6511285 1.8007293 1.7506523 1.7259072 1.9512255 
Nvec_v1g215383                                          0.8368289 0.7169827 0.4912909 0.6751154 0.6559628 1.1085257 0.4541030 0.4874950 0.0000000 0.4286964 0.2347922 0.4027732 0.4039202 0.4045515 0.4853246 0.2974303 0.5531057 0.6227550 0.8022414 0.7994728 0.7897418 0.9248388 0.7204182 0.8353771 0.5520297 0.8828485 0.8665065 0.9553266 1.0354970 0.7766423 1.0379736 0.9485873 1.0220090 1.0403085 0.7545436 0.9111037 1.0597090 1.4546840 0.9469210 0.8806194 0.8699475 0.7849564 1.1358364 1.1358364 1.1342778 1.1563822 1.1448854 1.1448854 1.1452423 0.8380900 0.8690415 0.9055898 1.4772114 0.9475115 1.1048939 0.9063482 0.4092886 0.9605712 1.2210975 2.3369386 1.7725859 1.3197914 1.9060078 2.0590808 1.8752663 1.9828668 1.9284611 1.4649093 1.5013726 2.0522749 1.9631390 2.0039305 2.0019101 1.8848313 1.9863418 2.7052957 2.8647755 
Adig_XM_015896051.1                                     0.8234079 0.7142830 0.6496108 0.7144963 0.7147018 1.2770346 0.4917850 0.5865341 0.4286964 0.0000000 0.0154657 0.1899964 0.2428210 0.2341002 0.2609254 0.2061026 0.5739418 0.6071307 0.8030637 0.7739827 0.7461767 0.9266429 0.8299706 0.8042784 0.6830182 0.9012185 0.8592837 0.9289067 1.0670587 0.9536364 1.1224784 0.9801117 1.0883501 1.0236517 0.7688643 0.9349327 1.0710529 1.5356225 0.9474780 0.9116031 0.9047961 0.7778521 1.1220698 1.1220698 1.1121299 1.1247715 1.1442533 1.1442533 1.1061199 0.9029646 0.9426547 0.9376950 1.5333634 0.9828559 1.0720056 0.9544134 0.6228510 0.9171985 1.2285607 2.2913928 1.7219904 1.3027609 1.8888273 2.0324360 1.8647366 1.9028197 1.9055767 1.5457946 1.5430654 2.0007947 1.9129963 1.9992790 1.8634309 1.9048525 1.9778479 2.2165802 2.6301941 
Amil_Amillepora21241-RA                                 0.6180387 0.4689257 0.0000010 0.4937494 0.4854783 1.9019904 0.4275114 0.4819409 0.2347922 0.0154657 0.0000000 0.0893649 0.1390527 0.1249892 0.0247381 0.1069636 0.3395584 0.4146234 0.5305269 0.4933194 0.5213529 0.7203209 0.6928968 0.5842221 0.7395627 0.6901966 0.5677986 0.8715049 0.8648369 0.9176936 0.8797494 0.8734347 0.8734347 0.8189905 0.6527872 0.7893515 0.9017412 0.0000010 0.7286963 0.7290208 0.7000359 0.5999484 0.8766017 0.8766017 0.8583496 0.8883604 0.8948660 0.8948660 0.7756194 0.5595908 0.5950895 0.6477334 0.0000010 0.7726232 0.7541831 0.6470246 0.3343180 0.5143423 0.0000010 1.9864470 1.7001754 1.5451795 1.6401916 1.6711520 1.6378411 1.5751326 1.6909662 1.3470370 1.6215630 1.6028838 1.5674352 1.5729535 1.7631405 1.6936349 1.6315370 0.0000010 0.0000010 
Fspp_ffun1.m4.22842.m1                                  0.7973935 0.7070374 0.7164197 0.7166562 0.7135021 1.1960842 0.4443978 0.5298240 0.4027732 0.1899964 0.0893649 0.0000000 0.1107520 0.1102696 0.0941727 0.1080093 0.5758410 0.6119721 0.8303856 0.7873700 0.7729922 0.9462916 0.7773260 0.8040652 0.6285066 0.8774285 0.8994044 0.9737585 1.0822269 0.8871695 1.1036996 0.9912861 1.0672460 1.0597239 0.8056948 0.9555421 1.0963854 1.7338703 0.9246882 0.9013940 0.9024072 0.7947327 1.2034830 1.2034830 1.2118936 1.2200771 1.2446532 1.2446532 1.2010060 0.8995105 0.9215025 0.9365140 1.5796688 0.8962553 1.0998562 1.0346620 0.5811260 0.9829523 1.4810901 2.5118993 1.8286070 1.2540695 2.0389996 2.1067165 1.9442162 1.9146181 1.9804535 1.5055658 1.5238326 2.0581840 2.0167546 1.9617196 2.0361593 2.0429408 1.9596601 3.0084787 2.9954455 
Spis_XP_022804291_1                                     0.7970408 0.6879489 0.4220414 0.6533348 0.6721744 1.1006513 0.4279312 0.4985564 0.4039202 0.2428210 0.1390527 0.1107520 0.0000000 0.0452417 0.1448700 0.1317734 0.5333264 0.5673560 0.7887018 0.7445748 0.7259133 0.8910729 0.7503487 0.7709986 0.6001976 0.8360514 0.8294364 0.9357125 0.9859727 0.7898804 1.0029655 0.8984154 0.9803259 0.9840913 0.7322276 0.8629535 1.0240209 1.4097532 0.9264427 0.8937494 0.8988837 0.7203123 1.1496156 1.1496156 1.1495271 1.1537776 1.1613118 1.1613118 1.1437756 0.8737298 0.8848885 0.8990390 1.4573327 0.8268421 1.0275047 0.9307623 0.5185756 0.9242391 1.2044412 2.3751786 1.7127386 1.2232701 1.9241717 2.0188738 1.7908828 1.8260938 1.8354583 1.4854486 1.4632941 1.8835468 1.9171682 1.9499657 1.9797387 1.9192244 1.8877829 2.6696167 2.6311242 
Pocdam_XM_027182626.1                                   0.8032292 0.7066848 0.4293786 0.6439335 0.6653912 1.0986168 0.4188735 0.4834134 0.4045515 0.2341002 0.1249892 0.1102696 0.0452417 0.0000000 0.1329622 0.1201165 0.5569573 0.5693321 0.7958828 0.7425644 0.7298531 0.8925160 0.7425352 0.7734868 0.5827068 0.8294470 0.8304637 0.9237725 0.9845905 0.7871422 1.0112039 0.8735737 0.9503048 0.9749057 0.7389194 0.8720553 1.0145885 1.4025678 0.9242839 0.8736236 0.8825741 0.7429159 1.1472254 1.1472254 1.1607310 1.1702716 1.1722032 1.1722032 1.1509128 0.8746912 0.8891735 0.9257974 1.4514510 0.8449002 1.0222125 0.9319985 0.5008516 0.9110319 1.2417881 2.3566779 1.7355737 1.2152879 1.9037991 2.0249145 1.8141116 1.8246011 1.8814657 1.4985926 1.4682870 1.9310320 1.9371419 1.9538480 1.9755113 1.9289196 1.9185565 2.6370448 2.6400453 
Gasp_gasp1.m3.1379.m1                                   0.9166828 0.8100960 0.4717219 0.7411940 0.7452103 0.6927540 0.3870035 0.5118685 0.4853246 0.2609254 0.0247381 0.0941727 0.1448700 0.1329622 0.0000000 0.1768270 0.6752196 0.6708790 0.9688943 0.9367644 0.8601591 0.9986717 0.7847580 0.8939598 0.3822737 0.9621973 1.0318184 0.9933562 1.1040277 0.7246785 1.1266689 0.9145047 1.0568115 1.0980600 0.7928576 0.9359349 1.0760941 1.3588656 1.0220543 0.9166884 0.9844680 0.9609067 1.3184061 1.3184061 1.3402027 1.3512648 1.3931217 1.3931217 1.4166261 1.0959867 1.0909016 1.0355179 1.3855230 0.9752044 1.3054996 1.0161430 0.6012493 1.0193767 1.2286658 2.8655117 1.9433962 0.9414517 2.2148818 2.4367265 2.0677674 2.1858434 2.1638948 1.7538175 1.3917420 2.2228723 2.3938358 2.6016880 2.1068989 2.1609267 2.2071709 2.4642358 2.5073718 
Gfas_gfas1.m1.9082.m1                                   0.6719975 0.5475074 0.3585481 0.5827653 0.5694210 1.2363041 0.4336613 0.5200565 0.2974303 0.2061026 0.1069636 0.1080093 0.1317734 0.1201165 0.1768270 0.0000000 0.4253380 0.4309496 0.5573745 0.5214642 0.5496944 0.7797768 0.6730096 0.6102239 0.6443505 0.6724150 0.6200439 0.8413634 0.8736669 0.9188135 0.9089289 0.9100055 0.9241497 0.8748271 0.7343799 0.8578727 0.9575959 1.4564182 0.7863453 0.6348221 0.7407164 0.6517611 0.8710883 0.8710883 0.8312829 0.8538274 0.8529093 0.8529093 0.8289745 0.6672547 0.6476344 0.7194976 1.1912086 0.8153847 0.8145756 0.7070302 0.4210365 0.6398740 0.9141828 1.9665085 1.7487951 1.3722312 1.8631476 1.9200286 1.7097076 1.7043115 1.7776560 1.5419106 1.6561167 1.7204509 1.7453578 1.7233109 1.7657371 1.7817520 1.9421801 2.8039744 4.1922860 
Dgig_XM_028546368.1                                     0.8090815 0.7221042 0.4177627 0.7186190 0.7263981 1.2103139 0.4419379 0.5873765 0.5531057 0.5739418 0.3395584 0.5758410 0.5333264 0.5569573 0.6752196 0.4253380 0.0000000 0.3703062 0.8041264 0.7963657 0.8138437 0.9058770 0.7781944 0.8877647 0.6245442 0.8421152 0.8665209 0.9708759 0.9984393 0.8471545 1.0472565 1.0051924 1.0601894 1.0447580 0.7409067 0.9137755 1.0556880 1.2292505 0.9774033 0.9306540 0.9171961 0.7487299 1.1430944 1.1430944 1.1816708 1.1797170 1.2257277 1.2257277 1.2179296 0.8432586 0.9341155 0.9454570 1.4420042 0.9263130 1.0852902 1.0672132 0.7015039 1.0099650 1.3648211 2.2307971 1.7883212 1.2590944 2.0403436 2.1400336 1.9439982 1.9800017 1.8675922 1.4242771 1.5362407 1.9420799 1.9485349 2.0056760 2.0818006 1.7787105 2.0128336 2.5095259 2.8156278 
Xesp_002461-T1                                          0.9057998 0.8084994 0.4966725 0.7689964 0.7905077 1.2744945 0.4767047 0.6390443 0.6227550 0.6071307 0.4146234 0.6119721 0.5673560 0.5693321 0.6708790 0.4309496 0.3703062 0.0000000 0.8562475 0.8094420 0.8693328 0.9655032 0.8123001 0.9307693 0.6039232 0.8764972 0.9483288 0.9445649 1.0332109 0.8718738 1.0501202 0.9968276 1.0964714 1.0746697 0.7763271 0.9369040 1.0943148 1.4226432 0.9722767 0.8858164 0.9094670 0.8038078 1.0796079 1.0796079 1.1138560 1.1180270 1.1786231 1.1786231 1.1420329 0.9214006 0.9707164 0.9843626 1.5167419 0.9411873 1.1196500 1.1480712 0.8106745 1.1184663 1.2935715 2.3278688 1.9432694 1.3020779 2.0183694 2.0684931 1.9263927 2.0526698 2.0538734 1.5123042 1.5550443 2.0977561 2.0305100 2.1234873 2.0221720 1.9473568 2.1040593 2.3335879 2.9209374 
Cgig_XM_034480378.1                                     0.7096899 0.5824475 0.4407844 0.8541136 0.8694549 1.3696368 0.5129100 0.5876623 0.8022414 0.8030637 0.5305269 0.8303856 0.7887018 0.7958828 0.9688943 0.5573745 0.8041264 0.8562475 0.0000000 0.4312624 0.6812776 0.9660029 0.7219616 0.9704490 0.5644536 0.9055068 0.6601650 0.9789073 1.0238925 0.8782594 1.0384004 0.9339760 1.0164131 1.0767542 0.8252688 0.9724711 1.0289770 1.2929337 0.8474185 0.9019564 0.9106096 0.6730365 1.2071049 1.2071049 1.2412745 1.2438808 1.2799295 1.2799295 1.2127982 0.9381819 0.9400456 0.9937508 1.5158161 0.7249414 0.9391718 0.9861668 0.9281273 0.7898137 1.1505664 2.1555998 1.7916323 1.2963196 1.9774069 2.0650453 2.0021870 1.9904209 1.8513069 1.4694415 1.5654239 2.0347270 1.8615487 2.0813283 2.0314369 1.8565569 2.0470602 2.4107315 2.3596927 
Acagra_model.g23193.t1                                  0.7140482 0.6066073 0.4934575 0.8147803 0.8326443 1.3566476 0.4697540 0.5031353 0.7994728 0.7739827 0.4933194 0.7873700 0.7445748 0.7425644 0.9367644 0.5214642 0.7963657 0.8094420 0.4312624 0.0000000 0.7020431 0.8963144 0.7532556 0.8756332 0.5508603 0.8288222 0.6440171 0.9477719 1.1038279 0.9234545 1.1392648 0.9877392 1.0620892 1.0780636 0.8031576 0.9299861 1.0992727 1.4681499 0.8454424 0.9020028 0.8827416 0.6578124 1.1598532 1.1598532 1.2431255 1.2337695 1.2465224 1.2465224 1.2400453 0.8890402 0.9291878 0.9447747 1.5160384 0.7971475 0.9525155 0.9900773 0.9323464 0.7943638 1.1894765 2.2869674 1.8352082 1.3778844 2.0095839 2.0523707 2.0030489 2.0464487 1.8694103 1.4613952 1.5095775 2.0840058 1.8929014 2.0345059 2.0468966 1.7938709 2.0213053 2.5062641 2.4063833 
Spur_XM_030974208.1                                     0.7261998 0.6027694 0.4587284 0.8204617 0.8329407 1.4107516 0.5117509 0.6155688 0.7897418 0.7461767 0.5213529 0.7729922 0.7259133 0.7298531 0.8601591 0.5496944 0.8138437 0.8693328 0.6812776 0.7020431 0.0000000 0.8138038 0.6912131 0.9240986 0.4587822 0.8497918 0.7816895 0.9368315 1.0201636 0.8157288 1.0317075 0.9506016 1.0308305 1.0667661 0.7367116 0.8988484 1.0219866 1.3335917 0.8799571 0.9171575 0.9133195 0.7940480 1.0802478 1.0802478 1.0637460 1.0664938 1.1139373 1.1139373 1.1068186 0.8999167 0.8953511 0.9436414 1.5885473 0.7290100 1.0092530 0.9513544 0.9356287 0.7458331 1.2680448 2.2244315 1.6417765 1.2465356 2.0115306 2.1557333 1.9474751 1.9890256 1.8396554 1.4587567 1.5172009 1.9877411 1.9523141 2.0178512 2.0339406 1.8610919 1.9191099 2.7997610 2.8738644 
Aque_Aqu2.1.24990_001                                   0.9822089 0.8768379 0.4821967 0.9894852 0.9900786 1.4968221 0.6133261 0.7344156 0.9248388 0.9266429 0.7203209 0.9462916 0.8910729 0.8925160 0.9986717 0.7797768 0.9058770 0.9655032 0.9660029 0.8963144 0.8138038 0.0000000 0.2675598 0.6179919 0.4628470 0.4215124 0.9578066 0.8102197 1.0617404 0.8986400 1.0817937 0.9761059 1.0505801 1.1098785 0.7999253 0.9450739 1.1029177 1.2990682 0.8498330 0.8936687 0.9211158 0.9296081 1.2572491 1.2572491 1.2925185 1.2891762 1.3238451 1.3238451 1.2976110 0.9100912 0.9273933 0.9248192 1.3029766 0.9430264 1.1971013 0.7020789 1.0846630 0.9806262 0.7414341 2.3951465 2.0152121 1.4300754 2.3194365 2.2424780 2.0739689 2.1466396 1.9959285 1.6665847 1.7395098 2.1622826 2.1623775 2.1527581 2.1312335 1.9379879 2.3915508 2.6131345 2.8079746 
Halamb_c55946_g1_i1m.42115                              0.7866839 0.6612707 0.4715940 0.8852733 0.8687640 1.3952590 0.6376917 0.6925826 0.7204182 0.8299706 0.6928968 0.7773260 0.7503487 0.7425352 0.7847580 0.6730096 0.7781944 0.8123001 0.7219616 0.7532556 0.6912131 0.2675598 0.0000000 0.5360839 0.4192710 0.3523698 0.7658985 0.6779994 0.8603077 0.8237280 0.8768712 0.8220690 0.8263276 0.8566290 0.7533065 0.8259024 0.8521158 0.9954123 0.7678205 0.6963830 0.7514479 0.7795900 1.0142254 1.0142254 1.0500316 1.0597531 1.0780459 1.0780459 1.0152098 0.7610245 0.7771174 0.7573509 1.0172229 0.7904754 0.9265714 0.5430849 0.8291798 0.8254986 0.5922044 2.0337563 1.7994374 1.4920287 1.9653348 2.0722685 1.7365326 1.7595620 1.6842964 1.6259829 1.6387918 1.9071267 1.8300328 1.8430567 1.9836646 1.9402306 2.1607074 2.2919487 2.5278341 
Tetwil_g3721.t1                                         0.8557576 0.8143485 0.5755283 0.9221485 0.9375655 1.4057340 0.5609212 0.6491450 0.8353771 0.8042784 0.5842221 0.8040652 0.7709986 0.7734868 0.8939598 0.6102239 0.8877647 0.9307693 0.9704490 0.8756332 0.9240986 0.6179919 0.5360839 0.0000000 0.3406102 0.5302447 0.9331223 0.7123806 1.0657419 0.7890709 1.0541326 0.9095918 1.0098142 1.0613033 0.7927965 0.9378121 1.0712187 1.5208681 0.8058574 0.7731020 0.7988446 0.8747004 1.2968539 1.2968539 1.2939628 1.2815648 1.2985192 1.2985192 1.3211837 0.8824538 0.9381201 0.8969415 1.3881387 0.9169114 1.1534157 0.6220768 1.0593822 0.9525637 0.6107140 2.2463940 1.7816893 1.2707564 2.1483529 2.0405570 1.9409025 2.0887670 1.9467705 1.5419141 1.6150451 2.1641679 2.1326710 2.1049124 2.0925776 1.8862077 2.1072169 2.3870994 3.0875068 
Spolac_c98872_g1_i1_m.18228c100085-g1                   0.5596698 0.4983169 0.3170542 0.6344182 0.6411653 1.3641726 0.6046310 0.6082660 0.5520297 0.6830182 0.7395627 0.6285066 0.6001976 0.5827068 0.3822737 0.6443505 0.6245442 0.6039232 0.5644536 0.5508603 0.4587822 0.4628470 0.4192710 0.3406102 0.0000000 0.4060638 0.6553431 0.4893400 0.7630108 0.7540591 0.6914543 0.7446304 0.7310573 0.7271202 0.6141817 0.7131974 0.7847264 0.3996242 0.5149377 0.5785047 0.6037889 0.6535058 0.7963939 0.7963939 0.8123784 0.8213893 0.8353958 0.8353958 0.6987598 0.5731380 0.6048086 0.5873963 0.5428563 0.6660260 0.7731161 0.0631432 0.6373017 0.5364782 0.1911748 1.5162633 1.3758364 1.4637085 1.5467680 1.5866175 1.4339559 1.4035653 1.3892146 1.2668287 1.5401184 1.4264180 1.4237436 1.5909820 1.4717540 1.4838629 1.6623277 1.0038343 1.6445818 
Xestes_maker-XT_scaffold30070-augustus-gene-0.19-mRNA-1 0.9333982 0.8306095 0.4745763 0.9705611 0.9653739 1.4761706 0.5765003 0.6924085 0.8828485 0.9012185 0.6901966 0.8774285 0.8360514 0.8294470 0.9621973 0.6724150 0.8421152 0.8764972 0.9055068 0.8288222 0.8497918 0.4215124 0.3523698 0.5302447 0.4060638 0.0000000 0.9047762 0.7461005 1.0177016 0.8362928 1.0594456 0.8917348 0.9932112 1.0497917 0.8064723 0.8681432 1.0646162 1.2713087 0.7827139 0.9031974 0.9103755 0.8462723 1.1779747 1.1779747 1.2220216 1.2173111 1.2325459 1.2325459 1.1928678 0.8610554 0.8832275 0.8919874 1.2628605 0.9372464 1.2093736 0.6658687 1.0054603 0.9435255 0.7187871 2.4506692 1.8734660 1.4197496 2.2023138 2.1097293 2.0157204 2.1164898 1.9291741 1.5804713 1.5540523 2.0540932 2.0783547 2.0792375 1.9875260 1.9886722 2.2539384 2.6004238 2.6999476 
Ctel_gnl_WGS_AMQN_CAPTEDRAFT_mRNA218765                 0.7602356 0.7266270 0.5391583 0.8672175 0.8992114 1.3403536 0.6245087 0.6605254 0.8665065 0.8592837 0.5677986 0.8994044 0.8294364 0.8304637 1.0318184 0.6200439 0.8665209 0.9483288 0.6601650 0.6440171 0.7816895 0.9578066 0.7658985 0.9331223 0.6553431 0.9047762 0.0000000 1.0514202 1.0667971 0.8569725 1.0828039 1.0389712 1.1198881 1.1126562 0.8323508 0.9907969 1.1211110 1.4765344 0.9709940 0.9840140 0.9884853 0.7174551 1.2862055 1.2862055 1.2616250 1.2861167 1.3217637 1.3217637 1.2379299 0.9693826 0.9632809 0.9574700 1.3864134 0.8654040 1.0115813 0.9214171 1.0187769 0.8376014 1.1354574 2.2291406 1.8342556 1.3479930 2.1204762 2.0921679 1.8951414 1.9692892 1.8168874 1.5067925 1.6133012 1.9653032 2.0419065 2.0644392 2.1112782 1.9812570 2.1948669 2.4727074 3.0589585 
Plespi_Pspi_scaffold2311_01                             0.8670739 0.8918282 0.5310945 1.0673658 1.0540256 1.5382236 0.7528761 0.7419001 0.9553266 0.9289067 0.8715049 0.9737585 0.9357125 0.9237725 0.9933562 0.8413634 0.9708759 0.9445649 0.9789073 0.9477719 0.9368315 0.8102197 0.6779994 0.7123806 0.4893400 0.7461005 1.0514202 0.0000000 1.1884437 0.9697811 1.1805082 1.1134876 1.2032865 1.1953340 0.8781782 1.0637906 1.2440315 1.3421254 0.9086854 0.9551435 0.9947159 0.9778567 1.2894804 1.2894804 1.2886301 1.3015681 1.3319290 1.3319290 1.2893411 1.0087044 1.0372391 1.0064853 1.5278976 1.0332260 1.1408345 0.8393588 1.0699176 1.0188742 0.9541661 2.1867749 1.8103403 1.4064250 2.0943326 2.0913389 1.9431042 2.0098402 1.7981529 1.6535544 1.5615457 2.0774881 2.0383764 2.1039806 2.0837881 1.8355665 2.0601895 2.2168728 2.6603684 
Mlei_ML1603.g9.i1                                       1.0725953 0.9398508 0.5466318 1.0851784 1.1056184 1.6919033 0.8117887 0.7762676 1.0354970 1.0670587 0.8648369 1.0822269 0.9859727 0.9845905 1.1040277 0.8736669 0.9984393 1.0332109 1.0238925 1.1038279 1.0201636 1.0617404 0.8603077 1.0657419 0.7630108 1.0177016 1.0667971 1.1884437 0.0000000 0.1023794 0.1830748 0.2276345 0.2210035 0.3181784 0.2421509 0.2718530 0.2970913 0.1507449 1.1981852 1.0543314 1.1354717 1.0992254 1.3247759 1.3247759 1.3872356 1.3853586 1.3716097 1.3716097 1.2725162 1.0146845 1.0486466 1.0628499 1.4040308 1.1880354 1.3381068 1.2000323 1.2857713 1.1285528 1.3752195 2.3381911 1.8388261 1.4416519 1.8651622 2.1758295 2.1142663 2.2146482 2.0137805 1.7551976 1.6893823 2.1470769 2.0653201 2.3416336 2.1435217 1.9978070 2.0495413 2.1416901 2.3539216 
Beraby_Baby_sb340651                                    0.8970846 0.7638393 0.6012927 0.9129785 0.9220832 1.5385836 0.8501679 0.7964870 0.7766423 0.9536364 0.9176936 0.8871695 0.7898804 0.7871422 0.7246785 0.9188135 0.8471545 0.8718738 0.8782594 0.9234545 0.8157288 0.8986400 0.8237280 0.7890709 0.7540591 0.8362928 0.8569725 0.9697811 0.1023794 0.0000000 0.1285468 0.1799832 0.1761801 0.2271031 0.2259247 0.2324938 0.2202815 0.0892070 1.0220070 0.8187421 0.9632816 0.8743494 1.0690456 1.0690456 1.1111794 1.1092794 1.0899408 1.0899408 0.9961267 0.8106730 0.8247710 0.8474832 0.8490199 1.0460614 1.0815679 0.7608553 0.9946031 0.8791421 0.7062421 1.9535335 1.7400877 1.5267069 1.5623439 1.8662620 1.6762120 1.7355581 1.6546931 1.7651486 1.6906533 1.7196784 1.7644920 2.0525381 1.7379441 1.9480251 1.7514549 1.5411285 1.8252051 
Drygla_Dgla_sb278411                                    1.0276178 0.9551608 0.5273874 1.0973596 1.1365730 1.6875580 0.7907721 0.7971683 1.0379736 1.1224784 0.8797494 1.1036996 1.0029655 1.0112039 1.1266689 0.9089289 1.0472565 1.0501202 1.0384004 1.1392648 1.0317075 1.0817937 0.8768712 1.0541326 0.6914543 1.0594456 1.0828039 1.1805082 0.1830748 0.1285468 0.0000000 0.2478051 0.2275204 0.3445081 0.2493672 0.3144665 0.3147399 0.3032163 1.1885656 1.0668294 1.1377733 1.0688861 1.3676492 1.3676492 1.3966034 1.3998758 1.3988452 1.3988452 1.2927855 1.0790273 1.0906674 1.0849413 1.5932860 1.1618367 1.3600415 1.1274096 1.3303757 1.2517076 1.4380677 2.3358592 1.9223827 1.3921750 1.8854992 2.0913931 2.0974187 2.2455815 2.1341955 1.7896663 1.7060441 2.1449251 2.0421026 2.2963316 2.2199098 1.9276613 2.0915555 2.1999299 2.5555503 
Pbac_sb2637969                                          0.9835098 0.9176336 0.5089479 1.0133331 1.0397450 1.5367182 0.7931628 0.7952894 0.9485873 0.9801117 0.8734347 0.9912861 0.8984154 0.8735737 0.9145047 0.9100055 1.0051924 0.9968276 0.9339760 0.9877392 0.9506016 0.9761059 0.8220690 0.9095918 0.7446304 0.8917348 1.0389712 1.1134876 0.2276345 0.1799832 0.2478051 0.0000000 0.0461068 0.3598533 0.2988009 0.3017134 0.3579678 0.3451972 1.0616324 0.9820356 1.0687487 1.0054254 1.1931767 1.1931767 1.2307587 1.2365509 1.2217566 1.2217566 1.1307079 0.9341821 0.9720753 0.9687961 1.3560126 1.0708939 1.1500172 1.0662554 1.1594100 1.0695594 1.1148663 2.2643475 1.9847650 1.6012975 1.8358328 2.0543213 1.8213386 1.8885760 1.8447727 1.7661316 1.7277663 1.8377947 1.8087682 2.0112368 2.0687231 1.8925763 2.0859169 2.0899759 2.2705605 
Horcal_Hcv1.av93.c9.g635.i2                             1.0492962 0.9479453 0.5077107 1.1036155 1.1293912 1.5854336 0.7826765 0.7994958 1.0220090 1.0883501 0.8734347 1.0672460 0.9803259 0.9503048 1.0568115 0.9241497 1.0601894 1.0964714 1.0164131 1.0620892 1.0308305 1.0505801 0.8263276 1.0098142 0.7310573 0.9932112 1.1198881 1.2032865 0.2210035 0.1761801 0.2275204 0.0461068 0.0000000 0.3690811 0.2860516 0.3346807 0.3843391 0.2729562 1.1606539 1.0827451 1.1434608 1.1563691 1.2960695 1.2960695 1.3443583 1.3490122 1.3465938 1.3465938 1.2748469 1.0404472 1.0621733 1.0637087 1.4810858 1.1156188 1.2760428 1.1481993 1.2771060 1.1187337 1.3051259 2.3910274 1.9579558 1.5940867 2.0251899 2.1708313 1.9948880 2.1148026 2.0926794 1.7666272 1.7215827 2.0937612 1.9822620 2.2357109 2.2214146 1.8781733 2.1825280 2.2489332 2.6427516 
Vmul_SimC405336                                         1.0637177 0.9716956 0.5068901 1.1240968 1.1745986 1.6654876 0.7853791 0.8208989 1.0403085 1.0236517 0.8189905 1.0597239 0.9840913 0.9749057 1.0980600 0.8748271 1.0447580 1.0746697 1.0767542 1.0780636 1.0667661 1.1098785 0.8566290 1.0613033 0.7271202 1.0497917 1.1126562 1.1953340 0.3181784 0.2271031 0.3445081 0.3598533 0.3690811 0.0000000 0.1450927 0.1622651 0.3238536 0.4565656 1.1975402 1.0507714 1.1017952 1.0223756 1.2982138 1.2982138 1.3298062 1.3252911 1.3377142 1.3377142 1.2922396 1.0437340 1.0976880 1.0793559 1.7373589 1.1832230 1.2883169 1.0774513 1.3430914 1.1940504 1.3265011 2.5526575 1.9299323 1.4924253 1.9508665 2.2111620 2.0833487 2.1973682 2.1239523 1.7533069 1.7405772 2.1242782 2.0912070 2.3512309 2.1747931 1.9636657 2.1168836 2.4285452 2.5417655 
Coeast_Cast_sb799631                                    0.8542464 0.6768084 0.4714397 0.7872493 0.8242579 1.1872626 0.5801469 0.7299336 0.7545436 0.7688643 0.6527872 0.8056948 0.7322276 0.7389194 0.7928576 0.7343799 0.7409067 0.7763271 0.8252688 0.8031576 0.7367116 0.7999253 0.7533065 0.7927965 0.6141817 0.8064723 0.8323508 0.8781782 0.2421509 0.2259247 0.2493672 0.2988009 0.2860516 0.1450927 0.0000000 0.0372947 0.2483617 0.2859737 0.9455578 0.7863565 0.8876827 0.7409419 0.9347024 0.9347024 0.9545342 0.9670515 0.9839479 0.9839479 0.9873154 0.7111158 0.7379187 0.7450530 1.0726579 0.8899358 0.9564804 0.8412341 0.9772499 0.8181657 0.9286404 1.7616125 1.6628317 1.2113511 1.5225090 1.6668096 1.5388264 1.5770116 1.5327355 1.6083781 1.5855436 1.5642808 1.6655080 1.8040658 1.6488753 1.6927848 1.6877260 1.7840814 1.8780327 
Coemet_Cmet_scaffold21864_01                            0.9752930 0.8783701 0.4744670 0.9576548 0.9891104 1.5707332 0.7359693 0.8015487 0.9111037 0.9349327 0.7893515 0.9555421 0.8629535 0.8720553 0.9359349 0.8578727 0.9137755 0.9369040 0.9724711 0.9299861 0.8988484 0.9450739 0.8259024 0.9378121 0.7131974 0.8681432 0.9907969 1.0637906 0.2718530 0.2324938 0.3144665 0.3017134 0.3346807 0.1622651 0.0372947 0.0000000 0.3012274 0.3720668 1.1021019 0.9333120 1.0001616 0.9085125 1.1568536 1.1568536 1.1996450 1.2195787 1.2247486 1.2247486 1.1089837 0.8738076 0.8992734 0.9117541 1.3142452 1.0422743 1.0984459 0.9541050 1.2196393 1.0111562 1.1164169 2.1043160 1.8234144 1.4916020 1.7389055 2.0499522 1.8095482 1.9096032 1.7738070 1.7852851 1.6697285 1.7980733 1.9061107 2.0186821 2.0598450 1.8522125 1.9380448 2.0302568 2.0303493 
Lampan_Lpan_C420051_01                                  1.0621954 0.9028890 0.4828058 1.1162280 1.1655975 1.6616075 0.8138702 0.8114115 1.0597090 1.0710529 0.9017412 1.0963854 1.0240209 1.0145885 1.0760941 0.9575959 1.0556880 1.0943148 1.0289770 1.0992727 1.0219866 1.1029177 0.8521158 1.0712187 0.7847264 1.0646162 1.1211110 1.2440315 0.2970913 0.2202815 0.3147399 0.3579678 0.3843391 0.3238536 0.2483617 0.3012274 0.0000000 0.4703712 1.1435196 1.0807681 1.1683280 1.1488004 1.3611946 1.3611946 1.4147712 1.4274994 1.4189808 1.4189808 1.3557064 1.0456695 1.0454479 1.0787839 1.6355372 1.1846034 1.1974624 1.1119855 1.3624177 1.1688788 1.3750856 2.4314928 1.9208644 1.5112516 1.9059487 2.2712714 2.1614020 2.2446655 2.1942693 1.8502674 1.8030573 2.2180475 2.1009504 2.3174395 2.3052460 2.1251657 2.1603574 2.1889309 2.4994855 
Bolinf_Binf_sb1255000                                   1.3503379 1.2363237 0.6858218 1.4814932 1.4183786 1.4516645 0.4914662 0.9145143 1.4546840 1.5356225 0.0000010 1.7338703 1.4097532 1.4025678 1.3588656 1.4564182 1.2292505 1.4226432 1.2929337 1.4681499 1.3335917 1.2990682 0.9954123 1.5208681 0.3996242 1.2713087 1.4765344 1.3421254 0.1507449 0.0892070 0.3032163 0.3451972 0.2729562 0.4565656 0.2859737 0.3720668 0.4703712 0.0000000 1.5676761 1.4613226 1.6667063 1.6753189 1.7517730 1.7517730 1.8721985 1.8798896 1.9132302 1.9132302 1.7295634 1.3892897 1.4967974 1.4269931 1.4302435 1.6160971 1.8133969 1.5874528 1.3526742 1.3761116 1.3714595 2.9183575 2.3869701 0.0000010 2.4288352 2.9152655 2.4320097 2.7704519 2.7079655 2.0715507 1.7722440 2.7009919 2.5157567 3.8534543 2.7297802 2.0414428 2.3070180 2.2353937 2.4937322 
Plajan_Pjan_C571040_01                                  0.9261030 0.8870238 0.5680998 0.9811619 1.0384973 1.4423229 0.6516563 0.8011654 0.9469210 0.9474780 0.7286963 0.9246882 0.9264427 0.9242839 1.0220543 0.7863453 0.9774033 0.9722767 0.8474185 0.8454424 0.8799571 0.8498330 0.7678205 0.8058574 0.5149377 0.7827139 0.9709940 0.9086854 1.1981852 1.0220070 1.1885656 1.0616324 1.1606539 1.1975402 0.9455578 1.1021019 1.1435196 1.5676761 0.0000000 0.6707641 0.6748242 0.8922846 1.2210188 1.2210188 1.2200053 1.2330274 1.2647054 1.2647054 1.2243703 0.9185526 0.8728834 0.8895319 1.4720481 0.9859334 1.1784513 0.9775807 1.1197430 1.0461710 1.0404974 2.5556566 1.9515635 1.6385105 2.1905044 2.2079990 1.9840324 1.9815877 1.9987616 1.5469168 1.7861631 2.2294542 2.1397718 2.1620156 2.0398512 1.9416793 2.2036900 2.4129705 2.8126629 
Ocar_g433                                               1.0961497 0.8352289 0.5992287 0.9704634 1.0300715 1.3379017 0.6928617 0.6491325 0.8806194 0.9116031 0.7290208 0.9013940 0.8937494 0.8736236 0.9166884 0.6348221 0.9306540 0.8858164 0.9019564 0.9020028 0.9171575 0.8936687 0.6963830 0.7731020 0.5785047 0.9031974 0.9840140 0.9551435 1.0543314 0.8187421 1.0668294 0.9820356 1.0827451 1.0507714 0.7863565 0.9333120 1.0807681 1.4613226 0.6707641 0.0000000 0.0076402 0.7602199 1.0803155 1.0803155 1.0923450 1.1174049 1.1426295 1.1426295 1.1495433 0.9048406 0.8978133 0.9339796 1.4332022 1.0354623 1.1258023 0.8919940 1.1794390 0.9989176 1.0953507 2.2794104 1.7782584 1.4298558 1.9746914 2.2490740 1.9840110 2.1308377 2.0595875 1.6430564 1.7008064 2.1533163 2.1861666 2.3816741 2.0781351 1.7283033 2.1386624 2.2330440 2.6101171 
Opea_EP00118_Oscarella_pearsei_P026564                  1.0421649 0.8150091 0.6252040 1.0000020 1.0665784 1.4651835 0.6341364 0.7609310 0.8699475 0.9047961 0.7000359 0.9024072 0.8988837 0.8825741 0.9844680 0.7407164 0.9171961 0.9094670 0.9106096 0.8827416 0.9133195 0.9211158 0.7514479 0.7988446 0.6037889 0.9103755 0.9884853 0.9947159 1.1354717 0.9632816 1.1377733 1.0687487 1.1434608 1.1017952 0.8876827 1.0001616 1.1683280 1.6667063 0.6748242 0.0076402 0.0000000 0.7783795 1.1010170 1.1010170 1.1093121 1.1302831 1.1460709 1.1460709 1.1607212 0.8710941 0.8603732 0.9059370 1.4077601 1.0300077 1.1112826 0.9660125 1.1004995 1.0365498 1.1615523 2.2404716 1.9225612 1.4522799 2.0976283 2.2966692 1.9322654 2.1041045 1.9428981 1.6367575 1.8129012 2.0423118 2.2141209 2.2679289 2.0742778 1.9284636 2.2176653 2.4760479 3.0530861 
Cscu_XM_023374283.1                                     0.7183393 0.7208726 0.3089280 0.8479868 0.8825649 1.5785350 0.5306914 0.6614076 0.7849564 0.7778521 0.5999484 0.7947327 0.7203123 0.7429159 0.9609067 0.6517611 0.7487299 0.8038078 0.6730365 0.6578124 0.7940480 0.9296081 0.7795900 0.8747004 0.6535058 0.8462723 0.7174551 0.9778567 1.0992254 0.8743494 1.0688861 1.0054254 1.1563691 1.0223756 0.7409419 0.9085125 1.1488004 1.6753189 0.8922846 0.7602199 0.7783795 0.0000000 1.1217132 1.1217132 1.1294141 1.1468213 1.1598092 1.1598092 1.1500538 0.8445058 0.8876460 0.9123358 1.7319563 0.7472416 0.8494511 0.9694252 1.0930626 0.8782914 1.3212286 2.3249530 1.7633854 1.4811481 2.0458544 2.0861604 1.8825793 1.9270139 1.7802548 1.4564500 1.5871522 1.9323113 1.9561822 2.0292706 1.9168881 1.6635492 2.0417289 1.8117678 2.3668051 
Tadh_TriadT50536                                        1.1148441 1.0434748 0.6067973 1.2059845 1.1915683 1.7203110 0.7596192 0.8449753 1.1358364 1.1220698 0.8766017 1.2034830 1.1496156 1.1472254 1.3184061 0.8710883 1.1430944 1.0796079 1.2071049 1.1598532 1.0802478 1.2572491 1.0142254 1.2968539 0.7963939 1.1779747 1.2862055 1.2894804 1.3247759 1.0690456 1.3676492 1.1931767 1.2960695 1.2982138 0.9347024 1.1568536 1.3611946 1.7517730 1.2210188 1.0803155 1.1010170 1.1217132 0.0000000 0.0000010 0.1510479 0.1451604 0.1291169 0.1291169 0.1256116 1.1872142 1.1959137 1.1693046 1.7008894 1.1462139 1.4551797 1.3418316 1.4408201 1.2879080 1.7460944 2.6265042 1.9952150 1.5151326 2.2168038 2.2876670 2.1490522 2.1219352 2.0553503 1.6027716 1.7602862 2.3602238 2.4777263 2.2579213 2.2179367 2.0141037 2.3836314 2.9803770 3.3536254 
TrH2_TrispH2_002821-RA                                  1.1148441 1.0434748 0.6067973 1.2059845 1.1915683 1.7203110 0.7596192 0.8449753 1.1358364 1.1220698 0.8766017 1.2034830 1.1496156 1.1472254 1.3184061 0.8710883 1.1430944 1.0796079 1.2071049 1.1598532 1.0802478 1.2572491 1.0142254 1.2968539 0.7963939 1.1779747 1.2862055 1.2894804 1.3247759 1.0690456 1.3676492 1.1931767 1.2960695 1.2982138 0.9347024 1.1568536 1.3611946 1.7517730 1.2210188 1.0803155 1.1010170 1.1217132 0.0000010 0.0000000 0.1510479 0.1451604 0.1291169 0.1291169 0.1256116 1.1872142 1.1959137 1.1693046 1.7008894 1.1462139 1.4551797 1.3418316 1.4408201 1.2879080 1.7460944 2.6265042 1.9952150 1.5151326 2.2168038 2.2876670 2.1490522 2.1219352 2.0553503 1.6027716 1.7602862 2.3602238 2.4777263 2.2579213 2.2179367 2.0141037 2.3836314 2.9803770 3.3536254 
HoiH06_mRNA4527                                         1.1093463 1.0702568 0.6445061 1.2560222 1.2318779 1.7163737 0.7800755 0.8604733 1.1342778 1.1121299 0.8583496 1.2118936 1.1495271 1.1607310 1.3402027 0.8312829 1.1816708 1.1138560 1.2412745 1.2431255 1.0637460 1.2925185 1.0500316 1.2939628 0.8123784 1.2220216 1.2616250 1.2886301 1.3872356 1.1111794 1.3966034 1.2307587 1.3443583 1.3298062 0.9545342 1.1996450 1.4147712 1.8721985 1.2200053 1.0923450 1.1093121 1.1294141 0.1510479 0.1510479 0.0000000 0.0272958 0.0803113 0.0803113 0.1162869 1.1860909 1.1769967 1.1765360 1.7487981 1.1777714 1.4586112 1.3360681 1.4623682 1.3354824 1.8447787 2.7179050 2.0213362 1.5497580 2.2076683 2.2892902 2.1000188 2.0861488 2.0307905 1.5444931 1.7086503 2.2524565 2.5153563 2.2803692 2.2226269 2.1197807 2.4249299 3.0669314 3.3079081 
HoiH23_PlH23_003801-RA                                  1.1274612 1.0480894 0.6440367 1.2399790 1.2177739 1.6873029 0.7799482 0.8704082 1.1563822 1.1247715 0.8883604 1.2200771 1.1537776 1.1702716 1.3512648 0.8538274 1.1797170 1.1180270 1.2438808 1.2337695 1.0664938 1.2891762 1.0597531 1.2815648 0.8213893 1.2173111 1.2861167 1.3015681 1.3853586 1.1092794 1.3998758 1.2365509 1.3490122 1.3252911 0.9670515 1.2195787 1.4274994 1.8798896 1.2330274 1.1174049 1.1302831 1.1468213 0.1451604 0.1451604 0.0272958 0.0000000 0.0699979 0.0699979 0.1150565 1.1999746 1.1947111 1.1898818 1.7505402 1.1705670 1.4899643 1.3256534 1.4711349 1.3295838 1.8122339 2.7230981 2.0332144 1.5802645 2.2007546 2.2859672 2.0741004 2.0688997 2.0307222 1.5589406 1.7175577 2.2697772 2.5377741 2.2858308 2.2360903 2.1015303 2.4218185 2.9502519 3.3690460 
Hhon_g07603.t1                                          1.1660801 1.0933112 0.6377478 1.3004099 1.2732552 1.7524648 0.7885245 0.8572091 1.1448854 1.1442533 0.8948660 1.2446532 1.1613118 1.1722032 1.3931217 0.8529093 1.2257277 1.1786231 1.2799295 1.2465224 1.1139373 1.3238451 1.0780459 1.2985192 0.8353958 1.2325459 1.3217637 1.3319290 1.3716097 1.0899408 1.3988452 1.2217566 1.3465938 1.3377142 0.9839479 1.2247486 1.4189808 1.9132302 1.2647054 1.1426295 1.1460709 1.1598092 0.1291169 0.1291169 0.0803113 0.0699979 0.0000000 0.0000010 0.1257142 1.2398763 1.2329209 1.2203947 1.7977069 1.1857759 1.5443041 1.3518582 1.4778058 1.3770216 1.8585742 2.7832992 2.0707068 1.6094359 2.2822069 2.3538138 2.1152799 2.1278195 2.0543991 1.6105148 1.7301125 2.3451666 2.5229712 2.3534324 2.2927403 2.1219189 2.4104984 3.1049920 3.3191392 
HoiH04_mRNA12356                                        1.1660801 1.0933112 0.6377478 1.3004099 1.2732552 1.7524648 0.7885245 0.8572091 1.1448854 1.1442533 0.8948660 1.2446532 1.1613118 1.1722032 1.3931217 0.8529093 1.2257277 1.1786231 1.2799295 1.2465224 1.1139373 1.3238451 1.0780459 1.2985192 0.8353958 1.2325459 1.3217637 1.3319290 1.3716097 1.0899408 1.3988452 1.2217566 1.3465938 1.3377142 0.9839479 1.2247486 1.4189808 1.9132302 1.2647054 1.1426295 1.1460709 1.1598092 0.1291169 0.1291169 0.0803113 0.0699979 0.0000010 0.0000000 0.1257142 1.2398763 1.2329209 1.2203947 1.7977069 1.1857759 1.5443041 1.3518582 1.4778058 1.3770216 1.8585742 2.7832992 2.0707068 1.6094359 2.2822069 2.3538138 2.1152799 2.1278195 2.0543991 1.6105148 1.7301125 2.3451666 2.5229712 2.3534324 2.2927403 2.1219189 2.4104984 3.1049920 3.3191392 
