75
Hsap_ENST00000322535                                              0.0000000 0.9839599 1.0119001 0.4924959 0.3231161 0.9553802 1.1340841 1.0279806 0.9404652 1.1692040 1.2696638 0.9091716 0.9993135 0.9419245 1.2322832 1.2133616 1.1813370 1.2130513 0.6930987 0.6803053 0.5988459 0.5629913 1.3496580 1.2852858 1.2132199 1.3474538 1.3120929 1.3056418 1.3189152 1.2957722 0.9764079 0.7994247 0.5447886 1.0092994 0.7845054 1.0372945 1.0921962 1.1480982 1.6910971 1.1810483 0.7387518 1.8270207 1.3507093 1.0234072 0.5752956 1.5352477 1.1887566 1.8048137 2.3836072 1.5028752 1.4346642 1.2187820 1.1108296 1.3936937 1.1879197 1.3615873 1.2663542 1.9601576 2.3716710 1.3963562 1.6254244 1.7389515 1.5880066 1.4500019 2.0100061 1.6044557 1.9410638 1.9049181 1.9276607 1.4946440 1.7664835 1.8206275 2.1292123 1.7739632 1.5867537 
Bralan_BLAG04000568_1                                             0.9839599 0.0000000 0.9185159 0.4456397 0.2809366 0.8636258 0.9366868 0.9107557 0.8805538 0.9388114 0.9916225 0.7687921 0.8614128 0.8314562 1.0942510 1.0748417 1.0947990 1.1887189 0.6838350 0.6128263 0.5773467 0.5297331 1.3459424 1.1898323 1.1880877 1.2108495 1.2699681 1.2688037 0.9872407 1.0715640 0.9031242 0.6826595 0.4642401 0.7629927 0.6506995 0.9646484 0.8224736 0.9032931 1.6936933 1.1482441 0.6921376 1.7037446 1.3650739 0.9567185 0.5757235 1.5730354 1.0951756 1.7315664 2.1450807 1.2286411 1.1553095 0.9937694 0.8121784 1.1109476 1.1515837 1.2944102 1.1794991 1.6871392 1.9510737 1.2930963 1.5402140 1.6581114 1.5440174 1.3581961 2.0070344 1.5308541 1.6839364 1.7509556 1.8006576 1.4935127 1.8852147 1.5747525 1.9668521 1.9253893 1.3545968 
Skow_XM_006818638.1                                               1.0119001 0.9185159 0.0000000 0.5267561 0.2993658 0.9620542 1.0043292 0.9378847 0.9351696 0.8764866 1.1114915 0.7944036 0.9670501 0.8883600 1.1524293 1.1321012 1.2477565 1.1427149 0.6165905 0.4944045 0.6482195 0.5380659 1.2306071 1.1912151 1.1963890 1.2246609 1.2343945 1.2281279 1.0310284 1.2330586 1.0053495 0.7665096 0.4950461 0.8760264 0.7010396 0.9745479 0.8401782 0.8680237 1.6937129 1.1469366 0.7109823 1.8456196 1.3840427 0.9807366 0.5741849 1.5213229 1.1905430 1.8599286 2.3555764 1.2754364 1.2166780 1.1647454 0.8464727 1.2681836 1.1466907 1.4405318 1.2248074 2.0008720 2.0268170 1.4171436 1.6198258 1.7994576 1.5582561 1.4225560 2.0427308 1.7483881 1.8003066 1.8616164 1.9261625 1.5553059 1.8788895 1.7391579 2.0472801 1.9936783 1.3600990 
Dpul_mRNA2158                                                     0.4924959 0.4456397 0.5267561 0.0000000 0.3633453 0.4817245 0.4860232 0.5031437 0.4870927 0.4651010 0.4802651 0.3900290 0.5467234 0.5892774 0.5535938 0.7566724 0.5607874 0.7072773 0.6879032 0.6742823 0.6830362 0.5377581 0.5309942 0.5291426 0.5224042 0.5183556 0.5259967 0.5294212 0.4555027 0.6236079 0.5521281 0.5457369 0.5523018 0.5608044 0.7612546 0.4131550 0.5120363 0.5613477 1.0906097 0.7939970 0.6807123 0.6885438 0.7100795 0.6877020 0.3890436 0.7426520 0.7205671 0.5604970 0.4214467 0.6733447 0.6546780 0.5301863 0.5461928 0.5595598 0.6827935 0.6086600 0.5342174 1.2156415 1.2048747 0.9659091 0.9743687 1.0946417 0.9223498 0.9945787 1.0566213 0.9709852 1.1912193 1.2933810 1.2220495 1.0661966 0.9679699 1.0316537 1.1476056 1.4056175 0.5035838 
Adig_XM_015912195.1                                               0.3231161 0.2809366 0.2993658 0.3633453 0.0000000 0.1321704 0.1321704 0.1298358 0.1560175 0.1098303 0.2758957 0.4090905 0.3865222 0.4148049 0.4318735 0.3840035 0.3320895 0.3875786 0.3892875 0.3989035 0.5192605 0.4879971 0.4879971 0.4879971 0.4913548 0.4890121 0.4718026 0.4718026 0.2631399 0.5482892 0.5530571 0.4560630 0.3270025 0.4440532 0.3945054 0.3482401 0.3295277 0.2759222 0.7333901 0.4560380 0.4164075 0.4017077 0.4227255 0.4430262 0.6210129 0.4231419 0.4711226 0.3864527 0.5165058 0.5033379 0.5033379 0.3332099 0.4396590 0.3999283 0.5275285 0.4105365 0.4037825 0.8054669 0.7738008 0.6937505 0.7161830 0.7421492 0.7526737 0.7865587 0.6529233 0.7594513 0.9241826 0.8457611 0.9022206 0.8400937 0.8261719 0.8711798 0.9617546 0.6742540 0.2436273 
Spis_XP_022803505_1                                               0.9553802 0.8636258 0.9620542 0.4817245 0.1321704 0.0000000 0.0649673 0.1638118 0.1923607 0.2569220 0.6912587 0.8433731 0.7528230 0.7330128 0.7790522 0.8750053 0.7181234 1.1190875 0.5684091 0.5298104 0.5126240 0.4786236 0.9904428 0.9599983 1.0149704 1.0274015 1.0091491 1.0157115 0.7417758 1.1157265 0.9140108 0.6636948 0.5221956 0.7263771 0.6483089 0.9565342 0.9078622 0.9117441 1.5041041 1.1105431 0.7644756 1.5227006 1.3451724 1.0302193 0.6974621 1.5446621 1.0995599 1.4676017 1.5187459 1.1365205 1.0420519 0.5931181 0.9196939 0.7650878 0.6616541 0.9309545 0.9213617 1.7395940 1.8804914 1.2398548 1.4586903 1.5661077 1.3230286 1.2970159 1.6854478 1.4253875 1.5594617 1.5933067 1.7299791 1.2934580 1.7661310 1.5553036 1.5853797 1.8733477 1.3139702 
Pocdam_XM_027187446.1                                             1.1340841 0.9366868 1.0043292 0.4860232 0.1321704 0.0649673 0.0000000 0.2268742 0.2344042 0.3083736 0.8016664 0.8945335 0.7954827 0.7583212 0.9571819 0.9134091 0.8835580 1.1622407 0.5637171 0.5277047 0.5184108 0.4768294 1.1650869 1.1095369 1.1123801 1.1443645 1.1653888 1.1617795 0.8076094 1.1431840 0.9129137 0.6673666 0.5380538 0.7649836 0.6417776 1.0632802 1.0250905 0.9999730 1.4718824 1.0915389 0.7726316 1.9011170 1.3594852 1.0233114 0.7122439 1.6517467 1.0860628 1.9204155 1.9863605 1.2577965 1.1647164 0.6822070 1.0121355 0.8911392 0.9528504 1.1271121 1.2400065 1.8300913 1.9892554 1.2690732 1.6067283 1.7245955 1.4061134 1.2916139 1.8523124 1.5768361 1.7298635 1.6612138 1.7013695 1.3740899 1.9743397 1.6266882 1.9980496 1.9388347 1.5113152 
Fspp_ffun1.m4.21060.m1                                            1.0279806 0.9107557 0.9378847 0.5031437 0.1298358 0.1638118 0.2268742 0.0000000 0.1126755 0.2680017 0.7184826 0.8008246 0.6095081 0.5927846 0.8107087 0.7453987 0.7721164 0.9556438 0.5279584 0.5594465 0.5351406 0.4719578 1.0599395 1.0547422 0.9801550 1.0443886 1.0378677 1.0341167 0.7530190 1.0459117 0.7699605 0.5809162 0.5310770 0.6646693 0.6203225 0.9462892 1.0118230 0.9713540 1.2354248 0.9153318 0.7681827 1.6750334 1.0864636 0.8207345 0.5840806 1.4378311 0.8572770 1.6345977 1.6893419 1.1288576 1.0856746 0.6280605 0.9438273 0.7796075 0.8565966 1.0425974 1.0979459 1.7097007 1.9183263 1.1439299 1.4199812 1.5311508 1.1966896 1.0439805 1.7157186 1.4788794 1.5648609 1.5883905 1.5982569 1.2611235 1.7831130 1.3757769 1.9135542 1.6519216 1.3400928 
Gasp_gasp1.m3.7161.m1                                             0.9404652 0.8805538 0.9351696 0.4870927 0.1560175 0.1923607 0.2344042 0.1126755 0.0000000 0.2357983 0.6624694 0.8399114 0.6587669 0.6527553 0.7797244 0.8165204 0.7641409 1.0256090 0.5254520 0.5426744 0.5181206 0.4870826 1.0623837 1.0017014 1.0508643 1.0512808 1.0671086 1.0689005 0.7906369 1.0133690 0.8568919 0.6073976 0.5239659 0.7131458 0.6234240 0.9264347 0.9642131 0.9670158 1.4155531 1.0520230 0.7454143 1.5841195 1.2308468 0.9189079 0.5628978 1.5310552 1.0117059 1.4625455 1.4752059 1.1588157 1.0450216 0.6254811 0.9858964 0.7661695 0.7522081 0.9753315 0.9781565 1.6916963 2.0174498 1.2057597 1.4445760 1.5377289 1.2304338 1.1841271 1.7069721 1.5093800 1.6110663 1.5971306 1.7526882 1.3389430 1.8634017 1.4811249 1.6645187 1.7734357 1.3864429 
Amil_Amillepora16431-RA                                           1.1692040 0.9388114 0.8764866 0.4651010 0.1098303 0.2569220 0.3083736 0.2680017 0.2357983 0.0000000 0.7252627 0.9037369 0.7430289 0.7617639 0.8696627 0.8854673 0.8604188 1.1487609 0.5848385 0.5363049 0.5156120 0.4973977 1.1112021 1.1110757 1.1400929 1.1496334 1.1545913 1.1523203 0.7875003 1.1430156 0.8960288 0.6248935 0.5299251 0.7218554 0.6356263 1.1077880 0.9760474 1.0279385 1.3665552 1.0101172 0.7763865 1.8147167 1.2344795 0.9512326 0.6021190 1.5830005 1.0176997 1.8704808 2.2062297 1.2460900 1.1500760 0.6637300 1.0465688 0.8782208 0.7649378 1.0916034 1.0922117 1.8755718 2.0208933 1.3003121 1.5640413 1.6032567 1.3943322 1.2310657 1.8101010 1.4816798 1.6814315 1.5854755 1.6399583 1.3676873 1.8214087 1.5351458 2.0219130 1.9014576 1.4209884 
Xesp_012309-T1                                                    1.2696638 0.9916225 1.1114915 0.4802651 0.2758957 0.6912587 0.8016664 0.7184826 0.6624694 0.7252627 0.0000000 1.0069480 0.8224994 0.8217854 1.0466675 0.9679623 1.0984302 1.1241443 0.6919574 0.6081183 0.5686770 0.4975935 1.1024286 1.1322063 1.0252650 1.1276781 1.1026131 1.1027270 0.3301797 1.1832453 0.9923326 0.7334166 0.4857550 0.9483080 0.7291284 1.1375140 1.0989772 1.1429785 1.6872616 1.2018828 0.8732728 1.6520584 1.3439661 1.2007912 0.8436875 1.5496043 1.1393207 1.6904118 2.0746693 1.2927978 1.2567253 0.9149265 1.2254718 0.9398703 0.9453633 0.9978799 1.2689495 1.7233065 1.8863567 1.3009646 1.5005396 1.6060543 1.5393666 1.3391705 1.7908039 1.5982261 1.6814464 1.5789125 1.7094998 1.3986773 1.7055876 1.4931430 1.8682302 1.8906897 1.4632618 
Cscu_XM_023362733.1                                               0.9091716 0.7687921 0.7944036 0.3900290 0.4090905 0.8433731 0.8945335 0.8008246 0.8399114 0.9037369 1.0069480 0.0000000 0.9760858 0.9629321 1.0008522 1.1471587 0.9710669 1.0531601 0.6698171 0.6043008 0.5779082 0.5242317 1.0520948 0.9831410 1.0049060 1.0518875 1.0404956 1.0468182 0.8799021 1.0079112 0.9216894 0.7412737 0.5494702 0.8234453 0.6615434 0.9182280 0.7151313 0.7413749 1.6499136 1.1673429 0.7404072 1.4332338 1.2808197 1.0473935 0.6554183 1.3702036 1.2077902 1.4719784 1.9528701 1.0818089 1.0075730 0.8927683 0.8517362 1.0554173 1.0275063 0.9913791 1.1290808 1.7671323 1.9079900 1.3896590 1.5858510 1.6201067 1.4578069 1.3890977 1.7337051 1.4441134 1.7534759 1.6857870 1.8633928 1.5094404 1.6836259 1.6928952 1.6023097 1.6835545 1.2438989 
Aaur_scaffold187.g21.t2                                           0.9993135 0.8614128 0.9670501 0.5467234 0.3865222 0.7528230 0.7954827 0.6095081 0.6587669 0.7430289 0.8224994 0.9760858 0.0000000 0.2397966 0.3750900 0.3859395 0.5010114 0.8995990 0.6520266 0.5891413 0.5922730 0.5575863 0.9952155 0.9273210 0.9278306 0.9487660 0.9130790 0.9099524 0.7261808 0.9813064 0.8928288 0.7675236 0.4774625 0.9120326 0.6711793 1.1512579 0.8412007 0.8869455 1.7513138 1.2975271 0.9390729 1.5222025 1.2966008 1.1950867 0.8511138 1.5648457 1.2189894 1.4687553 1.9198906 1.1810107 1.0984122 0.8088561 0.9265837 0.8263455 0.6331686 0.7013416 0.9393052 1.5605890 1.5855129 1.3748095 1.4190635 1.5310982 1.5503209 1.3409015 1.6523713 1.5541107 1.5460353 1.6773031 1.7544270 1.4379133 1.5750810 1.5198771 1.7061508 1.6599152 1.1987214 
Rhoesc_Res_001794-T1                                              0.9419245 0.8314562 0.8883600 0.5892774 0.4148049 0.7330128 0.7583212 0.5927846 0.6527553 0.7617639 0.8217854 0.9629321 0.2397966 0.0000000 0.3464341 0.2451841 0.4849087 0.9914568 0.6713548 0.5690723 0.6009809 0.5519037 1.0473331 0.9551569 0.9567947 0.9653769 0.9845101 0.9897693 0.7366580 1.0493861 0.9763621 0.8050358 0.4243246 0.9396434 0.6659234 1.1256763 0.8281732 0.8723863 1.8723184 1.3247769 0.9031244 1.5295524 1.3761350 1.1644909 0.8172409 1.4877102 1.2342198 1.4106409 2.1566292 1.2312974 1.1448269 0.8378245 0.9176086 0.8473326 0.6646159 0.7115310 0.9683279 1.6395959 1.7294809 1.4816531 1.5200650 1.6384627 1.5302123 1.3920310 1.6464412 1.6167872 1.5415549 1.6331098 1.7163401 1.4914479 1.7339637 1.5021603 1.6892209 1.6562515 1.2640819 
Sanmal_Sma_027181-T1                                              1.2322832 1.0942510 1.1524293 0.5535938 0.4318735 0.7790522 0.9571819 0.8107087 0.7797244 0.8696627 1.0466675 1.0008522 0.3750900 0.3464341 0.0000000 0.4965988 0.6529767 0.9830688 0.6475082 0.5876695 0.6215470 0.5321031 1.1804401 1.1479541 1.0516457 1.1690297 1.1298494 1.1425698 0.9737640 1.1314085 0.9392884 0.7624571 0.4991590 0.9284280 0.6265698 1.1452930 1.0954639 1.1030486 1.7005527 1.2713087 0.8769422 1.6470668 1.3228489 1.1951976 0.8179924 1.5619793 1.1485446 1.7091211 2.5430331 1.3258368 1.2519873 1.0354595 1.1892569 0.9786795 0.8194161 0.8526486 1.2626849 1.8494125 1.9374386 1.5255762 1.7571654 1.6676479 1.6784276 1.4190700 1.9019505 1.8339051 1.8315766 1.8031468 1.8709026 1.6839420 2.0145949 1.7570351 1.7901311 1.6960883 1.4770562 
Nemnom_g6506.t1                                                   1.2133616 1.0748417 1.1321012 0.7566724 0.3840035 0.8750053 0.9134091 0.7453987 0.8165204 0.8854673 0.9679623 1.1471587 0.3859395 0.2451841 0.4965988 0.0000000 0.7027598 1.1241566 0.7948148 0.6173334 0.8036303 0.7574747 1.1444086 1.1018751 1.1205145 1.1259407 1.1038833 1.1096175 0.8959253 1.2084670 1.1086922 0.8980993 0.5751304 1.1225967 0.9041232 1.2744477 0.9909680 1.0157832 1.9250695 1.3747508 1.0296018 1.6012168 1.4747594 1.3229510 0.8275383 1.6382842 1.3005697 1.4079990 1.9603955 1.4244680 1.3144687 1.0009018 1.1245695 1.0073926 0.8754506 0.8799998 0.9794301 1.7430257 1.8428873 1.5453934 1.6028230 1.5975515 1.6451978 1.5866926 1.8624917 1.6850568 1.7162406 1.7070172 1.8456937 1.5780498 1.7735699 1.6979934 1.7500347 1.7289484 1.1766251 
Morvir_scaffold25.g69.t2                                          1.1813370 1.0947990 1.2477565 0.5607874 0.3320895 0.7181234 0.8835580 0.7721164 0.7641409 0.8604188 1.0984302 0.9710669 0.5010114 0.4849087 0.6529767 0.7027598 0.0000000 1.1394311 0.6620021 0.6335407 0.6085196 0.5440113 1.2259150 1.2003360 1.1056908 1.2456926 1.2150567 1.2197754 1.0584213 1.1781878 0.9731712 0.7927732 0.4234403 0.9200860 0.6394559 1.3315157 1.0928120 1.2191437 1.9028704 1.2887606 0.8448158 1.9402481 1.4393608 1.1779692 0.8563641 1.6973155 1.1855544 2.0647151 2.1396552 1.2889523 1.1864922 1.0187583 1.2326719 1.0296969 0.8620182 0.9966937 1.3515813 1.7106801 1.9731689 1.4179007 1.5972774 1.6860385 1.4930207 1.4237553 1.9878059 1.7454993 1.7537904 1.8443395 1.8254324 1.7124418 1.8706202 1.7437918 1.9529978 1.8652990 1.7179553 
Lcom_lcpid59713                                                   1.2130513 1.1887189 1.1427149 0.7072773 0.3875786 1.1190875 1.1622407 0.9556438 1.0256090 1.1487609 1.1241443 1.0531601 0.8995990 0.9914568 0.9830688 1.1241566 1.1394311 0.0000000 0.1786297 0.1940485 0.3726898 0.7203720 1.3457652 1.3166774 1.2423073 1.3051303 1.3048337 1.3026623 1.2159857 1.2383669 1.0968272 0.8472061 0.6739080 1.0912897 0.7314175 1.1560404 1.1502457 1.1301486 1.6931009 1.3068005 0.8261599 1.6020260 1.4868279 1.0969102 0.7224353 1.4775932 1.2820539 1.5838053 2.2331764 1.4510423 1.3485818 1.0957981 1.2638870 1.3477480 1.0893656 1.1526108 0.4841807 1.7688613 1.9466299 1.5227100 1.7302176 1.7745079 1.6618648 1.5693601 1.8562185 1.7491411 1.6859863 1.7982078 1.7246278 1.6694260 1.7479284 1.7199621 1.9435370 1.6734468 1.5587612 
Gracom_Gcom_scaffold18414_01                                      0.6930987 0.6838350 0.6165905 0.6879032 0.3892875 0.5684091 0.5637171 0.5279584 0.5254520 0.5848385 0.6919574 0.6698171 0.6520266 0.6713548 0.6475082 0.7948148 0.6620021 0.1786297 0.0000000 0.1687073 0.4011200 0.6927431 0.7709308 0.7798699 0.7391952 0.7464662 0.7473267 0.7473267 0.6879213 0.8023952 0.7225960 0.6482569 0.6278358 0.7296891 0.7989962 0.7215444 0.6516359 0.6104376 1.0524420 0.9627494 0.7842644 0.8510012 0.9104273 0.9057759 0.6950570 0.8981487 0.8949285 0.7238706 0.7225689 0.8442978 0.8127126 0.6112771 0.6526036 0.6996926 0.7446684 0.6424175 0.1759557 1.1831697 1.3286770 1.1663117 1.1554538 1.1786935 1.1567200 1.2212590 1.3056591 1.1750052 1.1814083 1.2543275 1.2065381 1.2475470 1.2088847 1.2760073 1.2909404 1.3338051 0.6868870 
Leuniv_Lniv_scaffold21339_01                                      0.6803053 0.6128263 0.4944045 0.6742823 0.3989035 0.5298104 0.5277047 0.5594465 0.5426744 0.5363049 0.6081183 0.6043008 0.5891413 0.5690723 0.5876695 0.6173334 0.6335407 0.1940485 0.1687073 0.0000000 0.4083742 0.6829025 0.6844872 0.7024502 0.6850630 0.6793653 0.6846928 0.6846928 0.5918988 0.7934550 0.7292204 0.6509429 0.6871146 0.6546405 0.7730579 0.6562712 0.5623401 0.6034092 0.9524428 0.8256128 0.6962303 0.7205042 0.7501485 0.7102108 0.6443014 0.7034766 0.7423824 0.6120029 0.5888153 0.8076370 0.7636859 0.5728163 0.6458657 0.6428446 0.7621062 0.6419506 0.1432608 1.0764309 1.1561860 1.0486093 0.9807294 1.0594427 1.0307000 1.1439953 1.0274767 1.0623599 1.0148752 1.1293823 1.0941449 1.0395149 1.1990617 1.1352192 1.1502356 1.0294351 0.6355905 
Clacor_Ccor_scaffold8628_01                                       0.5988459 0.5773467 0.6482195 0.6830362 0.5192605 0.5126240 0.5184108 0.5351406 0.5181206 0.5156120 0.5686770 0.5779082 0.5922730 0.6009809 0.6215470 0.8036303 0.6085196 0.3726898 0.4011200 0.4083742 0.0000000 0.6565170 0.6494384 0.6189088 0.6339487 0.6275729 0.6308103 0.6237693 0.5366555 0.7164655 0.6813023 0.6602670 0.7486306 0.7445745 0.8470349 0.6092409 0.6559849 0.6116630 1.4351904 1.0714744 0.8649519 0.8502537 0.8790192 0.9195325 0.6742065 0.9868759 0.9152501 0.6501451 0.5882882 0.6937731 0.6673276 0.5384564 0.5930168 0.6834725 0.7139465 0.6131892 0.2998628 1.2547428 1.3505491 1.1571270 1.1391901 1.3333927 1.1972935 1.3008232 1.1708441 1.1027247 1.1871964 1.3815937 1.3094929 1.1179677 1.2362328 1.2667128 1.3206709 1.6451466 0.5202664 
Tadh_TriadT20192                                                  0.5629913 0.5297331 0.5380659 0.5377581 0.4879971 0.4786236 0.4768294 0.4719578 0.4870826 0.4973977 0.4975935 0.5242317 0.5575863 0.5519037 0.5321031 0.7574747 0.5440113 0.7203720 0.6927431 0.6829025 0.6565170 0.0000000 0.0025575 0.0539493 0.0695173 0.0681319 0.0750275 0.0753889 0.4899642 0.5870615 0.5313939 0.4807819 0.5772832 0.6659888 0.6627140 0.6331333 0.5728490 0.5722505 1.1481055 0.8481168 0.7389015 0.7379190 0.7689150 0.7571115 0.4929210 0.7774063 0.7196419 0.5466847 0.4674675 0.6450224 0.6207454 0.4967470 0.5480248 0.4600965 0.6711380 0.6512011 0.5563653 1.0936397 1.1498808 0.9737539 0.8846342 1.1288607 0.9693282 1.0116232 1.1720044 1.0262939 1.2099936 1.2868817 1.1819476 1.1232651 1.0965895 1.1349900 1.1636471 1.4695076 0.5217772 
TrH2_TrispH2_004025-RA                                            1.3496580 1.3459424 1.2306071 0.5309942 0.4879971 0.9904428 1.1650869 1.0599395 1.0623837 1.1112021 1.1024286 1.0520948 0.9952155 1.0473331 1.1804401 1.1444086 1.2259150 1.3457652 0.7709308 0.6844872 0.6494384 0.0025575 0.0000000 0.2452968 0.2589358 0.2698960 0.2719571 0.2712013 1.0828352 1.1814635 0.9540153 0.7123068 0.5812346 1.0749316 0.7008145 1.3113985 1.3759076 1.3378339 1.7311031 1.2289009 0.7922131 1.8714209 1.3871610 1.1301497 0.6774269 1.6008213 1.1274854 2.0698836 2.1816274 1.2131262 1.1415415 1.1815497 1.2514207 1.1513658 1.2658643 1.3908043 1.5276442 1.8425801 1.9688810 1.4188982 1.4399773 1.6505511 1.4645314 1.3178605 1.9591355 1.6825852 1.8685159 1.6785825 1.6845736 1.5314925 1.9930158 1.7143724 2.1420859 1.9381434 1.4076588 
HoiH11_mRNA8950                                                   1.2852858 1.1898323 1.1912151 0.5291426 0.4879971 0.9599983 1.1095369 1.0547422 1.0017014 1.1110757 1.1322063 0.9831410 0.9273210 0.9551569 1.1479541 1.1018751 1.2003360 1.3166774 0.7798699 0.7024502 0.6189088 0.0539493 0.2452968 0.0000000 0.1813852 0.1878434 0.1781993 0.1811779 1.0822340 1.1017079 0.8957962 0.7138612 0.5678634 1.0294472 0.6479305 1.2008273 1.1999543 1.2081626 1.8015193 1.1996468 0.8134840 1.8796370 1.3301473 1.0454845 0.6621425 1.6102090 1.1170433 2.0767648 2.1667378 1.0813815 1.0286451 1.0318376 1.2032986 1.1041438 1.2455094 1.3289821 1.4779496 1.7934622 2.0197938 1.3616566 1.4341088 1.6092185 1.3783645 1.2790566 1.8615540 1.5593444 1.8454601 1.7293698 1.6684189 1.5627969 1.8664467 1.6876308 2.2168949 1.9499143 1.4130384 
HoiH06_mRNA4893                                                   1.2132199 1.1880877 1.1963890 0.5224042 0.4913548 1.0149704 1.1123801 0.9801550 1.0508643 1.1400929 1.0252650 1.0049060 0.9278306 0.9567947 1.0516457 1.1205145 1.1056908 1.2423073 0.7391952 0.6850630 0.6339487 0.0695173 0.2589358 0.1813852 0.0000000 0.0492718 0.1124890 0.1175603 1.0673809 1.1132873 0.8939709 0.7387826 0.5551273 0.9664819 0.6438754 1.1981351 1.2113007 1.2943466 1.7850660 1.2589974 0.7777746 1.6811058 1.3836430 1.0761657 0.6658852 1.5834106 1.1745933 1.8018732 2.0734358 1.1766390 1.0725559 1.0845523 1.2064075 1.1086508 1.0763184 1.2383932 1.4178682 1.8096639 2.0692799 1.4306197 1.4680571 1.4676764 1.3840713 1.3717348 1.8125688 1.6096841 1.8164695 1.7193367 1.7641203 1.5474085 1.9225178 1.7946785 1.9391992 1.9341759 1.4625631 
HoiH23_PlH23_004585-RA                                            1.3474538 1.2108495 1.2246609 0.5183556 0.4890121 1.0274015 1.1443645 1.0443886 1.0512808 1.1496334 1.1276781 1.0518875 0.9487660 0.9653769 1.1690297 1.1259407 1.2456926 1.3051303 0.7464662 0.6793653 0.6275729 0.0681319 0.2698960 0.1878434 0.0492718 0.0000000 0.1135959 0.1121308 1.0679516 1.1611038 0.9317543 0.7589006 0.5551273 1.0318993 0.6524603 1.2843860 1.2600950 1.3215792 1.8176962 1.2805798 0.7895897 1.8690614 1.3737036 1.0744505 0.6620995 1.5939373 1.1928084 2.0254102 2.4095535 1.1616847 1.0754476 1.1137809 1.2547035 1.1259991 1.2363395 1.3463872 1.5483867 1.8300880 2.0240727 1.4446609 1.4681928 1.6061386 1.4829780 1.3743308 1.8645015 1.5844436 1.8030010 1.7144726 1.7088098 1.5631926 1.9317318 1.7246665 2.1707402 1.9385673 1.5137032 
Hhon_g03987.t1                                                    1.3120929 1.2699681 1.2343945 0.5259967 0.4718026 1.0091491 1.1653888 1.0378677 1.0671086 1.1545913 1.1026131 1.0404956 0.9130790 0.9845101 1.1298494 1.1038833 1.2150567 1.3048337 0.7473267 0.6846928 0.6308103 0.0750275 0.2719571 0.1781993 0.1124890 0.1135959 0.0000000 0.0075559 1.0690096 1.1859565 0.9721318 0.7624710 0.5608233 1.0128380 0.6670717 1.2473145 1.2501720 1.3182307 1.7880766 1.2769000 0.7998420 1.8851958 1.4061684 1.1162735 0.6692000 1.6341797 1.2168785 2.0040957 2.3165317 1.1282184 1.0598006 1.1135397 1.2853638 1.1188118 1.2527277 1.3418728 1.5366493 1.8275277 2.0397206 1.4487928 1.4695738 1.6445669 1.4694800 1.3996735 1.8702038 1.6270641 1.7950166 1.7052909 1.7459535 1.6001196 1.9514586 1.7509027 2.3008857 1.9219877 1.4928388 
HoiH04_mRNA568                                                    1.3056418 1.2688037 1.2281279 0.5294212 0.4718026 1.0157115 1.1617795 1.0341167 1.0689005 1.1523203 1.1027270 1.0468182 0.9099524 0.9897693 1.1425698 1.1096175 1.2197754 1.3026623 0.7473267 0.6846928 0.6237693 0.0753889 0.2712013 0.1811779 0.1175603 0.1121308 0.0075559 0.0000000 1.0664653 1.1804990 0.9741486 0.7664437 0.5608233 1.0197679 0.6670717 1.2292481 1.2529404 1.3263775 1.7950103 1.2776450 0.8050748 1.8755634 1.4122392 1.1151618 0.6692000 1.6320317 1.2176550 1.9950784 2.3274413 1.1290438 1.0663949 1.1272756 1.2843035 1.1225207 1.2604771 1.3440224 1.5301113 1.8435615 2.0549824 1.4423764 1.4769005 1.6574340 1.4655305 1.3979985 1.8647071 1.6196189 1.7848557 1.7162003 1.7415744 1.5879907 1.9277357 1.7475388 2.2887850 1.9204230 1.4877063 
Dgig_XM_028553874.1                                               1.3189152 0.9872407 1.0310284 0.4555027 0.2631399 0.7417758 0.8076094 0.7530190 0.7906369 0.7875003 0.3301797 0.8799021 0.7261808 0.7366580 0.9737640 0.8959253 1.0584213 1.2159857 0.6879213 0.5918988 0.5366555 0.4899642 1.0828352 1.0822340 1.0673809 1.0679516 1.0690096 1.0664653 0.0000000 1.2446656 0.9568180 0.6979271 0.4443992 0.8667466 0.6488608 1.0842557 1.1635451 1.1707603 1.6308429 1.1858542 0.8007556 1.8231333 1.3667812 1.0961315 0.7959795 1.6268577 1.0358963 1.8944685 2.0738466 1.2752634 1.1875234 0.8668855 1.1316376 1.0195467 1.0711834 1.1521881 1.4761510 1.7459696 2.1024183 1.4065636 1.5093932 1.6143005 1.5096471 1.3823993 1.9137925 1.6638837 1.7090545 1.6384191 1.6810245 1.3891499 1.8885495 1.5725161 2.1799630 1.8403170 1.3750241 
Emue_Em0008g628a.t1                                               1.2957722 1.0715640 1.2330586 0.6236079 0.5482892 1.1157265 1.1431840 1.0459117 1.0133690 1.1430156 1.1832453 1.0079112 0.9813064 1.0493861 1.1314085 1.2084670 1.1781878 1.2383669 0.8023952 0.7934550 0.7164655 0.5870615 1.1814635 1.1017079 1.1132873 1.1611038 1.1859565 1.1804990 1.2446656 0.0000000 0.1950150 0.4539570 0.5523835 1.0552096 0.6296486 1.1044862 1.1059620 1.1992303 1.8039365 1.3199926 0.8335955 1.8114833 1.5661111 1.1378460 0.5720203 1.6011867 1.2525879 1.6942972 1.8632045 1.3606506 1.2801568 1.1845132 1.1822248 1.2046743 1.3156849 1.4584009 1.2353721 1.8460356 1.9564220 1.4813857 1.6545741 1.6523651 1.6555695 1.4447469 1.8511636 1.6352623 1.7783352 1.7597502 1.6284703 1.6230939 1.7773226 1.7244765 2.2713739 1.7883149 1.3980438 
Spolac_c104030_g2_i3_m.37740c104030-g2                            0.9764079 0.9031242 1.0053495 0.5521281 0.5530571 0.9140108 0.9129137 0.7699605 0.8568919 0.8960288 0.9923326 0.9216894 0.8928288 0.9763621 0.9392884 1.1086922 0.9731712 1.0968272 0.7225960 0.7292204 0.6813023 0.5313939 0.9540153 0.8957962 0.8939709 0.9317543 0.9721318 0.9741486 0.9568180 0.1950150 0.0000000 0.4125889 0.3959598 0.9323410 0.5212351 1.0718451 0.8426527 0.9389034 1.6878624 1.2300765 0.7242404 1.3501664 1.2801070 0.9901793 0.5518509 1.4087031 1.1439716 1.2441574 1.5845891 1.1801451 1.0909037 0.8832282 0.9518155 0.9511051 1.0490371 1.1206366 1.1022157 1.6187006 1.6726662 1.4038595 1.3606790 1.4856739 1.4240092 1.3349443 1.5522786 1.4606543 1.5537006 1.6398219 1.5674988 1.4836472 1.5309520 1.5480679 1.6702366 1.5236724 1.1855716 
Tetwil_g24603.t1                                                  0.7994247 0.6826595 0.7665096 0.5457369 0.4560630 0.6636948 0.6673666 0.5809162 0.6073976 0.6248935 0.7334166 0.7412737 0.7675236 0.8050358 0.7624571 0.8980993 0.7927732 0.8472061 0.6482569 0.6509429 0.6602670 0.4807819 0.7123068 0.7138612 0.7387826 0.7589006 0.7624710 0.7664437 0.6979271 0.4539570 0.4125889 0.0000000 0.2655258 0.6999871 0.5044119 0.8320312 0.7120436 0.7299404 1.4802553 1.1450556 0.8345202 1.1282759 1.1131524 1.1348417 0.5892484 1.2245808 1.1337838 1.0122341 1.2041255 0.8789998 0.8451083 0.6552333 0.7705775 0.7640844 0.9362133 0.8757183 0.8283892 1.3373709 1.4944683 1.2389711 1.3071980 1.4802980 1.2457584 1.2281869 1.4494988 1.2927996 1.5106170 1.6562280 1.5856268 1.6129289 1.4949997 1.3065870 1.4690682 1.5555223 0.8759149 
Stycar_augustus_masked-SC_scaffold22384-processed-gene-0.1-mRNA-1 0.5447886 0.4642401 0.4950461 0.5523018 0.3270025 0.5221956 0.5380538 0.5310770 0.5239659 0.5299251 0.4857550 0.5494702 0.4774625 0.4243246 0.4991590 0.5751304 0.4234403 0.6739080 0.6278358 0.6871146 0.7486306 0.5772832 0.5812346 0.5678634 0.5551273 0.5551273 0.5608233 0.5608233 0.4443992 0.5523835 0.3959598 0.2655258 0.0000000 0.5102575 0.4955290 0.5560628 0.4978012 0.6014501 1.0656656 0.8473212 0.6565291 0.6425513 0.6605563 0.6608028 0.0000010 0.5927396 0.6328736 0.6504189 1.1929200 0.6351261 0.6351261 0.5417166 0.6250039 0.5399874 0.4806884 0.5688889 0.6771455 1.0732621 1.1038645 1.0579894 0.9276477 0.9819023 1.1535610 1.0533569 1.2639945 0.9744081 1.2950557 1.2658629 1.3653192 1.0963405 1.0490871 1.0994289 1.6126993 0.5750502 0.4823821 
Ctel_gnl_WGS_AMQN_CAPTEDRAFT_mRNA151106                           1.0092994 0.7629927 0.8760264 0.5608044 0.4440532 0.7263771 0.7649836 0.6646693 0.7131458 0.7218554 0.9483080 0.8234453 0.9120326 0.9396434 0.9284280 1.1225967 0.9200860 1.0912897 0.7296891 0.6546405 0.7445745 0.6659888 1.0749316 1.0294472 0.9664819 1.0318993 1.0128380 1.0197679 0.8667466 1.0552096 0.9323410 0.6999871 0.5102575 0.0000000 0.7804585 0.9444332 0.6692316 0.6693547 1.7406436 1.2647797 0.9087022 1.4193224 1.3539553 1.1674608 0.7831515 1.3897196 1.2715354 1.4525893 1.9209192 1.2356533 1.1346322 0.8668737 0.8347193 0.9604682 1.0110124 0.9550135 1.0783533 1.8001482 1.8777489 1.2663517 1.5267590 1.5648130 1.5584896 1.4863320 1.6905185 1.5588275 1.7582554 1.7168568 1.8351272 1.3370311 1.7079225 1.7366391 1.7143382 1.7833709 1.2374250 
Plespi_Pspi_scaffold3584_01                                       0.7845054 0.6506995 0.7010396 0.7612546 0.3945054 0.6483089 0.6417776 0.6203225 0.6234240 0.6356263 0.7291284 0.6615434 0.6711793 0.6659234 0.6265698 0.9041232 0.6394559 0.7314175 0.7989962 0.7730579 0.8470349 0.6627140 0.7008145 0.6479305 0.6438754 0.6524603 0.6670717 0.6670717 0.6488608 0.6296486 0.5212351 0.5044119 0.4955290 0.7804585 0.0000000 0.7760365 0.6564282 0.8048023 1.5650603 1.2982447 1.0905932 0.9548810 1.1063152 0.9931907 9.0000000 1.0553611 1.0473704 1.0323599 4.3233011 0.7848591 0.7848591 0.6121782 0.7895366 0.6545161 0.8016806 0.7141615 0.7833404 1.5908979 1.5762792 1.6521577 1.4938010 1.4681105 1.5839991 1.4765502 1.6516738 1.4163431 1.5594892 1.6014260 1.6366779 1.7331391 1.4361183 1.6240006 2.0010208 1.9085163 0.8295953 
Tcas_TC008829_001                                                 1.0372945 0.9646484 0.9745479 0.4131550 0.3482401 0.9565342 1.0632802 0.9462892 0.9264347 1.1077880 1.1375140 0.9182280 1.1512579 1.1256763 1.1452930 1.2744477 1.3315157 1.1560404 0.7215444 0.6562712 0.6092409 0.6331333 1.3113985 1.2008273 1.1981351 1.2843860 1.2473145 1.2292481 1.0842557 1.1044862 1.0718451 0.8320312 0.5560628 0.9444332 0.7760365 0.0000000 0.9586832 0.9682606 1.6247316 1.1596186 0.6958638 1.4290310 1.1689231 1.0214599 0.5211440 1.4029928 1.0975880 1.4483439 2.2846607 1.2737994 1.1559415 1.1059426 1.0155481 1.1933107 1.1607889 1.2792198 1.2661766 1.8023812 1.9690737 1.3273093 1.7680277 1.7318926 1.5989355 1.4896980 1.7609342 1.6358303 1.8202917 1.8942896 1.9557443 1.7070550 1.6606493 1.8557183 1.9548862 1.8904738 1.5153272 
Cgig_XM_011417218.3                                               1.0921962 0.8224736 0.8401782 0.5120363 0.3295277 0.9078622 1.0250905 1.0118230 0.9642131 0.9760474 1.0989772 0.7151313 0.8412007 0.8281732 1.0954639 0.9909680 1.0928120 1.1502457 0.6516359 0.5623401 0.6559849 0.5728490 1.3759076 1.1999543 1.2113007 1.2600950 1.2501720 1.2529404 1.1635451 1.1059620 0.8426527 0.7120436 0.4978012 0.6692316 0.6564282 0.9586832 0.0000000 0.7157188 1.4985350 1.0259329 0.6849471 1.6935289 1.3229078 0.9089663 0.6029635 1.5142588 1.0344931 1.7106095 2.1565809 1.3175547 1.2465594 1.0572158 0.9880283 1.1695344 1.1317318 1.3395941 1.2276181 1.7462534 2.0935367 1.2780118 1.5894716 1.6021717 1.4055223 1.2550676 1.9554112 1.6204162 1.7755128 1.8638394 1.9491886 1.4755517 1.8949854 1.7769211 2.0857578 1.7821551 1.5503027 
Acagra_model.g17877.t1                                            1.1480982 0.9032931 0.8680237 0.5613477 0.2759222 0.9117441 0.9999730 0.9713540 0.9670158 1.0279385 1.1429785 0.7413749 0.8869455 0.8723863 1.1030486 1.0157832 1.2191437 1.1301486 0.6104376 0.6034092 0.6116630 0.5722505 1.3378339 1.2081626 1.2943466 1.3215792 1.3182307 1.3263775 1.1707603 1.1992303 0.9389034 0.7299404 0.6014501 0.6693547 0.8048023 0.9682606 0.7157188 0.0000000 1.5973733 1.1291959 0.7634533 1.8103565 1.3641927 1.0239074 0.6428198 1.6207792 1.1108412 1.6325014 2.2244982 1.2702043 1.1744995 1.0135703 0.8968071 1.1248993 1.1476122 1.2069450 1.2254099 1.7940522 2.0606732 1.3956804 1.6253265 1.7071781 1.5218771 1.3553342 1.9814540 1.6515655 1.8349621 1.7619475 1.8185819 1.6044226 1.9689806 1.6901107 2.0823576 2.0906680 1.5082856 
Pbac_sb2641410                                                    1.6910971 1.6936933 1.6937129 1.0906097 0.7333901 1.5041041 1.4718824 1.2354248 1.4155531 1.3665552 1.6872616 1.6499136 1.7513138 1.8723184 1.7005527 1.9250695 1.9028704 1.6931009 1.0524420 0.9524428 1.4351904 1.1481055 1.7311031 1.8015193 1.7850660 1.8176962 1.7880766 1.7950103 1.6308429 1.8039365 1.6878624 1.4802553 1.0656656 1.7406436 1.5650603 1.6247316 1.4985350 1.5973733 0.0000000 0.0478973 0.3808357 0.4848491 0.5099942 0.5217573 0.2289260 0.5374747 0.6415885 0.5007360 0.6666070 2.2576622 2.0348532 1.5179062 1.7407900 1.6054867 1.6388924 1.7358063 1.4704878 2.5153843 2.5796516 1.8667072 2.0992352 1.9220855 2.3411769 2.0823411 2.1867679 1.8986892 2.2907322 2.0538707 2.2053264 1.9225914 2.1452445 2.1224699 2.1725988 2.5894659 1.4074885 
Horcal_Hcv1.av93.c10.g130.i1                                      1.1810483 1.1482441 1.1469366 0.7939970 0.4560380 1.1105431 1.0915389 0.9153318 1.0520230 1.0101172 1.2018828 1.1673429 1.2975271 1.3247769 1.2713087 1.3747508 1.2887606 1.3068005 0.9627494 0.8256128 1.0714744 0.8481168 1.2289009 1.1996468 1.2589974 1.2805798 1.2769000 1.2776450 1.1858542 1.3199926 1.2300765 1.1450556 0.8473212 1.2647797 1.2982447 1.1596186 1.0259329 1.1291959 0.0478973 0.0000000 0.2718948 0.3629842 0.3803866 0.4381770 0.2327873 0.3861373 0.5621902 0.3562609 0.5701859 1.5155320 1.3905274 1.1616663 1.2142395 1.2104851 1.2595219 1.2779564 1.0600540 1.8258567 1.8520201 1.5334600 1.5366455 1.4587430 1.7221605 1.7178293 1.7159195 1.3000224 1.7586340 1.5986333 1.6925664 1.5846772 1.6475079 1.6842122 1.7198402 1.8654269 0.9172635 
Bolinf_Binf_sb1263560                                             0.7387518 0.6921376 0.7109823 0.6807123 0.4164075 0.7644756 0.7726316 0.7681827 0.7454143 0.7763865 0.8732728 0.7404072 0.9390729 0.9031244 0.8769422 1.0296018 0.8448158 0.8261599 0.7842644 0.6962303 0.8649519 0.7389015 0.7922131 0.8134840 0.7777746 0.7895897 0.7998420 0.8050748 0.8007556 0.8335955 0.7242404 0.8345202 0.6565291 0.9087022 1.0905932 0.6958638 0.6849471 0.7634533 0.3808357 0.2718948 0.0000000 0.0747586 0.0878809 0.2551361 0.2161330 0.1865473 0.2681256 0.0443068 0.1706819 0.8916022 0.8470398 0.8162490 0.7411664 0.8584711 0.8968545 0.8978476 0.5905101 1.1799428 1.2286577 1.1183280 1.0231159 1.1437814 1.1876546 1.2504064 1.1800935 0.9899380 1.2250336 1.2684150 1.1964627 1.1639896 1.1422510 1.0968410 1.2271087 1.2283004 0.5869668 
Mertsp_Mesp_sb591158                                              1.8270207 1.7037446 1.8456196 0.6885438 0.4017077 1.5227006 1.9011170 1.6750334 1.5841195 1.8147167 1.6520584 1.4332338 1.5222025 1.5295524 1.6470668 1.6012168 1.9402481 1.6020260 0.8510012 0.7205042 0.8502537 0.7379190 1.8714209 1.8796370 1.6811058 1.8690614 1.8851958 1.8755634 1.8231333 1.8114833 1.3501664 1.1282759 0.6425513 1.4193224 0.9548810 1.4290310 1.6935289 1.8103565 0.4848491 0.3629842 0.0747586 0.0000000 0.2730425 0.3637009 0.2841009 0.4309260 0.3363571 0.6014585 1.1423822 1.7370772 1.6009380 1.7771751 1.7661422 1.8073071 1.7030352 1.8678337 1.6199943 2.1853945 2.5283710 1.5141718 1.9315947 1.8387904 2.0606569 1.7360181 2.4491584 1.9136768 2.3199403 2.0103061 2.1799789 1.7942575 2.4438176 2.1286144 2.6090832 1.9369821 1.8684280 
Beraby_Baby_sb349482                                              1.3507093 1.3650739 1.3840427 0.7100795 0.4227255 1.3451724 1.3594852 1.0864636 1.2308468 1.2344795 1.3439661 1.2808197 1.2966008 1.3761350 1.3228489 1.4747594 1.4393608 1.4868279 0.9104273 0.7501485 0.8790192 0.7689150 1.3871610 1.3301473 1.3836430 1.3737036 1.4061684 1.4122392 1.3667812 1.5661111 1.2801070 1.1131524 0.6605563 1.3539553 1.1063152 1.1689231 1.3229078 1.3641927 0.5099942 0.3803866 0.0878809 0.2730425 0.0000000 0.3344359 0.1993565 0.3978093 0.3587988 0.3785745 0.8050081 1.4471207 1.3253207 1.2283775 1.3746903 1.4415499 1.3228123 1.5302156 1.1879145 1.7950664 1.9578975 1.5361808 1.6482356 1.6097791 1.8303280 1.6753392 1.7879949 1.5803371 1.9018329 1.8024613 1.8439474 1.5162842 1.8951948 1.7413074 2.0684573 1.7406395 1.3497671 
Coeast_Cast_sb794076                                              1.0234072 0.9567185 0.9807366 0.6877020 0.4430262 1.0302193 1.0233114 0.8207345 0.9189079 0.9512326 1.2007912 1.0473935 1.1950867 1.1644909 1.1951976 1.3229510 1.1779692 1.0969102 0.9057759 0.7102108 0.9195325 0.7571115 1.1301497 1.0454845 1.0761657 1.0744505 1.1162735 1.1151618 1.0961315 1.1378460 0.9901793 1.1348417 0.6608028 1.1674608 0.9931907 1.0214599 0.9089663 1.0239074 0.5217573 0.4381770 0.2551361 0.3637009 0.3344359 0.0000000 0.0267647 0.3610242 0.4507939 0.3519566 0.6344667 1.2032136 1.0939043 1.0558317 1.0840546 1.0806434 1.2624954 1.2009083 1.0439773 1.5072592 1.6927441 1.4439446 1.3876089 1.4432175 1.6918265 1.5928086 1.4558524 1.2401076 1.5629607 1.4905158 1.5647501 1.4803438 1.5024970 1.5054855 1.4850797 1.6703857 0.9648509 
Coemet_Cmet_scaffold18262_01                                      0.5752956 0.5757235 0.5741849 0.3890436 0.6210129 0.6974621 0.7122439 0.5840806 0.5628978 0.6021190 0.8436875 0.6554183 0.8511138 0.8172409 0.8179924 0.8275383 0.8563641 0.7224353 0.6950570 0.6443014 0.6742065 0.4929210 0.6774269 0.6621425 0.6658852 0.6620995 0.6692000 0.6692000 0.7959795 0.5720203 0.5518509 0.5892484 0.0000010 0.7831515 9.0000000 0.5211440 0.6029635 0.6428198 0.2289260 0.2327873 0.2161330 0.2841009 0.1993565 0.0267647 0.0000000 0.2207216 0.2176106 0.2338224 0.2789149 1.0693960 0.8809428 0.6934563 0.5986938 0.7718804 1.1644809 1.0599127 0.6650594 0.7396165 0.8082425 0.7468752 0.7627025 0.9347052 0.8928530 0.7333223 0.9768863 0.6560407 0.8358594 1.0679628 1.0117373 0.8521157 0.7615069 0.8131230 0.7850485 0.7058529 0.8322729 
Drygla_Dgla_sb294364                                              1.5352477 1.5730354 1.5213229 0.7426520 0.4231419 1.5446621 1.6517467 1.4378311 1.5310552 1.5830005 1.5496043 1.3702036 1.5648457 1.4877102 1.5619793 1.6382842 1.6973155 1.4775932 0.8981487 0.7034766 0.9868759 0.7774063 1.6008213 1.6102090 1.5834106 1.5939373 1.6341797 1.6320317 1.6268577 1.6011867 1.4087031 1.2245808 0.5927396 1.3897196 1.0553611 1.4029928 1.5142588 1.6207792 0.5374747 0.3861373 0.1865473 0.4309260 0.3978093 0.3610242 0.2207216 0.0000000 0.4180092 0.6491570 1.0579337 1.8545431 1.6613348 1.6093395 1.6937864 1.6267153 1.4231528 1.6921537 1.3418427 2.0234221 2.2131331 1.4799322 1.7781055 1.6325712 1.9785897 1.7811557 2.0574737 1.7094137 2.1421208 1.9819789 1.9805151 1.6211356 2.0489051 1.9218473 2.0544124 2.0125386 1.5058441 
Eupdun_Edun_sb10667595                                            1.1887566 1.0951756 1.1905430 0.7205671 0.4711226 1.0995599 1.0860628 0.8572770 1.0117059 1.0176997 1.1393207 1.2077902 1.2189894 1.2342198 1.1485446 1.3005697 1.1855544 1.2820539 0.8949285 0.7423824 0.9152501 0.7196419 1.1274854 1.1170433 1.1745933 1.1928084 1.2168785 1.2176550 1.0358963 1.2525879 1.1439716 1.1337838 0.6328736 1.2715354 1.0473704 1.0975880 1.0344931 1.1108412 0.6415885 0.5621902 0.2681256 0.3363571 0.3587988 0.4507939 0.2176106 0.4180092 0.0000000 0.4410575 0.5862117 1.2905803 1.1793628 1.0049467 1.0790670 1.1836765 1.3030984 1.1721334 1.1435656 1.5901536 1.7116156 1.5701400 1.5576701 1.4505258 1.7456719 1.6206104 1.7624991 1.4345724 1.6722308 1.5769648 1.5740049 1.5382693 1.6141497 1.6403138 1.7325726 1.7837478 0.8537390 
Vmul_sbMO457099                                                   1.8048137 1.7315664 1.8599286 0.5604970 0.3864527 1.4676017 1.9204155 1.6345977 1.4625455 1.8704808 1.6904118 1.4719784 1.4687553 1.4106409 1.7091211 1.4079990 2.0647151 1.5838053 0.7238706 0.6120029 0.6501451 0.5466847 2.0698836 2.0767648 1.8018732 2.0254102 2.0040957 1.9950784 1.8944685 1.6942972 1.2441574 1.0122341 0.6504189 1.4525893 1.0323599 1.4483439 1.7106095 1.6325014 0.5007360 0.3562609 0.0443068 0.6014585 0.3785745 0.3519566 0.2338224 0.6491570 0.4410575 0.0000000 1.2402640 1.9023622 1.7280603 1.7887068 1.8588128 2.0317811 1.9019827 2.0232664 1.6055590 1.8188189 2.4530350 1.2540017 1.8047986 1.7266774 1.7025942 1.3872797 2.1775999 1.7645816 2.2563754 1.9553935 2.0240876 1.4443108 2.1379227 2.1095071 2.4288456 1.3131612 1.7988592 
