75
Hsap_ENST00000354216                                0.0000000 0.6125435 0.6461299 0.5329494 0.7226137 0.7080871 0.6892665 0.7079540 0.7680659 0.7669509 0.8209935 0.8096060 0.7215363 0.5727570 0.6873502 0.7743755 0.9483878 0.7158976 0.7360642 0.8640663 0.8123609 0.6759781 0.7728088 0.7635722 0.7964653 0.7964653 0.7314012 0.8675035 0.9583307 0.8624651 0.8350095 0.8843467 0.8872903 1.1936515 0.8878907 0.7949723 0.9030617 0.8675512 0.7146874 0.8643298 0.9042983 0.9820031 0.7971908 0.8773442 1.0181666 0.8996804 1.0923334 1.2464181 1.0849227 1.3113264 1.1039618 1.1088260 1.0930021 1.1042445 1.0857866 0.9583803 1.1347367 0.8854916 0.9723902 0.9844003 1.3021843 1.1622958 0.8762113 1.3155642 1.2883742 1.4510831 1.5177750 1.5746922 1.8386623 2.2781084 1.6018401 1.6272950 1.6122408 1.4903243 2.1245798 
Bralan_BLAG02002032_1                               0.6125435 0.0000000 0.6453891 0.3976501 0.5814871 0.6452522 0.5848484 0.6745225 0.6027429 0.6060799 0.6444467 0.6155109 0.6192104 0.4853136 0.5718614 0.6283371 0.7942574 0.7537042 0.7542284 0.7986251 0.7694446 0.6565673 0.7409995 0.7211853 0.7151717 0.7151717 0.7123285 0.8764816 0.7799272 0.7272559 0.7089355 0.7525109 0.7460850 1.0292091 0.8440433 0.7615406 0.8889975 0.9203263 0.7489132 0.8478578 0.8449591 0.8768565 0.8732397 0.8714956 0.9260620 0.8534768 1.1433690 1.2005618 1.1270198 1.1880041 1.0952000 1.1236291 1.1048328 1.1130488 1.1348233 0.9525405 1.2990866 0.8640983 0.9836747 0.9753520 1.1544903 1.3145570 0.7706602 1.3463777 1.3505129 1.5336541 1.4092918 1.4783552 1.6894320 2.3063408 1.5773052 1.6784881 1.5042426 1.5844028 2.1142894 
Spur_XM_030983429.1                                 0.6461299 0.6453891 0.0000000 0.3414865 0.5696543 0.5940949 0.5684956 0.5678259 0.6621997 0.6633990 0.6983751 0.6756196 0.6976880 0.6363477 0.6971353 0.6923743 0.8420187 0.6815135 0.7310731 0.7357238 0.7112236 0.6471146 0.7054056 0.7017235 0.7083347 0.7083347 0.6732074 0.8646200 0.8617790 0.7929953 0.7992391 0.8087043 0.7988732 1.2961758 0.7545743 0.7539121 0.7488709 0.7785754 0.7424858 0.7845761 0.7223411 0.8671032 0.6283172 0.7791181 0.8073639 0.7612416 1.1977407 1.3458127 1.1791917 1.2978260 1.1237868 1.1627779 1.1357352 1.1345966 1.1717575 1.1067756 1.1627785 0.9190956 0.8173151 0.9380519 1.1738979 1.1102704 0.8718135 1.3303851 1.3180493 1.3702164 1.3954049 1.4922459 1.8359304 2.4965051 1.6129828 1.6529238 1.5908746 1.5000820 2.1989172 
Skow_XM_006811910.1                                 0.5329494 0.3976501 0.3414865 0.0000000 0.4193658 0.4705783 0.4905109 0.5009721 0.4731715 0.5417717 0.5491945 0.5182557 0.5423331 0.5511373 0.5622103 0.4666596 0.6371771 0.5968763 0.5932192 0.6350529 0.5406750 0.5926261 0.5428479 0.5356565 0.5573402 0.5573402 0.5684768 0.7774372 0.7961021 0.7279713 0.6474887 0.6052674 0.6050034 1.1328341 0.6923943 0.7382791 0.6102665 0.7524771 0.7750592 0.7361263 0.6808064 0.1071865 0.5868202 0.7413132 0.7666923 0.7043392 1.0153301 1.2236616 0.9896087 1.2553519 0.9193598 0.9272593 0.9114371 0.9547474 0.9493674 1.0538534 1.1453379 1.0080232 0.9259222 0.9189282 1.0123341 1.1235429 0.6144086 1.4164574 1.5361640 1.5973327 1.4436003 1.5358122 2.1412193 3.1753972 1.7351377 1.5350759 1.5683839 1.5645588 2.2860239 
Cgig_XM_034458960.1                                 0.7226137 0.5814871 0.5696543 0.4193658 0.0000000 0.3957260 0.4573539 0.5657706 0.7297625 0.7909134 0.8507649 0.8198829 0.7900994 0.6550704 0.7355330 0.7567517 0.9875230 0.7901112 0.8761457 0.5877865 0.6362862 0.6676351 0.7797536 0.7676808 0.7259061 0.7259061 0.7023316 0.8763087 0.8670437 0.8374909 0.7918227 0.8558375 0.8392303 1.3890730 0.7977593 0.7191401 0.8141203 0.8020343 0.7206030 0.8816200 0.8848915 0.8422853 0.6884908 0.8274078 0.9234329 0.8550193 1.1446315 1.3218730 1.1317549 1.3674937 1.1321575 1.1823588 1.1713343 1.1808763 1.2428843 1.0767920 1.1126096 0.9559789 0.8809352 0.9930894 1.2037456 1.2423447 0.9370736 1.2926428 1.3098940 1.4147519 1.4581314 1.5478288 1.9310318 2.3630458 1.6882095 1.7788494 1.6011776 1.5231192 2.2166697 
Acagra_model.g12447.t1                              0.7080871 0.6452522 0.5940949 0.4705783 0.3957260 0.0000000 0.4988392 0.5517818 0.7101943 0.7208488 0.7642114 0.7438862 0.7317977 0.6151163 0.7224552 0.7207146 0.9255216 0.7421891 0.8274786 0.6861236 0.6753651 0.6980065 0.7924831 0.7754738 0.7606539 0.7606539 0.7627725 0.8823780 0.8856332 0.7815653 0.8024345 0.8139751 0.8368646 1.2300304 0.8358366 0.8119295 0.8389597 0.7918818 0.7736978 0.8728844 0.8921629 0.7976878 0.6980243 0.9045597 0.9548437 0.9490283 1.1388676 1.3090487 1.1455447 1.3761512 1.0898314 1.1088439 1.0959565 1.0480850 1.1377608 1.0856736 1.0823283 0.9538624 0.9505758 1.0141376 1.2427048 1.2197953 0.8178980 1.4159710 1.3858108 1.5736259 1.4653946 1.6112463 1.9987135 2.3393276 1.7448074 1.7351176 1.6485369 1.4968821 2.2736015 
Ctel_gnl_WGS_AMQN_CAPTEDRAFT_mRNA226373             0.6892665 0.5848484 0.5684956 0.4905109 0.4573539 0.4988392 0.0000000 0.5240439 0.6340853 0.6650255 0.7044586 0.6814915 0.6733265 0.6924042 0.7665116 0.6431009 0.7624390 0.7480422 0.7836982 0.6657167 0.6541071 0.7594069 0.7509949 0.7697549 0.7327623 0.7327623 0.7820546 0.9028549 0.9018857 0.8448890 0.8543041 0.7997318 0.8118831 1.4266286 0.7707380 0.8077960 0.7684058 0.7739376 0.8269604 0.7937292 0.8039757 0.6424791 0.7776002 0.8201836 0.8255638 0.7636749 1.1861549 1.3436080 1.1920923 1.4723211 1.2081847 1.1813022 1.1795847 1.1980827 1.1819277 1.0865219 1.1447274 0.8683012 1.0350486 0.9432851 1.0623621 1.2061796 0.7935328 1.3730689 1.3006781 1.5196391 1.3254974 1.4448118 1.8045790 2.5817695 1.7282622 1.6210427 1.4972660 1.4549354 2.1917240 
Cscu_XM_023376139.1                                 0.7079540 0.6745225 0.5678259 0.5009721 0.5657706 0.5517818 0.5240439 0.0000000 0.7673693 0.7697686 0.7945296 0.8267076 0.7812314 0.6447757 0.7440083 0.8205276 0.9338324 0.8033184 0.8987503 0.5425686 0.5503021 0.6910166 0.8178235 0.8277374 0.7971669 0.7971669 0.7314161 0.9539737 0.9150197 0.8653138 0.8760352 0.8390137 0.8523892 1.2391895 0.8870562 0.8559112 0.9521225 0.9404536 0.8064598 0.8942578 0.9103469 0.9673123 0.7743327 1.0178528 0.8766477 0.8050752 1.1249263 1.3780976 1.2185081 1.3666155 1.2247810 1.2062840 1.1813960 1.1966787 1.2364739 1.0120933 1.1812500 0.9342808 0.9539078 0.9824990 1.2392845 1.2443213 0.9724970 1.4259417 1.4530677 1.4770746 1.4611002 1.5817394 2.0266957 2.5939093 1.6508193 1.7287808 1.5020915 1.4437294 2.1625190 
Exapal_XM_021059095.2                               0.7680659 0.6027429 0.6621997 0.4731715 0.7297625 0.7101943 0.6340853 0.7673693 0.0000000 0.3530692 0.3619260 0.3346488 0.3610092 0.2692572 0.3252685 0.2542373 0.4322628 0.5914956 0.6147031 0.8790083 0.7738938 0.5900978 0.6924337 0.6858538 0.6521604 0.6521604 0.6204875 0.8119006 0.7020846 0.6502695 0.5732534 0.5912747 0.5984723 0.8131206 0.8402049 0.6856652 0.8180604 0.8362149 0.6747254 0.8332837 0.8247733 1.0116100 0.8791011 0.8713858 1.0034234 0.8849100 1.1015753 1.0820844 1.0587707 1.0959094 1.0639398 1.1084002 1.0762660 1.0515027 1.1022491 0.9761135 1.1080502 0.9019410 0.9391197 0.8920846 1.3500184 1.2341821 0.6553755 1.4329845 1.4084137 1.5551458 1.4828334 1.4604518 1.7780107 2.2153765 1.6023161 1.6075641 1.4949585 1.5181838 2.1104156 
Adig_XM_015900697.1                                 0.7669509 0.6060799 0.6633990 0.5417717 0.7909134 0.7208488 0.6650255 0.7697686 0.3530692 0.0000000 0.0054210 0.0840958 0.1334168 0.1064679 0.1686222 0.3143226 0.1864834 0.5761112 0.6253559 0.8878445 0.8957988 0.6333200 0.7130611 0.7199847 0.6954593 0.6954593 0.6690427 0.8454838 0.7106308 0.6745895 0.6472606 0.6267409 0.6295477 0.7997337 0.8570071 0.7342490 0.9118837 0.9004150 0.6932760 0.8608426 0.8542050 0.9736005 0.8917614 0.9123731 0.9918866 0.9219739 1.1338574 1.1485531 1.0955543 1.0493567 1.1013586 1.1327503 1.1343520 1.0972773 1.0722455 1.0360345 1.1109445 0.9268234 0.9998755 0.9683455 1.2316494 1.2402089 0.6630653 1.4728727 1.4200691 1.5718487 1.4265871 1.4221033 1.8666612 2.2504217 1.5892402 1.5537319 1.5943628 1.5652152 2.1765281 
Amil_Amillepora23299-RA                             0.8209935 0.6444467 0.6983751 0.5491945 0.8507649 0.7642114 0.7044586 0.7945296 0.3619260 0.0054210 0.0000000 0.0862926 0.1293434 0.0900687 0.1810703 0.3360263 0.2278010 0.6635618 0.7063310 0.9509613 0.9507304 0.6536703 0.7546663 0.7635268 0.7384682 0.7384682 0.7018572 0.7676239 0.7321268 0.7041590 0.7569757 0.6722267 0.6658352 0.8850355 0.9349857 0.7429987 0.9397554 0.9400447 0.7911801 0.8899168 0.8735430 0.9628579 0.9027758 0.9584083 1.0525121 0.9393887 1.1685886 1.2591730 1.1560954 1.2273905 1.1685965 1.1925239 1.1785636 1.1558246 1.1517593 1.0168424 1.1684776 0.9676872 1.0499017 1.0244801 1.3367101 1.2590952 0.6736855 1.5210292 1.4345368 1.5382620 1.4369789 1.3897968 1.9447587 2.1222074 1.5452460 1.5287376 1.6012144 1.5471397 2.1022373 
Gfas_gfas1.m1.6529.m1                               0.8096060 0.6155109 0.6756196 0.5182557 0.8198829 0.7438862 0.6814915 0.8267076 0.3346488 0.0840958 0.0862926 0.0000000 0.0961693 0.0786349 0.1127790 0.3126530 0.1837458 0.5664671 0.6330930 0.9153791 0.8934083 0.6332933 0.7198986 0.7322990 0.6848835 0.6848835 0.6517881 0.8838972 0.7799560 0.7018872 0.6499657 0.6271952 0.6418790 0.9892015 0.9200313 0.7561803 0.9439544 0.9447607 0.6795642 0.8530245 0.8399084 1.0110769 0.8683128 0.9005351 1.0269573 0.9202712 1.1706212 1.1115411 1.1076014 0.9792889 1.1051738 1.1167020 1.1188948 1.1554710 1.1064567 1.0205580 1.1923671 0.9563828 0.9815938 0.9858597 1.2425591 1.2423449 0.7406138 1.4901002 1.4078018 1.5742674 1.4000999 1.3662034 1.6815879 2.2919234 1.4197186 1.5180221 1.5283250 1.7061765 2.0867836 
Spis_XP_022798661_1                                 0.7215363 0.6192104 0.6976880 0.5423331 0.7900994 0.7317977 0.6733265 0.7812314 0.3610092 0.1334168 0.1293434 0.0961693 0.0000000 0.0235196 0.1426409 0.2977713 0.1914420 0.5664264 0.5891486 0.9038491 0.8476518 0.6578432 0.7020080 0.7155239 0.7034935 0.7034935 0.6764787 0.8744647 0.7341394 0.6765566 0.6412433 0.6304213 0.6482763 0.9080220 0.8569350 0.7269696 0.8810495 0.9002266 0.6686609 0.8552545 0.8640270 0.9695510 0.8918418 0.9117669 1.0018458 0.9207289 1.1235539 1.1172898 1.1203573 1.0628296 1.0869028 1.0894502 1.0973346 1.1292481 1.0917767 0.9819878 1.1295034 0.9350123 1.0193364 0.9623728 1.2635468 1.2189344 0.6978534 1.4817005 1.4030994 1.6234967 1.4319828 1.3787455 1.7779972 2.3826166 1.5436274 1.5587269 1.5891497 1.5516356 2.1219330 
Pocdam_XM_027201977.1                               0.5727570 0.4853136 0.6363477 0.5511373 0.6550704 0.6151163 0.6924042 0.6447757 0.2692572 0.1064679 0.0900687 0.0786349 0.0235196 0.0000000 0.1217849 0.2757428 0.1944169 0.4665995 0.5290669 0.7850315 0.7496119 0.6335229 0.5460682 0.5508247 0.5468439 0.5468439 0.5436616 0.7254322 0.7030624 0.6733846 0.5978540 0.5551412 0.5527863 0.8578249 0.6644259 0.7340699 0.6291750 0.7475917 0.6519470 0.7576114 0.7415226 0.4094721 0.7247614 0.8054226 0.8144434 0.7496437 0.9603405 1.1551217 0.9796292 1.1103718 0.9116797 0.9196768 0.9278203 1.0083580 0.8729825 0.9425191 1.0444430 0.9123845 0.9916798 0.8552093 1.0939849 1.1927588 0.4968966 1.5073784 1.5790525 1.8130606 1.6901250 1.5856356 2.0086287 2.8919805 1.7107924 1.5377337 1.7370916 1.6909855 2.4486720 
Fspp_ffun1.m4.4425.m1                               0.6873502 0.5718614 0.6971353 0.5622103 0.7355330 0.7224552 0.7665116 0.7440083 0.3252685 0.1686222 0.1810703 0.1127790 0.1426409 0.1217849 0.0000000 0.3370827 0.2766084 0.5416314 0.6110580 0.8962085 0.8294683 0.6563561 0.6185670 0.6270171 0.6137900 0.6137900 0.6086877 0.9174221 0.7850411 0.7887609 0.7699911 0.6706341 0.6802191 1.3905976 0.7298642 0.8332625 0.7119089 0.8145636 0.7461215 0.8311001 0.8367241 0.6614293 0.6813209 0.8445378 1.0184971 0.8919574 0.9635239 1.1951362 0.9941243 1.1660986 0.9406756 0.9229481 0.9243159 0.9876393 0.9546612 0.9728906 0.9804594 1.0024801 1.0592698 0.8739502 1.0976376 1.2040346 0.7408829 1.5020181 1.7840108 1.9111108 1.6241422 1.5198836 1.8999321 2.8370034 1.6935156 1.5241793 1.6471034 1.8041653 2.3213504 
Nvec_v1g206949                                      0.7743755 0.6283371 0.6923743 0.4666596 0.7567517 0.7207146 0.6431009 0.8205276 0.2542373 0.3143226 0.3360263 0.3126530 0.2977713 0.2757428 0.3370827 0.0000000 0.4123537 0.6019536 0.6070759 0.9323551 0.7607853 0.6192535 0.6957417 0.6965293 0.7025106 0.7025106 0.6472347 0.8647639 0.7371892 0.7020929 0.5791082 0.6053682 0.5924688 0.8219788 0.8158921 0.6660927 0.8092286 0.8621536 0.6567188 0.8319167 0.8282627 1.0762484 0.8782198 0.8640759 1.0472676 0.9198619 1.0794905 1.0242152 1.0854268 1.0472344 0.9981261 1.0122453 1.0063260 1.0485281 1.0995063 0.9790441 1.0889722 0.8780210 0.9994058 0.9596292 1.3667115 1.2293136 0.6598165 1.4515959 1.2604548 1.4806264 1.3674944 1.4076069 1.7137949 2.3014641 1.6022148 1.5661061 1.5441909 1.5044276 2.0981215 
Gasp_gasp1.m3.9861.m1                               0.9483878 0.7942574 0.8420187 0.6371771 0.9875230 0.9255216 0.7624390 0.9338324 0.4322628 0.1864834 0.2278010 0.1837458 0.1914420 0.1944169 0.2766084 0.4123537 0.0000000 0.7350200 0.7478646 1.1027770 1.0582544 0.7758581 0.8100619 0.8239914 0.7965041 0.7965041 0.7832785 0.9360500 0.9123622 0.8403654 0.7813389 0.7409589 0.7503895 0.6952864 1.0285506 0.8686279 1.0579676 1.0604631 0.7353999 0.9873581 1.0274532 1.1239142 1.1182675 1.0669161 1.1988404 1.0763475 1.3694849 1.3587172 1.3525102 1.2851794 1.2689738 1.3159802 1.3032107 1.3007295 1.3112225 1.2224558 1.3569286 1.0965001 1.2023665 1.1333334 1.4518775 1.3636762 0.7206093 1.7269133 1.4248804 1.8466342 1.6150834 1.6504031 1.9894613 2.5713772 1.7787717 1.8741074 1.8223350 1.8454478 2.6661653 
Dgig_XM_028543654.1                                 0.7158976 0.7537042 0.6815135 0.5968763 0.7901112 0.7421891 0.7480422 0.8033184 0.5914956 0.5761112 0.6635618 0.5664671 0.5664264 0.4665995 0.5416314 0.6019536 0.7350200 0.0000000 0.2092929 0.8622508 0.8416875 0.6110289 0.6756096 0.6610595 0.6397948 0.6397948 0.6396613 0.8170245 0.7780124 0.6702609 0.6337212 0.6412185 0.6428071 0.9555034 0.7563679 0.6853152 0.7994052 0.8484605 0.6607233 0.7321013 0.7544863 0.7822823 0.7840335 0.8872488 0.8642835 0.8298120 1.1016193 1.1866628 1.0736047 1.0321237 1.0705598 1.0748601 1.0677937 1.2374646 1.1487389 1.0244598 1.1236114 0.8494290 0.9474914 0.8895623 1.2938120 1.1765075 0.6889679 1.3716401 1.2704969 1.4254236 1.3336772 1.4431318 1.7629687 2.4956507 1.6940622 1.7435808 1.5476341 1.4243258 2.0289219 
Xesp_020589-T1                                      0.7360642 0.7542284 0.7310731 0.5932192 0.8761457 0.8274786 0.7836982 0.8987503 0.6147031 0.6253559 0.7063310 0.6330930 0.5891486 0.5290669 0.6110580 0.6070759 0.7478646 0.2092929 0.0000000 1.0145001 0.9107416 0.6570526 0.7475365 0.7256590 0.6919547 0.6919547 0.6605178 0.8339226 0.7867399 0.6955242 0.6954047 0.7141320 0.7086820 0.9610150 0.8042120 0.7173519 0.8789422 0.8847188 0.7113638 0.8363884 0.8191165 0.8033027 0.8798955 0.8776286 0.9975302 0.9216249 1.1643021 1.3043955 1.1514500 1.2677291 1.0901196 1.0846228 1.0904196 1.2122024 1.1521383 1.0264278 1.0976458 0.8954080 0.9803870 0.9403407 1.3229219 1.1877158 0.7312413 1.3523152 1.2408678 1.4622126 1.3774066 1.4801742 1.7771834 2.3793075 1.6591181 1.6394874 1.5258893 1.4880998 2.0585347 
Tcas_TC011541_001                                   0.8640663 0.7986251 0.7357238 0.6350529 0.5877865 0.6861236 0.6657167 0.5425686 0.8790083 0.8878445 0.9509613 0.9153791 0.9038491 0.7850315 0.8962085 0.9323551 1.1027770 0.8622508 1.0145001 0.0000000 0.4536965 0.8121295 0.9055049 0.8890681 0.8476970 0.8476970 0.8447689 1.0755005 1.0456651 0.9563228 0.9601384 0.9559551 0.9549068 1.5217874 1.0112603 1.0221072 1.0103575 1.0093584 0.8793677 0.9492613 0.9529835 0.9397643 0.9219789 1.1066464 1.0032096 1.0378773 1.2626460 1.3643135 1.2814226 1.2900310 1.3122869 1.3228637 1.2915290 1.2929729 1.3095266 1.1115404 1.3708353 1.0351374 1.0336214 1.1328423 1.4660225 1.3431684 1.0242763 1.3955843 1.4413857 1.4664753 1.5995150 1.7179725 2.0414578 2.6968473 1.8564550 2.0577063 1.6976747 1.6856298 2.1656244 
Dpul_mRNA5079                                       0.8123609 0.7694446 0.7112236 0.5406750 0.6362862 0.6753651 0.6541071 0.5503021 0.7738938 0.8957988 0.9507304 0.8934083 0.8476518 0.7496119 0.8294683 0.7607853 1.0582544 0.8416875 0.9107416 0.4536965 0.0000000 0.8753365 0.8972611 0.8932595 0.8784424 0.8784424 0.9137585 1.0309062 0.9989699 0.8739237 0.9606913 0.9123261 0.9364981 1.4070493 0.8817098 0.9382529 0.8979496 0.8977632 0.8726206 0.9389596 0.9838006 0.8640435 0.8973176 1.0047660 0.9498075 0.9406757 1.2496191 1.3326469 1.2082055 1.3588601 1.2208327 1.2640131 1.2300706 1.2245480 1.3041295 1.0805503 1.3506022 1.0047304 1.0534718 1.1440197 1.3550648 1.2674691 1.0079680 1.3965890 1.3214642 1.5295375 1.5727453 1.5718949 2.0507785 2.6512358 1.6878221 1.6839812 1.6358304 1.5275059 2.2413680 
Tadh_TriadT50478                                    0.6759781 0.6565673 0.6471146 0.5926261 0.6676351 0.6980065 0.7594069 0.6910166 0.5900978 0.6333200 0.6536703 0.6332933 0.6578432 0.6335229 0.6563561 0.6192535 0.7758581 0.6110289 0.6570526 0.8121295 0.8753365 0.0000000 0.1268932 0.1307744 0.1245039 0.1245039 0.1253265 0.0473474 0.8208105 0.7932105 0.7478237 0.8132192 0.7756140 1.4344292 0.8255498 0.7847270 0.7853429 0.9084126 0.9369353 0.8122305 0.8135262 0.6686995 0.8823741 0.8623861 0.8097260 0.8067352 1.1105039 1.2875886 1.1307996 1.4630822 1.1904808 1.2010853 1.1895935 1.2275670 1.1965755 1.1367610 1.1169205 0.9713123 1.0457475 1.0015634 1.1991122 1.2977829 0.8710999 1.4451909 1.5076201 1.7213426 1.5129694 1.5811905 1.9774223 2.5395193 1.6115145 1.5752250 1.6625450 1.6292344 2.0271507 
HoiH06_mRNA11786                                    0.7728088 0.7409995 0.7054056 0.5428479 0.7797536 0.7924831 0.7509949 0.8178235 0.6924337 0.7130611 0.7546663 0.7198986 0.7020080 0.5460682 0.6185670 0.6957417 0.8100619 0.6756096 0.7475365 0.9055049 0.8972611 0.1268932 0.0000000 0.0204136 0.0488151 0.0488151 0.0708754 0.2695941 0.8199924 0.7869691 0.7464952 0.8348893 0.8226941 1.1821358 0.9195853 0.7324431 0.8832074 1.0075888 0.8273161 0.9105315 0.8804300 0.9865367 0.8009775 0.9441918 0.8974838 0.8898294 1.1741981 1.1897666 1.2165483 1.1950855 1.2167734 1.2203803 1.1982220 1.2591190 1.2923933 1.1298888 1.2704632 1.0233937 1.0357842 1.0046932 1.3513573 1.3351387 0.9429208 1.5025400 1.4615941 1.6658322 1.5468177 1.5758707 2.1505511 2.4602791 1.6153879 1.7045280 1.8192530 1.5507767 2.2437287 
HoiH23_PlH23_006128-RA                              0.7635722 0.7211853 0.7017235 0.5356565 0.7676808 0.7754738 0.7697549 0.8277374 0.6858538 0.7199847 0.7635268 0.7322990 0.7155239 0.5508247 0.6270171 0.6965293 0.8239914 0.6610595 0.7256590 0.8890681 0.8932595 0.1307744 0.0204136 0.0000000 0.0489357 0.0489357 0.0750082 0.2439372 0.8277062 0.7961102 0.7538308 0.8401407 0.8278518 1.1913534 0.9249781 0.7456886 0.8773670 1.0068285 0.8312082 0.9103909 0.8656366 0.9565773 0.7988461 0.9354178 0.8866500 0.8855069 1.1559589 1.1947849 1.1980491 1.1975616 1.2026170 1.2144893 1.1923890 1.2429765 1.2718652 1.1451532 1.2790882 1.0062092 1.0250185 1.0058282 1.3479458 1.3194840 0.9460781 1.4799253 1.4789632 1.6946928 1.5703674 1.6122375 2.1636554 2.3950727 1.6201681 1.7237145 1.8539828 1.5414974 2.2369899 
Hhon_g00246.t1                                      0.7964653 0.7151717 0.7083347 0.5573402 0.7259061 0.7606539 0.7327623 0.7971669 0.6521604 0.6954593 0.7384682 0.6848835 0.7034935 0.5468439 0.6137900 0.7025106 0.7965041 0.6397948 0.6919547 0.8476970 0.8784424 0.1245039 0.0488151 0.0489357 0.0000000 0.0000010 0.0522129 0.2217077 0.8287415 0.7907143 0.7978438 0.8331793 0.8162633 1.2413884 0.9117090 0.7689308 0.8679774 0.9879154 0.8567088 0.8820871 0.8401462 0.8656695 0.8006461 0.8799989 0.8733403 0.8767732 1.1969448 1.2320362 1.2488128 1.2974624 1.2312140 1.2519827 1.2293099 1.2450647 1.2835838 1.1007987 1.2638179 1.0003933 1.0354724 1.0078085 1.3275560 1.3295117 0.9280010 1.5096640 1.4927331 1.7080650 1.5259025 1.5341375 2.0462115 2.4930346 1.6345577 1.6780475 1.7847555 1.5504092 2.1830959 
HoiH04_mRNA2242                                     0.7964653 0.7151717 0.7083347 0.5573402 0.7259061 0.7606539 0.7327623 0.7971669 0.6521604 0.6954593 0.7384682 0.6848835 0.7034935 0.5468439 0.6137900 0.7025106 0.7965041 0.6397948 0.6919547 0.8476970 0.8784424 0.1245039 0.0488151 0.0489357 0.0000010 0.0000000 0.0522129 0.2217077 0.8287415 0.7907143 0.7978438 0.8331793 0.8162633 1.2413884 0.9117090 0.7689308 0.8679774 0.9879154 0.8567088 0.8820871 0.8401462 0.8656695 0.8006461 0.8799989 0.8733403 0.8767732 1.1969448 1.2320362 1.2488128 1.2974624 1.2312140 1.2519827 1.2293099 1.2450647 1.2835838 1.1007987 1.2638179 1.0003933 1.0354724 1.0078085 1.3275560 1.3295117 0.9280010 1.5096640 1.4927331 1.7080650 1.5259025 1.5341375 2.0462115 2.4930346 1.6345577 1.6780475 1.7847555 1.5504092 2.1830959 
HoiH11_mRNA8302                                     0.7314012 0.7123285 0.6732074 0.5684768 0.7023316 0.7627725 0.7820546 0.7314161 0.6204875 0.6690427 0.7018572 0.6517881 0.6764787 0.5436616 0.6086877 0.6472347 0.7832785 0.6396613 0.6605178 0.8447689 0.9137585 0.1253265 0.0708754 0.0750082 0.0522129 0.0522129 0.0000000 0.1977996 0.8280002 0.7740686 0.7872926 0.8449958 0.8181241 1.1616418 0.8201350 0.7230169 0.7775322 0.8869090 0.8207316 0.8496721 0.8114464 0.7275599 0.8070999 0.8661944 0.8226056 0.7973267 1.1530772 1.2749970 1.1891530 1.3214306 1.1644931 1.1835792 1.1625278 1.2513809 1.2184399 1.1076157 1.1378826 0.9786142 0.9946474 0.9404623 1.2495895 1.2764045 0.9056453 1.4577928 1.4519515 1.6115038 1.5372225 1.5083645 2.0676991 2.4558229 1.6117856 1.5806281 1.7067223 1.5770041 2.1284129 
TrH2_TrispH2_006495-RA                              0.8675035 0.8764816 0.8646200 0.7774372 0.8763087 0.8823780 0.9028549 0.9539737 0.8119006 0.8454838 0.7676239 0.8838972 0.8744647 0.7254322 0.9174221 0.8647639 0.9360500 0.8170245 0.8339226 1.0755005 1.0309062 0.0473474 0.2695941 0.2439372 0.2217077 0.2217077 0.1977996 0.0000000 0.8425447 0.8432824 0.9932029 0.9765214 0.9504419 0.9653721 1.0707444 1.0640054 1.0590120 1.1718179 1.1641635 1.0899383 1.0739665 0.9627038 0.7663804 1.0844710 1.1017318 0.9830748 1.3609529 1.6176541 1.3843349 2.3898502 1.4049514 1.4272911 1.4096970 1.4049084 1.4827448 1.2515455 1.4534967 1.0639607 1.0747250 1.1838374 1.6252751 1.5629923 0.8620403 1.5425809 1.5023981 1.6851768 1.5948289 1.6640720 2.1098765 1.8185548 1.4861583 1.6690885 1.5559229 1.6753474 1.8655536 
Hvul_g3521_1                                        0.9583307 0.7799272 0.8617790 0.7961021 0.8670437 0.8856332 0.9018857 0.9150197 0.7020846 0.7106308 0.7321268 0.7799560 0.7341394 0.7030624 0.7850411 0.7371892 0.9123622 0.7780124 0.7867399 1.0456651 0.9989699 0.8208105 0.8199924 0.8277062 0.8287415 0.8287415 0.8280002 0.8425447 0.0000000 0.3626633 0.4979853 0.4811915 0.4570340 0.8232960 1.0054944 1.0699143 1.0256683 0.9591588 1.0105640 0.9790955 0.9778592 0.8241942 0.9132574 1.0266326 0.9390909 0.9192075 1.2210251 1.4348270 1.1812924 1.4007054 1.1740655 1.1681125 1.1420029 1.1959286 1.1132220 1.3096231 1.3319704 1.2262906 1.2066925 1.1447862 1.3141288 1.3674191 0.5101110 1.6832926 1.7476324 1.9288517 1.7135472 1.7252234 1.9389542 2.4482770 2.0206107 1.7274571 1.7245307 1.6769520 2.3126015 
Chem_TCONS_00047021                                 0.8624651 0.7272559 0.7929953 0.7279713 0.8374909 0.7815653 0.8448890 0.8653138 0.6502695 0.6745895 0.7041590 0.7018872 0.6765566 0.6733846 0.7887609 0.7020929 0.8403654 0.6702609 0.6955242 0.9563228 0.8739237 0.7932105 0.7869691 0.7961102 0.7907143 0.7907143 0.7740686 0.8432824 0.3626633 0.0000000 0.4556423 0.4224745 0.4349701 0.7288135 0.9351625 0.9790073 0.9356712 0.8881920 0.9756017 0.9685097 0.9113738 0.6528548 0.9605714 0.9476814 0.8859032 0.8848823 1.1411237 1.4080163 1.0666803 1.3426307 1.1087054 1.1233283 1.0994743 1.0995005 1.0924092 1.0889280 1.1832199 1.1438264 1.1609329 1.1015037 1.3017979 1.2726632 0.4716318 1.7212771 1.6014706 1.7944901 1.5461230 1.5487535 1.7650216 2.1991921 1.7857361 1.6251998 1.7120050 1.5837450 2.2374780 
Aaur_scaffold2461.g4.t1                             0.8350095 0.7089355 0.7992391 0.6474887 0.7918227 0.8024345 0.8543041 0.8760352 0.5732534 0.6472606 0.7569757 0.6499657 0.6412433 0.5978540 0.7699911 0.5791082 0.7813389 0.6337212 0.6954047 0.9601384 0.9606913 0.7478237 0.7464952 0.7538308 0.7978438 0.7978438 0.7872926 0.9932029 0.4979853 0.4556423 0.0000000 0.1390659 0.1354662 0.4972866 0.9306994 1.0375930 0.8447058 1.0206714 0.9231411 0.9876915 0.9294669 0.4965034 0.7431949 1.0651987 1.0822440 1.0928423 1.0689906 1.1693329 0.9984169 1.1740266 0.9102119 0.9373751 0.9296172 1.0753605 0.9920192 1.1539776 1.3214434 1.2412240 1.2669809 1.1229266 1.4478705 1.3260840 0.4411534 1.9425856 2.0211034 2.1190535 1.9169146 2.0312279 2.3462383 3.5840299 2.5036075 2.1192508 2.0482836 1.8645408 3.1869900 
Nemnom_g10102.t1                                    0.8843467 0.7525109 0.8087043 0.6052674 0.8558375 0.8139751 0.7997318 0.8390137 0.5912747 0.6267409 0.6722267 0.6271952 0.6304213 0.5551412 0.6706341 0.6053682 0.7409589 0.6412185 0.7141320 0.9559551 0.9123261 0.8132192 0.8348893 0.8401407 0.8331793 0.8331793 0.8449958 0.9765214 0.4811915 0.4224745 0.1390659 0.0000000 0.0442313 0.4470328 0.9566098 0.9948521 0.8736203 0.9779798 0.9320602 0.8823826 0.8997327 0.8405068 0.7776439 0.9644963 1.0251927 0.9687448 1.1598140 1.2107122 1.0955044 1.2154777 1.0746064 1.0807091 1.0612024 1.1219969 1.1667880 1.1252356 1.2989456 1.0914633 1.1182811 1.1202105 1.3652132 1.2262314 0.3742527 1.6041325 1.5522338 1.7243466 1.6175666 1.7473675 1.9661997 2.3676202 1.9846736 1.8305415 1.6902621 1.5439629 2.3096247 
Rhoesc_Res_012051-T1                                0.8872903 0.7460850 0.7988732 0.6050034 0.8392303 0.8368646 0.8118831 0.8523892 0.5984723 0.6295477 0.6658352 0.6418790 0.6482763 0.5527863 0.6802191 0.5924688 0.7503895 0.6428071 0.7086820 0.9549068 0.9364981 0.7756140 0.8226941 0.8278518 0.8162633 0.8162633 0.8181241 0.9504419 0.4570340 0.4349701 0.1354662 0.0442313 0.0000000 0.4073889 0.9448857 0.9951020 0.8579731 0.9929344 0.9310706 0.8966790 0.8833639 0.8590272 0.7526678 0.9479495 1.0275931 0.9643255 1.1845638 1.2539852 1.1250973 1.2050790 1.0788755 1.1208608 1.1035570 1.1179908 1.1816412 1.1276240 1.2929044 1.1038965 1.1008106 1.1011653 1.3775379 1.2022559 0.3848194 1.6103756 1.5259965 1.6556232 1.6190422 1.7696908 1.9282030 2.3834787 1.9494995 1.8121674 1.7100396 1.5692472 2.3599931 
Sanmal_Sma_007817-T1                                1.1936515 1.0292091 1.2961758 1.1328341 1.3890730 1.2300304 1.4266286 1.2391895 0.8131206 0.7997337 0.8850355 0.9892015 0.9080220 0.8578249 1.3905976 0.8219788 0.6952864 0.9555034 0.9610150 1.5217874 1.4070493 1.4344292 1.1821358 1.1913534 1.2413884 1.2413884 1.1616418 0.9653721 0.8232960 0.7288135 0.4972866 0.4470328 0.4073889 0.0000000 1.3595316 1.3265423 1.2373402 1.3139689 1.0199757 1.5660305 1.5481632 0.0000010 0.9905294 1.6807317 1.7815437 1.3568603 1.9639864 1.8205161 1.8229345 2.2583990 1.7154778 1.8580698 1.8775565 1.8087122 1.7803660 1.6469249 1.9661192 1.6292982 1.8722399 1.7156515 1.9828264 1.8230366 0.2427497 2.5049564 2.2760995 2.5589989 2.8223205 2.8200235 2.8725652 6.1172797 2.9993998 2.1941812 2.3762984 2.2296495 4.0918245 
Scil_scict009799.6                                  0.8878907 0.8440433 0.7545743 0.6923943 0.7977593 0.8358366 0.7707380 0.8870562 0.8402049 0.8570071 0.9349857 0.9200313 0.8569350 0.6644259 0.7298642 0.8158921 1.0285506 0.7563679 0.8042120 1.0112603 0.8817098 0.8255498 0.9195853 0.9249781 0.9117090 0.9117090 0.8201350 1.0707444 1.0054944 0.9351625 0.9306994 0.9566098 0.9448857 1.3595316 0.0000000 0.1921070 0.2364465 0.2651393 0.4896075 0.8965845 0.8559504 0.8825060 0.6052565 0.8617013 1.0045592 0.9401677 1.1749717 1.2241789 1.0250312 1.2875149 1.0960840 1.0971958 1.0858004 1.0859921 1.0528573 0.9740814 1.1357385 0.9896272 1.0076108 1.0328998 1.3345838 1.2478116 0.9504578 1.3661673 1.1659906 1.4407073 1.4994177 1.6775582 1.7368004 2.2736673 1.4855447 1.5195795 1.5024376 1.5814493 2.1373738 
Leuniv_Lniv_scaffold21190_01                        0.7949723 0.7615406 0.7539121 0.7382791 0.7191401 0.8119295 0.8077960 0.8559112 0.6856652 0.7342490 0.7429987 0.7561803 0.7269696 0.7340699 0.8332625 0.6660927 0.8686279 0.6853152 0.7173519 1.0221072 0.9382529 0.7847270 0.7324431 0.7456886 0.7689308 0.7689308 0.7230169 1.0640054 1.0699143 0.9790073 1.0375930 0.9948521 0.9951020 1.3265423 0.1921070 0.0000000 0.1984771 0.2399810 0.4323811 0.9006742 0.8476328 0.0000010 0.7529741 0.9318890 0.8335024 0.8229344 1.1662953 1.1675613 1.0588441 1.3340714 1.1876849 1.1536173 1.1365603 1.2080074 1.1208788 1.1209795 1.1932424 1.0771607 1.1070612 1.0407864 1.2242100 1.2378037 0.9322695 1.7012223 1.5788688 1.7958565 1.9444678 2.1545351 2.7524933 4.5996048 1.9710292 1.7193921 1.9138434 1.8890818 2.9377499 
Gracom_Gcom_C556008_01                              0.9030617 0.8889975 0.7488709 0.6102665 0.8141203 0.8389597 0.7684058 0.9521225 0.8180604 0.9118837 0.9397554 0.9439544 0.8810495 0.6291750 0.7119089 0.8092286 1.0579676 0.7994052 0.8789422 1.0103575 0.8979496 0.7853429 0.8832074 0.8773670 0.8679774 0.8679774 0.7775322 1.0590120 1.0256683 0.9356712 0.8447058 0.8736203 0.8579731 1.2373402 0.2364465 0.1984771 0.0000000 0.2797075 0.4657452 0.8687132 0.7892096 0.8648369 0.6343356 0.8697843 1.0472894 0.9651220 1.1341174 1.0750461 1.0323742 1.2502929 1.0472274 1.0527149 1.0369107 1.0544938 1.0089728 0.9907678 1.2299155 0.9799870 0.9786468 1.0740330 1.3829429 1.2032980 1.0110133 1.3548765 1.2699918 1.4365894 1.4981938 1.6262415 1.6836358 2.2561580 1.5259964 1.5011339 1.6095326 1.5177104 2.1099653 
Lcom_lcpid42693                                     0.8675512 0.9203263 0.7785754 0.7524771 0.8020343 0.7918818 0.7739376 0.9404536 0.8362149 0.9004150 0.9400447 0.9447607 0.9002266 0.7475917 0.8145636 0.8621536 1.0604631 0.8484605 0.8847188 1.0093584 0.8977632 0.9084126 1.0075888 1.0068285 0.9879154 0.9879154 0.8869090 1.1718179 0.9591588 0.8881920 1.0206714 0.9779798 0.9929344 1.3139689 0.2651393 0.2399810 0.2797075 0.0000000 0.4781640 0.8831650 0.8214570 0.7850486 0.7240155 0.8718191 1.0279613 0.9519780 1.2020572 1.1638850 1.0586695 1.3431034 1.1573705 1.1646539 1.1533347 1.1157543 1.1180310 0.9996734 1.1593090 1.0084642 1.0060050 1.0087798 1.3042043 1.1788995 1.0076267 1.3875314 1.1676360 1.4203164 1.4347976 1.4910772 1.6594755 2.2153002 1.4579411 1.4581251 1.4857032 1.5264510 2.0556628 
Clacor_Ccor_scaffold3256_01                         0.7146874 0.7489132 0.7424858 0.7750592 0.7206030 0.7736978 0.8269604 0.8064598 0.6747254 0.6932760 0.7911801 0.6795642 0.6686609 0.6519470 0.7461215 0.6567188 0.7353999 0.6607233 0.7113638 0.8793677 0.8726206 0.9369353 0.8273161 0.8312082 0.8567088 0.8567088 0.8207316 1.1641635 1.0105640 0.9756017 0.9231411 0.9320602 0.9310706 1.0199757 0.4896075 0.4323811 0.4657452 0.4781640 0.0000000 0.9097911 0.9113895 0.0000010 0.9461358 0.9875789 0.9916634 0.9370015 1.0788432 1.1077259 1.0860530 1.2483623 1.0874455 1.1030762 1.0827508 1.2039072 1.1087277 1.1115363 1.1660610 1.0339517 0.9695035 0.9992517 1.1051642 1.2230840 0.9562740 1.6278428 1.6224619 1.6907450 1.7720437 2.0212879 2.1459108 4.2705422 1.7154693 1.6095037 1.7508751 1.9868725 2.9536532 
Aque_Aqu2.1.42268_001                               0.8643298 0.8478578 0.7845761 0.7361263 0.8816200 0.8728844 0.7937292 0.8942578 0.8332837 0.8608426 0.8899168 0.8530245 0.8552545 0.7576114 0.8311001 0.8319167 0.9873581 0.7321013 0.8363884 0.9492613 0.9389596 0.8122305 0.9105315 0.9103909 0.8820871 0.8820871 0.8496721 1.0899383 0.9790955 0.9685097 0.9876915 0.8823826 0.8966790 1.5660305 0.8965845 0.9006742 0.8687132 0.8831650 0.9097911 0.0000000 0.2341157 0.3427747 0.5040309 0.6723868 0.6808691 0.6147114 1.2026273 1.1601757 1.1474096 1.2936836 1.1618485 1.1801178 1.1733883 1.1499037 1.1415997 1.0449576 1.1055394 0.9862416 1.1375103 1.0296054 1.3077278 1.2159912 1.0187842 1.3843204 1.3339009 1.4813071 1.4176443 1.4008496 1.8726011 2.3910637 1.7094562 1.6560734 1.6496131 1.5180862 2.0925338 
Halamb_c45304_g1_i1m.18752                          0.9042983 0.8449591 0.7223411 0.6808064 0.8848915 0.8921629 0.8039757 0.9103469 0.8247733 0.8542050 0.8735430 0.8399084 0.8640270 0.7415226 0.8367241 0.8282627 1.0274532 0.7544863 0.8191165 0.9529835 0.9838006 0.8135262 0.8804300 0.8656366 0.8401462 0.8401462 0.8114464 1.0739665 0.9778592 0.9113738 0.9294669 0.8997327 0.8833639 1.5481632 0.8559504 0.8476328 0.7892096 0.8214570 0.9113895 0.2341157 0.0000000 0.3339547 0.5499045 0.6649975 0.6933160 0.6658782 1.2540536 1.1779540 1.1845258 1.3369550 1.1561971 1.1854428 1.1857671 1.1643284 1.1260427 1.0207950 1.1598498 0.9662635 1.0812997 1.0573725 1.3095328 1.1528620 0.9898363 1.4015476 1.3001963 1.4753778 1.4519092 1.4746992 1.8899281 2.4281944 1.6548346 1.6357258 1.6306479 1.5367437 2.1207645 
Xestes_maker-XT_scaffold100374-snap-gene-0.9-mRNA-1 0.9820031 0.8768565 0.8671032 0.1071865 0.8422853 0.7976878 0.6424791 0.9673123 1.0116100 0.9736005 0.9628579 1.0110769 0.9695510 0.4094721 0.6614293 1.0762484 1.1239142 0.7822823 0.8033027 0.9397643 0.8640435 0.6686995 0.9865367 0.9565773 0.8656695 0.8656695 0.7275599 0.9627038 0.8241942 0.6528548 0.4965034 0.8405068 0.8590272 0.0000010 0.8825060 0.0000010 0.8648369 0.7850486 0.0000010 0.3427747 0.3339547 0.0000000 0.3904478 0.6255284 0.8135133 0.8452238 1.2701560 0.2717109 1.0798949 0.0000010 1.1424774 1.2232269 1.2175463 1.0304628 1.1696435 0.8325257 1.0471836 0.8809110 0.8411188 0.9814114 1.2332059 1.1022859 0.9843251 1.1357768 1.1467397 1.0844467 0.9554849 0.9376245 1.2650185 1.1609214 1.1260507 1.2179587 1.1202205 1.2358029 1.3219892 
Stycar_maker-SC_scaffold1250-snap-gene-0.5-mRNA-1   0.7971908 0.8732397 0.6283172 0.5868202 0.6884908 0.6980243 0.7776002 0.7743327 0.8791011 0.8917614 0.9027758 0.8683128 0.8918418 0.7247614 0.6813209 0.8782198 1.1182675 0.7840335 0.8798955 0.9219789 0.8973176 0.8823741 0.8009775 0.7988461 0.8006461 0.8006461 0.8070999 0.7663804 0.9132574 0.9605714 0.7431949 0.7776439 0.7526678 0.9905294 0.6052565 0.7529741 0.6343356 0.7240155 0.9461358 0.5040309 0.5499045 0.3904478 0.0000000 0.6116834 0.6126963 0.4324268 0.9044275 1.5491034 0.8474201 4.3719787 0.9110058 0.9075486 0.8846458 0.9171005 0.8545710 0.8614059 0.9809695 0.8174839 0.8091578 0.8452818 1.0063536 0.9287538 0.8201087 1.3140472 1.1934279 1.2649096 1.3321209 1.3802184 1.3478978 0.9721346 1.2254434 1.1780605 1.2441165 1.5039889 1.4210903 
Plespi_Pspi_C609428_01                              0.8773442 0.8714956 0.7791181 0.7413132 0.8274078 0.9045597 0.8201836 1.0178528 0.8713858 0.9123731 0.9584083 0.9005351 0.9117669 0.8054226 0.8445378 0.8640759 1.0669161 0.8872488 0.8776286 1.1066464 1.0047660 0.8623861 0.9441918 0.9354178 0.8799989 0.8799989 0.8661944 1.0844710 1.0266326 0.9476814 1.0651987 0.9644963 0.9479495 1.6807317 0.8617013 0.9318890 0.8697843 0.8718191 0.9875789 0.6723868 0.6649975 0.6255284 0.6116834 0.0000000 0.8581938 0.7631977 1.1785389 1.3433904 1.1500716 1.4347998 1.0940280 1.1291917 1.1256814 1.1651694 1.1469735 1.0908725 1.0200061 0.9627813 0.9771280 1.0038880 1.2253680 1.2655928 1.0613299 1.4115866 1.2194238 1.3571405 1.5288921 1.6362828 1.9552726 2.4131639 1.6598219 1.6693644 1.5743163 1.5697219 2.2150389 
Emue_Em0021g82a.t1                                  1.0181666 0.9260620 0.8073639 0.7666923 0.9234329 0.9548437 0.8255638 0.8766477 1.0034234 0.9918866 1.0525121 1.0269573 1.0018458 0.8144434 1.0184971 1.0472676 1.1988404 0.8642835 0.9975302 1.0032096 0.9498075 0.8097260 0.8974838 0.8866500 0.8733403 0.8733403 0.8226056 1.1017318 0.9390909 0.8859032 1.0822440 1.0251927 1.0275931 1.7815437 1.0045592 0.8335024 1.0472894 1.0279613 0.9916634 0.6808691 0.6933160 0.8135133 0.6126963 0.8581938 0.0000000 0.1178515 1.3023974 1.4595486 1.1784678 1.3530308 1.3387582 1.3992154 1.3792952 1.2695845 1.2193989 1.1999953 1.2855213 0.9910749 1.2028464 1.1132864 1.3644697 1.3871934 1.1860141 1.5550878 1.6008786 1.7592588 1.5945046 1.5829090 2.1102925 2.9179660 1.8471711 1.9268958 1.7919253 1.6742634 2.1477432 
Spolac_c100551_g1_i3_m.22818c100551-g1              0.8996804 0.8534768 0.7612416 0.7043392 0.8550193 0.9490283 0.7636749 0.8050752 0.8849100 0.9219739 0.9393887 0.9202712 0.9207289 0.7496437 0.8919574 0.9198619 1.0763475 0.8298120 0.9216249 1.0378773 0.9406757 0.8067352 0.8898294 0.8855069 0.8767732 0.8767732 0.7973267 0.9830748 0.9192075 0.8848823 1.0928423 0.9687448 0.9643255 1.3568603 0.9401677 0.8229344 0.9651220 0.9519780 0.9370015 0.6147114 0.6658782 0.8452238 0.4324268 0.7631977 0.1178515 0.0000000 1.1865069 1.3761554 1.1362580 1.3800080 1.2364660 1.2664907 1.2437989 1.1802093 1.1237500 1.1354245 1.0962488 0.8970262 1.0762104 1.0084288 1.2348916 1.2593462 1.1100289 1.3905332 1.4211553 1.5657719 1.4961152 1.5053560 1.9317228 2.4941430 1.7025726 1.6576658 1.6838204 1.6326868 2.0126531 
Pbac_sb2648781                                      1.0923334 1.1433690 1.1977407 1.0153301 1.1446315 1.1388676 1.1861549 1.1249263 1.1015753 1.1338574 1.1685886 1.1706212 1.1235539 0.9603405 0.9635239 1.0794905 1.3694849 1.1016193 1.1643021 1.2626460 1.2496191 1.1105039 1.1741981 1.1559589 1.1969448 1.1969448 1.1530772 1.3609529 1.2210251 1.1411237 1.0689906 1.1598140 1.1845638 1.9639864 1.1749717 1.1662953 1.1341174 1.2020572 1.0788432 1.2026273 1.2540536 1.2701560 0.9044275 1.1785389 1.3023974 1.1865069 0.0000000 0.2371796 0.3119027 0.3380394 0.3416838 0.3536671 0.3492577 0.3237916 0.3907214 1.3580086 1.3470185 1.2974813 1.2569132 1.2846561 1.5499657 1.5601415 1.2760783 1.5822970 1.7701906 1.8767199 1.7087495 1.9489765 2.3444213 1.2293207 1.7428569 1.8197062 1.8590283 1.6948234 2.6430670 
Bolinf_Binf_sb1220078                               1.2464181 1.2005618 1.3458127 1.2236616 1.3218730 1.3090487 1.3436080 1.3780976 1.0820844 1.1485531 1.2591730 1.1115411 1.1172898 1.1551217 1.1951362 1.0242152 1.3587172 1.1866628 1.3043955 1.3643135 1.3326469 1.2875886 1.1897666 1.1947849 1.2320362 1.2320362 1.2749970 1.6176541 1.4348270 1.4080163 1.1693329 1.2107122 1.2539852 1.8205161 1.2241789 1.1675613 1.0750461 1.1638850 1.1077259 1.1601757 1.1779540 0.2717109 1.5491034 1.3433904 1.4595486 1.3761554 0.2371796 0.0000000 0.1711434 0.2809996 0.3405402 0.3662673 0.3535424 0.3159994 0.3544143 1.3912823 1.4526174 1.3978802 1.4250437 1.3056223 1.5415292 1.7198444 1.6835748 1.8705436 2.5906395 2.3244485 2.1606748 2.2342482 3.0106542 3.5381042 2.5230760 2.2423861 2.5113655 2.1603520 4.8661852 
Beraby_Baby_sb340515                                1.0849227 1.1270198 1.1791917 0.9896087 1.1317549 1.1455447 1.1920923 1.2185081 1.0587707 1.0955543 1.1560954 1.1076014 1.1203573 0.9796292 0.9941243 1.0854268 1.3525102 1.0736047 1.1514500 1.2814226 1.2082055 1.1307996 1.2165483 1.1980491 1.2488128 1.2488128 1.1891530 1.3843349 1.1812924 1.0666803 0.9984169 1.0955044 1.1250973 1.8229345 1.0250312 1.0588441 1.0323742 1.0586695 1.0860530 1.1474096 1.1845258 1.0798949 0.8474201 1.1500716 1.1784678 1.1362580 0.3119027 0.1711434 0.0000000 0.2697518 0.3790949 0.3813509 0.3845704 0.2920071 0.4433059 1.2859132 1.3453514 1.3274745 1.2252854 1.3766030 1.5534882 1.4647171 1.3339475 1.5956447 1.6408924 1.7836366 1.7048963 1.8528929 2.3274544 1.3826088 1.9131795 1.9375762 1.9569480 1.7673478 2.8496595 
