60
Hsap_ENST00000370187                                  0.0000000 0.3653983 0.3061244 0.3315972 0.4064938 0.3890081 0.3487162 0.3312517 0.5470018 0.3571615 0.3735378 0.3783447 0.3841566 0.4550810 0.6968025 0.4833034 0.4774541 0.3741603 0.3546270 0.3696892 0.5930835 0.5378069 0.4863423 0.5450876 0.5908573 0.6606790 0.6123285 0.7049328 0.7458052 0.8267376 0.8536289 0.5213002 0.7766800 0.6030594 0.9720694 1.3929309 1.4119962 1.2496623 1.4578358 1.3364146 1.2546393 1.2023293 1.1899711 1.1391453 1.7730900 1.1523052 2.9254976 3.5954908 4.0437199 3.1695087 3.6424818 3.8614381 3.0573692 3.1638670 3.2360266 2.8526492 2.4118545 2.9161737 3.7872755 4.1200989 
Cscu_XM_023360005.1                                   0.3653983 0.0000000 0.3096459 0.4059830 0.4471641 0.4144432 0.3382111 0.4397177 0.6327471 0.4134868 0.4344021 0.4303352 0.4320725 0.5696113 0.7969145 0.5686969 0.5545874 0.4009949 0.3288951 0.3131333 0.6230803 0.5310002 0.5441503 0.6311115 0.6323853 0.6837959 0.6029275 0.6750548 0.7072354 0.8593123 0.8354628 0.6139595 0.8853921 0.6777832 0.9901864 1.3517916 1.2993394 1.2509004 1.4318767 1.3870006 1.3038116 1.2825798 1.1908509 1.0997384 1.7182935 1.1726833 2.9603957 3.7676702 4.1612893 3.1382981 3.6686164 3.7036158 3.4004715 3.0161393 3.1200664 2.9228756 2.6292718 2.7664615 3.9271906 4.0922926 
Bralan_BLAG03001481_1                                 0.3061244 0.3096459 0.0000000 0.2488220 0.3895546 0.3736785 0.3331286 0.3503048 0.5842809 0.3732305 0.3911233 0.3940064 0.3881906 0.4928799 0.8092799 0.4870408 0.5168832 0.3495170 0.3230314 0.3964840 0.5792965 0.5033432 0.5358709 0.5639615 0.5783915 0.6129482 0.5719432 0.6513376 0.6681839 0.8669973 0.8598207 0.5709584 0.8071053 0.5836928 1.0159192 1.3850591 1.4030009 1.2793669 1.3822131 1.3919977 1.3048256 1.2527922 1.2524129 1.1722146 1.7835197 1.3121185 3.1366603 3.5992051 4.0099136 3.2093948 3.9360944 3.9482796 3.4230618 3.0722666 3.3584534 2.7673785 2.5626065 2.8846231 3.5782754 4.4429418 
Skow_NM_001171215.1-2                                 0.3315972 0.4059830 0.2488220 0.0000000 0.4657005 0.4002930 0.3615556 0.2987190 0.5408244 0.3604327 0.3930079 0.4083669 0.3745432 0.4287425 0.4765816 0.3774992 0.3857488 0.3717823 0.3608287 0.4180745 0.4982490 0.4991486 0.5506050 0.6039785 0.6637511 0.7671667 0.6070019 0.6197864 0.7127461 0.8247318 0.8463213 0.5059212 0.7871674 0.6153130 0.9062125 1.3106707 1.2852828 1.3707095 1.4255137 1.5123773 1.3364765 1.3330290 1.2958582 1.0835646 1.8000678 1.2183727 3.1424218 3.5017912 3.9292857 3.5812623 3.7529553 3.8238213 3.1151980 3.0246707 3.3179067 3.1992101 2.5808767 2.4209569 3.1587099 4.1499826 
Ctel_gnl_WGS_AMQN_CAPTEDRAFT_mRNA148311               0.4064938 0.4471641 0.3895546 0.4657005 0.0000000 0.3549968 0.2614711 0.3899613 0.6577485 0.4599511 0.4467358 0.4529228 0.4604166 0.5723134 0.8454800 0.5593157 0.5494687 0.4530530 0.3802456 0.5062600 0.6483597 0.5839748 0.6079027 0.6086098 0.6697860 0.7566494 0.6446499 0.7213935 0.7084961 0.9609080 0.9550187 0.6604636 0.9175887 0.6564033 1.1299914 1.3092490 1.3436083 1.2874115 1.5006484 1.3262418 1.2753050 1.2999729 1.2167403 1.1452959 1.7575798 1.3654852 3.1979884 3.5231129 4.0542626 3.0350713 3.6292800 3.5933214 3.4850789 2.9909124 3.1314555 2.9572106 2.6787449 2.6137732 3.9788336 4.0008243 
Cgig_XM_011458678.3                                   0.3890081 0.4144432 0.3736785 0.4002930 0.3549968 0.0000000 0.2460550 0.3660524 0.5890404 0.4165894 0.4393051 0.4479639 0.4412964 0.5076376 0.7411854 0.4998125 0.5083739 0.4594351 0.4061032 0.4863312 0.6686762 0.5787749 0.5233777 0.6160873 0.7310146 0.7958869 0.7147320 0.6921873 0.7122552 0.9123643 0.9056571 0.6218571 0.9475006 0.6444702 1.0878398 1.3579281 1.3611427 1.2439196 1.4562237 1.2795744 1.2512955 1.2576490 1.2266646 1.0668217 1.7927765 1.2704503 2.9126454 3.8119960 4.5026627 3.0013864 3.8645534 3.7702815 3.1427896 3.1320836 3.3623116 2.7443527 2.5717059 2.7563035 4.0899932 4.2626512 
Acagra_model.g1198.t1                                 0.3487162 0.3382111 0.3331286 0.3615556 0.2614711 0.2460550 0.0000000 0.3409570 0.5878129 0.3844521 0.4055513 0.4090336 0.3994751 0.5121376 0.7470588 0.4756941 0.4763119 0.3969723 0.3602547 0.4399813 0.5660657 0.4974490 0.4659527 0.5595972 0.6368138 0.7083479 0.5917712 0.7002351 0.6913555 0.9061771 0.8625400 0.6186323 0.8906480 0.5898435 1.0493945 1.3434699 1.3375678 1.2368183 1.3696783 1.2792491 1.2471070 1.2839857 1.2002430 1.1160080 1.7318071 1.1995310 3.1536657 3.5455169 3.9248474 3.2333846 4.0391558 4.0323173 3.4186745 3.0808163 3.3770976 2.8083943 2.6867705 2.5579042 3.7765497 4.3288022 
Nvec_v1g228088                                        0.3312517 0.4397177 0.3503048 0.2987190 0.3899613 0.3660524 0.3409570 0.0000000 0.3295356 0.2061335 0.2170300 0.2339866 0.2211425 0.2250480 0.4007815 0.3286390 0.3603791 0.3872840 0.4286361 0.4570811 0.5729246 0.5336366 0.4885929 0.4794638 0.6352975 0.6343690 0.5930909 0.5492905 0.6123388 0.7396248 0.7887275 0.5802472 0.7140022 0.3647309 0.8611013 1.1442094 1.0711569 1.1021859 1.3618217 1.1296268 1.1246619 1.1155406 1.0519667 1.0153938 1.5393507 1.1770479 2.8569836 3.6941281 3.9512393 3.4065588 3.7656057 3.9134790 3.3310103 2.8982601 2.8212298 2.7164971 2.5515428 2.5892724 3.7868878 4.0056099 
Adig_XM_015917981.1                                   0.5470018 0.6327471 0.5842809 0.5408244 0.6577485 0.5890404 0.5878129 0.3295356 0.0000000 0.1646510 0.2100143 0.2132039 0.2508752 0.1895257 0.1456223 0.5080783 0.5297696 0.6725999 0.6081286 0.6758421 0.8497306 0.7888172 0.7923415 0.7829887 0.9972006 0.9469034 0.8008190 0.8702928 1.1012148 1.1402324 1.1786112 0.7720889 1.0950854 0.4925209 1.2940177 1.4457432 1.3413410 1.5174066 1.8495786 1.6166707 1.5661251 1.4953665 1.5161855 1.4104476 2.2400189 1.7318484 3.3045214 4.9532783 4.9388077 3.6979531 4.3659260 4.1878528 3.9062888 3.1478945 3.7026561 3.5309312 2.9596800 3.2318185 5.0248914 5.8006211 
Gfas_gfas1.m1.19085.m1                                0.3571615 0.4134868 0.3732305 0.3604327 0.4599511 0.4165894 0.3844521 0.2061335 0.1646510 0.0000000 0.0914827 0.0973074 0.1243319 0.0449717 0.1882796 0.3946054 0.4005906 0.4692406 0.4285730 0.4347222 0.5738385 0.5615765 0.5474383 0.5714438 0.6271362 0.6392418 0.5572398 0.6533050 0.7718414 0.8190805 0.8640512 0.5440037 0.8331762 0.4279805 0.8842462 1.2346720 1.1392812 1.2054136 1.4270707 1.2840719 1.1796111 1.1536238 1.1498312 1.0548717 1.6839204 1.2138620 2.9013205 3.8534980 4.0556647 3.6042698 3.7289006 3.6771695 3.2556631 2.8133976 3.1199419 3.1353329 2.6276257 2.6802665 4.1191625 4.6836079 
Spis_XP_022792689_1                                   0.3735378 0.4344021 0.3911233 0.3930079 0.4467358 0.4393051 0.4055513 0.2170300 0.2100143 0.0914827 0.0000000 0.0270377 0.0809730 0.0672121 0.2671101 0.4244489 0.4335525 0.4713145 0.4466087 0.4796328 0.5851135 0.5786490 0.5429444 0.5584872 0.6219340 0.6570472 0.6064346 0.6534320 0.7909176 0.8447423 0.8819649 0.5474284 0.8320270 0.4433744 0.9559854 1.1852069 1.0952227 1.2398740 1.5216086 1.3327870 1.2309680 1.2235523 1.2140655 1.1104182 1.7262911 1.2401004 2.8466119 3.8787694 4.1390465 3.3826898 3.6579291 3.5997811 3.3208582 2.9165720 3.0418559 2.9124630 2.7120846 2.6254095 3.9423421 4.4303498 
Pocdam_XM_027193130.1                                 0.3783447 0.4303352 0.3940064 0.4083669 0.4529228 0.4479639 0.4090336 0.2339866 0.2132039 0.0973074 0.0270377 0.0000000 0.0926938 0.0787209 0.2777011 0.4378027 0.4363315 0.4782264 0.4592563 0.4930039 0.5936698 0.5730664 0.5475168 0.5556929 0.6305063 0.6567024 0.5932353 0.6556724 0.7914621 0.8475364 0.8849646 0.5572937 0.8389282 0.4551413 0.9456941 1.2017694 1.1202398 1.2470540 1.5801307 1.3328922 1.2298036 1.2266476 1.2079835 1.1348413 1.7502506 1.2872266 2.9656455 3.9353467 4.1984855 3.4409969 3.6727791 3.6250238 3.3579267 2.9381529 3.1266106 2.9390087 2.7527249 2.6471665 3.9842331 4.5673246 
Fspp_ffun1.m4.19300.m1                                0.3841566 0.4320725 0.3881906 0.3745432 0.4604166 0.4412964 0.3994751 0.2211425 0.2508752 0.1243319 0.0809730 0.0926938 0.0000000 0.0949966 0.3143034 0.4031676 0.4078285 0.4824409 0.4392607 0.4752273 0.5858184 0.5616508 0.5300023 0.5553574 0.6173402 0.6648759 0.5734317 0.6378468 0.7919035 0.8417284 0.8854904 0.5319677 0.8389245 0.4640522 0.8611081 1.1681077 1.1228257 1.2419362 1.5010710 1.3612149 1.2159403 1.2207454 1.2307775 1.1013522 1.7719766 1.2440815 2.8209132 3.6450991 3.8488146 3.1877612 3.6612105 3.6491130 3.2537576 2.8659839 3.0357076 2.9275080 2.7263504 2.5729804 3.7101349 4.4572988 
Gasp_gasp1.m3.4548.m1                                 0.4550810 0.5696113 0.4928799 0.4287425 0.5723134 0.5076376 0.5121376 0.2250480 0.1895257 0.0449717 0.0672121 0.0787209 0.0949966 0.0000000 0.1150637 0.4983550 0.4969350 0.6300542 0.5316671 0.5795297 0.6530123 0.6945579 0.6369626 0.7193385 0.7031593 0.8583065 0.7274440 0.7392936 0.9143057 1.0008153 1.0702405 0.5703063 1.0131710 0.5770738 0.9048198 1.5465221 1.4070589 1.5844961 1.4897618 1.7049989 1.5517051 1.5833763 1.5447776 1.2774103 1.8339162 1.1951249 3.4748988 4.4803560 5.1635147 4.7260438 4.1433779 4.0629855 3.7450299 3.1218956 3.7031783 3.5271953 2.9922667 2.6286155 4.0894315 5.0442315 
Amil_Amillepora18078-RA                               0.6968025 0.7969145 0.8092799 0.4765816 0.8454800 0.7411854 0.7470588 0.4007815 0.1456223 0.1882796 0.2671101 0.2777011 0.3143034 0.1150637 0.0000000 0.6405256 0.6380069 0.9312565 0.7863488 0.8631573 0.9997616 0.9780361 0.7441787 1.0672023 0.8623839 1.2274532 1.0360105 1.1297345 1.2772649 1.5278909 1.6079863 1.0398339 1.4448985 0.6680931 1.0799150 1.8343563 1.6740829 1.8820572 1.5522456 2.0467737 1.9510341 1.9359223 1.9049978 1.6480948 2.1776566 1.2230468 4.2380409 5.7787133 5.4965662 5.2286388 5.0736601 4.8774369 4.4500697 3.8136185 4.0619130 4.3189378 3.3213473 2.9395505 4.8864696 5.7562576 
Dgig_XM_028535290.1                                   0.4833034 0.5686969 0.4870408 0.3774992 0.5593157 0.4998125 0.4756941 0.3286390 0.5080783 0.3946054 0.4244489 0.4378027 0.4031676 0.4983550 0.6405256 0.0000000 0.1295849 0.4988300 0.4946505 0.5050241 0.6258143 0.5801882 0.6105851 0.5886630 0.6815475 0.7315632 0.6645487 0.6490066 0.7091823 0.8244946 0.8438065 0.6328577 0.9307524 0.5935081 1.0097627 1.2462062 1.1970863 1.2298791 1.3812879 1.2054221 1.1667973 1.1985029 1.1221314 1.0136231 1.7261966 1.2135805 2.8933841 3.6663372 3.6904520 3.4658247 3.7439347 3.7922359 3.4531908 3.1068856 3.1220528 3.0659579 2.4925598 2.8165887 4.0265444 4.0917219 
Xesp_013930-T1                                        0.4774541 0.5545874 0.5168832 0.3857488 0.5494687 0.5083739 0.4763119 0.3603791 0.5297696 0.4005906 0.4335525 0.4363315 0.4078285 0.4969350 0.6380069 0.1295849 0.0000000 0.4924397 0.4792716 0.4804574 0.6794832 0.6253969 0.6497035 0.6095039 0.7108249 0.7372952 0.6540875 0.6496945 0.7200646 0.8712754 0.8874298 0.6367513 0.9178240 0.6321663 0.9241025 1.2672341 1.2224314 1.2573245 1.4188833 1.2326929 1.1905308 1.2261021 1.1295757 1.0106095 1.7228936 1.2075949 2.8313640 3.6028439 3.9825089 3.4468476 3.7439336 4.0176982 3.3841604 3.0859295 3.1964818 3.0852648 2.5062783 2.8809304 3.8888769 4.2388766 
Spur_XM_779090.5                                      0.3741603 0.4009949 0.3495170 0.3717823 0.4530530 0.4594351 0.3969723 0.3872840 0.6725999 0.4692406 0.4713145 0.4782264 0.4824409 0.6300542 0.9312565 0.4988300 0.4924397 0.0000000 0.3567855 0.4396459 0.6736699 0.5876642 0.6603521 0.5744847 0.6738228 0.6896576 0.6142601 0.6483095 0.7068340 0.8167754 0.8151429 0.6061525 0.8523060 0.6539987 1.0549077 1.3359309 1.4009583 1.2759926 1.4639190 1.3732466 1.2886014 1.2847812 1.2146748 1.1105995 1.7797304 1.2203437 2.9715127 3.7836672 4.1176551 3.3781251 3.5239744 3.7017172 3.3488831 3.0914777 2.8626923 2.9167719 2.3903738 2.8208637 3.8638190 4.4806304 
Dpul_mRNA8280                                         0.3546270 0.3288951 0.3230314 0.3608287 0.3802456 0.4061032 0.3602547 0.4286361 0.6081286 0.4285730 0.4466087 0.4592563 0.4392607 0.5316671 0.7863488 0.4946505 0.4792716 0.3567855 0.0000000 0.3390202 0.5773998 0.5100049 0.5400603 0.5899381 0.6762135 0.6929418 0.6181649 0.6117694 0.6428412 0.8631377 0.8553178 0.6087606 0.8490921 0.5984700 0.9631967 1.3692357 1.3499692 1.2992130 1.6284402 1.3872993 1.2988227 1.3101207 1.2949150 1.1597634 1.5688091 1.2842709 2.9604643 3.6031809 3.9931848 3.3789501 3.4411186 3.5672390 3.1267449 2.9399603 3.0037457 2.6659276 2.4619424 2.5790737 3.5815012 4.1170374 
Tcas_TC001086_001                                     0.3696892 0.3131333 0.3964840 0.4180745 0.5062600 0.4863312 0.4399813 0.4570811 0.6758421 0.4347222 0.4796328 0.4930039 0.4752273 0.5795297 0.8631573 0.5050241 0.4804574 0.4396459 0.3390202 0.0000000 0.5658174 0.5213245 0.5383453 0.6337868 0.7091376 0.7111343 0.5934089 0.6933971 0.6974401 0.8616314 0.8635809 0.6054495 0.8195531 0.6859704 1.0626933 1.2924208 1.2987715 1.1827256 1.4962678 1.2620554 1.1827604 1.2613032 1.1763719 1.0421008 1.6155464 1.1739413 2.9306101 3.2350690 4.1154720 3.3870842 3.3789060 3.3135645 2.9985081 2.7588564 2.8776625 2.9977483 2.5543323 3.0093601 3.6584100 4.1942460 
Nemnom_g18663.t1                                      0.5930835 0.6230803 0.5792965 0.4982490 0.6483597 0.6686762 0.5660657 0.5729246 0.8497306 0.5738385 0.5851135 0.5936698 0.5858184 0.6530123 0.9997616 0.6258143 0.6794832 0.6736699 0.5773998 0.5658174 0.0000000 0.0929513 0.2218355 0.4410238 0.6803055 0.8078112 0.7151253 0.5805297 0.5546937 0.9483672 1.0058549 0.6811877 0.8611025 0.8193814 1.0269758 1.2857156 1.2007219 1.2275127 1.4464700 1.2991341 1.2266033 1.3281883 1.3336157 1.1878419 1.8183508 1.2610536 3.1975044 3.9873977 3.8599184 3.6410120 3.4133987 3.2675585 2.9201200 3.0273929 3.0038233 2.7658709 2.6211416 2.8502147 3.7159181 4.1451439 
Rhoesc_Res_003113-T1                                  0.5378069 0.5310002 0.5033432 0.4991486 0.5839748 0.5787749 0.4974490 0.5336366 0.7888172 0.5615765 0.5786490 0.5730664 0.5616508 0.6945579 0.9780361 0.5801882 0.6253969 0.5876642 0.5100049 0.5213245 0.0929513 0.0000000 0.2202256 0.3989301 0.7037469 0.7762907 0.6506474 0.5330240 0.5575994 0.8755083 0.9177606 0.6133344 0.8200484 0.7624794 1.0664224 1.1752682 1.2003360 1.1593017 1.4334724 1.2096867 1.1667686 1.2328297 1.2240873 1.0737028 1.7256841 1.1928658 3.0297786 3.7441341 3.8125079 3.5474202 3.4031250 3.3566086 2.9553498 2.9397703 3.0383271 2.6628927 2.5042938 2.8169410 3.4548103 4.1606665 
Sanmal_Sma_009012-T1                                  0.4863423 0.5441503 0.5358709 0.5506050 0.6079027 0.5233777 0.4659527 0.4885929 0.7923415 0.5474383 0.5429444 0.5475168 0.5300023 0.6369626 0.7441787 0.6105851 0.6497035 0.6603521 0.5400603 0.5383453 0.2218355 0.2202256 0.0000000 0.3753720 0.7317778 0.7983033 0.7083675 0.4860012 0.4940600 0.8492214 0.8601573 0.5912333 0.8550110 0.7648547 0.9875871 1.2119864 1.2007280 1.3290473 1.5236456 1.3822492 1.2943384 1.2875815 1.2648879 1.1436711 1.8489163 1.3209624 3.1389878 3.8027990 3.5557806 3.6550246 3.2847992 3.4543493 3.0396694 3.3181643 3.3384304 2.8939578 2.5489912 2.3550541 2.9462288 4.1856889 
Morvir_scaffold5.g140.t2                              0.5450876 0.6311115 0.5639615 0.6039785 0.6086098 0.6160873 0.5595972 0.4794638 0.7829887 0.5714438 0.5584872 0.5556929 0.5553574 0.7193385 1.0672023 0.5886630 0.6095039 0.5744847 0.5899381 0.6337868 0.4410238 0.3989301 0.3753720 0.0000000 0.7629044 0.8136594 0.7021380 0.5849059 0.5984921 0.9028431 0.9600781 0.7061522 0.9842936 0.7921587 1.2600984 1.2546497 1.2590503 1.2885021 1.5270097 1.3339068 1.2396854 1.2544368 1.1555081 1.1278578 1.8619085 1.3653611 3.0402000 3.6369288 3.9344593 3.4894574 3.4293228 3.4523425 3.3315305 3.1412176 3.2056997 2.8250454 2.4989128 2.7908534 3.6987245 4.0400879 
Ocar_g5483                                            0.5908573 0.6323853 0.5783915 0.6637511 0.6697860 0.7310146 0.6368138 0.6352975 0.9972006 0.6271362 0.6219340 0.6305063 0.6173402 0.7031593 0.8623839 0.6815475 0.7108249 0.6738228 0.6762135 0.7091376 0.6803055 0.7037469 0.7317778 0.7629044 0.0000000 0.0000010 0.3645134 0.8957673 0.8236705 0.8588222 0.8437114 0.4767419 0.7268441 0.9197527 0.9142953 1.3444950 1.3264885 1.4396866 1.7924357 1.5600725 1.4301623 1.4110814 1.4272747 1.2388615 1.8402888 1.4252450 3.1017288 3.3892542 3.9999825 3.0369686 3.1993751 3.4277618 3.1589452 2.8462732 3.1735125 3.2013030 2.6912029 2.3372833 2.7729459 4.3201809 
Opea_EP00118_Oscarella_pearsei_P022003                0.6606790 0.6837959 0.6129482 0.7671667 0.7566494 0.7958869 0.7083479 0.6343690 0.9469034 0.6392418 0.6570472 0.6567024 0.6648759 0.8583065 1.2274532 0.7315632 0.7372952 0.6896576 0.6929418 0.7111343 0.8078112 0.7762907 0.7983033 0.8136594 0.0000010 0.0000000 0.3958031 0.9461408 0.9105431 0.9430257 0.9171839 0.5656878 0.8875158 0.9072126 1.1119177 1.3918444 1.3222569 1.4000909 1.7924357 1.5156558 1.4249125 1.3408717 1.3625474 1.2367560 1.9854922 1.4252450 3.1767864 3.5608035 4.2260731 3.0414358 3.5188252 3.6319454 3.3151168 3.1283521 3.2153495 3.1479506 2.8167667 3.0244931 3.7650290 4.4107580 
Plajan_Pjan_C564160_01                                0.6123285 0.6029275 0.5719432 0.6070019 0.6446499 0.7147320 0.5917712 0.5930909 0.8008190 0.5572398 0.6064346 0.5932353 0.5734317 0.7274440 1.0360105 0.6645487 0.6540875 0.6142601 0.6181649 0.5934089 0.7151253 0.6506474 0.7083675 0.7021380 0.3645134 0.3958031 0.0000000 0.8638269 0.8142418 0.7827945 0.8428163 0.5978291 0.7705473 0.8328307 0.8009899 1.2742268 1.2727022 1.2846745 1.7570746 1.3288530 1.2928576 1.3217157 1.2918605 1.1598015 1.7197120 1.3668971 3.0955855 3.6202626 3.8658336 3.3705573 3.4964181 3.6007351 3.1852262 3.1172567 3.0063970 3.0490393 2.6973298 2.5099044 3.5444002 4.3525063 
Hvul_g2095_1                                          0.7049328 0.6750548 0.6513376 0.6197864 0.7213935 0.6921873 0.7002351 0.5492905 0.8702928 0.6533050 0.6534320 0.6556724 0.6378468 0.7392936 1.1297345 0.6490066 0.6496945 0.6483095 0.6117694 0.6933971 0.5805297 0.5330240 0.4860012 0.5849059 0.8957673 0.9461408 0.8638269 0.0000000 0.4165676 0.9506259 1.0009168 0.8227469 1.1254174 0.9186956 1.1844472 1.4043029 1.4147428 1.2251579 1.3978239 1.2990210 1.1926982 1.2095112 1.2246905 1.0256971 1.7899834 1.3625224 3.1369061 3.9142729 3.9268086 3.4078863 3.6924277 3.9153633 3.3489107 3.1671456 3.0566023 2.9543558 2.4989475 2.8130040 4.3385418 4.3277376 
Chem_TCONS_00012782                                   0.7458052 0.7072354 0.6681839 0.7127461 0.7084961 0.7122552 0.6913555 0.6123388 1.1012148 0.7718414 0.7909176 0.7914621 0.7919035 0.9143057 1.2772649 0.7091823 0.7200646 0.7068340 0.6428412 0.6974401 0.5546937 0.5575994 0.4940600 0.5984921 0.8236705 0.9105431 0.8142418 0.4165676 0.0000000 0.9944584 0.9986008 0.7640160 1.0851324 0.9316940 1.3254532 1.3323677 1.2674444 1.1928274 1.4887715 1.2763061 1.1456462 1.2139472 1.2451733 1.0961911 1.7561885 1.4891596 2.9342846 4.0265674 3.7169186 3.4902289 3.5060588 3.4835134 3.2333892 2.9299031 3.0537645 2.9841162 2.6739159 3.1321063 4.0251901 4.0634568 
Aque_Aqu2.1.41955_001                                 0.8267376 0.8593123 0.8669973 0.8247318 0.9609080 0.9123643 0.9061771 0.7396248 1.1402324 0.8190805 0.8447423 0.8475364 0.8417284 1.0008153 1.5278909 0.8244946 0.8712754 0.8167754 0.8631377 0.8616314 0.9483672 0.8755083 0.8492214 0.9028431 0.8588222 0.9430257 0.7827945 0.9506259 0.9944584 0.0000000 0.1943039 0.5050228 0.6698498 1.0906269 0.8971088 1.4455448 1.3101308 1.3569942 1.8965991 1.5103289 1.3891054 1.3972227 1.3655374 1.2645845 1.9176010 1.0306855 3.1158951 3.5383815 3.7802576 3.3140786 3.5522044 3.4930864 3.5709006 3.6550841 3.0816512 3.1294941 2.8823166 2.8522967 3.9618456 4.4913690 
Halamb_c41639_g1_i2mm.969                             0.8536289 0.8354628 0.8598207 0.8463213 0.9550187 0.9056571 0.8625400 0.7887275 1.1786112 0.8640512 0.8819649 0.8849646 0.8854904 1.0702405 1.6079863 0.8438065 0.8874298 0.8151429 0.8553178 0.8635809 1.0058549 0.9177606 0.8601573 0.9600781 0.8437114 0.9171839 0.8428163 1.0009168 0.9986008 0.1943039 0.0000000 0.4855765 0.6869054 1.1202426 0.9079608 1.4629825 1.3006121 1.3639003 1.8957202 1.4723693 1.3554113 1.3843679 1.3476578 1.2502463 1.8700209 0.9937584 3.2280841 3.4703879 3.7085032 3.3864882 3.7184080 3.5800522 3.3847576 3.5270219 3.2498814 3.2761856 2.9471411 2.9142144 4.1410325 4.3569986 
Emue_Em0013g821a.t1                                   0.5213002 0.6139595 0.5709584 0.5059212 0.6604636 0.6218571 0.6186323 0.5802472 0.7720889 0.5440037 0.5474284 0.5572937 0.5319677 0.5703063 1.0398339 0.6328577 0.6367513 0.6061525 0.6087606 0.6054495 0.6811877 0.6133344 0.5912333 0.7061522 0.4767419 0.5656878 0.5978291 0.8227469 0.7640160 0.5050228 0.4855765 0.0000000 0.0628151 0.9037594 0.6346728 1.1039619 1.1227937 1.1190941 1.6356841 1.1292236 1.1249179 1.1903094 1.1598283 1.1086706 1.3168282 0.9376019 2.7617848 3.0854259 2.9935873 2.7776685 2.8208953 2.6494608 2.5143680 2.9026054 2.4631082 2.5609261 2.5495468 2.4308205 3.3304586 3.8545996 
Spolac_c102102_g1_i1_m.27961c102102-g1                0.7766800 0.8853921 0.8071053 0.7871674 0.9175887 0.9475006 0.8906480 0.7140022 1.0950854 0.8331762 0.8320270 0.8389282 0.8389245 1.0131710 1.4448985 0.9307524 0.9178240 0.8523060 0.8490921 0.8195531 0.8611025 0.8200484 0.8550110 0.9842936 0.7268441 0.8875158 0.7705473 1.1254174 1.0851324 0.6698498 0.6869054 0.0628151 0.0000000 1.1167627 1.0216578 1.4566024 1.4862656 1.4514524 1.9670547 1.4562268 1.4634650 1.4340691 1.4599793 1.3487527 1.8659872 1.0662330 2.9917637 3.2069840 3.7806580 3.1255243 3.2624219 3.1532945 2.9885628 3.3074479 3.0931075 3.1163866 2.8615680 2.7920033 3.9530903 4.4303502 
Exapal_XM_028659300.1                                 0.6030594 0.6777832 0.5836928 0.6153130 0.6564033 0.6444702 0.5898435 0.3647309 0.4925209 0.4279805 0.4433744 0.4551413 0.4640522 0.5770738 0.6680931 0.5935081 0.6321663 0.6539987 0.5984700 0.6859704 0.8193814 0.7624794 0.7648547 0.7921587 0.9197527 0.9072126 0.8328307 0.9186956 0.9316940 1.0906269 1.1202426 0.9037594 1.1167627 0.0000000 1.2501267 1.6452150 1.5514774 1.5270870 2.2857459 1.5707951 1.5281709 1.4791787 1.4681984 1.3844093 2.2241159 1.8907111 3.6960709 4.8665886 5.1725847 4.3231741 4.5889773 4.8187952 4.1368011 3.6919463 3.7351529 3.5817872 3.4220653 3.6983368 4.5167501 5.3491247 
Plespi_Pspi_scaffold5688_01                           0.9720694 0.9901864 1.0159192 0.9062125 1.1299914 1.0878398 1.0493945 0.8611013 1.2940177 0.8842462 0.9559854 0.9456941 0.8611081 0.9048198 1.0799150 1.0097627 0.9241025 1.0549077 0.9631967 1.0626933 1.0269758 1.0664224 0.9875871 1.2600984 0.9142953 1.1119177 0.8009899 1.1844472 1.3254532 0.8971088 0.9079608 0.6346728 1.0216578 1.2501267 0.0000000 1.8050893 1.7754532 1.8336166 1.8064896 2.1603506 1.8452011 1.9122804 1.8440212 1.4969188 2.2844914 1.1375595 4.5307466 5.2055199 5.6190685 5.7997257 4.3614321 4.7759514 4.3474946 4.7741348 5.3390850 5.1069876 3.5204579 2.9982503 4.5790355 5.7634815 
Lcom_lcpid60211                                       1.3929309 1.3517916 1.3850591 1.3106707 1.3092490 1.3579281 1.3434699 1.1442094 1.4457432 1.2346720 1.1852069 1.2017694 1.1681077 1.5465221 1.8343563 1.2462062 1.2672341 1.3359309 1.3692357 1.2924208 1.2857156 1.1752682 1.2119864 1.2546497 1.3444950 1.3918444 1.2742268 1.4043029 1.3323677 1.4455448 1.4629825 1.1039619 1.4566024 1.6452150 1.8050893 0.0000000 0.3025535 1.5838461 2.1874589 1.5892148 1.5789476 1.7406473 1.5650463 1.4015448 2.2081550 1.8801574 3.0947966 3.9238948 3.8873641 3.3016773 3.4252943 3.6267132 3.2953019 3.2543612 3.4464734 2.8891499 2.8231361 3.3532256 4.0142392 3.3994908 
Gracom_Gcom_C558196_01                                1.4119962 1.2993394 1.4030009 1.2852828 1.3436083 1.3611427 1.3375678 1.0711569 1.3413410 1.1392812 1.0952227 1.1202398 1.1228257 1.4070589 1.6740829 1.1970863 1.2224314 1.4009583 1.3499692 1.2987715 1.2007219 1.2003360 1.2007280 1.2590503 1.3264885 1.3222569 1.2727022 1.4147428 1.2674444 1.3101308 1.3006121 1.1227937 1.4862656 1.5514774 1.7754532 0.3025535 0.0000000 1.4583413 2.3130973 1.5668630 1.4302630 1.6552293 1.5162522 1.3645129 2.1012237 1.8079613 3.1982206 4.0473413 4.1624431 3.6653097 3.3434163 3.4412220 3.2646264 3.0548319 3.4462603 2.9689005 2.8462141 3.2684722 4.1538500 3.6269199 
Mlei_ML2044.g13.i1                                    1.2496623 1.2509004 1.2793669 1.3707095 1.2874115 1.2439196 1.2368183 1.1021859 1.5174066 1.2054136 1.2398740 1.2470540 1.2419362 1.5844961 1.8820572 1.2298791 1.2573245 1.2759926 1.2992130 1.1827256 1.2275127 1.1593017 1.3290473 1.2885021 1.4396866 1.4000909 1.2846745 1.2251579 1.1928274 1.3569942 1.3639003 1.1190941 1.4514524 1.5270870 1.8336166 1.5838461 1.4583413 0.0000000 0.1422704 0.2341720 0.2142951 0.3468042 0.3888627 0.4121485 0.5840932 1.7065601 2.9916999 3.8800901 4.3614590 3.8572316 4.0419372 3.9181750 3.6394980 3.2700623 2.8149675 3.6273795 2.7106075 3.1688578 4.7970154 4.7278675 
Beraby_Baby_sb335862                                  1.4578358 1.4318767 1.3822131 1.4255137 1.5006484 1.4562237 1.3696783 1.3618217 1.8495786 1.4270707 1.5216086 1.5801307 1.5010710 1.4897618 1.5522456 1.3812879 1.4188833 1.4639190 1.6284402 1.4962678 1.4464700 1.4334724 1.5236456 1.5270097 1.7924357 1.7924357 1.7570746 1.3978239 1.4887715 1.8965991 1.8957202 1.6356841 1.9670547 2.2857459 1.8064896 2.1874589 2.3130973 0.1422704 0.0000000 0.2559656 0.3013370 0.4150109 0.4393813 0.5724946 0.5305428 2.1766379 3.7086789 4.7860001 6.4097898 4.9928731 4.6820649 4.5472254 4.1452519 3.7310138 3.4543130 4.2215839 3.2257521 2.8624068 5.7127638 5.7197547 
Drygla_Dgla_sb294375                                  1.3364146 1.3870006 1.3919977 1.5123773 1.3262418 1.2795744 1.2792491 1.1296268 1.6166707 1.2840719 1.3327870 1.3328922 1.3612149 1.7049989 2.0467737 1.2054221 1.2326929 1.3732466 1.3872993 1.2620554 1.2991341 1.2096867 1.3822492 1.3339068 1.5600725 1.5156558 1.3288530 1.2990210 1.2763061 1.5103289 1.4723693 1.1292236 1.4562268 1.5707951 2.1603506 1.5892148 1.5668630 0.2341720 0.2559656 0.0000000 0.3077476 0.4126546 0.4643026 0.5090902 0.6270202 1.7271144 2.8021585 3.9114661 4.4890387 3.7812269 3.9849978 3.9961120 3.6965844 3.4660917 3.1251606 3.7125931 2.8206856 3.4372312 4.6097505 4.7114934 
Lampan_Lpan_C418879_01                                1.2546393 1.3038116 1.3048256 1.3364765 1.2753050 1.2512955 1.2471070 1.1246619 1.5661251 1.1796111 1.2309680 1.2298036 1.2159403 1.5517051 1.9510341 1.1667973 1.1905308 1.2886014 1.2988227 1.1827604 1.2266033 1.1667686 1.2943384 1.2396854 1.4301623 1.4249125 1.2928576 1.1926982 1.1456462 1.3891054 1.3554113 1.1249179 1.4634650 1.5281709 1.8452011 1.5789476 1.4302630 0.2142951 0.3013370 0.3077476 0.0000000 0.3290899 0.3728286 0.4055727 0.6106676 1.8290451 3.0332829 3.8525316 4.4254819 3.6175818 3.9927272 3.9915469 3.4902252 3.2998063 2.9966742 3.4875933 2.6755926 3.2369860 4.6822086 4.6601442 
Vmul_Simscaffold2469_01                               1.2023293 1.2825798 1.2527922 1.3330290 1.2999729 1.2576490 1.2839857 1.1155406 1.4953665 1.1536238 1.2235523 1.2266476 1.2207454 1.5833763 1.9359223 1.1985029 1.2261021 1.2847812 1.3101207 1.2613032 1.3281883 1.2328297 1.2875815 1.2544368 1.4110814 1.3408717 1.3217157 1.2095112 1.2139472 1.3972227 1.3843679 1.1903094 1.4340691 1.4791787 1.9122804 1.7406473 1.6552293 0.3468042 0.4150109 0.4126546 0.3290899 0.0000000 0.1685807 0.5111872 0.7868178 1.8772439 3.1373951 3.9292508 4.7038040 3.7715000 3.9641748 3.5391750 3.5237744 3.1111269 2.9660566 3.4325230 2.8989536 3.2141653 4.6784242 4.5726996 
Coemet_Cmet_scaffold717_01                            1.1899711 1.1908509 1.2524129 1.2958582 1.2167403 1.2266646 1.2002430 1.0519667 1.5161855 1.1498312 1.2140655 1.2079835 1.2307775 1.5447776 1.9049978 1.1221314 1.1295757 1.2146748 1.2949150 1.1763719 1.3336157 1.2240873 1.2648879 1.1555081 1.4272747 1.3625474 1.2918605 1.2246905 1.2451733 1.3655374 1.3476578 1.1598283 1.4599793 1.4681984 1.8440212 1.5650463 1.5162522 0.3888627 0.4393813 0.4643026 0.3728286 0.1685807 0.0000000 0.5262989 0.7838728 1.7646130 3.1011810 3.8568904 4.5414385 3.6068738 3.8607190 3.6305800 3.3455616 3.0314884 2.9571496 3.2939335 2.9235024 3.2619265 4.5359270 4.2522229 
Eupdun_Edun_sb10655325                                1.1391453 1.0997384 1.1722146 1.0835646 1.1452959 1.0668217 1.1160080 1.0153938 1.4104476 1.0548717 1.1104182 1.1348413 1.1013522 1.2774103 1.6480948 1.0136231 1.0106095 1.1105995 1.1597634 1.0421008 1.1878419 1.0737028 1.1436711 1.1278578 1.2388615 1.2367560 1.1598015 1.0256971 1.0961911 1.2645845 1.2502463 1.1086706 1.3487527 1.3844093 1.4969188 1.4015448 1.3645129 0.4121485 0.5724946 0.5090902 0.4055727 0.5111872 0.5262989 0.0000000 0.7981041 1.6385036 3.1105924 4.2473420 4.2557739 3.5216274 3.7884838 3.8293269 3.0822535 3.2313419 2.8618835 3.4403351 2.9944492 3.1631466 4.4728302 4.3252300 
Pbac_sb2660119                                        1.7730900 1.7182935 1.7835197 1.8000678 1.7575798 1.7927765 1.7318071 1.5393507 2.2400189 1.6839204 1.7262911 1.7502506 1.7719766 1.8339162 2.1776566 1.7261966 1.7228936 1.7797304 1.5688091 1.6155464 1.8183508 1.7256841 1.8489163 1.8619085 1.8402888 1.9854922 1.7197120 1.7899834 1.7561885 1.9176010 1.8700209 1.3168282 1.8659872 2.2241159 2.2844914 2.2081550 2.1012237 0.5840932 0.5305428 0.6270202 0.6106676 0.7868178 0.7838728 0.7981041 0.0000000 2.1122269 3.5359236 4.6814715 5.5170989 4.7498384 4.5235892 4.5201911 4.1166737 3.9265213 3.4911776 3.7482335 3.5094342 4.0056963 5.4554338 5.8168145 
Stycar_maker-SC_scaffold5057-augustus-gene-0.4-mRNA-1 1.1523052 1.1726833 1.3121185 1.2183727 1.3654852 1.2704503 1.1995310 1.1770479 1.7318484 1.2138620 1.2401004 1.2872266 1.2440815 1.1951249 1.2230468 1.2135805 1.2075949 1.2203437 1.2842709 1.1739413 1.2610536 1.1928658 1.3209624 1.3653611 1.4252450 1.4252450 1.3668971 1.3625224 1.4891596 1.0306855 0.9937584 0.9376019 1.0662330 1.8907111 1.1375595 1.8801574 1.8079613 1.7065601 2.1766379 1.7271144 1.8290451 1.8772439 1.7646130 1.6385036 2.1122269 0.0000000 3.5950148 4.7842030 4.9127112 4.9605841 3.4187556 3.3765872 3.3294136 3.3406813 3.3874048 3.3479304 2.9022792 2.7186384 3.8536734 5.3769709 
Mbre_EDQ91433                                         2.9254976 2.9603957 3.1366603 3.1424218 3.1979884 2.9126454 3.1536657 2.8569836 3.3045214 2.9013205 2.8466119 2.9656455 2.8209132 3.4748988 4.2380409 2.8933841 2.8313640 2.9715127 2.9604643 2.9306101 3.1975044 3.0297786 3.1389878 3.0402000 3.1017288 3.1767864 3.0955855 3.1369061 2.9342846 3.1158951 3.2280841 2.7617848 2.9917637 3.6960709 4.5307466 3.0947966 3.1982206 2.9916999 3.7086789 2.8021585 3.0332829 3.1373951 3.1011810 3.1105924 3.5359236 3.5950148 0.0000000 1.6795080 1.5761568 2.3833879 3.0333025 3.1012912 2.8393814 2.7436492 2.7567213 2.3365614 2.9130231 3.2050784 3.3774078 3.4889955 
Choper_EP00045_Choanoeca_perplexa_P006270             3.5954908 3.7676702 3.5992051 3.5017912 3.5231129 3.8119960 3.5455169 3.6941281 4.9532783 3.8534980 3.8787694 3.9353467 3.6450991 4.4803560 5.7787133 3.6663372 3.6028439 3.7836672 3.6031809 3.2350690 3.9873977 3.7441341 3.8027990 3.6369288 3.3892542 3.5608035 3.6202626 3.9142729 4.0265674 3.5383815 3.4703879 3.0854259 3.2069840 4.8665886 5.2055199 3.9238948 4.0473413 3.8800901 4.7860001 3.9114661 3.8525316 3.9292508 3.8568904 4.2473420 4.6814715 4.7842030 1.6795080 0.0000000 1.2928774 3.2168766 3.2281046 3.4031116 2.9818799 3.3820150 2.9626943 2.9313523 2.9843253 3.6447313 3.5345710 4.0455009 
Chofle_EP00730_Choanoeca_flexa_P014440                4.0437199 4.1612893 4.0099136 3.9292857 4.0542626 4.5026627 3.9248474 3.9512393 4.9388077 4.0556647 4.1390465 4.1984855 3.8488146 5.1635147 5.4965662 3.6904520 3.9825089 4.1176551 3.9931848 4.1154720 3.8599184 3.8125079 3.5557806 3.9344593 3.9999825 4.2260731 3.8658336 3.9268086 3.7169186 3.7802576 3.7085032 2.9935873 3.7806580 5.1725847 5.6190685 3.8873641 4.1624431 4.3614590 6.4097898 4.4890387 4.4254819 4.7038040 4.5414385 4.2557739 5.5170989 4.9127112 1.5761568 1.2928774 0.0000000 3.3296454 3.3603593 3.3632967 3.2883826 3.3394706 3.0395310 2.8228068 3.3408853 3.0468693 3.9321580 3.6519474 
Salkve_EP00050_Salpingoeca_kvevrii_P007124            3.1695087 3.1382981 3.2093948 3.5812623 3.0350713 3.0013864 3.2333846 3.4065588 3.6979531 3.6042698 3.3826898 3.4409969 3.1877612 4.7260438 5.2286388 3.4658247 3.4468476 3.3781251 3.3789501 3.3870842 3.6410120 3.5474202 3.6550246 3.4894574 3.0369686 3.0414358 3.3705573 3.4078863 3.4902289 3.3140786 3.3864882 2.7776685 3.1255243 4.3231741 5.7997257 3.3016773 3.6653097 3.8572316 4.9928731 3.7812269 3.6175818 3.7715000 3.6068738 3.5216274 4.7498384 4.9605841 2.3833879 3.2168766 3.3296454 0.0000000 3.0241556 3.0124203 3.2855930 2.6810186 3.4258985 2.5017495 3.3129744 3.2485087 3.4309394 3.9809683 
Acaspe_EP00035_Acanthoeca_spectabilis_P000284         3.6424818 3.6686164 3.9360944 3.7529553 3.6292800 3.8645534 4.0391558 3.7656057 4.3659260 3.7289006 3.6579291 3.6727791 3.6612105 4.1433779 5.0736601 3.7439347 3.7439336 3.5239744 3.4411186 3.3789060 3.4133987 3.4031250 3.2847992 3.4293228 3.1993751 3.5188252 3.4964181 3.6924277 3.5060588 3.5522044 3.7184080 2.8208953 3.2624219 4.5889773 4.3614321 3.4252943 3.3434163 4.0419372 4.6820649 3.9849978 3.9927272 3.9641748 3.8607190 3.7884838 4.5235892 3.4187556 3.0333025 3.2281046 3.3603593 3.0241556 0.0000000 0.2721930 2.0234652 1.9013133 2.5153031 2.6687938 3.0351088 3.0380018 3.5291740 4.1400146 
Helnan_EP00037_Helgoeca_nana_P000413                  3.8614381 3.7036158 3.9482796 3.8238213 3.5933214 3.7702815 4.0323173 3.9134790 4.1878528 3.6771695 3.5997811 3.6250238 3.6491130 4.0629855 4.8774369 3.7922359 4.0176982 3.7017172 3.5672390 3.3135645 3.2675585 3.3566086 3.4543493 3.4523425 3.4277618 3.6319454 3.6007351 3.9153633 3.4835134 3.4930864 3.5800522 2.6494608 3.1532945 4.8187952 4.7759514 3.6267132 3.4412220 3.9181750 4.5472254 3.9961120 3.9915469 3.5391750 3.6305800 3.8293269 4.5201911 3.3765872 3.1012912 3.4031116 3.3632967 3.0124203 0.2721930 0.0000000 1.9549690 1.8959923 2.5275241 2.8583367 3.1684892 2.9288714 3.8336946 4.3981247 
Diagra_EP00040_Diaphanoeca_grandis_P040160            3.0573692 3.4004715 3.4230618 3.1151980 3.4850789 3.1427896 3.4186745 3.3310103 3.9062888 3.2556631 3.3208582 3.3579267 3.2537576 3.7450299 4.4500697 3.4531908 3.3841604 3.3488831 3.1267449 2.9985081 2.9201200 2.9553498 3.0396694 3.3315305 3.1589452 3.3151168 3.1852262 3.3489107 3.2333892 3.5709006 3.3847576 2.5143680 2.9885628 4.1368011 4.3474946 3.2953019 3.2646264 3.6394980 4.1452519 3.6965844 3.4902252 3.5237744 3.3455616 3.0822535 4.1166737 3.3294136 2.8393814 2.9818799 3.2883826 3.2855930 2.0234652 1.9549690 0.0000000 1.5710546 2.5311690 3.1057510 2.4051561 2.8286945 3.9516128 3.7847825 
Stedip_EP00041_Stephanoeca_diplocostata_P019506       3.1638670 3.0161393 3.0722666 3.0246707 2.9909124 3.1320836 3.0808163 2.8982601 3.1478945 2.8133976 2.9165720 2.9381529 2.8659839 3.1218956 3.8136185 3.1068856 3.0859295 3.0914777 2.9399603 2.7588564 3.0273929 2.9397703 3.3181643 3.1412176 2.8462732 3.1283521 3.1172567 3.1671456 2.9299031 3.6550841 3.5270219 2.9026054 3.3074479 3.6919463 4.7741348 3.2543612 3.0548319 3.2700623 3.7310138 3.4660917 3.2998063 3.1111269 3.0314884 3.2313419 3.9265213 3.3406813 2.7436492 3.3820150 3.3394706 2.6810186 1.9013133 1.8959923 1.5710546 0.0000000 2.2811405 2.7577616 2.6577719 3.0275322 3.5268735 3.9650700 
Didcos_EP00039_Didymoeca_costata_P012895              3.2360266 3.1200664 3.3584534 3.3179067 3.1314555 3.3623116 3.3770976 2.8212298 3.7026561 3.1199419 3.0418559 3.1266106 3.0357076 3.7031783 4.0619130 3.1220528 3.1964818 2.8626923 3.0037457 2.8776625 3.0038233 3.0383271 3.3384304 3.2056997 3.1735125 3.2153495 3.0063970 3.0566023 3.0537645 3.0816512 3.2498814 2.4631082 3.0931075 3.7351529 5.3390850 3.4464734 3.4462603 2.8149675 3.4543130 3.1251606 2.9966742 2.9660566 2.9571496 2.8618835 3.4911776 3.3874048 2.7567213 2.9626943 3.0395310 3.4258985 2.5153031 2.5275241 2.5311690 2.2811405 0.0000000 2.7269230 2.2909355 2.4226243 3.3415123 3.2368228 
Mylflu_EP00047_Mylnosiga_fluctuans_P014316            2.8526492 2.9228756 2.7673785 3.1992101 2.9572106 2.7443527 2.8083943 2.7164971 3.5309312 3.1353329 2.9124630 2.9390087 2.9275080 3.5271953 4.3189378 3.0659579 3.0852648 2.9167719 2.6659276 2.9977483 2.7658709 2.6628927 2.8939578 2.8250454 3.2013030 3.1479506 3.0490393 2.9543558 2.9841162 3.1294941 3.2761856 2.5609261 3.1163866 3.5817872 5.1069876 2.8891499 2.9689005 3.6273795 4.2215839 3.7125931 3.4875933 3.4325230 3.2939335 3.4403351 3.7482335 3.3479304 2.3365614 2.9313523 2.8228068 2.5017495 2.6687938 2.8583367 3.1057510 2.7577616 2.7269230 0.0000000 2.7413492 2.8905501 3.4434860 3.8342369 
Saldol_EP00054_Salpingoeca_dolichothecata_P022951     2.4118545 2.6292718 2.5626065 2.5808767 2.6787449 2.5717059 2.6867705 2.5515428 2.9596800 2.6276257 2.7120846 2.7527249 2.7263504 2.9922667 3.3213473 2.4925598 2.5062783 2.3903738 2.4619424 2.5543323 2.6211416 2.5042938 2.5489912 2.4989128 2.6912029 2.8167667 2.6973298 2.4989475 2.6739159 2.8823166 2.9471411 2.5495468 2.8615680 3.4220653 3.5204579 2.8231361 2.8462141 2.7106075 3.2257521 2.8206856 2.6755926 2.8989536 2.9235024 2.9944492 3.5094342 2.9022792 2.9130231 2.9843253 3.3408853 3.3129744 3.0351088 3.1684892 2.4051561 2.6577719 2.2909355 2.7413492 0.0000000 2.4417353 3.7107748 3.9678271 
Salurc_EP00051_Salpingoeca_urceolata_P000826          2.9161737 2.7664615 2.8846231 2.4209569 2.6137732 2.7563035 2.5579042 2.5892724 3.2318185 2.6802665 2.6254095 2.6471665 2.5729804 2.6286155 2.9395505 2.8165887 2.8809304 2.8208637 2.5790737 3.0093601 2.8502147 2.8169410 2.3550541 2.7908534 2.3372833 3.0244931 2.5099044 2.8130040 3.1321063 2.8522967 2.9142144 2.4308205 2.7920033 3.6983368 2.9982503 3.3532256 3.2684722 3.1688578 2.8624068 3.4372312 3.2369860 3.2141653 3.2619265 3.1631466 4.0056963 2.7186384 3.2050784 3.6447313 3.0468693 3.2485087 3.0380018 2.9288714 2.8286945 3.0275322 2.4226243 2.8905501 2.4417353 0.0000000 3.0248776 4.6941333 
Salmac_EP00052_Salpingoeca_macrocollata_P003507       3.7872755 3.9271906 3.5782754 3.1587099 3.9788336 4.0899932 3.7765497 3.7868878 5.0248914 4.1191625 3.9423421 3.9842331 3.7101349 4.0894315 4.8864696 4.0265444 3.8888769 3.8638190 3.5815012 3.6584100 3.7159181 3.4548103 2.9462288 3.6987245 2.7729459 3.7650290 3.5444002 4.3385418 4.0251901 3.9618456 4.1410325 3.3304586 3.9530903 4.5167501 4.5790355 4.0142392 4.1538500 4.7970154 5.7127638 4.6097505 4.6822086 4.6784242 4.5359270 4.4728302 5.4554338 3.8536734 3.3774078 3.5345710 3.9321580 3.4309394 3.5291740 3.8336946 3.9516128 3.5268735 3.3415123 3.4434860 3.7107748 3.0248776 0.0000000 4.7333888 
Codhol_EP00042_Codosiga_hollandica_P035014            4.1200989 4.0922926 4.4429418 4.1499826 4.0008243 4.2626512 4.3288022 4.0056099 5.8006211 4.6836079 4.4303498 4.5673246 4.4572988 5.0442315 5.7562576 4.0917219 4.2388766 4.4806304 4.1170374 4.1942460 4.1451439 4.1606665 4.1856889 4.0400879 4.3201809 4.4107580 4.3525063 4.3277376 4.0634568 4.4913690 4.3569986 3.8545996 4.4303502 5.3491247 5.7634815 3.3994908 3.6269199 4.7278675 5.7197547 4.7114934 4.6601442 4.5726996 4.2522229 4.3252300 5.8168145 5.3769709 3.4889955 4.0455009 3.6519474 3.9809683 4.1400146 4.3981247 3.7847825 3.9650700 3.2368228 3.8342369 3.9678271 4.6941333 4.7333888 0.0000000 
