58
Hsap_ENST00000302174                              0.0000000 1.4420145 1.3714702 1.6649866 1.1190903 1.3932573 1.1085259 1.6785190 1.8165605 1.7838734 1.3651704 1.4400198 1.4025202 1.3833335 1.4161741 1.5182171 1.6717956 1.5568379 1.2629626 1.4245173 1.4822224 1.6440803 1.1473074 1.4361807 1.0079128 1.4691268 1.6041150 1.6533375 1.6892639 1.8336437 1.5042323 1.3171559 1.8213700 1.5277277 1.7537278 1.7400253 1.4103993 1.5489106 1.5989606 1.4762069 1.7915731 1.7108387 1.9131882 1.7393980 1.9920019 1.9536615 1.3042491 1.9626317 1.6120088 1.7712535 1.7109157 1.8361569 1.7190840 1.3622686 1.5678964 1.9315470 2.1807886 1.9150407 
Ctel_gnl_WGS_AMQN_CAPTEDRAFT_mRNA161300           1.4420145 0.0000000 1.1778122 1.2941345 0.8609774 1.0413057 1.1911294 1.2997556 1.5250214 1.3650762 1.5132677 1.5154197 1.4577372 1.4604563 1.4481739 1.4558920 1.7425769 1.3834862 1.3345730 1.6212265 1.7035834 1.7641929 1.4275773 1.6159018 1.3308046 1.6866450 1.5814690 1.8304594 1.6743742 1.7667754 1.2793806 1.1267340 1.1265130 1.7584891 1.7349393 1.8108533 1.4969902 1.6430570 1.4939231 1.3318868 1.2826060 1.3037232 1.2836646 1.0478656 1.4125082 1.6337620 1.3330540 1.4154047 1.5886615 1.4372842 1.6138815 1.4763862 1.2813377 1.3879441 1.2326871 1.1103695 1.5319634 2.1805528 
Emue_Em0015g1071a.t1                              1.3714702 1.1778122 0.0000000 0.1196669 0.6970798 0.6549800 0.7504249 1.0560064 1.2305024 1.5874128 1.1000440 1.1223935 1.1933223 1.1755752 1.1762488 1.1762488 1.2451545 1.1111715 1.1752868 1.4727696 1.5882232 1.6580156 1.4741578 1.3964678 1.6011738 1.6320049 1.4183082 1.4578027 1.2242953 1.3985045 1.2603744 1.0652288 1.0788873 1.4189815 1.4359828 1.3500104 1.1641170 1.3855567 1.1868587 1.1494061 1.0890630 1.2479479 0.9542864 1.0037252 1.1915565 1.2600655 1.1802965 1.4047145 1.0812637 1.3213804 1.4251570 1.4163262 1.5073476 1.7233665 1.6806583 1.3539170 1.4500362 2.4750903 
Spolac_c102073_g1_i1_m.27838c102073-g1            1.6649866 1.2941345 0.1196669 0.0000000 0.7010644 0.8558600 0.7135358 1.1504111 1.6481604 1.9234970 1.0515844 1.1964765 1.3457995 1.3482469 1.2048030 1.3767645 1.3420702 1.4456396 1.1781824 1.4677866 1.5918122 1.7055035 1.3829454 1.3769073 1.4952220 1.6321166 1.4661516 1.5061190 1.2384963 1.5866952 1.7420709 0.9832132 1.2346241 1.8409022 2.0521400 1.7502331 1.4361600 1.7264372 1.5622484 1.1355455 1.3964453 1.4583969 1.2815036 1.1921926 1.5169339 1.4955300 1.1839363 1.7020114 1.3661763 1.4664630 1.7530427 1.8334155 1.9027761 1.6375114 2.0319371 1.8401301 2.1608411 2.4730212 
Tetwil_g17706.t1                                  1.1190903 0.8609774 0.6970798 0.7010644 0.0000000 0.5174338 0.6879069 0.9460083 1.1996520 1.0272266 1.0649971 1.0699732 1.0870032 1.0631963 1.0967047 1.0967047 1.1241457 0.9358438 0.9130163 1.2350110 1.3201096 1.3201096 0.9001978 1.2100373 1.1783221 1.3620132 1.1005261 1.3693085 1.1142592 1.2787882 1.0244066 1.1376428 1.0369289 1.2011673 1.2011673 1.2449229 1.0755011 1.2232218 1.1011587 1.0690858 1.1075847 1.1523890 1.0900824 1.0967371 1.0440188 1.1669642 0.9935218 1.4829804 1.0475441 1.0263829 1.1561307 1.2503558 1.4336363 1.8292821 1.3001542 1.2434243 1.5245996 2.2547338 
Stycar_maker-SC_scaffold2991-snap-gene-0.9-mRNA-1 1.3932573 1.0413057 0.6549800 0.8558600 0.5174338 0.0000000 0.7252602 1.0226379 1.5858028 1.5718930 1.1367113 1.2021451 1.1104189 1.1283155 1.1534408 1.2108402 1.1673720 1.1578463 0.9731686 1.3519627 1.4256220 1.4256220 0.9134777 1.1934051 1.0969293 1.4231242 1.3511755 1.3906072 1.3281781 1.5040417 1.4484205 0.8994882 1.4663512 1.4622007 1.5684973 1.5848370 1.5084129 1.6806876 1.5401621 1.0338603 1.2430530 1.3455997 1.1779888 1.1138953 1.2961074 1.4544198 0.9537235 1.6467735 1.1909608 1.0798500 1.3772081 1.4203144 1.7179326 2.1071799 1.9571911 2.0572250 2.0795070 2.6521502 
Plespi_Pspi_C605506_01                            1.1085259 1.1911294 0.7504249 0.7135358 0.6879069 0.7252602 0.0000000 1.1424592 1.1906641 1.3987178 1.1024914 1.0903253 1.1498375 1.1409122 1.2355610 1.2226558 1.2166791 0.9376487 1.2590654 1.3624677 1.4678549 1.4505017 1.3992314 1.3243212 1.5405946 1.4476391 1.5253871 1.7165514 1.5187518 1.6761581 1.4357960 1.0297009 1.2174745 1.3616959 1.3670905 1.4976998 1.0967912 1.3815360 1.2787297 1.0428259 1.0038874 1.1744711 1.1550650 1.0459640 1.2550796 1.1951441 0.9746251 1.3772557 1.4765702 1.3111262 1.3857456 1.5481870 1.3775269 1.6570252 1.3327611 1.2908008 1.7385969 2.1574293 
Nemnom_g14772.t1                                  1.6785190 1.2997556 1.0560064 1.1504111 0.9460083 1.0226379 1.1424592 0.0000000 0.2299262 0.8400022 1.3422558 1.3728165 1.3224174 1.3074073 1.3134223 1.3381374 1.4478940 1.2205530 1.1021960 1.4182047 1.3851524 1.3727859 1.3612882 1.3482722 1.5922857 1.5523214 1.6930496 1.3591759 1.4247017 1.6049410 1.5015543 1.3833375 1.3123886 1.4275928 1.6287450 1.4599008 1.1602175 1.4356360 1.3082215 1.2411843 1.3041327 1.4534453 1.3571481 1.2715116 1.5313787 1.3540743 1.0908731 1.4190958 1.5148301 0.6309582 1.1983855 1.3288985 1.6686513 1.5085967 1.6835718 1.8358950 1.7038523 2.0299997 
Rhoesc_Res_006485-T1                              1.8165605 1.5250214 1.2305024 1.6481604 1.1996520 1.5858028 1.1906641 0.2299262 0.0000000 1.0806960 1.4365099 1.5204186 1.5088149 1.5847589 1.4683750 1.6065375 1.6008692 1.4203661 1.1968457 1.5870397 1.6063127 1.6900972 1.3939286 1.4296158 1.8099124 1.7138550 1.9018313 1.5280850 1.6714703 1.9808057 2.0164272 1.5372472 1.5291044 1.8126416 2.1483043 1.9863041 1.5543235 1.9935374 1.6588756 1.5493107 1.7642161 1.6262538 1.8770027 1.5933298 1.8318982 1.6809067 1.3316291 1.7392676 1.6918994 0.7554347 1.6664409 1.8190978 2.0557521 1.5705297 1.9279196 2.2018580 2.1301570 2.2426245 
Sanmal_Sma_019218-T1                              1.7838734 1.3650762 1.5874128 1.9234970 1.0272266 1.5718930 1.3987178 0.8400022 1.0806960 0.0000000 1.5575228 1.6717114 1.7147358 1.7800649 1.7268067 1.8674270 2.0841423 1.7565518 1.2881119 1.7230996 1.6729582 1.5585449 1.7534298 1.8106955 1.4966569 1.8352727 1.7005793 1.7181765 1.8284341 2.1804512 2.1244992 1.8105353 1.7375349 1.7457040 2.2551410 1.8423493 1.5005697 1.6684842 1.6078509 1.6146550 2.0206344 1.7995965 2.1846812 1.5112194 1.8710122 2.0017171 1.5391155 1.8115232 1.9532483 1.1073965 1.8806425 2.1389530 1.8344985 1.9032554 1.8818605 2.2627266 2.5732412 2.2760306 
Tadh_TriadT30196                                  1.3651704 1.5132677 1.1000440 1.0515844 1.0649971 1.1367113 1.1024914 1.3422558 1.4365099 1.5575228 0.0000000 0.0042291 0.3385725 0.3745307 0.3776889 0.3776889 0.3861649 1.2607751 1.3234450 1.5366032 1.5389072 1.6642503 1.2708308 1.3186487 1.3040768 1.5956815 1.4633113 1.5578457 1.5066474 1.5225208 1.4111767 1.2994314 1.3474843 1.3269464 1.3265373 1.5499212 1.1863805 1.4148869 1.4416866 1.5589232 1.4789719 1.2507157 1.3906374 1.4181211 1.6234930 1.4601786 1.1208654 1.6832798 1.2522361 1.4516611 1.5167205 1.4666053 1.6095273 1.7443574 1.6911107 1.4346798 1.7328922 1.9354896 
TrH2_TrispH2_000295-RA                            1.4400198 1.5154197 1.1223935 1.1964765 1.0699732 1.2021451 1.0903253 1.3728165 1.5204186 1.6717114 0.0042291 0.0000000 0.3448546 0.3824517 0.3786970 0.3762876 0.4059972 1.2704040 1.3288382 1.5464696 1.5488702 1.6760364 1.2858199 1.3474345 1.3153731 1.6211354 1.4947299 1.5988359 1.5130848 1.5915519 1.4893209 1.3110927 1.3408974 1.4187594 1.4270672 1.6871762 1.2884258 1.5320769 1.5570847 1.5575512 1.5707912 1.2801008 1.4898187 1.4741221 1.7596573 1.5756945 1.1170356 1.7361070 1.3146558 1.5190766 1.4890112 1.5332404 1.7173503 1.7693825 1.7290049 1.4428807 1.8968622 1.9419432 
HoiH06_mRNA10444                                  1.4025202 1.4577372 1.1933223 1.3457995 1.0870032 1.1104189 1.1498375 1.3224174 1.5088149 1.7147358 0.3385725 0.3448546 0.0000000 0.0916412 0.1524154 0.1513157 0.2160282 1.3630349 1.2675523 1.4737982 1.6194770 1.6798632 1.1611705 1.4650922 1.3451970 1.6949220 1.7122125 1.5460018 1.6178870 1.4901821 1.5066760 1.1929945 1.1896808 1.3403927 1.3481545 1.5075776 1.2450622 1.3752765 1.3970942 1.4341927 1.5078958 1.3663639 1.4316381 1.3340258 1.7218206 1.5641647 1.1505010 1.7798970 1.3058937 1.4907651 1.4204445 1.5536425 1.6811243 1.6880194 1.6973830 1.6919898 1.9571427 1.7235377 
HoiH23_PlH23_000350-RA                            1.3833335 1.4604563 1.1755752 1.3482469 1.0631963 1.1283155 1.1409122 1.3074073 1.5847589 1.7800649 0.3745307 0.3824517 0.0916412 0.0000000 0.1436485 0.1436238 0.2190556 1.3432930 1.3309327 1.4353907 1.6112118 1.6971383 1.1272767 1.4723755 1.4115274 1.7178530 1.7270605 1.5015367 1.5990341 1.5140553 1.4806973 1.2392718 1.2798056 1.3682111 1.3827847 1.5726476 1.2253416 1.4440881 1.4594275 1.4006061 1.4678782 1.3858694 1.3764714 1.3296807 1.7240355 1.5001720 1.1613028 1.7946163 1.3411927 1.5652733 1.4541707 1.6095922 1.6540011 1.6931427 1.7357525 1.7097507 2.1031217 1.7640157 
Hhon_g06001.t1                                    1.4161741 1.4481739 1.1762488 1.2048030 1.0967047 1.1534408 1.2355610 1.3134223 1.4683750 1.7268067 0.3776889 0.3786970 0.1524154 0.1436485 0.0000000 0.0000010 0.2180745 1.3916782 1.3276162 1.5021160 1.6413896 1.7536432 1.1727797 1.4459264 1.3514323 1.7246711 1.7015845 1.5642144 1.6845031 1.5293291 1.4125774 1.2989190 1.2585974 1.2780925 1.2941012 1.3441652 1.1944362 1.2881979 1.3060106 1.4067981 1.3736106 1.4606501 1.4030979 1.2954724 1.6617097 1.4946520 1.2141701 1.7399379 1.2697815 1.4988672 1.4515801 1.5388117 1.6103298 1.7839960 1.5916879 1.6896938 1.7256792 1.8147197 
HoiH04_mRNA8399                                   1.5182171 1.4558920 1.1762488 1.3767645 1.0967047 1.2108402 1.2226558 1.3381374 1.6065375 1.8674270 0.3776889 0.3762876 0.1513157 0.1436238 0.0000010 0.0000000 0.2261682 1.3959364 1.3276162 1.5058424 1.6441121 1.7558955 1.1727797 1.4701203 1.3514323 1.7437734 1.7121777 1.5898910 1.6845031 1.5921300 1.4929513 1.2989190 1.2550176 1.3626167 1.3932894 1.4862159 1.2986679 1.4019546 1.4027077 1.4067981 1.4856756 1.5194973 1.5680048 1.3540727 1.7880086 1.5971716 1.2373696 1.7783989 1.3084727 1.5853675 1.4202701 1.5766042 1.7352405 1.7839960 1.6215309 1.7260416 1.9155351 1.8042536 
HoiH11_mRNA146                                    1.6717956 1.7425769 1.2451545 1.3420702 1.1241457 1.1673720 1.2166791 1.4478940 1.6008692 2.0841423 0.3861649 0.4059972 0.2160282 0.2190556 0.2180745 0.2261682 0.0000000 1.3882253 1.3897880 1.6397458 1.8025183 1.9470501 1.2718813 1.5051787 1.4083170 1.8983591 1.8417434 1.6579894 1.6938741 1.4864513 1.7737563 1.2617928 1.4045874 1.4907435 1.5072102 1.7199684 1.3647488 1.5075660 1.4574595 1.5740467 1.5992727 1.6612001 1.5053396 1.5345210 1.8153099 1.6958655 1.3157671 1.9588132 1.4233126 1.5672290 1.6342402 1.6425292 2.0141472 1.8738482 1.8739213 1.7733326 2.0838684 2.1296934 
Clacor_Ccor_scaffold3842_01                       1.5568379 1.3834862 1.1111715 1.4456396 0.9358438 1.1578463 0.9376487 1.2205530 1.4203661 1.7565518 1.2607751 1.2704040 1.3630349 1.3432930 1.3916782 1.3959364 1.3882253 0.0000000 1.2430351 1.3001446 1.3329085 1.3178332 1.3490225 1.4064139 1.4599451 1.4375436 1.3841370 1.3765307 1.5316409 1.6180673 1.5526620 1.2718187 1.6875515 1.3810828 1.4491504 1.4053495 1.0780953 1.2995325 1.2678930 0.9865765 1.0772434 1.3647141 1.1966519 0.9437625 0.9958357 1.0252514 1.2825038 1.4968904 1.5445538 1.4438725 1.7335289 1.7912901 1.6999172 1.4230822 1.8321533 1.7413583 1.9613327 1.9669791 
Nvec_v1g136849                                    1.2629626 1.3345730 1.1752868 1.1781824 0.9130163 0.9731686 1.2590654 1.1021960 1.1968457 1.2881119 1.3234450 1.3288382 1.2675523 1.3309327 1.3276162 1.3276162 1.3897880 1.2430351 0.0000000 1.4624553 1.4656698 1.4494546 1.0292794 1.1727195 0.9461635 1.4726272 1.4248450 1.5740859 1.6450071 1.5232027 1.4717971 1.4291933 1.3031163 1.1883006 1.1721266 1.1250648 1.0336067 0.9807769 1.0537083 1.4338962 1.3499849 1.2719841 1.4309131 1.1302564 1.3400354 1.4172170 1.2508093 1.3547878 1.0337317 1.1199276 1.0704265 1.2158874 1.3339211 1.8554379 1.4498419 1.5852611 1.6738474 2.0200286 
Mlei_ML3055.g3.i1                                 1.4245173 1.6212265 1.4727696 1.4677866 1.2350110 1.3519627 1.3624677 1.4182047 1.5870397 1.7230996 1.5366032 1.5464696 1.4737982 1.4353907 1.5021160 1.5058424 1.6397458 1.3001446 1.4624553 0.0000000 0.2548565 0.2731821 0.3536231 0.7976789 0.5653477 0.7192223 0.8269044 0.8464179 1.2470805 1.0814726 1.4101461 1.1889166 1.9528591 1.7209920 1.6909048 1.9409354 1.3853343 1.8417656 1.6224461 1.3906876 1.4499367 1.3927137 1.6864427 1.6206049 1.6677512 1.5208366 1.2347280 1.8960204 1.4435707 1.3887715 1.6626410 1.8638270 1.7297976 1.5565425 1.7527034 1.7635182 2.0885893 1.8875125 
Bolinf_Binf_sb1247705                             1.4822224 1.7035834 1.5882232 1.5918122 1.3201096 1.4256220 1.4678549 1.3851524 1.6063127 1.6729582 1.5389072 1.5488702 1.6194770 1.6112118 1.6413896 1.6441121 1.8025183 1.3329085 1.4656698 0.2548565 0.0000000 0.0000010 0.4049391 0.8254221 0.6274024 0.8286060 0.7579854 0.8048858 1.2620662 1.2114718 1.4601628 1.3374815 1.9217677 1.8382527 1.8237430 2.0863980 1.5854247 1.9329552 1.7707979 1.5362858 1.5900208 1.4937720 1.6514818 1.6111946 1.7166804 1.5524677 1.3434916 1.8595308 1.4516643 1.3913999 1.6361590 1.8648223 1.7400924 1.5477390 1.6790384 1.7684941 2.2192194 2.0335621 
Mertsp_Mesp_sb559291                              1.6440803 1.7641929 1.6580156 1.7055035 1.3201096 1.4256220 1.4505017 1.3727859 1.6900972 1.5585449 1.6642503 1.6760364 1.6798632 1.6971383 1.7536432 1.7558955 1.9470501 1.3178332 1.4494546 0.2731821 0.0000010 0.0000000 0.4435145 0.8705369 0.6636147 0.8094429 0.7661146 0.7580445 1.1898882 1.2367023 1.4504827 1.4182815 1.9286618 1.8104527 1.7882074 2.1324853 1.6015175 1.9128651 1.8867812 1.4136417 1.5310979 1.5914342 1.7262054 1.6041876 1.5776322 1.5664371 1.1895890 1.7841726 1.3786182 1.3437087 1.5977994 1.8367756 1.8719018 1.8710815 1.7383375 1.9197208 2.1739321 2.1829661 
Drygla_Dgla_sb296468                              1.1473074 1.4275773 1.4741578 1.3829454 0.9001978 0.9134777 1.3992314 1.3612882 1.3939286 1.7534298 1.2708308 1.2858199 1.1611705 1.1272767 1.1727797 1.1727797 1.2718813 1.3490225 1.0292794 0.3536231 0.4049391 0.4435145 0.0000000 0.6231400 0.6577818 0.7086470 0.6590631 0.9104024 1.3979270 1.2415590 1.1752773 1.2441444 2.0669455 1.4494899 1.4578496 1.6279802 1.4441492 1.4630938 1.3930851 1.5203485 1.4608854 1.3167090 1.6441175 1.4766367 1.6121094 1.3757966 1.5149692 1.4249323 1.3638377 1.2175847 1.3229541 1.4013791 1.4502410 1.2196469 1.7270568 2.1641445 1.7694433 1.9721632 
Vmul_SimC399416                                   1.4361807 1.6159018 1.3964678 1.3769073 1.2100373 1.1934051 1.3243212 1.3482722 1.4296158 1.8106955 1.3186487 1.3474345 1.4650922 1.4723755 1.4459264 1.4701203 1.5051787 1.4064139 1.1727195 0.7976789 0.8254221 0.8705369 0.6231400 0.0000000 0.5429055 0.5780353 0.8881811 1.1267039 1.3934930 1.2187177 1.3174028 1.2916791 1.6627483 1.8813161 1.9069685 1.8004768 1.4312366 1.7760190 1.6300337 1.3218923 1.3507988 1.3500408 1.4226194 1.5304279 1.6411367 1.6989073 1.4500358 1.7563939 1.5529906 1.5982093 1.7344417 1.8768251 1.4218981 1.7513152 1.7961488 1.6245840 1.9588713 2.0758081 
Coeast_Cast_sb761915                              1.0079128 1.3308046 1.6011738 1.4952220 1.1783221 1.0969293 1.5405946 1.5922857 1.8099124 1.4966569 1.3040768 1.3153731 1.3451970 1.4115274 1.3514323 1.3514323 1.4083170 1.4599451 0.9461635 0.5653477 0.6274024 0.6636147 0.6577818 0.5429055 0.0000000 0.0817928 0.8354575 1.0949897 1.1123035 1.0585248 1.1384898 1.1381792 1.8310726 1.1556485 1.1556485 1.3941235 1.3207735 1.4189364 1.3587790 1.2580113 1.2580113 1.2143510 1.5677418 1.5482056 1.5655791 1.3079592 1.6167728 1.5341746 1.2651722 1.7248583 1.2575141 1.2190014 1.2715869 1.4012708 1.4927211 2.0637409 1.6124874 1.7119685 
Coemet_Cmet_C599389_01                            1.4691268 1.6866450 1.6320049 1.6321166 1.3620132 1.4231242 1.4476391 1.5523214 1.7138550 1.8352727 1.5956815 1.6211354 1.6949220 1.7178530 1.7246711 1.7437734 1.8983591 1.4375436 1.4726272 0.7192223 0.8286060 0.8094429 0.7086470 0.5780353 0.0817928 0.0000000 1.0460306 1.3064274 1.2860408 1.1654081 1.4287290 1.2568783 1.9398604 1.7036713 1.6775568 1.8174040 1.4535725 1.9097695 1.6694204 1.1361492 1.1773336 1.3723749 1.6276121 1.6893956 1.7505967 1.4704941 1.3224028 1.6998968 1.7069319 1.6890716 1.7599207 1.6619585 1.3894248 1.7159832 1.7915664 1.8929422 2.1372528 1.9923822 
Eupdun_Edun_sb10676493                            1.6041150 1.5814690 1.4183082 1.4661516 1.1005261 1.3511755 1.5253871 1.6930496 1.9018313 1.7005793 1.4633113 1.4947299 1.7122125 1.7270605 1.7015845 1.7121777 1.8417434 1.3841370 1.4248450 0.8269044 0.7579854 0.7661146 0.6590631 0.8881811 0.8354575 1.0460306 0.0000000 1.1831459 1.1925643 1.1747782 1.3942296 1.3630390 1.6789585 2.0618490 2.0684720 2.0602116 1.5617914 1.9750191 1.8986135 1.4467561 1.4689768 1.4834811 1.6180376 1.7213004 1.8630310 1.7395171 1.4320921 1.7511007 1.4445432 1.7357363 1.9097594 2.0575582 1.5286032 1.8612877 1.7651613 1.7909527 2.0961503 2.2068792 
Beraby_Baby_sb321999                              1.6533375 1.8304594 1.4578027 1.5061190 1.3693085 1.3906072 1.7165514 1.3591759 1.5280850 1.7181765 1.5578457 1.5988359 1.5460018 1.5015367 1.5642144 1.5898910 1.6579894 1.3765307 1.5740859 0.8464179 0.8048858 0.7580445 0.9104024 1.1267039 1.0949897 1.3064274 1.1831459 0.0000000 1.6830848 1.5222823 1.5336502 1.3677475 1.6846111 1.8325294 1.8213202 1.6894538 1.5412118 1.7352288 1.7205457 1.8385251 1.6991025 1.4849442 1.7984471 1.4398120 1.6249701 2.0747462 1.7264369 1.5960230 1.4789631 1.4346621 1.7069812 1.7049147 1.8583065 1.9445592 1.9802826 1.9516575 1.8995353 2.1631144 
Pbac_sb2654960                                    1.6892639 1.6743742 1.2242953 1.2384963 1.1142592 1.3281781 1.5187518 1.4247017 1.6714703 1.8284341 1.5066474 1.5130848 1.6178870 1.5990341 1.6845031 1.6845031 1.6938741 1.5316409 1.6450071 1.2470805 1.2620662 1.1898882 1.3979270 1.3934930 1.1123035 1.2860408 1.1925643 1.6830848 0.0000000 0.5303899 1.5392499 1.5067123 1.9890462 1.7572837 1.8043700 1.8646713 1.6651446 1.8193352 1.7187429 1.4163624 1.3938223 1.3638995 1.6431369 1.6063466 1.8087933 1.6342478 1.4531153 1.7623131 1.5595240 1.7360402 1.8840742 2.0429078 1.6839901 2.0941454 1.7856741 1.9977122 1.9493346 2.0678237 
Horcal_Hcv1.av93.c2.g167.i1                       1.8336437 1.7667754 1.3985045 1.5866952 1.2787882 1.5040417 1.6761581 1.6049410 1.9808057 2.1804512 1.5225208 1.5915519 1.4901821 1.5140553 1.5293291 1.5921300 1.4864513 1.6180673 1.5232027 1.0814726 1.2114718 1.2367023 1.2415590 1.2187177 1.0585248 1.1654081 1.1747782 1.5222823 0.5303899 0.0000000 1.8783602 1.4404641 1.9684528 2.2135151 2.2924582 2.2716875 1.9458640 2.1258843 2.1097935 1.5719450 1.6467560 1.6929598 1.8899984 1.5873583 1.8606789 1.8104139 1.7017981 1.9812978 1.8775351 1.7722810 2.1997679 2.4715301 2.0742898 2.2957340 2.5766154 2.3044235 2.0949069 1.9512054 
Spur_XM_030992475.1                               1.5042323 1.2793806 1.2603744 1.7420709 1.0244066 1.4484205 1.4357960 1.5015543 2.0164272 2.1244992 1.4111767 1.4893209 1.5066760 1.4806973 1.4125774 1.4929513 1.7737563 1.5526620 1.4717971 1.4101461 1.4601628 1.4504827 1.1752773 1.3174028 1.1384898 1.4287290 1.3942296 1.5336502 1.5392499 1.8783602 0.0000000 0.9327549 1.5591700 1.7738106 2.0336459 1.8016885 1.3768556 1.6470373 1.7314055 1.3114449 1.5719905 1.4823857 1.7826780 1.2327820 1.6929844 1.5925844 1.3613002 1.8167498 1.6760706 1.9034052 2.0944614 2.0447555 1.5587368 1.6520179 1.8358253 2.1845140 2.0569017 1.6371518 
Skow_XM_006819273.1                               1.3171559 1.1267340 1.0652288 0.9832132 1.1376428 0.8994882 1.0297009 1.3833375 1.5372472 1.8105353 1.2994314 1.3110927 1.1929945 1.2392718 1.2989190 1.2989190 1.2617928 1.2718187 1.4291933 1.1889166 1.3374815 1.4182815 1.2441444 1.2916791 1.1381792 1.2568783 1.3630390 1.3677475 1.5067123 1.4404641 0.9327549 0.0000000 1.3323694 1.7728192 1.7641786 1.9662261 1.6944453 1.7892504 1.7429586 1.3911758 1.2884327 1.2932894 1.0875891 1.1487387 1.2541533 1.3359300 1.2137169 1.3816786 1.4679133 1.4608774 1.4437279 1.6401088 1.2269666 1.5336477 1.3724122 1.2285243 1.6440966 2.0938891 
Cgig_XM_034482532.1                               1.8213700 1.1265130 1.0788873 1.2346241 1.0369289 1.4663512 1.2174745 1.3123886 1.5291044 1.7375349 1.3474843 1.3408974 1.1896808 1.2798056 1.2585974 1.2550176 1.4045874 1.6875515 1.3031163 1.9528591 1.9217677 1.9286618 2.0669455 1.6627483 1.8310726 1.9398604 1.6789585 1.6846111 1.9890462 1.9684528 1.5591700 1.3323694 0.0000000 1.5341619 1.6506623 1.4263884 1.3103004 1.3455946 1.4411279 1.4568152 1.5568427 1.6396098 1.6491868 1.2426536 1.6612665 1.6112436 1.3712625 1.5304295 1.7966156 1.4514965 1.7070654 1.6535528 1.7442790 1.7823848 1.7062464 1.2187242 1.8123552 1.9261806 
Adig_XM_015909652.1                               1.5277277 1.7584891 1.4189815 1.8409022 1.2011673 1.4622007 1.3616959 1.4275928 1.8126416 1.7457040 1.3269464 1.4187594 1.3403927 1.3682111 1.2780925 1.3626167 1.4907435 1.3810828 1.1883006 1.7209920 1.8382527 1.8104527 1.4494899 1.8813161 1.1556485 1.7036713 2.0618490 1.8325294 1.7572837 2.2135151 1.7738106 1.7728192 1.5341619 0.0000000 0.0781760 0.4876369 0.4810014 0.5527252 0.6233153 1.4685747 1.6560810 1.5460548 1.9174954 1.7044714 2.0170865 1.8953165 1.4222054 1.6739520 1.1924266 1.5301847 1.5707640 1.4697373 2.0483208 2.1074373 2.0305251 2.1083827 2.0418154 1.9005680 
Amil_Amillepora22117-RA                           1.7537278 1.7349393 1.4359828 2.0521400 1.2011673 1.5684973 1.3670905 1.6287450 2.1483043 2.2551410 1.3265373 1.4270672 1.3481545 1.3827847 1.2941012 1.3932894 1.5072102 1.4491504 1.1721266 1.6909048 1.8237430 1.7882074 1.4578496 1.9069685 1.1556485 1.6775568 2.0684720 1.8213202 1.8043700 2.2924582 2.0336459 1.7641786 1.6506623 0.0781760 0.0000000 0.5264139 0.5282592 0.5703457 0.6840243 1.4999145 1.7266707 1.8160108 2.2256022 1.6662735 2.2202083 2.0712039 1.4642923 1.8794979 1.2749800 1.6163317 1.7873180 1.7173840 2.1403402 2.1241702 2.1156093 2.6287356 2.2002600 1.8767660 
Gfas_gfas1.m1.14769.m1                            1.7400253 1.8108533 1.3500104 1.7502331 1.2449229 1.5848370 1.4976998 1.4599008 1.9863041 1.8423493 1.5499212 1.6871762 1.5075776 1.5726476 1.3441652 1.4862159 1.7199684 1.4053495 1.1250648 1.9409354 2.0863980 2.1324853 1.6279802 1.8004768 1.3941235 1.8174040 2.0602116 1.6894538 1.8646713 2.2716875 1.8016885 1.9662261 1.4263884 0.4876369 0.5264139 0.0000000 0.3078568 0.3968987 0.4822765 1.4444877 1.6461415 1.6121578 1.9042130 1.5822241 1.9351721 2.0516067 1.4877766 1.7249351 1.3361947 1.4482917 1.5357633 1.5849471 2.0774749 2.2358070 1.9028977 2.3749722 2.4437635 2.0845820 
Fspp_ffun1.m4.25108.m1                            1.4103993 1.4969902 1.1641170 1.4361600 1.0755011 1.5084129 1.0967912 1.1602175 1.5543235 1.5005697 1.1863805 1.2884258 1.2450622 1.2253416 1.1944362 1.2986679 1.3647488 1.0780953 1.0336067 1.3853343 1.5854247 1.6015175 1.4441492 1.4312366 1.3207735 1.4535725 1.5617914 1.5412118 1.6651446 1.9458640 1.3768556 1.6944453 1.3103004 0.4810014 0.5282592 0.3078568 0.0000000 0.2404593 0.2558864 1.2620448 1.2671796 1.1660485 1.8667222 1.3016573 1.6930954 1.6317520 1.3097283 1.4661814 1.0466484 1.2087148 1.3117557 1.3954131 1.7020595 1.7325340 1.6205120 1.6837722 1.9640067 1.6831487 
Gasp_gasp1.m3.17961.m1                            1.5489106 1.6430570 1.3855567 1.7264372 1.2232218 1.6806876 1.3815360 1.4356360 1.9935374 1.6684842 1.4148869 1.5320769 1.3752765 1.4440881 1.2881979 1.4019546 1.5075660 1.2995325 0.9807769 1.8417656 1.9329552 1.9128651 1.4630938 1.7760190 1.4189364 1.9097695 1.9750191 1.7352288 1.8193352 2.1258843 1.6470373 1.7892504 1.3455946 0.5527252 0.5703457 0.3968987 0.2404593 0.0000000 0.3926779 1.4179397 1.5016204 1.4721044 1.9112771 1.4654283 1.6535969 1.9160871 1.2829222 1.7613741 1.1430689 1.5480591 1.4754115 1.3847220 1.8884182 2.0543716 1.8058597 2.0344242 2.0709257 2.0063172 
Spis_XP_022798744_1                               1.5989606 1.4939231 1.1868587 1.5622484 1.1011587 1.5401621 1.2787297 1.3082215 1.6588756 1.6078509 1.4416866 1.5570847 1.3970942 1.4594275 1.3060106 1.4027077 1.4574595 1.2678930 1.0537083 1.6224461 1.7707979 1.8867812 1.3930851 1.6300337 1.3587790 1.6694204 1.8986135 1.7205457 1.7187429 2.1097935 1.7314055 1.7429586 1.4411279 0.6233153 0.6840243 0.4822765 0.2558864 0.3926779 0.0000000 1.4081046 1.5258177 1.5001124 1.9426292 1.3797335 1.7564142 1.7950859 1.3188959 1.6857214 1.1075351 1.5464567 1.5239435 1.4553166 1.7093775 1.8591273 1.8123923 1.7827960 2.2657305 2.0367789 
Ocar_g1942                                        1.4762069 1.3318868 1.1494061 1.1355455 1.0690858 1.0338603 1.0428259 1.2411843 1.5493107 1.6146550 1.5589232 1.5575512 1.4341927 1.4006061 1.4067981 1.4067981 1.5740467 0.9865765 1.4338962 1.3906876 1.5362858 1.4136417 1.5203485 1.3218923 1.2580113 1.1361492 1.4467561 1.8385251 1.4163624 1.5719450 1.3114449 1.3911758 1.4568152 1.4685747 1.4999145 1.4444877 1.2620448 1.4179397 1.4081046 0.0000000 0.0338794 0.9279119 1.0246052 1.0872582 1.1071814 1.0603962 1.2632144 1.1861790 1.5959257 1.5207977 1.5822227 1.6246743 1.3011101 1.6967541 1.3433634 1.4449885 1.5253547 2.1919035 
Opea_EP00118_Oscarella_pearsei_P025340            1.7915731 1.2826060 1.0890630 1.3964453 1.1075847 1.2430530 1.0038874 1.3041327 1.7642161 2.0206344 1.4789719 1.5707912 1.5078958 1.4678782 1.3736106 1.4856756 1.5992727 1.0772434 1.3499849 1.4499367 1.5900208 1.5310979 1.4608854 1.3507988 1.2580113 1.1773336 1.4689768 1.6991025 1.3938223 1.6467560 1.5719905 1.2884327 1.5568427 1.6560810 1.7266707 1.6461415 1.2671796 1.5016204 1.5258177 0.0338794 0.0000000 0.9965209 1.2109643 1.1995217 1.3633605 1.1592091 1.1219635 1.3702385 1.9268596 1.8559022 1.7099335 1.8044520 1.4414703 1.5037055 1.5312097 1.7086462 1.7549513 2.1199156 
Plajan_Pjan_C552307_01                            1.7108387 1.3037232 1.2479479 1.4583969 1.1523890 1.3455997 1.1744711 1.4534453 1.6262538 1.7995965 1.2507157 1.2801008 1.3663639 1.3858694 1.4606501 1.5194973 1.6612001 1.3647141 1.2719841 1.3927137 1.4937720 1.5914342 1.3167090 1.3500408 1.2143510 1.3723749 1.4834811 1.4849442 1.3638995 1.6929598 1.4823857 1.2932894 1.6396098 1.5460548 1.8160108 1.6121578 1.1660485 1.4721044 1.5001124 0.9279119 0.9965209 0.0000000 1.5706583 1.1814816 1.5608311 1.2789255 1.2007192 1.7863223 1.6228376 1.5812260 1.9799181 2.0554161 1.6300441 1.9224858 1.8527737 1.6802919 2.0469525 1.9131350 
Scil_scict017563.1                                1.9131882 1.2836646 0.9542864 1.2815036 1.0900824 1.1779888 1.1550650 1.3571481 1.8770027 2.1846812 1.3906374 1.4898187 1.4316381 1.3764714 1.4030979 1.5680048 1.5053396 1.1966519 1.4309131 1.6864427 1.6514818 1.7262054 1.6441175 1.4226194 1.5677418 1.6276121 1.6180376 1.7984471 1.6431369 1.8899984 1.7826780 1.0875891 1.6491868 1.9174954 2.2256022 1.9042130 1.8667222 1.9112771 1.9426292 1.0246052 1.2109643 1.5706583 0.0000000 0.9212092 1.0706282 1.0136102 1.1733843 1.4608824 1.7658811 1.7658161 1.8829490 1.9962431 1.6907005 1.3733616 1.7562809 2.1205188 1.6598376 2.9441097 
Lcom_lcpid116170                                  1.7393980 1.0478656 1.0037252 1.1921926 1.0967371 1.1138953 1.0459640 1.2715116 1.5933298 1.5112194 1.4181211 1.4741221 1.3340258 1.3296807 1.2954724 1.3540727 1.5345210 0.9437625 1.1302564 1.6206049 1.6111946 1.6041876 1.4766367 1.5304279 1.5482056 1.6893956 1.7213004 1.4398120 1.6063466 1.5873583 1.2327820 1.1487387 1.2426536 1.7044714 1.6662735 1.5822241 1.3016573 1.4654283 1.3797335 1.0872582 1.1995217 1.1814816 0.9212092 0.0000000 0.7335153 0.9769420 1.0303376 1.2905610 1.7542649 1.4644863 1.4846876 1.5229450 1.3749641 1.6179080 1.6111107 1.6255033 1.3717326 2.3246706 
Leuniv_Lniv_C807400_01                            1.9920019 1.4125082 1.1915565 1.5169339 1.0440188 1.2961074 1.2550796 1.5313787 1.8318982 1.8710122 1.6234930 1.7596573 1.7218206 1.7240355 1.6617097 1.7880086 1.8153099 0.9958357 1.3400354 1.6677512 1.7166804 1.5776322 1.6121094 1.6411367 1.5655791 1.7505967 1.8630310 1.6249701 1.8087933 1.8606789 1.6929844 1.2541533 1.6612665 2.0170865 2.2202083 1.9351721 1.6930954 1.6535969 1.7564142 1.1071814 1.3633605 1.5608311 1.0706282 0.7335153 0.0000000 0.8336872 1.3161198 1.5002546 1.8759238 1.3636582 2.0275768 2.1161842 1.5657431 1.7545779 1.8855673 2.0005768 1.6051685 2.5676593 
Gracom_Gcom_C550574_01                            1.9536615 1.6337620 1.2600655 1.4955300 1.1669642 1.4544198 1.1951441 1.3540743 1.6809067 2.0017171 1.4601786 1.5756945 1.5641647 1.5001720 1.4946520 1.5971716 1.6958655 1.0252514 1.4172170 1.5208366 1.5524677 1.5664371 1.3757966 1.6989073 1.3079592 1.4704941 1.7395171 2.0747462 1.6342478 1.8104139 1.5925844 1.3359300 1.6112436 1.8953165 2.0712039 2.0516067 1.6317520 1.9160871 1.7950859 1.0603962 1.1592091 1.2789255 1.0136102 0.9769420 0.8336872 0.0000000 1.2475145 1.5177887 2.0548072 1.5373685 1.6887700 1.9533317 1.7842682 1.8097119 1.9344602 2.0595965 1.7421643 2.2421265 
Morvir_scaffold54.g65.t1                          1.3042491 1.3330540 1.1802965 1.1839363 0.9935218 0.9537235 0.9746251 1.0908731 1.3316291 1.5391155 1.1208654 1.1170356 1.1505010 1.1613028 1.2141701 1.2373696 1.3157671 1.2825038 1.2508093 1.2347280 1.3434916 1.1895890 1.5149692 1.4500358 1.6167728 1.3224028 1.4320921 1.7264369 1.4531153 1.7017981 1.3613002 1.2137169 1.3712625 1.4222054 1.4642923 1.4877766 1.3097283 1.2829222 1.3188959 1.2632144 1.1219635 1.2007192 1.1733843 1.0303376 1.3161198 1.2475145 0.0000000 1.0953488 1.1359968 1.1472487 1.4368440 1.4931935 1.1904944 1.3161173 1.3977338 1.5113833 1.4046736 1.6918843 
Hvul_g14502_1                                     1.9626317 1.4154047 1.4047145 1.7020114 1.4829804 1.6467735 1.3772557 1.4190958 1.7392676 1.8115232 1.6832798 1.7361070 1.7798970 1.7946163 1.7399379 1.7783989 1.9588132 1.4968904 1.3547878 1.8960204 1.8595308 1.7841726 1.4249323 1.7563939 1.5341746 1.6998968 1.7511007 1.5960230 1.7623131 1.9812978 1.8167498 1.3816786 1.5304295 1.6739520 1.8794979 1.7249351 1.4661814 1.7613741 1.6857214 1.1861790 1.3702385 1.7863223 1.4608824 1.2905610 1.5002546 1.5177887 1.0953488 0.0000000 1.6357724 1.8047719 2.0178824 2.2135556 1.5647750 1.5307894 1.7672767 1.7560140 1.3388155 1.7702560 
Exapal_XM_021037831.2                             1.6120088 1.5886615 1.0812637 1.3661763 1.0475441 1.1909608 1.4765702 1.5148301 1.6918994 1.9532483 1.2522361 1.3146558 1.3058937 1.3411927 1.2697815 1.3084727 1.4233126 1.5445538 1.0337317 1.4435707 1.4516643 1.3786182 1.3638377 1.5529906 1.2651722 1.7069319 1.4445432 1.4789631 1.5595240 1.8775351 1.6760706 1.4679133 1.7966156 1.1924266 1.2749800 1.3361947 1.0466484 1.1430689 1.1075351 1.5959257 1.9268596 1.6228376 1.7658811 1.7542649 1.8759238 2.0548072 1.1359968 1.6357724 0.0000000 1.5234946 1.4572897 1.4635825 1.9214293 1.9476264 1.7491891 1.9916255 1.9428143 2.0663328 
Aaur_scaffold363.g11.t2                           1.7712535 1.4372842 1.3213804 1.4664630 1.0263829 1.0798500 1.3111262 0.6309582 0.7554347 1.1073965 1.4516611 1.5190766 1.4907651 1.5652733 1.4988672 1.5853675 1.5672290 1.4438725 1.1199276 1.3887715 1.3913999 1.3437087 1.2175847 1.5982093 1.7248583 1.6890716 1.7357363 1.4346621 1.7360402 1.7722810 1.9034052 1.4608774 1.4514965 1.5301847 1.6163317 1.4482917 1.2087148 1.5480591 1.5464567 1.5207977 1.8559022 1.5812260 1.7658161 1.4644863 1.3636582 1.5373685 1.1472487 1.8047719 1.5234946 0.0000000 1.5481997 1.6370445 1.8778036 1.7963668 2.1606818 2.0780180 1.7938661 2.1868030 
Dgig_XM_028541086.1                               1.7109157 1.6138815 1.4251570 1.7530427 1.1561307 1.3772081 1.3857456 1.1983855 1.6664409 1.8806425 1.5167205 1.4890112 1.4204445 1.4541707 1.4515801 1.4202701 1.6342402 1.7335289 1.0704265 1.6626410 1.6361590 1.5977994 1.3229541 1.7344417 1.2575141 1.7599207 1.9097594 1.7069812 1.8840742 2.1997679 2.0944614 1.4437279 1.7070654 1.5707640 1.7873180 1.5357633 1.3117557 1.4754115 1.5239435 1.5822227 1.7099335 1.9799181 1.8829490 1.4846876 2.0275768 1.6887700 1.4368440 2.0178824 1.4572897 1.5481997 0.0000000 0.7027953 1.9774068 1.9404047 2.1016012 2.2972130 2.2305247 2.1588295 
Xesp_004928-T1                                    1.8361569 1.4763862 1.4163262 1.8334155 1.2503558 1.4203144 1.5481870 1.3288985 1.8190978 2.1389530 1.4666053 1.5332404 1.5536425 1.6095922 1.5388117 1.5766042 1.6425292 1.7912901 1.2158874 1.8638270 1.8648223 1.8367756 1.4013791 1.8768251 1.2190014 1.6619585 2.0575582 1.7049147 2.0429078 2.4715301 2.0447555 1.6401088 1.6535528 1.4697373 1.7173840 1.5849471 1.3954131 1.3847220 1.4553166 1.6246743 1.8044520 2.0554161 1.9962431 1.5229450 2.1161842 1.9533317 1.4931935 2.2135556 1.4635825 1.6370445 0.7027953 0.0000000 1.9678327 2.1495698 2.2142243 2.4218891 2.4663899 2.4370393 
Bralan_BLAG01001970_1                             1.7190840 1.2813377 1.5073476 1.9027761 1.4336363 1.7179326 1.3775269 1.6686513 2.0557521 1.8344985 1.6095273 1.7173503 1.6811243 1.6540011 1.6103298 1.7352405 2.0141472 1.6999172 1.3339211 1.7297976 1.7400924 1.8719018 1.4502410 1.4218981 1.2715869 1.3894248 1.5286032 1.8583065 1.6839901 2.0742898 1.5587368 1.2269666 1.7442790 2.0483208 2.1403402 2.0774749 1.7020595 1.8884182 1.7093775 1.3011101 1.4414703 1.6300441 1.6907005 1.3749641 1.5657431 1.7842682 1.1904944 1.5647750 1.9214293 1.8778036 1.9774068 1.9678327 0.0000000 1.4812988 1.6851371 1.7564104 2.2903417 2.1395109 
Tcas_TC005943_001                                 1.3622686 1.3879441 1.7233665 1.6375114 1.8292821 2.1071799 1.6570252 1.5085967 1.5705297 1.9032554 1.7443574 1.7693825 1.6880194 1.6931427 1.7839960 1.7839960 1.8738482 1.4230822 1.8554379 1.5565425 1.5477390 1.8710815 1.2196469 1.7513152 1.4012708 1.7159832 1.8612877 1.9445592 2.0941454 2.2957340 1.6520179 1.5336477 1.7823848 2.1074373 2.1241702 2.2358070 1.7325340 2.0543716 1.8591273 1.6967541 1.5037055 1.9224858 1.3733616 1.6179080 1.7545779 1.8097119 1.3161173 1.5307894 1.9476264 1.7963668 1.9404047 2.1495698 1.4812988 0.0000000 1.1526422 1.7595379 1.9348269 1.6689081 
Cscu_XM_023388685.1                               1.5678964 1.2326871 1.6806583 2.0319371 1.3001542 1.9571911 1.3327611 1.6835718 1.9279196 1.8818605 1.6911107 1.7290049 1.6973830 1.7357525 1.5916879 1.6215309 1.8739213 1.8321533 1.4498419 1.7527034 1.6790384 1.7383375 1.7270568 1.7961488 1.4927211 1.7915664 1.7651613 1.9802826 1.7856741 2.5766154 1.8358253 1.3724122 1.7062464 2.0305251 2.1156093 1.9028977 1.6205120 1.8058597 1.8123923 1.3433634 1.5312097 1.8527737 1.7562809 1.6111107 1.8855673 1.9344602 1.3977338 1.7672767 1.7491891 2.1606818 2.1016012 2.2142243 1.6851371 1.1526422 0.0000000 1.8779878 2.0075547 1.8119536 
Acagra_model.g14397.t1                            1.9315470 1.1103695 1.3539170 1.8401301 1.2434243 2.0572250 1.2908008 1.8358950 2.2018580 2.2627266 1.4346798 1.4428807 1.6919898 1.7097507 1.6896938 1.7260416 1.7733326 1.7413583 1.5852611 1.7635182 1.7684941 1.9197208 2.1641445 1.6245840 2.0637409 1.8929422 1.7909527 1.9516575 1.9977122 2.3044235 2.1845140 1.2285243 1.2187242 2.1083827 2.6287356 2.3749722 1.6837722 2.0344242 1.7827960 1.4449885 1.7086462 1.6802919 2.1205188 1.6255033 2.0005768 2.0595965 1.5113833 1.7560140 1.9916255 2.0780180 2.2972130 2.4218891 1.7564104 1.7595379 1.8779878 0.0000000 2.1914208 2.7590723 
Chem_TCONS_00032739                               2.1807886 1.5319634 1.4500362 2.1608411 1.5245996 2.0795070 1.7385969 1.7038523 2.1301570 2.5732412 1.7328922 1.8968622 1.9571427 2.1031217 1.7256792 1.9155351 2.0838684 1.9613327 1.6738474 2.0885893 2.2192194 2.1739321 1.7694433 1.9588713 1.6124874 2.1372528 2.0961503 1.8995353 1.9493346 2.0949069 2.0569017 1.6440966 1.8123552 2.0418154 2.2002600 2.4437635 1.9640067 2.0709257 2.2657305 1.5253547 1.7549513 2.0469525 1.6598376 1.3717326 1.6051685 1.7421643 1.4046736 1.3388155 1.9428143 1.7938661 2.2305247 2.4663899 2.2903417 1.9348269 2.0075547 2.1914208 0.0000000 2.5699195 
Dpul_mRNA3813                                     1.9150407 2.1805528 2.4750903 2.4730212 2.2547338 2.6521502 2.1574293 2.0299997 2.2426245 2.2760306 1.9354896 1.9419432 1.7235377 1.7640157 1.8147197 1.8042536 2.1296934 1.9669791 2.0200286 1.8875125 2.0335621 2.1829661 1.9721632 2.0758081 1.7119685 1.9923822 2.2068792 2.1631144 2.0678237 1.9512054 1.6371518 2.0938891 1.9261806 1.9005680 1.8767660 2.0845820 1.6831487 2.0063172 2.0367789 2.1919035 2.1199156 1.9131350 2.9441097 2.3246706 2.5676593 2.2421265 1.6918843 1.7702560 2.0663328 2.1868030 2.1588295 2.4370393 2.1395109 1.6689081 1.8119536 2.7590723 2.5699195 0.0000000 
