71
Hsap_ENST00000354700                              0.0000000 1.1259083 1.1846954 1.7624136 1.2831864 1.4685983 1.4896748 1.7439966 1.5134204 1.2918283 1.4525541 1.3434013 1.1790375 1.4100115 1.6103348 1.3089312 1.3396540 1.4369297 1.8424415 1.3830569 1.1723223 1.5707801 1.4796293 1.5259594 1.9229582 1.7750802 1.8648676 1.7900124 1.7779314 1.8920265 1.6865384 1.5598090 2.1938622 2.3706847 2.0281790 2.5411693 2.2321668 1.6945588 1.6267414 2.3101706 2.1732009 1.9318781 2.0480957 1.7220673 3.4165786 2.5693109 2.4609288 2.4613132 3.2497470 2.6637803 2.5737617 1.7704041 2.2139137 2.8979159 2.3645749 2.3993643 2.5836331 2.6009903 2.5939173 2.3305468 2.3443569 2.3001578 2.3994052 2.1172478 2.5272646 2.3352570 2.8096273 2.7445675 2.1416929 2.2766716 2.6614121 
Bralan_BLAG11101297_1                             1.1259083 0.0000000 0.9822626 1.5336600 1.3877978 1.2822338 1.3058978 1.4910119 1.4310002 1.0228733 1.1741819 1.2130125 1.1277983 1.2450881 1.4934313 1.1469230 1.1587905 1.2665818 1.8634668 1.1348062 0.9704262 1.3093419 1.4000668 1.2370730 1.6753990 1.5528396 1.6330850 1.5780193 1.5761886 1.6484760 1.6394816 1.3194584 1.9221207 2.2361313 2.0986701 2.8490984 2.1520748 1.6742856 1.6278029 2.2609936 2.0627325 1.8920454 1.7825685 1.5754696 3.3109390 2.4058628 2.2098598 2.4686920 3.1203442 2.4732258 2.4862900 1.6236502 2.0757239 2.5611330 2.1134517 2.1057381 2.2033678 2.2703411 2.2063547 2.0419778 2.2787403 2.1483001 2.2888350 1.9861924 2.6117744 2.2328078 2.5760746 2.6344967 2.1140931 2.2140309 2.5080527 
Ctel_gnl_WGS_AMQN_CAPTEDRAFT_mRNA168178           1.1846954 0.9822626 0.0000000 1.5634267 1.4811570 1.2291721 1.2691157 1.5451859 1.2326184 0.7950912 0.8467800 1.3059235 1.2603460 1.3243558 1.5063561 1.1964785 1.1248835 1.2153414 1.8538132 0.9794483 0.9825350 1.0819684 1.3889275 1.2224924 1.6425654 1.5751439 1.5951015 1.5549492 1.4982735 1.5575183 1.4819878 1.3944318 1.7218228 2.3448807 2.0744895 2.8262461 2.0780173 1.6006149 1.6937316 2.2826991 2.0602371 1.9218784 1.9724413 1.5570781 3.4043802 2.3678470 2.1940528 2.1224406 3.0667411 2.4635075 2.4795345 1.5193513 2.1503225 2.5074860 2.1195003 2.1502124 2.1738547 2.1743589 2.3095740 2.2255765 2.2314133 2.2348563 2.4432211 2.1248138 2.6595226 2.0391747 2.7767109 2.4634493 2.1207443 2.3577423 2.6764763 
Chem_TCONS_00027012                               1.7624136 1.5336600 1.5634267 0.0000000 0.4651819 0.9341727 0.9459131 1.0392698 1.0413828 1.6132676 1.7622918 1.4439933 1.3379535 1.3970089 1.7426303 1.3498292 1.3152319 1.3774763 1.7630882 1.6005627 1.4784573 1.7251914 1.8235345 1.7550621 1.8807067 1.8276285 1.9395574 1.8573811 1.8915356 1.9776712 1.7714870 1.4560714 1.6538268 2.1563978 2.0807555 2.5392015 2.5940969 2.0458125 2.1005910 2.2180340 2.1052990 2.1270754 1.9349015 2.1302279 3.4890991 2.4963593 2.3096508 1.9271920 3.1389228 2.5483515 2.4785405 0.8808933 2.5238164 2.9729884 2.4815760 2.5256953 2.6060658 2.6232238 2.7693244 2.7079453 2.5454710 2.4851364 2.3584993 1.9690562 2.3342014 1.7417882 2.5160645 2.2081779 2.4193002 2.6128004 2.7760430 
Aaur_scaffold3379.g2.t1                           1.2831864 1.3877978 1.4811570 0.4651819 0.0000000 0.1365496 0.1527406 0.2915512 0.6666140 1.2395691 1.3344634 1.0129316 0.8576513 1.6389239 1.0463698 0.9050930 0.9857612 1.1874828 0.6724016 1.3414127 1.2487353 1.2462150 1.8060810 1.5053480 1.2187738 1.2109639 1.4378687 1.4916831 1.4738707 1.4738707 1.4416894 1.1137502 1.4037084 1.5809881 1.3537090 1.6252728 0.2955858 1.5499905 1.4724546 2.2285801 1.7112013 1.7848076 1.8362127 1.4333965 1.7981411 1.5436806 1.5436806 0.7514462 1.6684657 1.8383163 1.7655734 0.4823275 2.0161546 1.9480808 1.7438228 1.8249871 2.0026468 2.2357801 1.9221630 1.2701772 1.4084627 1.9381198 1.9448173 1.2255674 1.3556287 1.6073824 1.7592351 1.4524371 1.7760623 1.9657325 1.8114225 
Rhoesc_Res_010253-T1                              1.4685983 1.2822338 1.2291721 0.9341727 0.1365496 0.0000000 0.1246622 0.4174948 0.7575021 1.3735401 1.6885738 1.1283647 1.0256277 1.2412889 1.5552142 1.1803040 1.1132478 1.1779636 1.5365704 1.4294134 1.2659150 1.5919483 1.6472230 1.5694253 1.8580946 1.7195949 1.6801092 1.7410765 1.7465245 1.8292443 1.6492117 1.4226636 1.6292770 2.4233797 2.1511494 2.9967090 2.4649859 1.7610673 1.8147773 2.2332879 2.0993125 2.0047348 1.8062208 1.7318442 3.5476176 2.3863991 2.2766015 2.2802416 3.1707898 2.4466904 2.3033163 1.1309094 2.2403990 2.7807061 2.4231270 2.3647496 2.4727919 2.5788172 2.5156022 2.4098901 2.3426483 2.3443202 2.6372390 2.0815918 2.6100559 2.2381569 2.9719140 2.5600734 2.2946148 2.5262262 2.5628660 
Nemnom_g6187.t1                                   1.4896748 1.3058978 1.2691157 0.9459131 0.1527406 0.1246622 0.0000000 0.4337520 0.7695314 1.3790272 1.6578699 1.1593945 1.0412349 1.2357836 1.5675511 1.1778077 1.1526590 1.2131460 1.5254986 1.4769713 1.2848862 1.5862031 1.6786591 1.6144297 1.8378068 1.7102513 1.6537471 1.7194420 1.7364294 1.8196483 1.6483294 1.4069627 1.5717541 2.4225958 2.1327303 2.9392305 2.5051838 1.7756342 1.7708489 2.2980175 2.1250881 2.0040161 1.8002163 1.7700848 3.5952698 2.3123526 2.2080558 2.2766310 3.1305720 2.4907915 2.3319347 1.1509468 2.2338145 2.8619784 2.4387827 2.3459529 2.6012295 2.7276375 2.6074468 2.4899371 2.3650875 2.3556219 2.6465403 2.0430367 2.5816142 2.0976774 2.8211583 2.4245414 2.2962579 2.5063835 2.5297878 
Sanmal_Sma_020438-T1                              1.7439966 1.4910119 1.5451859 1.0392698 0.2915512 0.4174948 0.4337520 0.0000000 0.8803029 1.5237626 1.6129170 1.8770805 1.3789154 1.5515190 1.9162938 1.4086254 1.3775551 1.4848400 1.4783566 1.7092240 1.5662731 2.0073630 2.0532966 2.0153623 1.8692035 1.6543533 1.6906149 1.6956574 1.7058095 1.7259587 1.7925730 1.5378223 1.6586661 2.5167013 2.4524716 3.2116669 3.7370098 2.0037536 2.1790699 2.4919725 2.2526634 2.3406013 2.2132841 2.0472595 2.9512428 2.9459836 2.5501984 2.1975770 2.6240589 2.8384615 2.8800871 1.1667493 2.1747344 3.5561792 3.0463889 3.0223056 2.7140598 2.8091151 2.8782754 2.4075364 2.4825626 2.5311875 2.7901605 2.2536702 2.5964385 2.1876062 2.7133102 2.5145231 2.6988263 2.8061755 2.6977334 
Morvir_scaffold77.g38.t1                          1.5134204 1.4310002 1.2326184 1.0413828 0.6666140 0.7575021 0.7695314 0.8803029 0.0000000 1.4473469 1.5941544 1.1832915 1.1512187 1.2522879 1.4171029 1.1441303 1.1350380 1.1858823 1.6888042 1.4960868 1.3024650 1.6775842 1.7860209 1.5286956 1.7979097 1.6843973 1.6880823 1.6269664 1.6060475 1.7016274 1.6696451 1.3846940 1.6090961 2.2623583 1.9785378 2.8045791 2.2959752 1.6949336 1.8703211 2.3629808 2.1377027 1.9514994 1.8908695 1.7359092 3.3146130 2.2534161 2.1213279 2.1824368 3.0140813 2.4573865 2.3094864 1.1517725 2.3239436 3.0044447 2.5216366 2.4575295 2.3756107 2.6583421 2.5428745 2.4513634 2.3651696 2.3614758 2.6980610 2.1430438 2.6820061 2.3115915 2.8191385 2.7844236 2.3774481 2.4957198 2.8935963 
Cgig_XM_011437921.3                               1.2918283 1.0228733 0.7950912 1.6132676 1.2395691 1.3735401 1.3790272 1.5237626 1.4473469 0.0000000 0.7925151 1.3896158 1.3313665 1.5411708 1.7729642 1.3685610 1.3896464 1.4166488 1.8910979 1.0593991 1.0661157 1.2777475 1.3807221 1.2787505 1.6852485 1.6096196 1.7020146 1.6920821 1.6138136 1.6935985 1.7729263 1.5159510 1.9569687 2.4773077 2.1490210 3.2694942 2.2095020 1.7294008 1.7474698 2.4575674 2.2049179 2.0771058 1.9736614 1.6803659 3.8031432 2.5100539 2.3600088 2.5563609 3.4415236 2.4969437 2.4693961 1.6228296 2.1976445 2.9098985 2.1652626 2.1751853 2.3300138 2.3169472 2.5625492 2.3546203 2.2645673 2.3068068 2.4784933 2.0062842 2.7234087 2.0630352 2.6699615 2.4035786 2.3454479 2.4421811 2.5458091 
Acagra_model.g30599.t1                            1.4525541 1.1741819 0.8467800 1.7622918 1.3344634 1.6885738 1.6578699 1.6129170 1.5941544 0.7925151 0.0000000 1.8189157 1.7299155 1.6709575 2.2085114 1.5237005 1.6202939 1.6064641 1.7136958 1.1649320 1.1515360 1.2748747 1.4748064 1.5978194 1.9081177 1.8073942 1.7579006 1.8678433 1.7969716 1.8064477 1.9540878 1.8379893 1.8639050 2.5232548 2.6213578 3.1234407 3.0181895 2.0174767 1.8961018 2.5183707 2.2010371 2.3674837 2.1538402 1.9430832 2.7510054 2.6718058 2.4700660 2.3829092 2.5921929 2.7950503 2.7997839 1.5874553 2.2194430 2.8351913 2.6575666 2.6909135 2.7861817 2.7768963 2.9251257 2.3752068 2.3755048 2.3013942 2.4661871 2.1897877 2.6225749 1.8913610 2.5284139 2.4304698 2.5802762 2.6202970 2.6499732 
Exapal_XM_021058468.1                             1.3434013 1.2130125 1.3059235 1.4439933 1.0129316 1.1283647 1.1593945 1.8770805 1.1832915 1.3896158 1.8189157 0.0000000 0.5097061 0.9419434 0.7787202 0.7396714 0.7417694 0.8634201 1.2196631 1.3677688 1.3615632 1.7198008 1.6863568 1.3043576 2.1334832 1.8858642 2.1132474 1.8675739 1.8881475 2.0267708 1.6409802 1.2172786 2.1806268 2.3017112 2.1465347 1.8713603 2.0052063 1.8520839 1.7301598 2.1770792 2.0518687 2.1130270 1.9318401 1.8156672 3.4906733 1.9053285 2.2245769 2.7771257 3.3540451 2.3501672 2.0865216 1.6326330 2.2128763 2.6033276 2.0443145 2.1489780 2.3670695 2.3814538 2.2943601 2.4594707 2.4541047 2.3485299 2.6306286 1.8503149 2.6316133 3.1638296 2.5998293 2.4156572 2.2768445 2.4272601 2.6768296 
Nvec_v1g115533                                    1.1790375 1.1277983 1.2603460 1.3379535 0.8576513 1.0256277 1.0412349 1.3789154 1.1512187 1.3313665 1.7299155 0.5097061 0.0000000 0.7980199 0.7820339 0.6744443 0.6597098 0.7526259 1.2533556 1.2907293 1.1842699 1.4985286 1.6338015 1.2730954 1.8167067 1.6108547 1.8839945 1.6852740 1.6678062 1.7867756 1.4918668 1.1776230 1.9707387 1.8983955 1.8046417 1.7222790 1.6905090 1.9081633 1.6857852 1.9674193 1.8575188 1.9010484 1.7815463 1.6690665 3.2767103 1.9395422 1.9537695 1.1796219 2.9596220 2.0512952 1.9356150 1.4788439 2.0476607 2.3805451 1.8703550 1.9457752 2.2757588 2.2819227 2.2685221 2.2071930 2.2235466 2.2036664 2.2809595 1.7882503 2.4003822 1.9698909 2.4762598 1.8170287 2.1839642 2.2374891 2.5097555 
Adig_XM_015896831.1                               1.4100115 1.2450881 1.3243558 1.3970089 1.6389239 1.2412889 1.2357836 1.5515190 1.2522879 1.5411708 1.6709575 0.9419434 0.7980199 0.0000000 0.0234211 0.2608177 0.3416915 0.3993473 0.8082964 1.5752059 1.3037847 1.8573527 1.7538892 1.4824855 2.1051998 1.9177730 2.0479587 1.9248302 1.9029853 2.0117653 1.5451560 1.1365626 1.3930682 2.5865279 2.2001649 2.8350667 2.7334906 1.9739847 1.9642058 2.4471246 2.3400853 2.0460183 1.9070314 1.9072220 3.6316186 2.7091674 2.4533478 2.6852943 3.0797346 2.6802597 2.5317549 1.5071112 2.3209482 3.0008893 2.4304974 2.5239613 2.4620873 2.6433093 2.5435655 2.9159484 2.5920773 2.3745689 2.6733972 2.0375039 2.7291891 2.3872341 2.7417786 2.8511175 2.3131462 2.6299772 2.7754290 
Amil_Amillepora18757-RA                           1.6103348 1.4934313 1.5063561 1.7426303 1.0463698 1.5552142 1.5675511 1.9162938 1.4171029 1.7729642 2.2085114 0.7787202 0.7820339 0.0234211 0.0000000 0.3342374 0.4023184 0.5158815 0.8086521 1.8050201 1.5012591 2.1106297 1.8978193 1.6358872 2.5194223 2.3079182 2.9139634 2.3791747 2.3776844 2.5863043 1.7625247 1.4514790 2.4690500 3.0038846 2.2962226 2.8839668 2.5163011 1.8050076 1.7997634 2.8014525 2.7543356 2.1352374 1.8800579 1.7172603 4.3794107 2.8352766 2.8060876 3.1208805 3.7418619 2.8190698 2.4797905 2.0241116 2.3537757 2.7474134 2.2360298 2.3289378 2.3697616 2.5034313 2.4992325 2.7495163 2.7558047 2.4160998 2.5971635 2.2028945 3.0661685 3.6881888 3.1016391 4.4902469 2.3397613 2.4649168 2.8015354 
Gfas_gfas1.m1.5429.m1                             1.3089312 1.1469230 1.1964785 1.3498292 0.9050930 1.1803040 1.1778077 1.4086254 1.1441303 1.3685610 1.5237005 0.7396714 0.6744443 0.2608177 0.3342374 0.0000000 0.2348969 0.2975494 0.4961602 1.3277065 1.1912139 1.6601172 1.5811314 1.2810460 1.8671950 1.6897936 1.7695786 1.6627266 1.6956824 1.7949590 1.3957270 1.0826768 1.3645826 2.4718456 2.1841056 2.6821722 2.4969531 1.6671755 1.5618893 2.2514236 2.0245816 1.8532770 1.7406065 1.6640351 3.4439700 2.4670424 2.2901297 2.6207315 2.8317818 2.4624044 2.2942238 1.4075760 2.1349197 2.7403863 2.3392572 2.3635881 2.2677182 2.4720756 2.2274707 2.6401835 2.4091230 2.2127380 2.4218521 1.9604679 2.5168788 2.1715867 2.5387105 2.5977560 2.2129690 2.4256389 2.6299792 
Gasp_gasp1.m3.11402.m1                            1.3396540 1.1587905 1.1248835 1.3152319 0.9857612 1.1132478 1.1526590 1.3775551 1.1350380 1.3896464 1.6202939 0.7417694 0.6597098 0.3416915 0.4023184 0.2348969 0.0000000 0.2238117 0.3663606 1.3965192 1.2417246 1.7740105 1.6290946 1.3832618 1.8630806 1.6972140 1.8951064 1.7324312 1.7438088 1.8432926 1.4482056 1.1432564 1.4511845 2.4347107 2.2098254 2.5881899 2.6404217 1.7689458 1.8122118 2.3213429 2.1338174 1.9409874 1.8509142 1.6984810 3.3698954 2.3920175 2.2669488 2.6083941 2.9709449 2.4754530 2.3374946 1.4059573 2.1298862 2.8657137 2.2659067 2.3632526 2.3219249 2.4761831 2.3863271 2.4955998 2.4482548 2.2753816 2.5052360 1.8929743 2.4432446 2.2198388 2.4556356 2.5171827 2.2160990 2.3917003 2.6528152 
Spis_XP_022788798_1                               1.4369297 1.2665818 1.2153414 1.3774763 1.1874828 1.1779636 1.2131460 1.4848400 1.1858823 1.4166488 1.6064641 0.8634201 0.7526259 0.3993473 0.5158815 0.2975494 0.2238117 0.0000000 0.3485774 1.5318217 1.3377090 1.8095055 1.6849126 1.4887916 2.0210130 1.7743924 1.9018114 1.8208376 1.8093959 1.8156755 1.4824237 1.1838449 1.4807837 2.3411325 2.1598494 2.3813156 2.5373102 1.7534270 1.6835503 2.2770215 2.0635881 1.9432694 1.8588608 1.7064933 3.2588393 2.4906145 2.3199623 2.6034906 2.8153632 2.4952517 2.3105932 1.4103344 2.1019164 2.5623445 2.3505410 2.3820447 2.3088641 2.3999756 2.3173174 2.4506680 2.2571646 2.1455509 2.4191702 1.9146962 2.4900156 2.2684723 2.5859218 2.4288237 2.1491049 2.3548032 2.7014428 
Fspp_ffun1.m4.33586.m1                            1.8424415 1.8634668 1.8538132 1.7630882 0.6724016 1.5365704 1.5254986 1.4783566 1.6888042 1.8910979 1.7136958 1.2196631 1.2533556 0.8082964 0.8086521 0.4961602 0.3663606 0.3485774 0.0000000 1.7318192 1.7667036 2.1156515 2.1409629 2.1611695 2.2568744 2.2501429 2.2040200 2.2616103 2.4033799 2.4156018 1.8916848 1.7393679 1.6854118 2.8438724 2.9519110 2.5730099 3.8481204 1.9537951 1.5929671 2.7855359 2.2565866 2.2451963 2.3661225 2.3658075 3.0005906 2.5061723 2.4701991 2.4674801 2.8022294 2.6864450 2.5367305 1.9430048 2.3488057 3.4561069 2.6956679 2.8410486 2.5594172 2.6806538 2.3865507 2.6471271 2.5711445 2.3912071 2.2652221 2.4389101 2.7769106 2.2978720 2.7201019 2.3272710 2.6727443 2.5357276 2.7932836 
Cscu_XM_023374615.1                               1.3830569 1.1348062 0.9794483 1.6005627 1.3414127 1.4294134 1.4769713 1.7092240 1.4960868 1.0593991 1.1649320 1.3677688 1.2907293 1.5752059 1.8050201 1.3277065 1.3965192 1.5318217 1.7318192 0.0000000 1.1242409 0.9690691 1.1208657 1.4221615 2.0263837 1.8724512 1.9602512 1.8373777 1.8335556 1.9320422 1.7781843 1.6863624 2.1861218 2.4312204 2.2640612 3.0615354 2.2358482 1.8025020 1.6444764 2.3441012 2.0668612 2.0485899 1.9898412 1.8704928 3.3233110 2.4304583 2.2970151 2.3705525 3.1757974 2.3688441 2.2904950 1.6901713 2.1798736 2.7409845 2.2875599 2.3368101 2.5730812 2.6633519 2.5445337 2.4883803 2.2113602 2.3743206 2.5211099 2.0832277 2.5599267 2.1929491 2.7136365 2.5203176 2.3883381 2.4029300 2.7287830 
Skow_XM_006819655.1                               1.1723223 0.9704262 0.9825350 1.4784573 1.2487353 1.2659150 1.2848862 1.5662731 1.3024650 1.0661157 1.1515360 1.3615632 1.1842699 1.3037847 1.5012591 1.1912139 1.2417246 1.3377090 1.7667036 1.1242409 0.0000000 1.2459354 1.4244931 1.1337329 1.8029444 1.6783120 1.7746614 1.7531084 1.7103801 1.7991488 1.6062663 1.4390381 1.8410337 2.2779425 2.0082752 2.5665355 2.1184109 1.5490554 1.5442862 2.1215951 1.9564593 2.0124419 1.9037418 1.6854394 3.0681945 2.3596910 2.1722460 2.3005374 2.9807835 2.5266991 2.4750936 1.4795034 2.1397871 2.6116965 2.3347514 2.3154270 2.3051259 2.4313886 2.4536697 2.4574760 2.3981315 2.2943768 2.3936934 2.0652237 2.7344939 2.0351902 2.8587405 2.6496258 2.1571213 2.3992848 2.6881304 
Tcas_TC012753_001                                 1.5707801 1.3093419 1.0819684 1.7251914 1.2462150 1.5919483 1.5862031 2.0073630 1.6775842 1.2777475 1.2748747 1.7198008 1.4985286 1.8573527 2.1106297 1.6601172 1.7740105 1.8095055 2.1156515 0.9690691 1.2459354 0.0000000 1.0986658 1.5261139 1.9980103 1.8679044 1.9055193 1.9059996 1.8717580 1.9385975 2.0138033 1.9278276 2.3394995 2.4305569 2.1929489 2.8824897 2.5459054 1.8194433 1.7691403 2.4684753 2.3271999 2.2748183 1.8627765 1.9950111 3.7862596 2.7249169 2.6141143 2.7874741 3.2577794 2.5930213 2.4860585 1.7997367 2.1762958 3.0291725 2.2654068 2.2990434 2.6846473 2.7549552 2.4085929 2.6567116 2.6818525 2.5164439 2.5806344 2.1590990 2.5757924 2.1457823 2.5729685 2.4993645 2.3486925 2.4730505 2.5723140 
Dpul_mRNA1122                                     1.4796293 1.4000668 1.3889275 1.8235345 1.8060810 1.6472230 1.6786591 2.0532966 1.7860209 1.3807221 1.4748064 1.6863568 1.6338015 1.7538892 1.8978193 1.5811314 1.6290946 1.6849126 2.1409629 1.1208657 1.4244931 1.0986658 0.0000000 1.3885658 2.1260304 1.9997452 1.9795749 2.0295816 2.0425974 2.1508546 1.8116695 1.7566398 2.1601337 2.3326155 2.1487110 2.3641853 2.3420243 1.8149467 1.8106247 2.4541211 2.3289300 2.0733368 1.9283342 2.0061702 3.7412067 2.4268401 2.3518315 2.1887892 3.1853948 2.4757918 2.3856500 2.0476823 2.4226049 3.0620058 2.6105894 2.5055930 2.6123691 2.5976822 2.5578974 2.4931890 2.5310829 2.5263294 2.6226035 2.1997031 2.7925601 2.2479425 2.6623210 2.3010991 2.3921952 2.5415530 2.8391435 
Spur_XM_030986492.1                               1.5259594 1.2370730 1.2224924 1.7550621 1.5053480 1.5694253 1.6144297 2.0153623 1.5286956 1.2787505 1.5978194 1.3043576 1.2730954 1.4824855 1.6358872 1.2810460 1.3832618 1.4887916 2.1611695 1.4221615 1.1337329 1.5261139 1.3885658 0.0000000 1.9924041 1.8384225 1.9619767 1.8980345 1.8943672 1.9949303 1.6996666 1.5732518 2.0359928 2.3423527 2.1006094 3.0478547 2.3895091 1.6996103 1.6936511 2.2726404 2.1536415 2.0175241 1.8896743 1.7812779 3.4603700 2.4428872 2.3142247 2.6342223 3.2209284 2.3615750 2.3018515 1.7816556 2.3057121 2.8299029 2.3604297 2.3238557 2.6580035 2.6630034 2.4517753 2.4349336 2.3346808 2.2792137 2.4751958 2.1167442 2.6614898 2.1832236 2.8847482 2.7174325 2.3004307 2.4723587 2.6937501 
Tadh_TriadT57442                                  1.9229582 1.6753990 1.6425654 1.8807067 1.2187738 1.8580946 1.8378068 1.8692035 1.7979097 1.6852485 1.9081177 2.1334832 1.8167067 2.1051998 2.5194223 1.8671950 1.8630806 2.0210130 2.2568744 2.0263837 1.8029444 1.9980103 2.1260304 1.9924041 0.0000000 0.0231906 0.4018152 0.3554844 0.3837059 0.4187433 2.1384712 2.0083675 2.0868247 2.5264714 2.4974752 2.8017195 2.8038186 2.1740219 2.2453877 2.6452455 2.4052989 2.6424342 2.5496074 2.4105474 3.7668358 2.7741364 2.5348835 2.2710021 3.3010118 2.5999053 2.6227690 2.0037009 3.0246092 3.3321013 2.9221937 2.6773976 2.8434103 3.0935059 3.3016302 2.9185625 2.8284380 2.8979860 2.9870258 2.2401100 2.7468955 1.9887727 3.0064772 2.3207787 2.8657476 2.9494118 3.1894672 
TrH2_TrispH2_009137-RA                            1.7750802 1.5528396 1.5751439 1.8276285 1.2109639 1.7195949 1.7102513 1.6543533 1.6843973 1.6096196 1.8073942 1.8858642 1.6108547 1.9177730 2.3079182 1.6897936 1.6972140 1.7743924 2.2501429 1.8724512 1.6783120 1.8679044 1.9997452 1.8384225 0.0231906 0.0000000 0.3512410 0.3137957 0.3357055 0.3650196 2.0089316 1.8427388 2.0557523 2.3516417 2.3653703 2.5977030 2.8607092 2.0258498 2.0374434 2.4455326 2.2752110 2.5316237 2.4845787 2.2611699 3.3923085 2.5193092 2.3784394 2.3472410 3.0644848 2.4722919 2.4088234 1.9322769 2.8915000 3.1657188 2.7490739 2.6305335 2.8024167 3.0172675 3.0984049 2.7722542 2.6608135 2.7767288 2.8420846 2.2290326 2.6473326 2.0983183 2.8140333 2.4118585 2.6637531 2.8249081 3.0866555 
HoiH06_mRNA8050                                   1.8648676 1.6330850 1.5951015 1.9395574 1.4378687 1.6801092 1.6537471 1.6906149 1.6880823 1.7020146 1.7579006 2.1132474 1.8839945 2.0479587 2.9139634 1.7695786 1.8951064 1.9018114 2.2040200 1.9602512 1.7746614 1.9055193 1.9795749 1.9619767 0.4018152 0.3512410 0.0000000 0.0519806 0.1633881 0.1580042 2.0812030 1.8453015 1.9297926 2.4338058 2.6088398 2.7127028 3.4653595 2.1446894 2.2150278 2.5354140 2.2962222 2.3797757 2.4024834 2.2775483 2.7979863 2.5224836 2.4215065 2.4037655 2.5144808 2.4591570 2.4820855 1.7941937 2.8843474 3.0715978 2.9576566 2.8333489 2.9615595 3.0510380 3.1206421 2.6025622 2.6157310 2.4952850 2.5792289 2.0890513 2.7068183 2.1470492 2.6870557 2.4063661 2.8146857 2.6281737 2.9745803 
HoiH23_PlH23_001487-RA                            1.7900124 1.5780193 1.5549492 1.8573811 1.4916831 1.7410765 1.7194420 1.6956574 1.6269664 1.6920821 1.8678433 1.8675739 1.6852740 1.9248302 2.3791747 1.6627266 1.7324312 1.8208376 2.2616103 1.8373777 1.7531084 1.9059996 2.0295816 1.8980345 0.3554844 0.3137957 0.0519806 0.0000000 0.1303905 0.1570343 1.9994984 1.8779263 1.9666373 2.4526763 2.4459338 2.8806386 2.9406191 2.1705698 2.2186274 2.4518347 2.2857340 2.4092756 2.4700475 2.3162988 3.5444465 2.5359252 2.3745451 2.4365158 3.1108578 2.4171645 2.3644258 1.8900156 2.9553532 3.2177642 2.8388318 2.7555193 2.8565750 3.0092495 3.1205166 2.8349681 2.7005760 2.8149658 2.8916151 2.2640812 2.6207399 2.1768590 2.7880460 2.4780079 2.7557132 2.7863411 3.0709455 
Hhon_g01923.t1                                    1.7779314 1.5761886 1.4982735 1.8915356 1.4738707 1.7465245 1.7364294 1.7058095 1.6060475 1.6138136 1.7969716 1.8881475 1.6678062 1.9029853 2.3776844 1.6956824 1.7438088 1.8093959 2.4033799 1.8335556 1.7103801 1.8717580 2.0425974 1.8943672 0.3837059 0.3357055 0.1633881 0.1303905 0.0000000 0.0212993 1.9503581 1.8530513 1.9893490 2.5065314 2.4668408 2.7444772 2.9010561 2.1427269 2.2335886 2.3871415 2.2520859 2.4255428 2.4631765 2.3008395 3.4267145 2.5417616 2.3718468 2.3993869 3.0832774 2.3413906 2.3154691 1.9359255 2.8671973 3.0645767 2.8124370 2.7263975 2.8179161 2.9755651 2.9880199 2.7492653 2.6152239 2.8112661 2.9441588 2.2114234 2.5769743 2.1368376 2.8457192 2.4322425 2.7341278 2.7133138 2.9465585 
HoiH04_mRNA10791                                  1.8920265 1.6484760 1.5575183 1.9776712 1.4738707 1.8292443 1.8196483 1.7259587 1.7016274 1.6935985 1.8064477 2.0267708 1.7867756 2.0117653 2.5863043 1.7949590 1.8432926 1.8156755 2.4156018 1.9320422 1.7991488 1.9385975 2.1508546 1.9949303 0.4187433 0.3650196 0.1580042 0.1570343 0.0212993 0.0000000 2.0411372 1.9113723 2.0044562 2.5281899 2.5516906 2.7415361 3.0360493 2.2218425 2.2331966 2.4472636 2.2972733 2.4985026 2.5843241 2.3627288 3.4512742 2.5226469 2.3770585 2.4104322 3.1152319 2.4198499 2.4148368 2.0099669 2.9524393 3.0357218 2.9170364 2.8387412 2.9448411 3.0651271 3.0621950 2.7510612 2.6403313 2.8526063 2.9906252 2.3361611 2.6936599 2.1346414 2.9086387 2.4436474 2.7975688 2.7409919 3.0103159 
Plajan_Pjan_C569576_01                            1.6865384 1.6394816 1.4819878 1.7714870 1.4416894 1.6492117 1.6483294 1.7925730 1.6696451 1.7729263 1.9540878 1.6409802 1.4918668 1.5451560 1.7625247 1.3957270 1.4482056 1.4824237 1.8916848 1.7781843 1.6062663 2.0138033 1.8116695 1.6996666 2.1384712 2.0089316 2.0812030 1.9994984 1.9503581 2.0411372 0.0000000 1.7356655 1.9325349 2.2402995 1.9568910 2.3103761 2.4338339 1.5784280 1.5825109 1.3691012 1.2683827 1.9850744 1.9837226 1.9981780 3.5943921 2.5591824 2.3309810 2.2385780 2.9679580 2.5158836 2.4016866 1.7977453 2.3169302 2.7738647 2.3651104 2.4239264 2.4264412 2.4970750 2.6013149 2.4763192 2.3760583 2.1687158 2.2584698 1.8400411 2.4198657 1.7628826 2.3902319 2.3678425 2.2915904 2.5055013 2.5262512 
Dgig_XM_028538249.1                               1.5598090 1.3194584 1.3944318 1.4560714 1.1137502 1.4226636 1.4069627 1.5378223 1.3846940 1.5159510 1.8379893 1.2172786 1.1776230 1.1365626 1.4514790 1.0826768 1.1432564 1.1838449 1.7393679 1.6863624 1.4390381 1.9278276 1.7566398 1.5732518 2.0083675 1.8427388 1.8453015 1.8779263 1.8530513 1.9113723 1.7356655 0.0000000 0.3975309 2.4911341 2.4542874 3.1858441 2.6922667 2.0090537 1.9506862 2.1864502 2.1209917 2.2136181 1.9778297 2.0594363 3.6663808 2.6462805 2.4042468 2.7837069 3.3916766 2.5196401 2.4823774 1.5125652 2.3656692 3.1109660 2.3802243 2.3705148 2.4684391 2.5986107 2.5751237 2.5350357 2.4655994 2.4709924 2.6161101 2.0089270 2.9803214 2.4657946 2.8390552 2.7905585 2.2817435 2.5043628 2.9983037 
Xesp_012557-T1                                    2.1938622 1.9221207 1.7218228 1.6538268 1.4037084 1.6292770 1.5717541 1.6586661 1.6090961 1.9569687 1.8639050 2.1806268 1.9707387 1.3930682 2.4690500 1.3645826 1.4511845 1.4807837 1.6854118 2.1861218 1.8410337 2.3394995 2.1601337 2.0359928 2.0868247 2.0557523 1.9297926 1.9666373 1.9893490 2.0044562 1.9325349 0.3975309 0.0000000 3.1416745 3.1739855 3.6311454 3.7533893 3.0363048 2.7284042 2.9565342 2.4974812 2.7406004 2.6077903 2.7035854 3.1890026 3.9760372 2.9195029 2.8037759 3.1858425 3.3026142 3.4817137 1.7182355 2.9810375 3.8973144 3.3241871 3.0792466 2.8989684 3.2940332 4.9096318 3.0238292 2.4554283 3.2679973 3.6934001 2.6319554 2.9225678 2.4902667 3.1138495 3.0589298 2.8815599 3.0946440 3.7389756 
Aque_Aqu2.1.19723_001                             2.3706847 2.2361313 2.3448807 2.1563978 1.5809881 2.4233797 2.4225958 2.5167013 2.2623583 2.4773077 2.5232548 2.3017112 1.8983955 2.5865279 3.0038846 2.4718456 2.4347107 2.3411325 2.8438724 2.4312204 2.2779425 2.4305569 2.3326155 2.3423527 2.5264714 2.3516417 2.4338058 2.4526763 2.5065314 2.5281899 2.2402995 2.4911341 3.1416745 0.0000000 0.4782169 0.6742586 2.2572416 1.0546585 1.2574560 2.8922662 2.6332989 2.8668660 2.2331823 2.2765511 3.1832371 2.7434868 2.6280632 2.7212034 3.0378548 3.0271369 2.8910755 2.3003252 2.7569552 3.3678837 2.7681628 2.8850475 2.7807110 2.9447447 3.0493185 2.9339978 2.6670466 2.8461771 2.9478909 2.4938655 2.7768343 2.8620845 2.9753508 3.2528139 2.7046469 2.7160675 3.1125332 
Halamb_c49018_g1_i3mm.2873                        2.0281790 2.0986701 2.0744895 2.0807555 1.3537090 2.1511494 2.1327303 2.4524716 1.9785378 2.1490210 2.6213578 2.1465347 1.8046417 2.2001649 2.2962226 2.1841056 2.2098254 2.1598494 2.9519110 2.2640612 2.0082752 2.1929489 2.1487110 2.1006094 2.4974752 2.3653703 2.6088398 2.4459338 2.4668408 2.5516906 1.9568910 2.4542874 3.1739855 0.4782169 0.0000000 0.5579529 1.7311710 0.9995966 1.1799239 2.5841262 2.4111737 2.5781840 2.2511786 2.1403744 3.6741864 2.7417062 2.6438922 2.9462008 3.6001528 2.8934726 2.5723747 2.2013460 2.5341288 3.2600641 2.6552750 2.7859916 2.6092494 2.7265904 2.7214002 2.9921378 2.5553465 2.8125786 2.9868437 2.3169337 2.7130931 2.8113924 2.9962880 3.2577628 2.5213357 2.4645274 3.1692955 
Xestes_maker-XT_scaffold184-snap-gene-0.6-mRNA-1  2.5411693 2.8490984 2.8262461 2.5392015 1.6252728 2.9967090 2.9392305 3.2116669 2.8045791 3.2694942 3.1234407 1.8713603 1.7222790 2.8350667 2.8839668 2.6821722 2.5881899 2.3813156 2.5730099 3.0615354 2.5665355 2.8824897 2.3641853 3.0478547 2.8017195 2.5977030 2.7127028 2.8806386 2.7444772 2.7415361 2.3103761 3.1858441 3.6311454 0.6742586 0.5579529 0.0000000 2.1462679 0.9023949 0.9792178 3.6964731 2.9564522 2.9289543 2.5280730 2.2476988 3.1943477 3.2164920 3.1474408 3.1426091 2.8933601 3.2333524 2.6713792 2.5381130 2.6936229 3.0719970 2.8894089 2.9350184 3.0497841 2.8144173 2.5680201 2.8723209 2.5278850 2.7188033 2.6057507 2.6541682 2.9783356 3.0447375 2.9709962 3.5190057 2.5919532 2.6617956 2.8740851 
Emue_Em0008g817a.t1                               2.2321668 2.1520748 2.0780173 2.5940969 0.2955858 2.4649859 2.5051838 3.7370098 2.2959752 2.2095020 3.0181895 2.0052063 1.6905090 2.7334906 2.5163011 2.4969531 2.6404217 2.5373102 3.8481204 2.2358482 2.1184109 2.5459054 2.3420243 2.3895091 2.8038186 2.8607092 3.4653595 2.9406191 2.9010561 3.0360493 2.4338339 2.6922667 3.7533893 2.2572416 1.7311710 2.1462679 0.0000000 0.1859333 0.9674674 3.0919904 2.7574465 3.3298730 2.4414898 2.5389158 5.4514016 3.1076939 3.3030328 3.8684415 4.4016931 3.2507470 2.5640281 2.8160098 3.1954762 3.7364159 3.0866794 3.0449119 2.9983694 3.0944096 3.1722783 3.4647139 3.4179314 3.1951798 3.3870740 2.7386972 3.5382565 4.0613457 4.0246750 4.2576412 2.9355944 2.9007981 3.5426534 
Spolac_c101153_g1_i1_m.24687c101153-g1            1.6945588 1.6742856 1.6006149 2.0458125 1.5499905 1.7610673 1.7756342 2.0037536 1.6949336 1.7294008 2.0174767 1.8520839 1.9081633 1.9739847 1.8050076 1.6671755 1.7689458 1.7534270 1.9537951 1.8025020 1.5490554 1.8194433 1.8149467 1.6996103 2.1740219 2.0258498 2.1446894 2.1705698 2.1427269 2.2218425 1.5784280 2.0090537 3.0363048 1.0546585 0.9995966 0.9023949 0.1859333 0.0000000 0.8267917 2.2504544 2.0479214 2.2616178 1.8669652 1.8514621 3.8302107 2.2565714 2.2852807 1.1493708 3.3897354 2.3511462 2.2990383 2.0517793 2.5713137 2.5630215 2.1766497 2.2106335 2.4153250 2.4562759 2.5455636 2.6720403 2.5536032 2.3087683 2.6206123 1.9617548 2.5168588 1.6273101 2.6695708 1.9333882 2.3166558 2.2657686 2.5092749 
Tetwil_g15045.t1                                  1.6267414 1.6278029 1.6937316 2.1005910 1.4724546 1.8147773 1.7708489 2.1790699 1.8703211 1.7474698 1.8961018 1.7301598 1.6857852 1.9642058 1.7997634 1.5618893 1.8122118 1.6835503 1.5929671 1.6444764 1.5442862 1.7691403 1.8106247 1.6936511 2.2453877 2.0374434 2.2150278 2.2186274 2.2335886 2.2331966 1.5825109 1.9506862 2.7284042 1.2574560 1.1799239 0.9792178 0.9674674 0.8267917 0.0000000 2.1400457 2.0785167 2.2424689 2.0119830 1.9331325 3.6788010 2.2278123 2.2336469 1.2289465 3.0985844 2.3626196 2.3406017 1.9757043 2.6017247 2.2823283 2.3639049 2.4823233 2.5470461 2.4347711 2.6895228 2.3786962 2.3246461 2.4399752 2.5481603 1.7553549 2.5967836 1.5297391 2.6113288 1.8185242 2.3025536 2.3399333 2.9015356 
Ocar_g6492                                        2.3101706 2.2609936 2.2826991 2.2180340 2.2285801 2.2332879 2.2980175 2.4919725 2.3629808 2.4575674 2.5183707 2.1770792 1.9674193 2.4471246 2.8014525 2.2514236 2.3213429 2.2770215 2.7855359 2.3441012 2.1215951 2.4684753 2.4541211 2.2726404 2.6452455 2.4455326 2.5354140 2.4518347 2.3871415 2.4472636 1.3691012 2.1864502 2.9565342 2.8922662 2.5841262 3.6964731 3.0919904 2.2504544 2.1400457 0.0000000 0.0512786 2.4943751 2.4683630 2.4711335 3.6997717 3.1828827 2.8141236 2.5143059 3.5105441 2.9350177 3.1214491 2.3113660 2.7315276 3.1796107 2.8374611 2.7693841 2.6973293 2.8815260 3.0390680 2.8316495 2.6881096 2.6026878 2.5216950 2.1403387 2.6353652 2.5785946 3.0045407 2.9252033 2.7414521 2.5661547 3.0843325 
Opea_EP00118_Oscarella_pearsei_P005332            2.1732009 2.0627325 2.0602371 2.1052990 1.7112013 2.0993125 2.1250881 2.2526634 2.1377027 2.2049179 2.2010371 2.0518687 1.8575188 2.3400853 2.7543356 2.0245816 2.1338174 2.0635881 2.2565866 2.0668612 1.9564593 2.3271999 2.3289300 2.1536415 2.4052989 2.2752110 2.2962222 2.2857340 2.2520859 2.2972733 1.2683827 2.1209917 2.4974812 2.6332989 2.4111737 2.9564522 2.7574465 2.0479214 2.0785167 0.0512786 0.0000000 2.4621395 2.3163651 2.2956106 3.5406127 2.8696224 2.6063368 2.3095650 3.3747786 2.7974217 2.8675443 2.2108662 2.5908323 3.1359405 2.7673939 2.7172928 2.6190366 2.8439277 2.9012217 2.8045330 2.5642187 2.6725644 2.7009136 2.0854715 2.5161111 2.1185363 2.7582854 2.7067922 2.6318085 2.4770470 3.0086997 
Saldol_EP00054_Salpingoeca_dolichothecata_P030612 1.9318781 1.8920454 1.9218784 2.1270754 1.7848076 2.0047348 2.0040161 2.3406013 1.9514994 2.0771058 2.3674837 2.1130270 1.9010484 2.0460183 2.1352374 1.8532770 1.9409874 1.9432694 2.2451963 2.0485899 2.0124419 2.2748183 2.0733368 2.0175241 2.6424342 2.5316237 2.3797757 2.4092756 2.4255428 2.4985026 1.9850744 2.2136181 2.7406004 2.8668660 2.5781840 2.9289543 3.3298730 2.2616178 2.2424689 2.4943751 2.4621395 0.0000000 1.6351849 1.6100391 3.5079040 2.5345049 2.5497955 1.8594743 3.4529525 2.6121995 2.5410277 2.3104121 1.9937021 2.6664996 2.0830900 2.1414826 2.0516144 2.1634578 2.0462370 2.0441934 2.0904058 2.0774644 2.4272093 2.2333634 2.7967809 2.1866931 2.7303142 2.3841244 2.1892225 2.3807334 2.6208397 
Mylflu_EP00047_Mylnosiga_fluctuans_P008131        2.0480957 1.7825685 1.9724413 1.9349015 1.8362127 1.8062208 1.8002163 2.2132841 1.8908695 1.9736614 2.1538402 1.9318401 1.7815463 1.9070314 1.8800579 1.7406065 1.8509142 1.8588608 2.3661225 1.9898412 1.9037418 1.8627765 1.9283342 1.8896743 2.5496074 2.4845787 2.4024834 2.4700475 2.4631765 2.5843241 1.9837226 1.9778297 2.6077903 2.2331823 2.2511786 2.5280730 2.4414898 1.8669652 2.0119830 2.4683630 2.3163651 1.6351849 0.0000000 1.4629853 3.3203439 2.1832041 2.2500657 1.9744040 3.2926372 2.5510344 2.3464347 2.0858475 1.8371731 2.2886945 1.8850534 1.9997571 2.1929345 2.2383063 1.9272587 2.0306071 2.1748874 1.9379629 2.1781209 1.9424974 2.6247212 1.9699905 2.7478796 2.2826171 1.9701260 2.0226481 2.3606835 
Salkve_EP00050_Salpingoeca_kvevrii_P007304        1.7220673 1.5754696 1.5570781 2.1302279 1.4333965 1.7318442 1.7700848 2.0472595 1.7359092 1.6803659 1.9430832 1.8156672 1.6690665 1.9072220 1.7172603 1.6640351 1.6984810 1.7064933 2.3658075 1.8704928 1.6854394 1.9950111 2.0061702 1.7812779 2.4105474 2.2611699 2.2775483 2.3162988 2.3008395 2.3627288 1.9981780 2.0594363 2.7035854 2.2765511 2.1403744 2.2476988 2.5389158 1.8514621 1.9331325 2.4711335 2.2956106 1.6100391 1.4629853 0.0000000 3.3847355 1.9805296 2.1046147 2.1251937 3.1994324 2.3419541 2.1091187 2.1497937 1.6119379 2.2162006 1.9584166 1.8693124 1.9034403 1.9042049 1.7244558 1.8583632 1.8819198 1.8737938 2.1730697 2.3193375 2.7086955 2.3602042 2.7977313 2.2678302 1.8890146 1.9342714 1.9243840 
Horcal_Hcv1.av93.c3.g1016.i3                      3.4165786 3.3109390 3.4043802 3.4890991 1.7981411 3.5476176 3.5952698 2.9512428 3.3146130 3.8031432 2.7510054 3.4906733 3.2767103 3.6316186 4.3794107 3.4439700 3.3698954 3.2588393 3.0005906 3.3233110 3.0681945 3.7862596 3.7412067 3.4603700 3.7668358 3.3923085 2.7979863 3.5444465 3.4267145 3.4512742 3.5943921 3.6663808 3.1890026 3.1832371 3.6741864 3.1943477 5.4514016 3.8302107 3.6788010 3.6997717 3.5406127 3.5079040 3.3203439 3.3847355 0.0000000 1.0175144 1.1314364 1.0006103 1.4350017 1.7885125 2.0816872 3.7066145 3.7265070 3.6775563 3.6956160 3.5301248 3.9282560 4.1839519 4.1703135 3.7442104 3.9796947 3.2084948 3.4596726 3.5013450 3.7059844 2.9230620 4.0411096 3.2558274 3.7904557 3.8375936 3.9530059 
Bolinf_Binf_sb1226048                             2.5693109 2.4058628 2.3678470 2.4963593 1.5436806 2.3863991 2.3123526 2.9459836 2.2534161 2.5100539 2.6718058 1.9053285 1.9395422 2.7091674 2.8352766 2.4670424 2.3920175 2.4906145 2.5061723 2.4304583 2.3596910 2.7249169 2.4268401 2.4428872 2.7741364 2.5193092 2.5224836 2.5359252 2.5417616 2.5226469 2.5591824 2.6462805 3.9760372 2.7434868 2.7417062 3.2164920 3.1076939 2.2565714 2.2278123 3.1828827 2.8696224 2.5345049 2.1832041 1.9805296 1.0175144 0.0000000 0.0062434 0.5933400 0.7406023 0.6790014 0.5827368 2.5210322 2.6277707 2.3539716 2.3151501 2.3720577 2.8195155 2.9601052 2.4699417 2.6740504 2.9183258 2.4284906 2.5840134 2.7238606 3.1552407 2.9606961 3.2799560 3.0388634 2.6868776 2.6349413 2.4978162 
Mertsp_Mesp_sb573442                              2.4609288 2.2098598 2.1940528 2.3096508 1.5436806 2.2766015 2.2080558 2.5501984 2.1213279 2.3600088 2.4700660 2.2245769 1.9537695 2.4533478 2.8060876 2.2901297 2.2669488 2.3199623 2.4701991 2.2970151 2.1722460 2.6141143 2.3518315 2.3142247 2.5348835 2.3784394 2.4215065 2.3745451 2.3718468 2.3770585 2.3309810 2.4042468 2.9195029 2.6280632 2.6438922 3.1474408 3.3030328 2.2852807 2.2336469 2.8141236 2.6063368 2.5497955 2.2500657 2.1046147 1.1314364 0.0062434 0.0000000 0.4995106 0.7485488 0.7220751 0.5718341 2.3132484 2.7539737 2.9524466 2.5800364 2.5479755 2.8025964 3.0925346 2.6850178 2.8246375 2.9274729 2.5577352 2.7756037 2.4855047 2.9286508 2.6461393 3.3278903 2.8572894 2.7110761 2.6033179 2.7316808 
Drygla_Dgla_sb285303                              2.4613132 2.4686920 2.1224406 1.9271920 0.7514462 2.2802416 2.2766310 2.1975770 2.1824368 2.5563609 2.3829092 2.7771257 1.1796219 2.6852943 3.1208805 2.6207315 2.6083941 2.6034906 2.4674801 2.3705525 2.3005374 2.7874741 2.1887892 2.6342223 2.2710021 2.3472410 2.4037655 2.4365158 2.3993869 2.4104322 2.2385780 2.7837069 2.8037759 2.7212034 2.9462008 3.1426091 3.8684415 1.1493708 1.2289465 2.5143059 2.3095650 1.8594743 1.9744040 2.1251937 1.0006103 0.5933400 0.4995106 0.0000000 0.4655794 1.0297442 0.8522511 2.1056679 2.2334343 3.3673043 2.4261525 2.3701276 2.5258648 2.7774831 2.2378820 2.4459702 2.3270321 2.2573095 2.3815483 2.4473430 2.4755712 2.5662621 2.9212133 2.8258101 2.3968788 2.4577093 2.4909270 
Beraby_Baby_sb336955                              3.2497470 3.1203442 3.0667411 3.1389228 1.6684657 3.1707898 3.1305720 2.6240589 3.0140813 3.4415236 2.5921929 3.3540451 2.9596220 3.0797346 3.7418619 2.8317818 2.9709449 2.8153632 2.8022294 3.1757974 2.9807835 3.2577794 3.1853948 3.2209284 3.3010118 3.0644848 2.5144808 3.1108578 3.0832774 3.1152319 2.9679580 3.3916766 3.1858425 3.0378548 3.6001528 2.8933601 4.4016931 3.3897354 3.0985844 3.5105441 3.3747786 3.4529525 3.2926372 3.1994324 1.4350017 0.7406023 0.7485488 0.4655794 0.0000000 1.4320576 1.4710685 3.2743110 3.8311116 3.6473438 3.3520730 3.2896327 3.6384405 3.7415205 3.8192124 3.5562250 3.5317204 3.2744396 3.4273349 3.1778616 3.6878325 2.8138588 3.7100079 2.9347229 3.7792485 3.7169267 3.2955051 
Vmul_Simscaffold9074_01                           2.6637803 2.4732258 2.4635075 2.5483515 1.8383163 2.4466904 2.4907915 2.8384615 2.4573865 2.4969437 2.7950503 2.3501672 2.0512952 2.6802597 2.8190698 2.4624044 2.4754530 2.4952517 2.6864450 2.3688441 2.5266991 2.5930213 2.4757918 2.3615750 2.5999053 2.4722919 2.4591570 2.4171645 2.3413906 2.4198499 2.5158836 2.5196401 3.3026142 3.0271369 2.8934726 3.2333524 3.2507470 2.3511462 2.3626196 2.9350177 2.7974217 2.6121995 2.5510344 2.3419541 1.7885125 0.6790014 0.7220751 1.0297442 1.4320576 0.0000000 0.2450792 2.8057605 2.9011787 3.2229043 2.7671871 2.7124832 2.9691904 3.0368884 2.9303827 2.7722359 3.0554168 2.8341049 2.8757356 2.5410379 3.2223528 2.9966941 3.6074825 3.1179196 2.7721307 2.6865396 2.7718193 
Coemet_Cmet_scaffold22605_01                      2.5737617 2.4862900 2.4795345 2.4785405 1.7655734 2.3033163 2.3319347 2.8800871 2.3094864 2.4693961 2.7997839 2.0865216 1.9356150 2.5317549 2.4797905 2.2942238 2.3374946 2.3105932 2.5367305 2.2904950 2.4750936 2.4860585 2.3856500 2.3018515 2.6227690 2.4088234 2.4820855 2.3644258 2.3154691 2.4148368 2.4016866 2.4823774 3.4817137 2.8910755 2.5723747 2.6713792 2.5640281 2.2990383 2.3406017 3.1214491 2.8675443 2.5410277 2.3464347 2.1091187 2.0816872 0.5827368 0.5718341 0.8522511 1.4710685 0.2450792 0.0000000 2.7048249 2.8054501 2.7414964 2.6574814 2.6820985 2.8539946 3.0279598 2.7586416 2.6828355 3.0265619 2.6365831 2.7467185 2.5854510 3.1557760 3.2232542 3.3251737 2.8817750 2.8369932 2.7210128 2.7372285 
Hvul_g13589_1                                     1.7704041 1.6236502 1.5193513 0.8808933 0.4823275 1.1309094 1.1509468 1.1667493 1.1517725 1.6228296 1.5874553 1.6326330 1.4788439 1.5071112 2.0241116 1.4075760 1.4059573 1.4103344 1.9430048 1.6901713 1.4795034 1.7997367 2.0476823 1.7816556 2.0037009 1.9322769 1.7941937 1.8900156 1.9359255 2.0099669 1.7977453 1.5125652 1.7182355 2.3003252 2.2013460 2.5381130 2.8160098 2.0517793 1.9757043 2.3113660 2.2108662 2.3104121 2.0858475 2.1497937 3.7066145 2.5210322 2.3132484 2.1056679 3.2743110 2.8057605 2.7048249 0.0000000 2.6389265 3.1925824 2.7045300 2.7412530 2.8004835 2.8337762 2.9374013 2.8463473 2.7132324 2.6771070 2.6558332 2.0810693 2.6081092 1.8183758 2.6098898 2.1024952 2.6257415 2.6884265 2.8683324 
