71
Hsap_ENST00000234038                                          0.0000000 0.5900347 0.7954020 0.8860348 1.1228636 0.7703806 0.9117577 0.9626513 0.7786708 0.6371809 0.8406509 0.9024769 0.9275453 0.8734536 0.8634389 1.1542144 1.1435250 1.2186945 1.1895384 1.1444580 0.9742501 1.4133980 1.2755320 1.2553426 1.0179906 1.2949674 1.3478956 0.9409250 0.9252793 0.9485756 1.1549551 0.8809542 1.3614582 1.1670886 1.1290057 1.1380555 1.0656886 1.2353776 1.1041425 1.2132160 1.1255023 1.0146334 1.3244950 1.1552569 1.1050975 0.8971113 1.2655809 1.2571081 1.3919545 1.2657462 1.3109049 1.3357141 1.5952843 1.4759800 1.3084123 1.5220086 1.3430476 1.2122312 1.5128733 1.1077979 1.5175795 1.2465076 1.4340433 1.4313379 1.4313811 1.5270358 1.6456081 1.4134261 0.9332235 1.2197431 1.7263979 
Ctel_gnl_WGS_AMQN_CAPTEDRAFT_mRNA177567                       0.5900347 0.0000000 0.6270412 0.6047306 0.8790183 0.7194352 0.6612062 0.6943955 0.7084941 0.6222034 0.6724131 0.7526636 0.7150972 0.8738658 0.6630937 0.8013409 0.7538607 0.8265539 0.7929420 0.8622356 0.7220882 1.1426204 0.9292661 0.8768911 0.7975732 0.5946904 0.8195692 0.8894259 0.8171214 0.8749924 1.0817115 1.0053414 1.2332184 1.1315517 1.0674000 0.9877544 1.1452907 1.1452907 1.1864434 1.2250010 1.2127922 1.2127922 1.2209948 0.9297212 1.0055255 0.8826884 0.8029147 0.9332203 1.0146321 0.9353897 0.9386922 1.3996598 1.3693230 1.1859395 1.1356990 0.8808678 0.8936630 0.8579775 1.2907279 1.2886603 1.1481225 1.1481225 1.0443436 1.3048113 1.1249260 1.1223079 1.4431229 1.1919459 1.2781817 1.0951464 1.1149883 
Spur_XM_003724381.3                                           0.7954020 0.6270412 0.0000000 0.7635309 1.0707187 0.8746820 0.9334294 0.9215545 0.8025386 0.6463084 0.8489741 0.9042097 0.8454335 0.8192164 0.9039582 1.3134532 1.2728784 1.2439585 1.1330365 1.0977899 0.9875227 1.3123484 1.1529463 1.1462252 0.9876877 0.9994409 1.1171059 1.0321379 1.0835232 1.1153170 1.2515167 0.9818116 1.3018889 1.2194542 1.2865683 1.2453546 1.1176031 1.2543038 1.0631482 1.1872360 1.1260938 1.0332066 1.4252352 1.2352157 1.0323250 0.7672388 1.2009474 1.2723444 1.3188782 1.2931629 1.2015520 1.2441705 1.4764603 1.4897830 1.3391771 1.4021928 1.1763611 1.2644857 1.4064574 1.0513687 1.4093700 1.1936461 1.3899097 1.3957174 1.4164389 1.4125110 1.6698694 1.5692857 1.1839036 1.3211906 1.7255495 
Exapal_XM_021042802.2                                         0.8860348 0.6047306 0.7635309 0.0000000 0.6444102 0.4739273 0.4968598 0.4879482 0.4326486 0.3346356 0.4673261 0.4326964 0.7636896 0.7662221 0.9305119 1.0936033 1.2892481 1.1678792 1.1059890 1.1009111 0.9916168 1.5108922 1.1678351 1.1301680 0.9226925 1.1140867 1.1109004 0.9891215 1.0061922 1.1642685 1.3043252 1.0196801 1.3323863 1.1830677 1.2842331 0.9618275 0.9604323 1.0277477 0.9584502 1.0520481 1.0092915 0.9266360 1.2622895 1.2998397 1.0648063 0.9810415 1.2020359 1.3145934 1.3250178 1.3598185 1.3012462 1.3424263 1.4937968 1.2635836 1.1885649 1.1991141 1.2815767 1.1372634 1.4178830 1.2277950 1.3689199 1.2051806 1.3900428 1.4272877 1.3983766 1.4430371 1.5943346 1.4596749 1.1114900 1.3194821 1.5367176 
Adig_XM_015923040.1                                           1.1228636 0.8790183 1.0707187 0.6444102 0.0000000 0.1495339 0.2896721 0.3286539 0.3013715 0.2770430 0.2881016 0.6536799 0.8319163 0.6775765 1.2075035 1.4399117 1.5301035 1.4878291 1.1642073 1.1145158 1.1422427 1.4483213 1.4548919 1.3645978 1.2134976 1.1571617 1.3034225 1.1040081 1.3711108 1.3188762 1.5220568 1.1028744 1.3974431 1.1405835 1.4480885 1.1123421 1.0870775 1.2315867 1.1385242 1.3001409 1.2268032 1.1238549 1.3200051 1.2152023 1.1224759 1.1409551 1.4526415 1.7871150 1.6855752 1.6366799 1.3874801 1.3524314 1.5980685 1.4235015 1.5496512 1.6568328 1.5699620 1.4037318 1.7808150 1.4685012 1.6429008 1.3565105 1.6743492 1.5725414 1.6668757 1.7863763 1.5814390 1.5407684 1.1629135 1.2645941 3.0220316 
Amil_Amillepora18882-RA                                       0.7703806 0.7194352 0.8746820 0.4739273 0.1495339 0.0000000 0.1938568 0.1945072 0.1921595 0.1657577 0.1858340 0.4926133 0.7212044 0.7391896 0.7576231 0.8893880 0.9023109 0.8721222 1.0503325 1.0088231 0.8194534 1.2305502 1.0825242 1.0058437 1.0844386 1.1656200 1.2843020 0.8075994 0.9943086 1.5302096 1.2087622 0.8316606 1.2908873 1.0793320 1.2067434 0.8831469 0.9258247 1.0159332 0.9474412 1.0897554 1.0586938 0.9598708 1.2152693 1.1122164 0.9209781 1.0882549 1.0474783 1.2089511 1.2532461 1.0784497 0.9965747 1.3008850 1.2543109 1.2012003 1.1922339 1.0726609 1.0137534 1.0835998 1.4849586 1.3111496 1.3122505 1.2025518 1.3143756 1.4207660 1.3219848 1.2297444 1.5142454 1.3685604 0.9461328 1.0093385 1.3209103 
Gfas_gfas1.m1.5319.m1                                         0.9117577 0.6612062 0.9334294 0.4968598 0.2896721 0.1938568 0.0000000 0.2124454 0.1693543 0.1748495 0.1832881 0.5154683 0.7898867 0.7447859 0.9247980 1.1605563 1.1907561 1.1752272 1.0539209 1.0374386 0.8731662 1.3644148 1.2038261 1.2227265 1.0424068 1.1227139 1.2930587 0.9944686 1.1642283 1.3581881 1.2768029 0.9436434 1.3840687 1.0981969 1.3363201 0.9910969 0.9860858 1.1135644 0.9620111 1.1183470 1.0930549 0.9850110 1.3566351 1.2493638 1.0955730 1.1658598 1.2532007 1.3627318 1.4401950 1.3953386 1.1582588 1.3551660 1.6038024 1.4240155 1.3757110 1.3918480 1.3873262 1.1462837 1.5543411 1.3459665 1.4955438 1.2788649 1.5228313 1.4523928 1.5043620 1.5843403 1.6685020 1.5325380 0.9522880 1.1217281 1.6090879 
Fspp_ffun1.m4.8235.m1                                         0.9626513 0.6943955 0.9215545 0.4879482 0.3286539 0.1945072 0.2124454 0.0000000 0.1254293 0.1531807 0.1644202 0.5058363 0.8181070 0.7658379 0.8405566 1.1721245 1.2131157 1.1692849 1.1122458 1.0709909 0.9654787 1.3762748 1.2248970 1.1680222 0.9939793 1.0977862 1.2800715 0.9228047 1.0901816 1.2960462 1.1831365 0.9717539 1.3664341 1.1598968 1.3815190 0.9659678 0.9915042 1.1252681 0.9661935 1.1290988 1.0928510 0.9763222 1.2827598 1.2091157 1.0311001 1.1423445 1.2302577 1.3291977 1.4497744 1.5015749 1.1962789 1.3626288 1.4939737 1.3795538 1.3298387 1.3688092 1.3327303 1.1599780 1.5825948 1.3667463 1.4715888 1.2504274 1.4065164 1.5001134 1.4558786 1.5139810 1.6296561 1.5033028 0.9854518 1.2048496 1.5955879 
Gasp_gasp1.m3.20464.m1                                        0.7786708 0.7084941 0.8025386 0.4326486 0.3013715 0.1921595 0.1693543 0.1254293 0.0000000 0.1291210 0.1125128 0.4910031 0.7165239 0.6813264 0.8426775 1.0752381 1.0594084 1.0448905 0.9231103 0.9548552 0.8394998 1.1766429 1.1001245 0.9978313 0.9542936 1.0294501 1.1209463 0.8446698 0.9536624 1.1140567 1.0985549 0.8564116 1.2285789 1.0741886 1.3532137 0.8794753 0.9300429 1.0087352 0.9199348 1.0239404 1.0019903 0.9371669 1.2060125 1.0841433 0.9488414 0.9203027 1.1173452 1.2928215 1.3142260 1.3296330 1.0961399 1.3186959 1.4156053 1.3067194 1.2181963 1.2327096 1.2135667 1.1250019 1.6073964 1.3762524 1.4922534 1.2974525 1.4523163 1.4866454 1.4720473 1.4912972 1.6518072 1.5626033 0.9539216 1.1406910 1.5356965 
Spis_XP_022800971_1                                           0.6371809 0.6222034 0.6463084 0.3346356 0.2770430 0.1657577 0.1748495 0.1531807 0.1291210 0.0000000 0.0986572 0.4079704 0.5451829 0.6733407 0.5926101 0.7219198 0.7723931 0.7633673 0.7343034 0.7533017 0.6109044 1.0149624 0.8801291 0.7626850 0.8840665 0.9215195 1.3824105 0.7132255 0.8646949 1.3735535 1.0665535 0.7488775 1.1633762 0.9964299 1.1540879 0.7676019 1.0045385 1.0045385 0.9416520 0.9563146 0.9853038 0.9853038 1.1035778 1.0021418 0.9360535 0.8241157 0.8328928 1.0095173 1.0830453 0.9811549 0.8788858 1.3864369 1.1600702 1.0232005 1.0187133 0.8204721 0.8472728 0.8654365 1.3716909 1.3279787 1.1250551 1.1250551 1.1408214 1.3307834 1.1586209 1.0962873 1.3670825 1.2208310 0.9719989 0.8456054 0.8639395 
Pocdam_XM_027199669.1                                         0.8406509 0.6724131 0.8489741 0.4673261 0.2881016 0.1858340 0.1832881 0.1644202 0.1125128 0.0986572 0.0000000 0.4966469 0.7856930 0.7774927 0.8031598 1.1398335 1.1038049 1.0500137 1.0119926 1.0281301 0.9038256 1.2603969 1.1811982 1.1282992 0.9629448 0.9990724 1.1312618 0.9400796 1.0730852 1.2014886 1.1278170 0.9180665 1.3035489 1.0782390 1.3405852 0.9351639 0.9665537 1.1169677 0.9310184 1.0546026 1.0541071 0.9486703 1.2544057 1.1550720 0.9508853 0.9909014 1.1310618 1.3519903 1.4564514 1.4064064 1.2012266 1.3869854 1.3238510 1.2787937 1.2107886 1.1854635 1.2477999 1.1377522 1.5533772 1.3370287 1.4491597 1.2099103 1.4535897 1.4463238 1.5017572 1.5387803 1.6039863 1.5186815 0.9582333 1.2211352 1.5794939 
Nvec_v1g181969                                                0.9024769 0.7526636 0.9042097 0.4326964 0.6536799 0.4926133 0.5154683 0.5058363 0.4910031 0.4079704 0.4966469 0.0000000 0.7748828 0.7001205 0.9821604 1.2879030 1.3432145 1.2582158 1.2037063 1.1462314 1.0521009 1.3681034 1.2456863 1.2114982 0.9748892 1.1202400 1.1342460 1.0643973 1.1139565 1.4730522 1.1468478 0.9996069 1.3573113 1.2094604 1.2771816 1.0555625 0.9441376 1.0743321 0.9544193 1.0978298 1.0418947 0.9455778 1.3342661 1.1957712 1.1126343 1.1165361 1.3249007 1.3071189 1.3518429 1.4433536 1.2587489 1.4293354 1.4641023 1.1819394 1.2724357 1.3113391 1.3980864 1.1831309 1.5116976 1.3481469 1.5072081 1.2987302 1.4632743 1.4493665 1.5328809 1.4374707 1.5747578 1.3981507 0.9834501 1.1568539 1.6179416 
Dgig_XM_028538384.1                                           0.9275453 0.7150972 0.8454335 0.7636896 0.8319163 0.7212044 0.7898867 0.8181070 0.7165239 0.5451829 0.7856930 0.7748828 0.0000000 0.3724632 1.0252656 1.3866405 1.3292789 1.2406246 0.9558496 0.8917957 0.8659882 1.1394087 1.0359680 0.9539679 1.0435726 1.1956152 1.1565421 1.1188129 1.0918567 1.3584978 1.2659329 1.0599090 1.3691384 1.3322392 1.5031061 1.1129983 1.1245473 1.2505119 1.0491697 1.1859947 1.0822723 0.9673511 1.3295548 1.1301315 1.0818243 0.9819736 1.2955654 1.2512371 1.2444041 1.2847972 1.2897461 1.4316319 1.5100068 1.3626088 1.0578239 1.2520667 1.3404037 1.2578498 1.4765615 1.2298606 1.4374907 1.2549735 1.6146376 1.5772630 1.4354779 1.4950107 1.6470614 1.5309456 0.8396237 1.1858276 1.4857360 
Xesp_012642-T1                                                0.8734536 0.8738658 0.8192164 0.7662221 0.6775765 0.7391896 0.7447859 0.7658379 0.6813264 0.6733407 0.7774927 0.7001205 0.3724632 0.0000000 1.0416255 1.2568064 1.1819100 1.1515831 0.9642620 0.9035233 0.8788176 1.2264290 1.0514555 1.0701479 0.8558165 0.9457992 1.0792881 0.9988445 0.9702847 1.1403069 1.1555011 0.9426028 1.2677457 1.2618470 1.2900092 1.0617048 0.9003354 0.9890294 0.9080694 0.9729485 0.9491725 0.8692264 1.0999819 1.0263884 0.9827483 0.7697518 1.2215919 1.2291625 1.2697854 1.3162646 1.1782894 1.3800166 1.3818468 1.3015110 1.1420976 1.2120577 1.2788923 1.3512364 1.4997377 1.2245516 1.4734334 1.2900300 1.6077392 1.5147889 1.3875102 1.5432658 1.6549157 1.5369567 0.9789508 1.1190152 1.6991748 
Clacor_Ccor_C533403_01                                        0.8634389 0.6630937 0.9039582 0.9305119 1.2075035 0.7576231 0.9247980 0.8405566 0.8426775 0.5926101 0.8031598 0.9821604 1.0252656 1.0416255 0.0000000 0.8116996 0.8236233 0.8183869 1.2267022 1.1399179 1.1014738 1.4682125 1.3423845 1.3014622 0.8955236 1.1261241 1.3857141 0.9293934 0.9951305 1.3582293 1.1570209 1.1013096 1.2765386 1.1040454 1.2083735 0.9999913 1.3891693 1.3891693 1.3066507 1.3210829 1.2918027 1.2975829 1.2275292 1.1523583 1.0936485 1.0898434 1.1247870 1.0777234 1.1936779 1.2888532 1.1620044 1.5283598 1.4293800 1.4475365 1.3348870 1.2958166 0.9177938 1.0018712 1.8362149 1.7031715 1.6009416 1.6061558 1.6805904 1.5918486 1.6109695 1.5085989 1.8516053 1.7244729 1.0408003 1.2157510 2.0090039 
Scil_scict006899.2                                            1.1542144 0.8013409 1.3134532 1.0936033 1.4399117 0.8893880 1.1605563 1.1721245 1.0752381 0.7219198 1.1398335 1.2879030 1.3866405 1.2568064 0.8116996 0.0000000 0.5416353 0.6602645 1.3461782 1.2170641 1.0677364 1.4634144 1.3103208 1.3330655 1.4298614 1.7128409 1.7393432 1.2302151 1.3322610 2.1429311 1.3606429 1.3296742 1.5460675 1.2677716 1.7237895 1.5347758 1.2565734 1.4027881 1.3492343 1.4939789 1.4561931 1.3129418 1.6841319 1.4241692 1.2722371 1.4057699 1.5219651 1.3992508 1.5082662 1.6447448 1.6095899 1.5572777 1.7800419 1.7087123 1.5048306 1.4273543 0.8372112 1.6236460 1.7942404 1.3169214 1.8561230 1.5661652 1.8150473 1.9490001 1.9014021 1.9635735 2.0039378 1.9654711 1.3044413 1.5563565 1.5317223 
Lcom_lcpid34684                                               1.1435250 0.7538607 1.2728784 1.2892481 1.5301035 0.9023109 1.1907561 1.2131157 1.0594084 0.7723931 1.1038049 1.3432145 1.3292789 1.1819100 0.8236233 0.5416353 0.0000000 0.6003920 1.4879464 1.2761495 1.0313387 1.3982096 1.3617045 1.4030353 1.3817274 1.8069638 1.6185249 1.4281554 1.4359094 2.2777077 1.4134562 1.4862356 1.5667670 1.2527644 1.4272484 1.4813187 1.3187153 1.4708251 1.3473433 1.4804872 1.4325690 1.3540610 1.7675447 1.5796149 1.4001346 1.5352597 1.4011396 1.6022210 1.6769854 1.5575555 1.5919683 1.4982437 1.7071033 1.6255546 1.5003082 1.5330896 0.8207924 1.5373157 1.9119189 1.4307036 1.8324707 1.6578571 1.9178833 1.9398278 1.7946749 1.8788165 2.1807385 2.0452269 1.2829640 1.6825595 1.7139086 
Gracom_Gcom_scaffold16747_01                                  1.2186945 0.8265539 1.2439585 1.1678792 1.4878291 0.8721222 1.1752272 1.1692849 1.0448905 0.7633673 1.0500137 1.2582158 1.2406246 1.1515831 0.8183869 0.6602645 0.6003920 0.0000000 1.4029727 1.2678445 1.1005916 1.5793889 1.4875416 1.4671577 1.3713704 1.7017780 1.8393074 1.3302125 1.3245273 2.1180527 1.3456799 1.4937404 1.5282079 1.2845841 1.5113698 1.3479583 1.1781772 1.3633727 1.1252552 1.2948075 1.2923740 1.1492512 1.5613952 1.5402169 1.2508455 1.4312621 1.5248221 1.5822265 1.6343033 1.6047787 1.5920960 1.6010326 1.7145997 1.7135791 1.5538969 1.5383705 0.7825403 1.5232757 1.8099769 1.4918810 1.7800589 1.6082761 1.7790195 1.8163698 1.6954989 1.7774474 1.9901282 1.8450481 1.2308176 1.5475850 1.6977970 
Emue_Em0008g1060a.t1                                          1.1895384 0.7929420 1.1330365 1.1059890 1.1642073 1.0503325 1.0539209 1.1122458 0.9231103 0.7343034 1.0119926 1.2037063 0.9558496 0.9642620 1.2267022 1.3461782 1.4879464 1.4029727 0.0000000 0.1552752 0.7942095 1.1697682 1.1166794 0.9814400 1.2512932 1.5941974 1.2885401 1.2042322 1.4982369 1.6079247 1.5197360 1.3313429 1.6630260 1.5026633 1.8241648 1.5254528 1.4546364 1.5970344 1.4548989 1.5901419 1.4892191 1.3939326 1.3347219 1.3361643 1.3000267 1.4054908 1.7143931 1.6061123 1.6029561 1.7463259 1.7617146 1.5827439 1.9026529 1.7971750 1.6000733 1.5665320 1.6012286 1.5298268 1.8071704 1.2730841 1.7508093 1.4450198 1.7656587 1.9115552 1.6635599 1.8762165 1.8133377 1.8086804 1.2726324 1.5743006 1.7849528 
Spolac_c100202_g1_i1_m.21791c100202-g1                        1.1444580 0.8622356 1.0977899 1.1009111 1.1145158 1.0088231 1.0374386 1.0709909 0.9548552 0.7533017 1.0281301 1.1462314 0.8917957 0.9035233 1.1399179 1.2170641 1.2761495 1.2678445 0.1552752 0.0000000 0.6969366 1.0197108 0.9496798 0.8349898 1.2171892 1.4397172 1.2369661 1.2105284 1.3707656 1.6816769 1.4317307 1.2862806 1.5256834 1.4321750 1.6517468 1.4898915 1.3781757 1.4815457 1.3188830 1.4343737 1.3499821 1.2895518 1.3422757 1.3193724 1.1940893 1.3608415 1.5766539 1.4959491 1.5598484 1.5992782 1.5733128 1.4616270 1.7918812 1.6002747 1.4833448 1.3828898 1.4272181 1.4881403 1.6928631 1.2506770 1.6741840 1.4135638 1.7274239 1.7552366 1.4930043 1.6980240 1.7711616 1.6289065 1.2067968 1.4599422 1.4087512 
Tetwil_g1207.t1                                               0.9742501 0.7220882 0.9875227 0.9916168 1.1422427 0.8194534 0.8731662 0.9654787 0.8394998 0.6109044 0.9038256 1.0521009 0.8659882 0.8788176 1.1014738 1.0677364 1.0313387 1.1005916 0.7942095 0.6969366 0.0000000 1.0294502 0.8480522 0.8811668 1.1547771 1.3798608 1.1952775 1.1988759 1.2231435 1.1965293 1.3966868 1.1341518 1.4151897 1.1984242 1.3997541 1.1797790 1.1443101 1.3057028 1.1358468 1.2748067 1.2321301 1.1151791 1.0599252 1.2406050 1.1955638 1.0672257 1.2397867 1.2932750 1.4050234 1.3985711 1.2716676 1.2712117 1.5702828 1.4601262 1.1833781 1.1378762 1.1823364 1.2917258 1.5893450 1.1383150 1.6280439 1.3577127 1.5861552 1.6673166 1.6918402 1.6262712 1.8190576 1.6628193 0.9752286 1.4192012 1.1374725 
Aque_Aqu2.1.27222_001                                         1.4133980 1.1426204 1.3123484 1.5108922 1.4483213 1.2305502 1.3644148 1.3762748 1.1766429 1.0149624 1.2603969 1.3681034 1.1394087 1.2264290 1.4682125 1.4634144 1.3982096 1.5793889 1.1697682 1.0197108 1.0294502 0.0000000 0.4084596 0.4726852 1.4526534 1.4413004 1.5194126 1.4155231 1.5889519 2.0958512 1.6148523 1.5728749 1.4005497 1.5775493 1.4417504 1.4091781 1.1431619 1.3157197 1.1819536 1.3985140 1.3041844 1.1862632 1.5557817 1.4103440 1.3012610 1.5844282 1.5347529 1.7972867 1.7259295 1.6313521 1.7731978 1.5019999 1.7408941 1.6399925 1.5347178 1.4568222 1.6710091 1.6948473 1.7731622 1.2201003 1.7392805 1.3766393 1.8233293 1.7515541 1.6876420 1.9026256 1.9396293 1.8165886 1.4881769 1.6253022 1.7500581 
Halamb_c45881_g1_i1m.19679                                    1.2755320 0.9292661 1.1529463 1.1678351 1.4548919 1.0825242 1.2038261 1.2248970 1.1001245 0.8801291 1.1811982 1.2456863 1.0359680 1.0514555 1.3423845 1.3103208 1.3617045 1.4875416 1.1166794 0.9496798 0.8480522 0.4084596 0.0000000 0.4126050 1.3387860 1.3389045 1.2978916 1.2943027 1.5647149 1.7370990 1.6288840 1.4506675 1.3223541 1.3145580 1.4373158 1.3027093 1.1227159 1.2678205 1.1312089 1.3457832 1.2875255 1.1828395 1.5046045 1.3735184 1.3449983 1.4219357 1.5076550 1.6254020 1.6724218 1.5688016 1.5885214 1.4310978 1.7561869 1.5676397 1.3861852 1.3816883 1.4913552 1.6548330 1.7915259 1.2967031 1.8008043 1.5304872 1.7306624 1.8764347 1.5912075 1.7677610 1.9078886 1.7769783 1.4750271 1.5448062 1.5416893 
Xestes_snap_masked-XT_scaffold57666-processed-gene-0.9-mRNA-1 1.2553426 0.8768911 1.1462252 1.1301680 1.3645978 1.0058437 1.2227265 1.1680222 0.9978313 0.7626850 1.1282992 1.2114982 0.9539679 1.0701479 1.3014622 1.3330655 1.4030353 1.4671577 0.9814400 0.8349898 0.8811668 0.4726852 0.4126050 0.0000000 1.3589671 1.5518728 1.4688613 1.3619514 1.4076857 1.7344618 1.7368952 1.5026214 1.4010252 1.4430353 1.5232595 1.3338872 1.1335850 1.3170939 1.1438608 1.3725018 1.2922915 1.1454982 1.5186722 1.2514133 1.4061199 1.4488527 1.5272310 1.6065797 1.6957460 1.5232599 1.6138847 1.4178567 1.6815046 1.6335056 1.3422482 1.3108954 1.6224956 1.4988341 1.8633570 1.3055175 1.8156368 1.5054565 1.9062063 1.9923438 1.7589398 1.9261686 1.9599699 1.8067512 1.2327021 1.4797361 1.5094105 
Nemnom_g3978.t1                                               1.0179906 0.7975732 0.9876877 0.9226925 1.2134976 1.0844386 1.0424068 0.9939793 0.9542936 0.8840665 0.9629448 0.9748892 1.0435726 0.8558165 0.8955236 1.4298614 1.3817274 1.3713704 1.2512932 1.2171892 1.1547771 1.4526534 1.3387860 1.3589671 0.0000000 0.2106082 0.6770010 1.2442675 1.1519723 1.3403839 1.4348938 1.1245870 1.5434799 1.3138909 1.2209608 1.2117464 1.0867449 1.2041368 1.0568499 1.1503697 1.1144744 1.0142823 1.0966252 0.9341536 0.9164987 0.8954091 1.4472291 1.2969669 1.3766637 1.4548073 1.3645078 1.4226239 1.6316344 1.5911889 1.2873369 1.4546033 1.4051389 1.5286755 1.6149147 1.3450292 1.5892275 1.3848442 1.6608356 1.5412084 1.6232478 1.5477050 1.7276467 1.6078456 1.2692688 1.3476429 1.9786034 
Rhoesc_Res_009965-T1                                          1.2949674 0.5946904 0.9994409 1.1140867 1.1571617 1.1656200 1.1227139 1.0977862 1.0294501 0.9215195 0.9990724 1.1202400 1.1956152 0.9457992 1.1261241 1.7128409 1.8069638 1.7017780 1.5941974 1.4397172 1.3798608 1.4413004 1.3389045 1.5518728 0.2106082 0.0000000 0.7638408 1.3890484 1.4794135 1.2951818 1.4794044 1.2331077 1.6778928 1.5434334 1.4699317 1.4470246 1.0339342 1.2388222 0.8866776 1.1238959 1.0869505 0.9125970 1.4302242 1.0895342 1.0618157 1.0086947 1.9244462 1.7104142 1.6361338 1.8509178 1.6436598 1.3388690 2.0297031 1.8955770 1.3676999 1.7792302 1.4837070 1.7360132 1.7630330 1.0984066 1.7916367 1.3958368 1.7616897 1.5966561 1.7688839 1.8027109 1.8146667 1.7865506 1.3276248 1.6131528 5.5196145 
Sanmal_Sma_020712-T1                                          1.3478956 0.8195692 1.1171059 1.1109004 1.3034225 1.2843020 1.2930587 1.2800715 1.1209463 1.3824105 1.1312618 1.1342460 1.1565421 1.0792881 1.3857141 1.7393432 1.6185249 1.8393074 1.2885401 1.2369661 1.1952775 1.5194126 1.2978916 1.4688613 0.6770010 0.7638408 0.0000000 1.3762392 1.4515880 1.3266262 1.5421193 1.1430645 2.0105390 1.5025319 1.4714002 1.5717970 1.0387128 1.1838222 0.9105548 1.0287472 0.9866258 0.8663368 1.2632969 1.1312727 1.0546394 1.0798168 2.0473722 1.9929813 1.8538500 1.7911322 1.6180343 1.0936209 1.8540741 1.6661405 1.4264344 1.6087599 1.5830616 1.6927051 1.7356176 1.2647123 1.5873899 1.3031380 1.9362448 1.6316267 1.5755808 2.0471784 1.8032930 1.7260675 1.4546585 1.6683312 5.6520501 
Cscu_XM_023375673.1                                           0.9409250 0.8894259 1.0321379 0.9891215 1.1040081 0.8075994 0.9944686 0.9228047 0.8446698 0.7132255 0.9400796 1.0643973 1.1188129 0.9988445 0.9293934 1.2302151 1.4281554 1.3302125 1.2042322 1.2105284 1.1988759 1.4155231 1.2943027 1.3619514 1.2442675 1.3890484 1.3762392 0.0000000 1.0783609 1.2112409 1.0532903 1.0395273 1.4490829 1.0734419 1.3921217 1.2227783 1.0878304 1.1807071 1.1661393 1.2449664 1.1777341 1.0806136 1.4850394 1.3040786 1.2029920 0.9857188 1.5337212 1.4196181 1.5975424 1.4949623 1.3897804 1.3452163 1.7260774 1.6792475 1.4256243 1.4568964 1.3054604 1.3740150 1.5224706 1.2184892 1.5941012 1.3381527 1.6075208 1.7417551 1.5736724 1.7636253 1.7699103 1.6312648 1.1940023 1.2982630 1.9471510 
Cgig_XM_034443454.1                                           0.9252793 0.8171214 1.0835232 1.0061922 1.3711108 0.9943086 1.1642283 1.0901816 0.9536624 0.8646949 1.0730852 1.1139565 1.0918567 0.9702847 0.9951305 1.3322610 1.4359094 1.3245273 1.4982369 1.3707656 1.2231435 1.5889519 1.5647149 1.4076857 1.1519723 1.4794135 1.4515880 1.0783609 0.0000000 0.7503112 1.1170578 1.0926797 1.6111718 1.2258026 1.3420336 1.4016356 0.9809961 1.2014796 1.0186082 1.2791950 1.1669019 0.9889761 1.3083878 1.1896411 1.1437078 1.0185176 1.5097653 1.4969981 1.6705526 1.4319736 1.4053332 1.5433293 1.8152451 1.8093757 1.5491104 1.6764681 1.5226076 1.2764875 1.5903494 1.2337837 1.5343851 1.4036620 1.5079624 1.5336562 1.5361203 1.5129468 1.5809669 1.4473408 1.5116932 1.7150376 1.8568096 
Acagra_model.g30893.t1                                        0.9485756 0.8749924 1.1153170 1.1642685 1.3188762 1.5302096 1.3581881 1.2960462 1.1140567 1.3735535 1.2014886 1.4730522 1.3584978 1.1403069 1.3582293 2.1429311 2.2777077 2.1180527 1.6079247 1.6816769 1.1965293 2.0958512 1.7370990 1.7344618 1.3403839 1.2951818 1.3266262 1.2112409 0.7503112 0.0000000 1.2594831 1.0668350 1.5864013 1.1666529 1.4674763 1.3743709 1.2094294 1.3692514 1.0510207 1.2992778 1.1949720 0.9839149 1.2691404 1.4610568 1.3385953 0.9915786 1.7938285 1.7591104 2.0003836 1.7310274 1.4451445 1.2266938 1.8696534 1.8984118 1.4613737 2.0262436 1.9993504 1.6160409 1.6824738 1.1894651 1.5275715 1.2785665 1.9334448 1.7778075 1.6574438 2.1763631 1.8614375 1.7380655 1.1237854 1.5540595 6.4047161 
Tcas_TC006409_001                                             1.1549551 1.0817115 1.2515167 1.3043252 1.5220568 1.2087622 1.2768029 1.1831365 1.0985549 1.0665535 1.1278170 1.1468478 1.2659329 1.1555011 1.1570209 1.3606429 1.4134562 1.3456799 1.5197360 1.4317307 1.3966868 1.6148523 1.6288840 1.7368952 1.4348938 1.4794044 1.5421193 1.0532903 1.1170578 1.2594831 0.0000000 0.7973276 1.4765397 1.2270831 1.3234579 1.2582301 1.1674482 1.3033157 1.1675662 1.2858304 1.2316400 1.0994030 1.3723772 1.4501193 1.3163354 1.1805749 1.5800527 1.5261528 1.6337356 1.5370062 1.4158753 1.6036917 1.8582392 1.7549768 1.6592111 1.5762321 1.5121547 1.4854940 1.5851875 1.3195647 1.5331360 1.3717917 1.6407692 1.5089708 1.7176135 1.8858769 1.7392185 1.6642654 1.4514321 1.5112423 2.1196815 
Dpul_mRNA17411                                                0.8809542 1.0053414 0.9818116 1.0196801 1.1028744 0.8316606 0.9436434 0.9717539 0.8564116 0.7488775 0.9180665 0.9996069 1.0599090 0.9426028 1.1013096 1.3296742 1.4862356 1.4937404 1.3313429 1.2862806 1.1341518 1.5728749 1.4506675 1.5026214 1.1245870 1.2331077 1.1430645 1.0395273 1.0926797 1.0668350 0.7973276 0.0000000 1.4694353 1.2398312 1.2556413 1.0452845 1.0668325 1.2326403 1.0929322 1.1941318 1.1387632 1.0141027 1.3215984 1.2751187 1.0510960 0.9899482 1.3095229 1.2921211 1.3008599 1.3007920 1.4075645 1.4283238 1.5954780 1.5932677 1.6777617 1.6847443 1.5017594 1.5774963 1.6645733 1.3539856 1.6828980 1.5037890 1.7831397 1.5904545 1.7248230 1.7291626 1.6480775 1.5181671 1.0073917 1.3502293 2.1301982 
Codhol_EP00042_Codosiga_hollandica_P045861                    1.3614582 1.2332184 1.3018889 1.3323863 1.3974431 1.2908873 1.3840687 1.3664341 1.2285789 1.1633762 1.3035489 1.3573113 1.3691384 1.2677457 1.2765386 1.5460675 1.5667670 1.5282079 1.6630260 1.5256834 1.4151897 1.4005497 1.3223541 1.4010252 1.5434799 1.6778928 2.0105390 1.4490829 1.6111718 1.5864013 1.4765397 1.4694353 0.0000000 0.8948897 1.0644486 1.0747885 1.2721542 1.4326507 1.2405544 1.4067493 1.4113455 1.2542419 1.8452046 1.6837091 1.6846736 1.4946496 1.2079563 1.1886055 1.2384886 1.1689747 1.2453522 1.2578045 1.3313484 1.3217860 1.4357362 1.3652054 1.4672074 1.1452763 1.9113175 1.5001700 1.8074949 1.5428788 1.8292606 1.8289888 1.8620952 2.0175462 1.9772749 1.7111921 1.4193392 1.4163587 1.9715017 
Saldol_EP00054_Salpingoeca_dolichothecata_P018325             1.1670886 1.1315517 1.2194542 1.1830677 1.1405835 1.0793320 1.0981969 1.1598968 1.0741886 0.9964299 1.0782390 1.2094604 1.3322392 1.2618470 1.1040454 1.2677716 1.2527644 1.2845841 1.5026633 1.4321750 1.1984242 1.5775493 1.3145580 1.4430353 1.3138909 1.5434334 1.5025319 1.0734419 1.2258026 1.1666529 1.2270831 1.2398312 0.8948897 0.0000000 0.8220465 0.9224387 1.2680087 1.3155160 1.2661627 1.2958906 1.2744496 1.2872859 1.5200976 1.3610929 1.3578904 1.2049723 0.9117610 0.9429153 1.0436476 0.9265359 0.9784682 0.9539936 1.0582132 1.0658039 1.1186364 1.0609437 1.2992190 0.9361665 1.6310610 1.4930648 1.5867286 1.5257078 1.7356559 1.6699006 1.7671537 1.6716419 1.7119415 1.5973288 1.3248615 1.3179671 1.9992923 
Salkve_EP00050_Salpingoeca_kvevrii_P013727                    1.1290057 1.0674000 1.2865683 1.2842331 1.4480885 1.2067434 1.3363201 1.3815190 1.3532137 1.1540879 1.3405852 1.2771816 1.5031061 1.2900092 1.2083735 1.7237895 1.4272484 1.5113698 1.8241648 1.6517468 1.3997541 1.4417504 1.4373158 1.5232595 1.2209608 1.4699317 1.4714002 1.3921217 1.3420336 1.4674763 1.3234579 1.2556413 1.0644486 0.8220465 0.0000000 0.7118917 1.3012337 1.4808945 1.3215996 1.4500620 1.4445740 1.3114832 1.5662384 1.4678526 1.4591668 1.3578015 1.3013759 1.0952306 1.1862186 1.0881070 1.0049043 1.0324054 1.3508902 1.1917564 1.1630500 1.3730629 1.4388906 1.1020444 1.6745216 1.2734543 1.6635806 1.4077911 1.6585166 1.6634070 1.8109776 1.8298169 1.8234356 1.5785760 1.1508638 1.4025273 2.1124181 
Salurc_EP00051_Salpingoeca_urceolata_P021459                  1.1380555 0.9877544 1.2453546 0.9618275 1.1123421 0.8831469 0.9910969 0.9659678 0.8794753 0.7676019 0.9351639 1.0555625 1.1129983 1.0617048 0.9999913 1.5347758 1.4813187 1.3479583 1.5254528 1.4898915 1.1797790 1.4091781 1.3027093 1.3338872 1.2117464 1.4470246 1.5717970 1.2227783 1.4016356 1.3743709 1.2582301 1.0452845 1.0747885 0.9224387 0.7118917 0.0000000 1.1206699 1.3336319 1.0816889 1.2583331 1.1986860 1.0599624 1.4515652 1.3638876 1.2644508 1.3226467 1.1129246 1.1479065 1.1551717 1.1391168 0.9591730 1.0800950 1.3456145 1.2692715 1.1967299 1.2763377 1.3793238 1.1749488 1.7654943 1.3470328 1.6691322 1.3443951 1.6969647 1.6465464 1.6667009 1.8188812 1.7696945 1.5935395 0.9712065 1.2948021 1.8564524 
Tadh_TriadT26327                                              1.0656886 1.1452907 1.1176031 0.9604323 1.0870775 0.9258247 0.9860858 0.9915042 0.9300429 1.0045385 0.9665537 0.9441376 1.1245473 0.9003354 1.3891693 1.2565734 1.3187153 1.1781772 1.4546364 1.3781757 1.1443101 1.1431619 1.1227159 1.1335850 1.0867449 1.0339342 1.0387128 1.0878304 0.9809961 1.2094294 1.1674482 1.0668325 1.2721542 1.2680087 1.3012337 1.1206699 0.0000000 0.0000010 0.2314326 0.2174353 0.2501294 0.2560699 1.3923434 1.3561602 1.1332893 1.0865996 1.3189638 1.3643356 1.3397510 1.4702402 1.3906994 1.4115777 1.3937945 1.2961205 1.2278645 1.2413420 1.4795047 1.2636413 1.7163888 1.4980180 1.7908956 1.8145620 1.5989147 1.7413864 1.5230944 1.4397447 1.9032983 1.7378024 1.2968938 1.3343318 1.6891816 
TrH2_TrispH2_004666-RA                                        1.2353776 1.1452907 1.2543038 1.0277477 1.2315867 1.0159332 1.1135644 1.1252681 1.0087352 1.0045385 1.1169677 1.0743321 1.2505119 0.9890294 1.3891693 1.4027881 1.4708251 1.3633727 1.5970344 1.4815457 1.3057028 1.3157197 1.2678205 1.3170939 1.2041368 1.2388222 1.1838222 1.1807071 1.2014796 1.3692514 1.3033157 1.2326403 1.4326507 1.3155160 1.4808945 1.3336319 0.0000010 0.0000000 0.2353913 0.2563605 0.2745019 0.2559464 1.5958139 1.4987048 1.3049914 1.2417266 1.5364222 1.5146731 1.5286606 1.6432616 1.6120313 1.4115777 1.5916181 1.5034076 1.4217411 1.5058319 1.6288409 1.3987150 1.8554825 1.4980180 1.9034853 1.8145620 1.7569209 1.8419651 1.6587667 1.6826864 2.0987732 1.9370693 1.2968938 1.4877279 1.7623934 
HoiH06_mRNA14724                                              1.1041425 1.1864434 1.0631482 0.9584502 1.1385242 0.9474412 0.9620111 0.9661935 0.9199348 0.9416520 0.9310184 0.9544193 1.0491697 0.9080694 1.3066507 1.3492343 1.3473433 1.1252552 1.4548989 1.3188830 1.1358468 1.1819536 1.1312089 1.1438608 1.0568499 0.8866776 0.9105548 1.1661393 1.0186082 1.0510207 1.1675662 1.0929322 1.2405544 1.2661627 1.3215996 1.0816889 0.2314326 0.2353913 0.0000000 0.0432413 0.1150051 0.1197452 1.2876119 1.3261252 1.0640501 1.1141656 1.3733728 1.3887781 1.3466741 1.5592649 1.3826939 1.4287425 1.3120158 1.3200804 1.2289785 1.2441450 1.4051016 1.1787455 1.6973102 1.5559938 1.6657195 1.6535894 1.6147464 1.6499784 1.4967459 1.4849951 1.7699044 1.6036584 1.4741507 1.4278437 1.7055825 
HoiH23_PlH23_004820-RA                                        1.2132160 1.2250010 1.1872360 1.0520481 1.3001409 1.0897554 1.1183470 1.1290988 1.0239404 0.9563146 1.0546026 1.0978298 1.1859947 0.9729485 1.3210829 1.4939789 1.4804872 1.2948075 1.5901419 1.4343737 1.2748067 1.3985140 1.3457832 1.3725018 1.1503697 1.1238959 1.0287472 1.2449664 1.2791950 1.2992778 1.2858304 1.1941318 1.4067493 1.2958906 1.4500620 1.2583331 0.2174353 0.2563605 0.0432413 0.0000000 0.1332215 0.1116689 1.4169455 1.4510032 1.1904778 1.2106649 1.5896796 1.5850683 1.4866279 1.7657773 1.5625081 1.4095815 1.5227427 1.5250045 1.3185158 1.4107892 1.5223637 1.3157757 1.9194682 1.5863989 1.8171008 1.6522208 1.8707632 1.7819230 1.6805878 1.6639362 1.9972668 1.7958669 1.3883380 1.4891746 1.8508369 
Hhon_g01792.t1                                                1.1255023 1.2127922 1.1260938 1.0092915 1.2268032 1.0586938 1.0930549 1.0928510 1.0019903 0.9853038 1.0541071 1.0418947 1.0822723 0.9491725 1.2918027 1.4561931 1.4325690 1.2923740 1.4892191 1.3499821 1.2321301 1.3041844 1.2875255 1.2922915 1.1144744 1.0869505 0.9866258 1.1777341 1.1669019 1.1949720 1.2316400 1.1387632 1.4113455 1.2744496 1.4445740 1.1986860 0.2501294 0.2745019 0.1150051 0.1332215 0.0000000 0.0037401 1.4853381 1.4101657 1.1928857 1.1459130 1.5482652 1.4452622 1.4217318 1.6341229 1.5245255 1.5122053 1.4478393 1.4719875 1.3125668 1.4269715 1.5463628 1.2621695 1.8291441 1.4547257 1.7995398 1.6494959 1.8081768 1.6910566 1.6479133 1.7137303 1.9418052 1.7849602 1.4048104 1.4736890 1.7672926 
HoiH04_mRNA12316                                              1.0146334 1.2127922 1.0332066 0.9266360 1.1238549 0.9598708 0.9850110 0.9763222 0.9371669 0.9853038 0.9486703 0.9455778 0.9673511 0.8692264 1.2975829 1.3129418 1.3540610 1.1492512 1.3939326 1.2895518 1.1151791 1.1862632 1.1828395 1.1454982 1.0142823 0.9125970 0.8663368 1.0806136 0.9889761 0.9839149 1.0994030 1.0141027 1.2542419 1.2872859 1.3114832 1.0599624 0.2560699 0.2559464 0.1197452 0.1116689 0.0037401 0.0000000 1.3476136 1.2882201 1.0642907 1.0585237 1.4275270 1.3142323 1.2797439 1.4841565 1.3650806 1.5187221 1.3073252 1.3221915 1.1820192 1.2379568 1.4274571 1.1607741 1.6885141 1.4547257 1.6715912 1.6560867 1.6770705 1.6819566 1.5327276 1.5514083 1.7996378 1.6344609 1.4048104 1.3733450 1.6801392 
Hvul_g10792_1                                                 1.3244950 1.2209948 1.4252352 1.2622895 1.3200051 1.2152693 1.3566351 1.2827598 1.2060125 1.1035778 1.2544057 1.3342661 1.3295548 1.0999819 1.2275292 1.6841319 1.7675447 1.5613952 1.3347219 1.3422757 1.0599252 1.5557817 1.5046045 1.5186722 1.0966252 1.4302242 1.2632969 1.4850394 1.3083878 1.2691404 1.3723772 1.3215984 1.8452046 1.5200976 1.5662384 1.4515652 1.3923434 1.5958139 1.2876119 1.4169455 1.4853381 1.3476136 0.0000000 0.8605206 1.1113652 1.2574279 1.6719355 1.6716153 1.7136561 1.7906357 1.4871945 1.5732297 1.7632208 1.7065482 1.4152460 1.5260615 1.8038615 1.7890716 1.9592324 1.4749086 1.9051189 1.6837680 1.9318969 1.7285544 2.0654403 1.7889061 2.0273642 1.8519923 1.6524702 1.8974731 2.4753594 
Chem_TCONS_00003500                                           1.1552569 0.9297212 1.2352157 1.2998397 1.2152023 1.1122164 1.2493638 1.2091157 1.0841433 1.0021418 1.1550720 1.1957712 1.1301315 1.0263884 1.1523583 1.4241692 1.5796149 1.5402169 1.3361643 1.3193724 1.2406050 1.4103440 1.3735184 1.2514133 0.9341536 1.0895342 1.1312727 1.3040786 1.1896411 1.4610568 1.4501193 1.2751187 1.6837091 1.3610929 1.4678526 1.3638876 1.3561602 1.4987048 1.3261252 1.4510032 1.4101657 1.2882201 0.8605206 0.0000000 1.0137652 1.1883889 1.5434258 1.5179280 1.5515387 1.5523709 1.4877459 1.4015949 1.7193622 1.6295244 1.3679056 1.5104412 1.5573411 1.6601584 1.4915770 1.2176889 1.4929704 1.3670686 1.5091094 1.3949142 1.5860320 1.5344144 1.6002038 1.4356995 1.4673209 1.6301212 2.2211513 
Morvir_scaffold10.g110.t1                                     1.1050975 1.0055255 1.0323250 1.0648063 1.1224759 0.9209781 1.0955730 1.0311001 0.9488414 0.9360535 0.9508853 1.1126343 1.0818243 0.9827483 1.0936485 1.2722371 1.4001346 1.2508455 1.3000267 1.1940893 1.1955638 1.3012610 1.3449983 1.4061199 0.9164987 1.0618157 1.0546394 1.2029920 1.1437078 1.3385953 1.3163354 1.0510960 1.6846736 1.3578904 1.4591668 1.2644508 1.1332893 1.3049914 1.0640501 1.1904778 1.1928857 1.0642907 1.1113652 1.0137652 0.0000000 1.0030401 1.3483732 1.4898449 1.4394226 1.5900180 1.5366025 1.4925968 1.5597882 1.4403188 1.4372785 1.4210951 1.5347972 1.4905582 1.5424535 1.3201993 1.5420116 1.3737902 1.5412981 1.5319055 1.5465937 1.5790772 1.6056358 1.4733566 1.4298837 1.3974388 2.4134099 
Skow_XM_006811973.1                                           0.8971113 0.8826884 0.7672388 0.9810415 1.1409551 1.0882549 1.1658598 1.1423445 0.9203027 0.8241157 0.9909014 1.1165361 0.9819736 0.7697518 1.0898434 1.4057699 1.5352597 1.4312621 1.4054908 1.3608415 1.0672257 1.5844282 1.4219357 1.4488527 0.8954091 1.0086947 1.0798168 0.9857188 1.0185176 0.9915786 1.1805749 0.9899482 1.4946496 1.2049723 1.3578015 1.3226467 1.0865996 1.2417266 1.1141656 1.2106649 1.1459130 1.0585237 1.2574279 1.1883889 1.0030401 0.0000000 1.5728309 1.2582489 1.5958651 1.7378058 1.5689530 1.2618152 1.7590011 1.8235753 1.5241973 1.5241022 1.5547360 1.5691403 1.4701890 1.1436055 1.4601465 1.2156618 1.6702812 1.4774437 1.5714617 1.6043051 1.5806405 1.5203600 1.3350583 1.3147895 3.2011906 
Diagra_EP00040_Diaphanoeca_grandis_P039912                    1.2655809 0.8029147 1.2009474 1.2020359 1.4526415 1.0474783 1.2532007 1.2302577 1.1173452 0.8328928 1.1310618 1.3249007 1.2955654 1.2215919 1.1247870 1.5219651 1.4011396 1.5248221 1.7143931 1.5766539 1.2397867 1.5347529 1.5076550 1.5272310 1.4472291 1.9244462 2.0473722 1.5337212 1.5097653 1.7938285 1.5800527 1.3095229 1.2079563 0.9117610 1.3013759 1.1129246 1.3189638 1.5364222 1.3733728 1.5896796 1.5482652 1.4275270 1.6719355 1.5434258 1.3483732 1.5728309 0.0000000 1.0570814 1.1223203 0.9610795 1.1218068 1.2221231 1.3447369 1.4122014 1.4171217 1.3908125 1.5833702 1.1725832 1.8125371 1.4069394 1.8177488 1.5321891 1.8790652 1.6931228 1.7725816 1.9285611 1.7665139 1.6455792 1.1595408 1.5591337 2.0025267 
Acaspe_EP00035_Acanthoeca_spectabilis_P023105                 1.2571081 0.9332203 1.2723444 1.3145934 1.7871150 1.2089511 1.3627318 1.3291977 1.2928215 1.0095173 1.3519903 1.3071189 1.2512371 1.2291625 1.0777234 1.3992508 1.6022210 1.5822265 1.6061123 1.4959491 1.2932750 1.7972867 1.6254020 1.6065797 1.2969669 1.7104142 1.9929813 1.4196181 1.4969981 1.7591104 1.5261528 1.2921211 1.1886055 0.9429153 1.0952306 1.1479065 1.3643356 1.5146731 1.3887781 1.5850683 1.4452622 1.3142323 1.6716153 1.5179280 1.4898449 1.2582489 1.0570814 0.0000000 0.3796821 0.7852312 1.0402491 1.1110710 1.2935940 1.2950790 1.4395277 1.3738169 1.4934523 1.1481990 1.6893026 1.3134038 1.7238492 1.5205308 1.9452465 1.7564192 1.7589138 1.7735705 1.8151893 1.5812897 1.2256192 1.5066992 1.8885906 
Helnan_EP00037_Helgoeca_nana_P032802                          1.3919545 1.0146321 1.3188782 1.3250178 1.6855752 1.2532461 1.4401950 1.4497744 1.3142260 1.0830453 1.4564514 1.3518429 1.2444041 1.2697854 1.1936779 1.5082662 1.6769854 1.6343033 1.6029561 1.5598484 1.4050234 1.7259295 1.6724218 1.6957460 1.3766637 1.6361338 1.8538500 1.5975424 1.6705526 2.0003836 1.6337356 1.3008599 1.2384886 1.0436476 1.1862186 1.1551717 1.3397510 1.5286606 1.3466741 1.4866279 1.4217318 1.2797439 1.7136561 1.5515387 1.4394226 1.5958651 1.1223203 0.3796821 0.0000000 0.8553699 1.0680299 1.1551644 1.3388659 1.3186678 1.4126800 1.4447990 1.5583734 1.2037312 1.7713157 1.4712902 1.7431663 1.5495860 1.8607755 1.7681583 1.6461857 1.8104296 1.8243256 1.6018630 1.2526341 1.6168760 2.0531830 
Stedip_EP00041_Stephanoeca_diplocostata_P021683               1.2657462 0.9353897 1.2931629 1.3598185 1.6366799 1.0784497 1.3953386 1.5015749 1.3296330 0.9811549 1.4064064 1.4433536 1.2847972 1.3162646 1.2888532 1.6447448 1.5575555 1.6047787 1.7463259 1.5992782 1.3985711 1.6313521 1.5688016 1.5232599 1.4548073 1.8509178 1.7911322 1.4949623 1.4319736 1.7310274 1.5370062 1.3007920 1.1689747 0.9265359 1.0881070 1.1391168 1.4702402 1.6432616 1.5592649 1.7657773 1.6341229 1.4841565 1.7906357 1.5523709 1.5900180 1.7378058 0.9610795 0.7852312 0.8553699 0.0000000 0.9700521 1.1607575 1.2643667 1.2865995 1.2268161 1.3218386 1.3843679 1.1479547 1.6024993 1.2429045 1.5838815 1.4427430 1.7276766 1.7080361 1.7968250 1.8943373 1.7855813 1.5744606 0.9955866 1.3773258 1.9628528 
Didcos_EP00039_Didymoeca_costata_P019427                      1.3109049 0.9386922 1.2015520 1.3012462 1.3874801 0.9965747 1.1582588 1.1962789 1.0961399 0.8788858 1.2012266 1.2587489 1.2897461 1.1782894 1.1620044 1.6095899 1.5919683 1.5920960 1.7617146 1.5733128 1.2716676 1.7731978 1.5885214 1.6138847 1.3645078 1.6436598 1.6180343 1.3897804 1.4053332 1.4451445 1.4158753 1.4075645 1.2453522 0.9784682 1.0049043 0.9591730 1.3906994 1.6120313 1.3826939 1.5625081 1.5245255 1.3650806 1.4871945 1.4877459 1.5366025 1.5689530 1.1218068 1.0402491 1.0680299 0.9700521 0.0000000 1.0033454 1.3438776 1.3415088 1.3317105 1.3594742 1.7744280 1.2237351 1.9457794 1.4438963 1.8134820 1.5497975 1.7956224 1.7374900 1.8948146 1.9117196 1.9874622 1.7651393 1.1320373 1.4424490 1.8669913 
