72
Hsap_ENST00000400930                                   0.0000000 0.5859889 0.6515526 0.5620789 0.6111739 0.6250670 0.7398144 0.7567522 0.7683889 0.7003243 0.7360263 0.7591849 0.7666602 0.7592285 0.7149328 0.9253011 0.7381029 0.7045913 0.9268893 0.9276850 1.0153804 0.9930601 0.9619049 1.3338624 0.9934580 0.9509441 1.4415341 0.7947582 1.4895139 1.2935326 1.2744812 1.1507763 1.1048182 1.3596200 0.9564918 1.2581955 0.9862037 1.2923536 1.0107669 1.1826395 1.2626933 1.2713166 1.4162469 1.1335784 1.3520604 1.3913002 1.1465927 1.1416270 1.2585351 1.3333553 1.3580989 1.3317819 1.2061001 2.6247363 2.6578007 2.6825267 2.2183892 2.3714608 3.1398586 3.2848172 2.4563011 2.4493569 2.4426830 1.8614097 1.8012800 1.7758355 1.8788340 2.0768206 2.5940749 2.7875979 2.3576184 0.4790464 
Ctel_gnl_WGS_AMQN_CAPTEDRAFT_mRNA17752                 0.5859889 0.0000000 0.6325402 0.6967167 0.6350434 0.5760450 0.7307997 0.6573654 0.7342441 0.7698267 0.7419348 0.8266179 0.8098001 0.8396505 0.8239198 1.0220633 0.8188744 1.0743690 1.0262621 0.9292408 1.2088653 1.1396407 0.9066518 1.4381028 0.9006114 0.9783319 1.6484710 0.9023336 1.9909038 1.3868564 1.3377054 1.5763129 1.2752760 1.5263627 1.1536879 1.4579328 1.1504401 1.3898441 1.2130920 1.4216505 1.4044989 1.3728523 1.6178240 1.1152720 1.3875679 1.2045749 1.0195813 1.0766952 1.5030435 1.4464958 1.2400884 1.2060236 1.1918335 2.8997196 2.6186598 2.8346710 2.4848863 2.4585533 3.1717856 3.2200010 2.7892686 2.9214743 2.6187570 1.9419251 1.9959728 1.8705540 2.0268190 2.2239885 2.3948239 2.9815925 2.2533177 0.4795825 
Bralan_BLAG11000923_1                                  0.6515526 0.6325402 0.0000000 0.6576433 0.6050219 0.5269778 0.6772735 0.7893467 0.7089282 0.7893038 0.7571987 0.7946346 0.7985071 0.7646185 0.7752054 0.9310690 0.7346950 0.9795965 0.9941732 1.0232954 1.1960390 1.2114969 0.9231295 1.4402794 0.8087820 0.8401150 1.7312285 0.8626456 1.8179474 1.1910674 1.3422878 1.4545410 1.1064402 1.5079073 1.0512348 1.3889165 1.0504520 1.4386522 1.0583373 1.3633574 1.1255428 1.2745935 1.2754545 0.9480313 1.4068594 1.5617874 1.2696158 1.2146547 1.6105298 1.5886222 1.2992037 1.2628462 1.2354848 2.2348210 2.4290296 2.4964338 2.0814921 2.2539770 2.5149888 2.6824526 2.4570771 2.2334153 2.4505724 1.5350034 1.8328367 1.7260936 1.7908660 1.8431797 2.2146048 2.4417704 2.2152865 0.6291918 
Skow_XM_002735232.2                                    0.5620789 0.6967167 0.6576433 0.0000000 0.5027465 0.5286105 0.5806915 0.8327461 0.6802773 0.7315728 0.7315891 0.7800292 0.7471115 0.6497563 0.6792074 0.9574183 0.6673299 0.8986225 1.0599127 1.0703910 1.1206067 1.0930408 0.9343621 1.4603494 0.9297202 0.8526038 1.5206620 0.8465924 1.7417020 1.5074652 1.4136955 1.2926766 1.1767508 1.4478016 1.0205943 1.4510689 1.0413857 1.3165168 1.0903791 1.3214167 1.3638822 1.2653589 1.4111203 1.1170816 1.3632223 1.4012043 1.2453695 1.0291800 1.5334168 1.4859649 1.4046846 1.3703135 1.1074476 2.9143445 2.6810990 2.8144825 2.5314015 2.1680851 3.4682342 3.7066294 2.8795207 2.9113034 2.2250135 1.7578050 1.9706609 1.8230678 2.0671635 1.9640746 2.5430490 2.8253262 2.3390576 0.5552091 
Cgig_XM_011446683.3                                    0.6111739 0.6350434 0.6050219 0.5027465 0.0000000 0.3750191 0.6611830 0.8003750 0.7002664 0.7765865 0.7777990 0.8029879 0.7955789 0.7450839 0.8054071 0.9769516 0.7245412 0.8907940 1.0311576 0.9801482 1.0879563 1.0977189 0.9459991 1.2435398 0.9380224 0.8951832 1.8464261 0.9488970 2.0720396 1.4676250 1.4751222 1.5869105 1.2474088 1.4981392 1.1034382 1.4641911 1.1456348 1.4292454 1.1935308 1.2669503 1.2938850 1.3041787 1.4283801 1.0797780 1.6292282 1.6364878 1.4456264 1.2272328 1.6688895 1.6882327 1.5052806 1.4521095 1.2476037 3.0314325 2.6725378 2.8032551 2.3548581 2.4075752 3.2869260 3.5910805 2.6726370 3.0522331 2.2446133 1.9670747 1.8902480 1.9664362 1.8685200 1.8969639 2.1718389 2.6528497 2.4536939 0.5247652 
Acagra_model.g31130.t1                                 0.6250670 0.5760450 0.5269778 0.5286105 0.3750191 0.0000000 0.6605897 0.7095485 0.6686567 0.7269279 0.6850197 0.6954162 0.7059258 0.6707371 0.7517492 0.8657412 0.7031598 0.8517251 0.9612369 0.9926999 1.0539279 1.0638814 0.8533300 1.2576839 0.8945076 0.8201228 1.5728359 0.9425924 1.8633477 1.2452026 1.2624896 1.3641826 1.1695111 1.3853838 1.0884342 1.4256899 1.0195649 1.2426020 1.0673055 1.1256573 1.3217607 1.2636683 1.3883889 1.0573565 1.4901341 1.3980720 1.2404868 1.1807109 1.6303084 1.6208647 1.3864928 1.3464491 1.1343918 2.7085122 2.4808543 2.4786049 2.1313969 2.1102135 3.1867080 3.6165350 2.8088875 3.2555374 2.3120860 1.7864669 1.8772849 1.7736053 1.7922698 1.8626246 2.2386783 2.3693383 2.4432882 0.4807990 
Spur_XM_030979648.1                                    0.7398144 0.7307997 0.6772735 0.5806915 0.6611830 0.6605897 0.0000000 0.9232362 0.8231980 0.9539505 0.9336857 0.8821228 0.9113229 0.6931114 0.7208669 1.1778443 0.7902354 1.0583569 0.9767412 0.9426815 1.0216303 1.0556432 0.9124740 1.3144988 0.9784539 0.8998498 1.8779882 1.0215725 2.0272083 1.4379282 1.4709937 1.4858603 1.1987140 1.5282032 1.2674446 1.6758861 1.3305186 1.7284277 1.3962474 1.7198961 1.4196127 1.3600906 1.4836432 1.1440202 1.3441732 1.4076765 1.1672026 1.0138810 1.4780290 1.4931298 1.2124596 1.2289637 1.3380766 2.9151396 2.4625464 2.3158504 2.4542225 2.3990626 3.4277884 3.6454198 2.9281980 3.0386880 2.7989240 1.9714855 2.4431696 1.8264932 2.1498662 2.0451802 2.4545890 2.5801165 2.1918423 0.4364833 
Exapal_XM_021056958.1                                  0.7567522 0.6573654 0.7893467 0.8327461 0.8003750 0.7095485 0.9232362 0.0000000 0.3740719 0.4095533 0.4038400 0.3903409 0.4009339 0.6220272 0.5917610 0.4532332 0.5083166 0.9725709 0.9325649 0.9335601 1.0747739 1.0493123 0.9293338 1.1181963 0.9777642 1.0135178 1.6725807 0.8689504 1.6450731 1.3840966 1.3252962 1.3749647 1.0860413 1.1892047 1.1801035 1.4574730 1.1301052 1.4269598 1.1702968 1.4071177 1.4381049 1.4772651 1.6089732 1.0923237 1.5127787 1.4344143 1.2118113 1.3341680 1.6670268 1.5629968 1.5206217 1.4680372 1.4547753 2.8689888 2.9079415 2.9444280 2.4780379 2.6509031 3.3946788 3.7895770 2.8552147 2.7691664 2.6586198 1.8198685 1.9192653 2.0827836 2.0652370 2.0612686 2.2528818 2.5546127 2.4859892 0.5280589 
Gfas_gfas1.m1.6887.m1                                  0.7683889 0.7342441 0.7089282 0.6802773 0.7002664 0.6686567 0.8231980 0.3740719 0.0000000 0.1260455 0.1163443 0.1492159 0.1618947 0.4869978 0.6012067 0.6133488 0.3939950 0.9075247 0.8028330 0.8084691 0.9262255 0.9307090 0.7960284 1.0783302 0.8787305 0.9411562 1.3582992 0.7555527 1.3346992 1.2042168 1.2806619 1.1959096 1.1483095 1.1324991 1.1275670 1.4678672 1.1670163 1.4749360 1.2012245 1.3971605 1.2021700 1.2148374 1.4040323 0.9555647 1.2412034 1.3908625 1.2087127 1.0433081 1.4377274 1.4466770 1.2400756 1.1924258 1.3656176 2.6900882 2.6150652 2.8315769 2.3151829 2.3242071 2.8887224 3.2242308 2.4091982 2.6936826 2.3384545 1.7084605 1.7423666 1.7647111 1.8421696 1.9147072 2.3522310 2.7109213 2.2497815 0.5704466 
Fspp_ffun1.m4.18029.m1                                 0.7003243 0.7698267 0.7893038 0.7315728 0.7765865 0.7269279 0.9539505 0.4095533 0.1260455 0.0000000 0.0736315 0.0988768 0.1183735 0.5456865 0.6824641 0.6092848 0.3745470 0.9322989 0.8897684 0.9086897 1.0345796 0.9984029 0.7868239 1.0556826 0.9732976 0.9157209 1.4165628 0.7286833 1.4430962 1.2731071 1.3400332 1.2872573 1.2115960 1.1537494 1.0676835 1.4135427 1.1195345 1.3969125 1.1766332 1.3670441 1.2785173 1.2243788 1.4464567 1.0077268 1.2796365 1.4192640 1.2267410 1.1253906 1.3021350 1.4863948 1.3532050 1.3046869 1.3452997 2.7337553 2.5324680 2.8404819 2.3319632 2.4006198 3.1171497 3.5040417 2.6142710 2.8042195 2.3578576 1.7939171 1.9521590 1.7855818 1.8248353 2.0178739 2.3276388 2.7729991 2.3287390 0.6048995 
Gasp_gasp1.m3.14878.m1                                 0.7360263 0.7419348 0.7571987 0.7315891 0.7777990 0.6850197 0.9336857 0.4038400 0.1163443 0.0736315 0.0000000 0.0996364 0.0950111 0.5418056 0.6745607 0.5905201 0.3579633 0.9660343 0.9256935 0.8874361 1.0585178 0.9988859 0.8358091 1.1669081 0.9450878 0.9263382 1.4981145 0.7353521 1.5330289 1.2102546 1.2675206 1.3114128 1.2378412 1.2331455 1.0761436 1.5001940 1.1721363 1.5181376 1.2278480 1.4663420 1.2469624 1.2003517 1.4041170 0.9706899 1.3186681 1.5040794 1.2727235 1.1267728 1.3677109 1.6027110 1.3106694 1.2826498 1.3485239 2.7479001 2.5468754 2.7887162 2.3780644 2.3628157 3.1591812 3.5284837 2.6395636 2.7635894 2.2542819 1.6953009 1.9764015 1.7670060 1.9072782 1.9909334 2.3569960 2.8687607 2.2333974 0.5735745 
Spis_XP_022809386_1                                    0.7591849 0.8266179 0.7946346 0.7800292 0.8029879 0.6954162 0.8821228 0.3903409 0.1492159 0.0988768 0.0996364 0.0000000 0.0454149 0.5116446 0.6903080 0.5608993 0.3414336 0.9293338 0.8255136 0.8753000 0.9670296 0.9324291 0.7841849 1.1027046 0.9504553 0.9885169 1.4422097 0.7499733 1.4273614 1.2251605 1.3461531 1.2627819 1.1425077 1.1736408 1.0894905 1.4977506 1.1388871 1.4567160 1.2319304 1.4424546 1.2550125 1.2072444 1.4543539 0.9749206 1.3154882 1.3904116 1.2046576 1.1229329 1.3855998 1.5189582 1.2879077 1.2415323 1.4566707 2.6007908 2.7508699 2.7995743 2.3831585 2.3186429 3.0377023 3.5120238 2.5889335 2.5851200 2.4102262 1.6784717 1.8644706 1.8108400 1.8344408 2.0749120 2.4080829 2.5517004 2.3036978 0.5690940 
Pocdam_XM_027197757.1                                  0.7666602 0.8098001 0.7985071 0.7471115 0.7955789 0.7059258 0.9113229 0.4009339 0.1618947 0.1183735 0.0950111 0.0454149 0.0000000 0.5135291 0.6748938 0.5943756 0.3532968 0.8811090 0.8563253 0.9044674 1.0022501 0.9655495 0.8009498 1.1433252 0.9612749 0.9491269 1.4590417 0.7354781 1.4102652 1.2357582 1.2973068 1.2647175 1.1470525 1.1774555 1.0335480 1.4057181 1.0626297 1.3816414 1.1463124 1.3501192 1.2385340 1.2165623 1.4065940 1.0092460 1.3141988 1.3922976 1.2306618 1.1336517 1.4072517 1.5820155 1.3047487 1.2696956 1.4336007 2.6707657 2.5815234 2.7819828 2.3791098 2.3936521 2.9492848 3.3100747 2.7164779 2.6493861 2.3383492 1.6220948 1.8857720 1.8277712 1.8911286 2.0544735 2.4545518 2.5735835 2.3806118 0.5920306 
Dgig_XM_028538267.1                                    0.7592285 0.8396505 0.7646185 0.6497563 0.7450839 0.6707371 0.6931114 0.6220272 0.4869978 0.5456865 0.5418056 0.5116446 0.5135291 0.0000000 0.3551932 0.8671738 0.6470368 1.0370828 0.7983446 0.7250338 0.8475857 0.7754345 0.7317741 0.9741298 1.0114871 0.9417729 1.3834702 0.8361001 1.4482073 1.3883253 1.4063044 1.2320678 1.0914449 1.2068545 1.2611390 1.7729720 1.2950903 1.7621796 1.3554346 1.7377239 1.2451052 1.1633401 1.3409467 0.9051084 1.3908194 1.5204847 1.3467206 1.1910146 1.6135551 1.4835360 1.6837681 1.6481085 1.3028497 2.8877677 2.6685636 2.6863385 2.2436980 2.3021153 2.6534909 3.2290700 2.3757036 2.4990551 2.5362025 1.8382322 1.9919335 1.8108382 1.8291490 1.9144310 2.3338124 2.7013921 2.3407874 0.4075291 
Xesp_012554-T1                                         0.7149328 0.8239198 0.7752054 0.6792074 0.8054071 0.7517492 0.7208669 0.5917610 0.6012067 0.6824641 0.6745607 0.6903080 0.6748938 0.3551932 0.0000000 0.9598246 0.6197366 1.0764208 0.9294285 0.9238309 0.9929030 0.9764207 0.8834808 1.2346130 1.0455927 0.8404261 1.4677042 0.9494515 1.4964999 1.5365114 1.6099527 1.2960807 1.2580620 1.4365762 1.2075847 1.4536054 1.1295409 1.5054369 1.1521950 1.5152645 1.3537301 1.3121724 1.4012817 1.1007178 1.3045662 1.4820949 1.3068024 1.2805680 1.6725229 1.4939618 1.5303671 1.4832414 1.4350858 3.0916729 2.7042013 2.6673071 2.2609976 2.5922336 2.7792927 3.1315923 2.5448401 2.8808374 2.3340283 1.8178138 1.9541987 1.8963185 2.0328056 1.9057709 2.4023319 2.4398402 2.6320387 0.3898380 
Nvec_v1g169077                                         0.9253011 1.0220633 0.9310690 0.9574183 0.9769516 0.8657412 1.1778443 0.4532332 0.6133488 0.6092848 0.5905201 0.5608993 0.5943756 0.8671738 0.9598246 0.0000000 0.8417180 1.4364374 1.2834197 1.1704777 1.3783506 1.3572786 1.2435988 1.2303317 1.2553389 1.3383539 2.4140404 1.4006588 2.4479566 2.0513069 2.0589231 1.9185124 1.6007704 1.7020219 1.7572215 2.1947430 1.7009550 2.6341891 1.7449700 2.6130219 2.0489754 2.2048819 2.2909781 1.3915397 1.7021103 2.0446257 1.5958471 1.7254888 1.9320865 2.2010523 1.9373131 1.8998407 1.9371016 4.4008729 4.4377787 4.3440146 3.4484939 3.4704140 4.5106771 5.2713636 3.7230787 3.9981051 3.2479386 2.5032428 2.7070739 2.4588663 2.7747964 2.3448032 2.7437837 3.8561292 3.3439319 0.5582518 
Adig_XM_015909199.1                                    0.7381029 0.8188744 0.7346950 0.6673299 0.7245412 0.7031598 0.7902354 0.5083166 0.3939950 0.3745470 0.3579633 0.3414336 0.3532968 0.6470368 0.6197366 0.8417180 0.0000000 0.9022947 0.8046770 0.8237967 0.9048847 0.8858677 0.7257202 1.2942317 0.7718838 0.8009393 1.0037305 1.0550242 1.0012842 0.7988061 0.7919412 0.8325988 0.4388982 0.8732839 0.9157221 1.3402309 0.9587112 1.2639397 0.9850287 1.1237460 1.0168962 1.0645719 0.9911878 0.8581343 1.0752577 1.3382269 1.0595002 1.0492169 1.2900437 1.2652075 1.2920710 1.2788695 0.9137486 1.7773716 1.9952946 2.4634072 1.6530170 1.6255270 2.5204567 2.2373630 2.2522084 2.4851120 2.1466848 1.6257441 1.3647685 1.6238926 1.8585488 2.1207438 2.2999502 1.7100596 1.6270272 0.6791287 
Cscu_XM_023382598.1                                    0.7045913 1.0743690 0.9795965 0.8986225 0.8907940 0.8517251 1.0583569 0.9725709 0.9075247 0.9322989 0.9660343 0.9293338 0.8811090 1.0370828 1.0764208 1.4364374 0.9022947 0.0000000 1.0512602 1.1814116 1.4138863 1.3485523 1.1743355 1.7535581 1.3448916 1.1975697 2.0681668 0.8312181 2.1353109 1.7074861 1.7300984 1.7308020 1.9536705 1.8854183 1.0391184 1.5987883 1.1317464 1.2449999 1.1630115 1.2127826 1.5014107 1.6404079 1.8439072 1.5298364 2.0530081 1.6944104 1.6648216 1.6572957 1.7473113 1.7010723 1.7442044 1.7162569 1.3850604 2.3369170 2.1166122 2.1994920 2.4486185 2.6495666 2.5285543 3.0571250 2.6679905 2.4580096 2.1472775 2.1057693 1.9449303 2.1248861 1.8058278 2.0606249 2.0304012 2.7853489 2.4098470 0.6130344 
Chem_TCONS_00059166                                    0.9268893 1.0262621 0.9941732 1.0599127 1.0311576 0.9612369 0.9767412 0.9325649 0.8028330 0.8897684 0.9256935 0.8255136 0.8563253 0.7983446 0.9294285 1.2834197 0.8046770 1.0512602 0.0000000 0.7217721 0.7480955 0.7702214 0.7420566 0.8770222 1.0809460 1.1482015 1.6124607 0.8452905 1.7223739 1.4684986 1.5164696 1.2901950 1.2780065 1.6536177 1.1868116 1.4035454 1.1137936 1.3366702 1.1408245 1.2037821 1.1899594 1.1580697 1.5391333 1.3344189 1.5060346 1.4450465 1.2024959 1.1219068 1.4674291 1.4815074 1.3503372 1.3228779 1.2963247 2.5391410 2.3871937 2.2694050 2.1760842 2.2174755 2.8284785 2.8380484 2.7611195 2.4593256 2.6671997 1.9563293 1.8605486 2.2354466 1.6892963 2.4676436 2.4036961 2.3357945 2.4144015 0.2923810 
Aaur_scaffold209.g9.t1                                 0.9276850 0.9292408 1.0232954 1.0703910 0.9801482 0.9926999 0.9426815 0.9335601 0.8084691 0.9086897 0.8874361 0.8753000 0.9044674 0.7250338 0.9238309 1.1704777 0.8237967 1.1814116 0.7217721 0.0000000 0.3679842 0.3485015 0.3498095 0.7320895 1.1041468 1.2514990 1.7149594 0.9428638 1.7377543 1.5664307 1.6049831 1.3226439 1.2686416 1.4556270 1.1272022 1.5444465 1.2690403 1.4986477 1.2727910 1.4112349 1.1686278 1.2646692 1.2656380 1.0173848 1.4702173 1.7285396 1.4408299 1.3242297 1.6506308 1.6044733 1.5651196 1.5473216 1.3211508 2.7289229 2.5146706 2.4561663 2.2478568 2.1869013 2.8337043 2.6584214 2.5625908 2.3935162 3.1605223 2.1145713 1.8171574 1.8946481 1.9368179 2.0897662 2.3825042 2.3994576 2.4830649 0.4279991 
Nemnom_g4105.t1                                        1.0153804 1.2088653 1.1960390 1.1206067 1.0879563 1.0539279 1.0216303 1.0747739 0.9262255 1.0345796 1.0585178 0.9670296 1.0022501 0.8475857 0.9929030 1.3783506 0.9048847 1.4138863 0.7480955 0.3679842 0.0000000 0.1058014 0.4926359 0.7567767 1.1875989 1.2203982 1.8480718 0.9915731 1.7202188 1.5075915 1.7247628 1.3660878 1.3188364 1.5609216 1.2498514 1.6433532 1.3529712 1.6181160 1.3753522 1.5497701 1.3389545 1.3288651 1.5804601 1.3365069 1.5471412 1.8704482 1.5176973 1.3229902 1.7718688 1.7438698 1.5782244 1.5574919 1.5598369 3.0506645 3.1204203 2.8594081 2.5518073 2.2749997 3.1056321 3.0271793 3.1421647 2.7709965 3.5160684 2.2343553 2.0275459 2.2330268 2.1832379 2.2853804 2.6148027 2.5423114 2.5410740 0.3351504 
Rhoesc_Res_010058-T1                                   0.9930601 1.1396407 1.2114969 1.0930408 1.0977189 1.0638814 1.0556432 1.0493123 0.9307090 0.9984029 0.9988859 0.9324291 0.9655495 0.7754345 0.9764207 1.3572786 0.8858677 1.3485523 0.7702214 0.3485015 0.1058014 0.0000000 0.5120928 0.7922443 1.1514875 1.2268413 1.8597821 0.9336406 1.7130124 1.4871721 1.6235305 1.4110249 1.3144620 1.5137764 1.2146231 1.6945635 1.3969876 1.6996865 1.4184153 1.6024004 1.3387818 1.2426129 1.5086426 1.2701198 1.5197786 1.9097588 1.5442564 1.2452054 1.7143031 1.7372520 1.4618748 1.4599367 1.5051431 3.0621061 3.0144910 2.8295654 2.5083215 2.2496101 3.1960401 3.1436846 2.9051016 2.7512437 3.3636267 2.2837134 2.0829022 2.2266415 2.1668120 2.2213770 2.6530117 2.4761309 2.4525842 0.3351504 
Sanmal_Sma_004487-T1                                   0.9619049 0.9066518 0.9231295 0.9343621 0.9459991 0.8533300 0.9124740 0.9293338 0.7960284 0.7868239 0.8358091 0.7841849 0.8009498 0.7317741 0.8834808 1.2435988 0.7257202 1.1743355 0.7420566 0.3498095 0.4926359 0.5120928 0.0000000 0.7217159 1.0527740 1.1070288 1.7334530 0.8487164 1.5722483 1.3448726 1.5810155 1.4060738 1.3380768 1.3185169 1.0811619 1.3219433 1.0098872 1.2515304 1.0394983 1.2187254 1.1404322 1.3370577 1.2799913 1.0738143 1.6825907 1.8032290 1.4458987 1.3516953 1.5371967 1.4707029 1.7420435 1.7159807 1.2930418 2.4970178 2.2972322 2.3791877 2.0484140 2.1371142 2.6775809 2.8318223 2.4930981 2.5349103 3.2748944 1.8878602 1.8221771 1.8940271 1.9201701 2.1892756 2.1913228 2.4046536 2.2602573 0.4207546 
Morvir_scaffold159.g26.t1                              1.3338624 1.4381028 1.4402794 1.4603494 1.2435398 1.2576839 1.3144988 1.1181963 1.0783302 1.0556826 1.1669081 1.1027046 1.1433252 0.9741298 1.2346130 1.2303317 1.2942317 1.7535581 0.8770222 0.7320895 0.7567767 0.7922443 0.7217159 0.0000000 1.7618784 1.7460885 2.8437094 1.5857365 2.7914363 2.3210051 2.3977401 2.1654668 2.0613182 1.9522233 1.6363538 1.9212257 1.6360556 2.2802562 1.6465171 2.1220906 1.8089857 1.6694406 1.8657507 1.4204851 2.2858947 3.3546107 2.3244092 1.9657870 2.2672622 2.2649786 2.1936001 2.1129706 2.0315540 3.9660859 4.2376270 3.5308482 2.8273252 3.0242616 4.1751205 3.8690288 3.1396533 3.8085086 4.7498989 2.7707730 2.6007089 2.6150923 2.4441970 2.9262616 3.0592379 4.0891546 3.6574652 0.3047966 
Opea_EP00118_Oscarella_pearsei_P004129                 0.9934580 0.9006114 0.8087820 0.9297202 0.9380224 0.8945076 0.9784539 0.9777642 0.8787305 0.9732976 0.9450878 0.9504553 0.9612749 1.0114871 1.0455927 1.2553389 0.7718838 1.3448916 1.0809460 1.1041468 1.1875989 1.1514875 1.0527740 1.7618784 0.0000000 0.5284432 1.4929388 0.9417267 1.5728715 1.3121265 1.4142458 1.2919869 1.3184633 1.4386909 1.2384332 1.5516365 1.2655285 1.5636405 1.3396972 1.4802628 1.2878313 1.2153454 1.2875398 1.1228479 1.2658787 1.5367700 1.2948462 1.1629054 1.4810079 1.4898091 1.2866793 1.3141842 1.2135888 2.3609789 2.5371582 2.5351047 2.6996329 2.8816753 2.9510716 3.0935165 2.7721202 2.9028210 2.5319074 1.8042280 2.3213804 2.0533038 2.1841410 1.9758720 2.5172901 2.6990022 2.2158095 0.6300851 
Plajan_Pjan_scaffold13640_01                           0.9509441 0.9783319 0.8401150 0.8526038 0.8951832 0.8201228 0.8998498 1.0135178 0.9411562 0.9157209 0.9263382 0.9885169 0.9491269 0.9417729 0.8404261 1.3383539 0.8009393 1.1975697 1.1482015 1.2514990 1.2203982 1.2268413 1.1070288 1.7460885 0.5284432 0.0000000 1.7778734 1.0782584 1.7799057 1.5431042 1.6659888 1.3663213 1.5469711 1.4359998 1.2264403 1.4915555 1.1218758 1.3802140 1.1946506 1.3410585 1.3011222 1.2831812 1.4902109 1.0844435 1.4233761 1.2429827 1.0811303 1.2169863 1.5598979 1.5298341 1.4533724 1.4480539 1.1054101 2.5446438 2.2986167 2.4949427 2.5697318 2.6629839 2.6702613 3.0106555 2.7300072 2.5175160 2.2865507 1.7402186 1.9505834 1.9865615 1.9265256 1.8140764 2.3014698 2.6240636 1.8828757 0.6548150 
Aque_Aqu2.1.39139_001                                  1.4415341 1.6484710 1.7312285 1.5206620 1.8464261 1.5728359 1.8779882 1.6725807 1.3582992 1.4165628 1.4981145 1.4422097 1.4590417 1.3834702 1.4677042 2.4140404 1.0037305 2.0681668 1.6124607 1.7149594 1.8480718 1.8597821 1.7334530 2.8437094 1.4929388 1.7778734 0.0000000 0.2829891 0.3334258 1.4454421 1.4551654 1.4228576 1.0499247 1.5295898 1.6899052 2.3314177 1.9263983 2.6632358 1.8708375 2.4739151 1.9105589 1.6411949 1.6222976 1.6365091 1.8281460 1.8131118 1.6777464 1.5839486 1.6087422 1.7277255 1.8322832 1.8663563 1.9175058 2.7887685 2.7881409 3.1731289 2.6748368 2.3777916 2.8059848 2.8809049 2.8982695 2.8810144 2.6032141 2.5710139 2.2369868 2.0902591 2.0714916 2.0566544 2.8191763 2.6520579 2.2538447 1.0872491 
Xestes_maker-XT_scaffold71-augustus-gene-0.38-mRNA-1   0.7947582 0.9023336 0.8626456 0.8465924 0.9488970 0.9425924 1.0215725 0.8689504 0.7555527 0.7286833 0.7353521 0.7499733 0.7354781 0.8361001 0.9494515 1.4006588 1.0550242 0.8312181 0.8452905 0.9428638 0.9915731 0.9336406 0.8487164 1.5857365 0.9417267 1.0782584 0.2829891 0.0000000 0.1646984 0.6057543 0.6083706 0.6169752 0.3343933 0.7308870 0.8950815 1.2263860 0.9104761 1.0288571 0.9351981 0.9525990 0.9866358 1.0069285 0.9186613 0.9879093 1.3666967 1.1715159 1.1325355 1.1310419 1.1258108 1.1344346 1.2373800 1.2242401 0.9681964 1.9563670 1.7014879 2.1338287 1.4645761 1.5740202 1.4817455 1.6323644 1.7691550 1.6598054 1.7041383 1.4174009 1.3686722 1.4261852 1.6490425 1.5846609 1.7772734 1.2590749 1.6242155 1.1488195 
Halamb_c53024_g2_i1m.34533                             1.4895139 1.9909038 1.8179474 1.7417020 2.0720396 1.8633477 2.0272083 1.6450731 1.3346992 1.4430962 1.5330289 1.4273614 1.4102652 1.4482073 1.4964999 2.4479566 1.0012842 2.1353109 1.7223739 1.7377543 1.7202188 1.7130124 1.5722483 2.7914363 1.5728715 1.7799057 0.3334258 0.1646984 0.0000000 1.3325778 1.5072819 1.4714257 1.1523080 1.3854710 1.5457846 2.0528227 1.6979578 2.1521249 1.6767567 2.2217003 1.8228560 1.5481553 1.5570680 1.8474072 1.6714910 1.8220669 1.6967616 1.6886437 1.6482209 1.7758397 1.9139581 1.9336585 1.9694731 3.2856613 2.7640365 3.1484464 2.8600872 2.5960206 3.1970072 3.3508633 3.2308811 2.9349352 3.1041804 2.6484481 2.2855339 2.2623802 2.0215718 2.0752877 2.9237461 2.6885055 2.4714284 1.0888029 
Emue_Em0008g1221a.t1                                   1.2935326 1.3868564 1.1910674 1.5074652 1.4676250 1.2452026 1.4379282 1.3840966 1.2042168 1.2731071 1.2102546 1.2251605 1.2357582 1.3883253 1.5365114 2.0513069 0.7988061 1.7074861 1.4684986 1.5664307 1.5075915 1.4871721 1.3448726 2.3210051 1.3121265 1.5431042 1.4454421 0.6057543 1.3325778 0.0000000 0.2335776 1.0700270 1.0810407 1.3964167 1.3430628 1.8014639 1.4208604 1.8960512 1.4616963 1.6063579 1.5374817 1.3819547 1.4208544 1.3391472 1.9648421 2.1128755 1.7556170 1.6307013 1.7660734 1.6316807 1.8053885 1.7636692 1.8380081 2.4387596 2.7263358 3.1715408 2.2294869 2.6036335 2.7510236 3.1775764 2.4976654 2.4554166 3.3341941 2.3674427 2.1008387 2.0815658 2.0230203 2.2067581 2.3285739 2.7794732 1.8195040 1.0977970 
Spolac_c91558_g1_i1_m.7009c91558-g1                    1.2744812 1.3377054 1.3422878 1.4136955 1.4751222 1.2624896 1.4709937 1.3252962 1.2806619 1.3400332 1.2675206 1.3461531 1.2973068 1.4063044 1.6099527 2.0589231 0.7919412 1.7300984 1.5164696 1.6049831 1.7247628 1.6235305 1.5810155 2.3977401 1.4142458 1.6659888 1.4551654 0.6083706 1.5072819 0.2335776 0.0000000 1.1444574 1.1583896 1.4723824 1.2633230 1.7244108 1.3521836 1.8202438 1.3801264 1.5739411 1.6300290 1.4935345 1.4287699 1.4431039 2.1081308 2.2401987 1.8615739 1.7010443 1.9467757 1.7249340 2.0416277 2.0107797 1.8101759 2.5446385 2.6576333 3.2322819 2.5577305 2.3886246 2.8860020 2.8234459 2.7900707 2.7359325 2.8399678 2.2369241 2.3183130 2.1275001 2.3440276 2.2684916 2.3318334 2.5905337 1.9227255 1.0649642 
Tetwil_g17365.t2                                       1.1507763 1.5763129 1.4545410 1.2926766 1.5869105 1.3641826 1.4858603 1.3749647 1.1959096 1.2872573 1.3114128 1.2627819 1.2647175 1.2320678 1.2960807 1.9185124 0.8325988 1.7308020 1.2901950 1.3226439 1.3660878 1.4110249 1.4060738 2.1654668 1.2919869 1.3663213 1.4228576 0.6169752 1.4714257 1.0700270 1.1444574 0.0000000 0.6964864 1.2648357 1.4616684 2.0536337 1.5529992 2.1006917 1.6118107 1.8781340 1.3257530 1.2417924 1.3962183 1.4078682 1.6463360 1.7990292 1.4955790 1.3936746 1.4426807 1.5630687 1.5962469 1.6148684 1.7803917 2.8463411 2.6464579 3.0659383 2.4944738 2.5692752 3.2328954 3.2475743 2.6267476 2.6665549 2.6822745 2.3575747 2.0954368 1.8280700 2.1546562 2.2356333 2.6193520 2.7417533 2.3715647 0.7409950 
Stycar_maker-SC_scaffold13185-augustus-gene-0.7-mRNA-1 1.1048182 1.2752760 1.1064402 1.1767508 1.2474088 1.1695111 1.1987140 1.0860413 1.1483095 1.2115960 1.2378412 1.1425077 1.1470525 1.0914449 1.2580620 1.6007704 0.4388982 1.9536705 1.2780065 1.2686416 1.3188364 1.3144620 1.3380768 2.0613182 1.3184633 1.5469711 1.0499247 0.3343933 1.1523080 1.0810407 1.1583896 0.6964864 0.0000000 0.9573283 1.2932567 1.7331485 1.2881279 1.8911836 1.2861823 1.6483342 1.2234458 1.0141618 1.3887670 1.2631980 1.5996523 1.8947461 1.4715571 1.6303699 1.4832179 1.6255039 1.4388454 1.4295832 1.4435880 2.2055032 2.3684413 2.5633213 2.5474228 2.7721337 2.8104379 3.0811595 3.0161788 2.8204725 2.7751325 2.0052242 1.5051939 1.8556171 2.1088637 2.0276789 2.7531495 2.2131763 1.9502437 0.6988093 
Plespi_Pspi_C611192_01                                 1.3596200 1.5263627 1.5079073 1.4478016 1.4981392 1.3853838 1.5282032 1.1892047 1.1324991 1.1537494 1.2331455 1.1736408 1.1774555 1.2068545 1.4365762 1.7020219 0.8732839 1.8854183 1.6536177 1.4556270 1.5609216 1.5137764 1.3185169 1.9522233 1.4386909 1.4359998 1.5295898 0.7308870 1.3854710 1.3964167 1.4723824 1.2648357 0.9573283 0.0000000 1.5656364 1.8207134 1.4091975 1.8094484 1.3753845 1.8134979 1.7835092 1.5844866 1.8089801 1.2887738 1.7727541 1.5878006 1.4579882 1.6062485 1.6621113 1.7011792 1.6444499 1.6686100 1.8582173 2.7043565 2.6195995 2.7877065 2.5775476 2.8642581 2.9378963 3.0683226 2.4946757 2.5104889 2.1944627 2.2184304 2.0163650 1.6899505 2.3526302 1.8370454 2.5220702 2.6958091 1.9688941 0.8377416 
Tadh_TriadT27042                                       0.9564918 1.1536879 1.0512348 1.0205943 1.1034382 1.0884342 1.2674446 1.1801035 1.1275670 1.0676835 1.0761436 1.0894905 1.0335480 1.2611390 1.2075847 1.7572215 0.9157221 1.0391184 1.1868116 1.1272022 1.2498514 1.2146231 1.0811619 1.6363538 1.2384332 1.2264403 1.6899052 0.8950815 1.5457846 1.3430628 1.2633230 1.4616684 1.2932567 1.5656364 0.0000000 0.6169138 0.3659766 0.6506769 0.3847026 0.5761394 1.4032123 1.6540077 1.6072839 1.4539264 1.4257092 1.4999709 1.2610122 1.2044561 1.4147440 1.2731593 1.5403120 1.5290051 1.1222604 2.8380350 2.8494521 3.1583306 2.2825824 2.3340239 2.7550021 2.7697590 2.4169412 2.4627666 2.4793396 1.8297888 1.8606414 2.0090910 2.1316841 2.7671058 2.4256023 1.8116438 2.8969242 0.8036844 
HoiH06_mRNA9152                                        1.2581955 1.4579328 1.3889165 1.4510689 1.4641911 1.4256899 1.6758861 1.4574730 1.4678672 1.4135427 1.5001940 1.4977506 1.4057181 1.7729720 1.4536054 2.1947430 1.3402309 1.5987883 1.4035454 1.5444465 1.6433532 1.6945635 1.3219433 1.9212257 1.5516365 1.4915555 2.3314177 1.2263860 2.0528227 1.8014639 1.7244108 2.0536337 1.7331485 1.8207134 0.6169138 0.0000000 0.1718711 0.1159509 0.1115652 0.1300639 1.9138105 2.1654571 2.2045933 1.8567915 1.9759759 2.1119418 1.8603570 1.9138732 1.9502992 2.0200365 2.1213870 2.0680126 1.4026641 2.6580282 3.2795008 3.4309511 2.8648149 2.9277163 2.8804177 2.9302962 3.4307804 2.9235583 2.8981866 2.0366990 1.9742697 2.5838245 2.5100509 3.0079112 2.9555160 2.7549312 2.9824720 1.3024065 
Hhon_g06913.t1                                         0.9862037 1.1504401 1.0504520 1.0413857 1.1456348 1.0195649 1.3305186 1.1301052 1.1670163 1.1195345 1.1721363 1.1388871 1.0626297 1.2950903 1.1295409 1.7009550 0.9587112 1.1317464 1.1137936 1.2690403 1.3529712 1.3969876 1.0098872 1.6360556 1.2655285 1.1218758 1.9263983 0.9104761 1.6979578 1.4208604 1.3521836 1.5529992 1.2881279 1.4091975 0.3659766 0.1718711 0.0000000 0.0213252 0.0601632 0.1149879 1.4522283 1.6590163 1.7196136 1.4141098 1.6114559 1.6428104 1.3948284 1.4126982 1.6203480 1.6465670 1.6685462 1.6258780 1.0713784 2.4833086 2.7658535 2.9490240 2.4321204 2.7292300 2.6853923 2.7869865 3.0285265 2.7123435 2.6087998 1.5562581 1.7729676 2.2356048 2.4108766 2.6245034 2.6632744 2.3171273 2.5651131 0.8063565 
HoiH04_mRNA6011                                        1.2923536 1.3898441 1.4386522 1.3165168 1.4292454 1.2426020 1.7284277 1.4269598 1.4749360 1.3969125 1.5181376 1.4567160 1.3816414 1.7621796 1.5054369 2.6341891 1.2639397 1.2449999 1.3366702 1.4986477 1.6181160 1.6996865 1.2515304 2.2802562 1.5636405 1.3802140 2.6632358 1.0288571 2.1521249 1.8960512 1.8202438 2.1006917 1.8911836 1.8094484 0.6506769 0.1159509 0.0213252 0.0000000 0.0935016 0.1176716 1.8657275 2.1445715 2.3218737 2.0706549 1.8409189 1.7810403 1.7810403 1.7663576 1.8513310 1.9102312 1.9400742 1.8897205 1.3670231 2.2379404 2.6362764 2.6498111 2.4950139 2.9164249 2.5046718 2.6240133 3.2146768 2.8762995 2.3838137 1.6804079 2.0269091 2.2778170 2.5151152 2.4976323 2.7176924 2.7446930 2.6714201 1.0237659 
HoiH23_PlH23_010287-RA                                 1.0107669 1.2130920 1.0583373 1.0903791 1.1935308 1.0673055 1.3962474 1.1702968 1.2012245 1.1766332 1.2278480 1.2319304 1.1463124 1.3554346 1.1521950 1.7449700 0.9850287 1.1630115 1.1408245 1.2727910 1.3753522 1.4184153 1.0394983 1.6465171 1.3396972 1.1946506 1.8708375 0.9351981 1.6767567 1.4616963 1.3801264 1.6118107 1.2861823 1.3753845 0.3847026 0.1115652 0.0601632 0.0935016 0.0000000 0.1064588 1.5007225 1.6906129 1.7543928 1.4634078 1.7253859 1.7584716 1.4778313 1.5119040 1.6847060 1.7207329 1.7698297 1.7185113 1.0484985 2.4640197 2.7226782 2.9512305 2.4818019 2.7447271 2.7718338 2.8606134 3.1515295 2.7577876 2.6199269 1.6724141 1.7341339 2.2704187 2.3349640 2.6821345 2.6869800 2.4029100 2.7043005 0.8199583 
HoiH11_mRNA2068                                        1.1826395 1.4216505 1.3633574 1.3214167 1.2669503 1.1256573 1.7198961 1.4071177 1.3971605 1.3670441 1.4663420 1.4424546 1.3501192 1.7377239 1.5152645 2.6130219 1.1237460 1.2127826 1.2037821 1.4112349 1.5497701 1.6024004 1.2187254 2.1220906 1.4802628 1.3410585 2.4739151 0.9525990 2.2217003 1.6063579 1.5739411 1.8781340 1.6483342 1.8134979 0.5761394 0.1300639 0.1149879 0.1176716 0.1064588 0.0000000 1.7098118 1.9268134 2.0735179 1.9002967 1.9594064 1.9417779 1.9417779 1.7526915 1.7972622 1.9513728 1.9426409 1.8405534 1.3432663 2.0832452 2.4457323 2.5168589 2.3010942 2.7302117 2.4008841 2.5263535 2.7365019 2.5889922 2.1979218 1.6941587 1.8844532 2.2232061 2.1726443 2.4429416 2.6421779 2.7102859 2.6563813 0.7823809 
Scil_scict006027.2                                     1.2626933 1.4044989 1.1255428 1.3638822 1.2938850 1.3217607 1.4196127 1.4381049 1.2021700 1.2785173 1.2469624 1.2550125 1.2385340 1.2451052 1.3537301 2.0489754 1.0168962 1.5014107 1.1899594 1.1686278 1.3389545 1.3387818 1.1404322 1.8089857 1.2878313 1.3011222 1.9105589 0.9866358 1.8228560 1.5374817 1.6300290 1.3257530 1.2234458 1.7835092 1.4032123 1.9138105 1.4522283 1.8657275 1.5007225 1.7098118 0.0000000 0.4922543 0.6932311 0.9199319 1.8349168 1.9541657 1.6472173 1.5105612 1.8893356 1.9012567 1.7045284 1.6829609 1.4867952 2.4257331 2.5343485 2.6199484 2.3718131 2.3999454 2.2408978 2.4169165 2.5562590 2.5061348 2.4861853 1.9905821 2.0766949 1.7291960 1.8107689 2.0581872 2.4716686 2.4270058 2.3460598 0.8081346 
Lcom_lcpid102197                                       1.2713166 1.3728523 1.2745935 1.2653589 1.3041787 1.2636683 1.3600906 1.4772651 1.2148374 1.2243788 1.2003517 1.2072444 1.2165623 1.1633401 1.3121724 2.2048819 1.0645719 1.6404079 1.1580697 1.2646692 1.3288651 1.2426129 1.3370577 1.6694406 1.2153454 1.2831812 1.6411949 1.0069285 1.5481553 1.3819547 1.4935345 1.2417924 1.0141618 1.5844866 1.6540077 2.1654571 1.6590163 2.1445715 1.6906129 1.9268134 0.4922543 0.0000000 0.5542704 0.9489293 1.4862666 1.5928473 1.3595461 1.3168150 1.5470707 1.7857568 1.5113040 1.4480553 1.5976293 2.2539564 2.2150076 2.5248556 2.1422516 2.0281747 2.4175476 2.7085791 2.2001890 2.1428963 2.3785794 1.8432511 2.1685669 1.5864404 1.7286526 1.9732645 2.4669019 2.3989832 1.9073899 0.7698881 
Leuniv_Lniv_scaffold12776_01                           1.4162469 1.6178240 1.2754545 1.4111203 1.4283801 1.3883889 1.4836432 1.6089732 1.4040323 1.4464567 1.4041170 1.4543539 1.4065940 1.3409467 1.4012817 2.2909781 0.9911878 1.8439072 1.5391333 1.2656380 1.5804601 1.5086426 1.2799913 1.8657507 1.2875398 1.4902109 1.6222976 0.9186613 1.5570680 1.4208544 1.4287699 1.3962183 1.3887670 1.8089801 1.6072839 2.2045933 1.7196136 2.3218737 1.7543928 2.0735179 0.6932311 0.5542704 0.0000000 0.9879334 1.6860664 1.7947325 1.6041540 1.6028899 1.6921192 1.8875545 1.7538589 1.7728042 1.8560358 2.4036801 2.4908806 2.6402526 2.5201422 2.3928252 2.8257549 2.3537554 2.4202437 2.8856169 2.6540995 2.0678503 2.4054283 1.7442906 1.9097290 2.3061084 2.4082485 2.4082091 2.3931744 0.9148987 
Clacor_Ccor_scaffold14143_01                           1.1335784 1.1152720 0.9480313 1.1170816 1.0797780 1.0573565 1.1440202 1.0923237 0.9555647 1.0077268 0.9706899 0.9749206 1.0092460 0.9051084 1.1007178 1.3915397 0.8581343 1.5298364 1.3344189 1.0173848 1.3365069 1.2701198 1.0738143 1.4204851 1.1228479 1.0844435 1.6365091 0.9879093 1.8474072 1.3391472 1.4431039 1.4078682 1.2631980 1.2887738 1.4539264 1.8567915 1.4141098 2.0706549 1.4634078 1.9002967 0.9199319 0.9489293 0.9879334 0.0000000 1.6985309 2.1932444 1.7590040 1.6241397 1.9599567 1.9787751 1.6315749 1.6263364 1.4716548 2.2111140 2.7243941 2.9324246 2.5138164 2.3822005 2.9130784 3.2027084 2.4624741 2.4282158 2.4858142 2.0546243 2.3342357 1.8786750 1.9763416 2.5298846 2.5040545 2.7810707 2.1947380 0.5666529 
Mlei_ML0943.g35.i1                                     1.3520604 1.3875679 1.4068594 1.3632223 1.6292282 1.4901341 1.3441732 1.5127787 1.2412034 1.2796365 1.3186681 1.3154882 1.3141988 1.3908194 1.3045662 1.7021103 1.0752577 2.0530081 1.5060346 1.4702173 1.5471412 1.5197786 1.6825907 2.2858947 1.2658787 1.4233761 1.8281460 1.3666967 1.6714910 1.9648421 2.1081308 1.6463360 1.5996523 1.7727541 1.4257092 1.9759759 1.6114559 1.8409189 1.7253859 1.9594064 1.8349168 1.4862666 1.6860664 1.6985309 0.0000000 0.3860834 0.3114879 0.4269089 0.5797639 0.6169412 0.5282269 0.5296946 1.5692679 3.1480680 3.0372033 2.9622515 2.3856015 2.6623746 3.4180480 3.1659652 3.0409381 3.0704464 3.0657081 2.0447750 2.7283923 2.1844968 2.1350158 2.2801462 2.6353854 2.6844984 2.5382861 0.8934300 
Bolinf_Binf_sb1195398                                  1.3913002 1.2045749 1.5617874 1.4012043 1.6364878 1.3980720 1.4076765 1.4344143 1.3908625 1.4192640 1.5040794 1.3904116 1.3922976 1.5204847 1.4820949 2.0446257 1.3382269 1.6944104 1.4450465 1.7285396 1.8704482 1.9097588 1.8032290 3.3546107 1.5367700 1.2429827 1.8131118 1.1715159 1.8220669 2.1128755 2.2401987 1.7990292 1.8947461 1.5878006 1.4999709 2.1119418 1.6428104 1.7810403 1.7584716 1.9417779 1.9541657 1.5928473 1.7947325 2.1932444 0.3860834 0.0000000 0.0000010 0.5164256 0.5719754 0.5655213 0.6720435 0.6526139 1.5553188 2.9407748 2.8365325 2.6956979 2.2467552 2.8826552 3.3549557 3.2865087 2.9632140 3.3745649 2.6024260 1.9458034 2.5737738 1.9341007 2.1968146 1.8801561 2.0766322 2.5951302 2.7218849 0.7017059 
Mertsp_Mesp_sb540089                                   1.1465927 1.0195813 1.2696158 1.2453695 1.4456264 1.2404868 1.1672026 1.2118113 1.2087127 1.2267410 1.2727235 1.2046576 1.2306618 1.3467206 1.3068024 1.5958471 1.0595002 1.6648216 1.2024959 1.4408299 1.5176973 1.5442564 1.4458987 2.3244092 1.2948462 1.0811303 1.6777464 1.1325355 1.6967616 1.7556170 1.8615739 1.4955790 1.4715571 1.4579882 1.2610122 1.8603570 1.3948284 1.7810403 1.4778313 1.9417779 1.6472173 1.3595461 1.6041540 1.7590040 0.3114879 0.0000010 0.0000000 0.4112039 0.4849271 0.4655635 0.5308158 0.5179104 1.2430087 2.9570357 2.8369809 2.6782282 2.1180870 2.5338360 3.1314629 3.0621588 2.6998347 2.8149722 2.5335551 1.7146442 2.2641933 1.7134805 1.9512401 1.7982551 1.9394379 2.5302067 2.3482560 0.6091586 
Lampan_Lpan_15489_01                                   1.1416270 1.0766952 1.2146547 1.0291800 1.2272328 1.1807109 1.0138810 1.3341680 1.0433081 1.1253906 1.1267728 1.1229329 1.1336517 1.1910146 1.2805680 1.7254888 1.0492169 1.6572957 1.1219068 1.3242297 1.3229902 1.2452054 1.3516953 1.9657870 1.1629054 1.2169863 1.5839486 1.1310419 1.6886437 1.6307013 1.7010443 1.3936746 1.6303699 1.6062485 1.2044561 1.9138732 1.4126982 1.7663576 1.5119040 1.7526915 1.5105612 1.3168150 1.6028899 1.6241397 0.4269089 0.5164256 0.4112039 0.0000000 0.4631441 0.4612265 0.4727906 0.4608849 1.2499527 2.7112018 2.5454157 2.6462767 2.2997159 2.3977967 2.9875087 3.1102199 2.5930126 2.6776340 2.4690286 1.8586385 2.2818451 1.6628589 1.9008914 2.1607985 2.3617323 2.5240870 2.0362835 0.7145440 
Vmul_sbMO421934                                        1.2585351 1.5030435 1.6105298 1.5334168 1.6688895 1.6303084 1.4780290 1.6670268 1.4377274 1.3021350 1.3677109 1.3855998 1.4072517 1.6135551 1.6725229 1.9320865 1.2900437 1.7473113 1.4674291 1.6506308 1.7718688 1.7143031 1.5371967 2.2672622 1.4810079 1.5598979 1.6087422 1.1258108 1.6482209 1.7660734 1.9467757 1.4426807 1.4832179 1.6621113 1.4147440 1.9502992 1.6203480 1.8513310 1.6847060 1.7972622 1.8893356 1.5470707 1.6921192 1.9599567 0.5797639 0.5719754 0.4849271 0.4631441 0.0000000 0.1802839 0.6050516 0.6037284 1.5675247 2.8689215 3.1244898 2.9596790 2.5112102 2.8223762 2.8866090 2.9558472 3.1443589 3.0431056 2.7326899 2.1628607 2.5854198 2.1525252 2.4251768 2.3734154 2.6081939 2.6092744 2.4760221 1.0167167 
Coemet_Cmet_scaffold22202_01                           1.3333553 1.4464958 1.5886222 1.4859649 1.6882327 1.6208647 1.4931298 1.5629968 1.4466770 1.4863948 1.6027110 1.5189582 1.5820155 1.4835360 1.4939618 2.2010523 1.2652075 1.7010723 1.4815074 1.6044733 1.7438698 1.7372520 1.4707029 2.2649786 1.4898091 1.5298341 1.7277255 1.1344346 1.7758397 1.6316807 1.7249340 1.5630687 1.6255039 1.7011792 1.2731593 2.0200365 1.6465670 1.9102312 1.7207329 1.9513728 1.9012567 1.7857568 1.8875545 1.9787751 0.6169412 0.5655213 0.4655635 0.4612265 0.1802839 0.0000000 0.6299084 0.6321104 1.5885345 2.7064613 2.8694043 2.6868579 2.4175978 2.6416229 2.9068245 2.7468086 2.8711745 2.9030536 3.1442121 2.1868749 2.3899143 2.0926246 2.3215500 2.5172122 2.5754127 2.3575722 2.5461924 0.8936837 
Pbac_sb2650010                                         1.3580989 1.2400884 1.2992037 1.4046846 1.5052806 1.3864928 1.2124596 1.5206217 1.2400756 1.3532050 1.3106694 1.2879077 1.3047487 1.6837681 1.5303671 1.9373131 1.2920710 1.7442044 1.3503372 1.5651196 1.5782244 1.4618748 1.7420435 2.1936001 1.2866793 1.4533724 1.8322832 1.2373800 1.9139581 1.8053885 2.0416277 1.5962469 1.4388454 1.6444499 1.5403120 2.1213870 1.6685462 1.9400742 1.7698297 1.9426409 1.7045284 1.5113040 1.7538589 1.6315749 0.5282269 0.6720435 0.5308158 0.4727906 0.6050516 0.6299084 0.0000000 0.0211289 1.2592323 2.8856687 3.3237011 3.2585187 2.6518750 2.9635396 3.1968757 3.1508278 2.9877923 3.1300682 2.8090933 1.9601450 2.5247572 2.2619408 2.3419994 2.4453443 2.6914104 2.7561360 2.9554270 0.8448894 
