69
Dpul_mRNA22417                                        0.0000000 3.5030426 3.3538949 4.2565639 3.1875132 3.7027466 3.6636517 3.4376018 3.4938787 3.3929700 3.6504403 4.2002217 2.5251014 3.7095489 3.5884498 3.5398305 3.7298377 3.9385020 3.7904270 3.9184682 3.7412039 3.8174256 3.7215942 3.7132368 3.8406520 3.7493138 2.8299940 3.2492752 3.5743703 3.3762084 3.5283897 3.5621682 3.1572487 3.2412219 2.5343142 3.3884592 3.4819162 3.4604591 3.7723659 3.7976991 3.1947607 4.0214659 3.9764312 4.5712504 4.5625807 3.8531630 4.1402702 4.1029343 4.9806953 4.0578603 3.8322773 3.8352989 3.4252028 3.8782063 3.8122392 3.7829596 4.0041402 4.4420449 4.2327722 4.0816889 3.8258920 4.3371809 3.6587765 3.7200784 4.0430095 3.9631107 4.0134800 5.7692647 4.1593822 
Exapal_XM_021036989.1                                 3.5030426 0.0000000 0.4291905 1.0398934 0.8411382 0.6778666 0.7208962 0.6674976 0.6710520 0.6798659 1.1899778 0.7938988 1.2977884 1.5121259 1.4518354 1.4710087 1.5406937 1.8995954 1.4386851 1.5780255 1.5819933 1.5927755 1.5339490 1.5384444 1.6193440 1.5111892 1.7566278 1.6520769 2.1842074 2.1855055 2.4205469 2.2434973 2.1002384 2.2328549 1.8294783 2.3626147 2.0400672 2.0489602 1.9535661 2.0571632 1.7864657 2.2460825 2.3978920 2.6064019 2.9283760 2.7543574 2.6309505 2.7360506 2.4892521 2.5762017 2.2004280 2.1697362 2.2058746 2.4674862 2.5198934 2.5594956 2.1603834 2.4034668 2.4337654 3.0318537 2.7780165 2.6311143 2.5771193 2.7555243 2.4147029 2.5138762 2.4143861 3.2624537 2.5446764 
Nvec_v1g30840                                         3.3538949 0.4291905 0.0000000 0.9766435 0.7574814 0.6535838 0.7035577 0.6207172 0.6407142 0.6464573 1.2088607 0.7870395 1.2209997 1.4000613 1.3821861 1.3416910 1.4961802 1.8083659 1.3699576 1.5185607 1.5168573 1.5519190 1.4944891 1.4997962 1.5619587 1.4063696 1.6840473 1.5231319 2.2924543 2.2185938 2.4705308 2.4029634 2.1870242 2.3405754 1.5169318 2.1948743 2.0189204 2.0024135 1.9192641 1.9872159 1.6190383 2.2928942 2.1833174 2.6912798 2.9330863 2.6262754 2.3929904 2.7074796 2.4011488 2.4679155 2.1093295 2.0558749 2.0881122 2.4245066 2.5106772 2.4321809 2.3018087 2.4117642 2.2584640 2.8000247 2.7293875 2.5394991 2.4281819 2.5038025 2.4457467 2.5181236 2.3639222 3.2197027 2.4675045 
Adig_XM_015892199.1                                   4.2565639 1.0398934 0.9766435 0.0000000 0.2023181 0.4667460 0.4710635 0.5690697 0.5751522 0.5487577 1.4914890 0.9625732 1.6364022 1.7852092 1.6551412 1.7403022 1.8119443 2.5170723 1.6995789 1.9702809 1.9292351 1.9991202 1.8911968 1.9043803 2.0572592 1.8812094 2.2371896 1.9381023 2.7865240 2.7556617 3.0500944 2.9039229 2.6762732 2.8398085 1.3253415 2.6875363 2.8626492 2.7439202 2.6410957 2.6294680 2.0403654 2.8160974 2.2790640 2.8826088 3.0738897 3.2986008 2.9793331 3.3905056 3.0232589 3.0141437 2.5960609 2.3669001 2.5783818 2.9416107 2.8742210 3.0337709 2.7358997 2.8902743 2.8916133 3.2049329 3.3431892 2.9647547 2.8817134 2.9599334 2.7487561 2.9648736 2.6827266 3.9344414 3.2271536 
Amil_Amillepora05322-RA                               3.1875132 0.8411382 0.7574814 0.2023181 0.0000000 0.3021909 0.3305799 0.3710637 0.4619545 0.4429529 1.4415459 1.1921331 1.4229677 1.6292823 1.4643342 1.6640224 1.6111436 2.5907585 1.6276422 1.8066901 1.8657798 1.8763176 1.7527651 1.7608884 1.9651679 1.8637378 1.5444472 1.9891198 2.6229163 2.6829247 2.8921399 2.7099785 2.4216287 2.6903513 1.5314649 2.6523418 2.6075437 2.4411933 2.3577123 2.4227425 2.0569645 3.1393077 2.3307333 3.1951647 3.7203693 3.3500790 3.1248554 3.2787138 3.2004119 3.3515707 3.1945253 3.2130613 3.0918608 3.2925508 3.1015506 3.2091329 3.0416873 3.0961510 3.1257050 3.7079760 3.6152526 3.6698900 3.0344345 3.2373599 2.8426073 3.2527062 2.7705569 3.9946778 2.5587976 
Gfas_gfas1.m1.7284.m1                                 3.7027466 0.6778666 0.6535838 0.4667460 0.3021909 0.0000000 0.2205395 0.2680063 0.3410657 0.3742790 1.2912096 0.7840385 1.4546109 1.5898902 1.4267001 1.4798541 1.5523027 2.0622335 1.4316171 1.5930817 1.6168880 1.6570049 1.5706212 1.5752146 1.7229704 1.6234004 1.8315967 1.5829304 2.2758172 2.3403104 2.5803845 2.4028808 2.1940922 2.4289240 1.6794851 2.3064151 2.2037850 2.1686094 2.0342418 1.9952912 1.6812747 2.4665259 1.9828778 2.6984588 2.9851575 2.7398591 2.5079308 2.8738243 2.6258974 2.6354501 2.2759026 2.0573279 2.2597298 2.5738773 2.5476800 2.6481731 2.5610630 2.5646249 2.4437078 2.9789885 2.9821897 2.7012767 2.4869129 2.5334803 2.3779714 2.4538299 2.3360050 3.3427167 2.7931482 
Fspp_ffun1.m4.31683.m1                                3.6636517 0.7208962 0.7035577 0.4710635 0.3305799 0.2205395 0.0000000 0.1199515 0.2735505 0.2973904 1.2842190 0.1234965 1.5562135 1.5843851 1.5475545 1.4916204 1.6770459 2.4261563 1.5725704 1.8193740 1.7878556 1.9093123 1.7813685 1.7993462 1.9407398 1.6584366 1.7586578 2.2230467 2.9422297 3.0399612 3.0869711 2.6239603 2.6716391 2.9486125 1.5044342 2.7757655 2.8594029 2.8580405 2.3962772 2.5239837 1.9480397 3.2411787 2.0460148 2.8685427 3.5593515 3.2114400 3.1903583 3.6197831 2.8627983 2.8550564 2.4166870 0.2680886 2.2841706 2.6075039 2.6452129 2.7277046 2.6272028 2.9298134 3.0829575 3.1498912 3.1724092 3.3548583 3.2302040 3.2662770 2.6807121 2.9863368 2.6604177 3.7571305 2.7407528 
Gasp_gasp1.m3.17521.m1                                3.4376018 0.6674976 0.6207172 0.5690697 0.3710637 0.2680063 0.1199515 0.0000000 0.2575643 0.2843223 1.2635050 0.8340650 1.4066106 1.5566388 1.4041062 1.5065813 1.5791176 2.1950049 1.4020191 1.5881196 1.6293294 1.7054886 1.5797231 1.5858631 1.6868926 1.5877016 1.7719941 1.7109283 2.3509007 2.4368201 2.6343185 2.4047656 2.1945176 2.5527299 1.5558271 2.3589365 2.2351628 2.1883731 2.0186102 2.1405808 1.6860294 2.5884941 1.8923591 2.6857174 3.1343604 2.8934581 2.5465655 3.0755267 2.6667701 2.8550436 2.4522444 2.0549757 2.3030407 2.5930960 2.7570416 2.7064837 2.5611939 2.7394090 2.6044235 3.0972715 3.0623415 2.8155963 2.6790424 2.8170155 2.5100527 2.6005117 2.4034890 3.2172760 2.5829568 
Spis_XP_022779894_1                                   3.4938787 0.6710520 0.6407142 0.5751522 0.4619545 0.3410657 0.2735505 0.2575643 0.0000000 0.1132299 1.3044010 0.8226127 1.3558547 1.4960662 1.3801736 1.4539684 1.5181084 1.9642748 1.4504756 1.5919784 1.6243185 1.6717677 1.5926710 1.5983410 1.7692387 1.5336321 1.7398571 1.6034203 2.2948255 2.3869758 2.5893584 2.2886355 2.1132797 2.5631319 1.5629750 2.2177581 2.1734784 2.1806342 2.0156860 2.1069103 1.6743410 2.4198099 2.0259415 2.6519304 2.9285221 2.7321634 2.3933900 2.9900800 2.5813411 2.6777052 2.2936726 1.9957715 2.2193658 2.5194770 2.5981099 2.6115816 2.6260332 2.6303319 2.4166397 2.9101834 2.9435793 2.6710324 2.5198805 2.6481421 2.3374946 2.4475611 2.3613108 3.2110597 2.7343220 
Pocdam_XM_027194582.1                                 3.3929700 0.6798659 0.6464573 0.5487577 0.4429529 0.3742790 0.2973904 0.2843223 0.1132299 0.0000000 1.2688395 0.7899185 1.3803755 1.5011884 1.4133364 1.4682170 1.5657670 1.9951131 1.4562352 1.6030274 1.6518972 1.6959113 1.5944893 1.6001374 1.7867729 1.5602713 1.7101955 1.6105912 2.2430046 2.3408145 2.6251628 2.3724338 2.1388866 2.5649559 1.5209228 2.2081438 2.1893090 2.2069158 2.0745223 2.0898743 1.6992574 2.3495039 2.0603141 2.6686904 2.9755880 2.7883604 2.4416960 3.0296241 2.5220857 2.6134222 2.2155780 1.9657113 2.2036119 2.4812004 2.5674774 2.5566606 2.6673571 2.6656844 2.5072683 2.8301350 2.9593662 2.6982823 2.4794999 2.5984873 2.4495676 2.4721476 2.3178772 3.3002436 2.7726939 
Dgig_XM_028553344.1                                   3.6504403 1.1899778 1.2088607 1.4914890 1.4415459 1.2912096 1.2842190 1.2635050 1.3044010 1.2688395 0.0000000 0.2534434 1.4326284 1.4995802 1.5108919 1.5113657 1.5103880 1.9467992 1.2508348 1.4584558 1.4024480 1.4703561 1.4243582 1.4270289 1.4341292 1.5804557 1.8299568 1.6079936 2.3618310 2.2445156 2.5543795 2.3267776 2.1721925 2.4748506 1.3077949 2.3980834 2.0299875 1.9401392 1.9440132 2.0270271 1.5878542 2.2795307 2.0597941 2.7647977 2.8059779 2.8593018 2.6245437 2.7735662 2.5380374 2.6181510 2.3098999 1.8947751 1.9879762 2.4390768 2.4785295 2.6156200 2.6226495 2.4434350 2.5421487 3.1536945 2.8253173 2.8203050 2.6500183 2.8362018 2.6631115 2.6943039 2.4873991 3.3486535 2.4933943 
Xesp_008503-T1                                        4.2002217 0.7938988 0.7870395 0.9625732 1.1921331 0.7840385 0.1234965 0.8340650 0.8226127 0.7899185 0.2534434 0.0000000 0.3410412 0.9467278 0.9200350 0.9664280 0.9225407 0.9273850 0.9261036 0.9348139 0.9224305 0.8915272 0.9081423 0.8965561 0.8790684 1.0837634 1.7524180 1.0919144 1.4867351 1.3207567 1.5165164 1.3085037 1.2901089 1.5480519 0.3040306 1.3864440 1.2890260 1.1685448 1.2120046 1.1555854 1.2118135 1.2029451 2.0897663 1.7268986 1.5298736 1.5881538 1.5168135 1.8661140 1.2500807 1.5937317 1.5381046 1.5294277 1.5690471 1.6263093 1.5670400 1.6484870 0.2506693 1.5284987 1.3957263 1.7855243 1.7503173 1.6468664 1.5043967 1.3937216 1.6956338 1.5733605 1.6877369 2.1660014 3.5240960 
Aaur_scaffold12.g26.t1                                2.5251014 1.2977884 1.2209997 1.6364022 1.4229677 1.4546109 1.5562135 1.4066106 1.3558547 1.3803755 1.4326284 0.3410412 0.0000000 0.3732819 0.3607651 0.4351715 1.0377799 1.5983442 1.4552276 1.7136791 1.5818557 1.6590916 1.6626454 1.6757286 1.7869452 1.0367404 1.1386453 1.4794830 2.7604233 2.6717476 2.8665295 2.4648689 2.6693398 2.5224716 1.5188823 2.5599601 2.4845787 2.3311660 2.2011238 2.4703054 1.5046120 2.8548005 2.1472449 3.4898831 3.7607592 3.2637506 2.8594807 2.9740539 3.2122093 2.6175893 2.0443542 0.8001757 1.9795602 2.4243855 2.6004033 2.5207463 2.3708782 2.6186699 2.8828371 3.5179198 2.7390854 2.9381072 3.1429992 3.1580338 3.1424555 2.9341419 2.6200899 3.3859620 2.2554410 
Nemnom_g7045.t1                                       3.7095489 1.5121259 1.4000613 1.7852092 1.6292823 1.5898902 1.5843851 1.5566388 1.4960662 1.5011884 1.4995802 0.9467278 0.3732819 0.0000000 0.1892099 0.5349455 1.1159872 1.5508403 1.4626089 1.6147128 1.5485257 1.5744360 1.5314194 1.5363602 1.6359042 1.1543312 1.7682783 1.6166559 2.3286520 2.3964477 2.6690449 2.3855267 2.2912844 2.2879316 1.5239898 2.2172670 2.3298723 2.1881676 2.1908354 2.4031150 1.8617479 2.5995720 2.3096603 3.1456488 2.9642733 3.0049727 2.7872194 2.9328201 2.8422901 2.7802772 2.3508410 2.0680778 2.2128903 2.5573253 2.5906464 2.6077200 2.5245471 2.6179375 2.5202788 3.2883803 2.7539301 3.0820547 2.8585433 2.8377223 2.6745893 2.7897019 2.3118525 3.1995285 2.4571851 
Rhoesc_Res_002422-T1                                  3.5884498 1.4518354 1.3821861 1.6551412 1.4643342 1.4267001 1.5475545 1.4041062 1.3801736 1.4133364 1.5108919 0.9200350 0.3607651 0.1892099 0.0000000 0.5031013 1.1081491 1.5180633 1.4722212 1.5890964 1.5357944 1.5368347 1.5174497 1.5223357 1.6437412 1.1268515 1.7550595 1.5858300 2.2950230 2.2849748 2.6768040 2.4057283 2.3262493 2.3847427 1.4845264 2.2321502 2.3772940 2.2524276 2.2051026 2.4241158 1.8783629 2.6827731 2.4008662 3.1328415 3.1162109 3.1025057 2.8578786 3.0123982 2.9896323 2.6687576 2.2685784 2.1409620 2.1522239 2.5766488 2.6902313 2.5788017 2.5184579 2.5898241 2.6636148 3.5196296 3.0389422 3.1198346 2.9384434 2.8808241 2.6591132 2.8219860 2.4744346 3.3300305 2.3954147 
Sanmal_Sma_017617-T1                                  3.5398305 1.4710087 1.3416910 1.7403022 1.6640224 1.4798541 1.4916204 1.5065813 1.4539684 1.4682170 1.5113657 0.9664280 0.4351715 0.5349455 0.5031013 0.0000000 1.0755516 1.4783271 1.5169449 1.6781553 1.5636328 1.6274901 1.6007438 1.6059641 1.7325744 1.1578751 1.7581506 1.6067259 2.3425392 2.3547404 2.7289859 2.5392070 2.5326172 2.2872221 1.5273412 2.2223720 2.3684032 2.3460850 2.2713663 2.4292632 1.8891638 2.6655568 1.9417006 2.7930938 2.9870746 2.9785518 2.7708404 2.8146406 2.8581541 2.5292307 2.1325391 1.9174694 2.1541563 2.2609570 2.5339723 2.5604112 2.3791552 2.5805021 2.7505615 3.4578953 2.8943984 2.9617621 2.9079324 2.8985936 2.7711688 2.8521520 2.3581986 3.1405458 2.6964602 
Morvir_scaffold142.g37.t1                             3.7298377 1.5406937 1.4961802 1.8119443 1.6111436 1.5523027 1.6770459 1.5791176 1.5181084 1.5657670 1.5103880 0.9225407 1.0377799 1.1159872 1.1081491 1.0755516 0.0000000 1.5175705 1.5604874 1.7412968 1.6718204 1.6580181 1.6404603 1.6475267 1.8289205 1.1730596 1.9718233 1.7239604 2.4292228 2.4493992 2.4516350 2.5153174 2.4258369 2.3306262 1.4181618 2.4456542 2.5022212 2.3862880 2.2892340 2.4466149 1.8434742 2.4925343 2.4142871 3.0675049 3.3926044 2.9933976 2.7858305 2.9975972 2.9924111 2.3330788 2.0479056 1.8773857 1.8838211 2.2459220 2.3207960 2.1732552 1.9966490 2.1438227 2.7392360 2.9819335 3.0244731 2.7452122 2.8751950 2.9880794 2.8665766 2.8479959 2.4424437 4.0203957 2.8045305 
Hvul_g29197_1                                         3.9385020 1.8995954 1.8083659 2.5170723 2.5907585 2.0622335 2.4261563 2.1950049 1.9642748 1.9951131 1.9467992 0.9273850 1.5983442 1.5508403 1.5180633 1.4783271 1.5175705 0.0000000 1.8072885 2.0675622 1.9581455 2.1311601 2.0442853 2.0324426 2.1525654 1.2908102 1.8695656 1.6780641 2.4055821 2.3803133 2.7591769 2.7549242 2.6222435 2.8307719 1.5697917 2.6665727 2.5706319 2.4915195 2.4786812 2.4676515 1.7852879 2.9925099 2.6922867 3.1024984 3.4622987 3.0119507 2.8892015 2.8501019 2.9927887 2.7028535 2.1427786 1.9999514 2.0367339 2.3034803 2.5120021 2.5218127 1.7944772 2.3546877 2.7683975 3.2787049 3.3490156 3.1333305 3.0882610 2.9570622 3.0648356 3.2534242 2.6738885 4.2402057 3.3657449 
Tadh_TriadT38489                                      3.7904270 1.4386851 1.3699576 1.6995789 1.6276422 1.4316171 1.5725704 1.4020191 1.4504756 1.4562352 1.2508348 0.9261036 1.4552276 1.4626089 1.4722212 1.5169449 1.5604874 1.8072885 0.0000000 0.0021428 0.2469779 0.2814927 0.2124558 0.2152415 0.2459525 1.5717507 2.1860044 1.4822282 2.0813302 2.1876627 2.1359199 2.0888199 2.0419549 2.1204369 1.5912033 2.1337652 2.0932537 1.9173894 2.0763228 1.9322718 1.6000674 2.1269999 2.0858386 2.4374045 2.4799205 2.4722117 2.2730872 2.7520901 2.4078071 2.2208533 2.1359331 1.7379046 1.9492994 2.2210258 2.2839159 2.2910127 2.7327492 2.3017322 2.0796394 2.6940221 2.5430999 2.6886762 2.7346574 2.6459629 2.4959951 2.5256474 2.1801716 3.0683583 2.7003752 
TrH2_TrispH2_005549-RA                                3.9184682 1.5780255 1.5185607 1.9702809 1.8066901 1.5930817 1.8193740 1.5881196 1.5919784 1.6030274 1.4584558 0.9348139 1.7136791 1.6147128 1.5890964 1.6781553 1.7412968 2.0675622 0.0021428 0.0000000 0.2986716 0.3438669 0.2650544 0.2680039 0.3123092 1.7726339 2.2086683 1.5722839 2.3126506 2.4123121 2.4113889 2.2901834 2.2601823 2.2738704 1.5912033 2.3758808 2.2894199 2.0459230 2.2172489 2.0616607 1.6418277 2.3066027 2.0858386 2.6733822 2.7044751 2.6736680 2.5060035 2.8097196 2.5033007 2.4513050 2.1532646 1.7681951 1.9490542 2.2281927 2.5455216 2.5117878 2.7327492 2.5107844 2.2107091 2.9339550 2.7708703 2.7924338 2.9094638 2.8350468 2.6371922 2.6226842 2.3796829 3.1524608 2.6578919 
HoiH06_mRNA13854                                      3.7412039 1.5819933 1.5168573 1.9292351 1.8657798 1.6168880 1.7878556 1.6293294 1.6243185 1.6518972 1.4024480 0.9224305 1.5818557 1.5485257 1.5357944 1.5636328 1.6718204 1.9581455 0.2469779 0.2986716 0.0000000 0.0830929 0.1390593 0.1392785 0.2069329 1.6801824 2.2044589 1.5895744 2.2560163 2.3743333 2.3970151 2.2684412 2.2250779 2.3035883 1.6093905 2.2781758 2.2946665 2.0226654 2.2019837 2.2244364 1.5619632 2.1408053 2.1387283 2.8030232 2.6148226 2.5436966 2.4708197 2.7051311 2.3950901 2.3934466 2.2125496 1.7809485 2.1553426 2.2645800 2.5372727 2.4334820 2.9298757 2.5399380 2.1549964 2.9021018 2.5247058 2.5201455 2.7107474 2.7499335 2.4070923 2.4568595 2.1442876 3.1272184 2.8169846 
HoiH23_PlH23_007431-RA                                3.8174256 1.5927755 1.5519190 1.9991202 1.8763176 1.6570049 1.9093123 1.7054886 1.6717677 1.6959113 1.4703561 0.8915272 1.6590916 1.5744360 1.5368347 1.6274901 1.6580181 2.1311601 0.2814927 0.3438669 0.0830929 0.0000000 0.1601685 0.1604116 0.2444843 1.7156879 2.1937129 1.6232764 2.3788501 2.3608005 2.4398651 2.2775790 2.3028934 2.3904345 1.6164271 2.3879476 2.4096040 2.0430288 2.2968908 2.2766335 1.6236894 2.2742188 2.1538607 2.8014870 2.7092919 2.6434969 2.5933565 2.8309593 2.4945824 2.4386345 2.1788214 1.6896408 2.0960442 2.2329078 2.5944050 2.4462728 2.9019723 2.5646891 2.3175615 2.9821644 2.5387949 2.6108196 2.6995380 2.7409308 2.5300218 2.5318628 2.3745736 3.2544228 2.6060613 
Hhon_g03396.t1                                        3.7215942 1.5339490 1.4944891 1.8911968 1.7527651 1.5706212 1.7813685 1.5797231 1.5926710 1.5944893 1.4243582 0.9081423 1.6626454 1.5314194 1.5174497 1.6007438 1.6404603 2.0442853 0.2124558 0.2650544 0.1390593 0.1601685 0.0000000 0.0054284 0.1769300 1.7822652 2.1106982 1.5429108 2.3558112 2.4439622 2.5005958 2.2149164 2.1716459 2.3220658 1.6174400 2.4556881 2.2359256 2.0044413 2.2303889 2.1468623 1.5784083 2.2241900 2.1314636 2.8347289 2.6783271 2.6407560 2.4846213 2.7674498 2.4853380 2.4367608 2.1481102 1.7560881 2.0678662 2.2781185 2.5401818 2.5112947 3.0057183 2.6386181 2.2439173 2.9661978 2.5595128 2.6869547 2.7730872 2.7980738 2.5379727 2.5310582 2.1987252 3.2042386 2.5808659 
HoiH04_mRNA10962                                      3.7132368 1.5384444 1.4997962 1.9043803 1.7608884 1.5752146 1.7993462 1.5858631 1.5983410 1.6001374 1.4270289 0.8965561 1.6757286 1.5363602 1.5223357 1.6059641 1.6475267 2.0324426 0.2152415 0.2680039 0.1392785 0.1604116 0.0054284 0.0000000 0.1772271 1.7876164 2.1103896 1.5418733 2.3561468 2.4444486 2.5011664 2.2105561 2.1674047 2.3292048 1.6525355 2.4568801 2.2341195 1.9986189 2.2351669 2.1513792 1.5788272 2.2250228 2.1099925 2.8237538 2.6665122 2.6419008 2.4735707 2.7575782 2.4770989 2.4366973 2.1479420 1.7381371 2.0676139 2.2780148 2.5324848 2.5112226 3.0344599 2.6385116 2.2464812 2.9551142 2.5506952 2.6900191 2.7746753 2.8012937 2.5372025 2.5337579 2.2155912 3.2054588 2.5972543 
HoiH11_mRNA465                                        3.8406520 1.6193440 1.5619587 2.0572592 1.9651679 1.7229704 1.9407398 1.6868926 1.7692387 1.7867729 1.4341292 0.8790684 1.7869452 1.6359042 1.6437412 1.7325744 1.8289205 2.1525654 0.2459525 0.3123092 0.2069329 0.2444843 0.1769300 0.1772271 0.0000000 1.7970208 1.9731716 1.5026429 2.2858436 2.4106939 2.3943625 2.3223950 2.2584968 2.3346626 1.6818980 2.4178023 2.3330725 2.1094120 2.2420593 2.3446079 1.6241874 2.2382367 2.1841796 2.8794750 2.7874663 2.6873903 2.5653267 2.8148734 2.5056755 2.4594573 2.1778054 1.6810994 2.0158614 2.2527424 2.5727316 2.5115596 3.0167582 2.6234055 2.1977691 2.9800405 2.5993920 2.7886931 2.8754790 2.9031875 2.6081620 2.5525686 2.1717873 3.3979079 2.9730398 
Chem_TCONS_00047212                                   3.7493138 1.5111892 1.4063696 1.8812094 1.8637378 1.6234004 1.6584366 1.5877016 1.5336321 1.5602713 1.5804557 1.0837634 1.0367404 1.1543312 1.1268515 1.1578751 1.1730596 1.2908102 1.5717507 1.7726339 1.6801824 1.7156879 1.7822652 1.7876164 1.7970208 0.0000000 1.8784441 1.7366483 2.4161560 2.3863763 2.6712755 2.5943354 2.5987639 2.5677738 1.9490963 2.3873294 2.5549837 2.2799341 2.2379133 2.3757852 1.9611705 2.5210764 2.4527036 2.8639198 2.7493908 2.6920746 2.5393673 2.7230720 2.7288575 2.4444982 2.1947656 1.9308491 2.1012226 2.2612167 2.3364663 2.2915893 2.3101793 2.3378301 2.4754159 2.9669577 2.9095817 2.8476330 2.6967872 2.7675998 2.8989300 2.9719674 2.4362297 3.2725319 2.7877246 
Ocar_g11089                                           2.8299940 1.7566278 1.6840473 2.2371896 1.5444472 1.8315967 1.7586578 1.7719941 1.7398571 1.7101955 1.8299568 1.7524180 1.1386453 1.7682783 1.7550595 1.7581506 1.9718233 1.8695656 2.1860044 2.2086683 2.2044589 2.1937129 2.1106982 2.1103896 1.9731716 1.8784441 0.0000000 0.2009754 2.1108741 2.1904247 2.1855582 2.2426275 2.2477372 2.0076921 1.4033206 1.7970042 2.2422865 2.0637800 2.2045036 1.8376466 1.7878800 2.3147112 2.0446726 2.5314234 2.9288247 2.1455667 2.1045997 2.4020096 2.5092986 2.2021579 2.2209035 2.5620999 2.4198233 2.4149099 2.3226209 2.2695714 2.2166044 2.5007080 2.2264925 2.7768518 2.2008420 2.5999991 2.1938634 2.1858318 2.4013320 2.3627717 2.1519182 3.2151352 1.7557966 
Opea_EP00118_Oscarella_pearsei_P014577                3.2492752 1.6520769 1.5231319 1.9381023 1.9891198 1.5829304 2.2230467 1.7109283 1.6034203 1.6105912 1.6079936 1.0919144 1.4794830 1.6166559 1.5858300 1.6067259 1.7239604 1.6780641 1.4822282 1.5722839 1.5895744 1.6232764 1.5429108 1.5418733 1.5026429 1.7366483 0.2009754 0.0000000 1.9668373 2.0130630 2.0103158 2.0670068 1.9841485 2.0974269 1.4033206 1.8320289 2.0192409 1.9072513 2.0386470 1.5783846 1.4239033 1.9328123 1.7887673 2.2662728 2.2078341 2.0953227 1.9310373 2.1363441 2.3202063 2.1825342 1.9802489 1.8156979 2.0929904 1.9518888 2.1490018 2.2326798 2.5302697 2.2612818 1.8357141 2.4991732 1.9949203 2.0815739 2.0642428 2.0212911 2.2079749 2.0626164 1.8632413 2.8163590 1.9208054 
Aque_Aqu2.1.36591_001                                 3.5743703 2.1842074 2.2924543 2.7865240 2.6229163 2.2758172 2.9422297 2.3509007 2.2948255 2.2430046 2.3618310 1.4867351 2.7604233 2.3286520 2.2950230 2.3425392 2.4292228 2.4055821 2.0813302 2.3126506 2.2560163 2.3788501 2.3558112 2.3561468 2.2858436 2.4161560 2.1108741 1.9668373 0.0000000 0.4994311 0.6772056 1.2966899 1.3125077 1.4642716 0.9336073 1.5667646 2.8627531 2.8654388 2.5652046 2.5885307 1.9580259 2.7001381 2.6550485 3.4888152 3.1346181 2.9838249 2.6732297 3.1762181 3.0083856 3.0597344 2.6450492 1.8032455 2.1855706 2.6938012 2.7119243 2.7329765 3.3661295 3.0742131 2.9389567 3.3182380 3.2601127 3.2273684 3.1509680 3.1341462 3.2605661 3.1456161 3.0743636 3.6261059 3.3580430 
Halamb_c55120_g1_i1m.40050                            3.3762084 2.1855055 2.2185938 2.7556617 2.6829247 2.3403104 3.0399612 2.4368201 2.3869758 2.3408145 2.2445156 1.3207567 2.6717476 2.3964477 2.2849748 2.3547404 2.4493992 2.3803133 2.1876627 2.4123121 2.3743333 2.3608005 2.4439622 2.4444486 2.4106939 2.3863763 2.1904247 2.0130630 0.4994311 0.0000000 0.5634996 1.2113429 1.2491763 1.4631031 1.0301630 1.5540139 2.5047085 2.5421053 2.4455046 2.4198138 1.8457667 2.8039617 2.7446470 3.5212502 3.1545790 3.2314412 2.9941097 3.0160754 2.8819553 2.7872954 2.5126998 1.8900511 2.0539324 2.6427185 2.4769049 2.6708393 3.3017575 2.9802812 2.9614765 3.3060816 3.2698250 3.0409458 3.1380666 3.0449929 3.2486374 3.1180173 3.3530860 3.4263722 3.0838986 
Xestes_maker-XT_scaffold5579-snap-gene-0.23-mRNA-1    3.5283897 2.4205469 2.4705308 3.0500944 2.8921399 2.5803845 3.0869711 2.6343185 2.5893584 2.6251628 2.5543795 1.5165164 2.8665295 2.6690449 2.6768040 2.7289859 2.4516350 2.7591769 2.1359199 2.4113889 2.3970151 2.4398651 2.5005958 2.5011664 2.3943625 2.6712755 2.1855582 2.0103158 0.6772056 0.5634996 0.0000000 1.4086911 1.3246209 1.5774532 0.9597853 1.5342143 2.7662632 2.8499047 2.6762065 2.7385122 1.8714913 2.9537161 2.2734109 3.2653193 3.4120908 3.1104630 3.0505724 3.2130723 3.2179024 2.9771953 2.7891585 2.2137797 2.1752586 2.7623270 2.5637831 2.8323444 2.7630786 2.7375535 3.1867944 3.5304566 3.5219342 3.0211957 3.1572472 3.1577568 3.3936171 3.1644425 3.0716527 3.8499646 3.3200727 
Emue_Em0021g374a.t1                                   3.5621682 2.2434973 2.4029634 2.9039229 2.7099785 2.4028808 2.6239603 2.4047656 2.2886355 2.3724338 2.3267776 1.3085037 2.4648689 2.3855267 2.4057283 2.5392070 2.5153174 2.7549242 2.0888199 2.2901834 2.2684412 2.2775790 2.2149164 2.2105561 2.3223950 2.5943354 2.2426275 2.0670068 1.2966899 1.2113429 1.4086911 0.0000000 0.2372343 1.2005831 0.8500067 1.6617914 2.6921366 2.6940967 2.8825584 2.5212989 1.8773216 3.2388011 2.3105687 3.4381921 3.3897168 3.4432493 3.0848812 3.2792025 3.3670556 3.0989566 2.7842133 2.5338093 2.6518131 3.0034415 3.1334775 3.0473520 3.3207338 3.1371523 3.0606130 3.7401846 3.4388092 3.2852098 3.4363593 3.5255401 3.1493072 3.1312987 3.0528903 3.8563512 3.3671593 
Spolac_c103052_g1_i2_m.32252c103052-g1                3.1572487 2.1002384 2.1870242 2.6762732 2.4216287 2.1940922 2.6716391 2.1945176 2.1132797 2.1388866 2.1721925 1.2901089 2.6693398 2.2912844 2.3262493 2.5326172 2.4258369 2.6222435 2.0419549 2.2601823 2.2250779 2.3028934 2.1716459 2.1674047 2.2584968 2.5987639 2.2477372 1.9841485 1.3125077 1.2491763 1.3246209 0.2372343 0.0000000 1.2198650 0.9123791 1.6115682 2.7253666 2.6805951 2.8403667 2.5543406 1.8278135 2.9821296 2.2788856 3.3267353 3.3941834 3.3138432 3.0141208 3.2047665 3.2775604 2.8574374 2.6200907 1.8523154 2.5586581 2.7421066 2.7885949 2.8273024 3.6002936 3.2035739 3.0512296 3.5283065 3.2043019 3.1571205 3.3767853 3.4220900 3.1418188 2.9772132 3.1153820 3.8051858 3.4945807 
Tetwil_g1760.t1                                       3.2412219 2.2328549 2.3405754 2.8398085 2.6903513 2.4289240 2.9486125 2.5527299 2.5631319 2.5649559 2.4748506 1.5480519 2.5224716 2.2879316 2.3847427 2.2872221 2.3306262 2.8307719 2.1204369 2.2738704 2.3035883 2.3904345 2.3220658 2.3292048 2.3346626 2.5677738 2.0076921 2.0974269 1.4642716 1.4631031 1.5774532 1.2005831 1.2198650 0.0000000 0.6828088 1.6070521 2.6497321 2.6412174 2.5269832 2.6140544 1.9513710 3.1707315 2.3318120 3.5919259 3.4160615 3.1932616 3.0076704 3.5661900 3.2344756 3.0155946 2.4582558 2.3744873 2.2482339 2.7204321 2.9624752 2.8040184 3.0035827 2.9566596 2.9484604 3.5347396 3.4336620 3.3315495 3.1914385 3.4030848 3.0314377 3.3282121 2.9272892 3.7109738 3.4161004 
Stycar_maker-SC_scaffold7197-augustus-gene-0.4-mRNA-1 2.5343142 1.8294783 1.5169318 1.3253415 1.5314649 1.6794851 1.5044342 1.5558271 1.5629750 1.5209228 1.3077949 0.3040306 1.5188823 1.5239898 1.4845264 1.5273412 1.4181618 1.5697917 1.5912033 1.5912033 1.6093905 1.6164271 1.6174400 1.6525355 1.6818980 1.9490963 1.4033206 1.4033206 0.9336073 1.0301630 0.9597853 0.8500067 0.9123791 0.6828088 0.0000000 0.8117413 1.9363993 1.9409385 1.7885542 1.8859061 1.3917114 2.2364619 2.1994825 2.1065148 1.9491852 1.8721437 2.0356524 2.2929632 2.2761124 1.7680106 1.6839090 0.5134435 2.0168295 1.9181200 1.9856749 2.4128183 1.9033680 1.8360714 2.2779197 2.1119205 2.3107637 2.0540075 2.1874120 2.0517233 2.4180180 2.0609364 2.0576259 2.8987519 1.3703607 
Plespi_Pspi_C612248_01                                3.3884592 2.3626147 2.1948743 2.6875363 2.6523418 2.3064151 2.7757655 2.3589365 2.2177581 2.2081438 2.3980834 1.3864440 2.5599601 2.2172670 2.2321502 2.2223720 2.4456542 2.6665727 2.1337652 2.3758808 2.2781758 2.3879476 2.4556881 2.4568801 2.4178023 2.3873294 1.7970042 1.8320289 1.5667646 1.5540139 1.5342143 1.6617914 1.6115682 1.6070521 0.8117413 0.0000000 2.7371886 2.8352637 2.7055872 2.4443836 1.8174225 2.8516403 2.1082013 3.2328736 3.1962518 3.1667374 3.1806900 2.9525521 2.8791130 2.7619024 2.4812410 2.2643277 2.4707567 2.5318928 2.6047282 2.7364455 2.9231399 2.8736436 2.6993898 3.2594269 3.0199474 2.9210697 3.0011000 2.9513894 3.0874844 2.9455834 2.7346723 3.3736028 3.1231084 
Scil_scict026336.1                                    3.4819162 2.0400672 2.0189204 2.8626492 2.6075437 2.2037850 2.8594029 2.2351628 2.1734784 2.1893090 2.0299875 1.2890260 2.4845787 2.3298723 2.3772940 2.3684032 2.5022212 2.5706319 2.0932537 2.2894199 2.2946665 2.4096040 2.2359256 2.2341195 2.3330725 2.5549837 2.2422865 2.0192409 2.8627531 2.5047085 2.7662632 2.6921366 2.7253666 2.6497321 1.9363993 2.7371886 0.0000000 0.5170936 0.5379424 1.7594986 1.3703211 2.8506851 2.0515822 3.0988015 3.2838874 2.7577726 2.8121853 2.9616528 2.7993080 2.7186978 2.3824307 1.9171088 2.2426395 2.4843556 2.7354463 2.6167486 3.5325592 3.0971286 2.7758382 3.2330866 3.1197036 3.1115595 2.8557912 2.7663954 2.7036190 2.9003934 2.7756911 3.1543395 2.9031309 
Gracom_Gcom_scaffold18577_01                          3.4604591 2.0489602 2.0024135 2.7439202 2.4411933 2.1686094 2.8580405 2.1883731 2.1806342 2.2069158 1.9401392 1.1685448 2.3311660 2.1881676 2.2524276 2.3460850 2.3862880 2.4915195 1.9173894 2.0459230 2.0226654 2.0430288 2.0044413 1.9986189 2.1094120 2.2799341 2.0637800 1.9072513 2.8654388 2.5421053 2.8499047 2.6940967 2.6805951 2.6412174 1.9409385 2.8352637 0.5170936 0.0000000 0.5547852 1.6569377 1.3437488 2.6509961 1.8878895 2.7860771 2.8775749 2.4016204 2.5718275 2.7278870 2.5934975 2.7740171 2.3550174 1.9413858 2.3368521 2.4620958 2.7259554 2.4744528 3.2631200 2.9184557 2.6600139 2.9282242 2.9176149 2.7656224 2.9003850 2.7313025 2.8828495 2.8302363 2.7803429 3.0961259 2.6180948 
Leuniv_Lniv_scaffold26133_01                          3.7723659 1.9535661 1.9192641 2.6410957 2.3577123 2.0342418 2.3962772 2.0186102 2.0156860 2.0745223 1.9440132 1.2120046 2.2011238 2.1908354 2.2051026 2.2713663 2.2892340 2.4786812 2.0763228 2.2172489 2.2019837 2.2968908 2.2303889 2.2351669 2.2420593 2.2379133 2.2045036 2.0386470 2.5652046 2.4455046 2.6762065 2.8825584 2.8403667 2.5269832 1.7885542 2.7055872 0.5379424 0.5547852 0.0000000 1.6762920 1.4062318 2.5844291 2.1354882 2.8922997 3.2291179 2.7168741 2.8617479 3.0429238 2.6816102 2.6121487 2.2335833 1.8526733 2.1362974 2.3630983 2.4350071 2.3681014 3.1815582 2.8812870 2.6991195 2.8229093 2.9205830 2.7491446 2.6135789 2.7145504 2.6192031 2.7990090 2.5793182 3.0887715 2.5561689 
Lcom_lcpid49613                                       3.7976991 2.0571632 1.9872159 2.6294680 2.4227425 1.9952912 2.5239837 2.1405808 2.1069103 2.0898743 2.0270271 1.1555854 2.4703054 2.4031150 2.4241158 2.4292632 2.4466149 2.4676515 1.9322718 2.0616607 2.2244364 2.2766335 2.1468623 2.1513792 2.3446079 2.3757852 1.8376466 1.5783846 2.5885307 2.4198138 2.7385122 2.5212989 2.5543406 2.6140544 1.8859061 2.4443836 1.7594986 1.6569377 1.6762920 0.0000000 0.9405925 2.4593798 2.0604867 2.9311473 3.2951763 2.6228586 2.4616042 3.0064324 2.9953078 2.7898795 2.4126346 2.1734942 2.2427520 2.5901370 2.6035903 2.6133238 2.9260568 2.9152568 2.4272055 2.6116483 2.9156739 3.0950789 2.6802704 2.8637075 2.4112917 2.6357762 2.4558316 3.1909946 2.8322967 
Clacor_Ccor_scaffold13427_01                          3.1947607 1.7864657 1.6190383 2.0403654 2.0569645 1.6812747 1.9480397 1.6860294 1.6743410 1.6992574 1.5878542 1.2118135 1.5046120 1.8617479 1.8783629 1.8891638 1.8434742 1.7852879 1.6000674 1.6418277 1.5619632 1.6236894 1.5784083 1.5788272 1.6241874 1.9611705 1.7878800 1.4239033 1.9580259 1.8457667 1.8714913 1.8773216 1.8278135 1.9513710 1.3917114 1.8174225 1.3703211 1.3437488 1.4062318 0.9405925 0.0000000 1.7016611 1.9205050 2.3899013 2.4214568 1.9357019 2.2595000 2.1454957 2.2721999 2.0992655 2.1243718 1.8806123 2.0657485 2.1402397 2.0385891 2.0762074 2.4427211 2.1830085 1.8000124 2.4831285 2.2705641 2.4004385 1.9915184 2.1768063 2.0511910 2.0203260 1.9446098 2.8399375 2.7708256 
Saldol_EP00054_Salpingoeca_dolichothecata_P002902     4.0214659 2.2460825 2.2928942 2.8160974 3.1393077 2.4665259 3.2411787 2.5884941 2.4198099 2.3495039 2.2795307 1.2029451 2.8548005 2.5995720 2.6827731 2.6655568 2.4925343 2.9925099 2.1269999 2.3066027 2.1408053 2.2742188 2.2241900 2.2250228 2.2382367 2.5210764 2.3147112 1.9328123 2.7001381 2.8039617 2.9537161 3.2388011 2.9821296 3.1707315 2.2364619 2.8516403 2.8506851 2.6509961 2.5844291 2.4593798 1.7016611 0.0000000 1.6598063 2.6245878 2.5051343 2.4020966 2.3321972 2.1635717 1.9261772 2.6259109 2.2047192 1.8950117 2.2912005 2.3081962 2.6515548 2.7535751 2.5551627 2.6038478 1.5755496 2.0715780 1.7928886 2.1504397 1.9880027 2.0973764 1.9594180 2.0942664 2.1044935 3.0025903 3.3397438 
Mbre_EDQ91106                                         3.9764312 2.3978920 2.1833174 2.2790640 2.3307333 1.9828778 2.0460148 1.8923591 2.0259415 2.0603141 2.0597941 2.0897663 2.1472449 2.3096603 2.4008662 1.9417006 2.4142871 2.6922867 2.0858386 2.0858386 2.1387283 2.1538607 2.1314636 2.1099925 2.1841796 2.4527036 2.0446726 1.7887673 2.6550485 2.7446470 2.2734109 2.3105687 2.2788856 2.3318120 2.1994825 2.1082013 2.0515822 1.8878895 2.1354882 2.0604867 1.9205050 1.6598063 0.0000000 1.1601479 1.2645199 1.6704279 1.3628079 1.5360209 1.8875077 1.8614988 1.8325913 1.7333478 1.9707938 1.9707259 1.9173611 2.0012362 2.1013446 1.8190603 1.5959523 2.1019909 1.8192318 1.8200368 1.7904006 1.8224106 1.8832429 1.7500501 2.0296708 1.9892262 2.3799915 
Choper_EP00045_Choanoeca_perplexa_P006271             4.5712504 2.6064019 2.6912798 2.8826088 3.1951647 2.6984588 2.8685427 2.6857174 2.6519304 2.6686904 2.7647977 1.7268986 3.4898831 3.1456488 3.1328415 2.7930938 3.0675049 3.1024984 2.4374045 2.6733822 2.8030232 2.8014870 2.8347289 2.8237538 2.8794750 2.8639198 2.5314234 2.2662728 3.4888152 3.5212502 3.2653193 3.4381921 3.3267353 3.5919259 2.1065148 3.2328736 3.0988015 2.7860771 2.8922997 2.9311473 2.3899013 2.6245878 1.1601479 0.0000000 0.9203805 1.9650358 2.1047355 2.7032881 2.7558856 3.1163397 2.6251226 2.2119655 2.5196965 2.6263175 3.0879972 3.2368520 3.1011920 3.1092183 2.6352392 3.0363527 2.9533836 2.7326756 2.8096472 2.5690534 3.0502537 3.0222278 2.4306240 2.8826006 4.7329428 
Chofle_EP00730_Choanoeca_flexa_P004957                4.5625807 2.9283760 2.9330863 3.0738897 3.7203693 2.9851575 3.5593515 3.1343604 2.9285221 2.9755880 2.8059779 1.5298736 3.7607592 2.9642733 3.1162109 2.9870746 3.3926044 3.4622987 2.4799205 2.7044751 2.6148226 2.7092919 2.6783271 2.6665122 2.7874663 2.7493908 2.9288247 2.2078341 3.1346181 3.1545790 3.4120908 3.3897168 3.3941834 3.4160615 1.9491852 3.1962518 3.2838874 2.8775749 3.2291179 3.2951763 2.4214568 2.5051343 1.2645199 0.9203805 0.0000000 2.3468648 2.1600287 2.8462106 2.7526024 3.2530057 2.7457459 2.3014512 2.7159273 2.7442072 3.2262994 3.2765746 3.0633592 3.2024582 2.6593878 3.1188796 2.8242082 2.7995724 2.8364646 2.8055482 2.9340462 2.8525349 2.6931415 2.8971236 5.1590227 
Sros_EGD81837                                         3.8531630 2.7543574 2.6262754 3.2986008 3.3500790 2.7398591 3.2114400 2.8934581 2.7321634 2.7883604 2.8593018 1.5881538 3.2637506 3.0049727 3.1025057 2.9785518 2.9933976 3.0119507 2.4722117 2.6736680 2.5436966 2.6434969 2.6407560 2.6419008 2.6873903 2.6920746 2.1455667 2.0953227 2.9838249 3.2314412 3.1104630 3.4432493 3.3138432 3.1932616 1.8721437 3.1667374 2.7577726 2.4016204 2.7168741 2.6228586 1.9357019 2.4020966 1.6704279 1.9650358 2.3468648 0.0000000 0.9707444 2.6447262 2.6059858 3.4284712 2.8105190 2.1512855 2.6239560 3.0124295 3.2107808 3.0854281 3.6288628 3.1524170 2.6042204 2.8930085 2.5206634 2.7110777 2.7122613 2.5937690 2.7121701 3.0893767 2.5778551 2.9431211 4.5178964 
Microa_EP00043_Microstomoeca_roanoka_P014028          4.1402702 2.6309505 2.3929904 2.9793331 3.1248554 2.5079308 3.1903583 2.5465655 2.3933900 2.4416960 2.6245437 1.5168135 2.8594807 2.7872194 2.8578786 2.7708404 2.7858305 2.8892015 2.2730872 2.5060035 2.4708197 2.5933565 2.4846213 2.4735707 2.5653267 2.5393673 2.1045997 1.9310373 2.6732297 2.9941097 3.0505724 3.0848812 3.0141208 3.0076704 2.0356524 3.1806900 2.8121853 2.5718275 2.8617479 2.4616042 2.2595000 2.3321972 1.3628079 2.1047355 2.1600287 0.9707444 0.0000000 2.5319485 2.5103256 3.0656548 2.4316873 1.8483395 2.1813133 2.4687361 3.0535332 2.8741701 3.3248672 2.9273399 2.4627427 2.6481590 2.6155378 2.7335771 2.7508930 2.6978246 2.7877990 2.5512561 2.4498228 2.7932213 4.3065065 
Codhol_EP00042_Codosiga_hollandica_P038929            4.1029343 2.7360506 2.7074796 3.3905056 3.2787138 2.8738243 3.6197831 3.0755267 2.9900800 3.0296241 2.7735662 1.8661140 2.9740539 2.9328201 3.0123982 2.8146406 2.9975972 2.8501019 2.7520901 2.8097196 2.7051311 2.8309593 2.7674498 2.7575782 2.8148734 2.7230720 2.4020096 2.1363441 3.1762181 3.0160754 3.2130723 3.2792025 3.2047665 3.5661900 2.2929632 2.9525521 2.9616528 2.7278870 3.0429238 3.0064324 2.1454957 2.1635717 1.5360209 2.7032881 2.8462106 2.6447262 2.5319485 0.0000000 2.0171840 3.2034263 2.6557421 2.2000580 2.3978342 2.8783265 3.1464881 3.0537172 2.9898494 3.0490332 2.3803043 2.5068625 2.3431825 2.1527592 2.5345016 2.5026135 2.6166225 2.4221984 2.7273624 2.8710989 4.2233349 
Didcos_EP00039_Didymoeca_costata_P031071              4.9806953 2.4892521 2.4011488 3.0232589 3.2004119 2.6258974 2.8627983 2.6667701 2.5813411 2.5220857 2.5380374 1.2500807 3.2122093 2.8422901 2.9896323 2.8581541 2.9924111 2.9927887 2.4078071 2.5033007 2.3950901 2.4945824 2.4853380 2.4770989 2.5056755 2.7288575 2.5092986 2.3202063 3.0083856 2.8819553 3.2179024 3.3670556 3.2775604 3.2344756 2.2761124 2.8791130 2.7993080 2.5934975 2.6816102 2.9953078 2.2721999 1.9261772 1.8875077 2.7558856 2.7526024 2.6059858 2.5103256 2.0171840 0.0000000 3.0452974 2.4509889 1.7389490 2.1996903 2.7260945 3.0751033 3.1940660 3.1056245 2.7208721 2.0735047 2.4423834 2.2329362 2.3498645 1.9050305 1.9236962 2.0939889 1.8411229 2.2337311 3.4820324 3.7835193 
Mlei_ML0287.g8.i1                                     4.0578603 2.5762017 2.4679155 3.0141437 3.3515707 2.6354501 2.8550564 2.8550436 2.6777052 2.6134222 2.6181510 1.5937317 2.6175893 2.7802772 2.6687576 2.5292307 2.3330788 2.7028535 2.2208533 2.4513050 2.3934466 2.4386345 2.4367608 2.4366973 2.4594573 2.4444982 2.2021579 2.1825342 3.0597344 2.7872954 2.9771953 3.0989566 2.8574374 3.0155946 1.7680106 2.7619024 2.7186978 2.7740171 2.6121487 2.7898795 2.0992655 2.6259109 1.8614988 3.1163397 3.2530057 3.4284712 3.0656548 3.2034263 3.0452974 0.0000000 0.1487714 0.3319518 0.4774049 0.4405496 0.6649121 0.6731917 0.5393165 0.5311734 2.8997832 2.8965118 3.0408760 3.1071632 3.0302879 3.2218089 3.0029040 3.2975591 2.6084775 3.5933472 3.2570793 
Bolinf_Binf_sb1238234                                 3.8322773 2.2004280 2.1093295 2.5960609 3.1945253 2.2759026 2.4166870 2.4522444 2.2936726 2.2155780 2.3098999 1.5381046 2.0443542 2.3508410 2.2685784 2.1325391 2.0479056 2.1427786 2.1359331 2.1532646 2.2125496 2.1788214 2.1481102 2.1479420 2.1778054 2.1947656 2.2209035 1.9802489 2.6450492 2.5126998 2.7891585 2.7842133 2.6200907 2.4582558 1.6839090 2.4812410 2.3824307 2.3550174 2.2335833 2.4126346 2.1243718 2.2047192 1.8325913 2.6251226 2.7457459 2.8105190 2.4316873 2.6557421 2.4509889 0.1487714 0.0000000 0.3061423 0.4731908 0.4442952 0.6283711 0.6763645 0.5602833 0.5252943 2.5403944 2.6036310 2.6897546 2.6156977 2.4619602 2.6392593 2.6441430 2.7186615 2.2073465 3.2013357 3.1604412 
Beraby_Baby_sb337068                                  3.8352989 2.1697362 2.0558749 2.3669001 3.2130613 2.0573279 0.2680886 2.0549757 1.9957715 1.9657113 1.8947751 1.5294277 0.8001757 2.0680778 2.1409620 1.9174694 1.8773857 1.9999514 1.7379046 1.7681951 1.7809485 1.6896408 1.7560881 1.7381371 1.6810994 1.9308491 2.5620999 1.8156979 1.8032455 1.8900511 2.2137797 2.5338093 1.8523154 2.3744873 0.5134435 2.2643277 1.9171088 1.9413858 1.8526733 2.1734942 1.8806123 1.8950117 1.7333478 2.2119655 2.3014512 2.1512855 1.8483395 2.2000580 1.7389490 0.3319518 0.3061423 0.0000000 0.4185115 0.4090879 0.5186763 0.6185144 0.1195506 0.5109127 2.1502305 2.4814129 2.5273092 1.9021396 1.8992607 2.0319904 2.5243240 2.4340614 2.0559414 3.0977872 4.3978376 
Lampan_Lpan_10537_01                                  3.4252028 2.2058746 2.0881122 2.5783818 3.0918608 2.2597298 2.2841706 2.3030407 2.2193658 2.2036119 1.9879762 1.5690471 1.9795602 2.2128903 2.1522239 2.1541563 1.8838211 2.0367339 1.9492994 1.9490542 2.1553426 2.0960442 2.0678662 2.0676139 2.0158614 2.1012226 2.4198233 2.0929904 2.1855706 2.0539324 2.1752586 2.6518131 2.5586581 2.2482339 2.0168295 2.4707567 2.2426395 2.3368521 2.1362974 2.2427520 2.0657485 2.2912005 1.9707938 2.5196965 2.7159273 2.6239560 2.1813133 2.3978342 2.1996903 0.4774049 0.4731908 0.4185115 0.0000000 0.5765394 0.5574271 0.5648173 0.7178600 0.5521316 2.5555432 2.5269204 2.6716206 2.4359441 2.2447874 2.3237648 2.6232613 2.3801938 2.2968946 2.9279679 3.3696040 
