69
Hsap_ENST00000571730                                             0.0000000 1.1046097 1.2548390 1.2089205 1.1708393 1.0568866 1.0606542 1.0306255 1.0349932 1.0425714 1.2387777 1.2630990 1.1386851 1.1619159 1.1447966 1.1045662 1.1066502 1.1311294 1.0917719 1.1763216 1.2070168 1.1657052 1.1657052 1.1560096 1.1762102 1.0483132 1.1444611 1.2415506 1.4752965 1.3374885 1.4894275 1.2848229 1.3194820 1.2693890 1.2987003 1.5817668 1.5783260 1.4415398 1.9722034 1.8455688 1.9090983 1.8854512 1.7492566 1.6486554 1.5678557 1.3812494 1.2027957 1.3801479 1.4737276 1.6648418 1.3548106 1.8668226 2.0219413 2.1201367 1.7015381 1.9265074 1.7897999 1.5311732 2.1041818 2.1434379 2.0840520 2.2750254 2.0661931 1.8147122 2.1035239 1.8400589 1.9888366 2.1348183 1.8726707 
Bralan_BLAG10000625_1                                            1.1046097 0.0000000 1.0850520 0.9950241 1.0294844 0.8575494 1.0543579 0.6673772 0.7708762 0.7640714 1.0871910 1.0204356 0.9376899 0.8790623 0.9857828 1.0554070 1.0646503 1.0123835 0.9722816 0.9856495 1.0379112 0.9230680 0.9230680 0.9260646 0.9285067 0.8712956 0.8901275 1.0236725 1.1850934 1.0318365 1.1020015 1.0027594 1.0027990 0.9639366 0.9994671 1.3210572 1.1937927 1.0114152 1.6096328 1.2120286 1.4524468 1.4743563 1.3733405 1.4857503 1.2536020 1.1485552 1.0043399 1.0082696 1.1921830 1.3955723 1.3184595 1.4371205 1.7044324 1.7730657 1.5345537 1.6321363 1.4860326 1.6011691 1.6353505 1.7902440 1.5677485 1.6662004 1.7718294 1.4543322 1.7340716 1.6773117 1.5357327 1.8336021 1.3249410 
Spur_XM_793429.5                                                 1.2548390 1.0850520 0.0000000 0.8413641 1.0146866 0.7414672 0.8700642 0.9338340 0.8619154 0.8504591 1.0874748 1.1667716 1.0657388 1.0753117 1.0888534 1.0082837 1.0815303 1.0968879 1.0394939 0.9889226 1.0329024 0.9761351 0.9761351 1.0427189 1.0611333 0.9503621 1.0295466 1.2111309 1.3940000 1.2570007 1.3071520 1.0038555 1.0547006 1.1235825 1.1136464 1.2537851 0.9736925 0.9627475 1.7314852 1.3428410 1.1103884 1.6435110 1.5545578 1.6297162 1.3770758 1.1464467 1.2217448 1.2392295 1.2669573 1.6130240 1.4097490 1.7047706 1.7105295 1.8016536 1.4895744 1.5125301 1.5138946 1.5681585 1.4817741 1.9836585 1.8785352 1.8039100 1.9849870 1.7303521 2.0485955 1.7843886 1.7206717 1.9465746 1.4452410 
Skow_XM_002740875.2                                              1.2089205 0.9950241 0.8413641 0.0000000 0.9138010 0.7412456 0.8521677 1.0125988 0.8253780 0.9722781 1.2112450 1.0201944 1.0053716 1.0377612 1.0331039 1.0019664 1.0312851 1.0284909 1.0047661 1.1945912 1.2307775 0.8366679 0.8366679 0.8855266 0.9015774 0.8206662 0.8851814 1.4304200 1.5076820 1.3302066 1.4824606 0.9461969 1.0267937 1.0509003 1.0661612 1.1486827 1.2709160 1.2051352 1.8952998 1.3106947 1.2573902 1.7592622 1.5779267 1.6729368 1.5256871 1.1820747 1.5845988 1.4200141 1.2806064 1.4710465 1.4026261 1.5893423 1.5670577 1.6239504 1.3422502 1.3847580 1.2038558 1.3741299 1.6195473 2.1321716 1.9511681 1.9263343 1.7364370 1.7222772 2.1804554 1.8007722 1.8564118 2.0394668 1.6520799 
Tcas_TC005615_001                                                1.1708393 1.0294844 1.0146866 0.9138010 0.0000000 0.5865488 0.5628133 0.8216803 0.8792340 0.7431623 1.0663633 0.9849462 0.9422413 0.9543068 0.9710106 1.0968667 1.1109938 1.1633407 1.1053981 1.1893841 1.1273248 1.0340360 1.0340360 1.0521464 1.0601311 0.9824796 1.0568862 1.2101493 1.5737634 1.4189105 1.4083478 1.0483132 1.0262308 1.1547847 1.1146660 1.3113929 1.1510926 1.1714762 2.0507209 1.3810832 1.2280004 1.6460095 1.5310131 1.6742357 1.5260976 1.2604295 1.6053085 1.4448991 1.1306249 1.4573091 1.4953511 1.5782149 1.5548956 1.6156904 1.4638175 1.4406635 1.5140612 1.8911914 1.5762046 1.8649121 1.8267708 1.8399568 1.6570825 1.6108475 2.0714967 1.7629812 1.6589171 1.7178237 1.5361313 
Cscu_XM_023369686.1                                              1.0568866 0.8575494 0.7414672 0.7412456 0.5865488 0.0000000 0.5915342 0.8661057 0.8222348 0.6801653 0.9577398 0.9302428 0.8416411 0.8649004 0.9114926 0.9599698 0.9046556 0.9105166 0.9069392 1.0166165 1.0976014 0.8347262 0.8347262 0.8192482 0.8335626 0.7691929 0.8242601 1.0906570 1.3481633 1.1249998 1.1615215 0.9120842 0.9295451 0.9698731 0.9209578 1.1754832 0.8991970 0.9233296 1.5004098 1.0903857 1.2535599 1.5756324 1.3713236 1.3843632 1.3233027 1.1147706 1.2442752 1.2733716 1.1557166 1.4179976 1.3969845 1.5210948 1.6904721 1.7698349 1.3573413 1.4873359 1.4969547 1.5347696 1.2875568 1.7762383 1.6974463 1.8156264 1.7373860 1.6507921 2.0912812 1.7095500 1.5912566 1.8109662 1.4742156 
Dpul_mRNA26339                                                   1.0606542 1.0543579 0.8700642 0.8521677 0.5628133 0.5915342 0.0000000 0.8844573 1.0022568 0.7249817 1.2194446 1.1772770 1.0962613 1.1469251 1.2474382 1.1475524 1.1732738 1.1593609 1.1019608 1.1779398 1.1569600 0.9713459 0.9713459 1.0405827 1.0586744 0.9593819 1.0676196 1.1373318 1.3960034 1.2382374 1.2678974 1.0433498 0.9958216 1.0718674 1.0410844 1.3739887 1.0743993 1.0747099 1.8337082 1.1653856 1.2387458 1.5796305 1.5053461 1.4835562 1.3852405 1.1631743 1.1472952 1.3116782 1.3103352 1.6752776 1.7325204 1.6547043 1.5648173 1.6298817 1.5397297 1.5780579 1.4849095 1.6191729 1.6670043 1.8466723 1.8454076 1.8059810 1.6976710 1.7381608 2.2890380 1.7083194 1.7917582 1.9332636 1.7209282 
Ctel_gnl_WGS_AMQN_CAPTEDRAFT_mRNA124865                          1.0306255 0.6673772 0.9338340 1.0125988 0.8216803 0.8661057 0.8844573 0.0000000 0.6841537 0.6045233 1.1680903 1.0725733 0.9963365 0.9292835 0.9292274 1.0957746 1.0576138 1.0848915 1.0689186 1.1908625 1.1556667 1.1580236 1.1580236 1.0800348 1.0776939 1.0294723 1.1102716 1.3292755 1.3928123 1.1606027 1.2280740 1.1045659 1.2561820 1.0912732 1.1920522 1.3067419 1.2171495 1.1322887 1.6784420 1.0476029 1.3870058 1.4525182 1.6023799 1.6933333 1.5322266 1.2773614 1.5214827 1.4115491 1.3554047 1.6439687 1.5278639 1.5885990 1.7551003 1.8324373 1.6398308 1.7908634 1.7678846 1.9250939 1.3570881 1.7384364 1.6771766 1.7809278 1.7195350 1.6392096 2.1311551 1.5187274 1.4384188 2.0255347 1.3886301 
Cgig_XM_011443385.3                                              1.0349932 0.7708762 0.8619154 0.8253780 0.8792340 0.8222348 1.0022568 0.6841537 0.0000000 0.4728711 1.1583937 1.0261995 0.9993767 0.9508985 0.9251110 1.0880909 1.0704476 1.0712191 1.0298752 1.2332821 1.2735366 1.0978295 1.0978295 1.1194920 1.1388797 1.1028995 1.1069003 1.4067982 1.4365053 1.2421618 1.3706312 1.1022767 1.2077441 1.1457113 1.2332478 1.5127222 1.3989091 1.2246592 1.8383513 1.3625847 1.3216855 1.6397584 1.6486693 1.7363709 1.5597891 1.4947529 1.4521245 1.3956187 1.2851463 1.4703028 1.4360763 1.5030112 1.8911380 1.9637119 1.5880907 1.6460408 1.5159948 1.7143755 1.4348192 1.6817758 1.6312550 1.6303419 1.7714430 1.4829757 1.7996050 1.6076789 1.5556549 1.8502883 1.4818482 
Acagra_model.g4271.t1                                            1.0425714 0.7640714 0.8504591 0.9722781 0.7431623 0.6801653 0.7249817 0.6045233 0.4728711 0.0000000 1.1828593 1.0938797 1.1025064 1.0355037 1.0089102 1.1000463 1.1368846 1.0780671 1.0530760 1.0099750 1.0306532 0.9830772 0.9830772 1.0055151 1.0232873 0.9463095 0.9899116 1.1347453 1.2858404 1.0653575 1.1475444 1.0046554 1.0524518 0.9701520 1.1359671 1.3459205 1.2815681 1.1783568 1.5953777 1.3701931 1.1325556 1.5354491 1.5608674 1.6117815 1.4254535 1.3126361 1.3761000 1.3382238 1.3535591 1.5999959 1.4815554 1.6126648 1.8862756 1.9515404 1.6209520 1.6089681 1.5880787 1.7748084 1.5375192 1.7507430 1.9116022 1.7500960 2.0064623 1.6398085 2.0086049 1.7134353 1.5769303 1.8547391 1.4853860 
Exapal_XM_028663047.1                                            1.2387777 1.0871910 1.0874748 1.2112450 1.0663633 0.9577398 1.2194446 1.1680903 1.1583937 1.1828593 0.0000000 0.3224784 0.4641474 0.4507242 0.5078180 0.3816835 0.4058491 0.3940297 0.3854115 0.5528777 0.6385357 0.8736165 0.8736165 0.8154772 0.8300481 0.7357466 0.8442542 0.6638170 1.0215902 0.8364074 0.7561112 0.9754363 0.9668815 1.0709575 0.9697734 1.2391739 0.9764000 0.9430599 1.0791140 0.8502251 1.3333332 1.4658629 1.3708359 1.2745278 1.1697524 1.0593760 1.0688727 1.1298830 1.0256084 1.2859043 1.2057350 1.4703926 1.4594422 1.5605864 1.3670708 1.5246413 1.3791322 1.5348791 1.4825263 1.8103228 1.8863304 1.8444145 1.9706294 1.6864511 2.1379168 1.6963936 1.6218710 1.8864853 1.3180273 
Nvec_v1g189804                                                   1.2630990 1.0204356 1.1667716 1.0201944 0.9849462 0.9302428 1.1772770 1.0725733 1.0261995 1.0938797 0.3224784 0.0000000 0.3740755 0.3778215 0.4024504 0.2857180 0.3167697 0.3252542 0.3276353 0.5831262 0.6671407 0.7727848 0.7727848 0.7783104 0.7921309 0.7156489 0.8000539 0.7450409 1.0301677 0.8572829 0.8738963 0.8158342 0.8487410 0.9684930 0.9790025 1.1703250 0.9484392 0.9149620 1.2585830 1.0373572 1.1884923 1.5267908 1.3954483 1.3463304 1.1518646 1.0476429 1.2015004 1.1664724 1.0084928 1.1438290 1.0377404 1.3319727 1.4289262 1.5097619 1.2433260 1.3968694 1.3863281 1.5143732 1.5165048 1.5806067 1.7775494 1.7206174 1.8570749 1.5855031 2.1443776 1.6274932 1.6675281 1.9072398 1.3321286 
Adig_XM_015895501.1                                              1.1386851 0.9376899 1.0657388 1.0053716 0.9422413 0.8416411 1.0962613 0.9963365 0.9993767 1.1025064 0.4641474 0.3740755 0.0000000 0.0039331 0.1597376 0.2123813 0.2145495 0.2293093 0.2317936 0.6667196 0.7107992 0.7133329 0.7133329 0.6707174 0.6573009 0.6183021 0.6835026 0.7864506 0.9636139 0.9051164 0.7726333 0.7066178 0.8136678 0.8797679 0.8799834 1.0025085 0.9090054 0.8588203 1.1569461 0.9312353 1.2260518 1.3748539 1.2452828 1.3620095 1.1460775 0.9569721 1.1610484 1.1295846 1.0717829 1.1208649 0.9615612 1.3110530 1.3911537 1.4597608 1.1989877 1.2969741 1.3342961 1.4168568 1.2593659 1.7048476 1.6840171 1.7750042 1.7639764 1.5139737 1.9065978 1.6370792 1.5733988 1.7974548 1.2469966 
Amil_Amillepora14263-RA                                          1.1619159 0.8790623 1.0753117 1.0377612 0.9543068 0.8649004 1.1469251 0.9292835 0.9508985 1.0355037 0.4507242 0.3778215 0.0039331 0.0000000 0.1597376 0.2252852 0.2170242 0.2326135 0.2364535 0.6617021 0.6992794 0.7277615 0.7277615 0.6819855 0.6674830 0.6271505 0.6719840 0.7140619 0.9236846 0.8045684 0.7685340 0.7594600 0.8527536 0.8716224 0.9121086 1.0025085 0.9330065 0.8575097 1.0452853 0.9011584 1.2260518 1.2600760 1.1444819 1.2654367 1.0379528 0.9142244 1.0662989 1.0844443 1.0512293 1.1156283 0.8927955 1.2829111 1.3763737 1.4497270 1.2215921 1.3229442 1.3807390 1.3804883 1.1355461 1.6257802 1.5533033 1.6826219 1.7430489 1.4074075 1.7790691 1.6450868 1.4923370 1.7123045 1.1276315 
Gfas_gfas1.m1.22625.m1                                           1.1447966 0.9857828 1.0888534 1.0331039 0.9710106 0.9114926 1.2474382 0.9292274 0.9251110 1.0089102 0.5078180 0.4024504 0.1597376 0.1597376 0.0000000 0.2121414 0.2254258 0.2057842 0.2173931 0.6318670 0.7283849 0.7365026 0.7365026 0.7513026 0.7710567 0.6942239 0.7673370 0.6070646 1.0058402 0.8420999 0.7813859 0.7280135 0.8389642 0.7528508 0.9378059 0.9408921 0.8818472 0.8411741 0.6790824 0.7817523 1.2744111 1.3779820 1.2971947 1.3645936 1.1017299 1.0659240 0.9946893 1.0386716 1.0213458 1.3042753 1.1202524 1.5149561 1.5291952 1.5875177 1.2977176 1.4765746 1.4748701 1.6422035 1.2805097 1.8118417 1.8988122 1.9421849 1.9713066 1.4340915 1.9304848 1.7823189 1.6821834 1.7656657 1.2938273 
Fspp_ffun1.m4.20710.m1                                           1.1045662 1.0554070 1.0082837 1.0019664 1.0968667 0.9599698 1.1475524 1.0957746 1.0880909 1.1000463 0.3816835 0.2857180 0.2123813 0.2252852 0.2121414 0.0000000 0.1033041 0.1201930 0.1147112 0.5751294 0.6805695 0.7356480 0.7356480 0.7213995 0.7346987 0.6466607 0.7317091 0.8242719 0.9569690 0.8907547 0.8240087 0.6752784 0.7982140 0.8160822 0.8566390 1.0273638 0.9037604 0.8459913 1.0502830 0.9886388 1.1844806 1.4607174 1.3246167 1.3804883 1.1778645 0.9717191 1.1705243 1.1390814 1.0449881 1.1514329 1.0748830 1.4515214 1.4195111 1.4780501 1.2196839 1.3099321 1.3318482 1.4797599 1.3580754 1.8055923 1.8558073 1.9350529 1.9175034 1.6081795 2.0659670 1.6977893 1.7452697 1.8970374 1.3946371 
Gasp_gasp1.m3.8879.m1                                            1.1066502 1.0646503 1.0815303 1.0312851 1.1109938 0.9046556 1.1732738 1.0576138 1.0704476 1.1368846 0.4058491 0.3167697 0.2145495 0.2170242 0.2254258 0.1033041 0.0000000 0.1148461 0.1383536 0.5908301 0.7176022 0.7779777 0.7779777 0.7306627 0.7439919 0.6789759 0.7679940 0.7821067 0.9856335 0.8741687 0.8409735 0.6865536 0.8134445 0.8330752 0.8956273 1.0040744 0.9555670 0.8844153 1.0506822 1.0005041 1.1703147 1.4538337 1.2709273 1.2862635 1.1517853 0.9369624 1.1617614 1.1515698 1.0235532 1.1374106 1.0708677 1.3972974 1.4766909 1.5535482 1.2634337 1.3068376 1.3265370 1.4929673 1.4137456 1.7007252 1.8048772 1.8491484 1.8692704 1.5100887 1.9714775 1.7253388 1.7143224 1.8378474 1.3450645 
Spis_XP_022799160_1                                              1.1311294 1.0123835 1.0968879 1.0284909 1.1633407 0.9105166 1.1593609 1.0848915 1.0712191 1.0780671 0.3940297 0.3252542 0.2293093 0.2326135 0.2057842 0.1201930 0.1148461 0.0000000 0.0501249 0.5798389 0.6993464 0.7340808 0.7340808 0.7242836 0.7374384 0.6424738 0.7251774 0.8046896 0.9718729 0.8773020 0.8096985 0.7077465 0.8260690 0.8551680 0.8823405 1.0410089 1.0261183 0.9067539 1.1066593 1.0002395 0.9885992 1.3534466 1.2800239 1.3100374 1.1615580 0.9628784 1.1036330 1.0720382 1.0967960 1.2053662 1.0920293 1.3773236 1.4452059 1.5217173 1.2437422 1.3080595 1.3358010 1.5124651 1.3501253 1.8018953 1.8500314 1.8867890 1.9750633 1.5838851 2.0398291 1.7078130 1.7109362 1.9048110 1.3045143 
Pocdam_XM_027187747.1                                            1.0917719 0.9722816 1.0394939 1.0047661 1.1053981 0.9069392 1.1019608 1.0689186 1.0298752 1.0530760 0.3854115 0.3276353 0.2317936 0.2364535 0.2173931 0.1147112 0.1383536 0.0501249 0.0000000 0.5544703 0.6689983 0.7551058 0.7551058 0.7488124 0.7624634 0.6457797 0.7147416 0.8048854 0.9099667 0.8472982 0.8140102 0.7100629 0.8069989 0.8126453 0.8550294 0.9592592 0.9150597 0.8462869 1.0924040 0.9541868 1.1228670 1.3212877 1.2697952 1.3036733 1.1675637 0.9250164 1.0741581 1.0508071 1.0294407 1.1215500 1.0565567 1.3818940 1.3725783 1.4466659 1.2203162 1.3167490 1.2636550 1.4478451 1.2849829 1.7462697 1.8128869 1.8461632 1.9547608 1.5880238 2.0745985 1.7008267 1.6238572 1.9197947 1.2787519 
Dgig_XM_028539419.1                                              1.1763216 0.9856495 0.9889226 1.1945912 1.1893841 1.0166165 1.1779398 1.1908625 1.2332821 1.0099750 0.5528777 0.5831262 0.6667196 0.6617021 0.6318670 0.5751294 0.5908301 0.5798389 0.5544703 0.0000000 0.1862292 0.9808583 0.9808583 0.9417029 0.9583680 0.8159333 1.0030523 0.7451936 0.9756914 0.8117328 0.7616323 0.9089264 0.8304238 0.9937257 1.0084999 1.0638809 0.8634371 0.9072492 1.1317771 0.9373832 1.3073797 1.4203090 1.3549746 1.3075190 1.2383584 1.1738364 1.1028921 1.0755023 1.1695682 1.3397863 1.2581217 1.3672700 1.4328455 1.5131722 1.2620309 1.4160029 1.3157917 1.4342173 1.5346888 1.9635548 2.0311267 1.8163255 2.1292919 1.8290899 2.1136897 1.6737316 1.6590110 1.8828780 1.5196075 
Xesp_018788-T1                                                   1.2070168 1.0379112 1.0329024 1.2307775 1.1273248 1.0976014 1.1569600 1.1556667 1.2735366 1.0306532 0.6385357 0.6671407 0.7107992 0.6992794 0.7283849 0.6805695 0.7176022 0.6993464 0.6689983 0.1862292 0.0000000 1.0603089 1.0603089 1.0490590 1.0293429 0.9239242 1.0610581 0.8945287 1.0289667 0.8423412 0.7796224 0.8537155 0.7906255 0.8825840 0.9962791 1.0244881 0.9425695 0.9591390 1.1782249 0.8255328 1.1758915 1.4552364 1.4605190 1.3967742 1.2214141 1.3056416 1.2965033 1.1633060 1.1190869 1.4366715 1.3474414 1.4527086 1.4258654 1.5175903 1.2758462 1.3668277 1.3699375 1.5140668 1.4101949 2.0349225 1.9770423 1.8991435 2.0147545 1.7534597 2.1360429 1.7740439 1.6932846 1.8738907 1.5562379 
Tadh_TriadT21144                                                 1.1657052 0.9230680 0.9761351 0.8366679 1.0340360 0.8347262 0.9713459 1.1580236 1.0978295 0.9830772 0.8736165 0.7727848 0.7133329 0.7277615 0.7365026 0.7356480 0.7779777 0.7340808 0.7551058 0.9808583 1.0603089 0.0000000 0.0000010 0.1553153 0.1607308 0.1531908 0.1452335 1.0652084 1.0941279 0.9400867 1.0028404 1.0361892 1.0514861 1.0942997 1.0760813 1.1499733 1.1191724 1.0896695 1.2840709 1.1227823 0.8486986 1.5528403 1.5101558 1.5020342 1.4393818 1.1667819 1.0920825 1.1217798 1.1365217 1.4538007 1.2888598 1.5430607 1.5448366 1.6377141 1.3928480 1.4524184 1.6005673 1.5159372 1.6692035 1.8042122 1.7860001 1.8347308 1.6177243 1.5633664 1.7929125 1.4865262 1.6314509 1.6896157 1.3931935 
TrH2_TrispH2_004230-RA                                           1.1657052 0.9230680 0.9761351 0.8366679 1.0340360 0.8347262 0.9713459 1.1580236 1.0978295 0.9830772 0.8736165 0.7727848 0.7133329 0.7277615 0.7365026 0.7356480 0.7779777 0.7340808 0.7551058 0.9808583 1.0603089 0.0000010 0.0000000 0.1553153 0.1607308 0.1531908 0.1452335 1.0652084 1.0941279 0.9400867 1.0028404 1.0361892 1.0514861 1.0942997 1.0760813 1.1499733 1.1191724 1.0896695 1.2840709 1.1227823 0.8486986 1.5528403 1.5101558 1.5020342 1.4393818 1.1667819 1.0920825 1.1217798 1.1365217 1.4538007 1.2888598 1.5430607 1.5448366 1.6377141 1.3928480 1.4524184 1.6005673 1.5159372 1.6692035 1.8042122 1.7860001 1.8347308 1.6177243 1.5633664 1.7929125 1.4865262 1.6314509 1.6896157 1.3931935 
Hhon_g03482.t1                                                   1.1560096 0.9260646 1.0427189 0.8855266 1.0521464 0.8192482 1.0405827 1.0800348 1.1194920 1.0055151 0.8154772 0.7783104 0.6707174 0.6819855 0.7513026 0.7213995 0.7306627 0.7242836 0.7488124 0.9417029 1.0490590 0.1553153 0.1553153 0.0000000 0.0038225 0.0854143 0.0643730 0.9454803 1.1193057 0.9368267 1.0258459 1.0372018 1.0821844 1.1549157 1.0954634 1.2711563 0.9393329 0.9814215 1.3461306 1.1703025 0.7068464 1.5814442 1.4334333 1.5094233 1.3881529 1.0690356 1.1472246 1.0851055 1.1704488 1.3319355 1.2115321 1.5753713 1.5459634 1.6276087 1.4042069 1.4548372 1.4560213 1.5425749 1.7961833 1.7175294 1.6975557 1.7155583 1.5239330 1.4806907 1.8161915 1.4700056 1.5047742 1.7366792 1.3073761 
HoiH04_mRNA4434                                                  1.1762102 0.9285067 1.0611333 0.9015774 1.0601311 0.8335626 1.0586744 1.0776939 1.1388797 1.0232873 0.8300481 0.7921309 0.6573009 0.6674830 0.7710567 0.7346987 0.7439919 0.7374384 0.7624634 0.9583680 1.0293429 0.1607308 0.1607308 0.0038225 0.0000000 0.0803060 0.0687792 0.9777785 1.1088325 0.9536443 1.0451677 1.0400489 1.1012404 1.1409255 1.1147409 1.2711563 0.9393329 0.9839976 1.3715335 1.1703025 0.7068464 1.6106163 1.4602404 1.5371152 1.4144241 1.0947386 1.1878244 1.1047652 1.1914171 1.3556888 1.2371066 1.5557999 1.5430657 1.6244401 1.4140945 1.4653833 1.4535333 1.5225175 1.7961833 1.7482067 1.7008220 1.7465437 1.5508598 1.5071996 1.8283576 1.4957284 1.5309516 1.7673461 1.3311574 
HoiH11_mRNA6715                                                  1.0483132 0.8712956 0.9503621 0.8206662 0.9824796 0.7691929 0.9593819 1.0294723 1.1028995 0.9463095 0.7357466 0.7156489 0.6183021 0.6271505 0.6942239 0.6466607 0.6789759 0.6424738 0.6457797 0.8159333 0.9239242 0.1531908 0.1531908 0.0854143 0.0803060 0.0000000 0.0988486 1.0250439 1.0313969 0.8667530 0.9780939 0.9873561 0.9999532 1.0253759 1.0236911 1.1807387 0.8094005 0.8944259 1.2486239 1.0236060 0.8104159 1.4818030 1.3687254 1.4244881 1.3857805 1.0669837 1.0602509 1.0606476 1.1290900 1.4069282 1.3620006 1.4479625 1.5535115 1.5715516 1.3857890 1.4421754 1.4931414 1.4355170 1.5281740 1.6324683 1.5849377 1.6129615 1.3959495 1.4990379 1.7158593 1.4577688 1.4630615 1.6597493 1.2330011 
HoiH23_PlH23_002861-RA                                           1.1444611 0.8901275 1.0295466 0.8851814 1.0568862 0.8242601 1.0676196 1.1102716 1.1069003 0.9899116 0.8442542 0.8000539 0.6835026 0.6719840 0.7673370 0.7317091 0.7679940 0.7251774 0.7147416 1.0030523 1.0610581 0.1452335 0.1452335 0.0643730 0.0687792 0.0988486 0.0000000 0.9591460 1.1128156 0.8760938 1.0245578 1.0683686 1.0951825 1.1172830 1.1044415 1.2447952 0.9980607 1.0232399 1.3301053 1.1029524 0.8149339 1.5579884 1.4753585 1.5386765 1.4166506 1.0851182 1.0365021 1.0873202 1.2060752 1.3605593 1.2124355 1.5860896 1.5125182 1.5926577 1.4071131 1.4655266 1.4747209 1.5685936 1.7074101 1.7240920 1.6845995 1.7089195 1.4931936 1.4821184 1.8343532 1.4981741 1.4737916 1.7254885 1.2682718 
Aaur_scaffold685.g1.t1                                           1.2415506 1.0236725 1.2111309 1.4304200 1.2101493 1.0906570 1.1373318 1.3292755 1.4067982 1.1347453 0.6638170 0.7450409 0.7864506 0.7140619 0.6070646 0.8242719 0.7821067 0.8046896 0.8048854 0.7451936 0.8945287 1.0652084 1.0652084 0.9454803 0.9777785 1.0250439 0.9591460 0.0000000 0.6715350 0.8945637 0.3964212 1.1225605 1.1995453 1.5817654 1.1395007 1.4378028 1.7443934 1.1253099 1.5060400 2.3162492 3.4604753 1.6900783 1.5617020 1.6618530 1.6913027 0.9984417 1.1400021 1.2751232 1.5331646 1.4295950 1.4827383 1.6733088 1.3197804 1.3199135 1.6278049 1.5574557 1.5157191 1.2532177 2.9005696 1.8991574 2.0139905 1.9604523 1.8898549 1.8786374 2.1817152 1.9688712 2.1603375 1.8050389 1.5282079 
Hvul_g28625_1                                                    1.4752965 1.1850934 1.3940000 1.5076820 1.5737634 1.3481633 1.3960034 1.3928123 1.4365053 1.2858404 1.0215902 1.0301677 0.9636139 0.9236846 1.0058402 0.9569690 0.9856335 0.9718729 0.9099667 0.9756914 1.0289667 1.0941279 1.0941279 1.1193057 1.1088325 1.0313969 1.1128156 0.6715350 0.0000000 0.5207331 0.6950659 1.1879127 1.1687244 1.2873654 1.3661399 1.5129848 1.1537499 1.1670559 1.0498026 0.8953533 1.5199137 1.5739169 1.4989234 1.5298894 1.5488646 1.4431808 0.8643308 1.1366089 1.2505649 1.5056620 1.4033789 1.4318847 1.4855910 1.5369407 1.3963820 1.4405921 1.5404954 1.7349600 1.5654611 2.2261668 2.1090986 2.0811378 2.1472073 1.9839528 1.9979519 2.1644885 1.8413681 2.0918126 1.6660802 
Chem_TCONS_00003896                                              1.3374885 1.0318365 1.2570007 1.3302066 1.4189105 1.1249998 1.2382374 1.1606027 1.2421618 1.0653575 0.8364074 0.8572829 0.9051164 0.8045684 0.8420999 0.8907547 0.8741687 0.8773020 0.8472982 0.8117328 0.8423412 0.9400867 0.9400867 0.9368267 0.9536443 0.8667530 0.8760938 0.8945637 0.5207331 0.0000000 0.5220990 1.0995471 1.0405594 1.1112439 1.1335429 1.2471939 1.1853038 1.0610932 0.8914046 0.5595665 1.5426575 1.4125191 1.4547949 1.4186727 1.5224263 1.3236363 1.0452250 1.1288851 1.1985757 1.4379538 1.2789504 1.4491137 1.5476631 1.5735711 1.3983916 1.4181872 1.5265319 1.6410733 1.6269653 1.8634483 1.9358648 1.8920457 1.9945228 1.7627977 2.0860956 1.8556835 1.7076995 1.6879213 1.3506660 
Sanmal_Sma_012607-T1                                             1.4894275 1.1020015 1.3071520 1.4824606 1.4083478 1.1615215 1.2678974 1.2280740 1.3706312 1.1475444 0.7561112 0.8738963 0.7726333 0.7685340 0.7813859 0.8240087 0.8409735 0.8096985 0.8140102 0.7616323 0.7796224 1.0028404 1.0028404 1.0258459 1.0451677 0.9780939 1.0245578 0.3964212 0.6950659 0.5220990 0.0000000 1.0391430 1.0546242 1.1793971 1.2076721 1.2907749 1.1560694 1.0845446 0.4324366 0.6962949 1.7128489 1.3777655 1.3015047 1.3671457 1.2949463 1.0804442 0.7707428 1.0520327 1.1072776 1.4058013 1.2087329 1.6922573 1.5067239 1.5961169 1.2931101 1.3590073 1.4341331 1.5548160 1.4837146 1.8059473 1.6700156 1.6028399 1.9226976 1.6038555 1.8307484 1.7889066 1.7616585 1.7190901 1.3158633 
Aque_Aqu2.1.43387_001                                            1.2848229 1.0027594 1.0038555 0.9461969 1.0483132 0.9120842 1.0433498 1.1045659 1.1022767 1.0046554 0.9754363 0.8158342 0.7066178 0.7594600 0.7280135 0.6752784 0.6865536 0.7077465 0.7100629 0.9089264 0.8537155 1.0361892 1.0361892 1.0372018 1.0400489 0.9873561 1.0683686 1.1225605 1.1879127 1.0995471 1.0391430 0.0000000 0.3634432 0.2738047 0.6698213 0.7153896 0.8712711 0.7639849 1.6021904 1.0040160 1.0314432 1.4998229 1.3719430 1.5364771 1.3989551 1.1888978 1.1704275 1.1539725 0.9474555 1.4247513 1.3889109 1.5597326 1.5145320 1.5761254 1.2141021 1.1769580 1.3054233 1.4367561 1.2601378 1.8567955 1.7046551 1.6648982 1.4508102 1.4842398 1.8183238 1.7172146 1.5825357 1.7629388 1.3369794 
Xestes_augustus_masked-XT_scaffold6064-processed-gene-0.5-mRNA-1 1.3194820 1.0027990 1.0547006 1.0267937 1.0262308 0.9295451 0.9958216 1.2561820 1.2077441 1.0524518 0.9668815 0.8487410 0.8136678 0.8527536 0.8389642 0.7982140 0.8134445 0.8260690 0.8069989 0.8304238 0.7906255 1.0514861 1.0514861 1.0821844 1.1012404 0.9999532 1.0951825 1.1995453 1.1687244 1.0405594 1.0546242 0.3634432 0.0000000 0.2891778 0.6139072 0.7592341 0.9317575 0.8164941 1.6855627 1.1240621 1.1854185 1.4116692 1.3014906 1.4266463 1.2343904 1.1244311 1.1123768 1.1844656 0.9975058 1.3377868 1.2750643 1.4261869 1.4763352 1.5290217 1.2344439 1.1100355 1.3384469 1.5003411 1.2834903 1.7467096 1.7690578 1.6767360 1.6295920 1.5193044 1.9016283 1.7083225 1.6358268 1.7790789 1.4019667 
Halamb_c40754_g1_i2mm.851                                        1.2693890 0.9639366 1.1235825 1.0509003 1.1547847 0.9698731 1.0718674 1.0912732 1.1457113 0.9701520 1.0709575 0.9684930 0.8797679 0.8716224 0.7528508 0.8160822 0.8330752 0.8551680 0.8126453 0.9937257 0.8825840 1.0942997 1.0942997 1.1549157 1.1409255 1.0253759 1.1172830 1.5817654 1.2873654 1.1112439 1.1793971 0.2738047 0.2891778 0.0000000 0.6903889 0.6439375 0.9663566 0.8827473 1.0630938 0.9945766 1.1172364 1.5100491 1.4669291 1.4894110 1.3254551 1.4960947 1.2218431 1.2106727 0.9804061 1.5803786 1.4496978 1.6541922 1.5194218 1.6071095 1.3233489 1.2669595 1.3072043 1.7569515 1.1389998 1.9797453 1.7301153 1.8051970 1.7478100 1.6970674 1.9635899 1.9219489 1.7957798 1.9935570 1.5721247 
Tetwil_g22878.t2                                                 1.2987003 0.9994671 1.1136464 1.0661612 1.1146660 0.9209578 1.0410844 1.1920522 1.2332478 1.1359671 0.9697734 0.9790025 0.8799834 0.9121086 0.9378059 0.8566390 0.8956273 0.8823405 0.8550294 1.0084999 0.9962791 1.0760813 1.0760813 1.0954634 1.1147409 1.0236911 1.1044415 1.1395007 1.3661399 1.1335429 1.2076721 0.6698213 0.6139072 0.6903889 0.0000000 0.3571662 0.7491855 0.6498253 1.8002504 1.3857871 1.5743515 1.5369127 1.4515796 1.5156028 1.4816683 0.9484215 1.0452825 1.1161460 1.0214400 1.3913333 1.3136385 1.4447442 1.5608915 1.6503612 1.3579492 1.4450882 1.4766014 1.6329255 1.3107866 1.9274708 2.0828890 1.7907112 1.7538319 1.5006426 1.9623697 1.7819372 1.7828759 1.8504362 1.4929562 
Stycar_maker-SC_scaffold7471-augustus-gene-0.3-mRNA-1            1.5817668 1.3210572 1.2537851 1.1486827 1.3113929 1.1754832 1.3739887 1.3067419 1.5127222 1.3459205 1.2391739 1.1703250 1.0025085 1.0025085 0.9408921 1.0273638 1.0040744 1.0410089 0.9592592 1.0638809 1.0244881 1.1499733 1.1499733 1.2711563 1.2711563 1.1807387 1.2447952 1.4378028 1.5129848 1.2471939 1.2907749 0.7153896 0.7592341 0.6439375 0.3571662 0.0000000 1.0453010 0.7993530 1.4678280 1.2116589 1.4506338 1.6941887 1.6293265 1.6019838 1.4824578 1.0919060 1.1900124 1.1327912 1.1672479 1.4937959 1.4168966 1.6250121 1.5299694 1.6462961 1.4307397 1.5366691 1.4356396 1.5951556 1.2638404 2.4308400 2.2519608 2.1769257 2.1730701 1.6768302 1.9079111 2.1191092 2.1471988 2.0948970 1.5284955 
Emue_Em0020g955a.t1                                              1.5783260 1.1937927 0.9736925 1.2709160 1.1510926 0.8991970 1.0743993 1.2171495 1.3989091 1.2815681 0.9764000 0.9484392 0.9090054 0.9330065 0.8818472 0.9037604 0.9555670 1.0261183 0.9150597 0.8634371 0.9425695 1.1191724 1.1191724 0.9393329 0.9393329 0.8094005 0.9980607 1.7443934 1.1537499 1.1853038 1.1560694 0.8712711 0.9317575 0.9663566 0.7491855 1.0453010 0.0000000 0.1436170 1.8043350 1.2395891 1.4346255 1.6474367 1.4317473 1.5000696 1.2888371 1.0561084 1.7054811 1.2552765 1.0786544 1.4754332 1.3040964 1.4733510 1.7979389 1.8892108 1.3557324 1.4977566 1.4175157 1.6719219 1.0935396 1.9741512 1.8789499 1.7425505 1.6528878 1.6436132 2.2012709 1.5040724 1.5911214 2.2311157 1.8104093 
Spolac_c104152_g1_i1_m.38485c104152-g1                           1.4415398 1.0114152 0.9627475 1.2051352 1.1714762 0.9233296 1.0747099 1.1322887 1.2246592 1.1783568 0.9430599 0.9149620 0.8588203 0.8575097 0.8411741 0.8459913 0.8844153 0.9067539 0.8462869 0.9072492 0.9591390 1.0896695 1.0896695 0.9814215 0.9839976 0.8944259 1.0232399 1.1253099 1.1670559 1.0610932 1.0845446 0.7639849 0.8164941 0.8827473 0.6498253 0.7993530 0.1436170 0.0000000 1.6152851 1.2430968 1.3734644 1.6112307 1.3697598 1.5744450 1.4084216 0.9636692 0.9935546 1.0775694 0.9482380 1.3564367 1.2282246 1.3656672 1.5531768 1.6172481 1.2975680 1.4931740 1.3861846 1.4756008 1.3843131 1.8393065 1.8954549 1.7345644 1.6082607 1.4862689 1.8506059 1.5508746 1.5392443 1.8751840 1.4602034 
Rhoesc_Res_013935-T2                                             1.9722034 1.6096328 1.7314852 1.8952998 2.0507209 1.5004098 1.8337082 1.6784420 1.8383513 1.5953777 1.0791140 1.2585830 1.1569461 1.0452853 0.6790824 1.0502830 1.0506822 1.1066593 1.0924040 1.1317771 1.1782249 1.2840709 1.2840709 1.3461306 1.3715335 1.2486239 1.3301053 1.5060400 1.0498026 0.8914046 0.4324366 1.6021904 1.6855627 1.0630938 1.8002504 1.4678280 1.8043350 1.6152851 0.0000000 0.6746604 1.5618479 2.0281003 1.9348087 2.0107124 1.8832863 1.7456632 2.0430490 1.5077139 1.4645149 2.1266223 2.1036591 2.4422225 2.5015619 2.6232975 1.9857121 2.2441230 2.3867220 2.7835568 1.6318822 3.0294216 2.6942587 2.6560866 2.9069065 2.6115036 2.9737666 2.6498363 2.5945076 2.7297576 2.1236657 
Morvir_scaffold541.g1.t1                                         1.8455688 1.2120286 1.3428410 1.3106947 1.3810832 1.0903857 1.1653856 1.0476029 1.3625847 1.3701931 0.8502251 1.0373572 0.9312353 0.9011584 0.7817523 0.9886388 1.0005041 1.0002395 0.9541868 0.9373832 0.8255328 1.1227823 1.1227823 1.1703025 1.1703025 1.0236060 1.1029524 2.3162492 0.8953533 0.5595665 0.6962949 1.0040160 1.1240621 0.9945766 1.3857871 1.2116589 1.2395891 1.2430968 0.6746604 0.0000000 1.5927364 1.8025540 1.6542227 1.6912022 1.4481680 1.4684119 3.8450088 1.4354299 1.4906424 1.5622632 1.5437526 1.8038752 1.4843650 1.5472477 1.5436453 1.6672140 1.7187932 2.5895100 1.1566039 2.7821198 1.9994413 2.0596617 2.5104424 2.3433966 2.5745264 2.2105839 1.9975525 2.5341097 1.6600944 
HoiH06_mRNA1713                                                  1.9090983 1.4524468 1.1103884 1.2573902 1.2280004 1.2535599 1.2387458 1.3870058 1.3216855 1.1325556 1.3333332 1.1884923 1.2260518 1.2260518 1.2744111 1.1844806 1.1703147 0.9885992 1.1228670 1.3073797 1.1758915 0.8486986 0.8486986 0.7068464 0.7068464 0.8104159 0.8149339 3.4604753 1.5199137 1.5426575 1.7128489 1.0314432 1.1854185 1.1172364 1.5743515 1.4506338 1.4346255 1.3734644 1.5618479 1.5927364 0.0000000 2.1027923 1.7577254 1.8028369 1.2839021 2.1727156 0.0000010 1.3231426 1.4462463 1.6120724 1.6222773 1.9447770 2.1209146 2.2491487 1.7687006 1.7484561 1.5124854 3.6897390 1.7105849 2.9661053 3.1401499 3.2821438 3.0555598 2.5563675 2.9115435 2.1637302 2.6144473 3.1556301 1.9674637 
Scil_scict023222.1                                               1.8854512 1.4743563 1.6435110 1.7592622 1.6460095 1.5756324 1.5796305 1.4525182 1.6397584 1.5354491 1.4658629 1.5267908 1.3748539 1.2600760 1.3779820 1.4607174 1.4538337 1.3534466 1.3212877 1.4203090 1.4552364 1.5528403 1.5528403 1.5814442 1.6106163 1.4818030 1.5579884 1.6900783 1.5739169 1.4125191 1.3777655 1.4998229 1.4116692 1.5100491 1.5369127 1.6941887 1.6474367 1.6112307 2.0281003 1.8025540 2.1027923 0.0000000 0.3803822 0.3956106 0.3643622 1.0813742 1.1787734 1.3914018 1.4159877 1.6320716 1.4612010 1.5539076 1.8000895 1.8772926 1.6485158 1.5566706 1.8895700 1.9299375 1.6805724 1.9639114 1.9015125 1.7290369 2.1864343 1.8168094 2.0461354 1.8474131 1.8573657 1.7851647 1.6325218 
Lcom_lcpid66122                                                  1.7492566 1.3733405 1.5545578 1.5779267 1.5310131 1.3713236 1.5053461 1.6023799 1.6486693 1.5608674 1.3708359 1.3954483 1.2452828 1.1444819 1.2971947 1.3246167 1.2709273 1.2800239 1.2697952 1.3549746 1.4605190 1.5101558 1.5101558 1.4334333 1.4602404 1.3687254 1.4753585 1.5617020 1.4989234 1.4547949 1.3015047 1.3719430 1.3014906 1.4669291 1.4515796 1.6293265 1.4317473 1.3697598 1.9348087 1.6542227 1.7577254 0.3803822 0.0000000 0.3194588 0.3326830 0.9969891 1.0054370 1.1724515 1.4227039 1.3688010 1.2749293 1.4388894 1.8072258 1.9051953 1.5156308 1.5609931 1.7227668 1.8155431 1.5724705 2.0290640 1.9746306 1.8333731 2.0459054 1.7227054 1.9534558 1.9440218 1.8993973 2.1354416 1.5377080 
Gracom_Gcom_C551332_01                                           1.6486554 1.4857503 1.6297162 1.6729368 1.6742357 1.3843632 1.4835562 1.6933333 1.7363709 1.6117815 1.2745278 1.3463304 1.3620095 1.2654367 1.3645936 1.3804883 1.2862635 1.3100374 1.3036733 1.3075190 1.3967742 1.5020342 1.5020342 1.5094233 1.5371152 1.4244881 1.5386765 1.6618530 1.5298894 1.4186727 1.3671457 1.5364771 1.4266463 1.4894110 1.5156028 1.6019838 1.5000696 1.5744450 2.0107124 1.6912022 1.8028369 0.3956106 0.3194588 0.0000000 0.3179758 1.1063896 1.0811902 1.2281678 1.5042374 1.4176209 1.4320036 1.4685007 1.9616476 2.0337026 1.5744189 1.5864177 1.6560393 1.7003155 1.5365855 2.1362774 2.0572784 1.9198816 2.1777679 1.8805773 2.2401020 1.8411700 1.9914884 2.1259259 1.6664216 
Leuniv_Lniv_scaffold6488_01                                      1.5678557 1.2536020 1.3770758 1.5256871 1.5260976 1.3233027 1.3852405 1.5322266 1.5597891 1.4254535 1.1697524 1.1518646 1.1460775 1.0379528 1.1017299 1.1778645 1.1517853 1.1615580 1.1675637 1.2383584 1.2214141 1.4393818 1.4393818 1.3881529 1.4144241 1.3857805 1.4166506 1.6913027 1.5488646 1.5224263 1.2949463 1.3989551 1.2343904 1.3254551 1.4816683 1.4824578 1.2888371 1.4084216 1.8832863 1.4481680 1.2839021 0.3643622 0.3326830 0.3179758 0.0000000 0.9607871 1.3060162 1.2599440 1.3447679 1.4459953 1.3570130 1.4392036 1.7892976 1.8157493 1.5556635 1.5787047 1.7796699 1.8006328 1.5214430 1.7423757 1.5078769 1.6533950 1.8280987 1.6635181 1.9643535 1.7121399 1.6496280 1.7977793 1.5145076 
Clacor_Ccor_scaffold13849_01                                     1.3812494 1.1485552 1.1464467 1.1820747 1.2604295 1.1147706 1.1631743 1.2773614 1.4947529 1.3126361 1.0593760 1.0476429 0.9569721 0.9142244 1.0659240 0.9717191 0.9369624 0.9628784 0.9250164 1.1738364 1.3056416 1.1667819 1.1667819 1.0690356 1.0947386 1.0669837 1.0851182 0.9984417 1.4431808 1.3236363 1.0804442 1.1888978 1.1244311 1.4960947 0.9484215 1.0919060 1.0561084 0.9636692 1.7456632 1.4684119 2.1727156 1.0813742 0.9969891 1.1063896 0.9607871 0.0000000 1.0130900 1.0729213 0.9349634 1.1382013 1.1689418 1.3194216 1.8697773 1.9009741 1.6709872 1.8589414 1.6551298 1.6862274 1.7183960 1.6959069 1.5193490 1.6545272 1.4603327 1.5954799 1.9468198 1.6552117 1.6805555 1.7551482 1.3269299 
Ocar_g9175                                                       1.2027957 1.0043399 1.2217448 1.5845988 1.6053085 1.2442752 1.1472952 1.5214827 1.4521245 1.3761000 1.0688727 1.2015004 1.1610484 1.0662989 0.9946893 1.1705243 1.1617614 1.1036330 1.0741581 1.1028921 1.2965033 1.0920825 1.0920825 1.1472246 1.1878244 1.0602509 1.0365021 1.1400021 0.8643308 1.0452250 0.7707428 1.1704275 1.1123768 1.2218431 1.0452825 1.1900124 1.7054811 0.9935546 2.0430490 3.8450088 0.0000010 1.1787734 1.0054370 1.0811902 1.3060162 1.0130900 0.0000000 0.0000010 0.7849079 1.3998597 1.4210182 1.3815347 1.6598420 1.7084581 1.6349554 1.7615221 1.5094693 1.5267220 2.8780255 1.6152313 1.5547816 1.5307912 1.5665117 1.5730655 1.7269949 1.5455972 1.5319729 1.5241081 1.0642415 
Opea_EP00118_Oscarella_pearsei_P006052                           1.3801479 1.0082696 1.2392295 1.4200141 1.4448991 1.2733716 1.3116782 1.4115491 1.3956187 1.3382238 1.1298830 1.1664724 1.1295846 1.0844443 1.0386716 1.1390814 1.1515698 1.0720382 1.0508071 1.0755023 1.1633060 1.1217798 1.1217798 1.0851055 1.1047652 1.0606476 1.0873202 1.2751232 1.1366089 1.1288851 1.0520327 1.1539725 1.1844656 1.2106727 1.1161460 1.1327912 1.2552765 1.0775694 1.5077139 1.4354299 1.3231426 1.3914018 1.1724515 1.2281678 1.2599440 1.0729213 0.0000010 0.0000000 0.8513094 1.2631874 1.3862551 1.4928310 1.6317820 1.6764675 1.4542675 1.6637556 1.4848421 1.4419573 1.8409394 1.9917647 1.7830594 1.8286798 1.8940381 1.7348144 2.0289040 1.7923192 1.6685080 1.8195060 1.3274511 
Plajan_Pjan_C555745_01                                           1.4737276 1.1921830 1.2669573 1.2806064 1.1306249 1.1557166 1.3103352 1.3554047 1.2851463 1.3535591 1.0256084 1.0084928 1.0717829 1.0512293 1.0213458 1.0449881 1.0235532 1.0967960 1.0294407 1.1695682 1.1190869 1.1365217 1.1365217 1.1704488 1.1914171 1.1290900 1.2060752 1.5331646 1.2505649 1.1985757 1.1072776 0.9474555 0.9975058 0.9804061 1.0214400 1.1672479 1.0786544 0.9482380 1.4645149 1.4906424 1.4462463 1.4159877 1.4227039 1.5042374 1.3447679 0.9349634 0.7849079 0.8513094 0.0000000 1.3392668 1.2501794 1.4105825 1.6803685 1.7806868 1.3228427 1.4804604 1.4821307 1.5485250 1.5543490 1.9460180 2.0959517 2.0724748 1.9597672 1.5973532 2.1458258 1.9389735 1.8765216 1.9719314 1.7541876 
Mlei_ML3983.g39.i1                                               1.6648418 1.3955723 1.6130240 1.4710465 1.4573091 1.4179976 1.6752776 1.6439687 1.4703028 1.5999959 1.2859043 1.1438290 1.1208649 1.1156283 1.3042753 1.1514329 1.1374106 1.2053662 1.1215500 1.3397863 1.4366715 1.4538007 1.4538007 1.3319355 1.3556888 1.4069282 1.3605593 1.4295950 1.5056620 1.4379538 1.4058013 1.4247513 1.3377868 1.5803786 1.3913333 1.4937959 1.4754332 1.3564367 2.1266223 1.5622632 1.6120724 1.6320716 1.3688010 1.4176209 1.4459953 1.1382013 1.3998597 1.2631874 1.3392668 0.0000000 0.3210677 0.6202648 1.3497812 1.3743475 1.0262465 1.1108426 1.0755100 1.2040940 1.7905945 1.9000065 1.8911852 1.8159189 2.0519107 1.9335163 2.3144769 1.6129014 1.5833039 1.8673124 1.4778460 
Drygla_Dgla_sb300123                                             1.3548106 1.3184595 1.4097490 1.4026261 1.4953511 1.3969845 1.7325204 1.5278639 1.4360763 1.4815554 1.2057350 1.0377404 0.9615612 0.8927955 1.1202524 1.0748830 1.0708677 1.0920293 1.0565567 1.2581217 1.3474414 1.2888598 1.2888598 1.2115321 1.2371066 1.3620006 1.2124355 1.4827383 1.4033789 1.2789504 1.2087329 1.3889109 1.2750643 1.4496978 1.3136385 1.4168966 1.3040964 1.2282246 2.1036591 1.5437526 1.6222773 1.4612010 1.2749293 1.4320036 1.3570130 1.1689418 1.4210182 1.3862551 1.2501794 0.3210677 0.0000000 0.6134723 1.2672077 1.2951253 1.0576873 1.1011341 1.1936256 1.2882438 1.8992359 1.6667779 1.7035630 1.7225058 1.7302053 1.7321790 2.1321420 1.5264038 1.6015985 1.7049271 1.4646089 
Coeast_Cast_sb789147                                             1.8668226 1.4371205 1.7047706 1.5893423 1.5782149 1.5210948 1.6547043 1.5885990 1.5030112 1.6126648 1.4703926 1.3319727 1.3110530 1.2829111 1.5149561 1.4515214 1.3972974 1.3773236 1.3818940 1.3672700 1.4527086 1.5430607 1.5430607 1.5753713 1.5557999 1.4479625 1.5860896 1.6733088 1.4318847 1.4491137 1.6922573 1.5597326 1.4261869 1.6541922 1.4447442 1.6250121 1.4733510 1.3656672 2.4422225 1.8038752 1.9447770 1.5539076 1.4388894 1.4685007 1.4392036 1.3194216 1.3815347 1.4928310 1.4105825 0.6202648 0.6134723 0.0000000 1.5285885 1.5707341 1.2104088 1.2578909 1.4258601 1.3651427 1.8626391 2.0043165 1.9738462 1.8846015 2.2832988 2.0584775 2.2476945 1.8074440 1.5264758 1.7104318 1.6572150 
