73
Hsap_ENST00000397333                               0.0000000 1.5815435 1.9156075 1.9910316 1.9910316 1.7202196 2.1047765 1.8804913 2.5800579 2.1328374 2.5081779 2.1085238 2.1124737 2.0954310 2.3162155 1.9856513 2.1863928 2.0842561 1.8807835 2.7657150 2.9355197 2.0060372 2.3959305 2.6271745 2.1599504 2.0916037 2.0866333 2.3431760 2.3856742 2.3536918 2.8510006 3.0483686 2.7693183 1.8687518 2.3879805 2.5626752 2.7266964 2.3289378 2.4142082 2.6335942 2.6139274 2.7611352 2.6373162 2.5021259 2.8923961 2.7004259 2.3992018 2.1735350 2.9128624 2.2076809 2.8054703 3.3234476 3.3259578 2.5857276 2.5371379 2.8932551 4.3334562 3.2089806 2.9422563 2.9698490 2.9884481 2.9464170 2.5931680 2.7572019 2.4409041 2.7754124 2.4624593 2.9618499 1.8225889 2.6954261 2.0565855 2.9098691 3.0230038 
Bralan_BLAG01001910_1                              1.5815435 0.0000000 1.6095682 1.8249536 1.8249536 1.3800826 1.9868514 1.7892099 2.4419635 1.9105341 2.3972042 1.7684761 1.8575354 1.8343099 1.9144269 1.6834995 1.7957293 1.7871293 1.7762289 2.6163667 2.7017253 1.4765752 2.3077387 2.6138591 1.9731160 1.9347202 1.7881444 1.6792498 1.7943635 2.4766261 2.8574371 3.1007331 2.6309679 1.9465381 2.1635011 2.3354192 2.6062049 2.5687477 2.6396820 2.6759679 2.5240609 2.6008786 2.3692650 2.2815475 2.6778308 2.4295146 2.3614581 1.6753484 2.4398396 2.5432288 2.4621811 2.6595444 2.6525469 2.4681031 2.3919262 2.4645350 3.2604372 2.8404822 2.6511014 2.8043364 2.8416819 2.8285229 2.3493386 2.1850502 2.1525061 2.4218269 2.4506938 2.7853691 2.1066564 2.6684965 2.4036154 3.1772574 2.9821049 
Spur_XM_030993557.1                                1.9156075 1.6095682 0.0000000 1.6330656 1.6330656 1.2268361 2.1118299 1.4982271 2.3603384 1.8724430 2.3194231 2.2372900 2.2086649 2.1540394 2.3025125 2.1177996 2.1528308 2.1695261 1.5324831 2.6770131 2.8497321 1.6009065 2.4289818 2.5801007 2.0352134 1.8459928 1.7339548 1.7593654 1.6224829 2.5309659 3.4442692 3.0879625 2.7256060 1.9676742 2.4097663 2.6252665 2.3635066 2.7908896 2.5778105 2.7612378 2.6500968 2.6067042 2.3016921 2.2714698 2.8178823 2.3689881 2.4894396 1.6686709 2.8204227 2.2259096 2.8013250 3.0821796 3.1146786 2.7264100 2.6792082 2.8201091 3.9425587 2.9458309 2.7246444 2.7732804 2.7758854 2.7310551 2.4631428 2.2763521 2.3013703 2.7335517 2.3526509 2.9168509 2.2616032 2.7350312 2.0943967 3.6373849 3.1486196 
Ocar_g5568                                         1.9910316 1.8249536 1.6330656 0.0000000 0.0000010 1.0004357 1.5355402 1.3742609 1.8856525 1.7243261 1.8117222 1.8034734 1.7748658 1.6490969 1.7082944 1.4807614 1.5468995 1.5100365 1.8450730 2.0750647 2.0059381 1.7721071 2.1171625 2.0592587 1.9179580 1.8539567 1.8628555 1.7183429 2.0762162 2.0984805 2.4689263 2.5348244 2.0647823 1.7769861 1.8070259 1.8607458 2.2881478 1.7572861 2.0583372 2.1446316 1.9908602 2.7184430 2.4990823 2.5124922 2.6193105 2.3259833 2.5770673 1.8118176 2.1773628 2.1843085 2.2554529 2.6134467 2.4768490 2.0172740 2.0253979 2.5133267 3.0133036 2.3431439 2.2014820 2.1514168 2.1620426 2.1167964 2.4276536 2.6440563 2.3775305 2.3522722 2.2312160 2.8773524 2.2135211 2.4899596 2.0418297 2.3209046 2.5368727 
Opea_EP00118_Oscarella_pearsei_P005793             1.9910316 1.8249536 1.6330656 0.0000010 0.0000000 1.0004357 1.5355402 1.3742609 1.8856525 1.7243261 1.8117222 1.8034734 1.7748658 1.6490969 1.7082944 1.4807614 1.5468995 1.5100365 1.8450730 2.0750647 2.0059381 1.7721071 2.1171625 2.0592587 1.9179580 1.8539567 1.8628555 1.7183429 2.0762162 2.0984805 2.4689263 2.5348244 2.0647823 1.7769861 1.8070259 1.8607458 2.2881478 1.7572861 2.0583372 2.1446316 1.9908602 2.7184430 2.4990823 2.5124922 2.6193105 2.3259833 2.5770673 1.8118176 2.1773628 2.1843085 2.2554529 2.6134467 2.4768490 2.0172740 2.0253979 2.5133267 3.0133036 2.3431439 2.2014820 2.1514168 2.1620426 2.1167964 2.4276536 2.6440563 2.3775305 2.3522722 2.2312160 2.8773524 2.2135211 2.4899596 2.0418297 2.3209046 2.5368727 
Plajan_Pjan_C535701_01                             1.7202196 1.3800826 1.2268361 1.0004357 1.0004357 0.0000000 1.1155070 1.2470124 1.5555259 1.4589144 1.3802114 1.5134851 1.4092381 1.2906490 1.6573592 1.2180518 1.2235395 1.2576284 1.3218053 1.5997261 1.5351516 1.3459657 1.5283642 1.5049281 1.2867910 1.2919407 1.6001198 1.9515510 1.7298311 1.9533387 1.9496074 1.9954777 1.9268005 1.5448836 1.6205327 1.2150240 1.2777132 1.5686535 1.3013312 1.6449218 1.5941315 2.2204522 2.2268237 2.2326010 2.1375693 1.8343210 2.2900211 1.4448542 1.3248394 2.0277336 1.3032898 1.2446749 4.4360302 1.3178070 1.3041597 1.4625346 1.7340811 1.6361853 1.5538753 1.5292458 1.5292458 1.6065595 1.8263122 2.0079463 1.8703042 1.6091671 1.7355662 1.7877308 1.7412558 1.7891929 1.7189002 2.1091516 1.9531005 
Exapal_XM_021049292.2                              2.1047765 1.9868514 2.1118299 1.5355402 1.5355402 1.1155070 0.0000000 1.0502080 1.9185475 1.5600937 1.7484078 1.1854626 1.1670594 1.1545156 1.2501347 1.0506024 1.1186760 1.0932515 1.8981706 1.9675695 2.0279066 1.8278199 1.7517059 1.6411311 1.9707606 1.9891406 1.9902964 1.8862849 2.1954823 2.3586333 2.9979851 2.7761203 2.6168915 1.9437348 2.2082485 2.1918237 2.6685134 1.3352027 2.6397851 2.5549848 2.3093749 2.7599747 2.6056821 2.5203250 2.5843903 2.2322546 2.3843069 2.0289517 2.2594658 1.9126920 2.3770648 2.4660888 2.7894321 2.2696329 2.2568355 2.1305904 3.2007142 2.4351312 2.2695141 2.2996145 2.3145052 2.1619849 2.4462370 2.6578009 2.6804446 2.2331514 2.1302720 2.8335230 2.1302511 2.7004848 1.9516607 2.2334436 2.8871903 
Aaur_scaffold421.g11.t1                            1.8804913 1.7892099 1.4982271 1.3742609 1.3742609 1.2470124 1.0502080 0.0000000 0.5790934 0.5983888 0.5674553 1.2488108 1.2308045 1.1784338 1.4941373 1.0857556 1.0605885 1.0580851 1.2344878 1.0420274 1.1980975 1.3511129 1.2756743 1.2592454 1.7267649 1.7073411 1.6463750 2.1070062 2.0072959 1.9818597 2.0164743 1.8331928 1.9052795 2.0119788 1.7686743 1.5052065 1.8135121 0.7928883 1.1144419 1.9792881 1.4138711 3.0385672 2.7620928 2.4393242 2.3099617 2.2526713 2.4545628 2.2669501 1.8865154 8.9999987 1.9616146 1.6538503 3.6470094 1.7921564 1.6873235 1.9653543 0.0000010 2.1238835 1.8509148 1.9665209 1.9665209 1.9336116 2.3149447 2.1382152 1.9137470 2.3147680 2.3634018 1.8686519 2.1296455 2.1886157 1.8635475 1.2205501 2.5813374 
Nemnom_g17936.t1                                   2.5800579 2.4419635 2.3603384 1.8856525 1.8856525 1.5555259 1.9185475 0.5790934 0.0000000 0.2189290 1.1949980 1.8562401 1.7725131 1.8651083 1.9457629 1.7315758 1.7719502 1.7196348 2.1387272 1.9254702 1.9189839 2.2643501 2.2285921 2.1392655 2.4313701 2.2918464 2.1781323 2.5086560 2.3528040 2.1616155 2.8345398 2.8362173 2.7795063 1.9329326 2.1157189 2.4838717 2.8043218 2.3098245 2.8054887 2.6217766 2.7476880 3.3680563 2.8414744 2.6079943 3.4660608 3.0066702 2.6603937 2.7056563 2.7367944 2.5346227 2.7817339 2.8566998 2.8853301 2.5501073 2.5216470 2.9947148 3.2736334 2.7155297 2.5578509 2.4458915 2.4448889 2.4102473 2.5777005 2.6283021 2.9579303 2.8060307 2.6761826 2.9495719 2.2912919 2.7803918 2.0362172 2.1436395 3.3757994 
Rhoesc_Res_007963-T1                               2.1328374 1.9105341 1.8724430 1.7243261 1.7243261 1.4589144 1.5600937 0.5983888 0.2189290 0.0000000 0.8892123 1.3105722 1.3663038 1.2756717 1.3547640 1.2205547 1.2820794 1.3085727 1.6160645 1.4046286 1.5914551 1.7619971 1.7242187 1.6639279 1.9780722 2.0919028 2.0650903 2.3965947 2.2186853 2.3150861 2.4336175 2.3214132 2.2177893 2.0363833 1.9901515 1.9184596 2.2757926 1.5200164 2.0553415 1.9275375 2.0959612 2.9166052 2.4272723 2.3149223 2.7242698 2.5320171 2.5579532 2.0018737 2.0283482 2.4077773 2.0019162 2.1023663 1.9292647 1.9446307 1.9907324 2.4191740 2.9871702 2.1707897 2.0436009 2.0170612 2.0170612 2.0177274 2.2538712 1.9568570 2.1712294 2.3847855 2.4419708 2.2772961 2.2738539 2.4071695 2.0478052 1.4568082 2.5777845 
Sanmal_Sma_015503-T1                               2.5081779 2.3972042 2.3194231 1.8117222 1.8117222 1.3802114 1.7484078 0.5674553 1.1949980 0.8892123 0.0000000 1.9463883 1.8434551 1.8874668 1.8578729 1.5944029 1.6489623 1.5949072 2.2454690 1.7634303 2.0902476 2.3842653 2.1205023 2.1801081 2.1913976 2.1193623 2.0993102 2.4495456 2.4514578 2.0923612 2.6317902 2.8260395 2.7712476 1.8528403 2.0218083 2.2665884 2.6082193 2.0495380 2.6068509 2.6315644 2.4281016 3.3705890 2.6907323 2.6143913 3.1349937 2.6009449 2.4457044 2.4645181 2.6358016 2.4640659 2.7327537 2.7154689 2.9988026 2.6313819 2.6453647 2.6598821 3.4290623 2.7341298 2.5690841 2.5625628 2.5688069 2.5467180 2.2376286 2.4916482 2.8771022 2.8676415 2.6932033 3.2300164 2.2536537 2.7705247 2.1342856 2.1139530 3.1210653 
Adig_XM_015907472.1                                2.1085238 1.7684761 2.2372900 1.8034734 1.8034734 1.5134851 1.1854626 1.2488108 1.8562401 1.3105722 1.9463883 0.0000000 0.0292139 0.6453061 0.8920171 0.7529079 0.8945765 0.8394809 2.0335349 2.0112615 2.2032308 2.0443155 2.0143034 2.0436382 2.0732659 2.0543192 2.0213240 1.8263860 1.6955997 2.2664869 2.9746598 3.1193012 2.4995558 1.7941271 2.2099794 2.2315375 2.6516549 1.8279062 2.9514578 2.6474233 2.3950196 3.0435944 2.4607870 2.6466826 2.8910275 2.4639427 2.5820238 2.1017995 2.4658922 2.4646807 2.4943657 2.5096105 2.6648775 2.7248050 2.6086061 2.7427436 3.1488805 2.6190044 2.4364127 2.5407503 2.5428456 2.4945709 2.3468896 2.4395586 2.2644745 2.4626382 2.1883288 3.0692569 2.1397495 2.8983049 2.3421310 2.4610014 2.9860012 
Amil_Amillepora25721-RA                            2.1124737 1.8575354 2.2086649 1.7748658 1.7748658 1.4092381 1.1670594 1.2308045 1.7725131 1.3663038 1.8434551 0.0292139 0.0000000 0.6125711 0.7878772 0.7154569 0.8135512 0.7792333 1.9792601 1.8986249 2.1633330 2.0074266 1.9070191 1.9295397 2.1141387 2.0670254 1.9474818 1.8810321 1.7943237 2.1843771 2.7874420 2.8902868 2.4698998 1.9998684 2.3044299 2.2981856 2.4444404 1.6341667 2.4810219 2.5160143 2.2220690 3.0273922 2.3910626 2.4335449 2.7421750 2.3815883 2.4510200 1.9368710 2.2375336 1.9627532 2.3609029 2.2857207 2.4399554 2.6101036 2.4778403 2.5203561 3.0917642 2.3176946 2.2039267 2.3543995 2.3561187 2.3298892 2.3208924 2.4097151 2.3369718 2.6348153 2.1893237 2.9399204 2.1170053 2.6807796 2.2771643 2.2858444 2.7990196 
Gfas_gfas1.m1.16293.m1                             2.0954310 1.8343099 2.1540394 1.6490969 1.6490969 1.2906490 1.1545156 1.1784338 1.8651083 1.2756717 1.8874668 0.6453061 0.6125711 0.0000000 0.5901956 0.5050155 0.6539466 0.6025967 1.9665214 1.9170246 2.2016286 1.9363279 1.9471772 1.8801195 2.0502784 2.0279912 1.7139704 1.7583233 2.0179902 2.3164820 2.7599725 2.7956700 2.4211827 2.0060776 2.0909473 2.2394796 2.3628878 1.4869528 2.4060651 2.3336360 2.1367665 3.0106428 2.4282945 2.4544502 2.8129014 2.3253504 2.4132278 2.2386781 2.2120195 1.8719366 2.3363186 2.3623252 2.3813183 2.4404958 2.3442780 2.5365208 2.7966108 2.5624058 2.3649736 2.3233183 2.3441803 2.2397354 2.3662964 2.6186370 2.3206036 2.6283352 2.3271456 3.0305819 2.0665332 2.8105613 2.0602155 2.4313195 3.0106116 
Fspp_ffun1.m4.301.m1                               2.3162155 1.9144269 2.3025125 1.7082944 1.7082944 1.6573592 1.2501347 1.4941373 1.9457629 1.3547640 1.8578729 0.8920171 0.7878772 0.5901956 0.0000000 0.3821692 0.5051811 0.4609311 2.0673443 2.1957787 2.1841546 2.2316883 1.9021555 2.0218773 2.3480169 2.1634391 1.8036013 2.2054374 2.0623016 2.3092401 2.7888936 2.9191195 2.7372327 2.1631487 2.1692632 2.2756468 2.4071593 1.3909805 2.2077263 2.3969016 2.2452975 3.3325876 2.7640244 2.7876818 2.8947664 2.5703174 2.4557657 2.2719025 2.4409145 2.0894093 2.7014773 2.4502587 2.5184257 2.6805859 2.5075727 2.7947691 2.7448344 2.3927564 2.4099743 2.4422492 2.4611722 2.4060336 2.5231767 2.8510494 2.8329400 2.7482097 2.6425479 3.1768996 2.0391834 2.8179437 2.4317080 2.3945544 2.8487704 
Gasp_gasp1.m3.10479.m1                             1.9856513 1.6834995 2.1177996 1.4807614 1.4807614 1.2180518 1.0506024 1.0857556 1.7315758 1.2205547 1.5944029 0.7529079 0.7154569 0.5050155 0.3821692 0.0000000 0.4592729 0.4240073 1.8275512 1.9274881 2.2202945 2.0423547 1.7890489 1.7602395 1.9649986 1.8199391 1.7434596 1.6515911 1.8138153 2.1548012 2.6847361 2.5354705 2.3531047 1.8534335 1.9007799 2.1250993 2.2649486 1.2754309 2.1513401 2.0840830 1.9829082 2.9257790 2.3805015 2.3816247 2.7084073 2.2483956 2.2803704 2.0245745 2.2746104 2.2261218 2.4302291 2.6621702 2.6508082 2.3509264 2.2751954 2.5606698 3.2006137 2.3015304 2.1392599 2.1790471 2.1811893 2.1148308 2.3196604 2.4804093 2.3908180 2.5705024 2.2932236 2.8956771 2.0504120 2.5932609 2.1265401 2.3581270 2.7481499 
Spis_XP_022793212_1                                2.1863928 1.7957293 2.1528308 1.5468995 1.5468995 1.2235395 1.1186760 1.0605885 1.7719502 1.2820794 1.6489623 0.8945765 0.8135512 0.6539466 0.5051811 0.4592729 0.0000000 0.1763668 1.9034599 2.0774846 2.1318426 2.0408678 1.8902788 1.9541725 1.9982757 1.8708303 1.7895229 1.7494199 1.9660458 2.1130011 2.7773307 2.6781015 2.5442871 1.9546953 2.0966073 2.0806873 2.4055651 1.5317139 2.4091050 2.0898081 2.0710447 2.9063337 2.5092942 2.3270550 2.9227652 2.3672991 2.2468077 2.0448348 2.3023926 2.1173695 2.4483990 2.4220851 2.5180461 2.3380124 2.2577795 2.4504661 2.6408970 2.4699063 2.2775945 2.3082090 2.3161996 2.3112622 2.2766569 2.5451283 2.6209027 2.5610411 2.4016188 2.9758877 2.1539195 2.6241529 2.1017164 2.3659653 2.9080079 
Pocdam_XM_027191924.1                              2.0842561 1.7871293 2.1695261 1.5100365 1.5100365 1.2576284 1.0932515 1.0580851 1.7196348 1.3085727 1.5949072 0.8394809 0.7792333 0.6025967 0.4609311 0.4240073 0.1763668 0.0000000 1.9834154 2.0939459 2.1545124 2.0154557 1.9030537 1.8992604 1.9205321 1.8302320 1.7792844 1.7535809 1.9642638 2.0927180 2.6496624 2.7754983 2.5215178 1.8827741 2.0285116 2.0538110 2.2645528 1.5108905 2.1824696 2.2001583 1.9577155 2.8282866 2.4481237 2.3669757 2.8131562 2.3900462 2.3832191 2.0035026 2.2241192 2.1273300 2.4455908 2.5616698 2.5076517 2.3979738 2.3162498 2.4530649 2.6706824 2.4254164 2.2382436 2.2399855 2.2537954 2.2325878 2.3385327 2.5826172 2.5448520 2.6038024 2.4413698 2.9072467 2.0859537 2.6282406 2.0907121 2.2745328 2.9537588 
Acagra_model.g578.t1                               1.8807835 1.7762289 1.5324831 1.8450730 1.8450730 1.3218053 1.8981706 1.2344878 2.1387272 1.6160645 2.2454690 2.0335349 1.9792601 1.9665214 2.0673443 1.8275512 1.9034599 1.9834154 0.0000000 2.4213081 2.8501490 1.3331793 2.1667236 2.4144267 2.0637224 1.8190653 1.7530699 2.0098638 1.6333650 2.5960692 3.3200447 3.0307510 2.9194730 1.8933246 2.3117998 2.4724526 2.7778367 2.2496687 2.9349817 2.8062513 2.6688816 3.0866890 2.5916737 2.5797861 3.0172209 2.5860260 2.3578021 1.7499904 2.7920373 2.6288518 2.7681911 3.2251150 3.8036668 2.8175146 2.7392401 2.9236294 5.0129336 2.8271836 2.5963316 2.7635288 2.7826115 2.6753912 2.3350892 2.1612882 2.1835970 3.0704053 2.4577598 3.1706390 2.2307370 2.9074025 2.1160277 3.4382352 3.4863574 
Hvul_g19344_1                                      2.7657150 2.6163667 2.6770131 2.0750647 2.0750647 1.5997261 1.9675695 1.0420274 1.9254702 1.4046286 1.7634303 2.0112615 1.8986249 1.9170246 2.1957787 1.9274881 2.0774846 2.0939459 2.4213081 0.0000000 1.7025764 2.3228863 2.3578333 2.3396210 2.4629979 2.1897122 2.3001732 2.2923426 2.5997226 2.4918585 3.0516783 3.0187824 2.7799743 2.1123149 2.4031493 2.4931656 2.5822223 2.4238363 3.2191302 2.8568833 2.7967271 3.4576722 2.6756542 2.6294563 3.3053473 3.1023801 2.7367019 2.5596416 2.7637179 2.1347705 2.9991148 2.8167101 3.3342061 3.0583523 2.8972766 2.9285339 4.2487860 2.8210851 2.6627329 2.8919601 2.8901061 2.8566177 2.4339019 2.7393608 2.6171930 2.8292119 2.4648129 3.1971289 2.1590967 2.7587752 1.9779974 2.1950315 2.7490094 
Chem_TCONS_00065301                                2.9355197 2.7017253 2.8497321 2.0059381 2.0059381 1.5351516 2.0279066 1.1980975 1.9189839 1.5914551 2.0902476 2.2032308 2.1633330 2.2016286 2.1841546 2.2202945 2.1318426 2.1545124 2.8501490 1.7025764 0.0000000 2.7565511 2.5248795 2.4325335 2.2730818 2.2205705 2.2718391 2.5718235 2.5718584 2.5864486 3.4041240 3.4270049 2.9334877 1.9812512 2.2887563 2.7424461 2.8257777 2.5581824 3.2615140 2.8892405 2.9315010 3.8184586 2.9748401 2.7582767 3.1388323 2.6330739 2.6179349 2.8906197 2.9154625 2.6126649 3.0268073 3.1217464 3.0286624 2.7532469 2.6796694 2.9081680 3.4366867 2.8315491 2.6966609 2.6445678 2.6526711 2.5788072 2.5978661 2.9659682 2.8831147 2.9190094 2.5869647 3.2266581 2.5537782 2.9611705 2.3455926 2.6910615 3.1509268 
Cgig_XM_011421597.3                                2.0060372 1.4765752 1.6009065 1.7721071 1.7721071 1.3459657 1.8278199 1.3511129 2.2643501 1.7619971 2.3842653 2.0443155 2.0074266 1.9363279 2.2316883 2.0423547 2.0408678 2.0154557 1.3331793 2.3228863 2.7565511 0.0000000 2.2624844 2.4101760 1.9326523 1.9234385 1.9957566 1.9503401 1.6652233 2.5281684 3.1867101 2.7900201 2.7737063 1.9099182 2.1335012 2.3427205 3.0492311 2.5323304 2.8242796 2.4694779 2.7502186 3.0553115 2.6622938 2.6761838 2.8151162 2.5934039 2.6520446 1.5909275 2.8420807 2.2724992 2.8262296 2.9900486 2.9942798 2.7587320 2.6020472 2.7608222 3.8022103 2.7727394 2.5711095 2.7389932 2.7846449 2.7821699 2.0897077 1.9447475 1.9097755 2.3904418 2.2053979 3.1426134 2.0509453 2.6929919 1.9776136 3.3416242 3.1366614 
Dgig_XM_028551436.1                                2.3959305 2.3077387 2.4289818 2.1171625 2.1171625 1.5283642 1.7517059 1.2756743 2.2285921 1.7242187 2.1205023 2.0143034 1.9070191 1.9471772 1.9021555 1.7890489 1.8902788 1.9030537 2.1667236 2.3578333 2.5248795 2.2624844 0.0000000 0.8972634 2.1778541 2.1461910 2.1725620 2.5398224 2.2865980 2.2237605 2.9540540 2.9569879 2.6437028 2.0375688 2.2078363 2.2975314 3.0143233 2.2002654 2.4709817 2.6001403 2.7095853 3.3005103 2.8231768 2.5527576 2.8703142 2.4004857 2.6423018 2.6002218 3.0388640 2.6447224 3.0347167 3.3244357 3.3786661 2.9587879 2.8835420 3.0133636 3.9402345 3.2042844 2.9560335 2.9147820 2.9328885 2.8251006 2.3747284 2.8022792 2.6823706 3.1271032 2.6943082 2.6625192 1.9698177 2.8797570 2.1690555 2.8584961 2.8255309 
Xesp_014754-T1                                     2.6271745 2.6138591 2.5801007 2.0592587 2.0592587 1.5049281 1.6411311 1.2592454 2.1392655 1.6639279 2.1801081 2.0436382 1.9295397 1.8801195 2.0218773 1.7602395 1.9541725 1.8992604 2.4144267 2.3396210 2.4325335 2.4101760 0.8972634 0.0000000 2.1023288 2.1797424 2.1995364 2.7755507 2.3876103 2.3150319 2.9500023 3.0311396 2.4845920 1.8536435 2.0522703 2.1612460 2.5532447 2.0662232 3.1195277 2.7975912 2.5753974 3.4107541 2.7155569 2.6656084 2.9794833 2.4248189 2.5342665 2.5593182 3.0834541 2.1279068 2.8996496 3.1058707 3.0607062 3.0411587 2.8889626 3.0574540 3.3626786 2.9678630 2.7646394 2.8169850 2.8209003 2.7734579 2.3018007 2.8485872 2.6529952 3.0966905 2.4362228 3.1521522 2.0002199 2.9363617 2.1734375 2.6941734 2.9057604 
Lcom_lcpid76140                                    2.1599504 1.9731160 2.0352134 1.9179580 1.9179580 1.2867910 1.9707606 1.7267649 2.4313701 1.9780722 2.1913976 2.0732659 2.1141387 2.0502784 2.3480169 1.9649986 1.9982757 1.9205321 2.0637224 2.4629979 2.2730818 1.9326523 2.1778541 2.1023288 0.0000000 0.6913621 0.8133169 1.3037415 2.1190415 2.5645214 2.4907036 2.7423121 2.1684847 2.1608492 2.1662038 2.1228358 2.7377896 2.2095683 2.4153174 2.3100476 2.2572525 2.7763658 2.5848933 2.5379386 2.6578904 2.5283846 2.5266983 1.8433971 2.4237361 2.6963189 2.3702208 2.6698706 2.6566354 2.1267655 2.0124219 2.5832666 3.6502157 2.7206697 2.5393489 2.3637994 2.3566262 2.2999979 2.5610948 2.3710965 2.2605295 2.6230683 2.6479547 2.8769202 2.3618766 3.0867505 2.2659392 2.7104141 3.1666658 
Gracom_Gcom_C550696_01                             2.0916037 1.9347202 1.8459928 1.8539567 1.8539567 1.2919407 1.9891406 1.7073411 2.2918464 2.0919028 2.1193623 2.0543192 2.0670254 2.0279912 2.1634391 1.8199391 1.8708303 1.8302320 1.8190653 2.1897122 2.2205705 1.9234385 2.1461910 2.1797424 0.6913621 0.0000000 0.6453550 1.3307192 2.0381082 2.3647568 2.5300321 2.5082074 2.2490100 2.0808124 2.1626936 1.9947093 2.6034657 2.1241133 2.2746530 2.1456687 2.1938493 2.6511477 2.8477683 2.6794272 2.7217290 2.6322347 2.6761518 1.8401997 2.4576888 2.2259792 2.3402516 2.5950199 2.6642135 2.2077903 2.1225145 2.5596358 2.9937868 2.4447593 2.2882279 2.2135770 2.2330417 2.1601805 2.4772979 2.1645327 2.2793665 2.5882708 2.8624698 2.5738537 2.4042448 2.6853786 2.1011845 2.4545746 2.8993376 
Leuniv_Lniv_scaffold13133_01                       2.0866333 1.7881444 1.7339548 1.8628555 1.8628555 1.6001198 1.9902964 1.6463750 2.1781323 2.0650903 2.0993102 2.0213240 1.9474818 1.7139704 1.8036013 1.7434596 1.7895229 1.7792844 1.7530699 2.3001732 2.2718391 1.9957566 2.1725620 2.1995364 0.8133169 0.6453550 0.0000000 0.9928205 1.8241840 2.4174406 2.4669488 2.4719245 2.1238526 1.8742383 1.9587995 1.9873081 1.7680925 1.8767147 1.9619747 2.1098261 1.9600569 2.7781911 2.5579429 2.6132845 2.3514644 2.0392710 2.3345208 1.5830848 2.3488787 2.3936204 2.2481383 2.3522975 2.4310441 2.3407144 2.2850199 2.9076576 4.3701739 2.4255442 2.4503197 2.5409372 2.5409372 2.4651297 2.4968595 2.0588361 2.2597414 2.7170526 3.1209235 2.6776156 2.4350950 2.7157393 2.1025481 2.5185382 2.9996513 
Clacor_Ccor_C520569_01                             2.3431760 1.6792498 1.7593654 1.7183429 1.7183429 1.9515510 1.8862849 2.1070062 2.5086560 2.3965947 2.4495456 1.8263860 1.8810321 1.7583233 2.2054374 1.6515911 1.7494199 1.7535809 2.0098638 2.2923426 2.5718235 1.9503401 2.5398224 2.7755507 1.3037415 1.3307192 0.9928205 0.0000000 2.5073050 3.1480644 3.1279074 3.0764803 2.6808250 2.5731285 2.3145523 2.3170422 1.3817809 2.6260141 1.9391494 2.2738713 2.2706886 3.4820664 3.4153773 2.9963162 2.9527075 2.9859845 3.0943718 2.9635642 2.7040320 4.2924314 2.6947228 2.1505939 9.0000000 2.4101319 2.3697333 2.6136464 0.0000010 2.3189424 3.0330558 2.9893072 2.9893072 2.9386115 3.4724979 2.7880828 2.4301540 3.2257456 2.9005216 2.4187869 2.0594674 2.4156263 2.6379498 1.9125632 3.7050157 
Ctel_gnl_WGS_AMQN_CAPTEDRAFT_mRNA183322            2.3856742 1.7943635 1.6224829 2.0762162 2.0762162 1.7298311 2.1954823 2.0072959 2.3528040 2.2186853 2.4514578 1.6955997 1.7943237 2.0179902 2.0623016 1.8138153 1.9660458 1.9642638 1.6333650 2.5997226 2.5718584 1.6652233 2.2865980 2.3876103 2.1190415 2.0381082 1.8241840 2.5073050 0.0000000 2.6504822 3.1132225 2.7478245 2.5464816 2.1480475 2.5568624 2.4168561 2.4701976 2.3346745 2.6506077 2.5833506 2.5627791 3.0204843 2.6259543 2.8202009 2.5705701 2.5006672 2.6805637 1.7648711 2.5895262 2.3766684 2.5509301 2.6385136 2.7218291 2.4036526 2.4262983 2.6653836 2.6487397 2.6569057 2.5242188 2.5510752 2.5549228 2.5538019 2.3369177 2.0010154 2.1775703 2.6150007 2.3701898 2.9916199 2.3900408 2.9109792 2.3834494 2.6775870 2.9314792 
Acaspe_EP00035_Acanthoeca_spectabilis_P022206      2.3536918 2.4766261 2.5309659 2.0984805 2.0984805 1.9533387 2.3586333 1.9818597 2.1616155 2.3150861 2.0923612 2.2664869 2.1843771 2.3164820 2.3092401 2.1548012 2.1130011 2.0927180 2.5960692 2.4918585 2.5864486 2.5281684 2.2237605 2.3150319 2.5645214 2.3647568 2.4174406 3.1480644 2.6504822 0.0000000 0.5190433 1.2445898 1.2797791 1.8735016 1.9754117 1.8136726 1.2796446 2.0866623 1.5933665 1.7580242 1.7963531 2.1463305 2.3252945 2.2621702 2.1964546 2.0833827 2.1887970 2.3678637 2.3435408 2.3490828 2.3276007 2.4748336 1.8945068 2.2210259 2.2322907 2.3128592 2.1089421 2.8896706 2.6293590 2.6738113 2.6738113 2.7399799 2.7690432 2.7335831 3.0387141 2.7084130 2.8835016 2.6135439 2.2811999 3.1470146 3.1432459 2.6872411 2.3929349 
Helnan_EP00037_Helgoeca_nana_P037769               2.8510006 2.8574371 3.4442692 2.4689263 2.4689263 1.9496074 2.9979851 2.0164743 2.8345398 2.4336175 2.6317902 2.9746598 2.7874420 2.7599725 2.7888936 2.6847361 2.7773307 2.6496624 3.3200447 3.0516783 3.4041240 3.1867101 2.9540540 2.9500023 2.4907036 2.5300321 2.4669488 3.1279074 3.1132225 0.5190433 0.0000000 1.4149383 1.6647013 1.9503505 2.1778721 1.9316074 1.6827082 3.1802131 2.1309714 2.1086040 2.1012509 2.5935022 2.3069031 2.3161351 2.6626401 2.1994785 2.1979084 3.1354805 3.1009260 2.5860025 3.0455172 3.5040976 2.8797683 3.2742972 3.1869747 3.1238355 4.9016199 3.4420243 3.1776903 3.3676054 3.3657185 3.4013016 3.2082780 3.4360512 3.4481402 3.3296659 3.0524973 3.3650348 2.4226706 3.4854392 2.9260179 3.7449607 3.1095293 
Stedip_EP00041_Stephanoeca_diplocostata_P026984    3.0483686 3.1007331 3.0879625 2.5348244 2.5348244 1.9954777 2.7761203 1.8331928 2.8362173 2.3214132 2.8260395 3.1193012 2.8902868 2.7956700 2.9191195 2.5354705 2.6781015 2.7754983 3.0307510 3.0187824 3.4270049 2.7900201 2.9569879 3.0311396 2.7423121 2.5082074 2.4719245 3.0764803 2.7478245 1.2445898 1.4149383 0.0000000 1.5401684 1.8478632 2.1517910 2.2313957 1.8259764 3.3052110 2.2954503 2.3063840 2.2869129 2.7306723 2.3834283 2.3364662 2.5526060 2.2052905 2.1503570 3.5224437 2.9875292 2.5710192 2.9769407 3.5024054 2.9891113 3.1703436 3.1544142 3.0954456 4.4059671 3.2285911 2.9808115 3.0288685 3.0223859 3.0423667 2.9211165 3.4234923 3.3564713 3.0102599 2.9768635 3.4875383 2.4564471 3.6043501 2.6562486 4.0523592 2.9372439 
Diagra_EP00040_Diaphanoeca_grandis_P016386         2.7693183 2.6309679 2.7256060 2.0647823 2.0647823 1.9268005 2.6168915 1.9052795 2.7795063 2.2177893 2.7712476 2.4995558 2.4698998 2.4211827 2.7372327 2.3531047 2.5442871 2.5215178 2.9194730 2.7799743 2.9334877 2.7737063 2.6437028 2.4845920 2.1684847 2.2490100 2.1238526 2.6808250 2.5464816 1.2797791 1.6647013 1.5401684 0.0000000 1.5705763 1.8871147 1.7785279 1.6764900 2.6930030 2.0214038 2.2436383 2.0877785 2.6471096 2.4026513 2.2561635 2.3096827 2.0458852 2.2754756 2.5895106 2.7045308 2.4553590 2.7467108 3.0084438 2.5829715 2.7419367 2.7731966 2.9753634 3.1098135 2.8764067 2.6688316 2.7323810 2.7495462 2.7870173 3.0486381 2.8984190 2.8590966 2.7324029 2.6508595 2.9066524 2.2194180 3.3979099 2.4890332 3.3751835 3.0231086 
Salmac_EP00052_Salpingoeca_macrocollata_P013351    1.8687518 1.9465381 1.9676742 1.7769861 1.7769861 1.5448836 1.9437348 2.0119788 1.9329326 2.0363833 1.8528403 1.7941271 1.9998684 2.0060776 2.1631487 1.8534335 1.9546953 1.8827741 1.8933246 2.1123149 1.9812512 1.9099182 2.0375688 1.8536435 2.1608492 2.0808124 1.8742383 2.5731285 2.1480475 1.8735016 1.9503505 1.8478632 1.5705763 0.0000000 1.5749359 1.4755404 1.5406515 1.8596114 1.4397624 1.4424356 1.1938165 2.2125532 2.1456967 2.1409293 1.9284099 1.8513659 2.2789587 2.0536759 2.0616363 2.4588299 1.9679338 2.3058647 2.0124048 2.0644316 2.0849818 2.1514388 2.6977129 2.6349124 2.4000138 2.3691117 2.3691117 2.3678217 2.2743383 2.3816307 2.2184670 2.1655653 2.3266582 2.2411214 2.0031232 2.3405822 2.3491077 2.2842647 2.1107174 
Saldol_EP00054_Salpingoeca_dolichothecata_P009881  2.3879805 2.1635011 2.4097663 1.8070259 1.8070259 1.6205327 2.2082485 1.7686743 2.1157189 1.9901515 2.0218083 2.2099794 2.3044299 2.0909473 2.1692632 1.9007799 2.0966073 2.0285116 2.3117998 2.4031493 2.2887563 2.1335012 2.2078363 2.0522703 2.1662038 2.1626936 1.9587995 2.3145523 2.5568624 1.9754117 2.1778721 2.1517910 1.8871147 1.5749359 0.0000000 1.7149855 1.8967863 1.9822588 1.6230331 1.6420068 1.7285757 2.3582592 2.1558637 2.1507794 2.3529315 2.1079581 2.2978851 2.4955431 2.6126501 2.4745905 2.4492487 2.7279292 2.5324952 2.6949415 2.6267316 2.5757482 4.6041122 2.9132537 2.8163416 2.7039462 2.7091999 2.6855919 2.5186242 3.0844860 2.7417637 2.6472103 2.7704465 2.5646239 2.0139229 2.7025174 2.2953237 2.6517916 2.4327493 
Salkve_EP00050_Salpingoeca_kvevrii_P010419         2.5626752 2.3354192 2.6252665 1.8607458 1.8607458 1.2150240 2.1918237 1.5052065 2.4838717 1.9184596 2.2665884 2.2315375 2.2981856 2.2394796 2.2756468 2.1250993 2.0806873 2.0538110 2.4724526 2.4931656 2.7424461 2.3427205 2.2975314 2.1612460 2.1228358 1.9947093 1.9873081 2.3170422 2.4168561 1.8136726 1.9316074 2.2313957 1.7785279 1.4755404 1.7149855 0.0000000 1.8223090 2.2531825 1.7282363 1.5704014 1.6330422 2.6283166 2.0262737 2.0465382 2.2514541 1.8878055 2.0639647 2.5057433 2.5322307 2.2923838 2.5899678 3.0712042 2.8103681 2.6356926 2.6069528 2.7015612 3.2472020 3.0563756 2.7806657 2.7275601 2.6964896 2.7279115 2.5724039 3.0326188 2.9595120 2.7460143 2.6667275 3.1074671 2.3034436 2.7272377 2.2286085 3.1102306 2.6101463 
Didcos_EP00039_Didymoeca_costata_P015055           2.7266964 2.6062049 2.3635066 2.2881478 2.2881478 1.2777132 2.6685134 1.8135121 2.8043218 2.2757926 2.6082193 2.6516549 2.4444404 2.3628878 2.4071593 2.2649486 2.4055651 2.2645528 2.7778367 2.5822223 2.8257777 3.0492311 3.0143233 2.5532447 2.7377896 2.6034657 1.7680925 1.3817809 2.4701976 1.2796446 1.6827082 1.8259764 1.6764900 1.5406515 1.8967863 1.8223090 0.0000000 2.4296961 1.8324734 1.9893729 1.8076509 2.3634374 2.0250917 1.8640134 2.4309312 2.2440542 2.2291506 2.6116191 2.6416314 1.2058551 2.5875163 2.3840966 2.2965309 2.7273730 2.6643248 2.6086141 4.0078272 2.7265453 2.7348395 2.7001142 2.6587382 2.7166906 2.8381816 2.9249150 2.7019037 2.6268025 2.7231234 3.3455922 2.3404079 3.0346710 1.4984662 2.6811289 3.0882043 
Nvec_NVE10314                                      2.3289378 2.5687477 2.7908896 1.7572861 1.7572861 1.5686535 1.3352027 0.7928883 2.3098245 1.5200164 2.0495380 1.8279062 1.6341667 1.4869528 1.3909805 1.2754309 1.5317139 1.5108905 2.2496687 2.4238363 2.5581824 2.5323304 2.2002654 2.0662232 2.2095683 2.1241133 1.8767147 2.6260141 2.3346745 2.0866623 3.1802131 3.3052110 2.6930030 1.8596114 1.9822588 2.2531825 2.4296961 0.0000000 2.5717582 2.4291764 2.7958066 3.3250148 2.9505149 2.5951479 3.2638001 2.6657020 2.4355664 2.3281448 2.8800914 1.9815065 2.8551885 3.0739033 2.5623175 2.7285078 2.6607415 3.0599351 2.5668608 2.7961013 2.7928781 2.9215332 2.9240776 2.7715634 2.4423091 2.8196831 2.8815591 3.2557114 2.8982455 3.8058186 2.1818228 2.9576320 2.1489091 2.5856887 3.1017333 
Salurc_EP00051_Salpingoeca_urceolata_P022135       2.4142082 2.6396820 2.5778105 2.0583372 2.0583372 1.3013312 2.6397851 1.1144419 2.8054887 2.0553415 2.6068509 2.9514578 2.4810219 2.4060651 2.2077263 2.1513401 2.4091050 2.1824696 2.9349817 3.2191302 3.2615140 2.8242796 2.4709817 3.1195277 2.4153174 2.2746530 1.9619747 1.9391494 2.6506077 1.5933665 2.1309714 2.2954503 2.0214038 1.4397624 1.6230331 1.7282363 1.8324734 2.5717582 0.0000000 1.8810806 1.6629076 2.4349042 2.2504406 2.0823327 2.1710757 2.0943412 1.9198281 2.4318677 2.8280340 2.0414111 2.8546236 3.0633194 2.7347878 3.3441186 3.1615515 2.7732512 4.1262583 2.9875429 2.9871807 2.9924318 3.0509997 2.9771690 2.9538983 3.3740083 2.9021668 3.1367426 2.7159786 3.2007199 2.3343353 2.8659140 2.0793685 3.2098020 2.9063526 
Mylflu_EP00047_Mylnosiga_fluctuans_P009765         2.6335942 2.6759679 2.7612378 2.1446316 2.1446316 1.6449218 2.5549848 1.9792881 2.6217766 1.9275375 2.6315644 2.6474233 2.5160143 2.3336360 2.3969016 2.0840830 2.0898081 2.2001583 2.8062513 2.8568833 2.8892405 2.4694779 2.6001403 2.7975912 2.3100476 2.1456687 2.1098261 2.2738713 2.5833506 1.7580242 2.1086040 2.3063840 2.2436383 1.4424356 1.6420068 1.5704014 1.9893729 2.4291764 1.8810806 0.0000000 1.7560990 2.6595399 2.2348327 2.2753085 2.2869753 2.1042235 2.2555379 2.8099499 3.2562259 2.8433579 2.9413653 3.6164065 2.9677613 3.1394860 3.0819119 3.0975660 2.8709667 3.0546868 2.8672515 3.0660237 3.0405098 2.9722150 2.8467366 2.9791662 3.1383949 2.9943178 2.9939245 3.1351931 2.3645898 2.9753352 2.1690150 3.1251515 2.5750746 
Salpun_EP00053_Salpingoeca_punica_P011152          2.6139274 2.5240609 2.6500968 1.9908602 1.9908602 1.5941315 2.3093749 1.4138711 2.7476880 2.0959612 2.4281016 2.3950196 2.2220690 2.1367665 2.2452975 1.9829082 2.0710447 1.9577155 2.6688816 2.7967271 2.9315010 2.7502186 2.7095853 2.5753974 2.2572525 2.1938493 1.9600569 2.2706886 2.5627791 1.7963531 2.1012509 2.2869129 2.0877785 1.1938165 1.7285757 1.6330422 1.8076509 2.7958066 1.6629076 1.7560990 0.0000000 2.5310085 2.4714389 2.3369922 2.2090142 1.8779396 2.0005220 2.4503709 2.9863709 2.6623118 3.0333406 3.2353358 3.2162405 2.8459994 2.9969700 2.9397678 3.8747436 2.7918866 2.6919365 2.7613613 2.7500759 2.6029443 2.6333722 3.0288011 3.0051472 3.0941365 2.6155551 2.9587440 2.3813123 2.8620268 2.3073661 3.1668821 2.3069197 
Mbre_EDQ85553                                      2.7611352 2.6008786 2.6067042 2.7184430 2.7184430 2.2204522 2.7599747 3.0385672 3.3680563 2.9166052 3.3705890 3.0435944 3.0273922 3.0106428 3.3325876 2.9257790 2.9063337 2.8282866 3.0866890 3.4576722 3.8184586 3.0553115 3.3005103 3.4107541 2.7763658 2.6511477 2.7781911 3.4820664 3.0204843 2.1463305 2.5935022 2.7306723 2.6471096 2.2125532 2.3582592 2.6283166 2.3634374 3.3250148 2.4349042 2.6595399 2.5310085 0.0000000 1.4376191 1.4478468 2.0636453 1.9046236 1.8814272 3.2053295 3.2786158 2.7495679 3.3150244 3.2916378 2.8597433 3.1950675 3.1041078 3.1301755 4.2323344 3.6819679 3.4161344 3.5149803 3.5011989 3.4766993 3.2691906 3.3239915 3.2609955 2.6733556 3.1935089 3.3092457 2.1448087 3.4123744 2.8120871 4.0698865 3.2435416 
Choper_EP00045_Choanoeca_perplexa_P010133          2.6373162 2.3692650 2.3016921 2.4990823 2.4990823 2.2268237 2.6056821 2.7620928 2.8414744 2.4272723 2.6907323 2.4607870 2.3910626 2.4282945 2.7640244 2.3805015 2.5092942 2.4481237 2.5916737 2.6756542 2.9748401 2.6622938 2.8231768 2.7155569 2.5848933 2.8477683 2.5579429 3.4153773 2.6259543 2.3252945 2.3069031 2.3834283 2.4026513 2.1456967 2.1558637 2.0262737 2.0250917 2.9505149 2.2504406 2.2348327 2.4714389 1.4376191 0.0000000 0.3911672 1.9434450 1.6081608 1.7019183 2.4634987 2.5913792 2.6639487 2.9450206 2.9280093 2.7586284 2.8680963 2.9004566 2.9403658 3.6247855 3.1007587 2.9479825 2.9782911 2.9721458 2.9490403 3.0669364 2.8669709 2.7693607 2.7296126 2.6252821 2.9756870 2.3038181 3.1495105 2.6888735 2.8383362 2.6792041 
Chofle_EP00730_Choanoeca_flexa_P015510             2.5021259 2.2815475 2.2714698 2.5124922 2.5124922 2.2326010 2.5203250 2.4393242 2.6079943 2.3149223 2.6143913 2.6466826 2.4335449 2.4544502 2.7876818 2.3816247 2.3270550 2.3669757 2.5797861 2.6294563 2.7582767 2.6761838 2.5527576 2.6656084 2.5379386 2.6794272 2.6132845 2.9963162 2.8202009 2.2621702 2.3161351 2.3364662 2.2561635 2.1409293 2.1507794 2.0465382 1.8640134 2.5951479 2.0823327 2.2753085 2.3369922 1.4478468 0.3911672 0.0000000 1.8607315 1.7560259 1.7095270 2.5078589 2.5940891 2.8641790 2.7460546 2.8799759 2.5471982 2.6729195 2.7223855 2.8983740 3.7586565 2.8409716 2.7725447 2.8142796 2.8384533 2.8208108 3.0295938 2.8571308 2.9128775 2.6215488 2.5807673 2.7431026 1.9718404 3.1040818 2.4408509 2.8014786 2.6722746 
Sros_EGD75025                                      2.8923961 2.6778308 2.8178823 2.6193105 2.6193105 2.1375693 2.5843903 2.3099617 3.4660608 2.7242698 3.1349937 2.8910275 2.7421750 2.8129014 2.8947664 2.7084073 2.9227652 2.8131562 3.0172209 3.3053473 3.1388323 2.8151162 2.8703142 2.9794833 2.6578904 2.7217290 2.3514644 2.9527075 2.5705701 2.1964546 2.6626401 2.5526060 2.3096827 1.9284099 2.3529315 2.2514541 2.4309312 3.2638001 2.1710757 2.2869753 2.2090142 2.0636453 1.9434450 1.8607315 0.0000000 0.6367807 1.5521589 2.5683693 2.7483513 2.6461341 2.9000879 3.4240194 3.3374239 3.2342061 3.1249150 3.3262493 3.2438766 3.2156145 3.0998525 2.9849145 3.0283619 3.1453404 3.2583479 3.5023526 2.9538300 3.0746310 2.8082728 3.3101557 2.0448359 3.5123228 2.5388070 3.8477144 2.8682645 
Microa_EP00043_Microstomoeca_roanoka_P028977       2.7004259 2.4295146 2.3689881 2.3259833 2.3259833 1.8343210 2.2322546 2.2526713 3.0066702 2.5320171 2.6009449 2.4639427 2.3815883 2.3253504 2.5703174 2.2483956 2.3672991 2.3900462 2.5860260 3.1023801 2.6330739 2.5934039 2.4004857 2.4248189 2.5283846 2.6322347 2.0392710 2.9859845 2.5006672 2.0833827 2.1994785 2.2052905 2.0458852 1.8513659 2.1079581 1.8878055 2.2440542 2.6657020 2.0943412 2.1042235 1.8779396 1.9046236 1.6081608 1.7560259 0.6367807 0.0000000 1.4112278 2.4550306 2.4267224 2.2705720 2.6206096 3.0218484 2.3481740 2.8101632 2.8254223 2.9625204 4.2203059 2.8090643 2.6751126 2.6793432 2.7072904 2.6840062 2.9306816 3.2838356 2.5697674 2.7643437 2.7320539 2.8095951 2.1638790 3.3252623 2.6938172 2.9454263 2.5516455 
Salinf_EP00049_Salpingoeca_infusionum_P000873      2.3992018 2.3614581 2.4894396 2.5770673 2.5770673 2.2900211 2.3843069 2.4545628 2.6603937 2.5579532 2.4457044 2.5820238 2.4510200 2.4132278 2.4557657 2.2803704 2.2468077 2.3832191 2.3578021 2.7367019 2.6179349 2.6520446 2.6423018 2.5342665 2.5266983 2.6761518 2.3345208 3.0943718 2.6805637 2.1887970 2.1979084 2.1503570 2.2754756 2.2789587 2.2978851 2.0639647 2.2291506 2.4355664 1.9198281 2.2555379 2.0005220 1.8814272 1.7019183 1.7095270 1.5521589 1.4112278 0.0000000 2.3725766 2.6856033 2.6904605 2.7142739 2.8178862 2.4403698 2.7178794 2.7031774 3.1527989 4.1401179 2.7467548 2.5755301 2.6148640 2.6148640 2.6707959 2.6110355 2.8993783 2.5102145 2.8179063 3.0421544 2.8597600 2.2318624 3.1107339 2.5213893 3.0314225 2.7494757 
Skow_XM_002732635.2                                2.1735350 1.6753484 1.6686709 1.8118176 1.8118176 1.4448542 2.0289517 2.2669501 2.7056563 2.0018737 2.4645181 2.1017995 1.9368710 2.2386781 2.2719025 2.0245745 2.0448348 2.0035026 1.7499904 2.5596416 2.8906197 1.5909275 2.6002218 2.5593182 1.8433971 1.8401997 1.5830848 2.9635642 1.7648711 2.3678637 3.1354805 3.5224437 2.5895106 2.0536759 2.4955431 2.5057433 2.6116191 2.3281448 2.4318677 2.8099499 2.4503709 3.2053295 2.4634987 2.5078589 2.5683693 2.4550306 2.3725766 0.0000000 2.5787929 1.3905168 2.6038052 2.8653553 2.8384077 2.5630376 2.3783721 2.6431588 3.4083440 2.7755207 2.6187852 2.6602090 2.6892886 2.7829871 2.1576074 2.0686912 2.2227092 2.6715086 2.2792851 3.1409482 1.9812022 2.9612509 2.3209362 3.1851795 3.0605224 
Mlei_ML0224.g16.i1                                 2.9128624 2.4398396 2.8204227 2.1773628 2.1773628 1.3248394 2.2594658 1.8865154 2.7367944 2.0283482 2.6358016 2.4658922 2.2375336 2.2120195 2.4409145 2.2746104 2.3023926 2.2241192 2.7920373 2.7637179 2.9154625 2.8420807 3.0388640 3.0834541 2.4237361 2.4576888 2.3488787 2.7040320 2.5895262 2.3435408 3.1009260 2.9875292 2.7045308 2.0616363 2.6126501 2.5322307 2.6416314 2.8800914 2.8280340 3.2562259 2.9863709 3.2786158 2.5913792 2.5940891 2.7483513 2.4267224 2.6856033 2.5787929 0.0000000 0.3600740 0.6309558 0.8791803 1.0093537 1.1672489 1.1028640 1.3317679 1.9141145 2.8964989 2.6716336 2.6496345 2.6601892 2.7493084 2.7346175 3.2598312 3.0054080 2.8719745 2.3746287 3.2828975 2.0990612 3.2575146 2.2693422 3.0510209 3.3104284 
Bolinf_Binf_sb1184157                              2.2076809 2.5432288 2.2259096 2.1843085 2.1843085 2.0277336 1.9126920 8.9999987 2.5346227 2.4077773 2.4640659 2.4646807 1.9627532 1.8719366 2.0894093 2.2261218 2.1173695 2.1273300 2.6288518 2.1347705 2.6126649 2.2724992 2.6447224 2.1279068 2.6963189 2.2259792 2.3936204 4.2924314 2.3766684 2.3490828 2.5860025 2.5710192 2.4553590 2.4588299 2.4745905 2.2923838 1.2058551 1.9815065 2.0414111 2.8433579 2.6623118 2.7495679 2.6639487 2.8641790 2.6461341 2.2705720 2.6904605 1.3905168 0.3600740 0.0000000 0.4400454 0.4321537 0.2912507 0.9157488 0.9462933 1.0712824 0.5519754 2.3410986 2.3334449 2.2239423 2.2239423 2.2222336 2.3236487 2.5527753 2.9829545 2.2476061 2.3004596 3.4464808 2.6995190 2.3366794 2.3701657 1.9751682 3.0602211 
Beraby_Baby_sb346407                               2.8054703 2.4621811 2.8013250 2.2554529 2.2554529 1.3032898 2.3770648 1.9616146 2.7817339 2.0019162 2.7327537 2.4943657 2.3609029 2.3363186 2.7014773 2.4302291 2.4483990 2.4455908 2.7681911 2.9991148 3.0268073 2.8262296 3.0347167 2.8996496 2.3702208 2.3402516 2.2481383 2.6947228 2.5509301 2.3276007 3.0455172 2.9769407 2.7467108 1.9679338 2.4492487 2.5899678 2.5875163 2.8551885 2.8546236 2.9413653 3.0333406 3.3150244 2.9450206 2.7460546 2.9000879 2.6206096 2.7142739 2.6038052 0.6309558 0.4400454 0.0000000 0.8135034 0.9410327 1.1857475 1.1044108 1.3087429 1.5953220 2.9681176 2.7137653 2.9258368 2.9241991 2.8676631 2.8814812 3.0292433 2.9652713 2.6031230 2.5274969 3.2362751 2.1509035 2.8948742 1.9680106 3.3058037 3.5337847 
