55
Hsap_ENST00000376285                                   0.0000000 0.8019239 0.9919979 0.8788820 1.1907682 0.9560873 1.0388782 0.9333804 1.0495724 1.1973176 1.0232381 1.0922943 0.6831776 1.3596133 1.7366373 1.1935263 1.4973783 1.2873749 1.4626415 0.9082142 0.9753373 0.9884521 0.9992553 1.0072310 0.9814329 0.9726424 1.5197056 0.7020041 1.5164648 1.4770736 1.0699155 0.9977056 1.0536475 1.0479796 1.3811856 1.4117765 1.3570826 1.3082180 1.0039519 1.2725774 1.1571485 1.8458858 1.5728321 1.3818203 1.3690524 1.4081493 1.3372949 1.4897183 1.3952627 1.4339605 1.2868870 1.1204107 1.2916007 2.0221527 1.7224489 
Bralan_BLAG14000961_1                                  0.8019239 0.0000000 0.7972387 0.8072584 1.1446505 0.9525121 1.0128044 0.9801073 1.0534740 1.2464918 1.0739375 1.0303475 0.7239126 1.3116004 1.5699156 1.2474902 1.5182499 1.2074392 1.2794058 0.8551052 0.9154920 0.9492817 0.9528521 0.9732257 0.9079215 0.9729829 1.3973398 0.6959744 1.4245411 1.3679863 1.0289259 0.9233494 0.9882705 1.0736310 1.3522494 1.3410941 1.3044891 1.2954652 0.9708720 1.1458536 0.9942345 1.7743999 1.3266562 1.3137888 1.2819668 1.2831742 1.4090278 1.4739623 1.3261109 1.4608090 1.1973029 1.0439870 1.3584902 1.9511614 1.4029572 
Spur_XM_030981601.1                                    0.9919979 0.7972387 0.0000000 0.9272752 1.2836222 1.1116675 1.1921417 1.1336352 1.2709757 1.4523564 1.1909193 1.2368123 0.8332857 1.4921264 1.7864029 1.5493950 1.6075915 1.4959452 1.5697225 1.0373658 1.1109594 1.1037118 1.1349893 1.1294342 1.0717595 1.0905136 1.4822289 0.6910346 1.5999929 1.5243368 1.2441638 1.1665702 1.2396467 1.1640152 1.4601878 1.5185319 1.4195597 1.4327485 1.0506763 1.4169054 1.2246528 1.9118946 1.5369437 1.4253992 1.4256655 1.4009114 1.5307827 1.6898139 1.5726873 1.4454418 1.4993170 1.1468711 1.6414216 2.1985652 1.9536027 
Exapal_XM_028657616.1                                  0.8788820 0.8072584 0.9272752 0.0000000 0.3967110 0.4471067 0.4017893 0.3487586 0.4248706 0.6408689 0.7005261 0.7145859 0.6680632 0.9292524 0.9679791 0.8510237 1.0131347 0.7861978 0.8703978 0.8027514 0.8709846 0.8466713 0.8573472 0.8701316 0.8315132 0.8978401 1.0788496 1.0013528 1.1436267 1.0960048 0.9027518 0.8484992 0.9953583 0.8394247 1.1960733 1.2208609 1.0690535 1.0933343 1.0639709 1.1133070 0.9239020 1.0222909 0.7936905 0.9433070 0.9286632 0.8140015 0.9133267 0.8181375 0.9798847 0.9347238 0.9622987 0.6148709 1.2640680 2.1992282 2.0745063 
Nvec_v1g171935                                         1.1907682 1.1446505 1.2836222 0.3967110 0.0000000 0.5001430 0.4624492 0.4126288 0.4854073 0.6051207 0.9237851 1.0026827 0.6302465 1.1124215 1.2947573 1.0664298 1.1602236 1.1272018 1.1354195 1.0868773 1.1363274 1.1682884 1.1738110 1.1580184 1.1093554 1.1738623 1.5100649 0.8497858 1.5779163 1.5874174 1.2189067 1.2172410 1.2320570 1.2907165 1.5811087 1.6354319 1.4120531 1.4428379 1.0893143 1.3737122 1.2548114 1.8446032 1.5756425 1.3876014 1.4110894 1.3055700 1.3969615 1.5619867 1.4597581 1.2914582 1.4310003 0.6631807 1.4975615 2.1242902 1.9635727 
Amil_Amillepora24529-RA                                0.9560873 0.9525121 1.1116675 0.4471067 0.5001430 0.0000000 0.1534179 0.1441690 0.2333179 0.2510875 0.7766405 0.8309985 0.7111693 1.0480363 1.0727746 1.0327153 1.1783952 0.9892060 0.9456355 0.9335847 1.0089334 0.9606602 0.9621539 0.9574992 0.8940873 0.9906130 1.3340423 0.9672205 1.4784329 1.3571161 1.0164147 1.0766039 1.2080683 1.0031532 1.2984657 1.4216689 1.2052949 1.2675876 1.0367692 1.2369887 1.1060056 1.5862934 1.4303745 1.2049040 1.1912572 1.1190020 1.2114148 1.4306595 1.3247042 1.1620668 1.2712667 0.1328008 1.3881784 1.9316731 1.6720297 
Gfas_gfas1.m1.921.m1                                   1.0388782 1.0128044 1.1921417 0.4017893 0.4624492 0.1534179 0.0000000 0.1166042 0.1664691 0.2135764 0.8680736 0.9403761 0.6244281 1.0897682 1.3149121 0.9792387 1.1258868 1.0084843 1.0591724 1.0302922 1.0501393 1.0417446 1.0409379 1.0476717 1.0159794 1.0572143 1.3708244 0.8872865 1.5733398 1.4372042 1.1035218 1.1295645 1.1699844 1.1408260 1.4849206 1.4426416 1.2800852 1.3857660 1.0401344 1.2678359 1.2498396 1.6440312 1.6035784 1.3303168 1.3042036 1.2649524 1.2553243 1.5244794 1.3023367 1.2202259 1.4314900 0.2417606 1.3869129 1.8526294 1.7272753 
Gasp_gasp1.m3.15565.m1                                 0.9333804 0.9801073 1.1336352 0.3487586 0.4126288 0.1441690 0.1166042 0.0000000 0.0922172 0.1544664 0.8368980 0.8927411 0.6875691 1.0696445 1.3089029 0.9057900 1.1289042 1.0499365 1.0676947 1.0019591 1.0019591 0.9586505 0.9753993 0.9854786 0.9854786 1.0135426 1.4152545 0.8526437 1.5152355 1.4358599 1.0647204 1.0040937 1.1035657 1.0635553 1.4616279 1.4029490 1.2916554 1.3376121 0.8224433 1.1591525 1.1650770 1.6535228 1.5567710 1.2916705 1.2704028 1.2813354 1.2703883 1.5166738 1.2604959 1.1237643 1.2723126 0.2035861 1.3014528 1.6996920 1.7876493 
Fspp_ffun1.m4.22980.m1                                 1.0495724 1.0534740 1.2709757 0.4248706 0.4854073 0.2333179 0.1664691 0.0922172 0.0000000 0.2077227 0.8729581 0.9474582 0.6932399 1.1782013 1.3716167 1.0212670 1.2662730 1.0582546 1.1078593 1.0670856 1.1034179 1.0830336 1.1125489 1.1101942 1.0798770 1.1110378 1.4483996 0.9160586 1.5405825 1.4556164 1.1379588 1.1883462 1.2188849 1.2477895 1.5608404 1.5216749 1.2986902 1.3700804 1.0525270 1.3727051 1.3230546 1.6374167 1.5530737 1.2885680 1.2726384 1.1758875 1.2828684 1.5624651 1.3594631 1.2776311 1.3484419 0.3116790 1.5209629 1.9254991 1.7611919 
Spis_XP_022790284_1                                    1.1973176 1.2464918 1.4523564 0.6408689 0.6051207 0.2510875 0.2135764 0.1544664 0.2077227 0.0000000 1.0567352 1.1593931 0.7582665 1.3675471 1.4530658 1.2221670 1.4340810 1.2897977 1.3466438 1.2007138 1.2356561 1.2313642 1.2519804 1.2505876 1.2111082 1.2290141 1.7547934 1.0798259 1.8944946 1.8004908 1.3799851 1.3773755 1.4287446 1.3748873 1.8393313 1.7723184 1.4958198 1.5781955 1.3168309 1.4781496 1.5846710 2.1438339 2.0229370 1.5152749 1.5266286 1.3999353 1.4981654 2.0460248 1.5959740 1.4513182 1.6818521 0.4087623 1.7022705 2.4063565 1.7670731 
Dgig_XM_028545874.1                                    1.0232381 1.0739375 1.1909193 0.7005261 0.9237851 0.7766405 0.8680736 0.8368980 0.8729581 1.0567352 0.0000000 0.3201296 0.5725371 1.1506843 1.3545957 1.0139249 1.0983395 1.2026376 1.2528633 1.0305999 1.0403204 1.0541187 1.0503058 1.0436309 1.0401831 1.0715789 1.6397778 0.9792081 1.7472325 1.7553516 1.1232115 1.2384515 1.4168997 1.2398835 1.4081485 1.4773119 1.3310012 1.3340488 0.9830849 1.4291804 1.3530033 1.6593619 1.4520796 1.2750590 1.2502661 1.2518795 1.3231792 1.6488452 1.4281880 1.3575682 1.3536096 0.9343723 1.5255298 1.9302889 1.6792693 
Xesp_014414-T1                                         1.0922943 1.0303475 1.2368123 0.7145859 1.0026827 0.8309985 0.9403761 0.8927411 0.9474582 1.1593931 0.3201296 0.0000000 0.6462447 1.2727477 1.5935886 1.0911914 1.2812396 1.2263112 1.2710655 1.0542115 1.1043554 1.1010294 1.0863312 1.0982866 1.0823297 1.1201109 1.7425821 1.0469513 1.7504726 1.7801902 1.1092441 1.2877437 1.4127850 1.3249263 1.3001947 1.4615761 1.5287574 1.5272351 1.0283750 1.5044827 1.2975902 1.8703769 1.5569013 1.3052646 1.3092454 1.3825109 1.3827712 1.7017059 1.4667788 1.4040988 1.4565077 1.0418835 1.5882512 2.0929582 1.8702281 
Aaur_scaffold174.g24.t1                                0.6831776 0.7239126 0.8332857 0.6680632 0.6302465 0.7111693 0.6244281 0.6875691 0.6932399 0.7582665 0.5725371 0.6462447 0.0000000 0.1938068 0.0000010 0.4421662 0.3447911 0.7023394 0.7249047 0.6717684 0.6717684 0.6407113 0.6285183 0.6355892 0.6355892 0.7240867 0.8463160 0.7517994 0.9061372 0.8145991 0.6387846 0.6731463 0.7523422 0.6989820 0.8761279 0.7563868 0.8096967 0.8540278 0.9374909 0.9217311 0.8999741 4.5628374 0.5000428 0.8046678 0.7914270 0.8723153 0.8219902 0.7206986 0.8039562 0.8398621 0.6810172 0.7094586 0.9129539 5.5797672 1.2366555 
Nemnom_g19415.t1                                       1.3596133 1.3116004 1.4921264 0.9292524 1.1124215 1.0480363 1.0897682 1.0696445 1.1782013 1.3675471 1.1506843 1.2727477 0.1938068 0.0000000 0.1070556 0.9120774 0.4295602 1.1069080 1.1007237 1.2275686 1.2906718 1.2977404 1.3077112 1.3071086 1.2683443 1.3523052 1.8763400 1.0303337 1.9718180 1.9466270 1.2803461 1.3413382 1.4856750 1.4991735 1.6897131 1.6317658 1.4517167 1.4487197 1.1858448 1.6624136 1.5192446 1.9656612 1.7427204 1.4436828 1.4339574 1.5084868 1.6595795 1.8538871 1.6800277 1.5715680 1.4714551 1.2181625 1.7012943 2.2439240 2.1258727 
Rhoesc_Res_007512-T1                                   1.7366373 1.5699156 1.7864029 0.9679791 1.2947573 1.0727746 1.3149121 1.3089029 1.3716167 1.4530658 1.3545957 1.5935886 0.0000010 0.1070556 0.0000000 1.0538283 0.4249267 1.4093770 1.2864480 1.5006123 1.5006123 1.5226771 1.5607216 1.5420087 1.5420087 1.5447993 2.5890002 0.5322655 2.5833022 2.7862175 1.6031183 1.6606633 1.8897031 1.8473065 2.0684843 2.1600242 1.7944970 1.8285647 1.3379721 2.1319360 1.7424434 2.1865359 2.2489578 2.0093105 2.0147929 2.1605435 2.4543322 2.2603520 2.2830484 2.2733776 1.9039191 1.3925931 2.2025586 1.7162589 2.4995560 
Morvir_scaffold52.g21.t1                               1.1935263 1.2474902 1.5493950 0.8510237 1.0664298 1.0327153 0.9792387 0.9057900 1.0212670 1.2221670 1.0139249 1.0911914 0.4421662 0.9120774 1.0538283 0.0000000 0.9631318 0.9595711 0.9414774 1.1200755 1.2484666 1.2536987 1.2482100 1.2525617 1.1804718 1.3277056 1.6525723 0.8686784 1.6860076 1.6008648 1.1970500 1.3164631 1.4792370 1.3908912 1.5599305 1.5066067 1.6440592 1.5824858 1.1445038 1.5787920 1.3830422 1.8331453 1.6741260 1.4573248 1.4441118 1.4726585 1.4382385 1.6408818 1.4949101 1.5156154 1.4911907 1.1484107 1.5609491 2.1711081 1.9427642 
Sanmal_Sma_015283-T1                                   1.4973783 1.5182499 1.6075915 1.0131347 1.1602236 1.1783952 1.1258868 1.1289042 1.2662730 1.4340810 1.0983395 1.2812396 0.3447911 0.4295602 0.4249267 0.9631318 0.0000000 1.2330413 1.2548613 1.3971398 1.4726328 1.4219853 1.4115945 1.4566066 1.3818533 1.4665388 1.9654113 0.9856857 2.0448455 2.0728291 1.4527250 1.4828790 1.6356102 1.6219833 1.6626498 1.7325204 1.4844219 1.5128378 1.3009370 1.7708763 1.6288642 2.1248444 1.8972858 1.6299744 1.6272099 1.6441446 1.7278246 1.9272217 1.7596914 1.6299342 1.6638878 1.3420359 1.6505535 2.1981647 2.0609278 
Hvul_g6586_1                                           1.2873749 1.2074392 1.4959452 0.7861978 1.1272018 0.9892060 1.0084843 1.0499365 1.0582546 1.2897977 1.2026376 1.2263112 0.7023394 1.1069080 1.4093770 0.9595711 1.2330413 0.0000000 0.5859643 1.1756715 1.2464011 1.2039457 1.2065487 1.2074669 1.1786365 1.2277441 1.5495065 0.8625692 1.7056574 1.5521902 1.2788945 1.3931648 1.4342246 1.5386565 1.5669549 1.5828131 1.5073356 1.4801465 1.1377924 1.5832046 1.5506447 2.0918978 1.7520995 1.4965168 1.4573079 1.5607485 1.5178355 1.6471555 1.5324558 1.5512007 1.3865639 1.2656983 1.6457176 2.1463017 2.3823972 
Chem_TCONS_00002332                                    1.4626415 1.2794058 1.5697225 0.8703978 1.1354195 0.9456355 1.0591724 1.0676947 1.1078593 1.3466438 1.2528633 1.2710655 0.7249047 1.1007237 1.2864480 0.9414774 1.2548613 0.5859643 0.0000000 1.2199386 1.2779500 1.2816038 1.2712760 1.2521097 1.1894199 1.3118125 1.6179272 0.8228467 1.7244659 1.5827332 1.4029729 1.3293040 1.4281898 1.5742088 1.5119427 1.5918451 1.4915794 1.5408370 1.1647711 1.5460865 1.6071111 1.9275389 1.7573894 1.4667316 1.4590583 1.5309044 1.5543291 1.6322907 1.5579695 1.5331155 1.3960782 1.1294310 1.7256745 2.0049274 2.0186501 
Tadh_TriadT49717                                       0.9082142 0.8551052 1.0373658 0.8027514 1.0868773 0.9335847 1.0302922 1.0019591 1.0670856 1.2007138 1.0305999 1.0542115 0.6717684 1.2275686 1.5006123 1.1200755 1.3971398 1.1756715 1.2199386 0.0000000 0.0317957 0.1812346 0.1677497 0.1669750 0.1572382 0.1568489 1.6620083 0.7417622 1.5654325 1.5056973 0.9637915 1.1306828 1.2740849 1.2077183 1.4416722 1.4300592 1.4621991 1.4928760 0.9884294 1.2645675 1.1296719 1.8576315 1.6134843 1.2388566 1.2248727 1.3732650 1.3970867 1.6693968 1.3860021 1.4002758 1.3214476 1.1411254 1.3983912 2.0376318 1.7268885 
TrH2_TrispH2_000965-RA                                 0.9753373 0.9154920 1.1109594 0.8709846 1.1363274 1.0089334 1.0501393 1.0019591 1.1034179 1.2356561 1.0403204 1.1043554 0.6717684 1.2906718 1.5006123 1.2484666 1.4726328 1.2464011 1.2779500 0.0317957 0.0000000 0.1674733 0.1524413 0.1456389 0.1588859 0.1407418 1.6025287 0.8108387 1.6469052 1.5770911 1.0192102 1.1897710 1.3517702 1.2892129 1.4784187 1.5115181 1.4599410 1.4977131 1.0197462 1.3060122 1.2035032 1.8576315 1.6134843 1.2844381 1.2705818 1.3732650 1.4541633 1.6693968 1.4788467 1.4703399 1.3744454 1.2138241 1.4876650 2.0389864 1.7268885 
HoiH06_mRNA1654                                        0.9884521 0.9492817 1.1037118 0.8466713 1.1682884 0.9606602 1.0417446 0.9586505 1.0830336 1.2313642 1.0541187 1.1010294 0.6407113 1.2977404 1.5226771 1.2536987 1.4219853 1.2039457 1.2816038 0.1812346 0.1674733 0.0000000 0.0368526 0.0678420 0.0792235 0.1136976 1.5527941 0.7808381 1.6752676 1.6253399 1.0908846 1.2125947 1.3946951 1.2951148 1.4267237 1.5103085 1.4329878 1.4516390 1.0249406 1.2881918 1.2291244 1.9440497 1.6331845 1.3895632 1.3663876 1.3497382 1.5291515 1.7334888 1.5373414 1.5961117 1.3811880 1.1887125 1.5714724 2.0533210 1.7805024 
HoiH23_PlH23_003507-RA                                 0.9992553 0.9528521 1.1349893 0.8573472 1.1738110 0.9621539 1.0409379 0.9753993 1.1125489 1.2519804 1.0503058 1.0863312 0.6285183 1.3077112 1.5607216 1.2482100 1.4115945 1.2065487 1.2712760 0.1677497 0.1524413 0.0368526 0.0000000 0.0782567 0.0901791 0.1048147 1.5412197 0.7416165 1.6653285 1.6081657 1.0977022 1.2287486 1.3801386 1.2911557 1.4048941 1.4879413 1.4527270 1.4813113 1.0275429 1.2465928 1.2374517 1.9532010 1.6394591 1.3952731 1.3782562 1.3639681 1.4870189 1.7306232 1.5014781 1.5715526 1.4017745 1.2039019 1.5816839 2.0172994 1.7413535 
Hhon_g03203.t1                                         1.0072310 0.9732257 1.1294342 0.8701316 1.1580184 0.9574992 1.0476717 0.9854786 1.1101942 1.2505876 1.0436309 1.0982866 0.6355892 1.3071086 1.5420087 1.2525617 1.4566066 1.2074669 1.2521097 0.1669750 0.1456389 0.0678420 0.0782567 0.0000000 0.0100597 0.1074512 1.6030257 0.7605019 1.7027505 1.6413545 1.1067943 1.2096329 1.3357975 1.2731690 1.4055893 1.4854728 1.4527918 1.4685025 0.9821677 1.2879291 1.2233350 1.9661230 1.6579835 1.3435625 1.3435886 1.3723473 1.5283098 1.7739993 1.5584886 1.5967001 1.3905752 1.2088818 1.5260574 2.0497589 1.7126282 
HoiH04_mRNA7163                                        0.9814329 0.9079215 1.0717595 0.8315132 1.1093554 0.8940873 1.0159794 0.9854786 1.0798770 1.2111082 1.0401831 1.0823297 0.6355892 1.2683443 1.5420087 1.1804718 1.3818533 1.1786365 1.1894199 0.1572382 0.1588859 0.0792235 0.0901791 0.0100597 0.0000000 0.1211477 1.5492915 0.7598108 1.6508375 1.5722932 1.0511773 1.1594275 1.2912025 1.2045426 1.3692166 1.4319969 1.4406152 1.4280848 0.9085362 1.2368450 1.1607491 1.9661230 1.6579835 1.2757290 1.2753890 1.3723473 1.4641950 1.7739993 1.4891150 1.5160447 1.3156398 1.1619696 1.4553528 1.9901363 1.7126282 
HoiH11_mRNA5089                                        0.9726424 0.9729829 1.0905136 0.8978401 1.1738623 0.9906130 1.0572143 1.0135426 1.1110378 1.2290141 1.0715789 1.1201109 0.7240867 1.3523052 1.5447993 1.3277056 1.4665388 1.2277441 1.3118125 0.1568489 0.1407418 0.1136976 0.1048147 0.1074512 0.1211477 0.0000000 1.6226729 0.7549601 1.7207637 1.6539824 1.0627923 1.2099191 1.3786248 1.2662522 1.4304447 1.5608733 1.4062711 1.4381294 1.0192394 1.2558775 1.2303853 1.9618793 1.6621756 1.3456375 1.3376308 1.3615001 1.5240581 1.7513363 1.5290508 1.5459132 1.3858849 1.1988437 1.5052325 2.0603094 1.7548466 
Lcom_lcpid27570                                        1.5197056 1.3973398 1.4822289 1.0788496 1.5100649 1.3340423 1.3708244 1.4152545 1.4483996 1.7547934 1.6397778 1.7425821 0.8463160 1.8763400 2.5890002 1.6525723 1.9654113 1.5495065 1.6179272 1.6620083 1.6025287 1.5527941 1.5412197 1.6030257 1.5492915 1.6226729 0.0000000 0.5324852 0.4748791 0.4116603 1.3111809 1.6735909 1.6558263 1.7240920 1.5784236 1.7130382 1.5117366 1.5710645 1.0104932 1.6869740 1.8951692 2.0626091 1.6757063 1.5630045 1.5553182 1.6042896 1.5540413 1.7366334 1.5312039 1.4300236 1.4362583 1.4675055 1.8125741 2.3629366 1.9816330 
Clacor_Ccor_C523347_01                                 0.7020041 0.6959744 0.6910346 1.0013528 0.8497858 0.9672205 0.8872865 0.8526437 0.9160586 1.0798259 0.9792081 1.0469513 0.7517994 1.0303337 0.5322655 0.8686784 0.9856857 0.8625692 0.8228467 0.7417622 0.8108387 0.7808381 0.7416165 0.7605019 0.7598108 0.7549601 0.5324852 0.0000000 0.5337894 0.5640344 0.6732608 0.7837821 0.8992006 1.0503488 0.9273416 0.9029349 0.8170283 0.7670417 0.9873697 0.6928948 1.0739516 0.6281054 0.4345588 0.8530636 0.8202368 0.7851682 0.8493067 0.4269509 0.7998056 0.8383612 0.8316794 0.9303206 1.1255809 4.3395049 1.1067509 
Gracom_Gcom_scaffold18954_01                           1.5164648 1.4245411 1.5999929 1.1436267 1.5779163 1.4784329 1.5733398 1.5152355 1.5405825 1.8944946 1.7472325 1.7504726 0.9061372 1.9718180 2.5833022 1.6860076 2.0448455 1.7056574 1.7244659 1.5654325 1.6469052 1.6752676 1.6653285 1.7027505 1.6508375 1.7207637 0.4748791 0.5337894 0.0000000 0.3601619 1.3023486 1.7161227 1.6410135 1.8929958 1.6343448 1.6763701 1.5059185 1.5223159 1.1075766 1.9824524 1.9694446 2.1650322 1.7641065 1.6051332 1.6089036 1.6401545 1.5546932 1.6509567 1.5851503 1.5296570 1.5162597 1.5620094 1.9556870 2.3003268 1.8245130 
Leuniv_Lniv_scaffold20005_01                           1.4770736 1.3679863 1.5243368 1.0960048 1.5874174 1.3571161 1.4372042 1.4358599 1.4556164 1.8004908 1.7553516 1.7801902 0.8145991 1.9466270 2.7862175 1.6008648 2.0728291 1.5521902 1.5827332 1.5056973 1.5770911 1.6253399 1.6081657 1.6413545 1.5722932 1.6539824 0.4116603 0.5640344 0.3601619 0.0000000 1.2608476 1.6302320 1.6403103 1.7952613 1.5295911 1.6172713 1.4732349 1.5335974 0.9542887 1.8626354 1.7856794 1.9814513 1.5410546 1.4548457 1.4613368 1.5183126 1.4022004 1.5063574 1.4113156 1.4180692 1.4993625 1.4342217 1.7993997 2.3009651 1.7660571 
Plajan_Pjan_C566914_01                                 1.0699155 1.0289259 1.2441638 0.9027518 1.2189067 1.0164147 1.1035218 1.0647204 1.1379588 1.3799851 1.1232115 1.1092441 0.6387846 1.2803461 1.6031183 1.1970500 1.4527250 1.2788945 1.4029729 0.9637915 1.0192102 1.0908846 1.0977022 1.1067943 1.0511773 1.0627923 1.3111809 0.6732608 1.3023486 1.2608476 0.0000000 1.2576075 1.2759010 1.3608377 1.3051672 1.3621133 1.2207404 1.2021124 0.9042833 1.3962837 1.4006053 1.6430277 1.4303867 1.2416143 1.2469369 1.2929596 1.2856393 1.2996135 1.2662865 1.2223008 0.8783639 1.1662658 1.7708954 1.8497637 1.5548991 
Acagra_model.g22172.t1                                 0.9977056 0.9233494 1.1665702 0.8484992 1.2172410 1.0766039 1.1295645 1.0040937 1.1883462 1.3773755 1.2384515 1.2877437 0.6731463 1.3413382 1.6606633 1.3164631 1.4828790 1.3931648 1.3293040 1.1306828 1.1897710 1.2125947 1.2287486 1.2096329 1.1594275 1.2099191 1.6735909 0.7837821 1.7161227 1.6302320 1.2576075 0.0000000 0.7228191 1.0024162 1.4892989 1.4459448 1.3368836 1.3633292 0.9525578 0.9699029 1.0200114 1.9333515 1.6431358 1.3428727 1.3023479 1.4298610 1.4436152 1.7139331 1.6124657 1.4987091 1.2700569 1.1960697 1.3592114 1.9660595 1.4399966 
Cgig_XM_034471497.1                                    1.0536475 0.9882705 1.2396467 0.9953583 1.2320570 1.2080683 1.1699844 1.1035657 1.2188849 1.4287446 1.4168997 1.4127850 0.7523422 1.4856750 1.8897031 1.4792370 1.6356102 1.4342246 1.4281898 1.2740849 1.3517702 1.3946951 1.3801386 1.3357975 1.2912025 1.3786248 1.6558263 0.8992006 1.6410135 1.6403103 1.2759010 0.7228191 0.0000000 1.1639210 1.4724906 1.4722024 1.4221780 1.4384818 1.1125145 1.0483550 1.0524752 1.8475223 1.6244047 1.5193261 1.5346856 1.4395022 1.6118641 1.9003634 1.7086395 1.5439792 1.4766028 1.2304818 1.5042845 2.1582491 1.8870720 
Dpul_mRNA15663                                         1.0479796 1.0736310 1.1640152 0.8394247 1.2907165 1.0031532 1.1408260 1.0635553 1.2477895 1.3748873 1.2398835 1.3249263 0.6989820 1.4991735 1.8473065 1.3908912 1.6219833 1.5386565 1.5742088 1.2077183 1.2892129 1.2951148 1.2911557 1.2731690 1.2045426 1.2662522 1.7240920 1.0503488 1.8929958 1.7952613 1.3608377 1.0024162 1.1639210 0.0000000 1.4909763 1.6583743 1.5731427 1.5189061 1.1360108 1.2433046 0.9298276 2.0764894 1.6937233 1.4712458 1.4439332 1.5442309 1.5018540 1.7718851 1.6238708 1.5996695 1.5981095 1.1225829 1.2618016 2.3856448 2.1711506 
Aque_Aqu2.1.42498_001                                  1.3811856 1.3522494 1.4601878 1.1960733 1.5811087 1.2984657 1.4849206 1.4616279 1.5608404 1.8393313 1.4081485 1.3001947 0.8761279 1.6897131 2.0684843 1.5599305 1.6626498 1.5669549 1.5119427 1.4416722 1.4784187 1.4267237 1.4048941 1.4055893 1.3692166 1.4304447 1.5784236 0.9273416 1.6343448 1.5295911 1.3051672 1.4892989 1.4724906 1.4909763 0.0000000 0.5041346 1.0466670 0.9960135 0.7156328 1.5752053 1.6196536 2.0112983 1.8039685 1.6061392 1.6239912 1.6378144 1.5628395 1.6564102 1.6537016 1.6742283 1.3837836 1.4688167 1.6130739 1.5589978 1.4685728 
Halamb_c41667_g1_i2m.14022                             1.4117765 1.3410941 1.5185319 1.2208609 1.6354319 1.4216689 1.4426416 1.4029490 1.5216749 1.7723184 1.4773119 1.4615761 0.7563868 1.6317658 2.1600242 1.5066067 1.7325204 1.5828131 1.5918451 1.4300592 1.5115181 1.5103085 1.4879413 1.4854728 1.4319969 1.5608733 1.7130382 0.9029349 1.6763701 1.6172713 1.3621133 1.4459448 1.4722024 1.6583743 0.5041346 0.0000000 0.9975648 1.0183984 0.7433149 1.6481032 1.6389251 1.8603436 1.7846385 1.5353719 1.5468382 1.5257848 1.4147224 1.6711317 1.6334580 1.5892650 1.4485006 1.5131623 1.7559265 1.4925150 1.2161629 
Emue_Em0021g569a.t1                                    1.3570826 1.3044891 1.4195597 1.0690535 1.4120531 1.2052949 1.2800852 1.2916554 1.2986902 1.4958198 1.3310012 1.5287574 0.8096967 1.4517167 1.7944970 1.6440592 1.4844219 1.5073356 1.4915794 1.4621991 1.4599410 1.4329878 1.4527270 1.4527918 1.4406152 1.4062711 1.5117366 0.8170283 1.5059185 1.4732349 1.2207404 1.3368836 1.4221780 1.5731427 1.0466670 0.9975648 0.0000000 0.0764101 0.6560436 1.6616006 1.5954657 1.7637613 1.7225766 1.3786916 1.3811339 1.5398858 1.5616938 1.7305390 1.7113799 1.5868635 1.2958694 1.1996668 1.7558081 1.1676119 0.9396991 
Spolac_c101946_g2_i1_m.27370c101946-g2                 1.3082180 1.2954652 1.4327485 1.0933343 1.4428379 1.2675876 1.3857660 1.3376121 1.3700804 1.5781955 1.3340488 1.5272351 0.8540278 1.4487197 1.8285647 1.5824858 1.5128378 1.4801465 1.5408370 1.4928760 1.4977131 1.4516390 1.4813113 1.4685025 1.4280848 1.4381294 1.5710645 0.7670417 1.5223159 1.5335974 1.2021124 1.3633292 1.4384818 1.5189061 0.9960135 1.0183984 0.0764101 0.0000000 0.6441807 1.6774996 1.5547787 1.8590184 1.7823053 1.4082085 1.4107084 1.6017558 1.5904526 1.7543779 1.7120745 1.5937610 1.3276010 1.2215042 1.7579331 1.2066270 0.9463299 
Plespi_Pspi_scaffold3066_01                            1.0039519 0.9708720 1.0506763 1.0639709 1.0893143 1.0367692 1.0401344 0.8224433 1.0525270 1.3168309 0.9830849 1.0283750 0.9374909 1.1858448 1.3379721 1.1445038 1.3009370 1.1377924 1.1647711 0.9884294 1.0197462 1.0249406 1.0275429 0.9821677 0.9085362 1.0192394 1.0104932 0.9873697 1.1075766 0.9542887 0.9042833 0.9525578 1.1125145 1.1360108 0.7156328 0.7433149 0.6560436 0.6441807 0.0000000 1.1343627 1.1517255 1.0801992 1.0017492 1.0323723 1.0106389 1.0708590 1.0736315 0.9357353 1.1212226 1.0890702 0.8358540 1.1125376 1.4572499 1.2746075 0.9792247 
Ctel_gnl_WGS_AMQN_CAPTEDRAFT_mRNA228368                1.2725774 1.1458536 1.4169054 1.1133070 1.3737122 1.2369887 1.2678359 1.1591525 1.3727051 1.4781496 1.4291804 1.5044827 0.9217311 1.6624136 2.1319360 1.5787920 1.7708763 1.5832046 1.5460865 1.2645675 1.3060122 1.2881918 1.2465928 1.2879291 1.2368450 1.2558775 1.6869740 0.6928948 1.9824524 1.8626354 1.3962837 0.9699029 1.0483550 1.2433046 1.5752053 1.6481032 1.6616006 1.6774996 1.1343627 0.0000000 1.2205435 2.4532579 1.7695144 1.5641288 1.5688703 1.7028842 1.5808220 1.8440669 1.6667166 1.7737531 1.6317571 1.5436186 1.6911183 2.2591296 1.8107119 
Cscu_XM_023366066.1                                    1.1571485 0.9942345 1.2246528 0.9239020 1.2548114 1.1060056 1.2498396 1.1650770 1.3230546 1.5846710 1.3530033 1.2975902 0.8999741 1.5192446 1.7424434 1.3830422 1.6288642 1.5506447 1.6071111 1.1296719 1.2035032 1.2291244 1.2374517 1.2233350 1.1607491 1.2303853 1.8951692 1.0739516 1.9694446 1.7856794 1.4006053 1.0200114 1.0524752 0.9298276 1.6196536 1.6389251 1.5954657 1.5547787 1.1517255 1.2205435 0.0000000 2.0356995 1.6793764 1.4280970 1.4377388 1.5259360 1.6149910 1.7580905 1.7133438 1.7564206 1.5956045 1.2371292 1.5321479 2.4023852 1.8906658 
Mlei_ML0073.g22.i1                                     1.8458858 1.7743999 1.9118946 1.0222909 1.8446032 1.5862934 1.6440312 1.6535228 1.6374167 2.1438339 1.6593619 1.8703769 4.5628374 1.9656612 2.1865359 1.8331453 2.1248444 2.0918978 1.9275389 1.8576315 1.8576315 1.9440497 1.9532010 1.9661230 1.9661230 1.9618793 2.0626091 0.6281054 2.1650322 1.9814513 1.6430277 1.9333515 1.8475223 2.0764894 2.0112983 1.8603436 1.7637613 1.8590184 1.0801992 2.4532579 2.0356995 0.0000000 0.3857846 0.5100726 0.4963407 0.4092297 0.5468051 0.5195677 0.5155411 0.5151486 1.9148631 1.4409951 2.1110671 1.8626832 2.3628179 
Lampan_Lpan_15590_01                                   1.5728321 1.3266562 1.5369437 0.7936905 1.5756425 1.4303745 1.6035784 1.5567710 1.5530737 2.0229370 1.4520796 1.5569013 0.5000428 1.7427204 2.2489578 1.6741260 1.8972858 1.7520995 1.7573894 1.6134843 1.6134843 1.6331845 1.6394591 1.6579835 1.6579835 1.6621756 1.6757063 0.4345588 1.7641065 1.5410546 1.4303867 1.6431358 1.6244047 1.6937233 1.8039685 1.7846385 1.7225766 1.7823053 1.0017492 1.7695144 1.6793764 0.3857846 0.0000000 0.5102912 0.4981297 0.4431202 0.4662257 0.4729490 0.4925112 0.6561282 1.6355110 1.3860591 1.9996233 1.8506812 2.4590121 
Pbac_sb2655173                                         1.3818203 1.3137888 1.4253992 0.9433070 1.3876014 1.2049040 1.3303168 1.2916705 1.2885680 1.5152749 1.2750590 1.3052646 0.8046678 1.4436828 2.0093105 1.4573248 1.6299744 1.4965168 1.4667316 1.2388566 1.2844381 1.3895632 1.3952731 1.3435625 1.2757290 1.3456375 1.5630045 0.8530636 1.6051332 1.4548457 1.2416143 1.3428727 1.5193261 1.4712458 1.6061392 1.5353719 1.3786916 1.4082085 1.0323723 1.5641288 1.4280970 0.5100726 0.5102912 0.0000000 0.0228226 0.4018325 0.4770951 0.5525011 0.4866963 0.5376737 1.4104585 1.1362087 1.6842322 2.3137112 2.0699674 
Horcal_Hcv1.av93.c7.g348.i1                            1.3690524 1.2819668 1.4256655 0.9286632 1.4110894 1.1912572 1.3042036 1.2704028 1.2726384 1.5266286 1.2502661 1.3092454 0.7914270 1.4339574 2.0147929 1.4441118 1.6272099 1.4573079 1.4590583 1.2248727 1.2705818 1.3663876 1.3782562 1.3435886 1.2753890 1.3376308 1.5553182 0.8202368 1.6089036 1.4613368 1.2469369 1.3023479 1.5346856 1.4439332 1.6239912 1.5468382 1.3811339 1.4107084 1.0106389 1.5688703 1.4377388 0.4963407 0.4981297 0.0228226 0.0000000 0.3968368 0.4590234 0.5504729 0.4830032 0.5275974 1.4101850 1.1246257 1.6965708 2.3505970 2.1124337 
Beraby_Baby_sb346766                                   1.4081493 1.2831742 1.4009114 0.8140015 1.3055700 1.1190020 1.2649524 1.2813354 1.1758875 1.3999353 1.2518795 1.3825109 0.8723153 1.5084868 2.1605435 1.4726585 1.6441446 1.5607485 1.5309044 1.3732650 1.3732650 1.3497382 1.3639681 1.3723473 1.3723473 1.3615001 1.6042896 0.7851682 1.6401545 1.5183126 1.2929596 1.4298610 1.4395022 1.5442309 1.6378144 1.5257848 1.5398858 1.6017558 1.0708590 1.7028842 1.5259360 0.4092297 0.4431202 0.4018325 0.3968368 0.0000000 0.4092872 0.5135626 0.4374075 0.4814160 1.5264221 1.0727255 1.8074533 2.1150069 2.1304643 
Vmul_Simscaffold8025_01                                1.3372949 1.4090278 1.5307827 0.9133267 1.3969615 1.2114148 1.2553243 1.2703883 1.2828684 1.4981654 1.3231792 1.3827712 0.8219902 1.6595795 2.4543322 1.4382385 1.7278246 1.5178355 1.5543291 1.3970867 1.4541633 1.5291515 1.4870189 1.5283098 1.4641950 1.5240581 1.5540413 0.8493067 1.5546932 1.4022004 1.2856393 1.4436152 1.6118641 1.5018540 1.5628395 1.4147224 1.5616938 1.5904526 1.0736315 1.5808220 1.6149910 0.5468051 0.4662257 0.4770951 0.4590234 0.4092872 0.0000000 0.3164364 0.3073245 0.5616915 1.5745192 1.2259971 1.7674352 2.3726444 1.9520856 
Coeast_Cast_sb761327                                   1.4897183 1.4739623 1.6898139 0.8181375 1.5619867 1.4306595 1.5244794 1.5166738 1.5624651 2.0460248 1.6488452 1.7017059 0.7206986 1.8538871 2.2603520 1.6408818 1.9272217 1.6471555 1.6322907 1.6693968 1.6693968 1.7334888 1.7306232 1.7739993 1.7739993 1.7513363 1.7366334 0.4269509 1.6509567 1.5063574 1.2996135 1.7139331 1.9003634 1.7718851 1.6564102 1.6711317 1.7305390 1.7543779 0.9357353 1.8440669 1.7580905 0.5195677 0.4729490 0.5525011 0.5504729 0.5135626 0.3164364 0.0000000 0.0620307 0.5905424 1.6520459 1.3832148 1.9660971 1.8809866 2.5777384 
Coemet_Cmet_C605858_01                                 1.3952627 1.3261109 1.5726873 0.9798847 1.4597581 1.3247042 1.3023367 1.2604959 1.3594631 1.5959740 1.4281880 1.4667788 0.8039562 1.6800277 2.2830484 1.4949101 1.7596914 1.5324558 1.5579695 1.3860021 1.4788467 1.5373414 1.5014781 1.5584886 1.4891150 1.5290508 1.5312039 0.7998056 1.5851503 1.4113156 1.2662865 1.6124657 1.7086395 1.6238708 1.6537016 1.6334580 1.7113799 1.7120745 1.1212226 1.6667166 1.7133438 0.5155411 0.4925112 0.4866963 0.4830032 0.4374075 0.3073245 0.0620307 0.0000000 0.5305497 1.6386250 1.3138130 1.9774419 2.4846260 2.1607099 
Drygla_Dgla_sb303127                                   1.4339605 1.4608090 1.4454418 0.9347238 1.2914582 1.1620668 1.2202259 1.1237643 1.2776311 1.4513182 1.3575682 1.4040988 0.8398621 1.5715680 2.2733776 1.5156154 1.6299342 1.5512007 1.5331155 1.4002758 1.4703399 1.5961117 1.5715526 1.5967001 1.5160447 1.5459132 1.4300236 0.8383612 1.5296570 1.4180692 1.2223008 1.4987091 1.5439792 1.5996695 1.6742283 1.5892650 1.5868635 1.5937610 1.0890702 1.7737531 1.7564206 0.5151486 0.6561282 0.5376737 0.5275974 0.4814160 0.5616915 0.5905424 0.5305497 0.0000000 1.4131132 1.1396945 1.8098320 2.6341379 2.1043744 
Opea_EP00118_Oscarella_pearsei_P020637                 1.2868870 1.1973029 1.4993170 0.9622987 1.4310003 1.2712667 1.4314900 1.2723126 1.3484419 1.6818521 1.3536096 1.4565077 0.6810172 1.4714551 1.9039191 1.4911907 1.6638878 1.3865639 1.3960782 1.3214476 1.3744454 1.3811880 1.4017745 1.3905752 1.3156398 1.3858849 1.4362583 0.8316794 1.5162597 1.4993625 0.8783639 1.2700569 1.4766028 1.5981095 1.3837836 1.4485006 1.2958694 1.3276010 0.8358540 1.6317571 1.5956045 1.9148631 1.6355110 1.4104585 1.4101850 1.5264221 1.5745192 1.6520459 1.6386250 1.4131132 0.0000000 1.3634032 1.7282144 1.8584804 1.5531037 
Adig_XM_015910982.1                                    1.1204107 1.0439870 1.1468711 0.6148709 0.6631807 0.1328008 0.2417606 0.2035861 0.3116790 0.4087623 0.9343723 1.0418835 0.7094586 1.2181625 1.3925931 1.1484107 1.3420359 1.2656983 1.1294310 1.1411254 1.2138241 1.1887125 1.2039019 1.2088818 1.1619696 1.1988437 1.4675055 0.9303206 1.5620094 1.4342217 1.1662658 1.1960697 1.2304818 1.1225829 1.4688167 1.5131623 1.1996668 1.2215042 1.1125376 1.5436186 1.2371292 1.4409951 1.3860591 1.1362087 1.1246257 1.0727255 1.2259971 1.3832148 1.3138130 1.1396945 1.3634032 0.0000000 1.3920384 1.9363490 1.9116202 
Tcas_TC013459_001                                      1.2916007 1.3584902 1.6414216 1.2640680 1.4975615 1.3881784 1.3869129 1.3014528 1.5209629 1.7022705 1.5255298 1.5882512 0.9129539 1.7012943 2.2025586 1.5609491 1.6505535 1.6457176 1.7256745 1.3983912 1.4876650 1.5714724 1.5816839 1.5260574 1.4553528 1.5052325 1.8125741 1.1255809 1.9556870 1.7993997 1.7708954 1.3592114 1.5042845 1.2618016 1.6130739 1.7559265 1.7558081 1.7579331 1.4572499 1.6911183 1.5321479 2.1110671 1.9996233 1.6842322 1.6965708 1.8074533 1.7674352 1.9660971 1.9774419 1.8098320 1.7282144 1.3920384 0.0000000 2.5444929 2.3378008 
Tetwil_g6736.t2                                        2.0221527 1.9511614 2.1985652 2.1992282 2.1242902 1.9316731 1.8526294 1.6996920 1.9254991 2.4063565 1.9302889 2.0929582 5.5797672 2.2439240 1.7162589 2.1711081 2.1981647 2.1463017 2.0049274 2.0376318 2.0389864 2.0533210 2.0172994 2.0497589 1.9901363 2.0603094 2.3629366 4.3395049 2.3003268 2.3009651 1.8497637 1.9660595 2.1582491 2.3856448 1.5589978 1.4925150 1.1676119 1.2066270 1.2746075 2.2591296 2.4023852 1.8626832 1.8506812 2.3137112 2.3505970 2.1150069 2.3726444 1.8809866 2.4846260 2.6341379 1.8584804 1.9363490 2.5444929 0.0000000 1.1306667 
Stycar_maker-SC_scaffold4635-augustus-gene-0.47-mRNA-1 1.7224489 1.4029572 1.9536027 2.0745063 1.9635727 1.6720297 1.7272753 1.7876493 1.7611919 1.7670731 1.6792693 1.8702281 1.2366555 2.1258727 2.4995560 1.9427642 2.0609278 2.3823972 2.0186501 1.7268885 1.7268885 1.7805024 1.7413535 1.7126282 1.7126282 1.7548466 1.9816330 1.1067509 1.8245130 1.7660571 1.5548991 1.4399966 1.8870720 2.1711506 1.4685728 1.2161629 0.9396991 0.9463299 0.9792247 1.8107119 1.8906658 2.3628179 2.4590121 2.0699674 2.1124337 2.1304643 1.9520856 2.5777384 2.1607099 2.1043744 1.5531037 1.9116202 2.3378008 1.1306667 0.0000000 
