78
Hsap_ENST00000369592                              0.0000000 0.8894138 0.8337496 0.8702665 0.8815836 0.8998198 1.1662222 1.0990767 1.4234280 1.2499127 1.3309924 1.3110400 1.3938510 1.3043058 1.4204771 1.4929221 1.2856954 1.3174233 1.7133086 0.9063942 0.9100673 0.9966177 1.0087735 1.0096619 1.0096619 1.1243375 1.4946378 1.5051333 1.4280188 1.3011137 1.2679575 1.4406018 1.3628121 1.3607779 1.0616012 1.3766827 1.8345762 1.8810647 1.8662790 1.6668285 1.7173066 1.7706093 1.7437979 1.6053117 1.7276926 1.7775100 1.5823962 1.5110500 1.5040375 1.5139855 1.5443364 1.5146106 1.3079279 2.3369548 2.2639596 2.2641762 2.0111642 1.9489354 2.1841393 1.5307693 1.5205962 1.5482002 1.6758508 1.6746665 1.5989585 2.3216369 1.8056226 1.8056226 2.3232265 2.0172998 1.7688341 2.0263048 1.6294452 2.4958540 1.9378458 1.7122638 2.4190506 1.9085691 
Bralan_BLAG16000532_1                             0.8894138 0.0000000 0.8197544 0.8490773 0.9748993 0.9730239 1.2050123 1.3042366 1.5913239 1.2473288 1.2730370 1.3036654 1.3618695 1.2714497 1.2840792 1.4923847 1.2795727 1.3761912 1.7181578 1.2904965 1.2343794 1.2457514 1.2561759 1.2539036 1.2539036 1.3499239 1.4872970 1.7112392 1.5825903 1.4665367 1.2296601 1.2483715 1.2640090 1.3190141 1.3239905 1.3017061 2.1592859 2.0004090 2.0293017 1.9968639 1.7658668 1.9080908 1.7205853 1.7116222 1.7189303 1.9484629 1.9572387 1.3575792 1.3799540 1.5129786 1.4966495 1.5924112 1.5855835 2.3704487 2.4161148 2.5288054 2.2572092 2.2299728 2.3907516 1.7861635 1.6625181 1.7981642 1.9918658 2.1011757 1.6482210 2.2049911 1.9769424 1.9769424 3.0988854 2.0537230 1.9243005 2.4860912 1.9074247 2.5644976 2.2772462 1.8877786 2.9437217 2.2116287 
Skow_XM_002733753.2                               0.8337496 0.8197544 0.0000000 0.8582622 1.0169157 0.9565584 1.1792683 1.1729209 1.4114654 1.1610324 1.1699633 1.1498701 1.1959280 1.1691426 1.3277316 1.4477429 1.2067668 1.2553137 1.6113375 1.1480175 1.1427791 1.2035283 1.2056423 1.1887048 1.1887048 1.3087122 1.4455694 1.6836045 1.4737480 1.2966134 1.2683617 1.3014692 1.1749288 1.3915539 1.0208696 1.3825024 1.9139831 1.8601414 1.8345087 2.1086535 1.7147814 1.6829648 1.7456349 1.9689429 1.6300748 1.8046606 1.6582920 1.2237852 1.1968759 1.3928271 1.3867737 1.4497558 1.3252581 2.2174476 2.2704794 2.2448854 2.3284724 2.1188118 2.1539414 1.7002720 1.4423525 1.6022672 1.4603643 1.9735336 1.5816535 2.2975466 2.0379765 2.0379765 2.3597121 2.1016157 1.9988336 2.2474599 1.8468773 2.4128415 2.0391918 2.0213899 2.9504452 2.2679007 
Cscu_XM_023364010.1                               0.8702665 0.8490773 0.8582622 0.0000000 0.7898027 0.7358914 0.9789755 1.0600066 1.3732302 1.0680079 1.1299382 1.1847662 1.1823792 1.1067991 1.1647761 1.3765242 1.1868366 1.2130128 1.5348541 1.0672489 1.0915730 1.1612854 1.1562122 1.1489695 1.1489695 1.2508568 1.3432574 1.4231146 1.3995767 1.1196558 1.2647048 1.3527837 1.2705189 1.3310643 1.2079061 1.2376824 1.7565619 1.7493290 1.5608594 1.9034353 1.6099295 1.5547555 1.6230282 1.6669894 1.5577978 1.7203395 1.7013857 1.2605399 1.2454506 1.2543608 1.2524664 1.3164198 1.4199468 2.5473806 2.3969767 2.2335402 1.9859931 2.0059963 2.2934765 1.4501163 1.7633357 1.7723536 1.5676190 1.7188644 1.7205614 2.2031842 1.7731692 1.7731692 2.5423310 1.9065513 1.6176286 1.9747781 1.6096329 2.1766963 2.0129056 1.7070575 2.3954155 1.8123480 
Cgig_XM_034445905.1                               0.8815836 0.9748993 1.0169157 0.7898027 0.0000000 0.5108090 1.1217879 0.9314214 1.3074533 1.0753989 1.2276511 1.1390593 1.1378265 1.0918660 1.1399302 1.2276930 1.1829758 1.2263466 1.5375302 1.0375133 1.0360598 1.0585084 1.0664606 1.0601487 1.0601487 1.2123938 1.1681831 1.4054566 1.3510517 1.2396117 1.1300511 1.2485508 1.1237804 1.1827369 1.1787779 1.1696658 1.7665864 1.8049605 1.4994054 1.7806986 1.4947837 1.5286530 1.5324985 1.5386260 1.6082485 1.7245270 1.7511757 1.2896823 1.3284361 1.4188241 1.4016318 1.4149258 1.3509070 2.2331872 2.2106359 2.2820089 1.7661003 1.7651635 2.0059998 1.3779137 1.6694450 1.6490669 1.6912108 1.7974626 1.5116107 2.1923455 1.7611792 1.7611792 2.5414074 1.7958276 1.7463326 2.0903898 1.5651445 2.2172666 2.1412725 1.8588970 2.3925409 1.7041281 
Acagra_model.g23447.t1                            0.8998198 0.9730239 0.9565584 0.7358914 0.5108090 0.0000000 1.1016178 0.8708173 1.1542243 0.9847768 1.0470519 1.0533071 1.1107191 1.0190711 1.0466321 1.2861465 1.1877084 1.2272456 1.4016738 0.9645998 0.9665279 1.0461471 1.0592341 1.0532542 1.0532542 1.1409186 1.2327355 1.4769626 1.3556013 1.2055574 1.1597533 1.2318492 1.2115562 1.1599234 1.1782518 1.2794731 1.6548281 1.6421500 1.7042895 1.6677081 1.3478936 1.4908913 1.5281856 1.4740403 1.5965788 1.6297764 1.6184249 1.2854054 1.3119297 1.3935641 1.3605897 1.2996047 1.3668189 2.1566660 2.3124975 2.0227861 1.7574656 1.8509892 2.3897628 1.5639633 1.8085615 1.7814515 1.6849034 1.7861342 1.8025906 2.2972775 1.6751592 1.6751592 2.5606608 1.7669368 1.7696982 2.1960267 1.5000126 2.3588786 2.0817339 1.7702129 2.5839809 1.6956377 
Dpul_mRNA18365                                    1.1662222 1.2050123 1.1792683 0.9789755 1.1217879 1.1016178 0.0000000 1.1150235 1.8094883 1.4605671 1.5936787 1.4763774 1.6222414 1.4481759 1.5973599 1.8171232 1.4378914 1.4528440 1.9650278 1.2443386 1.2468954 1.2553918 1.2449225 1.2688736 1.2688736 1.4466688 1.4759510 1.8363827 1.6888044 1.5544666 1.4235924 1.4878054 1.4313171 1.4391091 1.3364018 1.0723812 1.7078302 1.7843333 1.9115282 2.1523020 2.2025605 1.7037893 1.8590439 1.7787837 1.5093205 1.7046449 1.8418036 1.3937242 1.3492466 1.5866891 1.5732670 1.6338293 1.4843439 2.1971279 2.4207134 2.1844866 1.9369819 2.0011642 1.9137270 1.5720907 1.8593202 1.8240535 1.7244828 1.8478871 1.7969039 2.5985568 2.0105622 2.0105622 2.6964740 1.9587811 1.9248946 2.4713404 1.7398163 2.8116140 1.8673419 1.6864866 2.6797430 2.0736514 
Ctel_gnl_WGS_AMQN_CAPTEDRAFT_mRNA20281            1.0990767 1.3042366 1.1729209 1.0600066 0.9314214 0.8708173 1.1150235 0.0000000 1.4957484 1.2881500 1.3987716 1.3458662 1.4756554 1.3369702 1.4325926 1.7449613 1.4939650 1.5335150 1.8604396 1.3344770 1.2936874 1.3727623 1.3828082 1.3355643 1.3355643 1.5797912 1.5001923 1.5860138 1.4606455 1.3140340 1.3305979 1.4102177 1.3816089 1.3731271 1.3774169 1.4023961 1.8853401 1.9223779 1.7547963 1.7903735 1.7811712 1.7286678 1.6961247 1.6856640 1.5974078 1.7653410 1.6002171 1.3532662 1.3907344 1.7824605 1.7664696 1.7661365 1.3984186 2.4282190 2.4808414 2.4177202 2.0276356 2.1311617 2.4565126 1.5682036 1.8912948 1.8900877 1.9191417 1.7321339 1.7169637 2.1886143 2.0959124 2.0959124 3.3813109 2.0909405 2.0469992 2.9214674 1.8589210 2.8607159 2.5342047 2.1232294 3.6557598 2.0402334 
Exapal_XM_028662283.1                             1.4234280 1.5913239 1.4114654 1.3732302 1.3074533 1.1542243 1.8094883 1.4957484 0.0000000 0.4954936 0.5669281 0.6705120 0.6803021 0.7392979 0.8265964 0.6736572 0.9583227 0.9795333 1.1745823 1.1522193 1.1678679 1.1308062 1.1476902 1.1044668 1.1044668 1.3115733 1.0901598 1.7899812 1.5586158 1.4182870 1.3296926 1.3670483 1.2619673 1.3077182 1.5789822 1.3925215 1.8914604 1.8797531 1.7917776 1.8923201 1.7095341 1.7305173 1.8283742 1.7820270 1.7388729 1.7524453 1.4772891 1.5193395 1.5143199 1.6334013 1.5870597 1.8223082 1.5729172 2.0656488 2.2016365 2.1920755 1.9002402 1.9240131 1.9121673 1.4096416 1.3530135 1.2906226 1.3671468 1.8542389 1.6738967 1.8039624 1.7737338 1.7737338 2.5475110 1.8768032 2.0516072 2.3820539 1.7629062 2.3813660 2.2888446 1.9354604 2.7194797 2.1730143 
Nvec_v1g167920                                    1.2499127 1.2473288 1.1610324 1.0680079 1.0753989 0.9847768 1.4605671 1.2881500 0.4954936 0.0000000 0.5182243 0.5137387 0.4599179 0.4861643 0.5213591 0.6091367 0.8224849 0.7838079 0.8602114 0.9444902 0.9843491 1.0322049 1.0399296 1.0176049 1.0176049 1.0991076 0.8684786 1.5911124 1.3732582 1.2254832 1.2340462 1.2918646 1.1913165 1.2101634 1.0590064 1.3358216 1.6163802 1.5532918 1.5301701 1.7654494 1.5852291 1.5736797 1.3526905 1.5903832 1.4926694 1.4647423 1.3637185 1.1604348 1.1461696 1.2524608 1.2280453 1.2721559 1.1674196 1.8545662 1.9737659 1.9266855 1.9505403 1.8179873 2.1624936 1.3006480 1.3290405 1.2665632 1.3522321 1.6366014 1.4966808 1.8206202 1.8175709 1.8175709 2.5112636 1.9265874 1.8840186 2.2796812 1.5539576 2.2931037 2.2366835 1.9193563 2.3842212 1.8999324 
Amil_Amillepora20805-RA                           1.3309924 1.2730370 1.1699633 1.1299382 1.2276511 1.0470519 1.5936787 1.3987716 0.5669281 0.5182243 0.0000000 0.1320950 0.2001368 0.2673896 0.3413070 0.2698274 0.7118045 0.7200265 0.3524018 0.8934192 0.9248554 0.9705467 0.9757765 0.9287180 0.9287180 1.0173397 0.8950476 1.2994773 1.2327649 1.1330693 0.9541698 1.0116267 0.9568012 1.0817756 1.2832670 1.2677643 1.5960112 1.5842522 1.4594624 1.8128095 1.5156956 1.5737981 1.5645036 1.4870176 1.4584909 1.7202030 1.3101923 1.2905290 1.3233921 1.2300283 1.1972588 1.5463241 1.2538879 1.9409306 1.8481810 1.8869365 1.5771213 1.6157462 1.7240692 1.3503843 1.1551697 1.1192802 1.1773823 1.6288405 1.6514876 1.8066495 1.3907554 1.3907554 1.9757603 1.4412537 1.4859128 1.6457652 1.3447797 2.0126108 1.8209680 1.4283161 2.1338980 1.3889014 
Gfas_gfas1.m1.18694.m1                            1.3110400 1.3036654 1.1498701 1.1847662 1.1390593 1.0533071 1.4763774 1.3458662 0.6705120 0.5137387 0.1320950 0.0000000 0.1918528 0.2369152 0.2866464 0.3332962 0.6951324 0.7453434 0.4955246 0.7944480 0.8263560 0.8400973 0.8444345 0.8330359 0.8330359 0.8587324 0.8777155 1.2666211 1.1965916 1.0777399 0.9247877 0.9035699 0.8736263 0.9837755 1.1759741 1.3993969 1.4175434 1.4949400 1.4148911 1.6648594 1.4109590 1.4054621 1.4326709 1.4123879 1.3429520 1.5248624 1.2911755 1.1352645 1.1718530 1.1114036 1.0785855 1.3534615 1.1468506 1.9663191 1.9469452 1.9503217 1.7350347 1.6367696 1.9306836 1.2922873 1.4236097 1.3255399 1.3308086 1.5591814 1.5458934 1.8493242 1.5047945 1.5047945 2.1898403 1.5484780 1.6294627 1.9892480 1.4458252 2.1995272 1.9974802 1.5393000 2.3206707 1.5835854 
Gasp_gasp1.m3.16587.m1                            1.3938510 1.3618695 1.1959280 1.1823792 1.1378265 1.1107191 1.6222414 1.4756554 0.6803021 0.4599179 0.2001368 0.1918528 0.0000000 0.1489814 0.1786313 0.2253070 0.6874054 0.7500312 0.5661801 0.9734716 0.9871452 0.9542653 0.9587956 0.9320070 0.9320070 0.9979819 0.8554942 1.2424377 1.1324243 1.0689263 0.8935889 0.9582896 0.8970270 1.0126544 1.2650086 1.4932379 1.5235203 1.5009181 1.3986902 1.8267580 1.4139341 1.5171280 1.4031332 1.3918499 1.3380659 1.6337039 1.3544991 1.2060768 1.2362397 1.1813692 1.1482737 1.4257774 1.2324967 1.9035035 1.9825052 1.8992843 1.7823712 1.6822880 2.0514953 1.2948177 1.3807224 1.2279231 1.2513388 1.4883600 1.5897744 1.8119460 1.6309916 1.6309916 2.5139079 1.6809576 1.7296879 2.0624973 1.5276208 2.2507073 2.2603159 1.7262514 2.4656336 1.6278560 
Spis_XP_022808024_1                               1.3043058 1.2714497 1.1691426 1.1067991 1.0918660 1.0190711 1.4481759 1.3369702 0.7392979 0.4861643 0.2673896 0.2369152 0.1489814 0.0000000 0.0408850 0.3343635 0.6824586 0.6789702 0.6548362 0.9639493 0.9817213 0.9800967 0.9847507 0.9743285 0.9743285 1.0214827 0.8803534 1.4862972 1.2875928 1.1619300 0.9283135 1.0220459 0.9193291 1.0281523 1.2173492 1.4914842 1.5740319 1.6005342 1.5302483 1.7503087 1.5419707 1.6320645 1.3939251 1.4269797 1.3518934 1.7379616 1.3901045 1.1393643 1.1442180 1.2272760 1.1837350 1.3432361 1.1929356 1.8092282 1.9182682 1.9121308 1.7722136 1.6699072 2.0089585 1.3852650 1.3707140 1.2852335 1.2796870 1.5778474 1.6306451 1.7408568 1.5892752 1.5892752 2.4504858 1.6666559 1.7055287 2.0864606 1.4313600 2.2282868 2.2229305 1.7120916 2.6183132 1.6315737 
Pocdam_XM_027192712.1                             1.4204771 1.2840792 1.3277316 1.1647761 1.1399302 1.0466321 1.5973599 1.4325926 0.8265964 0.5213591 0.3413070 0.2866464 0.1786313 0.0408850 0.0000000 0.4311411 0.8567859 0.8414215 0.5620426 1.0779993 1.0121923 1.0469170 1.0491888 1.0316536 1.0316536 1.1055159 0.9485439 1.6451487 1.3612607 1.2239326 1.0107654 1.1392072 1.0229695 1.1020261 1.3387974 1.6873338 1.8151376 1.8003544 1.6216726 2.0064184 1.6726875 1.8504750 1.4835932 1.6054583 1.4326556 1.9220521 1.6231318 1.1392781 1.1528035 1.2563780 1.2288124 1.3262544 1.1774301 2.0314357 2.1325600 2.0408342 1.9251631 1.7058513 2.2350363 1.5462186 1.5044613 1.4009470 1.3865313 1.7986776 1.3117963 1.9845419 1.8365944 1.8365944 2.4424465 1.9262091 1.9450687 2.0653944 1.6045700 2.1004661 2.2470845 1.9887252 2.6847677 1.9844584 
Fspp_ffun1.m4.15632.m1                            1.4929221 1.4923847 1.4477429 1.3765242 1.2276930 1.2861465 1.8171232 1.7449613 0.6736572 0.6091367 0.2698274 0.3332962 0.2253070 0.3343635 0.4311411 0.0000000 0.8433267 0.9101857 0.8410596 1.0446485 1.0905310 1.0744060 1.0883888 1.0334141 1.0334141 1.1884347 1.0462538 1.6720722 1.4806615 1.1984714 1.0535073 1.0681032 0.9872215 1.1069757 1.4167344 1.7003984 1.8340562 1.7342274 1.5137731 2.1332218 1.8731405 1.6610954 1.6915657 1.6325748 1.6953611 1.7286905 1.4299799 1.3821587 1.4275150 1.4624832 1.4158619 1.6624037 1.5108896 1.9673716 1.9920264 2.0752680 1.8669017 1.9067305 2.3203035 1.7530361 1.3622227 1.3063694 1.3887937 1.6544478 1.8465276 1.6537129 1.8521157 1.8521157 2.5400616 1.8650791 1.9515230 2.2593419 1.6670723 2.5941745 2.5124696 1.9917245 3.0100306 1.8583614 
Dgig_XM_028550204.1                               1.2856954 1.2795727 1.2067668 1.1868366 1.1829758 1.1877084 1.4378914 1.4939650 0.9583227 0.8224849 0.7118045 0.6951324 0.6874054 0.6824586 0.8567859 0.8433267 0.0000000 0.2223002 1.1601576 0.9600617 0.9933378 0.9836264 0.9920267 0.9851063 0.9851063 1.0943589 1.0630378 1.5890333 1.3784409 1.2110684 1.1384617 1.2406430 1.1112592 1.2032802 1.2469527 1.3635691 1.4840540 1.5570439 1.5344146 1.7026379 1.6939333 1.5623707 1.4757291 1.6247402 1.6672201 1.6150200 1.4155606 1.1901484 1.2063892 1.1026657 1.0922658 1.1840074 1.1548876 2.0760064 2.0307874 1.9283022 1.9313535 1.6842322 2.2101415 1.3558885 1.3403343 1.3013720 1.2553433 1.5384531 1.5544669 1.9466233 1.4737642 1.4737642 2.1863290 1.7341458 1.5941463 2.0353058 1.7124660 2.1251714 1.9546013 1.6604121 2.9604743 1.9187658 
Xesp_002457-T1                                    1.3174233 1.3761912 1.2553137 1.2130128 1.2263466 1.2272456 1.4528440 1.5335150 0.9795333 0.7838079 0.7200265 0.7453434 0.7500312 0.6789702 0.8414215 0.9101857 0.2223002 0.0000000 1.1739850 1.0322177 1.0218177 0.9998282 1.0072261 0.9980619 0.9980619 1.1568714 1.1057337 1.5290289 1.3691099 1.2133217 1.1710019 1.2145812 1.1616703 1.2214038 1.3417285 1.3423320 1.5831662 1.6027482 1.4957822 1.7286596 1.7254336 1.7542424 1.4666138 1.6204150 1.5726390 1.6829432 1.4866582 1.2058772 1.2436814 1.2096565 1.1984905 1.3404014 1.2258323 2.0843788 2.2591239 2.1912241 1.8065342 1.7394843 2.1159461 1.2773006 1.3502536 1.3490390 1.2391843 1.6104175 1.6512309 2.0132448 1.5792292 1.5792292 2.5531589 1.7699134 1.6675599 2.2004493 1.5543853 2.1115731 1.9392748 1.6214184 2.9047177 1.8335332 
Adig_XM_015921710.1                               1.7133086 1.7181578 1.6113375 1.5348541 1.5375302 1.4016738 1.9650278 1.8604396 1.1745823 0.8602114 0.3524018 0.4955246 0.5661801 0.6548362 0.5620426 0.8410596 1.1601576 1.1739850 0.0000000 1.2262721 1.2455071 1.2556615 1.2655115 1.2256791 1.2256791 1.3995209 1.2150455 1.7604106 1.5659940 1.5527018 1.3390159 1.4331276 1.3681222 1.4871305 1.5708631 1.7736898 1.9879714 1.9199164 1.8373044 2.3552529 1.6531651 1.8630111 1.9185421 1.8333988 1.4663687 1.9165144 1.9010766 1.5193210 1.5502650 1.5105176 1.5065405 1.6557741 1.4702647 2.2544602 2.4287631 2.2916092 2.0240974 1.9764869 2.2663675 2.4975743 2.0787820 1.9913883 2.1007765 2.0820768 1.6881414 2.1961936 2.2443512 2.2443512 2.2788320 2.4018410 2.3195455 1.9952092 2.0563304 2.2357699 2.0484506 2.3961573 2.3899885 2.6317990 
Tadh_TriadT5809                                   0.9063942 1.2904965 1.1480175 1.0672489 1.0375133 0.9645998 1.2443386 1.3344770 1.1522193 0.9444902 0.8934192 0.7944480 0.9734716 0.9639493 1.0779993 1.0446485 0.9600617 1.0322177 1.2262721 0.0000000 0.0094947 0.2127264 0.2217773 0.2180338 0.2180338 0.2077405 1.0722411 1.2407154 1.1771497 0.9463912 1.1521781 1.1761654 1.0720854 1.1616414 1.2605871 1.3817601 1.5758526 1.6638466 1.5818159 1.6413338 1.5186451 1.4846020 1.4442638 1.4266035 1.4416345 1.6550836 1.3020733 1.3087617 1.3108300 1.1856465 1.1915099 1.4370063 1.1610612 2.0489565 2.0690191 1.9732549 1.6735915 1.8132270 1.8721724 1.4022410 1.2377579 1.2368671 1.4949104 1.3897072 1.4105366 1.6651079 1.6938342 1.6938342 2.3173410 1.7957010 1.6811361 2.1625360 1.5922799 2.5294936 2.2625808 1.8616259 2.4471780 1.7555251 
TrH2_TrispH2_008567-RA                            0.9100673 1.2343794 1.1427791 1.0915730 1.0360598 0.9665279 1.2468954 1.2936874 1.1678679 0.9843491 0.9248554 0.8263560 0.9871452 0.9817213 1.0121923 1.0905310 0.9933378 1.0218177 1.2455071 0.0094947 0.0000000 0.1811948 0.1891537 0.1837537 0.1837537 0.1752520 1.0574578 1.1935775 1.1294241 0.9185508 1.0762703 1.0751650 1.0294379 1.1020453 1.2870689 1.3416168 1.6072811 1.6943741 1.6052626 1.7167715 1.5860158 1.5520655 1.4668059 1.4532478 1.4834595 1.6629348 1.3541387 1.2933043 1.2572833 1.1531591 1.1617974 1.3491611 1.1901939 2.0611296 2.0668258 2.0292271 1.6704929 1.7752244 1.8697332 1.4166642 1.2499712 1.2373840 1.4931408 1.5014181 1.4329241 1.7575210 1.6178349 1.6178349 2.1621548 1.7395486 1.6095712 2.0400348 1.5106516 2.3479626 2.3288925 1.8583246 2.4471780 1.6743059 
HoiH06_mRNA1155                                   0.9966177 1.2457514 1.2035283 1.1612854 1.0585084 1.0461471 1.2553918 1.3727623 1.1308062 1.0322049 0.9705467 0.8400973 0.9542653 0.9800967 1.0469170 1.0744060 0.9836264 0.9998282 1.2556615 0.2127264 0.1811948 0.0000000 0.0088303 0.0312005 0.0312005 0.0920208 1.0013623 1.2002069 1.0935364 0.9058769 1.0550788 1.0423015 1.0381137 1.1087687 1.4440341 1.3485299 1.6021847 1.6566686 1.5376802 1.7519372 1.5946570 1.3789419 1.5177458 1.5246526 1.4258282 1.6796791 1.4341070 1.2174641 1.2290562 1.1687019 1.1773085 1.3125230 1.1488947 1.9426383 2.2123878 2.1062141 1.7546134 1.6500512 1.9172208 1.3290149 1.3050717 1.3025625 1.4160374 1.6230448 1.3513955 1.9643446 1.6611970 1.6611970 2.1821812 1.7612121 1.6957068 2.0341213 1.4913272 2.4004377 2.4756408 1.9513963 2.5205441 1.7103200 
HoiH23_PlH23_009938-RA                            1.0087735 1.2561759 1.2056423 1.1562122 1.0664606 1.0592341 1.2449225 1.3828082 1.1476902 1.0399296 0.9757765 0.8444345 0.9587956 0.9847507 1.0491888 1.0883888 0.9920267 1.0072261 1.2655115 0.2217773 0.1891537 0.0088303 0.0000000 0.0404539 0.0404539 0.0859478 1.0101959 1.2092090 1.1004275 0.9103414 1.0642867 1.0514583 1.0472093 1.1184567 1.4557944 1.3341624 1.5843658 1.6408598 1.5156277 1.7327204 1.5774146 1.3644457 1.5010679 1.5140702 1.4334759 1.6842779 1.4350623 1.2041433 1.2156207 1.1559556 1.1645178 1.3115840 1.1350352 1.9524144 2.2281630 2.1213207 1.7540431 1.6495246 1.9028861 1.3451375 1.3352897 1.3126022 1.3977374 1.6506602 1.3533146 1.9367660 1.6875683 1.6875683 2.2203107 1.7894717 1.7223700 2.0678553 1.5149436 2.4337174 2.4754275 1.9615980 2.5799132 1.7482217 
Hhon_g01073.t1                                    1.0096619 1.2539036 1.1887048 1.1489695 1.0601487 1.0532542 1.2688736 1.3355643 1.1044668 1.0176049 0.9287180 0.8330359 0.9320070 0.9743285 1.0316536 1.0334141 0.9851063 0.9980619 1.2256791 0.2180338 0.1837537 0.0312005 0.0404539 0.0000000 0.0000010 0.0967692 0.9898398 1.2032130 1.0889210 0.9028545 1.0634569 1.0758673 1.0459488 1.1009329 1.4192062 1.3545897 1.5876161 1.6678366 1.4881800 1.7515752 1.6046464 1.3897515 1.4893489 1.5132752 1.4077056 1.6516909 1.3930635 1.2010841 1.2190666 1.1709808 1.1795821 1.3040025 1.1485702 1.9258975 2.2568190 2.1503221 1.7152458 1.6863272 1.8793687 1.3277059 1.3037726 1.3012835 1.4603671 1.6210806 1.3454394 1.9452408 1.6828201 1.6828201 2.1239838 1.7791738 1.6671112 1.9708665 1.4791419 2.4097514 2.4730299 1.9501299 2.5609038 1.6995619 
HoiH04_mRNA8109                                   1.0096619 1.2539036 1.1887048 1.1489695 1.0601487 1.0532542 1.2688736 1.3355643 1.1044668 1.0176049 0.9287180 0.8330359 0.9320070 0.9743285 1.0316536 1.0334141 0.9851063 0.9980619 1.2256791 0.2180338 0.1837537 0.0312005 0.0404539 0.0000010 0.0000000 0.0967692 0.9898398 1.2032130 1.0889210 0.9028545 1.0634569 1.0758673 1.0459488 1.1009329 1.4192062 1.3545897 1.5876161 1.6678366 1.4881800 1.7515752 1.6046464 1.3897515 1.4893489 1.5132752 1.4077056 1.6516909 1.3930635 1.2010841 1.2190666 1.1709808 1.1795821 1.3040025 1.1485702 1.9258975 2.2568190 2.1503221 1.7152458 1.6863272 1.8793687 1.3277059 1.3037726 1.3012835 1.4603671 1.6210806 1.3454394 1.9452408 1.6828201 1.6828201 2.1239838 1.7791738 1.6671112 1.9708665 1.4791419 2.4097514 2.4730299 1.9501299 2.5609038 1.6995619 
HoiH11_mRNA878                                    1.1243375 1.3499239 1.3087122 1.2508568 1.2123938 1.1409186 1.4466688 1.5797912 1.3115733 1.0991076 1.0173397 0.8587324 0.9979819 1.0214827 1.1055159 1.1884347 1.0943589 1.1568714 1.3995209 0.2077405 0.1752520 0.0920208 0.0859478 0.0967692 0.0967692 0.0000000 0.9979416 1.2061697 1.1818362 0.9885591 1.1026007 1.1289573 1.0456086 1.1922562 1.6362208 1.4858316 1.6057944 1.6619946 1.6196464 1.7253439 1.5381200 1.3265188 1.5185630 1.5958364 1.5473290 1.9532317 1.4904492 1.3218080 1.2889971 1.1289657 1.1393986 1.4877243 1.2708242 2.1745951 2.3405138 2.2068479 1.7458414 1.7176629 1.9049715 1.4098538 1.6502020 1.5455770 1.6476682 1.6679078 1.6731090 2.7759357 1.8306636 1.8306636 2.5370768 2.0004033 1.8942059 2.3999758 1.7134171 2.9860364 2.6837318 1.9541329 2.4601485 1.7440881 
Morvir_scaffold36.g95.t1                          1.4946378 1.4872970 1.4455694 1.3432574 1.1681831 1.2327355 1.4759510 1.5001923 1.0901598 0.8684786 0.8950476 0.8777155 0.8554942 0.8803534 0.9485439 1.0462538 1.0630378 1.1057337 1.2150455 1.0722411 1.0574578 1.0013623 1.0101959 0.9898398 0.9898398 0.9979416 0.0000000 1.3526120 1.2621067 1.2129792 1.0847133 1.0775496 1.0294171 1.1980108 1.2836425 1.4659917 1.7825444 1.7774644 1.6319468 2.0168600 1.7763726 1.7913428 1.5721952 1.5997689 1.6333172 1.6203047 1.4745418 1.3774379 1.4225788 1.4390266 1.3911606 1.5689531 1.3303219 2.1687520 2.2593080 2.1958176 1.8141448 1.9768550 2.4054619 0.9225370 1.1438452 1.0846235 1.0011376 1.8593883 1.4521374 1.6130351 1.8167593 1.8167593 2.6037237 1.9165521 2.0050924 2.1255493 1.8095077 2.4438002 2.7653459 2.1255132 2.6427805 1.9950290 
Ocar_g1253                                        1.5051333 1.7112392 1.6836045 1.4231146 1.4054566 1.4769626 1.8363827 1.5860138 1.7899812 1.5911124 1.2994773 1.2666211 1.2424377 1.4862972 1.6451487 1.6720722 1.5890333 1.5290289 1.7604106 1.2407154 1.1935775 1.2002069 1.2092090 1.2032130 1.2032130 1.2061697 1.3526120 0.0000000 0.0098734 0.5594286 1.0604369 1.0535801 1.1032582 1.1208323 1.6706988 1.5462152 1.4278113 1.5162011 1.4218896 1.4981265 1.4529462 1.6022340 1.4775415 1.5194253 1.5226339 1.6006906 1.4747717 1.3839418 1.2600844 1.0844703 1.0734057 1.5865476 1.2547373 1.8638675 2.0471447 1.8858126 1.5191830 1.6108877 2.1400483 1.4869075 2.2408470 2.0602767 1.8191008 1.6831092 1.9291874 2.6383696 2.1926314 2.1926314 3.1413552 2.1931628 2.0363939 2.6521028 2.0964710 2.8751720 2.9712896 2.1929680 2.5717447 2.0614140 
Opea_EP00118_Oscarella_pearsei_P001524            1.4280188 1.5825903 1.4737480 1.3995767 1.3510517 1.3556013 1.6888044 1.4606455 1.5586158 1.3732582 1.2327649 1.1965916 1.1324243 1.2875928 1.3612607 1.4806615 1.3784409 1.3691099 1.5659940 1.1771497 1.1294241 1.0935364 1.1004275 1.0889210 1.0889210 1.1818362 1.2621067 0.0098734 0.0000000 0.5112837 1.0225026 1.0542246 1.0503567 1.0632474 1.5141051 1.4813390 1.4449831 1.4824392 1.3778100 1.5215589 1.4251104 1.5636297 1.5531768 1.4208608 1.4635010 1.5268626 1.4561667 1.2913636 1.1825246 1.1218956 1.1117253 1.4081698 1.2153458 1.7956701 1.9380283 1.9111314 1.5635582 1.5985167 2.0802296 1.4869075 1.9925176 1.7649111 1.6182251 1.6110093 1.6479108 2.0730574 1.8948161 1.8948161 2.3707602 1.8949394 1.7936851 2.0714359 1.6831487 2.2719588 2.1915839 1.8745709 2.6098109 2.0614140 
Plajan_Pjan_C546775_01                            1.3011137 1.4665367 1.2966134 1.1196558 1.2396117 1.2055574 1.5544666 1.3140340 1.4182870 1.2254832 1.1330693 1.0777399 1.0689263 1.1619300 1.2239326 1.1984714 1.2110684 1.2133217 1.5527018 0.9463912 0.9185508 0.9058769 0.9103414 0.9028545 0.9028545 0.9885591 1.2129792 0.5594286 0.5112837 0.0000000 1.0537573 1.1450886 1.0721633 1.1001718 1.4307176 1.2880888 1.4956611 1.6049343 1.6522396 1.7617836 1.5734605 1.4920489 1.5937067 1.6514399 1.4773356 1.5535843 1.5198490 1.2508018 1.2104653 1.1148281 1.1426255 1.3589594 1.2627401 2.0428683 2.2149355 2.0383052 1.6738431 1.7530311 2.1471555 1.4244429 1.5789098 1.5774043 1.5780887 1.6891583 1.6031594 2.1515757 1.9076418 1.9076418 2.6000049 1.8937109 1.8466767 2.2633235 1.8035066 2.5980502 2.4621096 1.8908019 3.1413305 1.9693328 
Scil_scict002758.1                                1.2679575 1.2296601 1.2683617 1.2647048 1.1300511 1.1597533 1.4235924 1.3305979 1.3296926 1.2340462 0.9541698 0.9247877 0.8935889 0.9283135 1.0107654 1.0535073 1.1384617 1.1710019 1.3390159 1.1521781 1.0762703 1.0550788 1.0642867 1.0634569 1.0634569 1.1026007 1.0847133 1.0604369 1.0225026 1.0537573 0.0000000 0.1836418 0.1931489 0.3151333 1.3593896 1.4618993 1.5159722 1.4815869 1.5193341 1.7791305 1.3113173 1.5906754 1.6027677 1.4957623 1.3156252 1.4472967 1.4205312 1.1214507 1.1736617 0.9787060 0.9502918 1.2873436 1.1749380 2.0264808 2.0786903 1.9146944 1.8110503 1.8251858 2.2179791 1.2760159 1.5159567 1.4144650 1.3743162 1.5872535 1.5994835 1.9493655 1.5931695 1.5931695 2.2507751 1.5903917 1.5798504 2.1215982 1.6175238 2.3638233 2.2920828 1.6569691 3.1093973 1.8735738 
Leuniv_Lniv_scaffold18758_01                      1.4406018 1.2483715 1.3014692 1.3527837 1.2485508 1.2318492 1.4878054 1.4102177 1.3670483 1.2918646 1.0116267 0.9035699 0.9582896 1.0220459 1.1392072 1.0681032 1.2406430 1.2145812 1.4331276 1.1761654 1.0751650 1.0423015 1.0514583 1.0758673 1.0758673 1.1289573 1.0775496 1.0535801 1.0542246 1.1450886 0.1836418 0.0000000 0.2018271 0.3350572 1.4305425 1.4548525 1.4523059 1.4088029 1.4185136 1.6758631 1.3844328 1.5186886 1.4859031 1.4014142 1.3305858 1.5030838 1.3238972 1.1561325 1.1855630 1.0358252 1.0129090 1.3212499 1.2355588 1.9371131 1.8459604 1.8021874 1.7676440 1.7560709 2.0500285 1.2212391 1.4967816 1.4595755 1.2879403 1.6238475 1.6535712 2.0677043 1.6685914 1.6685914 2.5205465 1.6567250 1.6800210 2.4442953 1.7265501 2.4975462 2.3779373 1.7344148 3.0307108 1.9481155 
Lcom_lcpid81360                                   1.3628121 1.2640090 1.1749288 1.2705189 1.1237804 1.2115562 1.4313171 1.3816089 1.2619673 1.1913165 0.9568012 0.8736263 0.8970270 0.9193291 1.0229695 0.9872215 1.1112592 1.1616703 1.3681222 1.0720854 1.0294379 1.0381137 1.0472093 1.0459488 1.0459488 1.0456086 1.0294171 1.1032582 1.0503567 1.0721633 0.1931489 0.2018271 0.0000000 0.3549194 1.2154843 1.4648072 1.4337351 1.4370386 1.3725219 1.6600770 1.3004948 1.6203670 1.5008267 1.5073982 1.1888533 1.4126456 1.4674229 1.0957709 1.1405304 0.9648774 0.9564625 1.2291825 1.1246278 1.8631750 1.8565578 1.7311833 1.9509023 1.8245691 2.0560348 1.3121399 1.4774995 1.4164159 1.2848573 1.5416108 1.5784110 2.0132897 1.7031289 1.7031289 2.6182706 1.7371452 1.7113297 2.3612258 1.6453167 2.3763247 2.1604367 1.6589661 3.0333288 1.8804425 
Gracom_Gcom_C545580_01                            1.3607779 1.3190141 1.3915539 1.3310643 1.1827369 1.1599234 1.4391091 1.3731271 1.3077182 1.2101634 1.0817756 0.9837755 1.0126544 1.0281523 1.1020261 1.1069757 1.2032802 1.2214038 1.4871305 1.1616414 1.1020453 1.1087687 1.1184567 1.1009329 1.1009329 1.1922562 1.1980108 1.1208323 1.0632474 1.1001718 0.3151333 0.3350572 0.3549194 0.0000000 1.4173334 1.4810371 1.6987793 1.6932251 1.5094908 1.7110085 1.4339985 1.4386185 1.5810915 1.4601769 1.3660739 1.4795789 1.4337125 1.2478354 1.2579192 1.1337204 1.1161324 1.3418045 1.3317400 2.0077308 1.8914121 1.6819620 1.7428561 1.7844221 1.9892116 1.2409652 1.5874041 1.5867075 1.5090941 1.7535999 1.6990280 2.0717826 1.8090334 1.8090334 2.6355512 1.7669842 1.8010745 2.4572261 1.8126817 2.3558380 2.1829418 1.7954866 3.1825314 2.2220417 
Spur_XM_777592.5                                  1.0616012 1.3239905 1.0208696 1.2079061 1.1787779 1.1782518 1.3364018 1.3774169 1.5789822 1.0590064 1.2832670 1.1759741 1.2650086 1.2173492 1.3387974 1.4167344 1.2469527 1.3417285 1.5708631 1.2605871 1.2870689 1.4440341 1.4557944 1.4192062 1.4192062 1.6362208 1.2836425 1.6706988 1.5141051 1.4307176 1.3593896 1.4305425 1.2154843 1.4173334 0.0000000 1.5318216 1.9862056 1.7484941 1.9159994 1.9124745 1.8844103 1.9710219 1.9883362 2.0057712 1.9257134 1.7732372 1.6497089 1.4439024 1.4660806 1.4761661 1.4709546 1.5778440 1.4412328 2.3581805 2.4663020 2.3669992 2.4423993 2.0504802 2.3163443 1.6678644 1.8042970 1.7204530 1.6090727 1.8063032 1.9479871 2.2718700 1.8936724 1.8936724 2.4012980 2.0371355 2.0277810 2.0484675 1.7160211 2.2659162 2.1150819 1.9622250 2.9846476 2.1033824 
Tcas_TC005331_001                                 1.3766827 1.3017061 1.3825024 1.2376824 1.1696658 1.2794731 1.0723812 1.4023961 1.3925215 1.3358216 1.2677643 1.3993969 1.4932379 1.4914842 1.6873338 1.7003984 1.3635691 1.3423320 1.7736898 1.3817601 1.3416168 1.3485299 1.3341624 1.3545897 1.3545897 1.4858316 1.4659917 1.5462152 1.4813390 1.2880888 1.4618993 1.4548525 1.4648072 1.4810371 1.5318216 0.0000000 1.6698282 1.8235074 1.6647535 1.7753715 1.6169928 1.6981666 1.8646416 1.6926344 1.4530567 1.8408327 1.7260146 1.5312372 1.5390424 1.2948014 1.2667299 1.7190136 1.4139195 1.9432502 2.0038621 1.8918089 1.8855197 1.9934667 1.9215660 1.6938033 1.8065985 1.7635263 1.9853525 1.9491025 1.9429265 2.5881279 1.8228300 1.8228300 3.1073294 1.8827105 1.7633123 2.8136355 1.7991362 2.4363567 2.3222759 1.8778481 2.9391265 2.0192056 
Acaspe_EP00035_Acanthoeca_spectabilis_P022236     1.8345762 2.1592859 1.9139831 1.7565619 1.7665864 1.6548281 1.7078302 1.8853401 1.8914604 1.6163802 1.5960112 1.4175434 1.5235203 1.5740319 1.8151376 1.8340562 1.4840540 1.5831662 1.9879714 1.5758526 1.6072811 1.6021847 1.5843658 1.5876161 1.5876161 1.6057944 1.7825444 1.4278113 1.4449831 1.4956611 1.5159722 1.4523059 1.4337351 1.6987793 1.9862056 1.6698282 0.0000000 0.3047333 0.7640044 0.9251460 0.7546852 1.2522718 1.3359446 1.2636428 1.1591580 1.5082215 1.0967316 1.5984448 1.5998189 1.5849549 1.5770565 1.9112916 1.2952612 1.6635747 1.6119244 1.5721039 1.4655680 1.7215198 1.4897383 2.1739302 1.9877029 1.9528889 1.8628582 1.3641305 2.4562269 2.4122695 1.8251071 1.8251071 2.1245273 1.9300204 1.9587399 2.3282266 1.9421227 2.1468726 2.2009942 2.0329793 2.6518399 2.1208097 
Helnan_EP00037_Helgoeca_nana_P012104              1.8810647 2.0004090 1.8601414 1.7493290 1.8049605 1.6421500 1.7843333 1.9223779 1.8797531 1.5532918 1.5842522 1.4949400 1.5009181 1.6005342 1.8003544 1.7342274 1.5570439 1.6027482 1.9199164 1.6638466 1.6943741 1.6566686 1.6408598 1.6678366 1.6678366 1.6619946 1.7774644 1.5162011 1.4824392 1.6049343 1.4815869 1.4088029 1.4370386 1.6932251 1.7484941 1.8235074 0.3047333 0.0000000 0.7491646 1.0154709 0.8844308 1.3773032 1.5205062 1.4145406 1.1928256 1.5605371 1.1904159 1.7185738 1.7292690 1.5624119 1.5738482 1.9288463 1.5377777 1.7431001 1.6181794 1.4947352 1.6843320 1.6946417 1.6630971 2.2892593 2.0800278 2.0394777 1.9486920 1.4866730 2.3444920 2.3142854 1.8657689 1.8657689 2.2254303 2.0751272 2.0939966 2.3908653 1.8557036 2.0034357 2.2576204 2.0749836 2.9610205 1.9744988 
Stedip_EP00041_Stephanoeca_diplocostata_P028234   1.8662790 2.0293017 1.8345087 1.5608594 1.4994054 1.7042895 1.9115282 1.7547963 1.7917776 1.5301701 1.4594624 1.4148911 1.3986902 1.5302483 1.6216726 1.5137731 1.5344146 1.4957822 1.8373044 1.5818159 1.6052626 1.5376802 1.5156277 1.4881800 1.4881800 1.6196464 1.6319468 1.4218896 1.3778100 1.6522396 1.5193341 1.4185136 1.3725219 1.5094908 1.9159994 1.6647535 0.7640044 0.7491646 0.0000000 0.7989586 0.7481688 0.9828045 1.0661785 1.0374674 1.2032707 1.3022146 1.2253298 1.6409478 1.5308842 1.7328324 1.7418518 1.9276918 1.4249323 1.4729967 1.6105499 1.4796685 1.3083381 1.5218065 1.4061170 2.2331564 2.0628396 2.0845009 2.0908200 1.3314239 1.9595931 2.3639886 1.9974130 1.9974130 2.6508527 1.9121996 1.9253467 2.3986921 1.8660032 2.2110512 2.3969503 2.1951537 2.8604352 2.0428683 
Diagra_EP00040_Diaphanoeca_grandis_P022909        1.6668285 1.9968639 2.1086535 1.9034353 1.7806986 1.6677081 2.1523020 1.7903735 1.8923201 1.7654494 1.8128095 1.6648594 1.8267580 1.7503087 2.0064184 2.1332218 1.7026379 1.7286596 2.3552529 1.6413338 1.7167715 1.7519372 1.7327204 1.7515752 1.7515752 1.7253439 2.0168600 1.4981265 1.5215589 1.7617836 1.7791305 1.6758631 1.6600770 1.7110085 1.9124745 1.7753715 0.9251460 1.0154709 0.7989586 0.0000000 0.9789495 1.4780982 1.1940094 1.3719598 1.3076462 1.4343069 1.2154977 1.7697389 1.8396544 1.9766900 1.9909165 2.2141420 1.5733431 1.5576481 1.7404068 1.5717476 1.3637549 1.4797374 1.4290295 2.3564790 2.3887030 2.3811368 2.3977303 1.6049794 2.2627143 2.3441145 1.9138204 1.9138204 2.3910236 1.9484684 1.9541736 2.1780427 1.9309830 2.2188133 2.2926485 2.0584615 2.5867862 2.0615728 
Didcos_EP00039_Didymoeca_costata_P019024          1.7173066 1.7658668 1.7147814 1.6099295 1.4947837 1.3478936 2.2025605 1.7811712 1.7095341 1.5852291 1.5156956 1.4109590 1.4139341 1.5419707 1.6726875 1.8731405 1.6939333 1.7254336 1.6531651 1.5186451 1.5860158 1.5946570 1.5774146 1.6046464 1.6046464 1.5381200 1.7763726 1.4529462 1.4251104 1.5734605 1.3113173 1.3844328 1.3004948 1.4339985 1.8844103 1.6169928 0.7546852 0.8844308 0.7481688 0.9789495 0.0000000 1.2122589 1.2055757 1.1470848 1.1196420 1.3083865 1.2120540 1.7238448 1.7357679 1.7997797 1.7868734 2.0629611 1.5690109 1.6767202 1.7369280 1.6137991 1.5802878 1.6344489 1.6814284 2.3483260 2.5471196 2.3866685 2.1658097 1.5022206 2.0992660 2.7871282 1.8739387 1.8739387 2.4264309 2.0078270 2.0380257 2.0447131 1.8815476 2.2660533 2.3580394 2.1257644 2.3923578 2.0040713 
Salkve_EP00050_Salpingoeca_kvevrii_P013504        1.7706093 1.9080908 1.6829648 1.5547555 1.5286530 1.4908913 1.7037893 1.7286678 1.7305173 1.5736797 1.5737981 1.4054621 1.5171280 1.6320645 1.8504750 1.6610954 1.5623707 1.7542424 1.8630111 1.4846020 1.5520655 1.3789419 1.3644457 1.3897515 1.3897515 1.3265188 1.7913428 1.6022340 1.5636297 1.4920489 1.5906754 1.5186886 1.6203670 1.4386185 1.9710219 1.6981666 1.2522718 1.3773032 0.9828045 1.4780982 1.2122589 0.0000000 1.2238053 1.1652968 1.2766966 1.3927950 1.1792763 1.5780578 1.5989120 1.8031844 1.7837885 2.0450411 1.6838258 1.3786505 1.4235275 1.3467595 1.3499928 1.4475800 1.5798316 2.2090184 2.6033609 2.5984177 2.0626868 1.5289265 2.2851114 2.8468144 1.9686445 1.9686445 2.6824759 2.0419585 1.8234555 2.2773092 2.1334451 2.3716854 2.3979932 2.0854563 2.6889420 2.2421037 
Salurc_EP00051_Salpingoeca_urceolata_P028086      1.7437979 1.7205853 1.7456349 1.6230282 1.5324985 1.5281856 1.8590439 1.6961247 1.8283742 1.3526905 1.5645036 1.4326709 1.4031332 1.3939251 1.4835932 1.6915657 1.4757291 1.4666138 1.9185421 1.4442638 1.4668059 1.5177458 1.5010679 1.4893489 1.4893489 1.5185630 1.5721952 1.4775415 1.5531768 1.5937067 1.6027677 1.4859031 1.5008267 1.5810915 1.9883362 1.8646416 1.3359446 1.5205062 1.0661785 1.1940094 1.2055757 1.2238053 0.0000000 1.2802513 1.3875562 1.2687975 1.1238324 1.4989039 1.5344933 1.5572829 1.5640202 1.7698211 1.3535471 1.5461705 1.7329754 1.5644155 1.5958166 1.4521826 1.6450219 1.7366391 2.1507192 2.1631286 2.0589456 1.4020366 2.1892976 2.6386149 1.8094234 1.8094234 3.0938094 1.9486936 2.0065758 2.4407211 1.9443037 2.5494737 2.0682561 1.7877060 2.6341574 1.9635027 
Salmac_EP00052_Salpingoeca_macrocollata_P030721   1.6053117 1.7116222 1.9689429 1.6669894 1.5386260 1.4740403 1.7787837 1.6856640 1.7820270 1.5903832 1.4870176 1.4123879 1.3918499 1.4269797 1.6054583 1.6325748 1.6247402 1.6204150 1.8333988 1.4266035 1.4532478 1.5246526 1.5140702 1.5132752 1.5132752 1.5958364 1.5997689 1.5194253 1.4208608 1.6514399 1.4957623 1.4014142 1.5073982 1.4601769 2.0057712 1.6926344 1.2636428 1.4145406 1.0374674 1.3719598 1.1470848 1.1652968 1.2802513 0.0000000 0.8781790 1.4042294 1.2981292 1.5782981 1.5747616 1.5878271 1.5653055 1.9151294 1.2342508 1.2958074 1.4122262 1.2691108 1.3665081 1.4925690 1.4708160 2.2160876 1.9262216 1.9575019 1.9339163 1.3183451 2.1717172 1.8337763 1.7942431 1.7942431 2.4346180 1.9786404 1.8652575 2.4107616 1.9238284 2.3871767 2.3265015 2.0269951 2.9112798 2.1936514 
Salpun_EP00053_Salpingoeca_punica_P005874         1.7276926 1.7189303 1.6300748 1.5577978 1.6082485 1.5965788 1.5093205 1.5974078 1.7388729 1.4926694 1.4584909 1.3429520 1.3380659 1.3518934 1.4326556 1.6953611 1.6672201 1.5726390 1.4663687 1.4416345 1.4834595 1.4258282 1.4334759 1.4077056 1.4077056 1.5473290 1.6333172 1.5226339 1.4635010 1.4773356 1.3156252 1.3305858 1.1888533 1.3660739 1.9257134 1.4530567 1.1591580 1.1928256 1.2032707 1.3076462 1.1196420 1.2766966 1.3875562 0.8781790 0.0000000 1.2243830 1.4713399 1.7105505 1.7701426 1.8154825 1.7926057 1.9474502 1.4218192 1.4522623 1.4164804 1.3053898 1.6640168 1.4548176 1.3603791 1.9511927 1.8936247 1.8701580 1.7041892 1.3901466 2.0715745 2.3209415 1.8709959 1.8709959 3.2109618 1.8972725 1.8494953 2.7122895 1.8313217 2.5408947 2.3511651 1.8543661 2.8249582 2.0091215 
Mylflu_EP00047_Mylnosiga_fluctuans_P001517        1.7775100 1.9484629 1.8046606 1.7203395 1.7245270 1.6297764 1.7046449 1.7653410 1.7524453 1.4647423 1.7202030 1.5248624 1.6337039 1.7379616 1.9220521 1.7286905 1.6150200 1.6829432 1.9165144 1.6550836 1.6629348 1.6796791 1.6842779 1.6516909 1.6516909 1.9532317 1.6203047 1.6006906 1.5268626 1.5535843 1.4472967 1.5030838 1.4126456 1.4795789 1.7732372 1.8408327 1.5082215 1.5605371 1.3022146 1.4343069 1.3083865 1.3927950 1.2687975 1.4042294 1.2243830 0.0000000 1.3269696 1.6129448 1.6370489 1.7520894 1.7797278 1.9325607 1.5509605 1.3376400 1.6913530 1.4766614 1.6814129 1.4867397 1.7160038 2.1120491 2.4721089 2.3849765 2.3187608 1.5831663 2.0643078 2.3988411 2.0795119 2.0795119 2.9683972 2.2741309 2.1392880 2.4754737 2.0625926 2.7733471 2.4384533 2.3392999 3.1334305 2.4090830 
Saldol_EP00054_Salpingoeca_dolichothecata_P010299 1.5823962 1.9572387 1.6582920 1.7013857 1.7511757 1.6184249 1.8418036 1.6002171 1.4772891 1.3637185 1.3101923 1.2911755 1.3544991 1.3901045 1.6231318 1.4299799 1.4155606 1.4866582 1.9010766 1.3020733 1.3541387 1.4341070 1.4350623 1.3930635 1.3930635 1.4904492 1.4745418 1.4747717 1.4561667 1.5198490 1.4205312 1.3238972 1.4674229 1.4337125 1.6497089 1.7260146 1.0967316 1.1904159 1.2253298 1.2154977 1.2120540 1.1792763 1.1238324 1.2981292 1.4713399 1.3269696 0.0000000 1.5739601 1.6151116 1.5826696 1.5551696 1.7902165 1.6607947 1.6470329 1.5227830 1.4377651 1.4167757 1.3251432 1.6545535 1.8265005 1.6563531 1.6124934 1.7254161 1.2939050 1.8487509 1.9327844 1.8975806 1.8975806 2.4057677 1.9722584 1.9336136 2.2279848 1.7878314 2.2745180 2.5226472 2.0646407 2.4006110 1.8268229 
Aque_Aqu2.1.32601_001                             1.5110500 1.3575792 1.2237852 1.2605399 1.2896823 1.2854054 1.3937242 1.3532662 1.5193395 1.1604348 1.2905290 1.1352645 1.2060768 1.1393643 1.1392781 1.3821587 1.1901484 1.2058772 1.5193210 1.3087617 1.2933043 1.2174641 1.2041433 1.2010841 1.2010841 1.3218080 1.3774379 1.3839418 1.2913636 1.2508018 1.1214507 1.1561325 1.0957709 1.2478354 1.4439024 1.5312372 1.5984448 1.7185738 1.6409478 1.7697389 1.7238448 1.5780578 1.4989039 1.5782981 1.7105505 1.6129448 1.5739601 0.0000000 0.0809819 0.7390680 0.7307408 0.7938423 0.6510228 1.9870635 2.0932504 2.0364721 2.2006945 2.2064816 2.3856731 1.4119231 1.6079883 1.5547172 1.6146211 1.8328585 1.2199184 2.1160355 1.8069345 1.8069345 2.1572160 2.0348254 1.9440459 1.6488550 1.8333459 2.0874804 1.8736444 1.7270638 2.6933899 2.3711549 
