74
Hsap_ENST00000545668                                  0.0000000 2.4709190 2.7148926 2.7311621 2.5773013 2.6118951 2.9954681 3.3314972 2.3160846 1.4389008 1.4958578 1.4984375 1.8583541 1.6369312 1.2685261 1.3455999 1.7863120 1.2966130 1.7990878 1.3968999 1.2643156 1.5408121 1.6320179 1.4638546 1.4412462 1.6135994 1.7273326 1.6736981 1.5914736 1.4261178 1.3363032 1.7247017 1.6272911 1.6350732 1.6751216 2.2237951 1.9171287 1.6742411 1.7479469 2.1156520 2.0405557 1.9398865 1.9685618 1.9880637 1.9760652 1.8955132 1.9763276 1.6717299 1.8885173 1.9649554 1.9090884 2.0908278 1.8673410 1.3483650 1.9455350 2.3408638 2.0941509 2.0946953 2.4270210 2.2887596 2.0520112 2.2217528 2.2039035 2.3181010 3.2817496 2.3868230 2.5686074 2.3985328 2.6413742 2.4744616 2.7185298 2.5510309 2.3531751 6.5840280 
Horcal_Hcv1.av93.c1.g1069.i1                          2.4709190 0.0000000 0.6423932 0.6505403 0.6905899 0.8777594 0.8496770 0.8815972 1.2373410 2.1752876 2.1988166 2.1201740 2.3909228 2.4866131 2.1146784 2.1587087 2.1293843 2.0882511 2.6046106 2.1823398 1.9057980 2.1269847 2.2624628 2.1847567 2.1142244 2.0994178 2.0741484 2.0686187 2.1602944 2.1806828 2.0472714 2.2789041 2.2609622 2.2591383 2.0862758 2.6483626 2.3127842 2.1770425 2.4056419 2.6292103 2.5547959 2.6973612 2.6745987 2.5855931 2.5837107 2.5845296 2.4162500 2.2857534 2.5871502 2.0264007 2.3156520 2.2542962 2.9254247 2.5302825 2.4228529 2.6375337 2.4394685 2.4376509 2.8852184 2.7973353 2.2842091 2.4945197 2.5623681 2.7188064 2.7433200 2.5722910 2.4363138 2.4882182 2.5387526 2.3397503 2.5960329 2.7186728 2.7210504 6.4897113 
Bolinf_Binf_sb1187707                                 2.7148926 0.6423932 0.0000000 0.0040840 0.3738493 0.6067316 0.5919757 0.6767178 0.0000010 1.7790397 1.8042142 1.7878908 2.0981614 2.0898125 1.8404228 1.7486489 1.7218437 1.7306233 2.4777780 1.8671858 1.7201124 1.9021245 2.0785051 1.8312211 1.7254588 2.0462527 1.8302088 1.8382354 1.6493682 2.0095495 1.6940797 1.7591138 1.7250280 1.8042090 1.8487263 1.8663716 1.8663716 1.7798898 1.9058343 2.0580232 1.9611955 1.8732309 1.9651407 1.9557769 1.9557769 2.1646218 2.1200941 2.0720730 2.3446956 1.5572584 3.8385109 2.0317403 5.0935168 0.0000010 0.0000010 2.5587250 2.0341759 0.0000010 3.5190309 2.6111690 2.2443243 2.2151685 2.1745137 2.4075429 0.0000010 2.1181060 2.1597724 2.0623097 2.0131365 1.9946074 2.5904964 2.7472010 2.5378308 7.4761721 
Mertsp_Mesp_sb538674                                  2.7311621 0.6505403 0.0040840 0.0000000 0.3802443 0.6146644 0.5999884 0.6767178 0.0000010 1.7899086 1.8152284 1.7986643 2.1106206 2.1024811 1.8521212 1.7600463 1.7362109 1.7416529 2.4944157 1.8790063 1.7311372 1.9139668 2.0916620 1.8429301 1.7364862 2.0596222 1.8416074 1.8496467 1.6600083 2.0216245 1.7044896 1.7705420 1.7359645 1.8155399 1.8601424 1.8769006 1.8769006 1.7968963 1.9176518 2.0704132 1.9731364 1.8849422 1.9770246 1.9677388 1.9677388 2.1775238 2.1333521 2.0850982 2.3547350 1.5572584 3.8385109 2.0366993 5.1659606 0.8446186 0.0000010 2.5528454 2.0291569 0.0000010 3.5270501 2.6365886 2.2494803 2.2098870 2.1695188 2.4017271 0.0000010 2.1130644 2.1522931 2.0551171 2.0181152 2.0055746 2.5844770 2.7410664 2.5537010 7.5015513 
Beraby_Baby_sb341408                                  2.5773013 0.6905899 0.3738493 0.3802443 0.0000000 0.6946010 0.7252196 0.7517515 1.0948637 2.2876210 2.3475740 2.2447999 2.4921093 2.4159319 2.1101296 2.0523210 2.3154039 2.2049772 2.7984472 2.1740706 2.0471708 2.2832802 2.3337889 2.2072849 2.2254335 2.2716758 2.1505995 2.1869899 2.2328227 2.4119131 2.2748551 2.4026199 2.3735024 2.4205738 2.2196568 2.6354434 2.2379183 2.0981820 2.3961037 2.6532478 2.5770046 2.6813105 2.6372024 2.5855358 2.5810150 2.7571806 2.5070764 2.1750682 2.3783713 2.2771758 2.3712855 2.2496339 2.9354231 2.6208281 2.5390338 2.8225370 2.5642756 2.4172694 3.0440139 2.7935357 2.2977048 2.5381531 2.6592010 2.8826735 2.9210399 2.6256067 2.7664942 2.7946099 2.6564739 2.4542422 2.9211359 2.7552464 2.4972047 6.8203636 
Lampan_Lpan_C418717_01                                2.6118951 0.8777594 0.6067316 0.6146644 0.6946010 0.0000000 0.8847947 0.8518936 1.0962283 2.2933464 2.3688262 2.2971237 2.4988478 2.6129876 2.2901963 2.2767560 2.3250841 2.3506435 2.9862084 2.3976139 2.1653677 2.3358017 2.4233567 2.3102332 2.2605424 2.3855177 2.3328009 2.3476628 2.4296911 2.6638336 2.3227256 2.3853719 2.3578340 2.4574535 2.3683018 2.5884835 2.2566959 2.2307098 2.3201615 2.7840009 2.6963865 2.7016043 2.6035015 2.6405392 2.6447443 2.7580901 2.5586450 2.5070710 2.5632840 2.1251704 2.2334622 2.3698992 2.8415996 2.8613707 2.3880983 2.7851581 2.6128792 2.4668379 2.8953481 2.9167551 2.4134843 2.9571623 2.7698934 2.9681611 2.5321433 2.5658148 2.6725898 2.6593883 2.6241335 2.4713899 2.9481607 2.8283815 2.9523987 6.8462999 
Vmul_sbMO423869                                       2.9954681 0.8496770 0.5919757 0.5999884 0.7252196 0.8847947 0.0000000 0.5450424 0.0000010 2.3786316 2.2771212 2.3239992 2.7807804 2.6693678 2.2377487 2.3051529 2.5597363 2.5350509 2.9284361 2.4577475 2.1985970 2.4287229 2.5209726 2.3391065 2.2607339 2.3555746 2.3772184 2.2858728 2.4882189 2.5422834 2.2028484 2.4892012 2.3687378 2.4372663 2.2272826 2.6337496 2.1932558 2.6144042 2.9179276 2.4778504 2.4108245 2.4753170 2.4314514 2.4898884 2.4829499 2.5007009 2.3994679 2.2185961 3.0676817 1.9097798 7.5422879 2.5173818 3.7916937 3.9561121 3.5396435 3.1834527 2.8420173 4.3544820 4.0168123 2.9296290 2.5089635 2.7455488 2.8123403 2.8181826 0.0000010 2.8718379 3.0493899 3.0451737 2.4118175 2.7675044 3.2283490 3.0530097 3.3080552 6.2968532 
Coeast_Cast_sb774551                                  3.3314972 0.8815972 0.6767178 0.6767178 0.7517515 0.8518936 0.5450424 0.0000000 0.0000010 2.1417914 1.8589762 1.8186607 2.1325252 2.1803699 2.3096918 2.2047696 2.0775366 1.9341029 2.8853041 1.8968651 1.8243031 1.8551316 2.1236140 1.7976492 1.8157925 2.2088267 2.0163244 2.0674050 2.1811192 2.2281745 1.6051633 1.8433134 2.2001486 1.9784172 1.7822670 2.0230896 2.0230896 2.0387787 2.2667848 2.1307553 2.0217769 1.9610094 1.9006689 1.9339504 1.9339504 2.1172362 2.2910178 2.2584054 3.4368559 1.9799277 2.4172024 2.0651310 6.0047042 0.0000010 0.0000010 2.6921396 2.2048750 0.0000010 5.0801585 2.8600353 2.5129036 2.3442991 2.0733130 2.3135940 0.0000010 2.0361155 2.2680731 2.1423310 2.0077223 2.3796938 3.1956521 3.3276628 2.8820720 7.9648932 
Eupdun_Edun_sb10682962                                2.3160846 1.2373410 0.0000010 0.0000010 1.0948637 1.0962283 0.0000010 0.0000010 0.0000000 2.2817997 2.6287526 2.0516382 2.5881329 0.0000010 0.0000010 0.0000010 2.6520486 3.4887954 2.6193826 1.0555417 1.6937941 2.6511559 2.6085792 2.4325220 2.4676857 2.4916172 2.4252746 2.4340896 2.2907148 0.0000010 2.6570516 3.4529104 2.4542588 2.7101391 2.4905993 2.7279452 0.0000010 2.2840736 2.3761474 2.9646050 2.9647357 3.3329409 3.3348296 2.9110546 2.8790788 3.1170546 2.4948732 0.0000010 2.6982616 2.4403887 2.4203411 2.3391503 2.5450730 1.9710379 2.6458235 2.0477251 2.3039614 2.4823463 2.5892504 2.9950513 2.0896914 2.4795767 3.0891838 3.8649448 2.6503165 2.4776193 3.0488961 2.8677554 2.9542014 2.3996920 2.8062902 2.8139081 0.0000010 6.2960053 
Bralan_BLAG06001049_1                                 1.4389008 2.1752876 1.7790397 1.7899086 2.2876210 2.2933464 2.3786316 2.1417914 2.2817997 0.0000000 1.0675598 0.9780318 1.3490275 1.1638821 0.8525805 0.9948656 1.1665353 1.0791134 1.4354621 0.8893428 0.8835616 1.1400286 1.2050504 1.0856928 1.1622112 1.3064724 1.3019807 1.3047930 1.3397816 1.1082912 1.1162530 1.3671138 1.2728087 1.3170639 1.2180035 1.7963228 1.2207647 1.3487724 1.3272425 1.6737414 1.6244343 1.6390981 1.6763200 1.6898709 1.6869743 1.6139878 1.6493387 1.2756170 1.6964840 1.2021322 1.5395604 1.7441329 1.4982445 1.3052749 1.5878043 1.9938502 1.7655239 1.6853996 2.1703130 1.7514389 1.5202172 1.8702094 1.7343167 2.0021159 2.6569193 2.0043367 1.8934610 2.0161240 2.1424152 1.9893635 2.1499088 2.3534409 1.8131679 6.3651441 
Spur_XM_030981122.1                                   1.4958578 2.1988166 1.8042142 1.8152284 2.3475740 2.3688262 2.2771212 1.8589762 2.6287526 1.0675598 0.0000000 1.0070785 1.4892132 1.0774192 0.7247087 0.8746485 1.3010442 0.9768067 1.5343515 0.8419581 0.8719234 1.1570577 1.2462878 1.1227007 1.1588757 1.2752086 1.3895082 1.3229831 1.3338468 1.0021137 1.1366556 1.3462978 1.4379135 1.3692002 1.3275577 1.8391581 1.2914379 1.4074829 1.2943085 1.6783654 1.5830983 1.4854335 1.5814010 1.6199488 1.6149892 1.5309219 1.7536740 1.3533487 1.7640603 1.4437504 1.7469379 1.8291819 1.5877437 1.3718350 2.0225485 2.2204924 1.9199446 1.8805801 2.1680862 2.0215279 1.6946864 1.9357530 2.0492989 2.0897777 3.3255024 2.0909258 2.1082600 2.1826386 2.2632279 1.9758003 2.2251334 2.3799038 1.9386486 5.7903277 
Skow_XM_006813263.1                                   1.4984375 2.1201740 1.7878908 1.7986643 2.2447999 2.2971237 2.3239992 1.8186607 2.0516382 0.9780318 1.0070785 0.0000000 1.3897290 1.0511134 0.7952627 0.9159797 1.1342045 1.0503568 1.4182632 0.8683767 0.8173106 1.0835234 1.1837494 1.0555792 1.1243333 1.2545089 1.3078898 1.2665309 1.2072424 1.1463388 1.1130483 1.2942387 1.2477480 1.2548144 1.1211038 1.7802358 1.1665517 1.2594475 1.1738649 1.5880848 1.5159510 1.5308030 1.6134651 1.5495473 1.5467719 1.5569865 1.6511529 1.3719033 1.5871711 1.1518450 1.5761517 1.7712203 1.4452152 1.1917388 1.7942649 1.9811188 1.7201831 1.6805096 2.0724661 1.8109180 1.6310467 1.8646536 1.9499118 2.0456387 3.1146687 2.1078889 1.9822470 2.1266653 1.9419354 1.9346211 2.2347678 2.6336671 1.9269537 5.5910094 
Aque_Aqu2.1.28176_001                                 1.8583541 2.3909228 2.0981614 2.1106206 2.4921093 2.4988478 2.7807804 2.1325252 2.5881329 1.3490275 1.4892132 1.3897290 0.0000000 0.5085375 0.7356830 0.9544090 1.1738859 1.3635177 1.8917635 1.0852544 1.1922916 1.4342921 1.5446016 1.4332491 1.4857285 1.5655643 1.6354070 1.6414222 1.5964763 1.2860056 1.4434748 1.6143258 1.4730888 1.5027428 1.5187599 1.9533824 1.3052785 1.5251170 1.6242259 1.7979380 1.7638672 1.6365600 1.7059776 1.6800105 1.6864851 1.6894892 1.6837120 1.2944910 1.9653663 1.3321478 1.4738202 1.9534025 2.0976705 0.6570395 1.9640674 2.3916210 2.2814628 2.3353188 2.4853462 2.0954239 1.8835662 1.9808657 2.1780032 2.2778521 3.5465624 2.1741898 2.3069357 2.2165802 2.2028238 2.1470232 2.1572560 2.4455559 2.0115040 6.4361414 
Halamb_c49846_g2_i2m.27055                            1.6369312 2.4866131 2.0898125 2.1024811 2.4159319 2.6129876 2.6693678 2.1803699 0.0000010 1.1638821 1.0774192 1.0511134 0.5085375 0.0000000 0.5874181 0.7535555 0.8947984 1.1301548 1.2298398 1.1141008 1.0282626 1.0511467 1.2059655 1.0784403 0.9694782 1.1977721 1.3359157 1.2426744 1.1706221 1.2287666 1.1227615 1.0829689 1.2252443 1.2359640 1.2296335 1.3235281 1.1887615 1.2869866 1.2857865 1.2688226 1.2256284 1.2651371 1.2830381 1.3148657 1.3151245 1.3346354 1.3310683 1.2468932 1.4559266 0.6678293 1.4654086 1.7793231 2.6141163 0.7754778 0.0000010 2.1097432 1.7833047 1.1985894 2.5323650 1.8483634 1.5294776 1.7328831 1.7664791 1.8647911 0.0000010 1.8907048 1.9704875 1.9171376 1.8625761 2.0476521 2.1955092 2.3047306 2.0617949 6.6958533 
Stycar_maker-SC_scaffold4560-augustus-gene-0.4-mRNA-1 1.2685261 2.1146784 1.8404228 1.8521212 2.1101296 2.2901963 2.2377487 2.3096918 0.0000010 0.8525805 0.7247087 0.7952627 0.7356830 0.5874181 0.0000000 0.5289367 0.4976596 0.7604708 0.9213326 0.7304321 0.7377274 0.7848545 0.9380387 0.7640945 0.8006510 0.9329596 0.9872615 0.8332883 0.7121433 0.8413839 0.7915313 0.9081669 0.8933450 0.9630605 0.8899707 1.1392006 1.0923702 1.0018212 1.0084856 1.0844989 1.0844989 1.0899025 1.1277050 1.1220777 1.1223751 1.0748821 1.0726605 1.0927267 1.1168965 0.4905408 4.8766900 1.4887197 1.8501378 0.6720498 0.0000010 1.6080480 1.3369783 0.0000010 2.1605842 1.5844225 1.3123258 1.4776401 1.4617967 1.6069292 0.0000010 1.7273238 1.6009366 1.6241745 1.6299344 1.5597157 1.9771070 2.1747571 1.8126659 5.7930065 
Spolac_c92631_g1_i1_m.8021c92631-g1                   1.3455999 2.1587087 1.7486489 1.7600463 2.0523210 2.2767560 2.3051529 2.2047696 0.0000010 0.9948656 0.8746485 0.9159797 0.9544090 0.7535555 0.5289367 0.0000000 0.1474479 0.8060162 0.9756534 0.7586430 0.8139753 0.8555461 0.9342554 0.7663192 0.7926315 0.9419899 1.0120384 0.8768295 0.8260985 0.9254486 0.9722311 0.9060263 0.9827177 1.0866802 0.9598713 1.2156164 1.1316470 1.0030488 1.0316256 1.2719617 1.2719617 1.2770022 1.2457175 1.2751699 1.2754804 1.3208056 1.2285944 1.1472288 1.2670744 0.9885161 4.7518662 1.5741203 2.1856228 0.8091239 9.0000000 1.6195064 1.3372506 9.0000000 2.4118974 1.5217280 1.3181418 1.5858315 1.6569641 1.6112439 9.0000000 1.7843092 1.6895395 1.7792041 1.6363697 1.7175432 1.9926572 2.3307552 1.8492587 5.3671929 
Emue_Em0022g232a.t1                                   1.7863120 2.1293843 1.7218437 1.7362109 2.3154039 2.3250841 2.5597363 2.0775366 2.6520486 1.1665353 1.3010442 1.1342045 1.1738859 0.8947984 0.4976596 0.1474479 0.0000000 1.1468105 1.5608690 0.8897634 0.8761242 1.2788604 1.3553384 1.1924383 1.4094862 1.3359004 1.4366945 1.3595772 1.3838551 0.9656983 1.4078090 1.4848565 1.4592509 1.5391305 1.3576377 1.8909515 1.1415893 1.4736557 1.5063721 1.8056955 1.7323953 1.7390037 1.7721443 1.7853908 1.7933990 1.6786062 1.7779850 1.0709533 1.7539145 0.9725289 1.3951728 1.7824884 1.7704863 1.1611918 1.7217358 2.2399358 1.8221315 2.0623115 2.2308772 1.9066864 1.7542888 1.7800284 1.9497532 2.0906241 2.9047434 1.9620915 2.0316778 2.0436138 2.0288454 2.1322243 2.1788825 2.5834578 1.8738545 5.6393273 
Nvec_NVE22065                                         1.2966130 2.0882511 1.7306233 1.7416529 2.2049772 2.3506435 2.5350509 1.9341029 3.4887954 1.0791134 0.9768067 1.0503568 1.3635177 1.1301548 0.7604708 0.8060162 1.1468105 0.0000000 0.9992866 0.5744360 0.5133906 0.7375723 0.8181931 0.6518822 0.6736398 1.0536256 1.0479018 1.0024376 0.9700789 0.9708092 0.9667458 0.7628448 1.0117985 1.0076871 1.1851264 1.5736709 1.2443342 1.1962471 1.1633164 1.4499276 1.3886276 1.2793936 1.3863414 1.3872651 1.3853550 1.4137345 1.4660086 1.2293191 1.3673797 1.4711822 1.4899627 1.6126638 1.5422245 1.3155734 1.8323955 1.7428978 1.5117430 1.3977877 2.2060001 1.7001231 1.5231897 1.7327392 1.7501357 1.7064199 4.7516640 1.7727829 1.8540050 1.8603791 1.8053103 2.0196838 2.0373162 2.4153189 1.7752044 5.6802026 
Adig_XM_015909183.1                                   1.7990878 2.6046106 2.4777780 2.4944157 2.7984472 2.9862084 2.9284361 2.8853041 2.6193826 1.4354621 1.5343515 1.4182632 1.8917635 1.2298398 0.9213326 0.9756534 1.5608690 0.9992866 0.0000000 0.2626972 0.4302524 0.5854257 0.6476749 0.4388255 0.5921984 1.5038471 1.6322962 1.4760767 1.5465047 1.1880441 1.4345984 1.2442014 1.3867542 1.4106968 1.6640373 2.1537394 1.4000243 1.5600590 1.6002454 2.0017888 1.9934422 1.9020730 1.9565673 1.9002790 1.9029057 1.8705432 2.0049337 1.6393714 1.8496622 2.1401988 2.6546379 2.1322984 1.7704382 1.5458846 2.8480825 2.4590719 2.1215667 2.8579459 2.7232257 2.1108195 2.0054377 2.3196963 2.2508355 2.5667791 3.0613326 2.4849892 2.5418211 2.4351974 2.6188246 2.4599705 2.5219310 2.9877692 1.9951497 6.5646454 
Amil_Amillepora07689-RA                               1.3968999 2.1823398 1.8671858 1.8790063 2.1740706 2.3976139 2.4577475 1.8968651 1.0555417 0.8893428 0.8419581 0.8683767 1.0852544 1.1141008 0.7304321 0.7586430 0.8897634 0.5744360 0.2626972 0.0000000 0.2255718 0.3061346 0.3748480 0.2072410 0.2205971 0.8341230 0.8744447 0.8166281 0.9001907 0.9564755 0.8781158 0.7976326 0.8302568 0.7735888 1.0633706 1.3152953 1.1786005 1.0611536 0.9919744 1.2279612 1.1980469 1.1886134 1.2157767 1.2257810 1.2259917 1.2284222 1.4184175 1.2932346 1.2065428 0.6961646 0.6011403 1.3753929 1.5443420 0.9606547 0.6918228 1.8023850 1.5008849 1.1927278 2.0332806 1.6177632 1.3832327 1.4588342 1.4468180 1.7147799 2.1113584 1.6935261 1.6081801 1.7051659 1.5891113 1.6931008 1.9133997 2.2596548 1.6229128 5.2970635 
Fspp_ffun1.m4.15904.m1                                1.2643156 1.9057980 1.7201124 1.7311372 2.0471708 2.1653677 2.1985970 1.8243031 1.6937941 0.8835616 0.8719234 0.8173106 1.1922916 1.0282626 0.7377274 0.8139753 0.8761242 0.5133906 0.4302524 0.2255718 0.0000000 0.2171610 0.2542508 0.2252722 0.1252354 0.8703548 0.9569172 0.9010042 0.8956589 0.8668553 0.8666434 0.7788826 0.8037856 0.8084712 1.1393605 1.4594643 1.1557905 1.1240728 1.1593716 1.2703465 1.2175487 1.1967432 1.2306285 1.2240829 1.2242376 1.2584559 1.3830252 1.2882701 1.2130395 0.8024661 0.9640470 1.4496313 1.2920626 0.9972453 1.2828981 1.7097632 1.5151032 1.5288768 1.8295097 1.6737688 1.3408767 1.5568291 1.5518611 1.7620090 2.2816968 1.6139340 1.6150345 1.5892244 1.7386897 1.6681718 1.9095124 2.1252014 1.5335263 5.3445625 
Spis_XP_022800685_1                                   1.5408121 2.1269847 1.9021245 1.9139668 2.2832802 2.3358017 2.4287229 1.8551316 2.6511559 1.1400286 1.1570577 1.0835234 1.4342921 1.0511467 0.7848545 0.8555461 1.2788604 0.7375723 0.5854257 0.3061346 0.2171610 0.0000000 0.1532467 0.3390388 0.3271705 1.0878369 1.1360290 1.0550215 1.1326147 0.9135090 1.1569793 1.0311728 1.1121822 1.1003001 1.3637698 1.7988264 1.2203817 1.2030971 1.3990048 1.6001695 1.5410624 1.4906434 1.5754302 1.5229626 1.5271099 1.4535595 1.6207689 1.2569039 1.5005934 1.3040484 1.7358585 1.7643593 1.6409353 1.0359142 1.9179386 2.1874199 1.8005971 2.0193693 2.2025435 1.8553793 1.6577915 1.7653899 1.7979580 2.1427505 2.9381808 1.9597787 2.1344693 2.0815137 2.1427867 1.9799840 2.1965579 2.3487540 1.7628881 5.5953159 
Pocdam_XM_027195032.1                                 1.6320179 2.2624628 2.0785051 2.0916620 2.3337889 2.4233567 2.5209726 2.1236140 2.6085792 1.2050504 1.2462878 1.1837494 1.5446016 1.2059655 0.9380387 0.9342554 1.3553384 0.8181931 0.6476749 0.3748480 0.2542508 0.1532467 0.0000000 0.3563951 0.3729861 1.1512651 1.2498567 1.1785778 1.2223711 1.0672910 1.2098567 1.1206657 1.1657560 1.1299513 1.4273337 1.9270987 1.3228217 1.3368620 1.4925287 1.7441960 1.6676942 1.6486317 1.7049922 1.6726589 1.6740675 1.5997482 1.7554818 1.4062650 1.6590292 1.3430758 1.8803672 1.8790845 1.6476245 1.0370639 1.9189636 2.2954107 1.9363697 2.1247500 2.2654430 1.9311068 1.7684699 1.9450238 1.8875591 2.2432469 3.0014371 2.0992348 2.3651046 2.2262098 2.2537966 2.0627023 2.2747387 2.5519818 1.8589001 5.6396433 
Gfas_gfas1.m1.13265.m1                                1.4638546 2.1847567 1.8312211 1.8429301 2.2072849 2.3102332 2.3391065 1.7976492 2.4325220 1.0856928 1.1227007 1.0555792 1.4332491 1.0784403 0.7640945 0.7663192 1.1924383 0.6518822 0.4388255 0.2072410 0.2252722 0.3390388 0.3563951 0.0000000 0.2931128 1.0013938 1.1487266 1.0584256 1.0578697 0.8626520 1.1465457 1.0295873 1.0404727 1.0125157 1.2825966 1.6904913 1.1379717 1.2187434 1.3114502 1.5711997 1.4968077 1.4619826 1.4625453 1.4071426 1.4084447 1.4190031 1.6730381 1.2780809 1.5544701 1.3177137 1.7864494 1.6427478 1.5102249 0.8931082 1.8981623 2.0366885 1.8434939 2.0757898 2.2746686 1.7549302 1.5650065 1.7740361 1.6994566 2.0710509 3.3456459 1.9947199 2.1272053 2.0835727 2.0865096 2.0098594 2.1518737 2.3932326 1.5137132 4.9978737 
Gasp_gasp1.m3.439.m1                                  1.4412462 2.1142244 1.7254588 1.7364862 2.2254335 2.2605424 2.2607339 1.8157925 2.4676857 1.1622112 1.1588757 1.1243333 1.4857285 0.9694782 0.8006510 0.7926315 1.4094862 0.6736398 0.5921984 0.2205971 0.1252354 0.3271705 0.3729861 0.2931128 0.0000000 1.1063457 1.2022112 1.1227095 1.1197929 0.9785448 1.1276961 1.0209687 1.1318537 1.1058489 1.2917755 1.7739146 1.0894632 1.2923802 1.3330393 1.6876418 1.6281687 1.4576086 1.5441276 1.5366038 1.5379118 1.4326327 1.7023735 1.2444138 1.5477653 1.3927368 1.8965035 1.7096799 1.7182117 1.1184409 2.0623765 2.1732204 1.8102708 2.0685158 2.2887520 1.9212677 1.6561094 1.7781165 1.7057544 2.0958238 2.8313457 1.9942335 2.1744103 2.0757502 2.3156416 1.9634851 2.2372099 2.2809090 1.6442588 5.2859084 
Aaur_scaffold85.g17.t1                                1.6135994 2.0994178 2.0462527 2.0596222 2.2716758 2.3855177 2.3555746 2.2088267 2.4916172 1.3064724 1.2752086 1.2545089 1.5655643 1.1977721 0.9329596 0.9419899 1.3359004 1.0536256 1.5038471 0.8341230 0.8703548 1.0878369 1.1512651 1.0013938 1.1063457 0.0000000 0.5696136 0.5378729 0.5929528 0.7206809 1.2342909 1.3832386 1.2344350 1.2553615 1.4273140 1.8945746 1.3042432 1.0133770 1.3819650 1.5639080 1.4760197 1.4909043 1.5757248 1.5007616 1.5021259 1.4109731 1.6775963 1.2430377 1.3736916 1.3596280 1.9908544 1.7930554 1.6362471 1.2529240 1.6594664 1.9794543 1.7682960 1.9458461 2.2575473 1.9311587 1.7189676 1.6805024 1.8231997 2.2016904 3.2749763 2.0352336 2.1352674 2.0034925 2.2086970 1.8230760 2.2524283 2.3398632 1.9343776 6.1660291 
Nemnom_g8069.t1                                       1.7273326 2.0741484 1.8302088 1.8416074 2.1505995 2.3328009 2.3772184 2.0163244 2.4252746 1.3019807 1.3895082 1.3078898 1.6354070 1.3359157 0.9872615 1.0120384 1.4366945 1.0479018 1.6322962 0.8744447 0.9569172 1.1360290 1.2498567 1.1487266 1.2022112 0.5696136 0.0000000 0.2459596 0.6356728 0.7816408 1.4097459 1.3471609 1.2947131 1.3015649 1.5335253 2.0174394 1.4166143 1.0872254 1.4837889 1.6899156 1.6134622 1.5717971 1.6149783 1.5826675 1.5900393 1.4693616 1.7778320 1.2015473 1.4641732 1.5471039 1.9675411 1.7734561 1.8619217 1.3283349 1.9876941 2.0785424 1.7290463 1.9280222 2.2270514 1.9817636 1.7246294 1.8190470 1.8463869 2.2481201 3.3986120 2.2011873 2.0664667 2.1877563 2.1968027 1.9719038 2.2547215 2.3588632 1.7976008 6.0464023 
Rhoesc_Res_000859-T1                                  1.6736981 2.0686187 1.8382354 1.8496467 2.1869899 2.3476628 2.2858728 2.0674050 2.4340896 1.3047930 1.3229831 1.2665309 1.6414222 1.2426744 0.8332883 0.8768295 1.3595772 1.0024376 1.4760767 0.8166281 0.9010042 1.0550215 1.1785778 1.0584256 1.1227095 0.5378729 0.2459596 0.0000000 0.6302609 0.7704883 1.3915594 1.3662132 1.1980223 1.2271722 1.4966012 1.9838131 1.2552308 1.0486002 1.5266685 1.5797855 1.5286091 1.4939856 1.5411834 1.5335829 1.5394200 1.4052872 1.7720515 1.1399099 1.4134627 1.5643009 1.8879548 1.7021312 1.8962819 1.3191380 1.9670664 2.0958508 1.7807790 2.0806386 2.2405061 1.9736703 1.7137869 1.8498398 1.8477945 2.2557448 3.3755575 2.1662090 2.0031312 2.1790123 2.1848723 1.9033897 2.1112488 2.4373380 1.8336167 6.3132214 
Sanmal_Sma_011092-T1                                  1.5914736 2.1602944 1.6493682 1.6600083 2.2328227 2.4296911 2.4882189 2.1811192 2.2907148 1.3397816 1.3338468 1.2072424 1.5964763 1.1706221 0.7121433 0.8260985 1.3838551 0.9700789 1.5465047 0.9001907 0.8956589 1.1326147 1.2223711 1.0578697 1.1197929 0.5929528 0.6356728 0.6302609 0.0000000 0.6749733 1.2716184 1.3474608 1.2088986 1.2173875 1.4973928 1.9108801 1.2813423 1.0150584 1.4669003 1.5837036 1.5157670 1.5312036 1.5874383 1.5574373 1.5613893 1.4179340 1.7031494 1.0589741 1.3740848 1.4425272 1.9765890 1.7236309 1.8054987 1.2779063 1.9265549 1.9610621 1.7589145 2.0282617 2.2586568 1.9975627 1.7978462 1.7363907 1.7760409 2.2153694 2.8034867 2.0007752 2.1669272 2.1824967 2.0417926 1.9365773 2.3033124 2.4472437 1.6880775 5.7329487 
Morvir_scaffold12.g61.t3                              1.4261178 2.1806828 2.0095495 2.0216245 2.4119131 2.6638336 2.5422834 2.2281745 0.0000010 1.1082912 1.0021137 1.1463388 1.2860056 1.2287666 0.8413839 0.9254486 0.9656983 0.9708092 1.1880441 0.9564755 0.8668553 0.9135090 1.0672910 0.8626520 0.9785448 0.7206809 0.7816408 0.7704883 0.6749733 0.0000000 1.0253643 1.0902954 1.0386702 1.0822650 1.2385235 1.4529798 1.3135945 0.8749983 1.1311065 1.2574992 1.2082993 1.2238787 1.2498406 1.2542073 1.2480642 1.2826836 1.3469777 1.4021000 0.9750130 0.9704709 0.8530561 1.3972033 1.4688861 1.1672765 0.7907086 1.7424944 1.4897958 1.2212419 1.8861265 1.5730269 1.5284633 1.5860673 1.5867892 1.7887317 0.0000010 1.6017790 1.6484566 1.6999837 1.5398829 1.6989726 1.9608218 2.3485192 2.0559254 6.3225287 
Ctel_gnl_WGS_AMQN_CAPTEDRAFT_mRNA175213               1.3363032 2.0472714 1.6940797 1.7044896 2.2748551 2.3227256 2.2028484 1.6051633 2.6570516 1.1162530 1.1366556 1.1130483 1.4434748 1.1227615 0.7915313 0.9722311 1.4078090 0.9667458 1.4345984 0.8781158 0.8666434 1.1569793 1.2098567 1.1465457 1.1276961 1.2342909 1.4097459 1.3915594 1.2716184 1.0253643 0.0000000 1.4604516 1.4157321 1.3526616 1.2677863 1.7662009 1.2179409 1.3579193 1.3312204 1.6443365 1.6040197 1.5386485 1.5758841 1.5767336 1.5747801 1.5553691 1.8045883 1.3459291 1.6132814 1.3887572 1.8907059 1.8451173 1.4620738 1.2251311 1.9256894 2.1520368 1.8479911 2.2186370 2.2202320 1.9093158 1.7095893 1.8492724 1.8926524 2.0194322 3.2754427 1.9538486 2.1956110 1.9980567 2.1302035 2.0213151 2.2695980 2.4034138 1.8819928 6.0130286 
Exapal_XM_028663338.1                                 1.7247017 2.2789041 1.7591138 1.7705420 2.4026199 2.3853719 2.4892012 1.8433134 3.4529104 1.3671138 1.3462978 1.2942387 1.6143258 1.0829689 0.9081669 0.9060263 1.4848565 0.7628448 1.2442014 0.7976326 0.7788826 1.0311728 1.1206657 1.0295873 1.0209687 1.3832386 1.3471609 1.3662132 1.3474608 1.0902954 1.4604516 0.0000000 1.3566077 1.3596458 1.5754598 1.8285720 1.2415029 1.4975545 1.6292800 1.7967841 1.7336822 1.6584956 1.6974285 1.6652358 1.6665171 1.6581298 1.6892748 1.3458792 1.8974552 1.6478390 1.9886645 1.9695731 1.7382567 1.2348256 2.4718876 2.3411164 1.9994235 2.0114596 2.2341835 2.0137479 1.8758110 1.9502932 2.0033866 2.2740530 3.6387444 2.2241301 2.3431674 2.3917913 2.4107264 2.1974404 2.4728563 2.5617621 1.9946756 6.0136636 
Dgig_XM_028551324.1                                   1.6272911 2.2609622 1.7250280 1.7359645 2.3735024 2.3578340 2.3687378 2.2001486 2.4542588 1.2728087 1.4379135 1.2477480 1.4730888 1.2252443 0.8933450 0.9827177 1.4592509 1.0117985 1.3867542 0.8302568 0.8037856 1.1121822 1.1657560 1.0404727 1.1318537 1.2344350 1.2947131 1.1980223 1.2088986 1.0386702 1.4157321 1.3566077 0.0000000 0.4434844 1.4078828 1.8852107 1.2922510 1.3496746 1.4867625 1.6331627 1.6159820 1.6787297 1.7063917 1.6794991 1.6809071 1.5946155 1.6256501 1.2989827 1.6936601 1.5734184 1.9837959 1.7910806 1.7120447 1.1062166 2.1142013 2.1444573 1.8547358 1.9602310 2.2995097 2.1675595 1.9415965 1.9603425 1.9789421 2.2692077 3.0607583 2.2421846 2.1858063 2.2588963 2.0695035 2.0020302 2.3275749 2.6759186 1.8775857 6.8120451 
Xesp_015493-T1                                        1.6350732 2.2591383 1.8042090 1.8155399 2.4205738 2.4574535 2.4372663 1.9784172 2.7101391 1.3170639 1.3692002 1.2548144 1.5027428 1.2359640 0.9630605 1.0866802 1.5391305 1.0076871 1.4106968 0.7735888 0.8084712 1.1003001 1.1299513 1.0125157 1.1058489 1.2553615 1.3015649 1.2271722 1.2173875 1.0822650 1.3526616 1.3596458 0.4434844 0.0000000 1.4279646 1.9327326 1.3266658 1.4130818 1.5711658 1.5986178 1.5543299 1.5808569 1.6094570 1.5917490 1.5929820 1.5394275 1.6904853 1.2910683 1.7258109 1.4805324 1.9968205 1.8478292 1.8080369 1.0790069 2.0269760 2.0715947 1.7821062 2.0387086 2.3062165 2.1516438 1.9161736 1.9152150 1.9517168 2.1955074 3.3351931 2.1204046 2.1610347 2.2611848 2.0984287 2.0558533 2.2096930 2.6053375 1.8381389 6.6118635 
Cgig_XM_011445695.3                                   1.6751216 2.0862758 1.8487263 1.8601424 2.2196568 2.3683018 2.2272826 1.7822670 2.4905993 1.2180035 1.3275577 1.1211038 1.5187599 1.2296335 0.8899707 0.9598713 1.3576377 1.1851264 1.6640373 1.0633706 1.1393605 1.3637698 1.4273337 1.2825966 1.2917755 1.4273140 1.5335253 1.4966012 1.4973928 1.2385235 1.2677863 1.5754598 1.4078828 1.4279646 0.0000000 1.8585594 1.1378126 1.5037658 1.3065966 1.8702871 1.8355681 1.7099013 1.8043856 1.7774385 1.7720124 1.6727010 1.7324959 1.4138845 2.0463371 1.5416984 2.1171825 1.9353853 1.6213516 1.3471489 2.1450704 2.2192995 1.9065464 2.1317433 2.3611697 2.0593705 1.7166517 2.1698464 2.0353794 2.2623163 3.5929722 2.2201302 2.1807388 2.2799565 2.3222328 2.1246200 2.1228333 2.6111425 2.1284657 6.8553899 
Ocar_g324                                             2.2237951 2.6483626 1.8663716 1.8769006 2.6354434 2.5884835 2.6337496 2.0230896 2.7279452 1.7963228 1.8391581 1.7802358 1.9533824 1.3235281 1.1392006 1.2156164 1.8909515 1.5736709 2.1537394 1.3152953 1.4594643 1.7988264 1.9270987 1.6904913 1.7739146 1.8945746 2.0174394 1.9838131 1.9108801 1.4529798 1.7662009 1.8285720 1.8852107 1.9327326 1.8585594 0.0000000 0.0000010 1.9979738 1.8564263 2.0451551 2.0356642 2.0293530 2.0253823 2.0150758 2.0068622 2.0434638 1.9095758 1.3254523 2.2252605 2.1912074 2.5900776 1.9894122 2.3980598 1.6589848 1.8076150 2.4479888 2.2421197 2.8252956 2.6570273 2.2456031 2.1027677 2.1169682 2.3853680 2.4904428 3.7768701 2.5302201 2.1932319 2.2785489 2.4429455 2.2675282 2.7252743 2.5990683 2.1005054 5.9931518 
Opea_EP00118_Oscarella_pearsei_P000417                1.9171287 2.3127842 1.8663716 1.8769006 2.2379183 2.2566959 2.1932558 2.0230896 0.0000010 1.2207647 1.2914379 1.1665517 1.3052785 1.1887615 1.0923702 1.1316470 1.1415893 1.2443342 1.4000243 1.1786005 1.1557905 1.2203817 1.3228217 1.1379717 1.0894632 1.3042432 1.4166143 1.2552308 1.2813423 1.3135945 1.2179409 1.2415029 1.2922510 1.3266658 1.1378126 0.0000010 0.0000000 1.4057921 1.3061719 1.5121670 1.4909726 1.4404829 1.4715693 1.5304789 1.5304789 1.5091631 1.3992561 1.3254523 1.4188178 1.4233387 8.2029375 1.4571249 2.7555863 1.2566708 0.0000010 1.9898886 1.6765036 0.0000010 2.6372033 1.9186640 1.7448881 1.6409957 1.7493056 1.7740456 0.0000010 2.1442453 1.7288003 1.8558872 1.7265639 1.8006224 2.2174983 2.7781575 2.0660218 5.2784745 
Chem_TCONS_00025337                                   1.6742411 2.1770425 1.7798898 1.7968963 2.0981820 2.2307098 2.6144042 2.0387787 2.2840736 1.3487724 1.4074829 1.2594475 1.5251170 1.2869866 1.0018212 1.0030488 1.4736557 1.1962471 1.5600590 1.0611536 1.1240728 1.2030971 1.3368620 1.2187434 1.2923802 1.0133770 1.0872254 1.0486002 1.0150584 0.8749983 1.3579193 1.4975545 1.3496746 1.4130818 1.5037658 1.9979738 1.4057921 0.0000000 1.4975540 1.6667418 1.6054498 1.5497231 1.5630327 1.5604281 1.5685822 1.5365208 1.8109787 1.3935700 1.2631856 1.4714493 1.6666145 1.6444333 1.8742663 1.2470108 1.9920471 1.9058288 1.7171042 1.8123574 2.1236808 1.8045297 1.8250341 1.8120832 1.7575921 2.4964266 3.2619581 2.0993933 2.0658606 1.9680331 2.0517238 1.9317841 2.1989394 2.5148050 1.8348454 6.5997778 
Cscu_XM_023380982.1                                   1.7479469 2.4056419 1.9058343 1.9176518 2.3961037 2.3201615 2.9179276 2.2667848 2.3761474 1.3272425 1.2943085 1.1738649 1.6242259 1.2857865 1.0084856 1.0316256 1.5063721 1.1633164 1.6002454 0.9919744 1.1593716 1.3990048 1.4925287 1.3114502 1.3330393 1.3819650 1.4837889 1.5266685 1.4669003 1.1311065 1.3312204 1.6292800 1.4867625 1.5711658 1.3065966 1.8564263 1.3061719 1.4975540 0.0000000 1.7722767 1.7240206 1.6777085 1.7263658 1.7130527 1.7073546 1.7560591 1.7812445 1.2885598 1.8457869 1.5907816 1.7581611 1.7944376 1.7673259 1.6257813 1.9391598 2.1332146 1.9186955 1.7591790 2.2520543 2.0305544 1.7557858 2.0328486 1.9489451 2.1676740 2.9094205 2.1713318 2.2035121 2.2034107 2.4534936 1.9812725 2.2741308 2.5834095 1.9378688 6.2891563 
Tadh_TriadT25417                                      2.1156520 2.6292103 2.0580232 2.0704132 2.6532478 2.7840009 2.4778504 2.1307553 2.9646050 1.6737414 1.6783654 1.5880848 1.7979380 1.2688226 1.0844989 1.2719617 1.8056955 1.4499276 2.0017888 1.2279612 1.2703465 1.6001695 1.7441960 1.5711997 1.6876418 1.5639080 1.6899156 1.5797855 1.5837036 1.2574992 1.6443365 1.7967841 1.6331627 1.5986178 1.8702871 2.0451551 1.5121670 1.6667418 1.7722767 0.0000000 0.0200027 0.3169205 0.3664241 0.3583162 0.3576482 0.3133189 1.8103721 1.3998358 1.8313917 2.0014685 2.3932909 2.1649173 2.2888271 1.6981838 2.4947395 2.5488272 2.2099811 2.3401549 2.7584395 2.2144200 2.0597499 2.0463961 2.1641254 2.5915629 4.0230193 2.6569371 2.3660890 2.4926373 2.5028331 2.1910461 2.7082088 2.6545199 2.3404686 6.6912257 
TrH2_TrispH2_001940-RA                                2.0405557 2.5547959 1.9611955 1.9731364 2.5770046 2.6963865 2.4108245 2.0217769 2.9647357 1.6244343 1.5830983 1.5159510 1.7638672 1.2256284 1.0844989 1.2719617 1.7323953 1.3886276 1.9934422 1.1980469 1.2175487 1.5410624 1.6676942 1.4968077 1.6281687 1.4760197 1.6134622 1.5286091 1.5157670 1.2082993 1.6040197 1.7336822 1.6159820 1.5543299 1.8355681 2.0356642 1.4909726 1.6054498 1.7240206 0.0200027 0.0000000 0.3090162 0.3474335 0.3376455 0.3369821 0.3074966 1.7339011 1.3282910 1.7789423 1.8857428 2.3627437 2.1229232 2.2735183 1.6981838 2.4441874 2.4655023 2.1597689 2.3016266 2.6994531 2.2104147 2.0302719 2.0010228 2.0977066 2.5412526 3.8514784 2.5632702 2.3143898 2.4461142 2.4197464 2.1293809 2.6089244 2.6049153 2.2006413 6.7930848 
HoiH06_mRNA11914                                      1.9398865 2.6973612 1.8732309 1.8849422 2.6813105 2.7016043 2.4753170 1.9610094 3.3329409 1.6390981 1.4854335 1.5308030 1.6365600 1.2651371 1.0899025 1.2770022 1.7390037 1.2793936 1.9020730 1.1886134 1.1967432 1.4906434 1.6486317 1.4619826 1.4576086 1.4909043 1.5717971 1.4939856 1.5312036 1.2238787 1.5386485 1.6584956 1.6787297 1.5808569 1.7099013 2.0293530 1.4404829 1.5497231 1.6777085 0.3169205 0.3090162 0.0000000 0.0736012 0.1424450 0.1424817 0.2198498 1.7667083 1.3211123 1.8786475 1.8060289 2.2593815 2.0787063 2.3230978 1.8836115 2.3941761 2.4257560 2.1514278 2.2139825 2.6478334 2.0901478 2.0153781 2.0537521 2.0598113 2.6064322 4.3887622 2.4924539 2.2563380 2.2585536 2.3105150 2.2995067 2.5528912 2.7844309 2.2316728 6.5847820 
HoiH23_PlH23_007488-RA                                1.9685618 2.6745987 1.9651407 1.9770246 2.6372024 2.6035015 2.4314514 1.9006689 3.3348296 1.6763200 1.5814010 1.6134651 1.7059776 1.2830381 1.1277050 1.2457175 1.7721443 1.3863414 1.9565673 1.2157767 1.2306285 1.5754302 1.7049922 1.4625453 1.5441276 1.5757248 1.6149783 1.5411834 1.5874383 1.2498406 1.5758841 1.6974285 1.7063917 1.6094570 1.8043856 2.0253823 1.4715693 1.5630327 1.7263658 0.3664241 0.3474335 0.0736012 0.0000000 0.1579556 0.1579918 0.2328976 1.7759158 1.2674005 1.8900962 1.8434114 2.4038298 2.1382340 2.3066533 1.8909694 2.3807415 2.4763491 2.1661834 2.1660006 2.6646211 2.1842196 2.1077218 2.0798020 2.0685315 2.5902304 3.9825174 2.5687838 2.3529985 2.3811045 2.3949020 2.3392082 2.5876230 2.7244498 2.1248041 6.5822647 
Hhon_g08831.t1                                        1.9880637 2.5855931 1.9557769 1.9677388 2.5855358 2.6405392 2.4898884 1.9339504 2.9110546 1.6898709 1.6199488 1.5495473 1.6800105 1.3148657 1.1220777 1.2751699 1.7853908 1.3872651 1.9002790 1.2257810 1.2240829 1.5229626 1.6726589 1.4071426 1.5366038 1.5007616 1.5826675 1.5335829 1.5574373 1.2542073 1.5767336 1.6652358 1.6794991 1.5917490 1.7774385 2.0150758 1.5304789 1.5604281 1.7130527 0.3583162 0.3376455 0.1424450 0.1579556 0.0000000 0.0038324 0.2385677 1.6731697 1.2553967 1.8598252 1.8115245 2.2782104 2.1417266 2.2342797 1.8727047 2.1832344 2.3844514 2.1676526 2.2139112 2.6584636 2.1756556 2.0219500 1.9586181 2.0689538 2.6032868 3.5817066 2.4994043 2.3588528 2.3481246 2.2958204 2.2666137 2.5552958 2.6182144 2.3122802 6.1396231 
HoiH04_mRNA9920                                       1.9760652 2.5837107 1.9557769 1.9677388 2.5810150 2.6447443 2.4829499 1.9339504 2.8790788 1.6869743 1.6149892 1.5467719 1.6864851 1.3151245 1.1223751 1.2754804 1.7933990 1.3853550 1.9029057 1.2259917 1.2242376 1.5271099 1.6740675 1.4084447 1.5379118 1.5021259 1.5900393 1.5394200 1.5613893 1.2480642 1.5747801 1.6665171 1.6809071 1.5929820 1.7720124 2.0068622 1.5304789 1.5685822 1.7073546 0.3576482 0.3369821 0.1424817 0.1579918 0.0038324 0.0000000 0.2367422 1.6752863 1.2553967 1.8618646 1.8012147 2.2979230 2.1384021 2.2236288 1.8724977 2.1672455 2.3808493 2.1699191 2.2346182 2.6431111 2.1845454 2.0199069 1.9605367 2.0740421 2.6150966 3.5902978 2.5027961 2.3688701 2.3532351 2.2978613 2.2626072 2.5652611 2.5977902 2.3074156 6.1400489 
HoiH11_mRNA5486                                       1.8955132 2.5845296 2.1646218 2.1775238 2.7571806 2.7580901 2.5007009 2.1172362 3.1170546 1.6139878 1.5309219 1.5569865 1.6894892 1.3346354 1.0748821 1.3208056 1.6786062 1.4137345 1.8705432 1.2284222 1.2584559 1.4535595 1.5997482 1.4190031 1.4326327 1.4109731 1.4693616 1.4052872 1.4179340 1.2826836 1.5553691 1.6581298 1.5946155 1.5394275 1.6727010 2.0434638 1.5091631 1.5365208 1.7560591 0.3133189 0.3074966 0.2198498 0.2328976 0.2385677 0.2367422 0.0000000 1.6568250 1.3213419 1.7504112 1.7618040 2.1349371 2.0354708 2.2318471 1.8576456 2.2433312 2.3148456 2.1048894 2.1142048 2.6248281 2.0401216 1.9333724 1.9122381 2.0029515 2.4929406 3.7837160 2.4184879 2.2237655 2.1862376 2.2731911 2.1275208 2.5591983 2.7310380 2.1446989 6.7662633 
Lcom_lcpid7822                                        1.9763276 2.4162500 2.1200941 2.1333521 2.5070764 2.5586450 2.3994679 2.2910178 2.4948732 1.6493387 1.7536740 1.6511529 1.6837120 1.3310683 1.0726605 1.2285944 1.7779850 1.4660086 2.0049337 1.4184175 1.3830252 1.6207689 1.7554818 1.6730381 1.7023735 1.6775963 1.7778320 1.7720515 1.7031494 1.3469777 1.8045883 1.6892748 1.6256501 1.6904853 1.7324959 1.9095758 1.3992561 1.8109787 1.7812445 1.8103721 1.7339011 1.7667083 1.7759158 1.6731697 1.6752863 1.6568250 0.0000000 0.4687320 2.1058513 1.9038944 2.2362577 2.1648462 2.1762306 1.5472996 2.1591683 2.2801232 2.1702643 2.1823840 2.5626768 2.1198690 1.8219886 2.0452472 2.2669711 2.2581860 3.7094646 2.4194187 2.4808610 2.4835768 2.2481917 2.2620135 2.2857894 2.5108543 2.2572744 6.5075779 
Gracom_Gcom_scaffold4340_01                           1.6717299 2.2857534 2.0720730 2.0850982 2.1750682 2.5070710 2.2185961 2.2584054 0.0000010 1.2756170 1.3533487 1.3719033 1.2944910 1.2468932 1.0927267 1.1472288 1.0709533 1.2293191 1.6393714 1.2932346 1.2882701 1.2569039 1.4062650 1.2780809 1.2444138 1.2430377 1.2015473 1.1399099 1.0589741 1.4021000 1.3459291 1.3458792 1.2989827 1.2910683 1.4138845 1.3254523 1.3254523 1.3935700 1.2885598 1.3998358 1.3282910 1.3211123 1.2674005 1.2553967 1.2553967 1.3213419 0.4687320 0.0000000 1.4030091 1.2674870 5.2646610 2.0037294 3.2670692 1.2769122 0.0000010 1.9635028 1.9088480 0.0000010 2.9479945 1.9019458 1.7426883 1.7767280 1.8813372 1.9120504 0.0000010 2.2291211 1.8423670 2.1735294 1.8928834 1.7317645 2.0758895 2.5751316 2.2476913 6.5178673 
Hvul_g13853_1                                         1.8885173 2.5871502 2.3446956 2.3547350 2.3783713 2.5632840 3.0676817 3.4368559 2.6982616 1.6964840 1.7640603 1.5871711 1.9653663 1.4559266 1.1168965 1.2670744 1.7539145 1.3673797 1.8496622 1.2065428 1.2130395 1.5005934 1.6590292 1.5544701 1.5477653 1.3736916 1.4641732 1.4134627 1.3740848 0.9750130 1.6132814 1.8974552 1.6936601 1.7258109 2.0463371 2.2252605 1.4188178 1.2631856 1.8457869 1.8313917 1.7789423 1.8786475 1.8900962 1.8598252 1.8618646 1.7504112 2.1058513 1.4030091 0.0000000 1.8983395 2.1947822 2.2601044 2.2221815 1.3705561 2.2858248 2.5080971 2.2550693 2.3149444 2.2329722 2.2344432 2.2676458 2.2196382 2.2855208 2.9699104 3.7954916 2.5336800 2.7185103 2.5951938 2.9606707 2.2473345 2.6962096 2.7225649 2.2785398 5.9250078 
Tetwil_g10672.t1                                      1.9649554 2.0264007 1.5572584 1.5572584 2.2771758 2.1251704 1.9097798 1.9799277 2.4403887 1.2021322 1.4437504 1.1518450 1.3321478 0.6678293 0.4905408 0.9885161 0.9725289 1.4711822 2.1401988 0.6961646 0.8024661 1.3040484 1.3430758 1.3177137 1.3927368 1.3596280 1.5471039 1.5643009 1.4425272 0.9704709 1.3887572 1.6478390 1.5734184 1.4805324 1.5416984 2.1912074 1.4233387 1.4714493 1.5907816 2.0014685 1.8857428 1.8060289 1.8434114 1.8115245 1.8012147 1.7618040 1.9038944 1.2674870 1.8983395 0.0000000 1.3820115 1.8220538 1.5024796 0.4867208 1.7100193 2.4359639 1.9434524 2.1319300 2.0749184 2.1046941 1.8271631 1.9387654 1.8945613 2.2498628 3.0391277 2.1286022 2.2615874 2.2292836 2.3299940 1.9157936 2.2680553 2.5965648 1.2544674 6.3908965 
