69
Hsap_ENST00000217254                                           0.0000000 1.5906041 1.6185281 1.7805850 1.8899741 2.0438899 2.1061415 2.2424902 2.0526714 2.0023406 2.0320744 2.0965243 2.0829857 2.5640493 1.9939713 2.1458213 2.1222859 2.1176233 1.7478035 1.9237220 2.1382969 1.9679417 2.1082712 2.2791641 2.3550763 2.3390194 2.2426900 2.1615256 3.0430125 2.2131684 2.3467173 2.5895015 2.6484965 2.8916392 3.2031269 2.7942645 2.7877056 2.2625887 3.5461867 2.4543306 2.3622144 2.3835287 3.2404091 2.4745407 3.2201514 3.1686854 3.3225225 3.2744833 3.2422331 3.2455431 3.0856103 2.8821653 4.1046949 3.7552394 2.9988693 4.0669447 2.7689058 2.8770106 3.1815198 3.7425098 2.6038024 3.6169138 3.8305454 2.6457540 3.1718758 3.7399029 3.5071788 3.2041784 4.2572232 
Bralan_BLAG07000670_1                                          1.5906041 0.0000000 1.2349329 1.3147570 1.6345273 1.4948397 1.5573698 1.5505318 1.3633007 1.7411658 1.6985019 1.7025674 1.5939245 2.0484793 1.6576734 1.6367949 1.5375043 1.4743084 1.5333341 1.5829607 1.8956533 1.6043693 1.7929057 2.0036302 1.8951311 1.9018950 2.0494370 2.0303204 2.3304111 2.0298076 2.4598256 2.3512265 2.2746190 2.6861071 2.4027466 2.4681118 2.8988779 2.6318925 3.1509811 2.6181882 2.4801994 2.5943539 3.0220974 2.6674037 2.5933562 2.5974116 2.5917984 2.6445613 2.6308125 2.6495099 2.5934912 2.4291692 3.7762422 3.8041846 3.1195848 4.1110625 3.1126546 2.8210557 2.9692273 3.7770826 3.0345918 3.9316259 3.7542742 2.8191054 2.7801406 3.7292338 3.8534416 3.4964919 4.3313355 
Acagra_model.g25921.t1.1.5d3b8ba2                              1.6185281 1.2349329 0.0000000 1.3964409 1.7775623 1.6457367 1.8075417 1.9111249 1.7577680 1.6701450 1.8043268 1.8317334 1.8402666 2.2150383 1.8219488 1.8441057 1.9289324 1.7256036 1.7346074 1.4650831 1.9592381 1.6758152 1.8358718 2.0574392 2.0286490 2.0271889 2.0107496 2.2193165 2.5380319 1.9828780 2.4626109 2.1932583 2.1895593 2.6582358 2.6630509 2.4025284 2.8984884 2.5204499 3.2939363 2.5634230 2.6009905 2.5288120 3.5235950 2.6006999 3.3089635 3.1553285 3.2388181 3.2480233 3.2346595 3.2542735 3.2996353 2.4370980 3.5462494 3.7448625 3.0396266 4.1815214 2.7910866 2.7814161 3.0719270 3.5252315 3.0782119 3.9949166 3.5423990 2.9030178 2.8283526 3.6024737 3.7770149 3.8700688 4.6445635 
Dpul_mRNA10517                                                 1.7805850 1.3147570 1.3964409 0.0000000 1.8048458 1.9725675 2.0356434 2.1212682 1.9373097 1.9870503 2.0637377 2.0435827 2.0265292 2.2972666 1.7662194 1.8814295 1.9075711 1.8224290 1.6339693 1.9493243 2.0226653 1.6360197 1.9318878 2.2096418 2.0074310 1.9829482 2.1208727 2.2583986 2.2378554 1.9282504 2.3946225 2.8650091 2.7756981 2.8282203 2.7026836 2.1387852 2.8152983 2.3560625 2.8866931 2.9508243 2.6184288 2.5820188 3.6719521 2.5335815 2.8761237 2.7866560 2.8762859 2.8605651 2.7989336 2.8372900 2.9662244 2.7252634 3.9273789 3.9094752 2.7489707 3.7103140 2.9073985 2.8982362 2.9556567 3.4012947 3.1085543 4.0734515 3.9958985 2.7869094 2.6689522 3.6473777 3.7539968 3.4036482 3.5026859 
Exapal_XM_021061593.2                                          1.8899741 1.6345273 1.7775623 1.8048458 0.0000000 1.1638408 1.1573200 1.3099802 1.1812825 0.9949561 1.6127930 1.5998529 1.6591035 2.1016273 1.8545232 1.9308415 1.9059798 1.8033226 1.9264541 2.1221601 1.8412602 2.2537601 1.8496018 2.4522089 2.4454231 2.5104614 2.4330570 2.4439952 3.0350027 2.1722976 1.8958951 2.1714597 2.1892406 2.4473405 2.6995825 2.6578085 2.3458959 2.0855568 2.8663940 2.1952265 2.3278881 2.2876616 2.9293313 2.2415995 2.5271626 2.4476730 2.4551896 2.4808988 2.5492732 2.5837095 2.5014525 2.0216641 3.1841149 3.4102244 3.1709256 4.1341687 2.9291295 2.9753022 3.0433798 3.3591768 2.5857379 3.5934573 3.3401745 2.8320261 2.9992752 3.7666292 3.8244956 3.3671224 4.2841304 
Amil_Amillepora24401-RA                                        2.0438899 1.4948397 1.6457367 1.9725675 1.1638408 0.0000000 0.3886536 0.7002443 0.7576248 1.0607008 1.6644112 1.7401982 1.5822740 1.8943939 1.7589159 1.9118404 1.8503474 1.6410952 2.1270403 2.0129239 2.1566908 2.3696136 1.7657724 2.4293275 2.4410115 2.4261008 2.4183744 2.3398827 3.0312812 2.2838098 1.9960811 2.2127602 2.2998305 2.3654371 2.5520674 2.8810414 2.6588071 2.3532461 3.0125729 2.3605715 2.4643825 2.3674677 3.0331745 2.1670172 2.8832100 2.6933025 2.6939138 2.7543509 2.8031550 2.8296315 2.6563192 1.8791271 3.7052450 3.7375391 3.2903221 4.1652446 2.6821589 3.1291623 3.2582254 3.2139098 2.8325841 3.4139705 2.7313278 2.7940034 3.2285749 3.6274636 3.9298774 3.7303260 4.1453915 
Gfas_gfas1.m1.7373.m1                                          2.1061415 1.5573698 1.8075417 2.0356434 1.1573200 0.3886536 0.0000000 0.6269262 0.7491331 1.2232718 1.5650962 1.6611960 1.4897740 1.8788829 1.6178518 1.8784277 1.6750239 1.4891721 2.1512039 2.1658215 2.1713961 2.4476896 1.8141720 2.5729950 2.5333114 2.4967998 2.6231844 2.4537695 2.9154489 2.2387433 2.2047502 2.3200462 2.4096224 2.5110620 2.5840832 2.6842097 2.7377732 2.3960325 3.0557071 2.5724632 2.4175934 2.4399478 3.1807404 2.3197704 3.0013150 2.7393403 2.7001846 2.7022712 2.8386148 2.8622972 2.7533544 2.0779454 3.6840988 3.8529882 3.7375706 4.1454845 2.6560551 3.0428288 3.3429417 3.5114453 2.7544681 3.5887481 3.1085419 3.0241001 2.9434600 3.5510584 3.8654258 3.8464213 4.2031103 
Fspp_ffun1.m4.33001.m1                                         2.2424902 1.5505318 1.9111249 2.1212682 1.3099802 0.7002443 0.6269262 0.0000000 0.5566682 1.5447931 1.7940441 1.8649671 1.7428500 2.0930562 1.8072531 1.9877563 1.7836671 1.6866717 2.2638209 2.2166992 2.4569976 2.5679634 2.0694222 2.6850192 2.4021659 2.4049432 2.7677403 2.6707081 2.8729892 2.3451183 2.4524603 2.4247086 2.4177525 2.7493757 2.5996286 3.2240845 2.8506253 2.4869420 2.8898835 2.5409921 2.7140103 2.6864194 3.2344067 2.7198762 2.9513976 2.9401968 3.0340175 3.0570452 3.0599195 3.0985390 3.2435773 2.0662965 4.0851736 4.1025201 3.3771798 4.6418708 3.0564355 2.9991115 3.3335026 3.3750768 3.0793760 3.3870323 3.4002283 3.0977550 3.4441223 3.9295439 4.1181840 4.1764530 4.4201945 
Spis_XP_022785182_1                                            2.0526714 1.3633007 1.7577680 1.9373097 1.1812825 0.7576248 0.7491331 0.5566682 0.0000000 1.0443844 1.6620649 1.7259230 1.5868048 1.8514889 1.6721539 1.7867515 1.6282738 1.4982654 1.9688112 2.0998784 2.1475296 2.1742089 1.8107889 2.4474968 2.3135510 2.3149360 2.4225993 2.2172972 2.9769761 2.1978683 1.8966035 2.0736390 2.1201749 2.2482291 2.3905331 2.7048691 2.5883593 2.5036115 2.8666355 2.6002757 2.3981621 2.3716769 2.9469922 2.5470925 3.2682418 2.8752428 2.8900756 2.9003644 2.9004166 2.9296727 2.7688024 1.9293528 3.7871046 3.8233931 3.0866019 3.9854046 2.7488157 3.0642829 3.2782509 3.0616731 3.0987216 3.2982227 3.3186043 2.9569200 3.0825345 3.7630646 3.9847459 3.7550289 4.2771103 
Aaur_scaffold4798.g1.t1                                        2.0023406 1.7411658 1.6701450 1.9870503 0.9949561 1.0607008 1.2232718 1.5447931 1.0443844 0.0000000 1.5453770 1.7096287 1.6591363 1.6795506 1.7176978 2.0541389 1.7951970 1.8611286 1.6343767 1.9430761 1.5558118 2.5885470 2.0683280 2.7628040 3.2427512 3.3743841 2.7886698 2.3504356 3.6965744 2.7941403 2.0330777 2.3533655 2.2244554 2.1056663 2.3655793 2.3918836 3.2765772 0.0000010 4.0346641 3.6155206 3.1779916 3.1750749 3.5483451 2.3650882 3.3373392 2.3469180 2.3089298 2.3415755 2.3309784 2.3309784 1.8612326 2.0313368 4.4784386 4.8950199 0.0000010 3.7333156 2.8555272 6.5433072 3.5254234 3.7988713 2.9098854 3.5250966 2.9929104 2.4019734 2.5809169 4.9679836 3.2342828 3.9828390 4.6184365 
Nemnom_g15993.t1                                               2.0320744 1.6985019 1.8043268 2.0637377 1.6127930 1.6644112 1.5650962 1.7940441 1.6620649 1.5453770 0.0000000 0.1153896 0.5051080 1.2434680 1.8315766 1.8540820 1.7425565 1.7367016 2.0611202 2.3191604 1.7489672 2.1222333 1.8741155 2.4710854 2.3535894 2.3908073 2.4868538 2.2091184 3.0219917 2.3847409 2.2612746 2.5561566 2.5009843 2.5507800 2.6637514 2.4542509 2.9037061 2.7611911 3.0084415 3.1250820 2.7007782 2.7514712 3.1200718 2.6637171 3.1644456 2.9980300 3.1217098 3.0660477 3.0712058 3.0993758 3.2371798 2.3906027 3.8280224 3.8553060 3.0747781 3.6761102 2.7034686 2.6768469 3.1070789 3.3123712 2.8479175 3.7421158 2.6279382 3.2559406 2.6952605 3.2522430 3.3147245 3.2843323 4.1878897 
Rhoesc_Res_010818-T1                                           2.0965243 1.7025674 1.8317334 2.0435827 1.5998529 1.7401982 1.6611960 1.8649671 1.7259230 1.7096287 0.1153896 0.0000000 0.5048624 1.2241060 1.8296608 1.9184834 1.7792667 1.7744025 2.1027175 2.4065129 1.8130781 2.1958159 1.9482997 2.3537259 2.4014010 2.4455310 2.3811508 2.2246052 2.9469838 2.3131146 2.2195381 2.5225993 2.4766924 2.5880425 2.6744817 2.4852059 2.8764097 2.6158313 3.0511231 3.0764994 2.6763651 2.8046580 3.0062057 2.5811625 3.1460993 3.0316565 3.2494025 3.1923400 3.1690762 3.1988662 3.3226118 2.3103107 3.9428348 3.8083546 3.0266965 3.7095782 2.8107515 2.6366347 2.9436794 3.3463577 2.8515450 3.8798755 2.8904688 3.2357351 2.7831890 3.2296027 3.1327376 3.1919536 4.1486654 
Sanmal_Sma_025248-T1                                           2.0829857 1.5939245 1.8402666 2.0265292 1.6591035 1.5822740 1.4897740 1.7428500 1.5868048 1.6591363 0.5051080 0.5048624 0.0000000 1.1933875 1.6428208 1.8030766 1.5913754 1.6248927 2.1922614 2.1475515 1.6981016 2.1854063 1.7614609 2.3814435 2.1918343 2.2405512 2.4663639 2.2145143 2.8989857 2.2806959 2.1417869 2.4023478 2.4916679 2.5737810 2.6993644 2.6247727 2.7768921 2.8356727 3.0685503 3.0505258 2.7493444 2.8124921 2.7478926 2.6502392 2.8465541 2.7432505 2.8911865 2.8560024 2.8456391 2.8695248 2.8354424 2.1392932 3.9724374 4.0307374 2.7473039 3.4410344 2.6211056 2.7235350 3.0209806 3.3063348 2.7046329 3.7818323 3.1310933 3.0611967 2.7634921 2.9487286 3.3637102 3.1907666 3.7209289 
Morvir_scaffold226.g26.t1                                      2.5640493 2.0484793 2.2150383 2.2972666 2.1016273 1.8943939 1.8788829 2.0930562 1.8514889 1.6795506 1.2434680 1.2241060 1.1933875 0.0000000 1.9194417 2.1265291 1.7934033 1.8079173 2.6023454 2.3753131 2.0695774 2.3931226 2.0774796 2.5261191 2.7709698 2.8167901 2.5850631 2.4559093 3.0065877 2.2585325 2.5586071 2.6875226 2.9163160 2.9962721 3.2509879 2.9537197 3.2015633 2.8720955 3.4561100 3.2422197 3.0551362 3.0933677 3.4777918 3.0582426 3.3324022 3.1340351 3.2424601 3.2326501 3.1638996 3.1710251 3.1047910 2.5000495 4.0938917 4.2779969 3.4208814 4.4572981 3.2500269 3.2062134 3.4988601 3.7449818 2.9299721 3.9058966 3.2259608 3.3492970 3.2851227 3.5132998 3.6254753 3.2521618 4.2130335 
Nvec_v1g118980                                                 1.9939713 1.6576734 1.8219488 1.7662194 1.8545232 1.7589159 1.6178518 1.8072531 1.6721539 1.7176978 1.8315766 1.8296608 1.6428208 1.9194417 0.0000000 0.6860615 0.7145675 0.7163823 2.1480109 2.1020690 1.8633822 2.2847573 1.7466602 2.2211873 2.2310672 2.2453847 2.3047963 2.2962078 2.6937037 2.2367430 2.1731697 2.4039285 2.3553374 2.5632639 2.8336034 2.8221154 2.6397833 2.4189591 2.9009255 2.4930848 2.5250364 2.6360002 2.7217326 2.7253819 3.2969336 3.0980784 2.9348781 2.9694164 2.8610526 2.8822526 2.7974525 2.6139908 4.5940451 5.1609712 3.3931306 3.9773540 3.0152165 2.9809766 3.2978315 3.7704393 2.9156126 4.4816493 3.7160577 2.9273127 3.0062132 3.9687641 3.8031199 3.8157993 5.0392611 
Adig_XM_015911399.1                                            2.1458213 1.6367949 1.8441057 1.8814295 1.9308415 1.9118404 1.8784277 1.9877563 1.7867515 2.0541389 1.8540820 1.9184834 1.8030766 2.1265291 0.6860615 0.0000000 0.5766368 0.5066420 2.1279001 2.1746528 1.8676012 2.1211135 1.8590606 2.4114758 2.2067806 2.2264121 2.4529877 2.3788778 2.8132902 2.3175543 2.1308184 2.2674680 2.6782122 2.5798990 3.0021975 2.9625490 3.1458219 2.6056393 3.1787408 2.6562635 2.7653375 2.8559171 3.7111024 2.7739998 3.1293247 2.9377576 2.7664129 2.8248029 2.8398866 2.8801249 2.7201751 2.6004001 3.8598772 4.2429897 2.7593485 3.9890054 2.9272741 2.7251092 3.3553120 3.5217478 3.0316377 4.5684270 3.8714423 3.1022310 2.9677267 4.0720518 3.8878875 3.9552737 4.4968316 
Gasp_gasp1.m3.14843.m1                                         2.1222859 1.5375043 1.9289324 1.9075711 1.9059798 1.8503474 1.6750239 1.7836671 1.6282738 1.7951970 1.7425565 1.7792667 1.5913754 1.7934033 0.7145675 0.5766368 0.0000000 0.3673162 2.1912354 2.0531579 2.0231309 2.2282443 1.5906972 2.3879972 2.2574748 2.2618220 2.5723058 2.4207805 2.7871028 2.1986004 2.2836513 2.3992848 2.6073091 2.7446161 3.1694691 2.8398628 2.9818933 2.4919732 3.2818885 2.5554029 2.6576276 2.7375776 3.2674383 2.8195062 3.2897613 3.0596873 2.9163788 3.0018441 3.0587737 3.0917288 2.8765870 2.5014396 4.1004803 4.4051404 2.9397157 4.0052188 3.2339125 3.2503704 3.3745834 3.8287710 3.0727421 5.0110843 3.6021533 3.0159277 2.8860664 3.4954372 4.0943006 3.9515031 4.9563150 
Pocdam_XM_027180331.1                                          2.1176233 1.4743084 1.7256036 1.8224290 1.8033226 1.6410952 1.4891721 1.6866717 1.4982654 1.8611286 1.7367016 1.7744025 1.6248927 1.8079173 0.7163823 0.5066420 0.3673162 0.0000000 2.1156267 1.7881953 1.9319640 2.2156579 1.6136641 2.6591005 2.3189195 2.3460464 2.7150238 2.5739406 3.1160625 2.3269841 2.3215195 2.3610560 2.6314188 2.5744329 2.7538119 2.9919376 2.9623253 2.5546046 3.1466030 2.6174835 2.7811577 2.8913312 3.7585256 2.8785535 3.2719010 3.0403245 2.9853636 3.0086131 3.0758803 3.0855899 2.8884544 2.3813143 4.1946513 4.3467460 2.9956895 4.1315014 3.0087630 3.1070417 3.4838415 3.5650060 3.0931655 4.4993259 3.3797829 2.9987194 2.9281363 3.4606776 3.9739270 3.9088556 4.8103149 
Skow_XM_002734889.2                                            1.7478035 1.5333341 1.7346074 1.6339693 1.9264541 2.1270403 2.1512039 2.2638209 1.9688112 1.6343767 2.0611202 2.1027175 2.1922614 2.6023454 2.1480109 2.1279001 2.1912354 2.1156267 0.0000000 2.1263842 2.0012349 1.7396454 2.3496912 2.2568247 2.2307222 2.2737061 2.2772139 2.2207392 2.7472950 2.2985497 2.3735436 2.8953577 2.8907082 3.1443519 3.2338371 2.5446928 3.0929684 2.7426951 3.5707695 2.9744616 2.7301344 2.6257999 3.6442036 2.4403688 3.2140820 2.9779679 2.9060855 2.8822655 3.0470544 3.0985659 2.8743382 2.7106312 4.2210528 4.1685864 3.2281203 4.1044125 3.3149874 3.1869953 3.2075139 3.0999268 3.2490880 3.9406673 3.8396303 2.8541687 2.7112433 4.1562649 3.8612539 3.8910848 3.7391799 
Cgig_XM_034482252.1                                            1.9237220 1.5829607 1.4650831 1.9493243 2.1221601 2.0129239 2.1658215 2.2166992 2.0998784 1.9430761 2.3191604 2.4065129 2.1475515 2.3753131 2.1020690 2.1746528 2.0531579 1.7881953 2.1263842 0.0000000 2.4433075 2.3249585 2.1777430 2.4375857 2.2089977 2.2801146 2.4177268 2.5201758 3.2370264 2.3983330 2.6788530 2.7969574 2.7014211 3.0500149 2.9685012 2.6079205 3.2075822 3.0241675 4.3325005 3.2451855 3.2507442 3.3131615 4.0913234 2.8589260 3.7087779 3.4531194 3.3637091 3.3227504 3.4252794 3.4473403 3.4556281 2.7960212 3.7409772 3.7179658 3.1654339 4.0183234 2.8606501 3.4806665 3.4495756 3.8919837 3.7787624 5.3338405 3.9612908 2.9158002 3.0859905 3.9674144 3.9319661 3.6299427 5.2844367 
Chem_TCONS_00062252                                            2.1382969 1.8956533 1.9592381 2.0226653 1.8412602 2.1566908 2.1713961 2.4569976 2.1475296 1.5558118 1.7489672 1.8130781 1.6981016 2.0695774 1.8633822 1.8676012 2.0231309 1.9319640 2.0012349 2.4433075 0.0000000 2.2915412 2.1510053 2.2069256 2.0575548 2.1205134 2.1787920 2.1879839 2.6411105 2.2133468 2.1768894 2.4605789 2.4087086 2.5836522 2.7114737 2.3474471 2.9493744 2.8023081 3.0418813 3.0410648 2.9946529 3.0861536 3.9475268 3.0843893 3.2331825 3.2754243 3.2475651 3.3070427 3.1747790 3.2164275 3.1971031 2.9810724 4.0027760 4.0661179 3.0126906 4.0694620 2.8420377 3.3639905 3.1084658 3.5843000 3.1175995 4.3159571 3.5882124 3.2910694 2.9115927 3.7445467 3.6555380 3.3274406 4.3141406 
Cscu_XM_023386761.1                                            1.9679417 1.6043693 1.6758152 1.6360197 2.2537601 2.3696136 2.4476896 2.5679634 2.1742089 2.5885470 2.1222333 2.1958159 2.1854063 2.3931226 2.2847573 2.1211135 2.2282443 2.2156579 1.7396454 2.3249585 2.2915412 0.0000000 2.5178679 2.5138270 2.1289270 2.1459518 2.4187547 2.1665587 2.1818510 2.2163853 2.5965002 2.8472714 2.7101850 3.1647813 2.6445023 3.0027169 2.8685664 2.7766268 3.0586816 2.8741785 2.7851702 2.6036489 3.3650859 2.5820402 2.9772093 3.0773714 3.1448363 3.1459020 3.1485714 3.1828934 3.3238673 2.8467676 4.1347372 4.0567690 3.1884496 4.3055946 3.2785580 2.9861780 3.5471557 3.6869058 2.8523370 4.2841815 4.2416162 2.4470727 2.8135039 3.8844334 3.6283015 3.6229018 4.1296761 
Xesp_006916-T1                                                 2.1082712 1.7929057 1.8358718 1.9318878 1.8496018 1.7657724 1.8141720 2.0694222 1.8107889 2.0683280 1.8741155 1.9482997 1.7614609 2.0774796 1.7466602 1.8590606 1.5906972 1.6136641 2.3496912 2.1777430 2.1510053 2.5178679 0.0000000 2.4695098 2.5197166 2.5341637 2.6801102 2.8624250 3.4295859 2.6020953 2.2148957 2.4680005 2.4545962 2.7612624 2.4593913 2.1754747 2.8654163 2.4593054 3.3521026 2.7121480 2.5506752 2.7029840 3.3950705 2.7747095 3.1385431 3.1021926 2.9304352 2.9688359 2.9525573 2.9645273 2.9723659 2.7105265 3.6227904 3.4936284 2.6758505 3.7946406 2.6795863 3.0641815 3.2847354 3.3594353 3.3080995 4.0245644 3.9629841 3.3367803 2.9231440 4.0352333 3.8182716 3.8525532 3.9232770 
Mlei_ML1043.g41.i1                                             2.2791641 2.0036302 2.0574392 2.2096418 2.4522089 2.4293275 2.5729950 2.6850192 2.4474968 2.7628040 2.4710854 2.3537259 2.3814435 2.5261191 2.2211873 2.4114758 2.3879972 2.6591005 2.2568247 2.4375857 2.2069256 2.5138270 2.4695098 0.0000000 0.6050600 0.6037900 0.6958625 0.7848121 1.0764173 0.9260651 2.4079795 2.2938910 2.3947498 2.4775304 2.6007993 2.4118279 2.7476997 2.6321435 3.8248387 2.4781164 2.4447744 2.5069786 2.8851167 2.6035818 3.4681201 3.4146180 3.6145125 3.5715223 3.7063142 3.7167127 3.5727190 3.0378606 4.0884116 4.2796301 3.1324387 3.6955397 2.8378255 2.8825940 3.1044334 2.8707356 3.0350769 4.5265660 4.4957360 3.3922885 3.4482740 4.3885234 4.2731089 3.7641536 4.2679868 
Pbac_sb2658734                                                 2.3550763 1.8951311 2.0286490 2.0074310 2.4454231 2.4410115 2.5333114 2.4021659 2.3135510 3.2427512 2.3535894 2.4014010 2.1918343 2.7709698 2.2310672 2.2067806 2.2574748 2.3189195 2.2307222 2.2089977 2.0575548 2.1289270 2.5197166 0.6050600 0.0000000 0.0203348 0.8889573 0.8930149 1.2109408 0.9808897 2.4002280 2.1289299 2.1038433 2.2484852 2.3882291 2.3094925 2.6387375 2.3067547 3.2657187 2.6820859 2.4080819 2.4911213 3.1089711 2.6306029 3.7607399 3.6239345 3.7468796 3.7523504 3.7761765 3.8264534 3.7233343 2.7732503 3.5492224 3.5177048 2.6488733 3.6884771 2.6061207 2.5230551 2.7977670 3.0793033 2.8959555 4.5279260 4.7995558 3.6143826 3.1944020 4.1555289 4.3116221 3.5977794 4.3596568 
Horcal_Hcv1.av93.c2.g159.i3                                    2.3390194 1.9018950 2.0271889 1.9829482 2.5104614 2.4261008 2.4967998 2.4049432 2.3149360 3.3743841 2.3908073 2.4455310 2.2405512 2.8167901 2.2453847 2.2264121 2.2618220 2.3460464 2.2737061 2.2801146 2.1205134 2.1459518 2.5341637 0.6037900 0.0203348 0.0000000 0.8984053 0.8817598 1.2046590 0.9771915 2.4599422 2.1213198 2.1493438 2.2792031 2.3806141 2.3280111 2.7198416 2.3811866 3.4046023 2.6946812 2.4735229 2.5493510 3.0664410 2.6213888 3.7301255 3.5989472 3.7011452 3.7122630 3.7357725 3.7849778 3.7297554 2.7776864 3.5379457 3.4413572 2.6542685 3.6505660 2.6256493 2.5091798 2.8103017 3.0885942 2.8673341 4.6395966 4.6919922 3.6351979 3.2472909 4.1527627 4.3943611 3.6391224 4.4343052 
Beraby_Baby_sb347254                                           2.2426900 2.0494370 2.0107496 2.1208727 2.4330570 2.4183744 2.6231844 2.7677403 2.4225993 2.7886698 2.4868538 2.3811508 2.4663639 2.5850631 2.3047963 2.4529877 2.5723058 2.7150238 2.2772139 2.4177268 2.1787920 2.4187547 2.6801102 0.6958625 0.8889573 0.8984053 0.0000000 0.8813062 1.4086441 1.0524220 2.3231121 2.3756974 2.3944012 2.3866733 2.7497562 2.0488129 2.7518792 2.3608791 3.5645730 2.6521523 2.4443871 2.4748026 3.4325088 2.5933114 4.1074643 3.9853883 4.0775069 4.1951533 4.0498482 4.0644801 3.9513267 2.8367027 3.7765949 3.7182141 3.4137761 4.1443828 3.0895388 2.7374881 2.9509921 2.7442657 2.6065540 4.4680953 3.8665836 3.5311664 3.0792011 3.9702436 4.1154895 3.5547523 4.7783929 
Lampan_Lpan_C411957_01                                         2.1615256 2.0303204 2.2193165 2.2583986 2.4439952 2.3398827 2.4537695 2.6707081 2.2172972 2.3504356 2.2091184 2.2246052 2.2145143 2.4559093 2.2962078 2.3788778 2.4207805 2.5739406 2.2207392 2.5201758 2.1879839 2.1665587 2.8624250 0.7848121 0.8930149 0.8817598 0.8813062 0.0000000 1.1599473 0.9008699 2.3315447 2.4628892 2.5634039 2.4892124 2.5099395 2.2218722 2.8671811 2.7388579 3.3555283 2.6936342 2.7232810 2.6407958 3.0612784 2.5413059 3.6404832 3.4632608 3.4214962 3.4135433 3.5205780 3.5669031 3.3350892 2.6380514 3.9567336 4.2994874 3.1308771 3.9372890 2.8230064 2.7325932 2.8041529 3.2123284 2.3568334 5.2453284 4.2406141 3.6206216 3.1448840 3.9105171 4.0765895 3.4372116 4.5223279 
Coeast_Cast_sb753032                                           3.0430125 2.3304111 2.5380319 2.2378554 3.0350027 3.0312812 2.9154489 2.8729892 2.9769761 3.6965744 3.0219917 2.9469838 2.8989857 3.0065877 2.6937037 2.8132902 2.7871028 3.1160625 2.7472950 3.2370264 2.6411105 2.1818510 3.4295859 1.0764173 1.2109408 1.2046590 1.4086441 1.1599473 0.0000000 0.0241686 3.6229817 3.8560430 3.7921173 3.6690949 3.0732062 2.6162090 4.7167467 3.4196669 4.9106903 3.2487982 3.6429562 3.8856998 3.8621012 3.9392427 5.5075813 5.5839811 4.8687540 4.7656989 4.7915556 4.8160051 4.5844110 3.6940597 5.1649275 4.9832823 3.8002860 5.8074226 3.5781992 3.8797678 3.7634055 4.2391278 3.7097116 5.0982311 5.0323110 4.3525161 3.8056738 4.5547793 5.6978617 4.7277541 4.9190886 
Coemet_Cmet_C597309_01                                         2.2131684 2.0298076 1.9828780 1.9282504 2.1722976 2.2838098 2.2387433 2.3451183 2.1978683 2.7941403 2.3847409 2.3131146 2.2806959 2.2585325 2.2367430 2.3175543 2.1986004 2.3269841 2.2985497 2.3983330 2.2133468 2.2163853 2.6020953 0.9260651 0.9808897 0.9771915 1.0524220 0.9008699 0.0241686 0.0000000 2.5189432 2.4640947 2.5041192 2.4746588 2.4662076 2.2893507 3.1084896 2.2774653 4.0305721 2.3849194 2.8368289 2.9230412 3.4085850 2.6701001 4.1385096 3.8447098 3.7372933 3.7014696 3.7962284 3.8543425 3.4500000 2.9725594 3.7576450 3.8769269 3.1095991 4.0163262 2.9000702 2.5760449 3.0283808 3.1086640 2.8749788 5.5565357 5.6123329 3.7740346 3.4375965 3.5207009 4.1451841 3.7349939 4.2775846 
Hvul_g3489_1                                                   2.3467173 2.4598256 2.4626109 2.3946225 1.8958951 1.9960811 2.2047502 2.4524603 1.8966035 2.0330777 2.2612746 2.2195381 2.1417869 2.5586071 2.1731697 2.1308184 2.2836513 2.3215195 2.3735436 2.6788530 2.1768894 2.5965002 2.2148957 2.4079795 2.4002280 2.4599422 2.3231121 2.3315447 3.6229817 2.5189432 0.0000000 2.5269937 2.5614697 2.6549941 2.8740062 2.9534410 2.7497974 2.5341438 3.2037032 2.3200432 2.5842060 2.8026937 2.6029852 2.7125938 3.3968314 3.3489727 3.4511637 3.4122023 3.3476498 3.3932463 3.1414549 2.6862722 4.0879671 3.8901574 3.2782578 3.2965159 2.8514914 2.9606062 3.0508018 2.9714442 2.6043979 3.9812542 3.3764292 3.4378315 3.2667272 3.7118420 3.5666574 3.5432771 4.1614213 
Scil_scict011804.1                                             2.5895015 2.3512265 2.1932583 2.8650091 2.1714597 2.2127602 2.3200462 2.4247086 2.0736390 2.3533655 2.5561566 2.5225993 2.4023478 2.6875226 2.4039285 2.2674680 2.3992848 2.3610560 2.8953577 2.7969574 2.4605789 2.8472714 2.4680005 2.2938910 2.1289299 2.1213198 2.3756974 2.4628892 3.8560430 2.4640947 2.5269937 0.0000000 0.6420377 0.7602221 0.8480787 1.2059444 2.6135720 1.7639227 3.1558159 2.6978902 2.4172227 2.7014526 3.9564036 2.8132018 3.6771439 3.5838169 3.4453416 3.4802714 3.5540989 3.6102170 3.3347589 3.0477202 3.4976227 3.1324734 2.6680876 3.9443974 3.4698193 2.8917484 3.2372458 3.3844256 2.7419134 4.1286140 4.1701556 3.8312146 4.6714273 3.7024669 4.0718939 3.8018865 4.4057893 
Lcom_lcpid60095                                                2.6484965 2.2746190 2.1895593 2.7756981 2.1892406 2.2998305 2.4096224 2.4177525 2.1201749 2.2244554 2.5009843 2.4766924 2.4916679 2.9163160 2.3553374 2.6782122 2.6073091 2.6314188 2.8907082 2.7014211 2.4087086 2.7101850 2.4545962 2.3947498 2.1038433 2.1493438 2.3944012 2.5634039 3.7921173 2.5041192 2.5614697 0.6420377 0.0000000 0.8240661 0.8589214 0.8664938 2.2191218 1.7077077 2.7898838 2.6108202 2.2952384 2.5102613 3.5569318 2.7726724 4.3122656 4.2207446 3.8533587 3.9432545 4.0050288 4.0741728 3.8291903 2.9285797 3.5491434 3.4647419 2.8862775 4.1745984 3.4088946 2.9527078 3.2888608 3.1210928 2.8995656 4.6084636 4.5783672 3.8698122 4.3565046 4.0886633 4.0138875 3.6139931 4.4205938 
Gracom_Gcom_scaffold15020_01                                   2.8916392 2.6861071 2.6582358 2.8282203 2.4473405 2.3654371 2.5110620 2.7493757 2.2482291 2.1056663 2.5507800 2.5880425 2.5737810 2.9962721 2.5632639 2.5798990 2.7446161 2.5744329 3.1443519 3.0500149 2.5836522 3.1647813 2.7612624 2.4775304 2.2484852 2.2792031 2.3866733 2.4892124 3.6690949 2.4746588 2.6549941 0.7602221 0.8240661 0.0000000 0.8890094 1.0395836 2.5328769 1.9087006 3.1075829 2.6900316 2.5146685 2.7092019 4.2089438 2.9624156 4.5811129 4.4741780 4.2079262 4.2553421 4.2774888 4.3488187 4.4221784 3.2608920 3.7517006 3.6232019 3.2853950 4.1934068 3.2889384 3.1813494 3.5712008 3.4623158 2.8670144 5.1623227 4.0288214 4.1829451 4.9715590 4.3253723 4.2374704 3.9600327 4.4038933 
Leuniv_Lniv_scaffold25552_01                                   3.2031269 2.4027466 2.6630509 2.7026836 2.6995825 2.5520674 2.5840832 2.5996286 2.3905331 2.3655793 2.6637514 2.6744817 2.6993644 3.2509879 2.8336034 3.0021975 3.1694691 2.7538119 3.2338371 2.9685012 2.7114737 2.6445023 2.4593913 2.6007993 2.3882291 2.3806141 2.7497562 2.5099395 3.0732062 2.4662076 2.8740062 0.8480787 0.8589214 0.8890094 0.0000000 1.0912541 2.9362096 2.0004267 2.6668286 2.9254431 2.2611024 2.5053494 4.1196966 3.0172894 4.6968447 4.6821760 4.3282053 4.4100373 4.5346273 4.5005790 4.7328212 2.9649889 3.4148896 3.4466829 3.6316420 4.6285911 3.3060352 2.7420184 3.0480606 3.2736601 2.9408708 3.6861321 4.7189223 3.7350026 4.3725216 4.4398588 4.7839013 4.0697220 4.5330696 
Clacor_Ccor_C503174_01                                         2.7942645 2.4681118 2.4025284 2.1387852 2.6578085 2.8810414 2.6842097 3.2240845 2.7048691 2.3918836 2.4542509 2.4852059 2.6247727 2.9537197 2.8221154 2.9625490 2.8398628 2.9919376 2.5446928 2.6079205 2.3474471 3.0027169 2.1754747 2.4118279 2.3094925 2.3280111 2.0488129 2.2218722 2.6162090 2.2893507 2.9534410 1.2059444 0.8664938 1.0395836 1.0912541 0.0000000 2.8968030 1.1933941 2.4111041 3.0727729 2.4649136 2.8381424 2.7761073 2.3459484 3.7458804 4.0899651 3.6671064 3.7281993 3.8002988 3.8002988 4.4352694 3.9467790 3.8279611 3.7505463 1.2312839 4.1624600 3.5621874 6.1863649 4.3701680 3.6993513 2.8134909 3.8365339 4.5306455 5.3413919 4.3308778 4.1166663 4.1755451 3.7711298 4.9317446 
Aque_Aqu2.1.38373_001                                          2.7877056 2.8988779 2.8984884 2.8152983 2.3458959 2.6588071 2.7377732 2.8506253 2.5883593 3.2765772 2.9037061 2.8764097 2.7768921 3.2015633 2.6397833 3.1458219 2.9818933 2.9623253 3.0929684 3.2075822 2.9493744 2.8685664 2.8654163 2.7476997 2.6387375 2.7198416 2.7518792 2.8671811 4.7167467 3.1084896 2.7497974 2.6135720 2.2191218 2.5328769 2.9362096 2.8968030 0.0000000 0.6254450 1.1714197 1.6132934 1.6645581 1.6965406 1.6542961 2.6340787 4.4255407 4.1234577 3.9500604 4.0211921 3.9894431 4.0486588 3.5969090 3.2750525 4.3264961 3.7596551 3.2545110 4.2105704 3.6206416 3.3889403 3.5377945 3.8769577 3.1794422 4.8254353 3.9190000 3.8167609 3.8046132 3.6768361 3.5369083 3.5766966 5.1004370 
Halamb_c17897_g1_i1m.3015                                      2.2625887 2.6318925 2.5204499 2.3560625 2.0855568 2.3532461 2.3960325 2.4869420 2.5036115 0.0000010 2.7611911 2.6158313 2.8356727 2.8720955 2.4189591 2.6056393 2.4919732 2.5546046 2.7426951 3.0241675 2.8023081 2.7766268 2.4593054 2.6321435 2.3067547 2.3811866 2.3608791 2.7388579 3.4196669 2.2774653 2.5341438 1.7639227 1.7077077 1.9087006 2.0004267 1.1933941 0.6254450 0.0000000 0.8425693 1.2556772 1.5559052 1.6641017 2.2403933 2.5372215 3.4857713 3.4607885 3.3259998 3.2487679 3.3187059 3.3319938 3.2874125 2.4519423 3.8047616 3.5026933 3.4068169 3.7631904 3.1900320 2.6137127 2.5995976 3.5217795 2.9988346 7.5379450 2.6843415 3.1173498 3.1211688 3.2270303 3.7157079 3.2258560 4.6503928 
Xestes_snap_masked-XT_scaffold174569-processed-gene-0.0-mRNA-1 3.5461867 3.1509811 3.2939363 2.8866931 2.8663940 3.0125729 3.0557071 2.8898835 2.8666355 4.0346641 3.0084415 3.0511231 3.0685503 3.4561100 2.9009255 3.1787408 3.2818885 3.1466030 3.5707695 4.3325005 3.0418813 3.0586816 3.3521026 3.8248387 3.2657187 3.4046023 3.5645730 3.3555283 4.9106903 4.0305721 3.2037032 3.1558159 2.7898838 3.1075829 2.6668286 2.4111041 1.1714197 0.8425693 0.0000000 1.5963574 1.8253721 1.8602155 1.8382530 2.7520899 4.9694545 4.8130294 4.6446663 4.6334224 4.5874320 4.6063788 3.9129050 3.0982572 4.6035012 4.2645950 4.0706881 5.6798739 4.0598077 4.1596763 3.1469753 4.5522057 3.5046338 4.0182868 3.7294178 3.8767367 4.6727218 4.7363632 4.8094963 4.0595106 4.5983414 
Tetwil_g10427.t1                                               2.4543306 2.6181882 2.5634230 2.9508243 2.1952265 2.3605715 2.5724632 2.5409921 2.6002757 3.6155206 3.1250820 3.0764994 3.0505258 3.2422197 2.4930848 2.6562635 2.5554029 2.6174835 2.9744616 3.2451855 3.0410648 2.8741785 2.7121480 2.4781164 2.6820859 2.6946812 2.6521523 2.6936342 3.2487982 2.3849194 2.3200432 2.6978902 2.6108202 2.6900316 2.9254431 3.0727729 1.6132934 1.2556772 1.5963574 0.0000000 1.3269971 1.3500779 1.4150655 2.3113778 3.9893468 3.8185599 3.8734459 3.9470030 3.8910406 3.9468205 3.5678052 3.3471936 3.9619882 3.7875238 3.3022769 4.7206080 3.0336673 3.0713398 3.3146824 3.6839142 2.8621019 4.5500221 4.0373035 3.5545403 4.3085599 3.5453381 3.4174868 3.3192125 4.0878763 
Emue_Em0018g304a.t1                                            2.3622144 2.4801994 2.6009905 2.6184288 2.3278881 2.4643825 2.4175934 2.7140103 2.3981621 3.1779916 2.7007782 2.6763651 2.7493444 3.0551362 2.5250364 2.7653375 2.6576276 2.7811577 2.7301344 3.2507442 2.9946529 2.7851702 2.5506752 2.4447744 2.4080819 2.4735229 2.4443871 2.7232810 3.6429562 2.8368289 2.5842060 2.4172227 2.2952384 2.5146685 2.2611024 2.4649136 1.6645581 1.5559052 1.8253721 1.3269971 0.0000000 0.3378425 1.5080153 2.0985073 4.0926960 3.8531148 3.7989559 3.8540032 3.8698025 3.9210979 3.5320211 3.0507438 3.9797099 3.7393896 3.1416605 4.2589238 3.4739636 3.3068555 3.1137092 3.6054792 2.5982253 3.3297537 3.4156487 3.6382645 3.6869196 3.5672126 3.7094447 3.2866690 4.1185013 
Spolac_c96964_g1_i1_m.14050c96964-g1                           2.3835287 2.5943539 2.5288120 2.5820188 2.2876616 2.3674677 2.4399478 2.6864194 2.3716769 3.1750749 2.7514712 2.8046580 2.8124921 3.0933677 2.6360002 2.8559171 2.7375776 2.8913312 2.6257999 3.3131615 3.0861536 2.6036489 2.7029840 2.5069786 2.4911213 2.5493510 2.4748026 2.6407958 3.8856998 2.9230412 2.8026937 2.7014526 2.5102613 2.7092019 2.5053494 2.8381424 1.6965406 1.6641017 1.8602155 1.3500779 0.3378425 0.0000000 1.5585929 2.0915752 4.1580081 3.9106562 3.8614085 3.9424375 3.9591347 4.0112862 3.3712592 3.2181156 4.1963982 3.8884768 3.2523482 4.3528081 3.5964386 3.3936151 3.1068829 3.9520029 2.6906237 3.8042432 3.3758636 3.5891248 3.8511165 3.5252521 3.6100505 3.3376509 4.3766836 
Stycar_maker-SC_scaffold2595-augustus-gene-0.13-mRNA-1         3.2404091 3.0220974 3.5235950 3.6719521 2.9293313 3.0331745 3.1807404 3.2344067 2.9469922 3.5483451 3.1200718 3.0062057 2.7478926 3.4777918 2.7217326 3.7111024 3.2674383 3.7585256 3.6442036 4.0913234 3.9475268 3.3650859 3.3950705 2.8851167 3.1089711 3.0664410 3.4325088 3.0612784 3.8621012 3.4085850 2.6029852 3.9564036 3.5569318 4.2089438 4.1196966 2.7761073 1.6542961 2.2403933 1.8382530 1.4150655 1.5080153 1.5585929 0.0000000 2.7094224 5.0764540 4.4447988 4.6630417 4.8734579 4.8816654 4.9048311 4.7217863 4.0018052 5.5290180 5.2477110 6.4820440 5.6770469 4.7960622 4.4528786 4.4219992 4.3734644 2.9562478 3.1066834 3.2941047 4.0361877 5.4351965 4.1362330 4.1719790 3.8370434 4.4542213 
Plespi_Pspi_C615416_01                                         2.4745407 2.6674037 2.6006999 2.5335815 2.2415995 2.1670172 2.3197704 2.7198762 2.5470925 2.3650882 2.6637171 2.5811625 2.6502392 3.0582426 2.7253819 2.7739998 2.8195062 2.8785535 2.4403688 2.8589260 3.0843893 2.5820402 2.7747095 2.6035818 2.6306029 2.6213888 2.5933114 2.5413059 3.9392427 2.6701001 2.7125938 2.8132018 2.7726724 2.9624156 3.0172894 2.3459484 2.6340787 2.5372215 2.7520899 2.3113778 2.0985073 2.0915752 2.7094224 0.0000000 3.5026375 3.3431017 3.4233381 3.4634208 3.5576169 3.5976306 3.0878231 3.2700551 4.1484989 4.1608851 3.4946675 4.2136351 3.6764426 3.1876021 3.2395156 3.5140873 2.8415851 3.9994268 3.7006956 3.5846902 3.8463877 3.9813327 3.4733067 3.3712413 3.6147524 
Tadh_TriadT59891                                               3.2201514 2.5933562 3.3089635 2.8761237 2.5271626 2.8832100 3.0013150 2.9513976 3.2682418 3.3373392 3.1644456 3.1460993 2.8465541 3.3324022 3.2969336 3.1293247 3.2897613 3.2719010 3.2140820 3.7087779 3.2331825 2.9772093 3.1385431 3.4681201 3.7607399 3.7301255 4.1074643 3.6404832 5.5075813 4.1385096 3.3968314 3.6771439 4.3122656 4.5811129 4.6968447 3.7458804 4.4255407 3.4857713 4.9694545 3.9893468 4.0926960 4.1580081 5.0764540 3.5026375 0.0000000 0.0152076 0.2880348 0.2775521 0.2867853 0.2900243 0.3102722 3.4934046 5.8682753 6.6103305 4.4702459 5.5734731 4.2136082 4.4716235 4.2070562 5.2860457 3.9594792 5.6379227 4.6705446 3.6525170 3.8514694 5.5058477 5.9847180 5.3338985 6.5122488 
TrH2_TrispH2_010938-RA                                         3.1686854 2.5974116 3.1553285 2.7866560 2.4476730 2.6933025 2.7393403 2.9401968 2.8752428 2.3469180 2.9980300 3.0316565 2.7432505 3.1340351 3.0980784 2.9377576 3.0596873 3.0403245 2.9779679 3.4531194 3.2754243 3.0773714 3.1021926 3.4146180 3.6239345 3.5989472 3.9853883 3.4632608 5.5839811 3.8447098 3.3489727 3.5838169 4.2207446 4.4741780 4.6821760 4.0899651 4.1234577 3.4607885 4.8130294 3.8185599 3.8531148 3.9106562 4.4447988 3.3431017 0.0152076 0.0000000 0.2668864 0.2608557 0.2587932 0.2612899 0.2765966 3.2828677 5.5552820 5.9003360 4.4611123 5.2964317 4.2424467 4.6634430 4.3009545 5.3060928 3.7640621 5.3635600 4.7793043 3.4453775 3.8910783 5.6239228 5.8721975 5.2874405 5.9750341 
HoiH06_mRNA14632                                               3.3225225 2.5917984 3.2388181 2.8762859 2.4551896 2.6939138 2.7001846 3.0340175 2.8900756 2.3089298 3.1217098 3.2494025 2.8911865 3.2424601 2.9348781 2.7664129 2.9163788 2.9853636 2.9060855 3.3637091 3.2475651 3.1448363 2.9304352 3.6145125 3.7468796 3.7011452 4.0775069 3.4214962 4.8687540 3.7372933 3.4511637 3.4453416 3.8533587 4.2079262 4.3282053 3.6671064 3.9500604 3.3259998 4.6446663 3.8734459 3.7989559 3.8614085 4.6630417 3.4233381 0.2880348 0.2668864 0.0000000 0.0537119 0.0968745 0.1000729 0.1610047 3.4134393 5.9005562 5.9465036 4.9823362 5.7390535 4.2917056 4.8367625 4.3992407 5.1904042 4.1126199 5.2050858 4.8240155 3.4867151 4.0857034 5.7187332 5.6852182 5.1612993 6.1159558 
HoiH23_PlH23_005610-RA                                         3.2744833 2.6445613 3.2480233 2.8605651 2.4808988 2.7543509 2.7022712 3.0570452 2.9003644 2.3415755 3.0660477 3.1923400 2.8560024 3.2326501 2.9694164 2.8248029 3.0018441 3.0086131 2.8822655 3.3227504 3.3070427 3.1459020 2.9688359 3.5715223 3.7523504 3.7122630 4.1951533 3.4135433 4.7656989 3.7014696 3.4122023 3.4802714 3.9432545 4.2553421 4.4100373 3.7281993 4.0211921 3.2487679 4.6334224 3.9470030 3.8540032 3.9424375 4.8734579 3.4634208 0.2775521 0.2608557 0.0537119 0.0000000 0.0949621 0.0981551 0.1707518 3.4058564 6.0376349 6.0258912 4.7500948 5.6152391 4.2275694 4.5345599 4.3672668 5.1359507 4.0854808 5.3147420 4.8224288 3.4844908 4.0699665 5.7413493 5.6173986 5.1949394 6.2110764 
Hhon_g09983.t1                                                 3.2422331 2.6308125 3.2346595 2.7989336 2.5492732 2.8031550 2.8386148 3.0599195 2.9004166 2.3309784 3.0712058 3.1690762 2.8456391 3.1638996 2.8610526 2.8398866 3.0587737 3.0758803 3.0470544 3.4252794 3.1747790 3.1485714 2.9525573 3.7063142 3.7761765 3.7357725 4.0498482 3.5205780 4.7915556 3.7962284 3.3476498 3.5540989 4.0050288 4.2774888 4.5346273 3.8002988 3.9894431 3.3187059 4.5874320 3.8910406 3.8698025 3.9591347 4.8816654 3.5576169 0.2867853 0.2587932 0.0968745 0.0949621 0.0000000 0.0021525 0.1593114 3.5185224 6.3071804 6.0597939 5.0423579 5.5313484 4.1292938 4.7164054 4.3492998 5.1204269 3.9349439 5.0867708 4.8670683 3.6126717 4.0664747 5.6282314 5.8132803 5.0212215 6.1288878 
HoiH04_mRNA11153                                               3.2455431 2.6495099 3.2542735 2.8372900 2.5837095 2.8296315 2.8622972 3.0985390 2.9296727 2.3309784 3.0993758 3.1988662 2.8695248 3.1710251 2.8822526 2.8801249 3.0917288 3.0855899 3.0985659 3.4473403 3.2164275 3.1828934 2.9645273 3.7167127 3.8264534 3.7849778 4.0644801 3.5669031 4.8160051 3.8543425 3.3932463 3.6102170 4.0741728 4.3488187 4.5005790 3.8002988 4.0486588 3.3319938 4.6063788 3.9468205 3.9210979 4.0112862 4.9048311 3.5976306 0.2900243 0.2612899 0.1000729 0.0981551 0.0021525 0.0000000 0.1606727 3.5591135 6.4207064 6.1653920 5.1567479 5.6576824 4.1892921 4.7164054 4.3631644 5.2141251 3.9328163 5.0033071 4.8264583 3.6558688 4.1089971 5.7429509 5.9301570 5.0684568 6.1474937 
HoiH11_mRNA5401                                                3.0856103 2.5934912 3.2996353 2.9662244 2.5014525 2.6563192 2.7533544 3.2435773 2.7688024 1.8612326 3.2371798 3.3226118 2.8354424 3.1047910 2.7974525 2.7201751 2.8765870 2.8884544 2.8743382 3.4556281 3.1971031 3.3238673 2.9723659 3.5727190 3.7233343 3.7297554 3.9513267 3.3350892 4.5844110 3.4500000 3.1414549 3.3347589 3.8291903 4.4221784 4.7328212 4.4352694 3.5969090 3.2874125 3.9129050 3.5678052 3.5320211 3.3712592 4.7217863 3.0878231 0.3102722 0.2765966 0.1610047 0.1707518 0.1593114 0.1606727 0.0000000 3.4436489 6.3668596 5.7821142 5.0570712 5.2724118 4.2453717 4.2980402 4.5605016 4.8158516 3.6658790 6.1024365 5.3000089 3.2367951 3.9049668 5.3991906 5.5807379 5.1129908 5.3216604 
Dgig_XM_028537372.1                                            2.8821653 2.4291692 2.4370980 2.7252634 2.0216641 1.8791271 2.0779454 2.0662965 1.9293528 2.0313368 2.3906027 2.3103107 2.1392932 2.5000495 2.6139908 2.6004001 2.5014396 2.3813143 2.7106312 2.7960212 2.9810724 2.8467676 2.7105265 3.0378606 2.7732503 2.7776864 2.8367027 2.6380514 3.6940597 2.9725594 2.6862722 3.0477202 2.9285797 3.2608920 2.9649889 3.9467790 3.2750525 2.4519423 3.0982572 3.3471936 3.0507438 3.2181156 4.0018052 3.2700551 3.4934046 3.2828677 3.4134393 3.4058564 3.5185224 3.5591135 3.4436489 0.0000000 4.2805329 4.2638884 3.7794302 4.1678180 3.7367207 3.3710857 3.5293096 3.9298345 3.4387056 4.5879256 4.3218499 3.5880899 2.9616305 4.3610721 4.8558885 4.8204430 4.1867501 
Acaspe_EP00035_Acanthoeca_spectabilis_P026748                  4.1046949 3.7762422 3.5462494 3.9273789 3.1841149 3.7052450 3.6840988 4.0851736 3.7871046 4.4784386 3.8280224 3.9428348 3.9724374 4.0938917 4.5940451 3.8598772 4.1004803 4.1946513 4.2210528 3.7409772 4.0027760 4.1347372 3.6227904 4.0884116 3.5492224 3.5379457 3.7765949 3.9567336 5.1649275 3.7576450 4.0879671 3.4976227 3.5491434 3.7517006 3.4148896 3.8279611 4.3264961 3.8047616 4.6035012 3.9619882 3.9797099 4.1963982 5.5290180 4.1484989 5.8682753 5.5552820 5.9005562 6.0376349 6.3071804 6.4207064 6.3668596 4.2805329 0.0000000 0.5967504 1.6238180 1.8057758 2.3569673 3.1061369 2.9551769 3.3539800 2.9921076 4.5244522 2.8388518 4.3011975 4.7696786 4.5855704 4.5367469 3.7915576 4.2882145 
