61
Hsap_ENST00000265381                                0.0000000 0.7307910 0.6076203 1.3943129 0.6339064 1.2141498 0.6312902 1.3631327 1.4372702 0.9220091 1.8279270 1.9846916 1.4369354 2.3092370 1.9524112 1.0187130 1.9061498 1.9074863 1.7935947 1.4072533 2.0092038 1.0923625 2.2355443 1.3383271 2.2225185 2.1718665 1.2581683 1.4827624 1.9684561 1.7710338 2.3080408 2.2628931 1.5323402 2.1013397 1.6613662 2.3442911 1.9215101 1.7972054 2.5462725 2.3944513 1.2702738 1.6386970 3.3360835 2.4593539 3.1035521 3.0790232 2.9924600 3.0069956 3.1005807 2.2647664 3.3314560 2.3283317 2.7655625 3.0712960 2.8919511 2.1878919 2.5400648 3.2009371 2.7022527 2.4496178 2.7010356 
Spur_XM_030977363.1                                 0.7307910 0.0000000 0.1915531 0.6835342 0.5870984 0.7041436 0.5478367 0.7848994 0.8336565 0.8139328 1.2564296 1.2554042 1.1020968 1.4951915 1.2274259 0.9897293 1.2021725 1.1950468 1.1808433 1.3876212 1.3736044 1.1388107 1.2499593 1.2037208 1.3203994 1.3651696 1.3683871 1.4010687 1.9163982 1.8112143 1.9849143 2.0359318 1.4747710 1.4369375 1.4080238 1.7351912 1.6008424 1.5833138 1.6797099 2.0152771 1.1895176 1.6328326 1.9711129 1.9512841 2.0331724 2.0062654 2.0452348 2.0362044 2.6451912 2.5818076 2.9086490 2.3988462 2.5545439 2.7256683 2.5893203 2.6693698 2.4901639 2.8718248 2.4831053 2.4902032 2.5819529 
Skow_XM_006820577.1                                 0.6076203 0.1915531 0.0000000 0.5043725 0.5142447 0.5664702 0.5343045 0.5730661 0.5765948 0.6223100 1.1879270 1.2013034 1.1619269 1.3746897 1.2368234 1.1226459 1.0997292 1.0698030 1.1725444 1.5933853 1.3055605 1.4246592 1.2232718 1.2303348 1.2586401 1.2884714 1.1789933 1.1357674 1.7898974 1.7056191 1.6281751 1.8832191 1.6202899 1.1734968 1.2286458 1.4170651 1.4428514 1.5300515 1.4554493 1.5340336 1.5180177 1.7767986 1.7760905 1.7013497 1.7372115 1.7059171 1.7963635 1.7963635 2.5727710 2.5398592 2.5864111 2.7396018 2.7396018 2.9477105 2.8085604 2.8208503 2.8671945 3.1551966 2.4713706 2.8740419 1.8821444 
Tcas_TC001711_004                                   1.3943129 0.6835342 0.5043725 0.0000000 0.1233568 0.5982811 0.3067076 1.2575605 1.1918086 1.6826631 2.3899216 2.4760315 1.9777158 3.3788062 2.8959249 1.3133365 2.5933161 2.6516806 2.4856521 1.4038146 2.6298094 1.0037674 2.4462864 1.4717045 2.5631176 2.6234566 1.3619853 1.6575226 2.5819286 2.0592225 2.5943770 2.4731857 1.3572132 2.7451083 2.3115092 2.7418435 1.8093423 1.7683925 2.4591046 2.5216306 1.1669284 1.6297472 4.1607709 3.0499243 3.9769291 3.8228239 3.8225567 3.8212849 3.7691334 2.1629884 3.4406248 2.5921877 2.9182257 3.4151406 3.5591900 2.3312718 3.0337652 3.9051619 3.0790692 2.6590204 2.8126823 
Dpul_mRNA29361                                      0.6339064 0.5870984 0.5142447 0.1233568 0.0000000 0.1682444 0.3534250 0.3078980 0.3124708 0.6581519 0.8451360 0.8321765 0.8999100 1.0652148 0.8633683 0.8703520 0.9034672 0.8976885 0.8699283 1.3442177 1.2076124 0.9609646 1.0185007 1.0461901 1.1273208 1.0307083 1.4107091 1.0571985 1.5157220 1.6265341 1.5340328 1.6535051 1.3964843 1.0828767 1.1181360 1.6077759 1.4231903 1.4920826 1.5056996 1.6514569 1.1977996 1.5190564 1.6308094 1.6117278 1.5759921 1.5555461 1.5992667 1.5992667 2.3531992 2.0961812 2.3441801 2.3701246 2.3701246 2.3589392 2.3764347 2.2777532 2.4620271 2.5387116 2.2073928 2.5207603 2.1823417 
Cscu_XM_023378870.1                                 1.2141498 0.7041436 0.5664702 0.5982811 0.1682444 0.0000000 0.3220537 1.1274471 1.1412923 1.5328873 2.2239167 2.3988630 1.6875920 2.9432420 2.7876786 1.1387937 2.6334586 2.7123833 2.5145207 1.4011741 2.3831820 0.9328482 2.2965193 1.2219724 2.2818642 2.4665080 1.3208684 1.7620582 2.6149142 1.8992741 2.8249301 2.6141410 1.5835306 2.5922632 1.8959812 3.1183379 2.0848625 1.7062546 2.7820628 2.6254517 1.0791173 1.5721509 4.1208105 2.7931750 3.9432222 3.8633733 3.7597547 3.7548585 3.3922004 2.3007190 3.5077221 2.5128720 3.1013717 3.1648486 3.5576277 2.3525626 2.8252617 3.5809640 2.9845729 2.6423282 2.9203343 
Ctel_gnl_WGS_AMQN_CAPTEDRAFT_mRNA180422             0.6312902 0.5478367 0.5343045 0.3067076 0.3534250 0.3220537 0.0000000 0.1917092 0.1964282 0.5837827 0.7936610 0.7866772 0.8388883 0.9840694 0.8196138 0.8271252 0.8613346 0.8438117 0.8222500 1.2409614 1.1760324 1.0693160 1.0390013 1.0578913 1.1581156 1.0365803 1.2955294 0.9168711 1.5323127 1.5947228 1.5535154 1.6671073 1.4728083 0.9706100 0.9679850 1.4902429 1.2787242 1.5531812 1.5120003 1.5567763 1.2023482 1.6146689 1.7039737 1.6395644 1.6325332 1.6159998 1.6134175 1.6134175 2.2956325 2.2893278 2.3366269 2.3216815 2.3216815 2.4328202 2.2183171 2.4017021 2.3081478 2.5578274 2.1130147 2.3534699 2.2198143 
Cgig_XM_020064912.2                                 1.3631327 0.7848994 0.5730661 1.2575605 0.3078980 1.1274471 0.1917092 0.0000000 0.5837995 1.6719472 2.6204654 2.7698159 2.2088081 3.4492588 2.9748350 1.5371417 2.9619600 2.9410052 2.7786296 1.4814922 3.3710454 1.0708313 2.8110774 1.6958827 3.0578646 3.0106273 1.3035397 1.8454992 2.9981730 2.4395395 3.1654104 3.0831927 1.5392386 2.6836002 2.3034454 3.1174745 1.9037530 1.8619023 2.4254824 2.4967053 1.0997565 1.5649435 4.0086429 3.4914848 4.2195893 4.0967387 3.9145536 3.9279768 3.3633402 2.2866521 3.0464254 2.5058777 2.9095234 3.0069497 3.2775088 2.4841708 2.8764356 3.2491397 2.8243792 2.6076315 2.8380566 
Acagra_model.g9676.t1_model.g9677.t1_model.g9675.t1 1.4372702 0.8336565 0.5765948 1.1918086 0.3124708 1.1412923 0.1964282 0.5837995 0.0000000 1.7952600 2.8076111 2.9079181 2.0902908 3.3017296 2.9352833 1.4764419 2.8971376 2.9149632 2.7146477 1.5213322 3.2287226 1.0909029 2.7452273 1.7868571 2.9661930 2.9295479 1.2276072 1.8180655 3.3465939 2.6345720 3.3951372 3.2145839 1.6880366 3.0024506 2.3477211 2.9896998 2.0741951 1.9645948 2.5787153 2.5013563 1.1014727 1.6700555 4.3285102 3.6737683 4.4829435 4.2789212 4.3755332 4.3791985 3.6224104 2.3623531 3.3483094 2.6208991 3.3566442 3.4061008 3.3758370 2.4589549 3.0201639 3.6419349 3.0993217 2.7277456 3.5337034 
Bralan_BLAG02102362_2                               0.9220091 0.8139328 0.6223100 1.6826631 0.6581519 1.5328873 0.5837827 1.6719472 1.7952600 0.0000000 2.0453641 2.0415241 1.4555119 2.4392112 2.1787847 1.0322355 2.0640770 2.0634962 1.9713291 1.3652479 2.3640757 1.0831947 2.4524878 1.4843018 2.4963047 2.3973585 1.3304182 1.4837665 2.3745773 2.1058516 2.6165399 2.5826823 1.5868613 2.3230656 1.9450514 2.5640350 2.0215555 1.9515231 2.6627424 2.6973812 1.3108463 1.7098621 3.6486481 2.6950490 3.4922558 3.4998087 3.5060450 3.5212022 3.2325172 2.2495060 3.5346097 2.3084042 2.7329431 3.1345521 2.9882318 2.2802801 2.6046402 3.2556781 2.7856671 2.6785977 2.7722656 
Exapal_XM_021049227.1                               1.8279270 1.2564296 1.1879270 2.3899216 0.8451360 2.2239167 0.7936610 2.6204654 2.8076111 2.0453641 0.0000000 0.6561307 0.6186434 0.9929109 0.8800615 0.3125118 0.8591322 0.8913170 0.7978406 1.1978795 2.0437781 0.7447184 2.1575301 1.1749685 2.1104539 2.0231570 1.1876388 1.6600936 2.7499212 2.2527820 2.9029806 2.9224149 1.5556986 1.5414809 1.3234338 3.0089750 2.1473216 1.9686918 2.4824190 2.4175755 1.2141879 1.3073178 3.5343046 2.7005161 2.8983330 2.9384072 2.8883708 2.8998214 3.0780294 1.9412773 2.9365522 2.2047728 2.4866933 2.8225397 3.0259068 2.0151181 2.7886477 3.1108994 2.5910342 2.2308059 2.7686953 
Nvec_v1g116118                                      1.9846916 1.2554042 1.2013034 2.4760315 0.8321765 2.3988630 0.7866772 2.7698159 2.9079181 2.0415241 0.6561307 0.0000000 0.5962550 0.9429279 0.8155275 0.3127134 0.8416386 0.8594513 0.7318341 1.1323867 2.0421530 0.7308974 2.2083222 1.1567980 2.1249010 1.9552505 1.1046511 1.7428191 2.6751266 2.1782644 2.9892147 2.8215373 1.5940222 1.5477787 1.2595913 3.0896507 2.3529746 1.9379375 2.5592414 2.6431380 1.2432010 1.3777578 3.8568879 2.9865568 3.4661869 3.4801656 3.3492602 3.3795138 3.2375006 2.0106503 2.9848029 2.3104598 2.5622260 2.9119585 3.0829312 2.0211374 2.8466784 3.1055943 2.7813754 2.3587133 2.5263487 
Adig_XM_015900188.1                                 1.4369354 1.1020968 1.1619269 1.9777158 0.8999100 1.6875920 0.8388883 2.2088081 2.0902908 1.4555119 0.6186434 0.5962550 0.0000000 0.0226982 0.3304564 0.1990137 0.3981370 0.4094463 0.3524164 1.2404317 1.8505485 0.8221233 1.7342739 1.2081321 1.9129917 1.6422295 1.1548429 1.4794863 2.6817963 2.2316266 2.6749080 2.5487887 1.7224332 1.3161260 1.1082716 2.4664129 2.0215632 1.9863906 1.8992897 2.0058058 1.3410058 1.3795775 3.0020787 2.7111399 2.6588342 2.6063052 2.7537890 2.7584389 2.5764796 2.1682234 2.7008498 2.2694882 2.3473774 2.6314071 2.6686581 2.1465382 2.8277824 2.5523612 2.5194748 2.3573778 2.2560837 
Amil_Amillepora01283-RA                             2.3092370 1.4951915 1.3746897 3.3788062 1.0652148 2.9432420 0.9840694 3.4492588 3.3017296 2.4392112 0.9929109 0.9429279 0.0226982 0.0000000 0.4781127 0.2391329 0.6407909 0.6447152 0.5052889 1.4692069 2.7304741 1.0434458 2.6369561 1.5303108 2.7085276 2.4762479 1.1391505 1.9517772 3.4573454 2.6704580 3.5547948 3.5394100 1.8841860 1.9405616 1.6274039 3.3593501 2.6886256 2.4775410 3.3530400 3.1603591 1.6043614 1.5167604 4.0678747 3.1639440 3.5737853 3.5523817 3.5403964 3.5583192 3.9595207 2.5342947 3.9408987 2.5370396 3.0220656 3.4081967 3.9362401 2.6697718 3.7017324 3.6703864 3.5322145 2.8181310 2.4743782 
Gfas_gfas1.m1.6016.m1                               1.9524112 1.2274259 1.2368234 2.8959249 0.8633683 2.7876786 0.8196138 2.9748350 2.9352833 2.1787847 0.8800615 0.8155275 0.3304564 0.4781127 0.0000000 0.1521010 0.4588766 0.4526622 0.3883886 1.2565059 2.3663916 0.8436922 2.2532937 1.2963162 2.3216352 2.2785969 1.0601505 1.7378364 3.1664948 2.3132638 3.1044018 2.9816484 1.6869002 1.5770391 1.4483037 3.2264425 2.2298436 1.9453378 2.7166539 2.7110085 1.2112586 1.3036718 3.9256957 2.9351230 3.5105960 3.4998292 3.4739679 3.4610066 3.4732854 2.0925113 3.4953420 2.2566230 2.7341467 3.1200306 3.2173863 2.2122512 3.0766062 3.3045762 2.8077684 2.3822275 2.4726644 
Fspp_ffun1.m4.24665.m1                              1.0187130 0.9897293 1.1226459 1.3133365 0.8703520 1.1387937 0.8271252 1.5371417 1.4764419 1.0322355 0.3125118 0.3127134 0.1990137 0.2391329 0.1521010 0.0000000 0.1351978 0.1450468 0.0847211 1.2260030 1.5034269 0.8345085 1.2732424 1.1742139 1.3040199 1.2967028 1.1494567 1.1856648 2.3933244 2.1960376 2.3979487 2.4340829 1.6091414 0.8553500 0.8947173 1.9301248 1.6276759 1.6554866 1.6417949 1.8425192 1.2420092 1.4237900 2.2479193 2.1617038 2.1507113 2.1115268 2.2563766 2.2534184 2.4523624 2.0423717 2.4468785 2.2116816 2.2116816 2.4589995 2.4151421 2.0874575 2.6072778 2.3798436 2.1254112 2.2847287 1.9224819 
Spis_XP_022781848_1                                 1.9061498 1.2021725 1.0997292 2.5933161 0.9034672 2.6334586 0.8613346 2.9619600 2.8971376 2.0640770 0.8591322 0.8416386 0.3981370 0.6407909 0.4588766 0.1351978 0.0000000 0.0732246 0.2747867 1.2742559 2.1326570 0.8438692 2.1408663 1.2496785 2.2104613 2.1200252 1.0741058 1.7258676 3.0936388 2.3865857 3.1726336 2.9650458 1.6817802 1.5638527 1.3623906 3.1714349 2.3870657 1.9912254 2.6900106 2.6925777 1.2794902 1.3666122 3.9084677 2.9942895 3.5116229 3.5805639 3.5102548 3.5260236 3.3365018 2.1356629 3.2673783 2.2678253 2.6786657 3.0602819 3.1983191 2.1929945 2.9924740 3.1293120 2.9970332 2.4514133 2.3238173 
Pocdam_XM_027200830.1                               1.9074863 1.1950468 1.0698030 2.6516806 0.8976885 2.7123833 0.8438117 2.9410052 2.9149632 2.0634962 0.8913170 0.8594513 0.4094463 0.6447152 0.4526622 0.1450468 0.0732246 0.0000000 0.2663129 1.2871389 2.1471221 0.8460025 2.1699899 1.2779806 2.1882717 2.1497948 1.0401386 1.7372669 3.0043192 2.4090130 3.2159546 2.9638222 1.6461944 1.5062067 1.3410822 3.0789921 2.3111879 1.9769290 2.6215777 2.5869680 1.2791331 1.3729913 3.9493909 3.0099522 3.5413960 3.6025033 3.5360321 3.5519370 3.3770534 2.1069407 3.3063471 2.2748152 2.7639051 3.1362592 3.2057849 2.1776547 2.9704939 3.1597354 2.9475635 2.4341766 2.3632462 
Gasp_gasp1.m3.20039.m1                              1.7935947 1.1808433 1.1725444 2.4856521 0.8699283 2.5145207 0.8222500 2.7786296 2.7146477 1.9713291 0.7978406 0.7318341 0.3524164 0.5052889 0.3883886 0.0847211 0.2747867 0.2663129 0.0000000 1.2437116 2.1422064 0.8608532 1.9883199 1.2146511 2.0570650 2.0625255 1.1022392 1.7860535 2.9594600 2.3565925 3.1522038 2.9601360 1.6358630 1.5209611 1.2698332 3.0060176 2.2581064 1.9006880 2.3602999 2.5194818 1.2315353 1.4425919 3.8379930 2.9347555 3.4282664 3.4488795 3.4015027 3.3869693 3.2899754 2.0332315 3.0725504 2.2916733 2.4638670 2.8346227 3.1148809 2.1002021 3.0076670 2.9977547 2.6795273 2.3511210 2.5134915 
Hvul_g24414_1                                       1.4072533 1.3876212 1.5933853 1.4038146 1.3442177 1.4011741 1.2409614 1.4814922 1.5213322 1.3652479 1.1978795 1.1323867 1.2404317 1.4692069 1.2565059 1.2260030 1.2742559 1.2871389 1.2437116 0.0000000 0.3831307 0.5915078 0.6110669 0.5953407 0.5855315 0.5461238 1.5331656 1.5404166 2.0359582 2.0152133 2.0097550 2.1124431 1.8517423 1.3402488 1.4834797 2.0482749 1.8581427 1.9921149 1.9084954 2.0601293 1.4792258 1.9786736 2.3916329 2.3245584 2.3073375 2.2631767 2.2644952 2.2644952 2.7290940 2.4065222 2.8217849 2.5918454 2.5918454 2.9031022 2.6044311 2.2077618 2.5888653 2.9843595 2.5649649 2.7220383 2.8319979 
Chem_TCONS_00056859                                 2.0092038 1.3736044 1.3055605 2.6298094 1.2076124 2.3831820 1.1760324 3.3710454 3.2287226 2.3640757 2.0437781 2.0421530 1.8505485 2.7304741 2.3663916 1.5034269 2.1326570 2.1471221 2.1422064 0.3831307 0.0000000 0.4164420 1.1806587 0.6942564 1.1247952 1.0003222 1.4221168 2.2751326 3.1423986 2.6979268 3.2264463 3.2322093 1.6012108 2.3393632 2.2890578 3.5241925 2.6460097 2.2994573 2.7737126 2.8067509 1.3973480 1.8793582 3.8729321 3.0480720 3.5770405 3.4786797 3.4731775 3.4858064 3.4800117 2.3885993 3.4976204 2.5847523 2.8151110 3.3531294 3.3456814 2.3518640 3.1282057 3.1870990 2.6516414 2.7537330 3.6764677 
Aaur_scaffold995.g5.t1                              1.0923625 1.1388107 1.4246592 1.0037674 0.9609646 0.9328482 1.0693160 1.0708313 1.0909029 1.0831947 0.7447184 0.7308974 0.8221233 1.0434458 0.8436922 0.8345085 0.8438692 0.8460025 0.8608532 0.5915078 0.4164420 0.0000000 0.1134869 0.1285901 0.1977202 0.2932689 1.4089728 1.3560407 1.8103497 1.8299915 1.8490473 1.8476385 1.6994708 1.0245843 1.0577105 1.9654365 1.7440239 1.8018033 1.6626350 1.9935672 1.4116999 1.7487872 1.7704091 1.7242809 1.6482027 1.6250801 1.6587847 1.6587847 2.6352589 2.2585236 2.5420658 2.6148169 2.6148169 2.8071900 2.5068252 2.2872198 2.5872119 2.7436563 2.3729010 2.5593764 2.3361820 
Nemnom_g3496.t1                                     2.2355443 1.2499593 1.2232718 2.4462864 1.0185007 2.2965193 1.0390013 2.8110774 2.7452273 2.4524878 2.1575301 2.2083222 1.7342739 2.6369561 2.2532937 1.2732424 2.1408663 2.1699899 1.9883199 0.6110669 1.1806587 0.1134869 0.0000000 0.0692817 0.6297630 0.9770042 1.3254687 1.9744178 2.9313351 2.5496928 3.1271075 2.9062330 1.6574635 2.3384377 2.0273563 3.4517390 2.3482665 2.1706279 2.5747085 2.8738232 1.3288680 1.7284511 4.1563121 3.1353070 3.5840005 3.5766435 3.6880688 3.7011586 3.6700747 2.1422404 3.5869425 2.7413696 3.1292597 3.5314301 3.3210503 2.1853860 3.1113614 3.3587847 2.6685470 2.6074468 3.3846169 
Rhoesc_Res_009507-T1                                1.3383271 1.2037208 1.2303348 1.4717045 1.0461901 1.2219724 1.0578913 1.6958827 1.7868571 1.4843018 1.1749685 1.1567980 1.2081321 1.5303108 1.2963162 1.1742139 1.2496785 1.2779806 1.2146511 0.5953407 0.6942564 0.1285901 0.0692817 0.0000000 0.3236527 0.4254524 1.3428511 1.3900464 2.4418777 2.3087030 2.2853075 2.4005547 1.6714881 1.4699951 1.5712129 2.3698215 1.9037646 1.9550952 1.8806597 2.1172887 1.3271469 1.7438612 2.5136058 2.2859404 2.2473921 2.2248870 2.2744458 2.2744458 2.8767628 2.1939653 2.6619863 2.6228061 2.6228061 2.8978874 2.7225507 2.2206930 2.9277334 2.7543960 2.3221304 2.5404822 2.6150933 
Sanmal_Sma_013902-T1                                2.2225185 1.3203994 1.2586401 2.5631176 1.1273208 2.2818642 1.1581156 3.0578646 2.9661930 2.4963047 2.1104539 2.1249010 1.9129917 2.7085276 2.3216352 1.3040199 2.2104613 2.1882717 2.0570650 0.5855315 1.1247952 0.1977202 0.6297630 0.3236527 0.0000000 0.9107258 1.3777470 2.1316035 2.8361155 2.6059720 3.2579206 2.9876826 1.7815118 2.2848742 2.2144023 3.8119731 2.8341245 2.3015037 2.7090676 2.8841364 1.3806745 1.6759460 4.1717449 3.2013760 3.6805665 3.6565091 3.6930909 3.6990474 3.7256005 2.2124742 3.6523682 2.7630835 3.0525973 3.5577382 3.4322761 2.2582985 3.1992805 3.5463823 2.7222062 2.7957872 3.4651329 
Morvir_scaffold22.g36.t4                            2.1718665 1.3651696 1.2884714 2.6234566 1.0307083 2.4665080 1.0365803 3.0106273 2.9295479 2.3973585 2.0231570 1.9552505 1.6422295 2.4762479 2.2785969 1.2967028 2.1200252 2.1497948 2.0625255 0.5461238 1.0003222 0.2932689 0.9770042 0.4254524 0.9107258 0.0000000 1.3906814 2.0951161 2.9427706 2.4798050 3.3259063 2.9330180 1.6309180 2.2659382 1.9503490 3.4868241 2.4679015 2.1147100 2.5967640 2.6266469 1.3699299 1.6718214 3.6937907 2.8414845 3.2653387 3.2890791 3.2981612 3.3157435 3.4389810 2.2682180 3.5597680 2.5674350 2.8957262 3.3077973 3.5002941 2.3197657 3.0506927 3.3003366 2.4656852 2.6080682 3.4798234 
Opea_EP00118_Oscarella_pearsei_P002085              1.2581683 1.3683871 1.1789933 1.3619853 1.4107091 1.3208684 1.2955294 1.3035397 1.2276072 1.3304182 1.1876388 1.1046511 1.1548429 1.1391505 1.0601505 1.1494567 1.0741058 1.0401386 1.1022392 1.5331656 1.4221168 1.4089728 1.3254687 1.3428511 1.3777470 1.3906814 0.0000000 0.7732947 1.5659356 1.4649044 1.5119327 1.5865037 1.4536262 1.3250252 1.4283104 1.5719001 1.6431837 1.8823313 1.9026079 1.5587328 1.5100029 1.8840958 1.8771936 1.9306481 1.8580215 1.8550656 1.8926724 1.8926724 2.8755960 2.7403875 2.7435716 2.6157244 2.6157244 2.7122891 2.5970919 2.9271715 2.6980147 2.5880098 2.4436501 2.9500464 1.4459305 
Plajan_Pjan_C566350_01                              1.4827624 1.4010687 1.1357674 1.6575226 1.0571985 1.7620582 0.9168711 1.8454992 1.8180655 1.4837665 1.6600936 1.7428191 1.4794863 1.9517772 1.7378364 1.1856648 1.7258676 1.7372669 1.7860535 1.5404166 2.2751326 1.3560407 1.9744178 1.3900464 2.1316035 2.0951161 0.7732947 0.0000000 1.6028137 1.4228747 1.6849114 1.6211516 1.0427888 2.0646406 1.8213709 2.0648056 1.7632516 1.7590077 2.1709425 1.9236084 1.2592551 1.5918200 3.0081944 2.4589244 2.9988167 2.9696051 2.8542526 2.8661154 2.7271123 2.0335377 2.8276857 2.2491908 2.5117013 2.5734871 2.6557286 2.0519408 2.3489212 2.9074729 2.3780400 2.4430064 1.9399314 
Scil_scict019888.2                                  1.9684561 1.9163982 1.7898974 2.5819286 1.5157220 2.6149142 1.5323127 2.9981730 3.3465939 2.3745773 2.7499212 2.6751266 2.6817963 3.4573454 3.1664948 2.3933244 3.0936388 3.0043192 2.9594600 2.0359582 3.1423986 1.8103497 2.9313351 2.4418777 2.8361155 2.9427706 1.5659356 1.6028137 0.0000000 0.3628573 0.7136371 0.7291885 0.7784210 3.0190972 2.7040189 2.9408433 2.3394928 2.1177872 2.4687210 2.6821409 1.4705693 2.1872478 3.7581168 3.2860814 3.5196842 3.4258942 3.5135074 3.5216544 3.6719019 2.1186953 3.1299154 2.6645706 2.9333036 3.3817791 3.2028172 2.3597036 2.9078806 3.5588950 2.7546558 2.5496507 2.9903159 
Leuniv_Lniv_scaffold15535_01                        1.7710338 1.8112143 1.7056191 2.0592225 1.6265341 1.8992741 1.5947228 2.4395395 2.6345720 2.1058516 2.2527820 2.1782644 2.2316266 2.6704580 2.3132638 2.1960376 2.3865857 2.4090130 2.3565925 2.0152133 2.6979268 1.8299915 2.5496928 2.3087030 2.6059720 2.4798050 1.4649044 1.4228747 0.3628573 0.0000000 0.4567884 0.4581939 0.6683696 2.3356013 2.3959296 2.1643290 1.9637713 2.0685487 2.0557452 2.2655757 1.4543054 2.1858455 2.9271008 2.8285483 2.7778973 2.7517669 2.7751580 2.7994272 3.1996251 2.1445966 2.9468989 2.8845986 2.9526146 3.0761000 2.9298301 2.4057436 2.9179069 3.1726733 2.6209077 2.6429554 2.7473366 
Gracom_Gcom_scaffold17627_01                        2.3080408 1.9849143 1.6281751 2.5943770 1.5340328 2.8249301 1.5535154 3.1654104 3.3951372 2.6165399 2.9029806 2.9892147 2.6749080 3.5547948 3.1044018 2.3979487 3.1726336 3.2159546 3.1522038 2.0097550 3.2264463 1.8490473 3.1271075 2.2853075 3.2579206 3.3259063 1.5119327 1.6849114 0.7136371 0.4567884 0.0000000 0.7822407 0.6397100 3.3773224 3.0293551 2.8694159 2.2652954 2.2409049 2.7336037 2.3963736 1.4087588 2.0382312 3.7127569 3.1031656 3.4446349 3.3978116 3.5589909 3.5658038 3.9392330 2.1773101 3.5009035 2.7831353 3.3573087 3.6739958 3.4467662 2.3317344 3.0241665 3.8778427 3.0068593 2.5661900 3.2819432 
Lcom_lcpid46193                                     2.2628931 2.0359318 1.8832191 2.4731857 1.6535051 2.6141410 1.6671073 3.0831927 3.2145839 2.5826823 2.9224149 2.8215373 2.5487887 3.5394100 2.9816484 2.4340829 2.9650458 2.9638222 2.9601360 2.1124431 3.2322093 1.8476385 2.9062330 2.4005547 2.9876826 2.9330180 1.5865037 1.6211516 0.7291885 0.4581939 0.7822407 0.0000000 0.6948459 3.2234850 2.7695664 2.7754340 2.3808939 2.2238559 2.6020842 2.4510862 1.4036760 2.2868422 3.8346600 3.1410259 3.4177997 3.4408650 3.5624904 3.5697144 3.6793101 2.1727483 3.2166556 2.8688412 3.1135718 3.5745211 3.0797782 2.3366712 2.9758459 3.5762822 2.9004619 2.6786626 3.3914846 
Clacor_Ccor_scaffold1108_01                         1.5323402 1.4747710 1.6202899 1.3572132 1.3964843 1.5835306 1.4728083 1.5392386 1.6880366 1.5868613 1.5556986 1.5940222 1.7224332 1.8841860 1.6869002 1.6091414 1.6817802 1.6461944 1.6358630 1.8517423 1.6012108 1.6994708 1.6574635 1.6714881 1.7815118 1.6309180 1.4536262 1.0427888 0.7784210 0.6683696 0.6397100 0.6948459 0.0000000 1.8669283 1.8349163 1.9756843 1.7187778 1.8291109 1.8657704 1.8173014 1.6393104 2.2114162 2.3210913 2.1441257 2.3023262 2.2890392 2.3791342 2.3740620 2.1300904 2.1412998 2.1542848 2.1491340 2.1491340 2.2910259 2.1943484 2.1062016 2.1221514 2.2925659 2.1337936 2.2769832 1.9082927 
Dgig_XM_028551113.1                                 2.1013397 1.4369375 1.1734968 2.7451083 1.0828767 2.5922632 0.9706100 2.6836002 3.0024506 2.3230656 1.5414809 1.5477787 1.3161260 1.9405616 1.5770391 0.8553500 1.5638527 1.5062067 1.5209611 1.3402488 2.3393632 1.0245843 2.3384377 1.4699951 2.2848742 2.2659382 1.3250252 2.0646406 3.0190972 2.3356013 3.3773224 3.2234850 1.8669283 0.0000000 0.4416741 3.2034442 2.2040541 1.8845330 2.5525059 2.6043363 1.4363619 1.5826561 4.0024838 3.1397829 3.7324034 3.6895028 3.6611095 3.6483279 3.6526325 2.0925539 3.5241218 2.6527942 3.1272483 3.6730395 3.5755097 2.3062317 3.0785590 3.4499340 2.9329062 2.8273923 2.6633236 
Xesp_002908-T1                                      1.6613662 1.4080238 1.2286458 2.3115092 1.1181360 1.8959812 0.9679850 2.3034454 2.3477211 1.9450514 1.3234338 1.2595913 1.1082716 1.6274039 1.4483037 0.8947173 1.3623906 1.3410822 1.2698332 1.4834797 2.2890578 1.0577105 2.0273563 1.5712129 2.2144023 1.9503490 1.4283104 1.8213709 2.7040189 2.3959296 3.0293551 2.7695664 1.8349163 0.4416741 0.0000000 2.8226453 1.9341612 1.7805041 2.2310405 2.5372489 1.4461597 1.6514023 2.9529722 2.5521671 2.7393104 2.6484222 2.8576650 2.8560038 3.4723043 2.2417510 3.1012252 2.7973423 3.0600001 3.2518635 3.4246496 2.2807433 3.1381350 3.6019205 2.8431137 2.8341027 2.7376249 
Aque_Aqu2.1.23811_001                               2.3442911 1.7351912 1.4170651 2.7418435 1.6077759 3.1183379 1.4902429 3.1174745 2.9896998 2.5640350 3.0089750 3.0896507 2.4664129 3.3593501 3.2264425 1.9301248 3.1714349 3.0789921 3.0060176 2.0482749 3.5241925 1.9654365 3.4517390 2.3698215 3.8119731 3.4868241 1.5719001 2.0648056 2.9408433 2.1643290 2.8694159 2.7754340 1.9756843 3.2034442 2.8226453 0.0000000 0.5266554 1.2156230 1.8964452 1.4899736 0.6746996 2.4914795 4.5320484 3.2184367 4.0633115 4.1095045 4.1176652 4.1564459 4.3273527 2.3170682 3.5343715 3.0461223 3.9801297 4.0113351 3.7512740 2.7691065 3.0632430 4.1367619 3.3565433 2.9501616 2.1622218 
Halamb_c52690_g2_i2mm.4714                          1.9215101 1.6008424 1.4428514 1.8093423 1.4231903 2.0848625 1.2787242 1.9037530 2.0741951 2.0215555 2.1473216 2.3529746 2.0215632 2.6886256 2.2298436 1.6276759 2.3870657 2.3111879 2.2581064 1.8581427 2.6460097 1.7440239 2.3482665 1.9037646 2.8341245 2.4679015 1.6431837 1.7632516 2.3394928 1.9637713 2.2652954 2.3808939 1.7187778 2.2040541 1.9341612 0.5266554 0.0000000 1.0190312 1.3290318 1.0641847 0.5318417 1.9918961 3.2544147 2.6306473 2.8782393 2.8891761 2.9386543 2.9355690 3.0953168 2.0807959 2.8301103 2.6086633 2.9350235 3.0939668 2.8235257 2.4675158 2.5805635 3.0399215 2.7700486 2.5319757 1.9758493 
Emue_Em0009g610a.t1                                 1.7972054 1.5833138 1.5300515 1.7683925 1.4920826 1.7062546 1.5531812 1.8619023 1.9645948 1.9515231 1.9686918 1.9379375 1.9863906 2.4775410 1.9453378 1.6554866 1.9912254 1.9769290 1.9006880 1.9921149 2.2994573 1.8018033 2.1706279 1.9550952 2.3015037 2.1147100 1.8823313 1.7590077 2.1177872 2.0685487 2.2409049 2.2238559 1.8291109 1.8845330 1.7805041 1.2156230 1.0190312 0.0000000 0.1961182 0.8686916 0.6054977 2.0380104 2.9989826 2.8503860 2.7866322 2.7757785 2.7850236 2.7909175 3.1235226 2.3183152 2.5638997 2.7873185 2.8536899 3.0451691 2.8823867 2.8233964 2.7164867 2.9380404 2.7634825 2.7608854 1.9458568 
Spolac_c100884_g1_i5_m.23826c100884-g1              2.5462725 1.6797099 1.4554493 2.4591046 1.5056996 2.7820628 1.5120003 2.4254824 2.5787153 2.6627424 2.4824190 2.5592414 1.8992897 3.3530400 2.7166539 1.6417949 2.6900106 2.6215777 2.3602999 1.9084954 2.7737126 1.6626350 2.5747085 1.8806597 2.7090676 2.5967640 1.9026079 2.1709425 2.4687210 2.0557452 2.7336037 2.6020842 1.8657704 2.5525059 2.2310405 1.8964452 1.3290318 0.1961182 0.0000000 1.3160296 0.5580863 2.0475052 3.7706621 2.8863881 3.7395144 3.7467234 3.6123299 3.6394464 3.9472102 2.3167316 3.2281979 2.8024842 3.4072879 3.4300668 3.4335337 2.7565318 2.9001804 3.9614781 3.2442093 2.7619302 2.0339920 
Tetwil_g9582.t1                                     2.3944513 2.0152771 1.5340336 2.5216306 1.6514569 2.6254517 1.5567763 2.4967053 2.5013563 2.6973812 2.4175755 2.6431380 2.0058058 3.1603591 2.7110085 1.8425192 2.6925777 2.5869680 2.5194818 2.0601293 2.8067509 1.9935672 2.8738232 2.1172887 2.8841364 2.6266469 1.5587328 1.9236084 2.6821409 2.2655757 2.3963736 2.4510862 1.8173014 2.6043363 2.5372489 1.4899736 1.0641847 0.8686916 1.3160296 0.0000000 0.3727344 2.0054101 3.7001404 2.7480810 3.5674241 3.4526810 3.6860014 3.7176927 3.7315275 2.2570982 3.4657918 2.9143915 3.4109416 3.4558904 3.5701225 2.5926870 2.9963910 3.8361162 3.1351314 2.9043231 2.0655015 
Stycar_maker-SC_scaffold12619-snap-gene-0.63-mRNA-1 1.2702738 1.1895176 1.5180177 1.1669284 1.1977996 1.0791173 1.2023482 1.0997565 1.1014727 1.3108463 1.2141879 1.2432010 1.3410058 1.6043614 1.2112586 1.2420092 1.2794902 1.2791331 1.2315353 1.4792258 1.3973480 1.4116999 1.3288680 1.3271469 1.3806745 1.3699299 1.5100029 1.2592551 1.4705693 1.4543054 1.4087588 1.4036760 1.6393104 1.4363619 1.4461597 0.6746996 0.5318417 0.6054977 0.5580863 0.3727344 0.0000000 1.6831460 1.6613543 1.6190851 1.6255954 1.6077432 1.7140440 1.7140440 2.5402241 2.1246720 2.2513803 2.6379827 2.6379827 2.5004830 2.4315504 2.6210429 2.7259138 2.7269334 2.5450896 2.5959713 0.9147258 
Tadh_TriadT23199                                    1.6386970 1.6328326 1.7767986 1.6297472 1.5190564 1.5721509 1.6146689 1.5649435 1.6700555 1.7098621 1.3073178 1.3777578 1.3795775 1.5167604 1.3036718 1.4237900 1.3666122 1.3729913 1.4425919 1.9786736 1.8793582 1.7487872 1.7284511 1.7438612 1.6759460 1.6718214 1.8840958 1.5918200 2.1872478 2.1858455 2.0382312 2.2868422 2.2114162 1.5826561 1.6514023 2.4914795 1.9918961 2.0380104 2.0475052 2.0054101 1.6831460 0.0000000 0.0069684 0.0777465 0.0984345 0.1029005 0.1163449 0.1163449 2.4854846 2.5531409 2.6671572 2.6722324 2.6722324 2.6873634 2.7440375 2.6405715 2.6897802 2.6573635 2.4059313 2.6243781 1.9425071 
TrH2_TrispH2_006762-RA                              3.3360835 1.9711129 1.7760905 4.1607709 1.6308094 4.1208105 1.7039737 4.0086429 4.3285102 3.6486481 3.5343046 3.8568879 3.0020787 4.0678747 3.9256957 2.2479193 3.9084677 3.9493909 3.8379930 2.3916329 3.8729321 1.7704091 4.1563121 2.5136058 4.1717449 3.6937907 1.8771936 3.0081944 3.7581168 2.9271008 3.7127569 3.8346600 2.3210913 4.0024838 2.9529722 4.5320484 3.2544147 2.9989826 3.7706621 3.7001404 1.6613543 0.0069684 0.0000000 0.2127388 0.3829352 0.3767264 0.4407952 0.4343267 4.2229829 2.5531409 4.2723346 3.4170752 3.9591644 4.2068215 4.3598648 2.6371282 3.9573858 4.2485662 3.8849022 2.9690830 3.4364307 
HoiH11_mRNA2448                                     2.4593539 1.9512841 1.7013497 3.0499243 1.6117278 2.7931750 1.6395644 3.4914848 3.6737683 2.6950490 2.7005161 2.9865568 2.7111399 3.1639440 2.9351230 2.1617038 2.9942895 3.0099522 2.9347555 2.3245584 3.0480720 1.7242809 3.1353070 2.2859404 3.2013760 2.8414845 1.9306481 2.4589244 3.2860814 2.8285483 3.1031656 3.1410259 2.1441257 3.1397829 2.5521671 3.2184367 2.6306473 2.8503860 2.8863881 2.7480810 1.6190851 0.0777465 0.2127388 0.0000000 0.1482091 0.1480790 0.1891202 0.1938243 3.3888226 2.4532252 3.3171030 3.1610674 3.3316293 3.3400367 3.4437849 2.4907938 3.2764773 3.1743154 3.1243411 2.8664330 3.1021587 
HoiH06_mRNA7468                                     3.1035521 2.0331724 1.7372115 3.9769291 1.5759921 3.9432222 1.6325332 4.2195893 4.4829435 3.4922558 2.8983330 3.4661869 2.6588342 3.5737853 3.5105960 2.1507113 3.5116229 3.5413960 3.4282664 2.3073375 3.5770405 1.6482027 3.5840005 2.2473921 3.6805665 3.2653387 1.8580215 2.9988167 3.5196842 2.7778973 3.4446349 3.4177997 2.3023262 3.7324034 2.7393104 4.0633115 2.8782393 2.7866322 3.7395144 3.5674241 1.6255954 0.0984345 0.3829352 0.1482091 0.0000000 0.0648085 0.2106714 0.2138446 3.8705255 2.4214666 3.8864686 3.1585987 3.7882663 3.7920442 4.0579536 2.4752331 3.7561407 3.8042895 3.5634058 2.9245178 3.3909910 
HoiH23_PlH23_004813-RA                              3.0790232 2.0062654 1.7059171 3.8228239 1.5555461 3.8633733 1.6159998 4.0967387 4.2789212 3.4998087 2.9384072 3.4801656 2.6063052 3.5523817 3.4998292 2.1115268 3.5805639 3.6025033 3.4488795 2.2631767 3.4786797 1.6250801 3.5766435 2.2248870 3.6565091 3.2890791 1.8550656 2.9696051 3.4258942 2.7517669 3.3978116 3.4408650 2.2890392 3.6895028 2.6484222 4.1095045 2.8891761 2.7757785 3.7467234 3.4526810 1.6077432 0.1029005 0.3767264 0.1480790 0.0648085 0.0000000 0.2099334 0.2131460 3.9862649 2.4179824 4.0033250 3.1883713 3.8796797 3.8861381 4.0382927 2.4911478 3.7017532 3.9260282 3.5793567 2.9085833 3.3561676 
Hhon_g08341.t1                                      2.9924600 2.0452348 1.7963635 3.8225567 1.5992667 3.7597547 1.6134175 3.9145536 4.3755332 3.5060450 2.8883708 3.3492602 2.7537890 3.5403964 3.4739679 2.2563766 3.5102548 3.5360321 3.4015027 2.2644952 3.4731775 1.6587847 3.6880688 2.2744458 3.6930909 3.2981612 1.8926724 2.8542526 3.5135074 2.7751580 3.5589909 3.5624904 2.3791342 3.6611095 2.8576650 4.1176652 2.9386543 2.7850236 3.6123299 3.6860014 1.7140440 0.1163449 0.4407952 0.1891202 0.2106714 0.2099334 0.0000000 0.0047829 3.7800222 2.3712633 4.0790388 3.1359223 3.7271510 3.7972206 4.1739626 2.4902730 3.7540142 3.7718847 3.5163587 2.8148324 3.5479055 
HoiH04_mRNA16131                                    3.0069956 2.0362044 1.7963635 3.8212849 1.5992667 3.7548585 1.6134175 3.9279768 4.3791985 3.5212022 2.8998214 3.3795138 2.7584389 3.5583192 3.4610066 2.2534184 3.5260236 3.5519370 3.3869693 2.2644952 3.4858064 1.6587847 3.7011586 2.2744458 3.6990474 3.3157435 1.8926724 2.8661154 3.5216544 2.7994272 3.5658038 3.5697144 2.3740620 3.6483279 2.8560038 4.1564459 2.9355690 2.7909175 3.6394464 3.7176927 1.7140440 0.1163449 0.4343267 0.1938243 0.2138446 0.2131460 0.0047829 0.0000000 3.8078953 2.3712633 4.1067778 3.1359223 3.7524774 3.8222297 4.1656480 2.4902730 3.7540142 3.7958399 3.5163587 2.8148324 3.6175536 
Mlei_ML2016.g4.i1                                   3.1005807 2.6451912 2.5727710 3.7691334 2.3531992 3.3922004 2.2956325 3.3633402 3.6224104 3.2325172 3.0780294 3.2375006 2.5764796 3.9595207 3.4732854 2.4523624 3.3365018 3.3770534 3.2899754 2.7290940 3.4800117 2.6352589 3.6700747 2.8767628 3.7256005 3.4389810 2.8755960 2.7271123 3.6719019 3.1996251 3.9392330 3.6793101 2.1300904 3.6526325 3.4723043 4.3273527 3.0953168 3.1235226 3.9472102 3.7315275 2.5402241 2.4854846 4.2229829 3.3888226 3.8705255 3.9862649 3.7800222 3.8078953 0.0000000 0.4235642 0.8224411 0.2026687 0.4039062 0.4039189 0.8769155 0.3174580 0.5218606 0.5470553 0.6892516 0.6406606 4.7781404 
Pbac_sb2663838                                      2.2647664 2.5818076 2.5398592 2.1629884 2.0961812 2.3007190 2.2893278 2.2866521 2.3623531 2.2495060 1.9412773 2.0106503 2.1682234 2.5342947 2.0925113 2.0423717 2.1356629 2.1069407 2.0332315 2.4065222 2.3885993 2.2585236 2.1422404 2.1939653 2.2124742 2.2682180 2.7403875 2.0335377 2.1186953 2.1445966 2.1773101 2.1727483 2.1412998 2.0925539 2.2417510 2.3170682 2.0807959 2.3183152 2.3167316 2.2570982 2.1246720 2.5531409 2.5531409 2.4532252 2.4214666 2.4179824 2.3712633 2.3712633 0.4235642 0.0000000 0.0142235 0.3314130 0.3314130 0.4013722 0.4759823 0.4385344 0.4593605 0.4280038 0.4829596 0.5737016 2.5331579 
Horcal_Hcv1.av93.c2.g10.i1                          3.3314560 2.9086490 2.5864111 3.4406248 2.3441801 3.5077221 2.3366269 3.0464254 3.3483094 3.5346097 2.9365522 2.9848029 2.7008498 3.9408987 3.4953420 2.4468785 3.2673783 3.3063471 3.0725504 2.8217849 3.4976204 2.5420658 3.5869425 2.6619863 3.6523682 3.5597680 2.7435716 2.8276857 3.1299154 2.9468989 3.5009035 3.2166556 2.1542848 3.5241218 3.1012252 3.5343715 2.8301103 2.5638997 3.2281979 3.4657918 2.2513803 2.6671572 4.2723346 3.3171030 3.8864686 4.0033250 4.0790388 4.1067778 0.8224411 0.0142235 0.0000000 0.4036516 0.5403874 0.6262203 0.9213259 0.4594046 0.6698420 0.8121063 0.8321642 0.6532509 3.6354314 
Bolinf_Binf_sb1241290                               2.3283317 2.3988462 2.7396018 2.5921877 2.3701246 2.5128720 2.3216815 2.5058777 2.6208991 2.3084042 2.2047728 2.3104598 2.2694882 2.5370396 2.2566230 2.2116816 2.2678253 2.2748152 2.2916733 2.5918454 2.5847523 2.6148169 2.7413696 2.6228061 2.7630835 2.5674350 2.6157244 2.2491908 2.6645706 2.8845986 2.7831353 2.8688412 2.1491340 2.6527942 2.7973423 3.0461223 2.6086633 2.7873185 2.8024842 2.9143915 2.6379827 2.6722324 3.4170752 3.1610674 3.1585987 3.1883713 3.1359223 3.1359223 0.2026687 0.3314130 0.4036516 0.0000000 0.0000010 0.2096854 0.3709034 0.3056777 0.3483228 0.2836685 0.3761391 0.6155446 3.3789130 
Mertsp_Mesp_sb587714                                2.7655625 2.5545439 2.7396018 2.9182257 2.3701246 3.1013717 2.3216815 2.9095234 3.3566442 2.7329431 2.4866933 2.5622260 2.3473774 3.0220656 2.7341467 2.2116816 2.6786657 2.7639051 2.4638670 2.5918454 2.8151110 2.6148169 3.1292597 2.6228061 3.0525973 2.8957262 2.6157244 2.5117013 2.9333036 2.9526146 3.3573087 3.1135718 2.1491340 3.1272483 3.0600001 3.9801297 2.9350235 2.8536899 3.4072879 3.4109416 2.6379827 2.6722324 3.9591644 3.3316293 3.7882663 3.8796797 3.7271510 3.7524774 0.4039062 0.3314130 0.5403874 0.0000010 0.0000000 0.3268007 0.6141194 0.3056777 0.3651500 0.4440834 0.5434968 0.6155446 3.6694510 
Beraby_Baby_sb344096                                3.0712960 2.7256683 2.9477105 3.4151406 2.3589392 3.1648486 2.4328202 3.0069497 3.4061008 3.1345521 2.8225397 2.9119585 2.6314071 3.4081967 3.1200306 2.4589995 3.0602819 3.1362592 2.8346227 2.9031022 3.3531294 2.8071900 3.5314301 2.8978874 3.5577382 3.3077973 2.7122891 2.5734871 3.3817791 3.0761000 3.6739958 3.5745211 2.2910259 3.6730395 3.2518635 4.0113351 3.0939668 3.0451691 3.4300668 3.4558904 2.5004830 2.6873634 4.2068215 3.3400367 3.7920442 3.8861381 3.7972206 3.8222297 0.4039189 0.4013722 0.6262203 0.2096854 0.3268007 0.0000000 0.6984806 0.2919387 0.4296301 0.5265655 0.6093148 0.6266710 3.9806212 
Vmul_sbMO444139                                     2.8919511 2.5893203 2.8085604 3.5591900 2.3764347 3.5576277 2.2183171 3.2775088 3.3758370 2.9882318 3.0259068 3.0829312 2.6686581 3.9362401 3.2173863 2.4151421 3.1983191 3.2057849 3.1148809 2.6044311 3.3456814 2.5068252 3.3210503 2.7225507 3.4322761 3.5002941 2.5970919 2.6557286 3.2028172 2.9298301 3.4467662 3.0797782 2.1943484 3.5755097 3.4246496 3.7512740 2.8235257 2.8823867 3.4335337 3.5701225 2.4315504 2.7440375 4.3598648 3.4437849 4.0579536 4.0382927 4.1739626 4.1656480 0.8769155 0.4759823 0.9213259 0.3709034 0.6141194 0.6984806 0.0000000 0.1887150 0.2529521 0.7372913 0.6454491 0.6670211 3.7888053 
Coeast_Cast_sb772498                                2.1878919 2.6693698 2.8208503 2.3312718 2.2777532 2.3525626 2.4017021 2.4841708 2.4589549 2.2802801 2.0151181 2.0211374 2.1465382 2.6697718 2.2122512 2.0874575 2.1929945 2.1776547 2.1002021 2.2077618 2.3518640 2.2872198 2.1853860 2.2206930 2.2582985 2.3197657 2.9271715 2.0519408 2.3597036 2.4057436 2.3317344 2.3366712 2.1062016 2.3062317 2.2807433 2.7691065 2.4675158 2.8233964 2.7565318 2.5926870 2.6210429 2.6405715 2.6371282 2.4907938 2.4752331 2.4911478 2.4902730 2.4902730 0.3174580 0.4385344 0.4594046 0.3056777 0.3056777 0.2919387 0.1887150 0.0000000 0.0410015 0.3806478 0.4343408 0.6223051 2.6258175 
Coemet_Cmet_scaffold21614_01                        2.5400648 2.4901639 2.8671945 3.0337652 2.4620271 2.8252617 2.3081478 2.8764356 3.0201639 2.6046402 2.7886477 2.8466784 2.8277824 3.7017324 3.0766062 2.6072778 2.9924740 2.9704939 3.0076670 2.5888653 3.1282057 2.5872119 3.1113614 2.9277334 3.1992805 3.0506927 2.6980147 2.3489212 2.9078806 2.9179069 3.0241665 2.9758459 2.1221514 3.0785590 3.1381350 3.0632430 2.5805635 2.7164867 2.9001804 2.9963910 2.7259138 2.6897802 3.9573858 3.2764773 3.7561407 3.7017532 3.7540142 3.7540142 0.5218606 0.4593605 0.6698420 0.3483228 0.3651500 0.4296301 0.2529521 0.0410015 0.0000000 0.5329693 0.5151822 0.7487152 3.5889926 
Lampan_Lpan_6144_01                                 3.2009371 2.8718248 3.1551966 3.9051619 2.5387116 3.5809640 2.5578274 3.2491397 3.6419349 3.2556781 3.1108994 3.1055943 2.5523612 3.6703864 3.3045762 2.3798436 3.1293120 3.1597354 2.9977547 2.9843595 3.1870990 2.7436563 3.3587847 2.7543960 3.5463823 3.3003366 2.5880098 2.9074729 3.5588950 3.1726733 3.8778427 3.5762822 2.2925659 3.4499340 3.6019205 4.1367619 3.0399215 2.9380404 3.9614781 3.8361162 2.7269334 2.6573635 4.2485662 3.1743154 3.8042895 3.9260282 3.7718847 3.7958399 0.5470553 0.4280038 0.8121063 0.2836685 0.4440834 0.5265655 0.7372913 0.3806478 0.5329693 0.0000000 0.5445330 0.6865102 3.7103359 
Eupdun_Edun_sb10660210                              2.7022527 2.4831053 2.4713706 3.0790692 2.2073928 2.9845729 2.1130147 2.8243792 3.0993217 2.7856671 2.5910342 2.7813754 2.5194748 3.5322145 2.8077684 2.1254112 2.9970332 2.9475635 2.6795273 2.5649649 2.6516414 2.3729010 2.6685470 2.3221304 2.7222062 2.4656852 2.4436501 2.3780400 2.7546558 2.6209077 3.0068593 2.9004619 2.1337936 2.9329062 2.8431137 3.3565433 2.7700486 2.7634825 3.2442093 3.1351314 2.5450896 2.4059313 3.8849022 3.1243411 3.5634058 3.5793567 3.5163587 3.5163587 0.6892516 0.4829596 0.8321642 0.3761391 0.5434968 0.6093148 0.6454491 0.4343408 0.5151822 0.5445330 0.0000000 0.7693505 3.2941098 
Drygla_Dgla_sb275692                                2.4496178 2.4902032 2.8740419 2.6590204 2.5207603 2.6423282 2.3534699 2.6076315 2.7277456 2.6785977 2.2308059 2.3587133 2.3573778 2.8181310 2.3822275 2.2847287 2.4514133 2.4341766 2.3511210 2.7220383 2.7537330 2.5593764 2.6074468 2.5404822 2.7957872 2.6080682 2.9500464 2.4430064 2.5496507 2.6429554 2.5661900 2.6786626 2.2769832 2.8273923 2.8341027 2.9501616 2.5319757 2.7608854 2.7619302 2.9043231 2.5959713 2.6243781 2.9690830 2.8664330 2.9245178 2.9085833 2.8148324 2.8148324 0.6406606 0.5737016 0.6532509 0.6155446 0.6155446 0.6266710 0.6670211 0.6223051 0.7487152 0.6865102 0.7693505 0.0000000 3.0443943 
