73
Hsap_ENST00000361462                                     0.0000000 1.9423645 1.6871569 1.9110053 1.5019613 1.9073059 1.7280365 1.7263852 2.1167171 1.8155117 1.7722224 1.7804480 2.0243899 2.0787362 2.1923220 2.0754395 2.0899798 2.1196381 2.4046516 2.8202261 2.3165321 2.2770720 2.0978577 2.2419795 2.3532084 2.2044450 2.2210123 2.2866207 2.4048220 1.9842121 2.3098353 1.9401590 2.4284047 2.2858992 2.7681898 2.1777181 2.8714440 1.9142360 1.7285927 3.1253992 3.3892781 2.9200106 3.2667018 2.3917231 2.9109568 3.2656618 3.2544793 3.1034844 2.9110864 2.8312107 2.4096562 2.7148933 2.1411915 2.8812304 2.5469903 2.7387085 2.8756886 3.0817657 2.6628936 2.6775351 2.9216467 3.0249225 3.1181759 3.1454889 2.3701074 2.6357767 2.9640935 3.2970189 3.0683541 2.6326638 2.1871505 3.3163395 3.8886507 
Dpul_mRNA8391                                            1.9423645 0.0000000 1.3544812 1.6061176 0.0000010 1.9274505 1.4299984 1.5579876 0.0000010 1.4969119 1.5149558 1.4183573 1.7643004 2.1469552 0.0000010 1.7046682 1.7751464 1.8043987 2.7676801 0.0000010 2.5997069 2.3545306 0.0000010 6.8760758 2.1289414 1.9901357 2.2896882 2.1320988 2.0878902 2.1546871 2.2077607 2.1993037 2.1531373 2.1816120 2.3429862 2.3223448 2.1140740 1.8655583 2.2257724 2.0179030 2.5657262 2.5080139 0.0000010 2.5093572 2.4745016 2.9376522 2.3947937 2.7061660 2.3257656 2.7281385 3.0205427 2.4709576 2.5604215 3.0466917 2.1040790 9.0000000 2.0564595 2.5281824 2.3710992 0.0000010 2.5111702 2.9758756 2.7196157 3.9542526 2.6427936 1.7666098 2.5338441 2.0379939 3.0012838 2.5089932 2.3027039 4.9167232 2.3021101 
Cscu_XM_023356549.1                                      1.6871569 1.3544812 0.0000000 1.4104086 0.0000010 1.5699701 1.3663303 1.2828903 0.0000010 1.3082731 1.4164443 1.3987239 1.3593665 1.2706302 0.0000010 1.3607460 1.4809947 1.4419817 2.3538256 0.0000010 2.2799812 2.2527798 0.0000010 2.8713268 1.4831105 1.4757543 1.5917989 1.7354114 1.7906714 1.7244046 1.7411920 1.7464516 1.7464516 1.7106750 2.1462675 2.1083071 2.0985120 1.7629862 2.0389407 1.8922983 5.3437548 2.0978210 0.0000010 1.9266782 1.8104117 1.3202728 2.5162501 1.9437824 2.3193718 3.0186448 2.0171835 2.3979409 2.4734718 2.3130571 2.2940325 1.7815164 2.4656910 2.5787532 1.9325940 2.3981114 1.9566782 3.1417413 2.8416266 3.9223083 2.4348579 1.6515271 1.9593677 1.6192822 2.7914522 2.0592423 1.9536161 5.3960760 2.8426079 
Exapal_XM_021041096.2                                    1.9110053 1.6061176 1.4104086 0.0000000 0.2476501 0.8035403 0.7875170 0.6900933 0.6761151 0.6482376 0.6798851 0.6854276 1.3733240 1.4942025 1.6497814 1.8009569 1.8115122 1.9781640 2.3359501 2.2254845 2.5114256 2.3185022 1.6581152 1.8040598 2.4553642 1.9043702 1.9338120 2.1926967 2.1096378 1.9431469 2.1768310 1.8913976 2.1042053 2.2855797 2.4697989 1.8507195 2.7256072 1.8996018 1.6474087 2.7799047 2.7924184 2.6271155 2.9340190 2.1849253 2.8958560 3.3818787 3.0174825 2.9011271 2.7025708 2.4800085 1.9453144 2.7106394 1.9644959 2.7670582 2.3068209 2.8561643 2.8131910 2.8291485 2.2312962 2.0333357 2.5602564 2.7612032 2.8442840 2.7603228 2.1007246 2.4754969 2.5395365 3.2835080 2.6287182 2.2844742 2.1050417 2.9837860 3.7015680 
Nvec_v1g83210                                            1.5019613 0.0000010 0.0000010 0.2476501 0.0000000 0.4919820 0.4872640 0.4571896 0.4227389 0.4385948 0.4459216 0.4410770 0.9805732 1.0964657 1.6602600 1.5754574 1.6169469 1.7333847 1.9279641 1.8380813 3.1908852 1.7333944 1.6637447 0.9507858 0.0000010 1.4879913 1.4696762 0.0000010 1.9453442 0.0000010 0.0000010 0.0000010 1.9053895 0.0000010 1.0268840 0.0000010 1.7120427 0.0000010 0.0000010 2.4426612 2.2831078 2.5164964 2.1608809 5.7769005 3.4178067 4.6573837 2.9415388 2.7920512 1.8149014 1.6595332 0.0000010 3.9318272 2.1506421 2.1943646 0.0000010 0.0000010 2.2921216 2.4201714 1.8781750 2.0232980 2.2261789 2.3811266 2.4773657 2.4623607 2.1554947 3.0076713 3.5209269 5.0566965 2.3301196 1.9691083 1.5439018 1.8603298 3.7691411 
Adig_XM_015895837.1                                      1.9073059 1.9274505 1.5699701 0.8035403 0.4919820 0.0000000 0.0295030 0.3119499 0.3319250 0.3618636 0.4135131 0.4003327 1.5356902 1.5874461 1.6499191 1.9037032 1.9296025 2.1526002 2.4590745 2.3569986 2.7613288 2.5000289 1.5556485 1.6293498 2.7612999 2.1075954 2.1161510 2.7170988 2.3399034 2.3744956 2.5992939 2.2058102 2.3067648 2.8213799 3.0454384 1.6322426 3.1825603 1.9665948 1.1068465 3.2040509 2.8380785 2.9561936 2.6537110 2.4018290 3.7047879 3.6421942 3.1129238 2.8725225 2.8571617 2.4892971 4.7496639 2.8173248 1.5912339 2.9495837 2.4232040 8.9999984 2.9845060 2.9863080 2.5674385 1.9967805 2.7791691 2.9694326 3.1251767 2.6871155 1.7813865 3.0365044 3.0893032 3.9101908 2.8981003 2.5140960 2.4733584 2.8744595 3.6231366 
Amil_Amillepora15065-RA                                  1.7280365 1.4299984 1.3663303 0.7875170 0.4872640 0.0295030 0.0000000 0.3103033 0.3292981 0.3394069 0.3830434 0.3750571 1.4526293 1.5257254 1.6208171 1.7111470 1.7226441 1.9496366 2.1683636 2.3636834 2.4311185 2.1161869 1.4946001 1.6630560 2.4310381 1.9335234 1.9427499 2.1115381 2.0871262 1.9400118 2.0545958 1.8608494 2.0600416 2.1471337 2.6172459 2.0202152 2.9838249 1.9915544 1.5627878 2.9413167 2.8420585 2.6979281 2.5862791 2.2237119 3.0133707 3.2461152 2.8736462 2.7113768 2.6556651 2.4779396 2.1453782 2.5903572 1.9433287 2.6686748 2.4560012 2.8012434 2.7650473 2.7191793 2.3487725 1.9458947 2.6403781 2.7818024 2.8880054 2.7550027 2.1322352 2.3570004 2.6293440 3.1331873 2.8369098 2.4619260 1.9739550 3.0202327 3.6142303 
Gfas_gfas1.m1.7569.m1                                    1.7263852 1.5579876 1.2828903 0.6900933 0.4571896 0.3119499 0.3103033 0.0000000 0.2265871 0.2458369 0.2859174 0.2787507 1.3843522 1.4759757 1.5962014 1.7137213 1.7469178 1.9215555 2.1897430 2.3146554 2.4021529 2.0700183 1.6632346 1.6966089 2.3947694 1.9086136 1.8979355 2.1594511 2.1445553 1.9328468 2.1265427 1.8755527 2.1298078 2.2007998 2.4336881 1.7191791 2.8217079 2.0729971 1.5673373 2.8103370 2.6875467 2.4856570 2.5612976 2.2155434 2.8438311 3.3082537 2.8160620 2.7213698 2.5769133 2.3756852 1.9489750 2.5659385 1.9615794 2.7016263 2.2047116 2.7864945 2.8077269 2.7119920 2.2918500 2.0078795 2.6334600 2.7428752 2.8613582 2.7205737 1.9186886 2.2954566 2.5507167 3.1989406 2.8396061 2.4264623 1.8922131 2.8928008 3.7184542 
Fspp_ffun1.m4.22858.m1                                   2.1167171 0.0000010 0.0000010 0.6761151 0.4227389 0.3319250 0.3292981 0.2265871 0.0000000 0.1242373 0.1729540 0.1725593 1.4372025 1.5322761 1.5760579 2.0609434 2.0820848 2.3117041 2.6637750 2.2768273 3.3619993 2.7278768 1.6386784 1.5258867 3.7645193 2.2336395 2.2933976 4.0259827 2.5714955 4.0965807 4.0939269 3.6828774 2.5788942 4.3364466 3.7442838 0.0000010 3.2855291 1.9259601 0.0000010 3.2918897 2.8540674 3.0316049 2.6898740 7.9219235 4.3984380 4.3496576 3.3004588 3.2142508 2.8318698 2.4015292 0.0000010 4.2893784 2.0690321 3.0492201 0.0000010 0.0000010 3.2118019 3.1690156 2.6226407 2.0325133 2.8946526 3.2004882 3.3616365 2.6440201 1.7329633 3.9752675 3.8240688 4.7323666 2.7119966 2.4391929 3.4335567 2.5902648 3.9607548 
Gasp_gasp1.m3.10655.m1                                   1.8155117 1.4969119 1.3082731 0.6482376 0.4385948 0.3618636 0.3394069 0.2458369 0.1242373 0.0000000 0.1943267 0.1901243 1.3688183 1.5023541 1.5776362 1.7633638 1.7912607 1.9296346 2.1602904 2.2721103 2.3900167 2.0906041 1.7034407 1.7795653 2.2966488 1.9350326 1.9425455 2.1372707 2.1300497 1.9521672 2.1434374 1.8677763 2.1286974 2.2047577 2.5434637 1.8900367 2.8092693 1.8700339 1.5727888 2.8986915 2.8656509 2.5869514 2.7774259 2.0678848 2.9113323 3.2580890 2.8242450 2.7853377 2.6364583 2.3855905 2.1039933 2.5271470 1.9267099 2.7152634 2.2732432 2.6252732 2.7889058 2.7238810 2.3127447 1.9755102 2.6063817 2.7936592 2.9063713 2.7193870 2.1356037 2.3078060 2.5799024 3.1414435 2.8793502 2.4142120 1.9533510 3.0314205 3.6642210 
Spis_XP_022787154_1                                      1.7722224 1.5149558 1.4164443 0.6798851 0.4459216 0.4135131 0.3830434 0.2859174 0.1729540 0.1943267 0.0000000 0.0758677 1.3624708 1.5002260 1.5920607 1.7978475 1.7996231 1.9679448 2.1975794 2.2571651 2.2944395 2.1613834 1.6857533 1.7625267 2.5179481 2.0056523 2.0127244 2.2014910 2.1587305 1.9718037 2.2197508 1.8926399 2.1775694 2.2688393 2.5286347 1.8881780 2.7456061 2.0125453 1.5843036 2.8576433 2.9120128 2.7190366 2.7692806 2.3934407 2.9184821 3.3334171 2.8812029 2.7984317 2.6226425 2.3707185 2.1356314 2.6293104 2.0133950 2.6816918 2.4042410 2.7217370 2.7909447 2.7083832 2.3144153 2.0479181 2.6661093 2.8359017 2.9859145 2.8234049 2.0566853 2.2788991 2.5957372 3.1689357 2.8835870 2.4446937 2.0129140 3.0671275 3.7445157 
Pocdam_XM_027182950.1                                    1.7804480 1.4183573 1.3987239 0.6854276 0.4410770 0.4003327 0.3750571 0.2787507 0.1725593 0.1901243 0.0758677 0.0000000 1.3662143 1.4934756 1.6253966 1.7792366 1.7852823 1.9608962 2.1602270 2.2640643 2.2476976 2.0734108 1.7647499 1.7681056 2.4600208 1.9836974 1.9576718 2.1862315 2.1214988 1.9874091 2.2040998 1.8935235 2.1294706 2.2765083 2.4935311 1.8604702 2.7477723 1.8723360 1.5192897 2.8357114 2.9205834 2.6431973 2.7033067 2.2874890 2.8905557 3.2591501 2.8952523 2.8130348 2.5938922 2.3956502 2.0995967 2.5493100 1.9496156 2.6828022 2.3701523 2.6673162 2.7589470 2.7310364 2.3420436 2.0305931 2.6515885 2.8012005 2.9118283 2.7561086 2.0221410 2.2714709 2.6438616 3.1363560 2.9318167 2.4544883 1.9559383 3.0439343 3.5322141 
Dgig_XM_028553900.1                                      2.0243899 1.7643004 1.3593665 1.3733240 0.9805732 1.5356902 1.4526293 1.3843522 1.4372025 1.3688183 1.3624708 1.3662143 0.0000000 0.5885754 1.7014333 2.0773948 2.0513938 2.1698865 2.4690239 2.6997552 2.7423334 2.4302171 1.5271536 1.9151053 2.6953105 2.1891043 2.2917996 2.3620085 2.2944241 2.0131176 2.1954781 1.9828339 2.2081787 2.2403438 2.7664897 2.1818402 2.9574610 2.3056076 1.8295299 3.1468970 3.3263292 2.9394066 3.2496755 2.5950621 3.1659408 3.1518312 3.3520820 3.1328643 2.8804866 2.9337606 2.7953172 2.8940659 2.2089331 3.1615989 2.5575616 2.7785483 3.0774595 2.9669462 2.5953232 2.3052469 2.7987660 3.0914764 3.0603215 2.8512383 2.3987903 2.3934441 2.7296295 3.5382072 2.9061152 2.4497964 2.3735197 3.1251080 3.6477803 
Xesp_012000-T1                                           2.0787362 2.1469552 1.2706302 1.4942025 1.0964657 1.5874461 1.5257254 1.4759757 1.5322761 1.5023541 1.5002260 1.4934756 0.5885754 0.0000000 1.8642821 2.1645562 2.1731555 2.1946361 2.6457701 2.8161281 2.8777607 2.5552814 2.1220936 2.0468833 2.7529140 2.3341482 2.3375329 2.4549928 2.4875262 2.1005382 2.2822854 2.0836659 2.3719199 2.3030371 2.7266726 2.2672227 2.9729394 2.2890345 1.7719680 3.1290015 3.3031360 3.0029774 3.4764733 2.7210774 3.2634370 3.1769030 3.3641677 3.0984490 2.8372615 2.8380466 2.5709488 2.7636951 2.0986752 3.3569353 2.4868970 2.6215256 2.9774172 3.0622178 2.5535394 2.4791098 2.9368020 3.1865096 3.1593060 3.1050173 2.5496366 2.4614553 2.6949316 3.5999667 2.9135592 2.5211358 2.3699491 3.3964756 3.9867685 
Aaur_scaffold1316.g2.t1                                  2.1923220 0.0000010 0.0000010 1.6497814 1.6602600 1.6499191 1.6208171 1.5962014 1.5760579 1.5776362 1.5920607 1.6253966 1.7014333 1.8642821 0.0000000 0.4109564 0.3963724 1.6912367 2.4777046 2.4496030 3.0470327 2.1651129 2.0587372 1.5047387 0.0000010 2.1004172 2.1833144 1.4605800 2.6845150 0.0000010 1.4605800 0.0000010 2.6753846 0.0000010 1.9000582 0.0000010 2.7304622 0.0000010 0.0000010 3.1867959 3.4138700 3.8692043 2.8562590 4.3673875 3.9221502 3.9430622 3.3065700 3.2498074 2.0713215 2.3157802 0.0000010 2.8052891 2.5474074 2.5525369 1.0856850 0.0000010 2.6816184 2.9725964 2.6034846 2.4835850 2.8522849 3.0215096 3.3236131 3.3429979 2.8930744 4.0775435 3.8464645 6.5893987 2.4673951 2.0515219 2.4002646 2.1313126 5.0666990 
Nemnom_g8790.t1                                          2.0754395 1.7046682 1.3607460 1.8009569 1.5754574 1.9037032 1.7111470 1.7137213 2.0609434 1.7633638 1.7978475 1.7792366 2.0773948 2.1645562 0.4109564 0.0000000 0.1500089 1.5861691 2.5420668 2.9866523 2.8069026 2.4297536 2.0875687 2.2390584 2.4335691 2.1781241 2.3853009 2.4638861 2.4518739 2.0224031 2.3447814 1.9644926 2.3976516 2.3903752 2.8611279 2.3749171 3.1771179 2.0549598 1.4107236 3.4049738 3.6829540 3.1512495 3.5388389 2.2500599 3.3548368 3.3819220 3.2711425 3.0264032 2.8565263 2.8747823 2.2340079 2.8138525 2.2361311 2.8685878 2.4285180 2.6273400 3.0407255 3.2633310 2.8085897 2.5983820 3.0768267 3.1815665 3.2736448 3.4903047 2.5054912 2.5236769 2.5755491 3.5844134 2.7783787 2.1939079 2.2574916 2.9061637 3.5921514 
Rhoesc_Res_001521-T1                                     2.0899798 1.7751464 1.4809947 1.8115122 1.6169469 1.9296025 1.7226441 1.7469178 2.0820848 1.7912607 1.7996231 1.7852823 2.0513938 2.1731555 0.3963724 0.1500089 0.0000000 1.5606695 2.5772844 3.1096181 2.8710989 2.4278622 2.0898041 2.2842297 2.4271937 2.1923768 2.3623108 2.3702650 2.4328566 2.0432619 2.2944901 1.9905372 2.4036156 2.3211757 3.0157097 2.4818118 3.3210287 2.2606962 1.5075583 3.3716409 3.7183204 3.1947021 3.4916270 2.4002593 3.3443261 3.5776393 3.3571657 3.1477292 2.8320829 2.8676913 2.2001088 2.7767931 2.2544563 2.8684302 2.5534695 2.5874016 3.0575303 3.2672089 2.7687247 2.5932105 3.0732543 3.2502761 3.3266403 3.5561205 2.5441609 2.6425189 2.7777805 3.6399638 2.7757796 2.1282699 2.4032822 2.9306430 3.6325039 
Morvir_scaffold19.g105.t1                                2.1196381 1.8043987 1.4419817 1.9781640 1.7333847 2.1526002 1.9496366 1.9215555 2.3117041 1.9296346 1.9679448 1.9608962 2.1698865 2.1946361 1.6912367 1.5861691 1.5606695 0.0000000 2.6461437 2.8030365 2.9190161 2.4453153 2.3773335 2.1746452 2.6004965 2.3248620 2.4846088 2.3684728 2.4885386 2.0903094 2.3194321 2.0506139 2.4335131 2.3509527 2.8291532 2.3699653 3.0699897 2.1809832 1.6999167 3.1881099 3.7511129 3.1723822 3.6774344 2.3932280 3.1428857 3.1077298 3.3867865 3.3011653 2.9558081 2.8422093 2.3466339 3.0440741 2.3584188 3.1307272 2.6695284 2.8071243 3.2079323 3.3564451 2.9759772 2.7732216 3.1104999 3.2598168 3.4700956 3.4608840 2.7342897 2.6176489 2.9621806 3.5351507 2.9406074 2.4835443 2.4578376 3.0681439 3.8544246 
Aque_Aqu2.1.35229_001                                    2.4046516 2.7676801 2.3538256 2.3359501 1.9279641 2.4590745 2.1683636 2.1897430 2.6637750 2.1602904 2.1975794 2.1602270 2.4690239 2.6457701 2.4777046 2.5420668 2.5772844 2.6461437 0.0000000 0.5858184 0.8789310 1.8113564 1.3097663 1.6524459 2.4868210 2.2649253 2.3036125 2.4881927 2.6854293 2.3579284 2.4781664 2.3667369 2.6728163 2.5192051 2.9872202 2.8263944 3.1716466 3.0492136 2.5957592 3.3927875 3.3409131 3.1600466 3.0745565 3.2782399 3.3022164 3.3838125 3.3666525 3.4967175 2.8946195 2.8892007 2.1405052 2.9815460 2.2972493 3.0946034 2.6144379 2.9542467 2.9364987 3.1150620 2.7288508 2.6017675 2.9471001 3.3341520 3.2551146 3.5795345 2.5720888 2.6487929 2.8753227 3.3758757 3.5460603 3.1124091 1.8426363 2.5401185 3.6099013 
Halamb_c54017_g2_i1m.37131                               2.8202261 0.0000010 0.0000010 2.2254845 1.8380813 2.3569986 2.3636834 2.3146554 2.2768273 2.2721103 2.2571651 2.2640643 2.6997552 2.8161281 2.4496030 2.9866523 3.1096181 2.8030365 0.5858184 0.0000000 1.2760474 1.7933970 1.3966708 1.4018005 3.2340778 2.4347294 2.5117604 4.1162241 3.2778491 5.9810731 4.7579316 5.3337976 3.2932865 4.3868954 3.5148353 0.0000010 2.9620943 0.0000010 0.0000010 3.2512221 3.1442946 3.3770836 2.9824328 8.9999984 4.0072206 4.3519617 3.3048638 3.2437099 3.0164740 2.9758713 0.0000010 3.6876063 2.7823874 3.4647767 0.0000010 0.0000010 2.8495372 3.4524853 2.8298123 2.6258660 2.8643089 3.5786551 3.4314476 3.0434070 2.1286467 3.7619238 4.0996226 4.8371709 3.0857371 3.1547075 2.9172861 2.0458703 3.8374691 
Xestes_maker-XT_scaffold116001-augustus-gene-0.4-mRNA-1  2.3165321 2.5997069 2.2799812 2.5114256 3.1908852 2.7613288 2.4311185 2.4021529 3.3619993 2.3900167 2.2944395 2.2476976 2.7423334 2.8777607 3.0470327 2.8069026 2.8710989 2.9190161 0.8789310 1.2760474 0.0000000 1.9461572 6.6334287 2.6702423 2.4735196 2.3763193 2.4737340 2.3357589 2.5157838 2.2293786 2.2979667 2.1884011 2.4372474 2.3344402 2.9175368 2.6163512 3.5796007 2.8764855 2.6599558 3.3514428 3.5346490 3.0006478 4.5292572 2.8986207 3.3291929 2.8951125 3.3635428 3.2111934 2.9440058 3.0986002 1.9708847 2.6039403 2.1088369 3.0901790 2.3985160 2.0268618 3.2165503 3.2820129 3.1060827 3.5568450 2.8130742 3.2889918 3.2381900 3.8587271 2.2930794 2.8628557 2.7213130 3.0773594 3.9670176 3.5295374 2.0866676 3.7753533 4.0406189 
Emue_Em0019g1220a.t1                                     2.2770720 2.3545306 2.2527798 2.3185022 1.7333944 2.5000289 2.1161869 2.0700183 2.7278768 2.0906041 2.1613834 2.0734108 2.4302171 2.5552814 2.1651129 2.4297536 2.4278622 2.4453153 1.8113564 1.7933970 1.9461572 0.0000000 0.2273927 1.9996950 2.3441060 2.1161856 2.1183022 2.3185883 2.5091203 2.0941850 2.2840419 2.0746279 2.4255773 2.2246559 2.7543750 2.3727382 2.9909698 2.3140225 1.8214242 2.8519988 3.2826534 2.8158104 2.7914064 2.2824952 3.0161351 3.2004824 3.3099601 3.1732844 2.8422836 2.7149045 2.4411336 2.9031220 2.2083588 2.9356309 2.0929721 2.6642854 3.0579052 2.8920243 2.7036358 2.5591541 2.9490059 3.1320475 3.1128408 3.6675806 2.2663953 2.6131515 2.5526183 3.3481319 3.4713140 3.1514236 1.4470520 2.2733567 3.8967616 
Spolac_c105186_g1_i1_m.44793c105186-g1                   2.0978577 0.0000010 0.0000010 1.6581152 1.6637447 1.5556485 1.4946001 1.6632346 1.6386784 1.7034407 1.6857533 1.7647499 1.5271536 2.1220936 2.0587372 2.0875687 2.0898041 2.3773335 1.3097663 1.3966708 6.6334287 0.2273927 0.0000000 1.4165917 0.0000010 1.7091378 1.8923928 0.0000010 3.0064703 0.0000010 0.0000010 0.0000010 2.6800749 0.0000010 1.6914894 0.0000010 2.3044695 0.0000010 0.0000010 2.3750859 2.3477624 2.5829159 2.5573696 6.5784508 3.1269056 4.1113599 2.7441519 2.9565410 2.8584535 1.8244686 0.0000010 4.6667473 3.4529737 1.8416790 0.0000010 0.0000010 2.7320828 3.0987527 2.5139197 2.2598766 2.6498246 3.7742882 3.6729050 3.8226919 2.3554529 3.7256277 4.4319970 3.9992171 2.5036268 2.3522306 1.3643647 1.7598131 3.9178869 
Plespi_Pspi_scaffold18500_01                             2.2419795 6.8760758 2.8713268 1.8040598 0.9507858 1.6293498 1.6630560 1.6966089 1.5258867 1.7795653 1.7625267 1.7681056 1.9151053 2.0468833 1.5047387 2.2390584 2.2842297 2.1746452 1.6524459 1.4018005 2.6702423 1.9996950 1.4165917 0.0000000 2.5949604 1.7289650 1.8043757 3.5806851 2.9102866 3.0764529 3.6015783 3.0262347 2.7826958 3.4983518 2.5936931 2.6582947 2.6262412 1.8397068 1.4827369 2.4695667 2.4179713 2.6752328 2.5984418 3.2532805 3.6467691 3.4528768 2.9620496 2.6941934 2.7498181 2.2715270 4.2462176 3.4545090 2.6981738 3.0769931 4.1232278 3.2877478 3.2038543 3.4640887 3.0058843 1.9681619 2.9888932 3.3604835 3.4283060 2.7402220 2.7778201 3.6254967 3.8416440 3.9831404 2.6276497 2.2938571 2.4031557 2.0773896 4.2153748 
Ocar_g3360                                               2.3532084 2.1289414 1.4831105 2.4553642 0.0000010 2.7612999 2.4310381 2.3947694 3.7645193 2.2966488 2.5179481 2.4600208 2.6953105 2.7529140 0.0000010 2.4335691 2.4271937 2.6004965 2.4868210 3.2340778 2.4735196 2.3441060 0.0000010 2.5949604 0.0000000 0.0298775 1.5160317 2.4371408 2.4371408 2.3100840 2.3599541 2.2275983 2.3333011 2.4198519 2.6631255 1.9139007 3.0747961 2.1281435 1.8176198 2.8785494 5.1413442 2.5580002 4.7130775 1.5126052 3.2072699 2.8168576 3.1829225 3.1440140 3.4242174 3.2021131 2.1235544 2.3826908 1.7856971 3.3457671 2.2058945 4.2414380 3.4307650 3.0252581 3.0862286 2.2891777 3.2634926 3.3085222 3.3613455 3.3207698 2.4871239 2.4029232 2.6308838 2.8325379 4.6854363 2.7863685 2.4481473 4.1008129 3.9023719 
Opea_EP00118_Oscarella_pearsei_P003802                   2.2044450 1.9901357 1.4757543 1.9043702 1.4879913 2.1075954 1.9335234 1.9086136 2.2336395 1.9350326 2.0056523 1.9836974 2.1891043 2.3341482 2.1004172 2.1781241 2.1923768 2.3248620 2.2649253 2.4347294 2.3763193 2.1161856 1.7091378 1.7289650 0.0298775 0.0000000 1.1060375 2.3053458 2.3667844 1.9618351 2.2139930 1.9380269 2.3053556 2.2367940 2.5696332 2.0151004 2.8748150 2.2109448 1.8176198 2.9394105 3.0389375 2.7497977 2.8784055 2.1043994 3.0665860 2.9201894 2.9998702 2.9855901 2.8093198 2.5078149 1.9327776 2.3101251 2.0336206 2.8256685 2.1064878 2.5011240 2.7365565 2.7292698 2.4965157 2.2509297 2.6934915 2.8651948 2.8763862 2.7868019 2.3290696 2.3493400 2.6504614 3.1756151 3.3818891 2.6643319 2.0121563 2.7119060 3.8327138 
Plajan_Pjan_scaffold22161_01                             2.2210123 2.2896882 1.5917989 1.9338120 1.4696762 2.1161510 1.9427499 1.8979355 2.2933976 1.9425455 2.0127244 1.9576718 2.2917996 2.3375329 2.1833144 2.3853009 2.3623108 2.4846088 2.3036125 2.5117604 2.4737340 2.1183022 1.8923928 1.8043757 1.5160317 1.1060375 0.0000000 2.2727944 2.3071507 2.1557805 2.2591548 2.0724446 2.2987078 2.2614889 2.6362680 2.1761358 2.8952168 2.2092975 1.9033089 3.3136313 3.3428027 2.7923587 2.8439547 2.5375131 3.3761040 3.1169471 2.9633906 2.8321983 2.7890240 2.6167196 1.8317427 2.5219332 1.9767203 2.9135770 2.4969665 2.6533861 2.8085283 2.7810002 2.4521435 2.0878232 2.6096740 2.9893700 3.0249635 2.7992663 2.2691770 2.5206970 2.7191132 3.1960690 3.0895514 2.8644686 2.0823360 2.7929762 3.6199980 
Tadh_TriadT57070                                         2.2866207 2.1320988 1.7354114 2.1926967 0.0000010 2.7170988 2.1115381 2.1594511 4.0259827 2.1372707 2.2014910 2.1862315 2.3620085 2.4549928 1.4605800 2.4638861 2.3702650 2.3684728 2.4881927 4.1162241 2.3357589 2.3185883 0.0000010 3.5806851 2.4371408 2.3053458 2.2727944 0.0000000 0.0052767 0.2516647 0.2870292 0.2312619 0.2884291 0.2460544 2.9103178 2.0471888 3.4117282 2.0087234 1.6165819 3.2525637 7.9133126 2.8896195 6.7512148 2.1110740 2.8500110 2.9306893 3.3210678 3.1564994 3.1829637 3.0788391 2.2359742 2.5442859 2.1542104 3.1150778 2.9608267 2.6118941 3.2726214 3.2281490 2.9126186 5.6389154 3.2615904 3.3819237 3.4928165 3.7538847 2.6098720 2.5308099 2.6479595 2.8062220 4.3509559 3.0906836 2.3717392 4.8200113 3.9042066 
TrH2_TrispH2_002407-RA                                   2.4048220 2.0878902 1.7906714 2.1096378 1.9453442 2.3399034 2.0871262 2.1445553 2.5714955 2.1300497 2.1587305 2.1214988 2.2944241 2.4875262 2.6845150 2.4518739 2.4328566 2.4885386 2.6854293 3.2778491 2.5157838 2.5091203 3.0064703 2.9102866 2.4371408 2.3667844 2.3071507 0.0052767 0.0000000 0.2495356 0.2817695 0.2294262 0.2768237 0.2407939 2.9115018 2.0705720 3.2956970 2.0397029 1.6165819 3.3428688 3.9227796 3.0851799 3.2338356 2.2647144 2.9350645 3.3961277 3.2512147 3.2575986 2.9551611 2.9163259 2.2519436 2.6489127 2.1871355 3.0260169 2.9328134 2.6118941 3.1103919 3.1471284 2.7712119 2.9559806 3.0420892 3.2217403 3.3454748 3.3205029 2.6768402 2.6849067 2.9526998 3.4528558 3.4731878 2.8485078 2.4728763 3.4649949 4.1219920 
HoiH06_mRNA11801                                         1.9842121 2.1546871 1.7244046 1.9431469 0.0000010 2.3744956 1.9400118 1.9328468 4.0965807 1.9521672 1.9718037 1.9874091 2.0131176 2.1005382 0.0000010 2.0224031 2.0432619 2.0903094 2.3579284 5.9810731 2.2293786 2.0941850 0.0000010 3.0764529 2.3100840 1.9618351 2.1557805 0.2516647 0.2495356 0.0000000 0.0548489 0.1037954 0.1174862 0.1463748 2.4958303 1.9240224 2.7234807 2.0045626 1.5838491 2.7283500 3.6760309 2.4210599 2.5038599 1.9208085 2.5197746 2.6495887 3.0724563 2.8434465 2.9194218 2.7350491 2.3393435 2.4100917 2.1506696 2.8346430 2.8542203 2.5952220 2.9698463 3.0551974 2.5972049 3.0490142 2.9700419 2.8035594 2.9218774 3.6395682 2.5055254 2.2691812 2.3098471 2.6673504 4.5168179 2.9237185 2.0252707 4.8609687 3.5327296 
HoiH23_PlH23_010967-RA                                   2.3098353 2.2077607 1.7411920 2.1768310 0.0000010 2.5992939 2.0545958 2.1265427 4.0939269 2.1434374 2.2197508 2.2040998 2.1954781 2.2822854 1.4605800 2.3447814 2.2944901 2.3194321 2.4781664 4.7579316 2.2979667 2.2840419 0.0000010 3.6015783 2.3599541 2.2139930 2.2591548 0.2870292 0.2817695 0.0548489 0.0000000 0.0944778 0.1238395 0.1598243 2.7690606 1.9712068 3.2989178 2.0563371 1.5807033 3.2163916 7.2525086 2.7413095 6.5108534 2.0877227 2.7607529 2.7653936 3.2907060 2.9909574 3.0749095 2.8662035 2.3302512 2.4647896 2.1133334 2.9753974 2.8418385 2.5110843 3.1184304 3.2313035 2.8529033 5.1336229 3.2531277 3.1196315 3.2063397 3.9574308 2.5705847 2.4186916 2.5542007 2.8037645 4.3693414 3.0651781 2.3171849 5.2606455 3.5435582 
Hhon_g07503.t1                                           1.9401590 2.1993037 1.7464516 1.8913976 0.0000010 2.2058102 1.8608494 1.8755527 3.6828774 1.8677763 1.8926399 1.8935235 1.9828339 2.0836659 0.0000010 1.9644926 1.9905372 2.0506139 2.3667369 5.3337976 2.1884011 2.0746279 0.0000010 3.0262347 2.2275983 1.9380269 2.0724446 0.2312619 0.2294262 0.1037954 0.0944778 0.0000000 0.0052993 0.1372591 2.4397666 2.0251509 2.5640810 2.0479081 1.5720248 2.6387152 3.5980179 2.3335283 0.0000010 1.8269985 2.5588340 2.3866248 3.0748459 2.7261509 2.7818833 2.8203872 2.2062442 2.4353577 2.1247727 2.8033041 2.7342707 2.5677418 2.8596606 2.9272458 2.5475280 3.0490142 2.9194169 3.0459946 3.1389187 3.5429185 2.5868732 2.2422992 2.3385690 2.7168471 4.1820094 2.7559991 2.0010647 4.9053981 3.4335057 
HoiH04_mRNA2354                                          2.4284047 2.1531373 1.7464516 2.1042053 1.9053895 2.3067648 2.0600416 2.1298078 2.5788942 2.1286974 2.1775694 2.1294706 2.2081787 2.3719199 2.6753846 2.3976516 2.4036156 2.4335131 2.6728163 3.2932865 2.4372474 2.4255773 2.6800749 2.7826958 2.3333011 2.3053556 2.2987078 0.2884291 0.2768237 0.1174862 0.1238395 0.0052993 0.0000000 0.1668308 2.7703137 2.0255038 3.2042103 2.0468335 1.5720248 3.3318648 3.8320125 2.9126377 3.2667273 2.1627875 2.9006397 3.0862470 3.1406521 3.0026917 2.9388176 2.8339382 2.2125516 2.5916409 2.1600406 2.9763337 2.7307334 2.5682219 3.0122376 3.1466996 2.7163294 2.8702774 3.0021650 3.1117748 3.2809283 3.2857693 2.6606841 2.5513991 2.8278186 3.4053012 3.3604961 2.7491236 2.4356861 3.5026277 3.8926052 
HoiH11_mRNA425                                           2.2858992 2.1816120 1.7106750 2.2855797 0.0000010 2.8213799 2.1471337 2.2007998 4.3364466 2.2047577 2.2688393 2.2765083 2.2403438 2.3030371 0.0000010 2.3903752 2.3211757 2.3509527 2.5192051 4.3868954 2.3344402 2.2246559 0.0000010 3.4983518 2.4198519 2.2367940 2.2614889 0.2460544 0.2407939 0.1463748 0.1598243 0.1372591 0.1668308 0.0000000 2.8130256 2.0819173 3.2215264 2.0076354 1.6177228 3.2225843 7.5364996 2.7981682 5.5475506 2.0850988 2.7931956 2.7444596 3.3106512 2.9193153 3.0559877 2.9089223 2.3063700 2.4840792 2.2031573 3.0539632 2.8870805 2.6560284 3.1638549 3.1380089 2.7939205 4.9201138 3.2649272 3.2326720 3.2683244 3.9937939 2.5702744 2.4813149 2.5719799 2.7909160 4.0612582 3.0674661 2.2924815 5.1722386 3.6409652 
Mlei_ML1021.g4.i1                                        2.7681898 2.3429862 2.1462675 2.4697989 1.0268840 3.0454384 2.6172459 2.4336881 3.7442838 2.5434637 2.5286347 2.4935311 2.7664897 2.7266726 1.9000582 2.8611279 3.0157097 2.8291532 2.9872202 3.5148353 2.9175368 2.7543750 1.6914894 2.5936931 2.6631255 2.5696332 2.6362680 2.9103178 2.9115018 2.4958303 2.7690606 2.4397666 2.7703137 2.8130256 0.0000000 0.1438450 0.5253510 0.4383969 0.8436836 0.6832413 0.5953728 0.7884180 0.7614731 0.7442714 0.8351603 1.0132759 3.1438724 3.1209075 2.9294830 3.2892303 3.2544477 2.7356555 2.5837200 3.2016111 2.8056221 3.3853475 3.4301836 3.3425760 3.0466494 2.5171822 3.2297392 3.3991370 3.2970210 4.1662621 2.5293131 2.7855950 2.6834395 3.0594071 4.0562069 3.2677668 2.7910537 4.0974276 3.6584053 
Bolinf_Binf_sb1266300                                    2.1777181 2.3223448 2.1083071 1.8507195 0.0000010 1.6322426 2.0202152 1.7191791 0.0000010 1.8900367 1.8881780 1.8604702 2.1818402 2.2672227 0.0000010 2.3749171 2.4818118 2.3699653 2.8263944 0.0000010 2.6163512 2.3727382 0.0000010 2.6582947 1.9139007 2.0151004 2.1761358 2.0471888 2.0705720 1.9240224 1.9712068 2.0251509 2.0255038 2.0819173 0.1438450 0.0000000 0.6141991 0.4689892 0.8094681 0.7960634 2.2870867 0.7901635 0.0000010 0.6819375 0.6726100 0.8728539 2.4059778 1.8443263 2.4211156 2.9876537 3.2465148 2.7440211 2.3415406 2.8179894 3.0051851 3.2002400 3.0196303 2.7103258 2.3950124 1.9938177 2.8373372 2.8359223 2.7990774 4.4865249 2.7108588 2.2540671 2.6023477 2.2445057 3.7196188 2.2073808 2.3870928 4.1859101 3.4187894 
Drygla_Dgla_sb301877                                     2.8714440 2.1140740 2.0985120 2.7256072 1.7120427 3.1825603 2.9838249 2.8217079 3.2855291 2.8092693 2.7456061 2.7477723 2.9574610 2.9729394 2.7304622 3.1771179 3.3210287 3.0699897 3.1716466 2.9620943 3.5796007 2.9909698 2.3044695 2.6262412 3.0747961 2.8748150 2.8952168 3.4117282 3.2956970 2.7234807 3.2989178 2.5640810 3.2042103 3.2215264 0.5253510 0.6141991 0.0000000 0.4602989 0.7828099 0.8502527 0.6501871 1.1309253 1.0713923 0.9824732 1.4410105 1.3032577 3.3942387 3.1745970 2.9675690 3.3811324 3.0393894 3.1999187 2.5789429 3.5474798 2.4809402 6.6282275 3.5324884 3.5528588 3.4058176 2.8214144 3.2382483 3.6461480 3.5738864 4.1296360 2.4039141 3.1639550 3.0576860 3.4914198 4.2984444 3.3208930 3.2523609 3.8115075 3.9770760 
Mertsp_Mesp_sb575518                                     1.9142360 1.8655583 1.7629862 1.8996018 0.0000010 1.9665948 1.9915544 2.0729971 1.9259601 1.8700339 2.0125453 1.8723360 2.3056076 2.2890345 0.0000010 2.0549598 2.2606962 2.1809832 3.0492136 0.0000010 2.8764855 2.3140225 0.0000010 1.8397068 2.1281435 2.2109448 2.2092975 2.0087234 2.0397029 2.0045626 2.0563371 2.0479081 2.0468335 2.0076354 0.4383969 0.4689892 0.4602989 0.0000000 0.6339151 0.5903081 1.9699047 0.9272399 0.0000010 0.5149340 0.7110460 0.5912823 2.6074093 2.2152129 2.2508760 2.7233683 3.2452269 2.3052550 2.2816258 2.9077553 2.3246715 8.9999982 2.9203057 2.5188818 2.1955797 1.4840755 2.6389915 2.8154914 2.8351913 4.3169421 2.2021711 2.5655761 2.7719493 2.2464637 4.2505926 2.6459368 2.5137616 4.2328891 3.6690081 
Eupdun_Edun_sb10598707                                   1.7285927 2.2257724 2.0389407 1.6474087 0.0000010 1.1068465 1.5627878 1.5673373 0.0000010 1.5727888 1.5843036 1.5192897 1.8295299 1.7719680 0.0000010 1.4107236 1.5075583 1.6999167 2.5957592 0.0000010 2.6599558 1.8214242 0.0000010 1.4827369 1.8176198 1.8176198 1.9033089 1.6165819 1.6165819 1.5838491 1.5807033 1.5720248 1.5720248 1.6177228 0.8436836 0.8094681 0.7828099 0.6339151 0.0000000 0.8901960 2.4510992 0.8098623 0.0000010 0.7321461 0.8942783 0.5657567 2.1687060 1.9758563 2.0444931 2.9388364 2.9353188 2.2139838 2.1753019 2.7772120 2.0287705 0.0000010 2.1404213 1.9735044 1.7475830 2.3434419 2.3497059 2.5697756 2.8222742 3.9606248 1.9808865 1.6615959 2.3227206 1.9521150 2.9106016 2.4419946 2.0699343 3.7972028 2.9940428 
Horcal_Hcv1.av93.c12.g288.i1                             3.1253992 2.0179030 1.8922983 2.7799047 2.4426612 3.2040509 2.9413167 2.8103370 3.2918897 2.8986915 2.8576433 2.8357114 3.1468970 3.1290015 3.1867959 3.4049738 3.3716409 3.1881099 3.3927875 3.2512221 3.3514428 2.8519988 2.3750859 2.4695667 2.8785494 2.9394105 3.3136313 3.2525637 3.3428688 2.7283500 3.2163916 2.6387152 3.3318648 3.2225843 0.6832413 0.7960634 0.8502527 0.5903081 0.8901960 0.0000000 0.5715881 1.0188592 0.9287255 1.0621467 0.4238355 1.2685322 3.4232067 3.4284610 3.1176559 3.6295558 3.0936824 2.9874891 2.5182816 3.7595540 2.1765882 7.1561150 3.5361492 3.5326529 3.3865292 3.3470642 3.3652770 3.6698094 3.5964255 3.6765450 2.4968865 2.7434839 3.2038647 4.1231394 3.7344871 3.3104649 3.2053492 3.8972747 3.5582474 
Beraby_Baby_sb334289                                     3.3892781 2.5657262 5.3437548 2.7924184 2.2831078 2.8380785 2.8420585 2.6875467 2.8540674 2.8656509 2.9120128 2.9205834 3.3263292 3.3031360 3.4138700 3.6829540 3.7183204 3.7511129 3.3409131 3.1442946 3.5346490 3.2826534 2.3477624 2.4179713 5.1413442 3.0389375 3.3428027 7.9133126 3.9227796 3.6760309 7.2525086 3.5980179 3.8320125 7.5364996 0.5953728 2.2870867 0.6501871 1.9699047 2.4510992 0.5715881 0.0000000 0.9758978 0.9287585 3.7638544 3.1557758 4.3140883 3.5563316 3.5664235 3.3912197 3.5561560 4.5914510 4.4689021 2.9925624 4.0425639 3.1584512 0.0000010 3.4819341 3.7675904 3.6544467 3.2603028 3.3791533 4.1578285 3.8276935 3.5078124 2.8784878 4.0666178 4.0599374 6.9788184 3.6584669 3.5556721 3.3094713 3.4901232 4.4377206 
Vmul_Simscaffold5473_01                                  2.9200106 2.5080139 2.0978210 2.6271155 2.5164964 2.9561936 2.6979281 2.4856570 3.0316049 2.5869514 2.7190366 2.6431973 2.9394066 3.0029774 3.8692043 3.1512495 3.1947021 3.1723822 3.1600466 3.3770836 3.0006478 2.8158104 2.5829159 2.6752328 2.5580002 2.7497977 2.7923587 2.8896195 3.0851799 2.4210599 2.7413095 2.3335283 2.9126377 2.7981682 0.7884180 0.7901635 1.1309253 0.9272399 0.8098623 1.0188592 0.9758978 0.0000000 0.5609267 0.5700787 1.3386721 1.5074146 3.3523295 3.3611888 3.0646480 3.3530810 2.9032937 2.8552850 2.4748244 3.3487150 2.6056657 3.0511650 3.4430100 3.3185534 3.1551909 3.1889695 3.1355632 3.3936899 3.5163034 3.5518387 2.5571734 2.7371815 2.8752025 3.5723252 3.9285644 3.3069388 2.7186017 4.0577198 4.0160503 
Coeast_Cast_sb773982                                     3.2667018 0.0000010 0.0000010 2.9340190 2.1608809 2.6537110 2.5862791 2.5612976 2.6898740 2.7774259 2.7692806 2.7033067 3.2496755 3.4764733 2.8562590 3.5388389 3.4916270 3.6774344 3.0745565 2.9824328 4.5292572 2.7914064 2.5573696 2.5984418 4.7130775 2.8784055 2.8439547 6.7512148 3.2338356 2.5038599 6.5108534 0.0000010 3.2667273 5.5475506 0.7614731 0.0000010 1.0713923 0.0000010 0.0000010 0.9287255 0.9287585 0.5609267 0.0000000 3.3328341 3.6842174 4.7066796 3.2021719 3.0479300 3.2497859 3.2203003 0.0000010 4.6937912 3.0376719 3.4401517 0.0000010 0.0000010 3.4062991 3.6989536 3.6634990 3.2206861 3.4289642 4.3609826 4.1367691 3.4305476 2.6722316 4.0579407 3.5104208 6.8792342 3.9170937 3.7501242 3.8800068 3.2597459 4.4628392 
Coemet_Cmet_scaffold1440_01                              2.3917231 2.5093572 1.9266782 2.1849253 5.7769005 2.4018290 2.2237119 2.2155434 7.9219235 2.0678848 2.3934407 2.2874890 2.5950621 2.7210774 4.3673875 2.2500599 2.4002593 2.3932280 3.2782399 8.9999984 2.8986207 2.2824952 6.5784508 3.2532805 1.5126052 2.1043994 2.5375131 2.1110740 2.2647144 1.9208085 2.0877227 1.8269985 2.1627875 2.0850988 0.7442714 0.6819375 0.9824732 0.5149340 0.7321461 1.0621467 3.7638544 0.5700787 3.3328341 0.0000000 0.7961965 0.7757261 3.0730214 2.6034613 2.7164407 2.9248805 2.8971722 2.2427213 2.1452217 2.7048459 1.9789692 8.9999990 2.9571663 2.8194156 2.5299806 7.7316417 2.9211874 3.0152869 3.1098637 5.4305966 2.0618290 2.6946212 2.5406236 2.7561676 6.4926130 2.9129069 2.4362996 5.8719619 3.5670403 
Pbac_sb2659290                                           2.9109568 2.4745016 1.8104117 2.8958560 3.4178067 3.7047879 3.0133707 2.8438311 4.3984380 2.9113323 2.9184821 2.8905557 3.1659408 3.2634370 3.9221502 3.3548368 3.3443261 3.1428857 3.3022164 4.0072206 3.3291929 3.0161351 3.1269056 3.6467691 3.2072699 3.0665860 3.3761040 2.8500110 2.9350645 2.5197746 2.7607529 2.5588340 2.9006397 2.7931956 0.8351603 0.6726100 1.4410105 0.7110460 0.8942783 0.4238355 3.1557758 1.3386721 3.6842174 0.7961965 0.0000000 1.3791834 3.3701264 3.5297149 3.1806272 4.0048399 3.3706562 3.0917448 2.6382061 3.8563608 2.9064006 3.4606867 4.0552093 3.7885536 3.3099260 3.9048902 3.6059230 3.5830054 3.4396339 4.2698371 2.9825878 2.8663491 2.8364198 3.4185204 4.6187370 3.5893901 3.0208420 4.3765903 3.6156093 
Lampan_Lpan_10104_01                                     3.2656618 2.9376522 1.3202728 3.3818787 4.6573837 3.6421942 3.2461152 3.3082537 4.3496576 3.2580890 3.3334171 3.2591501 3.1518312 3.1769030 3.9430622 3.3819220 3.5776393 3.1077298 3.3838125 4.3519617 2.8951125 3.2004824 4.1113599 3.4528768 2.8168576 2.9201894 3.1169471 2.9306893 3.3961277 2.6495887 2.7653936 2.3866248 3.0862470 2.7444596 1.0132759 0.8728539 1.3032577 0.5912823 0.5657567 1.2685322 4.3140883 1.5074146 4.7066796 0.7757261 1.3791834 0.0000000 3.6639280 3.7141764 3.2779571 3.9860286 2.2449786 2.6436374 2.3569350 3.4247591 2.0553221 2.8148154 3.8969107 3.6367927 3.5472935 4.4670707 3.2226674 3.2120937 3.3745064 3.5423329 2.2962092 2.8642127 2.8970268 3.6095661 4.7584579 3.6148637 2.9868518 4.4210191 3.4667812 
Sros_EGD81504                                            3.2544793 2.3947937 2.5162501 3.0174825 2.9415388 3.1129238 2.8736462 2.8160620 3.3004588 2.8242450 2.8812029 2.8952523 3.3520820 3.3641677 3.3065700 3.2711425 3.3571657 3.3867865 3.3666525 3.3048638 3.3635428 3.3099601 2.7441519 2.9620496 3.1829225 2.9998702 2.9633906 3.3210678 3.2512147 3.0724563 3.2907060 3.0748459 3.1406521 3.3106512 3.1438724 2.4059778 3.3942387 2.6074093 2.1687060 3.4232067 3.5563316 3.3523295 3.2021719 3.0730214 3.3701264 3.6639280 0.0000000 0.8680444 1.8339482 3.4974429 2.7535467 3.1138731 2.4890913 3.7527902 1.7060923 1.7963764 2.1814446 2.6337092 2.2332275 2.0299273 2.6163424 2.7212096 2.6651185 2.6739602 2.2288322 2.2649087 2.3540340 2.9968526 3.7345744 3.6002469 3.1187722 3.6557444 3.9742189 
Microa_EP00043_Microstomoeca_roanoka_P014672             3.1034844 2.7061660 1.9437824 2.9011271 2.7920512 2.8725225 2.7113768 2.7213698 3.2142508 2.7853377 2.7984317 2.8130348 3.1328643 3.0984490 3.2498074 3.0264032 3.1477292 3.3011653 3.4967175 3.2437099 3.2111934 3.1732844 2.9565410 2.6941934 3.1440140 2.9855901 2.8321983 3.1564994 3.2575986 2.8434465 2.9909574 2.7261509 3.0026917 2.9193153 3.1209075 1.8443263 3.1745970 2.2152129 1.9758563 3.4284610 3.5664235 3.3611888 3.0479300 2.6034613 3.5297149 3.7141764 0.8680444 0.0000000 1.8691156 3.5006321 2.2864951 2.8933794 2.1343822 3.5161679 1.6216784 3.9590186 2.2393474 2.5680691 2.4022833 1.9243189 2.5277680 2.7600599 2.8324707 2.4470463 2.3234689 2.4330165 2.2732654 3.2360993 3.6729215 3.4675621 2.8773872 3.6147393 4.0257751 
Salinf_EP00049_Salpingoeca_infusionum_P002276            2.9110864 2.3257656 2.3193718 2.7025708 1.8149014 2.8571617 2.6556651 2.5769133 2.8318698 2.6364583 2.6226425 2.5938922 2.8804866 2.8372615 2.0713215 2.8565263 2.8320829 2.9558081 2.8946195 3.0164740 2.9440058 2.8422836 2.8584535 2.7498181 3.4242174 2.8093198 2.7890240 3.1829637 2.9551611 2.9194218 3.0749095 2.7818833 2.9388176 3.0559877 2.9294830 2.4211156 2.9675690 2.2508760 2.0444931 3.1176559 3.3912197 3.0646480 3.2497859 2.7164407 3.1806272 3.2779571 1.8339482 1.8691156 0.0000000 2.9909733 3.3667091 2.9009450 2.2887251 3.2449155 1.9375538 2.2286066 2.2021126 2.4921034 2.0817105 1.4707385 2.4264398 2.6182055 2.6962275 2.5565497 2.5033824 2.2723527 2.4418587 2.9940606 3.5516739 3.0116102 2.7246934 3.3804807 3.6768659 
Scil_scict025698.2                                       2.8312107 2.7281385 3.0186448 2.4800085 1.6595332 2.4892971 2.4779396 2.3756852 2.4015292 2.3855905 2.3707185 2.3956502 2.9337606 2.8380466 2.3157802 2.8747823 2.8676913 2.8422093 2.8892007 2.9758713 3.0986002 2.7149045 1.8244686 2.2715270 3.2021131 2.5078149 2.6167196 3.0788391 2.9163259 2.7350491 2.8662035 2.8203872 2.8339382 2.9089223 3.2892303 2.9876537 3.3811324 2.7233683 2.9388364 3.6295558 3.5561560 3.3530810 3.2203003 2.9248805 4.0048399 3.9860286 3.4974429 3.5006321 2.9909733 0.0000000 1.3346466 1.5773370 1.6420170 1.7425976 2.9914993 3.4171171 3.0753587 2.9573978 2.7204413 2.4408970 3.1352312 3.3042212 3.2158061 3.2483109 3.1649299 2.7839368 3.0356687 3.9542134 3.8628216 2.9985983 2.4948608 3.0379062 4.8282511 
