78
Hsap_ENST00000265245                                             0.0000000 1.0988711 1.4247655 1.3470872 1.3969573 1.3832819 1.2262932 1.3441456 1.5840743 1.4539848 1.4963131 1.3180303 1.3418615 2.0867833 2.0867833 1.6331226 1.5790188 1.7618272 1.6472085 1.6607477 1.6951352 1.5473676 1.6261167 1.5877037 1.3367698 1.2826763 1.4940319 1.5396257 1.6941382 2.3061318 1.3236476 1.2885058 1.4530071 1.4024909 1.6431502 1.6081754 1.5645448 1.5484711 1.5003570 1.4670169 1.7014065 2.0867013 1.8125269 1.7426976 1.5777229 1.1242674 2.0186163 1.9348738 1.9762614 1.8068644 2.1844847 1.8854132 1.8670800 1.9536416 1.9903261 1.5883349 1.9015067 2.1828980 2.2285100 2.1526448 1.9413725 1.8822810 2.1967043 2.1694133 1.0501182 2.2140231 2.2178999 2.6016228 2.5743324 2.5002745 2.2822913 2.4519165 2.6527160 2.5245132 2.3313137 2.3934228 1.8648872 1.7274845 
Bralan_BLAG11101283_1                                            1.0988711 0.0000000 1.1405756 1.0881086 1.2338653 1.2532570 1.0583644 1.2781132 1.5115852 1.3264595 1.4573556 1.4641766 1.3189445 2.0619723 2.0619723 1.5683559 1.4180358 1.6021444 1.4923812 1.5043626 1.6203801 1.4317117 1.2170356 1.4813623 1.2119208 1.2428637 1.3605771 1.4356097 1.6597425 2.1140579 1.2592443 1.1431702 1.3503974 1.3266898 1.7950706 1.5998491 1.6588565 1.5218247 1.4847541 1.5522807 1.8113860 2.1235270 1.7915017 1.8056978 1.4106650 1.1287616 1.8848208 1.8023592 1.8004257 1.8592675 2.1717705 1.8522096 1.7820114 1.8348169 1.8328208 1.4594924 1.8423434 1.7632167 2.3756354 2.1605843 1.8955330 1.7078880 2.2014028 1.9747848 0.9209102 2.2715366 2.2337886 2.3062028 2.5006043 2.4742421 2.4173041 2.4341179 2.6080626 2.4129230 2.3022801 2.2934639 1.7479108 1.7188170 
Cgig_XM_034447143.1                                              1.4247655 1.1405756 0.0000000 1.1265385 1.2777902 1.2335216 1.2374605 1.3198807 1.7068985 1.4624605 1.5571863 1.6292953 1.2884801 2.3115354 2.3115354 1.5561302 1.4483274 1.6754189 1.6245218 1.6145735 1.5143858 1.5842022 1.3233018 1.6016756 1.2311312 1.2933823 1.5308518 1.5055172 1.8659474 2.2645303 1.4722508 1.6710082 1.4540418 1.3688596 1.8809323 1.7471950 1.7186224 1.5726494 1.5087651 1.5295480 1.5491065 1.9400046 1.7113749 1.8031579 1.5933167 1.2793116 2.2171388 2.0542884 2.1561470 1.8981002 2.4468721 1.8644882 1.8326582 1.8276636 1.9457690 1.5110248 1.7790873 1.9141811 2.2606535 2.2285226 1.9559206 1.8842213 2.2159707 2.3626429 1.3278795 2.3487347 2.2809116 2.3140617 2.4314685 2.6364710 2.2270216 2.3691408 2.4865908 2.4879265 2.2010303 2.3251167 1.8561880 1.4032783 
Acagra_model.g30655.t1                                           1.3470872 1.0881086 1.1265385 0.0000000 1.2789181 1.2481435 1.2789736 1.4061011 1.7304809 1.3160162 1.5196080 1.4790213 1.4813674 2.4676217 2.4676217 1.6335653 1.5300392 1.7213547 1.6668665 1.6831551 1.5887537 1.4869413 1.4318206 1.4496550 1.2922552 1.4387988 1.5827543 1.5547926 1.4789326 2.2038272 1.3618627 1.5027275 1.3601131 1.4330339 1.8655579 1.7306529 1.6959575 1.6661454 1.6433660 1.4486301 1.8635834 1.8964117 1.8761601 1.9776940 1.5554602 1.0742885 2.1980777 1.8934653 1.7886112 1.8593593 2.2999274 1.9294177 1.8787433 2.0036239 1.7324202 1.5399952 1.7620652 1.9569617 2.3835908 2.3275706 2.1951811 1.9649324 2.2230102 2.0541077 1.1527983 2.5955307 2.6197498 2.6876081 2.7788973 2.7066199 2.6563752 2.5185661 2.9038310 2.6020910 2.4203739 2.4248591 1.8305672 1.4906882 
Tcas_TC013937_001                                                1.3969573 1.2338653 1.2777902 1.2789181 0.0000000 1.1426189 1.2540625 1.5933477 1.6859707 1.6930831 1.6461933 1.5748989 1.5256947 2.3530484 2.3530484 1.7478231 1.6646537 1.8323427 1.7844404 1.7825553 1.7260906 1.7647312 1.4302409 1.5314808 1.3430619 1.4252662 1.7030487 1.7403543 1.7858566 2.6965719 1.5747288 1.7327268 1.6454575 1.5510501 1.9685794 2.0123403 2.0222949 1.6175913 1.6833391 1.6343271 1.5542729 2.0592003 1.7726219 2.0655359 1.4169165 1.2762407 2.0459915 2.0704676 2.0752616 1.9239696 2.3992409 1.8719677 2.0980589 2.2195113 2.1579231 1.5939064 1.9279661 2.1232685 2.3236749 2.4806414 2.1964215 2.0476387 2.6339786 2.2925169 1.5336678 2.2716051 2.2334001 2.2548985 2.3754784 2.3330751 2.3898688 2.2815256 2.3554668 2.1677265 2.0515393 2.3177207 1.8071035 2.0168497 
Dpul_mRNA113                                                     1.3832819 1.2532570 1.2335216 1.2481435 1.1426189 0.0000000 1.3150178 1.4361582 1.6397486 1.6536264 1.6156194 1.5902615 1.5469060 1.7342692 1.7342692 1.4643914 1.4150531 1.5814302 1.4528411 1.4445998 1.5595167 1.5981160 1.3685185 1.5445029 1.2373648 1.1415425 1.4231070 1.4843874 1.4896566 2.1824834 1.5725749 1.7165106 1.5167660 1.5433816 1.9678857 1.7692609 1.7886251 1.5775909 1.6168901 1.7445381 1.7256732 2.0306402 1.6861590 1.9199209 1.4267294 1.3024881 1.9756609 1.9444635 1.9332355 1.7239176 2.1665731 1.8251615 1.8543764 1.9511288 1.9585210 1.7530846 1.8227960 2.0654945 2.2369218 2.2131718 2.0339154 1.7652132 2.6266051 1.9621809 1.6667936 2.4848926 2.4969524 2.5578923 2.5615024 2.6137588 2.5230570 2.4461376 2.6264176 2.4975588 2.1958125 2.4592688 1.7632342 2.0936918 
Skow_XM_002737339.1                                              1.2262932 1.0583644 1.2374605 1.2789736 1.2540625 1.3150178 0.0000000 1.2051102 1.7375531 1.3339735 1.3809002 1.4801528 1.2135055 2.7664221 2.7664221 1.3792240 1.1765677 1.5058247 1.4008412 1.4118534 1.4542762 1.5061253 1.2836795 1.5671908 1.3440785 1.2583361 1.4796120 1.4359728 1.5285419 2.4685352 1.3385975 1.3490946 1.3116644 1.4360847 1.8406600 1.6322331 1.6546042 1.5111013 1.5226930 1.4950810 1.6811149 1.9827898 1.7548491 1.7658037 1.3810447 1.0058842 1.7928856 1.8437418 1.8314525 1.8353158 2.1214346 1.8268613 1.7593537 1.9861167 1.9152737 1.3654223 1.7622858 1.7241153 2.5264934 2.3852835 2.0636206 1.8412583 2.4035845 1.9920941 1.2151500 2.4249387 2.3957836 2.7258153 2.3665567 2.6010993 2.4451433 2.5028107 2.5270158 2.3671784 2.2023425 2.2039684 1.6678978 1.6215816 
Tetwil_g7859.t1                                                  1.3441456 1.2781132 1.3198807 1.4061011 1.5933477 1.4361582 1.2051102 0.0000000 1.1988644 1.1657583 1.2301858 1.2085730 1.1089559 0.0000010 0.0000010 1.6363928 1.6219523 1.5852737 1.6049215 1.6049215 1.8050534 1.5681193 1.4369264 1.2752863 1.1737907 1.2195958 1.2846264 1.3298877 1.5990653 3.7820203 1.2870362 1.0598476 1.5101259 1.4929599 1.8784171 1.4337896 1.4850276 1.3317681 1.3824953 1.3710192 1.3757093 2.3342165 1.9981713 1.8147762 1.3268370 1.2140222 1.8959920 1.8771024 1.8534451 1.7729461 1.7742098 1.6391972 1.7104693 1.9192111 1.8010195 1.4103527 1.7836280 1.4700230 2.1019500 1.9598062 1.9031232 1.5514516 2.9184021 2.1735443 0.4552824 2.2484193 2.1569276 2.4430602 2.4400722 2.4945216 2.4525831 2.2150617 2.2758914 2.4157418 2.2355233 2.0088029 1.6905289 1.7002925 
Plespi_Pspi_C612818_01                                           1.5840743 1.5115852 1.7068985 1.7304809 1.6859707 1.6397486 1.7375531 1.1988644 0.0000000 1.4215174 1.5112888 1.6272082 1.7542620 2.8459407 2.8459407 1.8066711 1.5728021 1.9071199 1.8517466 1.8630910 1.8464979 1.7838997 1.6430847 1.8495501 1.5439898 1.5398237 1.7367099 1.7859501 1.6592373 2.7304752 1.3931757 1.6544964 1.5857266 1.6607196 2.1983102 2.1283336 2.1647218 1.9883729 2.0258841 1.9682116 2.0720303 2.3818921 2.2651764 2.1230577 1.6917288 1.1734001 2.1845308 2.0586020 2.0862808 2.1046856 2.4726370 2.1448159 2.1250611 2.1971974 2.1659319 1.9595518 2.1654029 2.0941228 2.7222318 2.4882296 2.2521206 2.2055316 2.7439454 2.4574235 1.5168002 2.7031338 2.6797637 2.8854753 2.8109893 2.9381867 2.7155899 2.5928568 2.9900954 2.9099106 2.3099347 2.4294540 2.0958402 1.6439976 
Aque_Aqu2.1.36243_001                                            1.4539848 1.3264595 1.4624605 1.3160162 1.6930831 1.6536264 1.3339735 1.1657583 1.4215174 0.0000000 0.7855999 0.8646801 1.6941797 2.4903487 2.4903487 1.6693827 1.4718388 1.7304001 1.6858718 1.7017969 1.9437266 1.6809389 1.6401091 1.5152177 1.2923598 1.2696650 1.5836200 1.4893882 1.7531155 2.3701466 1.4700803 1.5194977 1.3664655 1.4296287 1.6183517 1.7104694 1.8197965 1.4980571 1.4997973 1.4769291 1.6779613 2.0377697 1.8177050 2.0124602 1.9333640 1.3301498 1.9130424 1.7458475 1.7553400 1.7486541 2.2749117 1.7507414 1.8780204 1.8662354 1.8875197 1.6977030 1.8094316 2.0818534 2.3245486 2.1582500 1.9195459 2.0618482 2.7262345 2.2640709 1.4338929 2.1956832 2.1952106 2.1720123 2.2744162 2.3377214 2.0799506 2.2850376 2.4426664 2.2434745 2.0512186 2.1254083 1.5987587 2.0473827 
Halamb_c46459_g1_i1m.20650                                       1.4963131 1.4573556 1.5571863 1.5196080 1.6461933 1.6156194 1.3809002 1.2301858 1.5112888 0.7855999 0.0000000 0.8159131 1.6464048 2.2812706 2.2812706 1.5594615 1.3713061 1.6482143 1.5837000 1.5673563 1.6295553 1.7353015 1.6092747 1.6233138 1.3007095 1.3650534 1.5729480 1.5529482 1.7104148 2.6447569 1.3401287 1.2737657 1.5345639 1.6112325 1.8692924 1.8702241 1.8468567 1.6097150 1.6424747 1.5807928 1.8242508 2.0641766 1.9203975 1.8739925 1.7387657 1.2229610 2.0245511 1.9040574 1.8713606 1.9873472 2.4413795 2.0947728 2.0645633 2.3011182 2.0572509 1.9974554 2.0438866 2.3371119 2.1879337 2.2304400 2.1209242 2.1107842 2.6352126 2.3063058 1.1391758 2.2227615 2.1812056 2.2570702 2.3271804 2.3377600 2.1795230 2.1553000 2.3544463 2.1262277 1.9495343 2.2494424 1.9168808 2.3966632 
Xestes_augustus_masked-XT_scaffold9349-processed-gene-0.6-mRNA-1 1.3180303 1.4641766 1.6292953 1.4790213 1.5748989 1.5902615 1.4801528 1.2085730 1.6272082 0.8646801 0.8159131 0.0000000 1.6685596 2.2939071 2.2939071 1.7032118 1.6242630 1.8032864 1.7427028 1.7294424 1.9152422 1.6877207 1.6481255 1.6282224 1.5037014 1.3579693 1.6148815 1.6289882 1.7062095 2.3668053 1.4192393 1.2674078 1.5410668 1.4908323 1.9086783 1.8890705 1.7997701 1.6340247 1.6210366 1.6193665 1.8934709 2.3163331 2.1812112 2.0354738 1.7751680 1.1977850 2.1569510 1.9913448 1.9866123 2.0506810 2.3411306 1.9871091 2.0276945 2.2315305 1.9568259 1.7717480 1.7638051 2.4032678 2.3515260 2.3458705 2.1642324 1.9283284 2.6097917 2.5179466 1.1641518 2.4217478 2.4349299 2.5354997 2.4654540 2.5841675 2.4256251 2.4562113 2.4699466 2.5708138 2.3086740 2.3534607 2.0328053 2.0496889 
Spur_XM_030987340.1                                              1.3418615 1.3189445 1.2884801 1.4813674 1.5256947 1.5469060 1.2135055 1.1089559 1.7542620 1.6941797 1.6464048 1.6685596 0.0000000 3.3194218 3.3194218 1.8484044 1.5871510 1.9636406 1.8540551 1.8531529 1.8885861 1.5635533 1.4890789 1.8111354 1.3631912 1.3606577 1.5810190 1.6017346 2.0437136 2.5165288 1.4649918 1.5764543 1.5186081 1.5124226 1.9164434 1.7743210 1.7974000 1.6272463 1.6241962 1.6267754 1.6646237 2.2541930 2.1002581 2.0135957 1.7630788 1.3413409 2.0923172 2.1305701 1.9492153 1.9805966 2.3817114 1.9759577 1.9054570 1.8473396 2.0522463 1.5562472 1.9764072 1.9037174 2.4536699 2.3601396 2.2595062 1.9686621 2.4090219 2.4348711 1.6580030 2.5228324 2.4396946 2.7048578 2.7636881 2.6475570 2.4956006 2.5539935 2.6974405 2.7155195 2.4391574 2.4486279 2.0509338 1.8759699 
Tadh_TriadT57385                                                 2.0867833 2.0619723 2.3115354 2.4676217 2.3530484 1.7342692 2.7664221 0.0000010 2.8459407 2.4903487 2.2812706 2.2939071 3.3194218 0.0000000 0.0000010 0.2314695 0.0000010 0.2983142 0.2665574 0.2682154 1.8097411 1.9595139 3.2012270 2.6963483 1.1626463 0.0000010 2.5823083 2.4985668 2.6596643 3.0107712 3.0671234 2.4618854 2.3537721 2.5485904 2.3271756 2.4138224 2.3501859 3.1546986 2.9579822 3.2660240 3.4942044 2.5413424 2.2653642 2.4337763 2.9977623 0.0000010 3.2769075 3.3322903 3.1402332 3.3624915 4.1407602 3.7158195 4.2191051 5.2020695 5.5983298 7.1443406 3.5473925 8.9999986 3.8031797 4.5180649 3.3817790 4.1142703 4.2699333 6.1007955 2.8781966 3.4943362 3.5049625 3.8813758 4.0609396 3.2912006 3.0413751 2.9339556 3.0644399 3.0122236 2.5570966 3.1284451 5.8074599 0.0000010 
TrH2_TrispH2_005407-RA                                           2.0867833 2.0619723 2.3115354 2.4676217 2.3530484 1.7342692 2.7664221 0.0000010 2.8459407 2.4903487 2.2812706 2.2939071 3.3194218 0.0000010 0.0000000 0.2314695 0.0000010 0.2983142 0.2665574 0.2682154 1.8097411 1.9595139 3.2012270 2.6963483 1.1626463 0.0000010 2.5823083 2.4985668 2.6596643 3.0107712 3.0671234 2.4618854 2.3537721 2.5485904 2.3271756 2.4138224 2.3501859 3.1546986 2.9579822 3.2660240 3.4942044 2.5413424 2.2653642 2.4337763 2.9977623 0.0000010 3.2769075 3.3322903 3.1402332 3.3624915 4.1407602 3.7158195 4.2191051 5.2020695 5.5983298 7.1443406 3.5473925 8.9999986 3.8031797 4.5180649 3.3817790 4.1142703 4.2699333 6.1007955 2.8781966 3.4943362 3.5049625 3.8813758 4.0609396 3.2912006 3.0413751 2.9339556 3.0644399 3.0122236 2.5570966 3.1284451 5.8074599 0.0000010 
HoiH11_mRNA7061                                                  1.6331226 1.5683559 1.5561302 1.6335653 1.7478231 1.4643914 1.3792240 1.6363928 1.8066711 1.6693827 1.5594615 1.7032118 1.8484044 0.2314695 0.2314695 0.0000000 0.2457277 0.2450110 0.2215982 0.2313838 1.6263101 1.6784576 2.0168646 1.7199051 1.3648621 1.5310404 1.7642522 1.7343616 1.8605617 2.6392492 1.7871884 1.5919430 1.5161792 1.6344502 1.9253087 1.7956896 1.7975324 1.7067348 1.6502278 1.7923885 1.7518477 2.3499450 2.1600464 2.1486310 1.8382240 1.2909069 1.9725610 2.0758929 1.9450198 1.9020881 2.4225967 2.1814668 2.0701984 1.9256158 2.3384716 1.6766147 1.9043075 2.1803070 2.4152457 2.5557511 2.2467897 2.1856078 3.0134779 2.3633667 1.6457153 2.1561609 2.1390969 2.3476021 2.4521218 2.2514445 2.2671890 2.3800651 2.5007887 2.4995390 2.2375999 2.2290977 1.8740367 1.8490691 
HoiH06_mRNA7074                                                  1.5790188 1.4180358 1.4483274 1.5300392 1.6646537 1.4150531 1.1765677 1.6219523 1.5728021 1.4718388 1.3713061 1.6242630 1.5871510 0.0000010 0.0000010 0.2457277 0.0000000 0.0371729 0.0879090 0.0967204 1.6742816 1.6486168 1.5760727 1.4590581 1.4712164 1.5092726 1.5311932 1.5693993 1.2135045 2.9116991 1.3889384 0.8924013 1.2390975 1.5314868 1.8884730 1.6628082 1.6321440 1.5741220 1.5168120 1.5181621 1.4550124 2.3176241 1.9144852 2.1067679 1.6917231 1.3545763 1.6236010 1.7120557 1.7208571 1.5943786 2.0572074 1.8426947 1.5997570 1.8749849 1.6811041 1.3156505 1.6660408 1.4464324 2.0202829 2.0429118 1.9048795 1.6624165 2.0028686 1.7341824 0.5995138 1.8912973 1.9214339 1.8212041 1.9133269 1.9339089 2.0183741 1.9665930 2.2168227 2.0273946 2.0178396 1.9317305 1.6870057 1.8363304 
HoiH23_PlH23_001344-RA                                           1.7618272 1.6021444 1.6754189 1.7213547 1.8323427 1.5814302 1.5058247 1.5852737 1.9071199 1.7304001 1.6482143 1.8032864 1.9636406 0.2983142 0.2983142 0.2450110 0.0371729 0.0000000 0.1055578 0.1139955 1.6781703 1.7590043 2.0010484 1.7000806 1.4193710 1.5357663 1.8426212 1.8295048 1.8653638 2.8539333 1.8336156 1.6510984 1.6117165 1.7752675 2.0999851 1.9918066 1.9838662 1.9659411 1.8550818 1.8821291 1.8521508 2.3740402 2.1205698 2.2243059 2.0444081 1.4232454 1.9328623 2.0143382 2.0178805 1.9080862 2.4551733 2.1828607 2.0524540 2.0277252 2.3450807 1.7522889 1.9917107 2.1332196 2.3545755 2.5281029 2.2732373 2.1250767 2.9200481 2.4733814 1.6867297 2.2272977 2.2467372 2.4301832 2.4454218 2.2942870 2.2743390 2.3258693 2.4849205 2.3807323 2.2426126 2.3234855 2.0270830 1.9957092 
Hhon_g05067.t1                                                   1.6472085 1.4923812 1.6245218 1.6668665 1.7844404 1.4528411 1.4008412 1.6049215 1.8517466 1.6858718 1.5837000 1.7427028 1.8540551 0.2665574 0.2665574 0.2215982 0.0879090 0.1055578 0.0000000 0.0092015 1.6570843 1.7108315 1.9177957 1.6451267 1.3896414 1.4770760 1.7240852 1.7363564 1.7522482 2.7307551 1.7998143 1.6117436 1.4918264 1.6906785 1.9968947 1.8054785 1.8151160 1.8338048 1.7323458 1.7711164 1.7591706 2.1900503 1.9492325 2.1141207 1.9433759 1.3723916 1.8580597 1.9902033 2.0233166 1.8375226 2.4050551 2.1089841 2.0259692 2.0053001 2.2477653 1.7390763 1.9300422 2.1026456 2.4122901 2.5059098 2.2769151 2.0522529 2.8581173 2.3544438 1.6677033 2.1328663 2.1549011 2.3673951 2.4335244 2.2417593 2.1477194 2.2847174 2.4136826 2.2743976 2.0757031 2.1881116 1.8901818 1.7426677 
HoiH04_mRNA17698                                                 1.6607477 1.5043626 1.6145735 1.6831551 1.7825553 1.4445998 1.4118534 1.6049215 1.8630910 1.7017969 1.5673563 1.7294424 1.8531529 0.2682154 0.2682154 0.2313838 0.0967204 0.1139955 0.0092015 0.0000000 1.6461890 1.7034443 1.9248773 1.6587535 1.3952809 1.4770760 1.7386931 1.7477876 1.7752004 2.7552398 1.8000131 1.5980270 1.5041405 1.6872710 2.0246622 1.8238876 1.8185030 1.8498719 1.7475917 1.7533636 1.7646732 2.1860292 1.9488056 2.1148076 1.9544404 1.3723502 1.8606291 1.9993263 2.0325619 1.8393611 2.4176373 2.1249159 2.0389940 1.9938709 2.2470303 1.7383410 1.9113399 2.1086920 2.4104672 2.5121999 2.2664990 2.0433500 2.8598954 2.3596706 1.7001387 2.1418005 2.1639858 2.3742087 2.4286208 2.2330578 2.1588293 2.2850087 2.4093223 2.2940136 2.0930727 2.1818925 1.8820564 1.7268537 
Hvul_g10568_1                                                    1.6951352 1.6203801 1.5143858 1.5887537 1.7260906 1.5595167 1.4542762 1.8050534 1.8464979 1.9437266 1.6295553 1.9152422 1.8885861 1.8097411 1.8097411 1.6263101 1.6742816 1.6781703 1.6570843 1.6461890 0.0000000 0.9197284 1.7113206 1.6316511 1.4555975 1.3910183 1.6876732 1.5631465 1.5034598 1.6878983 1.4490105 1.4334285 1.5714093 1.6653289 1.6052658 2.1154360 2.1579874 1.7910100 1.8170232 1.6804729 1.7725046 1.7895934 1.5456811 1.4428445 1.9628370 0.7365068 1.9282652 2.0222565 2.0985411 1.8777453 3.1204134 2.0993425 2.3071204 2.4398548 2.2843813 2.5776506 2.0630666 2.6636010 2.4631340 2.2883346 2.1505620 2.2383301 1.9004105 2.2207890 1.1333835 2.1544015 2.1617844 2.3436146 2.4664768 2.1179817 2.2480724 2.1729071 2.3178286 2.0550257 1.9753675 2.2208436 1.5251662 1.1970425 
Chem_TCONS_00032997                                              1.5473676 1.4317117 1.5842022 1.4869413 1.7647312 1.5981160 1.5061253 1.5681193 1.7838997 1.6809389 1.7353015 1.6877207 1.5635533 1.9595139 1.9595139 1.6784576 1.6486168 1.7590043 1.7108315 1.7034443 0.9197284 0.0000000 1.5804872 1.7253304 1.5409578 1.4500002 1.6338050 1.6792162 1.8461540 2.5819795 1.6563491 1.7011794 1.6520540 1.6277127 2.0977029 1.9863288 2.0021763 1.7432784 1.7794133 1.6787671 1.8491311 1.7080556 1.4439833 1.4335056 1.6511277 1.0609595 2.1111704 2.1248631 2.2968008 2.0219594 2.6702196 2.1017787 2.1672128 2.1910076 2.2446724 1.7151632 1.8856918 2.1797381 2.6689777 2.4132365 2.3103643 2.1638376 2.3498763 2.4080486 1.4537468 2.3682723 2.3114789 2.5163981 2.4036421 2.4101275 2.3684741 2.4399304 2.4614566 2.4635541 2.0350696 2.3966231 1.5425227 2.0051875 
Ctel_gnl_WGS_AMQN_CAPTEDRAFT_mRNA149684                          1.6261167 1.2170356 1.3233018 1.4318206 1.4302409 1.3685185 1.2836795 1.4369264 1.6430847 1.6401091 1.6092747 1.6481255 1.4890789 3.2012270 3.2012270 2.0168646 1.5760727 2.0010484 1.9177957 1.9248773 1.7113206 1.5804872 0.0000000 1.6988610 1.3638654 1.5120701 1.7505748 1.7221863 2.0115574 2.8537348 1.6314749 1.9252802 1.4345263 1.5192124 1.8831722 1.7570807 1.9573038 1.5751005 1.5953195 1.5488327 1.6358729 2.0309859 1.7109163 2.0308515 1.7555943 1.2264523 2.0022346 1.7502547 1.7506388 1.9104203 2.2910837 1.9188347 1.9290764 2.0407267 2.0923629 1.5427697 1.8567131 1.8013334 2.5149030 2.3262013 2.1929494 2.1020559 2.9402020 2.0228450 1.6676238 2.6104882 2.5547415 2.7068369 2.5333654 2.6432387 2.5249395 2.5481703 2.6724077 2.5764473 2.2239131 2.5094967 1.7844188 1.6644578 
Emue_Em0008g1028a.t1                                             1.5877037 1.4813623 1.6016756 1.4496550 1.5314808 1.5445029 1.5671908 1.2752863 1.8495501 1.5152177 1.6233138 1.6282224 1.8111354 2.6963483 2.6963483 1.7199051 1.4590581 1.7000806 1.6451267 1.6587535 1.6316511 1.7253304 1.6988610 0.0000000 0.2554065 1.3896425 1.5796567 1.6111699 1.5302155 2.3052579 1.2513564 1.3413183 1.5655120 1.6480249 1.9248997 1.9161778 1.9599913 1.7671132 1.8092905 1.8537751 1.9540443 2.3197775 2.1517005 1.9328159 1.6539270 1.3775903 2.1339343 2.1068159 2.0970519 1.9170776 2.3472082 2.0185112 1.9341904 2.0880561 1.9763132 1.7703967 1.9019325 1.9675797 2.3096887 2.0965491 2.2108949 1.9127646 2.1231513 2.2445536 1.0724195 2.2807826 2.2528402 2.4133195 2.6444019 2.5342521 2.4624715 2.2461268 2.4995664 2.5759267 2.2800976 2.1359458 1.8677729 1.7479036 
Spolac_c96164_g2_i1_m.12644c96164-g1                             1.3367698 1.2119208 1.2311312 1.2922552 1.3430619 1.2373648 1.3440785 1.1737907 1.5439898 1.2923598 1.3007095 1.5037014 1.3631912 1.1626463 1.1626463 1.3648621 1.4712164 1.4193710 1.3896414 1.3952809 1.4555975 1.5409578 1.3638654 0.2554065 0.0000000 1.3492554 1.2949200 1.3106240 1.0853985 1.8736779 1.0883436 1.0301316 1.2393806 1.4768408 1.5752448 1.5593774 1.6527442 1.3607739 1.4219740 1.6316137 1.7024596 2.1560569 1.9354574 1.6740916 1.3896739 1.3225191 1.8185827 1.7396202 1.6315825 1.5548357 2.1129581 1.7764118 1.7256652 1.9387626 1.5897497 1.6901602 1.6660666 1.6722579 1.9113078 1.7782997 1.7690606 1.5759328 1.7186268 1.8422189 0.5913599 1.9930549 1.9671390 1.7876956 2.0799944 2.1486141 2.1464319 2.0677582 2.1949557 2.2819278 2.0816597 1.8395043 1.6809603 1.7340027 
Scil_scict022564.1                                               1.2826763 1.2428637 1.2933823 1.4387988 1.4252662 1.1415425 1.2583361 1.2195958 1.5398237 1.2696650 1.3650534 1.3579693 1.3606577 0.0000010 0.0000010 1.5310404 1.5092726 1.5357663 1.4770760 1.4770760 1.3910183 1.4500002 1.5120701 1.3896425 1.3492554 0.0000000 0.3505552 0.3601534 0.7712464 1.0196255 1.2223627 0.7375093 1.2516010 1.3781082 1.9020447 1.5515238 1.5658270 1.4865745 1.4943372 1.6232766 1.5383085 2.1012786 1.6598405 1.8150272 1.3740062 1.0783985 1.7017914 1.7615419 1.8010080 1.7539535 2.0334220 1.7888563 1.6179441 1.7086209 1.4876269 1.3297846 1.8630581 1.4527488 1.9541564 1.8801165 1.7728376 1.6013568 1.7146257 1.6484831 0.4384763 1.9094319 1.8797588 2.0416800 2.1076145 2.2375365 2.1382486 2.0773656 2.2295226 2.1461201 2.2112242 1.8340259 1.6757542 1.6420268 
Leuniv_Lniv_scaffold19665_01                                     1.4940319 1.3605771 1.5308518 1.5827543 1.7030487 1.4231070 1.4796120 1.2846264 1.7367099 1.5836200 1.5729480 1.6148815 1.5810190 2.5823083 2.5823083 1.7642522 1.5311932 1.8426212 1.7240852 1.7386931 1.6876732 1.6338050 1.7505748 1.5796567 1.2949200 0.3505552 0.0000000 0.4061092 0.9426050 0.6105365 1.3583566 1.2968177 1.4388929 1.6541015 2.0042766 1.8269139 1.8854711 1.6375586 1.6232049 1.8002443 1.8185101 2.4784235 1.9932734 2.0644465 1.7232768 1.1173843 2.0759293 2.0575933 1.8964805 1.9379816 2.1308731 2.0488161 2.0114678 1.8950569 1.9314691 1.7746143 2.0973545 1.9172901 2.4228244 2.2668984 2.1901873 2.1102107 2.3435941 2.3828656 1.4145267 2.3863189 2.3127427 2.4932161 2.6246403 2.5867322 2.5141493 2.2977012 2.4466737 2.4511398 2.2631880 2.2712428 1.7950875 1.5137785 
Gracom_Gcom_C560166_01                                           1.5396257 1.4356097 1.5055172 1.5547926 1.7403543 1.4843874 1.4359728 1.3298877 1.7859501 1.4893882 1.5529482 1.6289882 1.6017346 2.4985668 2.4985668 1.7343616 1.5693993 1.8295048 1.7363564 1.7477876 1.5631465 1.6792162 1.7221863 1.6111699 1.3106240 0.3601534 0.4061092 0.0000000 0.8437964 0.6457020 1.3410860 1.3340527 1.4613155 1.6165530 1.9311184 1.7438388 1.8454670 1.6316643 1.6227126 1.7891343 1.8364792 2.2688967 2.0709486 2.0875899 1.6828591 1.0251471 2.1077746 2.0549777 2.0162512 1.9146037 2.3359048 2.0145706 1.9820444 1.9130767 1.9578172 1.8078017 1.9978412 2.0423698 2.3146601 2.2431643 2.0915799 2.0745133 2.2379549 2.3183637 1.3054409 2.4453534 2.3656737 2.4757969 2.6349107 2.7488353 2.5714549 2.5027595 2.5634563 2.4135834 2.2314245 2.2958668 1.7149758 1.7522489 
Clacor_Ccor_scaffold14163_01                                     1.6941382 1.6597425 1.8659474 1.4789326 1.7858566 1.4896566 1.5285419 1.5990653 1.6592373 1.7531155 1.7104148 1.7062095 2.0437136 2.6596643 2.6596643 1.8605617 1.2135045 1.8653638 1.7522482 1.7752004 1.5034598 1.8461540 2.0115574 1.5302155 1.0853985 0.7712464 0.9426050 0.8437964 0.0000000 0.8568508 1.5742977 1.3880000 1.6125617 1.7762297 1.8198518 2.2420950 2.5745193 1.8386660 1.8390945 1.7860149 1.8684423 2.3392224 2.3206221 2.5743100 2.2939033 3.1005063 2.2186161 2.2601767 2.0693496 2.1798537 3.5617062 2.0499989 2.3555067 8.0995679 2.1693808 7.1611034 2.0652989 6.7611210 2.6755343 2.5676208 2.2217521 2.4428892 2.2578819 2.4694794 1.4250451 2.2280435 2.2119755 2.4571987 2.4354227 2.4294500 2.3826237 2.1530804 2.1780134 2.1994829 1.9741928 2.1259392 1.8942214 9.0000000 
Lcom_lcpid61248                                                  2.3061318 2.1140579 2.2645303 2.2038272 2.6965719 2.1824834 2.4685352 3.7820203 2.7304752 2.3701466 2.6447569 2.3668053 2.5165288 3.0107712 3.0107712 2.6392492 2.9116991 2.8539333 2.7307551 2.7552398 1.6878983 2.5819795 2.8537348 2.3052579 1.8736779 1.0196255 0.6105365 0.6457020 0.8568508 0.0000000 2.1878118 1.2818517 2.3829812 2.3700030 2.4784265 2.9038958 2.9382089 2.4789619 2.4597950 2.2693665 2.4128755 2.8464617 2.9680207 3.0814712 2.7067003 8.7596855 2.9348935 3.0225408 2.9471297 3.0691661 4.7335724 3.0364691 3.0969905 7.2247201 3.4306762 8.9999990 3.0418331 7.1808975 3.1133654 3.2164553 3.1073560 3.2452950 2.3931621 3.5052830 1.3883042 3.3465410 3.3723535 3.1955828 3.2087171 3.3619433 3.2281352 3.3717421 3.1450819 3.0594259 3.2367761 3.1154980 2.7679331 8.9999983 
Opea_EP00118_Oscarella_pearsei_P009052                           1.3236476 1.2592443 1.4722508 1.3618627 1.5747288 1.5725749 1.3385975 1.2870362 1.3931757 1.4700803 1.3401287 1.4192393 1.4649918 3.0671234 3.0671234 1.7871884 1.3889384 1.8336156 1.7998143 1.8000131 1.4490105 1.6563491 1.6314749 1.2513564 1.0883436 1.2223627 1.3583566 1.3410860 1.5742977 2.1878118 0.0000000 0.8430151 1.2448382 1.4978799 1.9265873 1.8078869 1.5480124 1.4827178 1.5070307 1.4951434 1.6121844 1.9896829 1.8524322 2.0254507 1.8458350 1.6715739 1.8082833 1.7581703 1.7153184 1.7287819 2.0642709 1.7469006 1.6644550 1.7518850 1.8545894 1.9277133 1.8260422 2.3827356 2.1439195 2.0089291 1.7786251 1.8167432 1.9216056 1.9427222 1.2962106 2.0959953 2.1011929 2.0914421 2.1845306 2.2149465 2.0407042 1.9544456 2.2600125 2.1482604 1.7062727 2.1834622 1.7680637 1.5765781 
Plajan_Pjan_scaffold8605_01                                      1.2885058 1.1431702 1.6710082 1.5027275 1.7327268 1.7165106 1.3490946 1.0598476 1.6544964 1.5194977 1.2737657 1.2674078 1.5764543 2.4618854 2.4618854 1.5919430 0.8924013 1.6510984 1.6117436 1.5980270 1.4334285 1.7011794 1.9252802 1.3413183 1.0301316 0.7375093 1.2968177 1.3340527 1.3880000 1.2818517 0.8430151 0.0000000 1.2926998 1.2413881 1.3981075 1.7819908 1.7645334 1.5158981 1.4557633 1.4275374 1.6516325 1.7949185 1.9470878 2.1662967 2.2427235 0.0000010 1.4401607 1.5077405 1.4753064 1.5225204 2.7053278 1.5002423 1.6298714 4.0675454 1.9858375 3.5646769 1.5542597 7.7754461 1.9687099 1.8449007 1.9586109 1.9991094 1.4853936 1.7668589 1.1003808 2.2800241 2.3113906 2.5330030 2.5901865 2.5380287 2.1564927 2.0889103 2.1246431 2.0966125 1.8512154 2.1257147 1.9592280 0.0000010 
Exapal_XM_028660145.1                                            1.4530071 1.3503974 1.4540418 1.3601131 1.6454575 1.5167660 1.3116644 1.5101259 1.5857266 1.3664655 1.5345639 1.5410668 1.5186081 2.3537721 2.3537721 1.5161792 1.2390975 1.6117165 1.4918264 1.5041405 1.5714093 1.6520540 1.4345263 1.5655120 1.2393806 1.2516010 1.4388929 1.4613155 1.6125617 2.3829812 1.2448382 1.2926998 0.0000000 0.7685310 1.4912044 1.3441069 1.2590531 1.2004479 1.1319644 1.4300408 1.5286719 1.8108129 1.6718502 1.8483672 1.6943262 1.0527789 2.1173833 1.9924213 2.0407265 1.7737444 2.0579981 1.8435238 1.8747013 1.9997367 1.8477369 1.5065895 1.6564771 1.7439917 2.1834752 2.1053297 2.0447841 1.7468936 2.0300332 2.0964750 1.4728246 2.2572760 2.2286392 2.1844109 2.2723580 2.4840429 2.2566695 2.1607638 2.2999102 2.3968705 2.0794656 1.9943196 1.8013945 1.2620300 
Nvec_v1g166699                                                   1.4024909 1.3266898 1.3688596 1.4330339 1.5510501 1.5433816 1.4360847 1.4929599 1.6607196 1.4296287 1.6112325 1.4908323 1.5124226 2.5485904 2.5485904 1.6344502 1.5314868 1.7752675 1.6906785 1.6872710 1.6653289 1.6277127 1.5192124 1.6480249 1.4768408 1.3781082 1.6541015 1.6165530 1.7762297 2.3700030 1.4978799 1.2413881 0.7685310 0.0000000 1.6335020 1.4032256 1.3085642 1.2800789 1.2625690 1.5926818 1.7095854 1.9462447 1.7108846 1.7939211 1.7833347 1.0507503 1.9995031 1.9899822 1.8987631 1.9256721 2.3199498 1.8993689 1.6556041 2.1200066 1.9292596 1.6402100 1.7586259 1.9247002 2.1568795 2.2419998 1.9301369 1.8369168 2.2585324 2.0651548 1.3326629 2.1176171 2.1181811 2.3302559 2.4755465 2.4004716 2.1791645 2.1398782 2.3002373 2.4561759 1.9397734 2.2200025 1.9808757 1.2189238 
Adig_XM_015896382.1                                              1.6431502 1.7950706 1.8809323 1.8655579 1.9685794 1.9678857 1.8406600 1.8784171 2.1983102 1.6183517 1.8692924 1.9086783 1.9164434 2.3271756 2.3271756 1.9253087 1.8884730 2.0999851 1.9968947 2.0246622 1.6052658 2.0977029 1.8831722 1.9248997 1.5752448 1.9020447 2.0042766 1.9311184 1.8198518 2.4784265 1.9265873 1.3981075 1.4912044 1.6335020 0.0000000 0.2908375 1.0423679 1.0870806 1.0521852 1.7307990 1.8901249 2.7078573 2.1717956 2.3311409 1.9811451 1.9419862 2.6407093 2.2922799 2.2308817 2.2461557 2.6318553 2.2712273 2.2196497 2.8648539 2.2588489 2.4777492 2.1936307 2.5465772 2.9063414 2.6418406 2.4757675 2.3819022 2.4705648 2.5243505 1.3836853 2.7349117 2.7546157 2.5573960 2.6692485 2.8009353 2.6200688 2.7146565 2.6535331 2.5790710 2.7123294 2.8685709 2.3758467 2.3263634 
Amil_Amillepora19648-RA                                          1.6081754 1.5998491 1.7471950 1.7306529 2.0123403 1.7692609 1.6322331 1.4337896 2.1283336 1.7104694 1.8702241 1.8890705 1.7743210 2.4138224 2.4138224 1.7956896 1.6628082 1.9918066 1.8054785 1.8238876 2.1154360 1.9863288 1.7570807 1.9161778 1.5593774 1.5515238 1.8269139 1.7438388 2.2420950 2.9038958 1.8078869 1.7819908 1.3441069 1.4032256 0.2908375 0.0000000 0.7191057 0.9540424 0.9382214 1.8286615 1.9321955 2.6083165 2.0459547 2.0478764 1.8139885 1.1495534 2.4719916 2.1016763 2.0100762 2.0782498 2.1575137 2.2347938 2.0484275 2.1638386 2.1195800 1.6988710 2.0295642 1.7871190 2.6343464 2.5241546 2.3896066 2.3365695 2.8503819 2.5647716 1.9243234 2.5955422 2.6004769 2.7788842 2.7611537 2.6447905 2.5213702 2.6444018 2.6614005 2.7159078 2.5275957 2.7086699 2.1791245 1.1687744 
Gfas_gfas1.m1.16078.m1                                           1.5645448 1.6588565 1.7186224 1.6959575 2.0222949 1.7886251 1.6546042 1.4850276 2.1647218 1.8197965 1.8468567 1.7997701 1.7974000 2.3501859 2.3501859 1.7975324 1.6321440 1.9838662 1.8151160 1.8185030 2.1579874 2.0021763 1.9573038 1.9599913 1.6527442 1.5658270 1.8854711 1.8454670 2.5745193 2.9382089 1.5480124 1.7645334 1.2590531 1.3085642 1.0423679 0.7191057 0.0000000 0.7232706 0.6986461 1.8632699 1.9523793 2.6271795 2.1860194 2.1318035 1.9930262 1.0662206 2.4868752 2.1530589 2.1276308 2.2588606 2.1146270 2.3591995 1.7401740 2.0801555 2.0180281 1.4796712 1.8516798 1.9054887 2.7057178 2.8256306 2.4235951 2.3079127 2.8107241 2.4900930 1.7095938 2.4315290 2.4085421 2.6200513 2.8094189 2.8252321 2.6148669 2.4776289 2.4924745 2.6354930 2.4275560 2.5322645 2.1741377 1.1734659 
Spis_XP_022794123_1                                              1.5484711 1.5218247 1.5726494 1.6661454 1.6175913 1.5775909 1.5111013 1.3317681 1.9883729 1.4980571 1.6097150 1.6340247 1.6272463 3.1546986 3.1546986 1.7067348 1.5741220 1.9659411 1.8338048 1.8498719 1.7910100 1.7432784 1.5751005 1.7671132 1.3607739 1.4865745 1.6375586 1.6316643 1.8386660 2.4789619 1.4827178 1.5158981 1.2004479 1.2800789 1.0870806 0.9540424 0.7232706 0.0000000 0.1235983 1.7020575 1.7653563 2.1471850 1.9362425 2.0716433 1.6848794 0.9303550 2.3944556 2.1652252 2.1399982 2.1809596 2.3576243 2.2203150 1.8509630 2.1301988 2.0564639 1.6086145 1.8845737 1.8700419 2.7320636 2.4389620 2.2942568 2.1389827 2.6019404 2.4221205 1.3069334 2.3786410 2.3539557 2.6568093 2.7500282 2.7645424 2.6413414 2.5953844 2.8002263 2.6125082 2.4480656 2.5577744 1.9071650 0.8825863 
Pocdam_XM_027202420.1                                            1.5003570 1.4847541 1.5087651 1.6433660 1.6833391 1.6168901 1.5226930 1.3824953 2.0258841 1.4997973 1.6424747 1.6210366 1.6241962 2.9579822 2.9579822 1.6502278 1.5168120 1.8550818 1.7323458 1.7475917 1.8170232 1.7794133 1.5953195 1.8092905 1.4219740 1.4943372 1.6232049 1.6227126 1.8390945 2.4597950 1.5070307 1.4557633 1.1319644 1.2625690 1.0521852 0.9382214 0.6986461 0.1235983 0.0000000 1.6652809 1.7543102 2.0253110 1.8989904 2.0492921 1.7815700 0.9510994 2.3315498 2.0883287 2.1011241 2.0931212 2.3449464 2.1769173 1.8108373 2.0595441 2.0368759 1.5663546 1.8346361 1.8274404 2.4678227 2.2859580 2.2288770 2.1017303 2.3296134 2.3455063 1.1984582 2.2836306 2.2779099 2.5390586 2.5962009 2.6161287 2.5174188 2.5130144 2.6046741 2.5477824 2.4146580 2.5030969 1.9337491 0.8853443 
Dgig_XM_028542465.1                                              1.4670169 1.5522807 1.5295480 1.4486301 1.6343271 1.7445381 1.4950810 1.3710192 1.9682116 1.4769291 1.5807928 1.6193665 1.6267754 3.2660240 3.2660240 1.7923885 1.5181621 1.8821291 1.7711164 1.7533636 1.6804729 1.6787671 1.5488327 1.8537751 1.6316137 1.6232766 1.8002443 1.7891343 1.7860149 2.2693665 1.4951434 1.4275374 1.4300408 1.5926818 1.7307990 1.8286615 1.8632699 1.7020575 1.6652809 0.0000000 0.6401833 2.3403958 2.0113364 1.9753591 1.7915141 1.1548145 2.3681382 2.0336627 2.0517390 2.2892987 2.6002324 2.1372832 2.0307738 2.0573357 2.0893871 1.6045975 1.9979838 2.0773741 2.4589016 2.4892657 2.3578186 2.1993276 2.3832734 2.5022459 1.3744195 2.6020618 2.5696206 2.5975843 2.7242140 2.6853845 2.6358806 2.7575627 2.8562262 2.7811444 2.5577360 2.7322617 1.8685207 1.8694635 
Xesp_003331-T1                                                   1.7014065 1.8113860 1.5491065 1.8635834 1.5542729 1.7256732 1.6811149 1.3757093 2.0720303 1.6779613 1.8242508 1.8934709 1.6646237 3.4942044 3.4942044 1.7518477 1.4550124 1.8521508 1.7591706 1.7646732 1.7725046 1.8491311 1.6358729 1.9540443 1.7024596 1.5383085 1.8185101 1.8364792 1.8684423 2.4128755 1.6121844 1.6516325 1.5286719 1.7095854 1.8901249 1.9321955 1.9523793 1.7653563 1.7543102 0.6401833 0.0000000 2.6429683 2.2312573 2.0401522 1.7867191 1.3624127 2.3127731 2.1715468 2.1930949 2.3106759 2.6569198 2.1419581 2.3148199 2.2893352 2.2559340 1.6222759 2.0290020 1.9904422 2.4647221 2.4303670 2.3073799 2.1176945 2.4506786 2.5555196 1.7107419 2.6062188 2.5778802 2.8307464 2.7671102 2.7648001 2.7375654 2.5808780 2.6750617 2.6923836 2.4930214 2.8027259 2.0305215 1.7796211 
Nemnom_g19872.t1                                                 2.0867013 2.1235270 1.9400046 1.8964117 2.0592003 2.0306402 1.9827898 2.3342165 2.3818921 2.0377697 2.0641766 2.3163331 2.2541930 2.5413424 2.5413424 2.3499450 2.3176241 2.3740402 2.1900503 2.1860292 1.7895934 1.7080556 2.0309859 2.3197775 2.1560569 2.1012786 2.4784235 2.2688967 2.3392224 2.8464617 1.9896829 1.7949185 1.8108129 1.9462447 2.7078573 2.6083165 2.6271795 2.1471850 2.0253110 2.3403958 2.6429683 0.0000000 0.4576240 1.1130960 2.0160725 0.6028640 2.8370957 2.8689985 3.1383912 2.6598218 3.4759513 2.6275651 2.6492887 3.1229061 2.8408923 2.3769086 2.4138084 2.8588007 2.7351791 2.7241145 2.6605864 2.3025557 2.5943136 3.0292995 1.6422734 3.0835788 3.1370198 3.2162997 3.0690759 3.1554292 3.1404283 2.4899955 2.8826122 2.8130407 2.6034510 3.1541682 1.9167855 1.9985394 
Rhoesc_Res_009363-T1                                             1.8125269 1.7915017 1.7113749 1.8761601 1.7726219 1.6861590 1.7548491 1.9981713 2.2651764 1.8177050 1.9203975 2.1812112 2.1002581 2.2653642 2.2653642 2.1600464 1.9144852 2.1205698 1.9492325 1.9488056 1.5456811 1.4439833 1.7109163 2.1517005 1.9354574 1.6598405 1.9932734 2.0709486 2.3206221 2.9680207 1.8524322 1.9470878 1.6718502 1.7108846 2.1717956 2.0459547 2.1860194 1.9362425 1.8989904 2.0113364 2.2312573 0.4576240 0.0000000 0.9801406 1.8517852 0.5225588 2.4401152 2.4824603 2.5896533 2.4002617 2.7263509 2.2975437 2.4407561 2.3815327 2.4581668 2.0247240 2.0830139 2.0702395 2.5588372 2.4857718 2.4444069 2.1211374 2.7398176 2.9491617 1.7280716 2.6639847 2.6419484 2.5901621 2.7168154 2.7372022 2.8122364 2.3637733 2.5402953 2.5962808 2.4041906 2.8440915 1.8426922 1.7532050 
Sanmal_Sma_014099-T1                                             1.7426976 1.8056978 1.8031579 1.9776940 2.0655359 1.9199209 1.7658037 1.8147762 2.1230577 2.0124602 1.8739925 2.0354738 2.0135957 2.4337763 2.4337763 2.1486310 2.1067679 2.2243059 2.1141207 2.1148076 1.4428445 1.4335056 2.0308515 1.9328159 1.6740916 1.8150272 2.0644465 2.0875899 2.5743100 3.0814712 2.0254507 2.1662967 1.8483672 1.7939211 2.3311409 2.0478764 2.1318035 2.0716433 2.0492921 1.9753591 2.0401522 1.1130960 0.9801406 0.0000000 1.9391314 0.5816966 2.1277539 2.3410744 2.1942147 2.1884011 2.5724694 2.1208063 2.2916855 2.2879467 2.2977929 2.1269176 2.1581922 2.4948398 2.7257845 2.6845450 2.5827731 2.2457644 2.9493108 2.7666470 1.8597951 2.5587691 2.4831863 2.6627726 2.6960640 2.7156607 2.5433360 2.3421210 2.4066991 2.6663415 2.4339724 2.5919008 2.0221330 2.2270706 
Cscu_XM_023382945.1                                              1.5777229 1.4106650 1.5933167 1.5554602 1.4169165 1.4267294 1.3810447 1.3268370 1.6917288 1.9333640 1.7387657 1.7751680 1.7630788 2.9977623 2.9977623 1.8382240 1.6917231 2.0444081 1.9433759 1.9544404 1.9628370 1.6511277 1.7555943 1.6539270 1.3896739 1.3740062 1.7232768 1.6828591 2.2939033 2.7067003 1.8458350 2.2427235 1.6943262 1.7833347 1.9811451 1.8139885 1.9930262 1.6848794 1.7815700 1.7915141 1.7867191 2.0160725 1.8517852 1.9391314 0.0000000 1.1685526 2.2910201 2.1751259 2.1808181 1.9383445 2.3745052 2.1999139 2.1126920 2.1055292 2.3005555 2.1208863 1.9237018 2.2650872 2.2504894 2.1746450 2.0987795 1.9753014 2.9550529 2.4102957 1.8142677 2.5800811 2.5681153 2.6706742 2.6935955 2.6893859 2.6430183 2.5627367 2.4603264 2.5800963 2.3302386 2.4121046 1.4497230 2.2304989 
Aaur_scaffold588.g1.t2                                           1.1242674 1.1287616 1.2793116 1.0742885 1.2762407 1.3024881 1.0058842 1.2140222 1.1734001 1.3301498 1.2229610 1.1977850 1.3413409 0.0000010 0.0000010 1.2909069 1.3545763 1.4232454 1.3723916 1.3723502 0.7365068 1.0609595 1.2264523 1.3775903 1.3225191 1.0783985 1.1173843 1.0251471 3.1005063 8.7596855 1.6715739 0.0000010 1.0527789 1.0507503 1.9419862 1.1495534 1.0662206 0.9303550 0.9510994 1.1548145 1.3624127 0.6028640 0.5225588 0.5816966 1.1685526 0.0000000 1.6531195 1.7659672 1.6484167 1.5013276 1.5457491 1.5726915 1.3232200 1.4188158 1.2543581 1.3039069 1.2512269 1.1335456 1.4229071 1.4540542 1.7701416 1.2945863 3.1018841 1.5025195 0.0000010 1.7345556 1.6908779 1.0140526 1.6427731 1.9829055 1.9003453 1.7603008 1.6024882 1.8884354 1.7215158 1.6343618 0.9247445 1.8445819 
Mbre_EDQ84408                                                    2.0186163 1.8848208 2.2171388 2.1980777 2.0459915 1.9756609 1.7928856 1.8959920 2.1845308 1.9130424 2.0245511 2.1569510 2.0923172 3.2769075 3.2769075 1.9725610 1.6236010 1.9328623 1.8580597 1.8606291 1.9282652 2.1111704 2.0022346 2.1339343 1.8185827 1.7017914 2.0759293 2.1077746 2.2186161 2.9348935 1.8082833 1.4401607 2.1173833 1.9995031 2.6407093 2.4719916 2.4868752 2.3944556 2.3315498 2.3681382 2.3127731 2.8370957 2.4401152 2.1277539 2.2910201 1.6531195 0.0000000 0.7636408 0.7492857 1.0289060 1.4123900 1.0959089 1.3873995 1.6956048 1.4238506 1.6292748 1.5485002 1.8747213 1.9351920 1.9198226 1.8644503 1.5354668 1.8544095 1.5957666 1.7480570 2.4194964 2.4259383 2.4057401 2.4737171 2.5227360 2.4118349 2.4513121 2.5408923 2.4686207 2.2905717 2.4731347 2.3249724 2.1153465 
