77
Hsap_ENST00000279281                                 0.0000000 0.6836678 0.6909154 0.7933367 0.7470577 0.7945985 0.8839531 0.9595493 0.8058690 0.8902284 0.8357095 0.8782487 0.8626278 0.9055140 0.8153591 0.9602513 1.0193277 1.5238180 1.5517532 1.5883204 1.3508512 0.4685893 1.8551530 1.4956610 0.9022108 1.0293717 1.2288833 1.1286607 1.1170961 1.1135747 1.1398817 1.3091835 1.1731757 1.1990228 1.2103166 1.2452766 1.2226355 1.5297805 0.8388629 0.8388629 1.4571882 0.9335842 1.6002598 1.5669370 1.5244760 1.5358034 1.2287863 1.6353825 1.3475829 1.1999670 1.1821727 1.1786263 1.2168682 1.2239420 1.1932172 1.0849828 1.5160341 1.7128187 3.2380052 2.1449048 3.3347185 4.2040467 2.7871475 2.6373238 2.6657438 2.6115944 3.6657885 2.9391057 2.7517457 2.8690896 2.6644419 3.2826291 2.7575943 3.6666106 2.7173508 3.5328701 2.5131254 
Bralan_BLAG03001285_1                                0.6836678 0.0000000 0.4109328 0.5193164 0.5021312 0.5211784 0.6208396 0.6411726 0.5102912 0.5546749 0.5784825 0.6151299 0.5979425 0.6292891 0.5746132 0.7217370 0.7869225 1.3676978 1.3480982 1.4135329 1.1633850 0.4449247 1.6803114 1.2755304 0.6114634 0.9230056 1.0941366 0.8928803 0.8872762 0.9166946 0.8544283 1.0034176 0.9935229 1.0101810 1.0220148 1.0721025 0.8904203 1.2735181 0.8009844 0.8009844 1.2559166 0.8518140 1.3194382 1.2672288 1.2924345 1.3372504 1.0347130 1.3983336 1.0061006 0.9460477 0.9460856 0.9313780 0.9635857 0.9711940 0.9390447 0.9337639 1.2580467 1.4836890 3.3407194 2.1190314 2.9295116 3.8597151 2.9183507 2.7387040 2.5482220 2.4180230 3.5013165 2.7554543 2.5207317 3.1155971 2.4467351 3.4814703 2.5316658 3.4324697 2.6541414 3.3563887 2.4695169 
Skow_XM_002732579.1                                  0.6909154 0.4109328 0.0000000 0.5600658 0.4783583 0.4263492 0.7221651 0.7477293 0.5339585 0.0000010 0.5681083 0.6146482 0.5962156 0.6339786 0.6720293 0.7429154 0.8198549 1.4484579 1.4036285 1.6063470 1.2243475 0.4858108 1.8084524 1.3973882 0.6271131 0.9690355 1.1489008 0.9444005 0.9243263 0.9149752 0.9069008 0.9080383 1.1169967 1.1662763 1.1426956 1.2529032 0.6757027 1.1519105 0.8919139 0.8919139 1.2018989 0.7963253 1.2115904 1.2095709 1.2627076 1.1617656 1.3443255 1.4339370 1.1212598 0.9891789 0.9474537 0.9250084 0.9653016 0.9653016 0.9339299 0.9854393 1.3692726 1.7060311 4.8771800 0.0000010 4.7935203 5.0962252 3.6500991 3.4205414 3.1991831 3.1344599 5.4424479 3.7816810 3.6130211 4.1100095 3.0715702 4.1658737 3.2012872 4.1807151 3.0153295 3.6573859 0.9307124 
Cscu_XM_023369005.1                                  0.7933367 0.5193164 0.5600658 0.0000000 0.4922072 0.4508457 0.7028786 0.7243074 0.6007435 0.7329403 0.6377248 0.6217969 0.6346356 0.6618733 0.6180151 0.7574888 0.8322593 1.3226232 1.3653094 1.3787398 1.1947945 0.5380248 1.5751325 1.3964166 0.7050665 0.9703879 0.8911326 0.9114047 0.8825575 0.9485076 0.9440732 1.0872879 1.0505394 1.0544566 0.9873692 1.0400980 0.7500491 1.3460299 0.9574265 0.9574265 1.2992928 0.9601318 1.3679894 1.3696056 1.3619502 1.3507299 1.2670294 1.4354987 1.0635533 0.9183014 0.8883525 0.8798381 0.9100279 0.9100279 0.8970184 0.7629513 1.4189280 1.3250421 3.3343448 1.6985522 3.3535145 4.0521642 2.9043360 2.7631877 2.6591809 2.5445477 3.2973625 2.6934743 2.6155117 2.8130635 2.2754894 3.2973183 2.5289913 3.5071513 2.8916879 3.3618411 2.0810309 
Ctel_gnl_WGS_AMQN_CAPTEDRAFT_mRNA169961              0.7470577 0.5021312 0.4783583 0.4922072 0.0000000 0.3736320 0.6741956 0.7245388 0.6016778 0.7645101 0.6582570 0.6687187 0.6751782 0.6578239 0.5918745 0.7364244 0.8083687 1.3184769 1.3020569 1.3581351 1.2102497 0.5014509 1.6622762 1.3445043 0.6992510 0.9504035 0.9155517 0.8514723 0.8273317 0.8509208 0.8870530 1.0765103 0.9863963 0.9853395 0.9937260 1.0416481 0.6534150 1.3072256 0.8068199 0.8068199 1.2601348 0.8537593 1.3143167 1.2585343 1.2673052 1.3172302 1.0498964 1.3559228 1.0515114 0.9608323 0.9362544 0.9306446 0.9548572 0.9548572 0.9450230 0.9090666 1.2616976 1.5001977 3.0795475 1.8025802 2.9923642 3.7905545 2.9129605 2.8074917 2.7048586 2.5986756 3.3629218 2.8092570 2.7352209 2.8864747 2.4198483 3.2202828 2.6609492 3.4450560 2.6215150 3.4964015 2.3422190 
Acagra_model.g2004.t1                                0.7945985 0.5211784 0.4263492 0.4508457 0.3736320 0.0000000 0.7016133 0.7258092 0.5917377 0.6387115 0.6443626 0.6978720 0.6766776 0.6928792 0.5919805 0.7557684 0.8150485 1.2924683 1.3529734 1.4061791 1.2252930 0.4191629 1.6757276 1.3168487 0.6654602 0.9445779 0.9953945 0.8879643 0.8616215 0.8946883 0.9077817 1.1302129 0.9761418 1.0284543 1.0218974 1.0844468 0.5599071 1.2907903 0.7377692 0.7377692 1.2481756 0.7857063 1.3438606 1.3001242 1.2859760 1.2986197 1.0299435 1.3953934 1.0494827 0.9790233 0.9400703 0.9311753 0.9290524 0.9327188 0.9232973 0.8583352 1.2834299 1.5667601 3.2962549 1.9326601 2.8810431 3.6457391 2.9026560 2.7855030 2.6221813 2.4878982 3.4335678 2.8435490 2.6070162 3.0850648 2.2980803 3.2972624 2.5621841 3.6094626 2.7046525 3.5261092 2.5178821 
Exapal_XM_021052805.2                                0.8839531 0.6208396 0.7221651 0.7028786 0.6741956 0.7016133 0.0000000 0.3708222 0.2570799 0.2138782 0.3056781 0.3203747 0.3206122 0.3077354 0.2595287 0.5498557 0.5965511 1.3929762 1.4484488 1.4635816 1.2862115 0.3890562 1.7434525 1.3353039 0.7472367 0.9416017 0.9313177 0.7904027 0.7581171 0.7499507 0.7810085 0.9828611 1.0619283 1.0258822 1.0596371 1.0515416 1.1587481 1.4030898 0.9713464 0.9713464 1.3462293 0.8684527 1.5017517 1.4598356 1.4576511 1.5135453 1.1774211 1.4967937 1.1467609 0.9897417 1.0024598 0.9906085 1.0242598 1.0268533 1.0029224 0.9984209 1.4604470 1.5706028 3.3538169 2.0166422 3.1632771 3.8218841 3.1074083 2.9507167 2.8943780 2.7927021 3.5923313 2.9957426 2.7958967 3.3064148 2.7146300 3.4641719 2.6949521 3.6244447 2.8805756 3.6887864 2.4757896 
Adig_XM_015915216.1                                  0.9595493 0.6411726 0.7477293 0.7243074 0.7245388 0.7258092 0.3708222 0.0000000 0.0513144 0.0999332 0.1575871 0.1893577 0.1939382 0.1615351 0.3730044 0.5842373 0.6602551 1.4619468 1.4647175 1.4974349 1.3091945 0.4205757 1.8331758 1.3714498 0.7631214 1.0062400 0.8488106 0.8293500 0.7695891 0.8545725 0.8710402 0.9824438 1.0945859 1.0804360 1.0968533 1.1553240 1.1011871 1.4102970 0.9704620 0.9704620 1.3765676 0.8665363 1.4692661 1.4445675 1.4342449 1.4918675 1.2517342 1.5185953 1.1718226 1.0576957 1.0700389 1.0577388 1.0795245 1.0867441 1.0625773 1.0278676 1.4242437 1.6685965 3.3346816 2.1325755 3.3158354 4.0732318 3.1679658 3.0834066 2.8781459 2.7975420 3.6678826 2.9701602 2.7964338 3.0485081 2.7284771 3.6714047 2.7653518 3.7746844 3.0042892 3.9210093 2.5645297 
Amil_Amillepora05725-RA                              0.8058690 0.5102912 0.5339585 0.6007435 0.6016778 0.5917377 0.2570799 0.0513144 0.0000000 0.1058609 0.0871205 0.1071030 0.1027011 0.0782457 0.2539643 0.4418993 0.5200135 1.2989058 1.2892228 1.3502457 1.1953539 0.4762879 1.5298504 1.2743599 0.6504394 0.8732705 0.7227488 0.6975546 0.6243650 0.6736547 0.6986950 0.8715920 0.9668841 0.9654011 0.9031255 0.9447095 1.0240176 1.2298246 0.7844424 0.7844424 1.1943854 0.7205715 1.3195654 1.3052094 1.2625717 1.3055553 1.0913865 1.3701075 0.8605606 0.8828041 0.8844751 0.8666160 0.8871926 0.8945100 0.8880312 0.9248958 1.2189966 1.3849808 3.0807472 1.9231744 2.9268100 3.5906233 2.8172615 2.7355036 2.6801807 2.6203691 3.3409769 2.6154231 2.5317387 2.7393505 2.5400860 3.3238658 2.5061232 3.4877852 2.7867388 4.0487101 2.4858635 
Fspp_ffun1.m4.15405.m1                               0.8902284 0.5546749 0.0000010 0.7329403 0.7645101 0.6387115 0.2138782 0.0999332 0.1058609 0.0000000 0.0588444 0.1069023 0.0930137 0.0988476 0.1731035 0.3757480 0.5069554 1.4483995 1.4999199 1.5648309 1.5088511 0.0000010 1.6154138 1.1262214 0.6497897 0.9160985 0.5320893 0.7870837 0.5885136 0.7231908 0.8359765 1.0164944 0.9859251 1.0442785 1.4228840 1.8616238 0.9839549 1.3703653 1.5148220 1.5148220 1.1987709 2.0464297 1.6086088 1.5229542 1.2811777 1.3573892 2.0464297 1.2793429 0.7374498 0.8721499 0.8487170 0.8375003 0.8543077 0.8543077 0.8280798 1.1406692 1.3217159 1.2170348 1.5389457 1.4816778 1.4616985 1.4476356 1.7651793 1.7747213 1.7036370 1.5074384 1.6120522 1.4306638 1.4668148 1.7861621 1.4787662 1.9526853 1.4739879 2.1744709 3.7697915 4.3192966 2.0614962 
Gasp_gasp1.m3.27925.m1                               0.8357095 0.5784825 0.5681083 0.6377248 0.6582570 0.6443626 0.3056781 0.1575871 0.0871205 0.0588444 0.0000000 0.1028952 0.1015132 0.1013247 0.3313134 0.5143875 0.5839587 1.3582705 1.3767080 1.4316883 1.2338031 0.3881789 1.6309111 1.2246973 0.7245955 0.9056784 0.8705579 0.7780111 0.7236235 0.7310060 0.7750946 0.8990063 1.0569592 1.0443440 1.0450305 1.0695033 1.0470748 1.2672488 0.7960683 0.7960683 1.2294938 0.7477749 1.3254583 1.3172167 1.3258629 1.3381697 1.0785019 1.3542325 1.0721582 0.9872909 0.9997102 0.9941350 1.0062074 1.0076402 0.9726924 1.0120096 1.3555626 1.5578524 3.2856972 2.1642824 3.1921803 3.7705340 3.0688675 2.9399788 2.7671587 2.7891486 3.5127739 2.8310290 2.7135591 3.0688116 2.6337414 3.7148875 2.7270595 3.4898005 2.7487937 3.7816198 2.2962399 
Spis_XP_022781580_1                                  0.8782487 0.6151299 0.6146482 0.6217969 0.6687187 0.6978720 0.3203747 0.1893577 0.1071030 0.1069023 0.1028952 0.0000000 0.0472811 0.1254579 0.3361634 0.5342379 0.6170127 1.3943890 1.4130636 1.4211928 1.2794273 0.4053556 1.7455915 1.3225030 0.7551800 0.9403798 0.8588103 0.7842176 0.7117999 0.7611663 0.7942448 0.9566207 1.0782794 1.0619889 1.0269104 1.0614124 1.1056205 1.3045096 0.8213314 0.8213314 1.2731437 0.7600015 1.3924308 1.3865142 1.3837490 1.4108482 1.1066650 1.4508473 1.1297761 1.0376558 1.0486244 1.0299853 1.0490297 1.0579977 1.0148119 1.0133140 1.3805018 1.5677313 3.4078676 2.3539344 3.2128172 3.8394135 3.0707073 2.9549955 2.8850318 2.6820393 3.5443520 2.9115263 2.8387798 3.0766587 2.6583729 3.7069747 2.7444515 3.7717901 2.7331771 3.7596180 2.3996389 
Pocdam_XM_027197284.1                                0.8626278 0.5979425 0.5962156 0.6346356 0.6751782 0.6766776 0.3206122 0.1939382 0.1027011 0.0930137 0.1015132 0.0472811 0.0000000 0.1232930 0.3390705 0.5517671 0.6061859 1.3788073 1.4031104 1.3982921 1.2716751 0.4088646 1.6805394 1.3047542 0.7394891 0.9263849 0.8856746 0.7831512 0.7165798 0.7518453 0.7728640 0.9347733 1.0637944 1.0633139 1.0202942 1.0446113 1.0929531 1.2737545 0.8085830 0.8085830 1.2467112 0.7467905 1.3690799 1.3632473 1.3557719 1.3768215 1.0808496 1.4278643 1.1218940 1.0173623 1.0116223 1.0002434 1.0303311 1.0397267 0.9935871 0.9983962 1.3819239 1.5842380 3.3838488 2.3052032 3.1977564 3.8443057 3.0393417 2.9077681 2.8920416 2.7516409 3.5920353 2.8969267 2.7988939 3.1134148 2.6587644 3.7197131 2.7920666 3.7543576 2.7558336 3.7675705 2.5191785 
Gfas_gfas1.m1.13835.m1                               0.9055140 0.6292891 0.6339786 0.6618733 0.6578239 0.6928792 0.3077354 0.1615351 0.0782457 0.0988476 0.1013247 0.1254579 0.1232930 0.0000000 0.3296099 0.5448604 0.6071661 1.4085521 1.4302905 1.4479805 1.2914398 0.4003749 1.7196515 1.2185209 0.7805216 0.9558789 0.8534083 0.8249666 0.7660756 0.7732107 0.8306915 0.9465430 1.0507598 1.0385459 1.0343529 1.0679499 1.0768454 1.3138910 0.8237480 0.8237480 1.2572555 0.7414730 1.4265037 1.4068315 1.4059857 1.4231114 1.1078254 1.4474139 1.0737976 1.0298781 1.0757548 1.0605100 1.0655401 1.0737942 1.0526189 1.0215557 1.3362285 1.6814372 3.3751176 2.1259451 3.2937681 3.8769216 3.0674054 2.9788865 2.8964584 2.7907155 3.4741250 2.8775428 2.8545496 3.1425879 2.7395935 3.6220690 2.6925045 3.6957842 2.9109217 3.9548313 2.5249775 
Nvec_v1g123181                                       0.8153591 0.5746132 0.6720293 0.6180151 0.5918745 0.5919805 0.2595287 0.3730044 0.2539643 0.1731035 0.3313134 0.3361634 0.3390705 0.3296099 0.0000000 0.5545348 0.6205595 1.3457103 1.3814677 1.3698898 1.1806030 0.4459098 1.6601390 1.2556862 0.7041006 0.8792212 0.9774869 0.7949962 0.7849441 0.7956887 0.7517114 0.8727517 1.0138183 0.9861174 1.0374574 1.0171689 0.9277044 1.2701142 0.9033497 0.9033497 1.3055021 0.8470854 1.3133023 1.3037380 1.3201555 1.3875825 1.1741521 1.3980430 1.1129626 0.9883413 0.9648031 0.9567751 0.9890930 0.9897561 0.9920324 0.9593600 1.3400191 1.5151353 3.5657903 2.0849181 3.2975958 3.9032696 3.1300329 3.0561336 2.8664590 2.8589709 3.8578585 3.0218659 2.8155599 3.4003866 2.6631275 3.3360155 2.5714182 3.7671520 2.5375582 3.3986412 1.7753211 
Dgig_XM_028547411.1                                  0.9602513 0.7217370 0.7429154 0.7574888 0.7364244 0.7557684 0.5498557 0.5842373 0.4418993 0.3757480 0.5143875 0.5342379 0.5517671 0.5448604 0.5545348 0.0000000 0.2686900 1.3868898 1.4418938 1.4948977 1.2761653 0.4967810 1.7393338 1.3561074 0.8835263 1.0405575 0.9447199 0.8264156 0.8086637 0.8517870 0.8572350 0.9810635 1.0943674 1.0992616 1.1102362 1.1046366 1.1582110 1.4252469 0.9474199 0.9474199 1.3524693 0.8983880 1.4292138 1.4197121 1.3961600 1.4770744 1.1951650 1.4726610 1.1681474 1.0967708 1.0965062 1.0765883 1.0818434 1.0930891 1.0657156 1.0581024 1.4121326 1.5813725 3.4557526 2.3421283 3.3680387 4.0349079 2.9851392 2.9873648 2.8626566 2.7572763 3.7093931 2.8993410 2.8707397 3.0314181 2.6323239 3.7674760 2.7486563 3.8791092 3.0248423 3.9313009 2.3614028 
Xesp_013770-T1                                       1.0193277 0.7869225 0.8198549 0.8322593 0.8083687 0.8150485 0.5965511 0.6602551 0.5200135 0.5069554 0.5839587 0.6170127 0.6061859 0.6071661 0.6205595 0.2686900 0.0000000 1.3529280 1.4292366 1.4524723 1.2304360 0.5301685 1.7227659 1.3462711 0.9118011 1.0483731 1.0701014 0.8488933 0.8299003 0.8985041 0.9117789 1.0536518 1.1144780 1.1312716 1.1068806 1.0580356 1.2792927 1.4227151 1.0016360 1.0016360 1.3806871 0.9281336 1.5120103 1.4824586 1.4692508 1.5177545 1.2354081 1.5134223 1.3016098 1.2095845 1.2271021 1.2036500 1.2173173 1.2225223 1.2131447 1.1088561 1.5570362 1.5913147 3.4576972 2.3817455 3.3028979 4.1393042 2.8230367 2.8422267 2.7478562 2.5924034 3.5747438 2.9847793 2.8484953 3.1487794 2.6958619 3.6803436 2.7651079 3.8140442 2.9825190 3.9366060 2.6269378 
Aque_Aqu2.1.38112_001                                1.5238180 1.3676978 1.4484579 1.3226232 1.3184769 1.2924683 1.3929762 1.4619468 1.2989058 1.4483995 1.3582705 1.3943890 1.3788073 1.4085521 1.3457103 1.3868898 1.3529280 0.0000000 0.2538476 0.9214855 0.7538447 0.2781903 1.2025482 1.1715429 1.5086372 1.4340286 1.7280347 1.4881975 1.4957832 1.5864305 1.4948575 1.6207850 1.4494836 1.4525807 1.3848780 1.5021544 2.2242334 1.8806020 1.0592457 1.0592457 1.8468276 0.9875323 1.9173983 1.8815295 1.8660275 1.8573850 1.3421360 1.9253365 1.8208793 1.5879197 1.5913910 1.5764499 1.5780429 1.5871347 1.5982244 1.6725857 1.8978609 1.9888803 3.5081035 2.4078004 3.3928057 4.1268406 2.9109204 2.7161930 2.8932198 2.8651537 3.7807483 3.0473927 3.1040805 3.3323072 3.1356274 3.9352236 3.1461393 3.8755085 2.8239278 4.1711729 2.9346511 
Halamb_c47461_g1_i1m.22369                           1.5517532 1.3480982 1.4036285 1.3653094 1.3020569 1.3529734 1.4484488 1.4647175 1.2892228 1.4999199 1.3767080 1.4130636 1.4031104 1.4302905 1.3814677 1.4418938 1.4292366 0.2538476 0.0000000 0.9050820 0.7393807 0.2640237 1.1777247 1.2006882 1.5360045 1.4167891 1.8120533 1.5653991 1.5719221 1.6167563 1.5279647 1.6780107 1.4899222 1.5054314 1.3997346 1.5237564 2.3425664 1.9032859 1.0208636 1.0208636 1.8130528 0.9525634 1.9040976 1.8937768 1.7854228 1.7657297 1.3187889 1.9506414 1.7827463 1.6134762 1.6248589 1.6168959 1.6018790 1.6049952 1.6214451 1.5830380 1.8426658 1.9988372 3.5893930 2.5043295 3.4345109 4.1357201 3.0283938 2.8968302 2.8942724 2.9815658 3.8895526 3.1392244 3.1766164 3.5070019 3.0493908 3.9389148 3.1192326 3.9131199 2.8237782 4.0640337 2.7700279 
Emue_Em0013g679a.t1                                  1.5883204 1.4135329 1.6063470 1.3787398 1.3581351 1.4061791 1.4635816 1.4974349 1.3502457 1.5648309 1.4316883 1.4211928 1.3982921 1.4479805 1.3698898 1.4948977 1.4524723 0.9214855 0.9050820 0.0000000 0.6483649 0.1795533 0.2049697 1.0670924 1.6110949 1.3982275 1.7790069 1.5484483 1.5661840 1.6707881 1.6793327 1.7817549 1.5652810 1.5655347 1.4801324 1.5609108 2.1856377 1.9393073 1.1460332 1.1460332 1.9267266 1.0880662 1.9646367 1.9380738 1.8171269 1.9724303 1.2953316 1.8745215 1.9082037 1.7003756 1.7170858 1.7206827 1.7240954 1.7240605 1.7534768 1.6184607 2.1044506 2.0536321 3.5498205 2.5878255 3.4245087 4.0392202 3.1644976 3.0730785 3.1972968 2.9961099 3.9006708 3.3308588 3.0151599 3.5141369 2.8574684 3.6692408 3.0656418 4.2525795 2.9691093 3.9992393 3.2043446 
Tetwil_g4697.t1                                      1.3508512 1.1633850 1.2243475 1.1947945 1.2102497 1.2252930 1.2862115 1.3091945 1.1953539 1.5088511 1.2338031 1.2794273 1.2716751 1.2914398 1.1806030 1.2761653 1.2304360 0.7538447 0.7393807 0.6483649 0.0000000 0.1277125 0.8254378 0.8914407 1.4384749 1.2816038 1.7541144 1.3867790 1.3938500 1.4521694 1.4728232 1.5152898 1.4145723 1.3503293 1.1966344 1.2490744 1.9504165 1.6907958 0.9954763 0.9954763 1.7250110 0.9631494 1.7067617 1.6846569 1.6576621 1.7381463 1.2481263 1.7072654 1.7809814 1.5138307 1.5128475 1.5011025 1.5519020 1.5658918 1.5327393 1.4381480 1.7099720 1.9905824 3.2854851 2.5495473 3.3148613 4.1100253 3.0265610 2.9575031 2.9699463 2.7752293 3.5706137 3.2900161 2.9651613 3.1904923 2.8703380 3.3674280 3.1004634 3.7786523 2.7904140 3.9889868 2.8592214 
Stycar_maker-SC_scaffold126275-snap-gene-0.26-mRNA-1 0.4685893 0.4449247 0.4858108 0.5380248 0.5014509 0.4191629 0.3890562 0.4205757 0.4762879 0.0000010 0.3881789 0.4053556 0.4088646 0.4003749 0.4459098 0.4967810 0.5301685 0.2781903 0.2640237 0.1795533 0.1277125 0.0000000 0.1685235 0.2823730 0.4634302 0.5019459 0.0000010 0.5673935 0.5771538 0.4927249 0.5282598 0.4138474 0.5189985 0.5297308 0.5211849 0.6751922 1.2019584 0.7325495 0.7274536 0.7274536 0.7432935 0.7409992 0.8048646 0.8055329 0.6754143 0.7697070 0.7475135 0.7475135 0.4893831 0.5928922 0.5968641 0.5975257 0.6290599 0.6290599 0.5479174 0.6312605 1.1294784 0.8068536 3.4549796 1.4319190 3.7618405 4.3458158 2.5005232 2.3349919 2.1691706 2.4323079 4.4201804 3.3047257 2.5988343 3.1384850 1.9991029 4.0783124 2.5971518 2.9303843 1.8366384 2.8590749 0.0000010 
Spolac_c104594_g1_i2_m.41661c104594-g1               1.8551530 1.6803114 1.8084524 1.5751325 1.6622762 1.6757276 1.7434525 1.8331758 1.5298504 1.6154138 1.6309111 1.7455915 1.6805394 1.7196515 1.6601390 1.7393338 1.7227659 1.2025482 1.1777247 0.2049697 0.8254378 0.1685235 0.0000000 1.1103802 1.9081053 1.7677134 2.4410992 1.9234711 1.9880120 2.0998147 2.1268880 1.9055275 2.0490424 2.1193452 2.1124222 2.1585230 2.2593341 2.2585924 1.3352410 1.3352410 2.3460706 1.3054224 2.1661202 2.1446432 2.1339437 2.2742531 1.5697869 2.3223103 2.2019309 2.1427478 2.0388218 2.0721404 2.0995249 2.0883762 2.1940291 1.9514351 2.0348601 2.9429035 4.8553812 4.6201628 4.7360246 4.9190273 4.6746584 4.2554625 4.5235208 3.9502692 5.5719218 5.0541678 4.5153949 4.8583695 3.7786487 4.4377988 4.4966107 6.5065261 4.1945269 5.0644160 3.7125161 
Plespi_Pspi_scaffold13562_01                         1.4956610 1.2755304 1.3973882 1.3964166 1.3445043 1.3168487 1.3353039 1.3714498 1.2743599 1.1262214 1.2246973 1.3225030 1.3047542 1.2185209 1.2556862 1.3561074 1.3462711 1.1715429 1.2006882 1.0670924 0.8914407 0.2823730 1.1103802 0.0000000 1.3601812 1.3130989 1.6516812 1.4896949 1.4926743 1.5603760 1.5544395 1.5357033 1.4523855 1.4050164 1.4984536 1.5426173 1.9347449 1.7079462 1.1920940 1.1920940 1.7221052 1.2246903 1.7762605 1.7318047 1.7198566 1.6625396 1.4522874 1.8241076 1.3993072 1.5223224 1.4834732 1.4626708 1.4938644 1.5019159 1.4595437 1.5515947 1.8224427 2.0634743 3.2981995 1.9707459 3.0488087 4.0476203 2.8874319 2.8925613 2.6626826 2.7904003 3.7995525 3.4673630 3.0073893 3.1367177 2.9530414 3.3692238 2.7872079 3.7361594 3.1018379 4.2022739 2.9085426 
Spur_XM_030985292.1                                  0.9022108 0.6114634 0.6271131 0.7050665 0.6992510 0.6654602 0.7472367 0.7631214 0.6504394 0.6497897 0.7245955 0.7551800 0.7394891 0.7805216 0.7041006 0.8835263 0.9118011 1.5086372 1.5360045 1.6110949 1.4384749 0.4634302 1.9081053 1.3601812 0.0000000 1.0798952 1.0693407 1.0695783 0.9754462 1.0554368 1.0626449 1.1196020 1.1671460 1.1360804 1.2296657 1.2401429 1.0963385 1.4665370 1.0357305 1.0357305 1.3824390 0.9316413 1.5521324 1.4802722 1.4964271 1.5185688 1.4148888 1.6596565 1.2220879 1.1146771 1.1566700 1.1353974 1.1426679 1.1480488 1.1344435 1.0831615 1.4606264 1.5190737 3.2477960 2.1458374 3.1099416 3.6865728 2.8193361 2.6967771 2.8078869 2.6814268 3.5824263 2.7500052 2.7295043 3.1254359 2.3286729 3.4963410 2.5046048 3.6941378 2.6128207 3.4850439 2.3100351 
Plajan_Pjan_C568692_01                               1.0293717 0.9230056 0.9690355 0.9703879 0.9504035 0.9445779 0.9416017 1.0062400 0.8732705 0.9160985 0.9056784 0.9403798 0.9263849 0.9558789 0.8792212 1.0405575 1.0483731 1.4340286 1.4167891 1.3982275 1.2816038 0.5019459 1.7677134 1.3130989 1.0798952 0.0000000 1.2125933 1.0919704 1.0570250 1.0865507 1.1222765 1.3245910 1.1527537 1.1347268 1.1145241 1.1306935 1.5344500 1.3788019 0.9003698 0.9003698 1.3601301 0.9682888 1.4845910 1.4689610 1.4596386 1.4791776 1.3120896 1.5539775 1.3978378 1.2270311 1.2446296 1.2411863 1.2317523 1.2394495 1.2451284 1.1833979 0.8828675 1.7211862 2.8812490 1.7982808 3.1109551 3.8389127 2.7277834 2.6665743 2.6383857 2.4337275 3.2316155 2.7632331 2.6348883 2.8917615 2.6445012 3.3554186 2.6438893 3.6574012 2.9684283 3.6575913 1.9590361 
Aaur_scaffold46.g21.t1                               1.2288833 1.0941366 1.1489008 0.8911326 0.9155517 0.9953945 0.9313177 0.8488106 0.7227488 0.5320893 0.8705579 0.8588103 0.8856746 0.8534083 0.9774869 0.9447199 1.0701014 1.7280347 1.8120533 1.7790069 1.7541144 0.0000010 2.4410992 1.6516812 1.0693407 1.2125933 0.0000000 0.2509090 0.2431683 0.2872300 0.4939934 0.6461725 1.4053159 1.3168151 1.7334717 1.7550664 1.2803079 1.9292275 0.0000010 0.0000010 1.9493116 0.0000010 2.0208628 1.9569966 1.8095511 2.0187633 5.8380944 1.8957043 1.1236027 1.2583247 1.2994054 1.2794686 1.2370550 1.2410212 1.3251937 1.1941374 1.4860621 1.6917966 3.2270268 2.7251785 2.5366655 3.1821547 3.0303648 3.0435518 2.9820772 2.3662824 3.0290933 2.8204501 2.6376393 2.8377767 2.8088648 2.8632887 2.5498674 3.3890723 2.7869351 4.5655335 1.7998688 
Nemnom_g6073.t1                                      1.1286607 0.8928803 0.9444005 0.9114047 0.8514723 0.8879643 0.7904027 0.8293500 0.6975546 0.7870837 0.7780111 0.7842176 0.7831512 0.8249666 0.7949962 0.8264156 0.8488933 1.4881975 1.5653991 1.5484483 1.3867790 0.5673935 1.9234711 1.4896949 1.0695783 1.0919704 0.2509090 0.0000000 0.0779270 0.2907045 0.4943555 0.7718759 1.1525236 1.1518405 1.1653543 1.2377735 1.4177497 1.4525357 0.9924864 0.9924864 1.4016288 0.9428457 1.5275456 1.5476091 1.5004365 1.5354786 1.2506484 1.5264534 1.4204802 1.1640426 1.1110556 1.1171277 1.1177139 1.1173130 1.1625512 1.0949928 1.6544908 1.5677079 3.5163405 2.3059772 3.0888086 3.9194106 2.9813172 2.9590266 2.8203573 2.5791272 3.6974758 3.1168705 2.8883595 3.0390864 2.6691273 3.4497777 2.6449809 3.5704416 2.8338742 3.9324790 2.6480759 
Rhoesc_Res_002899-T1                                 1.1170961 0.8872762 0.9243263 0.8825575 0.8273317 0.8616215 0.7581171 0.7695891 0.6243650 0.5885136 0.7236235 0.7117999 0.7165798 0.7660756 0.7849441 0.8086637 0.8299003 1.4957832 1.5719221 1.5661840 1.3938500 0.5771538 1.9880120 1.4926743 0.9754462 1.0570250 0.2431683 0.0779270 0.0000000 0.2864882 0.4557009 0.6308340 1.1453291 1.1163712 1.1583179 1.2039248 1.2985551 1.3996432 1.0087194 1.0087194 1.4175141 0.9557574 1.4310348 1.4649587 1.4668228 1.4659631 1.2925140 1.4686812 1.3426798 1.1178148 1.0864634 1.0759171 1.1047332 1.1022313 1.1356435 1.0814349 1.6498935 1.5238466 3.5969955 2.2457012 3.3127645 3.9392625 3.0813966 3.0703119 3.0007816 2.6790675 3.8928555 3.2317162 3.0320916 3.1498875 2.7597860 3.4389155 2.6751374 3.5807250 2.7892650 3.8649706 2.1281101 
Sanmal_Sma_008386-T1                                 1.1135747 0.9166946 0.9149752 0.9485076 0.8509208 0.8946883 0.7499507 0.8545725 0.6736547 0.7231908 0.7310060 0.7611663 0.7518453 0.7732107 0.7956887 0.8517870 0.8985041 1.5864305 1.6167563 1.6707881 1.4521694 0.4927249 2.0998147 1.5603760 1.0554368 1.0865507 0.2872300 0.2907045 0.2864882 0.0000000 0.5186837 0.7468050 1.2093101 1.1716585 1.2274710 1.2703798 1.3698215 1.5323664 1.0149193 1.0149193 1.3854467 1.0168380 1.5599520 1.5811537 1.5343898 1.5671661 1.2633565 1.6025465 1.4430174 1.2656140 1.2311422 1.2323794 1.2513174 1.2517419 1.2709510 1.1846196 1.7102198 1.7192146 3.6582279 2.4051712 3.1685596 3.8934015 3.2650379 3.2074716 2.9798768 2.8763208 3.6948353 3.1984750 3.0111541 3.0246781 2.8592987 3.3717590 2.6725519 3.7344521 2.7510126 4.2526614 2.5704464 
Morvir_scaffold369.g8.t1                             1.1398817 0.8544283 0.9069008 0.9440732 0.8870530 0.9077817 0.7810085 0.8710402 0.6986950 0.8359765 0.7750946 0.7942448 0.7728640 0.8306915 0.7517114 0.8572350 0.9117789 1.4948575 1.5279647 1.6793327 1.4728232 0.5282598 2.1268880 1.5544395 1.0626449 1.1222765 0.4939934 0.4943555 0.4557009 0.5186837 0.0000000 0.7745729 1.2218470 1.2077155 1.1759484 1.2261960 1.4589928 1.5539669 1.1424635 1.1424635 1.4465130 0.9745891 1.5480270 1.5457073 1.5713403 1.6449200 1.4308316 1.6671010 1.4607900 1.2935440 1.2740322 1.2584928 1.2716911 1.2760123 1.2624506 1.0423334 1.7761580 1.7055961 3.4607574 2.5968876 3.1021415 3.8374622 3.1318084 3.0503329 2.8494425 2.8555614 3.7760690 3.0771738 2.9404743 3.3109614 2.9451482 3.6897858 2.8295670 3.8941300 3.0940338 3.9084790 2.6484382 
Hvul_g17846_1                                        1.3091835 1.0034176 0.9080383 1.0872879 1.0765103 1.1302129 0.9828611 0.9824438 0.8715920 1.0164944 0.8990063 0.9566207 0.9347733 0.9465430 0.8727517 0.9810635 1.0536518 1.6207850 1.6780107 1.7817549 1.5152898 0.4138474 1.9055275 1.5357033 1.1196020 1.3245910 0.6461725 0.7718759 0.6308340 0.7468050 0.7745729 0.0000000 1.3684065 1.3426475 1.1588781 1.2738591 1.7250024 1.6238151 1.0328728 1.0328728 1.4123836 0.9564705 1.7018031 1.7178155 1.5983029 1.6277371 1.3097055 1.6819622 1.3752617 1.3971997 1.3917836 1.3934383 1.3979105 1.4084374 1.4321367 1.2147095 1.8273757 1.7950585 3.4789665 2.6999239 3.1117738 3.7800972 3.2836266 3.1787044 2.7891844 2.9198762 4.1267225 3.1125861 2.9555564 3.2870485 2.9558007 3.5909311 2.8787984 3.5872554 2.9003854 4.1097916 3.0115679 
Lcom_lcpid55651                                      1.1731757 0.9935229 1.1169967 1.0505394 0.9863963 0.9761418 1.0619283 1.0945859 0.9668841 0.9859251 1.0569592 1.0782794 1.0637944 1.0507598 1.0138183 1.0943674 1.1144780 1.4494836 1.4899222 1.5652810 1.4145723 0.5189985 2.0490424 1.4523855 1.1671460 1.1527537 1.4053159 1.1525236 1.1453291 1.2093101 1.2218470 1.3684065 0.0000000 0.2038244 0.1973237 0.5343669 1.6021448 1.6320889 0.9588810 0.9588810 1.6534213 0.9925240 1.6484565 1.6357893 1.6579895 1.6440902 1.2513028 1.6719007 1.7065098 1.3445457 1.3263638 1.3061843 1.3115616 1.3059598 1.3095715 1.3653938 1.5116018 1.6586061 3.4663807 2.3080162 2.9979146 3.5625263 2.8107061 2.6965775 2.5688857 2.5871231 3.4795358 2.9077416 2.7270081 3.0522960 2.5520934 3.0605379 2.5894363 3.2452410 2.8462443 3.6516473 2.4745627 
Gracom_Gcom_scaffold3101_01                          1.1990228 1.0101810 1.1662763 1.0544566 0.9853395 1.0284543 1.0258822 1.0804360 0.9654011 1.0442785 1.0443440 1.0619889 1.0633139 1.0385459 0.9861174 1.0992616 1.1312716 1.4525807 1.5054314 1.5655347 1.3503293 0.5297308 2.1193452 1.4050164 1.1360804 1.1347268 1.3168151 1.1518405 1.1163712 1.1716585 1.2077155 1.3426475 0.2038244 0.0000000 0.1684323 0.4802513 1.5804270 1.6414770 0.9806549 0.9806549 1.6622939 1.0343404 1.7096497 1.6891958 1.6440967 1.6830435 1.2312516 1.6431171 1.7119628 1.3967266 1.3708604 1.3588959 1.3700025 1.3709108 1.3553015 1.3681687 1.5048968 1.6801833 3.3600233 2.3220459 3.0232047 3.6072893 2.8952686 2.7566226 2.7481110 2.6203426 3.6222643 2.9206161 2.7576760 3.1412215 2.6265876 2.9125450 2.6355852 3.4571241 2.7904154 3.8488598 2.4581680 
Leuniv_Lniv_scaffold10820_01                         1.2103166 1.0220148 1.1426956 0.9873692 0.9937260 1.0218974 1.0596371 1.0968533 0.9031255 1.4228840 1.0450305 1.0269104 1.0202942 1.0343529 1.0374574 1.1102362 1.1068806 1.3848780 1.3997346 1.4801324 1.1966344 0.5211849 2.1124222 1.4984536 1.2296657 1.1145241 1.7334717 1.1653543 1.1583179 1.2274710 1.1759484 1.1588781 0.1973237 0.1684323 0.0000000 0.4494992 1.6986062 1.5172488 0.9745650 0.9745650 1.5590541 1.0030665 1.5592529 1.5555724 1.5467540 1.5417507 1.2108109 1.5402883 2.0123522 1.4264747 1.4091250 1.4103761 1.4035120 1.4114711 1.3671223 1.3052673 1.5344305 1.6517318 4.6837649 5.0931884 4.1881281 4.4191640 3.5555771 3.2946995 3.2863226 3.0491415 4.8693567 4.0063785 3.3846529 3.8203511 2.8424367 4.1964676 3.1509421 4.1777795 2.7341984 3.4307269 2.1168655 
Clacor_Ccor_scaffold15314_01                         1.2452766 1.0721025 1.2529032 1.0400980 1.0416481 1.0844468 1.0515416 1.1553240 0.9447095 1.8616238 1.0695033 1.0614124 1.0446113 1.0679499 1.0171689 1.1046366 1.0580356 1.5021544 1.5237564 1.5609108 1.2490744 0.6751922 2.1585230 1.5426173 1.2401429 1.1306935 1.7550664 1.2377735 1.2039248 1.2703798 1.2261960 1.2738591 0.5343669 0.4802513 0.4494992 0.0000000 1.7160370 1.5596277 1.0521731 1.0521731 1.6088423 1.0717978 1.6582778 1.6668934 1.7140860 1.6727384 1.4182770 1.6755162 1.8215461 1.3273459 1.3100924 1.3269997 1.3217854 1.3217854 1.2563852 1.3680455 1.4137216 1.8590745 4.6468305 6.0464422 4.2902987 4.5962987 3.6690572 3.5570491 3.0696423 3.2322253 5.0166321 4.2344862 3.5789636 3.4710531 3.1236089 4.5034667 3.2599206 4.1685143 2.7870874 3.2808045 2.3403073 
Cgig_XM_034483282.1                                  1.2226355 0.8904203 0.6757027 0.7500491 0.6534150 0.5599071 1.1587481 1.1011871 1.0240176 0.9839549 1.0470748 1.1056205 1.0929531 1.0768454 0.9277044 1.1582110 1.2792927 2.2242334 2.3425664 2.1856377 1.9504165 1.2019584 2.2593341 1.9347449 1.0963385 1.5344500 1.2803079 1.4177497 1.2985551 1.3698215 1.4589928 1.7250024 1.6021448 1.5804270 1.6986062 1.7160370 0.0000000 1.7199152 0.5461737 0.5461737 1.7946532 0.5461737 1.8399447 1.7144728 1.7278035 1.8468899 1.4768730 1.7900680 1.1462856 1.4718855 1.4357818 1.4125291 1.4698733 1.4698733 1.4524154 1.3909048 1.6280572 2.2424925 3.4065748 2.5750330 3.0021295 4.3128143 3.5477658 3.6160590 3.4733417 3.2101348 3.6792520 3.3511710 3.2713129 3.5442248 3.3251527 3.5088211 3.0900774 4.3552701 4.7564482 4.4169115 2.3129885 
Mlei_ML1670.g2.i1                                    1.5297805 1.2735181 1.1519105 1.3460299 1.3072256 1.2907903 1.4030898 1.4102970 1.2298246 1.3703653 1.2672488 1.3045096 1.2737545 1.3138910 1.2701142 1.4252469 1.4227151 1.8806020 1.9032859 1.9393073 1.6907958 0.7325495 2.2585924 1.7079462 1.4665370 1.3788019 1.9292275 1.4525357 1.3996432 1.5323664 1.5539669 1.6238151 1.6320889 1.6414770 1.5172488 1.5596277 1.7199152 0.0000000 0.1218475 0.1218475 0.2011918 0.2600297 0.3308484 0.3136987 0.4216235 0.3197035 0.3629659 0.4313641 1.6189388 1.5950752 1.5488025 1.5592136 1.5824474 1.5824474 1.5808970 1.6547415 1.9930381 2.0212564 3.7166279 2.2221162 3.5144663 4.0209284 3.0933420 3.0348124 3.0490954 3.1091786 3.9475450 3.3925998 3.1946013 3.1651390 3.2936830 3.8105672 3.0382735 3.9474830 2.7757729 4.3316401 2.9773672 
Bolinf_Binf_sb1184718                                0.8388629 0.8009844 0.8919139 0.9574265 0.8068199 0.7377692 0.9713464 0.9704620 0.7844424 1.5148220 0.7960683 0.8213314 0.8085830 0.8237480 0.9033497 0.9474199 1.0016360 1.0592457 1.0208636 1.1460332 0.9954763 0.7274536 1.3352410 1.1920940 1.0357305 0.9003698 0.0000010 0.9924864 1.0087194 1.0149193 1.1424635 1.0328728 0.9588810 0.9806549 0.9745650 1.0521731 0.5461737 0.1218475 0.0000000 0.0000010 0.1522184 0.2223412 0.2137293 0.2106268 0.2429480 0.2475088 0.2515117 0.2515117 1.4364571 1.0287480 1.0809258 1.0776479 1.0792960 1.0792960 1.0517271 1.0522264 1.4564729 1.3596192 4.0088370 0.7161235 3.9931547 4.2590865 3.2218006 2.8506242 2.8015332 2.8822662 4.4827778 3.5442357 3.4115693 3.0577520 2.7680128 5.2690335 2.8608959 3.2230656 2.0219413 3.2496477 0.0000010 
Mertsp_Mesp_sb556160                                 0.8388629 0.8009844 0.8919139 0.9574265 0.8068199 0.7377692 0.9713464 0.9704620 0.7844424 1.5148220 0.7960683 0.8213314 0.8085830 0.8237480 0.9033497 0.9474199 1.0016360 1.0592457 1.0208636 1.1460332 0.9954763 0.7274536 1.3352410 1.1920940 1.0357305 0.9003698 0.0000010 0.9924864 1.0087194 1.0149193 1.1424635 1.0328728 0.9588810 0.9806549 0.9745650 1.0521731 0.5461737 0.1218475 0.0000010 0.0000000 0.1522184 0.2223412 0.2137293 0.2106268 0.2429480 0.2475088 0.2515117 0.2515117 1.4364571 1.0287480 1.0809258 1.0776479 1.0792960 1.0792960 1.0517271 1.0522264 1.4564729 1.3596192 4.0088370 0.7161235 3.9931547 4.2590865 3.2218006 2.8506242 2.8015332 2.8822662 4.4827778 3.5442357 3.4115693 3.0577520 2.7680128 5.2690335 2.8608959 3.2230656 2.0219413 3.2496477 0.0000010 
Beraby_Baby_sb321951                                 1.4571882 1.2559166 1.2018989 1.2992928 1.2601348 1.2481756 1.3462293 1.3765676 1.1943854 1.1987709 1.2294938 1.2731437 1.2467112 1.2572555 1.3055021 1.3524693 1.3806871 1.8468276 1.8130528 1.9267266 1.7250110 0.7432935 2.3460706 1.7221052 1.3824390 1.3601301 1.9493116 1.4016288 1.4175141 1.3854467 1.4465130 1.4123836 1.6534213 1.6622939 1.5590541 1.6088423 1.7946532 0.2011918 0.1522184 0.1522184 0.0000000 0.3054034 0.3667839 0.3389903 0.4342480 0.3515347 0.4356101 0.4519653 1.6651461 1.5093701 1.4993322 1.5071298 1.5419038 1.5419038 1.4996853 1.5603130 1.9161942 2.0297534 3.8586158 2.1447236 3.6021234 4.1116598 3.3033561 3.3322823 3.0136811 3.3019346 4.0072566 3.5652399 3.5485441 3.3619225 3.2113098 3.9392989 3.1390903 3.7791998 2.5075459 4.0085874 2.5683321 
Eupdun_Edun_sb10599987                               0.9335842 0.8518140 0.7963253 0.9601318 0.8537593 0.7857063 0.8684527 0.8665363 0.7205715 2.0464297 0.7477749 0.7600015 0.7467905 0.7414730 0.8470854 0.8983880 0.9281336 0.9875323 0.9525634 1.0880662 0.9631494 0.7409992 1.3054224 1.2246903 0.9316413 0.9682888 0.0000010 0.9428457 0.9557574 1.0168380 0.9745891 0.9564705 0.9925240 1.0343404 1.0030665 1.0717978 0.5461737 0.2600297 0.2223412 0.2223412 0.3054034 0.0000000 0.2573914 0.2644099 0.3287748 0.2986101 0.2876355 0.2876355 1.3633472 1.0339900 1.0719738 1.0683371 1.0536564 1.0536564 1.0721959 1.0253864 1.8249625 1.3444384 3.6195685 0.7161235 3.6418506 3.7455840 3.2503083 2.9782792 2.6501008 2.7697496 3.7902629 3.4292469 3.2735970 3.2406517 2.7018539 4.4423733 2.9307869 3.2760484 2.0977800 3.1137973 0.0000010 
Pbac_sb2647142                                       1.6002598 1.3194382 1.2115904 1.3679894 1.3143167 1.3438606 1.5017517 1.4692661 1.3195654 1.6086088 1.3254583 1.3924308 1.3690799 1.4265037 1.3133023 1.4292138 1.5120103 1.9173983 1.9040976 1.9646367 1.7067617 0.8048646 2.1661202 1.7762605 1.5521324 1.4845910 2.0208628 1.5275456 1.4310348 1.5599520 1.5480270 1.7018031 1.6484565 1.7096497 1.5592529 1.6582778 1.8399447 0.3308484 0.2137293 0.2137293 0.3667839 0.2573914 0.0000000 0.0075682 0.4924015 0.4092540 0.4678935 0.5057608 1.7314438 1.6745176 1.6930088 1.6965332 1.7268268 1.7268268 1.6957152 1.6499133 2.0018413 2.1301147 3.8085499 2.5086350 3.6417205 4.5031842 3.5904540 3.3958319 3.3838699 3.4212750 4.2236788 3.8148720 3.3600435 3.6352563 3.4151775 3.9717903 3.3130587 4.4062944 2.7539450 4.2160092 3.7756410 
Horcal_Hcv1.av93.c6.g1003.i1                         1.5669370 1.2672288 1.2095709 1.3696056 1.2585343 1.3001242 1.4598356 1.4445675 1.3052094 1.5229542 1.3172167 1.3865142 1.3632473 1.4068315 1.3037380 1.4197121 1.4824586 1.8815295 1.8937768 1.9380738 1.6846569 0.8055329 2.1446432 1.7318047 1.4802722 1.4689610 1.9569966 1.5476091 1.4649587 1.5811537 1.5457073 1.7178155 1.6357893 1.6891958 1.5555724 1.6668934 1.7144728 0.3136987 0.2106268 0.2106268 0.3389903 0.2644099 0.0075682 0.0000000 0.4757435 0.4065500 0.4619476 0.4915331 1.6068832 1.6082438 1.6183418 1.6199043 1.6482636 1.6482636 1.6102906 1.6349650 1.9635810 2.0676130 3.5681549 2.2794159 3.4474846 4.1144410 3.3707251 3.2820471 3.1488870 3.2216363 3.9984058 3.5106463 3.1934720 3.4216867 3.2439557 3.7663690 3.1210329 4.1636630 2.7907510 4.2159337 3.0147262 
Vmul_Simscaffold7160_01                              1.5244760 1.2924345 1.2627076 1.3619502 1.2673052 1.2859760 1.4576511 1.4342449 1.2625717 1.2811777 1.3258629 1.3837490 1.3557719 1.4059857 1.3201555 1.3961600 1.4692508 1.8660275 1.7854228 1.8171269 1.6576621 0.6754143 2.1339437 1.7198566 1.4964271 1.4596386 1.8095511 1.5004365 1.4668228 1.5343898 1.5713403 1.5983029 1.6579895 1.6440967 1.5467540 1.7140860 1.7278035 0.4216235 0.2429480 0.2429480 0.4342480 0.3287748 0.4924015 0.4757435 0.0000000 0.4045025 0.2955641 0.3271628 1.6113683 1.6369112 1.5897571 1.5786211 1.6252603 1.6252603 1.6231907 1.5846464 2.1472560 2.0428014 3.8937007 2.1857422 3.6165080 4.0619443 3.3854083 3.2722542 3.2327622 3.2793376 3.9969062 3.4616054 3.3450003 3.3364633 3.1179550 4.0263431 3.0411497 4.3410861 2.8121781 4.5504195 3.2177352 
Lampan_Lpan_C418517_01                               1.5358034 1.3372504 1.1617656 1.3507299 1.3172302 1.2986197 1.5135453 1.4918675 1.3055553 1.3573892 1.3381697 1.4108482 1.3768215 1.4231114 1.3875825 1.4770744 1.5177545 1.8573850 1.7657297 1.9724303 1.7381463 0.7697070 2.2742531 1.6625396 1.5185688 1.4791776 2.0187633 1.5354786 1.4659631 1.5671661 1.6449200 1.6277371 1.6440902 1.6830435 1.5417507 1.6727384 1.8468899 0.3197035 0.2475088 0.2475088 0.3515347 0.2986101 0.4092540 0.4065500 0.4045025 0.0000000 0.3761171 0.4157012 1.5607460 1.5713906 1.5278339 1.5386363 1.5446596 1.5483249 1.5478392 1.5840434 2.0285842 2.1175713 3.6358788 2.1730767 3.6191059 4.1251856 3.1930643 3.0161539 3.1231495 3.0818746 4.0894194 3.4340180 3.3694597 3.3506942 3.3728722 3.9623636 3.0457873 3.9412324 2.9061398 4.3013867 2.8406077 
Coeast_Cast_sb782345                                 1.2287863 1.0347130 1.3443255 1.2670294 1.0498964 1.0299435 1.1774211 1.2517342 1.0913865 2.0464297 1.0785019 1.1066650 1.0808496 1.1078254 1.1741521 1.1951650 1.2354081 1.3421360 1.3187889 1.2953316 1.2481263 0.7475135 1.5697869 1.4522874 1.4148888 1.3120896 5.8380944 1.2506484 1.2925140 1.2633565 1.4308316 1.3097055 1.2513028 1.2312516 1.2108109 1.4182770 1.4768730 0.3629659 0.2515117 0.2515117 0.4356101 0.2876355 0.4678935 0.4619476 0.2955641 0.3761171 0.0000000 0.0470597 1.9898372 1.3947556 1.3946174 1.4103257 1.4163546 1.4163546 1.3945783 1.4620971 1.8765267 1.8550852 3.9573423 1.8372328 4.8458748 4.9479149 3.9254539 3.5337070 3.2278644 3.4857243 5.4246329 4.3254280 3.8320334 3.7103891 3.2941958 6.3125942 3.5481073 4.2975677 2.3331293 3.9736594 6.7783519 
Coemet_Cmet_C606096_01                               1.6353825 1.3983336 1.4339370 1.4354987 1.3559228 1.3953934 1.4967937 1.5185953 1.3701075 1.2793429 1.3542325 1.4508473 1.4278643 1.4474139 1.3980430 1.4726610 1.5134223 1.9253365 1.9506414 1.8745215 1.7072654 0.7475135 2.3223103 1.8241076 1.6596565 1.5539775 1.8957043 1.5264534 1.4686812 1.6025465 1.6671010 1.6819622 1.6719007 1.6431171 1.5402883 1.6755162 1.7900680 0.4313641 0.2515117 0.2515117 0.4519653 0.2876355 0.5057608 0.4915331 0.3271628 0.4157012 0.0470597 0.0000000 1.7147232 1.7274238 1.6866253 1.6928337 1.7180085 1.7146858 1.7422110 1.7325401 2.1976366 2.2296175 3.7492542 2.1324532 3.6924469 4.1249949 3.4420779 3.1844477 3.2309360 3.1455226 3.9506652 3.5185546 3.2168407 3.4773357 3.4905841 3.8722103 3.1910021 4.2461153 3.1443343 4.5907494 3.2138689 
