75
Hsap_ENST00000255305                                  0.0000000 0.7648597 0.9849100 1.0906509 1.2641051 1.0718813 1.2635840 1.3665058 1.3706316 1.3217153 1.2072422 1.1826137 1.3177666 1.2380607 1.3507374 1.5224047 1.3971733 1.7865842 1.7192497 1.7826132 1.7588523 1.7825989 1.7851971 1.7880507 1.6612870 1.3742375 1.5364896 1.6680678 1.3107428 1.7071185 1.4628877 1.7321855 1.6582815 1.4909953 1.8178357 1.5795234 1.5409116 1.9593918 1.5408216 1.8829877 2.0206988 1.8633969 1.4713198 2.5159046 2.4571825 2.7784875 2.3824005 2.3357053 2.5619511 2.5411815 2.4276176 2.1020084 2.4039304 2.2171454 2.3228385 2.1855963 2.1342935 2.0915199 2.2535237 2.2886100 2.6710823 1.9230684 2.2811581 2.3513895 2.3038462 2.5206000 2.8297711 2.8895096 2.2651911 2.8512605 2.8677833 2.8152673 2.6265529 2.8812881 3.3634390 
Skow_XM_002740758.2                                   0.7648597 0.0000000 0.8595798 0.9479016 1.1027691 0.9500943 1.1991228 1.3544673 1.2901408 1.1559307 1.1431757 1.0919952 1.3762431 1.1684453 1.3066511 1.3672388 1.2731507 1.7756990 1.6960001 1.8242827 1.8100942 1.8280241 1.8310626 1.8109270 1.6345759 1.3415244 1.8776172 1.6834928 1.1330951 1.5469035 1.3936515 1.5725179 1.5082399 1.3016569 1.7292303 1.4924191 1.4256016 1.8591351 1.4677566 1.7523048 1.9328346 1.7329565 1.3668209 2.5000418 2.1797709 2.8040269 2.3682730 2.0504909 2.4195218 2.3866534 2.2751362 1.8606367 2.2466587 2.0622438 2.2074508 2.0179306 1.9762958 1.9704579 2.2366164 2.1495005 2.6608411 1.8754440 2.1696558 2.2371267 2.3435071 2.2870388 2.7540940 2.7193669 2.2191654 2.8959095 2.8623442 2.7703370 2.4658257 2.7721311 3.4617561 
Cgig_XM_034477335.1                                   0.9849100 0.8595798 0.0000000 0.7021149 1.0268598 1.2859413 1.3137658 1.3629382 1.3252693 1.3596054 1.2939753 1.3154206 1.5249069 1.3558065 1.5023746 1.4872636 1.3413421 1.7963222 1.7108222 1.7982094 1.7845235 1.7955626 1.8053358 1.7774388 1.7790957 1.3761569 1.8631369 1.8998623 1.2028623 1.7028118 1.5996608 1.8017091 1.6694892 1.5952819 1.7839101 1.5709253 1.6521097 1.9176277 1.6255533 1.9588786 2.0877414 1.9302920 1.6337186 2.5125667 2.3874754 2.7618960 2.4534591 2.3074932 2.4941202 2.4731002 2.3610813 1.8923328 2.2881978 2.2155516 2.3876266 2.2904656 2.1143937 2.1212888 2.3096408 2.3294341 2.9044209 1.9739395 2.2913654 2.1946988 2.3828196 2.2501093 2.7680800 2.7116079 2.3552660 2.8344079 2.7899289 2.9063607 2.7210158 2.8243050 3.5556930 
Acagra_model.g24837.t1                                1.0906509 0.9479016 0.7021149 0.0000000 1.1090624 1.3802319 1.3535848 1.4078459 1.4885358 1.3098711 1.3154853 1.3385762 1.4767207 1.4038301 1.5584417 1.6327261 1.3423369 1.9269140 1.8574139 1.9240746 1.9217706 1.9064436 1.9218682 1.9148215 1.6378457 1.3645705 1.9427764 1.9102857 1.1275066 1.7708718 1.5406471 1.7900330 1.7468204 1.6961799 1.9831929 1.7250624 1.7049528 1.8888637 1.7373870 2.0047075 2.1473042 2.0043315 1.8181459 2.6145606 2.6392709 2.9682387 2.4436902 2.3792026 2.5763938 2.5996575 2.4746089 2.0908322 2.4681013 2.0938449 2.3620608 2.3154526 2.0514133 2.1231692 2.2574009 2.3037686 2.9360126 2.1732848 2.3656814 2.2479844 2.3263192 2.3827582 2.8273317 2.7454162 2.4165038 2.9045923 2.8629350 2.9373391 2.8425564 2.9601081 3.5851140 
Ctel_gnl_WGS_AMQN_CAPTEDRAFT_mRNA151878               1.2641051 1.1027691 1.0268598 1.1090624 0.0000000 1.5469012 1.4178109 1.5275233 1.4315587 1.4415307 1.4030641 1.4615927 1.7200684 1.5030656 1.6580550 1.5588171 1.4424058 1.9863474 1.8974658 1.9642211 1.9703997 1.9557138 1.9624036 1.9508501 1.8837552 1.4775652 1.8721678 1.9733414 1.2935403 1.7880547 1.5698781 2.1020925 1.8665778 1.6563236 1.8854871 1.7178929 1.8465327 1.9730657 1.6852409 1.9982977 2.1142834 2.0757191 2.0410794 2.5196326 2.5230997 2.9107334 2.6003708 2.6075463 2.5817319 2.6230225 2.5270034 2.2695247 2.4981398 2.2228384 2.3961380 2.2976080 2.2594275 2.2515799 2.5024306 2.3632170 2.8546284 2.0532417 2.2796417 2.2471763 2.3422536 2.4143558 2.7840325 2.7911265 2.3794493 2.7091800 2.7617563 2.9648903 2.6903801 2.9173840 3.4263265 
Spur_XM_030995308.1                                   1.0718813 0.9500943 1.2859413 1.3802319 1.5469012 0.0000000 1.3980732 1.5213253 1.3932899 1.4490784 1.4145600 1.3774289 1.4842191 1.4171039 1.4358362 1.7166856 1.5965514 1.8550305 1.8835237 1.8971483 1.9305985 1.9476844 1.9614392 1.9377221 1.8917327 1.6233425 1.8507213 1.8913404 0.0000010 1.8495873 1.5856430 2.1678636 2.0606878 4.0304860 1.8043031 1.8305704 1.9976888 2.1684133 1.7109251 2.0846142 2.1146380 1.8340258 0.8620034 2.7918356 2.5224661 3.6363643 2.7685476 2.6765346 2.7584298 2.8608866 2.7261396 2.3834056 2.7460615 2.4361060 2.6501291 2.5027999 2.3080123 2.1442878 2.3449318 2.5115819 3.0335420 2.1092808 2.5409772 2.3440174 2.5155475 2.8544894 2.6789818 2.7075274 2.4998470 2.9881417 3.0293323 3.0202543 2.9803018 3.3147019 3.2975193 
Exapal_XM_021056548.2                                 1.2635840 1.1991228 1.3137658 1.3535848 1.4178109 1.3980732 0.0000000 0.5558044 0.8935663 0.8242828 0.8234545 0.7939511 0.8609440 0.8152318 0.8706128 1.7314806 1.6158666 1.8342578 1.8062499 1.9266559 1.8721147 1.9024201 1.8987015 1.9325881 1.8649960 1.3423103 1.9879618 1.9195043 1.2259440 1.7807652 1.7778507 1.6352241 1.6328092 1.4180326 1.5515208 1.4393493 1.4219146 1.7664438 1.3792567 1.7212617 2.2311042 1.9504296 1.6428957 2.5087107 2.4721135 2.6862293 2.2625173 2.2055885 2.3514029 2.4231875 2.2457833 2.0199765 2.3267909 2.1737080 2.4378327 2.2021982 2.1413639 2.0953839 2.3528749 2.4873025 2.8768981 1.9021037 2.2651323 2.3347032 2.3013592 2.4176156 2.8948572 2.9212203 2.1495311 2.8901714 2.8747127 2.9413882 2.8586040 2.6997468 3.5572307 
Nvec_v1g195832                                        1.3665058 1.3544673 1.3629382 1.4078459 1.5275233 1.5213253 0.5558044 0.0000000 0.8439518 0.8751994 0.8551275 0.8420619 0.8981052 0.8871687 0.8785928 1.7262132 1.7274686 1.8012592 1.7546697 1.8247082 1.8053472 1.9001384 1.8975318 1.8987310 1.8035749 1.2942724 2.0232262 2.0850504 0.0000010 1.8083603 1.7794335 1.7051074 1.8048289 3.4124713 1.5953818 1.6056895 1.5891742 1.9287548 1.5245931 2.0749344 2.6347054 1.9799626 3.3500669 2.7285161 2.3380642 3.6879828 2.5766929 2.4968065 2.4684712 2.5254377 2.3261246 2.0735764 2.3784466 2.2941975 2.6722954 2.4274428 2.2258855 2.1898508 2.4007275 2.5842326 3.1656350 1.8043494 2.2862005 2.2708324 2.1995328 2.6877226 2.7959568 2.8633443 2.3995226 2.7219990 2.7236534 2.8748310 2.7587809 3.0213697 3.3013961 
Adig_XM_015913939.1                                   1.3706316 1.2901408 1.3252693 1.4885358 1.4315587 1.3932899 0.8935663 0.8439518 0.0000000 0.0555080 0.2506395 0.3141605 0.4328857 0.4451683 0.4248758 1.6428811 1.6598566 1.9794078 1.9026408 1.9680389 1.9294629 2.0902802 2.1078348 2.0574697 1.9128022 1.3619203 3.0884555 2.3030601 0.0000010 1.9290711 1.7058189 1.6962518 1.7754948 2.1110145 1.6031658 1.6010130 1.7716869 2.0094063 1.5316619 1.9499144 2.3459578 1.7755283 3.3500669 2.8687342 2.5731333 3.2054566 2.5018672 2.2088828 2.3938896 2.1914655 2.2361753 2.0347694 2.3388297 2.2078334 2.2820430 2.1629765 2.0972696 2.0551000 2.2093558 2.4709693 2.8297443 1.8115621 2.3158881 2.1371149 2.1275553 2.4967461 2.3571611 2.4962273 2.5920867 2.7664572 2.9342252 2.8014039 3.0972340 3.1242763 2.8423570 
Amil_Amillepora20168-RA                               1.3217153 1.1559307 1.3596054 1.3098711 1.4415307 1.4490784 0.8242828 0.8751994 0.0555080 0.0000000 0.2149779 0.2843140 0.3322435 0.4104117 0.4316317 1.7238179 1.7045541 1.8184054 1.7691327 1.9085589 1.8580072 1.9722595 1.9842845 1.9600199 1.7173953 1.1937888 1.8228797 1.7691375 1.0643972 1.7516356 1.6587255 1.8846926 1.6864259 1.3968574 1.7565817 1.5267295 1.5750034 1.7673303 1.4157646 1.6241656 1.9502479 1.7719238 1.4506171 2.6208193 2.5743823 2.5880868 2.4174961 2.5320046 2.5199306 2.3905794 2.3598582 2.4270148 2.4656181 1.9757236 2.0245113 2.1850061 2.0544241 2.2435219 2.3718612 2.4131436 2.6467864 1.8427021 2.0533385 2.0275026 2.3016598 2.1071915 2.4546526 2.4766163 2.1451095 2.6020448 2.7348893 2.6052945 2.6836436 2.6822545 3.3401478 
Gfas_gfas1.m1.5458.m1                                 1.2072422 1.1431757 1.2939753 1.3154853 1.4030641 1.4145600 0.8234545 0.8551275 0.2506395 0.2149779 0.0000000 0.2303025 0.2725042 0.3439280 0.3520159 1.6931138 1.6567004 1.7696842 1.7456533 1.8126562 1.7722144 1.8225947 1.8277868 1.8293841 1.7076176 1.2930823 1.9399479 1.8665678 1.1639779 1.7288842 1.5978944 1.6770881 1.6375954 1.3030862 1.6729639 1.4699183 1.4582769 1.7984395 1.3316878 1.7169200 2.1190373 1.8814141 1.5366977 2.4723691 2.4361486 2.8883127 2.3953442 2.3959753 2.5735525 2.4654448 2.3771365 2.1326906 2.4163482 2.1067966 2.3078616 2.2537937 2.0701426 2.2179220 2.3212140 2.3944995 2.7704276 1.7836876 2.2979254 2.2627954 2.3534057 2.3647947 2.6802192 2.7365293 2.2837011 2.6250253 2.7408208 2.7482721 2.6020802 2.8531342 3.3602382 
Fspp_ffun1.m4.64.m1                                   1.1826137 1.0919952 1.3154206 1.3385762 1.4615927 1.3774289 0.7939511 0.8420619 0.3141605 0.2843140 0.2303025 0.0000000 0.1599190 0.2399958 0.2533441 1.7890438 1.6411321 1.8381687 1.7536984 1.7994188 1.7589592 1.8199151 1.8249630 1.8517650 1.7145424 1.2555591 1.8554567 1.8472870 1.0964759 1.7840102 1.5921542 1.6204383 1.5845525 1.4175106 1.6722900 1.4763282 1.4792266 1.7304443 1.3382120 1.6784768 2.0872084 1.8171980 1.5375393 2.5199686 2.4060416 2.8670700 2.4587800 2.3895387 2.5646066 2.5149325 2.4086192 2.0182832 2.4488924 2.1036643 2.2883320 2.2870109 2.0969818 2.1852779 2.3918581 2.3225743 2.7671944 1.8302817 2.2319502 2.2094265 2.3516955 2.3770802 2.7095537 2.8757491 2.2230845 2.7454767 2.8868919 2.7093654 2.6560218 2.7816920 3.4175166 
Gasp_gasp1.m3.9023.m1                                 1.3177666 1.3762431 1.5249069 1.4767207 1.7200684 1.4842191 0.8609440 0.8981052 0.4328857 0.3322435 0.2725042 0.1599190 0.0000000 0.2605042 0.2567583 1.9370533 1.9230699 1.9858335 1.9859397 2.1119953 2.0935241 2.1080733 2.1080888 2.1420940 1.9871684 1.0272133 1.7135203 1.8983923 0.0000010 2.0549157 1.8067675 2.2225359 2.1842369 2.4301026 2.0213108 1.8631488 1.7695641 1.9398492 1.4967833 1.7717812 2.3089752 2.0593425 1.0972423 2.5903676 2.6286064 3.0012827 2.8942353 2.7520906 2.8829779 2.7355245 2.6956487 3.9171647 2.8918745 2.2089192 2.7087838 2.8395014 2.8782456 2.8191205 2.7774499 2.9615049 3.1222984 1.9254182 2.5789536 2.2151725 2.4711596 2.4566548 3.3171589 3.0770112 2.5209437 2.7561577 2.8736664 2.7694609 2.8601289 3.1778338 3.9771708 
Spis_XP_022796909_1                                   1.2380607 1.1684453 1.3558065 1.4038301 1.5030656 1.4171039 0.8152318 0.8871687 0.4451683 0.4104117 0.3439280 0.2399958 0.2605042 0.0000000 0.0655231 1.8239478 1.7288336 1.8453765 1.7526758 1.7961100 1.7494925 1.7953133 1.7944402 1.8240880 1.7020682 1.2659867 1.8620608 1.9191210 1.2045835 1.8302000 1.7034228 1.7033499 1.5906549 1.4045853 1.6094484 1.4633568 1.4666159 1.8133205 1.3500639 1.7077959 2.1267721 1.8389025 1.5910633 2.5465583 2.4493470 2.7977344 2.4451550 2.4609218 2.5986747 2.4626143 2.3691378 2.0054337 2.4246774 2.1527379 2.3286894 2.2671138 2.1238251 2.1953064 2.4202941 2.3086877 2.7544489 1.8625966 2.2776452 2.2186787 2.3204148 2.3443669 2.7150754 2.7989625 2.2663834 2.6582022 2.7470706 2.6625137 2.6278392 2.7304206 3.4517195 
Pocdam_XM_027188289.1                                 1.3507374 1.3066511 1.5023746 1.5584417 1.6580550 1.4358362 0.8706128 0.8785928 0.4248758 0.4316317 0.3520159 0.2533441 0.2567583 0.0655231 0.0000000 1.9571830 1.8693062 1.9740909 1.9208657 1.9125443 1.8758883 1.9601782 1.9687538 1.9553625 1.8371027 1.2760055 1.9216102 2.0515473 0.0000010 2.0015381 1.7806987 1.7843258 1.7256250 1.8872642 1.6418673 1.6511098 1.6383873 1.9472815 1.4075787 1.8764684 2.3824162 1.8607107 1.4050767 2.6763704 2.4328522 3.3343921 2.7057546 2.4259902 2.5694848 2.6470744 2.5423437 1.9390916 2.5983716 2.3510647 2.5518835 2.4825792 2.3637363 2.3584433 2.4288420 2.5517236 3.0027696 1.9564615 2.5381080 2.2278294 2.4707998 2.5894729 2.7908980 2.8957982 2.4177660 2.7356055 2.8741255 2.7938467 2.9739881 3.0057176 3.4815840 
Tcas_TC031089_001                                     1.5224047 1.3672388 1.4872636 1.6327261 1.5588171 1.7166856 1.7314806 1.7262132 1.6428811 1.7238179 1.6931138 1.7890438 1.9370533 1.8239478 1.9571830 0.0000000 1.2802662 2.1346349 2.0810499 2.2084932 2.1815518 2.1961042 2.2125198 2.1843534 2.1368802 1.7153436 2.1958293 2.4538993 1.2587252 2.1026351 1.9167413 2.2196273 2.1522668 2.0104724 2.0944715 1.9973196 2.1138577 2.3200149 2.0920764 2.3834042 2.3375216 2.1882034 2.2680472 2.8229701 2.7720258 3.3383135 2.8208269 2.6908211 2.8604281 2.7327638 2.7109371 1.9244393 2.8516708 2.5353670 2.7700376 2.6333978 2.6160509 2.5800497 2.9225593 2.7762972 3.1098622 2.3357168 2.7064714 2.6672145 2.6727094 2.7289328 3.0126938 2.9538310 2.6588578 3.1924036 3.1421829 3.4026206 2.8743868 3.0636382 3.9632765 
Dpul_mRNA12890                                        1.3971733 1.2731507 1.3413421 1.3423369 1.4424058 1.5965514 1.6158666 1.7274686 1.6598566 1.7045541 1.6567004 1.6411321 1.9230699 1.7288336 1.8693062 1.2802662 0.0000000 2.1694255 2.1095625 2.1867151 2.1673655 2.1765912 2.1793731 2.1935004 2.0848458 1.5625147 2.6001440 2.2808359 1.1862402 1.9179538 1.7520233 2.1516660 2.0307700 1.8097994 2.1621180 1.9260489 1.9580459 2.1488564 1.9386155 2.3077305 2.2636784 2.1816302 1.8933677 2.7300564 2.6770536 3.0661577 2.6515943 2.4440534 2.5500803 2.7649200 2.5995075 2.0795141 2.6191402 2.3524981 2.5572920 2.4469530 2.3775658 2.3662788 2.6078530 2.5685159 3.0353713 2.3893941 2.4866645 2.4498396 2.6627359 2.6709776 3.1655038 3.1569821 2.7428051 3.0919706 3.1573743 3.3809236 2.8974243 3.1673144 3.8573547 
Tadh_TriadT56536                                      1.7865842 1.7756990 1.7963222 1.9269140 1.9863474 1.8550305 1.8342578 1.8012592 1.9794078 1.8184054 1.7696842 1.8381687 1.9858335 1.8453765 1.9740909 2.1346349 2.1694255 0.0000000 0.0283446 0.4261060 0.4299171 0.4252431 0.4257061 0.4393982 2.1546949 1.3006711 1.9637771 2.4763054 1.2886308 2.2240518 2.1311992 2.5228554 2.2490784 2.0488789 2.0230344 1.9485666 2.0316345 2.3438791 2.0259170 2.2528977 2.3630713 2.1625956 1.9922229 2.7239727 2.8299852 3.0746404 2.5982404 2.4366616 2.7661933 2.5038084 2.4092642 2.1424387 2.5306917 2.9211357 2.8847684 2.7349591 2.3733796 2.4828654 2.5204302 2.6500061 3.2238855 2.4447489 2.6176504 2.6641871 2.6920061 2.7208470 3.2090327 3.3397633 2.7892855 3.4452823 3.4176452 3.3451841 3.1176506 3.0088131 3.8448225 
TrH2_TrispH2_001895-RA                                1.7192497 1.6960001 1.7108222 1.8574139 1.8974658 1.8835237 1.8062499 1.7546697 1.9026408 1.7691327 1.7456533 1.7536984 1.9859397 1.7526758 1.9208657 2.0810499 2.1095625 0.0283446 0.0000000 0.3803213 0.3860647 0.3901536 0.3905426 0.3920939 2.0895949 1.3246480 2.0852953 2.4248807 1.2886308 2.1176128 2.0791491 2.3756438 2.1311620 1.9478311 1.9977422 1.8755794 1.9968483 2.2738945 1.9260383 2.2259167 2.4272644 2.1304735 2.1818713 2.7944798 2.8522984 3.0933039 2.6937135 2.4596862 2.7681481 2.5465201 2.4163634 2.1888605 2.5910463 2.7687653 2.7863993 2.6741548 2.3833804 2.5016889 2.5425750 2.6172633 3.1034336 2.3570453 2.5422083 2.6780757 2.6314959 2.6782055 3.0647831 3.1688279 2.7025800 3.2637985 3.2321758 3.1728912 2.9063058 2.8857545 3.7309577 
HoiH06_mRNA8668                                       1.7826132 1.8242827 1.7982094 1.9240746 1.9642211 1.8971483 1.9266559 1.8247082 1.9680389 1.9085589 1.8126562 1.7994188 2.1119953 1.7961100 1.9125443 2.2084932 2.1867151 0.4261060 0.3803213 0.0000000 0.0559613 0.1169908 0.1183400 0.1517686 2.1665248 1.5430191 2.0768774 2.5207834 1.4973974 2.2531513 2.1873254 2.3248811 2.1912201 1.9442828 1.9988053 1.9215269 1.9834883 2.3242377 1.9068828 2.3034720 2.5065446 2.1892963 2.0555319 2.8259801 2.9093250 3.1154309 2.5542673 2.2777847 2.6741127 2.5357018 2.3641086 1.9853768 2.5117831 2.7233025 2.8256483 2.6643424 2.4436071 2.4700886 2.5145922 2.7189102 3.1084856 2.3044737 2.6407840 2.6163100 2.7346710 2.7114856 3.0562248 3.1096339 2.6623076 3.1543649 3.1279036 3.2249371 2.9794995 2.8838806 3.8289984 
HoiH23_PlH23_004661-RA                                1.7588523 1.8100942 1.7845235 1.9217706 1.9703997 1.9305985 1.8721147 1.8053472 1.9294629 1.8580072 1.7722144 1.7589592 2.0935241 1.7494925 1.8758883 2.1815518 2.1673655 0.4299171 0.3860647 0.0559613 0.0000000 0.1243546 0.1268419 0.1740791 2.1275694 1.4491989 2.0529683 2.4326914 1.4450040 2.1994728 2.2063834 2.3248126 2.1612615 2.0055248 2.0137582 1.9036785 1.9632925 2.2749675 1.9416882 2.2913762 2.4668011 2.1554349 2.0068483 2.7546827 2.9048084 3.1141852 2.5257763 2.2283988 2.6843827 2.5321414 2.3820593 1.9556911 2.5158742 2.6471141 2.7699569 2.6516124 2.3927542 2.4592201 2.5239912 2.6933198 3.0254456 2.2888456 2.5682175 2.6340744 2.6859037 2.6524529 3.0281602 3.1382406 2.6189737 3.1033338 3.0898906 3.1285889 2.9021376 2.8511127 3.8565487 
Hhon_g08062.t1                                        1.7825989 1.8280241 1.7955626 1.9064436 1.9557138 1.9476844 1.9024201 1.9001384 2.0902802 1.9722595 1.8225947 1.8199151 2.1080733 1.7953133 1.9601782 2.1961042 2.1765912 0.4252431 0.3901536 0.1169908 0.1243546 0.0000000 0.0062618 0.1901033 2.1831353 1.7468015 2.1248891 2.4261216 1.4202897 2.2510483 2.1818679 2.3483436 2.2733915 2.0780882 2.0846815 1.9891768 1.9883144 2.2959762 1.9460120 2.3482838 2.3914096 2.1853768 2.0195310 2.9028714 3.0394142 3.1786377 2.6480864 2.4520894 2.7829335 2.6358786 2.4768205 2.2704320 2.6057474 2.7648859 2.8475696 2.6796515 2.4672289 2.4867494 2.6119959 2.7482175 3.0946068 2.3279549 2.6430818 2.7208260 2.7333173 2.6987202 3.1522629 3.2199688 2.6882443 3.1225870 3.1013360 3.2075246 2.8643381 2.9724791 3.9190371 
HoiH04_mRNA5332                                       1.7851971 1.8310626 1.8053358 1.9218682 1.9624036 1.9614392 1.8987015 1.8975318 2.1078348 1.9842845 1.8277868 1.8249630 2.1080888 1.7944402 1.9687538 2.2125198 2.1793731 0.4257061 0.3905426 0.1183400 0.1268419 0.0062618 0.0000000 0.1925964 2.1876269 1.7555380 2.1154683 2.4501977 1.4202897 2.2500518 2.1849221 2.3490276 2.2732662 2.1024744 2.1012283 1.9994520 1.9936648 2.2977580 1.9446317 2.3638793 2.4041733 2.1913495 2.0195310 2.8997595 3.0384494 3.1955456 2.6552113 2.4454426 2.7913427 2.6408009 2.4842210 2.2704320 2.6108574 2.7676422 2.8413205 2.6765907 2.4635339 2.4886147 2.6203488 2.7548302 3.1047411 2.3339429 2.6395570 2.7202223 2.7245059 2.7101693 3.1742359 3.2372560 2.6831390 3.1248133 3.1058052 3.1978439 2.8731840 2.9683288 3.9441030 
HoiH11_mRNA596                                        1.7880507 1.8109270 1.7774388 1.9148215 1.9508501 1.9377221 1.9325881 1.8987310 2.0574697 1.9600199 1.8293841 1.8517650 2.1420940 1.8240880 1.9553625 2.1843534 2.1935004 0.4393982 0.3920939 0.1517686 0.1740791 0.1901033 0.1925964 0.0000000 2.0984707 1.4516579 2.1875156 2.4092609 1.5751847 2.2161251 2.1706946 2.3616084 2.1634462 2.0194059 2.0709789 1.9817373 2.0122719 2.2835633 1.9632972 2.3026355 2.4352199 2.1543037 2.0072570 2.8200346 2.8818983 3.0802362 2.5963797 2.3436973 2.7374371 2.5870223 2.4371152 2.1034351 2.5837102 2.6313159 2.7860443 2.7044246 2.4151269 2.5041036 2.5628566 2.6479275 3.0211351 2.3104335 2.6134996 2.5796936 2.7113410 2.7434562 3.0249471 2.9787142 2.6616759 3.0837630 3.0932466 3.0699380 2.9576634 2.8934657 3.8922967 
Emue_Em0023g752a.t1                                   1.6612870 1.6345759 1.7790957 1.6378457 1.8837552 1.8917327 1.8649960 1.8035749 1.9128022 1.7173953 1.7076176 1.7145424 1.9871684 1.7020682 1.8371027 2.1368802 2.0848458 2.1546949 2.0895949 2.1665248 2.1275694 2.1831353 2.1876269 2.0984707 0.0000000 0.2124113 0.9793412 0.9706326 1.1731440 1.3479904 2.0573964 2.4568162 2.1455846 1.8094182 2.2169082 2.0159293 2.0512451 2.2426449 2.0801574 2.2146741 2.5279669 2.1853327 1.8027848 2.0016877 1.8916413 3.0882984 2.6122362 2.4059085 2.8657122 2.6035657 2.5075827 2.3576727 2.6041338 2.4730451 2.6375769 2.5169612 2.4207410 2.4703806 2.6783036 2.5269663 3.1523958 2.3249118 2.4715100 2.5079887 2.7040695 2.8363862 2.8909437 3.1230445 2.5488089 3.1186005 3.1037782 3.2310683 3.0463025 3.2708184 3.6251571 
Spolac_c110363_g1_i1_m.45599c110363-g1                1.3742375 1.3415244 1.3761569 1.3645705 1.4775652 1.6233425 1.3423103 1.2942724 1.3619203 1.1937888 1.2930823 1.2555591 1.0272133 1.2659867 1.2760055 1.7153436 1.5625147 1.3006711 1.3246480 1.5430191 1.4491989 1.7468015 1.7555380 1.4516579 0.2124113 0.0000000 3.9384029 1.8195960 0.0000010 1.2597771 1.5376499 1.6435471 1.5502694 4.1559302 1.4318808 1.4411663 1.5317481 2.0736418 1.8212918 2.3888718 9.0000000 1.8269231 0.0000010 1.8806946 1.5703376 4.8132053 2.0782211 2.2492687 2.2763465 2.2634461 2.1078086 2.3531357 2.0860325 2.3674868 2.0658759 1.7693201 1.8301059 1.6019688 1.9672578 1.8265561 2.9806966 1.7044481 2.0793599 1.9918606 2.1618574 2.1639948 2.1883863 2.5754454 2.1828405 2.4864385 2.5003251 2.7218037 0.0000010 3.4112678 2.5889483 
Stycar_maker-SC_scaffold3311-augustus-gene-0.5-mRNA-1 1.5364896 1.8776172 1.8631369 1.9427764 1.8721678 1.8507213 1.9879618 2.0232262 3.0884555 1.8228797 1.9399479 1.8554567 1.7135203 1.8620608 1.9216102 2.1958293 2.6001440 1.9637771 2.0852953 2.0768774 2.0529683 2.1248891 2.1154683 2.1875156 0.9793412 3.9384029 0.0000000 0.6920690 0.0000010 1.4605745 2.3749024 3.2349491 2.8393171 0.0000010 2.9714737 2.8342649 2.6303416 2.5879053 2.0846025 2.4510405 2.3776059 2.2541559 0.0000010 2.0337482 1.8759476 3.6392945 3.0237597 2.7562526 2.8863724 2.9840525 3.0080933 7.5634895 2.8628829 2.9674764 3.2380125 3.3048110 3.3395137 3.2262337 3.0916977 3.6784093 3.3016465 2.5595303 3.0557559 2.4605732 3.3260061 3.5853872 3.6509071 3.3179801 3.0154450 3.1771838 3.5027806 3.5519901 3.1048708 4.0479056 5.1866167 
Tetwil_g21683.t2                                      1.6680678 1.6834928 1.8998623 1.9102857 1.9733414 1.8913404 1.9195043 2.0850504 2.3030601 1.7691375 1.8665678 1.8472870 1.8983923 1.9191210 2.0515473 2.4538993 2.2808359 2.4763054 2.4248807 2.5207834 2.4326914 2.4261216 2.4501977 2.4092609 0.9706326 1.8195960 0.6920690 0.0000000 1.1710735 1.5180455 2.3617098 2.6097147 2.3457155 1.7997591 2.4262722 2.0862981 2.0463186 2.5094876 2.2135635 2.1456386 2.5064290 2.5896144 2.1964649 2.0958180 1.8092785 2.7188011 2.8190253 2.4943865 3.0190951 2.7641903 2.7031831 0.0000010 2.7058823 2.7859390 2.8414305 2.8557809 2.6242201 2.6837651 2.9954207 2.8257759 3.1725135 2.4721811 2.5687788 2.4550750 2.6322481 2.8014650 2.9562722 3.1756144 2.6734939 3.3304846 3.3496300 3.4167755 3.2621700 3.2594365 3.5616198 
Xestes_maker-XT_scaffold22427-snap-gene-0.3-mRNA-1    1.3107428 1.1330951 1.2028623 1.1275066 1.2935403 0.0000010 1.2259440 0.0000010 0.0000010 1.0643972 1.1639779 1.0964759 0.0000010 1.2045835 0.0000010 1.2587252 1.1862402 1.2886308 1.2886308 1.4973974 1.4450040 1.4202897 1.4202897 1.5751847 1.1731440 0.0000010 0.0000010 1.1710735 0.0000000 1.2569655 1.5991328 0.8963533 1.4893702 1.3787808 0.0000010 1.3682977 1.3069018 1.3432574 1.7526029 1.6851138 1.3669954 1.3629654 1.9144049 1.2753205 1.3052593 1.3844528 1.6497257 0.0000010 0.0000010 1.6786601 1.6098442 0.0000010 1.4344781 1.8707147 1.9763489 1.6468398 1.3234334 1.8169486 4.7927952 1.7572347 2.0110046 1.7750580 1.6128390 0.0000010 1.7241197 1.9692299 2.5061151 2.1166284 1.5120440 2.8708178 3.0874767 2.8215654 2.0638390 2.0535707 2.6739650 
Plespi_Pspi_C615464_01                                1.7071185 1.5469035 1.7028118 1.7708718 1.7880547 1.8495873 1.7807652 1.8083603 1.9290711 1.7516356 1.7288842 1.7840102 2.0549157 1.8302000 2.0015381 2.1026351 1.9179538 2.2240518 2.1176128 2.2531513 2.1994728 2.2510483 2.2500518 2.2161251 1.3479904 1.2597771 1.4605745 1.5180455 1.2569655 0.0000000 2.0501611 2.3130898 2.1271968 1.7514198 2.1168556 1.9513818 2.0462824 2.2736885 2.0031914 2.2189746 2.3478875 2.2292362 1.6988998 2.2129582 2.0789634 2.9392287 2.5876080 2.5309422 2.8740947 2.6966762 2.5023409 2.4165196 2.4929249 2.5001987 2.6051923 2.4678451 2.3065627 2.3428476 2.7022591 2.5713454 2.9448433 2.3828256 2.4246149 2.6057774 2.4485064 2.8781713 2.8316934 2.8566115 2.4807523 3.0808474 3.1706814 3.0896556 2.9492468 2.9044774 3.3977297 
Bralan_BLAG01000243_1                                 1.4628877 1.3936515 1.5996608 1.5406471 1.5698781 1.5856430 1.7778507 1.7794335 1.7058189 1.6587255 1.5978944 1.5921542 1.8067675 1.7034228 1.7806987 1.9167413 1.7520233 2.1311992 2.0791491 2.1873254 2.2063834 2.1818679 2.1849221 2.1706946 2.0573964 1.5376499 2.3749024 2.3617098 1.5991328 2.0501611 0.0000000 2.2188911 2.1115017 1.9172286 2.0905313 1.9837129 2.0364234 2.1894255 1.9700407 2.2718109 2.2573578 2.1124476 1.6645457 2.8751636 2.6552559 3.2736649 2.8428157 2.6434913 2.9546546 2.9283490 2.7856667 2.0830050 2.7573814 2.4283308 2.5645590 2.4130884 2.3929742 2.4021996 2.6981200 2.5994531 3.0398804 2.3390288 2.4423702 2.3433023 2.5217973 2.5625444 2.7319618 2.8436599 2.4536314 3.1669986 3.0623410 3.0590749 2.8859110 3.1057557 3.7123812 
Hvul_g626_1                                           1.7321855 1.5725179 1.8017091 1.7900330 2.1020925 2.1678636 1.6352241 1.7051074 1.6962518 1.8846926 1.6770881 1.6204383 2.2225359 1.7033499 1.7843258 2.2196273 2.1516660 2.5228554 2.3756438 2.3248811 2.3248126 2.3483436 2.3490276 2.3616084 2.4568162 1.6435471 3.2349491 2.6097147 0.8963533 2.3130898 2.2188911 0.0000000 1.0280977 1.0535835 1.6906479 1.4862982 1.4712603 1.8081407 1.8919291 2.2569475 2.5660235 2.3331447 1.8237804 2.6916075 2.8114202 3.4633913 2.7068386 2.2877099 2.6484133 2.7275714 2.8355281 1.3197441 2.8030926 2.8841322 2.9723623 2.6134653 2.7916895 2.6588318 2.8245970 2.8984679 3.7488284 2.4677263 2.7992325 2.8098341 3.0732063 2.8491802 3.4604412 3.5085772 2.6278181 3.6783425 3.6492904 3.3006550 3.3502073 3.3011637 4.1653769 
Chem_TCONS_00008426                                   1.6582815 1.5082399 1.6694892 1.7468204 1.8665778 2.0606878 1.6328092 1.8048289 1.7754948 1.6864259 1.6375954 1.5845525 2.1842369 1.5906549 1.7256250 2.1522668 2.0307700 2.2490784 2.1311620 2.1912201 2.1612615 2.2733915 2.2732662 2.1634462 2.1455846 1.5502694 2.8393171 2.3457155 1.4893702 2.1271968 2.1115017 1.0280977 0.0000000 1.1958374 1.6764263 1.4058079 1.3953097 1.7662813 1.8460700 2.3610092 2.5339257 2.2164223 1.7515771 2.7902153 2.8718568 3.3911793 2.7156812 2.5892948 2.8740292 2.7823677 2.7193591 1.8494468 2.5828498 2.4177492 2.6323388 2.4757188 2.5143844 2.4769417 2.8783215 2.7652149 3.0221454 2.3886525 2.4978973 2.6296960 2.7965835 2.7146254 2.9444824 3.0656030 2.3810913 3.1667870 2.9949819 3.0925115 2.9414253 2.9342162 3.7170298 
Aaur_scaffold596.g2.t1                                1.4909953 1.3016569 1.5952819 1.6961799 1.6563236 4.0304860 1.4180326 3.4124713 2.1110145 1.3968574 1.3030862 1.4175106 2.4301026 1.4045853 1.8872642 2.0104724 1.8097994 2.0488789 1.9478311 1.9442828 2.0055248 2.0780882 2.1024744 2.0194059 1.8094182 4.1559302 0.0000010 1.7997591 1.3787808 1.7514198 1.9172286 1.0535835 1.1958374 0.0000000 0.6764542 0.4392559 0.5370611 1.3524635 1.6960369 2.0398440 2.3487724 2.4235826 1.6158541 2.7828755 4.0394133 2.6070463 2.4337790 3.5772738 3.0659318 2.5000020 2.3685114 3.1173079 2.5564820 2.5186816 2.3011216 2.3202387 2.1820095 2.2475246 2.3966557 2.1452562 2.9129395 2.4429906 2.3935215 2.9920169 2.5976655 2.3509778 3.1927046 3.0521915 2.3838443 3.0602567 3.0888193 3.1405571 2.5102800 2.5052561 4.1637265 
Nemnom_g15189.t1                                      1.8178357 1.7292303 1.7839101 1.9831929 1.8854871 1.8043031 1.5515208 1.5953818 1.6031658 1.7565817 1.6729639 1.6722900 2.0213108 1.6094484 1.6418673 2.0944715 2.1621180 2.0230344 1.9977422 1.9988053 2.0137582 2.0846815 2.1012283 2.0709789 2.2169082 1.4318808 2.9714737 2.4262722 0.0000010 2.1168556 2.0905313 1.6906479 1.6764263 0.6764542 0.0000000 0.2049231 0.7632075 1.6876974 1.8608267 2.1876943 2.8938948 2.3283510 1.8228167 2.9184729 2.7805633 3.5753336 2.5499086 2.4663302 2.4487889 2.5951087 2.3888614 2.0576678 2.5637835 2.6338622 2.8143674 2.8405675 2.3955911 2.5368429 2.4811056 2.8283860 3.2824566 2.3687590 2.6173862 2.4360768 2.7941232 3.0776204 2.9265868 2.9414239 2.8150940 3.2499819 3.3388139 3.3521460 3.5820109 3.4016710 3.6463714 
Rhoesc_Res_008171-T1                                  1.5795234 1.4924191 1.5709253 1.7250624 1.7178929 1.8305704 1.4393493 1.6056895 1.6010130 1.5267295 1.4699183 1.4763282 1.8631488 1.4633568 1.6511098 1.9973196 1.9260489 1.9485666 1.8755794 1.9215269 1.9036785 1.9891768 1.9994520 1.9817373 2.0159293 1.4411663 2.8342649 2.0862981 1.3682977 1.9513818 1.9837129 1.4862982 1.4058079 0.4392559 0.2049231 0.0000000 0.6354391 1.5272530 1.7420175 2.1027273 2.6357028 2.3150336 1.6436689 2.8154524 2.9068175 3.0994975 2.4033052 2.5536448 2.4914851 2.5322347 2.3679755 2.2900618 2.4875969 2.4497757 2.5492863 2.4991487 2.2894393 2.3546688 2.4894331 2.4998911 3.0110783 2.3011983 2.2842982 2.4276026 2.5552412 2.7569192 2.8763339 2.9297456 2.5576106 3.0240710 3.0736183 3.1644231 3.0525906 2.9545842 3.5984628 
Sanmal_Sma_001466-T1                                  1.5409116 1.4256016 1.6521097 1.7049528 1.8465327 1.9976888 1.4219146 1.5891742 1.7716869 1.5750034 1.4582769 1.4792266 1.7695641 1.4666159 1.6383873 2.1138577 1.9580459 2.0316345 1.9968483 1.9834883 1.9632925 1.9883144 1.9936648 2.0122719 2.0512451 1.5317481 2.6303416 2.0463186 1.3069018 2.0462824 2.0364234 1.4712603 1.3953097 0.5370611 0.7632075 0.6354391 0.0000000 1.5058974 1.7134792 2.1518255 2.3989956 2.2175073 1.5570439 2.6345661 2.7323102 3.0702411 2.3987617 2.4740224 2.5185801 2.4709551 2.3585450 1.3983452 2.4921807 2.4904460 2.6437249 2.4124100 2.2360341 2.3443165 2.4907743 2.5560379 3.0863228 2.2421827 2.5289501 2.7155232 2.8792814 2.7156773 3.1475536 3.2938563 2.4648721 3.0974010 3.1928718 3.1554930 2.8053473 3.0070554 3.9163529 
Morvir_scaffold75.g39.t1                              1.9593918 1.8591351 1.9176277 1.8888637 1.9730657 2.1684133 1.7664438 1.9287548 2.0094063 1.7673303 1.7984395 1.7304443 1.9398492 1.8133205 1.9472815 2.3200149 2.1488564 2.3438791 2.2738945 2.3242377 2.2749675 2.2959762 2.2977580 2.2835633 2.2426449 2.0736418 2.5879053 2.5094876 1.3432574 2.2736885 2.1894255 1.8081407 1.7662813 1.3524635 1.6876974 1.5272530 1.5058974 0.0000000 1.9973033 2.3055513 2.7661883 2.4916055 2.4625432 2.9921173 3.4914600 3.4265063 2.8205557 2.7702951 2.8658010 2.8211782 2.7472851 2.4917161 2.7846760 2.6586883 2.8055108 2.7346266 2.7770472 2.7837104 3.0559909 2.9200814 3.1896164 2.5740196 2.6493399 2.7664684 3.0229369 3.0262166 3.1163006 3.3221394 2.5901812 3.5409955 3.5713338 3.6498034 3.3690873 3.4891286 4.2896068 
Dgig_XM_028557779.1                                   1.5408216 1.4677566 1.6255533 1.7373870 1.6852409 1.7109251 1.3792567 1.5245931 1.5316619 1.4157646 1.3316878 1.3382120 1.4967833 1.3500639 1.4075787 2.0920764 1.9386155 2.0259170 1.9260383 1.9068828 1.9416882 1.9460120 1.9446317 1.9632972 2.0801574 1.8212918 2.0846025 2.2135635 1.7526029 2.0031914 1.9700407 1.8919291 1.8460700 1.6960369 1.8608267 1.7420175 1.7134792 1.9973033 0.0000000 0.9053057 2.3958541 2.1205007 1.8563985 2.8094559 2.8357197 3.1167152 2.5962356 2.6624844 2.7911513 2.7118744 2.5733349 2.3415484 2.5710343 2.4640476 2.5543236 2.5516296 2.3142807 2.3926760 2.7424982 2.6253813 2.8359172 2.3432618 2.5793579 2.5703501 2.5852626 2.5221640 2.9036776 2.9450582 2.5987326 2.8981665 2.8878736 3.0109239 2.9143389 2.9795438 3.7686491 
Xesp_011461-T1                                        1.8829877 1.7523048 1.9588786 2.0047075 1.9982977 2.0846142 1.7212617 2.0749344 1.9499144 1.6241656 1.7169200 1.6784768 1.7717812 1.7077959 1.8764684 2.3834042 2.3077305 2.2528977 2.2259167 2.3034720 2.2913762 2.3482838 2.3638793 2.3026355 2.2146741 2.3888718 2.4510405 2.1456386 1.6851138 2.2189746 2.2718109 2.2569475 2.3610092 2.0398440 2.1876943 2.1027273 2.1518255 2.3055513 0.9053057 0.0000000 2.6412608 2.4969716 2.4875268 2.9915068 3.1664245 3.4662825 2.8470329 3.1242270 3.1568991 3.0529649 3.0558008 3.6460016 2.9922629 2.5855432 2.6956048 3.1910345 2.8229190 2.7592740 2.9821380 2.9240977 3.2358412 2.5815673 2.8525234 2.7612758 2.8729814 2.9308278 3.2393964 3.2934473 2.9951108 3.2772667 3.3706534 3.5422050 3.4116475 3.6168342 4.0495018 
Ocar_g4613                                            2.0206988 1.9328346 2.0877414 2.1473042 2.1142834 2.1146380 2.2311042 2.6347054 2.3459578 1.9502479 2.1190373 2.0872084 2.3089752 2.1267721 2.3824162 2.3375216 2.2636784 2.3630713 2.4272644 2.5065446 2.4668011 2.3914096 2.4041733 2.4352199 2.5279669 9.0000000 2.3776059 2.5064290 1.3669954 2.3478875 2.2573578 2.5660235 2.5339257 2.3487724 2.8938948 2.6357028 2.3989956 2.7661883 2.3958541 2.6412608 0.0000000 0.0540772 1.4647231 3.0091352 3.5608186 2.9921091 3.2444603 3.3816969 3.6642069 3.2289398 3.3275741 4.9323889 3.1127086 2.8495248 2.9223397 2.8167534 2.6886434 2.9091595 3.2048905 2.9730304 3.0854022 2.8593232 2.8943238 2.8098911 3.0055434 2.6746584 3.1450708 3.2452210 2.6238855 3.3319379 3.3498055 3.2606885 3.0669505 3.2029656 3.5275043 
Opea_EP00118_Oscarella_pearsei_P011593                1.8633969 1.7329565 1.9302920 2.0043315 2.0757191 1.8340258 1.9504296 1.9799626 1.7755283 1.7719238 1.8814141 1.8171980 2.0593425 1.8389025 1.8607107 2.1882034 2.1816302 2.1625956 2.1304735 2.1892963 2.1554349 2.1853768 2.1913495 2.1543037 2.1853327 1.8269231 2.2541559 2.5896144 1.3629654 2.2292362 2.1124476 2.3331447 2.2164223 2.4235826 2.3283510 2.3150336 2.2175073 2.4916055 2.1205007 2.4969716 0.0540772 0.0000000 1.4774429 2.7881682 2.7626879 3.5605770 2.9309716 2.7803632 3.1611652 3.0397431 3.0534790 2.5675601 2.8170224 2.7669543 2.8601731 2.6260392 2.4651644 2.5416136 2.7675545 2.7021537 3.0420384 2.6520629 2.8359535 2.7986054 2.9995310 2.6540675 3.2023745 3.3502543 2.7197620 3.3957545 3.3384530 3.2473771 3.0065408 3.1545035 3.6489948 
Plajan_Pjan_scaffold16271_01                          1.4713198 1.3668209 1.6337186 1.8181459 2.0410794 0.8620034 1.6428957 3.3500669 3.3500669 1.4506171 1.5366977 1.5375393 1.0972423 1.5910633 1.4050767 2.2680472 1.8933677 1.9922229 2.1818713 2.0555319 2.0068483 2.0195310 2.0195310 2.0072570 1.8027848 0.0000010 0.0000010 2.1964649 1.9144049 1.6988998 1.6645457 1.8237804 1.7515771 1.6158541 1.8228167 1.6436689 1.5570439 2.4625432 1.8563985 2.4875268 1.4647231 1.4774429 0.0000000 2.5155986 3.7480131 2.8870022 2.3501417 0.0000010 3.3500669 2.8092234 2.7332572 0.0000010 2.7460115 2.7441297 2.6478194 1.9772856 2.2515620 2.0493610 5.4875779 2.4621842 2.8661798 2.5206644 2.4146660 3.3500669 2.2816315 2.7975828 3.4280967 3.0988646 2.3685244 3.3607228 3.3452920 3.4565290 2.8968413 2.4397969 5.3915665 
Aque_Aqu2.1.30585_001                                 2.5159046 2.5000418 2.5125667 2.6145606 2.5196326 2.7918356 2.5087107 2.7285161 2.8687342 2.6208193 2.4723691 2.5199686 2.5903676 2.5465583 2.6763704 2.8229701 2.7300564 2.7239727 2.7944798 2.8259801 2.7546827 2.9028714 2.8997595 2.8200346 2.0016877 1.8806946 2.0337482 2.0958180 1.2753205 2.2129582 2.8751636 2.6916075 2.7902153 2.7828755 2.9184729 2.8154524 2.6345661 2.9921173 2.8094559 2.9915068 3.0091352 2.7881682 2.5155986 0.0000000 0.9635631 3.7305789 3.0996059 3.0260964 3.2826457 3.0299464 2.8894487 3.7021938 3.1270851 3.4170663 3.3548753 3.1929173 3.2298390 3.1595412 3.3834477 3.3047873 3.9621404 3.0828408 3.0974576 3.3045021 3.4357636 3.7065457 3.6378114 3.9502121 3.0426785 4.0077560 4.0851723 3.8080384 4.0903122 3.8446994 4.3565091 
Halamb_c48586_g3_i2m.24474                            2.4571825 2.1797709 2.3874754 2.6392709 2.5230997 2.5224661 2.4721135 2.3380642 2.5731333 2.5743823 2.4361486 2.4060416 2.6286064 2.4493470 2.4328522 2.7720258 2.6770536 2.8299852 2.8522984 2.9093250 2.9048084 3.0394142 3.0384494 2.8818983 1.8916413 1.5703376 1.8759476 1.8092785 1.3052593 2.0789634 2.6552559 2.8114202 2.8718568 4.0394133 2.7805633 2.9068175 2.7323102 3.4914600 2.8357197 3.1664245 3.5608186 2.7626879 3.7480131 0.9635631 0.0000000 4.0944086 2.9883382 2.8369540 3.1311396 2.9313338 2.9603220 2.8758959 2.9480138 3.3880585 3.1281836 3.2291725 3.1234518 3.0363643 3.1344365 3.3234311 3.9328633 2.7726195 3.3786032 3.2262461 3.5672208 3.6322182 3.7109660 3.9504115 3.1007865 4.2952483 4.3280811 4.0588531 4.3595430 4.2495104 4.1928862 
Mlei_ML1932.g15.i1                                    2.7784875 2.8040269 2.7618960 2.9682387 2.9107334 3.6363643 2.6862293 3.6879828 3.2054566 2.5880868 2.8883127 2.8670700 3.0012827 2.7977344 3.3343921 3.3383135 3.0661577 3.0746404 3.0933039 3.1154309 3.1141852 3.1786377 3.1955456 3.0802362 3.0882984 4.8132053 3.6392945 2.7188011 1.3844528 2.9392287 3.2736649 3.4633913 3.3911793 2.6070463 3.5753336 3.0994975 3.0702411 3.4265063 3.1167152 3.4662825 2.9921091 3.5605770 2.8870022 3.7305789 4.0944086 0.0000000 1.3435773 2.3493207 1.5409045 1.4483442 1.2951282 4.8967127 1.2234679 3.2092620 3.6585028 4.1824413 3.4574160 3.4883121 4.0514314 3.7028770 4.0951187 3.3530745 3.7290204 3.8023784 3.7685001 3.5823661 3.9099602 3.9722273 3.4618546 4.0261057 4.1179890 4.2049814 3.5978801 3.7287160 5.5388983 
Horcal_Hcv1.av93.c3.g1115.i1                          2.3824005 2.3682730 2.4534591 2.4436902 2.6003708 2.7685476 2.2625173 2.5766929 2.5018672 2.4174961 2.3953442 2.4587800 2.8942353 2.4451550 2.7057546 2.8208269 2.6515943 2.5982404 2.6937135 2.5542673 2.5257763 2.6480864 2.6552113 2.5963797 2.6122362 2.0782211 3.0237597 2.8190253 1.6497257 2.5876080 2.8428157 2.7068386 2.7156812 2.4337790 2.5499086 2.4033052 2.3987617 2.8205557 2.5962356 2.8470329 3.2444603 2.9309716 2.3501417 3.0996059 2.9883382 1.3435773 0.0000000 0.4242282 0.7127500 0.8582093 0.7649397 0.4840089 0.7164702 2.8623018 2.8974165 2.9889331 2.9409672 2.9413500 3.1732349 3.3140409 3.4382896 2.7578733 2.9586229 3.0959488 3.2218167 3.2166434 3.3812969 3.3933097 2.9787542 3.5991715 3.5762276 3.3416730 3.4447719 3.3387974 4.3552583 
Beraby_Baby_sb333618                                  2.3357053 2.0504909 2.3074932 2.3792026 2.6075463 2.6765346 2.2055885 2.4968065 2.2088828 2.5320046 2.3959753 2.3895387 2.7520906 2.4609218 2.4259902 2.6908211 2.4440534 2.4366616 2.4596862 2.2777847 2.2283988 2.4520894 2.4454426 2.3436973 2.4059085 2.2492687 2.7562526 2.4943865 0.0000010 2.5309422 2.6434913 2.2877099 2.5892948 3.5772738 2.4663302 2.5536448 2.4740224 2.7702951 2.6624844 3.1242270 3.3816969 2.7803632 0.0000010 3.0260964 2.8369540 2.3493207 0.4242282 0.0000000 0.4627028 0.6772999 0.5834539 0.4684799 0.5166863 2.5666336 2.9813965 2.9009416 2.9463620 2.9629646 2.9966217 3.4718082 3.5311014 2.7623364 2.9532528 2.6756982 3.7550102 3.4688736 3.6628784 3.6633131 3.1204184 3.4933906 3.4718936 3.3623378 3.6853403 3.8204519 4.5151222 
Drygla_Dgla_sb294146                                  2.5619511 2.4195218 2.4941202 2.5763938 2.5817319 2.7584298 2.3514029 2.4684712 2.3938896 2.5199306 2.5735525 2.5646066 2.8829779 2.5986747 2.5694848 2.8604281 2.5500803 2.7661933 2.7681481 2.6741127 2.6843827 2.7829335 2.7913427 2.7374371 2.8657122 2.2763465 2.8863724 3.0190951 0.0000010 2.8740947 2.9546546 2.6484133 2.8740292 3.0659318 2.4487889 2.4914851 2.5185801 2.8658010 2.7911513 3.1568991 3.6642069 3.1611652 3.3500669 3.2826457 3.1311396 1.5409045 0.7127500 0.4627028 0.0000000 0.8908937 0.7779241 0.5240769 0.7354867 3.0337088 3.2321749 3.4704343 3.1007713 3.1085990 3.1534254 3.3255563 3.6203591 2.8647616 3.1695301 3.0059051 3.6020556 3.3143522 3.6584526 3.6102427 3.0901706 3.6784959 3.7095664 3.7379707 3.9886397 3.9129799 4.3054243 
