63
Hsap_ENST00000371180                                   0.0000000 1.9890241 2.5261523 1.2745240 2.5399673 1.9471369 1.5709800 2.1710945 2.2543160 1.8979196 1.6096051 1.6394541 1.7813034 1.8618457 1.8334132 1.2790846 1.7680397 1.9219428 1.9916129 2.1338484 1.8261111 1.4112695 1.3964272 1.4826029 1.5469939 2.0289170 2.5533300 2.6146155 2.5189302 2.8882063 2.9575943 2.9889238 2.5908293 2.6826004 3.2651007 1.7636926 2.0291914 1.9770589 2.1425318 2.0404291 1.9821439 1.9136292 1.9958356 1.9958356 1.9724070 1.9427536 2.0419790 2.2019812 1.9520738 1.9690108 2.3714947 1.6881463 2.0986912 2.4240955 2.4253765 3.3879353 2.5079259 3.3133931 3.2021040 2.7394927 2.8483358 3.0346777 2.8847822 
Bralan_BLAG13000970_1                                  1.9890241 0.0000000 1.8376599 1.4136963 1.9214149 1.6508641 1.1033261 1.0685559 1.2404371 1.1989965 0.9709318 1.0902621 1.0777647 1.1566152 1.2439844 0.8719002 1.2147268 1.4194688 1.3684988 1.3591212 1.0517551 1.3122964 1.6021144 1.4465520 1.5032123 1.8775987 1.9237717 2.0048512 1.7949245 1.8611647 1.8611647 2.2692836 1.8328212 1.8385106 2.0309479 1.7168280 1.8381378 1.8042839 1.9764784 1.6629471 1.4277574 1.1580918 1.6576702 1.6576702 1.5729230 1.5494706 1.6826760 1.6935698 1.6330834 1.3850556 2.4497204 1.3415404 1.9328358 2.4803960 2.3473532 2.4433645 2.7538005 2.9403372 3.1166209 2.9302295 2.4427773 2.6005761 4.3581261 
Aque_Aqu2.1.20822_001                                  2.5261523 1.8376599 0.0000000 0.3005513 0.5832301 0.7209257 0.5770494 2.5123233 2.4371984 2.3259710 1.9727070 2.2253520 2.0674820 2.1665096 2.5731484 1.7249269 2.3752472 2.6210701 2.8502116 2.2169643 1.7894653 2.1143828 2.0513275 1.8667819 1.9694100 1.9115532 2.4207985 2.2441793 2.4146849 2.5563731 2.6943636 2.6728673 2.4539834 2.6969926 2.7733197 1.9516679 1.8430679 2.1678633 2.1210024 2.5030784 2.2452016 2.1121959 2.3795852 2.3795852 2.0528971 1.9998884 2.3843547 2.0893198 1.9540091 2.2937521 3.4034926 2.2017659 2.5114106 2.0836339 2.5409515 3.3274720 2.7290414 2.8307432 2.7658121 2.8957224 2.6502184 2.6117828 4.6118289 
Xestes_maker-XT_scaffold58601-augustus-gene-0.3-mRNA-1 1.2745240 1.4136963 0.3005513 0.0000000 0.2209383 0.5270557 0.5485818 1.4214335 1.2652530 1.5410437 1.5895598 1.2925597 1.3593058 1.3041355 1.3055025 1.1337608 1.2841275 1.3525238 2.0310474 1.1898345 1.2631136 1.6222346 1.7601121 1.6536397 1.6092670 1.8147593 1.4265518 1.3418036 1.2985626 1.4211279 1.4211279 1.6407751 1.6560333 1.6242214 1.6786956 1.3780662 1.0500277 1.1839046 1.3740960 1.4858284 1.4564870 1.5575907 1.2053503 1.2053503 1.2750252 1.2750252 1.3583536 1.3188742 1.6150657 1.6951786 1.7114348 1.7840864 1.6359915 1.7191761 1.7514534 1.8539050 2.0004985 0.8741556 1.9057310 2.0324606 2.1899045 2.0569633 6.2608276 
Halamb_c39487_g1_i1m.11797                             2.5399673 1.9214149 0.5832301 0.2209383 0.0000000 0.7312426 0.6260672 2.6193108 2.2306256 2.4807004 2.2955655 2.1618332 2.1442451 2.0817741 2.6401815 1.6891241 2.4379412 2.5188412 3.1660799 2.0994250 2.0531901 2.0479053 2.1734417 2.1509310 2.1358538 2.1625344 2.7402060 2.5137815 2.4980422 2.6023361 2.8338690 3.3079826 2.5998383 2.9621180 3.3958671 2.1537928 2.0109948 2.2806860 2.3896289 2.3901716 2.0864267 2.3066164 2.1709693 2.1709693 2.0736290 2.1226063 2.1664597 2.0165042 2.4008022 2.5361619 3.2760708 2.3197541 2.7844513 2.4296296 2.6586902 3.1028075 2.9725046 2.8618676 3.1093348 3.2702170 2.6221594 2.6188161 4.9623575 
Tetwil_g15150.t1                                       1.9471369 1.6508641 0.7209257 0.5270557 0.7312426 0.0000000 0.4121752 1.6592603 1.3469555 2.2346168 1.7525893 1.7492762 1.8267959 1.9922762 1.8693327 1.8346209 1.8536180 1.8880609 2.2600378 1.6873059 1.6308875 1.8701675 2.1914160 2.0070268 2.1051262 2.3189995 1.8795110 1.8412576 1.7447065 1.8536585 1.8536585 1.8416651 1.6382817 1.5975075 1.7240503 1.6324256 1.4149818 1.6926023 1.6397391 1.7419553 1.8036078 1.9759466 1.9042352 1.9042352 1.8798597 1.8798597 1.9957562 1.9816644 1.8178976 1.9261248 1.8114239 1.8015261 1.7328323 1.7247682 1.7206527 1.9699795 2.0088236 1.1809565 2.0145564 2.0315755 1.9292159 2.1703771 3.2710345 
Stycar_maker-SC_scaffold3005-snap-gene-0.13-mRNA-1     1.5709800 1.1033261 0.5770494 0.5485818 0.6260672 0.4121752 0.0000000 1.0504234 1.1374133 1.4614776 1.2798638 1.2073188 1.0973344 1.3692189 1.2758782 1.2032731 1.3295955 1.3402264 2.0288894 1.1756938 1.1656836 1.5939087 1.3688198 1.4190179 1.4779111 1.6104082 1.4050153 1.4562221 1.2820232 1.4724362 1.4724362 1.6615572 1.4784576 1.4526746 1.4271596 1.2859438 1.0650762 1.2626168 1.3815759 1.4010059 1.2695926 1.3199562 1.4659503 1.4659503 1.5196749 1.5196749 1.6153617 1.5186808 1.4103822 1.2709695 1.4731692 1.5888317 1.4075391 1.8086051 1.6195655 1.3225395 1.8781565 0.6738748 2.0415492 2.1361303 1.9954170 2.5887595 0.0000010 
Cscu_XM_023374961.1                                    2.1710945 1.0685559 2.5123233 1.4214335 2.6193108 1.6592603 1.0504234 0.0000000 1.0905922 0.9117200 1.3223923 1.3723495 1.2833497 1.1980147 1.5949569 1.2072515 1.4783400 1.7424632 1.7391774 1.7310424 1.3822002 2.0130485 1.8991372 1.6283354 1.8881079 2.0170204 2.4671088 2.4232428 2.8044329 2.0042539 2.1010172 2.2889122 2.2406117 2.2681870 2.5293337 2.0971248 1.7818317 2.0506441 2.0856130 1.7480247 1.5461813 1.4544605 1.9100451 1.9100451 1.7983549 1.7850113 1.8964344 1.8602564 2.3320012 1.4328343 2.3118192 1.1145036 2.0610954 1.6577056 1.8513603 2.6722397 2.1202860 2.8215038 2.7328276 3.0731559 2.9591466 2.8862997 5.5701187 
Tcas_TC030656_001                                      2.2543160 1.2404371 2.4371984 1.2652530 2.2306256 1.3469555 1.1374133 1.0905922 0.0000000 1.0951263 1.6454570 1.4348878 1.2278444 1.2540161 1.7146626 1.2466069 1.5927234 1.7919881 1.7912474 1.7461126 1.4879071 1.7776898 1.9778284 1.8297588 1.9715831 2.1009961 2.4629540 2.4251322 2.5830748 2.1272754 2.2818321 2.8873861 2.3117698 2.4832649 2.8467349 1.8257848 2.2152366 2.2292169 2.0024287 1.6820803 1.7687824 1.5687895 2.0282855 2.0282855 1.8840937 1.9004896 1.9443522 1.8935957 2.5053702 1.7550657 2.7001731 1.2376286 2.2951277 1.7332818 1.9252285 2.8862883 2.2078763 2.7458276 3.0304386 3.0846547 2.5310811 2.6696699 3.9728459 
Dpul_mRNA24276                                         1.8979196 1.1989965 2.3259710 1.5410437 2.4807004 2.2346168 1.4614776 0.9117200 1.0951263 0.0000000 1.3887484 1.3685925 1.2867026 1.2800809 1.6052124 1.1409203 1.6416746 1.9942696 1.7682907 1.6448998 1.3603161 1.6623389 1.8519732 1.6456176 1.7358398 1.9296894 2.2955898 2.1908896 1.9525104 1.8747885 1.9519073 2.3661319 2.0532136 2.1574140 2.6293855 2.5600323 2.4531949 2.5552104 2.5069582 2.0104759 1.8575362 1.4942681 1.9978620 1.9978620 1.8294462 1.8300251 1.9204707 1.9068136 2.3309565 1.8014289 2.5535821 1.3497359 1.9008275 2.0457074 1.9559793 2.9346728 2.4592722 2.5952267 2.7268192 2.7349163 2.9993392 3.0616890 3.1764744 
Skow_XM_006822108.1                                    1.6096051 0.9709318 1.9727070 1.5895598 2.2955655 1.7525893 1.2798638 1.3223923 1.6454570 1.3887484 0.0000000 1.1236959 0.9656131 1.1584301 1.1428909 0.8266105 1.2399641 1.4770267 1.1885020 1.4448076 1.3389315 1.0668776 1.1257140 1.0140767 1.3152782 1.4289844 1.9400749 1.9521794 2.1144961 2.2121552 2.3773488 2.2753913 1.7362576 1.9768304 2.1105047 1.5321467 1.6812783 1.5507326 1.6335449 1.7063309 1.1255831 1.1030287 1.9834434 1.9834434 1.6846101 1.6461731 1.8827698 1.8951676 1.6767697 1.4651318 2.4626840 1.4039274 2.0706325 1.8080524 2.1187408 2.5412302 2.3649629 2.5218225 2.9412529 2.9732737 2.5148522 2.8779251 3.0915309 
Exapal_XM_021055760.2                                  1.6394541 1.0902621 2.2253520 1.2925597 2.1618332 1.7492762 1.2073188 1.3723495 1.4348878 1.3685925 1.1236959 0.0000000 0.7053603 0.9142890 1.0135628 0.6669784 1.1091600 1.1920191 1.2845237 1.0420113 1.2115857 1.0098653 0.9222399 0.9586737 1.0451765 1.4696756 2.1051536 1.7517395 2.1322624 2.0514954 2.0858659 2.1571405 1.9574376 1.9466942 2.0957812 1.5478283 1.6896667 1.5726765 1.4710543 1.5296892 1.3733299 1.1687545 1.8107380 1.8107380 1.6552488 1.7018686 1.6159272 1.6670592 1.6649332 1.6110609 2.3818619 1.3765629 1.9720455 2.0497409 2.2630382 2.6857427 2.3065654 2.4794413 3.0581270 2.9699087 2.3670333 2.4579794 3.6125926 
Nvec_v1g232392                                         1.7813034 1.0777647 2.0674820 1.3593058 2.1442451 1.8267959 1.0973344 1.2833497 1.2278444 1.2867026 0.9656131 0.7053603 0.0000000 0.8836357 0.7149226 0.4843023 0.7045259 0.8284320 1.0077769 0.9187367 0.9652293 1.0473037 1.1192610 1.0970901 1.3204606 1.2628547 1.8491786 1.8290376 1.8572010 1.6933678 1.6933678 1.8881288 1.7756361 1.7432295 1.9642414 1.8675137 2.0000509 1.7956977 1.9513107 1.4842655 1.2017225 1.4742875 1.7281311 1.7281311 1.7601605 1.7389300 1.7686509 1.7478468 1.6759316 1.6345047 2.2460569 1.2350640 2.2719508 2.3395985 2.4240817 2.3714091 2.4654867 2.7727280 3.0089784 2.8701579 2.8695529 2.7077781 3.7103929 
Adig_XM_015920126.1                                    1.8618457 1.1566152 2.1665096 1.3041355 2.0817741 1.9922762 1.3692189 1.1980147 1.2540161 1.2800809 1.1584301 0.9142890 0.8836357 0.0000000 0.5674257 0.4978406 0.6179764 0.6851138 0.4501318 0.9783524 1.0499534 1.2912442 1.2341059 1.1624888 1.4866623 1.5072214 1.8685985 1.7871187 1.9180632 1.5774587 1.5774587 1.8721732 1.9884407 1.8331833 2.0264936 1.7419307 1.8613327 1.9163842 2.0594879 1.5302214 1.4227330 1.4157406 1.6886625 1.6886625 1.6595307 1.6907359 1.6219481 1.6670479 1.5192237 1.5676863 2.2480410 1.5116575 1.8371242 2.1570433 2.6775009 2.0558601 2.6981262 2.7769701 3.1944181 3.3947393 2.6614084 2.3339614 5.0510358 
Fspp_ffun1.m4.17953.m1                                 1.8334132 1.2439844 2.5731484 1.3055025 2.6401815 1.8693327 1.2758782 1.5949569 1.7146626 1.6052124 1.1428909 1.0135628 0.7149226 0.5674257 0.0000000 0.1882007 0.5015725 0.5275198 0.6926471 1.1613477 1.1769082 1.2979889 1.1594231 1.1701410 1.4871123 1.5864914 2.1285604 2.2490854 2.4083431 2.1968994 2.1968994 2.1074324 2.4882276 2.2504626 2.2706682 1.5162746 1.5667912 1.7723232 1.5300331 1.5001630 1.5776509 1.6705195 1.7135416 1.7135416 1.7790315 1.8173621 1.7263768 1.8286343 1.7271428 1.8213373 2.7080485 1.4524113 2.1717689 2.1625747 2.3637971 2.2666533 3.0787316 2.5336077 3.0040367 2.9981016 2.6916081 2.7764393 8.2030612 
Gasp_gasp1.m3.9557.m1                                  1.2790846 0.8719002 1.7249269 1.1337608 1.6891241 1.8346209 1.2032731 1.2072515 1.2466069 1.1409203 0.8266105 0.6669784 0.4843023 0.4978406 0.1882007 0.0000000 0.2801143 0.3183328 0.3248899 0.6892505 0.7950104 0.8921868 0.8971808 0.9307685 1.1405942 1.1526269 1.3993418 1.6202428 1.6278458 1.5667611 1.5667611 1.6066768 1.6153010 1.3709766 1.6798488 1.1183577 1.2238550 1.2544906 1.2796832 1.1397092 1.0408839 1.2691096 1.0545323 1.0545323 1.1879277 1.2034002 1.1076864 1.1150503 1.2231814 1.4465153 2.0786624 1.4161012 1.8551669 1.6162352 2.0314026 1.7560759 2.1951436 1.8612375 2.6792802 2.5289585 1.9825455 2.0232602 4.3930508 
Spis_XP_022783107_1                                    1.7680397 1.2147268 2.3752472 1.2841275 2.4379412 1.8536180 1.3295955 1.4783400 1.5927234 1.6416746 1.2399641 1.1091600 0.7045259 0.6179764 0.5015725 0.2801143 0.0000000 0.2280198 0.6679972 1.2165365 1.2608603 1.3554188 1.2843503 1.2283653 1.5469906 1.5358207 2.0537021 2.0687839 2.2653121 2.3134525 2.3249437 2.3243153 1.9637780 2.1010366 2.2398765 1.7570436 1.7199143 1.6903788 1.7035316 1.6899828 1.5982545 1.6200345 1.7812635 1.7812635 1.7557012 1.7850409 1.7477786 1.8517082 2.0258861 1.7346370 2.7136896 1.5260400 2.7150093 1.8681155 2.3067150 2.6884925 2.5858948 2.5646930 2.9765216 3.0223234 2.6208905 2.4538821 3.9996863 
Pocdam_XM_027198677.1                                  1.9219428 1.4194688 2.6210701 1.3525238 2.5188412 1.8880609 1.3402264 1.7424632 1.7919881 1.9942696 1.4770267 1.1920191 0.8284320 0.6851138 0.5275198 0.3183328 0.2280198 0.0000000 0.7614307 1.2730440 1.3883344 1.4252798 1.4166952 1.3900813 1.7413461 1.8003701 2.1823703 2.1590460 2.4184839 2.2004345 2.2004345 2.6470567 2.0197536 2.0685522 2.2616277 1.7790235 1.9347874 2.0104628 1.8232090 1.8330319 1.8003961 1.6922353 1.7257107 1.7257107 1.7195857 1.7609804 1.7109355 1.7514975 2.1982737 1.9212769 2.7801336 1.6287182 2.7688216 2.2061414 2.5611934 2.6612249 3.1129888 3.0272828 3.4581337 3.3025150 3.0929567 2.8748964 4.8380648 
Amil_Amillepora25409-RA                                1.9916129 1.3684988 2.8502116 2.0310474 3.1660799 2.2600378 2.0288894 1.7391774 1.7912474 1.7682907 1.1885020 1.2845237 1.0077769 0.4501318 0.6926471 0.3248899 0.6679972 0.7614307 0.0000000 1.4680530 1.5119905 1.4943508 1.1354301 0.9868015 1.5879608 1.6726175 2.6591107 2.2639814 2.7437697 2.7124917 2.6358990 2.5362640 2.5854962 3.1904733 2.9166288 1.9060984 1.7258707 2.0727735 1.8321935 1.4985806 1.6331317 1.5490154 2.0323627 2.0323627 1.7337549 1.7459470 1.8810638 1.7211329 1.8425320 1.8090270 2.9175117 1.4780835 2.9893768 2.1599609 3.0264885 2.6811366 3.0892423 3.7541662 3.7246831 3.1258167 3.0048501 3.2732171 5.5872585 
Dgig_XM_028547764.1                                    2.1338484 1.3591212 2.2169643 1.1898345 2.0994250 1.6873059 1.1756938 1.7310424 1.7461126 1.6448998 1.4448076 1.0420113 0.9187367 0.9783524 1.1613477 0.6892505 1.2165365 1.2730440 1.4680530 0.0000000 1.0341562 1.2148234 1.3069599 1.1534283 1.5424456 1.2730933 2.2513310 2.0795339 2.4217309 2.3742306 2.5063955 2.6905709 2.0361280 2.4005998 2.5915115 2.2753620 2.3598928 2.1947245 2.2996492 1.9227530 1.7958593 1.5180313 2.2711394 2.2711394 2.2033814 2.1790115 2.2840223 2.2325783 1.7956531 1.5171973 2.8908748 1.3575759 2.5890472 2.4055539 2.5165844 2.4682577 3.0221143 3.3230566 3.0700323 3.3277257 2.7439862 3.4370195 5.2912344 
Xesp_001109-T1                                         1.8261111 1.0517551 1.7894653 1.2631136 2.0531901 1.6308875 1.1656836 1.3822002 1.4879071 1.3603161 1.3389315 1.2115857 0.9652293 1.0499534 1.1769082 0.7950104 1.2608603 1.3883344 1.5119905 1.0341562 0.0000000 1.3402309 1.4956304 1.4437830 1.6590701 1.4142745 1.9545370 2.0495053 2.2359873 1.9870169 2.0608819 2.3954278 1.5779635 1.8350511 2.3651786 1.5943498 1.7320250 1.6475982 1.5398462 1.9064203 1.6691254 1.3758528 1.4937547 1.4937547 1.6094862 1.5914146 1.6745945 1.6821424 1.4638992 1.7584823 1.8993297 1.3748674 2.1596707 1.8223752 2.1671851 2.7058652 2.0178552 2.4352952 2.3192934 2.6175582 2.2456406 2.1049394 2.6004834 
Aaur_scaffold1.g59.t1                                  1.4112695 1.3122964 2.1143828 1.6222346 2.0479053 1.8701675 1.5939087 2.0130485 1.7776898 1.6623389 1.0668776 1.0098653 1.0473037 1.2912442 1.2979889 0.8921868 1.3554188 1.4252798 1.4943508 1.2148234 1.3402309 0.0000000 0.4908255 0.4639533 0.7802857 1.0401698 1.9023272 2.0480070 2.0134462 1.9031539 2.0284599 2.2043874 1.8863211 2.0132444 1.8764587 1.3325642 1.5235003 1.3445725 1.3225347 1.2142559 1.6957968 1.3414617 1.7332591 1.7332591 1.5581252 1.5745473 1.5092983 1.6539108 1.4147603 1.5748696 2.3689446 1.4209538 1.8467302 1.8668454 2.2742974 2.4901758 2.4996629 2.5293495 3.0246358 2.5186371 2.2030706 2.3859989 2.1698113 
Nemnom_g19666.t1                                       1.3964272 1.6021144 2.0513275 1.7601121 2.1734417 2.1914160 1.3688198 1.8991372 1.9778284 1.8519732 1.1257140 0.9222399 1.1192610 1.2341059 1.1594231 0.8971808 1.2843503 1.4166952 1.1354301 1.3069599 1.4956304 0.4908255 0.0000000 0.1949893 0.7481323 1.0695147 1.9961657 2.0872138 2.5509651 2.2541222 2.3096328 2.0882063 2.1903870 2.4580832 2.1890685 1.4601127 1.4752943 1.5082996 1.4499326 1.1832142 1.6130941 1.4275573 1.7751955 1.7751955 1.6709886 1.6708510 1.8143094 1.6853953 1.3886185 1.8104685 2.2097247 1.6747806 2.0292622 1.9198784 2.3361783 2.7080601 2.5592924 2.5803555 3.1116029 2.9577163 2.5196533 2.5794641 2.8714633 
Rhoesc_Res_016059-T1                                   1.4826029 1.4465520 1.8667819 1.6536397 2.1509310 2.0070268 1.4190179 1.6283354 1.8297588 1.6456176 1.0140767 0.9586737 1.0970901 1.1624888 1.1701410 0.9307685 1.2283653 1.3900813 0.9868015 1.1534283 1.4437830 0.4639533 0.1949893 0.0000000 0.7353519 0.9440682 1.9604656 2.0372016 2.3415625 2.1461817 2.1524836 1.9738851 2.0885337 2.2437538 2.1235189 1.5726043 1.4843295 1.5216913 1.5850211 1.2534584 1.6689492 1.3623360 1.6975643 1.6975643 1.5264763 1.5211650 1.6901121 1.6374519 1.4287347 1.7927574 2.1657531 1.6821428 2.2095673 1.7531379 2.2721900 2.7007131 2.4327816 2.6358197 3.1206566 2.7799518 2.4632080 2.5063865 3.0254958 
Morvir_scaffold149.g22.t1                              1.5469939 1.5032123 1.9694100 1.6092670 2.1358538 2.1051262 1.4779111 1.8881079 1.9715831 1.7358398 1.3152782 1.0451765 1.3204606 1.4866623 1.4871123 1.1405942 1.5469906 1.7413461 1.5879608 1.5424456 1.6590701 0.7802857 0.7481323 0.7353519 0.0000000 1.2080862 1.9315638 1.9455556 2.0789344 2.1557614 2.2393174 2.3332602 2.0553093 2.1009301 2.2550251 1.3377578 1.6552791 1.3953277 1.4083403 1.2810685 1.6791560 1.3955559 1.8588069 1.8588069 1.7981934 1.8032750 1.8928593 1.7542363 1.6748846 1.9436055 2.5819777 1.5930822 2.1055792 2.1075666 2.7838191 3.1795242 2.6145045 2.7623032 3.0621077 2.9428240 2.3723852 2.4211812 3.0438649 
Hvul_g29887_1                                          2.0289170 1.8775987 1.9115532 1.8147593 2.1625344 2.3189995 1.6104082 2.0170204 2.1009961 1.9296894 1.4289844 1.4696756 1.2628547 1.5072214 1.5864914 1.1526269 1.5358207 1.8003701 1.6726175 1.2730933 1.4142745 1.0401698 1.0695147 0.9440682 1.2080862 0.0000000 2.4566910 2.4030706 2.4318618 2.2537278 2.3954225 2.5275318 2.3098290 2.4037033 2.4455172 1.9326899 1.8828736 1.9270754 2.0287365 1.6903693 1.6524967 1.4947109 2.2926046 2.2926046 2.2545626 2.2325410 2.3113733 2.2451036 1.8911591 2.1364816 2.9711182 2.0581760 2.4048886 1.8557480 2.8495569 2.7446142 2.5543055 3.0664979 3.1119256 3.0462877 2.8432822 2.9892214 4.6362148 
Mlei_ML0479.g23.i1                                     2.5533300 1.9237717 2.4207985 1.4265518 2.7402060 1.8795110 1.4050153 2.4671088 2.4629540 2.2955898 1.9400749 2.1051536 1.8491786 1.8685985 2.1285604 1.3993418 2.0537021 2.1823703 2.6591107 2.2513310 1.9545370 1.9023272 1.9961657 1.9604656 1.9315638 2.4566910 0.0000000 0.4308552 0.8416892 0.8194321 0.8861548 0.9757532 0.7049712 0.8795854 0.9366329 2.0174248 1.9844997 2.0904546 2.2143506 2.0816933 1.9828963 2.3493561 2.0869663 2.0869663 2.0732628 2.0694764 2.3168038 2.0177018 2.3047917 2.6104004 2.8111159 1.4754512 2.8630834 3.3544623 3.1082407 3.9394866 3.2881809 4.0319264 3.6205720 3.5061451 3.1953149 3.3079306 3.8178342 
Beraby_Baby_sb340996                                   2.6146155 2.0048512 2.2441793 1.3418036 2.5137815 1.8412576 1.4562221 2.4232428 2.4251322 2.1908896 1.9521794 1.7517395 1.8290376 1.7871187 2.2490854 1.6202428 2.0687839 2.1590460 2.2639814 2.0795339 2.0495053 2.0480070 2.0872138 2.0372016 1.9455556 2.4030706 0.4308552 0.0000000 0.6657636 0.7328260 0.7328260 0.7960540 0.7286938 0.7422160 0.7362774 2.2039099 2.4059655 2.1720472 2.2719255 1.9893993 2.2459687 2.1350335 1.7341496 1.7341496 1.6708730 1.6977525 1.9141595 1.7743418 2.1598722 2.4118916 2.8949588 1.7887630 2.6895586 3.4649225 3.0565011 4.2161234 3.7878838 3.8564408 3.6511758 3.3274962 2.9826845 3.5592808 3.7946979 
Horcal_Hcv1.av93.c6.g917.i2                            2.5189302 1.7949245 2.4146849 1.2985626 2.4980422 1.7447065 1.2820232 2.8044329 2.5830748 1.9525104 2.1144961 2.1322624 1.8572010 1.9180632 2.4083431 1.6278458 2.2653121 2.4184839 2.7437697 2.4217309 2.2359873 2.0134462 2.5509651 2.3415625 2.0789344 2.4318618 0.8416892 0.6657636 0.0000000 0.8823499 0.9629995 1.0704453 0.6696706 0.8456881 0.8834705 2.4562618 2.2511946 2.1081222 2.1415357 2.2449468 2.5419818 2.2450313 2.1140830 2.1140830 2.1243821 2.1554524 2.1942503 2.2771658 2.5015253 2.4173625 3.4161939 1.5091339 2.4746250 3.1290040 3.1642625 4.1284893 3.7920225 4.4912437 3.3214819 3.4033043 3.5312287 3.9996987 4.1211491 
Bolinf_Binf_sb1232943                                  2.8882063 1.8611647 2.5563731 1.4211279 2.6023361 1.8536585 1.4724362 2.0042539 2.1272754 1.8747885 2.2121552 2.0514954 1.6933678 1.5774587 2.1968994 1.5667611 2.3134525 2.2004345 2.7124917 2.3742306 1.9870169 1.9031539 2.2541222 2.1461817 2.1557614 2.2537278 0.8194321 0.7328260 0.8823499 0.0000000 0.0117527 1.0146544 0.8109190 0.9396222 0.8039444 2.3379219 2.2438926 2.1026911 2.2503659 2.0740923 2.5889729 1.9774019 2.1034711 2.1034711 2.1624577 2.1137194 2.0528423 2.1265689 2.2445942 2.4401944 3.1259245 1.5628599 2.0406377 2.9531205 2.7166854 3.7953309 3.1054379 4.3941268 2.7411214 2.5862096 2.8102094 3.4224037 4.8138371 
Mertsp_Mesp_sb576106                                   2.9575943 1.8611647 2.6943636 1.4211279 2.8338690 1.8536585 1.4724362 2.1010172 2.2818321 1.9519073 2.3773488 2.0858659 1.6933678 1.5774587 2.1968994 1.5667611 2.3249437 2.2004345 2.6358990 2.5063955 2.0608819 2.0284599 2.3096328 2.1524836 2.2393174 2.3954225 0.8861548 0.7328260 0.9629995 0.0117527 0.0000000 1.0368184 0.8109190 1.0309097 0.8388385 2.3723736 2.4277175 2.2457744 2.3014533 2.0825163 2.6777961 2.0883980 2.2256674 2.2256674 2.1840234 2.1356909 2.0916431 2.1577777 2.3765241 2.5338309 3.0871483 1.5628599 2.1504562 2.9531205 2.9967730 3.8968063 3.2139306 4.6881828 2.7316776 2.6054485 2.9761384 3.5859332 5.1106044 
Vmul_sbMO459866                                        2.9889238 2.2692836 2.6728673 1.6407751 3.3079826 1.8416651 1.6615572 2.2889122 2.8873861 2.3661319 2.2753913 2.1571405 1.8881288 1.8721732 2.1074324 1.6066768 2.3243153 2.6470567 2.5362640 2.6905709 2.3954278 2.2043874 2.0882063 1.9738851 2.3332602 2.5275318 0.9757532 0.7960540 1.0704453 1.0146544 1.0368184 0.0000000 0.5651635 0.7699340 1.0110823 2.3776863 2.4234508 1.9659559 2.5861179 2.1930953 2.5577663 2.1890939 2.5256236 2.5256236 2.3769884 2.4069258 2.7146850 2.4681515 2.2828735 2.6132393 3.2408631 1.6217880 2.3970843 3.1651460 3.4214827 3.8031103 3.4717825 4.0921074 2.7613323 2.8358005 3.1839940 3.9444668 8.2799183 
Coeast_Cast_sb825219                                   2.5908293 1.8328212 2.4539834 1.6560333 2.5998383 1.6382817 1.4784576 2.2406117 2.3117698 2.0532136 1.7362576 1.9574376 1.7756361 1.9884407 2.4882276 1.6153010 1.9637780 2.0197536 2.5854962 2.0361280 1.5779635 1.8863211 2.1903870 2.0885337 2.0553093 2.3098290 0.7049712 0.7286938 0.6696706 0.8109190 0.8109190 0.5651635 0.0000000 0.0720125 0.6705988 1.9627970 1.9915101 1.5873728 1.9531985 1.8695176 2.1053009 2.0684756 1.9662774 1.9662774 2.0741809 2.0940177 2.2582728 2.0870949 2.1038842 2.3906657 3.1804081 1.6329876 2.3862088 3.1338365 2.5435462 3.4697868 3.1443549 3.9562555 2.9237874 2.8914352 2.8579329 3.2552399 4.8805076 
Coemet_Cmet_scaffold3807_01                            2.6826004 1.8385106 2.6969926 1.6242214 2.9621180 1.5975075 1.4526746 2.2681870 2.4832649 2.1574140 1.9768304 1.9466942 1.7432295 1.8331833 2.2504626 1.3709766 2.1010366 2.0685522 3.1904733 2.4005998 1.8350511 2.0132444 2.4580832 2.2437538 2.1009301 2.4037033 0.8795854 0.7422160 0.8456881 0.9396222 1.0309097 0.7699340 0.0720125 0.0000000 0.8077101 2.3076979 2.2332198 1.8186641 2.1513592 2.0289186 2.4551692 2.0320787 2.0843896 2.0843896 2.2544704 2.2959762 2.3940134 2.3246813 2.4379582 3.0271619 3.4722674 1.6494326 2.5680332 2.9549894 2.7934444 3.6852989 3.3173622 4.3486861 3.3216574 3.1736176 2.8402330 3.3944566 5.3556720 
Lampan_Lpan_C402189_01                                 3.2651007 2.0309479 2.7733197 1.6786956 3.3958671 1.7240503 1.4271596 2.5293337 2.8467349 2.6293855 2.1105047 2.0957812 1.9642414 2.0264936 2.2706682 1.6798488 2.2398765 2.2616277 2.9166288 2.5915115 2.3651786 1.8764587 2.1890685 2.1235189 2.2550251 2.4455172 0.9366329 0.7362774 0.8834705 0.8039444 0.8388385 1.0110823 0.6705988 0.8077101 0.0000000 2.3933644 2.5494142 1.9274299 2.1209006 2.1762400 2.8025569 2.4707293 2.4265293 2.4265293 2.5629516 2.5453124 2.5153289 2.6326254 2.5634618 2.6059278 3.4782125 1.3052968 2.4546395 3.0883049 3.4391103 3.6188686 3.5209171 4.5833316 3.3229966 3.3172673 3.4693546 3.4777379 5.0642415 
Scil_scict015570.1                                     1.7636926 1.7168280 1.9516679 1.3780662 2.1537928 1.6324256 1.2859438 2.0971248 1.8257848 2.5600323 1.5321467 1.5478283 1.8675137 1.7419307 1.5162746 1.1183577 1.7570436 1.7790235 1.9060984 2.2753620 1.5943498 1.3325642 1.4601127 1.5726043 1.3377578 1.9326899 2.0174248 2.2039099 2.4562618 2.3379219 2.3723736 2.3776863 1.9627970 2.3076979 2.3933644 0.0000000 0.5667094 0.7727008 0.6343926 1.2664086 1.7523448 2.0405868 2.1068938 2.1068938 1.7794983 1.7850302 1.6634584 1.6353151 1.5937523 2.0542048 2.5129621 1.5563974 2.1303630 1.7561615 2.0129939 3.1425540 2.2967475 2.7520419 3.0922521 2.6153791 2.0954852 2.2187390 3.3888967 
Gracom_Gcom_C539640_01                                 2.0291914 1.8381378 1.8430679 1.0500277 2.0109948 1.4149818 1.0650762 1.7818317 2.2152366 2.4531949 1.6812783 1.6896667 2.0000509 1.8613327 1.5667912 1.2238550 1.7199143 1.9347874 1.7258707 2.3598928 1.7320250 1.5235003 1.4752943 1.4843295 1.6552791 1.8828736 1.9844997 2.4059655 2.2511946 2.2438926 2.4277175 2.4234508 1.9915101 2.2332198 2.5494142 0.5667094 0.0000000 0.7691058 0.6347079 1.3125191 2.0974130 2.0029202 2.1863888 2.1863888 2.0220276 2.0418281 2.0155348 2.0684318 1.7284067 1.9051498 2.8375703 1.4915605 2.5375319 1.8242621 1.9140745 3.0364837 2.4874464 2.9751145 2.7535329 2.7018945 2.2910256 2.4200323 4.1459753 
Lcom_lcpid96016                                        1.9770589 1.8042839 2.1678633 1.1839046 2.2806860 1.6926023 1.2626168 2.0506441 2.2292169 2.5552104 1.5507326 1.5726765 1.7956977 1.9163842 1.7723232 1.2544906 1.6903788 2.0104628 2.0727735 2.1947245 1.6475982 1.3445725 1.5082996 1.5216913 1.3953277 1.9270754 2.0904546 2.1720472 2.1081222 2.1026911 2.2457744 1.9659559 1.5873728 1.8186641 1.9274299 0.7727008 0.7691058 0.0000000 0.5122071 1.2223016 1.9354137 2.0720751 2.1635785 2.1635785 2.0566652 2.0533795 1.9628987 2.1648087 1.7940397 2.2948736 2.6157577 1.4040051 2.2555100 1.9453110 1.9000811 3.1253906 2.6381913 2.8730488 2.6456274 2.6154098 2.2110851 2.1480433 2.9820987 
Leuniv_Lniv_scaffold23099_01                           2.1425318 1.9764784 2.1210024 1.3740960 2.3896289 1.6397391 1.3815759 2.0856130 2.0024287 2.5069582 1.6335449 1.4710543 1.9513107 2.0594879 1.5300331 1.2796832 1.7035316 1.8232090 1.8321935 2.2996492 1.5398462 1.3225347 1.4499326 1.5850211 1.4083403 2.0287365 2.2143506 2.2719255 2.1415357 2.2503659 2.3014533 2.5861179 1.9531985 2.1513592 2.1209006 0.6343926 0.6347079 0.5122071 0.0000000 1.1371298 1.9901577 2.1385243 1.8119044 1.8119044 1.6587683 1.6567911 1.4924396 1.6439863 1.7020732 2.2673621 2.6110338 1.4618350 2.1768205 1.6930039 1.7468457 2.8389764 2.6922827 2.6413136 2.8636002 2.5743659 2.3728299 2.2294632 3.3228985 
Clacor_Ccor_scaffold14395_01                           2.0404291 1.6629471 2.5030784 1.4858284 2.3901716 1.7419553 1.4010059 1.7480247 1.6820803 2.0104759 1.7063309 1.5296892 1.4842655 1.5302214 1.5001630 1.1397092 1.6899828 1.8330319 1.4985806 1.9227530 1.9064203 1.2142559 1.1832142 1.2534584 1.2810685 1.6903693 2.0816933 1.9893993 2.2449468 2.0740923 2.0825163 2.1930953 1.8695176 2.0289186 2.1762400 1.2664086 1.3125191 1.2223016 1.1371298 0.0000000 1.6648168 1.3800136 1.6550717 1.6550717 1.6269332 1.6330886 1.6171093 1.6176407 1.5119503 1.7022188 2.4999275 1.2110356 2.1759524 1.7283237 1.9767349 2.5927646 3.0220300 2.4423701 2.7022722 2.6569647 2.0316366 2.8633946 3.5056046 
Spur_XM_777009.5                                       1.9821439 1.4277574 2.2452016 1.4564870 2.0864267 1.8036078 1.2695926 1.5461813 1.7687824 1.8575362 1.1255831 1.3733299 1.2017225 1.4227330 1.5776509 1.0408839 1.5982545 1.8003961 1.6331317 1.7958593 1.6691254 1.6957968 1.6130941 1.6689492 1.6791560 1.6524967 1.9828963 2.2459687 2.5419818 2.5889729 2.6777961 2.5577663 2.1053009 2.4551692 2.8025569 1.7523448 2.0974130 1.9354137 1.9901577 1.6648168 0.0000000 1.7747141 1.9745463 1.9745463 1.9539288 1.9621670 2.0517155 1.8857637 2.0982308 1.8098976 2.4467562 1.7602028 2.2750213 1.9541690 2.3487308 3.0035685 2.6806414 2.9166341 3.3770919 3.3645151 2.8332121 2.9523173 3.3377509 
Cgig_XM_034467810.1                                    1.9136292 1.1580918 2.1121959 1.5575907 2.3066164 1.9759466 1.3199562 1.4544605 1.5687895 1.4942681 1.1030287 1.1687545 1.4742875 1.4157406 1.6705195 1.2691096 1.6200345 1.6922353 1.5490154 1.5180313 1.3758528 1.3414617 1.4275573 1.3623360 1.3955559 1.4947109 2.3493561 2.1350335 2.2450313 1.9774019 2.0883980 2.1890939 2.0684756 2.0320787 2.4707293 2.0405868 2.0029202 2.0720751 2.1385243 1.3800136 1.7747141 0.0000000 1.8761972 1.8761972 1.7777403 1.7779352 2.0001662 1.9311692 1.4589827 1.4981762 3.0761576 1.6235880 2.0429592 2.2931622 2.4883113 3.2394883 2.9407244 3.4674557 3.1160814 3.0810970 2.6736893 3.3599625 2.7477804 
Tadh_TriadT22634                                       1.9958356 1.6576702 2.3795852 1.2053503 2.1709693 1.9042352 1.4659503 1.9100451 2.0282855 1.9978620 1.9834434 1.8107380 1.7281311 1.6886625 1.7135416 1.0545323 1.7812635 1.7257107 2.0323627 2.2711394 1.4937547 1.7332591 1.7751955 1.6975643 1.8588069 2.2926046 2.0869663 1.7341496 2.1140830 2.1034711 2.2256674 2.5256236 1.9662774 2.0843896 2.4265293 2.1068938 2.1863888 2.1635785 1.8119044 1.6550717 1.9745463 1.8761972 0.0000000 0.0000010 0.3561343 0.3782531 0.4020483 0.4386102 1.9364097 2.1162837 2.1500934 1.5302317 2.0826987 1.6688113 1.9491461 2.3781247 2.3280992 2.9568251 3.5138694 3.7257498 2.4543182 2.3074784 3.4554145 
TrH2_TrispH2_002098-RA                                 1.9958356 1.6576702 2.3795852 1.2053503 2.1709693 1.9042352 1.4659503 1.9100451 2.0282855 1.9978620 1.9834434 1.8107380 1.7281311 1.6886625 1.7135416 1.0545323 1.7812635 1.7257107 2.0323627 2.2711394 1.4937547 1.7332591 1.7751955 1.6975643 1.8588069 2.2926046 2.0869663 1.7341496 2.1140830 2.1034711 2.2256674 2.5256236 1.9662774 2.0843896 2.4265293 2.1068938 2.1863888 2.1635785 1.8119044 1.6550717 1.9745463 1.8761972 0.0000010 0.0000000 0.3561343 0.3782531 0.4020483 0.4386102 1.9364097 2.1162837 2.1500934 1.5302317 2.0826987 1.6688113 1.9491461 2.3781247 2.3280992 2.9568251 3.5138694 3.7257498 2.4543182 2.3074784 3.4554145 
Hhon_g11365.t1                                         1.9724070 1.5729230 2.0528971 1.2750252 2.0736290 1.8798597 1.5196749 1.7983549 1.8840937 1.8294462 1.6846101 1.6552488 1.7601605 1.6595307 1.7790315 1.1879277 1.7557012 1.7195857 1.7337549 2.2033814 1.6094862 1.5581252 1.6709886 1.5264763 1.7981934 2.2545626 2.0732628 1.6708730 2.1243821 2.1624577 2.1840234 2.3769884 2.0741809 2.2544704 2.5629516 1.7794983 2.0220276 2.0566652 1.6587683 1.6269332 1.9539288 1.7777403 0.3561343 0.3561343 0.0000000 0.0173227 0.1369440 0.1605381 1.7042801 1.8307719 2.3897829 1.5335648 2.0797857 1.6818001 1.6381042 2.6398629 2.3217423 2.9183779 3.4594553 3.0513303 2.2549027 2.1865734 3.0669518 
HoiH04_mRNA3555                                        1.9427536 1.5494706 1.9998884 1.2750252 2.1226063 1.8798597 1.5196749 1.7850113 1.9004896 1.8300251 1.6461731 1.7018686 1.7389300 1.6907359 1.8173621 1.2034002 1.7850409 1.7609804 1.7459470 2.1790115 1.5914146 1.5745473 1.6708510 1.5211650 1.8032750 2.2325410 2.0694764 1.6977525 2.1554524 2.1137194 2.1356909 2.4069258 2.0940177 2.2959762 2.5453124 1.7850302 2.0418281 2.0533795 1.6567911 1.6330886 1.9621670 1.7779352 0.3782531 0.3782531 0.0173227 0.0000000 0.1545822 0.1672846 1.6966276 1.8280051 2.3574735 1.5335648 2.0334603 1.6578537 1.6381210 2.6197720 2.3495946 2.9204103 3.5009414 3.1085230 2.2533796 2.1936573 3.1375035 
HoiH11_mRNA3708                                        2.0419790 1.6826760 2.3843547 1.3583536 2.1664597 1.9957562 1.6153617 1.8964344 1.9443522 1.9204707 1.8827698 1.6159272 1.7686509 1.6219481 1.7263768 1.1076864 1.7477786 1.7109355 1.8810638 2.2840223 1.6745945 1.5092983 1.8143094 1.6901121 1.8928593 2.3113733 2.3168038 1.9141595 2.1942503 2.0528423 2.0916431 2.7146850 2.2582728 2.3940134 2.5153289 1.6634584 2.0155348 1.9628987 1.4924396 1.6171093 2.0517155 2.0001662 0.4020483 0.4020483 0.1369440 0.1545822 0.0000000 0.2420789 1.8188736 1.9613657 2.4282904 1.6089572 2.0435212 1.7291967 1.8775696 2.5908147 2.3455681 2.9246128 3.4465438 3.2196212 2.4621638 2.3086295 2.9993860 
HoiH23_PlH23_010026-RA                                 2.2019812 1.6935698 2.0893198 1.3188742 2.0165042 1.9816644 1.5186808 1.8602564 1.8935957 1.9068136 1.8951676 1.6670592 1.7478468 1.6670479 1.8286343 1.1150503 1.8517082 1.7514975 1.7211329 2.2325783 1.6821424 1.6539108 1.6853953 1.6374519 1.7542363 2.2451036 2.0177018 1.7743418 2.2771658 2.1265689 2.1577777 2.4681515 2.0870949 2.3246813 2.6326254 1.6353151 2.0684318 2.1648087 1.6439863 1.6176407 1.8857637 1.9311692 0.4386102 0.4386102 0.1605381 0.1672846 0.2420789 0.0000000 1.7466613 1.8962920 2.3339581 1.5020727 2.0943575 1.8368639 1.6713050 2.4921441 2.2905004 2.9828176 3.5387075 3.5155028 2.5202805 2.1525859 3.3501953 
Plajan_Pjan_C533507_01                                 1.9520738 1.6330834 1.9540091 1.6150657 2.4008022 1.8178976 1.4103822 2.3320012 2.5053702 2.3309565 1.6767697 1.6649332 1.6759316 1.5192237 1.7271428 1.2231814 2.0258861 2.1982737 1.8425320 1.7956531 1.4638992 1.4147603 1.3886185 1.4287347 1.6748846 1.8911591 2.3047917 2.1598722 2.5015253 2.2445942 2.3765241 2.2828735 2.1038842 2.4379582 2.5634618 1.5937523 1.7284067 1.7940397 1.7020732 1.5119503 2.0982308 1.4589827 1.9364097 1.9364097 1.7042801 1.6966276 1.8188736 1.7466613 0.0000000 2.0600787 2.2890933 1.3658644 2.1991974 2.2564556 2.4006089 2.2092759 2.2003578 2.7155672 2.5207717 3.0174952 2.2911389 2.6887411 2.8688242 
Ctel_gnl_WGS_AMQN_CAPTEDRAFT_mRNA201978                1.9690108 1.3850556 2.2937521 1.6951786 2.5361619 1.9261248 1.2709695 1.4328343 1.7550657 1.8014289 1.4651318 1.6110609 1.6345047 1.5676863 1.8213373 1.4465153 1.7346370 1.9212769 1.8090270 1.5171973 1.7584823 1.5748696 1.8104685 1.7927574 1.9436055 2.1364816 2.6104004 2.4118916 2.4173625 2.4401944 2.5338309 2.6132393 2.3906657 3.0271619 2.6059278 2.0542048 1.9051498 2.2948736 2.2673621 1.7022188 1.8098976 1.4981762 2.1162837 2.1162837 1.8307719 1.8280051 1.9613657 1.8962920 2.0600787 0.0000000 2.9318186 1.4006890 2.1948261 2.3137092 2.2781677 2.5070027 2.9160994 3.9695878 2.9084764 2.8329693 2.6084518 2.9963375 3.2840334 
Microa_EP00043_Microstomoeca_roanoka_P025419           2.3714947 2.4497204 3.4034926 1.7114348 3.2760708 1.8114239 1.4731692 2.3118192 2.7001731 2.5535821 2.4626840 2.3818619 2.2460569 2.2480410 2.7080485 2.0786624 2.7136896 2.7801336 2.9175117 2.8908748 1.8993297 2.3689446 2.2097247 2.1657531 2.5819777 2.9711182 2.8111159 2.8949588 3.4161939 3.1259245 3.0871483 3.2408631 3.1804081 3.4722674 3.4782125 2.5129621 2.8375703 2.6157577 2.6110338 2.4999275 2.4467562 3.0761576 2.1500934 2.1500934 2.3897829 2.3574735 2.4282904 2.3339581 2.2890933 2.9318186 0.0000000 1.1019937 1.8703386 1.7493829 1.5577673 1.6961729 2.5360561 0.9150571 3.1460950 2.6111891 2.6240562 2.5342279 5.0015576 
Salmac_EP00052_Salpingoeca_macrocollata_P007785        1.6881463 1.3415404 2.2017659 1.7840864 2.3197541 1.8015261 1.5888317 1.1145036 1.2376286 1.3497359 1.4039274 1.3765629 1.2350640 1.5116575 1.4524113 1.4161012 1.5260400 1.6287182 1.4780835 1.3575759 1.3748674 1.4209538 1.6747806 1.6821428 1.5930822 2.0581760 1.4754512 1.7887630 1.5091339 1.5628599 1.5628599 1.6217880 1.6329876 1.6494326 1.3052968 1.5563974 1.4915605 1.4040051 1.4618350 1.2110356 1.7602028 1.6235880 1.5302317 1.5302317 1.5335648 1.5335648 1.6089572 1.5020727 1.3658644 1.4006890 1.1019937 0.0000000 1.0354079 1.3078111 1.0052251 1.3071209 1.5035773 1.3197187 1.8871941 1.7479408 1.6900571 1.9806097 1.4311602 
Salpun_EP00053_Salpingoeca_punica_P019817              2.0986912 1.9328358 2.5114106 1.6359915 2.7844513 1.7328323 1.4075391 2.0610954 2.2951277 1.9008275 2.0706325 1.9720455 2.2719508 1.8371242 2.1717689 1.8551669 2.7150093 2.7688216 2.9893768 2.5890472 2.1596707 1.8467302 2.0292622 2.2095673 2.1055792 2.4048886 2.8630834 2.6895586 2.4746250 2.0406377 2.1504562 2.3970843 2.3862088 2.5680332 2.4546395 2.1303630 2.5375319 2.2555100 2.1768205 2.1759524 2.2750213 2.0429592 2.0826987 2.0826987 2.0797857 2.0334603 2.0435212 2.0943575 2.1991974 2.1948261 1.8703386 1.0354079 0.0000000 1.3739490 1.5420102 1.8168839 2.0828279 2.3850730 2.5001430 2.1251213 1.8774059 2.4391933 5.4004399 
Saldol_EP00054_Salpingoeca_dolichothecata_P001649      2.4240955 2.4803960 2.0836339 1.7191761 2.4296296 1.7247682 1.8086051 1.6577056 1.7332818 2.0457074 1.8080524 2.0497409 2.3395985 2.1570433 2.1625747 1.6162352 1.8681155 2.2061414 2.1599609 2.4055539 1.8223752 1.8668454 1.9198784 1.7531379 2.1075666 1.8557480 3.3544623 3.4649225 3.1290040 2.9531205 2.9531205 3.1651460 3.1338365 2.9549894 3.0883049 1.7561615 1.8242621 1.9453110 1.6930039 1.7283237 1.9541690 2.2931622 1.6688113 1.6688113 1.6818001 1.6578537 1.7291967 1.8368639 2.2564556 2.3137092 1.7493829 1.3078111 1.3739490 0.0000000 1.3034616 1.8806280 1.7233979 1.3583463 2.4263283 2.2063062 1.6117029 1.7235697 5.2481428 
Mylflu_EP00047_Mylnosiga_fluctuans_P017753             2.4253765 2.3473532 2.5409515 1.7514534 2.6586902 1.7206527 1.6195655 1.8513603 1.9252285 1.9559793 2.1187408 2.2630382 2.4240817 2.6775009 2.3637971 2.0314026 2.3067150 2.5611934 3.0264885 2.5165844 2.1671851 2.2742974 2.3361783 2.2721900 2.7838191 2.8495569 3.1082407 3.0565011 3.1642625 2.7166854 2.9967730 3.4214827 2.5435462 2.7934444 3.4391103 2.0129939 1.9140745 1.9000811 1.7468457 1.9767349 2.3487308 2.4883113 1.9491461 1.9491461 1.6381042 1.6381210 1.8775696 1.6713050 2.4006089 2.2781677 1.5577673 1.0052251 1.5420102 1.3034616 0.0000000 2.0218358 1.8748698 1.6038656 2.3513097 2.0615892 2.0333786 1.7799333 4.5955113 
Salinf_EP00049_Salpingoeca_infusionum_P026544          3.3879353 2.4433645 3.3274720 1.8539050 3.1028075 1.9699795 1.3225395 2.6722397 2.8862883 2.9346728 2.5412302 2.6857427 2.3714091 2.0558601 2.2666533 1.7560759 2.6884925 2.6612249 2.6811366 2.4682577 2.7058652 2.4901758 2.7080601 2.7007131 3.1795242 2.7446142 3.9394866 4.2161234 4.1284893 3.7953309 3.8968063 3.8031103 3.4697868 3.6852989 3.6188686 3.1425540 3.0364837 3.1253906 2.8389764 2.5927646 3.0035685 3.2394883 2.3781247 2.3781247 2.6398629 2.6197720 2.5908147 2.4921441 2.2092759 2.5070027 1.6961729 1.3071209 1.8168839 1.8806280 2.0218358 0.0000000 2.3807521 1.7120222 2.4106863 2.5980866 2.4538535 2.1167323 8.8170759 
Diagra_EP00040_Diaphanoeca_grandis_P013022             2.5079259 2.7538005 2.7290414 2.0004985 2.9725046 2.0088236 1.8781565 2.1202860 2.2078763 2.4592722 2.3649629 2.3065654 2.4654867 2.6981262 3.0787316 2.1951436 2.5858948 3.1129888 3.0892423 3.0221143 2.0178552 2.4996629 2.5592924 2.4327816 2.6145045 2.5543055 3.2881809 3.7878838 3.7920225 3.1054379 3.2139306 3.4717825 3.1443549 3.3173622 3.5209171 2.2967475 2.4874464 2.6381913 2.6922827 3.0220300 2.6806414 2.9407244 2.3280992 2.3280992 2.3217423 2.3495946 2.3455681 2.2905004 2.2003578 2.9160994 2.5360561 1.5035773 2.0828279 1.7233979 1.8748698 2.3807521 0.0000000 2.2788347 1.8420558 1.4926890 2.0227917 2.2316485 4.8626384 
Sros_EGD81816                                          3.3133931 2.9403372 2.8307432 0.8741556 2.8618676 1.1809565 0.6738748 2.8215038 2.7458276 2.5952267 2.5218225 2.4794413 2.7727280 2.7769701 2.5336077 1.8612375 2.5646930 3.0272828 3.7541662 3.3230566 2.4352952 2.5293495 2.5803555 2.6358197 2.7623032 3.0664979 4.0319264 3.8564408 4.4912437 4.3941268 4.6881828 4.0921074 3.9562555 4.3486861 4.5833316 2.7520419 2.9751145 2.8730488 2.6413136 2.4423701 2.9166341 3.4674557 2.9568251 2.9568251 2.9183779 2.9204103 2.9246128 2.9828176 2.7155672 3.9695878 0.9150571 1.3197187 2.3850730 1.3583463 1.6038656 1.7120222 2.2788347 0.0000000 2.5407453 2.8059274 1.9293577 2.7086265 6.3981507 
