69
Hsap_ENST00000326291                                         0.0000000 0.8381407 0.8518535 0.8777855 0.9022306 1.1145565 0.9747915 1.0139925 1.0536116 1.0578262 1.0946818 1.1210049 1.0584035 1.0890232 1.0438027 1.3190075 1.2675960 0.8835818 1.3232168 1.3101747 0.9523257 1.1642237 1.1481320 2.2612940 1.2542389 1.1931317 1.4512883 1.2778172 1.2970502 1.4020429 1.4042128 1.3243626 1.3773643 1.3612385 1.4939105 1.3153502 1.4884241 2.0622397 1.6571892 1.4943782 2.1925862 2.2053637 2.2411898 2.3219503 1.9217095 1.5080045 1.8633898 1.7122441 1.7167702 2.2320272 1.9994377 2.0975082 1.6844385 1.8224648 2.1480305 2.1827579 2.2789239 1.9686430 2.2182493 2.2648045 2.3773539 2.4231412 2.1433038 1.8786013 3.0955167 2.4501624 2.8090955 2.5207008 1.9584506 
Bralan_BLAG06001027_1                                        0.8381407 0.0000000 0.6194062 0.7441301 0.7335964 0.8330906 0.8994917 1.0163776 0.9607870 1.0494741 1.0582962 1.0730901 0.9728977 0.9865270 0.9456135 1.2269693 1.1055553 0.8616888 1.1809009 1.1875910 0.7970916 1.1215989 1.2162876 2.1852251 1.3512715 1.1485896 1.3775033 1.2336162 1.2688034 1.3369622 1.3100308 1.2066486 1.2514336 1.2147519 1.3138100 1.2445111 1.5433240 2.0813913 1.5752580 1.6385556 2.0568241 2.1597443 2.2516354 2.2245994 1.7891888 1.4876587 1.8803879 1.4815302 1.6635755 2.1966883 2.0306059 1.9820657 1.8058148 1.8831922 2.0170928 2.2058862 2.1580294 2.1536978 2.1882018 2.1525205 2.2175613 2.3873753 1.8296173 2.0874963 2.8967218 2.4977790 2.6414944 2.3610552 1.9176756 
Skow_XM_002737895.2                                          0.8518535 0.6194062 0.0000000 0.7463615 0.7741922 0.7960868 0.8709414 0.9654579 0.9572572 1.0250124 1.0499416 1.0408495 0.9458597 0.9656579 0.9671066 1.2637451 1.1698490 0.8684562 1.2477165 1.2481004 0.8845184 1.0874805 1.1609006 2.0549835 1.2742914 1.1041077 1.2032097 1.2467708 1.1741741 1.3096010 1.2882778 1.2358901 1.2818224 1.2171927 1.2871996 1.2096420 1.5500263 2.1720442 1.6785908 1.5744579 2.1094883 2.2737732 2.3891494 2.3204396 1.7620704 1.4443558 1.7799117 1.6081274 1.7576632 2.3036139 2.0804347 2.1530009 1.7741155 1.9727254 2.1599533 2.1750523 2.2953399 2.1549210 2.1647826 2.1639551 2.2817879 2.3254120 1.8907904 2.0009467 3.0636084 2.6537661 2.7489512 2.3607247 1.8468520 
Cgig_XM_011426376.3                                          0.8777855 0.7441301 0.7463615 0.0000000 0.6766945 0.9308094 0.8350444 1.1081146 1.0725984 1.1398859 1.1468747 1.1737984 1.1187616 1.1358033 1.0917355 1.4224914 1.1865901 0.8345309 1.3059590 1.2882934 0.9655632 1.1119795 1.1315669 2.1582031 1.2714344 1.1837486 1.4480560 1.2711855 1.2455672 1.3952138 1.3450457 1.1819445 1.2396295 1.2211457 1.3188866 1.2373066 1.6654823 2.1555694 1.6259979 1.6081495 2.0144397 2.2339924 2.4318692 2.3112460 1.9546895 1.5457730 2.0181798 1.5159451 1.9448012 2.1442621 2.0739199 2.1912146 1.9280372 2.2763074 2.2579358 2.2171312 2.3095594 2.2588383 2.2498372 2.2529711 2.2656135 2.3529370 2.0746365 2.0800734 2.9010524 2.4871907 2.8714601 2.3594041 1.8651089 
Acagra_model.g174.t1                                         0.9022306 0.7335964 0.7741922 0.6766945 0.0000000 0.9904791 0.7712134 1.2103433 0.9981665 1.0958853 1.1877988 1.2508630 1.0221146 1.0156550 0.9997556 1.2865123 1.2800441 0.7897863 1.3144463 1.3438239 0.8276634 1.2228493 1.1378765 2.4026811 1.1944777 1.1003161 1.4902961 1.1910814 1.3017380 1.4483252 1.4324974 1.1228950 1.2511328 1.1787573 1.3421506 1.1252948 1.4986243 2.1910409 1.8189930 1.6441603 2.0926924 2.3325304 2.4270501 2.1846131 1.9449080 1.6940462 1.8994946 1.6610178 1.7172326 2.5217697 2.2359694 2.2079803 1.9872444 1.9560366 2.3871220 2.5339663 2.4103441 2.4194879 2.4234985 2.4468499 2.2155732 2.3921238 2.0517285 2.1588774 2.8010370 2.6599195 2.7431766 2.4965949 2.3956250 
Spur_XM_030982497.1                                          1.1145565 0.8330906 0.7960868 0.9308094 0.9904791 0.0000000 1.0640551 1.2356658 1.0996003 1.1706373 1.1702434 1.2703293 1.1279393 1.0691934 1.1072721 1.4242833 1.3140279 0.9183367 1.3904255 1.3682551 1.0494869 1.2578192 1.2961227 2.2841940 1.3066399 1.2668081 1.4500186 1.4082729 1.3021028 1.4612438 1.4303438 1.3579632 1.3787416 1.3324814 1.4165774 1.3514108 1.6909353 2.3559348 1.7166993 1.7636202 2.2172431 2.4127548 2.5261466 2.4284809 2.1412394 1.6024661 1.8659904 1.6761942 2.0771591 2.3327040 2.1058301 2.2628878 1.8652311 1.9699216 2.1074266 2.1974772 2.2340766 2.0252015 2.2534047 2.2214460 2.4605860 2.3060736 1.8445124 2.1711523 2.8726181 2.6010773 3.0120240 2.5239255 2.1528186 
Ctel_gnl_WGS_AMQN_CAPTEDRAFT_mRNA192595                      0.9747915 0.8994917 0.8709414 0.8350444 0.7712134 1.0640551 0.0000000 1.1446486 1.1702413 1.2290863 1.1661682 1.1308138 1.1635682 1.1322004 1.1424095 1.2708507 1.4591721 1.0265720 1.5707260 1.5784196 1.1520022 1.2468176 1.3871728 2.2404099 1.1748753 1.4460438 1.5778069 1.4367949 1.3948757 1.5182106 1.5382504 1.3872204 1.3825175 1.3451410 1.4320792 1.3762708 1.5919197 2.5878196 1.7484715 1.6994559 2.2251736 2.5179485 2.8181457 2.7595505 2.1041333 1.3857484 1.0686700 1.6945381 1.7913432 2.5338514 2.0988885 2.2779133 1.8803023 1.9486027 2.2128718 2.1854365 2.2988114 2.0196563 2.1273941 2.3182352 2.2663738 2.6453418 0.8232916 1.5884780 3.1138172 2.6456555 3.0628749 2.2802472 1.7032741 
Exapal_XM_021043873.2                                        1.0139925 1.0163776 0.9654579 1.1081146 1.2103433 1.2356658 1.1446486 0.0000000 0.4328364 0.6369141 0.6518707 0.6795338 0.5823631 0.6573619 0.6029184 0.6634103 1.2004146 0.8437590 1.2821367 1.2920480 0.9075216 0.8401611 0.8882217 2.3032332 1.2459016 0.9746928 1.1569259 1.1124265 1.0739324 1.1711163 1.1649414 1.3743472 1.4442348 1.3694752 1.4932106 1.4055086 1.6824538 2.3235325 1.5927734 1.5903623 2.0274258 2.3916545 2.4748738 2.4251656 1.8577908 1.2680944 2.1084226 1.7377756 1.9639471 2.2184904 2.0814674 2.0615084 1.8748281 1.9345824 2.1808062 2.0042260 2.1097566 2.1798263 2.0455573 2.1069253 2.2607752 2.2143603 2.0041693 2.0671318 3.0979112 2.4788087 2.6394234 2.4731762 2.0285659 
Nvec_v1g239527                                               1.0536116 0.9607870 0.9572572 1.0725984 0.9981665 1.0996003 1.1702413 0.4328364 0.0000000 0.6393234 0.6718747 0.6424772 0.5690141 0.6130158 0.5889710 0.6767181 1.2527009 0.8672011 1.2579675 1.2457584 0.9323522 0.8578653 0.8953030 2.2364625 1.3279521 0.9916862 1.1033652 1.0794881 1.0128440 1.1200331 1.0970100 1.3390686 1.4043879 1.3338486 1.4411893 1.3300579 1.6409710 2.3505996 1.6927768 1.7252418 2.0459120 2.3234581 2.4359472 2.5970577 1.8806429 1.2781069 2.0260142 1.6528364 1.9307424 2.2724072 2.1204343 2.1206000 2.0204433 2.1978886 2.2779867 2.1063194 2.1602259 2.3102892 2.3411107 2.2928564 2.2666861 2.2906078 1.7820507 2.0996312 3.0898487 2.6178270 2.9286033 2.3725313 2.0676796 
Adig_XM_015914235.1                                          1.0578262 1.0494741 1.0250124 1.1398859 1.0958853 1.1706373 1.2290863 0.6369141 0.6393234 0.0000000 0.0124737 0.2973706 0.2819872 0.2969804 0.2879388 0.3301487 1.2431327 0.6659295 1.1971783 1.1961490 0.8923467 0.9780655 0.9856063 2.5269992 1.1020670 0.9897909 1.1136666 1.0339523 0.9740934 1.1227672 1.0863085 1.3803847 1.4249512 1.3387379 1.4644644 1.3043527 1.6259006 2.4422175 1.6420451 1.5312223 2.1629686 2.4125042 2.4227872 2.7051334 1.9515077 1.3130030 1.7870905 1.6547899 1.8083598 2.4774284 2.1249119 2.1351851 1.9341867 2.1619214 2.3016420 2.2738570 2.2277144 2.2578413 2.3922927 2.2934153 2.5267557 2.4055292 2.1191852 2.0367653 3.0611375 2.8450306 2.8306186 2.4906311 2.2190174 
Amil_Amillepora07719-RA                                      1.0946818 1.0582962 1.0499416 1.1468747 1.1877988 1.1702434 1.1661682 0.6518707 0.6718747 0.0124737 0.0000000 0.2703011 0.2889492 0.2976763 0.2890044 0.3017418 1.2782215 0.8540602 1.2145927 1.2241724 1.0080802 1.0331988 1.0303004 2.5206540 1.5224846 1.0778412 1.1605997 1.1044757 1.0388673 1.1790764 1.1294327 1.4459975 1.4950247 1.3720287 1.4910562 1.4115221 1.5420119 2.5188226 1.6849698 1.5939481 2.1723050 2.3569776 2.3402866 2.6979201 1.8714567 1.2739757 1.8533768 1.7067383 1.7493033 2.5385084 2.1489991 2.1445729 1.9967056 2.2289804 2.2693141 2.2261806 2.2196136 2.3030399 2.4358861 2.2965270 2.2539865 2.2353909 2.1556217 2.0664764 3.1618807 2.6417044 2.8875396 2.3942607 2.1771421 
Gfas_gfas1.m1.14793.m1                                       1.1210049 1.0730901 1.0408495 1.1737984 1.2508630 1.2703293 1.1308138 0.6795338 0.6424772 0.2973706 0.2703011 0.0000000 0.2281946 0.2627588 0.2350830 0.1969341 1.1889239 0.7726844 1.2726404 1.2579012 1.0210404 0.9747193 1.0269343 2.3419927 1.3593274 1.1014255 1.1355085 1.0934869 1.1230031 1.1952919 1.1724579 1.4204250 1.5175481 1.3689836 1.4926388 1.4120653 1.7357243 2.4323404 1.6577244 1.5815221 2.1725839 2.5041874 2.4725757 2.5135368 1.9399398 1.2806346 2.5496137 1.7301014 1.7575500 2.6291007 2.2336827 2.1825398 2.3036714 2.6305916 2.4003327 2.3468346 2.2708102 2.5442190 2.5629831 2.3947331 2.2680478 2.4747953 2.8700483 2.5524522 3.0800386 2.8019269 2.7300002 2.4988338 2.1680646 
Gasp_gasp1.m3.425.m1                                         1.0584035 0.9728977 0.9458597 1.1187616 1.0221146 1.1279393 1.1635682 0.5823631 0.5690141 0.2819872 0.2889492 0.2281946 0.0000000 0.1569765 0.1666636 0.1544795 1.2026274 0.7844520 1.1985704 1.1852326 0.8767021 0.9157508 0.9480292 2.3045502 1.3721449 1.0580137 1.1401986 1.1134908 1.0436175 1.1770719 1.1554315 1.3518059 1.3763135 1.3278280 1.4526191 1.3832062 1.6027117 2.4132516 1.6667471 1.5136151 2.0617086 2.3623686 2.3548216 2.5841069 1.7774378 1.3316492 1.7881147 1.6199246 1.8133828 2.5189983 2.1847042 2.2229627 1.9350352 2.0445303 2.2876598 2.2616967 2.2215343 2.1982229 2.2979339 2.2910626 2.2949390 2.3110652 1.9684435 1.9636835 3.0890303 2.6101124 2.6800745 2.4079571 2.2172342 
Spis_XP_022807552_1                                          1.0890232 0.9865270 0.9656579 1.1358033 1.0156550 1.0691934 1.1322004 0.6573619 0.6130158 0.2969804 0.2976763 0.2627588 0.1569765 0.0000000 0.0502663 0.2059326 1.1516898 0.7508057 1.1860913 1.1709326 0.8700013 0.9387354 0.9564587 2.3561365 1.3742141 1.0046661 1.2054465 1.0618671 1.0203375 1.1901154 1.1424954 1.3889823 1.4419428 1.3395529 1.4832978 1.3887589 1.5563271 2.3713831 1.6501976 1.5487714 2.0853317 2.3654583 2.3747498 2.4016334 1.7985933 1.3506729 1.7842309 1.6685804 1.8336715 2.4557205 2.1767622 2.2312764 2.1896739 2.1056341 2.2993190 2.3058319 2.2495386 2.3003027 2.5598791 2.3921208 2.4180530 2.3773848 2.0217949 2.0426448 3.0066931 2.6502707 2.6301163 2.4417756 2.4803013 
Pocdam_XM_027204689.1                                        1.0438027 0.9456135 0.9671066 1.0917355 0.9997556 1.1072721 1.1424095 0.6029184 0.5889710 0.2879388 0.2890044 0.2350830 0.1666636 0.0502663 0.0000000 0.1979984 1.1929299 0.8162354 1.1468837 1.1381770 0.8868712 0.8978910 0.9415901 2.3031826 1.3379173 1.0015719 1.1224059 1.1034579 1.0201625 1.1159529 1.0798007 1.3880438 1.4117599 1.3468315 1.4657840 1.3878270 1.5750850 2.3634743 1.6244749 1.5590694 2.1140119 2.4147496 2.4021792 2.5594017 1.7974597 1.3254728 1.8939689 1.6077949 1.7706053 2.5060440 2.0771731 2.1243617 1.9543548 2.0402758 2.1813038 2.2114397 2.1595393 2.2702774 2.3016875 2.2510054 2.3485757 2.3394935 1.9390897 1.9101375 3.1022482 2.5602743 2.6708753 2.4084029 2.2007390 
Fspp_ffun1.m4.5900.m1                                        1.3190075 1.2269693 1.2637451 1.4224914 1.2865123 1.4242833 1.2708507 0.6634103 0.6767181 0.3301487 0.3017418 0.1969341 0.1544795 0.2059326 0.1979984 0.0000000 1.4544156 1.9017000 1.4663317 1.6764460 0.6762475 1.1179790 1.0997597 3.6917766 0.5287518 4.6886068 1.6257290 1.3389170 1.4073282 1.4863049 1.4223966 1.8658190 1.8775821 1.6819511 1.9829692 2.2737627 0.0000010 3.6076541 2.0507963 1.6390372 2.8912066 3.6755902 3.8251599 3.9504297 2.5626198 1.3413890 0.0000010 1.7202566 1.6783691 3.2213424 2.1500188 2.1053250 6.1794711 6.1794711 2.4170808 6.1794711 2.1246352 6.1794711 6.1794711 2.1292045 2.3373305 3.5144168 0.0000010 0.0000010 3.2966791 3.3974603 3.9428423 3.0999102 2.0166012 
Stycar_snap_masked-SC_scaffold7010-processed-gene-0.4-mRNA-1 1.2675960 1.1055553 1.1698490 1.1865901 1.2800441 1.3140279 1.4591721 1.2004146 1.2527009 1.2431327 1.2782215 1.1889239 1.2026274 1.1516898 1.1929299 1.4544156 0.0000000 0.5110833 1.2941991 1.2575772 1.0246005 1.3026826 1.4106411 2.1100573 1.3531518 1.3588901 1.4548359 1.4984374 1.5001334 1.5211340 1.4710862 1.5334552 1.5463581 1.5234579 1.5913426 1.4712728 1.6447661 2.2730888 1.2583391 1.0307619 2.2622350 2.3436397 2.5099743 2.2962391 1.8840273 1.6450999 1.6126488 1.4027974 1.1028519 2.3792334 2.1346243 2.2662851 1.8574135 2.0366262 2.1224042 2.2067443 2.2775311 1.9496773 2.1630443 2.2254112 2.0936900 2.2028728 1.7874732 1.8695872 2.8972119 2.4891635 2.6254163 2.2807958 2.1195641 
Spolac_c85223_g1_i1_m.3665c85223-g1                          0.8835818 0.8616888 0.8684562 0.8345309 0.7897863 0.9183367 1.0265720 0.8437590 0.8672011 0.6659295 0.8540602 0.7726844 0.7844520 0.7508057 0.8162354 1.9017000 0.5110833 0.0000000 1.0202304 1.0008278 0.9771310 1.0179647 1.0709270 1.5054123 1.4944282 0.9880677 1.1583813 1.0333706 1.0098903 1.1780771 1.1524317 1.1083024 1.1177833 1.0867136 1.0671314 1.1043798 1.9076872 1.6715087 0.8918170 0.9734458 1.5706552 1.6936132 1.7043282 1.7274983 1.5104164 1.5487528 0.0000010 1.1238926 0.0000010 1.8746753 2.4661845 2.3210695 2.5283645 2.7974796 2.5943587 2.5144890 2.5687252 2.5514571 2.4334146 2.5255026 2.2245601 1.9964875 1.4725123 1.9215968 2.3015402 2.0382885 2.4095220 2.0152437 2.5685608 
Ocar_g366                                                    1.3232168 1.1809009 1.2477165 1.3059590 1.3144463 1.3904255 1.5707260 1.2821367 1.2579675 1.1971783 1.2145927 1.2726404 1.1985704 1.1860913 1.1468837 1.4663317 1.2941991 1.0202304 0.0000000 0.0184877 0.7658514 1.4038931 1.4457868 2.2482476 1.3929394 1.4090116 1.4606559 1.4192224 1.3423560 1.5751374 1.4976697 1.5724456 1.6256533 1.7172306 1.6681909 1.6255048 1.7086460 2.2503252 1.6979415 1.7302904 2.2197384 2.1764278 2.3570416 2.4054941 1.9317008 1.7674666 1.9240393 1.7574795 1.7677124 2.3672228 2.2539341 2.2844286 2.0483122 2.3021946 2.3429434 2.2823626 2.3807504 2.3727441 2.3318790 2.4258739 2.4526428 2.5926385 2.0132156 1.8402974 3.3097933 2.7978697 2.9485903 2.5484746 2.4717206 
Opea_EP00118_Oscarella_pearsei_P015092                       1.3101747 1.1875910 1.2481004 1.2882934 1.3438239 1.3682551 1.5784196 1.2920480 1.2457584 1.1961490 1.2241724 1.2579012 1.1852326 1.1709326 1.1381770 1.6764460 1.2575772 1.0008278 0.0184877 0.0000000 0.7002698 1.3847206 1.4044472 2.2317136 1.2026476 1.3661714 1.4442617 1.4144230 1.3458230 1.5688694 1.4921448 1.5418834 1.5934618 1.6011802 1.6602243 1.4954871 1.6195682 2.2754515 1.7147189 1.6797275 2.1916142 2.1749473 2.3752557 2.3372440 1.8916554 1.7303245 1.9240393 1.7355902 1.9348126 2.3592468 2.1787208 2.3315812 1.9430004 2.1094235 2.2701022 2.1590762 2.3201566 2.1880323 2.2215172 2.3742647 2.5036976 2.5399144 2.0132156 1.8812256 3.1560156 2.7577673 2.8872054 2.5659864 2.5387695 
Plajan_Pjan_scaffold3535_01                                  0.9523257 0.7970916 0.8845184 0.9655632 0.8276634 1.0494869 1.1520022 0.9075216 0.9323522 0.8923467 1.0080802 1.0210404 0.8767021 0.8700013 0.8868712 0.6762475 1.0246005 0.9771310 0.7658514 0.7002698 0.0000000 1.0867210 1.1848402 1.7556356 1.1844181 1.1532628 1.1701081 1.0900311 1.1132202 1.2713640 1.3087359 1.0359972 1.1350983 1.1423299 1.1511303 1.1592632 1.6543355 1.7487542 1.4454848 1.3519767 1.5819361 1.8118676 1.7517944 1.8681778 1.4774343 1.4104949 2.0462189 1.4288446 1.2333866 1.7669572 1.9113523 1.9932103 1.9345082 2.1192081 1.9766516 2.3036388 2.3316661 2.2937335 2.1026149 2.1420578 2.2080604 2.1675885 1.9257576 1.9196815 2.4767038 2.2593050 2.2282350 1.9227847 2.2290185 
Dgig_XM_028541845.1                                          1.1642237 1.1215989 1.0874805 1.1119795 1.2228493 1.2578192 1.2468176 0.8401611 0.8578653 0.9780655 1.0331988 0.9747193 0.9157508 0.9387354 0.8978910 1.1179790 1.3026826 1.0179647 1.4038931 1.3847206 1.0867210 0.0000000 0.3651877 2.3485046 1.4476996 1.1187791 1.2174346 1.2250066 1.1805556 1.2782571 1.2376073 1.4667165 1.4925249 1.3926887 1.5002141 1.4029704 1.7732593 2.2521636 1.6660149 1.6591447 2.2457200 2.5960378 2.6262791 2.4830528 1.9344935 1.3567841 2.2337820 1.7385155 2.1760336 2.4037499 2.1868945 2.2703789 1.9363048 2.0112201 2.2238664 2.2511044 2.3021600 2.1423356 2.2371831 2.2400263 2.4670235 2.4543869 1.9763679 2.3242498 2.9982495 2.6133741 2.8341464 2.6094884 2.2381390 
Xesp_016074-T1                                               1.1481320 1.2162876 1.1609006 1.1315669 1.1378765 1.2961227 1.3871728 0.8882217 0.8953030 0.9856063 1.0303004 1.0269343 0.9480292 0.9564587 0.9415901 1.0997597 1.4106411 1.0709270 1.4457868 1.4044472 1.1848402 0.3651877 0.0000000 2.5887426 1.4238297 1.1756897 1.2431184 1.2367484 1.1763269 1.3922586 1.3318137 1.4306371 1.4494651 1.4449554 1.5458842 1.3985423 1.7333788 2.2529082 1.6144255 1.7697597 2.2599571 2.5714242 2.5703404 2.6586977 2.0780123 1.4008381 2.2753526 1.8156137 2.2249428 2.5343790 2.1171589 2.2369810 1.9274941 2.0486841 2.2684553 2.3240674 2.3445409 2.2192689 2.4342995 2.3948075 2.5440743 2.5789986 2.0227496 2.2738236 3.0837285 2.6610074 2.8411074 2.6663306 2.4741695 
Salurc_EP00051_Salpingoeca_urceolata_P020109                 2.2612940 2.1852251 2.0549835 2.1582031 2.4026811 2.2841940 2.2404099 2.3032332 2.2364625 2.5269992 2.5206540 2.3419927 2.3045502 2.3561365 2.3031826 3.6917766 2.1100573 1.5054123 2.2482476 2.2317136 1.7556356 2.3485046 2.5887426 0.0000000 1.1151307 2.3024875 2.4425959 2.3535379 2.4217262 2.5002551 2.3971519 2.2474523 2.3035327 2.0751436 2.3039044 1.9207528 1.6127694 2.0427928 2.5397055 2.4724361 2.2143261 2.1785145 2.1099988 2.2066554 1.7276240 2.7905822 4.0746301 2.4482721 2.7991452 2.0210236 2.7573417 2.8783680 2.3435717 2.6087981 2.8014733 2.5395697 2.8304432 2.7950903 2.8409915 2.9999849 3.3354364 3.1184106 3.6364638 2.8261468 3.1319322 2.2468667 2.5451620 2.2775261 3.6903655 
Salpun_EP00053_Salpingoeca_punica_P021345                    1.2542389 1.3512715 1.2742914 1.2714344 1.1944777 1.3066399 1.1748753 1.2459016 1.3279521 1.1020670 1.5224846 1.3593274 1.3721449 1.3742141 1.3379173 0.5287518 1.3531518 1.4944282 1.3929394 1.2026476 1.1844181 1.4476996 1.4238297 1.1151307 0.0000000 1.0525145 1.1667033 1.2876416 1.2658565 1.3225457 1.2398573 1.0203464 1.0349083 1.0417606 1.0890015 1.1083644 1.4110820 1.3006052 1.6816021 1.8336665 1.1779597 1.2199840 1.2841095 0.9550878 1.1819325 1.3777971 0.0000010 1.5214604 0.0000010 1.1478261 2.4675782 2.4369167 2.6730987 2.6730987 2.2045890 2.5733971 2.6287511 2.5699622 2.4237152 2.5332679 2.4489267 2.3105641 2.8371089 1.6117664 1.8048674 2.3725632 1.5382128 1.7538207 2.3338722 
Hvul_g11277_1                                                1.1931317 1.1485896 1.1041077 1.1837486 1.1003161 1.2668081 1.4460438 0.9746928 0.9916862 0.9897909 1.0778412 1.1014255 1.0580137 1.0046661 1.0015719 4.6886068 1.3588901 0.9880677 1.4090116 1.3661714 1.1532628 1.1187791 1.1756897 2.3024875 1.0525145 0.0000000 0.7563197 0.9924375 0.9478897 1.0370794 1.0579364 1.3449273 1.3798187 1.4009944 1.4325517 1.4133840 1.8256606 2.3554385 1.7700654 1.8321065 2.2236046 2.1626486 2.3158232 2.1462642 2.0652308 1.2891372 2.6623696 1.6994858 2.6199904 2.2934821 2.0884710 2.1373729 1.8554487 1.9177759 2.0242413 2.2652557 2.3681295 2.1747896 2.0173281 2.1110485 2.5565474 2.4111716 2.4979101 2.4493151 3.1083889 2.5187003 2.7794164 2.5713969 2.7091411 
Chem_TCONS_00053700                                          1.4512883 1.3775033 1.2032097 1.4480560 1.4902961 1.4500186 1.5778069 1.1569259 1.1033652 1.1136666 1.1605997 1.1355085 1.1401986 1.2054465 1.1224059 1.6257290 1.4548359 1.1583813 1.4606559 1.4442617 1.1701081 1.2174346 1.2431184 2.4425959 1.1667033 0.7563197 0.0000000 1.0945614 1.0727922 1.1917307 1.1780324 1.6686888 1.7262747 1.6479703 1.7613649 1.5141896 1.8049073 2.6042953 1.8083113 1.8027518 2.4143774 2.8672717 2.7851439 2.6415303 2.0892802 1.2666335 2.2355744 1.9623797 2.1565552 2.4980917 2.3822994 2.5861103 1.9729531 2.0543310 2.3496585 2.2517173 2.5427162 2.2003937 2.1313825 2.3579397 2.5367198 2.7186736 2.1978563 2.3509352 3.2089949 2.9268006 2.8101289 2.6309666 2.3562335 
Aaur_scaffold872.g5.t1                                       1.2778172 1.2336162 1.2467708 1.2711855 1.1910814 1.4082729 1.4367949 1.1124265 1.0794881 1.0339523 1.1044757 1.0934869 1.1134908 1.0618671 1.1034579 1.3389170 1.4984374 1.0333706 1.4192224 1.4144230 1.0900311 1.2250066 1.2367484 2.3535379 1.2876416 0.9924375 1.0945614 0.0000000 0.5823072 0.5799392 0.5582344 1.5931416 1.5981533 1.5668266 1.6534217 1.5504527 1.7855572 2.5101493 1.7770124 1.8638401 2.3103298 2.4454800 2.5515338 2.5590628 2.0144726 1.1842892 2.0755057 2.0044994 2.1414603 2.5367851 2.2796402 2.3923434 2.0533070 2.0101038 2.4278231 2.3357438 2.4123373 2.0734427 2.2681381 2.3398118 2.4649248 2.5356543 1.8701666 2.0421728 2.9190045 2.8701663 3.1498519 2.7553579 2.4567543 
Sanmal_Sma_012247-T1                                         1.2970502 1.2688034 1.1741741 1.2455672 1.3017380 1.3021028 1.3948757 1.0739324 1.0128440 0.9740934 1.0388673 1.1230031 1.0436175 1.0203375 1.0201625 1.4073282 1.5001334 1.0098903 1.3423560 1.3458230 1.1132202 1.1805556 1.1763269 2.4217262 1.2658565 0.9478897 1.0727922 0.5823072 0.0000000 0.7002680 0.6454362 1.5456535 1.5773013 1.5456002 1.6275270 1.4934723 1.8039572 2.4657330 1.8052728 1.8518131 2.4099377 2.4743926 2.5365544 2.8006023 2.1589978 1.2157450 2.1284810 1.9069518 2.2229743 2.4712719 2.2518465 2.4936152 1.9864086 2.0728799 2.3856504 2.4205440 2.5275988 2.1017657 2.2228678 2.3335065 2.5828939 2.6086809 2.1955076 2.3437107 2.8741951 2.8441063 3.1699978 2.6967389 2.4600421 
Nemnom_g16203.t1                                             1.4020429 1.3369622 1.3096010 1.3952138 1.4483252 1.4612438 1.5182106 1.1711163 1.1200331 1.1227672 1.1790764 1.1952919 1.1770719 1.1901154 1.1159529 1.4863049 1.5211340 1.1780771 1.5751374 1.5688694 1.2713640 1.2782571 1.3922586 2.5002551 1.3225457 1.0370794 1.1917307 0.5799392 0.7002680 0.0000000 0.2047510 1.6713648 1.7659217 1.6415110 1.7654279 1.5911854 1.9800664 2.8162665 1.9152728 1.9415775 2.5287891 2.7490087 2.8981059 2.8844963 2.1906604 1.2776096 2.4860842 2.0283735 2.2067517 2.6062088 2.2409200 2.3091577 2.1064480 2.1820675 2.3697139 2.3568317 2.4415977 2.3270863 2.3767508 2.4203708 2.6810855 2.6613384 2.3773137 2.4392800 3.1638884 2.9937341 3.0093699 2.8338146 2.5563134 
Rhoesc_Res_000019-T1                                         1.4042128 1.3100308 1.2882778 1.3450457 1.4324974 1.4303438 1.5382504 1.1649414 1.0970100 1.0863085 1.1294327 1.1724579 1.1554315 1.1424954 1.0798007 1.4223966 1.4710862 1.1524317 1.4976697 1.4921448 1.3087359 1.2376073 1.3318137 2.3971519 1.2398573 1.0579364 1.1780324 0.5582344 0.6454362 0.2047510 0.0000000 1.6201060 1.6831567 1.6126077 1.7061008 1.5801651 1.8906782 2.7208105 1.8895557 1.9045477 2.5202823 2.5955680 2.7073252 2.7227955 2.1750292 1.2730576 2.4702154 1.9778624 2.3109350 2.5649444 2.2184880 2.2873237 2.0907500 2.1385270 2.3188576 2.2925681 2.3660322 2.2210465 2.2826770 2.3332149 2.6813164 2.6599040 2.3360800 2.3514347 3.1342067 2.8709910 2.9631318 2.7167304 2.5311755 
Tadh_TriadT23663                                             1.3243626 1.2066486 1.2358901 1.1819445 1.1228950 1.3579632 1.3872204 1.3743472 1.3390686 1.3803847 1.4459975 1.4204250 1.3518059 1.3889823 1.3880438 1.8658190 1.5334552 1.1083024 1.5724456 1.5418834 1.0359972 1.4667165 1.4306371 2.2474523 1.0203464 1.3449273 1.6686888 1.5931416 1.5456535 1.6713648 1.6201060 0.0000000 0.0042803 0.2341712 0.2667848 0.2297402 1.7691968 2.3463921 1.8519818 1.9200021 2.4016671 2.4419358 2.6254110 2.4167223 2.0768975 1.7927164 1.6634598 2.0428612 2.4415666 2.4423664 2.2778521 2.7251298 1.9653943 2.0738803 2.4517383 2.3060272 2.5087493 2.3155918 2.3741984 2.5000375 2.5236538 2.7865642 1.9754142 1.9830373 2.7676641 2.5841437 2.9963200 2.5579241 2.5160989 
TrH2_TrispH2_004417-RA                                       1.3773643 1.2514336 1.2818224 1.2396295 1.2511328 1.3787416 1.3825175 1.4442348 1.4043879 1.4249512 1.4950247 1.5175481 1.3763135 1.4419428 1.4117599 1.8775821 1.5463581 1.1177833 1.6256533 1.5934618 1.1350983 1.4925249 1.4494651 2.3035327 1.0349083 1.3798187 1.7262747 1.5981533 1.5773013 1.7659217 1.6831567 0.0042803 0.0000000 0.2593276 0.2904871 0.2554644 1.8181626 2.3427925 1.9199003 1.9391384 2.4841818 2.4425555 2.6325971 2.5134300 2.1688431 1.8278181 1.8094864 2.0746047 2.4330929 2.5312311 2.2754789 2.7236465 2.0000674 2.1071605 2.4359688 2.3473255 2.5278954 2.3973536 2.4003397 2.5248203 2.6446719 2.7448700 2.2372147 2.2063405 2.8202606 2.6889656 3.0039363 2.6106032 2.5442517 
HoiH06_mRNA9882                                              1.3612385 1.2147519 1.2171927 1.2211457 1.1787573 1.3324814 1.3451410 1.3694752 1.3338486 1.3387379 1.3720287 1.3689836 1.3278280 1.3395529 1.3468315 1.6819511 1.5234579 1.0867136 1.7172306 1.6011802 1.1423299 1.3926887 1.4449554 2.0751436 1.0417606 1.4009944 1.6479703 1.5668266 1.5456002 1.6415110 1.6126077 0.2341712 0.2593276 0.0000000 0.0494524 0.0869046 1.7833686 2.2753169 1.8726362 1.8645459 2.4248106 2.2209906 2.4863279 2.3474549 2.1043885 1.8278716 1.8611483 1.9960859 2.5067344 2.4959338 2.4273797 2.6672117 2.1449191 2.3269385 2.5957786 2.4891306 2.6035675 2.5032432 2.5166400 2.5825956 2.6128567 2.7505304 2.0460709 2.0798499 2.8238774 2.7799733 3.0011990 2.6102276 2.4924410 
HoiH23_PlH23_004233-RA                                       1.4939105 1.3138100 1.2871996 1.3188866 1.3421506 1.4165774 1.4320792 1.4932106 1.4411893 1.4644644 1.4910562 1.4926388 1.4526191 1.4832978 1.4657840 1.9829692 1.5913426 1.0671314 1.6681909 1.6602243 1.1511303 1.5002141 1.5458842 2.3039044 1.0890015 1.4325517 1.7613649 1.6534217 1.6275270 1.7654279 1.7061008 0.2667848 0.2904871 0.0494524 0.0000000 0.0750160 1.7972684 2.4196008 1.9853171 2.0058000 2.5346726 2.4179675 2.6923138 2.5649608 2.2710326 1.9494923 1.8246060 2.1216249 2.6472497 2.6722261 2.5749719 3.0090802 2.2142960 2.4075907 2.7847924 2.5222874 2.7671499 2.5230412 2.5643165 2.7659083 2.5424433 2.7656713 2.0684383 2.1326655 2.9123898 2.8896353 3.2019119 2.6560937 2.6332288 
HoiH04_mRNA1972                                              1.3153502 1.2445111 1.2096420 1.2373066 1.1252948 1.3514108 1.3762708 1.4055086 1.3300579 1.3043527 1.4115221 1.4120653 1.3832062 1.3887589 1.3878270 2.2737627 1.4712728 1.1043798 1.6255048 1.4954871 1.1592632 1.4029704 1.3985423 1.9207528 1.1083644 1.4133840 1.5141896 1.5504527 1.4934723 1.5911854 1.5801651 0.2297402 0.2554644 0.0869046 0.0750160 0.0000000 1.8356774 2.2274613 1.8222217 1.8289802 2.2983058 2.0560938 2.2945407 2.1106626 1.9725654 1.7082282 1.8697830 1.9277792 2.9654985 2.2737254 2.4865265 2.7728643 2.1330853 2.3240531 2.5660676 2.4906886 2.7547765 2.4671842 2.4913201 2.5945185 2.5789226 2.6060554 2.0451234 2.1457825 2.8962655 2.6386331 2.8863646 2.5064267 2.6514586 
Diagra_EP00040_Diaphanoeca_grandis_P014234                   1.4884241 1.5433240 1.5500263 1.6654823 1.4986243 1.6909353 1.5919197 1.6824538 1.6409710 1.6259006 1.5420119 1.7357243 1.6027117 1.5563271 1.5750850 0.0000010 1.6447661 1.9076872 1.7086460 1.6195682 1.6543355 1.7732593 1.7333788 1.6127694 1.4110820 1.8256606 1.8049073 1.7855572 1.8039572 1.9800664 1.8906782 1.7691968 1.8181626 1.7833686 1.7972684 1.8356774 0.0000000 1.0863152 1.9892300 2.1285105 1.7528493 1.1594588 1.1601764 1.5509391 1.4492013 1.9729936 2.0202882 1.8876376 2.9565690 1.8665357 2.7024450 2.4383510 2.5504372 2.8162945 2.5972033 2.5479981 2.6191762 2.8853893 2.8854592 2.9761557 2.9412381 2.6651335 2.2302307 2.1329669 2.7291966 2.0134708 2.1981782 2.2749159 3.3503503 
Stedip_EP00041_Stephanoeca_diplocostata_P005000              2.0622397 2.0813913 2.1720442 2.1555694 2.1910409 2.3559348 2.5878196 2.3235325 2.3505996 2.4422175 2.5188226 2.4323404 2.4132516 2.3713831 2.3634743 3.6076541 2.2730888 1.6715087 2.2503252 2.2754515 1.7487542 2.2521636 2.2529082 2.0427928 1.3006052 2.3554385 2.6042953 2.5101493 2.4657330 2.8162665 2.7208105 2.3463921 2.3427925 2.2753169 2.4196008 2.2274613 1.0863152 0.0000000 2.5438526 2.3759805 2.1896572 1.1331505 1.2211003 2.0188702 1.9074207 2.9372962 2.6038743 2.5251962 3.1320375 2.2168561 2.8903452 3.1555399 2.4610372 2.7077510 3.0227441 2.7024310 2.9563037 2.6939775 2.7167144 3.0631068 3.2297967 3.1086730 2.4923662 2.5698008 3.1123403 2.2928390 2.6869166 2.3594832 3.7186432 
Aque_Aqu2.1.30506_001                                        1.6571892 1.5752580 1.6785908 1.6259979 1.8189930 1.7166993 1.7484715 1.5927734 1.6927768 1.6420451 1.6849698 1.6577244 1.6667471 1.6501976 1.6244749 2.0507963 1.2583391 0.8918170 1.6979415 1.7147189 1.4454848 1.6660149 1.6144255 2.5397055 1.6816021 1.7700654 1.8083113 1.7770124 1.8052728 1.9152728 1.8895557 1.8519818 1.9199003 1.8726362 1.9853171 1.8222217 1.9892300 2.5438526 0.0000000 1.6740748 2.4755273 2.6058989 2.7473014 2.8000268 2.3901532 1.9481965 2.0859488 1.8265898 2.0264289 2.6539797 2.2747141 2.2515409 2.0116329 2.3771663 2.3360078 2.2117450 2.4197089 2.1513940 2.2680556 2.4199226 2.5900293 2.7635312 2.2198319 2.3130969 3.3087852 2.8456384 2.9089588 2.5884316 2.6489749 
Tetwil_g2408.t1                                              1.4943782 1.6385556 1.5744579 1.6081495 1.6441603 1.7636202 1.6994559 1.5903623 1.7252418 1.5312223 1.5939481 1.5815221 1.5136151 1.5487714 1.5590694 1.6390372 1.0307619 0.9734458 1.7302904 1.6797275 1.3519767 1.6591447 1.7697597 2.4724361 1.8336665 1.8321065 1.8027518 1.8638401 1.8518131 1.9415775 1.9045477 1.9200021 1.9391384 1.8645459 2.0058000 1.8289802 2.1285105 2.3759805 1.6740748 0.0000000 2.4184990 2.5912599 2.6420685 2.7670444 2.1048797 1.9813801 1.9772068 1.6812240 1.4474593 2.6764217 2.5862487 2.6188459 2.3861422 2.7382674 2.5927314 2.8670011 2.7732698 2.6986359 2.6076959 2.6201141 2.3941319 2.6758364 2.1627726 2.0760827 3.0041589 2.8971567 3.0311808 2.5671124 2.2312993 
Codhol_EP00042_Codosiga_hollandica_P029392                   2.1925862 2.0568241 2.1094883 2.0144397 2.0926924 2.2172431 2.2251736 2.0274258 2.0459120 2.1629686 2.1723050 2.1725839 2.0617086 2.0853317 2.1140119 2.8912066 2.2622350 1.5706552 2.2197384 2.1916142 1.5819361 2.2457200 2.2599571 2.2143261 1.1779597 2.2236046 2.4143774 2.3103298 2.4099377 2.5287891 2.5202823 2.4016671 2.4841818 2.4248106 2.5346726 2.2983058 1.7528493 2.1896572 2.4755273 2.4184990 0.0000000 2.2012530 2.3244361 2.4464983 1.8096520 2.4076413 2.5615355 2.4347394 2.7571465 2.3174163 2.8198216 2.8408224 2.5778028 2.8167435 2.8877734 2.5256704 2.7561100 2.5841014 2.5603759 2.8750816 2.9543255 2.9660221 2.4956084 2.6383884 2.8887138 2.2681200 2.8124396 2.0115229 3.2779301 
Acaspe_EP00035_Acanthoeca_spectabilis_P023903                2.2053637 2.1597443 2.2737732 2.2339924 2.3325304 2.4127548 2.5179485 2.3916545 2.3234581 2.4125042 2.3569776 2.5041874 2.3623686 2.3654583 2.4147496 3.6755902 2.3436397 1.6936132 2.1764278 2.1749473 1.8118676 2.5960378 2.5714242 2.1785145 1.2199840 2.1626486 2.8672717 2.4454800 2.4743926 2.7490087 2.5955680 2.4419358 2.4425555 2.2209906 2.4179675 2.0560938 1.1594588 1.1331505 2.6058989 2.5912599 2.2012530 0.0000000 0.4060868 1.8832991 1.9397822 2.6667691 2.4491383 2.5397848 2.9763250 2.3232344 2.8767204 3.0239593 2.3766894 2.6591481 2.7680096 2.6164985 2.9594014 2.4378412 2.8274471 3.1667123 3.0172222 2.7864332 2.2259899 2.2726571 3.0697424 2.3979533 2.8009987 2.3771763 3.6879511 
Helnan_EP00037_Helgoeca_nana_P026983                         2.2411898 2.2516354 2.3891494 2.4318692 2.4270501 2.5261466 2.8181457 2.4748738 2.4359472 2.4227872 2.3402866 2.4725757 2.3548216 2.3747498 2.4021792 3.8251599 2.5099743 1.7043282 2.3570416 2.3752557 1.7517944 2.6262791 2.5703404 2.1099988 1.2841095 2.3158232 2.7851439 2.5515338 2.5365544 2.8981059 2.7073252 2.6254110 2.6325971 2.4863279 2.6923138 2.2945407 1.1601764 1.2211003 2.7473014 2.6420685 2.3244361 0.4060868 0.0000000 1.9911445 2.1067189 2.6499410 2.6494604 2.8612007 3.1984624 2.4346237 3.1883171 3.2758078 2.4866794 2.7722575 3.0930755 2.9002109 3.2432942 2.6987417 2.9664793 3.3709005 3.2631876 2.9513249 2.4161025 2.2463636 3.1571414 2.3723278 2.7938421 2.6623852 4.1408545 
Didcos_EP00039_Didymoeca_costata_P010578                     2.3219503 2.2245994 2.3204396 2.3112460 2.1846131 2.4284809 2.7595505 2.4251656 2.5970577 2.7051334 2.6979201 2.5135368 2.5841069 2.4016334 2.5594017 3.9504297 2.2962391 1.7274983 2.4054941 2.3372440 1.8681778 2.4830528 2.6586977 2.2066554 0.9550878 2.1462642 2.6415303 2.5590628 2.8006023 2.8844963 2.7227955 2.4167223 2.5134300 2.3474549 2.5649608 2.1106626 1.5509391 2.0188702 2.8000268 2.7670444 2.4464983 1.8832991 1.9911445 0.0000000 2.0376043 2.7265496 2.5264289 2.6170289 3.5143481 2.6762217 3.1522966 3.4933132 2.7181448 2.5917326 3.0504670 2.8561474 3.2411775 2.7399341 2.9621469 3.2209762 3.1667934 3.0342933 2.8793351 2.1753770 3.2436898 2.5267509 2.4946178 2.6504441 3.9808090 
Saldol_EP00054_Salpingoeca_dolichothecata_P029122            1.9217095 1.7891888 1.7620704 1.9546895 1.9449080 2.1412394 2.1041333 1.8577908 1.8806429 1.9515077 1.8714567 1.9399398 1.7774378 1.7985933 1.7974597 2.5626198 1.8840273 1.5104164 1.9317008 1.8916554 1.4774343 1.9344935 2.0780123 1.7276240 1.1819325 2.0652308 2.0892802 2.0144726 2.1589978 2.1906604 2.1750292 2.0768975 2.1688431 2.1043885 2.2710326 1.9725654 1.4492013 1.9074207 2.3901532 2.1048797 1.8096520 1.9397822 2.1067189 2.0376043 0.0000000 2.2922381 2.4723335 2.3052589 2.6365990 1.9550064 2.5572735 2.8810421 2.2454186 2.1971967 2.7106859 2.5054160 2.6786080 2.4053027 2.6687906 2.7961456 2.7629422 2.6838455 2.5286887 2.2024350 2.6849322 2.1101509 2.2411807 2.0811252 3.2815017 
Morvir_scaffold5.g5.t1                                       1.5080045 1.4876587 1.4443558 1.5457730 1.6940462 1.6024661 1.3857484 1.2680944 1.2781069 1.3130030 1.2739757 1.2806346 1.3316492 1.3506729 1.3254728 1.3413890 1.6450999 1.5487528 1.7674666 1.7303245 1.4104949 1.3567841 1.4008381 2.7905822 1.3777971 1.2891372 1.2666335 1.1842892 1.2157450 1.2776096 1.2730576 1.7927164 1.8278181 1.8278716 1.9494923 1.7082282 1.9729936 2.9372962 1.9481965 1.9813801 2.4076413 2.6667691 2.6499410 2.7265496 2.2922381 0.0000000 2.1570182 2.1342080 1.9310308 2.5539918 2.4236147 2.4690132 2.2683794 2.6486326 2.4381268 2.2257280 2.4117394 2.5332613 2.3975010 2.5684569 2.5307539 2.6809944 2.0642834 2.4305053 3.2597903 2.9827487 3.0436625 2.6857252 2.4099574 
Clacor_Ccor_C541043_01                                       1.8633898 1.8803879 1.7799117 2.0181798 1.8994946 1.8659904 1.0686700 2.1084226 2.0260142 1.7870905 1.8533768 2.5496137 1.7881147 1.7842309 1.8939689 0.0000010 1.6126488 0.0000010 1.9240393 1.9240393 2.0462189 2.2337820 2.2753526 4.0746301 0.0000010 2.6623696 2.2355744 2.0755057 2.1284810 2.4860842 2.4702154 1.6634598 1.8094864 1.8611483 1.8246060 1.8697830 2.0202882 2.6038743 2.0859488 1.9772068 2.5615355 2.4491383 2.6494604 2.5264289 2.4723335 2.1570182 0.0000000 2.0155430 0.0000010 2.7339714 1.9224741 0.0000010 2.6461299 2.6996074 2.3266424 2.4143577 2.4816091 2.4931965 2.2862333 2.3245884 1.8434476 1.5838012 1.7500199 1.9994980 2.8361416 2.6829963 2.5244990 2.9580582 5.1939153 
Plespi_Pspi_scaffold17451_01                                 1.7122441 1.4815302 1.6081274 1.5159451 1.6610178 1.6761942 1.6945381 1.7377756 1.6528364 1.6547899 1.7067383 1.7301014 1.6199246 1.6685804 1.6077949 1.7202566 1.4027974 1.1238926 1.7574795 1.7355902 1.4288446 1.7385155 1.8156137 2.4482721 1.5214604 1.6994858 1.9623797 2.0044994 1.9069518 2.0283735 1.9778624 2.0428612 2.0746047 1.9960859 2.1216249 1.9277792 1.8876376 2.5251962 1.8265898 1.6812240 2.4347394 2.5397848 2.8612007 2.6170289 2.3052589 2.1342080 2.0155430 0.0000000 1.8816514 2.6998294 2.3222663 2.3732853 2.1065442 2.2912578 2.5047094 2.4107776 2.3664284 2.4904383 2.4976400 2.4667221 2.2919531 2.4175494 2.0879290 2.4642596 3.3940018 2.7861574 3.0336853 2.4772283 2.4554749 
Emue_Em0022g647a.t1                                          1.7167702 1.6635755 1.7576632 1.9448012 1.7172326 2.0771591 1.7913432 1.9639471 1.9307424 1.8083598 1.7493033 1.7575500 1.8133828 1.8336715 1.7706053 1.6783691 1.1028519 0.0000010 1.7677124 1.9348126 1.2333866 2.1760336 2.2249428 2.7991452 0.0000010 2.6199904 2.1565552 2.1414603 2.2229743 2.2067517 2.3109350 2.4415666 2.4330929 2.5067344 2.6472497 2.9654985 2.9565690 3.1320375 2.0264289 1.4474593 2.7571465 2.9763250 3.1984624 3.5143481 2.6365990 1.9310308 0.0000010 1.8816514 0.0000000 2.6891148 2.3988480 2.6055345 1.3940152 0.0000010 2.4367039 3.0463187 2.4955126 0.0000010 2.8795165 2.5349648 2.5268884 3.6072100 0.0000010 0.0000010 3.5588502 2.9360048 4.0246051 2.4700029 2.4420955 
Salmac_EP00052_Salpingoeca_macrocollata_P024291              2.2320272 2.1966883 2.3036139 2.1442621 2.5217697 2.3327040 2.5338514 2.2184904 2.2724072 2.4774284 2.5385084 2.6291007 2.5189983 2.4557205 2.5060440 3.2213424 2.3792334 1.8746753 2.3672228 2.3592468 1.7669572 2.4037499 2.5343790 2.0210236 1.1478261 2.2934821 2.4980917 2.5367851 2.4712719 2.6062088 2.5649444 2.4423664 2.5312311 2.4959338 2.6722261 2.2737254 1.8665357 2.2168561 2.6539797 2.6764217 2.3174163 2.3232344 2.4346237 2.6762217 1.9550064 2.5539918 2.7339714 2.6998294 2.6891148 0.0000000 2.9729520 3.3319897 2.3310013 2.3489017 3.0530736 2.5775574 2.9322185 2.3938699 2.6738526 3.0430538 3.1053902 3.0593041 2.2871776 2.6921757 3.0751081 2.1711017 2.6819144 2.3403931 3.4169735 
Mlei_ML1817.g26.i1                                           1.9994377 2.0306059 2.0804347 2.0739199 2.2359694 2.1058301 2.0988885 2.0814674 2.1204343 2.1249119 2.1489991 2.2336827 2.1847042 2.1767622 2.0771731 2.1500188 2.1346243 2.4661845 2.2539341 2.1787208 1.9113523 2.1868945 2.1171589 2.7573417 2.4675782 2.0884710 2.3822994 2.2796402 2.2518465 2.2409200 2.2184880 2.2778521 2.2754789 2.4273797 2.5749719 2.4865265 2.7024450 2.8903452 2.2747141 2.5862487 2.8198216 2.8767204 3.1883171 3.1522966 2.5572735 2.4236147 1.9224741 2.3222663 2.3988480 2.9729520 0.0000000 0.3401147 0.3795925 0.4298284 0.4460330 0.5840859 0.4782807 0.5874238 0.7896325 0.6823226 2.7054048 2.8791006 2.2124042 2.6981250 3.3831581 3.0227578 3.3236340 2.8585206 2.8788766 
Beraby_Baby_sb342524                                         2.0975082 1.9820657 2.1530009 2.1912146 2.2079803 2.2628878 2.2779133 2.0615084 2.1206000 2.1351851 2.1445729 2.1825398 2.2229627 2.2312764 2.1243617 2.1053250 2.2662851 2.3210695 2.2844286 2.3315812 1.9932103 2.2703789 2.2369810 2.8783680 2.4369167 2.1373729 2.5861103 2.3923434 2.4936152 2.3091577 2.2873237 2.7251298 2.7236465 2.6672117 3.0090802 2.7728643 2.4383510 3.1555399 2.2515409 2.6188459 2.8408224 3.0239593 3.2758078 3.4933132 2.8810421 2.4690132 0.0000010 2.3732853 2.6055345 3.3319897 0.3401147 0.0000000 0.4478151 0.5520646 0.5454255 0.5622681 0.5308339 0.6789402 0.8418133 0.6754666 3.1056437 3.3185784 0.0000010 0.0000010 4.1388748 3.0142993 4.1348612 2.8533658 2.8070645 
Bolinf_Binf_sb1189801                                        1.6844385 1.8058148 1.7741155 1.9280372 1.9872444 1.8652311 1.8803023 1.8748281 2.0204433 1.9341867 1.9967056 2.3036714 1.9350352 2.1896739 1.9543548 6.1794711 1.8574135 2.5283645 2.0483122 1.9430004 1.9345082 1.9363048 1.9274941 2.3435717 2.6730987 1.8554487 1.9729531 2.0533070 1.9864086 2.1064480 2.0907500 1.9653943 2.0000674 2.1449191 2.2142960 2.1330853 2.5504372 2.4610372 2.0116329 2.3861422 2.5778028 2.3766894 2.4866794 2.7181448 2.2454186 2.2683794 2.6461299 2.1065442 1.3940152 2.3310013 0.3795925 0.4478151 0.0000000 0.0041802 0.5338077 0.7453264 0.7478206 0.6694884 0.8293129 0.8511987 2.5048089 2.5628220 2.3728786 2.6218281 3.2941726 2.6613537 2.5981479 2.7782159 2.5453436 
