67
Hsap_ENST00000652093                              0.0000000 1.2659239 1.4163342 0.7933086 0.9734862 1.4166963 1.3666558 1.5781348 1.6056354 1.5367389 1.3515403 1.4370602 1.3799230 1.4651095 1.6162963 1.5990779 1.4960077 1.3269460 1.4941015 1.6240603 1.5277336 1.7399843 1.7303469 1.4940726 1.6637785 1.5179028 1.8272887 1.6792514 1.6907540 1.7253009 1.6568485 1.5892155 1.5445056 1.6089397 1.7485702 1.8480861 1.7954371 1.7790669 1.7776255 1.5124226 1.4790823 1.4191849 1.9877178 1.3548328 1.3852197 2.1894278 1.8835006 1.9395608 2.1830266 2.3382749 1.5666315 2.1608579 2.0058507 1.8196988 1.6426886 1.7960899 2.4054656 2.2502592 2.2606310 1.8686207 2.4613788 2.4275543 1.6160646 1.8128743 2.3565980 2.3792387 2.3473460 
Bralan_BLAG04001172_1                             1.2659239 0.0000000 1.2419507 0.6707527 0.8989234 1.4307657 1.3447905 1.3052617 1.3998773 1.3860399 1.2531645 1.2432962 1.2268908 1.3023674 1.3701412 1.4823864 1.3334875 1.2003597 1.3914489 1.4030541 1.4440011 1.5731042 1.5313524 1.3140146 1.5022730 1.3775196 1.7547500 1.6028614 1.5799052 1.6127369 1.5987010 1.6075426 1.4215796 1.4518519 1.5459357 1.6152487 1.6172612 1.5977482 1.5984107 1.3955473 1.4589137 1.4295209 1.8667462 1.3217001 1.2925648 1.8551554 1.8694700 1.9610588 1.9998840 2.1873987 1.4978048 1.9577367 1.8052452 1.6071653 1.7364187 1.6875817 2.1084056 2.1189049 2.1538726 1.8901288 2.3773452 2.3328099 1.5494376 1.7527995 2.2788052 2.2070737 2.2667444 
Spur_XM_030978217.1                               1.4163342 1.2419507 0.0000000 0.6870567 1.0560366 1.5968029 1.3174445 1.4733706 1.5203165 1.4829200 1.3292524 1.4626677 1.4254390 1.4821105 1.6184029 1.5997307 1.6319840 1.2759207 1.3621308 1.4282268 1.4973817 1.7778805 1.7175218 1.4803935 1.6390106 1.5613672 2.0059094 1.7503797 1.7540791 1.7814595 1.8596716 1.8385211 1.4332175 1.5529422 1.6578680 1.7763412 1.7222420 1.7875209 1.7850677 1.7210149 1.7331732 1.5300691 2.1731616 1.4699083 1.4759609 2.0803924 2.0449493 2.0996251 2.3970946 2.3747287 1.5828726 2.0548978 1.8814361 1.7247840 1.9608239 1.8026537 2.3014072 2.3234335 2.2904565 1.9090748 2.4319534 2.3844024 1.5505132 1.7878643 2.5014884 2.5115804 2.3771990 
Skow_XM_006821365.1                               0.7933086 0.6707527 0.6870567 0.0000000 0.6931688 0.7021703 0.6624492 0.8438909 0.8665329 0.8455680 0.6347853 0.7693681 0.7908339 0.7804895 0.9157117 0.7856530 0.8109123 0.8138591 0.8890149 0.8868580 0.8618407 0.9091866 0.9093816 0.9698913 0.9576642 0.8064510 0.9750427 0.9594425 1.0197285 0.9923597 0.9885505 0.8405315 0.9746088 0.9727247 1.0398939 1.0429099 1.0358861 1.0644976 1.0644976 0.8934816 0.8796991 0.7410950 1.0873143 0.8621580 1.3332857 1.3126447 1.1475749 1.2098271 1.3073441 1.3827119 1.3030071 1.1901209 1.2039229 1.2970692 1.1163562 1.2377780 1.4264736 0.7838570 1.4927186 1.6257292 1.5297296 1.4770318 1.4164966 1.4327351 1.5380202 1.5400813 1.6006064 
Ocar_g2469                                        0.9734862 0.8989234 1.0560366 0.6931688 0.0000000 0.0328317 0.6249075 1.0345316 1.0778646 0.8834276 0.8108784 0.8904563 0.8819049 0.8823187 0.9650295 0.9416836 0.8970216 0.8667619 1.0375016 1.0888295 1.0519120 1.0384797 0.9982231 1.0087628 1.0617064 0.8954824 1.1176559 1.1495413 1.0727237 1.0779687 1.0581202 1.0627363 1.1426166 1.2325989 1.2325989 1.1522028 1.1524057 1.1888202 1.1888202 0.9215140 0.9489551 0.8774472 1.2088663 1.0492821 1.3083724 1.5670516 1.2499562 1.4308547 1.6245417 1.6684707 1.4275305 1.4071198 1.3142427 1.2849366 1.2352146 1.1867853 1.6224724 1.0461467 1.6442459 1.7621651 1.6914827 1.6914827 1.6267211 1.6395897 1.6725305 1.7010655 1.7286857 
Opea_EP00118_Oscarella_pearsei_P009903            1.4166963 1.4307657 1.5968029 0.7021703 0.0328317 0.0000000 0.9902420 1.5047191 1.5786371 1.5282967 1.3897616 1.4242921 1.3893896 1.4007458 1.5997206 1.4703240 1.3455274 1.1616654 1.4400380 1.7354878 1.7140500 1.7233408 1.5618934 1.4464859 1.5955688 1.4452393 1.6813627 1.5936355 1.5899847 1.6059101 1.6812354 1.5986454 1.6593419 1.5590818 1.6577691 1.6829945 1.6532799 1.7047647 1.7077030 1.3392245 1.4642914 1.3889771 1.7841139 1.5567184 1.3155663 1.9926622 1.9162540 2.0138151 2.1493995 2.2959956 1.6125917 2.1205056 1.9204564 1.6618996 1.7112615 1.8287292 2.1226843 2.3525508 2.2025785 1.8588538 2.2103785 2.1877502 1.5306272 1.7298609 2.2664839 2.2622028 2.1460158 
Plajan_Pjan_C571262_01                            1.3666558 1.3447905 1.3174445 0.6624492 0.6249075 0.9902420 0.0000000 1.3704101 1.4287394 1.3775818 1.2260990 1.2186156 1.2286857 1.2582186 1.4105981 1.3534940 1.3573933 1.1592507 1.4060982 1.4691296 1.4726658 1.5059332 1.4759222 1.4377102 1.4951463 1.3497379 1.5159209 1.5076416 1.3595480 1.3697266 1.5475378 1.4852672 1.5897715 1.4221659 1.5130131 1.5803489 1.5708009 1.5432373 1.5429126 1.4257897 1.3992997 1.3583247 1.6799050 1.4578642 1.5085149 2.1599614 1.9756317 1.9132120 2.0620105 2.2057917 1.4843410 1.9656136 1.7599570 1.6664932 1.6421536 1.9105563 2.2128914 2.1933340 2.1126663 1.8838154 2.1323706 2.0982181 1.5753220 1.7262176 2.0881322 2.1200124 2.0926340 
Exapal_XM_021043593.2                             1.5781348 1.3052617 1.4733706 0.8438909 1.0345316 1.5047191 1.3704101 0.0000000 0.6066073 1.0134704 0.8692965 0.8008225 0.7427457 0.8254344 0.9138199 1.1605275 1.0832567 1.3364022 1.5605177 1.5335871 1.7255075 1.6730784 1.6039399 1.4703680 1.5849427 1.5785967 1.4410306 1.2675262 1.2582045 1.2812619 1.3617704 1.2495347 1.6656823 1.4310280 1.5237453 1.5195348 1.4903829 1.5406437 1.5383140 1.4965320 1.6156329 1.6130947 1.9940640 1.6667805 1.4661164 1.9968246 1.9550715 1.9590624 2.1793316 2.2983635 1.7008682 2.0908179 1.8417880 1.7424174 1.7735236 1.7757402 2.3257714 1.7097556 2.0961779 1.8128196 2.2296663 2.2146912 1.5197999 1.7411797 2.1223004 2.1500727 2.1156341 
Nvec_v1g172038                                    1.6056354 1.3998773 1.5203165 0.8665329 1.0778646 1.5786371 1.4287394 0.6066073 0.0000000 0.9265384 0.8003042 0.7505864 0.7588640 0.8108565 0.8577094 1.1193153 0.9964088 1.3560951 1.5850635 1.6047547 1.6409271 1.7052375 1.5644044 1.5022526 1.6247300 1.4774436 1.4071287 1.3334151 1.3333408 1.2804719 1.3183090 1.3946408 1.6665334 1.3943752 1.5009814 1.5890731 1.5611222 1.6172776 1.6148913 1.5348527 1.6056240 1.5608913 1.9083772 1.4958341 1.3975391 1.8872496 1.9298613 1.8349944 2.1196388 2.3350713 1.6120845 2.0639921 1.7593546 1.6016306 1.6773320 1.7141556 2.2528599 1.6526957 2.1455198 1.8159936 2.1880692 2.1562660 1.4522998 1.6440838 2.1028417 2.1393731 2.1750812 
Adig_XM_015909111.1                               1.5367389 1.3860399 1.4829200 0.8455680 0.8834276 1.5282967 1.3775818 1.0134704 0.9265384 0.0000000 0.0413864 0.4324043 0.4409360 0.4677190 0.3877269 1.1512687 1.0470016 1.3336187 1.6298178 1.5741132 1.6237743 1.5283959 1.4594648 1.5639052 1.6073607 1.6097389 1.4103003 1.3228528 1.1995417 1.2069616 1.2767982 1.2941455 1.5006945 1.4283420 1.5439964 1.6479658 1.6590219 1.6649109 1.6618419 1.4140011 1.5571891 1.4224263 1.7931564 1.6229304 1.5372446 2.0367274 1.9888664 1.9095444 2.1834950 2.3267192 1.6591951 2.1923311 1.8342004 1.6616742 1.9074031 1.7017145 2.0265185 1.3454271 2.1730807 1.8960034 2.3758172 2.3724748 1.5809893 1.9002057 2.2411078 2.3165290 2.3965721 
Amil_Amillepora30743-RA                           1.3515403 1.2531645 1.3292524 0.6347853 0.8108784 1.3897616 1.2260990 0.8692965 0.8003042 0.0413864 0.0000000 0.3373130 0.3461674 0.3686265 0.2926191 1.0053961 0.8521621 1.1506499 1.4200421 1.4346524 1.4130351 1.2950859 1.2657562 1.3364634 1.4368348 1.3808385 1.2307397 1.1809440 1.0092363 1.0233848 1.0735229 1.2279196 1.3765134 1.4328964 1.4814056 1.5807802 1.5634061 1.5792006 1.5759904 1.2383913 1.3407863 1.2960420 1.6928029 1.3448591 1.1420655 1.9058296 1.8336408 1.8434148 2.0147065 2.1523917 1.4501755 1.9952557 1.6947178 1.4581023 1.5755161 1.5662551 1.8645500 1.1313711 2.0338773 1.7918019 2.1720176 2.1779331 1.5014766 1.7133258 2.0258520 2.2294691 2.1526185 
Fspp_ffun1.m4.18254.m1                            1.4370602 1.2432962 1.4626677 0.7693681 0.8904563 1.4242921 1.2186156 0.8008225 0.7505864 0.4324043 0.3373130 0.0000000 0.1679739 0.2596606 0.3402636 0.9327884 0.8813414 1.1869727 1.4567895 1.5224451 1.5400597 1.4885540 1.4746791 1.4870044 1.5664671 1.5047635 1.2789516 1.2364665 1.1336154 1.1007353 1.1203552 1.2136817 1.4858628 1.2735809 1.3714855 1.4478607 1.4514117 1.4662420 1.4639921 1.3602958 1.5077130 1.4066726 1.7254403 1.4776626 1.4353058 1.9211846 1.9104450 1.9371543 2.2216629 2.3221262 1.6252232 2.1169858 1.8003482 1.5352913 1.7266642 1.7178239 2.1208301 1.1747132 2.0047891 1.7119573 2.1633662 2.1238369 1.4125446 1.6593070 2.0348533 2.1349229 2.0804681 
Gasp_gasp1.m3.12747.m1                            1.3799230 1.2268908 1.4254390 0.7908339 0.8819049 1.3893896 1.2286857 0.7427457 0.7588640 0.4409360 0.3461674 0.1679739 0.0000000 0.2545813 0.3596883 0.9676088 0.8696701 1.1974073 1.4853007 1.4941036 1.4739687 1.4818773 1.4608210 1.4603866 1.5264245 1.4196744 1.3084059 1.1809746 1.1136389 1.1151154 1.1432569 1.1756593 1.4922536 1.2795200 1.3726558 1.3890139 1.3906968 1.4201178 1.4178789 1.3493187 1.4869366 1.3781067 1.6483246 1.4991718 1.3869999 1.9726451 1.8218548 1.9729189 2.0964748 2.1841009 1.6281894 2.0845755 1.7408635 1.5870066 1.6840192 1.6726344 2.1143908 1.1599131 1.9740179 1.7126207 2.1850316 2.1503028 1.4932527 1.6949998 2.0504746 2.1564621 2.1506830 
Spis_XP_022779150_1                               1.4651095 1.3023674 1.4821105 0.7804895 0.8823187 1.4007458 1.2582186 0.8254344 0.8108565 0.4677190 0.3686265 0.2596606 0.2545813 0.0000000 0.3859668 0.9677376 0.8960004 1.1449873 1.4964761 1.5778275 1.5123456 1.4896049 1.4857655 1.4686772 1.5786754 1.4826988 1.3009230 1.2279508 1.1400314 1.1092031 1.2090734 1.1917179 1.4435375 1.3208447 1.4184671 1.4833666 1.4917926 1.4890279 1.4867655 1.4104282 1.5854235 1.4856314 1.8531822 1.5195893 1.3867619 2.0886587 1.9477540 1.9267987 2.1804232 2.3803880 1.6151971 2.1826446 1.7552204 1.5367125 1.7799553 1.8011110 2.2188880 1.0476874 2.0560231 1.6597775 2.2043258 2.1732795 1.4328130 1.6884191 2.0845559 2.2035970 2.1722904 
Gfas_gfas1.m1.3998.m1                             1.6162963 1.3701412 1.6184029 0.9157117 0.9650295 1.5997206 1.4105981 0.9138199 0.8577094 0.3877269 0.2926191 0.3402636 0.3596883 0.3859668 0.0000000 1.0674579 0.9849370 1.3555798 1.5734974 1.6640133 1.6398487 1.6234787 1.5865598 1.5528723 1.6245663 1.5876375 1.4259876 1.3136694 1.2286844 1.2087750 1.2557955 1.2664161 1.5743695 1.4087076 1.5006390 1.6361607 1.6415297 1.6316526 1.6291973 1.5327668 1.6454230 1.5255281 1.9153057 1.6365621 1.4551727 1.9642201 1.9868572 2.0095602 2.1240922 2.2611570 1.6650401 2.1932808 1.8523454 1.6269933 1.8398768 1.7785495 2.1746826 1.5357645 2.0658517 1.8070903 2.2023457 2.1613990 1.4655443 1.7647380 2.2079916 2.2588130 2.2410754 
Dgig_XM_028546137.1                               1.5990779 1.4823864 1.5997307 0.7856530 0.9416836 1.4703240 1.3534940 1.1605275 1.1193153 1.1512687 1.0053961 0.9327884 0.9676088 0.9677376 1.0674579 0.0000000 0.3509892 1.3367503 1.5896915 1.5987093 1.5603698 1.6902449 1.7234524 1.5142481 1.7468902 1.6750401 1.4278819 1.3290108 1.3459536 1.3298503 1.3574374 1.2645298 1.6256449 1.4382478 1.5101271 1.5399387 1.5666106 1.5778628 1.5756155 1.5216992 1.6298113 1.5822141 2.0455403 1.6965364 1.5054075 2.1537337 1.8674967 1.8581815 2.3141554 2.4347381 1.6667036 2.2817048 1.7540951 1.6691796 1.7756855 1.7766980 2.0463525 1.8365773 2.0266552 1.7664251 2.1044056 2.0646323 1.5678087 1.6943181 2.0718390 2.2687984 2.1908481 
Xesp_014788-T1                                    1.4960077 1.3334875 1.6319840 0.8109123 0.8970216 1.3455274 1.3573933 1.0832567 0.9964088 1.0470016 0.8521621 0.8813414 0.8696701 0.8960004 0.9849370 0.3509892 0.0000000 1.3204659 1.5711008 1.5169735 1.4636278 1.6667639 1.6372503 1.4766079 1.6614132 1.6290493 1.2785981 1.2079524 1.2975133 1.2398363 1.2539925 1.2219108 1.6091201 1.4636690 1.5427264 1.5209585 1.5160781 1.5781310 1.5781310 1.4842157 1.5421694 1.5269838 1.9452674 1.6605504 1.5970719 1.9983133 1.8812994 1.7630682 2.1955766 2.2663319 1.6392099 2.1128546 1.6359920 1.7696599 1.7157244 1.7705336 2.0428314 1.6368754 1.9368078 1.7096832 2.0584174 2.0145782 1.4667413 1.6681305 2.0053809 2.1332867 2.1003834 
Plespi_Pspi_scaffold6980_01                       1.3269460 1.2003597 1.2759207 0.8138591 0.8667619 1.1616654 1.1592507 1.3364022 1.3560951 1.3336187 1.1506499 1.1869727 1.1974073 1.1449873 1.3555798 1.3367503 1.3204659 0.0000000 1.3657160 1.3027323 1.2580852 1.2809198 1.2339640 1.3917534 1.4349812 1.0512529 1.4278889 1.4887238 1.3700938 1.3816641 1.2996579 1.2503239 1.5357186 1.2403509 1.4029832 1.4135700 1.3738320 1.4552095 1.4522597 1.2204754 1.3078688 1.1823810 1.7056458 1.3308204 1.3204149 1.8521433 1.5930560 1.7501072 2.0014043 2.0042723 1.5150104 1.6557932 1.6172452 1.6490625 1.4962579 1.6163102 2.0494691 1.7235214 1.8699635 1.8859804 1.8908033 1.8386425 1.5277897 1.6924862 1.7538399 1.8422138 1.7844970 
Dpul_mRNA22585                                    1.4941015 1.3914489 1.3621308 0.8890149 1.0375016 1.4400380 1.4060982 1.5605177 1.5850635 1.6298178 1.4200421 1.4567895 1.4853007 1.4964761 1.5734974 1.5896915 1.5711008 1.3657160 0.0000000 1.5872040 1.6027272 1.7415457 1.6261647 1.4956239 1.6463093 1.5524972 1.8300364 1.7260170 1.6572267 1.6554760 1.6243952 1.6071415 1.5699382 1.6664509 1.7272242 1.7095791 1.6863655 1.6701633 1.6701633 1.6052372 1.5738604 1.6201834 2.0846141 1.2932842 1.3834028 1.8371609 1.7735107 1.8141833 1.9505614 2.0032313 1.5041751 1.8718574 1.8135455 1.7612600 1.6324174 1.7790516 2.1336988 2.1536004 2.1636964 1.8822016 2.2844640 2.2552483 1.6562532 1.7291805 2.2259594 2.2322331 2.3333472 
Acagra_model.g5750.t1.1.5d3b8451                  1.6240603 1.4030541 1.4282268 0.8868580 1.0888295 1.7354878 1.4691296 1.5335871 1.6047547 1.5741132 1.4346524 1.5224451 1.4941036 1.5778275 1.6640133 1.5987093 1.5169735 1.3027323 1.5872040 0.0000000 1.1605059 1.8175835 1.7511105 1.5968630 1.8316801 1.6387307 1.9520784 1.7484821 1.6687731 1.6788962 1.7349334 1.7093217 1.4314815 1.6749048 1.8120045 1.8523357 1.8510785 1.8091624 1.8067010 1.7113768 1.6989196 1.7479354 2.2046245 1.5465756 1.4381480 2.1317024 2.1372029 2.1795223 2.5072742 2.5581798 1.7845250 2.3075676 1.8568713 1.9102301 1.8734881 1.8918434 2.6768332 2.3041929 2.3959678 1.8944494 2.4486466 2.4318842 1.6595860 1.8712195 2.4210386 2.3366758 2.2349074 
Cgig_XM_011424337.3                               1.5277336 1.4440011 1.4973817 0.8618407 1.0519120 1.7140500 1.4726658 1.7255075 1.6409271 1.6237743 1.4130351 1.5400597 1.4739687 1.5123456 1.6398487 1.5603698 1.4636278 1.2580852 1.6027272 1.1605059 0.0000000 1.7964108 1.7254624 1.6366429 1.7668326 1.6416918 1.6199585 1.7157547 1.5348827 1.5455192 1.6769366 1.5384220 1.2993097 1.5453181 1.6654987 1.8015145 1.7673530 1.8511580 1.8485796 1.6451334 1.7034361 1.5482358 2.0718033 1.4952325 1.5461457 2.1460318 2.1122846 2.0873269 2.2823712 2.4360252 1.7011033 2.2449034 2.0007392 1.9254027 1.9232339 1.8704162 2.2837522 2.4989701 2.5143379 1.9487257 2.4682342 2.4266032 1.8004944 1.8767949 2.4020255 2.4370441 2.3768752 
Aque_Aqu2.1.29951_001                             1.7399843 1.5731042 1.7778805 0.9091866 1.0384797 1.7233408 1.5059332 1.6730784 1.7052375 1.5283959 1.2950859 1.4885540 1.4818773 1.4896049 1.6234787 1.6902449 1.6667639 1.2809198 1.7415457 1.8175835 1.7964108 0.0000000 0.5028340 1.2397150 1.3173687 1.1331209 1.7819670 1.8514523 1.6963427 1.6469709 1.7697520 1.6613825 1.9318479 1.5915450 1.7403705 1.7973995 1.7570592 1.8082265 1.8112982 1.5721402 1.6620371 1.5707695 1.8487630 1.6611589 1.3641107 2.1212110 2.0347363 2.2360169 2.2405245 2.3843640 1.8098649 2.3332774 1.9528666 1.7461059 1.8344825 1.8891503 2.4833921 2.3285678 2.4958325 2.0367358 2.4755704 2.4425067 1.6901401 1.7440903 2.3807028 2.4002224 2.4164971 
Halamb_c55042_g1_i1mm.6308                        1.7303469 1.5313524 1.7175218 0.9093816 0.9982231 1.5618934 1.4759222 1.6039399 1.5644044 1.4594648 1.2657562 1.4746791 1.4608210 1.4857655 1.5865598 1.7234524 1.6372503 1.2339640 1.6261647 1.7511105 1.7254624 0.5028340 0.0000000 1.1586038 1.2429984 1.0449990 1.7745242 1.7069954 1.6744797 1.6813699 1.7303146 1.6788669 1.8480857 1.6390662 1.7686200 1.7282201 1.6861394 1.7308923 1.7283604 1.6341332 1.7783630 1.6947938 1.9865201 1.6851941 1.3793791 2.0045462 1.8537955 2.2026321 2.2128109 2.3021726 1.8509228 2.1517509 1.8346212 1.7763324 1.7424561 1.8636038 2.3153755 2.2670056 2.3765140 1.9790678 2.4380922 2.3936877 1.7016747 1.7499996 2.4963858 2.4499565 2.1893083 
Emue_Em0006g1217a.t1                              1.4940726 1.3140146 1.4803935 0.9698913 1.0087628 1.4464859 1.4377102 1.4703680 1.5022526 1.5639052 1.3364634 1.4870044 1.4603866 1.4686772 1.5528723 1.5142481 1.4766079 1.3917534 1.4956239 1.5968630 1.6366429 1.2397150 1.1586038 0.0000000 0.2288454 0.9850019 1.5903567 1.6703208 1.6365595 1.6641727 1.6950007 1.6319274 1.7879524 1.5440561 1.7345201 1.6687621 1.7200565 1.7508808 1.7478366 1.4731493 1.5145415 1.4442339 1.9944237 1.5650645 1.4455128 1.8607136 1.8703054 1.9580639 2.1375452 2.4286178 1.7919967 2.0399230 1.7817104 1.7558281 1.7700330 1.7954526 2.1697871 2.1752902 2.1748103 1.9865764 2.0850295 2.0598940 1.5885219 1.7533843 2.1064744 2.0696225 2.2107545 
Spolac_c104733_g1_i2_m.42870c104733-g1            1.6637785 1.5022730 1.6390106 0.9576642 1.0617064 1.5955688 1.4951463 1.5849427 1.6247300 1.6073607 1.4368348 1.5664671 1.5264245 1.5786754 1.6245663 1.7468902 1.6614132 1.4349812 1.6463093 1.8316801 1.7668326 1.3173687 1.2429984 0.2288454 0.0000000 1.0638013 1.7803713 1.7877201 1.7760344 1.8273961 1.9496013 1.8825997 1.9374875 1.7268119 1.9235761 1.9205722 1.9811015 2.0024495 2.0031452 1.6167327 1.7134731 1.6804446 2.1329720 1.7578301 1.4909988 1.9958947 1.9743279 2.2552079 2.3965574 2.6869070 1.8886732 2.2641573 1.9334417 1.7441218 1.8646733 1.9788060 2.3914858 2.5278467 2.4021367 2.0311285 2.2384860 2.2147875 1.6431745 1.7602256 2.3127692 2.3533779 2.2074831 
Tetwil_g12265.t1                                  1.5179028 1.3775196 1.5613672 0.8064510 0.8954824 1.4452393 1.3497379 1.5785967 1.4774436 1.6097389 1.3808385 1.5047635 1.4196744 1.4826988 1.5876375 1.6750401 1.6290493 1.0512529 1.5524972 1.6387307 1.6416918 1.1331209 1.0449990 0.9850019 1.0638013 0.0000000 1.8077218 1.7499701 1.7489872 1.6683925 1.7591630 1.7492808 1.6404032 1.5793216 1.7108202 1.7843560 1.7659665 1.7701488 1.7732280 1.5176989 1.5502460 1.5673217 2.0489453 1.6438612 1.0487554 1.9327548 1.7792581 1.9971643 2.2640492 2.4928463 1.5792413 2.0990706 1.7803595 1.7085869 1.5867534 1.8399386 2.3973406 2.4872651 2.3644963 2.0477533 2.3183229 2.3065484 1.6744933 1.8582504 2.3427936 2.2819851 2.2874990 
Hvul_g5289_1                                      1.8272887 1.7547500 2.0059094 0.9750427 1.1176559 1.6813627 1.5159209 1.4410306 1.4071287 1.4103003 1.2307397 1.2789516 1.3084059 1.3009230 1.4259876 1.4278819 1.2785981 1.4278889 1.8300364 1.9520784 1.6199585 1.7819670 1.7745242 1.5903567 1.7803713 1.8077218 0.0000000 0.7611295 0.9953693 1.0030304 1.0771670 1.1507411 2.0405037 1.5923750 1.6269382 1.8404414 1.8549242 1.7968402 1.7942719 1.6301299 1.6761209 1.7415744 2.3115362 1.8100726 1.5160294 2.0090380 2.1278632 2.0200597 2.2642697 2.4324892 1.6757644 2.1997740 2.0163099 1.7889901 1.7866734 2.0709858 2.2963242 2.3280611 2.4967711 1.8883451 2.3619381 2.3617368 1.5665292 1.6929139 2.4716541 2.4405860 2.5256845 
Chem_TCONS_00045800                               1.6792514 1.6028614 1.7503797 0.9594425 1.1495413 1.5936355 1.5076416 1.2675262 1.3334151 1.3228528 1.1809440 1.2364665 1.1809746 1.2279508 1.3136694 1.3290108 1.2079524 1.4887238 1.7260170 1.7484821 1.7157547 1.8514523 1.7069954 1.6703208 1.7877201 1.7499701 0.7611295 0.0000000 0.9524406 0.9684106 1.0781227 1.0218953 1.8308942 1.5081620 1.6175821 1.7445859 1.6988499 1.7730439 1.7720117 1.5727092 1.6919736 1.6591070 1.9963620 1.7762504 1.5384848 2.0069694 1.9297445 2.0148509 2.1554462 2.3051415 1.6503906 2.1687076 1.9084192 1.7897784 1.8183917 1.9791271 2.2128017 2.1227237 2.2877001 2.0499005 2.3366843 2.3189085 1.6034426 1.7330710 2.4367796 2.5391208 2.2940311 
Nemnom_g5624.t1                                   1.6907540 1.5799052 1.7540791 1.0197285 1.0727237 1.5899847 1.3595480 1.2582045 1.3333408 1.1995417 1.0092363 1.1336154 1.1136389 1.1400314 1.2286844 1.3459536 1.2975133 1.3700938 1.6572267 1.6687731 1.5348827 1.6963427 1.6744797 1.6365595 1.7760344 1.7489872 0.9953693 0.9524406 0.0000000 0.2311099 0.5218792 0.8810304 1.7932250 1.5724571 1.6839902 1.7794943 1.7837467 1.7975750 1.7975750 1.5702263 1.5976427 1.5953315 2.0829327 1.7392888 1.4351330 1.9558243 1.9493655 2.0093818 2.0930953 2.1406965 1.6374248 2.1996615 1.8752595 1.8414978 1.6702750 1.9213503 2.1529713 2.0745236 2.5332960 2.0523771 2.5336794 2.4876645 1.7682383 1.9365442 2.4811673 2.4033269 2.4697258 
Rhoesc_Res_007579-T1                              1.7253009 1.6127369 1.7814595 0.9923597 1.0779687 1.6059101 1.3697266 1.2812619 1.2804719 1.2069616 1.0233848 1.1007353 1.1151154 1.1092031 1.2087750 1.3298503 1.2398363 1.3816641 1.6554760 1.6788962 1.5455192 1.6469709 1.6813699 1.6641727 1.8273961 1.6683925 1.0030304 0.9684106 0.2311099 0.0000000 0.5275876 0.8905570 1.7431020 1.5728619 1.6795883 1.8327215 1.8245214 1.8816562 1.8848466 1.5957925 1.6392332 1.5918255 2.0877544 1.8315553 1.4026928 1.9505009 1.9816500 1.9848540 2.1385405 2.2925669 1.6933223 2.3240893 1.9222820 1.9615312 1.7858864 1.9123738 2.2048920 2.0279842 2.3969301 2.0438184 2.4906089 2.4493997 1.7067186 1.8993590 2.4133856 2.3959663 2.4003615 
Sanmal_Sma_015182-T1                              1.6568485 1.5987010 1.8596716 0.9885505 1.0581202 1.6812354 1.5475378 1.3617704 1.3183090 1.2767982 1.0735229 1.1203552 1.1432569 1.2090734 1.2557955 1.3574374 1.2539925 1.2996579 1.6243952 1.7349334 1.6769366 1.7697520 1.7303146 1.6950007 1.9496013 1.7591630 1.0771670 1.0781227 0.5218792 0.5275876 0.0000000 0.9531391 1.8499191 1.4581797 1.5734081 1.6928757 1.6976148 1.7325445 1.7332111 1.5878956 1.6596083 1.5340621 2.0862529 1.6859877 1.4604574 1.9920884 1.9853568 2.0197797 2.1871179 2.3858806 1.7375439 2.2802013 1.9389636 1.8565108 1.7259261 1.9814824 2.3174733 2.0977213 2.4561516 2.0235017 2.4756584 2.4436977 1.5716433 1.7918873 2.5118541 2.4508894 2.5064936 
Morvir_scaffold553.g5.t1                          1.5892155 1.6075426 1.8385211 0.8405315 1.0627363 1.5986454 1.4852672 1.2495347 1.3946408 1.2941455 1.2279196 1.2136817 1.1756593 1.1917179 1.2664161 1.2645298 1.2219108 1.2503239 1.6071415 1.7093217 1.5384220 1.6613825 1.6788669 1.6319274 1.8825997 1.7492808 1.1507411 1.0218953 0.8810304 0.8905570 0.9531391 0.0000000 1.8339273 1.5716933 1.6440323 1.5999822 1.6183689 1.6856515 1.6886129 1.7434889 1.7849808 1.8385968 2.4203102 1.6677447 1.5192379 2.0503314 2.0053665 2.0595174 2.2019225 2.5854338 1.7897863 2.2548611 1.8063916 1.9424724 1.8093325 1.9685779 2.1858610 2.2829629 2.2598435 1.9943380 2.4326803 2.4432898 1.6131871 1.7393127 2.4588350 2.4352823 2.5003043 
Ctel_gnl_WGS_AMQN_CAPTEDRAFT_mRNA179511           1.5445056 1.4215796 1.4332175 0.9746088 1.1426166 1.6593419 1.5897715 1.6656823 1.6665334 1.5006945 1.3765134 1.4858628 1.4922536 1.4435375 1.5743695 1.6256449 1.6091201 1.5357186 1.5699382 1.4314815 1.2993097 1.9318479 1.8480857 1.7879524 1.9374875 1.6404032 2.0405037 1.8308942 1.7932250 1.7431020 1.8499191 1.8339273 0.0000000 1.5769907 1.6594762 1.8328737 1.7557749 1.8127394 1.8159124 1.6404152 1.7372142 1.6544416 2.0813832 1.4977757 1.5339097 2.1870408 2.0881173 2.2008285 2.1746893 2.1915153 1.7391267 2.2606540 1.9079389 1.9067903 2.1117942 1.9835437 2.4072486 2.4145486 2.2678971 1.6648288 2.4483245 2.3951356 1.6263493 1.7497350 2.2753130 2.2867561 2.2721502 
Tadh_TriadT33578                                  1.6089397 1.4518519 1.5529422 0.9727247 1.2325989 1.5590818 1.4221659 1.4310280 1.3943752 1.4283420 1.4328964 1.2735809 1.2795200 1.3208447 1.4087076 1.4382478 1.4636690 1.2403509 1.6664509 1.6749048 1.5453181 1.5915450 1.6390662 1.5440561 1.7268119 1.5793216 1.5923750 1.5081620 1.5724571 1.5728619 1.4581797 1.5716933 1.5769907 0.0000000 0.0000010 0.3401032 0.3392728 0.3604714 0.3604714 1.5600938 1.5988893 1.5785088 2.0192383 1.7506126 1.4226579 1.8982135 1.9206541 1.8692090 1.9712937 2.0526668 1.6211795 1.8984910 1.9231214 1.8774618 1.7308096 1.9876307 2.3895161 2.0869426 2.1539371 1.7737827 2.2660486 2.2710976 1.4763993 1.5132799 2.2592134 2.3560715 2.1646558 
TrH2_TrispH2_007563-RA                            1.7485702 1.5459357 1.6578680 1.0398939 1.2325989 1.6577691 1.5130131 1.5237453 1.5009814 1.5439964 1.4814056 1.3714855 1.3726558 1.4184671 1.5006390 1.5101271 1.5427264 1.4029832 1.7272242 1.8120045 1.6654987 1.7403705 1.7686200 1.7345201 1.9235761 1.7108202 1.6269382 1.6175821 1.6839902 1.6795883 1.5734081 1.6440323 1.6594762 0.0000010 0.0000000 0.3765964 0.3729029 0.3945753 0.3962323 1.6499255 1.6857803 1.6485021 2.0474988 1.8249199 1.5247422 2.0254356 2.0305781 1.9768032 2.0666320 2.1949787 1.7465714 2.0313679 2.0335673 1.9998051 1.8560365 2.0682125 2.4932082 2.1978077 2.2162115 1.9278795 2.3945360 2.3645240 1.4763993 1.6353068 2.3437121 2.4508101 2.2296749 
HoiH06_mRNA6548                                   1.8480861 1.6152487 1.7763412 1.0429099 1.1522028 1.6829945 1.5803489 1.5195348 1.5890731 1.6479658 1.5807802 1.4478607 1.3890139 1.4833666 1.6361607 1.5399387 1.5209585 1.4135700 1.7095791 1.8523357 1.8015145 1.7973995 1.7282201 1.6687621 1.9205722 1.7843560 1.8404414 1.7445859 1.7794943 1.8327215 1.6928757 1.5999822 1.8328737 0.3401032 0.3765964 0.0000000 0.0572446 0.1611526 0.1624297 1.6704639 1.7153631 1.7136605 2.1428427 1.8151880 1.5680748 2.0261725 1.9912592 2.0757022 2.0699040 2.1561731 1.6986015 2.0456538 1.9966185 1.9179058 1.8549971 2.1554519 2.4762974 2.2338819 2.3333923 1.9801220 2.4912265 2.4733460 1.6120987 1.7108681 2.3679428 2.3481954 2.2529747 
HoiH23_PlH23_004023-RA                            1.7954371 1.6172612 1.7222420 1.0358861 1.1524057 1.6532799 1.5708009 1.4903829 1.5611222 1.6590219 1.5634061 1.4514117 1.3906968 1.4917926 1.6415297 1.5666106 1.5160781 1.3738320 1.6863655 1.8510785 1.7673530 1.7570592 1.6861394 1.7200565 1.9811015 1.7659665 1.8549242 1.6988499 1.7837467 1.8245214 1.6976148 1.6183689 1.7557749 0.3392728 0.3729029 0.0572446 0.0000000 0.1525356 0.1538005 1.6185112 1.6983374 1.6301048 2.0880875 1.8233591 1.5659602 2.0042810 1.9565012 2.0256274 2.0488967 2.1636952 1.6362250 1.9891021 1.9281942 1.9090457 1.8084926 2.1396896 2.5072574 2.1966268 2.3008995 1.9688276 2.4271417 2.4094479 1.5362968 1.6483336 2.2996211 2.3464307 2.2088294 
Hhon_g06508.t1                                    1.7790669 1.5977482 1.7875209 1.0644976 1.1888202 1.7047647 1.5432373 1.5406437 1.6172776 1.6649109 1.5792006 1.4662420 1.4201178 1.4890279 1.6316526 1.5778628 1.5781310 1.4552095 1.6701633 1.8091624 1.8511580 1.8082265 1.7308923 1.7508808 2.0024495 1.7701488 1.7968402 1.7730439 1.7975750 1.8816562 1.7325445 1.6856515 1.8127394 0.3604714 0.3945753 0.1611526 0.1525356 0.0000000 0.0010550 1.6709443 1.7182275 1.6744488 2.1351247 1.7642908 1.4477121 2.0177967 1.9676715 2.1044863 1.9880494 2.1639546 1.6347147 2.0283858 1.9644962 1.9560526 1.7877596 2.1210363 2.5017654 2.2868254 2.2478399 1.9313681 2.4199700 2.3957181 1.4757284 1.5823760 2.3322512 2.3226174 2.1863746 
HoiH04_mRNA56                                     1.7776255 1.5984107 1.7850677 1.0644976 1.1888202 1.7077030 1.5429126 1.5383140 1.6148913 1.6618419 1.5759904 1.4639921 1.4178789 1.4867655 1.6291973 1.5756155 1.5781310 1.4522597 1.6701633 1.8067010 1.8485796 1.8112982 1.7283604 1.7478366 2.0031452 1.7732280 1.7942719 1.7720117 1.7975750 1.8848466 1.7332111 1.6886129 1.8159124 0.3604714 0.3962323 0.1624297 0.1538005 0.0010550 0.0000000 1.6709443 1.7157545 1.6744488 2.1351247 1.7615186 1.4477121 2.0167790 1.9652125 2.1019056 1.9932153 2.1646509 1.6347147 2.0279176 1.9618001 1.9555636 1.7866832 2.1181123 2.4986971 2.2838537 2.2448506 1.9271522 2.4167731 2.3925198 1.4757284 1.5808065 2.3322512 2.3226174 2.1904172 
Scil_scict006484.1                                1.5124226 1.3955473 1.7210149 0.8934816 0.9215140 1.3392245 1.4257897 1.4965320 1.5348527 1.4140011 1.2383913 1.3602958 1.3493187 1.4104282 1.5327668 1.5216992 1.4842157 1.2204754 1.6052372 1.7113768 1.6451334 1.5721402 1.6341332 1.4731493 1.6167327 1.5176989 1.6301299 1.5727092 1.5702263 1.5957925 1.5878956 1.7434889 1.6404152 1.5600938 1.6499255 1.6704639 1.6185112 1.6709443 1.6709443 0.0000000 0.4021866 0.4180979 0.4940930 1.5660289 1.3340286 1.8913056 1.7756617 1.8238837 2.0503030 2.1428105 1.6509350 1.8694871 1.7494681 1.6045093 1.6800565 1.7970643 2.2333824 2.2207712 2.1941020 1.7448898 2.2372354 2.2296910 1.4786797 1.6261839 2.1680085 2.1572781 2.1012140 
Lcom_lcpid33822                                   1.4790823 1.4589137 1.7331732 0.8796991 0.9489551 1.4642914 1.3992997 1.6156329 1.6056240 1.5571891 1.3407863 1.5077130 1.4869366 1.5854235 1.6454230 1.6298113 1.5421694 1.3078688 1.5738604 1.6989196 1.7034361 1.6620371 1.7783630 1.5145415 1.7134731 1.5502460 1.6761209 1.6919736 1.5976427 1.6392332 1.6596083 1.7849808 1.7372142 1.5988893 1.6857803 1.7153631 1.6983374 1.7182275 1.7157545 0.4021866 0.0000000 0.4316903 0.5918468 1.5981473 1.3173475 1.9453076 1.7819928 1.8165023 2.1255519 2.2822895 1.7209559 1.9579024 1.7470897 1.7898867 1.7000321 1.8204706 2.2965550 2.3760245 2.0930940 1.7505126 2.1375816 2.1248562 1.4855049 1.5970653 2.0587060 2.0568478 2.0276543 
Leuniv_Lniv_C814586_01                            1.4191849 1.4295209 1.5300691 0.7410950 0.8774472 1.3889771 1.3583247 1.6130947 1.5608913 1.4224263 1.2960420 1.4066726 1.3781067 1.4856314 1.5255281 1.5822141 1.5269838 1.1823810 1.6201834 1.7479354 1.5482358 1.5707695 1.6947938 1.4442339 1.6804446 1.5673217 1.7415744 1.6591070 1.5953315 1.5918255 1.5340621 1.8385968 1.6544416 1.5785088 1.6485021 1.7136605 1.6301048 1.6744488 1.6744488 0.4180979 0.4316903 0.0000000 0.5605803 1.5264552 1.2647235 1.9536633 1.9165293 1.9571799 2.0758591 2.3223870 1.4611925 2.0046880 1.8265104 1.6530111 1.6665394 1.8040418 2.2332716 2.2785679 2.1450203 1.7033260 2.2010376 2.1991005 1.4962701 1.5691169 2.0712407 2.0749809 2.0451786 
Gracom_Gcom_scaffold931_01                        1.9877178 1.8667462 2.1731616 1.0873143 1.2088663 1.7841139 1.6799050 1.9940640 1.9083772 1.7931564 1.6928029 1.7254403 1.6483246 1.8531822 1.9153057 2.0455403 1.9452674 1.7056458 2.0846141 2.2046245 2.0718033 1.8487630 1.9865201 1.9944237 2.1329720 2.0489453 2.3115362 1.9963620 2.0829327 2.0877544 2.0862529 2.4203102 2.0813832 2.0192383 2.0474988 2.1428427 2.0880875 2.1351247 2.1351247 0.4940930 0.5918468 0.5605803 0.0000000 2.1548150 2.1020861 2.5059239 2.2781418 2.3358248 2.6643599 2.9303497 2.0642570 2.4204748 2.1998434 2.1108059 2.1144643 2.2895022 2.7698059 3.3462464 2.6382327 2.1978787 2.5329608 2.5302723 1.9027527 2.0676255 2.4468523 2.3748945 2.2564630 
Cscu_XM_023377031.1                               1.3548328 1.3217001 1.4699083 0.8621580 1.0492821 1.5567184 1.4578642 1.6667805 1.4958341 1.6229304 1.3448591 1.4776626 1.4991718 1.5195893 1.6365621 1.6965364 1.6605504 1.3308204 1.2932842 1.5465756 1.4952325 1.6611589 1.6851941 1.5650645 1.7578301 1.6438612 1.8100726 1.7762504 1.7392888 1.8315553 1.6859877 1.6677447 1.4977757 1.7506126 1.8249199 1.8151880 1.8233591 1.7642908 1.7615186 1.5660289 1.5981473 1.5264552 2.1548150 0.0000000 1.7021265 2.0141834 1.9796554 2.0706645 2.1347392 2.2947595 1.5527902 2.0886780 1.9340195 1.8575145 1.8589302 2.0205021 2.2851306 2.1582276 2.2573484 1.8897109 2.3129871 2.2938858 1.4833618 1.6725312 2.2481783 2.2465601 2.2158494 
Mbre_EDQ91732                                     1.3852197 1.2925648 1.4759609 1.3332857 1.3083724 1.3155663 1.5085149 1.4661164 1.3975391 1.5372446 1.1420655 1.4353058 1.3869999 1.3867619 1.4551727 1.5054075 1.5970719 1.3204149 1.3834028 1.4381480 1.5461457 1.3641107 1.3793791 1.4455128 1.4909988 1.0487554 1.5160294 1.5384848 1.4351330 1.4026928 1.4604574 1.5192379 1.5339097 1.4226579 1.5247422 1.5680748 1.5659602 1.4477121 1.4477121 1.3340286 1.3173475 1.2647235 2.1020861 1.7021265 0.0000000 0.4320696 0.6709724 0.8723504 1.1400954 1.2331461 1.3502778 1.2774808 1.0481597 1.0595157 1.0728813 1.1055111 1.3660252 1.3556162 1.7054873 1.7936060 1.7228016 1.6613509 1.5334356 1.5923572 1.7418545 1.8422504 1.8406993 
Chofle_EP00730_Choanoeca_flexa_P010450            2.1894278 1.8551554 2.0803924 1.3126447 1.5670516 1.9926622 2.1599614 1.9968246 1.8872496 2.0367274 1.9058296 1.9211846 1.9726451 2.0886587 1.9642201 2.1537337 1.9983133 1.8521433 1.8371609 2.1317024 2.1460318 2.1212110 2.0045462 1.8607136 1.9958947 1.9327548 2.0090380 2.0069694 1.9558243 1.9505009 1.9920884 2.0503314 2.1870408 1.8982135 2.0254356 2.0261725 2.0042810 2.0177967 2.0167790 1.8913056 1.9453076 1.9536633 2.5059239 2.0141834 0.4320696 0.0000000 1.2915842 1.4475873 1.9260810 1.9489431 1.6284571 1.9914117 1.6281840 1.6442400 1.6705079 1.8515962 2.0265363 2.9567658 2.3873785 2.2354336 2.4067144 2.3773263 1.8156379 1.9888956 2.3621542 2.2993969 2.4468754 
Microa_EP00043_Microstomoeca_roanoka_P005702      1.8835006 1.8694700 2.0449493 1.1475749 1.2499562 1.9162540 1.9756317 1.9550715 1.9298613 1.9888664 1.8336408 1.9104450 1.8218548 1.9477540 1.9868572 1.8674967 1.8812994 1.5930560 1.7735107 2.1372029 2.1122846 2.0347363 1.8537955 1.8703054 1.9743279 1.7792581 2.1278632 1.9297445 1.9493655 1.9816500 1.9853568 2.0053665 2.0881173 1.9206541 2.0305781 1.9912592 1.9565012 1.9676715 1.9652125 1.7756617 1.7819928 1.9165293 2.2781418 1.9796554 0.6709724 1.2915842 0.0000000 1.1229839 1.7948292 1.7899411 1.2920306 1.5108642 1.4408654 1.3297639 1.3416862 1.6017476 1.8620885 2.9225958 2.1370311 1.7823552 2.1973138 2.1798672 1.5698724 1.6936537 2.1622945 2.2564675 2.2505047 
Salinf_EP00049_Salpingoeca_infusionum_P004630     1.9395608 1.9610588 2.0996251 1.2098271 1.4308547 2.0138151 1.9132120 1.9590624 1.8349944 1.9095444 1.8434148 1.9371543 1.9729189 1.9267987 2.0095602 1.8581815 1.7630682 1.7501072 1.8141833 2.1795223 2.0873269 2.2360169 2.2026321 1.9580639 2.2552079 1.9971643 2.0200597 2.0148509 2.0093818 1.9848540 2.0197797 2.0595174 2.2008285 1.8692090 1.9768032 2.0757022 2.0256274 2.1044863 2.1019056 1.8238837 1.8165023 1.9571799 2.3358248 2.0706645 0.8723504 1.4475873 1.1229839 0.0000000 1.7125285 1.8659743 1.4259387 1.6764476 1.6030621 1.5761939 1.5851174 1.5695803 2.1332955 2.7520563 2.1132707 1.7237116 2.1711772 2.1515306 1.5359419 1.5762708 2.1758363 2.2067769 2.1805361 
Acaspe_EP00035_Acanthoeca_spectabilis_P020411     2.1830266 1.9998840 2.3970946 1.3073441 1.6245417 2.1493995 2.0620105 2.1793316 2.1196388 2.1834950 2.0147065 2.2216629 2.0964748 2.1804232 2.1240922 2.3141554 2.1955766 2.0014043 1.9505614 2.5072742 2.2823712 2.2405245 2.2128109 2.1375452 2.3965574 2.2640492 2.2642697 2.1554462 2.0930953 2.1385405 2.1871179 2.2019225 2.1746893 1.9712937 2.0666320 2.0699040 2.0488967 1.9880494 1.9932153 2.0503030 2.1255519 2.0758591 2.6643599 2.1347392 1.1400954 1.9260810 1.7948292 1.7125285 0.0000000 0.4799116 1.0031501 1.1574159 1.7801272 1.7573479 1.6768213 1.7499596 1.5383031 3.1694809 2.5032147 2.1322361 2.5361572 2.5208957 1.9271799 1.9727916 2.6518342 2.6139161 2.5261600 
Helnan_EP00037_Helgoeca_nana_P013231              2.3382749 2.1873987 2.3747287 1.3827119 1.6684707 2.2959956 2.2057917 2.2983635 2.3350713 2.3267192 2.1523917 2.3221262 2.1841009 2.3803880 2.2611570 2.4347381 2.2663319 2.0042723 2.0032313 2.5581798 2.4360252 2.3843640 2.3021726 2.4286178 2.6869070 2.4928463 2.4324892 2.3051415 2.1406965 2.2925669 2.3858806 2.5854338 2.1915153 2.0526668 2.1949787 2.1561731 2.1636952 2.1639546 2.1646509 2.1428105 2.2822895 2.3223870 2.9303497 2.2947595 1.2331461 1.9489431 1.7899411 1.8659743 0.4799116 0.0000000 0.8834314 1.0767821 1.9058205 1.8014528 1.8539914 1.8859466 1.5295373 3.1869741 2.6432921 2.0777985 2.5596238 2.5626851 1.9390556 2.1032652 2.7159955 2.6847809 2.5104931 
Diagra_EP00040_Diaphanoeca_grandis_P011705        1.5666315 1.4978048 1.5828726 1.3030071 1.4275305 1.6125917 1.4843410 1.7008682 1.6120845 1.6591951 1.4501755 1.6252232 1.6281894 1.6151971 1.6650401 1.6667036 1.6392099 1.5150104 1.5041751 1.7845250 1.7011033 1.8098649 1.8509228 1.7919967 1.8886732 1.5792413 1.6757644 1.6503906 1.6374248 1.6933223 1.7375439 1.7897863 1.7391267 1.6211795 1.7465714 1.6986015 1.6362250 1.6347147 1.6347147 1.6509350 1.7209559 1.4611925 2.0642570 1.5527902 1.3502778 1.6284571 1.2920306 1.4259387 1.0031501 0.8834314 0.0000000 0.6536201 1.1883139 1.2169200 1.1735471 1.2737102 1.2838158 1.9984387 2.0119736 1.9042143 1.9009333 1.8428877 1.8805386 1.8502909 2.0294317 2.0727640 1.8630069 
Stedip_EP00041_Stephanoeca_diplocostata_P019481   2.1608579 1.9577367 2.0548978 1.1901209 1.4071198 2.1205056 1.9656136 2.0908179 2.0639921 2.1923311 1.9952557 2.1169858 2.0845755 2.1826446 2.1932808 2.2817048 2.1128546 1.6557932 1.8718574 2.3075676 2.2449034 2.3332774 2.1517509 2.0399230 2.2641573 2.0990706 2.1997740 2.1687076 2.1996615 2.3240893 2.2802013 2.2548611 2.2606540 1.8984910 2.0313679 2.0456538 1.9891021 2.0283858 2.0279176 1.8694871 1.9579024 2.0046880 2.4204748 2.0886780 1.2774808 1.9914117 1.5108642 1.6764476 1.1574159 1.0767821 0.6536201 0.0000000 1.5354095 1.4956665 1.5334616 1.7510271 1.6251335 3.1338948 2.4401042 1.8907891 2.4441328 2.4389967 1.7403038 1.8939668 2.4969679 2.2616113 2.3435101 
Saldol_EP00054_Salpingoeca_dolichothecata_P029287 2.0058507 1.8052452 1.8814361 1.2039229 1.3142427 1.9204564 1.7599570 1.8417880 1.7593546 1.8342004 1.6947178 1.8003482 1.7408635 1.7552204 1.8523454 1.7540951 1.6359920 1.6172452 1.8135455 1.8568713 2.0007392 1.9528666 1.8346212 1.7817104 1.9334417 1.7803595 2.0163099 1.9084192 1.8752595 1.9222820 1.9389636 1.8063916 1.9079389 1.9231214 2.0335673 1.9966185 1.9281942 1.9644962 1.9618001 1.7494681 1.7470897 1.8265104 2.1998434 1.9340195 1.0481597 1.6281840 1.4408654 1.6030621 1.7801272 1.9058205 1.1883139 1.5354095 0.0000000 1.2637834 1.3692827 1.3428022 1.7176030 2.7280964 1.8997489 1.7599202 2.0318229 2.0149598 1.5672366 1.6321696 2.1961921 2.1329735 2.0932623 
Salkve_EP00050_Salpingoeca_kvevrii_P016811        1.8196988 1.6071653 1.7247840 1.2970692 1.2849366 1.6618996 1.6664932 1.7424174 1.6016306 1.6616742 1.4581023 1.5352913 1.5870066 1.5367125 1.6269933 1.6691796 1.7696599 1.6490625 1.7612600 1.9102301 1.9254027 1.7461059 1.7763324 1.7558281 1.7441218 1.7085869 1.7889901 1.7897784 1.8414978 1.9615312 1.8565108 1.9424724 1.9067903 1.8774618 1.9998051 1.9179058 1.9090457 1.9560526 1.9555636 1.6045093 1.7898867 1.6530111 2.1108059 1.8575145 1.0595157 1.6442400 1.3297639 1.5761939 1.7573479 1.8014528 1.2169200 1.4956665 1.2637834 0.0000000 1.3662520 1.2591218 1.7998783 2.4147415 2.1427469 1.9747095 2.1269522 2.1064776 1.7402940 1.8524874 2.0874363 2.2031592 2.1222168 
Salmac_EP00052_Salpingoeca_macrocollata_P001379   1.6426886 1.7364187 1.9608239 1.1163562 1.2352146 1.7112615 1.6421536 1.7735236 1.6773320 1.9074031 1.5755161 1.7266642 1.6840192 1.7799553 1.8398768 1.7756855 1.7157244 1.4962579 1.6324174 1.8734881 1.9232339 1.8344825 1.7424561 1.7700330 1.8646733 1.5867534 1.7866734 1.8183917 1.6702750 1.7858864 1.7259261 1.8093325 2.1117942 1.7308096 1.8560365 1.8549971 1.8084926 1.7877596 1.7866832 1.6800565 1.7000321 1.6665394 2.1144643 1.8589302 1.0728813 1.6705079 1.3416862 1.5851174 1.6768213 1.8539914 1.1735471 1.5334616 1.3692827 1.3662520 0.0000000 1.4542154 1.7854678 2.6994760 2.1212348 1.9043642 2.1951077 2.1796903 1.6924926 1.6436678 2.1710202 2.1034190 2.1128847 
