59
Hsap_ENST00000326080                                   0.0000000 1.0552805 1.3010407 1.4119068 1.3408431 1.2984657 1.2266494 1.1873797 1.1888962 1.5916685 1.2287228 1.2060700 1.2187231 1.9373292 1.2209267 1.0335965 1.6616713 1.3723154 1.3482608 1.2158534 1.2140273 1.6654868 1.3660489 1.3676276 1.4009540 2.0253964 1.7775316 1.9363476 1.8872226 1.8390475 2.0973634 1.7428517 1.8915055 1.5889080 1.9197931 1.8372162 1.7769918 1.6707719 1.7268036 1.8744123 1.5333737 1.8087594 1.9418317 1.7067333 1.5999060 1.8142081 1.8427396 2.3446856 1.4809912 1.8579260 2.0401908 1.7940698 3.8958824 3.5898991 4.0398492 4.0157224 4.2667998 4.8968592 4.4773747 
Bralan_BLAG02000034_1                                  1.0552805 0.0000000 1.2721933 1.6485059 1.2676301 1.2531790 0.9600967 1.1726269 0.9926628 1.7987172 1.1063543 0.9979420 0.9759636 1.4406807 0.9542852 1.0183427 1.5414338 1.1537999 0.9652377 1.1739159 1.0783836 1.5448586 1.2760387 1.2200778 1.1167103 1.5350865 1.3494586 1.5717656 1.4973134 1.5131728 1.7100673 1.4265574 1.4067861 1.4700980 1.7871712 1.8549833 1.7621606 1.6926345 1.4333527 1.6065133 1.6235232 1.6532109 1.7140639 1.4796430 1.5081732 1.5821773 1.5449868 1.9535291 1.7678998 1.7770596 1.9738558 1.5012685 3.6099590 3.2863590 3.7627933 3.5768430 3.8823339 4.4052324 4.1681692 
Tcas_TC007511_001                                      1.3010407 1.2721933 0.0000000 0.8930996 1.3959014 1.3836108 1.2411835 1.2088857 1.1801466 1.5165716 1.1068126 1.1762025 1.0749604 1.5579317 1.0928014 0.8823906 1.8503161 1.3741421 1.2981382 1.4022399 1.3788835 1.8611590 1.2350058 1.2583414 1.2033257 2.0079999 1.7429819 1.9524365 1.8112322 1.8675575 1.9528246 1.6524731 1.6064097 1.7169481 1.9642703 1.9676615 1.9380889 1.9195003 1.5451349 1.9079360 1.6327066 2.1095303 1.9408553 1.8536009 1.9464760 1.9640897 1.8827058 2.3356480 1.7080539 1.4901852 2.2713932 2.0860061 3.8414802 3.4532915 4.0332214 4.0282696 4.0738227 4.5215026 3.9879034 
Dpul_mRNA3812                                          1.4119068 1.6485059 0.8930996 0.0000000 1.3501555 1.6038356 1.3178952 1.2353458 1.3293513 1.7863888 1.2107726 1.3082622 1.2148095 1.5229547 1.2500420 1.3880441 1.7001421 1.5547366 1.4933472 1.5014394 1.4979233 2.0000248 1.5158076 1.3912993 1.3482947 2.1681559 1.9183685 2.2478592 2.0780823 2.0684556 2.0725785 1.8019749 1.8777502 1.7431607 1.9993939 2.1108428 2.0747960 1.8783312 1.5520222 2.0410910 1.6487752 2.1238756 1.9401660 2.0652852 2.1714437 2.1953463 2.1536212 2.3747815 1.9239318 1.5699842 2.4587295 2.4225757 3.4837547 3.1730948 3.8399395 3.5586174 3.1466260 4.2038754 3.6936220 
Ctel_gnl_WGS_AMQN_CAPTEDRAFT_mRNA172660                1.3408431 1.2676301 1.3959014 1.3501555 0.0000000 1.1212787 1.0367703 1.2799431 1.2665028 1.6159596 1.2131326 1.1394530 1.1277636 1.6216410 1.1401859 0.9136674 1.6164304 1.3489560 1.2819040 1.3334041 1.3678895 1.7127770 1.4554849 1.2969150 1.3048674 2.0060620 1.6159113 1.6489175 1.5836657 1.5450249 2.2040659 1.8026158 1.6904908 1.6375964 1.9762760 1.9178654 1.9135334 1.8095891 1.5527319 1.8965231 1.6842826 1.8034427 1.8678517 1.8088425 1.7111467 1.7959290 1.9144294 2.3374233 1.7034781 1.7776634 2.3993396 1.6848611 3.5804659 3.2795484 4.2814517 3.1714843 3.5159787 4.3292488 3.5791535 
Cgig_XM_034448298.1                                    1.2984657 1.2531790 1.3836108 1.6038356 1.1212787 0.0000000 0.8150772 1.2986084 1.1206582 1.8112907 1.2567470 1.1383369 1.1576935 1.5897831 1.1942145 1.0071832 1.4579095 1.3355581 1.1450751 1.1340242 1.0922088 1.6428683 1.4260087 1.2417156 1.2935714 2.0264098 1.6241529 1.7099507 1.7506269 1.4823236 1.8262622 1.6522853 1.7133383 1.6544494 1.9410402 1.9617141 1.9465734 1.6820016 1.5828702 1.7235145 1.4414755 1.8172998 1.7710480 1.7489500 1.8417967 1.7999129 1.7454715 2.2083517 1.5616961 1.8504452 2.1916602 1.8932920 3.8094769 3.7895785 4.1272226 3.7037659 3.3889284 4.2212088 3.8951340 
Acagra_model.g9274.t1                                  1.2266494 0.9600967 1.2411835 1.3178952 1.0367703 0.8150772 0.0000000 0.9711550 0.8831680 1.5487923 0.9466458 0.9384196 0.9680201 1.3241733 0.9515948 0.8718280 1.3077085 1.1043965 0.9398359 1.0602403 1.0354600 1.4802900 1.2840881 1.1633037 1.1518073 1.6541095 1.3820923 1.5026261 1.4931326 1.4274248 1.5101309 1.2684949 1.4372708 1.3276534 1.6955416 1.8892327 1.8387355 1.5363321 1.7189968 1.5827219 1.2558439 1.6313159 1.5693383 1.5485457 1.5312870 1.5880745 1.4364270 1.9447667 1.5991675 1.3802070 2.0397290 1.6915742 3.8719227 3.5370797 4.0375699 3.5648947 3.5788619 4.3434843 3.8517666 
Exapal_XM_028659530.1                                  1.1873797 1.1726269 1.2088857 1.2353458 1.2799431 1.2986084 0.9711550 0.0000000 0.4857891 1.0343564 0.7553897 0.6969029 0.7286503 1.0744806 0.6851411 0.7051416 1.3199708 0.9939645 0.8356954 0.9234326 0.9866335 1.4472208 1.0133517 1.1684549 1.1622463 1.3985700 1.1180746 1.3246309 1.2515821 1.4010525 1.4496921 1.2568855 1.5635121 1.4834500 1.6520629 1.6359926 1.5758533 1.4793857 1.4470214 1.3845137 1.1592099 1.6269980 1.6399563 1.6149911 1.4349641 1.4606453 1.5775252 1.5590098 1.9111517 1.4056513 1.7367964 1.6836599 3.3541134 3.2310675 3.6494041 3.3599246 3.1882383 3.8167286 3.6405982 
Nvec_v1g163275                                         1.1888962 0.9926628 1.1801466 1.3293513 1.2665028 1.1206582 0.8831680 0.4857891 0.0000000 0.8293574 0.5557747 0.5313455 0.5517455 0.7177577 0.5403603 0.7555232 1.3290356 0.9691130 0.7943080 0.8120722 0.8825214 1.3973570 0.9024233 0.9552776 0.9712942 1.5153723 1.4191748 1.5839087 1.4497255 1.5471316 1.4884186 1.3730218 1.4830449 1.3999541 1.6091077 1.7110983 1.6593083 1.5003421 1.4896932 1.4666343 1.5178869 1.5407262 1.6091790 1.5910292 1.6618211 1.6076281 1.6767525 1.8385622 1.6298806 1.6070301 2.2274150 1.6401003 3.8364814 3.4580131 4.1016873 3.2849829 3.7578957 4.2312366 3.5818972 
Adig_XM_015924189.1                                    1.5916685 1.7987172 1.5165716 1.7863888 1.6159596 1.8112907 1.5487923 1.0343564 0.8293574 0.0000000 0.0885314 0.4860436 0.4179682 0.6001388 0.4663384 1.1367869 1.8020967 1.3030620 1.4875760 1.1603710 1.2948280 1.9084576 0.9579762 1.2171146 1.5063390 2.3213435 2.0539713 2.3263459 1.8499505 1.7490993 3.3277225 2.1699371 1.7511865 2.0793866 1.9689734 2.6464304 2.6047441 2.1769453 5.0539690 2.1135970 3.7919084 2.0222625 2.3424575 1.7931388 2.0363408 1.7866996 1.8812564 2.8245783 1.9895735 1.9748949 2.9100925 2.6265144 6.8879941 6.7460118 5.8204556 4.1108848 5.6042336 7.1773101 5.4214017 
Amil_Amillepora07704-RA                                1.2287228 1.1063543 1.1068126 1.2107726 1.2131326 1.2567470 0.9466458 0.7553897 0.5557747 0.0885314 0.0000000 0.3103888 0.3083099 0.3761032 0.3114788 0.7988846 1.2555162 0.8607535 0.7715164 0.8375727 0.8572061 1.3353534 0.5605904 0.8233608 0.8779723 1.6602550 1.4922314 1.5542396 1.5163533 1.4336573 1.6176029 1.4231623 1.4041352 1.4053428 1.8270148 1.9100643 1.8504931 1.4694572 1.6450563 1.6453791 1.6987580 1.7463994 1.6143277 1.3991378 1.6120431 1.4331066 1.5255916 1.8616862 1.6319119 1.4153600 2.1313998 1.6042870 3.6995397 3.5654435 4.1012238 3.1305590 3.6595498 4.0723543 3.7496187 
Gfas_gfas1.m1.17949.m1                                 1.2060700 0.9979420 1.1762025 1.3082622 1.1394530 1.1383369 0.9384196 0.6969029 0.5313455 0.4860436 0.3103888 0.0000000 0.2207659 0.3083756 0.2110825 0.8432303 1.3072693 0.9170549 0.8137484 0.7678904 0.8010155 1.2835436 0.5301220 0.8938315 0.8632907 1.6696340 1.4184756 1.6136750 1.5291178 1.4195442 1.6082852 1.3660283 1.3618239 1.5707165 1.7249552 1.6991818 1.7302535 1.4715653 1.7296432 1.5190975 1.5897635 1.7197892 1.5656429 1.6043815 1.6975237 1.5560461 1.5406462 1.9673245 1.6355281 1.5300070 2.0293638 1.6450692 3.6559971 3.7154903 3.9408704 3.0301897 3.5061718 4.1751192 3.5959754 
Gasp_gasp1.m3.11334.m1                                 1.2187231 0.9759636 1.0749604 1.2148095 1.1277636 1.1576935 0.9680201 0.7286503 0.5517455 0.4179682 0.3083099 0.2207659 0.0000000 0.2516338 0.2054254 0.7863630 1.2179762 0.8578365 0.7755869 0.7799793 0.8154053 1.1889412 0.4202834 0.8154274 0.8728791 1.6953897 1.5022282 1.6874169 1.6160619 1.4499626 1.6212271 1.4224922 1.3342137 1.4201256 1.7235760 1.8092136 1.7667846 1.4863038 1.6910720 1.4762226 1.5276161 1.6878363 1.5692264 1.4685416 1.5432622 1.4759024 1.5970245 1.9326392 1.6189429 1.4931709 2.1407381 1.6099435 3.5808846 3.6647248 3.5880695 3.0664581 3.0902655 3.9684694 3.3339238 
Spis_XP_022809267_1                                    1.9373292 1.4406807 1.5579317 1.5229547 1.6216410 1.5897831 1.3241733 1.0744806 0.7177577 0.6001388 0.3761032 0.3083756 0.2516338 0.0000000 0.1215384 2.0789837 1.6425604 1.2386846 1.1219644 1.2425888 1.3360701 2.4412134 0.5964948 1.1737185 1.1462497 2.6428778 2.5507467 2.4594851 2.2352537 1.8664329 2.2899079 2.0478656 1.9818391 1.9827989 1.8609232 1.8694044 1.8081479 1.4702089 1.6873915 1.6345088 2.1263970 1.8167451 1.5456609 1.7241667 1.8918683 1.6602484 1.7820481 2.1219057 2.7209751 2.1033313 3.1182197 1.9823907 4.8175847 5.3629562 5.3968952 3.9593860 3.8588589 5.7661556 4.2465393 
Pocdam_XM_027183423.1                                  1.2209267 0.9542852 1.0928014 1.2500420 1.1401859 1.1942145 0.9515948 0.6851411 0.5403603 0.4663384 0.3114788 0.2110825 0.2054254 0.1215384 0.0000000 0.8346738 1.2215250 0.9282451 0.7672888 0.8070440 0.8362871 1.2901526 0.5412125 0.8874535 0.8984400 1.5530123 1.4709044 1.6177563 1.5500645 1.3929100 1.6542906 1.4063184 1.4448232 1.4708923 1.6828399 1.7637144 1.7190006 1.4769199 1.6936817 1.5107912 1.6509193 1.6594893 1.5410141 1.5168485 1.5908625 1.4560772 1.5181056 1.8493103 1.6505711 1.5401422 2.1316649 1.5957056 3.7796527 3.8039075 3.9154523 3.1646141 3.4299307 4.2376771 3.6161921 
Hvul_g31237_1                                          1.0335965 1.0183427 0.8823906 1.3880441 0.9136674 1.0071832 0.8718280 0.7051416 0.7555232 1.1367869 0.7988846 0.8432303 0.7863630 2.0789837 0.8346738 0.0000000 0.4484649 0.6459020 0.5002645 0.5849726 0.6711045 0.6714809 0.8753725 0.9717387 1.0623637 1.2093484 1.1196675 1.0910342 1.1151519 1.0970811 1.4170297 1.1769419 1.2621023 1.2478082 1.9007733 1.8977354 1.9481903 1.8921461 1.8940291 1.4709151 1.5929250 2.1082911 1.6454367 1.3129689 1.2449857 1.2376207 1.1428554 2.8054758 1.0481053 1.3551044 1.8889332 1.3613842 3.3540645 3.4992257 3.1542737 3.6276774 4.9813963 4.8240892 3.7217238 
Chem_TCONS_00000747                                    1.6616713 1.5414338 1.8503161 1.7001421 1.6164304 1.4579095 1.3077085 1.3199708 1.3290356 1.8020967 1.2555162 1.3072693 1.2179762 1.6425604 1.2215250 0.4484649 0.0000000 1.0720274 1.1218192 1.0576425 1.0283034 1.8992740 1.6647760 1.4516088 1.4290171 2.3243285 1.6793485 1.8377937 1.7673885 1.8205634 1.9020189 1.7361156 1.8574038 1.6563165 2.4492025 2.2490167 2.2576315 2.0212954 1.9357315 2.1389864 1.6885473 2.3605741 2.0772439 1.5837140 1.6433651 1.7598210 1.8210069 2.4488127 2.0393491 2.0465428 2.6446393 2.0432178 4.0904222 3.6082830 4.0408076 3.8488253 3.7649355 4.3539939 4.2751539 
Morvir_scaffold638.g3.t1                               1.3723154 1.1537999 1.3741421 1.5547366 1.3489560 1.3355581 1.1043965 0.9939645 0.9691130 1.3030620 0.8607535 0.9170549 0.8578365 1.2386846 0.9282451 0.6459020 1.0720274 0.0000000 0.8591238 0.8286310 0.7955457 1.3546431 1.1963431 1.0589993 1.1194142 1.9443191 1.5030979 1.6031445 1.4978699 1.4671079 1.5668637 1.4180601 1.3976679 1.4701949 1.7909797 1.8497248 1.7593317 1.5397267 1.5551809 1.6745262 1.5375389 1.7286134 1.5808829 1.5720467 1.6263529 1.6423151 1.6270463 2.1205671 1.6663693 1.5307439 2.2100284 1.7773698 3.8522767 3.4968991 4.3769303 3.4669916 3.4585183 4.5929613 3.6762771 
Aaur_scaffold1008.g5.t1                                1.3482608 0.9652377 1.2981382 1.4933472 1.2819040 1.1450751 0.9398359 0.8356954 0.7943080 1.4875760 0.7715164 0.8137484 0.7755869 1.1219644 0.7672888 0.5002645 1.1218192 0.8591238 0.0000000 0.4707050 0.3911641 1.2954016 1.1567996 1.0631235 1.0271820 1.6071771 1.2808550 1.4426664 1.4304398 1.3227941 1.3987003 1.2553026 1.4650940 1.4137689 1.6480418 1.6309611 1.5317605 1.2961150 1.1854658 1.3606460 1.1934296 1.5416745 1.5359412 1.5320256 1.5621078 1.6705930 1.4514381 1.6941753 1.8786251 1.5198569 1.9868709 1.6000071 3.6724533 3.3320725 4.1174756 2.7440641 2.9104317 3.6833525 3.4791003 
Nemnom_g8047.t1                                        1.2158534 1.1739159 1.4022399 1.5014394 1.3334041 1.1340242 1.0602403 0.9234326 0.8120722 1.1603710 0.8375727 0.7678904 0.7799793 1.2425888 0.8070440 0.5849726 1.0576425 0.8286310 0.4707050 0.0000000 0.1941190 1.0458766 1.1145155 1.0817289 1.2044430 1.7504869 1.2799746 1.4908161 1.4362231 1.4395723 1.4599030 1.2467638 1.3997319 1.5578999 1.8578624 1.8426000 1.7713218 1.5439596 1.6675866 1.6036940 1.4961265 1.9116410 1.7071493 1.4870719 1.6391011 1.5065831 1.4914269 1.9651519 1.8380218 1.5271608 1.9213639 1.8509196 4.0526392 3.4959113 3.9391083 3.1751304 3.3660909 4.6561464 3.8159318 
Rhoesc_Res_000889-T1                                   1.2140273 1.0783836 1.3788835 1.4979233 1.3678895 1.0922088 1.0354600 0.9866335 0.8825214 1.2948280 0.8572061 0.8010155 0.8154053 1.3360701 0.8362871 0.6711045 1.0283034 0.7955457 0.3911641 0.1941190 0.0000000 1.0438127 1.1586365 1.0908321 1.1923370 1.7554856 1.2777198 1.4959540 1.5265002 1.4186980 1.5922632 1.3856419 1.3073418 1.5015241 1.8723706 1.8282145 1.7602135 1.5633342 1.7502011 1.5584258 1.4619930 1.8287517 1.6866569 1.4792365 1.5208430 1.6536231 1.4572745 1.9978954 1.7727756 1.5385083 2.0475725 1.7028550 3.9824277 3.5429728 4.1225822 3.1453981 3.5292682 4.4423123 3.9344838 
Sanmal_Sma_007401-T1                                   1.6654868 1.5448586 1.8611590 2.0000248 1.7127770 1.6428683 1.4802900 1.4472208 1.3973570 1.9084576 1.3353534 1.2835436 1.1889412 2.4412134 1.2901526 0.6714809 1.8992740 1.3546431 1.2954016 1.0458766 1.0438127 0.0000000 1.4161457 1.5734092 1.6575162 2.2576596 1.6936408 2.0248629 2.0093961 2.0118753 2.2626299 1.9640674 1.8791545 1.8244592 2.7691406 2.5964622 2.5432982 2.2259766 1.7385474 2.1520429 1.7926539 2.3643919 2.3301445 1.9990588 2.0094828 1.9634291 1.9197831 1.8728665 1.8966405 1.7794544 2.6012462 1.9912912 4.2770940 3.9499808 3.9332450 3.2467707 4.0232465 4.2854904 3.9151620 
Fspp_ffun1.m4.1733.m1                                  1.3660489 1.2760387 1.2350058 1.5158076 1.4554849 1.4260087 1.2840881 1.0133517 0.9024233 0.9579762 0.5605904 0.5301220 0.4202834 0.5964948 0.5412125 0.8753725 1.6647760 1.1963431 1.1567996 1.1145155 1.1586365 1.4161457 0.0000000 1.0023757 1.0986633 1.8781374 1.7945188 1.9157438 1.7346387 1.5806405 2.0028868 1.6932049 1.4867647 1.6663931 1.9346386 1.8076777 1.7740679 1.8661052 1.6092818 1.7881118 1.8691203 2.1680478 1.8777755 1.9709238 1.8699790 1.7039938 1.8953333 2.0485134 1.5767233 1.5842182 2.0718938 1.9543186 4.1305687 4.0497377 3.9086275 3.3109353 3.5279437 4.2551564 3.8438511 
Dgig_XM_028541856.1                                    1.3676276 1.2200778 1.2583414 1.3912993 1.2969150 1.2417156 1.1633037 1.1684549 0.9552776 1.2171146 0.8233608 0.8938315 0.8154274 1.1737185 0.8874535 0.9717387 1.4516088 1.0589993 1.0631235 1.0817289 1.0908321 1.5734092 1.0023757 0.0000000 0.3051619 1.7837780 1.6200512 1.6899099 1.5963507 1.6118116 1.5997135 1.4078244 1.4468839 1.3630793 1.8378975 1.9717312 1.8929043 1.7033080 1.7193506 1.8583408 1.7480536 1.9512533 1.8353347 1.5380217 1.4701331 1.5687990 1.5019759 2.0256309 1.7933440 1.6482824 2.3516394 1.7684344 3.2621117 3.0718335 3.8598121 3.0797779 3.5199218 4.0231620 3.3152750 
Xesp_016002-T1                                         1.4009540 1.1167103 1.2033257 1.3482947 1.3048674 1.2935714 1.1518073 1.1622463 0.9712942 1.5063390 0.8779723 0.8632907 0.8728791 1.1462497 0.8984400 1.0623637 1.4290171 1.1194142 1.0271820 1.2044430 1.1923370 1.6575162 1.0986633 0.3051619 0.0000000 1.8118428 1.5189225 1.7224726 1.5690513 1.6754645 1.7005852 1.5681426 1.5498370 1.2969833 1.8622871 1.8229657 1.7333921 1.6415643 1.4616930 1.8040083 1.6623522 1.8480651 1.8308403 1.4365506 1.4083821 1.6130466 1.4705540 1.8776335 1.7080546 1.5491892 2.4318124 1.7741000 3.1575100 2.9592443 3.5513248 3.1050079 3.3956356 3.9718519 3.4097666 
Tetwil_g11863.t1                                       2.0253964 1.5350865 2.0079999 2.1681559 2.0060620 2.0264098 1.6541095 1.3985700 1.5153723 2.3213435 1.6602550 1.6696340 1.6953897 2.6428778 1.5530123 1.2093484 2.3243285 1.9443191 1.6071771 1.7504869 1.7554856 2.2576596 1.8781374 1.7837780 1.8118428 0.0000000 0.7206545 1.7284467 1.5420916 1.3419951 1.5738034 1.4230357 1.9310040 1.9582421 2.3392170 2.5784390 2.4945158 2.1024996 1.7363086 2.1634523 1.9795616 2.5400632 2.1394616 2.0855185 1.9100907 2.1405536 2.1261544 2.0592361 1.8845278 1.9265099 2.4761667 1.9627368 4.1857490 4.0691050 4.5721707 4.1296703 4.6260861 4.6084468 4.4207188 
Stycar_maker-SC_scaffold6221-augustus-gene-0.49-mRNA-1 1.7775316 1.3494586 1.7429819 1.9183685 1.6159113 1.6241529 1.3820923 1.1180746 1.4191748 2.0539713 1.4922314 1.4184756 1.5022282 2.5507467 1.4709044 1.1196675 1.6793485 1.5030979 1.2808550 1.2799746 1.2777198 1.6936408 1.7945188 1.6200512 1.5189225 0.7206545 0.0000000 1.3346606 1.3582956 1.1363966 1.3033697 1.1440103 1.7050194 1.9514377 2.0108849 2.0170748 2.0339131 1.8277949 1.5476207 1.7285600 1.6323502 2.1838954 1.9583147 1.9543474 1.7878221 1.9108042 1.9259023 1.9138969 1.7987940 1.9741914 2.1516644 1.8834506 4.2511854 4.1005082 4.3515932 3.8407706 3.8220394 4.9224324 4.1817366 
Aque_Aqu2.1.30522_001                                  1.9363476 1.5717656 1.9524365 2.2478592 1.6489175 1.7099507 1.5026261 1.3246309 1.5839087 2.3263459 1.5542396 1.6136750 1.6874169 2.4594851 1.6177563 1.0910342 1.8377937 1.6031445 1.4426664 1.4908161 1.4959540 2.0248629 1.9157438 1.6899099 1.7224726 1.7284467 1.3346606 0.0000000 0.6546479 0.7957215 1.5481933 1.3322664 1.5699949 1.6775749 2.2430557 2.0954791 2.0403221 2.1268998 1.5478869 1.8143583 1.8795681 1.9500771 1.9501112 1.8527740 1.8088749 1.8017569 1.7964578 2.2238451 2.1459140 2.1486881 2.1311833 2.0000165 3.2935429 3.2235717 3.9858334 3.8862004 3.7479765 4.1385605 4.0668791 
Halamb_c42952_g1_i1m.15530                             1.8872226 1.4973134 1.8112322 2.0780823 1.5836657 1.7506269 1.4931326 1.2515821 1.4497255 1.8499505 1.5163533 1.5291178 1.6160619 2.2352537 1.5500645 1.1151519 1.7673885 1.4978699 1.4304398 1.4362231 1.5265002 2.0093961 1.7346387 1.5963507 1.5690513 1.5420916 1.3582956 0.6546479 0.0000000 0.8196491 1.3747408 1.2624317 1.5196567 1.5681718 1.7376937 1.7662300 1.7372103 1.7128489 1.4952012 1.5369849 1.7984086 1.7140574 1.7857193 1.8364725 1.6840716 1.7001256 1.6746183 1.8102815 2.1911068 2.1153300 2.1698845 1.7045979 3.3004733 3.1015352 3.8190803 3.1760858 3.5499183 4.0058435 4.1281260 
Xestes_maker-XT_scaffold5830-snap-gene-0.24-mRNA-1     1.8390475 1.5131728 1.8675575 2.0684556 1.5450249 1.4823236 1.4274248 1.4010525 1.5471316 1.7490993 1.4336573 1.4195442 1.4499626 1.8664329 1.3929100 1.0970811 1.8205634 1.4671079 1.3227941 1.4395723 1.4186980 2.0118753 1.5806405 1.6118116 1.6754645 1.3419951 1.1363966 0.7957215 0.8196491 0.0000000 1.3324455 1.0889605 1.2929583 1.5534780 2.1153788 2.0236452 2.0486374 1.9475090 1.8997479 1.8055216 2.0489284 2.0137913 1.6176096 1.7766456 1.6637520 1.7567035 1.6561082 2.1285679 2.0874121 1.9339292 2.1812246 1.8832648 3.6856004 3.6725680 4.1165078 3.4275266 4.0223111 4.4538897 4.3731943 
Emue_Em0022g289a.t1                                    2.0973634 1.7100673 1.9528246 2.0725785 2.2040659 1.8262622 1.5101309 1.4496921 1.4884186 3.3277225 1.6176029 1.6082852 1.6212271 2.2899079 1.6542906 1.4170297 1.9020189 1.5668637 1.3987003 1.4599030 1.5922632 2.2626299 2.0028868 1.5997135 1.7005852 1.5738034 1.3033697 1.5481933 1.3747408 1.3324455 0.0000000 0.4578234 1.8761485 1.9234265 2.1639546 2.1568727 2.1378252 1.8711009 1.5399816 2.1410695 1.7114854 2.1181132 2.1150813 2.3125012 2.2124822 2.1637922 2.2480736 1.9006753 2.2192567 2.2297869 2.9662753 2.1398134 4.0486355 3.5732701 4.5581524 3.7216231 3.9830152 4.6072015 4.4369970 
Spolac_c101124_g1_i1_m.24605c101124-g1                 1.7428517 1.4265574 1.6524731 1.8019749 1.8026158 1.6522853 1.2684949 1.2568855 1.3730218 2.1699371 1.4231623 1.3660283 1.4224922 2.0478656 1.4063184 1.1769419 1.7361156 1.4180601 1.2553026 1.2467638 1.3856419 1.9640674 1.6932049 1.4078244 1.5681426 1.4230357 1.1440103 1.3322664 1.2624317 1.0889605 0.4578234 0.0000000 1.4369308 1.7190620 1.9653433 1.8981257 1.8479097 1.6389338 1.6502451 1.9651079 1.4501252 1.9345978 1.6931336 2.0752680 2.1708713 1.9651710 2.0193163 1.7458991 1.9513764 1.8810019 2.5425818 1.8240610 3.8524650 3.5241273 4.3449763 3.6614056 3.5058529 4.3341646 4.2731665 
Opea_EP00118_Oscarella_pearsei_P016735                 1.8915055 1.4067861 1.6064097 1.8777502 1.6904908 1.7133383 1.4372708 1.5635121 1.4830449 1.7511865 1.4041352 1.3618239 1.3342137 1.9818391 1.4448232 1.2621023 1.8574038 1.3976679 1.4650940 1.3997319 1.3073418 1.8791545 1.4867647 1.4468839 1.5498370 1.9310040 1.7050194 1.5699949 1.5196567 1.2929583 1.8761485 1.4369308 0.0000000 1.2152419 1.8642124 1.9145289 1.8718347 1.7740527 1.8505280 1.7685880 1.8039247 2.0119347 1.7272288 1.7847956 1.7862142 1.8106344 1.8725630 2.2703682 1.9586610 1.7565416 2.3293303 1.8007336 3.5739520 3.6047126 3.6839709 3.2735113 3.3915956 4.2284298 3.9169349 
Plajan_Pjan_C556541_01                                 1.5889080 1.4700980 1.7169481 1.7431607 1.6375964 1.6544494 1.3276534 1.4834500 1.3999541 2.0793866 1.4053428 1.5707165 1.4201256 1.9827989 1.4708923 1.2478082 1.6563165 1.4701949 1.4137689 1.5578999 1.5015241 1.8244592 1.6663931 1.3630793 1.2969833 1.9582421 1.9514377 1.6775749 1.5681718 1.5534780 1.9234265 1.7190620 1.2152419 0.0000000 2.1371363 2.1600257 2.0618429 2.0416856 1.7348289 1.9016040 1.8015331 1.9499168 2.0582364 1.7738513 1.7745348 1.8016845 1.7754364 2.2538125 1.9001388 1.9337938 2.5414947 2.1193705 3.4649964 3.3467650 3.4372874 3.2293381 3.7522093 3.8762582 3.7653443 
Mlei_ML0044.g13.i1                                     1.9197931 1.7871712 1.9642703 1.9993939 1.9762760 1.9410402 1.6955416 1.6520629 1.6091077 1.9689734 1.8270148 1.7249552 1.7235760 1.8609232 1.6828399 1.9007733 2.4492025 1.7909797 1.6480418 1.8578624 1.8723706 2.7691406 1.9346386 1.8378975 1.8622871 2.3392170 2.0108849 2.2430557 1.7376937 2.1153788 2.1639546 1.9653433 1.8642124 2.1371363 0.0000000 0.5727804 0.5525208 0.4957864 0.6738478 0.6942335 0.6047166 0.7544646 0.8310789 2.3124430 2.2402586 2.1027216 2.3600238 1.6404216 2.5184968 2.5323052 2.7111316 2.0280673 4.8584245 4.4319497 5.0034870 3.7294988 4.4120091 5.5997260 4.6876432 
Pbac_sb2655860                                         1.8372162 1.8549833 1.9676615 2.1108428 1.9178654 1.9617141 1.8892327 1.6359926 1.7110983 2.6464304 1.9100643 1.6991818 1.8092136 1.8694044 1.7637144 1.8977354 2.2490167 1.8497248 1.6309611 1.8426000 1.8282145 2.5964622 1.8076777 1.9717312 1.8229657 2.5784390 2.0170748 2.0954791 1.7662300 2.0236452 2.1568727 1.8981257 1.9145289 2.1600257 0.5727804 0.0000000 0.0890857 0.4972916 0.5915852 0.7321252 0.6037433 0.8161998 0.8550258 2.2664302 2.0615597 2.0838810 2.2514567 1.6154993 2.7043670 2.3756673 2.5081510 2.1274268 4.6678625 4.4032781 5.1131587 4.0721817 4.0914360 5.4954095 4.7688520 
Horcal_Hcv1.av93.c2.g596.i1                            1.7769918 1.7621606 1.9380889 2.0747960 1.9135334 1.9465734 1.8387355 1.5758533 1.6593083 2.6047441 1.8504931 1.7302535 1.7667846 1.8081479 1.7190006 1.9481903 2.2576315 1.7593317 1.5317605 1.7713218 1.7602135 2.5432982 1.7740679 1.8929043 1.7333921 2.4945158 2.0339131 2.0403221 1.7372103 2.0486374 2.1378252 1.8479097 1.8718347 2.0618429 0.5525208 0.0890857 0.0000000 0.4597579 0.6162731 0.7108718 0.6216977 0.7812169 0.8490978 2.1802010 1.9723421 2.0402613 2.2253356 1.6376398 2.5247241 2.3941379 2.4917823 2.0357854 4.5087668 4.2312599 4.9793436 4.0317398 4.1289933 5.3366950 4.4591735 
Beraby_Baby_sb346171                                   1.6707719 1.6926345 1.9195003 1.8783312 1.8095891 1.6820016 1.5363321 1.4793857 1.5003421 2.1769453 1.4694572 1.4715653 1.4863038 1.4702089 1.4769199 1.8921461 2.0212954 1.5397267 1.2961150 1.5439596 1.5633342 2.2259766 1.8661052 1.7033080 1.6415643 2.1024996 1.8277949 2.1268998 1.7128489 1.9475090 1.8711009 1.6389338 1.7740527 2.0416856 0.4957864 0.4972916 0.4597579 0.0000000 0.7582315 0.7025464 0.7308572 0.7025868 0.6819113 2.1451498 1.8557242 1.9346281 2.1200425 1.5627517 2.2640980 2.2113633 2.1895617 2.0655330 3.9950558 3.8344153 4.4656675 3.3680419 3.6393083 4.5463107 4.3866090 
Mertsp_Mesp_sb531782                                   1.7268036 1.4333527 1.5451349 1.5520222 1.5527319 1.5828702 1.7189968 1.4470214 1.4896932 5.0539690 1.6450563 1.7296432 1.6910720 1.6873915 1.6936817 1.8940291 1.9357315 1.5551809 1.1854658 1.6675866 1.7502011 1.7385474 1.6092818 1.7193506 1.4616930 1.7363086 1.5476207 1.5478869 1.4952012 1.8997479 1.5399816 1.6502451 1.8505280 1.7348289 0.6738478 0.5915852 0.6162731 0.7582315 0.0000000 0.7799143 0.7992842 0.7684126 0.7986967 1.8808609 1.7050921 1.7338333 1.8378771 1.4171888 1.8619719 1.6679458 1.6105727 1.4168329 3.7902026 3.3074328 3.0525345 3.1021139 2.6042390 3.5202811 3.2662236 
Lampan_Lpan_C410325_01                                 1.8744123 1.6065133 1.9079360 2.0410910 1.8965231 1.7235145 1.5827219 1.3845137 1.4666343 2.1135970 1.6453791 1.5190975 1.4762226 1.6345088 1.5107912 1.4709151 2.1389864 1.6745262 1.3606460 1.6036940 1.5584258 2.1520429 1.7881118 1.8583408 1.8040083 2.1634523 1.7285600 1.8143583 1.5369849 1.8055216 2.1410695 1.9651079 1.7685880 1.9016040 0.6942335 0.7321252 0.7108718 0.7025464 0.7799143 0.0000000 0.6579489 0.7584313 0.8833190 2.1124518 1.8746811 1.9057430 2.0416373 1.6331751 2.3985273 2.2458043 2.4587791 1.8917939 4.4860179 4.2824164 4.3995750 3.4544808 4.0343176 4.8705097 4.4701199 
Drygla_Dgla_sb284517                                   1.5333737 1.6235232 1.6327066 1.6487752 1.6842826 1.4414755 1.2558439 1.1592099 1.5178869 3.7919084 1.6987580 1.5897635 1.5276161 2.1263970 1.6509193 1.5929250 1.6885473 1.5375389 1.1934296 1.4961265 1.4619930 1.7926539 1.8691203 1.7480536 1.6623522 1.9795616 1.6323502 1.8795681 1.7984086 2.0489284 1.7114854 1.4501252 1.8039247 1.8015331 0.6047166 0.6037433 0.6216977 0.7308572 0.7992842 0.6579489 0.0000000 0.7809208 0.8011603 2.0606789 1.9666036 1.9741808 2.0100259 1.5638669 1.7145368 2.0118934 1.8805780 1.7389667 3.9483786 3.6809882 3.6645674 3.2351603 3.2325694 4.3016539 4.0947690 
Coemet_Cmet_scaffold18651_01                           1.8087594 1.6532109 2.1095303 2.1238756 1.8034427 1.8172998 1.6313159 1.6269980 1.5407262 2.0222625 1.7463994 1.7197892 1.6878363 1.8167451 1.6594893 2.1082911 2.3605741 1.7286134 1.5416745 1.9116410 1.8287517 2.3643919 2.1680478 1.9512533 1.8480651 2.5400632 2.1838954 1.9500771 1.7140574 2.0137913 2.1181132 1.9345978 2.0119347 1.9499168 0.7544646 0.8161998 0.7812169 0.7025868 0.7684126 0.7584313 0.7809208 0.0000000 0.9936454 2.3176045 2.1242586 2.1484893 2.4649327 1.6492112 2.6569145 2.4750872 2.6952859 1.9827561 4.7435612 4.5141233 4.9118696 4.0625286 4.0630121 4.8326129 5.0164129 
Eupdun_Edun_sb10636233                                 1.9418317 1.7140639 1.9408553 1.9401660 1.8678517 1.7710480 1.5693383 1.6399563 1.6091790 2.3424575 1.6143277 1.5656429 1.5692264 1.5456609 1.5410141 1.6454367 2.0772439 1.5808829 1.5359412 1.7071493 1.6866569 2.3301445 1.8777755 1.8353347 1.8308403 2.1394616 1.9583147 1.9501112 1.7857193 1.6176096 2.1150813 1.6931336 1.7272288 2.0582364 0.8310789 0.8550258 0.8490978 0.6819113 0.7986967 0.8833190 0.8011603 0.9936454 0.0000000 2.0316625 1.8646587 1.8466218 2.0801054 1.7255025 2.3347989 2.2904976 2.8859519 1.8896156 4.3176011 4.1792387 4.8578538 3.8156005 4.3237572 4.8619643 4.4173609 
Scil_scict002202.1                                     1.7067333 1.4796430 1.8536009 2.0652852 1.8088425 1.7489500 1.5485457 1.6149911 1.5910292 1.7931388 1.3991378 1.6043815 1.4685416 1.7241667 1.5168485 1.3129689 1.5837140 1.5720467 1.5320256 1.4870719 1.4792365 1.9990588 1.9709238 1.5380217 1.4365506 2.0855185 1.9543474 1.8527740 1.8364725 1.7766456 2.3125012 2.0752680 1.7847956 1.7738513 2.3124430 2.2664302 2.1802010 2.1451498 1.8808609 2.1124518 2.0606789 2.3176045 2.0316625 0.0000000 0.5385592 0.5622063 0.6876745 2.0865562 1.9097111 2.0651833 2.7131115 1.5412348 3.4780391 3.3319399 3.5951705 3.9724308 3.8939411 3.9592805 4.2784993 
Gracom_Gcom_C547442_01                                 1.5999060 1.5081732 1.9464760 2.1714437 1.7111467 1.8417967 1.5312870 1.4349641 1.6618211 2.0363408 1.6120431 1.6975237 1.5432622 1.8918683 1.5908625 1.2449857 1.6433651 1.6263529 1.5621078 1.6391011 1.5208430 2.0094828 1.8699790 1.4701331 1.4083821 1.9100907 1.7878221 1.8088749 1.6840716 1.6637520 2.2124822 2.1708713 1.7862142 1.7745348 2.2402586 2.0615597 1.9723421 1.8557242 1.7050921 1.8746811 1.9666036 2.1242586 1.8646587 0.5385592 0.0000000 0.6689329 0.7865260 1.7953789 2.0074684 1.9843258 2.7054921 1.6803021 3.8741670 3.5524316 4.2211787 4.0404403 4.0433081 4.3911403 4.3335588 
Lcom_lcpid63258                                        1.8142081 1.5821773 1.9640897 2.1953463 1.7959290 1.7999129 1.5880745 1.4606453 1.6076281 1.7866996 1.4331066 1.5560461 1.4759024 1.6602484 1.4560772 1.2376207 1.7598210 1.6423151 1.6705930 1.5065831 1.6536231 1.9634291 1.7039938 1.5687990 1.6130466 2.1405536 1.9108042 1.8017569 1.7001256 1.7567035 2.1637922 1.9651710 1.8106344 1.8016845 2.1027216 2.0838810 2.0402613 1.9346281 1.7338333 1.9057430 1.9741808 2.1484893 1.8466218 0.5622063 0.6689329 0.0000000 0.6378946 1.7504493 2.1303429 2.0966551 2.7549350 1.7652770 3.6041027 3.3742807 4.0478980 4.1221553 3.9118217 4.4992927 4.1915270 
Leuniv_Lniv_scaffold21408_01                           1.8427396 1.5449868 1.8827058 2.1536212 1.9144294 1.7454715 1.4364270 1.5775252 1.6767525 1.8812564 1.5255916 1.5406462 1.5970245 1.7820481 1.5181056 1.1428554 1.8210069 1.6270463 1.4514381 1.4914269 1.4572745 1.9197831 1.8953333 1.5019759 1.4705540 2.1261544 1.9259023 1.7964578 1.6746183 1.6561082 2.2480736 2.0193163 1.8725630 1.7754364 2.3600238 2.2514567 2.2253356 2.1200425 1.8378771 2.0416373 2.0100259 2.4649327 2.0801054 0.6876745 0.7865260 0.6378946 0.0000000 1.8972435 2.0524271 1.8757096 2.5713535 1.7430980 3.3167857 3.2092114 3.8383922 3.8563121 3.5008679 4.5273869 4.3817687 
Vmul_sbMO459376                                        2.3446856 1.9535291 2.3356480 2.3747815 2.3374233 2.2083517 1.9447667 1.5590098 1.8385622 2.8245783 1.8616862 1.9673245 1.9326392 2.1219057 1.8493103 2.8054758 2.4488127 2.1205671 1.6941753 1.9651519 1.9978954 1.8728665 2.0485134 2.0256309 1.8776335 2.0592361 1.9138969 2.2238451 1.8102815 2.1285679 1.9006753 1.7458991 2.2703682 2.2538125 1.6404216 1.6154993 1.6376398 1.5627517 1.4171888 1.6331751 1.5638669 1.6492112 1.7255025 2.0865562 1.7953789 1.7504493 1.8972435 0.0000000 2.5945619 2.3039157 2.5557521 2.0289899 4.5974128 4.0306073 4.4282328 3.7840857 3.6886108 4.5067083 4.6972626 
Spur_XM_030981240.1                                    1.4809912 1.7678998 1.7080539 1.9239318 1.7034781 1.5616961 1.5991675 1.9111517 1.6298806 1.9895735 1.6319119 1.6355281 1.6189429 2.7209751 1.6505711 1.0481053 2.0393491 1.6663693 1.8786251 1.8380218 1.7727756 1.8966405 1.5767233 1.7933440 1.7080546 1.8845278 1.7987940 2.1459140 2.1911068 2.0874121 2.2192567 1.9513764 1.9586610 1.9001388 2.5184968 2.7043670 2.5247241 2.2640980 1.8619719 2.3985273 1.7145368 2.6569145 2.3347989 1.9097111 2.0074684 2.1303429 2.0524271 2.5945619 0.0000000 2.0484572 2.3506430 2.1074981 4.2843123 3.6819601 3.8599879 3.4344398 4.0244470 4.9449461 3.9674774 
Cscu_XM_023371340.1                                    1.8579260 1.7770596 1.4901852 1.5699842 1.7776634 1.8504452 1.3802070 1.4056513 1.6070301 1.9748949 1.4153600 1.5300070 1.4931709 2.1033313 1.5401422 1.3551044 2.0465428 1.5307439 1.5198569 1.5271608 1.5385083 1.7794544 1.5842182 1.6482824 1.5491892 1.9265099 1.9741914 2.1486881 2.1153300 1.9339292 2.2297869 1.8810019 1.7565416 1.9337938 2.5323052 2.3756673 2.3941379 2.2113633 1.6679458 2.2458043 2.0118934 2.4750872 2.2904976 2.0651833 1.9843258 2.0966551 1.8757096 2.3039157 2.0484572 0.0000000 2.4267731 2.5047955 3.7362167 3.6507791 3.7949315 3.7528022 3.6907293 4.2115874 4.4107140 
Skow_XM_002737710.1                                    2.0401908 1.9738558 2.2713932 2.4587295 2.3993396 2.1916602 2.0397290 1.7367964 2.2274150 2.9100925 2.1313998 2.0293638 2.1407381 3.1182197 2.1316649 1.8889332 2.6446393 2.2100284 1.9868709 1.9213639 2.0475725 2.6012462 2.0718938 2.3516394 2.4318124 2.4761667 2.1516644 2.1311833 2.1698845 2.1812246 2.9662753 2.5425818 2.3293303 2.5414947 2.7111316 2.5081510 2.4917823 2.1895617 1.6105727 2.4587791 1.8805780 2.6952859 2.8859519 2.7131115 2.7054921 2.7549350 2.5713535 2.5557521 2.3506430 2.4267731 0.0000000 2.5602075 4.3440471 4.4111131 5.3978752 4.5192348 4.3428398 4.4324588 4.6244010 
Clacor_Ccor_scaffold6669_01                            1.7940698 1.5012685 2.0860061 2.4225757 1.6848611 1.8932920 1.6915742 1.6836599 1.6401003 2.6265144 1.6042870 1.6450692 1.6099435 1.9823907 1.5957056 1.3613842 2.0432178 1.7773698 1.6000071 1.8509196 1.7028550 1.9912912 1.9543186 1.7684344 1.7741000 1.9627368 1.8834506 2.0000165 1.7045979 1.8832648 2.1398134 1.8240610 1.8007336 2.1193705 2.0280673 2.1274268 2.0357854 2.0655330 1.4168329 1.8917939 1.7389667 1.9827561 1.8896156 1.5412348 1.6803021 1.7652770 1.7430980 2.0289899 2.1074981 2.5047955 2.5602075 0.0000000 3.4625681 3.4146452 4.0353494 3.3726547 3.2059900 3.1668326 3.5907286 
Acaspe_EP00035_Acanthoeca_spectabilis_P039743          3.8958824 3.6099590 3.8414802 3.4837547 3.5804659 3.8094769 3.8719227 3.3541134 3.8364814 6.8879941 3.6995397 3.6559971 3.5808846 4.8175847 3.7796527 3.3540645 4.0904222 3.8522767 3.6724533 4.0526392 3.9824277 4.2770940 4.1305687 3.2621117 3.1575100 4.1857490 4.2511854 3.2935429 3.3004733 3.6856004 4.0486355 3.8524650 3.5739520 3.4649964 4.8584245 4.6678625 4.5087668 3.9950558 3.7902026 4.4860179 3.9483786 4.7435612 4.3176011 3.4780391 3.8741670 3.6041027 3.3167857 4.5974128 4.2843123 3.7362167 4.3440471 3.4625681 0.0000000 0.3697244 1.0522795 1.5665520 2.1277217 1.8870754 2.2899962 
Helnan_EP00037_Helgoeca_nana_P032003                   3.5898991 3.2863590 3.4532915 3.1730948 3.2795484 3.7895785 3.5370797 3.2310675 3.4580131 6.7460118 3.5654435 3.7154903 3.6647248 5.3629562 3.8039075 3.4992257 3.6082830 3.4968991 3.3320725 3.4959113 3.5429728 3.9499808 4.0497377 3.0718335 2.9592443 4.0691050 4.1005082 3.2235717 3.1015352 3.6725680 3.5732701 3.5241273 3.6047126 3.3467650 4.4319497 4.4032781 4.2312599 3.8344153 3.3074328 4.2824164 3.6809882 4.5141233 4.1792387 3.3319399 3.5524316 3.3742807 3.2092114 4.0306073 3.6819601 3.6507791 4.4111131 3.4146452 0.3697244 0.0000000 1.1506000 1.4318087 2.2632581 1.9731030 2.0374991 
Stedip_EP00041_Stephanoeca_diplocostata_P011332        4.0398492 3.7627933 4.0332214 3.8399395 4.2814517 4.1272226 4.0375699 3.6494041 4.1016873 5.8204556 4.1012238 3.9408704 3.5880695 5.3968952 3.9154523 3.1542737 4.0408076 4.3769303 4.1174756 3.9391083 4.1225822 3.9332450 3.9086275 3.8598121 3.5513248 4.5721707 4.3515932 3.9858334 3.8190803 4.1165078 4.5581524 4.3449763 3.6839709 3.4372874 5.0034870 5.1131587 4.9793436 4.4656675 3.0525345 4.3995750 3.6645674 4.9118696 4.8578538 3.5951705 4.2211787 4.0478980 3.8383922 4.4282328 3.8599879 3.7949315 5.3978752 4.0353494 1.0522795 1.1506000 0.0000000 1.4339582 2.5712087 2.2268399 2.6730319 
Diagra_EP00040_Diaphanoeca_grandis_P021365             4.0157224 3.5768430 4.0282696 3.5586174 3.1714843 3.7037659 3.5648947 3.3599246 3.2849829 4.1108848 3.1305590 3.0301897 3.0664581 3.9593860 3.1646141 3.6276774 3.8488253 3.4669916 2.7440641 3.1751304 3.1453981 3.2467707 3.3109353 3.0797779 3.1050079 4.1296703 3.8407706 3.8862004 3.1760858 3.4275266 3.7216231 3.6614056 3.2735113 3.2293381 3.7294988 4.0721817 4.0317398 3.3680419 3.1021139 3.4544808 3.2351603 4.0625286 3.8156005 3.9724308 4.0404403 4.1221553 3.8563121 3.7840857 3.4344398 3.7528022 4.5192348 3.3726547 1.5665520 1.4318087 1.4339582 0.0000000 2.3486834 2.2393517 2.2988462 
Salkve_EP00050_Salpingoeca_kvevrii_P020668             4.2667998 3.8823339 4.0738227 3.1466260 3.5159787 3.3889284 3.5788619 3.1882383 3.7578957 5.6042336 3.6595498 3.5061718 3.0902655 3.8588589 3.4299307 4.9813963 3.7649355 3.4585183 2.9104317 3.3660909 3.5292682 4.0232465 3.5279437 3.5199218 3.3956356 4.6260861 3.8220394 3.7479765 3.5499183 4.0223111 3.9830152 3.5058529 3.3915956 3.7522093 4.4120091 4.0914360 4.1289933 3.6393083 2.6042390 4.0343176 3.2325694 4.0630121 4.3237572 3.8939411 4.0433081 3.9118217 3.5008679 3.6886108 4.0244470 3.6907293 4.3428398 3.2059900 2.1277217 2.2632581 2.5712087 2.3486834 0.0000000 1.4832809 2.0668215 
Salurc_EP00051_Salpingoeca_urceolata_P005018           4.8968592 4.4052324 4.5215026 4.2038754 4.3292488 4.2212088 4.3434843 3.8167286 4.2312366 7.1773101 4.0723543 4.1751192 3.9684694 5.7661556 4.2376771 4.8240892 4.3539939 4.5929613 3.6833525 4.6561464 4.4423123 4.2854904 4.2551564 4.0231620 3.9718519 4.6084468 4.9224324 4.1385605 4.0058435 4.4538897 4.6072015 4.3341646 4.2284298 3.8762582 5.5997260 5.4954095 5.3366950 4.5463107 3.5202811 4.8705097 4.3016539 4.8326129 4.8619643 3.9592805 4.3911403 4.4992927 4.5273869 4.5067083 4.9449461 4.2115874 4.4324588 3.1668326 1.8870754 1.9731030 2.2268399 2.2393517 1.4832809 0.0000000 2.0957501 
Saldol_EP00054_Salpingoeca_dolichothecata_P031723      4.4773747 4.1681692 3.9879034 3.6936220 3.5791535 3.8951340 3.8517666 3.6405982 3.5818972 5.4214017 3.7496187 3.5959754 3.3339238 4.2465393 3.6161921 3.7217238 4.2751539 3.6762771 3.4791003 3.8159318 3.9344838 3.9151620 3.8438511 3.3152750 3.4097666 4.4207188 4.1817366 4.0668791 4.1281260 4.3731943 4.4369970 4.2731665 3.9169349 3.7653443 4.6876432 4.7688520 4.4591735 4.3866090 3.2662236 4.4701199 4.0947690 5.0164129 4.4173609 4.2784993 4.3335588 4.1915270 4.3817687 4.6972626 3.9674774 4.4107140 4.6244010 3.5907286 2.2899962 2.0374991 2.6730319 2.2988462 2.0668215 2.0957501 0.0000000 
