76
Hsap_ENST00000598441                                  0.0000000 0.7692855 0.6298313 0.6543424 0.6662856 0.6189990 0.6945767 0.6704365 0.6649678 0.6639275 0.8814314 0.7470782 0.9296031 0.8376257 1.0912689 0.8744374 0.5921154 0.9413872 0.7847627 0.7367916 0.7723478 0.7373824 0.9486539 0.7422556 0.5763906 0.6754159 0.8665228 0.7821601 0.7259017 0.7420775 0.6707509 0.7358070 0.8593445 0.7774749 0.8824425 0.8967949 0.8492719 0.8350780 0.8402337 0.8159538 0.8156203 0.8389540 0.7316744 0.9669169 0.9620789 1.0648508 1.3819496 1.0938578 1.0664179 0.9185024 0.9449011 1.0397887 1.1152076 0.9572941 1.0409282 1.0712863 0.9849827 1.0548443 1.0629775 1.0979252 1.1326062 1.0375606 0.9771841 1.0097762 1.1033688 0.8648099 1.2528456 1.5084902 1.4804438 1.4634832 0.6746164 0.6420219 1.0144099 0.9957098 1.2691729 0.8357631 
Salpun_EP00053_Salpingoeca_punica_P007848             0.7692855 0.0000000 0.7871795 0.7809930 0.8803338 0.8362492 0.8521734 0.7862692 0.7851890 0.7978609 0.8630364 0.8358177 0.7586876 0.9821234 0.8691337 0.9011485 0.8725397 0.5582422 0.7440822 0.8032258 0.8857031 0.9862640 1.3779070 1.1447137 0.9191095 0.7763956 1.4697449 0.6176510 0.8379847 0.7990713 0.8127613 0.8959902 1.2863238 0.8958067 1.0219069 0.8112553 0.9423327 0.9598677 0.9619862 0.9672744 0.9675072 0.9061744 1.0099871 0.8285587 0.6497030 0.9487286 1.0467731 0.9822572 0.9819522 0.8835834 0.6951925 0.9616707 1.1525321 1.0067082 1.1219727 0.9605665 1.0418884 0.9538117 0.9433743 0.9801860 0.9757661 1.1184336 0.9174131 0.9334283 0.9633710 0.8744060 1.1129712 1.1507781 1.0554290 1.0434667 0.7620203 0.5830791 1.0444427 0.8505933 1.6241152 0.9975766 
Bralan_BLAG03000321_1                                 0.6298313 0.7871795 0.0000000 0.6275968 0.6088776 0.7076763 0.7420146 0.6724144 0.6448030 0.6229256 0.8512150 0.8193987 0.7829462 0.7470775 1.2499983 0.9893442 0.6070976 0.9838657 0.7669020 0.7203465 0.7099478 0.6929068 0.8913183 0.7534435 0.6243555 0.5999209 0.7454892 0.7170211 0.6889227 0.7663187 0.6454931 0.7431939 0.8067777 0.6120842 0.9467740 0.7900675 0.9694541 0.9582256 0.9669229 0.9182162 0.9271844 0.8704520 0.8558977 0.9949233 1.0134033 1.1377025 1.2069171 1.0888742 1.1412989 0.8871105 1.0130204 1.1622859 1.1215711 0.9130992 1.0491761 0.9519020 0.9455626 0.9621217 1.0702232 1.0442797 1.1011954 1.0678850 1.1729545 1.1881771 1.0706129 1.0055844 1.2296955 1.4248456 1.4305155 1.3778736 0.6685374 0.7259131 1.1282267 1.0245242 1.3850576 0.8934566 
Exapal_XM_021048665.2                                 0.6543424 0.7809930 0.6275968 0.0000000 0.3631673 0.3873777 0.4302244 0.3738149 0.3529535 0.3820180 0.4746098 0.5271187 0.6804314 0.7161839 0.8826513 0.7163824 0.4504535 0.8380638 0.5854316 0.5956166 0.6614970 0.7306814 0.9839959 0.8220682 0.6301046 0.6891196 0.7498141 0.7409550 0.6069534 0.6756038 0.7196127 0.6944538 0.9432894 0.8577405 0.8781071 0.7974043 0.7382253 0.7362853 0.6727185 0.6692240 0.6692560 0.6815309 0.6755440 1.0065496 1.0027821 1.0552656 1.3490717 1.0026467 0.9264299 0.9537234 0.9107665 1.1245166 1.0463852 0.9335732 1.0857045 0.9475899 0.8374787 0.8339568 0.9059330 1.0611530 1.0145682 1.0144116 1.1048760 1.1135849 0.8494769 0.9046292 1.1663436 1.4941337 1.3228969 1.2483129 0.7363375 0.6254101 0.9987171 0.9938555 1.2815964 0.8474562 
Nvec_v1g118365                                        0.6662856 0.8803338 0.6088776 0.3631673 0.0000000 0.4762808 0.4758231 0.4406962 0.4241181 0.4238903 0.6177838 0.5720428 0.6718433 0.7678619 0.8670009 0.7188127 0.5042699 0.7307750 0.6331401 0.7154432 0.6974320 0.7271907 0.9999178 0.8183230 0.7088453 0.7761752 0.8286979 0.7141804 0.6503332 0.6367238 0.6515778 0.7542077 1.0029307 0.8842808 0.7325095 0.7089106 0.8557363 0.8691634 0.7967511 0.7975036 0.8037632 0.7866760 0.7647469 1.1227884 1.0121819 0.9153714 1.1248900 1.0680760 1.0322165 0.8955615 1.0117181 1.1620550 1.0984125 0.8736249 1.0184568 0.8962167 0.9699990 0.9772294 0.9460632 1.0433545 1.0134147 1.0166836 1.0685456 1.0755639 1.0568703 0.8784290 1.2535949 1.4273781 1.3427970 1.2750459 0.7129099 0.6092523 1.0711785 0.9097644 1.2697658 0.8716911 
Adig_XM_015914130.1                                   0.6189990 0.8362492 0.7076763 0.3873777 0.4762808 0.0000000 0.1846321 0.1999940 0.2408626 0.2215743 0.3470638 0.0997943 0.6744093 0.8538920 0.8381012 0.7253926 0.6080342 0.7562791 0.5340389 0.7047100 0.7118430 0.7644869 1.0916810 0.9074978 0.7041084 0.7165713 1.0604687 0.6883989 0.7403672 0.7811013 0.7132937 0.8192890 1.0290431 0.8137717 0.8413535 0.8112016 0.7963483 0.8034725 0.7821721 0.7770667 0.7954758 0.8037036 0.8058379 1.0805962 1.1670212 1.0476182 1.3338627 1.0562111 1.0949796 0.9411437 1.1342362 1.2070863 1.0792436 0.9380180 1.0680261 0.9793520 0.9403180 0.9643999 1.0464413 1.0940129 1.0343235 1.0852366 1.1118854 1.1171138 0.9872816 0.8462401 1.2222533 1.4114594 1.4064020 1.3020844 0.7983073 0.5749598 1.1902185 0.8768506 1.3053597 0.8190025 
Gfas_gfas1.m1.3404.m1                                 0.6945767 0.8521734 0.7420146 0.4302244 0.4758231 0.1846321 0.0000000 0.1622269 0.1858454 0.1752079 0.3061261 0.2194616 0.7266352 0.8971706 0.8631764 0.7379902 0.6521393 0.8150259 0.5705190 0.6800057 0.7163445 0.8682284 1.2099584 1.0466886 0.7302772 0.8417671 0.9534580 0.7740873 0.7200523 0.7863111 0.7278823 0.8243033 1.1174381 0.9091005 0.8455432 0.7802205 0.8080673 0.7923107 0.7818515 0.8081057 0.8265688 0.8338604 0.8435473 0.9767282 1.0717946 1.0624161 1.2956812 1.1109469 1.0358006 1.0107123 1.1077972 1.1321954 1.0587343 0.9373017 1.0552226 0.9378373 0.9255781 0.9847535 0.9808396 1.1024640 1.0710859 1.0230046 1.1016812 1.1096288 0.9522189 0.9307855 1.1560245 1.2921387 1.3768666 1.3008206 0.8350663 0.5982125 1.1807766 0.8719855 1.3333606 0.9303503 
Gasp_gasp1.m3.30844.m1                                0.6704365 0.7862692 0.6724144 0.3738149 0.4406962 0.1999940 0.1622269 0.0000000 0.1108993 0.1148786 0.2521254 0.2827205 0.6435810 0.8184343 0.8027402 0.6864525 0.6209497 0.7394281 0.5906817 0.7104724 0.7136890 0.8076971 1.1127211 0.9392178 0.6702073 0.7869093 0.8809703 0.7170546 0.6758605 0.7719386 0.7282190 0.7885717 1.0749945 0.8153225 0.8091281 0.7623676 0.8246288 0.8268955 0.7470280 0.7655714 0.7831170 0.8026923 0.7896003 1.0520193 1.0470059 1.0514601 1.2414407 1.1067443 1.0239616 0.9700413 1.0488049 1.1255302 1.0690350 0.9170414 1.0370118 0.8770957 0.8718128 0.8799500 0.8943332 1.0191561 0.9920182 1.0029659 1.0060573 1.0097931 0.9837473 0.8757008 1.1818650 1.2653782 1.3877159 1.2319506 0.7587931 0.5683285 1.1406110 0.8767557 1.2186751 0.7882295 
Spis_XP_022778500_1                                   0.6649678 0.7851890 0.6448030 0.3529535 0.4241181 0.2408626 0.1858454 0.1108993 0.0000000 0.0403378 0.2709435 0.3165965 0.6568285 0.7832575 0.8828846 0.7200548 0.6598233 0.7769186 0.5431851 0.7283898 0.7471076 0.7915486 1.0661784 0.9188305 0.6715367 0.7534260 0.7820710 0.6981067 0.6582156 0.7638943 0.7114901 0.7596557 1.0368656 0.7786183 0.7952732 0.7991175 0.8053052 0.8108491 0.7698204 0.8021445 0.8071076 0.7845239 0.7846179 1.0598577 1.0514140 1.0333013 1.2072076 1.0408042 1.0423011 0.9951614 1.0456620 1.1011141 1.0053118 0.9206737 1.0318375 0.8586703 0.8444918 0.8614981 0.9180913 1.0116467 0.9938489 0.9620403 1.0224316 1.0437889 0.9484021 0.8842243 1.1231735 1.2740129 1.3713338 1.2645300 0.7873488 0.5910833 1.1659270 0.9067417 1.1805195 0.7563834 
Pocdam_XM_027181119.1                                 0.6639275 0.7978609 0.6229256 0.3820180 0.4238903 0.2215743 0.1752079 0.1148786 0.0403378 0.0000000 0.2677298 0.2961212 0.6527444 0.7481097 0.8764835 0.7172160 0.6319103 0.7741514 0.5520065 0.7442992 0.7297649 0.7772102 1.0455760 0.9296101 0.6788082 0.7532863 0.8453088 0.6990529 0.6495735 0.7393413 0.7119527 0.7434863 0.9962284 0.7575382 0.7978238 0.7796708 0.8335683 0.8388029 0.8124738 0.8383796 0.8433109 0.7977138 0.8182651 1.0414403 1.0476524 1.0315177 1.2288097 1.0696156 1.0492006 0.9872588 1.0792738 1.0943590 0.9931599 0.9325229 1.0722205 0.8513749 0.8342775 0.8669450 0.9084745 1.0170567 1.0263904 0.9719750 1.0481711 1.0676742 0.9476715 0.8398302 1.0949311 1.2925441 1.4215991 1.3028157 0.8025415 0.5906646 1.1623197 0.9277588 1.1683165 0.7247293 
Fspp_ffun1.m4.6051.m1                                 0.8814314 0.8630364 0.8512150 0.4746098 0.6177838 0.3470638 0.3061261 0.2521254 0.2709435 0.2677298 0.0000000 0.4205106 0.8724357 2.8003378 0.8422944 0.9564236 2.7038189 0.7170119 0.7267993 0.7468475 0.7685084 1.0871344 3.8132664 3.4315133 0.9217622 1.0538725 3.5829201 0.7919892 0.7924293 0.8811553 0.8794298 0.9515966 3.4903422 1.1122839 0.8939565 0.8046306 0.7738572 0.7360245 0.7026218 0.7003761 0.7288858 0.7451382 0.7503995 0.9821893 1.0604840 1.1767925 1.4394419 0.8749418 1.0134135 0.9050993 1.0503040 1.0745668 0.9740848 0.9852882 1.2004310 1.0471376 0.9814731 1.0368362 1.1671073 1.2507560 1.0684422 1.2175459 1.3600702 1.3978546 0.8789409 0.9008232 0.9956493 1.2433734 1.4586615 1.3996682 0.9699775 0.5556998 0.9245610 0.9274917 3.8069732 3.0461366 
Amil_Amillepora13217-RA                               0.7470782 0.8358177 0.8193987 0.5271187 0.5720428 0.0997943 0.2194616 0.2827205 0.3165965 0.2961212 0.4205106 0.0000000 0.7658589 1.0393532 0.9404548 0.8739345 0.7768705 0.8291887 0.6306640 0.8406817 0.8410799 1.1278257 1.1739644 1.3894730 0.8112976 0.8841869 1.0591388 0.8478437 0.8044424 0.8410161 0.8072471 0.9029810 1.2852300 0.9499945 0.9822272 1.0000059 0.8260953 0.8404090 0.8319845 0.8331432 0.8359258 0.8421113 0.9183733 1.2399830 1.2217157 1.1748194 1.4250283 1.4921107 1.1949062 1.0846196 1.3331484 1.3940829 1.2514396 1.0688307 1.2561843 1.1428178 1.1003304 1.1048789 1.2411709 1.3104395 1.2778852 1.3590651 1.3522116 1.3657464 1.0601692 0.9824188 1.3401399 1.5228971 1.5294311 1.3808455 0.8808310 0.7625439 1.0612899 1.0253662 1.2590601 0.9509127 
Aque_Aqu2.1.18089_001                                 0.9296031 0.7586876 0.7829462 0.6804314 0.6718433 0.6744093 0.7266352 0.6435810 0.6568285 0.6527444 0.8724357 0.7658589 0.0000000 0.3963950 0.7674197 0.6942924 0.5076867 0.6608105 0.7684749 0.9268033 0.9546241 0.9630283 1.1961064 1.1845571 0.7595887 0.9167595 1.1249567 1.0671788 0.8775196 0.9909300 0.8951558 0.9110771 0.9340753 0.9014744 1.1835827 0.8824410 0.9744074 0.9754852 0.9050875 0.8854434 0.8945385 0.8968308 0.8834583 1.0969657 1.0605953 1.0563790 1.2557181 0.9438778 1.0433432 0.9941912 0.9235995 1.2471582 1.3420679 0.9931909 1.1613025 1.0716804 1.0145589 1.0672957 1.0643824 1.1261343 1.1277746 1.1616690 1.1415079 1.1409477 1.0941150 1.0016881 1.3437667 1.5608157 1.4814071 1.3378040 0.9486958 0.6947028 1.4529355 0.9495848 1.3662964 0.9548448 
Halamb_c52918_g1_i4mm.4867                            0.8376257 0.9821234 0.7470775 0.7161839 0.7678619 0.8538920 0.8971706 0.8184343 0.7832575 0.7481097 2.8003378 1.0393532 0.3963950 0.0000000 2.7494595 0.8005956 0.4932832 3.1983663 0.8526840 1.0611793 1.1213029 1.0959017 0.9450550 0.9394833 0.8479573 0.7709576 1.1471320 2.3672077 0.9849447 1.0107714 0.8049466 0.9613749 0.7872402 0.6994953 1.2198019 1.2271191 1.3244154 1.3289290 1.2971221 1.2798215 1.2798215 1.2841479 1.2663511 1.2112355 1.3093823 1.1980366 1.3509958 1.3961201 1.3063428 1.4377538 1.2840625 1.3442733 1.5518085 1.2913845 1.3026342 1.1404956 1.2852488 1.1456116 1.1846710 1.1841685 1.3412995 1.1922035 1.3322677 1.3098914 1.4947102 1.3431696 1.6198491 1.6040918 1.5658545 1.3980342 0.8043338 1.3538552 3.4512258 5.8224334 1.1573386 0.8840204 
Emue_Em0003g1367a.t1                                  1.0912689 0.8691337 1.2499983 0.8826513 0.8670009 0.8381012 0.8631764 0.8027402 0.8828846 0.8764835 0.8422944 0.9404548 0.7674197 2.7494595 0.0000000 0.1257322 2.8903677 0.8279846 1.0725883 0.9268464 0.9306049 0.4731293 8.9999981 2.9231038 0.9741029 1.1754780 5.1387525 0.8782060 1.0019066 1.0803352 1.1939174 1.2319953 5.3641737 1.2878179 0.8360081 1.0208049 0.9912101 1.0052084 0.9150609 0.9474813 1.0251136 1.0043624 0.5040054 1.2067505 1.0589797 1.0170788 1.0779378 0.5190024 0.8678308 0.9949099 0.9979262 1.3651526 1.2992895 1.0977886 1.2441746 1.1103148 1.0633504 1.2218776 1.2047239 1.2228072 1.0464471 1.1819573 1.0998106 1.1043730 1.0919405 1.1272238 1.2606278 1.2290406 1.4679367 1.2842939 1.1560012 0.7162450 1.0964018 0.8389781 4.7647916 4.5617902 
Spolac_c100492_g1_i2_m.22601c100492-g1                0.8744374 0.9011485 0.9893442 0.7163824 0.7188127 0.7253926 0.7379902 0.6864525 0.7200548 0.7172160 0.9564236 0.8739345 0.6942924 0.8005956 0.1257322 0.0000000 0.3518502 0.8578986 0.8675433 0.8395665 0.8233737 0.6706818 0.8996654 0.7415889 0.7705156 0.8927425 1.1437348 0.8366784 0.9103504 0.9103258 0.9193502 0.9602562 1.0010338 1.0170355 0.9460284 1.0280933 1.0727347 1.0800531 1.0505222 1.0636333 1.1071564 1.1191171 0.8661254 1.3130206 1.1474665 1.0658735 1.2769408 1.0189311 1.0852594 1.1901382 1.0875052 1.3638532 1.3894873 1.0845477 1.2126853 1.0858560 1.1634719 1.1639217 1.1426011 1.2055588 1.1431749 1.1350928 1.1008286 1.1018259 1.2914715 1.1649628 1.4577323 1.4409993 1.4802454 1.3983431 0.9671467 0.7587556 1.2646369 0.8177357 1.2249262 1.0039263 
Stycar_maker-SC_scaffold4057-augustus-gene-0.5-mRNA-1 0.5921154 0.8725397 0.6070976 0.4504535 0.5042699 0.6080342 0.6521393 0.6209497 0.6598233 0.6319103 2.7038189 0.7768705 0.5076867 0.4932832 2.8903677 0.3518502 0.0000000 1.5830796 0.5874379 0.8023353 0.8406261 0.8848346 0.8341900 0.7793510 0.6996030 0.6224195 1.1900148 0.0000010 0.8362972 0.7603100 0.5886918 0.7427135 0.5762385 0.7449943 0.9983292 0.9501555 1.2247662 1.1977368 1.2140235 1.2442615 1.2442615 1.2238111 1.1746701 1.0871405 1.1940406 1.0672823 1.3099701 1.3501749 1.5096541 1.3962000 1.2807454 1.2895054 1.4613414 1.0166612 1.0659051 0.9253714 1.1427189 1.0020307 1.0280659 1.0907937 1.3326505 1.0205322 1.0235271 1.0059517 1.4342874 1.0930285 1.5992817 1.6662439 1.5168451 1.3724288 0.6215662 0.4993437 4.3280729 9.0000000 0.7284005 0.6797848 
Xestes_maker-XT_scaffold19530-snap-gene-0.4-mRNA-1    0.9413872 0.5582422 0.9838657 0.8380638 0.7307750 0.7562791 0.8150259 0.7394281 0.7769186 0.7741514 0.7170119 0.8291887 0.6608105 3.1983663 0.8279846 0.8578986 1.5830796 0.0000000 0.9640442 0.7472731 0.7285850 0.7033419 7.2952529 8.8776940 0.8775665 1.1017011 1.5830796 0.8743559 0.7881869 1.0532481 1.0823149 0.9535393 6.3671431 1.2044710 1.0210180 0.7645281 0.8250652 0.8222634 0.8350547 0.8239029 0.8369281 0.7966923 0.5341792 0.8286868 0.7870204 0.8304408 0.9599624 0.3846678 0.6215710 0.6480989 0.6855991 1.1650393 1.0938219 0.9253229 0.9978705 1.1190939 0.6698849 0.9794560 1.0001154 1.0519718 0.9428396 1.0813517 1.1538727 1.1886607 0.8691051 0.7941840 1.0881385 1.4125226 1.6191563 1.4482623 1.0804637 0.6281857 1.1588111 0.8512244 4.5713075 3.7778659 
Dgig_XM_028561387.1                                   0.7847627 0.7440822 0.7669020 0.5854316 0.6331401 0.5340389 0.5705190 0.5906817 0.5431851 0.5520065 0.7267993 0.6306640 0.7684749 0.8526840 1.0725883 0.8675433 0.5874379 0.9640442 0.0000000 0.7274586 0.7593034 0.8582470 1.0522346 1.0150134 0.7538655 0.8744418 1.0448707 0.8304210 0.7518156 0.8201860 0.8526615 0.8707612 1.0012645 0.8904485 0.9933205 0.8501697 0.8160041 0.8261640 0.8536503 0.8604167 0.8639292 0.8248242 0.8081457 1.0401817 0.9895892 1.1078236 1.1644144 0.9909947 1.0497325 0.9318506 1.0743537 1.1471914 1.0715507 0.9903954 1.1342792 0.9833481 0.9372321 1.0118800 1.0872498 1.1138055 1.1265924 1.1046169 1.1709884 1.1686876 0.9338940 0.9005389 1.1819246 1.3752173 1.2906314 1.2510684 0.7788779 0.7434148 1.1335061 1.1446877 1.3578885 0.4978639 
Scil_scict012816.3                                    0.7367916 0.8032258 0.7203465 0.5956166 0.7154432 0.7047100 0.6800057 0.7104724 0.7283898 0.7442992 0.7468475 0.8406817 0.9268033 1.0611793 0.9268464 0.8395665 0.8023353 0.7472731 0.7274586 0.0000000 0.2626464 0.2000990 0.2763771 0.3321611 0.8097262 0.7467300 1.1868885 0.6946516 0.6757334 0.8393450 0.7515186 0.8787534 1.0491313 0.8506402 0.9990201 0.9184634 0.9259482 0.8987348 0.9010862 0.8488179 0.8521900 0.8528074 0.9121972 1.1349146 1.0560834 1.2395402 1.3843157 1.0672631 1.0738795 1.1044411 1.0478512 1.1355706 1.1425776 0.8212634 0.9674067 0.8723147 0.8789688 0.8345424 0.9713901 1.0242986 0.9748406 0.9935336 1.0723568 1.0696530 1.0707715 1.1321983 1.3874501 1.3849196 1.4896700 1.4785831 0.7811218 0.6563437 1.0250103 0.9684937 1.4189376 1.1281224 
Lcom_lcpid76716                                       0.7723478 0.8857031 0.7099478 0.6614970 0.6974320 0.7118430 0.7163445 0.7136890 0.7471076 0.7297649 0.7685084 0.8410799 0.9546241 1.1213029 0.9306049 0.8233737 0.8406261 0.7285850 0.7593034 0.2626464 0.0000000 0.2777398 0.2676971 0.3739063 0.7920334 0.7866730 1.2889540 0.6405247 0.6755558 0.7613703 0.8475465 0.8928797 1.0309399 0.9320808 0.9975397 0.8291639 0.9127776 0.8943716 0.8802787 0.8471776 0.8630999 0.8731155 0.9900344 1.0902327 1.1008127 1.1841410 1.4220024 1.1599093 1.0685278 1.0414893 1.1118162 1.1512360 1.2067186 0.8645101 0.9551956 0.8868559 1.0183024 0.9482249 1.0148079 0.9861492 0.9796717 1.0178742 1.0930554 1.1115029 1.1152553 1.0617343 1.2990632 1.3733454 1.4091770 1.4295501 0.7603879 0.7157080 1.0731823 1.0372820 1.4375737 1.2198297 
Gracom_Gcom_scaffold1854_01                           0.7373824 0.9862640 0.6929068 0.7306814 0.7271907 0.7644869 0.8682284 0.8076971 0.7915486 0.7772102 1.0871344 1.1278257 0.9630283 1.0959017 0.4731293 0.6706818 0.8848346 0.7033419 0.8582470 0.2000990 0.2777398 0.0000000 0.2052457 0.3974729 0.6689925 0.7812414 1.3598410 0.3851221 0.7826583 0.9282351 0.8146417 0.8895921 1.0540916 0.8125835 0.9959393 1.0080448 1.0614854 1.0511020 0.9437210 0.9087864 0.9087864 1.0045381 0.8819735 1.1989732 1.1558835 1.0595307 1.1937110 1.1051412 1.2036062 1.2491346 1.0802654 1.2348215 1.2258911 0.9160568 0.9505099 1.0580746 0.9805575 1.0543443 1.0064096 1.0741678 1.0936705 0.8487890 0.9810333 0.9845512 1.4741077 1.0935928 1.5062996 1.3300894 1.4717370 1.3660501 0.8789298 0.6239111 1.1149019 0.7308833 1.2703525 1.1402707 
Leuniv_Lniv_scaffold7889_01                           0.9486539 1.3779070 0.8913183 0.9839959 0.9999178 1.0916810 1.2099584 1.1127211 1.0661784 1.0455760 3.8132664 1.1739644 1.1961064 0.9450550 8.9999981 0.8996654 0.8341900 7.2952529 1.0522346 0.2763771 0.2676971 0.2052457 0.0000000 0.2908764 0.9495876 0.9413583 1.2274647 3.9871039 1.0083614 1.1681757 0.9988335 1.0789447 0.7057229 0.8968888 1.2899003 1.2025854 1.5216463 1.4800725 1.3674158 1.2991208 1.2884613 1.4315811 1.3192297 1.5873938 1.6529603 1.6667501 1.8736353 1.7266161 1.7406074 1.9146146 1.6047815 1.5794585 1.6148935 1.2302701 1.2762951 1.2855355 1.4777557 1.3003144 1.3121662 1.3109130 1.4873011 1.2123941 1.2266438 1.2135822 1.9400846 1.5485467 2.0081335 1.9601737 1.8957197 1.8980360 1.0999450 1.9293926 5.7195607 8.9999982 1.1091224 0.9290930 
Clacor_Ccor_scaffold957_01                            0.7422556 1.1447137 0.7534435 0.8220682 0.8183230 0.9074978 1.0466886 0.9392178 0.9188305 0.9296101 3.4315133 1.3894730 1.1845571 0.9394833 2.9231038 0.7415889 0.7793510 8.8776940 1.0150134 0.3321611 0.3739063 0.3974729 0.2908764 0.0000000 0.7384603 0.7534649 1.0902363 2.5880103 0.8420956 1.0296232 0.8866919 0.9884171 0.7239299 0.9243878 1.2174818 1.3445503 1.3354892 1.3441474 1.2720048 1.2048605 1.2048605 1.3927390 1.1727320 1.4604557 1.4098377 1.2797485 1.4956878 1.4654132 1.6797106 1.6064864 1.4225591 1.3821276 1.4350446 1.0020044 1.0479555 1.2029388 1.1514591 1.1916031 1.0629073 1.1439067 1.3464156 0.9438353 0.9843751 0.9834580 1.8120797 1.2138509 1.8483804 2.1661731 1.9628763 1.9785519 0.9554317 1.9019549 6.0886370 9.0000000 0.8889914 0.9916820 
Spur_XM_776110.5                                      0.5763906 0.9191095 0.6243555 0.6301046 0.7088453 0.7041084 0.7302772 0.6702073 0.6715367 0.6788082 0.9217622 0.8112976 0.7595887 0.8479573 0.9741029 0.7705156 0.6996030 0.8775665 0.7538655 0.8097262 0.7920334 0.6689925 0.9495876 0.7384603 0.0000000 0.5776186 0.9817202 0.5672467 0.7531360 0.8211499 0.6365963 0.6838609 1.0015170 0.7880519 0.9569558 0.8643260 0.9061943 0.8938378 0.8571272 0.8536515 0.8537248 0.8733421 0.7926292 1.0465494 1.1364759 1.3711897 1.4729919 1.0631614 1.3016502 1.2057254 1.0281332 1.2084125 1.2340148 1.0270782 1.1317291 0.9726596 1.0582604 0.9648526 0.9969227 0.9999177 1.1026627 0.9811274 1.1470172 1.1541977 1.1109068 1.1229487 1.4893556 1.5181585 1.5405934 1.4574593 0.7086729 0.8706545 0.8534528 0.8956288 1.3712201 0.9511862 
Cscu_XM_023380965.1                                   0.6754159 0.7763956 0.5999209 0.6891196 0.7761752 0.7165713 0.8417671 0.7869093 0.7534260 0.7532863 1.0538725 0.8841869 0.9167595 0.7709576 1.1754780 0.8927425 0.6224195 1.1017011 0.8744418 0.7467300 0.7866730 0.7812414 0.9413583 0.7534649 0.5776186 0.0000000 0.7409615 0.7791834 0.7281699 0.8004889 0.5915008 0.6680025 0.6554884 0.6346690 1.0136399 0.8931117 0.8712002 0.8741091 0.8654745 0.8323902 0.8375771 0.8121821 0.7095915 0.9832202 1.0602483 1.1160533 1.2486976 1.0632629 1.1320601 1.0115023 1.0157005 1.2006819 1.2671156 1.0293470 1.1442385 0.9859160 0.9628635 0.9903008 1.0294224 1.0969575 1.2378554 1.0654824 1.1636748 1.1851096 1.1781358 1.0102869 1.4062214 1.4755628 1.5216664 1.5106427 0.8172508 0.8538602 1.1804090 1.0066758 1.2793443 0.9765610 
Aaur_scaffold1363.g6.t1                               0.8665228 1.4697449 0.7454892 0.7498141 0.8286979 1.0604687 0.9534580 0.8809703 0.7820710 0.8453088 3.5829201 1.0591388 1.1249567 1.1471320 5.1387525 1.1437348 1.1900148 1.5830796 1.0448707 1.1868885 1.2889540 1.3598410 1.2274647 1.0902363 0.9817202 0.7409615 0.0000000 0.0000010 0.2755889 0.4306846 0.8647925 0.8840699 1.0093521 0.8368955 0.9570236 0.9412426 1.4590629 1.4339434 1.5383264 1.4857100 1.4857100 1.5324263 1.4890666 1.6689479 1.8993207 1.2910699 1.3546077 1.6892742 2.1148743 1.5836861 1.5159392 1.7130355 1.5662676 1.3452890 1.3890600 1.3656101 1.5064174 1.2796783 1.1010044 1.2800262 1.7137715 1.3098516 1.1881061 1.1881061 2.0043007 1.4958072 1.8431255 2.0341534 2.1855821 2.2522248 0.9995682 4.5381143 4.7043874 0.0000010 1.2452652 1.0332402 
Nemnom_g13358.t1                                      0.7821601 0.6176510 0.7170211 0.7409550 0.7141804 0.6883989 0.7740873 0.7170546 0.6981067 0.6990529 0.7919892 0.8478437 1.0671788 2.3672077 0.8782060 0.8366784 0.0000010 0.8743559 0.8304210 0.6946516 0.6405247 0.3851221 3.9871039 2.5880103 0.5672467 0.7791834 0.0000010 0.0000000 0.1474727 0.5480453 0.8217169 0.7770956 4.3793301 0.8634895 0.8982194 0.6448789 0.7478626 0.7143212 0.6940815 0.6692299 0.7266999 0.7333591 0.2752712 0.7596921 0.7274742 0.7511886 1.0295999 0.4864283 0.6863746 0.6356406 0.6918790 1.1041345 1.1414326 1.0153255 1.1950829 1.1418169 0.7672982 0.9908388 1.1236783 1.1290233 0.9418317 1.0908323 1.3375649 1.3322558 1.0113178 0.8551910 0.9852901 1.0272451 1.2611686 1.3196960 1.1358253 0.7480017 1.0081014 0.9605283 3.7587078 3.1826776 
Rhoesc_Res_017070-T1                                  0.7259017 0.8379847 0.6889227 0.6069534 0.6503332 0.7403672 0.7200523 0.6758605 0.6582156 0.6495735 0.7924293 0.8044424 0.8775196 0.9849447 1.0019066 0.9103504 0.8362972 0.7881869 0.7518156 0.6757334 0.6755558 0.7826583 1.0083614 0.8420956 0.7531360 0.7281699 0.2755889 0.1474727 0.0000000 0.4008227 0.7653424 0.8106540 1.0136431 0.7794236 0.8012847 0.6683313 0.8425586 0.8183943 0.7818201 0.7881608 0.8099219 0.8026520 0.7822065 1.0667031 1.0642754 1.0651800 1.2369768 0.9530250 1.0879149 0.9468822 0.9299516 1.1259046 1.0884058 0.9854437 1.1170189 1.0006711 0.9060434 0.9213027 0.9986301 1.0758011 1.0549082 1.0660496 1.1288422 1.1496385 0.9994108 0.9265011 1.1480087 1.3949987 1.3913059 1.4584845 0.9023175 0.7607873 1.2552481 1.0500843 1.3729247 0.9829782 
Sanmal_Sma_024371-T1                                  0.7420775 0.7990713 0.7663187 0.6756038 0.6367238 0.7811013 0.7863111 0.7719386 0.7638943 0.7393413 0.8811553 0.8410161 0.9909300 1.0107714 1.0803352 0.9103258 0.7603100 1.0532481 0.8201860 0.8393450 0.7613703 0.9282351 1.1681757 1.0296232 0.8211499 0.8004889 0.4306846 0.5480453 0.4008227 0.0000000 0.8370695 0.9569287 1.1096021 0.9220014 0.8947778 0.8185238 0.9330028 0.9060078 0.8928171 0.9050509 0.9151022 0.9308246 0.7658691 0.9954950 1.0445727 1.0709530 1.3142517 1.0085495 1.2092953 0.9773728 1.0403438 1.1608566 1.0749980 1.0256769 1.1701957 1.0293730 0.9413861 1.0193049 1.0207356 1.1852501 1.1985066 1.0521059 1.1887421 1.1902884 1.0990878 0.9462962 1.1317848 1.4543970 1.4506428 1.4495968 0.8950197 0.8376266 1.3800434 1.2258595 1.4857952 0.9554183 
Tcas_TC002933_001                                     0.6707509 0.8127613 0.6454931 0.7196127 0.6515778 0.7132937 0.7278823 0.7282190 0.7114901 0.7119527 0.8794298 0.8072471 0.8951558 0.8049466 1.1939174 0.9193502 0.5886918 1.0823149 0.8526615 0.7515186 0.8475465 0.8146417 0.9988335 0.8866919 0.6365963 0.5915008 0.8647925 0.8217169 0.7653424 0.8370695 0.0000000 0.4634976 0.7202917 0.5806929 1.0357092 0.9809598 0.9412696 0.9280576 0.8767490 0.8522493 0.8620531 0.8422086 0.6758927 1.0667543 1.0636632 1.1064437 1.2362473 1.0716231 1.1589224 1.0352113 1.0737889 1.3114654 1.2157797 1.0747798 1.1438332 1.0899515 1.0227286 1.0764300 1.1953961 1.2171607 1.3603559 1.0492047 1.2297103 1.2369248 1.1776711 1.0158791 1.3507815 1.5611896 1.6543632 1.6189559 0.7694121 0.8163121 1.1377946 0.9606180 1.2959520 0.8775146 
Dpul_mRNA23087                                        0.7358070 0.8959902 0.7431939 0.6944538 0.7542077 0.8192890 0.8243033 0.7885717 0.7596557 0.7434863 0.9515966 0.9029810 0.9110771 0.9613749 1.2319953 0.9602562 0.7427135 0.9535393 0.8707612 0.8787534 0.8928797 0.8895921 1.0789447 0.9884171 0.6838609 0.6680025 0.8840699 0.7770956 0.8106540 0.9569287 0.4634976 0.0000000 0.8594242 0.7602906 1.1925405 0.9752761 0.9859808 0.9879620 0.9862119 0.9444680 0.9408646 0.9389911 0.8408926 1.1303466 1.1092797 1.2220052 1.3742949 1.2054638 1.2083017 1.0797176 1.0830172 1.3541920 1.2460470 1.0823951 1.1990295 1.1016260 1.0335331 1.1062832 1.1184408 1.1696454 1.3159066 1.1049382 1.1420745 1.1727288 1.1663738 1.0808180 1.4256005 1.6570194 1.7137026 1.5428269 0.8636662 0.9259100 1.3589206 1.1912754 1.4560854 1.0944919 
Ctel_gnl_WGS_AMQN_CAPTEDRAFT_mRNA111454               0.8593445 1.2863238 0.8067777 0.9432894 1.0029307 1.0290431 1.1174381 1.0749945 1.0368656 0.9962284 3.4903422 1.2852300 0.9340753 0.7872402 5.3641737 1.0010338 0.5762385 6.3671431 1.0012645 1.0491313 1.0309399 1.0540916 0.7057229 0.7239299 1.0015170 0.6554884 1.0093521 4.3793301 1.0136431 1.1096021 0.7202917 0.8594242 0.0000000 0.6243010 1.1628603 1.2303292 1.3236309 1.3102703 1.4150103 1.3603307 1.3603307 1.3339872 1.3662435 1.5535582 1.6786649 1.4889075 1.5663087 1.7894528 2.0136657 1.5842854 1.5561063 1.7476473 1.8629292 1.3624105 1.4017197 1.4796428 1.5202304 1.3488359 1.3641717 1.4661176 1.6936778 1.2975236 1.2543459 1.2157382 1.7796040 1.4260018 1.6930790 2.0182030 2.0748672 1.9814229 0.8886769 2.2567557 5.7720373 8.8429027 1.0696749 0.9108300 
Cgig_XM_034463692.1                                   0.7774749 0.8958067 0.6120842 0.8577405 0.8842808 0.8137717 0.9091005 0.8153225 0.7786183 0.7575382 1.1122839 0.9499945 0.9014744 0.6994953 1.2878179 1.0170355 0.7449943 1.2044710 0.8904485 0.8506402 0.9320808 0.8125835 0.8968888 0.9243878 0.7880519 0.6346690 0.8368955 0.8634895 0.7794236 0.9220014 0.5806929 0.7602906 0.6243010 0.0000000 0.9701022 1.0127291 1.0333184 1.0331888 1.0621762 0.9813244 0.9815295 1.0477911 0.8094311 1.0876797 1.0499131 1.1531936 1.1562114 1.0802057 1.3281248 1.2025390 1.0678069 1.2997981 1.2661665 1.1727824 1.3004335 1.2254668 1.0600557 1.1476261 1.1505798 1.2025996 1.2966301 1.1518846 1.2691889 1.2748551 1.2716145 1.0176059 1.3922023 1.5008804 1.5338594 1.5664460 0.7682763 0.9252894 0.8892328 1.1075572 1.4540724 0.9992525 
Hvul_g9577_1                                          0.8824425 1.0219069 0.9467740 0.8781071 0.7325095 0.8413535 0.8455432 0.8091281 0.7952732 0.7978238 0.8939565 0.9822272 1.1835827 1.2198019 0.8360081 0.9460284 0.9983292 1.0210180 0.9933205 0.9990201 0.9975397 0.9959393 1.2899003 1.2174818 0.9569558 1.0136399 0.9570236 0.8982194 0.8012847 0.8947778 1.0357092 1.1925405 1.1628603 0.9701022 0.0000000 0.7109097 1.0082219 1.0175367 0.9878356 0.9968408 1.0070099 1.0446633 0.8641781 1.3075615 1.1166784 1.2984273 1.3761779 1.1559835 1.2528196 1.1994142 1.1843351 1.3934396 1.3372502 1.1948697 1.3110995 1.1422282 1.1325811 1.1978082 1.1390471 1.3091306 1.3390122 1.1671901 1.3700887 1.3716870 1.3089382 1.0786149 1.3600556 1.6074058 1.7206737 1.5681492 1.0802001 0.8919502 1.4691473 1.1138710 1.6967271 1.0524876 
Chem_TCONS_00049511                                   0.8967949 0.8112553 0.7900675 0.7974043 0.7089106 0.8112016 0.7802205 0.7623676 0.7991175 0.7796708 0.8046306 1.0000059 0.8824410 1.2271191 1.0208049 1.0280933 0.9501555 0.7645281 0.8501697 0.9184634 0.8291639 1.0080448 1.2025854 1.3445503 0.8643260 0.8931117 0.9412426 0.6448789 0.6683313 0.8185238 0.9809598 0.9752761 1.2303292 1.0127291 0.7109097 0.0000000 0.9695467 0.9548753 0.9369765 0.9557698 0.9664962 0.9803548 0.9983426 1.0812918 1.0896782 1.1631730 1.2186741 0.9562666 1.0091742 1.0600073 1.0218390 1.2368719 1.2336206 1.0722980 1.2436424 1.1583794 1.1845019 1.2032740 1.1107749 1.2114699 1.2419387 1.0152711 1.1337373 1.1397435 1.0875747 0.9940570 1.1844882 1.3675377 1.4432530 1.3463296 0.8830369 0.7224988 1.1172009 0.9152296 1.6450416 1.1711326 
Tadh_TriadT51837                                      0.8492719 0.9423327 0.9694541 0.7382253 0.8557363 0.7963483 0.8080673 0.8246288 0.8053052 0.8335683 0.7738572 0.8260953 0.9744074 1.3244154 0.9912101 1.0727347 1.2247662 0.8250652 0.8160041 0.9259482 0.9127776 1.0614854 1.5216463 1.3354892 0.9061943 0.8712002 1.4590629 0.7478626 0.8425586 0.9330028 0.9412696 0.9859808 1.3236309 1.0333184 1.0082219 0.9695467 0.0000000 0.0066403 0.2611175 0.2503955 0.2503936 0.2227685 0.2399431 1.0537112 1.0277537 1.3244819 1.3394884 1.1773522 1.1588346 1.0597199 1.0605449 1.2421643 1.1905644 1.1558066 1.2747667 1.1442750 1.1607450 1.1260529 1.2744519 1.3108618 1.2963958 1.4060188 1.2620208 1.2797396 0.9263630 0.9345295 1.2770270 1.1887372 1.4086558 1.3009478 0.8660492 0.7917417 1.2282729 0.9926330 1.8194713 1.3109737 
TrH2_TrispH2_003158-RA                                0.8350780 0.9598677 0.9582256 0.7362853 0.8691634 0.8034725 0.7923107 0.8268955 0.8108491 0.8388029 0.7360245 0.8404090 0.9754852 1.3289290 1.0052084 1.0800531 1.1977368 0.8222634 0.8261640 0.8987348 0.8943716 1.0511020 1.4800725 1.3441474 0.8938378 0.8741091 1.4339434 0.7143212 0.8183943 0.9060078 0.9280576 0.9879620 1.3102703 1.0331888 1.0175367 0.9548753 0.0066403 0.0000000 0.2588920 0.2482697 0.2482682 0.2209974 0.2349738 1.0193855 1.0369304 1.3334673 1.3503703 1.1702908 1.1626555 1.0686180 1.0703979 1.2454070 1.1803261 1.1746108 1.2923392 1.1472452 1.1637798 1.1293458 1.2963057 1.3288184 1.3146035 1.4142420 1.2840776 1.3058943 0.9018450 0.9427691 1.2392725 1.1644353 1.3987728 1.3163416 0.8455688 0.7847673 1.2600923 1.0244857 1.8013711 1.3332627 
HoiH06_mRNA8340                                       0.8402337 0.9619862 0.9669229 0.6727185 0.7967511 0.7821721 0.7818515 0.7470280 0.7698204 0.8124738 0.7026218 0.8319845 0.9050875 1.2971221 0.9150609 1.0505222 1.2140235 0.8350547 0.8536503 0.9010862 0.8802787 0.9437210 1.3674158 1.2720048 0.8571272 0.8654745 1.5383264 0.6940815 0.7818201 0.8928171 0.8767490 0.9862119 1.4150103 1.0621762 0.9878356 0.9369765 0.2611175 0.2588920 0.0000000 0.0656357 0.0725560 0.1980203 0.0454270 1.0463375 0.9879998 1.2626165 1.2925622 1.1755069 1.1269499 1.0705285 1.0519467 1.2051787 1.1564027 1.0956960 1.2338930 1.0834826 1.0975523 1.0406694 1.1726980 1.2306127 1.2112851 1.2468604 1.2271983 1.2485184 0.9458747 0.8851344 1.2041453 1.1301105 1.3592391 1.1948062 0.8745257 0.6879840 1.2332115 0.9668230 1.6923858 1.2470232 
Hhon_g03710.t1                                        0.8159538 0.9672744 0.9182162 0.6692240 0.7975036 0.7770667 0.8081057 0.7655714 0.8021445 0.8383796 0.7003761 0.8331432 0.8854434 1.2798215 0.9474813 1.0636333 1.2442615 0.8239029 0.8604167 0.8488179 0.8471776 0.9087864 1.2991208 1.2048605 0.8536515 0.8323902 1.4857100 0.6692299 0.7881608 0.9050509 0.8522493 0.9444680 1.3603307 0.9813244 0.9968408 0.9557698 0.2503955 0.2482697 0.0656357 0.0000000 0.0098485 0.1659572 0.0614592 1.0281225 1.0049291 1.2165257 1.2569883 1.1851381 1.0564772 1.0272110 1.0376760 1.1715504 1.1635426 1.0953376 1.1894750 1.0978753 1.1051096 1.0586008 1.1514717 1.1689105 1.2328748 1.2382326 1.1843638 1.2056658 0.9526410 0.8726944 1.1956931 1.2031829 1.3372205 1.1745007 0.7885662 0.6669139 1.2449986 0.9633747 1.7102776 1.2678721 
HoiH04_mRNA16811                                      0.8156203 0.9675072 0.9271844 0.6692560 0.8037632 0.7954758 0.8265688 0.7831170 0.8071076 0.8433109 0.7288858 0.8359258 0.8945385 1.2798215 1.0251136 1.1071564 1.2442615 0.8369281 0.8639292 0.8521900 0.8630999 0.9087864 1.2884613 1.2048605 0.8537248 0.8375771 1.4857100 0.7266999 0.8099219 0.9151022 0.8620531 0.9408646 1.3603307 0.9815295 1.0070099 0.9664962 0.2503936 0.2482682 0.0725560 0.0098485 0.0000000 0.1618568 0.0667030 1.0200319 1.0008925 1.2424853 1.2678819 1.1740138 1.0478394 1.0361425 1.0374434 1.1917909 1.1700939 1.1430945 1.2325827 1.1371360 1.1518537 1.1003585 1.1989520 1.2020621 1.2610404 1.2817881 1.2187376 1.2402899 0.9605987 0.8807597 1.1866308 1.1995450 1.3274868 1.1843666 0.8111824 0.6794812 1.2452584 0.9793530 1.7136353 1.2678721 
HoiH11_mRNA5819                                       0.8389540 0.9061744 0.8704520 0.6815309 0.7866760 0.8037036 0.8338604 0.8026923 0.7845239 0.7977138 0.7451382 0.8421113 0.8968308 1.2841479 1.0043624 1.1191171 1.2238111 0.7966923 0.8248242 0.8528074 0.8731155 1.0045381 1.4315811 1.3927390 0.8733421 0.8121821 1.5324263 0.7333591 0.8026520 0.9308246 0.8422086 0.9389911 1.3339872 1.0477911 1.0446633 0.9803548 0.2227685 0.2209974 0.1980203 0.1659572 0.1618568 0.0000000 0.1390204 1.0469439 1.0345307 1.1874797 1.2786161 1.2406913 1.1045846 0.9836448 1.0591433 1.2514973 1.2137201 1.0791834 1.1908388 1.0682299 1.0579048 1.0322577 1.1561101 1.2053736 1.2139995 1.3035548 1.1856350 1.2053242 0.9729492 0.9163254 1.1763796 1.2157011 1.3805918 1.2327660 0.7753133 0.6907164 1.2281180 0.9882216 1.8479851 1.2685737 
HoiH23_PlH23_002111-RA                                0.7316744 1.0099871 0.8558977 0.6755440 0.7647469 0.8058379 0.8435473 0.7896003 0.7846179 0.8182651 0.7503995 0.9183733 0.8834583 1.2663511 0.5040054 0.8661254 1.1746701 0.5341792 0.8081457 0.9121972 0.9900344 0.8819735 1.3192297 1.1727320 0.7926292 0.7095915 1.4890666 0.2752712 0.7822065 0.7658691 0.6758927 0.8408926 1.3662435 0.8094311 0.8641781 0.9983426 0.2399431 0.2349738 0.0454270 0.0614592 0.0667030 0.1390204 0.0000000 1.1029743 0.9956929 1.1263261 1.1402343 1.1975980 1.2733643 1.1299044 0.9928075 1.1725433 1.1902918 1.1144573 1.1244135 1.1393909 1.0935345 1.0586793 1.0947019 1.1023577 1.2266349 1.0804415 1.0360018 1.0371137 1.0999167 0.8438184 1.2919174 1.1069358 1.2368079 1.1423611 0.7010333 0.6530354 1.1473624 0.4884172 1.6584233 1.2333453 
Salkve_EP00050_Salpingoeca_kvevrii_P001051            0.9669169 0.8285587 0.9949233 1.0065496 1.1227884 1.0805962 0.9767282 1.0520193 1.0598577 1.0414403 0.9821893 1.2399830 1.0969657 1.2112355 1.2067505 1.3130206 1.0871405 0.8286868 1.0401817 1.1349146 1.0902327 1.1989732 1.5873938 1.4604557 1.0465494 0.9832202 1.6689479 0.7596921 1.0667031 0.9954950 1.0667543 1.1303466 1.5535582 1.0876797 1.3075615 1.0812918 1.0537112 1.0193855 1.0463375 1.0281225 1.0200319 1.0469439 1.1029743 0.0000000 0.9771310 1.1582009 1.2381384 1.1506885 1.2462262 1.1304461 1.0134563 1.1034877 1.2278527 1.2929505 1.3310858 1.2030068 1.2929390 1.2042049 1.2171294 1.3256481 1.3988791 1.3654730 1.3042514 1.3082711 0.9761175 0.9728565 1.0980114 1.1341099 1.2442019 1.2351581 0.9406815 1.0230173 1.1232306 1.0711600 1.8056820 1.3818280 
Mylflu_EP00047_Mylnosiga_fluctuans_P018952            0.9620789 0.6497030 1.0134033 1.0027821 1.0121819 1.1670212 1.0717946 1.0470059 1.0514140 1.0476524 1.0604840 1.2217157 1.0605953 1.3093823 1.0589797 1.1474665 1.1940406 0.7870204 0.9895892 1.0560834 1.1008127 1.1558835 1.6529603 1.4098377 1.1364759 1.0602483 1.8993207 0.7274742 1.0642754 1.0445727 1.0636632 1.1092797 1.6786649 1.0499131 1.1166784 1.0896782 1.0277537 1.0369304 0.9879998 1.0049291 1.0008925 1.0345307 0.9956929 0.9771310 0.0000000 1.0803968 1.1413005 1.2364069 1.1491421 0.9759955 0.8037068 0.9372028 1.1425592 1.3122215 1.3217636 1.1802744 1.3473256 1.2667271 1.2273107 1.3027525 1.3353759 1.3758551 1.1922041 1.1897591 1.0994988 0.8994336 1.2432418 1.1913536 1.1919246 1.2267085 0.8725333 0.6776264 1.2833802 1.0149107 1.9165961 1.4389622 
Acaspe_EP00035_Acanthoeca_spectabilis_P007680         1.0648508 0.9487286 1.1377025 1.0552656 0.9153714 1.0476182 1.0624161 1.0514601 1.0333013 1.0315177 1.1767925 1.1748194 1.0563790 1.1980366 1.0170788 1.0658735 1.0672823 0.8304408 1.1078236 1.2395402 1.1841410 1.0595307 1.6667501 1.2797485 1.3711897 1.1160533 1.2910699 0.7511886 1.0651800 1.0709530 1.1064437 1.2220052 1.4889075 1.1531936 1.2984273 1.1631730 1.3244819 1.3334673 1.2626165 1.2165257 1.2424853 1.1874797 1.1263261 1.1582009 1.0803968 0.0000000 0.3525539 0.8082193 0.9562447 0.7337149 1.0341819 1.1850030 1.3356965 1.1826190 1.3047001 1.1617548 1.3357687 1.2380793 1.2324990 1.2503108 1.1580264 1.3682654 1.1246651 1.1108681 1.1181155 1.0199981 1.3265508 1.1814448 1.0831976 1.0758931 0.9210963 0.8994963 1.3360095 1.1511068 1.6464179 1.3500723 
Helnan_EP00037_Helgoeca_nana_P021968                  1.3819496 1.0467731 1.2069171 1.3490717 1.1248900 1.3338627 1.2956812 1.2414407 1.2072076 1.2288097 1.4394419 1.4250283 1.2557181 1.3509958 1.0779378 1.2769408 1.3099701 0.9599624 1.1644144 1.3843157 1.4220024 1.1937110 1.8736353 1.4956878 1.4729919 1.2486976 1.3546077 1.0295999 1.2369768 1.3142517 1.2362473 1.3742949 1.5663087 1.1562114 1.3761779 1.2186741 1.3394884 1.3503703 1.2925622 1.2569883 1.2678819 1.2786161 1.1402343 1.2381384 1.1413005 0.3525539 0.0000000 0.7945072 1.0620272 0.8424413 1.1373650 1.3334770 1.4214354 1.4129735 1.4903115 1.2716940 1.4590772 1.3809122 1.3947084 1.3611952 1.4114164 1.4749448 1.2561297 1.2385366 1.2366707 1.3828603 1.3886931 1.2485018 1.1946698 1.2188489 1.1081906 1.1705039 1.5694466 1.3767188 1.7269649 1.4887514 
Diagra_EP00040_Diaphanoeca_grandis_P018260            1.0938578 0.9822572 1.0888742 1.0026467 1.0680760 1.0562111 1.1109469 1.1067443 1.0408042 1.0696156 0.8749418 1.4921107 0.9438778 1.3961201 0.5190024 1.0189311 1.3501749 0.3846678 0.9909947 1.0672631 1.1599093 1.1051412 1.7266161 1.4654132 1.0631614 1.0632629 1.6892742 0.4864283 0.9530250 1.0085495 1.0716231 1.2054638 1.7894528 1.0802057 1.1559835 0.9562666 1.1773522 1.1702908 1.1755069 1.1851381 1.1740138 1.2406913 1.1975980 1.1506885 1.2364069 0.8082193 0.7945072 0.0000000 0.8360070 0.9247688 0.9006269 1.1546277 1.1175706 1.1781481 1.2338593 1.1637240 1.2560224 1.1617975 1.1569270 1.1139237 1.1379729 1.1568910 1.1107495 1.1090152 1.0893206 1.0488908 1.3096695 1.2421146 1.2983845 1.3018338 0.8899543 0.4988708 1.0805780 0.6481569 1.8839379 1.6489041 
Didcos_EP00039_Didymoeca_costata_P000175              1.0664179 0.9819522 1.1412989 0.9264299 1.0322165 1.0949796 1.0358006 1.0239616 1.0423011 1.0492006 1.0134135 1.1949062 1.0433432 1.3063428 0.8678308 1.0852594 1.5096541 0.6215710 1.0497325 1.0738795 1.0685278 1.2036062 1.7406074 1.6797106 1.3016502 1.1320601 2.1148743 0.6863746 1.0879149 1.2092953 1.1589224 1.2083017 2.0136657 1.3281248 1.2528196 1.0091742 1.1588346 1.1626555 1.1269499 1.0564772 1.0478394 1.1045846 1.2733643 1.2462262 1.1491421 0.9562447 1.0620272 0.8360070 0.0000000 0.8872757 1.0421273 1.0869318 1.0522140 1.3140184 1.3420492 1.1395521 1.3171355 1.1996546 1.2047748 1.1620595 1.1375972 1.1531359 1.1550191 1.1519518 0.9943765 1.0321190 1.2332592 1.4169620 1.2272343 1.1624844 0.8721488 0.5462153 1.0159028 0.8133100 1.9029821 1.5889352 
