34
Hsap_ENST00000427190                    0.0000000 0.9506310 0.8702021 1.0730920 1.1614997 1.0306872 1.2395473 1.1769353 1.1495003 0.9294241 0.9126730 1.2010592 1.4665439 1.1485207 1.1228679 1.1345201 1.2293445 1.3260274 1.3135374 1.1278557 1.0438226 1.0445903 1.0318082 1.0199905 0.9952797 1.1027092 1.0673927 1.5611535 1.0686300 1.0524984 1.2218980 1.4605538 1.6858312 1.6050180 
Bralan_BLAG02002068_1                   0.9506310 0.0000000 0.7792862 0.9045144 0.9508846 0.8477773 1.1432839 0.9470763 0.9597915 0.8136375 0.7948544 0.9785041 1.3703689 0.9834696 0.9783550 1.0740976 1.2222100 1.2555971 1.1861910 0.9287860 1.0603283 1.0584507 1.1034821 1.0641199 1.0256099 1.0992921 1.0610541 1.2776648 0.9379185 0.9206502 1.1893506 1.5290261 1.4271045 1.3091431 
Cgig_XM_011438042.3                     0.8702021 0.7792862 0.0000000 0.9854448 0.9705541 0.8765622 1.1085228 1.0203280 0.9929924 0.8541684 0.8115756 1.0168792 1.3243754 1.0015099 1.0331015 1.1028260 1.1579243 1.1854661 1.2313407 0.7352567 1.0776233 1.0784517 1.0970650 1.0877616 1.0965898 1.0967299 1.0919090 1.4109400 0.8209618 0.9776812 1.0208976 1.2165063 1.6619138 1.2900238 
Spur_XM_030978291.1                     1.0730920 0.9045144 0.9854448 0.0000000 1.0672322 0.9411855 1.1783329 1.0013747 1.0376094 0.8440574 0.7439903 1.0750974 1.2597966 0.9217145 1.0216616 1.0415024 1.2401074 1.2629970 1.1292110 1.0485080 1.1057292 1.1065807 1.0902219 1.0683558 1.0677226 1.1516900 1.1327154 1.2685803 0.9853876 1.1844029 1.2512917 1.2249797 1.4134861 1.1732545 
Exapal_XM_021047972.2                   1.1614997 0.9508846 0.9705541 1.0672322 0.0000000 0.2936073 0.4599742 0.4058549 0.3815776 0.3635514 0.3165737 0.4430407 0.6857222 0.8979327 0.8199856 0.9094484 1.0416192 1.0425358 1.1236659 1.1449007 1.2123833 1.2133448 1.2125752 1.2192366 1.1200318 1.2312109 1.2138390 1.3479661 1.2237650 1.1900733 1.1872275 1.4945543 1.2766254 1.5640980 
Nvec_v1g213886                          1.0306872 0.8477773 0.8765622 0.9411855 0.2936073 0.0000000 0.3917704 0.3895044 0.3752391 0.3647926 0.3412890 0.4106864 0.5859061 0.8818408 0.8854689 1.0150344 1.1399964 1.0537095 1.0997679 1.0112322 1.1352729 1.1361493 1.0993593 1.0876633 1.0389773 1.1453672 1.1294841 1.3626343 1.1866850 1.0053612 1.1062986 1.4201091 1.3967669 1.4213136 
Adig_XM_015893451.1                     1.2395473 1.1432839 1.1085228 1.1783329 0.4599742 0.3917704 0.0000000 0.1685662 0.2250896 0.1729815 0.1889775 0.1937750 0.0842420 0.8929838 0.9942171 1.2740251 1.3016989 1.2141857 1.3052297 1.4072275 1.3179539 1.3193508 1.2847548 1.2876234 1.1982119 1.3301974 1.3177342 1.5860234 1.4740563 1.2510170 1.1734203 1.7029708 1.8526441 2.1361555 
Gfas_gfas1.m1.1204.m1                   1.1769353 0.9470763 1.0203280 1.0013747 0.4058549 0.3895044 0.1685662 0.0000000 0.1722267 0.1659503 0.1470729 0.1665685 0.2843437 0.8327794 0.8093758 1.0107960 1.0534968 1.0339762 1.0981296 1.2504359 1.1747922 1.1758003 1.1211734 1.1243712 1.1107440 1.1608166 1.1375730 1.2944643 1.2101335 1.1075196 1.1126001 1.4403540 1.3570916 1.4641168 
Fspp_ffun1.m4.11614.m1                  1.1495003 0.9597915 0.9929924 1.0376094 0.3815776 0.3752391 0.2250896 0.1722267 0.0000000 0.1370593 0.0926936 0.1055786 0.4044094 0.8394629 0.7994396 1.0127725 1.1345198 1.0734354 1.0716302 1.1510459 1.1789173 1.1798489 1.1664344 1.1504433 1.1227924 1.2242664 1.2020899 1.3654052 1.2573378 1.1246880 1.1372626 1.6081327 1.3129812 1.4590976 
Spis_XP_022791238_1                     0.9294241 0.8136375 0.8541684 0.8440574 0.3635514 0.3647926 0.1729815 0.1659503 0.1370593 0.0000000 0.0630832 0.1549057 0.3508418 0.8287869 0.8209550 0.8936948 0.9913219 0.9719775 0.9800198 1.0547531 0.9991420 1.0000306 0.9515220 0.9457411 0.8701992 1.0540595 1.0066793 1.2097404 1.2526138 0.9651508 1.0248422 1.3366148 1.3211607 0.9478700 
Pocdam_XM_027202549.1                   0.9126730 0.7948544 0.8115756 0.7439903 0.3165737 0.3412890 0.1889775 0.1470729 0.0926936 0.0630832 0.0000000 0.1180495 0.2746326 0.7248373 0.7359325 0.7927216 0.9649035 0.9078198 0.9460803 1.0935176 0.9461538 0.9473056 0.9208356 0.9091740 0.8850747 0.9690632 0.9690632 1.1206610 1.1749250 0.9183450 1.0139050 1.1690685 1.2518398 0.7865663 
Gasp_gasp1.m3.21175.m1                  1.2010592 0.9785041 1.0168792 1.0750974 0.4430407 0.4106864 0.1937750 0.1665685 0.1055786 0.1549057 0.1180495 0.0000000 0.3646982 0.8748494 0.8945316 1.0784385 1.1844008 1.1221070 1.1612107 1.2128581 1.2218566 1.2229534 1.2496272 1.2286269 1.1848433 1.2649854 1.2557289 1.4523553 1.2589488 1.1883302 1.1570629 1.7041307 1.5410474 1.5237555 
Amil_Amillepora24301-RA                 1.4665439 1.3703689 1.3243754 1.2597966 0.6857222 0.5859061 0.0842420 0.2843437 0.4044094 0.3508418 0.2746326 0.3646982 0.0000000 1.0432023 1.1873961 1.3072903 1.4170449 1.2586049 1.2799011 1.6657680 1.3282588 1.3282588 1.3146012 1.2978269 1.2953547 1.3371430 1.3222094 1.5800105 1.5421013 1.5289136 1.4262068 1.6733785 1.7952043 1.5880283 
Dgig_XM_028549715.1                     1.1485207 0.9834696 1.0015099 0.9217145 0.8979327 0.8818408 0.8929838 0.8327794 0.8394629 0.8287869 0.7248373 0.8748494 1.0432023 0.0000000 0.3439727 1.1129366 1.2153452 1.2327247 1.1421583 1.0753477 1.2069388 1.2116490 1.2195861 1.2082989 1.1754171 1.2389570 1.2187816 1.4077957 1.2039218 1.1688469 1.2144403 1.3285161 1.6878686 1.5854738 
Xesp_014311-T1                          1.1228679 0.9783550 1.0331015 1.0216616 0.8199856 0.8854689 0.9942171 0.8093758 0.7994396 0.8209550 0.7359325 0.8945316 1.1873961 0.3439727 0.0000000 1.1608895 1.2391896 1.1932054 1.2016343 1.1269166 1.2174884 1.2151415 1.2157490 1.2115707 1.1383808 1.2362078 1.2308194 1.4201531 1.2019244 1.1276362 1.1822337 1.3522673 1.5153278 1.6946029 
Aaur_scaffold2740.g2.t1                 1.1345201 1.0740976 1.1028260 1.0415024 0.9094484 1.0150344 1.2740251 1.0107960 1.0127725 0.8936948 0.7927216 1.0784385 1.3072903 1.1129366 1.1608895 0.0000000 0.4777545 0.4521517 0.5036818 1.1560179 1.0599082 1.0640267 1.0838252 1.0834514 0.9798786 1.0989996 1.0793404 1.0882337 1.0988971 1.3161098 1.3453888 1.3494113 1.1858716 1.5296235 
Nemnom_g12431.t1                        1.2293445 1.2222100 1.1579243 1.2401074 1.0416192 1.1399964 1.3016989 1.0534968 1.1345198 0.9913219 0.9649035 1.1844008 1.4170449 1.2153452 1.2391896 0.4777545 0.0000000 0.2699160 0.6359186 1.3734037 1.2327308 1.2363961 1.2219414 1.2255567 1.0785702 1.2937692 1.2542698 1.0550593 1.2088316 1.4168929 1.3493294 1.5332065 1.1789689 1.5978087 
Rhoesc_Res_011436-T1                    1.3260274 1.2555971 1.1854661 1.2629970 1.0425358 1.0537095 1.2141857 1.0339762 1.0734354 0.9719775 0.9078198 1.1221070 1.2586049 1.2327247 1.1932054 0.4521517 0.2699160 0.0000000 0.5911390 1.3855825 1.1907594 1.1951184 1.1664647 1.1669397 1.0711680 1.2186432 1.1693198 1.1206124 1.2731122 1.4069649 1.3675366 1.4759452 1.2582418 1.6467608 
Sanmal_Sma_025398-T1                    1.3135374 1.1861910 1.2313407 1.1292110 1.1236659 1.0997679 1.3052297 1.0981296 1.0716302 0.9800198 0.9460803 1.1612107 1.2799011 1.1421583 1.2016343 0.5036818 0.6359186 0.5911390 0.0000000 1.3173963 1.1313127 1.1355999 1.1605934 1.1404729 1.0191008 1.2125820 1.2158770 1.1211461 1.2770511 1.4063036 1.4739132 1.4762828 1.1951045 1.5391048 
Acagra_model.g5516.t1                   1.1278557 0.9287860 0.7352567 1.0485080 1.1449007 1.0112322 1.4072275 1.2504359 1.1510459 1.0547531 1.0935176 1.2128581 1.6657680 1.0753477 1.1269166 1.1560179 1.3734037 1.3855825 1.3173963 0.0000000 1.2401148 1.2380253 1.2382703 1.2081453 1.2255847 1.2483701 1.2349407 1.4560309 0.8729163 1.1791508 1.1855687 1.4920558 1.5967072 1.4116901 
Tadh_TriadT20207                        1.0438226 1.0603283 1.0776233 1.1057292 1.2123833 1.1352729 1.3179539 1.1747922 1.1789173 0.9991420 0.9461538 1.2218566 1.3282588 1.2069388 1.2174884 1.0599082 1.2327308 1.1907594 1.1313127 1.2401148 0.0000000 0.0026264 0.0843253 0.0912481 0.0926687 0.1197042 0.1146560 1.2067279 1.2782113 1.2839142 1.2945151 1.3529707 1.5685662 1.7017113 
TrH2_TrispH2_006742-RA                  1.0445903 1.0584507 1.0784517 1.1065807 1.2133448 1.1361493 1.3193508 1.1758003 1.1798489 1.0000306 0.9473056 1.2229534 1.3282588 1.2116490 1.2151415 1.0640267 1.2363961 1.1951184 1.1355999 1.2380253 0.0026264 0.0000000 0.0813675 0.0883439 0.0926687 0.1193359 0.1142887 1.2043967 1.2760369 1.2814861 1.2923295 1.3533076 1.5685662 1.7017113 
HoiH06_mRNA9229                         1.0318082 1.1034821 1.0970650 1.0902219 1.2125752 1.0993593 1.2847548 1.1211734 1.1664344 0.9515220 0.9208356 1.2496272 1.3146012 1.2195861 1.2157490 1.0838252 1.2219414 1.1664647 1.1605934 1.2382703 0.0843253 0.0813675 0.0000000 0.0220849 0.0672204 0.0719570 0.0697544 1.2048618 1.2867102 1.2923720 1.3302390 1.3851837 1.5855111 1.6802253 
HoiH23_PlH23_009660-RA                  1.0199905 1.0641199 1.0877616 1.0683558 1.2192366 1.0876633 1.2876234 1.1243712 1.1504433 0.9457411 0.9091740 1.2286269 1.2978269 1.2082989 1.2115707 1.0834514 1.2255567 1.1669397 1.1404729 1.2081453 0.0912481 0.0883439 0.0220849 0.0000000 0.0742324 0.0715640 0.0701893 1.2205147 1.2714781 1.2533033 1.2889742 1.3919299 1.5953049 1.7011548 
HoiH11_mRNA5640                         0.9952797 1.0256099 1.0965898 1.0677226 1.1200318 1.0389773 1.1982119 1.1107440 1.1227924 0.8701992 0.8850747 1.1848433 1.2953547 1.1754171 1.1383808 0.9798786 1.0785702 1.0711680 1.0191008 1.2255847 0.0926687 0.0926687 0.0672204 0.0742324 0.0000000 0.1022763 0.1022763 1.1038634 1.2669533 1.2917797 1.2660220 1.2717352 1.5765368 1.6934860 
Hhon_g07348.t1                          1.1027092 1.0992921 1.0967299 1.1516900 1.2312109 1.1453672 1.3301974 1.1608166 1.2242664 1.0540595 0.9690632 1.2649854 1.3371430 1.2389570 1.2362078 1.0989996 1.2937692 1.2186432 1.2125820 1.2483701 0.1197042 0.1193359 0.0719570 0.0715640 0.1022763 0.0000000 0.0027333 1.2407379 1.3212638 1.2803777 1.3631310 1.3572030 1.6272170 1.7792319 
HoiH04_mRNA1998                         1.0673927 1.0610541 1.0919090 1.1327154 1.2138390 1.1294841 1.3177342 1.1375730 1.2020899 1.0066793 0.9690632 1.2557289 1.3222094 1.2187816 1.2308194 1.0793404 1.2542698 1.1693198 1.2158770 1.2349407 0.1146560 0.1142887 0.0697544 0.0701893 0.1022763 0.0027333 0.0000000 1.2394513 1.2924771 1.2964239 1.3348652 1.3676610 1.6272170 1.7334201 
Morvir_scaffold10.g112.t1               1.5611535 1.2776648 1.4109400 1.2685803 1.3479661 1.3626343 1.5860234 1.2944643 1.3654052 1.2097404 1.1206610 1.4523553 1.5800105 1.4077957 1.4201531 1.0882337 1.0550593 1.1206124 1.1211461 1.4560309 1.2067279 1.2043967 1.2048618 1.2205147 1.1038634 1.2407379 1.2394513 0.0000000 1.5400051 1.3505073 1.5227761 1.5603765 1.3741282 1.7784844 
Ctel_gnl_WGS_AMQN_CAPTEDRAFT_mRNA119584 1.0686300 0.9379185 0.8209618 0.9853876 1.2237650 1.1866850 1.4740563 1.2101335 1.2573378 1.2526138 1.1749250 1.2589488 1.5421013 1.2039218 1.2019244 1.0988971 1.2088316 1.2731122 1.2770511 0.8729163 1.2782113 1.2760369 1.2867102 1.2714781 1.2669533 1.3212638 1.2924771 1.5400051 0.0000000 1.2231549 1.1893867 1.3817319 1.6624120 1.4212970 
Cscu_XM_023371918.1                     1.0524984 0.9206502 0.9776812 1.1844029 1.1900733 1.0053612 1.2510170 1.1075196 1.1246880 0.9651508 0.9183450 1.1883302 1.5289136 1.1688469 1.1276362 1.3161098 1.4168929 1.4069649 1.4063036 1.1791508 1.2839142 1.2814861 1.2923720 1.2533033 1.2917797 1.2803777 1.2964239 1.3505073 1.2231549 0.0000000 1.0652690 1.3999299 1.7555948 1.4988388 
Dpul_mRNA15099                          1.2218980 1.1893506 1.0208976 1.2512917 1.1872275 1.1062986 1.1734203 1.1126001 1.1372626 1.0248422 1.0139050 1.1570629 1.4262068 1.2144403 1.1822337 1.3453888 1.3493294 1.3675366 1.4739132 1.1855687 1.2945151 1.2923295 1.3302390 1.2889742 1.2660220 1.3631310 1.3348652 1.5227761 1.1893867 1.0652690 0.0000000 1.2276765 1.6128211 1.8472884 
Tcas_TC003143_001                       1.4605538 1.5290261 1.2165063 1.2249797 1.4945543 1.4201091 1.7029708 1.4403540 1.6081327 1.3366148 1.1690685 1.7041307 1.6733785 1.3285161 1.3522673 1.3494113 1.5332065 1.4759452 1.4762828 1.4920558 1.3529707 1.3533076 1.3851837 1.3919299 1.2717352 1.3572030 1.3676610 1.5603765 1.3817319 1.3999299 1.2276765 0.0000000 1.8369062 1.7255357 
Hvul_g17393_1                           1.6858312 1.4271045 1.6619138 1.4134861 1.2766254 1.3967669 1.8526441 1.3570916 1.3129812 1.3211607 1.2518398 1.5410474 1.7952043 1.6878686 1.5153278 1.1858716 1.1789689 1.2582418 1.1951045 1.5967072 1.5685662 1.5685662 1.5855111 1.5953049 1.5765368 1.6272170 1.6272170 1.3741282 1.6624120 1.7555948 1.6128211 1.8369062 0.0000000 2.8360757 
Skow_XM_006817178.1                     1.6050180 1.3091431 1.2900238 1.1732545 1.5640980 1.4213136 2.1361555 1.4641168 1.4590976 0.9478700 0.7865663 1.5237555 1.5880283 1.5854738 1.6946029 1.5296235 1.5978087 1.6467608 1.5391048 1.4116901 1.7017113 1.7017113 1.6802253 1.7011548 1.6934860 1.7792319 1.7334201 1.7784844 1.4212970 1.4988388 1.8472884 1.7255357 2.8360757 0.0000000 
