70
Hsap_ENST00000298815                                  0.0000000 1.2141491 0.9399383 1.3657291 1.2191416 1.3845188 1.2238914 2.0357201 1.3601791 1.3413231 1.4008368 1.1949394 1.4535669 1.3335658 1.3582686 1.4891529 1.3667611 1.4447439 1.5137364 1.6367131 1.5874980 1.5455389 1.7411342 1.8152364 1.7069818 1.7280179 1.6184452 1.6838126 1.5116738 1.6040647 1.5962567 1.6141318 1.5778745 1.7235490 1.6076864 1.7880082 1.7661488 1.7999676 1.7822234 1.6897303 1.6647362 1.9412721 1.8957924 1.8926500 1.9729568 1.7520980 1.7401215 1.8459209 1.9777596 2.0471041 2.0245756 1.9555292 1.9706838 1.6533714 1.4836074 1.9151135 2.1444241 2.0616046 2.4594019 2.2139823 2.2783873 2.9777599 3.1555570 3.2649409 3.1239210 3.0614385 3.1628088 3.1550876 3.0453468 3.5402709 
Spur_XM_030980359.1                                   1.2141491 0.0000000 0.6354968 1.1260717 0.9635417 1.0091204 0.8683912 1.6033212 1.3209864 1.2489763 1.3308465 1.1914584 1.3556291 1.2732088 1.3076848 1.4827467 1.3742764 1.3835902 1.3906785 1.4619706 1.5166664 1.5660649 1.7076200 1.6553643 1.6048325 1.7020421 1.5970426 1.6713225 1.5182197 1.5411877 1.5551353 1.6218206 1.5778966 1.7824836 1.5344768 1.7851828 1.7073189 1.9342812 1.7539557 1.6798073 1.4954805 2.1994998 1.9819435 1.8914486 2.1829451 1.8448699 1.8576599 1.8820010 1.9287183 2.0967440 2.0410881 1.9721609 2.3086395 1.8509581 1.7469799 2.2136016 2.2780436 2.1297223 2.6070476 1.9964619 2.1676113 3.0034069 3.0141368 3.0375001 2.9696148 2.9054055 3.0775107 3.0003142 3.1943720 3.7032231 
Skow_XM_006814459.1                                   0.9399383 0.6354968 0.0000000 0.6797057 0.6951611 0.6651986 0.6680631 1.1230386 1.6217693 1.4139728 1.4750449 1.6735798 1.6938947 1.6236242 1.6285467 1.5914086 1.5703068 1.3399032 1.2145352 1.4413742 1.6492221 1.5180635 1.2199452 1.5102215 1.4483061 1.7751412 1.4053485 1.4345938 1.3323200 1.4191142 1.4049928 1.4049928 1.4115200 1.5289363 1.4552435 1.5476897 1.5913281 1.2231705 1.2370347 1.2127016 1.3535367 1.3285160 1.5897291 1.5897291 1.4917686 1.3314859 1.4151198 1.4901493 1.4600566 1.4297415 1.2473583 1.3423696 1.8523667 1.4424715 1.1460450 1.7355433 1.7961370 1.4933430 1.8110543 1.7319488 1.5683825 2.6306978 2.4639990 2.7553286 2.2876337 2.1746844 2.6657853 3.8238247 2.7006858 2.4377837 
Tcas_TC001907_001                                     1.3657291 1.1260717 0.6797057 0.0000000 0.9138840 1.1139890 1.1503741 1.3701784 1.5498072 1.4820679 1.6000993 1.6156441 1.6062541 1.4696984 1.4731455 1.6575212 1.4876634 1.5516155 1.4786492 1.6050947 1.7791799 1.7304941 2.0292990 1.7801573 1.7396368 1.9296184 1.6624606 1.8286134 1.6034780 1.6885374 1.7116625 1.6569125 1.6424971 2.0566183 1.8177752 2.0628669 1.9431713 1.7982808 1.9800958 1.9371790 1.8884625 1.7898013 1.7996426 1.8566576 1.9382627 1.7854572 1.8308268 2.0706583 2.0965837 2.3014088 2.2519592 1.8415934 2.6050517 2.0676980 1.8187547 2.4114204 2.3670784 2.2912427 2.5933331 2.2138387 2.4111830 2.7061108 3.3020109 3.0954334 3.0037754 3.1062800 3.3260231 3.2036134 3.1969200 3.6048860 
Dpul_mRNA19343                                        1.2191416 0.9635417 0.6951611 0.9138840 0.0000000 0.9530997 0.8089127 1.5510092 1.1590458 1.0771755 1.2059486 0.8846821 1.3100226 1.1755151 1.1663926 1.2951566 1.1842961 1.2140191 1.2502475 1.3732703 1.3998099 1.3179119 1.7611597 1.5156934 1.4837629 1.6063918 1.4282925 1.4754258 1.3381720 1.3623211 1.4117443 1.4919326 1.3846632 1.7051736 1.5282717 1.7036319 1.5826322 1.9229851 1.5756213 1.4861647 1.4650919 2.2132100 1.9547317 1.8057288 2.0455069 1.6979898 1.6915576 1.7483560 1.8487180 1.9105489 1.9178857 1.7833797 2.0068523 1.6631958 1.4924881 1.9970736 2.2591416 2.0108970 2.5698436 2.0178475 2.1890914 2.9213548 3.1461541 3.1089260 3.0132549 2.9841967 3.1436414 3.2937671 3.3649909 3.6074145 
Acagra_model.g13531.t1                                1.3845188 1.0091204 0.6651986 1.1139890 0.9530997 0.0000000 0.7521136 1.9437288 1.6222599 1.5122489 1.4944167 1.2233643 1.7338387 1.5524629 1.6690161 1.8010072 1.6446947 1.7638960 1.6865376 1.6548650 2.0077577 1.7133397 1.9886059 1.9551637 1.9159062 1.7994914 1.7958326 1.8245780 1.6424263 1.8378168 1.8816844 1.9161154 1.7299064 1.9296645 1.5410154 1.8896845 1.8172747 1.9423587 1.8997330 1.8122805 1.7118886 2.5742286 2.0618160 1.9878351 2.2291913 1.8364897 1.7673605 2.0486394 2.0626916 2.1548646 2.1107448 1.8118615 2.1120249 1.7531986 1.5934533 2.1564684 2.2508190 2.2004772 2.6677314 2.3982830 2.4135515 3.0825470 3.3450206 3.4375068 3.0537873 2.9472144 3.3725423 3.5997793 3.3777048 3.7900133 
Ctel_gnl_WGS_AMQN_CAPTEDRAFT_mRNA224027               1.2238914 0.8683912 0.6680631 1.1503741 0.8089127 0.7521136 0.0000000 1.8491892 1.2023131 1.1812779 1.1354615 0.9646171 1.2533589 1.1387828 1.1600154 1.2872852 1.1672155 1.2623389 1.2309471 1.3550783 1.5325757 1.4134508 1.5951317 1.5227170 1.4892484 1.4650606 1.7797026 1.7470474 1.6226908 1.6135257 1.6112983 1.7284044 1.6612729 1.5330507 1.5930257 1.5740997 1.4684307 1.6445904 1.5424394 1.4866262 1.4131091 2.0493822 1.9364284 1.7550662 1.9736444 1.7380995 1.7683388 1.7518399 1.7318944 2.0165121 1.9845495 1.9154693 2.1048024 1.8111133 1.6192474 1.9800879 2.1221383 2.1765648 2.7295578 2.2860908 2.4166954 3.1877576 3.3670543 3.5455276 2.7340726 3.0070831 3.1263025 3.2386828 3.1037846 3.6470931 
Cscu_XM_023376033.1                                   2.0357201 1.6033212 1.1230386 1.3701784 1.5510092 1.9437288 1.8491892 0.0000000 2.1548729 2.1653549 2.2097504 2.4308032 2.1008272 2.0836164 2.0769094 2.0517402 2.0732025 2.0848139 2.0210495 1.9401973 2.3433072 2.2884012 2.1960401 2.4248238 2.4423540 2.4993078 2.1503726 2.0563274 1.8747459 2.0330485 2.0049855 1.9320157 1.9364221 2.2168274 1.8748393 2.1855672 2.1882806 2.1315497 2.2288794 2.1217780 1.9816121 1.8815166 2.2810970 2.4371334 2.0276504 1.9698894 2.0249762 2.3730403 2.5126342 2.1580231 2.1513504 1.9452812 2.7350242 2.0290018 1.7946806 2.7656020 3.1927394 2.2937021 3.2032966 2.6813290 2.6587885 2.5891059 3.2355174 3.0585827 3.7241533 3.3358373 3.5425947 2.9233272 3.0784523 3.4112171 
Exapal_XM_028657550.1                                 1.3601791 1.3209864 1.6217693 1.5498072 1.1590458 1.6222599 1.2023131 2.1548729 0.0000000 0.3597078 0.5964083 0.4777064 0.6328607 0.5698096 0.5580667 0.6711434 0.5855585 0.9011832 0.9382010 1.0810783 1.2083413 1.0824606 1.2588109 1.1627509 1.1933564 1.1709782 1.5224016 1.5387107 1.4351986 1.4106004 1.4692859 1.5839663 1.5020618 1.6467804 1.6292742 1.6621381 1.6169409 1.8655502 1.5028946 1.4713639 1.3164029 2.0076002 1.9727136 1.8706773 1.9153080 1.7149194 1.6954865 1.6379111 1.8209616 2.0776954 2.0851045 1.8980306 1.8891675 1.5884275 1.3999941 1.8875858 2.1552525 1.8860444 2.6193189 2.1353689 2.3958901 3.0324420 3.1481023 3.1095688 3.0157536 2.9039774 3.0906911 3.2663898 3.2020903 3.9075153 
Nvec_v1g201260                                        1.3413231 1.2489763 1.4139728 1.4820679 1.0771755 1.5122489 1.1812779 2.1653549 0.3597078 0.0000000 0.5556436 0.4098776 0.5866687 0.5321452 0.5098071 0.6211010 0.5554265 0.7927366 0.8718424 1.0047465 1.1955483 1.1067634 1.1983514 1.1044887 1.0737808 1.1920593 1.5070818 1.5043299 1.3950023 1.3848145 1.4310281 1.5231965 1.4474140 1.5184742 1.5617934 1.5468386 1.6064708 1.7931527 1.3873265 1.3690234 1.2837391 1.9512507 1.8939506 1.7875970 1.8849480 1.7118317 1.6511302 1.6277291 1.8041347 1.9891104 1.9730621 1.8466870 1.9758512 1.6564294 1.4518031 1.8944184 2.1371834 1.9057188 2.5020917 2.1024504 2.3632222 3.0331671 3.1235371 3.0730164 2.9901117 2.8087968 3.1592956 3.3601552 3.2391841 3.7718832 
Adig_XM_015921677.1                                   1.4008368 1.3308465 1.4750449 1.6000993 1.2059486 1.4944167 1.1354615 2.2097504 0.5964083 0.5556436 0.0000000 0.0759101 0.3410934 0.3262119 0.3317605 0.4433828 0.3385730 0.8899631 0.9546073 1.0811940 1.2402048 1.0807027 1.1846969 1.0971706 1.1549074 1.1187136 1.6243781 1.5484748 1.4504788 1.3752691 1.4210046 1.5625450 1.4691550 1.5225277 1.5490543 1.6137506 1.4631904 1.7643400 1.4901562 1.4884569 1.4139690 1.8476337 1.8621877 1.8057838 1.8232901 1.7194378 1.7345645 1.6905001 1.7942177 2.0711063 2.0902229 1.9545197 1.7081505 1.6042527 1.4993709 1.6363988 2.2235262 1.8548707 2.4657603 2.3715164 2.6679862 3.3043727 3.7030749 3.4107146 3.2063493 2.8814999 3.3805242 3.7294847 3.5057183 3.7782860 
Amil_Amillepora06848-RA                               1.1949394 1.1914584 1.6735798 1.6156441 0.8846821 1.2233643 0.9646171 2.4308032 0.4777064 0.4098776 0.0759101 0.0000000 0.3074280 0.2647501 0.2444524 0.3549412 0.2729207 0.7141230 0.7772584 0.8880085 0.9233248 0.9334859 1.1258184 0.8905386 0.9048435 0.9425876 1.4207403 1.3454680 1.2916760 1.1487144 1.1947878 1.3406020 1.2167696 1.3215582 1.3771109 1.3262874 1.3329802 1.6512455 1.1465945 1.2031837 1.1802639 2.0337215 1.8827299 1.7520333 1.7162251 1.7958192 1.7895715 1.5742555 1.7652128 1.7722474 1.8765918 1.8957148 1.6978475 1.6333359 1.5214919 1.6548149 2.1124885 1.8878763 2.5080791 2.3496836 2.3876257 3.4097503 3.3537506 3.3620771 2.8014711 2.7996912 3.4174387 3.4150370 3.4157354 3.7884205 
Gfas_gfas1.m1.16202.m1                                1.4535669 1.3556291 1.6938947 1.6062541 1.3100226 1.7338387 1.2533589 2.1008272 0.6328607 0.5866687 0.3410934 0.3074280 0.0000000 0.2052913 0.2380406 0.3414885 0.2630553 0.9815363 1.0727142 1.1242157 1.2907125 1.2208620 1.3055061 1.2378215 1.3167174 1.3022583 1.5583700 1.5701383 1.4440915 1.5010946 1.5258872 1.6585772 1.4469313 1.7365131 1.6813490 1.6948681 1.6970364 2.1561153 1.5602665 1.5454283 1.3738709 1.9657643 2.0509649 1.9494146 2.0765447 1.8323132 1.8623720 1.8317427 1.9373226 2.1176335 2.0741169 1.9323367 1.9342991 1.6624923 1.4518709 2.0272721 2.1393810 1.9540121 2.6121125 2.1767284 2.4196641 3.1702227 3.2738558 3.2099722 3.1534291 3.1707108 3.2518929 3.3481120 3.1325750 3.6719809 
Fspp_ffun1.m4.23640.m1                                1.3335658 1.2732088 1.6236242 1.4696984 1.1755151 1.5524629 1.1387828 2.0836164 0.5698096 0.5321452 0.3262119 0.2647501 0.2052913 0.0000000 0.1034524 0.2493362 0.1902119 0.8528482 0.9167066 1.0848397 1.2339355 1.0938312 1.1556236 1.1114017 1.1733904 1.1614599 1.4768126 1.4999374 1.3275502 1.3626304 1.3968900 1.5272088 1.4296489 1.6332010 1.5348885 1.6683160 1.5600635 1.8526324 1.4594670 1.4549316 1.2927887 1.9873970 1.9252361 1.8242629 1.9311905 1.7133067 1.6359722 1.6828351 1.7756975 1.9900676 1.9452845 1.7755361 1.8532038 1.6011078 1.3484495 1.9614279 1.9962996 1.8418947 2.4152052 2.0669608 2.4698407 3.0009225 3.0232648 3.0168874 2.8645410 2.9102429 2.9996296 3.1897826 2.8820820 3.6901482 
Gasp_gasp1.m3.3298.m1                                 1.3582686 1.3076848 1.6285467 1.4731455 1.1663926 1.6690161 1.1600154 2.0769094 0.5580667 0.5098071 0.3317605 0.2444524 0.2380406 0.1034524 0.0000000 0.2770544 0.2109945 0.8389971 0.9205043 1.0455264 1.1831315 1.1065380 1.1767312 1.0880227 1.1424944 1.1381341 1.5335531 1.5454653 1.4078914 1.4267743 1.4679966 1.5925573 1.4827071 1.6110380 1.5316062 1.6523830 1.5556312 1.8170129 1.4587370 1.4471290 1.3435048 2.0487161 1.9045236 1.8261410 1.9289086 1.7465166 1.7000573 1.7217283 1.8372710 2.0560053 2.0337156 1.7879822 1.9240652 1.6508857 1.4199670 1.9929735 2.1291124 1.9423817 2.4291520 2.1561897 2.4326455 2.9739144 3.1431812 3.0408406 2.9324680 3.0917080 3.1794813 3.3432191 3.0946440 3.6819931 
Spis_XP_022800790_1                                   1.4891529 1.4827467 1.5914086 1.6575212 1.2951566 1.8010072 1.2872852 2.0517402 0.6711434 0.6211010 0.4433828 0.3549412 0.3414885 0.2493362 0.2770544 0.0000000 0.1450619 0.9570140 1.0370425 1.1166952 1.3421421 1.2339108 1.3160876 1.1673413 1.2022721 1.2633190 1.5338839 1.5265324 1.4412211 1.4369056 1.5240838 1.6616022 1.5236951 1.7176832 1.6691381 1.7575454 1.7074353 1.8226469 1.5113379 1.5085559 1.4343723 1.8779260 2.1138117 1.9398102 1.8305146 1.8773722 1.8074023 1.8622647 1.8834432 2.1580289 2.1502778 1.9176163 1.9375895 1.7073019 1.4947926 1.9960920 2.1433310 2.0444896 2.5547676 2.2472147 2.5013874 3.1230851 3.2854855 3.1379294 3.0497699 3.0349956 3.2138971 3.3282871 3.0124296 3.5008817 
Pocdam_XM_027186861.1                                 1.3667611 1.3742764 1.5703068 1.4876634 1.1842961 1.6446947 1.1672155 2.0732025 0.5855585 0.5554265 0.3385730 0.2729207 0.2630553 0.1902119 0.2109945 0.1450619 0.0000000 0.8735747 0.9393488 1.0137598 1.1818005 1.0971193 1.1557731 1.0867636 1.1242467 1.1493593 1.4410644 1.4570164 1.3352426 1.3568408 1.4302272 1.5278970 1.4055840 1.6246434 1.5954451 1.6566091 1.5874691 1.8518113 1.4417875 1.4667446 1.2956531 1.9944087 1.9340032 1.8524352 1.9183044 1.6927098 1.6719589 1.7272876 1.8008028 2.0680285 2.0625279 1.8631669 1.9096654 1.6106298 1.4401703 1.9885013 2.0556589 1.9083340 2.4501431 2.1240160 2.3663722 3.0493449 3.1822123 3.0545163 2.9485497 3.0773088 3.2176124 3.3217903 3.0241359 3.6062557 
Dgig_XM_028544277.1                                   1.4447439 1.3835902 1.3399032 1.5516155 1.2140191 1.7638960 1.2623389 2.0848139 0.9011832 0.7927366 0.8899631 0.7141230 0.9815363 0.8528482 0.8389971 0.9570140 0.8735747 0.0000000 0.3239959 1.1209555 1.1773773 1.0932492 1.3639951 1.3131278 1.2902647 1.2752602 1.6086963 1.5961763 1.4612801 1.4410078 1.5084442 1.6020210 1.5246762 1.6159559 1.6682462 1.6287487 1.5768427 1.6760882 1.5753221 1.5236633 1.4385684 1.9429028 1.8676878 1.7226771 1.8742148 1.7950653 1.6810854 1.6344609 1.8889999 1.9220999 1.9406062 1.7345958 1.9843203 1.6856170 1.5419100 1.9746353 2.3047328 1.9753530 2.5424013 2.0437405 2.5551532 3.2846632 3.0603312 3.2633591 3.2222698 2.8835470 3.0123155 3.1473950 3.2165074 3.7882932 
Xesp_015606-T1                                        1.5137364 1.3906785 1.2145352 1.4786492 1.2502475 1.6865376 1.2309471 2.0210495 0.9382010 0.8718424 0.9546073 0.7772584 1.0727142 0.9167066 0.9205043 1.0370425 0.9393488 0.3239959 0.0000000 1.1824537 1.2058927 1.1520179 1.3863258 1.3441567 1.2737288 1.2874611 1.6144919 1.6378674 1.5063075 1.5208021 1.5230516 1.6388015 1.5621122 1.7461522 1.6833760 1.7227959 1.6347953 1.7452688 1.5941300 1.5651230 1.4732311 1.9730132 1.8555190 1.7424598 1.9060178 1.7321899 1.6868041 1.6404701 1.9529372 2.0062430 2.0248348 1.9011475 2.0190723 1.6506847 1.5061694 1.9127279 2.3175671 2.0018073 2.5870516 2.0731888 2.6496800 3.3525449 3.1195712 3.2842582 3.2166344 2.9226966 2.9647126 3.1910794 3.1778246 3.8997938 
Morvir_scaffold251.g7.t1                              1.6367131 1.4619706 1.4413742 1.6050947 1.3732703 1.6548650 1.3550783 1.9401973 1.0810783 1.0047465 1.0811940 0.8880085 1.1242157 1.0848397 1.0455264 1.1166952 1.0137598 1.1209555 1.1824537 0.0000000 1.1521869 1.0311470 1.2024983 1.0039586 1.0015640 1.1094464 1.7111519 1.7991380 1.6074049 1.7003915 1.7318397 1.8073975 1.6821520 1.7400968 1.6447990 1.7269350 1.7557951 1.9124918 1.5664996 1.5592975 1.5066645 1.7869073 1.8197749 1.7548871 1.7444377 1.6170633 1.6625929 1.7385695 1.9350177 1.9867296 1.9659478 1.8321496 2.0183993 1.6243319 1.4949556 2.0895589 2.1764449 2.0506826 2.6722198 2.2584735 2.3451346 3.1593020 3.3944958 3.2269547 2.9429453 2.9138145 3.2461540 3.0925290 3.3337596 3.6338960 
Hvul_g15991_1                                         1.5874980 1.5166664 1.6492221 1.7791799 1.3998099 2.0077577 1.5325757 2.3433072 1.2083413 1.1955483 1.2402048 0.9233248 1.2907125 1.2339355 1.1831315 1.3421421 1.1818005 1.1773773 1.2058927 1.1521869 0.0000000 0.7239221 1.3484128 1.2101027 1.1572981 1.1398356 1.8115383 1.8648986 1.6710173 1.7007674 1.7472651 1.8379412 1.9160776 1.8013758 1.8074234 1.8459692 1.8771598 2.1682524 1.8117487 1.7883463 1.6060616 2.2389571 2.0041631 1.9965230 1.9911126 1.8268776 1.7313440 1.7688466 1.8672794 2.1053822 2.1619920 1.9399192 2.2247158 1.8336865 1.6523179 2.1291549 2.4196436 2.3031516 2.7327366 2.3817744 2.5126943 3.5877212 3.6512444 3.4857804 3.3775027 3.1350529 3.3937786 3.0670062 3.3692513 3.8784912 
Chem_TCONS_00054771                                   1.5455389 1.5660649 1.5180635 1.7304941 1.3179119 1.7133397 1.4134508 2.2884012 1.0824606 1.1067634 1.0807027 0.9334859 1.2208620 1.0938312 1.1065380 1.2339108 1.0971193 1.0932492 1.1520179 1.0311470 0.7239221 0.0000000 1.2034102 1.1162244 1.1261042 1.2123837 1.8622806 1.8985238 1.7458432 1.7970662 1.7492845 1.8349791 1.8001312 1.7337068 1.6410421 1.7408390 1.6469928 1.7899081 1.7427740 1.6690192 1.5904091 1.8643781 1.8498033 1.7973517 1.8575936 1.7438225 1.6902823 1.6652535 1.8624105 2.1187529 2.0863301 1.8342873 2.0753914 1.6987760 1.6064205 2.0819883 2.2829499 2.1363993 2.8480589 2.3225442 2.6999444 3.2919509 3.3938428 3.3907014 3.1761230 3.2309227 3.3989176 3.2958300 3.3198376 3.7682569 
Aaur_scaffold963.g1.t5                                1.7411342 1.7076200 1.2199452 2.0292990 1.7611597 1.9886059 1.5951317 2.1960401 1.2588109 1.1983514 1.1846969 1.1258184 1.3055061 1.1556236 1.1767312 1.3160876 1.1557731 1.3639951 1.3863258 1.2024983 1.3484128 1.2034102 0.0000000 0.4533042 0.4042568 0.5397129 2.0527901 1.8159793 1.8042611 1.6471217 1.7346838 1.8838036 1.7811851 1.9404523 1.8028393 1.9509296 1.8377390 2.3403560 1.9219118 1.8553010 1.8675010 2.0579641 2.1946396 2.0403318 1.9847568 1.8150260 1.9904403 1.9714215 2.0118676 2.1081127 1.9346947 1.9287904 1.9330055 1.6945402 1.5162873 2.0596279 2.3014028 2.3444766 2.7205215 2.5934695 2.6670376 3.2296427 4.3091675 3.8737606 3.4522546 3.2226442 3.4124092 4.2145774 3.6182637 4.0158411 
Nemnom_g7350.t1                                       1.8152364 1.6553643 1.5102215 1.7801573 1.5156934 1.9551637 1.5227170 2.4248238 1.1627509 1.1044887 1.0971706 0.8905386 1.2378215 1.1114017 1.0880227 1.1673413 1.0867636 1.3131278 1.3441567 1.0039586 1.2101027 1.1162244 0.4533042 0.0000000 0.1352897 0.5751125 1.8701793 1.8514270 1.6447780 1.7072703 1.7045444 1.8109030 1.7763659 1.9134004 1.8041001 1.9457122 1.9717856 2.0853146 1.8486498 1.8030352 1.7685940 1.9684147 1.9570317 1.7659229 1.8490209 1.8349951 1.8633461 1.7665010 1.8642930 2.1198029 2.0661500 1.8625010 2.0764758 1.7136308 1.5766656 2.1017499 2.3382358 2.1415805 2.7271521 2.2014461 2.5401145 3.1107431 3.3322814 3.2320190 3.1035617 3.0444633 3.1130880 3.1096334 3.0427743 3.5443164 
Rhoesc_Res_000364-T1                                  1.7069818 1.6048325 1.4483061 1.7396368 1.4837629 1.9159062 1.4892484 2.4423540 1.1933564 1.0737808 1.1549074 0.9048435 1.3167174 1.1733904 1.1424944 1.2022721 1.1242467 1.2902647 1.2737288 1.0015640 1.1572981 1.1261042 0.4042568 0.1352897 0.0000000 0.5581811 1.9175548 1.8605277 1.7001685 1.7371857 1.7227335 1.8208121 1.8117017 1.8515606 1.7388711 1.9299121 1.9040270 2.0444326 1.8130204 1.7645161 1.7029968 1.9132794 1.9623789 1.8066606 1.8185765 1.7920806 1.8043038 1.8367432 1.8884182 2.0522780 1.9995925 1.7617033 2.0968491 1.7314136 1.5698548 2.1015670 2.3007859 2.1689680 2.7651882 2.1372911 2.5357451 3.0851169 3.3453661 3.3559968 3.2184770 3.0425780 3.1644022 3.3308831 3.1258312 3.7446111 
Sanmal_Sma_011117-T1                                  1.7280179 1.7020421 1.7751412 1.9296184 1.6063918 1.7994914 1.4650606 2.4993078 1.1709782 1.1920593 1.1187136 0.9425876 1.3022583 1.1614599 1.1381341 1.2633190 1.1493593 1.2752602 1.2874611 1.1094464 1.1398356 1.2123837 0.5397129 0.5751125 0.5581811 0.0000000 1.8482992 1.8834730 1.6723352 1.7573241 1.7619065 1.8717906 1.8474370 1.7271347 1.5621360 1.8498073 1.7835430 2.1080390 1.8799668 1.7878009 1.7500887 2.0419823 1.9268012 1.7876160 1.8556745 1.6965967 1.6692937 1.8382064 1.8900822 2.1306741 2.1415817 1.8532032 2.0689641 1.7578035 1.5702728 2.0818520 2.3101147 2.1314105 2.7996115 2.3464072 2.6517095 3.2996421 3.7028737 3.5326606 3.2750910 3.0746847 3.3167886 3.3953820 3.2715578 3.8276556 
Tadh_TriadT60059                                      1.6184452 1.5970426 1.4053485 1.6624606 1.4282925 1.7958326 1.7797026 2.1503726 1.5224016 1.5070818 1.6243781 1.4207403 1.5583700 1.4768126 1.5335531 1.5338839 1.4410644 1.6086963 1.6144919 1.7111519 1.8115383 1.8622806 2.0527901 1.8701793 1.9175548 1.8482992 0.0000000 0.0518315 0.1384206 0.1733664 0.1904411 0.1718531 0.1526297 1.9174236 1.8120363 1.8929369 1.9323360 1.6122630 1.8359231 1.7669497 1.7269326 1.9337552 2.0252332 2.0197993 2.0711374 2.0558317 1.9620396 2.0249712 2.0634067 2.0842053 2.0628266 1.6343283 2.1926415 1.8407896 1.6828224 2.1472388 2.3858934 2.1843818 2.4910308 2.3007759 2.8565346 2.8966263 3.3713015 3.1798006 3.1241347 2.7420653 3.0397890 3.4930839 3.0057084 4.0144633 
TrH2_TrispH2_010020-RA                                1.6838126 1.6713225 1.4345938 1.8286134 1.4754258 1.8245780 1.7470474 2.0563274 1.5387107 1.5043299 1.5484748 1.3454680 1.5701383 1.4999374 1.5454653 1.5265324 1.4570164 1.5961763 1.6378674 1.7991380 1.8648986 1.8985238 1.8159793 1.8514270 1.8605277 1.8834730 0.0518315 0.0000000 0.1821691 0.1803288 0.1947846 0.2136233 0.1956458 1.9241285 1.9296208 1.9435077 1.9235619 1.8183513 1.7867900 1.7375292 1.7104044 2.1085046 2.1851293 2.0314541 2.2405923 2.2090679 2.1138615 2.0450874 2.0710677 2.0736267 2.0901636 1.7037068 2.1861014 1.8232926 1.6346453 2.0587036 2.3269984 2.1398739 2.3986851 2.2647349 2.8838478 2.8770758 3.1917586 3.1125248 3.0893039 2.8482390 3.0604076 3.2515057 2.9043314 3.9289973 
HoiH06_mRNA7347                                       1.5116738 1.5182197 1.3323200 1.6034780 1.3381720 1.6424263 1.6226908 1.8747459 1.4351986 1.3950023 1.4504788 1.2916760 1.4440915 1.3275502 1.4078914 1.4412211 1.3352426 1.4612801 1.5063075 1.6074049 1.6710173 1.7458432 1.8042611 1.6447780 1.7001685 1.6723352 0.1384206 0.1821691 0.0000000 0.0443984 0.0800328 0.0761068 0.0770488 1.6833872 1.6472171 1.7068509 1.7432410 1.5857405 1.7181761 1.6229259 1.6077318 1.9363535 2.0227621 1.9816321 1.9819378 1.9182677 1.8202239 1.9340981 1.9446760 1.9818331 1.9485644 1.6417658 1.9840985 1.7221189 1.6113113 1.9766740 2.1836057 1.9375114 2.1861812 2.1196905 2.4919886 2.7581702 3.3133561 3.1586833 2.8437119 2.6172010 2.9566465 2.8992038 2.7153721 3.7650563 
HoiH23_PlH23_009274-RA                                1.6040647 1.5411877 1.4191142 1.6885374 1.3623211 1.8378168 1.6135257 2.0330485 1.4106004 1.3848145 1.3752691 1.1487144 1.5010946 1.3626304 1.4267743 1.4369056 1.3568408 1.4410078 1.5208021 1.7003915 1.7007674 1.7970662 1.6471217 1.7072703 1.7371857 1.7573241 0.1733664 0.1803288 0.0443984 0.0000000 0.0735675 0.0826020 0.0957832 1.7658875 1.7101166 1.7962079 1.7686565 1.7642339 1.7318414 1.6236858 1.5696081 2.0580907 2.0681352 1.9475479 2.1342489 1.9379130 1.8065094 1.9339268 1.9547749 2.0876320 2.0851214 1.7288098 2.1321555 1.7425004 1.6384746 1.9764006 2.2337373 1.9687390 2.3516182 2.1846244 2.6663668 2.7797230 3.1662266 3.0565957 3.0843264 2.8942800 3.0226605 2.9705838 2.7908725 3.8214961 
Hhon_g08726.t1                                        1.5962567 1.5551353 1.4049928 1.7116625 1.4117443 1.8816844 1.6112983 2.0049855 1.4692859 1.4310281 1.4210046 1.1947878 1.5258872 1.3968900 1.4679966 1.5240838 1.4302272 1.5084442 1.5230516 1.7318397 1.7472651 1.7492845 1.7346838 1.7045444 1.7227335 1.7619065 0.1904411 0.1947846 0.0800328 0.0735675 0.0000000 0.0045241 0.1103080 1.7322013 1.7260354 1.7536531 1.7711142 1.8655730 1.7187852 1.6305432 1.5914716 1.9609466 1.9972906 1.8813843 2.1056293 1.9142823 1.8272953 1.8935742 1.9220933 2.0255668 1.9998351 1.6489715 2.0764399 1.7243901 1.6224161 1.9533968 2.2881985 1.9853652 2.3145254 2.1482101 2.6667203 2.8290892 3.1299055 3.0450612 3.0869629 2.8749174 2.9234347 2.9970683 2.8534434 3.6537037 
HoiH04_mRNA7655                                       1.6141318 1.6218206 1.4049928 1.6569125 1.4919326 1.9161154 1.7284044 1.9320157 1.5839663 1.5231965 1.5625450 1.3406020 1.6585772 1.5272088 1.5925573 1.6616022 1.5278970 1.6020210 1.6388015 1.8073975 1.8379412 1.8349791 1.8838036 1.8109030 1.8208121 1.8717906 0.1718531 0.2136233 0.0761068 0.0826020 0.0045241 0.0000000 0.1114723 1.8140585 1.7459787 1.8437837 1.8775973 1.8655730 1.9230172 1.7910017 1.7257634 1.9609466 1.9972906 1.9553032 2.1056293 1.9142823 1.8272953 1.9729914 1.9749510 2.0710540 2.0496567 1.6489715 2.1622539 1.7297328 1.6459227 2.0750227 2.2485317 1.9999294 2.2354748 2.0861203 2.5591656 2.6463758 3.0934903 2.8944073 3.0202441 2.7708432 2.7593018 2.9970683 2.7670295 3.4785153 
HoiH11_mRNA2428                                       1.5778745 1.5778966 1.4115200 1.6424971 1.3846632 1.7299064 1.6612729 1.9364221 1.5020618 1.4474140 1.4691550 1.2167696 1.4469313 1.4296489 1.4827071 1.5236951 1.4055840 1.5246762 1.5621122 1.6821520 1.9160776 1.8001312 1.7811851 1.7763659 1.8117017 1.8474370 0.1526297 0.1956458 0.0770488 0.0957832 0.1103080 0.1114723 0.0000000 1.7822145 1.6521460 1.7811000 1.7861263 1.7270050 1.8110749 1.7215329 1.6248468 2.0748659 2.0517965 1.9757681 2.1560886 1.9409710 1.8560589 1.9982943 1.9846359 1.9525896 1.9389963 1.6735025 2.0389412 1.6566864 1.4522675 1.9848770 2.1879920 2.0314247 2.3369854 2.0705845 2.5175569 2.7648251 3.2903803 3.1977846 2.9821372 2.7423121 2.9391725 3.0504123 2.7163082 3.7399754 
Scil_scict006607.2                                    1.7235490 1.7824836 1.5289363 2.0566183 1.7051736 1.9296645 1.5330507 2.2168274 1.6467804 1.5184742 1.5225277 1.3215582 1.7365131 1.6332010 1.6110380 1.7176832 1.6246434 1.6159559 1.7461522 1.7400968 1.8013758 1.7337068 1.9404523 1.9134004 1.8515606 1.7271347 1.9174236 1.9241285 1.6833872 1.7658875 1.7322013 1.8140585 1.7822145 0.0000000 0.3430870 0.3501302 0.3779360 0.9385889 1.4136634 1.3767829 1.3697100 2.3534195 2.3023827 2.0394438 2.3855357 2.2301366 2.1902472 2.1574449 2.0203742 1.9065321 1.9106425 2.0980245 2.0855221 1.7230598 1.6211425 1.9953049 2.3242886 2.1013276 2.3642119 2.1459175 2.4023635 3.2980333 3.4515829 3.3893465 3.0282397 3.0579507 3.2416734 3.0195296 3.1341946 3.5657577 
Lcom_lcpid82088                                       1.6076864 1.5344768 1.4552435 1.8177752 1.5282717 1.5410154 1.5930257 1.8748393 1.6292742 1.5617934 1.5490543 1.3771109 1.6813490 1.5348885 1.5316062 1.6691381 1.5954451 1.6682462 1.6833760 1.6447990 1.8074234 1.6410421 1.8028393 1.8041001 1.7388711 1.5621360 1.8120363 1.9296208 1.6472171 1.7101166 1.7260354 1.7459787 1.6521460 0.3430870 0.0000000 0.3369392 0.3650405 0.7771172 1.4193710 1.3832279 1.3457555 2.1663032 2.2879438 2.0830490 2.1706708 2.1530048 2.1266966 2.1292574 2.0399160 2.0287053 2.0174409 2.1179082 1.8913827 1.7173174 1.7972295 1.8243258 2.3595944 2.0466764 2.4791059 2.2573133 2.2851884 3.3657726 3.4682556 3.3728867 3.0450587 2.7074802 3.2083609 3.3457685 3.1596663 3.3267331 
Gracom_Gcom_scaffold19223_01                          1.7880082 1.7851828 1.5476897 2.0628669 1.7036319 1.8896845 1.5740997 2.1855672 1.6621381 1.5468386 1.6137506 1.3262874 1.6948681 1.6683160 1.6523830 1.7575454 1.6566091 1.6287487 1.7227959 1.7269350 1.8459692 1.7408390 1.9509296 1.9457122 1.9299121 1.8498073 1.8929369 1.9435077 1.7068509 1.7962079 1.7536531 1.8437837 1.7811000 0.3501302 0.3369392 0.0000000 0.4221960 0.9657039 1.4673713 1.3985189 1.4057960 2.3615198 2.3063409 2.0025584 2.3488893 2.2089059 2.1436019 2.1599917 2.0516046 1.8846161 1.9644214 1.9668486 1.9808637 1.7114142 1.6481094 1.9298232 2.3401401 2.0604173 2.3399330 2.2389586 2.3454477 3.1246917 3.3543225 3.3919827 3.1734157 2.9563694 3.2932253 3.1311174 3.1079083 3.5598306 
Leuniv_Lniv_scaffold23173_01                          1.7661488 1.7073189 1.5913281 1.9431713 1.5826322 1.8172747 1.4684307 2.1882806 1.6169409 1.6064708 1.4631904 1.3329802 1.6970364 1.5600635 1.5556312 1.7074353 1.5874691 1.5768427 1.6347953 1.7557951 1.8771598 1.6469928 1.8377390 1.9717856 1.9040270 1.7835430 1.9323360 1.9235619 1.7432410 1.7686565 1.7711142 1.8775973 1.7861263 0.3779360 0.3650405 0.4221960 0.0000000 0.9162981 1.4427489 1.3915611 1.3644338 2.3703354 2.3981620 2.0656687 2.3448150 2.1925237 2.2203370 2.0038570 2.0716334 2.0025985 2.0402441 1.9400275 2.1664269 1.7706779 1.6255021 1.9346525 2.4131561 2.1317509 2.5561624 2.1242802 2.4602506 3.2148570 3.5378865 3.4047737 3.1259923 3.0075682 3.2738179 3.2719069 3.2972337 3.7455350 
Clacor_Ccor_scaffold9380_01                           1.7999676 1.9342812 1.2231705 1.7982808 1.9229851 1.9423587 1.6445904 2.1315497 1.8655502 1.7931527 1.7643400 1.6512455 2.1561153 1.8526324 1.8170129 1.8226469 1.8518113 1.6760882 1.7452688 1.9124918 2.1682524 1.7899081 2.3403560 2.0853146 2.0444326 2.1080390 1.6122630 1.8183513 1.5857405 1.7642339 1.8655730 1.8655730 1.7270050 0.9385889 0.7771172 0.9657039 0.9162981 0.0000000 1.5571570 1.5700029 1.4712427 1.9206487 2.1008092 1.9710203 1.9545800 1.7822036 1.7103674 2.1100044 1.8661907 2.0410068 1.9314097 1.9010133 2.6149405 1.9436463 1.7119209 2.2460587 2.3630538 1.8505634 1.9721954 1.7001562 2.1631608 2.5364063 2.5600676 2.6669439 2.7563516 2.8070664 3.0726413 2.4061717 2.3989776 2.8494333 
Ocar_g11075                                           1.7822234 1.7539557 1.2370347 1.9800958 1.5756213 1.8997330 1.5424394 2.2288794 1.5028946 1.3873265 1.4901562 1.1465945 1.5602665 1.4594670 1.4587370 1.5113379 1.4417875 1.5753221 1.5941300 1.5664996 1.8117487 1.7427740 1.9219118 1.8486498 1.8130204 1.8799668 1.8359231 1.7867900 1.7181761 1.7318414 1.7187852 1.9230172 1.8110749 1.4136634 1.4193710 1.4673713 1.4427489 1.5571570 0.0000000 0.0640165 0.8234458 1.9136031 2.1842241 1.9153044 1.9410572 1.8818283 1.8651636 1.7944477 1.8477518 2.1447122 2.0020687 2.0807424 2.1698482 1.7885117 1.4672903 1.9324457 2.6089388 2.0875542 2.3705728 2.0712246 2.4285232 2.8533516 3.1147633 3.1915781 3.0475614 3.0509508 3.2813405 3.2029238 3.1622684 3.4490894 
Opea_EP00118_Oscarella_pearsei_P008746                1.6897303 1.6798073 1.2127016 1.9371790 1.4861647 1.8122805 1.4866262 2.1217780 1.4713639 1.3690234 1.4884569 1.2031837 1.5454283 1.4549316 1.4471290 1.5085559 1.4667446 1.5236633 1.5651230 1.5592975 1.7883463 1.6690192 1.8553010 1.8030352 1.7645161 1.7878009 1.7669497 1.7375292 1.6229259 1.6236858 1.6305432 1.7910017 1.7215329 1.3767829 1.3832279 1.3985189 1.3915611 1.5700029 0.0640165 0.0000000 0.7658352 2.0294197 2.2017867 1.9265477 2.0382545 1.9061603 1.9152364 1.8269682 1.8983394 2.0556440 1.9108735 2.0672848 2.0827032 1.7317435 1.5142965 1.8988217 2.5822733 2.0500053 2.3144366 2.0865598 2.4706577 2.8448781 3.0357665 3.0909273 3.0506901 2.9060996 3.0638432 3.1196946 3.0855691 3.4747717 
Plajan_Pjan_C569820_01                                1.6647362 1.4954805 1.3535367 1.8884625 1.4650919 1.7118886 1.4131091 1.9816121 1.3164029 1.2837391 1.4139690 1.1802639 1.3738709 1.2927887 1.3435048 1.4343723 1.2956531 1.4385684 1.4732311 1.5066645 1.6060616 1.5904091 1.8675010 1.7685940 1.7029968 1.7500887 1.7269326 1.7104044 1.6077318 1.5696081 1.5914716 1.7257634 1.6248468 1.3697100 1.3457555 1.4057960 1.3644338 1.4712427 0.8234458 0.7658352 0.0000000 1.7631585 2.0501767 1.8646637 1.9232327 1.8445236 1.9727142 1.7837177 1.7667467 1.9311604 1.9063123 1.9737163 1.9338088 1.7318959 1.4938150 1.8001697 2.2975537 2.0025965 2.3999931 1.8844916 2.4696909 2.7674288 2.9719914 2.9534585 3.0271545 2.8001192 3.0845996 2.8817181 2.9188971 3.8053659 
Mlei_ML4635.g25.i1                                    1.9412721 2.1994998 1.3285160 1.7898013 2.2132100 2.5742286 2.0493822 1.8815166 2.0076002 1.9512507 1.8476337 2.0337215 1.9657643 1.9873970 2.0487161 1.8779260 1.9944087 1.9429028 1.9730132 1.7869073 2.2389571 1.8643781 2.0579641 1.9684147 1.9132794 2.0419823 1.9337552 2.1085046 1.9363535 2.0580907 1.9609466 1.9609466 2.0748659 2.3534195 2.1663032 2.3615198 2.3703354 1.9206487 1.9136031 2.0294197 1.7631585 0.0000000 0.5623263 0.5642407 0.3944266 0.2692550 0.2474914 0.3829069 0.5852760 1.8742595 2.0157438 2.0469429 2.3156619 1.5798971 1.4433938 2.1583766 2.1179731 2.0138185 2.2671696 2.0447409 2.1618462 2.3657793 2.8300841 2.6425686 3.0226981 3.0657605 2.8093124 2.5900800 2.6367710 2.9630845 
Pbac_sb2652093                                        1.8957924 1.9819435 1.5897291 1.7996426 1.9547317 2.0618160 1.9364284 2.2810970 1.9727136 1.8939506 1.8621877 1.8827299 2.0509649 1.9252361 1.9045236 2.1138117 1.9340032 1.8676878 1.8555190 1.8197749 2.0041631 1.8498033 2.1946396 1.9570317 1.9623789 1.9268012 2.0252332 2.1851293 2.0227621 2.0681352 1.9972906 1.9972906 2.0517965 2.3023827 2.2879438 2.3063409 2.3981620 2.1008092 2.1842241 2.2017867 2.0501767 0.5623263 0.0000000 0.0196006 0.5443736 0.4469883 0.5199674 0.7020360 0.7942500 2.3608516 2.4190477 2.1337213 2.5328814 2.1654687 1.9675438 2.3466290 2.3412761 2.2058312 2.4666487 2.3745136 2.6933451 3.2039142 3.3878704 3.0308721 3.4218030 2.9517136 3.3066057 3.4091521 3.1791800 3.8197613 
Horcal_Hcv1.av93.c1.g465.i7                           1.8926500 1.8914486 1.5897291 1.8566576 1.8057288 1.9878351 1.7550662 2.4371334 1.8706773 1.7875970 1.8057838 1.7520333 1.9494146 1.8242629 1.8261410 1.9398102 1.8524352 1.7226771 1.7424598 1.7548871 1.9965230 1.7973517 2.0403318 1.7659229 1.8066606 1.7876160 2.0197993 2.0314541 1.9816321 1.9475479 1.8813843 1.9553032 1.9757681 2.0394438 2.0830490 2.0025584 2.0656687 1.9710203 1.9153044 1.9265477 1.8646637 0.5642407 0.0196006 0.0000000 0.5146108 0.4284077 0.5025921 0.6791352 0.7647038 2.2338482 2.3218649 2.1347207 2.3657742 2.1364974 1.9109194 2.1584330 2.1539224 2.0903878 2.3480028 2.2509426 2.6133580 3.2308193 3.2948761 3.0616341 3.2716595 2.9678799 3.2234264 3.2332746 3.1314276 3.9324153 
Bolinf_Binf_sb1207416                                 1.9729568 2.1829451 1.4917686 1.9382627 2.0455069 2.2291913 1.9736444 2.0276504 1.9153080 1.8849480 1.8232901 1.7162251 2.0765447 1.9311905 1.9289086 1.8305146 1.9183044 1.8742148 1.9060178 1.7444377 1.9911126 1.8575936 1.9847568 1.8490209 1.8185765 1.8556745 2.0711374 2.2405923 1.9819378 2.1342489 2.1056293 2.1056293 2.1560886 2.3855357 2.1706708 2.3488893 2.3448150 1.9545800 1.9410572 2.0382545 1.9232327 0.3944266 0.5443736 0.5146108 0.0000000 0.0087922 0.1869663 0.3886643 0.4890657 2.2520948 2.3725235 2.1925014 2.4639820 1.8814092 1.9484868 2.2208375 2.1095406 2.0375294 2.3130020 2.2243156 2.5400612 2.8077311 2.7304911 2.4874345 2.9874072 2.8593364 2.8183794 2.5564625 2.5388704 3.1690194 
Mertsp_Mesp_sb552827                                  1.7520980 1.8448699 1.3314859 1.7854572 1.6979898 1.8364897 1.7380995 1.9698894 1.7149194 1.7118317 1.7194378 1.7958192 1.8323132 1.7133067 1.7465166 1.8773722 1.6927098 1.7950653 1.7321899 1.6170633 1.8268776 1.7438225 1.8150260 1.8349951 1.7920806 1.6965967 2.0558317 2.2090679 1.9182677 1.9379130 1.9142823 1.9142823 1.9409710 2.2301366 2.1530048 2.2089059 2.1925237 1.7822036 1.8818283 1.9061603 1.8445236 0.2692550 0.4469883 0.4284077 0.0087922 0.0000000 0.2316484 0.3653244 0.4514819 2.3221975 2.4576179 2.1188826 2.3928278 2.0469375 2.0703198 2.1388731 2.1780254 2.0195065 2.3686158 2.3691808 2.6046686 3.0433852 3.3032086 3.1054614 3.3399659 2.8175047 3.2962610 3.2024199 3.0192964 3.6123415 
Beraby_Baby_sb332008                                  1.7401215 1.8576599 1.4151198 1.8308268 1.6915576 1.7673605 1.7683388 2.0249762 1.6954865 1.6511302 1.7345645 1.7895715 1.8623720 1.6359722 1.7000573 1.8074023 1.6719589 1.6810854 1.6868041 1.6625929 1.7313440 1.6902823 1.9904403 1.8633461 1.8043038 1.6692937 1.9620396 2.1138615 1.8202239 1.8065094 1.8272953 1.8272953 1.8560589 2.1902472 2.1266966 2.1436019 2.2203370 1.7103674 1.8651636 1.9152364 1.9727142 0.2474914 0.5199674 0.5025921 0.1869663 0.2316484 0.0000000 0.3822654 0.5232801 2.3577476 2.4372110 2.0713233 2.2506101 2.0809536 2.0116257 2.0940753 2.1252141 1.9936100 2.4190007 2.3424732 2.6785482 3.0520811 3.3024860 3.0695480 3.3835868 2.9653392 3.2384049 3.5515765 3.1094712 3.6150424 
Lampan_Lpan_C419163_01                                1.8459209 1.8820010 1.4901493 2.0706583 1.7483560 2.0486394 1.7518399 2.3730403 1.6379111 1.6277291 1.6905001 1.5742555 1.8317427 1.6828351 1.7217283 1.8622647 1.7272876 1.6344609 1.6404701 1.7385695 1.7688466 1.6652535 1.9714215 1.7665010 1.8367432 1.8382064 2.0249712 2.0450874 1.9340981 1.9339268 1.8935742 1.9729914 1.9982943 2.1574449 2.1292574 2.1599917 2.0038570 2.1100044 1.7944477 1.8269682 1.7837177 0.3829069 0.7020360 0.6791352 0.3886643 0.3653244 0.3822654 0.0000000 0.4197570 2.1519876 2.1578114 2.1239259 2.2739788 2.0212737 1.8306084 2.0118728 2.1259320 1.9907354 2.3478480 2.1859614 2.5439905 3.0409372 3.0030278 2.8020467 3.2397709 2.9879066 3.1263506 3.2176411 3.0110123 3.7331730 
Coemet_Cmet_scaffold1533_01                           1.9777596 1.9287183 1.4600566 2.0965837 1.8487180 2.0626916 1.7318944 2.5126342 1.8209616 1.8041347 1.7942177 1.7652128 1.9373226 1.7756975 1.8372710 1.8834432 1.8008028 1.8889999 1.9529372 1.9350177 1.8672794 1.8624105 2.0118676 1.8642930 1.8884182 1.8900822 2.0634067 2.0710677 1.9446760 1.9547749 1.9220933 1.9749510 1.9846359 2.0203742 2.0399160 2.0516046 2.0716334 1.8661907 1.8477518 1.8983394 1.7667467 0.5852760 0.7942500 0.7647038 0.4890657 0.4514819 0.5232801 0.4197570 0.0000000 2.2883757 2.3524602 2.2741367 2.4304945 2.1816681 1.9606444 2.2380310 2.2971020 2.1899350 2.5565485 2.4117912 2.7025959 3.3181213 3.2242564 3.1952514 3.4545591 3.0399312 3.2406589 3.4698623 3.2900468 3.9292761 
Aque_Aqu2.1.32994_001                                 2.0471041 2.0967440 1.4297415 2.3014088 1.9105489 2.1548646 2.0165121 2.1580231 2.0776954 1.9891104 2.0711063 1.7722474 2.1176335 1.9900676 2.0560053 2.1580289 2.0680285 1.9220999 2.0062430 1.9867296 2.1053822 2.1187529 2.1081127 2.1198029 2.0522780 2.1306741 2.0842053 2.0736267 1.9818331 2.0876320 2.0255668 2.0710540 1.9525896 1.9065321 2.0287053 1.8846161 2.0025985 2.0410068 2.1447122 2.0556440 1.9311604 1.8742595 2.3608516 2.2338482 2.2520948 2.3221975 2.3577476 2.1519876 2.2883757 0.0000000 0.2628617 0.4950054 1.1007914 0.8733405 0.9113779 1.3871942 2.6156948 2.4641254 2.7391637 2.4393084 2.6615012 3.1012363 3.5617931 3.4298948 3.3730689 3.1719359 3.5170336 3.4101633 3.1239243 4.1173985 
Halamb_c47115_g2_i2mm.2165                            2.0245756 2.0410881 1.2473583 2.2519592 1.9178857 2.1107448 1.9845495 2.1513504 2.0851045 1.9730621 2.0902229 1.8765918 2.0741169 1.9452845 2.0337156 2.1502778 2.0625279 1.9406062 2.0248348 1.9659478 2.1619920 2.0863301 1.9346947 2.0661500 1.9995925 2.1415817 2.0628266 2.0901636 1.9485644 2.0851214 1.9998351 2.0496567 1.9389963 1.9106425 2.0174409 1.9644214 2.0402441 1.9314097 2.0020687 1.9108735 1.9063123 2.0157438 2.4190477 2.3218649 2.3725235 2.4576179 2.4372110 2.1578114 2.3524602 0.2628617 0.0000000 0.4108107 1.1002954 0.8496238 0.8586892 1.4192849 2.6751611 2.4319066 2.7256368 2.4489529 2.6645189 3.1826962 3.4238406 3.3201614 3.3781155 3.2779340 3.6761369 3.3909680 3.0527003 4.0495790 
Xestes_maker-XT_scaffold3484-augustus-gene-0.4-mRNA-1 1.9555292 1.9721609 1.3423696 1.8415934 1.7833797 1.8118615 1.9154693 1.9452812 1.8980306 1.8466870 1.9545197 1.8957148 1.9323367 1.7755361 1.7879822 1.9176163 1.8631669 1.7345958 1.9011475 1.8321496 1.9399192 1.8342873 1.9287904 1.8625010 1.7617033 1.8532032 1.6343283 1.7037068 1.6417658 1.7288098 1.6489715 1.6489715 1.6735025 2.0980245 2.1179082 1.9668486 1.9400275 1.9010133 2.0807424 2.0672848 1.9737163 2.0469429 2.1337213 2.1347207 2.1925014 2.1188826 2.0713233 2.1239259 2.2741367 0.4950054 0.4108107 0.0000000 1.1978604 0.9322039 0.9681698 1.4475265 2.3348282 2.1634072 2.5429091 1.9333257 2.2136611 2.6413295 2.8941948 2.8971741 3.0047535 2.5721751 3.1431454 3.1415109 2.9250503 3.1555947 
