72
Hsap_ENST00000377603                                  0.0000000 0.4904037 0.5280444 0.5223710 0.5234226 0.6455975 0.5591732 0.6415123 0.6368537 0.6725381 0.6931404 0.6178769 0.7046645 0.6602582 0.6668887 0.6722674 0.8122640 0.4662531 0.6862076 0.6960899 0.7084847 0.6222747 0.6455704 0.7123049 0.7246108 0.7253632 0.7269894 0.7333004 0.7523975 0.7523975 0.7781677 1.5706104 1.8103382 1.1391628 1.1062013 0.9470625 0.8725224 0.8817424 0.9579448 1.0121221 1.0279806 0.9338016 1.1005782 0.9369159 0.9015655 1.1824486 1.7011087 1.9144149 1.9644740 1.8901233 1.6687512 1.4195024 1.5511460 1.5571606 1.5433408 1.4968931 1.4764583 1.3598506 1.4380782 1.5620817 1.1734422 2.0465550 2.1085865 2.3885526 3.1047447 2.7118683 2.4041564 2.3648476 2.0873980 2.4363175 2.6985110 2.0119872 
Skow_XM_002731204.2                                   0.4904037 0.0000000 0.5261279 0.4727660 0.4804965 0.5266356 0.5323685 0.5686840 0.5502421 0.5855976 0.6043453 0.5742069 0.6762740 0.6187992 0.6515242 0.6406945 0.7426580 0.5579039 0.5942060 0.6081855 0.6491636 0.5818215 0.5507461 0.5390230 0.7678237 0.7615952 0.7408364 0.7326240 0.7834907 0.7834907 0.8174842 1.3979467 1.8864486 0.9845951 1.0301251 0.7737444 0.9438130 0.8291453 0.8928980 0.9931549 0.9815081 0.9310522 1.1386948 0.7893864 0.8480452 1.2536513 1.7646525 1.9873151 2.1238631 1.7050016 1.7490674 1.3701915 1.5275984 1.5341551 1.5305391 1.3731037 1.4130780 1.2957322 1.2819838 1.7051336 1.2678153 1.9681616 2.2552460 2.3717967 2.8927855 2.4903126 2.3502090 2.1359975 1.9092699 2.5224789 2.9034949 1.8277835 
Cgig_XM_011449326.3                                   0.5280444 0.5261279 0.0000000 0.4720501 0.5198905 0.5827792 0.5149889 0.6053509 0.5476317 0.5979662 0.6067303 0.5488099 0.6570774 0.6241906 0.6493581 0.6831693 0.7528811 0.6128118 0.7162885 0.7156058 0.7068961 0.5654011 0.5975251 0.6326199 0.7772132 0.7702172 0.7621521 0.7579500 0.7804487 0.7804487 0.8117902 1.2353326 1.7621173 0.9499835 0.9807132 0.8238092 0.8701852 0.9846809 0.9389242 0.9882108 0.9919459 0.8771580 1.0854049 0.8473897 0.8234023 1.2938482 1.6998162 1.9634896 1.9834319 1.8800335 1.5264662 1.3011173 1.3826021 1.4517581 1.4567305 1.3628731 1.2878912 1.3080236 1.3981305 1.5835331 1.3667141 1.9944021 2.2971599 2.5245719 3.0957976 2.7709611 2.3602092 2.2366841 1.9823863 2.6193656 3.0048712 1.9128692 
Acagra_model.g32000.t1                                0.5223710 0.4727660 0.4720501 0.0000000 0.5229459 0.5048740 0.5001154 0.5582746 0.5482619 0.6093190 0.6017250 0.5227162 0.6516787 0.5884346 0.5970575 0.6483746 0.7146774 0.5025560 0.6293797 0.6531606 0.6348278 0.5921142 0.5807566 0.6283557 0.7902512 0.7884005 0.7660538 0.7759933 0.7808628 0.7808628 0.8339210 1.4280186 2.0762432 1.0251092 1.0626447 0.8733416 0.8930742 0.9020310 0.9491338 0.9726553 0.9548114 0.8946312 1.0244736 0.8943981 0.8375330 1.1786977 1.7569576 2.0759373 2.0651390 1.8436389 1.5604437 1.2262179 1.4315419 1.4362061 1.4168754 1.3447347 1.3380190 1.2679048 1.3181283 1.5599179 1.1641782 1.9736156 2.3805997 2.3498464 3.0132787 2.4482977 2.3138633 2.2071096 1.9352717 2.4962706 2.8701058 1.8705504 
Bralan_BLAG04000780_1                                 0.5234226 0.4804965 0.5198905 0.5229459 0.0000000 0.5525275 0.4046761 0.4984084 0.5714582 0.5882725 0.6165388 0.5085559 0.6572081 0.5544552 0.5644308 0.6305273 0.7928487 0.4772622 0.6554357 0.6383528 0.5999555 0.6078211 0.6273049 0.6233185 0.7701391 0.7567035 0.7041862 0.7086879 0.7276369 0.7276369 0.7904900 1.2002660 1.7937191 1.0203707 1.0180362 0.7735811 0.9467769 0.9119682 0.8591706 0.9096068 0.9652895 0.7694451 0.9239705 0.7520497 0.8135489 1.1319188 1.8296092 1.9684105 1.8841040 1.9214190 1.6613373 1.3646990 1.5052510 1.4641321 1.4851360 1.4576057 1.4915855 1.3366417 1.3478883 1.5084227 1.1935269 2.0391915 2.1391296 2.5585766 2.9981526 2.5828031 2.2211857 2.1501705 2.1085538 2.6170555 2.9428130 2.0607003 
Exapal_XM_021039225.2                                 0.6455975 0.5266356 0.5827792 0.5048740 0.5525275 0.0000000 0.3909883 0.2981665 0.3232324 0.3422781 0.3588023 0.2924660 0.4424296 0.3848522 0.4221026 0.4979849 0.6123452 0.4943778 0.5501500 0.5280175 0.5252482 0.6643199 0.6625113 0.6645566 0.7224064 0.7298008 0.7003297 0.7100555 0.7013656 0.7013656 0.7585054 1.3828808 1.9308921 0.8462300 0.8370238 0.7616905 0.8123133 0.8222165 0.7993941 0.9610868 0.9313241 0.9776937 1.0810057 0.8766487 0.7538404 1.1802664 1.7152120 1.8937474 1.9051470 1.8490239 1.5362352 1.3311709 1.5055023 1.4195318 1.4681628 1.3675572 1.4624333 1.3729797 1.4000825 1.5710059 1.3600164 1.7420486 2.2712607 2.3414678 2.9761395 2.4117770 2.2120712 2.1927555 1.9483394 2.3881197 2.3721591 1.6650676 
Adig_XM_015921384.1                                   0.5591732 0.5323685 0.5149889 0.5001154 0.4046761 0.3909883 0.0000000 0.0110745 0.1869330 0.2480649 0.2662848 0.1862513 0.3241838 0.5121948 0.5551700 0.4623678 0.6172364 0.4359093 0.4823436 0.5148465 0.5042426 0.6051377 0.5706988 0.6159828 0.7047754 0.6904125 0.6402669 0.6297026 0.6415799 0.6415799 0.7267803 0.9184370 1.5531223 0.8339944 0.8872164 0.7247195 0.6140277 0.8539324 0.8109135 1.0377424 0.9784442 0.9880609 1.1418859 0.9019159 0.6266750 1.1331864 1.3993572 1.6755563 1.6455247 1.7891710 1.4087994 1.2188896 1.2188896 1.2879715 1.2837496 1.2456509 1.4959615 1.3093152 1.2874084 1.4202450 1.0769324 1.6609912 2.0581134 1.8978598 2.8189406 2.2519516 1.8994908 1.9076280 1.8424834 2.3346350 2.1745208 2.8264090 
Amil_Amillepora15159-RA                               0.6415123 0.5686840 0.6053509 0.5582746 0.4984084 0.2981665 0.0110745 0.0000000 0.1230916 0.1706420 0.2028307 0.0938135 0.2291040 0.4633852 0.4707103 0.4559865 0.6086638 0.4315945 0.4847758 0.4929472 0.4907107 0.6793912 0.6501855 0.6317416 0.8467077 0.8415026 0.7935303 0.7926736 0.7992037 0.7992037 0.8758965 1.2648840 1.9112529 0.8619787 0.8793613 0.7398443 0.7513151 0.8672777 0.8756530 1.0199690 0.9731506 0.9759486 1.0742186 0.8784190 0.6674196 1.1094461 1.6922496 1.8774062 1.7805359 1.8702861 1.3950515 1.2265953 1.3514998 1.3472079 1.3704627 1.3540425 1.3300963 1.3450741 1.3604584 1.6392589 1.2383162 1.7935200 2.1591753 2.2747844 3.1841295 2.5252672 2.3821340 2.2842514 2.0169397 2.4370444 2.7390148 1.6586712 
Gasp_gasp1.m3.27575.m1                                0.6368537 0.5502421 0.5476317 0.5482619 0.5714582 0.3232324 0.1869330 0.1230916 0.0000000 0.1119437 0.1332107 0.1174588 0.1582229 0.4869859 0.5032617 0.4828601 0.6039291 0.4641654 0.4851971 0.5077227 0.4999047 0.6647209 0.6567616 0.6797382 0.8183106 0.8171326 0.8213013 0.8183057 0.8254204 0.8254204 0.8778901 1.2624222 1.9862770 0.8902659 0.9183835 0.7900402 0.7903346 0.8844436 0.8139830 1.0450667 1.0102013 1.0220442 1.1347914 0.9217358 0.6992289 1.0932070 1.7113346 1.8227296 1.8950528 1.8239454 1.5277976 1.3321186 1.4725992 1.4720021 1.4671624 1.4831349 1.4607911 1.4441902 1.4923737 1.6204282 1.3251170 1.8210761 2.0725694 2.4047333 3.3138031 2.6416588 2.2828134 2.1521521 1.8984678 2.4764705 2.8615626 1.4926126 
Spis_XP_022788053_1                                   0.6725381 0.5855976 0.5979662 0.6093190 0.5882725 0.3422781 0.2480649 0.1706420 0.1119437 0.0000000 0.0471662 0.1694650 0.2134967 0.5249099 0.5303051 0.5029409 0.6226417 0.4748750 0.4986257 0.5209242 0.5349074 0.6720705 0.7371013 0.7049627 0.8851316 0.8714195 0.8613989 0.8642494 0.8629776 0.8629776 0.9189220 1.2731656 1.9602035 0.9100484 0.9547753 0.8248748 0.7685983 0.9100816 0.8449083 1.0266624 1.0051245 1.0373970 1.1196089 0.9370844 0.7133526 1.1094371 1.7894757 1.8146540 1.8270855 1.8060455 1.5770372 1.3858373 1.5242766 1.5001406 1.5278084 1.5309821 1.4418524 1.5148841 1.5165367 1.6239677 1.3297168 1.8746324 2.2234050 2.4699920 3.2835100 2.7420859 2.3603568 2.2659504 1.9708252 2.5314719 2.9496998 1.6628938 
Pocdam_XM_027186728.1                                 0.6931404 0.6043453 0.6067303 0.6017250 0.6165388 0.3588023 0.2662848 0.2028307 0.1332107 0.0471662 0.0000000 0.1979266 0.2324985 0.5292733 0.5356781 0.5100585 0.6040375 0.5068918 0.4917572 0.5039641 0.5424508 0.6832179 0.7451675 0.7314597 0.8879276 0.8741102 0.8470943 0.8499190 0.8487411 0.8487411 0.9222730 1.2535918 1.9746001 0.8895734 0.9422608 0.8312785 0.7820634 0.9404014 0.8029067 1.0413481 1.0322381 1.1112066 1.1277530 0.9280125 0.6871840 1.1033573 1.8218504 1.8741611 1.8727765 1.8421414 1.5509657 1.3835149 1.5028794 1.4553953 1.4939255 1.4878761 1.4219364 1.4854395 1.5021345 1.6367122 1.3107344 1.8261489 2.2261172 2.5471514 3.3258860 2.7198735 2.3794688 2.2630998 2.0192426 2.5569089 2.9203504 1.6728030 
Gfas_gfas1.m1.2186.m1                                 0.6178769 0.5742069 0.5488099 0.5227162 0.5085559 0.2924660 0.1862513 0.0938135 0.1174588 0.1694650 0.1979266 0.0000000 0.2107688 0.4751655 0.4651808 0.4761875 0.6113962 0.4636471 0.4769719 0.4899135 0.4651057 0.6427741 0.6236162 0.5734621 0.7336063 0.7388141 0.7176185 0.7157401 0.7259888 0.7259888 0.7872855 1.1788537 1.8151298 0.8453516 0.8424424 0.7869736 0.7193616 0.8753206 0.7960469 1.0339081 1.0059853 0.9605779 1.0951361 0.9649284 0.6958639 1.0029534 1.6761470 1.7988163 1.7958824 1.8603379 1.4766171 1.2303416 1.3963177 1.3459763 1.3586762 1.4190519 1.3465417 1.3511852 1.3936351 1.6021207 1.2149329 1.7504933 2.1886271 2.4621367 3.2018447 2.7373118 2.3036487 2.3005076 1.9764593 2.4366580 2.6715393 1.5927672 
Fspp_ffun1.m4.2534.m1                                 0.7046645 0.6762740 0.6570774 0.6516787 0.6572081 0.4424296 0.3241838 0.2291040 0.1582229 0.2134967 0.2324985 0.2107688 0.0000000 0.6049658 0.5998865 0.5711998 0.7302840 0.4626874 0.5664261 0.5779923 0.5851261 0.6996397 0.7752432 0.7622639 0.9445481 0.9432414 0.9360035 0.9389641 0.9280039 0.9280039 1.0249164 2.2259603 1.9649843 0.9362654 0.9335023 0.9199406 0.8440385 0.9866748 0.9188023 1.1584745 1.1313441 1.2674749 1.2394475 1.1189856 0.6641668 1.2328091 1.8635736 2.0649239 2.0417658 2.0625091 1.5656687 1.4577417 1.5746287 1.5604921 1.5315154 1.5841844 1.3890422 1.5366770 1.5195347 1.7566994 1.2999574 2.0044129 2.3314759 2.6447604 3.6626328 2.9165511 2.2604046 2.2999851 2.1382664 2.4453652 2.8631032 1.6007442 
Dgig_XM_028542759.1                                   0.6602582 0.6187992 0.6241906 0.5884346 0.5544552 0.3848522 0.5121948 0.4633852 0.4869859 0.5249099 0.5292733 0.4751655 0.6049658 0.0000000 0.2069752 0.4972484 0.6813055 0.5339862 0.5576904 0.5496641 0.5196230 0.7001541 0.7739690 0.6901156 0.7970953 0.7880100 0.7466799 0.7353132 0.7335438 0.7335438 0.8035459 1.6203515 1.8369805 0.9551378 0.9296284 0.7780654 0.8110288 0.8165008 0.9020445 0.9165665 0.9301786 1.0085504 0.9695767 0.9473891 0.7547018 1.1456430 1.6697155 2.0857298 2.0061713 1.8718409 1.5375268 1.3183637 1.4758074 1.3755262 1.4429284 1.4254525 1.4078987 1.4293258 1.3983259 1.4553411 1.2635487 1.9174756 2.0742356 2.4667177 3.0815242 2.5590431 2.1782876 2.2163118 2.0219131 2.4730658 2.7583639 1.7689110 
Xesp_012415-T1                                        0.6668887 0.6515242 0.6493581 0.5970575 0.5644308 0.4221026 0.5551700 0.4707103 0.5032617 0.5303051 0.5356781 0.4651808 0.5998865 0.2069752 0.0000000 0.5801793 0.7188579 0.5310130 0.6148782 0.6153906 0.5533706 0.7433002 0.7631358 0.7029278 0.7161751 0.7269655 0.7050519 0.7059172 0.7073767 0.7073767 0.7327869 1.6093874 1.9282066 1.0006751 0.9243819 0.7721324 0.8348429 0.8119362 0.9091289 0.9598537 0.9397740 1.0907630 0.9903131 0.9930703 0.7814325 1.0531950 1.7588646 2.0516891 1.9657245 1.8251022 1.5264499 1.2883629 1.4277652 1.3375890 1.4006419 1.3697198 1.4062357 1.3274382 1.3083116 1.5206157 1.1577473 1.9093611 2.0162891 2.5800681 2.9258576 2.5030992 2.2136258 2.0342454 2.0044040 2.3068052 2.9609166 1.8066820 
Morvir_scaffold7.g19.t1                               0.6722674 0.6406945 0.6831693 0.6483746 0.6305273 0.4979849 0.4623678 0.4559865 0.4828601 0.5029409 0.5100585 0.4761875 0.5711998 0.4972484 0.5801793 0.0000000 0.5877449 0.4361416 0.5061907 0.5294505 0.5163052 0.7153248 0.6834926 0.7360007 0.8158054 0.8060657 0.7869510 0.8084033 0.7840194 0.7840194 0.8399578 1.5447250 1.7810005 1.0044482 0.9781626 0.7820525 0.8230328 0.8185690 0.9322917 1.0651859 1.0482727 1.1042114 1.0873875 0.8853329 0.7731984 1.1980284 1.9482599 1.9432089 1.9985070 2.0249662 1.4576761 1.2550247 1.3736521 1.3608817 1.3265736 1.3853148 1.4239922 1.3325403 1.3641581 1.5641695 1.2685288 1.9427042 2.2075901 2.5393397 3.0540290 2.7514143 2.1445908 2.3069201 2.0772747 2.3610292 3.1345090 1.9713103 
Hvul_g30665_1                                         0.8122640 0.7426580 0.7528811 0.7146774 0.7928487 0.6123452 0.6172364 0.6086638 0.6039291 0.6226417 0.6040375 0.6113962 0.7302840 0.6813055 0.7188579 0.5877449 0.0000000 0.3248553 0.4975132 0.4856684 0.4904139 0.8959942 0.7844346 0.8051971 0.8768628 0.8833886 0.8990383 0.9226343 0.9182455 0.9182455 0.9904315 1.3237453 2.3177444 1.0300362 1.0380228 0.9774623 1.0133415 1.0467720 0.9502403 1.2359885 1.2068413 1.1512318 1.2237020 1.0437295 0.8866033 1.3336996 1.9934353 2.3110436 2.0893314 2.2781144 1.7178859 1.3385211 1.5730039 1.5698477 1.5618085 1.5387584 1.4997365 1.3736719 1.4196312 1.7495199 1.4014417 2.2473245 2.3772062 2.9358819 2.9653172 2.9770065 2.4288703 2.3675364 2.2385004 2.6446180 2.6334583 2.3355023 
Chem_TCONS_00043236                                   0.4662531 0.5579039 0.6128118 0.5025560 0.4772622 0.4943778 0.4359093 0.4315945 0.4641654 0.4748750 0.5068918 0.4636471 0.4626874 0.5339862 0.5310130 0.4361416 0.3248553 0.0000000 0.4350485 0.4713385 0.3919540 0.6246994 0.5832089 0.7398211 0.6459318 0.6223211 0.6452378 0.6467931 0.6554582 0.6554582 0.7301711 1.7750191 1.7599057 0.8885695 0.9815185 0.7932221 0.7167747 0.8872858 0.8618163 1.0565291 0.9980772 0.9973866 1.1237213 1.0093736 0.6317978 1.1224787 1.5397408 1.8032059 1.8250335 1.8452072 1.3378543 1.3223851 1.3223851 1.4541596 1.3981568 1.3310805 1.5292770 1.2708531 1.1643129 1.4695652 0.9830765 1.7741884 2.2540859 2.3870168 2.8702308 2.6194278 1.7377548 1.7276382 1.8396008 1.8764438 2.2958525 3.8990328 
Nemnom_g5874.t1                                       0.6862076 0.5942060 0.7162885 0.6293797 0.6554357 0.5501500 0.4823436 0.4847758 0.4851971 0.4986257 0.4917572 0.4769719 0.5664261 0.5576904 0.6148782 0.5061907 0.4975132 0.4350485 0.0000000 0.0826775 0.2952859 0.7450601 0.7217720 0.7810353 0.8442594 0.8395404 0.8172845 0.8171506 0.8268030 0.8268030 0.8720006 1.3167367 2.0020283 1.0772721 1.0723696 0.9175587 0.9194943 0.8969646 0.8700058 1.1358410 1.1252661 1.0461484 1.2179320 0.9083326 0.7936714 1.2646263 1.7534593 2.0743239 2.0850384 1.9056548 1.4984990 1.2541200 1.3848607 1.4417818 1.3736269 1.3260969 1.3780798 1.2830249 1.3471238 1.6497487 1.4035852 2.0136938 2.1935362 2.6419844 2.9655018 2.8356038 2.2336001 2.2794826 2.0610364 2.5808885 3.1786176 2.1206498 
Rhoesc_Res_007155-T1                                  0.6960899 0.6081855 0.7156058 0.6531606 0.6383528 0.5280175 0.5148465 0.4929472 0.5077227 0.5209242 0.5039641 0.4899135 0.5779923 0.5496641 0.6153906 0.5294505 0.4856684 0.4713385 0.0826775 0.0000000 0.2886283 0.7677224 0.7299961 0.7790092 0.8957716 0.8925666 0.8622740 0.8622793 0.8737045 0.8737045 0.9267381 1.4949601 1.9215551 1.0502817 1.0458429 0.9080674 0.9053937 0.8851751 0.8723253 1.1298464 1.1137060 0.9983434 1.1960862 0.9200577 0.8257299 1.2882164 1.7824748 2.1190764 2.0953600 1.9314167 1.5005354 1.2378936 1.3900534 1.4322519 1.4041393 1.3022053 1.3586806 1.2377326 1.3048180 1.6492550 1.4256798 2.0600117 2.1803731 2.6416976 3.0303274 2.9194989 2.2781246 2.2502874 2.0335991 2.5217318 2.9966098 2.1138297 
Sanmal_Sma_015061-T1                                  0.7084847 0.6491636 0.7068961 0.6348278 0.5999555 0.5252482 0.5042426 0.4907107 0.4999047 0.5349074 0.5424508 0.4651057 0.5851261 0.5196230 0.5533706 0.5163052 0.4904139 0.3919540 0.2952859 0.2886283 0.0000000 0.8252935 0.7171796 0.7259053 0.9001253 0.8851586 0.8674530 0.8733592 0.8853767 0.8853767 0.9470602 1.5914022 2.0060786 1.0130808 1.0604065 0.8895731 0.9139949 0.9348472 0.9512193 1.0948818 1.0575980 1.0433139 1.1972715 1.0078334 0.7325271 1.2110763 1.8643339 2.1167680 2.0954975 2.0308254 1.4674904 1.2492886 1.3768276 1.4186120 1.4079266 1.3419263 1.4098156 1.3040770 1.2681360 1.5668827 1.4568222 1.8740443 2.2612998 2.4212967 2.8642765 2.7849794 2.2230253 2.1946036 2.0297892 2.5037812 3.1810028 2.2259849 
Ctel_gnl_WGS_AMQN_CAPTEDRAFT_mRNA19562                0.6222747 0.5818215 0.5654011 0.5921142 0.6078211 0.6643199 0.6051377 0.6793912 0.6647209 0.6720705 0.6832179 0.6427741 0.6996397 0.7001541 0.7433002 0.7153248 0.8959942 0.6246994 0.7450601 0.7677224 0.8252935 0.0000000 0.7437656 0.6645148 0.8466657 0.8643402 0.8069538 0.8148212 0.8053669 0.8053669 0.8475956 1.0791861 2.0116631 1.1243000 1.1130750 0.9652223 0.8991551 0.9822295 1.0449927 1.1172108 1.1506573 0.8792459 1.2356495 0.9202877 0.9477930 1.2662319 1.7744716 1.8233844 1.8409843 1.8133765 1.6462565 1.3189303 1.4362897 1.4413018 1.4321674 1.4173246 1.4204644 1.3346217 1.3742896 1.6763498 1.2617069 2.2422311 2.1291034 2.3697834 3.4910109 2.9386536 2.3177652 2.3685368 2.1093309 2.4189441 2.8187507 1.7992201 
Spur_XM_780890.5                                      0.6455704 0.5507461 0.5975251 0.5807566 0.6273049 0.6625113 0.5706988 0.6501855 0.6567616 0.7371013 0.7451675 0.6236162 0.7752432 0.7739690 0.7631358 0.6834926 0.7844346 0.5832089 0.7217720 0.7299961 0.7171796 0.7437656 0.0000000 0.6980934 0.6895883 0.7051227 0.7113334 0.7042786 0.7050864 0.7050864 0.7370388 1.4846708 1.8297153 1.0359580 1.1064213 0.8725144 0.8954903 1.0074164 0.9111619 0.9752093 0.9515160 0.9680384 1.0534605 0.8889283 0.8399915 1.2091084 1.6376325 1.8917061 1.9959258 1.8322596 1.5394199 1.2595436 1.3365811 1.5078168 1.4134889 1.2880672 1.4380312 1.2743003 1.2893452 1.5107084 1.2583716 1.8794366 2.2480374 2.4293496 2.7151838 2.8586038 2.2459941 2.3423040 2.0918660 2.7230367 2.7581155 2.0853980 
Cscu_XM_023364211.1                                   0.7123049 0.5390230 0.6326199 0.6283557 0.6233185 0.6645566 0.6159828 0.6317416 0.6797382 0.7049627 0.7314597 0.5734621 0.7622639 0.6901156 0.7029278 0.7360007 0.8051971 0.7398211 0.7810353 0.7790092 0.7259053 0.6645148 0.6980934 0.0000000 0.9449598 0.9290220 0.8641203 0.8817760 0.8724207 0.8724207 0.9161314 1.4037328 1.9811189 1.0929465 1.1075770 0.9516363 0.9226739 0.9682822 0.9993142 1.0316462 1.0670513 0.9871886 1.1750824 0.9980900 0.8692438 1.2663676 1.8431368 2.0950023 2.0601345 2.0919625 1.5158734 1.2326375 1.3851624 1.4269442 1.4607386 1.3102628 1.3541044 1.2590869 1.3007103 1.6901602 1.2075695 2.1055825 2.1060645 2.5353300 3.1320059 2.8612648 2.2163724 2.2204370 2.2741563 2.5878696 3.0452710 1.9918185 
Tadh_TriadT26289                                      0.7246108 0.7678237 0.7772132 0.7902512 0.7701391 0.7224064 0.7047754 0.8467077 0.8183106 0.8851316 0.8879276 0.7336063 0.9445481 0.7970953 0.7161751 0.8158054 0.8768628 0.6459318 0.8442594 0.8957716 0.9001253 0.8466657 0.6895883 0.9449598 0.0000000 0.0335241 0.1451484 0.1606525 0.1611003 0.1611003 0.1930867 1.7019900 2.1029968 1.2605057 1.2449670 1.0062192 1.0278053 1.0185827 1.0873378 1.3884065 1.3031103 1.3178939 1.4159228 1.1447314 1.0763955 1.2143899 1.8844692 2.0541287 2.1310479 2.1489128 1.8401177 1.6587661 1.7073434 1.7381859 1.6638996 1.7054379 1.6757366 1.5819419 1.5433042 1.8523147 1.4023899 2.1173175 2.3242901 2.8053771 2.9617102 2.9370518 2.3546319 2.2444857 2.4002538 2.6919999 3.6130926 2.2211958 
TrH2_TrispH2_003266-RA                                0.7253632 0.7615952 0.7702172 0.7884005 0.7567035 0.7298008 0.6904125 0.8415026 0.8171326 0.8714195 0.8741102 0.7388141 0.9432414 0.7880100 0.7269655 0.8060657 0.8833886 0.6223211 0.8395404 0.8925666 0.8851586 0.8643402 0.7051227 0.9290220 0.0335241 0.0000000 0.1179520 0.1294006 0.1377172 0.1377172 0.1678572 1.6098117 2.0766723 1.2386635 1.2308565 0.9898204 1.0102881 0.9816646 1.0810275 1.3563152 1.2963605 1.2940689 1.3969108 1.1155645 1.0587239 1.1749197 1.8509066 2.0069468 2.1405679 2.0844507 1.7792439 1.6148332 1.6668260 1.6802926 1.6179324 1.6732021 1.6296615 1.5399776 1.4815285 1.8332671 1.3722647 2.1133797 2.2076402 2.7675543 3.0226194 2.9158090 2.3270638 2.2030422 2.3254979 2.7030341 3.6478069 2.2090293 
HoiH06_mRNA6114                                       0.7269894 0.7408364 0.7621521 0.7660538 0.7041862 0.7003297 0.6402669 0.7935303 0.8213013 0.8613989 0.8470943 0.7176185 0.9360035 0.7466799 0.7050519 0.7869510 0.8990383 0.6452378 0.8172845 0.8622740 0.8674530 0.8069538 0.7113334 0.8641203 0.1451484 0.1179520 0.0000000 0.0168605 0.0484427 0.0484427 0.1065921 1.6608027 2.0468458 1.2473048 1.2184601 0.9528144 1.0131081 0.9401110 1.1255762 1.2619357 1.2582957 1.2185619 1.3340813 1.0596202 1.0401057 1.1991524 1.8540782 2.0567657 2.1591334 2.0680431 1.6898119 1.6106709 1.6557922 1.6168845 1.5701357 1.5935762 1.6392607 1.5237645 1.5153103 1.7772246 1.3795206 2.0422540 2.2493957 2.6545195 3.0592863 2.7568878 2.2586828 2.1946531 2.2804141 2.5568177 3.5663638 2.2870298 
HoiH23_PlH23_004443-RA                                0.7333004 0.7326240 0.7579500 0.7759933 0.7086879 0.7100555 0.6297026 0.7926736 0.8183057 0.8642494 0.8499190 0.7157401 0.9389641 0.7353132 0.7059172 0.8084033 0.9226343 0.6467931 0.8171506 0.8622793 0.8733592 0.8148212 0.7042786 0.8817760 0.1606525 0.1294006 0.0168605 0.0000000 0.0591262 0.0591262 0.1182403 1.6608027 2.0562813 1.2528434 1.2349210 0.9549113 1.0086622 0.9378819 1.1310168 1.2654285 1.2648171 1.2509452 1.3592608 1.0938564 1.0373340 1.2067774 1.8605338 2.0452190 2.1452122 2.0800735 1.6873453 1.5970631 1.6433215 1.6044583 1.5581221 1.5690868 1.6251792 1.5056457 1.4951523 1.7563240 1.4212165 2.0606753 2.2837987 2.6644759 3.0391911 2.7901319 2.3158311 2.2078645 2.3255117 2.5518379 3.4346866 2.3263362 
Hhon_g04618.t1                                        0.7523975 0.7834907 0.7804487 0.7808628 0.7276369 0.7013656 0.6415799 0.7992037 0.8254204 0.8629776 0.8487411 0.7259888 0.9280039 0.7335438 0.7073767 0.7840194 0.9182455 0.6554582 0.8268030 0.8737045 0.8853767 0.8053669 0.7050864 0.8724207 0.1611003 0.1377172 0.0484427 0.0591262 0.0000000 0.0000010 0.1034370 1.6569158 2.0711356 1.2478457 1.2301435 0.9803272 1.0265056 0.9541682 1.1611890 1.3049833 1.2880969 1.2779318 1.3645222 1.0507511 1.0723403 1.2520222 1.9093454 2.0365928 2.1338528 2.0951539 1.7109406 1.5713222 1.6425922 1.6353108 1.6012429 1.6074967 1.6230753 1.5447154 1.5428222 1.7821399 1.4000656 2.1088615 2.2287291 2.7541406 3.1581216 2.8096323 2.2724360 2.2786908 2.3558817 2.5670973 3.5959498 2.3951945 
HoiH04_mRNA4410                                       0.7523975 0.7834907 0.7804487 0.7808628 0.7276369 0.7013656 0.6415799 0.7992037 0.8254204 0.8629776 0.8487411 0.7259888 0.9280039 0.7335438 0.7073767 0.7840194 0.9182455 0.6554582 0.8268030 0.8737045 0.8853767 0.8053669 0.7050864 0.8724207 0.1611003 0.1377172 0.0484427 0.0591262 0.0000010 0.0000000 0.1034370 1.6569158 2.0711356 1.2478457 1.2301435 0.9803272 1.0265056 0.9541682 1.1611890 1.3049833 1.2880969 1.2779318 1.3645222 1.0507511 1.0723403 1.2520222 1.9093454 2.0365928 2.1338528 2.0951539 1.7109406 1.5713222 1.6425922 1.6353108 1.6012429 1.6074967 1.6230753 1.5447154 1.5428222 1.7821399 1.4000656 2.1088615 2.2287291 2.7541406 3.1581216 2.8096323 2.2724360 2.2786908 2.3558817 2.5670973 3.5959498 2.3951945 
HoiH11_mRNA1141                                       0.7781677 0.8174842 0.8117902 0.8339210 0.7904900 0.7585054 0.7267803 0.8758965 0.8778901 0.9189220 0.9222730 0.7872855 1.0249164 0.8035459 0.7327869 0.8399578 0.9904315 0.7301711 0.8720006 0.9267381 0.9470602 0.8475956 0.7370388 0.9161314 0.1930867 0.1678572 0.1065921 0.1182403 0.1034370 0.1034370 0.0000000 1.6975144 2.1504735 1.2997358 1.2949852 0.9957272 1.0256558 0.9732645 1.1705834 1.3707657 1.3405884 1.2985468 1.4049239 1.0154625 1.1070038 1.2816905 1.9792120 2.0743143 2.2960134 2.1243058 1.7853744 1.6660266 1.7126223 1.6874423 1.6255090 1.6814375 1.6912411 1.6572601 1.4971352 1.8739919 1.3929269 2.2057055 2.2275209 2.6893939 3.1288856 2.9920860 2.3669820 2.2887696 2.3041228 2.6188926 3.8200677 2.3608172 
Salurc_EP00051_Salpingoeca_urceolata_P031069          1.5706104 1.3979467 1.2353326 1.4280186 1.2002660 1.3828808 0.9184370 1.2648840 1.2624222 1.2731656 1.2535918 1.1788537 2.2259603 1.6203515 1.6093874 1.5447250 1.3237453 1.7750191 1.3167367 1.4949601 1.5914022 1.0791861 1.4846708 1.4037328 1.7019900 1.6098117 1.6608027 1.6608027 1.6569158 1.6569158 1.6975144 0.0000000 0.5298500 3.4757672 2.8756576 1.4270715 2.0004529 2.1198593 1.9580232 1.5208082 1.7668030 1.0204438 1.6366881 1.3243119 2.9034190 1.8321257 1.4219078 1.3563677 1.2277384 1.7738070 4.0909896 1.3318680 1.3318680 1.5454015 1.4559331 1.4478440 3.1433597 1.5280070 1.8705228 1.1343481 2.1137148 2.0884985 1.4073726 1.7372784 2.1427147 1.9357516 2.0730418 3.0965403 1.5620347 4.9024951 1.9544198 9.0000000 
Salpun_EP00053_Salpingoeca_punica_P007826             1.8103382 1.8864486 1.7621173 2.0762432 1.7937191 1.9308921 1.5531223 1.9112529 1.9862770 1.9602035 1.9746001 1.8151298 1.9649843 1.8369805 1.9282066 1.7810005 2.3177444 1.7599057 2.0020283 1.9215551 2.0060786 2.0116631 1.8297153 1.9811189 2.1029968 2.0766723 2.0468458 2.0562813 2.0711356 2.0711356 2.1504735 0.5298500 0.0000000 2.3805691 2.3979017 2.1089354 1.6983230 1.9580427 2.0797008 2.1544749 2.1765018 2.1147082 2.5343012 2.1793090 2.1569395 2.4299283 1.9677861 2.0440485 1.9130706 2.1228146 2.5015896 2.1010745 2.3192783 2.3862734 2.3087393 2.4200815 2.2819377 2.3588874 2.1406732 1.5417533 2.3011238 1.6459209 2.3377145 2.7326983 2.7704828 3.2192906 2.3780665 2.4696378 2.0031327 2.3641462 5.7546827 4.4192514 
Emue_Em0010g835a.t1                                   1.1391628 0.9845951 0.9499835 1.0251092 1.0203707 0.8462300 0.8339944 0.8619787 0.8902659 0.9100484 0.8895734 0.8453516 0.9362654 0.9551378 1.0006751 1.0044482 1.0300362 0.8885695 1.0772721 1.0502817 1.0130808 1.1243000 1.0359580 1.0929465 1.2605057 1.2386635 1.2473048 1.2528434 1.2478457 1.2478457 1.2997358 3.4757672 2.3805691 0.0000000 0.1341479 0.6599697 0.6447462 0.9587423 1.1856842 1.4575413 1.4277973 1.2833243 1.3635472 1.3295500 0.9689040 1.0612126 2.0272421 2.1265869 2.1163281 2.1857708 1.7271137 1.6220932 1.8168182 1.7926969 1.8236105 1.7008828 1.6357253 1.5863214 1.6537034 1.9485626 1.6117931 2.2106742 3.0611250 2.6453962 3.3031279 2.7655543 2.8604950 2.7211008 2.3912356 2.8552126 3.6784764 1.5565238 
Spolac_c100177_g1_i1_m.21714c100177-g1                1.1062013 1.0301251 0.9807132 1.0626447 1.0180362 0.8370238 0.8872164 0.8793613 0.9183835 0.9547753 0.9422608 0.8424424 0.9335023 0.9296284 0.9243819 0.9781626 1.0380228 0.9815185 1.0723696 1.0458429 1.0604065 1.1130750 1.1064213 1.1075770 1.2449670 1.2308565 1.2184601 1.2349210 1.2301435 1.2301435 1.2949852 2.8756576 2.3979017 0.1341479 0.0000000 0.6490591 0.6838883 0.9675211 1.1770919 1.4967803 1.4812096 1.3730412 1.3952650 1.4457425 1.0095124 1.0368395 2.0726539 2.1764754 2.1587991 2.1572031 1.8397854 1.7138079 1.8769378 1.7824115 1.8258920 1.7499729 1.7342081 1.6149101 1.6710685 1.9231909 1.5907424 2.2784174 2.9120679 2.7326230 3.1284735 2.6140813 2.7966206 2.5503011 2.2005713 2.8798531 3.7375676 1.4231779 
Tetwil_g13008.t1                                      0.9470625 0.7737444 0.8238092 0.8733416 0.7735811 0.7616905 0.7247195 0.7398443 0.7900402 0.8248748 0.8312785 0.7869736 0.9199406 0.7780654 0.7721324 0.7820525 0.9774623 0.7932221 0.9175587 0.9080674 0.8895731 0.9652223 0.8725144 0.9516363 1.0062192 0.9898204 0.9528144 0.9549113 0.9803272 0.9803272 0.9957272 1.4270715 2.1089354 0.6599697 0.6490591 0.0000000 0.4436920 0.7552614 1.0284018 1.1738197 1.1143650 1.0500599 1.2336982 1.1242801 0.9566152 0.9170776 1.8944114 1.9238790 2.0718264 1.8414491 1.6647117 1.3611857 1.4997559 1.4365877 1.4203421 1.4198653 1.4131502 1.3270581 1.3633272 1.6094735 1.5947962 2.2111072 2.2842884 2.4730323 3.0247428 2.4663567 2.4294819 2.4927239 2.1810530 2.8237916 3.5761834 1.2947747 
Stycar_maker-SC_scaffold2282-snap-gene-0.29-mRNA-1    0.8725224 0.9438130 0.8701852 0.8930742 0.9467769 0.8123133 0.6140277 0.7513151 0.7903346 0.7685983 0.7820634 0.7193616 0.8440385 0.8110288 0.8348429 0.8230328 1.0133415 0.7167747 0.9194943 0.9053937 0.9139949 0.8991551 0.8954903 0.9226739 1.0278053 1.0102881 1.0131081 1.0086622 1.0265056 1.0265056 1.0256558 2.0004529 1.6983230 0.6447462 0.6838883 0.4436920 0.0000000 0.8598276 0.9763111 1.1325953 1.0287659 0.5507237 1.1946433 0.7725030 0.7319184 0.7549907 1.9013879 1.7195835 1.7143836 1.7615273 1.2622811 1.0520364 1.3769436 1.2365819 1.3218228 1.2243039 0.9055583 1.0717426 0.9423912 1.4614695 1.6220403 1.5506134 2.0452758 2.5456582 2.7347017 2.7760138 2.5465455 2.6098151 1.9797393 2.5635914 6.5159569 1.5797022 
Plespi_Pspi_C608560_01                                0.8817424 0.8291453 0.9846809 0.9020310 0.9119682 0.8222165 0.8539324 0.8672777 0.8844436 0.9100816 0.9404014 0.8753206 0.9866748 0.8165008 0.8119362 0.8185690 1.0467720 0.8872858 0.8969646 0.8851751 0.9348472 0.9822295 1.0074164 0.9682822 1.0185827 0.9816646 0.9401110 0.9378819 0.9541682 0.9541682 0.9732645 2.1198593 1.9580427 0.9587423 0.9675211 0.7552614 0.8598276 0.0000000 1.1118282 1.3689408 1.3516371 1.2184249 1.3930376 1.1786780 1.0606832 1.0921676 1.9619302 1.9575637 2.1060605 2.0692934 1.6987730 1.3609731 1.5146394 1.4985485 1.5032808 1.4097137 1.3713381 1.2960806 1.3264277 1.5861816 1.6823463 1.9757666 2.1953565 2.5389483 2.8796442 2.6912854 2.2298817 2.3581212 2.0829051 2.6813662 4.6451845 1.8894351 
Opea_EP00118_Oscarella_pearsei_P011701                0.9579448 0.8928980 0.9389242 0.9491338 0.8591706 0.7993941 0.8109135 0.8756530 0.8139830 0.8449083 0.8029067 0.7960469 0.9188023 0.9020445 0.9091289 0.9322917 0.9502403 0.8618163 0.8700058 0.8723253 0.9512193 1.0449927 0.9111619 0.9993142 1.0873378 1.0810275 1.1255762 1.1310168 1.1611890 1.1611890 1.1705834 1.9580232 2.0797008 1.1856842 1.1770919 1.0284018 0.9763111 1.1118282 0.0000000 1.3089796 1.2870951 1.2333042 1.3664364 1.1034983 0.7416114 1.2245675 2.1069211 2.2810828 2.3189345 2.0504612 1.8362627 1.5253412 1.7180311 1.5588488 1.6966128 1.6741233 1.4854647 1.4440306 1.4444836 1.7891627 1.5239797 2.3365121 2.7073583 2.9073358 2.9115293 3.0245714 2.5765253 2.3009935 2.2180879 2.8437561 3.3933983 2.2950919 
Scil_scict022741.1                                    1.0121221 0.9931549 0.9882108 0.9726553 0.9096068 0.9610868 1.0377424 1.0199690 1.0450667 1.0266624 1.0413481 1.0339081 1.1584745 0.9165665 0.9598537 1.0651859 1.2359885 1.0565291 1.1358410 1.1298464 1.0948818 1.1172108 0.9752093 1.0316462 1.3884065 1.3563152 1.2619357 1.2654285 1.3049833 1.3049833 1.3707657 1.5208082 2.1544749 1.4575413 1.4967803 1.1738197 1.1325953 1.3689408 1.3089796 0.0000000 0.2166575 0.4377643 0.3657091 0.6365410 1.0747469 1.4412242 1.8292403 2.0500489 2.0500895 1.9839859 1.8403139 1.4412684 1.6515840 1.6551460 1.6292313 1.5115846 1.6067279 1.5213567 1.5055113 1.7987746 1.6799391 2.2223418 2.3503744 2.5646159 3.1788974 2.8330151 2.5130116 2.6602990 2.3492101 2.6827615 3.6872828 1.9108537 
Gracom_Gcom_C546678_01                                1.0279806 0.9815081 0.9919459 0.9548114 0.9652895 0.9313241 0.9784442 0.9731506 1.0102013 1.0051245 1.0322381 1.0059853 1.1313441 0.9301786 0.9397740 1.0482727 1.2068413 0.9980772 1.1252661 1.1137060 1.0575980 1.1506573 0.9515160 1.0670513 1.3031103 1.2963605 1.2582957 1.2648171 1.2880969 1.2880969 1.3405884 1.7668030 2.1765018 1.4277973 1.4812096 1.1143650 1.0287659 1.3516371 1.2870951 0.2166575 0.0000000 0.3686136 0.3661526 0.6409770 1.1521727 1.4379826 1.8854557 2.0835942 2.1268575 1.9495107 1.9747171 1.5721677 1.7642275 1.7316506 1.7504496 1.5871231 1.7522542 1.5478918 1.5678144 1.9085092 1.6662495 2.2251981 2.3008518 2.6316511 3.3315257 2.9041171 2.6556513 2.6343401 2.3898754 2.7791352 3.7088748 1.8407103 
Leuniv_Lniv_C803258_01                                0.9338016 0.9310522 0.8771580 0.8946312 0.7694451 0.9776937 0.9880609 0.9759486 1.0220442 1.0373970 1.1112066 0.9605779 1.2674749 1.0085504 1.0907630 1.1042114 1.1512318 0.9973866 1.0461484 0.9983434 1.0433139 0.8792459 0.9680384 0.9871886 1.3178939 1.2940689 1.2185619 1.2509452 1.2779318 1.2779318 1.2985468 1.0204438 2.1147082 1.2833243 1.3730412 1.0500599 0.5507237 1.2184249 1.2333042 0.4377643 0.3686136 0.0000000 0.5131363 0.6782090 1.1953543 1.4679719 1.8293185 2.2643098 2.4016935 2.1597044 2.3235855 1.7762476 1.7762476 1.7529321 1.7893826 1.7375824 2.1358914 1.5066757 1.7460642 1.8359411 1.4099528 2.2823269 2.5219618 2.3080608 3.1381042 2.3795208 2.5523274 2.6939361 2.2361345 2.9851806 3.0097988 2.5401240 
Lcom_lcpid98214                                       1.1005782 1.1386948 1.0854049 1.0244736 0.9239705 1.0810057 1.1418859 1.0742186 1.1347914 1.1196089 1.1277530 1.0951361 1.2394475 0.9695767 0.9903131 1.0873875 1.2237020 1.1237213 1.2179320 1.1960862 1.1972715 1.2356495 1.0534605 1.1750824 1.4159228 1.3969108 1.3340813 1.3592608 1.3645222 1.3645222 1.4049239 1.6366881 2.5343012 1.3635472 1.3952650 1.2336982 1.1946433 1.3930376 1.3664364 0.3657091 0.3661526 0.5131363 0.0000000 0.7735603 1.2401467 1.5021951 2.0231317 2.3001326 2.2392851 2.0278560 1.9240223 1.4917434 1.7232984 1.7239272 1.7398714 1.5939741 1.6375115 1.5828767 1.6681362 2.0500434 1.7313187 2.3216729 2.4273109 2.7936942 3.5212005 2.9156646 2.8303379 2.8576374 2.5818076 2.7520199 3.9689530 2.0901225 
Clacor_Ccor_scaffold731_01                            0.9369159 0.7893864 0.8473897 0.8943981 0.7520497 0.8766487 0.9019159 0.8784190 0.9217358 0.9370844 0.9280125 0.9649284 1.1189856 0.9473891 0.9930703 0.8853329 1.0437295 1.0093736 0.9083326 0.9200577 1.0078334 0.9202877 0.8889283 0.9980900 1.1447314 1.1155645 1.0596202 1.0938564 1.0507511 1.0507511 1.0154625 1.3243119 2.1793090 1.3295500 1.4457425 1.1242801 0.7725030 1.1786780 1.1034983 0.6365410 0.6409770 0.6782090 0.7735603 0.0000000 1.0932593 1.3092429 1.8272904 2.2268905 2.3641967 1.7587840 2.1420378 1.5717990 1.5717990 1.5673005 1.4735853 1.4549972 1.9409418 1.3748138 1.4405556 1.7497131 1.3918342 1.9053401 2.6256414 2.4898861 2.2968834 2.1816046 1.6769030 1.9054271 1.8020906 2.2107034 3.2410821 3.2545138 
Plajan_Pjan_scaffold19348_01                          0.9015655 0.8480452 0.8234023 0.8375330 0.8135489 0.7538404 0.6266750 0.6674196 0.6992289 0.7133526 0.6871840 0.6958639 0.6641668 0.7547018 0.7814325 0.7731984 0.8866033 0.6317978 0.7936714 0.8257299 0.7325271 0.9477930 0.8399915 0.8692438 1.0763955 1.0587239 1.0401057 1.0373340 1.0723403 1.0723403 1.1070038 2.9034190 2.1569395 0.9689040 1.0095124 0.9566152 0.7319184 1.0606832 0.7416114 1.0747469 1.1521727 1.1953543 1.2401467 1.0932593 0.0000000 1.0569200 1.9229576 2.3171270 2.2909480 2.2121432 1.4785519 1.3857510 1.5585120 1.5813492 1.5117963 1.4178097 1.3052901 1.2895767 1.2677736 1.6825558 1.4408957 2.0385804 2.6059860 2.7505477 3.4232412 2.8421351 2.4809471 2.3342873 2.0218798 2.7703232 3.5124293 1.7937791 
Aque_Aqu2.1.41379_001                                 1.1824486 1.2536513 1.2938482 1.1786977 1.1319188 1.1802664 1.1331864 1.1094461 1.0932070 1.1094371 1.1033573 1.0029534 1.2328091 1.1456430 1.0531950 1.1980284 1.3336996 1.1224787 1.2646263 1.2882164 1.2110763 1.2662319 1.2091084 1.2663676 1.2143899 1.1749197 1.1991524 1.2067774 1.2520222 1.2520222 1.2816905 1.8321257 2.4299283 1.0612126 1.0368395 0.9170776 0.7549907 1.0921676 1.2245675 1.4412242 1.4379826 1.4679719 1.5021951 1.3092429 1.0569200 0.0000000 2.0192787 2.2505527 2.3203232 1.9829842 1.6318153 1.2871129 1.5094816 1.4680136 1.5089571 1.4883680 1.3979383 1.2526373 1.2057644 1.8105986 1.7427147 2.3621600 2.4621280 2.8060917 2.5911767 2.6580855 2.4437001 2.3856763 2.2227779 2.6462631 5.1409547 1.4812636 
Codhol_EP00042_Codosiga_hollandica_P025271            1.7011087 1.7646525 1.6998162 1.7569576 1.8296092 1.7152120 1.3993572 1.6922496 1.7113346 1.7894757 1.8218504 1.6761470 1.8635736 1.6697155 1.7588646 1.9482599 1.9934353 1.5397408 1.7534593 1.7824748 1.8643339 1.7744716 1.6376325 1.8431368 1.8844692 1.8509066 1.8540782 1.8605338 1.9093454 1.9093454 1.9792120 1.4219078 1.9677861 2.0272421 2.0726539 1.8944114 1.9013879 1.9619302 2.1069211 1.8292403 1.8854557 1.8293185 2.0231317 1.8272904 1.9229576 2.0192787 0.0000000 2.0075794 2.1046296 2.2411714 2.2635944 1.9163130 1.9967846 2.1386252 2.0478605 2.0739161 2.2718364 2.3413306 2.1946288 1.6405487 2.0860404 1.6033149 2.6348449 2.5742417 2.7275548 2.8464594 2.2944457 2.4814359 2.1347583 2.8451304 4.7381909 3.7828514 
Acaspe_EP00035_Acanthoeca_spectabilis_P030037         1.9144149 1.9873151 1.9634896 2.0759373 1.9684105 1.8937474 1.6755563 1.8774062 1.8227296 1.8146540 1.8741611 1.7988163 2.0649239 2.0857298 2.0516891 1.9432089 2.3110436 1.8032059 2.0743239 2.1190764 2.1167680 1.8233844 1.8917061 2.0950023 2.0541287 2.0069468 2.0567657 2.0452190 2.0365928 2.0365928 2.0743143 1.3563677 2.0440485 2.1265869 2.1764754 1.9238790 1.7195835 1.9575637 2.2810828 2.0500489 2.0835942 2.2643098 2.3001326 2.2268905 2.3171270 2.2505527 2.0075794 0.0000000 0.2930353 1.0575954 2.5761994 2.1627517 2.3035523 2.2302484 2.2719975 2.0657198 2.4737272 2.1162350 2.1871628 1.7321888 2.2632908 2.0312380 1.7864213 1.7151063 3.0322876 3.2224053 2.7253503 2.6332911 2.3334308 3.0892498 4.5319657 3.2208256 
Helnan_EP00037_Helgoeca_nana_P033787                  1.9644740 2.1238631 1.9834319 2.0651390 1.8841040 1.9051470 1.6455247 1.7805359 1.8950528 1.8270855 1.8727765 1.7958824 2.0417658 2.0061713 1.9657245 1.9985070 2.0893314 1.8250335 2.0850384 2.0953600 2.0954975 1.8409843 1.9959258 2.0601345 2.1310479 2.1405679 2.1591334 2.1452122 2.1338528 2.1338528 2.2960134 1.2277384 1.9130706 2.1163281 2.1587991 2.0718264 1.7143836 2.1060605 2.3189345 2.0500895 2.1268575 2.4016935 2.2392851 2.3641967 2.2909480 2.3203232 2.1046296 0.2930353 0.0000000 1.0910699 2.5608250 2.1279015 2.2942624 2.1956403 2.3246103 2.1780543 2.3293619 2.0860792 2.0959521 1.7826568 2.3069381 2.0619321 1.8090869 1.7077137 2.9367636 3.5102867 2.9402148 2.6213002 2.4219341 3.2363559 4.1982785 3.2526761 
Stedip_EP00041_Stephanoeca_diplocostata_P009171       1.8901233 1.7050016 1.8800335 1.8436389 1.9214190 1.8490239 1.7891710 1.8702861 1.8239454 1.8060455 1.8421414 1.8603379 2.0625091 1.8718409 1.8251022 2.0249662 2.2781144 1.8452072 1.9056548 1.9314167 2.0308254 1.8133765 1.8322596 2.0919625 2.1489128 2.0844507 2.0680431 2.0800735 2.0951539 2.0951539 2.1243058 1.7738070 2.1228146 2.1857708 2.1572031 1.8414491 1.7615273 2.0692934 2.0504612 1.9839859 1.9495107 2.1597044 2.0278560 1.7587840 2.2121432 1.9829842 2.2411714 1.0575954 1.0910699 0.0000000 2.2437591 1.9316852 2.1225859 1.9411473 2.0385673 1.9544525 2.1439440 1.9517889 2.3070950 1.6678333 2.1590652 1.9390266 1.6153082 1.5073183 2.6525052 3.0072742 2.5611266 2.3101584 2.1601882 2.4525608 4.6702751 2.9479487 
Mlei_ML1043.g19.i1                                    1.6687512 1.7490674 1.5264662 1.5604437 1.6613373 1.5362352 1.4087994 1.3950515 1.5277976 1.5770372 1.5509657 1.4766171 1.5656687 1.5375268 1.5264499 1.4576761 1.7178859 1.3378543 1.4984990 1.5005354 1.4674904 1.6462565 1.5394199 1.5158734 1.8401177 1.7792439 1.6898119 1.6873453 1.7109406 1.7109406 1.7853744 4.0909896 2.5015896 1.7271137 1.8397854 1.6647117 1.2622811 1.6987730 1.8362627 1.8403139 1.9747171 2.3235855 1.9240223 2.1420378 1.4785519 1.6318153 2.2635944 2.5761994 2.5608250 2.2437591 0.0000000 0.2444662 0.2648357 0.2973172 0.3069093 0.4288418 0.3861721 0.7175577 0.7645656 2.1297366 2.1634061 2.2270434 2.4967784 2.6796526 3.7014008 3.2926837 2.7910240 2.5034753 2.4869012 3.2738104 5.1729561 2.7135374 
