70
Hsap_ENST00000542778                                           0.0000000 1.0706198 1.1718553 0.9782656 1.2014040 1.2037186 1.2209457 1.3313016 1.3163092 1.3852442 1.5228270 1.4573820 1.4602008 1.4156389 1.4799291 1.4279913 1.4257075 1.5487389 1.4974391 1.3537802 1.8067913 1.7028788 1.6411679 1.7446514 1.8822533 1.7089963 1.8639186 2.0966595 2.3296899 1.8964575 1.7296931 1.8103464 1.9605963 2.2799682 2.2689701 2.2971120 2.0638348 1.8396780 1.8863936 2.1960850 2.5735834 2.1839096 2.2751336 2.4548828 2.4101956 2.4723327 2.2894921 2.7372761 2.4556268 2.2249136 2.1665768 4.4007282 2.6339086 2.8595556 2.7462834 2.7137014 3.2542316 2.5411062 2.5065800 2.5990801 2.5726809 2.6147542 2.6163032 3.2893396 2.8345288 2.7846199 3.1111537 3.1849279 3.1219471 3.1124469 
Bralan_BLAG02000184_1                                          1.0706198 0.0000000 1.0561147 0.7396076 1.0582402 1.0282608 1.1441832 1.1594825 1.2567029 1.3909836 1.3426008 1.3606445 1.3635744 1.2426596 1.3395616 1.3050933 1.3062810 1.4782807 1.2424698 1.2622300 1.6490867 1.5600849 1.5033760 1.5799628 1.7648521 1.7181400 1.6874197 1.7459943 2.0981457 1.8959113 1.6970623 1.8138642 1.8382918 2.3715993 2.2993866 2.2931346 2.2876597 2.1770231 2.2911294 2.3155361 2.8403288 2.2748486 2.3695839 2.4952867 2.3443172 2.3547613 2.3114473 2.5285406 2.4403469 2.2718036 2.2640621 4.9920950 2.6606900 2.8315630 2.8207393 2.8573464 3.0835694 2.4346055 2.4250722 2.4138349 2.4429086 2.4184605 2.4267047 3.2524322 2.9690943 2.4957473 2.7612039 3.2379020 3.5750568 2.7953995 
Spur_XM_030985307.1                                            1.1718553 1.0561147 0.0000000 0.7946308 1.0961290 1.0585086 1.1901983 1.3198933 1.3419088 1.3516753 1.3538225 1.2359139 1.2292918 1.1621737 1.2723605 1.2696649 1.2362862 1.3661071 1.6591820 1.1886072 1.6242899 1.5350221 1.5688835 1.5554626 1.8225333 1.6229990 1.4954867 1.8882988 2.2268043 2.0154456 1.7024824 1.7449157 1.6471834 2.4602178 2.3524828 2.3630976 2.0953187 1.9666141 2.2833923 2.2742695 2.7327379 2.1082395 2.2256433 2.4140099 2.2871452 2.3011074 2.1179787 2.2080950 2.1302449 2.0695325 2.0573868 4.2181230 2.6255657 2.4952194 2.6266528 2.7682179 2.8904698 2.2485654 2.2410473 2.2713418 2.2795786 2.4242403 2.4084282 3.3145206 2.6990841 2.7071597 2.7801846 3.3131773 2.9102035 3.0511963 
Skow_XM_002733965.2                                            0.9782656 0.7396076 0.7946308 0.0000000 0.8631533 0.8742355 0.9123478 1.0167682 0.9384105 1.1168640 1.2171669 1.0011063 1.0097362 0.9532624 1.0681129 1.0417187 1.0274556 1.1421423 1.3813455 1.1089377 1.6176008 1.4142668 1.1203427 1.3524000 1.3114524 1.4119085 1.8056326 1.6727086 2.0008876 1.6421595 1.4921148 1.4672627 1.6175600 2.0931953 2.1181908 2.0491800 1.8394572 1.3790816 1.6966585 2.2018404 2.4189521 1.8791539 1.9419247 2.0421159 1.9808206 2.1776524 1.9285046 2.4400092 2.0993466 1.9209612 1.9123265 4.5352976 2.4268416 2.1782211 2.3795231 2.3117622 2.9972680 2.1429288 2.1330029 2.1718568 2.1996628 2.2929167 2.3142598 2.9062853 2.8950096 2.6648238 2.5968192 2.7233845 3.1406229 2.7242781 
Cgig_XM_034471632.1                                            1.2014040 1.0582402 1.0961290 0.8631533 0.0000000 0.6469859 0.9551145 1.0514956 1.1340198 0.9293836 1.4107313 1.3070487 1.3098965 1.2572411 1.3107202 1.3286281 1.2850366 1.4721783 1.2877373 1.2744047 1.6735583 1.5828732 1.5323401 1.5986527 1.8145242 1.6322581 1.5376808 1.9104367 2.1684814 2.0136043 2.0593901 2.0564172 1.8972233 2.5528470 2.4757399 2.4072579 2.2994958 2.3291007 2.5656714 2.3778267 2.7851149 2.2352744 2.3434076 2.5571659 2.4441968 2.4586797 2.2574564 2.8032188 2.3562743 2.2705880 2.2401806 4.6083091 2.8095409 2.5511328 2.6845745 2.8352812 2.9177388 2.3165401 2.3040437 2.2402519 2.2050036 2.3210029 2.3188859 3.0497928 2.9600356 2.7549893 2.8141856 3.2592612 3.0528959 2.8213197 
Acagra_model.g510.t1                                           1.2037186 1.0282608 1.0585086 0.8742355 0.6469859 0.0000000 0.9315974 1.0540300 1.1878453 1.0086236 1.4402472 1.4830617 1.4933224 1.4110399 1.4307413 1.4414474 1.4018121 1.5694445 1.4962149 1.4463742 1.5142085 1.5699891 1.3965935 1.5339194 1.8352395 1.4929944 1.3898421 1.9697327 2.3923915 1.8963305 1.8577621 1.8653729 2.3839811 2.4454775 2.4159743 2.5576632 2.3390708 2.1939186 2.2937469 2.2854713 2.9312052 2.4523606 2.4684675 2.5916843 2.5854449 2.4909189 2.4877805 2.7150262 2.5908871 2.6447775 2.5173416 4.1445418 3.0080423 2.9517245 2.9009657 3.2229759 3.4407029 2.3409464 2.3264190 2.4206444 2.3858686 2.4040495 2.4145136 3.1892524 2.8740659 2.8746523 2.9665780 3.5470775 3.1577592 3.0414357 
Cscu_XM_023384378.1                                            1.2209457 1.1441832 1.1901983 0.9123478 0.9551145 0.9315974 0.0000000 0.8726520 0.8469061 1.0248858 1.3625628 1.3146017 1.3184700 1.1592934 1.2885489 1.2475129 1.2206874 1.4391494 1.2081434 1.3260132 1.7375732 1.6749827 1.8605259 1.7075409 1.9091680 1.7007322 1.5079873 2.0240830 2.3969702 2.2206486 1.9021212 1.8918685 1.8373024 2.6538819 2.4546909 2.5226714 2.5555251 2.4176382 2.4176013 2.3680637 3.0383012 2.3852709 2.5411674 2.7120000 2.7110681 2.6233541 2.4101551 3.0218147 2.4948239 2.4342639 2.3451328 5.0940962 2.9522562 2.5460309 2.6997992 3.2230824 3.4798859 2.1719002 2.1605165 2.2554131 2.2673349 2.2314455 2.2399993 3.3206943 2.9154352 2.8733350 2.9021506 3.4951016 3.0207040 3.2475281 
Tcas_TC012492_001                                              1.3313016 1.1594825 1.3198933 1.0167682 1.0514956 1.0540300 0.8726520 0.0000000 0.7875615 1.1967510 1.5432066 1.4115224 1.4166972 1.3929838 1.4812206 1.4262992 1.4129332 1.5867676 1.2894681 1.4551157 1.8557387 1.6805662 1.8051006 1.6652832 2.0015942 1.8778898 1.7412731 2.4232045 2.4726536 2.3545210 1.8321481 1.8332955 1.7666526 2.4543175 2.3973200 2.3980695 2.4385468 2.5043940 2.2407394 2.2880182 2.9964231 2.2264431 2.3928125 2.6137353 2.4611038 2.6141466 2.3046419 2.7758730 2.4873208 2.4798475 2.3933426 4.9678371 2.8920264 2.7132836 2.8184101 3.0698164 3.3309140 2.3339208 2.3215817 2.3319358 2.4332387 2.4076108 2.4343013 3.3565856 2.5458609 2.8732228 2.7247209 3.5403912 3.3457362 3.0078355 
Dpul_mRNA14930                                                 1.3163092 1.2567029 1.3419088 0.9384105 1.1340198 1.1878453 0.8469061 0.7875615 0.0000000 1.0856637 1.6322261 1.4624316 1.4640041 1.3001066 1.3782302 1.3439311 1.3526575 1.6023337 1.4912578 1.3761464 1.9776506 1.7634763 1.8918392 1.8069919 2.0856000 1.8519750 1.6434469 1.8403502 2.2999883 2.1368642 1.7925859 1.7624883 1.8226250 2.6533273 2.5191974 2.5758116 2.3631866 2.3301067 2.4242293 2.4334939 2.6984071 2.2307108 2.4231134 2.4032125 2.4571822 2.3762560 2.1041340 2.4625123 2.4141763 2.3899326 2.2735783 4.4690778 2.9579139 2.6855647 2.4990546 3.1972254 3.4846427 2.4345972 2.4259418 2.3928813 2.4217486 2.5082115 2.5169134 3.4632736 2.8709508 2.8050309 2.9615413 3.4461526 3.0036983 2.8797450 
Ctel_gnl_WGS_AMQN_CAPTEDRAFT_mRNA164816                        1.3852442 1.3909836 1.3516753 1.1168640 0.9293836 1.0086236 1.0248858 1.1967510 1.0856637 0.0000000 1.6052853 1.5083982 1.5137278 1.4668826 1.5636453 1.4882689 1.4717192 1.6267917 1.8332928 1.4719122 2.1277876 1.7994303 2.0184782 1.8971285 2.0271656 1.7675339 2.0130006 2.2306407 2.5829335 2.2167802 2.1450441 2.1425396 2.3835833 2.5158204 2.4906971 2.6215872 2.4050380 2.5140364 2.7141730 2.5197715 2.9650415 2.3780980 2.4947844 2.5651043 2.5800321 2.7595591 2.3883827 2.5066147 2.4457867 2.4141203 2.3032553 4.9670724 3.1157241 2.9069292 2.6494731 2.7758161 3.2757086 2.2191521 2.2234306 2.1284791 2.1367488 2.2278619 2.2329854 3.0451038 2.9381560 2.8476136 2.8878958 3.2519161 3.4173190 3.1255998 
Exapal_XM_021052366.2                                          1.5228270 1.3426008 1.3538225 1.2171669 1.4107313 1.4402472 1.3625628 1.5432066 1.6322261 1.6052853 0.0000000 0.4594930 0.4604911 0.4109400 0.4789531 0.4517673 0.4382399 0.5201337 0.5167141 0.9351248 1.3165171 1.3092366 1.2210872 1.2795991 1.5928392 1.5475379 1.7377417 1.8473221 2.2488076 2.3653046 1.8228064 1.8493642 1.7729301 2.4163948 2.3709606 2.2704628 2.2352015 2.0952257 2.4373461 2.1556801 2.6364804 2.1641535 2.2533907 2.4427236 2.4148856 2.3898019 2.1489626 2.4175179 2.1406916 2.0808064 2.0162291 5.2648402 2.5495767 2.4847399 2.6601301 2.7598812 3.0853767 2.6284609 2.6145081 2.4950104 2.4869599 2.5453228 2.5492354 3.0153921 2.6505360 2.7399181 2.8031889 3.1686643 3.1269909 2.8457255 
Adig_XM_015906419.1                                            1.4573820 1.3606445 1.2359139 1.0011063 1.3070487 1.4830617 1.3146017 1.4115224 1.4624316 1.5083982 0.4594930 0.0000000 0.0038527 0.1928001 0.2151881 0.2363195 0.2383226 0.1746668 0.4779283 0.8915848 1.1884575 1.3316134 1.3568349 1.3159963 1.5930378 1.3740398 1.6965308 1.8043575 2.2821335 1.8772891 1.8468884 1.8694306 1.8057343 2.4809275 2.3986035 2.2446707 2.1699873 1.9301155 2.3178404 2.2159316 2.4841769 2.1963500 2.3283002 2.5129571 2.4404759 2.5200740 2.1836281 2.8205237 2.2064193 2.0543870 1.9774542 4.8503404 2.5819607 2.3216249 2.6428834 2.7080968 2.7743202 2.3543502 2.3463523 2.4441135 2.4255089 2.4367878 2.4415108 2.6691437 2.4062555 2.6264018 2.8466671 2.9804686 2.7561286 2.7242181 
Amil_Amillepora23681-RA                                        1.4602008 1.3635744 1.2292918 1.0097362 1.3098965 1.4933224 1.3184700 1.4166972 1.4640041 1.5137278 0.4604911 0.0038527 0.0000000 0.1900393 0.2154062 0.2365662 0.2410959 0.1746175 0.4907825 0.8941574 1.1961981 1.3344507 1.3618664 1.3188163 1.5963213 1.3666021 1.6961184 1.8184124 2.2906631 1.8768318 1.8518961 1.8741414 1.8057343 2.4861433 2.4035520 2.2498184 2.1747255 1.9381884 2.3262601 2.2236656 2.5004683 2.1961303 2.3280639 2.5126968 2.4402279 2.5198197 2.1834166 2.8200483 2.2062021 2.0541496 1.9772194 4.8503404 2.5817693 2.3216249 2.6496391 2.7053262 2.7741384 2.3583667 2.3503591 2.4483176 2.4296461 2.4409436 2.4456673 2.6793080 2.4062555 2.6315897 2.8498774 2.9868409 2.7559266 2.7445875 
Fspp_ffun1.m4.5541.m1                                          1.4156389 1.2426596 1.1621737 0.9532624 1.2572411 1.4110399 1.1592934 1.3929838 1.3001066 1.4668826 0.4109400 0.1928001 0.1900393 0.0000000 0.0905400 0.1248204 0.1451739 0.2313877 0.3776963 0.7665294 1.0980003 1.2090682 1.1589558 1.2371651 1.4976864 1.3159861 1.6305220 1.5841714 2.1361442 1.8360071 1.6940312 1.7164099 1.6797840 2.3226740 2.3423054 2.2694729 2.1590335 1.7263729 1.9961920 1.9883540 2.4373357 2.1309415 2.2408556 2.3895760 2.3194834 2.4228666 2.1558346 2.4455664 2.1218542 1.9861798 1.9281686 4.8930136 2.5765883 2.4139579 2.5724546 2.4238994 2.8721530 2.2499384 2.2414292 2.2286233 2.2350246 2.3483613 2.3563179 2.5503717 2.5065354 2.5351298 2.6453296 2.9628514 2.9386148 2.6206677 
Gasp_gasp1.m3.10665.m1                                         1.4799291 1.3395616 1.2723605 1.0681129 1.3107202 1.4307413 1.2885489 1.4812206 1.3782302 1.5636453 0.4789531 0.2151881 0.2154062 0.0905400 0.0000000 0.1283295 0.1369990 0.2498062 0.5386139 0.8986170 1.2008416 1.3418226 1.2675972 1.3753735 1.5946632 1.4057789 1.7400494 1.6682846 2.1097564 1.8835124 1.7928834 1.8044932 1.7603510 2.3923358 2.4063920 2.3483659 2.1955059 2.0083071 2.3461872 2.2094479 2.3688486 2.1459140 2.2528615 2.4219068 2.3516505 2.4596883 2.1748923 2.6703378 2.1827640 2.0477884 1.9852538 4.8627883 2.6202565 2.3574085 2.5813221 2.6613515 2.9610549 2.3587166 2.3506574 2.3301184 2.3519566 2.4530417 2.4624684 2.7424152 2.4767930 2.7315439 2.7352830 3.1159287 2.8579125 2.7844580 
Spis_XP_022791575_1                                            1.4279913 1.3050933 1.2696649 1.0417187 1.3286281 1.4414474 1.2475129 1.4262992 1.3439311 1.4882689 0.4517673 0.2363195 0.2365662 0.1248204 0.1283295 0.0000000 0.0379234 0.2408646 0.5328888 0.8946722 1.1902495 1.3576647 1.3134146 1.3591974 1.6340324 1.4487950 1.6677991 1.5937994 2.0438811 1.8666509 1.7646693 1.7805051 1.7617547 2.3640596 2.4529330 2.3967834 2.1843224 1.9522490 2.3783493 2.2189492 2.3500927 2.1643508 2.2800376 2.4359567 2.3196205 2.3838128 2.2157616 2.5959721 2.2036116 2.0423178 1.9802361 4.9220557 2.5572288 2.4130226 2.6262716 2.6955648 2.8862722 2.3253693 2.3175348 2.3665182 2.3734724 2.4461683 2.4440584 2.6061617 2.4089874 2.6398287 2.6873084 3.1747863 2.7539837 2.6670724 
Pocdam_XM_027188683.1                                          1.4257075 1.3062810 1.2362862 1.0274556 1.2850366 1.4018121 1.2206874 1.4129332 1.3526575 1.4717192 0.4382399 0.2383226 0.2410959 0.1451739 0.1369990 0.0379234 0.0000000 0.2508636 0.5491575 0.8924386 1.1989180 1.3125868 1.2627037 1.3187005 1.5896720 1.4389557 1.6616042 1.5829421 2.0246534 1.8143605 1.7338148 1.7355606 1.7020691 2.3435744 2.4346530 2.3459731 2.1704960 1.9676321 2.2826614 2.1634612 2.3621257 2.1444854 2.2574780 2.4093434 2.2754283 2.3506003 2.1556733 2.5579511 2.1777398 2.0007075 1.9384102 4.9083939 2.5273599 2.3502967 2.5543325 2.6134069 2.8560648 2.3286114 2.3206876 2.3730023 2.3787124 2.4793446 2.4771473 2.5547509 2.3679821 2.6799024 2.6738581 3.1322239 2.7536879 2.7084650 
Gfas_gfas1.m1.14889.m1                                         1.5487389 1.4782807 1.3661071 1.1421423 1.4721783 1.5694445 1.4391494 1.5867676 1.6023337 1.6267917 0.5201337 0.1746668 0.1746175 0.2313877 0.2498062 0.2408646 0.2508636 0.0000000 0.5484501 0.9766710 1.2519690 1.4878882 1.4539732 1.4685954 1.7427316 1.5446134 1.9150837 1.8460842 2.2652384 1.9631142 1.9112889 1.9270259 2.0100695 2.6161104 2.5308509 2.4332373 2.2679985 1.9732449 2.3884986 2.2548901 2.6065977 2.2796442 2.3653254 2.5333831 2.4897832 2.6063869 2.3591886 2.8100608 2.3258775 2.2607082 2.1709650 5.1060521 2.7189064 2.6358184 2.6356256 3.0552402 2.9007944 2.5064744 2.4978466 2.6339735 2.6303891 2.6706767 2.6746765 2.8391386 2.4401743 2.6733313 2.8529975 3.2852833 2.9355216 2.9433312 
Nvec_v1g18856                                                  1.4974391 1.2424698 1.6591820 1.3813455 1.2877373 1.4962149 1.2081434 1.2894681 1.4912578 1.8332928 0.5167141 0.4779283 0.4907825 0.3776963 0.5386139 0.5328888 0.5491575 0.5484501 0.0000000 0.9944251 1.0342399 1.1596797 1.1837937 1.0885256 1.1333244 1.1394020 2.1065081 1.6476976 1.9161257 1.8737352 1.5615941 1.5092906 5.6231094 1.9831931 2.1104271 1.7204468 1.6970956 1.5595852 1.9052099 1.7931339 3.4657784 2.2795962 2.2795962 2.2880598 2.1245341 2.1119624 2.3842620 2.5426598 2.5384299 2.4801812 2.1984705 6.5371662 2.8695014 3.0890838 4.8272103 3.7381591 4.2047609 2.4587985 2.4223096 2.4036076 2.4002608 2.4368933 2.4370849 4.6264939 3.6865394 5.5711722 5.6597873 3.3055451 3.4246431 2.7230747 
Dgig_XM_028542074.1                                            1.3537802 1.2622300 1.1886072 1.1089377 1.2744047 1.4463742 1.3260132 1.4551157 1.3761464 1.4719122 0.9351248 0.8915848 0.8941574 0.7665294 0.8986170 0.8946722 0.8924386 0.9766710 0.9944251 0.0000000 0.6832915 1.3382982 1.2544485 1.3172478 1.5659024 1.4256830 1.5650536 1.6836625 2.5198836 2.2444511 1.7529099 1.7740928 1.7950476 2.1613515 2.1646243 1.9587982 2.1048114 2.0932094 2.1548615 2.1647061 2.7108667 2.0807128 2.2294504 2.3419224 2.2870985 2.4102271 2.1350342 2.5768256 2.2336540 2.0674318 1.9757211 4.5576744 2.7046042 2.2645248 2.3222938 2.4647287 2.8890546 2.6106682 2.6015446 2.5318714 2.5452366 2.5992154 2.5962334 2.7259233 2.6220820 2.7261297 2.7313601 2.8178876 2.7619008 2.7153022 
Xesp_015946-T1                                                 1.8067913 1.6490867 1.6242899 1.6176008 1.6735583 1.5142085 1.7375732 1.8557387 1.9776506 2.1277876 1.3165171 1.1884575 1.1961981 1.0980003 1.2008416 1.1902495 1.1989180 1.2519690 1.0342399 0.6832915 0.0000000 1.7557997 1.2751853 1.6319278 2.0009551 1.8248851 2.3710067 1.7171106 2.4477630 2.1901789 2.1356513 2.1130825 2.5907066 2.4900650 2.4174214 2.3711195 2.5037027 2.2044089 2.1999873 2.4727353 3.4601283 2.6891968 2.5910012 2.5434884 2.5237174 2.5189032 2.8632953 2.7011065 2.8346905 2.7647659 2.5556254 5.9315345 3.5223100 3.5014100 3.2961448 2.9963142 3.3731006 3.0607511 3.0488666 3.0783885 3.1105058 2.9921279 2.9994525 3.7233650 3.1336463 3.4322156 3.3629322 3.3209974 3.2840556 3.2193290 
Aaur_scaffold14.g4.t1                                          1.7028788 1.5600849 1.5350221 1.4142668 1.5828732 1.5699891 1.6749827 1.6805662 1.7634763 1.7994303 1.3092366 1.3316134 1.3344507 1.2090682 1.3418226 1.3576647 1.3125868 1.4878882 1.1596797 1.3382982 1.7557997 0.0000000 0.4967341 0.3474247 0.6287496 1.1346958 1.4795696 1.7604925 2.2717070 2.3000954 2.0768636 1.9779711 1.8404535 2.4108229 2.5543483 2.4091715 2.3129955 2.0233317 2.3771154 2.3548251 3.0912521 2.7028144 2.8840518 2.9890910 2.7677751 2.7220669 2.5746989 2.4731597 2.4907122 2.5359353 2.4416944 6.1230290 2.9163981 2.5277941 2.8809345 2.8140208 3.3617572 2.9479219 2.9312878 2.6766651 2.7362280 2.7568770 2.7502048 2.7668300 2.8436968 3.0828295 3.0313040 3.5703149 3.2098211 3.2394634 
Nemnom_g17491.t1                                               1.6411679 1.5033760 1.5688835 1.1203427 1.5323401 1.3965935 1.8605259 1.8051006 1.8918392 2.0184782 1.2210872 1.3568349 1.3618664 1.1589558 1.2675972 1.3134146 1.2627037 1.4539732 1.1837937 1.2544485 1.2751853 0.4967341 0.0000000 0.2680086 0.7625460 1.2154300 1.7089980 1.5945244 1.9638138 2.0397520 2.1639021 2.0166642 8.9999984 2.3214807 2.2981017 2.1305981 1.9263995 2.0059919 2.1593402 1.9852440 3.2834552 2.6504792 2.6891802 2.8068183 2.7318194 2.5327410 2.6598385 2.6047455 2.5874683 2.7567851 2.5497217 7.1774390 3.5799158 4.0781457 2.7561195 3.3217992 4.0509611 3.4260400 3.3889602 2.8258971 2.9034710 3.0150520 3.0113741 4.5655501 2.0463165 3.7683323 3.8754218 3.9578243 3.4374115 3.2985718 
Rhoesc_Res_007209-T1                                           1.7446514 1.5799628 1.5554626 1.3524000 1.5986527 1.5339194 1.7075409 1.6652832 1.8069919 1.8971285 1.2795991 1.3159963 1.3188163 1.2371651 1.3753735 1.3591974 1.3187005 1.4685954 1.0885256 1.3172478 1.6319278 0.3474247 0.2680086 0.0000000 0.6691190 1.1243020 1.4629307 1.7480033 2.3548630 2.0311031 2.0194929 1.9456725 1.8582994 2.5083367 2.4894414 2.2374667 2.3752131 1.9340027 2.3043840 2.3693222 3.0118911 2.7024493 2.9442298 3.1141457 2.9242130 2.8562286 2.6671893 2.6733820 2.6383261 2.5156729 2.4029438 6.5567905 2.8369400 2.4960416 2.8205841 2.7810431 3.3143815 2.9486000 2.9319777 2.7016024 2.7247202 2.7078046 2.7199921 2.8638125 2.6272831 2.9136875 2.8321029 3.5112567 3.2029220 3.0161418 
Sanmal_Sma_024507-T1                                           1.8822533 1.7648521 1.8225333 1.3114524 1.8145242 1.8352395 1.9091680 2.0015942 2.0856000 2.0271656 1.5928392 1.5930378 1.5963213 1.4976864 1.5946632 1.6340324 1.5896720 1.7427316 1.1333244 1.5659024 2.0009551 0.6287496 0.7625460 0.6691190 0.0000000 1.3057039 1.7430752 1.8298222 2.4113334 2.2653281 2.2054547 2.2450270 2.1883399 2.6638507 2.7017793 2.7274938 2.6228549 2.5736507 2.9091021 2.8379652 3.3369143 2.6016274 2.7653640 3.0107340 2.8949826 2.9595961 2.7280238 2.7517651 2.8350527 2.5551471 2.5202955 5.9260344 3.2115708 2.7465087 3.1874071 3.3248607 3.8279277 3.0231567 3.0063492 2.8557495 2.8641280 2.9017243 2.9248179 3.1853573 3.3839404 3.4468727 3.6056438 3.6969339 3.7879583 3.1767806 
Morvir_scaffold1.g320.t1                                       1.7089963 1.7181400 1.6229990 1.4119085 1.6322581 1.4929944 1.7007322 1.8778898 1.8519750 1.7675339 1.5475379 1.3740398 1.3666021 1.3159861 1.4057789 1.4487950 1.4389557 1.5446134 1.1394020 1.4256830 1.8248851 1.1346958 1.2154300 1.1243020 1.3057039 0.0000000 1.2375781 1.7685424 2.3278475 2.1056088 2.1245600 2.0905308 1.9819773 2.4936170 2.4179087 2.4966273 2.5937758 2.4473684 2.4780931 2.5613374 2.7392977 2.4237671 2.4861787 2.6131966 2.5292738 2.4913139 2.4106291 2.8195560 2.5882430 2.2344041 2.1558425 5.4445401 2.9498940 2.3328215 2.7430659 2.8804282 2.9882616 2.7051043 2.6957684 2.7566544 2.7551148 2.8530931 2.8453118 2.9321456 3.0162790 3.5118375 3.1304390 2.9659026 3.2168922 3.1907127 
Hvul_g25242_1                                                  1.8639186 1.6874197 1.4954867 1.8056326 1.5376808 1.3898421 1.5079873 1.7412731 1.6434469 2.0130006 1.7377417 1.6965308 1.6961184 1.6305220 1.7400494 1.6677991 1.6616042 1.9150837 2.1065081 1.5650536 2.3710067 1.4795696 1.7089980 1.4629307 1.7430752 1.2375781 0.0000000 2.2995252 2.9009774 2.6114629 2.4736646 2.4736646 2.1375353 2.2843500 2.3782071 2.3431240 2.4274962 3.1675580 3.0220093 2.7107036 2.3296877 2.4245653 2.6097850 2.8083174 2.6895377 2.5713357 2.3772986 3.0269394 2.7923296 2.5366836 2.4656380 4.3715925 2.5461109 2.3255477 2.2349629 2.2782343 2.5701784 2.2303857 2.2303857 2.2750259 2.2897114 2.2293023 2.2350029 2.0941452 2.6599156 2.7871093 2.6081398 2.5270502 2.7266907 2.6023848 
Clacor_Ccor_C517199_01                                         2.0966595 1.7459943 1.8882988 1.6727086 1.9104367 1.9697327 2.0240830 2.4232045 1.8403502 2.2306407 1.8473221 1.8043575 1.8184124 1.5841714 1.6682846 1.5937994 1.5829421 1.8460842 1.6476976 1.6836625 1.7171106 1.7604925 1.5945244 1.7480033 1.8298222 1.7685424 2.2995252 0.0000000 0.8354515 1.0300767 2.1093128 2.0124803 3.2476239 2.3425548 2.0936270 2.1195798 1.9086923 1.9979176 2.1924816 3.2418585 3.7881616 2.5642596 2.5530787 2.7258281 2.5449378 2.5215824 2.7472845 2.7646399 2.7966876 2.7689104 2.6752150 6.6198240 3.6453295 4.5739580 4.2269507 3.0171747 3.2079584 2.5127540 2.4887848 2.4253418 2.4806858 2.6587398 2.6064182 4.8878427 3.0641696 5.8642904 4.6745136 3.5013328 3.4250346 2.6619673 
Gracom_Gcom_scaffold5670_01                                    2.3296899 2.0981457 2.2268043 2.0008876 2.1684814 2.3923915 2.3969702 2.4726536 2.2999883 2.5829335 2.2488076 2.2821335 2.2906631 2.1361442 2.1097564 2.0438811 2.0246534 2.2652384 1.9161257 2.5198836 2.4477630 2.2717070 1.9638138 2.3548630 2.4113334 2.3278475 2.9009774 0.8354515 0.0000000 0.9411814 2.6082719 2.5333207 3.1550625 3.0445530 2.7138346 2.7667353 2.2571599 2.0573428 2.6279551 3.4849907 3.3453689 3.3435836 3.4570100 3.6227718 3.2588533 3.3007292 3.3863292 3.1501171 3.4038883 3.1984219 3.1072607 5.9195810 3.5341211 4.2462979 3.8039240 3.3259160 4.0299495 2.6351154 2.6167974 2.6298401 2.6161855 2.8713301 2.8159817 4.2505023 4.3101704 4.7308789 4.0029010 3.6911429 3.6896282 3.3814947 
Leuniv_Lniv_scaffold17815_01                                   1.8964575 1.8959113 2.0154456 1.6421595 2.0136043 1.8963305 2.2206486 2.3545210 2.1368642 2.2167802 2.3653046 1.8772891 1.8768318 1.8360071 1.8835124 1.8666509 1.8143605 1.9631142 1.8737352 2.2444511 2.1901789 2.3000954 2.0397520 2.0311031 2.2653281 2.1056088 2.6114629 1.0300767 0.9411814 0.0000000 1.7461011 1.6701589 3.0714907 2.1023237 1.9338258 1.9888423 2.2387582 2.0484522 2.1220066 2.9385356 3.1480026 2.7888284 2.7514360 2.8208196 2.7596393 2.6124914 3.0103192 2.8906060 2.8868380 2.8761892 2.7909697 8.2130786 3.1015861 3.0389700 3.5691379 2.8746520 3.0801825 2.2191645 2.2005043 2.3005390 2.3035988 2.4923105 2.4871773 3.7824648 3.3409674 4.9387801 4.0040542 2.8429311 2.7709807 2.7858550 
Ocar_g2554                                                     1.7296931 1.6970623 1.7024824 1.4921148 2.0593901 1.8577621 1.9021212 1.8321481 1.7925859 2.1450441 1.8228064 1.8468884 1.8518961 1.6940312 1.7928834 1.7646693 1.7338148 1.9112889 1.5615941 1.7529099 2.1356513 2.0768636 2.1639021 2.0194929 2.2054547 2.1245600 2.4736646 2.1093128 2.6082719 1.7461011 0.0000000 0.0239952 0.9365492 2.3400341 2.4611909 2.2938450 2.4537722 2.0323987 1.9875635 2.3139115 2.7169467 2.4781917 2.6532407 2.6050327 2.8399949 2.8811997 2.7473483 2.4279914 2.6376888 2.5500218 2.4089080 6.0483755 2.9239571 2.7240641 2.9831716 3.0205769 2.8895894 2.6576660 2.6612735 2.8615129 2.8155186 2.9066665 2.9139060 3.8385150 2.6027459 3.0587631 2.9427104 3.2345154 3.0535684 3.0217012 
Opea_EP00118_Oscarella_pearsei_P000223                         1.8103464 1.8138642 1.7449157 1.4672627 2.0564172 1.8653729 1.8918685 1.8332955 1.7624883 2.1425396 1.8493642 1.8694306 1.8741414 1.7164099 1.8044932 1.7805051 1.7355606 1.9270259 1.5092906 1.7740928 2.1130825 1.9779711 2.0166642 1.9456725 2.2450270 2.0905308 2.4736646 2.0124803 2.5333207 1.6701589 0.0239952 0.0000000 0.9824141 2.3515626 2.4775828 2.3158542 2.4630994 2.1004990 2.0738352 2.4090757 2.6541875 2.5378553 2.7228332 2.6503664 2.8660401 2.9306847 2.7278785 2.4404800 2.6308670 2.5745769 2.4643318 5.6805969 2.8957903 2.8687374 3.0324251 2.9777932 2.9680095 2.7131926 2.7165691 2.9233103 2.8771865 2.9844474 2.9912933 3.9021077 2.5582282 2.9948814 2.8153885 3.2269025 2.9820097 3.1130378 
Plajan_Pjan_scaffold6133_01                                    1.9605963 1.8382918 1.6471834 1.6175600 1.8972233 2.3839811 1.8373024 1.7666526 1.8226250 2.3835833 1.7729301 1.8057343 1.8057343 1.6797840 1.7603510 1.7617547 1.7020691 2.0100695 5.6231094 1.7950476 2.5907066 1.8404535 8.9999984 1.8582994 2.1883399 1.9819773 2.1375353 3.2476239 3.1550625 3.0714907 0.9365492 0.9824141 0.0000000 3.0916944 3.0490366 3.0594538 3.0376783 9.0000000 9.0000000 3.3043239 2.1768554 2.5601250 2.9093689 3.0878954 3.3307921 3.0587379 2.8142880 0.0000010 3.0965922 2.5829941 2.5384323 4.9938641 2.2043027 2.2865179 2.5942393 2.4651256 2.6751328 2.7088530 2.7088530 2.8303505 2.8863846 2.8930143 2.9008026 2.5160415 2.6171963 2.3240074 2.2677172 3.4932044 3.4105303 3.3190541 
Aque_Aqu2.1.24506_001                                          2.2799682 2.3715993 2.4602178 2.0931953 2.5528470 2.4454775 2.6538819 2.4543175 2.6533273 2.5158204 2.4163948 2.4809275 2.4861433 2.3226740 2.3923358 2.3640596 2.3435744 2.6161104 1.9831931 2.1613515 2.4900650 2.4108229 2.3214807 2.5083367 2.6638507 2.4936170 2.2843500 2.3425548 3.0445530 2.1023237 2.3400341 2.3515626 3.0916944 0.0000000 0.3569914 0.5682407 1.2136570 1.4971364 1.3899262 1.5753291 3.1148077 3.0495912 3.1254608 3.3109029 3.1554525 3.2061446 2.9907361 3.0876535 2.8779739 2.9973866 2.8345075 6.1408395 3.3431914 3.3532783 3.5278453 3.0558584 3.8428319 3.0170948 2.9621469 3.0395405 3.0791720 3.0881191 3.0879706 3.6364868 2.3165000 3.3679518 3.0986901 3.3350420 3.2468457 3.0596872 
Halamb_c47981_g1_i1m.23316                                     2.2689701 2.2993866 2.3524828 2.1181908 2.4757399 2.4159743 2.4546909 2.3973200 2.5191974 2.4906971 2.3709606 2.3986035 2.4035520 2.3423054 2.4063920 2.4529330 2.4346530 2.5308509 2.1104271 2.1646243 2.4174214 2.5543483 2.2981017 2.4894414 2.7017793 2.4179087 2.3782071 2.0936270 2.7138346 1.9338258 2.4611909 2.4775828 3.0490366 0.3569914 0.0000000 0.4658781 1.1396452 1.3432630 1.2364234 1.3033521 3.2147285 2.9070518 2.9903547 3.2442234 3.0018732 3.0112024 2.9609285 3.0689762 2.8364843 2.8667656 2.7054892 5.1709115 3.1709532 3.4031466 3.6012483 3.0463792 3.5951113 2.9596758 2.9405574 3.0119330 3.0302539 3.0533322 3.0532097 3.7343753 2.3280561 3.2762534 3.2568276 3.3366776 3.4448071 3.3163802 
Xestes_augustus_masked-XT_scaffold12-processed-gene-0.4-mRNA-1 2.2971120 2.2931346 2.3630976 2.0491800 2.4072579 2.5576632 2.5226714 2.3980695 2.5758116 2.6215872 2.2704628 2.2446707 2.2498184 2.2694729 2.3483659 2.3967834 2.3459731 2.4332373 1.7204468 1.9587982 2.3711195 2.4091715 2.1305981 2.2374667 2.7274938 2.4966273 2.3431240 2.1195798 2.7667353 1.9888423 2.2938450 2.3158542 3.0594538 0.5682407 0.4658781 0.0000000 1.1644818 1.2674772 1.2327878 1.3128222 3.1617911 2.7500178 2.7815695 3.1029168 2.9633251 2.9806714 2.8268627 2.7597403 2.7891788 2.8755054 2.6955272 6.0855805 3.0746528 3.3318369 3.4796048 2.8606681 3.6411314 3.1880409 3.1661529 3.0485506 3.1207785 3.1325111 3.1313844 3.6275868 2.4337507 3.3412110 3.2575029 3.3387782 3.0249032 3.2249182 
Emue_Em0012g41a.t1                                             2.0638348 2.2876597 2.0953187 1.8394572 2.2994958 2.3390708 2.5555251 2.4385468 2.3631866 2.4050380 2.2352015 2.1699873 2.1747255 2.1590335 2.1955059 2.1843224 2.1704960 2.2679985 1.6970956 2.1048114 2.5037027 2.3129955 1.9263995 2.3752131 2.6228549 2.5937758 2.4274962 1.9086923 2.2571599 2.2387582 2.4537722 2.4630994 3.0376783 1.2136570 1.1396452 1.1644818 0.0000000 0.3582827 0.8901651 1.0919754 3.3523177 2.7798697 2.8345441 3.0019566 2.8476490 3.1282673 2.9026154 2.8233728 2.8273179 2.9209037 2.7353840 5.1365126 2.9225271 3.3732690 3.2545054 2.9457867 3.3897391 2.8788336 2.8903592 2.9908482 2.9629283 3.0178847 2.9891774 3.6483394 2.0449055 3.1911940 3.3512815 3.2954379 3.0816830 3.2841070 
Spolac_c97522_g1_i2_m.15206c88297-g1                           1.8396780 2.1770231 1.9666141 1.3790816 2.3291007 2.1939186 2.4176382 2.5043940 2.3301067 2.5140364 2.0952257 1.9301155 1.9381884 1.7263729 2.0083071 1.9522490 1.9676321 1.9732449 1.5595852 2.0932094 2.2044089 2.0233317 2.0059919 1.9340027 2.5736507 2.4473684 3.1675580 1.9979176 2.0573428 2.0484522 2.0323987 2.1004990 9.0000000 1.4971364 1.3432630 1.2674772 0.3582827 0.0000000 0.8718162 1.0980268 3.9397122 3.0165428 2.9636479 2.9279469 2.9655012 2.8475313 3.0575841 3.0955299 2.9428918 2.9225808 2.6374085 4.5512625 3.4459360 4.7034378 3.5578518 3.3907750 4.2092612 3.3381395 3.3633103 3.6066181 3.4892788 3.3338335 3.3113317 5.0025839 2.3872464 4.3046989 4.2605379 4.2019009 3.2354810 3.5089282 
Stycar_maker-SC_scaffold4110-augustus-gene-0.5-mRNA-1          1.8863936 2.2911294 2.2833923 1.6966585 2.5656714 2.2937469 2.4176013 2.2407394 2.4242293 2.7141730 2.4373461 2.3178404 2.3262601 1.9961920 2.3461872 2.3783493 2.2826614 2.3884986 1.9052099 2.1548615 2.1999873 2.3771154 2.1593402 2.3043840 2.9091021 2.4780931 3.0220093 2.1924816 2.6279551 2.1220066 1.9875635 2.0738352 9.0000000 1.3899262 1.2364234 1.2327878 0.8901651 0.8718162 0.0000000 0.7746517 3.6678209 2.8590804 2.8868053 2.7835862 2.8190138 3.0442243 2.9724382 3.1250821 2.9136908 2.9951292 2.7383978 5.3017967 3.3325896 4.6727587 3.8138544 3.5462277 4.4281199 3.7855527 3.7339557 3.5744524 3.5293421 3.3065554 3.2965863 4.9243269 1.6841579 4.2779630 4.6493251 3.3863539 3.1455940 3.3927738 
Tetwil_g15695.t1                                               2.1960850 2.3155361 2.2742695 2.2018404 2.3778267 2.2854713 2.3680637 2.2880182 2.4334939 2.5197715 2.1556801 2.2159316 2.2236656 1.9883540 2.2094479 2.2189492 2.1634612 2.2548901 1.7931339 2.1647061 2.4727353 2.3548251 1.9852440 2.3693222 2.8379652 2.5613374 2.7107036 3.2418585 3.4849907 2.9385356 2.3139115 2.4090757 3.3043239 1.5753291 1.3033521 1.3128222 1.0919754 1.0980268 0.7746517 0.0000000 3.8394352 3.7173552 3.7505359 3.6971248 3.6672942 3.6563181 3.6533209 3.7458746 3.5423201 4.1153954 3.6086422 4.2294754 3.5389230 3.7788901 3.6287074 4.0847801 4.0448230 3.0600916 3.0408347 3.1330808 3.0929083 3.0781891 3.0719588 3.5512816 1.8165757 3.3422701 3.5800835 3.7634247 4.0706057 3.4551390 
Mylflu_EP00047_Mylnosiga_fluctuans_P023074                     2.5735834 2.8403288 2.7327379 2.4189521 2.7851149 2.9312052 3.0383012 2.9964231 2.6984071 2.9650415 2.6364804 2.4841769 2.5004683 2.4373357 2.3688486 2.3500927 2.3621257 2.6065977 3.4657784 2.7108667 3.4601283 3.0912521 3.2834552 3.0118911 3.3369143 2.7392977 2.3296877 3.7881616 3.3453689 3.1480026 2.7169467 2.6541875 2.1768554 3.1148077 3.2147285 3.1617911 3.3523177 3.9397122 3.6678209 3.8394352 0.0000000 3.2688272 3.5849859 4.1104881 3.8880787 4.0358618 3.0820979 4.3549805 3.2465957 3.0942986 3.0330764 5.1458593 2.0804068 2.0079414 1.9436136 2.2565721 2.2566577 3.6862540 3.7459160 3.6910230 3.6029732 3.7378434 3.7557026 2.7120080 3.0536977 3.4328507 3.1499244 2.4233334 2.4641877 2.7301398 
Mlei_ML0592.g3.i1                                              2.1839096 2.2748486 2.1082395 1.8791539 2.2352744 2.4523606 2.3852709 2.2264431 2.2307108 2.3780980 2.1641535 2.1963500 2.1961303 2.1309415 2.1459140 2.1643508 2.1444854 2.2796442 2.2795962 2.0807128 2.6891968 2.7028144 2.6504792 2.7024493 2.6016274 2.4237671 2.4245653 2.5642596 3.3435836 2.7888284 2.4781917 2.5378553 2.5601250 3.0495912 2.9070518 2.7500178 2.7798697 3.0165428 2.8590804 3.7173552 3.2688272 0.0000000 0.0028252 0.0746052 0.1720637 0.2845859 0.3607780 0.6719336 0.6138970 0.4807228 0.4730454 1.3972176 2.8193501 3.3218908 2.8089087 2.9892783 3.1710045 2.8905981 2.8961342 2.9609993 2.9129811 3.0520545 3.0613121 3.8040781 3.0293120 3.5216481 3.3384369 3.3855174 3.3876647 3.3261135 
Vmul_sbMO409511                                                2.2751336 2.3695839 2.2256433 1.9419247 2.3434076 2.4684675 2.5411674 2.3928125 2.4231134 2.4947844 2.2533907 2.3283002 2.3280639 2.2408556 2.2528615 2.2800376 2.2574780 2.3653254 2.2795962 2.2294504 2.5910012 2.8840518 2.6891802 2.9442298 2.7653640 2.4861787 2.6097850 2.5530787 3.4570100 2.7514360 2.6532407 2.7228332 2.9093689 3.1254608 2.9903547 2.7815695 2.8345441 2.9636479 2.8868053 3.7505359 3.5849859 0.0028252 0.0000000 0.0781067 0.1757815 0.2892060 0.3827900 0.6719336 0.6345238 0.5214443 0.5106262 1.2084106 2.9649033 3.6490954 3.0115531 3.1538938 3.3223475 3.0061629 3.0124085 3.0094523 2.9563117 3.1312408 3.1414387 3.9543125 3.1893648 3.6862013 3.5373794 3.5104717 3.4911523 3.3997673 
Bolinf_Binf_sb1207575                                          2.4548828 2.4952867 2.4140099 2.0421159 2.5571659 2.5916843 2.7120000 2.6137353 2.4032125 2.5651043 2.4427236 2.5129571 2.5126968 2.3895760 2.4219068 2.4359567 2.4093434 2.5333831 2.2880598 2.3419224 2.5434884 2.9890910 2.8068183 3.1141457 3.0107340 2.6131966 2.8083174 2.7258281 3.6227718 2.8208196 2.6050327 2.6503664 3.0878954 3.3109029 3.2442234 3.1029168 3.0019566 2.9279469 2.7835862 3.6971248 4.1104881 0.0746052 0.0781067 0.0000000 0.2078830 0.3133361 0.3916252 0.7018079 0.6613651 0.5806941 0.5659445 0.9707419 3.2872486 4.0212783 3.2602378 3.4823917 3.4694251 3.4156088 3.4235728 3.4363562 3.3773072 3.6045305 3.6167871 4.4002636 3.4444038 3.7090396 3.7891150 3.9317787 3.7835210 3.5214632 
Beraby_Baby_sb339561                                           2.4101956 2.3443172 2.2871452 1.9808206 2.4441968 2.5854449 2.7110681 2.4611038 2.4571822 2.5800321 2.4148856 2.4404759 2.4402279 2.3194834 2.3516505 2.3196205 2.2754283 2.4897832 2.1245341 2.2870985 2.5237174 2.7677751 2.7318194 2.9242130 2.8949826 2.5292738 2.6895377 2.5449378 3.2588533 2.7596393 2.8399949 2.8660401 3.3307921 3.1554525 3.0018732 2.9633251 2.8476490 2.9655012 2.8190138 3.6672942 3.8880787 0.1720637 0.1757815 0.2078830 0.0000000 0.3348036 0.4228267 0.8109073 0.6598649 0.5300512 0.5145011 0.9917803 3.2727275 4.0285525 3.7237140 3.2788194 3.3814029 3.3047959 3.3158953 3.2763556 3.2201559 3.3492902 3.3367062 4.2016317 3.4549088 3.7807054 3.9243195 3.9263743 3.8182979 3.9124125 
Mertsp_Mesp_sb570940                                           2.4723327 2.3547613 2.3011074 2.1776524 2.4586797 2.4909189 2.6233541 2.6141466 2.3762560 2.7595591 2.3898019 2.5200740 2.5198197 2.4228666 2.4596883 2.3838128 2.3506003 2.6063869 2.1119624 2.4102271 2.5189032 2.7220669 2.5327410 2.8562286 2.9595961 2.4913139 2.5713357 2.5215824 3.3007292 2.6124914 2.8811997 2.9306847 3.0587379 3.2061446 3.0112024 2.9806714 3.1282673 2.8475313 3.0442243 3.6563181 4.0358618 0.2845859 0.2892060 0.3133361 0.3348036 0.0000000 0.3418923 0.6028594 0.5823311 0.5499153 0.5376300 0.9858905 3.1907440 4.0204395 3.5840452 3.3434922 3.5079795 3.5855209 3.5978445 3.4874501 3.4492124 3.6000515 3.5813046 4.3604600 3.7181122 3.6230914 3.6325235 3.7944296 3.2610554 3.7199510 
Lampan_Lpan_11167_01                                           2.2894921 2.3114473 2.1179787 1.9285046 2.2574564 2.4877805 2.4101551 2.3046419 2.1041340 2.3883827 2.1489626 2.1836281 2.1834166 2.1558346 2.1748923 2.2157616 2.1556733 2.3591886 2.3842620 2.1350342 2.8632953 2.5746989 2.6598385 2.6671893 2.7280238 2.4106291 2.3772986 2.7472845 3.3863292 3.0103192 2.7473483 2.7278785 2.8142880 2.9907361 2.9609285 2.8268627 2.9026154 3.0575841 2.9724382 3.6533209 3.0820979 0.3607780 0.3827900 0.3916252 0.4228267 0.3418923 0.0000000 0.6090072 0.5803938 0.5316468 0.5171485 1.4464013 2.8379242 3.3026341 2.9488827 2.8183212 3.1701892 2.9065038 2.9297778 2.9143969 2.8948883 2.9640765 2.9522963 3.5007331 3.0834726 3.2256666 3.1145394 3.3759519 3.0471168 3.6044912 
Coeast_Cast_sb774851                                           2.7372761 2.5285406 2.2080950 2.4400092 2.8032188 2.7150262 3.0218147 2.7758730 2.4625123 2.5066147 2.4175179 2.8205237 2.8200483 2.4455664 2.6703378 2.5959721 2.5579511 2.8100608 2.5426598 2.5768256 2.7011065 2.4731597 2.6047455 2.6733820 2.7517651 2.8195560 3.0269394 2.7646399 3.1501171 2.8906060 2.4279914 2.4404800 0.0000010 3.0876535 3.0689762 2.7597403 2.8233728 3.0955299 3.1250821 3.7458746 4.3549805 0.6719336 0.6719336 0.7018079 0.8109073 0.6028594 0.6090072 0.0000000 0.0178625 0.7668599 0.6924001 2.3539061 2.9384329 4.2418980 5.2381092 3.1980510 3.7119993 3.3691565 3.3923750 3.0496101 3.0188603 3.4524847 3.4294660 4.9170298 3.4492483 4.3125759 5.0604664 3.7618328 2.4607308 3.0452109 
Coemet_Cmet_C597299_01                                         2.4556268 2.4403469 2.1302449 2.0993466 2.3562743 2.5908871 2.4948239 2.4873208 2.4141763 2.4457867 2.1406916 2.2064193 2.2062021 2.1218542 2.1827640 2.2036116 2.1777398 2.3258775 2.5384299 2.2336540 2.8346905 2.4907122 2.5874683 2.6383261 2.8350527 2.5882430 2.7923296 2.7966876 3.4038883 2.8868380 2.6376888 2.6308670 3.0965922 2.8779739 2.8364843 2.7891788 2.8273179 2.9428918 2.9136908 3.5423201 3.2465957 0.6138970 0.6345238 0.6613651 0.6598649 0.5823311 0.5803938 0.0178625 0.0000000 0.7840020 0.7275587 1.7762598 2.9962114 3.4248215 3.2209718 2.9935023 3.3980820 3.1259597 3.1354058 3.0461849 2.9830553 3.2082264 3.2022720 3.5672908 2.9401888 3.3066127 3.2306181 3.5624611 2.9703655 3.5120358 
Pbac_sb2667861                                                 2.2249136 2.2718036 2.0695325 1.9209612 2.2705880 2.6447775 2.4342639 2.4798475 2.3899326 2.4141203 2.0808064 2.0543870 2.0541496 1.9861798 2.0477884 2.0423178 2.0007075 2.2607082 2.4801812 2.0674318 2.7647659 2.5359353 2.7567851 2.5156729 2.5551471 2.2344041 2.5366836 2.7689104 3.1984219 2.8761892 2.5500218 2.5745769 2.5829941 2.9973866 2.8667656 2.8755054 2.9209037 2.9225808 2.9951292 4.1153954 3.0942986 0.4807228 0.5214443 0.5806941 0.5300512 0.5499153 0.5316468 0.7668599 0.7840020 0.0000000 0.0056697 1.6202089 2.7699221 3.3426197 2.5980079 2.7835977 3.1040483 2.8640277 2.8683539 2.8311929 2.8061921 2.8374863 2.8251891 3.5244247 3.4314310 3.4842745 3.0274893 3.3373231 3.1320274 3.6107101 
Horcal_Hcv1.av93.c8.g305.i1                                    2.1665768 2.2640621 2.0573868 1.9123265 2.2401806 2.5173416 2.3451328 2.3933426 2.2735783 2.3032553 2.0162291 1.9774542 1.9772194 1.9281686 1.9852538 1.9802361 1.9384102 2.1709650 2.1984705 1.9757211 2.5556254 2.4416944 2.5497217 2.4029438 2.5202955 2.1558425 2.4656380 2.6752150 3.1072607 2.7909697 2.4089080 2.4643318 2.5384323 2.8345075 2.7054892 2.6955272 2.7353840 2.6374085 2.7383978 3.6086422 3.0330764 0.4730454 0.5106262 0.5659445 0.5145011 0.5376300 0.5171485 0.6924001 0.7275587 0.0056697 0.0000000 1.7643228 2.7451888 3.2733642 2.5576587 2.7222913 3.1232556 2.8212370 2.8253462 2.8066071 2.7691180 2.7978273 2.7862791 3.4344585 3.3161594 3.3950625 2.9988834 3.3486742 3.0537247 3.5357569 
Eupdun_Edun_sb10643496                                         4.4007282 4.9920950 4.2181230 4.5352976 4.6083091 4.1445418 5.0940962 4.9678371 4.4690778 4.9670724 5.2648402 4.8503404 4.8503404 4.8930136 4.8627883 4.9220557 4.9083939 5.1060521 6.5371662 4.5576744 5.9315345 6.1230290 7.1774390 6.5567905 5.9260344 5.4445401 4.3715925 6.6198240 5.9195810 8.2130786 6.0483755 5.6805969 4.9938641 6.1408395 5.1709115 6.0855805 5.1365126 4.5512625 5.3017967 4.2294754 5.1458593 1.3972176 1.2084106 0.9707419 0.9917803 0.9858905 1.4464013 2.3539061 1.7762598 1.6202089 1.7643228 0.0000000 7.0117341 6.2980905 5.0468896 5.5233542 7.6239072 5.0494920 5.0494920 5.2632631 5.1695575 5.1877394 5.1985504 5.8729741 4.5660613 4.8662691 5.0814679 7.3858710 8.0557609 7.9674927 
