66
Hsap_ENST00000476781                               0.0000000 2.5684558 1.9360657 2.3318042 1.6128311 2.0507257 1.8648490 2.0235064 2.2206926 2.6159519 1.4651158 2.0989054 2.4260271 2.8014017 2.3309220 2.5403485 2.6525819 3.1956442 3.1252576 2.2956199 2.4999794 3.0174336 2.4169790 2.2693535 2.3599428 2.3226000 2.3425043 1.8730549 3.0759890 2.8939956 2.0918229 2.0918229 2.0877152 2.0001450 2.4081149 2.4200163 1.9635078 1.4620852 3.8089134 3.1091008 2.9494949 3.0488620 3.4763850 2.1877189 3.0637693 1.6974964 1.6877474 1.8659243 2.1227613 1.8323597 2.0540293 3.0621668 3.3173273 3.3009188 3.4799184 3.1053892 1.9455888 4.4727198 5.1334330 4.4434100 5.5671625 4.7526688 4.7770459 4.9151151 4.8108235 4.8316593 
Nvec_v1g237706                                     2.5684558 0.0000000 1.0907852 0.9822559 0.8226823 1.0474223 0.8097287 0.9213746 1.0641726 1.6790158 0.7517779 1.4030305 1.3199423 1.6425136 1.7923841 0.9619307 1.7514544 2.0907645 2.3157785 1.6843944 1.8708877 2.4162421 1.0717060 1.4628508 1.5178726 1.6476950 1.1256474 1.4565369 2.2178281 1.8807100 1.4583249 1.4583249 1.5185355 1.4959565 1.5211970 1.5221475 1.7354766 4.1001427 2.6717214 2.4650935 2.4433535 2.2962328 2.5533874 1.8548619 2.1451231 3.4691365 2.7984288 2.6824046 2.8946288 2.7637618 3.0330392 3.3746238 2.7247222 2.8563491 2.8504290 3.2274798 1.9384578 3.7130153 4.3450773 4.3757071 5.3599306 5.7455360 5.2745247 6.1604732 4.8484508 5.0938141 
Adig_XM_015896884.1                                1.9360657 1.0907852 0.0000000 0.3474429 0.4648101 0.7626672 0.8470195 0.6785314 1.0791119 1.9819313 0.8559445 0.5844532 0.9217950 2.3988412 2.1240653 0.6971689 2.5164267 2.4580567 2.5081325 1.8984285 1.9129383 2.2521384 1.3401992 1.9894758 2.4287289 2.2180646 1.6002357 1.9235053 2.5086619 2.3959574 1.1784804 1.1784804 1.4355417 1.4979134 1.5200683 1.5221334 0.8012046 2.5099716 2.7105862 2.7948945 2.4055051 3.2411859 3.0242593 1.8710792 2.5293439 3.4008500 3.0915803 3.2665470 2.8040153 2.5583554 3.0115428 4.3902319 4.5120988 4.0873010 4.6099707 5.1790619 2.3176510 5.1962066 6.3518302 8.9999987 8.9999986 8.2875317 8.5743775 7.7379380 7.0603567 7.2432537 
Gfas_gfas1.m1.189.m1                               2.3318042 0.9822559 0.3474429 0.0000000 0.4278657 0.5010343 0.5341283 0.4384621 0.8436321 2.1234382 0.5520414 1.3540680 1.3786392 2.0002999 1.6576278 0.6280580 2.1964935 2.0955682 2.2758226 1.8178838 2.0764217 2.4968022 1.4371460 1.9046486 1.7902616 1.8792182 1.5655331 1.7281578 2.5146755 2.4088456 1.8711093 1.8711093 1.7134060 1.7418915 1.8811281 1.8823126 1.8582312 2.8259632 3.3420252 2.6948709 2.5285278 2.5375195 2.6338291 1.8019988 2.0479233 3.4923733 2.7630621 2.7056579 2.6144452 2.3076268 2.7349004 2.8398520 3.1070185 3.0948857 3.0521012 3.4559046 2.1227978 3.2962931 4.1255988 4.3927370 5.2375710 5.1623055 4.9408060 5.6513542 4.5965920 4.4327592 
Spis_XP_022806252_1                                1.6128311 0.8226823 0.4648101 0.4278657 0.0000000 0.1315334 0.4511019 0.4206504 0.5878269 1.4578288 0.4727044 1.3312239 1.3708243 1.3397156 1.1667232 0.5937427 1.4136360 1.5973755 1.7345438 1.4188752 1.4131686 1.6636514 1.3417509 1.4852926 1.1613284 1.3103564 1.1300612 1.2405498 1.6643922 1.5158947 1.3522781 1.3522781 1.3862766 1.3885792 1.4737823 1.4748115 1.6230628 1.2427188 2.4375660 2.0166307 1.9963068 1.6544767 1.9015342 1.5349483 1.2817633 2.2247472 1.8905817 1.8407998 2.2524149 1.7230067 1.8864577 2.1090075 2.0759535 2.2186731 1.7313089 1.9831492 1.8271690 2.6312515 2.9596859 3.1939644 4.4298439 4.3252325 4.1127252 4.0642690 3.1703341 4.1276838 
Pocdam_XM_027185720.1                              2.0507257 1.0474223 0.7626672 0.5010343 0.1315334 0.0000000 0.4508444 0.4484285 0.9801133 1.9324926 0.7852523 1.3900358 1.4853618 2.0052533 1.8369650 0.9700773 2.1432863 2.1081556 2.1468840 1.8762819 2.1096244 2.3599389 1.6157260 2.1179909 1.8523188 1.9179232 1.5708813 1.5364433 2.1354248 2.2143355 1.6333565 1.6333565 1.5735695 1.5908360 1.7511946 1.7523319 1.7004361 2.4270450 2.9439773 2.6487163 2.6007866 2.5722655 2.5481594 1.7183984 2.1573078 2.7620598 2.8791430 2.9294016 2.9069495 2.1853640 2.8633157 2.9580368 2.8770956 3.0303344 2.7134921 3.1022508 2.0613539 3.6663546 4.1146351 4.7133621 6.0472999 5.4482560 5.2406738 5.6997890 4.2248009 4.9202098 
Fspp_ffun1.m4.22162.m1                             1.8648490 0.8097287 0.8470195 0.5341283 0.4511019 0.4508444 0.0000000 0.3059775 0.8839649 1.8774570 0.8394469 1.1074357 1.2559978 1.9350215 1.5047928 1.0275500 2.1814719 2.0984122 2.1570751 1.6261781 2.0563375 2.1867722 1.0414778 1.5992472 1.7461076 1.7326005 1.3026472 1.5991183 1.9757485 2.0641845 1.5129189 1.5129189 1.4891454 1.5470589 1.6774170 1.6812345 1.4347788 2.9364895 2.6792074 2.3534764 2.3163297 2.1131403 2.0693387 1.3909415 2.0894176 2.3685320 2.5662152 3.0320606 2.5459327 2.0067545 2.5550958 2.5657627 2.7617472 2.7007348 3.1505458 3.1704854 1.6728959 3.6724571 4.2205562 4.6855413 6.3188960 6.0921157 5.8334784 5.7261318 4.5319774 4.3730411 
Gasp_gasp1.m3.14564.m1                             2.0235064 0.9213746 0.6785314 0.4384621 0.4206504 0.4484285 0.3059775 0.0000000 0.8618664 2.0132816 0.9140748 1.2603454 1.3301591 1.9478270 1.5853760 1.0580014 1.9350043 1.9899507 2.0987671 1.8100902 1.9551489 2.0783314 1.2877423 1.9479684 1.8576478 1.9719135 1.5443523 1.7611052 2.1945299 2.1849419 1.5812820 1.5812820 1.4716410 1.5290239 1.6416772 1.6406383 1.5579433 2.8009375 2.7619699 2.5315347 2.4323971 2.5154507 2.5614584 1.8106966 1.8988708 2.6942365 2.8517337 2.7482351 2.8423779 2.2847058 2.7548956 2.8487041 2.7124289 2.7519048 2.8949000 3.2905815 2.0130747 3.2901634 4.1053139 4.6761773 5.8861301 5.5727556 5.3585765 5.9072427 4.4568469 5.2089060 
Amil_Amillepora18730-RA                            2.2206926 1.0641726 1.0791119 0.8436321 0.5878269 0.9801133 0.8839649 0.8618664 0.0000000 1.6850780 0.6462835 1.4845429 1.2633685 2.0117816 1.5601195 0.6239302 1.7317546 1.8172196 1.8917525 1.5628543 1.8882117 1.8891152 1.6462910 1.6556477 1.7315321 1.7613145 1.5120621 1.5800424 2.0676006 1.7647578 1.6304482 1.6304482 1.7411567 1.7914824 1.8822415 1.8835040 1.6746556 2.3480757 2.5086930 2.1062490 2.1208731 2.0417712 2.3396124 1.5184905 1.7733312 3.1676639 2.2097391 2.6507295 2.9982821 2.2699907 2.2120669 2.6946448 2.9850122 3.0080825 2.7642725 2.9155077 1.9957424 3.1055683 4.1575525 4.0289500 5.2746487 5.6109469 5.2648116 5.2867505 5.1256250 4.6370295 
Tetwil_g14387.t1                                   2.6159519 1.6790158 1.9819313 2.1234382 1.4578288 1.9324926 1.8774570 2.0132816 1.6850780 0.0000000 0.5303301 1.0570444 0.9577737 1.8976031 2.0460029 0.7502956 2.3184493 2.6463648 2.6477528 2.3847369 2.1880462 2.6888146 2.1449449 2.2721441 2.2633824 2.2811234 1.7724566 1.2562136 2.0903517 2.2680564 2.0005886 2.0005886 2.1199437 2.1119599 2.2357833 2.2352612 2.2290096 2.3376406 3.1173877 2.5151560 2.6178641 3.2941463 3.4806957 2.1603381 2.3216808 3.3158744 3.2314523 4.3384795 3.5903224 2.8533442 2.9280794 3.2284502 3.2185359 3.2706419 3.7680672 3.8710078 2.3983616 5.3171045 4.6499756 4.4790502 5.8996384 5.0040745 5.0987764 5.1481537 4.9909715 5.1599006 
Xestes_maker-XT_scaffold70941-snap-gene-0.8-mRNA-1 1.4651158 0.7517779 0.8559445 0.5520414 0.4727044 0.7852523 0.8394469 0.9140748 0.6462835 0.5303301 0.0000000 0.3572689 0.7264078 1.1804676 1.2983144 0.7058137 1.3102145 1.5108654 1.3768490 1.0393198 1.2374929 1.3096396 1.0958899 1.1955232 1.2887465 1.1783703 1.0868433 0.5464178 0.7606779 1.5279517 0.7366179 0.7366179 0.7715114 0.8023252 0.8199779 0.8221491 0.7737608 1.7772208 1.7198936 1.4750206 1.6160824 1.8816260 2.1553046 0.9604485 1.6529524 1.9137534 2.2050072 2.5593177 2.2968333 1.9908691 2.1796640 2.1076833 2.1090772 1.8661544 2.0937248 2.6284159 0.9113062 3.0329406 3.5649481 3.7522561 3.0969416 2.9742187 2.9565915 3.1401401 3.4024026 3.6012680 
Halamb_c55098_g1_i4mm.6341                         2.0989054 1.4030305 0.5844532 1.3540680 1.3312239 1.3900358 1.1074357 1.2603454 1.4845429 1.0570444 0.3572689 0.0000000 1.1017610 1.2286229 1.7656254 0.7205874 1.5359958 2.2392474 2.2479364 1.6645405 1.7257740 1.9855077 1.5527718 1.8556907 2.1785320 2.1427379 1.8137618 1.0496028 1.5936071 2.0499129 1.5760643 1.5760643 1.4651859 1.5415868 1.6225115 1.6326789 1.6361235 1.5944496 2.6551026 2.2092059 2.2572614 2.4923818 2.8186823 2.1989370 2.2805054 2.3653786 2.4920192 2.8460603 2.4320734 2.2152955 2.8401624 2.5655496 2.4238746 2.2688433 2.4007792 2.6821199 1.8367078 3.2157137 3.4554691 3.5861011 3.4617532 3.7072595 3.7385320 4.0710137 4.2351400 4.5971953 
Spolac_c100414_g1_i1_m.22367c100414-g1             2.4260271 1.3199423 0.9217950 1.3786392 1.3708243 1.4853618 1.2559978 1.3301591 1.2633685 0.9577737 0.7264078 1.1017610 0.0000000 1.3549746 1.4070864 0.6403557 1.5639829 1.6524732 1.6825137 1.6391484 1.6151255 1.9333818 1.7104991 1.3990741 1.6369906 1.5078006 1.3619346 1.0804792 1.8634108 1.8497978 1.8639531 1.8639531 1.9332359 1.9064510 1.9025372 1.9025920 2.0115577 1.5147076 2.3688402 2.1398124 1.9718145 2.2770680 2.6200890 2.1054845 2.1376145 2.7209076 2.7211064 3.2835666 2.8512729 2.1891576 2.7973660 2.7518371 2.2459339 2.2894524 2.8774865 2.5511299 1.6587624 3.8617184 3.8599151 4.4534141 5.3961452 4.4141180 4.1241782 5.1892849 3.8145731 5.5968417 
Codhol_EP00042_Codosiga_hollandica_P016463         2.8014017 1.6425136 2.3988412 2.0002999 1.3397156 2.0052533 1.9350215 1.9478270 2.0117816 1.8976031 1.1804676 1.2286229 1.3549746 0.0000000 1.5314041 1.4509175 1.7589621 1.6789928 1.8495788 1.7583959 1.7720212 1.8208768 1.8850419 2.0520683 2.6416297 2.7389532 1.8617762 1.6518338 1.8493797 1.4677830 1.7142270 1.7142270 1.6384454 1.6681847 1.7234790 1.7264932 1.9102736 3.0145642 2.5114493 2.3906274 2.1161919 2.2486467 2.2027529 1.9835628 1.8900708 3.7899186 3.3615347 3.9574292 2.9672877 3.3475231 3.2667727 3.7586333 3.3220060 3.2495386 3.7182184 3.6625523 1.7660760 4.2890782 5.3637522 5.1910521 4.4698945 4.9997163 5.0560655 6.0743020 4.5964322 5.0584859 
Stedip_EP00041_Stephanoeca_diplocostata_P041801    2.3309220 1.7923841 2.1240653 1.6576278 1.1667232 1.8369650 1.5047928 1.5853760 1.5601195 2.0460029 1.2983144 1.7656254 1.4070864 1.5314041 0.0000000 1.6763279 2.0167275 1.2389553 1.3572908 1.2871520 1.4518874 1.4838654 1.8641674 2.0328435 2.4035105 2.3015719 1.7854967 1.7640377 1.4783473 1.5565115 2.0329743 2.0329743 1.8202863 1.7007849 2.0410657 2.0443167 1.6663404 3.1932516 2.1254609 2.2447788 2.0650212 1.8602374 2.2718249 1.8857452 1.7955899 3.5154231 3.4483901 3.6111861 3.5436852 3.1616484 3.4914988 4.9843940 3.8426461 3.5525262 3.9529501 3.6109280 2.0248772 5.1530381 5.7508329 5.7316557 6.3578604 6.6806982 6.4705336 6.7768577 5.2534462 5.2329775 
Stycar_maker-SC_scaffold2745-snap-gene-0.51-mRNA-1 2.5403485 0.9619307 0.6971689 0.6280580 0.5937427 0.9700773 1.0275500 1.0580014 0.6239302 0.7502956 0.7058137 0.7205874 0.6403557 1.4509175 1.6763279 0.0000000 1.1980182 1.7817793 1.5831467 1.6311073 1.3863094 1.7598037 1.3316600 1.3752015 1.6631777 1.5696319 1.0933689 0.5554776 1.2099863 1.6958852 0.9078177 0.9078177 0.6982953 0.7346875 0.7241700 0.7262224 0.7440898 2.0634590 2.0015050 1.7491773 1.9528450 2.2221256 2.5195253 1.3604557 1.9268025 3.1502157 3.1974740 2.8315643 2.9014087 3.3900146 3.4294549 3.3079136 2.9794952 2.6232535 2.8690211 3.4275765 0.9533075 4.0045236 4.8202133 4.8455752 5.4523101 4.8418196 4.8163260 4.9074198 4.4722267 5.5664853 
Salkve_EP00050_Salpingoeca_kvevrii_P020627         2.6525819 1.7514544 2.5164267 2.1964935 1.4136360 2.1432863 2.1814719 1.9350043 1.7317546 2.3184493 1.3102145 1.5359958 1.5639829 1.7589621 2.0167275 1.1980182 0.0000000 2.3963977 2.4944081 1.9070264 1.4445234 2.0341825 1.9497236 2.2647794 2.7338146 2.5386217 1.8763966 1.9593650 1.6134959 1.5960070 1.5712197 1.5712197 1.5678313 1.5343866 1.6621939 1.6657229 1.6240632 3.1897428 2.6779427 2.3803436 2.1374940 2.1557163 2.2572854 1.5661965 1.8331533 3.5815635 3.5098738 3.8499882 3.3445918 3.3993455 3.4166292 3.9604949 3.9363986 3.5174546 3.6879401 4.0889932 2.1121963 4.8170797 5.9500904 6.7486412 5.9501131 6.9897241 6.8862943 6.6310275 5.9874968 5.5630833 
Acaspe_EP00035_Acanthoeca_spectabilis_P023398      3.1956442 2.0907645 2.4580567 2.0955682 1.5973755 2.1081556 2.0984122 1.9899507 1.8172196 2.6463648 1.5108654 2.2392474 1.6524732 1.6789928 1.2389553 1.7817793 2.3963977 0.0000000 0.5191130 1.4874805 1.9312195 1.6611864 1.9727271 2.3565723 3.0682903 3.0942525 2.2062325 2.3857993 2.0685844 2.1700627 2.5702201 2.5702201 2.3512161 2.2359894 2.4044254 2.4082877 2.6907184 5.0785740 2.8851614 2.5927422 2.4858864 2.7958050 2.8659582 1.8845937 2.1428104 4.4653433 3.9299176 4.3464424 4.1047322 4.1132436 4.3411028 4.9164891 4.0242358 3.9886774 4.2892462 4.5850852 2.7332498 5.2588685 6.8111129 6.5181213 6.4841045 7.1215410 7.1604139 8.9690363 5.9104098 6.1029646 
Helnan_EP00037_Helgoeca_nana_P032885               3.1252576 2.3157785 2.5081325 2.2758226 1.7345438 2.1468840 2.1570751 2.0987671 1.8917525 2.6477528 1.3768490 2.2479364 1.6825137 1.8495788 1.3572908 1.5831467 2.4944081 0.5191130 0.0000000 1.7787856 2.0449112 1.8522228 2.1898386 2.4117319 3.4655286 3.1158994 2.5278106 2.3874853 2.4151325 1.9896440 2.4361140 2.4361140 2.3906675 2.1888466 2.3609810 2.3518304 2.6340397 4.6869414 2.7650713 2.4914810 2.5229588 2.7016353 2.7302638 1.9811050 2.2120748 4.3488867 3.9814167 4.2268372 4.5479550 4.0706890 4.6877181 4.6476912 4.2789533 3.7688849 4.7140311 4.0989202 2.9743951 5.3018938 7.0489036 7.2509149 6.5236141 6.9744663 6.7076437 7.4982569 5.9503639 6.2627823 
Didcos_EP00039_Didymoeca_costata_P028802           2.2956199 1.6843944 1.8984285 1.8178838 1.4188752 1.8762819 1.6261781 1.8100902 1.5628543 2.3847369 1.0393198 1.6645405 1.6391484 1.7583959 1.2871520 1.6311073 1.9070264 1.4874805 1.7787856 0.0000000 1.7865833 1.7635364 1.7535038 2.1860578 2.6323544 2.1761451 1.6088808 1.7978476 1.8585050 2.0121314 1.7799532 1.7799532 1.7025279 1.6455438 1.8738700 1.8768968 1.8059501 3.5676777 2.5638848 2.1375862 2.0894484 2.3270589 2.3853871 1.8711499 2.1381295 4.4733408 3.0068002 3.5272634 3.4879567 3.1501451 3.5824999 4.3676498 3.5316846 3.6947547 3.8806287 3.6671615 2.5881440 5.4102721 7.3270315 5.9907841 6.7182855 6.9847178 6.8294342 7.7953259 5.3820288 6.1053311 
Salurc_EP00051_Salpingoeca_urceolata_P011767       2.4999794 1.8708877 1.9129383 2.0764217 1.4131686 2.1096244 2.0563375 1.9551489 1.8882117 2.1880462 1.2374929 1.7257740 1.6151255 1.7720212 1.4518874 1.3863094 1.4445234 1.9312195 2.0449112 1.7865833 0.0000000 2.0097737 1.9273466 2.1772343 2.4411817 2.4202278 1.6971601 1.9106926 1.5909673 1.6324322 2.0926360 2.0926360 2.2359485 2.1529497 2.4250982 2.4292142 2.0221128 3.4187851 2.4856289 2.0264492 2.1770352 2.4146784 2.4149049 1.5862213 1.5589494 3.9934959 2.7899996 3.3192177 3.3187121 2.7890050 3.5546040 4.4304829 4.1032966 3.8545536 4.5213997 3.9693445 2.4651940 4.8104059 5.7837069 5.6631619 5.9343223 6.4590024 6.5111196 6.5134770 7.1685728 4.8542623 
Diagra_EP00040_Diaphanoeca_grandis_P014555         3.0174336 2.4162421 2.2521384 2.4968022 1.6636514 2.3599389 2.1867722 2.0783314 1.8891152 2.6888146 1.3096396 1.9855077 1.9333818 1.8208768 1.4838654 1.7598037 2.0341825 1.6611864 1.8522228 1.7635364 2.0097737 0.0000000 2.4528548 2.6799671 3.0956172 3.0638443 2.1226742 2.0581644 1.7134402 2.0495169 2.2892167 2.2892167 2.3908937 2.4047023 2.6898039 2.6948629 2.5141804 3.6322354 2.8073727 2.5406607 2.3314704 2.5915562 3.0338522 2.0580910 2.0071434 4.2158237 3.4641723 3.6910682 3.8180079 3.5703333 4.0100666 5.1343677 3.8326176 3.9770238 4.2188334 4.4568383 2.5122939 5.3463611 7.5805921 6.0742641 6.2636748 6.7202753 6.3831961 7.1700229 5.8369031 5.8787749 
Morvir_scaffold55.g21.t1                           2.4169790 1.0717060 1.3401992 1.4371460 1.3417509 1.6157260 1.0414778 1.2877423 1.6462910 2.1449449 1.0958899 1.5527718 1.7104991 1.8850419 1.8641674 1.3316600 1.9497236 1.9727271 2.1898386 1.7535038 1.9273466 2.4528548 0.0000000 1.6281322 1.8480986 1.7461308 1.2748410 1.6736427 2.2170993 1.9644306 1.5195642 1.5195642 1.6333737 1.6320155 1.7165906 1.7200495 1.6919281 2.8135117 2.5573248 2.1365905 2.1643669 2.4282648 2.2701164 1.5657473 2.2522185 3.0064766 2.2340388 3.1035047 2.6204165 2.2456673 2.7966522 2.9008862 3.3711056 3.0432207 3.4950091 3.1471085 2.1653653 2.6118489 3.8311729 3.6139318 4.1880202 3.8800754 3.7668679 5.4886828 3.9646003 5.1135522 
Aaur_scaffold124.g4.t1                             2.2693535 1.4628508 1.9894758 1.9046486 1.4852926 2.1179909 1.5992472 1.9479684 1.6556477 2.2721441 1.1955232 1.8556907 1.3990741 2.0520683 2.0328435 1.3752015 2.2647794 2.3565723 2.4117319 2.1860578 2.1772343 2.6799671 1.6281322 0.0000000 1.1269442 0.9731289 0.9812368 2.1302842 2.6018633 2.1999965 1.7583235 1.7583235 2.1501647 2.0786518 2.2680910 2.2598084 2.1642982 2.7918462 3.0696049 2.6679775 2.7333537 2.7352801 2.5275676 1.8839627 2.4860893 3.7487775 2.8238718 3.4141144 3.4694342 2.6884987 3.2024466 3.6390452 3.3644744 3.0765398 4.0797617 3.2774228 2.6822652 3.9806693 4.5453193 4.9026426 5.9265545 5.1002998 4.9063617 5.6473528 3.8529910 5.5472710 
Nemnom_g1574.t1                                    2.3599428 1.5178726 2.4287289 1.7902616 1.1613284 1.8523188 1.7461076 1.8576478 1.7315321 2.2633824 1.2887465 2.1785320 1.6369906 2.6416297 2.4035105 1.6631777 2.7338146 3.0682903 3.4655286 2.6323544 2.4411817 3.0956172 1.8480986 1.1269442 0.0000000 0.4546780 1.1219344 1.8978336 2.7009231 2.8315121 1.8005911 1.8005911 2.2730141 2.1212611 2.3577341 2.3624499 1.8083675 2.9834839 3.9960471 3.2038100 3.2498167 3.0264338 2.7870000 2.0598718 2.6383754 3.4432800 2.7392321 3.7916904 3.1143236 2.7049743 3.2593982 3.3640533 3.5131367 3.2796538 3.7379840 3.6318462 2.1025782 4.2513379 3.7928965 4.2297580 6.7989141 5.4709772 5.0802869 6.1149131 4.7324999 4.7589884 
Rhoesc_Res_017494-T1                               2.3226000 1.6476950 2.2180646 1.8792182 1.3103564 1.9179232 1.7326005 1.9719135 1.7613145 2.2811234 1.1783703 2.1427379 1.5078006 2.7389532 2.3015719 1.5696319 2.5386217 3.0942525 3.1158994 2.1761451 2.4202278 3.0638443 1.7461308 0.9731289 0.4546780 0.0000000 0.9696290 1.9381953 2.7388522 2.7858453 1.8510080 1.8510080 2.5044120 2.2950474 2.5529612 2.5581393 1.9881469 2.9109107 3.5266741 3.0594279 3.1380966 3.0081923 2.8084543 2.1737335 2.3744473 3.4457608 2.7156619 3.4215068 2.9455610 2.3027413 3.3606839 3.4366895 3.3673628 3.3509017 4.0557834 3.3200884 2.3077549 3.7459108 3.7150876 3.9551218 6.0527756 5.4091511 5.0258594 5.4000870 4.8966794 3.9930932 
Sanmal_Sma_022950-T1                               2.3425043 1.1256474 1.6002357 1.5655331 1.1300612 1.5708813 1.3026472 1.5443523 1.5120621 1.7724566 1.0868433 1.8137618 1.3619346 1.8617762 1.7854967 1.0933689 1.8763966 2.2062325 2.5278106 1.6088808 1.6971601 2.1226742 1.2748410 0.9812368 1.1219344 0.9696290 0.0000000 1.6266383 1.8680608 1.8873873 1.5797262 1.5797262 1.8503915 1.7629012 1.7475007 1.7512063 1.6458535 2.1196274 2.9381081 2.2619792 2.2377793 2.3477195 2.3924741 1.7732998 2.0719417 3.0066917 2.6800495 3.1185418 3.0357931 2.4176123 3.1211666 3.6841514 2.9139136 2.8193806 2.9807883 2.6946619 1.8359249 3.9073660 3.7215512 3.9293793 5.3437261 4.9647978 4.7450947 4.8746969 4.2552184 4.2013036 
Aque_Aqu2.1.30006_001                              1.8730549 1.4565369 1.9235053 1.7281578 1.2405498 1.5364433 1.5991183 1.7611052 1.5800424 1.2562136 0.5464178 1.0496028 1.0804792 1.6518338 1.7640377 0.5554776 1.9593650 2.3857993 2.3874853 1.7978476 1.9106926 2.0581644 1.6736427 2.1302842 1.8978336 1.9381953 1.6266383 0.0000000 1.4999693 2.0812859 1.6712041 1.6712041 1.9431853 1.9553095 2.1466239 2.1509137 1.8839890 1.7207580 3.0220246 2.2354933 2.1054425 2.3686069 2.3644115 1.9515456 2.3197097 2.2471966 2.0616537 2.5528393 2.5551784 1.9671849 2.3975111 2.8837710 2.3502214 2.3524857 2.5092760 2.7953640 1.6889307 3.1857546 3.7194198 3.2736303 4.2428780 4.2166470 4.2607252 4.0105549 3.9745668 4.5180045 
Saldol_EP00054_Salpingoeca_dolichothecata_P013141  3.0759890 2.2178281 2.5086619 2.5146755 1.6643922 2.1354248 1.9757485 2.1945299 2.0676006 2.0903517 0.7606779 1.5936071 1.8634108 1.8493797 1.4783473 1.2099863 1.6134959 2.0685844 2.4151325 1.8585050 1.5909673 1.7134402 2.2170993 2.6018633 2.7009231 2.7388522 1.8680608 1.4999693 0.0000000 1.5788190 2.3686998 2.3686998 2.4826700 2.3149854 2.7802553 2.7844979 2.4420468 3.0572221 2.8008293 2.3017428 2.0828993 2.0744558 2.5959065 2.2265751 1.8433209 3.6194857 2.7733921 3.0691293 3.5781458 3.0754593 3.8202196 4.2190590 3.4152623 3.5752822 3.6743538 3.2833857 2.7685769 5.5031981 6.0668902 5.7727743 6.4675095 6.1374759 6.1882368 6.2965369 4.8164116 6.4186085 
Salpun_EP00053_Salpingoeca_punica_P019154          2.8939956 1.8807100 2.3959574 2.4088456 1.5158947 2.2143355 2.0641845 2.1849419 1.7647578 2.2680564 1.5279517 2.0499129 1.8497978 1.4677830 1.5565115 1.6958852 1.5960070 2.1700627 1.9896440 2.0121314 1.6324322 2.0495169 1.9644306 2.1999965 2.8315121 2.7858453 1.8873873 2.0812859 1.5788190 0.0000000 1.6636814 1.6636814 1.8792797 1.7265978 2.0012241 2.0044560 1.8814084 3.7250682 2.6172790 2.2753338 2.1701802 2.1249029 2.3552294 1.8098861 1.3902830 4.3415729 3.4270035 4.0142361 3.8506473 3.6085489 3.8274498 3.8902333 4.0857758 3.9781348 4.0922534 3.8273482 2.3676760 5.5222402 6.3327083 6.2446124 6.1614422 7.3854799 7.5041173 5.6851955 6.4377465 5.2252634 
Tadh_TriadT57420                                   2.0918229 1.4583249 1.1784804 1.8711093 1.3522781 1.6333565 1.5129189 1.5812820 1.6304482 2.0005886 0.7366179 1.5760643 1.8639531 1.7142270 2.0329743 0.9078177 1.5712197 2.5702201 2.4361140 1.7799532 2.0926360 2.2892167 1.5195642 1.7583235 1.8005911 1.8510080 1.5797262 1.6712041 2.3686998 1.6636814 0.0000000 0.0000010 0.4890606 0.4674990 0.4550011 0.4446431 0.4870936 1.5823766 2.3283604 1.9549137 1.9178524 2.1572440 2.1786944 2.0284711 2.2294230 2.2582281 1.8222488 2.3349384 2.1152298 1.8641307 2.3075381 2.5557282 2.1787688 2.1774165 2.1600654 2.3351432 2.1310420 2.9255624 3.0176470 3.2150954 3.8315916 4.0780247 3.9352529 4.2456702 4.0232512 4.8924411 
TrH2_TrispH2_005442-RA                             2.0918229 1.4583249 1.1784804 1.8711093 1.3522781 1.6333565 1.5129189 1.5812820 1.6304482 2.0005886 0.7366179 1.5760643 1.8639531 1.7142270 2.0329743 0.9078177 1.5712197 2.5702201 2.4361140 1.7799532 2.0926360 2.2892167 1.5195642 1.7583235 1.8005911 1.8510080 1.5797262 1.6712041 2.3686998 1.6636814 0.0000010 0.0000000 0.4890606 0.4674990 0.4550011 0.4446431 0.4870936 1.5823766 2.3283604 1.9549137 1.9178524 2.1572440 2.1786944 2.0284711 2.2294230 2.2582281 1.8222488 2.3349384 2.1152298 1.8641307 2.3075381 2.5557282 2.1787688 2.1774165 2.1600654 2.3351432 2.1310420 2.9255624 3.0176470 3.2150954 3.8315916 4.0780247 3.9352529 4.2456702 4.0232512 4.8924411 
HoiH06_mRNA6856                                    2.0877152 1.5185355 1.4355417 1.7134060 1.3862766 1.5735695 1.4891454 1.4716410 1.7411567 2.1199437 0.7715114 1.4651859 1.9332359 1.6384454 1.8202863 0.6982953 1.5678313 2.3512161 2.3906675 1.7025279 2.2359485 2.3908937 1.6333737 2.1501647 2.2730141 2.5044120 1.8503915 1.9431853 2.4826700 1.8792797 0.4890606 0.4890606 0.0000000 0.0933853 0.2502653 0.2418584 0.4316016 2.0868697 1.9736267 2.0044245 2.0195250 2.1651798 2.0854610 2.3687613 2.0866707 2.6983248 2.2346776 2.5637059 2.6029647 2.2116109 2.3407446 2.4954994 2.3526952 2.3096334 2.4457850 2.8081404 2.1701541 3.0159609 3.4178611 3.7873555 3.6036240 4.4449683 4.4272537 4.5527753 4.0595259 4.9940707 
HoiH23_PlH23_007901-RA                             2.0001450 1.4959565 1.4979134 1.7418915 1.3885792 1.5908360 1.5470589 1.5290239 1.7914824 2.1119599 0.8023252 1.5415868 1.9064510 1.6681847 1.7007849 0.7346875 1.5343866 2.2359894 2.1888466 1.6455438 2.1529497 2.4047023 1.6320155 2.0786518 2.1212611 2.2950474 1.7629012 1.9553095 2.3149854 1.7265978 0.4674990 0.4674990 0.0933853 0.0000000 0.2725190 0.2640329 0.3565034 1.9757603 1.9991696 2.1679344 2.0662706 2.1332127 2.1259505 2.3173250 1.9349902 2.5301964 2.1663440 2.5896697 2.4182806 2.1463384 2.4825033 2.5576253 2.3444196 2.3211830 2.4365212 2.7227393 2.0845153 2.9800855 3.5550194 3.6745938 3.5765676 4.2877242 4.2697213 4.4463664 4.1295939 4.8490530 
Hhon_g10342.t1                                     2.4081149 1.5211970 1.5200683 1.8811281 1.4737823 1.7511946 1.6774170 1.6416772 1.8822415 2.2357833 0.8199779 1.6225115 1.9025372 1.7234790 2.0410657 0.7241700 1.6621939 2.4044254 2.3609810 1.8738700 2.4250982 2.6898039 1.7165906 2.2680910 2.3577341 2.5529612 1.7475007 2.1466239 2.7802553 2.0012241 0.4550011 0.4550011 0.2502653 0.2725190 0.0000000 0.0065911 0.4644413 2.5704993 2.1381547 2.1884249 2.0831752 2.3799976 2.3449205 2.5606527 2.0566479 2.7558568 2.4441043 2.7980980 2.5364020 2.2915836 2.5501651 3.0393908 2.6136912 2.5360166 2.4158809 2.7062409 2.1269355 3.2233569 3.4203396 3.7362774 3.8508545 4.5937189 4.4867872 4.6542300 4.3825138 4.8160531 
HoiH04_mRNA17384                                   2.4200163 1.5221475 1.5221334 1.8823126 1.4748115 1.7523319 1.6812345 1.6406383 1.8835040 2.2352612 0.8221491 1.6326789 1.9025920 1.7264932 2.0443167 0.7262224 1.6657229 2.4082877 2.3518304 1.8768968 2.4292142 2.6948629 1.7200495 2.2598084 2.3624499 2.5581393 1.7512063 2.1509137 2.7844979 2.0044560 0.4446431 0.4446431 0.2418584 0.2640329 0.0065911 0.0000000 0.4521976 2.6048242 2.1415469 2.1920653 2.0866689 2.3846367 2.3494561 2.5664946 2.0580388 2.7691419 2.4575165 2.8136587 2.5494923 2.3065559 2.5635731 3.0543342 2.6124799 2.5349403 2.4283354 2.6947715 2.1315971 3.2539450 3.4422093 3.7445668 3.8576319 4.6181820 4.5109915 4.6669136 4.3939343 4.8259742 
HoiH11_mRNA1227                                    1.9635078 1.7354766 0.8012046 1.8582312 1.6230628 1.7004361 1.4347788 1.5579433 1.6746556 2.2290096 0.7737608 1.6361235 2.0115577 1.9102736 1.6663404 0.7440898 1.6240632 2.6907184 2.6340397 1.8059501 2.0221128 2.5141804 1.6919281 2.1642982 1.8083675 1.9881469 1.6458535 1.8839890 2.4420468 1.8814084 0.4870936 0.4870936 0.4316016 0.3565034 0.4644413 0.4521976 0.0000000 1.2689842 2.3983270 2.5494182 2.3338472 2.3642341 2.1190080 2.5519906 2.5012627 2.2014547 2.0930621 2.0476223 2.0300955 1.9209057 2.3700936 2.4470391 2.0904630 2.0966839 2.1867224 2.2823655 1.8302615 2.8424262 2.8711480 3.0671323 4.2097703 4.6435449 4.6129727 4.4846663 4.1590427 4.5230255 
Skow_XM_006819239.1                                1.4620852 4.1001427 2.5099716 2.8259632 1.2427188 2.4270450 2.9364895 2.8009375 2.3480757 2.3376406 1.7772208 1.5944496 1.5147076 3.0145642 3.1932516 2.0634590 3.1897428 5.0785740 4.6869414 3.5676777 3.4187851 3.6322354 2.8135117 2.7918462 2.9834839 2.9109107 2.1196274 1.7207580 3.0572221 3.7250682 1.5823766 1.5823766 2.0868697 1.9757603 2.5704993 2.6048242 1.2689842 0.0000000 3.6792541 3.2441078 2.6654193 3.7657060 3.6978626 2.1183598 4.1063158 1.9056888 1.8530440 2.3862064 2.8328433 2.0952683 2.0480940 2.6283994 3.8312386 3.7383621 4.1993367 4.1484846 2.3251566 5.7755609 7.0569191 4.9241097 6.4973234 6.9812532 6.9243311 6.4690636 5.2490205 8.9999989 
Mbre_EDQ90441                                      3.8089134 2.6717214 2.7105862 3.3420252 2.4375660 2.9439773 2.6792074 2.7619699 2.5086930 3.1173877 1.7198936 2.6551026 2.3688402 2.5114493 2.1254609 2.0015050 2.6779427 2.8851614 2.7650713 2.5638848 2.4856289 2.8073727 2.5573248 3.0696049 3.9960471 3.5266741 2.9381081 3.0220246 2.8008293 2.6172790 2.3283604 2.3283604 1.9736267 1.9991696 2.1381547 2.1415469 2.3983270 3.6792541 0.0000000 1.0298259 0.9678146 1.6183119 1.4555202 1.5670271 2.6763407 4.7908795 4.0912998 3.7855203 4.8062901 3.7987380 3.4425942 4.2384898 4.8835404 3.9585871 5.6758628 4.9104221 2.5665186 5.0827861 5.7050625 6.3991598 5.5664794 6.0792427 6.3323298 5.9747078 5.7351023 5.5375680 
Choper_EP00045_Choanoeca_perplexa_P003778          3.1091008 2.4650935 2.7948945 2.6948709 2.0166307 2.6487163 2.3534764 2.5315347 2.1062490 2.5151560 1.4750206 2.2092059 2.1398124 2.3906274 2.2447788 1.7491773 2.3803436 2.5927422 2.4914810 2.1375862 2.0264492 2.5406607 2.1365905 2.6679775 3.2038100 3.0594279 2.2619792 2.2354933 2.3017428 2.2753338 1.9549137 1.9549137 2.0044245 2.1679344 2.1884249 2.1920653 2.5494182 3.2441078 1.0298259 0.0000000 0.3454951 1.4420463 1.5847058 1.3371038 1.9728617 4.9679203 2.9048361 3.9727184 3.9073002 3.8513031 3.9103461 3.7532124 4.5864669 4.2397878 5.3687986 5.3191746 2.9504283 4.4070708 5.4867084 6.2548019 6.2581185 5.6972942 5.7246892 5.6983329 6.1237662 5.7155348 
Chofle_EP00730_Choanoeca_flexa_P002404             2.9494949 2.4433535 2.4055051 2.5285278 1.9963068 2.6007866 2.3163297 2.4323971 2.1208731 2.6178641 1.6160824 2.2572614 1.9718145 2.1161919 2.0650212 1.9528450 2.1374940 2.4858864 2.5229588 2.0894484 2.1770352 2.3314704 2.1643669 2.7333537 3.2498167 3.1380966 2.2377793 2.1054425 2.0828993 2.1701802 1.9178524 1.9178524 2.0195250 2.0662706 2.0831752 2.0866689 2.3338472 2.6654193 0.9678146 0.3454951 0.0000000 1.4348199 1.3034451 1.3738986 1.9452445 4.4328775 3.0419702 3.8845068 3.9546238 3.7999966 3.9543291 3.6237741 4.4959613 4.2306167 4.9454369 5.2620318 2.9674729 4.2962615 5.1596562 5.7808775 5.9040555 5.7327091 5.7923434 5.4421821 5.6300547 4.9216978 
Microa_EP00043_Microstomoeca_roanoka_P021738       3.0488620 2.2962328 3.2411859 2.5375195 1.6544767 2.5722655 2.1131403 2.5154507 2.0417712 3.2941463 1.8816260 2.4923818 2.2770680 2.2486467 1.8602374 2.2221256 2.1557163 2.7958050 2.7016353 2.3270589 2.4146784 2.5915562 2.4282648 2.7352801 3.0264338 3.0081923 2.3477195 2.3686069 2.0744558 2.1249029 2.1572440 2.1572440 2.1651798 2.1332127 2.3799976 2.3846367 2.3642341 3.7657060 1.6183119 1.4420463 1.4348199 0.0000000 1.2160959 0.8065313 2.8691265 4.7645423 3.6884653 4.2294148 4.3970906 3.7907592 4.0155880 4.2414520 3.5272077 3.8271019 4.1430874 3.3880237 2.3718219 5.4304016 6.3213521 5.8701819 6.2708642 6.9809056 7.4077810 6.6143381 6.6334159 5.9934238 
Salinf_EP00049_Salpingoeca_infusionum_P019037      3.4763850 2.5533874 3.0242593 2.6338291 1.9015342 2.5481594 2.0693387 2.5614584 2.3396124 3.4806957 2.1553046 2.8186823 2.6200890 2.2027529 2.2718249 2.5195253 2.2572854 2.8659582 2.7302638 2.3853871 2.4149049 3.0338522 2.2701164 2.5275676 2.7870000 2.8084543 2.3924741 2.3644115 2.5959065 2.3552294 2.1786944 2.1786944 2.0854610 2.1259505 2.3449205 2.3494561 2.1190080 3.6978626 1.4555202 1.5847058 1.3034451 1.2160959 0.0000000 1.3166860 2.6005492 4.6849015 3.4789889 3.5581736 3.7603789 3.5711826 4.2006409 4.9323747 4.1044438 3.6879778 4.5688907 4.2510630 2.5000522 5.2248932 5.8432365 5.4467250 4.8979084 5.7896472 5.9074156 6.2481793 6.0166398 4.8220955 
Sros_EGD78863                                      2.1877189 1.8548619 1.8710792 1.8019988 1.5349483 1.7183984 1.3909415 1.8106966 1.5184905 2.1603381 0.9604485 2.1989370 2.1054845 1.9835628 1.8857452 1.3604557 1.5661965 1.8845937 1.9811050 1.8711499 1.5862213 2.0580910 1.5657473 1.8839627 2.0598718 2.1737335 1.7732998 1.9515456 2.2265751 1.8098861 2.0284711 2.0284711 2.3687613 2.3173250 2.5606527 2.5664946 2.5519906 2.1183598 1.5670271 1.3371038 1.3738986 0.8065313 1.3166860 0.0000000 1.7421349 3.0471604 1.9765784 2.8488070 2.5170527 2.3316657 2.4452726 2.8347689 2.4944706 2.5252795 2.8864827 2.4864796 2.4639607 3.8969249 3.4877750 4.2908270 3.9329781 4.5306720 4.6335768 5.0176391 3.9062048 3.6914357 
Salmac_EP00052_Salpingoeca_macrocollata_P003621    3.0637693 2.1451231 2.5293439 2.0479233 1.2817633 2.1573078 2.0894176 1.8988708 1.7733312 2.3216808 1.6529524 2.2805054 2.1376145 1.8900708 1.7955899 1.9268025 1.8331533 2.1428104 2.2120748 2.1381295 1.5589494 2.0071434 2.2522185 2.4860893 2.6383754 2.3744473 2.0719417 2.3197097 1.8433209 1.3902830 2.2294230 2.2294230 2.0866707 1.9349902 2.0566479 2.0580388 2.5012627 4.1063158 2.6763407 1.9728617 1.9452445 2.8691265 2.6005492 1.7421349 0.0000000 4.6873094 3.6350532 4.2691063 3.9463403 3.4334998 4.0087861 5.2378876 4.2535378 4.2981019 4.5839404 4.7723727 2.8330238 4.8216245 6.1779201 5.8263168 5.7540800 6.7376645 6.8370218 7.6509370 4.9078095 4.9913131 
Bralan_BLAG11000687_1                              1.6974964 3.4691365 3.4008500 3.4923733 2.2247472 2.7620598 2.3685320 2.6942365 3.1676639 3.3158744 1.9137534 2.3653786 2.7209076 3.7899186 3.5154231 3.1502157 3.5815635 4.4653433 4.3488867 4.4733408 3.9934959 4.2158237 3.0064766 3.7487775 3.4432800 3.4457608 3.0066917 2.2471966 3.6194857 4.3415729 2.2582281 2.2582281 2.6983248 2.5301964 2.7558568 2.7691419 2.2014547 1.9056888 4.7908795 4.9679203 4.4328775 4.7645423 4.6849015 3.0471604 4.6873094 0.0000000 2.1897292 2.3018632 2.4825040 1.9490939 2.0844938 2.7489336 4.0152260 4.0731396 3.9160734 4.2104515 2.8717047 4.7544340 4.9546865 5.0656788 6.1683423 5.7510703 5.6790285 6.2112674 5.2869064 4.6433687 
Tcas_TC013863_001                                  1.6877474 2.7984288 3.0915803 2.7630621 1.8905817 2.8791430 2.5662152 2.8517337 2.2097391 3.2314523 2.2050072 2.4920192 2.7211064 3.3615347 3.4483901 3.1974740 3.5098738 3.9299176 3.9814167 3.0068002 2.7899996 3.4641723 2.2340388 2.8238718 2.7392321 2.7156619 2.6800495 2.0616537 2.7733921 3.4270035 1.8222488 1.8222488 2.2346776 2.1663440 2.4441043 2.4575165 2.0930621 1.8530440 4.0912998 2.9048361 3.0419702 3.6884653 3.4789889 1.9765784 3.6350532 2.1897292 0.0000000 1.0423728 1.3142046 1.6994667 1.6211904 2.1444346 3.8067954 4.1352852 4.1675056 4.6664423 2.2284939 4.1593329 4.5982675 4.9355655 6.8361622 5.9508858 5.8276197 5.8934656 4.8002683 6.0344207 
Dpul_mRNA18502                                     1.8659243 2.6824046 3.2665470 2.7056579 1.8407998 2.9294016 3.0320606 2.7482351 2.6507295 4.3384795 2.5593177 2.8460603 3.2835666 3.9574292 3.6111861 2.8315643 3.8499882 4.3464424 4.2268372 3.5272634 3.3192177 3.6910682 3.1035047 3.4141144 3.7916904 3.4215068 3.1185418 2.5528393 3.0691293 4.0142361 2.3349384 2.3349384 2.5637059 2.5896697 2.7980980 2.8136587 2.0476223 2.3862064 3.7855203 3.9727184 3.8845068 4.2294148 3.5581736 2.8488070 4.2691063 2.3018632 1.0423728 0.0000000 1.1388677 1.7175082 1.5312803 2.9603815 3.6143463 3.3885891 4.2284704 3.9500040 2.2349701 5.3497270 6.7799082 5.3944142 6.2606125 6.7961787 7.0028466 6.1248608 7.1060374 5.4892133 
Cscu_XM_023362920.1                                2.1227613 2.8946288 2.8040153 2.6144452 2.2524149 2.9069495 2.5459327 2.8423779 2.9982821 3.5903224 2.2968333 2.4320734 2.8512729 2.9672877 3.5436852 2.9014087 3.3445918 4.1047322 4.5479550 3.4879567 3.3187121 3.8180079 2.6204165 3.4694342 3.1143236 2.9455610 3.0357931 2.5551784 3.5781458 3.8506473 2.1152298 2.1152298 2.6029647 2.4182806 2.5364020 2.5494923 2.0300955 2.8328433 4.8062901 3.9073002 3.9546238 4.3970906 3.7603789 2.5170527 3.9463403 2.4825040 1.3142046 1.1388677 0.0000000 1.5169111 1.9831861 2.2116801 3.6421330 3.3763986 4.6977443 4.2357543 2.6382786 3.9254685 4.2774538 4.4318717 5.2626663 5.0696453 4.8822705 4.7351991 5.0749266 4.7580616 
Ctel_gnl_WGS_AMQN_CAPTEDRAFT_mRNA219435            1.8323597 2.7637618 2.5583554 2.3076268 1.7230067 2.1853640 2.0067545 2.2847058 2.2699907 2.8533442 1.9908691 2.2152955 2.1891576 3.3475231 3.1616484 3.3900146 3.3993455 4.1132436 4.0706890 3.1501451 2.7890050 3.5703333 2.2456673 2.6884987 2.7049743 2.3027413 2.4176123 1.9671849 3.0754593 3.6085489 1.8641307 1.8641307 2.2116109 2.1463384 2.2915836 2.3065559 1.9209057 2.0952683 3.7987380 3.8513031 3.7999966 3.7907592 3.5711826 2.3316657 3.4334998 1.9490939 1.6994667 1.7175082 1.5169111 0.0000000 1.6247886 2.1877129 3.2142234 3.3028922 4.1470259 3.8846160 2.3843046 4.3019354 4.4072960 4.3423515 5.4412055 4.6511316 4.7938484 6.4480051 5.4591303 5.7047881 
Acagra_model.g25819.t1                             2.0540293 3.0330392 3.0115428 2.7349004 1.8864577 2.8633157 2.5550958 2.7548956 2.2120669 2.9280794 2.1796640 2.8401624 2.7973660 3.2667727 3.4914988 3.4294549 3.4166292 4.3411028 4.6877181 3.5824999 3.5546040 4.0100666 2.7966522 3.2024466 3.2593982 3.3606839 3.1211666 2.3975111 3.8202196 3.8274498 2.3075381 2.3075381 2.3407446 2.4825033 2.5501651 2.5635731 2.3700936 2.0480940 3.4425942 3.9103461 3.9543291 4.0155880 4.2006409 2.4452726 4.0087861 2.0844938 1.6211904 1.5312803 1.9831861 1.6247886 0.0000000 1.8714476 3.8381627 3.3966930 3.7536185 3.7449091 2.1418546 5.0726646 4.9895106 4.8126563 4.8035787 5.8154934 5.7074488 6.7552174 5.4741449 5.8595154 
Cgig_XM_034481947.1                                3.0621668 3.3746238 4.3902319 2.8398520 2.1090075 2.9580368 2.5657627 2.8487041 2.6946448 3.2284502 2.1076833 2.5655496 2.7518371 3.7586333 4.9843940 3.3079136 3.9604949 4.9164891 4.6476912 4.3676498 4.4304829 5.1343677 2.9008862 3.6390452 3.3640533 3.4366895 3.6841514 2.8837710 4.2190590 3.8902333 2.5557282 2.5557282 2.4954994 2.5576253 3.0393908 3.0543342 2.4470391 2.6283994 4.2384898 3.7532124 3.6237741 4.2414520 4.9323747 2.8347689 5.2378876 2.7489336 2.1444346 2.9603815 2.2116801 2.1877129 1.8714476 0.0000000 4.4664959 5.4042178 4.5109753 4.5847997 2.3137924 4.1914185 4.8992505 4.9479941 6.0002641 6.2838507 6.2403541 6.2635276 7.5952134 5.2334168 
Scil_scict013868.1                                 3.3173273 2.7247222 4.5120988 3.1070185 2.0759535 2.8770956 2.7617472 2.7124289 2.9850122 3.2185359 2.1090772 2.4238746 2.2459339 3.3220060 3.8426461 2.9794952 3.9363986 4.0242358 4.2789533 3.5316846 4.1032966 3.8326176 3.3711056 3.3644744 3.5131367 3.3673628 2.9139136 2.3502214 3.4152623 4.0857758 2.1787688 2.1787688 2.3526952 2.3444196 2.6136912 2.6124799 2.0904630 3.8312386 4.8835404 4.5864669 4.4959613 3.5272077 4.1044438 2.4944706 4.2535378 4.0152260 3.8067954 3.6143463 3.6421330 3.2142234 3.8381627 4.4664959 0.0000000 0.5511084 0.8388995 1.3469111 2.3982947 4.7297367 4.9742036 5.1679392 5.6998112 5.9742306 6.3502816 5.6644340 5.4715998 5.8597006 
Gracom_Gcom_C538578_01                             3.3009188 2.8563491 4.0873010 3.0948857 2.2186731 3.0303344 2.7007348 2.7519048 3.0080825 3.2706419 1.8661544 2.2688433 2.2894524 3.2495386 3.5525262 2.6232535 3.5174546 3.9886774 3.7688849 3.6947547 3.8545536 3.9770238 3.0432207 3.0765398 3.2796538 3.3509017 2.8193806 2.3524857 3.5752822 3.9781348 2.1774165 2.1774165 2.3096334 2.3211830 2.5360166 2.5349403 2.0966839 3.7383621 3.9585871 4.2397878 4.2306167 3.8271019 3.6879778 2.5252795 4.2981019 4.0731396 4.1352852 3.3885891 3.3763986 3.3028922 3.3966930 5.4042178 0.5511084 0.0000000 1.0341618 1.4083251 2.6632656 4.1250418 4.6883733 4.5772380 4.6409790 5.0349118 5.4058891 4.8585077 5.2894470 5.2906484 
Leuniv_Lniv_C794796_01                             3.4799184 2.8504290 4.6099707 3.0521012 1.7313089 2.7134921 3.1505458 2.8949000 2.7642725 3.7680672 2.0937248 2.4007792 2.8774865 3.7182184 3.9529501 2.8690211 3.6879401 4.2892462 4.7140311 3.8806287 4.5213997 4.2188334 3.4950091 4.0797617 3.7379840 4.0557834 2.9807883 2.5092760 3.6743538 4.0922534 2.1600654 2.1600654 2.4457850 2.4365212 2.4158809 2.4283354 2.1867224 4.1993367 5.6758628 5.3687986 4.9454369 4.1430874 4.5688907 2.8864827 4.5839404 3.9160734 4.1675056 4.2284704 4.6977443 4.1470259 3.7536185 4.5109753 0.8388995 1.0341618 0.0000000 1.5463176 2.4203196 4.4905529 5.7952453 5.3986889 6.5388403 5.8094103 6.3151932 5.3227398 6.0159605 5.8938700 
Lcom_lcpid116988                                   3.1053892 3.2274798 5.1790619 3.4559046 1.9831492 3.1022508 3.1704854 3.2905815 2.9155077 3.8710078 2.6284159 2.6821199 2.5511299 3.6625523 3.6109280 3.4275765 4.0889932 4.5850852 4.0989202 3.6671615 3.9693445 4.4568383 3.1471085 3.2774228 3.6318462 3.3200884 2.6946619 2.7953640 3.2833857 3.8273482 2.3351432 2.3351432 2.8081404 2.7227393 2.7062409 2.6947715 2.2823655 4.1484846 4.9104221 5.3191746 5.2620318 3.3880237 4.2510630 2.4864796 4.7723727 4.2104515 4.6664423 3.9500040 4.2357543 3.8846160 3.7449091 4.5847997 1.3469111 1.4083251 1.5463176 0.0000000 2.1778067 4.7687028 5.3398545 5.2276943 5.5584838 5.5847965 6.0215287 5.1879644 5.3694041 4.7509746 
