56
Hsap_ENST00000393812                                   0.0000000 1.1549044 1.2868543 1.2683895 1.1207584 1.4146243 1.3978781 1.7304869 1.5094648 1.6440581 1.6038510 1.6565672 1.6181269 1.6218324 1.5699258 1.8397746 1.9610197 2.7976194 1.7374588 1.8093141 1.3292382 1.2721752 1.6584744 1.0809389 1.9049799 1.8454761 1.8527892 1.9116876 1.9284807 1.8671787 2.3589127 2.3604753 1.4443034 2.3685244 2.2148846 1.8689218 1.9057970 2.3243378 1.8294049 1.5112804 1.8289010 1.3774468 1.6136628 1.9807576 1.9378322 1.3501193 1.7032805 1.7260100 1.4733163 1.7666191 1.7759506 1.9224259 1.7666774 1.7816641 2.2271926 4.5797954 
Bralan_BLAG04000821_1                                  1.1549044 0.0000000 1.1233911 0.9208027 1.0580963 1.3776532 1.2144736 1.5675948 1.3458718 1.5441920 1.4901457 1.5366323 1.4363050 1.4646325 1.4358056 1.7286514 1.8821802 2.4195301 1.6687465 1.6169769 1.5382199 1.7723818 1.4795839 1.1973281 1.9018098 1.8360163 1.8309771 1.7878216 1.7816907 1.7738649 1.8699527 1.9009471 1.3226933 1.9591141 1.8626239 1.4680410 1.5408028 1.8979398 1.5094509 1.3217547 1.6015827 1.5611509 1.6994307 1.9446235 1.7988592 1.3515948 1.4754929 2.0731248 1.4636214 2.0316569 1.9811774 1.9446430 1.8100774 1.6741183 2.0907532 4.0799554 
Spur_XM_011676671.2                                    1.2868543 1.1233911 0.0000000 0.9154034 0.9916486 1.1628368 1.0396413 1.4325191 1.2943072 1.3389290 1.2716233 1.3848198 1.3260616 1.3088336 1.3410700 1.5069917 1.8810283 2.4666947 1.8544924 1.6652115 1.4902229 1.4702466 1.4025707 1.1489787 1.7763491 1.7255357 1.6997395 1.7387176 1.7427020 1.7195257 2.0522999 2.0480078 1.2809871 2.0235453 1.7927841 1.4561053 1.5183564 1.8742482 1.4892021 1.4686925 1.8742260 1.6712999 1.6519149 2.0265499 1.9604645 1.3326174 1.5705579 1.8734030 1.2099771 1.8423568 1.7586442 1.9446757 1.8778757 1.7738042 2.1497506 4.2383085 
Skow_XM_002741309.2                                    1.2683895 0.9208027 0.9154034 0.0000000 1.0110484 1.1906090 1.2638760 1.4056601 1.2165594 1.5600621 1.5607684 1.4987091 1.4513349 1.3607053 1.3247102 1.8239456 1.8017347 2.2032121 1.6416380 1.6189240 1.3615344 1.4551565 1.3480823 1.2755964 1.8618574 1.7664966 1.7338741 1.8843194 1.8887539 1.7594603 2.1459973 2.1865148 1.4371822 2.1602707 2.1189134 1.6944807 1.7000175 2.2105453 1.6064345 1.5048057 1.6979108 1.5036654 1.5629294 1.8439253 1.7562191 1.3234654 1.5970945 2.0307280 1.3989370 2.0155225 1.8887182 2.2058500 1.6815588 1.8213837 1.9484703 4.3107171 
Ctel_gnl_WGS_AMQN_CAPTEDRAFT_mRNA94388                 1.1207584 1.0580963 0.9916486 1.0110484 0.0000000 0.8276288 0.9627536 1.4167798 1.3396507 1.4105798 1.3307257 1.2935729 1.2793855 1.2661015 1.2721845 1.5219099 1.7549162 2.3074372 1.6262436 1.6451527 1.3951380 1.4795889 1.4798674 1.2362175 1.5893570 1.6438252 1.6015340 1.5985802 1.5923547 1.6349908 2.0585356 2.0668950 1.4469822 1.9573653 1.9005682 1.6826412 1.7865412 1.8920221 1.5891614 1.3697600 2.0351422 1.4408210 1.7416788 1.7810632 1.6034848 1.6954393 1.3071805 1.8113958 1.4565673 1.7859256 1.5907303 1.9123574 1.5539618 1.3856926 1.9039338 3.7370504 
Acagra_model.g18439.t1                                 1.4146243 1.3776532 1.1628368 1.1906090 0.8276288 0.0000000 0.8877426 1.4341591 1.2685262 1.3593809 1.3527071 1.5217994 1.5110754 1.4627035 1.4489437 1.8436120 1.9885238 2.2370060 1.7611669 1.7519692 1.6015645 1.6531833 1.3830755 1.2337131 1.9718534 1.7910145 1.7795547 1.8292634 1.8335078 2.0178969 1.9800831 2.0019291 1.2083630 1.9306808 1.8020995 1.4367127 1.5227712 1.8781096 1.3776824 1.4453672 2.0779239 1.5413430 1.6718096 1.8929401 1.8150626 1.5633286 1.4241949 1.9849431 1.4025825 1.9065799 1.9784718 2.1011605 1.7158539 1.6339871 2.2479252 4.4536129 
Cgig_XM_034469111.1                                    1.3978781 1.2144736 1.0396413 1.2638760 0.9627536 0.8877426 0.0000000 1.5879256 1.4066134 1.5377645 1.5936419 1.6083970 1.6255612 1.5312300 1.6244768 2.0340321 1.8269247 2.4933644 1.7722335 1.7409161 1.5579602 1.4622036 1.4086055 1.2491060 1.8644518 1.9765864 1.9488340 1.8997089 1.9040952 1.8699679 2.0911120 2.1214874 1.1475067 2.0629607 2.0243670 1.4382897 1.6359895 1.9642993 1.5215564 1.4960525 1.9255780 1.5742870 1.7803084 1.8193279 1.8294615 1.3958994 1.5397919 2.0450321 1.3100144 1.9384958 1.8719329 2.1704586 1.6575941 1.5829299 2.1651448 4.4027726 
Exapal_XM_021053653.2                                  1.7304869 1.5675948 1.4325191 1.4056601 1.4167798 1.4341591 1.5879256 0.0000000 0.5758619 1.0467354 1.0193526 0.9533947 0.9350326 0.9280396 0.8895774 1.1892658 1.4804116 1.8507223 1.6198713 1.5251522 1.3167250 1.2019206 1.2673822 1.1526510 1.8923168 1.9493122 1.9329226 1.8682573 1.8845516 1.9745459 1.6872838 1.6865390 1.0547178 1.7443589 1.7716961 1.1520690 1.3872384 1.6371541 1.3453693 1.3020600 1.5483180 1.1426875 1.2119556 1.5505427 1.4266288 1.0808903 1.6477908 2.0824120 1.4287031 1.8857451 1.9189557 2.3245324 1.7640516 1.9696279 1.7702393 3.9325215 
Nvec_v1g199897                                         1.5094648 1.3458718 1.2943072 1.2165594 1.3396507 1.2685262 1.4066134 0.5758619 0.0000000 0.7163491 0.7132284 0.6824190 0.6497367 0.6436676 0.5951057 0.8689634 1.0532651 1.4439617 1.3802010 1.3681186 1.2011246 1.2393974 1.3052069 1.1910370 1.8496728 1.7909467 1.7755353 1.8391653 1.8341864 1.7995553 1.3803126 1.3589121 0.9505996 1.4093584 1.3171511 1.0811278 1.1865288 1.2594348 1.2477702 1.0875686 1.2721159 1.1046381 1.1376865 1.3168575 1.2448346 1.0241697 1.2986954 1.7156908 1.4760144 1.6424092 1.6624446 2.0713251 1.4641004 1.6388270 1.4117089 2.9689008 
Adig_XM_015920380.1                                    1.6440581 1.5441920 1.3389290 1.5600621 1.4105798 1.3593809 1.5377645 1.0467354 0.7163491 0.0000000 0.0253729 0.4153728 0.5022895 0.5932024 0.5119543 0.6693551 1.4284644 1.7115872 1.3972455 1.4093854 1.3560198 1.1489953 1.3959897 0.9753572 1.7642776 1.8087185 1.8138063 1.8310794 1.8169317 1.7957930 1.8877242 1.8833098 1.0813909 1.9468421 1.7710242 1.0618781 1.3728128 1.8145820 1.3764998 1.4111691 1.5031241 1.2581345 1.2033985 1.5607419 1.5130976 1.1609529 1.6491593 1.9629304 1.4434915 2.1570292 2.0529824 2.4620256 1.9161461 1.7544074 1.7976121 3.7679459 
Amil_Amillepora15089-RA                                1.6038510 1.4901457 1.2716233 1.5607684 1.3307257 1.3527071 1.5936419 1.0193526 0.7132284 0.0253729 0.0000000 0.4038652 0.4863207 0.5682216 0.4972697 0.6512111 1.4072703 1.6940793 1.4168341 1.4214465 1.3047909 1.1574208 1.3708050 0.9808217 1.7834157 1.7895639 1.7726072 1.8005968 1.7866933 1.7848030 1.8820758 1.8776871 1.0827351 1.9422730 1.7378556 1.0722896 1.3170502 1.8081467 1.3887203 1.3640597 1.4779721 1.2363678 1.2046022 1.5538722 1.4784281 1.1587046 1.6308160 1.9618922 1.4177415 2.0865523 2.0617240 2.3454300 1.9021648 1.7654779 1.7729852 3.6979125 
Gfas_gfas1.m1.10543.m1                                 1.6565672 1.5366323 1.3848198 1.4987091 1.2935729 1.5217994 1.6083970 0.9533947 0.6824190 0.4153728 0.4038652 0.0000000 0.3942410 0.4578408 0.4312156 0.5558847 1.3035380 1.5614346 1.3413307 1.3569527 1.3596550 1.2298395 1.2911532 1.0743885 1.7685600 1.8705018 1.8876754 1.8182341 1.8121475 1.7533285 1.8816063 1.8691866 1.1182843 1.8271212 1.7795290 1.1958650 1.3645209 1.7634965 1.3491812 1.3514735 1.3875782 1.1583479 1.2390660 1.5489108 1.4274412 1.1625297 1.6145359 1.9804836 1.4973262 2.0079749 1.9246066 2.4149085 1.8156683 1.9863507 1.6917861 3.2916810 
Fspp_ffun1.m4.26090.m1                                 1.6181269 1.4363050 1.3260616 1.4513349 1.2793855 1.5110754 1.6255612 0.9350326 0.6497367 0.5022895 0.4863207 0.3942410 0.0000000 0.2983880 0.2499428 0.3013040 1.1894908 1.5411326 1.4571610 1.3565658 1.2416077 1.1214741 1.2543497 1.0319903 1.6763177 1.8547171 1.8111807 1.7716590 1.7672053 1.7402273 1.6718797 1.6589469 1.0578867 1.6838454 1.5394429 1.1005025 1.2488557 1.6227194 1.3069048 1.2117252 1.4182787 1.1726111 1.1747648 1.4756377 1.3433931 1.0880111 1.6496521 1.9827727 1.5126334 1.9868788 1.9335762 2.2560610 1.8277445 1.8769550 1.7803550 3.3580678 
Spis_XP_022789472_1                                    1.6218324 1.4646325 1.3088336 1.3607053 1.2661015 1.4627035 1.5312300 0.9280396 0.6436676 0.5932024 0.5682216 0.4578408 0.2983880 0.0000000 0.1132588 0.4172120 1.2731475 1.5267283 1.3562285 1.3482571 1.2573005 1.0143390 1.2829337 1.0515214 1.8130869 1.8743472 1.8365048 1.7913856 1.7867372 1.7740857 1.5851299 1.5826212 1.0142118 1.6244714 1.5685253 0.9838178 1.1758758 1.5626994 1.1981599 1.1616443 1.4669113 1.1011903 1.1736223 1.4865154 1.3128067 1.0611951 1.5064436 1.9781467 1.4607356 1.9419384 1.8434052 2.3634318 1.7087494 1.8548125 1.6653682 3.6154625 
Pocdam_XM_027190925.1                                  1.5699258 1.4358056 1.3410700 1.3247102 1.2721845 1.4489437 1.6244768 0.8895774 0.5951057 0.5119543 0.4972697 0.4312156 0.2499428 0.1132588 0.0000000 0.3434437 1.2028151 1.5285025 1.3044528 1.3112319 1.2435251 1.0653216 1.2346088 1.0944482 1.7358530 1.7932937 1.7771222 1.7506389 1.7461738 1.7095230 1.5790453 1.5682918 1.0241497 1.6304102 1.5497353 1.0367862 1.2431210 1.5707009 1.3080786 1.1207523 1.4468622 1.1486392 1.1390731 1.4516754 1.3286052 1.0979337 1.5365742 2.0746601 1.5212801 1.9009236 1.8347064 2.3035976 1.7324234 1.7957098 1.6655331 3.7774500 
Gasp_gasp1.m3.5004.m1                                  1.8397746 1.7286514 1.5069917 1.8239456 1.5219099 1.8436120 2.0340321 1.1892658 0.8689634 0.6693551 0.6512111 0.5558847 0.3013040 0.4172120 0.3434437 0.0000000 1.6709310 2.1652115 1.7915143 1.7956859 1.4726651 0.9961226 1.6159395 1.4419397 2.4762123 2.4640270 2.4817321 2.2825169 2.2751338 2.3899083 2.3205880 2.3174665 1.4881435 2.1801058 2.1620128 1.5662758 1.6660338 2.0671796 2.0229606 2.0776861 1.9217016 1.4068161 1.4562720 1.8196104 1.6621681 1.4493050 2.1144893 2.5242054 1.9486537 2.3020463 2.4066519 3.4260082 2.4699806 2.0999909 2.1225313 4.4248272 
Dgig_XM_028554040.1                                    1.9610197 1.8821802 1.8810283 1.8017347 1.7549162 1.9885238 1.8269247 1.4804116 1.0532651 1.4284644 1.4072703 1.3035380 1.1894908 1.2731475 1.2028151 1.6709310 0.0000000 1.0338132 1.7491011 1.8150719 1.6510451 1.8371005 1.6237641 1.4468542 2.2321587 2.1487473 2.1253308 2.1000872 2.0943811 2.1179495 1.9701360 1.9369256 1.3099043 2.0934279 1.8819813 1.6906921 1.7177486 1.8826716 1.8006757 1.4620592 1.8168805 1.4749933 1.7095229 1.8128264 1.6964844 1.3184259 1.8189327 2.4424901 1.7478386 2.1590151 2.3475161 2.8926752 2.2619424 2.1641990 1.8914877 4.3967216 
Xesp_011990-T1                                         2.7976194 2.4195301 2.4666947 2.2032121 2.3074372 2.2370060 2.4933644 1.8507223 1.4439617 1.7115872 1.6940793 1.5614346 1.5411326 1.5267283 1.5285025 2.1652115 1.0338132 0.0000000 1.8621829 2.0835587 2.1506307 4.6776277 2.1163239 2.1675536 2.7551360 2.8551756 2.8447987 2.7422112 2.7342190 2.7576877 2.4201418 2.4544659 1.9981156 2.4482337 2.3425795 2.3859843 2.1276219 2.2340491 2.2986372 1.2925567 2.2827081 2.0748915 2.2316560 2.1574658 2.1940183 1.9807536 2.1935210 2.9781924 2.5722443 2.8899415 2.8954271 2.5021073 3.1462435 2.7777017 2.4065880 4.0550638 
Aque_Aqu2.1.37823_001                                  1.7374588 1.6687465 1.8544924 1.6416380 1.6262436 1.7611669 1.7722335 1.6198713 1.3802010 1.3972455 1.4168341 1.3413307 1.4571610 1.3562285 1.3044528 1.7915143 1.7491011 1.8621829 0.0000000 0.6788612 1.3101117 1.3781571 1.0776229 1.2911534 1.8701159 1.8732934 1.8781429 1.7995975 1.7925206 1.8405641 1.9842030 1.9786146 1.2694587 2.0800120 2.0070269 1.5965725 1.8035025 1.8854544 1.6264538 1.3739052 1.9262788 1.6361284 1.8327613 1.9969615 2.0299613 1.6199279 1.8964923 1.9747613 1.4850997 1.8817167 1.8046315 2.0145764 1.7591589 2.0373050 1.9513119 3.6015242 
Halamb_c52340_g2_i2m.32779                             1.8093141 1.6169769 1.6652115 1.6189240 1.6451527 1.7519692 1.7409161 1.5251522 1.3681186 1.4093854 1.4214465 1.3569527 1.3565658 1.3482571 1.3112319 1.7956859 1.8150719 2.0835587 0.6788612 0.0000000 1.3241407 1.0056553 0.9968878 1.2737685 1.7878629 1.8807867 1.8517610 1.8082521 1.8016001 1.8199936 1.9453908 1.9448115 1.4942118 2.0220249 2.0053664 1.5787574 1.7602618 1.8496551 1.7039704 1.5211218 1.9555148 1.4740123 1.5493429 1.7440017 1.7840358 1.4241336 1.5605794 1.9526929 1.4771631 1.8346165 1.8202737 2.1125422 2.0649950 1.8898771 2.0498605 4.0774724 
Tetwil_g22918.t1                                       1.3292382 1.5382199 1.4902229 1.3615344 1.3951380 1.6015645 1.5579602 1.3167250 1.2011246 1.3560198 1.3047909 1.3596550 1.2416077 1.2573005 1.2435251 1.4726651 1.6510451 2.1506307 1.3101117 1.3241407 0.0000000 0.5180047 0.8951624 1.1270863 1.8737356 1.8888272 1.8596646 1.8874125 1.9044534 1.8744875 1.8639571 1.8640374 1.2508851 1.9447894 1.8513739 1.2650599 1.5258418 1.7859789 1.5343944 1.5336733 1.7396970 1.5239635 1.5709901 1.8346331 1.8203855 1.3303043 1.6365295 1.6985326 1.2884681 1.7773508 1.7083161 2.1825082 1.9056016 1.7561815 1.9695843 3.8695457 
Spolac_c90007_g1_i1_m.6026c78534-g1                    1.2721752 1.7723818 1.4702466 1.4551565 1.4795889 1.6531833 1.4622036 1.2019206 1.2393974 1.1489953 1.1574208 1.2298395 1.1214741 1.0143390 1.0653216 0.9961226 1.8371005 4.6776277 1.3781571 1.0056553 0.5180047 0.0000000 0.8419570 1.3615317 1.3615317 1.4053806 1.4233590 1.4938718 1.5047789 1.5606539 2.1526094 2.1069578 1.7911200 1.8006960 2.1053194 1.8480463 1.7888119 1.8754178 2.4094226 0.0000010 1.4903779 1.5283984 1.3792320 1.7323972 1.5473941 1.4429332 1.5008477 1.8405479 1.7484516 1.4693832 1.6920872 9.0000000 1.3982230 1.4678260 1.3163746 5.4336535 
Xestes_maker-XT_scaffold1304-augustus-gene-0.36-mRNA-1 1.6584744 1.4795839 1.4025707 1.3480823 1.4798674 1.3830755 1.4086055 1.2673822 1.3052069 1.3959897 1.3708050 1.2911532 1.2543497 1.2829337 1.2346088 1.6159395 1.6237641 2.1163239 1.0776229 0.9968878 0.8951624 0.8419570 0.0000000 1.0385832 1.6641278 1.8527006 1.8401904 1.8177192 1.8346711 1.7230973 1.8713127 1.8915120 1.2424025 1.9833010 1.8915410 1.2560371 1.4647577 1.6593066 1.3395881 1.5116156 1.5307708 1.4305015 1.5308897 1.6057313 1.7308450 1.3419762 1.6140957 1.6758876 1.2594031 1.7249634 1.6911409 1.9229164 1.8228499 1.8005269 1.5835605 4.1890320 
Tadh_TriadT27148                                       1.0809389 1.1973281 1.1489787 1.2755964 1.2362175 1.2337131 1.2491060 1.1526510 1.1910370 0.9753572 0.9808217 1.0743885 1.0319903 1.0515214 1.0944482 1.4419397 1.4468542 2.1675536 1.2911534 1.2737685 1.1270863 1.3615317 1.0385832 0.0000000 0.0034692 0.1898568 0.1978043 0.2189457 0.2254059 0.2072713 1.4834368 1.4601862 1.4658745 1.5415114 1.4472913 1.6687665 1.4526501 1.3535583 1.7098221 1.0036922 1.3210212 1.3654944 1.3704692 1.4762139 1.4847167 1.2195492 1.2869565 1.5800037 1.4071978 1.5358753 1.5782629 1.3408849 1.3705444 1.6212558 1.3842572 3.8030352 
TrH2_TrispH2_003228-RA                                 1.9049799 1.9018098 1.7763491 1.8618574 1.5893570 1.9718534 1.8644518 1.8923168 1.8496728 1.7642776 1.7834157 1.7685600 1.6763177 1.8130869 1.7358530 2.4762123 2.2321587 2.7551360 1.8701159 1.7878629 1.8737356 1.3615317 1.6641278 0.0034692 0.0000000 0.2985162 0.2847228 0.3115293 0.3166221 0.2800493 2.2255977 2.2219751 1.4696659 2.2881706 2.1230072 1.6728533 1.8202479 2.0359008 1.8091870 1.6656538 1.9176868 1.7265164 1.9438633 2.4004348 2.3312865 1.6244988 1.8761887 2.6276477 1.7178231 2.3351702 2.5402823 2.9566681 2.1433967 2.4707622 2.4122156 4.6054788 
HoiH06_mRNA5041                                        1.8454761 1.8360163 1.7255357 1.7664966 1.6438252 1.7910145 1.9765864 1.9493122 1.7909467 1.8087185 1.7895639 1.8705018 1.8547171 1.8743472 1.7932937 2.4640270 2.1487473 2.8551756 1.8732934 1.8807867 1.8888272 1.4053806 1.8527006 0.1898568 0.2985162 0.0000000 0.0508947 0.1266920 0.1303001 0.2177258 2.2464703 2.2553581 1.5041416 2.3919682 2.1484614 1.7885301 1.9069452 2.1282907 1.9481110 1.6146586 1.9335805 1.7117407 1.9143611 2.2996838 2.2814391 1.7750549 1.8204799 2.4285719 1.8040686 2.1807893 2.4860515 2.9081433 2.1336318 2.5504170 2.5164285 4.4011401 
HoiH23_PlH23_004991-RA                                 1.8527892 1.8309771 1.6997395 1.7338741 1.6015340 1.7795547 1.9488340 1.9329226 1.7755353 1.8138063 1.7726072 1.8876754 1.8111807 1.8365048 1.7771222 2.4817321 2.1253308 2.8447987 1.8781429 1.8517610 1.8596646 1.4233590 1.8401904 0.1978043 0.2847228 0.0508947 0.0000000 0.1352317 0.1355803 0.2353586 2.2768736 2.2900427 1.4980528 2.4326494 2.1781080 1.7898977 1.8817971 2.1744630 1.8955111 1.6550749 1.8989488 1.6854197 1.9043499 2.3021597 2.2832854 1.7361364 1.7934394 2.4523563 1.8044553 2.1442077 2.4017151 2.9253771 2.1617394 2.4881240 2.4157168 4.3118116 
Hhon_g10643.t1                                         1.9116876 1.7878216 1.7387176 1.8843194 1.5985802 1.8292634 1.8997089 1.8682573 1.8391653 1.8310794 1.8005968 1.8182341 1.7716590 1.7913856 1.7506389 2.2825169 2.1000872 2.7422112 1.7995975 1.8082521 1.8874125 1.4938718 1.8177192 0.2189457 0.3115293 0.1266920 0.1352317 0.0000000 0.0024555 0.2361221 2.2754519 2.2455523 1.5599719 2.4002046 2.2698919 1.7774602 1.9251203 2.1508511 1.9820418 1.6569791 1.8777995 1.6660697 1.9106080 2.2800002 2.2925754 1.6906128 1.7789055 2.7166243 1.7805304 2.3238276 2.5493267 3.1093317 2.1863478 2.5176814 2.5860364 4.4947667 
HoiH04_mRNA142                                         1.9284807 1.7816907 1.7427020 1.8887539 1.5923547 1.8335078 1.9040952 1.8845516 1.8341864 1.8169317 1.7866933 1.8121475 1.7672053 1.7867372 1.7461738 2.2751338 2.0943811 2.7342190 1.7925206 1.8016001 1.9044534 1.5047789 1.8346711 0.2254059 0.3166221 0.1303001 0.1355803 0.0024555 0.0000000 0.2407170 2.2705519 2.2407171 1.5544235 2.3950837 2.2650651 1.7711888 1.9202146 2.1461479 1.9745746 1.6569791 1.8728388 1.6608161 1.8947662 2.2623421 2.2747912 1.6850829 1.7947043 2.6950296 1.7914278 2.3055470 2.5291456 3.1093317 2.2059492 2.5238758 2.5782645 4.4804463 
HoiH11_mRNA8521                                        1.8671787 1.7738649 1.7195257 1.7594603 1.6349908 2.0178969 1.8699679 1.9745459 1.7995553 1.7957930 1.7848030 1.7533285 1.7402273 1.7740857 1.7095230 2.3899083 2.1179495 2.7576877 1.8405641 1.8199936 1.8744875 1.5606539 1.7230973 0.2072713 0.2800493 0.2177258 0.2353586 0.2361221 0.2407170 0.0000000 2.1639301 2.1639912 1.4989004 2.3490824 2.1882769 1.5865712 1.7674426 2.0123951 1.7648133 1.5175118 1.9467104 1.7550482 1.9523869 2.4311860 2.3738965 1.6183092 1.9467489 2.4445545 1.7579231 2.2344728 2.4590763 2.7355759 2.0913970 2.5164953 2.6672608 4.4984397 
Pbac_sb2639913                                         2.3589127 1.8699527 2.0522999 2.1459973 2.0585356 1.9800831 2.0911120 1.6872838 1.3803126 1.8877242 1.8820758 1.8816063 1.6718797 1.5851299 1.5790453 2.3205880 1.9701360 2.4201418 1.9842030 1.9453908 1.8639571 2.1526094 1.8713127 1.4834368 2.2255977 2.2464703 2.2768736 2.2754519 2.2705519 2.1639301 0.0000000 0.0182060 0.1725905 0.3946412 0.3761594 0.2982305 0.3923657 0.3282956 0.3398210 0.4109080 2.2664827 1.8808758 2.1139702 2.2249987 2.1272418 1.5250550 2.3864427 2.4363420 1.8667898 2.3998348 2.4508273 2.5653045 2.4315062 2.7364011 2.2442475 1.6169467 
Horcal_Hcv1.av93.c7.g1026.i2                           2.3604753 1.9009471 2.0480078 2.1865148 2.0668950 2.0019291 2.1214874 1.6865390 1.3589121 1.8833098 1.8776871 1.8691866 1.6589469 1.5826212 1.5682918 2.3174665 1.9369256 2.4544659 1.9786146 1.9448115 1.8640374 2.1069578 1.8915120 1.4601862 2.2219751 2.2553581 2.2900427 2.2455523 2.2407171 2.1639912 0.0182060 0.0000000 0.1712489 0.3991481 0.3833992 0.2967712 0.3909805 0.3363144 0.3343701 0.4276886 2.2263480 1.8639960 2.1021699 2.2138031 2.1295134 1.5002785 2.3800661 2.4703446 1.8527330 2.4130475 2.4423894 2.5978440 2.4271334 2.7840556 2.2200278 1.6235960 
Bolinf_Binf_sb1239559                                  1.4443034 1.3226933 1.2809871 1.4371822 1.4469822 1.2083630 1.1475067 1.0547178 0.9505996 1.0813909 1.0827351 1.1182843 1.0578867 1.0142118 1.0241497 1.4881435 1.3099043 1.9981156 1.2694587 1.4942118 1.2508851 1.7911200 1.2424025 1.4658745 1.4696659 1.5041416 1.4980528 1.5599719 1.5544235 1.4989004 0.1725905 0.1712489 0.0000000 0.1853138 0.1811285 0.2126737 0.1972655 0.1407323 0.2477846 0.1866080 1.5128222 1.3327700 1.3356148 1.3870983 1.3177818 1.3318896 1.5426204 1.5387315 1.5338166 1.4969460 1.4843275 1.4374409 1.6802911 1.5769337 1.4873558 1.5416876 
Drygla_Dgla_sb293666                                   2.3685244 1.9591141 2.0235453 2.1602707 1.9573653 1.9306808 2.0629607 1.7443589 1.4093584 1.9468421 1.9422730 1.8271212 1.6838454 1.6244714 1.6304102 2.1801058 2.0934279 2.4482337 2.0800120 2.0220249 1.9447894 1.8006960 1.9833010 1.5415114 2.2881706 2.3919682 2.4326494 2.4002046 2.3950837 2.3490824 0.3946412 0.3991481 0.1853138 0.0000000 0.3102785 0.1982423 0.3024425 0.2597495 0.2866493 0.3610285 2.1771176 1.8225777 1.8174356 2.2853453 2.2171308 1.6353819 2.2536194 2.3027454 1.8666110 2.1383500 2.2577221 2.4522021 2.4663461 2.5425851 2.3639915 1.3015450 
Beraby_Baby_sb348019                                   2.2148846 1.8626239 1.7927841 2.1189134 1.9005682 1.8020995 2.0243670 1.7716961 1.3171511 1.7710242 1.7378556 1.7795290 1.5394429 1.5685253 1.5497353 2.1620128 1.8819813 2.3425795 2.0070269 2.0053664 1.8513739 2.1053194 1.8915410 1.4472913 2.1230072 2.1484614 2.1781080 2.2698919 2.2650651 2.1882769 0.3761594 0.3833992 0.1811285 0.3102785 0.0000000 0.2264384 0.3267163 0.2987952 0.3267797 0.2591749 2.0985170 1.8396429 1.8981152 2.2094135 2.1056384 1.5220107 2.1937013 2.3210477 1.7906316 2.1954628 2.2176987 2.6959977 2.4094892 2.5947060 2.1966770 1.3923431 
Vmul_sbMO483403                                        1.8689218 1.4680410 1.4561053 1.6944807 1.6826412 1.4367127 1.4382897 1.1520690 1.0811278 1.0618781 1.0722896 1.1958650 1.1005025 0.9838178 1.0367862 1.5662758 1.6906921 2.3859843 1.5965725 1.5787574 1.2650599 1.8480463 1.2560371 1.6687665 1.6728533 1.7885301 1.7898977 1.7774602 1.7711888 1.5865712 0.2982305 0.2967712 0.2126737 0.1982423 0.2264384 0.0000000 0.1165930 0.2139417 0.1768126 0.1786257 1.8177819 1.6657127 1.6094123 1.6753217 1.6222445 1.5630865 1.7414756 1.9398326 1.7712967 1.8036059 1.8686731 1.5908821 2.0353743 1.9920241 1.7583782 1.6036169 
Coeast_Cast_sb784658                                   1.9057970 1.5408028 1.5183564 1.7000175 1.7865412 1.5227712 1.6359895 1.3872384 1.1865288 1.3728128 1.3170502 1.3645209 1.2488557 1.1758758 1.2431210 1.6660338 1.7177486 2.1276219 1.8035025 1.7602618 1.5258418 1.7888119 1.4647577 1.4526501 1.8202479 1.9069452 1.8817971 1.9251203 1.9202146 1.7674426 0.3923657 0.3909805 0.1972655 0.3024425 0.3267163 0.1165930 0.0000000 0.2627274 0.1442036 0.4256111 1.9124946 1.7371669 1.7111611 1.7849141 1.7732034 1.6258705 1.9526573 1.9398077 1.8015938 1.9036239 1.9072722 1.9216052 1.8721535 2.2294305 1.6933389 1.5638633 
Lampan_Lpan_16032_01                                   2.3243378 1.8979398 1.8742482 2.2105453 1.8920221 1.8781096 1.9642993 1.6371541 1.2594348 1.8145820 1.8081467 1.7634965 1.6227194 1.5626994 1.5707009 2.0671796 1.8826716 2.2340491 1.8854544 1.8496551 1.7859789 1.8754178 1.6593066 1.3535583 2.0359008 2.1282907 2.1744630 2.1508511 2.1461479 2.0123951 0.3282956 0.3363144 0.1407323 0.2597495 0.2987952 0.2139417 0.2627274 0.0000000 0.2181078 0.2637566 2.0748544 1.6531949 1.7739619 2.1593509 1.9406129 1.4625461 2.1385374 2.2429849 1.8036565 2.2000809 2.2948516 2.5250671 2.3032825 2.5271148 2.3327426 1.3066808 
Coemet_Cmet_scaffold3691_01                            1.8294049 1.5094509 1.4892021 1.6064345 1.5891614 1.3776824 1.5215564 1.3453693 1.2477702 1.3764998 1.3887203 1.3491812 1.3069048 1.1981599 1.3080786 2.0229606 1.8006757 2.2986372 1.6264538 1.7039704 1.5343944 2.4094226 1.3395881 1.7098221 1.8091870 1.9481110 1.8955111 1.9820418 1.9745746 1.7648133 0.3398210 0.3343701 0.2477846 0.2866493 0.3267797 0.1768126 0.1442036 0.2181078 0.0000000 0.2416779 1.9244972 1.6213151 1.6570669 1.6899929 1.5671205 1.6298479 1.7381047 1.7992946 1.8381288 1.9368412 1.8052346 1.5338909 2.0893917 2.0961868 1.7907235 1.5475226 
Eupdun_Edun_sb10675894                                 1.5112804 1.3217547 1.4686925 1.5048057 1.3697600 1.4453672 1.4960525 1.3020600 1.0875686 1.4111691 1.3640597 1.3514735 1.2117252 1.1616443 1.1207523 2.0776861 1.4620592 1.2925567 1.3739052 1.5211218 1.5336733 0.0000010 1.5116156 1.0036922 1.6656538 1.6146586 1.6550749 1.6569791 1.6569791 1.5175118 0.4109080 0.4276886 0.1866080 0.3610285 0.2591749 0.1786257 0.4256111 0.2637566 0.2416779 0.0000000 1.7219958 1.5713921 1.6200807 1.7186778 1.6931446 1.2082577 1.5001373 1.7075947 1.5115151 1.6272452 1.6612587 1.6501199 1.3634908 2.0081498 1.7646601 0.3652065 
Chem_TCONS_00029148                                    1.8289010 1.6015827 1.8742260 1.6979108 2.0351422 2.0779239 1.9255780 1.5483180 1.2721159 1.5031241 1.4779721 1.3875782 1.4182787 1.4669113 1.4468622 1.9217016 1.8168805 2.2827081 1.9262788 1.9555148 1.7396970 1.4903779 1.5307708 1.3210212 1.9176868 1.9335805 1.8989488 1.8777995 1.8728388 1.9467104 2.2664827 2.2263480 1.5128222 2.1771176 2.0985170 1.8177819 1.9124946 2.0748544 1.9244972 1.7219958 0.0000000 1.0684317 1.0481535 1.4217629 1.4093943 0.9500039 2.1006513 2.5366938 1.9629311 2.3789902 2.3869498 2.7513587 2.0627362 2.1538453 1.2804908 4.1937971 
Aaur_scaffold134.g23.t1                                1.3774468 1.5611509 1.6712999 1.5036654 1.4408210 1.5413430 1.5742870 1.1426875 1.1046381 1.2581345 1.2363678 1.1583479 1.1726111 1.1011903 1.1486392 1.4068161 1.4749933 2.0748915 1.6361284 1.4740123 1.5239635 1.5283984 1.4305015 1.3654944 1.7265164 1.7117407 1.6854197 1.6660697 1.6608161 1.7550482 1.8808758 1.8639960 1.3327700 1.8225777 1.8396429 1.6657127 1.7371669 1.6531949 1.6213151 1.5713921 1.0684317 0.0000000 0.6778897 0.6951639 0.6413261 0.7628877 1.6502319 1.8647253 1.6287852 1.7772366 1.6287044 1.9032859 1.7104474 1.8706804 1.5146597 3.9649283 
Sanmal_Sma_026743-T1                                   1.6136628 1.6994307 1.6519149 1.5629294 1.7416788 1.6718096 1.7803084 1.2119556 1.1376865 1.2033985 1.2046022 1.2390660 1.1747648 1.1736223 1.1390731 1.4562720 1.7095229 2.2316560 1.8327613 1.5493429 1.5709901 1.3792320 1.5308897 1.3704692 1.9438633 1.9143611 1.9043499 1.9106080 1.8947662 1.9523869 2.1139702 2.1021699 1.3356148 1.8174356 1.8981152 1.6094123 1.7111611 1.7739619 1.6570669 1.6200807 1.0481535 0.6778897 0.0000000 0.7100428 0.6489936 0.8375903 1.8776406 1.9556472 1.5940137 2.0037315 1.8855550 1.9810039 1.7235670 1.9636928 1.5150602 4.0461154 
Nemnom_g18453.t1                                       1.9807576 1.9446235 2.0265499 1.8439253 1.7810632 1.8929401 1.8193279 1.5505427 1.3168575 1.5607419 1.5538722 1.5489108 1.4756377 1.4865154 1.4516754 1.8196104 1.8128264 2.1574658 1.9969615 1.7440017 1.8346331 1.7323972 1.6057313 1.4762139 2.4004348 2.2996838 2.3021597 2.2800002 2.2623421 2.4311860 2.2249987 2.2138031 1.3870983 2.2853453 2.2094135 1.6753217 1.7849141 2.1593509 1.6899929 1.7186778 1.4217629 0.6951639 0.7100428 0.0000000 0.3274539 0.8116670 2.1429755 2.6255639 1.7569521 2.6150387 2.5958388 2.5272754 2.3926921 2.1923421 1.8433538 4.3569541 
Rhoesc_Res_001156-T1                                   1.9378322 1.7988592 1.9604645 1.7562191 1.6034848 1.8150626 1.8294615 1.4266288 1.2448346 1.5130976 1.4784281 1.4274412 1.3433931 1.3128067 1.3286052 1.6621681 1.6964844 2.1940183 2.0299613 1.7840358 1.8203855 1.5473941 1.7308450 1.4847167 2.3312865 2.2814391 2.2832854 2.2925754 2.2747912 2.3738965 2.1272418 2.1295134 1.3177818 2.2171308 2.1056384 1.6222445 1.7732034 1.9406129 1.5671205 1.6931446 1.4093943 0.6413261 0.6489936 0.3274539 0.0000000 0.7110502 2.0076776 2.5288285 1.8256578 2.5241215 2.5715496 2.6342854 2.2010255 2.2600041 1.6493575 4.0548697 
Morvir_scaffold66.g60.t1                               1.3501193 1.3515948 1.3326174 1.3234654 1.6954393 1.5633286 1.3958994 1.0808903 1.0241697 1.1609529 1.1587046 1.1625297 1.0880111 1.0611951 1.0979337 1.4493050 1.3184259 1.9807536 1.6199279 1.4241336 1.3303043 1.4429332 1.3419762 1.2195492 1.6244988 1.7750549 1.7361364 1.6906128 1.6850829 1.6183092 1.5250550 1.5002785 1.3318896 1.6353819 1.5220107 1.5630865 1.6258705 1.4625461 1.6298479 1.2082577 0.9500039 0.7628877 0.8375903 0.8116670 0.7110502 0.0000000 1.4020881 1.7001482 1.5310510 1.5660189 1.6295373 1.7527029 1.4835377 1.6723976 1.1785035 3.8163719 
Cscu_XM_023389066.1                                    1.7032805 1.4754929 1.5705579 1.5970945 1.3071805 1.4241949 1.5397919 1.6477908 1.2986954 1.6491593 1.6308160 1.6145359 1.6496521 1.5064436 1.5365742 2.1144893 1.8189327 2.1935210 1.8964923 1.5605794 1.6365295 1.5008477 1.6140957 1.2869565 1.8761887 1.8204799 1.7934394 1.7789055 1.7947043 1.9467489 2.3864427 2.3800661 1.5426204 2.2536194 2.1937013 1.7414756 1.9526573 2.1385374 1.7381047 1.5001373 2.1006513 1.6502319 1.8776406 2.1429755 2.0076776 1.4020881 0.0000000 2.4172969 1.6209891 2.1124332 2.0408614 2.4093169 1.4770759 1.6187870 2.3774448 5.4548350 
Scil_scict025782.3                                     1.7260100 2.0731248 1.8734030 2.0307280 1.8113958 1.9849431 2.0450321 2.0824120 1.7156908 1.9629304 1.9618922 1.9804836 1.9827727 1.9781467 2.0746601 2.5242054 2.4424901 2.9781924 1.9747613 1.9526929 1.6985326 1.8405479 1.6758876 1.5800037 2.6276477 2.4285719 2.4523563 2.7166243 2.6950296 2.4445545 2.4363420 2.4703446 1.5387315 2.3027454 2.3210477 1.9398326 1.9398077 2.2429849 1.7992946 1.7075947 2.5366938 1.8647253 1.9556472 2.6255639 2.5288285 1.7001482 2.4172969 0.0000000 0.6813430 0.5987617 0.5682527 0.6667848 2.6392635 2.4225589 3.1427286 4.6831612 
Clacor_Ccor_scaffold1823_01                            1.4733163 1.4636214 1.2099771 1.3989370 1.4565673 1.4025825 1.3100144 1.4287031 1.4760144 1.4434915 1.4177415 1.4973262 1.5126334 1.4607356 1.5212801 1.9486537 1.7478386 2.5722443 1.4850997 1.4771631 1.2884681 1.7484516 1.2594031 1.4071978 1.7178231 1.8040686 1.8044553 1.7805304 1.7914278 1.7579231 1.8667898 1.8527330 1.5338166 1.8666110 1.7906316 1.7712967 1.8015938 1.8036565 1.8381288 1.5115151 1.9629311 1.6287852 1.5940137 1.7569521 1.8256578 1.5310510 1.6209891 0.6813430 0.0000000 0.6673781 0.6604163 0.6606205 1.8433678 1.4467992 1.9026854 3.9636332 
Lcom_lcpid52122                                        1.7666191 2.0316569 1.8423568 2.0155225 1.7859256 1.9065799 1.9384958 1.8857451 1.6424092 2.1570292 2.0865523 2.0079749 1.9868788 1.9419384 1.9009236 2.3020463 2.1590151 2.8899415 1.8817167 1.8346165 1.7773508 1.4693832 1.7249634 1.5358753 2.3351702 2.1807893 2.1442077 2.3238276 2.3055470 2.2344728 2.3998348 2.4130475 1.4969460 2.1383500 2.1954628 1.8036059 1.9036239 2.2000809 1.9368412 1.6272452 2.3789902 1.7772366 2.0037315 2.6150387 2.5241215 1.5660189 2.1124332 0.5987617 0.6673781 0.0000000 0.5393278 0.7060504 2.4183102 2.0663173 2.7917060 4.4142294 
Gracom_Gcom_C547378_01                                 1.7759506 1.9811774 1.7586442 1.8887182 1.5907303 1.9784718 1.8719329 1.9189557 1.6624446 2.0529824 2.0617240 1.9246066 1.9335762 1.8434052 1.8347064 2.4066519 2.3475161 2.8954271 1.8046315 1.8202737 1.7083161 1.6920872 1.6911409 1.5782629 2.5402823 2.4860515 2.4017151 2.5493267 2.5291456 2.4590763 2.4508273 2.4423894 1.4843275 2.2577221 2.2176987 1.8686731 1.9072722 2.2948516 1.8052346 1.6612587 2.3869498 1.6287044 1.8855550 2.5958388 2.5715496 1.6295373 2.0408614 0.5682527 0.6604163 0.5393278 0.0000000 0.6712896 2.3127919 2.1722507 2.7103661 4.4867333 
Leuniv_Lniv_scaffold8807_01                            1.9224259 1.9446430 1.9446757 2.2058500 1.9123574 2.1011605 2.1704586 2.3245324 2.0713251 2.4620256 2.3454300 2.4149085 2.2560610 2.3634318 2.3035976 3.4260082 2.8926752 2.5021073 2.0145764 2.1125422 2.1825082 9.0000000 1.9229164 1.3408849 2.9566681 2.9081433 2.9253771 3.1093317 3.1093317 2.7355759 2.5653045 2.5978440 1.4374409 2.4522021 2.6959977 1.5908821 1.9216052 2.5250671 1.5338909 1.6501199 2.7513587 1.9032859 1.9810039 2.5272754 2.6342854 1.7527029 2.4093169 0.6667848 0.6606205 0.7060504 0.6712896 0.0000000 2.6380427 2.4250789 3.0749805 4.5824337 
Tcas_TC033608_001                                      1.7666774 1.8100774 1.8778757 1.6815588 1.5539618 1.7158539 1.6575941 1.7640516 1.4641004 1.9161461 1.9021648 1.8156683 1.8277445 1.7087494 1.7324234 2.4699806 2.2619424 3.1462435 1.7591589 2.0649950 1.9056016 1.3982230 1.8228499 1.3705444 2.1433967 2.1336318 2.1617394 2.1863478 2.2059492 2.0913970 2.4315062 2.4271334 1.6802911 2.4663461 2.4094892 2.0353743 1.8721535 2.3032825 2.0893917 1.3634908 2.0627362 1.7104474 1.7235670 2.3926921 2.2010255 1.4835377 1.4770759 2.6392635 1.8433678 2.4183102 2.3127919 2.6380427 0.0000000 1.4929767 2.4195634 5.6428873 
Dpul_mRNA18875                                         1.7816641 1.6741183 1.7738042 1.8213837 1.3856926 1.6339871 1.5829299 1.9696279 1.6388270 1.7544074 1.7654779 1.9863507 1.8769550 1.8548125 1.7957098 2.0999909 2.1641990 2.7777017 2.0373050 1.8898771 1.7561815 1.4678260 1.8005269 1.6212558 2.4707622 2.5504170 2.4881240 2.5176814 2.5238758 2.5164953 2.7364011 2.7840556 1.5769337 2.5425851 2.5947060 1.9920241 2.2294305 2.5271148 2.0961868 2.0081498 2.1538453 1.8706804 1.9636928 2.1923421 2.2600041 1.6723976 1.6187870 2.4225589 1.4467992 2.0663173 2.1722507 2.4250789 1.4929767 0.0000000 2.5705920 6.6476046 
Hvul_g29309_1                                          2.2271926 2.0907532 2.1497506 1.9484703 1.9039338 2.2479252 2.1651448 1.7702393 1.4117089 1.7976121 1.7729852 1.6917861 1.7803550 1.6653682 1.6655331 2.1225313 1.8914877 2.4065880 1.9513119 2.0498605 1.9695843 1.3163746 1.5835605 1.3842572 2.4122156 2.5164285 2.4157168 2.5860364 2.5782645 2.6672608 2.2442475 2.2200278 1.4873558 2.3639915 2.1966770 1.7583782 1.6933389 2.3327426 1.7907235 1.7646601 1.2804908 1.5146597 1.5150602 1.8433538 1.6493575 1.1785035 2.3774448 3.1427286 1.9026854 2.7917060 2.7103661 3.0749805 2.4195634 2.5705920 0.0000000 4.8516694 
Mlei_ML1066.g19.i1                                     4.5797954 4.0799554 4.2383085 4.3107171 3.7370504 4.4536129 4.4027726 3.9325215 2.9689008 3.7679459 3.6979125 3.2916810 3.3580678 3.6154625 3.7774500 4.4248272 4.3967216 4.0550638 3.6015242 4.0774724 3.8695457 5.4336535 4.1890320 3.8030352 4.6054788 4.4011401 4.3118116 4.4947667 4.4804463 4.4984397 1.6169467 1.6235960 1.5416876 1.3015450 1.3923431 1.6036169 1.5638633 1.3066808 1.5475226 0.3652065 4.1937971 3.9649283 4.0461154 4.3569541 4.0548697 3.8163719 5.4548350 4.6831612 3.9636332 4.4142294 4.4867333 4.5824337 5.6428873 6.6476046 4.8516694 0.0000000 
