58
Hsap_ENST00000611405                                  0.0000000 1.1355361 1.0216324 1.3561749 0.9232131 1.0011293 1.3016754 1.3026122 1.2147870 1.1496950 1.1613482 1.1540008 1.1984269 1.1570013 1.2054794 1.1226198 1.1499745 1.1784429 1.1694405 1.7951225 1.6720754 1.6219688 1.4361331 1.4779182 1.6001181 1.3806004 1.5370994 1.7518416 1.6941697 2.1490139 1.3479986 2.0361933 2.0151329 1.8465705 2.1825313 2.1671876 2.4960760 2.1554462 2.3103106 2.2652502 2.2492766 1.9684648 2.4594022 1.9654116 1.9500899 1.8888799 1.9009028 1.9024531 1.9141915 1.9320436 2.0153358 1.9019502 2.0871183 2.2687961 2.1719044 1.0620129 2.1412946 2.4853012 
Cgig_XM_011426875.3                                   1.1355361 0.0000000 0.6919961 1.1999637 1.0795530 0.9429661 0.9799538 1.1881107 1.0955189 1.3748306 1.3887868 1.3846331 1.5027094 1.4899865 1.5348149 1.4054722 1.6829268 1.5060621 1.4642584 1.7864024 1.7062476 1.6815182 1.9206540 1.9815990 1.9621787 1.8939568 1.8356686 1.9337853 1.8226421 2.3334696 1.5451481 2.2190204 2.3554639 2.1877639 2.2473577 2.4584855 2.5917324 2.2319309 2.2847879 2.3842011 2.2705574 2.0173219 2.3037528 1.9779142 1.9622071 1.9372424 1.9296776 1.9456431 1.9566950 1.8917053 2.2129172 2.2646160 2.1146869 2.3240611 2.3813517 1.4871104 2.1332523 2.4950422 
Acagra_model.g19168.t1                                1.0216324 0.6919961 0.0000000 1.2471136 0.9262150 0.9260439 0.9864561 1.2230580 1.1004385 1.3803412 1.3197812 1.4072380 1.3872109 1.4105850 1.4436999 1.3824712 1.4857530 1.3717297 1.3471895 1.9022970 1.7242196 1.6411264 1.7741597 1.8570710 1.6877044 1.6556328 1.7447518 1.8983763 1.8308579 2.3844776 1.5778101 2.0967640 2.0903453 1.9908396 2.2548318 2.2807314 2.5352699 2.2083409 2.4879415 2.3198640 2.3296747 2.2069261 2.5705286 2.1017204 2.0591519 1.9386819 1.9347332 1.9750134 1.9872103 1.9859378 2.0792147 2.0976730 2.1270251 2.1520581 2.3474600 1.3575953 2.1203472 2.4987096 
Lcom_lcpid143540                                      1.3561749 1.1999637 1.2471136 0.0000000 1.2339494 1.1939156 1.2480240 1.3957389 1.1706048 1.4444557 1.4964846 1.8776449 1.6103024 1.6228224 1.5168580 2.2014695 2.1605156 1.5333490 1.5383992 2.1185757 1.9757806 1.9883282 4.1379766 3.5513552 2.0443166 1.8610262 1.9160555 2.2034241 2.1241848 2.0245182 3.2358535 2.4673539 2.4931630 2.3488680 2.4302009 2.7111156 2.5745929 2.5024824 4.0029654 2.3685783 2.4109266 1.8737604 0.0000010 2.1199084 2.1079689 1.9438469 1.8743686 1.9001179 1.9161862 1.9808868 2.3655199 2.1973135 2.3374545 2.2230129 2.3816187 3.7177681 2.4820935 4.0142554 
Skow_XM_006819413.1                                   0.9232131 1.0795530 0.9262150 1.2339494 0.0000000 1.0932122 1.2130987 1.2356232 1.1994422 1.1822402 1.2784150 1.3334985 1.3061976 1.2930631 1.3430599 1.4143965 1.4324072 1.3240865 1.2858220 1.9081290 1.7599916 1.7650800 1.9710422 1.8443997 1.8946117 1.5886111 1.7163899 1.9062263 1.8633393 2.2525596 1.5289660 2.0802627 2.2479808 2.1851767 2.1785743 2.2259824 2.2452001 2.2131899 2.3372040 2.1319363 2.2360252 1.8531743 2.3953851 1.8710679 1.8448638 1.7288080 1.6929237 1.7886306 1.8013731 1.7877352 2.1009452 2.1277461 2.1393573 2.1500606 2.3577044 1.2333225 2.1717315 2.5102778 
Cscu_XM_023376465.1                                   1.0011293 0.9429661 0.9260439 1.1939156 1.0932122 0.0000000 1.2231166 0.9856480 0.8748662 1.1799238 1.3960247 1.5345246 1.4229341 1.4428650 1.5087915 1.4472479 1.4536263 1.4374945 1.4174992 1.7103770 1.6368921 1.7518832 1.9846049 1.7245222 1.8665501 1.6930425 1.7205715 1.7394529 1.8266400 2.3010420 1.5240523 2.0727398 2.0000177 1.8644502 2.1818594 2.2814925 2.3137792 2.2309701 2.4731214 2.0886116 2.1879279 2.1086512 2.6105748 1.8261743 1.8188505 1.8051891 1.7860041 1.8337652 1.8470166 1.7851799 2.0300566 2.0711456 2.1523213 2.1260184 2.1943098 1.5107511 2.1087401 2.3749934 
Ctel_gnl_WGS_AMQN_CAPTEDRAFT_mRNA228264               1.3016754 0.9799538 0.9864561 1.2480240 1.2130987 1.2231166 0.0000000 1.3748773 1.2116344 1.4928575 1.6414324 1.8077999 1.6764823 1.6416610 1.7792819 1.8425224 2.0016873 1.7208655 1.7314786 1.8373382 1.7271808 1.7961105 2.1821822 1.9662152 2.0825985 1.9413023 2.0485612 2.2346243 2.1532019 2.4725281 2.0077709 2.4255177 2.5132165 2.3574446 2.5375938 2.4730041 2.7562331 2.4839684 2.6965435 2.6187443 2.4387216 2.2541429 2.6882063 2.2640624 2.2477599 2.1632321 2.1109995 2.1750001 2.1887300 2.1446215 2.2829090 2.4410948 2.3446960 2.3986719 2.4628653 1.5262363 2.0711905 2.5021020 
Tcas_TC003562_001                                     1.3026122 1.1881107 1.2230580 1.3957389 1.2356232 0.9856480 1.3748773 0.0000000 1.0207020 1.4568700 1.5662954 1.6084544 1.5000944 1.4368396 1.5425225 1.5790406 1.5902025 1.5764633 1.5535140 1.9951026 1.9764814 1.8135665 1.8078705 1.8586433 1.9581936 1.7368360 2.0986837 2.0812696 1.9611088 2.2545992 1.8616585 2.3988906 2.3060559 2.2911029 2.5106923 2.5309141 2.7139921 2.3825734 2.7079688 2.4921975 2.4440955 2.1782275 2.7507338 1.8873942 1.9483043 1.9469994 1.9144183 1.9239841 1.9288620 1.9451455 2.5550858 2.5669683 2.3143994 2.4510454 2.2212683 1.7024993 2.4013922 2.7140104 
Dpul_mRNA2035                                         1.2147870 1.0955189 1.1004385 1.1706048 1.1994422 0.8748662 1.2116344 1.0207020 0.0000000 1.4542005 1.4410932 1.5498553 1.4773274 1.4823075 1.5328084 1.4903307 1.6126659 1.4993190 1.5016944 1.8464709 1.7624238 1.7049118 1.8516289 1.8285195 1.8607679 1.7357084 1.9455455 2.0508277 2.0532918 2.3186928 1.9194516 2.3482699 2.0289282 1.8993985 2.4261090 2.3615084 2.6170437 2.3134748 2.6181772 2.4862791 2.4657158 2.5332141 3.0417053 2.1555967 2.2026794 2.2220931 2.1932979 2.1997084 2.2132555 2.2341136 2.2544665 2.2866363 2.1690685 2.4454196 2.1058322 1.5121994 2.1966964 2.8192805 
Spur_XM_030973994.1                                   1.1496950 1.3748306 1.3803412 1.4444557 1.1822402 1.1799238 1.4928575 1.4568700 1.4542005 0.0000000 1.4479761 1.5178090 1.4191034 1.4608877 1.5994682 1.4974779 1.5884153 1.4806818 1.4614310 2.0414617 1.9255730 1.9666388 1.8716038 1.8225062 1.8387721 1.7040172 1.7804450 1.9653311 1.8961959 2.3364670 1.8186444 2.3394234 2.3905560 2.2135321 2.4037760 2.5107252 2.7081899 2.4378214 2.7257782 2.5769951 2.4944958 2.3137362 2.7245156 2.1636118 2.1313758 2.1007728 2.1102484 2.1500540 2.1519248 2.1213396 2.2587530 2.2158472 2.1957261 2.3475262 2.3250505 1.2199853 2.2650414 2.8377528 
Exapal_XM_021040516.2                                 1.1613482 1.3887868 1.3197812 1.4964846 1.2784150 1.3960247 1.6414324 1.5662954 1.4410932 1.4479761 0.0000000 0.4999379 0.5606806 0.5899974 0.6112825 0.5954328 0.7066510 0.5786854 0.6018310 1.7869800 1.6577069 1.6262416 1.4294837 1.4872392 1.3453321 1.2075776 1.4130070 1.5599081 1.5395373 1.7727508 1.0770538 2.0460463 1.9918899 1.8957763 2.1193713 2.1119236 2.4592203 2.1207996 2.2662733 2.2133782 2.2056870 1.9597466 2.4711741 1.8543746 1.8242209 1.8120275 1.8027702 1.8168439 1.8276829 1.8310548 2.0155306 1.9671314 2.0638248 2.0549526 1.7783384 1.3054108 2.0157117 2.6134151 
Nvec_v1g239938                                        1.1540008 1.3846331 1.4072380 1.8776449 1.3334985 1.5345246 1.8077999 1.6084544 1.5498553 1.5178090 0.4999379 0.0000000 0.6852585 0.6955294 0.7366329 0.6525198 0.7747165 0.6928005 0.6938935 2.0113490 1.8679317 1.6812477 1.5859128 1.6594093 1.4633482 1.3990034 1.6387117 1.7166032 1.6426052 1.8227840 1.1273607 2.0910824 2.1717860 2.1266683 2.2180376 2.3425775 2.4154904 2.1417514 2.4093871 2.4102718 2.3430552 2.0492569 2.6325242 2.0409442 1.9615836 1.9864441 2.0068359 1.9860600 1.9926930 1.9625105 2.3427311 2.2327553 2.0603978 2.2620506 2.0073822 1.5021465 2.1181118 2.7678993 
Adig_XM_015897818.1                                   1.1984269 1.5027094 1.3872109 1.6103024 1.3061976 1.4229341 1.6764823 1.5000944 1.4773274 1.4191034 0.5606806 0.6852585 0.0000000 0.0203952 0.1858400 0.2371804 0.3933698 0.2752030 0.2702485 1.9224359 1.7524293 1.6064842 1.5185113 1.6896924 1.3758839 1.2492805 1.4628419 1.6678869 1.7179591 1.8931815 1.2532800 2.0791179 2.0589396 1.9345071 2.2227530 2.4287813 2.5813177 2.1541627 2.3481953 2.4443489 2.4714620 2.2450167 2.2390591 1.8339711 1.8004367 1.7917134 1.7671077 1.8045698 1.8166836 1.8399024 2.0029313 2.0230751 2.1513122 2.1145424 1.9650719 1.4550530 2.0438966 2.5910182 
Amil_Amillepora21544-RA                               1.1570013 1.4899865 1.4105850 1.6228224 1.2930631 1.4428650 1.6416610 1.4368396 1.4823075 1.4608877 0.5899974 0.6955294 0.0203952 0.0000000 0.2094274 0.2657506 0.3404133 0.2875006 0.2762423 1.8614374 1.6973628 1.6525438 1.6946292 1.6290371 1.3493364 1.2883637 1.5221190 1.6855772 1.6301416 1.8726594 1.2188057 2.1298042 2.0805391 1.9975630 2.1946694 2.3421099 2.4698944 2.1014656 2.3381066 2.4287658 2.4145452 2.1876811 2.2585109 1.8927730 1.8911610 1.8346448 1.8131004 1.8293877 1.8406814 1.8890085 2.0274618 2.0728048 2.0915031 2.2259129 1.8493932 1.3353131 1.9722427 2.6391839 
Gfas_gfas1.m1.7973.m1                                 1.2054794 1.5348149 1.4436999 1.5168580 1.3430599 1.5087915 1.7792819 1.5425225 1.5328084 1.5994682 0.6112825 0.7366329 0.1858400 0.2094274 0.0000000 0.1777277 0.2531563 0.2670836 0.2609505 1.7917523 1.7051435 1.6525204 1.5232097 1.5744787 1.3557723 1.2817536 1.5766212 1.6054397 1.6862287 2.1140860 1.1927526 2.2208455 2.1726981 2.1109784 2.2810960 2.4073996 2.4499325 2.1886052 2.3183255 2.5515996 2.4702760 2.1218030 2.2565325 1.8675012 1.9923721 1.8850643 1.8664293 1.8852252 1.8896426 1.9425660 2.0928803 2.1249882 2.3231506 2.2447899 2.0750303 1.4266077 2.0514579 2.6558425 
Fspp_ffun1.m4.33163.m1                                1.1226198 1.4054722 1.3824712 2.2014695 1.4143965 1.4472479 1.8425224 1.5790406 1.4903307 1.4974779 0.5954328 0.6525198 0.2371804 0.2657506 0.1777277 0.0000000 0.1655768 0.2499536 0.2322508 1.8107227 1.7537351 1.6676123 1.5302722 1.6009310 1.4361074 1.3028145 1.4892920 1.5039918 1.5513337 2.3694514 1.1683054 2.2539758 2.2446204 2.3607927 2.2740145 2.3911758 2.1460088 2.1108495 2.4268794 2.5496081 2.4072525 2.1482513 2.3944075 1.9575581 1.9204818 1.8606973 1.8364065 1.8163739 1.8229260 1.9199028 1.9912148 2.1252199 2.0875340 2.3077538 1.9799698 1.4853255 1.9579353 2.2359023 
Gasp_gasp1.m3.19175.m1                                1.1499745 1.6829268 1.4857530 2.1605156 1.4324072 1.4536263 2.0016873 1.5902025 1.6126659 1.5884153 0.7066510 0.7747165 0.3933698 0.3404133 0.2531563 0.1655768 0.0000000 0.3549314 0.3491548 2.1238496 1.9318714 1.8655067 1.9621261 1.6327740 1.5035361 1.3059887 1.9742917 1.8933143 1.8677640 2.0720028 1.5624426 2.4190080 2.1387927 2.1243650 2.4703570 2.4079734 2.3076915 2.3802246 2.9289256 2.3539723 2.3777740 2.6982782 2.9420051 2.2661405 2.2651355 2.0081301 1.9425543 1.9207797 1.9314467 2.0992122 2.6552962 2.6132270 2.3323767 2.8222651 2.0835909 1.7634022 2.3047019 3.5166188 
Spis_XP_022788107_1                                   1.1784429 1.5060621 1.3717297 1.5333490 1.3240865 1.4374945 1.7208655 1.5764633 1.4993190 1.4806818 0.5786854 0.6928005 0.2752030 0.2875006 0.2670836 0.2499536 0.3549314 0.0000000 0.0595481 1.8091764 1.6665843 1.6167214 1.5225571 1.6021845 1.3716705 1.2343226 1.4831020 1.5806779 1.5638900 1.9182139 1.1921895 2.0805548 1.9264932 1.8424261 2.1500857 2.2455573 2.5550520 2.1916226 2.3200438 2.3197838 2.3732801 2.1379418 2.3609493 1.9202095 1.8924453 1.8382326 1.8244473 1.8599697 1.8642876 1.9025780 2.0712187 2.0902229 2.0634509 2.2719109 1.9986145 1.4850275 2.0708573 2.3730225 
Pocdam_XM_027191627.1                                 1.1694405 1.4642584 1.3471895 1.5383992 1.2858220 1.4174992 1.7314786 1.5535140 1.5016944 1.4614310 0.6018310 0.6938935 0.2702485 0.2762423 0.2609505 0.2322508 0.3491548 0.0595481 0.0000000 1.7997293 1.6587096 1.6062352 1.5253776 1.5587241 1.3458879 1.2464568 1.4706242 1.6073792 1.5781550 1.9126420 1.1500743 2.0890266 1.9636287 1.8770183 2.1679753 2.2894565 2.5824726 2.1962147 2.3453972 2.3593446 2.4091834 2.1573315 2.3786439 1.8931527 1.8695516 1.8003624 1.7798685 1.8313420 1.8356042 1.8675734 2.0583367 2.0728160 2.0125591 2.2463049 1.9678513 1.4682345 2.0124764 2.4065415 
Ocar_g1464                                            1.7951225 1.7864024 1.9022970 2.1185757 1.9081290 1.7103770 1.8373382 1.9951026 1.8464709 2.0414617 1.7869800 2.0113490 1.9224359 1.8614374 1.7917523 1.8107227 2.1238496 1.8091764 1.7997293 0.0000000 0.0655149 1.0277242 1.8974794 2.2403993 2.0411287 2.0026874 2.1396894 2.1173468 2.2683011 2.5228510 1.8261980 2.3988970 2.7789496 3.2184534 2.4836349 2.7299256 2.7332077 2.4326049 2.3645995 2.6645982 2.4282876 2.2284970 2.5310048 2.2130374 2.2894847 2.1811345 2.1745251 2.1658061 2.1805706 2.2570654 2.5642956 2.4329886 2.2722429 2.4923102 2.4742641 1.5293362 2.2417496 3.1658914 
Opea_EP00118_Oscarella_pearsei_P025127                1.6720754 1.7062476 1.7242196 1.9757806 1.7599916 1.6368921 1.7271808 1.9764814 1.7624238 1.9255730 1.6577069 1.8679317 1.7524293 1.6973628 1.7051435 1.7537351 1.9318714 1.6665843 1.6587096 0.0655149 0.0000000 0.9533947 1.8974794 2.1796338 1.9946390 1.8710027 1.9831065 2.0201710 2.0975751 2.2285417 1.8043433 2.1827613 2.2097263 2.2219755 2.2268540 2.4062085 2.5327281 2.1959231 2.3590107 2.3108104 2.2453006 2.2403600 2.5230346 2.1983676 2.1401246 2.0723142 2.0660712 2.0751143 2.0879712 2.1334891 2.3901064 2.3087650 2.2107008 2.4338942 2.3458522 1.5576639 2.1700771 3.2760403 
Plajan_Pjan_C571974_01                                1.6219688 1.6815182 1.6411264 1.9883282 1.7650800 1.7518832 1.7961105 1.8135665 1.7049118 1.9666388 1.6262416 1.6812477 1.6064842 1.6525438 1.6525204 1.6676123 1.8655067 1.6167214 1.6062352 1.0277242 0.9533947 0.0000000 2.0177318 1.9347420 1.9173953 1.7327530 1.9136912 2.0403349 2.2715245 2.1459285 1.9677565 2.1794593 2.0993505 2.2314991 2.3061632 2.2847441 2.5148295 2.1266595 2.1771195 2.3671652 2.2833703 2.1395487 2.4338288 2.0391826 1.9869667 2.0628865 2.0365433 2.0751865 2.0874512 1.9973457 2.1341529 2.1355258 1.9789541 2.4819891 2.3138296 1.7261061 2.0936740 3.0678439 
Aaur_scaffold31.g7.t1                                 1.4361331 1.9206540 1.7741597 4.1379766 1.9710422 1.9846049 2.1821822 1.8078705 1.8516289 1.8716038 1.4294837 1.5859128 1.5185113 1.6946292 1.5232097 1.5302722 1.9621261 1.5225571 1.5253776 1.8974794 1.8974794 2.0177318 0.0000000 0.9827519 0.8658708 0.9961974 1.8190245 1.9353659 1.4841673 3.5726481 1.3734518 2.3799855 1.0610778 3.5297068 2.5392617 2.3709737 2.4125017 2.3491429 2.3124426 2.8328869 2.2847502 2.3373753 2.8175732 2.0199803 2.0305087 2.0121159 2.0466935 2.1633176 2.1633176 2.2357520 2.3701664 2.6029530 2.0415455 2.4349605 2.7233553 1.9007045 2.1159071 2.4350681 
Rhoesc_Res_012388-T1                                  1.4779182 1.9815990 1.8570710 3.5513552 1.8443997 1.7245222 1.9662152 1.8586433 1.8285195 1.8225062 1.4872392 1.6594093 1.6896924 1.6290371 1.5744787 1.6009310 1.6327740 1.6021845 1.5587241 2.2403993 2.1796338 1.9347420 0.9827519 0.0000000 0.3942249 0.7636623 2.0224069 2.0799915 1.4981447 2.4540593 1.3011513 2.7250494 2.5894720 3.2000699 2.9603872 2.8381786 3.3099281 2.6602292 2.7220608 3.0299863 2.8142296 2.7362943 2.9733882 2.3371828 2.3215968 2.3071220 2.3289254 2.3525890 2.3525890 2.3819145 2.4071254 2.5844704 2.1257848 2.9723976 2.4918741 1.7477683 2.2417204 2.5068232 
Nemnom_g13866.t1                                      1.6001181 1.9621787 1.6877044 2.0443166 1.8946117 1.8665501 2.0825985 1.9581936 1.8607679 1.8387721 1.3453321 1.4633482 1.3758839 1.3493364 1.3557723 1.4361074 1.5035361 1.3716705 1.3458879 2.0411287 1.9946390 1.9173953 0.8658708 0.3942249 0.0000000 0.8331979 1.8701853 1.9504401 1.7643817 2.1273879 1.1691237 2.5217867 2.6488516 2.4258176 2.7963344 2.5197841 3.2079565 2.7081618 2.9039182 2.8140807 2.6594582 2.4363685 2.8631685 2.0084406 2.0384516 2.0597530 2.0579428 2.0824951 2.0929295 2.1015543 2.6884248 2.6970445 2.6231649 2.6033022 2.4770581 1.9806598 2.4197019 3.2547971 
Sanmal_Sma_016547-T1                                  1.3806004 1.8939568 1.6556328 1.8610262 1.5886111 1.6930425 1.9413023 1.7368360 1.7357084 1.7040172 1.2075776 1.3990034 1.2492805 1.2883637 1.2817536 1.3028145 1.3059887 1.2343226 1.2464568 2.0026874 1.8710027 1.7327530 0.9961974 0.7636623 0.8331979 0.0000000 1.7661297 1.9043468 1.6255779 1.9983110 1.3727644 2.3877196 2.1810246 2.0048156 2.4647317 2.2773532 2.7826260 2.3659806 2.6177902 2.4437421 2.3894346 2.4091667 2.9620499 2.1132717 2.0882105 2.0779961 2.0832647 2.1152207 2.1193491 2.1357411 2.5253211 2.5633761 2.3168007 2.6913582 2.1014726 1.9596092 2.3611515 2.8025410 
Dgig_XM_028550139.1                                   1.5370994 1.8356686 1.7447518 1.9160555 1.7163899 1.7205715 2.0485612 2.0986837 1.9455455 1.7804450 1.4130070 1.6387117 1.4628419 1.5221190 1.5766212 1.4892920 1.9742917 1.4831020 1.4706242 2.1396894 1.9831065 1.9136912 1.8190245 2.0224069 1.8701853 1.7661297 0.0000000 0.5156016 1.8859189 1.7783765 1.6431171 2.4317160 2.3351243 2.1613141 2.5070946 2.4864675 2.8002350 2.4952130 2.8674297 2.7395942 2.6050038 2.4061929 3.0436818 2.1649621 2.1718792 2.0940155 2.0723211 2.0788993 2.0849462 2.1389083 2.3245021 2.2963666 2.1683301 2.4342093 2.0612800 1.8791363 2.3008370 2.5965325 
Xesp_002497-T1                                        1.7518416 1.9337853 1.8983763 2.2034241 1.9062263 1.7394529 2.2346243 2.0812696 2.0508277 1.9653311 1.5599081 1.7166032 1.6678869 1.6855772 1.6054397 1.5039918 1.8933143 1.5806779 1.6073792 2.1173468 2.0201710 2.0403349 1.9353659 2.0799915 1.9504401 1.9043468 0.5156016 0.0000000 1.9367700 2.2627495 1.6707775 2.4674682 2.3512663 2.2836160 2.5238658 2.4813794 2.9711798 2.5821433 2.7865644 2.8698829 2.6047790 2.2820741 2.9393019 2.2136802 2.1977990 2.0842895 2.0304555 2.0634332 2.0614076 2.1102713 2.5017197 2.6559698 2.5872496 2.7237727 2.3673051 1.7514664 2.0976154 2.5815668 
Hvul_g2483_1                                          1.6941697 1.8226421 1.8308579 2.1241848 1.8633393 1.8266400 2.1532019 1.9611088 2.0532918 1.8961959 1.5395373 1.6426052 1.7179591 1.6301416 1.6862287 1.5513337 1.8677640 1.5638900 1.5781550 2.2683011 2.0975751 2.2715245 1.4841673 1.4981447 1.7643817 1.6255779 1.8859189 1.9367700 0.0000000 1.3532986 1.3439189 2.5051094 2.5890201 2.3557680 2.6053716 2.6243783 3.2140849 2.7458325 2.7630713 2.4729261 2.5520647 2.3879798 2.4587760 2.3677044 2.3388201 2.2995098 2.3063124 2.3520390 2.3546933 2.3865464 2.6772706 2.6046025 2.5322113 2.3838464 2.4923523 1.8767263 2.4674376 2.9379531 
Chem_TCONS_00048688                                   2.1490139 2.3334696 2.3844776 2.0245182 2.2525596 2.3010420 2.4725281 2.2545992 2.3186928 2.3364670 1.7727508 1.8227840 1.8931815 1.8726594 2.1140860 2.3694514 2.0720028 1.9182139 1.9126420 2.5228510 2.2285417 2.1459285 3.5726481 2.4540593 2.1273879 1.9983110 1.7783765 2.2627495 1.3532986 0.0000000 2.3182063 2.6099280 2.3894059 2.2970293 2.6192662 2.7003824 2.7469419 2.6491074 3.5006365 2.2879371 2.5837060 2.7088662 3.3395004 2.7350630 2.7432530 2.7491928 2.7416918 2.7254264 2.7511071 2.8429798 3.1818306 3.0228953 2.6684884 2.5950745 2.7369989 2.7347216 2.8407639 3.7841692 
Morvir_scaffold31.g8.t1                               1.3479986 1.5451481 1.5778101 3.2358535 1.5289660 1.5240523 2.0077709 1.8616585 1.9194516 1.8186444 1.0770538 1.1273607 1.2532800 1.2188057 1.1927526 1.1683054 1.5624426 1.1921895 1.1500743 1.8261980 1.8043433 1.9677565 1.3734518 1.3011513 1.1691237 1.3727644 1.6431171 1.6707775 1.3439189 2.3182063 0.0000000 2.3183607 1.8363817 5.2422701 2.5277154 2.3913690 3.0183656 2.4487524 2.2476049 2.4129914 2.2925169 2.2051166 2.7754850 2.1231445 2.0869507 2.0595036 2.0745519 2.1808645 2.1808645 2.1364974 2.0288299 2.2136702 2.0586393 2.4270428 2.3785884 1.5305279 1.8872987 2.4266755 
Mlei_ML3342.g14.i1                                    2.0361933 2.2190204 2.0967640 2.4673539 2.0802627 2.0727398 2.4255177 2.3988906 2.3482699 2.3394234 2.0460463 2.0910824 2.0791179 2.1298042 2.2208455 2.2539758 2.4190080 2.0805548 2.0890266 2.3988970 2.1827613 2.1794593 2.3799855 2.7250494 2.5217867 2.3877196 2.4317160 2.4674682 2.5051094 2.6099280 2.3183607 0.0000000 0.1082128 0.1042766 0.2618329 0.3136344 0.6428885 0.5060549 0.4518311 0.6041696 0.5642121 0.4850944 0.6103803 2.3969736 2.3254199 2.2416472 2.3098946 2.3590820 2.3752404 2.2621251 2.6192931 2.6039055 2.5000728 2.6656877 2.9042581 2.2315809 2.5455342 3.8264206 
Bolinf_Binf_sb1251406                                 2.0151329 2.3554639 2.0903453 2.4931630 2.2479808 2.0000177 2.5132165 2.3060559 2.0289282 2.3905560 1.9918899 2.1717860 2.0589396 2.0805391 2.1726981 2.2446204 2.1387927 1.9264932 1.9636287 2.7789496 2.2097263 2.0993505 1.0610778 2.5894720 2.6488516 2.1810246 2.3351243 2.3512663 2.5890201 2.3894059 1.8363817 0.1082128 0.0000000 0.0000010 0.2652166 0.3208762 0.5202735 0.4886681 0.6433553 0.6545248 0.6314546 0.7326097 0.0000010 2.4516780 2.3446190 2.1481541 2.2262703 2.2979175 2.3279788 2.2911109 2.8325158 2.7811018 2.5914674 2.7416662 3.2169688 2.6361687 2.5587999 4.4068497 
Mertsp_Mesp_sb569184                                  1.8465705 2.1877639 1.9908396 2.3488680 2.1851767 1.8644502 2.3574446 2.2911029 1.8993985 2.2135321 1.8957763 2.1266683 1.9345071 1.9975630 2.1109784 2.3607927 2.1243650 1.8424261 1.8770183 3.2184534 2.2219755 2.2314991 3.5297068 3.2000699 2.4258176 2.0048156 2.1613141 2.2836160 2.3557680 2.2970293 5.2422701 0.1042766 0.0000010 0.0000000 0.2601924 0.3273651 0.4917993 0.4495471 0.3666920 0.5979787 0.5743342 1.7120957 0.0000010 2.4079335 2.2741104 2.0768950 2.1028508 2.2100566 2.2519285 2.1508555 2.8243052 2.8013775 3.0603476 2.5271104 3.3044035 3.5299214 2.7229399 4.2544692 
Beraby_Baby_sb348832                                  2.1825313 2.2473577 2.2548318 2.4302009 2.1785743 2.1818594 2.5375938 2.5106923 2.4261090 2.4037760 2.1193713 2.2180376 2.2227530 2.1946694 2.2810960 2.2740145 2.4703570 2.1500857 2.1679753 2.4836349 2.2268540 2.3061632 2.5392617 2.9603872 2.7963344 2.4647317 2.5070946 2.5238658 2.6053716 2.6192662 2.5277154 0.2618329 0.2652166 0.2601924 0.0000000 0.3788025 0.6884106 0.5494477 0.5090536 0.6345198 0.5571744 0.5239975 0.6579543 2.5029888 2.4494782 2.3882863 2.4344573 2.5158465 2.5327134 2.3543285 2.6739468 2.6039149 2.5888070 2.9100878 2.8988566 2.2885597 2.5903903 3.6063379 
Drygla_Dgla_sb300800                                  2.1671876 2.4584855 2.2807314 2.7111156 2.2259824 2.2814925 2.4730041 2.5309141 2.3615084 2.5107252 2.1119236 2.3425775 2.4287813 2.3421099 2.4073996 2.3911758 2.4079734 2.2455573 2.2894565 2.7299256 2.4062085 2.2847441 2.3709737 2.8381786 2.5197841 2.2773532 2.4864675 2.4813794 2.6243783 2.7003824 2.3913690 0.3136344 0.3208762 0.3273651 0.3788025 0.0000000 0.5497760 0.5419369 0.5392190 0.5753075 0.6263641 0.5921644 0.5196109 2.7565296 2.6639485 2.5657702 2.6212191 2.6367276 2.6430132 2.5449148 2.6832419 2.6652490 2.5974495 2.7566966 2.8986817 2.5387109 2.6849751 3.8779897 
Pbac_sb2641374                                        2.4960760 2.5917324 2.5352699 2.5745929 2.2452001 2.3137792 2.7562331 2.7139921 2.6170437 2.7081899 2.4592203 2.4154904 2.5813177 2.4698944 2.4499325 2.1460088 2.3076915 2.5550520 2.5824726 2.7332077 2.5327281 2.5148295 2.4125017 3.3099281 3.2079565 2.7826260 2.8002350 2.9711798 3.2140849 2.7469419 3.0183656 0.6428885 0.5202735 0.4917993 0.6884106 0.5497760 0.0000000 0.1059385 0.9105881 0.7984075 0.6984586 1.0010482 1.0455438 3.0810572 3.0189850 2.8349380 2.9256541 2.9866358 2.9832210 2.8210992 2.9836523 2.9551459 2.5555715 2.9101445 2.8124127 2.7158302 2.8013851 3.6560602 
Horcal_Hcv1.av93.c11.g945.i1                          2.1554462 2.2319309 2.2083409 2.5024824 2.2131899 2.2309701 2.4839684 2.3825734 2.3134748 2.4378214 2.1207996 2.1417514 2.1541627 2.1014656 2.1886052 2.1108495 2.3802246 2.1916226 2.1962147 2.4326049 2.1959231 2.1266595 2.3491429 2.6602292 2.7081618 2.3659806 2.4952130 2.5821433 2.7458325 2.6491074 2.4487524 0.5060549 0.4886681 0.4495471 0.5494477 0.5419369 0.1059385 0.0000000 0.7087975 0.7374402 0.6556781 0.7104200 0.7146545 2.6655527 2.5645281 2.4274420 2.5069805 2.5295293 2.5386212 2.4202149 2.7110393 2.7325636 2.4454837 2.8388489 2.8170734 2.3223915 2.6448563 3.6223033 
Lampan_Lpan_9919_01                                   2.3103106 2.2847879 2.4879415 4.0029654 2.3372040 2.4731214 2.6965435 2.7079688 2.6181772 2.7257782 2.2662733 2.4093871 2.3481953 2.3381066 2.3183255 2.4268794 2.9289256 2.3200438 2.3453972 2.3645995 2.3590107 2.1771195 2.3124426 2.7220608 2.9039182 2.6177902 2.8674297 2.7865644 2.7630713 3.5006365 2.2476049 0.4518311 0.6433553 0.3666920 0.5090536 0.5392190 0.9105881 0.7087975 0.0000000 0.5320931 0.5555434 0.5679337 0.6728738 2.7126476 2.7034695 2.4844950 2.5754695 2.5626835 2.5626835 2.4759266 2.5956200 2.6083211 2.7691465 3.1315672 3.0692182 1.9383943 2.6280933 3.3984986 
Vmul_sbMO415262                                       2.2652502 2.3842011 2.3198640 2.3685783 2.1319363 2.0886116 2.6187443 2.4921975 2.4862791 2.5769951 2.2133782 2.4102718 2.4443489 2.4287658 2.5515996 2.5496081 2.3539723 2.3197838 2.3593446 2.6645982 2.3108104 2.3671652 2.8328869 3.0299863 2.8140807 2.4437421 2.7395942 2.8698829 2.4729261 2.2879371 2.4129914 0.6041696 0.6545248 0.5979787 0.6345198 0.5753075 0.7984075 0.7374402 0.5320931 0.0000000 0.2529396 0.4158324 1.0548275 3.1517208 2.9730859 2.7439660 2.7568469 2.8202011 2.8306178 2.7719699 2.9577529 2.9960442 2.7195070 2.9686873 3.2401050 2.4660220 2.6824456 5.1959033 
Coeast_Cast_sb791526                                  2.2492766 2.2705574 2.3296747 2.4109266 2.2360252 2.1879279 2.4387216 2.4440955 2.4657158 2.4944958 2.2056870 2.3430552 2.4714620 2.4145452 2.4702760 2.4072525 2.3777740 2.3732801 2.4091834 2.4282876 2.2453006 2.2833703 2.2847502 2.8142296 2.6594582 2.3894346 2.6050038 2.6047790 2.5520647 2.5837060 2.2925169 0.5642121 0.6314546 0.5743342 0.5571744 0.6263641 0.6984586 0.6556781 0.5555434 0.2529396 0.0000000 0.0412217 0.5983543 2.6843445 2.6057236 2.5515862 2.5364362 2.5878122 2.5980864 2.4763442 2.7936144 2.8355535 2.7795105 2.8602820 2.9217415 2.3341936 2.6150613 3.5960304 
Coemet_Cmet_scaffold8335_01                           1.9684648 2.0173219 2.2069261 1.8737604 1.8531743 2.1086512 2.2541429 2.1782275 2.5332141 2.3137362 1.9597466 2.0492569 2.2450167 2.1876811 2.1218030 2.1482513 2.6982782 2.1379418 2.1573315 2.2284970 2.2403600 2.1395487 2.3373753 2.7362943 2.4363685 2.4091667 2.4061929 2.2820741 2.3879798 2.7088662 2.2051166 0.4850944 0.7326097 1.7120957 0.5239975 0.5921644 1.0010482 0.7104200 0.5679337 0.4158324 0.0412217 0.0000000 0.6861683 2.1980484 2.1734756 2.2606968 2.2130463 2.2391028 2.2391028 2.0886494 2.4556438 2.5347086 2.5581783 3.0398040 2.1941406 1.8822897 2.3713917 3.2066327 
Eupdun_Edun_sb10638422                                2.4594022 2.3037528 2.5705286 0.0000010 2.3953851 2.6105748 2.6882063 2.7507338 3.0417053 2.7245156 2.4711741 2.6325242 2.2390591 2.2585109 2.2565325 2.3944075 2.9420051 2.3609493 2.3786439 2.5310048 2.5230346 2.4338288 2.8175732 2.9733882 2.8631685 2.9620499 3.0436818 2.9393019 2.4587760 3.3395004 2.7754850 0.6103803 0.0000010 0.0000010 0.6579543 0.5196109 1.0455438 0.7146545 0.6728738 1.0548275 0.5983543 0.6861683 0.0000000 3.0479097 3.0529196 2.8350110 2.8028659 2.8627720 2.8627720 2.8044619 2.7153156 2.6578258 2.3010547 3.0936036 2.5099206 2.0881667 2.5022610 2.9690184 
Tadh_TriadT64154                                      1.9654116 1.9779142 2.1017204 2.1199084 1.8710679 1.8261743 2.2640624 1.8873942 2.1555967 2.1636118 1.8543746 2.0409442 1.8339711 1.8927730 1.8675012 1.9575581 2.2661405 1.9202095 1.8931527 2.2130374 2.1983676 2.0391826 2.0199803 2.3371828 2.0084406 2.1132717 2.1649621 2.2136802 2.3677044 2.7350630 2.1231445 2.3969736 2.4516780 2.4079335 2.5029888 2.7565296 3.0810572 2.6655527 2.7126476 3.1517208 2.6843445 2.1980484 3.0479097 0.0000000 0.0032142 0.3017834 0.3023110 0.2950815 0.2993557 0.2717638 2.3907162 2.3788811 2.3377591 2.6748233 2.1019566 1.9233034 2.3701473 3.0566244 
TrH2_TrispH2_006900-RA                                1.9500899 1.9622071 2.0591519 2.1079689 1.8448638 1.8188505 2.2477599 1.9483043 2.2026794 2.1313758 1.8242209 1.9615836 1.8004367 1.8911610 1.9923721 1.9204818 2.2651355 1.8924453 1.8695516 2.2894847 2.1401246 1.9869667 2.0305087 2.3215968 2.0384516 2.0882105 2.1718792 2.1977990 2.3388201 2.7432530 2.0869507 2.3254199 2.3446190 2.2741104 2.4494782 2.6639485 3.0189850 2.5645281 2.7034695 2.9730859 2.6057236 2.1734756 3.0529196 0.0032142 0.0000000 0.2906298 0.2910465 0.2821011 0.2861095 0.2677685 2.3998568 2.3996360 2.3699353 2.6805975 2.2208998 1.9668257 2.5174750 3.0717338 
HoiH06_mRNA8824                                       1.8888799 1.9372424 1.9386819 1.9438469 1.7288080 1.8051891 2.1632321 1.9469994 2.2220931 2.1007728 1.8120275 1.9864441 1.7917134 1.8346448 1.8850643 1.8606973 2.0081301 1.8382326 1.8003624 2.1811345 2.0723142 2.0628865 2.0121159 2.3071220 2.0597530 2.0779961 2.0940155 2.0842895 2.2995098 2.7491928 2.0595036 2.2416472 2.1481541 2.0768950 2.3882863 2.5657702 2.8349380 2.4274420 2.4844950 2.7439660 2.5515862 2.2606968 2.8350110 0.3017834 0.2906298 0.0000000 0.0533638 0.1200695 0.1235026 0.1850317 2.4919852 2.4817724 2.2675649 2.5130236 2.2361330 2.0058955 2.5287496 2.8961981 
HoiH23_PlH23_006951-RA                                1.9009028 1.9296776 1.9347332 1.8743686 1.6929237 1.7860041 2.1109995 1.9144183 2.1932979 2.1102484 1.8027702 2.0068359 1.7671077 1.8131004 1.8664293 1.8364065 1.9425543 1.8244473 1.7798685 2.1745251 2.0660712 2.0365433 2.0466935 2.3289254 2.0579428 2.0832647 2.0723211 2.0304555 2.3063124 2.7416918 2.0745519 2.3098946 2.2262703 2.1028508 2.4344573 2.6212191 2.9256541 2.5069805 2.5754695 2.7568469 2.5364362 2.2130463 2.8028659 0.3023110 0.2910465 0.0533638 0.0000000 0.0945129 0.0978980 0.1694253 2.4660702 2.4724906 2.3388384 2.4581742 2.2127374 1.9770063 2.5084164 2.8770275 
Hhon_g02712.t1                                        1.9024531 1.9456431 1.9750134 1.9001179 1.7886306 1.8337652 2.1750001 1.9239841 2.1997084 2.1500540 1.8168439 1.9860600 1.8045698 1.8293877 1.8852252 1.8163739 1.9207797 1.8599697 1.8313420 2.1658061 2.0751143 2.0751865 2.1633176 2.3525890 2.0824951 2.1152207 2.0788993 2.0634332 2.3520390 2.7254264 2.1808645 2.3590820 2.2979175 2.2100566 2.5158465 2.6367276 2.9866358 2.5295293 2.5626835 2.8202011 2.5878122 2.2391028 2.8627720 0.2950815 0.2821011 0.1200695 0.0945129 0.0000000 0.0030019 0.1667393 2.4879833 2.4699557 2.3452999 2.5549262 2.2734181 1.9947998 2.5285566 3.1912783 
HoiH04_mRNA14822                                      1.9141915 1.9566950 1.9872103 1.9161862 1.8013731 1.8470166 2.1887300 1.9288620 2.2132555 2.1519248 1.8276829 1.9926930 1.8166836 1.8406814 1.8896426 1.8229260 1.9314467 1.8642876 1.8356042 2.1805706 2.0879712 2.0874512 2.1633176 2.3525890 2.0929295 2.1193491 2.0849462 2.0614076 2.3546933 2.7511071 2.1808645 2.3752404 2.3279788 2.2519285 2.5327134 2.6430132 2.9832210 2.5386212 2.5626835 2.8306178 2.5980864 2.2391028 2.8627720 0.2993557 0.2861095 0.1235026 0.0978980 0.0030019 0.0000000 0.1703661 2.5035802 2.4852030 2.3639738 2.5719596 2.2792266 2.0053089 2.5452867 3.1912783 
HoiH11_mRNA7900                                       1.9320436 1.8917053 1.9859378 1.9808868 1.7877352 1.7851799 2.1446215 1.9451455 2.2341136 2.1213396 1.8310548 1.9625105 1.8399024 1.8890085 1.9425660 1.9199028 2.0992122 1.9025780 1.8675734 2.2570654 2.1334891 1.9973457 2.2357520 2.3819145 2.1015543 2.1357411 2.1389083 2.1102713 2.3865464 2.8429798 2.1364974 2.2621251 2.2911109 2.1508555 2.3543285 2.5449148 2.8210992 2.4202149 2.4759266 2.7719699 2.4763442 2.0886494 2.8044619 0.2717638 0.2677685 0.1850317 0.1694253 0.1667393 0.1703661 0.0000000 2.4499936 2.4742030 2.3070581 2.5623504 2.3259007 1.9564460 2.5005299 3.1060890 
Emue_Em0005g1648a.t1                                  2.0153358 2.2129172 2.0792147 2.3655199 2.1009452 2.0300566 2.2829090 2.5550858 2.2544665 2.2587530 2.0155306 2.3427311 2.0029313 2.0274618 2.0928803 1.9912148 2.6552962 2.0712187 2.0583367 2.5642956 2.3901064 2.1341529 2.3701664 2.4071254 2.6884248 2.5253211 2.3245021 2.5017197 2.6772706 3.1818306 2.0288299 2.6192931 2.8325158 2.8243052 2.6739468 2.6832419 2.9836523 2.7110393 2.5956200 2.9577529 2.7936144 2.4556438 2.7153156 2.3907162 2.3998568 2.4919852 2.4660702 2.4879833 2.5035802 2.4499936 0.0000000 0.3195353 1.6015325 1.7578294 2.1658367 2.1599354 1.7383550 2.4410140 
Spolac_c104613_g2_i7_m.41824c104613-g2                1.9019502 2.2646160 2.0976730 2.1973135 2.1277461 2.0711456 2.4410948 2.5669683 2.2866363 2.2158472 1.9671314 2.2327553 2.0230751 2.0728048 2.1249882 2.1252199 2.6132270 2.0902229 2.0728160 2.4329886 2.3087650 2.1355258 2.6029530 2.5844704 2.6970445 2.5633761 2.2963666 2.6559698 2.6046025 3.0228953 2.2136702 2.6039055 2.7811018 2.8013775 2.6039149 2.6652490 2.9551459 2.7325636 2.6083211 2.9960442 2.8355535 2.5347086 2.6578258 2.3788811 2.3996360 2.4817724 2.4724906 2.4699557 2.4852030 2.4742030 0.3195353 0.0000000 1.4891934 1.6608916 1.9763446 2.1583649 1.6064568 2.4286143 
Halamb_c50038_g1_i1m.27448                            2.0871183 2.1146869 2.1270251 2.3374545 2.1393573 2.1523213 2.3446960 2.3143994 2.1690685 2.1957261 2.0638248 2.0603978 2.1513122 2.0915031 2.3231506 2.0875340 2.3323767 2.0634509 2.0125591 2.2722429 2.2107008 1.9789541 2.0415455 2.1257848 2.6231649 2.3168007 2.1683301 2.5872496 2.5322113 2.6684884 2.0586393 2.5000728 2.5914674 3.0603476 2.5888070 2.5974495 2.5555715 2.4454837 2.7691465 2.7195070 2.7795105 2.5581783 2.3010547 2.3377591 2.3699353 2.2675649 2.3388384 2.3452999 2.3639738 2.3070581 1.6015325 1.4891934 0.0000000 0.7183255 1.6160524 2.5121486 1.7723949 4.5361164 
Xestes_maker-XT_scaffold1604-augustus-gene-0.3-mRNA-1 2.2687961 2.3240611 2.1520581 2.2230129 2.1500606 2.1260184 2.3986719 2.4510454 2.4454196 2.3475262 2.0549526 2.2620506 2.1145424 2.2259129 2.2447899 2.3077538 2.8222651 2.2719109 2.2463049 2.4923102 2.4338942 2.4819891 2.4349605 2.9723976 2.6033022 2.6913582 2.4342093 2.7237727 2.3838464 2.5950745 2.4270428 2.6656877 2.7416662 2.5271104 2.9100878 2.7566966 2.9101445 2.8388489 3.1315672 2.9686873 2.8602820 3.0398040 3.0936036 2.6748233 2.6805975 2.5130236 2.4581742 2.5549262 2.5719596 2.5623504 1.7578294 1.6608916 0.7183255 0.0000000 1.7607648 2.4246030 1.7701762 2.4669677 
Plespi_Pspi_scaffold18708_01                          2.1719044 2.3813517 2.3474600 2.3816187 2.3577044 2.1943098 2.4628653 2.2212683 2.1058322 2.3250505 1.7783384 2.0073822 1.9650719 1.8493932 2.0750303 1.9799698 2.0835909 1.9986145 1.9678513 2.4742641 2.3458522 2.3138296 2.7233553 2.4918741 2.4770581 2.1014726 2.0612800 2.3673051 2.4923523 2.7369989 2.3785884 2.9042581 3.2169688 3.3044035 2.8988566 2.8986817 2.8124127 2.8170734 3.0692182 3.2401050 2.9217415 2.1941406 2.5099206 2.1019566 2.2208998 2.2361330 2.2127374 2.2734181 2.2792266 2.3259007 2.1658367 1.9763446 1.6160524 1.7607648 0.0000000 2.7475167 2.0904378 3.9753360 
Bralan_BLAG16000007_1                                 1.0620129 1.4871104 1.3575953 3.7177681 1.2333225 1.5107511 1.5262363 1.7024993 1.5121994 1.2199853 1.3054108 1.5021465 1.4550530 1.3353131 1.4266077 1.4853255 1.7634022 1.4850275 1.4682345 1.5293362 1.5576639 1.7261061 1.9007045 1.7477683 1.9806598 1.9596092 1.8791363 1.7514664 1.8767263 2.7347216 1.5305279 2.2315809 2.6361687 3.5299214 2.2885597 2.5387109 2.7158302 2.3223915 1.9383943 2.4660220 2.3341936 1.8822897 2.0881667 1.9233034 1.9668257 2.0058955 1.9770063 1.9947998 2.0053089 1.9564460 2.1599354 2.1583649 2.5121486 2.4246030 2.7475167 0.0000000 1.8942028 2.1260717 
Tetwil_g10222.t2                                      2.1412946 2.1332523 2.1203472 2.4820935 2.1717315 2.1087401 2.0711905 2.4013922 2.1966964 2.2650414 2.0157117 2.1181118 2.0438966 1.9722427 2.0514579 1.9579353 2.3047019 2.0708573 2.0124764 2.2417496 2.1700771 2.0936740 2.1159071 2.2417204 2.4197019 2.3611515 2.3008370 2.0976154 2.4674376 2.8407639 1.8872987 2.5455342 2.5587999 2.7229399 2.5903903 2.6849751 2.8013851 2.6448563 2.6280933 2.6824456 2.6150613 2.3713917 2.5022610 2.3701473 2.5174750 2.5287496 2.5084164 2.5285566 2.5452867 2.5005299 1.7383550 1.6064568 1.7723949 1.7701762 2.0904378 1.8942028 0.0000000 2.4640951 
Stycar_maker-SC_scaffold125216-snap-gene-0.41-mRNA-1  2.4853012 2.4950422 2.4987096 4.0142554 2.5102778 2.3749934 2.5021020 2.7140104 2.8192805 2.8377528 2.6134151 2.7678993 2.5910182 2.6391839 2.6558425 2.2359023 3.5166188 2.3730225 2.4065415 3.1658914 3.2760403 3.0678439 2.4350681 2.5068232 3.2547971 2.8025410 2.5965325 2.5815668 2.9379531 3.7841692 2.4266755 3.8264206 4.4068497 4.2544692 3.6063379 3.8779897 3.6560602 3.6223033 3.3984986 5.1959033 3.5960304 3.2066327 2.9690184 3.0566244 3.0717338 2.8961981 2.8770275 3.1912783 3.1912783 3.1060890 2.4410140 2.4286143 4.5361164 2.4669677 3.9753360 2.1260717 2.4640951 0.0000000 
