60
Hsap_ENST00000299886                                   0.0000000 1.7165991 2.2559076 2.7576331 2.7845004 2.7223999 3.0459198 1.9788545 1.9806640 1.8358705 1.7636935 2.0952554 2.0830998 2.0090030 2.0746188 2.1127065 2.5172285 2.1698227 2.1114195 2.2411347 2.3498284 2.2676830 2.2766390 2.3262594 2.3239342 2.3265724 2.3403040 2.9685227 2.3580108 2.1872096 2.3568485 3.3456940 2.6169666 2.6729548 2.5559867 2.6965725 2.5242716 2.6740694 2.9665426 3.0016178 2.8733722 3.3167024 2.7108297 2.6199699 2.4343381 3.3555145 3.3048493 2.7498539 3.6334660 3.5279790 3.1603265 3.6466790 3.9423948 3.3589453 3.9337119 2.7601663 2.8545757 3.4525742 3.4543091 3.3451266 
Bralan_BLAG02001487_1                                  1.7165991 0.0000000 1.9227845 2.2394573 2.6224306 2.4004306 2.4547993 1.6849682 1.5582960 1.5039047 1.4605150 1.7186891 1.9320086 1.8381803 1.8954251 1.8717521 2.2607148 1.9788255 1.9960347 2.1218955 2.1985516 2.1759762 2.1679309 2.1733388 2.1887873 2.1961801 2.3113634 2.4778147 2.1171748 1.8674137 2.5885494 2.8303598 2.5473935 2.4280331 2.6229449 2.4628483 2.2259905 2.5052390 2.6717220 2.7357940 2.6165201 2.7006432 2.1554874 2.4063541 2.3694922 3.1871707 3.3937016 2.5215498 3.2093693 3.3093247 3.0146818 3.5399376 3.8611873 3.1019205 3.5119913 2.6529396 2.6964351 3.3281434 2.8796979 3.2124790 
Scil_scict022797.1                                     2.2559076 1.9227845 0.0000000 1.5407369 3.9388909 1.4577506 4.3938324 1.9052284 2.0202091 2.2093813 1.9419380 3.2843917 1.6394711 1.7768699 1.8489202 2.1511045 4.0735899 4.3649147 1.9690559 2.1479795 2.1651814 2.3115796 2.4311606 2.4194983 2.3597766 2.3597766 3.4422263 2.7020878 1.6033898 1.3859669 2.5268894 2.5040546 2.5115614 2.4029105 4.1264140 3.9326531 2.5987181 2.4281797 2.4835070 2.5910815 4.2716542 1.8649490 2.4896337 3.2589404 2.1484210 4.0348826 3.2008137 7.9996251 5.5598361 6.0076752 3.2011049 2.4264288 7.2346569 3.6516000 5.9101817 3.0760900 1.4022560 3.6975664 5.2591044 5.6676647 
Lcom_lcpid26220                                        2.7576331 2.2394573 1.5407369 0.0000000 0.6446406 0.7430418 1.2544255 2.3087935 2.5047710 2.2677129 2.1050228 2.2550328 2.6664541 2.2915873 2.2984947 2.3954776 2.9475536 2.2982905 2.5460229 2.6088248 2.7659616 2.7042819 2.6158973 2.7113946 2.7659284 2.7765337 2.9972074 3.3413337 2.4433822 2.3676344 2.4808074 3.1471559 3.0827284 2.7986460 2.7041839 2.6977008 2.6527407 2.8467245 2.9148204 2.9269554 3.3678781 3.4403807 3.0836447 3.2520404 2.3153033 3.5668022 3.3000280 2.9698266 3.2079199 3.3034103 2.9367439 3.5720512 4.0415845 3.4697354 3.7350409 3.2271934 3.0093684 3.8204254 3.7903428 3.9818570 
Leuniv_Lniv_scaffold22266_01                           2.7845004 2.6224306 3.9388909 0.6446406 0.0000000 0.8256009 1.4427835 2.6316917 2.8417808 2.6864981 2.8122006 2.4432252 2.6708745 2.7174698 2.5549787 2.5926752 3.1496275 2.5820795 2.9144816 3.0416802 2.8356208 2.7853315 2.8117457 2.9736702 2.8789254 2.8847093 3.0881230 3.4602979 2.6899093 2.7719843 2.6670745 3.6840878 3.4447225 3.0723177 3.0861882 2.6833722 2.9153408 3.1470219 3.7523281 3.4488288 3.8060446 3.4123144 3.4005300 3.1299391 3.3999202 3.7674262 3.8174974 2.7455085 3.2167377 3.4522638 3.3547755 3.3454508 4.2419130 3.7795497 3.7365157 3.7085735 3.8495322 4.2717780 4.1075840 3.8268599 
Gracom_Gcom_C560660_01                                 2.7223999 2.4004306 1.4577506 0.7430418 0.8256009 0.0000000 1.5248767 2.3934511 2.6530833 2.4311920 2.3038282 2.5755490 2.6027296 2.4143852 2.4434057 2.4222553 3.0159481 2.3982610 2.5639755 2.7713509 2.7686637 2.6906684 2.6583427 2.7640714 2.6924446 2.6981179 3.1432614 3.2569658 2.5517282 2.6056572 2.3778576 3.0319833 2.9586138 3.0396627 2.6490446 2.9438454 2.8654416 3.1095339 2.9848881 2.9016015 3.4090303 3.3779228 2.9553495 3.2894349 2.5107274 3.5482634 3.3009866 2.7618000 3.1373517 3.0734738 3.2276789 3.1668027 4.2414463 3.5451314 3.9659482 3.3284897 2.9238380 3.9346130 4.0627933 3.9748164 
Clacor_Ccor_scaffold13032_01                           3.0459198 2.4547993 4.3938324 1.2544255 1.4427835 1.5248767 0.0000000 2.7609710 3.4602885 2.8935373 1.9064975 2.2390518 4.0142684 2.5157009 2.4415733 2.5788190 1.4493313 2.4721735 2.9662499 2.4453948 2.9068251 2.9068251 2.5844693 2.6077035 2.6575482 2.6737574 2.8245040 3.9555682 2.9284908 0.0000010 0.0000010 3.3702125 3.0443312 3.2041948 2.0903468 2.7131668 2.6278571 3.7579009 2.7518709 2.7365219 2.0677170 0.0000010 2.7703527 1.3756221 0.0000010 0.0000010 3.2433004 3.3841615 3.3754936 3.5211508 3.1005296 0.0000010 3.6506884 3.5816107 5.1524042 2.7136760 2.1666650 3.1224652 6.1356310 3.9592491 
Ctel_gnl_WGS_AMQN_CAPTEDRAFT_mRNA219346                1.9788545 1.6849682 1.9052284 2.3087935 2.6316917 2.3934511 2.7609710 0.0000000 1.4245228 1.2890804 1.6321119 1.9124130 1.8892670 1.9549159 2.0224976 1.9153537 2.3667986 2.1743108 1.9000699 2.0019442 2.2190170 2.2152822 2.1560467 2.2291649 2.1906875 2.1878879 2.2756540 3.4670351 2.3375479 2.1716312 1.9150179 3.0592631 2.7003097 2.3762909 2.7343413 2.5397866 2.3612600 2.6045429 2.7676934 2.7941281 2.9502288 2.8769397 2.3080410 2.4165100 2.3133392 2.9588631 3.2428314 2.7756584 3.3253356 3.0851658 2.8692269 3.2677162 3.6990311 2.9155181 3.8015101 2.5530008 2.6346906 3.0200241 3.0524082 3.4516002 
Cgig_XM_011421161.3                                    1.9806640 1.5582960 2.0202091 2.5047710 2.8417808 2.6530833 3.4602885 1.4245228 0.0000000 0.9691570 1.6306738 1.8113338 1.8700323 1.8608832 1.9211681 1.8464671 2.3326686 2.1640829 1.9766054 2.0384969 2.4186713 2.3058113 2.2457538 2.2208622 2.2086459 2.2084578 2.2744701 3.1712060 2.3815743 1.9710415 2.1074192 3.0053848 2.4374779 2.1997720 2.5942932 2.4038482 2.0812767 2.3074269 2.7610192 2.8345636 3.0231867 2.7632014 2.3039089 2.3416398 2.1290060 3.2033632 3.3074544 3.1955375 3.4609846 3.6548186 2.7155182 3.5279899 3.7594664 2.9833265 3.7140806 2.6553320 2.4898697 3.3294300 3.2131556 3.4036958 
Acagra_model.g9157.t1                                  1.8358705 1.5039047 2.2093813 2.2677129 2.6864981 2.4311920 2.8935373 1.2890804 0.9691570 0.0000000 1.4465750 1.8585075 1.7143371 1.8180331 1.8305050 1.6926333 2.2810456 2.0509911 1.9188936 2.0555075 2.1465784 2.0838746 2.0821264 2.1336416 2.0809272 2.0810859 2.0576572 2.9499551 2.2326974 1.8845617 1.8257678 2.9935715 2.5087058 2.1944521 2.2895223 2.3594431 2.1167090 2.2824259 2.5342366 2.6252013 2.8333924 2.8245799 2.2409716 2.2225958 2.0231510 2.9664298 3.2258937 3.5092812 3.4695257 3.7383335 2.7955512 3.2075992 3.8643635 3.1253712 4.0776328 2.6102016 2.4683579 3.2210796 2.8883473 3.2692681 
Spur_XM_030977116.1                                    1.7636935 1.4605150 1.9419380 2.1050228 2.8122006 2.3038282 1.9064975 1.6321119 1.6306738 1.4465750 0.0000000 1.4413736 1.8958848 1.8222619 1.8816239 1.8156621 2.0895209 1.6602387 1.9268776 2.1103539 2.1475329 2.0900925 2.0613691 2.1072905 2.0732603 2.0790183 2.1956533 2.8820753 2.1137450 1.9601303 2.2123767 3.1367698 2.3582611 2.2356560 2.4733179 2.2793149 2.0703746 2.1480743 2.4510321 2.5813403 2.7569462 2.5891498 2.2001945 2.3227858 2.0537025 3.1221762 3.1478295 2.8489168 3.5254332 3.5624743 3.0101347 3.9210743 3.5476374 2.9358239 3.2180698 2.6423567 2.5452268 3.1220618 3.0657846 3.2458159 
Skow_XM_006811483.1                                    2.0952554 1.7186891 3.2843917 2.2550328 2.4432252 2.5755490 2.2390518 1.9124130 1.8113338 1.8585075 1.4413736 0.0000000 2.9255187 2.2875717 2.2580454 2.3124799 2.0303959 2.0159930 2.2586150 2.3484040 2.5439578 2.3695806 2.3439820 2.3715494 2.3818473 2.3805346 2.4504712 3.3796803 3.1114636 3.4578654 2.1182626 3.3450370 2.7962640 2.9530327 2.6342305 2.5682901 2.6690079 3.2933305 2.8905773 2.8853881 2.5243472 3.4573526 2.5275209 2.3245535 3.3211751 2.3012750 3.3749113 2.3940145 3.3469524 3.4073107 3.1211844 4.1005413 3.3332807 3.3044435 3.4990816 2.8249531 4.9989413 3.4607044 4.9429158 2.9863123 
Exapal_XM_021061991.2                                  2.0830998 1.9320086 1.6394711 2.6664541 2.6708745 2.6027296 4.0142684 1.8892670 1.8700323 1.7143371 1.8958848 2.9255187 0.0000000 0.8192551 0.8155974 0.7686194 0.9276005 1.3931123 1.3692984 1.5914043 2.2204536 2.1508760 2.1367546 2.2182879 2.1586740 2.1583351 2.3185750 2.7610532 2.1398899 1.8365024 2.0891449 3.0633004 2.3113949 1.9602254 1.9713405 2.0684703 1.8039943 1.8645069 2.4631009 2.4907515 3.0628635 2.9129726 2.6711339 1.1021779 2.0545114 3.0402223 3.1761896 3.8432453 3.5430641 3.9109696 2.9430274 3.1300111 4.2383801 3.2338824 4.4518451 2.8630594 2.6042728 3.6120061 2.3598477 2.9788114 
Adig_XM_015918119.1                                    2.0090030 1.8381803 1.7768699 2.2915873 2.7174698 2.4143852 2.5157009 1.9549159 1.8608832 1.8180331 1.8222619 2.2875717 0.8192551 0.0000000 0.0083594 0.3354355 0.6185311 0.7066012 1.2695565 1.4462076 2.2328638 2.1105765 2.0907031 2.1490844 2.0468679 2.0445548 2.2569439 2.4166010 1.9766668 1.7056395 1.9439317 2.7466035 2.1099163 2.0478421 1.7996182 1.9376850 1.7333599 1.8684204 2.4168648 2.4584627 2.7252156 2.9389677 2.6281413 1.2000031 1.8688371 3.0007477 3.2360376 3.0839038 3.5734550 3.3568594 2.8319335 3.3760757 3.5137630 2.8906135 3.5291728 2.7364681 2.4713148 3.5521316 2.0434312 3.2122919 
Amil_Amillepora02024-RA                                2.0746188 1.8954251 1.8489202 2.2984947 2.5549787 2.4434057 2.4415733 2.0224976 1.9211681 1.8305050 1.8816239 2.2580454 0.8155974 0.0083594 0.0000000 0.3406565 0.6031028 0.6831752 1.3156943 1.5017061 2.3469770 2.1672654 2.1244060 2.1901764 2.0825936 2.0814615 2.2097869 2.4818434 2.0292313 1.7278160 1.8348059 2.8114105 2.1977326 2.0860484 1.6604417 1.8592229 1.7221711 1.8874447 2.4787350 2.5570024 2.4981931 2.8063143 2.6803704 1.0169238 1.8979851 3.3387442 3.5921619 3.1245783 3.5031813 3.3404882 3.0455540 3.1400366 3.4254196 3.0608162 3.5569181 2.8528443 2.6837176 3.6950368 2.2429514 3.1544273 
Gfas_gfas1.m1.17227.m1                                 2.1127065 1.8717521 2.1511045 2.3954776 2.5926752 2.4222553 2.5788190 1.9153537 1.8464671 1.6926333 1.8156621 2.3124799 0.7686194 0.3354355 0.3406565 0.0000000 0.4936904 0.6121706 1.2640852 1.4555545 2.0827604 2.0183606 2.0013491 2.0374419 1.9893641 1.9920468 2.1250017 2.6825432 2.0570527 1.6760315 2.1390663 2.7607394 2.1879961 2.1159658 1.8827830 1.9980978 1.7922974 1.8908393 2.3345475 2.4382640 2.7277875 2.9684785 2.6139148 1.1596415 1.9066604 3.1883403 3.2555553 3.3631916 3.5151018 3.5902097 2.9671194 3.6293123 3.6712882 2.9548356 3.6521995 2.8498864 2.5292535 3.5437615 1.9444752 2.9614217 
Fspp_ffun1.m4.18854.m1                                 2.5172285 2.2607148 4.0735899 2.9475536 3.1496275 3.0159481 1.4493313 2.3667986 2.3326686 2.2810456 2.0895209 2.0303959 0.9276005 0.6185311 0.6031028 0.4936904 0.0000000 0.2715095 1.6983211 1.9317343 2.5333370 2.3317465 2.3517049 2.1981596 2.3762153 2.3774542 2.0828617 2.6566915 2.5858754 2.5176364 2.4616592 3.2998453 2.7440863 2.5914656 2.0859213 2.2278790 2.1222278 2.3775220 2.8590381 2.9948187 2.8121677 3.0403252 2.9527519 1.5707852 3.5437818 4.2056887 4.0922522 2.4806335 3.5056095 3.0381465 3.3046355 3.9422224 3.6246535 3.5104314 3.5342061 3.2219287 3.9529635 3.8758137 2.6283448 2.9441136 
Gasp_gasp1.m3.3146.m1                                  2.1698227 1.9788255 4.3649147 2.2982905 2.5820795 2.3982610 2.4721735 2.1743108 2.1640829 2.0509911 1.6602387 2.0159930 1.3931123 0.7066012 0.6831752 0.6121706 0.2715095 0.0000000 1.4857350 1.8144375 2.7874077 2.0949313 2.0935007 2.0915882 2.1391238 2.1159019 2.1110107 3.9067464 2.7025249 2.0293768 2.0184116 2.6072859 2.4728246 2.6023104 2.2082108 2.0823701 2.0526196 2.4861037 2.3818874 2.4029324 1.9150155 4.4012646 2.6309260 3.2554506 0.0000010 0.0000010 3.5009129 3.0720756 3.1942695 3.0072620 3.0964617 3.3398144 2.7517843 2.7944959 3.0285647 2.7098126 2.2580926 3.8103566 5.2228553 3.4273737 
Dgig_XM_028543140.1                                    2.1114195 1.9960347 1.9690559 2.5460229 2.9144816 2.5639755 2.9662499 1.9000699 1.9766054 1.9188936 1.9268776 2.2586150 1.3692984 1.2695565 1.3156943 1.2640852 1.6983211 1.4857350 0.0000000 0.5985203 2.2450278 2.1098445 2.1013272 2.1754606 2.1154604 2.1134364 2.2508912 2.8379512 2.0732116 1.8911600 1.8009619 3.0269169 2.1595945 2.2478769 1.8687217 2.0746602 1.9254093 2.0628238 2.6230494 2.6499308 2.8864407 3.4356072 2.6372903 1.9117690 2.0766872 2.9721318 3.2797457 3.2708717 3.8668041 3.4753323 2.9611715 3.3978575 3.6814840 3.0660847 3.7572584 2.9067588 2.5978015 3.6737928 2.8371153 3.3386070 
Xesp_002165-T1                                         2.2411347 2.1218955 2.1479795 2.6088248 3.0416802 2.7713509 2.4453948 2.0019442 2.0384969 2.0555075 2.1103539 2.3484040 1.5914043 1.4462076 1.5017061 1.4555545 1.9317343 1.8144375 0.5985203 0.0000000 2.2101210 2.1134856 2.2193350 2.3067726 2.1580418 2.1564557 2.3501830 2.9321621 2.1219252 2.0090524 2.2267290 3.1230063 2.2736585 2.3388925 1.8996216 2.2568242 2.0851089 2.3449533 2.7191687 2.9001234 3.1279305 3.6910671 2.7150193 2.0761473 2.0518488 3.0140947 3.4246055 3.2349024 3.9992335 3.4143675 3.0007382 3.9699400 3.5729313 2.9819685 3.9186824 2.9945811 2.4428881 3.6294351 2.9441202 3.2454960 
Tadh_TriadT54105                                       2.3498284 2.1985516 2.1651814 2.7659616 2.8356208 2.7686637 2.9068251 2.2190170 2.4186713 2.1465784 2.1475329 2.5439578 2.2204536 2.2328638 2.3469770 2.0827604 2.5333370 2.7874077 2.2450278 2.2101210 0.0000000 0.0035521 0.2404040 0.2564006 0.2257541 0.2259423 0.1989463 2.9103906 2.5005327 2.1231581 2.8588297 3.5138057 2.8139247 2.6664665 2.7459768 2.5196675 2.1937739 2.2186222 3.0886167 3.0983791 2.7924321 2.4528204 2.8254803 2.5612840 2.6196088 3.5155865 3.3939445 2.8714798 3.5864569 4.0662553 2.8688478 4.6782068 3.4809072 3.1457990 3.7216055 3.3055321 2.4114545 3.5043869 3.6965193 3.7133239 
TrH2_TrispH2_011417-RA                                 2.2676830 2.1759762 2.3115796 2.7042819 2.7853315 2.6906684 2.9068251 2.2152822 2.3058113 2.0838746 2.0900925 2.3695806 2.1508760 2.1105765 2.1672654 2.0183606 2.3317465 2.0949313 2.1098445 2.1134856 0.0035521 0.0000000 0.2203913 0.2275157 0.2005813 0.2007233 0.1748303 2.8782849 2.4384164 2.1632704 2.4872990 3.3328359 2.6304639 2.6294490 2.3268397 2.3758104 2.0919960 2.1577805 3.0016589 2.9987907 2.6191034 2.4220906 2.7728433 2.5481621 2.8474080 3.6266891 3.3215888 2.6406356 3.2263367 3.4873679 2.8056577 3.6548352 3.3243931 3.0818377 3.4125110 3.2501674 2.5253706 3.6122957 3.7717158 3.4971807 
HoiH06_mRNA4054                                        2.2766390 2.1679309 2.4311606 2.6158973 2.8117457 2.6583427 2.5844693 2.1560467 2.2457538 2.0821264 2.0613691 2.3439820 2.1367546 2.0907031 2.1244060 2.0013491 2.3517049 2.0935007 2.1013272 2.2193350 0.2404040 0.2203913 0.0000000 0.0494794 0.1121479 0.1158491 0.1649590 2.8226499 2.3522753 2.1457926 2.7272033 3.3742952 2.6210944 2.6573718 2.3761184 2.4004416 2.1097791 2.1681096 3.0388278 3.0671643 2.7200447 2.5943277 2.7529823 2.4862196 2.7152893 3.6387652 3.3152385 2.6224980 3.2551340 3.5004740 2.8143491 3.8442166 3.3274696 2.9918085 3.3388677 3.2619811 2.6401608 3.5804094 3.6944384 3.6654772 
HoiH23_PlH23_006209-RA                                 2.3262594 2.1733388 2.4194983 2.7113946 2.9736702 2.7640714 2.6077035 2.2291649 2.2208622 2.1336416 2.1072905 2.3715494 2.2182879 2.1490844 2.1901764 2.0374419 2.1981596 2.0915882 2.1754606 2.3067726 0.2564006 0.2275157 0.0494794 0.0000000 0.1278287 0.1318891 0.1568332 2.8497269 2.4385500 2.2498794 2.6849952 3.3517471 2.6790718 2.7580892 2.4001140 2.4356721 2.1895035 2.2681451 3.0686116 3.0892974 2.6999853 2.5255349 2.8404821 2.4747946 3.0098025 3.7291895 3.3557213 2.6373572 3.2307157 3.4876062 2.8351317 3.7892902 3.3615852 3.1275599 3.3716935 3.2104756 2.7977171 3.6404767 3.9235727 3.6597061 
Hhon_g02786.t1                                         2.3239342 2.1887873 2.3597766 2.7659284 2.8789254 2.6924446 2.6575482 2.1906875 2.2086459 2.0809272 2.0732603 2.3818473 2.1586740 2.0468679 2.0825936 1.9893641 2.3762153 2.1391238 2.1154604 2.1580418 0.2257541 0.2005813 0.1121479 0.1278287 0.0000000 0.0031022 0.1605647 2.7712390 2.3369936 2.1961661 2.5407177 3.4378229 2.6219187 2.6535905 2.2498109 2.3808598 2.1047844 2.1666046 3.0426604 3.1176410 2.7328411 2.6789084 2.7986009 2.5333947 2.7909877 3.6853585 3.4093092 2.6076096 3.3019754 3.4411290 2.8139249 3.9336284 3.3511536 2.9944564 3.3822798 3.2479776 2.5870528 3.6680524 3.6860235 3.6234416 
HoiH04_mRNA956                                         2.3265724 2.1961801 2.3597766 2.7765337 2.8847093 2.6981179 2.6737574 2.1878879 2.2084578 2.0810859 2.0790183 2.3805346 2.1583351 2.0445548 2.0814615 1.9920468 2.3774542 2.1159019 2.1134364 2.1564557 0.2259423 0.2007233 0.1158491 0.1318891 0.0031022 0.0000000 0.1559659 2.7549846 2.3368078 2.2010422 2.5407177 3.4364790 2.6306901 2.6477686 2.2463279 2.3852306 2.1085875 2.1638000 3.0447110 3.1170904 2.7321366 2.6787642 2.7945201 2.5415992 2.7909877 3.6853585 3.3932520 2.5628405 3.2724349 3.4467258 2.8137598 3.9336284 3.3511868 2.9943483 3.3769584 3.2584344 2.6080909 3.6628908 3.6854713 3.6427112 
HoiH11_mRNA9719                                        2.3403040 2.3113634 3.4422263 2.9972074 3.0881230 3.1432614 2.8245040 2.2756540 2.2744701 2.0576572 2.1956533 2.4504712 2.3185750 2.2569439 2.2097869 2.1250017 2.0828617 2.1110107 2.2508912 2.3501830 0.1989463 0.1748303 0.1649590 0.1568332 0.1605647 0.1559659 0.0000000 2.9021761 2.6541639 2.5453015 3.0050372 3.4922586 2.9313066 2.9224743 2.4136522 2.4149915 2.3041794 2.2782697 3.0643019 3.1378346 2.3972929 2.4448639 3.0103975 2.2180601 3.0347802 4.2060069 3.7273691 2.5943959 3.1559905 3.1680965 3.1957469 3.4191962 3.1516864 3.2535810 3.1617754 3.1277315 3.4813580 3.7105611 4.3884218 3.6048747 
Ocar_g4532                                             2.9685227 2.4778147 2.7020878 3.3413337 3.4602979 3.2569658 3.9555682 3.4670351 3.1712060 2.9499551 2.8820753 3.3796803 2.7610532 2.4166010 2.4818434 2.6825432 2.6566915 3.9067464 2.8379512 2.9321621 2.9103906 2.8782849 2.8226499 2.8497269 2.7712390 2.7549846 2.9021761 0.0000000 0.0150651 1.9859149 2.4284087 3.3342041 3.4413745 3.2725354 3.0950571 2.7525404 2.6960091 2.8613404 3.1519410 3.2117468 2.9674679 3.0295810 3.2138406 2.4072366 1.9274410 4.8049643 5.0260793 3.6323174 4.8543145 4.6433717 4.2142860 4.9735444 4.9008424 4.6926648 4.8993888 3.9145993 4.1657064 4.2872314 7.0561954 3.7991639 
Opea_EP00118_Oscarella_pearsei_P025007                 2.3580108 2.1171748 1.6033898 2.4433822 2.6899093 2.5517282 2.9284908 2.3375479 2.3815743 2.2326974 2.1137450 3.1114636 2.1398899 1.9766668 2.0292313 2.0570527 2.5858754 2.7025249 2.0732116 2.1219252 2.5005327 2.4384164 2.3522753 2.4385500 2.3369936 2.3368078 2.6541639 0.0150651 0.0000000 1.2684382 2.3322977 3.1060773 2.8361010 2.6967778 2.7240284 2.5092172 2.3012000 2.3246729 2.4949913 2.5077801 2.9065521 3.0671983 2.9624916 2.4058395 2.1168484 3.7938400 3.5204833 3.5399185 3.8186307 3.9349251 3.3447670 3.9697240 4.3288008 3.4830232 4.4831649 3.2330004 2.7133466 3.5544584 3.6647244 3.8851546 
Plajan_Pjan_scaffold9382_01                            2.1872096 1.8674137 1.3859669 2.3676344 2.7719843 2.6056572 0.0000010 2.1716312 1.9710415 1.8845617 1.9601303 3.4578654 1.8365024 1.7056395 1.7278160 1.6760315 2.5176364 2.0293768 1.8911600 2.0090524 2.1231581 2.1632704 2.1457926 2.2498794 2.1961661 2.2010422 2.5453015 1.9859149 1.2684382 0.0000000 3.1092611 3.2096981 2.5965760 2.2969559 3.4971390 2.6070730 2.2190871 2.2062620 2.4131550 2.4096033 3.0823823 2.8577174 2.9797091 2.3184959 2.1959633 3.5608075 3.5546849 0.0000010 4.3598503 4.6731253 3.3443412 4.2623584 4.9580431 3.4070774 4.3105985 3.1801626 2.5432086 3.5202809 2.9727563 3.6615891 
Xestes_maker-XT_scaffold5013-augustus-gene-0.10-mRNA-1 2.3568485 2.5885494 2.5268894 2.4808074 2.6670745 2.3778576 0.0000010 1.9150179 2.1074192 1.8257678 2.2123767 2.1182626 2.0891449 1.9439317 1.8348059 2.1390663 2.4616592 2.0184116 1.8009619 2.2267290 2.8588297 2.4872990 2.7272033 2.6849952 2.5407177 2.5407177 3.0050372 2.4284087 2.3322977 3.1092611 0.0000000 1.3214732 2.2492517 2.3055867 2.3098413 2.7515898 2.4395243 2.4601653 1.9414304 1.7699501 2.2928466 2.2177101 2.7938610 3.1348237 2.5787015 2.6424386 3.4390959 1.9384090 2.8504290 3.1767899 2.8114349 2.7064232 3.3029827 3.4044266 3.7963925 2.6261572 2.0168038 4.0378387 4.7770302 1.9374902 
Halamb_c49558_g1_i1mm.3127                             3.3456940 2.8303598 2.5040546 3.1471559 3.6840878 3.0319833 3.3702125 3.0592631 3.0053848 2.9935715 3.1367698 3.3450370 3.0633004 2.7466035 2.8114105 2.7607394 3.2998453 2.6072859 3.0269169 3.1230063 3.5138057 3.3328359 3.3742952 3.3517471 3.4378229 3.4364790 3.4922586 3.3342041 3.1060773 3.2096981 1.3214732 0.0000000 3.4643931 3.3679538 2.9150363 3.6054477 3.3809453 3.4924058 2.4541310 2.4132748 2.8771653 2.6216499 3.3654427 3.6569776 2.7250305 3.8646439 3.7945678 3.9524445 3.8486408 3.2643435 3.9340256 3.9534914 4.0149764 3.7108158 3.9115243 3.6373380 3.3126947 4.1789489 4.5281323 2.1985172 
Hvul_g24698_1                                          2.6169666 2.5473935 2.5115614 3.0827284 3.4447225 2.9586138 3.0443312 2.7003097 2.4374779 2.5087058 2.3582611 2.7962640 2.3113949 2.1099163 2.1977326 2.1879961 2.7440863 2.4728246 2.1595945 2.2736585 2.8139247 2.6304639 2.6210944 2.6790718 2.6219187 2.6306901 2.9313066 3.4413745 2.8361010 2.5965760 2.2492517 3.4643931 0.0000000 1.5444469 1.7899514 2.0033358 1.9491325 1.9543246 3.1343956 3.3501473 3.4010146 3.5604137 2.8755833 2.8520208 2.7862233 3.6094466 3.7570044 3.3130377 4.3083921 3.9261832 3.4368005 4.7228851 4.7004353 3.6892919 4.3401736 3.2369041 2.7770186 3.6684112 3.8216249 3.9269432 
Chem_TCONS_00012305                                    2.6729548 2.4280331 2.4029105 2.7986460 3.0723177 3.0396627 3.2041948 2.3762909 2.1997720 2.1944521 2.2356560 2.9530327 1.9602254 2.0478421 2.0860484 2.1159658 2.5914656 2.6023104 2.2478769 2.3388925 2.6664665 2.6294490 2.6573718 2.7580892 2.6535905 2.6477686 2.9224743 3.2725354 2.6967778 2.2969559 2.3055867 3.3679538 1.5444469 0.0000000 1.6109181 1.8470328 1.6565047 1.7874747 2.9727977 3.1403759 3.0068330 3.0558135 2.8465449 2.5760631 2.4911951 3.2980704 3.5790558 3.9637344 4.1901569 4.3679747 3.1909770 4.3940419 4.3482147 3.3294352 4.1421932 3.1299843 2.8352323 3.4352898 3.8858084 3.4461784 
Aaur_scaffold860.g6.t3                                 2.5559867 2.6229449 4.1264140 2.7041839 3.0861882 2.6490446 2.0903468 2.7343413 2.5942932 2.2895223 2.4733179 2.6342305 1.9713405 1.7996182 1.6604417 1.8827830 2.0859213 2.2082108 1.8687217 1.8996216 2.7459768 2.3268397 2.3761184 2.4001140 2.2498109 2.2463279 2.4136522 3.0950571 2.7240284 3.4971390 2.3098413 2.9150363 1.7899514 1.6109181 0.0000000 0.7382961 0.6424768 1.2168533 2.6362530 2.7026434 2.4964874 4.1114439 2.9076466 2.3089111 0.0000010 0.0000010 3.4193272 3.0833219 3.8027362 3.8537364 3.1901447 5.1429561 3.5456229 3.5651492 3.5245359 3.1136903 1.9554823 4.0574618 5.1204106 3.0058257 
Nemnom_g3407.t1                                        2.6965725 2.4628483 3.9326531 2.6977008 2.6833722 2.9438454 2.7131668 2.5397866 2.4038482 2.3594431 2.2793149 2.5682901 2.0684703 1.9376850 1.8592229 1.9980978 2.2278790 2.0823701 2.0746602 2.2568242 2.5196675 2.3758104 2.4004416 2.4356721 2.3808598 2.3852306 2.4149915 2.7525404 2.5092172 2.6070730 2.7515898 3.6054477 2.0033358 1.8470328 0.7382961 0.0000000 0.3465360 1.0504883 2.9854868 3.0838379 2.7621139 2.8192690 2.9721595 2.2708651 2.8993738 3.1276935 3.5143993 3.5252560 4.0512403 3.8481550 3.1691780 3.5728499 4.1540719 3.6208498 3.8309878 3.1643406 3.1281044 4.1662522 3.4062756 3.6007718 
Rhoesc_Res_009640-T1                                   2.5242716 2.2259905 2.5987181 2.6527407 2.9153408 2.8654416 2.6278571 2.3612600 2.0812767 2.1167090 2.0703746 2.6690079 1.8039943 1.7333599 1.7221711 1.7922974 2.1222278 2.0526196 1.9254093 2.0851089 2.1937739 2.0919960 2.1097791 2.1895035 2.1047844 2.1085875 2.3041794 2.6960091 2.3012000 2.2190871 2.4395243 3.3809453 1.9491325 1.6565047 0.6424768 0.3465360 0.0000000 0.8615889 2.6955705 2.7860544 2.6704824 3.0406987 2.7695449 2.1718996 2.3566029 3.2469319 3.3312510 3.4889176 3.9319598 4.0702321 2.9958331 3.8140198 4.0790577 3.3311312 3.7895575 2.9175931 2.7761417 3.7198515 3.4219510 3.5022936 
Sanmal_Sma_013763-T2                                   2.6740694 2.5052390 2.4281797 2.8467245 3.1470219 3.1095339 3.7579009 2.6045429 2.3074269 2.2824259 2.1480743 3.2933305 1.8645069 1.8684204 1.8874447 1.8908393 2.3775220 2.4861037 2.0628238 2.3449533 2.2186222 2.1577805 2.1681096 2.2681451 2.1666046 2.1638000 2.2782697 2.8613404 2.3246729 2.2062620 2.4601653 3.4924058 1.9543246 1.7874747 1.2168533 1.0504883 0.8615889 0.0000000 3.0038722 3.0707564 2.8603276 3.0044055 2.9914364 2.2355574 2.3822952 3.0776599 3.4591855 4.0266236 4.1202889 4.6989236 2.9668680 3.9206428 4.2015005 3.2881944 3.8841637 3.2427456 2.6781270 3.6613363 3.2931450 4.0971737 
Emue_Em0009g1023a.t1                                   2.9665426 2.6717220 2.4835070 2.9148204 3.7523281 2.9848881 2.7518709 2.7676934 2.7610192 2.5342366 2.4510321 2.8905773 2.4631009 2.4168648 2.4787350 2.3345475 2.8590381 2.3818874 2.6230494 2.7191687 3.0886167 3.0016589 3.0388278 3.0686116 3.0426604 3.0447110 3.0643019 3.1519410 2.4949913 2.4131550 1.9414304 2.4541310 3.1343956 2.9727977 2.6362530 2.9854868 2.6955705 3.0038722 0.0000000 0.3027751 2.1684998 1.8881551 3.3413170 3.0466320 1.9262830 4.2719728 3.9673680 3.8666417 4.5133515 3.9350970 3.7071503 4.1602791 4.7147430 3.9991648 4.2896392 3.5634369 3.4479898 3.8905528 4.0039847 3.0690976 
Spolac_c102699_g1_i3_m.30569c102699-g1                 3.0016178 2.7357940 2.5910815 2.9269554 3.4488288 2.9016015 2.7365219 2.7941281 2.8345636 2.6252013 2.5813403 2.8853881 2.4907515 2.4584627 2.5570024 2.4382640 2.9948187 2.4029324 2.6499308 2.9001234 3.0983791 2.9987907 3.0671643 3.0892974 3.1176410 3.1170904 3.1378346 3.2117468 2.5077801 2.4096033 1.7699501 2.4132748 3.3501473 3.1403759 2.7026434 3.0838379 2.7860544 3.0707564 0.3027751 0.0000000 2.2728831 1.7961580 3.2336374 3.4218169 1.8497880 4.2452732 3.8637281 3.9341703 4.4507081 3.6711919 3.9073835 3.7700432 5.1053807 4.2100416 4.3943484 3.7664529 3.5424636 4.0410994 4.0559463 3.1549750 
Tetwil_g9425.t2                                        2.8733722 2.6165201 4.2716542 3.3678781 3.8060446 3.4090303 2.0677170 2.9502288 3.0231867 2.8333924 2.7569462 2.5243472 3.0628635 2.7252156 2.4981931 2.7277875 2.8121677 1.9150155 2.8864407 3.1279305 2.7924321 2.6191034 2.7200447 2.6999853 2.7328411 2.7321366 2.3972929 2.9674679 2.9065521 3.0823823 2.2928466 2.8771653 3.4010146 3.0068330 2.4964874 2.7621139 2.6704824 2.8603276 2.1684998 2.2728831 0.0000000 1.3481763 3.1901109 3.4873659 2.9680145 4.1703306 3.7967378 2.8082247 3.6065999 3.3142408 3.7152780 4.1913938 3.9046269 4.0713028 3.6544485 3.3085103 4.5118150 3.8636288 5.7532014 2.8628105 
Stycar_maker-SC_scaffold2723-snap-gene-0.5-mRNA-1      3.3167024 2.7006432 1.8649490 3.4403807 3.4123144 3.3779228 0.0000010 2.8769397 2.7632014 2.8245799 2.5891498 3.4573526 2.9129726 2.9389677 2.8063143 2.9684785 3.0403252 4.4012646 3.4356072 3.6910671 2.4528204 2.4220906 2.5943277 2.5255349 2.6789084 2.6787642 2.4448639 3.0295810 3.0671983 2.8577174 2.2177101 2.6216499 3.5604137 3.0558135 4.1114439 2.8192690 3.0406987 3.0044055 1.8881551 1.7961580 1.3481763 0.0000000 3.4493271 2.3343147 0.9598506 3.5041155 4.5652044 0.0000010 5.3395765 5.4689454 4.4278213 4.6215670 5.0999698 4.7753632 4.4866621 3.5985259 4.1544447 4.4215805 5.5039632 2.6595412 
Cscu_XM_023368681.1                                    2.7108297 2.1554874 2.4896337 3.0836447 3.4005300 2.9553495 2.7703527 2.3080410 2.3039089 2.2409716 2.2001945 2.5275209 2.6711339 2.6281413 2.6803704 2.6139148 2.9527519 2.6309260 2.6372903 2.7150193 2.8254803 2.7728433 2.7529823 2.8404821 2.7986009 2.7945201 3.0103975 3.2138406 2.9624916 2.9797091 2.7938610 3.3654427 2.8755833 2.8465449 2.9076466 2.9721595 2.7695449 2.9914364 3.3413170 3.2336374 3.1901109 3.4493271 0.0000000 3.2109898 2.9438374 3.2859423 3.4590733 3.1154878 3.4982071 3.6448797 2.9328636 3.3443843 3.6810023 3.1936031 3.5063445 2.9962831 3.1452237 3.1045146 4.1678589 2.8855195 
Nvec_v1g217973                                         2.6199699 2.4063541 3.2589404 3.2520404 3.1299391 3.2894349 1.3756221 2.4165100 2.3416398 2.2225958 2.3227858 2.3245535 1.1021779 1.2000031 1.0169238 1.1596415 1.5707852 3.2554506 1.9117690 2.0761473 2.5612840 2.5481621 2.4862196 2.4747946 2.5333947 2.5415992 2.2180601 2.4072366 2.4058395 2.3184959 3.1348237 3.6569776 2.8520208 2.5760631 2.3089111 2.2708651 2.1718996 2.2355574 3.0466320 3.4218169 3.4873659 2.3343147 3.2109898 0.0000000 2.7075636 4.3351701 4.5097870 3.0597033 3.7162245 3.0832531 3.5636389 4.3476224 4.3096012 4.0132528 3.5596437 3.8288769 3.4462905 4.0979275 2.9351415 2.8218355 
Plespi_Pspi_scaffold2419_01                            2.4343381 2.3694922 2.1484210 2.3153033 3.3999202 2.5107274 0.0000010 2.3133392 2.1290060 2.0231510 2.0537025 3.3211751 2.0545114 1.8688371 1.8979851 1.9066604 3.5437818 0.0000010 2.0766872 2.0518488 2.6196088 2.8474080 2.7152893 3.0098025 2.7909877 2.7909877 3.0347802 1.9274410 2.1168484 2.1959633 2.5787015 2.7250305 2.7862233 2.4911951 0.0000010 2.8993738 2.3566029 2.3822952 1.9262830 1.8497880 2.9680145 0.9598506 2.9438374 2.7075636 0.0000000 3.6641766 3.2197250 0.0000010 3.0054100 4.3553297 3.2548841 1.5426587 4.6296225 3.2693557 4.1534238 3.7883648 2.8572883 3.5229200 2.6035947 3.0492918 
Pbac_sb2660863                                         3.3555145 3.1871707 4.0348826 3.5668022 3.7674262 3.5482634 0.0000010 2.9588631 3.2033632 2.9664298 3.1221762 2.3012750 3.0402223 3.0007477 3.3387442 3.1883403 4.2056887 0.0000010 2.9721318 3.0140947 3.5155865 3.6266891 3.6387652 3.7291895 3.6853585 3.6853585 4.2060069 4.8049643 3.7938400 3.5608075 2.6424386 3.8646439 3.6094466 3.2980704 0.0000010 3.1276935 3.2469319 3.0776599 4.2719728 4.2452732 4.1703306 3.5041155 3.2859423 4.3351701 3.6641766 0.0000000 0.0727268 0.0000010 1.6286663 0.0000010 1.0070310 0.8356751 1.8118612 1.4150502 2.4127537 3.4524832 2.9947803 4.1234774 3.2352463 3.1449430 
Horcal_Hcv1.av93.c1.g1068.i1                           3.3048493 3.3937016 3.2008137 3.3000280 3.8174974 3.3009866 3.2433004 3.2428314 3.3074544 3.2258937 3.1478295 3.3749113 3.1761896 3.2360376 3.5921619 3.2555553 4.0922522 3.5009129 3.2797457 3.4246055 3.3939445 3.3215888 3.3152385 3.3557213 3.4093092 3.3932520 3.7273691 5.0260793 3.5204833 3.5546849 3.4390959 3.7945678 3.7570044 3.5790558 3.4193272 3.5143993 3.3312510 3.4591855 3.9673680 3.8637281 3.7967378 4.5652044 3.4590733 4.5097870 3.2197250 0.0727268 0.0000000 0.8424536 1.0996152 1.2942554 1.1006909 1.3082285 1.7325391 1.4371068 2.1901432 3.6626671 2.7382780 4.1994879 4.4414302 4.2923968 
Bolinf_Binf_sb1239878                                  2.7498539 2.5215498 7.9996251 2.9698266 2.7455085 2.7618000 3.3841615 2.7756584 3.1955375 3.5092812 2.8489168 2.3940145 3.8432453 3.0839038 3.1245783 3.3631916 2.4806335 3.0720756 3.2708717 3.2349024 2.8714798 2.6406356 2.6224980 2.6373572 2.6076096 2.5628405 2.5943959 3.6323174 3.5399185 0.0000010 1.9384090 3.9524445 3.3130377 3.9637344 3.0833219 3.5252560 3.4889176 4.0266236 3.8666417 3.9341703 2.8082247 0.0000010 3.1154878 3.0597033 0.0000010 0.0000010 0.8424536 0.0000000 0.3543197 0.6622754 0.8705959 0.2503543 1.0558050 1.0597103 1.5386245 3.9030642 3.0418883 4.5806988 6.6374109 3.8551209 
Beraby_Baby_sb336134                                   3.6334660 3.2093693 5.5598361 3.2079199 3.2167377 3.1373517 3.3754936 3.3253356 3.4609846 3.4695257 3.5254332 3.3469524 3.5430641 3.5734550 3.5031813 3.5151018 3.5056095 3.1942695 3.8668041 3.9992335 3.5864569 3.2263367 3.2551340 3.2307157 3.3019754 3.2724349 3.1559905 4.8543145 3.8186307 4.3598503 2.8504290 3.8486408 4.3083921 4.1901569 3.8027362 4.0512403 3.9319598 4.1202889 4.5133515 4.4507081 3.6065999 5.3395765 3.4982071 3.7162245 3.0054100 1.6286663 1.0996152 0.3543197 0.0000000 0.9658430 1.1896819 0.7410091 1.3769831 1.3864894 2.1143262 4.1380124 4.8795891 4.4774552 6.5458002 4.3405110 
Drygla_Dgla_sb297534                                   3.5279790 3.3093247 6.0076752 3.3034103 3.4522638 3.0734738 3.5211508 3.0851658 3.6548186 3.7383335 3.5624743 3.4073107 3.9109696 3.3568594 3.3404882 3.5902097 3.0381465 3.0072620 3.4753323 3.4143675 4.0662553 3.4873679 3.5004740 3.4876062 3.4411290 3.4467258 3.1680965 4.6433717 3.9349251 4.6731253 3.1767899 3.2643435 3.9261832 4.3679747 3.8537364 3.8481550 4.0702321 4.6989236 3.9350970 3.6711919 3.3142408 5.4689454 3.6448797 3.0832531 4.3553297 0.0000010 1.2942554 0.6622754 0.9658430 0.0000000 1.3280780 1.1326297 1.4690295 1.4695285 1.9215177 3.8751527 3.9492835 4.7527850 7.1434003 4.1190167 
Lampan_Lpan_16193_01                                   3.1603265 3.0146818 3.2011049 2.9367439 3.3547755 3.2276789 3.1005296 2.8692269 2.7155182 2.7955512 3.0101347 3.1211844 2.9430274 2.8319335 3.0455540 2.9671194 3.3046355 3.0964617 2.9611715 3.0007382 2.8688478 2.8056577 2.8143491 2.8351317 2.8139249 2.8137598 3.1957469 4.2142860 3.3447670 3.3443412 2.8114349 3.9340256 3.4368005 3.1909770 3.1901447 3.1691780 2.9958331 2.9668680 3.7071503 3.9073835 3.7152780 4.4278213 2.9328636 3.5636389 3.2548841 1.0070310 1.1006909 0.8705959 1.1896819 1.3280780 0.0000000 1.2761755 1.4154257 1.2450562 1.9476755 3.4127362 2.7018703 3.9356890 3.7052424 4.0736872 
Mertsp_Mesp_sb535848                                   3.6466790 3.5399376 2.4264288 3.5720512 3.3454508 3.1668027 0.0000010 3.2677162 3.5279899 3.2075992 3.9210743 4.1005413 3.1300111 3.3760757 3.1400366 3.6293123 3.9422224 3.3398144 3.3978575 3.9699400 4.6782068 3.6548352 3.8442166 3.7892902 3.9336284 3.9336284 3.4191962 4.9735444 3.9697240 4.2623584 2.7064232 3.9534914 4.7228851 4.3940419 5.1429561 3.5728499 3.8140198 3.9206428 4.1602791 3.7700432 4.1913938 4.6215670 3.3443843 4.3476224 1.5426587 0.8356751 1.3082285 0.2503543 0.7410091 1.1326297 1.2761755 0.0000000 2.0107631 1.8758254 2.4659133 3.8330201 3.5080705 5.7890889 8.1088407 4.4047474 
Coeast_Cast_sb785503                                   3.9423948 3.8611873 7.2346569 4.0415845 4.2419130 4.2414463 3.6506884 3.6990311 3.7594664 3.8643635 3.5476374 3.3332807 4.2383801 3.5137630 3.4254196 3.6712882 3.6246535 2.7517843 3.6814840 3.5729313 3.4809072 3.3243931 3.3274696 3.3615852 3.3511536 3.3511868 3.1516864 4.9008424 4.3288008 4.9580431 3.3029827 4.0149764 4.7004353 4.3482147 3.5456229 4.1540719 4.0790577 4.2015005 4.7147430 5.1053807 3.9046269 5.0999698 3.6810023 4.3096012 4.6296225 1.8118612 1.7325391 1.0558050 1.3769831 1.4690295 1.4154257 2.0107631 0.0000000 0.0746745 1.2448521 3.8673297 4.6916173 5.4981856 6.3711501 4.1468981 
Coemet_Cmet_C605450_01                                 3.3589453 3.1019205 3.6516000 3.4697354 3.7795497 3.5451314 3.5816107 2.9155181 2.9833265 3.1253712 2.9358239 3.3044435 3.2338824 2.8906135 3.0608162 2.9548356 3.5104314 2.7944959 3.0660847 2.9819685 3.1457990 3.0818377 2.9918085 3.1275599 2.9944564 2.9943483 3.2535810 4.6926648 3.4830232 3.4070774 3.4044266 3.7108158 3.6892919 3.3294352 3.5651492 3.6208498 3.3311312 3.2881944 3.9991648 4.2100416 4.0713028 4.7753632 3.1936031 4.0132528 3.2693557 1.4150502 1.4371068 1.0597103 1.3864894 1.4695285 1.2450562 1.8758254 0.0746745 0.0000000 1.2770516 3.6733083 3.2145175 4.5633206 3.9939529 4.1758768 
Vmul_sbMO463473                                        3.9337119 3.5119913 5.9101817 3.7350409 3.7365157 3.9659482 5.1524042 3.8015101 3.7140806 4.0776328 3.2180698 3.4990816 4.4518451 3.5291728 3.5569181 3.6521995 3.5342061 3.0285647 3.7572584 3.9186824 3.7216055 3.4125110 3.3388677 3.3716935 3.3822798 3.3769584 3.1617754 4.8993888 4.4831649 4.3105985 3.7963925 3.9115243 4.3401736 4.1421932 3.5245359 3.8309878 3.7895575 3.8841637 4.2896392 4.3943484 3.6544485 4.4866621 3.5063445 3.5596437 4.1534238 2.4127537 2.1901432 1.5386245 2.1143262 1.9215177 1.9476755 2.4659133 1.2448521 1.2770516 0.0000000 4.1959563 4.0675244 4.8916967 6.0436273 4.4467798 
Dpul_mRNA26049                                         2.7601663 2.6529396 3.0760900 3.2271934 3.7085735 3.3284897 2.7136760 2.5530008 2.6553320 2.6102016 2.6423567 2.8249531 2.8630594 2.7364681 2.8528443 2.8498864 3.2219287 2.7098126 2.9067588 2.9945811 3.3055321 3.2501674 3.2619811 3.2104756 3.2479776 3.2584344 3.1277315 3.9145993 3.2330004 3.1801626 2.6261572 3.6373380 3.2369041 3.1299843 3.1136903 3.1643406 2.9175931 3.2427456 3.5634369 3.7664529 3.3085103 3.5985259 2.9962831 3.8288769 3.7883648 3.4524832 3.6626671 3.9030642 4.1380124 3.8751527 3.4127362 3.8330201 3.8673297 3.6733083 4.1959563 0.0000000 3.3448010 2.9808330 4.8182054 3.8579559 
Codhol_EP00042_Codosiga_hollandica_P053924             2.8545757 2.6964351 1.4022560 3.0093684 3.8495322 2.9238380 2.1666650 2.6346906 2.4898697 2.4683579 2.5452268 4.9989413 2.6042728 2.4713148 2.6837176 2.5292535 3.9529635 2.2580926 2.5978015 2.4428881 2.4114545 2.5253706 2.6401608 2.7977171 2.5870528 2.6080909 3.4813580 4.1657064 2.7133466 2.5432086 2.0168038 3.3126947 2.7770186 2.8352323 1.9554823 3.1281044 2.7761417 2.6781270 3.4479898 3.5424636 4.5118150 4.1544447 3.1452237 3.4462905 2.8572883 2.9947803 2.7382780 3.0418883 4.8795891 3.9492835 2.7018703 3.5080705 4.6916173 3.2145175 4.0675244 3.3448010 0.0000000 3.4539368 3.6007792 4.0428277 
Tcas_TC009561_001                                      3.4525742 3.3281434 3.6975664 3.8204254 4.2717780 3.9346130 3.1224652 3.0200241 3.3294300 3.2210796 3.1220618 3.4607044 3.6120061 3.5521316 3.6950368 3.5437615 3.8758137 3.8103566 3.6737928 3.6294351 3.5043869 3.6122957 3.5804094 3.6404767 3.6680524 3.6628908 3.7105611 4.2872314 3.5544584 3.5202809 4.0378387 4.1789489 3.6684112 3.4352898 4.0574618 4.1662522 3.7198515 3.6613363 3.8905528 4.0410994 3.8636288 4.4215805 3.1045146 4.0979275 3.5229200 4.1234774 4.1994879 4.5806988 4.4774552 4.7527850 3.9356890 5.7890889 5.4981856 4.5633206 4.8916967 2.9808330 3.4539368 0.0000000 5.2906083 4.3119396 
Pocdam_XM_027189251.1                                  3.4543091 2.8796979 5.2591044 3.7903428 4.1075840 4.0627933 6.1356310 3.0524082 3.2131556 2.8883473 3.0657846 4.9429158 2.3598477 2.0434312 2.2429514 1.9444752 2.6283448 5.2228553 2.8371153 2.9441202 3.6965193 3.7717158 3.6944384 3.9235727 3.6860235 3.6854713 4.3884218 7.0561954 3.6647244 2.9727563 4.7770302 4.5281323 3.8216249 3.8858084 5.1204106 3.4062756 3.4219510 3.2931450 4.0039847 4.0559463 5.7532014 5.5039632 4.1678589 2.9351415 2.6035947 3.2352463 4.4414302 6.6374109 6.5458002 7.1434003 3.7052424 8.1088407 6.3711501 3.9939529 6.0436273 4.8182054 3.6007792 5.2906083 0.0000000 5.7855752 
Aque_Aqu2.1.23572_001                                  3.3451266 3.2124790 5.6676647 3.9818570 3.8268599 3.9748164 3.9592491 3.4516002 3.4036958 3.2692681 3.2458159 2.9863123 2.9788114 3.2122919 3.1544273 2.9614217 2.9441136 3.4273737 3.3386070 3.2454960 3.7133239 3.4971807 3.6654772 3.6597061 3.6234416 3.6427112 3.6048747 3.7991639 3.8851546 3.6615891 1.9374902 2.1985172 3.9269432 3.4461784 3.0058257 3.6007718 3.5022936 4.0971737 3.0690976 3.1549750 2.8628105 2.6595412 2.8855195 2.8218355 3.0492918 3.1449430 4.2923968 3.8551209 4.3405110 4.1190167 4.0736872 4.4047474 4.1468981 4.1758768 4.4467798 3.8579559 4.0428277 4.3119396 5.7855752 0.0000000 
