75
Hsap_ENST00000337137                                0.0000000 1.4532968 1.1697751 0.9229678 1.2124291 1.3153787 1.3276639 1.2429866 1.2987091 0.9563545 1.2487550 0.9715827 1.1601635 1.2473033 1.4593189 1.4151384 0.9497263 1.4864378 1.5339893 1.5355251 1.5503622 1.5381703 1.5561847 1.3441902 1.3261936 1.3848499 1.4410650 1.3948960 1.6526882 1.4041453 1.4646596 1.9835992 1.9299429 1.3766623 1.1656457 1.3946987 1.4417366 1.5689556 1.9861344 1.8300995 1.8967109 1.9142348 1.9676232 1.4333473 1.6550801 1.5354557 1.8498194 1.3447055 1.8481060 1.7215830 1.9844838 1.8956691 2.0098856 1.2998266 1.2943696 1.3453274 1.3417485 1.4316929 1.4001870 1.6405047 1.8180024 1.9898477 1.7682042 1.3752601 1.5030615 1.4490418 1.7178503 1.8677309 1.2276240 1.9511296 0.8731677 2.6021333 2.2727091 3.8659320 3.6057444 
Spur_XM_792508.4                                    1.4532968 0.0000000 1.0781635 1.1310610 1.1970186 1.2743631 1.0953018 1.0429615 1.1721314 0.8715496 1.1463054 0.8413699 1.0528093 1.1115034 1.3145067 1.3011480 0.9742565 1.5457134 1.5424293 1.6035551 1.6042082 1.5527332 1.6115538 1.4085541 1.5578282 1.5505402 1.4762356 1.6202117 1.6072604 1.3871777 1.1739148 1.8731384 1.7598890 1.5079566 1.0677400 1.6795737 1.4755448 1.7239585 1.9064720 1.7727226 2.1683682 2.1094879 2.0401210 1.6037063 1.7123882 1.5080855 1.8699560 1.2152804 1.7685553 1.7907867 1.9531810 1.8977012 1.8331854 1.3848927 1.3527703 1.5627774 1.4235473 1.5408353 1.5056544 1.9282991 1.9223923 2.9161244 2.1417587 1.6967178 1.8395865 1.8969197 2.0025497 1.9675273 1.6053993 2.2099725 1.1141115 2.6446562 3.3399626 3.7297428 3.8267963 
Skow_XM_006820518.1                                 1.1697751 1.0781635 0.0000000 0.9572181 1.0581080 1.1133103 1.0337417 1.0566976 1.0497605 0.8530001 1.0529960 0.8119192 0.9549125 0.9460010 1.2376807 1.2115683 0.9927853 1.5645908 1.5885698 1.5456911 1.5475478 1.5028049 1.5442249 1.4069228 1.2988824 1.3827037 1.2513669 1.4277850 1.4850407 1.4592145 1.5834747 1.8599337 2.0244055 1.6059259 1.1975699 1.6601391 1.5825814 1.5410574 2.1498567 2.0853161 2.0444709 1.9804173 1.9067716 1.6078994 1.6263057 1.4657727 1.6586065 1.2456090 1.8227488 1.7016445 1.7780763 1.8327669 1.7991691 1.5046217 1.5017193 1.4655687 1.1911704 1.4014693 1.2896658 1.5747578 1.8266222 2.0431591 1.8657060 1.4043172 1.5994736 1.5022347 1.7607248 1.8247009 1.2877373 1.9339396 0.9163504 2.8128077 2.4284634 3.7233672 3.6083902 
Cgig_XM_020073064.2                                 0.9229678 1.1310610 0.9572181 0.0000000 0.4932920 1.0792965 1.0060307 0.9487800 1.0052710 0.7916466 1.0020314 0.7161820 0.9236483 0.8099107 1.1968866 1.1514297 0.9068055 1.3450352 1.3858234 1.3634167 1.3230758 1.3159398 1.3322193 1.2356911 1.1753492 1.2061932 1.1978926 1.1777224 1.3327826 1.2260784 1.2432337 1.7543381 1.5760634 1.2162133 1.1615299 1.5052433 1.4260528 1.4783887 1.7401338 1.8504600 2.0345926 1.9604976 1.7705624 1.5079604 1.4380151 1.3934872 1.7906862 1.2246932 1.7895416 1.7111570 1.8359645 1.7846039 1.8873846 1.0930888 1.0891096 1.2594868 1.2261557 1.4034319 1.3795243 1.5623405 1.5050615 2.0100709 1.8269811 1.3588967 1.5075977 1.4265644 1.6653219 1.5337486 1.2927697 2.1280597 0.8409832 2.5767921 2.1761173 3.8694693 2.7156029 
Acagra_model.g8698.t1                               1.2124291 1.1970186 1.0581080 0.4932920 0.0000000 1.2828498 1.2074774 1.1611354 1.1901299 0.9183175 1.1822112 0.7937732 1.0480661 0.9070033 1.3548788 1.2975601 0.9692658 1.4242499 1.4638340 1.4290283 1.4103557 1.3975504 1.4129668 1.3313824 1.2814697 1.3026277 1.2401501 1.3109327 1.5713660 1.2617668 1.3496334 1.9249761 1.6823966 1.4142713 1.2310364 1.5501734 1.6518664 1.6589829 2.0242937 1.9659003 2.0859233 2.0411455 1.9398848 1.5638001 1.6067618 1.3317843 1.8412737 1.2905282 1.8621664 1.8014552 2.0024051 1.9979235 1.8883524 1.1485621 1.1166066 1.3645721 1.3123672 1.4340200 1.4752573 1.6341222 1.5591412 2.3687279 1.8069469 1.4588115 1.5859661 1.5263998 1.6862541 1.5269831 1.3117740 2.2330385 0.8264704 2.7285165 2.4758321 4.0386973 3.1515049 
Exapal_XM_021036761.1                               1.3153787 1.2743631 1.1133103 1.0792965 1.2828498 0.0000000 0.4421291 0.4334205 0.4096040 0.2798332 0.3972102 0.3424353 0.3686918 0.2835532 0.8100490 0.8583370 0.8406092 1.3772187 1.3221185 1.4216923 1.4120794 1.2933833 1.3533610 1.2848177 1.1973983 1.1925663 1.1227032 1.2242669 1.3792856 1.3362141 1.0696857 1.5608385 1.4888004 1.2435925 1.0074530 1.4098506 1.3594113 1.6813037 1.7913982 1.6369777 1.9312128 1.8793404 1.8625351 1.4109263 1.4042841 1.4079813 1.7240009 1.2105727 1.7667946 1.6648832 1.7443216 1.8543500 1.8066365 1.3222551 1.2510400 1.2415057 1.0833349 1.2601744 1.1739813 1.5939803 1.4756305 2.0597604 1.6906419 1.3349560 1.3772758 1.3548277 1.5886607 1.6038713 1.3117917 1.8078140 0.8022704 2.4755765 2.1351921 3.6396194 4.2280216 
Adig_XM_015904958.1                                 1.3276639 1.0953018 1.0337417 1.0060307 1.2074774 0.4421291 0.0000000 0.0049573 0.1576885 0.1248204 0.1875708 0.2277765 0.1841221 0.3873528 0.8035796 0.8249312 0.9051195 1.3332019 1.3242088 1.3442968 1.3217988 1.2526896 1.3290050 1.1567937 1.1007191 1.1436596 1.0963337 1.1103377 1.2611955 1.2911858 1.1504233 1.5682512 1.5471404 1.1790353 0.9469210 1.3837303 1.2197361 1.4744668 1.7558413 1.6844289 1.6959691 1.5748182 1.6710086 1.4300160 1.3870902 1.3525891 1.6864978 1.2493758 1.7355063 1.5711262 1.7621564 1.8050315 1.5959295 1.1951346 1.1383262 1.2579426 1.1741445 1.3039181 1.2267098 1.4825228 1.3864650 2.3849930 1.7636211 1.3778482 1.5714530 1.5065080 1.6525922 1.4342365 1.3529315 1.6586773 0.8088125 2.2827288 1.7942027 3.1313241 4.0752920 
Amil_Amillepora18351-RA                             1.2429866 1.0429615 1.0566976 0.9487800 1.1611354 0.4334205 0.0049573 0.0000000 0.1503341 0.1242837 0.1746953 0.2182203 0.1819693 0.3543760 0.7558018 0.7593419 0.9038157 1.2953867 1.2853867 1.2877795 1.3027539 1.2335726 1.3110883 1.0543128 1.0007103 1.0412767 1.0214020 1.0058758 1.1678281 1.2877525 1.1663749 1.5838478 1.5499480 1.2104927 0.9365177 1.3873643 1.1720530 1.4111585 1.6893028 1.6765514 1.6175912 1.5658957 1.6055733 1.4040553 1.2959003 1.3576619 1.6062460 1.2649614 1.6680732 1.4612574 1.7405026 1.7617545 1.5745070 1.1214453 1.0834634 1.1958971 1.0723194 1.1914945 1.1059109 1.3961419 1.3153285 2.1221436 1.7340679 1.3383537 1.5172384 1.4515482 1.6463773 1.3787053 1.2744056 1.5436866 0.8188763 2.1716472 1.5420002 3.1835087 4.0577685 
Gfas_gfas1.m1.10690.m1                              1.2987091 1.1721314 1.0497605 1.0052710 1.1901299 0.4096040 0.1576885 0.1503341 0.0000000 0.0858734 0.1172528 0.1929997 0.1338703 0.3520473 0.7797624 0.8019657 0.8638118 1.2895327 1.2438797 1.2974028 1.2560802 1.2291229 1.2906257 1.2087964 1.1131959 1.1531960 1.0963352 1.0838123 1.2876083 1.2552254 1.1496342 1.6311176 1.6358584 1.2058963 0.9620879 1.4008578 1.2620776 1.4638038 1.8149619 1.7190539 1.6508802 1.6270749 1.6409423 1.3907785 1.4746562 1.3315292 1.7492774 1.2349139 1.6981241 1.6072423 1.7753121 1.8528329 1.6336375 1.2317167 1.1876111 1.2936402 1.1624240 1.3507870 1.2051938 1.4864333 1.3673346 2.3547746 1.7253243 1.3322818 1.5492297 1.4956906 1.6795575 1.4363262 1.3319383 1.7252395 0.8025179 2.3752349 1.7772440 3.2740381 4.1494997 
Pocdam_XM_027179978.1                               0.9563545 0.8715496 0.8530001 0.7916466 0.9183175 0.2798332 0.1248204 0.1242837 0.0858734 0.0000000 0.0529569 0.1527627 0.0430688 0.2924356 0.6209509 0.6222525 0.8487120 1.0902459 1.0041017 1.0636275 1.0725883 1.0779059 1.0857464 0.8760008 0.8560975 0.8775451 0.8619529 0.8167550 0.9590257 0.9932156 1.1173340 1.4460409 1.3867855 1.0712194 0.9805505 1.3339168 0.9605147 1.1447736 1.5325312 1.4159773 1.4100864 1.3663692 1.3664734 1.1853215 1.0952485 1.1567786 1.4562960 1.2637309 1.4782673 1.3895199 1.5110063 1.6025816 1.4255890 1.0040393 0.9905864 1.0484314 0.8244788 0.9555437 0.9116076 1.1724331 0.9627411 1.5944509 1.4760698 1.1238181 1.2474854 1.2799313 1.4963268 1.1548837 1.0374849 1.4367037 0.7534120 1.8692204 1.3304650 2.9801547 3.9286462 
Fspp_ffun1.m4.8966.m1                               1.2487550 1.1463054 1.0529960 1.0020314 1.1822112 0.3972102 0.1875708 0.1746953 0.1172528 0.0529569 0.0000000 0.1456034 0.1080710 0.3366463 0.8084067 0.8588665 0.9202460 1.3457970 1.3434435 1.3523117 1.3210324 1.3114491 1.3769989 1.2087470 1.1355261 1.1779475 1.1007193 1.0923759 1.3430416 1.2787167 1.0904416 1.5643440 1.5884128 1.2713280 0.9486346 1.3452021 1.2065256 1.4944690 1.8361852 1.7325334 1.5668582 1.5460294 1.5552107 1.4606819 1.3998153 1.4105126 1.7855256 1.2998790 1.8222283 1.5939003 1.7708670 1.8248021 1.7134387 1.1622596 1.1237562 1.2403212 1.2062256 1.3642166 1.2798821 1.4419364 1.3812472 2.2824875 1.7743113 1.3373836 1.5570583 1.4923967 1.6826226 1.5260795 1.2731431 1.7234957 0.7716445 2.3290847 1.8001569 3.1256555 3.8527132 
Gasp_gasp1.m3.13783.m1                              0.9715827 0.8413699 0.8119192 0.7161820 0.7937732 0.3424353 0.2277765 0.2182203 0.1929997 0.1527627 0.1456034 0.0000000 0.1744478 0.3863371 0.6206304 0.6566409 0.7448224 0.9657024 0.9488106 0.9551113 0.9141186 0.9256051 0.9256051 0.9014653 0.9461916 1.0138213 0.8631078 0.8447330 0.8718920 0.9259765 1.1012226 1.3825694 1.3212128 0.9425482 0.9799220 1.2777496 0.9483265 1.0950647 1.3704063 1.3193831 1.3437759 1.2806502 1.3545622 1.1177592 1.2365487 1.0297163 1.3105944 1.1678557 1.3479856 1.3248402 1.3350229 1.3487212 1.2571246 0.9214520 0.9108753 1.0677896 0.9565042 1.0625958 1.0016602 1.2225794 0.9856279 1.9673490 1.4722981 1.0263495 1.1443785 1.1121254 1.3405767 1.0957659 0.9158916 1.3962055 0.7021919 1.9251261 2.8598247 4.0312386 6.1889576 
Spis_XP_022797488_1                                 1.1601635 1.0528093 0.9549125 0.9236483 1.0480661 0.3686918 0.1841221 0.1819693 0.1338703 0.0430688 0.1080710 0.1744478 0.0000000 0.3542504 0.7743202 0.8064423 0.8344636 1.1640940 1.1642906 1.1623213 1.1394631 1.1027517 1.1596811 1.0815954 1.0136590 1.0392783 0.9378942 1.0088463 1.0937239 1.2270424 1.0980684 1.5219813 1.4958591 1.0969925 0.9687179 1.3021980 1.1675518 1.4391735 1.6700667 1.5573788 1.5137875 1.5502096 1.4737180 1.3227139 1.3681660 1.3164076 1.5825040 1.2485339 1.6348347 1.5441280 1.5502048 1.6302128 1.5765974 1.1140114 1.0877431 1.1599611 1.1226105 1.2813632 1.2307510 1.4359708 1.2311075 1.8342991 1.6118311 1.1433712 1.4012682 1.3128228 1.5049352 1.3671043 1.2224260 1.6035995 0.6989114 2.3117053 1.6624049 2.9080326 4.4220615 
Nvec_v1g114254                                      1.2473033 1.1115034 0.9460010 0.8099107 0.9070033 0.2835532 0.3873528 0.3543760 0.3520473 0.2924356 0.3366463 0.3863371 0.3542504 0.0000000 0.6578104 0.6977527 0.8303014 1.2207486 1.2626158 1.2404330 1.2454168 1.1589148 1.2304014 1.0744369 0.9431253 0.9514047 0.8100328 0.9329730 1.0456878 1.1263604 1.1478846 1.5456332 1.5413777 1.2296552 1.0000646 1.3190571 1.3351832 1.5227687 1.7905810 1.4869125 1.7362758 1.7830047 1.6214441 1.1797281 1.4209185 1.1665817 1.7056735 1.1956007 1.7867513 1.8134965 1.6390590 1.7352131 1.7414569 1.1313874 1.1286491 1.1203805 1.0310567 1.1793413 1.1091516 1.4879905 1.3783995 1.8507174 1.5587935 1.1259431 1.1840986 1.1711901 1.4272485 1.4296043 1.2787162 1.6890185 0.6766979 2.2926274 1.5845541 3.8453776 4.1668619 
Dgig_XM_028542462.1                                 1.4593189 1.3145067 1.2376807 1.1968866 1.3548788 0.8100490 0.8035796 0.7558018 0.7797624 0.6209509 0.8084067 0.6206304 0.7743202 0.6578104 0.0000000 0.1912438 0.9452905 1.5020665 1.4754021 1.4532544 1.4728248 1.4142924 1.4823044 1.4429331 1.2413723 1.2178539 1.2474791 1.2277398 1.4531270 1.2989112 1.3031761 1.7335458 1.7232822 1.3539343 1.1961285 1.6204291 1.4380216 1.6908027 1.8543377 1.8181612 1.8435789 1.8650060 1.7947180 1.5455146 1.4891502 1.4084935 1.7992565 1.2449331 1.8286686 1.8035613 1.8232004 1.9298003 1.8340799 1.3667036 1.3219478 1.4665775 1.1640059 1.3276145 1.2365554 1.6649410 1.4917911 2.2271661 1.9114048 1.5473663 1.6905446 1.5099603 1.8726113 1.4323206 1.5646308 1.8429239 0.8822712 2.4282511 2.2263020 4.1947268 4.5325459 
Xesp_003438-T1                                      1.4151384 1.3011480 1.2115683 1.1514297 1.2975601 0.8583370 0.8249312 0.7593419 0.8019657 0.6222525 0.8588665 0.6566409 0.8064423 0.6977527 0.1912438 0.0000000 0.9224724 1.4170472 1.4893124 1.3848757 1.4120311 1.3658377 1.4425603 1.2787193 1.1779167 1.1813899 1.1020190 1.1900193 1.2678564 1.2841373 1.3804516 1.8621025 1.8177238 1.4283978 1.2450168 1.4860936 1.5370840 1.7267511 1.7527586 1.7895628 1.8213156 1.9347518 1.6430358 1.5726926 1.6919682 1.3547752 1.7683943 1.2387385 1.7720360 1.8559520 1.8361750 1.8642586 1.7968006 1.2563087 1.2374898 1.3497673 1.1366654 1.2195897 1.1326990 1.5967606 1.4130900 1.9286887 1.7260336 1.4060891 1.5144721 1.3736066 1.6701876 1.4940249 1.5293361 1.8402305 0.7682007 2.3458370 2.1585340 4.3120953 4.6237520 
Tadh_TriadT19492                                    0.9497263 0.9742565 0.9927853 0.9068055 0.9692658 0.8406092 0.9051195 0.9038157 0.8638118 0.8487120 0.9202460 0.7448224 0.8344636 0.8303014 0.9452905 0.9224724 0.0000000 0.0375051 0.1322161 0.1393145 0.1441285 0.1439308 0.1439308 0.9421847 0.9179502 0.9421141 0.9667853 0.9603508 1.0053689 1.1130467 1.4295085 1.6357015 1.5408707 1.0594695 1.2552092 1.3658439 1.0585445 1.1655693 1.4788846 1.4057988 1.3475806 1.3512560 1.3063815 1.1850006 1.2077335 1.1457090 1.3495027 1.3125822 1.4065512 1.3026463 1.3602662 1.3067668 1.5506192 1.0885273 1.1017531 1.0289874 1.0268360 1.0904911 1.0309478 1.4120942 1.1339561 1.7282596 1.6988132 1.0595488 1.1790719 1.0689565 1.1371993 1.2203734 0.9385330 1.3010293 0.9703510 1.5699801 2.1347136 3.4835528 4.7022707 
TrH2_TrispH2_000070-RA                              1.4864378 1.5457134 1.5645908 1.3450352 1.4242499 1.3772187 1.3332019 1.2953867 1.2895327 1.0902459 1.3457970 0.9657024 1.1640940 1.2207486 1.5020665 1.4170472 0.0375051 0.0000000 0.2766070 0.2282815 0.2463087 0.2242518 0.2477714 1.5247964 1.4238193 1.4373215 1.4729177 1.4768747 1.8219707 1.6098403 1.4006499 1.9801462 1.9190886 1.5125541 1.3127424 1.7358342 1.4774706 1.8059815 2.0442194 1.9470834 1.9916586 1.9860971 1.8922985 1.6674910 1.7285280 1.7382694 1.9425193 1.2913594 1.9532563 1.6458748 1.9713323 2.1109877 2.0208871 1.5677901 1.5198425 1.4622936 1.4654000 1.5808478 1.4986324 1.8522581 1.9020787 3.2756996 2.0605695 1.4107256 1.6328102 1.5755149 1.6498926 1.7231449 1.6155108 2.0259798 1.2290798 2.4868953 2.5737151 4.3149134 4.1024237 
HoiH11_mRNA9540                                     1.5339893 1.5424293 1.5885698 1.3858234 1.4638340 1.3221185 1.3242088 1.2853867 1.2438797 1.0041017 1.3434435 0.9488106 1.1642906 1.2626158 1.4754021 1.4893124 0.1322161 0.2766070 0.0000000 0.1926639 0.1983620 0.1925969 0.2153760 1.5632151 1.4705110 1.4641888 1.4682697 1.5273138 1.6944692 1.5472353 1.4148847 2.1403072 2.0754633 1.5838257 1.3129193 1.6728021 1.6221652 1.8309868 2.1579473 1.9973242 1.9145922 1.9892887 2.0175348 1.6958573 1.7767437 1.7875457 1.8426433 1.3200179 1.9504912 1.7614459 1.9385822 2.0489203 2.1162360 1.6853306 1.6159137 1.4595309 1.5281641 1.5914076 1.4586297 1.9252384 1.8807401 2.7105791 2.3287521 1.5310848 1.7304649 1.7561930 1.8882379 1.7698877 1.5630922 1.9610914 1.1741891 2.5679979 2.8873493 4.2771027 4.8788222 
HoiH06_mRNA1036                                     1.5355251 1.6035551 1.5456911 1.3634167 1.4290283 1.4216923 1.3442968 1.2877795 1.2974028 1.0636275 1.3523117 0.9551113 1.1623213 1.2404330 1.4532544 1.3848757 0.1393145 0.2282815 0.1926639 0.0000000 0.0456469 0.1058401 0.1177655 1.5429701 1.4262759 1.4566249 1.4792686 1.4424521 1.8117729 1.6279436 1.3808300 1.9611543 1.9675836 1.4903652 1.2885202 1.7625376 1.5236172 1.7500236 2.1161942 1.9980127 1.8778237 1.9944506 1.9597817 1.7077649 1.7261754 1.8079361 1.9816680 1.2753419 2.0112244 1.7451993 2.0305648 2.1791086 2.0577962 1.6069511 1.5484482 1.4361307 1.5375755 1.6113893 1.5069202 1.9293530 1.9347625 3.2626533 2.1205373 1.4521448 1.6446457 1.6832552 1.7889201 1.8551058 1.6598248 1.9834070 1.2392703 2.6681120 2.4676667 3.9713448 4.2449642 
HoiH23_PlH23_002636-RA                              1.5503622 1.6042082 1.5475478 1.3230758 1.4103557 1.4120794 1.3217988 1.3027539 1.2560802 1.0725883 1.3210324 0.9141186 1.1394631 1.2454168 1.4728248 1.4120311 0.1441285 0.2463087 0.1983620 0.0456469 0.0000000 0.1045606 0.1106606 1.5297172 1.4287757 1.4648046 1.4870941 1.4459574 1.8039641 1.5964620 1.3616018 1.9645480 1.9661892 1.5193683 1.3115742 1.8066605 1.5242327 1.7577535 2.1040164 1.9563410 1.9400929 1.9752687 1.9699811 1.6988468 1.7316008 1.7065827 1.9534094 1.2544262 1.9790638 1.6707220 1.9691601 2.1121034 2.0000564 1.6248839 1.5649379 1.4041774 1.4982139 1.6408270 1.5388610 1.9140372 1.9989684 3.4095448 2.0681428 1.4160299 1.5980686 1.6415394 1.7295746 1.8217366 1.6467892 1.9822247 1.2051733 2.6741384 2.6146803 3.8670263 4.2723684 
Hhon_g06130.t1                                      1.5381703 1.5527332 1.5028049 1.3159398 1.3975504 1.2933833 1.2526896 1.2335726 1.2291229 1.0779059 1.3114491 0.9256051 1.1027517 1.1589148 1.4142924 1.3658377 0.1439308 0.2242518 0.1925969 0.1058401 0.1045606 0.0000000 0.0023632 1.4696471 1.3618548 1.3942270 1.4093866 1.4204969 1.7351811 1.5297484 1.3088109 1.8477587 1.8778963 1.4602024 1.2777425 1.7389725 1.5030558 1.6760571 2.0705828 1.8987147 1.9309468 1.8762813 1.8744172 1.6523039 1.7024267 1.7004484 1.8340222 1.2721382 1.8355694 1.5939992 1.8730382 1.9939424 1.8689004 1.5468034 1.5048892 1.4033661 1.4304994 1.5594276 1.4910491 1.9210458 1.8204966 3.2283149 2.1204083 1.4578927 1.6622573 1.7197626 1.7922610 1.7938046 1.6534847 1.9715959 1.2972525 2.4793016 2.3928219 3.6830694 3.9726357 
HoiH04_mRNA5397                                     1.5561847 1.6115538 1.5442249 1.3322193 1.4129668 1.3533610 1.3290050 1.3110883 1.2906257 1.0857464 1.3769989 0.9256051 1.1596811 1.2304014 1.4823044 1.4425603 0.1439308 0.2477714 0.2153760 0.1177655 0.1106606 0.0023632 0.0000000 1.5346086 1.4278343 1.4430366 1.4696889 1.4859260 1.8032750 1.5752468 1.3088109 1.9122254 1.9198014 1.4697804 1.2777425 1.8012263 1.5583494 1.7332314 2.1318031 1.9676330 1.9561064 1.9082211 1.9246716 1.6877627 1.7539624 1.7635094 1.8944487 1.2721382 1.8983168 1.6516015 1.9314540 2.0594365 1.9483698 1.6189233 1.5684481 1.4377991 1.5062504 1.6416703 1.5554215 1.9815943 1.9482359 3.3808878 2.1361819 1.4643911 1.6608107 1.7197626 1.7783324 1.8394832 1.7322228 1.9700369 1.2972525 2.5294505 2.5116642 3.8831477 4.0586372 
Chem_TCONS_00025105                                 1.3441902 1.4085541 1.4069228 1.2356911 1.3313824 1.2848177 1.1567937 1.0543128 1.2087964 0.8760008 1.2087470 0.9014653 1.0815954 1.0744369 1.4429331 1.2787193 0.9421847 1.5247964 1.5632151 1.5429701 1.5297172 1.4696471 1.5346086 0.0000000 0.8134398 0.8392359 0.7996000 0.8778972 0.8499204 1.5958487 1.3169147 1.8008041 2.0074199 1.4975842 1.2843017 1.5403419 1.6112429 2.1090802 2.1730775 2.0839716 1.9273138 1.9186320 1.8485035 1.6575251 1.7278404 1.6371926 2.0572818 1.3202715 1.9223688 1.7539415 1.9600974 2.0390261 1.9631675 1.4201714 1.3839700 1.4532261 1.3202071 1.4178464 1.3704704 1.7518443 1.8996955 2.8524148 2.1031169 1.6175336 1.8170927 1.7168871 1.9514332 1.8976345 1.8384622 2.0536022 0.9937164 2.7004987 1.4568600 4.0439209 3.6107544 
Nemnom_g9549.t1                                     1.3261936 1.5578282 1.2988824 1.1753492 1.2814697 1.1973983 1.1007191 1.0007103 1.1131959 0.8560975 1.1355261 0.9461916 1.0136590 0.9431253 1.2413723 1.1779167 0.9179502 1.4238193 1.4705110 1.4262759 1.4287757 1.3618548 1.4278343 0.8134398 0.0000000 0.1761167 0.4943414 0.7251104 0.9960742 1.5580223 1.2486596 1.7751397 1.8674482 1.4257041 1.1141033 1.4450718 1.5706169 1.7441293 2.0801465 1.9211252 1.9252153 1.9159279 1.9547097 1.4850189 1.6184484 1.4990132 2.1195824 1.3396094 1.9725315 1.9506262 2.0163337 1.9816357 1.9756756 1.3616569 1.3568661 1.2968880 1.3898166 1.4939165 1.4044007 1.6624602 1.6918327 2.4839498 2.0057634 1.4558118 1.7297363 1.6537040 1.7967421 1.7236322 1.6110739 1.9158910 0.9916216 2.4963138 0.6157733 3.6929733 4.1508661 
Rhoesc_Res_013358-T1                                1.3848499 1.5505402 1.3827037 1.2061932 1.3026277 1.1925663 1.1436596 1.0412767 1.1531960 0.8775451 1.1779475 1.0138213 1.0392783 0.9514047 1.2178539 1.1813899 0.9421141 1.4373215 1.4641888 1.4566249 1.4648046 1.3942270 1.4430366 0.8392359 0.1761167 0.0000000 0.5060448 0.7502778 0.9899916 1.5823381 1.2875866 1.7663252 1.8273196 1.3979448 1.1440707 1.4346652 1.5020408 1.7738806 2.0188460 1.8421582 1.9033836 1.8915110 1.8447116 1.4395938 1.6131982 1.5486569 2.2157414 1.3884943 2.0491831 2.0378015 2.0123690 2.0518374 2.0652272 1.3420901 1.3334148 1.3131674 1.3952318 1.5198612 1.4138979 1.6900643 1.7092752 2.3705775 2.0516237 1.5081888 1.7213983 1.6574503 1.7625848 1.7678544 1.6173276 1.8897882 1.0270914 2.4110073 0.5661826 3.9593097 4.3486584 
Sanmal_Sma_009454-T1                                1.4410650 1.4762356 1.2513669 1.1978926 1.2401501 1.1227032 1.0963337 1.0214020 1.0963352 0.8619529 1.1007193 0.8631078 0.9378942 0.8100328 1.2474791 1.1020190 0.9667853 1.4729177 1.4682697 1.4792686 1.4870941 1.4093866 1.4696889 0.7996000 0.4943414 0.5060448 0.0000000 0.7434768 1.0382299 1.4297572 1.1765552 1.8315372 1.8639701 1.4001827 1.1003843 1.5784059 1.6919571 1.8142245 2.1411187 1.8227249 2.0184642 1.9635203 1.9535809 1.5309071 1.6305711 1.5320040 2.0501967 1.3139269 1.8237151 1.7747711 2.0164561 2.1276021 2.0499933 1.4057615 1.3779615 1.4004920 1.3380879 1.4299112 1.4313706 1.7963186 1.8513651 2.5318814 2.1234329 1.5523380 1.7516375 1.6503568 1.8532635 1.7782868 1.6404468 2.0401092 0.9615404 2.4953884 0.8523783 4.4114076 3.9485205 
Morvir_scaffold174.g32.t1                           1.3948960 1.6202117 1.4277850 1.1777224 1.3109327 1.2242669 1.1103377 1.0058758 1.0838123 0.8167550 1.0923759 0.8447330 1.0088463 0.9329730 1.2277398 1.1900193 0.9603508 1.4768747 1.5273138 1.4424521 1.4459574 1.4204969 1.4859260 0.8778972 0.7251104 0.7502778 0.7434768 0.0000000 1.0745412 1.6033475 1.2904659 1.9068485 1.9398231 1.3934454 1.1301208 1.5013014 1.7521596 1.7090987 2.2703215 2.1273225 2.0819057 2.1443824 1.9526752 1.6488281 1.6856292 1.5496542 2.2399259 1.1430954 1.8998844 2.0140689 2.0049263 2.1121638 2.1816881 1.4180293 1.4077493 1.4472566 1.3496818 1.4120669 1.3659178 1.6396686 2.0216417 2.8474770 2.1693778 1.4840366 1.7552612 1.6886428 1.7700001 1.9681654 1.6799653 2.0577266 0.9948993 2.6057139 1.3661350 4.3887782 4.1508932 
Hvul_g3930_1                                        1.6526882 1.6072604 1.4850407 1.3327826 1.5713660 1.3792856 1.2611955 1.1678281 1.2876083 0.9590257 1.3430416 0.8718920 1.0937239 1.0456878 1.4531270 1.2678564 1.0053689 1.8219707 1.6944692 1.8117729 1.8039641 1.7351811 1.8032750 0.8499204 0.9960742 0.9899916 1.0382299 1.0745412 0.0000000 1.6143963 1.2753760 1.9968818 2.0241721 1.7103884 1.2855233 1.7649317 1.8436534 1.9500104 2.1773267 2.0702638 2.0601515 2.0339653 2.0968632 1.7924548 1.6456767 1.7097717 2.2201594 1.3496179 2.0668636 1.7712263 2.0182414 2.1859020 2.1149781 1.6231755 1.5570218 1.5800046 1.3708702 1.5061922 1.3850518 1.9192318 1.8805125 2.2974733 2.3432143 1.9180745 1.9808045 2.0563784 1.8928200 1.9135522 1.8290861 2.1885712 1.0084768 2.9863564 1.8218420 4.0415656 4.4076740 
Dpul_mRNA200                                        1.4041453 1.3871777 1.4592145 1.2260784 1.2617668 1.3362141 1.2911858 1.2877525 1.2552254 0.9932156 1.2787167 0.9259765 1.2270424 1.1263604 1.2989112 1.2841373 1.1130467 1.6098403 1.5472353 1.6279436 1.5964620 1.5297484 1.5752468 1.5958487 1.5580223 1.5823381 1.4297572 1.6033475 1.6143963 0.0000000 1.3582080 1.9686004 1.7952912 1.5362462 1.3738320 1.6863347 1.6322382 1.6172563 2.1531820 1.9668111 1.8433676 1.7931694 1.8293191 1.6566246 1.8512604 1.0541410 1.9857618 1.2461141 1.9641612 1.7849687 2.1407846 1.9624195 2.1241575 1.4631659 1.4427288 1.5875136 1.4263114 1.5726152 1.6046528 1.9151194 1.6353022 2.4771557 2.1567762 1.7336021 1.8130924 1.7680904 1.8754293 1.8566882 1.5054357 1.8570508 1.0849111 2.4074699 3.0919175 4.6867943 4.2173622 
Mbre_EDQ90222                                       1.4646596 1.1739148 1.5834747 1.2432337 1.3496334 1.0696857 1.1504233 1.1663749 1.1496342 1.1173340 1.0904416 1.1012226 1.0980684 1.1478846 1.3031761 1.3804516 1.4295085 1.4006499 1.4148847 1.3808300 1.3616018 1.3088109 1.3088109 1.3169147 1.2486596 1.2875866 1.1765552 1.2904659 1.2753760 1.3582080 0.0000000 0.6446741 0.5550668 0.9049587 1.0804349 1.1607643 1.0961965 1.0769261 0.9044031 0.9321378 1.4171689 1.3816366 1.2549468 1.1992502 1.1736201 1.5373444 1.7038068 1.7001334 1.7729878 1.7648182 1.8470281 1.8844073 1.8451683 1.1659757 1.1708499 1.2641895 1.3361985 1.3653593 1.4168228 1.3981919 1.4564704 1.3289105 1.8012543 1.2619529 1.3000384 1.2489565 1.5036706 1.0465751 1.2148938 1.2532490 1.3903418 1.5281326 1.7880076 2.5411377 5.8073144 
Choper_EP00045_Choanoeca_perplexa_P004239           1.9835992 1.8731384 1.8599337 1.7543381 1.9249761 1.5608385 1.5682512 1.5838478 1.6311176 1.4460409 1.5643440 1.3825694 1.5219813 1.5456332 1.7335458 1.8621025 1.6357015 1.9801462 2.1403072 1.9611543 1.9645480 1.8477587 1.9122254 1.8008041 1.7751397 1.7663252 1.8315372 1.9068485 1.9968818 1.9686004 0.6446741 0.0000000 0.3235597 1.2443904 1.0021128 1.4640968 1.2995045 1.7181335 1.5695150 1.5994375 1.7563173 1.7475873 1.5494753 1.4417490 1.6095573 2.2331425 2.6112757 2.0008480 2.5894727 2.5458359 2.5980675 2.6059623 2.6515238 1.7745116 1.7418881 1.8818261 1.8615136 1.9787739 2.0826967 2.0013251 2.1884582 2.5355331 2.3529231 1.8365920 1.7659425 1.8137046 2.1419975 1.3038457 2.0060734 1.8137748 1.5828665 2.2950565 2.7469058 4.0250940 4.5964144 
Chofle_EP00730_Choanoeca_flexa_P015655              1.9299429 1.7598890 2.0244055 1.5760634 1.6823966 1.4888004 1.5471404 1.5499480 1.6358584 1.3867855 1.5884128 1.3212128 1.4958591 1.5413777 1.7232822 1.8177238 1.5408707 1.9190886 2.0754633 1.9675836 1.9661892 1.8778963 1.9198014 2.0074199 1.8674482 1.8273196 1.8639701 1.9398231 2.0241721 1.7952912 0.5550668 0.3235597 0.0000000 1.1735117 1.0038560 1.3871203 1.2705269 1.8430269 1.4439698 1.5286292 1.8332973 1.7810395 1.5067835 1.3888282 1.5668937 2.1983251 2.4507004 1.8875165 2.3953069 2.3645755 2.4846867 2.4060796 2.6240339 1.6107986 1.5920842 1.8321637 1.7600228 1.9149153 1.9533042 2.0456679 2.3633291 2.9074569 2.3240395 1.9632201 1.7769062 1.8893445 2.1354421 1.3159762 2.0642956 1.8895670 1.5617839 2.3004677 3.0040915 3.8449969 4.9752267 
Salkve_EP00050_Salpingoeca_kvevrii_P007257          1.3766623 1.5079566 1.6059259 1.2162133 1.4142713 1.2435925 1.1790353 1.2104927 1.2058963 1.0712194 1.2713280 0.9425482 1.0969925 1.2296552 1.3539343 1.4283978 1.0594695 1.5125541 1.5838257 1.4903652 1.5193683 1.4602024 1.4697804 1.4975842 1.4257041 1.3979448 1.4001827 1.3934454 1.7103884 1.5362462 0.9049587 1.2443904 1.1735117 0.0000000 0.8444005 1.1381523 0.8998424 1.1246089 1.5010201 1.4364914 1.3702000 1.5184807 1.2416253 0.9874397 1.2374020 1.8507284 1.8755024 1.2209761 1.7878413 1.7184506 1.8581205 1.9105211 1.9005417 1.3866485 1.3512586 1.4445483 1.4392329 1.4913618 1.5268889 1.7129796 1.8363556 2.1260408 1.9128332 1.3583565 1.4277903 1.4202881 1.6430864 1.4389554 1.5241475 1.3422547 1.1819078 2.1871799 2.8346790 3.6081877 4.2921484 
Salurc_EP00051_Salpingoeca_urceolata_P011729        1.1656457 1.0677400 1.1975699 1.1615299 1.2310364 1.0074530 0.9469210 0.9365177 0.9620879 0.9805505 0.9486346 0.9799220 0.9687179 1.0000646 1.1961285 1.2450168 1.2552092 1.3127424 1.3129193 1.2885202 1.3115742 1.2777425 1.2777425 1.2843017 1.1141033 1.1440707 1.1003843 1.1301208 1.2855233 1.3738320 1.0804349 1.0021128 1.0038560 0.8444005 0.0000000 0.8416908 0.9283155 0.9032553 1.1830603 1.0677015 1.1992619 1.2059581 0.9170567 0.9395506 1.0520691 1.4117360 1.4888397 1.4362158 1.5543243 1.5312592 1.4547148 1.4532697 1.5871601 1.0983489 1.1118298 1.1722923 1.2322686 1.1987669 1.2008455 1.2583118 1.1819067 1.0943134 1.5157462 1.2229369 1.1647680 1.2849656 1.2836763 1.0206491 1.1636416 1.2764117 1.1237875 1.5468320 2.0961466 3.3158034 4.7364220 
Salmac_EP00052_Salpingoeca_macrocollata_P006448     1.3946987 1.6795737 1.6601391 1.5052433 1.5501734 1.4098506 1.3837303 1.3873643 1.4008578 1.3339168 1.3452021 1.2777496 1.3021980 1.3190571 1.6204291 1.4860936 1.3658439 1.7358342 1.6728021 1.7625376 1.8066605 1.7389725 1.8012263 1.5403419 1.4450718 1.4346652 1.5784059 1.5013014 1.7649317 1.6863347 1.1607643 1.4640968 1.3871203 1.1381523 0.8416908 0.0000000 0.8949028 1.2109315 1.7291246 1.5164805 1.2684858 1.3454552 1.4126121 1.1560884 1.1408798 1.8643856 2.0966323 1.6176684 2.1706364 2.0118457 2.0255552 2.0339048 2.2283729 1.5312193 1.4528739 1.5961953 1.6073295 1.6303740 1.6314038 1.7461732 1.7626571 2.2773699 1.9121541 1.5800421 1.6549546 1.5579549 1.7174086 1.4799796 1.6294667 1.4050667 1.4345890 2.2375743 2.4823457 4.1296186 4.6010914 
Salpun_EP00053_Salpingoeca_punica_P015444           1.4417366 1.4755448 1.5825814 1.4260528 1.6518664 1.3594113 1.2197361 1.1720530 1.2620776 0.9605147 1.2065256 0.9483265 1.1675518 1.3351832 1.4380216 1.5370840 1.0585445 1.4774706 1.6221652 1.5236172 1.5242327 1.5030558 1.5583494 1.6112429 1.5706169 1.5020408 1.6919571 1.7521596 1.8436534 1.6322382 1.0961965 1.2995045 1.2705269 0.8998424 0.9283155 0.8949028 0.0000000 1.0805628 1.5678866 1.5036294 1.3720922 1.3764629 1.3569275 0.9423837 1.3921992 1.8421720 1.8908570 1.1999064 1.8342426 1.7061060 1.8726559 1.8045790 1.9547150 1.3409665 1.3272871 1.4664499 1.4605476 1.5135059 1.6571728 1.8366105 1.8208853 2.3397803 2.0383387 1.4963511 1.5762236 1.5254579 1.6860967 1.4693679 1.6892548 1.6049852 1.2287304 2.1343440 3.0102091 3.7603409 4.1634957 
Saldol_EP00054_Salpingoeca_dolichothecata_P028020   1.5689556 1.7239585 1.5410574 1.4783887 1.6589829 1.6813037 1.4744668 1.4111585 1.4638038 1.1447736 1.4944690 1.0950647 1.4391735 1.5227687 1.6908027 1.7267511 1.1655693 1.8059815 1.8309868 1.7500236 1.7577535 1.6760571 1.7332314 2.1090802 1.7441293 1.7738806 1.8142245 1.7090987 1.9500104 1.6172563 1.0769261 1.7181335 1.8430269 1.1246089 0.9032553 1.2109315 1.0805628 0.0000000 1.8452560 1.7435656 1.7056011 1.6797454 1.6107224 1.1732509 1.4483551 1.8450440 2.1382959 1.2599524 2.0588182 2.1223817 2.1609826 2.1652124 2.1121101 1.4575135 1.4159876 1.5546587 1.5342938 1.5042240 1.6293885 1.7771489 1.8423238 2.8559989 2.0083637 1.5548436 1.6698088 1.6283990 1.8284875 1.5299837 1.8735654 1.7178224 1.3120011 2.3961143 3.4806371 3.8898057 4.6698316 
Sros_EGD75589                                       1.9861344 1.9064720 2.1498567 1.7401338 2.0242937 1.7913982 1.7558413 1.6893028 1.8149619 1.5325312 1.8361852 1.3704063 1.6700667 1.7905810 1.8543377 1.7527586 1.4788846 2.0442194 2.1579473 2.1161942 2.1040164 2.0705828 2.1318031 2.1730775 2.0801465 2.0188460 2.1411187 2.2703215 2.1773267 2.1531820 0.9044031 1.5695150 1.4439698 1.5010201 1.1830603 1.7291246 1.5678866 1.8452560 0.0000000 0.6181021 2.0775448 2.0912275 1.9039640 1.7031781 2.0561238 2.0781228 2.5494829 1.8342103 2.6425397 2.4390759 2.6211002 2.4549401 2.4307889 1.7988730 1.7073187 1.9169046 1.8854682 2.0691126 2.1050015 2.1132702 2.4253133 3.4471775 2.2850066 1.8227890 1.9184927 1.8347172 2.2407279 1.3275956 2.1874237 2.3073851 1.7487770 2.9444585 3.3061194 3.8020923 4.8115325 
Microa_EP00043_Microstomoeca_roanoka_P005831        1.8300995 1.7727226 2.0853161 1.8504600 1.9659003 1.6369777 1.6844289 1.6765514 1.7190539 1.4159773 1.7325334 1.3193831 1.5573788 1.4869125 1.8181612 1.7895628 1.4057988 1.9470834 1.9973242 1.9980127 1.9563410 1.8987147 1.9676330 2.0839716 1.9211252 1.8421582 1.8227249 2.1273225 2.0702638 1.9668111 0.9321378 1.5994375 1.5286292 1.4364914 1.0677015 1.5164805 1.5036294 1.7435656 0.6181021 0.0000000 2.0544994 2.0648680 1.7358286 1.5707954 1.8102461 1.9152232 2.4653705 1.8484948 2.4630926 1.9710129 2.4838143 2.3886510 2.5206693 1.8559933 1.7364485 1.8290141 1.7585421 1.8597267 1.8115381 2.1196367 2.1026210 2.6097095 2.4053404 1.8934612 1.9233527 2.0020364 2.0996609 1.2697271 2.0964416 1.9873613 1.6195775 2.3929802 2.9516350 4.3955393 4.3524546 
Acaspe_EP00035_Acanthoeca_spectabilis_P039966       1.8967109 2.1683682 2.0444709 2.0345926 2.0859233 1.9312128 1.6959691 1.6175912 1.6508802 1.4100864 1.5668582 1.3437759 1.5137875 1.7362758 1.8435789 1.8213156 1.3475806 1.9916586 1.9145922 1.8778237 1.9400929 1.9309468 1.9561064 1.9273138 1.9252153 1.9033836 2.0184642 2.0819057 2.0601515 1.8433676 1.4171689 1.7563173 1.8332973 1.3702000 1.1992619 1.2684858 1.3720922 1.7056011 2.0775448 2.0544994 0.0000000 0.3313734 1.0754726 1.4512838 1.6460723 2.0521659 2.6634409 1.6992710 2.4829927 2.4525377 2.3810963 2.4798335 2.4710267 2.0937331 2.0701045 1.9561753 1.7585869 2.0746951 2.0846085 2.1892505 2.0531203 3.0446743 2.4139327 1.8230916 1.9200214 2.0767609 2.1088723 1.9678086 1.9908582 1.5016289 1.4909589 2.5568557 3.6683771 4.8515140 4.5500640 
Helnan_EP00037_Helgoeca_nana_P017040                1.9142348 2.1094879 1.9804173 1.9604976 2.0411455 1.8793404 1.5748182 1.5658957 1.6270749 1.3663692 1.5460294 1.2806502 1.5502096 1.7830047 1.8650060 1.9347518 1.3512560 1.9860971 1.9892887 1.9944506 1.9752687 1.8762813 1.9082211 1.9186320 1.9159279 1.8915110 1.9635203 2.1443824 2.0339653 1.7931694 1.3816366 1.7475873 1.7810395 1.5184807 1.2059581 1.3454552 1.3764629 1.6797454 2.0912275 2.0648680 0.3313734 0.0000000 1.0833116 1.4530823 1.4666980 1.9757835 2.3619587 1.7026097 2.2803442 2.0845655 2.0920209 2.1816092 2.2355191 2.0502284 1.9758587 1.9644553 1.8633652 2.0580578 2.0006703 2.1229440 2.0766631 3.3262466 2.4698240 1.9651178 2.0260753 2.1739480 1.9362902 1.8946617 2.1022497 1.3870300 1.5086882 2.2968759 3.5746049 3.8602182 4.7801492 
Stedip_EP00041_Stephanoeca_diplocostata_P028744     1.9676232 2.0401210 1.9067716 1.7705624 1.9398848 1.8625351 1.6710086 1.6055733 1.6409423 1.3664734 1.5552107 1.3545622 1.4737180 1.6214441 1.7947180 1.6430358 1.3063815 1.8922985 2.0175348 1.9597817 1.9699811 1.8744172 1.9246716 1.8485035 1.9547097 1.8447116 1.9535809 1.9526752 2.0968632 1.8293191 1.2549468 1.5494753 1.5067835 1.2416253 0.9170567 1.4126121 1.3569275 1.6107224 1.9039640 1.7358286 1.0754726 1.0833116 0.0000000 1.3883472 1.5596307 1.9976062 2.2925925 1.6532581 2.2785295 2.1104320 2.2018360 2.2776047 2.2773544 1.8479801 1.7801242 1.9965015 1.7073436 1.7990257 1.7710739 2.0547842 2.2048295 2.6586858 2.5012331 1.9769431 2.1073617 2.0203384 2.2489650 1.6685273 2.0501814 1.3794912 1.3498590 2.6412483 2.9400712 4.3961545 4.8982200 
Mylflu_EP00047_Mylnosiga_fluctuans_P003862          1.4333473 1.6037063 1.6078994 1.5079604 1.5638001 1.4109263 1.4300160 1.4040553 1.3907785 1.1853215 1.4606819 1.1177592 1.3227139 1.1797281 1.5455146 1.5726926 1.1850006 1.6674910 1.6958573 1.7077649 1.6988468 1.6523039 1.6877627 1.6575251 1.4850189 1.4395938 1.5309071 1.6488281 1.7924548 1.6566246 1.1992502 1.4417490 1.3888282 0.9874397 0.9395506 1.1560884 0.9423837 1.1732509 1.7031781 1.5707954 1.4512838 1.4530823 1.3883472 0.0000000 1.3289409 1.9378705 1.9925564 1.3015447 1.7089059 1.6222832 1.7675318 1.8636936 1.8759588 1.4867148 1.4377655 1.5901832 1.5421052 1.6196034 1.5992523 1.7221108 1.8064235 2.9152987 2.1520728 1.6338546 1.6363911 1.7268910 1.7912560 1.4754893 1.7377518 1.6616821 1.3471597 2.0630922 2.7732891 3.9377469 3.8137295 
Didcos_EP00039_Didymoeca_costata_P012959            1.6550801 1.7123882 1.6263057 1.4380151 1.6067618 1.4042841 1.3870902 1.2959003 1.4746562 1.0952485 1.3998153 1.2365487 1.3681660 1.4209185 1.4891502 1.6919682 1.2077335 1.7285280 1.7767437 1.7261754 1.7316008 1.7024267 1.7539624 1.7278404 1.6184484 1.6131982 1.6305711 1.6856292 1.6456767 1.8512604 1.1736201 1.6095573 1.5668937 1.2374020 1.0520691 1.1408798 1.3921992 1.4483551 2.0561238 1.8102461 1.6460723 1.4666980 1.5596307 1.3289409 0.0000000 1.8841979 2.1340557 1.6987047 2.1375076 2.0346836 2.1154552 2.1623274 2.3449954 1.5180145 1.4797999 1.5846629 1.5379304 1.5625623 1.6345857 1.7607478 1.7518056 1.8462772 2.2072117 1.7730530 1.7668469 1.7515696 1.7939730 1.5892005 1.7967151 1.7153292 1.2037987 2.1505044 2.6984250 3.9778941 3.7697134 
Tcas_TC010881_001                                   1.5354557 1.5080855 1.4657727 1.3934872 1.3317843 1.4079813 1.3525891 1.3576619 1.3315292 1.1567786 1.4105126 1.0297163 1.3164076 1.1665817 1.4084935 1.3547752 1.1457090 1.7382694 1.7875457 1.8079361 1.7065827 1.7004484 1.7635094 1.6371926 1.4990132 1.5486569 1.5320040 1.5496542 1.7097717 1.0541410 1.5373444 2.2331425 2.1983251 1.8507284 1.4117360 1.8643856 1.8421720 1.8450440 2.0781228 1.9152232 2.0521659 1.9757835 1.9976062 1.9378705 1.8841979 0.0000000 2.2552761 1.4908001 2.2084319 2.0205389 2.1765014 2.2679278 2.3898677 1.4072979 1.4800154 1.6403457 1.4792883 1.5482598 1.5394044 1.9233105 1.8337889 3.2134358 2.4104551 1.8602200 2.0679384 1.9531194 1.8610147 1.8709498 1.5936585 2.1277979 1.2502195 2.5601940 2.8220488 5.2200033 4.1793014 
Mlei_ML3517.g7.i1                                   1.8498194 1.8699560 1.6586065 1.7906862 1.8412737 1.7240009 1.6864978 1.6062460 1.7492774 1.4562960 1.7855256 1.3105944 1.5825040 1.7056735 1.7992565 1.7683943 1.3495027 1.9425193 1.8426433 1.9816680 1.9534094 1.8340222 1.8944487 2.0572818 2.1195824 2.2157414 2.0501967 2.2399259 2.2201594 1.9857618 1.7038068 2.6112757 2.4507004 1.8755024 1.4888397 2.0966323 1.8908570 2.1382959 2.5494829 2.4653705 2.6634409 2.3619587 2.2925925 1.9925564 2.1340557 2.2552761 0.0000000 0.3370532 0.4398818 0.3033806 0.5256057 0.5474758 0.4493281 1.8784263 1.8184619 1.8344622 1.7585422 1.9167511 1.8394115 2.0614231 2.0525942 3.4955695 2.5682946 1.9246880 2.0526794 2.0653348 2.4892665 2.2669029 2.2353388 2.4604616 1.6082084 3.1374038 4.1056946 1.3074026 5.2827433 
Eupdun_Edun_sb10642335                              1.3447055 1.2152804 1.2456090 1.2246932 1.2905282 1.2105727 1.2493758 1.2649614 1.2349139 1.2637309 1.2998790 1.1678557 1.2485339 1.1956007 1.2449331 1.2387385 1.3125822 1.2913594 1.3200179 1.2753419 1.2544262 1.2721382 1.2721382 1.3202715 1.3396094 1.3884943 1.3139269 1.1430954 1.3496179 1.2461141 1.7001334 2.0008480 1.8875165 1.2209761 1.4362158 1.6176684 1.1999064 1.2599524 1.8342103 1.8484948 1.6992710 1.7026097 1.6532581 1.3015447 1.6987047 1.4908001 0.3370532 0.0000000 0.3335596 0.3516961 0.3575426 0.3763239 0.4104798 1.2657805 1.3199670 1.2084263 1.1999071 1.2210274 1.1460473 1.3724460 1.2607086 2.0104624 1.8471428 1.2985085 1.3902204 1.3649064 1.5261798 1.6091297 1.3147449 1.7138525 1.3351591 2.3087953 2.7039695 1.2109065 6.2483691 
Lampan_Lpan_4283_01                                 1.8481060 1.7685553 1.8227488 1.7895416 1.8621664 1.7667946 1.7355063 1.6680732 1.6981241 1.4782673 1.8222283 1.3479856 1.6348347 1.7867513 1.8286686 1.7720360 1.4065512 1.9532563 1.9504912 2.0112244 1.9790638 1.8355694 1.8983168 1.9223688 1.9725315 2.0491831 1.8237151 1.8998844 2.0668636 1.9641612 1.7729878 2.5894727 2.3953069 1.7878413 1.5543243 2.1706364 1.8342426 2.0588182 2.6425397 2.4630926 2.4829927 2.2803442 2.2785295 1.7089059 2.1375076 2.2084319 0.4398818 0.3335596 0.0000000 0.5053632 0.4487896 0.4404566 0.5549014 1.7904448 1.7452574 1.7329511 1.8001282 1.8182461 1.8256660 2.0012262 2.0894968 3.4346144 2.2691290 1.7281135 1.8026840 1.8183369 2.0542958 2.2530504 2.2415305 2.5563272 1.6391604 2.8743491 4.0726425 1.4052469 4.8675390 
