79
Hsap_ENST00000351948                                             0.0000000 1.2630106 1.5647830 1.5088400 1.5677339 1.7952539 1.6517843 1.6758495 1.5672838 1.6439406 1.6420175 1.4179726 1.5549590 2.5883629 2.3063388 1.0552523 2.2559734 2.9534032 2.7098150 2.7333774 2.5953465 3.5470945 2.9446032 1.8293517 1.9299495 1.8247917 1.8502269 1.8498586 1.8900156 1.7573876 1.8928132 1.6728803 2.1837912 2.3777829 1.8226391 1.5611722 2.0227116 2.1578781 2.0667475 2.1368237 2.4556210 2.5799753 3.1447919 3.1941027 3.2334638 1.8834012 2.5683502 2.5297896 3.0269325 2.1170613 2.6640750 1.8580839 2.3720875 2.3862978 2.4402367 2.0886903 2.5126861 2.5352849 2.4632139 2.2164730 2.7512654 2.5126451 2.6225310 2.7452372 2.8054441 3.6456907 3.5183998 3.3738503 3.2572249 2.7170719 3.0121144 3.0352066 3.0841096 3.6066841 3.5727727 3.5652545 3.0286386 3.9595609 3.9730088 
Bralan_BLAG02001872_1                                            1.2630106 0.0000000 1.1713375 1.0332550 1.2687761 1.3455290 1.3744687 1.4110887 1.2667592 1.2450098 1.2605145 1.2861353 1.4708010 2.3986363 2.0508018 0.9518013 2.0731620 2.4808122 2.4128017 2.4426257 2.2491071 3.1625129 2.3805816 1.4692461 1.5831351 1.5337578 1.5353749 1.5176903 1.4678989 1.4815929 1.1531583 1.2820290 1.8861439 2.0008912 1.5167096 1.2575589 1.7127324 1.8086152 1.7286619 1.7569317 2.5510397 2.4672005 2.9614259 2.9495602 2.8917306 1.9186808 2.1803481 2.2524249 2.8171929 1.8197155 2.4848993 1.4599028 1.9700000 1.9580369 2.1675518 1.6824560 2.1861339 2.2361024 2.1828498 1.9646678 2.4010665 2.3228233 2.4400448 2.4624659 2.5018809 3.5353462 3.2323114 3.1148047 3.0443355 2.3182069 2.6548419 2.8541122 2.8844551 3.2465799 3.2148904 3.1614610 2.8815577 3.7691707 3.4659370 
Cgig_XM_034458595.1                                              1.5647830 1.1713375 0.0000000 1.0068507 1.3118403 1.5200862 1.6318872 1.7008083 1.5383586 1.5251800 1.5655161 1.3051604 1.4201645 2.6057936 2.3295195 1.0723215 2.2122619 2.4861003 2.4492325 2.5720674 2.4195665 3.2356112 2.6381934 1.7050460 1.7647543 1.7414756 1.5813443 1.5607263 1.5442679 1.6766989 1.6004896 1.5902059 2.0875033 2.1404703 1.5839437 1.4225824 1.9291762 2.2050109 2.0581738 2.1250297 2.3922032 2.5077495 2.7741393 2.8767060 2.8389255 1.8098769 2.3224150 2.3836342 2.6260719 1.8219474 2.4134771 1.4512989 2.2399278 2.2040935 2.1711796 2.1870938 2.3896508 2.3591067 2.4626122 2.1875056 2.4919427 2.5252333 2.5969683 2.5407445 2.5387683 3.5063749 3.2188416 3.1862767 3.2056623 2.2719672 2.6090911 3.2555522 3.0065490 3.6162611 3.5131253 3.3481974 2.8833284 3.8471284 3.9686832 
Acagra_model.g12326.t1                                           1.5088400 1.0332550 1.0068507 0.0000000 1.1825782 1.6388388 1.5609137 1.6362791 1.4381558 1.4859291 1.4686166 1.3691911 1.4907794 2.8359005 2.3774797 1.0870766 2.1775838 2.8768820 2.6307958 2.7912418 2.6476565 4.3750700 2.9212294 1.7630467 1.8041488 1.6592156 1.6510486 1.6444042 1.6739406 1.6356327 1.6236843 1.5877124 2.0510922 2.0967075 1.5280225 1.5064505 1.9270882 2.0585208 1.9831294 2.0311634 2.6444010 2.4950287 3.0650223 3.0885766 3.0583836 1.8694577 2.4655899 2.4077313 2.8309003 1.9727735 2.4528412 1.5425551 2.2039335 2.1496761 2.4119271 2.0887377 2.4115254 2.3954824 2.3674502 2.1192285 2.5214653 2.5408613 2.6330912 2.5895354 2.5260598 3.8179309 3.3250558 3.1016821 3.2620771 2.3394145 2.7850490 3.2888699 3.2386509 3.7779770 3.7303572 3.3174074 2.9914595 4.0583703 4.0150321 
Cscu_XM_023384956.1                                              1.5677339 1.2687761 1.3118403 1.1825782 0.0000000 1.5099521 1.5034392 1.8346800 1.5171322 1.4599080 1.4802754 1.2863840 1.3981090 2.2610579 2.2618021 1.0233053 2.1903158 2.5049945 2.5029225 2.9448322 2.8223643 2.4422283 2.5799468 1.6091208 1.6058577 1.5767263 1.3956791 1.5823736 1.6060637 1.6793498 2.0177426 1.5269165 1.9839392 1.8133249 1.5976399 1.3666365 1.8847059 1.9108165 1.8811156 1.8221031 2.0040248 2.5561449 2.6545716 2.7667683 2.6170178 1.5545768 2.4035157 2.2089847 3.5736154 1.8482354 2.4288804 1.6898209 1.9170095 1.9976297 2.2716393 2.2825356 2.9481883 2.2042600 2.7988055 2.0024089 2.4373509 2.2281110 2.3826329 2.5120043 2.2921125 4.4721174 2.9828301 2.6112480 2.8024991 2.1536134 2.7162359 2.9689018 3.0030630 3.1260673 3.0649799 3.0957657 2.6376247 3.5141448 4.0980375 
Nvec_v1g113902                                                   1.7952539 1.3455290 1.5200862 1.6388388 1.5099521 0.0000000 0.8238996 0.9061102 0.7433452 0.7398871 0.7317195 1.3351901 1.3034582 2.4998192 2.0740375 0.9630599 2.1344328 2.4692347 2.3304965 2.4544456 2.3011923 3.9640525 2.6355856 1.1012581 1.1386303 1.3447732 1.3587763 1.3888287 1.3198553 1.2477649 2.1902729 1.8057891 1.7084912 1.7856563 1.4120306 1.3652380 1.7733827 1.7808879 1.7437820 1.8160917 2.3347623 2.2995140 2.9218552 2.9595453 3.0039835 1.8736613 2.3987638 2.3229613 3.0370772 1.6516474 2.2413080 1.7968257 1.8194574 1.7860186 2.1654843 1.0947518 1.9484008 2.1593130 2.3245418 2.1085015 2.3705249 2.4122649 2.4300152 2.3855585 2.7046852 3.2411670 3.3203726 3.2476545 3.0188876 2.5701029 2.4944114 3.1522141 2.9035448 3.5520495 3.6541737 2.9356910 2.9324327 4.0427580 4.1546779 
Adig_XM_015912148.1                                              1.6517843 1.3744687 1.6318872 1.5609137 1.5034392 0.8238996 0.0000000 0.0554186 0.3651541 0.4112733 0.4133363 1.3354687 1.3486672 2.5976927 2.0929640 0.9751243 2.0995740 2.6629486 2.4641785 2.5032888 2.3295169 4.3497162 2.7078416 1.1297585 1.1857488 1.3562599 1.4042589 1.3052264 1.3037527 1.2069620 2.3531355 1.7951370 1.9443519 2.1773238 1.4983787 1.3487278 1.8382015 1.8912176 1.9476069 1.8540469 2.4266831 2.4232599 2.9458995 3.0921545 3.1565930 1.9342894 2.4397303 2.4185927 2.8999193 1.6386576 2.3237573 1.8247713 1.8092296 1.6964501 2.2830235 1.1057264 1.8844022 2.1772814 2.4021192 2.1447093 2.4108157 2.3863799 2.4600436 2.4909037 2.6442776 3.7910844 3.4914783 3.3576980 3.1772856 2.6143393 2.8777930 3.1474468 3.0289641 3.6483729 3.6888759 3.1905173 3.2738083 4.0865139 4.1238579 
Amil_Amillepora19986-RA                                          1.6758495 1.4110887 1.7008083 1.6362791 1.8346800 0.9061102 0.0554186 0.0000000 0.4198141 0.4993802 0.4781403 2.0755622 3.1344376 2.8652250 2.6119133 1.5581008 2.2693508 2.8327183 2.5214047 2.3188358 2.1363406 4.0783127 2.6434346 1.2240344 1.2896489 1.4361598 1.6498243 1.4274795 1.4160761 1.3386968 2.0596309 1.8372907 1.9692024 1.9119131 2.1081832 2.4426588 1.9543236 2.0112758 2.0619444 1.9437837 2.6980962 2.5137783 3.1120840 3.1088783 3.1239075 2.7302897 2.5362876 2.5961432 2.9671356 1.7278625 2.4126866 1.8289488 1.6444860 1.8232460 2.2372458 1.0335974 1.6722034 2.0065276 2.0910939 2.2137738 2.4008372 2.4154796 2.5274796 2.4497431 2.7151096 3.9414736 3.3909654 3.4864802 3.2196957 2.6877957 2.6816933 3.1627508 3.0061701 3.6908150 3.9008040 2.9693847 3.3299062 4.0285548 3.7536091 
Gasp_gasp1.m3.17688.m1                                           1.5672838 1.2667592 1.5383586 1.4381558 1.5171322 0.7433452 0.3651541 0.4198141 0.0000000 0.2044764 0.1890031 1.2609699 1.3092035 2.4166717 1.9764171 0.9378852 1.9333112 2.4676411 2.3606643 2.3433616 2.1812118 3.6941749 2.4302369 1.0465812 1.1402759 1.2983281 1.3456992 1.2970625 1.2668797 1.1587014 2.0664020 1.6698988 1.8129626 1.9365810 1.5123269 1.2723020 1.6994074 1.7704922 1.7605413 1.6937773 2.2642000 2.2971407 2.8170691 2.9701502 3.0314328 1.8174242 2.2427270 2.2326936 2.8398287 1.5505133 2.1723952 1.7080172 1.6383208 1.5802401 2.1497683 1.0548859 1.8462480 2.1463133 2.1100360 1.9901580 2.3030396 2.2900631 2.4118302 2.3132151 2.4837908 3.6041419 3.3471078 3.3105480 3.0605317 2.3709698 2.6847474 2.9799700 2.9389078 3.6412309 3.6919623 2.8926567 2.9151050 3.9062208 3.8631783 
Spis_XP_022781850_1                                              1.6439406 1.2450098 1.5251800 1.4859291 1.4599080 0.7398871 0.4112733 0.4993802 0.2044764 0.0000000 0.0778441 1.1984250 1.2499104 2.3428291 1.8721446 0.8441026 1.9054380 2.3702328 2.2922072 2.3606076 2.1631090 3.7264824 2.3577816 1.0387294 1.1352286 1.2310173 1.2987730 1.2713541 1.2392041 1.1524220 1.9921557 1.6818681 1.8257550 1.8920881 1.4869147 1.3070806 1.6777812 1.7637816 1.7383810 1.6770106 2.2857946 2.2973030 2.7501794 2.9893332 3.0136490 1.7348573 2.2480864 2.2198045 2.7088070 1.5337571 2.2407953 1.6828120 1.6541460 1.5908585 2.1881345 1.0736327 1.7745525 2.1529196 2.1595257 1.9896195 2.3166930 2.3794423 2.4206127 2.3315795 2.5315650 3.6027175 3.4036488 3.3811980 3.1199559 2.4665059 2.7394821 3.0407597 2.9399059 3.6942299 3.6844634 2.9154394 2.9457132 3.9836767 3.7741492 
Pocdam_XM_027196722.1                                            1.6420175 1.2605145 1.5655161 1.4686166 1.4802754 0.7317195 0.4133363 0.4781403 0.1890031 0.0778441 0.0000000 1.2322357 1.3121601 2.3515369 1.8969537 0.8778407 1.9197856 2.3770235 2.3010244 2.4057155 2.1796840 3.8490173 2.3547360 1.0544431 1.1321448 1.2146225 1.3259035 1.2760295 1.2295918 1.1339115 2.0455952 1.7062388 1.8269250 1.9430175 1.4841265 1.3047393 1.7095121 1.7699169 1.7504309 1.6929566 2.2758553 2.3118028 2.7783628 3.0316134 3.0507969 1.7930892 2.2557839 2.2717940 2.6808175 1.5315760 2.2470571 1.6998088 1.6028122 1.5228522 2.1617518 1.0704554 1.8233978 2.1125100 2.1788909 2.0173063 2.3101036 2.3349151 2.4034097 2.2875656 2.5136265 3.5172355 3.3663078 3.3538669 3.0403686 2.4316571 2.6769565 3.0486880 2.8501714 3.7076909 3.7384674 2.8915195 2.9781383 3.9582040 3.6978145 
Mlei_ML1029.g7.i1                                                1.4179726 1.2861353 1.3051604 1.3691911 1.2863840 1.3351901 1.3354687 2.0755622 1.2609699 1.1984250 1.2322357 0.0000000 0.0237143 0.3829590 0.3512863 0.3109208 0.3589889 0.7358444 0.7228743 1.0787590 0.2350992 2.4579828 0.2289960 1.4419938 1.3587874 1.2201115 1.1379846 1.3442839 1.3922960 1.2740734 9.0000000 1.4558075 1.3714698 3.8242586 1.4409010 1.6193770 1.6352511 1.6401748 1.6302682 1.6323289 2.2781495 1.7328191 1.9159197 1.4755761 1.6262156 1.5334000 1.4924584 1.8026165 1.1333904 1.5100998 1.4322027 1.5080055 1.2034182 1.3232276 1.5035920 1.2419943 1.5227937 1.2107405 4.4792233 1.6475359 1.8826568 1.7601450 1.6332993 1.8625494 1.6196877 2.9177349 2.3481324 2.0722385 1.8794102 1.7305918 1.2803110 1.7023768 1.9152920 2.1338383 2.0821014 2.1535202 2.0713726 2.8434796 2.9252745 
Vmul_sbMO481297                                                  1.5549590 1.4708010 1.4201645 1.4907794 1.3981090 1.3034582 1.3486672 3.1344376 1.3092035 1.2499104 1.3121601 0.0237143 0.0000000 0.5291426 0.4773851 0.4132079 0.4597054 0.7987548 0.7786608 0.0000010 0.5300775 0.0000010 0.4208163 1.5778881 1.6665139 1.3845885 1.3256824 1.4800885 1.4821798 1.4297807 0.0000010 1.4698564 1.5288812 1.1554573 1.5157454 1.4345326 1.8587870 1.7959131 1.6407568 1.8173810 1.8643442 1.7130476 1.9556321 1.7155665 1.8881823 1.7160958 1.7566841 2.1292879 0.0000010 1.5312139 1.4579373 1.5462527 1.2160349 1.3559196 1.6605675 1.6036050 0.0000010 1.6571527 0.0000010 1.7777186 2.0323921 1.7654165 1.5223266 2.0825363 1.4641741 1.4161650 2.4256456 1.8651581 1.9828374 1.8341003 0.0000010 2.1485429 1.8814636 2.0218803 2.1509967 0.0000010 2.0323118 2.6602021 3.7521216 
Coeast_Cast_sb800718                                             2.5883629 2.3986363 2.6057936 2.8359005 2.2610579 2.4998192 2.5976927 2.8652250 2.4166717 2.3428291 2.3515369 0.3829590 0.5291426 0.0000000 0.0244420 0.2810934 0.6708057 1.3634989 1.3807573 1.0519739 0.8632880 1.1596890 0.8572977 2.5807566 2.5914239 2.4390996 2.3180434 2.5648870 2.4305514 2.3498975 3.4085592 2.9294616 2.9941697 3.6162328 1.8229651 1.3662952 2.5245179 2.7087798 2.6624172 2.6463343 2.9141249 3.1898029 3.2484663 3.5430191 3.5691833 2.2906762 2.8786101 2.8864883 3.1734520 2.5672781 3.0237659 2.7642233 2.6304933 2.5315178 2.7774422 3.2463751 3.4101673 3.1565891 3.7995085 3.0483731 3.3310502 3.0043921 3.1007545 3.4376223 3.0130054 4.1077973 3.8756408 3.8052421 3.6554504 3.3062991 3.2563041 3.4538759 3.4993468 3.8494487 3.8717913 3.4455584 3.6804651 4.1389614 4.8390953 
Coemet_Cmet_scaffold22143_01                                     2.3063388 2.0508018 2.3295195 2.3774797 2.2618021 2.0740375 2.0929640 2.6119133 1.9764171 1.8721446 1.8969537 0.3512863 0.4773851 0.0244420 0.0000000 0.2730545 0.5811856 1.3226417 1.3352066 1.0873455 0.8080284 1.5711935 0.7718957 2.0704798 2.1331625 2.0899909 1.9965108 2.2343445 2.0773228 1.9729876 2.8836721 2.5348683 2.5439616 2.9955974 1.7300822 1.2818195 2.2002927 2.3605352 2.3163800 2.2849233 1.9832474 2.7180976 2.8790142 3.1871547 3.2236021 2.2796727 2.4737360 2.4463369 3.4155203 2.1878719 2.5760869 2.4134300 2.0804277 2.1437519 2.4735447 2.9801928 3.2623632 2.7261016 3.5164313 2.6251409 2.7950937 2.6440331 2.5734280 2.9590535 2.8221595 4.0069816 3.4059482 3.3436846 3.2161169 2.9128337 2.9376209 3.0852574 3.0888563 3.3553428 3.4434624 3.0226208 3.0791403 3.9148485 4.6579317 
Eupdun_Edun_sb10693542                                           1.0552523 0.9518013 1.0723215 1.0870766 1.0233053 0.9630599 0.9751243 1.5581008 0.9378852 0.8441026 0.8778407 0.3109208 0.4132079 0.2810934 0.2730545 0.0000000 0.2722745 0.5880984 0.5661326 0.2245082 0.2466816 0.8827722 0.4098381 1.1065036 1.1934119 1.0472102 1.0568873 0.9775050 0.9874612 0.9755937 3.0272950 1.1242273 1.1439789 2.1176050 1.1394979 1.2978971 1.2206052 1.2123357 1.2324215 1.2527924 1.8161431 1.4544204 1.5801011 1.5867713 1.6553146 1.4949895 1.2112108 1.3425837 1.1189833 1.1592238 1.1422349 1.3409758 1.0600749 1.1718618 1.3040422 1.2339490 1.0888589 1.1341177 0.0000010 1.3476777 1.4215384 1.3656388 1.2701401 1.4377240 1.3601997 2.6604031 2.0373009 1.6115691 1.8559221 1.6319872 1.2675802 1.4706875 1.7367100 1.7131220 1.8083163 1.5902439 1.7304299 2.5185411 2.7049039 
Lampan_Lpan_16230_01                                             2.2559734 2.0731620 2.2122619 2.1775838 2.1903158 2.1344328 2.0995740 2.2693508 1.9333112 1.9054380 1.9197856 0.3589889 0.4597054 0.6708057 0.5811856 0.2722745 0.0000000 1.3087013 1.2766081 0.6607934 0.5845250 1.1374108 0.7545727 2.1377044 2.1869888 2.0510405 2.3390687 2.2323022 2.1572353 2.0572170 3.0297769 2.4590748 2.3816042 2.6317285 1.9671918 1.3881734 2.3071861 2.3594496 2.3469693 2.4460068 2.6363050 2.8558140 3.1431708 3.3722032 3.3793437 2.0662426 2.6490315 2.6326171 3.2196606 2.3342244 2.6931397 2.4581167 2.6615011 2.3714672 2.6132176 2.4285992 2.6299753 2.6584585 2.7368932 2.5330107 2.7948844 2.7471951 2.6838051 2.8445982 2.8368196 3.7862693 3.4142761 3.3672063 3.2375312 2.9040945 2.9330291 3.0324433 3.2299961 3.7121718 3.6597705 3.2890240 3.1078007 3.9578020 4.0322660 
Pbac_sb2657741                                                   2.9534032 2.4808122 2.4861003 2.8768820 2.5049945 2.4692347 2.6629486 2.8327183 2.4676411 2.3702328 2.3770235 0.7358444 0.7987548 1.3634989 1.3226417 0.5880984 1.3087013 0.0000000 0.0342653 1.4059684 1.3828126 1.7893222 1.4484660 2.6105134 2.8454257 2.6597138 2.5682832 2.8271409 2.7051789 2.7113256 3.4500009 2.8134276 2.7676278 3.1064835 2.0204664 1.8521871 2.8218834 2.7949779 2.8427419 2.8817241 2.9468961 3.0870897 3.6101245 3.8359225 3.8469990 2.2904673 3.1097159 3.1477212 3.7497784 2.8612737 3.1322737 2.8450736 2.8230841 2.7298690 2.7108980 3.2141079 3.7049131 3.0107117 3.4904746 3.0257356 3.0412536 3.0345542 3.2073667 3.4316452 3.2260386 5.5747298 3.8678720 3.8490528 3.8032552 3.2486446 3.3750861 3.5991326 3.8034537 3.9767055 3.6712508 4.1344237 3.6011956 4.2401389 4.8628112 
Horcal_Hcv1.av93.c7.g544.i1                                      2.7098150 2.4128017 2.4492325 2.6307958 2.5029225 2.3304965 2.4641785 2.5214047 2.3606643 2.2922072 2.3010244 0.7228743 0.7786608 1.3807573 1.3352066 0.5661326 1.2766081 0.0342653 0.0000000 1.3467161 1.3416851 1.7388602 1.4465032 2.4229360 2.5508555 2.4868981 2.7483372 2.6245937 2.5717162 2.5812391 3.3219791 2.6896157 2.5793078 2.6262832 2.1518157 1.7889626 2.6160619 2.6134318 2.6313361 2.6905108 2.9665850 2.9864542 3.4118389 3.5641065 3.5980582 2.3022044 2.9787128 2.9012738 4.0125231 2.7704018 2.9428148 2.8286518 2.8837963 2.7103184 2.6142516 2.8110916 3.0660629 2.7667957 2.9763736 2.8426383 2.9519905 2.8695740 2.9419235 3.0871597 3.2496215 4.2295381 3.7433188 3.6366905 3.4739645 3.1036828 2.9993737 3.4117669 3.3942502 3.7437962 3.5140395 3.5679275 3.4674636 3.9951444 4.4318162 
Bolinf_Binf_sb1244444                                            2.7333774 2.4426257 2.5720674 2.7912418 2.9448322 2.4544456 2.5032888 2.3188358 2.3433616 2.3606076 2.4057155 1.0787590 0.0000010 1.0519739 1.0873455 0.2245082 0.6607934 1.4059684 1.3467161 0.0000000 0.5965906 0.8368120 0.5608655 2.5026007 2.5101323 2.6130044 3.2139246 2.5411281 2.6232553 2.5506706 3.1851096 2.8261947 2.6180719 2.5787903 4.1190144 0.0000010 2.5145883 2.6450989 2.6815683 2.6166699 3.1376467 3.2110187 3.8187939 3.8906906 3.8437608 5.2997999 3.0026396 3.0333767 3.3901789 2.5776462 3.2194908 2.9518817 2.9929207 2.9624108 2.8126793 2.5601044 2.6920490 2.8467288 2.7244338 2.8274858 3.2827298 2.9320644 2.9911929 3.5174925 3.4307261 3.4737592 3.9910057 3.7442564 3.6687002 3.3341512 3.2148120 3.8710060 3.5330729 4.1202766 4.0746617 3.3666593 3.5066113 4.2036270 4.3728329 
Mertsp_Mesp_sb570095                                             2.5953465 2.2491071 2.4195665 2.6476565 2.8223643 2.3011923 2.3295169 2.1363406 2.1812118 2.1631090 2.1796840 0.2350992 0.5300775 0.8632880 0.8080284 0.2466816 0.5845250 1.3828126 1.3416851 0.5965906 0.0000000 1.0313248 0.7335712 2.4276043 2.4410331 2.3409391 2.7693826 2.5083708 2.4809916 2.3408966 3.4192746 2.7244980 2.7201959 2.6987039 2.5522953 1.4967525 2.5016767 2.5416596 2.5281865 2.5580265 3.0544130 3.1614274 3.4571668 3.5011303 3.5163828 2.7851594 2.8262252 2.8901657 3.1226095 2.6440409 2.9478756 2.6053604 2.7513434 2.7071808 2.8010224 2.5774696 2.5243313 2.7423400 2.6646885 2.7541180 3.2171801 3.0167636 3.0327408 3.2810026 3.2820030 4.0419087 3.9937012 3.8949246 3.5118543 3.1284356 3.0036088 3.5547862 3.2412439 4.1472872 3.9678149 3.4293611 3.4806057 4.2042516 4.1598786 
Drygla_Dgla_sb283442                                             3.5470945 3.1625129 3.2356112 4.3750700 2.4422283 3.9640525 4.3497162 4.0783127 3.6941749 3.7264824 3.8490173 2.4579828 0.0000010 1.1596890 1.5711935 0.8827722 1.1374108 1.7893222 1.7388602 0.8368120 1.0313248 0.0000000 0.7709674 3.7266810 3.6621781 3.8238837 3.5056974 3.6005900 3.5138134 3.1833310 3.7507136 3.5821458 4.1598392 3.6219645 0.0000010 0.0000010 3.3708137 3.0942015 3.3150964 3.5548336 5.2519348 4.9560495 4.1081241 4.3074099 4.4608732 0.0000010 3.4818680 3.4373529 1.8241956 3.7705425 4.2621410 3.7775585 3.3728584 3.5492261 3.2181294 4.0679997 4.4432042 3.6728310 4.2503836 4.3142600 4.4834215 4.1304114 5.6603337 4.7288808 4.0479987 3.7866821 4.6695775 4.9882485 4.1458674 4.1089952 4.2558826 4.6167216 4.7324790 5.4282437 4.9654930 4.3044959 5.4106027 4.7645832 4.6019071 
Beraby_Baby_sb340022                                             2.9446032 2.3805816 2.6381934 2.9212294 2.5799468 2.6355856 2.7078416 2.6434346 2.4302369 2.3577816 2.3547360 0.2289960 0.4208163 0.8572977 0.7718957 0.4098381 0.7545727 1.4484660 1.4465032 0.5608655 0.7335712 0.7709674 0.0000000 2.7951134 2.8679174 2.8341449 2.6519446 2.6819341 2.6426184 2.7166420 3.6955897 3.0204443 3.0279945 3.3953769 2.0288067 1.3400857 2.8201472 2.8327877 2.8883344 2.9109496 3.3675250 3.5474171 3.4664306 3.6560058 3.6884556 2.5638674 3.0943809 3.0228455 3.0286117 2.7012042 3.2450912 3.0225783 2.4377168 2.6504477 2.9589549 2.9463868 3.5670069 3.0252803 3.4962780 3.1321089 3.3118025 3.0011813 3.3483228 3.7541476 3.5553261 5.7977405 4.4273181 4.2537108 3.8348475 3.6092403 3.5264120 3.7507624 3.8030967 4.3565981 4.2144119 3.8941060 3.9659044 4.4286939 4.8901475 
Dgig_XM_028559176.1                                              1.8293517 1.4692461 1.7050460 1.7630467 1.6091208 1.1012581 1.1297585 1.2240344 1.0465812 1.0387294 1.0544431 1.4419938 1.5778881 2.5807566 2.0704798 1.1065036 2.1377044 2.6105134 2.4229360 2.5026007 2.4276043 3.7266810 2.7951134 0.0000000 0.4688281 1.4506254 1.5018879 1.4818368 1.5018632 1.3618233 2.3103097 1.8602815 1.8100500 2.1711014 1.4949048 1.4636202 1.9520879 1.9852727 1.9540675 1.9999709 2.4358347 2.4912978 3.0886528 3.0685570 3.1384131 1.8377886 2.3611158 2.3345110 2.5815976 1.8252617 2.3782425 1.9024541 1.9281331 1.9025726 2.3616192 1.6351648 1.9499995 2.1739587 2.4284366 2.2360121 2.4430149 2.6106613 2.4824568 2.4252894 2.7576945 3.1534039 3.3537875 3.2410560 2.9923076 2.6651484 2.7889542 3.1086979 2.9175441 3.6219850 3.6180542 3.0830354 2.9160847 4.0712594 3.9910339 
Xesp_011390-T1                                                   1.9299495 1.5831351 1.7647543 1.8041488 1.6058577 1.1386303 1.1857488 1.2896489 1.1402759 1.1352286 1.1321448 1.3587874 1.6665139 2.5914239 2.1331625 1.1934119 2.1869888 2.8454257 2.5508555 2.5101323 2.4410331 3.6621781 2.8679174 0.4688281 0.0000000 1.6090661 1.5463162 1.4596677 1.4733374 1.4031244 2.1189179 1.8947096 1.7983745 2.1772016 1.5576453 1.5581003 1.9345124 2.0021734 2.0088643 2.0086796 2.5544659 2.4792808 2.9936487 3.0906581 3.1165968 1.7432311 2.4206604 2.3564067 2.6179859 1.8668022 2.2825964 1.8617931 1.8245783 1.9175458 2.3671896 1.5980067 2.1293056 2.2354323 2.3827399 2.1994545 2.4447384 2.5446125 2.4748902 2.4767465 2.8193048 3.2586139 3.3747043 3.0666542 2.9188988 2.7028399 2.5931741 3.2953410 2.8871805 3.6463846 3.7254327 3.1667313 2.8199647 3.9930568 4.0894021 
Morvir_scaffold103.g62.t1                                        1.8247917 1.5337578 1.7414756 1.6592156 1.5767263 1.3447732 1.3562599 1.4361598 1.2983281 1.2310173 1.2146225 1.2201115 1.3845885 2.4390996 2.0899909 1.0472102 2.0510405 2.6597138 2.4868981 2.6130044 2.3409391 3.8238837 2.8341449 1.4506254 1.6090661 0.0000000 1.3055918 1.2178852 1.2191999 1.1811097 2.7512956 1.8260892 2.0322520 1.9737123 1.6856392 1.3497477 1.9684115 1.9619911 1.9692048 2.0139569 2.4639763 2.6388676 3.0138550 3.3354627 3.2991515 1.9762411 2.4406093 2.5297132 2.7631569 1.7280554 2.6149443 1.9803914 2.1552454 2.0433484 2.3097626 1.7287921 1.7142673 2.2741130 2.6158302 2.2944429 2.6307818 2.4769892 2.4650446 2.5886916 2.7686313 3.2807055 3.2966375 3.0908895 2.9636120 2.6248039 2.6434494 3.1954390 3.1375881 3.7646666 3.5827195 2.7449262 2.7984949 4.1296851 4.2578642 
Aaur_scaffold7.g51.t1                                            1.8502269 1.5353749 1.5813443 1.6510486 1.3956791 1.3587763 1.4042589 1.6498243 1.3456992 1.2987730 1.3259035 1.1379846 1.3256824 2.3180434 1.9965108 1.0568873 2.3390687 2.5682832 2.7483372 3.2139246 2.7693826 3.5056974 2.6519446 1.5018879 1.5463162 1.3055918 0.0000000 0.7058904 0.6482369 0.7271676 2.3413286 1.9702726 2.1143047 2.8176140 1.3376126 0.9467157 2.0106949 2.0095709 2.0903684 2.0107610 2.5584736 2.5841632 2.9000954 3.2934979 3.1966900 1.8277754 2.3838993 2.4500062 2.6259032 1.6417342 2.5985152 1.9501291 2.0035517 1.8183058 2.4081415 1.8086657 2.0924136 2.5676530 3.0782165 2.3519283 2.6333879 2.8522275 2.4738298 2.7479633 2.8012383 4.1397076 3.6884064 3.4218015 3.4886915 2.8896946 2.9497616 3.4399635 3.3189512 3.9706084 4.0469489 3.5389197 3.0896635 4.4089026 4.6743704 
Nemnom_g6034.t1                                                  1.8498586 1.5176903 1.5607263 1.6444042 1.5823736 1.3888287 1.3052264 1.4274795 1.2970625 1.2713541 1.2760295 1.3442839 1.4800885 2.5648870 2.2343445 0.9775050 2.2323022 2.8271409 2.6245937 2.5411281 2.5083708 3.6005900 2.6819341 1.4818368 1.4596677 1.2178852 0.7058904 0.0000000 0.2038242 0.7687794 2.5388305 1.8911122 1.9894570 2.1344041 1.5840820 1.3639424 1.8262847 1.9105312 1.9381588 1.9660260 2.4890341 2.5031298 2.7590262 2.9128721 2.8783822 1.7810631 2.5198802 2.4558715 2.7272540 1.5310564 2.3578651 1.9494852 1.9825044 1.9990716 2.2726032 1.7565199 1.7457074 2.1666028 2.3430401 2.1692106 2.4860782 2.4856023 2.2474743 2.7451985 2.8393330 3.3623010 3.1124586 3.1778988 3.1135822 2.7866989 2.5924761 3.3431418 3.0192613 3.5670247 3.6299474 2.9549699 2.7233127 4.0731415 4.1702239 
Rhoesc_Res_008494-T1                                             1.8900156 1.4678989 1.5442679 1.6739406 1.6060637 1.3198553 1.3037527 1.4160761 1.2668797 1.2392041 1.2295918 1.3922960 1.4821798 2.4305514 2.0773228 0.9874612 2.1572353 2.7051789 2.5717162 2.6232553 2.4809916 3.5138134 2.6426184 1.5018632 1.4733374 1.2191999 0.6482369 0.2038242 0.0000000 0.7309080 2.3286187 1.8654349 2.0361203 2.1606075 1.5572740 1.4432295 1.8268898 1.8774894 1.9274601 1.9426784 2.5222266 2.5252412 2.8453150 3.0247467 2.9437533 1.8138249 2.5023861 2.4901741 2.5826422 1.5404179 2.3683507 1.9435848 1.9235903 1.9791514 2.2362524 1.7324571 1.7776402 2.1236254 2.3306151 2.1391569 2.4021127 2.4834510 2.2215633 2.6905307 2.6860442 3.5284548 3.0910576 3.2595813 3.1200138 2.7414622 2.5760202 3.3307776 2.9967187 3.4461134 3.5452775 2.9140800 2.7549454 4.2235201 4.0393911 
Sanmal_Sma_001297-T1                                             1.7573876 1.4815929 1.6766989 1.6356327 1.6793498 1.2477649 1.2069620 1.3386968 1.1587014 1.1524220 1.1339115 1.2740734 1.4297807 2.3498975 1.9729876 0.9755937 2.0572170 2.7113256 2.5812391 2.5506706 2.3408966 3.1833310 2.7166420 1.3618233 1.4031244 1.1811097 0.7271676 0.7687794 0.7309080 0.0000000 2.1853192 1.8478044 1.9738872 2.0877381 1.6188565 1.4004221 1.8874012 1.9405822 1.9506782 1.8769147 2.2591897 2.4949282 2.8231578 3.0003325 2.9315592 1.7789943 2.3331660 2.3616883 2.6144519 1.5673198 2.4561056 1.8843997 1.9909829 1.9458390 2.3081788 1.6819205 1.7731329 2.2835982 2.2812943 2.1852573 2.6469527 2.4777664 2.3580521 2.6895024 2.7482811 3.4574735 3.2449142 3.0421138 3.0461352 2.7750177 2.5955512 3.1584728 3.1512345 3.6035135 3.5617444 3.1637409 2.8100262 4.0547658 4.0299771 
Skow_XM_006818931.1                                              1.8928132 1.1531583 1.6004896 1.6236843 2.0177426 2.1902729 2.3531355 2.0596309 2.0664020 1.9921557 2.0455952 9.0000000 0.0000010 3.4085592 2.8836721 3.0272950 3.0297769 3.4500009 3.3219791 3.1851096 3.4192746 3.7507136 3.6955897 2.3103097 2.1189179 2.7512956 2.3413286 2.5388305 2.3286187 2.1853192 0.0000000 1.5804920 2.4389673 2.8325468 4.0299536 0.0000010 2.7801159 2.9824899 2.7813360 2.8053876 3.6819200 4.0870040 4.6388255 4.0859305 4.2087766 0.0000010 3.0017451 3.4613292 3.1140841 3.1661957 4.3971697 2.6358749 3.1923712 3.0663351 3.4290343 2.5792532 3.4933400 3.2456586 3.3245003 3.5067779 4.1720348 3.2546528 4.6365851 3.9752478 3.5131055 4.7112023 4.4151176 4.7232190 5.0295247 3.4051944 3.2936458 4.8308190 4.4886071 6.0258308 6.1325158 3.9389310 5.3841301 5.5205218 5.0194024 
Spur_XM_030976328.1                                              1.6728803 1.2820290 1.5902059 1.5877124 1.5269165 1.8057891 1.7951370 1.8372907 1.6698988 1.6818681 1.7062388 1.4558075 1.4698564 2.9294616 2.5348683 1.1242273 2.4590748 2.8134276 2.6896157 2.8261947 2.7244980 3.5821458 3.0204443 1.8602815 1.8947096 1.8260892 1.9702726 1.8911122 1.8654349 1.8478044 1.5804920 0.0000000 2.1533862 2.3289719 1.7849127 1.7168131 2.0721629 2.2224052 2.2198658 2.1574339 2.4422607 2.5459298 3.0800361 3.0521534 3.0607669 2.2137825 2.3485436 2.5177975 3.4861824 2.0639751 2.5382778 1.9301703 2.6056857 2.4950060 2.4965023 2.3124586 2.6535142 2.4791959 2.5288594 2.2014340 2.5933188 2.3927685 2.6983497 2.7555017 2.5206013 3.7976823 3.0995137 3.3628817 3.1479061 2.6375592 2.7844109 3.1781485 3.1556243 3.4707289 3.3650215 3.4722098 2.9472013 4.0136052 3.7503515 
Tetwil_g1417.t1                                                  2.1837912 1.8861439 2.0875033 2.0510922 1.9839392 1.7084912 1.9443519 1.9692024 1.8129626 1.8257550 1.8269250 1.3714698 1.5288812 2.9941697 2.5439616 1.1439789 2.3816042 2.7676278 2.5793078 2.6180719 2.7201959 4.1598392 3.0279945 1.8100500 1.7983745 2.0322520 2.1143047 1.9894570 2.0361203 1.9738872 2.4389673 2.1533862 0.0000000 0.8449627 1.2153017 1.4147120 2.3234930 2.3348972 2.3205351 2.4185961 2.6278095 2.5240278 3.1988791 3.3663392 3.2943939 2.0365146 1.7281715 1.6157780 2.0777400 2.2361190 2.5654882 2.2575506 2.5265018 2.3554768 2.4289990 2.2637780 2.5274300 1.4736093 2.4731738 2.2568382 2.6576755 2.4192831 2.3960494 2.6734257 2.8474212 3.9524948 3.2773614 3.1162684 3.2576273 2.8319462 2.3016199 3.1080517 3.0811426 3.4452981 3.6183596 3.2650213 3.1210386 3.7373485 4.0666314 
Stycar_maker-SC_scaffold3906-snap-gene-0.123-mRNA-1              2.3777829 2.0008912 2.1404703 2.0967075 1.8133249 1.7856563 2.1773238 1.9119131 1.9365810 1.8920881 1.9430175 3.8242586 1.1554573 3.6162328 2.9955974 2.1176050 2.6317285 3.1064835 2.6262832 2.5787903 2.6987039 3.6219645 3.3953769 2.1711014 2.1772016 1.9737123 2.8176140 2.1344041 2.1606075 2.0877381 2.8325468 2.3289719 0.8449627 0.0000000 2.3097605 1.7461578 2.4719982 2.5911979 2.6358901 2.8319753 3.2623988 2.8172880 3.1343859 3.1296457 3.1396024 8.9999983 1.8883915 1.8014262 3.2881821 2.4673861 2.7453518 2.4853780 2.9621980 2.7155829 2.3781367 2.2248761 2.1839184 1.4253021 2.4251138 2.5676636 2.9350390 2.6812526 2.6692753 2.9066393 3.1743125 4.1479542 3.4133498 3.5917957 3.9010960 2.9911762 2.1271300 3.6401698 3.4539887 3.9212296 3.8444629 2.9975981 3.2339023 3.6403383 3.5146388 
Emue_Em0009g967a.t1                                              1.8226391 1.5167096 1.5839437 1.5280225 1.5976399 1.4120306 1.4983787 2.1081832 1.5123269 1.4869147 1.4841265 1.4409010 1.5157454 1.8229651 1.7300822 1.1394979 1.9671918 2.0204664 2.1518157 4.1190144 2.5522953 0.0000010 2.0288067 1.4949048 1.5576453 1.6856392 1.3376126 1.5840820 1.5572740 1.6188565 4.0299536 1.7849127 1.2153017 2.3097605 0.0000000 1.5265788 1.7662656 1.7131800 1.6612575 1.5956250 1.7843743 2.2350401 2.6028919 2.7543029 2.6905782 1.9444292 1.6844338 1.5146929 2.2477858 1.6704470 2.1463966 1.6477464 1.7337213 1.8071956 2.0580755 2.0565175 3.0465467 0.3796332 3.1790650 1.7499335 1.9897976 2.3126311 2.0989310 2.2010829 2.3183667 4.2048374 2.6807871 2.6122120 2.7241311 2.1401255 1.9766801 2.3085009 2.5377462 2.9526020 2.8751734 3.8071301 2.7799139 3.4503772 4.6844987 
Plajan_Pjan_scaffold19862_01                                     1.5611722 1.2575589 1.4225824 1.5064505 1.3666365 1.3652380 1.3487278 2.4426588 1.2723020 1.3070806 1.3047393 1.6193770 1.4345326 1.3662952 1.2818195 1.2978971 1.3881734 1.8521871 1.7889626 0.0000010 1.4967525 0.0000010 1.3400857 1.4636202 1.5581003 1.3497477 0.9467157 1.3639424 1.4432295 1.4004221 0.0000010 1.7168131 1.4147120 1.7461578 1.5265788 0.0000000 1.5448875 1.5521664 1.3487820 1.4643498 1.9400389 1.8923124 1.5238181 1.5387934 1.5791572 1.4285339 1.5149760 1.6082562 0.0000010 1.2491942 1.6250913 1.3838529 1.2829361 0.9842062 1.6628458 1.5967619 0.0000010 0.7158773 0.0000010 1.2502427 1.4873557 1.8071103 1.7676323 1.8609123 1.8199566 4.4187547 2.3255519 2.1812057 2.0033926 1.4966806 0.0000010 2.1613061 2.0701833 2.4912090 2.3464780 0.0000010 2.6995542 2.6230593 3.0930794 
Scil_scict025527.1                                               2.0227116 1.7127324 1.9291762 1.9270882 1.8847059 1.7733827 1.8382015 1.9543236 1.6994074 1.6777812 1.7095121 1.6352511 1.8587870 2.5245179 2.2002927 1.2206052 2.3071861 2.8218834 2.6160619 2.5145883 2.5016767 3.3708137 2.8201472 1.9520879 1.9345124 1.9684115 2.0106949 1.8262847 1.8268898 1.8874012 2.7801159 2.0721629 2.3234930 2.4719982 1.7662656 1.5448875 0.0000000 0.4251221 0.4416483 0.5176109 2.4724199 2.4860405 3.1243412 3.1900309 3.2059233 2.2062351 2.5600219 2.6168704 3.1255041 2.3148095 2.4931909 2.1804479 2.5898574 2.6077493 2.4774163 2.2311047 2.4032273 2.5497775 2.4632364 2.2669619 2.6714278 2.6318003 2.5485488 2.5593187 2.9822397 3.5546481 3.2793440 3.1851291 3.2398933 2.7525493 2.6812572 3.1357304 3.1013507 3.4712824 3.5702104 3.1790461 3.0911018 3.8391154 3.7333497 
Gracom_Gcom_scaffold19142_01                                     2.1578781 1.8086152 2.2050109 2.0585208 1.9108165 1.7808879 1.8912176 2.0112758 1.7704922 1.7637816 1.7699169 1.6401748 1.7959131 2.7087798 2.3605352 1.2123357 2.3594496 2.7949779 2.6134318 2.6450989 2.5416596 3.0942015 2.8327877 1.9852727 2.0021734 1.9619911 2.0095709 1.9105312 1.8774894 1.9405822 2.9824899 2.2224052 2.3348972 2.5911979 1.7131800 1.5521664 0.4251221 0.0000000 0.3889393 0.4915447 2.5618616 2.6769668 3.2511402 3.3208814 3.3417624 2.2256010 2.5292137 2.4580751 3.0994634 2.2981491 2.5283115 2.2181115 2.6044874 2.6151546 2.6095793 2.2614128 2.4502429 2.6120042 2.6467896 2.4124071 2.7225729 2.7071246 2.5941863 2.6448540 2.9462657 3.2196864 3.3008902 3.2554516 3.2145093 2.6753182 2.8244741 3.2208804 3.0422930 3.5038677 3.5012528 3.1849273 3.1692733 3.7655315 3.9639348 
Leuniv_Lniv_scaffold16329_01                                     2.0667475 1.7286619 2.0581738 1.9831294 1.8811156 1.7437820 1.9476069 2.0619444 1.7605413 1.7383810 1.7504309 1.6302682 1.6407568 2.6624172 2.3163800 1.2324215 2.3469693 2.8427419 2.6313361 2.6815683 2.5281865 3.3150964 2.8883344 1.9540675 2.0088643 1.9692048 2.0903684 1.9381588 1.9274601 1.9506782 2.7813360 2.2198658 2.3205351 2.6358901 1.6612575 1.3487820 0.4416483 0.3889393 0.0000000 0.4277008 2.5059789 2.5992911 3.1679247 3.3014739 3.2795338 2.1846927 2.5129206 2.4762352 2.7375923 2.3950025 2.5081812 2.1795136 2.5953234 2.5478361 2.6034301 2.2271304 2.4586189 2.6766893 2.6346790 2.4060931 2.6666255 2.6701221 2.6117812 2.5856853 3.0470102 3.4744775 3.3626860 3.2201931 3.1841211 2.5978842 2.9299206 3.0736728 2.9066338 3.5414113 3.5066447 3.0859909 3.0683495 4.1183164 3.8785286 
Lcom_lcpid13270                                                  2.1368237 1.7569317 2.1250297 2.0311634 1.8221031 1.8160917 1.8540469 1.9437837 1.6937773 1.6770106 1.6929566 1.6323289 1.8173810 2.6463343 2.2849233 1.2527924 2.4460068 2.8817241 2.6905108 2.6166699 2.5580265 3.5548336 2.9109496 1.9999709 2.0086796 2.0139569 2.0107610 1.9660260 1.9426784 1.8769147 2.8053876 2.1574339 2.4185961 2.8319753 1.5956250 1.4643498 0.5176109 0.4915447 0.4277008 0.0000000 2.5391350 2.5973325 3.1581248 3.2908404 3.3630415 2.1377706 2.5896273 2.6152437 3.2057709 2.3844706 2.4904598 2.1832186 2.5510183 2.5299987 2.6420163 2.1936597 2.4519351 2.6714172 2.6047661 2.4039944 2.7305502 2.8132984 2.5935912 2.5127900 2.9308438 3.5543861 3.3612110 3.2689508 3.2654356 2.5923417 2.8243712 3.0716181 3.0730527 3.5042626 3.6676833 3.1761777 3.0809486 3.9006156 3.5907806 
Tadh_TriadT61013                                                 2.4556210 2.5510397 2.3922032 2.6444010 2.0040248 2.3347623 2.4266831 2.6980962 2.2642000 2.2857946 2.2758553 2.2781495 1.8643442 2.9141249 1.9832474 1.8161431 2.6363050 2.9468961 2.9665850 3.1376467 3.0544130 5.2519348 3.3675250 2.4358347 2.5544659 2.4639763 2.5584736 2.4890341 2.5222266 2.2591897 3.6819200 2.4422607 2.6278095 3.2623988 1.7843743 1.9400389 2.4724199 2.5618616 2.5059789 2.5391350 0.0000000 0.8766046 2.0024612 2.0146475 2.0791676 1.0335678 2.5257054 2.7891172 4.4241360 2.6506629 2.7418082 2.7089311 3.4652391 2.7930092 2.6378093 3.0666942 2.7768430 3.0674804 2.9752997 2.9500336 2.5670927 2.7715523 2.6950551 2.9693454 2.7589027 4.4944433 3.4651166 3.5914427 3.5876153 2.8206798 2.8798865 3.4040019 3.1758590 3.7738538 3.5351719 3.6727605 2.6847318 3.7424468 3.6502620 
Hhon_g11096.t1                                                   2.5799753 2.4672005 2.5077495 2.4950287 2.5561449 2.2995140 2.4232599 2.5137783 2.2971407 2.2973030 2.3118028 1.7328191 1.7130476 3.1898029 2.7180976 1.4544204 2.8558140 3.0870897 2.9864542 3.2110187 3.1614274 4.9560495 3.5474171 2.4912978 2.4792808 2.6388676 2.5841632 2.5031298 2.5252412 2.4949282 4.0870040 2.5459298 2.5240278 2.8172880 2.2350401 1.8923124 2.4860405 2.6769668 2.5992911 2.5973325 0.8766046 0.0000000 1.9778702 2.0600952 2.0884836 1.2477465 2.6790425 2.8870895 3.3195253 2.7030006 2.9116525 2.7668809 2.8635026 2.7708164 2.8231693 2.9297182 3.0320022 3.0538253 3.1628696 3.0381750 2.6093400 3.0169718 2.9749206 3.3678938 3.0849752 4.4111634 3.6387075 3.9320609 3.6818716 3.2507014 3.0273571 3.3500231 3.7545991 3.8049693 3.8008326 3.7342179 3.4091696 4.4589764 4.1543969 
TrH2_TrispH2_010610-RA                                           3.1447919 2.9614259 2.7741393 3.0650223 2.6545716 2.9218552 2.9458995 3.1120840 2.8170691 2.7501794 2.7783628 1.9159197 1.9556321 3.2484663 2.8790142 1.5801011 3.1431708 3.6101245 3.4118389 3.8187939 3.4571668 4.1081241 3.4664306 3.0886528 2.9936487 3.0138550 2.9000954 2.7590262 2.8453150 2.8231578 4.6388255 3.0800361 3.1988791 3.1343859 2.6028919 1.5238181 3.1243412 3.2511402 3.1679247 3.1581248 2.0024612 1.9778702 0.0000000 0.5098258 0.5000212 0.2901536 3.1625394 3.1472210 3.9344956 2.9818606 3.1984692 3.1202323 3.3229599 3.0893470 3.3827682 3.3009391 3.5635582 3.6565579 4.0866187 3.6476613 3.4130365 3.2184695 3.3628962 3.4973835 3.5981237 5.5437599 4.1792075 4.0976072 3.8091105 3.6739862 3.6628403 4.2597939 3.8474452 4.1472548 4.2308616 4.5493706 3.7414241 4.7812417 4.9250507 
HoiH06_mRNA3642                                                  3.1941027 2.9495602 2.8767060 3.0885766 2.7667683 2.9595453 3.0921545 3.1088783 2.9701502 2.9893332 3.0316134 1.4755761 1.7155665 3.5430191 3.1871547 1.5867713 3.3722032 3.8359225 3.5641065 3.8906906 3.5011303 4.3074099 3.6560058 3.0685570 3.0906581 3.3354627 3.2934979 2.9128721 3.0247467 3.0003325 4.0859305 3.0521534 3.3663392 3.1296457 2.7543029 1.5387934 3.1900309 3.3208814 3.3014739 3.2908404 2.0146475 2.0600952 0.5098258 0.0000000 0.1362279 0.1719128 3.3348073 3.2170701 4.5954733 3.1252410 3.4770588 3.2763740 3.4744818 3.4292877 3.3843189 3.5988268 3.6175980 3.6293518 3.8761744 3.7787291 3.4701872 3.4299485 3.2928043 3.7116126 3.4675439 5.2857474 4.3634756 4.2519593 4.0003378 3.8367390 3.9391488 4.3178820 4.1305757 4.0902058 4.2514874 4.6059130 3.4681594 4.9437778 4.5524606 
HoiH23_PlH23_010837-RA                                           3.2334638 2.8917306 2.8389255 3.0583836 2.6170178 3.0039835 3.1565930 3.1239075 3.0314328 3.0136490 3.0507969 1.6262156 1.8881823 3.5691833 3.2236021 1.6553146 3.3793437 3.8469990 3.5980582 3.8437608 3.5163828 4.4608732 3.6884556 3.1384131 3.1165968 3.2991515 3.1966900 2.8783822 2.9437533 2.9315592 4.2087766 3.0607669 3.2943939 3.1396024 2.6905782 1.5791572 3.2059233 3.3417624 3.2795338 3.3630415 2.0791676 2.0884836 0.5000212 0.1362279 0.0000000 0.1805441 3.3010503 3.3104705 4.5225392 3.1794652 3.5050968 3.2560493 3.5121173 3.3845385 3.4079888 3.4295975 3.6002937 3.5366846 3.7335348 3.5898864 3.5337614 3.3190426 3.3436653 3.7835466 3.5711229 5.5847001 4.3929716 4.2275547 4.0108541 3.7560669 3.8064117 4.1757048 4.0267685 4.1558560 4.3768079 4.6347243 3.4477950 4.7964722 4.4746604 
HoiH11_mRNA4607                                                  1.8834012 1.9186808 1.8098769 1.8694577 1.5545768 1.8736613 1.9342894 2.7302897 1.8174242 1.7348573 1.7930892 1.5334000 1.7160958 2.2906762 2.2796727 1.4949895 2.0662426 2.2904673 2.3022044 5.2997999 2.7851594 0.0000010 2.5638674 1.8377886 1.7432311 1.9762411 1.8277754 1.7810631 1.8138249 1.7789943 0.0000010 2.2137825 2.0365146 8.9999983 1.9444292 1.4285339 2.2062351 2.2256010 2.1846927 2.1377706 1.0335678 1.2477465 0.2901536 0.1719128 0.1805441 0.0000000 1.9959429 2.0260867 3.7517614 1.9321530 2.2480068 1.8653573 2.2094678 2.0677572 2.0210037 2.6039518 3.6469462 2.5140936 5.5894640 2.2226243 2.2335025 2.0638733 1.9898386 2.5113558 2.5199611 3.8881690 3.1802477 2.6618954 2.5969624 2.5998339 3.3094954 2.8725506 2.8335599 3.3778232 3.3753774 4.3272844 2.2858510 3.1380715 3.3694073 
