76
Hsap_ENST00000393512                                           0.0000000 0.5490436 0.7869092 0.5606713 0.7188160 0.6806191 0.7114865 0.7294216 0.7218973 0.8657832 0.7914888 0.9539700 1.0449974 0.9873486 0.6547516 0.9581679 0.9694062 0.9428366 0.8025180 0.9523485 0.6561625 1.0306555 1.0733270 1.0385187 0.6906609 1.0443945 0.6477615 0.7701377 0.6324412 0.7063672 0.8673911 0.9085131 0.8481832 0.8652015 0.9924510 0.9401757 0.8571198 0.9075213 0.9237998 0.9028913 0.9214562 0.9214562 1.0165898 0.8198550 1.0588790 1.1304945 1.3189214 1.4900575 1.5328359 1.5268415 1.2118263 1.2207960 1.0573668 1.0263764 0.9495498 1.1303860 1.2461275 1.2539716 1.0705771 1.2709753 1.1201303 1.1216443 1.4448957 1.1370899 1.6946726 2.4798417 1.1804321 1.7485015 2.0659785 1.5457987 1.8088135 1.4805112 1.7446503 2.4327488 1.5308706 5.6591968 
Bralan_BLAG07000975_1                                          0.5490436 0.0000000 0.7270474 0.5428411 0.6706371 0.6530237 0.6605788 0.6667139 0.6534063 0.8120469 0.7348136 0.8712831 0.9853352 0.9233065 0.6039614 0.8323206 0.9156921 0.9026638 0.7339094 0.9997482 0.6650176 0.9843570 1.0463023 1.0037008 0.6504821 1.0761209 0.6279097 0.6896307 0.6620604 0.6136814 0.7975294 0.8757665 0.7627812 0.7589937 0.9036314 0.8853498 0.8437611 0.8914382 0.9068324 0.9052320 0.9152148 0.9152148 1.0151953 0.8821888 1.0039204 1.0063168 1.3883149 1.3858754 1.3754775 1.5199455 1.2216653 1.2650943 1.1353130 1.0321426 0.9910558 1.0798891 1.1691355 1.2023519 1.0071659 1.2056728 1.0505733 1.1153681 1.6216062 1.1183556 1.7571507 2.2914066 1.2046302 1.7166353 2.0620137 1.4599925 1.7929307 1.4584194 1.7476581 2.3996731 1.5108318 5.6637287 
Exapal_XM_028661084.1                                          0.7869092 0.7270474 0.0000000 0.2192130 0.4275431 0.4178463 0.4357671 0.4378935 0.4154651 0.5536693 0.5753839 0.7279468 0.9622737 0.8686161 0.6357210 0.8020110 0.8533051 0.8178272 0.6863953 0.8991290 0.5955370 0.9102319 0.9848043 0.9735139 0.6627826 1.0290329 0.8181381 0.9309163 0.8307255 0.7619056 0.9860723 0.9842247 0.9896482 0.9006633 0.8939581 0.9342846 0.9877955 1.0626893 1.0338676 1.0414139 1.0510157 1.0510157 1.1968624 0.9241432 0.9245845 0.9278959 1.4006060 1.3830006 1.3621363 1.5697964 1.1424481 1.2812063 1.0738543 1.0370625 1.0101176 1.0810680 1.1736009 1.2357558 1.1085856 1.2803820 1.0970637 1.1445721 1.7354503 1.1166374 1.8453699 2.6993343 1.2185479 1.8554333 2.2110857 1.6905854 1.8707707 1.4637857 1.8075874 3.0019560 1.4267191 4.9563014 
Nvec_v1g102295                                                 0.5606713 0.5428411 0.2192130 0.0000000 0.3145261 0.2859608 0.2982597 0.2962950 0.2862291 0.4367042 0.4584406 0.5952954 0.6914638 0.6853635 0.5802413 0.6616208 0.6724183 0.6729951 0.5806707 0.8073958 0.6101400 0.7889448 0.8206635 0.8186718 0.6469255 0.8677270 0.6779829 0.6611564 0.6557521 0.6177193 0.7762167 0.7245137 0.7439056 0.6288250 0.7452661 0.8496289 0.8558510 0.8558510 0.8692244 0.8621035 0.8645678 0.8645678 0.9517313 0.8893988 0.7999832 0.7997131 1.2722905 1.3327154 1.3526504 1.2488164 1.1730555 1.1983804 0.8454244 0.8133822 0.7819926 0.8120628 1.0126085 1.0043947 0.8941327 1.0212896 0.8576505 0.8570192 1.3472820 0.8246953 1.6042651 2.0522894 1.0308946 1.4704324 1.6731687 1.1908600 1.3827803 1.3446067 1.4843195 3.6578434 1.2077435 4.9067598 
Gfas_gfas1.m1.2990.m1                                          0.7188160 0.6706371 0.4275431 0.3145261 0.0000000 0.1225170 0.1165268 0.1504320 0.1365423 0.2182767 0.5671608 0.7032191 1.0043942 0.9140716 0.5992878 0.8307133 0.8264867 0.8346179 0.6861843 0.9341502 0.6411059 0.9403489 1.0056774 1.0098128 0.5853626 1.0563987 0.8233612 0.9176497 0.8771887 0.8232870 0.9034725 0.9630758 0.9657499 0.8888633 0.8676790 0.9103127 0.9164246 0.9774307 0.9686225 0.9790270 0.9956938 0.9956938 1.0955649 0.8327758 0.9209896 0.9484652 1.3014370 1.3342359 1.3832132 1.5394685 1.1519108 1.3640725 0.9627235 0.9132649 0.9257789 1.0351103 1.1597619 1.2046914 1.0821747 1.2811636 1.1033578 1.1965384 1.6701383 1.1655355 1.8793985 2.6282124 1.1634626 1.7959596 2.1490981 1.5857696 1.8227643 1.4456336 1.7151000 2.7277483 1.3447648 5.0596310 
Fspp_ffun1.m4.5663.m1                                          0.6806191 0.6530237 0.4178463 0.2859608 0.1225170 0.0000000 0.0672389 0.1243659 0.1065552 0.2216564 0.5521567 0.6999326 0.9316658 0.8860518 0.5947192 0.7968940 0.7930552 0.7848330 0.6408082 0.9264678 0.6086664 0.9383551 1.0052965 1.0060014 0.5701985 1.0797965 0.8138783 0.8919731 0.8399268 0.8191516 0.9035782 0.9462967 0.9110126 0.8606364 0.9102301 0.9229815 0.9102088 0.9820520 0.9796186 1.0117901 1.0256783 1.0256783 1.1505327 0.8475386 0.8998648 0.9338937 1.3549101 1.3199981 1.3700491 1.5299863 1.1666713 1.3028203 0.9611415 0.9557192 0.9489755 0.9920582 1.1359846 1.1984565 1.0519795 1.2304576 1.0491613 1.1448554 1.5647010 1.1370333 1.8157411 2.5891022 1.1723005 1.7498313 2.1150221 1.5508247 1.7330725 1.4442581 1.7054731 2.9425340 1.4131970 4.9213652 
Gasp_gasp1.m3.7929.m1                                          0.7114865 0.6605788 0.4357671 0.2982597 0.1165268 0.0672389 0.0000000 0.1227129 0.1095660 0.2363215 0.5783644 0.7151495 0.9915684 0.9183438 0.5941659 0.7858200 0.7874995 0.7999047 0.6645359 0.9101153 0.6265489 0.9437319 1.0177754 1.0195060 0.5666691 1.0222197 0.8507347 0.8836542 0.8282238 0.8247959 0.8991198 0.9507435 0.9468441 0.9221095 0.9121963 0.9391916 0.9548922 1.0107278 0.9883807 1.0204461 1.0262608 1.0262608 1.1474037 0.8292932 0.9195219 0.9589083 1.2953249 1.3342167 1.3783331 1.5392850 1.1907917 1.3335173 0.9748057 0.9489920 0.9415950 1.0476453 1.1797753 1.2382713 1.0671896 1.2695660 1.0826366 1.1659346 1.5292605 1.1382432 1.7851357 2.4861652 1.1958681 1.7896141 2.1162985 1.5465437 1.8086857 1.4346303 1.6860309 2.8210475 1.4213064 4.8447518 
Spis_XP_022804455_1                                            0.7294216 0.6667139 0.4378935 0.2962950 0.1504320 0.1243659 0.1227129 0.0000000 0.0389948 0.2881360 0.5831117 0.7351472 1.0011330 0.9274859 0.5891940 0.7999283 0.7978643 0.8164970 0.6427504 0.9353399 0.6317762 0.9501615 1.0400278 1.0186979 0.6037070 1.0356650 0.8363915 0.9414585 0.8673733 0.8285474 0.8970304 0.9933596 0.9898442 0.8785694 0.8691670 0.8991514 0.9014980 0.9663245 0.9765976 0.9915759 1.0194035 1.0194035 1.1089891 0.8688117 0.9401323 0.9740465 1.2710935 1.4027015 1.3914651 1.5484565 1.2026030 1.3469299 0.9627676 0.9236018 0.9469521 1.0536508 1.2251323 1.2432110 1.0855100 1.2515224 1.0691093 1.1409277 1.5145870 1.1033626 1.7066565 2.3270671 1.2324855 1.8089326 2.0768162 1.5682983 1.8176599 1.4743539 1.8009520 2.7725961 1.3169895 4.9559039 
Pocdam_XM_027182848.1                                          0.7218973 0.6534063 0.4154651 0.2862291 0.1365423 0.1065552 0.1095660 0.0389948 0.0000000 0.2590144 0.5540149 0.7037345 0.9630629 0.8753714 0.5891185 0.7898888 0.7668720 0.7829176 0.6337235 0.8738423 0.6059045 0.8891973 0.9703335 0.9708387 0.5839567 0.9868865 0.7890492 0.8845012 0.8448656 0.7935057 0.8534846 0.9219118 0.9409074 0.8449072 0.8413506 0.8717930 0.8761237 0.9407471 0.9242756 0.9441062 0.9552333 0.9552333 1.0627964 0.8170683 0.8991560 0.9318380 1.2433270 1.3298621 1.3373870 1.4994217 1.1300093 1.2654016 0.9237338 0.9010775 0.9117259 1.0053512 1.1763543 1.1662099 1.0501725 1.2185266 1.0498616 1.1594201 1.5301206 1.1167648 1.6953454 2.1813523 1.1843357 1.7528613 1.9935676 1.4941519 1.7578354 1.4500730 1.7588309 2.6166512 1.2994314 4.8195435 
Adig_XM_015917889.1                                            0.8657832 0.8120469 0.5536693 0.4367042 0.2182767 0.2216564 0.2363215 0.2881360 0.2590144 0.0000000 0.6737457 0.8383510 1.1313619 1.0277741 0.6077438 0.9577436 0.9529654 0.9460060 0.8004118 1.0517797 0.7116353 1.0460589 1.0947949 1.0812142 0.6510866 1.1840693 0.9947186 1.0258706 0.9941916 0.9842228 0.9649582 1.0956960 1.0920338 1.0651309 1.0720085 1.0345101 1.0463985 1.1267480 1.1095596 1.1081111 1.1422332 1.1422332 1.2820392 1.0421714 1.0790523 1.0713750 1.7089532 1.5122512 1.5354606 1.7526041 1.2903718 1.4890779 1.1188757 1.0706841 1.0569258 1.1464427 1.2315974 1.3888380 1.1896100 1.5186597 1.2485717 1.3369391 1.9258640 1.3032015 2.1196346 3.1018532 1.3421064 1.9321515 2.3910829 1.7939228 2.0180898 1.6607464 1.9377632 3.0908359 1.7580542 5.3370401 
Dgig_XM_028536223.1                                            0.7914888 0.7348136 0.5753839 0.4584406 0.5671608 0.5521567 0.5783644 0.5831117 0.5540149 0.6737457 0.0000000 0.2317826 0.9653717 0.9002897 0.5939800 0.8130308 0.8595957 0.8583783 0.6843493 0.9272387 0.6549977 0.9314097 1.0868364 1.1036323 0.6902841 1.1382185 0.7961259 0.9808818 0.8021138 0.8138485 0.9181046 0.9841300 0.9991891 0.9270608 0.9094012 0.9119172 0.9217942 0.9636929 0.9551811 0.9528022 0.9553355 0.9553355 1.0670497 0.8831510 0.9346377 0.9492269 1.3089173 1.4637602 1.5068952 1.5828596 1.2627995 1.3300825 1.1155774 1.0294098 1.0332215 1.0928029 1.3054818 1.2834599 1.1470664 1.2460389 1.0864568 1.1747310 1.6087804 1.1531128 1.7644251 2.4243028 1.2803250 1.8135163 2.2356810 1.6874930 1.8304457 1.5396675 1.8823677 2.4547988 1.3821082 5.0629093 
Xesp_006643-T1                                                 0.9539700 0.8712831 0.7279468 0.5952954 0.7032191 0.6999326 0.7151495 0.7351472 0.7037345 0.8383510 0.2317826 0.0000000 1.1158220 1.0805951 0.9139427 0.9614368 1.0165616 1.0210826 0.8201162 1.0741364 0.7738117 1.0600410 1.2504540 1.2198030 0.8300398 1.2268002 0.9529583 1.0479258 0.9787934 0.9896849 1.0889578 1.1776213 1.1504149 1.0697444 1.0709119 1.0460710 1.0670064 1.1196812 1.1044985 1.0996722 1.1024302 1.1024302 1.1920343 0.9458958 1.0759889 1.1185827 1.3587211 1.6502171 1.7261170 1.8095710 1.3644278 1.4737220 1.2476969 1.1637638 1.1759473 1.2147473 1.4412203 1.4211226 1.2996544 1.3280658 1.2198782 1.3338482 1.6726103 1.2710963 1.8728554 2.2023459 1.4999072 2.1606901 2.3017312 1.8474801 2.0719391 1.7256403 2.0689937 2.7410025 1.4998813 5.3838377 
Hvul_g20768_1                                                  1.0449974 0.9853352 0.9622737 0.6914638 1.0043942 0.9316658 0.9915684 1.0011330 0.9630629 1.1313619 0.9653717 1.1158220 0.0000000 0.4769631 0.4066958 0.7380021 0.7399858 0.7262267 0.5716942 1.1428185 0.6677360 1.1222000 1.2093665 1.2097857 0.9287570 1.1631241 1.1073093 1.0916549 0.9577259 1.1336137 1.1277336 1.1584160 1.1659044 1.1797986 1.2224794 1.1258519 1.1641115 1.2407133 1.2575539 1.2719793 1.2813799 1.2813799 1.4340101 1.0534199 1.2113301 1.2802614 1.9579431 1.6902356 1.7116640 1.7931313 1.2771883 1.5691286 1.3309984 1.3273416 1.2020134 1.2544898 1.2897854 1.4800149 1.2773343 1.4522854 1.2669402 1.3096057 1.8960498 1.2837569 1.9859801 2.3925159 1.4344456 1.8408378 2.2109661 1.6908391 1.9235705 1.6689307 1.9595368 3.4676605 1.9343364 6.3136148 
Chem_TCONS_00016553                                            0.9873486 0.9233065 0.8686161 0.6853635 0.9140716 0.8860518 0.9183438 0.9274859 0.8753714 1.0277741 0.9002897 1.0805951 0.4769631 0.0000000 0.4037855 0.6751277 0.6778269 0.6873004 0.5433192 1.1188549 0.6427912 1.0854775 1.1627621 1.1587486 0.8566499 1.1141453 0.9951068 1.0145922 0.9359937 1.1210247 1.1257098 1.1427301 1.1028694 1.1293601 1.0538500 1.0410887 1.1171372 1.1869601 1.1711225 1.1775698 1.2060508 1.2060508 1.3280105 0.9930188 1.1505995 1.2082714 1.7807351 1.5902363 1.6599097 1.7968413 1.2873236 1.5262998 1.2857843 1.2560408 1.1793353 1.1732786 1.2664809 1.3225087 1.2112905 1.3600466 1.1924653 1.2343732 1.5406446 1.2201250 1.8523862 2.4275924 1.4747082 1.8234073 2.0165570 1.6647706 1.8877065 1.6220052 1.8684811 2.9640315 1.6129644 5.7108644 
Aaur_scaffold68.g18.t1                                         0.6547516 0.6039614 0.6357210 0.5802413 0.5992878 0.5947192 0.5941659 0.5891940 0.5891185 0.6077438 0.5939800 0.9139427 0.4066958 0.4037855 0.0000000 0.1978694 0.1837024 0.1659561 0.3058540 0.7337486 0.7292949 0.6984732 0.8488007 0.8559014 0.6912559 0.7647510 0.6740723 0.6075480 0.6304920 0.6807912 0.5992339 0.6592115 0.6022531 0.7186904 0.7864522 0.7504254 0.7055478 0.7055478 0.7115306 0.7055841 0.6981684 0.6981684 0.8232655 1.0597653 0.6764401 0.7165071 8.9999982 0.8630372 0.9053521 0.8906525 0.9604837 0.9985718 0.6868424 0.7286399 0.7325334 0.7564966 0.8580288 0.7486861 0.6600718 0.8963487 0.6981125 0.6738319 6.6570457 0.6617457 5.6322414 0.0000010 1.0109155 1.3485668 4.0206480 1.1674618 1.2361067 1.3432781 1.5004962 0.0000010 2.9559234 4.9707856 
Sanmal_Sma_025458-T1                                           0.9581679 0.8323206 0.8020110 0.6616208 0.8307133 0.7968940 0.7858200 0.7999283 0.7898888 0.9577436 0.8130308 0.9614368 0.7380021 0.6751277 0.1978694 0.0000000 0.3197480 0.3177253 0.3955679 1.0890242 0.7385371 1.1108001 1.2122767 1.1783711 0.8276678 1.1270171 0.9657586 1.0199000 0.8934063 0.9801605 1.0066901 1.0811679 1.1120848 1.0869168 1.0044977 0.9614159 1.0458425 1.1033724 1.0646902 1.0686349 1.0632717 1.0632717 1.2166878 0.9878568 1.0616853 1.0740680 1.4910323 1.5174302 1.5637416 1.6919216 1.2890735 1.4063858 1.1367676 1.1728415 1.1392561 1.2524916 1.2765936 1.3246805 1.0995137 1.2908724 1.1181375 1.1793581 1.6743206 1.1522136 1.8324562 2.5899360 1.3982709 1.9933744 2.1380102 1.7587398 1.9051124 1.5210017 1.9893117 2.5858878 1.5311175 5.1165116 
Nemnom_g14928.t1                                               0.9694062 0.9156921 0.8533051 0.6724183 0.8264867 0.7930552 0.7874995 0.7978643 0.7668720 0.9529654 0.8595957 1.0165616 0.7399858 0.6778269 0.1837024 0.3197480 0.0000000 0.1147445 0.4420850 1.1259105 0.7501799 1.1358160 1.2089624 1.1733205 0.7837584 1.0738351 0.9810563 0.9882107 0.9396403 0.9942611 1.0222096 1.0577374 1.1555153 1.1099866 1.0399607 0.9990231 1.0054752 1.0574713 1.0119536 1.0177011 1.0407056 1.0407056 1.1915442 1.0096218 1.0424370 1.1149374 1.4631504 1.4710017 1.5365036 1.7562297 1.3283046 1.3982804 1.2121536 1.1679323 1.1431956 1.1972950 1.2750811 1.3309302 1.1293803 1.2565433 1.1280520 1.2023183 1.6296624 1.2141458 1.6011979 2.2620027 1.3645512 1.9134281 2.1106856 1.7403374 1.9371529 1.5854846 1.9864538 2.6498770 1.5217331 5.4902084 
Rhoesc_Res_010697-T1                                           0.9428366 0.9026638 0.8178272 0.6729951 0.8346179 0.7848330 0.7999047 0.8164970 0.7829176 0.9460060 0.8583783 1.0210826 0.7262267 0.6873004 0.1659561 0.3177253 0.1147445 0.0000000 0.4319164 1.1247979 0.7678876 1.1313044 1.2085184 1.1659585 0.7946838 1.0723903 0.9748290 1.0058397 0.9213548 0.9658644 1.0276391 1.0814854 1.1278666 1.0902613 1.0303270 1.0092533 1.0214932 1.0619751 1.0289772 1.0281083 1.0669667 1.0669667 1.2052871 1.0272257 1.0616944 1.0997088 1.4734180 1.4947171 1.5779758 1.7442908 1.2903325 1.3839422 1.2134150 1.1959661 1.1194270 1.2321643 1.2648012 1.3329580 1.1239606 1.2734115 1.1372205 1.2047183 1.6474767 1.2297858 1.6374142 2.0124792 1.3634779 1.9794490 2.1070159 1.7676660 1.9801358 1.5273364 2.0377046 2.3579390 1.5100827 5.4095222 
Morvir_scaffold65.g72.t1                                       0.8025180 0.7339094 0.6863953 0.5806707 0.6861843 0.6408082 0.6645359 0.6427504 0.6337235 0.8004118 0.6843493 0.8201162 0.5716942 0.5433192 0.3058540 0.3955679 0.4420850 0.4319164 0.0000000 0.9913975 0.6602731 0.9613792 0.9932747 1.0094043 0.7145282 0.9748001 0.8858252 0.9129887 0.7662905 0.7685757 0.8783623 0.9066255 0.9854087 0.8852568 0.9540988 0.8948115 0.9267257 0.9553313 0.9386116 0.9466121 0.9509681 0.9509681 1.0737868 0.8709453 0.9341708 0.9433538 1.2958964 1.4205757 1.4602006 1.5816097 1.2417804 1.3032994 1.0359827 1.0288497 0.9547153 1.1276413 1.1260313 1.1987976 1.1087267 1.3004690 1.1245239 1.1142918 1.4132312 1.0686260 1.6337073 2.2328066 1.2658546 1.8654557 2.0474610 1.6792365 1.8328115 1.4256472 1.9143145 2.5986533 1.4930454 5.2993336 
Aque_Aqu2.1.41189_001                                          0.9523485 0.9997482 0.8991290 0.8073958 0.9341502 0.9264678 0.9101153 0.9353399 0.8738423 1.0517797 0.9272387 1.0741364 1.1428185 1.1188549 0.7337486 1.0890242 1.1259105 1.1247979 0.9913975 0.0000000 0.1772092 0.2496581 0.8191180 0.7961209 0.3977411 0.8715423 1.0053472 1.1408278 1.0356346 0.9961152 1.1260662 1.2041952 1.1998462 1.0678012 1.0177815 1.0006397 0.9515218 1.0134444 0.9834261 0.9890859 0.9926745 0.9926745 1.1089116 1.1046618 1.1281820 1.1619143 1.5788697 1.4689721 1.5114979 1.6587499 1.3548096 1.3754004 1.0459701 1.1375773 1.1056882 1.1785277 1.3162051 1.3344868 1.2577131 1.4844193 1.3378802 1.2715941 1.5810683 1.2414103 2.0717309 2.8755872 1.2746193 1.7915690 2.2190127 1.7040093 1.9358400 1.6873410 1.9616115 2.2378000 1.5354171 5.5131312 
Xestes_maker-XT_scaffold45-augustus-gene-0.9-mRNA-1            0.6561625 0.6650176 0.5955370 0.6101400 0.6411059 0.6086664 0.6265489 0.6317762 0.6059045 0.7116353 0.6549977 0.7738117 0.6677360 0.6427912 0.7292949 0.7385371 0.7501799 0.7678876 0.6602731 0.1772092 0.0000000 0.1467678 0.4889138 0.4892619 0.2072059 0.5080696 0.6444281 0.6644006 0.6656052 0.6684709 0.7636262 0.7196051 0.7105722 0.6396943 0.6778053 0.7049010 0.7188946 0.7188946 0.7210290 0.7236501 0.7405668 0.7405668 0.8228302 0.8919702 0.8123008 0.7990670 1.3724436 1.1694412 1.2167193 1.1801224 1.1143259 1.0509823 0.7722275 0.8466225 0.7491149 0.8201537 0.9823355 0.8782451 0.8060072 0.8642609 0.7985327 0.7689952 0.9488814 0.7776734 1.2402547 2.3416731 0.9362024 1.2406784 1.5490111 1.1312363 1.3172832 1.2285806 1.3164546 0.0000010 0.9263829 4.8975473 
Halamb_c54592_g1_i1m.38690                                     1.0306555 0.9843570 0.9102319 0.7889448 0.9403489 0.9383551 0.9437319 0.9501615 0.8891973 1.0460589 0.9314097 1.0600410 1.1222000 1.0854775 0.6984732 1.1108001 1.1358160 1.1313044 0.9613792 0.2496581 0.1467678 0.0000000 0.7668910 0.7909704 0.4174864 0.8752818 1.0529539 1.1633157 1.0416941 1.0792177 1.1375195 1.1926511 1.1573159 1.0483097 1.0369782 1.0743419 1.0068657 1.0774292 1.0731476 1.0738013 1.0620820 1.0620820 1.2067330 1.1340219 1.1679764 1.2039222 1.6511014 1.4887172 1.5344684 1.6648070 1.3449515 1.3137059 1.0475345 1.1394772 1.1159673 1.2359939 1.2805272 1.3090489 1.3520414 1.4853173 1.3476481 1.3704917 1.7195676 1.3628371 2.1717055 3.0002474 1.2240689 1.8299893 2.2747599 1.7546402 1.8194890 1.6359766 1.9338705 2.9654673 1.5851307 5.5794577 
Emue_Em0034g7a.t1                                              1.0733270 1.0463023 0.9848043 0.8206635 1.0056774 1.0052965 1.0177754 1.0400278 0.9703335 1.0947949 1.0868364 1.2504540 1.2093665 1.1627621 0.8488007 1.2122767 1.2089624 1.2085184 0.9932747 0.8191180 0.4889138 0.7668910 0.0000000 0.1017676 0.4137694 0.9527967 1.1020991 1.1656238 0.9882551 1.0938800 1.1848653 1.1838215 1.1606721 1.1657007 1.1195172 1.0913028 1.0766226 1.1459338 1.1149968 1.1075196 1.1216067 1.1216067 1.2313226 1.1528543 1.2078232 1.2584665 1.7066894 1.4842781 1.5568166 1.6590378 1.3760424 1.4144400 1.2230138 1.1691547 1.1223342 1.2749983 1.1998436 1.3761304 1.4210220 1.5303968 1.3960652 1.3839741 1.8430354 1.4040698 1.9507853 3.9856091 1.1622248 1.9237453 2.2204136 1.6838750 1.8911907 1.6645979 1.7921038 3.3500096 1.6429765 5.7394459 
Spolac_c103673_g5_i1_m.35496c103673-g5                         1.0385187 1.0037008 0.9735139 0.8186718 1.0098128 1.0060014 1.0195060 1.0186979 0.9708387 1.0812142 1.1036323 1.2198030 1.2097857 1.1587486 0.8559014 1.1783711 1.1733205 1.1659585 1.0094043 0.7961209 0.4892619 0.7909704 0.1017676 0.0000000 0.4476739 0.9725215 1.0821209 1.1610371 1.0151876 1.0587050 1.1977068 1.2070944 1.2025068 1.1590230 1.1051432 1.0778446 1.0616625 1.1174427 1.0754282 1.0700880 1.0954787 1.0954787 1.1837924 1.1527230 1.2057674 1.2859868 1.6293040 1.4946017 1.5513152 1.6819366 1.3951843 1.4259361 1.2069429 1.1380031 1.0786405 1.2649195 1.1801316 1.3805250 1.3415112 1.4589093 1.3443080 1.3587437 1.7031980 1.3380177 1.8452332 3.0794564 1.1565507 1.9131514 2.2009459 1.6314530 1.8122096 1.6078204 1.7848479 2.8926221 1.5976435 5.5431808 
Stycar_snap_masked-SC_scaffold35339-processed-gene-0.15-mRNA-1 0.6906609 0.6504821 0.6627826 0.6469255 0.5853626 0.5701985 0.5666691 0.6037070 0.5839567 0.6510866 0.6902841 0.8300398 0.9287570 0.8566499 0.6912559 0.8276678 0.7837584 0.7946838 0.7145282 0.3977411 0.2072059 0.4174864 0.4137694 0.4476739 0.0000000 0.6284279 0.7629457 0.7806434 0.7055966 0.7227505 0.7361966 0.8912691 0.8397291 0.9301515 0.7370419 0.7493439 0.7625602 0.7670287 0.7161850 0.7265274 0.7344979 0.7344979 0.7969491 0.9998197 0.8435600 0.9392203 0.9667501 1.0319123 1.0509457 1.2530900 1.0280021 0.9955280 0.7848143 0.7561226 0.7985813 1.0052683 0.9581310 0.9871374 1.0861950 1.2729009 1.0841082 1.1250289 1.7240996 1.1038151 1.5907929 1.9163611 0.9998272 1.6370338 1.7488192 1.4339520 1.6146415 1.3380940 1.6535833 1.7225123 1.0530291 5.6637357 
Plespi_Pspi_C613438_01                                         1.0443945 1.0761209 1.0290329 0.8677270 1.0563987 1.0797965 1.0222197 1.0356650 0.9868865 1.1840693 1.1382185 1.2268002 1.1631241 1.1141453 0.7647510 1.1270171 1.0738351 1.0723903 0.9748001 0.8715423 0.5080696 0.8752818 0.9527967 0.9725215 0.6284279 0.0000000 1.0449689 1.1981849 1.0700814 1.1176857 1.1220725 1.1680277 1.2095008 1.2435984 1.1576153 1.1752670 1.0737409 1.1377324 1.0828508 1.0922704 1.1103162 1.1103162 1.2107714 1.1135913 1.2914865 1.3158657 1.9003958 1.6407883 1.6330867 1.7162614 1.3799566 1.4295042 1.1673920 1.2394831 1.2077427 1.2622218 1.3293532 1.3070106 1.1836119 1.3376442 1.2497546 1.2577847 1.5571773 1.2179815 1.9213940 3.0771882 1.3472840 1.8388848 2.2184128 1.6508274 1.9306435 1.5745264 1.8494573 2.9875734 1.8327442 6.3140442 
Ctel_gnl_WGS_AMQN_CAPTEDRAFT_mRNA156364                        0.6477615 0.6279097 0.8181381 0.6779829 0.8233612 0.8138783 0.8507347 0.8363915 0.7890492 0.9947186 0.7961259 0.9529583 1.1073093 0.9951068 0.6740723 0.9657586 0.9810563 0.9748290 0.8858252 1.0053472 0.6444281 1.0529539 1.1020991 1.0821209 0.7629457 1.0449689 0.0000000 0.6967743 0.5886556 0.7861558 0.8655607 0.9071203 0.8657831 0.9077956 0.9461458 1.0050244 1.0006725 1.0482627 1.0530142 1.0212962 1.0280093 1.0280093 1.1673975 1.0566297 1.1258049 1.1510149 1.4732225 1.5378551 1.5243347 1.5973500 1.3986457 1.4297598 1.1158003 1.0781513 1.1419220 1.0910059 1.3373049 1.3069287 1.1465971 1.3163095 1.1365063 1.1593928 1.6686976 1.1812187 1.8847081 3.0439297 1.2915947 1.7849515 2.2072536 1.6385164 1.8331638 1.4986771 1.8234249 2.5293963 1.5631320 4.9223283 
Cgig_XM_020067802.2                                            0.7701377 0.6896307 0.9309163 0.6611564 0.9176497 0.8919731 0.8836542 0.9414585 0.8845012 1.0258706 0.9808818 1.0479258 1.0916549 1.0145922 0.6075480 1.0199000 0.9882107 1.0058397 0.9129887 1.1408278 0.6644006 1.1633157 1.1656238 1.1610371 0.7806434 1.1981849 0.6967743 0.0000000 0.4857650 0.8600530 0.9924318 0.9666660 0.9445017 1.0372749 1.0571298 1.1422109 1.0485665 1.0980503 1.0625952 1.0504713 1.0849199 1.0849199 1.1913282 0.9126587 1.1489060 1.1653650 1.8107390 1.5218319 1.4706382 1.6108372 1.3126645 1.4311082 1.1141088 1.1825194 1.0943130 1.2159407 1.2329234 1.2715176 1.1579854 1.3451135 1.1857360 1.1859974 1.5900949 1.2166423 1.8660559 2.9521700 1.3428095 1.7963393 2.0939602 1.5664005 1.9830395 1.6377341 1.8672211 3.0204699 1.6793320 5.4388100 
Acagra_model.g29661.t1_model.g29664.t1                         0.6324412 0.6620604 0.8307255 0.6557521 0.8771887 0.8399268 0.8282238 0.8673733 0.8448656 0.9941916 0.8021138 0.9787934 0.9577259 0.9359937 0.6304920 0.8934063 0.9396403 0.9213548 0.7662905 1.0356346 0.6656052 1.0416941 0.9882551 1.0151876 0.7055966 1.0700814 0.5886556 0.4857650 0.0000000 0.6997462 0.8269021 0.8735108 0.7929952 0.8138355 0.9827337 0.9557377 0.9228652 1.0098617 1.0071015 0.9850298 0.9978929 0.9978929 1.1531796 0.9089795 1.0877543 1.0475287 1.8040581 1.4623862 1.5428143 1.3756554 1.3181577 1.3842872 1.0620861 1.0589277 1.0012041 1.0625552 1.1579493 1.1967917 0.9895265 1.1988917 1.0171807 1.0463453 1.5741200 1.0563824 1.6395337 2.4861232 1.2380100 1.5977870 2.1927535 1.4458396 1.6718276 1.4435560 1.6898508 4.1891365 1.7859086 5.1010039 
Skow_XM_002732791.2                                            0.7063672 0.6136814 0.7619056 0.6177193 0.8232870 0.8191516 0.8247959 0.8285474 0.7935057 0.9842228 0.8138485 0.9896849 1.1336137 1.1210247 0.6807912 0.9801605 0.9942611 0.9658644 0.7685757 0.9961152 0.6684709 1.0792177 1.0938800 1.0587050 0.7227505 1.1176857 0.7861558 0.8600530 0.6997462 0.0000000 0.8786822 0.9804186 0.9587429 0.6939980 0.9797441 0.9986250 0.9227768 0.9766511 1.0039557 1.0075153 0.9941588 0.9941588 1.1028235 0.9197584 1.1048302 1.1100383 1.5184782 1.4545325 1.5074496 1.5304906 1.3021343 1.3058042 1.1522276 1.0502016 1.0346660 1.1209602 1.2099234 1.2765580 1.1260933 1.3201383 1.1817768 1.1621283 1.4538783 1.0930653 1.7907086 2.5414489 1.3035291 1.7326773 2.3742178 1.6846476 1.7891032 1.5104224 1.8734143 2.6174393 1.5880347 5.3979912 
Cscu_XM_023373163.1                                            0.8673911 0.7975294 0.9860723 0.7762167 0.9034725 0.9035782 0.8991198 0.8970304 0.8534846 0.9649582 0.9181046 1.0889578 1.1277336 1.1257098 0.5992339 1.0066901 1.0222096 1.0276391 0.8783623 1.1260662 0.7636262 1.1375195 1.1848653 1.1977068 0.7361966 1.1220725 0.8655607 0.9924318 0.8269021 0.8786822 0.0000000 0.8175616 0.8325909 0.9984903 1.1330418 1.1277097 0.9733535 1.0513588 1.0496429 1.0356915 1.0842428 1.0842428 1.2512334 1.1343723 1.2663766 1.3352998 1.9477601 1.6961983 1.7180052 1.8260313 1.3461930 1.4579934 1.2400596 1.2137783 1.1652275 1.2011834 1.4050143 1.3853360 1.2927878 1.4845425 1.3128300 1.3549655 1.8421421 1.3057472 2.1464678 3.0714765 1.4508448 1.8110901 2.2545520 1.6644020 1.8993947 1.5625202 2.0631945 3.4831825 1.7599742 5.6577221 
Tcas_TC012117_001                                              0.9085131 0.8757665 0.9842247 0.7245137 0.9630758 0.9462967 0.9507435 0.9933596 0.9219118 1.0956960 0.9841300 1.1776213 1.1584160 1.1427301 0.6592115 1.0811679 1.0577374 1.0814854 0.9066255 1.2041952 0.7196051 1.1926511 1.1838215 1.2070944 0.8912691 1.1680277 0.9071203 0.9666660 0.8735108 0.9804186 0.8175616 0.0000000 0.7268518 1.0895982 1.2020468 1.1513753 0.9993097 1.0565248 1.0482787 1.0427215 1.0398171 1.0398171 1.1904170 1.0758026 1.2812913 1.3277794 2.0329171 1.7726587 1.7744223 1.7645679 1.4293576 1.6140270 1.3183180 1.2133761 1.2437981 1.2786841 1.3487254 1.4623491 1.2197198 1.3463696 1.2004624 1.3256476 1.7409730 1.2930936 2.1274420 3.8154374 1.3990661 1.8989758 2.2938161 1.6802401 2.0011856 1.5186904 1.8685305 3.9678179 2.1005667 5.8552506 
Dpul_mRNA24206                                                 0.8481832 0.7627812 0.9896482 0.7439056 0.9657499 0.9110126 0.9468441 0.9898442 0.9409074 1.0920338 0.9991891 1.1504149 1.1659044 1.1028694 0.6022531 1.1120848 1.1555153 1.1278666 0.9854087 1.1998462 0.7105722 1.1573159 1.1606721 1.2025068 0.8397291 1.2095008 0.8657831 0.9445017 0.7929952 0.9587429 0.8325909 0.7268518 0.0000000 0.9698532 1.0880866 1.1316629 1.0298674 1.0628681 1.0638276 1.0557191 1.0623525 1.0623525 1.2298558 0.9924064 1.1905195 1.2255247 1.9236715 1.5964931 1.6303135 1.5369043 1.3375134 1.4596565 1.2664771 1.1681015 1.2298342 1.1639800 1.2972435 1.2798376 1.1431085 1.3790429 1.1924087 1.2187817 1.7803341 1.1985076 2.1438988 3.3157906 1.4180234 1.7066732 2.1258246 1.5709809 2.0250923 1.5254350 1.6144125 2.9240191 1.8492820 5.2087351 
Spur_XM_030976013.1                                            0.8652015 0.7589937 0.9006633 0.6288250 0.8888633 0.8606364 0.9221095 0.8785694 0.8449072 1.0651309 0.9270608 1.0697444 1.1797986 1.1293601 0.7186904 1.0869168 1.1099866 1.0902613 0.8852568 1.0678012 0.6396943 1.0483097 1.1657007 1.1590230 0.9301515 1.2435984 0.9077956 1.0372749 0.8138355 0.6939980 0.9984903 1.0895982 0.9698532 0.0000000 1.0704329 1.0284028 1.0118574 1.0793575 1.0843154 1.0738918 1.0948173 1.0948173 1.2341489 0.9451781 1.2062247 1.1669040 1.7573475 1.6632902 1.7460657 1.7862123 1.3763052 1.5837187 1.1917565 1.1783450 1.0947576 1.1631467 1.2773952 1.3444825 1.2813715 1.3625154 1.2517816 1.3189352 1.6610004 1.3097762 2.0463420 2.5752250 1.3093709 1.8376971 2.1925725 1.7037962 1.8859922 1.5400654 1.9575986 3.3466145 1.7956593 5.4220062 
Opea_EP00118_Oscarella_pearsei_P028844                         0.9924510 0.9036314 0.8939581 0.7452661 0.8676790 0.9102301 0.9121963 0.8691670 0.8413506 1.0720085 0.9094012 1.0709119 1.2224794 1.0538500 0.7864522 1.0044977 1.0399607 1.0303270 0.9540988 1.0177815 0.6778053 1.0369782 1.1195172 1.1051432 0.7370419 1.1576153 0.9461458 1.0571298 0.9827337 0.9797441 1.1330418 1.2020468 1.0880866 1.0704329 0.0000000 0.5619119 1.0477827 1.1149652 1.0778945 1.0686144 1.1168283 1.1168283 1.2876381 0.9644769 0.9435264 1.0387060 1.1934480 1.4684182 1.4934660 1.5284759 1.1746402 1.3319418 1.0850524 1.0344165 1.0154991 1.1353076 1.1676159 1.1732893 1.2283144 1.4751456 1.2800300 1.3097891 1.8119915 1.3245659 2.1161770 2.9845419 1.1864383 1.6107892 1.9728958 1.5339794 1.7187852 1.5281609 1.7670521 2.5122705 0.0276367 5.1210019 
Plajan_Pjan_C571172_01                                         0.9401757 0.8853498 0.9342846 0.8496289 0.9103127 0.9229815 0.9391916 0.8991514 0.8717930 1.0345101 0.9119172 1.0460710 1.1258519 1.0410887 0.7504254 0.9614159 0.9990231 1.0092533 0.8948115 1.0006397 0.7049010 1.0743419 1.0913028 1.0778446 0.7493439 1.1752670 1.0050244 1.1422109 0.9557377 0.9986250 1.1277097 1.1513753 1.1316629 1.0284028 0.5619119 0.0000000 0.9820824 1.0472581 1.0484380 1.0448319 1.0534569 1.0534569 1.2289126 0.8986722 0.9114952 0.9438163 1.1276856 1.4724791 1.4856424 1.5536179 1.2416073 1.3215658 1.1094411 0.9768447 1.0753988 1.0707400 1.2497672 1.2150610 1.2658585 1.4911954 1.2994084 1.3483964 1.8738455 1.3897772 2.0837243 2.7732493 1.1588327 1.6666799 1.9943029 1.5505639 1.6485404 1.4549938 1.6400854 3.3243066 0.9469847 5.0367960 
Tadh_TriadT50819                                               0.8571198 0.8437611 0.9877955 0.8558510 0.9164246 0.9102088 0.9548922 0.9014980 0.8761237 1.0463985 0.9217942 1.0670064 1.1641115 1.1171372 0.7055478 1.0458425 1.0054752 1.0214932 0.9267257 0.9515218 0.7188946 1.0068657 1.0766226 1.0616625 0.7625602 1.0737409 1.0006725 1.0485665 0.9228652 0.9227768 0.9733535 0.9993097 1.0298674 1.0118574 1.0477827 0.9820824 0.0000000 0.0029861 0.1438677 0.1365459 0.1410814 0.1410814 0.1641151 1.1296208 1.1528631 1.1899686 1.6483388 1.4911059 1.5500292 1.6059256 1.2798038 1.4324196 1.0913763 1.0881860 1.0760071 1.1944212 1.2209873 1.2143928 1.1350098 1.2597869 1.1382945 1.1719271 1.4579234 1.1461791 1.7130311 2.2117376 1.2610718 1.7290584 2.0628610 1.6510500 1.7816600 1.4787898 1.6672483 2.2842006 1.6237405 6.2047316 
TrH2_TrispH2_000730-RA                                         0.9075213 0.8914382 1.0626893 0.8558510 0.9774307 0.9820520 1.0107278 0.9663245 0.9407471 1.1267480 0.9636929 1.1196812 1.2407133 1.1869601 0.7055478 1.1033724 1.0574713 1.0619751 0.9553313 1.0134444 0.7188946 1.0774292 1.1459338 1.1174427 0.7670287 1.1377324 1.0482627 1.0980503 1.0098617 0.9766511 1.0513588 1.0565248 1.0628681 1.0793575 1.1149652 1.0472581 0.0029861 0.0000000 0.1490504 0.1398538 0.1427978 0.1427978 0.1648750 1.1296208 1.1941493 1.2403306 1.7044116 1.5254436 1.5839181 1.6338112 1.3232713 1.4739264 1.1289135 1.1196425 1.1205867 1.2500575 1.2638895 1.2681148 1.2043797 1.3159798 1.1827054 1.2413871 1.5648244 1.2046821 1.8913948 2.7216394 1.2958723 1.7809406 2.1512106 1.7010992 1.8395686 1.5466898 1.7358914 2.3799351 1.7610429 6.1946430 
HoiH06_mRNA10345                                               0.9237998 0.9068324 1.0338676 0.8692244 0.9686225 0.9796186 0.9883807 0.9765976 0.9242756 1.1095596 0.9551811 1.1044985 1.2575539 1.1711225 0.7115306 1.0646902 1.0119536 1.0289772 0.9386116 0.9834261 0.7210290 1.0731476 1.1149968 1.0754282 0.7161850 1.0828508 1.0530142 1.0625952 1.0071015 1.0039557 1.0496429 1.0482787 1.0638276 1.0843154 1.0778945 1.0484380 0.1438677 0.1490504 0.0000000 0.0316680 0.0693339 0.0693339 0.1096045 1.1500124 1.1663283 1.2002886 1.5937169 1.4694466 1.5269682 1.7002016 1.3601024 1.4567482 1.1146638 1.1248046 1.1054305 1.1715447 1.3056883 1.2304645 1.1581520 1.3043324 1.1659003 1.2053191 1.4611249 1.1600989 1.8388306 2.9227424 1.2458915 1.7713314 2.0376395 1.6248402 1.7691140 1.5535555 1.7665843 2.4820608 1.6491500 6.0569713 
HoiH23_PlH23_010296-RA                                         0.9028913 0.9052320 1.0414139 0.8621035 0.9790270 1.0117901 1.0204461 0.9915759 0.9441062 1.1081111 0.9528022 1.0996722 1.2719793 1.1775698 0.7055841 1.0686349 1.0177011 1.0281083 0.9466121 0.9890859 0.7236501 1.0738013 1.1075196 1.0700880 0.7265274 1.0922704 1.0212962 1.0504713 0.9850298 1.0075153 1.0356915 1.0427215 1.0557191 1.0738918 1.0686144 1.0448319 0.1365459 0.1398538 0.0316680 0.0000000 0.0698308 0.0698308 0.1047450 1.1657100 1.1925547 1.2089743 1.5901087 1.4894613 1.5405983 1.7125797 1.3567891 1.4727093 1.1185337 1.1325388 1.1044033 1.1694791 1.2695531 1.2267064 1.1586599 1.3045612 1.1745136 1.1991738 1.4665419 1.1535120 1.8170370 2.9067132 1.2585934 1.7731239 2.0734558 1.6280408 1.8054532 1.5623664 1.7287907 2.3304868 1.6261560 6.1200541 
Hhon_g05002.t1                                                 0.9214562 0.9152148 1.0510157 0.8645678 0.9956938 1.0256783 1.0262608 1.0194035 0.9552333 1.1422332 0.9553355 1.1024302 1.2813799 1.2060508 0.6981684 1.0632717 1.0407056 1.0669667 0.9509681 0.9926745 0.7405668 1.0620820 1.1216067 1.0954787 0.7344979 1.1103162 1.0280093 1.0849199 0.9978929 0.9941588 1.0842428 1.0398171 1.0623525 1.0948173 1.1168283 1.0534569 0.1410814 0.1427978 0.0693339 0.0698308 0.0000000 0.0000010 0.1016593 1.1565480 1.1884591 1.2171234 1.6808830 1.5403347 1.5933341 1.6654572 1.3531160 1.4991588 1.1424739 1.1344222 1.1251790 1.2034120 1.2865027 1.2889073 1.1704514 1.3072064 1.1766885 1.2323095 1.4975920 1.1896261 1.8108824 2.8040162 1.2587665 1.7896194 2.1105860 1.6899873 1.8266207 1.5683584 1.7600219 2.3715117 1.7573253 6.0390859 
HoiH04_mRNA12752                                               0.9214562 0.9152148 1.0510157 0.8645678 0.9956938 1.0256783 1.0262608 1.0194035 0.9552333 1.1422332 0.9553355 1.1024302 1.2813799 1.2060508 0.6981684 1.0632717 1.0407056 1.0669667 0.9509681 0.9926745 0.7405668 1.0620820 1.1216067 1.0954787 0.7344979 1.1103162 1.0280093 1.0849199 0.9978929 0.9941588 1.0842428 1.0398171 1.0623525 1.0948173 1.1168283 1.0534569 0.1410814 0.1427978 0.0693339 0.0698308 0.0000010 0.0000000 0.1016593 1.1565480 1.1884591 1.2171234 1.6808830 1.5403347 1.5933341 1.6654572 1.3531160 1.4991588 1.1424739 1.1344222 1.1251790 1.2034120 1.2865027 1.2889073 1.1704514 1.3072064 1.1766885 1.2323095 1.4975920 1.1896261 1.8108824 2.8040162 1.2587665 1.7896194 2.1105860 1.6899873 1.8266207 1.5683584 1.7600219 2.3715117 1.7573253 6.0390859 
HoiH11_mRNA6464                                                1.0165898 1.0151953 1.1968624 0.9517313 1.0955649 1.1505327 1.1474037 1.1089891 1.0627964 1.2820392 1.0670497 1.1920343 1.4340101 1.3280105 0.8232655 1.2166878 1.1915442 1.2052871 1.0737868 1.1089116 0.8228302 1.2067330 1.2313226 1.1837924 0.7969491 1.2107714 1.1673975 1.1913282 1.1531796 1.1028235 1.2512334 1.1904170 1.2298558 1.2341489 1.2876381 1.2289126 0.1641151 0.1648750 0.1096045 0.1047450 0.1016593 0.1016593 0.0000000 1.1703390 1.3573048 1.3948130 1.7649590 1.6298001 1.7371406 1.8612274 1.4165153 1.6039322 1.2120763 1.2483155 1.1952331 1.3452548 1.4588273 1.4175847 1.3294514 1.3468398 1.3495548 1.3653515 1.5280179 1.3005595 1.8578131 2.9422363 1.3865348 1.9745709 2.0614712 1.8001386 1.8226180 1.6137750 1.7830288 2.3591997 1.7883740 6.5926571 
Lcom_lcpid99340                                                0.8198550 0.8821888 0.9241432 0.8893988 0.8327758 0.8475386 0.8292932 0.8688117 0.8170683 1.0421714 0.8831510 0.9458958 1.0534199 0.9930188 1.0597653 0.9878568 1.0096218 1.0272257 0.8709453 1.1046618 0.8919702 1.1340219 1.1528543 1.1527230 0.9998197 1.1135913 1.0566297 0.9126587 0.9089795 0.9197584 1.1343723 1.0758026 0.9924064 0.9451781 0.9644769 0.8986722 1.1296208 1.1296208 1.1500124 1.1657100 1.1565480 1.1565480 1.1703390 0.0000000 0.1963953 0.2234381 0.5580763 1.5180978 1.5754801 1.4236502 1.3635540 1.4174932 1.0927568 1.1906718 0.9955690 1.1727800 1.2357361 1.1700054 1.2198575 1.2215506 1.2172349 1.2235098 1.4850092 1.2444884 1.9793867 2.3780703 1.1177390 1.6169416 1.9650032 1.4726135 1.5179140 1.5157190 1.5775391 3.5727446 1.4382570 5.3997886 
Leuniv_Lniv_scaffold22937_01                                   1.0588790 1.0039204 0.9245845 0.7999832 0.9209896 0.8998648 0.9195219 0.9401323 0.8991560 1.0790523 0.9346377 1.0759889 1.2113301 1.1505995 0.6764401 1.0616853 1.0424370 1.0616944 0.9341708 1.1281820 0.8123008 1.1679764 1.2078232 1.2057674 0.8435600 1.2914865 1.1258049 1.1489060 1.0877543 1.1048302 1.2663766 1.2812913 1.1905195 1.2062247 0.9435264 0.9114952 1.1528631 1.1941493 1.1663283 1.1925547 1.1884591 1.1884591 1.3573048 0.1963953 0.0000000 0.2189091 0.6795527 1.4275350 1.4752756 1.6755447 1.2978130 1.3848184 1.0641381 1.2076000 1.1220515 1.1875381 1.3211489 1.1409464 1.3456239 1.5640983 1.3383540 1.3852956 2.0125012 1.4245977 2.3059389 2.8226354 1.2125615 1.7121629 1.9413509 1.5302119 1.8430348 1.5682208 1.7702640 3.0800121 1.3292231 5.2308749 
Gracom_Gcom_C559112_01                                         1.1304945 1.0063168 0.9278959 0.7997131 0.9484652 0.9338937 0.9589083 0.9740465 0.9318380 1.0713750 0.9492269 1.1185827 1.2802614 1.2082714 0.7165071 1.0740680 1.1149374 1.0997088 0.9433538 1.1619143 0.7990670 1.2039222 1.2584665 1.2859868 0.9392203 1.3158657 1.1510149 1.1653650 1.0475287 1.1100383 1.3352998 1.3277794 1.2255247 1.1669040 1.0387060 0.9438163 1.1899686 1.2403306 1.2002886 1.2089743 1.2171234 1.2171234 1.3948130 0.2234381 0.2189091 0.0000000 0.8065160 1.4409953 1.5006112 1.6679147 1.3413656 1.4172509 1.1213620 1.2218254 1.1050589 1.1545853 1.3218073 1.1670314 1.2866920 1.4854046 1.2393816 1.3434722 1.9639357 1.3792282 2.3546230 3.0591675 1.2894592 1.8600021 2.1833716 1.6849776 2.0070806 1.6415609 1.8985864 2.6335802 1.5783836 5.4296463 
Clacor_Ccor_scaffold2492_01                                    1.3189214 1.3883149 1.4006060 1.2722905 1.3014370 1.3549101 1.2953249 1.2710935 1.2433270 1.7089532 1.3089173 1.3587211 1.9579431 1.7807351 8.9999982 1.4910323 1.4631504 1.4734180 1.2958964 1.5788697 1.3724436 1.6511014 1.7066894 1.6293040 0.9667501 1.9003958 1.4732225 1.8107390 1.8040581 1.5184782 1.9477601 2.0329171 1.9236715 1.7573475 1.1934480 1.1276856 1.6483388 1.7044116 1.5937169 1.5901087 1.6808830 1.6808830 1.7649590 0.5580763 0.6795527 0.8065160 0.0000000 1.6565223 1.9541554 2.9487277 1.9738660 1.7844727 1.4407650 1.5227304 1.5720798 1.5990512 1.7806822 1.4991798 2.1529255 1.9825569 1.9558389 2.3051955 2.0374372 2.2372021 2.1425681 2.4123868 1.4194519 2.1306344 2.2542830 2.1213282 2.3888790 2.0976631 2.8019974 2.2314791 1.2434651 5.6736408 
Acaspe_EP00035_Acanthoeca_spectabilis_P020899                  1.4900575 1.3858754 1.3830006 1.3327154 1.3342359 1.3199981 1.3342167 1.4027015 1.3298621 1.5122512 1.4637602 1.6502171 1.6902356 1.5902363 0.8630372 1.5174302 1.4710017 1.4947171 1.4205757 1.4689721 1.1694412 1.4887172 1.4842781 1.4946017 1.0319123 1.6407883 1.5378551 1.5218319 1.4623862 1.4545325 1.6961983 1.7726587 1.5964931 1.6632902 1.4684182 1.4724791 1.4911059 1.5254436 1.4694466 1.4894613 1.5403347 1.5403347 1.6298001 1.5180978 1.4275350 1.4409953 1.6565223 0.0000000 0.1773979 0.6838830 0.6869201 0.7684552 1.1705071 1.0981640 1.0578887 1.2100697 1.3049087 1.2030197 1.7269390 1.8427869 1.6557663 1.8788746 2.6740520 1.8490595 2.6529830 3.2126392 1.2772450 1.7501004 1.9147245 1.6040074 1.9301922 1.4622026 1.7779439 2.6121785 2.2213070 5.3735657 
