70
Hsap_ENST00000394258                                              0.0000000 2.3664800 2.4940364 2.5310140 3.6144323 2.9425174 2.7249466 2.9602661 2.3788102 3.7573930 3.3460603 1.9164526 3.7009970 3.0203609 3.0197556 3.0227938 3.1340582 3.0003007 3.0394528 4.7526985 2.4890869 3.0392576 3.1499788 2.8931783 3.0741361 4.5236137 2.9352381 3.7592429 4.1308497 2.8578841 3.4778494 3.8462654 3.7156256 3.5586781 3.6403237 3.8534386 2.8830819 2.5624118 2.7465431 3.3178765 2.9566635 3.3457699 3.1523545 4.7403947 3.5268512 3.6907395 2.8718718 3.7459798 3.5061566 3.5056064 3.9200269 3.4007124 3.7441352 4.2127443 4.3537843 3.4105775 3.2719985 3.5053343 4.1425716 3.3002485 3.8034213 3.7256167 3.9973548 4.5847254 4.4026096 4.7705135 4.3238383 4.7338551 4.7245242 5.4080487 
Bralan_BLAG03000919_1                                             2.3664800 0.0000000 2.4082683 1.8086829 3.0727392 2.7668958 2.6036257 2.9502733 1.9230459 2.9711319 2.5887527 2.1793672 2.9740763 2.5463109 2.5424231 2.6311137 2.4422983 2.4392705 2.4556190 2.9955824 1.9112285 2.3764477 2.3727760 2.1098252 2.0205059 2.6582902 2.4535810 2.7387684 3.2928037 2.2922407 2.8000169 2.7090328 2.9869285 2.6332440 3.1000412 2.8448757 2.5697910 2.3390668 2.4959938 2.6860422 2.7745112 2.4139586 2.9256523 3.8934416 3.6848434 3.5279789 3.0484130 3.7494812 3.3504336 3.6091758 3.5207382 2.7556813 3.1808734 3.2250014 3.5516859 2.4579050 2.4897111 3.1628320 3.3908136 3.0610376 3.4826160 3.1264391 3.3128179 3.3388788 4.1110160 4.0262815 3.5269116 3.7652366 4.5404376 5.0190121 
Spur_XM_030985867.1                                               2.4940364 2.4082683 0.0000000 2.3019141 3.4265344 2.5186321 2.2579278 3.2136238 2.6901926 3.7546144 2.9286211 2.1093515 3.1728818 2.8936434 2.8934717 2.6407608 2.6643691 2.6765774 2.7608715 4.9239319 1.9223699 2.9261859 2.8282562 2.8018243 2.5602556 4.6682754 2.1915625 3.1399460 3.6122867 2.3240544 2.8667281 3.1561145 3.1115251 2.7171671 3.2251714 3.0782472 2.5710114 2.6127836 2.9378646 3.1851870 3.1035154 2.9825181 3.0527879 4.4831737 3.5926146 3.6413936 2.8982232 3.9025893 3.4055566 3.4733803 3.9773000 3.1626185 4.2909823 3.6854958 3.4783679 2.6413597 3.2095100 3.9437038 4.1479420 3.3766297 3.3174889 3.6404396 4.6564475 3.6156107 3.7259355 5.6945930 5.6405210 4.2333481 4.6150644 5.5782989 
Dpul_mRNA16430                                                    2.5310140 1.8086829 2.3019141 0.0000000 2.2016649 2.2654350 2.0448379 3.2915990 2.1286226 2.5198829 2.6341558 2.5611997 2.2646798 3.0539022 3.0528497 2.9632439 2.8206752 2.7985184 2.7722650 3.6377233 1.8106874 2.3041237 2.3056741 2.0676242 1.8966746 3.1241174 2.3805991 2.4208344 2.6753784 1.8162972 2.0686941 2.6549006 2.6887104 2.2059856 2.6846347 2.4329873 2.0369054 2.6312562 2.4404720 2.6317418 2.1886970 2.5024223 2.1840274 2.7686465 2.7731804 3.2557548 2.7988229 3.0716905 2.9305756 3.1644697 3.6744933 3.0768454 3.0863333 3.1397478 3.5997777 2.6525641 2.4889322 3.0325682 3.3481636 3.2170544 3.2236779 3.0742164 3.2926324 3.3335429 2.5928802 5.1378526 3.9268453 3.9335454 3.3177678 5.1894425 
Lcom_lcpid69063                                                   3.6144323 3.0727392 3.4265344 2.2016649 0.0000000 3.1175100 2.5707325 3.6447790 2.0046501 3.6091735 3.2284099 2.2699499 1.6561913 3.1685150 3.1636756 3.1688867 3.1987644 3.0806475 3.0389512 5.6107711 2.6919680 3.1094591 2.9256019 2.8676846 2.8248071 4.1483128 2.5999942 3.2604197 1.5062225 2.7324997 3.0630476 2.7367068 3.2104044 2.7981737 3.7518520 3.5710444 3.6611777 1.4415811 2.7722808 3.2667389 3.0083001 2.9612062 3.3333971 4.2014174 3.8209477 4.6642557 3.8238333 4.6357606 4.1111988 3.9905936 5.4206241 3.1333569 3.6400435 3.4333016 3.5761718 2.7429406 2.4468959 3.5353809 3.7298671 3.2956794 4.3465831 3.5274702 3.6566262 3.5825660 3.7799553 4.2819981 4.3821243 4.1357242 3.8275292 5.3433002 
Nvec_v1g112202                                                    2.9425174 2.7668958 2.5186321 2.2654350 3.1175100 0.0000000 2.5633499 3.5430894 2.2969772 3.1475736 3.0989695 2.0978647 2.9214124 2.5845926 2.5839928 2.5335482 2.5423480 2.4199724 2.3972238 2.6091706 1.7243937 2.0902379 1.8988195 1.9229987 1.9512727 2.3388017 2.2677263 3.0221855 2.7597057 2.3878042 2.4317956 3.0056408 2.9364197 2.4689981 3.6799023 3.3763528 2.8870427 1.9356082 2.5491754 3.3807743 2.8213356 2.0118948 3.5789925 4.1827857 3.6202119 4.0268370 3.6196217 3.9044369 3.9725348 3.7436222 4.7230469 3.6528056 3.9061905 3.5963691 4.1173574 3.3816172 2.9933033 3.5918057 3.5279394 3.4165024 3.3971675 3.6879330 4.6155387 3.8390666 4.0336808 4.1038734 4.0647815 4.6139945 4.2044938 5.3165239 
Ctel_gnl_WGS_AMQN_CAPTEDRAFT_mRNA179088                           2.7249466 2.6036257 2.2579278 2.0448379 2.5707325 2.5633499 0.0000000 3.0062687 2.0195877 2.6082270 2.4314966 3.0261523 2.9409594 2.6770036 2.6724954 2.5790189 2.5022314 2.6430040 2.5909536 3.1622448 1.7175551 2.7322033 2.7066914 2.6055768 2.4869637 3.8039303 2.1741934 2.7448922 3.2520476 2.2612876 2.3955054 2.7610272 2.6636657 2.5527151 3.9179649 3.1244138 2.7767315 2.9427666 2.8321699 3.2281590 2.9946292 2.6789910 2.6226018 4.6205295 3.3562413 4.0417148 3.3597467 3.5501808 3.6526315 3.1967306 3.7400790 2.9522170 2.9633314 3.0547155 3.2486288 2.3531199 2.3523479 3.7997044 3.4862508 3.0097372 3.7900253 3.0944930 3.8917900 3.1986983 3.5300372 4.3895113 3.3522259 4.1266956 3.8073777 4.7650188 
Emue_Em0019g241a.t1                                               2.9602661 2.9502733 3.2136238 3.2915990 3.6447790 3.5430894 3.0062687 0.0000000 0.2712472 1.8378144 1.8256569 2.9670658 3.4216110 3.1482614 3.1477866 3.2816342 3.3061559 3.1132473 3.1111760 4.1312725 2.5133281 3.2762540 3.4730159 3.2457837 3.1582829 4.2949298 3.2258191 3.8721035 3.3516364 3.0399874 3.3395081 3.2637125 3.4052376 3.2188964 2.1752460 2.4675683 3.4957437 2.4321187 2.9271390 3.0681875 3.5542860 2.9136632 4.5743713 4.4923454 3.4679717 3.5880380 3.0269884 3.0055860 3.4950033 3.2456608 4.4470420 3.4955056 3.7811279 3.5776785 3.3760973 2.8012020 2.5504234 3.6437952 3.9908317 3.3415912 3.1785747 3.7671361 3.9199793 4.5180630 4.2016006 5.1920976 5.2426396 3.6552450 4.2802574 4.4798232 
Spolac_c88829_g1_i1_m.5263c88829-g1                               2.3788102 1.9230459 2.6901926 2.1286226 2.0046501 2.2969772 2.0195877 0.2712472 0.0000000 1.3330521 1.2777287 3.0397988 2.0780680 2.1149095 2.1149095 2.0127866 1.9465727 1.8387539 1.8292759 1.7183048 1.8248329 2.4225787 2.4240850 2.0961148 2.2334732 1.8825800 2.1481578 2.5204760 2.1281530 1.9933720 2.3051513 2.2081400 2.2012284 2.2707683 1.9595933 1.7767634 2.0580030 2.6415557 2.1388057 2.0649111 2.5073122 1.8403077 2.7205750 3.1797319 2.5669059 2.7246096 2.7246096 2.6923751 3.0123485 2.7565400 2.9025455 2.7190154 2.4569581 2.1426401 2.3214126 2.5867133 2.5022216 2.4747263 2.6894770 2.5214991 2.2934687 2.7701516 2.5878385 2.6924583 2.1346579 3.2708553 3.3919601 3.2018931 3.4542810 3.7726657 
Tetwil_g26837.t1                                                  3.7573930 2.9711319 3.7546144 2.5198829 3.6091735 3.1475736 2.6082270 1.8378144 1.3330521 0.0000000 1.4939468 2.4963890 3.2866390 2.8258808 2.8255294 2.9326597 2.8417530 2.8463918 2.8621179 4.6262432 2.5944610 3.1486997 3.2529083 2.9942580 2.7083358 4.5541863 3.2181134 3.6208135 3.6744558 2.8690326 3.2622682 2.9988124 3.2175752 2.9170218 2.6564288 2.5746143 3.8064992 2.1261776 2.6880510 2.6584985 3.3693020 2.9643583 3.4509347 3.6667627 2.9724195 3.5374378 3.1612892 3.4709110 3.3116700 3.0560170 3.9432777 3.7060378 3.2515018 3.1814249 3.7960009 2.5354558 2.2600528 3.1020019 3.4197875 3.2189746 3.6541728 3.5939557 3.7155486 4.3788131 4.2776235 4.0597833 3.7899140 3.5900689 4.0643796 3.9217746 
Stycar_augustus_masked-SC_scaffold46592-processed-gene-0.3-mRNA-1 3.3460603 2.5887527 2.9286211 2.6341558 3.2284099 3.0989695 2.4314966 1.8256569 1.2777287 1.4939468 0.0000000 2.0521433 2.7119154 2.6731329 2.6728972 2.9067536 2.9748662 2.8099043 2.8546885 4.2453787 2.1329178 2.9260656 3.2480499 2.9620108 2.6306243 3.8108067 2.6557868 3.5563083 2.9200899 2.9583998 3.1055227 2.9830494 3.2320800 2.8901616 2.4571167 2.6187186 3.0621572 2.0111517 2.8348357 2.8011493 3.1137588 2.9297358 4.2117751 3.7732210 3.2313759 3.9248945 3.5027350 3.7834700 3.8257849 3.3347046 4.3704225 3.6413280 3.8170056 3.2807178 3.4407068 2.2668728 2.6971751 3.2277531 3.9891750 3.3797017 3.5211979 3.3356466 3.9438711 3.6426433 3.9471594 4.3359638 4.4382136 3.9543470 3.7674375 4.2990984 
Morvir_scaffold235.g19.t1                                         1.9164526 2.1793672 2.1093515 2.5611997 2.2699499 2.0978647 3.0261523 2.9670658 3.0397988 2.4963890 2.0521433 0.0000000 1.7623823 2.3436053 2.3436053 2.3911127 2.2244638 2.1096975 2.1495534 0.8030639 5.4841889 2.5769715 2.3422270 2.5632382 2.2813189 0.1697789 2.1298825 2.6239343 1.8703882 1.7004577 2.1335830 1.8711432 1.9200081 1.8683391 3.2226614 2.4000893 2.3162047 2.0027683 1.8724919 2.5991612 2.3507017 2.2273822 2.4711064 5.8640994 3.0481410 3.2257492 3.2257492 3.0079470 4.7047680 3.6471093 3.3645605 3.1950862 2.9712054 3.0353561 3.0500281 3.5364542 3.6219436 2.8203325 4.2188233 2.3228252 3.0620166 3.0481556 4.3196552 2.0089363 2.1564875 3.4546506 2.9986254 3.4346790 5.8194291 3.8681474 
Scil_scict021780.2                                                3.7009970 2.9740763 3.1728818 2.2646798 1.6561913 2.9214124 2.9409594 3.4216110 2.0780680 3.2866390 2.7119154 1.7623823 0.0000000 2.6899936 2.6859082 2.7775473 2.7551429 2.8307111 2.7614583 4.2175229 2.3881543 2.7476632 2.8906785 3.0206213 2.7956464 3.9374800 2.4425591 3.0212402 1.2330369 2.5010125 3.1945992 3.0427855 3.2059447 2.9394100 3.4541115 3.8816316 3.7678248 1.5110116 2.8094518 3.1970299 3.4747837 3.0199723 3.3521763 4.1556821 3.9343320 4.0102605 3.2231118 3.9679994 3.8827600 3.5367137 4.6258062 2.9562213 3.7734376 3.1578022 3.8813657 2.9613762 2.7216984 3.6019575 4.6619695 3.1054045 3.7310899 3.2383107 3.9421575 4.0136224 3.5472838 4.6843163 4.8448801 4.3117939 3.1631827 5.7291556 
Tadh_TriadT55637                                                  3.0203609 2.5463109 2.8936434 3.0539022 3.1685150 2.5845926 2.6770036 3.1482614 2.1149095 2.8258808 2.6731329 2.3436053 2.6899936 0.0000000 0.0029349 0.6278772 0.6325672 0.6781155 0.6583418 3.4552494 2.1220882 2.5560076 2.6589370 2.7251530 2.5801056 3.8738348 2.3663793 3.0095030 3.0300845 2.5230906 2.7509998 2.5868527 3.0639374 3.1792855 2.7666341 3.2707263 3.8730622 1.8959503 3.1678875 2.9761350 2.8246284 2.2408610 3.3429341 4.7793476 3.9177647 4.6648079 3.6665381 4.1604715 4.0781834 4.4804366 4.5333805 2.8251713 3.6174168 3.5614772 3.5153744 2.6976155 2.3784259 3.1904221 4.3622099 2.9930452 3.8308561 4.0933541 3.4121732 3.7639693 3.6015720 4.2125275 4.0091959 4.4155893 4.0802599 4.8224727 
TrH2_TrispH2_001523-RA                                            3.0197556 2.5424231 2.8934717 3.0528497 3.1636756 2.5839928 2.6724954 3.1477866 2.1149095 2.8255294 2.6728972 2.3436053 2.6859082 0.0029349 0.0000000 0.6217131 0.6265766 0.6758767 0.6561529 3.4078412 2.1220882 2.5376536 2.6395352 2.7049768 2.5566216 3.8186882 2.3455204 2.9872305 3.0284750 2.5192357 2.7499130 2.5806915 3.0521537 3.1792855 2.7666341 3.2707263 3.8790138 1.8959503 3.1761340 2.9755200 2.8239494 2.2406887 3.3412415 4.7793476 3.9177647 4.6648079 3.6665381 4.1737982 4.0781834 4.4804366 4.5323206 2.8245012 3.6291458 3.5558439 3.5133976 2.6976155 2.3784259 3.2171843 4.3729994 2.9913293 3.8291570 4.0869018 3.4102649 3.7632573 3.5875049 4.2101267 4.0201105 4.4270733 4.0920295 4.8224727 
HoiH06_mRNA11738                                                  3.0227938 2.6311137 2.6407608 2.9632439 3.1688867 2.5335482 2.5790189 3.2816342 2.0127866 2.9326597 2.9067536 2.3911127 2.7775473 0.6278772 0.6217131 0.0000000 0.0689638 0.2728268 0.2700068 4.1424587 2.0470841 2.8163998 2.6553897 2.5907287 2.5391630 3.4666661 2.4783184 3.1400059 3.0232364 2.3179149 2.9315886 3.0063981 3.2228313 3.0729574 2.7836395 3.4942519 3.8515080 2.0044493 2.9252069 3.0987171 3.0227674 2.4477742 3.5856379 4.7439399 3.7392413 3.9165591 3.2045138 4.3234211 4.1457323 3.7792269 4.2065465 2.8730550 3.6006100 3.0783787 3.6197771 2.7740479 2.2929481 3.3604625 4.3580743 3.2569146 3.6573282 3.4181874 3.6437925 3.6947699 3.4577783 4.7114277 4.3364981 4.0641839 4.0010819 6.1846177 
HoiH23_PlH23_003293-RA                                            3.1340582 2.4422983 2.6643691 2.8206752 3.1987644 2.5423480 2.5022314 3.3061559 1.9465727 2.8417530 2.9748662 2.2244638 2.7551429 0.6325672 0.6265766 0.0689638 0.0000000 0.2800207 0.2772630 3.9862764 2.0764643 2.8437643 2.6710978 2.5455714 2.6202689 3.3777583 2.5944932 3.1858140 3.1096717 2.2758066 2.8221169 2.8546003 3.0271599 3.1935996 2.7157924 3.3667475 4.0384587 1.8356470 3.1209628 3.1138965 2.9262758 2.3004238 3.5317310 4.6457654 3.5977200 3.8357275 3.1732152 4.2163578 4.1421256 3.8670724 4.2028514 2.7815113 3.6273561 3.0017148 3.6515520 2.8318126 2.3543074 3.3890906 4.3341345 3.2619633 3.5650089 3.4608518 3.5754295 3.6649887 3.4652869 4.5238061 4.4047015 3.8154904 4.1757607 5.9463606 
Hhon_g02559.t1                                                    3.0003007 2.4392705 2.6765774 2.7985184 3.0806475 2.4199724 2.6430040 3.1132473 1.8387539 2.8463918 2.8099043 2.1096975 2.8307111 0.6781155 0.6758767 0.2728268 0.2800207 0.0000000 0.0147316 4.3231037 2.0990845 2.8513782 2.7428074 2.5831636 2.5969664 3.9975483 2.3860464 3.0358398 2.9679943 2.3534872 2.7324250 2.9742649 2.9758874 2.8339739 2.6115751 3.3058555 3.5201040 1.7689741 2.8724021 2.9778272 2.9815150 2.2159339 3.6663043 4.6618919 3.8067434 3.7166763 2.9824571 4.2632591 3.8813640 3.5454905 4.6792100 2.7423428 3.3072116 3.2515420 3.5102956 2.6724463 2.3901986 3.4635815 3.9840678 3.0806110 3.4768301 3.4370618 3.3610719 3.1749943 3.3376330 4.7117328 4.6379552 3.6836571 4.0189079 5.4078824 
HoiH04_mRNA11753                                                  3.0394528 2.4556190 2.7608715 2.7722650 3.0389512 2.3972238 2.5909536 3.1111760 1.8292759 2.8621179 2.8546885 2.1495534 2.7614583 0.6583418 0.6561529 0.2700068 0.2772630 0.0147316 0.0000000 4.3312701 2.0385025 2.8358018 2.7175591 2.5879424 2.5824496 4.0088655 2.3828865 3.0126151 2.9517803 2.3811735 2.7699792 2.9223789 2.9588882 2.8271999 2.6440612 3.2874581 3.6836906 1.8264395 2.8959905 3.0196841 2.8886382 2.2126414 3.7088383 4.7472859 3.8617186 3.6612698 2.9265027 4.2385535 3.8924381 3.5425711 4.6544956 2.6986020 3.2639209 3.1145459 3.5756919 2.7186403 2.3166791 3.4916183 3.9699400 3.1532019 3.5441467 3.4437848 3.4423745 3.1868938 3.2736919 4.5048814 4.4766498 3.8136535 4.0294990 5.3431499 
Adig_XM_015903097.1                                               4.7526985 2.9955824 4.9239319 3.6377233 5.6107711 2.6091706 3.1622448 4.1312725 1.7183048 4.6262432 4.2453787 0.8030639 4.2175229 3.4552494 3.4078412 4.1424587 3.9862764 4.3231037 4.3312701 0.0000000 0.1775706 0.7232210 0.9730236 0.8949156 0.9446941 1.1060091 2.6970301 4.5126029 5.9850280 3.8554882 3.6311977 4.4178567 4.5382956 3.6986751 4.6270499 4.0953435 5.2883460 0.5615439 3.7311679 3.5695736 4.3701817 2.3986630 3.9876811 5.9637581 5.5851895 6.6101760 4.7345179 7.0180038 4.1256054 5.0739256 5.4103752 3.7139304 4.4719962 5.9443589 4.6183354 2.4591994 1.6342082 4.1044524 5.9060072 5.1547280 5.0152550 5.5344788 4.1464712 5.0181651 6.1693399 7.4393454 4.9324776 4.9484689 4.5177600 6.6595159 
Amil_Amillepora03379-RA                                           2.4890869 1.9112285 1.9223699 1.8106874 2.6919680 1.7243937 1.7175551 2.5133281 1.8248329 2.5944610 2.1329178 5.4841889 2.3881543 2.1220882 2.1220882 2.0470841 2.0764643 2.0990845 2.0385025 0.1775706 0.0000000 0.5526418 0.9800696 0.7919286 0.7340492 1.3432912 1.7711212 1.8985271 2.8839759 1.8049365 2.2147328 2.3208228 2.2431799 2.3110872 3.5172268 2.8593221 2.2220317 2.4819601 2.2519137 2.4665021 2.0002256 1.5961207 2.7495299 3.5138230 2.9231728 3.1463676 3.1463676 3.2109804 3.7049470 4.1701502 4.3111364 2.1358759 2.7820898 2.6551934 3.0357660 2.0381649 1.8365024 2.8388889 2.6989682 2.6187232 3.1329545 2.8300042 2.0221684 3.0600999 2.7183239 2.9321746 3.1377000 3.0470184 2.9364074 4.8088502 
Gfas_gfas1.m1.1332.m1                                             3.0392576 2.3764477 2.9261859 2.3041237 3.1094591 2.0902379 2.7322033 3.2762540 2.4225787 3.1486997 2.9260656 2.5769715 2.7476632 2.5560076 2.5376536 2.8163998 2.8437643 2.8513782 2.8358018 0.7232210 0.5526418 0.0000000 0.6506201 0.6790700 0.5994726 1.0354849 2.1508512 2.9599752 3.1857113 2.6265856 2.7177120 2.8574606 3.0405787 2.8417480 3.3815041 3.1828552 3.1248257 2.0978007 2.8876979 3.2694840 3.1803631 2.3267805 3.4467421 4.7489533 3.6289908 3.9942782 3.3473151 4.0537743 4.5283490 4.3438789 4.0922862 3.4280366 3.7840011 4.0807449 4.2162992 3.4242430 2.6155890 3.3346320 4.0300677 3.6275824 3.6940945 4.5927055 3.7659881 3.6421005 3.6669608 4.4481155 3.7531676 4.3261207 3.9348414 4.4450218 
Fspp_ffun1.m4.21758.m1                                            3.1499788 2.3727760 2.8282562 2.3056741 2.9256019 1.8988195 2.7066914 3.4730159 2.4240850 3.2529083 3.2480499 2.3422270 2.8906785 2.6589370 2.6395352 2.6553897 2.6710978 2.7428074 2.7175591 0.9730236 0.9800696 0.6506201 0.0000000 0.4126716 0.4967568 0.6842365 2.2111547 2.8652680 3.1375039 2.5308838 2.4953310 2.6862691 2.9154046 2.8001889 3.4822944 3.2212296 3.2684050 2.3959600 2.7215793 3.0962645 2.9629130 2.1813128 3.0620793 4.0566131 3.3687392 4.0624057 3.4400070 4.0774079 4.4149431 4.2863605 4.2357227 3.4600601 3.3853544 3.8509751 3.7916554 3.0246163 2.6597765 3.4057595 3.5654671 3.3548069 3.8405881 3.8694036 3.8198928 3.6712834 4.0911428 4.3830628 4.0161014 4.1820573 4.1264142 4.5893146 
Gasp_gasp1.m3.4538.m1                                             2.8931783 2.1098252 2.8018243 2.0676242 2.8676846 1.9229987 2.6055768 3.2457837 2.0961148 2.9942580 2.9620108 2.5632382 3.0206213 2.7251530 2.7049768 2.5907287 2.5455714 2.5831636 2.5879424 0.8949156 0.7919286 0.6790700 0.4126716 0.0000000 0.4769269 0.6892377 2.3502221 3.1107735 2.9607445 2.4424296 2.5531872 2.6293410 2.9274674 2.5956616 3.5904728 2.8996242 3.1418920 2.4128434 2.6779532 2.8773373 3.0578828 2.1417598 3.1675845 4.1119790 3.3319966 3.8928200 3.3081750 3.9701911 3.8258983 3.7161781 4.1884041 3.1687785 3.4571551 3.4980261 3.4780818 2.7689648 2.7794029 3.0397677 3.5876624 3.1472673 3.1734914 3.8599000 3.7139310 3.6591697 3.9744840 4.2212705 3.6472198 4.2808719 4.2808548 4.2184258 
Spis_XP_022805700_1                                               3.0741361 2.0205059 2.5602556 1.8966746 2.8248071 1.9512727 2.4869637 3.1582829 2.2334732 2.7083358 2.6306243 2.2813189 2.7956464 2.5801056 2.5566216 2.5391630 2.6202689 2.5969664 2.5824496 0.9446941 0.7340492 0.5994726 0.4967568 0.4769269 0.0000000 0.2889245 2.0845891 2.8035203 2.7854458 2.1602318 2.7451701 2.6290211 2.6602305 2.4547431 3.1887456 3.1422207 2.7365315 2.5528027 2.7189446 3.0646355 2.6564707 2.3777394 2.9954792 3.8345319 3.0369862 3.7416081 3.4316161 3.9475596 4.2923644 4.0371407 3.5986015 3.2560375 3.3452068 3.1813692 3.5391681 2.7603027 2.5586584 3.4975823 3.6860549 3.2378758 3.5126913 3.6514641 3.6920176 3.4730388 3.5035888 3.8869871 3.3914378 4.6293526 3.9098698 4.1977658 
Pocdam_XM_027180713.1                                             4.5236137 2.6582902 4.6682754 3.1241174 4.1483128 2.3388017 3.8039303 4.2949298 1.8825800 4.5541863 3.8108067 0.1697789 3.9374800 3.8738348 3.8186882 3.4666661 3.3777583 3.9975483 4.0088655 1.1060091 1.3432912 1.0354849 0.6842365 0.6892377 0.2889245 0.0000000 3.0499349 4.2927544 4.5952914 2.8095402 3.3617053 2.7808109 3.3662984 2.6066669 4.0844453 3.3604720 4.1362401 0.7826732 3.4622661 3.6313411 4.0239838 2.3663025 3.5465007 5.0082452 4.9041767 6.6179188 5.9261647 6.8547733 5.1179620 5.4626677 5.9071794 4.3001538 3.9960135 5.0011507 4.6094680 1.9680432 1.5601948 3.2875386 4.9910743 4.1511094 4.5893759 5.0755354 4.9978465 4.9376126 4.7203518 7.0809304 4.4817643 5.1464058 4.3795353 5.3845688 
Dgig_XM_028536046.1                                               2.9352381 2.4535810 2.1915625 2.3805991 2.5999942 2.2677263 2.1741934 3.2258191 2.1481578 3.2181134 2.6557868 2.1298825 2.4425591 2.3663793 2.3455204 2.4783184 2.5944932 2.3860464 2.3828865 2.6970301 1.7711212 2.1508512 2.2111547 2.3502221 2.0845891 3.0499349 0.0000000 1.1703094 2.4111637 2.5437403 2.4590438 2.5306645 2.6944919 2.1641206 3.3031408 2.9406368 2.6639159 2.0301856 2.4220245 3.0061661 2.5413436 2.3673663 2.9090445 4.2521077 3.5958837 4.1401739 3.7054713 4.1521176 4.1709082 3.9281934 4.5454325 2.9071003 2.9702071 3.0060570 3.2316599 2.5249368 2.3283269 3.3641642 4.1122258 3.1373742 3.3100950 3.1627792 3.2927933 3.2828778 3.5569566 4.8556105 3.9505509 3.5185107 3.3597883 4.8133588 
Xesp_006284-T1                                                    3.7592429 2.7387684 3.1399460 2.4208344 3.2604197 3.0221855 2.7448922 3.8721035 2.5204760 3.6208135 3.5563083 2.6239343 3.0212402 3.0095030 2.9872305 3.1400059 3.1858140 3.0358398 3.0126151 4.5126029 1.8985271 2.9599752 2.8652680 3.1107735 2.8035203 4.2927544 1.1703094 0.0000000 3.1862632 2.7696323 2.3927588 2.6933325 2.7680188 2.5224167 3.6294734 3.6047781 3.6011237 2.1544606 3.1242140 3.2624372 3.2893232 2.5022654 3.6885696 4.5950286 4.3535298 4.3788781 3.5805301 4.3559411 4.3163693 4.0743417 4.4685300 3.6432336 3.9023616 3.5625128 4.2574451 2.9717280 2.4280193 3.5489053 3.8393845 3.8566426 3.9246044 4.0739673 4.0575876 3.6533019 4.1221087 4.7425666 4.3984105 3.5370647 3.9505478 4.7677691 
Gracom_Gcom_scaffold11170_01                                      4.1308497 3.2928037 3.6122867 2.6753784 1.5062225 2.7597057 3.2520476 3.3516364 2.1281530 3.6744558 2.9200899 1.8703882 1.2330369 3.0300845 3.0284750 3.0232364 3.1096717 2.9679943 2.9517803 5.9850280 2.8839759 3.1857113 3.1375039 2.9607445 2.7854458 4.5952914 2.4111637 3.1862632 0.0000000 2.8922745 3.2520067 2.9758456 3.2874016 2.8247213 3.1598047 3.7963047 3.8703598 1.2337183 2.8561999 3.4798323 3.8514407 3.2753492 3.5168279 4.3401052 3.9761645 4.1518891 3.4358706 3.6743229 3.7831904 4.0276713 5.4313884 3.5286905 3.7270367 3.6209029 3.7723874 2.7919191 2.6442336 3.6648683 3.9467066 3.2661548 3.7236387 2.9569154 4.1097210 3.5846282 3.6191851 4.0674456 4.4297991 3.6365119 3.8880851 4.7679534 
Cscu_XM_023383970.1                                               2.8578841 2.2922407 2.3240544 1.8162972 2.7324997 2.3878042 2.2612876 3.0399874 1.9933720 2.8690326 2.9583998 1.7004577 2.5010125 2.5230906 2.5192357 2.3179149 2.2758066 2.3534872 2.3811735 3.8554882 1.8049365 2.6265856 2.5308838 2.4424296 2.1602318 2.8095402 2.5437403 2.7696323 2.8922745 0.0000000 2.2792329 2.7763901 2.7534136 2.3269087 2.8171739 3.0504067 3.1069609 2.2683740 2.7270116 3.2244517 2.5573377 2.2847016 2.5193540 4.1868101 3.3975267 3.7655120 2.9999183 3.5101581 3.7312349 3.6313518 3.9845146 3.0688706 3.6796956 2.9922039 3.8040335 2.4427988 2.4793051 3.1462184 3.9241554 2.9174628 3.2595815 3.2444869 3.8357122 3.3606220 3.2595092 4.6863938 4.2319489 3.4059068 4.2508157 5.5671199 
Aaur_scaffold144.g20.t1                                           3.4778494 2.8000169 2.8667281 2.0686941 3.0630476 2.4317956 2.3955054 3.3395081 2.3051513 3.2622682 3.1055227 2.1335830 3.1945992 2.7509998 2.7499130 2.9315886 2.8221169 2.7324250 2.7699792 3.6311977 2.2147328 2.7177120 2.4953310 2.5531872 2.7451701 3.3617053 2.4590438 2.3927588 3.2520067 2.2792329 0.0000000 1.5510705 1.6674691 1.5089028 3.1534993 3.1546759 3.3639501 2.2486136 2.8675447 2.6095249 2.9871225 2.5341426 3.2029337 3.9338902 3.4006898 3.4082270 2.8714822 3.8672555 3.6835073 3.2431675 4.0239262 3.0286572 3.6932648 3.1029136 3.7023222 2.7734814 2.2049944 3.1996994 3.5539504 3.6165293 3.3593435 4.1282462 3.3081675 2.9804906 3.4296578 4.2836389 3.8802253 3.6184700 3.6303665 4.6718130 
Nemnom_g9677.t1                                                   3.8462654 2.7090328 3.1561145 2.6549006 2.7367068 3.0056408 2.7610272 3.2637125 2.2081400 2.9988124 2.9830494 1.8711432 3.0427855 2.5868527 2.5806915 3.0063981 2.8546003 2.9742649 2.9223789 4.4178567 2.3208228 2.8574606 2.6862691 2.6293410 2.6290211 2.7808109 2.5306645 2.6933325 2.9758456 2.7763901 1.5510705 0.0000000 0.6129014 1.6500666 3.2798571 3.1084218 3.3401891 2.1331695 2.6450537 2.7382815 3.1392690 2.8839601 3.7064307 4.4945502 4.0217701 4.3750529 3.5861318 4.1716229 4.0386194 3.9896347 4.6782680 4.0207234 4.1405069 3.4429153 4.4191243 2.9211346 2.5465015 3.1556714 3.8033503 3.2556141 3.6733494 3.9929717 3.5782604 2.9885015 3.7427479 3.8934790 3.9176094 4.6046501 4.3116815 5.2214558 
Rhoesc_Res_004483-T1                                              3.7156256 2.9869285 3.1115251 2.6887104 3.2104044 2.9364197 2.6636657 3.4052376 2.2012284 3.2175752 3.2320800 1.9200081 3.2059447 3.0639374 3.0521537 3.2228313 3.0271599 2.9758874 2.9588882 4.5382956 2.2431799 3.0405787 2.9154046 2.9274674 2.6602305 3.3662984 2.6944919 2.7680188 3.2874016 2.7534136 1.6674691 0.6129014 0.0000000 1.7487133 3.2598666 3.3732924 3.0157240 2.2332641 2.7325480 2.8339123 2.8287182 2.8641575 3.2113003 4.6120431 4.1319098 4.2309277 3.5695748 4.0617703 3.8778321 3.6788938 4.5714174 3.9493745 4.0413717 3.2628426 3.9301583 2.4297385 2.4928326 3.3452548 3.7637272 3.7272423 3.7267789 4.0942855 3.5774303 2.8033780 3.3500038 3.7681640 3.6763821 4.5610349 4.3527337 5.1490532 
Sanmal_Sma_023832-T1                                              3.5586781 2.6332440 2.7171671 2.2059856 2.7981737 2.4689981 2.5527151 3.2188964 2.2707683 2.9170218 2.8901616 1.8683391 2.9394100 3.1792855 3.1792855 3.0729574 3.1935996 2.8339739 2.8271999 3.6986751 2.3110872 2.8417480 2.8001889 2.5956616 2.4547431 2.6066669 2.1641206 2.5224167 2.8247213 2.3269087 1.5089028 1.6500666 1.7487133 0.0000000 3.1789893 3.4257088 2.7049886 2.3482753 2.4964492 2.9539898 2.5350881 2.5048558 3.0350071 3.9620278 3.2680374 3.3422974 2.7379882 3.5037337 3.0657273 3.4928861 3.7800798 3.3091126 3.0611152 3.3798207 3.5200087 2.6669807 2.4111360 2.9722125 3.2898886 3.5368022 3.8306630 4.2616229 3.7371227 2.7485637 3.1881721 3.4533613 3.3952222 4.1633713 3.5604302 5.0036215 
Aque_Aqu2.1.29519_001                                             3.6403237 3.1000412 3.2251714 2.6846347 3.7518520 3.6799023 3.9179649 2.1752460 1.9595933 2.6564288 2.4571167 3.2226614 3.4541115 2.7666341 2.7666341 2.7836395 2.7157924 2.6115751 2.6440612 4.6270499 3.5172268 3.3815041 3.4822944 3.5904728 3.1887456 4.0844453 3.3031408 3.6294734 3.1598047 2.8171739 3.1534993 3.2798571 3.2598666 3.1789893 0.0000000 1.6267724 3.1732105 2.9420865 3.1759191 3.1872073 2.9858943 2.8694391 3.4303230 4.5451533 3.6450898 4.0532134 3.4898666 3.8561128 3.6492171 3.1373395 4.1377683 3.2057626 4.1593744 3.7324351 3.7445326 3.2684703 3.1275106 3.9157859 3.6335116 2.9600789 3.2989393 3.8511229 3.3656886 3.2008720 3.3719587 3.8451123 4.1761318 3.3619829 3.2097621 3.8714285 
Halamb_c10989_g1_i1m.1760                                         3.8534386 2.8448757 3.0782472 2.4329873 3.5710444 3.3763528 3.1244138 2.4675683 1.7767634 2.5746143 2.6187186 2.4000893 3.8816316 3.2707263 3.2707263 3.4942519 3.3667475 3.3058555 3.2874581 4.0953435 2.8593221 3.1828552 3.2212296 2.8996242 3.1422207 3.3604720 2.9406368 3.6047781 3.7963047 3.0504067 3.1546759 3.1084218 3.3732924 3.4257088 1.6267724 0.0000000 3.1248397 2.3591623 2.5040778 3.3444534 3.4881888 3.0613484 4.0893611 4.4480356 3.7117941 4.1927449 3.4147392 3.4717328 3.5776946 3.2607620 4.6016297 3.4508928 3.8112446 3.1133165 4.1116240 2.8637624 2.5114957 3.4533120 3.2469475 2.6532718 3.2062290 3.5269805 3.2875590 3.7311377 3.7415252 4.6032145 5.3118546 3.5145386 3.4518779 4.8364354 
Cgig_XM_020065847.2                                               2.8830819 2.5697910 2.5710114 2.0369054 3.6611777 2.8870427 2.7767315 3.4957437 2.0580030 3.8064992 3.0621572 2.3162047 3.7678248 3.8730622 3.8790138 3.8515080 4.0384587 3.5201040 3.6836906 5.2883460 2.2220317 3.1248257 3.2684050 3.1418920 2.7365315 4.1362401 2.6639159 3.6011237 3.8703598 3.1069609 3.3639501 3.3401891 3.0157240 2.7049886 3.1732105 3.1248397 0.0000000 3.1414171 3.6444925 3.5302619 2.9574135 3.0666033 2.4879316 4.0606210 3.2413060 3.5935264 2.9257005 3.2110932 3.0679297 2.9633828 3.7169575 4.0634688 4.1940561 3.8954334 4.2448747 3.0181290 2.9372567 4.2390683 4.0190753 4.2394690 3.6578313 4.3009175 4.7344533 3.2021171 4.0251443 4.5422259 4.3057394 4.6549967 4.4151647 5.7757469 
Leuniv_Lniv_scaffold22445_01                                      2.5624118 2.3390668 2.6127836 2.6312562 1.4415811 1.9356082 2.9427666 2.4321187 2.6415557 2.1261776 2.0111517 2.0027683 1.5110116 1.8959503 1.8959503 2.0044493 1.8356470 1.7689741 1.8264395 0.5615439 2.4819601 2.0978007 2.3959600 2.4128434 2.5528027 0.7826732 2.0301856 2.1544606 1.2337183 2.2683740 2.2486136 2.1331695 2.2332641 2.3482753 2.9420865 2.3591623 3.1414171 0.0000000 1.6401836 2.3918660 2.2365749 2.3302889 3.0900372 4.4286923 2.9860811 3.6969218 3.6969218 3.5470672 6.3348419 3.5873989 3.2045348 3.2171105 2.9099476 2.5270854 2.9187810 3.2786788 3.9490070 2.4994769 3.8304092 2.3797163 3.5495081 2.9094607 3.4463784 2.3470059 2.7591965 2.9140829 2.8859545 3.5631003 4.8753928 3.3113065 
Plajan_Pjan_scaffold12671_01                                      2.7465431 2.4959938 2.9378646 2.4404720 2.7722808 2.5491754 2.8321699 2.9271390 2.1388057 2.6880510 2.8348357 1.8724919 2.8094518 3.1678875 3.1761340 2.9252069 3.1209628 2.8724021 2.8959905 3.7311679 2.2519137 2.8876979 2.7215793 2.6779532 2.7189446 3.4622661 2.4220245 3.1242140 2.8561999 2.7270116 2.8675447 2.6450537 2.7325480 2.4964492 3.1759191 2.5040778 3.6444925 1.6401836 0.0000000 1.9678481 3.8017655 2.6511606 3.3228109 4.0904112 3.1502465 4.1140400 3.4227729 4.0461576 3.6011389 3.2228134 4.3492318 3.2767106 3.1553721 3.0599250 3.5315394 2.6496233 2.3885816 3.2296825 3.8460700 2.9168624 2.9672367 3.3109683 3.9273166 3.2549962 4.1359877 4.0846832 3.8521677 3.6319976 3.6576233 4.3341265 
Opea_EP00118_Oscarella_pearsei_P014170                            3.3178765 2.6860422 3.1851870 2.6317418 3.2667389 3.3807743 3.2281590 3.0681875 2.0649111 2.6584985 2.8011493 2.5991612 3.1970299 2.9761350 2.9755200 3.0987171 3.1138965 2.9778272 3.0196841 3.5695736 2.4665021 3.2694840 3.0962645 2.8773373 3.0646355 3.6313411 3.0061661 3.2624372 3.4798323 3.2244517 2.6095249 2.7382815 2.8339123 2.9539898 3.1872073 3.3444534 3.5302619 2.3918660 1.9678481 0.0000000 3.4580327 3.1179135 3.6058340 4.0534952 3.2588945 3.5411903 3.1577130 3.4967978 3.5503224 3.2288973 4.2095326 3.5401160 3.3037821 3.3597642 4.0374627 2.6475332 2.3879201 2.9922889 3.7181795 3.1467141 3.0659056 3.9028412 3.7212536 3.7951793 4.6428111 3.8941034 4.3863545 4.4625943 3.7625668 5.2396140 
Tcas_TC012016_001                                                 2.9566635 2.7745112 3.1035154 2.1886970 3.0083001 2.8213356 2.9946292 3.5542860 2.5073122 3.3693020 3.1137588 2.3507017 3.4747837 2.8246284 2.8239494 3.0227674 2.9262758 2.9815150 2.8886382 4.3701817 2.0002256 3.1803631 2.9629130 3.0578828 2.6564707 4.0239838 2.5413436 3.2893232 3.8514407 2.5573377 2.9871225 3.1392690 2.8287182 2.5350881 2.9858943 3.4881888 2.9574135 2.2365749 3.8017655 3.4580327 0.0000000 2.6026070 3.3473294 3.1740569 3.0950181 3.8059156 3.0097796 3.3107091 3.5315689 3.5777944 4.4377833 3.1031069 3.8791303 2.9018835 3.8043276 2.9719978 2.8396328 3.7985103 3.5738736 3.6343483 4.3364458 3.8592944 3.6881190 3.2653300 3.7686719 4.3329898 4.1973612 3.6713214 4.4282456 5.8709806 
Exapal_XM_021058196.2                                             3.3457699 2.4139586 2.9825181 2.5024223 2.9612062 2.0118948 2.6789910 2.9136632 1.8403077 2.9643583 2.9297358 2.2273822 3.0199723 2.2408610 2.2406887 2.4477742 2.3004238 2.2159339 2.2126414 2.3986630 1.5961207 2.3267805 2.1813128 2.1417598 2.3777394 2.3663025 2.3673663 2.5022654 3.2753492 2.2847016 2.5341426 2.8839601 2.8641575 2.5048558 2.8694391 3.0613484 3.0666033 2.3302889 2.6511606 3.1179135 2.6026070 0.0000000 2.8303600 3.7591147 3.4269473 3.5418890 3.0168037 3.1783455 4.4881734 3.0650007 3.8590608 3.3960224 3.0835242 2.9307164 4.6115027 2.8403638 2.4049446 3.1471791 3.6183031 3.3713924 3.3973857 3.6354447 3.5185814 3.8863891 3.5770442 4.7863894 4.4109140 3.0413518 3.6665899 4.9709315 
Acagra_model.g19528.t1                                            3.1523545 2.9256523 3.0527879 2.1840274 3.3333971 3.5789925 2.6226018 4.5743713 2.7205750 3.4509347 4.2117751 2.4711064 3.3521763 3.3429341 3.3412415 3.5856379 3.5317310 3.6663043 3.7088383 3.9876811 2.7495299 3.4467421 3.0620793 3.1675845 2.9954792 3.5465007 2.9090445 3.6885696 3.5168279 2.5193540 3.2029337 3.7064307 3.2113003 3.0350071 3.4303230 4.0893611 2.4879316 3.0900372 3.3228109 3.6058340 3.3473294 2.8303600 0.0000000 4.4070111 3.7841890 4.0634647 2.9934214 4.0815291 3.3883302 4.0118438 4.6205492 4.0071974 3.9344634 3.9709082 4.3836405 3.1469378 3.3959773 3.7979675 4.5374308 3.5962701 4.1600441 3.5829590 3.9719434 3.2587648 3.5284922 4.6952184 3.6249058 4.4368830 5.1353880 5.0084376 
Pbac_sb2653401                                                    4.7403947 3.8934416 4.4831737 2.7686465 4.2014174 4.1827857 4.6205295 4.4923454 3.1797319 3.6667627 3.7732210 5.8640994 4.1556821 4.7793476 4.7793476 4.7439399 4.6457654 4.6618919 4.7472859 5.9637581 3.5138230 4.7489533 4.0566131 4.1119790 3.8345319 5.0082452 4.2521077 4.5950286 4.3401052 4.1868101 3.9338902 4.4945502 4.6120431 3.9620278 4.5451533 4.4480356 4.0606210 4.4286923 4.0904112 4.0534952 3.1740569 3.7591147 4.4070111 0.0000000 0.3171520 1.5412600 1.4323058 1.6470946 1.5656897 2.2564869 2.3478593 4.1256915 4.8305828 4.0162007 5.7347115 4.8678414 4.1014420 4.2193628 4.5179681 3.8603837 4.0377124 4.1891744 4.8084986 5.1950102 4.7679426 5.2901861 4.5531234 5.2685666 4.2559853 6.1400208 
Horcal_Hcv1.av93.c2.g963.i1                                       3.5268512 3.6848434 3.5926146 2.7731804 3.8209477 3.6202119 3.3562413 3.4679717 2.5669059 2.9724195 3.2313759 3.0481410 3.9343320 3.9177647 3.9177647 3.7392413 3.5977200 3.8067434 3.8617186 5.5851895 2.9231728 3.6289908 3.3687392 3.3319966 3.0369862 4.9041767 3.5958837 4.3535298 3.9761645 3.3975267 3.4006898 4.0217701 4.1319098 3.2680374 3.6450898 3.7117941 3.2413060 2.9860811 3.1502465 3.2588945 3.0950181 3.4269473 3.7841890 0.3171520 0.0000000 1.2106271 0.9752390 1.2351809 1.4990248 1.4908575 1.7431232 3.3403178 4.2023630 3.4533434 4.6211131 3.9313741 3.0316575 3.2426927 3.9801170 3.1866997 3.2471316 4.1889520 4.1473392 4.6304069 3.6811862 4.2429530 3.7550399 4.2686180 4.0798190 4.7591073 
Bolinf_Binf_sb1195700                                             3.6907395 3.5279789 3.6413936 3.2557548 4.6642557 4.0268370 4.0417148 3.5880380 2.7246096 3.5374378 3.9248945 3.2257492 4.0102605 4.6648079 4.6648079 3.9165591 3.8357275 3.7166763 3.6612698 6.6101760 3.1463676 3.9942782 4.0624057 3.8928200 3.7416081 6.6179188 4.1401739 4.3788781 4.1518891 3.7655120 3.4082270 4.3750529 4.2309277 3.3422974 4.0532134 4.1927449 3.5935264 3.6969218 4.1140400 3.5411903 3.8059156 3.5418890 4.0634647 1.5412600 1.2106271 0.0000000 0.0000010 0.8642473 1.4793161 1.4017668 1.5602110 3.9839364 3.9045922 3.5284920 4.5401349 3.8892644 2.9166320 4.3542869 4.3494272 3.3470350 3.0167034 4.2341113 3.8546510 5.0368257 4.8146367 4.8490089 4.9086925 4.2407822 4.1476856 5.0528505 
Mertsp_Mesp_sb560618                                              2.8718718 3.0484130 2.8982232 2.7988229 3.8238333 3.6196217 3.3597467 3.0269884 2.7246096 3.1612892 3.5027350 3.2257492 3.2231118 3.6665381 3.6665381 3.2045138 3.1732152 2.9824571 2.9265027 4.7345179 3.1463676 3.3473151 3.4400070 3.3081750 3.4316161 5.9261647 3.7054713 3.5805301 3.4358706 2.9999183 2.8714822 3.5861318 3.5695748 2.7379882 3.4898666 3.4147392 2.9257005 3.6969218 3.4227729 3.1577130 3.0097796 3.0168037 2.9934214 1.4323058 0.9752390 0.0000010 0.0000000 0.7798885 1.4312915 1.3514436 1.3247604 3.2455687 3.2103403 3.0450258 3.7104638 3.8050320 2.9166320 3.5334978 3.7650467 2.7730200 2.7165421 3.3824739 3.0865384 3.7611168 3.9960964 4.1747468 4.1358606 3.4874458 3.9311817 4.4977074 
Drygla_Dgla_sb310941                                              3.7459798 3.7494812 3.9025893 3.0716905 4.6357606 3.9044369 3.5501808 3.0055860 2.6923751 3.4709110 3.7834700 3.0079470 3.9679994 4.1604715 4.1737982 4.3234211 4.2163578 4.2632591 4.2385535 7.0180038 3.2109804 4.0537743 4.0774079 3.9701911 3.9475596 6.8547733 4.1521176 4.3559411 3.6743229 3.5101581 3.8672555 4.1716229 4.0617703 3.5037337 3.8561128 3.4717328 3.2110932 3.5470672 4.0461576 3.4967978 3.3107091 3.1783455 4.0815291 1.6470946 1.2351809 0.8642473 0.7798885 0.0000000 1.3881840 1.6258618 1.6371380 4.4678727 4.1945008 3.3959656 4.8281450 3.4698211 3.0239182 3.9831889 4.1910630 3.5317892 3.1486163 3.9893739 3.7481205 4.5854480 4.0962912 4.3513982 4.2357151 3.9677009 4.0312408 5.1617794 
Lampan_Lpan_6352_01                                               3.5061566 3.3504336 3.4055566 2.9305756 4.1111988 3.9725348 3.6526315 3.4950033 3.0123485 3.3116700 3.8257849 4.7047680 3.8827600 4.0781834 4.0781834 4.1457323 4.1421256 3.8813640 3.8924381 4.1256054 3.7049470 4.5283490 4.4149431 3.8258983 4.2923644 5.1179620 4.1709082 4.3163693 3.7831904 3.7312349 3.6835073 4.0386194 3.8778321 3.0657273 3.6492171 3.5776946 3.0679297 6.3348419 3.6011389 3.5503224 3.5315689 4.4881734 3.3883302 1.5656897 1.4990248 1.4793161 1.4312915 1.3881840 0.0000000 2.1376976 2.0572351 3.1936739 3.6760675 4.4377721 3.7229480 3.9457850 3.0233440 3.5284016 3.6867767 3.6562706 3.2593209 4.1361079 2.8354355 4.1875947 4.2491255 4.2676176 3.5291684 3.6137184 3.5582055 6.0222739 
Vmul_Simscaffold11925_01                                          3.5056064 3.6091758 3.4733803 3.1644697 3.9905936 3.7436222 3.1967306 3.2456608 2.7565400 3.0560170 3.3347046 3.6471093 3.5367137 4.4804366 4.4804366 3.7792269 3.8670724 3.5454905 3.5425711 5.0739256 4.1701502 4.3438789 4.2863605 3.7161781 4.0371407 5.4626677 3.9281934 4.0743417 4.0276713 3.6313518 3.2431675 3.9896347 3.6788938 3.4928861 3.1373395 3.2607620 2.9633828 3.5873989 3.2228134 3.2288973 3.5777944 3.0650007 4.0118438 2.2564869 1.4908575 1.4017668 1.3514436 1.6258618 2.1376976 0.0000000 1.0214048 4.6304549 4.0905386 3.8834376 4.1122426 4.2061458 3.5980951 3.9881143 3.6225707 3.6630010 3.3235288 3.0546673 4.4061638 4.5398632 3.6737035 4.4699466 4.0790528 4.2212076 4.5929230 4.6607656 
Coemet_Cmet_C591703_01                                            3.9200269 3.5207382 3.9773000 3.6744933 5.4206241 4.7230469 3.7400790 4.4470420 2.9025455 3.9432777 4.3704225 3.3645605 4.6258062 4.5333805 4.5323206 4.2065465 4.2028514 4.6792100 4.6544956 5.4103752 4.3111364 4.0922862 4.2357227 4.1884041 3.5986015 5.9071794 4.5454325 4.4685300 5.4313884 3.9845146 4.0239262 4.6782680 4.5714174 3.7800798 4.1377683 4.6016297 3.7169575 3.2045348 4.3492318 4.2095326 4.4377833 3.8590608 4.6205492 2.3478593 1.7431232 1.5602110 1.3247604 1.6371380 2.0572351 1.0214048 0.0000000 5.4005157 4.2501930 4.0187061 5.5327712 3.9275050 3.1677137 4.2202759 4.5566517 3.9616558 3.7912263 5.1296057 4.4727484 4.7377963 4.0152452 4.8260062 4.2641684 5.0448017 5.3922898 4.9044840 
Sros_EGD73557                                                     3.4007124 2.7556813 3.1626185 3.0768454 3.1333569 3.6528056 2.9522170 3.4955056 2.7190154 3.7060378 3.6413280 3.1950862 2.9562213 2.8251713 2.8245012 2.8730550 2.7815113 2.7423428 2.6986020 3.7139304 2.1358759 3.4280366 3.4600601 3.1687785 3.2560375 4.3001538 2.9071003 3.6432336 3.5286905 3.0688706 3.0286572 4.0207234 3.9493745 3.3091126 3.2057626 3.4508928 4.0634688 3.2171105 3.2767106 3.5401160 3.1031069 3.3960224 4.0071974 4.1256915 3.3403178 3.9839364 3.2455687 4.4678727 3.1936739 4.6304549 5.4005157 0.0000000 2.0578566 2.8301729 3.1714903 2.4569401 2.2393839 2.7788394 2.9751915 2.8191181 2.6810970 2.8102249 2.9855726 4.7229742 3.6072312 3.3948116 3.2888033 3.1949985 3.7400751 4.3282330 
