71
Hsap_ENST00000260731                                   0.0000000 2.4438398 2.5286540 2.5986055 2.3650614 2.4039399 0.5668343 2.1009775 2.2609953 3.0823868 0.4894347 3.0393058 2.7624851 1.0758320 2.7888562 2.7366454 2.7632693 2.7064068 2.7211085 2.8734712 2.7382095 2.8997603 2.8681340 2.7221512 0.8876838 2.9357978 3.0153238 3.0054435 3.2542783 0.9528737 3.3912264 3.4761593 3.0090010 3.7353427 0.9152845 3.3073198 3.4679707 2.7730865 3.4660649 1.0304910 3.4967497 0.4440808 3.0390765 4.2629763 3.4224121 4.1304817 1.4820507 2.4431640 1.1790002 3.0225106 2.6497665 2.8519867 2.6606517 2.8791200 3.1001710 2.7363307 2.6802999 2.5166756 2.7303335 3.2294731 3.1101508 2.7756803 3.2928504 3.4087184 2.6385402 3.5840816 3.9708064 4.0042747 4.2462641 3.9443629 5.1116734 
Bralan_BLAG03000868_1                                  2.4438398 0.0000000 2.4272171 2.6992632 2.4053585 2.3774530 0.7199740 2.1853442 2.3063429 2.5483674 0.4984290 2.4893419 2.3566210 1.0783344 2.4679986 2.4395488 2.4418910 2.4403209 2.4125948 2.4845412 2.4517855 2.4454222 2.5529894 2.6694687 0.9813477 2.7195501 2.5858377 2.5136967 3.0505245 0.9582533 2.8720232 2.8108494 2.8194913 2.8820194 1.0188842 3.1772884 3.2508423 2.4520373 2.9036282 0.8833818 2.8530760 0.4486595 2.7594538 3.4829488 2.8222133 3.4917595 1.2203592 2.3933570 1.2232273 2.8571387 2.6586050 2.7286367 2.7843191 2.5952348 2.6423897 2.6027250 2.1921314 2.3728243 2.2144519 3.1053139 3.1238074 3.0384718 2.9112011 2.9443016 2.7062454 3.2304997 3.7171379 3.7331310 3.5438868 3.6547286 4.1713644 
Exapal_XM_021044308.2                                  2.5286540 2.4272171 0.0000000 1.4474176 1.2684154 1.2496155 0.2604567 1.3248837 1.2497744 2.2401055 0.3329555 2.2453525 2.1706707 0.9365000 2.4583447 2.4131417 2.4338115 2.3600766 2.3737781 2.4597991 1.1041465 2.3291699 2.3559027 2.4746532 0.9468471 2.4027671 2.3560101 2.3607276 2.9236644 0.8053211 2.8601482 3.2497028 2.5467884 3.0178796 0.8437204 2.9036297 2.8950218 2.2677097 3.0882697 0.8578779 3.0688223 0.5262293 3.0797476 4.0762928 3.0825642 3.9123206 1.3922735 2.0624632 0.9931097 2.4411040 2.1800937 2.1760457 2.2522136 2.6725336 2.6820599 2.5991668 2.4960125 2.3774293 2.5373391 2.4010704 2.4600635 2.3764637 3.0412503 2.8095207 1.4237559 3.2979583 3.5136926 3.4876526 4.3427590 3.9167060 4.7345330 
Adig_XM_015894235.1                                    2.5986055 2.6992632 1.4474176 0.0000000 0.0396809 0.4405528 0.0886477 0.4348383 0.4675656 2.3815421 0.3496504 2.4660355 2.2681145 1.0879918 2.5966010 2.5659292 2.5699238 2.5311033 2.4500171 2.5280475 1.2837935 2.4162981 2.5515656 2.5524112 1.0406691 2.4758531 2.4020360 2.4230429 3.2289441 0.7770968 2.8964383 2.9117756 2.6760403 3.1291631 0.8653004 2.7306408 3.1356968 2.5033690 3.1099928 0.8234976 3.3469274 0.5069364 3.0828633 3.8630629 3.2749293 3.6675947 1.3712470 2.2299215 1.0366832 2.4541552 2.2269494 2.3920239 2.4001370 2.7921029 2.8561659 2.6160394 2.5279682 2.7450441 2.4668650 2.4411172 2.7146583 2.6323430 3.2235321 2.8297900 0.3843226 3.3068830 3.6212452 3.3853597 3.6040307 3.7575187 4.5155303 
Amil_Amillepora05769-RA                                2.3650614 2.4053585 1.2684154 0.0396809 0.0000000 0.3871671 0.0924289 0.3846412 0.4141428 2.1213842 0.3942816 2.1789745 1.9935516 0.9185985 2.2686990 2.2026010 2.2082171 2.1225092 2.1778894 2.2715016 1.1428625 2.0803993 2.2835130 2.2080166 0.6654357 2.1979226 2.1238468 2.1574684 2.7158239 0.8675122 2.4768244 2.4352680 2.3182978 2.8187850 0.9166713 2.4536095 2.8010526 2.2103305 2.7436566 0.8656830 2.8690626 0.5069364 2.7041902 3.3717195 2.8056848 3.2678863 1.2670314 1.9587933 0.9769903 2.2021155 1.9748237 2.1584862 2.1840683 2.4481556 2.5416512 2.2408923 2.2605553 2.4467058 2.1391260 2.1647075 2.3101248 2.2168377 2.9095258 2.6001108 0.3470886 2.9673278 3.3366206 3.0296534 3.2041306 3.3946340 4.2686836 
Fspp_ffun1.m4.12050.m1                                 2.4039399 2.3774530 1.2496155 0.4405528 0.3871671 0.0000000 0.0756034 0.2467361 0.2834006 2.2050021 0.3671936 2.2498330 2.1106397 0.9443628 2.4554806 2.3378016 2.3589213 2.2795655 2.3589035 2.3501180 1.1637977 2.1971135 2.4959960 2.4304184 1.0010095 2.4469383 2.2984489 2.2593407 2.8580343 0.8459064 2.7102442 2.8718321 2.5387980 2.9141596 0.9016818 2.7074456 3.0957489 2.4711728 3.0095690 0.8846194 3.1334020 0.4991554 2.9930797 3.8574584 3.2679322 3.6561902 1.2932740 2.0692497 0.9956467 2.4744189 2.1705023 2.2756173 2.2969773 2.4377564 2.5059412 2.4072859 2.3477238 2.5586210 2.3194937 2.2672565 2.4675848 2.4086402 3.1199408 2.7331913 0.3948055 3.2480540 3.4549071 3.4019353 3.4203548 3.5826154 4.4935715 
Gasp_gasp1.m3.4886.m1                                  0.5668343 0.7199740 0.2604567 0.0886477 0.0924289 0.0756034 0.0000000 0.0615830 0.0616524 0.5278048 0.3857296 0.5490360 0.5380335 0.4616710 0.4616710 0.4895270 0.4884655 0.4736015 0.4810488 0.4947216 0.2418848 0.5281536 0.5329087 0.5282932 0.2772450 0.5257376 0.6206533 0.6665900 0.8542890 0.9354613 0.7572259 0.8072105 0.7397844 0.9641604 0.9244460 0.8677027 0.7940004 0.7468673 0.6883679 0.7299584 0.7777370 0.5686982 0.7612601 0.6981514 0.7989168 0.5979228 0.7954424 0.4690146 0.4492194 0.6217608 0.5088555 0.4978276 0.5156314 0.5621319 0.5621319 0.5936927 0.5705268 0.6403854 0.7551998 0.4045461 0.4313618 0.5694749 1.0082710 0.8405406 0.0715346 0.9472354 1.0058799 0.9519907 0.4746472 0.8978602 0.8105843 
Pocdam_XM_027193862.1                                  2.1009775 2.1853442 1.3248837 0.4348383 0.3846412 0.2467361 0.0615830 0.0000000 0.0820628 2.0167689 0.3907949 2.0298282 1.9152292 0.8323783 2.1358402 2.1429849 2.1554098 2.1052452 2.2042275 2.2074516 1.0390760 1.9634451 2.1858532 2.1936091 0.9235206 2.2093287 2.1537026 2.0979251 2.7056171 0.8350011 2.4475913 2.7433213 2.1690268 2.7015157 0.9008557 2.5703850 2.8053413 2.1951450 2.7618999 0.8513228 2.9320769 0.5069024 2.7514980 3.6595305 2.9978669 3.5105520 1.2166568 1.8638700 0.9667969 2.2714868 1.9729651 2.0676344 1.9454205 2.4629784 2.3512305 2.3424748 2.1391054 2.2411668 2.0856698 2.0795514 2.0843746 2.1644127 2.9053860 2.4327426 0.3905590 3.0542273 3.3289119 3.1986588 3.2676605 3.2430437 4.5177719 
Spis_XP_022784661_1                                    2.2609953 2.3063429 1.2497744 0.4675656 0.4141428 0.2834006 0.0616524 0.0820628 0.0000000 2.0152464 0.4045166 2.0821124 1.9832845 0.9479132 2.2215600 2.1978375 2.1902831 2.0931405 2.1949932 2.1957629 1.1111164 2.0802865 2.3688681 2.2733541 0.9711826 2.4227568 2.1673924 2.1309819 2.7907612 0.8350011 2.5493037 2.6496710 2.3040041 2.6769480 0.9025460 2.4671946 2.7215663 2.1791898 2.8233631 0.8293437 2.8711938 0.5049128 2.6980581 3.5188244 2.9004216 3.4291088 1.1688111 1.9618034 1.0181063 2.1969079 2.0216541 2.2543956 2.0812668 2.3376790 2.3713143 2.3346940 2.2058920 2.4017937 2.1149183 2.1733944 2.2380648 2.3231552 2.9229336 2.5372016 0.4613565 2.9992360 3.3109513 3.1169219 3.2893964 3.3888673 4.3668363 
Emue_Em0013g718a.t1                                    3.0823868 2.5483674 2.2401055 2.3815421 2.1213842 2.2050021 0.5278048 2.0167689 2.0152464 0.0000000 0.2125440 0.2097555 1.4460453 0.9441624 2.3213006 2.3504523 2.3875562 2.2721869 2.2745285 2.4266248 2.2393681 1.9116348 2.3229047 2.4677984 0.8750059 2.2762898 1.9616186 1.9999828 3.1120446 1.0100915 2.6766875 2.7379703 2.6919173 2.9624468 0.8150817 2.7092264 2.8416527 2.5761080 3.2410191 0.8865207 3.1491220 0.5663914 3.2277066 4.2067816 3.1123299 4.0005578 1.2906377 2.8026487 1.1875912 2.7975617 2.5995883 2.5789208 2.7236925 2.6495418 2.5155309 2.3882308 2.3384759 2.8651015 2.7340009 3.0200864 2.9880094 2.8568331 2.7938771 2.9336215 2.4019119 3.0360741 3.5778718 3.4642446 3.5193148 3.7484591 4.3366252 
Stycar_maker-SC_scaffold5928-augustus-gene-0.23-mRNA-1 0.4894347 0.4984290 0.3329555 0.3496504 0.3942816 0.3671936 0.3857296 0.3907949 0.4045166 0.2125440 0.0000000 0.2069610 0.1741097 0.4120994 0.4120994 0.4112072 0.4269399 0.4166592 0.4166592 0.4147476 0.3962662 0.3089085 0.4322225 0.4244278 0.2565917 0.4243413 0.3079566 0.3048230 0.8573316 1.9230592 0.6098775 0.9094315 0.6766277 0.9162194 0.8090879 0.9812116 0.8628989 0.7284843 0.6922423 0.7012978 0.7012978 0.5716630 0.7625168 0.8569553 0.7693398 0.6189266 0.7689219 0.4440472 0.4394979 0.6924009 0.4642496 0.5435369 0.4912001 0.4041488 0.4041488 0.4510290 0.4539932 0.4948674 0.7203216 0.4599663 0.5023344 0.4840388 0.9425424 0.8624219 0.2848584 0.9291438 1.0366345 1.0389327 0.6918262 1.2180830 1.3703626 
Spolac_c103437_g1_i1_m.34251c103437-g1                 3.0393058 2.4893419 2.2453525 2.4660355 2.1789745 2.2498330 0.5490360 2.0298282 2.0821124 0.2097555 0.2069610 0.0000000 1.3925636 0.9042084 2.2788374 2.3345246 2.3781785 2.2697159 2.2649091 2.4479173 2.2685356 1.8438690 2.2564789 2.4711806 0.8776012 2.1815676 1.9845673 1.9778647 2.9699970 1.0415171 2.6060213 2.7586985 2.6500743 3.0178847 0.7948749 2.7408307 2.8136636 2.5800361 3.1066988 0.8214504 3.1267067 0.5529224 3.3122150 4.0699571 3.0744212 4.0326754 1.2909645 2.9060603 1.1504342 2.8368279 2.6133000 2.5634489 2.7638024 2.6173681 2.5108300 2.4886780 2.2776588 2.7290075 2.7492409 3.0180722 2.9579798 2.9474576 2.9305714 2.8937169 2.4921293 3.1379036 3.6120494 3.6187464 3.4807706 3.7339738 4.1607022 
Tetwil_g10545.t2                                       2.7624851 2.3566210 2.1706707 2.2681145 1.9935516 2.1106397 0.5380335 1.9152292 1.9832845 1.4460453 0.1741097 1.3925636 0.0000000 0.9284733 2.3674676 2.2076205 2.2256618 2.2267988 2.2216281 2.2670151 2.0715968 1.6422229 2.2279113 2.1345385 0.8846657 2.1760650 1.6737761 1.6539301 3.0788333 0.9095445 2.4693551 2.5272193 2.6106593 2.8976015 0.8785530 2.5522658 2.6477665 2.4924883 2.9685471 0.8080404 3.0121746 0.4703629 2.9805922 3.8573878 3.0162394 3.4589563 1.2881584 2.4692295 1.0464716 2.6306261 2.3834909 2.4596215 2.6123031 2.4340266 2.4262243 2.4477933 2.3594393 2.3614658 2.6281193 2.7961211 2.9074898 2.6894889 2.8101340 2.7589546 2.4069891 2.7774308 2.9436806 3.1380022 3.1703978 3.4732575 3.9693815 
Tadh_TriadT28287                                       1.0758320 1.0783344 0.9365000 1.0879918 0.9185985 0.9443628 0.4616710 0.8323783 0.9479132 0.9441624 0.4120994 0.9042084 0.9284733 0.0000000 0.0085320 0.1778354 0.1866880 0.1917002 0.2084788 0.1894641 0.9277939 0.9409270 1.0807410 1.0745448 0.7511815 1.0548278 0.9084488 1.0296637 1.4687142 0.8267200 1.3081742 1.2783287 1.1230407 1.4505506 0.7863523 1.2728200 1.5393658 1.3785206 1.1538440 0.7521194 1.3161842 0.5738135 1.3054258 1.4150686 1.3926365 1.4360570 0.9306409 0.8616971 0.5534667 1.0979076 0.9957209 1.1191285 1.0985380 0.9055163 0.9983592 0.9874962 1.0933420 1.0764789 1.2375006 1.1740066 1.1842260 1.1469207 1.3763412 1.4268813 1.0235887 1.5334074 1.7710662 1.6228454 1.6988133 1.7658427 1.9145233 
TrH2_TrispH2_006224-RA                                 2.7888562 2.4679986 2.4583447 2.5966010 2.2686990 2.4554806 0.4616710 2.1358402 2.2215600 2.3213006 0.4120994 2.2788374 2.3674676 0.0085320 0.0000000 0.4362705 0.4515576 0.4332333 0.4397302 0.4449860 2.3113638 2.3551897 2.6124620 2.7558446 1.0256632 2.5343383 2.4184204 2.4179013 3.2597333 0.8267200 2.9965239 3.0808983 2.7521514 3.1611315 0.7863523 3.1518960 3.2341837 2.5371090 2.6890619 0.8502307 3.0179617 0.5738135 3.0402375 3.8021987 3.0284909 3.7586414 1.2937797 2.3937245 1.0154053 2.8569250 2.4444114 2.8962701 2.9103801 2.4714414 2.4564597 2.5119422 2.6161233 2.4540115 2.7631250 2.9887123 2.8827928 3.1168663 2.9718107 3.3785177 2.6219899 3.4300279 3.5728268 3.6141365 4.2666354 4.2970362 4.8263404 
HoiH06_mRNA14074                                       2.7366454 2.4395488 2.4131417 2.5659292 2.2026010 2.3378016 0.4895270 2.1429849 2.1978375 2.3504523 0.4112072 2.3345246 2.2076205 0.1778354 0.4362705 0.0000000 0.0648599 0.1636848 0.1603762 0.2631196 2.2189442 2.3622095 2.5411736 2.6761837 0.9808956 2.4537478 2.4817041 2.4324748 3.2603011 0.8496185 2.8669438 3.1213177 2.6999466 3.0917258 0.8457053 3.0095469 3.3231324 2.3907009 2.7342867 0.8630441 2.9815188 0.5301435 3.0795738 3.7421363 3.0267963 4.1001954 1.2915800 2.4492089 1.0628803 2.8250987 2.4632456 2.8243312 2.9084910 2.5406969 2.5585282 2.5977270 2.4602867 2.4436084 2.7100984 2.9887398 2.9371875 3.1526162 3.0993732 3.1560660 2.6528863 3.5245524 3.5333642 3.6250913 4.1247350 4.1185481 4.8291873 
HoiH23_PlH23_008375-RA                                 2.7632693 2.4418910 2.4338115 2.5699238 2.2082171 2.3589213 0.4884655 2.1554098 2.1902831 2.3875562 0.4269399 2.3781785 2.2256618 0.1866880 0.4515576 0.0648599 0.0000000 0.1722800 0.1733505 0.2608905 2.2331421 2.4002674 2.4904681 2.6295713 0.9837083 2.4276342 2.5559982 2.5362906 3.2309807 0.8833209 2.9299293 3.1842110 2.7499867 3.1595580 0.8647788 3.0744491 3.2830380 2.4112673 2.7670340 0.8518747 3.0417826 0.5338284 3.0579995 3.8226499 3.0391514 4.1480815 1.3025919 2.4293242 1.0846894 2.7288373 2.4142391 2.8118504 2.9148152 2.6117063 2.6268607 2.6042237 2.4934052 2.4807873 2.7043810 2.9747409 2.9714334 3.0889379 3.1186758 3.2104319 2.6897835 3.5038862 3.4907287 3.6550267 4.1930793 4.1189505 5.1020387 
Hhon_g06333.t1                                         2.7064068 2.4403209 2.3600766 2.5311033 2.1225092 2.2795655 0.4736015 2.1052452 2.0931405 2.2721869 0.4166592 2.2697159 2.2267988 0.1917002 0.4332333 0.1636848 0.1722800 0.0000000 0.0246622 0.2653752 2.2294989 2.2928618 2.6073502 2.6914880 1.0072678 2.4922127 2.3895689 2.3731334 3.1266673 0.8496185 2.8872536 3.0415498 2.7323084 3.2251446 0.8525574 3.0731958 3.2561027 2.5158754 2.8019395 0.8416793 3.0452098 0.5610362 3.1643913 3.7422860 3.1047222 4.2074278 1.2971191 2.4420634 1.0394492 2.7191139 2.3876218 2.7698588 2.9397395 2.4730590 2.4690018 2.5383035 2.5105819 2.4759349 2.6915333 2.9607143 2.9425057 2.9466452 3.0606220 3.3407267 2.5018644 3.4278436 3.5643311 3.5655925 3.9412843 3.9535226 4.8043418 
HoiH04_mRNA10538                                       2.7211085 2.4125948 2.3737781 2.4500171 2.1778894 2.3589035 0.4810488 2.2042275 2.1949932 2.2745285 0.4166592 2.2649091 2.2216281 0.2084788 0.4397302 0.1603762 0.1733505 0.0246622 0.0000000 0.2535326 2.2808119 2.2990581 2.5537836 2.6706225 1.0072678 2.4455415 2.4185312 2.3632617 3.1364497 0.8085106 2.8247557 2.9767848 2.6358849 3.1043999 0.8525574 2.9967469 3.0809525 2.5358489 2.7282929 0.8270502 3.0293788 0.5610362 3.1383189 3.6662830 3.1481712 4.1430598 1.3220627 2.4745801 1.0378751 2.7381359 2.4046975 2.6910272 2.9176520 2.5415642 2.5310363 2.5177941 2.4571508 2.3674730 2.7111314 3.0234545 2.9986244 2.9695335 3.0339259 3.3576835 2.6536806 3.4027983 3.3686216 3.5320510 3.7948096 3.7970984 4.7399544 
HoiH11_mRNA9434                                        2.8734712 2.4845412 2.4597991 2.5280475 2.2715016 2.3501180 0.4947216 2.2074516 2.1957629 2.4266248 0.4147476 2.4479173 2.2670151 0.1894641 0.4449860 0.2631196 0.2608905 0.2653752 0.2535326 0.0000000 2.2425358 2.4113310 2.7488219 2.8187751 0.9873236 2.5716445 2.5321109 2.4080157 3.2318428 0.7855778 2.8883981 3.2723388 2.8271847 3.2479218 0.8588592 3.2047775 3.3323404 2.3552856 2.6988133 0.8375806 2.8613345 0.5546249 2.9990854 3.7034323 3.0439244 4.0669529 1.2795027 2.4407999 1.0322873 2.9208740 2.5056158 2.9316895 2.7974511 2.5114575 2.5324288 2.6333966 2.5704245 2.5967722 2.8297166 2.9831583 3.0912453 3.0239980 2.9517987 3.3402377 2.6019046 3.5515534 3.5392213 3.6311067 4.1226803 4.0436233 4.9685647 
Nvec_v1g238203                                         2.7382095 2.4517855 1.1041465 1.2837935 1.1428625 1.1637977 0.2418848 1.0390760 1.1111164 2.2393681 0.3962662 2.2685356 2.0715968 0.9277939 2.3113638 2.2189442 2.2331421 2.2294989 2.2808119 2.2425358 0.0000000 2.1440650 2.3855201 2.3610208 0.9746672 2.3348008 2.4472745 2.4318456 3.0880572 0.8606688 2.7174330 3.0531701 2.5833589 2.8418630 0.9579062 2.8841814 3.1579992 2.6668995 3.1464524 0.8365061 3.2269158 0.5173711 3.3048946 4.2477327 3.2153505 4.2274178 1.3301433 1.9863595 0.9785127 2.2768038 2.0197070 2.4250319 2.2521400 2.4495356 2.5986264 2.4637749 2.3878458 2.3910475 2.5239727 2.2332899 2.5972225 2.4179075 3.0249886 3.0146001 1.3037192 3.2620351 3.4030810 3.3866372 4.0997536 3.9349081 4.3074469 
Plespi_Pspi_scaffold6866_01                            2.8997603 2.4454222 2.3291699 2.4162981 2.0803993 2.1971135 0.5281536 1.9634451 2.0802865 1.9116348 0.3089085 1.8438690 1.6422229 0.9409270 2.3551897 2.3622095 2.4002674 2.2928618 2.2990581 2.4113310 2.1440650 0.0000000 2.1806001 2.1727989 0.9894347 2.2711151 1.9068555 1.8391946 2.6853429 0.9026777 2.3619558 2.8709527 2.6086523 2.8753113 0.9134657 2.7017539 3.0078328 2.5545333 3.1179562 0.9912858 3.3214936 0.5493805 3.0220936 4.0430087 3.2229774 4.0518061 1.4152646 2.4378444 0.9924395 2.7118495 2.5055204 2.5279155 2.5808540 2.7388307 2.7960052 2.5117337 2.4045827 2.5758444 2.6579109 2.8697452 2.9623984 2.7921230 2.8966533 2.9735103 2.3927680 3.3392312 3.2064077 3.1620497 3.4096489 3.7252915 4.3893060 
Scil_scict025059.2                                     2.8681340 2.5529894 2.3559027 2.5515656 2.2835130 2.4959960 0.5329087 2.1858532 2.3688681 2.3229047 0.4322225 2.2564789 2.2279113 1.0807410 2.6124620 2.5411736 2.4904681 2.6073502 2.5537836 2.7488219 2.3855201 2.1806001 0.0000000 0.6174974 0.3672421 0.5589243 2.3517725 2.4097487 2.9257358 0.9395353 2.8982193 2.9628876 2.5059252 2.9430817 0.8507949 2.6302358 3.1607226 2.3677859 3.0998344 0.8518381 3.1330061 0.4914602 2.8404499 4.0609038 3.1361007 3.9256673 1.3043786 2.4917936 1.1523769 2.9498712 2.7048378 2.7338902 2.8799693 2.3226212 2.4182523 2.4520621 2.6965908 2.8745474 2.8353287 3.0986395 3.1130272 3.1185555 2.9041021 2.9241293 2.7561869 3.2392516 3.3302627 3.3336029 3.5299446 3.8907444 4.6037471 
Lcom_lcpid28956                                        2.7221512 2.6694687 2.4746532 2.5524112 2.2080166 2.4304184 0.5282932 2.1936091 2.2733541 2.4677984 0.4244278 2.4711806 2.1345385 1.0745448 2.7558446 2.6761837 2.6295713 2.6914880 2.6706225 2.8187751 2.3610208 2.1727989 0.6174974 0.0000000 0.2286346 0.6817846 2.4059790 2.4401657 2.8258232 0.8939273 2.7689348 2.9099031 2.6300059 3.1347240 0.8287945 2.7275434 3.1898158 2.5316800 3.0916331 0.8975095 3.2551561 0.4980248 2.9934956 4.2786911 3.3195981 3.7593877 1.3597359 2.4932418 1.1758051 2.9537475 2.7842771 2.9797806 2.9441385 2.6517161 2.7221339 2.6117250 2.5827744 2.8081161 2.9297567 3.0830272 3.3265925 3.0719987 2.8367742 2.9647128 2.6685433 3.1736201 3.2743539 3.3742501 3.7530749 3.9296652 4.6462820 
Leuniv_Lniv_scaffold2427_01                            0.8876838 0.9813477 0.9468471 1.0406691 0.6654357 1.0010095 0.2772450 0.9235206 0.9711826 0.8750059 0.2565917 0.8776012 0.8846657 0.7511815 1.0256632 0.9808956 0.9837083 1.0072678 1.0072678 0.9873236 0.9746672 0.9894347 0.3672421 0.2286346 0.0000000 0.3206295 1.1027605 1.0896680 1.1736469 0.4514824 1.3316793 1.3456251 1.0833360 1.1138353 0.5706769 1.1159080 1.0028312 1.2424854 1.3580815 0.5328942 1.4246938 0.4282259 1.2969823 1.4791056 1.5404501 1.2113449 0.9339789 0.9391777 0.4942311 0.9308803 0.8724325 0.8639940 1.1124234 0.8079786 0.8844113 1.0105441 0.8991256 0.9607696 1.0284481 0.9922144 0.9606453 1.1138300 1.2783489 1.2775955 0.9969156 1.3711782 1.4389178 1.2516203 1.3060304 1.3948347 1.9940157 
Gracom_Gcom_scaffold16330_01                           2.9357978 2.7195501 2.4027671 2.4758531 2.1979226 2.4469383 0.5257376 2.2093287 2.4227568 2.2762898 0.4243413 2.1815676 2.1760650 1.0548278 2.5343383 2.4537478 2.4276342 2.4922127 2.4455415 2.5716445 2.3348008 2.2711151 0.5589243 0.6817846 0.3206295 0.0000000 2.3585510 2.3371867 2.9849246 0.9002764 2.7768556 2.8503282 2.5895679 3.0280166 0.8175830 2.6760900 3.4192318 2.4370712 3.1801900 0.8349591 3.1979328 0.4715652 3.0332167 4.0829287 3.3333442 3.9452946 1.2727865 2.5312126 1.1536716 2.7212604 2.5667118 2.6908500 2.9260285 2.4273299 2.5329834 2.5593027 2.7496667 2.8854891 2.9249099 3.1124068 3.0285121 3.1162249 3.2294345 2.8778697 2.7591304 3.2106764 3.4311963 3.4626232 3.5823007 3.7890631 4.3679687 
Aque_Aqu2.1.40607_001                                  3.0153238 2.5858377 2.3560101 2.4020360 2.1238468 2.2984489 0.6206533 2.1537026 2.1673924 1.9616186 0.3079566 1.9845673 1.6737761 0.9084488 2.4184204 2.4817041 2.5559982 2.3895689 2.4185312 2.5321109 2.4472745 1.9068555 2.3517725 2.4059790 1.1027605 2.3585510 0.0000000 0.5320471 3.1249725 1.1724055 2.8604415 2.9581090 2.8098987 3.0556690 0.9280637 2.8920157 3.2408122 2.5634212 3.3513632 0.8943250 3.3229987 0.5624643 3.1047929 3.9964928 3.2264169 3.9776085 1.3999186 2.4306756 1.2352807 2.8648407 2.6860189 2.6347378 2.5274546 2.8068774 2.7431442 2.4883263 2.5758535 2.6425985 2.6903059 3.0821050 3.0165143 2.8494678 2.9717667 3.2049070 2.5651582 3.0986670 3.5989260 3.6692840 4.1106851 3.9704980 5.0848127 
Halamb_c48524_g2_i2mm.2685                             3.0054435 2.5136967 2.3607276 2.4230429 2.1574684 2.2593407 0.6665900 2.0979251 2.1309819 1.9999828 0.3048230 1.9778647 1.6539301 1.0296637 2.4179013 2.4324748 2.5362906 2.3731334 2.3632617 2.4080157 2.4318456 1.8391946 2.4097487 2.4401657 1.0896680 2.3371867 0.5320471 0.0000000 3.0739063 1.2566935 2.6745956 3.0358509 2.8176943 2.8834862 0.9712219 2.8191764 3.1037540 2.4538058 3.1738200 0.9148873 3.0921506 0.6080115 3.0147839 3.4202085 3.0570327 4.1191186 1.3390469 2.4429293 1.1727454 2.7963035 2.5773495 2.7587353 2.4713030 2.7903156 2.8455626 2.3657395 2.5809594 2.6444750 2.6228666 2.9661015 3.0245292 2.6348791 3.0246089 2.8746438 2.5003695 3.1132288 3.4380594 3.4025004 3.7043661 3.7663445 5.0530851 
Codhol_EP00042_Codosiga_hollandica_P054151             3.2542783 3.0505245 2.9236644 3.2289441 2.7158239 2.8580343 0.8542890 2.7056171 2.7907612 3.1120446 0.8573316 2.9699970 3.0788333 1.4687142 3.2597333 3.2603011 3.2309807 3.1266673 3.1364497 3.2318428 3.0880572 2.6853429 2.9257358 2.8258232 1.1736469 2.9849246 3.1249725 3.0739063 0.0000000 0.6241118 2.0417836 2.2980699 2.2481346 2.5206916 0.6779706 2.5062377 2.8252767 2.9696757 3.7012212 1.3917080 3.6008268 0.7195821 3.3087994 4.5993103 3.6068342 4.0966243 1.7024695 2.9315452 1.6749235 3.4580301 2.9957091 3.2359236 3.1224129 3.1734407 3.3082700 3.0181918 2.9595749 3.2153227 3.4400964 3.2030091 3.2162527 3.9260301 3.0366168 2.7862719 3.2699394 2.7707778 3.1031874 3.0910679 3.2532238 3.1192974 3.8963420 
Saldol_EP00054_Salpingoeca_dolichothecata_P031656      0.9528737 0.9582533 0.8053211 0.7770968 0.8675122 0.8459064 0.9354613 0.8350011 0.8350011 1.0100915 1.9230592 1.0415171 0.9095445 0.8267200 0.8267200 0.8496185 0.8833209 0.8496185 0.8085106 0.7855778 0.8606688 0.9026777 0.9395353 0.8939273 0.4514824 0.9002764 1.1724055 1.2566935 0.6241118 0.0000000 0.5401857 0.6801350 0.6580158 0.6030376 0.6995840 0.6438082 0.6461621 0.8589466 1.0766048 1.7607067 1.2253657 0.4816098 1.0265751 1.0781993 0.9250925 0.5362970 0.9285238 0.6556605 0.6360152 0.6941254 0.7391254 0.8182680 0.8453738 1.0497413 1.0497413 0.8682933 0.8525539 0.8573159 1.0213698 0.9181714 0.9007250 0.7882608 0.8733571 0.8507506 0.4771962 1.0446782 0.9358071 0.9186401 0.2142925 0.7224558 0.5070356 
Salurc_EP00051_Salpingoeca_urceolata_P000106           3.3912264 2.8720232 2.8601482 2.8964383 2.4768244 2.7102442 0.7572259 2.4475913 2.5493037 2.6766875 0.6098775 2.6060213 2.4693551 1.3081742 2.9965239 2.8669438 2.9299293 2.8872536 2.8247557 2.8883981 2.7174330 2.3619558 2.8982193 2.7689348 1.3316793 2.7768556 2.8604415 2.6745956 2.0417836 0.5401857 0.0000000 1.8953679 1.7258266 1.9963374 0.4858579 1.9604416 2.2618686 2.7734347 3.6034027 1.1863133 3.5674189 0.7228108 3.2956112 4.2478374 3.6353075 4.2550432 1.6367671 2.9615871 1.4327926 3.1980584 2.8230393 3.1578291 2.9669152 3.2127804 3.4168193 2.5886029 2.8537040 2.8462083 2.9794054 3.6816957 3.6009728 3.2785047 2.4676368 2.3342475 2.8572225 2.4488258 2.6514713 2.6603661 2.5807192 2.8208798 3.8402116 
Mylflu_EP00047_Mylnosiga_fluctuans_P012957             3.4761593 2.8108494 3.2497028 2.9117756 2.4352680 2.8718321 0.8072105 2.7433213 2.6496710 2.7379703 0.9094315 2.7586985 2.5272193 1.2783287 3.0808983 3.1213177 3.1842110 3.0415498 2.9767848 3.2723388 3.0531701 2.8709527 2.9628876 2.9099031 1.3456251 2.8503282 2.9581090 3.0358509 2.2980699 0.6801350 1.8953679 0.0000000 1.7130292 1.6899748 0.4456802 2.0007418 2.4464464 3.0589876 3.9077580 1.3305158 3.8820378 0.8041138 3.5559325 4.9704213 3.7410945 4.6717367 1.7515732 3.3380174 1.6967136 3.4389264 2.9952270 3.4364757 3.1118101 3.2564736 3.2358739 3.1190136 3.0400564 2.8115201 3.1767229 3.5637752 3.5714457 3.6125690 2.7769874 2.2752843 3.1460747 2.3126024 2.9613085 2.7496861 2.7649657 2.5679343 3.7888558 
Salkve_EP00050_Salpingoeca_kvevrii_P017851             3.0090010 2.8194913 2.5467884 2.6760403 2.3182978 2.5387980 0.7397844 2.1690268 2.3040041 2.6919173 0.6766277 2.6500743 2.6106593 1.1230407 2.7521514 2.6999466 2.7499867 2.7323084 2.6358849 2.8271847 2.5833589 2.6086523 2.5059252 2.6300059 1.0833360 2.5895679 2.8098987 2.8176943 2.2481346 0.6580158 1.7258266 1.7130292 0.0000000 1.9906427 0.4501739 1.9168511 2.1087539 2.7752411 3.4065265 1.0714136 3.4748913 0.7378088 3.4740254 4.7941162 3.7842302 4.3900069 1.6490715 2.5416563 1.2266006 2.8580466 2.4993305 2.8018070 2.7691064 2.7897103 2.8600714 2.8561177 2.5800778 2.5627118 3.0911496 3.3724526 3.2503848 3.1872496 2.4781892 1.9867621 2.6428573 2.3057077 2.5738107 2.5138393 2.6939588 2.4572983 3.1736029 
Salmac_EP00052_Salpingoeca_macrocollata_P019326        3.7353427 2.8820194 3.0178796 3.1291631 2.8187850 2.9141596 0.9641604 2.7015157 2.6769480 2.9624468 0.9162194 3.0178847 2.8976015 1.4505506 3.1611315 3.0917258 3.1595580 3.2251446 3.1043999 3.2479218 2.8418630 2.8753113 2.9430817 3.1347240 1.1138353 3.0280166 3.0556690 2.8834862 2.5206916 0.6030376 1.9963374 1.6899748 1.9906427 0.0000000 0.3605592 2.1460706 2.7176876 2.8213524 3.8315090 1.3717518 3.8907580 0.8364663 3.5556489 3.8678434 3.8410151 4.5473996 1.6578131 3.2996260 1.5962504 3.3538330 3.0386859 3.1872832 3.1578085 3.2217142 3.2818499 3.0796817 2.8215329 3.1465495 3.4468761 3.6554249 3.8367351 3.4772487 2.7017526 2.6252933 3.3960113 2.5793955 2.8703526 2.8269567 2.9859560 2.6440157 3.6534276 
Salpun_EP00053_Salpingoeca_punica_P001547              0.9152845 1.0188842 0.8437204 0.8653004 0.9166713 0.9016818 0.9244460 0.9008557 0.9025460 0.8150817 0.8090879 0.7948749 0.8785530 0.7863523 0.7863523 0.8457053 0.8647788 0.8525574 0.8525574 0.8588592 0.9579062 0.9134657 0.8507949 0.8287945 0.5706769 0.8175830 0.9280637 0.9712219 0.6779706 0.6995840 0.4858579 0.4456802 0.4501739 0.3605592 0.0000000 0.6893392 0.6329520 1.0485352 1.1420097 1.1416459 1.1011126 0.8986327 1.0158422 0.9725104 0.9631729 0.8898636 0.9666506 0.8313999 0.8206339 1.0478019 0.8347700 0.9141332 0.8258986 0.9912753 0.9912753 0.9005403 0.8601286 0.8950616 1.0594596 0.9719637 1.0124818 0.8852889 0.7588931 0.6848162 0.9070589 0.8313806 0.7761256 0.8520455 0.4106940 0.6522345 0.7363724 
Microa_EP00043_Microstomoeca_roanoka_P016078           3.3073198 3.1772884 2.9036297 2.7306408 2.4536095 2.7074456 0.8677027 2.5703850 2.4671946 2.7092264 0.9812116 2.7408307 2.5522658 1.2728200 3.1518960 3.0095469 3.0744491 3.0731958 2.9967469 3.2047775 2.8841814 2.7017539 2.6302358 2.7275434 1.1159080 2.6760900 2.8920157 2.8191764 2.5062377 0.6438082 1.9604416 2.0007418 1.9168511 2.1460706 0.6893392 0.0000000 2.6320030 2.7911775 3.7349345 1.3632949 3.8449285 0.9654547 3.5194223 4.4102496 3.5375774 4.7298075 1.6868754 3.1555792 1.4596993 3.2086808 2.9272000 2.9242871 2.9636716 3.0325081 3.1481136 2.7904331 2.9804522 3.0330477 3.0986663 3.3850313 3.0490294 3.4295703 2.6368499 1.1400474 2.9391525 2.6126296 2.8514563 2.8915889 2.4564119 2.4654009 3.0888465 
Diagra_EP00040_Diaphanoeca_grandis_P037293             3.4679707 3.2508423 2.8950218 3.1356968 2.8010526 3.0957489 0.7940004 2.8053413 2.7215663 2.8416527 0.8628989 2.8136636 2.6477665 1.5393658 3.2341837 3.3231324 3.2830380 3.2561027 3.0809525 3.3323404 3.1579992 3.0078328 3.1607226 3.1898158 1.0028312 3.4192318 3.2408122 3.1037540 2.8252767 0.6461621 2.2618686 2.4464464 2.1087539 2.7176876 0.6329520 2.6320030 0.0000000 2.8717463 3.3449540 1.1801462 3.5827576 0.7788173 3.4962766 4.0809099 3.4873298 4.4033798 1.6820605 3.3578734 1.7306414 3.4114357 3.3493402 3.5603598 3.1559853 3.1255012 3.1422709 3.2169131 3.1083645 3.3265182 3.4012860 3.6797847 3.9181794 3.7648932 2.3541547 2.7902248 3.2172144 2.0391667 2.1901485 2.2268683 3.2863033 3.2707096 3.9025630 
Mlei_ML0523.g5.i1                                      2.7730865 2.4520373 2.2677097 2.5033690 2.2103305 2.4711728 0.7468673 2.1951450 2.1791898 2.5761080 0.7284843 2.5800361 2.4924883 1.3785206 2.5371090 2.3907009 2.4112673 2.5158754 2.5358489 2.3552856 2.6668995 2.5545333 2.3677859 2.5316800 1.2424854 2.4370712 2.5634212 2.4538058 2.9696757 0.8589466 2.7734347 3.0589876 2.7752411 2.8213524 1.0485352 2.7911775 2.8717463 0.0000000 0.9569084 0.2138656 1.0937355 0.2012950 0.6069562 1.0843015 0.8591897 0.9789660 0.4526607 2.5407010 0.9217907 2.8659899 2.5886491 2.6331752 2.9473374 2.4784388 2.7091995 2.3965294 2.6616691 2.7776201 2.8204592 2.8482980 2.8514883 3.1956306 3.1592055 2.9077534 2.7031844 3.1465779 3.2614264 3.4014273 3.8496632 3.6419243 4.4837156 
Vmul_sbMO451897                                        3.4660649 2.9036282 3.0882697 3.1099928 2.7436566 3.0095690 0.6883679 2.7618999 2.8233631 3.2410191 0.6922423 3.1066988 2.9685471 1.1538440 2.6890619 2.7342867 2.7670340 2.8019395 2.7282929 2.6988133 3.1464524 3.1179562 3.0998344 3.0916331 1.3580815 3.1801900 3.3513632 3.1738200 3.7012212 1.0766048 3.6034027 3.9077580 3.4065265 3.8315090 1.1420097 3.7349345 3.3449540 0.9569084 0.0000000 0.1403447 0.6385578 0.1678570 1.0417447 1.0554351 1.1302576 1.4704746 0.5000304 3.2488483 1.4385266 3.8966352 3.6200801 3.3763985 3.3884510 3.0991831 3.2645737 3.0450334 3.4165644 3.3283852 3.5359810 3.6152923 3.4889496 3.4608736 3.4570441 3.4634966 3.3478946 3.7257106 4.1400139 4.2903816 5.0238473 4.4282790 5.8418256 
Coeast_Cast_sb827872                                   1.0304910 0.8833818 0.8578779 0.8234976 0.8656830 0.8846194 0.7299584 0.8513228 0.8293437 0.8865207 0.7012978 0.8214504 0.8080404 0.7521194 0.8502307 0.8630441 0.8518747 0.8416793 0.8270502 0.8375806 0.8365061 0.9912858 0.8518381 0.8975095 0.5328942 0.8349591 0.8943250 0.9148873 1.3917080 1.7607067 1.1863133 1.3305158 1.0714136 1.3717518 1.1416459 1.3632949 1.1801462 0.2138656 0.1403447 0.0000000 0.0230184 0.2030852 0.2882397 0.2646080 0.2536691 0.3197394 0.1863238 0.9726202 0.8757085 1.2170089 1.0098451 0.9950378 0.9350122 0.9184329 0.9471212 1.0271204 0.9478927 1.0449416 1.1543382 1.1077187 1.1010562 1.1106278 1.2939052 1.2086628 0.9161013 1.3824533 1.2920893 1.2933634 1.2118809 1.5201024 1.8681483 
Coemet_Cmet_C606584_01                                 3.4967497 2.8530760 3.0688223 3.3469274 2.8690626 3.1334020 0.7777370 2.9320769 2.8711938 3.1491220 0.7012978 3.1267067 3.0121746 1.3161842 3.0179617 2.9815188 3.0417826 3.0452098 3.0293788 2.8613345 3.2269158 3.3214936 3.1330061 3.2551561 1.4246938 3.1979328 3.3229987 3.0921506 3.6008268 1.2253657 3.5674189 3.8820378 3.4748913 3.8907580 1.1011126 3.8449285 3.5827576 1.0937355 0.6385578 0.0230184 0.0000000 0.2178030 1.1336475 1.2043168 1.2017693 1.6672404 0.4787444 3.5386497 1.4629514 3.8935147 3.6610176 3.4638434 3.3885844 3.2360701 3.4048637 3.1582661 3.3834166 3.3927993 3.4558442 3.7889470 3.5612395 3.4046593 3.5639071 3.6449552 3.4703844 3.6648084 4.4559020 4.6623733 5.1936882 4.4401351 5.2301786 
Eupdun_Edun_sb10688939                                 0.4440808 0.4486595 0.5262293 0.5069364 0.5069364 0.4991554 0.5686982 0.5069024 0.5049128 0.5663914 0.5716630 0.5529224 0.4703629 0.5738135 0.5738135 0.5301435 0.5338284 0.5610362 0.5610362 0.5546249 0.5173711 0.5493805 0.4914602 0.4980248 0.4282259 0.4715652 0.5624643 0.6080115 0.7195821 0.4816098 0.7228108 0.8041138 0.7378088 0.8364663 0.8986327 0.9654547 0.7788173 0.2012950 0.1678570 0.2030852 0.2178030 0.0000000 0.1966947 0.1698583 0.2913963 0.1784471 0.2796388 0.4810906 0.5166286 0.4925764 0.5171687 0.5399276 0.5879555 0.5577593 0.5577593 0.5519736 0.5315281 0.5811997 0.6849335 0.5151963 0.5772598 0.5757776 0.8064878 0.8465794 0.4991554 0.8492169 0.8097355 0.8041353 0.8166869 0.8925868 0.8266628 
Beraby_Baby_sb344678                                   3.0390765 2.7594538 3.0797476 3.0828633 2.7041902 2.9930797 0.7612601 2.7514980 2.6980581 3.2277066 0.7625168 3.3122150 2.9805922 1.3054258 3.0402375 3.0795738 3.0579995 3.1643913 3.1383189 2.9990854 3.3048946 3.0220936 2.8404499 2.9934956 1.2969823 3.0332167 3.1047929 3.0147839 3.3087994 1.0265751 3.2956112 3.5559325 3.4740254 3.5556489 1.0158422 3.5194223 3.4962766 0.6069562 1.0417447 0.2882397 1.1336475 0.1966947 0.0000000 1.2480212 0.9261997 0.9221259 0.4887361 3.1587210 1.3535154 3.4981307 3.1974235 3.5009580 3.2014375 2.9854831 3.1271996 2.9855883 3.2227545 3.2465146 3.4394263 3.3703945 3.5364251 3.5604960 3.4376961 3.5402892 3.2569013 3.7307685 3.8652896 4.0989593 4.4285218 4.2730226 5.3746904 
Lampan_Lpan_12825_01                                   4.2629763 3.4829488 4.0762928 3.8630629 3.3717195 3.8574584 0.6981514 3.6595305 3.5188244 4.2067816 0.8569553 4.0699571 3.8573878 1.4150686 3.8021987 3.7421363 3.8226499 3.7422860 3.6662830 3.7034323 4.2477327 4.0430087 4.0609038 4.2786911 1.4791056 4.0829287 3.9964928 3.4202085 4.5993103 1.0781993 4.2478374 4.9704213 4.7941162 3.8678434 0.9725104 4.4102496 4.0809099 1.0843015 1.0554351 0.2646080 1.2043168 0.1698583 1.2480212 0.0000000 1.3863109 1.4787503 0.5142796 4.5142686 1.5669191 5.0503836 4.5031213 4.2129232 4.2533289 3.5592474 3.7468417 4.0735611 4.0893886 4.4084252 4.1431892 4.3961630 4.0877175 4.0608605 4.1678829 4.1206820 4.5017606 4.4883249 5.4102902 6.1059011 5.1851325 4.5711727 6.0369349 
Horcal_Hcv1.av93.c1.g48.i2                             3.4224121 2.8222133 3.0825642 3.2749293 2.8056848 3.2679322 0.7989168 2.9978669 2.9004216 3.1123299 0.7693398 3.0744212 3.0162394 1.3926365 3.0284909 3.0267963 3.0391514 3.1047222 3.1481712 3.0439244 3.2153505 3.2229774 3.1361007 3.3195981 1.5404501 3.3333442 3.2264169 3.0570327 3.6068342 0.9250925 3.6353075 3.7410945 3.7842302 3.8410151 0.9631729 3.5375774 3.4873298 0.8591897 1.1302576 0.2536691 1.2017693 0.2913963 0.9261997 1.3863109 0.0000000 1.2154985 0.1623183 3.4272037 1.4759851 3.6281487 3.3424632 3.6919134 3.4387503 3.0885621 3.2331119 3.2132778 3.1749338 3.4606871 3.5103421 3.3856159 3.6363040 3.6527935 3.6918710 3.8825587 3.6381827 3.6177649 4.2444372 4.1867925 4.7520427 4.4640311 5.6983075 
Drygla_Dgla_sb278334                                   4.1304817 3.4917595 3.9123206 3.6675947 3.2678863 3.6561902 0.5979228 3.5105520 3.4291088 4.0005578 0.6189266 4.0326754 3.4589563 1.4360570 3.7586414 4.1001954 4.1480815 4.2074278 4.1430598 4.0669529 4.2274178 4.0518061 3.9256673 3.7593877 1.2113449 3.9452946 3.9776085 4.1191186 4.0966243 0.5362970 4.2550432 4.6717367 4.3900069 4.5473996 0.8898636 4.7298075 4.4033798 0.9789660 1.4704746 0.3197394 1.6672404 0.1784471 0.9221259 1.4787503 1.2154985 0.0000000 0.6072438 4.1624069 1.4573846 4.2862522 4.0710547 4.4171500 4.1953749 3.9701861 4.0583617 3.9627821 4.1082409 4.4127865 4.0297786 4.1339808 4.5598931 4.0476199 4.1916861 4.3014677 3.8676771 4.3564633 5.3415654 5.8132194 4.5786497 4.6153153 5.5460189 
Pbac_sb2642097                                         1.4820507 1.2203592 1.3922735 1.3712470 1.2670314 1.2932740 0.7954424 1.2166568 1.1688111 1.2906377 0.7689219 1.2909645 1.2881584 0.9306409 1.2937797 1.2915800 1.3025919 1.2971191 1.3220627 1.2795027 1.3301433 1.4152646 1.3043786 1.3597359 0.9339789 1.2727865 1.3999186 1.3390469 1.7024695 0.9285238 1.6367671 1.7515732 1.6490715 1.6578131 0.9666506 1.6868754 1.6820605 0.4526607 0.5000304 0.1863238 0.4787444 0.2796388 0.4887361 0.5142796 0.1623183 0.6072438 0.0000000 1.4242548 1.1167303 1.5731677 1.4728702 1.3400214 1.5087190 1.3957674 1.4057154 1.4070333 1.2643189 1.4223369 1.4422467 1.5053174 1.3922966 1.7035247 1.6850578 1.6190056 1.3708567 1.7273016 2.0430668 1.8793530 1.8505415 2.0455367 2.0635687 
Sanmal_Sma_008705-T1                                   2.4431640 2.3933570 2.0624632 2.2299215 1.9587933 2.0692497 0.4690146 1.8638700 1.9618034 2.8026487 0.4440472 2.9060603 2.4692295 0.8616971 2.3937245 2.4492089 2.4293242 2.4420634 2.4745801 2.4407999 1.9863595 2.4378444 2.4917936 2.4932418 0.9391777 2.5312126 2.4306756 2.4429293 2.9315452 0.6556605 2.9615871 3.3380174 2.5416563 3.2996260 0.8313999 3.1555792 3.3578734 2.5407010 3.2488483 0.9726202 3.5386497 0.4810906 3.1587210 4.5142686 3.4272037 4.1624069 1.4242548 0.0000000 0.4515041 1.4024147 1.1845460 2.0440000 1.9379455 2.4490737 2.6172057 2.5305625 2.4002195 2.2413133 2.6514323 2.6587741 2.6258379 2.0953643 3.2915056 3.0502882 2.2333507 3.4307744 3.3372522 3.4954771 3.9287581 4.1505050 5.5934480 
Aaur_scaffold1238.g1.t2                                1.1790002 1.2232273 0.9931097 1.0366832 0.9769903 0.9956467 0.4492194 0.9667969 1.0181063 1.1875912 0.4394979 1.1504342 1.0464716 0.5534667 1.0154053 1.0628803 1.0846894 1.0394492 1.0378751 1.0322873 0.9785127 0.9924395 1.1523769 1.1758051 0.4942311 1.1536716 1.2352807 1.1727454 1.6749235 0.6360152 1.4327926 1.6967136 1.2266006 1.5962504 0.8206339 1.4596993 1.7306414 0.9217907 1.4385266 0.8757085 1.4629514 0.5166286 1.3535154 1.5669191 1.4759851 1.4573846 1.1167303 0.4515041 0.0000000 0.3893679 0.2843351 0.9672973 0.8750840 1.2303040 1.1840602 1.2230812 1.1331305 1.0733748 1.2430556 1.2532708 1.2702092 0.8661929 1.7966901 1.4591237 1.0497400 1.6813395 1.8172817 1.8012109 1.8950782 2.0238563 2.6888258 
Nemnom_g18648.t1                                       3.0225106 2.8571387 2.4411040 2.4541552 2.2021155 2.4744189 0.6217608 2.2714868 2.1969079 2.7975617 0.6924009 2.8368279 2.6306261 1.0979076 2.8569250 2.8250987 2.7288373 2.7191139 2.7381359 2.9208740 2.2768038 2.7118495 2.9498712 2.9537475 0.9308803 2.7212604 2.8648407 2.7963035 3.4580301 0.6941254 3.1980584 3.4389264 2.8580466 3.3538330 1.0478019 3.2086808 3.4114357 2.8659899 3.8966352 1.2170089 3.8935147 0.4925764 3.4981307 5.0503836 3.6281487 4.2862522 1.5731677 1.4024147 0.3893679 0.0000000 0.3407004 2.2144039 2.1794213 2.9076694 3.0490928 2.8399430 2.4992744 2.6212208 2.8680318 2.9396991 3.0162692 2.3899734 3.3909324 3.2922814 2.6013836 3.3319562 3.3407396 3.5611620 4.1689236 3.9110361 5.0863477 
Rhoesc_Res_003208-T1                                   2.6497665 2.6586050 2.1800937 2.2269494 1.9748237 2.1705023 0.5088555 1.9729651 2.0216541 2.5995883 0.4642496 2.6133000 2.3834909 0.9957209 2.4444114 2.4632456 2.4142391 2.3876218 2.4046975 2.5056158 2.0197070 2.5055204 2.7048378 2.7842771 0.8724325 2.5667118 2.6860189 2.5773495 2.9957091 0.7391254 2.8230393 2.9952270 2.4993305 3.0386859 0.8347700 2.9272000 3.3493402 2.5886491 3.6200801 1.0098451 3.6610176 0.5171687 3.1974235 4.5031213 3.3424632 4.0710547 1.4728702 1.1845460 0.2843351 0.3407004 0.0000000 2.0242203 1.9082037 2.6172340 2.7141163 2.4793884 2.2328519 2.4076649 2.6272637 2.8277009 2.8119832 2.1737153 3.1614296 2.9096407 2.3387730 3.1629724 3.0463410 3.3043975 4.0037734 3.7033361 4.9221395 
Morvir_scaffold88.g19.t1                               2.8519867 2.7286367 2.1760457 2.3920239 2.1584862 2.2756173 0.4978276 2.0676344 2.2543956 2.5789208 0.5435369 2.5634489 2.4596215 1.1191285 2.8962701 2.8243312 2.8118504 2.7698588 2.6910272 2.9316895 2.4250319 2.5279155 2.7338902 2.9797806 0.8639940 2.6908500 2.6347378 2.7587353 3.2359236 0.8182680 3.1578291 3.4364757 2.8018070 3.1872832 0.9141332 2.9242871 3.5603598 2.6331752 3.3763985 0.9950378 3.4638434 0.5399276 3.5009580 4.2129232 3.6919134 4.4171500 1.3400214 2.0440000 0.9672973 2.2144039 2.0242203 0.0000000 2.0172616 2.8980726 2.8231191 2.6993315 2.5145538 2.2912203 2.7668184 2.8155013 2.7790882 2.3158540 3.4540301 3.2253625 2.4614049 3.5655637 3.9235786 3.8309537 4.1959579 4.0710046 6.3963627 
