60
Hsap_ENST00000359653                                               0.0000000 0.9306636 0.9669561 1.1143569 1.2035274 1.0744180 1.7608538 1.0164257 1.6148703 1.7549152 1.1128896 1.4843087 1.8544407 1.1386213 1.1133660 1.1748849 1.1431521 1.3054908 1.3145327 1.1868465 1.2523362 1.1526809 1.1627339 1.1793873 1.3577700 1.3677779 1.5622165 1.5599976 1.5584510 1.6110873 1.8243608 1.6142171 1.9454354 1.9226320 1.6556294 1.9593429 1.2776229 1.9043246 1.9352434 2.0633424 2.0819416 1.5901177 1.6546952 1.3149729 1.6074997 1.7581415 1.6448767 1.7682452 1.7777664 1.8428670 1.7425300 1.7400930 1.7938638 2.3016241 2.2732543 2.0277601 1.3142973 1.3625609 3.3909615 3.1821691 
Bralan_BLAG03001272_1                                              0.9306636 0.0000000 0.8253976 0.9717993 1.0581059 0.9499310 1.7410942 0.9832162 1.6305441 1.5846624 0.9380176 1.4078231 1.6157150 1.1049711 1.0514655 1.1281391 1.0978991 1.1612103 1.1871337 1.0901601 1.1576694 1.0737436 1.0821124 1.0751607 1.2591813 1.2623781 1.5155358 1.5910958 1.3965888 1.4547010 1.7848912 1.5945449 1.8920471 1.8703751 1.6021318 1.9091879 1.5152035 1.9770720 1.7816843 1.9773350 1.9035507 1.4817137 1.6431100 1.1959213 1.6185610 1.7130674 1.5878834 1.7835866 1.8027696 1.8746968 1.7407379 1.7367666 1.7413083 2.1420015 2.0042193 1.8169959 1.2712244 1.0999387 3.2644090 3.2582325 
Skow_XM_006817836.1                                                0.9669561 0.8253976 0.0000000 0.8240415 1.1159411 1.0065046 1.5816825 0.9066086 1.4297697 1.4624669 0.9108145 1.2983561 1.6890530 0.9861315 0.9884080 1.0801094 1.0350765 1.1615807 1.1433271 1.0605033 1.1225350 1.0298242 1.0246479 1.0912126 1.3595828 1.3413165 1.4185618 1.5865461 1.3631482 1.3671514 1.5945217 1.4623804 1.9415955 2.0069069 1.7220970 1.9349813 1.6637233 1.9527773 1.8483798 2.0028145 1.9562707 1.5745882 1.5730770 1.1871817 1.6441306 1.5177498 1.5720458 1.6924970 1.7045184 1.7857591 1.6953654 1.6835823 1.7163510 1.9569858 1.9545494 1.7405568 1.2236767 1.1855479 3.3609515 3.0819139 
Spur_XM_792185.5                                                   1.1143569 0.9717993 0.8240415 0.0000000 1.2263625 1.2267988 1.8786678 1.0808054 1.7204382 1.6684048 1.0391527 1.5103976 1.7454728 1.2136699 1.1742826 1.2362167 1.2288021 1.2865057 1.3067539 1.2210231 1.2482663 1.2115141 1.2215174 1.2330331 1.3612211 1.4271225 1.5490257 1.6107783 1.5429548 1.5048396 1.7495931 1.5587516 1.8835147 1.9598927 1.7270083 1.9565188 1.6565263 1.9267173 1.9173719 2.0292265 1.9909947 1.5020439 1.6497766 1.3237841 1.6645583 1.8174852 1.7309445 1.8950848 1.7910027 1.8635149 1.7703101 1.7500348 1.8280812 2.1288625 1.9857692 1.8150281 1.3025151 1.3590770 3.1461824 3.3127747 
Tcas_TC011759_001                                                  1.2035274 1.0581059 1.1159411 1.2263625 0.0000000 0.9739255 1.9079260 1.3141733 1.9233923 1.7855645 1.1830217 1.6011046 2.0664548 1.2261429 1.1844196 1.2497700 1.2445584 1.3572933 1.3323035 1.2565512 1.3695681 1.2775517 1.2514022 1.3308547 1.4035501 1.4580058 1.7535828 1.6829743 1.5460103 1.5301122 1.7221617 1.6858166 1.9121517 1.7964112 1.5925329 1.8598194 1.4610245 1.9780359 1.7533737 1.8976181 1.8793240 1.3562211 1.9003365 1.4513786 1.9873700 1.7286045 1.6202804 1.7541874 1.8295180 1.9222163 1.8324945 1.8217253 1.8191265 2.2192257 2.0122761 1.8925795 1.3782075 1.5094624 3.0636396 3.0456035 
Cscu_XM_023369905.1                                                1.0744180 0.9499310 1.0065046 1.2267988 0.9739255 0.0000000 1.7870893 1.0604972 1.7042372 1.8594957 1.0789307 1.6198737 2.0045719 1.1244361 1.0988842 1.3802269 1.3509137 1.4226801 1.4330415 1.3385298 1.4147346 1.3420962 1.3634686 1.3769827 1.4175116 1.5339905 1.5716921 1.5991226 1.6700434 1.6986250 1.9180569 1.7759126 1.9668001 1.9785875 1.5416283 1.8400470 1.4560361 2.0545859 1.9385606 2.1207352 1.9475941 1.5442407 1.9010490 1.4006380 1.8606996 1.7838965 1.7401499 1.8926155 1.8221368 1.9402157 1.7756384 1.7706329 1.8261396 2.2894535 2.1039014 1.9846204 1.3116519 1.3799101 3.6073945 3.0801580 
Aque_Aqu2.1.40700_001                                              1.7608538 1.7410942 1.5816825 1.8786678 1.9079260 1.7870893 0.0000000 0.4576844 0.4916854 1.4694062 0.8647308 1.0817878 1.3985973 1.8618829 1.7026480 1.7626777 1.6885201 1.8769709 1.8616428 1.7661671 1.8089875 1.7571194 1.7243338 1.7898744 1.9685275 1.8938562 1.9155805 1.9652247 1.8173059 1.8600273 1.9936962 1.9707178 2.2056350 2.1674659 1.9658280 2.1935199 1.8778184 2.4111592 2.0410723 2.2364285 2.1122032 2.0106721 1.5123777 1.3671535 1.8600460 2.0359589 1.8621727 2.0818665 2.1561593 2.1477226 2.1562457 2.1759688 2.1338331 2.0746135 2.1455892 2.0087693 1.4082163 2.4577225 4.3343446 3.3458380 
Xestes_augustus_masked-XT_scaffold142886-processed-gene-0.1-mRNA-1 1.0164257 0.9832162 0.9066086 1.0808054 1.3141733 1.0604972 0.4576844 0.0000000 0.4931708 0.6842780 0.6014427 0.4936505 0.7931004 1.0456080 1.1127653 1.1183954 1.1507949 1.1657146 1.1563639 1.1357230 1.1281579 1.1604830 1.1412063 1.1378222 1.1764730 1.2082897 1.1124646 1.1232378 1.0401760 1.0177614 1.0971821 1.1543165 1.7457877 1.7614453 1.7683608 1.7683608 0.0000010 1.9747576 1.7905179 1.9070727 1.9259050 1.7318427 0.9149650 1.1329691 1.2084550 0.9996683 1.1714705 1.1747994 1.1417011 1.1209497 1.1414052 1.1429580 1.1369696 1.3723636 1.2829319 1.3958670 1.0913500 0.9574111 2.6118892 3.0493964 
Halamb_c48772_g1_i1mm.2781                                         1.6148703 1.6305441 1.4297697 1.7204382 1.9233923 1.7042372 0.4916854 0.4931708 0.0000000 1.4237592 0.9006361 1.0339540 1.2462367 1.7130047 1.7454449 1.8022568 1.6856288 1.8182222 1.8106583 1.7587734 1.8430213 1.7588703 1.7495545 1.8128095 1.9091052 1.8542964 1.9229584 1.9593575 1.8708087 1.8973218 1.9643905 1.9349193 2.0919814 2.0941014 1.8095814 2.0677326 1.5673341 2.3010012 2.0033340 2.2076692 2.2003924 1.8734515 1.3985726 1.3885139 1.9618578 1.9416290 1.7100215 1.8903938 1.8707345 1.7870806 1.8596965 1.8736219 1.9083012 2.0212664 2.1846988 1.9401965 1.5104165 2.5466423 3.9909293 3.2707282 
Emue_Em0013g14a.t1                                                 1.7549152 1.5846624 1.4624669 1.6684048 1.7855645 1.8594957 1.4694062 0.6842780 1.4237592 0.0000000 0.1317646 0.9111487 1.1689768 1.7073797 1.6562450 1.7714804 1.6129656 1.8252183 1.8554023 1.7738938 1.8371711 1.7010121 1.7050768 1.7847598 1.8535789 1.7873148 1.8635129 1.8266567 1.7813895 1.6951523 2.1383933 2.0234579 2.2827344 2.2478939 1.8527284 2.1572906 1.5631513 2.1579027 2.0703610 2.2575932 2.0745944 1.8190111 1.3326207 1.3053543 1.7933204 2.0968509 1.9130179 2.1583897 2.1194460 2.2324232 2.1324744 2.1485597 2.1033762 2.3878152 1.9743370 2.0273695 1.3413013 2.4604540 4.6933638 3.6306210 
Spolac_c99371_g2_i2_m.19514c99371-g2                               1.1128896 0.9380176 0.9108145 1.0391527 1.1830217 1.0789307 0.8647308 0.6014427 0.9006361 0.1317646 0.0000000 0.5257484 0.6335621 1.0511928 1.1105884 1.0804657 0.9708780 1.0822152 0.9699498 1.0484952 1.0784460 1.0115072 1.0015711 1.0558507 1.1000381 1.0930504 1.2525008 1.1997266 1.1449880 1.1140949 1.1835180 1.1904667 1.6769320 1.6443291 1.5771354 1.5771354 1.4956910 1.6963765 1.4884098 1.7368061 1.6684450 1.4477446 0.9759675 1.1437403 1.3594025 1.2590998 1.2367831 1.2477101 1.2224450 1.2976954 1.2546745 1.2550150 1.2168190 1.6309927 1.4027338 1.5028158 1.3708145 0.8419792 2.4311769 2.6178829 
Tetwil_g23459.t1                                                   1.4843087 1.4078231 1.2983561 1.5103976 1.6011046 1.6198737 1.0817878 0.4936505 1.0339540 0.9111487 0.5257484 0.0000000 0.6576241 1.5100086 1.3886437 1.5471934 1.4840406 1.4990893 1.4629330 1.4498738 1.5276159 1.4454859 1.4712385 1.4724854 1.4809936 1.4362224 1.6727439 1.6867722 1.5191810 1.4890307 1.7234931 1.6147314 2.1146048 2.0471014 1.8934117 2.0313628 1.6486832 2.1677812 1.9561879 2.1168072 2.0566733 2.0281236 1.1222450 1.1946392 1.5923810 1.5922968 1.7859948 1.9243330 1.8760979 1.9155250 1.9294209 1.9353454 1.8485432 1.9643076 1.9079369 1.9504518 1.3239642 2.1664664 3.3085644 3.3065698 
Stycar_maker-SC_scaffold4665-snap-gene-0.117-mRNA-1                1.8544407 1.6157150 1.6890530 1.7454728 2.0664548 2.0045719 1.3985973 0.7931004 1.2462367 1.1689768 0.6335621 0.6576241 0.0000000 1.9682417 1.7812589 1.8580005 1.8039362 1.9049023 1.8959201 1.8055010 1.8605210 1.7058441 1.6962544 1.8124195 1.9752905 1.9268814 2.1701278 2.1935100 1.9910295 1.9354779 2.4295022 2.0428298 2.3761430 2.2049514 1.9445515 2.2525117 1.5755507 2.3250524 2.0782078 2.3605171 2.2188058 1.8357414 1.4394320 1.3569601 1.8070535 2.2629951 2.0245670 2.2045598 2.2508734 2.3436844 2.2249583 2.2159826 2.2639956 2.5656562 2.5072851 2.2327599 1.3340623 3.2230365 4.4829360 3.6496102 
Cgig_XM_011433418.3                                                1.1386213 1.1049711 0.9861315 1.2136699 1.2261429 1.1244361 1.8618829 1.0456080 1.7130047 1.7073797 1.0511928 1.5100086 1.9682417 0.0000000 1.0795437 1.2919930 1.1818920 1.3690129 1.3820045 1.2842749 1.2925418 1.2430685 1.2619464 1.3158542 1.3744912 1.4315988 1.6315102 1.6433130 1.6560184 1.6467937 1.9494379 1.7118228 2.0333580 1.9475090 1.6702789 1.9058665 1.4822730 2.0623565 1.7844728 2.0280942 1.8515752 1.5371799 1.7635385 1.1725474 1.6175257 1.8524751 1.6747408 1.8294327 1.8367790 1.9404400 1.8500316 1.8492170 1.8527603 2.2912321 2.1037667 1.9462255 1.2878815 1.2593260 3.0528866 3.1002147 
Ctel_gnl_WGS_AMQN_CAPTEDRAFT_mRNA178164                            1.1133660 1.0514655 0.9884080 1.1742826 1.1844196 1.0988842 1.7026480 1.1127653 1.7454449 1.6562450 1.1105884 1.3886437 1.7812589 1.0795437 0.0000000 1.2187353 1.1662698 1.3095542 1.3038488 1.2377177 1.2959688 1.2218006 1.2274442 1.2778725 1.4803059 1.5425708 1.6135580 1.5441532 1.6169116 1.5991629 1.8472900 1.7149979 2.1269462 2.1358907 1.8779494 2.1334068 1.7219301 2.1697000 1.9614418 2.1680356 2.0639945 1.6068872 1.7775244 1.4706352 1.7751531 1.6542471 1.6597246 1.7926477 1.6509115 1.7089458 1.6829416 1.6776518 1.6868251 2.0467605 1.9885438 1.8252520 1.2651271 1.0890436 3.6317945 3.2414852 
Exapal_XM_021058228.2                                              1.1748849 1.1281391 1.0801094 1.2362167 1.2497700 1.3802269 1.7626777 1.1183954 1.8022568 1.7714804 1.0804657 1.5471934 1.8580005 1.2919930 1.2187353 0.0000000 0.3210060 0.5982507 0.5765265 0.5082286 0.5730499 0.4962672 0.5060998 0.5338040 1.0758587 1.0598885 1.2546708 1.3374554 1.2339340 1.2530259 1.4964645 1.3141025 1.9416993 1.9735847 1.7210197 1.9090432 1.3369895 2.0205585 1.7446398 1.9563637 1.9286175 1.5679393 1.5868163 1.3872998 1.6308580 1.8357702 1.7901756 1.9089107 1.8218797 1.8733740 1.7993016 1.7925268 1.8441541 2.2133798 2.2229288 1.9791670 1.2410241 1.8114163 3.3972603 3.2904453 
Nvec_v1g160052                                                     1.1431521 1.0978991 1.0350765 1.2288021 1.2445584 1.3509137 1.6885201 1.1507949 1.6856288 1.6129656 0.9708780 1.4840406 1.8039362 1.1818920 1.1662698 0.3210060 0.0000000 0.5706946 0.5770646 0.5231103 0.6012148 0.4953892 0.4985045 0.5305043 0.9944283 1.0175925 1.2530171 1.3453205 1.2169713 1.2213515 1.5038589 1.3141271 1.9928991 2.0795967 1.7466166 1.9545191 1.3091155 2.0094351 1.7705271 1.9776427 1.9278171 1.5848476 1.5124205 1.3108772 1.5277549 1.8019469 1.7642652 1.8706972 1.7862624 1.8524476 1.7666396 1.7579168 1.8261818 2.1778439 2.0742327 1.9110336 1.2159728 1.7265121 3.6582884 3.2535812 
Adig_XM_015904002.1                                                1.3054908 1.1612103 1.1615807 1.2865057 1.3572933 1.4226801 1.8769709 1.1657146 1.8182222 1.8252183 1.0822152 1.4990893 1.9049023 1.3690129 1.3095542 0.5982507 0.5706946 0.0000000 0.0225100 0.1631621 0.2281360 0.2007645 0.2122333 0.1996313 1.1024605 1.1351139 1.4142365 1.5060276 1.3677542 1.3475854 1.6128742 1.3951630 1.9015129 1.9990221 1.7675650 1.9708184 1.3987633 1.9495492 1.8296758 2.0929931 1.9518076 1.6321910 1.6276782 1.5087100 1.6963269 1.8176818 1.7737908 1.9530986 1.8940872 1.9507278 1.8651144 1.8492432 1.9259743 2.2143388 2.2273636 2.0235101 1.3739471 1.8494238 3.4439809 3.2939070 
Amil_Amillepora03405-RA                                            1.3145327 1.1871337 1.1433271 1.3067539 1.3323035 1.4330415 1.8616428 1.1563639 1.8106583 1.8554023 0.9699498 1.4629330 1.8959201 1.3820045 1.3038488 0.5765265 0.5770646 0.0225100 0.0000000 0.1504022 0.1822487 0.1867250 0.1947982 0.1909073 1.1468464 1.1889002 1.4154765 1.5136004 1.3710323 1.3566137 1.4887136 1.3758618 1.8023003 1.8839403 1.6577351 1.8986513 1.0410642 1.8710006 1.7672607 2.0112703 1.9068005 1.5232448 1.6023113 1.4239784 1.7173387 1.7258827 1.8183616 2.0081784 1.9374301 2.0253162 1.9085765 1.8908131 1.9691087 2.1712173 2.1945593 1.9985982 1.3682059 1.8342033 3.4416590 3.2027025 
Gfas_gfas1.m1.2480.m1                                              1.1868465 1.0901601 1.0605033 1.2210231 1.2565512 1.3385298 1.7661671 1.1357230 1.7587734 1.7738938 1.0484952 1.4498738 1.8055010 1.2842749 1.2377177 0.5082286 0.5231103 0.1631621 0.1504022 0.0000000 0.1601776 0.1345943 0.1438102 0.1289199 1.0630600 1.0753489 1.3366487 1.4237208 1.2502888 1.2441818 1.5258321 1.2971387 1.8616692 1.8652687 1.6867766 1.8548730 1.4496539 1.9020958 1.7466681 1.9683201 1.8629788 1.5593067 1.6521585 1.4113388 1.6258776 1.7409256 1.6868316 1.8464533 1.7901434 1.8473737 1.7701177 1.7576772 1.8095962 2.1557662 2.2252307 2.0005039 1.3007782 1.7074085 3.1259921 3.1913684 
Gasp_gasp1.m3.30727.m1                                             1.2523362 1.1576694 1.1225350 1.2482663 1.3695681 1.4147346 1.8089875 1.1281579 1.8430213 1.8371711 1.0784460 1.5276159 1.8605210 1.2925418 1.2959688 0.5730499 0.6012148 0.2281360 0.1822487 0.1601776 0.0000000 0.1322476 0.1283741 0.1036410 1.1362401 1.1990242 1.4094810 1.4487230 1.3537921 1.3547217 1.5019980 1.4098707 1.9431970 2.0361849 1.7891141 2.0047592 1.5493182 2.0558275 1.8147661 2.0266318 1.9386047 1.6794611 1.7028175 1.3824215 1.6814442 1.6819834 1.8110797 2.0023464 1.9081893 1.9561672 1.8812430 1.8670999 1.9225369 2.0854057 2.3268847 2.0606471 1.4225477 1.7857273 3.4096808 3.2717609 
Spis_XP_022792940_1                                                1.1526809 1.0737436 1.0298242 1.2115141 1.2775517 1.3420962 1.7571194 1.1604830 1.7588703 1.7010121 1.0115072 1.4454859 1.7058441 1.2430685 1.2218006 0.4962672 0.4953892 0.2007645 0.1867250 0.1345943 0.1322476 0.0000000 0.0445026 0.1258764 1.0385263 1.0830184 1.3387140 1.3916061 1.2467548 1.2653446 1.5646881 1.3006187 1.8735094 1.8785204 1.7401357 1.9049885 1.3962596 1.8966079 1.7562085 2.0004535 1.8691915 1.5262311 1.6046681 1.3630777 1.5594786 1.6793280 1.6860598 1.8453860 1.7826586 1.8148698 1.7637988 1.7514838 1.8206070 2.1302321 2.2551919 2.0031123 1.2959740 1.7418695 3.3949975 3.2329644 
Pocdam_XM_027199548.1                                              1.1627339 1.0821124 1.0246479 1.2215174 1.2514022 1.3634686 1.7243338 1.1412063 1.7495545 1.7050768 1.0015711 1.4712385 1.6962544 1.2619464 1.2274442 0.5060998 0.4985045 0.2122333 0.1947982 0.1438102 0.1283741 0.0445026 0.0000000 0.1205310 1.0407287 1.1030741 1.3393415 1.3833112 1.2207348 1.2485137 1.5404967 1.3217478 1.8850067 1.8862073 1.7155151 1.9278701 1.3985719 1.9337128 1.7713015 1.9865663 1.9164449 1.5283892 1.5967818 1.3669623 1.5779836 1.7128612 1.7083511 1.8770824 1.8052080 1.8357511 1.7848201 1.7699768 1.8436819 2.1670771 2.2866218 2.0159056 1.3037194 1.7666080 3.5774219 3.2809862 
Fspp_ffun1.m4.3824.m1                                              1.1793873 1.0751607 1.0912126 1.2330331 1.3308547 1.3769827 1.7898744 1.1378222 1.8128095 1.7847598 1.0558507 1.4724854 1.8124195 1.3158542 1.2778725 0.5338040 0.5305043 0.1996313 0.1909073 0.1289199 0.1036410 0.1258764 0.1205310 0.0000000 1.0814116 1.1109920 1.3788526 1.4417348 1.2494822 1.2702769 1.5459495 1.3269664 1.8909723 1.9145803 1.6942259 1.9189863 1.4277334 1.9140301 1.7590427 1.9700541 1.8775324 1.5686764 1.6144512 1.3703578 1.6549833 1.8211543 1.7685560 1.9497124 1.8746006 1.9370231 1.8390641 1.8257257 1.8984350 2.2565310 2.3832131 2.1384632 1.4120956 1.7423134 3.3761420 3.2759257 
Dgig_XM_028535269.1                                                1.3577700 1.2591813 1.3595828 1.3612211 1.4035501 1.4175116 1.9685275 1.1764730 1.9091052 1.8535789 1.1000381 1.4809936 1.9752905 1.3744912 1.4803059 1.0758587 0.9944283 1.1024605 1.1468464 1.0630600 1.1362401 1.0385263 1.0407287 1.0814116 0.0000000 0.2830585 1.4754142 1.4881426 1.5301919 1.5045384 1.8217498 1.5881396 2.2243158 2.1409066 1.7457099 2.0405723 1.3562892 2.1610525 1.9906372 2.1425369 2.1351966 1.7418963 1.9438802 1.1731448 1.7460083 2.1199099 1.7351630 1.9075437 1.8673316 1.9200510 1.8791746 1.8817247 1.8687145 2.4485415 2.1451368 2.1799247 1.3100679 2.0534340 4.4206057 3.4768515 
Xesp_013092-T1                                                     1.3677779 1.2623781 1.3413165 1.4271225 1.4580058 1.5339905 1.8938562 1.2082897 1.8542964 1.7873148 1.0930504 1.4362224 1.9268814 1.4315988 1.5425708 1.0598885 1.0175925 1.1351139 1.1889002 1.0753489 1.1990242 1.0830184 1.1030741 1.1109920 0.2830585 0.0000000 1.4113262 1.4325929 1.5177864 1.4901371 1.7576563 1.5488576 2.0819635 2.0539027 1.6908306 1.9570704 1.4903370 2.0653639 1.8414842 2.0530287 2.0075277 1.6597458 1.9490360 1.2339032 1.7484795 2.1024346 1.5395731 1.6978679 1.7934019 1.8220301 1.7171889 1.7202307 1.7265071 2.3800071 2.1763594 2.2763959 1.2881782 2.2244680 3.6286408 3.1404370 
Hvul_g29455_1                                                      1.5622165 1.5155358 1.4185618 1.5490257 1.7535828 1.5716921 1.9155805 1.1124646 1.9229584 1.8635129 1.2525008 1.6727439 2.1701278 1.6315102 1.6135580 1.2546708 1.2530171 1.4142365 1.4154765 1.3366487 1.4094810 1.3387140 1.3393415 1.3788526 1.4754142 1.4113262 0.0000000 0.6035464 0.9415119 0.9086039 1.0957741 0.9251869 2.1405029 2.1988616 1.8358346 2.1619243 1.2567859 2.1486573 2.0040567 2.1120845 2.0422312 1.8538949 1.8279721 1.5238824 1.9085218 1.8867688 1.8759848 2.0065145 2.0068056 1.9955840 1.9409757 1.9300945 1.9346424 2.3314713 2.1145670 2.0375332 1.3951543 2.2783171 4.1506111 3.4433227 
Chem_TCONS_00070554                                                1.5599976 1.5910958 1.5865461 1.6107783 1.6829743 1.5991226 1.9652247 1.1232378 1.9593575 1.8266567 1.1997266 1.6867722 2.1935100 1.6433130 1.5441532 1.3374554 1.3453205 1.5060276 1.5136004 1.4237208 1.4487230 1.3916061 1.3833112 1.4417348 1.4881426 1.4325929 0.6035464 0.0000000 1.0234858 0.9593804 1.1607648 1.0269155 2.1563335 2.1508244 1.7817843 2.0792196 1.3549688 2.1298258 1.9835897 2.0985425 2.0047632 1.7812579 1.8424184 1.5917164 2.0229534 1.9647927 1.8377364 1.9765516 1.9679730 1.9672758 1.9798815 1.9739351 1.9194725 2.3871071 2.3214601 2.1623987 1.4493774 2.1132327 3.7487917 3.7981280 
Nemnom_g4892.t1                                                    1.5584510 1.3965888 1.3631482 1.5429548 1.5460103 1.6700434 1.8173059 1.0401760 1.8708087 1.7813895 1.1449880 1.5191810 1.9910295 1.6560184 1.6169116 1.2339340 1.2169713 1.3677542 1.3710323 1.2502888 1.3537921 1.2467548 1.2207348 1.2494822 1.5301919 1.5177864 0.9415119 1.0234858 0.0000000 0.1017050 0.5071560 0.8006613 2.0687605 2.0422986 1.7643643 2.0613704 1.2226321 2.1056546 1.9179023 2.1741318 2.0076933 1.7637617 1.8263100 1.3359366 1.6882067 1.7861752 1.7683347 1.8998910 1.8626701 1.8355151 1.8488462 1.8491777 1.8322743 2.3987827 2.2387538 2.1272134 1.3853221 2.1696087 3.5733288 3.5068045 
Rhoesc_Res_003300-T1                                               1.6110873 1.4547010 1.3671514 1.5048396 1.5301122 1.6986250 1.8600273 1.0177614 1.8973218 1.6951523 1.1140949 1.4890307 1.9354779 1.6467937 1.5991629 1.2530259 1.2213515 1.3475854 1.3566137 1.2441818 1.3547217 1.2653446 1.2485137 1.2702769 1.5045384 1.4901371 0.9086039 0.9593804 0.1017050 0.0000000 0.4891970 0.7820889 2.0247958 2.0626788 1.7501743 2.0476230 1.2776859 2.0772938 1.9261456 2.1602612 1.9559884 1.7296061 1.7794009 1.3217048 1.7221527 1.7651301 1.7522561 1.8891517 1.8351417 1.8105419 1.8408118 1.8422762 1.8264913 2.4304365 2.2590332 2.0975504 1.3672372 2.2739676 3.6527148 3.4933921 
Sanmal_Sma_008316-T1                                               1.8243608 1.7848912 1.5945217 1.7495931 1.7221617 1.9180569 1.9936962 1.0971821 1.9643905 2.1383933 1.1835180 1.7234931 2.4295022 1.9494379 1.8472900 1.4964645 1.5038589 1.6128742 1.4887136 1.5258321 1.5019980 1.5646881 1.5404967 1.5459495 1.8217498 1.7576563 1.0957741 1.1607648 0.5071560 0.4891970 0.0000000 0.8723722 2.0067273 2.1388075 1.7752437 2.1128523 0.9176202 2.2361043 2.0666266 2.1807559 2.0661169 1.7861418 1.9455815 1.4095392 1.8619523 1.9315479 1.9263550 2.1055421 2.1794042 2.1934778 2.1874851 2.1913502 2.0872002 2.6939519 2.6027790 2.2668874 1.4716984 2.3407868 3.5425249 3.8552739 
Morvir_scaffold4.g83.t1                                            1.6142171 1.5945449 1.4623804 1.5587516 1.6858166 1.7759126 1.9707178 1.1543165 1.9349193 2.0234579 1.1904667 1.6147314 2.0428298 1.7118228 1.7149979 1.3141025 1.3141271 1.3951630 1.3758618 1.2971387 1.4098707 1.3006187 1.3217478 1.3269664 1.5881396 1.5488576 0.9251869 1.0269155 0.8006613 0.7820889 0.8723722 0.0000000 2.0692101 2.1852662 1.9093266 2.1705994 1.2445207 2.1214599 1.9569371 2.1421406 2.0002757 1.7029226 1.7677410 1.4576141 1.7306039 1.9245552 1.9707706 2.1409829 2.1122952 2.1126729 2.1258759 2.1157499 2.0903470 2.4011394 2.4162225 2.2289827 1.4439407 2.2862218 3.8544079 3.5528543 
Mlei_ML0465.g11.i1                                                 1.9454354 1.8920471 1.9415955 1.8835147 1.9121517 1.9668001 2.2056350 1.7457877 2.0919814 2.2827344 1.6769320 2.1146048 2.3761430 2.0333580 2.1269462 1.9416993 1.9928991 1.9015129 1.8023003 1.8616692 1.9431970 1.8735094 1.8850067 1.8909723 2.2243158 2.0819635 2.1405029 2.1563335 2.0687605 2.0247958 2.0067273 2.0692101 0.0000000 0.2467540 0.2781767 0.3069286 0.4042812 0.3483390 0.4340891 0.6125207 0.6874895 0.7604809 2.1088383 2.1853839 2.2392190 2.2062618 2.1668479 2.3139002 2.3587261 2.3593643 2.2809121 2.2857248 2.3847933 2.5592148 2.3043560 2.2937079 1.8061855 2.9047708 1.0807186 3.6224007 
Beraby_Baby_sb339915                                               1.9226320 1.8703751 2.0069069 1.9598927 1.7964112 1.9785875 2.1674659 1.7614453 2.0941014 2.2478939 1.6443291 2.0471014 2.2049514 1.9475090 2.1358907 1.9735847 2.0795967 1.9990221 1.8839403 1.8652687 2.0361849 1.8785204 1.8862073 1.9145803 2.1409066 2.0539027 2.1988616 2.1508244 2.0422986 2.0626788 2.1388075 2.1852662 0.2467540 0.0000000 0.2642970 0.3114427 0.4177839 0.3042542 0.4158369 0.6576989 0.7142692 0.7919974 2.1090090 2.0382881 2.0868498 2.1481950 2.0869137 2.2612972 2.3250055 2.3091962 2.2561286 2.2568109 2.2799804 2.5163759 2.3668416 2.3951616 1.9265294 3.1956634 0.8670863 3.5502023 
Bolinf_Binf_sb1250653                                              1.6556294 1.6021318 1.7220970 1.7270083 1.5925329 1.5416283 1.9658280 1.7683608 1.8095814 1.8527284 1.5771354 1.8934117 1.9445515 1.6702789 1.8779494 1.7210197 1.7466166 1.7675650 1.6577351 1.6867766 1.7891141 1.7401357 1.7155151 1.6942259 1.7457099 1.6908306 1.8358346 1.7817843 1.7643643 1.7501743 1.7752437 1.9093266 0.2781767 0.2642970 0.0000000 0.0101860 0.4507812 0.3901079 0.3622465 0.6098844 0.6560393 0.7714235 1.9146940 2.0647610 1.9649434 1.9672222 1.9288964 1.9385309 1.9354410 1.8912353 1.9231704 1.9242654 1.9737733 2.1079772 2.0818299 2.1075320 1.8511196 2.4007734 0.5910161 3.3753177 
Mertsp_Mesp_sb587615                                               1.9593429 1.9091879 1.9349813 1.9565188 1.8598194 1.8400470 2.1935199 1.7683608 2.0677326 2.1572906 1.5771354 2.0313628 2.2525117 1.9058665 2.1334068 1.9090432 1.9545191 1.9708184 1.8986513 1.8548730 2.0047592 1.9049885 1.9278701 1.9189863 2.0405723 1.9570704 2.1619243 2.0792196 2.0613704 2.0476230 2.1128523 2.1705994 0.3069286 0.3114427 0.0101860 0.0000000 0.4507812 0.4206923 0.3702571 0.6124265 0.6946346 0.8126021 2.1416843 2.0647610 2.0752503 2.3135933 2.1093369 2.2406489 2.2812312 2.2766837 2.2836387 2.2867517 2.2877357 2.4756842 2.3664748 2.2618314 1.8511196 3.0738993 0.7571534 3.5263984 
Coeast_Cast_sb761688                                               1.2776229 1.5152035 1.6637233 1.6565263 1.4610245 1.4560361 1.8778184 0.0000010 1.5673341 1.5631513 1.4956910 1.6486832 1.5755507 1.4822730 1.7219301 1.3369895 1.3091155 1.3987633 1.0410642 1.4496539 1.5493182 1.3962596 1.3985719 1.4277334 1.3562892 1.4903370 1.2567859 1.3549688 1.2226321 1.2776859 0.9176202 1.2445207 0.4042812 0.4177839 0.4507812 0.4507812 0.0000000 0.3364749 0.5030066 0.7243213 0.7114476 0.8666080 1.5747381 0.0000010 1.6348432 1.8966042 1.7939192 1.7939192 1.7520798 1.7765875 1.7522319 1.7262131 1.7903120 1.8467924 1.7872218 1.6447210 1.6155624 5.6991426 9.0000000 3.2091767 
Drygla_Dgla_sb304431                                               1.9043246 1.9770720 1.9527773 1.9267173 1.9780359 2.0545859 2.4111592 1.9747576 2.3010012 2.1579027 1.6963765 2.1677812 2.3250524 2.0623565 2.1697000 2.0205585 2.0094351 1.9495492 1.8710006 1.9020958 2.0558275 1.8966079 1.9337128 1.9140301 2.1610525 2.0653639 2.1486573 2.1298258 2.1056546 2.0772938 2.2361043 2.1214599 0.3483390 0.3042542 0.3901079 0.4206923 0.3364749 0.0000000 0.5277849 0.7029483 0.7332173 0.8106224 2.1909876 2.1484806 2.1546789 2.0741214 2.3435026 2.4611589 2.4892289 2.4949290 2.4639138 2.4659837 2.4571788 2.6955173 2.3322507 2.2152980 1.7870341 3.1021589 1.1200536 3.8987185 
Lampan_Lpan_12150_01                                               1.9352434 1.7816843 1.8483798 1.9173719 1.7533737 1.9385606 2.0410723 1.7905179 2.0033340 2.0703610 1.4884098 1.9561879 2.0782078 1.7844728 1.9614418 1.7446398 1.7705271 1.8296758 1.7672607 1.7466681 1.8147661 1.7562085 1.7713015 1.7590427 1.9906372 1.8414842 2.0040567 1.9835897 1.9179023 1.9261456 2.0666266 1.9569371 0.4340891 0.4158369 0.3622465 0.3702571 0.5030066 0.5277849 0.0000000 0.4903450 0.5112567 0.6959077 2.0850004 2.2289807 2.1293872 2.2387378 2.2195424 2.3010557 2.3068217 2.3470014 2.2707274 2.2750726 2.3336869 2.5506018 2.2916708 2.2606177 1.6939641 2.9995867 1.3095775 3.3543199 
Vmul_Simscaffold11747_01                                           2.0633424 1.9773350 2.0028145 2.0292265 1.8976181 2.1207352 2.2364285 1.9070727 2.2076692 2.2575932 1.7368061 2.1168072 2.3605171 2.0280942 2.1680356 1.9563637 1.9776427 2.0929931 2.0112703 1.9683201 2.0266318 2.0004535 1.9865663 1.9700541 2.1425369 2.0530287 2.1120845 2.0985425 2.1741318 2.1602612 2.1807559 2.1421406 0.6125207 0.6576989 0.6098844 0.6124265 0.7243213 0.7029483 0.4903450 0.0000000 0.3889210 0.8898871 2.2693700 2.2131818 2.3078902 2.3479355 2.3053036 2.4566886 2.4830931 2.6125142 2.4781647 2.4763897 2.5166627 2.7577546 2.6277985 2.5293384 1.7998124 2.9706215 1.5640469 3.9267695 
Coemet_Cmet_scaffold17523_01                                       2.0819416 1.9035507 1.9562707 1.9909947 1.8793240 1.9475941 2.1122032 1.9259050 2.2003924 2.0745944 1.6684450 2.0566733 2.2188058 1.8515752 2.0639945 1.9286175 1.9278171 1.9518076 1.9068005 1.8629788 1.9386047 1.8691915 1.9164449 1.8775324 2.1351966 2.0075277 2.0422312 2.0047632 2.0076933 1.9559884 2.0661169 2.0002757 0.6874895 0.7142692 0.6560393 0.6946346 0.7114476 0.7332173 0.5112567 0.3889210 0.0000000 0.8974202 2.1404473 2.2485315 2.2488744 2.3056853 2.2135826 2.3362748 2.4218308 2.5279520 2.4122104 2.4075870 2.4426192 2.6288681 2.5228527 2.4284799 1.8202818 2.8879827 1.5536164 3.7141516 
Eupdun_Edun_sb10630862                                             1.5901177 1.4817137 1.5745882 1.5020439 1.3562211 1.5442407 2.0106721 1.7318427 1.8734515 1.8190111 1.4477446 2.0281236 1.8357414 1.5371799 1.6068872 1.5679393 1.5848476 1.6321910 1.5232448 1.5593067 1.6794611 1.5262311 1.5283892 1.5686764 1.7418963 1.6597458 1.8538949 1.7812579 1.7637617 1.7296061 1.7861418 1.7029226 0.7604809 0.7919974 0.7714235 0.8126021 0.8666080 0.8106224 0.6959077 0.8898871 0.8974202 0.0000000 1.7969536 1.8913154 1.7352188 1.9242219 1.7102510 1.7577704 1.7461960 1.7931331 1.7685115 1.7612688 1.7467253 2.0693629 1.9170450 2.0458095 1.6379267 2.4041583 1.3269554 3.1815103 
Plespi_Pspi_scaffold10668_01                                       1.6546952 1.6431100 1.5730770 1.6497766 1.9003365 1.9010490 1.5123777 0.9149650 1.3985726 1.3326207 0.9759675 1.1222450 1.4394320 1.7635385 1.7775244 1.5868163 1.5124205 1.6276782 1.6023113 1.6521585 1.7028175 1.6046681 1.5967818 1.6144512 1.9438802 1.9490360 1.8279721 1.8424184 1.8263100 1.7794009 1.9455815 1.7677410 2.1088383 2.1090090 1.9146940 2.1416843 1.5747381 2.1909876 2.0850004 2.2693700 2.1404473 1.7969536 0.0000000 1.3718687 1.6906071 1.6379503 1.9473055 2.0563462 2.0004613 1.9484422 2.0212829 2.0226236 1.9587339 2.2845908 2.2829662 1.9126463 1.4564809 2.2619909 3.5350942 3.4657996 
Ocar_g7330                                                         1.3149729 1.1959213 1.1871817 1.3237841 1.4513786 1.4006380 1.3671535 1.1329691 1.3885139 1.3053543 1.1437403 1.1946392 1.3569601 1.1725474 1.4706352 1.3872998 1.3108772 1.5087100 1.4239784 1.4113388 1.3824215 1.3630777 1.3669623 1.3703578 1.1731448 1.2339032 1.5238824 1.5917164 1.3359366 1.3217048 1.4095392 1.4576141 2.1853839 2.0382881 2.0647610 2.0647610 0.0000010 2.1484806 2.2289807 2.2131818 2.2485315 1.8913154 1.3718687 0.0000000 0.0000010 0.8800776 1.4730533 1.4812979 1.4950977 1.4507640 1.4467910 1.4487379 1.4435336 2.0106237 2.1776422 2.1739097 1.2676230 1.3448936 2.6146934 3.7849956 
Opea_EP00118_Oscarella_pearsei_P017862                             1.6074997 1.6185610 1.6441306 1.6645583 1.9873700 1.8606996 1.8600460 1.2084550 1.9618578 1.7933204 1.3594025 1.5923810 1.8070535 1.6175257 1.7751531 1.6308580 1.5277549 1.6963269 1.7173387 1.6258776 1.6814442 1.5594786 1.5779836 1.6549833 1.7460083 1.7484795 1.9085218 2.0229534 1.6882067 1.7221527 1.8619523 1.7306039 2.2392190 2.0868498 1.9649434 2.0752503 1.6348432 2.1546789 2.1293872 2.3078902 2.2488744 1.7352188 1.6906071 0.0000010 0.0000000 1.2039334 1.7557573 1.8916203 1.9065551 1.8943205 1.8609336 1.8467786 1.8961195 2.2250699 2.3731898 2.0945632 1.3750915 2.0527190 3.5196420 3.5704273 
Plajan_Pjan_scaffold17674_01                                       1.7581415 1.7130674 1.5177498 1.8174852 1.7286045 1.7838965 2.0359589 0.9996683 1.9416290 2.0968509 1.2590998 1.5922968 2.2629951 1.8524751 1.6542471 1.8357702 1.8019469 1.8176818 1.7258827 1.7409256 1.6819834 1.6793280 1.7128612 1.8211543 2.1199099 2.1024346 1.8867688 1.9647927 1.7861752 1.7651301 1.9315479 1.9245552 2.2062618 2.1481950 1.9672222 2.3135933 1.8966042 2.0741214 2.2387378 2.3479355 2.3056853 1.9242219 1.6379503 0.8800776 1.2039334 0.0000000 2.1467770 2.3575499 2.4090802 2.5171894 2.3656342 2.3582470 2.3533217 2.3216601 2.4103742 1.9717978 1.2264536 2.3393439 3.7757549 3.4194556 
Tadh_TriadT28239                                                   1.6448767 1.5878834 1.5720458 1.7309445 1.6202804 1.7401499 1.8621727 1.1714705 1.7100215 1.9130179 1.2367831 1.7859948 2.0245670 1.6747408 1.6597246 1.7901756 1.7642652 1.7737908 1.8183616 1.6868316 1.8110797 1.6860598 1.7083511 1.7685560 1.7351630 1.5395731 1.8759848 1.8377364 1.7683347 1.7522561 1.9263550 1.9707706 2.1668479 2.0869137 1.9288964 2.1093369 1.7939192 2.3435026 2.2195424 2.3053036 2.2135826 1.7102510 1.9473055 1.4730533 1.7557573 2.1467770 0.0000000 0.0034644 0.1858937 0.1972251 0.1986947 0.1965385 0.1826471 2.3323077 2.1432040 2.0107102 1.3063655 2.3701470 3.4763967 3.1937030 
TrH2_TrispH2_005145-RA                                             1.7682452 1.7835866 1.6924970 1.8950848 1.7541874 1.8926155 2.0818665 1.1747994 1.8903938 2.1583897 1.2477101 1.9243330 2.2045598 1.8294327 1.7926477 1.9089107 1.8706972 1.9530986 2.0081784 1.8464533 2.0023464 1.8453860 1.8770824 1.9497124 1.9075437 1.6978679 2.0065145 1.9765516 1.8998910 1.8891517 2.1055421 2.1409829 2.3139002 2.2612972 1.9385309 2.2406489 1.7939192 2.4611589 2.3010557 2.4566886 2.3362748 1.7577704 2.0563462 1.4812979 1.8916203 2.3575499 0.0034644 0.0000000 0.2321565 0.2382634 0.2473489 0.2496196 0.2181903 2.4121607 2.2482703 2.0414944 1.3046171 2.7560073 3.8392125 3.3874356 
HoiH06_mRNA8264                                                    1.7777664 1.8027696 1.7045184 1.7910027 1.8295180 1.8221368 2.1561593 1.1417011 1.8707345 2.1194460 1.2224450 1.8760979 2.2508734 1.8367790 1.6509115 1.8218797 1.7862624 1.8940872 1.9374301 1.7901434 1.9081893 1.7826586 1.8052080 1.8746006 1.8673316 1.7934019 2.0068056 1.9679730 1.8626701 1.8351417 2.1794042 2.1122952 2.3587261 2.3250055 1.9354410 2.2812312 1.7520798 2.4892289 2.3068217 2.4830931 2.4218308 1.7461960 2.0004613 1.4950977 1.9065551 2.4090802 0.1858937 0.2321565 0.0000000 0.0439530 0.1156767 0.1157262 0.1237781 2.3261635 2.2572989 2.0331363 1.3247368 2.6914669 4.2441503 3.4109101 
HoiH23_PlH23_003268-RA                                             1.8428670 1.8746968 1.7857591 1.8635149 1.9222163 1.9402157 2.1477226 1.1209497 1.7870806 2.2324232 1.2976954 1.9155250 2.3436844 1.9404400 1.7089458 1.8733740 1.8524476 1.9507278 2.0253162 1.8473737 1.9561672 1.8148698 1.8357511 1.9370231 1.9200510 1.8220301 1.9955840 1.9672758 1.8355151 1.8105419 2.1934778 2.1126729 2.3593643 2.3091962 1.8912353 2.2766837 1.7765875 2.4949290 2.3470014 2.6125142 2.5279520 1.7931331 1.9484422 1.4507640 1.8943205 2.5171894 0.1972251 0.2382634 0.0439530 0.0000000 0.1141719 0.1181590 0.1336156 2.3918925 2.3191604 2.0803544 1.3410781 3.0517719 4.2842231 3.3803264 
Hhon_g02263.t1                                                     1.7425300 1.7407379 1.6953654 1.7703101 1.8324945 1.7756384 2.1562457 1.1414052 1.8596965 2.1324744 1.2546745 1.9294209 2.2249583 1.8500316 1.6829416 1.7993016 1.7666396 1.8651144 1.9085765 1.7701177 1.8812430 1.7637988 1.7848201 1.8390641 1.8791746 1.7171889 1.9409757 1.9798815 1.8488462 1.8408118 2.1874851 2.1258759 2.2809121 2.2561286 1.9231704 2.2836387 1.7522319 2.4639138 2.2707274 2.4781647 2.4122104 1.7685115 2.0212829 1.4467910 1.8609336 2.3656342 0.1986947 0.2473489 0.1156767 0.1141719 0.0000000 0.0107937 0.1374974 2.3175791 2.2721667 2.0300948 1.3449913 2.5863153 4.1996586 3.3892247 
HoiH04_mRNA5806                                                    1.7400930 1.7367666 1.6835823 1.7500348 1.8217253 1.7706329 2.1759688 1.1429580 1.8736219 2.1485597 1.2550150 1.9353454 2.2159826 1.8492170 1.6776518 1.7925268 1.7579168 1.8492432 1.8908131 1.7576772 1.8670999 1.7514838 1.7699768 1.8257257 1.8817247 1.7202307 1.9300945 1.9739351 1.8491777 1.8422762 2.1913502 2.1157499 2.2857248 2.2568109 1.9242654 2.2867517 1.7262131 2.4659837 2.2750726 2.4763897 2.4075870 1.7612688 2.0226236 1.4487379 1.8467786 2.3582470 0.1965385 0.2496196 0.1157262 0.1181590 0.0107937 0.0000000 0.1436502 2.3021549 2.2688837 1.9983426 1.3461155 2.5454172 4.2130129 3.4157446 
HoiH11_mRNA585                                                     1.7938638 1.7413083 1.7163510 1.8280812 1.8191265 1.8261396 2.1338331 1.1369696 1.9083012 2.1033762 1.2168190 1.8485432 2.2639956 1.8527603 1.6868251 1.8441541 1.8261818 1.9259743 1.9691087 1.8095962 1.9225369 1.8206070 1.8436819 1.8984350 1.8687145 1.7265071 1.9346424 1.9194725 1.8322743 1.8264913 2.0872002 2.0903470 2.3847933 2.2799804 1.9737733 2.2877357 1.7903120 2.4571788 2.3336869 2.5166627 2.4426192 1.7467253 1.9587339 1.4435336 1.8961195 2.3533217 0.1826471 0.2181903 0.1237781 0.1336156 0.1374974 0.1436502 0.0000000 2.4036176 2.2739451 2.0146316 1.2786814 2.6527126 4.1298539 3.6477557 
Lcom_lcpid34981                                                    2.3016241 2.1420015 1.9569858 2.1288625 2.2192257 2.2894535 2.0746135 1.3723636 2.0212664 2.3878152 1.6309927 1.9643076 2.5656562 2.2912321 2.0467605 2.2133798 2.1778439 2.2143388 2.1712173 2.1557662 2.0854057 2.1302321 2.1670771 2.2565310 2.4485415 2.3800071 2.3314713 2.3871071 2.3987827 2.4304365 2.6939519 2.4011394 2.5592148 2.5163759 2.1079772 2.4756842 1.8467924 2.6955173 2.5506018 2.7577546 2.6288681 2.0693629 2.2845908 2.0106237 2.2250699 2.3216601 2.3323077 2.4121607 2.3261635 2.3918925 2.3175791 2.3021549 2.4036176 0.0000000 0.8881424 0.7462700 1.3618623 3.7028707 3.6299457 3.5285470 
Gracom_Gcom_scaffold5827_01                                        2.2732543 2.0042193 1.9545494 1.9857692 2.0122761 2.1039014 2.1455892 1.2829319 2.1846988 1.9743370 1.4027338 1.9079369 2.5072851 2.1037667 1.9885438 2.2229288 2.0742327 2.2273636 2.1945593 2.2252307 2.3268847 2.2551919 2.2866218 2.3832131 2.1451368 2.1763594 2.1145670 2.3214601 2.2387538 2.2590332 2.6027790 2.4162225 2.3043560 2.3668416 2.0818299 2.3664748 1.7872218 2.3322507 2.2916708 2.6277985 2.5228527 1.9170450 2.2829662 2.1776422 2.3731898 2.4103742 2.1432040 2.2482703 2.2572989 2.3191604 2.2721667 2.2688837 2.2739451 0.8881424 0.0000000 0.6811821 1.1093848 2.9398707 3.9372067 3.5646392 
Leuniv_Lniv_scaffold20870_01                                       2.0277601 1.8169959 1.7405568 1.8150281 1.8925795 1.9846204 2.0087693 1.3958670 1.9401965 2.0273695 1.5028158 1.9504518 2.2327599 1.9462255 1.8252520 1.9791670 1.9110336 2.0235101 1.9985982 2.0005039 2.0606471 2.0031123 2.0159056 2.1384632 2.1799247 2.2763959 2.0375332 2.1623987 2.1272134 2.0975504 2.2668874 2.2289827 2.2937079 2.3951616 2.1075320 2.2618314 1.6447210 2.2152980 2.2606177 2.5293384 2.4284799 2.0458095 1.9126463 2.1739097 2.0945632 1.9717978 2.0107102 2.0414944 2.0331363 2.0803544 2.0300948 1.9983426 2.0146316 0.7462700 0.6811821 0.0000000 1.0787371 2.8920185 2.8804277 3.4629660 
Clacor_Ccor_scaffold8371_01                                        1.3142973 1.2712244 1.2236767 1.3025151 1.3782075 1.3116519 1.4082163 1.0913500 1.5104165 1.3413013 1.3708145 1.3239642 1.3340623 1.2878815 1.2651271 1.2410241 1.2159728 1.3739471 1.3682059 1.3007782 1.4225477 1.2959740 1.3037194 1.4120956 1.3100679 1.2881782 1.3951543 1.4493774 1.3853221 1.3672372 1.4716984 1.4439407 1.8061855 1.9265294 1.8511196 1.8511196 1.6155624 1.7870341 1.6939641 1.7998124 1.8202818 1.6379267 1.4564809 1.2676230 1.3750915 1.2264536 1.3063655 1.3046171 1.3247368 1.3410781 1.3449913 1.3461155 1.2786814 1.3618623 1.1093848 1.0787371 0.0000000 1.2663227 2.0222783 2.8540810 
Acagra_model.g1178.t1                                              1.3625609 1.0999387 1.1855479 1.3590770 1.5094624 1.3799101 2.4577225 0.9574111 2.5466423 2.4604540 0.8419792 2.1664664 3.2230365 1.2593260 1.0890436 1.8114163 1.7265121 1.8494238 1.8342033 1.7074085 1.7857273 1.7418695 1.7666080 1.7423134 2.0534340 2.2244680 2.2783171 2.1132327 2.1696087 2.2739676 2.3407868 2.2862218 2.9047708 3.1956634 2.4007734 3.0738993 5.6991426 3.1021589 2.9995867 2.9706215 2.8879827 2.4041583 2.2619909 1.3448936 2.0527190 2.3393439 2.3701470 2.7560073 2.6914669 3.0517719 2.5863153 2.5454172 2.6527126 3.7028707 2.9398707 2.8920185 1.2663227 0.0000000 3.9020214 4.0347036 
Pbac_sb2665949                                                     3.3909615 3.2644090 3.3609515 3.1461824 3.0636396 3.6073945 4.3343446 2.6118892 3.9909293 4.6933638 2.4311769 3.3085644 4.4829360 3.0528866 3.6317945 3.3972603 3.6582884 3.4439809 3.4416590 3.1259921 3.4096808 3.3949975 3.5774219 3.3761420 4.4206057 3.6286408 4.1506111 3.7487917 3.5733288 3.6527148 3.5425249 3.8544079 1.0807186 0.8670863 0.5910161 0.7571534 9.0000000 1.1200536 1.3095775 1.5640469 1.5536164 1.3269554 3.5350942 2.6146934 3.5196420 3.7757549 3.4763967 3.8392125 4.2441503 4.2842231 4.1996586 4.2130129 4.1298539 3.6299457 3.9372067 2.8804277 2.0222783 3.9020214 0.0000000 4.8073389 
