72
Hsap_ENST00000324472                                              0.0000000 1.4613771 1.3533845 1.6672301 1.5735240 1.6079725 1.6284746 1.8635967 1.7553806 2.1439447 1.8139173 1.8270624 1.8158601 1.9022578 1.8585309 1.9277924 1.9015863 1.7097444 1.5361827 1.7350971 2.1389861 2.1785212 2.2538034 1.8302578 2.2146782 1.7956668 2.5130580 1.8790269 1.8587326 2.8445264 2.2027136 1.8902595 1.9307164 2.0899819 1.8343100 2.0716214 2.0665706 2.0138533 1.9345271 1.7559919 2.0275613 1.7661054 1.9250319 2.2168327 1.8202654 2.1714076 2.1997439 2.2424338 2.4611212 2.1333371 2.5540134 2.0501671 2.7482594 2.3159572 2.3412992 2.6196081 3.0247633 3.0139198 3.2259374 3.0244314 2.9380792 3.3281836 2.8644021 3.3069625 4.4063256 4.3530294 4.5492302 3.9609752 3.3408389 3.7000329 3.9781942 4.4309937 
Bralan_BLAG04000466_1                                             1.4613771 0.0000000 0.9536514 1.1246467 1.0233315 1.1192300 1.1847935 1.3915465 1.4037588 1.6954181 1.4122030 1.3980375 1.4568204 1.4325977 1.4880665 1.4370922 1.4423721 1.4523359 1.2753240 1.2694152 1.6257416 1.5006129 1.5329677 1.4373108 1.6596596 1.3583658 1.8602868 1.3531060 1.4131445 2.2579014 1.5443825 1.6730309 1.7327073 1.4647058 1.4879208 1.6261554 1.6296796 1.5719173 1.6066992 1.3129078 1.7871635 1.9523755 1.5285294 1.8993269 1.4281690 1.9112325 1.9807133 2.0777344 1.8726257 1.8261901 1.8754702 1.6878111 1.6817626 1.8704279 1.9388737 2.4428773 2.8276778 2.6938324 2.6052573 2.6976499 2.4705555 2.7444412 2.7393301 2.8153795 3.8495159 3.6981159 3.7405150 3.3138858 3.1865365 3.6146447 3.5209061 4.0113791 
Ctel_gnl_WGS_AMQN_CAPTEDRAFT_mRNA6584                             1.3533845 0.9536514 0.0000000 0.7759825 0.7166369 1.0069996 0.9294379 1.1316922 1.1566381 1.3863537 1.2078130 1.0980829 1.1417992 1.1068899 1.1154702 1.1969942 1.1442115 1.3016511 1.1838830 1.2069796 1.4928641 1.3114380 1.3495533 1.3783094 1.5977954 1.4101406 1.8785350 1.4367710 1.2540682 1.9109516 1.4987999 1.3261348 1.4250018 1.2290956 1.4438023 1.4265329 1.4255800 1.4786233 1.4872247 1.2493756 1.5049026 1.4920026 1.4021628 1.7881469 1.7403664 1.8780646 1.8566449 1.9279581 1.9973719 1.7160838 1.8776867 1.7361159 1.8161632 1.6971219 1.7880777 2.0054397 2.6642215 2.3981349 2.3525117 2.2938666 2.4819161 2.3731436 2.3780693 2.6939880 3.1342219 3.1605452 3.1780218 2.8386993 2.8620131 3.3049828 3.1298177 3.3070943 
Cgig_XM_011437982.3                                               1.6672301 1.1246467 0.7759825 0.0000000 0.7950437 1.0491315 1.2200590 1.2390550 1.3645483 1.5337148 1.1094571 1.2004789 1.2372845 1.2195006 1.3340129 1.3655604 1.3846138 1.2752138 1.1887041 1.2586484 1.5879917 1.3743543 1.4190702 1.4136038 1.8088841 1.3941923 2.2772530 1.5326086 1.4239577 2.2358221 1.6781917 1.6466393 1.6213995 1.5605800 1.4388803 1.5948155 1.6024744 1.5927671 1.4729010 1.3743837 1.8265122 1.9380720 1.6486963 2.1298893 1.6395737 1.8010903 1.9820657 2.0862466 2.2009081 2.0354227 2.0183915 1.8091939 2.2539957 1.9449300 1.9428653 2.4534027 2.6373508 2.5471089 2.4138644 2.3001988 2.6114868 2.4951927 2.5163461 2.7028896 3.7539193 3.6508784 3.8794491 4.0098027 3.3536368 3.3128609 3.6954104 3.7968294 
Acagra_model.g22576.t1.1.5d3b8a9a                                 1.5735240 1.0233315 0.7166369 0.7950437 0.0000000 1.0684545 1.1833203 1.3702127 1.4018963 1.6558393 1.3615071 1.3739972 1.4380561 1.4235215 1.4500257 1.4886373 1.3978152 1.3769432 1.2718213 1.3582197 1.6865711 1.5220521 1.5969957 1.4343525 1.6261424 1.6297751 2.3497108 1.5968237 1.3461103 2.1010222 1.8667603 1.6397774 1.6855217 1.4475947 1.4297426 1.5999861 1.6108386 1.6619432 1.5313724 1.3786404 1.7276012 1.8102786 1.5199026 2.2030117 1.4094184 1.8997045 2.0548487 2.1649160 2.3010886 2.1445827 2.2567825 2.0756761 2.0806034 1.9650124 2.0009859 2.4109626 2.6848943 2.5871288 2.6083253 2.5459647 2.3757325 2.6977882 2.5131084 2.7578652 3.4258828 3.5903124 3.9028522 3.6612222 3.2794411 3.6590512 3.4504578 3.9329012 
Skow_XM_006814816.1                                               1.6079725 1.1192300 1.0069996 1.0491315 1.0684545 0.0000000 1.0849085 1.3190363 1.3819645 1.6211094 1.3148368 1.3281767 1.3823646 1.3231416 1.4401432 1.5587773 1.3355945 1.2301609 1.1159091 1.2234530 1.4727492 1.5334028 1.4717658 1.3260528 1.8571949 1.4694010 2.3839374 1.5681003 1.2874068 2.2539621 1.8477669 1.6952424 1.6475069 1.5484658 1.4691124 1.5881446 1.5978003 1.6335601 1.6213670 1.4435425 1.8023018 2.0422908 1.6591253 2.0240648 1.7228213 2.0103523 2.1005355 2.1882396 2.2630316 2.0594980 2.3902352 2.0341334 2.1462885 2.1051596 2.1871606 2.3833221 2.7270354 2.7815245 2.6917389 2.6366521 2.5438792 2.6040821 2.7201087 2.9558804 3.5584296 3.7108303 3.5560349 3.8703835 3.3682556 3.7493349 3.5987379 3.5996698 
Spur_XM_030990038.1                                               1.6284746 1.1847935 0.9294379 1.2200590 1.1833203 1.0849085 0.0000000 1.4517282 1.6065585 2.0516349 1.5140537 1.5481761 1.6451845 1.5854399 1.5919667 1.7579221 1.5865213 1.4164886 1.4658395 1.3930089 1.7890321 1.6346370 1.7022675 1.6553404 1.7838243 1.3136320 2.2319414 1.5665333 1.2945332 2.0971899 1.6593791 1.6033752 1.6082739 1.4063853 1.4733723 1.6192072 1.6255455 1.6102444 1.6074937 1.3634181 1.8103652 2.1827813 1.6611527 1.9978470 1.4022673 1.8115406 1.9800915 2.0363718 2.0913461 1.9418389 2.1815374 1.8045784 2.2265701 1.8915432 1.9899781 2.3004815 2.5099782 2.7699316 2.8265933 2.7460226 2.6375537 2.7637443 2.7299050 3.0833901 3.9261671 3.7129762 3.8345621 3.3910088 3.3478145 3.6883350 3.5793690 3.9273009 
Exapal_XM_021043117.2                                             1.8635967 1.3915465 1.1316922 1.2390550 1.3702127 1.3190363 1.4517282 0.0000000 0.5461461 0.8620513 0.5859957 0.5832207 0.5843467 0.5682722 0.6102691 0.7299591 0.7884793 0.7424518 0.8392173 0.9175379 1.1063648 1.2244471 1.0909047 1.0302949 1.7006322 1.4229719 1.8872312 1.3967893 1.3705440 1.9249752 1.5789028 1.5145501 1.5051752 1.4254591 1.3133901 1.3862777 1.3822180 1.3773819 1.3520225 1.4163112 1.9613271 1.9942182 1.6119429 1.8339493 1.4569695 1.8150784 1.8328849 1.9247602 2.0842115 2.0921000 2.2610818 1.9887791 1.9245613 1.8131431 1.8262704 2.1427315 2.5657525 2.7148278 2.5320094 2.7412273 2.3346054 2.5344063 2.4190350 2.7396309 3.2210116 3.2796468 3.8703475 3.5424933 2.9903574 3.3021447 2.7605346 3.8881348 
Nvec_v1g247236                                                    1.7553806 1.4037588 1.1566381 1.3645483 1.4018963 1.3819645 1.6065585 0.5461461 0.0000000 0.8407376 0.5200670 0.5699035 0.6137766 0.5851183 0.6337768 0.7193822 0.8659865 0.7812408 0.8183195 0.8745146 1.0076331 1.2190181 1.1413243 1.0150470 1.8291402 1.6061590 1.8951848 1.4417837 1.3697085 2.1154961 1.7649699 1.6300648 1.6149117 1.6142535 1.2985657 1.4408136 1.4285890 1.4876915 1.4301083 1.5171378 2.0480494 1.9419598 1.4013202 1.8900072 1.6436384 1.8231346 2.0446602 2.1321285 2.0556261 2.0131205 2.2218981 1.9254628 2.1735888 1.9781735 1.9483757 2.0847196 2.8175717 2.6290869 2.4833692 2.7013119 2.4383159 2.6737755 2.4368142 2.5673950 3.2828990 3.3637270 3.6574291 3.9378740 3.1673890 3.3370238 3.0595827 4.0963144 
Adig_XM_015895423.1                                               2.1439447 1.6954181 1.3863537 1.5337148 1.6558393 1.6211094 2.0516349 0.8620513 0.8407376 0.0000000 0.4564251 0.4562911 0.5065249 0.5125533 0.4946765 0.3043727 1.0929651 1.1162837 1.1040994 1.2007849 1.4871350 1.6315976 1.3960940 1.4768664 2.1431350 1.5342071 2.1461828 1.7159252 1.6725123 2.1844994 1.7973956 1.9722273 1.9230974 1.8396566 1.6289100 1.7188347 1.7170099 1.7124759 1.6887985 1.8631919 2.1325092 2.5489040 1.9226473 2.2688803 2.5426492 2.3381134 2.2989090 2.4163205 2.6706328 2.4569164 2.5619027 2.3343146 2.3280788 2.2204950 2.2762349 2.7299635 3.5469553 2.8807830 2.8037732 3.0640912 2.8331037 3.0360857 2.8634049 3.0471955 3.7696979 3.8699382 4.2472292 3.8172291 3.3198008 3.9797008 3.5340111 4.8063500 
Gfas_gfas1.m1.20636.m1                                            1.8139173 1.4122030 1.2078130 1.1094571 1.3615071 1.3148368 1.5140537 0.5859957 0.5200670 0.4564251 0.0000000 0.1362477 0.2213438 0.2098000 0.2057929 0.3061633 0.7623117 0.7732130 0.9459044 0.8694640 1.0053507 1.2042469 1.1138046 0.9409328 1.7201662 1.7449050 1.7335835 1.5455847 1.3386290 2.0471365 1.2653662 1.5264960 1.5281894 1.4855629 1.3947341 1.3525544 1.3389894 1.4527112 1.5297105 1.5996080 2.1172527 1.8196550 1.6688269 1.9885838 1.0089748 1.9324146 2.0113661 2.0954641 2.2915024 2.1478145 2.3517655 1.9202417 2.1795227 1.8698050 1.9051008 2.3763203 3.1091390 2.4896929 2.3543218 2.3987127 2.2329501 2.3040225 2.5537934 2.5654285 3.3456746 3.2813763 3.8160401 3.9835724 2.9621489 3.3743748 2.9475370 3.6882161 
Fspp_ffun1.m4.18049.m1                                            1.8270624 1.3980375 1.0980829 1.2004789 1.3739972 1.3281767 1.5481761 0.5832207 0.5699035 0.4562911 0.1362477 0.0000000 0.1599293 0.1413930 0.1354902 0.4396867 0.8528926 0.7955097 0.7864177 0.8767234 1.1471297 1.1680316 1.1972825 0.9562553 1.6084084 1.5585455 2.0279694 1.5161309 1.3273201 2.0554221 1.6237204 1.6150055 1.5692106 1.5702985 1.2421712 1.4631339 1.4576335 1.4893308 1.3977198 1.5114594 1.8926338 1.6400144 1.5123586 1.8913510 1.4554311 1.7778245 1.8663992 1.9549376 2.1158762 2.0279217 2.1984906 1.8824895 1.9433221 1.8719697 1.9007673 2.0756265 2.7931634 2.5548951 2.5517250 2.6377155 2.4801194 2.5583721 2.5898251 2.7527346 3.4218923 3.5326911 3.7251503 3.7327108 3.0975379 3.5777951 3.3597695 4.2976597 
Spis_XP_022788344_1                                               1.8158601 1.4568204 1.1417992 1.2372845 1.4380561 1.3823646 1.6451845 0.5843467 0.6137766 0.5065249 0.2213438 0.1599293 0.0000000 0.0809421 0.2207218 0.4640908 0.8445632 0.8035375 0.8131758 0.9124942 1.1229738 1.3178586 1.1796635 1.0520375 1.6739934 1.5380413 1.9491867 1.4871766 1.3794025 2.0274462 1.6377814 1.6555527 1.6601653 1.5646223 1.2619393 1.4398506 1.4484765 1.4559385 1.3730233 1.5438254 1.9044388 1.8108955 1.6458060 1.9097313 1.4040235 1.8917694 1.9571912 2.0456341 2.1499727 2.0533809 2.3239695 1.9961635 1.9880962 1.8903746 2.0201384 2.2408037 2.7657554 2.6846684 2.5548469 2.5188192 2.4260663 2.5416572 2.6376952 2.8122055 3.4718380 3.6050928 3.7642366 3.6969263 3.1032795 3.5713767 3.0077898 4.1037431 
Pocdam_XM_027189574.1                                             1.9022578 1.4325977 1.1068899 1.2195006 1.4235215 1.3231416 1.5854399 0.5682722 0.5851183 0.5125533 0.2098000 0.1413930 0.0809421 0.0000000 0.2008002 0.4781650 0.8450813 0.7736210 0.8286720 0.8918997 1.0927119 1.3136715 1.1598694 0.9913523 1.6300604 1.5320489 2.1091682 1.5202842 1.3781314 1.9937431 1.6573489 1.6321772 1.5903661 1.5835323 1.3100782 1.4865624 1.4807501 1.5628997 1.4657345 1.5799983 1.9935188 1.8652190 1.5875015 1.9110903 1.1406107 1.9171829 1.9921592 2.0993239 2.1740374 2.1475257 2.4528133 2.0757016 1.9069972 1.8952076 1.9261021 2.0622149 2.8591468 2.5342089 2.6285309 2.4818746 2.3152709 2.4939929 2.6452907 2.7799366 3.4074407 3.6692227 3.8103069 3.6625744 3.0679147 3.5685213 2.8938610 3.8364440 
Gasp_gasp1.m3.15326.m1                                            1.8585309 1.4880665 1.1154702 1.3340129 1.4500257 1.4401432 1.5919667 0.6102691 0.6337768 0.4946765 0.2057929 0.1354902 0.2207218 0.2008002 0.0000000 0.5238515 0.8810132 0.8338691 0.8850459 0.9710916 1.2397548 1.2694167 1.2361708 1.0284212 1.6428745 1.6055190 2.1005349 1.5812626 1.3511865 2.0129442 1.5445508 1.6981636 1.6795711 1.6466374 1.2995502 1.4979553 1.4923499 1.5535766 1.4638116 1.5386033 1.8462461 1.9440541 1.7059016 2.0018059 1.7261266 1.9532854 1.9655953 2.0512936 2.2773460 2.0423732 2.2459660 1.9618009 1.9123760 1.9021627 1.9935967 2.3333751 3.0082492 2.6074582 2.5370860 2.6934182 2.4724613 2.4466341 2.7219789 2.7519083 3.5074653 3.5645043 3.7091519 3.5737933 3.1327359 3.9023775 3.4569283 4.0456299 
Amil_Amillepora12593-RA                                           1.9277924 1.4370922 1.1969942 1.3655604 1.4886373 1.5587773 1.7579221 0.7299591 0.7193822 0.3043727 0.3061633 0.4396867 0.4640908 0.4781650 0.5238515 0.0000000 0.9986010 0.9035417 0.6977589 1.0458394 1.3660102 1.4597147 1.4079738 0.9842316 1.8979360 1.8213715 2.1316732 1.6013667 1.4884587 2.2382253 2.1022253 1.7947081 1.7785860 1.7649950 1.4388677 1.5526686 1.5656080 1.6016056 1.5165902 1.7635176 1.9089725 1.6162870 1.4265474 1.8417520 1.5970710 2.0313777 1.8621345 1.7782553 2.1697017 2.0140461 2.3566039 2.0256205 1.9399360 2.1598808 2.0379078 2.0203598 2.8760965 2.6833295 2.4942802 2.5882134 2.6532523 2.9500856 2.7620450 2.7587207 3.8172666 3.9073040 3.8889363 3.3575034 2.8923240 3.9075955 3.3757296 4.0020813 
Dgig_XM_028535968.1                                               1.9015863 1.4423721 1.1442115 1.3846138 1.3978152 1.3355945 1.5865213 0.7884793 0.8659865 1.0929651 0.7623117 0.8528926 0.8445632 0.8450813 0.8810132 0.9986010 0.0000000 0.2977938 0.8389037 0.9838393 1.2282261 1.1888831 1.1086881 0.9967874 1.8668989 1.8418555 2.0611836 1.5949501 1.4228854 2.1654939 1.6729290 1.7598839 1.7297118 1.7359125 1.3286546 1.4607789 1.4713457 1.5696033 1.5702793 1.5315200 1.7414204 2.0712200 1.5253340 1.9653726 1.5666449 1.8940382 1.9501253 2.0211605 2.1552877 2.0774866 2.2253304 1.8915162 1.6895253 1.9644520 1.9385784 2.3620340 2.5514371 2.6207721 2.6756515 2.5737835 2.6032483 2.8931668 2.7708324 2.8065647 3.7488993 3.7619430 3.6652880 3.9295425 3.1196102 3.6612187 3.3832155 3.8567582 
Xesp_009712-T1                                                    1.7097444 1.4523359 1.3016511 1.2752138 1.3769432 1.2301609 1.4164886 0.7424518 0.7812408 1.1162837 0.7732130 0.7955097 0.8035375 0.7736210 0.8338691 0.9035417 0.2977938 0.0000000 0.9033505 0.9569914 1.1289596 1.0432588 1.0259439 1.0368464 1.7761247 1.9553511 1.7033780 1.5615898 1.3401220 2.0216837 1.5023503 1.5925480 1.5717227 1.6176447 1.4221680 1.3789289 1.3787630 1.4912341 1.5416654 1.5424224 1.7817906 2.0388225 1.5619683 1.9307867 1.3431422 1.9306153 1.8618338 1.9187706 2.1095504 2.0215588 2.1650150 1.8409618 1.9004757 1.9647054 1.8306822 2.2559691 2.5889648 2.8011845 2.5606548 2.4777053 2.4722064 2.6016323 2.5644636 2.7427843 3.4077786 3.3102652 3.4471692 3.5418014 3.1159780 3.6546694 3.1898433 3.3382748 
Aaur_scaffold850.g4.t1                                            1.5361827 1.2753240 1.1838830 1.1887041 1.2718213 1.1159091 1.4658395 0.8392173 0.8183195 1.1040994 0.9459044 0.7864177 0.8131758 0.8286720 0.8850459 0.6977589 0.8389037 0.9033505 0.0000000 0.3981557 0.6528848 0.8234688 0.9080332 0.8201056 1.2796486 0.9418517 1.5623792 1.3289254 1.2958497 1.7351713 1.2222509 1.3379994 1.3481647 1.3517460 1.4321609 1.3700845 1.3678708 1.4504204 1.6963473 1.4705506 1.8243511 1.9531087 1.2990804 1.9022408 1.0193320 1.8575116 1.8638124 1.8515667 2.0891834 1.8256543 2.0676826 1.6224322 2.1635782 1.5881218 1.7035600 2.0567697 2.2476469 2.3744830 2.2439384 2.3910304 2.2043655 2.2513024 2.2152076 2.3960806 3.2105440 3.2406428 3.2011527 2.9803291 2.9663460 2.9843671 2.5179596 2.8375655 
Rhoesc_Res_005152-T1                                              1.7350971 1.2694152 1.2069796 1.2586484 1.3582197 1.2234530 1.3930089 0.9175379 0.8745146 1.2007849 0.8694640 0.8767234 0.9124942 0.8918997 0.9710916 1.0458394 0.9838393 0.9569914 0.3981557 0.0000000 0.3406282 0.9569088 0.9663361 0.8203190 1.4892749 1.5107519 1.9908362 1.5850314 1.3192897 2.0856925 1.7689600 1.5807539 1.6561601 1.4876174 1.4132857 1.5264802 1.5312111 1.6031063 1.5583847 1.6196171 1.7921386 1.7035454 1.3575313 1.8956718 1.2934545 1.8383749 1.7812016 1.8627291 2.0262562 1.8504119 2.0647478 1.7984402 2.0196337 1.7948535 1.9431788 2.0779122 2.4995398 2.5945366 2.5538098 2.6137303 2.4983813 2.5294283 2.5028416 2.6892557 3.5581762 3.5087006 3.9297504 3.9251958 3.1945476 3.5270463 2.9577603 3.5003678 
Nemnom_g14667.t1                                                  2.1389861 1.6257416 1.4928641 1.5879917 1.6865711 1.4727492 1.7890321 1.1063648 1.0076331 1.4871350 1.0053507 1.1471297 1.1229738 1.0927119 1.2397548 1.3660102 1.2282261 1.1289596 0.6528848 0.3406282 0.0000000 1.1817982 1.0796371 1.2071039 1.8675205 1.5396698 2.5217287 1.8826548 1.6429841 2.1893926 1.6988205 1.9946270 2.0247523 1.8713289 1.6841341 1.7878353 1.7939573 1.9299771 1.9106472 1.8753165 2.2124970 3.2507898 1.8747261 2.2520630 2.4440323 2.2081460 2.1599852 2.2790831 2.4525958 2.1954916 2.2244929 2.2914934 2.3099767 1.8756979 2.1434140 2.7896297 3.4612516 3.0647920 3.0694594 2.9733771 2.7764611 2.8756339 3.0224755 2.8126376 4.0587767 3.9303062 4.2011840 4.2169102 3.5410824 3.8391164 3.1928304 4.0449128 
Chem_TCONS_00011918                                               2.1785212 1.5006129 1.3114380 1.3743543 1.5220521 1.5334028 1.6346370 1.2244471 1.2190181 1.6315976 1.2042469 1.1680316 1.3178586 1.3136715 1.2694167 1.4597147 1.1888831 1.0432588 0.8234688 0.9569088 1.1817982 0.0000000 0.8482046 0.9396228 1.8006178 1.6765399 2.2039260 1.7423859 1.4996707 2.1012041 1.6513448 1.7180484 1.5412006 1.5951401 1.4894767 1.6483439 1.6405603 1.7437184 1.5684742 1.7908465 2.1114448 2.0137102 1.5931492 1.8256265 1.5039402 1.7770204 1.6728256 1.7488685 1.8471512 2.1359362 2.0281157 1.7597903 1.9457090 1.5837684 1.8319924 2.4115747 2.5891608 2.5584384 2.5146735 2.5306706 2.3987091 2.5401663 2.5866319 2.7214973 3.5247426 3.5905990 3.7175017 3.9355536 3.2343709 3.4838618 3.3454341 3.8086115 
Hvul_g29611_1                                                     2.2538034 1.5329677 1.3495533 1.4190702 1.5969957 1.4717658 1.7022675 1.0909047 1.1413243 1.3960940 1.1138046 1.1972825 1.1796635 1.1598694 1.2361708 1.4079738 1.1086881 1.0259439 0.9080332 0.9663361 1.0796371 0.8482046 0.0000000 1.0501663 2.1510429 1.7142571 2.6266357 1.9127308 1.6344593 1.8966739 1.6084589 1.7630439 1.8634454 1.6831003 1.5842463 1.6359554 1.6091530 1.7457197 1.6567844 2.0063498 2.2667017 3.4602875 2.0033324 1.8846296 2.0115617 2.2092876 2.0682613 2.1902580 2.0155654 2.3566558 2.1813279 2.2115351 2.0115412 2.0374213 2.0293451 3.2802474 4.6629128 2.9053716 2.6970003 2.2907666 2.4414103 2.8108761 2.5857998 2.6187426 3.7202581 3.5427283 4.1878848 3.9827571 3.3730280 3.9967254 3.3236363 4.0824426 
Morvir_scaffold5.g46.t1                                           1.8302578 1.4373108 1.3783094 1.4136038 1.4343525 1.3260528 1.6553404 1.0302949 1.0150470 1.4768664 0.9409328 0.9562553 1.0520375 0.9913523 1.0284212 0.9842316 0.9967874 1.0368464 0.8201056 0.8203190 1.2071039 0.9396228 1.0501663 0.0000000 1.6065026 0.0000010 1.7356999 1.7298166 1.6559588 2.4803701 1.9033866 1.8690556 1.6572089 1.7858447 1.6175805 1.6422166 1.6451101 1.6866749 1.7048189 1.7188127 2.2812883 1.7013608 1.4059469 2.1813608 1.3454488 2.1586136 2.0795800 2.0652530 1.8039845 2.0769531 2.3324987 1.9617552 2.1331761 2.0171050 1.9828518 2.2998855 2.0953439 2.8676720 2.9468181 2.7761808 2.6134733 2.7969645 2.6843959 2.9204146 3.6725315 3.4291504 3.6053246 3.3664379 2.7800458 3.9203355 2.8505223 3.8258745 
Tetwil_g5857.t2                                                   2.2146782 1.6596596 1.5977954 1.8088841 1.6261424 1.8571949 1.7838243 1.7006322 1.8291402 2.1431350 1.7201662 1.6084084 1.6739934 1.6300604 1.6428745 1.8979360 1.8668989 1.7761247 1.2796486 1.4892749 1.8675205 1.8006178 2.1510429 1.6065026 0.0000000 0.9851634 2.4039170 1.6716906 1.5381755 2.3409145 1.7172464 1.9181871 1.8996556 1.7584768 1.7183655 1.8445850 1.8481717 1.9373821 1.8606994 1.7834492 2.0303136 1.1145983 1.1804984 2.1204313 1.5138087 2.0048411 2.1078190 2.1437429 2.1866300 2.2948772 2.4176325 2.0818115 2.3552291 2.1614706 1.7164813 1.5219986 2.0546965 3.1505054 2.6901044 2.8126287 3.1279786 3.1498666 2.6236893 3.2528933 3.6366411 3.8901908 3.7050573 3.6642000 3.1126809 3.3823119 3.2353512 3.9865778 
Spolac_c91357_g2_i1_m.6803c91357-g2                               1.7956668 1.3583658 1.4101406 1.3941923 1.6297751 1.4694010 1.3136320 1.4229719 1.6061590 1.5342071 1.7449050 1.5585455 1.5380413 1.5320489 1.6055190 1.8213715 1.8418555 1.9553511 0.9418517 1.5107519 1.5396698 1.6765399 1.7142571 0.0000010 0.9851634 0.0000000 4.1578897 1.2503579 1.0180936 1.5247910 1.3290091 1.3866779 1.3428299 1.3440054 1.2603388 1.3246936 1.3221137 1.4051631 1.3768030 1.5161436 1.4827258 0.0000010 0.0000010 1.8146167 0.0000010 1.5906713 2.6205968 5.2275464 2.1528586 1.7614211 2.0418033 1.6185800 0.0000010 1.2427247 1.4367513 0.0000010 5.8202300 2.0398288 2.1805184 2.0422509 2.1100307 2.6129461 1.9829880 2.1477135 2.3683063 2.7782474 3.2742092 2.7659553 2.2834915 2.7649283 3.3564808 2.7143674 
Ocar_g7434                                                        2.5130580 1.8602868 1.8785350 2.2772530 2.3497108 2.3839374 2.2319414 1.8872312 1.8951848 2.1461828 1.7335835 2.0279694 1.9491867 2.1091682 2.1005349 2.1316732 2.0611836 1.7033780 1.5623792 1.9908362 2.5217287 2.2039260 2.6266357 1.7356999 2.4039170 4.1578897 0.0000000 0.2778721 1.1670749 2.9161886 2.9620839 2.0971121 2.2318897 2.1996001 2.1129750 2.4659524 2.4684861 2.4827148 1.9244804 2.1019474 2.4480767 2.1331685 1.6783496 2.5076696 1.8489754 2.3367399 2.0832199 2.1777908 2.2791838 2.5487110 2.1722305 2.5085506 1.9259597 2.3085881 2.4544948 2.2217183 2.6808920 3.7202597 3.3858069 3.2769642 3.5973957 3.4762629 3.4530737 4.0775548 5.3704401 5.0564670 5.3747360 4.4012758 4.0902977 4.4098147 4.6007252 4.7411522 
Opea_EP00118_Oscarella_pearsei_P008347                            1.8790269 1.3531060 1.4367710 1.5326086 1.5968237 1.5681003 1.5665333 1.3967893 1.4417837 1.7159252 1.5455847 1.5161309 1.4871766 1.5202842 1.5812626 1.6013667 1.5949501 1.5615898 1.3289254 1.5850314 1.8826548 1.7423859 1.9127308 1.7298166 1.6716906 1.2503579 0.2778721 0.0000000 0.7691891 2.0711308 1.6244623 1.5737055 1.5161438 1.4824716 1.6052586 1.7735402 1.7813028 1.8154859 1.7526848 1.6648414 2.0265832 2.0035711 1.7052120 1.9551221 1.5781834 1.9043953 1.9529082 2.0514722 2.1070499 1.9537960 2.1037411 1.9598106 2.2777255 2.0087053 1.7750166 2.1858638 2.6978672 2.7144883 2.5277318 2.8180964 2.6815226 2.6451205 2.6669824 3.1245934 4.1339278 4.1040423 3.8062670 3.4702553 3.2570193 3.4882773 3.7154920 4.2432776 
Plajan_Pjan_scaffold23582_01                                      1.8587326 1.4131445 1.2540682 1.4239577 1.3461103 1.2874068 1.2945332 1.3705440 1.3697085 1.6725123 1.3386290 1.3273201 1.3794025 1.3781314 1.3511865 1.4884587 1.4228854 1.3401220 1.2958497 1.3192897 1.6429841 1.4996707 1.6344593 1.6559588 1.5381755 1.0180936 1.1670749 0.7691891 0.0000000 2.1526299 1.7661720 1.5323991 1.4704297 1.4110954 1.5056419 1.5965317 1.6046526 1.6822460 1.6728461 1.6354822 1.9055421 1.7114511 1.7469535 2.0645723 1.4058043 1.8039547 1.8804394 1.9700125 2.1396857 1.9584760 2.0618221 1.7955303 2.3647421 1.8739692 1.6077752 2.1680999 2.7682497 2.4822297 2.5931593 2.6113407 2.4808526 2.5361607 2.6457593 2.9768135 3.7217362 4.0214162 3.5317929 3.4372027 3.3383266 4.0300174 3.5774200 4.2410902 
Scil_scict008612.3                                                2.8445264 2.2579014 1.9109516 2.2358221 2.1010222 2.2539621 2.0971899 1.9249752 2.1154961 2.1844994 2.0471365 2.0554221 2.0274462 1.9937431 2.0129442 2.2382253 2.1654939 2.0216837 1.7351713 2.0856925 2.1893926 2.1012041 1.8966739 2.4803701 2.3409145 1.5247910 2.9161886 2.0711308 2.1526299 0.0000000 0.6135710 1.1466284 1.0851789 1.5006585 2.3593510 2.5917523 2.5883326 2.6340440 2.8516661 2.5060625 2.9042550 3.8378616 2.6364683 2.6984955 4.2575456 2.7127091 2.7332580 2.9175950 3.1857642 2.7809655 2.3245435 2.4398505 2.3758533 2.3138408 2.4988340 3.3576894 4.2497173 3.6654180 3.1748834 4.0285269 3.6110194 3.2131057 3.3904615 3.7434600 4.1287048 4.5124785 3.7976788 3.5757519 3.8374005 4.5728501 4.1325650 5.3662108 
Leuniv_Lniv_scaffold21613_01                                      2.2027136 1.5443825 1.4987999 1.6781917 1.8667603 1.8477669 1.6593791 1.5789028 1.7649699 1.7973956 1.2653662 1.6237204 1.6377814 1.6573489 1.5445508 2.1022253 1.6729290 1.5023503 1.2222509 1.7689600 1.6988205 1.6513448 1.6084589 1.9033866 1.7172464 1.3290091 2.9620839 1.6244623 1.7661720 0.6135710 0.0000000 0.9157567 0.8795064 1.2206842 1.6176441 1.8916837 1.8776895 1.9900043 1.9738832 1.9211237 2.0890290 6.5387667 2.4236126 1.9910528 5.0901990 1.9499276 1.9438918 2.1095531 2.7456709 2.2841257 2.0101040 2.0642292 3.0768441 1.8684269 2.1749880 6.7436819 5.8111896 2.9914319 2.6313918 2.7633799 3.0561700 2.9650186 2.6086031 2.7442259 3.4353546 3.9262589 3.5234278 3.4333254 3.1109805 3.4246729 3.8032313 5.9073973 
Lcom_lcpid47649                                                   1.8902595 1.6730309 1.3261348 1.6466393 1.6397774 1.6952424 1.6033752 1.5145501 1.6300648 1.9722273 1.5264960 1.6150055 1.6555527 1.6321772 1.6981636 1.7947081 1.7598839 1.5925480 1.3379994 1.5807539 1.9946270 1.7180484 1.7630439 1.8690556 1.9181871 1.3866779 2.0971121 1.5737055 1.5323991 1.1466284 0.9157567 0.0000000 0.7609792 1.1440708 1.7854566 1.9576277 1.9575631 2.0077086 1.8225218 1.8140700 2.2091975 2.0843680 1.5705906 2.0186377 1.6692889 1.8908224 1.9583659 2.0421231 2.2069937 2.1582385 2.1166466 1.8960879 2.1945327 1.8025085 1.9679517 2.1017163 2.7731125 3.0044829 2.8980420 2.7641070 2.6442090 2.5792593 2.6430806 3.1204586 3.5993280 3.7344443 3.7795973 3.2642949 3.2722697 3.7643143 3.3554445 4.0669708 
Gracom_Gcom_C559096_01                                            1.9307164 1.7327073 1.4250018 1.6213995 1.6855217 1.6475069 1.6082739 1.5051752 1.6149117 1.9230974 1.5281894 1.5692106 1.6601653 1.5903661 1.6795711 1.7785860 1.7297118 1.5717227 1.3481647 1.6561601 2.0247523 1.5412006 1.8634454 1.6572089 1.8996556 1.3428299 2.2318897 1.5161438 1.4704297 1.0851789 0.8795064 0.7609792 0.0000000 1.0995875 1.8415200 2.0063393 2.0071268 2.1193163 1.9644065 1.9179837 2.1762066 2.0563893 1.7192173 2.1708203 1.9111430 2.1127347 2.0917725 2.2139967 2.3407370 2.1813938 2.2490446 1.9601960 2.1866698 1.8558720 1.9944369 2.5414727 3.0269571 2.8635548 2.8176805 2.8329530 2.6804434 2.7606097 2.6352619 3.3156230 3.6809739 3.9648100 3.7012054 3.3867662 3.0706951 3.5623998 3.5257554 4.1568776 
Clacor_Ccor_scaffold13138_01                                      2.0899819 1.4647058 1.2290956 1.5605800 1.4475947 1.5484658 1.4063853 1.4254591 1.6142535 1.8396566 1.4855629 1.5702985 1.5646223 1.5835323 1.6466374 1.7649950 1.7359125 1.6176447 1.3517460 1.4876174 1.8713289 1.5951401 1.6831003 1.7858447 1.7584768 1.3440054 2.1996001 1.4824716 1.4110954 1.5006585 1.2206842 1.1440708 1.0995875 0.0000000 1.4273236 1.5798721 1.5836209 1.7140810 1.5743349 1.6208136 2.1085749 2.1984268 1.5361126 1.8704855 1.2526362 1.6811332 1.8590473 1.9511024 2.0342792 2.1575194 2.3485735 1.9709840 2.0362804 1.8129784 1.9163604 2.2732907 2.8399857 2.6845138 2.8256164 2.6591067 2.4602425 2.5717932 2.7819170 3.0666957 3.9877241 4.0614624 3.5464686 3.2929767 3.1880138 3.6832949 3.4293387 4.4531278 
HoiH06_mRNA5389                                                   1.8343100 1.4879208 1.4438023 1.4388803 1.4297426 1.4691124 1.4733723 1.3133901 1.2985657 1.6289100 1.3947341 1.2421712 1.2619393 1.3100782 1.2995502 1.4388677 1.3286546 1.4221680 1.4321609 1.4132857 1.6841341 1.4894767 1.5842463 1.6175805 1.7183655 1.2603388 2.1129750 1.6052586 1.5056419 2.3593510 1.6176441 1.7854566 1.8415200 1.4273236 0.0000000 0.1583108 0.1517795 0.0542751 0.2212020 1.6536722 1.9304205 2.3707811 1.6978541 1.9523378 1.4363637 1.8535198 2.0053759 2.0660618 1.8744466 1.8735537 2.1792437 1.7455599 2.1990828 1.8106666 1.8542011 2.2653267 2.5736265 2.7163796 2.6036336 2.5624943 2.5331031 2.4057284 2.9176797 2.8043227 3.5228168 3.6499815 3.3469372 3.4087310 3.0285405 3.2991828 3.0881722 3.8151905 
Hhon_g10402.t1                                                    2.0716214 1.6261554 1.4265329 1.5948155 1.5999861 1.5881446 1.6192072 1.3862777 1.4408136 1.7188347 1.3525544 1.4631339 1.4398506 1.4865624 1.4979553 1.5526686 1.4607789 1.3789289 1.3700845 1.5264802 1.7878353 1.6483439 1.6359554 1.6422166 1.8445850 1.3246936 2.4659524 1.7735402 1.5965317 2.5917523 1.8916837 1.9576277 2.0063393 1.5798721 0.1583108 0.0000000 0.0093062 0.2176734 0.2622627 1.7820567 2.0337531 2.4954030 1.7586175 2.0083657 1.4530580 1.8848201 2.1573349 2.2425745 1.9682413 1.9360256 2.2344546 1.9383623 2.2741249 1.9798891 1.9103330 2.2538100 2.8108965 2.8596283 2.7523526 2.6043868 2.5676626 2.7682166 3.0988021 2.9677596 3.8023336 3.8217462 3.4018289 3.6448061 2.9724375 3.6432590 3.4040805 3.8432214 
HoiH04_mRNA7636                                                   2.0665706 1.6296796 1.4255800 1.6024744 1.6108386 1.5978003 1.6255455 1.3822180 1.4285890 1.7170099 1.3389894 1.4576335 1.4484765 1.4807501 1.4923499 1.5656080 1.4713457 1.3787630 1.3678708 1.5312111 1.7939573 1.6405603 1.6091530 1.6451101 1.8481717 1.3221137 2.4684861 1.7813028 1.6046526 2.5883326 1.8776895 1.9575631 2.0071268 1.5836209 0.1517795 0.0093062 0.0000000 0.2177019 0.2593368 1.7727700 2.0348910 2.4839361 1.7549666 2.0088357 1.4530580 1.8906422 2.1540711 2.2390783 1.9625319 1.9503822 2.2215931 1.9246805 2.2743722 1.9935398 1.9309264 2.2549417 2.8154373 2.8479903 2.7693346 2.5814423 2.5913178 2.7764305 3.0966889 2.9544051 3.8365456 3.7986542 3.3685279 3.6604629 2.9857211 3.6355125 3.4008972 3.8606265 
HoiH23_PlH23_002991-RA                                            2.0138533 1.5719173 1.4786233 1.5927671 1.6619432 1.6335601 1.6102444 1.3773819 1.4876915 1.7124759 1.4527112 1.4893308 1.4559385 1.5628997 1.5535766 1.6016056 1.5696033 1.4912341 1.4504204 1.6031063 1.9299771 1.7437184 1.7457197 1.6866749 1.9373821 1.4051631 2.4827148 1.8154859 1.6822460 2.6340440 1.9900043 2.0077086 2.1193163 1.7140810 0.0542751 0.2176734 0.2177019 0.0000000 0.2241112 1.7402592 2.0223049 2.4185411 1.6354760 1.9718784 1.4596392 1.8708523 1.9773389 2.0082501 1.8701869 1.9034256 2.1586561 1.8912098 2.2581217 1.8785991 2.0297829 2.3169174 2.6403201 2.9173798 2.6702086 2.6578702 2.7254416 2.6876288 3.2613772 2.9776972 3.7398656 3.7242406 3.7841518 4.0778573 3.0748091 3.5489102 3.4510254 4.4969411 
HoiH11_mRNA6553                                                   1.9345271 1.6066992 1.4872247 1.4729010 1.5313724 1.6213670 1.6074937 1.3520225 1.4301083 1.6887985 1.5297105 1.3977198 1.3730233 1.4657345 1.4638116 1.5165902 1.5702793 1.5416654 1.6963473 1.5583847 1.9106472 1.5684742 1.6567844 1.7048189 1.8606994 1.3768030 1.9244804 1.7526848 1.6728461 2.8516661 1.9738832 1.8225218 1.9644065 1.5743349 0.2212020 0.2622627 0.2593368 0.2241112 0.0000000 1.8349459 2.0129455 2.3134596 1.7184067 1.9661364 1.4590046 1.8435485 1.8754705 1.9381535 1.8420662 1.9080321 2.1883350 1.7802224 2.3257185 1.7696816 1.9571149 2.3413557 2.8468674 2.8564096 2.6962924 2.7129391 2.5209334 2.4649922 2.9569299 2.9253898 3.4916198 3.4515958 3.3596910 3.5796753 3.0828299 3.2697970 3.5356788 3.8651423 
Cscu_XM_023381018.1                                               1.7559919 1.3129078 1.2493756 1.3743837 1.3786404 1.4435425 1.3634181 1.4163112 1.5171378 1.8631919 1.5996080 1.5114594 1.5438254 1.5799983 1.5386033 1.7635176 1.5315200 1.5424224 1.4705506 1.6196171 1.8753165 1.7908465 2.0063498 1.7188127 1.7834492 1.5161436 2.1019474 1.6648414 1.6354822 2.5060625 1.9211237 1.8140700 1.9179837 1.6208136 1.6536722 1.7820567 1.7727700 1.7402592 1.8349459 0.0000000 1.5268007 1.7754531 1.7468569 2.0409136 1.4603562 1.9685816 1.9979539 2.0401093 2.1689861 2.0227191 2.2395306 1.9407116 2.4373027 1.8321920 1.8562676 2.1871828 2.7403473 3.0573735 2.6371572 2.7784041 2.5728609 2.5769039 2.8314385 2.7870573 4.0111155 3.7234027 3.7646416 3.4542401 3.1528234 3.6174992 3.1954073 3.5800234 
Dpul_mRNA27548                                                    2.0275613 1.7871635 1.5049026 1.8265122 1.7276012 1.8023018 1.8103652 1.9613271 2.0480494 2.1325092 2.1172527 1.8926338 1.9044388 1.9935188 1.8462461 1.9089725 1.7414204 1.7817906 1.8243511 1.7921386 2.2124970 2.1114448 2.2667017 2.2812883 2.0303136 1.4827258 2.4480767 2.0265832 1.9055421 2.9042550 2.0890290 2.2091975 2.1762066 2.1085749 1.9304205 2.0337531 2.0348910 2.0223049 2.0129455 1.5268007 0.0000000 2.3768078 2.1135785 2.3156138 2.3094442 2.1258014 2.4944915 2.5267367 2.6359420 2.3022357 2.7457864 2.1249804 2.5903767 2.1258174 2.0752181 2.4738648 3.0966865 3.1750022 2.7490821 2.8567248 2.7735668 2.9827224 2.9455106 3.1127850 3.5892164 3.7224358 3.6655671 4.1768817 3.2244342 4.0076396 3.7299517 4.1313033 
Stycar_augustus_masked-SC_scaffold5511-processed-gene-0.11-mRNA-1 1.7661054 1.9523755 1.4920026 1.9380720 1.8102786 2.0422908 2.1827813 1.9942182 1.9419598 2.5489040 1.8196550 1.6400144 1.8108955 1.8652190 1.9440541 1.6162870 2.0712200 2.0388225 1.9531087 1.7035454 3.2507898 2.0137102 3.4602875 1.7013608 1.1145983 0.0000010 2.1331685 2.0035711 1.7114511 3.8378616 6.5387667 2.0843680 2.0563893 2.1984268 2.3707811 2.4954030 2.4839361 2.4185411 2.3134596 1.7754531 2.3768078 0.0000000 1.2631881 2.4908084 1.5198449 2.0835925 2.0807066 2.0807066 2.2631416 2.3036163 4.9263930 2.2778313 2.6977616 2.1224224 1.9459082 1.8042942 1.1856085 3.4431349 2.5996381 2.9354405 3.2800690 3.3603882 3.2621504 5.1317285 4.0420319 3.8628058 4.5533441 3.6221951 3.4590025 3.7624188 3.6042098 5.1568303 
Plespi_Pspi_scaffold16451_01                                      1.9250319 1.5285294 1.4021628 1.6486963 1.5199026 1.6591253 1.6611527 1.6119429 1.4013202 1.9226473 1.6688269 1.5123586 1.6458060 1.5875015 1.7059016 1.4265474 1.5253340 1.5619683 1.2990804 1.3575313 1.8747261 1.5931492 2.0033324 1.4059469 1.1804984 0.0000010 1.6783496 1.7052120 1.7469535 2.6364683 2.4236126 1.5705906 1.7192173 1.5361126 1.6978541 1.7586175 1.7549666 1.6354760 1.7184067 1.7468569 2.1135785 1.2631881 0.0000000 2.1471489 1.4254643 2.0076914 2.0658156 2.0578327 2.3437988 2.1903611 2.6991581 2.1073378 2.1579914 2.1357001 1.5272842 1.4848642 1.6344210 2.6994374 2.5318147 2.7998946 2.7187322 2.8267286 2.8336629 3.3929138 3.8039617 3.3353649 3.8334499 3.1972082 2.6342845 3.4963725 2.7696960 3.8981176 
Mlei_ML0211.g39.i1                                                2.2168327 1.8993269 1.7881469 2.1298893 2.2030117 2.0240648 1.9978470 1.8339493 1.8900072 2.2688803 1.9885838 1.8913510 1.9097313 1.9110903 2.0018059 1.8417520 1.9653726 1.9307867 1.9022408 1.8956718 2.2520630 1.8256265 1.8846296 2.1813608 2.1204313 1.8146167 2.5076696 1.9551221 2.0645723 2.6984955 1.9910528 2.0186377 2.1708203 1.8704855 1.9523378 2.0083657 2.0088357 1.9718784 1.9661364 2.0409136 2.3156138 2.4908084 2.1471489 0.0000000 0.9307295 1.0465088 0.7668885 0.7488467 0.8623339 1.2758899 1.4119372 1.1588961 1.1678650 1.0578458 2.3558067 2.4608209 3.0104884 3.1142774 2.7357902 3.0233821 2.9610143 2.6381215 2.8574978 3.5173483 4.0064975 3.6213672 3.6624058 3.7974539 3.2687505 3.8060087 3.3409893 4.1679691 
Pbac_sb2644128                                                    1.8202654 1.4281690 1.7403664 1.6395737 1.4094184 1.7228213 1.4022673 1.4569695 1.6436384 2.5426492 1.0089748 1.4554311 1.4040235 1.1406107 1.7261266 1.5970710 1.5666449 1.3431422 1.0193320 1.2934545 2.4440323 1.5039402 2.0115617 1.3454488 1.5138087 0.0000010 1.8489754 1.5781834 1.4058043 4.2575456 5.0901990 1.6692889 1.9111430 1.2526362 1.4363637 1.4530580 1.4530580 1.4596392 1.4590046 1.4603562 2.3094442 1.5198449 1.4254643 0.9307295 0.0000000 0.0746863 0.7057510 0.7057510 0.8069466 0.8177818 3.3433165 0.8689969 1.2148196 0.9651936 2.3684661 2.0584110 1.7505853 3.1851669 2.2489405 2.9664674 2.9472146 2.2769128 3.0513398 6.1183670 3.8568844 3.0414936 2.0496143 9.0000000 2.7735911 3.1070212 2.9585684 3.5894770 
Horcal_Hcv1.av93.c2.g531.i1                                       2.1714076 1.9112325 1.8780646 1.8010903 1.8997045 2.0103523 1.8115406 1.8150784 1.8231346 2.3381134 1.9324146 1.7778245 1.8917694 1.9171829 1.9532854 2.0313777 1.8940382 1.9306153 1.8575116 1.8383749 2.2081460 1.7770204 2.2092876 2.1586136 2.0048411 1.5906713 2.3367399 1.9043953 1.8039547 2.7127091 1.9499276 1.8908224 2.1127347 1.6811332 1.8535198 1.8848201 1.8906422 1.8708523 1.8435485 1.9685816 2.1258014 2.0835925 2.0076914 1.0465088 0.0746863 0.0000000 0.9912758 0.9967609 1.1749321 1.1990416 1.5982187 1.2342567 1.3750796 1.0767577 2.1929537 2.3679372 3.0572754 3.2377723 2.4858254 2.8734255 2.9314818 2.6531780 2.8899090 3.2608129 3.7344285 3.5453249 3.2095842 3.8205176 3.1910403 3.9714555 3.4081163 3.7465048 
Bolinf_Binf_sb1247104                                             2.1997439 1.9807133 1.8566449 1.9820657 2.0548487 2.1005355 1.9800915 1.8328849 2.0446602 2.2989090 2.0113661 1.8663992 1.9571912 1.9921592 1.9655953 1.8621345 1.9501253 1.8618338 1.8638124 1.7812016 2.1599852 1.6728256 2.0682613 2.0795800 2.1078190 2.6205968 2.0832199 1.9529082 1.8804394 2.7332580 1.9438918 1.9583659 2.0917725 1.8590473 2.0053759 2.1573349 2.1540711 1.9773389 1.8754705 1.9979539 2.4944915 2.0807066 2.0658156 0.7668885 0.7057510 0.9912758 0.0000000 0.0084227 0.9071249 1.1341137 1.2034643 1.0515839 0.9915129 0.8220458 2.1972372 2.4611728 3.0911201 3.3557793 2.8825702 2.8941239 2.9225334 2.9119658 3.0035067 3.8581679 4.0640502 4.0563373 3.8301335 4.1233992 3.3961740 3.8339648 3.6580556 4.3071427 
Mertsp_Mesp_sb583239                                              2.2424338 2.0777344 1.9279581 2.0862466 2.1649160 2.1882396 2.0363718 1.9247602 2.1321285 2.4163205 2.0954641 1.9549376 2.0456341 2.0993239 2.0512936 1.7782553 2.0211605 1.9187706 1.8515667 1.8627291 2.2790831 1.7488685 2.1902580 2.0652530 2.1437429 5.2275464 2.1777908 2.0514722 1.9700125 2.9175950 2.1095531 2.0421231 2.2139967 1.9511024 2.0660618 2.2425745 2.2390783 2.0082501 1.9381535 2.0401093 2.5267367 2.0807066 2.0578327 0.7488467 0.7057510 0.9967609 0.0084227 0.0000000 0.9229203 1.1538546 1.2440714 1.0595144 0.9927240 0.8465350 2.2000927 2.4620435 3.1078790 3.4578600 3.0086014 2.9735170 2.9228939 2.9021724 3.0655412 4.0250741 4.1403082 3.9923301 3.8876525 4.1570597 3.4667312 3.9321957 3.7598046 4.3641496 
Drygla_Dgla_sb286554                                              2.4611212 1.8726257 1.9973719 2.2009081 2.3010886 2.2630316 2.0913461 2.0842115 2.0556261 2.6706328 2.2915024 2.1158762 2.1499727 2.1740374 2.2773460 2.1697017 2.1552877 2.1095504 2.0891834 2.0262562 2.4525958 1.8471512 2.0155654 1.8039845 2.1866300 2.1528586 2.2791838 2.1070499 2.1396857 3.1857642 2.7456709 2.2069937 2.3407370 2.0342792 1.8744466 1.9682413 1.9625319 1.8701869 1.8420662 2.1689861 2.6359420 2.2631416 2.3437988 0.8623339 0.8069466 1.1749321 0.9071249 0.9229203 0.0000000 1.3294639 1.4626687 1.2436868 1.0874480 1.1587007 2.4142130 2.5242310 3.3138523 3.4463963 2.9215388 3.0142231 3.3868852 3.1495591 3.2293889 3.8073073 4.5834664 3.7732274 3.9870409 3.8425951 3.4665424 4.2804557 3.7219246 4.3913610 
Vmul_SimC402384                                                   2.1333371 1.8261901 1.7160838 2.0354227 2.1445827 2.0594980 1.9418389 2.0921000 2.0131205 2.4569164 2.1478145 2.0279217 2.0533809 2.1475257 2.0423732 2.0140461 2.0774866 2.0215588 1.8256543 1.8504119 2.1954916 2.1359362 2.3566558 2.0769531 2.2948772 1.7614211 2.5487110 1.9537960 1.9584760 2.7809655 2.2841257 2.1582385 2.1813938 2.1575194 1.8735537 1.9360256 1.9503822 1.9034256 1.9080321 2.0227191 2.3022357 2.3036163 2.1903611 1.2758899 0.8177818 1.1990416 1.1341137 1.1538546 1.3294639 0.0000000 1.0007447 0.8798733 1.3291028 1.1608303 2.3313694 2.3892019 3.4239141 3.0807118 2.8496944 2.9063435 2.5252156 2.8985530 2.8963274 3.5323768 4.1755201 4.1052210 3.6772838 3.9585399 3.2139236 3.8218295 3.8927222 4.0639946 
