72
Hsap_ENST00000078445                                   0.0000000 2.1794726 2.3298836 2.1938395 3.0686247 2.7643187 2.7733004 3.0930218 3.5727089 2.2156012 2.7024989 2.6085947 2.7167220 2.2246766 3.0434688 2.3347579 3.0169417 3.0864241 2.5415411 3.2695333 2.8043623 3.7563651 3.6306767 3.6549331 3.5523768 4.2275456 4.0059026 3.6682181 3.5764186 3.9682961 4.0474823 3.6287032 3.2380582 3.7213294 3.2616247 3.3854577 2.6018185 3.1909665 2.6123050 2.0804135 2.6416065 2.5177986 4.8519779 4.5829682 4.0960125 4.5615350 4.6295244 4.3010960 4.3074996 3.8982661 4.1064089 4.4484979 4.4581660 4.1292637 3.0489965 3.0489965 4.2648257 4.2269065 5.2658968 4.8183276 4.9777046 4.9331336 4.5241617 3.6102667 4.7968125 3.6599585 4.5385095 3.8601219 3.4401846 4.9896315 3.9730609 4.8031461 
Bralan_BLAG02001482_2                                  2.1794726 0.0000000 2.3136667 1.8685641 2.6061012 2.6747830 2.3852302 2.5319001 2.9505497 1.7211448 2.6645436 2.5937981 2.8838497 2.4679452 3.0220522 2.1158468 2.9184764 2.7293561 2.1099456 3.3913733 2.8705228 2.5555088 2.5817345 2.6403162 2.5331088 2.6135557 2.8788793 2.7695580 2.6460896 2.6026442 2.6052746 2.5980281 2.8937737 3.4276895 3.3508082 3.2347745 2.2373795 2.5561065 2.3980462 1.8404395 2.5424790 2.1946888 3.6888944 3.6109043 3.4267967 4.1599125 4.8240760 3.7007561 3.7603423 3.5839264 3.7064160 3.6789291 3.7291912 3.3026383 2.9796206 2.9796206 4.3487534 3.9672797 4.4965393 4.2700961 4.2048585 4.4288653 5.1921602 3.5562310 4.4564806 3.6211525 3.5669301 4.4075617 3.3061268 5.0102982 4.1858064 5.0533907 
Spur_XM_030976714.1                                    2.3298836 2.3136667 0.0000000 2.0776486 3.2984678 2.4556180 2.7130102 2.6489129 3.0442036 1.9861205 2.9031162 2.9727425 2.6245169 2.2171433 3.1242981 2.0831177 3.1890929 2.8180981 2.2982473 3.1881280 2.7221163 3.3498334 3.3615645 3.3414525 3.3054675 3.5547936 3.4047789 3.3404792 3.1519633 3.1612373 3.4373928 3.0795964 3.3830366 3.4524839 3.4195993 3.5976190 2.8292207 2.9282091 2.7067632 2.5405653 2.4802827 2.7242923 3.8723911 4.4767708 3.8967056 4.7421989 4.9362969 4.1736187 4.1306665 3.5224047 4.1007516 4.0956269 4.0902841 3.6043120 2.6623815 2.6623815 4.0240839 3.5554266 5.1552651 4.6874504 4.7281212 5.2455182 4.2435091 3.9419531 4.3270912 3.5744520 4.0514593 3.3794128 2.7861737 4.3321145 4.0708561 5.0177935 
Skow_XM_002733680.2                                    2.1938395 1.8685641 2.0776486 0.0000000 3.6343920 2.7074749 2.5445745 3.1266370 3.5480211 2.5423029 3.1420850 2.9638112 3.1825292 2.8201274 3.4789370 2.2631104 3.4342046 3.2685539 2.7654252 3.2202667 3.0583425 3.6960563 3.6566310 3.7346668 3.6239323 3.9344779 3.7889922 3.7766637 3.4752252 3.7983503 3.7404974 3.5402473 3.3782353 3.6486124 3.7445780 3.9200566 3.0471736 2.7104293 2.7935396 2.4482093 2.5301543 2.6875817 4.1959513 4.2362889 3.8186856 4.5187397 5.4337169 4.4088037 4.4168741 3.9539948 4.3843852 4.3215312 4.2447296 3.9856553 3.1672635 3.1672635 4.4917395 4.1418892 4.4920895 5.2615511 5.6386791 5.7455999 4.9873876 4.0720051 5.7134266 4.1367673 5.2155777 3.6385435 3.5809095 4.9475391 4.8815755 5.4613931 
Dpul_mRNA28001                                         3.0686247 2.6061012 3.2984678 3.6343920 0.0000000 2.7910120 2.8306164 2.9253577 3.3194532 2.4673442 2.8330705 2.6983177 3.4151958 2.5156633 3.9772523 2.6629602 3.4653114 3.4811528 2.9345030 3.1465891 2.9729040 3.9494186 4.4574620 4.1401994 3.9467250 4.1285115 4.0920901 3.4947471 3.5114714 4.2370671 4.3821693 4.0165103 3.1191462 3.5154398 3.8165587 3.7965992 2.7309307 2.6717080 2.5996338 2.9222689 2.9706104 2.5296508 4.3396128 4.0981827 4.1420868 4.9847048 5.3444191 4.4009799 4.3561270 3.9076226 4.2507738 4.0712110 4.0208104 4.2282878 3.5552410 3.5552410 4.0519863 3.4532737 5.1025277 4.5872841 4.4302921 4.7009732 4.6633270 3.3501073 5.9715585 3.4090818 4.0920718 4.0185374 4.3103164 4.3280056 4.4948721 5.9055412 
Exapal_XM_021049213.2                                  2.7643187 2.6747830 2.4556180 2.7074749 2.7910120 0.0000000 0.7353110 1.5575931 1.7459557 1.1648841 1.3136572 1.2771722 2.1183005 1.9839035 2.4412765 1.8198816 2.4991197 2.0442062 1.8464999 2.5569753 2.5337454 3.3858093 3.5406764 3.6258274 3.5600395 3.6294346 3.5655285 3.3609777 3.2822522 3.2826458 3.4133447 3.4550855 3.0742543 2.7483633 3.3127262 3.1718106 1.9359562 2.1679491 2.1403239 3.1183927 2.8264809 1.8815638 3.2313248 3.4311233 3.1699549 4.7982159 4.0524905 3.7087300 3.7375977 3.0047311 3.8290665 3.8798349 3.8742758 3.2428554 2.8275910 2.8275910 3.7126645 3.7665169 4.9474750 4.1141431 4.4356012 4.8010090 4.2653938 3.3448265 4.3444505 3.7084514 4.3319537 3.2302822 3.2665060 4.7070136 4.3318202 5.1519450 
Nvec_v1g243817                                         2.7733004 2.3852302 2.7130102 2.5445745 2.8306164 0.7353110 0.0000000 1.7316719 1.9283662 1.2203932 1.3478367 1.3311752 2.0754179 1.8912937 2.2871759 2.0004405 2.6783876 1.8861697 1.7442143 2.6020346 2.3971614 3.1432847 3.3718802 3.2488385 3.1761041 3.3768886 3.4417227 3.1040039 2.9869310 2.9197257 3.0433703 3.3795841 2.9485033 2.9620049 3.4494814 3.1763545 2.2671904 2.2637401 2.2863562 2.8490294 2.7155593 1.8926065 3.8375488 3.6732514 3.2648853 4.0395437 3.6479145 3.6735486 3.7025577 2.9773990 3.8336856 3.9331281 3.9267669 3.1484950 3.1174737 3.1174737 4.0068888 3.5773597 4.9334833 4.1938399 4.7736879 4.7035946 4.2608972 3.4698400 5.1281603 3.4192951 4.3067888 3.6435525 3.4957926 4.5487365 4.1666854 4.7249267 
Adig_XM_015895909.1                                    3.0930218 2.5319001 2.6489129 3.1266370 2.9253577 1.5575931 1.7316719 0.0000000 0.0450792 0.5450384 0.7054179 0.7389170 2.1117609 1.9345988 2.5889185 1.8192703 3.7794099 2.0921645 1.9673436 2.7319262 2.5309626 3.2760150 3.5549418 3.1232404 3.1273418 3.2455224 3.0269741 3.0288491 2.8670638 3.0295285 3.2310128 3.0931714 3.3289164 3.0279382 2.9129945 2.9660188 2.3689169 2.6303906 2.6671516 3.4094053 2.9390926 2.2587658 3.7904728 4.1537819 3.5633275 4.2200138 4.6312242 3.8318461 3.8159311 3.0735004 3.7118710 3.5437332 3.4914968 2.9272326 3.4034513 3.4034513 4.0893348 4.3315901 4.8586487 4.0215690 4.7084758 5.0160087 4.6501407 3.1862246 4.2504935 3.4926456 5.0169097 3.7961042 3.1511608 4.3394163 3.6714809 4.6713234 
Amil_Amillepora16349-RA                                3.5727089 2.9505497 3.0442036 3.5480211 3.3194532 1.7459557 1.9283662 0.0450792 0.0000000 0.6306232 0.7967687 0.8323185 2.2734987 2.1008835 2.7704488 2.2832607 4.2971091 2.3912987 2.3641533 3.0211694 3.0926047 3.6065332 3.9246919 3.4921610 3.4881096 3.5852848 3.3188609 3.2660901 3.0911433 3.3291194 3.5550125 3.4262888 3.8730489 3.4310375 3.2364097 3.2933575 2.6521124 3.2728509 3.1222170 3.7643731 3.2714112 2.5304842 4.1752644 4.5849698 3.8992944 4.8046657 5.2130149 4.4512310 4.4319120 3.6522684 4.3562749 4.1439905 4.0773606 3.2943352 3.8276951 3.8276951 4.7771616 5.2495265 5.5340117 4.7040656 5.7241493 5.9993941 5.4055903 3.8288842 4.7595368 4.0079077 5.8952888 4.2664289 3.5731002 5.1173440 4.2612699 5.4055814 
Gasp_gasp1.m3.5144.m1                                  2.2156012 1.7211448 1.9861205 2.5423029 2.4673442 1.1648841 1.2203932 0.5450384 0.6306232 0.0000000 0.3809947 0.3864155 1.6572169 1.8073055 2.0411241 1.1950711 3.2490951 1.8157392 1.4899160 2.5322880 2.0423726 2.7847162 3.1155044 2.7751374 2.7265141 3.0493725 2.7654998 2.8709071 2.8498677 2.5607000 2.7041569 2.6948696 2.9761637 2.5626990 2.9717569 2.6412944 1.8543665 1.8577314 2.1677648 3.0568696 2.1905963 2.2684930 3.5225989 3.4791239 3.4053045 3.6981902 4.0363031 3.7713151 3.8058198 2.8740784 3.6137684 3.4748172 3.4487178 3.0280680 3.1263800 3.1263800 3.9823186 3.3654969 4.0845649 3.7799539 5.0740928 4.3048375 4.4593213 2.9601374 3.8094134 2.8036616 3.8161542 3.0036777 2.9599662 3.7294275 3.5453783 4.4970003 
Spis_XP_022780383_1                                    2.7024989 2.6645436 2.9031162 3.1420850 2.8330705 1.3136572 1.3478367 0.7054179 0.7967687 0.3809947 0.0000000 0.1514931 1.7869199 1.6651942 2.3471218 1.6523494 3.2397505 2.0743713 1.8052989 2.5872274 2.6443122 3.4118942 3.8725525 3.4208188 3.3874227 3.6913708 3.3947795 3.3697768 3.1813637 3.1735079 3.3067299 3.3987017 3.2285272 3.2707881 3.0271395 2.8535200 2.1440359 2.2934707 2.7324853 3.3111215 2.8690721 2.3334731 3.6849073 3.8274433 3.4851481 3.8627146 4.3296626 3.8344608 3.8653446 3.1744190 3.8296386 3.7780915 3.7525658 3.0953176 3.6735625 3.6735625 4.3146202 4.0081308 5.0094952 4.0118752 4.5211789 4.4805645 4.2054988 3.3894152 4.4401296 3.2330191 4.5930962 3.6695383 3.3398777 4.3353701 3.8466681 4.7900698 
Pocdam_XM_027198719.1                                  2.6085947 2.5937981 2.9727425 2.9638112 2.6983177 1.2771722 1.3311752 0.7389170 0.8323185 0.3864155 0.1514931 0.0000000 1.7928214 1.6896647 2.3372176 1.6565098 2.9419195 2.1483452 1.7247967 2.5675936 2.5938685 3.1466487 3.6426023 3.2109768 3.1529539 3.4294468 3.0979932 3.1746303 2.9816224 2.8927872 3.0103033 3.1352790 3.0943495 3.2976394 2.9827432 2.7279945 2.0238706 2.2907027 2.6641827 3.2912240 2.7080177 2.2800542 3.5907863 3.9352600 3.5125845 3.8824993 4.3187407 3.9083936 3.9401894 3.2446519 3.9833808 3.7840824 3.7583548 3.3913625 3.6209510 3.6209510 4.5336159 3.8504974 5.2222421 3.7671367 4.4811211 4.4108938 4.2888741 3.3599809 4.5382102 3.2969623 4.3684257 3.4181553 3.5447379 4.0062354 3.8428808 4.7158129 
Nemnom_g3507.t1                                        2.7167220 2.8838497 2.6245169 3.1825292 3.4151958 2.1183005 2.0754179 2.1117609 2.2734987 1.6572169 1.7869199 1.7928214 0.0000000 0.1548576 0.6380108 1.8421121 2.4625937 2.8828881 2.2941144 2.1928997 2.9805714 2.6994008 2.7961053 2.6894283 2.7181476 3.0846625 3.1270754 2.7179233 2.6805829 2.9727249 3.1608638 3.0631890 3.5722972 3.3474680 3.4112481 3.0759509 2.4644544 3.0117739 2.7196510 3.3005264 3.2272702 2.3966874 4.3974502 3.8765087 3.6871825 4.2466070 6.1592994 4.2325837 4.2231993 3.9485505 4.1664872 3.9753785 3.9627588 2.6898891 3.4075525 3.4075525 4.9804766 4.0767103 5.4244856 4.6770570 5.3626166 5.5011986 4.8173127 4.2542896 4.5160824 3.7357287 3.9062925 4.3543570 3.5587428 4.5675997 4.5384968 5.8683669 
Rhoesc_Res_009535-T1                                   2.2246766 2.4679452 2.2171433 2.8201274 2.5156633 1.9839035 1.8912937 1.9345988 2.1008835 1.8073055 1.6651942 1.6896647 0.1548576 0.0000000 0.6927107 1.4779487 2.4607895 2.6395077 2.0334261 1.9949578 2.7179529 2.3920576 2.3956872 2.3496362 2.3215542 2.7373715 2.6536680 2.3526888 2.2988198 2.6292339 2.8543857 2.7324222 3.2940390 3.0627296 2.9031119 2.5419999 1.8392314 1.9042847 2.4105686 2.6967231 2.9127749 2.2308960 3.9479164 3.0642911 2.9572222 4.0748361 4.9042858 4.0275673 4.0180292 3.5093723 3.8311522 3.6374020 3.6251078 2.6140273 2.9738681 2.9738681 4.7683350 3.9531696 5.0378788 4.4734792 4.9687694 5.4438842 4.4195462 3.7507757 3.9652110 3.2016945 3.5548624 3.5778134 3.5073554 3.9968531 3.8525521 4.8098342 
Sanmal_Sma_013693-T1                                   3.0434688 3.0220522 3.1242981 3.4789370 3.9772523 2.4412765 2.2871759 2.5889185 2.7704488 2.0411241 2.3471218 2.3372176 0.6380108 0.6927107 0.0000000 1.7997493 2.5690568 3.0343742 2.3009156 2.2745489 3.3161082 2.7525012 2.9850960 2.8451880 2.8445394 3.2172306 3.1018224 3.4823676 3.2013016 3.1100894 3.2426386 3.2613688 3.6302345 4.1383047 3.9220524 3.8787896 2.4476528 2.7732761 2.7264490 3.4858420 3.2064912 2.5629600 4.0146810 3.7920805 3.7993662 5.3549831 5.9013352 4.2201340 4.2115928 3.7178772 4.1774597 4.0092261 4.0437302 2.9408912 3.7889292 3.7889292 5.0700856 5.3316840 5.5921376 4.9938653 5.6513623 5.7082008 5.4346266 4.6101574 4.8235578 4.1709949 5.4573956 4.9658542 4.2474125 5.3134411 5.0394636 6.8494714 
Clacor_Ccor_scaffold14553_01                           2.3347579 2.1158468 2.0831177 2.2631104 2.6629602 1.8198816 2.0004405 1.8192703 2.2832607 1.1950711 1.6523494 1.6565098 1.8421121 1.4779487 1.7997493 0.0000000 2.4704202 2.0504394 2.1209796 1.8758073 2.0206224 2.2965426 2.6732631 2.4073097 2.4073097 2.5340043 2.4518464 2.7013217 2.6877019 2.4092978 2.6611378 2.0467739 2.1369060 2.4691789 2.1383125 2.2391870 2.1347030 2.5733119 1.5015498 2.4061614 2.5289229 1.5866129 2.7528839 3.0820194 2.7021315 3.6510406 3.6263963 2.8247311 2.8247311 2.5002599 2.5299664 2.5668786 2.5692140 2.4158135 2.0704645 2.0704645 3.8199142 2.7528228 4.5703512 2.9713940 3.0273481 3.1261598 3.0468183 1.9118956 4.3021076 3.3250816 3.7269538 3.2347148 2.0004583 4.2707770 3.0459889 3.9312174 
Plespi_Pspi_scaffold19233_01                           3.0169417 2.9184764 3.1890929 3.4342046 3.4653114 2.4991197 2.6783876 3.7794099 4.2971091 3.2490951 3.2397505 2.9419195 2.4625937 2.4607895 2.5690568 2.4704202 0.0000000 2.8585750 2.5829956 3.0844230 2.9906521 3.1507336 3.0220237 3.2077472 3.1727218 3.4988867 3.3350039 3.6370815 3.4743292 3.3488631 3.4037541 3.4665584 1.9322442 2.3046986 1.8736991 1.8782906 1.9084486 2.3280376 2.4218071 3.6058801 2.9848240 2.4835595 3.6199352 3.2293333 2.9322306 4.1196668 4.3186212 3.6000939 3.6000939 3.6106506 3.3803666 3.4216291 3.4085945 3.1884491 2.4828495 2.4828495 3.5846334 3.3287255 4.2492549 3.6796943 3.0889236 3.4533654 3.2837924 3.0745606 4.1720820 3.9620597 3.9210994 3.7784068 3.2357426 4.2418138 2.8527770 3.7431494 
Dgig_XM_028551310.1                                    3.0864241 2.7293561 2.8180981 3.2685539 3.4811528 2.0442062 1.8861697 2.0921645 2.3912987 1.8157392 2.0743713 2.1483452 2.8828881 2.6395077 3.0343742 2.0504394 2.8585750 0.0000000 0.7100589 3.3239053 2.9877919 3.2581619 3.5910624 3.0772078 3.0447855 3.3192448 3.2369372 3.5457805 3.3224416 3.3357679 3.2367106 3.2394292 3.3006591 3.1428964 2.9740836 3.3425129 2.3086230 2.2754721 2.4580762 3.4205456 3.2634830 2.6077334 3.9042385 4.5054717 3.6339501 4.4865798 5.2010733 4.2070861 4.2181503 3.7819309 3.8771597 3.8616182 3.8557067 3.3118140 3.4065184 3.4065184 4.8565474 3.3640813 4.7797774 4.4925468 4.5773554 5.6322357 4.8054083 3.2412848 5.4128232 3.8460902 4.6519000 4.0778185 4.1774365 4.4421245 5.1232280 6.9832524 
Xesp_003054-T1                                         2.5415411 2.1099456 2.2982473 2.7654252 2.9345030 1.8464999 1.7442143 1.9673436 2.3641533 1.4899160 1.8052989 1.7247967 2.2941144 2.0334261 2.3009156 2.1209796 2.5829956 0.7100589 0.0000000 2.1496120 2.3724879 3.1316733 3.2767908 2.9798653 2.9884620 2.8030689 3.0685838 2.8884456 2.7973100 2.9921988 2.9364913 2.7001543 2.6907014 2.8801082 2.3834135 2.5246264 2.2768010 2.5308959 2.0788323 2.6874853 3.0148760 2.5059454 3.1038317 3.1889948 3.1719396 4.0408376 3.9847475 3.5255835 3.4842045 2.7823068 3.1072583 3.0649285 3.0497409 2.5535732 2.0726576 2.0726576 3.4963254 3.2066237 3.9575521 3.7659750 3.7301404 4.1933708 4.1897467 2.6821819 4.4062893 3.0556887 4.3932814 3.7495963 3.1527525 3.9335647 3.8779995 4.6831146 
Chem_TCONS_00046624                                    3.2695333 3.3913733 3.1881280 3.2202667 3.1465891 2.5569753 2.6020346 2.7319262 3.0211694 2.5322880 2.5872274 2.5675936 2.1928997 1.9949578 2.2745489 1.8758073 3.0844230 3.3239053 2.1496120 0.0000000 3.0287514 3.5162032 3.6290829 3.7190153 3.5252788 3.8987699 3.7804587 3.8662782 3.7148402 3.7114223 3.9089312 3.3698983 3.1671878 3.3187199 3.9915728 3.4267708 2.1577555 2.1817958 2.5038192 3.1968121 3.4346617 2.6073528 4.1678263 4.3240366 3.8878189 4.6141892 4.6635349 3.6360350 3.6251925 3.3292101 3.4055552 3.4492746 3.4359047 2.3542778 3.7253320 3.7253320 3.7954909 4.8299706 4.8679789 5.0571570 5.1177291 5.1901833 4.8228207 4.0347771 4.5077351 3.9952464 4.3321844 4.0054551 4.2313341 4.1125857 4.1658023 4.5168818 
Mylflu_EP00047_Mylnosiga_fluctuans_P001751             2.8043623 2.8705228 2.7221163 3.0583425 2.9729040 2.5337454 2.3971614 2.5309626 3.0926047 2.0423726 2.6443122 2.5938685 2.9805714 2.7179529 3.3161082 2.0206224 2.9906521 2.9877919 2.3724879 3.0287514 0.0000000 2.8008562 2.8041617 2.7606390 2.7710036 2.9145347 3.0258223 2.9286589 2.7529098 2.8377480 3.0664822 2.5763900 2.7833430 2.8924962 3.5089794 3.2140409 2.9134550 2.7526851 2.4927015 2.7560629 2.9815311 2.3670197 3.2897384 2.8652359 2.9970865 2.9350269 3.5612470 3.8187014 3.8245738 3.2477528 3.3908258 3.2258049 3.2158684 2.5305502 3.2830554 3.2830554 3.5571650 3.2083940 3.9855124 3.3189550 3.4347302 3.7903570 2.9776023 2.2009351 3.5636517 4.0343025 3.0584328 2.4583504 2.0052680 3.1929138 2.9645736 3.1950056 
Mlei_ML0157.g17.i1                                     3.7563651 2.5555088 3.3498334 3.6960563 3.9494186 3.3858093 3.1432847 3.2760150 3.6065332 2.7847162 3.4118942 3.1466487 2.6994008 2.3920576 2.7525012 2.2965426 3.1507336 3.2581619 3.1316733 3.5162032 2.8008562 0.0000000 0.3418862 0.3724013 0.3608714 0.4448194 0.5008991 0.6685100 0.6047067 0.6855784 0.7012177 0.8372316 3.7757469 3.7046374 3.6624109 3.5858822 2.6428950 2.7776283 2.8358348 3.4793565 3.8993123 3.0854903 4.1955802 3.9500771 3.7147422 3.6821980 4.2024998 4.1172587 4.1274820 3.7070706 3.8162677 3.9492793 3.8984912 3.8116836 3.6132418 3.6132418 4.0635890 4.0164929 4.1578478 5.4930298 5.3056548 5.2836929 5.8850289 3.0723463 4.5365680 3.8303751 4.0430383 4.0868305 4.4281683 4.3561578 4.5159595 4.1287376 
Beraby_Baby_sb323416                                   3.6306767 2.5817345 3.3615645 3.6566310 4.4574620 3.5406764 3.3718802 3.5549418 3.9246919 3.1155044 3.8725525 3.6426023 2.7961053 2.3956872 2.9850960 2.6732631 3.0220237 3.5910624 3.2767908 3.6290829 2.8041617 0.3418862 0.0000000 0.4332316 0.4192397 0.5167652 0.6004427 0.7541460 0.6978425 0.7106656 0.7277741 0.9137956 3.8825390 3.7614440 4.1143686 4.2152758 2.8206089 3.0585133 3.0011874 3.9045883 4.3778966 3.2198392 4.2672939 3.9839116 3.8156334 3.6501677 4.0027265 4.5806791 4.5921977 3.8597352 4.0899894 4.0725558 4.0209026 3.9629916 4.0078299 4.0078299 4.2356650 4.2628907 4.0549658 5.1772661 5.1790442 5.3179906 5.5867495 3.2469811 4.6634184 3.9164895 3.9006149 4.5319981 4.2168714 4.5715414 4.0414072 4.2614514 
Bolinf_Binf_sb1257627                                  3.6549331 2.6403162 3.3414525 3.7346668 4.1401994 3.6258274 3.2488385 3.1232404 3.4921610 2.7751374 3.4208188 3.2109768 2.6894283 2.3496362 2.8451880 2.4073097 3.2077472 3.0772078 2.9798653 3.7190153 2.7606390 0.3724013 0.4332316 0.0000000 0.0096876 0.4376442 0.5040473 0.6878919 0.6102079 0.6662784 0.6970476 0.7905594 3.9626491 4.0258222 3.9939508 4.2563290 3.0708258 3.0140607 2.8878130 3.5425135 3.7973000 3.4144144 4.1555967 4.0809045 4.1354230 3.8249281 4.6637678 4.6905711 4.7062501 3.9040524 4.2043457 4.3368411 4.2774224 4.0775429 3.8714908 3.8714908 4.6494313 4.6273226 4.2736933 5.8063818 5.5776004 6.5045607 5.7667642 3.3376496 4.7540792 4.2237081 4.6608731 4.3947728 4.4424870 5.1304889 4.5762141 4.5167336 
Mertsp_Mesp_sb585551                                   3.5523768 2.5331088 3.3054675 3.6239323 3.9467250 3.5600395 3.1761041 3.1273418 3.4881096 2.7265141 3.3874227 3.1529539 2.7181476 2.3215542 2.8445394 2.4073097 3.1727218 3.0447855 2.9884620 3.5252788 2.7710036 0.3608714 0.4192397 0.0096876 0.0000000 0.4199666 0.4905582 0.6614358 0.5877489 0.6475184 0.6769482 0.7996127 3.8591664 3.9839832 3.9345543 4.1339036 3.0708258 2.9423065 2.8008021 3.3705960 3.7357008 3.2731575 4.1648306 3.9316699 4.0363041 3.7246444 4.4073251 4.3757531 4.3902310 3.9040524 3.9053633 4.0183652 3.9661088 3.9372882 3.8442326 3.8442326 4.5606148 4.3703330 4.1692430 5.7020523 5.2177395 6.1950396 5.7819861 3.1023123 4.5584115 4.1223705 4.5412298 4.2623457 4.4494282 5.0406565 4.4933837 4.3824552 
Lampan_Lpan_C410179_01                                 4.2275456 2.6135557 3.5547936 3.9344779 4.1285115 3.6294346 3.3768886 3.2455224 3.5852848 3.0493725 3.6913708 3.4294468 3.0846625 2.7373715 3.2172306 2.5340043 3.4988867 3.3192448 2.8030689 3.8987699 2.9145347 0.4448194 0.5167652 0.4376442 0.4199666 0.0000000 0.6670543 0.7263113 0.6772208 0.5933626 0.6008485 0.8258085 3.7884132 3.7145745 4.1551878 3.9367414 2.7414877 2.9794944 3.0104258 3.7039296 4.0038711 3.7361787 4.4202101 4.2404568 4.1281482 4.2254638 4.6881147 4.5525823 4.5594883 4.0920088 4.1309005 4.1701987 4.1278796 3.7282941 4.1990375 4.1990375 4.5462054 4.2952897 4.2621512 5.6041313 5.8331764 5.8792894 6.5219717 3.3260853 4.9323413 4.2688551 4.4624281 4.5216406 4.6425936 4.6231644 4.8281613 4.2323943 
Drygla_Dgla_sb298119                                   4.0059026 2.8788793 3.4047789 3.7889922 4.0920901 3.5655285 3.4417227 3.0269741 3.3188609 2.7654998 3.3947795 3.0979932 3.1270754 2.6536680 3.1018224 2.4518464 3.3350039 3.2369372 3.0685838 3.7804587 3.0258223 0.5008991 0.6004427 0.5040473 0.4905582 0.6670543 0.0000000 0.6637691 0.6490733 0.7793611 0.7955943 0.9578203 4.1380997 4.0203199 4.1460475 3.9708317 2.8775909 3.2253126 3.0594569 3.7585626 4.1846219 3.3942578 4.2076824 4.3593453 4.0236859 4.0204174 4.3974995 4.6106118 4.6237125 4.3110720 4.2687582 4.3061610 4.2398449 3.9906898 3.8370494 3.8370494 3.9880101 4.1469380 4.4668352 5.1865671 5.1732051 5.4963085 5.6916607 3.3372186 4.7695404 4.0827547 4.6926726 4.2198915 3.9547143 4.2551669 4.6235771 3.9296501 
Pbac_sb2662657                                         3.6682181 2.7695580 3.3404792 3.7766637 3.4947471 3.3609777 3.1040039 3.0288491 3.2660901 2.8709071 3.3697768 3.1746303 2.7179233 2.3526888 3.4823676 2.7013217 3.6370815 3.5457805 2.8884456 3.8662782 2.9286589 0.6685100 0.7541460 0.6878919 0.6614358 0.7263113 0.6637691 0.0000000 0.0895782 0.8769408 0.9540443 1.0747805 4.0076063 3.7445686 4.1924735 4.1331768 2.7696594 2.7617131 3.1134014 3.5050096 4.2802861 2.8824127 4.2963348 3.8071567 3.6238927 3.9604771 4.9683221 3.9598127 3.9522489 3.6702675 3.7482358 3.8646918 3.7940162 3.5076201 3.6651158 3.6651158 3.8175135 4.0592148 4.6075649 4.7410316 5.8418442 6.0612947 5.3084472 3.0848364 4.1269430 4.2922679 4.4245851 4.3470447 4.7299929 4.3496872 4.6924016 3.9963829 
Horcal_Hcv1.av93.c5.g419.i1                            3.5764186 2.6460896 3.1519633 3.4752252 3.5114714 3.2822522 2.9869310 2.8670638 3.0911433 2.8498677 3.1813637 2.9816224 2.6805829 2.2988198 3.2013016 2.6877019 3.4743292 3.3224416 2.7973100 3.7148402 2.7529098 0.6047067 0.6978425 0.6102079 0.5877489 0.6772208 0.6490733 0.0895782 0.0000000 0.8283397 0.9350353 0.9919839 3.8479760 3.5423417 3.9192679 3.8780505 2.5668989 2.8443543 3.0165460 3.3847699 4.1090881 2.8943170 4.0855688 3.7889740 3.6765178 3.9920618 4.4833721 3.8839727 3.8765268 3.5781983 3.6728870 3.7598269 3.6910522 3.3869013 3.6573311 3.6573311 3.7626174 4.2010803 4.2611130 4.4850415 5.4208586 5.9256265 5.2543310 3.1242620 4.1285243 4.0439200 4.4844600 4.1606629 4.5647900 4.2795887 4.6052947 4.0054849 
Vmul_Simscaffold583_01                                 3.9682961 2.6026442 3.1612373 3.7983503 4.2370671 3.2826458 2.9197257 3.0295285 3.3291194 2.5607000 3.1735079 2.8927872 2.9727249 2.6292339 3.1100894 2.4092978 3.3488631 3.3357679 2.9921988 3.7114223 2.8377480 0.6855784 0.7106656 0.6662784 0.6475184 0.5933626 0.7793611 0.8769408 0.8283397 0.0000000 0.2678209 0.9674299 3.7549909 3.7566083 4.1059335 4.1766212 2.8102540 2.9885781 3.0584517 3.6333525 3.7288751 3.4916965 4.3526559 4.1966837 3.8012438 4.1864876 4.3320521 4.1524850 4.1631819 3.7453806 4.0117891 4.0694399 4.0254868 3.6818936 3.7999843 3.7999843 4.0549550 3.8618392 4.3013626 4.9041152 4.9638556 4.9469938 5.0769200 2.9630424 5.0875320 3.4705607 4.2484535 4.1033662 4.0322136 4.0804551 4.4094606 4.5953154 
Coemet_Cmet_scaffold16356_01                           4.0474823 2.6052746 3.4373928 3.7404974 4.3821693 3.4133447 3.0433703 3.2310128 3.5550125 2.7041569 3.3067299 3.0103033 3.1608638 2.8543857 3.2426386 2.6611378 3.4037541 3.2367106 2.9364913 3.9089312 3.0664822 0.7012177 0.7277741 0.6970476 0.6769482 0.6008485 0.7955943 0.9540443 0.9350353 0.2678209 0.0000000 1.0016570 3.5772228 3.8179352 4.2238872 4.1550148 2.9348596 3.0614459 3.1496556 3.4694233 3.6457233 3.4986770 3.9878886 3.8762649 3.6627754 4.2906930 4.2443571 4.3582322 4.3690548 3.9575353 4.1280878 4.0840405 4.0407342 3.6459818 4.1420104 4.1420104 4.3304826 3.9829432 4.5471251 5.0508654 5.0622524 4.9977117 5.4650964 3.1396241 4.7534423 3.4720676 4.1402685 4.0873554 4.0221203 4.2475357 4.5031945 4.4523604 
Eupdun_Edun_sb10648440                                 3.6287032 2.5980281 3.0795964 3.5402473 4.0165103 3.4550855 3.3795841 3.0931714 3.4262888 2.6948696 3.3987017 3.1352790 3.0631890 2.7324222 3.2613688 2.0467739 3.4665584 3.2394292 2.7001543 3.3698983 2.5763900 0.8372316 0.9137956 0.7905594 0.7996127 0.8258085 0.9578203 1.0747805 0.9919839 0.9674299 1.0016570 0.0000000 3.9178583 3.4897485 3.9982255 4.0011986 2.4529858 2.6575253 2.8966210 3.1044826 3.5290950 3.6525880 4.3285494 3.8862468 3.7727403 3.9106199 4.2129574 4.5581269 4.5734754 3.6028099 4.2156269 4.1653181 4.1799448 4.0400022 3.5414644 3.5414644 3.7035276 3.9497063 4.4614886 4.8454804 4.9609135 5.2018031 5.3747395 3.2624338 4.3742013 3.8550992 4.4304106 3.9847155 4.2208597 4.5505326 4.2285096 3.7341861 
Aque_Aqu2.1.30050_001                                  3.2380582 2.8937737 3.3830366 3.3782353 3.1191462 3.0742543 2.9485033 3.3289164 3.8730489 2.9761637 3.2285272 3.0943495 3.5722972 3.2940390 3.6302345 2.1369060 1.9322442 3.3006591 2.6907014 3.1671878 2.7833430 3.7757469 3.8825390 3.9626491 3.8591664 3.7884132 4.1380997 4.0076063 3.8479760 3.7549909 3.5772228 3.9178583 0.0000000 0.9500278 2.0650542 2.1097174 1.3764021 1.7670972 2.4647878 2.7174813 2.9998570 2.5649499 3.2550506 3.5179838 3.3585859 3.4786475 3.4080726 2.7912641 2.7952348 2.7751983 2.9598014 2.9480992 2.9015700 3.3578351 2.6119857 2.6119857 4.1089364 4.3984151 4.3082798 3.6582085 3.2380264 3.5215730 3.2101163 3.5709413 4.4974014 3.7350586 3.4938870 3.7269971 3.7135149 4.5125040 3.7364967 4.0667724 
Xestes_maker-XT_scaffold14570-snap-gene-0.5-mRNA-1     3.7213294 3.4276895 3.4524839 3.6486124 3.5154398 2.7483633 2.9620049 3.0279382 3.4310375 2.5626990 3.2707881 3.2976394 3.3474680 3.0627296 4.1383047 2.4691789 2.3046986 3.1428964 2.8801082 3.3187199 2.8924962 3.7046374 3.7614440 4.0258222 3.9839832 3.7145745 4.0203199 3.7445686 3.5423417 3.7566083 3.8179352 3.4897485 0.9500278 0.0000000 1.9830316 2.0937026 1.1564990 2.2825902 2.5292909 3.5877186 3.9968730 3.3969592 3.7804123 3.8896841 3.6863318 3.7724244 4.2512876 3.5182796 3.5098262 2.9879362 3.4383153 3.4011660 3.3467120 3.2116548 2.5201724 2.5201724 4.0975328 4.2996766 5.4139470 3.5621185 4.1501432 4.0482069 3.4127447 4.2039310 5.5298800 4.9017934 4.3977885 3.7211465 3.5763185 5.2399386 4.1093070 5.2392050 
Emue_Em0016g420a.t1                                    3.2616247 3.3508082 3.4195993 3.7445780 3.8165587 3.3127262 3.4494814 2.9129945 3.2364097 2.9717569 3.0271395 2.9827432 3.4112481 2.9031119 3.9220524 2.1383125 1.8736991 2.9740836 2.3834135 3.9915728 3.5089794 3.6624109 4.1143686 3.9939508 3.9345543 4.1551878 4.1460475 4.1924735 3.9192679 4.1059335 4.2238872 3.9982255 2.0650542 1.9830316 0.0000000 0.3242269 0.9649343 1.9403141 2.8517198 3.5549222 4.0095111 2.6335103 3.9450811 4.5465930 4.0375325 4.4849033 5.1056767 3.8414415 3.8600931 3.0655795 3.4133638 3.2345349 3.2124015 3.7544005 2.8681348 2.8681348 4.6501440 4.7171832 5.5831538 4.2407943 3.8267078 4.1230713 3.5319283 3.8971922 5.3658819 5.2081308 4.0125780 4.5746113 3.7551161 5.1469378 4.3283110 5.6457677 
Spolac_c104028_g2_i1_m.37727c104028-g2                 3.3854577 3.2347745 3.5976190 3.9200566 3.7965992 3.1718106 3.1763545 2.9660188 3.2933575 2.6412944 2.8535200 2.7279945 3.0759509 2.5419999 3.8787896 2.2391870 1.8782906 3.3425129 2.5246264 3.4267708 3.2140409 3.5858822 4.2152758 4.2563290 4.1339036 3.9367414 3.9708317 4.1331768 3.8780505 4.1766212 4.1550148 4.0011986 2.1097174 2.0937026 0.3242269 0.0000000 1.0744439 2.1222493 3.0428111 3.8836042 3.9632581 2.9256672 4.5874970 4.6890122 4.1782966 5.5537284 4.8224878 3.6897853 3.7181565 3.2371962 3.5279090 3.3719033 3.3480697 3.7316683 2.6706697 2.6706697 4.5342898 5.4852560 6.6704071 4.3147643 4.2014578 4.0058933 3.6957877 4.0544837 5.6970074 5.2118021 4.5127598 4.0427451 3.9095880 4.9191474 4.5930849 5.9301082 
Stycar_maker-SC_scaffold2288-augustus-gene-0.10-mRNA-1 2.6018185 2.2373795 2.8292207 3.0471736 2.7309307 1.9359562 2.2671904 2.3689169 2.6521124 1.8543665 2.1440359 2.0238706 2.4644544 1.8392314 2.4476528 2.1347030 1.9084486 2.3086230 2.2768010 2.1577555 2.9134550 2.6428950 2.8206089 3.0708258 3.0708258 2.7414877 2.8775909 2.7696594 2.5668989 2.8102540 2.9348596 2.4529858 1.3764021 1.1564990 0.9649343 1.0744439 0.0000000 1.2734728 1.9322809 2.5777960 2.4476957 2.1014878 3.0560554 3.0398815 2.9881254 3.4343828 3.5985082 2.9573981 2.9573981 2.5417498 2.7712276 2.6931702 2.6808206 2.6475021 1.5884571 1.5884571 3.3939610 2.9490969 4.2436162 2.8785470 2.6753041 2.6844521 2.5532410 2.7612048 4.3398983 3.3491853 3.3972782 3.7440661 2.1625587 4.3619105 3.2903064 4.0975778 
Tetwil_g15790.t2                                       3.1909665 2.5561065 2.9282091 2.7104293 2.6717080 2.1679491 2.2637401 2.6303906 3.2728509 1.8577314 2.2934707 2.2907027 3.0117739 1.9042847 2.7732761 2.5733119 2.3280376 2.2754721 2.5308959 2.1817958 2.7526851 2.7776283 3.0585133 3.0140607 2.9423065 2.9794944 3.2253126 2.7617131 2.8443543 2.9885781 3.0614459 2.6575253 1.7670972 2.2825902 1.9403141 2.1222493 1.2734728 0.0000000 1.8090534 2.7376916 3.1965254 2.2996419 2.5570498 2.8225262 3.0396068 3.9935459 4.0422684 2.5680691 2.5680691 2.3601264 2.3334612 2.4678769 2.4543762 2.2283885 2.2226262 2.2226262 3.9622293 3.3385174 5.0481900 3.5093869 3.4559167 3.8243237 3.1401958 2.7948843 5.1269547 3.4207759 2.8222792 3.6238055 2.1454242 5.6819842 3.3266151 4.2163098 
Plajan_Pjan_scaffold22883_01                           2.6123050 2.3980462 2.7067632 2.7935396 2.5996338 2.1403239 2.2863562 2.6671516 3.1222170 2.1677648 2.7324853 2.6641827 2.7196510 2.4105686 2.7264490 1.5015498 2.4218071 2.4580762 2.0788323 2.5038192 2.4927015 2.8358348 3.0011874 2.8878130 2.8008021 3.0104258 3.0594569 3.1134014 3.0165460 3.0584517 3.1496556 2.8966210 2.4647878 2.5292909 2.8517198 3.0428111 1.9322809 1.8090534 0.0000000 2.9566642 2.5685866 2.2865242 3.3873327 4.0383436 3.3440611 3.7698399 3.7035044 3.2099713 3.2171918 2.6722227 3.0826362 2.9848785 2.9886706 2.7024732 2.4463238 2.4463238 4.1445012 3.9756516 4.1530313 3.3855921 3.6858315 4.3144532 3.8974060 3.0534817 4.4276082 3.9102518 3.8790627 3.5540209 3.3072514 4.7294484 3.7345054 4.9664789 
Ctel_gnl_WGS_AMQN_CAPTEDRAFT_mRNA221259                2.0804135 1.8404395 2.5405653 2.4482093 2.9222689 3.1183927 2.8490294 3.4094053 3.7643731 3.0568696 3.3111215 3.2912240 3.3005264 2.6967231 3.4858420 2.4061614 3.6058801 3.4205456 2.6874853 3.1968121 2.7560629 3.4793565 3.9045883 3.5425135 3.3705960 3.7039296 3.7585626 3.5050096 3.3847699 3.6333525 3.4694233 3.1044826 2.7174813 3.5877186 3.5549222 3.8836042 2.5777960 2.7376916 2.9566642 0.0000000 2.3118570 2.7024870 3.4228365 3.1158865 3.4209548 5.0526544 5.0518373 3.8293206 3.8298651 3.1816830 3.7604797 3.8954173 3.9301830 3.4120285 3.2467955 3.2467955 3.7357673 3.7760481 5.1622406 5.6206530 5.0892775 5.7716219 4.5628008 4.4156030 5.8403398 4.4456014 3.8773518 3.8985767 4.0395949 5.3770994 4.0691614 4.7056146 
Cgig_XM_011426790.3                                    2.6416065 2.5424790 2.4802827 2.5301543 2.9706104 2.8264809 2.7155593 2.9390926 3.2714112 2.1905963 2.8690721 2.7080177 3.2272702 2.9127749 3.2064912 2.5289229 2.9848240 3.2634830 3.0148760 3.4346617 2.9815311 3.8993123 4.3778966 3.7973000 3.7357008 4.0038711 4.1846219 4.2802861 4.1090881 3.7288751 3.6457233 3.5290950 2.9998570 3.9968730 4.0095111 3.9632581 2.4476957 3.1965254 2.5685866 2.3118570 0.0000000 2.3631458 4.0305264 4.0717449 3.5600836 4.7080656 4.4058899 3.9357609 3.9384236 3.0619310 4.0264593 4.1493963 4.0970554 3.5901867 3.4911296 3.4911296 4.3478640 4.0629598 5.2410566 4.9682604 4.8410477 5.7574146 5.3438047 4.4718210 6.0367322 4.1540607 5.1235634 4.2519990 3.9301081 4.2815328 3.9127008 5.4844446 
Halamb_c50387_g1_i1m.28222                             2.5177986 2.1946888 2.7242923 2.6875817 2.5296508 1.8815638 1.8926065 2.2587658 2.5304842 2.2684930 2.3334731 2.2800542 2.3966874 2.2308960 2.5629600 1.5866129 2.4835595 2.6077334 2.5059454 2.6073528 2.3670197 3.0854903 3.2198392 3.4144144 3.2731575 3.7361787 3.3942578 2.8824127 2.8943170 3.4916965 3.4986770 3.6525880 2.5649499 3.3969592 2.6335103 2.9256672 2.1014878 2.2996419 2.2865242 2.7024870 2.3631458 0.0000000 3.3728420 3.0430964 2.7026026 3.8959291 4.4908338 3.5075601 3.5135945 3.3995358 3.4877676 3.4739648 3.4551795 3.3188709 2.6177854 2.6177854 4.1367635 2.9568658 4.2754211 3.5852337 4.2130830 4.3986948 4.2876302 3.3507317 5.3904138 3.2191496 3.5652059 3.3063843 3.0107999 3.9393962 4.1572215 4.8880374 
Mbre_EDQ88588                                          4.8519779 3.6888944 3.8723911 4.1959513 4.3396128 3.2313248 3.8375488 3.7904728 4.1752644 3.5225989 3.6849073 3.5907863 4.3974502 3.9479164 4.0146810 2.7528839 3.6199352 3.9042385 3.1038317 4.1678263 3.2897384 4.1955802 4.2672939 4.1555967 4.1648306 4.4202101 4.2076824 4.2963348 4.0855688 4.3526559 3.9878886 4.3285494 3.2550506 3.7804123 3.9450811 4.5874970 3.0560554 2.5570498 3.3873327 3.4228365 4.0305264 3.3728420 0.0000000 1.3793396 1.5271892 3.1535217 3.2556234 4.3431266 4.4215344 3.9891451 3.9282920 3.7925718 3.8484728 4.2976236 4.0161450 4.0161450 3.8211712 4.0462082 4.1749954 3.8687684 3.6406302 4.0677202 3.8755602 2.8294903 5.2874261 3.7889978 3.1046320 3.8952993 3.7265825 3.2096891 4.9635312 5.0494235 
Choper_EP00045_Choanoeca_perplexa_P002740              4.5829682 3.6109043 4.4767708 4.2362889 4.0981827 3.4311233 3.6732514 4.1537819 4.5849698 3.4791239 3.8274433 3.9352600 3.8765087 3.0642911 3.7920805 3.0820194 3.2293333 4.5054717 3.1889948 4.3240366 2.8652359 3.9500771 3.9839116 4.0809045 3.9316699 4.2404568 4.3593453 3.8071567 3.7889740 4.1966837 3.8762649 3.8862468 3.5179838 3.8896841 4.5465930 4.6890122 3.0398815 2.8225262 4.0383436 3.1158865 4.0717449 3.0430964 1.3793396 0.0000000 0.5667048 2.9455324 3.0383433 4.2630798 4.2780549 3.8894130 4.3984112 4.3658978 4.3008245 4.5677731 3.8840709 3.8840709 3.7099678 3.7640151 4.1267549 4.0233455 4.2711295 4.6537009 4.8632922 3.3992464 3.9468863 4.6272078 2.7547383 3.6095238 3.5428519 3.9785126 4.1871310 4.7152778 
Chofle_EP00730_Choanoeca_flexa_P019021                 4.0960125 3.4267967 3.8967056 3.8186856 4.1420868 3.1699549 3.2648853 3.5633275 3.8992944 3.4053045 3.4851481 3.5125845 3.6871825 2.9572222 3.7993662 2.7021315 2.9322306 3.6339501 3.1719396 3.8878189 2.9970865 3.7147422 3.8156334 4.1354230 4.0363041 4.1281482 4.0236859 3.6238927 3.6765178 3.8012438 3.6627754 3.7727403 3.3585859 3.6863318 4.0375325 4.1782966 2.9881254 3.0396068 3.3440611 3.4209548 3.5600836 2.7026026 1.5271892 0.5667048 0.0000000 2.9684824 2.7929479 3.8164763 3.8213305 3.9854443 4.1133622 4.0982043 4.0388093 4.1456976 3.4317502 3.4317502 4.1093633 3.6440734 4.6993893 4.0543999 3.8697479 4.3160944 4.4272822 3.7197774 3.8270329 4.1877725 2.5221475 3.4970864 3.2209059 3.9775615 4.3083592 5.0161915 
Sros_EGD78608                                          4.5615350 4.1599125 4.7421989 4.5187397 4.9847048 4.7982159 4.0395437 4.2200138 4.8046657 3.6981902 3.8627146 3.8824993 4.2466070 4.0748361 5.3549831 3.6510406 4.1196668 4.4865798 4.0408376 4.6141892 2.9350269 3.6821980 3.6501677 3.8249281 3.7246444 4.2254638 4.0204174 3.9604771 3.9920618 4.1864876 4.2906930 3.9106199 3.4786475 3.7724244 4.4849033 5.5537284 3.4343828 3.9935459 3.7698399 5.0526544 4.7080656 3.8959291 3.1535217 2.9455324 2.9684824 0.0000000 1.5960300 5.3246434 5.3368563 4.4133379 5.0862558 5.0147242 4.9515199 4.8858082 4.4279063 4.4279063 4.6524585 5.1783363 5.3476543 4.1286142 4.0615999 5.2962220 5.0259314 4.0405288 6.2394086 5.5210011 3.2469398 5.1191180 4.8261082 5.0415878 4.7310383 5.7081291 
Microa_EP00043_Microstomoeca_roanoka_P020696           4.6295244 4.8240760 4.9362969 5.4337169 5.3444191 4.0524905 3.6479145 4.6312242 5.2130149 4.0363031 4.3296626 4.3187407 6.1592994 4.9042858 5.9013352 3.6263963 4.3186212 5.2010733 3.9847475 4.6635349 3.5612470 4.2024998 4.0027265 4.6637678 4.4073251 4.6881147 4.3974995 4.9683221 4.4833721 4.3320521 4.2443571 4.2129574 3.4080726 4.2512876 5.1056767 4.8224878 3.5985082 4.0422684 3.7035044 5.0518373 4.4058899 4.4908338 3.2556234 3.0383433 2.7929479 1.5960300 0.0000000 4.6110952 4.6343505 4.2000252 4.6429716 4.5538763 4.5506731 5.0402475 4.1718508 4.1718508 4.8699803 4.6729526 5.7878172 4.5004524 4.8039704 5.0804045 4.9946401 3.9783667 5.8842061 5.8645511 3.6477660 4.5495778 3.8615477 4.2141877 5.0038593 5.8398596 
Tadh_TriadT54788                                       4.3010960 3.7007561 4.1736187 4.4088037 4.4009799 3.7087300 3.6735486 3.8318461 4.4512310 3.7713151 3.8344608 3.9083936 4.2325837 4.0275673 4.2201340 2.8247311 3.6000939 4.2070861 3.5255835 3.6360350 3.8187014 4.1172587 4.5806791 4.6905711 4.3757531 4.5525823 4.6106118 3.9598127 3.8839727 4.1524850 4.3582322 4.5581269 2.7912641 3.5182796 3.8414415 3.6897853 2.9573981 2.5680691 3.2099713 3.8293206 3.9357609 3.5075601 4.3431266 4.2630798 3.8164763 5.3246434 4.6110952 0.0000000 0.0060438 0.1937618 0.2600785 0.2865826 0.2868500 4.1318797 3.3454030 3.3454030 4.4834223 4.9758895 6.6140470 4.7689374 4.6544659 4.4638355 4.3090467 5.1749752 5.2941799 4.3013971 4.8467700 5.2349306 4.4822850 6.6003670 4.9612396 6.2045645 
TrH2_TrispH2_002162-RA                                 4.3074996 3.7603423 4.1306665 4.4168741 4.3561270 3.7375977 3.7025577 3.8159311 4.4319120 3.8058198 3.8653446 3.9401894 4.2231993 4.0180292 4.2115928 2.8247311 3.6000939 4.2181503 3.4842045 3.6251925 3.8245738 4.1274820 4.5921977 4.7062501 4.3902310 4.5594883 4.6237125 3.9522489 3.8765268 4.1631819 4.3690548 4.5734754 2.7952348 3.5098262 3.8600931 3.7181565 2.9573981 2.5680691 3.2171918 3.8298651 3.9384236 3.5135945 4.4215344 4.2780549 3.8213305 5.3368563 4.6343505 0.0060438 0.0000000 0.1886861 0.2608970 0.2874779 0.2826587 4.0886458 3.3566694 3.3566694 4.4901841 4.9734235 6.6122032 4.7843144 4.6738346 4.4818255 4.3377077 5.1582098 5.3585071 4.2640072 4.8434160 5.2883823 4.5030583 6.5030170 4.8725773 6.2209248 
HoiH06_mRNA5187                                        3.8982661 3.5839264 3.5224047 3.9539948 3.9076226 3.0047311 2.9773990 3.0735004 3.6522684 2.8740784 3.1744190 3.2446519 3.9485505 3.5093723 3.7178772 2.5002599 3.6106506 3.7819309 2.7823068 3.3292101 3.2477528 3.7070706 3.8597352 3.9040524 3.9040524 4.0920088 4.3110720 3.6702675 3.5781983 3.7453806 3.9575353 3.6028099 2.7751983 2.9879362 3.0655795 3.2371962 2.5417498 2.3601264 2.6722227 3.1816830 3.0619310 3.3995358 3.9891451 3.8894130 3.9854443 4.4133379 4.2000252 0.1937618 0.1886861 0.0000000 0.0486344 0.0898006 0.0942514 3.2085734 3.0332461 3.0332461 4.3454679 4.2277003 5.2823541 3.7752665 3.6556446 4.0681260 3.5288810 4.6147338 4.9057940 4.2654070 4.0095246 5.1233331 3.5073678 5.9233647 4.4482364 6.0497076 
HoiH23_PlH23_002144-RA                                 4.1064089 3.7064160 4.1007516 4.3843852 4.2507738 3.8290665 3.8336856 3.7118710 4.3562749 3.6137684 3.8296386 3.9833808 4.1664872 3.8311522 4.1774597 2.5299664 3.3803666 3.8771597 3.1072583 3.4055552 3.3908258 3.8162677 4.0899894 4.2043457 3.9053633 4.1309005 4.2687582 3.7482358 3.6728870 4.0117891 4.1280878 4.2156269 2.9598014 3.4383153 3.4133638 3.5279090 2.7712276 2.3334612 3.0826362 3.7604797 4.0264593 3.4877676 3.9282920 4.3984112 4.1133622 5.0862558 4.6429716 0.2600785 0.2608970 0.0486344 0.0000000 0.0964096 0.1032078 3.7758419 3.4571779 3.4571779 4.2751998 4.7672145 5.6465758 4.7373009 4.5539756 4.5834695 4.4234625 5.2725804 5.5429025 4.5231643 4.3217747 5.2194495 4.6068689 6.4387244 4.9876116 6.7270310 
