66
Hsap_ENST00000505472                                     0.0000000 0.9776851 1.2355887 1.2917718 1.1091337 1.2368072 1.2625376 1.2358520 1.2578860 1.3743194 1.4156822 0.9801905 1.3138729 1.3187247 1.2775302 1.3742802 1.1454877 1.0994401 1.1744208 1.2850357 1.1810117 1.3134007 1.1894048 1.3028406 1.2574186 1.5563287 1.2421319 1.5863400 1.4203435 1.4751544 1.4459899 1.4012458 1.4325950 1.4637341 1.4218924 1.3858623 1.3169020 1.4500641 1.7151528 1.8660782 2.1562698 1.8737672 1.6469525 1.4967602 1.9301943 1.8623694 1.9261339 1.9272300 1.6864632 1.7323592 1.7945419 1.8490783 2.2290521 2.3312723 2.2202910 2.0872764 2.2267810 2.9925565 3.8438514 3.9384236 3.8547873 2.8257693 3.3676031 3.0871063 1.7341310 4.1088767 
Bralan_BLAG15000725_2                                    0.9776851 0.0000000 1.0752729 1.0181158 0.8858133 1.0335673 1.0672069 1.0135673 1.0417615 1.1049452 1.1872625 0.8631064 1.0296205 1.0937703 1.0728476 1.2187869 0.8524212 0.8292671 0.9083722 1.0734635 0.9512383 1.1590377 1.0515799 1.1038123 1.1709950 1.3920932 1.1056877 1.3784308 1.2546199 1.2701446 1.2416084 1.2916742 1.2473353 1.4580413 1.3823073 1.3640480 1.3700439 1.3097051 1.6673914 2.0789517 2.0551252 1.7728475 1.5478204 1.4175202 1.7124872 1.6764548 1.8705066 1.8195799 1.5662874 1.5786003 1.7443968 1.7355093 2.0002251 2.1618523 2.0680808 2.0668781 2.0259246 2.6688639 3.3911933 3.5052965 3.5095416 2.6115938 3.2795885 2.9798937 1.4379539 3.8505085 
Exapal_XM_028660185.1                                    1.2355887 1.0752729 0.0000000 0.4162164 0.4607079 0.5220544 0.5348196 0.5303903 0.5401113 0.8174750 0.8213293 0.9662013 1.0403618 1.0337110 1.0150057 1.1458782 1.0652314 1.0551838 1.1497673 1.2549771 1.1713238 1.1272823 1.1254063 1.2103910 1.1592166 1.3952531 1.1524809 1.4228349 1.2232214 1.2306186 1.0962497 1.3595569 1.4890856 1.4532182 1.4446316 1.4529896 1.4565201 1.3971954 1.8629839 2.4512662 2.4810705 1.8917316 1.7172022 1.6237683 1.9472649 1.8746654 1.8470032 1.7458070 1.7205733 1.6030153 1.7850606 1.7941739 2.0010736 2.2180557 2.1070754 2.2483848 2.2399401 2.7780108 3.6497190 3.7819605 3.5650417 2.6084599 3.6137775 2.9835993 1.4581626 3.5394761 
Nvec_v1g100359                                           1.2917718 1.0181158 0.4162164 0.0000000 0.3574114 0.4582924 0.5233982 0.4543531 0.4616659 0.7447906 0.7837333 0.6972846 0.9737192 0.9610334 0.9545297 1.0844259 1.0446581 1.0086496 1.1211080 1.1630922 1.1855710 1.0162318 1.1074660 1.1820578 1.1595543 1.3404184 1.1285269 1.3870294 1.1831855 1.2145457 0.9700814 1.3606528 1.5059982 1.4089350 1.4245567 1.3954916 1.3945242 1.4171018 1.8099355 1.9371272 2.2763144 1.8334759 1.6185683 1.5679067 1.9223998 1.7342264 1.8055474 1.7428964 1.6301185 1.5296752 1.6426490 1.6959338 2.0135680 2.1819081 2.0906607 2.1066880 2.1736775 2.7673988 3.7576728 3.6741543 3.6153459 2.6305402 3.5788568 2.8665941 1.5442838 3.4695299 
Adig_XM_015925298.1                                      1.1091337 0.8858133 0.4607079 0.3574114 0.0000000 0.1145329 0.0332079 0.1774202 0.1803734 0.6275751 0.6485745 0.9355937 0.7699261 0.7501563 0.7469250 0.8529894 0.8315570 0.8397303 0.9407130 1.0111560 0.9819882 0.9349409 1.0328893 1.0704506 1.0837936 1.2987356 1.1508561 1.3298466 1.1487765 1.1584466 0.8096268 1.2390013 1.3715502 1.3103792 1.3744920 1.2813753 1.2418626 1.1543573 1.6369534 1.7856176 1.9946703 1.7535377 1.5743955 1.5562223 1.7264594 1.7176668 1.6379523 1.8178961 1.6676200 1.4439059 1.6217012 1.8621077 1.9734094 1.9774778 1.9410782 2.1400995 2.0059861 3.5122601 4.0382294 3.8986613 3.8099020 2.9984091 3.3236819 2.7233178 1.2175438 3.7444094 
Gfas_gfas1.m1.8576.m1                                    1.2368072 1.0335673 0.5220544 0.4582924 0.1145329 0.0000000 0.1265508 0.1639589 0.1865776 0.7295051 0.7718228 0.8096245 0.9457261 0.9041389 0.8949567 1.0211111 1.0228816 0.9698049 1.0892703 1.1600576 1.1136411 0.9637963 1.0902048 1.1781570 1.1989854 1.3170541 1.0598130 1.3508048 1.2390110 1.2412305 0.9562474 1.2907839 1.4838016 1.3624687 1.3904202 1.2700183 1.2785294 1.3572219 1.7112691 1.8187923 2.2277126 1.8319768 1.5889564 1.4505310 1.8499503 1.7414306 1.8047770 1.7142357 1.5842047 1.4801165 1.7037176 1.8105046 1.9233394 2.2214189 2.1195964 2.0648109 2.1541841 2.9903491 3.8296857 3.6600826 3.7097958 2.7973499 3.5424470 2.8464332 1.6380607 3.5823751 
Amil_Amillepora04986-RA                                  1.2625376 1.0672069 0.5348196 0.5233982 0.0332079 0.1265508 0.0000000 0.2257107 0.2488088 0.7935568 0.8163503 0.8252128 0.9847352 0.9473471 0.9458777 1.1213408 1.0577155 1.0100247 1.1366783 1.2184170 1.1354351 0.9967133 1.0613298 1.1808644 1.2274210 1.3505103 1.0162091 1.4031377 1.2934614 1.2887233 1.0317504 1.3320583 1.5393743 1.3093308 1.3461976 1.2143402 1.2394103 1.4106396 1.7430980 1.8358698 2.2050618 1.8998839 1.6394780 1.3575100 1.8593632 1.7990412 1.8708326 1.5820117 1.6342104 1.4614849 1.5583210 1.8155293 2.0008400 2.3228620 2.2321283 2.1643803 2.3583953 3.1637445 3.8379616 3.7388001 3.8970498 2.6964348 3.5874504 2.6870578 1.7096783 3.5254032 
Spis_XP_022798921_1                                      1.2358520 1.0135673 0.5303903 0.4543531 0.1774202 0.1639589 0.2257107 0.0000000 0.0649446 0.7406661 0.7849936 0.7889341 0.9748089 0.9089639 0.9004220 1.0477435 1.0210644 0.9801195 1.0810163 1.1723601 1.0869658 0.9761734 1.0783465 1.1719015 1.2147844 1.3263380 1.0749101 1.3507922 1.2085125 1.2130028 0.9707009 1.3208747 1.4759678 1.3483491 1.3470086 1.2525443 1.2876781 1.3499686 1.7127359 1.8551695 2.2246127 1.8687952 1.5684026 1.4151336 1.8601153 1.7285189 1.8426180 1.7170693 1.5534657 1.4657033 1.7035509 1.7842378 1.8918526 2.2567335 2.1158380 2.0787528 2.1742257 3.0858535 3.9838430 3.6496513 3.6273786 2.8410716 3.4580857 2.8265360 1.6046456 3.4604113 
Pocdam_XM_027182050.1                                    1.2578860 1.0417615 0.5401113 0.4616659 0.1803734 0.1865776 0.2488088 0.0649446 0.0000000 0.7704335 0.7991710 0.7230666 0.9787991 0.9039503 0.8923601 1.0339499 1.0241517 0.9832081 1.0869994 1.1895982 1.1177182 0.9525725 1.0673447 1.1806252 1.2178084 1.3749779 1.0787365 1.4165695 1.2153228 1.2232996 0.9980885 1.3300439 1.5032053 1.2954025 1.3199611 1.2125921 1.2431542 1.3750875 1.7580152 1.8894413 2.3033232 1.8229634 1.5681747 1.3902172 1.8561143 1.7296529 1.8221933 1.7299617 1.5908584 1.4809420 1.6814613 1.7882313 1.9685897 2.2957283 2.1521280 2.0630829 2.2594700 3.0727574 3.8139434 3.7069676 3.6047757 2.7794551 3.4602509 2.7795785 1.6565485 3.4070658 
Dgig_XM_028541511.1                                      1.3743194 1.1049452 0.8174750 0.7447906 0.6275751 0.7295051 0.7935568 0.7406661 0.7704335 0.0000000 0.2866402 0.9471447 1.0677817 1.0432349 1.0257433 1.1702406 1.1500715 1.1241915 1.1599483 1.2384954 1.1891930 1.0631611 1.1294942 1.2260131 1.1404367 1.4323305 1.1383484 1.4079838 1.2417122 1.2661965 1.1120032 1.4045619 1.4215655 1.4658917 1.4166437 1.3871704 1.3798025 1.4333857 1.8748353 1.9794182 2.2793532 1.9248001 1.7226262 1.5645350 1.9992397 1.8848378 1.9835057 1.8883551 1.6618537 1.5970644 1.7927324 1.8881896 2.1971218 2.1109845 2.0498662 2.1339817 2.1301762 3.0708735 3.5947572 3.9488353 3.9821763 2.7553039 3.4576976 3.2037364 1.3789823 3.7532223 
Xesp_008498-T1                                           1.4156822 1.1872625 0.8213293 0.7837333 0.6485745 0.7718228 0.8163503 0.7849936 0.7991710 0.2866402 0.0000000 1.0320130 1.1128627 1.1034443 1.0898110 1.2280877 1.2444522 1.1528848 1.2191365 1.2805290 1.2807268 1.1369550 1.2116163 1.2916239 1.2587748 1.4062538 1.1595027 1.4708125 1.3027451 1.2903124 1.2183158 1.4152415 1.5005085 1.4829567 1.4257188 1.3975367 1.4154979 1.4782093 1.8542057 2.0382514 2.4114344 1.9128748 1.6786210 1.5523238 1.9887720 1.8650371 2.0165230 1.8408977 1.6998780 1.6705109 1.8538728 1.9270567 2.2177539 2.1370376 2.0650106 2.1468876 2.1314224 2.8891751 3.5695100 4.0942492 4.0003546 2.8062403 3.5283641 2.9724843 1.4463045 3.8985543 
Plespi_Pspi_scaffold1058_01                              0.9801905 0.8631064 0.9662013 0.6972846 0.9355937 0.8096245 0.8252128 0.7889341 0.7230666 0.9471447 1.0320130 0.0000000 0.9624983 0.9530293 0.9973078 1.0024932 0.8254235 0.9123881 0.8436773 1.1334591 1.1940737 1.1449431 1.0469967 1.0527347 0.9789939 1.0012318 0.9996742 1.0510179 0.8299371 1.0011640 0.8631755 1.0111260 0.9882889 1.6235312 1.6796366 1.6034830 1.5088961 1.1243630 1.4024754 0.0000010 0.0000010 0.0000010 1.4559865 1.4187790 1.3835254 1.3349853 1.7144197 1.2460887 1.2567527 1.2249618 1.4338927 1.4581298 1.5898602 3.2878281 2.3429426 2.0505497 2.0451869 3.4045370 4.1667326 4.2790968 3.1472778 1.9949902 3.3043002 2.6291204 2.1474244 3.4910218 
Aaur_scaffold231.g11.t1                                  1.3138729 1.0296205 1.0403618 0.9737192 0.7699261 0.9457261 0.9847352 0.9748089 0.9787991 1.0677817 1.1128627 0.9624983 0.0000000 0.3331826 0.2990596 0.4482571 1.1916667 1.1167913 1.1528999 1.2215868 1.1675761 0.9334867 1.2442510 1.3334621 1.2631583 1.3918882 1.1804056 1.4329591 1.3112065 1.3366066 0.8109597 1.3854128 1.4996189 1.5527800 1.5455596 1.4295249 1.4933770 1.3997821 1.7476513 2.1978547 2.3412772 1.9348441 1.6513977 1.5866474 1.9716961 1.7772549 1.9586129 1.8594454 1.8111270 1.6027796 1.7535852 1.8483925 2.1909579 2.2246230 2.1323925 2.1184112 2.2262885 3.1495777 3.9897507 3.8938653 3.7646858 2.7334005 3.4340685 2.7915508 1.5984246 3.4536014 
Nemnom_g14120.t1                                         1.3187247 1.0937703 1.0337110 0.9610334 0.7501563 0.9041389 0.9473471 0.9089639 0.9039503 1.0432349 1.1034443 0.9530293 0.3331826 0.0000000 0.1090522 0.4735050 1.1831887 1.1403915 1.1574640 1.1981773 1.2057337 0.9664194 1.2537711 1.3414260 1.2344195 1.4186851 1.1931544 1.4507071 1.3409835 1.3507593 0.8339362 1.4186661 1.4996127 1.4758239 1.4986140 1.3924662 1.4133982 1.4200662 1.7738943 2.2228008 2.3886120 1.8667398 1.6272730 1.5128953 1.9023999 1.7657477 1.9913619 1.9176919 1.7628169 1.6204924 1.7770423 1.9641572 2.2402650 2.2410414 2.1586706 2.0621859 2.1965349 3.0788344 3.9944801 4.0228289 3.9468771 2.7238138 3.5227918 2.8845258 1.6542187 3.4035792 
Rhoesc_Res_002591-T1                                     1.2775302 1.0728476 1.0150057 0.9545297 0.7469250 0.8949567 0.9458777 0.9004220 0.8923601 1.0257433 1.0898110 0.9973078 0.2990596 0.1090522 0.0000000 0.4509662 1.1382344 1.0779182 1.1502064 1.1879151 1.1919488 0.9468267 1.2641729 1.3239023 1.2497799 1.4356332 1.2003637 1.4940811 1.2915924 1.3262436 0.8388517 1.4175703 1.4663626 1.4767275 1.4998337 1.3694594 1.3760413 1.3937930 1.7858357 2.1050695 2.3270791 1.7949087 1.6029896 1.5377834 1.8982097 1.7372798 1.9395348 1.8805875 1.7431128 1.6384144 1.8045774 1.8969715 2.1576721 2.2035980 2.1227730 2.0102105 2.1617379 3.2519201 4.1825926 3.9266846 3.9346281 2.7437851 3.5185312 2.9021060 1.6091133 3.4752794 
Sanmal_Sma_017742-T1                                     1.3742802 1.2187869 1.1458782 1.0844259 0.8529894 1.0211111 1.1213408 1.0477435 1.0339499 1.1702406 1.2280877 1.0024932 0.4482571 0.4735050 0.4509662 0.0000000 1.2833381 1.1977649 1.3061015 1.3246394 1.2830211 1.0220853 1.3195306 1.4086150 1.3819660 1.5309258 1.1742075 1.5892055 1.4439768 1.4698579 0.9753885 1.4499548 1.6102511 1.4899889 1.4584996 1.4189391 1.4532048 1.5042200 1.8346426 1.9123715 2.1853085 1.8104793 1.5484375 1.5037953 1.9390837 1.7271016 1.9987845 1.8774083 1.8150741 1.6885042 1.8690281 1.8877044 2.2312861 2.3294279 2.1802172 2.0134352 2.1889140 3.2166359 3.9735290 3.8925645 3.8729385 2.8342692 3.5025052 2.9152819 1.8212196 3.5514775 
Spur_XM_030979539.1                                      1.1454877 0.8524212 1.0652314 1.0446581 0.8315570 1.0228816 1.0577155 1.0210644 1.0241517 1.1500715 1.2444522 0.8254235 1.1916667 1.1831887 1.1382344 1.2833381 0.0000000 0.7427575 0.9484964 1.0037761 0.9798352 1.1718758 1.0545145 1.1734688 1.0984512 1.3668658 1.1290233 1.3836963 1.2204118 1.2468021 1.2405030 1.2217787 1.2904206 1.4416272 1.3815324 1.2988021 1.3176244 1.2561304 1.7443959 1.9612771 2.2224246 1.7538546 1.5797131 1.4354325 1.7682773 1.8613028 1.8268142 1.7989972 1.5710184 1.6382948 1.6428960 1.7972494 2.0010792 2.0822588 2.0080591 2.0882510 2.0323688 2.5894933 3.6038091 3.8469778 3.3568880 2.7307169 3.1126927 2.6022354 1.5188822 3.7372621 
Skow_XM_006820455.1                                      1.0994401 0.8292671 1.0551838 1.0086496 0.8397303 0.9698049 1.0100247 0.9801195 0.9832081 1.1241915 1.1528848 0.9123881 1.1167913 1.1403915 1.0779182 1.1977649 0.7427575 0.0000000 0.8895489 1.0060330 0.9820075 1.1129477 1.0279671 1.1372799 1.1149255 1.3490067 1.0682087 1.3712663 1.2500080 1.2710449 1.2134678 1.2406271 1.2162347 1.4394238 1.4191468 1.3248943 1.3830369 1.2614073 1.7488549 2.0889712 2.2690486 1.8473317 1.6699143 1.4207718 1.8416181 1.7606858 1.9109848 1.8556097 1.6317267 1.5879670 1.6999652 1.7580210 2.0665047 2.1138718 2.0057828 2.0478849 2.1200351 2.8204886 3.8505559 3.9407302 3.5147353 2.6659237 3.3229449 2.9346386 1.5770859 3.6680166 
Ctel_gnl_WGS_AMQN_CAPTEDRAFT_mRNA20326                   1.1744208 0.9083722 1.1497673 1.1211080 0.9407130 1.0892703 1.1366783 1.0810163 1.0869994 1.1599483 1.2191365 0.8436773 1.1528999 1.1574640 1.1502064 1.3061015 0.9484964 0.8895489 0.0000000 0.8816983 0.8002685 1.1716309 1.1511090 1.2642270 1.1787269 1.4196299 1.1947804 1.5041654 1.3680125 1.3828260 1.3049518 1.2606988 1.2167328 1.4802385 1.4568957 1.4099296 1.3736987 1.2327336 1.7448477 1.9075849 2.1906638 1.8879934 1.6050289 1.5094695 1.7832646 1.9050798 1.7881145 1.7875639 1.7573538 1.6647233 1.8633733 1.7963925 2.0757630 2.2139150 2.1502534 2.2138073 2.1822694 2.9062673 3.5182529 3.6932138 3.4367359 2.8607593 3.3282704 3.0459476 1.7898052 3.6996397 
Cgig_XM_011433740.3                                      1.2850357 1.0734635 1.2549771 1.1630922 1.0111560 1.1600576 1.2184170 1.1723601 1.1895982 1.2384954 1.2805290 1.1334591 1.2215868 1.1981773 1.1879151 1.3246394 1.0037761 1.0060330 0.8816983 0.0000000 0.6880121 1.2317630 1.1775311 1.3151112 1.2259773 1.4054625 1.1312621 1.3950421 1.3887539 1.3658203 1.2828957 1.3396283 1.1967058 1.5682834 1.5866911 1.5659504 1.4726307 1.2741627 1.7202209 1.8390599 2.1647149 1.7501724 1.6754338 1.4949736 1.8247691 1.7763668 2.0482150 1.9183829 1.7330478 1.7389047 1.8106681 1.8950122 2.2097281 2.3160389 2.1823173 2.0670424 2.2558847 3.1469538 3.9910256 4.0576407 3.7557999 2.6716177 3.6379095 2.8796302 1.6673596 3.5178305 
Acagra_model.g3326.t1.1.5d3b825c                         1.1810117 0.9512383 1.1713238 1.1855710 0.9819882 1.1136411 1.1354351 1.0869658 1.1177182 1.1891930 1.2807268 1.1940737 1.1675761 1.2057337 1.1919488 1.2830211 0.9798352 0.9820075 0.8002685 0.6880121 0.0000000 1.1597180 1.1206164 1.2359241 1.2521302 1.4307440 1.1756334 1.4176135 1.3356139 1.3135016 1.3108234 1.3220026 1.2173093 1.5709419 1.4881326 1.5233070 1.4460665 1.2395600 1.6043426 1.4199184 2.0858922 1.7358136 1.6091722 1.4137801 1.7553312 1.7106595 1.8938179 1.8038300 1.6215707 1.6862757 1.8283491 1.8287863 2.0824094 2.2774361 2.1321232 2.2210002 2.2558072 3.0243874 3.8589749 3.9450765 3.5344357 2.9825017 3.1783569 2.7818969 1.6955150 3.6230923 
Chem_TCONS_00004274                                      1.3134007 1.1590377 1.1272823 1.0162318 0.9349409 0.9637963 0.9967133 0.9761734 0.9525725 1.0631611 1.1369550 1.1449431 0.9334867 0.9664194 0.9468267 1.0220853 1.1718758 1.1129477 1.1716309 1.2317630 1.1597180 0.0000000 1.2176400 1.3351683 1.2368398 1.4080841 1.3088417 1.3894548 1.4170302 1.4198667 0.9512808 1.3533641 1.4400616 1.5558529 1.5946188 1.5667195 1.6011081 1.3859180 1.6847462 2.1037985 2.2065742 1.8567777 1.6625526 1.6751573 1.8265763 1.5810214 1.8929800 1.9369715 1.9423459 1.5728167 1.8274123 1.9638122 2.2169251 2.3588343 2.1953509 2.2366223 2.3455853 3.0096158 3.8960453 4.0567279 3.9095938 2.7364667 3.3731033 2.9778732 1.7368713 3.5276030 
Ocar_g8836                                               1.1894048 1.0515799 1.1254063 1.1074660 1.0328893 1.0902048 1.0613298 1.0783465 1.0673447 1.1294942 1.2116163 1.0469967 1.2442510 1.2537711 1.2641729 1.3195306 1.0545145 1.0279671 1.1511090 1.1775311 1.1206164 1.2176400 0.0000000 0.0034500 0.5624424 1.2751059 1.1198271 1.2730036 1.1263670 1.1681222 1.2867850 1.3274052 1.2770764 1.3925614 1.3724276 1.3860864 1.3581753 1.3043662 1.5084785 1.7524013 1.7865022 1.5261384 1.3698789 1.4605486 1.6349651 1.5878652 1.7750031 1.6486934 1.5534613 1.5087427 1.5690997 1.7520620 1.7898343 2.3434400 2.1964367 2.2780396 2.2766153 2.7349832 3.5992111 3.9608674 3.8508134 2.8448655 3.1890120 2.9815151 1.3839926 3.9032218 
Opea_EP00118_Oscarella_pearsei_P025957                   1.3028406 1.1038123 1.2103910 1.1820578 1.0704506 1.1781570 1.1808644 1.1719015 1.1806252 1.2260131 1.2916239 1.0527347 1.3334621 1.3414260 1.3239023 1.4086150 1.1734688 1.1372799 1.2642270 1.3151112 1.2359241 1.3351683 0.0034500 0.0000000 0.6376575 1.3477337 1.1560601 1.3772154 1.2826594 1.2881137 1.4193688 1.4194796 1.4506734 1.4074537 1.4045214 1.4158822 1.4401473 1.4539754 1.6300293 1.6737938 1.9995253 1.7863070 1.5269097 1.4502266 1.7682819 1.7343663 1.8886582 1.7369032 1.6098312 1.6829745 1.7487718 1.8747662 2.0640697 2.5168650 2.3618215 2.2521183 2.5197503 2.8524091 3.7121647 4.0526799 3.8556805 2.8626152 3.3662285 3.1328804 1.6283266 3.7943836 
Plajan_Pjan_C572618_01                                   1.2574186 1.1709950 1.1592166 1.1595543 1.0837936 1.1989854 1.2274210 1.2147844 1.2178084 1.1404367 1.2587748 0.9789939 1.2631583 1.2344195 1.2497799 1.3819660 1.0984512 1.1149255 1.1787269 1.2259773 1.2521302 1.2368398 0.5624424 0.6376575 0.0000000 1.3155631 1.0191077 1.3910821 1.1789527 1.2206075 1.3954127 1.3954746 1.4285190 1.3720430 1.3400183 1.2696170 1.3217188 1.3658664 1.6499130 1.7571416 2.1721570 1.7290047 1.5162738 1.4001392 1.7835374 1.6548866 1.9461151 1.7282433 1.6979928 1.6229782 1.7159799 1.7532375 1.9823595 2.3459446 2.2086314 2.0656357 2.1880100 2.9162175 3.3773397 3.7661650 3.6836087 2.5917655 3.4992708 3.0813079 1.5623713 3.5520674 
Aque_Aqu2.1.35144_001                                    1.5563287 1.3920932 1.3952531 1.3404184 1.2987356 1.3170541 1.3505103 1.3263380 1.3749779 1.4323305 1.4062538 1.0012318 1.3918882 1.4186851 1.4356332 1.5309258 1.3668658 1.3490067 1.4196299 1.4054625 1.4307440 1.4080841 1.2751059 1.3477337 1.3155631 0.0000000 0.5357159 0.4947960 1.0984487 1.1125189 1.5068524 1.5695830 1.5375904 1.4409542 1.4121908 1.4092181 1.4366324 1.5715726 1.7787006 1.8930848 2.2505426 1.7241893 1.6143208 1.5317610 1.8859604 1.7578240 2.1994209 1.9148913 1.8070706 1.7241783 1.9100150 2.0126399 2.2251242 2.3861812 2.2775912 2.2058077 2.2893849 3.0941755 4.1370886 4.2402169 3.9732882 2.9999926 3.8930078 3.4384532 1.5117538 3.9657012 
Xestes_maker-XT_scaffold126497-augustus-gene-0.37-mRNA-1 1.2421319 1.1056877 1.1524809 1.1285269 1.1508561 1.0598130 1.0162091 1.0749101 1.0787365 1.1383484 1.1595027 0.9996742 1.1804056 1.1931544 1.2003637 1.1742075 1.1290233 1.0682087 1.1947804 1.1312621 1.1756334 1.3088417 1.1198271 1.1560601 1.0191077 0.5357159 0.0000000 0.5094384 0.7585274 0.8077859 1.2228823 1.3843587 1.3060528 1.3824986 1.3745228 1.3789649 1.3218728 1.2854302 1.4305516 2.0066175 2.0297415 1.5132347 1.4590062 1.5658121 1.5768093 1.4503741 1.6192406 1.7722752 1.5786757 1.4905192 1.5043981 1.6500892 1.6869788 2.1907533 2.0409478 2.1796462 2.0643549 2.9306014 3.9694679 3.6963139 3.5012230 2.7345890 3.4454902 3.0962681 1.0933961 3.7497254 
Halamb_c52266_g1_i1m.32594                               1.5863400 1.3784308 1.4228349 1.3870294 1.3298466 1.3508048 1.4031377 1.3507922 1.4165695 1.4079838 1.4708125 1.0510179 1.4329591 1.4507071 1.4940811 1.5892055 1.3836963 1.3712663 1.5041654 1.3950421 1.4176135 1.3894548 1.2730036 1.3772154 1.3910821 0.4947960 0.5094384 0.0000000 1.1205421 1.1077143 1.5174436 1.6246030 1.4832213 1.5098787 1.4192111 1.3873442 1.4407500 1.5826039 1.8447082 1.6553643 2.2389402 1.8461570 1.6331431 1.5515929 1.9724611 1.7295332 2.1810676 1.8245075 1.6824903 1.6896718 1.8049989 1.9152591 2.0552160 2.3203297 2.2425507 2.1395708 2.2352202 2.8260532 3.9053704 4.2912634 3.8739082 2.9301541 3.8451164 3.3506615 1.5424496 3.9348152 
Emue_Em0003g108a.t1                                      1.4203435 1.2546199 1.2232214 1.1831855 1.1487765 1.2390110 1.2934614 1.2085125 1.2153228 1.2417122 1.3027451 0.8299371 1.3112065 1.3409835 1.2915924 1.4439768 1.2204118 1.2500080 1.3680125 1.3887539 1.3356139 1.4170302 1.1263670 1.2826594 1.1789527 1.0984487 0.7585274 1.1205421 0.0000000 0.1617761 1.5120840 1.5782048 1.5762479 1.2992644 1.3465383 1.3554415 1.2677273 1.4944665 1.6933591 1.9670714 2.1444339 1.8449501 1.6360850 1.5801550 1.8275848 1.8037371 2.0920893 1.7146940 1.5783441 1.6941866 1.8726605 1.7772005 2.1443478 2.3368226 2.2164001 2.0473806 2.2567834 2.8830755 3.8086360 4.0833098 3.5753131 2.7150507 3.7561970 3.1038308 1.0042464 3.7622352 
Spolac_c104633_g1_i5_m.41988c104633-g1                   1.4751544 1.2701446 1.2306186 1.2145457 1.1584466 1.2412305 1.2887233 1.2130028 1.2232996 1.2661965 1.2903124 1.0011640 1.3366066 1.3507593 1.3262436 1.4698579 1.2468021 1.2710449 1.3828260 1.3658203 1.3135016 1.4198667 1.1681222 1.2881137 1.2206075 1.1125189 0.8077859 1.1077143 0.1617761 0.0000000 1.4729072 1.6000602 1.6060462 1.3603960 1.4285034 1.3928619 1.3237289 1.5026818 1.6772122 1.8665360 2.1462371 1.7578040 1.5926939 1.5120168 1.8144375 1.7446411 2.0231759 1.6685833 1.5666702 1.6259577 1.7888774 1.7206858 2.1084356 2.2842275 2.2026160 2.0108794 2.2035570 2.9211228 3.7540670 4.1801538 3.6584563 2.5826581 3.7569713 2.9561519 0.9832902 3.7452694 
Morvir_scaffold280.g11.t1                                1.4459899 1.2416084 1.0962497 0.9700814 0.8096268 0.9562474 1.0317504 0.9707009 0.9980885 1.1120032 1.2183158 0.8631755 0.8109597 0.8339362 0.8388517 0.9753885 1.2405030 1.2134678 1.3049518 1.2828957 1.3108234 0.9512808 1.2867850 1.4193688 1.3954127 1.5068524 1.2228823 1.5174436 1.5120840 1.4729072 0.0000000 1.4605890 1.5726503 1.6715864 1.5436461 1.6279371 1.5991748 1.5844047 1.8406371 1.9612095 2.4466327 1.8916512 1.7700954 1.5481978 1.9805848 1.9187240 2.2090994 1.9794009 1.8190997 1.8028222 2.0057405 2.1112760 2.2397672 2.5630522 2.3574540 2.3928908 2.5737706 3.1232598 4.4627755 4.1755449 3.8245417 2.8281251 3.7520720 3.1514947 1.9057444 3.7633421 
Dpul_mRNA21920                                           1.4012458 1.2916742 1.3595569 1.3606528 1.2390013 1.2907839 1.3320583 1.3208747 1.3300439 1.4045619 1.4152415 1.0111260 1.3854128 1.4186661 1.4175703 1.4499548 1.2217787 1.2406271 1.2606988 1.3396283 1.3220026 1.3533641 1.3274052 1.4194796 1.3954746 1.5695830 1.3843587 1.6246030 1.5782048 1.6000602 1.4605890 0.0000000 1.2296050 1.5688164 1.6010182 1.5489421 1.5664493 1.2699343 1.8394466 2.6414463 2.3715687 1.8256075 1.7136171 1.5468079 1.8743223 1.8293918 2.0340961 1.8428344 1.7775586 1.7763864 1.8009661 1.7586003 2.3903555 2.3375825 2.2845479 2.1914050 2.2471107 2.6516431 3.3292237 4.1986674 3.4290307 2.6789299 3.5141240 3.0886948 2.0261741 3.8592817 
Cscu_XM_023370881.1                                      1.4325950 1.2473353 1.4890856 1.5059982 1.3715502 1.4838016 1.5393743 1.4759678 1.5032053 1.4215655 1.5005085 0.9882889 1.4996189 1.4996127 1.4663626 1.6102511 1.2904206 1.2162347 1.2167328 1.1967058 1.2173093 1.4400616 1.2770764 1.4506734 1.4285190 1.5375904 1.3060528 1.4832213 1.5762479 1.6060462 1.5726503 1.2296050 0.0000000 1.6106060 1.6217135 1.5924842 1.5665336 1.2785825 1.8665533 2.2421194 2.5438734 1.9822802 1.8014468 1.5786731 1.8240713 1.9819584 2.1884353 1.8979617 1.8438757 1.8340398 1.8374871 2.0494727 2.3354032 2.3270347 2.2192419 2.1539765 2.3223823 2.9156511 3.6545984 4.4610169 4.1844908 3.0189318 3.8216857 3.0068677 2.1509111 3.9135404 
Scil_scict016563.1                                       1.4637341 1.4580413 1.4532182 1.4089350 1.3103792 1.3624687 1.3093308 1.3483491 1.2954025 1.4658917 1.4829567 1.6235312 1.5527800 1.4758239 1.4767275 1.4899889 1.4416272 1.4394238 1.4802385 1.5682834 1.5709419 1.5558529 1.3925614 1.4074537 1.3720430 1.4409542 1.3824986 1.5098787 1.2992644 1.3603960 1.6715864 1.5688164 1.6106060 0.0000000 0.2805509 0.2973447 0.2856728 1.6078050 1.7340087 1.7796089 2.0203224 1.7607755 1.5651905 1.5763913 1.7020874 1.5522752 2.0883705 1.9392410 1.8912476 1.6643337 1.7277420 1.9502714 2.0475952 2.3592800 2.2195990 2.2764429 2.3284718 2.9621438 3.6279552 3.8790569 3.7296981 2.9895608 3.4194345 2.7323972 1.7421629 3.8870445 
Lcom_lcpid60592                                          1.4218924 1.3823073 1.4446316 1.4245567 1.3744920 1.3904202 1.3461976 1.3470086 1.3199611 1.4166437 1.4257188 1.6796366 1.5455596 1.4986140 1.4998337 1.4584996 1.3815324 1.4191468 1.4568957 1.5866911 1.4881326 1.5946188 1.3724276 1.4045214 1.3400183 1.4121908 1.3745228 1.4192111 1.3465383 1.4285034 1.5436461 1.6010182 1.6217135 0.2805509 0.0000000 0.3313853 0.3225798 1.5625357 1.7374062 1.8997915 1.9825289 1.7663041 1.6256721 1.5411078 1.6405781 1.5739582 2.0619134 1.9202227 1.8648610 1.6586313 1.7417973 1.9427575 2.0385002 2.3912772 2.2462298 2.4134740 2.4575256 3.1205055 3.7579682 3.7822567 3.8828879 3.1169007 3.5796200 2.8504301 1.5873594 3.9445782 
Gracom_Gcom_C553950_01                                   1.3858623 1.3640480 1.4529896 1.3954916 1.2813753 1.2700183 1.2143402 1.2525443 1.2125921 1.3871704 1.3975367 1.6034830 1.4295249 1.3924662 1.3694594 1.4189391 1.2988021 1.3248943 1.4099296 1.5659504 1.5233070 1.5667195 1.3860864 1.4158822 1.2696170 1.4092181 1.3789649 1.3873442 1.3554415 1.3928619 1.6279371 1.5489421 1.5924842 0.2973447 0.3313853 0.0000000 0.3536493 1.5031365 1.7774497 1.8291260 2.0685748 1.8956417 1.6793978 1.6074832 1.6927430 1.6215591 2.0233435 1.8853964 1.8855877 1.6376405 1.7626041 2.0449400 2.0742711 2.4937840 2.3606647 2.4370136 2.4408084 3.0220808 3.8563271 3.8974459 3.8262730 3.0188271 3.2644265 2.8382878 1.6195516 3.8357497 
Leuniv_Lniv_C811200_01                                   1.3169020 1.3700439 1.4565201 1.3945242 1.2418626 1.2785294 1.2394103 1.2876781 1.2431542 1.3798025 1.4154979 1.5088961 1.4933770 1.4133982 1.3760413 1.4532048 1.3176244 1.3830369 1.3736987 1.4726307 1.4460665 1.6011081 1.3581753 1.4401473 1.3217188 1.4366324 1.3218728 1.4407500 1.2677273 1.3237289 1.5991748 1.5664493 1.5665336 0.2856728 0.3225798 0.3536493 0.0000000 1.4971209 1.6953549 1.8618173 2.1711010 1.7543389 1.6262342 1.5895861 1.7303300 1.5685454 2.0307224 1.9090863 1.8110196 1.6791044 1.6972460 1.8766935 2.0309276 2.3875533 2.2342789 2.2632451 2.3563894 3.0391815 3.7597764 3.7394425 3.7007163 2.8966040 3.4497809 2.7854619 1.6693478 3.8833050 
Tcas_TC033978_001                                        1.4500641 1.3097051 1.3971954 1.4171018 1.1543573 1.3572219 1.4106396 1.3499686 1.3750875 1.4333857 1.4782093 1.1243630 1.3997821 1.4200662 1.3937930 1.5042200 1.2561304 1.2614073 1.2327336 1.2741627 1.2395600 1.3859180 1.3043662 1.4539754 1.3658664 1.5715726 1.2854302 1.5826039 1.4944665 1.5026818 1.5844047 1.2699343 1.2785825 1.6078050 1.5625357 1.5031365 1.4971209 0.0000000 1.8399495 1.9827977 2.3507878 1.8920048 1.7464716 1.5016259 1.9012069 1.8315103 2.0787409 1.8923341 1.7547673 1.7898337 1.8634189 1.9049538 2.1324437 2.3196396 2.2167949 2.1700369 2.3188312 2.9749680 3.7905134 4.2988408 3.9489730 2.7746184 3.3221793 3.1375972 2.0068813 3.7022964 
Mlei_ML0078.g13.i1                                       1.7151528 1.6673914 1.8629839 1.8099355 1.6369534 1.7112691 1.7430980 1.7127359 1.7580152 1.8748353 1.8542057 1.4024754 1.7476513 1.7738943 1.7858357 1.8346426 1.7443959 1.7488549 1.7448477 1.7202209 1.6043426 1.6847462 1.5084785 1.6300293 1.6499130 1.7787006 1.4305516 1.8447082 1.6933591 1.6772122 1.8406371 1.8394466 1.8665533 1.7340087 1.7374062 1.7774497 1.6953549 1.8399495 0.0000000 0.3449636 0.3198313 0.3077431 0.2994352 0.2901006 0.4287904 0.5528369 2.0412855 1.9897260 1.9013201 1.8190701 2.0801916 2.0614258 2.2605189 2.9101604 2.7372155 2.4516260 2.7934819 3.0746193 4.0719462 4.1084656 4.0549740 2.8725652 3.9014200 3.1187568 2.0867173 3.7003293 
Bolinf_Binf_sb1173421                                    1.8660782 2.0789517 2.4512662 1.9371272 1.7856176 1.8187923 1.8358698 1.8551695 1.8894413 1.9794182 2.0382514 0.0000010 2.1978547 2.2228008 2.1050695 1.9123715 1.9612771 2.0889712 1.9075849 1.8390599 1.4199184 2.1037985 1.7524013 1.6737938 1.7571416 1.8930848 2.0066175 1.6553643 1.9670714 1.8665360 1.9612095 2.6414463 2.2421194 1.7796089 1.8997915 1.8291260 1.8618173 1.9827977 0.3449636 0.0000000 0.0060947 0.3762601 0.4095692 0.5824056 0.5920532 0.4485829 1.8046087 2.9329879 2.3833342 1.8131594 2.1021472 2.4497449 1.8909784 3.7402977 3.3045388 2.9948643 2.9298598 5.3154749 5.5827229 6.8579662 5.0979010 3.1558748 5.1764450 3.8825306 1.9863066 5.5183567 
Mertsp_Mesp_sb574887                                     2.1562698 2.0551252 2.4810705 2.2763144 1.9946703 2.2277126 2.2050618 2.2246127 2.3033232 2.2793532 2.4114344 0.0000010 2.3412772 2.3886120 2.3270791 2.1853085 2.2224246 2.2690486 2.1906638 2.1647149 2.0858922 2.2065742 1.7865022 1.9995253 2.1721570 2.2505426 2.0297415 2.2389402 2.1444339 2.1462371 2.4466327 2.3715687 2.5438734 2.0203224 1.9825289 2.0685748 2.1711010 2.3507878 0.3198313 0.0060947 0.0000000 0.4075320 0.3927513 0.4363405 0.5862282 0.4490237 2.4276275 3.0123848 2.5120948 2.3546868 2.6398243 2.6296740 2.6841927 3.1172379 3.0232734 3.3453583 3.0667235 4.4286412 4.3239388 4.8883968 4.8447022 3.7148104 4.4709860 3.6927177 2.0446301 3.8066484 
Beraby_Baby_sb351498                                     1.8737672 1.7728475 1.8917316 1.8334759 1.7535377 1.8319768 1.8998839 1.8687952 1.8229634 1.9248001 1.9128748 0.0000010 1.9348441 1.8667398 1.7949087 1.8104793 1.7538546 1.8473317 1.8879934 1.7501724 1.7358136 1.8567777 1.5261384 1.7863070 1.7290047 1.7241893 1.5132347 1.8461570 1.8449501 1.7578040 1.8916512 1.8256075 1.9822802 1.7607755 1.7663041 1.8956417 1.7543389 1.8920048 0.3077431 0.3762601 0.4075320 0.0000000 0.3997945 0.4004527 0.4826582 0.4690266 2.2073982 2.2595781 2.0392468 2.1729835 2.2745998 2.2529351 2.4355196 2.9929175 2.9141655 2.5210261 2.7898212 3.1171509 4.5248505 4.7416797 4.6953843 3.2424025 4.4585973 3.5108190 2.1060813 3.7980076 
Lampan_Lpan_12629_01                                     1.6469525 1.5478204 1.7172022 1.6185683 1.5743955 1.5889564 1.6394780 1.5684026 1.5681747 1.7226262 1.6786210 1.4559865 1.6513977 1.6272730 1.6029896 1.5484375 1.5797131 1.6699143 1.6050289 1.6754338 1.6091722 1.6625526 1.3698789 1.5269097 1.5162738 1.6143208 1.4590062 1.6331431 1.6360850 1.5926939 1.7700954 1.7136171 1.8014468 1.5651905 1.6256721 1.6793978 1.6262342 1.7464716 0.2994352 0.4095692 0.3927513 0.3997945 0.0000000 0.3564775 0.4196800 0.4122787 2.0784654 1.9979901 1.9368769 1.7886761 2.0999237 2.0318533 2.2630985 2.8784918 2.6979618 2.5566084 2.7566284 2.9818076 3.9467415 4.3011518 4.1600885 3.0289105 3.8327062 3.2705570 2.0553350 3.5832582 
Pbac_sb2666325                                           1.4967602 1.4175202 1.6237683 1.5679067 1.5562223 1.4505310 1.3575100 1.4151336 1.3902172 1.5645350 1.5523238 1.4187790 1.5866474 1.5128953 1.5377834 1.5037953 1.4354325 1.4207718 1.5094695 1.4949736 1.4137801 1.6751573 1.4605486 1.4502266 1.4001392 1.5317610 1.5658121 1.5515929 1.5801550 1.5120168 1.5481978 1.5468079 1.5786731 1.5763913 1.5411078 1.6074832 1.5895861 1.5016259 0.2901006 0.5824056 0.4363405 0.4004527 0.3564775 0.0000000 0.0129971 0.4492949 1.8733717 1.9752481 1.8347309 1.6549245 1.8009151 1.9741407 2.0943220 2.5811087 2.4697966 2.4989837 2.3896045 3.1475773 3.7592427 4.1169938 3.9917338 2.9071739 3.5240625 3.0224336 1.6271400 3.6862694 
Horcal_Hcv1.av93.c1.g1321.i1                             1.9301943 1.7124872 1.9472649 1.9223998 1.7264594 1.8499503 1.8593632 1.8601153 1.8561143 1.9992397 1.9887720 1.3835254 1.9716961 1.9023999 1.8982097 1.9390837 1.7682773 1.8416181 1.7832646 1.8247691 1.7553312 1.8265763 1.6349651 1.7682819 1.7835374 1.8859604 1.5768093 1.9724611 1.8275848 1.8144375 1.9805848 1.8743223 1.8240713 1.7020874 1.6405781 1.6927430 1.7303300 1.9012069 0.4287904 0.5920532 0.5862282 0.4826582 0.4196800 0.0129971 0.0000000 0.6451979 2.2146196 2.0233161 1.8870436 1.9250160 2.1879248 2.2277666 2.4297042 3.0360568 2.8712897 2.5438791 2.9091978 3.1912078 3.9471752 4.1243382 4.2988265 2.9920307 4.0575950 3.2605573 2.1849793 3.7647578 
Coemet_Cmet_scaffold3410_01                              1.8623694 1.6764548 1.8746654 1.7342264 1.7176668 1.7414306 1.7990412 1.7285189 1.7296529 1.8848378 1.8650371 1.3349853 1.7772549 1.7657477 1.7372798 1.7271016 1.8613028 1.7606858 1.9050798 1.7763668 1.7106595 1.5810214 1.5878652 1.7343663 1.6548866 1.7578240 1.4503741 1.7295332 1.8037371 1.7446411 1.9187240 1.8293918 1.9819584 1.5522752 1.5739582 1.6215591 1.5685454 1.8315103 0.5528369 0.4485829 0.4490237 0.4690266 0.4122787 0.4492949 0.6451979 0.0000000 2.1527717 2.1659901 2.0037051 1.8374728 1.9956926 2.0315330 2.2308719 3.2960550 3.0148666 2.4070820 2.8661710 3.0414183 3.8694019 4.5854441 4.1047393 2.8282893 4.1545122 3.0755022 2.4899913 3.6678757 
Mylflu_EP00047_Mylnosiga_fluctuans_P021472               1.9261339 1.8705066 1.8470032 1.8055474 1.6379523 1.8047770 1.8708326 1.8426180 1.8221933 1.9835057 2.0165230 1.7144197 1.9586129 1.9913619 1.9395348 1.9987845 1.8268142 1.9109848 1.7881145 2.0482150 1.8938179 1.8929800 1.7750031 1.8886582 1.9461151 2.1994209 1.6192406 2.1810676 2.0920893 2.0231759 2.2090994 2.0340961 2.1884353 2.0883705 2.0619134 2.0233435 2.0307224 2.0787409 2.0412855 1.8046087 2.4276275 2.2073982 2.0784654 1.8733717 2.2146196 2.1527717 0.0000000 1.5315363 1.3857249 1.6764268 1.6857078 1.6439125 1.9606934 3.1779275 2.9802948 2.7389536 3.0523155 3.1081312 3.5637675 3.4511760 3.9452457 2.2451556 3.0487490 2.7305455 2.4293237 3.9774870 
Salmac_EP00052_Salpingoeca_macrocollata_P022630          1.9272300 1.8195799 1.7458070 1.7428964 1.8178961 1.7142357 1.5820117 1.7170693 1.7299617 1.8883551 1.8408977 1.2460887 1.8594454 1.9176919 1.8805875 1.8774083 1.7989972 1.8556097 1.7875639 1.9183829 1.8038300 1.9369715 1.6486934 1.7369032 1.7282433 1.9148913 1.7722752 1.8245075 1.7146940 1.6685833 1.9794009 1.8428344 1.8979617 1.9392410 1.9202227 1.8853964 1.9090863 1.8923341 1.9897260 2.9329879 3.0123848 2.2595781 1.9979901 1.9752481 2.0233161 2.1659901 1.5315363 0.0000000 1.1314615 1.4047435 1.4741862 1.4074053 1.8119078 3.0334456 2.7911900 2.5461262 2.7730460 2.6235762 3.6215937 4.1347175 3.8601690 2.4729541 2.8477419 2.8167468 2.6692421 3.8760103 
Salpun_EP00053_Salpingoeca_punica_P000616                1.6864632 1.5662874 1.7205733 1.6301185 1.6676200 1.5842047 1.6342104 1.5534657 1.5908584 1.6618537 1.6998780 1.2567527 1.8111270 1.7628169 1.7431128 1.8150741 1.5710184 1.6317267 1.7573538 1.7330478 1.6215707 1.9423459 1.5534613 1.6098312 1.6979928 1.8070706 1.5786757 1.6824903 1.5783441 1.5666702 1.8190997 1.7775586 1.8438757 1.8912476 1.8648610 1.8855877 1.8110196 1.7547673 1.9013201 2.3833342 2.5120948 2.0392468 1.9368769 1.8347309 1.8870436 2.0037051 1.3857249 1.1314615 0.0000000 1.4332949 1.3974055 1.4883821 1.6794125 2.8531995 2.5851596 2.3620814 2.5405721 2.5952432 3.4484720 3.7907173 3.5496827 2.2946322 2.5539280 2.4670076 2.3352627 3.8387225 
Saldol_EP00054_Salpingoeca_dolichothecata_P015646        1.7323592 1.5786003 1.6030153 1.5296752 1.4439059 1.4801165 1.4614849 1.4657033 1.4809420 1.5970644 1.6705109 1.2249618 1.6027796 1.6204924 1.6384144 1.6885042 1.6382948 1.5879670 1.6647233 1.7389047 1.6862757 1.5728167 1.5087427 1.6829745 1.6229782 1.7241783 1.4905192 1.6896718 1.6941866 1.6259577 1.8028222 1.7763864 1.8340398 1.6643337 1.6586313 1.6376405 1.6791044 1.7898337 1.8190701 1.8131594 2.3546868 2.1729835 1.7886761 1.6549245 1.9250160 1.8374728 1.6764268 1.4047435 1.4332949 0.0000000 1.3972658 1.4990673 1.7743485 2.5731749 2.4538496 2.3537424 2.5285549 2.8245415 3.6924387 3.6978362 3.5365403 2.5277670 2.9762396 2.8297351 2.4242486 3.7656633 
Salkve_EP00050_Salpingoeca_kvevrii_P011404               1.7945419 1.7443968 1.7850606 1.6426490 1.6217012 1.7037176 1.5583210 1.7035509 1.6814613 1.7927324 1.8538728 1.4338927 1.7535852 1.7770423 1.8045774 1.8690281 1.6428960 1.6999652 1.8633733 1.8106681 1.8283491 1.8274123 1.5690997 1.7487718 1.7159799 1.9100150 1.5043981 1.8049989 1.8726605 1.7888774 2.0057405 1.8009661 1.8374871 1.7277420 1.7417973 1.7626041 1.6972460 1.8634189 2.0801916 2.1021472 2.6398243 2.2745998 2.0999237 1.8009151 2.1879248 1.9956926 1.6857078 1.4741862 1.3974055 1.3972658 0.0000000 1.4465976 1.7171008 3.0559823 2.9006683 2.6458032 2.9582600 2.8406890 3.6881120 3.8051775 3.4807987 2.2747237 2.5988070 2.6492195 2.6647222 3.7277767 
Salurc_EP00051_Salpingoeca_urceolata_P016636             1.8490783 1.7355093 1.7941739 1.6959338 1.8621077 1.8105046 1.8155293 1.7842378 1.7882313 1.8881896 1.9270567 1.4581298 1.8483925 1.9641572 1.8969715 1.8877044 1.7972494 1.7580210 1.7963925 1.8950122 1.8287863 1.9638122 1.7520620 1.8747662 1.7532375 2.0126399 1.6500892 1.9152591 1.7772005 1.7206858 2.1112760 1.7586003 2.0494727 1.9502714 1.9427575 2.0449400 1.8766935 1.9049538 2.0614258 2.4497449 2.6296740 2.2529351 2.0318533 1.9741407 2.2277666 2.0315330 1.6439125 1.4074053 1.4883821 1.4990673 1.4465976 0.0000000 1.8116895 2.8687581 2.6533570 2.5797590 2.7374558 2.6810215 3.6042191 4.2268469 3.5412573 2.1778580 2.8609597 2.5667003 2.5076261 4.0876810 
Codhol_EP00042_Codosiga_hollandica_P055578               2.2290521 2.0002251 2.0010736 2.0135680 1.9734094 1.9233394 2.0008400 1.8918526 1.9685897 2.1971218 2.2177539 1.5898602 2.1909579 2.2402650 2.1576721 2.2312861 2.0010792 2.0665047 2.0757630 2.2097281 2.0824094 2.2169251 1.7898343 2.0640697 1.9823595 2.2251242 1.6869788 2.0552160 2.1443478 2.1084356 2.2397672 2.3903555 2.3354032 2.0475952 2.0385002 2.0742711 2.0309276 2.1324437 2.2605189 1.8909784 2.6841927 2.4355196 2.2630985 2.0943220 2.4297042 2.2308719 1.9606934 1.8119078 1.6794125 1.7743485 1.7171008 1.8116895 0.0000000 3.4506419 3.3346064 2.7895943 3.4181657 2.9285928 3.8075669 4.0171475 3.8659474 2.7574954 3.7126477 3.4033654 3.2858627 4.4207347 
Tadh_TriadT64202                                         2.3312723 2.1618523 2.2180557 2.1819081 1.9774778 2.2214189 2.3228620 2.2567335 2.2957283 2.1109845 2.1370376 3.2878281 2.2246230 2.2410414 2.2035980 2.3294279 2.0822588 2.1138718 2.2139150 2.3160389 2.2774361 2.3588343 2.3434400 2.5168650 2.3459446 2.3861812 2.1907533 2.3203297 2.3368226 2.2842275 2.5630522 2.3375825 2.3270347 2.3592800 2.3912772 2.4937840 2.3875533 2.3196396 2.9101604 3.7402977 3.1172379 2.9929175 2.8784918 2.5811087 3.0360568 3.2960550 3.1779275 3.0334456 2.8531995 2.5731749 3.0559823 2.8687581 3.4506419 0.0000000 0.0102863 0.5005427 0.5406014 4.4897212 4.2872894 4.4084790 4.2761073 3.8585330 4.9390870 3.8988256 2.2666508 3.9756823 
TrH2_TrispH2_000246-RA                                   2.2202910 2.0680808 2.1070754 2.0906607 1.9410782 2.1195964 2.2321283 2.1158380 2.1521280 2.0498662 2.0650106 2.3429426 2.1323925 2.1586706 2.1227730 2.1802172 2.0080591 2.0057828 2.1502534 2.1823173 2.1321232 2.1953509 2.1964367 2.3618215 2.2086314 2.2775912 2.0409478 2.2425507 2.2164001 2.2026160 2.3574540 2.2845479 2.2192419 2.2195990 2.2462298 2.3606647 2.2342789 2.2167949 2.7372155 3.3045388 3.0232734 2.9141655 2.6979618 2.4697966 2.8712897 3.0148666 2.9802948 2.7911900 2.5851596 2.4538496 2.9006683 2.6533570 3.3346064 0.0102863 0.0000000 0.4603151 0.5079269 4.1473288 4.3963246 4.6373509 4.4576453 3.7633114 4.8538077 4.0019553 2.3159114 4.2019024 
