59
Hsap_ENST00000255882                              0.0000000 0.9631894 1.0801735 1.1587773 0.7188855 0.9023929 1.1505345 2.0222999 1.8951011 0.9814551 0.8360429 1.7499486 1.7362035 1.7114158 1.7368577 1.7103487 1.7142502 1.7164203 1.9054886 0.8411038 1.0333059 1.4014727 1.0181493 1.0083362 1.1454163 1.2615747 1.2623708 0.9002354 1.2061275 2.4293927 1.3577016 1.2806063 1.4096029 1.2230756 1.2196794 1.2040841 1.3430108 1.2297823 1.4526597 1.6124732 1.8370209 0.7827177 1.9020980 1.9046476 1.3365216 0.9476056 1.1941331 1.5359531 1.0763642 1.7393706 2.1532161 1.9492206 1.9612951 1.7174597 1.6634101 1.0971536 1.8817704 2.0313995 1.8916508 
Bralan_BLAG90000841_2                             0.9631894 0.0000000 1.0520444 1.1297093 0.6300230 0.8583202 1.1751840 2.1192203 1.9750056 0.9906659 0.9063415 1.7167308 1.6984923 1.6472750 1.6683829 1.6487859 1.6497430 1.6207799 1.9471001 0.8879361 1.0813159 1.5741960 1.1105608 1.0702381 1.1803921 1.2430690 1.2543235 0.8497306 1.2597718 2.3562927 1.3078895 1.2392076 1.3161604 1.1719493 1.1669399 1.1800295 1.3018803 1.1141883 1.4095034 1.5449323 1.8240924 0.7896956 1.7469905 1.7566811 1.2519440 0.8359325 1.1511484 1.5532355 0.9669472 1.7185134 2.0927298 1.8685782 1.7641844 1.7163929 1.6850233 1.1499748 1.9119185 1.9021403 1.8804655 
Ctel_gnl_WGS_AMQN_CAPTEDRAFT_mRNA184437           1.0801735 1.0520444 0.0000000 0.9121747 0.6064940 0.8918875 1.0969827 2.1918664 2.0461529 1.1033542 0.9478775 1.7605983 1.7534784 1.7408469 1.7589550 1.7302393 1.7289418 1.7099468 1.9309961 0.8756628 0.9903049 1.4365310 1.0290351 0.9593575 1.1568321 1.2599299 1.2847067 0.8616247 1.1829445 2.4377160 1.3338672 1.2716419 1.3438551 1.2464633 1.2517746 1.2409477 1.3658613 1.2467596 1.5717645 1.7791128 1.8621863 0.8190632 1.9553240 1.9610572 1.3081306 0.9851761 1.1421000 1.5403986 1.0537642 1.7635865 2.3017476 2.0023936 2.2009221 1.7652364 1.7370898 1.2279123 1.9062937 2.0600325 1.9116877 
Cgig_XM_034480392.1                               1.1587773 1.1297093 0.9121747 0.0000000 0.6286596 0.9586016 1.0983644 2.1439556 1.9773097 1.0691710 1.0518854 1.8275215 1.8208182 1.7760870 1.7826698 1.8068461 1.8061698 1.7611195 2.0227368 0.7804880 1.0855694 1.6661865 1.1293519 1.0932317 1.2279708 1.3402444 1.3652722 0.9134231 1.2124460 2.5254519 1.4013097 1.3496713 1.4277050 1.3197952 1.3136580 1.2891010 1.4466365 1.2834551 1.5516465 1.7472559 1.9624688 1.0106361 1.9380272 1.9737782 1.4206461 1.0379238 1.2382455 1.5860812 1.1953809 1.9063868 2.2320600 2.0739142 2.1858653 1.8683653 1.8477399 1.2950784 1.9285252 2.3234718 2.0662690 
Acagra_model.g14160.t1                            0.7188855 0.6300230 0.6064940 0.6286596 0.0000000 0.6710803 0.6893278 1.2918333 1.2561454 1.0250354 0.8810756 1.0827940 1.0719691 1.0730756 1.0866842 1.0721686 1.0651044 1.0891085 1.4610690 0.8382999 1.0596631 1.4035540 1.1305043 1.0997976 1.1880062 1.3179736 1.3360505 0.9088038 1.2293766 1.6910493 0.7814498 0.8078619 0.7551213 0.7508709 0.7437728 0.7364104 0.9468787 0.7041008 0.8568403 0.9463831 0.9979990 0.7487027 1.0256520 1.0477556 1.0118598 0.7294997 0.7437823 1.0160667 0.6470552 1.1183900 1.2902702 1.2794226 1.8184089 1.3274193 1.2816902 1.1333679 1.3727005 1.8095501 1.7017498 
Cscu_XM_023366259.1                               0.9023929 0.8583202 0.8918875 0.9586016 0.6710803 0.0000000 0.6623340 1.8410100 1.8216722 0.9833546 0.8735510 1.6335653 1.6160601 1.5978547 1.6192446 1.5968445 1.6028229 1.5974450 1.9123659 0.8883316 1.1831267 1.5965860 1.0887052 1.0936048 1.1415428 1.2769968 1.2893690 0.8377730 1.2186373 2.1802168 1.1285526 1.0851186 1.1823876 1.0256225 1.0333731 1.0386834 1.2066136 1.0077798 1.2605111 1.4349343 1.6205188 0.7625659 1.5547555 1.5447399 1.2331723 0.7431423 0.7788664 1.4932791 0.9150283 1.5244712 1.9947805 1.9372182 2.1211922 1.8523911 1.8386506 1.3294378 1.9424108 2.1464994 1.7012353 
Tcas_TC014935_001                                 1.1505345 1.1751840 1.0969827 1.0983644 0.6893278 0.6623340 0.0000000 2.0886118 1.9422930 0.9701086 0.8426121 1.8110020 1.7913747 1.7774754 1.7716199 1.8231158 1.8225161 1.7687073 1.8991935 0.7573423 1.0527688 1.5242604 1.0589400 1.0342119 1.0945852 1.1934861 1.2077557 0.8214042 1.1542074 2.3438389 1.4514329 1.3722878 1.4783000 1.3397659 1.3689484 1.3475668 1.5150764 1.3159487 1.5508164 1.7380316 1.9938485 0.8172817 1.9915574 1.9897926 1.2882758 0.9699949 0.8899870 1.5484187 1.1733116 1.8447257 2.2346767 1.9955553 2.0665609 1.7705597 1.7293679 1.2352370 1.9726621 2.2126735 2.1339522 
Lcom_lcpid10015                                   2.0222999 2.1192203 2.1918664 2.1439556 1.2918333 1.8410100 2.0886118 0.0000000 0.3370897 0.1285916 0.4336926 2.3783283 2.3606998 2.3465957 2.3665270 2.3835613 2.3923690 2.3586734 2.5106285 1.1736581 1.3903999 1.9322132 1.3494551 1.3457286 1.6647636 1.6687008 1.6889631 1.1920786 1.5383740 3.1070837 2.1091617 2.0217910 2.0341797 2.0538707 2.0228792 1.9960860 2.2354672 2.0017683 2.2820151 2.3943161 2.4214469 1.0400408 2.7737375 2.7038487 1.6236579 1.9291024 2.1339328 1.8109061 2.1160761 2.0355620 2.6430963 2.3654332 2.4452485 2.0136164 1.9423542 1.3863127 2.2998997 2.5519561 2.3336889 
Gracom_Gcom_C561592_01                            1.8951011 1.9750056 2.0461529 1.9773097 1.2561454 1.8216722 1.9422930 0.3370897 0.0000000 0.1349949 0.4433756 2.2735155 2.2678715 2.2992834 2.3034668 2.2942379 2.3009754 2.2875669 2.5053289 1.1898844 1.4303967 1.9523988 1.3424601 1.4055194 1.6663044 1.7496299 1.7725610 1.1638973 1.6053599 2.9431309 1.9852758 1.8431382 1.9102093 1.9077098 1.8676718 1.8112152 2.1908201 1.8744251 2.1596048 2.2076020 2.2782691 1.0570867 2.5819621 2.5164102 1.6840634 1.8300889 1.9829858 1.8685286 1.9365045 1.9838487 2.5904393 2.4314286 2.5775970 2.0274386 1.9115888 1.3951861 2.2514808 2.1781525 2.1146238 
Leuniv_Lniv_scaffold23855_01                      0.9814551 0.9906659 1.1033542 1.0691710 1.0250354 0.9833546 0.9701086 0.1285916 0.1349949 0.0000000 0.4389846 1.1196096 1.1159901 1.1304217 1.1400107 1.1566216 1.1527434 1.1063110 1.5921331 1.1679923 1.4561420 1.6455201 1.3505156 1.4253851 1.6759460 1.6257231 1.6404424 1.2214734 1.5559515 1.6369905 0.9457915 0.9519518 0.9891746 0.9759117 0.9499245 0.9236721 1.2173130 0.9903283 0.9769039 0.9823626 1.0437693 0.9942188 1.2243297 1.2158542 1.1178049 1.0401114 1.0496583 1.0964907 0.9427069 0.9551213 1.2110724 1.2182387 1.5984714 1.1553461 1.1562856 1.1843163 1.2284894 2.4060594 1.2110111 
Clacor_Ccor_scaffold15455_01                      0.8360429 0.9063415 0.9478775 1.0518854 0.8810756 0.8735510 0.8426121 0.4336926 0.4433756 0.4389846 0.0000000 1.0214125 0.9929033 1.0098252 0.9995661 1.0003645 1.0026766 1.0078432 1.2796479 0.9787600 1.1121482 1.3200807 1.1435731 1.1509352 1.4021958 1.4322459 1.4425166 1.0541411 1.4478660 1.4805122 0.8520831 0.8336624 0.8888846 0.8346250 0.7899425 0.7731096 1.0429685 0.8779970 0.8670275 0.9002083 0.9494707 1.0267091 1.1052880 1.1156680 1.0422564 0.9350932 0.9134373 0.9898650 0.8236056 0.8862513 1.1473686 1.1341324 1.6334337 1.0306113 1.0439100 1.0692660 1.1527564 1.8273609 1.2537299 
Tadh_TriadT55997                                  1.7499486 1.7167308 1.7605983 1.8275215 1.0827940 1.6335653 1.8110020 2.3783283 2.2735155 1.1196096 1.0214125 0.0000000 0.0053960 0.1805249 0.1834915 0.1797552 0.1809776 0.1777856 2.0563347 0.9383824 1.1413011 1.5439122 1.0625903 1.0931535 1.2158671 1.3294838 1.3403288 0.8624420 1.1673847 2.6075492 1.8125738 1.7260696 1.8000833 1.6442540 1.6273548 1.6354235 1.8717402 1.6627492 1.8214980 1.9375087 2.1325015 0.9930449 2.2999537 2.2923372 1.4938908 1.6065463 1.8651537 1.6788711 1.7115592 2.0574513 2.5085776 2.1641292 2.0097947 1.9292486 1.8905743 1.2933599 2.1600670 2.7417472 2.4014187 
TrH2_TrispH2_004364-RA                            1.7362035 1.6984923 1.7534784 1.8208182 1.0719691 1.6160601 1.7913747 2.3606998 2.2678715 1.1159901 0.9929033 0.0053960 0.0000000 0.1743428 0.1772894 0.1729567 0.1741689 0.1703371 2.0300423 0.8936144 1.0955581 1.5159241 1.0272185 1.0403533 1.1727896 1.3145815 1.3249047 0.8336129 1.1306535 2.5910601 1.7720326 1.6943317 1.7710807 1.6205890 1.6024673 1.6115848 1.8727198 1.6695759 1.7909556 1.9085425 2.0996843 0.8207003 2.2801315 2.2696241 1.4543678 1.5855180 1.8516964 1.6811666 1.7172704 2.0385039 2.4677844 2.1312436 2.0206036 1.9063668 1.8686377 1.2512420 2.1335608 2.7417472 2.4045879 
HoiH06_mRNA2701                                   1.7114158 1.6472750 1.7408469 1.7760870 1.0730756 1.5978547 1.7774754 2.3465957 2.2992834 1.1304217 1.0098252 0.1805249 0.1743428 0.0000000 0.0342024 0.0816996 0.0799521 0.1109640 2.0240169 0.8829514 1.1012674 1.5226373 1.0103297 1.0502063 1.1705458 1.3091174 1.3193401 0.8373730 1.1426617 2.5342783 1.7663145 1.7180210 1.7848011 1.6147184 1.6029270 1.6109171 1.8884877 1.6617043 1.7695740 1.8790528 2.0993712 0.8207003 2.2595450 2.2766282 1.4821354 1.5931300 1.8189395 1.6448754 1.7145561 2.0345717 2.5101752 2.1587218 1.9419982 1.8666005 1.8696871 1.2273282 2.1252589 2.4464828 2.4902830 
HoiH23_PlH23_006140-RA                            1.7368577 1.6683829 1.7589550 1.7826698 1.0866842 1.6192446 1.7716199 2.3665270 2.3034668 1.1400107 0.9995661 0.1834915 0.1772894 0.0342024 0.0000000 0.0783653 0.0771741 0.1077255 2.0560487 0.8829514 1.0872725 1.5274815 1.0093486 1.0323363 1.1567432 1.3085157 1.3187061 0.8373730 1.1249595 2.5577398 1.7884381 1.7352360 1.7899287 1.6150660 1.6154075 1.6199660 1.8890992 1.6734599 1.7897542 1.8888802 2.0958979 0.8207003 2.2662189 2.2909001 1.4610304 1.5950443 1.8044952 1.6582522 1.7150274 2.0481137 2.5046019 2.1795340 1.9119514 1.8933601 1.8925700 1.2376296 2.1086352 2.5025015 2.5003512 
Hhon_g07995.t1                                    1.7103487 1.6487859 1.7302393 1.8068461 1.0721686 1.5968445 1.8231158 2.3835613 2.2942379 1.1566216 1.0003645 0.1797552 0.1729567 0.0816996 0.0783653 0.0000000 0.0031758 0.1106863 2.0859110 0.8710800 1.0805818 1.5599000 1.0248013 1.0394748 1.1746032 1.3181173 1.3286050 0.8076603 1.1142591 2.6028578 1.7576999 1.7242396 1.7773807 1.6183886 1.6019983 1.6081456 1.8718282 1.6584700 1.7636301 1.9034868 2.1185052 0.8025271 2.2371182 2.2530278 1.4728130 1.6115720 1.8290897 1.6275495 1.7214723 2.0324875 2.5355477 2.1704705 1.9193907 1.8744552 1.8720343 1.2304782 2.1192662 2.5388493 2.4484559 
HoiH04_mRNA1164                                   1.7142502 1.6497430 1.7289418 1.8061698 1.0651044 1.6028229 1.8225161 2.3923690 2.3009754 1.1527434 1.0026766 0.1809776 0.1741689 0.0799521 0.0771741 0.0031758 0.0000000 0.1100625 2.0842173 0.8710800 1.0868981 1.5624454 1.0271572 1.0422081 1.1738202 1.3224018 1.3330000 0.8076603 1.1191557 2.6082564 1.7589195 1.7256419 1.7815914 1.6225463 1.6041469 1.6117685 1.8765004 1.6632955 1.7685116 1.9055271 2.1208168 0.8025271 2.2383731 2.2540983 1.4688139 1.6132988 1.8284047 1.6351223 1.7220426 2.0336070 2.5345260 2.1702015 1.9083235 1.8847277 1.8820034 1.2329719 2.1195332 2.5388493 2.4523753 
HoiH11_mRNA7973                                   1.7164203 1.6207799 1.7099468 1.7611195 1.0891085 1.5974450 1.7687073 2.3586734 2.2875669 1.1063110 1.0078432 0.1777856 0.1703371 0.1109640 0.1077255 0.1106863 0.1100625 0.0000000 2.0487898 0.8705396 1.0755462 1.5269203 1.0185087 1.0234219 1.1659334 1.3164746 1.3269205 0.8238396 1.1167522 2.5575904 1.7362729 1.6804251 1.7955783 1.6041966 1.5940040 1.5982966 1.8482080 1.6539479 1.7736410 1.8989002 2.0928271 0.7982299 2.2290000 2.2444311 1.4941976 1.5724078 1.8126973 1.6551690 1.6925167 2.0339854 2.5511206 2.1813063 1.9253678 1.9140464 1.8966009 1.2447293 2.0948143 2.6675899 2.4903950 
Mlei_ML1959.g14.i1                                1.9054886 1.9471001 1.9309961 2.0227368 1.4610690 1.9123659 1.8991935 2.5106285 2.5053289 1.5921331 1.2796479 2.0563347 2.0300423 2.0240169 2.0560487 2.0859110 2.0842173 2.0487898 0.0000000 0.0134542 0.1092382 0.1714357 0.1851615 0.2599374 0.2879154 0.3422772 0.3478239 0.4334398 0.3542334 0.4582907 1.7326115 1.7344531 1.7647997 1.7325552 1.7043515 1.7145952 1.9894488 1.7216107 1.9013951 1.9609005 2.2258779 1.1123327 2.2240835 2.2316806 1.7480651 1.8449054 1.9885046 2.0727248 1.8252366 2.0432865 2.5602087 2.5253874 2.5192922 2.1560592 2.0920815 1.5351875 2.2438105 3.4550282 2.8133067 
Vmul_sbMO389661                                   0.8411038 0.8879361 0.8756628 0.7804880 0.8382999 0.8883316 0.7573423 1.1736581 1.1898844 1.1679923 0.9787600 0.9383824 0.8936144 0.8829514 0.8829514 0.8710800 0.8710800 0.8705396 0.0134542 0.0000000 0.0836336 0.1157692 0.1187717 0.2072798 0.2286703 0.2876371 0.2966709 0.4433242 0.3190212 0.3308445 0.8223705 0.8190368 0.8004400 0.7966048 0.8226035 0.8206052 4.6957591 0.9011849 0.8141139 0.8430814 0.9835389 1.1165227 0.8791514 0.9018197 0.9384865 0.8494962 0.8133914 0.8955208 0.8070262 1.0071199 1.0403288 1.0847306 9.0000000 1.0597054 1.0483982 1.0218458 1.0912125 3.8883278 9.0000000 
Bolinf_Binf_sb1261703                             1.0333059 1.0813159 0.9903049 1.0855694 1.0596631 1.1831267 1.0527688 1.3903999 1.4303967 1.4561420 1.1121482 1.1413011 1.0955581 1.1012674 1.0872725 1.0805818 1.0868981 1.0755462 0.1092382 0.0836336 0.0000000 0.1575118 0.1873002 0.2532166 0.3038288 0.3408901 0.3485383 0.4124743 0.3641856 0.3763477 0.9272240 0.9046467 0.9267654 0.9124735 0.9061763 0.9084116 1.4661581 1.0286239 1.0367123 1.0118586 1.1101788 1.0453454 1.0774215 1.0979500 1.1701422 1.1529006 1.1479295 1.1431827 1.1074796 1.1302261 1.1407992 1.1646987 1.4928691 1.0987618 1.1379304 1.0686900 1.1846866 3.8883278 2.9921573 
Beraby_Baby_sb333146                              1.4014727 1.5741960 1.4365310 1.6661865 1.4035540 1.5965860 1.5242604 1.9322132 1.9523988 1.6455201 1.3200807 1.5439122 1.5159241 1.5226373 1.5274815 1.5599000 1.5624454 1.5269203 0.1714357 0.1157692 0.1575118 0.0000000 0.1880317 0.2154736 0.2890815 0.3494020 0.3582435 0.3951598 0.3533230 0.3704200 1.1616572 1.3435257 1.3708849 1.3325842 1.3333092 1.3407212 1.7537427 1.2662248 1.5487528 1.5036697 1.6994852 0.9673019 1.6551264 1.6964422 1.7297597 1.5144209 1.5829133 1.7991390 1.4892267 1.5995530 1.8245587 1.8504855 2.7288643 1.8311851 1.7900574 1.5169037 1.6390006 3.2838412 2.4351651 
Drygla_Dgla_sb299432                              1.0181493 1.1105608 1.0290351 1.1293519 1.1305043 1.0887052 1.0589400 1.3494551 1.3424601 1.3505156 1.1435731 1.0625903 1.0272185 1.0103297 1.0093486 1.0248013 1.0271572 1.0185087 0.1851615 0.1187717 0.1873002 0.1880317 0.0000000 0.2804860 0.2830525 0.3081266 0.3133206 0.4163357 0.3631757 0.3636355 1.0561495 0.9877548 0.9874993 0.9771547 0.9642590 0.9651943 1.2676907 1.0686625 1.0577528 1.0575474 1.0835750 1.1537218 1.1361247 1.1529976 1.2170177 1.0973670 1.1326413 1.0915169 1.0658630 1.1435573 1.2803535 1.2941418 1.5021814 1.2168133 1.2405640 1.1695217 1.2901815 5.2034167 2.0524359 
Mertsp_Mesp_sb577974                              1.0083362 1.0702381 0.9593575 1.0932317 1.0997976 1.0936048 1.0342119 1.3457286 1.4055194 1.4253851 1.1509352 1.0931535 1.0403533 1.0502063 1.0323363 1.0394748 1.0422081 1.0234219 0.2599374 0.2072798 0.2532166 0.2154736 0.2804860 0.0000000 0.3331417 0.3756759 0.3801167 0.4759971 0.4215915 0.4257954 0.9662131 0.9256856 0.9163148 0.9211338 0.9292003 0.9368245 1.3694632 1.0150825 1.0433074 1.0151165 1.0388628 1.0239905 1.0751716 1.0792127 1.1382045 1.0487114 1.1606963 1.0879499 1.0396768 1.1161511 1.2122804 1.2257663 1.4239157 1.1602250 1.1861286 1.1198000 1.1672258 3.5717149 1.4542739 
Lampan_Lpan_9818_01                               1.1454163 1.1803921 1.1568321 1.2279708 1.1880062 1.1415428 1.0945852 1.6647636 1.6663044 1.6759460 1.4021958 1.2158671 1.1727896 1.1705458 1.1567432 1.1746032 1.1738202 1.1659334 0.2879154 0.2286703 0.3038288 0.2890815 0.2830525 0.3331417 0.0000000 0.2729311 0.2763462 0.3581195 0.4322141 0.4345580 1.0377031 1.0957275 1.0976540 1.1053691 1.1290304 1.1378622 1.6290942 1.1794346 1.1781361 1.1819328 1.2592222 1.0732282 1.3294471 1.3510345 1.4340429 1.1633093 1.1953605 1.2187474 1.1945118 1.3400547 1.4618735 1.4944731 2.1340718 1.4240591 1.4178272 1.4127198 1.3680639 3.8011134 2.0117176 
Coeast_Cast_sb789655                              1.2615747 1.2430690 1.2599299 1.3402444 1.3179736 1.2769968 1.1934861 1.6687008 1.7496299 1.6257231 1.4322459 1.3294838 1.3145815 1.3091174 1.3085157 1.3181173 1.3224018 1.3164746 0.3422772 0.2876371 0.3408901 0.3494020 0.3081266 0.3756759 0.2729311 0.0000000 0.0019233 0.3898725 0.4575825 0.4636703 1.0146728 1.2181038 1.1991770 1.1887699 1.1993103 1.1814561 1.6392964 1.2155252 1.2384969 1.2502194 1.3320064 0.9881763 1.3197813 1.3073925 1.4181081 1.2636464 1.3318972 1.3678743 1.3131757 1.4083003 1.5593607 1.5918376 2.6528712 1.5483134 1.5187749 1.4362700 1.4971649 3.4174924 2.9300388 
Coemet_Cmet_scaffold867_01                        1.2623708 1.2543235 1.2847067 1.3652722 1.3360505 1.2893690 1.2077557 1.6889631 1.7725610 1.6404424 1.4425166 1.3403288 1.3249047 1.3193401 1.3187061 1.3286050 1.3330000 1.3269205 0.3478239 0.2966709 0.3485383 0.3582435 0.3133206 0.3801167 0.2763462 0.0019233 0.0000000 0.3788863 0.4622715 0.4680404 1.0191805 1.2293075 1.2128857 1.1993055 1.2101560 1.1917994 1.6476963 1.2235275 1.2551560 1.2672507 1.3534092 0.9881763 1.3434057 1.3262716 1.4297260 1.2785928 1.3418785 1.3914535 1.3298776 1.4246436 1.5858539 1.6229418 2.6772033 1.5476766 1.5143679 1.4558598 1.5267400 3.4174924 2.9714497 
Eupdun_Edun_sb10618055                            0.9002354 0.8497306 0.8616247 0.9134231 0.9088038 0.8377730 0.8214042 1.1920786 1.1638973 1.2214734 1.0541411 0.8624420 0.8336129 0.8373730 0.8373730 0.8076603 0.8076603 0.8238396 0.4334398 0.4433242 0.4124743 0.3951598 0.4163357 0.4759971 0.3581195 0.3898725 0.3788863 0.0000000 0.5339508 0.5347013 0.8317980 0.8016081 0.7797840 0.7907921 0.8046865 0.8046865 4.4475989 0.8758028 0.8402317 0.8506619 0.9078831 1.1773388 0.8908432 0.8936113 1.0065477 0.8536679 0.8377042 0.9523448 0.7613470 0.9334303 1.1328483 1.1368248 0.0000010 1.0486944 1.0202459 1.0563714 1.1222630 4.1706534 0.0000010 
Pbac_sb2667248                                    1.2061275 1.2597718 1.1829445 1.2124460 1.2293766 1.2186373 1.1542074 1.5383740 1.6053599 1.5559515 1.4478660 1.1673847 1.1306535 1.1426617 1.1249595 1.1142591 1.1191557 1.1167522 0.3542334 0.3190212 0.3641856 0.3533230 0.3631757 0.4215915 0.4322141 0.4575825 0.4622715 0.5339508 0.0000000 0.0082334 1.0645346 1.1515008 1.1138846 1.1270304 1.1674323 1.1606921 1.5155023 1.1967879 1.2337845 1.1978447 1.3133382 1.1890549 1.3567515 1.3464123 1.4039273 1.2367036 1.2644230 1.3262259 1.2418841 1.3848592 1.3392959 1.3748869 1.8714265 1.3713703 1.3881662 1.3563671 1.3626645 3.5910891 2.2338721 
Horcal_Hcv1.av93.c3.g349.i1                       2.4293927 2.3562927 2.4377160 2.5254519 1.6910493 2.1802168 2.3438389 3.1070837 2.9431309 1.6369905 1.4805122 2.6075492 2.5910601 2.5342783 2.5577398 2.6028578 2.6082564 2.5575904 0.4582907 0.3308445 0.3763477 0.3704200 0.3636355 0.4257954 0.4345580 0.4636703 0.4680404 0.5347013 0.0082334 0.0000000 2.2823082 2.2563953 2.3237974 2.2233853 2.2565077 2.2405159 2.4762514 2.2899011 2.4326368 2.5633911 2.8199011 1.1894650 2.6828194 2.6516326 1.8217786 2.3033566 2.4425324 2.3259040 2.3518176 2.6292556 2.8649502 2.6649431 2.6234004 2.1882960 2.1056052 1.5367748 2.5263108 3.7868432 3.1720343 
Exapal_XM_028658872.1                             1.3577016 1.3078895 1.3338672 1.4013097 0.7814498 1.1285526 1.4514329 2.1091617 1.9852758 0.9457915 0.8520831 1.8125738 1.7720326 1.7663145 1.7884381 1.7576999 1.7589195 1.7362729 1.7326115 0.8223705 0.9272240 1.1616572 1.0561495 0.9662131 1.0377031 1.0146728 1.0191805 0.8317980 1.0645346 2.2823082 0.0000000 0.5039037 0.7079596 0.6242649 0.5957087 0.5880198 0.7253986 0.6482684 1.1928309 1.3903952 1.6714052 0.5579837 1.6890052 1.6950911 0.9447965 1.2207646 1.4742228 1.3685423 1.3931515 1.6063856 2.2694267 1.9054885 1.6214524 1.5902343 1.5531608 0.9818584 2.0233185 3.6497425 1.9849075 
Nvec_v1g165173                                    1.2806063 1.2392076 1.2716419 1.3496713 0.8078619 1.0851186 1.3722878 2.0217910 1.8431382 0.9519518 0.8336624 1.7260696 1.6943317 1.7180210 1.7352360 1.7242396 1.7256419 1.6804251 1.7344531 0.8190368 0.9046467 1.3435257 0.9877548 0.9256856 1.0957275 1.2181038 1.2293075 0.8016081 1.1515008 2.2563953 0.5039037 0.0000000 0.6572912 0.5690014 0.5544340 0.5379726 0.6423783 0.5852192 1.1300459 1.2465583 1.6271822 0.6215874 1.6736677 1.6781018 1.1499757 1.1139841 1.3921262 1.4521397 1.2958159 1.5663233 2.1855594 1.9028519 1.9388574 1.6473128 1.5929546 1.0961993 1.9273900 2.0561539 1.8032293 
Adig_XM_015901701.1                               1.4096029 1.3161604 1.3438551 1.4277050 0.7551213 1.1823876 1.4783000 2.0341797 1.9102093 0.9891746 0.8888846 1.8000833 1.7710807 1.7848011 1.7899287 1.7773807 1.7815914 1.7955783 1.7647997 0.8004400 0.9267654 1.3708849 0.9874993 0.9163148 1.0976540 1.1991770 1.2128857 0.7797840 1.1138846 2.3237974 0.7079596 0.6572912 0.0000000 0.2129833 0.2749834 0.2687445 0.2798316 0.0350405 1.1875350 1.3787887 1.6651478 0.5802532 1.7537685 1.7750738 1.0796064 1.2511807 1.4822603 1.2973073 1.4215941 1.7230229 2.3414163 1.8983108 2.1126754 1.6143935 1.5733868 1.0514754 1.7779070 1.9987729 1.9491058 
Gfas_gfas1.m1.402.m1                              1.2230756 1.1719493 1.2464633 1.3197952 0.7508709 1.0256225 1.3397659 2.0538707 1.9077098 0.9759117 0.8346250 1.6442540 1.6205890 1.6147184 1.6150660 1.6183886 1.6225463 1.6041966 1.7325552 0.7966048 0.9124735 1.3325842 0.9771547 0.9211338 1.1053691 1.1887699 1.1993055 0.7907921 1.1270304 2.2233853 0.6242649 0.5690014 0.2129833 0.0000000 0.1744151 0.1605281 0.1770324 0.1751827 1.0806048 1.2417421 1.5373305 0.5463747 1.5974449 1.5840682 1.0854113 1.0912576 1.3393540 1.2734151 1.2076833 1.5445634 2.1889076 1.8131783 1.8847374 1.5917965 1.5659290 1.0194783 1.7894287 2.0764633 1.6917286 
Spis_XP_022802324_1                               1.2196794 1.1669399 1.2517746 1.3136580 0.7437728 1.0333731 1.3689484 2.0228792 1.8676718 0.9499245 0.7899425 1.6273548 1.6024673 1.6029270 1.6154075 1.6019983 1.6041469 1.5940040 1.7043515 0.8226035 0.9061763 1.3333092 0.9642590 0.9292003 1.1290304 1.1993103 1.2101560 0.8046865 1.1674323 2.2565077 0.5957087 0.5544340 0.2749834 0.1744151 0.0000000 0.0492929 0.1679619 0.2335552 1.0820159 1.2498234 1.5524201 0.5612924 1.5649492 1.5471600 1.0627610 1.0895484 1.3466523 1.2906744 1.2080647 1.5140089 2.1587219 1.8243272 1.9749201 1.6332930 1.5933119 0.9938436 1.8738291 2.0467981 1.7588756 
Pocdam_XM_027184895.1                             1.2040841 1.1800295 1.2409477 1.2891010 0.7364104 1.0386834 1.3475668 1.9960860 1.8112152 0.9236721 0.7731096 1.6354235 1.6115848 1.6109171 1.6199660 1.6081456 1.6117685 1.5982966 1.7145952 0.8206052 0.9084116 1.3407212 0.9651943 0.9368245 1.1378622 1.1814561 1.1917994 0.8046865 1.1606921 2.2405159 0.5880198 0.5379726 0.2687445 0.1605281 0.0492929 0.0000000 0.1601612 0.2293214 1.0537933 1.2098910 1.5152443 0.5612924 1.5483983 1.5378390 1.0519027 1.0832826 1.3297628 1.2895904 1.1811058 1.4973218 2.1315701 1.8082809 1.9732989 1.6301089 1.5835656 0.9917069 1.8697333 2.0859299 1.7077429 
Fspp_ffun1.m4.11127.m1                            1.3430108 1.3018803 1.3658613 1.4466365 0.9468787 1.2066136 1.5150764 2.2354672 2.1908201 1.2173130 1.0429685 1.8717402 1.8727198 1.8884877 1.8890992 1.8718282 1.8765004 1.8482080 1.9894488 4.6957591 1.4661581 1.7537427 1.2676907 1.3694632 1.6290942 1.6392964 1.6476963 4.4475989 1.5155023 2.4762514 0.7253986 0.6423783 0.2798316 0.1770324 0.1679619 0.1601612 0.0000000 0.2446500 1.2198026 1.4055645 1.8019926 2.6630873 1.7616117 1.7595083 1.4236980 1.1695279 1.4640495 1.7088364 1.2922747 1.7258741 2.4257787 2.1274879 1.8175752 1.9658575 1.9205091 1.2537115 2.0584938 1.6437677 1.6861713 
Amil_Amillepora25089-RA                           1.2297823 1.1141883 1.2467596 1.2834551 0.7041008 1.0077798 1.3159487 2.0017683 1.8744251 0.9903283 0.8779970 1.6627492 1.6695759 1.6617043 1.6734599 1.6584700 1.6632955 1.6539479 1.7216107 0.9011849 1.0286239 1.2662248 1.0686625 1.0150825 1.1794346 1.2155252 1.2235275 0.8758028 1.1967879 2.2899011 0.6482684 0.5852192 0.0350405 0.1751827 0.2335552 0.2293214 0.2446500 0.0000000 1.0701799 1.2395310 1.4900890 0.7580524 1.6204262 1.6349419 0.9908119 1.0766962 1.3250280 1.1692804 1.2280862 1.5224723 2.1570851 1.7644141 1.6630766 1.4846581 1.4563258 1.0325099 1.8051071 1.9790542 1.7349615 
Dgig_XM_028547829.1                               1.4526597 1.4095034 1.5717645 1.5516465 0.8568403 1.2605111 1.5508164 2.2820151 2.1596048 0.9769039 0.8670275 1.8214980 1.7909556 1.7695740 1.7897542 1.7636301 1.7685116 1.7736410 1.9013951 0.8141139 1.0367123 1.5487528 1.0577528 1.0433074 1.1781361 1.2384969 1.2551560 0.8402317 1.2337845 2.4326368 1.1928309 1.1300459 1.1875350 1.0806048 1.0820159 1.0537933 1.2198026 1.0701799 0.0000000 0.3820120 1.7835200 0.4336744 1.8163139 1.8409170 1.0807852 1.3702269 1.5616937 1.4547965 1.5053479 1.6853208 2.3460961 2.0314775 1.8920835 1.6728491 1.6870069 1.0749366 1.9420555 2.6526702 2.0663972 
Xesp_000984-T1                                    1.6124732 1.5449323 1.7791128 1.7472559 0.9463831 1.4349343 1.7380316 2.3943161 2.2076020 0.9823626 0.9002083 1.9375087 1.9085425 1.8790528 1.8888802 1.9034868 1.9055271 1.8989002 1.9609005 0.8430814 1.0118586 1.5036697 1.0575474 1.0151165 1.1819328 1.2502194 1.2672507 0.8506619 1.1978447 2.5633911 1.3903952 1.2465583 1.3787887 1.2417421 1.2498234 1.2098910 1.4055645 1.2395310 0.3820120 0.0000000 1.9437961 0.5117855 1.9482550 1.9870535 1.1366229 1.5881535 1.7318005 1.5545198 1.6672163 1.8515586 2.3983120 2.1002688 1.8158019 1.6746523 1.6682066 1.0968451 2.0137890 2.3531420 2.1764845 
Chem_TCONS_00061661                               1.8370209 1.8240924 1.8621863 1.9624688 0.9979990 1.6205188 1.9938485 2.4214469 2.2782691 1.0437693 0.9494707 2.1325015 2.0996843 2.0993712 2.0958979 2.1185052 2.1208168 2.0928271 2.2258779 0.9835389 1.1101788 1.6994852 1.0835750 1.0388628 1.2592222 1.3320064 1.3534092 0.9078831 1.3133382 2.8199011 1.6714052 1.6271822 1.6651478 1.5373305 1.5524201 1.5152443 1.8019926 1.4900890 1.7835200 1.9437961 0.0000000 0.4423849 1.4562782 1.4537178 0.9228307 1.7831887 1.9837146 0.7577767 1.8678892 1.9971229 2.5938734 2.2090697 1.8705868 1.9852306 1.9793858 1.0787034 2.1155832 2.3483698 2.5070323 
Aaur_scaffold1588.g4.t1                           0.7827177 0.7896956 0.8190632 1.0106361 0.7487027 0.7625659 0.8172817 1.0400408 1.0570867 0.9942188 1.0267091 0.9930449 0.8207003 0.8207003 0.8207003 0.8025271 0.8025271 0.7982299 1.1123327 1.1165227 1.0453454 0.9673019 1.1537218 1.0239905 1.0732282 0.9881763 0.9881763 1.1773388 1.1890549 1.1894650 0.5579837 0.6215874 0.5802532 0.5463747 0.5612924 0.5612924 2.6630873 0.7580524 0.4336744 0.5117855 0.4423849 0.0000000 0.0846766 0.0853931 0.1153937 0.6716936 0.7758461 0.6329559 0.7178219 1.0131656 1.2311103 1.1920767 0.0000010 1.0334111 0.9456618 1.0065898 1.4502515 0.0000010 0.0000010 
Rhoesc_Res_016192-T1                              1.9020980 1.7469905 1.9553240 1.9380272 1.0256520 1.5547555 1.9915574 2.7737375 2.5819621 1.2243297 1.1052880 2.2999537 2.2801315 2.2595450 2.2662189 2.2371182 2.2383731 2.2290000 2.2240835 0.8791514 1.0774215 1.6551264 1.1361247 1.0751716 1.3294471 1.3197813 1.3434057 0.8908432 1.3567515 2.6828194 1.6890052 1.6736677 1.7537685 1.5974449 1.5649492 1.5483983 1.7616117 1.6204262 1.8163139 1.9482550 1.4562782 0.0846766 0.0000000 0.1322129 0.5333446 1.7894243 2.0621512 1.2875325 1.8327298 2.2329552 2.5888095 2.1565945 2.1495717 1.9543008 1.8952264 1.2356291 2.2696617 2.0974209 2.7103004 
Nemnom_g3865.t1                                   1.9046476 1.7566811 1.9610572 1.9737782 1.0477556 1.5447399 1.9897926 2.7038487 2.5164102 1.2158542 1.1156680 2.2923372 2.2696241 2.2766282 2.2909001 2.2530278 2.2540983 2.2444311 2.2316806 0.9018197 1.0979500 1.6964422 1.1529976 1.0792127 1.3510345 1.3073925 1.3262716 0.8936113 1.3464123 2.6516326 1.6950911 1.6781018 1.7750738 1.5840682 1.5471600 1.5378390 1.7595083 1.6349419 1.8409170 1.9870535 1.4537178 0.0853931 0.1322129 0.0000000 0.5284121 1.7809658 2.0342516 1.2858179 1.8288012 2.2339098 2.5422436 2.1614751 2.1875219 1.9171097 1.8716726 1.2154138 2.2203568 2.0217072 2.6893168 
Sanmal_Sma_011504-T1                              1.3365216 1.2519440 1.3081306 1.4206461 1.0118598 1.2331723 1.2882758 1.6236579 1.6840634 1.1178049 1.0422564 1.4938908 1.4543678 1.4821354 1.4610304 1.4728130 1.4688139 1.4941976 1.7480651 0.9384865 1.1701422 1.7297597 1.2170177 1.1382045 1.4340429 1.4181081 1.4297260 1.0065477 1.4039273 1.8217786 0.9447965 1.1499757 1.0796064 1.0854113 1.0627610 1.0519027 1.4236980 0.9908119 1.0807852 1.1366229 0.9228307 0.1153937 0.5333446 0.5284121 0.0000000 1.3117647 1.3522198 1.0266420 1.3071272 1.5021279 1.6905361 1.6752541 2.1600799 1.6384878 1.6176622 1.2664598 1.5404810 2.1355619 2.1058531 
Skow_XM_006818625.1                               0.9476056 0.8359325 0.9851761 1.0379238 0.7294997 0.7431423 0.9699949 1.9291024 1.8300889 1.0401114 0.9350932 1.6065463 1.5855180 1.5931300 1.5950443 1.6115720 1.6132988 1.5724078 1.8449054 0.8494962 1.1529006 1.5144209 1.0973670 1.0487114 1.1633093 1.2636464 1.2785928 0.8536679 1.2367036 2.3033566 1.2207646 1.1139841 1.2511807 1.0912576 1.0895484 1.0832826 1.1695279 1.0766962 1.3702269 1.5881535 1.7831887 0.6716936 1.7894243 1.7809658 1.3117647 0.0000000 1.0344877 1.5226735 0.7531244 1.6041326 2.1918730 1.9749420 2.2074785 1.7589824 1.7090976 1.1967980 1.8494891 2.4142656 1.8028075 
Dpul_mRNA24323                                    1.1941331 1.1511484 1.1421000 1.2382455 0.7437823 0.7788664 0.8899870 2.1339328 1.9829858 1.0496583 0.9134373 1.8651537 1.8516964 1.8189395 1.8044952 1.8290897 1.8284047 1.8126973 1.9885046 0.8133914 1.1479295 1.5829133 1.1326413 1.1606963 1.1953605 1.3318972 1.3418785 0.8377042 1.2644230 2.4425324 1.4742228 1.3921262 1.4822603 1.3393540 1.3466523 1.3297628 1.4640495 1.3250280 1.5616937 1.7318005 1.9837146 0.7758461 2.0621512 2.0342516 1.3522198 1.0344877 0.0000000 1.6830598 1.1828969 1.7516699 2.3954558 2.0942104 2.1313789 1.9288230 1.8662750 1.1838415 2.0770896 2.2266234 1.9954156 
Hvul_g33501_1                                     1.5359531 1.5532355 1.5403986 1.5860812 1.0160667 1.4932791 1.5484187 1.8109061 1.8685286 1.0964907 0.9898650 1.6788711 1.6811666 1.6448754 1.6582522 1.6275495 1.6351223 1.6551690 2.0727248 0.8955208 1.1431827 1.7991390 1.0915169 1.0879499 1.2187474 1.3678743 1.3914535 0.9523448 1.3262259 2.3259040 1.3685423 1.4521397 1.2973073 1.2734151 1.2906744 1.2895904 1.7088364 1.1692804 1.4547965 1.5545198 0.7577767 0.6329559 1.2875325 1.2858179 1.0266420 1.5226735 1.6830598 0.0000000 1.5374405 1.7102883 2.0334608 1.9802002 1.8833347 2.1380655 2.1353807 1.1962766 1.8592417 3.0025502 2.2406733 
Spur_XM_030991598.1                               1.0763642 0.9669472 1.0537642 1.1953809 0.6470552 0.9150283 1.1733116 2.1160761 1.9365045 0.9427069 0.8236056 1.7115592 1.7172704 1.7145561 1.7150274 1.7214723 1.7220426 1.6925167 1.8252366 0.8070262 1.1074796 1.4892267 1.0658630 1.0396768 1.1945118 1.3131757 1.3298776 0.7613470 1.2418841 2.3518176 1.3931515 1.2958159 1.4215941 1.2076833 1.2080647 1.1811058 1.2922747 1.2280862 1.5053479 1.6672163 1.8678892 0.7178219 1.8327298 1.8288012 1.3071272 0.7531244 1.1828969 1.5374405 0.0000000 1.6206353 2.2119399 1.9990461 1.9104051 1.8341049 1.8027019 1.1729525 1.8694129 2.0419400 1.8408929 
Opea_EP00118_Oscarella_pearsei_P017221            1.7393706 1.7185134 1.7635865 1.9063868 1.1183900 1.5244712 1.8447257 2.0355620 1.9838487 0.9551213 0.8862513 2.0574513 2.0385039 2.0345717 2.0481137 2.0324875 2.0336070 2.0339854 2.0432865 1.0071199 1.1302261 1.5995530 1.1435573 1.1161511 1.3400547 1.4083003 1.4246436 0.9334303 1.3848592 2.6292556 1.6063856 1.5663233 1.7230229 1.5445634 1.5140089 1.4973218 1.7258741 1.5224723 1.6853208 1.8515586 1.9971229 1.0131656 2.2329552 2.2339098 1.5021279 1.6041326 1.7516699 1.7102883 1.6206353 0.0000000 2.3473138 2.0618934 2.2408594 1.8144376 1.7138918 1.1835054 2.0057911 3.0600034 1.1236293 
Aque_Aqu2.1.26818_001                             2.1532161 2.0927298 2.3017476 2.2320600 1.2902702 1.9947805 2.2346767 2.6430963 2.5904393 1.2110724 1.1473686 2.5085776 2.4677844 2.5101752 2.5046019 2.5355477 2.5345260 2.5511206 2.5602087 1.0403288 1.1407992 1.8245587 1.2803535 1.2122804 1.4618735 1.5593607 1.5858539 1.1328483 1.3392959 2.8649502 2.2694267 2.1855594 2.3414163 2.1889076 2.1587219 2.1315701 2.4257787 2.1570851 2.3460961 2.3983120 2.5938734 1.2311103 2.5888095 2.5422436 1.6905361 2.1918730 2.3954558 2.0334608 2.2119399 2.3473138 0.0000000 0.2714577 0.4091954 0.8911502 0.9297490 0.5634317 1.4650969 1.6299643 2.7905035 
Halamb_c56470_g2_i1m.43419                        1.9492206 1.8685782 2.0023936 2.0739142 1.2794226 1.9372182 1.9955553 2.3654332 2.4314286 1.2182387 1.1341324 2.1641292 2.1312436 2.1587218 2.1795340 2.1704705 2.1702015 2.1813063 2.5253874 1.0847306 1.1646987 1.8504855 1.2941418 1.2257663 1.4944731 1.5918376 1.6229418 1.1368248 1.3748869 2.6649431 1.9054885 1.9028519 1.8983108 1.8131783 1.8243272 1.8082809 2.1274879 1.7644141 2.0314775 2.1002688 2.2090697 1.1920767 2.1565945 2.1614751 1.6752541 1.9749420 2.0942104 1.9802002 1.9990461 2.0618934 0.2714577 0.0000000 0.4039918 0.8668704 0.9148686 0.5244636 1.4292954 1.4936422 2.4955006 
Xestes_maker-XT_scaffold2432-snap-gene-0.4-mRNA-1 1.9612951 1.7641844 2.2009221 2.1858653 1.8184089 2.1211922 2.0665609 2.4452485 2.5775970 1.5984714 1.6334337 2.0097947 2.0206036 1.9419982 1.9119514 1.9193907 1.9083235 1.9253678 2.5192922 9.0000000 1.4928691 2.7288643 1.5021814 1.4239157 2.1340718 2.6528712 2.6772033 0.0000010 1.8714265 2.6234004 1.6214524 1.9388574 2.1126754 1.8847374 1.9749201 1.9732989 1.8175752 1.6630766 1.8920835 1.8158019 1.8705868 0.0000010 2.1495717 2.1875219 2.1600799 2.2074785 2.1313789 1.8833347 1.9104051 2.2408594 0.4091954 0.4039918 0.0000000 0.8440041 0.8093111 0.5517210 1.0994702 1.2809536 2.8303237 
Emue_Em0023g835a.t1                               1.7174597 1.7163929 1.7652364 1.8683653 1.3274193 1.8523911 1.7705597 2.0136164 2.0274386 1.1553461 1.0306113 1.9292486 1.9063668 1.8666005 1.8933601 1.8744552 1.8847277 1.9140464 2.1560592 1.0597054 1.0987618 1.8311851 1.2168133 1.1602250 1.4240591 1.5483134 1.5476766 1.0486944 1.3713703 2.1882960 1.5902343 1.6473128 1.6143935 1.5917965 1.6332930 1.6301089 1.9658575 1.4846581 1.6728491 1.6746523 1.9852306 1.0334111 1.9543008 1.9171097 1.6384878 1.7589824 1.9288230 2.1380655 1.8341049 1.8144376 0.8911502 0.8668704 0.8440041 0.0000000 0.1700713 0.4558653 1.3751419 1.1420442 2.5802722 
Spolac_c103728_g1_i3_m.35810c103728-g1            1.6634101 1.6850233 1.7370898 1.8477399 1.2816902 1.8386506 1.7293679 1.9423542 1.9115888 1.1562856 1.0439100 1.8905743 1.8686377 1.8696871 1.8925700 1.8720343 1.8820034 1.8966009 2.0920815 1.0483982 1.1379304 1.7900574 1.2405640 1.1861286 1.4178272 1.5187749 1.5143679 1.0202459 1.3881662 2.1056052 1.5531608 1.5929546 1.5733868 1.5659290 1.5933119 1.5835656 1.9205091 1.4563258 1.6870069 1.6682066 1.9793858 0.9456618 1.8952264 1.8716726 1.6176622 1.7090976 1.8662750 2.1353807 1.8027019 1.7138918 0.9297490 0.9148686 0.8093111 0.1700713 0.0000000 0.4645381 1.3897950 1.0295744 2.2617655 
Tetwil_g16178.t2                                  1.0971536 1.1499748 1.2279123 1.2950784 1.1333679 1.3294378 1.2352370 1.3863127 1.3951861 1.1843163 1.0692660 1.2933599 1.2512420 1.2273282 1.2376296 1.2304782 1.2329719 1.2447293 1.5351875 1.0218458 1.0686900 1.5169037 1.1695217 1.1198000 1.4127198 1.4362700 1.4558598 1.0563714 1.3563671 1.5367748 0.9818584 1.0961993 1.0514754 1.0194783 0.9938436 0.9917069 1.2537115 1.0325099 1.0749366 1.0968451 1.0787034 1.0065898 1.2356291 1.2154138 1.2664598 1.1967980 1.1838415 1.1962766 1.1729525 1.1835054 0.5634317 0.5244636 0.5517210 0.4558653 0.4645381 0.0000000 0.7744424 0.7313272 2.0496414 
Plespi_Pspi_scaffold20653_01                      1.8817704 1.9119185 1.9062937 1.9285252 1.3727005 1.9424108 1.9726621 2.2998997 2.2514808 1.2284894 1.1527564 2.1600670 2.1335608 2.1252589 2.1086352 2.1192662 2.1195332 2.0948143 2.2438105 1.0912125 1.1846866 1.6390006 1.2901815 1.1672258 1.3680639 1.4971649 1.5267400 1.1222630 1.3626645 2.5263108 2.0233185 1.9273900 1.7779070 1.7894287 1.8738291 1.8697333 2.0584938 1.8051071 1.9420555 2.0137890 2.1155832 1.4502515 2.2696617 2.2203568 1.5404810 1.8494891 2.0770896 1.8592417 1.8694129 2.0057911 1.4650969 1.4292954 1.0994702 1.3751419 1.3897950 0.7744424 0.0000000 1.4892222 2.4230967 
Stycar_maker-SC_scaffold2988-snap-gene-0.7-mRNA-1 2.0313995 1.9021403 2.0600325 2.3234718 1.8095501 2.1464994 2.2126735 2.5519561 2.1781525 2.4060594 1.8273609 2.7417472 2.7417472 2.4464828 2.5025015 2.5388493 2.5388493 2.6675899 3.4550282 3.8883278 3.8883278 3.2838412 5.2034167 3.5717149 3.8011134 3.4174924 3.4174924 4.1706534 3.5910891 3.7868432 3.6497425 2.0561539 1.9987729 2.0764633 2.0467981 2.0859299 1.6437677 1.9790542 2.6526702 2.3531420 2.3483698 0.0000010 2.0974209 2.0217072 2.1355619 2.4142656 2.2266234 3.0025502 2.0419400 3.0600034 1.6299643 1.4936422 1.2809536 1.1420442 1.0295744 0.7313272 1.4892222 0.0000000 3.1785271 
Plajan_Pjan_scaffold23205_01                      1.8916508 1.8804655 1.9116877 2.0662690 1.7017498 1.7012353 2.1339522 2.3336889 2.1146238 1.2110111 1.2537299 2.4014187 2.4045879 2.4902830 2.5003512 2.4484559 2.4523753 2.4903950 2.8133067 9.0000000 2.9921573 2.4351651 2.0524359 1.4542739 2.0117176 2.9300388 2.9714497 0.0000010 2.2338721 3.1720343 1.9849075 1.8032293 1.9491058 1.6917286 1.7588756 1.7077429 1.6861713 1.7349615 2.0663972 2.1764845 2.5070323 0.0000010 2.7103004 2.6893168 2.1058531 1.8028075 1.9954156 2.2406733 1.8408929 1.1236293 2.7905035 2.4955006 2.8303237 2.5802722 2.2617655 2.0496414 2.4230967 3.1785271 0.0000000 
