72
Hsap_ENST00000361070                              0.0000000 1.4210307 1.7794138 2.0973572 2.0928936 2.4084905 2.2762386 2.2899882 2.0760399 2.2303382 3.3048305 2.1865489 2.3110780 2.1141421 1.8156197 2.1506107 1.7538499 2.0129828 1.7609384 1.8923394 2.1331841 2.3174621 2.5604235 2.5727265 2.4186479 2.0449988 2.1017837 2.1704030 2.1563085 2.0908896 2.0908896 2.1363663 2.7588346 2.3531395 3.2607782 2.7183008 3.0456206 2.7365239 3.1375950 2.7889886 2.3030551 2.6026395 2.7411681 2.9250434 3.0109732 3.1157346 2.0656966 2.1813230 2.5083221 2.4068737 2.8344973 2.3195902 2.2875954 2.5317331 2.3668275 2.8863862 2.2848157 3.0961499 3.2381321 3.0437054 3.1356506 2.5958897 3.0551424 2.3881837 2.2403851 2.9834867 3.2924928 3.0718434 2.6335175 2.4042643 2.9202101 2.9069834 
Bralan_BLAG04002074_1                             1.4210307 0.0000000 0.9051827 1.3456672 1.2836755 1.4932588 1.3451511 1.2411531 1.2168456 1.3530493 2.0093677 1.4842291 1.5279764 1.3891947 1.0431994 1.6015953 1.1016141 1.1519998 1.0986818 1.3738865 1.5326703 1.8108505 1.9320034 2.0652131 1.9997381 1.6113707 1.6018594 1.5662315 1.5393315 1.5322532 1.5322532 1.5558774 1.8661630 1.7001952 2.0905428 2.3155595 2.6426383 2.3360618 2.3525469 2.1836682 2.1162727 2.2074893 2.5475471 2.3592893 2.3849613 1.8401854 1.5284279 1.4703073 1.8972076 1.6441776 1.9838327 2.5083368 1.8945778 1.8262491 1.6720983 2.0220446 2.2535585 2.1890423 2.3013216 2.2708470 2.1744862 2.3127150 2.2464402 2.0081336 2.0287402 2.4875572 2.4374190 2.1794129 2.0083364 1.8478387 2.3722323 2.3826272 
Skow_XM_002732653.2                               1.7794138 0.9051827 0.0000000 1.5075846 1.3740331 1.5616694 1.4248249 1.3998305 1.3081682 1.4510109 1.9851532 1.7802119 1.8323673 1.7693944 1.1638398 1.8470817 1.2039090 1.3284988 1.1787363 1.6243547 1.6918024 2.0581703 2.2432464 2.2205053 2.1199212 1.9383511 1.9247997 1.8761438 1.9173620 1.9047687 1.9047687 1.9045441 2.0956295 1.9596365 2.5716069 2.5496608 3.1045726 2.8812343 2.7991755 2.5371410 2.5838568 2.6044989 2.7309436 2.7030851 2.7547062 2.3238440 1.6060599 1.6287941 2.0960566 1.7793070 2.2308686 2.2655332 1.9135028 2.1075568 2.0356450 2.4852603 2.2735476 2.7462544 2.8158333 2.2401602 2.3756210 2.3751562 2.4541492 2.3597542 2.4258970 2.9241868 3.0027987 2.6322702 2.5015700 2.0265576 2.5513612 2.7434994 
Exapal_XM_021050470.2                             2.0973572 1.3456672 1.5075846 0.0000000 0.6651397 0.8811954 0.7936177 0.7330627 0.7581326 0.8700030 1.4251191 1.9019485 1.8811221 1.7037674 1.0075533 1.7333453 1.6668095 1.6312149 1.7197637 1.2104402 1.2602097 1.7548662 1.9156933 2.1100083 2.2048652 1.7779534 1.8055395 1.8032136 1.8118267 1.8068536 1.8068536 1.8519142 2.1742461 2.0903008 2.7893409 2.4663305 2.8165040 2.5142519 2.2875663 2.2967525 2.4796813 2.4847240 2.5322793 2.4731272 2.4744974 2.8784173 1.8387249 1.8123472 2.1411309 1.7563372 2.2687345 2.0707260 1.8834453 1.5037947 1.6945499 2.5692028 1.8815533 2.5152797 2.5903137 2.4251791 2.3163931 2.3051143 2.6137976 2.4561839 2.1757006 2.6623310 2.8291949 2.7445922 2.2093698 1.4678817 2.1601903 2.5044717 
Nvec_v1g85406                                     2.0928936 1.2836755 1.3740331 0.6651397 0.0000000 0.7939417 0.6729286 0.5466119 0.6651950 0.7195513 1.0643633 1.6999098 1.5502957 1.5256072 1.1794867 1.6129185 1.5888665 1.5884271 1.6389377 1.0448812 1.2470541 1.5781618 1.7411036 2.0499331 2.2363848 1.8400074 1.9321992 1.9313222 1.9060686 1.8738149 1.8738149 1.9626376 2.0619896 2.0655359 2.6660289 2.2685749 2.7530499 2.4333965 2.3262404 2.2536354 2.4479898 2.4056834 2.6206879 2.5573937 2.5301414 2.6171399 1.8048095 1.8263757 2.0160632 1.6549567 2.1954663 2.0866483 1.9712456 1.4381050 1.4918505 2.3129929 2.1776425 2.5878033 2.6177017 2.2984121 2.3423866 2.4881265 2.4128086 2.3743885 2.1806209 2.7448557 2.7605773 2.8110122 2.2249845 1.3967502 2.3345810 2.5323326 
Adig_XM_015899128.1                               2.4084905 1.4932588 1.5616694 0.8811954 0.7939417 0.0000000 0.0487473 0.4180803 0.4437879 0.4345691 1.3115966 1.8598818 1.9504627 1.7756698 1.4988168 1.7924120 1.9330340 1.7710970 1.8346480 1.2667656 1.3961176 1.9509402 2.0390856 2.3375925 2.6094109 2.2147119 2.0254271 1.9878743 1.9959814 1.8642465 1.8642465 2.0259201 2.2977262 2.2593428 3.4374083 2.2805482 2.5228082 2.3923643 2.6934571 2.3616990 2.5439746 2.4862541 2.6198033 2.5740916 2.5688505 2.9272127 2.0073946 2.1196730 2.2027676 1.9530456 2.3511627 2.0133247 2.2334161 1.6288451 1.8759201 2.6752124 2.0713818 2.9363825 3.0610193 2.5489233 2.6033055 2.5691329 2.7955129 2.4729958 2.4988725 2.9413425 3.1681653 2.9266057 2.4243654 1.2861661 2.3911134 2.8409708 
Amil_Amillepora09486-RA                           2.2762386 1.3451511 1.4248249 0.7936177 0.6729286 0.0487473 0.0000000 0.3454150 0.3795399 0.3529492 1.1069086 1.7038536 1.8022209 1.6241868 1.2282113 1.6305791 1.8043205 1.6472653 1.7204746 1.1569148 1.2622978 1.7036683 1.7727900 2.1196891 2.3796059 1.8153400 1.7937273 1.7724303 1.7753217 1.6567282 1.6567282 1.8173502 2.0734763 2.0305406 3.1366740 2.2081723 2.4000454 2.4535377 2.5044527 2.3121046 2.6032939 2.4474096 2.6490246 2.4968406 2.5033183 2.9303924 1.8612724 1.9809171 1.9880718 1.7269860 2.1485206 1.9193981 1.9682810 1.4310174 1.6237128 2.5474432 1.9329555 2.6878003 2.7812445 2.3311642 2.4409850 2.3531245 2.5508788 2.4253485 2.2834413 2.8066848 2.9374022 2.7606567 2.2986736 1.2731601 2.2638802 2.6707074 
Gasp_gasp1.m3.4341.m1                             2.2899882 1.2411531 1.3998305 0.7330627 0.5466119 0.4180803 0.3454150 0.0000000 0.2291152 0.3127658 0.8185054 1.6262173 1.7448542 1.6473901 1.1983930 1.6905151 1.6669737 1.5968395 1.6166078 1.0824905 1.1859983 1.6139484 1.6803364 2.0072923 2.1143861 1.7076496 1.7068560 1.7145981 1.7110627 1.6155415 1.6155415 1.7133386 2.0375395 2.0148922 2.7999307 2.1549118 2.3591383 2.2614687 2.1386035 2.2652489 2.3102790 2.4851590 2.3999827 2.3538004 2.3495779 3.1900613 1.8530160 1.8610443 1.9178978 1.5606712 2.1079301 2.0977369 1.9130056 1.4237027 1.5683846 2.3579082 2.0138746 2.4156585 2.5456203 2.2784252 2.3338739 2.2221515 2.4915366 2.3524777 2.1941781 2.7770528 2.9040190 2.7386666 2.3234981 1.2555442 2.2536525 2.7220753 
Spis_XP_022789460_1                               2.0760399 1.2168456 1.3081682 0.7581326 0.6651950 0.4437879 0.3795399 0.2291152 0.0000000 0.3483657 0.6220293 1.5746116 1.7021317 1.5861622 1.1537149 1.5550468 1.5947869 1.4546080 1.5445667 1.1042010 1.1822633 1.6169682 1.7481360 2.0478571 2.1389086 1.5964019 1.6359959 1.6483058 1.6432704 1.5509285 1.5509285 1.6272689 2.0624506 1.9838162 2.7081691 2.2106429 2.4312237 2.2688375 2.3114121 2.2498134 2.3010964 2.3725223 2.5465999 2.3606362 2.3634547 2.8864355 1.7865139 1.8066093 1.9125814 1.6239722 1.9602613 2.2983456 1.8914587 1.4234288 1.6408790 2.2802137 1.8644602 2.3929610 2.4586536 2.2988362 2.3873262 2.2331451 2.4946175 2.2645947 2.2512809 2.5107395 2.8015377 2.5416466 2.1267429 1.3013824 2.2097891 2.6511602 
Gfas_gfas1.m1.96.m1                               2.2303382 1.3530493 1.4510109 0.8700030 0.7195513 0.4345691 0.3529492 0.3127658 0.3483657 0.0000000 1.1490995 1.8115845 1.9387757 1.6336754 1.4375487 1.6960957 1.7769899 1.5671423 1.7290101 1.1957729 1.2408919 1.7664714 1.8579795 2.1951660 2.3710223 1.9743734 1.8406432 1.9091911 1.8981814 1.7213230 1.7213230 1.8563763 2.1453941 2.1617248 3.0983813 2.3046509 2.2879178 2.2062047 2.3980900 2.3945407 2.3650910 2.5121366 2.4034611 2.4490174 2.3999833 2.7968012 1.9500357 1.9246319 2.1228384 1.8119005 2.2618264 1.9426358 2.0438095 1.5279917 1.8117800 2.4997463 2.0340354 2.6672831 2.7985993 2.4893509 2.5788511 2.4373650 2.5722745 2.3934426 2.3133714 2.8792540 2.8755573 2.9083774 2.3088041 1.2649991 2.2724426 2.6887731 
Pocdam_XM_027197654.1                             3.3048305 2.0093677 1.9851532 1.4251191 1.0643633 1.3115966 1.1069086 0.8185054 0.6220293 1.1490995 0.0000000 2.0715951 2.4146017 2.5078026 1.2009941 2.1354445 2.1829390 2.1699357 2.2694813 1.8229718 1.8519769 2.4426359 2.5478584 2.6392421 2.7762152 1.6139502 2.4191011 2.4380103 2.4508938 2.3138539 2.3138539 2.4396028 2.5776919 2.7379683 3.0969058 3.2814839 8.2078799 4.1900798 3.1956575 3.0071256 4.0624142 3.0610660 4.5030082 3.1245865 3.1950343 3.0611131 2.4864845 2.2643779 2.6893485 1.9328533 2.6658319 6.1973731 2.6936103 2.1896623 2.0189990 3.0463672 2.2975458 3.1081114 3.1765544 2.8659064 3.0159134 3.6340204 3.0861253 5.0335135 3.0975073 3.3232671 3.5484020 3.4730905 3.0067660 4.2222660 2.9950135 3.2567175 
Aque_Aqu2.1.32261_001                             2.1865489 1.4842291 1.7802119 1.9019485 1.6999098 1.8598818 1.7038536 1.6262173 1.5746116 1.8115845 2.0715951 0.0000000 0.6415904 1.3107955 0.7860346 1.2490279 1.7270824 1.8001423 1.8242727 1.5822086 1.6597369 2.1873600 2.2948500 2.1535678 2.0330687 1.8782972 1.9028919 1.8457536 1.8635428 1.8613244 1.8613244 1.8660289 1.9290773 1.8880114 2.2023401 2.6983500 3.5595325 2.9282753 2.8808245 2.7852515 2.8273871 2.6957715 3.0990455 2.6651609 2.6799758 2.8575330 1.9557552 1.9573192 2.1914568 1.8572850 2.2833584 2.8776138 2.1051281 2.1132977 2.1730394 2.2998303 2.1537231 2.4697263 2.4915867 2.2494667 2.4981383 2.2288463 2.3542577 2.2776310 2.2586242 2.7820438 3.0295130 2.4004992 2.2373547 2.0811112 2.6069273 2.8604956 
Halamb_c48995_g1_i4mm.2859                        2.3110780 1.5279764 1.8323673 1.8811221 1.5502957 1.9504627 1.8022209 1.7448542 1.7021317 1.9387757 2.4146017 0.6415904 0.0000000 1.3418604 0.8480952 1.2007144 1.7956185 2.0011606 1.8961926 1.6794290 1.6987742 2.2865398 2.4259379 2.0049499 2.0315281 2.0612160 2.0942582 2.0291538 2.0104729 2.0237632 2.0237632 1.9587150 2.0101802 1.9586871 2.0430772 2.6658664 3.1380164 3.0509143 2.6851034 2.6260537 2.9309378 2.7142447 2.9469392 2.7528273 2.7681206 2.8515536 1.8983613 2.0543049 2.2984877 1.8102909 2.2977310 2.8131533 2.2739262 2.2253402 2.3134433 2.4423881 2.1899927 2.4761546 2.5298006 2.2413816 2.3919457 2.2851125 2.3644671 2.2522356 2.3697355 2.9411736 2.9476767 2.4515722 2.4282695 2.3071598 2.5550830 2.8958787 
Emue_Em0019g931a.t1                               2.1141421 1.3891947 1.7693944 1.7037674 1.5256072 1.7756698 1.6241868 1.6473901 1.5861622 1.6336754 2.5078026 1.3107955 1.3418604 0.0000000 0.1940300 1.0251150 1.8287342 1.8174008 1.7894931 1.4781514 1.7444904 1.9060895 2.0518084 2.0217289 1.9844088 2.2831009 2.0550868 2.0544282 2.0273637 2.0019859 2.0019859 2.0398126 2.1002380 2.0920948 2.4415503 2.3456556 3.1366630 2.3636998 2.2346638 2.3107822 2.7514437 2.3925746 2.3793161 2.5896294 2.4947995 3.0679364 1.8742291 2.2711028 2.3406019 1.9153375 2.4320794 2.8044577 2.1051067 2.0125614 2.0476159 2.5670101 2.0854074 2.4437366 2.3800375 2.3739145 2.1295514 2.5607492 2.5411672 2.6904898 2.5176478 2.8585254 3.0320484 2.6696421 2.3850751 1.6728161 2.6391877 2.8373244 
Spolac_c92128_g1_i1_m.7526c89508-g1               1.8156197 1.0431994 1.1638398 1.0075533 1.1794867 1.4988168 1.2282113 1.1983930 1.1537149 1.4375487 1.2009941 0.7860346 0.8480952 0.1940300 0.0000000 0.7059189 1.0874206 0.9831321 1.1298954 1.3338753 1.3041282 1.2322846 1.3824457 1.5022888 1.3479955 1.7034410 1.7034410 1.5457786 1.5560726 1.5972290 1.5972290 1.6652261 1.2058669 1.5317369 1.8063689 1.9043541 0.0000010 3.3528836 2.0838776 1.6772301 9.0000000 1.7909300 0.0000010 1.9652008 1.9659391 2.3753060 1.3483600 1.2737808 1.5195496 1.5616892 1.7059509 0.0000010 2.1956590 1.5519440 1.6478896 2.2954115 1.5655082 1.9020264 1.7237248 1.5715596 1.4915104 3.6850495 1.3645797 0.0000010 2.3836675 2.3291006 2.2476656 1.8296527 2.0011049 0.0000010 2.2467380 2.0370990 
Tetwil_g25721.t1                                  2.1506107 1.6015953 1.8470817 1.7333453 1.6129185 1.7924120 1.6305791 1.6905151 1.5550468 1.6960957 2.1354445 1.2490279 1.2007144 1.0251150 0.7059189 0.0000000 1.8241441 1.8800768 1.8524947 1.6804035 1.8247213 2.3783617 2.4937136 2.1608138 2.2501232 1.8413475 1.8644941 1.8510852 1.8659566 1.8135989 1.8135989 1.9363355 2.1518799 2.0201672 2.4311676 2.3479495 3.0923694 2.6541046 2.7063288 2.4886575 2.6427225 2.4582135 2.7156904 2.5915205 2.6107872 2.7629578 2.0091705 2.2158933 2.1601061 1.7879055 2.3149549 2.3720405 1.9305193 2.2311170 2.2273050 2.6167291 2.0144555 2.5705992 2.5678114 2.3112685 2.3297540 2.5299884 2.5483428 2.6063999 2.5361325 2.6564616 3.0152219 2.5889991 2.2122011 2.2993701 2.4954470 2.7594177 
Cgig_XM_011436434.3                               1.7538499 1.1016141 1.2039090 1.6668095 1.5888665 1.9330340 1.8043205 1.6669737 1.5947869 1.7769899 2.1829390 1.7270824 1.7956185 1.8287342 1.0874206 1.8241441 0.0000000 0.8442316 1.4543171 1.5599691 1.8628583 2.0680849 2.1613480 1.8749065 1.9942312 1.8819729 1.9476088 1.8122831 1.7783292 1.7751785 1.7751785 1.9066026 2.1988191 2.0697979 2.3407981 2.3029486 2.5579406 2.2852171 2.5881358 2.3541421 2.2535500 2.4222422 2.4210068 2.3318211 2.3732483 2.4662325 1.4401589 1.5027153 2.2060366 1.7591548 2.3679027 2.8259519 1.9606375 2.1840949 2.2059144 2.1475963 2.0986464 2.3171531 2.5338418 2.2135144 2.3899198 2.5735783 2.4393303 2.5695389 2.2588699 2.6195990 2.8166720 2.5498939 2.0105395 1.9038655 2.5082519 2.4506014 
Acagra_model.g29923.t1                            2.0129828 1.1519998 1.3284988 1.6312149 1.5884271 1.7710970 1.6472653 1.5968395 1.4546080 1.5671423 2.1699357 1.8001423 2.0011606 1.8174008 0.9831321 1.8800768 0.8442316 0.0000000 1.5008127 1.8420200 1.9391163 1.9885758 2.1731920 2.1321988 2.1151591 2.1149727 2.1299306 1.9534467 1.9692070 1.9323196 1.9323196 2.0222641 2.0426796 2.2508105 2.6753444 2.4198585 2.7083311 2.3629557 2.5063162 2.2844654 2.1575105 2.4875177 2.4715710 2.3560298 2.3545333 2.2921988 1.5444234 1.5799678 2.4093866 1.9683761 2.5237357 2.7157150 2.0803917 2.2260670 2.3105680 2.4261546 2.0122227 2.7622814 2.7476973 2.5000844 2.3505357 2.6753984 2.6103659 2.7843984 2.5891979 2.6740261 2.9316951 2.7950483 2.2262752 2.1493594 2.6085357 2.6622477 
Spur_XM_030992990.1                               1.7609384 1.0986818 1.1787363 1.7197637 1.6389377 1.8346480 1.7204746 1.6166078 1.5445667 1.7290101 2.2694813 1.8242727 1.8961926 1.7894931 1.1298954 1.8524947 1.4543171 1.5008127 0.0000000 1.5280799 1.7496558 1.9054913 2.1295560 2.2304728 2.0916031 1.8952905 1.9063094 1.9052121 1.8924893 1.9284440 1.9284440 1.8929563 2.1414777 2.1323884 2.6510311 2.7319921 2.8772763 2.4298202 2.7900667 2.4568748 2.7232246 2.6114863 2.4717438 2.7357719 2.7481430 2.7159185 1.7450697 1.9215144 2.4100904 2.0128637 2.5747967 2.8060373 1.9602166 1.8054493 1.9726436 2.5351541 2.3519897 2.5676775 2.6156658 2.5078867 2.3884633 2.6230630 2.5296745 2.4209396 2.4304983 2.7548720 3.0769834 2.5167038 2.3001170 1.9119478 2.4116479 2.5968055 
Aaur_scaffold1073.g1.t2                           1.8923394 1.3738865 1.6243547 1.2104402 1.0448812 1.2667656 1.1569148 1.0824905 1.1042010 1.1957729 1.8229718 1.5822086 1.6794290 1.4781514 1.3338753 1.6804035 1.5599691 1.8420200 1.5280799 0.0000000 0.5855003 0.9172401 1.0060802 2.3852268 2.2440121 1.4276236 1.5815300 1.5780909 1.5628823 1.5549948 1.5549948 1.5873922 2.1238023 2.0539744 2.2392727 1.9955779 2.6141593 2.4482267 2.2705319 2.2635843 2.6583555 2.2887962 2.5655249 2.2230703 2.2108374 2.8167753 1.7673496 1.7585043 1.9260195 1.7592652 2.1552186 2.0600290 2.0537795 1.3602829 1.4337550 2.2496332 1.9737561 2.3551676 2.3376740 2.3289811 2.4850030 2.5008572 2.5908988 2.7451050 2.4457377 2.6676595 2.7501700 2.6937949 2.0304061 1.3486125 2.3397446 2.6632120 
Sanmal_Sma_028986-T1                              2.1331841 1.5326703 1.6918024 1.2602097 1.2470541 1.3961176 1.2622978 1.1859983 1.1822633 1.2408919 1.8519769 1.6597369 1.6987742 1.7444904 1.3041282 1.8247213 1.8628583 1.9391163 1.7496558 0.5855003 0.0000000 1.1667001 1.2458421 2.3799669 2.2505075 1.7482276 1.8052652 1.8156031 1.8011269 1.7676227 1.7676227 1.7991416 2.1877501 2.1093786 2.6270349 2.1725384 2.5320598 2.2291155 1.9689078 2.3000324 2.4488521 2.3164794 2.4913974 2.2959117 2.2891881 2.6982659 1.8084353 1.9828191 2.1783545 2.0514046 2.3084624 2.4609562 2.1094157 1.4474622 1.4795786 2.4450541 2.0613735 2.8413690 2.6772759 2.4557943 2.6836597 2.5349652 2.7520454 2.6898328 2.4417841 2.8329621 3.3417602 3.0394413 2.3553910 1.5099400 2.4093122 2.8726610 
Nemnom_g1590.t1                                   2.3174621 1.8108505 2.0581703 1.7548662 1.5781618 1.9509402 1.7036683 1.6139484 1.6169682 1.7664714 2.4426359 2.1873600 2.2865398 1.9060895 1.2322846 2.3783617 2.0680849 1.9885758 1.9054913 0.9172401 1.1667001 0.0000000 0.3806289 2.5171417 2.4802142 1.6870747 1.9379173 2.0284494 1.9945978 1.9504610 1.9504610 1.9746544 2.4942087 2.2203969 2.7907593 2.5932553 3.4527702 2.7087227 2.4354282 2.5114661 3.2771377 2.7357607 2.9622505 2.7666195 2.7328157 2.6995672 1.9792030 2.0940817 2.6296657 2.1084833 2.5223256 3.3203406 2.4341792 1.7685847 1.6409920 2.5384370 2.2779347 2.7827392 2.9076182 2.6116952 2.7823590 2.8215047 2.8060293 3.0106147 2.5815781 3.0037277 3.1870191 3.0894454 2.3945223 2.0207958 2.5919106 2.8701413 
Rhoesc_Res_004054-T1                              2.5604235 1.9320034 2.2432464 1.9156933 1.7411036 2.0390856 1.7727900 1.6803364 1.7481360 1.8579795 2.5478584 2.2948500 2.4259379 2.0518084 1.3824457 2.4937136 2.1613480 2.1731920 2.1295560 1.0060802 1.2458421 0.3806289 0.0000000 2.7032343 2.6034614 1.8596229 2.0852767 2.1879797 2.1597897 2.1390759 2.1390759 2.1482614 2.5870557 2.4621025 3.0318243 2.6020042 3.3269842 2.7741196 2.3738711 2.5285701 3.2987788 2.8347603 3.0781041 2.7823129 2.7314075 2.9236319 2.0828660 2.4037920 2.6515488 2.1261878 2.8909116 3.2617628 2.5113322 1.7617418 1.7690620 2.8522165 2.4446464 2.9325066 3.0528256 2.7174359 2.9642337 2.8401177 2.9367981 2.9767012 2.6818214 3.2332019 3.4119915 3.0807908 2.6453300 2.0513330 2.6713312 3.1443482 
Salpun_EP00053_Salpingoeca_punica_P008873         2.5727265 2.0652131 2.2205053 2.1100083 2.0499331 2.3375925 2.1196891 2.0072923 2.0478571 2.1951660 2.6392421 2.1535678 2.0049499 2.0217289 1.5022888 2.1608138 1.8749065 2.1321988 2.2304728 2.3852268 2.3799669 2.5171417 2.7032343 0.0000000 1.4041795 2.2519876 2.2758553 2.3615434 2.3450780 2.3050346 2.3050346 2.2856743 1.7492907 1.5976062 2.1421340 2.5680633 3.0638773 2.6359369 2.9892750 2.6092341 2.8887305 2.9247014 2.7842211 2.6048049 2.5593762 3.1999336 2.2752944 2.4282383 2.6954134 2.2655485 2.7030375 3.7129788 2.6983203 2.4383472 2.3282941 2.3672155 2.2769157 2.0334063 2.1870405 2.0611679 2.1338468 2.4803655 2.0267328 2.4553146 2.3356771 2.7689125 2.9059649 2.5327465 3.0152637 2.5658754 2.7434741 3.1190158 
Salmac_EP00052_Salpingoeca_macrocollata_P013516   2.4186479 1.9997381 2.1199212 2.2048652 2.2363848 2.6094109 2.3796059 2.1143861 2.1389086 2.3710223 2.7762152 2.0330687 2.0315281 1.9844088 1.3479955 2.2501232 1.9942312 2.1151591 2.0916031 2.2440121 2.2505075 2.4802142 2.6034614 1.4041795 0.0000000 2.1568228 2.5196117 2.5981220 2.5306301 2.4580511 2.4580511 2.5112208 1.5525455 1.6045191 2.0666816 3.0699133 3.5216308 3.0900848 2.8891628 2.7967850 3.0832260 3.0051108 3.0287738 2.9314986 2.9223873 3.0664317 2.2288563 2.4104440 2.3652983 2.0416038 2.4854461 3.3494323 2.3596071 2.3654764 2.1741985 2.0882163 2.5172353 1.9650191 2.0840864 1.9885915 1.9557276 2.4187841 1.9981704 2.2680563 2.1949259 2.3095466 2.5563021 2.2166366 2.8985701 2.9642274 2.6544792 3.0746254 
Tadh_TriadT51870                                  2.0449988 1.6113707 1.9383511 1.7779534 1.8400074 2.2147119 1.8153400 1.7076496 1.5964019 1.9743734 1.6139502 1.8782972 2.0612160 2.2831009 1.7034410 1.8413475 1.8819729 2.1149727 1.8952905 1.4276236 1.7482276 1.6870747 1.8596229 2.2519876 2.1568228 0.0000000 0.0000010 0.2937212 0.2853437 0.2964058 0.2964058 0.2737918 2.2785369 2.3354850 2.6741503 2.6690699 0.0000010 2.3713804 2.6079448 2.4971211 1.3492825 2.2834395 1.5297873 2.5969356 2.6726755 3.1169953 1.8901120 2.0159869 2.2110008 2.2126567 2.5922547 0.0000010 2.5231489 2.1911636 2.0300590 2.6015082 2.0951904 2.8864316 3.0675478 2.4030074 2.9313683 2.2744055 2.2687328 0.8176250 2.3214403 2.8707689 3.2577367 3.0804328 2.4396494 0.0000010 2.6138058 2.8848406 
TrH2_TrispH2_003186-RA                            2.1017837 1.6018594 1.9247997 1.8055395 1.9321992 2.0254271 1.7937273 1.7068560 1.6359959 1.8406432 2.4191011 1.9028919 2.0942582 2.0550868 1.7034410 1.8644941 1.9476088 2.1299306 1.9063094 1.5815300 1.8052652 1.9379173 2.0852767 2.2758553 2.5196117 0.0000010 0.0000000 0.3006263 0.2859862 0.2957021 0.2957021 0.2556193 2.1740322 2.3731544 2.9059615 2.5733521 2.8561307 2.4633473 2.6454056 2.6601832 2.2621123 2.4515413 2.6930896 2.8610378 2.8918941 3.0426338 1.9343032 2.2688093 2.5163898 2.4627725 2.5405836 2.8787853 2.3432068 2.0632342 1.9261796 2.7729687 2.2642539 3.0567666 3.1298426 2.7241038 2.8395503 2.6073336 2.7422704 2.5583041 2.6676450 3.1286625 3.3851625 3.2419803 2.3481638 2.1047616 2.8186752 2.7658669 
HoiH06_mRNA7377                                   2.1704030 1.5662315 1.8761438 1.8032136 1.9313222 1.9878743 1.7724303 1.7145981 1.6483058 1.9091911 2.4380103 1.8457536 2.0291538 2.0544282 1.5457786 1.8510852 1.8122831 1.9534467 1.9052121 1.5780909 1.8156031 2.0284494 2.1879797 2.3615434 2.5981220 0.2937212 0.3006263 0.0000000 0.0288923 0.1198008 0.1198008 0.1609175 2.0660975 2.2541428 3.0342448 2.6066959 2.9138456 2.5873110 2.5883439 2.7280001 2.1577161 2.4267318 2.6072985 2.9949007 2.9790657 3.0375914 1.8762890 2.2040890 2.4741680 2.2335180 2.4985183 2.9957143 2.2612456 2.1351722 1.9685456 2.6227371 2.2962833 2.9790702 3.0027375 2.7360074 2.9705123 2.6610340 2.6813908 2.5194186 2.5176772 2.8789317 3.1275566 3.2510250 2.3595819 2.1986330 2.8166592 2.9175335 
HoiH23_PlH23_002081-RA                            2.1563085 1.5393315 1.9173620 1.8118267 1.9060686 1.9959814 1.7753217 1.7110627 1.6432704 1.8981814 2.4508938 1.8635428 2.0104729 2.0273637 1.5560726 1.8659566 1.7783292 1.9692070 1.8924893 1.5628823 1.8011269 1.9945978 2.1597897 2.3450780 2.5306301 0.2853437 0.2859862 0.0288923 0.0000000 0.1135734 0.1135734 0.1581769 2.0798866 2.2489961 3.0142288 2.6231832 2.7875690 2.6272121 2.6629394 2.7535714 2.2088391 2.4445337 2.6488116 2.9985567 2.9826944 3.0135658 1.8396843 2.2252942 2.4824310 2.2569113 2.4807117 3.0659582 2.2434753 2.1268907 1.9435452 2.5853704 2.2992756 2.9733376 3.0154627 2.7042930 2.9899653 2.6871902 2.6700947 2.4712311 2.5203806 2.8833245 3.1395447 3.2256468 2.3350163 2.2808399 2.7800935 2.9082032 
Hhon_g03679.t1                                    2.0908896 1.5322532 1.9047687 1.8068536 1.8738149 1.8642465 1.6567282 1.6155415 1.5509285 1.7213230 2.3138539 1.8613244 2.0237632 2.0019859 1.5972290 1.8135989 1.7751785 1.9323196 1.9284440 1.5549948 1.7676227 1.9504610 2.1390759 2.3050346 2.4580511 0.2964058 0.2957021 0.1198008 0.1135734 0.0000000 0.0000010 0.1793927 2.1264832 2.2415748 2.9889921 2.5762418 2.7516113 2.5990190 2.6378790 2.7187341 2.1476190 2.3649067 2.6603334 2.9774270 2.9773925 2.9339438 1.8744670 2.2507124 2.3886342 2.2817003 2.4839622 2.8328197 2.1911337 2.0671628 1.9642448 2.5391523 2.2417312 2.9884232 3.1012294 2.6691618 2.9206010 2.6522518 2.6346194 2.5458951 2.5954127 2.9723114 3.2131527 3.3290731 2.2654112 2.1874024 2.8165474 2.9144038 
HoiH04_mRNA6702                                   2.0908896 1.5322532 1.9047687 1.8068536 1.8738149 1.8642465 1.6567282 1.6155415 1.5509285 1.7213230 2.3138539 1.8613244 2.0237632 2.0019859 1.5972290 1.8135989 1.7751785 1.9323196 1.9284440 1.5549948 1.7676227 1.9504610 2.1390759 2.3050346 2.4580511 0.2964058 0.2957021 0.1198008 0.1135734 0.0000010 0.0000000 0.1793927 2.1264832 2.2415748 2.9889921 2.5762418 2.7516113 2.5990190 2.6378790 2.7187341 2.1476190 2.3649067 2.6603334 2.9774270 2.9773925 2.9339438 1.8744670 2.2507124 2.3886342 2.2817003 2.4839622 2.8328197 2.1911337 2.0671628 1.9642448 2.5391523 2.2417312 2.9884232 3.1012294 2.6691618 2.9206010 2.6522518 2.6346194 2.5458951 2.5954127 2.9723114 3.2131527 3.3290731 2.2654112 2.1874024 2.8165474 2.9144038 
HoiH11_mRNA9494                                   2.1363663 1.5558774 1.9045441 1.8519142 1.9626376 2.0259201 1.8173502 1.7133386 1.6272689 1.8563763 2.4396028 1.8660289 1.9587150 2.0398126 1.6652261 1.9363355 1.9066026 2.0222641 1.8929563 1.5873922 1.7991416 1.9746544 2.1482614 2.2856743 2.5112208 0.2737918 0.2556193 0.1609175 0.1581769 0.1793927 0.1793927 0.0000000 2.1317040 2.2341145 3.0751826 2.6752122 2.7448216 2.5383983 2.6088421 2.7427381 2.1242545 2.4158534 2.6764377 3.0830756 3.0701047 3.1003229 1.9435760 2.2047502 2.5239794 2.3810022 2.5309494 3.0303275 2.2577721 2.0975383 1.9720726 2.6563111 2.2927774 3.1032878 3.2107851 2.8486129 3.0043372 2.7617561 2.8014571 2.4261315 2.6304731 2.8574126 3.2106401 3.2333383 2.3308450 2.2343417 2.8181148 2.8665919 
Salkve_EP00050_Salpingoeca_kvevrii_P021196        2.7588346 1.8661630 2.0956295 2.1742461 2.0619896 2.2977262 2.0734763 2.0375395 2.0624506 2.1453941 2.5776919 1.9290773 2.0101802 2.1002380 1.2058669 2.1518799 2.1988191 2.0426796 2.1414777 2.1238023 2.1877501 2.4942087 2.5870557 1.7492907 1.5525455 2.2785369 2.1740322 2.0660975 2.0798866 2.1264832 2.1264832 2.1317040 0.0000000 1.6811347 2.3639347 2.9794183 4.0432927 2.7957812 2.5694637 2.8443871 2.3910832 2.9017067 2.8515379 2.9437923 2.8928187 2.5817804 2.3458183 2.4154162 2.5876003 2.0318191 2.6833003 3.2331397 2.2220266 2.4292915 2.4019008 2.2592313 2.5318458 2.2626478 2.3967475 2.0925245 2.1303163 2.1718263 2.1518113 2.2225638 1.9710436 2.3770241 2.7531214 2.5609269 2.9776662 2.6294185 2.7173434 3.1046619 
Salurc_EP00051_Salpingoeca_urceolata_P013550      2.3531395 1.7001952 1.9596365 2.0903008 2.0655359 2.2593428 2.0305406 2.0148922 1.9838162 2.1617248 2.7379683 1.8880114 1.9586871 2.0920948 1.5317369 2.0201672 2.0697979 2.2508105 2.1323884 2.0539744 2.1093786 2.2203969 2.4621025 1.5976062 1.6045191 2.3354850 2.3731544 2.2541428 2.2489961 2.2415748 2.2415748 2.2341145 1.6811347 0.0000000 2.0558929 2.6155880 3.3765957 2.7880091 3.0531398 2.7120497 2.6643264 2.7560690 2.8299903 3.0345579 2.9935794 3.1789809 2.1454040 2.3414898 2.5555802 2.0659227 2.5182989 2.9490344 2.3433145 2.4538962 2.4316702 1.9737749 2.2155393 2.1186690 2.1333303 2.0423744 1.9772182 2.2675864 2.3230996 2.2282084 2.1387704 2.5627303 2.8506872 2.5267517 2.7793579 2.8677872 2.3970764 2.8180801 
Didcos_EP00039_Didymoeca_costata_P000772          3.2607782 2.0905428 2.5716069 2.7893409 2.6660289 3.4374083 3.1366740 2.7999307 2.7081691 3.0983813 3.0969058 2.2023401 2.0430772 2.4415503 1.8063689 2.4311676 2.3407981 2.6753444 2.6510311 2.2392727 2.6270349 2.7907593 3.0318243 2.1421340 2.0666816 2.6741503 2.9059615 3.0342448 3.0142288 2.9889921 2.9889921 3.0751826 2.3639347 2.0558929 0.0000000 3.2052100 4.1144483 3.3327043 3.4445102 3.1325019 3.1046605 3.0284247 2.9080477 3.3230059 3.3472619 3.0085709 2.6438827 2.4578273 2.8670601 2.1812106 2.8344523 3.9194478 2.9506403 2.8633805 2.7124334 2.8070589 2.4177421 1.9467334 1.9677104 1.6855633 1.8414449 2.7651464 2.2508081 2.4478014 2.3904630 2.5461908 2.9553996 2.5557319 3.0300448 3.5978583 3.3144118 3.2082802 
Mlei_ML1320.g2.i1                                 2.7183008 2.3155595 2.5496608 2.4663305 2.2685749 2.2805482 2.2081723 2.1549118 2.2106429 2.3046509 3.2814839 2.6983500 2.6658664 2.3456556 1.9043541 2.3479495 2.3029486 2.4198585 2.7319921 1.9955779 2.1725384 2.5932553 2.6020042 2.5680633 3.0699133 2.6690699 2.5733521 2.6066959 2.6231832 2.5762418 2.5762418 2.6752122 2.9794183 2.6155880 3.2052100 0.0000000 0.5289254 0.6741484 0.5569402 0.7347046 0.9953911 0.8971667 0.7606098 0.9615666 0.9674159 1.5501108 2.6072856 2.5419957 2.6737621 2.4249559 2.6725883 3.6283008 3.0051059 2.2191709 2.5456514 2.8819755 2.5092885 3.2616792 3.4309840 3.1408794 2.9899060 3.3965387 3.3508389 3.5727637 3.1039128 3.4813136 3.5908341 3.7030835 2.7900141 2.7446005 2.9250354 3.0798163 
Beraby_Baby_sb320841                              3.0456206 2.6426383 3.1045726 2.8165040 2.7530499 2.5228082 2.4000454 2.3591383 2.4312237 2.2879178 8.2078799 3.5595325 3.1380164 3.1366630 0.0000010 3.0923694 2.5579406 2.7083311 2.8772763 2.6141593 2.5320598 3.4527702 3.3269842 3.0638773 3.5216308 0.0000010 2.8561307 2.9138456 2.7875690 2.7516113 2.7516113 2.7448216 4.0432927 3.3765957 4.1144483 0.5289254 0.0000000 0.6837538 0.7024445 0.8407623 1.0867231 1.1040998 0.8416270 1.1400011 1.1112701 7.3123789 2.6455465 3.7461321 3.2167517 3.2829085 2.8539060 3.6730263 3.2539936 2.9816866 4.1906505 3.5736779 2.8062985 4.2089882 4.1152689 4.4861435 3.8799919 3.8030778 4.0011281 3.9378110 3.8101778 3.9096484 4.0844527 4.8090494 3.0130177 2.7638856 3.4905751 3.3438231 
Bolinf_Binf_sb1297593                             2.7365239 2.3360618 2.8812343 2.5142519 2.4333965 2.3923643 2.4535377 2.2614687 2.2688375 2.2062047 4.1900798 2.9282753 3.0509143 2.3636998 3.3528836 2.6541046 2.2852171 2.3629557 2.4298202 2.4482267 2.2291155 2.7087227 2.7741196 2.6359369 3.0900848 2.3713804 2.4633473 2.5873110 2.6272121 2.5990190 2.5990190 2.5383983 2.7957812 2.7880091 3.3327043 0.6741484 0.6837538 0.0000000 0.0281808 0.7352932 1.0877285 1.0391865 1.0085466 1.0207422 1.0062785 8.9999983 2.4826409 2.7230509 3.1476158 3.1451033 3.1103737 4.4848001 3.0295340 2.4699827 2.9276981 2.9595736 2.2444905 3.2614465 3.2165086 3.5291877 3.5355809 2.9756913 3.4089134 3.4518014 3.1526924 3.7764714 3.6897803 3.9867135 2.8731970 2.7209790 3.0726178 3.4380161 
Mertsp_Mesp_sb542735                              3.1375950 2.3525469 2.7991755 2.2875663 2.3262404 2.6934571 2.5044527 2.1386035 2.3114121 2.3980900 3.1956575 2.8808245 2.6851034 2.2346638 2.0838776 2.7063288 2.5881358 2.5063162 2.7900667 2.2705319 1.9689078 2.4354282 2.3738711 2.9892750 2.8891628 2.6079448 2.6454056 2.5883439 2.6629394 2.6378790 2.6378790 2.6088421 2.5694637 3.0531398 3.4445102 0.5569402 0.7024445 0.0281808 0.0000000 0.7921884 1.2130678 1.1365925 1.0337070 1.0474711 1.0487784 9.0000000 2.4551894 2.7773816 2.7188983 2.7142991 2.6670909 0.0000010 2.7753648 2.2610396 2.8718569 2.4980339 2.3337951 3.7705212 3.6529735 3.2900882 3.7914189 2.7404056 2.9754873 3.0495343 2.7680449 3.8340287 3.7917682 4.0344008 3.3799324 2.5280659 2.7303261 4.0708735 
Lampan_Lpan_C414375_01                            2.7889886 2.1836682 2.5371410 2.2967525 2.2536354 2.3616990 2.3121046 2.2652489 2.2498134 2.3945407 3.0071256 2.7852515 2.6260537 2.3107822 1.6772301 2.4886575 2.3541421 2.2844654 2.4568748 2.2635843 2.3000324 2.5114661 2.5285701 2.6092341 2.7967850 2.4971211 2.6601832 2.7280001 2.7535714 2.7187341 2.7187341 2.7427381 2.8443871 2.7120497 3.1325019 0.7347046 0.8407623 0.7352932 0.7921884 0.0000000 0.8571953 0.7442356 1.0736312 1.0990596 1.1195030 1.3380756 2.4850031 2.6352623 2.6405724 2.4602771 2.7417314 3.8036184 2.5626535 2.5028731 2.4536031 3.0359131 2.6398529 3.2870119 3.2188335 3.1151287 3.2663685 3.0470882 3.5678146 3.3587319 2.8866356 3.3975143 3.3990348 3.2941070 2.9820856 3.1252249 3.0988274 3.4862224 
Coeast_Cast_sb801806                              2.3030551 2.1162727 2.5838568 2.4796813 2.4479898 2.5439746 2.6032939 2.3102790 2.3010964 2.3650910 4.0624142 2.8273871 2.9309378 2.7514437 9.0000000 2.6427225 2.2535500 2.1575105 2.7232246 2.6583555 2.4488521 3.2771377 3.2987788 2.8887305 3.0832260 1.3492825 2.2621123 2.1577161 2.2088391 2.1476190 2.1476190 2.1242545 2.3910832 2.6643264 3.1046605 0.9953911 1.0867231 1.0877285 1.2130678 0.8571953 0.0000000 0.0514564 1.1651911 1.2572098 1.2605377 3.3343776 2.3582135 2.6663357 3.0474114 3.0952563 3.0291535 3.7513327 2.7935502 2.5240782 2.8330153 2.6985964 2.3144163 4.0188909 3.8954886 3.9601320 3.5965573 2.7633568 3.9633946 3.1145804 3.0384369 3.1047365 3.1688410 3.7472802 3.1835091 3.1998002 3.5554418 3.5136515 
Coemet_Cmet_scaffold1356_01                       2.6026395 2.2074893 2.6044989 2.4847240 2.4056834 2.4862541 2.4474096 2.4851590 2.3725223 2.5121366 3.0610660 2.6957715 2.7142447 2.3925746 1.7909300 2.4582135 2.4222422 2.4875177 2.6114863 2.2887962 2.3164794 2.7357607 2.8347603 2.9247014 3.0051108 2.2834395 2.4515413 2.4267318 2.4445337 2.3649067 2.3649067 2.4158534 2.9017067 2.7560690 3.0284247 0.8971667 1.1040998 1.0391865 1.1365925 0.7442356 0.0514564 0.0000000 1.3073554 1.1600051 1.1846374 1.1995348 2.5508391 2.6953978 2.8308558 2.6209408 2.9985064 4.4389159 3.1115051 2.3381162 2.5042161 2.9142406 2.3928940 3.1939958 3.2461532 3.2840852 3.2377826 3.2274596 3.1243934 3.5639195 3.3181326 3.4754772 3.5604432 3.4198068 2.7969049 3.0989886 3.2815198 3.4797192 
Drygla_Dgla_sb294850                              2.7411681 2.5475471 2.7309436 2.5322793 2.6206879 2.6198033 2.6490246 2.3999827 2.5465999 2.4034611 4.5030082 3.0990455 2.9469392 2.3793161 0.0000010 2.7156904 2.4210068 2.4715710 2.4717438 2.5655249 2.4913974 2.9622505 3.0781041 2.7842211 3.0287738 1.5297873 2.6930896 2.6072985 2.6488116 2.6603334 2.6603334 2.6764377 2.8515379 2.8299903 2.9080477 0.7606098 0.8416270 1.0085466 1.0337070 1.0736312 1.1651911 1.3073554 0.0000000 1.2034798 1.1859138 4.5469235 2.4874106 2.5316786 2.9155911 2.8444366 2.9543758 3.7133514 3.0109028 2.9152034 3.1987381 2.8212716 2.3792556 3.4128332 3.2244497 3.6305636 3.1847619 3.4470220 3.3136535 3.5688096 3.5018180 3.4829231 3.6201951 4.0114487 2.9489376 3.2771966 3.1653595 3.4835089 
Pbac_sb2667733                                    2.9250434 2.3592893 2.7030851 2.4731272 2.5573937 2.5740916 2.4968406 2.3538004 2.3606362 2.4490174 3.1245865 2.6651609 2.7528273 2.5896294 1.9652008 2.5915205 2.3318211 2.3560298 2.7357719 2.2230703 2.2959117 2.7666195 2.7823129 2.6048049 2.9314986 2.5969356 2.8610378 2.9949007 2.9985567 2.9774270 2.9774270 3.0830756 2.9437923 3.0345579 3.3230059 0.9615666 1.1400011 1.0207422 1.0474711 1.0990596 1.2572098 1.1600051 1.2034798 0.0000000 0.0269210 1.9145904 2.9588911 2.6886539 2.8389206 2.6605035 3.1718061 4.1169452 3.0864531 2.6177919 2.8123699 2.9647648 2.8453087 3.2597313 3.3078003 3.0348892 3.0575379 3.0883380 3.2296646 3.5288600 2.9157329 3.2551364 3.3794895 3.1157011 2.9653133 3.1828679 3.0856481 3.5403352 
Horcal_Hcv1.av93.c3.g338.i1                       3.0109732 2.3849613 2.7547062 2.4744974 2.5301414 2.5688505 2.5033183 2.3495779 2.3634547 2.3999833 3.1950343 2.6799758 2.7681206 2.4947995 1.9659391 2.6107872 2.3732483 2.3545333 2.7481430 2.2108374 2.2891881 2.7328157 2.7314075 2.5593762 2.9223873 2.6726755 2.8918941 2.9790657 2.9826944 2.9773925 2.9773925 3.0701047 2.8928187 2.9935794 3.3472619 0.9674159 1.1112701 1.0062785 1.0487784 1.1195030 1.2605377 1.1846374 1.1859138 0.0269210 0.0000000 1.9239076 2.9717906 2.7598827 2.8532804 2.6465623 3.1878352 4.0418189 3.1104521 2.6282473 2.8218044 2.9007142 2.8505539 3.2053475 3.3115779 3.0758305 3.0651184 3.0644865 3.2660187 3.5021592 2.9105883 3.2284135 3.3353270 3.0878670 2.9538449 3.1061743 3.0738950 3.5730113 
Vmul_SimC386336                                   3.1157346 1.8401854 2.3238440 2.8784173 2.6171399 2.9272127 2.9303924 3.1900613 2.8864355 2.7968012 3.0611131 2.8575330 2.8515536 3.0679364 2.3753060 2.7629578 2.4662325 2.2921988 2.7159185 2.8167753 2.6982659 2.6995672 2.9236319 3.1999336 3.0664317 3.1169953 3.0426338 3.0375914 3.0135658 2.9339438 2.9339438 3.1003229 2.5817804 3.1789809 3.0085709 1.5501108 7.3123789 8.9999983 9.0000000 1.3380756 3.3343776 1.1995348 4.5469235 1.9145904 1.9239076 0.0000000 2.7984917 2.5147980 3.1080168 3.0082566 3.1708820 1.1528778 2.3183748 3.0163051 3.0085249 4.1238834 2.8269179 3.9707615 3.9268742 3.0103703 3.6057445 4.9104822 2.9821832 4.7075199 3.3521809 2.7112516 3.0647053 3.1891595 2.7801368 4.3952163 3.2447210 3.5039029 
Ctel_gnl_WGS_AMQN_CAPTEDRAFT_mRNA228517           2.0656966 1.5284279 1.6060599 1.8387249 1.8048095 2.0073946 1.8612724 1.8530160 1.7865139 1.9500357 2.4864845 1.9557552 1.8983613 1.8742291 1.3483600 2.0091705 1.4401589 1.5444234 1.7450697 1.7673496 1.8084353 1.9792030 2.0828660 2.2752944 2.2288563 1.8901120 1.9343032 1.8762890 1.8396843 1.8744670 1.8744670 1.9435760 2.3458183 2.1454040 2.6438827 2.6072856 2.6455465 2.4826409 2.4551894 2.4850031 2.3582135 2.5508391 2.4874106 2.9588911 2.9717906 2.7984917 0.0000000 1.9301202 2.2191926 1.8966090 2.2539274 2.6705516 2.1380411 2.1376659 2.2500331 2.4855945 2.5740168 2.9238716 3.0381511 2.6956667 2.8392589 3.2445677 3.0389852 2.7105020 2.7118504 3.0817381 3.5510728 2.9682373 2.4046371 2.0970293 2.7261702 2.7572629 
Cscu_XM_023368406.1                               2.1813230 1.4703073 1.6287941 1.8123472 1.8263757 2.1196730 1.9809171 1.8610443 1.8066093 1.9246319 2.2643779 1.9573192 2.0543049 2.2711028 1.2737808 2.2158933 1.5027153 1.5799678 1.9215144 1.7585043 1.9828191 2.0940817 2.4037920 2.4282383 2.4104440 2.0159869 2.2688093 2.2040890 2.2252942 2.2507124 2.2507124 2.2047502 2.4154162 2.3414898 2.4578273 2.5419957 3.7461321 2.7230509 2.7773816 2.6352623 2.6663357 2.6953978 2.5316786 2.6886539 2.7598827 2.5147980 1.9301202 0.0000000 2.4097850 2.0112302 2.4042769 1.9851590 2.1848363 2.1671046 2.3057368 2.9103187 2.1654087 2.5495308 2.6768913 2.6177354 2.6221784 2.6336986 2.7427340 2.5214518 2.3258154 2.9632111 3.1171545 2.7439039 2.2188170 2.8440724 2.5527233 2.3614294 
Scil_scict016401.1                                2.5083221 1.8972076 2.0960566 2.1411309 2.0160632 2.2027676 1.9880718 1.9178978 1.9125814 2.1228384 2.6893485 2.1914568 2.2984877 2.3406019 1.5195496 2.1601061 2.2060366 2.4093866 2.4100904 1.9260195 2.1783545 2.6296657 2.6515488 2.6954134 2.3652983 2.2110008 2.5163898 2.4741680 2.4824310 2.3886342 2.3886342 2.5239794 2.5876003 2.5555802 2.8670601 2.6737621 3.2167517 3.1476158 2.7188983 2.6405724 3.0474114 2.8308558 2.9155911 2.8389206 2.8532804 3.1080168 2.2191926 2.4097850 0.0000000 0.3306753 0.6019293 0.3972221 0.9491285 2.1295052 2.4632305 2.7329089 2.5383843 2.9512009 3.0888692 2.6640013 2.9162282 2.8282338 2.8977250 3.0870292 2.6162602 3.1125908 3.4153966 2.7105568 2.9128769 2.7397889 2.5671246 2.9433511 
Gracom_Gcom_scaffold17139_01                      2.4068737 1.6441776 1.7793070 1.7563372 1.6549567 1.9530456 1.7269860 1.5606712 1.6239722 1.8119005 1.9328533 1.8572850 1.8102909 1.9153375 1.5616892 1.7879055 1.7591548 1.9683761 2.0128637 1.7592652 2.0514046 2.1084833 2.1261878 2.2655485 2.0416038 2.2126567 2.4627725 2.2335180 2.2569113 2.2817003 2.2817003 2.3810022 2.0318191 2.0659227 2.1812106 2.4249559 3.2829085 3.1451033 2.7142991 2.4602771 3.0952563 2.6209408 2.8444366 2.6605035 2.6465623 3.0082566 1.8966090 2.0112302 0.3306753 0.0000000 0.4047533 5.9932618 0.9327261 2.0900016 1.9801789 2.1485234 1.9868210 2.3315437 2.5041546 2.2895178 2.3040634 2.4500804 2.2386612 2.1522841 2.5174993 2.4980868 2.6426333 2.1858505 2.5281921 3.2468490 2.6621343 2.3985443 
Lcom_lcpid45900                                   2.8344973 1.9838327 2.2308686 2.2687345 2.1954663 2.3511627 2.1485206 2.1079301 1.9602613 2.2618264 2.6658319 2.2833584 2.2977310 2.4320794 1.7059509 2.3149549 2.3679027 2.5237357 2.5747967 2.1552186 2.3084624 2.5223256 2.8909116 2.7030375 2.4854461 2.5922547 2.5405836 2.4985183 2.4807117 2.4839622 2.4839622 2.5309494 2.6833003 2.5182989 2.8344523 2.6725883 2.8539060 3.1103737 2.6670909 2.7417314 3.0291535 2.9985064 2.9543758 3.1718061 3.1878352 3.1708820 2.2539274 2.4042769 0.6019293 0.4047533 0.0000000 0.5458051 1.0483065 2.3635726 2.5987177 2.8804928 2.4218315 2.8826442 3.0734944 3.0500248 2.7726784 2.7581606 3.0257469 2.9341381 2.9484793 2.9223333 3.1802019 2.9260351 3.1805689 2.7920167 2.6956516 2.8071624 
