75
Hsap_ENST00000265849                               0.0000000 1.2379151 1.3959292 1.4144876 1.4077385 0.9098524 1.7886283 1.4715962 1.4339290 1.3666102 1.5869004 1.7869364 1.5959387 1.3469669 1.5273181 1.7607771 1.6381813 1.6095935 1.3410243 1.4257813 1.5536462 1.4792458 2.1725367 2.1884929 2.0002954 2.1636492 1.7854128 1.7249545 1.7816382 1.7458955 1.6665419 1.7891828 1.8316206 1.7614104 1.7908756 1.7895426 1.8718349 1.8955954 1.7894511 1.8006484 1.3750749 2.6782588 4.2977844 2.4612065 3.8528644 2.3308782 2.3426665 3.2695035 2.3972601 3.3258423 2.2190231 2.6777332 1.5750667 1.9461221 2.5607313 2.4727011 2.4499164 2.2703085 1.7102832 3.0028822 1.8142012 2.8487989 2.3449512 2.4140024 3.2351916 2.7655923 2.7318455 2.6544969 3.7815685 2.1685966 2.4993836 2.9197522 2.1788452 2.5884704 3.2872769 
Bralan_BLAG09000609_1                              1.2379151 0.0000000 1.3133046 1.2414163 1.2591862 0.8318471 1.7760410 1.4377541 1.4266950 1.2619447 1.2754296 1.6369672 1.4270140 0.9691570 1.2881526 1.5533295 1.6776278 1.5749652 1.1738826 1.3079658 1.5701226 1.2878685 2.1487640 2.1303436 1.6899501 1.8999770 1.5843024 1.5948912 1.7186529 1.6877093 1.5409508 1.5864968 1.5551653 1.5421079 1.5593619 1.5526314 1.5390779 2.0365268 1.9375403 1.8685156 1.1224573 2.4470225 4.2941859 2.4382716 3.7830803 2.2064703 2.1599624 2.4466741 2.3030937 3.3586440 2.3345232 2.8214763 1.4367375 1.6801608 2.4700296 2.3300057 2.3324677 2.1762613 1.7114337 2.8967445 1.8173790 2.5625321 2.3235084 2.1756941 2.9528144 2.5080549 2.6745483 2.5511796 3.6043028 2.1298353 2.3098184 2.6722730 1.9322226 2.2995659 3.6215520 
Skow_XM_002736445.2                                1.3959292 1.3133046 0.0000000 1.4024872 1.4266531 0.7364263 1.8776085 1.3858492 1.3671903 1.4497101 1.6899708 2.2192352 1.6080452 1.1845913 1.3633381 1.8132718 2.1008826 1.8061607 1.5488473 1.4206026 1.9144179 1.5826727 2.3276745 2.3209195 2.1904132 1.9499900 2.0482558 2.0596868 1.7929117 1.7694278 1.8708785 1.9534292 1.9229220 2.0000786 1.9626426 1.9650886 1.9223410 2.2795706 2.3259407 2.1737967 1.4907036 3.1482273 3.5097371 2.3186141 3.4302986 2.9709967 2.8884069 2.9726894 4.0072944 4.0107425 2.7159289 2.7784578 2.0412663 2.2992077 1.9689121 2.7899956 2.6170185 2.1376743 1.8823127 2.3189031 1.8064750 2.1194408 2.5259833 2.4716366 2.4743599 2.4521954 2.5341650 2.6673261 2.7823282 2.7743738 1.5061930 4.9817628 3.9766158 3.4335830 3.2912690 
Fspp_ffun1.m4.22455.m1                             1.4144876 1.2414163 1.4024872 0.0000000 0.3068356 0.6540983 1.7287965 0.4703058 0.4515617 1.4634455 0.5768227 0.6829974 0.6489236 1.3288267 1.5634925 1.7402501 1.7377107 1.5475679 1.0034720 1.1907257 1.3571553 1.0286065 2.1954361 2.2443742 1.7241554 2.1349835 1.6608894 1.5886926 1.6938391 1.6915790 1.5614473 1.6091801 1.6308687 1.6238649 1.6201552 1.6072616 1.6593402 1.9518120 1.8066448 1.9380142 1.4518784 2.4631244 3.3858959 2.0888555 3.7127706 2.2145993 2.1765853 2.6326547 2.2001682 3.3869309 2.3499231 2.7592836 1.8545993 1.8754622 2.5040305 2.3878988 2.5027512 2.1944187 1.8480222 2.8730538 1.8810990 2.6833102 2.1921292 2.3515652 3.2735614 2.7659168 2.4967096 2.5502822 3.5015344 2.1734961 2.5803655 2.5934391 1.9402234 2.0556420 3.5938226 
Gasp_gasp1.m3.29236.m1                             1.4077385 1.2591862 1.4266531 0.3068356 0.0000000 0.7050669 1.6004592 0.4753133 0.4342196 1.3500074 0.5353583 0.6579570 0.6108246 1.2589221 1.5752395 1.7515407 1.6746232 1.5388481 0.9810869 1.1837431 1.3904963 0.9670832 2.1649207 2.2447816 1.7356657 2.2069416 1.6394034 1.6170554 1.6303742 1.6285550 1.4654328 1.5127179 1.4968193 1.4734274 1.5325869 1.5053457 1.5423901 1.9120030 1.7768987 1.8603126 1.4714009 2.4253896 3.5505306 2.0281295 3.7987136 2.2043616 2.1762504 2.6049246 2.1472994 3.2015807 2.3364640 2.7931153 1.6613990 1.7823793 2.6939638 2.2419812 2.3827858 2.2010641 1.8647426 2.7396342 1.8586354 2.4464076 2.2334665 2.2349362 3.1194263 2.7028053 2.6095230 2.5461250 3.5593388 2.0667452 2.5767393 2.4416299 1.9195709 1.9951943 3.6984848 
Stycar_maker-SC_scaffold4979-snap-gene-0.17-mRNA-1 0.9098524 0.8318471 0.7364263 0.6540983 0.7050669 0.0000000 0.5709101 0.8175643 0.8059403 0.7904462 0.6223142 0.0000010 0.7580804 0.9089031 0.9298571 0.8082615 0.0000010 0.8142489 1.1099544 0.9560758 1.2305215 1.1477085 1.0173412 1.0943562 0.0000010 0.0000010 2.1619271 1.1072738 0.9959785 1.0072404 1.2010654 1.2010654 1.2184804 1.2076821 1.2040366 1.2096461 1.2040366 0.8901557 0.9040168 1.2218460 1.6678682 1.3188966 1.3512343 1.1831825 1.4629220 1.1797522 1.1227522 2.7382014 0.0000010 0.0000010 1.2855000 1.3218384 1.2946758 1.5491553 1.0044446 0.9121269 1.3333208 1.3528333 1.0829616 0.3627396 0.9599059 0.9033345 1.0912602 1.6831826 1.3331449 1.2322094 1.2548404 1.4740853 1.4360424 1.4951022 0.6979611 8.2970931 6.7461325 3.4496936 5.4961033 
Codhol_EP00042_Codosiga_hollandica_P012297         1.7886283 1.7760410 1.8776085 1.7287965 1.6004592 0.5709101 0.0000000 1.6470228 1.6548350 1.6759842 1.8305017 1.9008871 1.7825102 1.6095302 2.1059874 1.6908200 1.7439043 1.8672411 1.6627917 1.8362947 1.9998143 1.8954812 2.2067305 2.3041341 1.8950563 2.0258818 1.9845260 1.8393403 2.2398133 2.3609841 2.0187011 2.0946384 2.0757039 2.0702803 2.0394512 2.0512357 2.0782944 1.4708458 2.2459253 2.1311791 1.8295043 2.4636351 4.0820570 2.2197303 3.4628674 2.3972769 2.4211319 3.0552922 2.5981795 3.1550215 2.1715497 2.7305709 2.1566746 1.9526862 1.9477859 1.7228794 2.1081633 1.8665139 1.9503994 2.8979156 2.1476967 2.0161085 2.0115728 2.0392166 2.4072156 2.2200007 2.2255517 2.2542894 3.0576602 1.8416543 2.5232246 2.5481532 1.7868120 2.5610219 4.1844170 
Spis_XP_022786714_1                                1.4715962 1.4377541 1.3858492 0.4703058 0.4753133 0.8175643 1.6470228 0.0000000 0.1675444 1.5144949 0.6592465 0.7353432 0.6663094 1.3493340 1.5622584 1.8104308 1.7537546 1.6331256 1.0800686 1.2616362 1.4965321 1.0465054 2.2465376 2.4347141 2.0187011 2.2426843 1.6668685 1.6363148 1.8292583 1.8188186 1.7123394 1.7327451 1.6763204 1.6533677 1.6683291 1.6517178 1.7154448 1.8649244 1.9097622 1.9631289 1.5766948 2.6510274 3.6679830 2.0947948 3.8753048 2.4723707 2.4183741 2.6345896 2.3025096 3.7772656 2.4618658 3.0166414 1.7871476 1.9963765 2.6473192 2.2985201 2.4879516 2.2669408 1.8966224 2.9984226 2.0778967 2.7000007 2.1970343 2.3108725 2.9859379 2.4677895 2.4949214 2.5532481 3.5552368 2.2205606 2.7153661 2.7135743 1.9822005 1.9690247 3.6200315 
Pocdam_XM_027202873.1                              1.4339290 1.4266950 1.3671903 0.4515617 0.4342196 0.8059403 1.6548350 0.1675444 0.0000000 1.5067649 0.6313345 0.7119626 0.6505606 1.3125275 1.5549414 1.8272425 1.7510984 1.6818628 1.0495182 1.2301472 1.5178711 1.0765590 2.1643904 2.3390727 1.8621263 2.2894819 1.6511890 1.6312599 1.8260720 1.7759457 1.6506650 1.6820460 1.6296930 1.5908318 1.6124837 1.5961435 1.7025641 1.8634593 1.8257827 1.9123733 1.5888797 2.5368556 3.4421571 2.0698287 3.5662013 2.3681155 2.3177082 2.6430610 2.3140261 3.4307592 2.3381867 2.8467137 1.7916522 1.8581854 2.5404923 2.2474172 2.4337842 2.2549457 1.9582373 2.9163096 1.9563762 2.6918165 2.1706664 2.3511475 3.2611462 2.5659846 2.5459996 2.6571326 3.4434407 2.2197561 2.5750208 2.6602726 1.9197023 2.0526878 3.5470371 
Cgig_XM_034455175.1                                1.3666102 1.2619447 1.4497101 1.4634455 1.3500074 0.7904462 1.6759842 1.5144949 1.5067649 0.0000000 1.5183389 1.8565804 1.6145714 1.2802039 1.4305650 1.7061966 1.6877161 1.6414288 1.4164267 1.4535435 1.7867639 1.4850259 2.2004171 2.2727132 2.1614322 1.9595146 1.6962717 1.7344892 1.6730512 1.5973837 1.6164843 1.6342085 1.8256849 1.7541278 1.7630220 1.7647323 1.8258795 2.0460447 1.9865315 1.7397220 1.0787501 2.4580449 4.3315260 2.4425302 3.7953771 2.2446221 2.2325076 2.8165291 2.0848049 3.1188691 2.0470655 2.5109809 1.5573595 1.7475299 2.6507620 2.4021224 2.2769260 1.9546325 1.8852912 3.0836023 1.9420115 2.7259643 2.2432513 2.2630092 2.7605885 2.4388691 2.6177754 2.5027633 3.5097712 2.2418175 2.5764618 2.6908240 1.9070239 2.4549768 3.3358922 
Gfas_gfas1.m1.17205.m1                             1.5869004 1.2754296 1.6899708 0.5768227 0.5353583 0.6223142 1.8305017 0.6592465 0.6313345 1.5183389 0.0000000 0.6855760 0.6849225 1.4330303 1.6203486 1.8060880 1.5879315 1.6473388 1.0600441 1.2040497 1.4938612 1.0232739 2.0853523 2.3552930 1.9280119 2.0286210 1.6853822 1.7090241 1.8554989 1.8610951 1.8894227 1.9308671 1.7781400 1.7228309 1.7543359 1.7339664 1.7570996 2.0386441 2.0241209 1.8467889 1.5152689 2.7097848 4.4253664 2.3682459 4.4296699 2.4410684 2.4112932 2.5376036 2.3303987 3.7851385 2.6804230 3.3221236 1.8896605 1.8452651 3.2458064 2.4511918 2.4926717 2.3475677 1.8678330 3.0812014 2.0125584 3.2595448 2.3461659 2.3076397 3.4795303 2.8825742 2.5938412 2.5923821 3.4343913 2.2745133 3.0349789 2.4161557 1.9896185 1.8469004 3.6156400 
Adig_XM_015924735.1                                1.7869364 1.6369672 2.2192352 0.6829974 0.6579570 0.0000010 1.9008871 0.7353432 0.7119626 1.8565804 0.6855760 0.0000000 0.0346468 1.6822211 2.0613202 2.0385224 1.8659214 1.8731879 1.1682442 1.4817943 1.6796263 1.2155061 2.4550909 2.6447009 2.3272120 2.5564015 1.7917058 1.8173289 2.0656739 2.1619657 1.6768867 1.7218840 1.7049325 1.6708201 1.6999386 1.6849802 1.7455793 2.2565670 2.2195221 2.1116959 1.7834818 2.8957001 6.3463665 3.3815580 6.6173207 2.5244203 2.5176540 2.5011262 2.3802677 3.3006706 2.6800715 3.6540698 2.0992621 2.1007046 4.1545669 2.6488022 2.9449628 2.5228232 2.2794207 3.6071182 2.5754690 4.6287133 2.7277687 2.7025026 5.7316374 3.2483664 3.1973552 3.1620314 4.8275410 2.4629251 3.9007547 2.5019819 1.8056788 1.9150173 3.4953299 
Amil_Amillepora10699-RA                            1.5959387 1.4270140 1.6080452 0.6489236 0.6108246 0.7580804 1.7825102 0.6663094 0.6505606 1.6145714 0.6849225 0.0346468 0.0000000 1.5057212 1.4746349 1.9696065 1.9159548 1.6602792 1.0563870 1.3280109 1.5720785 1.0617363 2.3816344 2.5433540 1.8308850 2.3419622 1.7687723 1.6647855 1.8239576 1.8620786 1.6118286 1.6543427 1.6377406 1.6446814 1.6664040 1.6513524 1.6804723 2.0760706 2.0336073 1.9581263 1.6619865 2.8031466 4.1949625 2.5415608 4.0882374 2.4367832 2.4308184 2.6931804 2.5551674 3.3031715 2.4420439 2.7183401 1.9121167 2.0348641 2.4400102 2.4272425 2.6194628 2.3195082 1.8930934 2.7569701 1.9894977 2.6637170 2.5622517 2.4617148 3.3675161 2.7647637 2.8885729 2.7676862 3.6672555 2.5155166 2.2161399 3.1121237 2.2265212 2.0359945 3.7694011 
Spur_XM_781499.5                                   1.3469669 0.9691570 1.1845913 1.3288267 1.2589221 0.9089031 1.6095302 1.3493340 1.3125275 1.2802039 1.4330303 1.6822211 1.5057212 0.0000000 1.3776815 1.5971307 1.6986136 1.6209960 1.2810129 1.2653573 1.6020069 1.3723315 1.9681043 2.0820056 1.8797795 2.0063974 1.4371776 1.4909774 1.6767061 1.7175908 1.6515784 1.6972151 1.7754653 1.6876316 1.7110213 1.6832399 1.7193200 1.7712521 2.0364252 1.7957034 1.2310168 2.4963624 4.3151920 2.3527620 3.9857796 2.2101934 2.1486526 2.5619987 2.1621445 3.3576686 2.2649041 3.2242137 1.7046144 1.8780786 2.2183304 2.3893615 2.3601276 2.1996169 1.8741507 2.6449992 1.8567583 2.6149594 2.2055115 2.0597757 3.0429684 2.4069405 2.4757432 2.4692102 3.4152764 2.0557529 2.3214333 2.7630119 1.8314924 2.2405197 3.2623351 
Ctel_gnl_WGS_AMQN_CAPTEDRAFT_mRNA218769            1.5273181 1.2881526 1.3633381 1.5634925 1.5752395 0.9298571 2.1059874 1.5622584 1.5549414 1.4305650 1.6203486 2.0613202 1.4746349 1.3776815 0.0000000 1.9667194 2.1182472 1.5839134 1.3776633 1.4311733 1.7290030 1.4567333 2.2747906 2.3838642 1.9815139 1.9625077 1.8286153 1.8865202 1.9857282 1.8408150 1.8021614 1.9547484 2.0421292 1.9981685 1.9647781 1.9540774 2.0558539 2.0190697 2.1221841 2.1165978 1.6793358 3.2334458 3.8714452 2.7306133 3.2529617 2.6710807 2.5192684 2.7825941 3.9223606 3.4660015 2.4893795 2.6704870 2.2245337 2.3855537 1.8883429 2.6147637 2.5710370 2.6759231 1.8005031 2.2794043 1.7155168 2.3630120 2.3697662 2.3139962 2.4773807 2.4794679 2.6822550 2.3650975 2.5105228 2.7586759 1.6993301 4.9409890 4.0301720 2.7385690 3.4931448 
Halamb_c45320_g1_i3mm.1655                         1.7607771 1.5533295 1.8132718 1.7402501 1.7515407 0.8082615 1.6908200 1.8104308 1.8272425 1.7061966 1.8060880 2.0385224 1.9696065 1.5971307 1.9667194 0.0000000 0.7709563 1.9501850 1.6573061 1.6655547 1.8598960 1.7167760 2.1510144 2.2029890 2.1946204 0.8190231 1.7527845 1.7422921 2.0248641 2.0428296 1.9211166 2.0181329 2.0737039 1.9952019 2.0129559 2.0270054 2.0548861 1.8438265 2.1778561 2.2174601 1.7958739 2.7025192 4.2726743 2.6176327 3.9238513 2.6008561 2.6516126 2.7515359 2.4890696 4.1013319 2.5137333 3.3578649 1.9945618 2.3263236 2.9465650 2.4536457 2.4344708 2.1170762 1.5809971 2.7596552 2.1264640 2.6265636 2.2279778 2.5113654 2.9155877 2.5867106 2.6634128 2.4494625 3.4209439 2.0636950 2.9438496 2.8532894 2.0337857 2.4507048 3.8308630 
Xestes_maker-XT_scaffold5573-snap-gene-0.6-mRNA-1  1.6381813 1.6776278 2.1008826 1.7377107 1.6746232 0.0000010 1.7439043 1.7537546 1.7510984 1.6877161 1.5879315 1.8659214 1.9159548 1.6986136 2.1182472 0.7709563 0.0000000 1.8531066 1.5981067 1.6172764 2.0290744 1.6579006 2.1331361 2.3130536 2.4743762 0.8573661 1.7441922 1.7568337 2.0811932 2.1349963 2.0938962 2.1252432 2.0007536 2.0154553 1.9827418 1.9899064 2.0347118 1.9515838 2.3684976 2.1441449 1.5816922 2.5319720 4.2732087 2.4858214 3.8065008 2.4026884 2.3967825 2.6084835 2.3362570 3.3078132 2.5953027 3.5782972 2.1387033 2.1843241 3.4511141 2.5146300 2.4883756 2.1783163 1.4521207 2.9206258 2.1373119 3.0662952 2.1825733 2.3133087 3.2164827 2.6481308 2.5808757 2.4219949 3.5674786 2.1973496 4.0607741 2.6804744 2.1464115 2.0248521 2.9639935 
Sanmal_Sma_025318-T1                               1.6095935 1.5749652 1.8061607 1.5475679 1.5388481 0.8142489 1.8672411 1.6331256 1.6818628 1.6414288 1.6473388 1.8731879 1.6602792 1.6209960 1.5839134 1.9501850 1.8531066 0.0000000 1.5223065 1.6643022 1.8237071 1.4700601 2.4142288 2.5450082 1.9648785 2.0965290 1.9763516 1.9354453 1.1356264 1.0600723 1.7957507 1.8392991 1.7643340 1.7573037 1.7690900 1.7851810 1.8151388 2.1176143 1.7543884 2.1318303 1.6789520 2.4877496 3.6205337 2.2948375 3.5496826 2.2703402 2.2581002 2.7330200 2.3209982 3.3637979 2.3127774 3.2802157 1.9609653 2.0780044 2.7373002 2.3785750 2.5676179 2.2890035 2.0091350 3.2529270 1.1689206 2.3967144 2.4338499 2.3651100 3.3432007 2.6857735 2.8718888 2.6326006 3.4684645 2.3921632 2.8724988 3.0479208 2.3816383 2.4853652 4.1550704 
Exapal_XM_021038749.2                              1.3410243 1.1738826 1.5488473 1.0034720 0.9810869 1.1099544 1.6627917 1.0800686 1.0495182 1.4164267 1.0600441 1.1682442 1.0563870 1.2810129 1.3776633 1.6573061 1.5981067 1.5223065 0.0000000 1.1789768 1.4478919 0.8938641 2.0863205 2.1823718 1.7373163 2.0317786 1.7321852 1.6857556 1.5792442 1.5614794 1.5962981 1.6520602 1.6456980 1.6048385 1.5595310 1.5665602 1.6937204 1.9026327 1.8039617 1.7798581 1.4890024 2.4970316 3.8975333 2.6837997 3.8537613 2.2845109 2.2309058 2.5780213 2.3451307 3.4039636 2.3066865 3.0915147 1.7461571 1.7633592 2.5482703 2.1496070 2.2335429 1.8986768 1.7579000 3.2320323 1.7184014 2.6229789 2.1476145 2.2491390 2.9596005 2.5981884 2.5687850 2.5484023 3.4427269 2.0825723 2.5171764 2.5592996 1.9560188 2.2928599 3.6512686 
Dgig_XM_028536137.1                                1.4257813 1.3079658 1.4206026 1.1907257 1.1837431 0.9560758 1.8362947 1.2616362 1.2301472 1.4535435 1.2040497 1.4817943 1.3280109 1.2653573 1.4311733 1.6655547 1.6172764 1.6643022 1.1789768 0.0000000 0.7817620 1.2497192 2.2170230 2.3512674 1.9375215 1.8933704 1.8966542 1.7677470 1.6035135 1.6122915 1.6302723 1.6486422 1.5890031 1.5842302 1.6561918 1.6415413 1.6549627 1.7253739 1.8288785 1.8457588 1.4825593 2.3749086 3.3754662 2.2370759 3.6241170 2.2050151 2.1933708 2.9145123 2.3026646 3.5590839 2.3452282 2.5922741 1.6220584 1.8139528 2.7205812 2.3815718 2.3643262 2.0300048 1.8734100 2.8632808 1.7894950 2.5189188 2.1356079 2.4387139 2.9670459 2.4705967 2.8322997 2.4872075 3.7006118 2.3287713 2.7480443 2.9989679 2.2019842 2.3416250 4.0326225 
Xesp_006983-T1                                     1.5536462 1.5701226 1.9144179 1.3571553 1.3904963 1.2305215 1.9998143 1.4965321 1.5178711 1.7867639 1.4938612 1.6796263 1.5720785 1.6020069 1.7290030 1.8598960 2.0290744 1.8237071 1.4478919 0.7817620 0.0000000 1.5620963 2.5641118 2.5863069 2.1664484 2.2014872 1.6938358 1.6765051 1.8660930 1.8287531 1.8230584 1.9039989 1.9215388 1.8929938 1.9059595 1.8848399 1.7910323 2.1057347 2.0719765 1.9989506 1.7324668 2.6902691 4.1554593 2.5949555 3.6687395 2.6044111 2.5569605 2.9838749 2.3892028 3.8470253 2.4761882 2.7281580 1.8322643 2.1126073 2.8421776 2.6313134 2.7811065 2.2634322 2.1118781 3.3033439 2.2174638 2.7285737 2.4011352 2.6128901 3.4730358 2.7404547 2.9698344 2.9777577 4.0534530 2.4805581 3.0019480 3.1100412 2.1775525 2.3605281 4.0247667 
Nvec_v1g231142                                     1.4792458 1.2878685 1.5826727 1.0286065 0.9670832 1.1477085 1.8954812 1.0465054 1.0765590 1.4850259 1.0232739 1.2155061 1.0617363 1.3723315 1.4567333 1.7167760 1.6579006 1.4700601 0.8938641 1.2497192 1.5620963 0.0000000 1.9787551 2.1119180 1.8255664 2.1556372 1.5426862 1.5399300 1.6655871 1.5499906 1.5479674 1.5886843 1.5455206 1.4567614 1.5260409 1.5014581 1.5818804 1.9890303 1.8426261 1.7683380 1.5625240 2.6159199 3.4639012 2.2055115 3.7213194 2.1107795 2.0679725 2.8550729 2.5102610 3.2514424 2.3372398 2.8256309 1.7181297 1.8217747 2.2475524 2.2425179 2.3675708 2.1950823 1.9889120 2.8668607 1.7988755 2.7763500 2.4103529 2.3378397 3.2700116 2.5986828 2.7234042 2.6934513 3.4687895 2.2475936 2.4587014 2.9858122 1.9508717 2.0759716 3.7695700 
Scil_scict017044.1                                 2.1725367 2.1487640 2.3276745 2.1954361 2.1649207 1.0173412 2.2067305 2.2465376 2.1643904 2.2004171 2.0853523 2.4550909 2.3816344 1.9681043 2.2747906 2.1510144 2.1331361 2.4142288 2.0863205 2.2170230 2.5641118 1.9787551 0.0000000 0.7396089 0.6433066 2.1895952 2.0755961 1.9721529 2.2879748 2.2829958 2.0849450 2.1753449 2.3136850 2.2584510 2.2794416 2.2641100 2.3448709 2.2896689 2.7848835 2.6218636 2.0562229 3.0865902 5.1164100 3.4922182 4.8014395 2.8579631 2.8057393 2.7966503 2.6215972 3.3883350 2.5590503 3.5768176 2.7088454 2.3242719 3.0657703 2.8208747 2.7303026 2.7771181 2.3133619 3.5472816 2.7978313 3.0975324 2.8242795 2.5743717 3.7329977 2.9185133 2.7167758 2.7647034 3.8833921 2.1670921 3.0951509 3.4092376 2.5683552 2.6069892 1.8259102 
Lcom_lcpid33076                                    2.1884929 2.1303436 2.3209195 2.2443742 2.2447816 1.0943562 2.3041341 2.4347141 2.3390727 2.2727132 2.3552930 2.6447009 2.5433540 2.0820056 2.3838642 2.2029890 2.3130536 2.5450082 2.1823718 2.3512674 2.5863069 2.1119180 0.7396089 0.0000000 0.5148931 2.6152533 1.9560371 1.9241522 2.4194357 2.2978080 2.1993077 2.2478699 2.3667911 2.2914700 2.2763927 2.2755144 2.2937157 2.3803965 2.8793928 2.5103854 2.1296979 3.0040519 5.0677034 3.1815931 5.1911539 2.7356659 2.7068800 2.9274005 2.4990529 3.9449795 2.6833211 3.3560427 2.6421770 2.5257486 3.0958740 3.0122838 2.5732629 2.9122513 2.4522214 3.6694531 3.1475276 3.2677290 2.8990599 2.6310744 3.5744636 3.0354039 3.0293925 2.9742996 4.4075738 2.2294263 3.5666747 3.8474042 2.2982403 2.5254473 1.9876897 
Gracom_Gcom_C506402_01                             2.0002954 1.6899501 2.1904132 1.7241554 1.7356657 0.0000010 1.8950563 2.0187011 1.8621263 2.1614322 1.9280119 2.3272120 1.8308850 1.8797795 1.9815139 2.1946204 2.4743762 1.9648785 1.7373163 1.9375215 2.1664484 1.8255664 0.6433066 0.5148931 0.0000000 2.0335887 1.9646039 2.4319628 2.2038432 1.8883868 1.8868428 1.9481363 2.1204902 2.0472877 2.0815420 2.0731574 2.3127772 2.1338029 2.5596768 2.2932606 1.8241485 3.1953345 3.0698260 3.0698260 3.9437487 2.5539295 2.4183008 4.5180171 7.3741877 3.7374441 4.1669312 3.1914343 3.0142130 1.6493966 2.2015346 2.2010063 2.1058031 2.2791470 1.9483239 1.8903852 2.1225543 1.8096125 2.2070740 2.1647985 2.7068903 2.5591139 1.9619021 2.0553647 2.1088869 2.2912771 1.8425249 7.0234299 5.2503148 3.0779984 6.8201977 
Aque_Aqu2.1.26494_001                              2.1636492 1.8999770 1.9499900 2.1349835 2.2069416 0.0000010 2.0258818 2.2426843 2.2894819 1.9595146 2.0286210 2.5564015 2.3419622 2.0063974 1.9625077 0.8190231 0.8573661 2.0965290 2.0317786 1.8933704 2.2014872 2.1556372 2.1895952 2.6152533 2.0335887 0.0000000 2.0318717 2.1567100 2.6723005 2.4484925 2.0321252 2.0904646 2.0582039 2.0456839 2.0960776 2.0882940 2.1337188 2.5169051 2.6726556 2.3489710 1.9255506 3.6237070 5.2246586 3.0984415 4.8614638 3.1539527 3.2427831 2.9567014 3.4438096 3.2766267 3.0945760 3.3872038 2.2626277 2.7272674 2.7512268 3.2510981 3.3381159 2.9349480 1.8018105 2.7656044 2.3659426 3.1485559 2.7263991 3.2198194 3.1481822 2.9027979 3.1643212 3.0215298 3.4779418 3.0702802 3.2880703 4.1523612 3.1140783 2.2777773 3.0970772 
Ocar_g2189                                         1.7854128 1.5843024 2.0482558 1.6608894 1.6394034 2.1619271 1.9845260 1.6668685 1.6511890 1.6962717 1.6853822 1.7917058 1.7687723 1.4371776 1.8286153 1.7527845 1.7441922 1.9763516 1.7321852 1.8966542 1.6938358 1.5426862 2.0755961 1.9560371 1.9646039 2.0318717 0.0000000 0.0237430 1.9238504 1.7879164 1.8639118 1.9583793 2.0195365 1.9783079 1.9423877 1.9306442 1.9373323 1.7874859 2.4176582 1.9793361 1.5144660 2.4578120 3.4247063 1.9636340 3.2772208 2.3266386 2.2728395 3.5640719 2.6285200 3.7408323 2.7084096 2.9787131 2.1642837 2.1640630 2.6376492 2.3913690 2.2752996 2.4543965 2.3301933 2.9882636 2.0790464 2.7974880 2.3511558 2.4492487 2.7489961 2.6181436 2.3474910 2.4983168 3.3889595 2.2294304 3.0477645 3.3542108 2.4028922 1.9559772 3.4323854 
Opea_EP00118_Oscarella_pearsei_P012212             1.7249545 1.5948912 2.0596868 1.5886926 1.6170554 1.1072738 1.8393403 1.6363148 1.6312599 1.7344892 1.7090241 1.8173289 1.6647855 1.4909774 1.8865202 1.7422921 1.7568337 1.9354453 1.6857556 1.7677470 1.6765051 1.5399300 1.9721529 1.9241522 2.4319628 2.1567100 0.0237430 0.0000000 1.9448985 1.8121683 1.8287636 1.9084048 1.9431009 1.9084296 1.8586676 1.8500018 1.8447635 1.7461910 2.2195205 1.9615026 1.6165386 2.2997978 2.9417898 2.2166508 2.9087039 2.2502161 2.1890759 3.6234161 2.6899479 3.6661564 2.5769801 3.1511068 2.0684805 2.1044070 2.3719308 2.2725066 2.3072256 2.2858735 2.1891128 2.9248992 1.9394247 2.4568059 2.2678012 2.3294157 2.4952041 2.3943362 2.3708743 2.4847106 3.2583823 2.1654725 3.1911783 3.6604948 2.3932538 1.8425308 3.7421259 
Nemnom_g12263.t1                                   1.7816382 1.7186529 1.7929117 1.6938391 1.6303742 0.9959785 2.2398133 1.8292583 1.8260720 1.6730512 1.8554989 2.0656739 1.8239576 1.6767061 1.9857282 2.0248641 2.0811932 1.1356264 1.5792442 1.6035135 1.8660930 1.6655871 2.2879748 2.4194357 2.2038432 2.6723005 1.9238504 1.9448985 0.0000000 0.5055604 1.8045738 1.9112470 1.8157309 1.8094190 1.7813359 1.7904900 1.8722969 2.2247851 1.7352370 2.1397511 1.8828134 2.6819343 3.7473266 2.6287611 3.8777676 2.4758718 2.4185310 2.6768253 2.2594654 3.2786550 2.0591135 2.7661294 1.9259842 2.2583881 2.9403188 2.6523946 2.5025180 2.4592491 2.0811526 3.4946829 1.1937268 3.0278421 2.4855233 2.5912806 3.8578001 3.1251622 2.7614972 2.6355806 3.6885409 2.4594644 3.0932369 3.1861350 2.4478607 2.5049441 4.2530219 
Rhoesc_Res_010903-T1                               1.7458955 1.6877093 1.7694278 1.6915790 1.6285550 1.0072404 2.3609841 1.8188186 1.7759457 1.5973837 1.8610951 2.1619657 1.8620786 1.7175908 1.8408150 2.0428296 2.1349963 1.0600723 1.5614794 1.6122915 1.8287531 1.5499906 2.2829958 2.2978080 1.8883868 2.4484925 1.7879164 1.8121683 0.5055604 0.0000000 1.7686752 1.8524871 1.8146275 1.7721518 1.8311463 1.8249171 1.9011846 2.2401399 1.6238030 2.0604809 1.5887605 2.5964692 3.5165721 2.5814488 3.6311806 2.5227733 2.4740096 2.6537335 2.2917320 3.2081474 2.1733711 2.8327280 1.9797186 2.2088448 2.7441132 2.7340125 2.5818296 2.3420824 2.0530601 3.3326067 1.1476880 2.8717528 2.5029093 2.4385919 3.6842295 3.1230670 2.7998789 2.6347277 3.6759522 2.4603518 3.0244635 3.3290891 2.3634628 2.4133594 4.1226580 
Tadh_TriadT21244                                   1.6665419 1.5409508 1.8708785 1.5614473 1.4654328 1.2010654 2.0187011 1.7123394 1.6506650 1.6164843 1.8894227 1.6768867 1.6118286 1.6515784 1.8021614 1.9211166 2.0938962 1.7957507 1.5962981 1.6302723 1.8230584 1.5479674 2.0849450 2.1993077 1.8868428 2.0321252 1.8639118 1.8287636 1.8045738 1.7686752 0.0000000 0.0104731 0.3392859 0.2906757 0.3340411 0.3327289 0.3331305 1.8898714 2.2507305 2.0161974 1.9304759 2.6992953 3.9680155 2.4932365 3.6980162 2.5324728 2.5717436 2.9584864 2.5159241 2.6794798 2.3552448 3.0027514 2.0397037 2.0611092 2.9903881 2.3042558 2.4654335 2.1549108 1.8533375 3.2105775 1.9751446 2.6028021 2.3461072 2.5035823 3.0678672 2.5412487 2.8723886 2.7811501 3.5957110 2.4098375 2.9212020 3.2362686 1.9036598 2.3335813 3.9517610 
TrH2_TrispH2_005981-RA                             1.7891828 1.5864968 1.9534292 1.6091801 1.5127179 1.2010654 2.0946384 1.7327451 1.6820460 1.6342085 1.9308671 1.7218840 1.6543427 1.6972151 1.9547484 2.0181329 2.1252432 1.8392991 1.6520602 1.6486422 1.9039989 1.5886843 2.1753449 2.2478699 1.9481363 2.0904646 1.9583793 1.9084048 1.9112470 1.8524871 0.0104731 0.0000000 0.3520298 0.3064174 0.3417153 0.3404427 0.3419200 2.0163794 2.3100162 2.1211889 1.9729992 2.7266457 4.2378234 2.5967902 3.9879481 2.6596458 2.6503870 2.9208081 2.5785618 3.0205227 2.4870348 3.1543700 2.1252738 2.1847007 2.9659864 2.4372176 2.5887965 2.2976192 2.0182652 3.2842042 2.0886523 2.7450676 2.4983044 2.5941912 3.2208386 2.6449391 2.9658151 2.8944202 3.6783210 2.5911045 2.9772936 3.3843559 2.0559230 2.4941098 4.0762426 
HoiH06_mRNA3941                                    1.8316206 1.5551653 1.9229220 1.6308687 1.4968193 1.2184804 2.0757039 1.6763204 1.6296930 1.8256849 1.7781400 1.7049325 1.6377406 1.7754653 2.0421292 2.0737039 2.0007536 1.7643340 1.6456980 1.5890031 1.9215388 1.5455206 2.3136850 2.3667911 2.1204902 2.0582039 2.0195365 1.9431009 1.8157309 1.8146275 0.3392859 0.3520298 0.0000000 0.0889683 0.1503605 0.1544808 0.1934587 2.0699991 2.2086559 2.0460917 1.7810801 2.6850008 3.8288357 2.3203409 3.6810434 2.6148770 2.5183776 2.9642557 2.6389071 3.2975754 2.6417690 3.7515801 2.0834828 2.0882679 3.1896758 2.3717430 2.5352040 2.4349547 1.9407083 3.2120047 2.0618736 2.6407105 2.5117140 2.4644514 3.0529528 2.6084138 2.8591505 2.7419472 3.7189846 2.5732943 2.9072877 3.5251748 2.1300513 2.4137668 4.0008125 
HoiH23_PlH23_001981-RA                             1.7614104 1.5421079 2.0000786 1.6238649 1.4734274 1.2076821 2.0702803 1.6533677 1.5908318 1.7541278 1.7228309 1.6708201 1.6446814 1.6876316 1.9981685 1.9952019 2.0154553 1.7573037 1.6048385 1.5842302 1.8929938 1.4567614 2.2584510 2.2914700 2.0472877 2.0456839 1.9783079 1.9084296 1.8094190 1.7721518 0.2906757 0.3064174 0.0889683 0.0000000 0.1263112 0.1350463 0.1708337 2.0747375 2.1483664 1.9893073 1.7545947 2.7146772 3.8354572 2.3045702 3.7318210 2.6669273 2.6108539 2.7935966 2.5408474 3.1356763 2.5559237 3.5029743 2.0574891 2.0678287 3.1259870 2.3729912 2.4982379 2.3955278 1.9333757 3.2318035 2.0105097 2.6609969 2.4073861 2.3613439 2.8095611 2.5142075 2.8402134 2.7514573 3.6223081 2.5572508 2.7490065 3.5118255 2.0674399 2.3917426 3.9355715 
Hhon_g01464.t1                                     1.7908756 1.5593619 1.9626426 1.6201552 1.5325869 1.2040366 2.0394512 1.6683291 1.6124837 1.7630220 1.7543359 1.6999386 1.6664040 1.7110213 1.9647781 2.0129559 1.9827418 1.7690900 1.5595310 1.6561918 1.9059595 1.5260409 2.2794416 2.2763927 2.0815420 2.0960776 1.9423877 1.8586676 1.7813359 1.8311463 0.3340411 0.3417153 0.1503605 0.1263112 0.0000000 0.0127041 0.1876843 2.0709433 2.2026740 2.0001776 1.7709471 2.6795500 3.8104624 2.2763102 3.8536817 2.7020892 2.6047069 2.9013709 2.5383799 3.0623212 2.5229609 3.3058885 2.0014495 2.0284456 3.2910280 2.3533447 2.4705407 2.4163393 1.9303468 3.1600659 2.0205159 2.8125556 2.3408424 2.4068193 3.0110171 2.6119491 2.7800979 2.6872694 3.5897340 2.4238367 2.8390648 3.5052422 2.0546819 2.4175734 3.9277036 
HoiH04_mRNA17530                                   1.7895426 1.5526314 1.9650886 1.6072616 1.5053457 1.2096461 2.0512357 1.6517178 1.5961435 1.7647323 1.7339664 1.6849802 1.6513524 1.6832399 1.9540774 2.0270054 1.9899064 1.7851810 1.5665602 1.6415413 1.8848399 1.5014581 2.2641100 2.2755144 2.0731574 2.0882940 1.9306442 1.8500018 1.7904900 1.8249171 0.3327289 0.3404427 0.1544808 0.1350463 0.0127041 0.0000000 0.1939130 2.0870488 2.2059280 1.9969992 1.7571056 2.6703046 3.8432346 2.3069693 3.8568296 2.6913996 2.5943299 2.9368436 2.5510438 3.0966760 2.5519874 3.3430899 2.0164467 2.0549185 3.3127054 2.3857508 2.4949662 2.4401178 1.9265372 3.1757224 2.0301722 2.8453694 2.3321768 2.4322706 3.0340639 2.6377610 2.7837247 2.6951922 3.6431975 2.4280199 2.8275175 3.4940764 2.0685011 2.4311763 3.8989395 
HoiH11_mRNA489                                     1.8718349 1.5390779 1.9223410 1.6593402 1.5423901 1.2040366 2.0782944 1.7154448 1.7025641 1.8258795 1.7570996 1.7455793 1.6804723 1.7193200 2.0558539 2.0548861 2.0347118 1.8151388 1.6937204 1.6549627 1.7910323 1.5818804 2.3448709 2.2937157 2.3127772 2.1337188 1.9373323 1.8447635 1.8722969 1.9011846 0.3331305 0.3419200 0.1934587 0.1708337 0.1876843 0.1939130 0.0000000 2.0876979 2.1589349 2.0127138 1.7651124 2.6797815 3.9864539 2.4496245 4.1627454 2.6469460 2.5748017 2.7488032 2.6132928 3.0169909 2.5218379 3.5832469 2.1073770 2.0269375 3.0801645 2.3185202 2.5011848 2.4208377 1.8835058 3.2325372 2.1180596 2.7567310 2.4903408 2.4560235 3.2189268 2.6543878 2.8267803 2.6924547 3.6479291 2.4774980 2.9328886 3.6350469 2.0639292 2.3365443 3.8664761 
Salkve_EP00050_Salpingoeca_kvevrii_P000202         1.8955954 2.0365268 2.2795706 1.9518120 1.9120030 0.8901557 1.4708458 1.8649244 1.8634593 2.0460447 2.0386441 2.2565670 2.0760706 1.7712521 2.0190697 1.8438265 1.9515838 2.1176143 1.9026327 1.7253739 2.1057347 1.9890303 2.2896689 2.3803965 2.1338029 2.5169051 1.7874859 1.7461910 2.2247851 2.2401399 1.8898714 2.0163794 2.0699991 2.0747375 2.0709433 2.0870488 2.0876979 0.0000000 2.4277574 2.1442451 2.0948008 2.3743591 3.5664798 2.1649380 3.1585258 2.2216417 2.1995279 2.4932012 2.3819569 3.4989338 2.1930603 2.8397273 2.1138967 2.2269058 2.2472284 1.7458138 2.1648099 1.8109478 2.3324803 3.5613604 2.4567404 2.0391859 2.1166700 1.7992621 2.5322086 2.2933241 2.4953492 2.3653736 3.0343906 1.9647934 2.0396936 2.7035746 1.8454096 2.6883785 4.1790324 
Hvul_g2269_1                                       1.7894511 1.9375403 2.3259407 1.8066448 1.7768987 0.9040168 2.2459253 1.9097622 1.8257827 1.9865315 2.0241209 2.2195221 2.0336073 2.0364252 2.1221841 2.1778561 2.3684976 1.7543884 1.8039617 1.8288785 2.0719765 1.8426261 2.7848835 2.8793928 2.5596768 2.6726556 2.4176582 2.2195205 1.7352370 1.6238030 2.2507305 2.3100162 2.2086559 2.1483664 2.2026740 2.2059280 2.1589349 2.4277574 0.0000000 2.2233961 2.0004958 2.8182698 4.5336315 2.9016428 4.2421753 2.8156266 2.8140444 3.2090361 2.6902778 3.9160656 2.4918753 2.9302103 2.1737425 2.4038902 2.9604817 3.0352689 2.9744983 2.6718209 2.3839689 3.4987985 2.0221345 3.2252193 2.6612242 2.7020345 3.7229212 3.1280325 3.1180109 3.1585737 4.5021995 2.9317165 3.2910484 3.5785235 2.5700948 2.6303852 5.2324864 
Tcas_TC002932_001                                  1.8006484 1.8685156 2.1737967 1.9380142 1.8603126 1.2218460 2.1311791 1.9631289 1.9123733 1.7397220 1.8467889 2.1116959 1.9581263 1.7957034 2.1165978 2.2174601 2.1441449 2.1318303 1.7798581 1.8457588 1.9989506 1.7683380 2.6218636 2.5103854 2.2932606 2.3489710 1.9793361 1.9615026 2.1397511 2.0604809 2.0161974 2.1211889 2.0460917 1.9893073 2.0001776 1.9969992 2.0127138 2.1442451 2.2233961 0.0000000 1.6844201 2.4293084 3.8354292 2.2079668 3.6204339 2.5478157 2.4538113 2.6205304 2.2896687 3.7825108 2.4763041 3.0484662 1.8889174 1.7764232 2.9987416 2.7346019 2.3578590 2.2802164 2.3740853 3.4336488 2.3530550 2.5909914 2.3800267 2.3879531 3.3454665 2.7886948 2.6870957 2.6551935 3.4379787 2.2048478 2.6962766 3.2519217 2.2583996 2.5760649 4.1355364 
Acagra_model.g3538.t1                              1.3750749 1.1224573 1.4907036 1.4518784 1.4714009 1.6678682 1.8295043 1.5766948 1.5888797 1.0787501 1.5152689 1.7834818 1.6619865 1.2310168 1.6793358 1.7958739 1.5816922 1.6789520 1.4890024 1.4825593 1.7324668 1.5625240 2.0562229 2.1296979 1.8241485 1.9255506 1.5144660 1.6165386 1.8828134 1.5887605 1.9304759 1.9729992 1.7810801 1.7545947 1.7709471 1.7571056 1.7651124 2.0948008 2.0004958 1.6844201 0.0000000 2.5744733 4.2257558 2.1567420 4.5571482 2.2280309 2.1972443 2.8025488 2.1754998 3.1642382 2.1917973 2.8105234 1.6326990 1.7070431 2.9714145 2.5272385 2.4645202 2.2632600 1.6968650 2.9490015 2.0122160 2.9778468 2.3548834 2.1677346 3.4012230 2.7802174 2.6011748 2.7028367 3.8497558 2.4530875 2.7798176 2.7714268 2.0732739 2.2995538 3.5326733 
Mlei_ML3103.g23.i1                                 2.6782588 2.4470225 3.1482273 2.4631244 2.4253896 1.3188966 2.4636351 2.6510274 2.5368556 2.4580449 2.7097848 2.8957001 2.8031466 2.4963624 3.2334458 2.7025192 2.5319720 2.4877496 2.4970316 2.3749086 2.6902691 2.6159199 3.0865902 3.0040519 3.1953345 3.6237070 2.4578120 2.2997978 2.6819343 2.5964692 2.6992953 2.7266457 2.6850008 2.7146772 2.6795500 2.6703046 2.6797815 2.3743591 2.8182698 2.4293084 2.5744733 0.0000000 0.7247117 0.3540876 1.1796504 0.8867470 0.9042681 0.6783501 1.0249998 1.4866049 1.2745451 1.4789437 2.3458417 2.7402704 3.2189648 2.8104769 2.8440830 2.7771949 3.0289314 4.2182465 2.9992684 4.0543972 2.8750706 2.5424156 3.4196958 2.9897040 2.7461135 2.9497337 4.0796670 2.6424886 4.1526780 3.6348798 2.3706707 3.2994310 6.4367171 
Bolinf_Binf_sb1178010                              4.2977844 4.2941859 3.5097371 3.3858959 3.5505306 1.3512343 4.0820570 3.6679830 3.4421571 4.3315260 4.4253664 6.3463665 4.1949625 4.3151920 3.8714452 4.2726743 4.2732087 3.6205337 3.8975333 3.3754662 4.1554593 3.4639012 5.1164100 5.0677034 3.0698260 5.2246586 3.4247063 2.9417898 3.7473266 3.5165721 3.9680155 4.2378234 3.8288357 3.8354572 3.8104624 3.8432346 3.9864539 3.5664798 4.5336315 3.8354292 4.2257558 0.7247117 0.0000000 0.0053525 1.4109615 1.3339421 1.3032055 1.0716967 3.7306184 3.5064243 1.9349072 1.9418617 3.3804358 3.9395326 2.6928701 4.0437263 4.4132629 4.0725569 4.3657622 4.4141500 3.9070693 3.5660132 4.6535576 3.7322725 3.4343614 4.1728053 4.0919622 4.3591244 4.7457767 4.7903108 2.7255175 8.9999989 6.3856019 6.3105260 8.0477309 
Mertsp_Mesp_sb534861                               2.4612065 2.4382716 2.3186141 2.0888555 2.0281295 1.1831825 2.2197303 2.0947948 2.0698287 2.4425302 2.3682459 3.3815580 2.5415608 2.3527620 2.7306133 2.6176327 2.4858214 2.2948375 2.6837997 2.2370759 2.5949555 2.2055115 3.4922182 3.1815931 3.0698260 3.0984415 1.9636340 2.2166508 2.6287611 2.5814488 2.4932365 2.5967902 2.3203409 2.3045702 2.2763102 2.3069693 2.4496245 2.1649380 2.9016428 2.2079668 2.1567420 0.3540876 0.0053525 0.0000000 0.8185718 0.8137717 0.8372445 1.7896664 6.1519050 8.9999989 1.7608418 1.4882077 2.1057358 2.2984070 2.8810377 2.5815809 2.8115166 2.8025409 2.4882781 2.5342551 2.4322677 2.6733439 3.0075436 2.5551937 2.3050193 2.3712310 2.3891808 2.5251910 2.6319186 3.4828623 2.7815588 8.9999982 4.9725726 6.4942129 8.9999984 
Drygla_Dgla_sb284806                               3.8528644 3.7830803 3.4302986 3.7127706 3.7987136 1.4629220 3.4628674 3.8753048 3.5662013 3.7953771 4.4296699 6.6173207 4.0882374 3.9857796 3.2529617 3.9238513 3.8065008 3.5496826 3.8537613 3.6241170 3.6687395 3.7213194 4.8014395 5.1911539 3.9437487 4.8614638 3.2772208 2.9087039 3.8777676 3.6311806 3.6980162 3.9879481 3.6810434 3.7318210 3.8536817 3.8568296 4.1627454 3.1585258 4.2421753 3.6204339 4.5571482 1.1796504 1.4109615 0.8185718 0.0000000 1.4041402 1.3469041 1.6169898 3.7282487 3.4301707 1.7451834 2.0372345 3.2971457 4.0380187 2.4750731 4.0686933 4.2077246 3.8746651 3.8291308 4.2903864 3.9599672 3.4644670 4.1209787 3.2982792 3.2740251 3.7169094 4.7011239 4.4247468 4.4458544 4.0325305 2.5194306 8.9999988 6.7145529 7.1813122 8.8161258 
Pbac_sb2639278                                     2.3308782 2.2064703 2.9709967 2.2145993 2.2043616 1.1797522 2.3972769 2.4723707 2.3681155 2.2446221 2.4410684 2.5244203 2.4367832 2.2101934 2.6710807 2.6008561 2.4026884 2.2703402 2.2845109 2.2050151 2.6044111 2.1107795 2.8579631 2.7356659 2.5539295 3.1539527 2.3266386 2.2502161 2.4758718 2.5227733 2.5324728 2.6596458 2.6148770 2.6669273 2.7020892 2.6913996 2.6469460 2.2216417 2.8156266 2.5478157 2.2280309 0.8867470 1.3339421 0.8137717 1.4041402 0.0000000 0.0513619 1.0095092 1.0472031 1.4885102 1.2378352 1.5799566 2.3184286 2.3483929 3.1047085 2.4033519 2.6901994 2.4380387 2.7907125 3.7458741 2.7203846 3.1671085 2.6271746 2.2608960 3.1108158 3.0574244 2.7063954 2.7738529 3.8177140 2.6362938 3.8548782 3.4225287 2.3282977 3.0978709 4.8603945 
Horcal_Hcv1.av93.c5.g23.i1                         2.3426665 2.1599624 2.8884069 2.1765853 2.1762504 1.1227522 2.4211319 2.4183741 2.3177082 2.2325076 2.4112932 2.5176540 2.4308184 2.1486526 2.5192684 2.6516126 2.3967825 2.2581002 2.2309058 2.1933708 2.5569605 2.0679725 2.8057393 2.7068800 2.4183008 3.2427831 2.2728395 2.1890759 2.4185310 2.4740096 2.5717436 2.6503870 2.5183776 2.6108539 2.6047069 2.5943299 2.5748017 2.1995279 2.8140444 2.4538113 2.1972443 0.9042681 1.3032055 0.8372445 1.3469041 0.0513619 0.0000000 1.0298063 1.0552377 1.3960629 1.1957110 1.5440506 2.2636651 2.3096280 3.0939399 2.3384471 2.5505641 2.4015922 2.7466782 3.6770903 2.6753278 3.1989623 2.6145226 2.1272191 2.9125862 2.8681687 2.6245019 2.7067831 3.6679722 2.6034523 3.8025683 3.4467952 2.3073171 3.1954967 4.9382302 
Beraby_Baby_sb330057                               3.2695035 2.4466741 2.9726894 2.6326547 2.6049246 2.7382014 3.0552922 2.6345896 2.6430610 2.8165291 2.5376036 2.5011262 2.6931804 2.5619987 2.7825941 2.7515359 2.6084835 2.7330200 2.5780213 2.9145123 2.9838749 2.8550729 2.7966503 2.9274005 4.5180171 2.9567014 3.5640719 3.6234161 2.6768253 2.6537335 2.9584864 2.9208081 2.9642557 2.7935966 2.9013709 2.9368436 2.7488032 2.4932012 3.2090361 2.6205304 2.8025488 0.6783501 1.0716967 1.7896664 1.6169898 1.0095092 1.0298063 0.0000000 0.6629734 1.0160564 1.2712407 1.6463121 3.1498257 2.7370209 7.1941866 3.7038441 3.7196811 3.0883516 2.6645080 4.4285227 2.4905555 7.7737304 3.7018327 3.4477410 2.9020626 3.3308058 3.8114241 3.3777414 3.7982959 2.2687818 6.1135793 3.9906391 2.9919573 3.2030495 3.9155957 
Lampan_Lpan_8359_01                                2.3972601 2.3030937 4.0072944 2.2001682 2.1472994 0.0000010 2.5981795 2.3025096 2.3140261 2.0848049 2.3303987 2.3802677 2.5551674 2.1621445 3.9223606 2.4890696 2.3362570 2.3209982 2.3451307 2.3026646 2.3892028 2.5102610 2.6215972 2.4990529 7.3741877 3.4438096 2.6285200 2.6899479 2.2594654 2.2917320 2.5159241 2.5785618 2.6389071 2.5408474 2.5383799 2.5510438 2.6132928 2.3819569 2.6902778 2.2896687 2.1754998 1.0249998 3.7306184 6.1519050 3.7282487 1.0472031 1.0552377 0.6629734 0.0000000 1.3908822 1.3206926 2.1014133 2.3833932 2.5549258 8.4314176 2.4599343 2.5623526 2.3932925 2.7851472 5.6831506 2.7431109 7.8547779 2.7550797 2.6675378 7.4347874 2.6980110 2.9697598 2.7615783 4.3973143 2.3965604 8.6302614 2.5339297 2.3533437 3.2327117 4.9453333 
