64
Hsap_ENST00000315616                                0.0000000 1.4992932 1.5306927 1.6823963 1.6829825 1.5641975 1.5697615 0.8592023 1.6875739 1.6803245 1.5180276 1.4069970 1.5180635 1.5781398 1.6478336 1.6276978 1.6288206 1.5924241 1.5213995 1.6784821 1.5606292 1.4110180 1.7076781 1.7741895 1.7898360 1.6616161 1.8881168 1.9937703 1.7213753 1.8907971 1.9447434 1.6892862 1.7874286 1.7280947 2.0562048 2.1349642 1.6848515 2.0760401 2.2270167 2.3974572 2.5190049 2.5416969 2.4407206 2.0863239 2.0057493 1.7571058 2.2517547 2.0709748 2.3398021 2.1975890 2.0061679 2.0136759 1.9268591 1.8147304 2.1639524 1.5119444 1.9443746 2.4776819 2.2488143 3.2325054 4.7805880 3.1595424 2.4031381 2.1889749 
Bralan_BLAG01002407_1                               1.4992932 0.0000000 1.6876852 1.9634087 1.5767751 1.4249694 1.3748160 0.8101620 1.5034889 1.5215453 1.4097170 1.4536619 1.6288393 1.6530466 1.6784239 1.5926611 1.6075028 1.5229191 1.3277619 1.3912993 1.4745752 1.2271289 1.5633470 1.5817874 1.8068705 1.6226849 1.8305651 1.6944632 1.7174281 1.7054834 1.7932536 1.7715943 2.0731482 1.5900421 1.8863966 1.9528698 1.8548818 2.0759486 2.2021672 2.4326980 2.4295974 2.3931888 2.5885784 2.0967499 1.6311870 1.9499818 2.4202906 1.8148580 2.1501370 2.2036899 1.9817540 2.1746945 1.7035310 1.7493912 2.1052862 1.4785348 2.0944546 2.1302179 2.4742411 2.7769441 3.6826095 2.5569677 2.1486368 2.0152530 
Tcas_TC014142_001                                   1.5306927 1.6876852 0.0000000 0.6060449 1.7478037 1.4554470 1.5298925 0.8222631 1.5662432 1.6167866 1.5131715 1.2083448 1.2384073 1.5145612 1.5328554 1.4092773 1.3808581 1.4798660 1.4964443 1.5703070 1.7371672 1.3389331 1.7086918 1.8033964 1.8069524 1.5291343 2.0339281 2.0376130 1.8946172 1.8121380 1.9095731 1.9584088 2.1375091 1.7997294 2.2233314 1.9268323 1.6660706 1.9871112 2.2878923 2.4516252 2.6103876 2.4326941 2.3825833 2.0133110 1.8886087 2.1163255 2.5510573 2.1167972 2.4319788 2.3318688 2.0729576 2.0798574 2.3641925 1.3674557 1.9258111 1.5191882 1.7450384 2.2397056 1.6064281 2.8816543 3.8530538 3.0431343 2.5326498 2.4079077 
Dpul_mRNA28057                                      1.6823963 1.9634087 0.6060449 0.0000000 1.9058291 1.8390859 1.7589328 0.8029241 1.8011524 1.7783523 1.6360646 1.5639075 1.6727092 1.7573130 1.8811478 1.7281652 1.7249040 1.7381191 1.6535405 2.0558638 1.8185252 1.6686187 1.8885371 1.9959496 1.9946680 1.7921653 2.2195582 2.0559955 1.9143796 1.9405440 1.8280728 1.9222279 2.2592775 1.8843559 2.4054774 2.0710758 1.8135214 2.1351417 2.2236192 2.5161480 2.5534910 2.4184495 2.6365422 2.0701884 1.8826172 2.1262869 2.6968398 2.3043799 2.5015979 2.5559751 2.2626287 2.1888605 2.1237451 1.5344214 2.0355333 1.5527901 1.7377054 2.3572712 1.9211253 3.4551127 5.4822107 3.0481359 2.6963464 2.6461217 
Exapal_XM_021037635.2                               1.6829825 1.5767751 1.7478037 1.9058291 0.0000000 0.8765315 1.3553326 0.7097532 1.4309205 1.4002515 1.2046109 1.2739057 1.3295174 1.2068787 1.1202225 1.2110086 1.2438315 1.1476473 0.9638846 1.0092407 0.9959231 0.8621282 1.0208123 1.0452455 1.0669450 1.0820062 1.3348338 1.5466484 1.4380329 1.5620281 1.6966805 1.5506530 1.9402479 1.7523242 2.2632309 1.6126262 1.5967064 1.9042006 2.1412000 2.1393212 2.2390055 2.0758883 2.1790110 2.0032276 1.7649431 1.8896922 2.0954776 1.9794272 2.4050232 2.2945760 1.7088548 1.9943690 1.7582081 1.9403520 2.4673807 1.5798076 1.9790546 2.5324289 2.7028007 3.5278821 3.4338478 3.0827957 2.8033324 2.2012087 
Nvec_v1g86695                                       1.5641975 1.4249694 1.4554470 1.8390859 0.8765315 0.0000000 1.3076245 0.6954578 1.3535777 1.2563811 1.4511743 1.1225080 1.2451554 1.3395265 1.3637343 1.2873254 1.3020377 1.1505624 0.8633421 1.0404098 0.9778697 0.7733774 1.0811925 1.1522045 1.0364434 1.1261594 1.2761248 1.3735213 1.4665260 1.4155747 1.5067511 1.3773536 1.7701005 1.7168782 1.8612513 1.8166131 1.4830995 1.6781746 2.0320606 2.2435977 2.0240147 2.0085257 2.0764639 1.7832297 1.6733744 1.8965990 2.0583663 1.9464486 2.2328482 2.1049414 1.8186422 1.8993629 1.6167737 1.7573987 2.3085450 1.1732655 1.9012365 1.9321789 2.3825563 2.9055476 3.2906932 2.6887516 2.1918329 2.1449341 
Tetwil_g6242.t1                                     1.5697615 1.3748160 1.5298925 1.7589328 1.3553326 1.3076245 0.0000000 0.4050268 1.1103790 1.0636788 1.2517975 1.4425775 1.5271645 1.5002068 1.5727530 1.5220484 1.5268164 1.4128621 1.2510020 1.1558837 1.2755896 1.1177057 1.3266376 1.3990188 1.7070621 1.4183017 1.5264908 1.6458216 1.7436333 1.6570818 1.7821113 1.6932084 2.0427578 1.7389060 2.1999796 1.4332642 1.6140774 1.6886001 1.8602971 2.0359640 2.2204256 1.9939860 2.1800533 1.7981916 1.6454803 1.7151427 1.8725840 2.0585618 2.0538910 2.1490001 1.5615631 1.7296398 1.9013164 2.1686852 2.3197763 1.2910907 2.2237351 2.1364816 2.6333591 2.6464639 2.7205654 2.4797676 2.1848420 2.2171352 
Stycar_maker-SC_scaffold6867-snap-gene-0.124-mRNA-1 0.8592023 0.8101620 0.8222631 0.8029241 0.7097532 0.6954578 0.4050268 0.0000000 0.4866803 0.4364371 0.6478945 0.7015629 0.7015629 0.7568346 0.7793859 0.7530305 0.7580080 0.6998200 0.6930089 0.8175593 0.7662088 0.6930418 0.7043563 0.7000391 0.7957395 0.8584532 0.9150855 0.8587555 0.9078289 0.8380175 0.8809686 0.9674452 1.0036441 1.4226395 0.9061250 0.8649504 0.7611318 0.9535975 1.3198591 1.2475208 1.3230201 1.1908266 1.3638867 1.1330679 1.0270773 1.0946869 1.1581169 1.4094702 1.1290404 1.1162138 1.0206820 1.2281945 1.1350031 1.4052795 1.5275075 0.4483552 1.1641407 1.5164818 1.4673353 1.7753776 1.8263825 1.5548046 1.1748599 0.8030085 
Plajan_Pjan_scaffold21602_01                        1.6875739 1.5034889 1.5662432 1.8011524 1.4309205 1.3535777 1.1103790 0.4866803 0.0000000 1.0976403 0.9006009 1.3887179 1.4174586 1.5100478 1.5832504 1.5083268 1.5028761 1.3591687 1.2806086 1.1512237 1.3591005 0.8892503 1.4604858 1.4807783 1.7125158 1.4747765 1.7007647 1.7871148 1.8650388 1.7948463 1.8454582 1.6225910 2.0367168 1.5504063 1.9538097 1.7873551 1.6706753 1.8063967 2.0263253 2.1458662 2.2200599 2.1315971 2.2757332 1.6842683 1.7102941 1.8625726 2.0350844 2.0144830 1.9493346 1.8783023 1.7939754 1.8514824 1.5882898 1.9261940 2.1850453 1.3683444 2.0822556 2.1405251 2.7867943 2.8639120 3.3253651 2.6402542 2.3779804 1.6510743 
Spolac_c100762_g1_i4_m.23461c100762-g1              1.6803245 1.5215453 1.6167866 1.7783523 1.4002515 1.2563811 1.0636788 0.4364371 1.0976403 0.0000000 1.1720818 1.3178403 1.4091171 1.4865719 1.5007781 1.4980665 1.5360883 1.4850999 1.2003441 1.2774307 1.4043516 1.0382706 1.3805823 1.5493510 1.6750720 1.3721738 1.5595601 1.5450145 1.5332652 1.5018509 1.8318460 1.6794870 2.1779384 1.5154690 2.0896521 1.5196340 1.6818249 1.5907485 2.1613156 2.2176359 2.1645408 2.1338382 2.3561059 1.9625975 1.7399157 1.7849616 2.0883961 2.1022740 2.1789348 2.1285379 1.6847641 1.7773310 1.8838625 2.2105585 2.3341860 0.4213104 1.9905211 2.2172533 2.2797757 2.9716662 3.9232542 2.5994274 2.2548541 1.9592630 
Opea_EP00118_Oscarella_pearsei_P014215              1.5180276 1.4097170 1.5131715 1.6360646 1.2046109 1.4511743 1.2517975 0.6478945 0.9006009 1.1720818 0.0000000 1.2593086 1.3312025 1.2913708 1.3195449 1.2801017 1.2807535 1.1930359 1.2017176 1.2134327 1.3776775 0.8454880 1.3109181 1.2973529 1.4988188 1.2883728 1.6570068 1.6345376 1.6294152 1.6648708 1.7341036 1.5192321 1.7079205 1.5904397 1.8253727 1.5186016 1.5961031 1.8024417 2.1552666 2.3085414 2.3262147 2.2053999 2.2075834 1.7966379 1.7819154 1.8313165 2.1514597 2.0119667 2.1134953 1.9993932 1.8202724 2.0769873 1.6849326 1.7331235 2.0540358 1.2953477 1.9003187 2.0538436 2.2815086 2.9136074 3.4470302 2.8237532 2.1463558 0.7038313 
Tadh_TriadT1807                                     1.4069970 1.4536619 1.2083448 1.5639075 1.2739057 1.1225080 1.4425775 0.7015629 1.3887179 1.3178403 1.2593086 0.0000000 0.0000010 0.4370310 0.4655804 0.4894756 0.4864743 0.5337199 1.0283866 0.8974978 1.1860158 0.8244557 1.1942502 1.2463346 1.3873518 1.1145632 1.4337940 1.3368064 1.5135761 1.3317366 1.4485271 1.3797581 1.5990395 1.3390669 1.9116015 1.6828050 1.5210712 1.5101317 2.0928404 2.0399653 2.1771996 2.2287663 1.9151512 1.6787098 1.7477787 1.6206885 1.9830328 1.9469530 1.9598600 1.8097865 1.7145324 1.6255516 1.8287390 1.5924706 2.1992421 1.2860976 2.0378470 2.1048377 2.0503088 2.8654631 3.1236109 2.4711635 2.3920282 2.2788956 
TrH2_TrispH2_001655-RA                              1.5180635 1.6288393 1.2384073 1.6727092 1.3295174 1.2451554 1.5271645 0.7015629 1.4174586 1.4091171 1.3312025 0.0000010 0.0000000 0.4502589 0.4907983 0.4984465 0.4982661 0.5461469 1.1423852 1.1093247 1.1860158 0.9354074 1.2674648 1.3369736 1.3914185 1.1993623 1.5334599 1.5362796 1.6767391 1.5044773 1.5897136 1.5214161 1.7216114 1.4044356 1.9116015 1.7493593 1.5781662 1.6535914 2.2039293 2.2114152 2.2493746 2.2526972 2.1181230 1.8276914 1.8236855 1.7234333 2.1122185 2.0141875 2.1731885 1.9612713 1.7575671 1.7802742 1.8776310 1.6078773 2.2714887 1.2968594 2.1160055 2.1660875 2.2404244 2.9573596 3.4278283 2.5676422 2.4107150 2.3050240 
HoiH06_mRNA5978                                     1.5781398 1.6530466 1.5145612 1.7573130 1.2068787 1.3395265 1.5002068 0.7568346 1.5100478 1.4865719 1.2913708 0.4370310 0.4502589 0.0000000 0.0587756 0.1683326 0.1679361 0.2912021 1.1488828 0.9782223 1.2519017 0.8084432 1.1422551 1.2066375 1.3029861 1.1462587 1.4701678 1.4861949 1.5001173 1.4721849 1.5571294 1.3599674 1.7985069 1.4677216 2.0318455 1.8343776 1.6861940 1.7249752 2.0638824 2.0941068 2.1024760 2.1778989 2.0957258 1.7897460 1.8481170 1.7825378 2.0160985 2.2036572 2.1849234 2.0004761 1.7275169 1.6700767 1.9924300 1.5862523 2.1707182 1.5142447 2.2002905 2.2113724 2.3459802 2.9934541 2.7351097 2.7091002 2.6557611 2.1465407 
HoiH23_PlH23_001618-RA                              1.6478336 1.6784239 1.5328554 1.8811478 1.1202225 1.3637343 1.5727530 0.7793859 1.5832504 1.5007781 1.3195449 0.4655804 0.4907983 0.0587756 0.0000000 0.1759440 0.1739055 0.3002794 1.2427504 1.0442964 1.2836719 0.9046517 1.1535193 1.2195376 1.3465083 1.2004925 1.5514626 1.4869785 1.4311215 1.4516903 1.5340694 1.3762451 1.9310319 1.6902310 2.0399524 1.8276995 1.7155240 1.7712293 2.0741451 2.0462266 1.9904945 2.0629502 2.1303757 1.8606522 1.8077242 1.7732000 1.9559027 2.1041263 2.3083507 2.1121848 1.6404253 1.7104724 1.9618357 1.6346434 2.2627237 1.5903027 2.2596599 2.2526622 2.3292525 3.2966206 2.9738214 2.7467866 2.7397168 2.0808390 
Hhon_g01006.t1                                      1.6276978 1.5926611 1.4092773 1.7281652 1.2110086 1.2873254 1.5220484 0.7530305 1.5083268 1.4980665 1.2801017 0.4894756 0.4984465 0.1683326 0.1759440 0.0000000 0.0121921 0.2889929 1.1614833 1.0550135 1.2544924 0.8749516 1.1083299 1.1570895 1.2125737 1.1057230 1.4665135 1.4779764 1.4967484 1.5006140 1.5766567 1.4322456 1.7027208 1.4361374 1.9072641 1.7888186 1.6447003 1.7256509 2.2201394 2.2070739 2.1368650 2.2145969 2.2298543 1.9247852 1.7929749 1.7866147 2.0123064 2.1929628 2.2593831 2.0639317 1.7293670 1.7613587 1.9809586 1.6323956 2.1787698 1.4059319 2.0720493 2.1791179 2.4215082 2.8394858 2.7500215 2.4400653 2.5273518 1.9439450 
HoiH04_mRNA88                                       1.6288206 1.6075028 1.3808581 1.7249040 1.2438315 1.3020377 1.5268164 0.7580080 1.5028761 1.5360883 1.2807535 0.4864743 0.4982661 0.1679361 0.1739055 0.0121921 0.0000000 0.2824943 1.1992609 1.0989908 1.2669608 0.8824523 1.1332495 1.1818097 1.2169277 1.1442399 1.4986529 1.4840221 1.4898375 1.5168853 1.5722888 1.4391060 1.7084282 1.4201954 1.9110271 1.8339665 1.6439174 1.6986478 2.2942358 2.2633659 2.1661125 2.2309442 2.2411021 1.9245220 1.8306875 1.7783663 2.0209345 2.1694185 2.2511085 2.0629039 1.7504086 1.7813392 2.0251817 1.6408187 2.2207526 1.4071870 2.1306002 2.1649539 2.4091058 2.8927123 2.9570833 2.5155081 2.5557858 1.9319901 
HoiH11_mRNA719                                      1.5924241 1.5229191 1.4798660 1.7381191 1.1476473 1.1505624 1.4128621 0.6998200 1.3591687 1.4850999 1.1930359 0.5337199 0.5461469 0.2912021 0.3002794 0.2889929 0.2824943 0.0000000 1.0798367 0.8877372 1.2785274 0.8287684 1.1561896 1.1539880 1.2282823 1.1290469 1.4551418 1.4333399 1.4658905 1.4027724 1.5788464 1.3620067 1.6616139 1.4599588 1.9639354 1.8094191 1.5761727 1.6753999 2.0113776 2.0579649 2.1370972 2.1732263 1.9996267 1.7602414 1.8703185 1.8711662 2.0900952 2.1480183 2.2240680 1.9191392 1.8178273 1.8055234 1.9268682 1.6366713 2.2527954 1.4971889 2.0258140 2.2007213 2.3850615 3.0287975 2.7378950 2.6121139 2.6040468 2.1307243 
Adig_XM_015905004.1                                 1.5213995 1.3277619 1.4964443 1.6535405 0.9638846 0.8633421 1.2510020 0.6930089 1.2806086 1.2003441 1.2017176 1.0283866 1.1423852 1.1488828 1.2427504 1.1614833 1.1992609 1.0798367 0.0000000 0.0728837 0.5448605 0.5112037 0.6567549 0.6797526 0.6996249 1.0350819 1.2948924 1.4043930 1.3509870 1.3184473 1.4309001 1.4598469 1.7366580 1.8651133 1.7377068 1.4972259 1.4708722 1.7781531 2.0760802 2.0299867 1.9451521 1.7895806 2.1719629 1.7253902 1.7618572 1.7677524 2.0897510 1.8812337 2.3214435 2.0977648 1.8345654 1.8571622 1.7544406 1.7625575 2.2352076 1.0098632 1.8454553 2.1485007 2.4321980 2.7189944 3.3643600 2.2862147 2.0642634 1.7393766 
Amil_Amillepora09320-RA                             1.6784821 1.3912993 1.5703070 2.0558638 1.0092407 1.0404098 1.1558837 0.8175593 1.1512237 1.2774307 1.2134327 0.8974978 1.1093247 0.9782223 1.0442964 1.0550135 1.0989908 0.8877372 0.0728837 0.0000000 0.4217308 0.7642539 0.6644642 0.6357831 0.7063836 1.2356335 1.3223592 1.3662872 1.4948929 1.4802438 1.5379337 1.6498535 2.1234617 7.1123757 1.8288034 1.2261233 1.1766170 2.0076463 1.9497209 2.0326410 1.7297429 1.8464970 2.4006267 1.8050110 1.7908609 1.6945408 2.3481381 2.0801471 2.4994921 2.1289233 1.7074626 2.1558136 1.6974192 1.8225489 2.7027700 0.8785241 1.9556816 2.6455034 2.6089185 2.7235763 3.3643600 1.8888920 2.4257028 1.0257369 
Gfas_gfas1.m1.18505.m1                              1.5606292 1.4745752 1.7371672 1.8185252 0.9959231 0.9778697 1.2755896 0.7662088 1.3591005 1.4043516 1.3776775 1.1860158 1.1860158 1.2519017 1.2836719 1.2544924 1.2669608 1.2785274 0.5448605 0.4217308 0.0000000 0.3815800 0.6306645 0.6419024 0.7827479 1.0170210 1.4211817 1.4281134 1.4220174 1.4205183 1.6644653 1.5363738 1.5428601 1.6104534 1.8047142 1.6367475 1.6381764 1.5787497 2.0195193 1.9003491 1.9585823 1.8026034 1.8948489 1.7712331 1.7693028 1.7536213 2.0406620 1.9110945 2.2289297 2.1322812 1.8991268 1.5266386 1.6177520 2.0199971 2.0834854 1.2783803 1.9528797 2.0830137 2.6857677 3.1917612 2.1781914 2.3524120 2.3553673 1.9177148 
Gasp_gasp1.m3.24302.m1                              1.4110180 1.2271289 1.3389331 1.6686187 0.8621282 0.7733774 1.1177057 0.6930418 0.8892503 1.0382706 0.8454880 0.8244557 0.9354074 0.8084432 0.9046517 0.8749516 0.8824523 0.8287684 0.5112037 0.7642539 0.3815800 0.0000000 0.4461853 0.4792658 0.2110499 0.9673255 1.0074288 1.2187526 1.0229996 1.0626820 1.2428232 1.0484631 1.3891318 1.7042998 0.8894933 1.4081416 1.0504033 1.5735835 2.1268214 1.9845762 1.7425168 1.7279886 1.9258362 1.6118838 1.5840683 1.4306346 1.6951778 1.8631219 2.1039974 1.8673290 1.6859472 2.0635041 1.5377454 1.3497597 1.8833904 0.7817428 1.5035650 1.9089321 2.0584593 2.4517427 4.3439512 2.3547028 1.2748228 0.7176267 
Spis_XP_022796565_1                                 1.7076781 1.5633470 1.7086918 1.8885371 1.0208123 1.0811925 1.3266376 0.7043563 1.4604858 1.3805823 1.3109181 1.1942502 1.2674648 1.1422551 1.1535193 1.1083299 1.1332495 1.1561896 0.6567549 0.6644642 0.6306645 0.4461853 0.0000000 0.1518679 0.4997204 1.1687700 1.3783860 1.4603212 1.4133928 1.5161458 1.6466443 1.4531138 1.8669346 1.5302210 1.9272409 1.6247848 1.4684280 1.7431053 2.0398162 2.0436263 2.1585936 1.9355854 2.1938530 1.8466704 1.6969584 1.6942236 2.2917146 1.9264034 2.4361912 2.1370227 1.8897866 2.0190358 1.6327075 1.7982448 2.2163784 1.3650333 2.2640124 1.9599964 2.4499671 3.3081991 3.2370257 2.8317034 2.4393969 2.1030786 
Pocdam_XM_027192348.1                               1.7741895 1.5817874 1.8033964 1.9959496 1.0452455 1.1522045 1.3990188 0.7000391 1.4807783 1.5493510 1.2973529 1.2463346 1.3369736 1.2066375 1.2195376 1.1570895 1.1818097 1.1539880 0.6797526 0.6357831 0.6419024 0.4792658 0.1518679 0.0000000 0.5754468 1.2376524 1.4820229 1.5589592 1.4916914 1.5796062 1.7086953 1.5437904 1.9790788 1.4546064 1.9522390 1.6710244 1.5116352 1.8476069 1.8845543 2.0328387 2.0958776 1.9344326 2.2746268 1.8324045 1.7155315 1.7869479 2.3555637 2.0541307 2.5707569 2.2739315 1.9734926 2.0311727 1.7489817 1.8719323 2.3170505 1.4703968 2.3841418 1.9796919 2.6065127 3.5189082 3.3031639 2.9079022 2.6418946 2.1532619 
Fspp_ffun1.m4.16754.m1                              1.7898360 1.8068705 1.8069524 1.9946680 1.0669450 1.0364434 1.7070621 0.7957395 1.7125158 1.6750720 1.4988188 1.3873518 1.3914185 1.3029861 1.3465083 1.2125737 1.2169277 1.2282823 0.6996249 0.7063836 0.7827479 0.2110499 0.4997204 0.5754468 0.0000000 1.0487450 1.4708797 1.6622187 1.5260111 1.4656870 1.7485583 1.6242870 1.6390660 1.1547739 1.7523517 2.2316751 1.6983117 1.8569518 2.1357161 2.1157867 2.4650416 1.9837479 2.5205828 2.1582303 2.3724353 2.1988441 2.2887121 2.3943600 2.8323028 2.6006511 2.2774743 1.5156702 2.1338066 2.2872474 2.3949387 1.4399846 1.9306054 1.9338305 3.2519475 3.3474538 2.6546319 2.6607574 2.2075103 2.6698684 
Dgig_XM_028554187.1                                 1.6616161 1.6226849 1.5291343 1.7921653 1.0820062 1.1261594 1.4183017 0.8584532 1.4747765 1.3721738 1.2883728 1.1145632 1.1993623 1.1462587 1.2004925 1.1057230 1.1442399 1.1290469 1.0350819 1.2356335 1.0170210 0.9673255 1.1687700 1.2376524 1.0487450 0.0000000 0.6267400 1.5745232 1.5210416 1.4910564 1.5743601 1.4601388 1.7708929 1.5792328 2.1120138 1.7983944 1.5171272 1.9820297 2.0154715 2.0022604 2.1948813 2.0896280 1.9957639 1.8129098 1.7669147 1.7010498 1.9126487 2.0879861 1.9588005 1.9437891 1.8893477 1.6773796 1.6820326 1.7409328 2.2329406 1.2651371 1.9105376 2.2150257 2.3611222 2.4244114 3.5661606 2.5671070 2.2516980 2.0002140 
Xesp_005237-T1                                      1.8881168 1.8305651 2.0339281 2.2195582 1.3348338 1.2761248 1.5264908 0.9150855 1.7007647 1.5595601 1.6570068 1.4337940 1.5334599 1.4701678 1.5514626 1.4665135 1.4986529 1.4551418 1.2948924 1.3223592 1.4211817 1.0074288 1.3783860 1.4820229 1.4708797 0.6267400 0.0000000 1.8291710 1.8395676 1.7504022 2.0590186 1.6323843 1.9441513 1.6708626 2.3503406 1.8752893 1.6342120 2.0369374 2.0291675 2.2392332 2.4330142 2.2856111 2.1477833 1.8846585 1.9548453 1.9826863 2.2903548 2.0898607 2.3506797 2.1772546 1.7930452 1.7777259 2.0200927 2.1323445 2.5363361 1.6192996 2.3114829 2.4932531 2.7502966 3.2064072 3.1917721 2.9966152 2.5275730 2.6342037 
Aaur_scaffold3082.g1.t1                             1.9937703 1.6944632 2.0376130 2.0559955 1.5466484 1.3735213 1.6458216 0.8587555 1.7871148 1.5450145 1.6345376 1.3368064 1.5362796 1.4861949 1.4869785 1.4779764 1.4840221 1.4333399 1.4043930 1.3662872 1.4281134 1.2187526 1.4603212 1.5589592 1.6622187 1.5745232 1.8291710 0.0000000 0.9237814 0.8070897 1.1198204 1.3013696 1.8548524 1.9806604 1.8417256 1.7616968 1.5892065 1.8805882 2.2990781 2.5229298 2.5479520 2.2793178 2.4598680 2.0735590 1.8143538 1.9210425 2.2065149 2.0690004 2.4375301 2.3208135 1.9429330 2.4628901 1.8840277 1.7792158 2.6780283 1.6213103 2.0952952 2.3252004 2.9030011 2.7287766 3.4482565 2.4710003 2.1711060 2.4362655 
Nemnom_g17973.t1                                    1.7213753 1.7174281 1.8946172 1.9143796 1.4380329 1.4665260 1.7436333 0.9078289 1.8650388 1.5332652 1.6294152 1.5135761 1.6767391 1.5001173 1.4311215 1.4967484 1.4898375 1.4658905 1.3509870 1.4948929 1.4220174 1.0229996 1.4133928 1.4916914 1.5260111 1.5210416 1.8395676 0.9237814 0.0000000 0.4065203 1.1650376 1.4164307 1.8270354 1.7425410 1.7213039 2.1447139 1.7941955 1.9638004 2.2216634 2.3398866 2.3552302 2.0989922 2.3019242 1.9779472 1.8322191 1.8370470 2.1279969 2.1993953 2.6419628 2.4671468 2.0625312 2.1389890 2.0141469 1.7828518 2.5154080 1.5188267 2.1581031 2.1561049 2.5283722 3.1078299 3.4859221 2.8450788 2.2321894 2.4948717 
Rhoesc_Res_007811-T1                                1.8907971 1.7054834 1.8121380 1.9405440 1.5620281 1.4155747 1.6570818 0.8380175 1.7948463 1.5018509 1.6648708 1.3317366 1.5044773 1.4721849 1.4516903 1.5006140 1.5168853 1.4027724 1.3184473 1.4802438 1.4205183 1.0626820 1.5161458 1.5796062 1.4656870 1.4910564 1.7504022 0.8070897 0.4065203 0.0000000 1.2453747 1.4225125 2.0548980 1.8983910 1.6857107 2.0153818 1.7229712 1.8928651 2.2783468 2.4008314 2.4727861 2.1618564 2.2843523 2.0266565 1.8182278 1.8493328 2.0841033 2.2498641 2.5524070 2.3503378 2.0036529 2.0048096 2.0524181 1.6575683 2.5982591 1.6325164 2.0670801 2.3087752 2.6046633 2.8631822 3.1880465 2.6299805 2.2205428 2.4630780 
Sanmal_Sma_015536-T1                                1.9447434 1.7932536 1.9095731 1.8280728 1.6966805 1.5067511 1.7821113 0.8809686 1.8454582 1.8318460 1.7341036 1.4485271 1.5897136 1.5571294 1.5340694 1.5766567 1.5722888 1.5788464 1.4309001 1.5379337 1.6644653 1.2428232 1.6466443 1.7086953 1.7485583 1.5743601 2.0590186 1.1198204 1.1650376 1.2453747 0.0000000 1.4388079 1.9664978 1.8673218 1.6823748 1.9142448 1.8474178 1.9135225 2.5283770 2.5217698 2.4247572 2.2292602 2.6364373 2.1245817 2.0077328 2.1652915 2.3389054 2.2145757 2.7086096 2.5380985 2.1215892 2.3271052 1.9083658 1.8372609 2.7541045 1.8836001 2.3820900 2.2131451 2.8325250 3.4952372 3.2735444 2.6769711 2.3418545 2.3567383 
Morvir_scaffold132.g34.t1                           1.6892862 1.7715943 1.9584088 1.9222279 1.5506530 1.3773536 1.6932084 0.9674452 1.6225910 1.6794870 1.5192321 1.3797581 1.5214161 1.3599674 1.3762451 1.4322456 1.4391060 1.3620067 1.4598469 1.6498535 1.5363738 1.0484631 1.4531138 1.5437904 1.6242870 1.4601388 1.6323843 1.3013696 1.4164307 1.4225125 1.4388079 0.0000000 1.9351570 1.7579812 1.4945819 2.3456351 1.9936647 1.9667411 2.1991772 2.5329112 2.4783079 2.0907780 2.2412996 2.1584197 2.0811431 1.9690688 2.3434745 2.2272661 2.4957001 2.4686646 2.2546029 2.3054240 1.8459856 1.8906052 2.3794175 1.7061209 2.2668365 2.6175378 2.4974459 3.2862144 4.2279562 2.7857108 2.2854123 2.2345212 
Spur_XM_776709.5                                    1.7874286 2.0731482 2.1375091 2.2592775 1.9402479 1.7701005 2.0427578 1.0036441 2.0367168 2.1779384 1.7079205 1.5990395 1.7216114 1.7985069 1.9310319 1.7027208 1.7084282 1.6616139 1.7366580 2.1234617 1.5428601 1.3891318 1.8669346 1.9790788 1.6390660 1.7708929 1.9441513 1.8548524 1.8270354 2.0548980 1.9664978 1.9351570 0.0000000 1.6836054 2.1222898 2.2669881 1.3934817 2.0167106 2.5639758 3.0340057 2.8576460 2.4275915 2.5883182 2.3249378 2.0404344 2.0974814 2.4207521 2.0768775 2.6461971 2.4055608 2.4031624 2.5228714 2.0858089 2.0696931 2.3152563 1.7544318 2.3633046 2.4302795 2.8813269 2.8904451 4.7654448 2.9267667 2.6619042 2.6183035 
Hvul_g2588_1                                        1.7280947 1.5900421 1.7997294 1.8843559 1.7523242 1.7168782 1.7389060 1.4226395 1.5504063 1.5154690 1.5904397 1.3390669 1.4044356 1.4677216 1.6902310 1.4361374 1.4201954 1.4599588 1.8651133 7.1123757 1.6104534 1.7042998 1.5302210 1.4546064 1.1547739 1.5792328 1.6708626 1.9806604 1.7425410 1.8983910 1.8673218 1.7579812 1.6836054 0.0000000 0.8697964 1.6677793 1.8038320 1.5546980 2.6294796 2.2706924 3.1348042 2.4801407 2.3679877 1.9496242 1.9661183 2.0673117 2.1078241 2.4692445 2.3623641 2.0250641 2.4196054 2.1393835 2.1961170 2.0823217 2.0741923 1.3308083 1.9749815 2.0787013 3.1411716 2.9840108 5.4348792 2.4305727 1.8464702 1.7319770 
Chem_TCONS_00070285                                 2.0562048 1.8863966 2.2233314 2.4054774 2.2632309 1.8612513 2.1999796 0.9061250 1.9538097 2.0896521 1.8253727 1.9116015 1.9116015 2.0318455 2.0399524 1.9072641 1.9110271 1.9639354 1.7377068 1.8288034 1.8047142 0.8894933 1.9272409 1.9522390 1.7523517 2.1120138 2.3503406 1.8417256 1.7213039 1.6857107 1.6823748 1.4945819 2.1222898 0.8697964 0.0000000 2.6140387 2.1798164 2.2300635 2.7854162 2.8606793 2.7065944 2.7319907 2.6231980 2.2012567 2.2969158 2.4102370 2.6792401 2.5915716 3.2521231 3.0110209 2.6798182 2.0604351 2.3876893 2.5024378 2.7683075 2.1659642 2.8427670 2.1634929 3.3070532 3.4666166 0.9715649 2.6361627 2.5725241 2.7086180 
Aque_Aqu2.1.24453_001                               2.1349642 1.9528698 1.9268323 2.0710758 1.6126262 1.8166131 1.4332642 0.8649504 1.7873551 1.5196340 1.5186016 1.6828050 1.7493593 1.8343776 1.8276995 1.7888186 1.8339665 1.8094191 1.4972259 1.2261233 1.6367475 1.4081416 1.6247848 1.6710244 2.2316751 1.7983944 1.8752893 1.7616968 2.1447139 2.0153818 1.9142448 2.3456351 2.2669881 1.6677793 2.6140387 0.0000000 1.9149456 2.1251027 1.9795849 2.0811262 2.2193810 2.2353397 2.1513557 2.0450536 1.9806288 2.0010261 2.3705581 2.1296636 2.4626005 2.1202238 1.9388066 1.9895600 1.9604318 2.2139690 2.7398328 1.6301091 2.4381663 2.2254620 3.0752037 3.5634862 4.0702288 2.7118351 2.6292527 2.4126133 
Skow_XM_006818373.1                                 1.6848515 1.8548818 1.6660706 1.8135214 1.5967064 1.4830995 1.6140774 0.7611318 1.6706753 1.6818249 1.5961031 1.5210712 1.5781662 1.6861940 1.7155240 1.6447003 1.6439174 1.5761727 1.4708722 1.1766170 1.6381764 1.0504033 1.4684280 1.5116352 1.6983117 1.5171272 1.6342120 1.5892065 1.7941955 1.7229712 1.8474178 1.9936647 1.3934817 1.8038320 2.1798164 1.9149456 0.0000000 1.9202547 2.2395000 2.3361359 2.3791721 2.0872460 2.1946882 2.0018416 1.7848874 2.0381996 2.1625814 2.1366233 2.2600723 2.3497439 1.9978434 1.6761369 1.8957590 2.1174792 2.2767618 1.7536837 2.3512818 2.1836240 2.7959738 3.0049899 3.2137620 2.6507072 2.7672916 2.3910298 
Codhol_EP00042_Codosiga_hollandica_P057803          2.0760401 2.0759486 1.9871112 2.1351417 1.9042006 1.6781746 1.6886001 0.9535975 1.8063967 1.5907485 1.8024417 1.5101317 1.6535914 1.7249752 1.7712293 1.7256509 1.6986478 1.6753999 1.7781531 2.0076463 1.5787497 1.5735835 1.7431053 1.8476069 1.8569518 1.9820297 2.0369374 1.8805882 1.9638004 1.8928651 1.9135225 1.9667411 2.0167106 1.5546980 2.2300635 2.1251027 1.9202547 0.0000000 1.6520663 1.9315604 1.7924651 1.7997307 1.8473431 1.5475875 1.7458429 1.6815746 1.9001805 1.6801231 2.0011596 1.8435964 2.0309793 1.6571797 1.7189392 1.9066729 2.4134961 1.4335927 2.3861357 1.9206208 2.3455000 2.8523541 2.7304322 2.6045097 2.1661488 2.2449950 
Acaspe_EP00035_Acanthoeca_spectabilis_P027137       2.2270167 2.2021672 2.2878923 2.2236192 2.1412000 2.0320606 1.8602971 1.3198591 2.0263253 2.1613156 2.1552666 2.0928404 2.2039293 2.0638824 2.0741451 2.2201394 2.2942358 2.0113776 2.0760802 1.9497209 2.0195193 2.1268214 2.0398162 1.8845543 2.1357161 2.0154715 2.0291675 2.2990781 2.2216634 2.2783468 2.5283770 2.1991772 2.5639758 2.6294796 2.7854162 1.9795849 2.2395000 1.6520663 0.0000000 0.4708932 1.2543502 1.4163744 1.8958297 1.8724649 1.8889955 1.7729023 2.0552175 2.0031096 2.1751915 1.9489481 1.8656406 1.5421533 1.8502528 2.3698609 2.7229238 1.9050972 2.7059675 2.6729765 3.1556256 3.4609440 4.0893914 2.7641625 2.6926560 2.5720980 
Helnan_EP00037_Helgoeca_nana_P005436                2.3974572 2.4326980 2.4516252 2.5161480 2.1393212 2.2435977 2.0359640 1.2475208 2.1458662 2.2176359 2.3085414 2.0399653 2.2114152 2.0941068 2.0462266 2.2070739 2.2633659 2.0579649 2.0299867 2.0326410 1.9003491 1.9845762 2.0436263 2.0328387 2.1157867 2.0022604 2.2392332 2.5229298 2.3398866 2.4008314 2.5217698 2.5329112 3.0340057 2.2706924 2.8606793 2.0811262 2.3361359 1.9315604 0.4708932 0.0000000 1.1633873 1.5016173 1.8930535 1.9759948 1.8183344 1.8756251 2.2059481 2.2302680 2.3140574 2.2062755 1.7125252 1.6162621 1.8884442 2.4536902 2.9237085 1.9092651 2.8611992 2.6474400 3.1749607 3.4108982 4.5007775 2.8538800 2.8718657 2.6557829 
Diagra_EP00040_Diaphanoeca_grandis_P005654          2.5190049 2.4295974 2.6103876 2.5534910 2.2390055 2.0240147 2.2204256 1.3230201 2.2200599 2.1645408 2.3262147 2.1771996 2.2493746 2.1024760 1.9904945 2.1368650 2.1661125 2.1370972 1.9451521 1.7297429 1.9585823 1.7425168 2.1585936 2.0958776 2.4650416 2.1948813 2.4330142 2.5479520 2.3552302 2.4727861 2.4247572 2.4783079 2.8576460 3.1348042 2.7065944 2.2193810 2.3791721 1.7924651 1.2543502 1.1633873 0.0000000 1.4272179 2.0039260 1.8846291 1.7283318 1.6924347 2.1846112 2.1785551 2.5217566 2.2942809 1.8640922 1.6298201 1.8926751 2.5726049 3.1080069 1.9221515 2.8803046 2.5248937 3.1630328 3.4027191 4.0254322 3.0177340 3.1075781 2.5822565 
Didcos_EP00039_Didymoeca_costata_P009212            2.5416969 2.3931888 2.4326941 2.4184495 2.0758883 2.0085257 1.9939860 1.1908266 2.1315971 2.1338382 2.2053999 2.2287663 2.2526972 2.1778989 2.0629502 2.2145969 2.2309442 2.1732263 1.7895806 1.8464970 1.8026034 1.7279886 1.9355854 1.9344326 1.9837479 2.0896280 2.2856111 2.2793178 2.0989922 2.1618564 2.2292602 2.0907780 2.4275915 2.4801407 2.7319907 2.2353397 2.0872460 1.7997307 1.4163744 1.5016173 1.4272179 0.0000000 1.9552970 1.8984016 1.8295324 1.7870176 2.0560186 2.0723358 2.3787341 2.1788097 1.7929753 1.3925339 1.9941638 2.4229715 2.9863467 1.9767830 2.7503181 2.2233540 3.3713318 3.6983477 2.3440083 3.1481235 2.9770674 2.9207154 
Salmac_EP00052_Salpingoeca_macrocollata_P017486     2.4407206 2.5885784 2.3825833 2.6365422 2.1790110 2.0764639 2.1800533 1.3638867 2.2757332 2.3561059 2.2075834 1.9151512 2.1181230 2.0957258 2.1303757 2.2298543 2.2411021 1.9996267 2.1719629 2.4006267 1.8948489 1.9258362 2.1938530 2.2746268 2.5205828 1.9957639 2.1477833 2.4598680 2.3019242 2.2843523 2.6364373 2.2412996 2.5883182 2.3679877 2.6231980 2.1513557 2.1946882 1.8473431 1.8958297 1.8930535 2.0039260 1.9552970 0.0000000 1.2288868 1.5927014 1.6418069 2.1803114 2.1499712 2.4092381 2.2102953 1.6899475 1.9127666 1.9549940 2.2829403 3.2575554 1.9273936 2.8269889 2.2285785 3.2597084 3.3848535 4.5133371 3.2086683 2.8138156 2.8367934 
Salpun_EP00053_Salpingoeca_punica_P012175           2.0863239 2.0967499 2.0133110 2.0701884 2.0032276 1.7832297 1.7981916 1.1330679 1.6842683 1.9625975 1.7966379 1.6787098 1.8276914 1.7897460 1.8606522 1.9247852 1.9245220 1.7602414 1.7253902 1.8050110 1.7712331 1.6118838 1.8466704 1.8324045 2.1582303 1.8129098 1.8846585 2.0735590 1.9779472 2.0266565 2.1245817 2.1584197 2.3249378 1.9496242 2.2012567 2.0450536 2.0018416 1.5475875 1.8724649 1.9759948 1.8846291 1.8984016 1.2288868 0.0000000 1.4289643 1.8579049 1.9550988 1.7470787 2.0356241 1.8150069 1.4975818 1.5843960 1.7719053 1.8407330 2.6562283 1.4790531 2.4004571 1.6997754 2.7222303 2.9557943 4.0916060 2.7814468 2.2867133 2.1535998 
Mylflu_EP00047_Mylnosiga_fluctuans_P021405          2.0057493 1.6311870 1.8886087 1.8826172 1.7649431 1.6733744 1.6454803 1.0270773 1.7102941 1.7399157 1.7819154 1.7477787 1.8236855 1.8481170 1.8077242 1.7929749 1.8306875 1.8703185 1.7618572 1.7908609 1.7693028 1.5840683 1.6969584 1.7155315 2.3724353 1.7669147 1.9548453 1.8143538 1.8322191 1.8182278 2.0077328 2.0811431 2.0404344 1.9661183 2.2969158 1.9806288 1.7848874 1.7458429 1.8889955 1.8183344 1.7283318 1.8295324 1.5927014 1.4289643 0.0000000 1.5973170 1.9223539 1.9229973 1.9425485 1.9331931 1.4850398 1.7972862 1.4808921 2.1073125 2.5987506 1.5704917 2.2301146 1.7870481 2.8401277 2.8830671 2.9030674 2.6796130 2.6872462 2.0624025 
Microa_EP00043_Microstomoeca_roanoka_P009162        1.7571058 1.9499818 2.1163255 2.1262869 1.8896922 1.8965990 1.7151427 1.0946869 1.8625726 1.7849616 1.8313165 1.6206885 1.7234333 1.7825378 1.7732000 1.7866147 1.7783663 1.8711662 1.7677524 1.6945408 1.7536213 1.4306346 1.6942236 1.7869479 2.1988441 1.7010498 1.9826863 1.9210425 1.8370470 1.8493328 2.1652915 1.9690688 2.0974814 2.0673117 2.4102370 2.0010261 2.0381996 1.6815746 1.7729023 1.8756251 1.6924347 1.7870176 1.6418069 1.8579049 1.5973170 0.0000000 1.4384678 1.5071605 1.4070634 1.3236398 1.5593936 1.3543816 1.9340952 1.9671822 2.3600827 1.5860975 2.3165741 1.9424346 2.6228468 2.7385425 3.3952307 2.1730496 2.3323919 2.5239847 
Salinf_EP00049_Salpingoeca_infusionum_P020377       2.2517547 2.4202906 2.5510573 2.6968398 2.0954776 2.0583663 1.8725840 1.1581169 2.0350844 2.0883961 2.1514597 1.9830328 2.1122185 2.0160985 1.9559027 2.0123064 2.0209345 2.0900952 2.0897510 2.3481381 2.0406620 1.6951778 2.2917146 2.3555637 2.2887121 1.9126487 2.2903548 2.2065149 2.1279969 2.0841033 2.3389054 2.3434745 2.4207521 2.1078241 2.6792401 2.3705581 2.1625814 1.9001805 2.0552175 2.2059481 2.1846112 2.0560186 2.1803114 1.9550988 1.9223539 1.4384678 0.0000000 1.6318245 1.9383274 1.9317730 2.2200800 1.5576872 2.1731645 2.1888353 2.8703523 1.9230892 2.8650503 2.2758505 3.6278639 2.9772263 3.5015455 2.6388679 2.7877303 2.5729970 
Mbre_EDQ90320                                       2.0709748 1.8148580 2.1167972 2.3043799 1.9794272 1.9464486 2.0585618 1.4094702 2.0144830 2.1022740 2.0119667 1.9469530 2.0141875 2.2036572 2.1041263 2.1929628 2.1694185 2.1480183 1.8812337 2.0801471 1.9110945 1.8631219 1.9264034 2.0541307 2.3943600 2.0879861 2.0898607 2.0690004 2.1993953 2.2498641 2.2145757 2.2272661 2.0768775 2.4692445 2.5915716 2.1296636 2.1366233 1.6801231 2.0031096 2.2302680 2.1785551 2.0723358 2.1499712 1.7470787 1.9229973 1.5071605 1.6318245 0.0000000 0.9170754 0.8928477 1.8638038 1.8650871 1.9170514 2.1542704 2.3722258 1.8975605 2.3214808 2.0343843 2.3796108 3.9505943 4.0682916 3.0034063 2.5241295 2.7446544 
Choper_EP00045_Choanoeca_perplexa_P007030           2.3398021 2.1501370 2.4319788 2.5015979 2.4050232 2.2328482 2.0538910 1.1290404 1.9493346 2.1789348 2.1134953 1.9598600 2.1731885 2.1849234 2.3083507 2.2593831 2.2511085 2.2240680 2.3214435 2.4994921 2.2289297 2.1039974 2.4361912 2.5707569 2.8323028 1.9588005 2.3506797 2.4375301 2.6419628 2.5524070 2.7086096 2.4957001 2.6461971 2.3623641 3.2521231 2.4626005 2.2600723 2.0011596 2.1751915 2.3140574 2.5217566 2.3787341 2.4092381 2.0356241 1.9425485 1.4070634 1.9383274 0.9170754 0.0000000 0.4668640 2.0765450 2.1043902 1.8906517 2.4353002 3.0658271 2.0598856 2.8314073 2.2110175 2.9820118 3.8464584 5.2786680 3.1585199 2.9052097 3.0868751 
Chofle_EP00730_Choanoeca_flexa_P008163              2.1975890 2.2036899 2.3318688 2.5559751 2.2945760 2.1049414 2.1490001 1.1162138 1.8783023 2.1285379 1.9993932 1.8097865 1.9612713 2.0004761 2.1121848 2.0639317 2.0629039 1.9191392 2.0977648 2.1289233 2.1322812 1.8673290 2.1370227 2.2739315 2.6006511 1.9437891 2.1772546 2.3208135 2.4671468 2.3503378 2.5380985 2.4686646 2.4055608 2.0250641 3.0110209 2.1202238 2.3497439 1.8435964 1.9489481 2.2062755 2.2942809 2.1788097 2.2102953 1.8150069 1.9331931 1.3236398 1.9317730 0.8928477 0.4668640 0.0000000 1.8502562 1.7839193 1.9261239 2.1884073 2.7992165 2.0275100 2.7777847 2.2311219 2.7478535 3.8290380 4.3844082 2.9981940 2.8464323 2.8192842 
Salurc_EP00051_Salpingoeca_urceolata_P020424        2.0061679 1.9817540 2.0729576 2.2626287 1.7088548 1.8186422 1.5615631 1.0206820 1.7939754 1.6847641 1.8202724 1.7145324 1.7575671 1.7275169 1.6404253 1.7293670 1.7504086 1.8178273 1.8345654 1.7074626 1.8991268 1.6859472 1.8897866 1.9734926 2.2774743 1.8893477 1.7930452 1.9429330 2.0625312 2.0036529 2.1215892 2.2546029 2.4031624 2.4196054 2.6798182 1.9388066 1.9978434 2.0309793 1.8656406 1.7125252 1.8640922 1.7929753 1.6899475 1.4975818 1.4850398 1.5593936 2.2200800 1.8638038 2.0765450 1.8502562 0.0000000 1.4952968 1.8131224 2.1536402 2.6448447 1.4839949 2.1649084 2.0173324 2.8490082 2.8789565 4.1689272 2.5848324 2.4906089 2.4350685 
Stedip_EP00041_Stephanoeca_diplocostata_P033934     2.0136759 2.1746945 2.0798574 2.1888605 1.9943690 1.8993629 1.7296398 1.2281945 1.8514824 1.7773310 2.0769873 1.6255516 1.7802742 1.6700767 1.7104724 1.7613587 1.7813392 1.8055234 1.8571622 2.1558136 1.5266386 2.0635041 2.0190358 2.0311727 1.5156702 1.6773796 1.7777259 2.4628901 2.1389890 2.0048096 2.3271052 2.3054240 2.5228714 2.1393835 2.0604351 1.9895600 1.6761369 1.6571797 1.5421533 1.6162621 1.6298201 1.3925339 1.9127666 1.5843960 1.7972862 1.3543816 1.5576872 1.8650871 2.1043902 1.7839193 1.4952968 0.0000000 1.8970999 1.7889931 2.5925502 1.2034803 2.3957699 2.0098275 3.2570330 2.9786301 3.8623338 2.5569767 1.9870372 1.4484377 
Saldol_EP00054_Salpingoeca_dolichothecata_P028098   1.9268591 1.7035310 2.3641925 2.1237451 1.7582081 1.6167737 1.9013164 1.1350031 1.5882898 1.8838625 1.6849326 1.8287390 1.8776310 1.9924300 1.9618357 1.9809586 2.0251817 1.9268682 1.7544406 1.6974192 1.6177520 1.5377454 1.6327075 1.7489817 2.1338066 1.6820326 2.0200927 1.8840277 2.0141469 2.0524181 1.9083658 1.8459856 2.0858089 2.1961170 2.3876893 1.9604318 1.8957590 1.7189392 1.8502528 1.8884442 1.8926751 1.9941638 1.9549940 1.7719053 1.4808921 1.9340952 2.1731645 1.9170514 1.8906517 1.9261239 1.8131224 1.8970999 0.0000000 2.2210028 2.3571747 1.7905190 2.2557055 2.3222446 2.7295924 2.9240395 3.3051826 2.8785471 2.8291359 2.6657364 
Ctel_gnl_WGS_AMQN_CAPTEDRAFT_mRNA92693              1.8147304 1.7493912 1.3674557 1.5344214 1.9403520 1.7573987 2.1686852 1.4052795 1.9261940 2.2105585 1.7331235 1.5924706 1.6078773 1.5862523 1.6346434 1.6323956 1.6408187 1.6366713 1.7625575 1.8225489 2.0199971 1.3497597 1.7982448 1.8719323 2.2872474 1.7409328 2.1323445 1.7792158 1.7828518 1.6575683 1.8372609 1.8906052 2.0696931 2.0823217 2.5024378 2.2139690 2.1174792 1.9066729 2.3698609 2.4536902 2.5726049 2.4229715 2.2829403 1.8407330 2.1073125 1.9671822 2.1888353 2.1542704 2.4353002 2.1884073 2.1536402 1.7889931 2.2210028 0.0000000 1.7833922 2.0967630 1.6598597 2.1522410 1.6993126 3.0325916 2.0944813 2.8712407 2.2623249 2.3826357 
Cgig_XM_011448245.3                                 2.1639524 2.1052862 1.9258111 2.0355333 2.4673807 2.3085450 2.3197763 1.5275075 2.1850453 2.3341860 2.0540358 2.1992421 2.2714887 2.1707182 2.2627237 2.1787698 2.2207526 2.2527954 2.2352076 2.7027700 2.0834854 1.8833904 2.2163784 2.3170505 2.3949387 2.2329406 2.5363361 2.6780283 2.5154080 2.5982591 2.7541045 2.3794175 2.3152563 2.0741923 2.7683075 2.7398328 2.2767618 2.4134961 2.7229238 2.9237085 3.1080069 2.9863467 3.2575554 2.6562283 2.5987506 2.3600827 2.8703523 2.3722258 3.0658271 2.7992165 2.6448447 2.5925502 2.3571747 1.7833922 0.0000000 1.9876022 2.0101524 2.6312631 2.4262999 3.2934606 5.6249008 3.1063420 2.6453444 3.0525399 
Emue_Em0018g1075a.t1                                1.5119444 1.4785348 1.5191882 1.5527901 1.5798076 1.1732655 1.2910907 0.4483552 1.3683444 0.4213104 1.2953477 1.2860976 1.2968594 1.5142447 1.5903027 1.4059319 1.4071870 1.4971889 1.0098632 0.8785241 1.2783803 0.7817428 1.3650333 1.4703968 1.4399846 1.2651371 1.6192996 1.6213103 1.5188267 1.6325164 1.8836001 1.7061209 1.7544318 1.3308083 2.1659642 1.6301091 1.7536837 1.4335927 1.9050972 1.9092651 1.9221515 1.9767830 1.9273936 1.4790531 1.5704917 1.5860975 1.9230892 1.8975605 2.0598856 2.0275100 1.4839949 1.2034803 1.7905190 2.0967630 1.9876022 0.0000000 1.8812775 1.4834585 2.0660297 2.7289192 0.9715649 2.3495049 2.2044372 2.0499952 
Acagra_model.g30831.t1                              1.9443746 2.0944546 1.7450384 1.7377054 1.9790546 1.9012365 2.2237351 1.1641407 2.0822556 1.9905211 1.9003187 2.0378470 2.1160055 2.2002905 2.2596599 2.0720493 2.1306002 2.0258140 1.8454553 1.9556816 1.9528797 1.5035650 2.2640124 2.3841418 1.9306054 1.9105376 2.3114829 2.0952952 2.1581031 2.0670801 2.3820900 2.2668365 2.3633046 1.9749815 2.8427670 2.4381663 2.3512818 2.3861357 2.7059675 2.8611992 2.8803046 2.7503181 2.8269889 2.4004571 2.2301146 2.3165741 2.8650503 2.3214808 2.8314073 2.7777847 2.1649084 2.3957699 2.2557055 1.6598597 2.0101524 1.8812775 0.0000000 2.5329413 2.3300989 2.8848731 3.1136734 2.9889776 2.6517699 2.8849957 
