62
Hsap_ENST00000392018                                   0.0000000 1.1180337 0.9482873 1.3881020 1.3786242 1.3821571 1.4245948 1.3236068 1.3593433 1.3524161 1.6131304 1.4061321 1.2320123 1.2861571 1.7150417 1.6091143 1.5429381 1.7721881 1.1622478 1.4280357 1.2436429 1.3788876 1.3698478 1.3257197 1.4824475 1.4389146 1.4745837 1.3774968 1.5287667 1.4737077 1.4594086 1.3602455 1.6006758 1.4538785 1.5551153 1.5509262 1.7458361 1.4808318 1.3810844 1.8150940 1.9233270 1.7748880 2.0697514 1.9735524 3.0683750 1.7553044 1.6657503 2.8607225 1.8870819 2.9216914 2.8882879 2.7137495 2.2881890 2.8308566 2.3279832 2.9226034 2.8585470 2.5279079 1.9405829 1.6754588 2.1330329 3.1822532 
Bralan_BLAG14000584_1                                  1.1180337 0.0000000 0.5531875 0.8611871 0.8442081 0.8441984 0.9029242 0.8763752 0.8711381 0.9575469 1.0719118 1.0258219 0.7746121 0.7467341 1.3248019 1.2050525 1.1702757 1.3326315 0.7487773 0.9031302 0.7346272 0.9170462 0.9466074 0.8506281 0.9844363 0.9095793 0.9342516 0.9237829 1.0091519 0.9623573 0.9176294 0.9881657 1.0067157 0.8690700 0.9763198 0.9596312 1.0668135 1.0099645 0.9816837 1.2189164 1.5588286 1.4998956 1.7557782 1.6690221 2.4182499 1.3748608 1.4092623 2.0657936 1.2582207 2.0264967 2.0473227 1.8961503 1.6540721 1.8835479 1.4170629 2.1911886 2.1342593 1.8547757 1.6281267 1.1475239 1.5730613 3.0471093 
Tadh_TriadT32827                                       0.9482873 0.5531875 0.0000000 0.0036801 0.0917065 0.0770587 0.1073713 0.1115672 0.0887082 0.6905230 0.6905230 0.6231541 0.7713359 0.7214525 0.7992717 0.6941166 0.8345125 0.8244780 0.7467733 0.7342206 0.7795111 0.7825183 0.8325815 0.7947449 0.8081847 0.7609256 0.7792782 0.8118477 0.7957013 0.7907249 0.8792370 0.9123350 0.8671372 0.8353538 0.8264627 0.8213772 1.0435880 0.7872528 0.7653061 0.8920488 0.8382421 0.8548471 1.1568722 1.1908779 1.3947283 1.0844360 1.0978985 1.5456625 1.5038268 1.4595826 1.4150320 1.3311903 1.4998784 1.4215545 1.3947308 1.5900854 1.4671201 1.3063776 2.4404507 1.1013603 1.6010094 1.6608474 
TrH2_TrispH2_008120-RA                                 1.3881020 0.8611871 0.0036801 0.0000000 0.1194993 0.1092121 0.1224371 0.1426450 0.1080433 1.0737727 1.1720013 1.0652823 1.1126500 1.0473302 1.1966582 1.0750415 1.1032778 1.2285311 0.7996327 1.1641807 1.1137315 1.1171463 1.0698981 1.0437586 1.1788382 1.1418806 1.1831321 1.1716464 1.1852511 1.1769695 1.1741094 1.1084049 1.1738420 1.1060562 1.2199001 1.1582510 1.3822573 1.2355660 1.2067948 1.4296507 1.5871294 1.3919312 1.7282158 1.7219041 2.2932023 1.4220036 1.5261384 2.1942599 1.5276934 2.1759855 2.0791171 2.1085693 1.8185114 2.1410552 1.6997538 2.3805496 2.2228514 1.8654921 2.1847918 1.4482569 1.8183556 3.1743219 
HoiH06_mRNA10719                                       1.3786242 0.8442081 0.0917065 0.1194993 0.0000000 0.0377351 0.0793657 0.0857569 0.0835365 1.0766865 1.1858901 1.0594108 1.0790234 1.0665021 1.2039386 1.0686740 1.1291857 1.2237068 0.8178849 1.1573269 1.1266174 1.0809075 1.0685981 1.0551732 1.1823430 1.1435441 1.1573106 1.1404213 1.1728893 1.1784426 1.1436923 1.1594196 1.1670740 1.1478932 1.2765582 1.2064804 1.3682505 1.2098410 1.2276327 1.4516398 1.6105644 1.4404387 1.7584244 1.7643593 2.3385541 1.5413621 1.5753979 2.2186292 1.5185942 2.2046805 2.0986032 2.1390323 1.8605056 2.1813225 1.6156523 2.3273955 2.1652832 1.9661733 2.1732944 1.5136200 1.7913672 2.8813125 
HoiH23_PlH23_004954-RA                                 1.3821571 0.8441984 0.0770587 0.1092121 0.0377351 0.0000000 0.0582658 0.0725247 0.0649749 1.0811755 1.1882579 1.0617990 1.0978398 1.0331777 1.1692710 1.0424098 1.1051229 1.2161868 0.7756598 1.1258373 1.1299482 1.0915535 1.0706379 1.0600768 1.1677342 1.1591310 1.1526428 1.1351894 1.1893911 1.1825130 1.1531850 1.0783712 1.1732810 1.1543272 1.2680870 1.2056792 1.3971284 1.1988767 1.2072442 1.4499778 1.5800921 1.4231337 1.7163170 1.7000661 2.1791289 1.4461252 1.5325586 2.1974890 1.4806011 2.1544604 2.1027817 2.1008916 1.7825382 2.1189849 1.6531936 2.3619714 2.1996165 1.9258213 2.3428312 1.4695043 1.8061889 2.9423274 
Hhon_g05577.t1                                         1.4245948 0.9029242 0.1073713 0.1224371 0.0793657 0.0582658 0.0000000 0.0195109 0.0886487 1.1374846 1.2410049 1.1136343 1.1304764 1.0984675 1.1941711 1.0909514 1.1489710 1.2691102 0.8282765 1.1400287 1.1693144 1.1324949 1.1015508 1.0932950 1.2063769 1.1880607 1.2076020 1.1924852 1.2255335 1.2171947 1.1731366 1.1559001 1.1670211 1.1779970 1.2892143 1.2244542 1.3913955 1.2169721 1.2244125 1.4752958 1.5875291 1.4330114 1.7527413 1.7526579 2.2654413 1.5439010 1.6396030 2.2427179 1.4998037 2.2622495 2.1440633 2.1790924 1.8291315 2.2130677 1.7163291 2.4222843 2.2540059 1.9948717 2.2352091 1.5220149 1.7532403 2.9683714 
HoiH04_mRNA10589                                       1.3236068 0.8763752 0.1115672 0.1426450 0.0857569 0.0725247 0.0195109 0.0000000 0.0882391 1.1431099 1.1673179 1.0370423 1.0458061 1.0332414 1.0893336 1.0001291 1.1551848 1.1618965 0.8356841 1.1012597 1.1218757 1.0586139 1.0560990 0.9874132 1.1327961 1.1257199 1.1286163 1.1292148 1.1604291 1.1507325 1.1032169 1.1628213 1.0690852 1.1775797 1.2138887 1.1667426 1.3525273 1.1033366 1.1453260 1.4031684 1.4814205 1.3960400 1.6728507 1.7796958 2.3973040 1.5833326 1.6486471 2.0892378 1.4933243 2.0563895 1.9369549 1.9579963 1.8203039 1.9843465 1.7090365 2.1225667 2.0701776 1.8802176 2.2228892 1.5317590 1.4841180 2.9257529 
HoiH11_mRNA6976                                        1.3593433 0.8711381 0.0887082 0.1080433 0.0835365 0.0649749 0.0886487 0.0882391 0.0000000 1.1089614 1.1586073 1.0319493 1.0177742 1.0114582 1.1222432 0.9859859 1.1135430 1.1446766 0.8061785 1.1163384 1.0568110 1.0970894 1.0825677 1.0227129 1.2018425 1.1680955 1.1899619 1.1824296 1.1675526 1.1818847 1.1250755 1.1609820 1.1125194 1.1785371 1.2140162 1.1646938 1.3585673 1.1238293 1.1552100 1.3646924 1.5212327 1.4009322 1.6458142 1.7116361 2.3988492 1.5619178 1.5945511 2.1380142 1.4743113 2.0053863 1.9364707 1.9235295 1.8375809 2.0093615 1.6360440 2.1141818 2.0527466 1.8243006 2.3847647 1.6301935 1.5882112 3.1623152 
Ocar_g2107                                             1.3524161 0.9575469 0.6905230 1.0737727 1.0766865 1.0811755 1.1374846 1.1431099 1.1089614 0.0000000 0.0000010 0.6098435 1.2190586 1.0821930 1.2942289 1.2253549 1.3264209 1.2974878 0.8084152 1.1358651 1.1384358 1.1001397 1.1107370 0.9803094 1.1359454 1.1311250 1.1338428 1.0904643 1.2420056 1.2045289 1.2086764 1.1227977 1.2953438 1.3573223 1.3579895 1.2929369 1.4770487 1.3867827 1.4728588 1.5520079 1.4371012 1.2625403 1.7317642 1.7591390 3.1740599 1.4082191 1.4957522 2.0067382 1.6110253 2.0048853 2.0624101 1.9457615 1.9450315 1.8940831 1.6414075 1.9854448 1.9610999 1.8804642 2.0345903 1.8532249 1.9928148 2.5657971 
Opea_EP00118_Oscarella_pearsei_P007272                 1.6131304 1.0719118 0.6905230 1.1720013 1.1858901 1.1882579 1.2410049 1.1673179 1.1586073 0.0000010 0.0000000 0.7101142 1.2776335 1.2328103 1.4357906 1.3583468 1.3347370 1.4569696 0.8264400 1.3030992 1.2976017 1.2420259 1.2234278 1.1440265 1.2568514 1.2559606 1.2595505 1.2081454 1.3578668 1.3395767 1.3643060 1.1732877 1.4511859 1.4268685 1.4771303 1.4591545 1.5408403 1.5373883 1.6656239 1.7621987 1.6297178 1.4791270 1.8609508 1.8188417 3.0983740 1.5112659 1.5259843 2.3282154 1.6110253 2.3713949 2.3754188 2.2504670 1.9450315 2.2128727 1.6414075 2.4242480 2.2990082 2.1321863 2.0345903 1.9152215 2.0908285 3.1975495 
Plajan_Pjan_C564708_01                                 1.4061321 1.0258219 0.6231541 1.0652823 1.0594108 1.0617990 1.1136343 1.0370423 1.0319493 0.6098435 0.7101142 0.0000000 1.1584686 1.0412402 1.0860838 1.0448226 1.0689341 1.1874055 0.7163802 1.1949542 1.2117582 1.0288305 0.9840608 0.8854692 1.0428864 1.0830704 1.0803329 1.0283457 1.0751262 1.0850097 1.2030038 1.0775615 1.1936462 1.1101710 1.2351496 1.1826829 1.4002801 1.3420818 1.2468343 1.4288857 1.5252282 1.3703482 1.9207338 1.8262904 3.1930136 1.4901354 1.4267964 2.1313617 1.6609717 2.0776148 2.0157208 2.1130003 1.9023929 1.8872319 1.3793010 2.2120810 2.1398217 1.9165729 1.6476076 1.8359053 1.9577679 3.1605627 
Cgig_XM_011418727.3                                    1.2320123 0.7746121 0.7713359 1.1126500 1.0790234 1.0978398 1.1304764 1.0458061 1.0177742 1.2190586 1.2776335 1.1584686 0.0000000 0.8853900 1.2770009 1.2447555 1.1949031 1.3872820 0.8584857 1.0235498 0.7629227 1.1572849 1.0711183 1.1216035 1.1468625 1.0893207 1.1284369 1.0905382 1.2101857 1.1531690 1.1261981 1.0969461 1.0695725 1.1031520 1.2765332 1.2008997 1.3709351 1.2149074 0.9310281 1.2780714 1.5529068 1.5546083 1.7654301 1.6970860 2.7043845 1.6119158 1.6764756 2.1948641 1.3875142 2.2018430 2.1706282 2.0700757 1.8941300 2.0621737 1.7824259 2.3170522 2.1849708 1.9435688 1.8655582 1.3074590 1.5516487 3.2083453 
Skow_XM_006819084.1                                    1.2861571 0.7467341 0.7214525 1.0473302 1.0665021 1.0331777 1.0984675 1.0332414 1.0114582 1.0821930 1.2328103 1.0412402 0.8853900 0.0000000 1.2319859 1.0913252 1.1353449 1.2749950 0.8497016 1.0203281 0.8762119 1.0007233 0.9882875 0.8551699 0.9989831 0.9747582 0.9959848 0.9716077 1.0696938 1.0142707 1.1288864 1.1538056 1.1039355 1.0871481 1.1687384 1.2097558 1.3649275 1.2513752 1.1575380 1.1977853 1.6677972 1.4786562 1.8439126 1.8015264 2.7428363 1.6002569 1.7023241 2.2662537 1.3860327 2.2941116 2.2781494 2.0924997 1.9637721 2.2501263 1.5128354 2.4372272 2.3275374 1.9762150 2.2777353 1.3044074 1.6510012 3.4690354 
Scil_scict008324.1                                     1.7150417 1.3248019 0.7992717 1.1966582 1.2039386 1.1692710 1.1941711 1.0893336 1.1222432 1.2942289 1.4357906 1.0860838 1.2770009 1.2319859 0.0000000 0.3279806 0.3465602 0.3528731 0.5559795 1.4137357 1.3721712 1.2900855 1.2296571 1.1383226 1.2387788 1.2880261 1.2802267 1.2590190 1.2756881 1.2426695 1.2960238 1.3331065 1.4494965 1.4661012 1.6205250 1.6743658 1.7566479 1.5334227 1.6189460 1.6980060 1.9406374 1.6836203 2.0145338 1.9508701 3.0550477 1.6622276 1.6896242 2.3253282 1.5407546 2.3274936 2.2747615 2.3425045 1.8779406 2.2530568 1.6004539 2.5273380 2.4125783 2.0284154 2.8480934 1.7920950 2.2706564 3.1195833 
Lcom_lcpid45375                                        1.6091143 1.2050525 0.6941166 1.0750415 1.0686740 1.0424098 1.0909514 1.0001291 0.9859859 1.2253549 1.3583468 1.0448226 1.2447555 1.0913252 0.3279806 0.0000000 0.3251292 0.4091629 0.5276035 1.4260721 1.2875384 1.2142650 1.1746062 0.9947030 1.1437948 1.2305767 1.2231872 1.1794542 1.2202054 1.1736883 1.2712736 1.3106534 1.3148410 1.3955399 1.5445073 1.5292959 1.6186975 1.4052452 1.5069231 1.5727518 1.8165829 1.5609385 1.9704848 1.8378862 2.8068688 1.5259913 1.5559775 2.3649412 1.4981790 2.2505933 2.3054865 2.3122231 1.8991471 2.2120594 1.4582203 2.4244198 2.2969069 1.9578259 3.0783976 1.9214202 2.1864899 3.4447316 
Leuniv_Lniv_scaffold22213_01                           1.5429381 1.1702757 0.8345125 1.1032778 1.1291857 1.1051229 1.1489710 1.1551848 1.1135430 1.3264209 1.3347370 1.0689341 1.1949031 1.1353449 0.3465602 0.3251292 0.0000000 0.4170440 0.5429712 1.2445269 1.2323975 1.1746529 1.1892934 0.9341413 1.0843906 1.0687964 1.1077175 1.0826101 1.1203754 1.1068839 1.3378693 1.3612736 1.3611612 1.5248156 1.5874773 1.5529076 1.6831048 1.3333203 1.4974620 1.6578882 1.7115698 1.5096783 1.9682714 1.9992459 3.0542330 1.5321825 1.6208100 2.0471777 1.5067912 1.9546298 1.9478989 1.8475682 1.8457687 1.9413977 1.5279782 2.1222622 2.0675339 1.7883169 3.0400062 1.6840001 2.0304929 2.9778118 
Gracom_Gcom_C558496_01                                 1.7721881 1.3326315 0.8244780 1.2285311 1.2237068 1.2161868 1.2691102 1.1618965 1.1446766 1.2974878 1.4569696 1.1874055 1.3872820 1.2749950 0.3528731 0.4091629 0.4170440 0.0000000 0.6011103 1.5334312 1.4117768 1.3814168 1.3468075 1.1798577 1.3267664 1.4239332 1.3626616 1.3405676 1.3660401 1.3256476 1.3950123 1.4290626 1.4801130 1.4994640 1.6570114 1.6576403 1.7845147 1.5950013 1.5744930 1.7466212 2.0084687 1.6966480 2.0971823 1.9897762 3.2146285 1.6485298 1.6572076 2.4928697 1.5767983 2.4768227 2.4562493 2.4618645 2.0343884 2.4489417 1.4911191 2.6393357 2.5749928 2.2072061 3.1608343 1.9375975 2.3115195 3.2440772 
Clacor_Ccor_scaffold8654_01                            1.1622478 0.7487773 0.7467733 0.7996327 0.8178849 0.7756598 0.8282765 0.8356841 0.8061785 0.8084152 0.8264400 0.7163802 0.8584857 0.8497016 0.5559795 0.5276035 0.5429712 0.6011103 0.0000000 0.8349309 1.0091399 0.9803192 0.9180518 0.8638148 0.9514326 0.9715069 0.9697171 0.9738888 0.9367699 0.9222202 0.9715546 0.8990900 0.9454592 1.0956353 1.0391078 1.0409421 1.2392924 1.0492929 0.9427024 1.0779282 1.1208455 1.0723383 1.2962301 1.3272969 2.2569137 1.1493077 1.1619927 1.5812120 1.4171335 1.6227217 1.6728659 1.5851138 1.5686487 1.5435388 1.4611951 1.6678809 1.5864615 1.5548783 2.2589176 1.5490144 1.6890682 2.5264785 
Cscu_XM_023381253.1                                    1.4280357 0.9031302 0.7342206 1.1641807 1.1573269 1.1258373 1.1400287 1.1012597 1.1163384 1.1358651 1.3030992 1.1949542 1.0235498 1.0203281 1.4137357 1.4260721 1.2445269 1.5334312 0.8349309 0.0000000 1.0644515 1.1697663 1.1372276 1.1109195 1.2269830 1.2110987 1.1871595 1.1023820 1.1990736 1.1831023 1.2271289 1.1276124 1.4057851 1.1864956 1.3493723 1.3533753 1.5147459 1.3344943 1.1735089 1.4141543 1.6293739 1.5462806 1.9768503 1.8923983 2.5996153 1.5093815 1.6496049 2.1872457 1.4535168 2.1849285 2.2026635 2.0880145 1.8328177 2.2275549 1.5624390 2.3856502 2.2443936 1.9994897 2.2918579 1.5388199 1.7877850 3.2846112 
Acagra_model.g16739.t1                                 1.2436429 0.7346272 0.7795111 1.1137315 1.1266174 1.1299482 1.1693144 1.1218757 1.0568110 1.1384358 1.2976017 1.2117582 0.7629227 0.8762119 1.3721712 1.2875384 1.2323975 1.4117768 1.0091399 1.0644515 0.0000000 1.1045370 1.0316961 1.0879300 1.1471820 1.1225915 1.1390385 1.0589946 1.0918550 1.0721755 1.1467287 1.1713955 1.2844295 1.1860109 1.3260529 1.2940229 1.3991498 1.3212816 0.9926021 1.2960752 1.8977385 1.7242038 2.0463319 1.8992928 3.2038199 1.7655593 1.7660721 2.4831566 1.4418711 2.5442807 2.5532943 2.4458995 1.9909559 2.3404615 1.8041433 2.6242534 2.5314670 2.3176089 1.6740366 1.3530690 1.5792115 3.2206160 
Exapal_XM_021040816.2                                  1.3788876 0.9170462 0.7825183 1.1171463 1.0809075 1.0915535 1.1324949 1.0586139 1.0970894 1.1001397 1.2420259 1.0288305 1.1572849 1.0007233 1.2900855 1.2142650 1.1746529 1.3814168 0.9803192 1.1697663 1.1045370 0.0000000 0.3185925 0.6078125 0.6741156 0.6287546 0.6832849 0.6420329 0.6578123 0.6411872 0.7949400 0.8963778 0.9269583 0.8143971 0.9144966 0.9295896 0.9809033 0.9487478 1.3250108 1.4434564 1.6077732 1.7207256 1.8256024 1.7990055 2.9019504 1.7285513 1.8207648 2.0794447 1.4451802 2.1657366 2.1360762 2.1051905 1.8814574 2.0194097 1.4642041 2.4080194 2.2556302 1.9882925 1.4761387 1.7667713 1.8641591 3.1561926 
Nvec_v1g90498                                          1.3698478 0.9466074 0.8325815 1.0698981 1.0685981 1.0706379 1.1015508 1.0560990 1.0825677 1.1107370 1.2234278 0.9840608 1.0711183 0.9882875 1.2296571 1.1746062 1.1892934 1.3468075 0.9180518 1.1372276 1.0316961 0.3185925 0.0000000 0.5904466 0.6491709 0.5945406 0.6382476 0.5853544 0.6029659 0.6125502 0.8273696 0.9266831 0.8989778 0.8348195 0.8933321 0.9062365 1.0185373 0.9233234 1.3848094 1.3098243 1.8280134 1.7914316 1.9654525 2.0849941 3.3375945 1.7090836 1.8230586 2.1162780 1.6112558 2.0863695 2.1801633 2.1996566 1.9277071 2.0372779 1.5817873 2.3365655 2.2972031 2.0462689 1.4499245 1.7070150 1.8489095 2.6721460 
Adig_XM_015903222.1                                    1.3257197 0.8506281 0.7947449 1.0437586 1.0551732 1.0600768 1.0932950 0.9874132 1.0227129 0.9803094 1.1440265 0.8854692 1.1216035 0.8551699 1.1383226 0.9947030 0.9341413 1.1798577 0.8638148 1.1109195 1.0879300 0.6078125 0.5904466 0.0000000 0.0521271 0.1958415 0.2474319 0.2438982 0.2481477 0.2496234 0.9300403 0.9363712 0.9505626 0.8968419 0.9474707 0.9680424 1.1145449 0.9849763 1.1751062 1.2369769 1.5682615 1.5031883 1.7386438 1.4827629 2.6095147 1.3202808 1.2534211 2.1081233 1.6258061 2.2082418 2.0922344 2.0209232 1.7361235 2.0832705 1.2791997 2.4909718 2.2510627 1.9471943 2.1904756 1.5971529 1.9954003 2.4535864 
Amil_Amillepora24641-RA                                1.4824475 0.9844363 0.8081847 1.1788382 1.1823430 1.1677342 1.2063769 1.1327961 1.2018425 1.1359454 1.2568514 1.0428864 1.1468625 0.9989831 1.2387788 1.1437948 1.0843906 1.3267664 0.9514326 1.2269830 1.1471820 0.6741156 0.6491709 0.0521271 0.0000000 0.2048703 0.2785786 0.2486593 0.2911512 0.3046683 0.9975142 1.0289065 1.0575011 1.0400135 1.0875912 1.0910701 1.2224559 1.1311615 1.3370538 1.5063234 1.8248647 1.8086859 2.0824474 1.8974851 3.1019271 1.5760670 1.6261722 2.2541744 1.5922904 2.3336885 2.2886772 2.1790573 1.8612541 2.2723144 1.6275574 2.6782900 2.4562346 2.1320607 2.2300845 1.7360840 2.1060853 2.8746610 
Gfas_gfas1.m1.9921.m1                                  1.4389146 0.9095793 0.7609256 1.1418806 1.1435441 1.1591310 1.1880607 1.1257199 1.1680955 1.1311250 1.2559606 1.0830704 1.0893207 0.9747582 1.2880261 1.2305767 1.0687964 1.4239332 0.9715069 1.2110987 1.1225915 0.6287546 0.5945406 0.1958415 0.2048703 0.0000000 0.2671718 0.2346067 0.2968575 0.3084360 0.9311028 1.0254908 1.0440168 0.9617676 1.0334146 0.9975296 1.1549429 1.0682337 1.3194689 1.4543490 1.9536067 1.7531503 2.0480513 1.9320994 3.0669485 1.5610464 1.7063272 2.2265215 1.5783742 2.3026523 2.3169548 2.2228762 1.9240317 2.2256958 1.5761102 2.6112012 2.4311670 2.1046516 1.7823193 1.6623012 1.9522118 2.9942713 
Fspp_ffun1.m4.25661.m1                                 1.4745837 0.9342516 0.7792782 1.1831321 1.1573106 1.1526428 1.2076020 1.1286163 1.1899619 1.1338428 1.2595505 1.0803329 1.1284369 0.9959848 1.2802267 1.2231872 1.1077175 1.3626616 0.9697171 1.1871595 1.1390385 0.6832849 0.6382476 0.2474319 0.2785786 0.2671718 0.0000000 0.0921150 0.2115170 0.2313156 0.9547695 1.0107039 1.0131658 0.9356416 1.0101775 1.0061625 1.1528899 1.0810417 1.3231643 1.4696337 1.9192883 1.7216335 1.9411645 1.7931129 3.0000085 1.5631916 1.5058924 2.2657153 1.4942161 2.2831951 2.2319092 2.1857432 1.8491344 2.2634582 1.5163210 2.5713258 2.4307076 2.0335197 1.8538215 1.7725357 2.0721448 3.0599745 
Gasp_gasp1.m3.21782.m1                                 1.3774968 0.9237829 0.8118477 1.1716464 1.1404213 1.1351894 1.1924852 1.1292148 1.1824296 1.0904643 1.2081454 1.0283457 1.0905382 0.9716077 1.2590190 1.1794542 1.0826101 1.3405676 0.9738888 1.1023820 1.0589946 0.6420329 0.5853544 0.2438982 0.2486593 0.2346067 0.0921150 0.0000000 0.2100942 0.2221937 0.9205141 1.0020436 0.9770821 0.9316111 0.9666864 0.9716332 1.1139685 1.0837292 1.2925543 1.4301039 1.7969391 1.7088616 1.9850722 1.9142869 2.9739734 1.6042679 1.6526738 2.1977407 1.5406612 2.2654861 2.1909658 2.1595376 1.8350940 2.2262494 1.5279443 2.5406425 2.3456463 2.0203081 1.8418463 1.6450663 1.8233875 3.4862188 
Spis_XP_022792544_1                                    1.5287667 1.0091519 0.7957013 1.1852511 1.1728893 1.1893911 1.2255335 1.1604291 1.1675526 1.2420056 1.3578668 1.0751262 1.2101857 1.0696938 1.2756881 1.2202054 1.1203754 1.3660401 0.9367699 1.1990736 1.0918550 0.6578123 0.6029659 0.2481477 0.2911512 0.2968575 0.2115170 0.2100942 0.0000000 0.0679457 0.9981643 1.0578789 1.0457955 0.9515519 1.0722436 1.0467759 1.1658056 1.1429517 1.3365435 1.4483519 1.8168345 1.7844621 2.0942816 2.0059912 3.2863788 1.6639012 1.6513295 2.3115721 1.5459564 2.3290266 2.2141670 2.2322038 1.8909432 2.2374968 1.3960873 2.5898212 2.4286216 2.1252836 1.8811589 1.8003363 2.0554530 3.2483937 
Pocdam_XM_027197964.1                                  1.4737077 0.9623573 0.7907249 1.1769695 1.1784426 1.1825130 1.2171947 1.1507325 1.1818847 1.2045289 1.3395767 1.0850097 1.1531690 1.0142707 1.2426695 1.1736883 1.1068839 1.3256476 0.9222202 1.1831023 1.0721755 0.6411872 0.6125502 0.2496234 0.3046683 0.3084360 0.2313156 0.2221937 0.0679457 0.0000000 0.9964198 1.0651559 1.0262476 0.9406390 1.0473768 1.0309543 1.1658530 1.1225998 1.2366709 1.4369399 1.7634269 1.7300767 2.0870221 2.0042121 3.2507751 1.6052995 1.6043118 2.3003785 1.5377068 2.3314973 2.2140073 2.2288932 1.8872146 2.2491332 1.4146397 2.5799443 2.4155796 2.0628312 1.9570371 1.7795629 1.9925955 3.3146224 
Dgig_XM_028549821.1                                    1.4594086 0.9176294 0.8792370 1.1741094 1.1436923 1.1531850 1.1731366 1.1032169 1.1250755 1.2086764 1.3643060 1.2030038 1.1261981 1.1288864 1.2960238 1.2712736 1.3378693 1.3950123 0.9715546 1.2271289 1.1467287 0.7949400 0.8273696 0.9300403 0.9975142 0.9311028 0.9547695 0.9205141 0.9981643 0.9964198 0.0000000 0.3450575 1.0573900 0.8926813 1.0036780 1.0036222 1.1105948 1.0318799 1.3898233 1.4508247 1.6732847 1.6309682 1.8739313 1.8831108 2.7138795 1.6782565 1.7083536 2.0227780 1.3383710 2.1179044 2.1913906 2.0578751 1.7731296 2.0321176 1.5173262 2.1979295 2.1238757 2.0082829 1.6792706 1.6927920 1.7378642 2.4331588 
Xesp_014078-T1                                         1.3602455 0.9881657 0.9123350 1.1084049 1.1594196 1.0783712 1.1559001 1.1628213 1.1609820 1.1227977 1.1732877 1.0775615 1.0969461 1.1538056 1.3331065 1.3106534 1.3612736 1.4290626 0.8990900 1.1276124 1.1713955 0.8963778 0.9266831 0.9363712 1.0289065 1.0254908 1.0107039 1.0020436 1.0578789 1.0651559 0.3450575 0.0000000 1.1227825 1.0233417 1.1376124 1.1292786 1.2941130 1.1540644 1.2471851 1.4522338 1.4614939 1.3333775 1.6135384 1.5583940 2.4280079 1.5547406 1.6192145 1.7166349 1.2288400 1.7646922 1.7380847 1.7582000 1.6827989 1.7311678 1.3414122 1.9332194 1.9076988 1.7320610 1.8635765 1.9599949 1.9679282 2.1541923 
Chem_TCONS_00020132                                    1.6006758 1.0067157 0.8671372 1.1738420 1.1670740 1.1732810 1.1670211 1.0690852 1.1125194 1.2953438 1.4511859 1.1936462 1.0695725 1.1039355 1.4494965 1.3148410 1.3611612 1.4801130 0.9454592 1.4057851 1.2844295 0.9269583 0.8989778 0.9505626 1.0575011 1.0440168 1.0131658 0.9770821 1.0457955 1.0262476 1.0573900 1.1227825 0.0000000 0.5953183 0.7269948 0.7221092 0.7812662 0.7599987 1.2927930 1.3573318 1.8012887 1.5321732 1.8287670 1.7359705 2.9076383 1.8129053 1.7064147 2.2539287 1.5990698 2.3372621 2.3141774 2.2312519 1.9334072 2.2229917 1.6128454 2.4791932 2.3138362 2.0618503 1.2110164 1.7932705 1.8038858 2.5961969 
Aaur_scaffold672.g1.t1                                 1.4538785 0.8690700 0.8353538 1.1060562 1.1478932 1.1543272 1.1779970 1.1775797 1.1785371 1.3573223 1.4268685 1.1101710 1.1031520 1.0871481 1.4661012 1.3955399 1.5248156 1.4994640 1.0956353 1.1864956 1.1860109 0.8143971 0.8348195 0.8968419 1.0400135 0.9617676 0.9356416 0.9316111 0.9515519 0.9406390 0.8926813 1.0233417 0.5953183 0.0000000 0.2379771 0.2045842 0.3262506 0.6177249 1.2649396 1.3969680 1.6652435 1.6112329 1.8327425 1.8206079 3.2160808 1.7488824 1.7410436 2.2729579 1.5274003 2.2846748 2.2795631 2.1092700 2.0338822 2.1634188 1.6655507 2.4438801 2.4166920 2.0887995 1.2115757 1.7394777 1.7241172 2.2819109 
Nemnom_g17991.t1                                       1.5551153 0.9763198 0.8264627 1.2199001 1.2765582 1.2680870 1.2892143 1.2138887 1.2140162 1.3579895 1.4771303 1.2351496 1.2765332 1.1687384 1.6205250 1.5445073 1.5874773 1.6570114 1.0391078 1.3493723 1.3260529 0.9144966 0.8933321 0.9474707 1.0875912 1.0334146 1.0101775 0.9666864 1.0722436 1.0473768 1.0036780 1.1376124 0.7269948 0.2379771 0.0000000 0.1297904 0.4497642 0.7456855 1.4728620 1.5408091 1.8590672 1.6345395 1.9058845 1.8133462 3.1288672 1.6478481 1.6739188 2.4913717 1.5260109 2.6088823 2.5820593 2.3507111 1.9883298 2.4226411 1.6884662 2.7068097 2.6267609 2.1377678 1.4144978 1.8221170 1.9906735 2.8111347 
Rhoesc_Res_007444-T1                                   1.5509262 0.9596312 0.8213772 1.1582510 1.2064804 1.2056792 1.2244542 1.1667426 1.1646938 1.2929369 1.4591545 1.1826829 1.2008997 1.2097558 1.6743658 1.5292959 1.5529076 1.6576403 1.0409421 1.3533753 1.2940229 0.9295896 0.9062365 0.9680424 1.0910701 0.9975296 1.0061625 0.9716332 1.0467759 1.0309543 1.0036222 1.1292786 0.7221092 0.2045842 0.1297904 0.0000000 0.4004065 0.7461680 1.4022591 1.5463710 1.8579001 1.6517018 1.9175667 1.7829506 3.1690244 1.6540302 1.6665242 2.4677649 1.5336949 2.5481974 2.6017939 2.3133033 1.9418226 2.3594300 1.6901587 2.6495032 2.5559552 2.1303202 1.3840427 1.8332956 2.0646106 2.6955229 
Sanmal_Sma_015324-T1                                   1.7458361 1.0668135 1.0435880 1.3822573 1.3682505 1.3971284 1.3913955 1.3525273 1.3585673 1.4770487 1.5408403 1.4002801 1.3709351 1.3649275 1.7566479 1.6186975 1.6831048 1.7845147 1.2392924 1.5147459 1.3991498 0.9809033 1.0185373 1.1145449 1.2224559 1.1549429 1.1528899 1.1139685 1.1658056 1.1658530 1.1105948 1.2941130 0.7812662 0.3262506 0.4497642 0.4004065 0.0000000 0.7773547 1.5417171 1.7140573 1.9423767 1.9683758 2.0252095 1.9757013 2.9806890 1.9900256 1.9609333 2.8298177 1.7378377 2.8942640 2.9513727 2.7562741 2.2666453 2.7222826 2.2454570 3.0242646 2.8784526 2.5406057 1.3351004 1.8925951 1.9487107 2.9781662 
Morvir_scaffold237.g21.t1                              1.4808318 1.0099645 0.7872528 1.2355660 1.2098410 1.1988767 1.2169721 1.1033366 1.1238293 1.3867827 1.5373883 1.3420818 1.2149074 1.2513752 1.5334227 1.4052452 1.3333203 1.5950013 1.0492929 1.3344943 1.3212816 0.9487478 0.9233234 0.9849763 1.1311615 1.0682337 1.0810417 1.0837292 1.1429517 1.1225998 1.0318799 1.1540644 0.7599987 0.6177249 0.7456855 0.7461680 0.7773547 0.0000000 1.3760010 1.4636036 1.7532791 1.6856044 1.9803111 1.8068560 2.8730636 1.7571548 1.6612558 2.3477266 1.5048778 2.3553810 2.3914776 2.3627202 1.9099681 2.2401679 1.8236147 2.5262303 2.3731122 2.0764019 1.6085052 1.9024608 1.9241748 2.7729151 
Ctel_gnl_WGS_AMQN_CAPTEDRAFT_mRNA224280                1.3810844 0.9816837 0.7653061 1.2067948 1.2276327 1.2072442 1.2244125 1.1453260 1.1552100 1.4728588 1.6656239 1.2468343 0.9310281 1.1575380 1.6189460 1.5069231 1.4974620 1.5744930 0.9427024 1.1735089 0.9926021 1.3250108 1.3848094 1.1751062 1.3370538 1.3194689 1.3231643 1.2925543 1.3365435 1.2366709 1.3898233 1.2471851 1.2927930 1.2649396 1.4728620 1.4022591 1.5417171 1.3760010 0.0000000 1.5463278 1.7193369 1.6043695 1.7360242 1.7298158 2.6357798 1.6110984 1.6828259 2.4208511 1.6379753 2.3920423 2.2992516 2.3654866 2.0487831 2.2931309 1.8194654 2.4991564 2.4333457 2.2362536 1.8955140 1.4699360 1.8266765 3.2289720 
Spur_XM_030982117.1                                    1.8150940 1.2189164 0.8920488 1.4296507 1.4516398 1.4499778 1.4752958 1.4031684 1.3646924 1.5520079 1.7621987 1.4288857 1.2780714 1.1977853 1.6980060 1.5727518 1.6578882 1.7466212 1.0779282 1.4141543 1.2960752 1.4434564 1.3098243 1.2369769 1.5063234 1.4543490 1.4696337 1.4301039 1.4483519 1.4369399 1.4508247 1.4522338 1.3573318 1.3969680 1.5408091 1.5463710 1.7140573 1.4636036 1.5463278 0.0000000 1.9401247 1.8680821 2.2647632 2.2486136 3.4070745 1.7873999 1.8643698 2.4675731 1.6145464 2.4637899 2.5498050 2.3905343 2.1120214 2.4494819 1.8353244 2.5468878 2.4574785 2.2662999 2.1470951 2.1094441 2.0803346 2.9401707 
Tetwil_g11945.t2                                       1.9233270 1.5588286 0.8382421 1.5871294 1.6105644 1.5800921 1.5875291 1.4814205 1.5212327 1.4371012 1.6297178 1.5252282 1.5529068 1.6677972 1.9406374 1.8165829 1.7115698 2.0084687 1.1208455 1.6293739 1.8977385 1.6077732 1.8280134 1.5682615 1.8248647 1.9536067 1.9192883 1.7969391 1.8168345 1.7634269 1.6732847 1.4614939 1.8012887 1.6652435 1.8590672 1.8579001 1.9423767 1.7532791 1.7193369 1.9401247 0.0000000 1.0870211 1.0264672 1.0469075 1.5665796 1.1658091 1.0843668 2.6483651 1.6684556 2.5630335 2.5792184 2.4334274 2.1844021 2.3999017 1.9826132 2.5914251 2.4937320 2.1748459 1.6497681 2.2587686 2.8175785 4.5933563 
Plespi_Pspi_C610054_01                                 1.7748880 1.4998956 0.8548471 1.3919312 1.4404387 1.4231337 1.4330114 1.3960400 1.4009322 1.2625403 1.4791270 1.3703482 1.5546083 1.4786562 1.6836203 1.5609385 1.5096783 1.6966480 1.0723383 1.5462806 1.7242038 1.7207256 1.7914316 1.5031883 1.8086859 1.7531503 1.7216335 1.7088616 1.7844621 1.7300767 1.6309682 1.3333775 1.5321732 1.6112329 1.6345395 1.6517018 1.9683758 1.6856044 1.6043695 1.8680821 1.0870211 0.0000000 1.3027419 1.3044403 2.0347926 1.2572867 1.2403832 2.2514222 1.4678846 2.1811435 2.1401813 2.1939301 1.9558050 2.0909568 1.8790312 2.3490792 2.2933856 1.9796185 2.2357309 2.1692674 2.5296710 1.9592148 
Aque_Aqu2.1.15742_001                                  2.0697514 1.7557782 1.1568722 1.7282158 1.7584244 1.7163170 1.7527413 1.6728507 1.6458142 1.7317642 1.8609508 1.9207338 1.7654301 1.8439126 2.0145338 1.9704848 1.9682714 2.0971823 1.2962301 1.9768503 2.0463319 1.8256024 1.9654525 1.7386438 2.0824474 2.0480513 1.9411645 1.9850722 2.0942816 2.0870221 1.8739313 1.6135384 1.8287670 1.8327425 1.9058845 1.9175667 2.0252095 1.9803111 1.7360242 2.2647632 1.0264672 1.3027419 0.0000000 0.1937990 0.5169209 1.4527094 1.5274930 2.3783382 1.8065787 2.4248845 2.3606619 2.3357441 2.0327245 2.3650976 2.2948662 2.4919105 2.3987241 2.2817344 2.8818500 2.3686308 2.8160494 2.2844459 
Halamb_c37729_g1_i1m.10286                             1.9735524 1.6690221 1.1908779 1.7219041 1.7643593 1.7000661 1.7526579 1.7796958 1.7116361 1.7591390 1.8188417 1.8262904 1.6970860 1.8015264 1.9508701 1.8378862 1.9992459 1.9897762 1.3272969 1.8923983 1.8992928 1.7990055 2.0849941 1.4827629 1.8974851 1.9320994 1.7931129 1.9142869 2.0059912 2.0042121 1.8831108 1.5583940 1.7359705 1.8206079 1.8133462 1.7829506 1.9757013 1.8068560 1.7298158 2.2486136 1.0469075 1.3044403 0.1937990 0.0000000 0.3879743 1.4601680 1.5455371 2.4414385 1.8434072 2.3710772 2.3672688 2.3466380 2.1070506 2.3045803 2.1931575 2.3612151 2.3164082 2.2811572 2.7063348 2.1110147 2.8954353 2.2574596 
Xestes_maker-XT_scaffold39196-augustus-gene-0.6-mRNA-1 3.0683750 2.4182499 1.3947283 2.2932023 2.3385541 2.1791289 2.2654413 2.3973040 2.3988492 3.1740599 3.0983740 3.1930136 2.7043845 2.7428363 3.0550477 2.8068688 3.0542330 3.2146285 2.2569137 2.5996153 3.2038199 2.9019504 3.3375945 2.6095147 3.1019271 3.0669485 3.0000085 2.9739734 3.2863788 3.2507751 2.7138795 2.4280079 2.9076383 3.2160808 3.1288672 3.1690244 2.9806890 2.8730636 2.6357798 3.4070745 1.5665796 2.0347926 0.5169209 0.3879743 0.0000000 2.1020846 2.2377568 3.5463907 2.0576241 3.7548600 3.7516917 3.6610644 3.1238132 3.3518788 9.0000000 3.5761283 3.5276866 3.1717543 2.9852680 2.2996486 2.9541209 2.0672629 
Emue_Em0137g8a.t1                                      1.7553044 1.3748608 1.0844360 1.4220036 1.5413621 1.4461252 1.5439010 1.5833326 1.5619178 1.4082191 1.5112659 1.4901354 1.6119158 1.6002569 1.6622276 1.5259913 1.5321825 1.6485298 1.1493077 1.5093815 1.7655593 1.7285513 1.7090836 1.3202808 1.5760670 1.5610464 1.5631916 1.6042679 1.6639012 1.6052995 1.6782565 1.5547406 1.8129053 1.7488824 1.6478481 1.6540302 1.9900256 1.7571548 1.6110984 1.7873999 1.1658091 1.2572867 1.4527094 1.4601680 2.1020846 0.0000000 0.3616116 2.2676757 1.7607341 2.2404149 2.2111101 2.2924482 2.1805051 2.2490079 2.0544149 2.3497638 2.2733630 2.2017891 2.0687247 2.4670431 2.5883141 1.6727658 
Spolac_c104614_g2_i6_m.41833c104614-g2                 1.6657503 1.4092623 1.0978985 1.5261384 1.5753979 1.5325586 1.6396030 1.6486471 1.5945511 1.4957522 1.5259843 1.4267964 1.6764756 1.7023241 1.6896242 1.5559775 1.6208100 1.6572076 1.1619927 1.6496049 1.7660721 1.8207648 1.8230586 1.2534211 1.6261722 1.7063272 1.5058924 1.6526738 1.6513295 1.6043118 1.7083536 1.6192145 1.7064147 1.7410436 1.6739188 1.6665242 1.9609333 1.6612558 1.6828259 1.8643698 1.0843668 1.2403832 1.5274930 1.5455371 2.2377568 0.3616116 0.0000000 2.2767485 1.7849578 2.2824394 2.2039137 2.2697305 2.0721337 2.2596397 1.9286176 2.3066969 2.2771767 2.1570008 2.5185577 2.5632031 2.7031365 2.0560299 
Mlei_ML1912.g1.i1                                      2.8607225 2.0657936 1.5456625 2.1942599 2.2186292 2.1974890 2.2427179 2.0892378 2.1380142 2.0067382 2.3282154 2.1313617 2.1948641 2.2662537 2.3253282 2.3649412 2.0471777 2.4928697 1.5812120 2.1872457 2.4831566 2.0794447 2.1162780 2.1081233 2.2541744 2.2265215 2.2657153 2.1977407 2.3115721 2.3003785 2.0227780 1.7166349 2.2539287 2.2729579 2.4913717 2.4677649 2.8298177 2.3477266 2.4208511 2.4675731 2.6483651 2.2514222 2.3783382 2.4414385 3.5463907 2.2676757 2.2767485 0.0000000 0.0454039 0.2632161 0.2739020 0.3333015 0.3084903 0.4035117 0.1353789 0.5356306 0.4892729 0.4916100 2.6601183 3.3942269 3.1619192 3.3083526 
Bolinf_Binf_sb1282228                                  1.8870819 1.2582207 1.5038268 1.5276934 1.5185942 1.4806011 1.4998037 1.4933243 1.4743113 1.6110253 1.6110253 1.6609717 1.3875142 1.3860327 1.5407546 1.4981790 1.5067912 1.5767983 1.4171335 1.4535168 1.4418711 1.4451802 1.6112558 1.6258061 1.5922904 1.5783742 1.4942161 1.5406612 1.5459564 1.5377068 1.3383710 1.2288400 1.5990698 1.5274003 1.5260109 1.5336949 1.7378377 1.5048778 1.6379753 1.6145464 1.6684556 1.4678846 1.8065787 1.8434072 2.0576241 1.7607341 1.7849578 0.0454039 0.0000000 0.1604496 0.1749814 0.1552745 0.1972416 0.2264393 0.0483258 0.3613192 0.2937872 0.3706202 2.5290574 1.6556252 2.0847938 0.8538534 
Mertsp_Mesp_sb556378                                   2.9216914 2.0264967 1.4595826 2.1759855 2.2046805 2.1544604 2.2622495 2.0563895 2.0053863 2.0048853 2.3713949 2.0776148 2.2018430 2.2941116 2.3274936 2.2505933 1.9546298 2.4768227 1.6227217 2.1849285 2.5442807 2.1657366 2.0863695 2.2082418 2.3336885 2.3026523 2.2831951 2.2654861 2.3290266 2.3314973 2.1179044 1.7646922 2.3372621 2.2846748 2.6088823 2.5481974 2.8942640 2.3553810 2.3920423 2.4637899 2.5630335 2.1811435 2.4248845 2.3710772 3.7548600 2.2404149 2.2824394 0.2632161 0.1604496 0.0000000 0.2898699 0.3502359 0.3078109 0.4039143 0.2998576 0.5312510 0.4744064 0.4670228 2.8240261 3.4161750 3.3668181 3.4918903 
Beraby_Baby_sb347792                                   2.8882879 2.0473227 1.4150320 2.0791171 2.0986032 2.1027817 2.1440633 1.9369549 1.9364707 2.0624101 2.3754188 2.0157208 2.1706282 2.2781494 2.2747615 2.3054865 1.9478989 2.4562493 1.6728659 2.2026635 2.5532943 2.1360762 2.1801633 2.0922344 2.2886772 2.3169548 2.2319092 2.1909658 2.2141670 2.2140073 2.1913906 1.7380847 2.3141774 2.2795631 2.5820593 2.6017939 2.9513727 2.3914776 2.2992516 2.5498050 2.5792184 2.1401813 2.3606619 2.3672688 3.7516917 2.2111101 2.2039137 0.2739020 0.1749814 0.2898699 0.0000000 0.3718742 0.3301966 0.4544816 0.3298885 0.5753629 0.5151965 0.4472302 2.9515225 3.3107451 3.1624389 3.0756761 
Lampan_Lpan_82_01                                      2.7137495 1.8961503 1.3311903 2.1085693 2.1390323 2.1008916 2.1790924 1.9579963 1.9235295 1.9457615 2.2504670 2.1130003 2.0700757 2.0924997 2.3425045 2.3122231 1.8475682 2.4618645 1.5851138 2.0880145 2.4458995 2.1051905 2.1996566 2.0209232 2.1790573 2.2228762 2.1857432 2.1595376 2.2322038 2.2288932 2.0578751 1.7582000 2.2312519 2.1092700 2.3507111 2.3133033 2.7562741 2.3627202 2.3654866 2.3905343 2.4334274 2.1939301 2.3357441 2.3466380 3.6610644 2.2924482 2.2697305 0.3333015 0.1552745 0.3502359 0.3718742 0.0000000 0.4167956 0.3772010 0.3655482 0.6227569 0.5511542 0.4610292 3.0101979 3.5238893 3.5796734 3.2622482 
Drygla_Dgla_sb291159                                   2.2881890 1.6540721 1.4998784 1.8185114 1.8605056 1.7825382 1.8291315 1.8203039 1.8375809 1.9450315 1.9450315 1.9023929 1.8941300 1.9637721 1.8779406 1.8991471 1.8457687 2.0343884 1.5686487 1.8328177 1.9909559 1.8814574 1.9277071 1.7361235 1.8612541 1.9240317 1.8491344 1.8350940 1.8909432 1.8872146 1.7731296 1.6827989 1.9334072 2.0338822 1.9883298 1.9418226 2.2666453 1.9099681 2.0487831 2.1120214 2.1844021 1.9558050 2.0327245 2.1070506 3.1238132 2.1805051 2.0721337 0.3084903 0.1972416 0.3078109 0.3301966 0.4167956 0.0000000 0.4317428 0.3582405 0.4396395 0.4130305 0.5125828 3.0071397 2.8872796 2.6387763 2.6204336 
Coemet_Cmet_scaffold10777_01                           2.8308566 1.8835479 1.4215545 2.1410552 2.1813225 2.1189849 2.2130677 1.9843465 2.0093615 1.8940831 2.2128727 1.8872319 2.0621737 2.2501263 2.2530568 2.2120594 1.9413977 2.4489417 1.5435388 2.2275549 2.3404615 2.0194097 2.0372779 2.0832705 2.2723144 2.2256958 2.2634582 2.2262494 2.2374968 2.2491332 2.0321176 1.7311678 2.2229917 2.1634188 2.4226411 2.3594300 2.7222826 2.2401679 2.2931309 2.4494819 2.3999017 2.0909568 2.3650976 2.3045803 3.3518788 2.2490079 2.2596397 0.4035117 0.2264393 0.4039143 0.4544816 0.3772010 0.4317428 0.0000000 0.4339063 0.6404828 0.5795540 0.5043338 2.6148647 3.2609494 3.1423691 2.5385972 
Vmul_sbMO434208                                        2.3279832 1.4170629 1.3947308 1.6997538 1.6156523 1.6531936 1.7163291 1.7090365 1.6360440 1.6414075 1.6414075 1.3793010 1.7824259 1.5128354 1.6004539 1.4582203 1.5279782 1.4911191 1.4611951 1.5624390 1.8041433 1.4642041 1.5817873 1.2791997 1.6275574 1.5761102 1.5163210 1.5279443 1.3960873 1.4146397 1.5173262 1.3414122 1.6128454 1.6655507 1.6884662 1.6901587 2.2454570 1.8236147 1.8194654 1.8353244 1.9826132 1.8790312 2.2948662 2.1931575 9.0000000 2.0544149 1.9286176 0.1353789 0.0483258 0.2998576 0.3298885 0.3655482 0.3582405 0.4339063 0.0000000 0.4224383 0.4171925 0.4891268 2.6321561 7.2983656 6.4779151 8.0958695 
Pbac_sb2643373                                         2.9226034 2.1911886 1.5900854 2.3805496 2.3273955 2.3619714 2.4222843 2.1225667 2.1141818 1.9854448 2.4242480 2.2120810 2.3170522 2.4372272 2.5273380 2.4244198 2.1222622 2.6393357 1.6678809 2.3856502 2.6242534 2.4080194 2.3365655 2.4909718 2.6782900 2.6112012 2.5713258 2.5406425 2.5898212 2.5799443 2.1979295 1.9332194 2.4791932 2.4438801 2.7068097 2.6495032 3.0242646 2.5262303 2.4991564 2.5468878 2.5914251 2.3490792 2.4919105 2.3612151 3.5761283 2.3497638 2.3066969 0.5356306 0.3613192 0.5312510 0.5753629 0.6227569 0.4396395 0.6404828 0.4224383 0.0000000 0.0771643 0.6772531 2.9638663 3.4813060 3.4946167 3.8638477 
Horcal_Hcv1.av93.c6.g360.i3                            2.8585470 2.1342593 1.4671201 2.2228514 2.1652832 2.1996165 2.2540059 2.0701776 2.0527466 1.9610999 2.2990082 2.1398217 2.1849708 2.3275374 2.4125783 2.2969069 2.0675339 2.5749928 1.5864615 2.2443936 2.5314670 2.2556302 2.2972031 2.2510627 2.4562346 2.4311670 2.4307076 2.3456463 2.4286216 2.4155796 2.1238757 1.9076988 2.3138362 2.4166920 2.6267609 2.5559552 2.8784526 2.3731122 2.4333457 2.4574785 2.4937320 2.2933856 2.3987241 2.3164082 3.5276866 2.2733630 2.2771767 0.4892729 0.2937872 0.4744064 0.5151965 0.5511542 0.4130305 0.5795540 0.4171925 0.0771643 0.0000000 0.6190322 2.9512169 3.4435497 3.4521350 3.4199891 
Eupdun_Edun_sb10647498                                 2.5279079 1.8547757 1.3063776 1.8654921 1.9661733 1.9258213 1.9948717 1.8802176 1.8243006 1.8804642 2.1321863 1.9165729 1.9435688 1.9762150 2.0284154 1.9578259 1.7883169 2.2072061 1.5548783 1.9994897 2.3176089 1.9882925 2.0462689 1.9471943 2.1320607 2.1046516 2.0335197 2.0203081 2.1252836 2.0628312 2.0082829 1.7320610 2.0618503 2.0887995 2.1377678 2.1303202 2.5406057 2.0764019 2.2362536 2.2662999 2.1748459 1.9796185 2.2817344 2.2811572 3.1717543 2.2017891 2.1570008 0.4916100 0.3706202 0.4670228 0.4472302 0.4610292 0.5125828 0.5043338 0.4891268 0.6772531 0.6190322 0.0000000 2.8764966 3.0385360 3.0072135 2.5925963 
Hvul_g700_1                                            1.9405829 1.6281267 2.4404507 2.1847918 2.1732944 2.3428312 2.2352091 2.2228892 2.3847647 2.0345903 2.0345903 1.6476076 1.8655582 2.2777353 2.8480934 3.0783976 3.0400062 3.1608343 2.2589176 2.2918579 1.6740366 1.4761387 1.4499245 2.1904756 2.2300845 1.7823193 1.8538215 1.8418463 1.8811589 1.9570371 1.6792706 1.8635765 1.2110164 1.2115757 1.4144978 1.3840427 1.3351004 1.6085052 1.8955140 2.1470951 1.6497681 2.2357309 2.8818500 2.7063348 2.9852680 2.0687247 2.5185577 2.6601183 2.5290574 2.8240261 2.9515225 3.0101979 3.0071397 2.6148647 2.6321561 2.9638663 2.9512169 2.8764966 0.0000000 2.1898543 2.0788523 4.5564278 
