69
Hsap_ENST00000378625                              0.0000000 0.8016217 0.9851609 0.7374344 0.9460674 1.1811245 1.3132201 1.0046582 1.0762826 1.3197871 1.3375059 1.4500607 1.4028387 1.4672730 1.4807346 1.5112514 1.0592120 1.9529604 1.9798619 1.2150851 1.9886231 1.7596095 1.1032664 1.8970598 1.7266163 1.7254600 1.6032913 1.7323897 1.6073450 1.4335032 1.5871570 1.6273413 1.7623236 1.7059186 1.6657913 2.0722777 2.3216684 2.2231274 1.8756045 1.8824049 2.0855634 2.3359117 2.0117665 2.2128732 1.9723403 2.4942454 2.6368925 2.4177049 2.4603948 2.0101315 1.7371869 2.0851447 2.0787068 2.1307878 2.2492065 1.9780269 3.1540317 2.5316273 2.5803831 2.3282874 2.6976454 2.8831622 2.4655650 2.6639869 2.2401708 2.4626142 2.4705547 2.1783079 3.7715839 
Bralan_BLAG11000655_3                             0.8016217 0.0000000 0.7556393 0.6474914 0.6043187 0.8188383 0.8284083 0.7763871 0.9369215 1.1907880 1.1873979 1.2509717 1.3298390 1.2973949 1.2661514 1.3271478 1.0106924 1.9140272 1.6564144 1.3903444 1.9723006 1.6814450 0.9086584 1.5778227 1.6150849 1.5532434 1.3466340 1.5633816 1.5493540 1.5004146 1.6483311 1.6351540 1.6686843 1.7663190 1.7221813 1.8713317 1.8981728 1.8191718 1.8271043 1.8202176 2.0823802 2.2049064 1.8489689 2.2397042 1.9314973 2.3999703 2.3480063 2.2678314 2.3261112 2.0371375 1.8840802 2.1763576 2.0783657 2.0682055 2.2817134 1.8822113 2.6245859 2.1384528 2.5344734 2.0994641 2.2951649 2.7514212 2.3140568 2.4351760 1.9704668 2.4389339 2.3702128 2.3357521 3.2191314 
Tcas_TC006614_001                                 0.9851609 0.7556393 0.0000000 0.1966524 0.3423892 0.9435468 1.0064176 0.9569242 0.9499104 1.0979876 1.0983299 1.1791390 1.1717828 1.2157233 1.1153043 1.2316311 0.9657130 1.7931839 1.8329591 1.3578222 2.2339996 1.8173227 1.1681675 1.6376561 1.4389040 1.4596291 1.2785985 1.6596694 1.5539381 1.5459409 1.5202301 1.5486179 1.7900369 1.6228388 1.6357853 2.0497410 2.1446025 2.1056830 1.8150436 1.8216288 2.2221622 2.2970286 2.1458589 2.3077441 2.0459227 2.5574549 2.7152818 2.3693765 2.5894603 2.1888442 1.9312486 2.2770592 2.1844315 2.2279546 2.3463262 1.9715181 2.8397190 2.3223145 2.4809609 2.1666203 2.4154333 3.2123923 2.7059463 2.6598563 2.4945886 2.6498457 2.5873166 2.7205306 4.0952715 
Dpul_mRNA6913                                     0.7374344 0.6474914 0.1966524 0.0000000 0.2378579 0.5809720 0.7453038 0.8643832 0.9505850 0.8664214 0.8658543 0.9076900 0.9490149 0.9596922 0.8299710 0.9076408 0.9235086 1.7076213 1.4263904 1.3018858 1.7728498 1.5543439 1.0231549 1.4224340 1.2770891 1.2922094 1.1767583 1.5312400 1.4240912 1.2449808 1.4047266 1.5631549 1.6358484 1.5086249 1.6015877 1.6512691 1.6814230 1.5753556 1.5582734 1.5599274 1.6218551 1.5849272 1.6513883 2.0304715 1.6622152 2.2802424 2.2384242 2.2010851 2.0877879 1.8766836 1.9098045 1.8604611 1.7895307 1.8298838 1.8526285 1.8501361 2.1933863 1.7866850 1.9797326 1.7309820 2.0665550 2.8209860 2.3146730 2.2368052 1.9516038 2.2401161 2.2769743 2.3376228 2.8932543 
Cscu_XM_023364501.1                               0.9460674 0.6043187 0.3423892 0.2378579 0.0000000 0.8983695 0.8945693 0.7905742 0.8917524 1.0675295 1.0677657 1.1523339 1.1998662 1.2396171 1.1457184 1.1861086 0.9629118 1.7411434 1.7732074 1.2476475 1.9520666 1.7006750 1.0523875 1.6991582 1.6201775 1.6824826 1.2704272 1.6285009 1.6930781 1.5451565 1.5788335 1.6465783 1.7831664 1.7005218 1.5948879 1.9791763 2.1695154 2.1088207 1.8024830 1.8049651 2.1739344 2.2691631 2.1066755 2.3013093 2.0935308 2.5740883 2.6183848 2.1758987 2.5326743 2.0504527 1.7863210 2.1854107 2.0041274 2.0521715 2.1878725 1.8259385 2.7642283 2.3181976 2.4364304 2.1849375 2.2981785 2.9449296 2.7385141 2.6699596 2.2216744 2.6759865 2.4676074 2.7994656 3.7307186 
Acagra_model.g30083.t1                            1.1811245 0.8188383 0.9435468 0.5809720 0.8983695 0.0000000 1.1885409 1.0338567 0.9713136 1.3105697 1.3053087 1.3991650 1.4717391 1.4415567 1.3511831 1.5308089 0.9577208 2.0502884 1.7828162 1.3199554 2.1747957 1.8274303 1.3283894 1.9527717 1.5706889 1.6021718 1.3042981 1.8770697 1.7520534 1.7589001 1.7947504 1.9146424 2.0550874 1.8481901 1.6037302 2.1560517 2.3841621 2.2337191 2.0698848 2.0827109 2.4716698 2.8522851 2.1495683 3.0506498 2.1204666 2.5631459 2.8527968 2.5070855 2.6971136 2.1793340 1.9602171 2.3151611 2.4126620 2.4093563 2.2459732 1.9015055 2.8235449 2.6171982 2.7839898 2.5313640 2.4225856 3.0248318 2.4870590 2.5752298 3.3164061 2.5774289 2.5371299 3.3234341 4.5276078 
Ctel_gnl_WGS_AMQN_CAPTEDRAFT_mRNA168507           1.3132201 0.8284083 1.0064176 0.7453038 0.8945693 1.1885409 0.0000000 1.1102825 1.1522614 1.4974111 1.4989135 1.5207182 1.6329796 1.6635115 1.5267151 1.7438495 1.0139624 1.8641751 1.9287256 1.4699304 2.4915237 1.9738772 1.3407204 1.8488722 1.8408837 1.8602907 1.5424504 1.7541858 1.8196943 1.6715291 1.9268111 1.8677314 1.9792071 2.2424700 1.8755563 2.3655456 2.6069107 2.3945006 2.0883774 2.1182721 2.4096978 2.6911864 2.3357008 2.9781643 2.2739080 2.9853628 3.1554854 2.4405492 2.4473616 2.2441741 2.0304897 2.3116999 2.3196640 2.3601975 2.3949060 2.1717866 3.0820916 2.8349252 2.8487033 2.6953001 2.8556476 3.0575451 2.7462065 2.9005279 2.6620706 2.9451162 2.7183246 3.0695029 4.5965412 
Spur_NM_001161438.1                               1.0046582 0.7763871 0.9569242 0.8643832 0.7905742 1.0338567 1.1102825 0.0000000 1.1258568 1.1196767 1.1131860 1.2632241 1.3432550 1.3605809 1.2789534 1.3493411 0.9421547 1.6983933 1.5258160 1.3404872 1.9494320 1.7106943 0.8811766 1.5606896 1.6907868 1.8085462 1.6774647 1.9014237 2.1423080 1.8763585 1.8120801 1.8782403 1.9243089 2.0607278 1.7779567 1.8260093 1.9345580 1.8525615 1.7897977 1.8151054 2.1108228 2.1569162 1.9068809 2.2581522 1.8824413 2.2667939 2.3153569 2.0219665 2.3962565 2.0654196 1.9503938 2.0674487 2.1610520 2.1432919 2.0487554 1.9523626 2.5100339 2.2369283 2.2630549 2.1074840 2.4581331 3.2356662 2.3735735 2.3628291 2.1033117 2.5487137 2.6127237 2.2594523 3.4006901 
Nvec_v1g93522                                     1.0762826 0.9369215 0.9499104 0.9505850 0.8917524 0.9713136 1.1522614 1.1258568 0.0000000 0.6774304 0.6774304 0.6716193 0.7029152 0.6991111 0.6161383 0.6625677 0.7826051 1.6386231 1.4208290 1.2845579 1.7621691 1.5352305 1.1424423 1.5057402 1.2963043 1.3164166 1.2125112 1.3675769 1.3233972 1.1827700 1.2541588 1.3998999 1.5851870 1.5156861 1.4260313 1.4301150 1.5264595 1.4736981 1.4502979 1.4431772 1.8911858 1.8909732 1.5553791 2.2083182 1.8027492 1.9277802 1.9313425 1.8456947 2.3976458 2.2551696 2.1704107 2.1899408 2.2414380 2.2061551 2.1708861 2.0048547 2.5830885 1.7969220 2.0949905 1.8292359 1.7966709 2.4385544 2.0656216 2.1960588 1.7575191 2.2276814 2.3253507 1.7821155 3.3289586 
Adig_XM_015899095.1                               1.3197871 1.1907880 1.0979876 0.8664214 1.0675295 1.3105697 1.4974111 1.1196767 0.6774304 0.0000000 0.0053964 0.3446889 0.4021532 0.4226706 0.3816536 0.4347292 0.8798352 1.7131569 1.6140171 1.2800106 1.9095601 1.6992486 1.3506704 1.7422165 1.5851424 1.5093241 1.3590713 1.9051502 1.7367462 1.4851665 1.3663992 1.5647145 1.7423780 1.6277072 1.3852618 1.7811861 1.8373331 1.8366053 1.5966668 1.6034064 2.2373383 2.3792670 2.4160494 2.5599893 2.1848941 2.3269181 2.5643863 2.0767720 2.3234831 2.0570880 1.8680079 2.1387114 2.1690759 2.2164615 2.0761859 1.7734507 2.6569668 2.4386714 2.2630397 2.0544999 2.3624452 2.7652057 2.3397159 2.3134024 2.0660151 2.5476920 2.4518845 2.4867991 3.9604315 
Amil_Amillepora32903-RA                           1.3375059 1.1873979 1.0983299 0.8658543 1.0677657 1.3053087 1.4989135 1.1131860 0.6774304 0.0053964 0.0000000 0.3377454 0.3973440 0.4175681 0.3794105 0.4429615 0.8798352 1.7135253 1.6088310 1.2800106 1.9414526 1.7231048 1.3513964 1.7364979 1.5894169 1.5204948 1.3633054 1.9027398 1.7649778 1.5142541 1.3721108 1.5698504 1.7338635 1.6303841 1.4068229 1.8093217 1.8676009 1.8657745 1.6233583 1.6301578 2.2336968 2.3756661 2.4057661 2.5853277 2.1766469 2.3306134 2.5897912 2.0904792 2.3547596 2.0570880 1.8968483 2.1413734 2.1880470 2.2357019 2.0938158 1.7734507 2.6569668 2.4617194 2.2369702 2.0840861 2.3539218 2.8095872 2.3359810 2.3097558 2.1390105 2.5509975 2.4518845 2.4711992 3.9752342 
Fspp_ffun1.m4.14432.m1                            1.4500607 1.2509717 1.1791390 0.9076900 1.1523339 1.3991650 1.5207182 1.2632241 0.6716193 0.3446889 0.3377454 0.0000000 0.2591734 0.2587222 0.3763542 0.3166556 0.8900860 1.7776985 1.7459422 1.2149837 2.1467580 1.8162554 1.5303308 1.7512913 1.5659967 1.4850351 1.3397289 2.0107915 1.7669418 1.4803767 1.6105812 1.7258466 1.9051079 1.7544795 1.5375587 1.9148544 1.9914358 1.9297375 1.7027654 1.7099270 2.1920214 2.4446369 2.4060998 2.6758690 2.2809952 2.5698738 2.8264965 2.0335327 2.4872323 2.0860571 2.0043745 2.2921527 2.2356068 2.2835270 2.2818184 1.8623330 2.8829608 2.3844284 2.5673133 2.4301697 2.3557440 3.0511015 2.6417033 2.5876066 2.4812018 2.7940333 2.5265672 2.7258366 3.9885372 
Spis_XP_022797462_1                               1.4028387 1.3298390 1.1717828 0.9490149 1.1998662 1.4717391 1.6329796 1.3432550 0.7029152 0.4021532 0.3973440 0.2591734 0.0000000 0.1088524 0.4742654 0.4529253 0.8803485 1.8794594 1.6602565 1.2839034 1.9718192 1.7119230 1.4672934 1.7133647 1.6625192 1.4562528 1.3620318 1.9549544 1.6989542 1.5407081 1.5380394 1.7004600 1.9077575 1.7843198 1.4703155 1.7998034 1.8636617 1.8198093 1.5671727 1.5649062 2.0148542 2.3318058 2.2961852 2.7589052 2.3456822 2.6613036 3.1003323 2.1462922 2.4254996 2.0794572 1.9624123 2.2646123 2.2703711 2.2762421 2.2553182 1.9048964 2.6577783 2.4970256 2.5149697 2.3818531 2.4359003 3.1160342 2.7496584 2.7120936 2.6636674 2.8523921 2.5179280 2.7457757 3.8252697 
Pocdam_XM_027195043.1                             1.4672730 1.2973949 1.2157233 0.9596922 1.2396171 1.4415567 1.6635115 1.3605809 0.6991111 0.4226706 0.4175681 0.2587222 0.1088524 0.0000000 0.4848949 0.4613708 0.8484843 1.9093113 1.6102051 1.2484744 1.9506320 1.7411608 1.4139789 1.6231780 1.5346747 1.4817495 1.3747377 1.8941455 1.6229198 1.4872493 1.5072289 1.6321839 1.9455555 1.6712760 1.4405253 1.7865169 1.8470578 1.7591564 1.5084673 1.4922608 2.0575208 2.2891078 2.3392793 2.6785498 2.2730934 2.4761292 2.7786899 2.1233562 2.2796090 2.0122559 1.8377349 2.1226739 2.1193579 2.1253781 2.1825986 1.8212313 2.3773477 2.3944857 2.5670704 2.3602699 2.1985579 2.8572095 2.5449075 2.4405322 2.6329746 2.6153995 2.4308801 2.7924373 3.8879807 
Gfas_gfas1.m1.5993.m1                             1.4807346 1.2661514 1.1153043 0.8299710 1.1457184 1.3511831 1.5267151 1.2789534 0.6161383 0.3816536 0.3794105 0.3763542 0.4742654 0.4848949 0.0000000 0.2871971 0.8914255 1.7208939 1.7133459 1.3088456 2.2355016 1.8038357 1.5463213 1.6665358 1.4515690 1.5424940 1.3251939 1.8563502 1.7322913 1.4955001 1.4766546 1.6358340 1.7896615 1.6567665 1.4326690 1.9112246 2.0279147 1.9770726 1.7156732 1.7304861 2.2420406 2.4627453 2.2680790 2.6856784 2.1137688 2.5622540 2.6608535 1.9587960 2.6998696 2.1646040 1.9628853 2.3551560 2.1195118 2.1795686 2.3976094 1.8292586 2.5460073 2.4113363 2.4157410 2.3544460 2.1210798 3.1250161 2.4843791 2.6325292 2.7526624 2.8300614 2.4426393 2.9523776 4.3286769 
Gasp_gasp1.m3.1199.m1                             1.5112514 1.3271478 1.2316311 0.9076408 1.1861086 1.5308089 1.7438495 1.3493411 0.6625677 0.4347292 0.4429615 0.3166556 0.4529253 0.4613708 0.2871971 0.0000000 0.9237125 1.9089404 1.9390197 1.3333711 2.3057583 1.9341203 1.6156272 1.8088719 1.5655984 1.6147688 1.3569405 1.9792719 1.8139680 1.5990885 1.6233766 1.7526438 1.8840420 1.7133059 1.5478601 1.9975737 2.0966610 2.1010950 1.8193099 1.8200779 2.2990189 2.4463997 2.4040142 2.6571254 2.3720342 2.6742031 2.9279608 2.1115240 2.7044587 2.1065732 1.9975689 2.4247259 2.2569888 2.3177125 2.3743816 1.9035584 2.7354953 2.2633455 2.6058972 2.4782664 2.4139940 3.2957327 2.7065978 2.7336936 2.7964524 2.7803104 2.5575065 2.9359826 4.6588873 
Morvir_scaffold92.g42.t1                          1.0592120 1.0106924 0.9657130 0.9235086 0.9629118 0.9577208 1.0139624 0.9421547 0.7826051 0.8798352 0.8798352 0.8900860 0.8803485 0.8484843 0.8914255 0.9237125 0.0000000 0.7175630 0.8135163 0.6075830 1.0913418 0.8760679 1.0346429 1.0343109 1.0362983 0.8960379 1.1075603 1.1087907 1.0171877 0.9090726 1.3810965 1.4286387 1.4118788 1.5789512 1.1961460 1.2495779 1.2570093 1.2773040 1.1421811 1.1463129 1.3145537 1.2802092 1.1732741 1.9504999 1.4491437 1.6227971 1.6304040 1.4755615 1.8763125 1.6819066 1.5764661 1.5964657 1.7318522 1.7134652 1.5726147 1.6989024 2.3103328 1.5092868 1.6230995 1.3425995 1.5476974 2.2660396 1.8731537 1.6211740 5.1649425 1.9952086 1.8973829 1.8615955 2.3451129 
Hvul_g15165_1                                     1.9529604 1.9140272 1.7931839 1.7076213 1.7411434 2.0502884 1.8641751 1.6983933 1.6386231 1.7131569 1.7135253 1.7776985 1.8794594 1.9093113 1.7208939 1.9089404 0.7175630 0.0000000 0.9589812 1.3693948 1.8633976 1.6320291 1.9623553 1.6799955 2.2725330 2.1737001 1.8543187 2.5486280 2.4893955 2.2154157 2.0595864 2.2530374 2.3908956 2.3754301 2.0412759 2.2207785 2.3365384 2.2404889 2.1007583 2.1240571 2.8960694 2.8340917 2.4195364 2.5488875 2.6641803 2.8829465 2.9620349 2.8039270 2.8914956 2.6886367 2.4742176 2.5456435 2.6275797 2.6615791 2.6578787 2.4825633 3.7224141 3.0850060 3.3567096 2.9899598 3.0835867 3.8648915 3.1571511 3.3690423 3.4441282 3.1402081 3.2587248 2.8467710 4.0427105 
Chem_TCONS_00017286                               1.9798619 1.6564144 1.8329591 1.4263904 1.7732074 1.7828162 1.9287256 1.5258160 1.4208290 1.6140171 1.6088310 1.7459422 1.6602565 1.6102051 1.7133459 1.9390197 0.8135163 0.9589812 0.0000000 1.1125252 1.7376615 1.5988791 1.9177052 1.7120297 1.7903852 1.7338032 1.6733431 1.9858830 1.7303899 1.9698913 2.0586775 2.0939160 2.3537669 2.1081435 1.7920123 2.1583684 2.1326310 2.0927856 1.9024228 1.9017573 2.6905271 2.9349306 2.5141829 3.1966503 2.5637403 3.0800990 3.2377068 2.4411984 2.7918363 2.3907441 2.1402102 2.3067032 2.3825693 2.4671898 2.2906628 2.0534334 3.0398692 3.0877809 3.1129935 2.5472107 2.9458074 3.6586142 3.0174075 3.0047664 2.9102541 2.9765547 2.6282112 2.8302645 4.3407893 
Aaur_scaffold404.g21.t1                           1.2150851 1.3903444 1.3578222 1.3018858 1.2476475 1.3199554 1.4699304 1.3404872 1.2845579 1.2800106 1.2800106 1.2149837 1.2839034 1.2484744 1.3088456 1.3333711 0.6075830 1.3693948 1.1125252 0.0000000 0.6106261 0.5444705 1.3821717 0.9110732 1.5803245 1.4082595 1.3933913 1.4936820 1.3359619 1.1792480 1.4463311 1.5023830 1.5109099 1.5806189 1.5829735 1.5829735 1.8439617 1.7149869 1.6857435 1.6886467 2.1158933 2.0684463 1.6299604 1.8337127 1.4903905 1.9625801 2.1817216 1.9643806 1.8683605 1.6058310 1.7116985 1.7861161 1.8167279 1.8286307 1.7484170 1.6906078 2.9700953 1.8846335 1.8677285 1.9178998 1.9067205 2.0512982 2.2434970 2.2404727 1.6886347 2.0790868 2.0960568 2.2038773 2.1683642 
Nemnom_g6330.t1                                   1.9886231 1.9723006 2.2339996 1.7728498 1.9520666 2.1747957 2.4915237 1.9494320 1.7621691 1.9095601 1.9414526 2.1467580 1.9718192 1.9506320 2.2355016 2.3057583 1.0913418 1.8633976 1.7376615 0.6106261 0.0000000 0.3855721 1.8394557 1.4019325 2.4580760 2.5092613 2.0624715 2.7525459 2.1345570 2.0520375 2.3577453 2.7540395 2.6449077 2.5213206 1.9613308 2.1810333 2.4756063 2.3472212 2.0169156 2.0262274 3.3488090 3.6465058 3.0764232 3.6503400 3.1824426 3.7352092 3.8206980 3.4678339 3.0280912 2.6321628 2.3196229 2.6230052 2.7538536 2.7108022 2.7388921 2.5457677 3.1046687 3.5572815 3.5627822 3.2410454 3.0424117 4.3650352 3.4961941 3.8139218 2.3587631 3.7927471 3.7436797 3.8859620 4.6202338 
Rhoesc_Res_010425-T1                              1.7596095 1.6814450 1.8173227 1.5543439 1.7006750 1.8274303 1.9738772 1.7106943 1.5352305 1.6992486 1.7231048 1.8162554 1.7119230 1.7411608 1.8038357 1.9341203 0.8760679 1.6320291 1.5988791 0.5444705 0.3855721 0.0000000 1.6459907 1.2717519 1.9741617 1.9397094 1.5448865 2.2596965 1.8942629 1.5983066 1.9228646 2.0544936 2.1416091 2.0206684 1.8221368 2.0158282 2.3252191 2.2392610 1.9777177 1.9717980 2.6983013 2.9170126 2.4843088 3.0631498 2.7078179 2.7425055 3.1414889 2.8484057 2.5970637 2.3152353 2.0654989 2.3463374 2.3282834 2.3281512 2.3675820 2.1945145 3.3250493 3.0405736 3.0943678 2.8046645 2.6002071 3.4012771 2.7135203 2.9569315 2.1538472 3.0306041 3.1472788 3.2527793 4.5631950 
Skow_XM_002739542.2                               1.1032664 0.9086584 1.1681675 1.0231549 1.0523875 1.3283894 1.3407204 0.8811766 1.1424423 1.3506704 1.3513964 1.5303308 1.4672934 1.4139789 1.5463213 1.6156272 1.0346429 1.9623553 1.9177052 1.3821717 1.8394557 1.6459907 0.0000000 1.6726561 1.8649919 1.9576180 1.7814308 1.8873669 1.8921369 1.8140647 1.8999745 2.1108873 1.9169021 2.0051763 1.6970670 1.8615375 2.0753867 1.9794199 1.9233209 1.9385895 2.3403267 2.5507232 1.8988762 2.6986761 2.1054705 2.3916212 2.6964243 2.3765905 3.0585975 2.5272316 2.3324695 2.5245267 2.6167771 2.6233587 2.6386288 2.2834374 3.2086241 2.6032380 2.5104866 2.2024461 2.5196036 2.9337238 2.4343217 2.6390882 2.7224482 2.6624822 2.5496848 2.6954194 3.2223174 
Sanmal_Sma_020558-T1                              1.8970598 1.5778227 1.6376561 1.4224340 1.6991582 1.9527717 1.8488722 1.5606896 1.5057402 1.7422165 1.7364979 1.7512913 1.7133647 1.6231780 1.6665358 1.8088719 1.0343109 1.6799955 1.7120297 0.9110732 1.4019325 1.2717519 1.6726561 0.0000000 1.8032112 1.9240321 1.5365944 2.1861608 1.9342583 1.9524453 2.2015942 2.2775516 2.3246821 2.3406973 1.8297477 2.2317222 2.3086378 2.1283795 1.9939765 2.0068478 2.6909580 3.0994748 2.3378936 2.8547502 2.6294096 3.0675048 3.0837523 2.4709199 2.5188543 2.1664973 2.0236922 2.2491495 2.3710736 2.3998922 2.3176600 2.1281913 3.3045608 3.0195773 3.0637999 2.9949389 2.4347263 3.2796797 2.9652853 3.2656779 2.7378862 3.3064218 3.2697792 2.4794331 3.9547698 
Aque_Aqu2.1.32577_001                             1.7266163 1.6150849 1.4389040 1.2770891 1.6201775 1.5706889 1.8408837 1.6907868 1.2963043 1.5851424 1.5894169 1.5659967 1.6625192 1.5346747 1.4515690 1.5655984 1.0362983 2.2725330 1.7903852 1.5803245 2.4580760 1.9741617 1.8649919 1.8032112 0.0000000 0.4825775 0.9847144 1.2110933 1.2101331 1.8906089 1.6941042 1.7565333 1.9442568 2.1168784 1.8859453 2.2248840 2.2623620 2.2010530 2.0841260 2.0827858 2.3848650 2.6353122 1.8289462 2.1372905 1.7365968 2.2910942 2.2334657 2.5150872 3.2025440 2.6836508 2.3815583 2.6929571 2.5928619 2.5581756 2.7275723 2.5627200 3.7293665 2.2427513 2.1878943 2.3628949 2.4627764 2.6110715 2.8612795 2.4649500 3.2222789 2.4752858 2.3008535 3.2822005 3.5697834 
Halamb_c56564_g1_i3mm.7225                        1.7254600 1.5532434 1.4596291 1.2922094 1.6824826 1.6021718 1.8602907 1.8085462 1.3164166 1.5093241 1.5204948 1.4850351 1.4562528 1.4817495 1.5424940 1.6147688 0.8960379 2.1737001 1.7338032 1.4082595 2.5092613 1.9397094 1.9576180 1.9240321 0.4825775 0.0000000 1.0055979 1.1137347 1.0264939 1.8790911 1.7091987 1.9560371 1.9910986 2.1202555 1.7742467 1.9352192 2.1764433 2.1223756 1.9058269 1.9192184 2.2538929 2.4964860 1.8262667 2.3757517 1.9374158 2.3616113 2.3652778 2.2763907 2.9927005 2.4900582 2.3051114 2.4846023 2.4240827 2.3830108 2.4248920 2.2466520 3.4875375 2.3674289 2.3443474 2.4525050 2.4723258 2.6027180 2.6971781 2.5497770 2.9914267 2.4882972 2.5346459 2.9529690 3.3012878 
Tetwil_g4867.t1                                   1.6032913 1.3466340 1.2785985 1.1767583 1.2704272 1.3042981 1.5424504 1.6774647 1.2125112 1.3590713 1.3633054 1.3397289 1.3620318 1.3747377 1.3251939 1.3569405 1.1075603 1.8543187 1.6733431 1.3933913 2.0624715 1.5448865 1.7814308 1.5365944 0.9847144 1.0055979 0.0000000 0.9789041 1.0647152 1.5312245 1.4530197 1.4672582 1.6302804 1.6211650 1.7273003 1.7502184 1.7772065 1.7500556 1.6862495 1.6663940 2.0341704 1.9991637 1.7619868 2.1134729 2.0414190 2.1601697 2.1488440 2.2128879 2.4483377 2.2589858 2.2455816 2.0921744 2.2241866 2.2249340 2.1318746 2.2340610 2.7997013 2.1427765 2.1926250 2.1026146 2.3029985 2.7696812 2.4539442 2.6037872 2.2867316 2.4662954 2.3145408 2.1302861 3.3959457 
Spolac_c99752_g1_i1_m.20494c89142-g1              1.7323897 1.5633816 1.6596694 1.5312400 1.6285009 1.8770697 1.7541858 1.9014237 1.3675769 1.9051502 1.9027398 2.0107915 1.9549544 1.8941455 1.8563502 1.9792719 1.1087907 2.5486280 1.9858830 1.4936820 2.7525459 2.2596965 1.8873669 2.1861608 1.2110933 1.1137347 0.9789041 0.0000000 1.1134927 2.0326919 2.0847247 1.9242794 2.3034922 2.1588733 2.0053671 2.2748434 2.4995534 2.4030490 2.0952275 2.0983931 2.2720865 2.4234645 1.8695999 2.5692070 2.0919948 2.4011457 2.5044889 2.3276572 2.6761270 2.4588265 2.1415625 2.2504508 2.2585413 2.2389447 2.4529473 2.2578910 3.0942772 2.4202545 2.2662876 2.4329808 2.5523812 2.8752013 2.3724917 2.4003343 3.4697095 2.5372929 2.3053267 2.7781558 3.5592271 
Plespi_Pspi_C605468_01                            1.6073450 1.5493540 1.5539381 1.4240912 1.6930781 1.7520534 1.8196943 2.1423080 1.3233972 1.7367462 1.7649778 1.7669418 1.6989542 1.6229198 1.7322913 1.8139680 1.0171877 2.4893955 1.7303899 1.3359619 2.1345570 1.8942629 1.8921369 1.9342583 1.2101331 1.0264939 1.0647152 1.1134927 0.0000000 1.6615192 1.9418361 1.9402732 2.2222791 2.2103572 2.0345259 2.2365945 2.2154441 2.1731873 1.9724560 1.9887148 2.3938140 2.6053945 2.0078540 2.4992082 2.0905165 2.4712028 2.4629528 2.5310681 2.5926972 2.2169986 2.0823761 2.3038499 2.2323254 2.2341148 2.3902993 2.1078395 3.1563348 2.3334278 2.3797775 2.4680743 2.5049672 2.9906340 2.5709276 2.8375264 2.5164912 2.6671353 2.8340364 3.1927404 3.3564170 
Plajan_Pjan_scaffold21348_01                      1.4335032 1.5004146 1.5459409 1.2449808 1.5451565 1.7589001 1.6715291 1.8763585 1.1827700 1.4851665 1.5142541 1.4803767 1.5407081 1.4872493 1.4955001 1.5990885 0.9090726 2.2154157 1.9698913 1.1792480 2.0520375 1.5983066 1.8140647 1.9524453 1.8906089 1.8790911 1.5312245 2.0326919 1.6615192 0.0000000 1.7330888 1.8799628 2.0625704 2.0408763 1.6943033 2.0280939 2.1873405 2.0613363 1.9413910 1.9250865 2.4119549 2.6759973 2.1121106 2.3911168 2.3932302 2.4312132 2.5203663 2.2237965 2.6427462 2.0515015 1.8904898 2.0272196 2.2126463 2.2297000 2.0467045 2.0353123 3.0156508 2.2528853 2.4189786 2.6124214 2.3706278 2.9275679 2.4659228 2.4411725 1.4771013 2.4091289 2.2027426 2.9481473 3.1901368 
Scil_scict015041.1                                1.5871570 1.6483311 1.5202301 1.4047266 1.5788335 1.7947504 1.9268111 1.8120801 1.2541588 1.3663992 1.3721108 1.6105812 1.5380394 1.5072289 1.4766546 1.6233766 1.3810965 2.0595864 2.0586775 1.4463311 2.3577453 1.9228646 1.8999745 2.2015942 1.6941042 1.7091987 1.4530197 2.0847247 1.9418361 1.7330888 0.0000000 0.4447359 0.6201825 0.6416178 1.7419007 1.9465122 1.9596955 1.8933523 1.7556610 1.7226725 2.5836273 2.5579452 1.9173483 2.4429303 2.1060190 2.3143465 2.8303215 2.4966079 2.5575121 2.1234858 1.9870552 2.2261958 2.2775692 2.2959245 2.2689555 2.1287522 3.1314336 2.3188299 2.5833583 2.7762647 2.4975845 3.1169707 2.7768156 2.6553404 2.8628354 2.6606303 2.8367339 1.9620941 3.3306357 
Leuniv_Lniv_C812498_01                            1.6273413 1.6351540 1.5486179 1.5631549 1.6465783 1.9146424 1.8677314 1.8782403 1.3998999 1.5647145 1.5698504 1.7258466 1.7004600 1.6321839 1.6358340 1.7526438 1.4286387 2.2530374 2.0939160 1.5023830 2.7540395 2.0544936 2.1108873 2.2775516 1.7565333 1.9560371 1.4672582 1.9242794 1.9402732 1.8799628 0.4447359 0.0000000 0.6646052 0.7013098 1.7644666 1.9516330 1.9606128 1.9021322 1.7195976 1.7074527 2.7824587 2.7001387 1.9540019 2.5365688 2.1215407 2.3935018 2.8229602 2.5525516 2.5971370 2.1841103 2.0236608 2.3420387 2.2684552 2.3001970 2.1878916 2.1775427 2.9505264 2.5875125 2.4943841 2.9435839 2.4283188 3.1139916 2.7617635 2.6180257 3.5734184 2.7919211 2.4747588 1.8730782 3.5441499 
Gracom_Gcom_scaffold17202_01                      1.7623236 1.6686843 1.7900369 1.6358484 1.7831664 2.0550874 1.9792071 1.9243089 1.5851870 1.7423780 1.7338635 1.9051079 1.9077575 1.9455555 1.7896615 1.8840420 1.4118788 2.3908956 2.3537669 1.5109099 2.6449077 2.1416091 1.9169021 2.3246821 1.9442568 1.9910986 1.6302804 2.3034922 2.2222791 2.0625704 0.6201825 0.6646052 0.0000000 0.7684280 1.9311781 2.1150482 2.1716930 2.0582537 1.8940119 1.8742551 2.8224416 2.7604109 2.0797269 2.4592117 2.1897942 2.5018030 2.8426916 2.6763744 2.3988514 1.9893996 1.8699334 2.0684078 2.3944161 2.3771708 2.1806551 2.1464633 2.3972633 2.4497253 3.0402489 3.0357679 2.4850257 3.1247475 3.2217932 2.8408828 3.4221645 2.8345141 2.9474577 2.0744884 3.3125018 
Lcom_lcpid36688                                   1.7059186 1.7663190 1.6228388 1.5086249 1.7005218 1.8481901 2.2424700 2.0607278 1.5156861 1.6277072 1.6303841 1.7544795 1.7843198 1.6712760 1.6567665 1.7133059 1.5789512 2.3754301 2.1081435 1.5806189 2.5213206 2.0206684 2.0051763 2.3406973 2.1168784 2.1202555 1.6211650 2.1588733 2.2103572 2.0408763 0.6416178 0.7013098 0.7684280 0.0000000 1.7203426 2.0036087 1.9555889 1.8931835 1.8074443 1.7947202 2.5097331 2.5722884 2.2940278 2.5754546 2.2452341 2.3409060 2.9123001 2.8084233 2.7811308 2.2527284 2.0954785 2.3391719 2.3639379 2.3950530 2.3667543 2.2984118 2.8454366 2.7407906 2.7750376 2.9758439 2.6238839 3.4863374 2.9104371 2.9110763 3.9965492 2.7485422 2.7253952 2.1945341 3.5253395 
Tadh_TriadT26765                                  1.6657913 1.7221813 1.6357853 1.6015877 1.5948879 1.6037302 1.8755563 1.7779567 1.4260313 1.3852618 1.4068229 1.5375587 1.4703155 1.4405253 1.4326690 1.5478601 1.1961460 2.0412759 1.7920123 1.5829735 1.9613308 1.8221368 1.6970670 1.8297477 1.8859453 1.7742467 1.7273003 2.0053671 2.0345259 1.6943033 1.7419007 1.7644666 1.9311781 1.7203426 0.0000000 0.0099786 0.2673538 0.2680052 0.4238033 0.4271231 2.4319783 2.5058157 2.1324705 2.2756954 2.3318558 2.4384976 2.4791568 2.3155985 2.6872243 2.4406781 2.4679993 2.4629327 2.6959091 2.7200974 2.5600797 2.4688405 2.9126964 2.1708748 2.3020840 2.4023356 2.2274280 2.6611313 2.1356404 2.4289927 2.7578336 2.3572039 2.5256537 2.6607568 3.1062125 
TrH2_TrispH2_004642-RA                            2.0722777 1.8713317 2.0497410 1.6512691 1.9791763 2.1560517 2.3655456 1.8260093 1.4301150 1.7811861 1.8093217 1.9148544 1.7998034 1.7865169 1.9112246 1.9975737 1.2495779 2.2207785 2.1583684 1.5829735 2.1810333 2.0158282 1.8615375 2.2317222 2.2248840 1.9352192 1.7502184 2.2748434 2.2365945 2.0280939 1.9465122 1.9516330 2.1150482 2.0036087 0.0099786 0.0000000 0.3642715 0.3805523 0.4886926 0.4957525 3.1649540 3.3753749 2.5974630 2.9437829 2.6157698 2.9861473 3.2264253 2.3803419 3.0654365 2.6964841 2.4640225 2.8021801 3.0226805 3.0948486 2.8309093 2.5115448 3.1840442 2.8809586 2.8797899 3.1809535 2.6076512 3.0029931 2.4372069 2.9428641 3.2194058 2.6190144 2.7622156 3.4583520 4.2540650 
HoiH06_mRNA10451                                  2.3216684 1.8981728 2.1446025 1.6814230 2.1695154 2.3841621 2.6069107 1.9345580 1.5264595 1.8373331 1.8676009 1.9914358 1.8636617 1.8470578 2.0279147 2.0966610 1.2570093 2.3365384 2.1326310 1.8439617 2.4756063 2.3252191 2.0753867 2.3086378 2.2623620 2.1764433 1.7772065 2.4995534 2.2154441 2.1873405 1.9596955 1.9606128 2.1716930 1.9555889 0.2673538 0.3642715 0.0000000 0.0448393 0.2892314 0.2925637 3.0858643 3.3038380 2.7205837 2.7707218 2.7406266 2.9732622 3.1989702 2.5746637 2.8572071 2.5827044 2.3115698 2.6897266 2.7556044 2.7595124 2.7781542 2.4357538 2.9485068 2.6701839 3.1759645 3.4622307 2.7041033 3.4519398 2.9072686 3.3337649 3.5975731 2.5472262 2.6922551 4.1914067 4.8801883 
HoiH23_PlH23_009265-RA                            2.2231274 1.8191718 2.1056830 1.5753556 2.1088207 2.2337191 2.3945006 1.8525615 1.4736981 1.8366053 1.8657745 1.9297375 1.8198093 1.7591564 1.9770726 2.1010950 1.2773040 2.2404889 2.0927856 1.7149869 2.3472212 2.2392610 1.9794199 2.1283795 2.2010530 2.1223756 1.7500556 2.4030490 2.1731873 2.0613363 1.8933523 1.9021322 2.0582537 1.8931835 0.2680052 0.3805523 0.0448393 0.0000000 0.2580644 0.2612316 2.9049116 3.1804217 2.7040123 2.6949044 2.6131582 2.8556566 3.1732246 2.4654166 2.6503321 2.4240132 2.1075912 2.4977481 2.5572495 2.5456759 2.5804556 2.2705126 2.5353619 2.6033857 3.2083185 3.2453668 2.6465013 3.2797904 2.6724798 3.0979358 3.1133069 2.5064815 2.6028965 3.4147096 4.2874482 
Hhon_g01816.t1                                    1.8756045 1.8271043 1.8150436 1.5582734 1.8024830 2.0698848 2.0883774 1.7897977 1.4502979 1.5966668 1.6233583 1.7027654 1.5671727 1.5084673 1.7156732 1.8193099 1.1421811 2.1007583 1.9024228 1.6857435 2.0169156 1.9777177 1.9233209 1.9939765 2.0841260 1.9058269 1.6862495 2.0952275 1.9724560 1.9413910 1.7556610 1.7195976 1.8940119 1.8074443 0.4238033 0.4886926 0.2892314 0.2580644 0.0000000 0.0117326 2.5006966 2.6788582 2.3056143 2.4125636 2.5323404 2.6942357 2.7847295 2.3818141 2.7059941 2.2437322 2.0629372 2.4697659 2.5225075 2.5218503 2.4235760 2.3010699 2.6621785 2.3383145 2.9099883 2.8643806 2.4146407 3.2363217 2.6749370 2.6155756 3.0653814 2.4179982 2.4991277 3.0790160 3.7861757 
HoiH04_mRNA1646                                   1.8824049 1.8202176 1.8216288 1.5599274 1.8049651 2.0827109 2.1182721 1.8151054 1.4431772 1.6034064 1.6301578 1.7099270 1.5649062 1.4922608 1.7304861 1.8200779 1.1463129 2.1240571 1.9017573 1.6886467 2.0262274 1.9717980 1.9385895 2.0068478 2.0827858 1.9192184 1.6663940 2.0983931 1.9887148 1.9250865 1.7226725 1.7074527 1.8742551 1.7947202 0.4271231 0.4957525 0.2925637 0.2612316 0.0117326 0.0000000 2.5203943 2.6800596 2.2892760 2.3900125 2.5371184 2.6809987 2.7319396 2.4110169 2.7005456 2.2530549 2.0714246 2.4812077 2.5127245 2.5120872 2.4269244 2.3098827 2.6716299 2.3406223 2.8840632 2.8390296 2.4083338 3.1523939 2.6789919 2.5883471 3.0666210 2.4088666 2.5008214 2.9886284 3.8408375 
Acaspe_EP00035_Acanthoeca_spectabilis_P014307     2.0855634 2.0823802 2.2221622 1.6218551 2.1739344 2.4716698 2.4096978 2.1108228 1.8911858 2.2373383 2.2336968 2.1920214 2.0148542 2.0575208 2.2420406 2.2990189 1.3145537 2.8960694 2.6905271 2.1158933 3.3488090 2.6983013 2.3403267 2.6909580 2.3848650 2.2538929 2.0341704 2.2720865 2.3938140 2.4119549 2.5836273 2.7824587 2.8224416 2.5097331 2.4319783 3.1649540 3.0858643 2.9049116 2.5006966 2.5203943 0.0000000 0.3348742 2.2312530 2.6319133 1.9133628 2.6100809 2.8395805 2.3937185 3.4787850 2.8452102 2.5528004 3.0836746 3.2553294 3.2061014 2.8998628 2.7936808 3.9697665 2.5253466 1.7185303 1.4723394 2.2578834 3.5441370 2.7479873 3.1383983 4.6112416 2.4680773 2.7687598 5.2271102 4.2816139 
Helnan_EP00037_Helgoeca_nana_P022568              2.3359117 2.2049064 2.2970286 1.5849272 2.2691631 2.8522851 2.6911864 2.1569162 1.8909732 2.3792670 2.3756661 2.4446369 2.3318058 2.2891078 2.4627453 2.4463997 1.2802092 2.8340917 2.9349306 2.0684463 3.6465058 2.9170126 2.5507232 3.0994748 2.6353122 2.4964860 1.9991637 2.4234645 2.6053945 2.6759973 2.5579452 2.7001387 2.7604109 2.5722884 2.5058157 3.3753749 3.3038380 3.1804217 2.6788582 2.6800596 0.3348742 0.0000000 2.4514294 2.6367797 1.9145686 2.7515233 3.2152668 2.4503002 3.4453731 3.0033944 2.6529742 3.0784646 3.2440498 3.2309116 2.9421712 2.9121565 4.5442907 2.6731381 1.9065739 1.5218802 2.5530589 3.5555212 2.8252398 3.2235837 7.1638521 2.7434362 2.6070989 5.3389958 4.3308761 
Salpun_EP00053_Salpingoeca_punica_P015790         2.0117665 1.8489689 2.1458589 1.6513883 2.1066755 2.1495683 2.3357008 1.9068809 1.5553791 2.4160494 2.4057661 2.4060998 2.2961852 2.3392793 2.2680790 2.4040142 1.1732741 2.4195364 2.5141829 1.6299604 3.0764232 2.4843088 1.8988762 2.3378936 1.8289462 1.8262667 1.7619868 1.8695999 2.0078540 2.1121106 1.9173483 1.9540019 2.0797269 2.2940278 2.1324705 2.5974630 2.7205837 2.7040123 2.3056143 2.2892760 2.2312530 2.4514294 0.0000000 2.0501177 1.5267170 2.0543412 2.2164619 2.0537913 2.9564274 2.4234005 2.3897829 2.6167014 2.6632307 2.6777206 2.4646119 2.3399528 4.7521834 2.2946476 2.8040900 2.5404450 1.8956401 2.4902597 2.1685264 2.2805807 4.0326328 2.3083884 2.2522518 3.8353280 3.3749596 
Salkve_EP00050_Salpingoeca_kvevrii_P003697        2.2128732 2.2397042 2.3077441 2.0304715 2.3013093 3.0506498 2.9781643 2.2581522 2.2083182 2.5599893 2.5853277 2.6758690 2.7589052 2.6785498 2.6856784 2.6571254 1.9504999 2.5488875 3.1966503 1.8337127 3.6503400 3.0631498 2.6986761 2.8547502 2.1372905 2.3757517 2.1134729 2.5692070 2.4992082 2.3911168 2.4429303 2.5365688 2.4592117 2.5754546 2.2756954 2.9437829 2.7707218 2.6949044 2.4125636 2.3900125 2.6319133 2.6367797 2.0501177 0.0000000 1.8859894 2.3336228 2.6668466 2.1269653 3.2747582 2.6539297 2.5200261 2.8093006 3.2048784 3.1925996 2.6782601 2.5190446 4.7268353 2.8328625 2.7987160 2.5855030 2.6757770 2.9201762 2.5047831 2.5412038 3.9016518 2.0817276 2.7888394 3.3877282 2.8657714 
Salmac_EP00052_Salpingoeca_macrocollata_P001197   1.9723403 1.9314973 2.0459227 1.6622152 2.0935308 2.1204666 2.2739080 1.8824413 1.8027492 2.1848941 2.1766469 2.2809952 2.3456822 2.2730934 2.1137688 2.3720342 1.4491437 2.6641803 2.5637403 1.4903905 3.1824426 2.7078179 2.1054705 2.6294096 1.7365968 1.9374158 2.0414190 2.0919948 2.0905165 2.3932302 2.1060190 2.1215407 2.1897942 2.2452341 2.3318558 2.6157698 2.7406266 2.6131582 2.5323404 2.5371184 1.9133628 1.9145686 1.5267170 1.8859894 0.0000000 1.9063135 2.0227697 1.8936728 2.9860523 2.7578377 2.7043019 2.8620182 2.8140769 2.8674512 2.7387040 2.7033280 4.1543930 2.2010012 2.0750843 2.2281535 1.9334537 2.4256762 2.1236811 2.2526099 4.0211375 1.9224889 2.0111557 4.6043155 2.5290182 
Sros_EGD81831                                     2.4942454 2.3999703 2.5574549 2.2802424 2.5740883 2.5631459 2.9853628 2.2667939 1.9277802 2.3269181 2.3306134 2.5698738 2.6613036 2.4761292 2.5622540 2.6742031 1.6227971 2.8829465 3.0800990 1.9625801 3.7352092 2.7425055 2.3916212 3.0675048 2.2910942 2.3616113 2.1601697 2.4011457 2.4712028 2.4312132 2.3143465 2.3935018 2.5018030 2.3409060 2.4384976 2.9861473 2.9732622 2.8556566 2.6942357 2.6809987 2.6100809 2.7515233 2.0543412 2.3336228 1.9063135 0.0000000 0.6440604 2.0280003 3.5922193 2.9761224 2.7910014 3.1423026 3.1995352 3.2055566 3.1923740 2.7929141 4.5787961 2.5221026 2.5198365 2.6822158 2.3683059 1.8602009 1.6433144 1.7296855 5.9310369 1.4474924 2.4529441 4.3100968 3.5005271 
Microa_EP00043_Microstomoeca_roanoka_P003508      2.6368925 2.3480063 2.7152818 2.2384242 2.6183848 2.8527968 3.1554854 2.3153569 1.9313425 2.5643863 2.5897912 2.8264965 3.1003323 2.7786899 2.6608535 2.9279608 1.6304040 2.9620349 3.2377068 2.1817216 3.8206980 3.1414889 2.6964243 3.0837523 2.2334657 2.3652778 2.1488440 2.5044889 2.4629528 2.5203663 2.8303215 2.8229602 2.8426916 2.9123001 2.4791568 3.2264253 3.1989702 3.1732246 2.7847295 2.7319396 2.8395805 3.2152668 2.2164619 2.6668466 2.0227697 0.6440604 0.0000000 2.1011616 4.0415084 3.1146795 2.9319238 3.4037672 3.4054384 3.4248380 3.4430062 2.9233034 4.8127880 2.9087979 2.8915872 2.9200496 2.4075080 2.0853452 1.8370194 1.8704630 4.9389194 1.5089564 2.6471769 5.2405133 4.1298761 
Salurc_EP00051_Salpingoeca_urceolata_P010095      2.4177049 2.2678314 2.3693765 2.2010851 2.1758987 2.5070855 2.4405492 2.0219665 1.8456947 2.0767720 2.0904792 2.0335327 2.1462922 2.1233562 1.9587960 2.1115240 1.4755615 2.8039270 2.4411984 1.9643806 3.4678339 2.8484057 2.3765905 2.4709199 2.5150872 2.2763907 2.2128879 2.3276572 2.5310681 2.2237965 2.4966079 2.5525516 2.6763744 2.8084233 2.3155985 2.3803419 2.5746637 2.4654166 2.3818141 2.4110169 2.3937185 2.4503002 2.0537913 2.1269653 1.8936728 2.0280003 2.1011616 0.0000000 3.4905188 2.9942879 2.9852246 2.9616988 3.2383722 3.2589637 2.9982683 2.5127063 4.3865316 2.5118072 2.3052110 2.4182510 2.1121324 2.6913718 2.1384280 2.3272711 4.5025829 2.2723759 2.0850358 3.6604261 3.7966048 
Mlei_ML1153.g3.i1                                 2.4603948 2.3261112 2.5894603 2.0877879 2.5326743 2.6971136 2.4473616 2.3962565 2.3976458 2.3234831 2.3547596 2.4872323 2.4254996 2.2796090 2.6998696 2.7044587 1.8763125 2.8914956 2.7918363 1.8683605 3.0280912 2.5970637 3.0585975 2.5188543 3.2025440 2.9927005 2.4483377 2.6761270 2.5926972 2.6427462 2.5575121 2.5971370 2.3988514 2.7811308 2.6872243 3.0654365 2.8572071 2.6503321 2.7059941 2.7005456 3.4787850 3.4453731 2.9564274 3.2747582 2.9860523 3.5922193 4.0415084 3.4905188 0.0000000 0.2613501 0.2445772 0.4274187 0.5193482 0.5300339 0.5085034 0.5334368 0.5652103 3.8533226 3.8272919 3.0316206 3.1958789 4.0731128 3.4014471 3.4240090 2.8231117 3.5307215 3.7871853 3.1415619 3.9154050 
Drygla_Dgla_sb299619                              2.0101315 2.0371375 2.1888442 1.8766836 2.0504527 2.1793340 2.2441741 2.0654196 2.2551696 2.0570880 2.0570880 2.0860571 2.0794572 2.0122559 2.1646040 2.1065732 1.6819066 2.6886367 2.3907441 1.6058310 2.6321628 2.3152353 2.5272316 2.1664973 2.6836508 2.4900582 2.2589858 2.4588265 2.2169986 2.0515015 2.1234858 2.1841103 1.9893996 2.2527284 2.4406781 2.6964841 2.5827044 2.4240132 2.2437322 2.2530549 2.8452102 3.0033944 2.4234005 2.6539297 2.7578377 2.9761224 3.1146795 2.9942879 0.2613501 0.0000000 0.1568344 0.2629507 0.3985760 0.4042429 0.4083296 0.4584304 0.4949638 2.9436159 3.2177293 2.9331541 2.9035635 3.6808335 3.0668586 2.7553061 2.7899723 2.9442808 3.4130128 3.1222147 3.3413401 
Beraby_Baby_sb336477                              1.7371869 1.8840802 1.9312486 1.9098045 1.7863210 1.9602171 2.0304897 1.9503938 2.1704107 1.8680079 1.8968483 2.0043745 1.9624123 1.8377349 1.9628853 1.9975689 1.5764661 2.4742176 2.1402102 1.7116985 2.3196229 2.0654989 2.3324695 2.0236922 2.3815583 2.3051114 2.2455816 2.1415625 2.0823761 1.8904898 1.9870552 2.0236608 1.8699334 2.0954785 2.4679993 2.4640225 2.3115698 2.1075912 2.0629372 2.0714246 2.5528004 2.6529742 2.3897829 2.5200261 2.7043019 2.7910014 2.9319238 2.9852246 0.2445772 0.1568344 0.0000000 0.2460613 0.3198306 0.3161812 0.3708689 0.4217599 0.3073107 2.7612007 2.7622550 2.6227908 2.5262581 3.5220802 2.8244816 2.5076193 1.8018942 2.7418910 3.1476372 2.6162249 2.8853667 
Lampan_Lpan_C413875_01                            2.0851447 2.1763576 2.2770592 1.8604611 2.1854107 2.3151611 2.3116999 2.0674487 2.1899408 2.1387114 2.1413734 2.2921527 2.2646123 2.1226739 2.3551560 2.4247259 1.5964657 2.5456435 2.3067032 1.7861161 2.6230052 2.3463374 2.5245267 2.2491495 2.6929571 2.4846023 2.0921744 2.2504508 2.3038499 2.0272196 2.2261958 2.3420387 2.0684078 2.3391719 2.4629327 2.8021801 2.6897266 2.4977481 2.4697659 2.4812077 3.0836746 3.0784646 2.6167014 2.8093006 2.8620182 3.1423026 3.4037672 2.9616988 0.4274187 0.2629507 0.2460613 0.0000000 0.4231253 0.4404141 0.3930875 0.4207193 0.4775519 3.0972880 3.2630395 3.0646299 2.6274392 3.6680182 2.8767657 2.8654198 2.5827218 2.9335125 3.5083562 2.9313228 3.0661867 
Pbac_sb2638364                                    2.0787068 2.0783657 2.1844315 1.7895307 2.0041274 2.4126620 2.3196640 2.1610520 2.2414380 2.1690759 2.1880470 2.2356068 2.2703711 2.1193579 2.1195118 2.2569888 1.7318522 2.6275797 2.3825693 1.8167279 2.7538536 2.3282834 2.6167771 2.3710736 2.5928619 2.4240827 2.2241866 2.2585413 2.2323254 2.2126463 2.2775692 2.2684552 2.3944161 2.3639379 2.6959091 3.0226805 2.7556044 2.5572495 2.5225075 2.5127245 3.2553294 3.2440498 2.6632307 3.2048784 2.8140769 3.1995352 3.4054384 3.2383722 0.5193482 0.3985760 0.3198306 0.4231253 0.0000000 0.0112272 0.5020096 0.5445331 0.6466760 3.3955571 3.1974179 2.9738253 2.7623420 3.8779057 3.1305572 3.4772941 2.3041616 3.0266442 3.5112193 2.7765973 3.5775883 
