75
Hsap_ENST00000253693                                   0.0000000 0.8286728 0.8730226 0.9131524 1.2965575 1.3560059 1.2120460 1.2253679 0.9158206 1.2729263 1.2451163 1.5727143 1.1094048 1.1479856 1.2903686 1.3958609 1.0479004 1.2781936 1.3493273 1.3175641 1.3232693 1.4936084 1.4588776 1.1822264 1.3939804 1.4515384 1.4567804 1.2305277 1.0559054 1.0982942 1.0293911 2.1031036 1.5708359 1.9400308 1.1079442 1.6716028 1.5487966 1.6339272 1.5957112 1.3126493 1.7214881 1.4245358 1.4186636 1.7445108 2.2970724 2.0110047 1.2007546 1.0328600 1.1684652 2.0900406 1.9716799 2.0110038 2.0296485 1.7239951 2.6533736 2.1595970 2.1438116 2.0495042 1.8165531 1.5667634 2.0481194 2.0220085 1.9126350 2.2579548 2.2351776 2.4273024 1.9876559 2.3497110 2.3673329 1.7990739 2.5317939 2.2126026 2.2615118 1.4858350 4.2902542 
Bralan_BLAG10000699_1                                  0.8286728 0.0000000 0.8252339 0.7510391 1.2262201 1.2144424 1.1366574 1.1768066 0.8781695 1.1761635 1.1856853 1.4924663 1.0021507 1.2251107 1.3623047 1.3985319 1.0862871 1.2205515 1.3161548 1.4883544 1.2523742 1.3185097 1.3002286 0.9892401 1.2258741 1.2525737 1.2487603 1.0579610 0.9452181 0.8976058 0.8128732 2.0812292 1.4709253 1.8261497 1.1411000 1.5079698 1.3988288 1.4623128 1.5411722 1.0804752 1.6413233 1.3621448 1.3267127 1.5392404 2.1927724 1.7309620 1.1331850 0.9791889 1.0728750 1.8454250 1.7065354 1.7504935 1.9312434 1.5833637 2.2722994 1.9768724 2.0639486 2.0148644 1.9394497 1.3950609 2.0471306 1.9553023 1.7969998 2.2739741 2.0280950 2.1932970 1.9572256 2.1443524 2.2756930 1.6286879 2.6931114 2.1524697 2.1262721 1.5912154 4.5353226 
Cgig_XM_034454936.1                                    0.8730226 0.8252339 0.0000000 0.5700182 1.3514211 1.3116772 1.2714487 1.2014977 0.8404003 1.1682993 1.1986223 1.5710930 0.9043732 1.2314557 1.3785882 1.5235644 1.0866351 1.3428702 1.4789111 1.3722860 1.3569256 1.5634157 1.5657571 1.1886037 1.5696325 1.5664056 1.5614011 1.2803105 0.9552861 1.0016996 0.9392165 2.0430098 1.5307195 1.8547652 1.1395165 1.7029937 1.5802360 1.6745524 1.6214085 1.3341694 1.6990216 1.3550859 1.3652736 1.6625176 2.1343407 2.1128622 1.2328490 1.0342429 1.1967234 2.1107668 1.9670286 1.9310643 2.0595341 1.5566753 2.4159751 1.9465277 2.1161031 2.2754813 1.7889867 1.5100449 1.9915576 1.9795466 1.9526285 2.2418668 2.2169882 2.3162966 2.0269743 2.2374580 2.3236831 1.5889315 2.5741174 2.3163955 2.0624003 1.4205147 4.5040571 
Acagra_model.g20101.t1                                 0.9131524 0.7510391 0.5700182 0.0000000 1.2569198 1.2534663 1.2471397 1.2375911 0.8551544 1.2089707 1.2282508 1.6675031 1.0389554 1.2541644 1.3520765 1.5528067 1.0076889 1.3398841 1.3823372 1.3216850 1.2803412 1.5331344 1.4930485 1.1217668 1.4553778 1.4740120 1.4709801 1.1863302 0.9040351 0.9900652 0.9470724 2.0882814 1.4387752 1.8872021 1.2968227 1.6467897 1.5358026 1.6137303 1.6548164 1.2569251 1.8295705 1.3752457 1.4134748 1.7707942 2.5035581 1.9921350 1.2056167 0.9951388 1.1759624 2.1046939 2.0380220 1.9990610 1.9904907 1.5678561 2.2459390 2.0159790 2.1504892 2.1551702 1.8747279 1.4670185 2.0008489 2.0103023 1.7835877 2.2255214 2.1824539 2.2903672 2.0885538 2.2251925 2.2655495 1.6014590 2.5118995 2.2017165 2.1589819 1.4842537 4.4493433 
Exapal_XM_021038564.2                                  1.2965575 1.2262201 1.3514211 1.2569198 0.0000000 0.5927936 0.7725845 0.7209762 0.5128287 0.6960099 0.7140652 0.9190796 0.5562506 0.9219071 1.0448115 1.1880626 0.8448058 1.0960827 1.2366071 1.2328643 1.0067410 1.4251148 1.4156057 1.1380300 1.3792702 1.3966611 1.3890835 1.1643715 1.3776191 1.3357284 1.3495061 1.9692643 1.4456984 1.7560730 0.9430653 1.6011272 1.4841134 1.5344795 1.3296711 0.9130888 1.4827417 1.2413569 1.1872936 1.4459095 1.8167485 1.5949568 1.4578083 1.3479314 1.4602796 1.9366090 1.8484846 1.8095617 1.8162150 1.5288199 2.4244531 1.8997823 2.0174123 1.7961404 1.7354699 1.4510317 1.8550093 1.6831807 1.7805159 2.1185548 2.1422145 2.1706683 1.8138761 2.1675484 2.3150929 1.5906557 2.2923101 2.0837011 2.0894474 1.1135937 4.5473598 
Nvec_v1g161976                                         1.3560059 1.2144424 1.3116772 1.2534663 0.5927936 0.0000000 0.6890443 0.7092081 0.5210339 0.6855194 0.6585565 0.9006686 0.5363185 0.9668542 1.0928286 1.1399659 0.8719872 1.1215788 1.1699367 1.1422552 1.0410901 1.3028654 1.2985512 1.0157386 1.2953269 1.3080077 1.3018495 1.0614623 1.3896795 1.4081523 1.3902956 1.9393848 1.3704354 1.7903377 0.8853709 1.5882524 1.4498021 1.4974546 1.4019607 0.7810106 1.5330027 1.1577919 0.9306555 1.4641365 2.0556062 1.9772574 1.4108049 1.3740400 1.4222005 1.9648296 1.8749713 1.8569609 1.8142368 1.4253876 2.4189408 1.8428154 2.0276684 1.9065889 1.7361330 1.3983053 1.8825064 1.7317545 1.6297076 2.1020787 2.1294312 2.1911442 1.9115431 2.2300811 2.3603707 1.4640202 2.4053045 2.1360275 2.0731834 1.0104307 4.5267631 
Adig_XM_015901017.1                                    1.2120460 1.1366574 1.2714487 1.2471397 0.7725845 0.6890443 0.0000000 0.0106663 0.1655365 0.2445632 0.2361502 0.4426218 0.1714596 0.7434321 0.8264666 1.2166592 0.6842196 0.9966568 1.0110600 1.1733807 0.9956358 1.1621851 1.1327820 0.7390493 1.1211146 1.1340459 1.1298426 0.8052818 1.3179322 1.1429588 1.3755746 1.8932957 1.1022331 1.6982858 0.6335802 1.3251896 1.3189934 1.3621515 1.2651244 0.8249770 1.4647657 0.9860218 0.8642254 1.2960297 1.8156545 1.5979099 1.4787487 1.4585632 1.5108354 1.8012323 1.7660590 1.7407367 1.7344374 1.0079435 1.5928976 1.9799977 2.0913470 2.0661418 1.9087121 1.1651491 1.8334516 1.6564382 1.9519543 2.3746163 2.0692075 2.3255338 1.8163742 2.3218833 2.4740231 1.4418227 2.3553693 2.2818435 2.1003659 0.6685141 2.5690188 
Amil_Amillepora08577-RA                                1.2253679 1.1768066 1.2014977 1.2375911 0.7209762 0.7092081 0.0106663 0.0000000 0.1686593 0.2400839 0.2283797 0.3478789 0.1929682 0.7792692 0.9128210 1.1809059 0.7213885 1.0128065 1.0722666 1.1310503 0.9171892 1.1980082 1.1777774 1.0080161 1.2037548 1.1906251 1.1873185 1.0141927 1.3147408 1.1985717 1.2467508 1.8849439 1.3334525 1.6452581 0.9541148 1.5183659 1.4014224 1.4182636 1.2387038 0.8309695 1.3592103 1.0781124 1.0152401 1.3119371 1.8201302 1.6060750 1.4137066 1.4039541 1.4477933 1.8334140 1.7421695 1.7129540 1.7933450 1.4578863 2.0654012 1.8618270 1.9762581 1.8545248 1.6991574 1.3459313 1.8263466 1.6994499 1.6881770 2.1042242 1.9353081 2.0724989 1.8950610 2.1662830 2.2226339 1.5282146 2.3096638 2.1029580 1.9596814 1.1252109 4.2695535 
Fspp_ffun1.m4.2219.m1                                  0.9158206 0.8781695 0.8404003 0.8551544 0.5128287 0.5210339 0.1655365 0.1686593 0.0000000 0.0785204 0.1203874 0.2371999 0.1694856 0.5847230 0.7166706 0.8189780 0.6767569 0.7095281 0.7647679 0.6977719 0.6858263 0.8350218 0.8350218 0.7391472 0.8195626 0.8363280 0.8318560 0.7592578 1.0334083 0.8552964 0.8631683 1.4136909 1.1980006 1.1720245 0.9659534 1.0489727 0.9547292 1.0219283 0.9924850 0.7847142 0.9745296 0.9453646 0.8778187 1.0789032 1.3102918 1.2495648 1.0800060 0.9880279 1.1182042 1.3672745 1.3427747 1.2370100 1.3039538 1.1580749 1.7122389 1.3679911 1.4451057 1.3312854 1.1087683 1.1969222 1.1990483 1.0879183 1.1080093 1.4782251 1.4203242 1.4797091 1.4272410 1.6003253 1.5863202 1.3448452 1.5915414 1.3710249 1.4024110 0.7374859 3.8004154 
Gasp_gasp1.m3.20407.m1                                 1.2729263 1.1761635 1.1682993 1.2089707 0.6960099 0.6855194 0.2445632 0.2400839 0.0785204 0.0000000 0.1571333 0.2526124 0.1591253 0.8150161 0.9590109 1.1895265 0.7398503 1.0241034 1.0936926 1.0192437 0.9346077 1.2301092 1.2260368 0.9761759 1.2455611 1.2642946 1.2479489 1.0222840 1.3460204 1.2212295 1.2348833 1.9026589 1.2970442 1.5793937 0.9206234 1.5053035 1.3843162 1.4438312 1.2190638 0.7820903 1.3273061 1.0713335 0.9579079 1.3037253 1.7501412 1.6654609 1.4587930 1.3997283 1.5237059 1.9173812 1.8416063 1.7639851 1.8222739 1.4758287 2.3972465 1.8214871 1.8857119 1.8838484 1.6591281 1.3899638 1.6806716 1.5665519 1.5923996 2.0415372 1.9486863 1.9893875 1.9217391 2.1423197 2.1281296 1.5634572 2.3235316 1.9922762 1.9341515 1.1333171 4.2081390 
Pocdam_XM_027195561.1                                  1.2451163 1.1856853 1.1986223 1.2282508 0.7140652 0.6585565 0.2361502 0.2283797 0.1203874 0.1571333 0.0000000 0.1212033 0.1674028 0.8161345 0.9246284 1.1971383 0.7241646 1.0427280 1.0935757 1.1470189 0.9380542 1.1962410 1.1835910 0.9828780 1.1827860 1.1692269 1.1652143 1.0020005 1.3274976 1.2478608 1.2753161 1.9681605 1.3291622 1.6775291 0.9669864 1.5485783 1.4391175 1.4460491 1.2451718 0.7249072 1.3873685 1.0584409 0.9336437 1.3264125 1.7969015 1.6601404 1.5045577 1.4190970 1.4764841 1.9239681 1.8063909 1.7573636 1.7792831 1.4433419 2.1747661 1.8234756 1.9511587 1.9486065 1.6855055 1.3764420 1.7949120 1.6965192 1.6985109 2.2467897 2.0293744 2.1131918 1.9682412 2.1930376 2.2095472 1.5697498 2.4056522 2.0675504 1.9648285 1.1055845 4.2474059 
Spis_XP_022789306_1                                    1.5727143 1.4924663 1.5710930 1.6675031 0.9190796 0.9006686 0.4426218 0.3478789 0.2371999 0.2526124 0.1212033 0.0000000 0.2342585 1.0336058 1.1668076 1.6399588 1.0290533 1.3248572 1.4779713 1.6804211 1.2085472 1.4672804 1.4394254 1.2697093 1.4633024 1.4392807 1.4332323 1.2930659 1.7059458 1.6550926 1.5732919 2.4458436 1.6719180 2.0880590 1.0867713 2.1725480 1.9342886 1.8613721 1.6458054 0.8180783 1.7783696 1.3750294 1.0835041 2.0415611 2.7379696 2.7879692 2.0167567 1.8850887 1.9865468 2.5447718 2.4117334 2.2785049 2.3462172 1.9386676 3.1979283 2.3972095 2.4960435 2.4865542 2.2541473 1.8056899 2.3687926 2.2272489 2.2789126 3.0625138 2.6919631 2.8688780 2.6560861 2.7166546 2.6344725 2.0452428 3.1223872 2.6470740 2.7419040 1.2086129 7.1168619 
Gfas_gfas1.m1.18390.m1                                 1.1094048 1.0021507 0.9043732 1.0389554 0.5562506 0.5363185 0.1714596 0.1929682 0.1694856 0.1591253 0.1674028 0.2342585 0.0000000 0.7391188 0.9107741 0.9039894 0.6882851 0.8621916 0.9466774 0.8543538 0.6586060 1.0551904 1.0551904 1.0169519 1.0729042 1.0457121 1.0405741 0.9876516 1.2265022 1.0397140 0.9794281 1.4799101 1.3035325 1.2747869 0.9249573 1.2775282 1.1546278 1.1932863 1.1924019 0.8640425 1.1668271 1.1328718 1.0324225 1.0992037 1.2901501 1.1992128 1.1701066 1.1658808 1.2538316 1.4695782 1.4187761 1.3731322 1.4283555 1.4566695 2.1594746 1.4347037 1.5112951 1.5058875 1.2511563 1.3850861 1.5223669 1.3532733 1.3002264 1.6287063 1.4937264 1.4969433 1.6186562 1.8220314 1.8200505 1.6294564 2.0637285 1.6553741 1.5695542 1.1129620 5.0239574 
Dgig_XM_028547991.1                                    1.1479856 1.2251107 1.2314557 1.2541644 0.9219071 0.9668542 0.7434321 0.7792692 0.5847230 0.8150161 0.8161345 1.0336058 0.7391188 0.0000000 0.2530569 1.1666581 0.7817140 1.0423182 1.1522620 1.1283518 0.9505650 1.2021685 1.1856909 0.9498209 1.1446726 1.1545877 1.1398817 1.0054953 1.3170332 1.2602422 1.2270917 1.9531034 1.4240234 1.7115888 1.2266836 1.5592608 1.4233312 1.4022851 1.3929223 1.0358489 1.4917881 1.2071391 1.1755393 1.3594779 1.7173343 1.6644353 1.4267808 1.4310373 1.4410538 1.9818101 1.7899261 1.7746514 1.8149344 1.5585586 2.4088586 2.0738953 2.1536688 1.8985637 1.8675595 1.4068259 1.8774433 1.8104272 1.6800564 2.1812383 2.1818977 2.1168202 1.9002772 2.3357527 2.4578746 1.6376277 2.3962683 2.2051588 2.1048642 1.1736854 4.6564414 
Xesp_000741-T1                                         1.2903686 1.3623047 1.3785882 1.3520765 1.0448115 1.0928286 0.8264666 0.9128210 0.7166706 0.9590109 0.9246284 1.1668076 0.9107741 0.2530569 0.0000000 1.2494764 0.8617569 1.1863734 1.2560633 1.2612155 1.0707262 1.3967069 1.3729411 1.0757859 1.2769650 1.2938701 1.2834161 1.1058365 1.4738364 1.3892349 1.4324175 2.0186385 1.4647964 1.8239569 1.2651907 1.6120124 1.4971725 1.4336222 1.5195360 1.0716123 1.5536169 1.2663299 1.2968549 1.3867889 1.6830798 1.7693087 1.5701537 1.4994881 1.6342865 2.0638122 1.8288771 1.8127906 1.8225558 1.7057826 2.5608062 2.1103237 2.1578737 2.0500482 1.9510989 1.6082086 1.9526473 1.9097922 1.8542796 2.2035958 2.2553709 2.1248191 2.1085367 2.4339248 2.5012172 1.7978084 2.5584558 2.3319461 2.2009945 1.4012698 4.6259349 
Chem_TCONS_00068803                                    1.3958609 1.3985319 1.5235644 1.5528067 1.1880626 1.1399659 1.2166592 1.1809059 0.8189780 1.1895265 1.1971383 1.6399588 0.9039894 1.1666581 1.2494764 0.0000000 0.7700810 0.9164327 0.9895996 1.0854643 0.9565326 1.4642648 1.4591544 1.0549873 1.4497763 1.4710798 1.4713153 1.0764152 1.5987974 1.4961649 1.4696599 1.9880602 1.4817639 1.8090319 1.0778676 1.5683838 1.4596062 1.5598884 1.5493950 1.2546663 1.6635799 1.4179843 1.2582320 1.6064202 1.9712654 1.7045798 1.5150867 1.5109716 1.6407347 1.8735483 1.8759675 1.8151796 1.9826957 1.5465109 2.5115770 2.0064378 2.0744087 2.0034763 1.7654399 1.4991514 1.8677494 1.9926206 1.7575679 2.0245255 2.2965639 2.3855211 2.0755143 2.4005906 2.4667957 1.6068833 2.4491218 2.0931121 2.2401594 0.6479370 4.3385199 
Aaur_scaffold541.g13.t1                                1.0479004 1.0862871 1.0866351 1.0076889 0.8448058 0.8719872 0.6842196 0.7213885 0.6767569 0.7398503 0.7241646 1.0290533 0.6882851 0.7817140 0.8617569 0.7700810 0.0000000 0.3080142 0.3778243 0.3784734 0.5323537 0.9235014 0.9257688 0.7765265 0.9563864 0.9526921 0.9520249 0.8012291 1.2429533 1.0441050 1.0102543 1.6023177 1.2402109 1.5260146 1.0153463 1.3187780 1.1816600 1.0597102 1.2561719 0.9544568 1.2170861 1.0828115 1.1194382 1.2721112 1.2539052 1.3630644 1.1170900 1.1599699 1.1968525 1.5034997 1.4925267 1.2878938 1.4316237 1.1597800 1.8025957 1.3973030 1.5071207 1.4905292 1.2635288 1.1457067 1.3295321 1.2441284 1.2734207 1.4535616 1.6391061 1.5485526 1.5438813 1.6448319 1.7111439 1.5267809 1.7291148 1.6048004 1.5066864 0.7214909 3.8414433 
Nemnom_g14699.t1                                       1.2781936 1.2205515 1.3428702 1.3398841 1.0960827 1.1215788 0.9966568 1.0128065 0.7095281 1.0241034 1.0427280 1.3248572 0.8621916 1.0423182 1.1863734 0.9164327 0.3080142 0.0000000 0.1945278 0.7289480 0.6786721 1.1379723 1.1515561 0.9230077 1.1828819 1.1916099 1.1884891 0.9300982 1.4190639 1.3082358 1.2796828 1.9162559 1.4266583 1.8332609 1.0873521 1.5670215 1.4568982 1.3956907 1.3666962 0.8288963 1.5347578 1.2046472 1.1196517 1.4507080 1.8638587 1.5380925 1.4204992 1.3616230 1.4078265 1.8698131 1.9504363 1.7969341 1.8073505 1.3877139 2.1491397 1.8386137 1.9011353 2.0271260 1.6920068 1.4237440 1.9029742 1.9285990 1.7447400 2.1022550 2.1633560 2.1226025 1.9891836 2.2020422 2.3218345 1.6286735 2.4245189 2.2382885 2.2139952 0.8689813 4.2805963 
Rhoesc_Res_005126-T1                                   1.3493273 1.3161548 1.4789111 1.3823372 1.2366071 1.1699367 1.0110600 1.0722666 0.7647679 1.0936926 1.0935757 1.4779713 0.9466774 1.1522620 1.2560633 0.9895996 0.3778243 0.1945278 0.0000000 0.7816855 0.7207503 1.1941777 1.2106780 0.9919412 1.2464863 1.2607090 1.2567928 0.9766209 1.5459480 1.4013214 1.3630756 2.1257467 1.6423329 1.9889091 1.1276477 1.6613868 1.5467165 1.4427286 1.5319238 0.9118547 1.6586738 1.3159024 1.2795762 1.5158984 1.9197171 1.5984117 1.5304715 1.4187063 1.5444569 1.9534689 1.9981543 1.9544200 1.9828752 1.6487569 2.2364372 2.0651413 2.0916778 2.1421875 1.8793491 1.4545182 2.0221334 2.0000929 1.8689101 2.1987062 2.3442684 2.2796554 2.0713861 2.2762138 2.4626063 1.7017164 2.5607916 2.2682177 2.3129689 0.9634259 4.4790257 
Sanmal_Sma_005444-T1                                   1.3175641 1.4883544 1.3722860 1.3216850 1.2328643 1.1422552 1.1733807 1.1310503 0.6977719 1.0192437 1.1470189 1.6804211 0.8543538 1.1283518 1.2612155 1.0854643 0.3784734 0.7289480 0.7816855 0.0000000 0.9696814 1.2759628 1.2647049 0.8520784 1.2514558 1.2700540 1.2672276 0.9442680 1.6413217 1.3339269 1.4127317 2.2348287 1.4625257 2.1003027 1.1810872 1.6389192 1.4623811 1.4165675 1.4815479 0.9814839 1.6759767 1.3681464 1.0941826 1.6474227 2.1773668 1.9915818 1.5751220 1.5532042 1.5741837 1.8290619 1.7864805 1.7801570 1.7016317 1.4268393 2.3604730 1.9736934 1.9655546 2.0448378 1.7919172 1.4798916 1.8841390 1.8474463 1.6349051 1.9773703 2.3882827 2.2244946 2.0043627 2.2038836 2.2544303 1.6024925 2.4068256 2.1849869 2.1501239 0.9018118 4.2730147 
Morvir_scaffold311.g8.t1                               1.3232693 1.2523742 1.3569256 1.2803412 1.0067410 1.0410901 0.9956358 0.9171892 0.6858263 0.9346077 0.9380542 1.2085472 0.6586060 0.9505650 1.0707262 0.9565326 0.5323537 0.6786721 0.7207503 0.9696814 0.0000000 1.0796987 1.0954951 0.6899279 1.0373441 1.1085498 1.1012303 0.7274286 1.3986173 1.1968692 1.2425917 1.9581564 1.2942495 1.7187702 1.0886569 1.6171324 1.4674869 1.3000073 1.2199981 0.9669777 1.4177325 1.0294905 0.9273370 1.4172562 1.8302324 1.5158537 1.3676436 1.3936160 1.5284314 1.7284836 1.7233332 1.6427888 1.6393435 1.1864369 1.6695585 1.9384194 1.9389411 2.1663654 1.8622493 1.3769624 1.7888594 1.8973506 1.7566631 1.9883939 2.2416381 2.4105326 1.9205881 2.3216356 2.3101634 1.4915079 2.1815359 2.2459321 2.2770423 0.5489870 3.3825359 
Tadh_TriadT37459                                       1.4936084 1.3185097 1.5634157 1.5331344 1.4251148 1.3028654 1.1621851 1.1980082 0.8350218 1.2301092 1.1962410 1.4672804 1.0551904 1.2021685 1.3967069 1.4642648 0.9235014 1.1379723 1.1941777 1.2759628 1.0796987 0.0000000 0.0098782 0.1834009 0.2322423 0.2595646 0.2636892 0.1995734 1.5595067 1.3994245 1.4548715 2.0407356 1.5050274 1.8752474 1.1757716 1.6697647 1.5399993 1.5268849 1.3638266 0.9825743 1.4663647 1.2090775 1.1361347 1.4620848 1.6203018 1.5102525 1.6357005 1.5431822 1.5973459 2.0728283 1.9842732 1.8917347 2.0133063 1.5330548 2.4160869 2.2412029 2.1710908 2.1562727 1.8873328 1.5139383 2.0703619 1.7851240 1.7464427 2.2281927 2.2827183 2.2421508 1.9821131 2.2925678 2.2649761 1.6221976 2.3128236 2.1855499 2.3986312 1.2753919 5.1068051 
TrH2_TrispH2_005710-RA                                 1.4588776 1.3002286 1.5657571 1.4930485 1.4156057 1.2985512 1.1327820 1.1777774 0.8350218 1.2260368 1.1835910 1.4394254 1.0551904 1.1856909 1.3729411 1.4591544 0.9257688 1.1515561 1.2106780 1.2647049 1.0954951 0.0098782 0.0000000 0.1834009 0.2165393 0.2423668 0.2463071 0.1995734 1.5577964 1.4163410 1.4362745 2.0338179 1.4737406 1.8817660 1.1757716 1.6599358 1.5330119 1.5308696 1.3691140 0.9825743 1.4931375 1.2090775 1.1361347 1.4682152 1.6667095 1.5213828 1.6245143 1.5294128 1.5781355 2.0534259 1.9661613 1.8774962 2.0128132 1.5330548 2.3881525 2.2511789 2.1995859 2.1267911 1.8932134 1.4915329 2.0629508 1.7922985 1.7705478 2.2367037 2.3232596 2.2845531 1.9856317 2.2965587 2.2673244 1.6221976 2.2985589 2.1770332 2.4160800 1.2753919 5.1068051 
HoiH06_mRNA9269                                        1.1822264 0.9892401 1.1886037 1.1217668 1.1380300 1.0157386 0.7390493 1.0080161 0.7391472 0.9761759 0.9828780 1.2697093 1.0169519 0.9498209 1.0757859 1.0549873 0.7765265 0.9230077 0.9919412 0.8520784 0.6899279 0.1834009 0.1834009 0.0000000 0.0081150 0.0748297 0.0747906 0.0847693 1.2908813 1.1060507 1.0501729 1.5634772 1.3267823 1.3792470 1.1898687 1.2283543 1.1027605 1.1165405 1.1651424 0.9069367 1.1208473 1.1388589 1.1113528 1.0203863 0.8246245 0.8423353 1.1323587 1.0914132 1.1402976 1.4595298 1.4109047 1.3377897 1.4242797 1.4894361 2.2309911 1.6261143 1.5949513 1.5537468 1.2995671 1.3644170 1.5319645 1.2734279 1.2210800 1.5192885 1.7261476 1.6787677 1.4403107 1.7195343 1.7279771 1.5443877 1.7635372 1.6425287 1.5955497 1.2933933 4.9748385 
HoiH23_PlH23_002476-RA                                 1.3939804 1.2258741 1.5696325 1.4553778 1.3792702 1.2953269 1.1211146 1.2037548 0.8195626 1.2455611 1.1827860 1.4633024 1.0729042 1.1446726 1.2769650 1.4497763 0.9563864 1.1828819 1.2464863 1.2514558 1.0373441 0.2322423 0.2165393 0.0081150 0.0000000 0.1109879 0.1127564 0.1077628 1.5256962 1.4662073 1.4321415 2.0840463 1.4326285 1.8712357 1.1847962 1.6591707 1.5228683 1.5055416 1.3738938 0.8953002 1.5025924 1.1881130 1.1267131 1.4536058 1.6715234 1.5588122 1.5628875 1.4631554 1.5115717 2.0253544 1.9315954 1.8967638 1.9722448 1.4978775 2.2568028 2.2154831 2.1774317 2.1853132 1.8713465 1.5375053 2.0080531 1.8635787 1.8083888 2.1203027 2.3389499 2.3529549 2.0188792 2.3134092 2.3035933 1.6715245 2.3564934 2.2153268 2.3466723 1.3247280 4.9292354 
Hhon_g06295.t1                                         1.4515384 1.2525737 1.5664056 1.4740120 1.3966611 1.3080077 1.1340459 1.1906251 0.8363280 1.2642946 1.1692269 1.4392807 1.0457121 1.1545877 1.2938701 1.4710798 0.9526921 1.1916099 1.2607090 1.2700540 1.1085498 0.2595646 0.2423668 0.0748297 0.1109879 0.0000000 0.0082193 0.1554152 1.4928250 1.5098957 1.4527795 2.1212898 1.4368175 1.9074134 1.1317907 1.6769036 1.5328930 1.5179799 1.3829672 0.8875396 1.4870735 1.1678680 1.1145942 1.4396248 1.7091932 1.5523186 1.5994125 1.4715453 1.5818593 2.0657886 1.9491681 1.8691971 2.0051821 1.4519016 2.3540766 2.1436557 2.1672221 2.2191458 1.8762530 1.5537485 2.0392926 1.8971062 1.8227804 2.1770867 2.3344847 2.3267403 2.0056716 2.2880982 2.3169176 1.6718988 2.3071174 2.2500254 2.3518754 1.2652001 4.9493742 
HoiH04_mRNA10746                                       1.4567804 1.2487603 1.5614011 1.4709801 1.3890835 1.3018495 1.1298426 1.1873185 0.8318560 1.2479489 1.1652143 1.4332323 1.0405741 1.1398817 1.2834161 1.4713153 0.9520249 1.1884891 1.2567928 1.2672276 1.1012303 0.2636892 0.2463071 0.0747906 0.1127564 0.0082193 0.0000000 0.1553454 1.4980037 1.5033563 1.4537146 2.1280362 1.4390166 1.8955579 1.1317907 1.6700018 1.5268086 1.5161672 1.3747611 0.8875396 1.4798893 1.1650976 1.1145942 1.4323530 1.6930118 1.5402486 1.5993587 1.4695662 1.5789544 2.0649420 1.9493307 1.8688864 1.9940565 1.4388153 2.3285543 2.1380086 2.1513960 2.2082468 1.8764295 1.5513970 2.0314009 1.8978870 1.8153191 2.1698712 2.3177819 2.3251419 1.9943831 2.2756935 2.2965481 1.6679543 2.3002055 2.2425448 2.3412016 1.2633834 4.9349674 
HoiH11_mRNA7256                                        1.2305277 1.0579610 1.2803105 1.1863302 1.1643715 1.0614623 0.8052818 1.0141927 0.7592578 1.0222840 1.0020005 1.2930659 0.9876516 1.0054953 1.1058365 1.0764152 0.8012291 0.9300982 0.9766209 0.9442680 0.7274286 0.1995734 0.1995734 0.0847693 0.1077628 0.1554152 0.1553454 0.0000000 1.3822037 1.1546520 1.1212966 1.5736693 1.3359053 1.4730217 1.1635759 1.2804433 1.1612749 1.1770320 1.1767280 0.9401968 1.1471471 1.1856696 1.1301856 1.1203647 1.0073270 1.0074361 1.2249543 1.1806421 1.2173793 1.5838735 1.5678004 1.4098302 1.5410914 1.4966383 2.4221848 1.7564928 1.7008642 1.6687690 1.4014116 1.4381978 1.6553946 1.3764061 1.3231114 1.6228527 1.9102044 1.8108356 1.5203900 1.8094043 1.8275615 1.5990591 1.8597298 1.7102379 1.6632204 1.2738301 4.8402330 
Ctel_gnl_WGS_AMQN_CAPTEDRAFT_mRNA220858                1.0559054 0.9452181 0.9552861 0.9040351 1.3776191 1.3896795 1.3179322 1.3147408 1.0334083 1.3460204 1.3274976 1.7059458 1.2265022 1.3170332 1.4738364 1.5987974 1.2429533 1.4190639 1.5459480 1.6413217 1.3986173 1.5595067 1.5577964 1.2908813 1.5256962 1.4928250 1.4980037 1.3822037 0.0000000 1.1206312 1.0852174 2.0462628 1.5337322 1.9148480 1.2166735 1.7853697 1.6493460 1.7338463 1.6510660 1.5396552 1.7818648 1.5189630 1.5725735 1.8456187 2.1179012 1.8649263 1.3862408 1.1361435 1.2755520 2.0386143 1.9303883 1.8547052 1.7806200 1.5658938 2.3407545 2.1568147 2.2118107 2.0927141 1.8551105 1.5737143 2.0937105 2.1714979 1.9287608 2.4502584 2.2629158 2.2316075 2.1141088 2.2863527 2.2508692 1.8324976 2.5262425 2.0455657 2.1760660 1.6460346 4.4295592 
Spur_XM_030990844.1                                    1.0982942 0.8976058 1.0016996 0.9900652 1.3357284 1.4081523 1.1429588 1.1985717 0.8552964 1.2212295 1.2478608 1.6550926 1.0397140 1.2602422 1.3892349 1.4961649 1.0441050 1.3082358 1.4013214 1.3339269 1.1968692 1.3994245 1.4163410 1.1060507 1.4662073 1.5098957 1.5033563 1.1546520 1.1206312 0.0000000 0.7717836 2.1510331 1.4789365 1.8372397 1.1123407 1.5196781 1.3948130 1.5036742 1.4965338 1.1663493 1.6946540 1.3252296 1.3220846 1.6254241 2.1622092 1.8740182 1.2871965 1.1654782 1.2686802 1.9920373 1.8294917 1.8055633 1.8138536 1.3681537 2.1870715 2.1437164 2.1792210 2.2094948 1.8839135 1.4069019 2.0355026 1.8879814 1.8195456 2.2359999 2.1580002 2.2762896 2.0859828 2.3823437 2.4263720 1.7619785 2.6786177 2.2357011 2.3783849 1.3910315 4.6769182 
Skow_XM_006824009.1                                    1.0293911 0.8128732 0.9392165 0.9470724 1.3495061 1.3902956 1.3755746 1.2467508 0.8631683 1.2348833 1.2753161 1.5732919 0.9794281 1.2270917 1.4324175 1.4696599 1.0102543 1.2796828 1.3630756 1.4127317 1.2425917 1.4548715 1.4362745 1.0501729 1.4321415 1.4527795 1.4537146 1.1212966 1.0852174 0.7717836 0.0000000 2.0914777 1.5624246 1.8413603 1.1695624 1.6399469 1.5041995 1.5609354 1.5394191 1.3996874 1.6840525 1.3062862 1.3850950 1.7536281 2.0243184 1.8076280 1.2984585 1.0540670 1.2871943 2.1825858 2.2239535 2.1354711 1.9918300 1.5477625 2.1501420 2.2917818 2.2959755 2.2729167 2.0463104 1.4770488 2.1452587 2.0056094 1.8528505 2.1941696 2.3471055 2.2754140 2.1653739 2.1277287 2.3334025 1.6062490 2.5203545 2.1927468 2.1799043 1.3009194 4.6667282 
Lcom_lcpid25599                                        2.1031036 2.0812292 2.0430098 2.0882814 1.9692643 1.9393848 1.8932957 1.8849439 1.4136909 1.9026589 1.9681605 2.4458436 1.4799101 1.9531034 2.0186385 1.9880602 1.6023177 1.9162559 2.1257467 2.2348287 1.9581564 2.0407356 2.0338179 1.5634772 2.0840463 2.1212898 2.1280362 1.5736693 2.0462628 2.1510331 2.0914777 0.0000000 0.4042368 0.6112071 1.3822572 2.1601890 2.0381864 1.9991497 1.8534072 1.7898907 2.1618929 1.7189377 1.9311897 2.1053068 2.8139714 2.0374857 2.1773770 2.1264909 2.0262927 2.3880738 2.4677191 2.3973432 2.2990994 1.7807524 2.7466067 2.2919299 2.3268426 2.5591337 2.3039816 1.8360745 2.2612195 2.3926344 2.2925069 2.1708407 2.3019708 2.2207003 2.3227418 2.5018199 2.6359721 1.9242935 2.7306776 2.5084923 2.6590089 1.7706709 3.8284829 
Leuniv_Lniv_scaffold20628_01                           1.5708359 1.4709253 1.5307195 1.4387752 1.4456984 1.3704354 1.1022331 1.3334525 1.1980006 1.2970442 1.3291622 1.6719180 1.3035325 1.4240234 1.4647964 1.4817639 1.2402109 1.4266583 1.6423329 1.4625257 1.2942495 1.5050274 1.4737406 1.3267823 1.4326285 1.4368175 1.4390166 1.3359053 1.5337322 1.4789365 1.5624246 0.4042368 0.0000000 0.4625299 0.9212714 1.6833272 1.5245036 1.5444480 1.6688934 1.4219530 1.6969961 1.5913388 1.5897823 1.4975684 1.7378568 1.3956143 1.6110809 1.5368082 1.5587697 1.7633021 1.6688290 1.6863251 1.8041393 1.5962089 2.7590793 1.7582151 1.7581351 1.9238878 1.6354755 1.7645398 1.7319138 1.7426728 1.7051929 1.6914174 1.8166865 1.7762618 1.8656278 2.0278837 2.1391307 1.7287031 2.2027643 2.0427736 1.9281720 1.5432495 3.5181398 
Gracom_Gcom_scaffold15594_01                           1.9400308 1.8261497 1.8547652 1.8872021 1.7560730 1.7903377 1.6982858 1.6452581 1.1720245 1.5793937 1.6775291 2.0880590 1.2747869 1.7115888 1.8239569 1.8090319 1.5260146 1.8332609 1.9889091 2.1003027 1.7187702 1.8752474 1.8817660 1.3792470 1.8712357 1.9074134 1.8955579 1.4730217 1.9148480 1.8372397 1.8413603 0.6112071 0.4625299 0.0000000 0.8744998 2.0111366 1.8265707 1.8457466 1.7100553 1.4494130 1.9734677 1.6091257 1.7259948 1.8036781 2.5148957 2.0021063 2.1812984 1.8524640 1.8749721 2.3680312 2.2651788 2.3342950 2.1653577 1.6158245 2.5390602 2.1025726 2.1276224 2.5920967 2.1085106 1.7621445 2.2130290 2.2174071 2.2073734 2.2249124 2.3128592 2.3436590 2.2816394 2.5062512 2.6365339 1.7903899 2.7043298 2.4084270 2.5145089 1.4749923 4.2670939 
Clacor_Ccor_scaffold5802_01                            1.1079442 1.1411000 1.1395165 1.2968227 0.9430653 0.8853709 0.6335802 0.9541148 0.9659534 0.9206234 0.9669864 1.0867713 0.9249573 1.2266836 1.2651907 1.0778676 1.0153463 1.0873521 1.1276477 1.1810872 1.0886569 1.1757716 1.1757716 1.1898687 1.1847962 1.1317907 1.1317907 1.1635759 1.2166735 1.1123407 1.1695624 1.3822572 0.9212714 0.8744998 0.0000000 1.4367723 1.1871392 1.4684855 1.4940163 1.1722005 1.4706289 1.3902690 1.3354729 1.4418303 0.0000010 0.0000010 1.2969746 0.9902108 1.3355208 1.4808671 1.4350917 1.2613200 1.4890005 1.5428002 2.7469879 1.6205286 1.8343966 2.0948227 1.3946591 1.4757541 1.4689792 1.4412926 1.4303815 2.0582960 1.7799590 1.8754406 1.7397783 1.9565573 2.0268866 1.8670910 1.9552052 2.2819440 1.5318572 1.1570681 4.9432764 
Ocar_g4851                                             1.6716028 1.5079698 1.7029937 1.6467897 1.6011272 1.5882524 1.3251896 1.5183659 1.0489727 1.5053035 1.5485783 2.1725480 1.2775282 1.5592608 1.6120124 1.5683838 1.3187780 1.5670215 1.6613868 1.6389192 1.6171324 1.6697647 1.6599358 1.2283543 1.6591707 1.6769036 1.6700018 1.2804433 1.7853697 1.5196781 1.6399469 2.1601890 1.6833272 2.0111366 1.4367723 0.0000000 0.0268699 0.7438478 1.7532641 1.4187503 1.9776418 1.4475561 1.6269327 1.8744665 2.3766761 2.1129220 1.7283062 1.7056432 1.7780966 2.5427783 2.3991741 2.3765590 2.2691174 1.7588305 2.3256228 2.0578018 2.2657739 2.3257789 2.0178827 1.6775208 2.2200101 2.0010288 2.0788611 2.4194096 2.3843920 2.3595719 2.2959837 2.1924880 2.3751042 1.8687186 2.8202811 2.3301359 2.2841431 1.6650939 4.8990307 
Opea_EP00118_Oscarella_pearsei_P010344                 1.5487966 1.3988288 1.5802360 1.5358026 1.4841134 1.4498021 1.3189934 1.4014224 0.9547292 1.3843162 1.4391175 1.9342886 1.1546278 1.4233312 1.4971725 1.4596062 1.1816600 1.4568982 1.5467165 1.4623811 1.4674869 1.5399993 1.5330119 1.1027605 1.5228683 1.5328930 1.5268086 1.1612749 1.6493460 1.3948130 1.5041995 2.0381864 1.5245036 1.8265707 1.1871392 0.0268699 0.0000000 0.6694215 1.5929839 1.2534915 1.8189586 1.3133052 1.3589307 1.7801285 2.3766761 2.0936373 1.6081607 1.5773614 1.6431298 2.3560521 2.2078785 2.1520457 2.0775516 1.5245041 2.3496191 1.8961113 2.0901387 2.0913967 1.8896787 1.5386761 2.0215949 1.8560011 1.9167668 2.2181387 2.1885161 2.1867971 2.1495610 2.0449840 2.2055135 1.6993478 2.5716628 2.1485881 2.1256390 1.3725325 4.6256164 
Plajan_Pjan_C568664_01                                 1.6339272 1.4623128 1.6745524 1.6137303 1.5344795 1.4974546 1.3621515 1.4182636 1.0219283 1.4438312 1.4460491 1.8613721 1.1932863 1.4022851 1.4336222 1.5598884 1.0597102 1.3956907 1.4427286 1.4165675 1.3000073 1.5268849 1.5308696 1.1165405 1.5055416 1.5179799 1.5161672 1.1770320 1.7338463 1.5036742 1.5609354 1.9991497 1.5444480 1.8457466 1.4684855 0.7438478 0.6694215 0.0000000 1.4658223 1.0362448 1.6094418 1.2168000 1.2684604 1.5244162 2.0844165 1.9293522 1.8067298 1.6067345 1.7077318 2.2497649 2.0963908 2.1417572 2.2140220 1.6670047 2.6506397 1.9816416 2.0899313 2.2082819 1.8139270 1.4877853 1.9910981 2.0909179 1.9640871 2.1509337 2.3029452 2.2617460 2.2088861 2.0980522 2.2577544 1.6234078 2.6965514 2.2436084 2.2426389 1.4321278 5.0318630 
Mlei_ML1270.g14.i1                                     1.5957112 1.5411722 1.6214085 1.6548164 1.3296711 1.4019607 1.2651244 1.2387038 0.9924850 1.2190638 1.2451718 1.6458054 1.1924019 1.3929223 1.5195360 1.5493950 1.2561719 1.3666962 1.5319238 1.4815479 1.2199981 1.3638266 1.3691140 1.1651424 1.3738938 1.3829672 1.3747611 1.1767280 1.6510660 1.4965338 1.5394191 1.8534072 1.6688934 1.7100553 1.4940163 1.7532641 1.5929839 1.4658223 0.0000000 0.0495220 0.2337509 0.2732593 0.2381846 0.2622939 0.4026144 0.4203989 1.6134651 1.4688991 1.4716112 2.0823006 2.0101581 2.0395731 2.0582624 1.7334935 2.3886445 1.6722917 1.8580801 1.9269811 1.7371460 1.5531464 1.7511606 1.7013939 1.6894837 1.8646893 2.0268824 2.0052331 1.8523241 1.9007706 1.8830974 1.6835380 2.1448513 2.0059883 1.7634832 1.5377564 4.8168861 
Bolinf_Binf_sb1196239                                  1.3126493 1.0804752 1.3341694 1.2569251 0.9130888 0.7810106 0.8249770 0.8309695 0.7847142 0.7820903 0.7249072 0.8180783 0.8640425 1.0358489 1.0716123 1.2546663 0.9544568 0.8288963 0.9118547 0.9814839 0.9669777 0.9825743 0.9825743 0.9069367 0.8953002 0.8875396 0.8875396 0.9401968 1.5396552 1.1663493 1.3996874 1.7898907 1.4219530 1.4494130 1.1722005 1.4187503 1.2534915 1.0362448 0.0495220 0.0000000 0.1262506 0.1348105 0.1220967 0.1262506 0.4786197 1.1432645 1.2501952 1.1663810 1.3000225 1.4743663 1.4561212 1.5393880 1.5932411 1.7404963 1.3522862 1.1643669 1.3163073 1.8918855 1.2434803 1.2708282 1.1421627 1.3120568 1.3174476 1.4341384 1.6225836 1.6171227 1.3969763 1.7683439 1.7178227 1.7797239 1.9778896 1.8962798 1.3856360 1.1108694 6.4813916 
Horcal_Hcv1.av93.c13.g405.i1                           1.7214881 1.6413233 1.6990216 1.8295705 1.4827417 1.5330027 1.4647657 1.3592103 0.9745296 1.3273061 1.3873685 1.7783696 1.1668271 1.4917881 1.5536169 1.6635799 1.2170861 1.5347578 1.6586738 1.6759767 1.4177325 1.4663647 1.4931375 1.1208473 1.5025924 1.4870735 1.4798893 1.1471471 1.7818648 1.6946540 1.6840525 2.1618929 1.6969961 1.9734677 1.4706289 1.9776418 1.8189586 1.6094418 0.2337509 0.1262506 0.0000000 0.2190745 0.1987664 0.0327363 0.3301508 0.4629469 1.8072892 1.6332077 1.7656090 2.2823877 2.2317759 2.2410810 2.1547495 1.6615586 2.3184023 1.9298046 2.1637129 2.3075769 1.9731064 1.5493080 1.9390138 2.0618665 2.1036040 2.2109883 2.3307549 2.3020411 2.0209595 2.1486377 2.2498188 1.6878653 2.6409285 2.3643847 2.2732614 1.5325238 4.6809163 
Vmul_Simscaffold10775_01                               1.4245358 1.3621448 1.3550859 1.3752457 1.2413569 1.1577919 0.9860218 1.0781124 0.9453646 1.0713335 1.0584409 1.3750294 1.1328718 1.2071391 1.2663299 1.4179843 1.0828115 1.2046472 1.3159024 1.3681464 1.0294905 1.2090775 1.2090775 1.1388589 1.1881130 1.1678680 1.1650976 1.1856696 1.5189630 1.3252296 1.3062862 1.7189377 1.5913388 1.6091257 1.3902690 1.4475561 1.3133052 1.2168000 0.2732593 0.1348105 0.2190745 0.0000000 0.1012041 0.1965436 0.2177806 0.2886382 1.4390817 1.2700735 1.3218529 1.7333740 1.7249103 1.6682846 1.7649137 1.7111191 2.3173469 1.5136457 1.6718076 1.7623141 1.4469389 1.4434616 1.4920527 1.5095283 1.4830039 1.6780252 1.8494111 1.7948061 1.5840222 1.7032697 1.7277150 1.6629820 1.9702025 1.8273596 1.6142614 1.5721124 4.5003722 
Coemet_Cmet_scaffold16966_01                           1.4186636 1.3267127 1.3652736 1.4134748 1.1872936 0.9306555 0.8642254 1.0152401 0.8778187 0.9579079 0.9336437 1.0835041 1.0324225 1.1755393 1.2968549 1.2582320 1.1194382 1.1196517 1.2795762 1.0941826 0.9273370 1.1361347 1.1361347 1.1113528 1.1267131 1.1145942 1.1145942 1.1301856 1.5725735 1.3220846 1.3850950 1.9311897 1.5897823 1.7259948 1.3354729 1.6269327 1.3589307 1.2684604 0.2381846 0.1220967 0.1987664 0.1012041 0.0000000 0.1590744 0.0313649 0.0000010 1.3246762 1.3502073 1.4953219 1.5912473 1.6129789 1.4955925 1.6518650 1.6715878 2.1063369 1.3564031 1.4483019 1.6418832 1.3626955 1.4051690 1.3581187 1.4516427 1.3246610 1.6565412 1.8050321 1.7008271 1.5306810 1.5555589 1.5638342 1.6663028 1.6623279 1.8269913 1.4477399 1.3218072 6.9791112 
Pbac_sb2648248                                         1.7445108 1.5392404 1.6625176 1.7707942 1.4459095 1.4641365 1.2960297 1.3119371 1.0789032 1.3037253 1.3264125 2.0415611 1.0992037 1.3594779 1.3867889 1.6064202 1.2721112 1.4507080 1.5158984 1.6474227 1.4172562 1.4620848 1.4682152 1.0203863 1.4536058 1.4396248 1.4323530 1.1203647 1.8456187 1.6254241 1.7536281 2.1053068 1.4975684 1.8036781 1.4418303 1.8744665 1.7801285 1.5244162 0.2622939 0.1262506 0.0327363 0.1965436 0.1590744 0.0000000 0.3584942 0.4908222 1.8551891 1.6802673 1.7047251 2.1661549 2.0853316 2.1774868 2.1037394 1.4425646 1.7913209 1.9755114 2.1761981 2.4172485 1.9989648 1.4531666 1.8781441 2.0258512 2.1970839 2.1685561 2.2743325 2.2140819 2.0621360 2.0409996 2.2378271 1.5154320 2.4857490 2.3745039 2.3648491 1.2347842 3.3333606 
Lampan_Lpan_11446_01                                   2.2970724 2.1927724 2.1343407 2.5035581 1.8167485 2.0556062 1.8156545 1.8201302 1.3102918 1.7501412 1.7969015 2.7379696 1.2901501 1.7173343 1.6830798 1.9712654 1.2539052 1.8638587 1.9197171 2.1773668 1.8302324 1.6203018 1.6667095 0.8246245 1.6715234 1.7091932 1.6930118 1.0073270 2.1179012 2.1622092 2.0243184 2.8139714 1.7378568 2.5148957 0.0000010 2.3766761 2.3766761 2.0844165 0.4026144 0.4786197 0.3301508 0.2177806 0.0313649 0.3584942 0.0000000 0.5210513 2.5085197 2.2199685 2.4372786 2.8651622 2.8296560 2.7740566 2.6117100 0.7625426 2.4234006 2.9991416 2.9612713 3.2395037 3.0226054 1.6343626 2.7995742 3.0784644 3.2715677 3.1453720 3.4630857 3.2153646 2.8040404 2.8055357 3.1717920 1.5207249 3.0880183 3.4601592 3.6732874 0.0000010 1.4084858 
Beraby_Baby_sb321257                                   2.0110047 1.7309620 2.1128622 1.9921350 1.5949568 1.9772574 1.5979099 1.6060750 1.2495648 1.6654609 1.6601404 2.7879692 1.1992128 1.6644353 1.7693087 1.7045798 1.3630644 1.5380925 1.5984117 1.9915818 1.5158537 1.5102525 1.5213828 0.8423353 1.5588122 1.5523186 1.5402486 1.0074361 1.8649263 1.8740182 1.8076280 2.0374857 1.3956143 2.0021063 0.0000010 2.1129220 2.0936373 1.9293522 0.4203989 1.1432645 0.4629469 0.2886382 0.0000010 0.4908222 0.5210513 0.0000000 2.1204257 1.9599776 1.8476272 2.6968390 2.6284509 2.6071534 2.6514461 0.9223254 2.5530674 2.7047240 2.8097685 3.2390209 2.5985199 1.8250869 2.4350450 2.8927360 2.6776336 2.8003921 3.0147031 3.3875889 2.4579461 2.5822639 2.6834598 1.6055193 2.6947838 2.8004894 2.8975699 0.0000010 1.1463155 
Tcas_TC006719_001                                      1.2007546 1.1331850 1.2328490 1.2056167 1.4578083 1.4108049 1.4787487 1.4137066 1.0800060 1.4587930 1.5045577 2.0167567 1.1701066 1.4267808 1.5701537 1.5150867 1.1170900 1.4204992 1.5304715 1.5751220 1.3676436 1.6357005 1.6245143 1.1323587 1.5628875 1.5994125 1.5993587 1.2249543 1.3862408 1.2871965 1.2984585 2.1773770 1.6110809 2.1812984 1.2969746 1.7283062 1.6081607 1.8067298 1.6134651 1.2501952 1.8072892 1.4390817 1.3246762 1.8551891 2.5085197 2.1204257 0.0000000 0.9855025 1.0308196 2.1472563 2.0679126 2.1009838 2.0078043 1.5889737 2.2458482 2.1933919 2.1890376 2.0251354 1.9991253 1.5800170 2.0858831 2.0328128 1.8151762 2.2296011 2.1156266 2.0363293 2.0374327 2.3205199 2.4077174 1.7188839 2.3434703 2.0354557 2.1319407 1.4355956 4.6866944 
Cscu_XM_023363736.1                                    1.0328600 0.9791889 1.0342429 0.9951388 1.3479314 1.3740400 1.4585632 1.4039541 0.9880279 1.3997283 1.4190970 1.8850887 1.1658808 1.4310373 1.4994881 1.5109716 1.1599699 1.3616230 1.4187063 1.5532042 1.3936160 1.5431822 1.5294128 1.0914132 1.4631554 1.4715453 1.4695662 1.1806421 1.1361435 1.1654782 1.0540670 2.1264909 1.5368082 1.8524640 0.9902108 1.7056432 1.5773614 1.6067345 1.4688991 1.1663810 1.6332077 1.2700735 1.3502073 1.6802673 2.2199685 1.9599776 0.9855025 0.0000000 1.0058851 2.2304772 2.1240576 2.1098392 2.0330148 1.5347762 1.8927567 2.2356155 2.3488015 2.1885977 1.8777528 1.5179999 2.1331309 2.0627145 1.8904741 2.3130185 2.2703153 2.3319075 2.0749703 2.3511095 2.4333723 1.6196090 2.5132917 2.1864491 2.3387401 1.2605237 4.4464024 
Dpul_mRNA14725                                         1.1684652 1.0728750 1.1967234 1.1759624 1.4602796 1.4222005 1.5108354 1.4477933 1.1182042 1.5237059 1.4764841 1.9865468 1.2538316 1.4410538 1.6342865 1.6407347 1.1968525 1.4078265 1.5444569 1.5741837 1.5284314 1.5973459 1.5781355 1.1402976 1.5115717 1.5818593 1.5789544 1.2173793 1.2755520 1.2686802 1.2871943 2.0262927 1.5587697 1.8749721 1.3355208 1.7780966 1.6431298 1.7077318 1.4716112 1.3000225 1.7656090 1.3218529 1.4953219 1.7047251 2.4372786 1.8476272 1.0308196 1.0058851 0.0000000 2.2476070 2.1569736 2.1223566 2.1168243 1.6990551 1.9859923 1.9611674 2.0830155 1.9803674 1.8891532 1.5026696 2.1394347 2.1103272 1.7262290 2.2418810 2.1411636 2.0143908 2.0323994 2.2109700 2.4596671 1.7432033 2.3256369 2.0100884 2.0373053 1.4279454 4.1499117 
