66
Hsap_ENST00000295268                                  0.0000000 2.5395446 2.3623633 2.5507196 2.7043150 2.4923000 2.7000550 2.8602542 2.5338442 2.5947274 2.7065808 2.7244045 2.7000449 2.3637687 3.0758922 2.9532061 2.8388377 2.5412268 2.1163786 3.0748145 2.8623541 2.9990135 2.6843945 3.0305385 3.0851117 3.8724895 3.2292066 3.0524258 2.7453299 2.9891209 3.0381258 2.5598208 2.8580538 3.0478849 2.8925170 2.5817910 3.0673903 3.0576658 3.1570321 3.1336593 3.7116842 3.2904662 2.8622252 3.1993480 2.2370515 3.5567484 3.4216960 3.2751053 3.7519649 2.8675176 3.2047971 3.2076684 3.7076507 3.6102951 3.6287249 3.6051794 3.5993558 4.8701706 4.2919973 4.4943269 4.9400817 4.8337451 4.3857163 4.6569338 5.3692779 5.7363255 
Bralan_BLAG15000868_1                                 2.5395446 0.0000000 0.9147703 0.8944503 1.1045622 0.9340184 1.2632524 1.3127841 1.2657680 1.2815434 1.2558604 1.2899968 1.2770732 1.3917630 2.0696797 1.4914338 1.4547831 1.4164495 1.5398394 1.8007339 1.8868550 1.4279555 2.1415975 2.3367562 1.9302013 1.7735783 1.8872907 1.9935641 1.4850778 1.5321220 2.0134584 2.1436728 2.1034991 2.0396397 1.9196473 2.0729511 2.0312986 2.0309100 1.9326402 2.2044269 2.3604528 2.1474381 1.7642308 1.9523630 1.3010220 2.5788994 2.4716727 2.4242474 2.6880317 1.9631500 2.4311876 2.4273335 2.4587668 2.4484214 2.4282690 2.4337411 2.3775573 4.0115201 4.0495745 4.1774581 4.5441373 4.0229364 4.2577628 3.9555277 4.5401041 4.7335402 
Spur_XM_030979401.1                                   2.3623633 0.9147703 0.0000000 0.6947392 1.1028294 0.9839203 1.2570448 1.4081665 1.4054661 1.2646743 1.2818441 1.2795530 1.2763792 1.4133369 2.1381380 1.5223631 1.5120403 1.3500390 1.5128803 1.7852830 1.7931950 1.6319181 2.0816601 2.4334462 1.9054822 1.8395411 1.8358886 2.0112196 1.5884772 1.6402320 2.0399397 2.1599231 2.0425347 2.0959301 1.8890524 2.1720775 2.0468061 2.0480423 2.0793875 2.0525704 2.2119490 2.0733107 1.8478970 1.9864622 1.1933316 2.7804989 2.2129216 2.2254935 2.7570698 1.9699113 2.2813704 2.2800810 2.3482464 2.3221535 2.3091056 2.3143912 2.2672167 3.8084826 4.1253790 3.7333450 4.0598949 4.1331084 3.4875422 4.0466941 3.6271288 4.6060309 
Skow_XM_002731437.2                                   2.5507196 0.8944503 0.6947392 0.0000000 1.0383834 0.8890331 1.0921789 1.1534316 1.1857960 1.1445554 1.0826155 1.0845943 1.0733543 1.1615936 2.1040027 1.4355442 1.3680375 1.3303979 1.5418445 1.4365882 1.5232979 1.3802709 1.9630445 2.1440803 1.7827207 1.6001715 1.5676697 1.8736166 1.4555571 1.4493621 1.9587223 1.8885112 1.9749338 1.9568104 1.7859553 1.8843520 1.8784519 1.8800245 2.0126148 2.0322034 2.2044738 2.0359812 1.8068881 1.9599140 1.1516774 2.5778730 2.5091486 2.3169901 2.7623742 2.0359888 2.2035008 2.2111408 2.1896905 2.1967496 2.2535704 2.2587054 2.2276786 3.9643366 4.1458131 4.1830095 4.2463672 4.4135990 3.8968963 4.2998495 4.0486911 4.9068860 
Ctel_gnl_WGS_AMQN_CAPTEDRAFT_mRNA229364               2.7043150 1.1045622 1.1028294 1.0383834 0.0000000 0.9543056 1.3232707 1.3251081 1.3847032 1.3405289 1.3354469 1.2283928 1.2769806 1.4033793 2.0573028 1.5353868 1.5283270 1.5294481 1.4474683 1.6691156 1.7727521 1.6787486 1.9710607 2.2352103 1.9735218 1.9195351 1.7134491 1.9702435 1.4691952 1.5513767 2.1005844 2.1530721 2.1022145 1.9819967 2.0007515 2.1239561 2.0255350 2.0437813 2.0095112 2.1554010 2.4966346 2.1507478 1.7813466 2.1125904 1.0867528 2.5407571 2.4505338 2.3734748 2.8861273 2.4732017 2.3651876 2.3662221 2.2822952 2.2518193 2.3450306 2.3454276 2.2592548 4.0955182 3.7980911 4.1594312 3.9957238 3.8093295 3.8863421 4.4651823 3.8467927 4.7532753 
Cgig_XM_011447443.3                                   2.4923000 0.9340184 0.9839203 0.8890331 0.9543056 0.0000000 1.3627938 1.3856462 1.3614436 1.2935857 1.2862320 1.3044563 1.2598225 1.5240506 2.1907315 1.6145118 1.5377183 1.4920692 1.8716910 1.7209362 1.7623488 1.4485658 2.1090480 2.2048064 2.0051608 1.7128966 1.8450142 2.0570260 1.6496917 1.6019567 2.0154980 2.0160596 2.0386979 1.9800755 1.8841687 1.8648446 2.0110792 2.0365818 2.0821620 2.1786744 2.2711912 2.1022622 1.8031861 2.1805095 0.8585283 2.6385869 2.4591965 2.4273730 2.4825409 1.9826198 2.2738846 2.2763648 2.3373653 2.2920991 2.3331617 2.3341017 2.1653568 3.9208785 4.0181744 4.1276027 4.7154322 4.3213381 4.1254317 3.8954237 4.4391492 4.9800098 
Exapal_XM_021048780.2                                 2.7000550 1.2632524 1.2570448 1.0921789 1.3232707 1.3627938 0.0000000 0.5879606 0.7798899 0.7272351 0.6000755 0.6653276 0.6675229 0.8033254 1.6487931 1.1792987 1.2307950 1.1616847 1.3913529 1.1552938 1.2876807 1.1983324 2.0741810 2.0183587 1.6384231 1.7915266 1.6077768 2.0912732 1.4991301 1.4008585 1.9557888 1.6360933 2.0121721 1.9150312 1.8696767 1.7915676 1.8736214 1.8919654 1.8546096 2.0665779 2.2334072 2.0166885 1.9258450 1.7918135 1.5143598 2.3359603 2.3046190 2.3126385 2.5750751 1.9138924 2.1886875 2.1917936 2.1985819 2.2178958 2.2675998 2.2810559 2.2290482 4.1190655 4.3133368 3.8605186 4.1169610 3.8469553 3.1834032 4.3389516 3.8119864 4.5760300 
Nvec_v1g244395                                        2.8602542 1.3127841 1.4081665 1.1534316 1.3251081 1.3856462 0.5879606 0.0000000 0.7729128 0.6985147 0.6339986 0.6213913 0.6386201 0.8029667 1.6594784 1.1545871 1.1640993 1.2227480 1.3035461 1.1525706 1.2765582 1.3044873 2.0159958 2.1356906 1.7244342 1.6692387 1.5232008 1.9090252 1.4373250 1.4096322 1.9208678 1.6927435 2.0217449 1.9517699 1.8925588 1.8305801 1.8797079 1.8945857 1.8462937 2.0421140 2.2233471 2.0062166 1.8094156 1.9781573 1.5199092 2.5177134 2.2408580 2.3460751 2.4528007 2.0429106 2.3151840 2.3161245 2.3553827 2.3252272 2.3524390 2.3665420 2.3580637 3.7802513 4.2935868 4.0893602 4.0585712 3.8160301 3.1873580 3.8370612 3.6155948 4.3371749 
Adig_XM_015905175.1                                   2.5338442 1.2657680 1.4054661 1.1857960 1.3847032 1.3614436 0.7798899 0.7729128 0.0000000 0.3490620 0.3459902 0.3820073 0.3821782 0.3381898 1.5505341 1.1736713 1.2231777 1.2191181 1.0938042 1.3345225 1.5264135 1.4564128 2.1079991 2.5846375 1.9480279 2.0746713 1.6810225 2.0946904 1.6502382 1.4911730 2.0464319 1.7931256 1.9871033 1.9632797 1.8654109 1.8163220 1.9694155 1.9813881 1.7473637 2.0839992 2.3438706 2.0280951 1.8818333 2.0204154 1.7021646 2.5236338 2.4204617 2.1456758 2.4506202 2.1565797 2.3078286 2.3109831 2.4142402 2.4178924 2.4436888 2.4618529 2.4562827 3.9349178 3.9619141 3.7411420 4.2561740 3.7047017 3.4736526 4.0122378 3.9177121 4.7352157 
Gfas_gfas1.m1.6850.m1                                 2.5947274 1.2815434 1.2646743 1.1445554 1.3405289 1.2935857 0.7272351 0.6985147 0.3490620 0.0000000 0.2379056 0.2761241 0.2666743 0.3296145 1.4496430 1.1839087 1.2063899 1.1308323 1.2227642 1.2007076 1.3370494 1.3262664 2.0058536 2.2328351 1.7892161 1.9245107 1.7381991 1.9449376 1.4754257 1.4601950 1.9398475 1.6814518 1.9399049 1.9578518 1.8152209 1.7325852 1.8907694 1.9037805 1.6804446 1.9827430 2.2356032 2.0039711 1.8338555 1.7964258 1.4147809 2.5087412 2.3345454 2.1442750 2.4758263 1.9980133 2.2037435 2.2079453 2.2715622 2.2681449 2.2514355 2.2650168 2.3095502 3.7142116 3.9935098 3.4573553 4.0063843 3.6055645 3.3125598 3.6891218 3.3827930 4.1552190 
Gasp_gasp1.m3.19472.m1                                2.7065808 1.2558604 1.2818441 1.0826155 1.3354469 1.2862320 0.6000755 0.6339986 0.3459902 0.2379056 0.0000000 0.1573164 0.1531752 0.2396922 1.4164492 1.0812400 1.1246489 1.1101362 1.2464673 1.1541537 1.2885553 1.2518884 1.9577229 2.1268410 1.7617550 1.7979891 1.5877795 1.9496779 1.4574265 1.3856950 1.9297503 1.6409120 2.0138674 1.9339542 1.8319562 1.7094409 1.8998477 1.9119516 1.6523896 1.9593017 2.1956602 1.9808306 1.8250710 1.8439357 1.3965059 2.5619133 2.4275740 2.1686897 2.5350407 2.1276199 2.2925323 2.3005372 2.3892816 2.3224245 2.3293878 2.3433870 2.3657004 3.8755566 4.2826817 3.4801210 4.0466618 3.6996216 3.3041314 3.5993289 3.6596495 4.2951625 
Spis_XP_022780699_1                                   2.7244045 1.2899968 1.2795530 1.0845943 1.2283928 1.3044563 0.6653276 0.6213913 0.3820073 0.2761241 0.1573164 0.0000000 0.0752235 0.3120080 1.3514715 1.0676348 1.0875835 1.0967754 1.2556752 1.1489450 1.2923790 1.2453336 1.8799695 2.1356196 1.7730760 1.7980215 1.5758736 1.8924145 1.3754444 1.3498547 1.9006009 1.7010907 1.9966474 1.9395628 1.8278533 1.7193693 1.8910405 1.9008075 1.6418560 1.9556005 2.2265128 1.9380753 1.7540785 1.8223991 1.3891294 2.5875037 2.3760458 2.2546374 2.5238327 2.2171659 2.2334378 2.2412918 2.3096064 2.2866874 2.2964907 2.3103382 2.3605140 3.7548064 4.1693320 3.6790104 4.1629437 3.7364572 3.4383214 3.6039152 3.8734234 4.4399837 
Pocdam_XM_027200299.1                                 2.7000449 1.2770732 1.2763792 1.0733543 1.2769806 1.2598225 0.6675229 0.6386201 0.3821782 0.2666743 0.1531752 0.0752235 0.0000000 0.2907020 1.3074852 1.0533240 1.0650816 1.0664106 1.2169906 1.1775924 1.2871084 1.2506517 1.8934374 2.2328533 1.7728586 1.7613076 1.5879683 1.9096902 1.3837849 1.3415351 1.8702756 1.6675110 1.9518733 1.8975361 1.7891673 1.7036782 1.8515881 1.8610963 1.6346308 1.8916653 2.1504107 1.8863435 1.7677368 1.7970304 1.3785016 2.5327019 2.3703797 2.1907070 2.5206727 2.1043541 2.2030256 2.2107758 2.2739555 2.2600771 2.2589783 2.2725130 2.3217003 3.6443169 4.2554042 3.6303999 4.0729277 3.7075407 3.3913916 3.4983736 3.6881764 4.3266015 
Fspp_ffun1.m4.13013.m1                                2.3637687 1.3917630 1.4133369 1.1615936 1.4033793 1.5240506 0.8033254 0.8029667 0.3381898 0.3296145 0.2396922 0.3120080 0.2907020 0.0000000 1.3417417 1.3297076 1.3375238 1.3107258 1.1065626 1.2682669 1.4496671 4.0704822 2.1055415 2.3033306 1.6270757 4.3153501 1.6099587 2.3217762 1.5410177 1.7712554 1.9636453 1.8217694 2.0646341 1.9289261 1.8551261 1.6917645 1.8763617 1.8956762 1.6178283 2.0877612 3.1967826 1.9455145 2.0141299 1.6185435 1.4385020 2.8857752 2.5575244 2.1377973 2.4207713 2.0227094 2.2948752 2.2906381 2.3475549 2.3561128 2.2122096 2.2122096 2.3467624 3.9259230 4.2361317 4.5502722 4.4678375 4.7274388 3.6885953 4.1116297 5.2699668 5.0082308 
Aaur_scaffold55.g19.t1                                3.0758922 2.0696797 2.1381380 2.1040027 2.0573028 2.1907315 1.6487931 1.6594784 1.5505341 1.4496430 1.4164492 1.3514715 1.3074852 1.3417417 0.0000000 0.9814580 0.9963535 1.0844132 1.3783062 1.9837387 2.1479396 5.6013637 2.9401373 3.2302335 2.4041575 6.3263782 2.0631816 2.5492392 1.9061413 2.2385182 2.7189155 2.3071093 2.8361825 2.7859354 2.6129199 2.3620615 2.6125153 2.6358460 2.4455261 3.0125422 4.7351568 3.1060217 2.7243093 2.1877711 2.1664376 3.0090713 3.1609702 2.9712332 3.2333553 2.5831320 2.4841730 2.4777113 2.4279159 2.4848731 2.3360005 2.3360005 2.5112910 5.1629522 4.7196042 5.4831586 5.4036604 5.2466466 4.8115184 4.9963235 5.8178832 5.1872801 
Nemnom_g15528.t1                                      2.9532061 1.4914338 1.5223631 1.4355442 1.5353868 1.6145118 1.1792987 1.1545871 1.1736713 1.1839087 1.0812400 1.0676348 1.0533240 1.3297076 0.9814580 0.0000000 0.1692794 0.6255536 1.2468716 1.3982932 1.4742257 0.9897861 1.8980615 1.9108334 1.8190790 1.7567939 1.6450639 1.8952181 1.5974520 1.5662520 1.9522746 1.8347892 2.0133375 1.9851533 1.7790340 1.9012220 1.8465205 1.8604042 2.2059155 2.1220831 2.3172556 2.1829841 1.8936998 1.6532777 1.5969196 2.5190838 2.4741456 2.4366654 2.8477090 2.3097508 2.3580454 2.3601490 2.4285914 2.3873187 2.4388841 2.4444824 2.4518087 4.2400497 3.8597566 4.1355151 4.1825348 3.6642229 3.6534967 4.0478661 3.9867989 4.3317637 
Rhoesc_Res_002559-T1                                  2.8388377 1.4547831 1.5120403 1.3680375 1.5283270 1.5377183 1.2307950 1.1640993 1.2231777 1.2063899 1.1246489 1.0875835 1.0650816 1.3375238 0.9963535 0.1692794 0.0000000 0.5656519 1.2803905 1.3566678 1.4495609 0.9973641 1.8393965 1.9046580 1.7874396 1.7382582 1.6403254 1.8733636 1.5163590 1.4827947 1.9245528 1.7497748 2.0022248 1.9634769 1.7668347 1.8297433 1.8062247 1.8205078 2.1197178 2.0107087 2.2932531 2.1731511 1.8765132 1.5161095 1.6318326 2.3813816 2.4803766 2.3854638 2.7442541 2.3421148 2.3461016 2.3464519 2.4223439 2.3573615 2.4067304 2.4122763 2.4524966 3.9879190 3.8247482 4.0647707 4.1146270 3.8210387 3.7044252 4.1956973 4.1155059 4.6421822 
Sanmal_Sma_017787-T1                                  2.5412268 1.4164495 1.3500390 1.3303979 1.5294481 1.4920692 1.1616847 1.2227480 1.2191181 1.1308323 1.1101362 1.0967754 1.0664106 1.3107258 1.0844132 0.6255536 0.5656519 0.0000000 1.1776808 1.4534675 1.6331145 1.0335199 1.8942987 2.0988816 1.7748772 1.8215632 1.6812193 1.7576030 1.6264194 1.6103214 2.0538764 1.7064831 2.0894140 2.0720970 1.8795159 1.8340863 1.9592458 1.9714688 2.2617866 2.2592512 2.1788427 2.2854863 1.8787920 1.4866256 1.5169985 2.4521310 2.2612267 2.4337025 2.6597362 2.1811126 2.2150627 2.2152999 2.2376144 2.1700874 2.2247771 2.2257006 2.2984144 3.6991914 3.9175341 3.8116852 3.9828351 3.7380392 3.6594545 3.8004530 3.9656169 4.4319243 
Chem_TCONS_00012865                                   2.1163786 1.5398394 1.5128803 1.5418445 1.4474683 1.8716910 1.3913529 1.3035461 1.0938042 1.2227642 1.2464673 1.2556752 1.2169906 1.1065626 1.3783062 1.2468716 1.2803905 1.1776808 0.0000000 1.4907660 1.5607828 2.5567925 1.8383797 2.7494464 1.7228515 3.3077346 1.5136873 1.8805783 1.8325122 1.8310819 2.3221437 2.1625483 2.3397888 2.2302930 2.0727260 2.2404791 2.3072510 2.3283754 2.3627524 2.3386996 2.6549704 2.4546362 2.0543245 1.4656667 1.7294170 2.4533706 2.3600697 2.3008253 2.7546160 2.5765096 2.3498554 2.3368048 2.3882843 2.4316514 2.4046572 2.4046572 2.3949562 3.4858975 4.0189094 4.3522867 4.8146501 5.2493828 4.0009403 4.9668904 4.9667301 4.4753199 
Dgig_XM_028553305.1                                   3.0748145 1.8007339 1.7852830 1.4365882 1.6691156 1.7209362 1.1552938 1.1525706 1.3345225 1.2007076 1.1541537 1.1489450 1.1775924 1.2682669 1.9837387 1.3982932 1.3566678 1.4534675 1.4907660 0.0000000 0.4579185 1.4455557 1.9887044 1.8243770 1.8246192 1.9249937 1.6339131 1.9697356 1.5598826 1.5292877 2.1030150 1.6915252 2.0857401 2.0918375 1.9529449 1.8480140 1.9818869 1.9957541 1.9190487 2.2106554 2.4266521 2.2265590 2.0138988 2.1531365 1.7981101 2.6888445 2.5377838 2.5816764 2.6932623 2.4765146 2.3263574 2.3294317 2.3343829 2.2994504 2.3283532 2.3318803 2.3554916 4.2731340 4.2263774 4.1759108 4.0699595 3.9637722 3.7846565 4.4840776 4.0364472 4.4673814 
Xesp_008879-T1                                        2.8623541 1.8868550 1.7931950 1.5232979 1.7727521 1.7623488 1.2876807 1.2765582 1.5264135 1.3370494 1.2885553 1.2923790 1.2871084 1.4496671 2.1479396 1.4742257 1.4495609 1.6331145 1.5607828 0.4579185 0.0000000 1.6688509 2.0434851 1.8798306 1.9242667 1.9721998 1.6995389 2.0210670 1.7974936 1.7946993 2.1669041 1.8761595 2.1748791 2.1762322 2.0612004 1.9696516 2.0453787 2.0547446 2.0911757 2.3603329 2.5804050 2.3247333 2.1204147 2.1883497 1.9714910 2.6572610 2.4779724 2.6827108 2.7930702 2.5144962 2.6255885 2.6147214 2.5522595 2.5504376 2.5911724 2.5917270 2.6807726 4.1191781 4.9115482 4.4359450 4.5023155 3.9916049 3.9460924 4.8874165 4.5364059 4.6993529 
Morvir_scaffold201.g11.t1                             2.9990135 1.4279555 1.6319181 1.3802709 1.6787486 1.4485658 1.1983324 1.3044873 1.4564128 1.3262664 1.2518884 1.2453336 1.2506517 4.0704822 5.6013637 0.9897861 0.9973641 1.0335199 2.5567925 1.4455557 1.6688509 0.0000000 1.9640741 1.9684491 1.9988883 1.7179243 1.4593370 1.8041879 1.2700665 1.4480037 1.6743907 1.0874311 1.6833014 1.5721443 1.4738406 1.0359268 1.5958597 1.6180869 1.0539605 1.7012452 1.9510232 1.9387956 2.0534336 1.9843060 1.1259792 2.1301210 2.0509257 2.2703157 2.3026144 1.0689759 2.6413819 2.6540807 2.9181574 2.9225934 3.1382575 3.1385954 2.8306924 4.3492137 4.8666797 3.5405636 3.5183675 3.0066725 3.0041442 4.0241105 3.4827913 4.6295716 
Emue_Em0023g295a.t1                                   2.6843945 2.1415975 2.0816601 1.9630445 1.9710607 2.1090480 2.0741810 2.0159958 2.1079991 2.0058536 1.9577229 1.8799695 1.8934374 2.1055415 2.9401373 1.8980615 1.8393965 1.8942987 1.8383797 1.9887044 2.0434851 1.9640741 0.0000000 0.3593810 1.3951598 1.2366319 1.3851374 1.6937080 1.9335926 1.9371509 2.5517036 2.2402752 2.4983040 2.5046848 2.3497139 2.3075502 2.4815595 2.5022827 2.7932870 2.5864796 2.7390477 2.6718601 1.8260215 2.2940687 2.0707987 2.5914278 2.6473272 2.4983919 2.8340588 2.1168687 2.5940796 2.6095634 2.7316386 2.7128056 2.7764450 2.7812899 2.6400680 4.3469838 3.8919089 4.5434526 4.5068387 3.9123103 4.5117974 4.9370352 4.5636890 4.7655581 
Spolac_c91649_g4_i1_m.7086c103016-g4                  3.0305385 2.3367562 2.4334462 2.1440803 2.2352103 2.2048064 2.0183587 2.1356906 2.5846375 2.2328351 2.1268410 2.1356196 2.2328533 2.3033306 3.2302335 1.9108334 1.9046580 2.0988816 2.7494464 1.8243770 1.8798306 1.9684491 0.3593810 0.0000000 1.4073105 1.3792769 1.5125700 1.6480855 1.8793033 1.8312843 2.4521968 2.2347852 2.3336137 2.3534402 2.3602318 2.1240203 2.2703489 2.2803959 6.1810714 2.4954516 2.5881973 2.7210470 1.8264033 2.5853325 2.2887604 2.8486320 3.0000022 2.7438703 2.8929458 1.8963955 2.9465094 2.9462062 2.9566792 2.9661471 3.0415169 3.0415169 2.8589717 4.2347588 3.9137733 4.4486108 4.7740414 3.3868113 4.3233335 4.8229451 4.5169092 4.6987074 
Tetwil_g7795.t1                                       3.0851117 1.9302013 1.9054822 1.7827207 1.9735218 2.0051608 1.6384231 1.7244342 1.9480279 1.7892161 1.7617550 1.7730760 1.7728586 1.6270757 2.4041575 1.8190790 1.7874396 1.7748772 1.7228515 1.8246192 1.9242667 1.9988883 1.3951598 1.4073105 0.0000000 0.8059840 1.2467056 1.3634465 1.6608596 1.7354421 2.3568861 2.4053809 2.3965409 2.3395649 2.2319533 2.5888339 2.3647893 2.3946692 2.4831253 2.6452210 2.6741989 2.5390362 1.8180010 2.1915255 2.2289954 2.9438041 2.7650420 2.6288263 3.3590148 2.0325949 2.6718863 2.6690629 2.6308877 2.5810774 2.6626855 2.6789261 2.5701406 4.4856474 4.4067243 4.3747873 4.4288995 4.0959430 4.0163436 5.1018643 4.4676093 5.0236986 
Stycar_maker-SC_scaffold4318-augustus-gene-0.4-mRNA-1 3.8724895 1.7735783 1.8395411 1.6001715 1.9195351 1.7128966 1.7915266 1.6692387 2.0746713 1.9245107 1.7979891 1.7980215 1.7613076 4.3153501 6.3263782 1.7567939 1.7382582 1.8215632 3.3077346 1.9249937 1.9721998 1.7179243 1.2366319 1.3792769 0.8059840 0.0000000 1.1854782 1.2816053 1.7673695 1.5973718 2.1943130 2.2292012 2.1375000 2.1173727 2.0210638 2.6405272 2.1886274 2.2194602 7.8746593 2.2553693 2.4597536 2.4179346 1.9550001 2.7901307 1.8536384 3.0746732 2.9061591 2.8186700 3.3822960 1.5896889 3.2090687 3.2064552 3.1209458 3.0413947 3.2202622 3.2645904 3.0120373 4.9258471 5.5051111 4.8878391 5.0428840 4.1475406 5.3140857 4.3659941 4.6327152 5.3392953 
Xestes_maker-XT_scaffold392-augustus-gene-0.6-mRNA-1  3.2292066 1.8872907 1.8358886 1.5676697 1.7134491 1.8450142 1.6077768 1.5232008 1.6810225 1.7381991 1.5877795 1.5758736 1.5879683 1.6099587 2.0631816 1.6450639 1.6403254 1.6812193 1.5136873 1.6339131 1.6995389 1.4593370 1.3851374 1.5125700 1.2467056 1.1854782 0.0000000 0.7166170 1.4638837 1.5504577 2.2293059 2.0065581 2.0507901 2.0134466 2.0507521 2.0251034 2.0054708 1.9951464 2.8237723 2.1962904 2.5011553 2.3975141 1.5760609 2.3326295 1.9238012 2.6673931 2.7017287 2.4582766 2.9618229 1.5845658 2.5966754 2.6017210 2.5777565 2.5908277 2.7806147 2.7806147 2.5220211 4.6548767 4.5902555 5.2245893 4.8345788 4.0255305 4.8025618 5.3508066 4.4747815 5.6124751 
Halamb_c45594_g1_i1m.19232                            3.0524258 1.9935641 2.0112196 1.8736166 1.9702435 2.0570260 2.0912732 1.9090252 2.0946904 1.9449376 1.9496779 1.8924145 1.9096902 2.3217762 2.5492392 1.8952181 1.8733636 1.7576030 1.8805783 1.9697356 2.0210670 1.8041879 1.6937080 1.6480855 1.3634465 1.2816053 0.7166170 0.0000000 1.7873305 1.7501161 2.5301678 2.3500647 2.4273331 2.3848233 2.3411012 2.6391160 2.3866657 2.3989717 3.0395451 2.6572127 2.6429717 2.5912845 1.8175186 2.3327608 2.2258288 2.6562941 2.6710227 2.6682564 2.8119411 2.4523126 2.6022424 2.6048890 2.5892901 2.5280094 2.5793279 2.5798984 2.4630876 4.4087207 4.2674479 4.2762116 4.2684878 3.6684073 4.8121783 4.1864520 4.6878262 5.3124676 
Ocar_g11115                                           2.7453299 1.4850778 1.5884772 1.4555571 1.4691952 1.6496917 1.4991301 1.4373250 1.6502382 1.4754257 1.4574265 1.3754444 1.3837849 1.5410177 1.9061413 1.5974520 1.5163590 1.6264194 1.8325122 1.5598826 1.7974936 1.2700665 1.9335926 1.8793033 1.6608596 1.7673695 1.4638837 1.7873305 0.0000000 0.0270654 1.7277388 1.8326440 1.7309272 1.7050846 1.6521991 1.8244580 1.6836289 1.6912344 1.7768760 1.8067306 1.8403894 1.7513552 1.8318429 1.9797108 1.7834009 2.3205621 2.3999438 2.2410911 3.0401779 2.1821790 2.2753897 2.2755335 2.3356857 2.4069611 2.4534677 2.4534677 2.3716231 3.7373812 3.5333794 4.2319577 3.8063095 3.8010573 3.5636976 4.1752770 4.4377550 5.2197229 
Opea_EP00118_Oscarella_pearsei_P002518                2.9891209 1.5321220 1.6402320 1.4493621 1.5513767 1.6019567 1.4008585 1.4096322 1.4911730 1.4601950 1.3856950 1.3498547 1.3415351 1.7712554 2.2385182 1.5662520 1.4827947 1.6103214 1.8310819 1.5292877 1.7946993 1.4480037 1.9371509 1.8312843 1.7354421 1.5973718 1.5504577 1.7501161 0.0270654 0.0000000 1.8116229 1.7154003 1.8403403 1.8118292 1.7031268 1.7190689 1.7888690 1.7998163 1.7752834 1.9685832 2.0750620 1.9470216 1.8548201 1.8619867 1.6406196 2.2479768 2.2787807 2.2002404 2.7588792 2.1821790 2.4458676 2.4462280 2.5096458 2.5285282 2.5856167 2.6015453 2.4628531 3.8891418 3.5220321 3.9950220 3.8638349 3.5713969 3.5182260 4.0302462 3.7721960 4.6603113 
Mlei_ML0397.g17.i1                                    3.0381258 2.0134584 2.0399397 1.9587223 2.1005844 2.0154980 1.9557888 1.9208678 2.0464319 1.9398475 1.9297503 1.9006009 1.8702756 1.9636453 2.7189155 1.9522746 1.9245528 2.0538764 2.3221437 2.1030150 2.1669041 1.6743907 2.5517036 2.4521968 2.3568861 2.1943130 2.2293059 2.5301678 1.7277388 1.8116229 0.0000000 0.1911694 0.2139696 0.2427213 0.2084204 0.2242348 0.3028105 0.2979550 0.3153299 0.7789036 0.6554978 0.6349750 2.2471811 2.5796212 1.9357101 3.0530259 2.7454007 2.6181994 3.2548862 1.9416144 3.0419040 3.0414300 3.1008393 3.0989408 3.1301743 3.1319924 3.0033347 3.9223222 4.5421456 4.4905433 4.5942322 4.2320689 4.1165527 4.4103159 4.8221910 4.7356177 
Mertsp_Mesp_sb560745                                  2.5598208 2.1436728 2.1599231 1.8885112 2.1530721 2.0160596 1.6360933 1.6927435 1.7931256 1.6814518 1.6409120 1.7010907 1.6675110 1.8217694 2.3071093 1.8347892 1.7497748 1.7064831 2.1625483 1.6915252 1.8761595 1.0874311 2.2402752 2.2347852 2.4053809 2.2292012 2.0065581 2.3500647 1.8326440 1.7154003 0.1911694 0.0000000 0.1711034 0.2046283 0.1514507 0.0233995 0.2497033 0.2481058 0.2068463 0.6249589 0.5080753 0.5332873 2.0888997 2.1650051 1.6134861 2.9504645 2.5489950 2.3417870 2.9005988 1.8882693 2.4981902 2.4966730 2.4243869 2.5084810 2.4902090 2.4902090 2.3076539 3.8262948 3.5646440 3.4506042 5.1511286 4.0898538 3.8866425 4.1470590 5.2472027 4.4387025 
Beraby_Baby_sb342922                                  2.8580538 2.1034991 2.0425347 1.9749338 2.1022145 2.0386979 2.0121721 2.0217449 1.9871033 1.9399049 2.0138674 1.9966474 1.9518733 2.0646341 2.8361825 2.0133375 2.0022248 2.0894140 2.3397888 2.0857401 2.1748791 1.6833014 2.4983040 2.3336137 2.3965409 2.1375000 2.0507901 2.4273331 1.7309272 1.8403403 0.2139696 0.1711034 0.0000000 0.2666288 0.2004246 0.1986647 0.3217440 0.3156093 0.2890905 0.8170453 0.6535365 0.6978547 2.2051078 2.5775128 1.9614090 2.9329453 2.6301542 2.5907240 3.1545342 2.0990671 3.0492306 3.0489158 3.0162068 3.0746764 3.0931019 3.0922969 3.0215455 4.0325939 4.5147904 4.5107339 4.7192446 4.3643895 4.0033800 4.2784024 5.0472892 4.9850084 
Drygla_Dgla_sb307037                                  3.0478849 2.0396397 2.0959301 1.9568104 1.9819967 1.9800755 1.9150312 1.9517699 1.9632797 1.9578518 1.9339542 1.9395628 1.8975361 1.9289261 2.7859354 1.9851533 1.9634769 2.0720970 2.2302930 2.0918375 2.1762322 1.5721443 2.5046848 2.3534402 2.3395649 2.1173727 2.0134466 2.3848233 1.7050846 1.8118292 0.2427213 0.2046283 0.2666288 0.0000000 0.2814796 0.2575943 0.3379495 0.3328695 0.3413938 0.7682229 0.6490836 0.6432091 2.2784378 2.6054639 1.8049759 2.7609940 2.5868566 2.6500974 3.0255836 1.9209384 2.8485636 2.8479400 2.8398904 2.9039699 2.8786915 2.8804332 2.7687774 3.9498700 4.4594627 4.0990998 4.5617920 4.0340862 4.0354006 4.4131898 4.6912118 4.6339661 
Lampan_Lpan_14648_01                                  2.8925170 1.9196473 1.8890524 1.7859553 2.0007515 1.8841687 1.8696767 1.8925588 1.8654109 1.8152209 1.8319562 1.8278533 1.7891673 1.8551261 2.6129199 1.7790340 1.7668347 1.8795159 2.0727260 1.9529449 2.0612004 1.4738406 2.3497139 2.3602318 2.2319533 2.0210638 2.0507521 2.3411012 1.6521991 1.7031268 0.2084204 0.1514507 0.2004246 0.2814796 0.0000000 0.1824066 0.3176401 0.3187346 0.2262340 0.7497085 0.6302050 0.6423053 2.1043653 2.4085354 1.7499671 2.8570383 2.6222284 2.4151484 2.9548731 1.9727985 2.8859544 2.8854906 2.9175475 2.9296770 2.9701965 2.9693959 2.8747966 4.1042293 4.2035529 4.0128923 4.4611569 4.2029313 4.0978161 4.3359146 5.0998650 4.8239905 
Bolinf_Binf_sb1220358                                 2.5817910 2.0729511 2.1720775 1.8843520 2.1239561 1.8648446 1.7915676 1.8305801 1.8163220 1.7325852 1.7094409 1.7193693 1.7036782 1.6917645 2.3620615 1.9012220 1.8297433 1.8340863 2.2404791 1.8480140 1.9696516 1.0359268 2.3075502 2.1240203 2.5888339 2.6405272 2.0251034 2.6391160 1.8244580 1.7190689 0.2242348 0.0233995 0.1986647 0.2575943 0.1824066 0.0000000 0.2759385 0.2744683 0.2457754 0.7619330 0.5869876 0.6112487 2.1727628 2.2480906 1.7607707 2.7508681 2.5780810 2.2631132 2.8283369 2.1372269 2.7627857 2.7522874 2.6940168 2.7304433 2.7799786 2.7799786 2.6743891 3.7705572 3.7665956 3.6231184 4.8055337 4.6917284 4.2796325 4.6483196 5.6202867 5.1330047 
Pbac_sb2642502                                        3.0673903 2.0312986 2.0468061 1.8784519 2.0255350 2.0110792 1.8736214 1.8797079 1.9694155 1.8907694 1.8998477 1.8910405 1.8515881 1.8763617 2.6125153 1.8465205 1.8062247 1.9592458 2.3072510 1.9818869 2.0453787 1.5958597 2.4815595 2.2703489 2.3647893 2.1886274 2.0054708 2.3866657 1.6836289 1.7888690 0.3028105 0.2497033 0.3217440 0.3379495 0.3176401 0.2759385 0.0000000 0.0057729 0.3293954 0.8106101 0.6554974 0.6975748 2.2262922 2.4819170 1.9454927 2.8525863 2.6407926 2.5277313 2.9944641 2.0916958 2.9691236 2.9636943 2.8973929 2.9507774 2.9831951 2.9834586 2.9069002 3.9250317 4.0828847 4.1906921 4.7306108 4.0113164 4.2122473 4.5704581 4.9006400 4.6961941 
Horcal_Hcv1.av93.c1.g999.i1                           3.0576658 2.0309100 2.0480423 1.8800245 2.0437813 2.0365818 1.8919654 1.8945857 1.9813881 1.9037805 1.9119516 1.9008075 1.8610963 1.8956762 2.6358460 1.8604042 1.8205078 1.9714688 2.3283754 1.9957541 2.0547446 1.6180869 2.5022827 2.2803959 2.3946692 2.2194602 1.9951464 2.3989717 1.6912344 1.7998163 0.2979550 0.2481058 0.3156093 0.3328695 0.3187346 0.2744683 0.0057729 0.0000000 0.3224332 0.8189351 0.6559759 0.7020583 2.2411621 2.4883396 1.9617567 2.8747220 2.6646789 2.5504315 3.0217989 2.0738809 2.9670122 2.9616002 2.8955566 2.9487527 2.9810425 2.9813051 2.9050328 3.8940537 4.1346868 4.2679683 4.7742168 4.0254909 4.2032064 4.5293980 4.8228098 4.7180593 
Eupdun_Edun_sb10653383                                3.1570321 1.9326402 2.0793875 2.0126148 2.0095112 2.0821620 1.8546096 1.8462937 1.7473637 1.6804446 1.6523896 1.6418560 1.6346308 1.6178283 2.4455261 2.2059155 2.1197178 2.2617866 2.3627524 1.9190487 2.0911757 1.0539605 2.7932870 6.1810714 2.4831253 7.8746593 2.8237723 3.0395451 1.7768760 1.7752834 0.3153299 0.2068463 0.2890905 0.3413938 0.2262340 0.2457754 0.3293954 0.3224332 0.0000000 0.7756203 0.4411246 0.6666329 2.4647094 2.3970544 1.9949452 3.0141584 2.5228624 2.2993137 2.7598493 2.0322834 3.0292713 3.0134699 2.9440516 2.9578074 2.9150190 2.9150190 2.8176381 3.7484661 3.5518531 3.8826521 3.7832958 4.4466519 3.9412276 4.6525668 5.8954933 5.3023765 
Vmul_Simscaffold7218_01                               3.1336593 2.2044269 2.0525704 2.0322034 2.1554010 2.1786744 2.0665779 2.0421140 2.0839992 1.9827430 1.9593017 1.9556005 1.8916653 2.0877612 3.0125422 2.1220831 2.0107087 2.2592512 2.3386996 2.2106554 2.3603329 1.7012452 2.5864796 2.4954516 2.6452210 2.2553693 2.1962904 2.6572127 1.8067306 1.9685832 0.7789036 0.6249589 0.8170453 0.7682229 0.7497085 0.7619330 0.8106101 0.8189351 0.7756203 0.0000000 0.5833233 0.5952618 2.3149188 2.9246249 2.2181043 2.7599676 2.8091129 2.7218890 3.0640600 2.1551069 3.0354942 3.0385493 3.2993693 3.3327230 3.3746647 3.3749763 3.2060704 3.9480338 4.3113894 4.3140487 4.8685754 4.5141984 4.4737245 5.0608064 4.8609964 4.8168500 
Coeast_Cast_sb786252                                  3.7116842 2.3604528 2.2119490 2.2044738 2.4966346 2.2711912 2.2334072 2.2233471 2.3438706 2.2356032 2.1956602 2.2265128 2.1504107 3.1967826 4.7351568 2.3172556 2.2932531 2.1788427 2.6549704 2.4266521 2.5804050 1.9510232 2.7390477 2.5881973 2.6741989 2.4597536 2.5011553 2.6429717 1.8403894 2.0750620 0.6554978 0.5080753 0.6535365 0.6490836 0.6302050 0.5869876 0.6554974 0.6559759 0.4411246 0.5833233 0.0000000 0.0338121 2.2203139 3.0631712 2.2931867 3.0372837 2.8592228 3.0069280 3.6625871 1.4496249 3.1898912 3.2015908 3.2784767 3.3474823 3.3684815 3.3689959 3.2018833 4.6654350 6.0227669 4.8160411 5.9890556 4.8141568 4.8800482 5.2527245 5.1764376 5.1472776 
Coemet_Cmet_scaffold5837_01                           3.2904662 2.1474381 2.0733107 2.0359812 2.1507478 2.1022622 2.0166885 2.0062166 2.0280951 2.0039711 1.9808306 1.9380753 1.8863435 1.9455145 3.1060217 2.1829841 2.1731511 2.2854863 2.4546362 2.2265590 2.3247333 1.9387956 2.6718601 2.7210470 2.5390362 2.4179346 2.3975141 2.5912845 1.7513552 1.9470216 0.6349750 0.5332873 0.6978547 0.6432091 0.6423053 0.6112487 0.6975748 0.7020583 0.6666329 0.5952618 0.0338121 0.0000000 2.2613073 2.9332943 2.2567555 2.8203552 2.7102155 2.7071183 3.0591282 2.0536033 3.0567933 3.0564808 3.1475170 3.2179840 3.2019948 3.2022855 3.1104787 3.9991302 4.3424950 4.6582837 4.9534751 4.4991204 4.3433738 4.7186354 4.9728637 5.3179590 
Plespi_Pspi_scaffold18089_01                          2.8622252 1.7642308 1.8478970 1.8068881 1.7813466 1.8031861 1.9258450 1.8094156 1.8818333 1.8338555 1.8250710 1.7540785 1.7677368 2.0141299 2.7243093 1.8936998 1.8765132 1.8787920 2.0543245 2.0138988 2.1204147 2.0534336 1.8260215 1.8264033 1.8180010 1.9550001 1.5760609 1.8175186 1.8318429 1.8548201 2.2471811 2.0888997 2.2051078 2.2784378 2.1043653 2.1727628 2.2262922 2.2411621 2.4647094 2.3149188 2.2203139 2.2613073 0.0000000 2.4978778 2.0673506 2.5388296 2.5662677 2.4469113 2.9414134 2.1026869 2.6460047 2.6585584 2.6545566 2.6950223 2.8351691 2.8525928 2.6485125 3.9291058 4.7233683 3.7988494 3.9553719 4.2896583 4.0468394 4.3631787 4.3426952 4.7164717 
Hvul_g17199_1                                         3.1993480 1.9523630 1.9864622 1.9599140 2.1125904 2.1805095 1.7918135 1.9781573 2.0204154 1.7964258 1.8439357 1.8223991 1.7970304 1.6185435 2.1877711 1.6532777 1.5161095 1.4866256 1.4656667 2.1531365 2.1883497 1.9843060 2.2940687 2.5853325 2.1915255 2.7901307 2.3326295 2.3327608 1.9797108 1.8619867 2.5796212 2.1650051 2.5775128 2.6054639 2.4085354 2.2480906 2.4819170 2.4883396 2.3970544 2.9246249 3.0631712 2.9332943 2.4978778 0.0000000 2.2008017 3.1458945 3.1963746 3.1575283 3.5016550 2.5066551 3.3713476 3.3651486 3.1935885 3.2802306 3.1671534 3.1742859 3.1570563 4.3279050 4.4567776 4.7477915 4.6245947 4.2438096 4.2210308 4.5702785 4.8169770 4.9842750 
Acagra_model.g4523.t1                                 2.2370515 1.3010220 1.1933316 1.1516774 1.0867528 0.8585283 1.5143598 1.5199092 1.7021646 1.4147809 1.3965059 1.3891294 1.3785016 1.4385020 2.1664376 1.5969196 1.6318326 1.5169985 1.7294170 1.7981101 1.9714910 1.1259792 2.0707987 2.2887604 2.2289954 1.8536384 1.9238012 2.2258288 1.7834009 1.6406196 1.9357101 1.6134861 1.9614090 1.8049759 1.7499671 1.7607707 1.9454927 1.9617567 1.9949452 2.2181043 2.2931867 2.2567555 2.0673506 2.2008017 0.0000000 2.6974360 2.4468010 2.1371218 2.6439896 2.0019680 2.0950880 2.1046415 2.0694411 2.0499296 2.0496794 2.0496794 1.9689362 4.1386420 3.4192257 3.4863106 4.1685779 4.1982375 4.3532642 4.4355109 4.7007776 4.5993834 
Scil_scict011596.1                                    3.5567484 2.5788994 2.7804989 2.5778730 2.5407571 2.6385869 2.3359603 2.5177134 2.5236338 2.5087412 2.5619133 2.5875037 2.5327019 2.8857752 3.0090713 2.5190838 2.3813816 2.4521310 2.4533706 2.6888445 2.6572610 2.1301210 2.5914278 2.8486320 2.9438041 3.0746732 2.6673931 2.6562941 2.3205621 2.2479768 3.0530259 2.9504645 2.9329453 2.7609940 2.8570383 2.7508681 2.8525863 2.8747220 3.0141584 2.7599676 3.0372837 2.8203552 2.5388296 3.1458945 2.6974360 0.0000000 1.0123154 1.2306612 1.3053490 2.1187085 2.5635593 2.5653824 2.7579783 2.7265339 2.7323111 2.7335186 2.7511336 4.3762636 4.1689909 4.1496225 4.3287244 4.4183614 4.1101203 5.0967376 4.2355277 4.5315590 
Gracom_Gcom_scaffold18253_01                          3.4216960 2.4716727 2.2129216 2.5091486 2.4505338 2.4591965 2.3046190 2.2408580 2.4204617 2.3345454 2.4275740 2.3760458 2.3703797 2.5575244 3.1609702 2.4741456 2.4803766 2.2612267 2.3600697 2.5377838 2.4779724 2.0509257 2.6473272 3.0000022 2.7650420 2.9061591 2.7017287 2.6710227 2.3999438 2.2787807 2.7454007 2.5489950 2.6301542 2.5868566 2.6222284 2.5780810 2.6407926 2.6646789 2.5228624 2.8091129 2.8592228 2.7102155 2.5662677 3.1963746 2.4468010 1.0123154 0.0000000 1.2525768 1.4025857 2.2025601 2.7554844 2.7560647 2.9039023 2.8752991 2.7414145 2.7465965 2.8130373 4.0123959 4.1749072 3.9083215 4.6350792 4.3372341 4.4268292 4.5542790 4.7612924 4.6572129 
Lcom_lcpid49262                                       3.2751053 2.4242474 2.2254935 2.3169901 2.3734748 2.4273730 2.3126385 2.3460751 2.1456758 2.1442750 2.1686897 2.2546374 2.1907070 2.1377973 2.9712332 2.4366654 2.3854638 2.4337025 2.3008253 2.5816764 2.6827108 2.2703157 2.4983919 2.7438703 2.6288263 2.8186700 2.4582766 2.6682564 2.2410911 2.2002404 2.6181994 2.3417870 2.5907240 2.6500974 2.4151484 2.2631132 2.5277313 2.5504315 2.2993137 2.7218890 3.0069280 2.7071183 2.4469113 3.1575283 2.1371218 1.2306612 1.2525768 0.0000000 1.4150549 2.1511951 2.6040417 2.6123966 2.7188243 2.6649418 2.5828077 2.5910247 2.5914228 4.4903979 4.0456418 4.1909592 4.3762449 4.4145491 4.2159914 4.9191146 4.4728442 5.2106787 
Leuniv_Lniv_scaffold3340_01                           3.7519649 2.6880317 2.7570698 2.7623742 2.8861273 2.4825409 2.5750751 2.4528007 2.4506202 2.4758263 2.5350407 2.5238327 2.5206727 2.4207713 3.2333553 2.8477090 2.7442541 2.6597362 2.7546160 2.6932623 2.7930702 2.3026144 2.8340588 2.8929458 3.3590148 3.3822960 2.9618229 2.8119411 3.0401779 2.7588792 3.2548862 2.9005988 3.1545342 3.0255836 2.9548731 2.8283369 2.9944641 3.0217989 2.7598493 3.0640600 3.6625871 3.0591282 2.9414134 3.5016550 2.6439896 1.3053490 1.4025857 1.4150549 0.0000000 2.4704739 2.6935548 2.7163467 2.7566589 2.7474253 2.6710789 2.6722546 2.6136144 4.3675083 3.9143182 4.0769383 4.4877969 4.3280816 4.1126663 4.1185789 4.6149657 5.0887768 
Clacor_Ccor_scaffold15113_01                          2.8675176 1.9631500 1.9699113 2.0359888 2.4732017 1.9826198 1.9138924 2.0429106 2.1565797 1.9980133 2.1276199 2.2171659 2.1043541 2.0227094 2.5831320 2.3097508 2.3421148 2.1811126 2.5765096 2.4765146 2.5144962 1.0689759 2.1168687 1.8963955 2.0325949 1.5896889 1.5845658 2.4523126 2.1821790 2.1821790 1.9416144 1.8882693 2.0990671 1.9209384 1.9727985 2.1372269 2.0916958 2.0738809 2.0322834 2.1551069 1.4496249 2.0536033 2.1026869 2.5066551 2.0019680 2.1187085 2.2025601 2.1511951 2.4704739 0.0000000 2.4582763 2.4565282 2.4761499 2.3822568 2.3794552 2.3794552 2.2778850 3.4205604 3.2329975 3.3938440 3.9697735 5.2208333 3.2614737 4.3885378 4.5370113 4.5204438 
Tadh_TriadT55144                                      3.2047971 2.4311876 2.2813704 2.2035008 2.3651876 2.2738846 2.1886875 2.3151840 2.3078286 2.2037435 2.2925323 2.2334378 2.2030256 2.2948752 2.4841730 2.3580454 2.3461016 2.2150627 2.3498554 2.3263574 2.6255885 2.6413819 2.5940796 2.9465094 2.6718863 3.2090687 2.5966754 2.6022424 2.2753897 2.4458676 3.0419040 2.4981902 3.0492306 2.8485636 2.8859544 2.7627857 2.9691236 2.9670122 3.0292713 3.0354942 3.1898912 3.0567933 2.6460047 3.3713476 2.0950880 2.5635593 2.7554844 2.6040417 2.6935548 2.4582763 0.0000000 0.0058827 0.4169000 0.4016145 0.3938486 0.3974733 0.3825872 4.4704253 3.9964727 4.1513357 4.6390146 4.5851088 4.4246279 4.5123973 4.4018091 5.0042150 
TrH2_TrispH2_010250-RA                                3.2076684 2.4273335 2.2800810 2.2111408 2.3662221 2.2763648 2.1917936 2.3161245 2.3109831 2.2079453 2.3005372 2.2412918 2.2107758 2.2906381 2.4777113 2.3601490 2.3464519 2.2152999 2.3368048 2.3294317 2.6147214 2.6540807 2.6095634 2.9462062 2.6690629 3.2064552 2.6017210 2.6048890 2.2755335 2.4462280 3.0414300 2.4966730 3.0489158 2.8479400 2.8854906 2.7522874 2.9636943 2.9616002 3.0134699 3.0385493 3.2015908 3.0564808 2.6585584 3.3651486 2.1046415 2.5653824 2.7560647 2.6123966 2.7163467 2.4565282 0.0058827 0.0000000 0.4262546 0.4107809 0.4032920 0.4069417 0.3916901 4.4988343 4.0135110 4.1702914 4.6353138 4.6201888 4.4246803 4.5223482 4.3918362 5.0547424 
HoiH06_mRNA2123                                       3.7076507 2.4587668 2.3482464 2.1896905 2.2822952 2.3373653 2.1985819 2.3553827 2.4142402 2.2715622 2.3892816 2.3096064 2.2739555 2.3475549 2.4279159 2.4285914 2.4223439 2.2376144 2.3882843 2.3343829 2.5522595 2.9181574 2.7316386 2.9566792 2.6308877 3.1209458 2.5777565 2.5892901 2.3356857 2.5096458 3.1008393 2.4243869 3.0162068 2.8398904 2.9175475 2.6940168 2.8973929 2.8955566 2.9440516 3.2993693 3.2784767 3.1475170 2.6545566 3.1935885 2.0694411 2.7579783 2.9039023 2.7188243 2.7566589 2.4761499 0.4169000 0.4262546 0.0000000 0.0709778 0.1551805 0.1577465 0.2087197 4.4622620 4.2293338 4.4322621 4.5457491 4.3318116 4.1798846 4.6286400 4.4054541 4.9482881 
HoiH23_PlH23_004399-RA                                3.6102951 2.4484214 2.3221535 2.1967496 2.2518193 2.2920991 2.2178958 2.3252272 2.4178924 2.2681449 2.3224245 2.2866874 2.2600771 2.3561128 2.4848731 2.3873187 2.3573615 2.1700874 2.4316514 2.2994504 2.5504376 2.9225934 2.7128056 2.9661471 2.5810774 3.0413947 2.5908277 2.5280094 2.4069611 2.5285282 3.0989408 2.5084810 3.0746764 2.9039699 2.9296770 2.7304433 2.9507774 2.9487527 2.9578074 3.3327230 3.3474823 3.2179840 2.6950223 3.2802306 2.0499296 2.7265339 2.8752991 2.6649418 2.7474253 2.3822568 0.4016145 0.4107809 0.0709778 0.0000000 0.1553818 0.1579284 0.2006188 4.4841086 4.0177710 4.2193684 4.4958398 4.4656065 4.0254761 4.4374460 4.3822660 4.7293383 
Hhon_g07197.t1                                        3.6287249 2.4282690 2.3091056 2.2535704 2.3450306 2.3331617 2.2675998 2.3524390 2.4436888 2.2514355 2.3293878 2.2964907 2.2589783 2.2122096 2.3360005 2.4388841 2.4067304 2.2247771 2.4046572 2.3283532 2.5911724 3.1382575 2.7764450 3.0415169 2.6626855 3.2202622 2.7806147 2.5793279 2.4534677 2.5856167 3.1301743 2.4902090 3.0931019 2.8786915 2.9701965 2.7799786 2.9831951 2.9810425 2.9150190 3.3746647 3.3684815 3.2019948 2.8351691 3.1671534 2.0496794 2.7323111 2.7414145 2.5828077 2.6710789 2.3794552 0.3938486 0.4032920 0.1551805 0.1553818 0.0000000 0.0019387 0.2161134 4.3143463 4.2047452 4.2319461 4.4823192 4.5383448 4.2060126 4.5023989 4.2145533 4.5571100 
