78
Hsap_ENST00000370479                                              0.0000000 1.4308355 1.6066384 0.7718532 1.6330508 1.5093001 1.4758538 1.6059565 2.1518618 1.9470699 2.1051159 2.0818038 1.9103319 1.8278040 1.8899320 2.0284033 1.8619595 2.3147664 2.1700676 1.8636313 1.9908815 1.9791424 2.0228127 2.1583570 2.7400474 2.5947148 4.5129309 2.8756326 3.0963682 0.9004717 2.8631973 2.4590251 2.7982969 1.0543580 1.6172003 2.2303219 2.3317297 2.3101106 2.1734545 1.3211212 3.0048292 3.2957269 3.3445837 2.5627808 2.5015646 2.4624239 2.5418322 2.2718051 2.2717024 4.1020718 3.0657834 2.2726998 1.5722962 2.9011518 3.3437940 3.3719644 3.2031109 3.1260638 3.8802400 2.6394871 4.2850325 4.8190865 2.2064055 4.1708290 2.7864315 3.4214988 3.0186589 3.1235551 2.8483987 2.5818178 2.6311228 2.6696250 3.3129622 2.4592304 3.2657864 1.3366736 4.7566376 3.4014379 
Bralan_BLAG02000847_1                                             1.4308355 0.0000000 1.4284607 0.6792265 1.4811607 1.3618145 1.2814704 1.4710482 1.8911520 1.9571975 1.8869569 1.8900532 1.7222080 1.6982805 1.6939824 1.9074777 1.7622389 2.2811398 2.1563320 1.8237339 1.9085585 1.8841557 2.0172106 2.1036490 2.5796659 2.3678158 3.9630228 2.7549179 2.8559382 1.0640960 2.6760521 2.3579024 2.7177809 0.9819170 1.4406895 2.2271106 2.1427150 2.1427382 2.0652523 1.3396522 3.1683678 3.0693209 2.9104851 2.3660994 2.3402962 2.2902928 2.4694541 2.3201963 2.3242036 3.7562506 2.7742989 2.1615385 1.5339070 2.8605340 3.1648173 3.1952345 3.0518453 3.0402533 3.7972626 2.4560863 3.9171372 4.3728441 1.9671128 4.1617243 2.4014473 3.0851015 2.5523753 2.6376172 2.4886315 2.3667494 2.4165075 2.6367294 3.2659598 2.2887171 2.9537951 1.3814164 4.2285865 3.3540985 
Tcas_TC006979_001                                                 1.6066384 1.4284607 0.0000000 0.4817609 1.3333658 1.4384308 1.3533186 1.6661622 2.0254574 2.2809755 1.6701216 1.7228662 1.9555263 1.9051504 1.8997800 2.1101223 1.9481815 2.2335240 2.0579250 1.3497063 1.9830583 1.9146377 1.9413555 2.0200234 2.5172122 2.6461413 5.0011731 2.9649827 3.1218608 1.0305901 3.1073832 2.2370293 2.8542080 0.9730392 1.6217172 2.2697097 1.9537597 2.2760081 2.1201842 1.5184914 3.5052209 3.1072179 3.2934106 2.5640727 2.5288360 2.4539933 2.5737047 2.3718680 2.3636830 4.4299448 3.0544811 2.3232914 1.6635991 3.3287931 3.1968377 3.5837013 3.4888887 3.4586891 3.7194445 2.3471203 4.1357547 4.9021079 2.2539761 4.2437321 2.5737900 3.3034555 2.7684592 2.8178668 2.7960125 2.4019929 2.5673551 2.7169481 3.8095764 2.5453533 2.9945025 1.7171785 4.4423694 3.2765092 
Dpul_mRNA14776                                                    0.7718532 0.6792265 0.4817609 0.0000000 0.6281528 0.8154596 0.7054450 0.8445120 0.9148122 0.2872070 1.0430160 1.2229618 0.9590601 0.9348198 0.9216003 0.9503701 0.9801184 1.2026104 0.9699634 1.0987883 1.0149730 0.9752554 0.9856058 0.9668949 1.7014628 1.5893158 2.9052302 1.7090048 1.6888671 1.1150050 1.6636192 1.5824150 1.5191120 1.0334234 0.8431745 1.2570163 1.4896081 1.2631674 1.1213545 1.6371397 1.8113747 1.7737999 1.8024214 1.2550321 1.2548293 1.1839388 1.1692959 1.2104396 1.2104396 2.5797881 1.5929657 1.7359919 1.5184276 2.0079586 2.0056249 2.0301664 1.9314884 1.8461835 2.6352725 2.4648538 2.9197273 2.6263615 2.0242783 2.6904748 2.3502785 1.7879655 1.5247667 1.6334786 1.6939312 1.4417965 1.5130344 1.3963494 0.0000010 1.3864626 2.0432757 1.5765225 2.8236316 3.0206553 
Cscu_XM_023374784.1                                               1.6330508 1.4811607 1.3333658 0.6281528 0.0000000 1.3550523 1.3123391 1.6143463 1.9965964 2.2848109 1.6143842 1.6403887 1.8381671 1.8676487 1.8609308 1.9272668 1.8627631 2.1927794 2.2662291 1.6066939 1.9231091 1.9043834 1.9285302 2.0188326 2.7045295 2.7625644 4.7801496 3.1998759 3.1641870 1.1353434 3.1956024 2.5823411 3.0297677 1.1136225 1.5801114 2.2114607 1.9179971 2.3134839 2.0682831 1.4649936 3.6278602 3.5384872 3.1945459 2.6464370 2.5903871 2.5806469 2.7184721 2.4876937 2.4813299 4.1725082 3.3253842 2.4068031 1.7990844 3.3698349 3.2163878 3.7843974 3.6152970 3.3650505 4.0368808 2.6343334 4.4310105 4.5834256 2.1750358 4.5568685 2.7280754 3.4135989 2.8734702 2.9275942 2.8679119 2.6670289 2.6526925 2.7535022 3.4688582 2.6520232 3.3457564 1.4958490 4.6237864 3.4461192 
Acagra_model.g7119.t1                                             1.5093001 1.3618145 1.4384308 0.8154596 1.3550523 0.0000000 0.8086373 1.5703316 1.9287514 1.8559290 1.9412920 1.8982843 1.8118111 1.7857467 1.7411187 1.9873209 1.7916628 2.3130557 2.3143661 1.9314764 1.9903872 1.9729367 2.0161729 2.0240356 2.6897865 2.6717791 4.3154516 2.8056906 3.0088234 1.0330981 2.7564144 2.3978440 2.7461137 1.1534666 1.5427456 2.3592042 2.6140180 2.3239439 2.1714519 1.3454966 3.4746375 3.0045662 2.8896782 2.5418113 2.6080305 2.5601254 2.5710839 2.4165526 2.4064211 4.3174799 3.0711376 2.4841028 1.6125252 2.9442548 3.3251659 3.7402679 3.4811880 3.2797114 3.7393872 2.6688290 4.2990928 4.6210568 2.2436417 4.3766017 2.7046776 3.2912920 2.8042551 2.9107804 2.7233267 2.4144657 2.5203531 2.6774219 3.6452573 2.3826167 3.1787525 0.9178508 4.3101753 3.4594043 
Cgig_XM_034457390.1                                               1.4758538 1.2814704 1.3533186 0.7054450 1.3123391 0.8086373 0.0000000 1.5467511 1.8307616 1.6231972 1.8536959 1.9953841 1.7684897 1.7270952 1.6804574 1.8866383 1.7270128 2.1430447 2.1123880 1.9370628 1.9421020 1.8857265 1.9440104 1.9356013 2.8944687 2.6433220 4.2453745 2.8344853 2.9298425 1.0943619 2.7805379 2.4813637 2.7299262 1.0619868 1.4593688 2.2348573 2.3839688 2.1142109 2.0526014 1.2826056 3.0277281 3.0501775 3.0975701 2.2899303 2.2650842 2.2014317 2.2921354 2.1152460 2.1054025 3.7898090 2.6464758 2.3087203 1.5586264 2.9690545 3.1721963 3.4084804 3.6068714 3.3662810 3.4188623 2.5389301 4.1563357 4.5877159 2.0291592 4.3405593 2.6431067 3.2315015 2.6962582 2.6901341 2.5283849 2.4620906 2.5509258 2.5982686 3.2743174 2.4795073 2.9855371 0.9201894 4.0753250 3.0906720 
Spur_XM_030998549.1                                               1.6059565 1.4710482 1.6661622 0.8445120 1.6143463 1.5703316 1.5467511 0.0000000 1.8945895 1.9586048 1.6262746 1.7367967 1.7724316 1.7943761 1.7216412 1.8090938 1.7381469 2.2288856 2.1385943 1.7415129 1.9727358 1.9284901 2.0738798 2.0985352 2.6688200 2.5950390 4.7779889 3.0389771 2.8637246 0.9150154 2.8313033 2.3658889 2.7922113 1.0717247 1.4300351 2.3020960 1.9062662 2.1976280 2.1531594 1.4292131 3.2738643 2.9399417 2.9618753 2.4246099 2.3816468 2.2796866 2.4273187 2.2106334 2.2051379 3.3722068 3.0043333 2.3560837 1.6142118 3.1167316 3.6790179 3.6805558 3.4230660 3.2621914 3.7831273 2.4746801 4.5162384 4.8729999 2.1471542 4.1929057 2.5655519 3.2189463 2.9357073 2.8902834 2.6803951 2.6433773 2.7020961 2.6036708 3.4031265 2.6106810 3.1093497 1.5892278 4.4081451 3.2959328 
Exapal_XM_021047193.2                                             2.1518618 1.8911520 2.0254574 0.9148122 1.9965964 1.9287514 1.8307616 1.8945895 0.0000000 0.5569501 1.0128142 1.0665398 0.8432314 0.8355929 0.8510118 0.8738559 0.8208876 2.0163683 1.9527946 1.3908339 1.5908097 1.5526963 1.5723313 1.6142579 2.8292152 2.7090206 4.3474367 2.9141992 3.0939645 1.1018766 2.8973574 2.6266036 2.7041920 1.1261698 2.0758750 1.7557803 2.1847937 2.3443923 1.6300418 1.3678392 3.2720975 3.4678095 3.2703779 2.5456202 2.4916566 2.4460554 2.5402753 2.2848961 2.2826815 3.7814593 3.3092703 2.3056967 1.6899316 3.0540321 3.2138504 3.9788697 3.5134648 3.4603484 3.7748270 2.4986085 4.4797489 4.8871583 2.4122487 4.7501584 2.8240876 3.3319348 2.7334354 2.9320637 2.7895846 2.6660432 2.7392183 2.8233397 3.9431223 2.8248410 3.2760993 1.8433240 4.4250284 3.2825927 
Nvec_v1g86293                                                     1.9470699 1.9571975 2.2809755 0.2872070 2.2848109 1.8559290 1.6231972 1.9586048 0.5569501 0.0000000 1.4837782 1.0799689 0.7317435 0.6931965 0.7092071 0.8962817 0.6795308 2.0363746 2.0456180 1.5063471 1.8315749 1.8973910 1.7950678 1.7667773 3.2650241 3.1414429 3.5627070 3.3735951 3.4723764 0.0000010 3.3105062 2.1431025 3.2443249 0.0000010 2.3782196 1.6008188 0.0000010 2.7568812 1.4888882 0.0000010 4.0981683 3.9090888 3.2323439 3.5329452 3.4877321 3.5091227 3.6100321 3.0322416 3.0044049 3.5931284 4.3263829 4.4943779 0.0000010 3.7523945 4.5808627 5.2321300 5.3160747 4.3996915 3.9600420 0.0000010 5.7588268 5.8039715 4.7837160 4.9320151 3.8360727 4.4955293 4.0955613 4.4496653 4.0361394 4.0950411 4.0016392 4.6265269 3.8487720 4.5878446 4.0664828 1.7576857 5.6372670 2.7378265 
Adig_XM_015920663.1                                               2.1051159 1.8869569 1.6701216 1.0430160 1.6143842 1.9412920 1.8536959 1.6262746 1.0128142 1.4837782 0.0000000 0.1262423 0.2560368 0.3297560 0.3337861 0.3507853 0.3948415 2.0708550 1.9616355 2.0614680 1.5868022 1.5451313 1.6366000 1.7153425 2.5234330 2.6091835 4.0735865 2.6973902 2.4191366 1.0506168 2.4357597 2.6401842 2.2870263 1.2312355 1.7087111 1.8657206 1.8722950 1.7707176 1.7749980 1.3231091 2.1544981 2.4133024 2.7033337 1.9064061 1.9591538 1.9549583 1.8683730 1.8957360 1.9300872 3.6633577 1.9640577 1.6863318 0.8983375 1.7936204 2.0522560 2.2672425 2.2658708 2.6633940 3.6242983 1.8886599 3.4047987 3.0336481 1.5261374 3.8943933 2.2469907 2.1782079 1.7250512 1.7740116 1.6283768 1.8498305 1.8313712 1.6092586 8.9999982 1.7306602 2.3596214 3.1948884 3.3229222 5.4106819 
Amil_Amillepora21991-RA                                           2.0818038 1.8900532 1.7228662 1.2229618 1.6403887 1.8982843 1.9953841 1.7367967 1.0665398 1.0799689 0.1262423 0.0000000 0.3509159 0.4320110 0.4068523 0.4207185 0.4609851 1.9019948 1.7423544 1.7276082 1.4635815 1.4602139 1.5670890 1.5845731 2.7300199 2.5153443 5.0409957 2.4857234 2.5682566 1.1915372 2.4676599 2.4868606 2.1932172 1.1314003 1.8816734 1.9297340 2.2869333 1.6692066 1.6906618 1.5166087 2.9647779 2.7982545 3.0442572 1.7164149 1.8289672 1.7806539 1.6528026 1.7104812 1.7365423 3.6056917 2.1379869 2.4409217 1.9650027 2.3833419 2.4901381 2.6778964 2.7193064 2.9587774 3.8006477 2.5796494 3.7648780 3.3130098 2.1288771 3.9184439 2.7720939 2.4596493 1.7304295 1.8149854 1.7376665 1.6295161 1.6056782 1.7310589 4.1915293 1.5619337 2.7772032 2.3522543 3.7824223 7.0277812 
Gfas_gfas1.m1.5086.m1                                             1.9103319 1.7222080 1.9555263 0.9590601 1.8381671 1.8118111 1.7684897 1.7724316 0.8432314 0.7317435 0.2560368 0.3509159 0.0000000 0.2565798 0.2658698 0.3242760 0.2789525 1.9859949 2.0161227 1.3191961 1.6344810 1.6098906 1.6866849 1.6707782 2.6687204 2.6821461 4.2647395 2.9373837 2.9551113 1.0852709 2.8812340 2.4102123 2.6943239 1.1329628 1.8207636 1.7071620 1.8092638 2.0073372 1.4820910 1.3611714 3.1923865 3.1212893 3.0189235 2.3679156 2.3341747 2.3456865 2.4225975 2.2291153 2.2224261 3.7050426 2.9873901 2.2180627 1.6293056 2.8770543 3.2356671 3.7239931 3.5902420 3.5071742 3.5198660 2.3318351 4.1301598 4.6840315 2.1610713 4.7575831 2.6973999 3.0206061 2.6535398 2.8253806 2.6045391 2.5833511 2.5421551 2.7386447 3.6371989 2.8337893 3.3449127 1.8399819 4.5813816 3.4351058 
Fspp_ffun1.m4.21510.m1                                            1.8278040 1.6982805 1.9051504 0.9348198 1.8676487 1.7857467 1.7270952 1.7943761 0.8355929 0.6931965 0.3297560 0.4320110 0.2565798 0.0000000 0.1385805 0.2369669 0.2186528 1.9763629 2.0402697 1.3765921 1.6057441 1.5818506 1.6032447 1.6577539 2.8771767 2.7525086 4.1360623 2.8315674 2.8876739 1.1084383 2.8689750 2.5072477 2.6405407 1.1807361 1.9174678 1.7157207 1.9052725 1.9920193 1.4877584 1.3731591 3.1821993 3.0031079 3.1092904 2.4006809 2.3629795 2.3396323 2.4002583 2.1967186 2.1900936 3.7036898 3.0308050 2.2112466 1.6221215 2.9031083 3.2738627 3.7260227 3.5974005 3.4311573 3.6081964 2.4018223 4.4911530 4.5389919 2.2408079 4.9521643 2.6546457 3.2152713 2.7521608 2.8967482 2.6764515 2.6795523 2.5291132 2.7165936 3.3863361 2.8039649 3.3012817 1.7286529 4.4300269 3.2841590 
Gasp_gasp1.m3.13091.m1                                            1.8899320 1.6939824 1.8997800 0.9216003 1.8609308 1.7411187 1.6804574 1.7216412 0.8510118 0.7092071 0.3337861 0.4068523 0.2658698 0.1385805 0.0000000 0.2387697 0.2134029 1.9275084 1.9541175 1.2832900 1.5770224 1.5657933 1.6322749 1.6637645 2.7070303 2.6544517 4.1746564 2.8540536 2.9390792 1.1143396 2.8727650 2.4769146 2.5700534 1.2056470 1.8873500 1.6915687 2.0268454 2.0362648 1.4660548 1.3675089 3.2750960 3.0307394 3.0953819 2.3925303 2.3554012 2.3069217 2.3777764 2.1664565 2.1686798 3.8066723 3.0034637 2.1899822 1.6240818 2.9164128 3.2245787 3.7377988 3.5601537 3.4013281 3.5498593 2.3824105 4.5766350 4.3690031 2.1722033 4.6549616 2.7498777 3.1050904 2.7492492 2.8982585 2.5905785 2.6094171 2.5482553 2.7461210 3.3408441 2.7479701 3.2237425 1.7052831 4.5996782 3.2627030 
Spis_XP_022787686_1                                               2.0284033 1.9074777 2.1101223 0.9503701 1.9272668 1.9873209 1.8866383 1.8090938 0.8738559 0.8962817 0.3507853 0.4207185 0.3242760 0.2369669 0.2387697 0.0000000 0.0642815 1.9546605 1.9150560 1.3196658 1.5789287 1.5376578 1.5876495 1.6634711 2.7019301 2.7111285 4.0046305 2.6836811 2.8811821 1.0964828 2.7862903 2.4458752 2.4182848 1.1773686 1.9247579 1.8394318 1.7517635 1.8363524 1.6163867 1.3095912 2.7761705 3.1732445 3.1734367 2.1998146 2.2155208 2.1579569 2.1105814 2.1236493 2.1291424 3.5399043 2.8579097 2.0576892 1.6210216 2.7732087 3.0807812 3.9147748 3.2080687 3.2936782 3.8072370 2.3928536 4.3360002 4.2217681 2.1274487 4.7381460 2.5326134 3.0510923 2.6608241 2.7772803 2.5249292 2.3716409 2.4856453 2.5178493 4.6435417 2.4517518 3.3668488 2.4537596 4.4190042 3.7095991 
Pocdam_XM_027186402.1                                             1.8619595 1.7622389 1.9481815 0.9801184 1.8627631 1.7916628 1.7270128 1.7381469 0.8208876 0.6795308 0.3948415 0.4609851 0.2789525 0.2186528 0.2134029 0.0642815 0.0000000 1.9874615 1.9241550 1.2982164 1.6092257 1.6034244 1.6438540 1.6561683 2.6885737 2.7237398 4.2482350 2.8863393 2.9605883 1.1320866 2.8872458 2.4888382 2.6588783 1.2213716 1.9030869 1.6860524 1.7903864 2.0065813 1.5233677 1.3009910 3.1068475 3.0819326 3.0467133 2.3161202 2.2865284 2.2583950 2.2901779 2.1266538 2.1288218 3.4734322 2.9169256 2.2966567 1.6282344 2.8171455 3.3304768 3.9278084 3.4932695 3.3724579 3.6630814 2.4176424 4.4094613 4.3786790 2.1729825 4.8497499 2.7888013 3.0401030 2.7875962 3.0124070 2.6998182 2.6019818 2.5677884 2.7781071 3.5644195 2.7171022 3.2760255 1.8011535 4.5119665 3.3705822 
Hvul_g32578_1                                                     2.3147664 2.2811398 2.2335240 1.2026104 2.1927794 2.3130557 2.1430447 2.2288856 2.0163683 2.0363746 2.0708550 1.9019948 1.9859949 1.9763629 1.9275084 1.9546605 1.9874615 0.0000000 0.7574368 1.0029686 1.1630369 1.1399938 1.1863134 1.2474099 2.6535194 2.6534072 4.2903458 2.9064768 2.9148244 1.1685638 2.9445844 2.4776709 2.7940912 1.3252088 2.1715255 2.1957468 2.2097278 2.4104362 2.0533748 1.5836711 3.6451287 3.2875520 3.2557503 2.6688625 2.6240071 2.5717994 2.7400098 2.4828108 2.4785857 3.7473172 3.5669585 2.4322879 1.6851950 3.3893846 3.4689019 4.1176911 3.9705853 3.7812904 4.0290563 2.8005199 4.8392674 5.3986178 2.5451715 4.5143909 3.0196335 3.4529963 3.1314587 3.1432791 3.0793154 2.8111019 2.9469199 3.0585282 5.5279769 2.6742149 3.7793703 2.1298903 4.8076559 3.5882418 
Chem_TCONS_00070197                                               2.1700676 2.1563320 2.0579250 0.9699634 2.2662291 2.3143661 2.1123880 2.1385943 1.9527946 2.0456180 1.9616355 1.7423544 2.0161227 2.0402697 1.9541175 1.9150560 1.9241550 0.7574368 0.0000000 1.0305207 1.0560608 1.0400463 1.0765192 1.1282606 2.5149238 2.5989730 4.2838009 2.8825534 3.0361738 1.1591122 2.9440189 2.4753887 2.7737435 1.1828328 2.1505264 2.1553334 2.3548530 2.4061371 1.9908835 1.3502333 3.7912159 3.1943258 3.2202375 2.7039874 2.6654333 2.6353380 2.7100387 2.5771149 2.5727853 3.8727416 3.3737630 2.3780189 1.5145711 3.2870468 3.2133646 3.8154068 4.2929968 3.8815698 4.1515328 2.7568659 4.7990142 5.5029903 2.3861024 4.4075602 2.8859605 3.5531890 3.0112333 3.0075604 2.7917446 2.8189576 2.9445213 2.9391095 5.2199987 2.6256173 3.7489332 2.1454783 4.7502074 3.5991979 
Aaur_scaffold205.g14.t1                                           1.8636313 1.8237339 1.3497063 1.0987883 1.6066939 1.9314764 1.9370628 1.7415129 1.3908339 1.5063471 2.0614680 1.7276082 1.3191961 1.3765921 1.2832900 1.3196658 1.2982164 1.0029686 1.0305207 0.0000000 0.2668718 0.2324561 0.4382362 0.7372244 2.4292297 2.3064384 4.7992748 2.2854997 2.1291577 1.0038220 2.0004839 2.0353916 2.0281150 1.0802010 1.5283839 1.9028254 2.3796182 1.5823910 1.7807976 1.6611176 2.6496339 2.2395892 2.1407542 1.7373145 1.7530636 1.8130275 1.7042452 1.7142873 1.7142873 3.8568884 2.3436804 2.0287086 1.7132828 2.3094156 2.1952262 2.7209776 2.4182163 2.3880328 3.5088955 2.9499316 3.7646202 4.0769565 2.9235637 4.1931027 3.0301147 2.5156874 1.6545567 1.9169452 1.9239102 1.5378461 1.6968402 1.5757202 0.0000010 1.4799739 2.9042031 2.3800213 3.8863250 4.4301034 
Nemnom_g10113.t1                                                  1.9908815 1.9085585 1.9830583 1.0149730 1.9231091 1.9903872 1.9421020 1.9727358 1.5908097 1.8315749 1.5868022 1.4635815 1.6344810 1.6057441 1.5770224 1.5789287 1.6092257 1.1630369 1.0560608 0.2668718 0.0000000 0.1125064 0.3951567 0.7656089 2.4055966 2.5905890 4.4862915 2.9165955 2.8461997 0.9335434 2.6473747 2.1426021 2.5997313 1.0743560 1.9490149 1.9635079 1.9464843 2.1838990 1.7464873 1.4634318 3.5173141 3.2196834 3.0415499 2.3899040 2.3535496 2.3867062 2.4529167 2.2477464 2.2371962 3.7632193 3.3012659 2.5324314 1.6080063 3.1531463 3.1235647 3.8171622 3.8897222 3.7978181 3.9462327 2.6435208 4.7196316 4.8021368 2.4310208 4.5052934 2.8932529 3.3740694 3.1172387 3.2661943 3.0412363 2.7478763 2.9210770 3.0255580 4.9244324 2.7880423 3.7149573 2.0018791 4.1882999 3.2237372 
Rhoesc_Res_012064-T1                                              1.9791424 1.8841557 1.9146377 0.9752554 1.9043834 1.9729367 1.8857265 1.9284901 1.5526963 1.8973910 1.5451313 1.4602139 1.6098906 1.5818506 1.5657933 1.5376578 1.6034244 1.1399938 1.0400463 0.2324561 0.1125064 0.0000000 0.3930385 0.7220272 2.4391528 2.6134713 4.4379239 2.9102257 2.8355059 0.9335434 2.6933677 2.1318869 2.6009877 1.0743560 1.9443520 1.9295313 1.9866317 2.2228624 1.7300377 1.4818859 3.5713368 3.2249447 3.0451806 2.3460856 2.3078607 2.3962789 2.4682963 2.2523896 2.2427944 3.9304113 3.1773929 2.5347852 1.6080063 3.1742285 3.1724905 3.8501679 3.9259858 3.7399481 3.9039799 2.6927700 4.7106577 4.7155953 2.3759243 4.4730648 2.9061692 3.3662133 3.1895138 3.2696983 3.0632676 2.7572527 2.8814514 2.9785829 5.0837867 2.7639963 3.8235041 2.0391853 4.2193982 3.0662312 
Sanmal_Sma_007598-T1                                              2.0228127 2.0172106 1.9413555 0.9856058 1.9285302 2.0161729 1.9440104 2.0738798 1.5723313 1.7950678 1.6366000 1.5670890 1.6866849 1.6032447 1.6322749 1.5876495 1.6438540 1.1863134 1.0765192 0.4382362 0.3951567 0.3930385 0.0000000 0.7435899 2.6151243 2.5817760 4.2514734 2.8114019 2.8687975 0.9846849 2.7051072 2.1843036 2.6373803 1.1198604 1.8763776 2.0393472 1.9741102 2.2471070 1.8332016 1.5358509 3.4931335 3.2126437 3.0263428 2.4619640 2.4196149 2.3869402 2.4161143 2.2557114 2.2381388 3.4600692 3.4459679 2.5053259 1.6756109 3.1402169 3.1692673 3.7864043 3.9256535 3.7305978 3.9999817 2.6575854 4.7173536 4.8277733 2.3524547 4.4180439 2.8007861 3.5069469 3.1028707 3.1377211 3.0793183 2.7755272 2.9565101 3.0058896 4.9339600 2.6649477 3.6609377 2.1585685 4.4835101 3.3024941 
Morvir_scaffold4.g10.t1                                           2.1583570 2.1036490 2.0200234 0.9668949 2.0188326 2.0240356 1.9356013 2.0985352 1.6142579 1.7667773 1.7153425 1.5845731 1.6707782 1.6577539 1.6637645 1.6634711 1.6561683 1.2474099 1.1282606 0.7372244 0.7656089 0.7220272 0.7435899 0.0000000 2.5208485 2.6782201 4.5536947 2.9785439 3.0822756 1.0630845 3.0030569 2.3500242 2.8636486 1.1760711 2.1545312 1.9844746 2.2045239 2.2666071 1.8518856 1.5049781 4.0274939 3.2489731 3.3224357 2.6500001 2.6270278 2.6185214 2.6600639 2.4661699 2.4646273 4.2745822 3.2184236 2.5904717 1.5790794 3.1295452 3.0109705 3.7766150 3.7953442 3.5972461 4.1377134 2.7213996 4.7030955 4.8924580 2.4867981 4.5126511 2.9008059 3.4901647 2.9088168 3.0719241 2.9636151 2.9077247 3.0683660 2.9644959 5.3167173 2.8853128 3.5826402 2.2565944 4.9499320 3.3756057 
Mlei_ML0531.g1.i1                                                 2.7400474 2.5796659 2.5172122 1.7014628 2.7045295 2.6897865 2.8944687 2.6688200 2.8292152 3.2650241 2.5234330 2.7300199 2.6687204 2.8771767 2.7070303 2.7019301 2.6885737 2.6535194 2.5149238 2.4292297 2.4055966 2.4391528 2.6151243 2.5208485 0.0000000 0.3176897 0.6372886 0.5227533 0.7724252 0.5213052 0.6516767 0.5070010 0.4150143 0.7622422 2.7374670 2.7594150 1.9889815 1.9832176 2.5885885 1.7700819 2.9618586 2.9832425 3.0911650 2.5046735 2.6086101 2.3590276 2.2349910 2.2806951 2.2642406 3.6583139 2.9688388 2.4439546 1.7963059 3.0869538 2.7888947 3.2363949 3.2106685 3.5161305 3.2971444 2.8368238 3.7749764 4.3086601 2.3066610 4.1664184 2.7694738 3.1173709 2.5330843 2.6253229 2.7293298 2.6472853 2.4678844 2.6315324 4.5260252 2.4228680 2.5242971 1.9657303 4.0717176 5.0071898 
Drygla_Dgla_sb298106                                              2.5947148 2.3678158 2.6461413 1.5893158 2.7625644 2.6717791 2.6433220 2.5950390 2.7090206 3.1414429 2.6091835 2.5153443 2.6821461 2.7525086 2.6544517 2.7111285 2.7237398 2.6534072 2.5989730 2.3064384 2.5905890 2.6134713 2.5817760 2.6782201 0.3176897 0.0000000 0.4575195 0.3983427 0.5891892 0.4689594 0.4871083 0.4936891 0.3394793 0.5740671 2.5350671 2.7829108 2.1806547 2.4132335 2.5858048 1.7730765 3.7405408 3.2220260 3.2121991 2.6543258 2.7200174 2.5540365 2.4839736 2.4935498 2.4760696 3.4348113 2.9505670 2.4495876 1.9076034 3.2510286 3.3530407 3.3474751 3.4482171 3.6627532 3.7431084 2.8325540 4.5416959 4.8093565 2.4948813 4.3252876 2.8928507 3.4743253 2.8944680 3.0058377 3.1379211 2.9456524 2.6711068 2.9597477 4.7181502 2.9445020 3.3447043 3.3323129 4.7816036 4.5818269 
Pbac_sb2659994                                                    4.5129309 3.9630228 5.0011731 2.9052302 4.7801496 4.3154516 4.2453745 4.7779889 4.3474367 3.5627070 4.0735865 5.0409957 4.2647395 4.1360623 4.1746564 4.0046305 4.2482350 4.2903458 4.2838009 4.7992748 4.4862915 4.4379239 4.2514734 4.5536947 0.6372886 0.4575195 0.0000000 0.0265584 0.4978412 0.0000010 0.5094177 0.6769201 0.4128176 0.0000010 4.3010092 4.8966038 2.8884713 4.0202676 3.8337886 2.5001120 4.9689103 6.1254027 5.3301160 4.2343411 4.3303237 3.9477184 4.0707964 4.0361285 4.0029455 3.4604919 4.8978805 4.9159144 0.0000010 5.9414905 5.4632621 5.6696595 5.8621259 5.8357833 6.5334114 3.5346806 6.9780959 7.1697409 3.3472190 7.3250140 4.7286240 5.8903505 5.3897658 5.4492343 5.3597334 5.1710065 4.8443453 5.4859095 5.5697303 6.3179702 5.9226396 3.9416173 7.3422410 4.3946201 
Horcal_Hcv1.av93.c10.g86.i2                                       2.8756326 2.7549179 2.9649827 1.7090048 3.1998759 2.8056906 2.8344853 3.0389771 2.9141992 3.3735951 2.6973902 2.4857234 2.9373837 2.8315674 2.8540536 2.6836811 2.8863393 2.9064768 2.8825534 2.2854997 2.9165955 2.9102257 2.8114019 2.9785439 0.5227533 0.3983427 0.0265584 0.0000000 0.4814694 0.5225544 0.4654158 0.5406114 0.3703031 0.5672474 2.6262088 3.2920452 1.9003651 2.7371839 2.7932970 1.8405618 4.0395849 3.8833422 3.6709015 3.0412434 3.0275964 2.7950849 2.9202631 2.7891357 2.7763895 3.4565947 3.4020185 3.1332740 2.0945118 3.9464942 4.2000439 4.1134556 4.4850645 4.2300717 4.3304373 3.1037994 5.0561126 4.7010212 2.5811072 4.6211974 3.2254606 3.9203804 3.6907329 3.6563170 3.8007948 3.4219492 3.3664210 3.6998871 5.5625938 3.6688564 3.8664425 3.4468577 5.2910079 4.3432731 
Vmul_Simscaffold13579_01                                          3.0963682 2.8559382 3.1218608 1.6888671 3.1641870 3.0088234 2.9298425 2.8637246 3.0939645 3.4723764 2.4191366 2.5682566 2.9551113 2.8876739 2.9390792 2.8811821 2.9605883 2.9148244 3.0361738 2.1291577 2.8461997 2.8355059 2.8687975 3.0822756 0.7724252 0.5891892 0.4978412 0.4814694 0.0000000 0.2482564 0.2005071 0.5772424 0.4934886 0.6415114 2.7957812 3.4272299 2.2577480 2.8035174 2.8889729 1.7605928 4.0234402 4.0313227 4.0330954 3.1769171 3.1666940 2.9498280 3.0134190 2.9255646 2.9122401 4.1095120 3.2962912 3.1616510 1.9358558 3.9957018 4.2341583 4.1838094 4.4638105 4.2230354 4.0772490 2.9085249 4.8603400 5.3111856 2.6501288 4.7255627 3.2423860 3.9008482 3.8830117 3.6501160 3.9433562 3.5953326 3.4036000 3.7813949 5.1699472 3.8087034 3.9071789 3.5560704 5.5067917 4.1835657 
Coeast_Cast_sb758394                                              0.9004717 1.0640960 1.0305901 1.1150050 1.1353434 1.0330981 1.0943619 0.9150154 1.1018766 0.0000010 1.0506168 1.1915372 1.0852709 1.1084383 1.1143396 1.0964828 1.1320866 1.1685638 1.1591122 1.0038220 0.9335434 0.9335434 0.9846849 1.0630845 0.5213052 0.4689594 0.0000010 0.5225544 0.2482564 0.0000000 0.0067303 0.3159767 0.4435946 0.6184684 1.0432559 1.2276539 1.1868956 1.2570093 1.1086442 1.5528165 1.7645303 1.8281816 1.7925743 1.1075332 1.1075332 1.0570446 1.0274964 1.0314907 1.0314907 6.8561826 1.9905102 1.8409799 2.0392114 2.3570366 2.2905291 2.2862396 2.2939399 2.4469791 2.5335440 2.9478779 2.9031295 2.8313434 2.7415887 2.7481606 2.8220843 2.5916409 1.8659539 1.9707033 2.2294103 1.7159699 1.7511676 1.9648049 0.0000010 1.5552248 2.0169574 1.4569643 3.2643345 3.6619778 
Coemet_Cmet_scaffold20893_01                                      2.8631973 2.6760521 3.1073832 1.6636192 3.1956024 2.7564144 2.7805379 2.8313033 2.8973574 3.3105062 2.4357597 2.4676599 2.8812340 2.8689750 2.8727650 2.7862903 2.8872458 2.9445844 2.9440189 2.0004839 2.6473747 2.6933677 2.7051072 3.0030569 0.6516767 0.4871083 0.5094177 0.4654158 0.2005071 0.0067303 0.0000000 0.4318656 0.4349506 0.5718406 2.6462957 3.2339506 2.4731315 2.8915199 2.7744114 1.8880197 4.1947725 4.0196807 3.9302678 2.9859479 2.9655434 2.7748287 2.8251942 2.7815810 2.7689210 3.6803684 3.2472990 2.9701450 2.0449029 3.9135844 4.2016579 4.1182257 4.4574346 4.2329293 4.0959812 3.0141777 4.8148376 5.0455778 2.7621982 4.5793712 3.3900697 3.9663171 3.8623361 3.7466893 4.0303321 3.5986316 3.4339503 3.7397765 5.2541788 3.6132546 3.9256772 3.4314163 5.3032539 4.2943427 
Lampan_Lpan_8944_01                                               2.4590251 2.3579024 2.2370293 1.5824150 2.5823411 2.3978440 2.4813637 2.3658889 2.6266036 2.1431025 2.6401842 2.4868606 2.4102123 2.5072477 2.4769146 2.4458752 2.4888382 2.4776709 2.4753887 2.0353916 2.1426021 2.1318869 2.1843036 2.3500242 0.5070010 0.4936891 0.6769201 0.5406114 0.5772424 0.3159767 0.4318656 0.0000000 0.4609507 0.5135757 2.4375949 2.9554762 2.4760954 2.0957079 2.3800673 1.8075412 3.1076677 3.0434848 3.1878507 2.3160042 2.4082004 2.2357239 2.1356569 2.1810632 2.1652955 3.5471366 2.7491478 2.4937551 2.0532414 3.1101056 2.7729566 3.4492695 3.0867177 3.2242286 3.8608367 3.0652995 3.9453130 4.1802506 2.6308994 4.2442004 2.8636482 3.0110411 2.3969184 2.2592948 2.5265836 2.3225634 2.2094955 2.5195427 5.4537301 2.4039402 2.9876813 2.5257609 4.1258944 4.8199873 
Beraby_Baby_sb333007                                              2.7982969 2.7177809 2.8542080 1.5191120 3.0297677 2.7461137 2.7299262 2.7922113 2.7041920 3.2443249 2.2870263 2.1932172 2.6943239 2.6405407 2.5700534 2.4182848 2.6588783 2.7940912 2.7737435 2.0281150 2.5997313 2.6009877 2.6373803 2.8636486 0.4150143 0.3394793 0.4128176 0.3703031 0.4934886 0.4435946 0.4349506 0.4609507 0.0000000 0.6024690 2.5792716 3.1209779 1.9097349 2.5938950 2.6824388 1.7298146 3.9445675 3.7121736 3.7069107 2.9598273 2.9292231 2.8031519 2.8223936 2.6550618 2.6414283 3.5557171 3.1671814 2.8560633 2.0406828 3.6708041 3.7978067 3.9373060 4.2995181 4.1254984 3.9710100 2.7425231 4.7970481 4.7283887 2.4528484 4.3599560 3.1433654 3.7095649 3.4476325 3.3102289 3.5093529 3.2305116 3.0993844 3.3380632 5.2469324 3.4015172 3.8454434 3.3150621 4.9633546 3.9746478 
Eupdun_Edun_sb10633658                                            1.0543580 0.9819170 0.9730392 1.0334234 1.1136225 1.1534666 1.0619868 1.0717247 1.1261698 0.0000010 1.2312355 1.1314003 1.1329628 1.1807361 1.2056470 1.1773686 1.2213716 1.3252088 1.1828328 1.0802010 1.0743560 1.0743560 1.1198604 1.1760711 0.7622422 0.5740671 0.0000010 0.5672474 0.6415114 0.6184684 0.5718406 0.5135757 0.6024690 0.0000000 1.1393015 1.5246861 1.0927286 1.1407334 1.3237650 1.5695504 1.7287483 1.5185144 1.6263681 1.2570429 1.2570429 1.2386758 1.2101458 1.1939977 1.1939977 5.2786678 1.7351460 1.9968157 1.9753685 2.0380960 2.1795535 2.2140846 2.2274727 2.1716643 2.8681519 2.7418201 2.9765683 2.3851956 2.1787050 2.5304786 2.6942217 2.1500061 1.6503077 1.6536227 1.7203256 1.5434259 1.5062687 1.7158448 0.0000010 1.6277228 2.3839486 1.9060905 3.0892200 3.7844230 
Skow_XM_006825389.1                                               1.6172003 1.4406895 1.6217172 0.8431745 1.5801114 1.5427456 1.4593688 1.4300351 2.0758750 2.3782196 1.7087111 1.8816734 1.8207636 1.9174678 1.8873500 1.9247579 1.9030869 2.1715255 2.1505264 1.5283839 1.9490149 1.9443520 1.8763776 2.1545312 2.7374670 2.5350671 4.3010092 2.6262088 2.7957812 1.0432559 2.6462957 2.4375949 2.5792716 1.1393015 0.0000000 2.3031476 2.0251227 1.9853120 2.2791511 1.4381433 2.7065802 2.7956691 2.8584049 2.3342958 2.3164826 2.1480181 2.2099888 2.2108408 2.2062044 3.3654983 2.9590092 2.0229723 1.5938576 2.8399395 3.1321604 3.4971277 3.1497253 3.4510824 3.7822960 2.6024163 4.3313091 4.3104012 2.0810979 4.2030539 2.4162641 3.2878615 2.2946328 2.2775183 2.1600555 2.0534890 2.0617384 2.3254032 3.9950979 2.1283892 3.2736815 1.5645113 4.4567894 3.8281757 
Xesp_020446-T1                                                    2.2303219 2.2271106 2.2697097 1.2570163 2.2114607 2.3592042 2.2348573 2.3020960 1.7557803 1.6008188 1.8657206 1.9297340 1.7071620 1.7157207 1.6915687 1.8394318 1.6860524 2.1957468 2.1553334 1.9028254 1.9635079 1.9295313 2.0393472 1.9844746 2.7594150 2.7829108 4.8966038 3.2920452 3.4272299 1.2276539 3.2339506 2.9554762 3.1209779 1.5246861 2.3031476 0.0000000 2.4381827 2.8053018 0.7326231 1.4052374 3.4997839 3.4616871 3.3584520 2.7300388 2.6850045 2.7536160 2.8141176 2.5987879 2.6065669 4.0745447 3.5003489 2.7772596 2.0631883 3.3024735 3.7236041 3.9827093 3.9967523 3.7996578 4.6088855 2.5458720 5.1242063 5.4028180 2.5018068 4.6292364 3.1937068 3.7046141 2.9844187 3.1039722 2.9571197 2.9285909 3.0421615 3.0914810 4.4215973 3.0576845 3.6950766 2.3054549 5.0973403 3.7873789 
Ocar_g187                                                         2.3317297 2.1427150 1.9537597 1.4896081 1.9179971 2.6140180 2.3839688 1.9062662 2.1847937 0.0000010 1.8722950 2.2869333 1.8092638 1.9052725 2.0268454 1.7517635 1.7903864 2.2097278 2.3548530 2.3796182 1.9464843 1.9866317 1.9741102 2.2045239 1.9889815 2.1806547 2.8884713 1.9003651 2.2577480 1.1868956 2.4731315 2.4760954 1.9097349 1.0927286 2.0251227 2.4381827 0.0000000 0.0033177 2.0095777 1.6533247 2.2368245 2.1948345 2.2940854 2.1605594 2.1531904 2.0038006 2.0442955 2.0373282 2.0373282 3.2052312 2.0946797 2.1568729 1.0639313 2.5469593 1.9896424 2.2324322 2.1988207 2.5416766 3.6087567 2.1820772 3.1724025 3.8870485 1.9518976 3.6546379 2.5514367 2.1507427 2.0145130 2.2733927 1.8328954 1.6901265 1.8648377 1.4649761 0.0000010 1.5935996 2.4016658 4.3238294 3.4242152 1.7554480 
Opea_EP00118_Oscarella_pearsei_P011339                            2.3101106 2.1427382 2.2760081 1.2631674 2.3134839 2.3239439 2.1142109 2.1976280 2.3443923 2.7568812 1.7707176 1.6692066 2.0073372 1.9920193 2.0362648 1.8363524 2.0065813 2.4104362 2.4061371 1.5823910 2.1838990 2.2228624 2.2471070 2.2666071 1.9832176 2.4132335 4.0202676 2.7371839 2.8035174 1.2570093 2.8915199 2.0957079 2.5938950 1.1407334 1.9853120 2.8053018 0.0033177 0.0000000 2.3812334 1.5060680 3.1856025 2.9760129 2.9358627 2.7121641 2.6272178 2.4940065 2.5806582 2.5546039 2.5441944 3.7017209 3.2625839 2.6319596 1.4876396 3.3406231 3.3621882 3.6840936 3.6144354 3.4642470 3.7701319 2.4618782 4.0272771 4.6567408 2.3212557 4.4586080 2.9160532 3.5761256 3.2019283 3.3748146 2.7618173 2.6665098 2.7393613 2.9794511 4.3435528 2.6878508 3.5446535 2.4618321 4.1978598 1.2809894 
Dgig_XM_028543572.1                                               2.1734545 2.0652523 2.1201842 1.1213545 2.0682831 2.1714519 2.0526014 2.1531594 1.6300418 1.4888882 1.7749980 1.6906618 1.4820910 1.4877584 1.4660548 1.6163867 1.5233677 2.0533748 1.9908835 1.7807976 1.7464873 1.7300377 1.8332016 1.8518856 2.5885885 2.5858048 3.8337886 2.7932970 2.8889729 1.1086442 2.7744114 2.3800673 2.6824388 1.3237650 2.2791511 0.7326231 2.0095777 2.3812334 0.0000000 1.4184683 3.1245281 3.2494674 3.1177215 2.4861010 2.4703021 2.4278516 2.4515352 2.2911462 2.2827815 3.1650146 3.2264647 2.4469793 1.8829428 3.1477407 3.5800513 3.7162609 3.7027178 3.7289079 4.1814485 2.4224022 4.4318525 4.6881355 2.3114683 4.1147149 2.9647565 3.4610713 2.8746154 2.9921396 2.8125085 2.7039279 2.9411855 2.8828329 4.0191365 2.9295923 3.3982684 2.0526977 4.5307726 3.4378957 
Scil_scict013800.1                                                1.3211212 1.3396522 1.5184914 1.6371397 1.4649936 1.3454966 1.2826056 1.4292131 1.3678392 0.0000010 1.3231091 1.5166087 1.3611714 1.3731591 1.3675089 1.3095912 1.3009910 1.5836711 1.3502333 1.6611176 1.4634318 1.4818859 1.5358509 1.5049781 1.7700819 1.7730765 2.5001120 1.8405618 1.7605928 1.5528165 1.8880197 1.8075412 1.7298146 1.5695504 1.4381433 1.4052374 1.6533247 1.5060680 1.4184683 0.0000000 0.4287080 1.3530790 1.2596633 1.3754389 1.3754389 1.4169021 1.4110606 1.3850505 1.3850505 2.3241232 1.9710164 2.2123015 1.6340554 1.9213239 2.0305666 1.8022971 1.9056522 2.2808153 2.6798013 2.7706239 3.0657149 2.3397355 1.9959204 2.4027040 2.1878343 1.9201131 1.9042696 2.0188347 2.0241226 1.8885818 1.9424504 1.9322410 0.0000010 1.6134865 2.3212613 2.2605223 2.9611836 2.1545231 
Leuniv_Lniv_scaffold21203_01                                      3.0048292 3.1683678 3.5052209 1.8113747 3.6278602 3.4746375 3.0277281 3.2738643 3.2720975 4.0981683 2.1544981 2.9647779 3.1923865 3.1821993 3.2750960 2.7761705 3.1068475 3.6451287 3.7912159 2.6496339 3.5173141 3.5713368 3.4931335 4.0274939 2.9618586 3.7405408 4.9689103 4.0395849 4.0234402 1.7645303 4.1947725 3.1076677 3.9445675 1.7287483 2.7065802 3.4997839 2.2368245 3.1856025 3.1245281 0.4287080 0.0000000 2.7553288 2.6921192 3.4798690 3.4786063 3.3878948 3.3415042 3.4141748 3.3887634 4.6309869 4.1728414 3.0141951 1.2010063 4.4665130 4.1482937 4.5332121 4.0583396 4.1145978 4.7169537 2.0785335 4.9296193 4.9228477 2.4934356 5.0503423 2.8938311 3.9392531 3.9083993 3.8245587 3.8006216 4.4575964 4.3186243 4.3622197 8.1578536 3.5714808 4.5409681 4.2830682 5.0701161 4.0600330 
Lcom_lcpid25858                                                   3.2957269 3.0693209 3.1072179 1.7737999 3.5384872 3.0045662 3.0501775 2.9399417 3.4678095 3.9090888 2.4133024 2.7982545 3.1212893 3.0031079 3.0307394 3.1732445 3.0819326 3.2875520 3.1943258 2.2395892 3.2196834 3.2249447 3.2126437 3.2489731 2.9832425 3.2220260 6.1254027 3.8833422 4.0313227 1.8281816 4.0196807 3.0434848 3.7121736 1.5185144 2.7956691 3.4616871 2.1948345 2.9760129 3.2494674 1.3530790 2.7553288 0.0000000 0.6407848 3.4152270 3.3571221 3.3283704 3.4237690 3.2237415 3.2128272 5.3096607 3.8037411 2.7677245 1.6813959 3.7425133 4.1245959 3.9247554 4.3015873 4.1056418 4.9377206 2.1129318 4.2641912 4.9117001 2.1925615 4.2948239 2.8781635 4.0629751 3.4289444 3.5544957 3.3943374 3.3299169 3.2566837 3.5301604 5.7821504 2.9466168 3.5492194 4.1518082 4.5700651 4.3631537 
Gracom_Gcom_scaffold14731_01                                      3.3445837 2.9104851 3.2934106 1.8024214 3.1945459 2.8896782 3.0975701 2.9618753 3.2703779 3.2323439 2.7033337 3.0442572 3.0189235 3.1092904 3.0953819 3.1734367 3.0467133 3.2557503 3.2202375 2.1407542 3.0415499 3.0451806 3.0263428 3.3224357 3.0911650 3.2121991 5.3301160 3.6709015 4.0330954 1.7925743 3.9302678 3.1878507 3.7069107 1.6263681 2.8584049 3.3584520 2.2940854 2.9358627 3.1177215 1.2596633 2.6921192 0.6407848 0.0000000 3.3100216 3.2708632 3.1519449 3.2921457 3.1122338 3.1018664 4.6216370 3.9477044 2.8286599 1.6891354 3.7301668 3.8610790 3.7980895 3.8541737 3.8657431 4.9576000 2.3752240 4.1013431 4.7064077 2.1824731 3.9562880 2.9918265 4.0351445 3.3317294 3.4532750 3.1856190 3.2470253 3.1400343 3.5284656 5.6670566 3.0109369 3.7330265 3.5669797 4.7054423 3.8872885 
Tadh_TriadT58113                                                  2.5627808 2.3660994 2.5640727 1.2550321 2.6464370 2.5418113 2.2899303 2.4246099 2.5456202 3.5329452 1.9064061 1.7164149 2.3679156 2.4006809 2.3925303 2.1998146 2.3161202 2.6688625 2.7039874 1.7373145 2.3899040 2.3460856 2.4619640 2.6500001 2.5046735 2.6543258 4.2343411 3.0412434 3.1769171 1.1075332 2.9859479 2.3160042 2.9598273 1.2570429 2.3342958 2.7300388 2.1605594 2.7121641 2.4861010 1.3754389 3.4798690 3.4152270 3.3100216 0.0000000 0.0122644 0.3340525 0.3516042 0.3471688 0.3462322 0.3987393 3.4073310 2.2880650 1.5244076 3.7442382 3.8600689 3.7966787 3.9415081 3.7467775 4.3610482 2.5996780 4.3342965 4.5577171 1.9561494 4.2565616 2.7885175 4.0319193 3.6542604 3.8082287 3.5814294 3.2280334 3.2186929 3.2159293 5.1824510 2.6990844 3.4026812 3.3517356 4.7440101 4.4616469 
TrH2_TrispH2_000582-RA                                            2.5015646 2.3402962 2.5288360 1.2548293 2.5903871 2.6080305 2.2650842 2.3816468 2.4916566 3.4877321 1.9591538 1.8289672 2.3341747 2.3629795 2.3554012 2.2155208 2.2865284 2.6240071 2.6654333 1.7530636 2.3535496 2.3078607 2.4196149 2.6270278 2.6086101 2.7200174 4.3303237 3.0275964 3.1666940 1.1075332 2.9655434 2.4082004 2.9292231 1.2570429 2.3164826 2.6850045 2.1531904 2.6272178 2.4703021 1.3754389 3.4786063 3.3571221 3.2708632 0.0122644 0.0000000 0.3246558 0.3388130 0.3307966 0.3299127 0.3996521 3.3539114 2.3799157 1.5244076 3.6294835 3.7196529 3.7584590 3.8455902 3.6951915 4.2924271 2.5996780 4.2465312 4.5321016 1.9561494 4.2290226 2.8079743 3.9980280 3.5582360 3.7399904 3.4490612 3.1218704 3.1070918 3.2194287 5.2418720 2.6476241 3.4783246 3.3229652 4.8004156 4.2408005 
HoiH06_mRNA13939                                                  2.4624239 2.2902928 2.4539933 1.1839388 2.5806469 2.5601254 2.2014317 2.2796866 2.4460554 3.5091227 1.9549583 1.7806539 2.3456865 2.3396323 2.3069217 2.1579569 2.2583950 2.5717994 2.6353380 1.8130275 2.3867062 2.3962789 2.3869402 2.6185214 2.3590276 2.5540365 3.9477184 2.7950849 2.9498280 1.0570446 2.7748287 2.2357239 2.8031519 1.2386758 2.1480181 2.7536160 2.0038006 2.4940065 2.4278516 1.4169021 3.3878948 3.3283704 3.1519449 0.3340525 0.3246558 0.0000000 0.0735657 0.1328411 0.1346468 0.2119427 3.2480918 2.2196676 1.5852478 3.2775986 3.9128664 3.9808301 3.6589872 3.5703045 4.1567838 2.6155126 4.4654988 4.3682418 1.9732840 4.2184735 2.6541777 3.6828015 3.2019076 3.3026997 3.1409723 2.9922362 3.0165035 3.0052876 4.6108062 2.6490590 3.4988004 3.3288482 5.1013669 4.2714203 
HoiH23_PlH23_002829-RA                                            2.5418322 2.4694541 2.5737047 1.1692959 2.7184721 2.5710839 2.2921354 2.4273187 2.5402753 3.6100321 1.8683730 1.6528026 2.4225975 2.4002583 2.3777764 2.1105814 2.2901779 2.7400098 2.7100387 1.7042452 2.4529167 2.4682963 2.4161143 2.6600639 2.2349910 2.4839736 4.0707964 2.9202631 3.0134190 1.0274964 2.8251942 2.1356569 2.8223936 1.2101458 2.2099888 2.8141176 2.0442955 2.5806582 2.4515352 1.4110606 3.3415042 3.4237690 3.2921457 0.3516042 0.3388130 0.0735657 0.0000000 0.1306788 0.1337424 0.2193796 3.3891391 2.3396132 1.5900015 3.4666676 4.0237819 3.9287547 3.7862033 3.6774232 4.2243721 2.6452546 4.6254386 4.5274306 1.9765572 4.2368025 2.8337436 3.7747744 3.5859153 3.7511152 3.4495925 3.2684578 3.2904946 3.1102859 4.6204229 2.7933852 3.6224383 3.5866673 5.0289914 4.3598945 
