73
Hsap_ENST00000382103                               0.0000000 0.7749357 0.7289112 1.0542716 0.9507636 1.5498183 0.9745100 0.8906368 0.9756669 0.9896819 0.9305022 0.9460747 0.8835317 0.7501225 0.8787271 0.9414257 1.1684129 0.9315139 1.1933813 0.8871096 1.3065472 0.9624171 1.0295379 0.8294140 0.8792751 1.0009651 1.3240606 1.3096662 1.1579611 1.2169052 1.0892163 1.1491542 1.1276746 1.0710884 1.1321739 1.0884854 1.1078437 1.1396992 1.1347412 1.2268743 1.2134504 1.2801157 1.0190938 1.3235546 1.3720118 1.4065417 1.3790470 1.4062667 1.6411746 1.3844155 1.5672097 1.5392032 1.2777905 1.3575579 1.4079783 1.5941556 1.5627846 1.5062009 1.5282503 2.0728506 2.0141702 1.6451976 1.6028342 1.9159999 1.9432171 1.7545308 2.0788246 1.8726247 2.1016894 1.6912799 2.0185832 2.2747472 2.7153141 
Bralan_BLAG03001597_1                              0.7749357 0.0000000 0.6488671 1.0046901 0.7105975 1.3416188 0.7942351 0.7535108 0.8079084 0.8295471 0.7367967 0.7351075 0.8955794 0.7642409 0.7133473 0.8650375 1.1204831 0.9519898 1.0000256 0.8411164 1.1659515 0.9318857 0.9826449 0.7624518 0.7303228 0.8201931 1.0251073 0.9301224 0.7450252 1.0668225 0.9451272 1.1056075 1.1412830 1.1228847 1.1279586 1.0337226 1.0527655 1.1082317 1.1033573 1.1604844 1.0002582 1.1457574 0.8190007 1.0641020 1.2255533 1.1473971 1.2742359 1.1108904 1.4335505 1.2344133 1.3126280 1.1254149 1.0756946 1.0992383 1.2938338 1.2546429 1.3537335 1.3596181 1.5328162 1.9402081 1.8963516 1.6068480 1.4769907 1.8154529 1.8119460 1.5921740 1.7672131 1.6918783 1.8112109 1.8262092 1.5669082 2.0078540 2.0449908 
Spur_XM_776125.5                                   0.7289112 0.6488671 0.0000000 0.9089435 0.7286184 1.1332269 0.7705162 0.7250068 0.7516554 0.8025937 0.7008062 0.7354051 0.7116561 0.7070706 0.7267881 0.8352220 1.0326595 0.9205645 1.0588987 0.8573986 1.1420441 0.9550605 0.9724653 0.8918533 0.8075652 0.9113837 0.9699146 0.9767993 0.8760005 1.1044013 0.9979961 1.0758355 1.1496362 1.0036034 1.0370916 0.9611187 0.9774378 0.9851966 0.9809725 0.9992340 1.1349741 1.3018521 0.8725339 1.2050351 1.2088237 1.2098967 1.3580693 1.1950771 1.4380811 1.2419847 1.4798962 1.3120212 1.0946263 1.1435099 1.2386073 1.3365268 1.4760392 1.5472580 1.5846542 1.9632112 1.9134149 1.5736774 1.3183018 1.7717265 1.7787292 1.5228898 1.7957145 1.7175634 1.8017039 1.6932068 2.0786011 2.2794879 1.9113795 
Exapal_XM_028658132.1                              1.0542716 1.0046901 0.9089435 0.0000000 0.5965639 0.9620607 0.6833965 0.6085008 0.6782800 0.7457838 0.6089486 0.6466651 0.7872519 0.7053025 0.9861301 1.1270883 1.1333222 1.1192321 1.1507598 0.8553033 1.2405781 1.1754065 1.0129253 0.8587541 0.8258790 0.9749695 1.1376394 1.1191090 1.1444763 1.1399276 1.1608418 0.9940362 1.2700117 1.0485451 1.0957114 1.0643942 1.0598535 1.0453449 1.0402783 1.0901220 1.3217186 1.4507970 0.9818148 1.3618590 1.3845355 1.2650701 1.4401827 1.2364416 1.4452948 1.5561364 1.8848759 1.5604395 1.2365619 1.3390678 1.4700887 1.5078408 1.4830807 1.6000718 1.5660823 2.0884949 2.2083937 1.7199553 1.5006298 2.0443299 1.9327389 1.5371899 1.9707568 1.7688299 2.0826435 1.7562313 2.3263603 2.0885778 1.8392098 
Nvec_v1g193980                                     0.9507636 0.7105975 0.7286184 0.5965639 0.0000000 0.8235704 0.4645228 0.4240419 0.4796537 0.5314204 0.4385581 0.4534921 0.6379350 0.5854596 0.8031627 0.9749929 1.0021517 0.9026517 0.9740873 0.8136000 1.1452359 1.0312097 1.0264067 0.8200085 0.7631208 0.9795563 0.9777058 0.8866406 0.8752330 1.0403965 0.9804196 1.0877578 1.1209652 1.0311125 1.0453461 0.9615590 0.9648653 0.9960778 0.9917603 1.0426146 1.1681169 1.2320653 0.8925540 1.0471429 1.0903240 1.1820267 1.3317713 1.1396989 1.3659461 1.2562211 1.4263219 1.2123288 0.9559456 1.0304989 1.2355173 1.2544969 1.4047005 1.4024547 1.4137486 1.9031241 2.1011105 1.6122195 1.3749771 1.8287372 1.6998247 1.4132455 1.8038477 1.7042094 1.8511439 1.8914530 2.0186535 2.0177515 2.0746024 
Adig_XM_015903972.1                                1.5498183 1.3416188 1.1332269 0.9620607 0.8235704 0.0000000 0.1175866 0.4371029 0.9672910 0.9552977 0.4591880 0.4721258 1.0032345 0.8825331 1.2218271 1.3990186 1.4012924 1.1213123 1.4351760 0.9933696 1.6278923 1.2290230 2.4054356 1.2402796 1.1304037 1.3064545 1.7272623 1.5807751 1.7936674 1.5733232 1.4720464 1.6375216 1.9379997 1.3856109 1.4870552 1.3824249 1.3918251 1.4503426 1.4503426 1.4193048 1.4478929 1.9949169 1.3157166 1.7858420 1.8444017 1.5089419 1.3988570 1.5753343 1.6490177 1.6475498 3.0886673 1.7526694 1.3983646 1.4986309 2.4989343 1.7346148 1.7235701 1.6102046 2.5887377 3.0212879 4.1394202 2.0413217 2.0941010 3.3689994 3.5607374 1.8999321 2.6073191 1.8297181 4.2282490 2.9576581 2.7382795 2.1493257 2.9767224 
Amil_Amillepora03440-RA                            0.9745100 0.7942351 0.7705162 0.6833965 0.4645228 0.1175866 0.0000000 0.2063216 0.3109196 0.3193347 0.2281992 0.2295115 0.6524685 0.5212888 0.8787811 0.9823268 0.9647909 0.8615458 1.0056322 0.6934692 1.1247308 0.8719327 1.1193087 0.8938538 0.7785984 0.9739174 1.1420377 0.9884788 0.8976181 1.0414686 0.9758759 1.0915420 1.1870872 1.0322580 1.0894693 0.9861167 0.9802286 1.0151592 1.0086052 1.1027614 1.0730011 1.3587316 0.8772227 1.2342094 1.2555805 1.1993092 1.2467981 1.2001073 1.3698617 1.2210665 1.2566800 1.3010216 1.0053917 1.0645696 1.2903770 1.2481869 1.3838840 1.1606827 1.3289116 2.0361357 2.1407995 1.5964700 1.3047231 1.7169944 1.5599667 1.2755094 1.7479961 1.6061608 1.9631912 1.7812209 2.0539790 2.0631029 2.0434608 
Gfas_gfas1.m1.2491.m1                              0.8906368 0.7535108 0.7250068 0.6085008 0.4240419 0.4371029 0.2063216 0.0000000 0.2162204 0.2344907 0.2096426 0.1932201 0.6003569 0.5372494 0.8129959 0.8282949 0.9114181 0.7496338 1.0125534 0.6267931 1.0382388 0.8571309 1.0397485 0.7464540 0.7277196 0.8747244 1.0315896 0.9667404 0.9416328 1.0315529 0.9260909 0.9397792 1.0565957 0.8865926 0.9860753 0.9054141 0.8991932 0.9419376 0.9351566 1.0137695 0.8051415 1.1843732 0.9073992 1.2295186 1.1929238 1.2382629 1.2109986 1.1016083 1.3668464 1.1670970 1.4209136 1.2509865 0.9006609 0.9976552 1.1753779 1.1193180 1.2768677 1.0003841 1.1004249 1.7413569 1.9300322 1.5014113 1.2014394 1.7221313 1.6484278 1.1240393 1.7117374 1.4608084 2.0642798 1.7346371 1.9528524 2.4042655 1.9593952 
Fspp_ffun1.m4.31504.m1                             0.9756669 0.8079084 0.7516554 0.6782800 0.4796537 0.9672910 0.3109196 0.2162204 0.0000000 0.1219941 0.2089888 0.1761481 0.6384801 0.5737805 0.9370159 0.9294083 1.0306453 0.8820992 1.1387673 0.6849294 1.1356439 0.9158937 1.0937199 0.8778747 0.7338946 1.0382659 1.1554792 1.1564135 0.9323667 1.0950370 0.9946665 1.0320591 1.2053589 1.0224879 1.0956231 0.9900833 0.9824577 1.0250046 1.0166598 1.0902766 0.9607452 1.4031894 1.1011775 1.4519445 1.4430409 1.4052321 1.4183080 1.2441290 1.5137854 1.3099620 1.3374155 1.4294026 1.0472119 1.0835782 1.1215417 1.3542725 1.4453986 1.2566775 1.2241685 2.1977204 1.8075169 1.6981653 1.4502732 1.6045148 1.5768347 1.3521054 1.8364930 1.8291844 1.9518267 1.9083458 1.9700778 3.4987730 2.1678745 
Gasp_gasp1.m3.18247.m1                             0.9896819 0.8295471 0.8025937 0.7457838 0.5314204 0.9552977 0.3193347 0.2344907 0.1219941 0.0000000 0.2242407 0.1896748 0.6364304 0.6282876 1.0001331 0.9999735 1.0848098 0.9371229 1.2101574 0.7670853 1.1836057 0.9809834 1.1455200 0.9444047 0.7691118 1.1013740 1.2942762 1.2287110 0.9800679 1.1312449 1.0518631 1.1085047 1.2669259 1.0397281 1.1248702 1.0537014 1.0356266 1.0848684 1.0759528 1.1804262 0.9542834 1.4567478 1.1394449 1.4760732 1.4409256 1.4092665 1.4270229 1.2781894 1.5941388 1.3306221 1.3671619 1.4798560 1.1259248 1.1235537 1.1222389 1.4585862 1.5622722 1.2778950 1.2837879 2.2313734 2.0273791 1.7887052 1.5188909 1.7641012 1.6896945 1.3803422 1.9160250 1.8926739 2.0626446 2.0911310 2.0577198 3.2746856 2.1691513 
Spis_XP_022792976_1                                0.9305022 0.7367967 0.7008062 0.6089486 0.4385581 0.4591880 0.2281992 0.2096426 0.2089888 0.2242407 0.0000000 0.0556031 0.6301442 0.4910950 0.8476583 0.9352221 0.9505733 0.9226249 0.9991477 0.7419524 1.0699043 0.8919181 1.0137164 0.7967830 0.7229392 0.9506984 1.0224432 0.9858470 0.9603469 1.0114113 0.9391933 0.9876238 1.1982197 0.9993426 1.0737584 0.9963524 0.9906357 1.0212596 1.0169326 1.0970534 1.0492532 1.3600076 0.8905860 1.1586851 1.2052349 1.1668447 1.2484932 1.0923665 1.2775605 1.2213147 1.2891698 1.2775779 1.0217581 1.0567452 1.1961078 1.2216595 1.3502091 1.3110314 1.3250620 1.9370130 2.0088998 1.5641060 1.3137693 1.6549406 1.5180227 1.2866792 1.7237944 1.6031954 1.8947883 2.0323709 1.9447436 2.2271311 2.1101626 
Pocdam_XM_027200590.1                              0.9460747 0.7351075 0.7354051 0.6466651 0.4534921 0.4721258 0.2295115 0.1932201 0.1761481 0.1896748 0.0556031 0.0000000 0.6166016 0.5234742 0.8633208 0.9375442 0.9731433 0.9102948 1.0182727 0.7453252 1.1000381 0.8746243 1.0503898 0.8171178 0.7476543 0.9692173 1.0457525 1.0066101 0.9480719 1.0239143 0.9479323 1.0158874 1.2146408 0.9903217 1.0602743 1.0120410 1.0060985 1.0361371 1.0296942 1.1022936 1.0520014 1.3301268 0.8972739 1.1976231 1.2210497 1.1928426 1.2404659 1.0942845 1.2900148 1.2183519 1.2606714 1.2818966 1.0268575 1.0429462 1.1989297 1.2154530 1.3361986 1.3017272 1.3025720 1.9283748 2.0087244 1.5567178 1.3347205 1.6565070 1.5743389 1.2991043 1.7991841 1.6644663 1.9068302 2.0804224 1.9196618 2.1972303 2.0820181 
Dgig_XM_028557427.1                                0.8835317 0.8955794 0.7116561 0.7872519 0.6379350 1.0032345 0.6524685 0.6003569 0.6384801 0.6364304 0.6301442 0.6166016 0.0000000 0.3671414 0.9390894 0.9267758 1.1129157 0.8344580 1.1204109 0.8397213 1.0540423 0.8099654 1.1230648 0.9321578 0.8703783 1.0740680 0.9880965 1.0509171 1.0410595 1.0977853 1.0646315 1.1196509 1.1254012 1.0658680 1.0912230 1.0214747 1.0267182 1.0807381 1.0738419 1.1149411 1.2554759 1.2657804 0.9162330 1.2882401 1.2304667 1.2815184 1.2989949 1.2619967 1.3468147 1.3130012 1.6415198 1.3663050 1.1973227 1.0789418 1.2430861 1.3753522 1.4729756 1.4587543 1.4350134 2.0454551 2.1543634 1.7207915 1.5459851 1.7889417 1.9691310 1.4339309 1.9567580 1.7892993 2.0344548 1.9579032 2.1252275 2.2747882 2.1757925 
Xesp_013115-T1                                     0.7501225 0.7642409 0.7070706 0.7053025 0.5854596 0.8825331 0.5212888 0.5372494 0.5737805 0.6282876 0.4910950 0.5234742 0.3671414 0.0000000 0.9186310 0.8324953 1.0539352 0.7761043 1.0801998 0.8466216 1.0803884 0.9152177 1.0789111 0.9746237 0.8338179 0.9712683 0.8827644 0.9251763 1.0405641 0.9871052 0.8639261 0.8735336 0.9837626 0.9982715 0.9900764 0.9341377 0.9162891 0.9849976 0.9793451 1.0168496 0.8782720 1.2087402 0.8805288 1.1868939 1.1044716 1.1996742 1.2606633 1.1757580 1.2687682 1.2166710 1.4560988 1.1772687 1.0107761 0.9886568 1.0596308 1.1187063 1.2879902 1.1747694 1.0133941 1.5771972 1.9961518 1.4971743 1.3250165 1.5625696 1.8594329 1.3594822 2.0281106 1.6958973 2.0342917 2.0567825 1.7497598 2.0403055 2.0570788 
Acagra_model.g504.t1.1.5d3b8242                    0.8787271 0.7133473 0.7267881 0.9861301 0.8031627 1.2218271 0.8787811 0.8129959 0.9370159 1.0001331 0.8476583 0.8633208 0.9390894 0.9186310 0.0000000 0.7650521 1.1508900 1.0213105 1.1045002 0.8150319 1.3363379 1.1631486 1.0760618 0.8623041 0.9466898 0.9413902 1.0673203 1.0492996 1.0456951 1.1307677 1.1357292 1.1242289 1.0402026 1.1295277 1.1468514 1.1261291 1.1370097 1.1745694 1.1692772 1.1664189 1.1600995 1.2639778 0.8440901 1.2984625 1.3857181 1.2590644 1.3568587 1.2292603 1.4496241 1.3141962 1.5166439 1.3456674 1.0870804 1.2354103 1.3235155 1.3430413 1.4773539 1.4806310 1.4819328 1.9859448 1.9468759 1.5344406 1.4004715 1.8754777 1.6564316 1.4191814 1.9567029 1.8523526 2.0616764 1.7483675 1.8550902 2.1259491 1.8952007 
Cgig_XM_011425925.3                                0.9414257 0.8650375 0.8352220 1.1270883 0.9749929 1.3990186 0.9823268 0.8282949 0.9294083 0.9999735 0.9352221 0.9375442 0.9267758 0.8324953 0.7650521 0.0000000 1.1696892 0.9542197 1.1326436 0.8568367 1.3395026 1.1839732 1.2173026 1.0467482 1.0848817 1.1877732 1.2088471 1.1448839 1.1630645 1.2190169 1.1209702 1.2729629 1.1391228 1.1656244 1.1798703 1.1046421 1.1375209 1.1175795 1.1123360 1.2363998 1.3332373 1.3353588 0.9880518 1.3177560 1.3046425 1.3393586 1.4158774 1.2373668 1.4937974 1.3666806 1.5020497 1.2084556 1.1686711 1.1652869 1.5583845 1.4133248 1.5075854 1.3914819 1.5651000 1.7893872 2.0196863 1.6679856 1.5321750 2.1024290 2.0514260 1.6257440 1.9252355 1.7587079 2.0212133 1.9670320 2.0067167 2.2478774 2.2583093 
Aque_Aqu2.1.40717_001                              1.1684129 1.1204831 1.0326595 1.1333222 1.0021517 1.4012924 0.9647909 0.9114181 1.0306453 1.0848098 0.9505733 0.9731433 1.1129157 1.0539352 1.1508900 1.1696892 0.0000000 0.4132389 0.7630584 0.7010189 1.0004776 0.9375945 0.9682220 0.8235527 0.9166292 1.1776961 1.1146755 1.0670959 1.2320407 1.1097415 1.0380430 1.1423292 1.1465748 1.1639636 1.1499487 1.0770822 1.0816761 1.1212740 1.1140337 1.1411308 1.3782831 1.3685598 1.1700265 1.2438858 1.2803921 1.2992035 1.4305276 1.2485329 1.3565772 1.3701078 1.4395253 1.2874081 1.2008063 1.2657117 1.3382904 1.5023846 1.4743922 1.3414210 1.6165172 1.8122167 1.9619964 1.6248038 1.4213705 1.8852808 1.7484453 1.5755324 1.8894902 1.8002701 2.0322675 1.7488411 1.9493740 2.3856778 2.1542238 
Halamb_c55032_g3_i3mm.6301                         0.9315139 0.9519898 0.9205645 1.1192321 0.9026517 1.1213123 0.8615458 0.7496338 0.8820992 0.9371229 0.9226249 0.9102948 0.8344580 0.7761043 1.0213105 0.9542197 0.4132389 0.0000000 0.6852473 0.6062625 0.9036365 0.8396292 0.7547835 0.8061710 0.7818932 1.0012545 0.9382367 0.8735185 1.1454536 1.0770523 1.0672800 1.0885660 1.1108958 1.0535871 1.0457929 0.9994957 1.0024366 1.0477413 1.0454507 0.9242941 1.3951712 1.2619885 0.9111055 1.1838898 1.2882587 1.3222830 1.4971531 1.1821250 1.4413375 1.2881826 1.5154852 1.1825917 1.1660160 1.1620122 1.1483644 1.4023365 1.3556589 1.4809231 1.1838645 1.5826790 1.4742651 1.5502074 1.4129135 1.8038091 1.6266055 1.5776330 1.7728375 1.6625433 1.8660161 2.2452285 2.1814521 1.6188231 4.0246068 
Tetwil_g23480.t1                                   1.1933813 1.0000256 1.0588987 1.1507598 0.9740873 1.4351760 1.0056322 1.0125534 1.1387673 1.2101574 0.9991477 1.0182727 1.1204109 1.0801998 1.1045002 1.1326436 0.7630584 0.6852473 0.0000000 0.3656931 0.7919608 0.6535679 1.1971230 0.8756078 0.8595837 1.1491435 1.1939000 1.1086235 1.1469039 1.1155775 1.1145038 1.3198419 1.3667374 1.1324974 1.1871699 1.1618347 1.1727572 1.2291484 1.2236616 1.2037558 1.2172167 1.1988969 1.1723219 1.2558405 1.3091341 1.2150902 1.3462133 1.1987977 1.3900395 1.4133028 1.5224305 1.4584699 1.1499529 1.1984963 1.4631989 1.3818630 1.3169173 1.4529409 1.6387126 2.0489358 2.0941275 1.7715074 1.5577645 2.1394115 2.0088119 1.4974653 1.9806912 1.7767977 2.2359217 1.7903055 2.1103321 2.4802588 2.4645083 
Stycar_maker-SC_scaffold6077-snap-gene-0.23-mRNA-1 0.8871096 0.8411164 0.8573986 0.8553033 0.8136000 0.9933696 0.6934692 0.6267931 0.6849294 0.7670853 0.7419524 0.7453252 0.8397213 0.8466216 0.8150319 0.8568367 0.7010189 0.6062625 0.3656931 0.0000000 0.6423533 0.5640733 0.9293688 0.9136060 0.8412549 0.9294151 0.9508187 0.8018170 0.8064379 0.9632612 0.9867804 1.0518610 0.9796903 0.9798397 0.9734290 0.9572597 0.9729376 0.9916817 0.9989713 0.9746658 1.2657470 1.0997921 0.9320939 0.9423272 1.0092521 1.0803670 1.3169230 0.9858154 1.2183736 1.0448056 1.1788796 1.1797889 1.0242939 1.1013760 1.1190690 1.2971341 1.1851648 1.4695768 1.1228624 1.4909585 1.5285538 1.4334122 1.3363773 1.5305122 1.4249269 1.4542785 1.4645641 1.4763741 1.4664088 1.1317663 1.5707799 1.5527783 2.9803900 
Emue_Em0013g110a.t1                                1.3065472 1.1659515 1.1420441 1.2405781 1.1452359 1.6278923 1.1247308 1.0382388 1.1356439 1.1836057 1.0699043 1.1000381 1.0540423 1.0803884 1.3363379 1.3395026 1.0004776 0.9036365 0.7919608 0.6423533 0.0000000 0.1907962 1.2069849 1.0744454 1.0936662 1.3755894 1.1177456 1.1257479 1.2118438 1.1533185 1.2189381 1.3614216 1.4677039 1.2131091 1.2707471 1.2403712 1.2405836 1.2758113 1.2676406 1.3012391 1.3356149 1.3343705 1.4426713 1.3806766 1.4605711 1.2726059 1.3948367 1.4570336 1.4244130 1.4135721 1.6052417 1.4945885 1.2920669 1.4545144 1.5525577 1.5676222 1.4295973 1.7580624 1.6099217 1.9488062 2.3014566 1.9028419 1.6198333 1.9817805 1.9444762 1.6971836 2.0275828 1.8794758 2.4295145 1.9157878 2.2926635 2.6365802 1.7156192 
Spolac_c101154_g1_i1_m.24699c101154-g1             0.9624171 0.9318857 0.9550605 1.1754065 1.0312097 1.2290230 0.8719327 0.8571309 0.9158937 0.9809834 0.8919181 0.8746243 0.8099654 0.9152177 1.1631486 1.1839732 0.9375945 0.8396292 0.6535679 0.5640733 0.1907962 0.0000000 1.1580046 1.0694960 0.9096647 1.0772811 0.9574272 1.1267571 1.1058444 1.0462060 1.0026098 1.1017349 1.0394868 1.0541578 1.0460867 1.0337138 1.0165441 1.0786587 1.0678553 1.0016095 0.9793368 0.9481693 1.1271991 1.1165630 1.1951078 1.1387280 1.3363023 1.1666706 1.2627849 1.1918230 1.4883573 1.2474228 1.0181458 1.0550064 1.5059616 1.2957382 1.2463895 1.3075379 1.1510627 1.4682056 2.0698766 1.7098023 1.4456451 1.9747219 1.8980970 1.4670660 1.9600574 1.7180671 2.2090927 2.2171363 1.8342042 2.2218672 2.4620377 
Ocar_g4578                                         1.0295379 0.9826449 0.9724653 1.0129253 1.0264067 2.4054356 1.1193087 1.0397485 1.0937199 1.1455200 1.0137164 1.0503898 1.1230648 1.0789111 1.0760618 1.2173026 0.9682220 0.7547835 1.1971230 0.9293688 1.2069849 1.1580046 0.0000000 0.0149580 0.7654427 1.1321508 1.0931469 1.1337130 1.0185250 1.1881513 1.0564195 0.9970117 1.4177039 1.2629606 1.4499124 1.4021879 1.3761915 1.4368565 1.4272201 1.4741644 0.9939683 1.3714602 1.1548566 1.5477487 1.7072506 1.3060230 1.5166841 1.4730902 1.6879329 1.7277103 1.6739297 1.5746044 1.3792458 1.4126707 1.3809572 1.6770343 1.7616390 1.1779493 1.5908389 2.3059951 2.0283792 1.9071233 1.5371663 1.8050202 1.9517376 1.6651123 2.1140466 2.0733697 2.0071461 1.9902800 2.4271482 4.7623485 2.0237049 
Opea_EP00118_Oscarella_pearsei_P009553             0.8294140 0.7624518 0.8918533 0.8587541 0.8200085 1.2402796 0.8938538 0.7464540 0.8778747 0.9444047 0.7967830 0.8171178 0.9321578 0.9746237 0.8623041 1.0467482 0.8235527 0.8061710 0.8756078 0.9136060 1.0744454 1.0694960 0.0149580 0.0000000 0.6858726 1.0251363 0.8502000 0.8362119 0.8265417 1.0586479 0.9588217 0.9765757 1.1516306 1.1113248 1.1042026 1.0794013 1.0734533 1.1162741 1.1111266 1.0869345 1.0837837 1.1973994 0.7995830 1.0568765 1.1599656 1.1360701 1.3287679 1.1059261 1.3494190 1.3882399 1.6397371 1.1553134 1.1039573 1.1257858 1.2350182 1.3768494 1.3141314 1.2524038 1.4544567 1.7048624 2.0079188 1.5941395 1.3227002 1.8653235 1.9822030 1.5421264 1.9568785 1.7104032 1.9573844 1.9902800 1.9393503 2.1525720 1.7366489 
Plajan_Pjan_scaffold22431_01                       0.8792751 0.7303228 0.8075652 0.8258790 0.7631208 1.1304037 0.7785984 0.7277196 0.7338946 0.7691118 0.7229392 0.7476543 0.8703783 0.8338179 0.9466898 1.0848817 0.9166292 0.7818932 0.8595837 0.8412549 1.0936662 0.9096647 0.7654427 0.6858726 0.0000000 0.9537718 0.9006511 0.8696421 0.8214040 0.9863897 0.9793345 0.9704599 1.1878996 0.9830887 0.9838984 0.9406934 0.9432974 0.9687048 0.9645074 1.0178723 1.0630266 1.2038474 0.8221701 1.1792306 1.2670540 1.1752550 1.3543099 1.1428681 1.4776576 1.4229218 1.6550293 1.1768987 1.0516976 1.0787705 1.2394078 1.4586132 1.5188356 1.3307387 1.4643389 1.7825605 2.0368387 1.5729415 1.3932124 1.8756704 1.8612445 1.5483640 1.8680336 1.7460287 2.1217551 2.1855751 2.1897797 1.7959723 1.7236501 
Cscu_XM_023374985.1                                1.0009651 0.8201931 0.9113837 0.9749695 0.9795563 1.3064545 0.9739174 0.8747244 1.0382659 1.1013740 0.9506984 0.9692173 1.0740680 0.9712683 0.9413902 1.1877732 1.1776961 1.0012545 1.1491435 0.9294151 1.3755894 1.0772811 1.1321508 1.0251363 0.9537718 0.0000000 1.1609126 1.0871421 1.1673917 1.0502052 0.9679792 1.1254927 1.1185760 1.1758367 1.0889388 1.0414501 1.0466533 1.0589871 1.0538963 1.1265602 1.2651282 1.3533374 0.9962733 1.3081577 1.3512428 1.1990405 1.4431190 1.3661649 1.5085901 1.4426276 1.7411864 1.4153561 1.3987177 1.3687640 1.1577304 1.3391657 1.2961140 1.4822814 1.5207547 1.9116377 1.8558596 1.6666248 1.5206076 1.6401961 1.6863982 1.6145378 1.9950346 1.8759675 1.6272069 1.9047245 1.7166813 1.9773031 2.2896429 
Lcom_lcpid46466                                    1.3240606 1.0251073 0.9699146 1.1376394 0.9777058 1.7272623 1.1420377 1.0315896 1.1554792 1.2942762 1.0224432 1.0457525 0.9880965 0.8827644 1.0673203 1.2088471 1.1146755 0.9382367 1.1939000 0.9508187 1.1177456 0.9574272 1.0931469 0.8502000 0.9006511 1.1609126 0.0000000 0.4135247 0.9391796 1.1054359 1.0551654 1.1557357 1.4356382 1.2911034 1.3411805 1.2653885 1.2778208 1.3202370 1.3120762 1.3156842 1.1981903 1.3752216 1.2740640 1.2156039 1.4141875 1.3396932 1.4766953 1.3804823 1.4029298 1.6008624 1.7651995 1.2592309 1.2278887 1.1468281 1.3843079 1.5904032 1.4618013 1.3907026 1.5531392 2.0732090 1.9961727 1.7378131 1.4556298 1.9694094 1.9912499 1.5962155 1.8893590 1.8185598 1.8629728 2.3141838 2.5659231 2.4796333 1.2598852 
Gracom_Gcom_scaffold7134_01                        1.3096662 0.9301224 0.9767993 1.1191090 0.8866406 1.5807751 0.9884788 0.9667404 1.1564135 1.2287110 0.9858470 1.0066101 1.0509171 0.9251763 1.0492996 1.1448839 1.0670959 0.8735185 1.1086235 0.8018170 1.1257479 1.1267571 1.1337130 0.8362119 0.8696421 1.0871421 0.4135247 0.0000000 0.8725041 1.0704779 1.0597516 1.1771855 1.4734006 1.2407736 1.2687115 1.2188210 1.2031353 1.2170677 1.2089946 1.1562899 1.0126388 1.4004238 1.2015071 1.3350584 1.3652342 1.3341507 1.4519537 1.3680303 1.4360429 1.5310667 1.6821180 1.2949079 1.1987042 1.1782548 1.3687814 1.5689017 1.5539647 1.1947346 1.4195439 1.8507031 2.0130662 1.5392029 1.3793536 1.9286369 1.8732327 1.4605058 1.8254887 1.6438747 1.8823720 2.1650101 2.2413420 2.2587623 1.1816196 
Clacor_Ccor_scaffold10034_01                       1.1579611 0.7450252 0.8760005 1.1444763 0.8752330 1.7936674 0.8976181 0.9416328 0.9323667 0.9800679 0.9603469 0.9480719 1.0410595 1.0405641 1.0456951 1.1630645 1.2320407 1.1454536 1.1469039 0.8064379 1.2118438 1.1058444 1.0185250 0.8265417 0.8214040 1.1673917 0.9391796 0.8725041 0.0000000 1.0099457 1.0363972 1.1505481 1.3431844 1.2651527 1.4276079 1.2761649 1.3355294 1.3751595 1.3660982 1.4053455 1.0075203 1.2816617 1.1650696 1.5136000 1.5410456 1.3655762 1.6600630 1.2875731 1.5066261 1.6222734 1.5289786 1.4800304 1.1430754 1.2408885 1.1463153 1.4335698 1.4880322 1.3525189 1.7315068 2.4383024 2.0231543 1.8927928 1.6109737 1.8044402 1.9275047 1.6950779 2.1138656 2.0904409 1.8936190 2.1241660 1.5708124 6.7474325 1.5525755 
Nemnom_g6068.t1                                    1.2169052 1.0668225 1.1044013 1.1399276 1.0403965 1.5733232 1.0414686 1.0315529 1.0950370 1.1312449 1.0114113 1.0239143 1.0977853 0.9871052 1.1307677 1.2190169 1.1097415 1.0770523 1.1155775 0.9632612 1.1533185 1.0462060 1.1881513 1.0586479 0.9863897 1.0502052 1.1054359 1.0704779 1.0099457 0.0000000 0.3164059 0.6673222 1.0920269 1.1583872 1.1228638 1.1890873 1.1914197 1.1875339 1.1797022 1.2408049 1.1679051 1.3863122 1.1634821 1.3522469 1.4356703 1.2497180 1.3774770 1.2504381 1.4798474 1.4898659 1.4969715 1.2291503 1.2751270 1.2140691 1.3330442 1.5440153 1.5344374 1.4978016 1.2646480 1.7128519 1.8818463 1.4128271 1.3387675 1.8655517 1.9929331 1.4891502 2.0034058 1.8338846 2.1493424 2.1988046 2.1078140 1.4840665 2.2149446 
Rhoesc_Res_002905-T1                               1.0892163 0.9451272 0.9979961 1.1608418 0.9804196 1.4720464 0.9758759 0.9260909 0.9946665 1.0518631 0.9391933 0.9479323 1.0646315 0.8639261 1.1357292 1.1209702 1.0380430 1.0672800 1.1145038 0.9867804 1.2189381 1.0026098 1.0564195 0.9588217 0.9793345 0.9679792 1.0551654 1.0597516 1.0363972 0.3164059 0.0000000 0.6363827 0.9792190 1.0726654 1.0438376 1.1029807 1.1134080 1.1060223 1.0988712 1.1688917 1.1104670 1.1748909 1.1287235 1.2873028 1.3334752 1.2021920 1.3636040 1.2400472 1.3461608 1.4346851 1.5157569 1.2522615 1.2675046 1.1851066 1.3015296 1.4313995 1.3867681 1.4422903 1.2437198 1.8615209 1.7657320 1.5409540 1.4673075 1.8106763 1.7851771 1.5002369 1.8847639 1.7315932 2.0143168 1.8181364 2.0182457 1.4084287 1.9964309 
Sanmal_Sma_008862-T1                               1.1491542 1.1056075 1.0758355 0.9940362 1.0877578 1.6375216 1.0915420 0.9397792 1.0320591 1.1085047 0.9876238 1.0158874 1.1196509 0.8735336 1.1242289 1.2729629 1.1423292 1.0885660 1.3198419 1.0518610 1.3614216 1.1017349 0.9970117 0.9765757 0.9704599 1.1254927 1.1557357 1.1771855 1.1505481 0.6673222 0.6363827 0.0000000 0.9572213 1.2292931 1.2376661 1.2390756 1.2556132 1.2663184 1.2598930 1.3291495 1.2410859 1.5139577 1.2454686 1.3690963 1.2990319 1.3075004 1.4507927 1.2738075 1.5128047 1.6173633 1.8923982 1.4559861 1.2720314 1.2527128 1.3664498 1.6031533 1.4867782 1.4800614 1.4832649 2.1071874 2.5415631 1.7804484 1.5592326 1.8777516 1.9151590 1.5313260 2.1436580 1.9081904 2.3591777 2.1639116 2.4346315 1.5162052 2.2516614 
Chem_TCONS_00016201                                1.1276746 1.1412830 1.1496362 1.2700117 1.1209652 1.9379997 1.1870872 1.0565957 1.2053589 1.2669259 1.1982197 1.2146408 1.1254012 0.9837626 1.0402026 1.1391228 1.1465748 1.1108958 1.3667374 0.9796903 1.4677039 1.0394868 1.4177039 1.1516306 1.1878996 1.1185760 1.4356382 1.4734006 1.3431844 1.0920269 0.9792190 0.9572213 0.0000000 1.3210267 1.4061179 1.3507570 1.3787160 1.3957403 1.3920761 1.4963663 1.2932754 1.3460300 1.3613103 1.3862989 1.5373114 1.3539194 1.4324814 1.4680241 1.5759339 1.4885879 1.7864286 1.5840204 1.4246497 1.3038398 1.2804606 1.7710742 1.6060350 1.7555736 1.1299346 2.1559636 2.3362034 1.8485275 1.5675334 2.1246847 2.2347053 1.6564075 2.2128866 2.0807387 2.3895122 2.7196421 2.5544603 2.2409423 2.9874169 
Tadh_TriadT50605                                   1.0710884 1.1228847 1.0036034 1.0485451 1.0311125 1.3856109 1.0322580 0.8865926 1.0224879 1.0397281 0.9993426 0.9903217 1.0658680 0.9982715 1.1295277 1.1656244 1.1639636 1.0535871 1.1324974 0.9798397 1.2131091 1.0541578 1.2629606 1.1113248 0.9830887 1.1758367 1.2911034 1.2407736 1.2651527 1.1583872 1.0726654 1.2292931 1.3210267 0.0000000 0.0371053 0.1552345 0.1533589 0.1621658 0.1590993 0.1476963 1.5456518 1.3733347 1.1373994 1.3056760 1.3630385 1.2391776 1.3783181 1.4599617 1.5666008 1.3244890 1.5582525 1.2551580 1.2612019 1.2630629 1.3884733 1.4576634 1.4943675 1.4580776 1.5411013 2.0184836 1.9267029 1.7678649 1.5652161 2.0161057 1.9570061 1.6564207 2.0039935 1.8990325 2.2670639 1.8831633 2.0691604 2.2374409 2.4396038 
TrH2_TrispH2_008202-RA                             1.1321739 1.1279586 1.0370916 1.0957114 1.0453461 1.4870552 1.0894693 0.9860753 1.0956231 1.1248702 1.0737584 1.0602743 1.0912230 0.9900764 1.1468514 1.1798703 1.1499487 1.0457929 1.1871699 0.9734290 1.2707471 1.0460867 1.4499124 1.1042026 0.9838984 1.0889388 1.3411805 1.2687115 1.4276079 1.1228638 1.0438376 1.2376661 1.4061179 0.0371053 0.0000000 0.1381595 0.1364330 0.1377227 0.1349412 0.1161854 1.5358862 1.4184552 1.2415676 1.3724130 1.4711649 1.2867424 1.3920571 1.5589470 1.6197476 1.3483130 1.5190669 1.3262563 1.3170342 1.3047272 1.4490185 1.5155873 1.5674824 1.4479062 1.5338161 2.1162848 1.8639680 1.6877709 1.5581114 1.9452755 1.9411092 1.6646772 1.9956898 1.8932605 2.2560997 1.8522794 2.1579270 2.3534899 2.7024968 
HoiH06_mRNA10884                                   1.0884854 1.0337226 0.9611187 1.0643942 0.9615590 1.3824249 0.9861167 0.9054141 0.9900833 1.0537014 0.9963524 1.0120410 1.0214747 0.9341377 1.1261291 1.1046421 1.0770822 0.9994957 1.1618347 0.9572597 1.2403712 1.0337138 1.4021879 1.0794013 0.9406934 1.0414501 1.2653885 1.2188210 1.2761649 1.1890873 1.1029807 1.2390756 1.3507570 0.1552345 0.1381595 0.0000000 0.0233610 0.0564433 0.0538993 0.0784098 1.4519437 1.3878936 1.1599915 1.3544658 1.4232556 1.2493146 1.3506748 1.4928109 1.5946139 1.3388085 1.4679170 1.2635599 1.2944769 1.2509520 1.3708619 1.5120180 1.4763826 1.4625521 1.5302326 2.1707573 1.7995023 1.6542257 1.5548498 1.8776244 1.8648703 1.6019550 1.9780060 1.8657364 2.2361344 1.8714014 2.1302723 2.3696477 2.6034329 
HoiH23_PlH23_003691-RA                             1.1078437 1.0527655 0.9774378 1.0598535 0.9648653 1.3918251 0.9802286 0.8991932 0.9824577 1.0356266 0.9906357 1.0060985 1.0267182 0.9162891 1.1370097 1.1375209 1.0816761 1.0024366 1.1727572 0.9729376 1.2405836 1.0165441 1.3761915 1.0734533 0.9432974 1.0466533 1.2778208 1.2031353 1.3355294 1.1914197 1.1134080 1.2556132 1.3787160 0.1533589 0.1364330 0.0233610 0.0000000 0.0597855 0.0572811 0.0820554 1.4712871 1.4489953 1.1843085 1.3361082 1.4163661 1.2883885 1.3810575 1.5661366 1.6016226 1.3363360 1.4474083 1.2692118 1.2969466 1.2526434 1.3683062 1.4997482 1.4782223 1.4828887 1.5315228 2.1662378 1.8222317 1.6929144 1.5569097 1.8509979 1.8352000 1.6300221 1.9839278 1.9019511 2.2041463 1.8719157 2.1101782 2.3246116 2.7059138 
Hhon_g04387.t1                                     1.1396992 1.1082317 0.9851966 1.0453449 0.9960778 1.4503426 1.0151592 0.9419376 1.0250046 1.0848684 1.0212596 1.0361371 1.0807381 0.9849976 1.1745694 1.1175795 1.1212740 1.0477413 1.2291484 0.9916817 1.2758113 1.0786587 1.4368565 1.1162741 0.9687048 1.0589871 1.3202370 1.2170677 1.3751595 1.1875339 1.1060223 1.2663184 1.3957403 0.1621658 0.1377227 0.0564433 0.0597855 0.0000000 0.0022587 0.0637297 1.5143795 1.4503040 1.2355531 1.3989225 1.4770766 1.2939576 1.3915498 1.5547960 1.6462324 1.3810790 1.5111745 1.2931738 1.2934794 1.3020622 1.4204350 1.5521389 1.5410408 1.5214033 1.4857724 2.1323941 1.8027504 1.6697087 1.5289320 1.8637869 1.8839406 1.6385993 2.0288164 1.9108941 2.2866115 1.7917909 2.2388838 2.3422664 2.7063348 
HoiH04_mRNA16520                                   1.1347412 1.1033573 0.9809725 1.0402783 0.9917603 1.4503426 1.0086052 0.9351566 1.0166598 1.0759528 1.0169326 1.0296942 1.0738419 0.9793451 1.1692772 1.1123360 1.1140337 1.0454507 1.2236616 0.9989713 1.2676406 1.0678553 1.4272201 1.1111266 0.9645074 1.0538963 1.3120762 1.2089946 1.3660982 1.1797022 1.0988712 1.2598930 1.3920761 0.1590993 0.1349412 0.0538993 0.0572811 0.0022587 0.0000000 0.0637297 1.5104589 1.4478889 1.2294373 1.3924731 1.4701524 1.2878431 1.3938278 1.5520608 1.6432196 1.3787365 1.5072659 1.2932167 1.2948844 1.3039987 1.4204350 1.5446285 1.5427331 1.5224995 1.4940242 2.1349656 1.8027504 1.6709089 1.5297074 1.8695431 1.8839406 1.6333171 2.0151342 1.9012794 2.2921880 1.7917909 2.2388838 2.3585437 2.7063348 
HoiH11_mRNA3653                                    1.2268743 1.1604844 0.9992340 1.0901220 1.0426146 1.4193048 1.1027614 1.0137695 1.0902766 1.1804262 1.0970534 1.1022936 1.1149411 1.0168496 1.1664189 1.2363998 1.1411308 0.9242941 1.2037558 0.9746658 1.3012391 1.0016095 1.4741644 1.0869345 1.0178723 1.1265602 1.3156842 1.1562899 1.4053455 1.2408049 1.1688917 1.3291495 1.4963663 0.1476963 0.1161854 0.0784098 0.0820554 0.0637297 0.0637297 0.0000000 1.5024055 1.5311920 1.2861063 1.4109059 1.4762402 1.2665731 1.3448093 1.4974054 1.6489362 1.3854725 1.5390508 1.3516248 1.3202215 1.3786693 1.5059566 1.6120905 1.5198966 1.4593819 1.6268013 2.1408712 1.8161519 1.6053804 1.5772313 1.6210688 1.8964106 1.5440664 1.8453696 1.7744286 2.1123706 1.9212773 2.1119927 2.0316323 2.4863996 
Salmac_EP00052_Salpingoeca_macrocollata_P017528    1.2134504 1.0002582 1.1349741 1.3217186 1.1681169 1.4478929 1.0730011 0.8051415 0.9607452 0.9542834 1.0492532 1.0520014 1.2554759 0.8782720 1.1600995 1.3332373 1.3782831 1.3951712 1.2172167 1.2657470 1.3356149 0.9793368 0.9939683 1.0837837 1.0630266 1.2651282 1.1981903 1.0126388 1.0075203 1.1679051 1.1104670 1.2410859 1.2932754 1.5456518 1.5358862 1.4519437 1.4712871 1.5143795 1.5104589 1.5024055 0.0000000 0.7120428 1.3022620 1.0455667 1.0887614 1.0889341 1.1644748 1.0870130 1.2147320 1.3160612 1.3102062 0.9335916 1.0375522 0.9392451 1.1144726 1.3996141 1.2595572 1.3307263 1.4546458 1.6231657 2.0684775 1.6074855 1.6115570 2.2512000 2.3016537 1.8379913 1.9621950 1.8550574 1.9645677 1.6276061 1.3284965 1.6692406 4.6601666 
Salpun_EP00053_Salpingoeca_punica_P000056          1.2801157 1.1457574 1.3018521 1.4507970 1.2320653 1.9949169 1.3587316 1.1843732 1.4031894 1.4567478 1.3600076 1.3301268 1.2657804 1.2087402 1.2639778 1.3353588 1.3685598 1.2619885 1.1988969 1.0997921 1.3343705 0.9481693 1.3714602 1.1973994 1.2038474 1.3533374 1.3752216 1.4004238 1.2816617 1.3863122 1.1748909 1.5139577 1.3460300 1.3733347 1.4184552 1.3878936 1.4489953 1.4503040 1.4478889 1.5311920 0.7120428 0.0000000 1.4371630 1.1832705 1.2264127 1.1222412 1.2909988 1.2028942 1.4527111 1.4213044 1.6056308 1.1233555 1.1421070 1.1091198 1.5917660 1.3101043 1.3532435 1.3954583 1.6308086 2.2696210 2.3762354 1.9551208 1.9931830 2.2913378 2.4120076 2.0427986 2.2389451 2.0229740 2.2046985 1.9332740 1.8383774 2.5590107 2.3514087 
Skow_XM_002741353.2                                1.0190938 0.8190007 0.8725339 0.9818148 0.8925540 1.3157166 0.8772227 0.9073992 1.1011775 1.1394449 0.8905860 0.8972739 0.9162330 0.8805288 0.8440901 0.9880518 1.1700265 0.9111055 1.1723219 0.9320939 1.4426713 1.1271991 1.1548566 0.7995830 0.8221701 0.9962733 1.2740640 1.2015071 1.1650696 1.1634821 1.1287235 1.2454686 1.3613103 1.1373994 1.2415676 1.1599915 1.1843085 1.2355531 1.2294373 1.2861063 1.3022620 1.4371630 0.0000000 1.4409524 1.4679997 1.2495417 1.3310722 1.5239249 1.5333209 1.5081070 1.6779004 1.4870883 1.2097633 1.2280084 1.2105867 1.4706906 1.7135582 1.4854352 1.5053695 2.1989650 1.9286359 1.7968330 1.6191316 1.9403760 1.9608454 1.7379761 2.1721242 1.9617550 2.1517527 2.2454314 2.2027987 2.6835745 2.2939838 
Acaspe_EP00035_Acanthoeca_spectabilis_P000547      1.3235546 1.0641020 1.2050351 1.3618590 1.0471429 1.7858420 1.2342094 1.2295186 1.4519445 1.4760732 1.1586851 1.1976231 1.2882401 1.1868939 1.2984625 1.3177560 1.2438858 1.1838898 1.2558405 0.9423272 1.3806766 1.1165630 1.5477487 1.0568765 1.1792306 1.3081577 1.2156039 1.3350584 1.5136000 1.3522469 1.2873028 1.3690963 1.3862989 1.3056760 1.3724130 1.3544658 1.3361082 1.3989225 1.3924731 1.4109059 1.0455667 1.1832705 1.4409524 0.0000000 0.3187434 0.7871571 1.0181656 0.9766557 0.8731377 1.0882032 1.2504086 1.0319794 0.9884900 0.9679344 1.8860755 1.2379888 1.2366482 1.3243949 1.8477052 2.2091867 2.4503075 1.9129484 1.6176703 2.3311903 2.2685690 1.7927535 2.0481184 1.7907636 2.3117669 2.2673065 1.6188217 2.1469493 2.9471859 
Helnan_EP00037_Helgoeca_nana_P036288               1.3720118 1.2255533 1.2088237 1.3845355 1.0903240 1.8444017 1.2555805 1.1929238 1.4430409 1.4409256 1.2052349 1.2210497 1.2304667 1.1044716 1.3857181 1.3046425 1.2803921 1.2882587 1.3091341 1.0092521 1.4605711 1.1951078 1.7072506 1.1599656 1.2670540 1.3512428 1.4141875 1.3652342 1.5410456 1.4356703 1.3334752 1.2990319 1.5373114 1.3630385 1.4711649 1.4232556 1.4163661 1.4770766 1.4701524 1.4762402 1.0887614 1.2264127 1.4679997 0.3187434 0.0000000 0.8425188 1.0878716 0.9654365 0.9398554 1.1654119 1.4170357 1.2329317 1.0214474 1.0390286 1.7992520 1.2048337 1.3023844 1.4506043 1.7728034 2.3044831 2.4230942 1.8071716 1.6518995 2.1970575 2.2992528 1.6998504 1.9994196 1.8088545 2.5375799 2.4047756 1.7950196 2.2370574 3.1663905 
Diagra_EP00040_Diaphanoeca_grandis_P018787         1.4065417 1.1473971 1.2098967 1.2650701 1.1820267 1.5089419 1.1993092 1.2382629 1.4052321 1.4092665 1.1668447 1.1928426 1.2815184 1.1996742 1.2590644 1.3393586 1.2992035 1.3222830 1.2150902 1.0803670 1.2726059 1.1387280 1.3060230 1.1360701 1.1752550 1.1990405 1.3396932 1.3341507 1.3655762 1.2497180 1.2021920 1.3075004 1.3539194 1.2391776 1.2867424 1.2493146 1.2883885 1.2939576 1.2878431 1.2665731 1.0889341 1.1222412 1.2495417 0.7871571 0.8425188 0.0000000 0.8758124 1.0488660 0.8609951 1.2153623 1.4753910 1.0246001 1.1810860 1.0693131 1.7333454 1.2232798 1.2076517 1.4817714 1.7560175 2.1196070 2.2885211 1.8359234 1.7378083 1.9593680 1.9990880 1.6274313 2.0656705 1.9049385 2.3597030 2.0966006 1.7794308 2.0638631 2.8144072 
Didcos_EP00039_Didymoeca_costata_P007386           1.3790470 1.2742359 1.3580693 1.4401827 1.3317713 1.3988570 1.2467981 1.2109986 1.4183080 1.4270229 1.2484932 1.2404659 1.2989949 1.2606633 1.3568587 1.4158774 1.4305276 1.4971531 1.3462133 1.3169230 1.3948367 1.3363023 1.5166841 1.3287679 1.3543099 1.4431190 1.4766953 1.4519537 1.6600630 1.3774770 1.3636040 1.4507927 1.4324814 1.3783181 1.3920571 1.3506748 1.3810575 1.3915498 1.3938278 1.3448093 1.1644748 1.2909988 1.3310722 1.0181656 1.0878716 0.8758124 0.0000000 1.0639600 0.9639016 1.4000942 1.4751330 1.0974212 1.0408362 1.1952810 1.9519301 1.3699533 1.1536584 1.6462603 2.0377857 2.1555911 2.8971767 2.0302786 1.8635784 2.5599471 2.5822106 1.9340890 2.1996104 2.0378944 2.4964388 2.5907884 1.4673967 2.3418455 2.9238846 
Salkve_EP00050_Salpingoeca_kvevrii_P014214         1.4062667 1.1108904 1.1950771 1.2364416 1.1396989 1.5753343 1.2001073 1.1016083 1.2441290 1.2781894 1.0923665 1.0942845 1.2619967 1.1757580 1.2292603 1.2373668 1.2485329 1.1821250 1.1987977 0.9858154 1.4570336 1.1666706 1.4730902 1.1059261 1.1428681 1.3661649 1.3804823 1.3680303 1.2875731 1.2504381 1.2400472 1.2738075 1.4680241 1.4599617 1.5589470 1.4928109 1.5661366 1.5547960 1.5520608 1.4974054 1.0870130 1.2028942 1.5239249 0.9766557 0.9654365 1.0488660 1.0639600 0.0000000 1.0697494 0.9203100 0.9955471 0.9147874 0.9529218 1.1226810 1.8221148 1.1353733 1.1053601 1.3066384 1.6891468 2.0949775 2.2777111 1.7928974 1.7629189 2.2185587 2.0564258 1.6617743 1.8763792 1.6900630 2.1610441 1.9335424 1.5564647 2.4035487 2.9361504 
Stedip_EP00041_Stephanoeca_diplocostata_P012147    1.6411746 1.4335505 1.4380811 1.4452948 1.3659461 1.6490177 1.3698617 1.3668464 1.5137854 1.5941388 1.2775605 1.2900148 1.3468147 1.2687682 1.4496241 1.4937974 1.3565772 1.4413375 1.3900395 1.2183736 1.4244130 1.2627849 1.6879329 1.3494190 1.4776576 1.5085901 1.4029298 1.4360429 1.5066261 1.4798474 1.3461608 1.5128047 1.5759339 1.5666008 1.6197476 1.5946139 1.6016226 1.6462324 1.6432196 1.6489362 1.2147320 1.4527111 1.5333209 0.8731377 0.9398554 0.8609951 0.9639016 1.0697494 0.0000000 1.3290363 1.5223977 1.1225503 1.1045897 1.1505891 1.8875036 1.3300955 1.0976088 1.8544952 1.9888428 2.2741545 2.5852489 2.2090246 1.9219784 2.5528555 2.1793169 2.0043745 2.2494705 2.0253323 2.3784843 2.1631685 1.5076905 2.3998972 2.8006901 
Choper_EP00045_Choanoeca_perplexa_P014337          1.3844155 1.2344133 1.2419847 1.5561364 1.2562211 1.6475498 1.2210665 1.1670970 1.3099620 1.3306221 1.2213147 1.2183519 1.3130012 1.2166710 1.3141962 1.3666806 1.3701078 1.2881826 1.4133028 1.0448056 1.4135721 1.1918230 1.7277103 1.3882399 1.4229218 1.4426276 1.6008624 1.5310667 1.6222734 1.4898659 1.4346851 1.6173633 1.4885879 1.3244890 1.3483130 1.3388085 1.3363360 1.3810790 1.3787365 1.3854725 1.3160612 1.4213044 1.5081070 1.0882032 1.1654119 1.2153623 1.4000942 0.9203100 1.3290363 0.0000000 0.3461151 1.3948662 1.0456751 1.4793813 2.2841463 1.1770847 1.1427083 1.6817205 2.0445706 1.8791670 1.9475067 1.7086757 1.6565845 2.2579378 2.1004117 1.6802474 2.2056033 1.8748095 2.4317056 2.5050018 1.5216092 2.4685421 2.8442726 
Chofle_EP00730_Choanoeca_flexa_P017123             1.5672097 1.3126280 1.4798962 1.8848759 1.4263219 3.0886673 1.2566800 1.4209136 1.3374155 1.3671619 1.2891698 1.2606714 1.6415198 1.4560988 1.5166439 1.5020497 1.4395253 1.5154852 1.5224305 1.1788796 1.6052417 1.4883573 1.6739297 1.6397371 1.6550293 1.7411864 1.7651995 1.6821180 1.5289786 1.4969715 1.5157569 1.8923982 1.7864286 1.5582525 1.5190669 1.4679170 1.4474083 1.5111745 1.5072659 1.5390508 1.3102062 1.6056308 1.6779004 1.2504086 1.4170357 1.4753910 1.4751330 0.9955471 1.5223977 0.3461151 0.0000000 1.4935257 1.1014157 1.4071918 2.1331711 1.2718356 1.2811682 1.6881801 2.2502350 1.8887956 1.7666179 1.8946691 1.7246981 2.3199130 1.9952554 1.8024070 2.0848894 2.0386415 1.9533626 2.0591990 1.2129455 4.7365932 2.8695196 
