73
Hsap_ENST00000274311                                 0.0000000 0.5375018 0.4772521 0.4574664 0.4744880 0.5678535 0.4899899 0.5542862 0.4951923 0.6036391 0.5804176 0.5741026 0.5855623 0.5647355 0.5632404 0.5657304 0.6016778 0.5636538 0.6922218 0.5885908 0.5271041 0.5949009 0.5263182 0.5741250 0.5958282 0.6029946 0.5107399 0.5597999 0.5720928 0.5214289 0.5697060 0.5789861 0.6213942 0.7368234 0.5495258 0.6290622 0.6751037 0.7188971 0.6924046 0.7504408 0.7009497 0.6779137 0.8736405 0.8531073 0.8490283 0.8767438 0.6616800 0.7125170 0.8827420 0.8710848 0.8738907 0.8446814 0.9792495 0.9416523 0.9412544 0.8928367 0.8967617 0.8308828 0.8712246 0.8744002 0.7982218 0.8423662 0.9579914 0.9732262 1.1131597 0.9899985 0.9471894 1.0829445 1.2627452 1.0760065 0.6360566 1.0912047 1.9080995 
Bralan_BLAG01001244_1                                0.5375018 0.0000000 0.4559492 0.4670291 0.4175372 0.5247527 0.4859496 0.4648021 0.4956544 0.5988033 0.5906221 0.5531721 0.6082998 0.6100714 0.5686957 0.5390916 0.5876064 0.5089902 0.6051994 0.5532723 0.4901725 0.5543796 0.4680919 0.5522892 0.6082677 0.5872839 0.5307919 0.5562811 0.5539041 0.4982048 0.5645940 0.6608963 0.6249850 0.6786487 0.5190028 0.6660436 0.7041547 0.6162790 0.7084269 0.5141106 0.6947263 0.7179845 0.8565457 0.8350312 0.7974245 0.8273120 0.6716284 0.7788081 0.8757143 0.8768102 0.9032362 0.8763406 1.1201087 0.9680032 0.9719243 0.8559710 0.8521823 0.8006404 0.9940004 0.9572242 0.9592152 0.9915936 0.8467165 0.9749276 1.2197138 1.0674766 0.9957498 1.0369586 1.3478180 1.1627094 0.5733561 1.0040459 1.8709996 
Spur_XM_785294.4                                     0.4772521 0.4559492 0.0000000 0.4159672 0.3914855 0.4779642 0.4171548 0.4719374 0.4396115 0.5354564 0.4952660 0.4518777 0.4691199 0.5341583 0.4771391 0.4666236 0.5046117 0.4888066 0.6528158 0.5387977 0.5063805 0.5728423 0.4976555 0.4864444 0.5679718 0.5810362 0.5341249 0.5410739 0.5932364 0.5200410 0.5299219 0.6298944 0.6658946 0.6317186 0.5084278 0.5831525 0.7159472 0.6675571 0.6862406 0.6867075 0.7076677 0.6938452 0.8651193 0.8126932 0.7519601 0.8000478 0.6622872 0.7381030 0.9097115 0.8496951 0.9570723 0.9293302 1.1229050 0.9293916 0.9298314 0.8912222 0.8754789 0.8414583 0.9345802 0.8946398 0.7858866 0.8071450 0.9358970 1.0174182 1.2452340 1.1796578 1.0327583 1.0989596 1.2858125 1.1057538 0.5304543 1.0092073 1.5536837 
Skow_XM_002741200.2                                  0.4574664 0.4670291 0.4159672 0.0000000 0.4350102 0.3986949 0.3200429 0.4451043 0.4391806 0.5777441 0.4984840 0.4235528 0.4350577 0.5620897 0.4901633 0.5043882 0.5199918 0.4581419 0.5160928 0.4542858 0.5469768 0.5761405 0.4883836 0.5581914 0.5206052 0.5437798 0.5306045 0.5938743 0.4570211 0.4668304 0.4912569 0.5261784 0.5945928 0.4896667 0.4753988 0.5464861 0.6475065 0.6575921 0.6258031 0.6392410 0.7726837 0.6701758 0.7551603 0.7268352 0.7602592 0.7602592 0.6494777 0.8092372 0.9040720 0.8873192 1.0160833 0.9366662 1.1824607 0.9054431 0.9090399 0.8829820 0.9581902 0.7161350 0.9373479 0.9088727 0.8134123 0.7489187 0.8131651 0.7834121 1.3945819 1.1637958 1.0621301 1.1730979 1.2077705 1.0892441 0.4265775 2.4149759 0.7422625 
Cscu_XM_023375249.1                                  0.4744880 0.4175372 0.3914855 0.4350102 0.0000000 0.4465305 0.3934799 0.4862766 0.4355393 0.5873026 0.5541474 0.4791233 0.4939718 0.4412859 0.4124487 0.3945780 0.4613448 0.4904498 0.5954858 0.5355811 0.4395150 0.4810239 0.4398102 0.4298936 0.4603122 0.5229068 0.5037035 0.5160170 0.5787837 0.5236261 0.6085111 0.4780419 0.5997506 0.7130816 0.5507694 0.6206387 0.7083802 0.6201227 0.6877232 0.6754619 0.7430395 0.6739810 0.7729788 0.7247017 0.6921241 0.7453954 0.5902363 0.6644673 0.8227124 0.7574357 0.8584097 0.8477463 0.9867864 0.8800179 0.8811968 0.8004060 0.7606146 0.8568408 0.8867645 0.8611962 0.8385197 0.8757518 0.8186218 0.9289160 1.2162733 1.1125018 0.9826087 1.0140163 1.2231022 0.9839095 0.5355769 0.8993169 1.5720977 
Exapal_XM_021060217.2                                0.5678535 0.5247527 0.4779642 0.3986949 0.4465305 0.0000000 0.2219889 0.3057073 0.2692081 0.3520303 0.2898824 0.3335410 0.3572195 0.4077575 0.3959948 0.3762310 0.4298834 0.3365378 0.5402113 0.4739707 0.5164017 0.5184994 0.4977178 0.5642419 0.6080113 0.6482690 0.5753882 0.6086082 0.5926947 0.5342881 0.5849870 0.5327535 0.5997335 0.6983041 0.5262931 0.6671740 0.7317660 0.7146137 0.8168054 0.6110182 0.7296162 0.6323219 0.7123526 0.6723484 0.6219464 0.6736729 0.6743817 0.7662668 0.8428685 0.7774449 0.8308978 0.8417213 0.9125117 0.8841753 0.8817703 0.7989016 0.8036035 0.7792765 0.9091978 0.8555572 0.9045672 0.8135169 0.9343267 0.9895766 1.1329547 1.1492839 1.0032590 0.9673198 1.4139029 1.0649592 0.3037969 0.7924150 1.4156337 
Nvec_v1g169895                                       0.4899899 0.4859496 0.4171548 0.3200429 0.3934799 0.2219889 0.0000000 0.2825843 0.2827557 0.3864295 0.3170154 0.3157178 0.3673202 0.3814957 0.3836443 0.3570039 0.3828348 0.3791115 0.5093917 0.4813292 0.4366483 0.4462764 0.4002509 0.4761553 0.4918153 0.5917039 0.5221509 0.5308621 0.5353316 0.4601326 0.5798158 0.5131804 0.5729158 0.7147279 0.5304565 0.6285143 0.6748171 0.7215996 0.7403718 0.6266721 0.7193149 0.6107600 0.7380314 0.6820564 0.6296660 0.6728781 0.6262443 0.6419833 0.8077542 0.7904291 0.9086938 0.8835510 1.0321579 0.8270734 0.8311628 0.7617673 0.7539660 0.8369274 0.9410685 0.8633265 0.8476961 0.8478965 0.8341595 0.8833677 1.1345598 0.9492187 0.9471061 0.9906221 1.2496988 1.1053090 0.3440312 0.9001234 1.3888260 
Amil_Amillepora22692-RA                              0.5542862 0.4648021 0.4719374 0.4451043 0.4862766 0.3057073 0.2825843 0.0000000 0.1209180 0.2815744 0.2341685 0.3883982 0.4216695 0.5105488 0.4658007 0.4786815 0.5033157 0.4137627 0.5977382 0.5314335 0.5100730 0.6057233 0.4968808 0.5612544 0.5571141 0.6374925 0.6396651 0.6253573 0.5521112 0.4962919 0.5716777 0.5715141 0.5941990 0.6130878 0.5322142 0.6775536 0.6125787 0.6753465 0.7127850 0.6147518 0.6460804 0.7036168 0.6488060 0.6404129 0.6046405 0.6746554 0.7259531 0.7501786 0.7904635 0.8340468 0.8341639 0.8571270 0.8652453 0.8775692 0.8774903 0.8071344 0.8517967 0.8644358 0.9924134 0.9429093 0.9032333 0.9391887 0.9203107 0.9585678 1.2713215 1.1450924 0.9832198 1.0364513 1.2874837 1.0992667 0.0215224 0.4667513 1.2871211 
Gfas_gfas1.m1.17778.m1                               0.4951923 0.4956544 0.4396115 0.4391806 0.4355393 0.2692081 0.2827557 0.1209180 0.0000000 0.1835278 0.1499991 0.3877577 0.3907884 0.4058070 0.3746494 0.3635540 0.4123151 0.3458366 0.5221892 0.4828287 0.5031810 0.5714215 0.4864430 0.5499008 0.5505262 0.6258605 0.5853161 0.5699162 0.5709452 0.5233262 0.5960459 0.5484807 0.5786876 0.6726319 0.4893853 0.6281549 0.6316470 0.6716270 0.6724736 0.6169205 0.6596901 0.6341052 0.6722905 0.6283341 0.6014049 0.6451194 0.7101657 0.6858676 0.7881341 0.8283562 0.7562057 0.7941652 0.8272636 0.8449256 0.8510615 0.7865072 0.8089427 0.7870288 0.8730110 0.8758787 0.8598677 0.9051953 0.9042920 1.0049237 1.2217323 1.0583151 1.0539706 1.0246426 1.3412684 1.0824604 0.1754473 0.5417284 1.3270934 
Spis_XP_022794287_1                                  0.6036391 0.5988033 0.5354564 0.5777441 0.5873026 0.3520303 0.3864295 0.2815744 0.1835278 0.0000000 0.0811333 0.4259542 0.4389168 0.6392532 0.5201536 0.5048653 0.5457659 0.4157191 0.6643248 0.5736948 0.6274966 0.7820380 0.5978784 0.6758760 0.6869592 0.7691475 0.7092320 0.6004933 0.6681073 0.6441439 0.7196273 0.7451187 0.7184489 0.7661166 0.5720669 0.7413804 0.7406513 0.8217858 0.8095546 0.8715642 0.7482980 0.6916000 0.7321438 0.6912703 0.6853239 0.7350637 0.8003266 0.8669813 0.8673207 0.9404757 0.9246984 0.9147478 0.9858263 0.9185837 0.9310265 0.8861215 0.8957376 0.9070095 0.9449707 0.9728821 0.9792954 1.0015952 1.0994133 1.1157739 1.2581371 1.2624962 1.1491358 1.0483823 1.4157849 1.1537460 0.2262837 0.5842624 1.3777736 
Pocdam_XM_027181547.1                                0.5804176 0.5906221 0.4952660 0.4984840 0.5541474 0.2898824 0.3170154 0.2341685 0.1499991 0.0811333 0.0000000 0.3726280 0.3824513 0.6048125 0.5241259 0.4837186 0.5303759 0.3909835 0.5974728 0.5406323 0.5958972 0.7336412 0.6060655 0.6233914 0.6660126 0.8270543 0.7462728 0.6801257 0.6647170 0.6400410 0.6528213 0.7105436 0.7047725 0.7892909 0.5678630 0.6922729 0.7518208 0.8184746 0.8423938 0.7851013 0.7388857 0.6973359 0.7694560 0.7149591 0.6789149 0.7301866 0.7264652 0.8910684 0.9602095 0.9845525 1.0635020 0.9802284 1.1798205 0.9871733 1.0030029 0.9573746 0.9685312 0.8389212 0.8598259 0.8942887 0.9244426 0.9391773 0.9936814 1.0989092 1.1772944 1.2387093 1.1523784 1.0425453 1.3828753 1.1585675 0.2199922 0.5285837 1.3273768 
Dgig_XM_028540900.1                                  0.5741026 0.5531721 0.4518777 0.4235528 0.4791233 0.3335410 0.3157178 0.3883982 0.3877577 0.4259542 0.3726280 0.0000000 0.1227816 0.5167331 0.4807395 0.4963124 0.5154918 0.4041555 0.6136751 0.5216551 0.5098743 0.5152023 0.4924678 0.5540689 0.5839216 0.6413837 0.6167629 0.6733824 0.6220104 0.5302007 0.5977515 0.6075529 0.6062760 0.7094254 0.5829104 0.6367083 0.7120496 0.6708434 0.6917464 0.6210948 0.7366295 0.7176764 0.7773694 0.7633557 0.7284237 0.7499670 0.6951201 0.7442538 0.9379784 0.8833340 1.0327331 0.9840798 1.2372663 0.9939701 0.9885577 0.8658198 0.9217158 0.8160807 0.9655699 0.9492584 0.8501068 0.8162402 0.9329110 0.9901198 1.1269767 1.0778093 0.9765616 0.9967372 1.2882544 1.0916441 0.4043447 0.8676865 1.4729754 
Xesp_005019-T1                                       0.5855623 0.6082998 0.4691199 0.4350577 0.4939718 0.3572195 0.3673202 0.4216695 0.3907884 0.4389168 0.3824513 0.1227816 0.0000000 0.5159964 0.5024057 0.4838460 0.5301342 0.4285732 0.6313172 0.5423952 0.5238260 0.5492996 0.5090662 0.5771338 0.5812052 0.6779877 0.6327985 0.6603374 0.6357931 0.5282408 0.6001102 0.6536125 0.6476358 0.7354923 0.5975757 0.6376868 0.7319624 0.7137033 0.6881917 0.7486828 0.7865082 0.7028849 0.7829464 0.7575232 0.7275511 0.7259552 0.7407501 0.7560075 0.9302188 0.8901480 1.0205767 0.9656611 1.1893546 0.9781004 0.9728452 0.8802861 0.9535207 0.8979817 1.0200514 0.9576892 0.8659928 0.8554314 1.0402471 1.0349629 1.1979162 1.1788500 1.0076783 1.0266194 1.3362149 1.1384367 0.4471234 0.8660393 1.5370691 
Aaur_scaffold280.g14.t1                              0.5647355 0.6100714 0.5341583 0.5620897 0.4412859 0.4077575 0.3814957 0.5105488 0.4058070 0.6392532 0.6048125 0.5167331 0.5159964 0.0000000 0.1180441 0.1291066 0.2160707 0.3264421 0.4472208 0.3882448 0.5566959 0.5642333 0.5889399 0.6705393 0.6068628 0.6333347 0.6735059 0.7630475 0.6576955 0.5675431 0.5462485 0.7250282 0.6583834 0.6304800 0.6059406 0.6614340 0.7013483 0.6697663 0.7592956 0.6956770 0.8166279 0.7397883 0.7589411 0.7127900 0.7156182 0.7156182 0.6520793 0.8661635 0.8796503 0.7103810 0.8429474 0.8538185 1.0669628 0.9159396 0.9260917 0.7923043 0.8014633 0.9609507 1.0447933 0.9723859 0.9409507 0.8741087 0.8816530 0.8447018 1.1782421 1.2342414 0.9680182 1.1269494 1.2761769 1.1177190 0.4686653 2.3431786 0.6676325 
Nemnom_g18987.t1                                     0.5632404 0.5686957 0.4771391 0.4901633 0.4124487 0.3959948 0.3836443 0.4658007 0.3746494 0.5201536 0.5241259 0.4807395 0.5024057 0.1180441 0.0000000 0.0857255 0.1846057 0.3120153 0.4943903 0.4620423 0.4794234 0.5382872 0.5288305 0.6086982 0.5607607 0.6176110 0.6041987 0.6081677 0.6186528 0.5720947 0.6424437 0.6256388 0.6358123 0.8114966 0.6137198 0.6818044 0.7820163 0.7423992 0.7734759 0.6784861 0.7666889 0.7058008 0.7708276 0.7477340 0.6905790 0.7360683 0.6717926 0.7436097 0.7982565 0.7141183 0.8475659 0.8007573 1.0082119 0.8399833 0.8513966 0.7192773 0.7326313 0.9388142 0.9554444 0.9218084 0.8671710 0.9097100 0.8787082 0.9116807 1.1084242 1.1772121 0.9941703 0.9744783 1.3518937 1.1445982 0.4794334 0.9360941 1.4992368 
Rhoesc_Res_006221-T1                                 0.5657304 0.5390916 0.4666236 0.5043882 0.3945780 0.3762310 0.3570039 0.4786815 0.3635540 0.5048653 0.4837186 0.4963124 0.4838460 0.1291066 0.0857255 0.0000000 0.1846283 0.3222181 0.4761531 0.4389936 0.4830905 0.5057984 0.5221075 0.5636788 0.5498078 0.6301475 0.6352570 0.6359787 0.6183754 0.5843765 0.6401788 0.6623393 0.6774855 0.7796152 0.5627027 0.6597151 0.7591052 0.7198292 0.7665576 0.6773361 0.7682247 0.7132760 0.7792198 0.7589772 0.7008761 0.7485928 0.6425420 0.7584672 0.7901063 0.7053927 0.8050594 0.7871794 1.0081756 0.8276827 0.8390771 0.7011441 0.6995502 0.9330406 0.8943622 0.9110514 0.8821962 0.9028847 0.8778631 0.9228112 1.0845795 1.1758891 1.0153614 0.9756457 1.3164797 1.0985166 0.4644247 0.9173079 1.4977930 
Sanmal_Sma_019124-T1                                 0.6016778 0.5876064 0.5046117 0.5199918 0.4613448 0.4298834 0.3828348 0.5033157 0.4123151 0.5457659 0.5303759 0.5154918 0.5301342 0.2160707 0.1846057 0.1846283 0.0000000 0.3303048 0.4708880 0.4950494 0.5395949 0.5926735 0.5084332 0.6228828 0.6033933 0.6939972 0.6561949 0.6642758 0.6620027 0.5807153 0.6312070 0.6285889 0.6569600 0.8266097 0.6201137 0.6570846 0.7890216 0.7601221 0.8107547 0.7263944 0.8254912 0.7312460 0.7833057 0.7464969 0.7052717 0.7635325 0.6297138 0.7754289 0.8388608 0.7701646 0.8012065 0.8192147 1.0403761 0.8554248 0.8668423 0.7847305 0.7377980 0.9229851 1.0201461 0.9844306 0.9098751 0.9461184 0.9419758 0.9623675 1.1649410 1.2508158 1.0443303 1.0053081 1.2720443 1.1212431 0.5219747 1.0298253 1.4807503 
Morvir_scaffold175.g32.t1                            0.5636538 0.5089902 0.4888066 0.4581419 0.4904498 0.3365378 0.3791115 0.4137627 0.3458366 0.4157191 0.3909835 0.4041555 0.4285732 0.3264421 0.3120153 0.3222181 0.3303048 0.0000000 0.4451662 0.4303624 0.5043991 0.5970152 0.4523284 0.5677933 0.5609387 0.6578582 0.5956149 0.6212114 0.6127608 0.5575717 0.5471153 0.6261334 0.6216025 0.7741371 0.5723965 0.5906560 0.6432006 0.6608802 0.7169074 0.6023570 0.7200229 0.6569410 0.6553287 0.6244141 0.6032919 0.6137524 0.6634015 0.7640199 0.7938034 0.7702458 0.8942030 0.8213046 1.0403515 0.8851553 0.8871805 0.8156620 0.7974389 0.8053348 0.9091211 0.8954487 0.8675645 0.9176022 0.8171150 0.9433876 1.0830288 1.0968925 0.9571694 0.9358523 1.1712061 1.0490592 0.4010559 0.8515383 1.4975422 
Hvul_g22740_1                                        0.6922218 0.6051994 0.6528158 0.5160928 0.5954858 0.5402113 0.5093917 0.5977382 0.5221892 0.6643248 0.5974728 0.6136751 0.6313172 0.4472208 0.4943903 0.4761531 0.4708880 0.4451662 0.0000000 0.3141408 0.6409491 0.6519382 0.6011297 0.7175639 0.7610391 0.7433878 0.7571802 0.7331730 0.6936804 0.6245722 0.6421517 0.7229409 0.7073572 0.6594808 0.6547280 0.6453023 0.7671340 0.7323058 0.7756821 0.7070762 0.7885762 0.7772977 0.7719315 0.7418273 0.7285262 0.7285262 0.6209875 0.8449959 0.8516060 0.8706729 0.8718117 0.8485254 1.0597452 0.9423424 0.9452226 0.8182839 0.8265335 0.9137430 1.1063492 1.1400495 0.8994086 1.0215069 0.9771531 0.9651908 1.2616276 1.2910020 1.0270479 1.2181255 1.2499239 1.1746839 0.5660021 0.8253860 0.9661415 
Chem_TCONS_00024000                                  0.5885908 0.5532723 0.5387977 0.4542858 0.5355811 0.4739707 0.4813292 0.5314335 0.4828287 0.5736948 0.5406323 0.5216551 0.5423952 0.3882448 0.4620423 0.4389936 0.4950494 0.4303624 0.3141408 0.0000000 0.5069886 0.5516055 0.4818677 0.6408092 0.6388111 0.6747981 0.6448502 0.6231224 0.5919229 0.5276836 0.5923780 0.7043870 0.7676389 0.7716241 0.6173563 0.7091408 0.7333686 0.6931564 0.7392010 0.7732929 0.7549966 0.6966626 0.8016993 0.7465373 0.7317756 0.7900135 0.6965642 0.7667338 0.8606885 0.8504658 0.9629812 0.8978437 1.0942554 0.9651342 0.9681859 0.9439393 0.8865588 0.8713532 1.0336571 1.0099037 0.8449329 1.0388788 0.9589010 1.0307755 1.2864330 1.1418003 1.0605774 1.0279896 1.2814155 1.0969865 0.6291559 0.9839557 1.6097067 
Ctel_gnl_WGS_AMQN_CAPTEDRAFT_mRNA18454               0.5271041 0.4901725 0.5063805 0.5469768 0.4395150 0.5164017 0.4366483 0.5100730 0.5031810 0.6274966 0.5958972 0.5098743 0.5238260 0.5566959 0.4794234 0.4830905 0.5395949 0.5043991 0.6409491 0.5069886 0.0000000 0.3900509 0.3307335 0.5525468 0.5208205 0.6404146 0.5944128 0.5568594 0.5815689 0.5175526 0.5264448 0.5763736 0.6130993 0.7616507 0.5841480 0.6887702 0.6169786 0.6348792 0.6613335 0.5566398 0.6833058 0.7114646 0.7998487 0.7789312 0.7279710 0.7875740 0.5403010 0.6667019 0.8515969 0.8101877 1.0029617 0.9167377 1.0495889 0.9049313 0.9080770 0.8242250 0.8302246 0.8634458 0.9076947 0.8738726 0.8475630 0.9377380 0.9483446 0.9579097 1.2017709 1.0444160 0.9529259 1.0312672 1.2279518 1.0433367 0.5071545 1.1168095 1.6303817 
Cgig_XM_034462001.1                                  0.5949009 0.5543796 0.5728423 0.5761405 0.4810239 0.5184994 0.4462764 0.6057233 0.5714215 0.7820380 0.7336412 0.5152023 0.5492996 0.5642333 0.5382872 0.5057984 0.5926735 0.5970152 0.6519382 0.5516055 0.3900509 0.0000000 0.3871850 0.6023548 0.6839739 0.5488121 0.6637308 0.7392797 0.6983514 0.6389179 0.5449472 0.6089896 0.7019487 0.6408918 0.6051269 0.6570349 0.6467705 0.6789593 0.6046110 0.5468379 0.8467402 0.8041906 0.8125630 0.7891903 0.7696003 0.7696003 0.7124674 0.8361048 0.9531065 0.8766035 0.9787944 0.9859259 1.0969658 0.9475826 0.9475826 0.8725865 0.9537589 0.9320013 1.2006297 1.1544415 0.9052252 0.8658453 0.8451868 0.9147309 1.3561078 1.2460785 0.9725159 1.2347051 1.4094177 1.1059499 0.4980065 1.6812585 1.1791850 
Acagra_model.g14682.t1.1.5d3b87d1                    0.5263182 0.4680919 0.4976555 0.4883836 0.4398102 0.4977178 0.4002509 0.4968808 0.4864430 0.5978784 0.6060655 0.4924678 0.5090662 0.5889399 0.5288305 0.5221075 0.5084332 0.4523284 0.6011297 0.4818677 0.3307335 0.3871850 0.0000000 0.5259424 0.5685898 0.5887378 0.5718572 0.5635306 0.5812617 0.5179363 0.5384496 0.6283642 0.6203556 0.7723575 0.5861652 0.6757220 0.6384470 0.6713685 0.6789369 0.6059915 0.6900720 0.6532235 0.7822659 0.7601061 0.6919179 0.7189670 0.5349949 0.7076902 0.8363450 0.8553599 0.8668416 0.8853618 0.8477430 0.8665455 0.8637045 0.8635894 0.8047388 0.8257986 0.9531824 0.8592716 0.8327676 0.9181051 0.9258721 0.9742576 1.2255701 1.1545455 1.0162687 1.0295178 1.1702653 1.1230664 0.4911327 1.0485187 1.6074292 
Tcas_TC001682_001                                    0.5741250 0.5522892 0.4864444 0.5581914 0.4298936 0.5642419 0.4761553 0.5612544 0.5499008 0.6758760 0.6233914 0.5540689 0.5771338 0.6705393 0.6086982 0.5636788 0.6228828 0.5677933 0.7175639 0.6408092 0.5525468 0.6023548 0.5259424 0.0000000 0.5169407 0.6367147 0.6671879 0.7115094 0.6615546 0.6708069 0.6943691 0.6636618 0.6987151 0.8688457 0.6825851 0.6189463 0.6502479 0.6122450 0.6856679 0.6933432 0.8236167 0.7793691 0.8943931 0.8781348 0.8121250 0.8711552 0.6760736 0.7831668 0.9145176 0.8930321 1.1081572 1.0793420 1.2581707 0.9793443 0.9759457 0.9112743 0.9098407 0.9049425 1.0200753 1.0249058 0.9031554 0.9409458 0.9725937 0.9817864 1.1904716 1.1736104 1.0116612 1.0530555 1.2309378 1.0449341 0.6093172 1.0878084 1.7686625 
Dpul_mRNA4678                                        0.5958282 0.6082677 0.5679718 0.5206052 0.4603122 0.6080113 0.4918153 0.5571141 0.5505262 0.6869592 0.6660126 0.5839216 0.5812052 0.6068628 0.5607607 0.5498078 0.6033933 0.5609387 0.7610391 0.6388111 0.5208205 0.6839739 0.5685898 0.5169407 0.0000000 0.7045264 0.6645298 0.6950173 0.6364982 0.5852265 0.6109270 0.5838415 0.7018725 0.8742121 0.7277970 0.6706167 0.6659948 0.7317680 0.7259325 0.8283221 0.8550725 0.7315031 0.9021703 0.8915257 0.8714262 0.8910515 0.7277435 0.7232211 0.8104950 0.8179894 0.9312117 0.9353602 0.8057416 0.8559760 0.8571120 0.8606765 0.8541132 0.9085631 0.9994771 1.0055867 0.9205859 0.9041695 0.9381042 0.9661800 1.1664388 1.1802614 1.0376248 1.0440027 1.3110402 1.1021995 0.5844465 1.1161882 1.7734343 
Aque_Aqu2.1.20546_001                                0.6029946 0.5872839 0.5810362 0.5437798 0.5229068 0.6482690 0.5917039 0.6374925 0.6258605 0.7691475 0.8270543 0.6413837 0.6779877 0.6333347 0.6176110 0.6301475 0.6939972 0.6578582 0.7433878 0.6747981 0.6404146 0.5488121 0.5887378 0.6367147 0.7045264 0.0000000 0.1924683 0.2344337 0.4256507 0.3789346 0.4581478 0.4028230 0.5385763 0.7271671 0.5696870 0.6632434 0.7761233 0.7028036 0.7673426 0.7610442 0.7658241 0.7192465 0.8139814 0.8038496 0.8327260 0.8544679 0.7093485 0.7494692 0.8501470 0.8121064 0.9187634 0.8879004 1.0804036 0.8966150 0.8952464 0.8023770 0.8690506 0.8662435 1.1072960 1.0662064 0.9670861 0.9958234 0.9526604 1.0236905 1.2792832 1.2422044 1.1970133 1.1331961 1.3111422 1.0809545 0.7802169 1.2375747 1.9286077 
Halamb_c50174_g2_i1mm.3389                           0.5107399 0.5307919 0.5341249 0.5306045 0.5037035 0.5753882 0.5221509 0.6396651 0.5853161 0.7092320 0.7462728 0.6167629 0.6327985 0.6735059 0.6041987 0.6352570 0.6561949 0.5956149 0.7571802 0.6448502 0.5944128 0.6637308 0.5718572 0.6671879 0.6645298 0.1924683 0.0000000 0.1826163 0.3621755 0.3330787 0.3734148 0.3948986 0.4986574 0.5899118 0.5031716 0.5607582 0.7155170 0.6795681 0.7114635 0.6738264 0.7242226 0.7486852 0.7990698 0.7895744 0.8112122 0.8529652 0.6404632 0.7090765 0.7878719 0.7614238 0.9010114 0.8819544 1.0162450 0.8332049 0.8307567 0.7588449 0.8061882 0.8421618 0.9852532 0.9368114 0.8981133 0.9188234 0.9285498 0.9334356 1.2758615 1.1559806 1.0954406 1.0114376 1.2057288 1.0040500 0.6337752 1.0325690 1.7776660 
Xestes_maker-XT_scaffold118528-snap-gene-0.22-mRNA-1 0.5597999 0.5562811 0.5410739 0.5938743 0.5160170 0.6086082 0.5308621 0.6253573 0.5699162 0.6004933 0.6801257 0.6733824 0.6603374 0.7630475 0.6081677 0.6359787 0.6642758 0.6212114 0.7331730 0.6231224 0.5568594 0.7392797 0.5635306 0.7115094 0.6950173 0.2344337 0.1826163 0.0000000 0.4013421 0.3520436 0.3904218 0.4007008 0.5428396 0.6628064 0.5353134 0.5717017 0.6850603 0.7111143 0.6973918 0.8204269 0.7454734 0.7627202 0.7731671 0.7601550 0.7719973 0.8508366 0.5753282 0.7576130 0.7873268 0.7986638 0.9279477 0.9026972 0.9479934 0.8593091 0.8574981 0.8283640 0.8051419 0.8752053 0.9788936 0.9547687 0.9745433 0.9910077 1.0992702 1.0729272 1.2207308 1.2374192 1.1604782 1.0239957 1.3550199 1.1741905 0.6424330 1.0469915 1.6743940 
Tetwil_g2313.t2                                      0.5720928 0.5539041 0.5932364 0.4570211 0.5787837 0.5926947 0.5353316 0.5521112 0.5709452 0.6681073 0.6647170 0.6220104 0.6357931 0.6576955 0.6186528 0.6183754 0.6620027 0.6127608 0.6936804 0.5919229 0.5815689 0.6983514 0.5812617 0.6615546 0.6364982 0.4256507 0.3621755 0.4013421 0.0000000 0.2379532 0.3903342 0.3938623 0.4443865 0.6396127 0.4913676 0.6464795 0.6613401 0.6503560 0.7164836 0.7191724 0.7808935 0.6976883 0.7402003 0.7440076 0.7308864 0.7533469 0.6865849 0.7496682 0.8429734 0.8426213 1.0213137 0.9395781 1.1007782 0.8997200 0.9071194 0.8284406 0.8704873 0.8530473 0.9531571 0.9390586 1.0026546 1.0370059 1.0331338 1.0162773 1.2461572 1.2939193 1.1752461 1.1642606 1.4058127 1.1471149 0.5978161 1.2613453 1.7560296 
Stycar_maker-SC_scaffold5610-snap-gene-0.44-mRNA-1   0.5214289 0.4982048 0.5200410 0.4668304 0.5236261 0.5342881 0.4601326 0.4962919 0.5233262 0.6441439 0.6400410 0.5302007 0.5282408 0.5675431 0.5720947 0.5843765 0.5807153 0.5575717 0.6245722 0.5276836 0.5175526 0.6389179 0.5179363 0.6708069 0.5852265 0.3789346 0.3330787 0.3520436 0.2379532 0.0000000 0.3163806 0.3650840 0.3978474 0.5943839 0.4482249 0.5558863 0.6446959 0.6387290 0.6629659 0.6656809 0.7689845 0.6770913 0.7514761 0.7404138 0.6945089 0.7235739 0.6589433 0.7010891 0.8046963 0.7870789 0.8025142 0.8092180 0.8839527 0.8882106 0.8832402 0.8130623 0.8487583 0.8350382 0.9977955 0.9341027 0.9076309 0.9616666 0.9364070 0.8637784 1.2880306 1.2692100 1.1237022 1.1359826 1.3651311 1.0588494 0.6182940 1.1880044 1.7257064 
Plespi_Pspi_scaffold15063_01                         0.5697060 0.5645940 0.5299219 0.4912569 0.6085111 0.5849870 0.5798158 0.5716777 0.5960459 0.7196273 0.6528213 0.5977515 0.6001102 0.5462485 0.6424437 0.6401788 0.6312070 0.5471153 0.6421517 0.5923780 0.5264448 0.5449472 0.5384496 0.6943691 0.6109270 0.4581478 0.3734148 0.3904218 0.3903342 0.3163806 0.0000000 0.4907871 0.5002719 0.6685069 0.4641200 0.7014310 0.6974361 0.6731241 0.7554656 0.6411170 0.8170061 0.7830800 0.8021633 0.7275560 0.6880153 0.8031449 0.8286158 0.7890107 0.9186951 0.9050305 0.9619261 0.9177571 1.2895435 0.9924894 0.9823667 0.8853815 0.8931086 0.9470230 1.1268497 1.0899611 0.9178689 1.0413098 0.9370461 0.8823371 1.4193761 1.2056253 1.2690603 1.2903567 1.3934533 1.2040846 0.6159980 1.2239841 1.8020984 
Emue_Em0015g1050a.t1                                 0.5789861 0.6608963 0.6298944 0.5261784 0.4780419 0.5327535 0.5131804 0.5715141 0.5484807 0.7451187 0.7105436 0.6075529 0.6536125 0.7250282 0.6256388 0.6623393 0.6285889 0.6261334 0.7229409 0.7043870 0.5763736 0.6089896 0.6283642 0.6636618 0.5838415 0.4028230 0.3948986 0.4007008 0.3938623 0.3650840 0.4907871 0.0000000 0.0874200 0.5932111 0.5732371 0.5981196 0.6798728 0.6390993 0.7026043 0.7079174 0.8834876 0.8010393 0.8133674 0.8031005 0.8275445 0.7964575 0.6381214 0.7275419 0.8858642 0.8491011 1.0385483 0.8721633 1.1182414 0.8970270 0.9032198 0.9100277 0.8849342 0.8579296 0.9961213 0.9295215 0.8696547 0.9045471 0.8977156 0.7252339 1.3204639 1.0847072 1.0844949 1.1753836 1.2757869 1.1480562 0.5406057 0.7769475 1.3671318 
Spolac_c96818_g1_i1_m.13792c96818-g1                 0.6213942 0.6249850 0.6658946 0.5945928 0.5997506 0.5997335 0.5729158 0.5941990 0.5786876 0.7184489 0.7047725 0.6062760 0.6476358 0.6583834 0.6358123 0.6774855 0.6569600 0.6216025 0.7073572 0.7676389 0.6130993 0.7019487 0.6203556 0.6987151 0.7018725 0.5385763 0.4986574 0.5428396 0.4443865 0.3978474 0.5002719 0.0874200 0.0000000 0.7424446 0.5771282 0.7822482 0.8065135 0.7854740 0.8519116 0.7322398 0.9015307 0.8171775 0.7697778 0.7607829 0.7868677 0.8104998 0.6938159 0.8088140 0.9268489 0.9356123 0.9781707 0.8910481 1.0787382 1.0384606 1.0369436 0.9671242 0.9330771 0.9320646 1.0607593 1.0462600 0.9833005 0.9970476 1.0360854 0.9014859 1.1935982 1.2179228 1.0288296 1.1221555 1.4021902 1.1995390 0.6345727 1.3350035 2.0085732 
Ocar_g7553                                           0.7368234 0.6786487 0.6317186 0.4896667 0.7130816 0.6983041 0.7147279 0.6130878 0.6726319 0.7661166 0.7892909 0.7094254 0.7354923 0.6304800 0.8114966 0.7796152 0.8266097 0.7741371 0.6594808 0.7716241 0.7616507 0.6408918 0.7723575 0.8688457 0.8742121 0.7271671 0.5899118 0.6628064 0.6396127 0.5943839 0.6685069 0.5932111 0.7424446 0.0000000 0.0964672 0.8660859 0.8393197 0.8271332 0.8029375 0.6563820 0.9756844 0.9060911 0.9150970 0.8943529 0.8892133 0.7862969 1.0328833 0.9281666 1.1067422 1.1125996 0.9700049 0.9578340 1.0644418 1.1684266 1.1728634 1.1184199 1.1284198 1.0764327 1.3507519 1.2538097 1.1799352 1.1505872 1.1640255 1.1470176 1.5632018 1.4565336 1.3994088 1.4326660 1.6233583 1.3916693 0.7647100 1.4845380 1.7908716 
Opea_EP00118_Oscarella_pearsei_P015218               0.5495258 0.5190028 0.5084278 0.4753988 0.5507694 0.5262931 0.5304565 0.5322142 0.4893853 0.5720669 0.5678630 0.5829104 0.5975757 0.6059406 0.6137198 0.5627027 0.6201137 0.5723965 0.6547280 0.6173563 0.5841480 0.6051269 0.5861652 0.6825851 0.7277970 0.5696870 0.5031716 0.5353134 0.4913676 0.4482249 0.4641200 0.5732371 0.5771282 0.0964672 0.0000000 0.6481052 0.6948563 0.6836690 0.6981920 0.6748232 0.7928151 0.7335188 0.7774527 0.7238871 0.7327239 0.7520956 0.7341647 0.7537041 0.8525653 0.8778684 0.9000750 0.9189350 1.0644418 0.9430596 0.9467363 0.8995179 0.8986081 0.8605846 1.0718474 0.9999866 0.9753769 0.9429831 0.9668282 0.9484107 1.2586335 1.1818782 1.1510100 1.1789469 1.3583050 1.1289234 0.5501138 1.2533703 1.7319186 
Scil_scict024051.1                                   0.6290622 0.6660436 0.5831525 0.5464861 0.6206387 0.6671740 0.6285143 0.6775536 0.6281549 0.7413804 0.6922729 0.6367083 0.6376868 0.6614340 0.6818044 0.6597151 0.6570846 0.5906560 0.6453023 0.7091408 0.6887702 0.6570349 0.6757220 0.6189463 0.6706167 0.6632434 0.5607582 0.5717017 0.6464795 0.5558863 0.7014310 0.5981196 0.7822482 0.8660859 0.6481052 0.0000000 0.2810291 0.3231385 0.3611136 0.3746517 0.7220322 0.7481918 0.9313217 0.8715734 0.8892627 0.9585589 0.7416582 0.7811102 0.8576100 0.8622369 0.8578464 0.8087794 1.3194542 0.8999422 0.9018500 0.9089141 0.8875204 0.9473645 1.0058144 1.0209163 0.9398522 0.9141986 1.0714739 0.9019806 1.4401373 1.1949549 1.2213801 1.2021079 1.3436839 1.2555455 0.7320895 1.3187015 1.8783434 
Gracom_Gcom_C558022_01                               0.6751037 0.7041547 0.7159472 0.6475065 0.7083802 0.7317660 0.6748171 0.6125787 0.6316470 0.7406513 0.7518208 0.7120496 0.7319624 0.7013483 0.7820163 0.7591052 0.7890216 0.6432006 0.7671340 0.7333686 0.6169786 0.6467705 0.6384470 0.6502479 0.6659948 0.7761233 0.7155170 0.6850603 0.6613401 0.6446959 0.6974361 0.6798728 0.8065135 0.8393197 0.6948563 0.2810291 0.0000000 0.2862840 0.3780448 0.4837358 0.7917612 0.7814867 0.8410747 0.8136837 0.7965302 0.8069942 0.7914398 0.9161674 0.9174689 0.9774957 0.9985968 0.9757197 0.9105633 1.0191270 1.0204130 0.9655276 1.0077697 0.9544120 0.9931483 1.0314481 0.9627343 0.9804214 1.0831108 1.0141796 1.5156340 1.3388361 1.1988077 1.2297174 1.3501895 1.3038294 0.7613768 1.4519007 2.1204171 
Lcom_lcpid43465                                      0.7188971 0.6162790 0.6675571 0.6575921 0.6201227 0.7146137 0.7215996 0.6753465 0.6716270 0.8217858 0.8184746 0.6708434 0.7137033 0.6697663 0.7423992 0.7198292 0.7601221 0.6608802 0.7323058 0.6931564 0.6348792 0.6789593 0.6713685 0.6122450 0.7317680 0.7028036 0.6795681 0.7111143 0.6503560 0.6387290 0.6731241 0.6390993 0.7854740 0.8271332 0.6836690 0.3231385 0.2862840 0.0000000 0.4283039 0.4524817 0.8100519 0.8192212 0.9030906 0.8751206 0.9069286 0.9194922 0.7603492 0.8613490 0.8976014 0.8877096 1.0335675 0.9398744 1.1570652 0.9975316 0.9990335 0.9072869 0.9206006 0.8982334 1.0348107 1.0564861 0.9150725 1.0111812 1.0055570 1.0292223 1.4213949 1.2964512 1.2106064 1.1614365 1.2475194 1.1665447 0.7482366 1.4346014 2.0389507 
Leuniv_Lniv_scaffold17744_01                         0.6924046 0.7084269 0.6862406 0.6258031 0.6877232 0.8168054 0.7403718 0.7127850 0.6724736 0.8095546 0.8423938 0.6917464 0.6881917 0.7592956 0.7734759 0.7665576 0.8107547 0.7169074 0.7756821 0.7392010 0.6613335 0.6046110 0.6789369 0.6856679 0.7259325 0.7673426 0.7114635 0.6973918 0.7164836 0.6629659 0.7554656 0.7026043 0.8519116 0.8029375 0.6981920 0.3611136 0.3780448 0.4283039 0.0000000 0.5773644 0.8418573 0.7486560 0.9442359 0.8925560 0.9013083 0.9242479 0.8058680 0.8810923 1.0385316 1.0648389 1.2331947 1.1132907 1.1620209 1.1522002 1.1522641 1.0283432 1.0390315 1.0117535 1.0949823 1.1509675 0.9940657 1.0415619 1.1830808 1.0507962 1.4263193 1.2385231 1.1369733 1.1948991 1.3539348 1.3073840 0.7488337 1.3376039 2.0650019 
Clacor_Ccor_scaffold70_01                            0.7504408 0.5141106 0.6867075 0.6392410 0.6754619 0.6110182 0.6266721 0.6147518 0.6169205 0.8715642 0.7851013 0.6210948 0.7486828 0.6956770 0.6784861 0.6773361 0.7263944 0.6023570 0.7070762 0.7732929 0.5566398 0.5468379 0.6059915 0.6933432 0.8283221 0.7610442 0.6738264 0.8204269 0.7191724 0.6656809 0.6411170 0.7079174 0.7322398 0.6563820 0.6748232 0.3746517 0.4837358 0.4524817 0.5773644 0.0000000 0.8322484 0.8464765 0.8080638 0.7991878 0.8039993 0.7541732 0.8282803 0.9694479 1.0502415 1.0212167 1.1270862 1.0693603 1.0480792 1.0712141 1.0712853 0.9998953 1.0792840 0.9657860 1.2378435 1.1880002 1.0916446 1.1015675 1.1069095 1.0365851 1.5779372 1.3847208 1.0399197 1.1863883 1.5491346 1.4281707 0.5416812 2.1378858 1.1053004 
Salurc_EP00051_Salpingoeca_urceolata_P005141         0.7009497 0.6947263 0.7076677 0.7726837 0.7430395 0.7296162 0.7193149 0.6460804 0.6596901 0.7482980 0.7388857 0.7366295 0.7865082 0.8166279 0.7666889 0.7682247 0.8254912 0.7200229 0.7885762 0.7549966 0.6833058 0.8467402 0.6900720 0.8236167 0.8550725 0.7658241 0.7242226 0.7454734 0.7808935 0.7689845 0.8170061 0.8834876 0.9015307 0.9756844 0.7928151 0.7220322 0.7917612 0.8100519 0.8418573 0.8322484 0.0000000 0.6656453 1.0430077 1.0317505 0.9837236 1.0383009 0.6186912 0.6962341 0.8985465 0.9782534 1.0720195 0.9793611 1.2411440 0.9667669 0.9659676 0.9527797 1.0321424 0.8142287 1.0318226 1.0471380 0.9664255 0.9201629 1.0362989 1.0617839 1.0899267 0.9721079 0.8909082 0.9138343 1.2882244 1.1461462 0.7462253 1.3769362 2.2338101 
Saldol_EP00054_Salpingoeca_dolichothecata_P020600    0.6779137 0.7179845 0.6938452 0.6701758 0.6739810 0.6323219 0.6107600 0.7036168 0.6341052 0.6916000 0.6973359 0.7176764 0.7028849 0.7397883 0.7058008 0.7132760 0.7312460 0.6569410 0.7772977 0.6966626 0.7114646 0.8041906 0.6532235 0.7793691 0.7315031 0.7192465 0.7486852 0.7627202 0.6976883 0.6770913 0.7830800 0.8010393 0.8171775 0.9060911 0.7335188 0.7481918 0.7814867 0.8192212 0.7486560 0.8464765 0.6656453 0.0000000 0.8668365 0.8392868 0.7936659 0.8616952 0.5868280 0.6637372 0.8377545 0.8717936 1.0452628 0.9584718 0.9598954 0.9298665 0.9318477 0.9125008 0.9397776 0.7184480 0.8589515 0.8658082 0.9111115 0.9150892 1.0307882 0.9426186 1.2461414 1.0343631 0.9415254 0.9683921 1.1760572 1.1173196 0.6990046 1.2167438 2.2184282 
HoiH06_mRNA6165                                      0.8736405 0.8565457 0.8651193 0.7551603 0.7729788 0.7123526 0.7380314 0.6488060 0.6722905 0.7321438 0.7694560 0.7773694 0.7829464 0.7589411 0.7708276 0.7792198 0.7833057 0.6553287 0.7719315 0.8016993 0.7998487 0.8125630 0.7822659 0.8943931 0.9021703 0.8139814 0.7990698 0.7731671 0.7402003 0.7514761 0.8021633 0.8133674 0.7697778 0.9150970 0.7774527 0.9313217 0.8410747 0.9030906 0.9442359 0.8080638 1.0430077 0.8668365 0.0000000 0.0561837 0.1142491 0.1328101 1.0900404 1.0556209 1.0580379 1.0880181 0.9596839 1.0365723 0.9493673 1.0975674 1.1114177 1.0553859 1.0175402 1.0649605 1.3661185 1.3574228 1.2996006 1.2935992 1.1350723 1.1794232 1.4727505 1.5259806 1.2981618 1.4096866 1.5738978 1.3777513 0.7657120 1.4298105 1.9515440 
HoiH23_PlH23_001853-RA                               0.8531073 0.8350312 0.8126932 0.7268352 0.7247017 0.6723484 0.6820564 0.6404129 0.6283341 0.6912703 0.7149591 0.7633557 0.7575232 0.7127900 0.7477340 0.7589772 0.7464969 0.6244141 0.7418273 0.7465373 0.7789312 0.7891903 0.7601061 0.8781348 0.8915257 0.8038496 0.7895744 0.7601550 0.7440076 0.7404138 0.7275560 0.8031005 0.7607829 0.8943529 0.7238871 0.8715734 0.8136837 0.8751206 0.8925560 0.7991878 1.0317505 0.8392868 0.0561837 0.0000000 0.1121448 0.1426258 1.0474626 1.0012906 1.0165828 1.0400007 0.9498160 1.0142539 0.9422863 1.0685659 1.0816342 1.0350350 0.9795703 1.0864613 1.2842250 1.2729958 1.2063074 1.2491138 1.1358786 1.1495389 1.4963248 1.4788799 1.2924200 1.3500421 1.5065197 1.3164042 0.7504376 1.2758500 1.9460184 
Hhon_g06548.t1                                       0.8490283 0.7974245 0.7519601 0.7602592 0.6921241 0.6219464 0.6296660 0.6046405 0.6014049 0.6853239 0.6789149 0.7284237 0.7275511 0.7156182 0.6905790 0.7008761 0.7052717 0.6032919 0.7285262 0.7317756 0.7279710 0.7696003 0.6919179 0.8121250 0.8714262 0.8327260 0.8112122 0.7719973 0.7308864 0.6945089 0.6880153 0.8275445 0.7868677 0.8892133 0.7327239 0.8892627 0.7965302 0.9069286 0.9013083 0.8039993 0.9837236 0.7936659 0.1142491 0.1121448 0.0000000 0.0292307 0.9769012 0.9598105 1.0082225 1.0112996 0.9710331 1.0437105 0.9880602 1.0393541 1.0522151 0.9616323 0.9200570 1.0715766 1.2791336 1.2561904 1.2072507 1.2321032 1.0934702 1.1954840 1.5108472 1.4899840 1.2399146 1.3252724 1.5230369 1.3682881 0.7324802 1.1024025 1.8848097 
HoiH04_mRNA14924                                     0.8767438 0.8273120 0.8000478 0.7602592 0.7453954 0.6736729 0.6728781 0.6746554 0.6451194 0.7350637 0.7301866 0.7499670 0.7259552 0.7156182 0.7360683 0.7485928 0.7635325 0.6137524 0.7285262 0.7900135 0.7875740 0.7696003 0.7189670 0.8711552 0.8910515 0.8544679 0.8529652 0.8508366 0.7533469 0.7235739 0.8031449 0.7964575 0.8104998 0.7862969 0.7520956 0.9585589 0.8069942 0.9194922 0.9242479 0.7541732 1.0383009 0.8616952 0.1328101 0.1426258 0.0292307 0.0000000 1.0746867 1.0651385 1.0571705 1.0432110 0.9710331 1.0464164 0.9880602 1.0562058 1.0705366 1.0092429 0.9680304 1.1165905 1.3394301 1.3065819 1.2573429 1.3067525 1.1077533 1.2169538 1.5532441 1.5704595 1.3139434 1.3975078 1.5337725 1.4083895 0.7624663 0.7738692 1.8998219 
Salmac_EP00052_Salpingoeca_macrocollata_P015109      0.6616800 0.6716284 0.6622872 0.6494777 0.5902363 0.6743817 0.6262443 0.7259531 0.7101657 0.8003266 0.7264652 0.6951201 0.7407501 0.6520793 0.6717926 0.6425420 0.6297138 0.6634015 0.6209875 0.6965642 0.5403010 0.7124674 0.5349949 0.6760736 0.7277435 0.7093485 0.6404632 0.5753282 0.6865849 0.6589433 0.8286158 0.6381214 0.6938159 1.0328833 0.7341647 0.7416582 0.7914398 0.7603492 0.8058680 0.8282803 0.6186912 0.5868280 1.0900404 1.0474626 0.9769012 1.0746867 0.0000000 0.4836825 0.8941580 0.9090020 0.9817306 0.8596572 2.3292220 0.9563740 0.9515282 0.9232930 0.8540842 0.8782284 0.9385739 0.9359262 0.8822198 0.8884486 0.7811692 0.9850816 1.1670104 0.8821765 0.8835684 1.0289546 1.3383299 1.1723491 0.7868499 1.2859853 1.9256933 
Salpun_EP00053_Salpingoeca_punica_P009830            0.7125170 0.7788081 0.7381030 0.8092372 0.6644673 0.7662668 0.6419833 0.7501786 0.6858676 0.8669813 0.8910684 0.7442538 0.7560075 0.8661635 0.7436097 0.7584672 0.7754289 0.7640199 0.8449959 0.7667338 0.6667019 0.8361048 0.7076902 0.7831668 0.7232211 0.7494692 0.7090765 0.7576130 0.7496682 0.7010891 0.7890107 0.7275419 0.8088140 0.9281666 0.7537041 0.7811102 0.9161674 0.8613490 0.8810923 0.9694479 0.6962341 0.6637372 1.0556209 1.0012906 0.9598105 1.0651385 0.4836825 0.0000000 0.8971247 0.9712289 1.0571268 1.0021786 1.1689953 1.0107676 1.0072476 0.9781889 0.9982154 0.8560551 1.0693982 1.0516731 0.9411717 0.9365930 0.9300317 1.0428919 1.2374764 1.0703154 0.9825645 1.0427898 1.3255531 1.1768482 0.7653547 1.4280723 1.7806218 
Mlei_ML3588.g19.i1                                   0.8827420 0.8757143 0.9097115 0.9040720 0.8227124 0.8428685 0.8077542 0.7904635 0.7881341 0.8673207 0.9602095 0.9379784 0.9302188 0.8796503 0.7982565 0.7901063 0.8388608 0.7938034 0.8516060 0.8606885 0.8515969 0.9531065 0.8363450 0.9145176 0.8104950 0.8501470 0.7878719 0.7873268 0.8429734 0.8046963 0.9186951 0.8858642 0.9268489 1.1067422 0.8525653 0.8576100 0.9174689 0.8976014 1.0385316 1.0502415 0.8985465 0.8377545 1.0580379 1.0165828 1.0082225 1.0571705 0.8941580 0.8971247 0.0000000 0.1793953 0.1878720 0.1663166 0.1834670 0.2060943 0.2089230 0.2464283 0.2489078 1.0633694 1.0733951 1.0347003 1.0200960 1.1554053 1.1377966 1.2204215 1.5134671 1.2607151 1.2091174 1.1943304 1.4063654 1.2611316 0.9155830 1.3673831 2.2775470 
Lampan_Lpan_4349_01                                  0.8710848 0.8768102 0.8496951 0.8873192 0.7574357 0.7774449 0.7904291 0.8340468 0.8283562 0.9404757 0.9845525 0.8833340 0.8901480 0.7103810 0.7141183 0.7053927 0.7701646 0.7702458 0.8706729 0.8504658 0.8101877 0.8766035 0.8553599 0.8930321 0.8179894 0.8121064 0.7614238 0.7986638 0.8426213 0.7870789 0.9050305 0.8491011 0.9356123 1.1125996 0.8778684 0.8622369 0.9774957 0.8877096 1.0648389 1.0212167 0.9782534 0.8717936 1.0880181 1.0400007 1.0112996 1.0432110 0.9090020 0.9712289 0.1793953 0.0000000 0.2749008 0.2364519 0.3247398 0.2545037 0.2573196 0.2567343 0.2548951 1.1070267 1.0983954 1.0518048 1.0328604 1.1239285 1.1795628 1.2249713 1.5213554 1.3054822 1.2046792 1.2275542 1.4436307 1.2203170 0.9687390 1.4596076 2.2656055 
Bolinf_Binf_sb1184128                                0.8738907 0.9032362 0.9570723 1.0160833 0.8584097 0.8308978 0.9086938 0.8341639 0.7562057 0.9246984 1.0635020 1.0327331 1.0205767 0.8429474 0.8475659 0.8050594 0.8012065 0.8942030 0.8718117 0.9629812 1.0029617 0.9787944 0.8668416 1.1081572 0.9312117 0.9187634 0.9010114 0.9279477 1.0213137 0.8025142 0.9619261 1.0385483 0.9781707 0.9700049 0.9000750 0.8578464 0.9985968 1.0335675 1.2331947 1.1270862 1.0720195 1.0452628 0.9596839 0.9498160 0.9710331 0.9710331 0.9817306 1.0571268 0.1878720 0.2749008 0.0000000 0.0000010 0.2085627 0.2643468 0.2721515 0.3253546 0.2917721 1.1007697 1.1681821 1.0840042 0.9364800 1.0746199 1.2889847 1.1505818 1.6821483 1.7747951 1.2649237 1.3988558 1.4747995 1.3230270 0.9740468 2.8075760 2.4786887 
