65
Hsap_ENST00000305536                               0.0000000 1.2427215 1.2067701 0.7229781 1.6531428 2.2262156 0.7253932 2.1455469 2.1900116 2.2667609 1.7106669 1.5822364 1.4548912 1.7922184 0.3314949 1.5845303 0.9027171 1.5239311 1.5179465 1.7194253 1.7591416 0.8867628 1.7287071 1.6528666 1.1018392 1.1104222 1.7445448 1.6782518 1.5031410 1.9385584 1.7330111 1.4166936 1.7369296 1.2645831 1.2240827 1.1412723 1.1349430 1.1349430 1.5329402 1.5057891 1.4414187 2.3096678 2.4613640 2.9871553 1.5932016 2.0566763 1.6035448 2.1023080 2.0800050 1.5851290 3.1781708 2.1047388 2.2466320 2.4290207 3.0474952 1.3252764 1.2892319 1.6081260 2.0643064 2.2242833 2.2221866 2.1597118 2.2285847 2.3744972 3.7502052 
Spur_XM_030982450.1                                1.2427215 0.0000000 1.0571698 0.6944765 1.5363981 2.4640019 0.6806187 2.3777286 2.2195910 2.2593261 1.4765661 1.4988774 1.5237974 2.0348754 0.2229002 1.5844003 0.6051689 1.4147306 1.4620362 1.8536745 1.8221440 0.8946346 1.7627241 1.5157109 0.9816032 0.9119623 1.4152783 1.6507989 1.4916424 1.7771413 1.7689296 1.4442736 1.6479093 1.0242301 1.1239393 1.1222887 1.2237713 1.2237713 1.3602994 1.7195273 1.6348616 2.1688458 2.0567702 2.3075035 1.6598597 1.9661610 1.7145382 2.1134718 1.7947525 1.2013189 3.2448234 1.8992721 2.1768950 2.0886838 2.5850030 1.2862986 1.3127604 1.2367408 2.5737824 2.7344713 2.4205315 2.0202950 2.2309446 2.8793366 4.1893453 
Tcas_TC009547_001                                  1.2067701 1.0571698 0.0000000 0.6801568 1.6196014 1.7920887 0.6647494 1.6766375 1.6410814 1.7361755 1.2319487 1.1874425 1.6128847 1.3394950 0.6223680 1.4189907 1.0583901 1.3473856 1.2587319 1.2122494 1.3025296 1.0079811 1.2314763 1.2982804 1.3762924 1.3610200 1.3106451 1.6950173 1.1117592 1.3225543 1.3971380 1.0743179 1.3334932 1.3008182 1.4144158 1.2031302 1.4616557 1.4616557 1.4159391 1.0694456 1.5802497 2.1727936 1.8965425 2.1874506 1.3104700 1.5887209 1.3992807 1.4011320 1.7110373 1.5051286 2.3487537 1.8797939 1.8321498 2.2067652 2.6191593 1.5176410 1.2863284 1.3913834 2.4088690 2.8789922 2.1898055 1.9585348 1.9951245 2.3987178 3.7996239 
Tadh_TriadT17435                                   0.7229781 0.6944765 0.6801568 0.0000000 0.0314568 0.1234535 0.1129753 0.1239034 0.1576504 0.1471251 0.6717956 0.7104811 0.7940716 0.8348291 0.5713593 0.7984619 0.7341126 0.6856209 0.7605008 0.7099869 0.7475005 0.8291185 0.6951266 0.7713286 0.7625142 0.6926156 0.5809506 0.7351676 0.6240589 0.5959783 0.7233266 0.6893555 0.7951453 0.6771249 0.8684148 0.8243916 0.8694843 0.8694843 0.8157338 0.7382206 0.7851308 0.8805756 1.0232827 0.9077469 0.8078724 0.8538428 0.9500019 0.7683321 0.9564381 1.0835183 0.8919697 0.8314657 0.9590291 1.5016783 1.4334921 0.6238678 0.9653530 0.4683238 1.3714139 1.4507734 1.4233548 1.0954888 1.4207193 1.4449039 2.6823964 
TrH2_TrispH2_000941-RA                             1.6531428 1.5363981 1.6196014 0.0314568 0.0000000 0.4243843 0.1112850 0.3828978 0.3953432 0.4055944 1.5890373 1.5034405 1.7083281 2.0848972 0.5713593 1.7687245 1.0986861 1.6276406 1.6790536 1.9059862 1.9517789 1.1535215 1.7323937 1.6735094 1.2193802 1.1033553 1.4258855 1.7804585 1.6060839 1.6627610 1.8792819 1.5495018 1.7887594 1.2675083 1.3393338 0.9181817 1.3973767 1.3973767 1.9865005 1.5696356 1.2004362 1.9372999 2.3358320 2.5109345 1.7114648 1.9221793 1.8771499 1.8703975 1.5420796 1.3620625 2.5059818 1.7257302 1.7587480 1.8913392 2.8870488 1.5640004 0.8548056 1.7790419 2.1276502 2.5438624 2.1444274 1.8818153 1.9536393 2.3231033 4.0450503 
HoiH06_mRNA5639                                    2.2262156 2.4640019 1.7920887 0.1234535 0.4243843 0.0000000 0.0657831 0.1594716 0.2646406 0.2699821 2.1413998 1.7931494 2.0375018 2.9089428 0.5637903 2.0965942 1.2174684 2.0018288 2.2319478 2.4122369 2.5041771 1.2274362 2.4303032 2.4375423 1.2070649 1.1382957 1.9377318 2.1626851 2.0323874 2.3390893 2.8516017 2.1380981 2.6135624 1.5958671 1.3174200 0.9626957 1.9395991 1.9395991 2.2961421 2.6913262 1.3108482 2.8530707 3.0467996 3.5158553 2.6828186 2.5042986 2.1884826 2.7092350 2.4569962 1.4458504 3.6943319 2.3093851 1.9626306 2.3124152 3.2331877 1.8622285 1.4147731 2.0439627 2.9808557 3.1589592 2.8073791 2.6903419 2.5440137 2.9110438 5.3336355 
HoiH11_mRNA6644                                    0.7253932 0.6806187 0.6647494 0.1129753 0.1112850 0.0657831 0.0000000 0.0660248 0.1000472 0.0767148 0.6311583 0.6689426 0.7516972 0.8346144 0.5319027 0.7832223 0.7057831 0.6571118 0.7357880 0.7113932 0.7491599 0.8714109 0.7084604 0.7403836 0.6705871 0.6119414 0.5377469 0.7262843 0.6273647 0.5790147 0.6964925 0.6778603 0.7625840 0.6563100 0.8157076 0.8074654 0.7976403 0.7976403 0.8187484 0.7481980 0.7092963 0.8222380 0.9816886 0.8745961 0.8125365 0.8123768 0.8400250 0.6988762 0.8833737 1.0051199 0.8857402 0.7566009 0.9694106 1.4633399 1.3888348 0.5385805 1.0486023 0.3952606 1.4112228 1.4921855 1.4036747 1.1396845 1.4620578 1.4244461 2.9950262 
HoiH23_PlH23_009398-RA                             2.1455469 2.3777286 1.6766375 0.1239034 0.3828978 0.1594716 0.0660248 0.0000000 0.2460917 0.2476014 2.0259023 1.6726537 1.8787717 2.6272900 0.5067940 2.0218791 1.2661950 1.9892923 2.2586284 2.3772839 2.4019914 1.1259731 2.4296397 2.2574566 1.1740749 1.0992862 1.8427916 2.0599426 2.0000138 2.1454894 2.6688597 1.9931849 2.4191365 1.4610300 1.3306744 1.0276914 1.8340103 1.8340103 2.4577384 2.5582046 1.3878913 2.8538304 2.9173710 3.5051420 2.4381168 2.3485498 2.1952671 2.6864974 2.3567946 1.4243968 3.4225056 2.1960861 1.8863752 2.2008259 3.0413175 1.6310148 1.5717149 1.9790222 2.5234141 2.7721399 2.4118308 2.2160993 2.2286162 2.7639452 4.5822374 
Hhon_g03178.t1                                     2.1900116 2.2195910 1.6410814 0.1576504 0.3953432 0.2646406 0.1000472 0.2460917 0.0000000 0.0096583 1.9911929 1.6263754 1.8460483 2.5737477 0.4358139 1.8971659 1.1896990 1.9860579 2.1254506 2.2163236 2.2411792 1.0549567 2.1472951 2.1089263 1.0760515 0.9627063 1.8573249 1.8814961 2.0253783 2.1487399 2.4940533 1.8296998 2.3448489 1.3639592 1.2583992 0.8999741 1.7647150 1.7647150 2.2904023 2.3337983 1.2388703 2.6027474 2.8448576 3.1160291 2.3090095 2.2413063 1.8417714 2.5485829 2.1453124 1.2956965 3.4916335 2.1062882 1.9454427 1.9086618 3.2660574 1.5917960 0.7209261 1.9268569 2.7263200 2.9936891 2.6390713 2.5918469 2.4761139 2.7913741 4.7901840 
HoiH04_mRNA3871                                    2.2667609 2.2593261 1.7361755 0.1471251 0.4055944 0.2699821 0.0767148 0.2476014 0.0096583 0.0000000 2.0490039 1.6848073 1.9134052 2.6548973 0.4358139 1.9605791 1.2622045 2.0383522 2.1916862 2.2806868 2.3066215 1.0549567 2.2084905 2.1694213 1.1319119 1.0138397 1.9086886 1.9699151 2.0908385 2.2103253 2.6089485 1.9321873 2.4455915 1.4840925 1.4191277 1.0556155 1.8652653 1.8652653 2.3738599 2.4191946 1.3090362 2.7987097 2.9591849 3.2636702 2.4171524 2.3158813 1.9143774 2.6536229 2.3089473 1.4274894 3.4897406 2.1717939 1.9979114 1.9895139 3.2553788 1.6169861 1.1226733 1.9018764 2.7939326 3.0383076 2.6708593 2.5983849 2.5061749 2.9856350 5.0581792 
Fspp_ffun1.m4.1558.m1                              1.7106669 1.4765661 1.2319487 0.6717956 1.5890373 2.1413998 0.6311583 2.0259023 1.9911929 2.0490039 0.0000000 0.8881816 1.2365554 1.8416428 0.2772065 1.4230196 0.6634286 1.2876637 1.5154512 0.5971082 0.6549685 1.0221845 1.7863564 0.4757309 1.0134917 0.9321271 1.2530429 1.4785302 0.6997619 0.8872063 1.2115320 0.9722291 1.7567809 0.9728312 1.3751172 1.2842768 1.3497053 1.3497053 1.5417627 1.9670537 1.3477536 2.5105761 2.2319012 2.5191447 1.9488402 1.8808892 1.6700626 2.1526777 2.0354344 1.5022083 3.6560792 2.2732238 1.9473745 2.1916161 3.0321447 1.1476742 1.4940481 1.5862298 2.6161722 2.7899297 2.8909143 2.8455962 2.6781024 2.5593331 4.4927454 
Dgig_XM_028549749.1                                1.5822364 1.4988774 1.1874425 0.7104811 1.5034405 1.7931494 0.6689426 1.6726537 1.6263754 1.6848073 0.8881816 0.0000000 1.1994101 1.5107100 0.2930985 1.2174715 0.7703539 1.5069472 1.2234150 0.9644081 1.0261883 0.9458633 1.6612699 1.0234810 1.2243430 1.1109728 1.4344112 1.6400460 1.0622305 1.1693441 1.1920367 1.0660067 1.6975849 1.3243887 1.7148080 1.4258614 1.4535253 1.4535253 1.9452754 1.6132674 1.3887776 2.1080500 2.0508071 2.4034033 1.7196932 1.8152533 1.4147618 1.6855436 2.3188158 1.6439270 2.8677144 2.0504760 2.1021831 2.4183535 2.9375178 0.8509228 1.4064175 1.6062752 2.8948288 3.0743926 2.9802990 2.5794820 2.6004729 2.8507752 4.3739950 
Hvul_g3138_1                                       1.4548912 1.5237974 1.6128847 0.7940716 1.7083281 2.0375018 0.7516972 1.8787717 1.8460483 1.9134052 1.2365554 1.1994101 0.0000000 0.6369323 0.1654647 0.8309608 0.5345929 0.8468843 0.8807248 1.3559384 1.2728211 1.4307500 1.5941598 1.2510962 1.0561767 1.0888333 1.4271800 1.4154940 1.1686133 1.1854795 1.3196329 1.1386013 1.5996781 1.2894074 1.6551606 1.3788014 1.4338027 1.4338027 1.6145802 1.5410772 1.5842616 2.3447876 2.6567097 2.6256508 1.5588472 1.9372538 1.6055394 1.5352651 2.5577991 1.7973382 2.6774602 2.3792727 2.0526151 2.7666303 2.9761798 1.0677113 2.2358153 1.9433638 2.4683428 2.5794955 2.3171190 2.2163877 2.3215731 2.6457323 4.3739296 
Chem_TCONS_00059829                                1.7922184 2.0348754 1.3394950 0.8348291 2.0848972 2.9089428 0.8346144 2.6272900 2.5737477 2.6548973 1.8416428 1.5107100 0.6369323 0.0000000 0.1348517 1.0658868 0.5508395 1.1150206 1.2131187 1.7865265 1.8443733 1.2545525 1.9040095 1.8792874 0.8346597 0.9243807 1.8208108 1.8733725 1.5878519 1.6686903 2.0461004 1.5659659 2.1883493 1.5107562 1.5058312 1.5122626 1.7921878 1.7921878 1.8692796 2.3761609 1.9329612 3.0128313 2.9592242 3.3207385 2.3619595 2.6312531 2.1367124 2.2033528 3.1738555 1.5983598 4.5461886 2.3407050 2.6677753 2.8121263 3.3850528 1.3357385 1.6956961 2.2802415 2.5752388 2.8362013 2.4864508 2.4545745 2.4800939 3.0541574 4.5891826 
Aaur_scaffold2063.g1.t1                            0.3314949 0.2229002 0.6223680 0.5713593 0.5713593 0.5637903 0.5319027 0.5067940 0.4358139 0.4358139 0.2772065 0.2930985 0.1654647 0.1348517 0.0000000 0.1288427 0.1834477 0.1217913 0.2745442 0.2668424 0.2681861 0.3455518 0.4276024 0.2392539 0.3506559 0.3152024 0.4400357 0.4505070 0.3196319 0.3196319 0.3150648 0.2806933 0.2701885 0.3909093 0.7167775 0.8634042 0.5365005 0.5365005 0.4410313 0.2610034 0.6652073 0.7623536 0.7193917 0.7274352 0.3611788 0.4317970 0.4112007 0.4768933 0.8743520 0.7496263 0.5609326 0.7801518 0.8854420 0.9375119 1.8014160 0.2710226 9.0000000 0.3595174 0.9140751 0.9140751 0.8589974 0.8517548 0.8329672 0.9450082 1.3880875 
Nemnom_g17998.t1                                   1.5845303 1.5844003 1.4189907 0.7984619 1.7687245 2.0965942 0.7832223 2.0218791 1.8971659 1.9605791 1.4230196 1.2174715 0.8309608 1.0658868 0.1288427 0.0000000 0.3335448 1.1744163 0.5753763 1.5033006 1.5983237 1.0683747 1.7481394 1.5296002 0.8926989 0.9246899 1.4762316 1.7915635 1.3175433 1.3344137 1.6950266 1.4669589 1.9793141 1.3610715 1.5687030 1.3227517 1.5211249 1.5211249 1.6506302 1.7628458 1.5991714 2.2112034 2.2896323 2.6652377 1.8782982 1.9774699 1.9236432 2.2551377 2.2808147 1.5822744 3.4026481 2.0342479 2.0264821 2.3145730 2.8262004 1.1554591 1.6522437 1.8582822 2.3312310 2.4923136 2.1912853 1.9257267 2.0239820 2.5308539 3.9234891 
Sanmal_Sma_015147-T1                               0.9027171 0.6051689 1.0583901 0.7341126 1.0986861 1.2174684 0.7057831 1.2661950 1.1896990 1.2622045 0.6634286 0.7703539 0.5345929 0.5508395 0.1834477 0.3335448 0.0000000 0.4448215 0.3275547 0.7053658 0.7424147 1.2320147 0.9332740 0.7532919 0.8450019 0.9071419 0.7604404 0.9563600 0.5422762 0.6215819 0.8070172 0.6754130 0.8980986 0.7977097 1.5472767 1.2939023 1.1246163 1.1246163 1.1116054 1.0460204 1.1665626 1.4624833 1.4393196 1.5754232 1.0728535 1.0028144 0.9541320 0.8936401 1.6957006 1.4590188 1.7152799 1.3517333 1.6536614 1.8960916 1.9118704 0.8873370 1.5256278 1.0913714 2.0243569 2.1930645 2.0642931 1.8584017 1.8823397 2.2080254 3.4452702 
Morvir_scaffold9.g20.t1                            1.5239311 1.4147306 1.3473856 0.6856209 1.6276406 2.0018288 0.6571118 1.9892923 1.9860579 2.0383522 1.2876637 1.5069472 0.8468843 1.1150206 0.1217913 1.1744163 0.4448215 0.0000000 1.1246847 1.3617544 1.4409097 1.1822182 1.6545945 1.6037039 0.8899443 0.9752456 1.4258383 1.6294440 1.2331988 1.4089278 1.7471412 1.2691192 1.9076512 1.2948446 1.5272101 1.1727808 1.7186057 1.7186057 1.5333090 1.6951772 1.6457939 2.4939521 2.1088248 2.6684630 2.0752554 2.0568054 1.5550851 1.9127365 2.1455463 1.5047826 3.0812131 1.8174414 2.2436362 2.4182629 2.9478201 1.5999389 1.1662770 1.9344061 2.4052490 2.9089008 2.3428677 2.4011492 2.2956710 2.7849150 4.6551068 
Rhoesc_Res_007683-T1                               1.5179465 1.4620362 1.2587319 0.7605008 1.6790536 2.2319478 0.7357880 2.2586284 2.1254506 2.1916862 1.5154512 1.2234150 0.8807248 1.2131187 0.2745442 0.5753763 0.3275547 1.1246847 0.0000000 1.3253134 1.3884922 1.1754343 1.7016497 1.6186338 0.9011649 0.9523630 1.5116651 1.5793122 1.3203235 1.3092229 1.8672800 1.2641239 1.9036435 1.2382411 1.4727908 1.2506009 1.3757459 1.3757459 1.4237649 1.7223412 1.5713359 2.2695095 2.1377386 2.3811491 1.7524137 2.1129427 1.6507979 1.9328039 2.5342245 1.6463145 3.0489875 1.9443920 2.1992425 2.4115691 2.6946364 1.1419910 1.4860739 1.8760132 2.2504973 2.3695903 2.3971884 2.4049729 2.2879595 2.6100737 4.3469532 
Spis_XP_022779145_1                                1.7194253 1.8536745 1.2122494 0.7099869 1.9059862 2.4122369 0.7113932 2.3772839 2.2163236 2.2806868 0.5971082 0.9644081 1.3559384 1.7865265 0.2668424 1.5033006 0.7053658 1.3617544 1.3253134 0.0000000 0.2499741 1.0799297 1.9459759 0.6615622 1.0205725 0.9120612 1.5032880 1.5872063 0.7418177 1.0612430 1.0863492 0.9298727 1.7575322 1.0449628 1.3281538 1.3100026 1.4217917 1.4217917 1.6444615 1.9912552 1.4119163 2.6303775 2.6838320 2.8909498 2.3192313 2.0343017 1.7705220 2.3787114 2.4846958 1.5631712 3.4559139 2.3629807 2.1405140 2.2524559 3.3509817 1.0061175 1.5656233 1.9931494 2.7354016 2.9080251 3.0233996 3.0417696 2.8606378 2.4522689 3.7590080 
Pocdam_XM_027191914.1                              1.7591416 1.8221440 1.3025296 0.7475005 1.9517789 2.5041771 0.7491599 2.4019914 2.2411792 2.3066215 0.6549685 1.0261883 1.2728211 1.8443733 0.2681861 1.5983237 0.7424147 1.4409097 1.3884922 0.2499741 0.0000000 1.0370637 2.0099752 0.6081950 0.9779911 0.9168198 1.5872798 1.5101621 0.7963570 1.0204807 1.1891433 1.0103976 1.7830567 1.1596243 1.2880320 1.3008291 1.5613863 1.5613863 1.7858562 1.9372349 1.4511849 2.6866498 2.8466259 2.9062920 2.3332072 2.1246526 1.8668207 2.4624505 2.4268184 1.5593538 3.6279118 2.4040906 2.0378138 2.1813845 3.3601254 1.1030302 1.5181550 2.0281712 2.7961877 3.1610762 3.2064960 3.2025467 3.0125837 2.5820982 4.0731157 
Ctel_gnl_WGS_AMQN_CAPTEDRAFT_mRNA86725             0.8867628 0.8946346 1.0079811 0.8291185 1.1535215 1.2274362 0.8714109 1.1259731 1.0549567 1.0549567 1.0221845 0.9458633 1.4307500 1.2545525 0.3455518 1.0683747 1.2320147 1.1822182 1.1754343 1.0799297 1.0370637 0.0000000 0.6491430 0.9302132 1.3161574 1.2765114 1.0894061 1.1046429 0.9861799 0.9873164 0.9836580 0.8848670 0.8822308 1.0168162 1.6554771 1.3454054 1.0421135 1.0421135 1.1445582 0.8439165 0.9818704 1.7699474 1.4653782 1.4928530 0.9338863 0.9615507 0.9097771 0.9626174 1.4647255 1.3463509 1.3773754 1.4208407 1.3101914 1.8070297 2.0900356 1.0401801 1.6097684 0.8437247 2.0668719 2.3472004 2.0017496 1.7275690 1.7216679 2.0768924 4.9011777 
Cgig_XM_011444905.3                                1.7287071 1.7627241 1.2314763 0.6951266 1.7323937 2.4303032 0.7084604 2.4296397 2.1472951 2.2084905 1.7863564 1.6612699 1.5941598 1.9040095 0.4276024 1.7481394 0.9332740 1.6545945 1.7016497 1.9459759 2.0099752 0.6491430 0.0000000 1.6735884 1.2748567 1.1965375 1.5949944 1.7873050 1.7078559 1.8699491 1.9684072 1.5977330 1.8038208 1.2931079 1.5756433 1.2581740 1.6452706 1.6452706 1.5810852 1.5843578 1.3353233 2.5661943 2.2207272 2.4102159 1.6898688 2.0983654 1.5734872 2.0172159 2.0698665 1.3787078 3.0719692 1.9449241 1.8491136 2.1624655 2.6316870 1.6766299 1.1615977 1.7708603 2.1649738 2.6026767 1.9888137 2.1157789 1.9922221 2.2391443 4.9744886 
Gasp_gasp1.m3.26867.m1                             1.6528666 1.5157109 1.2982804 0.7713286 1.6735094 2.4375423 0.7403836 2.2574566 2.1089263 2.1694213 0.4757309 1.0234810 1.2510962 1.8792874 0.2392539 1.5296002 0.7532919 1.6037039 1.6186338 0.6615622 0.6081950 0.9302132 1.6735884 0.0000000 0.9641502 0.9060032 1.3004819 1.3338507 0.7432911 0.9939144 1.1404276 0.9652914 1.6230888 0.9576586 1.3696546 1.4406655 1.4163666 1.4163666 1.7972099 1.7819085 1.3744070 2.3009350 2.2381358 2.6241748 1.9543020 2.1201168 1.5885720 2.4380329 2.2603194 1.3826801 3.2909564 2.2274344 2.0772747 2.0957978 2.9395427 0.9974653 1.5875914 1.6247141 2.5156727 2.9109550 2.7027007 2.5884001 2.5336398 2.5187482 3.9317857 
Emue_Em0021g562a.t1                                1.1018392 0.9816032 1.3762924 0.7625142 1.2193802 1.2070649 0.6705871 1.1740749 1.0760515 1.1319119 1.0134917 1.2243430 1.0561767 0.8346597 0.3506559 0.8926989 0.8450019 0.8899443 0.9011649 1.0205725 0.9779911 1.3161574 1.2748567 0.9641502 0.0000000 0.1574773 0.4420566 0.6377936 0.9212270 0.9722153 0.9200392 0.8280471 0.6193448 0.6433869 1.4030168 0.9205168 0.9937290 0.9937290 1.2932955 1.1597114 0.9606671 1.5775366 1.3189147 1.3790327 1.0231633 1.2933226 1.2558386 1.1253029 1.6462444 1.4110851 1.5305411 1.6378492 1.3681306 1.9170795 2.1342252 1.0160517 0.7170401 1.1915799 1.7876576 2.1173853 1.6140492 1.6821816 1.7652071 1.8128110 3.2045742 
Spolac_c94153_g1_i1_m.9703c94153-g1                1.1104222 0.9119623 1.3610200 0.6926156 1.1033553 1.1382957 0.6119414 1.0992862 0.9627063 1.0138397 0.9321271 1.1109728 1.0888333 0.9243807 0.3152024 0.9246899 0.9071419 0.9752456 0.9523630 0.9120612 0.9168198 1.2765114 1.1965375 0.9060032 0.1574773 0.0000000 0.4771785 0.6301346 0.9111434 0.9499845 0.8990533 0.7212434 0.6307172 0.5942632 1.3995010 0.9262932 0.8896649 0.8896649 1.3033101 1.0619110 1.0155532 1.3623185 1.5955270 1.5104382 0.9449476 1.2960887 1.2291087 1.1810304 1.6478238 1.2690551 1.5938222 1.5170535 1.2433507 1.8573783 2.1304603 1.0408518 0.5892988 1.1733603 1.6842215 2.0660757 1.6639614 1.6508124 1.6900666 1.7080748 3.2049166 
Tetwil_g1866.t1                                    1.7445448 1.4152783 1.3106451 0.5809506 1.4258855 1.9377318 0.5377469 1.8427916 1.8573249 1.9086886 1.2530429 1.4344112 1.4271800 1.8208108 0.4400357 1.4762316 0.7604404 1.4258383 1.5116651 1.5032880 1.5872798 1.0894061 1.5949944 1.3004819 0.4420566 0.4771785 0.0000000 1.0111937 1.2781220 1.5663744 1.7066571 1.3634828 1.2698931 0.8731368 1.0737903 0.8343090 1.3009172 1.3009172 1.6144544 1.7655043 1.2397420 2.0111031 2.2260677 2.3760216 1.6508221 2.0148799 1.4788172 1.8422320 2.1067181 1.2969269 2.9219010 1.9419995 1.8298849 2.1141535 2.2631964 1.2112697 0.5582309 1.8835056 1.9500502 2.3881932 1.8447135 1.9798084 1.8940554 2.1365101 3.2915206 
Plespi_Pspi_C609218_01                             1.6782518 1.6507989 1.6950173 0.7351676 1.7804585 2.1626851 0.7262843 2.0599426 1.8814961 1.9699151 1.4785302 1.6400460 1.4154940 1.8733725 0.4505070 1.7915635 0.9563600 1.6294440 1.5793122 1.5872063 1.5101621 1.1046429 1.7873050 1.3338507 0.6377936 0.6301346 1.0111937 0.0000000 1.3668259 1.6800873 1.6626083 1.3940298 1.4398298 0.9835322 1.0810465 0.7590312 1.3667554 1.3667554 1.7177015 1.8022398 1.2539335 1.6059775 2.0991805 2.3250124 1.9129984 1.8123744 1.7638812 2.2025980 2.0376051 1.3455841 2.9078970 1.8018591 1.5811467 1.9079278 2.7722213 1.7003440 0.8437820 2.1991730 2.6013336 2.8297028 2.5490077 2.7263700 2.4984350 2.4842156 3.7977372 
Gfas_gfas1.m1.14538.m1                             1.5031410 1.4916424 1.1117592 0.6240589 1.6060839 2.0323874 0.6273647 2.0000138 2.0253783 2.0908385 0.6997619 1.0622305 1.1686133 1.5878519 0.3196319 1.3175433 0.5422762 1.2331988 1.3203235 0.7418177 0.7963570 0.9861799 1.7078559 0.7432911 0.9212270 0.9111434 1.2781220 1.3668259 0.0000000 0.8017397 1.1805888 0.9891842 1.6355901 0.9232057 1.2591316 1.2297679 1.4737066 1.4737066 1.6282374 1.8942656 1.2008968 1.9951826 2.2003162 2.6855838 2.1188428 1.8782054 1.7836363 2.4508085 2.1381424 1.4823504 3.0690238 2.3974904 1.8153544 2.2537128 2.4184835 1.0915345 1.3707583 1.5884859 2.7196374 2.8887366 3.1646327 3.2419679 2.9188158 2.6061024 4.8891166 
Amil_Amillepora24711-RA                            1.9385584 1.7771413 1.3225543 0.5959783 1.6627610 2.3390893 0.5790147 2.1454894 2.1487399 2.2103253 0.8872063 1.1693441 1.1854795 1.6686903 0.3196319 1.3344137 0.6215819 1.4089278 1.3092229 1.0612430 1.0204807 0.9873164 1.8699491 0.9939144 0.9722153 0.9499845 1.5663744 1.6800873 0.8017397 0.0000000 1.4452596 1.0525319 1.5771119 1.0988199 1.2835719 1.2120958 1.5813120 1.5813120 1.6999100 1.9556726 1.3741072 2.3304762 2.4281120 2.5484094 2.1161319 1.9462547 1.6864269 2.3771305 2.4245522 1.5120009 3.5975012 2.3601816 1.8437396 2.0853716 2.6318423 1.4039659 1.4556243 1.8097603 2.5908200 2.7158565 2.9440473 3.0491509 2.7750570 2.6762127 4.6491678 
Nvec_NVE3109                                       1.7330111 1.7689296 1.3971380 0.7233266 1.8792819 2.8516017 0.6964925 2.6688597 2.4940533 2.6089485 1.2115320 1.1920367 1.3196329 2.0461004 0.3150648 1.6950266 0.8070172 1.7471412 1.8672800 1.0863492 1.1891433 0.9836580 1.9684072 1.1404276 0.9200392 0.8990533 1.7066571 1.6626083 1.1805888 1.4452596 0.0000000 1.0666030 1.7624958 1.0596115 1.4587563 1.3372523 1.4273296 1.4273296 1.6437039 2.0398851 1.3473031 2.2908415 2.3681503 2.4756615 1.9854626 1.9765179 1.6677640 2.6603426 2.6248962 1.5598868 3.8890835 2.5021423 2.1832513 2.2830870 3.5943002 1.2759400 1.3245294 2.1545354 2.8607432 3.1553579 2.8346584 2.9448274 2.7341970 2.6437929 4.0874892 
Exapal_XM_021052441.2                              1.4166936 1.4442736 1.0743179 0.6893555 1.5495018 2.1380981 0.6778603 1.9931849 1.8296998 1.9321873 0.9722291 1.0660067 1.1386013 1.5659659 0.2806933 1.4669589 0.6754130 1.2691192 1.2641239 0.9298727 1.0103976 0.8848670 1.5977330 0.9652914 0.8280471 0.7212434 1.3634828 1.3940298 0.9891842 1.0525319 1.0666030 0.0000000 1.6543643 0.8859856 1.4000741 1.3168229 1.3426072 1.3426072 1.5062721 1.6080624 1.3623763 2.1566219 2.4696602 2.2860348 1.6647376 1.8285882 1.6797601 1.9289508 2.4154221 1.5113386 3.1167409 1.9932671 1.8124376 2.4254802 2.7921340 1.1371131 1.1981127 1.2876819 2.5027860 2.5755247 2.4995721 2.3857791 2.3636151 2.4980770 4.1641166 
Aque_Aqu2.1.42143_001                              1.7369296 1.6479093 1.3334932 0.7951453 1.7887594 2.6135624 0.7625840 2.4191365 2.3448489 2.4455915 1.7567809 1.6975849 1.5996781 2.1883493 0.2701885 1.9793141 0.8980986 1.9076512 1.9036435 1.7575322 1.7830567 0.8822308 1.8038208 1.6230888 0.6193448 0.6307172 1.2698931 1.4398298 1.6355901 1.5771119 1.7624958 1.6543643 0.0000000 0.4238489 1.1299016 1.0725820 1.3866629 1.3866629 1.7564477 1.8651739 1.3492357 2.0374162 2.1662704 2.4127646 1.9459633 2.0150822 1.7868579 2.1114183 2.0975754 1.2950238 3.1669620 2.2009359 2.2422451 2.0360736 3.1829652 1.2729297 1.6753478 1.8726197 1.7520571 2.2040858 1.8155836 1.6536511 1.6549640 1.7025574 3.3073675 
Halamb_c47525_g1_i3m.22473                         1.2645831 1.0242301 1.3008182 0.6771249 1.2675083 1.5958671 0.6563100 1.4610300 1.3639592 1.4840925 0.9728312 1.3243887 1.2894074 1.5107562 0.3909093 1.3610715 0.7977097 1.2948446 1.2382411 1.0449628 1.1596243 1.0168162 1.2931079 0.9576586 0.6433869 0.5942632 0.8731368 0.9835322 0.9232057 1.0988199 1.0596115 0.8859856 0.4238489 0.0000000 1.2008854 1.1038221 1.1439897 1.1439897 1.5887913 1.2195330 1.4381925 1.6001567 1.5544619 1.6121211 1.1903464 1.4763636 1.5190109 1.5235092 1.6528006 1.4591357 2.0191236 1.6063888 1.7658055 2.1772945 2.2601724 1.2467851 1.8671911 1.3007911 1.9799640 2.3305380 2.0441583 2.0105766 1.9389257 1.8849269 3.2584679 
Salmac_EP00052_Salpingoeca_macrocollata_P007086    1.2240827 1.1239393 1.4144158 0.8684148 1.3393338 1.3174200 0.8157076 1.3306744 1.2583992 1.4191277 1.3751172 1.7148080 1.6551606 1.5058312 0.7167775 1.5687030 1.5472767 1.5272101 1.4727908 1.3281538 1.2880320 1.6554771 1.5756433 1.3696546 1.4030168 1.3995010 1.0737903 1.0810465 1.2591316 1.2835719 1.4587563 1.4000741 1.1299016 1.2008854 0.0000000 0.4212305 1.3029058 1.3029058 1.8593829 1.4842278 0.9020297 1.5985896 1.4563661 1.4861279 1.3311539 1.7487386 1.7122613 1.5195737 1.1600543 1.2612669 1.2497290 1.3529774 1.0258250 1.5682215 2.0156090 1.4856442 1.0134101 1.1782083 1.7743819 1.8086909 2.0377226 1.8984789 1.8965336 1.8414393 2.8984886 
Salpun_EP00053_Salpingoeca_punica_P009731          1.1412723 1.1222887 1.2031302 0.8243916 0.9181817 0.9626957 0.8074654 1.0276914 0.8999741 1.0556155 1.2842768 1.4258614 1.3788014 1.5122626 0.8634042 1.3227517 1.2939023 1.1727808 1.2506009 1.3100026 1.3008291 1.3454054 1.2581740 1.4406655 0.9205168 0.9262932 0.8343090 0.7590312 1.2297679 1.2120958 1.3372523 1.3168229 1.0725820 1.1038221 0.4212305 0.0000000 1.0425833 1.0425833 1.4660273 1.1536295 0.6086665 0.9458616 0.9535350 0.8717767 1.3107440 1.2093157 1.3824293 1.2281792 0.8104233 0.8388243 1.2070871 1.0155550 0.7671145 1.2474463 1.8437118 1.2534409 1.2516155 1.1374948 1.5316421 1.5110812 1.5612716 1.4975228 1.6701477 1.3600199 2.2025968 
Ocar_g8852                                         1.1349430 1.2237713 1.4616557 0.8694843 1.3973767 1.9395991 0.7976403 1.8340103 1.7647150 1.8652653 1.3497053 1.4535253 1.4338027 1.7921878 0.5365005 1.5211249 1.1246163 1.7186057 1.3757459 1.4217917 1.5613863 1.0421135 1.6452706 1.4163666 0.9937290 0.8896649 1.3009172 1.3667554 1.4737066 1.5813120 1.4273296 1.3426072 1.3866629 1.1439897 1.3029058 1.0425833 0.0000000 0.0000010 1.6582203 1.3459904 1.5920460 1.9781417 1.7228017 1.8728305 1.4390066 1.6152573 1.2879609 1.6406455 2.0023720 1.2805408 2.0109222 1.6445116 1.6370169 2.3194856 2.3467601 1.6938437 1.7498385 1.8163851 1.9314570 2.2464985 2.2397433 2.3917285 2.1863758 2.2232216 3.6102708 
Opea_EP00118_Oscarella_pearsei_P003478             1.1349430 1.2237713 1.4616557 0.8694843 1.3973767 1.9395991 0.7976403 1.8340103 1.7647150 1.8652653 1.3497053 1.4535253 1.4338027 1.7921878 0.5365005 1.5211249 1.1246163 1.7186057 1.3757459 1.4217917 1.5613863 1.0421135 1.6452706 1.4163666 0.9937290 0.8896649 1.3009172 1.3667554 1.4737066 1.5813120 1.4273296 1.3426072 1.3866629 1.1439897 1.3029058 1.0425833 0.0000010 0.0000000 1.6582203 1.3459904 1.5920460 1.9781417 1.7228017 1.8728305 1.4390066 1.6152573 1.2879609 1.6406455 2.0023720 1.2805408 2.0109222 1.6445116 1.6370169 2.3194856 2.3467601 1.6938437 1.7498385 1.8163851 1.9314570 2.2464985 2.2397433 2.3917285 2.1863758 2.2232216 3.6102708 
Dpul_mRNA2435                                      1.5329402 1.3602994 1.4159391 0.8157338 1.9865005 2.2961421 0.8187484 2.4577384 2.2904023 2.3738599 1.5417627 1.9452754 1.6145802 1.8692796 0.4410313 1.6506302 1.1116054 1.5333090 1.4237649 1.6444615 1.7858562 1.1445582 1.5810852 1.7972099 1.2932955 1.3033101 1.6144544 1.7177015 1.6282374 1.6999100 1.6437039 1.5062721 1.7564477 1.5887913 1.8593829 1.4660273 1.6582203 1.6582203 0.0000000 1.4879409 1.9408302 2.5981506 2.2105981 2.4755714 1.7400833 1.7516842 1.6786893 2.0389374 2.3479786 1.9328554 2.8676809 1.9099885 2.0106594 2.6468394 2.9627442 2.0843197 1.3592397 1.9295509 2.7699069 2.7777571 2.5702857 2.8890069 2.6248585 2.9615549 5.2010587 
Acagra_model.g17317.t1                             1.5057891 1.7195273 1.0694456 0.7382206 1.5696356 2.6913262 0.7481980 2.5582046 2.3337983 2.4191946 1.9670537 1.6132674 1.5410772 2.3761609 0.2610034 1.7628458 1.0460204 1.6951772 1.7223412 1.9912552 1.9372349 0.8439165 1.5843578 1.7819085 1.1597114 1.0619110 1.7655043 1.8022398 1.8942656 1.9556726 2.0398851 1.6080624 1.8651739 1.2195330 1.4842278 1.1536295 1.3459904 1.3459904 1.4879409 0.0000000 1.6208539 2.1992876 2.2221336 2.5995482 1.6519844 2.1434162 1.5759272 2.0320042 2.2129583 1.3536087 3.0978156 2.4029200 1.7231224 1.8579299 2.9473662 1.2376743 1.1029499 1.7584648 2.4675420 2.5715916 2.4454724 2.1444996 2.1112301 2.7137673 4.4315146 
Microa_EP00043_Microstomoeca_roanoka_P006744       1.4414187 1.6348616 1.5802497 0.7851308 1.2004362 1.3108482 0.7092963 1.3878913 1.2388703 1.3090362 1.3477536 1.3887776 1.5842616 1.9329612 0.6652073 1.5991714 1.1665626 1.6457939 1.5713359 1.4119163 1.4511849 0.9818704 1.3353233 1.3744070 0.9606671 1.0155532 1.2397420 1.2539335 1.2008968 1.3741072 1.3473031 1.3623763 1.3492357 1.4381925 0.9020297 0.6086665 1.5920460 1.5920460 1.9408302 1.6208539 0.0000000 1.1505563 1.0666771 1.2096613 1.4725490 1.6078904 1.5385753 1.6587922 1.3612114 0.8845105 1.6814807 1.3353203 1.2075067 1.5509246 1.5274919 1.6165702 1.5063145 1.6736401 2.5351910 2.6154032 2.6432209 2.4665803 2.5115700 2.3645662 3.7470054 
Salinf_EP00049_Salpingoeca_infusionum_P025419      2.3096678 2.1688458 2.1727936 0.8805756 1.9372999 2.8530707 0.8222380 2.8538304 2.6027474 2.7987097 2.5105761 2.1080500 2.3447876 3.0128313 0.7623536 2.2112034 1.4624833 2.4939521 2.2695095 2.6303775 2.6866498 1.7699474 2.5661943 2.3009350 1.5775366 1.3623185 2.0111031 1.6059775 1.9951826 2.3304762 2.2908415 2.1566219 2.0374162 1.6001567 1.5985896 0.9458616 1.9781417 1.9781417 2.5981506 2.1992876 1.1505563 0.0000000 1.5331554 1.7889239 2.1590329 1.9655763 1.7949328 2.5793218 1.6530132 1.4084010 3.0333086 1.5664324 1.9748449 1.9481044 2.3094528 2.3614555 1.2251509 3.0642710 2.5986634 3.1016136 2.7147663 2.7971741 2.5613562 2.8067598 4.1436654 
Choper_EP00045_Choanoeca_perplexa_P005616          2.4613640 2.0567702 1.8965425 1.0232827 2.3358320 3.0467996 0.9816886 2.9173710 2.8448576 2.9591849 2.2319012 2.0508071 2.6567097 2.9592242 0.7193917 2.2896323 1.4393196 2.1088248 2.1377386 2.6838320 2.8466259 1.4653782 2.2207272 2.2381358 1.3189147 1.5955270 2.2260677 2.0991805 2.2003162 2.4281120 2.3681503 2.4696602 2.1662704 1.5544619 1.4563661 0.9535350 1.7228017 1.7228017 2.2105981 2.2221336 1.0666771 1.5331554 0.0000000 0.5249972 2.4458510 1.9712997 1.9139628 2.3235685 1.6218513 1.3235952 2.4509437 1.5834079 1.8716014 1.4393881 2.1743159 2.4035725 1.1354971 2.6140259 2.9243717 3.3447315 2.8218663 2.8989495 2.5420628 2.3215471 5.2508934 
Chofle_EP00730_Choanoeca_flexa_P012703             2.9871553 2.3075035 2.1874506 0.9077469 2.5109345 3.5158553 0.8745961 3.5051420 3.1160291 3.2636702 2.5191447 2.4034033 2.6256508 3.3207385 0.7274352 2.6652377 1.5754232 2.6684630 2.3811491 2.8909498 2.9062920 1.4928530 2.4102159 2.6241748 1.3790327 1.5104382 2.3760216 2.3250124 2.6855838 2.5484094 2.4756615 2.2860348 2.4127646 1.6121211 1.4861279 0.8717767 1.8728305 1.8728305 2.4755714 2.5995482 1.2096613 1.7889239 0.5249972 0.0000000 2.3046494 2.1384492 2.1521421 2.7416046 1.8301031 1.2625833 2.8576948 1.6511902 1.9381008 1.5029220 2.2592545 2.5655709 1.0907953 2.4472191 2.7732648 3.2877981 2.9472815 2.8852375 2.6397107 2.3972681 4.4994661 
Bralan_BLAG01000182_1                              1.5932016 1.6598597 1.3104700 0.8078724 1.7114648 2.6828186 0.8125365 2.4381168 2.3090095 2.4171524 1.9488402 1.7196932 1.5588472 2.3619595 0.3611788 1.8782982 1.0728535 2.0752554 1.7524137 2.3192313 2.3332072 0.9338863 1.6898688 1.9543020 1.0231633 0.9449476 1.6508221 1.9129984 2.1188428 2.1161319 1.9854626 1.6647376 1.9459633 1.1903464 1.3311539 1.3107440 1.4390066 1.4390066 1.7400833 1.6519844 1.4725490 2.1590329 2.4458510 2.3046494 0.0000000 2.1215130 1.6916130 2.4187976 1.9982679 1.4169839 3.5688296 1.8391178 2.0036939 2.2561326 2.3975506 1.6441551 1.4358618 1.5659219 2.5023252 2.8978034 2.7182888 2.8772521 2.6583338 2.5450528 3.9113241 
Scil_scict004651.1                                 2.0566763 1.9661610 1.5887209 0.8538428 1.9221793 2.5042986 0.8123768 2.3485498 2.2413063 2.3158813 1.8808892 1.8152533 1.9372538 2.6312531 0.4317970 1.9774699 1.0028144 2.0568054 2.1129427 2.0343017 2.1246526 0.9615507 2.0983654 2.1201168 1.2933226 1.2960887 2.0148799 1.8123744 1.8782054 1.9462547 1.9765179 1.8285882 2.0150822 1.4763636 1.7487386 1.2093157 1.6152573 1.6152573 1.7516842 2.1434162 1.6078904 1.9655763 1.9712997 2.1384492 2.1215130 0.0000000 0.5306320 0.9627277 2.0583351 1.4911185 3.3939958 1.8301452 2.3026923 2.2495495 2.6374048 1.8459839 1.4192147 2.0431673 2.0113812 2.1956864 2.0850753 1.8633368 1.9099824 1.9028310 3.9475053 
Lcom_lcpid122676                                   1.6035448 1.7145382 1.3992807 0.9500019 1.8771499 2.1884826 0.8400250 2.1952671 1.8417714 1.9143774 1.6700626 1.4147618 1.6055394 2.1367124 0.4112007 1.9236432 0.9541320 1.5550851 1.6507979 1.7705220 1.8668207 0.9097771 1.5734872 1.5885720 1.2558386 1.2291087 1.4788172 1.7638812 1.7836363 1.6864269 1.6677640 1.6797601 1.7868579 1.5190109 1.7122613 1.3824293 1.2879609 1.2879609 1.6786893 1.5759272 1.5385753 1.7949328 1.9139628 2.1521421 1.6916130 0.5306320 0.0000000 0.6597813 1.8718860 1.5159807 2.2356160 1.9039292 1.9440270 1.8049329 2.5540818 1.6869745 1.6074975 1.6969529 2.2708430 2.4583518 2.2262268 2.1207636 2.1534027 2.0331731 4.8443195 
Gracom_Gcom_C549712_01                             2.1023080 2.1134718 1.4011320 0.7683321 1.8703975 2.7092350 0.6988762 2.6864974 2.5485829 2.6536229 2.1526777 1.6855436 1.5352651 2.2033528 0.4768933 2.2551377 0.8936401 1.9127365 1.9328039 2.3787114 2.4624505 0.9626174 2.0172159 2.4380329 1.1253029 1.1810304 1.8422320 2.2025980 2.4508085 2.3771305 2.6603426 1.9289508 2.1114183 1.5235092 1.5195737 1.2281792 1.6406455 1.6406455 2.0389374 2.0320042 1.6587922 2.5793218 2.3235685 2.7416046 2.4187976 0.9627277 0.6597813 0.0000000 2.1117782 1.5889063 3.5569476 1.9660795 2.3769137 2.3758091 2.9632703 1.8738570 1.8417840 2.3617860 2.3599379 2.8065678 2.3461602 2.0637053 2.1391129 2.4571459 4.7904082 
Acaspe_EP00035_Acanthoeca_spectabilis_P026890      2.0800050 1.7947525 1.7110373 0.9564381 1.5420796 2.4569962 0.8833737 2.3567946 2.1453124 2.3089473 2.0354344 2.3188158 2.5577991 3.1738555 0.8743520 2.2808147 1.6957006 2.1455463 2.5342245 2.4846958 2.4268184 1.4647255 2.0698665 2.2603194 1.6462444 1.6478238 2.1067181 2.0376051 2.1381424 2.4245522 2.6248962 2.4154221 2.0975754 1.6528006 1.1600543 0.8104233 2.0023720 2.0023720 2.3479786 2.2129583 1.3612114 1.6530132 1.6218513 1.8301031 1.9982679 2.0583351 1.8718860 2.1117782 0.0000000 0.3188065 2.1945246 1.0817366 1.9198093 1.5064086 2.2412331 1.9704373 1.8074092 2.2244627 2.2593945 2.7502184 2.2528253 2.2929209 2.2095518 2.4033548 4.0187189 
Helnan_EP00037_Helgoeca_nana_P011997               1.5851290 1.2013189 1.5051286 1.0835183 1.3620625 1.4458504 1.0051199 1.4243968 1.2956965 1.4274894 1.5022083 1.6439270 1.7973382 1.5983598 0.7496263 1.5822744 1.4590188 1.5047826 1.6463145 1.5631712 1.5593538 1.3463509 1.3787078 1.3826801 1.4110851 1.2690551 1.2969269 1.3455841 1.4823504 1.5120009 1.5598868 1.5113386 1.2950238 1.4591357 1.2612669 0.8388243 1.2805408 1.2805408 1.9328554 1.3536087 0.8845105 1.4084010 1.3235952 1.2625833 1.4169839 1.4911185 1.5159807 1.5889063 0.3188065 0.0000000 1.1612308 0.7690550 1.2807302 1.0005786 1.7543452 1.1676685 1.6571617 1.2095307 1.9086540 2.4762643 1.9154763 1.6862585 1.8762098 1.9530757 3.4463701 
Didcos_EP00039_Didymoeca_costata_P001170           3.1781708 3.2448234 2.3487537 0.8919697 2.5059818 3.6943319 0.8857402 3.4225056 3.4916335 3.4897406 3.6560792 2.8677144 2.6774602 4.5461886 0.5609326 3.4026481 1.7152799 3.0812131 3.0489875 3.4559139 3.6279118 1.3773754 3.0719692 3.2909564 1.5305411 1.5938222 2.9219010 2.9078970 3.0690238 3.5975012 3.8890835 3.1167409 3.1669620 2.0191236 1.2497290 1.2070871 2.0109222 2.0109222 2.8676809 3.0978156 1.6814807 3.0333086 2.4509437 2.8576948 3.5688296 3.3939958 2.2356160 3.5569476 2.1945246 1.1612308 0.0000000 2.1497627 2.3850284 1.6990144 3.3500483 2.1634244 2.5720828 3.4859520 3.1065919 3.2877875 3.4878583 3.1856547 3.2523895 2.9541441 5.4978141 
Stedip_EP00041_Stephanoeca_diplocostata_P005001    2.1047388 1.8992721 1.8797939 0.8314657 1.7257302 2.3093851 0.7566009 2.1960861 2.1062882 2.1717939 2.2732238 2.0504760 2.3792727 2.3407050 0.7801518 2.0342479 1.3517333 1.8174414 1.9443920 2.3629807 2.4040906 1.4208407 1.9449241 2.2274344 1.6378492 1.5170535 1.9419995 1.8018591 2.3974904 2.3601816 2.5021423 1.9932671 2.2009359 1.6063888 1.3529774 1.0155550 1.6445116 1.6445116 1.9099885 2.4029200 1.3353203 1.5664324 1.5834079 1.6511902 1.8391178 1.8301452 1.9039292 1.9660795 1.0817366 0.7690550 2.1497627 0.0000000 1.9719452 1.3406061 1.8450029 2.0823891 1.6966410 2.0218456 2.2683353 2.5966092 2.3325072 2.4585857 2.1479265 2.3729662 3.9114514 
Saldol_EP00054_Salpingoeca_dolichothecata_P019876  2.2466320 2.1768950 1.8321498 0.9590291 1.7587480 1.9626306 0.9694106 1.8863752 1.9454427 1.9979114 1.9473745 2.1021831 2.0526151 2.6677753 0.8854420 2.0264821 1.6536614 2.2436362 2.1992425 2.1405140 2.0378138 1.3101914 1.8491136 2.0772747 1.3681306 1.2433507 1.8298849 1.5811467 1.8153544 1.8437396 2.1832513 1.8124376 2.2422451 1.7658055 1.0258250 0.7671145 1.6370169 1.6370169 2.0106594 1.7231224 1.2075067 1.9748449 1.8716014 1.9381008 2.0036939 2.3026923 1.9440270 2.3769137 1.9198093 1.2807302 2.3850284 1.9719452 0.0000000 1.8823288 2.3000826 1.7667577 1.1201522 2.1937777 2.6536754 2.7249641 2.7156104 2.7498488 2.7033823 2.7774428 4.4845847 
Diagra_EP00040_Diaphanoeca_grandis_P036261         2.4290207 2.0886838 2.2067652 1.5016783 1.8913392 2.3124152 1.4633399 2.2008259 1.9086618 1.9895139 2.1916161 2.4183535 2.7666303 2.8121263 0.9375119 2.3145730 1.8960916 2.4182629 2.4115691 2.2524559 2.1813845 1.8070297 2.1624655 2.0957978 1.9170795 1.8573783 2.1141535 1.9079278 2.2537128 2.0853716 2.2830870 2.4254802 2.0360736 2.1772945 1.5682215 1.2474463 2.3194856 2.3194856 2.6468394 1.8579299 1.5509246 1.9481044 1.4393881 1.5029220 2.2561326 2.2495495 1.8049329 2.3758091 1.5064086 1.0005786 1.6990144 1.3406061 1.8823288 0.0000000 1.9293772 2.3528609 1.6681371 1.7637036 2.6564329 2.8239934 2.6838490 2.7926082 2.6260479 2.5465065 4.3180119 
Sros_EGD81005                                      3.0474952 2.5850030 2.6191593 1.4334921 2.8870488 3.2331877 1.3888348 3.0413175 3.2660574 3.2553788 3.0321447 2.9375178 2.9761798 3.3850528 1.8014160 2.8262004 1.9118704 2.9478201 2.6946364 3.3509817 3.3601254 2.0900356 2.6316870 2.9395427 2.1342252 2.1304603 2.2631964 2.7722213 2.4184835 2.6318423 3.5943002 2.7921340 3.1829652 2.2601724 2.0156090 1.8437118 2.3467601 2.3467601 2.9627442 2.9473662 1.5274919 2.3094528 2.1743159 2.2592545 2.3975506 2.6374048 2.5540818 2.9632703 2.2412331 1.7543452 3.3500483 1.8450029 2.3000826 1.9293772 0.0000000 2.8950233 1.3010173 2.6880168 3.3686232 3.6191618 3.2073932 3.6606722 3.1339233 3.6550057 6.6160774 
Xesp_014275-T1                                     1.3252764 1.2862986 1.5176410 0.6238678 1.5640004 1.8622285 0.5385805 1.6310148 1.5917960 1.6169861 1.1476742 0.8509228 1.0677113 1.3357385 0.2710226 1.1554591 0.8873370 1.5999389 1.1419910 1.0061175 1.1030302 1.0401801 1.6766299 0.9974653 1.0160517 1.0408518 1.2112697 1.7003440 1.0915345 1.4039659 1.2759400 1.1371131 1.2729297 1.2467851 1.4856442 1.2534409 1.6938437 1.6938437 2.0843197 1.2376743 1.6165702 2.3614555 2.4035725 2.5655709 1.6441551 1.8459839 1.6869745 1.8738570 1.9704373 1.1676685 2.1634244 2.0823891 1.7667577 2.3528609 2.8950233 0.0000000 4.1128576 1.3984319 2.5110964 2.5060226 2.4071417 2.4064593 2.3498486 2.3754256 3.2448227 
