68
Exapal_XM_021055121.2                                              0.0000000 0.6742872 1.0615181 1.1084896 1.0549536 1.0201466 1.2860510 0.3288871 1.1705307 1.2609958 1.1375461 1.3444292 0.9517911 0.9660552 1.0019512 0.5149755 0.7963199 1.1532935 0.9371324 1.0281369 1.1805884 1.0925422 0.9316234 1.0645818 1.1014811 1.1106309 1.1103237 0.9433923 1.0708061 1.2271997 1.3371752 1.4821773 1.4981981 1.1587300 1.6026511 1.6326837 1.5282399 1.3839832 1.2141037 1.5854570 1.5232881 1.6027461 1.5793109 1.5810214 1.7712401 1.6836116 2.3384524 1.5836649 1.5627977 2.3234887 1.0064290 2.6170594 2.4975962 2.3202166 2.3484085 2.4524871 4.0829087 1.3626021 1.3631835 2.4613774 2.4988422 1.9122188 2.5485875 2.1336765 1.3414444 0.9495301 1.8118835 1.5148825 
Nvec_v1g107005                                                     0.6742872 0.0000000 0.5062914 0.4992653 0.3332436 0.5240036 0.7240513 0.3117024 0.7198629 0.7487057 0.7214930 0.8217441 0.5353417 0.3919619 0.4062188 0.4372337 0.3026020 0.4807379 0.3705680 0.4735942 0.5315204 0.5747860 0.5026739 0.5690706 0.5722146 0.5707367 0.5715878 0.4745655 0.5278674 0.6675053 0.7525202 0.9843039 0.9437116 0.4634821 1.0817993 1.0486602 0.9737779 0.9089335 0.6762917 0.9673978 0.9809031 0.9808218 1.0692842 1.0661791 1.0836813 1.0085818 1.5871919 0.7980018 0.7856826 1.5388888 0.5542992 1.7481850 1.7441431 1.4642910 1.6048083 1.7342638 0.8897814 0.7218481 0.8857828 1.6290476 1.6838441 1.4361791 0.9383189 1.4778816 1.1429201 0.9871925 1.8543801 1.6148423 
Nemnom_g1343.t1                                                    1.0615181 0.5062914 0.0000000 0.0915241 0.1551071 0.3927923 0.7495274 0.3208505 0.7834061 0.8185220 0.7188393 0.8133170 0.6681139 0.5813430 0.5850220 0.5978998 0.4689010 0.6594356 0.5380550 0.5495885 0.6764331 0.4987713 0.6211518 0.7166971 0.7353097 0.7167222 0.7279187 0.5709035 0.6422291 0.6467131 0.8401133 1.0643946 1.0792661 0.5418488 1.0834699 1.0369844 0.9994873 0.9414084 0.7039931 1.1928961 1.1111614 1.0640539 1.0554567 1.0010660 1.1283233 1.0793743 1.7611336 0.9148268 0.8926710 1.6684139 0.5742945 1.8478215 1.8277262 1.6664971 1.7259107 1.9184282 0.9870226 0.9011379 0.9328411 1.6613564 1.6175200 1.4087322 0.9134179 1.4580630 1.5535430 1.0667092 1.9805572 1.7986285 
Rhoesc_Res_010782-T1                                               1.1084896 0.4992653 0.0915241 0.0000000 0.1613863 0.4103848 0.7789208 0.3442942 0.7998701 0.8263102 0.7223378 0.8279963 0.6989589 0.5831986 0.5889072 0.6304756 0.4808969 0.6700687 0.5620348 0.5348854 0.6726797 0.5444725 0.6012668 0.6978278 0.7149656 0.7030837 0.7094362 0.5616147 0.6258911 0.6602443 0.8675110 1.0685609 1.1260437 0.5376188 1.0673992 1.0350927 0.9734792 0.9506377 0.7183564 1.1878844 1.0673578 1.0680931 1.0250867 1.0112990 1.1300153 1.0917946 1.7620798 0.9220685 0.8999774 1.6918186 0.5791292 1.8583394 1.8497746 1.6559302 1.7672434 1.8807162 0.9950003 0.9058697 0.9299365 1.6729094 1.6462526 1.4093134 0.9358536 1.4781886 1.6131906 1.1242521 2.1203526 1.7315293 
Sanmal_Sma_025666-T1                                               1.0549536 0.3332436 0.1551071 0.1613863 0.0000000 0.2192815 0.5670891 0.1325329 0.5263416 0.4947899 0.4803729 0.5503066 0.4733609 0.3628361 0.3531473 0.2741567 0.3066635 0.3435867 0.3277206 0.3395150 0.3440654 0.3214872 0.3737522 0.3828570 0.3631567 0.3627303 0.3650911 0.3303182 0.3469376 0.3123993 0.6401566 0.7033061 0.7007710 0.5669773 0.7052895 0.7121418 0.6819454 0.6353427 0.4978905 0.6646273 0.7229989 0.6948305 0.7185878 0.6944108 0.6852125 0.6263189 0.8746621 0.9113618 0.8879548 0.8492783 0.6057587 0.8256119 0.8012213 0.7850418 0.8671383 0.8701325 1.0372265 0.4866698 0.5948395 0.8943632 0.8555879 0.7719204 1.0012198 0.7336747 0.2806931 0.3652417 0.6104028 0.4719152 
Morvir_scaffold564.g4.t1                                           1.0201466 0.5240036 0.3927923 0.4103848 0.2192815 0.0000000 0.7435009 0.2579850 0.6821212 0.7370298 0.6750249 0.7769656 0.6617179 0.6103133 0.6184191 0.5964371 0.4780481 0.6675268 0.5553415 0.6004025 0.6672567 0.5719169 0.5756366 0.6488806 0.6670733 0.6694337 0.6602283 0.5292763 0.5921118 0.6064612 0.7818696 0.9404550 0.9635881 0.5317042 1.0547832 0.9955036 0.9277182 0.9353355 0.6771101 1.0518366 1.1706946 1.0821256 1.1135621 1.0691116 1.0590446 1.0875887 1.5673540 0.7985700 0.7692778 1.5036712 0.5189542 1.6866261 1.7777837 1.6144790 1.6842244 1.8133496 0.9405933 0.7898765 0.9340897 1.6169190 1.5972768 1.4844258 0.9941171 1.3795941 1.3435418 1.0472685 2.0809217 1.6534937 
Aque_Aqu2.1.40946_001                                              1.2860510 0.7240513 0.7495274 0.7789208 0.5670891 0.7435009 0.0000000 0.1408695 0.2158736 0.5061042 0.5076944 0.5759607 0.6753932 0.7586342 0.7703533 0.7729750 0.6693006 0.8712388 0.7596617 0.7809268 0.8731307 0.7781094 0.6875481 0.7834635 0.7670714 0.7734371 0.7633372 0.6624553 0.6847343 0.7905849 0.8504811 1.0810443 1.0776703 0.5779557 1.1348894 1.0670873 1.0019897 0.9449669 0.7678273 1.0340756 1.1063147 0.9854065 1.0756507 1.0875757 1.0969997 1.0504102 1.5610214 0.9610416 0.9282243 1.6752188 0.5884664 1.7488098 1.7797742 1.4155181 1.6538943 1.7343426 1.1030196 0.6106811 0.6612087 1.6744051 1.7529299 1.4930719 1.0214641 1.3510045 1.3218196 1.0818555 1.8783490 1.6172884 
Xestes_augustus_masked-XT_scaffold152341-processed-gene-0.1-mRNA-1 0.3288871 0.3117024 0.3208505 0.3442942 0.1325329 0.2579850 0.1408695 0.0000000 0.1207468 0.1652288 0.2309673 0.2464461 0.2589204 0.3552608 0.3711471 0.3675328 0.3486339 0.4612879 0.3686566 0.4949866 0.6764089 0.3619048 0.3394307 0.3394307 0.3624150 0.3624150 0.3568500 0.3568500 0.3623022 0.4094483 0.4910113 0.4330178 0.4319355 0.1476730 0.5357939 0.5124493 0.5305371 0.4324135 0.3558690 0.5728740 0.4976409 0.4801945 0.5464510 0.5381372 0.5375719 0.6486395 1.0918415 0.4858594 0.0679926 1.0158172 0.3306704 1.2979691 1.2430639 0.9746478 1.1559344 1.2522223 0.0000010 0.4152088 0.4324696 1.1998136 1.1439541 1.0465022 0.0000010 0.6764159 0.3528560 0.2589204 0.6027201 0.5674792 
Halamb_c48600_g1_i1m.24493                                         1.1705307 0.7198629 0.7834061 0.7998701 0.5263416 0.6821212 0.2158736 0.1207468 0.0000000 0.4869139 0.4841388 0.5421307 0.6597655 0.7771436 0.7882142 0.7813023 0.6807991 0.8699298 0.7545515 0.8020441 0.9075220 0.6995719 0.6689138 0.7720637 0.7809991 0.7853730 0.7848967 0.6584133 0.7246716 0.7905094 0.8474157 1.1038674 1.0717316 0.5764670 1.0799518 1.0989339 0.9719377 0.9666988 0.7809357 1.0715559 1.1444196 0.9684705 1.0694864 1.1010132 1.1218116 1.1014891 1.6587658 0.9194254 0.8860210 1.6940986 0.5429911 1.7509979 1.8932709 1.5343415 1.7500200 1.6754671 0.8776958 0.5865427 0.7071335 1.6456618 1.7475834 1.4823215 1.0462932 1.4332445 1.5572852 1.0455805 2.0523093 1.7126819 
Stycar_maker-SC_scaffold3167-augustus-gene-0.44-mRNA-1             1.2609958 0.7487057 0.8185220 0.8263102 0.4947899 0.7370298 0.5061042 0.1652288 0.4869139 0.0000000 0.3832953 0.4586308 0.6124514 0.7323916 0.7582940 0.7872562 0.6124080 0.8526159 0.7403023 0.8460147 0.9365047 0.7677713 0.6982084 0.8125337 0.8290901 0.8223697 0.8258397 0.6518393 0.7548623 0.8263295 0.8663599 1.0537918 1.0914789 0.6389250 1.1551439 1.1254898 1.0484819 1.0967372 0.7434996 1.2247363 1.2078047 0.9950273 1.1639727 1.1788798 1.1494074 1.1681868 1.7415829 0.9305108 0.9082154 1.7974197 0.5731408 1.8646443 1.9097951 1.5262281 1.7199280 1.8695295 1.0486656 0.5026726 0.7486810 1.6180251 1.6737318 1.4452640 1.0381118 1.5688642 1.5570626 1.0274446 1.7178973 1.7694722 
Emue_Em0018g934a.t1                                                1.1375461 0.7214930 0.7188393 0.7223378 0.4803729 0.6750249 0.5076944 0.2309673 0.4841388 0.3832953 0.0000000 0.1387232 0.6696815 0.7261107 0.7508162 0.7391405 0.6269281 0.8179869 0.6951781 0.7623407 0.8994739 0.7422588 0.7007351 0.7585341 0.7299685 0.7174768 0.7114224 0.6375232 0.7243718 0.8206883 0.7172673 0.9523318 0.9396085 0.5184791 1.0066148 0.9350009 0.9588726 0.9839717 0.7816257 1.0940728 0.9850502 1.0053935 1.0674745 1.0643404 1.1060817 1.1087651 1.4667412 0.8485008 0.7974979 1.5530214 0.5779605 1.6428248 1.7059350 1.2816423 1.4862174 1.6756439 0.9548067 0.5698294 0.5854818 1.3805085 1.4420024 1.2295212 0.9473067 1.3286949 1.3085270 0.8689102 1.7266487 1.6130398 
Spolac_c103462_g1_i1_m.34377c103462-g1                             1.3444292 0.8217441 0.8133170 0.8279963 0.5503066 0.7769656 0.5759607 0.2464461 0.5421307 0.4586308 0.1387232 0.0000000 0.6951725 0.8308895 0.8578341 0.8396241 0.7530699 0.9131715 0.7944214 0.8500102 0.9840148 0.7919058 0.7156219 0.8017819 0.8039195 0.8002799 0.7976457 0.6666211 0.7470578 0.9019425 0.8887521 1.0763997 1.1142340 0.6773296 1.1468865 1.1104047 1.1097874 1.1382719 0.8440872 1.2250197 1.1441806 1.0557720 1.1320551 1.1140632 1.2242988 1.1114379 1.7428634 1.0113409 0.9664794 1.6809689 0.5895362 1.8245798 1.8116033 1.5832121 1.7832958 1.7985135 1.1483696 0.6052745 0.6875606 1.5743379 1.5916382 1.4248988 0.9523779 1.4789891 1.6974513 1.0106061 1.9208140 1.7841031 
Opea_EP00118_Oscarella_pearsei_P011882                             0.9517911 0.5353417 0.6681139 0.6989589 0.4733609 0.6617179 0.6753932 0.2589204 0.6597655 0.6124514 0.6696815 0.6951725 0.0000000 0.6245878 0.6356243 0.6359149 0.4985094 0.6982788 0.6001752 0.6174118 0.7756105 0.7073792 0.5916790 0.7006195 0.7234159 0.7352890 0.7172803 0.5727237 0.6539135 0.7584191 0.8100381 1.0343300 0.9839409 0.5424561 1.0362289 1.0688878 1.0062847 0.8826623 0.6410754 1.0566338 1.0785200 0.9908068 1.0728588 1.0843943 1.1248584 1.1079546 1.6061643 0.8752379 0.8667945 1.5970603 0.6115248 1.7311613 1.7295503 1.5748480 1.6646279 1.7464935 1.0927264 0.7586687 0.8233238 1.5010626 1.5267195 1.3273144 1.0464614 1.4778284 1.3617724 0.2180554 1.7568697 1.7613176 
Adig_XM_015919322.1                                                0.9660552 0.3919619 0.5813430 0.5831986 0.3628361 0.6103133 0.7586342 0.3552608 0.7771436 0.7323916 0.7261107 0.8308895 0.6245878 0.0000000 0.0075983 0.1363664 0.1904216 0.3438976 0.2429663 0.4956757 0.5921429 0.5746922 0.5436244 0.6045700 0.6377148 0.6235472 0.6321521 0.5196658 0.5800919 0.6622202 0.7816062 1.0188457 1.0399580 0.4645566 1.0869456 1.0656395 1.0345257 0.9473295 0.6261225 1.0071183 1.0357472 1.0109236 1.0542766 1.0792166 1.0666655 1.0720427 1.6065949 0.7998151 0.7875589 1.5775685 0.5365200 1.6962120 1.6926579 1.4340584 1.7016934 1.6451659 0.7413185 0.8387614 0.9510981 1.7682137 1.7504747 1.5763714 0.9878185 1.6131096 1.4471322 1.2553438 2.0237945 1.8459687 
Amil_Amillepora34044-RA                                            1.0019512 0.4062188 0.5850220 0.5889072 0.3531473 0.6184191 0.7703533 0.3711471 0.7882142 0.7582940 0.7508162 0.8578341 0.6356243 0.0075983 0.0000000 0.1424203 0.1979388 0.3568085 0.2520063 0.5119480 0.6191912 0.5725579 0.5480349 0.6089514 0.6451306 0.6303180 0.6402790 0.5256221 0.5811451 0.6616622 0.7966257 1.0450501 1.0678344 0.4628302 1.1164119 1.0999030 1.0685754 0.9721943 0.6409948 1.0435575 1.0580288 1.0400793 1.0837996 1.1019283 1.0747151 1.0930804 1.6666479 0.7875379 0.7750860 1.6500065 0.5365200 1.7734101 1.7659134 1.5190589 1.7864840 1.7160320 0.7286024 0.8613963 0.9865267 1.8213620 1.8228064 1.6366738 0.9681866 1.6714978 1.6389877 1.3601484 2.2575649 2.0210717 
Gfas_gfas1.m1.21399.m1                                             0.5149755 0.4372337 0.5978998 0.6304756 0.2741567 0.5964371 0.7729750 0.3675328 0.7813023 0.7872562 0.7391405 0.8396241 0.6359149 0.1363664 0.1424203 0.0000000 0.1905854 0.3431695 0.2201649 0.5537054 0.6272074 0.5777915 0.6167540 0.6499644 0.6814522 0.6755182 0.6732355 0.5676752 0.6431795 0.7216425 0.7045472 0.9441323 0.9879751 0.2941047 1.0770161 1.0459908 1.0033331 0.9413823 0.6781950 0.9438170 1.0327914 1.0032458 1.0693860 1.0358882 1.0945932 1.2012108 1.7526577 0.4844813 0.4437927 1.7938864 0.4516304 2.1642693 2.0571655 1.7023793 1.9289345 1.8708385 0.4039276 0.9566218 0.9764581 1.8693576 1.9529860 1.6883543 0.4588015 1.6680292 1.3657273 1.1320587 1.8678461 1.6642540 
Fspp_ffun1.m4.25894.m1                                             0.7963199 0.3026020 0.4689010 0.4808969 0.3066635 0.4780481 0.6693006 0.3486339 0.6807991 0.6124080 0.6269281 0.7530699 0.4985094 0.1904216 0.1979388 0.1905854 0.0000000 0.2212909 0.1296034 0.4214155 0.4659603 0.5100057 0.4924569 0.5220359 0.5437515 0.5430456 0.5560571 0.5287955 0.4991781 0.5575578 0.7627211 0.8422503 0.8491519 0.4581872 0.9750687 0.9208370 0.9152960 0.8123542 0.5210845 0.8589840 0.9346152 0.8637680 0.9208203 0.9197074 0.9563425 0.9825559 1.4824518 0.8090327 0.7918191 1.4559240 0.5747123 1.5502658 1.6050024 1.4180156 1.5295492 1.4984810 0.9137155 0.7310003 0.8698236 1.5802505 1.5002482 1.5101676 1.1342980 1.4021604 0.8673482 0.8539951 1.4738993 1.3898636 
Spis_XP_022787768_1                                                1.1532935 0.4807379 0.6594356 0.6700687 0.3435867 0.6675268 0.8712388 0.4612879 0.8699298 0.8526159 0.8179869 0.9131715 0.6982788 0.3438976 0.3568085 0.3431695 0.2212909 0.0000000 0.0827861 0.5855251 0.6391196 0.6533100 0.6733781 0.7161219 0.7268368 0.7325246 0.7410482 0.6474514 0.6866313 0.7264961 0.8800861 1.0541869 1.0723055 0.4999726 1.1138476 1.1102807 1.1092767 0.9894695 0.7438656 1.0640574 1.1338023 1.0859947 1.1386069 1.1469055 1.1641636 1.2036816 1.6079029 0.8190845 0.8019373 1.6154385 0.5343128 1.8177238 1.8592645 1.5492250 1.7630866 1.7104126 0.9035330 0.9411355 1.0208655 1.7621150 1.7553527 1.6893389 1.1013568 1.6307377 1.3734793 1.5574041 2.2317661 2.3032991 
Pocdam_XM_027190450.1                                              0.9371324 0.3705680 0.5380550 0.5620348 0.3277206 0.5553415 0.7596617 0.3686566 0.7545515 0.7403023 0.6951781 0.7944214 0.6001752 0.2429663 0.2520063 0.2201649 0.1296034 0.0827861 0.0000000 0.5155770 0.5447692 0.5370781 0.5821315 0.6239663 0.6118572 0.6173607 0.6353313 0.5456526 0.5769016 0.6223950 0.7522414 0.9353442 0.9585331 0.4844918 1.0378606 1.0252940 1.0070316 0.8625303 0.6069337 0.9853808 1.0334307 0.9851958 1.0476685 1.0459773 1.0456720 1.0821731 1.6507193 0.8289544 0.8120910 1.6026981 0.5362610 1.7838493 1.8324110 1.4817871 1.7097298 1.7604366 0.8682571 0.8017202 0.9161220 1.6658376 1.6700555 1.6058479 1.1023266 1.5385161 1.2125010 1.1923065 1.8212794 1.8425401 
Dgig_XM_028554121.1                                                1.0281369 0.4735942 0.5495885 0.5348854 0.3395150 0.6004025 0.7809268 0.4949866 0.8020441 0.8460147 0.7623407 0.8500102 0.6174118 0.4956757 0.5119480 0.5537054 0.4214155 0.5855251 0.5155770 0.0000000 0.1854904 0.6160850 0.5422221 0.5947939 0.6324681 0.6229730 0.6293489 0.5554675 0.5653822 0.6803877 0.8506913 0.9792499 1.0115089 0.5281595 1.0359767 1.0266718 0.9213588 0.9730358 0.6531734 0.9764084 1.0306706 1.0372859 1.0999550 1.1070568 1.0671142 1.0885654 1.5200286 0.8534317 0.8424011 1.5325388 0.6075739 1.7130946 1.7731863 1.4347112 1.6709014 1.6543305 0.8686804 0.8550831 0.8871449 1.5702183 1.5410768 1.3956606 1.0443041 1.4488099 1.5344572 1.1340720 1.9006573 1.6024148 
Xesp_005225-T1                                                     1.1805884 0.5315204 0.6764331 0.6726797 0.3440654 0.6672567 0.8731307 0.6764089 0.9075220 0.9365047 0.8994739 0.9840148 0.7756105 0.5921429 0.6191912 0.6272074 0.4659603 0.6391196 0.5447692 0.1854904 0.0000000 0.7492639 0.6070365 0.6967492 0.7235539 0.7147368 0.7225497 0.5900259 0.6907731 0.7677841 0.9500654 1.1373547 1.1745575 0.5507950 1.1538922 1.2426706 1.1633412 1.1496180 0.7640272 1.0649354 1.2294140 1.1548118 1.2767106 1.2708332 1.1971100 1.2414690 1.7036726 0.8655875 0.8547375 1.8781514 0.6181988 1.9816546 2.0921445 1.5975874 1.7943388 1.8608760 0.9006818 0.9583071 1.0625353 1.6399031 1.7277210 1.4589635 1.0940471 1.6611293 2.1448948 1.4778939 2.6008382 2.3310987 
Chem_TCONS_00062164                                                1.0925422 0.5747860 0.4987713 0.5444725 0.3214872 0.5719169 0.7781094 0.3619048 0.6995719 0.7677713 0.7422588 0.7919058 0.7073792 0.5746922 0.5725579 0.5777915 0.5100057 0.6533100 0.5370781 0.6160850 0.7492639 0.0000000 0.5851667 0.6538674 0.6523317 0.6436930 0.6625683 0.5558979 0.6479172 0.4632468 0.9008979 1.0203930 1.0407768 0.5242862 1.0214221 1.0463224 0.9574558 0.8520715 0.7354067 1.0216216 0.9929122 1.0269419 1.0596903 1.0717507 0.9964548 1.2058588 1.7157057 0.9247938 0.8988866 1.6591038 0.5660143 1.9295108 1.7360657 1.5754472 1.7384973 1.6974217 0.9341098 0.8269186 0.8944638 1.6241158 1.6532120 1.4390657 0.9730154 1.5475388 1.4257650 1.0889928 1.6402153 1.6914305 
Tadh_TriadT30182                                                   0.9316234 0.5026739 0.6211518 0.6012668 0.3737522 0.5756366 0.6875481 0.3394307 0.6689138 0.6982084 0.7007351 0.7156219 0.5916790 0.5436244 0.5480349 0.6167540 0.4924569 0.6733781 0.5821315 0.5422221 0.6070365 0.5851667 0.0000000 0.0143096 0.1326326 0.1350873 0.1275995 0.1044872 0.1137299 0.6956344 0.6949309 0.8761610 0.8860183 0.4531495 0.9433180 0.9074518 0.8837634 0.8226035 0.6159563 0.9182170 0.9038645 0.8521900 0.9317729 0.9377683 0.9327554 0.9108685 1.5410257 0.7548388 0.7339527 1.4968469 0.5492813 1.5904656 1.6457593 1.5030799 1.5712275 1.6240226 0.7946725 0.7572232 0.8378873 1.4256780 1.4049683 1.2859904 1.0601330 1.4418624 1.3500311 0.9706376 1.8222623 1.4300972 
TrH2_TrispH2_000448-RA                                             1.0645818 0.5690706 0.7166971 0.6978278 0.3828570 0.6488806 0.7834635 0.3394307 0.7720637 0.8125337 0.7585341 0.8017819 0.7006195 0.6045700 0.6089514 0.6499644 0.5220359 0.7161219 0.6239663 0.5947939 0.6967492 0.6538674 0.0143096 0.0000000 0.1381766 0.1364846 0.1315839 0.1044872 0.1564450 0.7743588 0.7438547 0.9538910 0.9973447 0.4531495 1.0595916 1.0313511 0.9991467 0.9347508 0.7088082 1.0437663 0.9942818 0.9751356 1.0533655 1.0909330 1.0455875 1.0307147 1.6784301 0.7548388 0.7339527 1.6444506 0.5492813 1.8280042 1.8379667 1.6517443 1.8110935 1.8137406 0.7946725 0.9145077 0.9916795 1.5848109 1.6187698 1.3835170 1.0601330 1.6575526 1.7890943 1.2511937 2.1742353 1.8048532 
HoiH06_mRNA13199                                                   1.1014811 0.5722146 0.7353097 0.7149656 0.3631567 0.6670733 0.7670714 0.3624150 0.7809991 0.8290901 0.7299685 0.8039195 0.7234159 0.6377148 0.6451306 0.6814522 0.5437515 0.7268368 0.6118572 0.6324681 0.7235539 0.6523317 0.1326326 0.1381766 0.0000000 0.0207553 0.0507369 0.0437649 0.1113572 0.7355645 0.7560965 0.9881421 1.0070590 0.4581763 1.0759605 1.0441393 1.0320948 0.9807996 0.7450052 1.0295808 1.0411532 1.0062568 1.0757564 1.1041209 1.0884875 1.0587646 1.6886228 0.7615174 0.7407676 1.6671859 0.5438000 1.9321990 1.8366570 1.6563251 1.8112529 1.8253713 0.7761226 0.8942399 0.9904090 1.6041106 1.7105234 1.4142975 1.0659413 1.6425355 1.7226801 1.2675022 2.2596783 1.8452536 
HoiH23_PlH23_005215-RA                                             1.1106309 0.5707367 0.7167222 0.7030837 0.3627303 0.6694337 0.7734371 0.3624150 0.7853730 0.8223697 0.7174768 0.8002799 0.7352890 0.6235472 0.6303180 0.6755182 0.5430456 0.7325246 0.6173607 0.6229730 0.7147368 0.6436930 0.1350873 0.1364846 0.0207553 0.0000000 0.0552537 0.0504349 0.1211141 0.7368616 0.7508818 0.9948724 1.0058566 0.4606031 1.0883513 1.0450859 1.0271370 0.9746695 0.7506385 1.0411786 1.0412946 1.0075093 1.0726476 1.0968207 1.0950859 1.0545891 1.6801477 0.7636807 0.7429231 1.6644951 0.5438000 1.9452198 1.8166624 1.6518023 1.8119752 1.8335383 0.7797750 0.9111133 0.9847024 1.6047040 1.7150683 1.4219415 1.0709694 1.6692835 1.7333453 1.2989209 2.2041547 1.8284919 
Hhon_g09640.t1                                                     1.1103237 0.5715878 0.7279187 0.7094362 0.3650911 0.6602283 0.7633372 0.3568500 0.7848967 0.8258397 0.7114224 0.7976457 0.7172803 0.6321521 0.6402790 0.6732355 0.5560571 0.7410482 0.6353313 0.6293489 0.7225497 0.6625683 0.1275995 0.1315839 0.0507369 0.0552537 0.0000000 0.0015835 0.1209701 0.7479699 0.7370423 0.9979467 0.9971188 0.4441293 1.0807831 1.0480288 1.0168380 0.9456778 0.7155212 1.0229658 1.0228018 0.9732249 1.0489104 1.0833180 1.0857075 1.0528652 1.6869940 0.7374515 0.7165612 1.6700481 0.5416571 1.9142506 1.8081803 1.6691531 1.8200963 1.8151679 0.7590419 0.9016773 0.9510907 1.5991403 1.6605927 1.4092879 1.0492362 1.6616023 1.7263645 1.2662778 2.1659960 1.8093713 
HoiH04_mRNA4514                                                    0.9433923 0.4745655 0.5709035 0.5616147 0.3303182 0.5292763 0.6624553 0.3568500 0.6584133 0.6518393 0.6375232 0.6666211 0.5727237 0.5196658 0.5256221 0.5676752 0.5287955 0.6474514 0.5456526 0.5554675 0.5900259 0.5558979 0.1044872 0.1044872 0.0437649 0.0504349 0.0015835 0.0000000 0.0768695 0.6323906 0.6809811 0.8754592 0.8689373 0.4441293 0.9310976 0.8618308 0.8480445 0.7637196 0.5878666 0.8530040 0.8519266 0.8251407 0.8603992 0.8829481 0.9454592 0.8860638 1.4591625 0.7374515 0.7165612 1.4426973 0.5416571 1.6161336 1.5113626 1.4254275 1.5312471 1.5101345 0.7590419 0.7256182 0.7789567 1.4217073 1.4060755 1.3033997 1.0492362 1.3981542 1.2701911 0.8702671 1.7229035 1.3411036 
HoiH11_mRNA2375                                                    1.0708061 0.5278674 0.6422291 0.6258911 0.3469376 0.5921118 0.6847343 0.3623022 0.7246716 0.7548623 0.7243718 0.7470578 0.6539135 0.5800919 0.5811451 0.6431795 0.4991781 0.6866313 0.5769016 0.5653822 0.6907731 0.6479172 0.1137299 0.1564450 0.1113572 0.1211141 0.1209701 0.0768695 0.0000000 0.6674754 0.7233091 0.9585196 0.9645434 0.4463437 1.0087612 0.9218884 0.9383231 0.8863803 0.6795508 0.9477923 0.9907103 0.9464968 0.9912576 1.0502992 1.0147352 0.9913701 1.5228051 0.7632202 0.7426384 1.5713175 0.5359982 1.7264155 1.6620316 1.4952214 1.5849142 1.6396024 0.8413887 0.8101575 0.8693665 1.4886362 1.5438626 1.2906344 1.0550107 1.4632656 1.6480839 1.1616801 2.3326329 1.6991367 
Hvul_g22271_1                                                      1.2271997 0.6675053 0.6467131 0.6602443 0.3123993 0.6064612 0.7905849 0.4094483 0.7905094 0.8263295 0.8206883 0.9019425 0.7584191 0.6622202 0.6616622 0.7216425 0.5575578 0.7264961 0.6223950 0.6803877 0.7677841 0.4632468 0.6956344 0.7743588 0.7355645 0.7368616 0.7479699 0.6323906 0.6674754 0.0000000 0.7716002 1.0546359 1.0662577 0.4384156 1.0050074 0.9716705 1.0181800 0.9923693 0.7260935 1.0721249 1.0927612 1.1028292 1.1247976 1.1444293 1.0328619 1.1738362 1.7340541 0.7606318 0.7244433 1.6457094 0.5359382 1.9003802 1.9006988 1.6893086 1.8276030 1.8023992 0.8802126 0.9338837 1.0010486 1.7407706 1.7105919 1.5340856 1.1165108 1.5463163 1.5648285 1.2444846 1.8590902 1.9869768 
Mbre_EDQ90449                                                      1.3371752 0.7525202 0.8401133 0.8675110 0.6401566 0.7818696 0.8504811 0.4910113 0.8474157 0.8663599 0.7172673 0.8887521 0.8100381 0.7816062 0.7966257 0.7045472 0.7627211 0.8800861 0.7522414 0.8506913 0.9500654 0.9008979 0.6949309 0.7438547 0.7560965 0.7508818 0.7370423 0.6809811 0.7233091 0.7716002 0.0000000 0.2830242 0.2653285 0.3696073 0.6894118 0.4700894 0.4501526 0.5805842 0.8545566 0.7094599 0.5879957 0.7730809 0.8617608 0.8583070 0.8156749 0.7316170 1.3612859 1.0829782 1.0423334 1.2282642 0.6229684 1.2022142 1.3331745 1.1921153 1.2141903 1.3812145 1.0665365 0.9154050 0.9770724 1.2633154 1.2699407 1.2448733 1.1738946 1.1448716 0.9714959 0.9409204 0.8777917 0.8175036 
Choper_EP00045_Choanoeca_perplexa_P016614                          1.4821773 0.9843039 1.0643946 1.0685609 0.7033061 0.9404550 1.0810443 0.4330178 1.1038674 1.0537918 0.9523318 1.0763997 1.0343300 1.0188457 1.0450501 0.9441323 0.8422503 1.0541869 0.9353442 0.9792499 1.1373547 1.0203930 0.8761610 0.9538910 0.9881421 0.9948724 0.9979467 0.8754592 0.9585196 1.0546359 0.2830242 0.0000000 0.1861439 0.4289957 0.8833611 0.5878722 0.6308341 0.8100294 0.9925266 0.8837835 0.7166045 0.8490107 0.9878211 1.0185456 0.9272552 0.9124332 1.7131808 1.0385573 0.9971701 1.7247276 0.6730673 1.9174948 1.8655232 1.5556441 1.7467586 1.9146925 1.1399834 1.1787126 1.1678409 1.7117659 1.7758715 1.5135191 1.3097237 1.5720726 2.0816203 1.3712476 1.4597293 1.3222425 
Chofle_EP00730_Choanoeca_flexa_P016057                             1.4981981 0.9437116 1.0792661 1.1260437 0.7007710 0.9635881 1.0776703 0.4319355 1.0717316 1.0914789 0.9396085 1.1142340 0.9839409 1.0399580 1.0678344 0.9879751 0.8491519 1.0723055 0.9585331 1.0115089 1.1745575 1.0407768 0.8860183 0.9973447 1.0070590 1.0058566 0.9971188 0.8689373 0.9645434 1.0662577 0.2653285 0.1861439 0.0000000 0.3973079 0.9105094 0.5623636 0.6077293 0.8175405 1.0183767 0.8701635 0.7570032 0.8097601 0.9524893 0.9494101 0.9464288 0.9042060 1.6083416 0.9920147 0.9504700 1.6941513 0.6783710 1.8329623 1.9192567 1.6169543 1.7774586 1.8789904 1.1943922 1.1515513 1.1996644 1.6504224 1.7061471 1.6472888 1.3298528 1.5814582 1.8622398 1.3718310 1.5010095 1.2951133 
Salmac_EP00052_Salpingoeca_macrocollata_P014063                    1.1587300 0.4634821 0.5418488 0.5376188 0.5669773 0.5317042 0.5779557 0.1476730 0.5764670 0.6389250 0.5184791 0.6773296 0.5424561 0.4645566 0.4628302 0.2941047 0.4581872 0.4999726 0.4844918 0.5281595 0.5507950 0.5242862 0.4531495 0.4531495 0.4581763 0.4606031 0.4441293 0.4441293 0.4463437 0.4384156 0.3696073 0.4289957 0.3973079 0.0000000 0.4120542 0.4250932 0.4487731 0.3787156 0.5831521 0.4810045 0.4671390 0.5291718 0.5754496 0.6239698 0.5845587 0.4960648 0.8261941 0.9737328 0.9504643 0.8251985 0.5730057 0.7662873 0.7575729 0.7494317 0.7219223 0.8615321 1.0873297 0.5675813 0.5800413 0.7939516 0.8434212 0.7835173 1.2183647 0.8392483 0.2008872 0.1756074 0.0697265 0.0206845 
Codhol_EP00042_Codosiga_hollandica_P041219                         1.6026511 1.0817993 1.0834699 1.0673992 0.7052895 1.0547832 1.1348894 0.5357939 1.0799518 1.1551439 1.0066148 1.1468865 1.0362289 1.0869456 1.1164119 1.0770161 0.9750687 1.1138476 1.0378606 1.0359767 1.1538922 1.0214221 0.9433180 1.0595916 1.0759605 1.0883513 1.0807831 0.9310976 1.0087612 1.0050074 0.6894118 0.8833611 0.9105094 0.4120542 0.0000000 0.9242140 0.8114835 0.8777708 1.0880396 0.9761293 0.9872787 1.0813330 1.0348030 1.1284152 1.1730213 1.0614623 1.7328978 0.9975799 0.9675220 1.8663608 0.6170387 2.1038634 1.8949157 1.8313683 1.7383778 1.9841752 1.2488039 1.2763228 1.3666063 1.8053626 1.9269983 1.7021309 1.2796009 1.7921250 2.4120893 1.6498043 1.9829774 1.8748106 
Sros_EGD79279                                                      1.6326837 1.0486602 1.0369844 1.0350927 0.7121418 0.9955036 1.0670873 0.5124493 1.0989339 1.1254898 0.9350009 1.1104047 1.0688878 1.0656395 1.0999030 1.0459908 0.9208370 1.1102807 1.0252940 1.0266718 1.2426706 1.0463224 0.9074518 1.0313511 1.0441393 1.0450859 1.0480288 0.8618308 0.9218884 0.9716705 0.4700894 0.5878722 0.5623636 0.4250932 0.9242140 0.0000000 0.3568775 0.8292440 0.9884161 0.9831615 0.8378748 0.9649212 0.9619547 0.9979061 1.0253658 0.9973337 1.6777377 1.0757593 1.0362149 1.8615832 0.6439837 1.9979147 2.0411380 1.8131356 1.8304581 1.8721390 1.1972213 1.2060674 1.1887652 1.6604529 1.6696339 1.5807482 1.1963557 1.6150476 1.9455225 1.6558172 1.6486028 1.7452925 
Microa_EP00043_Microstomoeca_roanoka_P018250                       1.5282399 0.9737779 0.9994873 0.9734792 0.6819454 0.9277182 1.0019897 0.5305371 0.9719377 1.0484819 0.9588726 1.1097874 1.0062847 1.0345257 1.0685754 1.0033331 0.9152960 1.1092767 1.0070316 0.9213588 1.1633412 0.9574558 0.8837634 0.9991467 1.0320948 1.0271370 1.0168380 0.8480445 0.9383231 1.0181800 0.4501526 0.6308341 0.6077293 0.4487731 0.8114835 0.3568775 0.0000000 0.8707836 1.0221218 0.9655880 0.8781859 0.9604424 0.9518144 0.9888807 1.0139972 1.0269173 1.7389662 1.0643664 1.0146108 1.8977927 0.6836016 1.9822794 2.0687299 1.7268981 1.7562365 1.9079125 1.1124986 1.2177572 1.3062105 1.6858499 1.6464535 1.5960449 1.1523071 1.5819366 2.1117846 1.5492314 1.5139654 1.5074463 
Saldol_EP00054_Salpingoeca_dolichothecata_P016640                  1.3839832 0.9089335 0.9414084 0.9506377 0.6353427 0.9353355 0.9449669 0.4324135 0.9666988 1.0967372 0.9839717 1.1382719 0.8826623 0.9473295 0.9721943 0.9413823 0.8123542 0.9894695 0.8625303 0.9730358 1.1496180 0.8520715 0.8226035 0.9347508 0.9807996 0.9746695 0.9456778 0.7637196 0.8863803 0.9923693 0.5805842 0.8100294 0.8175405 0.3787156 0.8777708 0.8292440 0.8707836 0.0000000 0.9299479 0.9567784 0.8954953 0.8638148 0.8585258 0.9223415 0.9199419 0.9460150 1.7258818 1.0223828 0.9861383 1.6926461 0.6741470 1.9112060 1.8350592 1.7066774 1.7478969 1.9212912 1.1580081 1.2118449 1.1715762 1.5771333 1.5978657 1.3690053 1.2891435 1.5388250 1.9748315 1.3422512 1.4524883 1.3765783 
Plajan_Pjan_C568140_01                                             1.2141037 0.6762917 0.7039931 0.7183564 0.4978905 0.6771101 0.7678273 0.3558690 0.7809357 0.7434996 0.7816257 0.8440872 0.6410754 0.6261225 0.6409948 0.6781950 0.5210845 0.7438656 0.6069337 0.6531734 0.7640272 0.7354067 0.6159563 0.7088082 0.7450052 0.7506385 0.7155212 0.5878666 0.6795508 0.7260935 0.8545566 0.9925266 1.0183767 0.5831521 1.0880396 0.9884161 1.0221218 0.9299479 0.0000000 1.0604810 0.9433189 0.9398069 1.0149706 1.0004836 1.0728620 1.0697047 1.6140748 0.9407454 0.9262417 1.7116184 0.6293207 1.7755610 1.7808923 1.5465773 1.8061690 1.6880350 0.9679448 0.8949857 0.8910387 1.4814876 1.4403525 1.3422755 1.0851944 1.5226459 1.4611879 1.0025601 1.7401529 1.6298759 
Salkve_EP00050_Salpingoeca_kvevrii_P005440                         1.5854570 0.9673978 1.1928961 1.1878844 0.6646273 1.0518366 1.0340756 0.5728740 1.0715559 1.2247363 1.0940728 1.2250197 1.0566338 1.0071183 1.0435575 0.9438170 0.8589840 1.0640574 0.9853808 0.9764084 1.0649354 1.0216216 0.9182170 1.0437663 1.0295808 1.0411786 1.0229658 0.8530040 0.9477923 1.0721249 0.7094599 0.8837835 0.8701635 0.4810045 0.9761293 0.9831615 0.9655880 0.9567784 1.0604810 0.0000000 0.9534601 1.0079546 1.0857618 1.0919274 1.0768336 1.1942105 1.5823515 1.0902220 1.0702636 1.5779548 0.6819233 1.7515974 1.8267039 1.4955465 1.6458470 1.6279885 1.1056577 1.1965281 1.2695410 1.7628467 1.8288241 1.6288938 1.2169555 1.5869856 1.9376703 1.6637906 1.6820701 1.6316249 
Salurc_EP00051_Salpingoeca_urceolata_P023086                       1.5232881 0.9809031 1.1111614 1.0673578 0.7229989 1.1706946 1.1063147 0.4976409 1.1444196 1.2078047 0.9850502 1.1441806 1.0785200 1.0357472 1.0580288 1.0327914 0.9346152 1.1338023 1.0334307 1.0306706 1.2294140 0.9929122 0.9038645 0.9942818 1.0411532 1.0412946 1.0228018 0.8519266 0.9907103 1.0927612 0.5879957 0.7166045 0.7570032 0.4671390 0.9872787 0.8378748 0.8781859 0.8954953 0.9433189 0.9534601 0.0000000 0.8989744 1.0470570 1.0555685 1.0859682 1.0356336 1.7927574 1.0318586 0.9965655 1.7417537 0.6359959 1.8849623 1.9540423 1.6164814 1.7777635 1.9026322 1.0434285 1.2278584 1.2093789 1.7423293 1.7216099 1.5355817 1.4517311 1.7236994 2.0512470 1.6513563 1.5349501 1.4379946 
Diagra_EP00040_Diaphanoeca_grandis_P029116                         1.6027461 0.9808218 1.0640539 1.0680931 0.6948305 1.0821256 0.9854065 0.4801945 0.9684705 0.9950273 1.0053935 1.0557720 0.9908068 1.0109236 1.0400793 1.0032458 0.8637680 1.0859947 0.9851958 1.0372859 1.1548118 1.0269419 0.8521900 0.9751356 1.0062568 1.0075093 0.9732249 0.8251407 0.9464968 1.1028292 0.7730809 0.8490107 0.8097601 0.5291718 1.0813330 0.9649212 0.9604424 0.8638148 0.9398069 1.0079546 0.8989744 0.0000000 0.6153139 0.5770389 0.6624855 0.7176382 1.6896504 1.1325003 1.0856300 1.6853545 0.6822012 1.7942569 1.8817895 1.6020809 1.7657079 1.6837628 1.1248590 1.0088462 1.1359182 1.5744717 1.6920735 1.4419516 1.1271551 1.5233794 2.0891836 1.3745502 1.4985159 1.4872466 
Acaspe_EP00035_Acanthoeca_spectabilis_P034294                      1.5793109 1.0692842 1.0554567 1.0250867 0.7185878 1.1135621 1.0756507 0.5464510 1.0694864 1.1639727 1.0674745 1.1320551 1.0728588 1.0542766 1.0837996 1.0693860 0.9208203 1.1386069 1.0476685 1.0999550 1.2767106 1.0596903 0.9317729 1.0533655 1.0757564 1.0726476 1.0489104 0.8603992 0.9912576 1.1247976 0.8617608 0.9878211 0.9524893 0.5754496 1.0348030 0.9619547 0.9518144 0.8585258 1.0149706 1.0857618 1.0470570 0.6153139 0.0000000 0.2441263 0.5981215 0.7451708 1.7213555 1.0779025 1.0384079 1.7861095 0.7051815 1.7816895 1.9582426 1.6231891 1.6114564 1.9000051 1.2741898 1.2191155 1.1857792 1.6515692 1.8192504 1.4894137 1.0565408 1.5669749 1.9681624 1.5190149 1.6730037 1.6447369 
Helnan_EP00037_Helgoeca_nana_P013513                               1.5810214 1.0661791 1.0010660 1.0112990 0.6944108 1.0691116 1.0875757 0.5381372 1.1010132 1.1788798 1.0643404 1.1140632 1.0843943 1.0792166 1.1019283 1.0358882 0.9197074 1.1469055 1.0459773 1.1070568 1.2708332 1.0717507 0.9377683 1.0909330 1.1041209 1.0968207 1.0833180 0.8829481 1.0502992 1.1444293 0.8583070 1.0185456 0.9494101 0.6239698 1.1284152 0.9979061 0.9888807 0.9223415 1.0004836 1.0919274 1.0555685 0.5770389 0.2441263 0.0000000 0.5806203 0.7875609 1.7033238 1.1282802 1.0884102 1.8016285 0.7182773 1.8461321 1.8944832 1.6457826 1.6681088 1.8131095 1.2001565 1.2223441 1.2709702 1.6554117 1.7215859 1.5301986 1.1735647 1.5093799 1.8922039 1.4572610 1.7690658 1.7541970 
Stedip_EP00041_Stephanoeca_diplocostata_P029187                    1.7712401 1.0836813 1.1283233 1.1300153 0.6852125 1.0590446 1.0969997 0.5375719 1.1218116 1.1494074 1.1060817 1.2242988 1.1248584 1.0666655 1.0747151 1.0945932 0.9563425 1.1641636 1.0456720 1.0671142 1.1971100 0.9964548 0.9327554 1.0455875 1.0884875 1.0950859 1.0857075 0.9454592 1.0147352 1.0328619 0.8156749 0.9272552 0.9464288 0.5845587 1.1730213 1.0253658 1.0139972 0.9199419 1.0728620 1.0768336 1.0859682 0.6624855 0.5981215 0.5806203 0.0000000 0.8431000 1.8271827 0.9787311 0.9365982 1.7839486 0.6738644 1.8714630 1.9800772 1.7599065 1.8794756 2.0216494 1.0239938 1.2522154 1.3675908 1.7815534 1.7283074 1.6277768 1.1037041 1.5828982 1.9798250 1.5949479 1.6759740 1.6939198 
Didcos_EP00039_Didymoeca_costata_P023193                           1.6836116 1.0085818 1.0793743 1.0917946 0.6263189 1.0875887 1.0504102 0.6486395 1.1014891 1.1681868 1.1087651 1.1114379 1.1079546 1.0720427 1.0930804 1.2012108 0.9825559 1.2036816 1.0821731 1.0885654 1.2414690 1.2058588 0.9108685 1.0307147 1.0587646 1.0545891 1.0528652 0.8860638 0.9913701 1.1738362 0.7316170 0.9124332 0.9042060 0.4960648 1.0614623 0.9973337 1.0269173 0.9460150 1.0697047 1.1942105 1.0356336 0.7176382 0.7451708 0.7875609 0.8431000 0.0000000 1.6735044 1.0195192 0.9679765 1.7803483 0.6600430 1.8738257 1.8493789 1.6847982 1.7649297 1.8332380 1.1197679 1.1906258 1.2995155 1.4080325 1.5282030 1.4258339 1.0551529 1.4657484 1.9568392 1.7876517 1.7410174 1.8294986 
Mlei_ML0998.g6.i1                                                  2.3384524 1.5871919 1.7611336 1.7620798 0.8746621 1.5673540 1.5610214 1.0918415 1.6587658 1.7415829 1.4667412 1.7428634 1.6061643 1.6065949 1.6666479 1.7526577 1.4824518 1.6079029 1.6507193 1.5200286 1.7036726 1.7157057 1.5410257 1.6784301 1.6886228 1.6801477 1.6869940 1.4591625 1.5228051 1.7340541 1.3612859 1.7131808 1.6083416 0.8261941 1.7328978 1.6777377 1.7389662 1.7258818 1.6140748 1.5823515 1.7927574 1.6896504 1.7213555 1.7033238 1.8271827 1.6735044 0.0000000 0.1197794 0.1233318 0.8757416 0.2622144 0.8758003 0.8963514 0.6410255 0.8477326 0.6033722 0.8467940 1.6654855 1.8054197 1.8458037 1.9541199 1.7244556 1.1821862 1.8116074 2.6155263 3.0078127 3.3758182 4.3086067 
Bolinf_Binf_sb1261672                                              1.5836649 0.7980018 0.9148268 0.9220685 0.9113618 0.7985700 0.9610416 0.4858594 0.9194254 0.9305108 0.8485008 1.0113409 0.8752379 0.7998151 0.7875379 0.4844813 0.8090327 0.8190845 0.8289544 0.8534317 0.8655875 0.9247938 0.7548388 0.7548388 0.7615174 0.7636807 0.7374515 0.7374515 0.7632202 0.7606318 1.0829782 1.0385573 0.9920147 0.9737328 0.9975799 1.0757593 1.0643664 1.0223828 0.9407454 1.0902220 1.0318586 1.1325003 1.0779025 1.1282802 0.9787311 1.0195192 0.1197794 0.0000000 0.0000010 0.3898157 0.2997628 0.3837491 0.4289817 0.3211478 0.3823885 0.3703975 0.8731838 0.8884178 0.9076253 1.1659033 1.1323301 0.9958360 1.1785115 1.0993440 0.3895379 0.3144809 0.0000010 0.0000010 
Mertsp_Mesp_sb569962                                               1.5627977 0.7856826 0.8926710 0.8999774 0.8879548 0.7692778 0.9282243 0.0679926 0.8860210 0.9082154 0.7974979 0.9664794 0.8667945 0.7875589 0.7750860 0.4437927 0.7918191 0.8019373 0.8120910 0.8424011 0.8547375 0.8988866 0.7339527 0.7339527 0.7407676 0.7429231 0.7165612 0.7165612 0.7426384 0.7244433 1.0423334 0.9971701 0.9504700 0.9504643 0.9675220 1.0362149 1.0146108 0.9861383 0.9262417 1.0702636 0.9965655 1.0856300 1.0384079 1.0884102 0.9365982 0.9679765 0.1233318 0.0000010 0.0000000 0.3728738 0.2753955 0.3651304 0.4257161 0.3100098 0.3787539 0.3669493 0.8731838 0.8626620 0.8819508 1.1511069 1.1292236 0.9951044 1.1785115 1.0762826 0.2874663 0.0656165 0.0000010 0.0000010 
Vmul_Simscaffold16469_01                                           2.3234887 1.5388888 1.6684139 1.6918186 0.8492783 1.5036712 1.6752188 1.0158172 1.6940986 1.7974197 1.5530214 1.6809689 1.5970603 1.5775685 1.6500065 1.7938864 1.4559240 1.6154385 1.6026981 1.5325388 1.8781514 1.6591038 1.4968469 1.6444506 1.6671859 1.6644951 1.6700481 1.4426973 1.5713175 1.6457094 1.2282642 1.7247276 1.6941513 0.8251985 1.8663608 1.8615832 1.8977927 1.6926461 1.7116184 1.5779548 1.7417537 1.6853545 1.7861095 1.8016285 1.7839486 1.7803483 0.8757416 0.3898157 0.3728738 0.0000000 0.1311227 0.5544893 0.7814559 0.8753540 1.0763227 1.0356977 0.7592039 1.6903230 1.6942663 1.7856881 1.8806712 1.7048136 1.0456602 1.7993218 3.2458059 3.4642317 3.2844242 3.5877831 
Coeast_Cast_sb786339                                               1.0064290 0.5542992 0.5742945 0.5791292 0.6057587 0.5189542 0.5884664 0.3306704 0.5429911 0.5731408 0.5779605 0.5895362 0.6115248 0.5365200 0.5365200 0.4516304 0.5747123 0.5343128 0.5362610 0.6075739 0.6181988 0.5660143 0.5492813 0.5492813 0.5438000 0.5438000 0.5416571 0.5416571 0.5359982 0.5359382 0.6229684 0.6730673 0.6783710 0.5730057 0.6170387 0.6439837 0.6836016 0.6741470 0.6293207 0.6819233 0.6359959 0.6822012 0.7051815 0.7182773 0.6738644 0.6600430 0.2622144 0.2997628 0.2753955 0.1311227 0.0000000 0.0240945 0.2262322 0.2561603 0.2655126 0.2952561 0.5504635 0.5635796 0.4929079 0.7156703 0.7793434 0.6504864 0.8451875 0.7771965 0.4093824 0.3943208 0.2745866 0.2377109 
Coemet_Cmet_scaffold8173_01                                        2.6170594 1.7481850 1.8478215 1.8583394 0.8256119 1.6866261 1.7488098 1.2979691 1.7509979 1.8646443 1.6428248 1.8245798 1.7311613 1.6962120 1.7734101 2.1642693 1.5502658 1.8177238 1.7838493 1.7130946 1.9816546 1.9295108 1.5904656 1.8280042 1.9321990 1.9452198 1.9142506 1.6161336 1.7264155 1.9003802 1.2022142 1.9174948 1.8329623 0.7662873 2.1038634 1.9979147 1.9822794 1.9112060 1.7755610 1.7515974 1.8849623 1.7942569 1.7816895 1.8461321 1.8714630 1.8738257 0.8758003 0.3837491 0.3651304 0.5544893 0.0240945 0.0000000 0.9161519 0.9470709 1.0533235 1.0257916 0.7547840 1.6832338 1.7943825 2.0474109 2.0197150 1.8203552 1.0694138 2.0968840 3.4521094 4.2122968 3.9629738 3.9734561 
Lampan_Lpan_15801_01                                               2.4975962 1.7441431 1.8277262 1.8497746 0.8012213 1.7777837 1.7797742 1.2430639 1.8932709 1.9097951 1.7059350 1.8116033 1.7295503 1.6926579 1.7659134 2.0571655 1.6050024 1.8592645 1.8324110 1.7731863 2.0921445 1.7360657 1.6457593 1.8379667 1.8366570 1.8166624 1.8081803 1.5113626 1.6620316 1.9006988 1.3331745 1.8655232 1.9192567 0.7575729 1.8949157 2.0411380 2.0687299 1.8350592 1.7808923 1.8267039 1.9540423 1.8817895 1.9582426 1.8944832 1.9800772 1.8493789 0.8963514 0.4289817 0.4257161 0.7814559 0.2262322 0.9161519 0.0000000 0.9592487 1.1088324 0.9958662 0.7550246 1.8396215 1.7588354 2.1549448 2.1553171 1.8665360 1.1411727 2.0677263 3.3071093 4.0500149 3.5869753 4.6462327 
