57
Hsap_ENST00000450454                                    0.0000000 1.0959447 1.2520380 1.3359926 1.6957981 1.6803944 1.6050605 1.5861366 1.7836832 1.6281117 1.5520856 1.6829072 1.5155067 1.6307691 1.4770560 1.3624426 1.4054974 1.5185842 1.3298501 1.8196589 1.6106636 1.7498982 1.4912772 1.6549480 1.4220387 1.5257601 1.5237805 1.4022762 1.5799738 1.4040776 1.7524822 1.7482648 2.1800706 1.6723413 1.7269229 1.6960760 1.7488353 1.8350799 1.7138030 1.7146158 1.8145554 2.1460801 1.8836017 1.9817963 2.1083601 2.0324247 2.1156442 2.0789858 2.2005478 2.1842215 2.0593875 2.0037251 1.9888143 2.8765888 2.2094849 2.0263929 2.1854396 
Bralan_BLAG02000585_1                                   1.0959447 0.0000000 0.7556972 0.9630788 1.2235984 1.2426217 1.3524693 1.2393106 1.2441335 1.1909315 1.2422616 1.2340220 0.9686656 1.0876062 1.3104891 1.0760708 1.0636481 1.1543535 1.0478962 1.3729093 1.2419860 1.2355360 1.2148402 1.3991626 1.2562625 1.3043577 1.1859390 1.1335189 1.2915491 1.3180291 1.3865654 1.3581603 1.8407976 1.3499058 1.3949688 1.4005218 1.4793306 1.5037303 1.5732856 1.5959020 1.7053856 1.7953033 1.5340085 1.7136723 1.8548513 1.6721526 1.5485233 1.5966095 1.6308802 1.5355534 1.6999961 1.7569001 1.7104537 2.1705380 1.8972365 1.6844903 1.6278065 
Skow_XM_006818813.1                                     1.2520380 0.7556972 0.0000000 0.8516536 1.1430596 1.2559201 1.3548133 1.2550616 1.3678547 1.2909726 1.2685402 1.3441379 0.9743641 1.0294948 1.2612200 1.0695644 1.2238113 0.9412376 1.2291901 1.3608754 1.4100428 1.4934751 1.2983655 1.3641315 1.3357381 1.3758588 1.3685598 1.2024164 1.2828871 1.3290436 1.4141932 1.3813155 1.7754525 1.5083261 1.5586851 1.5358084 1.6181741 1.5466526 1.5706320 1.5247271 1.6151701 1.7768233 1.6636857 1.6761809 1.9044806 1.6531174 1.7661692 1.7980591 1.6206868 1.6705264 1.9216916 1.8274062 1.7543366 2.0542494 2.1792778 1.8568875 1.5762530 
Acagra_model.g7434.t1.1.5d3b8486                        1.3359926 0.9630788 0.8516536 0.0000000 1.3466083 1.3602222 1.5621651 1.4015875 1.3959416 1.3795962 1.3675605 1.4771143 1.0911599 1.1742185 0.9049039 1.0859462 1.1276349 1.1114868 0.9698866 1.0626529 1.4454152 1.3798470 1.4473667 1.5304119 1.4862625 1.5540555 1.4064557 1.4635115 1.5362100 1.7502291 1.6736500 1.7155303 2.0203162 1.4895834 1.5463458 1.6075676 1.6250917 1.7485702 1.6442082 1.6884602 1.6135851 1.9189232 1.7139204 1.7585014 1.9090597 1.7656976 1.7065419 2.0011028 1.6928136 1.6754381 1.9127700 1.8423097 1.8134493 2.1686531 2.0396718 1.7208707 2.0104374 
Exapal_XM_021038151.2                                   1.6957981 1.2235984 1.1430596 1.3466083 0.0000000 0.3935031 0.5687702 0.5392735 0.5548482 0.5436376 0.5433015 0.5742682 1.0131776 1.0163294 1.4365728 1.5736405 1.4306783 1.5814631 1.4979156 1.5331557 1.4074092 1.3648901 1.3964259 1.4467172 1.2929312 1.2021835 1.3344518 1.4697583 1.6238148 1.7389051 1.7973264 1.7769890 2.2035895 1.9569410 2.0222293 2.0223958 2.0003928 1.8838011 1.8378153 1.7009407 1.9177062 1.9954283 1.8597250 1.8299170 2.0488932 2.0488288 1.8637462 2.1721073 1.9085329 1.9518461 1.9812020 1.8658745 1.8329593 1.2386521 2.2836769 1.9796679 1.9805868 
Nvec_v1g193553                                          1.6803944 1.2426217 1.2559201 1.3602222 0.3935031 0.0000000 0.5523282 0.5070375 0.5347476 0.5738000 0.5550758 0.5159793 1.0242283 1.0250543 1.4276698 1.4453294 1.4141002 1.4810050 1.6229441 1.5380385 1.4268412 1.4170457 1.3961307 1.4641998 1.3580723 1.4728631 1.4218114 1.3626185 1.5458963 1.6173934 1.6126986 1.6382670 2.1804619 1.7762375 1.8411719 1.8481209 1.8465449 1.7245342 1.8876581 1.5823904 1.7518072 2.0873061 1.9081206 1.8955446 2.1519463 2.0392120 1.9447498 2.0242433 1.8349539 1.9271088 2.0235981 1.9719377 1.9309712 1.2512335 2.2599885 1.9338070 1.9147280 
Amil_Amillepora18125-RA                                 1.6050605 1.3524693 1.3548133 1.5621651 0.5687702 0.5523282 0.0000000 0.1646226 0.1425532 0.2207752 0.2169376 0.1780426 1.0915907 1.1220453 1.4680805 1.6278017 1.4903793 1.4844490 1.6359064 1.8078131 1.5238855 1.3521952 1.4077502 1.5215043 1.3506326 1.4391496 1.4789125 1.3335791 1.5316513 1.7698227 1.8727075 1.8300508 2.0292368 1.9021773 1.8885926 1.9263123 1.8812510 1.9575374 2.0274764 1.8616831 1.9470742 2.2574695 1.9206216 1.9333773 2.3391642 2.1073233 1.9972075 2.0189617 2.0471117 1.9659153 2.0844653 2.0370263 2.0149576 0.6687400 2.4332948 2.1787108 1.9830723 
Gfas_gfas1.m1.6731.m1                                   1.5861366 1.2393106 1.2550616 1.4015875 0.5392735 0.5070375 0.1646226 0.0000000 0.1309274 0.2108385 0.1790818 0.1351994 1.0764217 1.0844891 1.3969642 1.4403667 1.3412436 1.4073168 1.6293576 1.5903237 1.5298289 1.3206986 1.4104855 1.4745398 1.3225449 1.4812375 1.4158431 1.2941963 1.4798739 1.6398299 1.7068475 1.6261553 1.9702335 1.7162092 1.7731972 1.8036467 1.7616984 1.7964437 1.8066018 1.7575276 1.7684929 2.0121438 1.7592503 1.8850676 2.1796614 2.0341305 1.8138302 2.0036076 1.9702511 1.8829708 1.9968465 1.9107026 1.8888466 0.9134426 2.4418820 2.1582053 1.9240504 
Gasp_gasp1.m3.9835.m1                                   1.7836832 1.2441335 1.3678547 1.3959416 0.5548482 0.5347476 0.1425532 0.1309274 0.0000000 0.1586512 0.1511479 0.1218222 1.0780109 1.0674698 1.4896581 1.5311590 1.3921980 1.4367419 1.6544104 1.7976558 1.6861057 1.4279127 1.4878542 1.5668645 1.3399076 1.4988280 1.4603437 1.2674606 1.4917683 1.7725168 1.7964394 1.7709199 1.8611441 1.7812429 1.7771565 1.8103818 1.7735679 1.9557520 1.9851622 1.8826594 1.8869279 2.1427140 1.7985241 1.8636258 2.3264452 2.1176756 1.8993857 2.0924055 2.0618261 1.9782486 2.0897162 1.9620653 1.9378337 0.8325520 2.3631558 2.2762260 1.9858697 
Spis_XP_022798451_1                                     1.6281117 1.1909315 1.2909726 1.3795962 0.5436376 0.5738000 0.2207752 0.2108385 0.1586512 0.0000000 0.0425984 0.1766016 0.9737687 1.0548648 1.3855048 1.3909484 1.2973167 1.4264968 1.6405811 1.6648274 1.4161922 1.3216156 1.4554891 1.4705518 1.3082800 1.5182100 1.3468532 1.2816636 1.4824543 1.6637497 1.8159972 1.7919832 2.0889972 1.6901077 1.7460093 1.8266587 1.7611751 1.8995775 1.8479423 1.7949296 1.8650668 2.0449276 1.7653258 1.8183387 2.0899325 1.9062618 1.8862717 2.0033290 1.8860186 1.8531824 2.0117552 1.8973825 1.8757290 0.9433929 2.4608273 2.1390281 2.0468467 
Pocdam_XM_027202367.1                                   1.5520856 1.2422616 1.2685402 1.3675605 0.5433015 0.5550758 0.2169376 0.1790818 0.1511479 0.0425984 0.0000000 0.1683304 0.9997177 1.0428860 1.3330038 1.3556927 1.2361373 1.4208359 1.6296959 1.7208432 1.4786272 1.3773931 1.4367767 1.4380933 1.3024574 1.4917205 1.3443485 1.2783531 1.4643305 1.6618545 1.7709374 1.7729650 2.1271127 1.7227264 1.7798684 1.8355355 1.8099785 1.9084839 1.8695672 1.7854763 1.9048805 2.0539589 1.8254416 1.8713023 2.1621775 1.9721567 1.9564527 2.0252099 1.9288945 1.8831251 2.1052715 1.9952803 1.9733700 0.9185068 2.3956011 2.0913536 1.9792209 
Fspp_ffun1.m4.24436.m1                                  1.6829072 1.2340220 1.3441379 1.4771143 0.5742682 0.5159793 0.1780426 0.1351994 0.1218222 0.1766016 0.1683304 0.0000000 1.1068535 1.0221360 1.4516872 1.6276526 1.3699034 1.6074405 1.6713643 1.7697561 1.5396719 1.3043660 1.4808557 1.5466321 1.3674431 1.5224205 1.5371905 1.5218640 1.7119354 1.6346657 1.9019727 1.8340097 2.3807320 1.7105208 1.6461731 1.8062116 1.6847277 1.9088134 1.8960655 1.8359306 1.9088223 1.8885813 1.8026671 1.8394251 2.2263547 2.1752117 1.9440403 2.0096762 1.9681052 1.8905639 2.0853894 2.0522646 2.0308108 0.8639458 2.4613277 2.3298312 2.0582294 
Dgig_XM_028550350.1                                     1.5155067 0.9686656 0.9743641 1.0911599 1.0131776 1.0242283 1.0915907 1.0764217 1.0780109 0.9737687 0.9997177 1.1068535 0.0000000 0.3346662 1.2488598 1.0094568 1.0677766 1.2293764 1.2491318 1.2445431 1.0407632 1.1505279 1.4930471 1.4237490 1.4495898 1.4457655 1.2811958 1.1983487 1.3812903 1.4024687 1.5066300 1.4599036 1.9819470 1.4553846 1.5051273 1.5631636 1.5617577 1.5118256 1.6510136 1.3720783 1.5843654 2.0731839 1.8145863 1.8311550 1.9529330 1.8104850 1.8809021 1.9566152 1.8148757 1.8075863 1.8398680 1.6771299 1.6463629 1.5198910 1.8527169 1.6070972 1.6814864 
Xesp_019870-T1                                          1.6307691 1.0876062 1.0294948 1.1742185 1.0163294 1.0250543 1.1220453 1.0844891 1.0674698 1.0548648 1.0428860 1.0221360 0.3346662 0.0000000 1.2261755 1.1115996 1.2160167 1.3988422 1.2055364 1.4082690 1.1087420 1.1601316 1.4818191 1.4752861 1.4062226 1.4276249 1.3450905 1.3053122 1.4554717 1.3368598 1.4562216 1.4876308 2.0430706 1.4826729 1.5326885 1.5808865 1.5860175 1.7144921 1.7837696 1.5025298 1.7058648 2.0480250 1.7451900 1.8026732 1.9855210 1.7352976 1.7419866 1.8145251 1.6754876 1.6371427 1.7902536 1.7093370 1.6825789 1.7226282 2.0134084 1.7465646 1.5003529 
Cgig_XM_011415474.3                                     1.4770560 1.3104891 1.2612200 0.9049039 1.4365728 1.4276698 1.4680805 1.3969642 1.4896581 1.3855048 1.3330038 1.4516872 1.2488598 1.2261755 0.0000000 1.3300512 1.4208533 1.4077505 1.3928923 1.2526821 1.4217362 1.4692992 1.6964711 1.6764797 1.5932702 1.6811758 1.6520355 1.6724788 1.8796831 2.1386217 2.0813584 2.1016849 2.3699133 1.8576342 1.9374568 1.9401023 1.9360175 1.9489295 1.9652210 2.0316755 1.9491902 2.1151787 2.4237336 2.6691627 3.0031926 2.6102290 2.4607845 2.5082689 2.4980298 2.4008805 2.4526378 2.4271709 2.4135971 2.3330405 2.4302320 2.1350306 2.2471809 
Tcas_TC014756_001                                       1.3624426 1.0760708 1.0695644 1.0859462 1.5736405 1.4453294 1.6278017 1.4403667 1.5311590 1.3909484 1.3556927 1.6276526 1.0094568 1.1115996 1.3300512 0.0000000 0.7792012 1.2620618 0.9871285 1.1919748 1.6555022 1.5952579 1.5014247 1.6790750 1.5719767 1.6409999 1.4923920 1.3763966 1.4779365 1.5414949 1.9205464 1.7902676 2.3880792 1.7069803 1.7416051 1.8009954 1.7470878 1.6768690 1.7643262 1.6192222 1.8713572 2.0204672 2.0906834 1.9894484 2.1787030 2.0994719 2.1296589 2.1377509 2.1322962 2.1828772 2.4088870 2.2648531 2.2559090 2.7128383 2.0418150 1.9009179 2.0187733 
Dpul_mRNA18060                                          1.4054974 1.0636481 1.2238113 1.1276349 1.4306783 1.4141002 1.4903793 1.3412436 1.3921980 1.2973167 1.2361373 1.3699034 1.0677766 1.2160167 1.4208533 0.7792012 0.0000000 1.3556508 0.9785990 1.4974612 1.5483833 1.4639645 1.6084726 1.7466460 1.7244420 1.7322543 1.8078396 1.4791046 1.6409672 1.3743497 1.8927560 1.8378888 2.7514677 1.6377353 1.7060237 1.6872748 1.7217603 1.8298162 1.7189076 1.6409852 1.9240898 2.0466238 1.9277504 1.9720141 2.1649480 2.1706106 1.8492730 2.0214086 1.9282043 1.9373622 2.2852948 2.0915417 2.0815305 2.1601384 2.0263859 1.8635014 2.1659975 
Spur_XM_030982759.1                                     1.5185842 1.1543535 0.9412376 1.1114868 1.5814631 1.4810050 1.4844490 1.4073168 1.4367419 1.4264968 1.4208359 1.6074405 1.2293764 1.3988422 1.4077505 1.2620618 1.3556508 0.0000000 1.1894345 1.6728076 1.6440126 1.8211273 1.5648609 1.8132144 1.6985958 1.6834906 1.4663828 1.5434539 1.7084398 1.4444655 1.7945590 1.6989219 2.5481457 1.4896148 1.5383854 1.5582385 1.5783084 1.8532236 1.6917168 1.9083511 1.7613001 1.9616656 1.9463036 1.9957092 2.1681977 1.8250305 1.9786163 1.9386677 1.8973942 1.9323867 2.1095220 2.1751691 2.1168730 2.4266861 2.7328193 2.3043932 2.1799969 
Cscu_XM_023382759.1                                     1.3298501 1.0478962 1.2291901 0.9698866 1.4979156 1.6229441 1.6359064 1.6293576 1.6544104 1.6405811 1.6296959 1.6713643 1.2491318 1.2055364 1.3928923 0.9871285 0.9785990 1.1894345 0.0000000 1.3310237 1.6002767 1.6577314 1.4698435 1.6355237 1.5335534 1.6010450 1.5782333 1.4622956 1.4860696 1.3309029 2.1303924 1.9883486 3.1097330 1.5792127 1.6624227 1.7381269 1.6929733 1.8238717 1.6710712 1.7527055 1.9183071 2.1998665 1.9627492 2.0770075 2.0789069 2.0349185 1.8827457 1.9975420 1.8717891 1.9858854 2.0015809 1.9670642 1.9642413 2.9122788 2.4121970 1.8868036 1.9017572 
Ctel_gnl_WGS_AMQN_CAPTEDRAFT_mRNA155099                 1.8196589 1.3729093 1.3608754 1.0626529 1.5331557 1.5380385 1.8078131 1.5903237 1.7976558 1.6648274 1.7208432 1.7697561 1.2445431 1.4082690 1.2526821 1.1919748 1.4974612 1.6728076 1.3310237 0.0000000 1.7058836 1.5864803 1.8990350 1.8979420 1.9268864 1.9099987 1.8816383 1.5773242 1.7111584 1.8051841 2.1271878 2.0312784 2.5868024 1.9026277 1.9799319 2.0774905 1.9538325 1.8287212 1.7933389 1.8845306 1.8435750 2.4862396 2.0842031 2.2254787 2.3489322 2.2149349 2.3316115 2.5536454 2.2006265 2.3181678 2.3443091 2.4018657 2.3542769 2.9488623 2.5656834 2.2926901 2.3047139 
Hvul_g6977_1                                            1.6106636 1.2419860 1.4100428 1.4454152 1.4074092 1.4268412 1.5238855 1.5298289 1.6861057 1.4161922 1.4786272 1.5396719 1.0407632 1.1087420 1.4217362 1.6555022 1.5483833 1.6440126 1.6002767 1.7058836 0.0000000 0.7195807 0.9685075 0.9483404 0.9301908 0.9684551 0.8798854 1.5778998 1.9675099 1.7672000 1.9416544 2.0293059 2.3545769 1.8052866 1.8648812 1.9348645 1.9804879 2.0029479 2.0390064 1.9114526 1.8872785 2.5284371 2.2758156 2.3700166 2.5515823 2.5095524 2.2811124 2.4419675 2.5728998 2.3734379 2.5148147 2.3015063 2.2585462 2.1144659 2.9028595 2.3740865 1.9025695 
Chem_TCONS_00001182                                     1.7498982 1.2355360 1.4934751 1.3798470 1.3648901 1.4170457 1.3521952 1.3206986 1.4279127 1.3216156 1.3773931 1.3043660 1.1505279 1.1601316 1.4692992 1.5952579 1.4639645 1.8211273 1.6577314 1.5864803 0.7195807 0.0000000 0.9424268 1.1487097 1.1363225 0.9340388 0.9772947 1.6725145 1.8767490 1.8411932 1.9198417 1.9471492 2.7027359 2.0188608 2.0698722 2.2516236 2.1643248 1.9473092 2.0105080 1.7780068 1.9018031 2.5702639 1.8896485 2.0423270 2.1330026 2.1217834 2.1113697 2.1875711 2.2136155 2.0796656 2.0740858 2.0586042 2.0313483 2.2449367 2.7813034 2.3553054 2.1968915 
Aaur_scaffold8.g4.t1                                    1.4912772 1.2148402 1.2983655 1.4473667 1.3964259 1.3961307 1.4077502 1.4104855 1.4878542 1.4554891 1.4367767 1.4808557 1.4930471 1.4818191 1.6964711 1.5014247 1.6084726 1.5648609 1.4698435 1.8990350 0.9685075 0.9424268 0.0000000 0.4086487 0.3491304 0.4092837 0.6040790 1.4889414 1.6646682 1.6937447 2.0002444 1.9721069 2.6138402 1.9069119 1.9453674 1.9656129 2.1116107 2.2599492 2.0309708 2.1361059 2.3499279 2.4634053 2.2464270 2.4171434 2.6161820 2.3884664 2.4745302 2.3508454 2.3756529 2.4177812 2.5293605 2.4166880 2.3811410 1.9311135 2.3954380 2.0212667 2.2371193 
Nemnom_g9627.t1                                         1.6549480 1.3991626 1.3641315 1.5304119 1.4467172 1.4641998 1.5215043 1.4745398 1.5668645 1.4705518 1.4380933 1.5466321 1.4237490 1.4752861 1.6764797 1.6790750 1.7466460 1.8132144 1.6355237 1.8979420 0.9483404 1.1487097 0.4086487 0.0000000 0.1834025 0.4301261 0.7513960 1.6646783 1.8275374 1.8932416 2.1330198 2.0799356 2.9291249 1.8202481 1.8563238 1.8431776 1.7987015 2.2505754 2.1029259 2.1178489 2.2486121 2.4785076 2.3850062 2.4118460 2.7276914 2.5096541 2.5040898 2.3933722 2.4070003 2.4364356 2.7122899 2.5431201 2.4976829 1.9609982 2.2950137 1.9056424 2.2787709 
Rhoesc_Res_011733-T1                                    1.4220387 1.2562625 1.3357381 1.4862625 1.2929312 1.3580723 1.3506326 1.3225449 1.3399076 1.3082800 1.3024574 1.3674431 1.4495898 1.4062226 1.5932702 1.5719767 1.7244420 1.6985958 1.5335534 1.9268864 0.9301908 1.1363225 0.3491304 0.1834025 0.0000000 0.4381836 0.7473496 1.6276751 1.8191012 1.7653348 2.0273163 1.9880462 2.9957413 1.8615570 1.8984614 1.8724041 1.8611677 2.2365383 2.1929784 2.1705666 2.2558433 2.2193320 2.1556549 2.2584428 2.4938504 2.3078269 2.3645730 2.1327625 2.4673949 2.4802202 2.5609958 2.4210685 2.3793901 2.1517395 2.2908739 1.9607020 2.2796402 
Sanmal_Sma_007707-T1                                    1.5257601 1.3043577 1.3758588 1.5540555 1.2021835 1.4728631 1.4391496 1.4812375 1.4988280 1.5182100 1.4917205 1.5224205 1.4457655 1.4276249 1.6811758 1.6409999 1.7322543 1.6834906 1.6010450 1.9099987 0.9684551 0.9340388 0.4092837 0.4301261 0.4381836 0.0000000 0.6932447 1.6063020 1.6572009 1.8741034 2.1248626 2.1074412 2.7406881 1.9973329 1.9583596 1.9259600 1.9051206 2.3472705 2.0717637 2.1693526 2.3808906 2.3692742 2.2209036 2.2509970 2.7414581 2.3406934 2.4417748 2.4427786 2.3416092 2.2670602 2.2863502 2.2742204 2.2745046 2.0606655 2.2739169 1.9472041 2.0657822 
Morvir_scaffold184.g12.t1                               1.5237805 1.1859390 1.3685598 1.4064557 1.3344518 1.4218114 1.4789125 1.4158431 1.4603437 1.3468532 1.3443485 1.5371905 1.2811958 1.3450905 1.6520355 1.4923920 1.8078396 1.4663828 1.5782333 1.8816383 0.8798854 0.9772947 0.6040790 0.7513960 0.7473496 0.6932447 0.0000000 1.7619426 1.8726918 2.0719473 2.2918920 2.2613477 2.6510113 1.9334751 1.9802866 1.9963935 1.9640564 2.0605005 2.0395055 1.9570611 2.1234122 2.3538369 2.0589664 2.2912860 2.5980026 2.2808284 2.4436207 2.3808057 2.4210745 2.3621737 2.3622180 2.3685812 2.3161792 1.8768946 2.6819722 2.1713481 2.2079558 
Aque_Aqu2.1.31019_001                                   1.4022762 1.1335189 1.2024164 1.4635115 1.4697583 1.3626185 1.3335791 1.2941963 1.2674606 1.2816636 1.2783531 1.5218640 1.1983487 1.3053122 1.6724788 1.3763966 1.4791046 1.5434539 1.4622956 1.5773242 1.5778998 1.6725145 1.4889414 1.6646783 1.6276751 1.6063020 1.7619426 0.0000000 0.2454859 0.8091407 0.9423913 0.8781293 0.5380412 1.3921413 1.4529980 1.4748392 1.5005534 1.5668994 1.7228363 1.5947788 1.6637600 2.0977132 1.6715435 1.6787993 1.8282383 1.7219723 1.6609863 1.6620802 1.5226043 1.5423703 1.7674141 1.6146438 1.5941263 2.1015652 1.8582473 1.6176753 1.4377149 
Halamb_c40499_g1_i1m.12770                              1.5799738 1.2915491 1.2828871 1.5362100 1.6238148 1.5458963 1.5316513 1.4798739 1.4917683 1.4824543 1.4643305 1.7119354 1.3812903 1.4554717 1.8796831 1.4779365 1.6409672 1.7084398 1.4860696 1.7111584 1.9675099 1.8767490 1.6646682 1.8275374 1.8191012 1.6572009 1.8726918 0.2454859 0.0000000 0.8394247 1.0662559 0.9867964 0.6641307 1.5315861 1.6021532 1.6421762 1.6074097 1.6737520 1.9304646 1.8090346 1.7303546 2.2290549 1.7465129 1.8097312 1.9660821 1.8647646 1.6621084 1.6923107 1.7410586 1.7043899 1.7035344 1.6147891 1.6154899 2.4973649 1.9814677 1.6977920 1.5289706 
Plespi_Pspi_scaffold15619_01                            1.4040776 1.3180291 1.3290436 1.7502291 1.7389051 1.6173934 1.7698227 1.6398299 1.7725168 1.6637497 1.6618545 1.6346657 1.4024687 1.3368598 2.1386217 1.5414949 1.3743497 1.4444655 1.3309029 1.8051841 1.7672000 1.8411932 1.6937447 1.8932416 1.7653348 1.8741034 2.0719473 0.8091407 0.8394247 0.0000000 1.0107901 0.9505643 1.3286607 1.3900144 1.4863378 1.5264920 1.5493852 1.8052775 1.7882508 1.8859414 1.9965112 1.9493237 2.1097630 2.1783963 2.0538865 2.4276817 2.2623245 2.4513422 2.1653456 2.3915089 2.5484512 2.2761277 2.2716894 1.9198151 2.2146378 1.9659883 1.6453081 
Emue_Em0023g94a.t1                                      1.7524822 1.3865654 1.4141932 1.6736500 1.7973264 1.6126986 1.8727075 1.7068475 1.7964394 1.8159972 1.7709374 1.9019727 1.5066300 1.4562216 2.0813584 1.9205464 1.8927560 1.7945590 2.1303924 2.1271878 1.9416544 1.9198417 2.0002444 2.1330198 2.0273163 2.1248626 2.2918920 0.9423913 1.0662559 1.0107901 0.0000000 0.1256867 1.0919736 1.8589138 1.9205367 1.8879539 2.0113193 1.8121775 1.7467164 1.6119342 1.9047737 1.9215718 2.0870936 2.1456615 2.4932818 2.2321097 2.2289489 2.0945735 2.1367336 2.0377360 2.3539295 2.1329388 2.0814651 2.3036613 2.6015868 2.3611874 2.0629003 
Spolac_c97826_g1_i3_m.15854c97826-g1                    1.7482648 1.3581603 1.3813155 1.7155303 1.7769890 1.6382670 1.8300508 1.6261553 1.7709199 1.7919832 1.7729650 1.8340097 1.4599036 1.4876308 2.1016849 1.7902676 1.8378888 1.6989219 1.9883486 2.0312784 2.0293059 1.9471492 1.9721069 2.0799356 1.9880462 2.1074412 2.2613477 0.8781293 0.9867964 0.9505643 0.1256867 0.0000000 1.0389384 1.8273287 1.8885655 1.8685845 1.9018017 1.7674794 1.7583374 1.6240080 1.9098009 1.8533981 2.0415809 2.1177930 2.4846195 2.2236774 2.1929353 2.0775703 2.1633870 2.0589093 2.2875310 2.0493230 1.9989264 2.2295579 2.4890745 2.2755250 2.0046836 
Xestes_maker-XT_scaffold14915-augustus-gene-0.27-mRNA-1 2.1800706 1.8407976 1.7754525 2.0203162 2.2035895 2.1804619 2.0292368 1.9702335 1.8611441 2.0889972 2.1271127 2.3807320 1.9819470 2.0430706 2.3699133 2.3880792 2.7514677 2.5481457 3.1097330 2.5868024 2.3545769 2.7027359 2.6138402 2.9291249 2.9957413 2.7406881 2.6510113 0.5380412 0.6641307 1.3286607 1.0919736 1.0389384 0.0000000 2.7282992 2.7634437 2.6128042 2.6641625 2.2636671 2.8609747 2.6851495 2.8227430 3.3487100 2.3775533 2.6565619 3.7950297 2.7387416 2.1780316 2.1771886 2.4541107 2.1225643 2.3814279 2.2919782 2.2874241 2.0478028 3.2387784 2.8782364 2.3236035 
Hhon_g00135.t1                                          1.6723413 1.3499058 1.5083261 1.4895834 1.9569410 1.7762375 1.9021773 1.7162092 1.7812429 1.6901077 1.7227264 1.7105208 1.4553846 1.4826729 1.8576342 1.7069803 1.6377353 1.4896148 1.5792127 1.9026277 1.8052866 2.0188608 1.9069119 1.8202481 1.8615570 1.9973329 1.9334751 1.3921413 1.5315861 1.3900144 1.8589138 1.8273287 2.7282992 0.0000000 0.0151323 0.0987965 0.2071434 1.8425556 1.6586275 1.7244982 1.8176088 2.2017503 1.8595324 1.7522059 1.7911644 1.6752151 1.9669862 1.9307067 1.7024405 1.8918057 1.8919287 1.9136551 1.8867709 2.7036007 2.4594832 2.0965630 2.0949520 
HoiH04_mRNA4301                                         1.7269229 1.3949688 1.5586851 1.5463458 2.0222293 1.8411719 1.8885926 1.7731972 1.7771565 1.7460093 1.7798684 1.6461731 1.5051273 1.5326885 1.9374568 1.7416051 1.7060237 1.5383854 1.6624227 1.9799319 1.8648812 2.0698722 1.9453674 1.8563238 1.8984614 1.9583596 1.9802866 1.4529980 1.6021532 1.4863378 1.9205367 1.8885655 2.7634437 0.0151323 0.0000000 0.0985929 0.2001193 1.8313335 1.6971147 1.7662003 1.8596136 2.2764370 1.9219416 1.7256537 1.8710847 1.7471195 2.0318059 1.9821463 1.7838152 1.9669358 1.9539470 1.9765399 1.9492620 2.6880755 2.4395207 2.1779069 2.0961432 
HoiH23_PlH23_008860-RA                                  1.6960760 1.4005218 1.5358084 1.6075676 2.0223958 1.8481209 1.9263123 1.8036467 1.8103818 1.8266587 1.8355355 1.8062116 1.5631636 1.5808865 1.9401023 1.8009954 1.6872748 1.5582385 1.7381269 2.0774905 1.9348645 2.2516236 1.9656129 1.8431776 1.8724041 1.9259600 1.9963935 1.4748392 1.6421762 1.5264920 1.8879539 1.8685845 2.6128042 0.0987965 0.0985929 0.0000000 0.2306641 1.8441280 1.8103470 1.8058517 1.8481016 2.1316208 1.9217676 1.7820368 1.9314587 1.7464946 2.0552020 1.9891679 1.8252970 2.0050029 2.0010489 2.0471800 2.0228839 2.7276239 2.4186704 2.1347430 2.0815221 
HoiH11_mRNA2759                                         1.7488353 1.4793306 1.6181741 1.6250917 2.0003928 1.8465449 1.8812510 1.7616984 1.7735679 1.7611751 1.8099785 1.6847277 1.5617577 1.5860175 1.9360175 1.7470878 1.7217603 1.5783084 1.6929733 1.9538325 1.9804879 2.1643248 2.1116107 1.7987015 1.8611677 1.9051206 1.9640564 1.5005534 1.6074097 1.5493852 2.0113193 1.9018017 2.6641625 0.2071434 0.2001193 0.2306641 0.0000000 1.9412837 1.8278198 1.9024376 1.8219181 2.1387329 2.0035235 1.7960620 2.0098905 1.7910685 2.1106855 2.1416515 1.9691253 2.1672644 2.1526875 2.1367840 2.1154270 2.6921147 2.5337139 2.2255138 2.1223020 
Scil_scict002854.2                                      1.8350799 1.5037303 1.5466526 1.7485702 1.8838011 1.7245342 1.9575374 1.7964437 1.9557520 1.8995775 1.9084839 1.9088134 1.5118256 1.7144921 1.9489295 1.6768690 1.8298162 1.8532236 1.8238717 1.8287212 2.0029479 1.9473092 2.2599492 2.2505754 2.2365383 2.3472705 2.0605005 1.5668994 1.6737520 1.8052775 1.8121775 1.7674794 2.2636671 1.8425556 1.8313335 1.8441280 1.9412837 0.0000000 0.3908521 0.3588633 0.4641197 1.2142248 1.9515182 1.9033975 2.2074842 2.0974349 1.8830496 2.0013568 1.9556309 2.0414081 2.0100699 1.9215512 1.8994715 3.0396396 2.6615453 2.1776805 1.9717583 
Gracom_Gcom_scaffold3425_01                             1.7138030 1.5732856 1.5706320 1.6442082 1.8378153 1.8876581 2.0274764 1.8066018 1.9851622 1.8479423 1.8695672 1.8960655 1.6510136 1.7837696 1.9652210 1.7643262 1.7189076 1.6917168 1.6710712 1.7933389 2.0390064 2.0105080 2.0309708 2.1029259 2.1929784 2.0717637 2.0395055 1.7228363 1.9304646 1.7882508 1.7467164 1.7583374 2.8609747 1.6586275 1.6971147 1.8103470 1.8278198 0.3908521 0.0000000 0.3667381 0.4247135 1.2548910 2.0725615 2.1257267 2.4597534 2.4307540 2.1187018 2.1718322 1.9342917 2.0099739 2.1608817 2.1765986 2.1559844 3.1208611 2.5178667 1.9472605 1.9397115 
Leuniv_Lniv_scaffold21871_01                            1.7146158 1.5959020 1.5247271 1.6884602 1.7009407 1.5823904 1.8616831 1.7575276 1.8826594 1.7949296 1.7854763 1.8359306 1.3720783 1.5025298 2.0316755 1.6192222 1.6409852 1.9083511 1.7527055 1.8845306 1.9114526 1.7780068 2.1361059 2.1178489 2.1705666 2.1693526 1.9570611 1.5947788 1.8090346 1.8859414 1.6119342 1.6240080 2.6851495 1.7244982 1.7662003 1.8058517 1.9024376 0.3588633 0.3667381 0.0000000 0.4081044 1.2173637 2.0293921 1.9475596 2.1184302 2.1556294 2.0114173 1.9690757 1.9997832 2.0792798 2.1120519 2.0736203 2.0497516 2.6769419 2.5190721 1.9849002 1.8791295 
Lcom_lcpid100017                                        1.8145554 1.7053856 1.6151701 1.6135851 1.9177062 1.7518072 1.9470742 1.7684929 1.8869279 1.8650668 1.9048805 1.9088223 1.5843654 1.7058648 1.9491902 1.8713572 1.9240898 1.7613001 1.9183071 1.8435750 1.8872785 1.9018031 2.3499279 2.2486121 2.2558433 2.3808906 2.1234122 1.6637600 1.7303546 1.9965112 1.9047737 1.9098009 2.8227430 1.8176088 1.8596136 1.8481016 1.8219181 0.4641197 0.4247135 0.4081044 0.0000000 1.2718890 2.0243194 2.0971133 2.3157654 2.3385435 2.0875537 2.1787535 2.0521606 2.0949753 2.0786106 2.1188271 2.1048353 3.2982401 2.6150089 2.2135188 1.9562533 
Clacor_Ccor_scaffold14469_01                            2.1460801 1.7953033 1.7768233 1.9189232 1.9954283 2.0873061 2.2574695 2.0121438 2.1427140 2.0449276 2.0539589 1.8885813 2.0731839 2.0480250 2.1151787 2.0204672 2.0466238 1.9616656 2.1998665 2.4862396 2.5284371 2.5702639 2.4634053 2.4785076 2.2193320 2.3692742 2.3538369 2.0977132 2.2290549 1.9493237 1.9215718 1.8533981 3.3487100 2.2017503 2.2764370 2.1316208 2.1387329 1.2142248 1.2548910 1.2173637 1.2718890 0.0000000 2.4612489 2.6218347 2.7644241 2.6439181 2.5495483 2.4948858 2.4271352 2.6011360 2.5480411 2.6136875 2.5409787 3.5316537 2.5153276 2.1616402 2.2599170 
Mlei_ML1759.g7.i1                                       1.8836017 1.5340085 1.6636857 1.7139204 1.8597250 1.9081206 1.9206216 1.7592503 1.7985241 1.7653258 1.8254416 1.8026671 1.8145863 1.7451900 2.4237336 2.0906834 1.9277504 1.9463036 1.9627492 2.0842031 2.2758156 1.8896485 2.2464270 2.3850062 2.1556549 2.2209036 2.0589664 1.6715435 1.7465129 2.1097630 2.0870936 2.0415809 2.3775533 1.8595324 1.9219416 1.9217676 2.0035235 1.9515182 2.0725615 2.0293921 2.0243194 2.4612489 0.0000000 0.1048439 0.1309360 0.2247444 0.3016155 0.2823227 0.3133705 0.2890993 0.3615511 0.3578714 0.3524468 2.2720734 2.3174140 2.1250802 1.8502356 
Bolinf_Binf_sb1273819                                   1.9817963 1.7136723 1.6761809 1.7585014 1.8299170 1.8955446 1.9333773 1.8850676 1.8636258 1.8183387 1.8713023 1.8394251 1.8311550 1.8026732 2.6691627 1.9894484 1.9720141 1.9957092 2.0770075 2.2254787 2.3700166 2.0423270 2.4171434 2.4118460 2.2584428 2.2509970 2.2912860 1.6787993 1.8097312 2.1783963 2.1456615 2.1177930 2.6565619 1.7522059 1.7256537 1.7820368 1.7960620 1.9033975 2.1257267 1.9475596 2.0971133 2.6218347 0.1048439 0.0000000 0.0267870 0.2746131 0.3623930 0.3577877 0.3471716 0.3453565 0.4307754 0.4164481 0.4078944 2.2395047 2.6842108 2.4491420 1.9011277 
Mertsp_Mesp_sb555378                                    2.1083601 1.8548513 1.9044806 1.9090597 2.0488932 2.1519463 2.3391642 2.1796614 2.3264452 2.0899325 2.1621775 2.2263547 1.9529330 1.9855210 3.0031926 2.1787030 2.1649480 2.1681977 2.0789069 2.3489322 2.5515823 2.1330026 2.6161820 2.7276914 2.4938504 2.7414581 2.5980026 1.8282383 1.9660821 2.0538865 2.4932818 2.4846195 3.7950297 1.7911644 1.8710847 1.9314587 2.0098905 2.2074842 2.4597534 2.1184302 2.3157654 2.7644241 0.1309360 0.0267870 0.0000000 0.3104126 0.4331818 0.4328153 0.3914001 0.3914001 0.5090388 0.4920399 0.4810348 3.4221506 2.5777575 2.4318835 1.9481170 
Beraby_Baby_sb344296                                    2.0324247 1.6721526 1.6531174 1.7656976 2.0488288 2.0392120 2.1073233 2.0341305 2.1176756 1.9062618 1.9721567 2.1752117 1.8104850 1.7352976 2.6102290 2.0994719 2.1706106 1.8250305 2.0349185 2.2149349 2.5095524 2.1217834 2.3884664 2.5096541 2.3078269 2.3406934 2.2808284 1.7219723 1.8647646 2.4276817 2.2321097 2.2236774 2.7387416 1.6752151 1.7471195 1.7464946 1.7910685 2.0974349 2.4307540 2.1556294 2.3385435 2.6439181 0.2247444 0.2746131 0.3104126 0.0000000 0.3338751 0.2770542 0.3495299 0.3492468 0.4036444 0.4641423 0.4515574 2.4930821 2.7008895 2.3238795 1.9171092 
Lampan_Lpan_5429_01                                     2.1156442 1.5485233 1.7661692 1.7065419 1.8637462 1.9447498 1.9972075 1.8138302 1.8993857 1.8862717 1.9564527 1.9440403 1.8809021 1.7419866 2.4607845 2.1296589 1.8492730 1.9786163 1.8827457 2.3316115 2.2811124 2.1113697 2.4745302 2.5040898 2.3645730 2.4417748 2.4436207 1.6609863 1.6621084 2.2623245 2.2289489 2.1929353 2.1780316 1.9669862 2.0318059 2.0552020 2.1106855 1.8830496 2.1187018 2.0114173 2.0875537 2.5495483 0.3016155 0.3623930 0.4331818 0.3338751 0.0000000 0.3407915 0.3992929 0.3661406 0.3884758 0.3804437 0.3659421 2.4232339 2.5871874 2.2944056 2.2079108 
Drygla_Dgla_sb291892                                    2.0789858 1.5966095 1.7980591 2.0011028 2.1721073 2.0242433 2.0189617 2.0036076 2.0924055 2.0033290 2.0252099 2.0096762 1.9566152 1.8145251 2.5082689 2.1377509 2.0214086 1.9386677 1.9975420 2.5536454 2.4419675 2.1875711 2.3508454 2.3933722 2.1327625 2.4427786 2.3808057 1.6620802 1.6923107 2.4513422 2.0945735 2.0775703 2.1771886 1.9307067 1.9821463 1.9891679 2.1416515 2.0013568 2.1718322 1.9690757 2.1787535 2.4948858 0.2823227 0.3577877 0.4328153 0.2770542 0.3407915 0.0000000 0.4331476 0.3757434 0.4334700 0.4672512 0.4613287 2.4112987 2.4458888 2.2142806 1.9929400 
Pbac_sb2651975                                          2.2005478 1.6308802 1.6206868 1.6928136 1.9085329 1.8349539 2.0471117 1.9702511 2.0618261 1.8860186 1.9288945 1.9681052 1.8148757 1.6754876 2.4980298 2.1322962 1.9282043 1.8973942 1.8717891 2.2006265 2.5728998 2.2136155 2.3756529 2.4070003 2.4673949 2.3416092 2.4210745 1.5226043 1.7410586 2.1653456 2.1367336 2.1633870 2.4541107 1.7024405 1.7838152 1.8252970 1.9691253 1.9556309 1.9342917 1.9997832 2.0521606 2.4271352 0.3133705 0.3471716 0.3914001 0.3495299 0.3992929 0.4331476 0.0000000 0.0046542 0.3976763 0.4308860 0.4265691 2.8696544 2.6243982 2.2472391 1.7662870 
Horcal_Hcv1.av93.c11.g56.i1                             2.1842215 1.5355534 1.6705264 1.6754381 1.9518461 1.9271088 1.9659153 1.8829708 1.9782486 1.8531824 1.8831251 1.8905639 1.8075863 1.6371427 2.4008805 2.1828772 1.9373622 1.9323867 1.9858854 2.3181678 2.3734379 2.0796656 2.4177812 2.4364356 2.4802202 2.2670602 2.3621737 1.5423703 1.7043899 2.3915089 2.0377360 2.0589093 2.1225643 1.8918057 1.9669358 2.0050029 2.1672644 2.0414081 2.0099739 2.0792798 2.0949753 2.6011360 0.2890993 0.3453565 0.3914001 0.3492468 0.3661406 0.3757434 0.0046542 0.0000000 0.3693456 0.4023148 0.3990270 2.5711266 2.4550035 2.1830787 1.8685901 
Vmul_Simscaffold8253_01                                 2.0593875 1.6999961 1.9216916 1.9127700 1.9812020 2.0235981 2.0844653 1.9968465 2.0897162 2.0117552 2.1052715 2.0853894 1.8398680 1.7902536 2.4526378 2.4088870 2.2852948 2.1095220 2.0015809 2.3443091 2.5148147 2.0740858 2.5293605 2.7122899 2.5609958 2.2863502 2.3622180 1.7674141 1.7035344 2.5484512 2.3539295 2.2875310 2.3814279 1.8919287 1.9539470 2.0010489 2.1526875 2.0100699 2.1608817 2.1120519 2.0786106 2.5480411 0.3615511 0.4307754 0.5090388 0.4036444 0.3884758 0.4334700 0.3976763 0.3693456 0.0000000 0.1858736 0.1778657 2.7562861 2.6622644 2.4196458 2.1921321 
Coeast_Cast_sb777117                                    2.0037251 1.7569001 1.8274062 1.8423097 1.8658745 1.9719377 2.0370263 1.9107026 1.9620653 1.8973825 1.9952803 2.0522646 1.6771299 1.7093370 2.4271709 2.2648531 2.0915417 2.1751691 1.9670642 2.4018657 2.3015063 2.0586042 2.4166880 2.5431201 2.4210685 2.2742204 2.3685812 1.6146438 1.6147891 2.2761277 2.1329388 2.0493230 2.2919782 1.9136551 1.9765399 2.0471800 2.1367840 1.9215512 2.1765986 2.0736203 2.1188271 2.6136875 0.3578714 0.4164481 0.4920399 0.4641423 0.3804437 0.4672512 0.4308860 0.4023148 0.1858736 0.0000000 0.0074287 2.4917392 2.6349772 2.3843141 2.2229889 
Coemet_Cmet_scaffold14250_01                            1.9888143 1.7104537 1.7543366 1.8134493 1.8329593 1.9309712 2.0149576 1.8888466 1.9378337 1.8757290 1.9733700 2.0308108 1.6463629 1.6825789 2.4135971 2.2559090 2.0815305 2.1168730 1.9642413 2.3542769 2.2585462 2.0313483 2.3811410 2.4976829 2.3793901 2.2745046 2.3161792 1.5941263 1.6154899 2.2716894 2.0814651 1.9989264 2.2874241 1.8867709 1.9492620 2.0228839 2.1154270 1.8994715 2.1559844 2.0497516 2.1048353 2.5409787 0.3524468 0.4078944 0.4810348 0.4515574 0.3659421 0.4613287 0.4265691 0.3990270 0.1778657 0.0074287 0.0000000 2.4610792 2.6387306 2.3870665 2.1707599 
Adig_XM_015899981.1                                     2.8765888 2.1705380 2.0542494 2.1686531 1.2386521 1.2512335 0.6687400 0.9134426 0.8325520 0.9433929 0.9185068 0.8639458 1.5198910 1.7226282 2.3330405 2.7128383 2.1601384 2.4266861 2.9122788 2.9488623 2.1144659 2.2449367 1.9311135 1.9609982 2.1517395 2.0606655 1.8768946 2.1015652 2.4973649 1.9198151 2.3036613 2.2295579 2.0478028 2.7036007 2.6880755 2.7276239 2.6921147 3.0396396 3.1208611 2.6769419 3.2982401 3.5316537 2.2720734 2.2395047 3.4221506 2.4930821 2.4232339 2.4112987 2.8696544 2.5711266 2.7562861 2.4917392 2.4610792 0.0000000 7.1488865 4.6088343 3.1009587 
Ocar_g7350                                              2.2094849 1.8972365 2.1792778 2.0396718 2.2836769 2.2599885 2.4332948 2.4418820 2.3631558 2.4608273 2.3956011 2.4613277 1.8527169 2.0134084 2.4302320 2.0418150 2.0263859 2.7328193 2.4121970 2.5656834 2.9028595 2.7813034 2.3954380 2.2950137 2.2908739 2.2739169 2.6819722 1.8582473 1.9814677 2.2146378 2.6015868 2.4890745 3.2387784 2.4594832 2.4395207 2.4186704 2.5337139 2.6615453 2.5178667 2.5190721 2.6150089 2.5153276 2.3174140 2.6842108 2.5777575 2.7008895 2.5871874 2.4458888 2.6243982 2.4550035 2.6622644 2.6349772 2.6387306 7.1488865 0.0000000 0.0582643 1.1572162 
Opea_EP00118_Oscarella_pearsei_P003777                  2.0263929 1.6844903 1.8568875 1.7208707 1.9796679 1.9338070 2.1787108 2.1582053 2.2762260 2.1390281 2.0913536 2.3298312 1.6070972 1.7465646 2.1350306 1.9009179 1.8635014 2.3043932 1.8868036 2.2926901 2.3740865 2.3553054 2.0212667 1.9056424 1.9607020 1.9472041 2.1713481 1.6176753 1.6977920 1.9659883 2.3611874 2.2755250 2.8782364 2.0965630 2.1779069 2.1347430 2.2255138 2.1776805 1.9472605 1.9849002 2.2135188 2.1616402 2.1250802 2.4491420 2.4318835 2.3238795 2.2944056 2.2142806 2.2472391 2.1830787 2.4196458 2.3843141 2.3870665 4.6088343 0.0582643 0.0000000 0.9555829 
Plajan_Pjan_scaffold7153_01                             2.1854396 1.6278065 1.5762530 2.0104374 1.9805868 1.9147280 1.9830723 1.9240504 1.9858697 2.0468467 1.9792209 2.0582294 1.6814864 1.5003529 2.2471809 2.0187733 2.1659975 2.1799969 1.9017572 2.3047139 1.9025695 2.1968915 2.2371193 2.2787709 2.2796402 2.0657822 2.2079558 1.4377149 1.5289706 1.6453081 2.0629003 2.0046836 2.3236035 2.0949520 2.0961432 2.0815221 2.1223020 1.9717583 1.9397115 1.8791295 1.9562533 2.2599170 1.8502356 1.9011277 1.9481170 1.9171092 2.2079108 1.9929400 1.7662870 1.8685901 2.1921321 2.2229889 2.1707599 3.1009587 1.1572162 0.9555829 0.0000000 
