62
Hsap_ENST00000642243                                0.0000000 1.0756113 1.1699983 0.8671243 1.4740251 1.4068159 1.3372707 1.5849080 1.9437061 1.3328269 1.5867041 1.6163978 1.5922465 1.5417900 1.5976917 1.4658277 1.4714666 1.2291204 2.4967861 1.2426988 2.3562121 2.4059074 2.6069745 2.6069745 1.5106801 1.7224295 1.5250702 1.3226827 2.1508235 1.8994545 2.2655102 2.3082049 2.0098819 1.7363215 1.5712717 1.5560999 1.6014131 1.6730500 1.9956721 2.0148741 1.6323620 2.4050317 1.9317994 1.8011493 2.0672097 1.2147161 1.7580634 2.1128665 1.9837013 2.8193789 2.8233960 2.2596384 3.3172953 2.8814917 2.7584871 2.9493807 2.6595196 4.6150369 3.4195288 3.2659101 3.3978315 2.1269772 
Bralan_BLAG03002257_8                               1.0756113 0.0000000 1.4810887 1.0324583 1.4219984 1.4206151 1.2639105 1.6322065 1.6699078 1.6564768 1.8319921 1.8063204 1.9219406 1.4898619 1.6119303 1.5643606 1.6534636 1.1873142 2.5744962 1.2984561 2.3825746 2.3674627 2.6960675 2.6958495 1.7802328 1.6279308 1.4651871 1.5656722 2.7075367 2.6371658 3.4845349 2.6973623 1.7398489 1.5600217 1.9865799 1.8701425 1.8717773 1.7050495 2.1732392 2.3548055 1.7161003 2.5901635 2.5257205 1.8463045 1.7666609 1.3921555 2.2108894 2.1467076 2.3141049 2.3259812 3.1875834 2.6665090 2.8571897 3.1923695 2.8505743 3.2109172 2.9067908 3.9213175 3.6472553 3.4071760 3.2178975 2.5335933 
Tcas_TC031982_001                                   1.1699983 1.4810887 0.0000000 0.6084776 0.9741960 0.9419972 1.0522331 1.3445609 1.3564135 1.4561229 1.4306308 1.1806361 1.3094172 1.3517144 1.6921041 1.6595731 1.6729610 0.9934296 1.9452175 1.0511162 1.7076199 1.7238342 1.8886935 1.8886935 1.2819416 1.6677393 1.6960797 1.1829253 2.0650151 2.0168537 2.1513273 2.0852146 1.5645120 1.3517073 1.5757609 1.5669699 1.5581259 1.4467284 1.7983901 1.8918289 1.7891450 2.2894077 2.4556076 1.7116619 1.7399208 1.4842309 1.5719002 2.2888621 2.5927492 2.4015013 3.0201260 2.3104201 3.0608505 2.9017374 2.9006576 2.9443589 2.8113100 3.3855970 3.4792851 3.4616489 3.3263026 2.3064854 
Dpul_mRNA27960                                      0.8671243 1.0324583 0.6084776 0.0000000 0.6617971 0.7043046 0.8462737 0.8009044 0.8302365 0.9489044 0.9884284 0.9359150 0.9459682 0.8901742 1.1605111 1.0879203 1.1345862 1.1444459 1.4159259 1.0909731 1.2313580 1.2644086 1.3999366 1.3999366 0.8876722 0.9889489 1.0369257 1.5464121 1.7576157 1.7178547 1.6922419 2.0750660 1.2142949 1.1598938 1.1277553 1.0306427 1.1354324 1.2111390 1.2405744 1.6168342 1.5348287 1.6308088 1.4406634 1.6394894 1.6398117 1.4953591 1.2820112 2.1386550 2.0675499 2.4952742 2.4450491 2.3091413 2.7064824 2.8541002 2.7268284 3.0819215 2.8283194 2.8782644 3.2253548 3.1340556 3.0272971 2.2428501 
Cscu_XM_023381351.1                                 1.4740251 1.4219984 0.9741960 0.6617971 0.0000000 0.9605409 1.1161803 1.6623360 1.2600221 1.5718586 1.6794372 1.5660474 1.5153858 1.5571782 1.7503438 1.5947098 1.6519053 1.1414509 2.3420866 1.2727351 2.2601305 2.3773438 2.4509278 2.4520309 1.3444533 1.7611975 1.5223603 1.2638888 2.1037774 2.3423071 2.5678716 2.4347958 1.9569520 1.3224987 2.0332901 1.7251827 1.9869287 1.5855541 1.6813777 2.1891845 1.7646614 2.3088705 2.4650203 1.7518801 1.9260101 1.3480218 1.8627167 1.9821598 2.2303696 2.3487053 2.8179172 2.6731939 3.1940400 2.6122384 2.7389697 2.9478504 2.3393617 4.5215528 3.5928005 3.4334371 3.1901277 2.5840591 
Ctel_gnl_WGS_AMQN_CAPTEDRAFT_mRNA156801             1.4068159 1.4206151 0.9419972 0.7043046 0.9605409 0.0000000 0.8672719 1.5157355 1.2551795 1.7183994 1.5315180 1.4397833 1.5052211 1.6256412 1.7396340 1.6374392 1.7568568 1.1480958 2.2291057 1.2694908 2.1500199 2.1470612 2.6050095 2.6056895 1.3657638 2.0649988 1.7464515 1.4413951 2.3468041 2.2503514 2.6190187 2.5496934 1.8099763 1.3340408 1.7365536 1.7372268 1.8902038 1.5139628 1.9979260 2.3076787 1.8186367 2.2404889 2.4051869 1.5229819 1.4991455 1.2938004 1.5858618 2.0720573 2.3118443 2.4258820 2.9455036 2.3803799 3.0940444 2.8060231 2.6049297 2.8047831 2.5416972 3.6327139 3.6605960 3.6670016 2.9176834 2.5681649 
Acagra_model.g677.t1.2.5d3b8264                     1.3372707 1.2639105 1.0522331 0.8462737 1.1161803 0.8672719 0.0000000 1.6061310 1.3446256 1.6414259 1.6757985 1.6533495 1.7155240 1.6356397 1.9707758 1.8575227 1.9685376 1.2392186 2.2673356 1.2866429 2.1819182 2.2341944 2.4986169 2.4926249 1.6763057 1.9035165 1.5994216 1.6630580 2.5448376 2.0950794 2.3938220 2.2987211 1.8475316 1.4617332 1.8490999 1.7165401 1.7466487 1.5828630 1.8317899 2.3861285 1.8850051 2.7189800 2.3801374 1.8235527 1.8837298 1.3866581 2.1106195 2.6938727 2.7737216 2.6125415 3.2813512 2.9125497 3.1312408 3.0393415 2.9472969 3.5325849 2.7490326 3.7037286 3.4931697 3.2779925 3.7040438 2.7366226 
Chem_TCONS_00014590                                 1.5849080 1.6322065 1.3445609 0.8009044 1.6623360 1.5157355 1.6061310 0.0000000 2.1633678 0.7397091 1.3328268 1.1677162 1.2539350 1.5046892 1.4658255 1.4971181 1.5216302 1.0568069 2.2357718 1.1223106 1.9410498 2.0138762 2.0825989 2.0774640 1.3654298 1.7553419 1.5939653 1.6589610 2.9240964 2.4636690 2.5080405 2.5866240 2.2519599 1.8724810 1.9599449 1.7873159 2.1516058 1.7392328 2.1754563 2.1245128 1.8214406 2.2264060 2.3829848 1.9758066 2.0034082 1.4545689 2.4826103 2.3067982 2.2687637 2.7343057 3.1162226 2.6531011 3.1531435 2.8288276 2.5457140 2.5359770 2.9840191 3.6574569 3.9511846 3.8448495 3.7398299 2.1157528 
Cgig_XM_020074902.2                                 1.9437061 1.6699078 1.3564135 0.8302365 1.2600221 1.2551795 1.3446256 2.1633678 0.0000000 2.6708531 2.2040644 1.7823323 2.0129371 1.7395346 2.0184643 1.9012897 1.9843471 1.1839293 2.5212287 1.1830396 2.2650766 2.3199893 2.5147072 2.5160947 1.7628187 1.9011316 1.8634063 1.5699872 3.0856524 2.9378565 3.3331776 2.8956165 2.0759774 1.6328434 2.3048376 2.2290473 2.1671311 2.0748246 2.2330662 2.3815162 1.7521875 2.4347415 2.4103429 1.6325163 1.8094458 1.2393752 2.4461340 2.0296101 2.5488857 3.0783774 3.1763442 2.8924526 3.3882547 2.7283417 3.0758009 4.0569248 2.8818101 4.6021013 3.7540598 3.8332589 3.1015044 3.0287233 
Hvul_g471_1                                         1.3328269 1.6564768 1.4561229 0.9489044 1.5718586 1.7183994 1.6414259 0.7397091 2.6708531 0.0000000 1.3331784 1.2949129 1.2005302 1.4061075 1.8193541 1.6514323 1.6346427 1.0448003 2.9674671 1.0723017 2.4508010 2.5941795 2.5892922 2.5829144 1.4108858 1.8107278 1.6570523 1.5784834 3.1678505 2.8576897 3.0017222 2.8759483 2.4436768 1.7323015 2.4302404 2.0285037 2.0800190 1.7085195 2.2298278 2.3360783 2.5091826 2.8545458 2.9139603 2.3152359 2.2766018 1.3632624 2.4836213 2.4043399 2.4376463 3.3798421 3.4486722 3.2099415 3.5025018 2.9715116 2.8674872 2.8285594 3.5742742 3.9562896 4.2998839 4.0427761 4.5713743 2.4142712 
Nemnom_g4874.t1                                     1.5867041 1.8319921 1.4306308 0.9884284 1.6794372 1.5315180 1.6757985 1.3328268 2.2040644 1.3331784 0.0000000 0.2632571 0.6985401 1.4068295 1.3891237 1.4337170 1.4436388 1.1426583 2.4117550 1.2033635 2.2571072 2.3842319 2.6028722 2.5972263 1.2541224 1.6737869 1.7532304 1.2985445 2.3656932 2.2387703 2.7862310 2.6215964 2.1864457 1.5500683 1.9147344 1.8377741 1.8430599 1.6302778 2.1014462 2.4557593 2.2431009 2.5275199 2.1725354 1.9709174 2.2578567 1.2817026 2.3350267 2.1739134 2.4656480 3.2897953 2.9578686 2.9478855 2.8845590 3.1053642 2.6315378 3.0243065 2.9419780 3.8082735 3.5296041 3.3590738 3.6142386 2.0834832 
Rhoesc_Res_017473-T2                                1.6163978 1.8063204 1.1806361 0.9359150 1.5660474 1.4397833 1.6533495 1.1677162 1.7823323 1.2949129 0.2632571 0.0000000 0.6978032 1.3160962 1.4673569 1.4286569 1.3865350 1.1303252 2.2711138 1.1899462 2.1268364 2.2386971 2.2289240 2.2237663 1.0563668 1.5198928 1.5847898 1.3480284 2.4336832 2.2361742 2.3284918 2.4863583 1.9466670 1.4890881 1.7188906 1.6531156 1.6908588 1.4279076 1.7874784 2.3097809 2.0709164 2.2641658 2.0822353 1.8251989 2.0878345 1.3255487 2.0072934 2.1058117 2.3433187 2.9622748 2.4252189 2.5472507 2.8947142 3.3891445 2.5288552 3.0441030 2.7212296 3.9131905 3.2737724 3.2456879 3.8411187 2.0580458 
Sanmal_Sma_007142-T1                                1.5922465 1.9219406 1.3094172 0.9459682 1.5153858 1.5052211 1.7155240 1.2539350 2.0129371 1.2005302 0.6985401 0.6978032 0.0000000 1.4322226 1.5308983 1.5022359 1.4906798 1.0588453 2.5678389 1.1139745 2.1518814 2.2156350 2.5437408 2.5383803 1.1661799 1.7648110 1.6267732 1.3938835 2.4673021 2.5576675 3.0288198 2.5570845 2.3484932 1.5225857 1.9087212 1.7061741 1.9476533 1.4859653 1.8679089 2.3026589 2.3798658 2.4436628 2.2564584 1.8794461 2.2910276 1.3377161 2.1926616 2.2930437 2.2843327 2.5779516 2.6116499 2.6105244 3.0764624 3.1501885 2.6830957 3.0800484 2.6328984 3.7859991 3.8988858 3.7286754 3.8708573 1.8078721 
Nvec_v1g107629                                      1.5417900 1.4898619 1.3517144 0.8901742 1.5571782 1.6256412 1.6356397 1.5046892 1.7395346 1.4061075 1.4068295 1.3160962 1.4322226 0.0000000 0.5412893 0.4798288 0.5328834 0.9984203 2.1016785 1.0127213 1.9958450 2.0982643 2.3683628 2.3683628 1.3583545 1.2903048 1.1012908 1.4021210 2.3452048 2.3734184 2.2590808 2.5044419 1.7838638 1.3609778 1.8184721 1.6446436 1.7768664 1.6642551 1.7515209 2.1960285 1.7797675 2.2354934 2.2362234 1.7666218 2.0084716 1.3425216 1.5954009 1.9896665 2.2600781 2.6462151 2.5997218 2.1177423 2.8760898 3.2887999 2.9012634 2.7052294 2.6099126 4.8472992 3.6044631 3.2554846 3.8761961 0.6332233 
Fspp_ffun1.m4.18699.m1                              1.5976917 1.6119303 1.6921041 1.1605111 1.7503438 1.7396340 1.9707758 1.4658255 2.0184643 1.8193541 1.3891237 1.4673569 1.5308983 0.5412893 0.0000000 0.2346809 0.2852340 1.0659395 2.2939096 1.1093305 2.0370099 2.1515622 2.3700837 2.3699919 1.5615007 1.5960053 1.4714953 1.6022540 2.6407750 2.5133965 2.6624801 2.6551722 2.1569856 1.6914820 1.9897412 1.8862602 1.9979275 1.8116982 2.0591357 2.3320000 2.1150199 2.3632352 2.2251997 1.7094692 1.9779919 1.4750779 1.9011655 1.9639506 2.3060106 2.4957165 2.7798512 2.3720503 2.6651544 3.2215449 3.2348577 2.9106678 2.7517080 4.4489871 3.2255460 3.2188770 3.6479960 0.2789469 
Spis_XP_022790482_1                                 1.4658277 1.5643606 1.6595731 1.0879203 1.5947098 1.6374392 1.8575227 1.4971181 1.9012897 1.6514323 1.4337170 1.4286569 1.5022359 0.4798288 0.2346809 0.0000000 0.0685595 1.0106317 2.2928464 1.0746626 2.0818369 2.1045222 2.3783705 2.3782748 1.4772340 1.4628998 1.4338659 1.5553374 2.3862218 2.4050041 2.4228880 2.7113900 1.8842979 1.5906072 1.8057866 1.7324706 1.9492696 1.6269308 1.8747246 2.5667628 2.0445605 2.4387002 2.2002288 1.6766319 1.8541564 1.4288659 1.9541489 1.8919309 2.1464768 2.6048457 2.8038676 2.2487598 2.7577398 3.0802997 3.1606183 2.8800125 2.5600742 4.1553436 3.2338845 3.2761423 3.4505790 0.2437701 
Pocdam_XM_027198748.1                               1.4714666 1.6534636 1.6729610 1.1345862 1.6519053 1.7568568 1.9685376 1.5216302 1.9843471 1.6346427 1.4436388 1.3865350 1.4906798 0.5328834 0.2852340 0.0685595 0.0000000 0.9686834 2.2823430 1.0314893 2.0504407 2.1255133 2.4021088 2.4020043 1.4746493 1.4989345 1.4154920 1.5604154 2.4835572 2.4814936 2.4327347 2.5923746 1.8139722 1.5682757 1.8703763 1.8798524 2.1197493 1.6818356 1.9435670 2.4729313 2.1047482 2.4178329 2.3481660 1.7436280 1.9451603 1.4729359 2.0088684 1.9357572 2.2582483 2.6276983 2.8836028 2.3404791 2.8212982 3.1569164 3.1289694 2.9087358 2.6856271 4.1610499 3.4160806 3.4235928 3.3461070 0.2694886 
Tadh_TriadT8060                                     1.2291204 1.1873142 0.9934296 1.1444459 1.1414509 1.1480958 1.2392186 1.0568069 1.1839293 1.0448003 1.1426583 1.1303252 1.0588453 0.9984203 1.0659395 1.0106317 0.9686834 0.0000000 0.0186559 0.1171099 0.2220642 0.2100763 0.2390091 0.2390091 0.9404303 1.3240315 1.2082281 1.6262789 1.6262789 1.5959085 1.7080118 2.0373492 1.2430685 1.1190126 1.3313471 1.3111199 1.4254782 1.2392694 1.1483509 1.8088321 2.2924828 2.1332952 1.8408294 1.7202469 1.7961908 1.4579567 1.4263485 2.0367899 2.3947666 2.7488268 2.0936727 2.3217133 2.9258369 2.3472087 2.3096183 2.6970475 2.6352010 3.0625843 2.6697432 2.6954928 3.1759463 1.5885806 
TrH2_TrispH2_003598-RA                              2.4967861 2.5744962 1.9452175 1.4159259 2.3420866 2.2291057 2.2673356 2.2357718 2.5212287 2.9674671 2.4117550 2.2711138 2.5678389 2.1016785 2.2939096 2.2928464 2.2823430 0.0186559 0.0000000 0.1489550 0.3813659 0.3634123 0.4790245 0.4793439 2.2728464 2.3829553 2.3397608 1.6351146 2.9771956 2.5455491 3.1899241 3.0071689 2.6349092 2.3024432 2.7504119 2.4531465 2.7551601 2.1849338 2.5094158 2.8073676 2.6692052 2.6906706 2.9318313 2.5773288 2.7078395 1.6331273 2.4201946 2.2146766 2.7355320 3.1977524 3.3258712 2.7228308 3.8344226 3.6593752 2.9223433 3.4223675 2.9882257 4.3596650 3.5358937 3.4949372 3.2958511 2.7844206 
HoiH11_mRNA8274                                     1.2426988 1.2984561 1.0511162 1.0909731 1.2727351 1.2694908 1.2866429 1.1223106 1.1830396 1.0723017 1.2033635 1.1899462 1.1139745 1.0127213 1.1093305 1.0746626 1.0314893 0.1171099 0.1489550 0.0000000 0.1467831 0.1358052 0.1783928 0.1783928 1.0074051 1.2797369 1.1973424 1.7330784 1.7330784 1.7048195 1.7783004 2.0234136 1.3600252 1.2029582 1.4725035 1.4290646 1.5451935 1.3472197 1.1613801 1.8649031 2.3657611 2.1657869 1.7475539 1.8895022 1.8974952 1.4756273 1.3818177 2.1493707 2.5801049 3.1383872 2.2344365 2.3370918 3.1467638 2.4122162 2.4817951 2.8739155 2.6594943 2.9378206 2.8996992 2.8018523 3.4088668 1.5481795 
HoiH06_mRNA12283                                    2.3562121 2.3825746 1.7076199 1.2313580 2.2601305 2.1500199 2.1819182 1.9410498 2.2650766 2.4508010 2.2571072 2.1268364 2.1518814 1.9958450 2.0370099 2.0818369 2.0504407 0.2220642 0.3813659 0.1467831 0.0000000 0.0658136 0.3053116 0.3025935 2.0735595 2.1357160 2.0092516 1.7122478 2.7367140 2.4354122 2.9535947 2.6427181 2.4824450 2.1271652 2.6116415 2.4202888 2.7395760 2.2673081 2.3105693 2.6398378 2.4628034 2.5507310 2.5020225 2.3265101 2.5480958 1.5902266 2.4189015 2.4548926 2.7264494 3.7711367 3.4998889 2.7449067 3.7501724 3.2992879 3.2115165 3.7055344 2.9426985 4.7061116 3.3229227 3.6765215 2.8588685 2.5586910 
HoiH23_PlH23_008497-RA                              2.4059074 2.3674627 1.7238342 1.2644086 2.3773438 2.1470612 2.2341944 2.0138762 2.3199893 2.5941795 2.3842319 2.2386971 2.2156350 2.0982643 2.1515622 2.1045222 2.1255133 0.2100763 0.3634123 0.1358052 0.0658136 0.0000000 0.3134689 0.3107572 2.0908009 2.2654773 2.0743082 1.6973414 2.8216452 2.4777260 3.1118523 2.7806146 2.5136656 2.1544612 2.6797008 2.4991300 2.8187334 2.2429858 2.2787006 2.6929578 2.5174651 2.6519311 2.8262705 2.4698298 2.6865600 1.6612066 2.4012069 2.3260226 2.6741324 3.6142259 3.4517248 2.7382211 3.8595918 3.2540512 3.1779949 3.6875497 2.8855594 4.5739674 3.4437509 3.6014820 2.9512634 2.5559591 
Hhon_g09228.t1                                      2.6069745 2.6960675 1.8886935 1.3999366 2.4509278 2.6050095 2.4986169 2.0825989 2.5147072 2.5892922 2.6028722 2.2289240 2.5437408 2.3683628 2.3700837 2.3783705 2.4021088 0.2390091 0.4790245 0.1783928 0.3053116 0.3134689 0.0000000 0.0034702 2.1978674 2.3412773 2.2317806 1.6590668 3.0725088 2.6116899 3.4412822 3.0925294 2.7473765 2.2748344 2.7844459 2.5883913 2.8941480 2.4896576 2.5691565 2.9604285 2.8871075 2.9375502 2.9221513 2.6114792 2.7522989 1.8737035 2.5206974 2.4103734 2.7377172 3.8574182 3.4187215 2.8237877 4.3046886 3.5007951 3.3336961 3.8986548 3.1983568 4.4206413 3.4860718 3.7022722 3.4553487 3.2399504 
HoiH04_mRNA12241                                    2.6069745 2.6958495 1.8886935 1.3999366 2.4520309 2.6056895 2.4926249 2.0774640 2.5160947 2.5829144 2.5972263 2.2237663 2.5383803 2.3683628 2.3699919 2.3782748 2.4020043 0.2390091 0.4793439 0.1783928 0.3025935 0.3107572 0.0034702 0.0000000 2.2248039 2.3412773 2.2215380 1.6590668 3.0721198 2.6056946 3.4431833 3.0842990 2.7471611 2.2761685 2.7908815 2.5898698 2.8904627 2.4896576 2.5691565 2.9604285 2.8871075 2.9375502 2.9243071 2.6114792 2.7522989 1.8737035 2.5148011 2.4103734 2.7377172 3.8574182 3.4187215 2.8237877 4.3046886 3.5032466 3.3336961 3.8986548 3.1983568 4.4107291 3.4860718 3.7022722 3.4553487 3.2390267 
Morvir_scaffold184.g14.t2                           1.5106801 1.7802328 1.2819416 0.8876722 1.3444533 1.3657638 1.6763057 1.3654298 1.7628187 1.4108858 1.2541224 1.0563668 1.1661799 1.3583545 1.5615007 1.4772340 1.4746493 0.9404303 2.2728464 1.0074051 2.0735595 2.0908009 2.1978674 2.2248039 0.0000000 1.5061438 1.3969277 1.3690238 2.4346477 2.2295192 2.7110060 2.9326639 2.0708601 1.4497208 1.7886420 1.7348611 1.7109921 1.5746360 1.9664331 2.2778159 1.9505973 2.2733603 1.9622593 1.8605485 2.0237377 1.2777158 2.0179562 2.2948205 2.3785967 2.3321390 2.4928057 2.5004799 3.0169987 3.0160245 2.7409168 2.8614603 2.8738625 4.1530556 3.9088006 3.4323785 3.8250322 2.1791003 
Dgig_XM_028535027.1                                 1.7224295 1.6279308 1.6677393 0.9889489 1.7611975 2.0649988 1.9035165 1.7553419 1.9011316 1.8107278 1.6737869 1.5198928 1.7648110 1.2903048 1.5960053 1.4628998 1.4989345 1.3240315 2.3829553 1.2797369 2.1357160 2.2654773 2.3412773 2.3412773 1.5061438 0.0000000 0.5295573 1.4564373 2.5849835 2.7413798 2.7420802 3.1187387 2.2121093 1.8750353 1.8037251 1.8831411 2.1632848 1.8946195 2.0812786 2.6591445 2.2493735 2.9751054 3.1315176 2.2837236 2.4975532 1.7164314 2.3403676 2.0628038 2.4388074 2.9396143 3.0384443 2.9958525 3.7114183 3.4530747 2.8254169 3.0698186 2.7397877 4.5978759 4.0189232 3.6361460 4.4943773 1.9962531 
Xesp_013163-T1                                      1.5250702 1.4651871 1.6960797 1.0369257 1.5223603 1.7464515 1.5994216 1.5939653 1.8634063 1.6570523 1.7532304 1.5847898 1.6267732 1.1012908 1.4714953 1.4338659 1.4154920 1.2082281 2.3397608 1.1973424 2.0092516 2.0743082 2.2317806 2.2215380 1.3969277 0.5295573 0.0000000 1.5478646 2.6486752 2.7477374 2.8773523 3.0112009 2.1570001 1.7028553 1.9347335 1.9429328 2.1924117 2.1628284 2.1957382 2.5887480 2.4421912 2.8091270 2.9130259 1.8968676 2.1738536 1.5848211 2.3611310 1.9891896 2.3609311 2.9731896 3.0007529 2.4622607 3.5284733 3.6647375 2.8389895 2.8134261 2.7068199 4.2943641 4.9210086 4.3218969 4.2569113 2.3230708 
Pbac_sb2641438                                      1.3226827 1.5656722 1.1829253 1.5464121 1.2638888 1.4413951 1.6630580 1.6589610 1.5699872 1.5784834 1.2985445 1.3480284 1.3938835 1.4021210 1.6022540 1.5553374 1.5604154 1.6262789 1.6351146 1.7330784 1.7122478 1.6973414 1.6590668 1.6590668 1.3690238 1.4564373 1.5478646 0.0000000 0.0000010 0.0986307 0.1339049 0.3294481 1.3384143 1.3490590 1.3427503 1.4149298 1.4796577 1.5424602 1.4589522 2.0740223 2.4274698 2.0524456 2.4224025 1.8436971 1.9992125 2.1577188 1.8140751 2.5395249 2.6550569 2.1823480 2.2106934 2.4033619 2.9150730 2.3123219 2.5040257 2.7855182 2.7705794 2.4303678 2.9240121 2.8539113 4.1239758 2.7495644 
Horcal_Hcv1.av93.c1.g1051.i2                        2.1508235 2.7075367 2.0650151 1.7576157 2.1037774 2.3468041 2.5448376 2.9240964 3.0856524 3.1678505 2.3656932 2.4336832 2.4673021 2.3452048 2.6407750 2.3862218 2.4835572 1.6262789 2.9771956 1.7330784 2.7367140 2.8216452 3.0725088 3.0721198 2.4346477 2.5849835 2.6486752 0.0000010 0.0000000 0.5028318 0.6611637 0.6617736 2.9421165 2.3221307 2.5376588 2.3116792 2.3580059 2.3090335 2.4509295 3.0061010 2.4359958 2.7255065 3.0840705 2.4488354 2.7600872 2.1577188 3.1910909 2.9110776 3.1988432 2.6586630 2.9394741 2.8328839 3.6196595 3.0168903 3.2650943 3.4816940 3.1965286 4.0912123 3.8393589 3.2781891 4.2759300 3.9658934 
Lampan_Lpan_5160_01                                 1.8994545 2.6371658 2.0168537 1.7178547 2.3423071 2.2503514 2.0950794 2.4636690 2.9378565 2.8576897 2.2387703 2.2361742 2.5576675 2.3734184 2.5133965 2.4050041 2.4814936 1.5959085 2.5455491 1.7048195 2.4354122 2.4777260 2.6116899 2.6056946 2.2295192 2.7413798 2.7477374 0.0986307 0.5028318 0.0000000 0.5010139 0.5166008 2.6756848 1.9918592 2.5849995 2.6070647 2.6222814 2.2615961 2.5004779 2.5406866 2.5446578 2.6617178 3.1534279 2.6937420 2.8653980 2.0022487 2.7949417 2.8893100 3.1445014 2.6634451 3.4699231 2.8326857 3.4161354 3.0094764 3.2534695 3.2556438 3.1577823 3.6767535 3.5006229 3.2765477 4.3348453 4.3755271 
Coemet_Cmet_scaffold3870_01                         2.2655102 3.4845349 2.1513273 1.6922419 2.5678716 2.6190187 2.3938220 2.5080405 3.3331776 3.0017222 2.7862310 2.3284918 3.0288198 2.2590808 2.6624801 2.4228880 2.4327347 1.7080118 3.1899241 1.7783004 2.9535947 3.1118523 3.4412822 3.4431833 2.7110060 2.7420802 2.8773523 0.1339049 0.6611637 0.5010139 0.0000000 0.6120135 2.9269810 2.2848581 2.5331533 2.6416364 2.8469676 2.7381218 2.7400890 2.6541941 2.3435174 2.8286488 3.1978063 2.8106418 3.0131872 2.0903846 3.2230998 2.6898133 3.0932781 2.8576449 3.6546481 3.0468884 3.2210187 3.4930160 3.2879760 3.6124592 3.1909906 4.0926887 3.6269164 3.5496949 4.5973328 4.1821679 
Eupdun_Edun_sb10667008                              2.3082049 2.6973623 2.0852146 2.0750660 2.4347958 2.5496934 2.2987211 2.5866240 2.8956165 2.8759483 2.6215964 2.4863583 2.5570845 2.5044419 2.6551722 2.7113900 2.5923746 2.0373492 3.0071689 2.0234136 2.6427181 2.7806146 3.0925294 3.0842990 2.9326639 3.1187387 3.0112009 0.3294481 0.6617736 0.5166008 0.6120135 0.0000000 2.7888991 2.2133061 2.7651165 2.7066769 2.8487151 2.2219019 2.7129355 2.7590729 2.6800423 2.9963248 2.9923325 2.6008516 2.8212761 1.9477357 2.8218878 3.0817162 3.3699287 3.2351775 3.0891449 2.9317194 3.6724460 3.0894230 2.8674199 3.3401014 3.0759280 3.2531004 3.1370994 3.3311362 4.6440753 5.2439348 
Spur_XM_781897.5                                    2.0098819 1.7398489 1.5645120 1.2142949 1.9569520 1.8099763 1.8475316 2.2519599 2.0759774 2.4436768 2.1864457 1.9466670 2.3484932 1.7838638 2.1569856 1.8842979 1.8139722 1.2430685 2.6349092 1.3600252 2.4824450 2.5136656 2.7473765 2.7471611 2.0708601 2.2121093 2.1570001 1.3384143 2.9421165 2.6756848 2.9269810 2.7888991 0.0000000 0.8428088 2.4150397 2.2479851 2.2644468 2.0350945 2.2486002 2.4172725 1.7149977 2.4783760 2.7191735 1.9366439 2.1902424 1.2394573 2.5912737 2.1543260 2.4260814 2.8418422 3.5734464 2.2491001 3.0836070 3.5001655 2.7565421 3.0861946 3.1075843 4.4321876 3.8633517 3.5816035 3.7447018 3.4845309 
Skow_XM_006825879.1                                 1.7363215 1.5600217 1.3517073 1.1598938 1.3224987 1.3340408 1.4617332 1.8724810 1.6328434 1.7323015 1.5500683 1.4890881 1.5225857 1.3609778 1.6914820 1.5906072 1.5682757 1.1190126 2.3024432 1.2029582 2.1271652 2.1544612 2.2748344 2.2761685 1.4497208 1.8750353 1.7028553 1.3490590 2.3221307 1.9918592 2.2848581 2.2133061 0.8428088 0.0000000 1.8712933 1.6819506 1.7276864 1.8407183 1.6910092 2.3213174 1.9477591 2.3606212 2.4287596 1.8342883 1.8613822 1.3454324 1.8460035 2.3685146 2.4178694 2.5598627 3.1796535 2.3937419 2.8286517 2.7743047 2.8131915 2.8230575 3.3381651 3.9061606 3.5112155 3.3140425 3.5458526 2.0451795 
Scil_scict025383.2                                  1.5712717 1.9865799 1.5757609 1.1277553 2.0332901 1.7365536 1.8490999 1.9599449 2.3048376 2.4302404 1.9147344 1.7188906 1.9087212 1.8184721 1.9897412 1.8057866 1.8703763 1.3313471 2.7504119 1.4725035 2.6116415 2.6797008 2.7844459 2.7908815 1.7886420 1.8037251 1.9347335 1.3427503 2.5376588 2.5849995 2.5331533 2.7651165 2.4150397 1.8712933 0.0000000 0.5153515 0.5874387 0.8859982 1.7499058 2.2557802 1.5987648 2.4514385 2.1311483 1.7357328 1.8832213 1.3641562 2.2827143 2.4930631 2.6135203 2.4470382 2.7845722 2.2939389 3.3534862 3.0206534 3.1120256 2.9785951 2.7459448 3.8959745 3.6921889 3.4389235 3.9237612 2.7352725 
Lcom_lcpid77515                                     1.5560999 1.8701425 1.5669699 1.0306427 1.7251827 1.7372268 1.7165401 1.7873159 2.2290473 2.0285037 1.8377741 1.6531156 1.7061741 1.6446436 1.8862602 1.7324706 1.8798524 1.3111199 2.4531465 1.4290646 2.4202888 2.4991300 2.5883913 2.5898698 1.7348611 1.8831411 1.9429328 1.4149298 2.3116792 2.6070647 2.6416364 2.7066769 2.2479851 1.6819506 0.5153515 0.0000000 0.5681948 0.8062329 1.5692951 2.1521702 1.6833699 2.2535104 2.4059073 1.8841495 1.8123057 1.3475679 1.8553501 2.2826938 2.6176631 2.3956521 2.6657952 2.1338643 2.9594194 3.2285128 3.1980530 2.9381500 2.5591825 4.1853278 3.6231077 2.8428607 3.9176853 3.6913911 
Gracom_Gcom_C551694_01                              1.6014131 1.8717773 1.5581259 1.1354324 1.9869287 1.8902038 1.7466487 2.1516058 2.1671311 2.0800190 1.8430599 1.6908588 1.9476533 1.7768664 1.9979275 1.9492696 2.1197493 1.4254782 2.7551601 1.5451935 2.7395760 2.8187334 2.8941480 2.8904627 1.7109921 2.1632848 2.1924117 1.4796577 2.3580059 2.6222814 2.8469676 2.8487151 2.2644468 1.7276864 0.5874387 0.5681948 0.0000000 0.7579222 1.6230783 2.1816711 1.5355984 2.3918805 2.2216338 1.7827062 2.0255299 1.2500880 1.9793970 2.3632007 2.6510888 2.3298456 3.1081102 2.3646121 3.0196770 3.5023103 3.1742038 2.9276488 2.6684176 4.4665617 3.4671127 3.0954578 3.8164350 3.7995898 
Clacor_Ccor_scaffold11171_01                        1.6730500 1.7050495 1.4467284 1.2111390 1.5855541 1.5139628 1.5828630 1.7392328 2.0748246 1.7085195 1.6302778 1.4279076 1.4859653 1.6642551 1.8116982 1.6269308 1.6818356 1.2392694 2.1849338 1.3472197 2.2673081 2.2429858 2.4896576 2.4896576 1.5746360 1.8946195 2.1628284 1.5424602 2.3090335 2.2615961 2.7381218 2.2219019 2.0350945 1.8407183 0.8859982 0.8062329 0.7579222 0.0000000 1.3788643 2.5556099 1.7810920 2.5503124 1.7270849 1.7004161 1.8172087 1.3241061 1.6802602 2.6431088 2.7924237 2.5188425 2.7117531 2.3707437 2.6891242 3.2398660 2.6215217 2.8504895 2.3569999 3.4833896 3.9183497 3.3738027 3.9509986 2.9940843 
Plajan_Pjan_C554911_01                              1.9956721 2.1732392 1.7983901 1.2405744 1.6813777 1.9979260 1.8317899 2.1754563 2.2330662 2.2298278 2.1014462 1.7874784 1.8679089 1.7515209 2.0591357 1.8747246 1.9435670 1.1483509 2.5094158 1.1613801 2.3105693 2.2787006 2.5691565 2.5691565 1.9664331 2.0812786 2.1957382 1.4589522 2.4509295 2.5004779 2.7400890 2.7129355 2.2486002 1.6910092 1.7499058 1.5692951 1.6230783 1.3788643 0.0000000 2.3012472 1.7385848 2.2842705 1.9020871 1.9442182 2.1041445 1.1699515 1.7393656 2.0884225 2.3470750 3.2316668 2.9318183 2.5601372 3.0213447 3.2805752 2.5399156 3.3670574 2.7005393 3.9686370 2.7855158 3.2899813 3.6737992 2.8145355 
Aque_Aqu2.1.31064_001                               2.0148741 2.3548055 1.8918289 1.6168342 2.1891845 2.3076787 2.3861285 2.1245128 2.3815162 2.3360783 2.4557593 2.3097809 2.3026589 2.1960285 2.3320000 2.5667628 2.4729313 1.8088321 2.8073676 1.8649031 2.6398378 2.6929578 2.9604285 2.9604285 2.2778159 2.6591445 2.5887480 2.0740223 3.0061010 2.5406866 2.6541941 2.7590729 2.4172725 2.3213174 2.2557802 2.1521702 2.1816711 2.5556099 2.3012472 0.0000000 0.4111394 0.7020800 1.5286813 1.6887173 1.7408634 1.1017566 2.5214434 2.3101699 2.6217757 3.2562187 3.3636801 2.7232596 3.9382426 2.9597264 3.7659822 3.6990600 3.4687724 4.0046641 2.8787850 3.2381318 3.6175812 5.1727156 
Xestes_maker-XT_scaffold125938-snap-gene-0.4-mRNA-1 1.6323620 1.7161003 1.7891450 1.5348287 1.7646614 1.8186367 1.8850051 1.8214406 1.7521875 2.5091826 2.2431009 2.0709164 2.3798658 1.7797675 2.1150199 2.0445605 2.1047482 2.2924828 2.6692052 2.3657611 2.4628034 2.5174651 2.8871075 2.8871075 1.9505973 2.2493735 2.4421912 2.4274698 2.4359958 2.5446578 2.3435174 2.6800423 1.7149977 1.9477591 1.5987648 1.6833699 1.5355984 1.7810920 1.7385848 0.4111394 0.0000000 0.6394198 0.9827281 1.3600085 1.3445146 0.8864982 1.9806254 2.5376229 2.8245084 3.4526963 2.9858683 3.1657362 3.3117237 2.7218118 3.7163565 3.8794025 3.5216453 3.7875591 2.8601144 2.9065092 3.6854419 4.3956874 
Halamb_c38024_g1_i1mm.569                           2.4050317 2.5901635 2.2894077 1.6308088 2.3088705 2.2404889 2.7189800 2.2264060 2.4347415 2.8545458 2.5275199 2.2641658 2.4436628 2.2354934 2.3632352 2.4387002 2.4178329 2.1332952 2.6906706 2.1657869 2.5507310 2.6519311 2.9375502 2.9375502 2.2733603 2.9751054 2.8091270 2.0524456 2.7255065 2.6617178 2.8286488 2.9963248 2.4783760 2.3606212 2.4514385 2.2535104 2.3918805 2.5503124 2.2842705 0.7020800 0.6394198 0.0000000 1.6726519 1.4734946 1.4795296 1.1979483 2.4977558 2.5031713 2.5355901 3.2367046 3.3098642 2.7085090 3.7115071 3.1274140 3.2975956 4.2477214 3.8331374 4.2066244 2.7864336 3.3168509 3.9302025 6.4780074 
Tetwil_g13443.t1                                    1.9317994 2.5257205 2.4556076 1.4406634 2.4650203 2.4051869 2.3801374 2.3829848 2.4103429 2.9139603 2.1725354 2.0822353 2.2564584 2.2362234 2.2251997 2.2002288 2.3481660 1.8408294 2.9318313 1.7475539 2.5020225 2.8262705 2.9221513 2.9243071 1.9622593 3.1315176 2.9130259 2.4224025 3.0840705 3.1534279 3.1978063 2.9923325 2.7191735 2.4287596 2.1311483 2.4059073 2.2216338 1.7270849 1.9020871 1.5286813 0.9827281 1.6726519 0.0000000 1.1505479 1.2450566 0.3555943 2.4126240 3.0181165 3.1289956 3.9456237 4.1996791 3.5937352 3.1499285 3.5002648 3.2830455 3.9303925 3.4990788 4.3713570 3.2608497 3.2729490 3.2498395 3.0181345 
Emue_Em0013g999a.t1                                 1.8011493 1.8463045 1.7116619 1.6394894 1.7518801 1.5229819 1.8235527 1.9758066 1.6325163 2.3152359 1.9709174 1.8251989 1.8794461 1.7666218 1.7094692 1.6766319 1.7436280 1.7202469 2.5773288 1.8895022 2.3265101 2.4698298 2.6114792 2.6114792 1.8605485 2.2837236 1.8968676 1.8436971 2.4488354 2.6937420 2.8106418 2.6008516 1.9366439 1.8342883 1.7357328 1.8841495 1.7827062 1.7004161 1.9442182 1.6887173 1.3600085 1.4734946 1.1505479 0.0000000 0.2778863 0.5854004 2.1047801 2.4449510 2.6523793 2.3481749 3.4175501 2.7689115 3.1863711 2.9858681 2.8843617 2.9346665 3.1388571 4.7002048 2.9506298 3.3125000 2.9027062 2.7996853 
Spolac_c102377_g1_i3_m.29080c102377-g1              2.0672097 1.7666609 1.7399208 1.6398117 1.9260101 1.4991455 1.8837298 2.0034082 1.8094458 2.2766018 2.2578567 2.0878345 2.2910276 2.0084716 1.9779919 1.8541564 1.9451603 1.7961908 2.7078395 1.8974952 2.5480958 2.6865600 2.7522989 2.7522989 2.0237377 2.4975532 2.1738536 1.9992125 2.7600872 2.8653980 3.0131872 2.8212761 2.1902424 1.8613822 1.8832213 1.8123057 2.0255299 1.8172087 2.1041445 1.7408634 1.3445146 1.4795296 1.2450566 0.2778863 0.0000000 0.5332358 2.0811585 2.8272172 2.8682235 2.6608777 3.5559570 2.9896343 3.2951737 3.0731435 2.9649300 3.1010110 3.2066460 5.0379330 3.0729753 3.2413052 3.0739016 2.8418968 
Stycar_maker-SC_scaffold6574-snap-gene-0.3-mRNA-1   1.2147161 1.3921555 1.4842309 1.4953591 1.3480218 1.2938004 1.3866581 1.4545689 1.2393752 1.3632624 1.2817026 1.3255487 1.3377161 1.3425216 1.4750779 1.4288659 1.4729359 1.4579567 1.6331273 1.4756273 1.5902266 1.6612066 1.8737035 1.8737035 1.2777158 1.7164314 1.5848211 2.1577188 2.1577188 2.0022487 2.0903846 1.9477357 1.2394573 1.3454324 1.3641562 1.3475679 1.2500880 1.3241061 1.1699515 1.1017566 0.8864982 1.1979483 0.3555943 0.5854004 0.5332358 0.0000000 1.4770010 2.6863411 3.0387667 3.0102608 2.8083992 2.4816391 2.9178153 2.2593989 2.9731809 2.7532778 3.0006094 2.9199199 2.7703443 2.6662411 3.7474230 2.0112990 
Opea_EP00118_Oscarella_pearsei_P001951              1.7580634 2.2108894 1.5719002 1.2820112 1.8627167 1.5858618 2.1106195 2.4826103 2.4461340 2.4836213 2.3350267 2.0072934 2.1926616 1.5954009 1.9011655 1.9541489 2.0088684 1.4263485 2.4201946 1.3818177 2.4189015 2.4012069 2.5206974 2.5148011 2.0179562 2.3403676 2.3611310 1.8140751 3.1910909 2.7949417 3.2230998 2.8218878 2.5912737 1.8460035 2.2827143 1.8553501 1.9793970 1.6802602 1.7393656 2.5214434 1.9806254 2.4977558 2.4126240 2.1047801 2.0811585 1.4770010 0.0000000 2.2139495 2.4195707 3.1533823 3.3538100 2.8046669 3.1615954 3.1310548 2.7477465 3.6143009 3.4042400 4.7422303 4.0577633 3.3016418 3.7217252 2.7433958 
Choper_EP00045_Choanoeca_perplexa_P001375           2.1128665 2.1467076 2.2888621 2.1386550 1.9821598 2.0720573 2.6938727 2.3067982 2.0296101 2.4043399 2.1739134 2.1058117 2.2930437 1.9896665 1.9639506 1.8919309 1.9357572 2.0367899 2.2146766 2.1493707 2.4548926 2.3260226 2.4103734 2.4103734 2.2948205 2.0628038 1.9891896 2.5395249 2.9110776 2.8893100 2.6898133 3.0817162 2.1543260 2.3685146 2.4930631 2.2826938 2.3632007 2.6431088 2.0884225 2.3101699 2.5376229 2.5031713 3.0181165 2.4449510 2.8272172 2.6863411 2.2139495 0.0000000 0.5407780 1.9372253 2.3018060 2.1415705 2.4267905 2.5924449 2.6095943 2.5381397 2.5671445 3.1287373 2.9945300 2.7630981 3.1909772 3.4519006 
Chofle_EP00730_Choanoeca_flexa_P001356              1.9837013 2.3141049 2.5927492 2.0675499 2.2303696 2.3118443 2.7737216 2.2687637 2.5488857 2.4376463 2.4656480 2.3433187 2.2843327 2.2600781 2.3060106 2.1464768 2.2582483 2.3947666 2.7355320 2.5801049 2.7264494 2.6741324 2.7377172 2.7377172 2.3785967 2.4388074 2.3609311 2.6550569 3.1988432 3.1445014 3.0932781 3.3699287 2.4260814 2.4178694 2.6135203 2.6176631 2.6510888 2.7924237 2.3470750 2.6217757 2.8245084 2.5355901 3.1289956 2.6523793 2.8682235 3.0387667 2.4195707 0.5407780 0.0000000 2.0122547 2.7907125 2.2102728 2.4239235 2.4212094 2.5576914 2.6988953 2.7984213 2.9652716 2.9185510 2.9618151 3.1282268 3.4901677 
Mylflu_EP00047_Mylnosiga_fluctuans_P003141          2.8193789 2.3259812 2.4015013 2.4952742 2.3487053 2.4258820 2.6125415 2.7343057 3.0783774 3.3798421 3.2897953 2.9622748 2.5779516 2.6462151 2.4957165 2.6048457 2.6276983 2.7488268 3.1977524 3.1383872 3.7711367 3.6142259 3.8574182 3.8574182 2.3321390 2.9396143 2.9731896 2.1823480 2.6586630 2.6634451 2.8576449 3.2351775 2.8418422 2.5598627 2.4470382 2.3956521 2.3298456 2.5188425 3.2316668 3.2562187 3.4526963 3.2367046 3.9456237 2.3481749 2.6608777 3.0102608 3.1533823 1.9372253 2.0122547 0.0000000 1.5642113 1.6913311 2.0459475 2.4760421 2.7038317 2.8578698 2.3651003 2.8568242 3.7062388 3.0998412 3.6997024 5.8883380 
Salkve_EP00050_Salpingoeca_kvevrii_P017801          2.8233960 3.1875834 3.0201260 2.4450491 2.8179172 2.9455036 3.2813512 3.1162226 3.1763442 3.4486722 2.9578686 2.4252189 2.6116499 2.5997218 2.7798512 2.8038676 2.8836028 2.0936727 3.3258712 2.2344365 3.4998889 3.4517248 3.4187215 3.4187215 2.4928057 3.0384443 3.0007529 2.2106934 2.9394741 3.4699231 3.6546481 3.0891449 3.5734464 3.1796535 2.7845722 2.6657952 3.1081102 2.7117531 2.9318183 3.3636801 2.9858683 3.3098642 4.1996791 3.4175501 3.5559570 2.8083992 3.3538100 2.3018060 2.7907125 1.5642113 0.0000000 1.4947668 2.7211095 2.1511531 2.2286353 2.5127204 2.4615764 3.9388920 3.4700609 3.0561354 3.3030404 6.2862852 
Salurc_EP00051_Salpingoeca_urceolata_P010001        2.2596384 2.6665090 2.3104201 2.3091413 2.6731939 2.3803799 2.9125497 2.6531011 2.8924526 3.2099415 2.9478855 2.5472507 2.6105244 2.1177423 2.3720503 2.2487598 2.3404791 2.3217133 2.7228308 2.3370918 2.7449067 2.7382211 2.8237877 2.8237877 2.5004799 2.9958525 2.4622607 2.4033619 2.8328839 2.8326857 3.0468884 2.9317194 2.2491001 2.3937419 2.2939389 2.1338643 2.3646121 2.3707437 2.5601372 2.7232596 3.1657362 2.7085090 3.5937352 2.7689115 2.9896343 2.4816391 2.8046669 2.1415705 2.2102728 1.6913311 1.4947668 0.0000000 2.1520848 2.0913795 2.2284851 2.2693617 1.9396861 3.1705353 2.8767048 2.5720762 3.0723283 4.9556531 
Salmac_EP00052_Salpingoeca_macrocollata_P007167     3.3172953 2.8571897 3.0608505 2.7064824 3.1940400 3.0940444 3.1312408 3.1531435 3.3882547 3.5025018 2.8845590 2.8947142 3.0764624 2.8760898 2.6651544 2.7577398 2.8212982 2.9258369 3.8344226 3.1467638 3.7501724 3.8595918 4.3046886 4.3046886 3.0169987 3.7114183 3.5284733 2.9150730 3.6196595 3.4161354 3.2210187 3.6724460 3.0836070 2.8286517 3.3534862 2.9594194 3.0196770 2.6891242 3.0213447 3.9382426 3.3117237 3.7115071 3.1499285 3.1863711 3.2951737 2.9178153 3.1615954 2.4267905 2.4239235 2.0459475 2.7211095 2.1520848 0.0000000 1.9927142 2.5669102 2.6675171 3.0345507 3.3858199 3.2725158 3.0168340 2.9693435 5.0369929 
Salpun_EP00053_Salpingoeca_punica_P008683           2.8814917 3.1923695 2.9017374 2.8541002 2.6122384 2.8060231 3.0393415 2.8288276 2.7283417 2.9715116 3.1053642 3.3891445 3.1501885 3.2887999 3.2215449 3.0802997 3.1569164 2.3472087 3.6593752 2.4122162 3.2992879 3.2540512 3.5007951 3.5032466 3.0160245 3.4530747 3.6647375 2.3123219 3.0168903 3.0094764 3.4930160 3.0894230 3.5001655 2.7743047 3.0206534 3.2285128 3.5023103 3.2398660 3.2805752 2.9597264 2.7218118 3.1274140 3.5002648 2.9858681 3.0731435 2.2593989 3.1310548 2.5924449 2.4212094 2.4760421 2.1511531 2.0913795 1.9927142 0.0000000 2.4964180 2.5595997 3.0650722 2.9152725 3.1871220 2.7654543 3.3893991 8.2745268 
Diagra_EP00040_Diaphanoeca_grandis_P001329          2.7584871 2.8505743 2.9006576 2.7268284 2.7389697 2.6049297 2.9472969 2.5457140 3.0758009 2.8674872 2.6315378 2.5288552 2.6830957 2.9012634 3.2348577 3.1606183 3.1289694 2.3096183 2.9223433 2.4817951 3.2115165 3.1779949 3.3336961 3.3336961 2.7409168 2.8254169 2.8389895 2.5040257 3.2650943 3.2534695 3.2879760 2.8674199 2.7565421 2.8131915 3.1120256 3.1980530 3.1742038 2.6215217 2.5399156 3.7659822 3.7163565 3.2975956 3.2830455 2.8843617 2.9649300 2.9731809 2.7477465 2.6095943 2.5576914 2.7038317 2.2286353 2.2284851 2.5669102 2.4964180 0.0000000 2.0687148 2.6868670 3.3574613 3.6508899 2.6717330 4.2747291 8.6820530 
Helnan_EP00037_Helgoeca_nana_P021393                2.9493807 3.2109172 2.9443589 3.0819215 2.9478504 2.8047831 3.5325849 2.5359770 4.0569248 2.8285594 3.0243065 3.0441030 3.0800484 2.7052294 2.9106678 2.8800125 2.9087358 2.6970475 3.4223675 2.8739155 3.7055344 3.6875497 3.8986548 3.8986548 2.8614603 3.0698186 2.8134261 2.7855182 3.4816940 3.2556438 3.6124592 3.3401014 3.0861946 2.8230575 2.9785951 2.9381500 2.9276488 2.8504895 3.3670574 3.6990600 3.8794025 4.2477214 3.9303925 2.9346665 3.1010110 2.7532778 3.6143009 2.5381397 2.6988953 2.8578698 2.5127204 2.2693617 2.6675171 2.5595997 2.0687148 0.0000000 3.5669670 3.7509643 4.7167373 4.6451029 4.4882249 5.9134893 
Codhol_EP00042_Codosiga_hollandica_P019485          2.6595196 2.9067908 2.8113100 2.8283194 2.3393617 2.5416972 2.7490326 2.9840191 2.8818101 3.5742742 2.9419780 2.7212296 2.6328984 2.6099126 2.7517080 2.5600742 2.6856271 2.6352010 2.9882257 2.6594943 2.9426985 2.8855594 3.1983568 3.1983568 2.8738625 2.7397877 2.7068199 2.7705794 3.1965286 3.1577823 3.1909906 3.0759280 3.1075843 3.3381651 2.7459448 2.5591825 2.6684176 2.3569999 2.7005393 3.4687724 3.5216453 3.8331374 3.4990788 3.1388571 3.2066460 3.0006094 3.4042400 2.5671445 2.7984213 2.3651003 2.4615764 1.9396861 3.0345507 3.0650722 2.6868670 3.5669670 0.0000000 2.8645921 3.9828934 3.3655501 3.5081286 5.9537714 
Didcos_EP00039_Didymoeca_costata_P027190            4.6150369 3.9213175 3.3855970 2.8782644 4.5215528 3.6327139 3.7037286 3.6574569 4.6021013 3.9562896 3.8082735 3.9131905 3.7859991 4.8472992 4.4489871 4.1553436 4.1610499 3.0625843 4.3596650 2.9378206 4.7061116 4.5739674 4.4206413 4.4107291 4.1530556 4.5978759 4.2943641 2.4303678 4.0912123 3.6767535 4.0926887 3.2531004 4.4321876 3.9061606 3.8959745 4.1853278 4.4665617 3.4833896 3.9686370 4.0046641 3.7875591 4.2066244 4.3713570 4.7002048 5.0379330 2.9199199 4.7422303 3.1287373 2.9652716 2.8568242 3.9388920 3.1705353 3.3858199 2.9152725 3.3574613 3.7509643 2.8645921 0.0000000 3.8549343 4.0066198 3.7635273 6.3123038 
Sros_EGD78900                                       3.4195288 3.6472553 3.4792851 3.2253548 3.5928005 3.6605960 3.4931697 3.9511846 3.7540598 4.2998839 3.5296041 3.2737724 3.8988858 3.6044631 3.2255460 3.2338845 3.4160806 2.6697432 3.5358937 2.8996992 3.3229227 3.4437509 3.4860718 3.4860718 3.9088006 4.0189232 4.9210086 2.9240121 3.8393589 3.5006229 3.6269164 3.1370994 3.8633517 3.5112155 3.6921889 3.6231077 3.4671127 3.9183497 2.7855158 2.8787850 2.8601144 2.7864336 3.2608497 2.9506298 3.0729753 2.7703443 4.0577633 2.9945300 2.9185510 3.7062388 3.4700609 2.8767048 3.2725158 3.1871220 3.6508899 4.7167373 3.9828934 3.8549343 0.0000000 1.1095324 3.3029312 4.2146444 
