57
Spur_XM_030994548.1                                   0.0000000 0.6545901 0.7081593 1.0444021 0.9670719 0.9704053 1.0223995 1.0348706 0.8660946 1.1841761 1.1865962 1.1741568 0.9288950 1.0433940 0.7496327 1.1298734 1.0504897 1.3884921 1.4745220 1.5357707 0.9974878 1.3978547 1.3885206 1.2097469 1.4348067 1.3114874 1.2104578 1.4674390 1.4616077 1.3843261 1.5348952 1.4593859 1.7671119 1.6923746 1.6950314 1.6039208 1.6365314 1.6765740 1.6953578 1.6775241 2.3230926 1.7241028 1.9917908 1.9860307 2.0599989 2.5188790 2.1922787 1.9799921 2.5074059 2.0790481 1.8464608 2.2615618 2.6168803 2.8995787 3.0619318 3.3363340 2.1751382 
Exapal_XM_021054965.2                                 0.6545901 0.0000000 0.4592789 0.6636743 0.6478753 0.6370054 0.6291061 0.5917051 0.7948519 0.8834317 0.8250125 0.8294321 0.8937534 1.1049174 0.7951096 0.9920553 0.8619812 1.1755362 1.4876742 1.3414821 1.0035776 1.1724259 1.1072584 1.2367695 1.2243608 1.3004907 1.0540892 1.2384041 1.2479542 1.1993916 1.3850448 1.2690456 1.2774266 1.1935560 1.1935560 1.2073346 1.2409973 1.2686767 1.2686767 1.2737787 2.3282210 1.9313640 2.1374531 1.7786727 1.9277611 1.7388992 1.9515363 1.7646905 2.1494994 2.1182497 1.8535490 1.8734875 2.6441221 2.6588387 2.8281025 3.2079109 2.0732386 
Nvec_v1g232080                                        0.7081593 0.4592789 0.0000000 0.5872571 0.5311633 0.5217754 0.5134443 0.5261923 0.7243088 0.8675062 0.8357401 0.9824175 0.8889032 0.9608127 0.8440020 1.0381429 0.9361978 1.2146916 1.5304142 1.4370393 1.0868263 1.2690372 1.2470272 1.2767397 1.3034815 1.2186212 1.0719097 1.3227636 1.1559461 1.3149369 1.4783822 1.2104174 1.6662027 1.2588329 1.2711860 1.2261456 1.2550540 1.2834734 1.2834734 1.2907562 2.2669017 1.7589028 2.1132046 1.9033773 2.0441684 2.0907830 1.9396335 1.9000327 2.2258204 2.2457835 2.0752005 2.4694869 2.4974117 2.6368562 2.6713938 2.8182807 2.7541525 
Gfas_gfas1.m1.7246.m1                                 1.0444021 0.6636743 0.5872571 0.0000000 0.2011785 0.2014696 0.1958414 0.1944133 0.9937135 1.0236549 1.0088399 1.1320117 0.8756957 1.0300516 0.9980743 1.0690764 1.0997513 1.3184977 1.4763861 1.3967885 1.0195732 1.1908361 1.1823321 1.4050836 1.3928168 1.2818816 1.2277237 1.5562870 1.3090187 1.3998468 1.7364515 1.2354064 1.7506789 1.3871728 1.4004556 1.3702949 1.3835782 1.3807105 1.3807105 1.4120422 2.2971927 1.9078999 2.1878329 1.9592277 2.1477806 2.0836636 1.9826246 2.0372144 2.3930056 2.0755093 2.3538997 2.3026218 2.7478707 3.0249861 2.9479569 3.0333235 2.8347064 
Fspp_ffun1.m4.19512.m1                                0.9670719 0.6478753 0.5311633 0.2011785 0.0000000 0.0861739 0.1309093 0.1392556 0.8535362 0.9678166 0.9384954 1.0361271 0.8148839 0.9935280 0.8985107 0.9733823 1.0886315 1.2483765 1.4215599 1.3146882 0.9722515 1.2090042 1.1560954 1.5130562 1.4195214 1.2281346 1.1930061 1.5109281 1.3143137 1.4800737 1.7408796 1.2423123 1.7082484 1.3934450 1.3790761 1.3464562 1.3573250 1.3586348 1.3586348 1.3727834 2.2471420 1.7718731 2.1017829 1.8839208 2.0988946 2.0346006 1.9458148 1.9861525 2.2432954 1.8924902 2.2435019 2.2613231 2.5807632 2.9466838 2.9467550 2.8669965 2.9358692 
Gasp_gasp1.m3.4159.m1                                 0.9704053 0.6370054 0.5217754 0.2014696 0.0861739 0.0000000 0.1232720 0.1255261 0.9235370 0.9931776 0.9726095 1.0404752 0.8542952 1.0488307 0.9181340 1.0066162 1.0623797 1.2879395 1.4173608 1.3120292 1.0585197 1.2466131 1.2241759 1.5409256 1.4513154 1.3338075 1.1789794 1.5020645 1.2244304 1.4713124 1.8234291 1.2636845 1.7668144 1.4235711 1.4089864 1.3796829 1.3986705 1.3873509 1.3873509 1.4127006 2.2888236 1.8424180 2.1627937 1.9005142 2.1703024 2.1223912 2.0021263 2.0381010 2.3902634 2.0594878 2.3733147 2.3289577 2.7178981 3.0464566 3.0073533 2.9699775 3.0541720 
Spis_XP_022785518_1                                   1.0223995 0.6291061 0.5134443 0.1958414 0.1309093 0.1232720 0.0000000 0.0472380 0.8583675 1.0010654 0.9700623 1.0670209 0.8186457 1.0089293 0.9477482 0.9949819 1.0543859 1.3187445 1.4018259 1.2773071 0.9693034 1.2609150 1.2295210 1.4426137 1.4374009 1.3398134 1.1358831 1.5769769 1.3869184 1.5286045 1.8073455 1.2078610 1.7779710 1.3432226 1.3376166 1.3314410 1.3498162 1.3176648 1.3176648 1.3548389 2.2603073 1.7767527 2.1315426 1.8775942 2.1730302 2.0285163 1.9024818 2.0397319 2.3116262 2.0284162 2.3509321 2.2578066 2.5909448 2.9960143 2.9209788 2.7780569 2.9583281 
Pocdam_XM_027188074.1                                 1.0348706 0.5917051 0.5261923 0.1944133 0.1392556 0.1255261 0.0472380 0.0000000 0.8660821 1.0068118 0.9622052 1.0966873 0.8035459 0.9853277 0.9513672 1.0226779 1.0940497 1.3220589 1.3823546 1.2946500 0.9386212 1.1859855 1.1833385 1.3424518 1.3813259 1.3567611 1.1835149 1.5673964 1.3313799 1.5093495 1.8063498 1.1796515 1.7768880 1.4252513 1.4104481 1.3593967 1.3780813 1.3854619 1.3854619 1.4626949 2.2458934 1.8017435 2.1376258 1.8808439 2.1436084 1.9505392 1.9251567 2.0166701 2.2330958 2.0493031 2.3047308 2.1984436 2.6561389 2.9710011 2.8882278 2.8995312 2.9306011 
Aaur_scaffold596.g20.t1                               0.8660946 0.7948519 0.7243088 0.9937135 0.8535362 0.9235370 0.8583675 0.8660821 0.0000000 0.5609447 0.5249282 0.5698522 1.1273350 1.1451132 0.8815871 0.8967748 0.9197646 1.1732943 1.5746537 1.4238593 0.9541675 1.1779547 1.1287300 1.6363966 1.4592305 1.4282440 0.9972767 1.3123156 1.4284680 1.3396936 1.4067957 1.3216927 1.3642799 1.2789927 1.2789927 1.3129320 1.3263919 1.3194734 1.3194734 1.3433732 2.6416148 2.0876531 2.2992747 1.9164465 1.9697962 1.9281592 1.8697242 1.8928483 2.0996626 2.0845450 2.0294803 2.1587880 2.6333452 2.9436505 2.8609113 2.8966782 2.3780440 
Nemnom_g15193.t1                                      1.1841761 0.8834317 0.8675062 1.0236549 0.9678166 0.9931776 1.0010654 1.0068118 0.5609447 0.0000000 0.1920643 0.6434017 1.1809693 1.2480544 1.1223539 0.9998427 1.2168904 1.3966153 1.6702471 1.6252733 1.1230252 1.3563990 1.4362426 1.4274353 1.5962428 1.4941548 1.3668000 1.6439596 1.6767372 1.4826718 1.6818239 1.5418194 1.7905898 1.4165787 1.4106893 1.4973572 1.5182312 1.4733467 1.4972006 1.5156583 2.9185573 2.0270294 2.5534585 2.0491967 2.2072454 2.2375659 2.1686441 2.2350141 2.7193451 2.3260821 2.1953143 2.7308678 3.0768146 3.4535952 3.1459561 2.7531329 2.5311844 
Rhoesc_Res_008167-T1                                  1.1865962 0.8250125 0.8357401 1.0088399 0.9384954 0.9726095 0.9700623 0.9622052 0.5249282 0.1920643 0.0000000 0.6414113 1.2172392 1.2403772 1.0232159 1.0864073 1.2456880 1.2944928 1.7007876 1.5547486 1.0806717 1.3249536 1.5140300 1.5435214 1.5932394 1.4309270 1.4123392 1.6512861 1.6992751 1.6084689 1.7255319 1.5626081 1.7726274 1.4801036 1.4942434 1.5225164 1.5749476 1.5220570 1.5462535 1.5710598 2.7801835 2.0586329 2.4652710 1.9988317 2.1625519 2.2803049 2.1386932 2.0855076 2.6660040 2.3382966 2.0905629 2.7112393 2.9967530 3.2503664 3.0333935 2.8749809 2.3492646 
Sanmal_Sma_001471-T1                                  1.1741568 0.8294321 0.9824175 1.1320117 1.0361271 1.0404752 1.0670209 1.0966873 0.5698522 0.6434017 0.6414113 0.0000000 1.2128709 1.3201855 1.1110833 0.9650163 1.0260455 1.4577346 1.5113808 1.6639193 1.1000960 1.3571576 1.3548263 1.5490993 1.6659892 1.4437926 1.2072628 1.7072089 1.6455706 1.6873620 1.7602335 1.4554047 1.8601725 1.4249611 1.4277069 1.5161631 1.5442945 1.5009688 1.5250794 1.5098562 2.6323203 1.9962940 2.1049320 1.8760243 1.8696104 1.9275632 2.0444012 1.9935290 2.2888605 2.4535687 2.1473263 2.2071344 2.6819233 2.9540053 3.0843346 2.7378248 2.8440056 
Dgig_XM_028559091.1                                   0.9288950 0.8937534 0.8889032 0.8756957 0.8148839 0.8542952 0.8186457 0.8035459 1.1273350 1.1809693 1.2172392 1.2128709 0.0000000 0.3918483 1.0561843 1.2963146 1.1391596 1.3216798 1.5159669 1.4723173 0.8621247 1.3141094 1.2867783 1.2241460 1.4605687 1.3867871 1.2239365 1.5307337 1.2550810 1.3823189 1.7278082 1.2320763 1.5727712 1.5693867 1.5532900 1.4990191 1.5093615 1.5040323 1.5040323 1.5212367 2.2628584 1.7347488 2.0015590 2.0739157 2.2623741 2.2423953 2.2763439 2.0101393 2.4487251 2.0476070 2.2030349 2.1968390 2.6139119 2.7428344 3.0554468 2.8921879 2.6376624 
Xesp_011283-T1                                        1.0433940 1.1049174 0.9608127 1.0300516 0.9935280 1.0488307 1.0089293 0.9853277 1.1451132 1.2480544 1.2403772 1.3201855 0.3918483 0.0000000 1.1586609 1.2364832 1.1145766 1.3723879 1.5532648 1.3857084 0.9208662 1.3307699 1.3211035 1.3503751 1.4857245 1.5007489 1.2188072 1.6393793 1.3870914 1.5165203 1.8233666 1.2171731 1.7119792 1.6773311 1.6934191 1.6633626 1.6667134 1.6298728 1.6298728 1.5755607 2.4029032 1.7715115 1.9727916 2.1526371 2.2906403 2.4818288 2.3576164 1.8543155 2.5659646 2.2164622 2.2990917 2.1695341 2.5717319 2.8117782 3.1682191 2.9709259 2.8817991 
Skow_XM_002740757.2                                   0.7496327 0.7951096 0.8440020 0.9980743 0.8985107 0.9181340 0.9477482 0.9513672 0.8815871 1.1223539 1.0232159 1.1110833 1.0561843 1.1586609 0.0000000 1.1120718 0.9669220 1.1077177 1.6880636 1.7677103 1.0559554 1.3694551 1.3776356 1.4376481 1.5252782 1.4431643 1.2325975 1.6091468 1.5600936 1.6940763 1.6589391 1.3304478 1.7926468 1.5015516 1.4991856 1.4828218 1.4814558 1.5321225 1.5591226 1.5672284 2.4826545 2.0339196 2.0898633 2.0687048 1.9372879 2.2505068 2.1399806 2.1847520 2.5127740 2.2712212 2.0032982 2.2212003 2.8752316 3.1012024 2.7827396 2.8439606 2.3502646 
Morvir_scaffold57.g62.t1                              1.1298734 0.9920553 1.0381429 1.0690764 0.9733823 1.0066162 0.9949819 1.0226779 0.8967748 0.9998427 1.0864073 0.9650163 1.2963146 1.2364832 1.1120718 0.0000000 1.2620801 1.4376447 1.4783216 1.3081520 1.0089897 1.3422348 1.3453947 1.5224419 1.6434167 1.4241335 1.2351903 1.4979494 1.6022630 1.6263815 1.7364572 1.2906674 1.5562166 1.7057367 1.6984088 1.7802150 1.8005000 1.7302389 1.7637896 1.6923663 2.3836812 1.8457311 2.0872263 2.0534532 2.0486286 2.0803419 1.8710848 2.2055173 2.4249582 2.1643216 2.0743138 2.2314401 2.6094586 2.7741564 3.0028976 2.5008824 2.6284837 
Cscu_XM_023372097.1                                   1.0504897 0.8619812 0.9361978 1.0997513 1.0886315 1.0623797 1.0543859 1.0940497 0.9197646 1.2168904 1.2456880 1.0260455 1.1391596 1.1145766 0.9669220 1.2620801 0.0000000 1.0225419 1.3586536 1.5561135 1.0382281 1.2208250 1.2810520 1.3980594 1.5306221 1.2372324 1.2383173 1.9125341 1.7519092 1.6879296 1.9440579 1.4713856 1.9449032 1.4024318 1.4002493 1.4088934 1.3927849 1.4286510 1.4165010 1.4374336 2.3012376 1.6902851 1.8412312 1.8026975 1.5819365 1.9364568 1.9945601 1.7852668 2.2564296 1.9824589 2.1797697 1.9699528 2.7530822 2.7413729 2.5752425 2.6777264 2.4439563 
Dpul_mRNA9347                                         1.3884921 1.1755362 1.2146916 1.3184977 1.2483765 1.2879395 1.3187445 1.3220589 1.1732943 1.3966153 1.2944928 1.4577346 1.3216798 1.3723879 1.1077177 1.4376447 1.0225419 0.0000000 1.6521125 1.8322635 1.2713704 1.5341068 1.6628543 1.5700871 1.6952613 1.5736384 1.6062898 1.7367512 1.5290364 1.6658358 1.9122694 1.3830398 1.7617842 1.7566873 1.7493359 1.8209067 1.8327102 1.7565339 1.7560878 1.7500628 2.3365587 1.9024434 2.4010048 2.1336756 2.0771150 2.5859744 2.1224609 2.1585248 2.2721912 2.5305573 2.0989563 2.5866515 2.8045328 2.9345445 3.4435330 3.2034020 2.4229760 
Aque_Aqu2.1.37465_001                                 1.4745220 1.4876742 1.5304142 1.4763861 1.4215599 1.4173608 1.4018259 1.3823546 1.5746537 1.6702471 1.7007876 1.5113808 1.5159669 1.5532648 1.6880636 1.4783216 1.3586536 1.6521125 0.0000000 0.4182691 0.7221788 1.1926278 1.1133426 1.4672154 1.7758865 1.4287352 1.3270182 2.0928456 2.1307311 1.7542320 2.2875878 1.6335370 1.9363853 1.9666750 1.9477305 1.9574457 1.9399046 1.8971898 1.8971898 2.0100373 2.2761953 2.2991371 2.0825265 2.2544871 2.2906824 2.3385581 2.6639340 2.1319378 2.6089152 2.3734207 2.3966791 2.2858999 2.7642741 2.6372381 2.7017616 2.7712475 3.0768398 
Xestes_maker-XT_scaffold119656-snap-gene-0.48-mRNA-1  1.5357707 1.3414821 1.4370393 1.3967885 1.3146882 1.3120292 1.2773071 1.2946500 1.4238593 1.6252733 1.5547486 1.6639193 1.4723173 1.3857084 1.7677103 1.3081520 1.5561135 1.8322635 0.4182691 0.0000000 0.6327172 1.1546441 1.1014745 1.1189483 1.6795489 1.3921489 1.2302556 1.9508357 2.0338154 1.7204363 1.9750218 1.6077852 1.8483595 2.1238676 2.1083702 2.0163222 1.9947937 1.9592194 1.9966175 1.9979354 2.4973327 1.9972009 2.3938345 2.3951872 2.0287950 2.5281249 2.7045094 2.1820122 2.5292712 2.2557103 2.4214317 2.3602016 2.7072745 2.6821750 2.5680355 2.6428519 3.1021951 
Stycar_maker-SC_scaffold4090-augustus-gene-0.7-mRNA-1 0.9974878 1.0035776 1.0868263 1.0195732 0.9722515 1.0585197 0.9693034 0.9386212 0.9541675 1.1230252 1.0806717 1.1000960 0.8621247 0.9208662 1.0559554 1.0089897 1.0382281 1.2713704 0.7221788 0.6327172 0.0000000 0.7385915 0.7723766 0.6546413 1.1450642 0.9773631 0.9287895 1.2387270 1.4483630 1.1153337 1.3362112 1.1608306 1.1513254 1.5165488 1.5104334 1.4710002 1.4785679 1.4859677 1.4859677 1.4892734 1.6211527 1.3918308 1.6811418 1.6182903 1.6066634 1.5691782 1.9077285 1.3611024 1.8343111 1.4915178 1.7554797 1.6995764 1.8977703 1.7359787 2.5456574 2.4060778 2.2483812 
Emue_Em0001g3379a.t1                                  1.3978547 1.1724259 1.2690372 1.1908361 1.2090042 1.2466131 1.2609150 1.1859855 1.1779547 1.3563990 1.3249536 1.3571576 1.3141094 1.3307699 1.3694551 1.3422348 1.2208250 1.5341068 1.1926278 1.1546441 0.7385915 0.0000000 0.3292875 1.2695241 1.4918680 1.2691732 1.1488357 1.8672370 2.0488150 1.9066284 1.9815205 1.7417621 1.3949531 1.9272024 1.9188543 1.9372001 1.9550094 1.8545080 1.8545080 1.8890279 2.2065621 2.0795976 2.2564801 2.1895704 2.0352981 2.1023235 2.3693875 1.9866729 2.0366806 2.3857134 2.2397743 2.2798766 2.6905487 2.3659607 2.5929276 2.6338385 2.9532924 
Spolac_c95084_g1_i1_m.10940c95084-g1                  1.3885206 1.1072584 1.2470272 1.1823321 1.1560954 1.2241759 1.2295210 1.1833385 1.1287300 1.4362426 1.5140300 1.3548263 1.2867783 1.3211035 1.3776356 1.3453947 1.2810520 1.6628543 1.1133426 1.1014745 0.7723766 0.3292875 0.0000000 1.1353362 1.4519260 1.2243993 1.1939598 1.7845188 1.9642058 1.7184496 1.8499670 1.5637322 1.5812082 1.7614511 1.7546749 1.7787263 1.8028736 1.7717196 1.7960211 1.7960238 2.2683657 1.8669760 2.4357111 2.1846592 2.0579671 2.2185585 2.4277655 1.9806863 2.1407934 2.1683981 2.1999354 2.3211518 2.5382441 2.5103097 2.8641660 2.6934644 2.7822541 
Ocar_g6949                                            1.2097469 1.2367695 1.2767397 1.4050836 1.5130562 1.5409256 1.4426137 1.3424518 1.6363966 1.4274353 1.5435214 1.5490993 1.2241460 1.3503751 1.4376481 1.5224419 1.3980594 1.5700871 1.4672154 1.1189483 0.6546413 1.2695241 1.1353362 0.0000000 0.0000010 0.8710867 0.5692911 1.6559334 1.1826267 1.5389549 1.5380236 1.4316690 1.3023889 1.3899475 1.3899475 1.2269595 1.2300075 1.2121631 1.2121631 1.3486017 2.4602068 1.9773294 2.2528653 1.8818592 2.1959748 2.0630265 1.9504157 1.8644031 1.9839276 2.5643841 2.1898033 1.8923547 1.8981761 2.1560719 2.1481685 2.1955975 2.4999653 
Opea_EP00118_Oscarella_pearsei_P002542                1.4348067 1.2243608 1.3034815 1.3928168 1.4195214 1.4513154 1.4374009 1.3813259 1.4592305 1.5962428 1.5932394 1.6659892 1.4605687 1.4857245 1.5252782 1.6434167 1.5306221 1.6952613 1.7758865 1.6795489 1.1450642 1.4918680 1.4519260 0.0000010 0.0000000 0.8578940 1.3151332 1.7957298 1.8533912 1.7709086 1.9030259 1.6573107 1.9445307 1.6610414 1.6582061 1.5567572 1.5778656 1.5954961 1.6055605 1.6769059 2.9707581 2.2027483 2.6003733 2.4401039 2.4915625 2.5435146 2.3852823 2.3039787 2.5529172 2.7566912 2.5774852 2.4598909 2.5490066 2.8380794 2.7911169 2.7259308 3.0553214 
Plajan_Pjan_C550345_01                                1.3114874 1.3004907 1.2186212 1.2818816 1.2281346 1.3338075 1.3398134 1.3567611 1.4282440 1.4941548 1.4309270 1.4437926 1.3867871 1.5007489 1.4431643 1.4241335 1.2372324 1.5736384 1.4287352 1.3921489 0.9773631 1.2691732 1.2243993 0.8710867 0.8578940 0.0000000 1.2234771 1.5937410 1.6222705 1.6431929 1.5684302 1.3965183 1.7617029 1.2929065 1.3054471 1.3466507 1.3810143 1.3356701 1.3356701 1.3092854 2.7075196 2.0236137 2.4872130 2.5102001 2.5869710 2.4105818 2.4036208 2.0532035 2.6043141 2.4035582 2.4766672 2.4734766 2.8237866 2.7855730 2.9893045 2.6690918 3.2264630 
Plespi_Pspi_scaffold9496_01                           1.2104578 1.0540892 1.0719097 1.2277237 1.1930061 1.1789794 1.1358831 1.1835149 0.9972767 1.3668000 1.4123392 1.2072628 1.2239365 1.2188072 1.2325975 1.2351903 1.2383173 1.6062898 1.3270182 1.2302556 0.9287895 1.1488357 1.1939598 0.5692911 1.3151332 1.2234771 0.0000000 1.5246668 2.0667545 1.5979556 1.5890905 1.5440528 1.8443269 1.4589641 1.4560181 1.4942728 1.4603271 1.5265077 1.5331079 1.5767180 2.0514125 1.5762752 1.9600113 1.8732506 1.5449002 1.8352709 1.9735035 1.6070057 2.1158645 2.1196645 2.0426328 2.1720362 2.1163507 2.3274184 2.3134059 2.3416455 2.4375392 
Scil_scict001729.1                                    1.4674390 1.2384041 1.3227636 1.5562870 1.5109281 1.5020645 1.5769769 1.5673964 1.3123156 1.6439596 1.6512861 1.7072089 1.5307337 1.6393793 1.6091468 1.4979494 1.9125341 1.7367512 2.0928456 1.9508357 1.2387270 1.8672370 1.7845188 1.6559334 1.7957298 1.5937410 1.5246668 0.0000000 0.3642576 0.3193528 0.3652811 1.0590749 1.8823066 1.7978699 1.8136878 1.8045316 1.8028491 1.7582722 1.7624263 1.7815480 2.8073934 2.4641231 2.4819124 2.4974075 2.6287699 2.8764956 2.4015648 2.3681474 2.4670495 2.5796004 2.1176251 2.5262661 2.5479158 2.6230056 3.0146651 2.7040089 2.3517065 
Leuniv_Lniv_C751017_01                                1.4616077 1.2479542 1.1559461 1.3090187 1.3143137 1.2244304 1.3869184 1.3313799 1.4284680 1.6767372 1.6992751 1.6455706 1.2550810 1.3870914 1.5600936 1.6022630 1.7519092 1.5290364 2.1307311 2.0338154 1.4483630 2.0488150 1.9642058 1.1826267 1.8533912 1.6222705 2.0667545 0.3642576 0.0000000 0.4130160 0.5218177 1.1257423 2.2881184 1.7236420 1.6986751 1.6360532 1.6463440 1.6944508 1.6944508 1.6090795 2.7091411 2.2577337 2.6263620 2.4414406 2.7994716 3.1247205 3.1386320 2.2958247 2.5035830 2.5038876 2.0283066 2.4005093 3.1493051 3.0450620 3.5051087 3.6095482 4.8884404 
Gracom_Gcom_scaffold11996_01                          1.3843261 1.1993916 1.3149369 1.3998468 1.4800737 1.4713124 1.5286045 1.5093495 1.3396936 1.4826718 1.6084689 1.6873620 1.3823189 1.5165203 1.6940763 1.6263815 1.6879296 1.6658358 1.7542320 1.7204363 1.1153337 1.9066284 1.7184496 1.5389549 1.7709086 1.6431929 1.5979556 0.3193528 0.4130160 0.0000000 0.3809469 1.0992281 1.9490534 1.9259603 1.9430662 1.8958466 1.9050440 1.8870028 1.8654883 1.9012051 2.8776404 2.3274446 2.6611540 2.3728151 2.5464387 2.7565911 2.3235158 2.4953233 2.6754495 2.3917215 2.1513789 2.4905438 2.6317982 2.6228358 3.0971094 2.8393297 2.2359011 
Lcom_lcpid85966                                       1.5348952 1.3850448 1.4783822 1.7364515 1.7408796 1.8234291 1.8073455 1.8063498 1.4067957 1.6818239 1.7255319 1.7602335 1.7278082 1.8233666 1.6589391 1.7364572 1.9440579 1.9122694 2.2875878 1.9750218 1.3362112 1.9815205 1.8499670 1.5380236 1.9030259 1.5684302 1.5890905 0.3652811 0.5218177 0.3809469 0.0000000 1.2259496 2.0614764 1.9251022 1.9422149 1.9388041 1.9301830 1.9611425 1.9657728 1.9337920 3.0213696 2.3524602 2.7762060 2.5766708 2.8017575 3.0516569 2.4420939 2.6034537 2.5966487 2.6644949 2.0080572 2.3966342 2.4738640 2.7976346 3.1904316 2.8044158 2.5326453 
Clacor_Ccor_C536369_01                                1.4593859 1.2690456 1.2104174 1.2354064 1.2423123 1.2636845 1.2078610 1.1796515 1.3216927 1.5418194 1.5626081 1.4554047 1.2320763 1.2171731 1.3304478 1.2906674 1.4713856 1.3830398 1.6335370 1.6077852 1.1608306 1.7417621 1.5637322 1.4316690 1.6573107 1.3965183 1.5440528 1.0590749 1.1257423 1.0992281 1.2259496 0.0000000 1.7815562 1.6808991 1.6967335 1.7670592 1.7329427 1.7673564 1.7673564 1.7049713 2.0455289 2.0891764 2.0321216 2.0589538 1.9752676 1.8804665 2.2463445 1.8783598 2.1492542 2.2202284 2.0547998 2.1579751 2.3926685 2.7527899 2.7844182 2.6504311 2.7912501 
Tetwil_g9192.t1                                       1.7671119 1.2774266 1.6662027 1.7506789 1.7082484 1.7668144 1.7779710 1.7768880 1.3642799 1.7905898 1.7726274 1.8601725 1.5727712 1.7119792 1.7926468 1.5562166 1.9449032 1.7617842 1.9363853 1.8483595 1.1513254 1.3949531 1.5812082 1.3023889 1.9445307 1.7617029 1.8443269 1.8823066 2.2881184 1.9490534 2.0614764 1.7815562 0.0000000 2.1244506 2.1156264 2.0547684 2.1035943 2.0042274 2.0359740 2.1344456 2.5229194 2.1211644 2.3535492 2.7951715 2.4905661 2.5014567 2.3197065 2.0855902 2.5654362 2.3675667 2.3136971 2.3645124 2.8090175 2.8501917 2.9297571 2.5692557 2.1811327 
Tadh_TriadT56416                                      1.6923746 1.1935560 1.2588329 1.3871728 1.3934450 1.4235711 1.3432226 1.4252513 1.2789927 1.4165787 1.4801036 1.4249611 1.5693867 1.6773311 1.5015516 1.7057367 1.4024318 1.7566873 1.9666750 2.1238676 1.5165488 1.9272024 1.7614511 1.3899475 1.6610414 1.2929065 1.4589641 1.7978699 1.7236420 1.9259603 1.9251022 1.6808991 2.1244506 0.0000000 0.0039800 0.1967681 0.2177329 0.2295474 0.2322466 0.2207868 3.0292148 2.4175641 2.7720732 2.5075062 2.3705752 2.6699510 2.6814810 2.3683507 2.6539689 2.7530596 2.6276737 2.5313567 3.2588471 3.4130728 3.3321414 2.8911753 3.3131068 
TrH2_TrispH2_001197-RA                                1.6950314 1.1935560 1.2711860 1.4004556 1.3790761 1.4089864 1.3376166 1.4104481 1.2789927 1.4106893 1.4942434 1.4277069 1.5532900 1.6934191 1.4991856 1.6984088 1.4002493 1.7493359 1.9477305 2.1083702 1.5104334 1.9188543 1.7546749 1.3899475 1.6582061 1.3054471 1.4560181 1.8136878 1.6986751 1.9430662 1.9422149 1.6967335 2.1156264 0.0039800 0.0000000 0.1939861 0.2147549 0.2264573 0.2291315 0.2196741 3.0570266 2.4061370 2.7971365 2.4839394 2.3523052 2.6651694 2.6842095 2.3658829 2.6270588 2.7480242 2.6174195 2.5112818 3.2526367 3.4464512 3.3280421 2.8762045 3.3753066 
HoiH06_mRNA2694                                       1.6039208 1.2073346 1.2261456 1.3702949 1.3464562 1.3796829 1.3314410 1.3593967 1.3129320 1.4973572 1.5225164 1.5161631 1.4990191 1.6633626 1.4828218 1.7802150 1.4088934 1.8209067 1.9574457 2.0163222 1.4710002 1.9372001 1.7787263 1.2269595 1.5567572 1.3466507 1.4942728 1.8045316 1.6360532 1.8958466 1.9388041 1.7670592 2.0547684 0.1967681 0.1939861 0.0000000 0.0365825 0.0805067 0.0948486 0.1620748 3.2835140 2.5877509 2.8903328 2.3803137 2.4239788 2.7115551 2.7460447 2.3827257 2.6588286 2.8642177 2.5004428 2.5967938 3.1028807 3.5028377 3.3662578 3.0687740 3.5234168 
HoiH23_PlH23_000270-RA                                1.6365314 1.2409973 1.2550540 1.3835782 1.3573250 1.3986705 1.3498162 1.3780813 1.3263919 1.5182312 1.5749476 1.5442945 1.5093615 1.6667134 1.4814558 1.8005000 1.3927849 1.8327102 1.9399046 1.9947937 1.4785679 1.9550094 1.8028736 1.2300075 1.5778656 1.3810143 1.4603271 1.8028491 1.6463440 1.9050440 1.9301830 1.7329427 2.1035943 0.2177329 0.2147549 0.0365825 0.0000000 0.1034917 0.1184539 0.1668618 3.2238566 2.5533605 2.9056032 2.3867567 2.4881284 2.7417519 2.7811060 2.3866423 2.6489737 2.8592721 2.4813189 2.5761944 3.0997949 3.5842367 3.3193126 2.9939655 3.4445147 
Hhon_g05415.t1                                        1.6765740 1.2686767 1.2834734 1.3807105 1.3586348 1.3873509 1.3176648 1.3854619 1.3194734 1.4733467 1.5220570 1.5009688 1.5040323 1.6298728 1.5321225 1.7302389 1.4286510 1.7565339 1.8971898 1.9592194 1.4859677 1.8545080 1.7717196 1.2121631 1.5954961 1.3356701 1.5265077 1.7582722 1.6944508 1.8870028 1.9611425 1.7673564 2.0042274 0.2295474 0.2264573 0.0805067 0.1034917 0.0000000 0.0039799 0.1518411 3.2632027 2.4701233 2.8991346 2.3646978 2.4151092 2.6703149 2.7810668 2.3671209 2.5393403 2.8497080 2.4827184 2.6348079 2.9979715 3.3493565 3.2750142 2.8185850 3.5034461 
HoiH04_mRNA10672                                      1.6953578 1.2686767 1.2834734 1.3807105 1.3586348 1.3873509 1.3176648 1.3854619 1.3194734 1.4972006 1.5462535 1.5250794 1.5040323 1.6298728 1.5591226 1.7637896 1.4165010 1.7560878 1.8971898 1.9966175 1.4859677 1.8545080 1.7960211 1.2121631 1.6055605 1.3356701 1.5331079 1.7624263 1.6944508 1.8654883 1.9657728 1.7673564 2.0359740 0.2322466 0.2291315 0.0948486 0.1184539 0.0039799 0.0000000 0.1684955 3.3287680 2.4701233 2.8991346 2.4016546 2.4151092 2.6693889 2.7810668 2.3671209 2.5393403 2.8576201 2.4530199 2.6348079 3.0332462 3.3414227 3.2750142 2.8185850 3.5034461 
HoiH11_mRNA3171                                       1.6775241 1.2737787 1.2907562 1.4120422 1.3727834 1.4127006 1.3548389 1.4626949 1.3433732 1.5156583 1.5710598 1.5098562 1.5212367 1.5755607 1.5672284 1.6923663 1.4374336 1.7500628 2.0100373 1.9979354 1.4892734 1.8890279 1.7960238 1.3486017 1.6769059 1.3092854 1.5767180 1.7815480 1.6090795 1.9012051 1.9337920 1.7049713 2.1344456 0.2207868 0.2196741 0.1620748 0.1668618 0.1518411 0.1684955 0.0000000 3.2466376 2.4341433 2.8392336 2.4820746 2.4003086 2.8296022 2.7266281 2.2934607 2.6739565 2.7968422 2.5187293 2.5883680 3.0140396 3.3141987 3.2966323 2.9569416 3.6477021 
Acaspe_EP00035_Acanthoeca_spectabilis_P026732         2.3230926 2.3282210 2.2669017 2.2971927 2.2471420 2.2888236 2.2603073 2.2458934 2.6416148 2.9185573 2.7801835 2.6323203 2.2628584 2.4029032 2.4826545 2.3836812 2.3012376 2.3365587 2.2761953 2.4973327 1.6211527 2.2065621 2.2683657 2.4602068 2.9707581 2.7075196 2.0514125 2.8073934 2.7091411 2.8776404 3.0213696 2.0455289 2.5229194 3.0292148 3.0570266 3.2835140 3.2238566 3.2632027 3.3287680 3.2466376 0.0000000 0.3448439 0.9789447 1.5997818 1.3827756 1.6732408 1.2780933 1.5586705 1.5296550 1.6675517 1.6605468 2.0434313 2.3793112 2.2381173 2.1361758 2.3765851 2.8944205 
Helnan_EP00037_Helgoeca_nana_P012660                  1.7241028 1.9313640 1.7589028 1.9078999 1.7718731 1.8424180 1.7767527 1.8017435 2.0876531 2.0270294 2.0586329 1.9962940 1.7347488 1.7715115 2.0339196 1.8457311 1.6902851 1.9024434 2.2991371 1.9972009 1.3918308 2.0795976 1.8669760 1.9773294 2.2027483 2.0236137 1.5762752 2.4641231 2.2577337 2.3274446 2.3524602 2.0891764 2.1211644 2.4175641 2.4061370 2.5877509 2.5533605 2.4701233 2.4701233 2.4341433 0.3448439 0.0000000 0.9831265 1.5086019 1.4208376 1.7447773 1.2053190 1.4431532 1.5694557 1.2180649 1.4463474 1.9368240 1.9965184 1.7673173 2.2916062 2.2501767 2.5070137 
Stedip_EP00041_Stephanoeca_diplocostata_P015436       1.9917908 2.1374531 2.1132046 2.1878329 2.1017829 2.1627937 2.1315426 2.1376258 2.2992747 2.5534585 2.4652710 2.1049320 2.0015590 1.9727916 2.0898633 2.0872263 1.8412312 2.4010048 2.0825265 2.3938345 1.6811418 2.2564801 2.4357111 2.2528653 2.6003733 2.4872130 1.9600113 2.4819124 2.6263620 2.6611540 2.7762060 2.0321216 2.3535492 2.7720732 2.7971365 2.8903328 2.9056032 2.8991346 2.8991346 2.8392336 0.9789447 0.9831265 0.0000000 1.6098807 1.4924510 1.7060000 1.2434030 1.4650864 1.5483030 1.7024563 1.6074894 1.8271427 2.1013667 2.0879674 2.0092980 2.1099945 2.8655581 
Salkve_EP00050_Salpingoeca_kvevrii_P019049            1.9860307 1.7786727 1.9033773 1.9592277 1.8839208 1.9005142 1.8775942 1.8808439 1.9164465 2.0491967 1.9988317 1.8760243 2.0739157 2.1526371 2.0687048 2.0534532 1.8026975 2.1336756 2.2544871 2.3951872 1.6182903 2.1895704 2.1846592 1.8818592 2.4401039 2.5102001 1.8732506 2.4974075 2.4414406 2.3728151 2.5766708 2.0589538 2.7951715 2.5075062 2.4839394 2.3803137 2.3867567 2.3646978 2.4016546 2.4820746 1.5997818 1.5086019 1.6098807 0.0000000 1.2350744 1.3995192 1.5704914 1.3673224 1.3630495 1.7262538 1.4449519 1.6397486 1.7887481 1.8083261 2.0708914 1.8667101 2.7094785 
Saldol_EP00054_Salpingoeca_dolichothecata_P017641     2.0599989 1.9277611 2.0441684 2.1477806 2.0988946 2.1703024 2.1730302 2.1436084 1.9697962 2.2072454 2.1625519 1.8696104 2.2623741 2.2906403 1.9372879 2.0486286 1.5819365 2.0771150 2.2906824 2.0287950 1.6066634 2.0352981 2.0579671 2.1959748 2.4915625 2.5869710 1.5449002 2.6287699 2.7994716 2.5464387 2.8017575 1.9752676 2.4905661 2.3705752 2.3523052 2.4239788 2.4881284 2.4151092 2.4151092 2.4003086 1.3827756 1.4208376 1.4924510 1.2350744 0.0000000 1.2357395 1.5461119 1.4461762 1.4636973 1.6933528 1.6792999 1.6651031 1.7703746 1.7255119 1.8488252 2.0559906 3.1114075 
Salurc_EP00051_Salpingoeca_urceolata_P031904          2.5188790 1.7388992 2.0907830 2.0836636 2.0346006 2.1223912 2.0285163 1.9505392 1.9281592 2.2375659 2.2803049 1.9275632 2.2423953 2.4818288 2.2505068 2.0803419 1.9364568 2.5859744 2.3385581 2.5281249 1.5691782 2.1023235 2.2185585 2.0630265 2.5435146 2.4105818 1.8352709 2.8764956 3.1247205 2.7565911 3.0516569 1.8804665 2.5014567 2.6699510 2.6651694 2.7115551 2.7417519 2.6703149 2.6693889 2.8296022 1.6732408 1.7447773 1.7060000 1.3995192 1.2357395 0.0000000 1.6608079 1.3613151 1.5561156 1.8230880 2.0365677 1.7114243 1.9848295 2.2436601 2.1020999 2.1815955 3.1789609 
Diagra_EP00040_Diaphanoeca_grandis_P022578            2.1922787 1.9515363 1.9396335 1.9826246 1.9458148 2.0021263 1.9024818 1.9251567 1.8697242 2.1686441 2.1386932 2.0444012 2.2763439 2.3576164 2.1399806 1.8710848 1.9945601 2.1224609 2.6639340 2.7045094 1.9077285 2.3693875 2.4277655 1.9504157 2.3852823 2.4036208 1.9735035 2.4015648 3.1386320 2.3235158 2.4420939 2.2463445 2.3197065 2.6814810 2.6842095 2.7460447 2.7811060 2.7810668 2.7810668 2.7266281 1.2780933 1.2053190 1.2434030 1.5704914 1.5461119 1.6608079 0.0000000 1.4886678 1.7494680 1.7300793 2.1865852 2.0906086 2.1581000 2.0450332 2.3170150 2.2726347 2.7785809 
Salmac_EP00052_Salpingoeca_macrocollata_P025669       1.9799921 1.7646905 1.9000327 2.0372144 1.9861525 2.0381010 2.0397319 2.0166701 1.8928483 2.2350141 2.0855076 1.9935290 2.0101393 1.8543155 2.1847520 2.2055173 1.7852668 2.1585248 2.1319378 2.1820122 1.3611024 1.9866729 1.9806863 1.8644031 2.3039787 2.0532035 1.6070057 2.3681474 2.2958247 2.4953233 2.6034537 1.8783598 2.0855902 2.3683507 2.3658829 2.3827257 2.3866423 2.3671209 2.3671209 2.2934607 1.5586705 1.4431532 1.4650864 1.3673224 1.4461762 1.3613151 1.4886678 0.0000000 1.3994375 1.6252355 1.6697557 1.7705753 1.9343373 1.7637540 1.9881213 2.0884601 3.3097522 
Salpun_EP00053_Salpingoeca_punica_P019469             2.5074059 2.1494994 2.2258204 2.3930056 2.2432954 2.3902634 2.3116262 2.2330958 2.0996626 2.7193451 2.6660040 2.2888605 2.4487251 2.5659646 2.5127740 2.4249582 2.2564296 2.2721912 2.6089152 2.5292712 1.8343111 2.0366806 2.1407934 1.9839276 2.5529172 2.6043141 2.1158645 2.4670495 2.5035830 2.6754495 2.5966487 2.1492542 2.5654362 2.6539689 2.6270588 2.6588286 2.6489737 2.5393403 2.5393403 2.6739565 1.5296550 1.5694557 1.5483030 1.3630495 1.4636973 1.5561156 1.7494680 1.3994375 0.0000000 2.1378609 2.0053953 1.7926031 2.0261107 2.1501048 2.3915939 2.2778260 3.5441696 
Didcos_EP00039_Didymoeca_costata_P004901              2.0790481 2.1182497 2.2457835 2.0755093 1.8924902 2.0594878 2.0284162 2.0493031 2.0845450 2.3260821 2.3382966 2.4535687 2.0476070 2.2164622 2.2712212 2.1643216 1.9824589 2.5305573 2.3734207 2.2557103 1.4915178 2.3857134 2.1683981 2.5643841 2.7566912 2.4035582 2.1196645 2.5796004 2.5038876 2.3917215 2.6644949 2.2202284 2.3675667 2.7530596 2.7480242 2.8642177 2.8592721 2.8497080 2.8576201 2.7968422 1.6675517 1.2180649 1.7024563 1.7262538 1.6933528 1.8230880 1.7300793 1.6252355 2.1378609 0.0000000 1.7925234 1.8190652 2.1361844 2.1463975 2.5064334 2.2863925 2.3391147 
Codhol_EP00042_Codosiga_hollandica_P044531            1.8464608 1.8535490 2.0752005 2.3538997 2.2435019 2.3733147 2.3509321 2.3047308 2.0294803 2.1953143 2.0905629 2.1473263 2.2030349 2.2990917 2.0032982 2.0743138 2.1797697 2.0989563 2.3966791 2.4214317 1.7554797 2.2397743 2.1999354 2.1898033 2.5774852 2.4766672 2.0426328 2.1176251 2.0283066 2.1513789 2.0080572 2.0547998 2.3136971 2.6276737 2.6174195 2.5004428 2.4813189 2.4827184 2.4530199 2.5187293 1.6605468 1.4463474 1.6074894 1.4449519 1.6792999 2.0365677 2.1865852 1.6697557 2.0053953 1.7925234 0.0000000 2.0611245 2.1951384 2.1397047 2.3146493 2.3616400 2.8519807 
Mylflu_EP00047_Mylnosiga_fluctuans_P008890            2.2615618 1.8734875 2.4694869 2.3026218 2.2613231 2.3289577 2.2578066 2.1984436 2.1587880 2.7308678 2.7112393 2.2071344 2.1968390 2.1695341 2.2212003 2.2314401 1.9699528 2.5866515 2.2858999 2.3602016 1.6995764 2.2798766 2.3211518 1.8923547 2.4598909 2.4734766 2.1720362 2.5262661 2.4005093 2.4905438 2.3966342 2.1579751 2.3645124 2.5313567 2.5112818 2.5967938 2.5761944 2.6348079 2.6348079 2.5883680 2.0434313 1.9368240 1.8271427 1.6397486 1.6651031 1.7114243 2.0906086 1.7705753 1.7926031 1.8190652 2.0611245 0.0000000 2.0013159 2.0476312 2.7023662 2.6696212 3.2343684 
Choper_EP00045_Choanoeca_perplexa_P002258             2.6168803 2.6441221 2.4974117 2.7478707 2.5807632 2.7178981 2.5909448 2.6561389 2.6333452 3.0768146 2.9967530 2.6819233 2.6139119 2.5717319 2.8752316 2.6094586 2.7530822 2.8045328 2.7642741 2.7072745 1.8977703 2.6905487 2.5382441 1.8981761 2.5490066 2.8237866 2.1163507 2.5479158 3.1493051 2.6317982 2.4738640 2.3926685 2.8090175 3.2588471 3.2526367 3.1028807 3.0997949 2.9979715 3.0332462 3.0140396 2.3793112 1.9965184 2.1013667 1.7887481 1.7703746 1.9848295 2.1581000 1.9343373 2.0261107 2.1361844 2.1951384 2.0013159 0.0000000 0.6606925 1.9616296 2.0450107 3.4485881 
Chofle_EP00730_Choanoeca_flexa_P003636                2.8995787 2.6588387 2.6368562 3.0249861 2.9466838 3.0464566 2.9960143 2.9710011 2.9436505 3.4535952 3.2503664 2.9540053 2.7428344 2.8117782 3.1012024 2.7741564 2.7413729 2.9345445 2.6372381 2.6821750 1.7359787 2.3659607 2.5103097 2.1560719 2.8380794 2.7855730 2.3274184 2.6230056 3.0450620 2.6228358 2.7976346 2.7527899 2.8501917 3.4130728 3.4464512 3.5028377 3.5842367 3.3493565 3.3414227 3.3141987 2.2381173 1.7673173 2.0879674 1.8083261 1.7255119 2.2436601 2.0450332 1.7637540 2.1501048 2.1463975 2.1397047 2.0476312 0.6606925 0.0000000 2.1333811 2.0974190 3.3151375 
Sros_EGD77553                                         3.0619318 2.8281025 2.6713938 2.9479569 2.9467550 3.0073533 2.9209788 2.8882278 2.8609113 3.1459561 3.0333935 3.0843346 3.0554468 3.1682191 2.7827396 3.0028976 2.5752425 3.4435330 2.7017616 2.5680355 2.5456574 2.5929276 2.8641660 2.1481685 2.7911169 2.9893045 2.3134059 3.0146651 3.5051087 3.0971094 3.1904316 2.7844182 2.9297571 3.3321414 3.3280421 3.3662578 3.3193126 3.2750142 3.2750142 3.2966323 2.1361758 2.2916062 2.0092980 2.0708914 1.8488252 2.1020999 2.3170150 1.9881213 2.3915939 2.5064334 2.3146493 2.7023662 1.9616296 2.1333811 0.0000000 0.6011172 4.2736697 
Microa_EP00043_Microstomoeca_roanoka_P000825          3.3363340 3.2079109 2.8182807 3.0333235 2.8669965 2.9699775 2.7780569 2.8995312 2.8966782 2.7531329 2.8749809 2.7378248 2.8921879 2.9709259 2.8439606 2.5008824 2.6777264 3.2034020 2.7712475 2.6428519 2.4060778 2.6338385 2.6934644 2.1955975 2.7259308 2.6690918 2.3416455 2.7040089 3.6095482 2.8393297 2.8044158 2.6504311 2.5692557 2.8911753 2.8762045 3.0687740 2.9939655 2.8185850 2.8185850 2.9569416 2.3765851 2.2501767 2.1099945 1.8667101 2.0559906 2.1815955 2.2726347 2.0884601 2.2778260 2.2863925 2.3616400 2.6696212 2.0450107 2.0974190 0.6011172 0.0000000 3.2914741 
Hvul_g17207_1                                         2.1751382 2.0732386 2.7541525 2.8347064 2.9358692 3.0541720 2.9583281 2.9306011 2.3780440 2.5311844 2.3492646 2.8440056 2.6376624 2.8817991 2.3502646 2.6284837 2.4439563 2.4229760 3.0768398 3.1021951 2.2483812 2.9532924 2.7822541 2.4999653 3.0553214 3.2264630 2.4375392 2.3517065 4.8884404 2.2359011 2.5326453 2.7912501 2.1811327 3.3131068 3.3753066 3.5234168 3.4445147 3.5034461 3.5034461 3.6477021 2.8944205 2.5070137 2.8655581 2.7094785 3.1114075 3.1789609 2.7785809 3.3097522 3.5441696 2.3391147 2.8519807 3.2343684 3.4485881 3.3151375 4.2736697 3.2914741 0.0000000 
