51
Hsap_ENST00000317568                              0.0000000 2.0260004 2.1826940 1.9084500 2.1816975 2.1080846 1.9749216 2.0001372 2.1124525 2.0927255 2.0630084 2.4286853 2.0012443 2.1673653 2.1451072 2.5148284 2.5360692 2.1120637 2.2636088 2.3194178 2.1908158 2.8939908 2.1617840 2.1107596 2.0262028 2.4217169 2.5546145 2.2205101 2.9990391 2.8840544 3.0239469 2.7926560 2.8969273 2.9005639 2.8002812 2.8418622 2.8615302 2.6933632 2.8922670 3.1975979 2.9247673 3.9362040 4.6085459 3.8287873 4.1018731 3.8765742 4.1136788 3.9896332 3.7143312 3.8972410 4.2829609 
Bralan_BLAG04001245_1                             2.0260004 0.0000000 1.5251769 1.4326861 1.5135574 1.4687324 1.2926818 1.3341719 1.4240897 1.3878799 1.3837016 1.6782383 1.4239580 1.5492953 1.5398808 2.3262207 2.0119389 1.5898321 1.7175909 1.6725466 1.5403956 1.9080496 1.7590925 1.9443678 1.7685110 2.3643398 2.3418808 2.1944911 2.1968916 2.2164836 2.3926246 2.1703027 2.0279640 1.6782317 2.0450448 2.4407472 2.5646648 2.8406013 2.6610144 2.4057460 3.0594391 3.1574322 4.0739255 3.2903404 3.1170394 3.0211275 3.4133068 3.5349650 3.2054176 3.4373766 3.8018232 
Spur_XM_011677084.2                               2.1826940 1.5251769 0.0000000 1.3409068 1.8784228 1.6150515 1.5481947 1.6667905 1.6709857 1.7185319 1.7269413 1.9574296 1.8274294 1.7945990 1.7430965 2.3806342 2.1105340 1.7904836 1.7723829 1.7582609 1.7343043 1.8846042 2.1018757 2.0396926 1.9429090 2.6749662 2.5624650 2.2850504 2.3968631 2.3958431 2.5287518 2.5894996 2.7240099 2.2364307 2.6057946 3.0021536 2.9477643 3.5326182 3.0728316 3.0904629 3.0566420 3.7947905 4.6354040 3.8597263 3.4101571 3.2648522 3.9747745 3.9251184 3.5266684 3.9259431 4.3630010 
Skow_XM_006813102.1                               1.9084500 1.4326861 1.3409068 0.0000000 1.9593952 1.4932975 1.4645843 1.5898412 1.5210179 1.5211609 1.5375730 1.5463711 1.7259711 1.7460777 1.7359023 2.0206640 2.3234061 1.8332401 1.7479790 1.7800400 1.8849260 2.6039951 1.7299954 1.8506193 1.6911573 2.2946786 2.5576724 2.2800279 2.2864957 2.3888838 2.5579655 2.2673014 2.6507057 2.7304139 2.8444026 2.9434602 2.9227514 3.0725892 2.9599061 3.1957680 2.9215872 3.0636231 3.3346001 3.0960136 2.9476689 2.9595932 3.3125771 3.1094283 2.9936339 3.1946655 3.6170373 
Exapal_XM_021038633.2                             2.1816975 1.5135574 1.8784228 1.9593952 0.0000000 0.9434203 0.8252413 0.8928580 0.9046732 0.9228239 0.8979657 1.1010470 1.0403419 1.1853710 1.3376320 2.1133761 2.1752379 1.5535788 1.6501994 1.6624590 1.5876178 1.6422760 2.2010519 2.0776799 1.9984585 2.7242155 2.6338668 2.6173184 2.1733831 2.1808653 2.4890222 2.5581605 2.4126388 1.9446320 2.1970522 2.4817969 2.6877391 3.0070736 2.9582655 2.8801893 3.1251201 3.3081085 4.1565668 3.2818915 3.1372765 3.0938061 3.5390615 3.4693897 3.2218728 3.5958745 3.7381176 
Adig_XM_015912886.1                               2.1080846 1.4687324 1.6150515 1.4932975 0.9434203 0.0000000 0.3347213 0.4086260 0.3760647 0.4690638 0.4678561 0.3298601 1.1809741 1.1634343 1.1388452 2.1778706 1.9633430 1.4549966 1.5028384 1.5781774 1.5324798 1.6320374 1.9423844 1.7756748 1.7786081 2.4028571 2.4833158 2.3835663 2.1364760 2.1679724 2.6058422 2.3495556 2.3626357 1.9562618 2.0772683 2.5685848 2.5863401 2.7051375 2.7526946 2.6525384 3.4646262 3.7539401 4.0263418 3.4565669 3.4364974 3.3217924 3.9462796 3.9687143 3.5247091 3.5668040 4.5043648 
Gfas_gfas1.m1.8079.m1                             1.9749216 1.2926818 1.5481947 1.4645843 0.8252413 0.3347213 0.0000000 0.2440116 0.2124477 0.3329734 0.3120478 0.3861844 0.7600266 1.0729129 1.0824718 1.8754181 1.8106826 1.3801049 1.4554566 1.3804687 1.4562666 1.4691624 1.9631604 1.7304929 1.6648053 2.1918921 2.3361738 2.2858903 1.8026842 1.8900779 2.2927504 2.0190528 1.9520961 1.5617367 2.0434093 2.4239627 2.5950926 2.6722369 2.4934198 2.5308058 3.3323247 3.1175087 3.5329308 2.8711398 2.7948353 2.7063841 3.1716211 3.2677505 3.2531052 3.0564886 3.5185477 
Fspp_ffun1.m4.5387.m1                             2.0001372 1.3341719 1.6667905 1.5898412 0.8928580 0.4086260 0.2440116 0.0000000 0.1585741 0.2622801 0.2420952 0.4487045 0.8067308 1.1209012 1.1309836 1.7991403 1.8316138 1.4255981 1.5401996 1.4350667 1.4864913 1.7557744 1.8769837 1.8157132 1.7324300 2.1868691 2.2937731 2.2853297 1.8934556 1.9109038 2.4285400 2.1776937 2.0889396 1.5837479 2.0330477 2.3998346 2.5448801 2.6755261 2.4521185 2.6560904 3.0917843 3.3483805 3.7755284 3.1114671 3.0932489 2.9401305 3.2210794 3.3917305 3.3852792 3.3015981 3.7503139 
Gasp_gasp1.m3.18022.m1                            2.1124525 1.4240897 1.6709857 1.5210179 0.9046732 0.3760647 0.2124477 0.1585741 0.0000000 0.2799225 0.2676631 0.4814900 0.9750330 1.1469595 1.1428507 1.8491054 1.8414155 1.5003802 1.5577958 1.5043950 1.5152228 1.6905043 1.9002095 1.8737756 1.7347091 2.2808510 2.2604781 2.1968888 2.0505197 2.1541293 2.5553353 2.3076563 2.3039475 1.8378511 2.1528331 2.5492988 2.6508561 2.9275754 2.6404439 2.8083512 3.0654794 3.3948165 3.9613492 3.2035225 3.2153007 3.0549652 3.3892736 3.4494880 3.2441653 3.3879327 3.6173171 
Spis_XP_022783295_1                               2.0927255 1.3878799 1.7185319 1.5211609 0.9228239 0.4690638 0.3329734 0.2622801 0.2799225 0.0000000 0.0588179 0.5819367 1.0583811 1.1160581 1.1857198 1.8045050 1.8805154 1.4112152 1.4782275 1.4292496 1.4676229 1.6587497 1.8442769 1.8267187 1.8279059 2.2792290 2.1906923 2.1874529 2.0289080 2.0622006 2.5407879 2.1834946 2.2239089 1.7932557 2.1035237 2.4889795 2.6254414 2.6943447 2.6386520 2.6105927 3.1379255 3.3973195 4.0861709 3.1123138 3.1817399 3.0397606 3.3916029 3.4523010 3.2631942 3.3392054 3.6073433 
Pocdam_XM_027186468.1                             2.0630084 1.3837016 1.7269413 1.5375730 0.8979657 0.4678561 0.3120478 0.2420952 0.2676631 0.0588179 0.0000000 0.5753275 0.9934243 1.1097863 1.1622219 1.8070392 1.8704385 1.3746310 1.4812106 1.4244013 1.4434074 1.6333176 1.8634014 1.8226742 1.7848162 2.2772079 2.2774148 2.2276464 1.9975556 2.0983926 2.5499655 2.2322964 2.2686107 1.7963911 2.1298277 2.5564190 2.6262324 2.7445624 2.6849286 2.6520113 3.1300466 3.3899481 4.0193408 3.1100329 3.1659032 3.0248437 3.3867393 3.4467355 3.2649107 3.2650833 3.5661524 
Amil_Amillepora15536-RA                           2.4286853 1.6782383 1.9574296 1.5463711 1.1010470 0.3298601 0.3861844 0.4487045 0.4814900 0.5819367 0.5753275 0.0000000 1.2885873 1.4305876 1.4545751 2.1059268 2.1104980 1.7099093 1.7664183 1.7257598 1.7794349 2.6450035 2.3096221 2.1967782 2.1461383 2.7659010 2.9603135 2.7528910 2.3648986 2.4724259 2.9793718 2.9216785 2.6485952 4.9040867 2.5369984 3.1239628 3.2331154 3.5231808 3.2672835 3.1195269 3.1614049 3.4280550 5.9759167 3.2967518 3.1797286 3.1126336 3.6273590 3.5172704 3.1783688 3.6880249 3.8728629 
Nvec_v1g208073                                    2.0012443 1.4239580 1.8274294 1.7259711 1.0403419 1.1809741 0.7600266 0.8067308 0.9750330 1.0583811 0.9934243 1.2885873 0.0000000 1.4122399 1.3657348 2.4241202 2.0585357 1.3435837 1.3392328 1.3643699 1.3825740 0.9971826 2.0492166 2.3093421 2.1848133 2.4317259 2.5484929 2.5145159 2.0277278 2.0869857 2.0749142 2.2443389 2.6502483 1.8203790 2.1477823 2.3888502 2.4708471 2.7539842 2.4923501 2.7687686 2.9685606 3.6652244 8.9999983 3.3927239 3.4140862 3.2263176 3.5168525 3.7484326 3.1013354 3.5826213 4.1065558 
Dgig_XM_028542783.1                               2.1673653 1.5492953 1.7945990 1.7460777 1.1853710 1.1634343 1.0729129 1.1209012 1.1469595 1.1160581 1.1097863 1.4305876 1.4122399 0.0000000 0.3214743 1.9896447 2.0819237 1.6263514 1.6886297 1.6797061 1.6648326 2.1284893 2.2197849 1.9293684 1.8154124 2.4900664 2.5419488 2.6751142 2.2090159 2.3705861 2.6783074 2.3668556 2.4883055 1.9616985 2.3877602 2.9856507 3.0928658 3.1497457 3.0948710 3.0994852 3.1660295 3.8391457 4.3163332 3.6487575 3.3569704 3.2663098 3.7273098 3.7362616 3.4052921 3.7042068 3.9560255 
Xesp_012444-T1                                    2.1451072 1.5398808 1.7430965 1.7359023 1.3376320 1.1388452 1.0824718 1.1309836 1.1428507 1.1857198 1.1622219 1.4545751 1.3657348 0.3214743 0.0000000 2.1212990 2.1231213 1.6397169 1.6507679 1.6391063 1.6473766 1.8937656 2.3292585 1.8968639 1.8638301 2.4067643 2.5650996 2.5159074 2.3416517 2.4193022 2.7497214 2.4057569 2.5527185 1.7383145 2.2251045 2.8544370 2.8605181 3.1239585 3.0478365 2.9398297 3.3108471 3.5964887 3.8616014 3.5428541 3.3744547 3.2808021 3.7380367 3.7802498 3.4298087 3.5627771 3.8350748 
Hvul_g21322_1                                     2.5148284 2.3262207 2.3806342 2.0206640 2.1133761 2.1778706 1.8754181 1.7991403 1.8491054 1.8045050 1.8070392 2.1059268 2.4241202 1.9896447 2.1212990 0.0000000 1.1905610 1.6766125 1.6536785 1.5110297 1.6237122 2.0234839 2.6206547 2.5836756 2.1599879 2.9583127 3.0381162 3.2721341 2.5650054 2.7005394 2.8890179 2.9320619 2.6677154 2.3366342 2.9069407 3.6913791 3.7597930 3.5698990 3.4839523 2.8849098 3.7548634 3.5551679 3.4148729 3.5870997 3.2529701 3.3711254 3.7206271 3.7010616 3.6387323 3.4166069 4.3535150 
Chem_TCONS_00062961                               2.5360692 2.0119389 2.1105340 2.3234061 2.1752379 1.9633430 1.8106826 1.8316138 1.8414155 1.8805154 1.8704385 2.1104980 2.0585357 2.0819237 2.1231213 1.1905610 0.0000000 1.3275794 1.3470525 1.2921032 1.3417055 1.1444140 2.7181296 2.3577966 2.6098506 3.0759937 2.7490930 2.9364348 2.7143951 2.7722373 2.7553763 2.7600210 2.6063474 2.4660277 2.6131775 3.6233946 3.6126642 3.9126765 3.6276314 3.1314435 3.7254072 3.8863061 4.2597119 3.5728299 3.3870007 3.3710670 3.7348737 3.7200614 3.5008166 3.3374721 3.8607807 
Aaur_scaffold656.g6.t1                            2.1120637 1.5898321 1.7904836 1.8332401 1.5535788 1.4549966 1.3801049 1.4255981 1.5003802 1.4112152 1.3746310 1.7099093 1.3435837 1.6263514 1.6397169 1.6766125 1.3275794 0.0000000 0.4361319 0.3745972 0.5064139 0.7220020 2.2977762 2.1546465 2.1936614 2.8451770 2.3686290 2.4294960 2.3537258 2.5247340 2.3750930 2.2574859 2.4883496 1.9845034 2.3426639 3.1201939 3.2064335 3.2778775 3.0513258 2.8961912 2.8683201 3.5301681 3.8733897 3.4564731 3.2489556 3.1000649 3.6738512 3.7759130 3.5391935 3.5837119 3.6666032 
Nemnom_g17288.t1                                  2.2636088 1.7175909 1.7723829 1.7479790 1.6501994 1.5028384 1.4554566 1.5401996 1.5577958 1.4782275 1.4812106 1.7664183 1.3392328 1.6886297 1.6507679 1.6536785 1.3470525 0.4361319 0.0000000 0.1657820 0.6024384 0.7799708 2.4425823 2.3453502 2.3083635 3.0084097 2.3679729 2.4967105 2.4727181 2.5011196 2.2739877 2.2252448 2.5116462 2.2854025 2.3216440 3.0320118 3.0325472 3.4000616 3.1172055 2.8977400 2.8487164 3.4750603 3.8397543 3.2101815 3.3000491 3.2191687 3.4607588 3.4966157 3.2469282 3.2649999 3.4011352 
Rhoesc_Res_002006-T1                              2.3194178 1.6725466 1.7582609 1.7800400 1.6624590 1.5781774 1.3804687 1.4350667 1.5043950 1.4292496 1.4244013 1.7257598 1.3643699 1.6797061 1.6391063 1.5110297 1.2921032 0.3745972 0.1657820 0.0000000 0.6239570 0.7907206 2.3796234 2.4470771 2.3355218 3.1234599 2.3467743 2.4897807 2.4353440 2.4962635 2.2905863 2.2546643 2.5238500 2.2580055 2.3369623 3.1004364 3.2082366 3.4692965 3.0857982 2.7882648 2.8846687 3.4267204 3.8057613 3.2752693 3.2201387 3.1282945 3.4655463 3.5129353 3.2984113 3.3328898 3.3187569 
Sanmal_Sma_027053-T1                              2.1908158 1.5403956 1.7343043 1.8849260 1.5876178 1.5324798 1.4562666 1.4864913 1.5152228 1.4676229 1.4434074 1.7794349 1.3825740 1.6648326 1.6473766 1.6237122 1.3417055 0.5064139 0.6024384 0.6239570 0.0000000 0.7580608 2.1897122 2.0881682 2.2122005 2.7873540 2.2591974 2.4484628 2.2082403 2.3466395 2.4079316 2.3049622 2.2403866 2.0277737 2.3932600 2.8362638 2.8451332 3.2227003 2.9492982 2.5283638 2.8005891 3.5258849 3.6810074 3.4533064 3.5189261 3.3529096 3.5365437 3.7246108 3.5774761 3.4154293 3.5438384 
Morvir_scaffold36.g39.t1                          2.8939908 1.9080496 1.8846042 2.6039951 1.6422760 1.6320374 1.4691624 1.7557744 1.6905043 1.6587497 1.6333176 2.6450035 0.9971826 2.1284893 1.8937656 2.0234839 1.1444140 0.7220020 0.7799708 0.7907206 0.7580608 0.0000000 2.7479342 2.3903871 2.4166041 3.8294280 2.6299989 3.0140399 2.4139181 2.3700162 2.4536196 2.1756358 2.6001904 2.3986917 2.5219874 3.0441135 3.1867330 3.4875174 3.7361899 2.7219911 5.5888019 3.6922898 3.6274960 3.2819770 3.5685335 3.3199081 3.4760187 3.3851120 3.1412967 3.1616379 3.8759742 
Ctel_gnl_WGS_AMQN_CAPTEDRAFT_mRNA219694           2.1617840 1.7590925 2.1018757 1.7299954 2.2010519 1.9423844 1.9631604 1.8769837 1.9002095 1.8442769 1.8634014 2.3096221 2.0492166 2.2197849 2.3292585 2.6206547 2.7181296 2.2977762 2.4425823 2.3796234 2.1897122 2.7479342 0.0000000 1.7848418 1.6757993 2.3583938 1.8456661 1.9647596 2.7172401 2.7729845 2.9652223 2.7176553 2.7424837 2.2233270 2.3139424 2.8439133 2.8465653 3.0895871 3.0254356 2.7383900 3.4333010 3.2983138 3.9171472 3.3159282 3.4427721 3.3691280 3.4892239 3.6151810 3.3040903 3.3620412 4.3460642 
Tcas_TC016340_001                                 2.1107596 1.9443678 2.0396926 1.8506193 2.0776799 1.7756748 1.7304929 1.8157132 1.8737756 1.8267187 1.8226742 2.1967782 2.3093421 1.9293684 1.8968639 2.5836756 2.3577966 2.1546465 2.3453502 2.4470771 2.0881682 2.3903871 1.7848418 0.0000000 1.3084518 1.8811291 1.9704398 2.0441908 2.7736321 2.8226539 2.9210874 2.4812196 2.4836543 2.1070356 2.2857362 2.7835265 2.8668332 2.7643002 2.8810891 2.6239885 3.0987814 3.5474967 3.6035307 3.5007377 3.4360787 3.2939770 3.6255191 3.5968905 3.2999815 3.8922804 3.9374716 
Cscu_XM_023366745.1                               2.0262028 1.7685110 1.9429090 1.6911573 1.9984585 1.7786081 1.6648053 1.7324300 1.7347091 1.8279059 1.7848162 2.1461383 2.1848133 1.8154124 1.8638301 2.1599879 2.6098506 2.1936614 2.3083635 2.3355218 2.2122005 2.4166041 1.6757993 1.3084518 0.0000000 1.8874428 2.2403497 2.2314373 2.6708477 2.6196129 2.7529535 2.4314294 2.4887348 2.2369959 2.3932846 2.3894642 2.5729188 2.5292040 2.8774971 2.6144933 2.9951635 3.4639574 4.1713750 3.3858942 3.2506050 3.2015024 3.7638981 3.8187025 3.3842022 3.7521980 4.1020895 
Dpul_mRNA28119                                    2.4217169 2.3643398 2.6749662 2.2946786 2.7242155 2.4028571 2.1918921 2.1868691 2.2808510 2.2792290 2.2772079 2.7659010 2.4317259 2.4900664 2.4067643 2.9583127 3.0759937 2.8451770 3.0084097 3.1234599 2.7873540 3.8294280 2.3583938 1.8811291 1.8874428 0.0000000 2.9839118 2.6115382 3.1060711 3.1746693 3.5303527 3.4028841 3.2691607 2.5817816 2.7989502 3.2455592 3.4832020 3.3460618 3.4000091 3.4886928 3.6982853 4.2691282 4.0478886 4.1088649 4.0506123 4.0146087 4.6116903 4.5029284 4.1783994 3.9693662 3.9964772 
Cgig_XM_011444718.3                               2.5546145 2.3418808 2.5624650 2.5576724 2.6338668 2.4833158 2.3361738 2.2937731 2.2604781 2.1906923 2.2774148 2.9603135 2.5484929 2.5419488 2.5650996 3.0381162 2.7490930 2.3686290 2.3679729 2.3467743 2.2591974 2.6299989 1.8456661 1.9704398 2.2403497 2.9839118 0.0000000 1.4966084 2.6600493 2.7396333 2.7831144 2.5098572 2.3716525 2.9815691 2.6281647 2.9628071 3.0952876 2.9540107 2.7197095 2.6995828 3.2323113 3.4950340 3.7911492 3.7004628 3.5859419 3.4164628 3.5976250 3.6334827 3.4894803 3.7553452 3.9797600 
Acagra_model.g16090.t1                            2.2205101 2.1944911 2.2850504 2.2800279 2.6173184 2.3835663 2.2858903 2.2853297 2.1968888 2.1874529 2.2276464 2.7528910 2.5145159 2.6751142 2.5159074 3.2721341 2.9364348 2.4294960 2.4967105 2.4897807 2.4484628 3.0140399 1.9647596 2.0441908 2.2314373 2.6115382 1.4966084 0.0000000 3.0317703 3.1690626 3.0696383 3.1367385 2.7776285 2.9623327 2.9670322 2.7060449 2.8002011 2.8972331 2.6084673 2.9910452 3.2097900 3.6757731 4.6693960 3.8415094 3.6449573 3.6677073 3.9685807 4.1039422 3.9108410 3.7930373 4.1345738 
Aque_Aqu2.1.28992_001                             2.9990391 2.1968916 2.3968631 2.2864957 2.1733831 2.1364760 1.8026842 1.8934556 2.0505197 2.0289080 1.9975556 2.3648986 2.0277278 2.2090159 2.3416517 2.5650054 2.7143951 2.3537258 2.4727181 2.4353440 2.2082403 2.4139181 2.7172401 2.7736321 2.6708477 3.1060711 2.6600493 3.0317703 0.0000000 0.3848644 1.2968942 1.3339887 1.5339747 2.1183828 2.3194313 2.5193512 2.7636544 2.8609597 2.8309633 2.2276526 2.9228261 3.7667571 4.5209902 3.5380258 3.2577415 3.2296115 3.4567622 3.4526861 3.1820732 3.2277347 3.9339697 
Halamb_c50093_g1_i1m.27570                        2.8840544 2.2164836 2.3958431 2.3888838 2.1808653 2.1679724 1.8900779 1.9109038 2.1541293 2.0622006 2.0983926 2.4724259 2.0869857 2.3705861 2.4193022 2.7005394 2.7722373 2.5247340 2.5011196 2.4962635 2.3466395 2.3700162 2.7729845 2.8226539 2.6196129 3.1746693 2.7396333 3.1690626 0.3848644 0.0000000 1.3969332 1.2939884 1.5660911 2.1654356 2.2591412 2.4868267 2.7613160 2.8402127 2.7348939 2.2286038 3.0228134 3.6212494 4.3930955 3.4461501 3.1591794 3.1322326 3.5441738 3.4677895 3.2226176 3.0693782 3.6745952 
Tetwil_g6200.t2                                   3.0239469 2.3926246 2.5287518 2.5579655 2.4890222 2.6058422 2.2927504 2.4285400 2.5553353 2.5407879 2.5499655 2.9793718 2.0749142 2.6783074 2.7497214 2.8890179 2.7553763 2.3750930 2.2739877 2.2905863 2.4079316 2.4536196 2.9652223 2.9210874 2.7529535 3.5303527 2.7831144 3.0696383 1.2968942 1.3969332 0.0000000 0.8918925 1.3557904 2.2319216 2.2857686 2.7653505 2.8228399 3.0103113 2.9830184 2.5619914 2.4506628 3.7233395 5.0332971 3.7969621 3.5969086 3.4857099 3.7144982 3.7405299 3.3781822 3.4519190 3.9626693 
Stycar_maker-SC_scaffold2794-snap-gene-0.9-mRNA-1 2.7926560 2.1703027 2.5894996 2.2673014 2.5581605 2.3495556 2.0190528 2.1776937 2.3076563 2.1834946 2.2322964 2.9216785 2.2443389 2.3668556 2.4057569 2.9320619 2.7600210 2.2574859 2.2252448 2.2546643 2.3049622 2.1756358 2.7176553 2.4812196 2.4314294 3.4028841 2.5098572 3.1367385 1.3339887 1.2939884 0.8918925 0.0000000 1.1116629 1.9995117 2.1071413 2.4981968 2.6642332 2.7217254 2.5099635 2.3250691 2.9998718 3.9464069 4.8251955 3.5708066 3.7835321 3.6593098 3.7171828 3.9616674 3.5181388 3.5069375 4.3774619 
Spolac_c103560_g4_i3_m.34866c103560-g4            2.8969273 2.0279640 2.7240099 2.6507057 2.4126388 2.3626357 1.9520961 2.0889396 2.3039475 2.2239089 2.2686107 2.6485952 2.6502483 2.4883055 2.5527185 2.6677154 2.6063474 2.4883496 2.5116462 2.5238500 2.2403866 2.6001904 2.7424837 2.4836543 2.4887348 3.2691607 2.3716525 2.7776285 1.5339747 1.5660911 1.3557904 1.1116629 0.0000000 2.0353762 2.1740893 2.7498512 2.8882781 2.9639349 2.8733305 2.2344802 2.8636860 4.0835031 4.6737331 4.0168861 4.1295581 4.0134085 4.0244347 4.0823518 3.5874782 3.7216320 4.3029912 
Ocar_g8240                                        2.9005639 1.6782317 2.2364307 2.7304139 1.9446320 1.9562618 1.5617367 1.5837479 1.8378511 1.7932557 1.7963911 4.9040867 1.8203790 1.9616985 1.7383145 2.3366342 2.4660277 1.9845034 2.2854025 2.2580055 2.0277737 2.3986917 2.2233270 2.1070356 2.2369959 2.5817816 2.9815691 2.9623327 2.1183828 2.1654356 2.2319216 1.9995117 2.0353762 0.0000000 0.0233404 2.3954864 2.6828004 2.6799052 2.6905508 2.3138353 4.8642877 3.5897723 3.7315407 3.4559163 3.7395909 3.3336234 3.5134164 4.1629900 3.1764201 4.0411566 3.5276697 
Opea_EP00118_Oscarella_pearsei_P025849            2.8002812 2.0450448 2.6057946 2.8444026 2.1970522 2.0772683 2.0434093 2.0330477 2.1528331 2.1035237 2.1298277 2.5369984 2.1477823 2.3877602 2.2251045 2.9069407 2.6131775 2.3426639 2.3216440 2.3369623 2.3932600 2.5219874 2.3139424 2.2857362 2.3932846 2.7989502 2.6281647 2.9670322 2.3194313 2.2591412 2.2857686 2.1071413 2.1740893 0.0233404 0.0000000 2.6317990 2.6675840 2.6766286 2.7345220 2.4798941 2.8449947 3.6036647 3.7335559 3.5860411 3.5700636 3.3892544 3.6688111 3.9770047 3.6029491 3.8329951 3.5916101 
Scil_scict018227.1                                2.8418622 2.4407472 3.0021536 2.9434602 2.4817969 2.5685848 2.4239627 2.3998346 2.5492988 2.4889795 2.5564190 3.1239628 2.3888502 2.9856507 2.8544370 3.6913791 3.6233946 3.1201939 3.0320118 3.1004364 2.8362638 3.0441135 2.8439133 2.7835265 2.3894642 3.2455592 2.9628071 2.7060449 2.5193512 2.4868267 2.7653505 2.4981968 2.7498512 2.3954864 2.6317990 0.0000000 0.5638016 0.5524611 0.8192308 3.2569788 2.4928134 3.9592870 4.7738051 3.7959327 3.7527128 3.7353737 4.0620130 4.2049061 4.0409160 3.6674966 4.5420525 
Leuniv_Lniv_scaffold17660_01                      2.8615302 2.5646648 2.9477643 2.9227514 2.6877391 2.5863401 2.5950926 2.5448801 2.6508561 2.6254414 2.6262324 3.2331154 2.4708471 3.0928658 2.8605181 3.7597930 3.6126642 3.2064335 3.0325472 3.2082366 2.8451332 3.1867330 2.8465653 2.8668332 2.5729188 3.4832020 3.0952876 2.8002011 2.7636544 2.7613160 2.8228399 2.6642332 2.8882781 2.6828004 2.6675840 0.5638016 0.0000000 0.6089479 0.7879606 3.4723106 2.3568754 3.8268315 4.3754946 3.6178488 3.7009619 3.6700801 3.6662504 3.8072063 3.5591304 3.5892200 3.9240320 
Gracom_Gcom_scaffold18420_01                      2.6933632 2.8406013 3.5326182 3.0725892 3.0070736 2.7051375 2.6722369 2.6755261 2.9275754 2.6943447 2.7445624 3.5231808 2.7539842 3.1497457 3.1239585 3.5698990 3.9126765 3.2778775 3.4000616 3.4692965 3.2227003 3.4875174 3.0895871 2.7643002 2.5292040 3.3460618 2.9540107 2.8972331 2.8609597 2.8402127 3.0103113 2.7217254 2.9639349 2.6799052 2.6766286 0.5524611 0.6089479 0.0000000 0.8598203 3.3947420 2.7733549 3.9579699 4.8978597 3.6265632 3.9425020 3.8886513 4.1560105 4.0645248 3.9519980 3.8533408 4.3638448 
Lcom_lcpid67416                                   2.8922670 2.6610144 3.0728316 2.9599061 2.9582655 2.7526946 2.4934198 2.4521185 2.6404439 2.6386520 2.6849286 3.2672835 2.4923501 3.0948710 3.0478365 3.4839523 3.6276314 3.0513258 3.1172055 3.0857982 2.9492982 3.7361899 3.0254356 2.8810891 2.8774971 3.4000091 2.7197095 2.6084673 2.8309633 2.7348939 2.9830184 2.5099635 2.8733305 2.6905508 2.7345220 0.8192308 0.7879606 0.8598203 0.0000000 3.4464467 2.2696439 3.7163116 4.0874917 3.7604970 3.7203665 3.7019940 3.8984245 3.9698337 3.7763381 3.6060804 4.6416596 
Plespi_Pspi_scaffold4946_01                       3.1975979 2.4057460 3.0904629 3.1957680 2.8801893 2.6525384 2.5308058 2.6560904 2.8083512 2.6105927 2.6520113 3.1195269 2.7687686 3.0994852 2.9398297 2.8849098 3.1314435 2.8961912 2.8977400 2.7882648 2.5283638 2.7219911 2.7383900 2.6239885 2.6144933 3.4886928 2.6995828 2.9910452 2.2276526 2.2286038 2.5619914 2.3250691 2.2344802 2.3138353 2.4798941 3.2569788 3.4723106 3.3947420 3.4464467 0.0000000 3.2571135 3.7687285 4.2992970 3.8320622 3.6809417 3.6210499 3.9617626 3.8159766 3.7635074 3.9059135 4.3776953 
Clacor_Ccor_scaffold1925_01                       2.9247673 3.0594391 3.0566420 2.9215872 3.1251201 3.4646262 3.3323247 3.0917843 3.0654794 3.1379255 3.1300466 3.1614049 2.9685606 3.1660295 3.3108471 3.7548634 3.7254072 2.8683201 2.8487164 2.8846687 2.8005891 5.5888019 3.4333010 3.0987814 2.9951635 3.6982853 3.2323113 3.2097900 2.9228261 3.0228134 2.4506628 2.9998718 2.8636860 4.8642877 2.8449947 2.4928134 2.3568754 2.7733549 2.2696439 3.2571135 0.0000000 3.7053773 4.9129672 4.0096742 3.8828672 3.7934188 3.6650668 3.7015595 3.8067687 3.7791279 4.3480966 
Mlei_ML2574.g7.i1                                 3.9362040 3.1574322 3.7947905 3.0636231 3.3081085 3.7539401 3.1175087 3.3483805 3.3948165 3.3973195 3.3899481 3.4280550 3.6652244 3.8391457 3.5964887 3.5551679 3.8863061 3.5301681 3.4750603 3.4267204 3.5258849 3.6922898 3.2983138 3.5474967 3.4639574 4.2691282 3.4950340 3.6757731 3.7667571 3.6212494 3.7233395 3.9464069 4.0835031 3.5897723 3.6036647 3.9592870 3.8268315 3.9579699 3.7163116 3.7687285 3.7053773 0.0000000 0.2392251 0.3695814 0.4334608 0.4248026 0.5992630 0.5601812 0.5124228 0.5486808 0.7259957 
Bolinf_Binf_sb1220652                             4.6085459 4.0739255 4.6354040 3.3346001 4.1565668 4.0263418 3.5329308 3.7755284 3.9613492 4.0861709 4.0193408 5.9759167 8.9999983 4.3163332 3.8616014 3.4148729 4.2597119 3.8733897 3.8397543 3.8057613 3.6810074 3.6274960 3.9171472 3.6035307 4.1713750 4.0478886 3.7911492 4.6693960 4.5209902 4.3930955 5.0332971 4.8251955 4.6737331 3.7315407 3.7335559 4.7738051 4.3754946 4.8978597 4.0874917 4.2992970 4.9129672 0.2392251 0.0000000 0.5592743 0.7890907 0.7910350 1.0035444 0.9802149 0.8857173 0.7072479 0.9478229 
Mertsp_Mesp_sb581619                              3.8287873 3.2903404 3.8597263 3.0960136 3.2818915 3.4565669 2.8711398 3.1114671 3.2035225 3.1123138 3.1100329 3.2967518 3.3927239 3.6487575 3.5428541 3.5870997 3.5728299 3.4564731 3.2101815 3.2752693 3.4533064 3.2819770 3.3159282 3.5007377 3.3858942 4.1088649 3.7004628 3.8415094 3.5380258 3.4461501 3.7969621 3.5708066 4.0168861 3.4559163 3.5860411 3.7959327 3.6178488 3.6265632 3.7604970 3.8320622 4.0096742 0.3695814 0.5592743 0.0000000 0.4218758 0.3706522 0.5587773 0.5753662 0.5080535 0.5877855 0.7242173 
Pbac_sb2655597                                    4.1018731 3.1170394 3.4101571 2.9476689 3.1372765 3.4364974 2.7948353 3.0932489 3.2153007 3.1817399 3.1659032 3.1797286 3.4140862 3.3569704 3.3744547 3.2529701 3.3870007 3.2489556 3.3000491 3.2201387 3.5189261 3.5685335 3.4427721 3.4360787 3.2506050 4.0506123 3.5859419 3.6449573 3.2577415 3.1591794 3.5969086 3.7835321 4.1295581 3.7395909 3.5700636 3.7527128 3.7009619 3.9425020 3.7203665 3.6809417 3.8828672 0.4334608 0.7890907 0.4218758 0.0000000 0.0555983 0.6091084 0.5752622 0.5237383 0.7066920 0.8923368 
Horcal_Hcv1.av93.c7.g128.i4                       3.8765742 3.0211275 3.2648522 2.9595932 3.0938061 3.3217924 2.7063841 2.9401305 3.0549652 3.0397606 3.0248437 3.1126336 3.2263176 3.2663098 3.2808021 3.3711254 3.3710670 3.1000649 3.2191687 3.1282945 3.3529096 3.3199081 3.3691280 3.2939770 3.2015024 4.0146087 3.4164628 3.6677073 3.2296115 3.1322326 3.4857099 3.6593098 4.0134085 3.3336234 3.3892544 3.7353737 3.6700801 3.8886513 3.7019940 3.6210499 3.7934188 0.4248026 0.7910350 0.3706522 0.0555983 0.0000000 0.5641042 0.5449030 0.5056348 0.6979764 0.8284726 
Vmul_sbMO459503                                   4.1136788 3.4133068 3.9747745 3.3125771 3.5390615 3.9462796 3.1716211 3.2210794 3.3892736 3.3916029 3.3867393 3.6273590 3.5168525 3.7273098 3.7380367 3.7206271 3.7348737 3.6738512 3.4607588 3.4655463 3.5365437 3.4760187 3.4892239 3.6255191 3.7638981 4.6116903 3.5976250 3.9685807 3.4567622 3.5441738 3.7144982 3.7171828 4.0244347 3.5134164 3.6688111 4.0620130 3.6662504 4.1560105 3.8984245 3.9617626 3.6650668 0.5992630 1.0035444 0.5587773 0.6091084 0.5641042 0.0000000 0.2425753 0.2017235 0.8014964 0.7827546 
Coeast_Cast_sb780817                              3.9896332 3.5349650 3.9251184 3.1094283 3.4693897 3.9687143 3.2677505 3.3917305 3.4494880 3.4523010 3.4467355 3.5172704 3.7484326 3.7362616 3.7802498 3.7010616 3.7200614 3.7759130 3.4966157 3.5129353 3.7246108 3.3851120 3.6151810 3.5968905 3.8187025 4.5029284 3.6334827 4.1039422 3.4526861 3.4677895 3.7405299 3.9616674 4.0823518 4.1629900 3.9770047 4.2049061 3.8072063 4.0645248 3.9698337 3.8159766 3.7015595 0.5601812 0.9802149 0.5753662 0.5752622 0.5449030 0.2425753 0.0000000 0.0478405 0.7405976 0.7697906 
Coemet_Cmet_scaffold10479_01                      3.7143312 3.2054176 3.5266684 2.9936339 3.2218728 3.5247091 3.2531052 3.3852792 3.2441653 3.2631942 3.2649107 3.1783688 3.1013354 3.4052921 3.4298087 3.6387323 3.5008166 3.5391935 3.2469282 3.2984113 3.5774761 3.1412967 3.3040903 3.2999815 3.3842022 4.1783994 3.4894803 3.9108410 3.1820732 3.2226176 3.3781822 3.5181388 3.5874782 3.1764201 3.6029491 4.0409160 3.5591304 3.9519980 3.7763381 3.7635074 3.8067687 0.5124228 0.8857173 0.5080535 0.5237383 0.5056348 0.2017235 0.0478405 0.0000000 0.6472333 0.6379891 
Eupdun_Edun_sb10637857                            3.8972410 3.4373766 3.9259431 3.1946655 3.5958745 3.5668040 3.0564886 3.3015981 3.3879327 3.3392054 3.2650833 3.6880249 3.5826213 3.7042068 3.5627771 3.4166069 3.3374721 3.5837119 3.2649999 3.3328898 3.4154293 3.1616379 3.3620412 3.8922804 3.7521980 3.9693662 3.7553452 3.7930373 3.2277347 3.0693782 3.4519190 3.5069375 3.7216320 4.0411566 3.8329951 3.6674966 3.5892200 3.8533408 3.6060804 3.9059135 3.7791279 0.5486808 0.7072479 0.5877855 0.7066920 0.6979764 0.8014964 0.7405976 0.6472333 0.0000000 0.8918211 
Lampan_Lpan_C404639_01                            4.2829609 3.8018232 4.3630010 3.6170373 3.7381176 4.5043648 3.5185477 3.7503139 3.6173171 3.6073433 3.5661524 3.8728629 4.1065558 3.9560255 3.8350748 4.3535150 3.8607807 3.6666032 3.4011352 3.3187569 3.5438384 3.8759742 4.3460642 3.9374716 4.1020895 3.9964772 3.9797600 4.1345738 3.9339697 3.6745952 3.9626693 4.3774619 4.3029912 3.5276697 3.5916101 4.5420525 3.9240320 4.3638448 4.6416596 4.3776953 4.3480966 0.7259957 0.9478229 0.7242173 0.8923368 0.8284726 0.7827546 0.7697906 0.6379891 0.8918211 0.0000000 
