72
Bralan_BLAG01002534_1                               0.0000000 0.7946629 0.7123958 0.7938846 0.7321910 0.7334945 0.7269136 0.7277347 0.6363865 0.6273750 0.6120985 0.5420592 0.5088616 0.9229158 0.4385223 0.4381566 0.6049911 0.5971329 0.5843291 0.8120241 0.5860390 0.5652686 0.5949167 0.5972811 0.7220414 0.7575833 0.6412171 0.6646226 0.5934002 0.7319016 0.9303339 0.8884124 0.8705685 0.7892076 0.7242931 0.6381356 0.6994211 0.6945124 1.2090525 0.9645691 1.0920088 0.9898003 1.5336085 1.5378448 1.8344266 1.2718827 1.2857355 1.3446828 1.3131880 1.2075662 1.1376792 1.0368923 1.5284464 0.9948257 1.9380120 1.2298609 1.4414162 1.9337827 1.9437837 1.7793480 1.7353347 1.6735300 1.6610506 2.2371466 2.0003496 2.1082610 2.0051829 2.0622524 1.9997790 1.4915683 1.3328996 3.4361132 
Tadh_TriadT18756                                    0.7946629 0.0000000 0.0798849 0.2547980 0.2414639 0.1995594 0.2052087 0.2353510 0.7928056 0.7936962 0.7711426 0.6219222 0.5014952 0.9667916 0.4571979 0.7789191 0.8037798 0.7373746 0.6755553 1.1153655 0.7510326 0.7025275 0.7614773 0.7710769 0.8673696 0.7063937 0.7371885 0.7519926 0.8918257 0.7342216 0.9803245 0.9223906 0.9459567 0.9801858 0.9020899 0.8512488 0.8583662 1.0002387 1.5396933 1.0371465 1.0312755 1.1119409 1.8217289 1.8433295 2.5830550 1.4569610 1.3964130 1.3957715 1.3400138 1.3940576 1.4006846 1.0189146 1.6182841 1.0618899 2.0883728 1.4212156 1.7108557 2.1891751 2.1343101 2.0875424 2.0000967 1.8348906 1.9690555 2.3114469 2.3071428 2.2379157 2.0893030 2.1909314 2.0625626 1.5980769 1.5402516 3.1769025 
TrH2_TrispH2_005249-RA                              0.7123958 0.0798849 0.0000000 0.1689603 0.1716397 0.1318910 0.1303579 0.1457085 0.6941629 0.7152977 0.6884751 0.5363453 0.5014952 0.8613351 0.4571979 0.7307343 0.7108528 0.6687765 0.6236612 0.9804806 0.6811608 0.6411245 0.6989566 0.7074805 0.7842306 0.7308428 0.6760389 0.6768258 0.8119949 0.6996281 0.8903939 0.8549958 0.8625082 0.8963228 0.8225192 0.7428427 0.8262095 0.9263101 1.4028035 1.0124976 0.9648378 1.0552153 1.5414168 1.5706975 2.0559232 1.2966399 1.2569823 1.2322837 1.1914099 1.2798882 1.2515588 0.9480775 1.5179278 1.0618899 2.0351559 1.3628332 1.6058744 2.0173759 1.9911563 1.9313546 1.9271348 1.7835352 1.8321439 2.2761021 2.2288733 2.1673180 2.0408740 2.1151340 2.0925856 1.4827527 1.5147472 3.0387621 
HoiH06_mRNA894                                      0.7938846 0.2547980 0.1689603 0.0000000 0.0939345 0.1350836 0.1038119 0.1387930 0.7964422 0.7846088 0.8039085 0.6434701 0.5072216 0.9596246 0.4327467 0.8313258 0.7959110 0.8014096 0.7336357 1.2237068 0.8001935 0.7606869 0.8159948 0.8385818 0.8510233 0.7314950 0.7717216 0.7797226 0.8760006 0.7380679 0.9707194 0.9717184 0.9482780 0.9562281 0.8999977 0.8502880 0.9360774 1.0231091 1.5526004 1.0795874 1.0191683 1.1261091 1.6789556 1.6246590 2.0297296 1.3702941 1.3868412 1.3751244 1.3372947 1.3477252 1.3386778 0.9473666 1.5858925 1.0321767 2.1116880 1.4561901 1.6056787 2.1594639 2.0662785 1.9771172 1.9351566 1.8961130 1.9772214 2.3616863 2.2523927 2.3578191 2.2653028 2.3398050 2.1515536 1.6694266 1.4541085 3.1052841 
HoiH23_PlH23_007348-RA                              0.7321910 0.2414639 0.1716397 0.0939345 0.0000000 0.1198289 0.1176780 0.1444280 0.7595693 0.7596584 0.7650122 0.5988344 0.5016135 0.8984005 0.4480867 0.7949412 0.7702395 0.7414901 0.6939617 1.0501431 0.7270477 0.7239004 0.7734189 0.7819739 0.8593261 0.7271783 0.7314810 0.7483955 0.8315306 0.7375478 0.9378414 0.9434028 0.9241566 0.9064814 0.8927203 0.8048772 0.8970916 0.9625820 1.4508160 1.0442731 0.9916681 1.0533763 1.6442581 1.5971318 2.1193156 1.4006716 1.4196811 1.3859655 1.2785057 1.3479613 1.3066432 0.9803111 1.5060017 1.0443890 2.0145341 1.3671816 1.4766918 2.0796433 1.9744376 1.9200191 1.8464044 1.8221419 1.8996722 2.2462461 2.0955408 2.1332708 2.0892766 2.1296012 2.1207716 1.5858438 1.4665467 3.1718003 
Hhon_g08155.t1                                      0.7334945 0.1995594 0.1318910 0.1350836 0.1198289 0.0000000 0.0025513 0.1455053 0.7206386 0.7429472 0.7300877 0.6089238 0.4986456 0.8727023 0.4497342 0.7811421 0.7258486 0.7406992 0.6700866 1.0225743 0.7185387 0.6716357 0.7248381 0.7325499 0.8491321 0.7364283 0.7135874 0.7444853 0.8200389 0.7279324 0.8779082 0.8955902 0.8738957 0.8708334 0.8884493 0.7830380 0.8750259 0.9249852 1.4929553 1.0440447 1.0220748 1.0419349 1.4780788 1.4495842 1.8427381 1.3059395 1.3069735 1.2687136 1.2178898 1.2907495 1.2580103 0.9627897 1.5306113 1.0415646 1.9958920 1.3790720 1.5064734 1.9886111 1.8738076 1.9268659 1.8425393 1.7451098 1.8718804 2.2605531 2.1509999 2.1726734 2.0853913 2.1024717 2.1637384 1.5499025 1.5008142 3.0574413 
HoiH04_mRNA2881                                     0.7269136 0.2052087 0.1303579 0.1038119 0.1176780 0.0025513 0.0000000 0.1427034 0.7199303 0.7346026 0.7296129 0.6051403 0.4986456 0.8533532 0.4497342 0.7658174 0.7094305 0.7416094 0.6651616 1.0248937 0.7098348 0.6583530 0.7168215 0.7241365 0.8190464 0.7120964 0.7018880 0.7350782 0.8141218 0.7252222 0.8702245 0.8865614 0.8686785 0.8639646 0.8779765 0.7731883 0.8696884 0.9138907 1.4863081 1.0413197 1.0043384 1.0243143 1.4525029 1.4247379 1.8226558 1.2850034 1.2861972 1.2421427 1.2082151 1.2576599 1.2336864 0.9627897 1.5130359 1.0415646 1.9619057 1.3850481 1.4707168 1.9828483 1.8617151 1.9094148 1.8402439 1.7440766 1.8600926 2.2717579 2.1492367 2.1641409 2.0873530 2.1319966 2.1377165 1.5728409 1.5002190 2.9496040 
HoiH11_mRNA9694                                     0.7277347 0.2353510 0.1457085 0.1387930 0.1444280 0.1455053 0.1427034 0.0000000 0.7645034 0.7429131 0.7392149 0.6504547 0.5117225 0.9335522 0.4545422 0.7588965 0.7477642 0.7863334 0.7221691 1.1243449 0.7624742 0.7191429 0.7628063 0.7912034 0.8783630 0.7479235 0.7566428 0.7796556 0.8707371 0.7557110 0.9552652 0.9447422 0.9312686 0.9348450 0.8931677 0.7779407 0.8167043 0.9836117 1.4168276 1.0940440 1.0235911 1.0570577 1.5764313 1.5027671 2.0005970 1.3478361 1.3104774 1.3045050 1.2663377 1.2478031 1.2062793 0.9126334 1.5355424 1.0475658 1.9353841 1.3213410 1.5851551 1.9715079 1.9488696 1.9268441 1.8793680 1.8017690 1.7516061 2.2272403 2.1350195 2.0957681 2.0689272 2.1100188 2.0945847 1.6444775 1.5499230 2.8595173 
Lcom_lcpid88027                                     0.6363865 0.7928056 0.6941629 0.7964422 0.7595693 0.7206386 0.7199303 0.7645034 0.0000000 0.2225690 0.1567592 0.4581367 0.4687092 0.8161101 0.4379959 0.6948554 0.6950181 0.6527298 0.6009954 0.8704981 0.6497968 0.6032938 0.6316104 0.6232000 0.7415887 0.7051902 0.6819001 0.7117923 0.7500977 0.7419454 0.8687227 0.8223906 0.8625596 0.8449603 0.7803065 0.7227975 0.8510943 0.7291292 1.1253703 0.9535410 1.0144169 0.9923571 1.4741201 1.4835672 1.7744470 1.2971671 1.2532436 1.2638295 1.2380133 1.2873701 1.3348819 1.0930193 1.6285819 1.0920434 1.9247981 1.4111492 1.7177325 1.9608817 1.8944361 1.9976398 1.7913608 1.7130865 2.0164450 2.2446932 2.1587470 2.2678816 2.1212319 2.1192261 2.1927966 1.6678166 1.4478865 3.2536121 
Gracom_Gcom_scaffold1208_01                         0.6273750 0.7936962 0.7152977 0.7846088 0.7596584 0.7429472 0.7346026 0.7429131 0.2225690 0.0000000 0.1188884 0.4434155 0.4376673 0.8502799 0.4286205 0.6620297 0.7069417 0.6496224 0.5948973 0.8858896 0.6478624 0.6101487 0.6605591 0.6534926 0.7120076 0.6667355 0.6725857 0.6755082 0.7614038 0.6822582 0.9122244 0.8470149 0.9063802 0.9073922 0.7587819 0.7324516 0.8113005 0.8156364 1.1972454 0.9069779 1.0975787 0.9662963 1.4639327 1.4592600 1.7028023 1.2835149 1.2685658 1.1832617 1.2623507 1.1698762 1.1864592 1.0971262 1.5743434 1.0576069 1.9008271 1.3766917 1.6349852 1.9059854 1.8552229 1.8453006 1.7413616 1.7447793 2.0203003 2.1952743 2.0591921 2.3326793 2.1618489 2.1605633 2.1517508 1.6263928 1.4409694 3.2931230 
Leuniv_Lniv_C809552_01                              0.6120985 0.7711426 0.6884751 0.8039085 0.7650122 0.7300877 0.7296129 0.7392149 0.1567592 0.1188884 0.0000000 0.4222012 0.4331452 0.8085078 0.4256676 0.6626610 0.6705628 0.6565930 0.6149117 0.8960080 0.6518011 0.6082095 0.6325717 0.6308446 0.7600874 0.7073966 0.6953095 0.6830920 0.7682270 0.6867685 0.9344739 0.8553888 0.8536386 0.8999294 0.7743176 0.7515928 0.7952521 0.7657379 1.1401285 0.9375804 1.0103371 0.9298622 1.4433361 1.4517222 1.6847967 1.2528633 1.2528644 1.1947231 1.1770054 1.2167208 1.2265886 1.0998873 1.6471482 1.0861524 1.9602512 1.4243786 1.6689567 1.9006947 1.8455642 1.9423181 1.7960904 1.7648436 2.0143847 2.3064603 2.1066381 2.3595860 2.1543175 2.1541030 2.3014756 1.6748862 1.5531825 3.3266920 
Clacor_Ccor_scaffold12844_01                        0.5420592 0.6219222 0.5363453 0.6434701 0.5988344 0.6089238 0.6051403 0.6504547 0.4581367 0.4434155 0.4222012 0.0000000 0.3854967 0.7575850 0.3242439 0.5808367 0.6279021 0.5814354 0.5269661 0.7914184 0.5668191 0.5796544 0.5871183 0.5891310 0.6908149 0.5812357 0.6775945 0.6366052 0.6499493 0.6229661 0.7660104 0.7203350 0.7044654 0.6945730 0.7207049 0.6404695 0.7310460 0.6726369 0.9574430 0.7430402 0.9286705 0.9312561 1.2998618 1.3077064 1.6150300 1.2197951 1.1889803 1.0979387 1.1654708 1.1719889 1.1897750 0.9598201 1.4302057 1.0180231 1.9745479 1.3056021 1.5727294 1.8658626 1.7924069 1.9055418 1.8375829 1.6972629 1.8448395 2.2729529 2.2446075 2.2546807 2.1985481 2.2622061 2.0046419 1.4236243 1.3339558 3.2406638 
Ocar_g7630                                          0.5088616 0.5014952 0.5014952 0.5072216 0.5016135 0.4986456 0.4986456 0.5117225 0.4687092 0.4376673 0.4331452 0.3854967 0.0000000 0.0252211 0.3487171 0.4847085 0.5477109 0.4501345 0.4700642 0.7291543 0.4836355 0.4668551 0.4449899 0.4362543 0.4715721 0.5389552 0.4475124 0.4318432 0.5166098 0.5904291 0.6555708 0.6486363 0.6160270 0.5745790 0.5622345 0.5337624 0.5997203 0.5878328 0.6366372 0.6532064 0.6519026 0.6474147 1.0745168 1.0237138 1.3148648 0.9560694 0.9550220 0.9919859 0.9314109 0.8909486 0.8648108 1.0128309 1.1137931 1.0826519 1.5491834 0.9214260 1.0722556 1.6223412 1.6497025 1.3607683 1.4238170 1.3945783 1.3845936 1.5940567 1.4298187 1.6270477 1.6138100 1.5647380 1.6819549 1.1909365 0.7197129 2.3199233 
Opea_EP00118_Oscarella_pearsei_P005879              0.9229158 0.9667916 0.8613351 0.9596246 0.8984005 0.8727023 0.8533532 0.9335522 0.8161101 0.8502799 0.8085078 0.7575850 0.0252211 0.0000000 0.3348617 0.9199314 0.9632098 0.8655796 0.8102716 1.2585353 0.8843472 0.8837319 0.8791773 0.8803767 1.0182224 0.7931237 0.8593973 0.8095883 0.9204660 0.7822359 1.0358067 1.0489473 1.1132913 0.9955074 0.9449207 0.9319185 1.0261914 1.0551388 1.6398196 1.1452985 1.0337021 1.0158639 2.0417809 1.8825570 2.4271462 1.4994705 1.4541948 1.4627223 1.5103573 1.4101241 1.3800985 1.1117225 1.6292906 1.0911324 2.1137246 1.4439802 1.6237561 2.1694615 2.1463077 1.9711707 1.9479411 1.7903953 2.1509044 2.3821809 1.9971915 2.2629741 2.3018730 2.2587898 2.3610119 1.6589992 1.5558058 3.2149569 
Plajan_Pjan_scaffold7088_01                         0.4385223 0.4571979 0.4571979 0.4327467 0.4480867 0.4497342 0.4497342 0.4545422 0.4379959 0.4286205 0.4256676 0.3242439 0.3487171 0.3348617 0.0000000 0.4655180 0.4705724 0.4808974 0.4457147 0.5267814 0.4895973 0.4834678 0.4565614 0.4805734 0.4670406 0.4927779 0.4341803 0.4271145 0.4388498 0.5266753 0.5585140 0.5373163 0.4987889 0.5004393 0.5636173 0.4833473 0.6447291 0.6196590 0.6151409 0.5790418 0.6375439 0.7050517 0.8286671 0.8385185 0.8819901 0.9689924 0.9526512 0.9121124 0.9097325 0.8500696 0.8436257 1.0592195 1.1397764 1.0547066 1.5592433 0.9642511 1.1575149 1.6795572 1.6142933 1.3795286 1.4063713 1.3013597 1.5496984 1.5426919 1.4467944 1.5132804 1.4373868 1.4866858 1.2904033 1.2153781 0.6356888 2.2572773 
Skow_XM_002733723.2                                 0.4381566 0.7789191 0.7307343 0.8313258 0.7949412 0.7811421 0.7658174 0.7588965 0.6948554 0.6620297 0.6626610 0.5808367 0.4847085 0.9199314 0.4655180 0.0000000 0.5743040 0.5815712 0.5753710 0.8669234 0.5629247 0.5380682 0.5364545 0.5523253 0.6900537 0.6378888 0.5825770 0.6572074 0.6192657 0.6283384 0.9215572 0.8560840 0.8797433 0.8907764 0.6986044 0.6476295 0.6410021 0.6339652 1.0701223 0.8947435 1.1240918 0.9883781 1.4626213 1.5511617 1.8512119 1.2216908 1.2400241 1.2538969 1.3079898 1.1759066 1.1543812 1.0034965 1.6152510 1.1218801 1.9417983 1.4116718 1.7442638 1.9160599 1.9493132 1.9933274 1.8796818 1.7489336 1.7965273 2.2925963 1.9812883 2.2014749 2.1929177 2.2335354 2.0078792 1.5711266 1.4787668 3.2054045 
Dpul_mRNA24978                                      0.6049911 0.8037798 0.7108528 0.7959110 0.7702395 0.7258486 0.7094305 0.7477642 0.6950181 0.7069417 0.6705628 0.6279021 0.5477109 0.9632098 0.4705724 0.5743040 0.0000000 0.6701349 0.6468471 0.9314259 0.6634951 0.6415947 0.6706276 0.6792330 0.7955414 0.7361560 0.6538920 0.7042113 0.6430697 0.7043215 0.9160839 0.9095876 0.9030179 0.8436428 0.7044753 0.6293405 0.7029579 0.7658437 1.2507270 1.0018077 1.1036457 1.0346578 1.3397159 1.3415992 1.5333889 1.2962105 1.2653014 1.2886045 1.2832044 1.1650161 1.1490161 1.0009764 1.7233084 1.0854588 2.1391185 1.2640285 1.6464250 1.7858422 1.7700516 1.8237807 1.8032235 1.6910658 1.8183445 2.1599626 2.0142976 2.1359288 2.1250497 2.2137345 2.1458623 1.6525170 1.5150681 3.5050339 
Exapal_XM_021038946.2                               0.5971329 0.7373746 0.6687765 0.8014096 0.7414901 0.7406992 0.7416094 0.7863334 0.6527298 0.6496224 0.6565930 0.5814354 0.4501345 0.8655796 0.4808974 0.5815712 0.6701349 0.0000000 0.2781254 0.6169034 0.3683411 0.3486725 0.3916637 0.3863391 0.4606497 0.5265125 0.5701169 0.5413831 0.7621140 0.7071189 0.8140528 0.7186614 0.7893171 0.7953771 0.7638946 0.6959802 0.7204304 0.7545363 1.1645012 0.8904078 1.0182136 1.0138041 1.6322263 1.5614916 2.0370515 1.3404666 1.3392419 1.3490496 1.2726036 1.1940215 1.2163741 0.9938317 1.5150728 0.9872183 2.1454582 1.3748762 1.5759076 1.8711768 1.9061559 1.7347940 1.7468056 1.6589658 2.0116035 2.2181323 2.0966869 2.0599449 1.9671124 2.0957824 2.0815426 1.5068135 1.5388718 3.5169737 
Nvec_v1g171246                                      0.5843291 0.6755553 0.6236612 0.7336357 0.6939617 0.6700866 0.6651616 0.7221691 0.6009954 0.5948973 0.6149117 0.5269661 0.4700642 0.8102716 0.4457147 0.5753710 0.6468471 0.2781254 0.0000000 0.5052174 0.3071045 0.2986756 0.3215469 0.3171436 0.4256896 0.5477045 0.5266343 0.4994677 0.7366957 0.7257220 0.7151191 0.6286405 0.7271994 0.7481263 0.6848914 0.6487315 0.7454027 0.7615996 1.1754557 0.8860171 0.9929578 0.9778780 1.5462603 1.5417852 1.9380018 1.3470292 1.2856742 1.3424711 1.2226525 1.1618290 1.2296757 0.9145908 1.4494639 1.0293846 2.1258296 1.2720462 1.5610884 1.8271900 1.8094802 1.8798213 1.7257469 1.6482976 2.0420541 2.1448385 2.0891619 2.0281830 2.1286101 2.1760565 2.0548577 1.4691893 1.4053170 3.1071420 
Amil_Amillepora24863-RA                             0.8120241 1.1153655 0.9804806 1.2237068 1.0501431 1.0225743 1.0248937 1.1243449 0.8704981 0.8858896 0.8960080 0.7914184 0.7291543 1.2585353 0.5267814 0.8669234 0.9314259 0.6169034 0.5052174 0.0000000 0.2381854 0.3165957 0.3833665 0.3488453 0.5493980 0.2777850 0.7913202 0.7727213 0.9979351 1.0709019 1.0441010 0.9799475 1.0819057 1.1494075 0.9753694 1.1103413 1.0789815 1.0882364 1.7998427 1.2285726 1.4957316 1.3206520 2.4025967 2.4928742 3.5807002 2.0143611 1.8413150 1.9873832 1.8183331 1.7100698 1.8515172 1.4875122 2.0565083 1.0803556 2.3671661 1.6770965 2.2538979 2.1727164 2.1524942 2.0576921 2.1527784 2.0570242 2.6480104 2.7713882 2.7118143 2.4135846 2.6023924 2.6061978 2.7260988 2.1013153 2.4201880 3.3133860 
Gfas_gfas1.m1.1846.m1                               0.5860390 0.7510326 0.6811608 0.8001935 0.7270477 0.7185387 0.7098348 0.7624742 0.6497968 0.6478624 0.6518011 0.5668191 0.4836355 0.8843472 0.4895973 0.5629247 0.6634951 0.3683411 0.3071045 0.2381854 0.0000000 0.1658444 0.2034031 0.1738373 0.2541517 0.3254021 0.4860609 0.4936424 0.7424187 0.6517814 0.7677076 0.7151262 0.8221281 0.7855118 0.7387723 0.6888396 0.7476081 0.7711276 1.2208606 0.9603635 1.0654000 0.9851360 1.5553396 1.6074083 1.9365092 1.3496701 1.2954341 1.3448820 1.2472108 1.2085304 1.2708168 1.0245852 1.4359980 0.9975777 1.9905887 1.2776592 1.6568108 1.8659207 1.8705647 1.8297153 1.7865413 1.6821574 2.0055455 2.0423129 1.9991211 1.9291425 1.9326075 2.0441622 1.9807849 1.5231540 1.4244069 3.4355985 
Fspp_ffun1.m4.2060.m1                               0.5652686 0.7025275 0.6411245 0.7606869 0.7239004 0.6716357 0.6583530 0.7191429 0.6032938 0.6101487 0.6082095 0.5796544 0.4668551 0.8837319 0.4834678 0.5380682 0.6415947 0.3486725 0.2986756 0.3165957 0.1658444 0.0000000 0.1419067 0.1395928 0.2018493 0.3480998 0.4719555 0.4792713 0.7122926 0.6883577 0.7153397 0.6615154 0.7455016 0.7383895 0.7641919 0.6203746 0.7262279 0.7009980 1.1520268 0.9013342 1.0835927 0.9871198 1.4507886 1.4437759 1.7269562 1.2779241 1.2461952 1.3036858 1.1602476 1.1120928 1.1208701 0.9524058 1.4062586 0.9167372 1.9486500 1.3105605 1.6089686 1.7376403 1.7759422 1.7497360 1.7416674 1.6564801 1.9559223 2.0765575 1.9343151 1.8764177 1.8749979 1.9924416 1.9854475 1.5293198 1.4113192 3.5113460 
Spis_XP_022785865_1                                 0.5949167 0.7614773 0.6989566 0.8159948 0.7734189 0.7248381 0.7168215 0.7628063 0.6316104 0.6605591 0.6325717 0.5871183 0.4449899 0.8791773 0.4565614 0.5364545 0.6706276 0.3916637 0.3215469 0.3833665 0.2034031 0.1419067 0.0000000 0.0474522 0.2704011 0.3820986 0.4718888 0.5034423 0.7138084 0.7006386 0.7743442 0.6932473 0.7883216 0.8204735 0.7792903 0.6614375 0.7268970 0.7355366 1.1177180 0.9220850 1.0680149 0.9663604 1.4615422 1.4897250 1.7932451 1.3032012 1.2610517 1.3586214 1.2313701 1.1772253 1.2506240 1.0569596 1.4568876 0.9545967 1.9756684 1.3507501 1.6753612 1.8405965 1.8908208 1.7298377 1.7038064 1.6646411 2.0191701 2.0463064 1.9724597 2.0074359 2.0010548 2.0307769 1.9822890 1.5519769 1.4900121 3.4099697 
Pocdam_XM_027180849.1                               0.5972811 0.7710769 0.7074805 0.8385818 0.7819739 0.7325499 0.7241365 0.7912034 0.6232000 0.6534926 0.6308446 0.5891310 0.4362543 0.8803767 0.4805734 0.5523253 0.6792330 0.3863391 0.3171436 0.3488453 0.1738373 0.1395928 0.0474522 0.0000000 0.2724656 0.3579425 0.4805794 0.5193368 0.7090014 0.6899337 0.7843217 0.7051399 0.8083242 0.8144229 0.7613160 0.6789630 0.7317294 0.7213108 1.1629627 0.9421661 1.0560723 0.9499173 1.4582188 1.5206222 1.8439311 1.3075725 1.2661603 1.3832720 1.2299809 1.1573647 1.2390372 1.0369315 1.4777179 0.9606935 1.9502713 1.2945397 1.6954402 1.7972796 1.8692104 1.7315670 1.6949061 1.6562527 2.0174077 2.0442377 1.9711944 1.9986818 2.0094481 2.0697546 1.9848883 1.5508531 1.5198032 3.4957865 
Gasp_gasp1.m3.13688.m1                              0.7220414 0.8673696 0.7842306 0.8510233 0.8593261 0.8491321 0.8190464 0.8783630 0.7415887 0.7120076 0.7600874 0.6908149 0.4715721 1.0182224 0.4670406 0.6900537 0.7955414 0.4606497 0.4256896 0.5493980 0.2541517 0.2018493 0.2704011 0.2724656 0.0000000 0.3519017 0.5867524 0.6016961 0.8668137 0.7055318 0.9157811 0.8173901 0.9521901 0.8901222 0.9405500 0.8072227 0.9296273 0.9099597 1.4931096 1.1232797 1.1935739 1.1237252 1.5769218 1.5530691 1.8504667 1.3829136 1.3684059 1.3793853 1.2870874 1.2259643 1.3067232 0.9664993 1.5812196 0.9700127 2.0334924 1.4556954 1.8155243 1.9505378 1.9366003 1.9245749 1.8945550 1.8758341 2.0343709 2.2204029 2.1015465 2.1549599 2.1349596 2.2006720 2.0885043 1.8522259 1.3371933 3.4770770 
Adig_XM_015892337.1                                 0.7575833 0.7063937 0.7308428 0.7314950 0.7271783 0.7364283 0.7120964 0.7479235 0.7051902 0.6667355 0.7073966 0.5812357 0.5389552 0.7931237 0.4927779 0.6378888 0.7361560 0.5265125 0.5477045 0.2777850 0.3254021 0.3480998 0.3820986 0.3579425 0.3519017 0.0000000 0.6022930 0.5523970 0.7537690 0.6088947 0.7567699 0.7681317 0.8024608 0.7347649 0.8597359 0.7531772 0.7251622 0.8504965 1.8307032 0.9080639 1.1174887 0.9573330 2.0343158 1.9224050 8.6248632 1.4079737 1.4180603 1.3568243 1.3163803 1.1965025 1.2655342 1.0541895 1.4417732 1.1260981 1.8123759 1.2974109 1.7172981 1.7332321 1.7103402 1.6268980 1.6188717 1.4757570 1.7769275 2.0689806 1.9787661 1.7892268 1.8743259 1.9051620 1.7241049 2.0067364 1.4699034 3.3394802 
Dgig_XM_028540789.1                                 0.6412171 0.7371885 0.6760389 0.7717216 0.7314810 0.7135874 0.7018880 0.7566428 0.6819001 0.6725857 0.6953095 0.6775945 0.4475124 0.8593973 0.4341803 0.5825770 0.6538920 0.5701169 0.5266343 0.7913202 0.4860609 0.4719555 0.4718888 0.4805794 0.5867524 0.6022930 0.0000000 0.2508437 0.7439938 0.6992223 0.8364343 0.7779355 0.8490463 0.8541898 0.7860559 0.7036596 0.7307810 0.8434034 1.0739591 0.9275455 1.0036383 1.0056225 1.5485667 1.5599814 2.0163977 1.3022967 1.2807073 1.2837746 1.2630602 1.1684744 1.1408968 0.8577496 1.4551293 1.0273641 1.8949495 1.2908541 1.5872377 1.9435621 1.9621759 1.8260197 1.7560423 1.6622347 1.9876613 2.0999947 1.9016809 1.9452649 2.0578361 1.9463098 1.9079390 1.5216337 1.3856241 3.2099034 
Xesp_004828-T1                                      0.6646226 0.7519926 0.6768258 0.7797226 0.7483955 0.7444853 0.7350782 0.7796556 0.7117923 0.6755082 0.6830920 0.6366052 0.4318432 0.8095883 0.4271145 0.6572074 0.7042113 0.5413831 0.4994677 0.7727213 0.4936424 0.4792713 0.5034423 0.5193368 0.6016961 0.5523970 0.2508437 0.0000000 0.7550943 0.7045820 0.7946492 0.7768703 0.8253497 0.8096706 0.7814175 0.7524514 0.8289092 0.8108594 1.0485270 0.9098333 0.9385959 0.9986623 1.6376531 1.6891721 2.2696089 1.3146674 1.3353542 1.3866492 1.3340974 1.2345160 1.1701193 0.8837092 1.5277175 1.0408031 1.9555577 1.3329363 1.6284470 1.9261056 1.8802253 1.8022234 1.7098447 1.7025002 2.0683474 2.0950784 1.9118774 2.0206830 2.0343652 1.9642293 2.0548267 1.5378652 1.3917185 3.2135000 
Ctel_gnl_WGS_AMQN_CAPTEDRAFT_mRNA164867             0.5934002 0.8918257 0.8119949 0.8760006 0.8315306 0.8200389 0.8141218 0.8707371 0.7500977 0.7614038 0.7682270 0.6499493 0.5166098 0.9204660 0.4388498 0.6192657 0.6430697 0.7621140 0.7366957 0.9979351 0.7424187 0.7122926 0.7138084 0.7090014 0.8668137 0.7537690 0.7439938 0.7550943 0.0000000 0.6560920 0.9010890 0.8731301 0.8326418 0.7802933 0.6382292 0.5943684 0.7668479 0.7623785 1.3154613 0.9666623 1.1223169 0.9794586 1.5527721 1.5104407 1.7667652 1.3979248 1.3106495 1.3596629 1.3430127 1.2193953 1.2140181 1.1147107 1.6852454 1.0782038 1.9822156 1.2788917 1.6043931 1.8195924 1.8491449 1.7557645 1.6406626 1.6805360 1.8220755 2.0947673 1.9641432 2.0923446 1.9485104 2.0202800 2.0548014 1.6286351 1.6496826 3.2129568 
Stycar_maker-SC_scaffold4355-snap-gene-0.247-mRNA-1 0.7319016 0.7342216 0.6996281 0.7380679 0.7375478 0.7279324 0.7252222 0.7557110 0.7419454 0.6822582 0.6867685 0.6229661 0.5904291 0.7822359 0.5266753 0.6283384 0.7043215 0.7071189 0.7257220 1.0709019 0.6517814 0.6883577 0.7006386 0.6899337 0.7055318 0.6088947 0.6992223 0.7045820 0.6560920 0.0000000 0.7551097 0.7085333 0.7517578 0.6765907 0.7753735 0.7849340 0.7974163 0.9561123 1.0022644 0.7564907 0.7531427 0.6843140 1.2013203 1.1845498 1.4183670 0.9572404 0.9827799 1.0216990 0.9806842 0.9199961 0.9418752 0.9590068 1.5553376 1.1573023 1.7861082 1.2767529 1.5515673 1.8499187 1.8075663 1.7143243 1.6254470 1.6116833 1.7011591 1.7172413 1.6034742 1.6944169 1.6845261 1.6111870 1.6909653 1.3766587 0.8388961 2.5083526 
Nemnom_g15256.t1                                    0.9303339 0.9803245 0.8903939 0.9707194 0.9378414 0.8779082 0.8702245 0.9552652 0.8687227 0.9122244 0.9344739 0.7660104 0.6555708 1.0358067 0.5585140 0.9215572 0.9160839 0.8140528 0.7151191 1.0441010 0.7677076 0.7153397 0.7743442 0.7843217 0.9157811 0.7567699 0.8364343 0.7946492 0.9010890 0.7551097 0.0000000 0.1197463 0.3108868 0.5682134 0.9357212 0.9347485 0.9346533 1.0640575 0.9553235 0.6772594 1.1630549 1.0632087 1.5230032 1.5385544 2.1956115 1.4253495 1.3322981 1.4293986 1.3719584 1.3558296 1.4164271 1.0743111 1.6442843 1.0137868 2.2515363 1.4739723 1.8735917 1.9312904 2.0123483 1.9567165 1.8044428 1.8204787 1.9835130 2.1735688 1.8730407 2.3577977 2.2160760 2.2125011 2.2391547 1.7339087 1.5860152 3.5648973 
Rhoesc_Res_006196-T1                                0.8884124 0.9223906 0.8549958 0.9717184 0.9434028 0.8955902 0.8865614 0.9447422 0.8223906 0.8470149 0.8553888 0.7203350 0.6486363 1.0489473 0.5373163 0.8560840 0.9095876 0.7186614 0.6286405 0.9799475 0.7151262 0.6615154 0.6932473 0.7051399 0.8173901 0.7681317 0.7779355 0.7768703 0.8731301 0.7085333 0.1197463 0.0000000 0.2413698 0.5238869 0.9140188 0.9318200 0.9089357 1.0442904 0.9322418 0.6314294 1.1252385 1.0538588 1.5586044 1.5191980 2.1223610 1.4108080 1.3295363 1.4199405 1.3696372 1.2771423 1.3691847 1.0147458 1.6539379 1.0849145 2.2825213 1.4547549 1.8932493 2.0030773 2.0550148 1.9868216 1.8105995 1.8829954 1.9668193 2.2062400 1.9405188 2.3487816 2.3310699 2.2853787 2.2564718 1.7206103 1.5537094 3.6162118 
Sanmal_Sma_018933-T1                                0.8705685 0.9459567 0.8625082 0.9482780 0.9241566 0.8738957 0.8686785 0.9312686 0.8625596 0.9063802 0.8536386 0.7044654 0.6160270 1.1132913 0.4987889 0.8797433 0.9030179 0.7893171 0.7271994 1.0819057 0.8221281 0.7455016 0.7883216 0.8083242 0.9521901 0.8024608 0.8490463 0.8253497 0.8326418 0.7517578 0.3108868 0.2413698 0.0000000 0.4990457 0.9161948 0.9149614 0.9245407 1.0489630 0.9535800 0.6059967 1.1213849 1.0594141 1.5135566 1.4762465 1.9418601 1.3804932 1.2994392 1.3841388 1.2884747 1.3200744 1.3343289 0.9752592 1.6397334 1.0533989 2.3652640 1.4614874 1.8911559 2.0080120 2.0092640 1.9550149 1.7679135 1.8355481 2.0478080 2.2386086 2.0237524 2.3111353 2.2303795 2.2446706 2.2848947 1.8064792 1.6148813 3.6195832 
Morvir_scaffold54.g43.t1                            0.7892076 0.9801858 0.8963228 0.9562281 0.9064814 0.8708334 0.8639646 0.9348450 0.8449603 0.9073922 0.8999294 0.6945730 0.5745790 0.9955074 0.5004393 0.8907764 0.8436428 0.7953771 0.7481263 1.1494075 0.7855118 0.7383895 0.8204735 0.8144229 0.8901222 0.7347649 0.8541898 0.8096706 0.7802933 0.6765907 0.5682134 0.5238869 0.4990457 0.0000000 1.0043385 0.9415304 0.9803442 1.0774192 1.0950790 0.6871529 1.1896966 1.0982936 1.5798856 1.4833048 1.9254804 1.4120794 1.3404893 1.3900412 1.4217132 1.3663290 1.3447206 1.0354189 1.7835391 1.0727009 2.2655590 1.5376621 1.7735253 2.0761582 2.0668667 1.9447892 1.8897566 1.7923699 1.8825319 2.3081674 2.0782259 2.2462326 2.2626234 2.1900727 2.2980769 1.6623121 1.3577197 3.6205982 
Cgig_XM_034480791.1                                 0.7242931 0.9020899 0.8225192 0.8999977 0.8927203 0.8884493 0.8779765 0.8931677 0.7803065 0.7587819 0.7743176 0.7207049 0.5622345 0.9449207 0.5636173 0.6986044 0.7044753 0.7638946 0.6848914 0.9753694 0.7387723 0.7641919 0.7792903 0.7613160 0.9405500 0.8597359 0.7860559 0.7814175 0.6382292 0.7753735 0.9357212 0.9140188 0.9161948 1.0043385 0.0000000 0.4636273 0.8106307 0.9193780 1.5004856 1.0993872 1.0722586 1.0581732 1.7344257 1.7166981 2.1390736 1.5248223 1.4036217 1.4082361 1.4660395 1.3839013 1.3836423 1.2552948 1.7335262 1.1093818 2.2029899 1.4036524 1.8038191 1.8498014 1.9424424 1.8361405 1.8273781 1.7012174 2.0898219 2.1865178 2.0168675 2.2945542 2.1209489 2.1137237 2.1633049 1.7051788 1.6714736 3.3212410 
Acagra_model.g14463.t1                              0.6381356 0.8512488 0.7428427 0.8502880 0.8048772 0.7830380 0.7731883 0.7779407 0.7227975 0.7324516 0.7515928 0.6404695 0.5337624 0.9319185 0.4833473 0.6476295 0.6293405 0.6959802 0.6487315 1.1103413 0.6888396 0.6203746 0.6614375 0.6789630 0.8072227 0.7531772 0.7036596 0.7524514 0.5943684 0.7849340 0.9347485 0.9318200 0.9149614 0.9415304 0.4636273 0.0000000 0.7736876 0.7190812 1.2390253 1.0749849 1.1169706 1.0632500 1.4136445 1.4031824 1.6743431 1.3906747 1.3294578 1.4079706 1.3427353 1.2868693 1.2796862 1.0756693 1.5789903 1.2271366 2.2442709 1.3281967 1.5806166 1.8219877 1.7680080 1.6862649 1.8555132 1.6405079 1.9189266 2.4002403 2.2192915 2.3160397 2.2590701 2.3124575 2.2761665 1.3800467 1.4406053 3.6646407 
Cscu_XM_023357212.1                                 0.6994211 0.8583662 0.8262095 0.9360774 0.8970916 0.8750259 0.8696884 0.8167043 0.8510943 0.8113005 0.7952521 0.7310460 0.5997203 1.0261914 0.6447291 0.6410021 0.7029579 0.7204304 0.7454027 1.0789815 0.7476081 0.7262279 0.7268970 0.7317294 0.9296273 0.7251622 0.7307810 0.8289092 0.7668479 0.7974163 0.9346533 0.9089357 0.9245407 0.9803442 0.8106307 0.7736876 0.0000000 0.8682372 1.2772570 1.0331702 1.1131697 1.0944875 1.6687828 1.6543838 2.0454224 1.4856657 1.3819732 1.4587330 1.3171111 1.2354607 1.2140987 1.0761652 1.6653006 1.0490271 1.9589017 1.3356965 1.7934163 1.9079278 1.9353704 2.0257575 1.8310359 1.8351347 1.8122049 1.9754692 1.8979606 2.1320962 2.0592948 2.2211347 2.0750455 1.8014567 1.8021964 3.3122928 
Spur_XM_030980353.1                                 0.6945124 1.0002387 0.9263101 1.0231091 0.9625820 0.9249852 0.9138907 0.9836117 0.7291292 0.8156364 0.7657379 0.6726369 0.5878328 1.0551388 0.6196590 0.6339652 0.7658437 0.7545363 0.7615996 1.0882364 0.7711276 0.7009980 0.7355366 0.7213108 0.9099597 0.8504965 0.8434034 0.8108594 0.7623785 0.9561123 1.0640575 1.0442904 1.0489630 1.0774192 0.9193780 0.7190812 0.8682372 0.0000000 1.3391812 1.1855654 1.2073619 1.1901860 1.4839186 1.4387581 1.6921768 1.4587051 1.3731639 1.4256241 1.4800295 1.3351562 1.3186880 1.0623142 1.8954749 1.2503223 2.4040792 1.4747021 1.8142443 2.0806473 2.0716694 2.0867928 1.9731258 1.9741040 2.1707616 2.5303124 2.3927730 2.1558297 2.2842500 2.4222265 2.3696859 1.5573613 1.4149883 3.9538045 
Hvul_g8001_1                                        1.2090525 1.5396933 1.4028035 1.5526004 1.4508160 1.4929553 1.4863081 1.4168276 1.1253703 1.1972454 1.1401285 0.9574430 0.6366372 1.6398196 0.6151409 1.0701223 1.2507270 1.1645012 1.1754557 1.7998427 1.2208606 1.1520268 1.1177180 1.1629627 1.4931096 1.8307032 1.0739591 1.0485270 1.3154613 1.0022644 0.9553235 0.9322418 0.9535800 1.0950790 1.5004856 1.2390253 1.2772570 1.3391812 0.0000000 0.4519402 1.5122661 1.4216133 1.6113317 1.6839946 2.3647375 1.8602915 1.6674410 1.8221750 1.8404918 1.6843102 1.6331506 0.6114835 2.4862022 1.0717602 2.8127214 1.8779539 2.5875317 3.0116716 2.9727043 3.0873035 2.7410538 2.9643406 2.4121657 2.5974163 1.9934501 2.8727963 2.7650523 2.8114243 2.7177506 1.6215253 1.6562371 5.2389172 
Chem_TCONS_00025990                                 0.9645691 1.0371465 1.0124976 1.0795874 1.0442731 1.0440447 1.0413197 1.0940440 0.9535410 0.9069779 0.9375804 0.7430402 0.6532064 1.1452985 0.5790418 0.8947435 1.0018077 0.8904078 0.8860171 1.2285726 0.9603635 0.9013342 0.9220850 0.9421661 1.1232797 0.9080639 0.9275455 0.9098333 0.9666623 0.7564907 0.6772594 0.6314294 0.6059967 0.6871529 1.0993872 1.0749849 1.0331702 1.1855654 0.4519402 0.0000000 1.1995183 1.0304523 1.8047143 1.7328374 2.3678079 1.5263817 1.4654848 1.4220807 1.5413541 1.4462652 1.4275575 1.1142863 1.8067271 1.1897812 2.4583269 1.6451820 2.0124852 2.4076611 2.3751149 2.2114301 2.0923488 2.2393256 1.9660993 2.3962770 1.9697664 2.4483239 2.2301248 2.3721132 2.2842679 1.6988120 1.5199567 3.7357866 
Aque_Aqu2.1.23235_001                               1.0920088 1.0312755 0.9648378 1.0191683 0.9916681 1.0220748 1.0043384 1.0235911 1.0144169 1.0975787 1.0103371 0.9286705 0.6519026 1.0337021 0.6375439 1.1240918 1.1036457 1.0182136 0.9929578 1.4957316 1.0654000 1.0835927 1.0680149 1.0560723 1.1935739 1.1174887 1.0036383 0.9385959 1.1223169 0.7531427 1.1630549 1.1252385 1.1213849 1.1896966 1.0722586 1.1169706 1.1131697 1.2073619 1.5122661 1.1995183 0.0000000 0.4303826 2.2252011 2.2193703 3.0508810 1.5066114 1.6409175 1.6796107 1.4777487 1.4826887 1.4464651 1.0860873 1.6298241 1.2633629 2.1370251 1.5318109 1.7459269 2.0621128 2.0307043 2.0394009 1.8142734 1.6990342 2.0728880 2.3310720 2.1240676 2.3507760 2.1651439 2.1577654 2.2048570 1.5257167 1.5117050 3.3682861 
Halamb_c47938_g1_i1m.23245                          0.9898003 1.1119409 1.0552153 1.1261091 1.0533763 1.0419349 1.0243143 1.0570577 0.9923571 0.9662963 0.9298622 0.9312561 0.6474147 1.0158639 0.7050517 0.9883781 1.0346578 1.0138041 0.9778780 1.3206520 0.9851360 0.9871198 0.9663604 0.9499173 1.1237252 0.9573330 1.0056225 0.9986623 0.9794586 0.6843140 1.0632087 1.0538588 1.0594141 1.0982936 1.0581732 1.0632500 1.0944875 1.1901860 1.4216133 1.0304523 0.4303826 0.0000000 1.9025542 1.8607889 2.3871459 1.4136460 1.4735661 1.5515140 1.4440958 1.3834531 1.4729334 1.0733454 1.5831640 1.2580856 2.1240418 1.6452487 1.9467745 1.9933368 2.0001219 1.9645997 1.7161119 1.6981129 1.9635723 2.2627952 2.0677897 2.2580129 2.1209711 2.0233116 2.5515755 1.5279112 1.4524388 3.2013750 
Mlei_ML2297.g6.i1                                   1.5336085 1.8217289 1.5414168 1.6789556 1.6442581 1.4780788 1.4525029 1.5764313 1.4741201 1.4639327 1.4433361 1.2998618 1.0745168 2.0417809 0.8286671 1.4626213 1.3397159 1.6322263 1.5462603 2.4025967 1.5553396 1.4507886 1.4615422 1.4582188 1.5769218 2.0343158 1.5485667 1.6376531 1.5527721 1.2013203 1.5230032 1.5586044 1.5135566 1.5798856 1.7344257 1.4136445 1.6687828 1.4839186 1.6113317 1.8047143 2.2252011 1.9025542 0.0000000 0.1435349 0.1804743 0.4704740 0.3662342 0.3519913 0.5631999 0.6145255 0.5700037 0.4939036 2.4757057 1.1969934 2.9126557 2.4239759 2.3806599 2.7402854 2.7051973 3.0385675 2.9666367 2.4847156 3.0972121 3.5120589 3.1371526 3.2088792 3.0874413 3.0900771 3.0851420 2.0851176 1.9108480 5.4467568 
Bolinf_Binf_sb1274317                               1.5378448 1.8433295 1.5706975 1.6246590 1.5971318 1.4495842 1.4247379 1.5027671 1.4835672 1.4592600 1.4517222 1.3077064 1.0237138 1.8825570 0.8385185 1.5511617 1.3415992 1.5614916 1.5417852 2.4928742 1.6074083 1.4437759 1.4897250 1.5206222 1.5530691 1.9224050 1.5599814 1.6891721 1.5104407 1.1845498 1.5385544 1.5191980 1.4762465 1.4833048 1.7166981 1.4031824 1.6543838 1.4387581 1.6839946 1.7328374 2.2193703 1.8607889 0.1435349 0.0000000 0.0000010 0.4426898 0.3649495 0.3798623 0.5394512 0.6358328 0.5770504 0.4940993 2.4147286 1.1460557 2.7465280 2.2191256 2.3230719 2.5524284 2.5177400 2.9105936 2.6586336 2.4966736 2.7802575 3.2156665 2.8372702 3.0205553 2.9729505 3.2123784 3.2640929 2.0748277 1.8750356 5.4426898 
Mertsp_Mesp_sb562181                                1.8344266 2.5830550 2.0559232 2.0297296 2.1193156 1.8427381 1.8226558 2.0005970 1.7744470 1.7028023 1.6847967 1.6150300 1.3148648 2.4271462 0.8819901 1.8512119 1.5333889 2.0370515 1.9380018 3.5807002 1.9365092 1.7269562 1.7932451 1.8439311 1.8504667 8.6248632 2.0163977 2.2696089 1.7667652 1.4183670 2.1956115 2.1223610 1.9418601 1.9254804 2.1390736 1.6743431 2.0454224 1.6921768 2.3647375 2.3678079 3.0508810 2.3871459 0.1804743 0.0000010 0.0000000 0.5099869 0.4391228 0.4731196 0.6436737 0.7579577 0.6798008 1.7386214 3.1515392 1.1814009 3.6119964 2.8357128 2.8695634 2.9799693 2.8562561 3.8064215 3.3036837 3.1722037 3.9863353 4.5032020 3.8752846 4.2838230 4.0325294 4.3505896 4.5969497 2.8859806 2.4295169 5.3742116 
Horcal_Hcv1.av93.c13.g262.i1                        1.2718827 1.4569610 1.2966399 1.3702941 1.4006716 1.3059395 1.2850034 1.3478361 1.2971671 1.2835149 1.2528633 1.2197951 0.9560694 1.4994705 0.9689924 1.2216908 1.2962105 1.3404666 1.3470292 2.0143611 1.3496701 1.2779241 1.3032012 1.3075725 1.3829136 1.4079737 1.3022967 1.3146674 1.3979248 0.9572404 1.4253495 1.4108080 1.3804932 1.4120794 1.5248223 1.3906747 1.4856657 1.4587051 1.8602915 1.5263817 1.5066114 1.4136460 0.4704740 0.4426898 0.5099869 0.0000000 0.3551617 0.3967496 0.4620638 0.5277803 0.5565973 0.7706347 1.9853978 1.3959593 2.6242621 1.7216590 2.0639477 2.3370666 2.4257731 2.3462349 2.2587905 2.0035883 2.4595668 2.4911348 2.2725957 2.4349785 2.4968394 2.4550351 2.4896656 1.9390117 1.9394564 2.1062217 
Drygla_Dgla_sb291723                                1.2857355 1.3964130 1.2569823 1.3868412 1.4196811 1.3069735 1.2861972 1.3104774 1.2532436 1.2685658 1.2528644 1.1889803 0.9550220 1.4541948 0.9526512 1.2400241 1.2653014 1.3392419 1.2856742 1.8413150 1.2954341 1.2461952 1.2610517 1.2661603 1.3684059 1.4180603 1.2807073 1.3353542 1.3106495 0.9827799 1.3322981 1.3295363 1.2994392 1.3404893 1.4036217 1.3294578 1.3819732 1.3731639 1.6674410 1.4654848 1.6409175 1.4735661 0.3662342 0.3649495 0.4391228 0.3551617 0.0000000 0.2882463 0.4361806 0.4698131 0.4843817 0.7553559 2.0090117 1.3559916 2.4953790 1.8314111 2.0649689 2.4550437 2.4344223 2.4257637 2.3692429 2.0734793 2.3832043 2.4380154 2.3073017 2.4083212 2.4662195 2.3289677 2.5003050 1.8891077 1.7910250 2.4205201 
Beraby_Baby_sb343634                                1.3446828 1.3957715 1.2322837 1.3751244 1.3859655 1.2687136 1.2421427 1.3045050 1.2638295 1.1832617 1.1947231 1.0979387 0.9919859 1.4627223 0.9121124 1.2538969 1.2886045 1.3490496 1.3424711 1.9873832 1.3448820 1.3036858 1.3586214 1.3832720 1.3793853 1.3568243 1.2837746 1.3866492 1.3596629 1.0216990 1.4293986 1.4199405 1.3841388 1.3900412 1.4082361 1.4079706 1.4587330 1.4256241 1.8221750 1.4220807 1.6796107 1.5515140 0.3519913 0.3798623 0.4731196 0.3967496 0.2882463 0.0000000 0.5120515 0.4844854 0.4913699 0.7762559 2.0726465 1.3061516 2.5083322 1.8686476 1.9964110 2.3130228 2.3076566 2.3022624 2.2671432 2.0377332 2.4973898 2.6639725 2.4802036 2.4956355 2.4818594 2.4844401 2.4623862 2.2442468 2.0912289 2.5883785 
Lampan_Lpan_11596_01                                1.3131880 1.3400138 1.1914099 1.3372947 1.2785057 1.2178898 1.2082151 1.2663377 1.2380133 1.2623507 1.1770054 1.1654708 0.9314109 1.5103573 0.9097325 1.3079898 1.2832044 1.2726036 1.2226525 1.8183331 1.2472108 1.1602476 1.2313701 1.2299809 1.2870874 1.3163803 1.2630602 1.3340974 1.3430127 0.9806842 1.3719584 1.3696372 1.2884747 1.4217132 1.4660395 1.3427353 1.3171111 1.4800295 1.8404918 1.5413541 1.4777487 1.4440958 0.5631999 0.5394512 0.6436737 0.4620638 0.4361806 0.5120515 0.0000000 0.5236914 0.5133154 0.5897354 1.8876899 1.2849266 2.4181246 1.7262473 2.1314875 2.3749993 2.3908255 2.3345501 2.2568236 2.0163669 2.2403808 2.3897759 2.1266651 2.4238285 2.3862762 2.5002889 2.3092464 1.8701565 1.9533145 2.6446113 
Vmul_SimC401674                                     1.2075662 1.3940576 1.2798882 1.3477252 1.3479613 1.2907495 1.2576599 1.2478031 1.2873701 1.1698762 1.2167208 1.1719889 0.8909486 1.4101241 0.8500696 1.1759066 1.1650161 1.1940215 1.1618290 1.7100698 1.2085304 1.1120928 1.1772253 1.1573647 1.2259643 1.1965025 1.1684744 1.2345160 1.2193953 0.9199961 1.3558296 1.2771423 1.3200744 1.3663290 1.3839013 1.2868693 1.2354607 1.3351562 1.6843102 1.4462652 1.4826887 1.3834531 0.6145255 0.6358328 0.7579577 0.5277803 0.4698131 0.4844854 0.5236914 0.0000000 0.2642973 0.5978829 1.9358650 1.2803835 2.3988240 1.8188025 1.9309187 2.4048372 2.2281824 2.3205605 2.3157292 2.0478527 2.3674870 2.4763197 2.2089685 2.3586623 2.3409248 2.3395528 2.4047466 1.8696560 1.6454927 2.7024734 
Coemet_Cmet_C603528_01                              1.1376792 1.4006846 1.2515588 1.3386778 1.3066432 1.2580103 1.2336864 1.2062793 1.3348819 1.1864592 1.2265886 1.1897750 0.8648108 1.3800985 0.8436257 1.1543812 1.1490161 1.2163741 1.2296757 1.8515172 1.2708168 1.1208701 1.2506240 1.2390372 1.3067232 1.2655342 1.1408968 1.1701193 1.2140181 0.9418752 1.4164271 1.3691847 1.3343289 1.3447206 1.3836423 1.2796862 1.2140987 1.3186880 1.6331506 1.4275575 1.4464651 1.4729334 0.5700037 0.5770504 0.6798008 0.5565973 0.4843817 0.4913699 0.5133154 0.2642973 0.0000000 0.7039078 1.9308429 1.2959337 2.3755349 1.7619515 1.9164955 2.3266468 2.2226673 2.1673116 2.2066523 1.9403346 2.1491320 2.6174933 2.2954678 2.3054339 2.2531611 2.3075505 2.5335736 1.8269735 1.7306615 2.6475659 
