59
Hsap_ENST00000409774                                   0.0000000 1.8472896 2.0251338 1.5252591 1.7945347 1.8088869 1.7763222 1.7407529 1.7777030 1.6620681 1.6974704 1.5428059 1.4542971 1.8195221 1.6748361 1.7207130 1.9288612 2.0877217 1.5829580 2.0327933 1.6739329 1.6310605 1.7802498 1.6284227 1.8336142 2.2142750 2.0649741 1.9692686 1.8050934 2.2276632 2.8028298 1.7764506 3.0889140 2.3755101 2.1437162 2.1437162 2.4521550 2.2372373 2.2928545 2.3774667 2.1597821 2.6144035 2.4084296 2.2960550 2.3430585 2.7952982 2.4344808 2.9215072 2.6244897 3.0590476 3.3002685 2.8722250 2.4171909 2.3118168 3.0197194 3.5576310 3.4206419 2.7587069 4.3571722 
Spur_XM_776084.4                                       1.8472896 0.0000000 1.4756798 1.0715708 1.3432056 1.3448204 1.3230658 1.2519433 1.2402069 1.2649595 1.2650926 1.1828502 1.2145831 1.4881172 1.4979527 1.3769057 1.6012482 1.5492242 1.2995641 1.6840202 1.2550911 1.2575715 1.3897347 1.6701025 2.0947411 1.6771810 1.7946729 1.7594522 2.0560140 2.0191003 2.7545926 2.2678423 2.8007034 1.8005815 2.2665802 2.2665802 2.7088217 2.3679704 2.4498810 2.4872262 2.4334604 2.2763879 2.3254825 2.2212586 2.5711518 2.6986441 2.5084890 3.1725838 2.5936159 2.9750867 3.3161875 2.7171542 2.3580708 2.6377630 2.8098012 2.5998939 3.2029183 2.8434275 4.0481632 
Exapal_XM_021053698.2                                  2.0251338 1.4756798 0.0000000 0.9437505 1.0663571 1.0681422 1.0640564 1.0052996 1.0757903 0.9552608 1.0082660 1.2853147 1.2144279 1.8465348 1.8179600 1.3077100 1.5334684 1.5122760 1.5836233 1.9435154 1.8631032 1.7161928 1.6481720 1.8982453 2.4156044 1.8373224 2.0882436 2.1684453 2.0175962 2.4171418 2.5123985 2.1917083 2.4761408 2.1759848 2.0725536 2.0725536 2.0042764 1.9933128 1.9991448 1.8927537 2.0271952 2.3256286 2.7912865 2.4806396 2.5160287 2.6811171 2.8608702 3.8114035 3.1843662 3.3654962 4.6416749 3.5025653 3.1256592 3.0904857 3.1722104 2.3772947 3.1104942 2.7723756 3.5549417 
Nvec_v1g108011                                         1.5252591 1.0715708 0.9437505 0.0000000 0.7447876 0.7286633 0.7432498 0.6449675 0.7566853 0.7022387 0.6684218 1.0677283 0.9915252 1.4362771 1.3002450 1.1732549 1.4299425 1.2738216 1.2865120 1.5853972 1.3890994 1.3382637 1.5868384 1.5143543 1.8913444 1.6500803 1.7607817 1.7373536 1.6443119 2.0435004 2.4028298 2.4087659 2.2961999 1.6892672 1.8779742 1.8779742 2.0683077 1.8420113 1.8046746 1.8935873 1.8958704 2.3612958 1.9299336 2.3005955 2.1960563 2.2639404 2.2286287 2.7588311 2.6414834 2.5330004 2.7896919 2.5230350 2.2662535 2.9763083 3.5157218 2.4195392 3.1098708 2.6757594 3.6116529 
Adig_XM_015916340.1                                    1.7945347 1.3432056 1.0663571 0.7447876 0.0000000 0.0176716 0.3000809 0.3050235 0.3152751 0.3585323 0.3878893 1.1518591 1.1267273 1.3399198 1.0893996 1.0964826 1.2508274 1.2098535 1.2620938 1.5787295 1.4174056 1.4348278 1.7536329 1.5363301 2.3671607 1.7109220 1.9023262 1.8805518 1.7979708 2.0441174 2.5317191 2.1848371 2.4476565 1.8696707 1.8327340 1.8327340 1.8814777 1.7944719 1.7469284 1.8435888 1.7764613 2.3558350 2.1261569 2.0992674 2.1307239 2.5085647 2.4530863 3.0857647 2.8417541 2.8348495 3.3799280 2.7851790 2.6992960 2.5481317 2.8563334 2.3875523 2.9103916 2.7962706 3.9017231 
Amil_Amillepora16537-RA                                1.8088869 1.3448204 1.0681422 0.7286633 0.0176716 0.0000000 0.2902031 0.2949219 0.3149763 0.3567557 0.3764518 1.1310577 1.1276446 1.3580234 1.1701800 1.1018390 1.2781213 1.2185568 1.2620938 1.5888980 1.3861474 1.4085126 1.7623326 1.5458396 2.3107639 1.6788580 1.8460394 1.8501717 1.7655953 2.0119381 2.4818028 2.1848371 2.4476565 1.8530625 1.8081327 1.8081327 1.8694710 1.7704626 1.7067919 1.8148216 1.7672274 2.3579880 2.0485224 2.1205458 2.1688115 2.5029594 2.4732522 3.1363620 2.8794766 2.8444766 3.3749759 2.7801055 2.7375143 2.5815724 2.8935527 2.4067441 3.0383910 2.8500509 3.8742518 
Gfas_gfas1.m1.467.m1                                   1.7763222 1.3230658 1.0640564 0.7432498 0.3000809 0.2902031 0.0000000 0.2369100 0.2381708 0.2906655 0.3175707 1.1182355 1.0927063 1.2890202 1.2924726 1.1100292 1.2335793 1.3204267 1.2587428 1.5620997 1.4326412 1.4286482 1.6701749 1.5099336 2.1813222 1.6357428 1.9661303 1.9474464 1.8113554 2.1039169 2.7896073 2.0216642 2.4089479 1.7948501 1.9243019 1.9243019 1.7729321 1.7552491 1.7408995 1.8502252 1.8108015 2.3694830 2.0989646 2.2480985 2.1663186 2.3159029 2.4885378 2.9360627 2.8172691 2.6663632 3.0863002 2.6928017 2.6986173 2.7595372 3.0002968 2.3690740 2.9696884 2.7979241 3.7497077 
Fspp_ffun1.m4.6806.m1                                  1.7407529 1.2519433 1.0052996 0.6449675 0.3050235 0.2949219 0.2369100 0.0000000 0.1811945 0.1931089 0.1878491 1.0616326 1.0453378 1.3266390 1.2053678 1.1303522 1.3368273 1.3243904 1.2966301 1.5760423 1.3999024 1.3684649 1.4857689 1.4155759 2.1179560 1.5570943 1.9207833 1.8558659 1.6489262 1.9391066 2.4201766 2.0968371 2.2452777 1.7550509 1.7440034 1.7440034 1.7440413 1.5996925 1.6266534 1.6831748 1.6110768 2.4120767 2.2727031 2.1994999 2.1757153 2.2685828 2.4097942 2.9602292 2.9137702 2.6155471 3.3535983 2.8326831 2.6631523 2.7730538 2.9726906 2.3374446 2.8627001 2.7139793 3.6044612 
Gasp_gasp1.m3.27680.m1                                 1.7777030 1.2402069 1.0757903 0.7566853 0.3152751 0.3149763 0.2381708 0.1811945 0.0000000 0.2129460 0.2246274 1.1194866 1.0790195 1.4448662 1.2979820 1.1021830 1.3366512 1.3566814 1.2041693 1.6909875 1.4840123 1.4500761 1.6690253 1.5595363 2.1978333 1.5394299 1.8694521 1.8637442 1.6549132 1.9871206 2.6399489 2.0890167 2.5409048 1.7813616 1.8282585 1.8282585 1.9238935 1.7977432 1.7355021 1.8178009 1.8152057 2.3386897 2.2408735 2.2974191 2.0965460 2.2758732 2.6153866 3.1951464 2.8993979 2.7889497 3.4163477 2.8775000 2.8013177 2.6571264 3.0254588 2.4840227 3.0484282 2.6988732 4.0398360 
Spis_XP_022784404_1                                    1.6620681 1.2649595 0.9552608 0.7022387 0.3585323 0.3567557 0.2906655 0.1931089 0.2129460 0.0000000 0.1666520 1.0043210 0.9393207 1.2987718 1.1597440 1.0869113 1.2547074 1.2786361 1.2936016 1.5210969 1.4334574 1.4010582 1.5671943 1.3549800 1.8900532 1.5524358 1.8370924 1.8775621 1.4995070 1.7872609 2.4316863 2.0387732 2.1314155 1.7032778 1.7574687 1.7574687 1.8276901 1.6340508 1.6197746 1.7232927 1.6435217 2.2785813 2.0893714 2.0435637 2.2474006 2.2045714 2.4061831 2.7535103 2.8289454 2.5290418 3.4923167 2.8913545 2.5064981 2.6975308 2.8322530 2.2831338 2.7695484 2.5619323 3.4668672 
Pocdam_XM_027195500.1                                  1.6974704 1.2650926 1.0082660 0.6684218 0.3878893 0.3764518 0.3175707 0.1878491 0.2246274 0.1666520 0.0000000 1.0344126 0.9883834 1.3015299 1.2109428 1.1294637 1.3121546 1.3075006 1.3654429 1.5128979 1.4637423 1.3611952 1.5755793 1.4935411 1.9680446 1.4450317 1.9161774 1.9366228 1.5869127 1.8734865 2.2832971 1.9458536 2.1470839 1.7638276 1.7786908 1.7786908 1.7383521 1.6831799 1.6454686 1.7501514 1.6979693 2.2885413 2.2240940 2.2107356 2.3412004 2.2129732 2.4002874 2.8824451 2.8133599 2.6232406 3.6123463 2.9042313 2.6607723 2.7533993 2.8162646 2.4625500 2.9060799 2.7184130 3.6394584 
Dgig_XM_028542953.1                                    1.5428059 1.1828502 1.2853147 1.0677283 1.1518591 1.1310577 1.1182355 1.0616326 1.1194866 1.0043210 1.0344126 0.0000000 0.4316127 1.6411653 1.6058602 1.3099787 1.4964027 1.5445239 1.2238196 1.4397634 1.3715479 1.2621674 1.6298357 1.5739091 1.8777263 1.6536424 1.6527470 1.6132270 1.4953238 1.8614242 2.6620261 2.3039715 2.6379379 1.8870700 1.9864363 1.9864363 2.1377608 2.0248869 1.9845597 2.0435473 2.0453269 2.3098958 2.4051150 2.0927730 2.5000985 2.3465282 2.4637988 3.3301140 2.4182211 2.8050120 3.3792925 2.5766991 2.1666413 2.4127028 2.8806122 2.6131453 3.0541855 2.8356285 3.4437449 
Xesp_012210-T1                                         1.4542971 1.2145831 1.2144279 0.9915252 1.1267273 1.1276446 1.0927063 1.0453378 1.0790195 0.9393207 0.9883834 0.4316127 0.0000000 1.5444354 1.2739406 1.2620460 1.4553316 1.5142033 1.3081196 1.3950167 1.2728591 1.4215837 1.5356183 1.6433255 1.9222529 1.6075456 1.6196824 1.5588863 1.5901415 1.9294106 2.7254727 2.5710537 2.9668761 1.8362742 2.0314145 2.0314145 2.1044306 1.9323357 1.9057903 1.9679497 1.9961242 2.2037022 2.3429494 1.9590598 2.2028070 2.3410489 2.3516531 3.3002506 2.4344380 2.7347536 3.1385470 2.5096237 2.0780236 2.3686360 2.8448112 2.6816658 3.0866408 2.7460156 3.3829311 
Chem_TCONS_00017689                                    1.8195221 1.4881172 1.8465348 1.4362771 1.3399198 1.3580234 1.2890202 1.3266390 1.4448662 1.2987718 1.3015299 1.6411653 1.5444354 0.0000000 1.2225928 1.3136729 1.4105332 1.5241830 1.3185763 1.0972487 1.6401699 1.7234532 1.8050926 1.7007426 2.0432851 1.9578382 2.0908984 1.8721040 1.7491597 2.4149558 2.7796953 2.2857707 2.6509238 2.0076262 2.0017326 2.0017326 2.1554431 1.8710988 2.0124587 2.0882024 1.9722482 2.5966958 2.4388400 2.2615525 2.3994650 2.3204040 2.3765186 2.8880671 2.7882879 2.6755655 2.6272218 2.4554494 2.3617009 2.7890689 2.9572508 2.5774035 2.9379021 2.9702226 4.1255515 
Aaur_scaffold1201.g3.t1                                1.6748361 1.4979527 1.8179600 1.3002450 1.0893996 1.1701800 1.2924726 1.2053678 1.2979820 1.1597440 1.2109428 1.6058602 1.2739406 1.2225928 0.0000000 0.5651911 0.6607375 0.9101191 0.3828739 1.2608794 1.6536830 1.4742542 1.8910256 2.0120932 2.4610423 1.7466233 1.8032449 1.6075925 1.9936079 2.9448546 3.2885978 2.2544558 4.4574476 2.1461060 1.9441136 1.9441136 2.3111556 1.8289565 1.9089692 1.9666298 1.7385115 2.7333962 2.9394444 2.2672948 2.5753351 2.8422102 2.4538498 2.7446376 2.6056964 2.5709489 3.5508892 3.0402971 2.1538047 3.0796153 3.8188874 2.6036852 2.8058834 3.5974600 8.3292299 
Nemnom_g18288.t1                                       1.7207130 1.3769057 1.3077100 1.1732549 1.0964826 1.1018390 1.1100292 1.1303522 1.1021830 1.0869113 1.1294637 1.3099787 1.2620460 1.3136729 0.5651911 0.0000000 0.2071814 0.6354282 1.2522723 1.2917665 1.5279674 1.4196953 1.4313142 1.7143295 2.0484616 1.5612224 1.7556051 1.7302281 1.7513111 2.1785127 2.5741803 2.0457515 2.5269194 1.9320278 1.7195840 1.7195840 1.8125445 1.7195926 1.7058918 1.7285704 1.7235002 2.1732217 2.3596623 1.9460707 2.4533116 2.4045219 2.7157547 3.3749729 2.3471768 2.8500598 3.3104941 2.6970042 2.4077405 2.6941238 3.1851063 2.5962472 2.7725505 2.8969402 4.2889470 
Rhoesc_Res_001842-T1                                   1.9288612 1.6012482 1.5334684 1.4299425 1.2508274 1.2781213 1.2335793 1.3368273 1.3366512 1.2547074 1.3121546 1.4964027 1.4553316 1.4105332 0.6607375 0.2071814 0.0000000 0.7072924 1.1488857 1.4594833 1.6209683 1.5659974 1.6694297 1.9449430 2.1742454 1.5672057 2.0328087 2.0125775 1.8401173 2.1934303 2.7696283 2.2674566 2.6673602 2.0829279 1.7785809 1.7785809 1.7556059 1.7179697 1.6502909 1.6695061 1.6665622 2.2798289 2.3654652 1.8228384 2.4320518 2.4772212 2.8408495 3.4828870 2.5550021 2.9040059 3.0709848 2.6398542 2.5654440 2.8167845 3.6013836 2.3876771 2.7418218 3.0122566 4.6335505 
Sanmal_Sma_027125-T1                                   2.0877217 1.5492242 1.5122760 1.2738216 1.2098535 1.2185568 1.3204267 1.3243904 1.3566814 1.2786361 1.3075006 1.5445239 1.5142033 1.5241830 0.9101191 0.6354282 0.7072924 0.0000000 1.2797292 1.4361204 1.7411187 1.6551511 1.6031401 2.0290783 2.2624455 1.8878114 2.1253490 2.1874220 1.9561649 2.5507664 2.9418331 2.3288656 2.6359010 2.1460420 2.1155621 2.1155621 2.0762332 2.0974432 2.1130397 2.0471008 2.0784091 2.3804610 2.8980586 2.2664153 2.9214695 2.8921129 3.2783302 4.4116811 3.0461948 3.1747966 4.4098533 3.2862823 2.9505149 2.9435568 3.7660305 2.7462505 3.4278746 3.0467269 4.2557818 
Morvir_scaffold1312.g1.t1                              1.5829580 1.2995641 1.5836233 1.2865120 1.2620938 1.2620938 1.2587428 1.2966301 1.2041693 1.2936016 1.3654429 1.2238196 1.3081196 1.3185763 0.3828739 1.2522723 1.1488857 1.2797292 0.0000000 1.4401470 1.4645701 1.6128332 1.7247519 1.5348348 1.2446783 1.6074693 2.0809917 2.3222364 1.6214907 1.9081442 2.4776361 2.1711341 2.1304592 1.4858290 2.3602709 2.3602709 1.9453874 2.0859004 2.0144314 2.0144314 2.1332364 2.3438838 2.0955852 1.7828950 2.1477818 3.0905110 2.1415308 9.0000000 2.3211852 2.8845090 0.0000010 3.2679588 3.0817800 2.2845618 2.0325616 2.0538005 2.4386471 2.9169198 2.9593826 
Hvul_g842_1                                            2.0327933 1.6840202 1.9435154 1.5853972 1.5787295 1.5888980 1.5620997 1.5760423 1.6909875 1.5210969 1.5128979 1.4397634 1.3950167 1.0972487 1.2608794 1.2917665 1.4594833 1.4361204 1.4401470 0.0000000 1.6134703 1.6416741 1.6995910 1.9092153 2.5032771 1.7791327 2.0061957 2.0607799 1.9313028 2.3470103 2.9273386 2.9328721 2.6413418 2.0768630 2.2778015 2.2778015 2.3561032 2.1908344 2.2059890 2.2478885 2.1904882 2.6576886 2.6188402 2.3619688 2.7186111 2.5291616 2.8857495 3.7479503 3.1185376 3.0492807 2.9214710 2.7082572 2.8010903 2.8839244 3.7278120 3.2742809 3.1662212 3.0513456 4.9113569 
Cgig_XM_011418920.3                                    1.6739329 1.2550911 1.8631032 1.3890994 1.4174056 1.3861474 1.4326412 1.3999024 1.4840123 1.4334574 1.4637423 1.3715479 1.2728591 1.6401699 1.6536830 1.5279674 1.6209683 1.7411187 1.4645701 1.6134703 0.0000000 1.0346590 1.1670940 1.4175117 1.9877383 1.7672501 1.8983119 1.8535271 1.9731089 1.8421086 2.9441478 2.2384289 2.7614167 1.8927214 1.9658425 1.9658425 2.2352695 2.0029909 1.9565947 2.0003371 2.0697948 2.2074430 2.3507189 2.3240742 2.2131739 2.6995670 2.5083332 3.7534191 2.9368300 3.2456426 3.9380270 2.6949846 2.7169677 2.4184074 3.0194193 2.7436340 3.0101478 2.8435182 3.5850710 
Acagra_model.g15825.t1                                 1.6310605 1.2575715 1.7161928 1.3382637 1.4348278 1.4085126 1.4286482 1.3684649 1.4500761 1.4010582 1.3611952 1.2621674 1.4215837 1.7234532 1.4742542 1.4196953 1.5659974 1.6551511 1.6128332 1.6416741 1.0346590 0.0000000 1.2376519 1.3412747 2.0500537 1.6452493 1.8051594 1.6993884 1.5720740 1.8413006 2.4989800 1.9131256 2.9813508 1.7522798 2.2142185 2.2142185 2.3706312 2.1896366 2.2135335 2.2613722 2.1699786 2.4570486 2.3333815 2.0599102 2.1255062 2.7010841 2.3166325 3.0243813 2.5588090 3.1281727 3.3331388 2.7203348 2.6136583 2.2553588 2.7568234 2.5805806 2.8550834 2.8418138 4.3305575 
Ctel_gnl_WGS_AMQN_CAPTEDRAFT_mRNA151996                1.7802498 1.3897347 1.6481720 1.5868384 1.7536329 1.7623326 1.6701749 1.4857689 1.6690253 1.5671943 1.5755793 1.6298357 1.5356183 1.8050926 1.8910256 1.4313142 1.6694297 1.6031401 1.7247519 1.6995910 1.1670940 1.2376519 0.0000000 1.4881614 2.4170237 1.8389552 2.4251589 2.4575716 1.9440981 2.3833109 2.3460667 2.2326759 2.4594603 2.0214508 2.3737475 2.3737475 2.3984842 2.3722561 2.3084836 2.3153865 2.3611965 2.5972264 2.7645404 2.6995629 2.7892616 3.2018049 2.3920357 3.0970921 2.8581385 2.7224557 3.5049990 2.6630709 2.7105909 2.5105632 2.5425935 2.4471910 3.3801723 3.0552267 3.7043656 
Cscu_XM_023387348.1                                    1.6284227 1.6701025 1.8982453 1.5143543 1.5363301 1.5458396 1.5099336 1.4155759 1.5595363 1.3549800 1.4935411 1.5739091 1.6433255 1.7007426 2.0120932 1.7143295 1.9449430 2.0290783 1.5348348 1.9092153 1.4175117 1.3412747 1.4881614 0.0000000 1.7761558 1.7839498 2.2310217 2.0043881 1.7658186 2.0795167 2.6817657 2.1439130 3.3179948 1.8940581 2.1166429 2.1166429 2.4151016 2.1166657 1.9875987 2.0627095 2.1918770 2.4990146 2.7787617 2.4112144 2.4832571 2.6346280 2.2182775 2.8709023 2.3330792 2.6533358 3.3176021 2.7250396 2.3864831 2.8373059 2.6256787 2.6775799 2.9168434 2.8838127 4.0491607 
Tcas_TC009107_001                                      1.8336142 2.0947411 2.4156044 1.8913444 2.3671607 2.3107639 2.1813222 2.1179560 2.1978333 1.8900532 1.9680446 1.8777263 1.9222529 2.0432851 2.4610423 2.0484616 2.1742454 2.2624455 1.2446783 2.5032771 1.9877383 2.0500537 2.4170237 1.7761558 0.0000000 2.3209694 2.5674543 2.4582488 2.1816167 2.4970978 2.8601229 2.1383619 3.1782503 2.1850875 2.5928163 2.5928163 2.7012912 2.5241005 2.6805018 2.7652181 2.4575441 2.6677691 2.5219073 2.5514931 2.7927440 3.3054758 2.8061595 4.3005264 2.3427946 2.8008940 4.0563910 2.7850886 2.4266379 2.8847410 2.9306657 2.7082725 3.2719484 3.7578580 4.1304236 
Opea_EP00118_Oscarella_pearsei_P018670                 2.2142750 1.6771810 1.8373224 1.6500803 1.7109220 1.6788580 1.6357428 1.5570943 1.5394299 1.5524358 1.4450317 1.6536424 1.6075456 1.9578382 1.7466233 1.5612224 1.5672057 1.8878114 1.6074693 1.7791327 1.7672501 1.6452493 1.8389552 1.7839498 2.3209694 0.0000000 2.3463067 2.3923291 2.1208424 2.3603712 2.3963178 1.8289377 3.0403918 1.6269580 1.9091800 1.9091800 1.8880446 1.9316419 2.0132525 2.0684102 1.9391969 2.1953321 2.8658612 2.3340246 2.4594154 2.6613288 2.8476486 3.9396642 2.9573861 3.0921240 4.1571098 3.1051799 2.5671547 2.9528398 2.9546588 2.7897833 2.8925879 3.1935221 4.1896091 
Emue_Em0019g753a.t1                                    2.0649741 1.7946729 2.0882436 1.7607817 1.9023262 1.8460394 1.9661303 1.9207833 1.8694521 1.8370924 1.9161774 1.6527470 1.6196824 2.0908984 1.8032449 1.7556051 2.0328087 2.1253490 2.0809917 2.0061957 1.8983119 1.8051594 2.4251589 2.2310217 2.5674543 2.3463067 0.0000000 0.2443060 1.4124192 1.3385120 2.4599654 2.1952973 3.0960261 2.0658105 2.2250357 2.2250357 2.6373726 2.2412171 2.2271961 2.3425293 2.4749719 2.3470134 2.4036358 1.9653463 2.2747109 2.8705705 2.1994223 3.3255149 2.3681780 2.7192187 2.6411908 2.2595654 2.0431198 2.3563730 3.3808725 3.0208849 3.0250565 3.2339844 3.1056785 
Spolac_c99699_g1_i3_m.20358c99699-g1                   1.9692686 1.7594522 2.1684453 1.7373536 1.8805518 1.8501717 1.9474464 1.8558659 1.8637442 1.8775621 1.9366228 1.6132270 1.5588863 1.8721040 1.6075925 1.7302281 2.0125775 2.1874220 2.3222364 2.0607799 1.8535271 1.6993884 2.4575716 2.0043881 2.4582488 2.3923291 0.2443060 0.0000000 1.3389964 1.2681377 2.2523878 2.1278641 3.0088598 1.8449863 2.1979407 2.1979407 2.8533199 2.2929609 2.2306684 2.3863256 2.4221295 2.3503738 2.5463561 1.9165129 2.2416261 2.5925946 2.1399333 3.0639951 2.4940301 2.4219801 2.6050065 2.1100910 1.9774542 2.2473884 3.3215030 2.8631626 2.8082154 2.9852865 3.2213814 
Tetwil_g1521.t1                                        1.8050934 2.0560140 2.0175962 1.6443119 1.7979708 1.7655953 1.8113554 1.6489262 1.6549132 1.4995070 1.5869127 1.4953238 1.5901415 1.7491597 1.9936079 1.7513111 1.8401173 1.9561649 1.6214907 1.9313028 1.9731089 1.5720740 1.9440981 1.7658186 2.1816167 2.1208424 1.4124192 1.3389964 0.0000000 1.2679382 2.1481804 2.1138893 2.7817153 2.0817759 2.3438069 2.3438069 2.5623223 2.2293981 2.2321480 2.3288754 2.2935255 2.4386354 2.2673178 2.0809074 2.1197025 2.2950542 1.9809508 2.5820528 2.1696449 2.3487997 2.0483708 2.0652066 2.0174989 2.2507270 3.0749278 2.4633693 3.1250599 2.9713255 3.5305413 
Stycar_maker-SC_scaffold2695-augustus-gene-0.14-mRNA-1 2.2276632 2.0191003 2.4171418 2.0435004 2.0441174 2.0119381 2.1039169 1.9391066 1.9871206 1.7872609 1.8734865 1.8614242 1.9294106 2.4149558 2.9448546 2.1785127 2.1934303 2.5507664 1.9081442 2.3470103 1.8421086 1.8413006 2.3833109 2.0795167 2.4970978 2.3603712 1.3385120 1.2681377 1.2679382 0.0000000 2.8367278 2.0005094 3.1694875 2.3051223 2.6744924 2.6744924 2.5115081 2.4560438 2.4396400 2.4821480 2.3140309 2.5008618 2.4838893 2.1610681 2.3898509 2.4842536 2.3238838 3.3810216 2.6317157 3.1308636 3.9544719 2.8954720 2.5572433 2.5384672 3.3376980 3.0267674 3.6080386 3.3685045 4.6880547 
Aque_Aqu2.1.35280_001                                  2.8028298 2.7545926 2.5123985 2.4028298 2.5317191 2.4818028 2.7896073 2.4201766 2.6399489 2.4316863 2.2832971 2.6620261 2.7254727 2.7796953 3.2885978 2.5741803 2.7696283 2.9418331 2.4776361 2.9273386 2.9441478 2.4989800 2.3460667 2.6817657 2.8601229 2.3963178 2.4599654 2.2523878 2.1481804 2.8367278 0.0000000 0.6621509 2.0379510 2.8580786 3.0955766 3.0955766 2.6177699 2.9244155 2.8238651 2.8246333 3.0077427 2.8922623 3.5116650 2.8478623 2.8087651 3.7539910 3.3390671 3.9404412 3.5586038 3.3871615 3.7961010 3.7874572 3.5497621 3.1659782 3.7295557 2.8501024 3.4786453 4.3286314 4.9847925 
Halamb_c49237_g1_i9mm.2990                             1.7764506 2.2678423 2.1917083 2.4087659 2.1848371 2.1848371 2.0216642 2.0968371 2.0890167 2.0387732 1.9458536 2.3039715 2.5710537 2.2857707 2.2544558 2.0457515 2.2674566 2.3288656 2.1711341 2.9328721 2.2384289 1.9131256 2.2326759 2.1439130 2.1383619 1.8289377 2.1952973 2.1278641 2.1138893 2.0005094 0.6621509 0.0000000 1.4082808 2.2696336 2.4131473 2.4131473 2.1129304 2.2094802 2.3275373 2.3275373 2.3331200 2.6162289 2.3834379 2.2262139 2.2756504 2.4601083 2.9654963 4.2290334 3.0382790 4.0774497 6.0591780 3.8840506 3.0880144 2.1576790 2.1944009 2.5310773 3.2823553 2.6807372 3.4819661 
Didcos_EP00039_Didymoeca_costata_P004258               3.0889140 2.8007034 2.4761408 2.2961999 2.4476565 2.4476565 2.4089479 2.2452777 2.5409048 2.1314155 2.1470839 2.6379379 2.9668761 2.6509238 4.4574476 2.5269194 2.6673602 2.6359010 2.1304592 2.6413418 2.7614167 2.9813508 2.4594603 3.3179948 3.1782503 3.0403918 3.0960261 3.0088598 2.7817153 3.1694875 2.0379510 1.4082808 0.0000000 3.9834194 3.9319776 3.9319776 2.5777305 2.9052372 3.0050606 3.0165288 2.7779227 2.9625641 3.2303626 2.6209501 2.8106094 3.0858629 3.9675776 6.7705321 3.9326829 4.4900892 5.5976111 3.8857983 3.6872204 3.7999312 3.9411586 2.7870037 3.5504348 3.4916123 3.3632369 
Plajan_Pjan_C555157_01                                 2.3755101 1.8005815 2.1759848 1.6892672 1.8696707 1.8530625 1.7948501 1.7550509 1.7813616 1.7032778 1.7638276 1.8870700 1.8362742 2.0076262 2.1461060 1.9320278 2.0829279 2.1460420 1.4858290 2.0768630 1.8927214 1.7522798 2.0214508 1.8940581 2.1850875 1.6269580 2.0658105 1.8449863 2.0817759 2.3051223 2.8580786 2.2696336 3.9834194 0.0000000 2.3175663 2.3175663 2.5997523 2.2650016 2.3327478 2.4954948 2.4039438 2.4435801 2.1502572 2.0974188 2.4724180 2.4950424 2.6358519 3.4859214 2.9448736 3.1292064 4.0606689 3.2254498 2.6930329 2.5728873 3.6188488 2.5028729 2.8568384 2.9096020 4.0287202 
Tadh_TriadT52639                                       2.1437162 2.2665802 2.0725536 1.8779742 1.8327340 1.8081327 1.9243019 1.7440034 1.8282585 1.7574687 1.7786908 1.9864363 2.0314145 2.0017326 1.9441136 1.7195840 1.7785809 2.1155621 2.3602709 2.2778015 1.9658425 2.2142185 2.3737475 2.1166429 2.5928163 1.9091800 2.2250357 2.1979407 2.3438069 2.6744924 3.0955766 2.4131473 3.9319776 2.3175663 0.0000000 0.0000010 0.3984733 0.3574877 0.4376522 0.4497632 0.3783644 2.9157157 2.5768640 2.5877755 3.0140118 3.3139971 3.2454654 4.4943558 3.3110464 3.6262351 3.6376470 3.2865941 3.3898482 3.1602439 3.6418592 2.8494425 3.5363451 3.7770831 4.9232222 
TrH2_TrispH2_007209-RA                                 2.1437162 2.2665802 2.0725536 1.8779742 1.8327340 1.8081327 1.9243019 1.7440034 1.8282585 1.7574687 1.7786908 1.9864363 2.0314145 2.0017326 1.9441136 1.7195840 1.7785809 2.1155621 2.3602709 2.2778015 1.9658425 2.2142185 2.3737475 2.1166429 2.5928163 1.9091800 2.2250357 2.1979407 2.3438069 2.6744924 3.0955766 2.4131473 3.9319776 2.3175663 0.0000010 0.0000000 0.3984733 0.3574877 0.4376522 0.4497632 0.3783644 2.9157157 2.5768640 2.5877755 3.0140118 3.3139971 3.2454654 4.4943558 3.3110464 3.6262351 3.6376470 3.2865941 3.3898482 3.1602439 3.6418592 2.8494425 3.5363451 3.7770831 4.9232222 
HoiH06_mRNA1564                                        2.4521550 2.7088217 2.0042764 2.0683077 1.8814777 1.8694710 1.7729321 1.7440413 1.9238935 1.8276901 1.7383521 2.1377608 2.1044306 2.1554431 2.3111556 1.8125445 1.7556059 2.0762332 1.9453874 2.3561032 2.2352695 2.3706312 2.3984842 2.4151016 2.7012912 1.8880446 2.6373726 2.8533199 2.5623223 2.5115081 2.6177699 2.1129304 2.5777305 2.5997523 0.3984733 0.3984733 0.0000000 0.0644612 0.1131649 0.1071725 0.2212469 2.5836127 2.7151750 2.6419223 3.0793194 3.4644505 3.2521327 5.0472374 3.6857764 3.8323149 4.4355185 3.3475900 3.3762171 3.4625255 3.1698478 2.7220292 3.6140187 4.0501562 4.4092215 
HoiH23_PlH23_006947-RA                                 2.2372373 2.3679704 1.9933128 1.8420113 1.7944719 1.7704626 1.7552491 1.5996925 1.7977432 1.6340508 1.6831799 2.0248869 1.9323357 1.8710988 1.8289565 1.7195926 1.7179697 2.0974432 2.0859004 2.1908344 2.0029909 2.1896366 2.3722561 2.1166657 2.5241005 1.9316419 2.2412171 2.2929609 2.2293981 2.4560438 2.9244155 2.2094802 2.9052372 2.2650016 0.3574877 0.3574877 0.0644612 0.0000000 0.1486288 0.1485347 0.2020514 2.8404558 2.6884176 2.4531372 2.8306321 3.2681166 3.0544419 3.9004852 3.2438648 3.5066541 3.5430456 3.1323528 3.1864492 3.4223561 3.5416082 2.7586662 3.4892092 3.7314120 4.6375063 
Hhon_g06028.t1                                         2.2928545 2.4498810 1.9991448 1.8046746 1.7469284 1.7067919 1.7408995 1.6266534 1.7355021 1.6197746 1.6454686 1.9845597 1.9057903 2.0124587 1.9089692 1.7058918 1.6502909 2.1130397 2.0144314 2.2059890 1.9565947 2.2135335 2.3084836 1.9875987 2.6805018 2.0132525 2.2271961 2.2306684 2.2321480 2.4396400 2.8238651 2.3275373 3.0050606 2.3327478 0.4376522 0.4376522 0.1131649 0.1486288 0.0000000 0.0041770 0.2794260 2.8509163 2.4600352 2.3515303 2.7642467 3.0923410 2.9430405 3.6435376 3.1002136 3.4175668 3.4403958 3.0186341 2.9653037 3.2131841 3.7445579 2.6866162 3.4085540 3.4982580 4.4291639 
HoiH04_mRNA14065                                       2.3774667 2.4872262 1.8927537 1.8935873 1.8435888 1.8148216 1.8502252 1.6831748 1.8178009 1.7232927 1.7501514 2.0435473 1.9679497 2.0882024 1.9666298 1.7285704 1.6695061 2.0471008 2.0144314 2.2478885 2.0003371 2.2613722 2.3153865 2.0627095 2.7652181 2.0684102 2.3425293 2.3863256 2.3288754 2.4821480 2.8246333 2.3275373 3.0165288 2.4954948 0.4497632 0.4497632 0.1071725 0.1485347 0.0041770 0.0000000 0.2744112 2.7917594 2.6114890 2.5098834 2.8360114 3.2473758 3.1305994 4.0004616 3.1629131 3.5112818 3.7590469 3.1609942 3.0118106 3.3109694 3.8309886 2.6447137 3.3090697 3.4971987 4.5287532 
HoiH11_mRNA3229                                        2.1597821 2.4334604 2.0271952 1.8958704 1.7764613 1.7672274 1.8108015 1.6110768 1.8152057 1.6435217 1.6979693 2.0453269 1.9961242 1.9722482 1.7385115 1.7235002 1.6665622 2.0784091 2.1332364 2.1904882 2.0697948 2.1699786 2.3611965 2.1918770 2.4575441 1.9391969 2.4749719 2.4221295 2.2935255 2.3140309 3.0077427 2.3331200 2.7779227 2.4039438 0.3783644 0.3783644 0.2212469 0.2020514 0.2794260 0.2744112 0.0000000 2.8713041 2.6165669 2.5984994 2.9110401 3.0942808 3.1623849 4.3856644 3.2985304 3.3210216 3.6122052 3.0735847 3.0781394 3.1081147 3.4510389 2.7215134 3.6286129 4.1035045 4.5645340 
Stedip_EP00041_Stephanoeca_diplocostata_P013800        2.6144035 2.2763879 2.3256286 2.3612958 2.3558350 2.3579880 2.3694830 2.4120767 2.3386897 2.2785813 2.2885413 2.3098958 2.2037022 2.5966958 2.7333962 2.1732217 2.2798289 2.3804610 2.3438838 2.6576886 2.2074430 2.4570486 2.5972264 2.4990146 2.6677691 2.1953321 2.3470134 2.3503738 2.4386354 2.5008618 2.8922623 2.6162289 2.9625641 2.4435801 2.9157157 2.9157157 2.5836127 2.8404558 2.8509163 2.7917594 2.8713041 0.0000000 2.3410071 1.8575695 2.6087702 2.6462338 3.4264837 4.6425745 3.1772342 3.8446247 5.2152254 3.2836442 3.0177059 2.7733617 3.0144229 1.6092199 2.2970138 2.5921612 3.9981810 
Mylflu_EP00047_Mylnosiga_fluctuans_P008987             2.4084296 2.3254825 2.7912865 1.9299336 2.1261569 2.0485224 2.0989646 2.2727031 2.2408735 2.0893714 2.2240940 2.4051150 2.3429494 2.4388400 2.9394444 2.3596623 2.3654652 2.8980586 2.0955852 2.6188402 2.3507189 2.3333815 2.7645404 2.7787617 2.5219073 2.8658612 2.4036358 2.5463561 2.2673178 2.4838893 3.5116650 2.3834379 3.2303626 2.1502572 2.5768640 2.5768640 2.7151750 2.6884176 2.4600352 2.6114890 2.6165669 2.3410071 0.0000000 1.6983048 2.0372733 2.1981520 2.9061887 3.5630808 2.7658113 3.8458137 3.8512935 3.3909049 2.6978886 2.6571787 3.8159052 2.3246818 2.5527909 2.8282795 4.1928784 
Salurc_EP00051_Salpingoeca_urceolata_P034942           2.2960550 2.2212586 2.4806396 2.3005955 2.0992674 2.1205458 2.2480985 2.1994999 2.2974191 2.0435637 2.2107356 2.0927730 1.9590598 2.2615525 2.2672948 1.9460707 1.8228384 2.2664153 1.7828950 2.3619688 2.3240742 2.0599102 2.6995629 2.4112144 2.5514931 2.3340246 1.9653463 1.9165129 2.0809074 2.1610681 2.8478623 2.2262139 2.6209501 2.0974188 2.5877755 2.5877755 2.6419223 2.4531372 2.3515303 2.5098834 2.5984994 1.8575695 1.6983048 0.0000000 1.9344106 1.9416544 3.0802291 3.9415414 2.9458090 3.5397375 3.6729721 3.1927201 2.6576104 2.4278576 3.2120068 1.8964229 1.9524070 2.5835326 4.5002747 
Salkve_EP00050_Salpingoeca_kvevrii_P015886             2.3430585 2.5711518 2.5160287 2.1960563 2.1307239 2.1688115 2.1663186 2.1757153 2.0965460 2.2474006 2.3412004 2.5000985 2.2028070 2.3994650 2.5753351 2.4533116 2.4320518 2.9214695 2.1477818 2.7186111 2.2131739 2.1255062 2.7892616 2.4832571 2.7927440 2.4594154 2.2747109 2.2416261 2.1197025 2.3898509 2.8087651 2.2756504 2.8106094 2.4724180 3.0140118 3.0140118 3.0793194 2.8306321 2.7642467 2.8360114 2.9110401 2.6087702 2.0372733 1.9344106 0.0000000 2.3909622 2.6707339 3.1865065 2.8475560 3.3187713 3.0214680 3.0546254 2.8039282 2.7443610 3.3271693 2.0180661 2.5728487 2.6862761 4.5119304 
Saldol_EP00054_Salpingoeca_dolichothecata_P035930      2.7952982 2.6986441 2.6811171 2.2639404 2.5085647 2.5029594 2.3159029 2.2685828 2.2758732 2.2045714 2.2129732 2.3465282 2.3410489 2.3204040 2.8422102 2.4045219 2.4772212 2.8921129 3.0905110 2.5291616 2.6995670 2.7010841 3.2018049 2.6346280 3.3054758 2.6613288 2.8705705 2.5925946 2.2950542 2.4842536 3.7539910 2.4601083 3.0858629 2.4950424 3.3139971 3.3139971 3.4644505 3.2681166 3.0923410 3.2473758 3.0942808 2.6462338 2.1981520 1.9416544 2.3909622 0.0000000 3.0253051 3.1486521 3.6771425 3.7102527 4.0339406 3.7288458 3.0527036 3.5513845 3.6124566 2.8045193 2.7567645 2.3523342 3.4330543 
Mlei_ML0007.g11.i1                                     2.4344808 2.5084890 2.8608702 2.2286287 2.4530863 2.4732522 2.4885378 2.4097942 2.6153866 2.4061831 2.4002874 2.4637988 2.3516531 2.3765186 2.4538498 2.7157547 2.8408495 3.2783302 2.1415308 2.8857495 2.5083332 2.3166325 2.3920357 2.2182775 2.8061595 2.8476486 2.1994223 2.1399333 1.9809508 2.3238838 3.3390671 2.9654963 3.9675776 2.6358519 3.2454654 3.2454654 3.2521327 3.0544419 2.9430405 3.1305994 3.1623849 3.4264837 2.9061887 3.0802291 2.6707339 3.0253051 0.0000000 0.4445020 1.0073157 1.4271973 1.3250218 1.0398680 0.9631153 2.9606485 3.4494360 2.6185184 3.7703109 3.3823760 4.0368835 
Bolinf_Binf_sb1239488                                  2.9215072 3.1725838 3.8114035 2.7588311 3.0857647 3.1363620 2.9360627 2.9602292 3.1951464 2.7535103 2.8824451 3.3301140 3.3002506 2.8880671 2.7446376 3.3749729 3.4828870 4.4116811 9.0000000 3.7479503 3.7534191 3.0243813 3.0970921 2.8709023 4.3005264 3.9396642 3.3255149 3.0639951 2.5820528 3.3810216 3.9404412 4.2290334 6.7705321 3.4859214 4.4943558 4.4943558 5.0472374 3.9004852 3.6435376 4.0004616 4.3856644 4.6425745 3.5630808 3.9415414 3.1865065 3.1486521 0.4445020 0.0000000 1.2245392 1.5212530 1.3208376 1.5671648 1.1718197 3.6692246 5.4104304 3.6469519 5.0320530 4.5413016 6.3434427 
Horcal_Hcv1.av93.c7.g202.i1                            2.6244897 2.5936159 3.1843662 2.6414834 2.8417541 2.8794766 2.8172691 2.9137702 2.8993979 2.8289454 2.8133599 2.4182211 2.4344380 2.7882879 2.6056964 2.3471768 2.5550021 3.0461948 2.3211852 3.1185376 2.9368300 2.5588090 2.8581385 2.3330792 2.3427946 2.9573861 2.3681780 2.4940301 2.1696449 2.6317157 3.5586038 3.0382790 3.9326829 2.9448736 3.3110464 3.3110464 3.6857764 3.2438648 3.1002136 3.1629131 3.2985304 3.1772342 2.7658113 2.9458090 2.8475560 3.6771425 1.0073157 1.2245392 0.0000000 1.3679014 1.4617172 1.2848500 1.0307863 3.1266059 3.3345571 2.7224710 3.8391106 3.9214221 5.3190101 
Vmul_Simscaffold14873_01                               3.0590476 2.9750867 3.3654962 2.5330004 2.8348495 2.8444766 2.6663632 2.6155471 2.7889497 2.5290418 2.6232406 2.8050120 2.7347536 2.6755655 2.5709489 2.8500598 2.9040059 3.1747966 2.8845090 3.0492807 3.2456426 3.1281727 2.7224557 2.6533358 2.8008940 3.0921240 2.7192187 2.4219801 2.3487997 3.1308636 3.3871615 4.0774497 4.4900892 3.1292064 3.6262351 3.6262351 3.8323149 3.5066541 3.4175668 3.5112818 3.3210216 3.8446247 3.8458137 3.5397375 3.3187713 3.7102527 1.4271973 1.5212530 1.3679014 0.0000000 0.8833760 0.8289254 1.1167655 4.0125989 3.6113264 2.7117707 3.8901057 4.4188006 4.3908394 
Coeast_Cast_sb769211                                   3.3002685 3.3161875 4.6416749 2.7896919 3.3799280 3.3749759 3.0863002 3.3535983 3.4163477 3.4923167 3.6123463 3.3792925 3.1385470 2.6272218 3.5508892 3.3104941 3.0709848 4.4098533 0.0000010 2.9214710 3.9380270 3.3331388 3.5049990 3.3176021 4.0563910 4.1571098 2.6411908 2.6050065 2.0483708 3.9544719 3.7961010 6.0591780 5.5976111 4.0606689 3.6376470 3.6376470 4.4355185 3.5430456 3.4403958 3.7590469 3.6122052 5.2152254 3.8512935 3.6729721 3.0214680 4.0339406 1.3250218 1.3208376 1.4617172 0.8833760 0.0000000 0.0594185 1.0898972 5.0927011 5.9552211 5.3193148 6.7319354 6.2674772 8.7300950 
Coemet_Cmet_C599355_01                                 2.8722250 2.7171542 3.5025653 2.5230350 2.7851790 2.7801055 2.6928017 2.8326831 2.8775000 2.8913545 2.9042313 2.5766991 2.5096237 2.4554494 3.0402971 2.6970042 2.6398542 3.2862823 3.2679588 2.7082572 2.6949846 2.7203348 2.6630709 2.7250396 2.7850886 3.1051799 2.2595654 2.1100910 2.0652066 2.8954720 3.7874572 3.8840506 3.8857983 3.2254498 3.2865941 3.2865941 3.3475900 3.1323528 3.0186341 3.1609942 3.0735847 3.2836442 3.3909049 3.1927201 3.0546254 3.7288458 1.0398680 1.5671648 1.2848500 0.8289254 0.0594185 0.0000000 0.8864953 3.5353686 4.0059196 3.2996562 4.9314444 4.7273737 5.3183643 
Lampan_Lpan_C407133_01                                 2.4171909 2.3580708 3.1256592 2.2662535 2.6992960 2.7375143 2.6986173 2.6631523 2.8013177 2.5064981 2.6607723 2.1666413 2.0780236 2.3617009 2.1538047 2.4077405 2.5654440 2.9505149 3.0817800 2.8010903 2.7169677 2.6136583 2.7105909 2.3864831 2.4266379 2.5671547 2.0431198 1.9774542 2.0174989 2.5572433 3.5497621 3.0880144 3.6872204 2.6930329 3.3898482 3.3898482 3.3762171 3.1864492 2.9653037 3.0118106 3.0781394 3.0177059 2.6978886 2.6576104 2.8039282 3.0527036 0.9631153 1.1718197 1.0307863 1.1167655 1.0898972 0.8864953 0.0000000 2.8198745 3.5159347 2.7597418 3.6886828 4.0234509 4.0131662 
Choper_EP00045_Choanoeca_perplexa_P002501              2.3118168 2.6377630 3.0904857 2.9763083 2.5481317 2.5815724 2.7595372 2.7730538 2.6571264 2.6975308 2.7533993 2.4127028 2.3686360 2.7890689 3.0796153 2.6941238 2.8167845 2.9435568 2.2845618 2.8839244 2.4184074 2.2553588 2.5105632 2.8373059 2.8847410 2.9528398 2.3563730 2.2473884 2.2507270 2.5384672 3.1659782 2.1576790 3.7999312 2.5728873 3.1602439 3.1602439 3.4625255 3.4223561 3.2131841 3.3109694 3.1081147 2.7733617 2.6571787 2.4278576 2.7443610 3.5513845 2.9606485 3.6692246 3.1266059 4.0125989 5.0927011 3.5353686 2.8198745 0.0000000 1.9457817 2.9852591 3.3288433 3.2570172 4.6623805 
Chofle_EP00730_Choanoeca_flexa_P018144                 3.0197194 2.8098012 3.1722104 3.5157218 2.8563334 2.8935527 3.0002968 2.9726906 3.0254588 2.8322530 2.8162646 2.8806122 2.8448112 2.9572508 3.8188874 3.1851063 3.6013836 3.7660305 2.0325616 3.7278120 3.0194193 2.7568234 2.5425935 2.6256787 2.9306657 2.9546588 3.3808725 3.3215030 3.0749278 3.3376980 3.7295557 2.1944009 3.9411586 3.6188488 3.6418592 3.6418592 3.1698478 3.5416082 3.7445579 3.8309886 3.4510389 3.0144229 3.8159052 3.2120068 3.3271693 3.6124566 3.4494360 5.4104304 3.3345571 3.6113264 5.9552211 4.0059196 3.5159347 1.9457817 0.0000000 2.7248859 3.7116854 3.2830076 4.6314551 
Acaspe_EP00035_Acanthoeca_spectabilis_P036857          3.5576310 2.5998939 2.3772947 2.4195392 2.3875523 2.4067441 2.3690740 2.3374446 2.4840227 2.2831338 2.4625500 2.6131453 2.6816658 2.5774035 2.6036852 2.5962472 2.3876771 2.7462505 2.0538005 3.2742809 2.7436340 2.5805806 2.4471910 2.6775799 2.7082725 2.7897833 3.0208849 2.8631626 2.4633693 3.0267674 2.8501024 2.5310773 2.7870037 2.5028729 2.8494425 2.8494425 2.7220292 2.7586662 2.6866162 2.6447137 2.7215134 1.6092199 2.3246818 1.8964229 2.0180661 2.8045193 2.6185184 3.6469519 2.7224710 2.7117707 5.3193148 3.2996562 2.7597418 2.9852591 2.7248859 0.0000000 0.6842337 2.3706530 3.4489708 
Helnan_EP00037_Helgoeca_nana_P034435                   3.4206419 3.2029183 3.1104942 3.1098708 2.9103916 3.0383910 2.9696884 2.8627001 3.0484282 2.7695484 2.9060799 3.0541855 3.0866408 2.9379021 2.8058834 2.7725505 2.7418218 3.4278746 2.4386471 3.1662212 3.0101478 2.8550834 3.3801723 2.9168434 3.2719484 2.8925879 3.0250565 2.8082154 3.1250599 3.6080386 3.4786453 3.2823553 3.5504348 2.8568384 3.5363451 3.5363451 3.6140187 3.4892092 3.4085540 3.3090697 3.6286129 2.2970138 2.5527909 1.9524070 2.5728487 2.7567645 3.7703109 5.0320530 3.8391106 3.8901057 6.7319354 4.9314444 3.6886828 3.3288433 3.7116854 0.6842337 0.0000000 2.4379057 5.2856480 
Codhol_EP00042_Codosiga_hollandica_P029590             2.7587069 2.8434275 2.7723756 2.6757594 2.7962706 2.8500509 2.7979241 2.7139793 2.6988732 2.5619323 2.7184130 2.8356285 2.7460156 2.9702226 3.5974600 2.8969402 3.0122566 3.0467269 2.9169198 3.0513456 2.8435182 2.8418138 3.0552267 2.8838127 3.7578580 3.1935221 3.2339844 2.9852865 2.9713255 3.3685045 4.3286314 2.6807372 3.4916123 2.9096020 3.7770831 3.7770831 4.0501562 3.7314120 3.4982580 3.4971987 4.1035045 2.5921612 2.8282795 2.5835326 2.6862761 2.3523342 3.3823760 4.5413016 3.9214221 4.4188006 6.2674772 4.7273737 4.0234509 3.2570172 3.2830076 2.3706530 2.4379057 0.0000000 4.1136236 
Bralan_BLAG02002137_1                                  4.3571722 4.0481632 3.5549417 3.6116529 3.9017231 3.8742518 3.7497077 3.6044612 4.0398360 3.4668672 3.6394584 3.4437449 3.3829311 4.1255515 8.3292299 4.2889470 4.6335505 4.2557818 2.9593826 4.9113569 3.5850710 4.3305575 3.7043656 4.0491607 4.1304236 4.1896091 3.1056785 3.2213814 3.5305413 4.6880547 4.9847925 3.4819661 3.3632369 4.0287202 4.9232222 4.9232222 4.4092215 4.6375063 4.4291639 4.5287532 4.5645340 3.9981810 4.1928784 4.5002747 4.5119304 3.4330543 4.0368835 6.3434427 5.3190101 4.3908394 8.7300950 5.3183643 4.0131662 4.6623805 4.6314551 3.4489708 5.2856480 4.1136236 0.0000000 
