57
Hsap_ENST00000308824                                     0.0000000 0.5596663 0.7344291 0.8461793 0.7774394 1.0570510 1.6997070 0.9857851 1.1068206 1.0558917 1.0743644 1.0733129 0.9382120 0.7709479 2.6274361 1.2221311 1.2024388 1.3029841 1.1087451 0.7324459 0.8598187 1.3008142 1.4066044 1.5401536 1.2781709 1.2781461 1.3307973 1.3911367 1.3951683 1.4016815 1.2947938 1.5144858 1.3981782 1.4862547 1.2765653 1.6663638 1.7563135 1.6129846 1.6129846 1.5932142 1.2722334 1.7267801 1.8349219 2.3436970 3.2235659 3.0967389 1.9498365 1.7651122 1.8950591 2.0662710 1.6340425 2.9618914 2.8811036 2.9665264 3.6600516 2.8515350 3.4445759 
Bralan_BLAG02000891_1                                    0.5596663 0.0000000 0.5023434 0.6445731 0.7767724 0.9609024 1.4163631 0.8662766 1.0110843 0.9411985 1.0224134 0.9944842 0.8292812 0.5714609 2.2189441 1.1931209 1.0907642 1.2716170 1.0950228 0.6818466 0.6365607 1.0600466 1.3624289 1.4753330 1.2247765 1.2180263 1.2477396 1.2733239 1.2620860 1.2698669 1.1642786 1.3156108 1.2643078 1.1816377 1.1669514 1.3142212 1.3390301 1.2976167 1.2976167 1.3461465 1.0278453 1.6736654 1.9189624 2.3351813 2.9360111 2.9152344 2.0325950 1.8390264 1.8842229 2.1702157 1.3563954 2.8831205 2.6557179 3.3419172 3.7437053 3.0742758 3.4093729 
Skow_XM_002730318.2                                      0.7344291 0.5023434 0.0000000 0.7304335 0.9379678 1.0848295 1.4728288 0.9345018 1.0881512 1.0224102 1.0847981 1.0905549 1.0316287 0.7550249 2.1691741 1.2371712 1.2577950 1.4542932 1.2925036 0.7989082 0.7028000 1.0832917 1.2462204 1.3411726 1.4520279 1.4503291 1.4119386 1.4495865 1.5174017 1.5244930 1.4050957 1.2758194 1.2338377 1.2884352 1.2375436 1.4442716 1.3602709 1.4906568 1.4906568 1.5463016 1.1408893 1.7472593 2.2127914 2.3602482 3.6865256 2.9809522 2.0994096 1.9886331 1.8736522 2.1651847 1.4501925 2.9156489 2.7559999 3.3034015 4.0682884 3.1393642 3.4330260 
Cscu_XM_023362418.1                                      0.8461793 0.6445731 0.7304335 0.0000000 0.8257330 1.0653884 1.5958578 0.9384383 1.0346516 1.0289243 1.0051850 1.0157006 0.9707248 0.6259180 2.4660144 1.2131479 1.1697064 1.2400647 1.1854292 0.6916739 0.8502991 0.9567481 1.3410367 1.4899067 1.4519527 1.4531203 1.3925378 1.4069385 1.3890529 1.4079618 1.3414525 1.3463125 1.2404464 1.3189054 1.3529306 1.4672527 1.5747842 1.5342720 1.5342720 1.6266219 0.9402341 1.7441145 1.8298938 2.5609188 3.8847845 3.2081782 2.0607959 1.9654637 2.0773041 2.3591636 1.4494942 2.8882929 2.6639498 2.9314408 3.5593699 3.2711203 3.0332521 
Exapal_XM_021037948.2                                    0.7774394 0.7767724 0.9379678 0.8257330 0.0000000 0.4210248 0.6573664 0.5118363 0.5810135 0.4975478 0.5863839 0.5916085 0.5679644 0.8730354 3.9922851 0.8694181 0.9575011 0.9193987 1.0328666 0.8828641 0.9136993 0.9201108 1.0118579 1.2286863 1.3149255 1.3149255 1.3174394 1.3645144 1.2661696 1.2661696 1.3618585 1.2357235 1.2319715 1.4380986 1.6083123 1.5407871 1.5499692 1.2162375 1.2162375 1.2915163 1.1948556 1.3108567 1.7097766 1.9006066 4.4296708 2.0995733 1.8372851 1.8004968 1.6225889 1.6740509 1.3996964 2.2424654 2.0179270 2.7093008 3.1095736 2.5538420 2.7903820 
Nvec_v1g137654                                           1.0570510 0.9609024 1.0848295 1.0653884 0.4210248 0.0000000 0.9162680 0.5801746 0.6224876 0.5971431 0.6692522 0.6732438 0.5425892 1.1630636 2.1420294 1.0799722 1.0792923 1.0772191 1.1419538 1.1616005 1.1230598 1.2782315 0.9986455 1.2674969 1.3386249 1.3339890 1.3413349 1.3868555 1.4097679 1.4288195 1.3728537 1.4984278 1.4751827 1.4675455 1.3240078 1.6831256 1.7947455 1.3017209 1.3017209 1.6015011 1.4187820 1.8456264 1.5920294 2.2796245 2.6778836 2.6153231 2.2484594 2.0774843 1.8935468 1.9315334 2.2917712 2.9915602 2.9072351 3.7773402 3.6755584 3.1359714 3.6018309 
Adig_XM_015900371.1                                      1.6997070 1.4163631 1.4728288 1.5958578 0.6573664 0.9162680 0.0000000 0.0268603 0.2996789 0.2828259 0.2957142 0.3110519 0.3568354 1.5236009 2.8796390 1.9654350 2.0690039 2.1420365 1.9334228 1.7544216 1.9570387 2.3175090 1.5625950 1.6890051 1.8512258 1.8452099 1.8810541 1.9754978 2.0695426 2.1255668 1.9865509 2.3791815 2.3600593 2.1184988 0.0000010 3.1148093 2.1798959 1.9293410 1.9293410 2.5086195 2.0099462 2.8610526 2.3597655 3.8741053 4.2288957 3.7733584 3.0306273 2.6773302 2.3802996 2.3492360 3.3696862 5.9029585 4.6378653 5.8509147 5.0838879 3.9139595 4.8964825 
Amil_Amillepora23393-RA                                  0.9857851 0.8662766 0.9345018 0.9384383 0.5118363 0.5801746 0.0268603 0.0000000 0.1843835 0.2004374 0.2514094 0.2442225 0.2015781 0.9986602 2.5329299 1.0688102 1.0706884 1.0977576 1.1307751 1.0769933 0.9432765 1.0484636 1.0365822 1.2318663 1.5110062 1.5090534 1.3980379 1.4560947 1.4940742 1.5125974 1.4943256 1.3153573 1.3510306 1.4947532 1.2539717 1.6745065 1.7808996 1.3765391 1.3765391 1.5278024 1.2049563 1.5008365 1.6056463 2.5591405 3.6942149 2.9870253 2.0788540 1.9913299 1.8746034 1.9181309 1.9789933 2.6606399 2.5580177 3.1906036 3.0872993 3.0141381 3.1305938 
Gfas_gfas1.m1.23318.m1                                   1.1068206 1.0110843 1.0881512 1.0346516 0.5810135 0.6224876 0.2996789 0.1843835 0.0000000 0.1858670 0.2820640 0.2616219 0.2500299 1.0604982 2.5220529 1.1314526 1.1928518 1.2204976 1.1547130 1.1044448 1.2041854 1.1314951 1.1468547 1.3831890 1.5711194 1.5692511 1.5303864 1.5861565 1.5923574 1.6098435 1.6112830 1.3532647 1.4296790 1.5562122 1.3405243 1.8694274 1.9366707 1.3630240 1.3630240 1.5253731 1.3154805 1.7135213 1.7924891 2.4741171 3.5906076 3.0359347 2.1782512 2.0680949 1.8026430 1.9884118 2.1477194 3.0997560 2.8202823 3.1860297 3.1997502 2.9449029 3.0869992 
Fspp_ffun1.m4.685.m1                                     1.0558917 0.9411985 1.0224102 1.0289243 0.4975478 0.5971431 0.2828259 0.2004374 0.1858670 0.0000000 0.1829461 0.1865240 0.1255308 1.0372721 2.3573339 1.0994450 1.1409030 1.1301547 1.1799989 1.0937655 1.1012371 1.0771913 0.9923071 1.2331908 1.4143882 1.4135844 1.3443768 1.4020517 1.4232440 1.4392186 1.4130869 1.3881686 1.3704015 1.4927568 1.2833789 1.6729646 1.8142229 1.3500378 1.3500378 1.4475764 1.2466750 1.5700856 1.7458990 2.5156607 3.6755862 3.0268925 2.1113296 2.0283322 1.8843221 2.0288747 2.2000575 2.9230271 2.5770724 3.2522129 3.3225964 2.9375870 2.8103914 
Spis_XP_022790688_1                                      1.0743644 1.0224134 1.0847981 1.0051850 0.5863839 0.6692522 0.2957142 0.2514094 0.2820640 0.1829461 0.0000000 0.0205093 0.2550587 1.1249338 2.2538620 1.1590291 1.1821358 1.2070609 1.2526307 1.1606675 1.2121138 1.1272512 1.0305658 1.2278756 1.4241718 1.4173977 1.4236499 1.4518410 1.4685182 1.4848573 1.4695582 1.4582566 1.4162033 1.5807325 1.2876670 1.7143017 1.9040241 1.4089706 1.4089706 1.5470883 1.2827406 1.6536985 1.8020927 2.5409217 3.4649453 3.1644956 2.2049123 2.0696862 1.9542463 2.1866905 2.4074673 2.9574750 2.7658426 3.0460790 3.5169300 2.8777923 2.8113592 
Pocdam_XM_027203460.1                                    1.0733129 0.9944842 1.0905549 1.0157006 0.5916085 0.6732438 0.3110519 0.2442225 0.2616219 0.1865240 0.0205093 0.0000000 0.2473992 1.0914125 2.2098301 1.1383268 1.1612946 1.2167669 1.2080856 1.1443189 1.1720200 1.1293286 1.0584439 1.2651173 1.4413630 1.4344865 1.4302424 1.4585869 1.4794591 1.4959009 1.4764296 1.4315462 1.3946318 1.5339098 1.2687253 1.7167544 1.8549332 1.3842587 1.3842587 1.5211869 1.2887981 1.6611104 1.8047401 2.5126501 3.3662068 3.1610772 2.2408291 2.0957217 1.9318800 2.2409239 2.3864335 3.0050375 2.8171486 3.0462044 3.5694463 2.9319570 2.9210598 
Gasp_gasp1.m3.14454.m1                                   0.9382120 0.8292812 1.0316287 0.9707248 0.5679644 0.5425892 0.3568354 0.2015781 0.2500299 0.1255308 0.2550587 0.2473992 0.0000000 0.9327198 2.1428159 1.0271655 0.9976710 1.0177104 1.1096724 0.9899311 1.1403105 1.1003815 0.9945021 1.2114929 1.4485153 1.4485153 1.4077296 1.4707103 1.4738218 1.4738218 1.4152715 1.2274550 1.2803668 1.4129384 1.2970350 1.4186642 1.6962330 1.2378991 1.2378991 1.3147375 1.1945241 1.6154397 1.6908330 2.5184119 4.4176402 2.9678166 1.9869360 1.9055006 1.8927902 1.9602546 1.6831415 2.8092744 2.4707540 3.3344198 3.0485325 2.8338006 3.3370774 
Acagra_model.g24498.t1                                   0.7709479 0.5714609 0.7550249 0.6259180 0.8730354 1.1630636 1.5236009 0.9986602 1.0604982 1.0372721 1.1249338 1.0914125 0.9327198 0.0000000 2.7138918 1.2388355 1.2494433 1.3595993 1.3374620 0.6432768 0.8745244 1.0805066 1.5389706 1.7149483 1.4084965 1.4146532 1.3595958 1.3525800 1.4173963 1.4219957 1.2812772 1.5296770 1.4811221 1.3027885 1.2049521 1.4789893 1.5660974 1.6092751 1.6092751 1.5309677 1.0337457 1.9194428 2.1024967 2.4196506 3.1282294 2.7239136 2.1892364 1.9895000 2.0294447 2.2063092 1.2183055 3.0294433 2.9795266 3.1760396 3.8028088 3.1165001 3.6805226 
Aaur_scaffold474.g13.t1                                  2.6274361 2.2189441 2.1691741 2.4660144 3.9922851 2.1420294 2.8796390 2.5329299 2.5220529 2.3573339 2.2538620 2.2098301 2.1428159 2.7138918 0.0000000 0.5612484 0.5991080 1.0124011 1.1700181 2.7216599 2.9397099 2.7766736 2.4094825 2.5389371 3.6730469 3.6144697 3.1051456 3.0809860 3.2019949 3.3158870 3.1092459 3.0869625 3.1300083 2.6949298 0.4365832 3.3752818 2.8438886 2.6149294 2.6149294 2.9907861 2.1643033 2.5165750 2.6313218 3.0840893 3.4188855 3.3504441 3.8560333 3.5807185 4.0730889 3.8634059 4.1620669 7.0061925 5.7669001 4.7813717 5.5446318 6.9989576 6.3751492 
Nemnom_g13564.t1                                         1.2221311 1.1931209 1.2371712 1.2131479 0.8694181 1.0799722 1.9654350 1.0688102 1.1314526 1.0994450 1.1590291 1.1383268 1.0271655 1.2388355 0.5612484 0.0000000 0.1767567 0.6006226 0.7481552 1.2001047 1.4529251 1.6047425 1.4563364 1.5986454 1.7496441 1.7441129 1.7349879 1.7832494 1.7531824 1.7751425 1.7524809 1.4984801 1.5134853 1.5631507 1.3379982 2.0037815 1.7897234 1.3372108 1.3372108 1.4890377 1.2359109 1.3919219 1.6898636 2.4691286 4.1000945 2.9188828 2.1970967 2.1354771 2.1751730 2.4415119 2.0761529 2.9502662 3.1396220 3.1272726 3.4047216 3.3880921 4.0453816 
Rhoesc_Res_011698-T1                                     1.2024388 1.0907642 1.2577950 1.1697064 0.9575011 1.0792923 2.0690039 1.0706884 1.1928518 1.1409030 1.1821358 1.1612946 0.9976710 1.2494433 0.5991080 0.1767567 0.0000000 0.5164079 0.6692031 1.2287289 1.3468885 1.6192049 1.5093697 1.6391890 1.7845550 1.7667658 1.7939257 1.8838637 1.8747499 1.8800633 1.8384635 1.4332814 1.3519765 1.5999584 1.3888700 1.7369010 1.8426702 1.3352756 1.3352756 1.6078168 1.2192792 1.4191781 1.5737911 2.3288249 3.8869510 2.7019738 2.3331452 2.2215105 2.1276934 2.4682223 2.2927828 3.3068812 3.1849923 2.9362703 3.6359721 3.6326034 4.1549126 
Sanmal_Sma_007612-T1                                     1.3029841 1.2716170 1.4542932 1.2400647 0.9193987 1.0772191 2.1420365 1.0977576 1.2204976 1.1301547 1.2070609 1.2167669 1.0177104 1.3595993 1.0124011 0.6006226 0.5164079 0.0000000 0.7624929 1.3436635 1.3163162 1.6539583 1.5099604 1.5965464 1.7646745 1.7631348 1.8224613 1.9159356 1.8861433 1.8908553 1.8804632 1.7045000 1.5910566 1.7586403 1.3121034 1.8179647 2.1511758 1.6699740 1.6699740 1.7788785 1.3731466 1.5521930 1.5528328 2.8213860 4.4716835 3.0405000 2.3913510 2.3781699 2.3625989 2.6970853 2.6284168 3.2520337 3.6378295 3.3091568 3.7574921 3.5284251 3.3563228 
Morvir_scaffold369.g7.t2                                 1.1087451 1.0950228 1.2925036 1.1854292 1.0328666 1.1419538 1.9334228 1.1307751 1.1547130 1.1799989 1.2526307 1.2080856 1.1096724 1.3374620 1.1700181 0.7481552 0.6692031 0.7624929 0.0000000 1.2172757 1.3482469 1.6361608 1.5640811 1.6494327 1.7046741 1.6875142 1.7616738 1.8440214 1.8520244 1.8712959 1.8067233 1.4971357 1.4317819 1.6072888 1.1775790 1.7703941 1.9303686 1.5520178 1.5520178 1.6671992 1.2973820 1.4880789 1.3417662 2.6143140 4.0464565 3.4579711 2.5190660 2.4177960 2.1593152 2.4366023 2.2154820 3.3971202 3.1323648 3.1484623 3.9074494 3.2807697 3.2528723 
Cgig_XM_020071961.2                                      0.7324459 0.6818466 0.7989082 0.6916739 0.8828641 1.1616005 1.7544216 1.0769933 1.1044448 1.0937655 1.1606675 1.1443189 0.9899311 0.6432768 2.7216599 1.2001047 1.2287289 1.3436635 1.2172757 0.0000000 0.9044795 1.1589580 1.5777952 1.6412591 1.4076277 1.4068214 1.3998264 1.4336495 1.4276639 1.4343721 1.2648906 1.3062680 1.3005877 1.3190288 1.2994866 1.4965450 1.4801349 1.3689711 1.3689711 1.3762679 0.9913375 1.6686280 1.8236398 2.1179360 2.3592549 2.6600771 2.1408263 1.9310243 1.8361766 2.1456347 1.5634725 2.8941628 2.6941944 2.8900836 3.4364075 2.8694638 3.0829271 
Spur_XM_030982811.1                                      0.8598187 0.6365607 0.7028000 0.8502991 0.9136993 1.1230598 1.9570387 0.9432765 1.2041854 1.1012371 1.2121138 1.1720200 1.1403105 0.8745244 2.9397099 1.4529251 1.3468885 1.3163162 1.3482469 0.9044795 0.0000000 1.1242526 1.3946222 1.4410407 1.5124822 1.5114443 1.5156269 1.5406348 1.5476921 1.5548963 1.5169522 1.5173676 1.4444593 1.3475461 1.3353062 1.5462311 1.4508400 1.5343119 1.5343119 1.6205080 1.1295233 1.7923304 2.2254446 2.3688264 2.8784953 2.6895710 2.3241868 2.1480880 2.3671076 2.3493286 1.6675339 3.0852364 2.7994389 3.5905349 3.7093946 3.0092381 3.4319252 
Dpul_mRNA10090                                           1.3008142 1.0600466 1.0832917 0.9567481 0.9201108 1.2782315 2.3175090 1.0484636 1.1314951 1.0771913 1.1272512 1.1293286 1.1003815 1.0805066 2.7766736 1.6047425 1.6192049 1.6539583 1.6361608 1.1589580 1.1242526 0.0000000 1.7041971 1.8469566 1.5378669 1.5445828 1.4516764 1.4766333 1.5295727 1.5397742 1.4548879 1.6970109 1.5694597 1.6149474 1.4150767 1.5998083 1.7893643 1.7416669 1.7416669 1.8082800 0.9521076 2.1370228 2.1707205 2.8164863 3.8619669 3.4184218 2.5500195 2.4260282 2.3375854 2.4892435 2.1482150 2.8022718 2.7435712 3.0334785 3.6477751 3.3328698 3.0063267 
Dgig_XM_028550323.1                                      1.4066044 1.3624289 1.2462204 1.3410367 1.0118579 0.9986455 1.5625950 1.0365822 1.1468547 0.9923071 1.0305658 1.0584439 0.9945021 1.5389706 2.4094825 1.4563364 1.5093697 1.5099604 1.5640811 1.5777952 1.3946222 1.7041971 0.0000000 0.4583070 1.7588656 1.7397773 1.6663123 1.7461112 1.7469040 1.7707365 1.7647411 1.7968017 1.6576093 1.7679104 1.6527626 1.8900839 2.0600843 1.4984814 1.4984814 1.8414410 1.6294283 1.9871171 2.2031649 2.6526471 3.4749806 3.3259597 2.4182951 2.2549035 2.4300370 2.3683219 2.5571765 2.6710154 2.5478039 3.3620736 3.5598104 2.9283615 3.3468774 
Xesp_000244-T1                                           1.5401536 1.4753330 1.3411726 1.4899067 1.2286863 1.2674969 1.6890051 1.2318663 1.3831890 1.2331908 1.2278756 1.2651173 1.2114929 1.7149483 2.5389371 1.5986454 1.6391890 1.5965464 1.6494327 1.6412591 1.4410407 1.8469566 0.4583070 0.0000000 1.9444833 1.9378968 1.7949288 1.9056925 1.9680336 1.9943546 1.8225415 1.9928485 1.9401884 1.9733894 1.8553267 1.9978595 2.1736621 1.6778440 1.6778440 1.9521097 1.7265459 1.9981705 2.1650841 2.5784030 3.5308662 3.2701380 2.3764942 2.2769131 2.1222798 2.2134934 2.7808156 2.8491695 2.5742912 3.1853175 3.7303250 3.0034210 3.2504053 
Tadh_TriadT57947                                         1.2781709 1.2247765 1.4520279 1.4519527 1.3149255 1.3386249 1.8512258 1.5110062 1.5711194 1.4143882 1.4241718 1.4413630 1.4485153 1.4084965 3.6730469 1.7496441 1.7845550 1.7646745 1.7046741 1.4076277 1.5124822 1.5378669 1.7588656 1.9444833 0.0000000 0.0036111 0.2449996 0.2506411 0.2587029 0.2601801 0.2197350 2.2860489 2.1475886 2.0995204 1.5601001 1.9441982 2.4473078 1.7642027 1.7573403 1.7499816 1.5641613 2.0720541 2.1782786 2.3212338 3.2284627 3.0897602 2.2468023 2.3245231 2.2473742 2.2764061 2.7924304 2.6840321 2.9490157 3.4162133 3.2808441 3.4343503 3.5284651 
TrH2_TrispH2_001488-RA                                   1.2781461 1.2180263 1.4503291 1.4531203 1.3149255 1.3339890 1.8452099 1.5090534 1.5692511 1.4135844 1.4173977 1.4344865 1.4485153 1.4146532 3.6144697 1.7441129 1.7667658 1.7631348 1.6875142 1.4068214 1.5114443 1.5445828 1.7397773 1.9378968 0.0036111 0.0000000 0.2401528 0.2456937 0.2537677 0.2552181 0.2150152 2.2792666 2.1265356 2.1115682 1.5601001 1.9350636 2.4434824 1.7802399 1.7733227 1.7624586 1.5563254 2.0720541 2.1934944 2.3091230 3.2170185 3.0832238 2.2440224 2.3131462 2.2364727 2.2737613 2.7731463 2.6755131 2.9322815 3.4130747 3.3004946 3.4290245 3.5082982 
HoiH06_mRNA7039                                          1.3307973 1.2477396 1.4119386 1.3925378 1.3174394 1.3413349 1.8810541 1.3980379 1.5303864 1.3443768 1.4236499 1.4302424 1.4077296 1.3595958 3.1051456 1.7349879 1.7939257 1.8224613 1.7616738 1.3998264 1.5156269 1.4516764 1.6663123 1.7949288 0.2449996 0.2401528 0.0000000 0.0537212 0.1265393 0.1312013 0.1321397 2.1543665 2.0458021 2.0122809 1.6186636 1.9380716 2.4874493 1.8006226 1.7991808 1.7338399 1.5370750 1.9909548 2.0974818 2.4624459 3.8802484 3.4810833 2.3193308 2.3541063 2.2158492 2.3158032 2.5133240 2.9577098 3.1149350 3.4671851 3.3830498 3.6399975 3.7415551 
HoiH23_PlH23_001111-RA                                   1.3911367 1.2733239 1.4495865 1.4069385 1.3645144 1.3868555 1.9754978 1.4560947 1.5861565 1.4020517 1.4518410 1.4585869 1.4707103 1.3525800 3.0809860 1.7832494 1.8838637 1.9159356 1.8440214 1.4336495 1.5406348 1.4766333 1.7461112 1.9056925 0.2506411 0.2456937 0.0537212 0.0000000 0.1344702 0.1392797 0.1600433 2.2365757 2.1457281 2.1147750 1.6003526 2.0533782 2.6045848 1.8351053 1.8253499 1.8017021 1.6268380 2.0599065 2.2168433 2.4803017 3.9577465 3.4875835 2.2766290 2.3275456 2.2866391 2.3775914 2.5809332 2.9830531 3.1834997 3.5685554 3.4028596 3.5166534 3.7747094 
Hhon_g00264.t1                                           1.3951683 1.2620860 1.5174017 1.3890529 1.2661696 1.4097679 2.0695426 1.4940742 1.5923574 1.4232440 1.4685182 1.4794591 1.4738218 1.4173963 3.2019949 1.7531824 1.8747499 1.8861433 1.8520244 1.4276639 1.5476921 1.5295727 1.7469040 1.9680336 0.2587029 0.2537677 0.1265393 0.1344702 0.0000000 0.0036164 0.2147418 2.2930010 2.1473889 2.1393308 1.6203654 2.0441975 2.7142663 1.8750747 1.8678701 1.7891270 1.6366363 2.0228571 2.0935695 2.4563664 4.1046304 3.4251239 2.2775614 2.3306588 2.3451931 2.3717587 2.5959914 2.8710134 3.1786522 3.4067389 3.3166598 3.7025117 3.6743686 
HoiH04_mRNA15688                                         1.4016815 1.2698669 1.5244930 1.4079618 1.2661696 1.4288195 2.1255668 1.5125974 1.6098435 1.4392186 1.4848573 1.4959009 1.4738218 1.4219957 3.3158870 1.7751425 1.8800633 1.8908553 1.8712959 1.4343721 1.5548963 1.5397742 1.7707365 1.9943546 0.2601801 0.2552181 0.1312013 0.1392797 0.0036164 0.0000000 0.2165796 2.2989874 2.1531495 2.1483328 1.6203654 2.0691860 2.7336453 1.8970516 1.8897758 1.7983503 1.6473755 2.0450170 2.1138355 2.4822138 4.2120327 3.4777537 2.2911433 2.3426186 2.3551520 2.4022972 2.6136124 2.9077677 3.1876417 3.4269759 3.3263026 3.7156143 3.6850592 
HoiH11_mRNA3718                                          1.2947938 1.1642786 1.4050957 1.3414525 1.3618585 1.3728537 1.9865509 1.4943256 1.6112830 1.4130869 1.4695582 1.4764296 1.4152715 1.2812772 3.1092459 1.7524809 1.8384635 1.8804632 1.8067233 1.2648906 1.5169522 1.4548879 1.7647411 1.8225415 0.2197350 0.2150152 0.1321397 0.1600433 0.2147418 0.2165796 0.0000000 2.1581373 2.1090844 2.0273435 1.6198863 2.0031147 2.4717446 1.6941548 1.6927836 1.6819441 1.4901922 2.1492117 2.2451095 2.4005249 4.0421465 3.5033957 2.2521534 2.3215162 2.1808797 2.2468011 2.5500296 2.9955210 3.0875102 3.3972409 3.5564388 3.5020698 3.7518733 
Emue_Em0023g338a.t1                                      1.5144858 1.3156108 1.2758194 1.3463125 1.2357235 1.4984278 2.3791815 1.3153573 1.3532647 1.3881686 1.4582566 1.4315462 1.2274550 1.5296770 3.0869625 1.4984801 1.4332814 1.7045000 1.4971357 1.3062680 1.5173676 1.6970109 1.7968017 1.9928485 2.2860489 2.2792666 2.1543665 2.2365757 2.2930010 2.2989874 2.1581373 0.0000000 0.2521945 0.9205496 0.6618791 1.2532549 1.0949613 1.5065664 1.5037495 1.5020326 1.7226318 2.0628013 2.5367298 2.7661027 4.8362940 3.8739530 2.4783773 2.6955729 2.3771650 2.5139091 2.6382259 3.2891538 2.9635802 3.7382892 3.8713641 3.8867397 4.0542734 
Spolac_c102139_g1_i2_m.28089c102139-g1                   1.3981782 1.2643078 1.2338377 1.2404464 1.2319715 1.4751827 2.3600593 1.3510306 1.4296790 1.3704015 1.4162033 1.3946318 1.2803668 1.4811221 3.1300083 1.5134853 1.3519765 1.5910566 1.4317819 1.3005877 1.4444593 1.5694597 1.6576093 1.9401884 2.1475886 2.1265356 2.0458021 2.1457281 2.1473889 2.1531495 2.1090844 0.2521945 0.0000000 0.8802132 0.6976243 1.1575182 1.0098388 1.4399547 1.4371743 1.5206414 1.5629450 2.0525858 2.3560767 2.8754589 5.0733222 3.7307070 2.4882921 2.5973003 2.3492076 2.5436145 2.4576852 3.1212552 3.0142697 3.8527444 3.9635635 3.9982188 3.8080505 
Tetwil_g11103.t1                                         1.4862547 1.1816377 1.2884352 1.3189054 1.4380986 1.4675455 2.1184988 1.4947532 1.5562122 1.4927568 1.5807325 1.5339098 1.4129384 1.3027885 2.6949298 1.5631507 1.5999584 1.7586403 1.6072888 1.3190288 1.3475461 1.6149474 1.7679104 1.9733894 2.0995204 2.1115682 2.0122809 2.1147750 2.1393308 2.1483328 2.0273435 0.9205496 0.8802132 0.0000000 0.5580578 0.9456133 0.4714613 1.4874705 1.4954736 1.4280059 1.4383373 2.1239422 2.3631906 2.4832439 3.4220523 3.0038999 2.5082579 2.4998152 2.2943114 2.4719116 2.0720827 3.4282716 3.0001198 4.2345959 3.6767331 3.8280349 3.7516658 
Xestes_maker-XT_scaffold158192-augustus-gene-0.2-mRNA-1  1.2765653 1.1669514 1.2375436 1.3529306 1.6083123 1.3240078 0.0000010 1.2539717 1.3405243 1.2833789 1.2876670 1.2687253 1.2970350 1.2049521 0.4365832 1.3379982 1.3888700 1.3121034 1.1775790 1.2994866 1.3353062 1.4150767 1.6527626 1.8553267 1.5601001 1.5601001 1.6186636 1.6003526 1.6203654 1.6203654 1.6198863 0.6618791 0.6976243 0.5580578 0.0000000 0.3610915 0.6218168 1.2268130 1.2268130 1.2764112 1.4924010 1.5618535 1.9618439 2.1466212 0.0000010 2.6916595 2.4043198 2.3878696 1.7884069 2.0696711 1.8872204 2.3416189 2.5170794 2.8364695 3.1051286 2.4439313 2.8281290 
Halamb_c52204_g2_i2mm.4398                               1.6663638 1.3142212 1.4442716 1.4672527 1.5407871 1.6831256 3.1148093 1.6745065 1.8694274 1.6729646 1.7143017 1.7167544 1.4186642 1.4789893 3.3752818 2.0037815 1.7369010 1.8179647 1.7703941 1.4965450 1.5462311 1.5998083 1.8900839 1.9978595 1.9441982 1.9350636 1.9380716 2.0533782 2.0441975 2.0691860 2.0031147 1.2532549 1.1575182 0.9456133 0.3610915 0.0000000 1.0547855 1.6262612 1.6382372 1.7951277 1.6153058 2.1201308 2.3901335 2.5745333 3.1454445 3.3378558 2.7626029 2.9336833 2.4275308 2.6787453 2.3404195 3.1237081 3.1141587 3.7358869 3.5452267 3.7318482 3.6052691 
Stycar_maker-SC_scaffold133857-augustus-gene-0.20-mRNA-1 1.7563135 1.3390301 1.3602709 1.5747842 1.5499692 1.7947455 2.1798959 1.7808996 1.9366707 1.8142229 1.9040241 1.8549332 1.6962330 1.5660974 2.8438886 1.7897234 1.8426702 2.1511758 1.9303686 1.4801349 1.4508400 1.7893643 2.0600843 2.1736621 2.4473078 2.4434824 2.4874493 2.6045848 2.7142663 2.7336453 2.4717446 1.0949613 1.0098388 0.4714613 0.6218168 1.0547855 0.0000000 1.8714836 1.8850485 1.6565813 1.4697558 2.5049068 2.9629412 3.0959687 3.5229644 3.2759263 3.1575934 3.2030985 2.6643585 2.8747142 2.1779269 3.6635250 3.3082800 4.5837096 4.5820992 4.2957466 4.3123257 
Ocar_g2068                                               1.6129846 1.2976167 1.4906568 1.5342720 1.2162375 1.3017209 1.9293410 1.3765391 1.3630240 1.3500378 1.4089706 1.3842587 1.2378991 1.6092751 2.6149294 1.3372108 1.3352756 1.6699740 1.5520178 1.3689711 1.5343119 1.7416669 1.4984814 1.6778440 1.7642027 1.7802399 1.8006226 1.8351053 1.8750747 1.8970516 1.6941548 1.5065664 1.4399547 1.4874705 1.2268130 1.6262612 1.8714836 0.0000000 0.0033993 0.7013609 1.5569181 1.9344740 1.8503891 2.7499747 4.3830750 3.3716721 2.2440979 2.3374667 2.1981711 2.0819499 2.4383121 2.9611613 3.3957231 4.2373508 4.1030079 3.3561595 4.4973995 
Opea_EP00118_Oscarella_pearsei_P003999                   1.6129846 1.2976167 1.4906568 1.5342720 1.2162375 1.3017209 1.9293410 1.3765391 1.3630240 1.3500378 1.4089706 1.3842587 1.2378991 1.6092751 2.6149294 1.3372108 1.3352756 1.6699740 1.5520178 1.3689711 1.5343119 1.7416669 1.4984814 1.6778440 1.7573403 1.7733227 1.7991808 1.8253499 1.8678701 1.8897758 1.6927836 1.5037495 1.4371743 1.4954736 1.2268130 1.6382372 1.8850485 0.0033993 0.0000000 0.6985155 1.5569181 1.9344740 1.8640290 2.7450332 4.4779271 3.4025834 2.2440979 2.3503633 2.1964003 2.0778695 2.4383121 2.9861941 3.3957231 4.2300377 4.0795696 3.3437885 4.4795606 
Plajan_Pjan_scaffold21118_01                             1.5932142 1.3461465 1.5463016 1.6266219 1.2915163 1.6015011 2.5086195 1.5278024 1.5253731 1.4475764 1.5470883 1.5211869 1.3147375 1.5309677 2.9907861 1.4890377 1.6078168 1.7788785 1.6671992 1.3762679 1.6205080 1.8082800 1.8414410 1.9521097 1.7499816 1.7624586 1.7338399 1.8017021 1.7891270 1.7983503 1.6819441 1.5020326 1.5206414 1.4280059 1.2764112 1.7951277 1.6565813 0.7013609 0.6985155 0.0000000 1.7463705 2.1294232 2.0892045 2.7211622 4.2218442 3.2744206 2.4981931 2.6046734 2.3890850 2.2295600 2.3014464 3.4106795 3.8893365 4.2354733 3.6716798 3.6685376 4.2339472 
Tcas_TC001944_001                                        1.2722334 1.0278453 1.1408893 0.9402341 1.1948556 1.4187820 2.0099462 1.2049563 1.3154805 1.2466750 1.2827406 1.2887981 1.1945241 1.0337457 2.1643033 1.2359109 1.2192792 1.3731466 1.2973820 0.9913375 1.1295233 0.9521076 1.6294283 1.7265459 1.5641613 1.5563254 1.5370750 1.6268380 1.6366363 1.6473755 1.4901922 1.7226318 1.5629450 1.4383373 1.4924010 1.6153058 1.4697558 1.5569181 1.5569181 1.7463705 0.0000000 1.7985638 1.8469706 2.3929714 3.0823618 3.1966504 2.3216173 2.1106759 2.1176115 2.6806050 1.7427851 2.9515486 2.5889449 3.1242162 3.6914065 3.2294016 3.1084281 
Hvul_g28274_1                                            1.7267801 1.6736654 1.7472593 1.7441145 1.3108567 1.8456264 2.8610526 1.5008365 1.7135213 1.5700856 1.6536985 1.6611104 1.6154397 1.9194428 2.5165750 1.3919219 1.4191781 1.5521930 1.4880789 1.6686280 1.7923304 2.1370228 1.9871171 1.9981705 2.0720541 2.0720541 1.9909548 2.0599065 2.0228571 2.0450170 2.1492117 2.0628013 2.0525858 2.1239422 1.5618535 2.1201308 2.5049068 1.9344740 1.9344740 2.1294232 1.7985638 0.0000000 1.4329497 2.7581003 4.7712647 3.3008093 2.6377668 2.5354040 2.2426250 2.5879061 2.9041157 3.0948796 3.2382624 2.8517069 3.5069247 3.3357911 3.0793219 
Chem_TCONS_00000990                                      1.8349219 1.9189624 2.2127914 1.8298938 1.7097766 1.5920294 2.3597655 1.6056463 1.7924891 1.7458990 1.8020927 1.8047401 1.6908330 2.1024967 2.6313218 1.6898636 1.5737911 1.5528328 1.3417662 1.8236398 2.2254446 2.1707205 2.2031649 2.1650841 2.1782786 2.1934944 2.0974818 2.2168433 2.0935695 2.1138355 2.2451095 2.5367298 2.3560767 2.3631906 1.9618439 2.3901335 2.9629412 1.8503891 1.8640290 2.0892045 1.8469706 1.4329497 0.0000000 3.2095816 5.1542535 4.2165644 2.8871382 2.6828113 2.8353613 2.8248090 3.4147722 3.1926675 3.6268230 4.2464504 3.6590505 4.2289446 3.9867128 
Mlei_ML0144.g15.i1                                       2.3436970 2.3351813 2.3602482 2.5609188 1.9006066 2.2796245 3.8741053 2.5591405 2.4741171 2.5156607 2.5409217 2.5126501 2.5184119 2.4196506 3.0840893 2.4691286 2.3288249 2.8213860 2.6143140 2.1179360 2.3688264 2.8164863 2.6526471 2.5784030 2.3212338 2.3091230 2.4624459 2.4803017 2.4563664 2.4822138 2.4005249 2.7661027 2.8754589 2.4832439 2.1466212 2.5745333 3.0959687 2.7499747 2.7450332 2.7211622 2.3929714 2.7581003 3.2095816 0.0000000 0.3732198 0.5325670 1.4232052 1.5230082 0.9722810 1.1962848 3.5455091 3.3701169 3.0616129 3.9174380 3.5973255 3.8451374 3.8719428 
Bolinf_Binf_sb1225888                                    3.2235659 2.9360111 3.6865256 3.8847845 4.4296708 2.6778836 4.2288957 3.6942149 3.5906076 3.6755862 3.4649453 3.3662068 4.4176402 3.1282294 3.4188855 4.1000945 3.8869510 4.4716835 4.0464565 2.3592549 2.8784953 3.8619669 3.4749806 3.5308662 3.2284627 3.2170185 3.8802484 3.9577465 4.1046304 4.2120327 4.0421465 4.8362940 5.0733222 3.4220523 0.0000010 3.1454445 3.5229644 4.3830750 4.4779271 4.2218442 3.0823618 4.7712647 5.1542535 0.3732198 0.0000000 0.8404522 2.6888944 2.7209030 1.6989253 1.8054464 6.2720352 4.9287120 5.6059004 8.9999984 6.9372961 8.8305748 6.4346207 
Beraby_Baby_sb328912                                     3.0967389 2.9152344 2.9809522 3.2081782 2.0995733 2.6153231 3.7733584 2.9870253 3.0359347 3.0268925 3.1644956 3.1610772 2.9678166 2.7239136 3.3504441 2.9188828 2.7019738 3.0405000 3.4579711 2.6600771 2.6895710 3.4184218 3.3259597 3.2701380 3.0897602 3.0832238 3.4810833 3.4875835 3.4251239 3.4777537 3.5033957 3.8739530 3.7307070 3.0038999 2.6916595 3.3378558 3.2759263 3.3716721 3.4025834 3.2744206 3.1966504 3.3008093 4.2165644 0.5325670 0.8404522 0.0000000 1.6331321 1.8728479 1.3441834 1.5362308 4.7382426 4.9036879 3.6321160 5.0087176 5.1565963 4.8980825 5.2440195 
Pbac_sb2644102                                           1.9498365 2.0325950 2.0994096 2.0607959 1.8372851 2.2484594 3.0306273 2.0788540 2.1782512 2.1113296 2.2049123 2.2408291 1.9869360 2.1892364 3.8560333 2.1970967 2.3331452 2.3913510 2.5190660 2.1408263 2.3241868 2.5500195 2.4182951 2.3764942 2.2468023 2.2440224 2.3193308 2.2766290 2.2775614 2.2911433 2.2521534 2.4783773 2.4882921 2.5082579 2.4043198 2.7626029 3.1575934 2.2440979 2.2440979 2.4981931 2.3216173 2.6377668 2.8871382 1.4232052 2.6888944 1.6331321 0.0000000 0.0939020 1.4786845 1.7423402 3.4750017 2.9397673 2.9663107 3.7241203 3.2876179 2.8908149 4.4348799 
Horcal_Hcv1.av93.c11.g1043.i1                            1.7651122 1.8390264 1.9886331 1.9654637 1.8004968 2.0774843 2.6773302 1.9913299 2.0680949 2.0283322 2.0696862 2.0957217 1.9055006 1.9895000 3.5807185 2.1354771 2.2215105 2.3781699 2.4177960 1.9310243 2.1480880 2.4260282 2.2549035 2.2769131 2.3245231 2.3131462 2.3541063 2.3275456 2.3306588 2.3426186 2.3215162 2.6955729 2.5973003 2.4998152 2.3878696 2.9336833 3.2030985 2.3374667 2.3503633 2.6046734 2.1106759 2.5354040 2.6828113 1.5230082 2.7209030 1.8728479 0.0939020 0.0000000 1.6072298 1.8178949 3.1433013 3.1002614 2.9439461 4.2466644 3.3643524 3.4285461 4.3742313 
Lampan_Lpan_C414005_01                                   1.8950591 1.8842229 1.8736522 2.0773041 1.6225889 1.8935468 2.3802996 1.8746034 1.8026430 1.8843221 1.9542463 1.9318800 1.8927902 2.0294447 4.0730889 2.1751730 2.1276934 2.3625989 2.1593152 1.8361766 2.3671076 2.3375854 2.4300370 2.1222798 2.2473742 2.2364727 2.2158492 2.2866391 2.3451931 2.3551520 2.1808797 2.3771650 2.3492076 2.2943114 1.7884069 2.4275308 2.6643585 2.1981711 2.1964003 2.3890850 2.1176115 2.2426250 2.8353613 0.9722810 1.6989253 1.3441834 1.4786845 1.6072298 0.0000000 1.2584537 2.6963950 3.5766524 3.0559948 4.1639334 4.1472507 3.7816344 4.1526058 
Eupdun_Edun_sb10653108                                   2.0662710 2.1702157 2.1651847 2.3591636 1.6740509 1.9315334 2.3492360 1.9181309 1.9884118 2.0288747 2.1866905 2.2409239 1.9602546 2.2063092 3.8634059 2.4415119 2.4682223 2.6970853 2.4366023 2.1456347 2.3493286 2.4892435 2.3683219 2.2134934 2.2764061 2.2737613 2.3158032 2.3775914 2.3717587 2.4022972 2.2468011 2.5139091 2.5436145 2.4719116 2.0696711 2.6787453 2.8747142 2.0819499 2.0778695 2.2295600 2.6806050 2.5879061 2.8248090 1.1962848 1.8054464 1.5362308 1.7423402 1.8178949 1.2584537 0.0000000 3.0553813 3.5661487 3.5809659 4.7560190 3.8799613 4.0427298 4.0495071 
Ctel_gnl_WGS_AMQN_CAPTEDRAFT_mRNA197057                  1.6340425 1.3563954 1.4501925 1.4494942 1.3996964 2.2917712 3.3696862 1.9789933 2.1477194 2.2000575 2.4074673 2.3864335 1.6831415 1.2183055 4.1620669 2.0761529 2.2927828 2.6284168 2.2154820 1.5634725 1.6675339 2.1482150 2.5571765 2.7808156 2.7924304 2.7731463 2.5133240 2.5809332 2.5959914 2.6136124 2.5500296 2.6382259 2.4576852 2.0720827 1.8872204 2.3404195 2.1779269 2.4383121 2.4383121 2.3014464 1.7427851 2.9041157 3.4147722 3.5455091 6.2720352 4.7382426 3.4750017 3.1433013 2.6963950 3.0553813 0.0000000 3.9777325 3.7281960 4.6031550 4.5375275 3.9979656 4.1495255 
Didcos_EP00039_Didymoeca_costata_P030365                 2.9618914 2.8831205 2.9156489 2.8882929 2.2424654 2.9915602 5.9029585 2.6606399 3.0997560 2.9230271 2.9574750 3.0050375 2.8092744 3.0294433 7.0061925 2.9502662 3.3068812 3.2520337 3.3971202 2.8941628 3.0852364 2.8022718 2.6710154 2.8491695 2.6840321 2.6755131 2.9577098 2.9830531 2.8710134 2.9077677 2.9955210 3.2891538 3.1212552 3.4282716 2.3416189 3.1237081 3.6635250 2.9611613 2.9861941 3.4106795 2.9515486 3.0948796 3.1926675 3.3701169 4.9287120 4.9036879 2.9397673 3.1002614 3.5766524 3.5661487 3.9777325 0.0000000 2.3131487 2.7858787 3.5192190 2.8490105 3.6599537 
Codhol_EP00042_Codosiga_hollandica_P044654               2.8811036 2.6557179 2.7559999 2.6639498 2.0179270 2.9072351 4.6378653 2.5580177 2.8202823 2.5770724 2.7658426 2.8171486 2.4707540 2.9795266 5.7669001 3.1396220 3.1849923 3.6378295 3.1323648 2.6941944 2.7994389 2.7435712 2.5478039 2.5742912 2.9490157 2.9322815 3.1149350 3.1834997 3.1786522 3.1876417 3.0875102 2.9635802 3.0142697 3.0001198 2.5170794 3.1141587 3.3082800 3.3957231 3.3957231 3.8893365 2.5889449 3.2382624 3.6268230 3.0616129 5.6059004 3.6321160 2.9663107 2.9439461 3.0559948 3.5809659 3.7281960 2.3131487 0.0000000 3.9062384 4.5265446 3.8032656 3.8774743 
Saldol_EP00054_Salpingoeca_dolichothecata_P008526        2.9665264 3.3419172 3.3034015 2.9314408 2.7093008 3.7773402 5.8509147 3.1906036 3.1860297 3.2522129 3.0460790 3.0462044 3.3344198 3.1760396 4.7813717 3.1272726 2.9362703 3.3091568 3.1484623 2.8900836 3.5905349 3.0334785 3.3620736 3.1853175 3.4162133 3.4130747 3.4671851 3.5685554 3.4067389 3.4269759 3.3972409 3.7382892 3.8527444 4.2345959 2.8364695 3.7358869 4.5837096 4.2373508 4.2300377 4.2354733 3.1242162 2.8517069 4.2464504 3.9174380 8.9999984 5.0087176 3.7241203 4.2466644 4.1639334 4.7560190 4.6031550 2.7858787 3.9062384 0.0000000 3.2542065 2.5846722 2.7464657 
Mbre_EDQ89676                                            3.6600516 3.7437053 4.0682884 3.5593699 3.1095736 3.6755584 5.0838879 3.0872993 3.1997502 3.3225964 3.5169300 3.5694463 3.0485325 3.8028088 5.5446318 3.4047216 3.6359721 3.7574921 3.9074494 3.4364075 3.7093946 3.6477751 3.5598104 3.7303250 3.2808441 3.3004946 3.3830498 3.4028596 3.3166598 3.3263026 3.5564388 3.8713641 3.9635635 3.6767331 3.1051286 3.5452267 4.5820992 4.1030079 4.0795696 3.6716798 3.6914065 3.5069247 3.6590505 3.5973255 6.9372961 5.1565963 3.2876179 3.3643524 4.1472507 3.8799613 4.5375275 3.5192190 4.5265446 3.2542065 0.0000000 2.1085946 3.7482456 
Chofle_EP00730_Choanoeca_flexa_P017869                   2.8515350 3.0742758 3.1393642 3.2711203 2.5538420 3.1359714 3.9139595 3.0141381 2.9449029 2.9375870 2.8777923 2.9319570 2.8338006 3.1165001 6.9989576 3.3880921 3.6326034 3.5284251 3.2807697 2.8694638 3.0092381 3.3328698 2.9283615 3.0034210 3.4343503 3.4290245 3.6399975 3.5166534 3.7025117 3.7156143 3.5020698 3.8867397 3.9982188 3.8280349 2.4439313 3.7318482 4.2957466 3.3561595 3.3437885 3.6685376 3.2294016 3.3357911 4.2289446 3.8451374 8.8305748 4.8980825 2.8908149 3.4285461 3.7816344 4.0427298 3.9979656 2.8490105 3.8032656 2.5846722 2.1085946 0.0000000 2.9981294 
Salurc_EP00051_Salpingoeca_urceolata_P010717             3.4445759 3.4093729 3.4330260 3.0332521 2.7903820 3.6018309 4.8964825 3.1305938 3.0869992 2.8103914 2.8113592 2.9210598 3.3370774 3.6805226 6.3751492 4.0453816 4.1549126 3.3563228 3.2528723 3.0829271 3.4319252 3.0063267 3.3468774 3.2504053 3.5284651 3.5082982 3.7415551 3.7747094 3.6743686 3.6850592 3.7518733 4.0542734 3.8080505 3.7516658 2.8281290 3.6052691 4.3123257 4.4973995 4.4795606 4.2339472 3.1084281 3.0793219 3.9867128 3.8719428 6.4346207 5.2440195 4.4348799 4.3742313 4.1526058 4.0495071 4.1495255 3.6599537 3.8774743 2.7464657 3.7482456 2.9981294 0.0000000 
