76
Bralan_BLAG15000219_1                                   0.0000000 0.9500415 0.7747919 1.1333075 1.2118218 0.7361379 0.9424369 0.9549862 0.9928184 0.9726080 1.0014539 1.0845172 1.1644051 1.2580620 1.0577690 1.2734650 1.2448267 1.6924265 1.3653212 1.3307475 1.3280107 1.3608623 1.3738888 1.3956348 1.0734433 1.4161161 1.5913018 1.4511833 1.4005967 1.5909145 1.6446191 1.6425135 1.7009895 1.7066349 1.8161073 1.8316614 1.8149455 1.5663144 1.7845788 2.2499700 1.9335224 1.9980880 1.2802180 2.0379111 2.1461916 1.8754715 2.2713952 2.3330000 1.6217642 1.5577956 1.9744847 1.8920339 1.6828462 2.1305090 2.4001464 2.2900074 2.3264959 1.9522830 2.4152610 1.7846461 2.8807813 1.7849667 2.5376697 2.3951931 2.2716276 2.6575352 2.2414797 2.2534604 2.9187268 2.4997850 2.4564513 2.6131278 2.6560805 2.3546073 2.6740267 3.8531283 
Spur_XM_031000495.1                                     0.9500415 0.0000000 0.4398977 0.9818414 1.0809391 0.6644721 0.9111758 0.8960910 0.8983838 0.8765314 1.0312646 0.8966817 1.0181395 1.2080333 1.0867644 1.2311372 1.1426306 1.6327823 1.3260678 1.3018734 1.3149687 1.3572168 1.3476018 1.3510157 0.8539363 1.2763946 1.3406546 1.1639675 1.1066409 1.2985140 1.3616963 1.5449423 1.6300832 1.5082531 1.6587277 1.6519501 1.7002035 1.6075740 1.5918306 1.9338983 1.7573911 2.0130511 1.0857717 2.1023895 1.7513305 1.5493831 1.8298442 2.4109973 1.6966922 1.7055733 1.9568817 1.9197346 1.6689224 2.2011225 2.1904694 2.3089424 2.2720351 2.0066183 2.3229456 1.7770623 2.6476296 1.7470296 2.3942899 2.2966033 2.2295496 2.3498198 2.0002309 2.1072105 2.8086697 2.3157354 2.6578044 2.6231263 2.6239507 2.6332252 2.3130640 3.6133985 
Skow_XM_006824963.1                                     0.7747919 0.4398977 0.0000000 0.7601084 0.7848461 0.6941919 0.6734881 0.6527856 0.6738379 0.6846834 0.6132976 0.7111905 0.7294149 0.7580338 0.7628111 0.9494995 0.8575666 0.9305365 0.9305365 0.9257863 0.9247234 0.9517239 0.9353186 0.9283194 0.8525540 0.9459891 0.9561589 0.9692151 0.9903275 1.0081464 1.1412559 1.3660697 1.3424374 1.3091483 1.3612894 1.5889884 1.6201071 2.0238776 1.3475028 1.6790734 1.5654776 1.5602640 5.4301850 1.3599911 1.4932843 1.2122102 4.9745643 1.4122181 1.2499893 1.0575963 1.8020310 1.4304913 1.1394750 2.1329474 1.9564347 2.1181674 2.0565975 1.7100998 1.5303919 1.3112952 1.2272677 1.4667803 1.4278857 2.1155443 2.2011392 1.7217431 1.8173526 1.6863958 1.7829667 2.0999406 1.9409368 2.0334231 1.8449413 2.1886909 2.3117429 3.7358847 
Exapal_XM_021055628.1                                   1.1333075 0.9818414 0.7601084 0.0000000 0.6864279 0.4311681 0.5409355 0.5574334 0.5767329 0.5414895 0.5902209 0.4755206 1.1741429 1.3618399 0.9631281 1.0670598 1.3752659 1.5508063 1.2322003 1.2337051 1.2322740 1.2272616 1.2309723 1.1842122 0.8719242 1.1717488 1.1794483 1.0189003 1.0716871 1.4060515 1.3978275 1.4407006 1.5467912 1.5722720 1.5513826 1.6069900 1.6208027 1.3933038 1.5371741 1.7823268 1.5828700 1.9385538 1.4634362 1.8236498 1.9089008 1.6379512 2.2889164 2.3299111 1.5612539 1.4610456 1.6928843 1.7594559 1.4822568 2.3179109 2.1987016 2.1503594 2.2291890 1.9221517 2.2433064 1.7054633 2.5580155 1.8083819 2.3527743 2.5675979 2.2465689 2.0613233 2.0589991 2.0952116 2.6138207 2.2008887 2.6555312 2.7788899 2.3828958 2.1272735 2.4215791 3.3337623 
Adig_XM_015917602.1                                     1.2118218 1.0809391 0.7848461 0.6864279 0.0000000 0.2092860 0.3608022 0.3843520 0.4557865 0.4073171 0.3257735 0.6831146 1.1331050 1.4540598 0.9255810 0.9825087 1.2502193 1.6991051 1.1310798 1.0710002 1.0781580 1.1098831 1.1085894 1.1097399 1.1752147 1.1848510 1.3216551 1.0717394 1.0996693 1.7051631 1.4527478 1.5764247 1.6240912 1.6318765 1.6044356 1.6601650 1.6296317 1.4162869 1.5465539 2.0592439 1.8450826 1.6104701 1.0955423 1.7788182 1.5271586 1.5208212 1.8705891 1.8429339 1.2433957 1.3470641 1.8256348 1.7393257 1.4343020 2.2049718 2.0609265 2.2269478 1.9953259 1.9897735 2.9375369 1.8091596 3.1256021 1.6055956 2.6658016 2.4724998 2.2492662 2.2952594 2.2336157 2.0802304 2.7744613 2.1469536 2.5361454 2.3536458 2.4767344 1.8044469 2.6877790 3.3261304 
Amil_Amillepora12503-RA                                 0.7361379 0.6644721 0.6941919 0.4311681 0.2092860 0.0000000 0.1663039 0.1464930 0.1997842 0.1805683 0.0616381 0.4417829 0.9493545 0.9148172 0.8201024 0.9558373 1.0972879 1.1169301 1.1169301 1.0528288 1.0657010 1.0685915 1.0767319 1.0666926 0.9495576 1.0175234 0.9679927 0.9576408 1.0443668 1.0233971 1.1138994 1.4758670 1.4604763 1.4993645 1.4410645 1.6201110 1.6598182 1.9361219 1.3844832 1.8525097 1.6533114 1.6978988 1.4987265 1.6509175 1.7232529 1.2747574 4.9332235 1.6999979 1.4292111 1.3212085 1.7835477 1.7564694 1.2644470 2.2069426 2.1745617 2.1835365 2.2629589 1.6814926 1.7935276 1.4408277 1.4222232 1.6169424 1.5724008 2.2857557 2.3866191 1.8990934 1.7935643 1.8265092 1.8403150 2.4416209 2.4063820 2.3524333 1.6971829 2.3421443 2.8551685 3.7361174 
Fspp_ffun1.m4.14801.m1                                  0.9424369 0.9111758 0.6734881 0.5409355 0.3608022 0.1663039 0.0000000 0.1033665 0.1852563 0.1446276 0.2004532 0.5083955 1.0757357 1.2445842 0.8131237 0.9625148 1.3140069 1.5634379 1.2124886 1.2353432 1.2589018 1.2656373 1.2746209 1.2480908 0.8371421 1.1643808 1.1462933 0.9675081 1.1410804 1.4222555 1.3409955 1.3230815 1.4122472 1.4881806 1.4472979 1.6106088 1.6091971 1.3268458 1.3311683 1.9024028 1.5968611 1.8684071 1.1017218 1.8279325 1.7196474 1.5165270 2.1260499 2.2345414 1.4152047 1.4642355 1.7470067 1.8122220 1.4333269 2.1226609 2.1807861 2.1801359 2.0617076 1.9331810 2.3811415 1.9017338 2.5117729 1.6716512 2.0580000 2.5908588 2.2475895 2.0779793 1.9240968 2.0688928 2.4577552 2.2863340 2.6499911 2.6292001 2.2338222 1.9451823 2.5322337 3.1172157 
Gasp_gasp1.m3.14961.m1                                  0.9549862 0.8960910 0.6527856 0.5574334 0.3843520 0.1464930 0.1033665 0.0000000 0.1634098 0.1601146 0.2253862 0.4998696 1.0579912 1.2442313 0.8398695 0.9814096 1.2837178 1.5390817 1.1776067 1.1805276 1.1960508 1.2158313 1.2210622 1.2004739 0.7617790 1.1665924 1.1565769 0.9763812 1.1274468 1.4407956 1.3892873 1.3218039 1.3901002 1.5032186 1.4038188 1.6039147 1.5816736 1.2454831 1.3333764 1.7491814 1.5002661 1.8206790 1.1329070 1.7688425 1.6528423 1.4720759 1.8263781 2.2479507 1.3660623 1.4849982 1.6751966 1.7277575 1.4426656 2.1032302 2.1376878 2.2254366 2.0523946 1.8192913 2.3405640 1.8546849 2.5328188 1.6655245 2.0730314 2.4463907 2.2101302 2.1318773 1.9974941 2.0199944 2.5761622 2.1149914 2.4458943 2.5269013 2.1689499 2.0237405 2.4190553 3.0985621 
Spis_XP_022799440_1                                     0.9928184 0.8983838 0.6738379 0.5767329 0.4557865 0.1997842 0.1852563 0.1634098 0.0000000 0.0934788 0.2537598 0.4948740 1.0675953 1.2618176 0.8239638 0.9452984 1.2533920 1.6313520 1.2689171 1.2776843 1.2933509 1.3011602 1.3122662 1.3032542 0.7779343 1.2201381 1.1531756 0.9726500 1.1372183 1.4139976 1.3085007 1.3434348 1.4470717 1.5111221 1.4389142 1.6694477 1.6400449 1.1952621 1.3700942 1.8284806 1.5554378 1.8340705 1.0499976 1.7768332 1.7226303 1.4524309 2.2466707 2.3728849 1.4337931 1.4960503 1.7342578 1.8120178 1.4216535 2.1028088 2.0252661 2.1226939 2.0439624 1.8487278 2.2935242 1.7598179 2.4807102 1.5818962 2.1083048 2.5200990 2.0822593 2.1398861 1.9368820 2.0279621 2.5104079 2.2649841 2.5896723 2.6226953 2.2114110 1.9824065 2.3461074 3.1647460 
Pocdam_XM_027188746.1                                   0.9726080 0.8765314 0.6846834 0.5414895 0.4073171 0.1805683 0.1446276 0.1601146 0.0934788 0.0000000 0.2429431 0.5172985 1.0768236 1.2785022 0.8206910 0.9492685 1.2536675 1.6113552 1.2691935 1.2488532 1.2656638 1.2737589 1.2848328 1.2764752 0.8289171 1.1994937 1.1455162 0.9864058 1.1005680 1.3913540 1.3292128 1.3489612 1.4437128 1.5362538 1.4527784 1.6509528 1.6358741 1.2923340 1.3657929 1.8594703 1.5810923 1.8256793 1.0775515 1.7294394 1.7392901 1.4580616 2.2168050 2.2636930 1.4100697 1.5150979 1.7499510 1.8147221 1.3832798 2.1108298 2.0225872 2.0791044 1.9773783 1.8688006 2.2133827 1.8317115 2.5180260 1.5993726 2.1880332 2.4596864 2.1609019 2.1067770 2.0101727 2.1053153 2.5393693 2.2605443 2.5543692 2.6402830 2.1677100 1.9978620 2.5035550 3.1104357 
Gfas_gfas1.m1.16973.m1                                  1.0014539 1.0312646 0.6132976 0.5902209 0.3257735 0.0616381 0.2004532 0.2253862 0.2537598 0.2429431 0.0000000 0.5900190 1.0389481 1.2433603 0.8723848 0.9631654 1.3609932 1.7408222 1.2573919 1.2665170 1.2592226 1.2839420 1.2872790 1.2897627 0.7312898 1.2122398 1.2110100 0.9304396 1.1748490 1.6593911 1.3672236 1.4285960 1.4953411 1.5587942 1.5484774 1.5883322 1.5545695 1.3008332 1.3695348 2.0434627 1.6363170 1.7417492 1.0505956 1.8950571 1.8628594 1.4758667 1.9192603 2.6318983 1.4329023 1.3778752 1.7917863 1.7745905 1.5049688 2.1127285 2.0541724 2.2126140 2.0285398 1.7423653 2.7878992 1.9147371 2.6975107 1.6495243 2.1546993 2.1060667 2.0734800 2.2001390 2.1162318 2.1200844 2.8334978 2.1976759 2.4878084 2.5663823 2.3969527 1.8773095 2.3711175 3.3073239 
Nvec_v1g163923                                          1.0845172 0.8966817 0.7111905 0.4755206 0.6831146 0.4417829 0.5083955 0.4998696 0.4948740 0.5172985 0.5900190 0.0000000 1.0354639 1.2172188 0.9580042 1.0471115 1.3012650 1.5874534 1.2756150 1.2588199 1.2618003 1.2730103 1.2831774 1.2440572 0.7216764 1.1958424 1.1673896 1.0823048 1.0919054 1.3412083 1.3359945 1.4451492 1.5298985 1.5808266 1.5198970 1.5397285 1.5339029 1.2264182 1.3863027 1.8448844 1.5914087 1.9990583 1.2978020 1.8946919 1.9204197 1.5528801 2.0937392 2.3918577 1.5564254 1.4264508 1.6141316 1.7721801 1.4316056 2.0928983 2.0349354 2.1782509 2.0845087 2.0256026 2.1624650 1.5561682 2.5081011 1.6405641 2.4015269 2.3998722 2.2253824 2.0603900 1.8908294 1.9558907 2.5794854 2.1357817 2.5982915 2.6578967 2.4750285 1.8769490 2.4822211 3.2652396 
Acagra_model.g5822.t1                                   1.1644051 1.0181395 0.7294149 1.1741429 1.1331050 0.9493545 1.0757357 1.0579912 1.0675953 1.0768236 1.0389481 1.0354639 0.0000000 0.9741160 1.3230907 1.4305489 0.9782845 1.8463698 1.4178494 1.4211770 1.4270288 1.4652248 1.4524838 1.3976763 0.8349705 1.4102795 1.5600959 1.3173494 1.3373161 1.6346129 1.5293201 1.5511127 1.6705474 1.6651434 1.7503754 1.7995979 1.8090445 1.7555563 1.7399794 2.2261295 1.8942903 1.9396513 1.4799322 1.9366231 2.0361325 1.7892124 2.4566625 2.5295466 1.6235606 1.6184316 2.0000657 2.0726822 1.8690345 2.5552528 2.3577771 2.3729318 2.2578799 1.8059115 2.2635788 1.7625035 2.7877888 1.7333985 2.2861491 2.4229738 2.3160126 2.4172151 2.1925397 2.3348811 3.0243217 2.5252522 3.0279497 2.6052041 2.6879645 2.5513929 2.5921985 3.4838860 
Cgig_XM_034466117.1                                     1.2580620 1.2080333 0.7580338 1.3618399 1.4540598 0.9148172 1.2445842 1.2442313 1.2618176 1.2785022 1.2433603 1.2172188 0.9741160 0.0000000 1.3557427 1.4603807 1.1073044 1.8924438 1.4143507 1.4378508 1.4295537 1.4462884 1.4403997 1.3755447 0.9505161 1.5670999 1.7074258 1.4997857 1.4113015 1.9793188 1.7546733 1.7945637 1.8087971 1.8588380 1.9642324 1.9730869 1.9604771 1.6272982 1.9386554 2.2960775 1.9205718 2.1100269 1.4068156 2.0853790 2.0745853 1.7046461 2.4921425 2.2530650 1.5857902 1.6691879 2.0313515 2.0958584 1.9508010 2.3366218 2.2634060 2.3379263 2.3585558 1.9733697 2.4613359 1.7354895 2.8874100 1.8379706 2.3938155 2.3637730 2.4295378 2.4720052 2.1870661 2.1272803 2.4728607 2.5592276 2.8116522 2.5741414 2.4948434 2.3432087 2.7206610 3.6550018 
Dgig_XM_028552936.1                                     1.0577690 1.0867644 0.7628111 0.9631281 0.9255810 0.8201024 0.8131237 0.8398695 0.8239638 0.8206910 0.8723848 0.9580042 1.3230907 1.3557427 0.0000000 0.3654160 1.4244191 1.7257274 1.3620250 1.3881599 1.3809496 1.4303218 1.4260880 1.4034919 0.8268047 1.0869043 1.1427152 1.0808959 1.0732650 1.4624602 1.2546194 1.5107900 1.5755017 1.7058270 1.6710061 1.7649106 1.7573393 1.4598126 1.6596216 1.9054310 1.7374232 1.9685949 1.1688528 2.0346690 1.9710760 1.6661301 1.9745885 2.3098477 1.5803683 1.5159081 1.8773621 1.8709242 1.6036496 2.0168989 2.2016942 2.2246126 2.0694684 1.7505817 2.3619163 1.8964937 2.5187200 1.8288400 2.4572074 2.7353852 2.4861759 2.2987132 2.0679909 2.1512779 2.6948585 2.2377448 2.5459031 2.6063646 2.3842513 2.3007481 2.4618835 3.4477805 
Xesp_009145-T1                                          1.2734650 1.2311372 0.9494995 1.0670598 0.9825087 0.9558373 0.9625148 0.9814096 0.9452984 0.9492685 0.9631654 1.0471115 1.4305489 1.4603807 0.3654160 0.0000000 1.5181772 1.8739621 1.4678113 1.4657320 1.4533752 1.4865831 1.4775003 1.4786273 0.9674575 1.1545715 1.2641285 1.1463618 1.2135159 1.5638928 1.3334498 1.7849392 1.9491594 1.9230061 1.9178205 1.8690271 1.8475065 1.7485023 1.8627962 2.1835958 1.9445116 2.0950953 1.2344024 2.0349374 1.8867452 1.8295897 1.7980428 2.4229430 1.7182716 1.6304448 2.1349728 1.9628333 1.6728804 2.2539415 2.0952988 2.3811838 2.2828104 2.0244175 2.7058536 2.1829281 2.9074526 1.9246118 2.7084197 2.8052399 2.6186122 2.4230295 2.1016181 2.1600268 3.0989635 2.3836507 2.7208314 2.7438254 2.5924509 2.1851111 2.7986263 3.6339386 
Ctel_gnl_WGS_AMQN_CAPTEDRAFT_mRNA220815                 1.2448267 1.1426306 0.8575666 1.3752659 1.2502193 1.0972879 1.3140069 1.2837178 1.2533920 1.2536675 1.3609932 1.3012650 0.9782845 1.1073044 1.4244191 1.5181772 0.0000000 2.1627519 1.6822673 1.6070102 1.6232686 1.6098437 1.5884018 1.5406639 0.7719834 1.5344713 1.7794429 1.5683132 1.5315271 1.8256685 1.7431965 1.6130450 1.6684167 1.6879045 1.7049230 1.8341647 1.8644570 1.5486363 1.7689505 2.1692942 1.8874900 2.1624989 1.5702062 2.2158286 2.2618722 1.9759634 2.7844459 2.4487369 1.6739254 1.6941239 2.1844362 2.0697838 1.8633956 2.3057575 2.1513353 2.3928031 2.4441384 1.9445972 2.7796842 1.9251828 2.9960572 1.9268573 2.7048870 2.8214568 2.2501231 2.7810330 2.5364807 2.4529775 3.1199849 2.4716555 2.5847326 2.7788521 2.6322231 2.6862266 2.3817553 3.5823938 
Tadh_TriadT63695                                        1.6924265 1.6327823 0.9305365 1.5508063 1.6991051 1.1169301 1.5634379 1.5390817 1.6313520 1.6113552 1.7408222 1.5874534 1.8463698 1.8924438 1.7257274 1.8739621 2.1627519 0.0000000 0.0728916 0.3570397 0.3623098 0.3648652 0.3650639 0.3610633 1.1747687 1.9971188 1.7655887 1.9258782 1.8681557 2.1884315 1.9474572 2.3171210 2.4826699 2.2481282 2.5659254 2.6922408 2.7719421 3.1149688 2.4592179 2.7657149 2.7395260 2.5011236 1.5911097 2.7605113 2.5104606 1.9931690 2.2507697 2.9683959 2.5562787 2.1278385 2.7204191 2.3844559 2.0872817 2.9418404 2.7926676 3.2084911 3.1077085 2.4106574 2.9424088 2.3234883 2.8657360 2.4951049 2.9191854 2.9139793 2.8129451 2.9772694 2.8307805 2.9117642 3.4442202 3.1482744 3.5205320 3.0917987 2.4996939 3.4968388 3.6114213 4.9066135 
TrH2_TrispH2_002796-RA                                  1.3653212 1.3260678 0.9305365 1.2322003 1.1310798 1.1169301 1.2124886 1.1776067 1.2689171 1.2691935 1.2573919 1.2756150 1.4178494 1.4143507 1.3620250 1.4678113 1.6822673 0.0728916 0.0000000 0.2364958 0.2340165 0.2451687 0.2453594 0.2368169 1.1747687 1.5863986 1.6897580 1.5467229 1.6000832 1.9249057 1.6222010 1.8102412 1.9877804 1.7720908 1.9702944 2.2151938 2.1550821 1.7708680 1.8590329 2.3393864 2.1599542 2.1030689 1.3242535 2.4348439 2.0554548 1.8022205 2.1482135 2.6128425 1.8632923 1.7087956 2.2983298 2.0760640 1.8223972 2.3914365 2.2444795 2.5460624 2.5926382 2.4106574 2.6511739 2.2063721 2.9516353 2.0147276 2.5689824 2.7734080 2.3863704 2.5246753 2.4779547 2.4540776 3.2090454 2.5960268 2.9235345 2.9737464 2.4392054 2.5604684 2.7548445 3.7508055 
HoiH06_mRNA13997                                        1.3307475 1.3018734 0.9257863 1.2337051 1.0710002 1.0528288 1.2353432 1.1805276 1.2776843 1.2488532 1.2665170 1.2588199 1.4211770 1.4378508 1.3881599 1.4657320 1.6070102 0.3570397 0.2364958 0.0000000 0.0268448 0.0740313 0.0719849 0.1374184 1.0776576 1.5094549 1.6483401 1.5040854 1.5027574 1.8227263 1.5941887 1.7816187 2.0028841 1.8994722 1.9084047 2.1898228 2.1567018 1.7983652 1.9580066 2.3509317 2.1263529 1.8925770 1.2377680 2.1164861 1.9847385 1.7289362 2.0246523 2.4683226 1.7935297 1.6679834 2.1583389 2.0375295 1.8521029 2.2916948 2.2250651 2.3794398 2.4470022 2.5711620 2.5818499 2.0423451 2.9478668 1.9158012 2.4806738 2.6853491 2.2834914 2.5341055 2.5124387 2.4419837 3.0936810 2.3802417 2.8325917 2.7944414 2.4983791 2.6235145 2.6841878 3.6578407 
HoiH23_PlH23_001768-RA                                  1.3280107 1.3149687 0.9247234 1.2322740 1.0781580 1.0657010 1.2589018 1.1960508 1.2933509 1.2656638 1.2592226 1.2618003 1.4270288 1.4295537 1.3809496 1.4533752 1.6232686 0.3623098 0.2340165 0.0268448 0.0000000 0.0725986 0.0705357 0.1449524 1.0646082 1.5188713 1.6201572 1.5038631 1.5139559 1.7809177 1.6065116 1.7764027 2.0178810 1.9107391 1.9152075 2.1995829 2.1641002 1.8184888 1.9570411 2.3349908 2.1156313 1.8914646 1.2386115 2.1098730 1.9398277 1.7209182 2.0246523 2.4753106 1.7860058 1.6549409 2.1707477 2.0125790 1.8332483 2.2848913 2.2513892 2.4259612 2.4713219 2.5617058 2.5913027 2.0333600 2.9238837 1.9389737 2.4849957 2.6735808 2.2776766 2.5387046 2.4733086 2.4139044 3.1586618 2.3743803 2.8174897 2.8348881 2.4466837 2.6196525 2.7241777 3.6231898 
Hhon_g00391.t1                                          1.3608623 1.3572168 0.9517239 1.2272616 1.1098831 1.0685915 1.2656373 1.2158313 1.3011602 1.2737589 1.2839420 1.2730103 1.4652248 1.4462884 1.4303218 1.4865831 1.6098437 0.3648652 0.2451687 0.0740313 0.0725986 0.0000000 0.0060456 0.1409919 1.1099605 1.5330954 1.7050102 1.5389665 1.5210614 1.8601696 1.6194662 1.8590883 2.0349210 1.9643761 1.9970663 2.2918774 2.1957911 1.8812087 1.9816467 2.3475726 2.1049437 1.9543806 1.2643932 2.1868531 2.0012264 1.7190121 1.9679687 2.5253153 1.8012836 1.6717931 2.2765949 2.0409151 1.8276285 2.3005761 2.2683879 2.4347771 2.4852279 2.5576069 2.6972054 2.0890773 2.9314717 1.9904664 2.5757262 2.7654409 2.3473841 2.5287933 2.4859928 2.4572394 3.0245131 2.4928779 2.9348415 2.8506434 2.4769817 2.6371042 2.7044706 3.6602341 
HoiH04_mRNA5767                                         1.3738888 1.3476018 0.9353186 1.2309723 1.1085894 1.0767319 1.2746209 1.2210622 1.3122662 1.2848328 1.2872790 1.2831774 1.4524838 1.4403997 1.4260880 1.4775003 1.5884018 0.3650639 0.2453594 0.0719849 0.0705357 0.0060456 0.0000000 0.1379693 1.1099605 1.5298735 1.6871447 1.5198683 1.5156037 1.8676160 1.6045448 1.8669653 2.0438133 1.9420030 2.0066803 2.2728252 2.1792877 1.8812087 1.9775797 2.3419038 2.0996333 1.9407344 1.2643932 2.1538523 1.9847389 1.7108800 1.9660910 2.5385745 1.8046247 1.6757954 2.2840676 2.0219903 1.8380293 2.3004183 2.2459028 2.4286394 2.4789033 2.5323860 2.6852612 2.1054934 2.9442046 1.9838756 2.5857219 2.7833074 2.3270524 2.5141579 2.5001938 2.4348607 3.0229524 2.4558425 2.9163900 2.8444051 2.4550644 2.6508087 2.7042644 3.6457030 
HoiH11_mRNA4144                                         1.3956348 1.3510157 0.9283194 1.1842122 1.1097399 1.0666926 1.2480908 1.2004739 1.3032542 1.2764752 1.2897627 1.2440572 1.3976763 1.3755447 1.4034919 1.4786273 1.5406639 0.3610633 0.2368169 0.1374184 0.1449524 0.1409919 0.1379693 0.0000000 1.0975039 1.5072175 1.6739343 1.5804277 1.5055667 1.8636644 1.5437441 1.8364391 2.0593696 1.8621223 1.9139549 2.1406290 2.1034072 1.7836732 2.0165207 2.3137851 2.1229768 1.9732088 1.2713129 2.1980184 1.9779824 1.7394247 2.1040943 2.5042703 1.8152164 1.6397365 2.2981836 1.9720223 1.7999919 2.2558990 2.1657343 2.3336967 2.4138921 2.3655666 2.5930548 2.0796669 2.9541389 1.9156280 2.3908846 2.7457077 2.2090923 2.4355796 2.3717246 2.3547635 2.9024278 2.3379987 2.7858112 2.6407041 2.3451270 2.6002521 2.7364150 3.7329160 
Cscu_XM_023364638.1                                     1.0734433 0.8539363 0.8525540 0.8719242 1.1752147 0.9495576 0.8371421 0.7617790 0.7779343 0.8289171 0.7312898 0.7216764 0.8349705 0.9505161 0.8268047 0.9674575 0.7719834 1.1747687 1.1747687 1.0776576 1.0646082 1.1099605 1.1099605 1.0975039 0.0000000 0.9331482 0.9916703 1.0089101 0.8499123 1.0589054 1.2061645 1.1506612 1.2613636 1.3642876 1.3829036 1.5018590 1.5018590 1.9506791 1.2694433 1.3068525 1.6202622 1.0513524 0.0000010 1.0008505 1.3058854 1.1661672 8.9999986 2.0652036 1.5388083 1.1764437 1.4672182 1.1454845 1.2946460 1.6675166 1.5063100 1.8879418 1.7994719 1.2960188 1.3755721 1.3008275 1.3456679 1.5238674 1.2042286 1.7028340 2.1804464 1.6075114 1.7921229 1.7913111 1.8420217 1.4081920 1.5716117 1.8840436 1.8261347 1.6879297 1.9052105 2.7171537 
Chem_TCONS_00064157                                     1.4161161 1.2763946 0.9459891 1.1717488 1.1848510 1.0175234 1.1643808 1.1665924 1.2201381 1.1994937 1.2122398 1.1958424 1.4102795 1.5670999 1.0869043 1.1545715 1.5344713 1.9971188 1.5863986 1.5094549 1.5188713 1.5330954 1.5298735 1.5072175 0.9331482 0.0000000 1.2270806 1.1450419 1.1260497 1.1956060 0.9984904 1.8035457 1.8484566 1.8336395 1.8229591 2.0086216 1.9554671 1.7254122 1.6714384 2.1713694 1.8820615 1.9661052 1.3804631 1.9935067 2.0382325 1.7430834 2.3936202 2.0054129 1.4698099 1.6289966 1.9564755 1.9443891 1.7608419 2.4710892 2.5580543 2.4711852 2.3707806 1.9898344 2.6633856 1.9940378 2.9734943 2.0708839 2.4789306 2.5454615 2.4392801 2.5207015 2.1354221 2.3065355 2.8107033 2.5289710 2.7833366 2.8738035 2.5197089 2.6256585 2.5791525 3.3348272 
Nemnom_g16655.t1                                        1.5913018 1.3406546 0.9561589 1.1794483 1.3216551 0.9679927 1.1462933 1.1565769 1.1531756 1.1455162 1.2110100 1.1673896 1.5600959 1.7074258 1.1427152 1.2641285 1.7794429 1.7655887 1.6897580 1.6483401 1.6201572 1.7050102 1.6871447 1.6739343 0.9916703 1.2270806 0.0000000 0.2282813 0.6916809 0.9799358 1.3620790 1.7487987 1.9125938 1.8066828 1.7716848 2.0645733 1.9992699 1.9184832 1.9189387 2.0230536 2.1082387 2.3529505 2.0645728 2.3771598 2.2349527 1.6634569 2.1682473 2.2445694 1.8028346 1.9072254 2.4991355 2.2445171 1.8546856 2.6252418 2.3541422 2.6576453 2.6141398 2.1099694 2.5112168 2.0822791 2.8393274 2.0441321 2.4859240 2.6385953 2.8601087 2.9853104 2.6707795 2.6394769 3.3575539 2.4390070 2.8565264 2.8743522 2.2380201 2.9167914 2.9028048 4.0158095 
Rhoesc_Res_005345-T1                                    1.4511833 1.1639675 0.9692151 1.0189003 1.0717394 0.9576408 0.9675081 0.9763812 0.9726500 0.9864058 0.9304396 1.0823048 1.3173494 1.4997857 1.0808959 1.1463618 1.5683132 1.9258782 1.5467229 1.5040854 1.5038631 1.5389665 1.5198683 1.5804277 1.0089101 1.1450419 0.2282813 0.0000000 0.5857762 1.0948822 1.1461423 1.4916818 1.6049039 1.6518819 1.6655020 1.7827494 1.7313669 1.4428673 1.6960019 2.0784130 1.8413323 2.1942917 1.2719720 2.2095443 2.2129533 1.7587415 2.2969436 2.3693766 1.6322032 1.7489051 2.2136630 2.1029318 1.7511476 2.3438437 2.1858625 2.4991479 2.4643952 2.1257935 2.5900679 2.1356706 2.7060705 1.9356453 2.5858667 2.8648970 2.5175043 2.5314157 2.4253957 2.3971120 3.1585745 2.3286422 2.8308395 2.9450466 2.3885615 2.4782279 2.6232499 3.4480114 
Sanmal_Sma_028430-T1                                    1.4005967 1.1066409 0.9903275 1.0716871 1.0996693 1.0443668 1.1410804 1.1274468 1.1372183 1.1005680 1.1748490 1.0919054 1.3373161 1.4113015 1.0732650 1.2135159 1.5315271 1.8681557 1.6000832 1.5027574 1.5139559 1.5210614 1.5156037 1.5055667 0.8499123 1.1260497 0.6916809 0.5857762 0.0000000 0.9461607 1.1859157 1.6203622 1.6342731 1.6788345 1.7353080 1.9059822 1.8840320 1.6494707 1.7373123 1.8995490 1.7811728 2.0863230 1.3568302 2.1075362 1.9893864 1.8931244 2.2233802 2.6569557 1.7515676 1.6715543 2.1255654 1.9019227 1.7368871 2.1595541 2.0844645 2.4213142 2.5102239 2.3236307 2.7811562 2.2586788 2.9335459 1.8400663 2.6594483 2.6889570 2.3489680 2.3086874 2.2581871 2.2687497 2.6996415 2.0669388 2.5021920 2.8485631 2.4904727 2.1157060 2.3365951 3.6262499 
Morvir_scaffold39.g26.t2                                1.5909145 1.2985140 1.0081464 1.4060515 1.7051631 1.0233971 1.4222555 1.4407956 1.4139976 1.3913540 1.6593911 1.3412083 1.6346129 1.9793188 1.4624602 1.5638928 1.8256685 2.1884315 1.9249057 1.8227263 1.7809177 1.8601696 1.8676160 1.8636644 1.0589054 1.1956060 0.9799358 1.0948822 0.9461607 0.0000000 1.2380422 2.0002661 2.0571853 2.0379829 2.0602988 2.1363685 2.1218256 2.2080186 2.1971867 2.1434492 2.0539829 2.5608661 1.5661468 2.3647070 2.5537259 1.9494621 5.9600655 2.5294201 2.1453749 2.0375947 2.4255574 2.5785769 1.9815403 2.7441866 2.5798860 3.2199446 2.7071746 2.1516468 2.5588994 1.9384432 2.2227771 2.1969058 2.4175553 2.6966677 2.7891815 2.1549154 2.2276589 2.3046386 2.5654402 2.9734904 3.4628043 3.3804491 2.3582919 3.0849997 3.3404156 5.8300850 
Hvul_g8496_1                                            1.6446191 1.3616963 1.1412559 1.3978275 1.4527478 1.1138994 1.3409955 1.3892873 1.3085007 1.3292128 1.3672236 1.3359945 1.5293201 1.7546733 1.2546194 1.3334498 1.7431965 1.9474572 1.6222010 1.5941887 1.6065116 1.6194662 1.6045448 1.5437441 1.2061645 0.9984904 1.3620790 1.1461423 1.1859157 1.2380422 0.0000000 1.7403768 1.8441900 1.7839533 1.8754889 1.9875596 1.9339688 1.9113716 1.8018085 2.3357777 2.0171979 1.9423438 1.3042763 2.0467272 2.1085334 2.1023767 2.8352596 2.3144717 1.8034667 1.7792793 2.2371086 2.0901251 2.0175526 2.2791810 2.4892035 2.4402255 2.2186612 2.2368402 2.8371966 2.1172177 2.7022191 2.1127113 2.5493426 2.8946731 2.3485934 2.5796867 2.4395398 2.4990133 3.1165235 2.6905626 2.8183719 2.7477211 2.7239000 2.3995847 2.7841700 3.6616047 
Mlei_ML0636.g7.i1                                       1.6425135 1.5449423 1.3660697 1.4407006 1.5764247 1.4758670 1.3230815 1.3218039 1.3434348 1.3489612 1.4285960 1.4451492 1.5511127 1.7945637 1.5107900 1.7849392 1.6130450 2.3171210 1.8102412 1.7816187 1.7764027 1.8590883 1.8669653 1.8364391 1.1506612 1.8035457 1.7487987 1.4916818 1.6203622 2.0002661 1.7403768 0.0000000 0.1910066 0.3918537 0.4436889 0.6013031 0.6059258 0.8337517 0.8003810 1.2075044 0.9630709 2.3643697 1.4582610 2.2182666 2.2381416 1.9026379 2.6161335 2.5413696 1.7955142 2.0079012 1.4952262 2.1292211 1.9222742 2.2620464 2.4202044 2.3592391 2.2697201 2.2388880 2.4173732 2.1072955 2.9383745 2.0715261 2.4364746 3.0028258 2.3139271 2.8890622 2.5308316 2.4729681 3.1834366 2.3722324 2.8952302 2.7837533 2.8299575 2.5840445 2.9351051 3.5240598 
Bolinf_Binf_sb1285086                                   1.7009895 1.6300832 1.3424374 1.5467912 1.6240912 1.4604763 1.4122472 1.3901002 1.4470717 1.4437128 1.4953411 1.5298985 1.6705474 1.8087971 1.5755017 1.9491594 1.6684167 2.4826699 1.9877804 2.0028841 2.0178810 2.0349210 2.0438133 2.0593696 1.2613636 1.8484566 1.9125938 1.6049039 1.6342731 2.0571853 1.8441900 0.1910066 0.0000000 0.4243971 0.5078127 0.7033504 0.7006163 0.8462953 0.7388742 1.1473989 0.9757931 2.5502717 1.6447670 2.3086915 2.4025937 2.0217793 2.7200425 2.6846306 1.8645061 2.0793057 1.5769305 2.4046303 2.0244961 2.4163093 2.4761529 2.5717741 2.4641295 2.4121109 2.6569918 2.2472415 3.1072705 2.1410303 2.5330149 3.0709055 2.3479192 3.0889409 2.4913290 2.6611768 3.2814360 2.4946319 2.9606259 2.7202655 2.7701234 2.8695727 3.1061818 3.8660483 
Mertsp_Mesp_sb577808                                    1.7066349 1.5082531 1.3091483 1.5722720 1.6318765 1.4993645 1.4881806 1.5032186 1.5111221 1.5362538 1.5587942 1.5808266 1.6651434 1.8588380 1.7058270 1.9230061 1.6879045 2.2481282 1.7720908 1.8994722 1.9107391 1.9643761 1.9420030 1.8621223 1.3642876 1.8336395 1.8066828 1.6518819 1.6788345 2.0379829 1.7839533 0.3918537 0.4243971 0.0000000 0.4882179 0.6767754 0.6667079 0.6595565 0.7046191 1.1360043 0.8957480 2.5533500 1.3983888 2.3205565 2.2242195 1.9538345 2.7151074 2.3977070 1.8175492 1.9599115 1.2695744 2.1859859 2.1595245 2.4748145 2.5597244 2.5640441 2.5810063 2.4442844 2.6749817 2.3893280 3.1681255 2.0567449 2.4615094 2.9218102 2.4018801 2.9994550 2.6208261 2.6315903 3.0733797 2.3144170 2.8918130 2.8856499 2.6145275 2.6863496 3.2826617 3.9088442 
Beraby_Baby_sb338357                                    1.8161073 1.6587277 1.3612894 1.5513826 1.6044356 1.4410645 1.4472979 1.4038188 1.4389142 1.4527784 1.5484774 1.5198970 1.7503754 1.9642324 1.6710061 1.9178205 1.7049230 2.5659254 1.9702944 1.9084047 1.9152075 1.9970663 2.0066803 1.9139549 1.3829036 1.8229591 1.7716848 1.6655020 1.7353080 2.0602988 1.8754889 0.4436889 0.5078127 0.4882179 0.0000000 0.6989613 0.6864849 0.9174352 0.7567315 1.3063733 1.0355748 2.6313372 1.5586811 2.4962103 2.2758356 2.0493452 2.8687981 2.3392174 1.7492802 2.0726849 1.5201185 2.2307580 1.9328052 2.5046952 2.4416961 2.6140224 2.4844949 2.2322036 2.5891347 2.3122918 2.9038536 2.1336851 2.7869416 2.8156770 2.5444428 3.0711104 2.6382932 2.4965822 3.4634397 2.3027370 2.7267331 2.7236334 2.7482163 2.6538122 3.0299817 3.8866378 
Pbac_sb2639017                                          1.8316614 1.6519501 1.5889884 1.6069900 1.6601650 1.6201110 1.6106088 1.6039147 1.6694477 1.6509528 1.5883322 1.5397285 1.7995979 1.9730869 1.7649106 1.8690271 1.8341647 2.6922408 2.2151938 2.1898228 2.1995829 2.2918774 2.2728252 2.1406290 1.5018590 2.0086216 2.0645733 1.7827494 1.9059822 2.1363685 1.9875596 0.6013031 0.7033504 0.6767754 0.6989613 0.0000000 0.0214504 1.0745266 0.9418005 1.3652871 1.1025046 2.8181829 1.1613713 2.5352580 2.4136199 2.1734454 2.9898121 2.6586174 1.9569530 2.1829626 1.5060291 2.5492747 2.2355131 2.7051208 2.7514383 2.7948871 2.8549952 2.6603734 2.6960285 2.1775822 3.1036693 2.2804170 2.5935731 3.0593963 2.7728564 3.2342917 2.7302904 2.2745145 3.7252552 2.6456775 2.9274083 3.1570831 2.9363958 2.9105768 3.2298950 4.2015775 
Horcal_Hcv1.av93.c2.g1293.i1                            1.8149455 1.7002035 1.6201071 1.6208027 1.6296317 1.6598182 1.6091971 1.5816736 1.6400449 1.6358741 1.5545695 1.5339029 1.8090445 1.9604771 1.7573393 1.8475065 1.8644570 2.7719421 2.1550821 2.1567018 2.1641002 2.1957911 2.1792877 2.1034072 1.5018590 1.9554671 1.9992699 1.7313669 1.8840320 2.1218256 1.9339688 0.6059258 0.7006163 0.6667079 0.6864849 0.0214504 0.0000000 1.0868191 0.9778104 1.3548048 1.1108318 2.8286503 1.4703089 2.5320914 2.3771277 2.2324753 2.7934511 2.6381830 1.8892247 2.1000105 1.5626484 2.4883910 2.1709419 2.5379616 2.5464682 2.6816152 2.7814991 2.5721165 2.8354827 2.2348817 3.1856394 2.2226771 2.7338311 3.1056271 2.6610716 3.2226323 2.7776552 2.5027370 3.6431920 2.5573628 3.0102720 2.9881314 3.0006750 2.6850003 3.0064116 4.1295552 
Lampan_Lpan_12233_01                                    1.5663144 1.6075740 2.0238776 1.3933038 1.4162869 1.9361219 1.3268458 1.2454831 1.1952621 1.2923340 1.3008332 1.2264182 1.7555563 1.6272982 1.4598126 1.7485023 1.5486363 3.1149688 1.7708680 1.7983652 1.8184888 1.8812087 1.8812087 1.7836732 1.9506791 1.7254122 1.9184832 1.4428673 1.6494707 2.2080186 1.9113716 0.8337517 0.8462953 0.6595565 0.9174352 1.0745266 1.0868191 0.0000000 0.8459882 1.3788806 1.0871616 2.1252973 1.2642074 2.1829633 1.8124577 2.1494664 1.5951697 3.4803634 1.6889720 1.8103853 1.5823398 2.0094360 2.1294771 2.2257805 2.2151358 2.3815905 2.1840412 2.2626187 2.7414249 2.5936624 3.9059991 2.1150407 3.2378945 2.5188382 1.8362778 2.7519791 2.1093582 2.2867692 4.0421624 2.2351005 2.8869919 2.7415801 4.3683383 2.2144076 2.7111909 3.3712245 
Eupdun_Edun_sb10649419                                  1.7845788 1.5918306 1.3475028 1.5371741 1.5465539 1.3844832 1.3311683 1.3333764 1.3700942 1.3657929 1.3695348 1.3863027 1.7399794 1.9386554 1.6596216 1.8627962 1.7689505 2.4592179 1.8590329 1.9580066 1.9570411 1.9816467 1.9775797 2.0165207 1.2694433 1.6714384 1.9189387 1.6960019 1.7373123 2.1971867 1.8018085 0.8003810 0.7388742 0.7046191 0.7567315 0.9418005 0.9778104 0.8459882 0.0000000 1.2938445 1.0750061 2.3422571 1.2703291 2.2761526 2.0113616 1.9379033 2.6232732 2.6358272 1.8200659 1.9521899 1.5108898 2.3546651 2.0826133 2.6651174 2.5215166 2.4779234 2.4958901 2.2814184 2.6504085 2.2816182 3.1483015 2.3097459 2.3882522 2.7419740 2.4624530 2.9723259 2.3674672 2.5672022 3.2271103 2.4416385 2.6616632 2.8458871 2.5033707 2.4639375 3.1115012 4.1146627 
Coeast_Cast_sb783622                                    2.2499700 1.9338983 1.6790734 1.7823268 2.0592439 1.8525097 1.9024028 1.7491814 1.8284806 1.8594703 2.0434627 1.8448844 2.2261295 2.2960775 1.9054310 2.1835958 2.1692942 2.7657149 2.3393864 2.3509317 2.3349908 2.3475726 2.3419038 2.3137851 1.3068525 2.1713694 2.0230536 2.0784130 1.8995490 2.1434492 2.3357777 1.2075044 1.1473989 1.1360043 1.3063733 1.3652871 1.3548048 1.3788806 1.2938445 0.0000000 0.0684355 2.9285060 2.2569986 3.1511657 2.5868067 2.4737018 3.1676489 3.3781502 2.5255197 2.2060553 1.4507806 2.6026831 2.4741670 2.9303797 2.8595103 2.8564342 2.6928962 2.1489121 3.3348100 2.4038051 3.0986729 2.3466443 3.2995629 3.4575806 2.6711220 3.5758470 2.9804352 3.0669012 3.3468015 2.8144627 2.9967478 2.9436413 2.5877600 2.6801461 3.3574007 4.7709074 
Coemet_Cmet_scaffold15357_01                            1.9335224 1.7573911 1.5654776 1.5828700 1.8450826 1.6533114 1.5968611 1.5002661 1.5554378 1.5810923 1.6363170 1.5914087 1.8942903 1.9205718 1.7374232 1.9445116 1.8874900 2.7395260 2.1599542 2.1263529 2.1156313 2.1049437 2.0996333 2.1229768 1.6202622 1.8820615 2.1082387 1.8413323 1.7811728 2.0539829 2.0171979 0.9630709 0.9757931 0.8957480 1.0355748 1.1025046 1.1108318 1.0871616 1.0750061 0.0684355 0.0000000 2.4277212 1.5070510 2.6260525 2.3980678 2.2594806 3.1075668 3.1122248 2.1955023 2.0242789 1.1842210 2.2925686 2.2299378 2.6025236 2.6354579 2.5348637 2.3932684 2.0681212 2.9938716 2.1900395 3.0565318 2.2190807 2.9696048 3.0487590 2.4009407 2.9667408 2.6405735 2.6251435 3.1605520 2.5281221 2.7075511 2.9507688 2.8914541 2.4557530 2.9814224 4.1348027 
Aque_Aqu2.1.14861_001                                   1.9980880 2.0130511 1.5602640 1.9385538 1.6104701 1.6978988 1.8684071 1.8206790 1.8340705 1.8256793 1.7417492 1.9990583 1.9396513 2.1100269 1.9685949 2.0950953 2.1624989 2.5011236 2.1030689 1.8925770 1.8914646 1.9543806 1.9407344 1.9732088 1.0513524 1.9661052 2.3529505 2.1942917 2.0863230 2.5608661 1.9423438 2.3643697 2.5502717 2.5533500 2.6313372 2.8181829 2.8286503 2.1252973 2.3422571 2.9285060 2.4277212 0.0000000 0.2103696 0.6077053 1.7832575 1.4099433 1.6496565 2.5409547 1.9875389 2.0261156 2.6833483 2.0037813 2.2563757 2.5047212 2.7249346 2.4850737 2.5125331 2.2465682 3.1746930 2.6067427 3.4074117 2.4788029 3.3764947 2.6890942 2.6871361 2.7297980 2.6191643 2.5072588 3.7036937 2.5926188 2.7870361 2.9376782 2.8044634 2.8939969 3.3310780 4.2863857 
Halamb_c53303_g2_i2mm.5097                              1.2802180 1.0857717 5.4301850 1.4634362 1.0955423 1.4987265 1.1017218 1.1329070 1.0499976 1.0775515 1.0505956 1.2978020 1.4799322 1.4068156 1.1688528 1.2344024 1.5702062 1.5911097 1.3242535 1.2377680 1.2386115 1.2643932 1.2643932 1.2713129 0.0000010 1.3804631 2.0645728 1.2719720 1.3568302 1.5661468 1.3042763 1.4582610 1.6447670 1.3983888 1.5586811 1.1613713 1.4703089 1.2642074 1.2703291 2.2569986 1.5070510 0.2103696 0.0000000 0.6538532 1.0709517 1.3476899 0.8427960 1.2891181 1.2100580 1.3223622 1.9054242 1.5342700 1.6449676 1.6872712 1.8075364 1.3320446 1.6165043 1.2879009 4.2723424 3.2621104 6.6176386 1.8498811 8.9999989 3.7598693 1.5401562 2.2516502 1.8956000 1.7727002 8.9999988 1.9112906 2.2196961 2.7527939 8.3027016 1.9152586 2.1279815 2.7985729 
Xestes_maker-XT_scaffold24356-augustus-gene-0.36-mRNA-1 2.0379111 2.1023895 1.3599911 1.8236498 1.7788182 1.6509175 1.8279325 1.7688425 1.7768332 1.7294394 1.8950571 1.8946919 1.9366231 2.0853790 2.0346690 2.0349374 2.2158286 2.7605113 2.4348439 2.1164861 2.1098730 2.1868531 2.1538523 2.1980184 1.0008505 1.9935067 2.3771598 2.2095443 2.1075362 2.3647070 2.0467272 2.2182666 2.3086915 2.3205565 2.4962103 2.5352580 2.5320914 2.1829633 2.2761526 3.1511657 2.6260525 0.6077053 0.6538532 0.0000000 1.7435695 1.4239315 1.7904871 2.6698152 2.0169859 2.0736887 2.6317494 2.0577350 2.2214273 2.7884762 3.0032426 2.6756339 2.6397306 2.0166933 3.2663641 2.3638487 3.5147625 2.4733364 3.2884691 2.7580644 2.7299618 2.9433465 2.7585039 2.5772934 3.7416180 2.7806168 3.0705885 2.8749021 2.6534732 2.8770628 3.0996955 3.9216204 
Tetwil_g23730.t2                                        2.1461916 1.7513305 1.4932843 1.9089008 1.5271586 1.7232529 1.7196474 1.6528423 1.7226303 1.7392901 1.8628594 1.9204197 2.0361325 2.0745853 1.9710760 1.8867452 2.2618722 2.5104606 2.0554548 1.9847385 1.9398277 2.0012264 1.9847389 1.9779824 1.3058854 2.0382325 2.2349527 2.2129533 1.9893864 2.5537259 2.1085334 2.2381416 2.4025937 2.2242195 2.2758356 2.4136199 2.3771277 1.8124577 2.0113616 2.5868067 2.3980678 1.7832575 1.0709517 1.7435695 0.0000000 0.9505551 1.5136668 2.8992799 2.1055237 1.9512213 2.7123572 1.7237566 2.2442914 2.2853759 2.5969466 2.5347609 2.6337812 2.3986850 2.8069624 2.5217769 3.6186799 2.4643421 3.2003504 3.0825774 2.5344351 3.0174082 2.4529139 2.6820051 3.3378818 2.8214168 3.0574750 2.9894889 3.1571456 2.9797240 3.3492874 4.1239005 
Stycar_maker-SC_scaffold142252-snap-gene-0.52-mRNA-1    1.8754715 1.5493831 1.2122102 1.6379512 1.5208212 1.2747574 1.5165270 1.4720759 1.4524309 1.4580616 1.4758667 1.5528801 1.7892124 1.7046461 1.6661301 1.8295897 1.9759634 1.9931690 1.8022205 1.7289362 1.7209182 1.7190121 1.7108800 1.7394247 1.1661672 1.7430834 1.6634569 1.7587415 1.8931244 1.9494621 2.1023767 1.9026379 2.0217793 1.9538345 2.0493452 2.1734454 2.2324753 2.1494664 1.9379033 2.4737018 2.2594806 1.4099433 1.3476899 1.4239315 0.9505551 0.0000000 1.3526875 2.5399441 1.6835983 1.5991568 2.1433530 1.5394998 1.7944665 2.2815185 2.4781628 2.3243282 2.3316220 1.5927430 2.3510474 2.1766332 2.7141250 2.0229830 2.6679838 2.5691504 2.2375077 2.7364708 2.1298620 2.3321871 2.8789202 2.2576016 2.5157101 2.7252223 2.7027530 3.2717569 3.0993957 3.6342495 
Spolac_c90778_g1_i1_m.6452c100538-g1                    2.2713952 1.8298442 4.9745643 2.2889164 1.8705891 4.9332235 2.1260499 1.8263781 2.2466707 2.2168050 1.9192603 2.0937392 2.4566625 2.4921425 1.9745885 1.7980428 2.7844459 2.2507697 2.1482135 2.0246523 2.0246523 1.9679687 1.9660910 2.1040943 8.9999986 2.3936202 2.1682473 2.2969436 2.2233802 5.9600655 2.8352596 2.6161335 2.7200425 2.7151074 2.8687981 2.9898121 2.7934511 1.5951697 2.6232732 3.1676489 3.1075668 1.6496565 0.8427960 1.7904871 1.5136668 1.3526875 0.0000000 3.8253902 2.5412617 2.4745280 2.5969403 1.9476322 2.7028927 2.2267425 2.6309167 2.4552447 2.2626543 6.1199928 5.2968622 5.3847369 6.8499730 2.1018755 6.5078354 4.0642310 1.9782560 4.4576167 2.8134647 2.9445931 8.9999988 2.7601801 2.8869293 2.9775669 7.0532714 2.1261042 3.5002032 4.3760312 
Ocar_g5561                                              2.3330000 2.4109973 1.4122181 2.3299111 1.8429339 1.6999979 2.2345414 2.2479507 2.3728849 2.2636930 2.6318983 2.3918577 2.5295466 2.2530650 2.3098477 2.4229430 2.4487369 2.9683959 2.6128425 2.4683226 2.4753106 2.5253153 2.5385745 2.5042703 2.0652036 2.0054129 2.2445694 2.3693766 2.6569557 2.5294201 2.3144717 2.5413696 2.6846306 2.3977070 2.3392174 2.6586174 2.6381830 3.4803634 2.6358272 3.3781502 3.1122248 2.5409547 1.2891181 2.6698152 2.8992799 2.5399441 3.8253902 0.0000000 0.2332614 1.6205262 3.0753815 2.6490888 2.1597004 3.0749462 3.2408328 3.3314935 3.9294738 2.4132765 3.6373431 2.5374973 2.9466160 2.2964497 3.0308787 3.3027563 3.5794349 2.8475547 2.3486101 2.8805271 3.5204633 3.4373139 3.7974587 3.7705739 2.8901660 4.1087705 4.7668046 5.9364004 
