69
Hsap_ENST00000300291                                   0.0000000 0.1742323 0.3738176 0.2757476 0.3173168 0.3580807 0.2256664 0.3988401 0.3422478 0.4493067 0.5809890 0.4760065 0.2642169 0.4563913 0.4921748 0.5263339 0.4867466 0.6064131 0.5256989 0.5078589 0.6008983 0.5051296 0.5439236 0.4677123 0.4270968 0.4995315 0.5568551 0.5377867 0.5377867 0.5587388 0.5596303 0.4809773 0.4316011 0.4786279 0.4667298 0.4900929 0.5349024 0.5578610 0.5267153 0.5017663 0.8166867 0.8142906 0.5669053 0.7333487 0.4161822 0.5963925 0.9834166 1.0419930 1.0799491 1.1927176 1.3651853 0.9862665 1.1974189 1.3297755 1.5067330 1.4284671 1.2015249 1.6241776 1.7133646 2.2954264 2.2608131 2.0505619 1.9270799 2.3393837 2.9098141 2.9905128 3.3018547 2.5306179 2.9472916 
Skow_XM_002732964.2                                    0.1742323 0.0000000 0.2110615 0.2785023 0.2550215 0.3020702 0.2589199 0.3183788 0.3802450 0.3802450 0.4353669 0.3217205 0.3095609 0.3393117 0.3678123 0.3516413 0.3417572 0.4979017 0.4152487 0.4069788 0.4959377 0.3421648 0.3606423 0.4172374 0.4441507 0.4376805 0.4376805 0.4391796 0.4391796 0.6342708 0.6082114 0.5067059 0.4658024 0.4638879 0.4432932 0.5151610 0.5400347 0.5575868 0.5097451 0.4780574 0.7955078 0.7724189 0.5635483 0.6270836 0.4334316 0.4005506 1.0065218 0.8775637 0.9388172 1.1113241 1.0577591 0.9449835 1.2033286 1.1508765 1.6229174 1.3920365 0.8504261 1.6011185 1.7671890 2.2056211 2.2849534 2.1306718 1.8085549 2.3653735 2.7958308 3.1397358 2.9967670 2.4749472 2.8784677 
Spur_XM_779814.5                                       0.3738176 0.2110615 0.0000000 0.3452866 0.4342139 0.5373092 0.3182011 0.4465702 0.4524926 0.5822168 0.5826100 0.5191842 0.3449497 0.4755487 0.4809206 0.5530958 0.4511791 0.5843010 0.5355208 0.6437478 0.6911062 0.5687149 0.6032525 0.4957556 0.5022539 0.5402363 0.5849079 0.5866663 0.5866663 0.6057962 0.5890512 0.4581603 0.4605977 0.5069795 0.4605353 0.5046787 0.5885121 0.6360801 0.5849416 0.5578794 0.7281009 0.7022903 0.5796952 0.6989265 0.6157670 0.6666757 0.9498450 0.9922152 1.0124831 1.1493029 1.2226509 1.0015755 1.2155091 1.4167270 1.6979076 1.4094510 1.1933751 1.7733969 1.9833393 2.3343968 2.3568980 2.1976374 1.9111709 2.4160989 2.7782331 3.2288477 3.8866999 2.3226247 3.0452172 
Ctel_gnl_WGS_AMQN_CAPTEDRAFT_mRNA219560                0.2757476 0.2785023 0.3452866 0.0000000 0.2024011 0.3727366 0.2257667 0.3397999 0.4746483 0.4746483 0.5623130 0.4888231 0.3824669 0.3968691 0.3828127 0.4731613 0.3911943 0.5518483 0.4461141 0.4154109 0.5497979 0.3170946 0.3323098 0.4487802 0.6163174 0.5747381 0.5747381 0.5542834 0.5542834 0.6255194 0.5507739 0.4286314 0.4381159 0.5017908 0.4606536 0.5305530 0.5298208 0.5321607 0.5396122 0.5075344 0.7060510 0.6803977 0.6308730 0.5957267 0.5848043 0.3879968 0.8881202 0.7839549 0.8802182 0.9441616 0.9886634 0.9372969 1.1947369 1.1131555 1.5702791 1.4956387 0.8498478 1.3673781 1.7334204 2.3348920 2.3866164 2.0564015 1.8303501 2.1672609 2.2939696 2.6410193 2.5462254 2.3829717 2.3287045 
Cgig_XM_011430229.3                                    0.3173168 0.2550215 0.4342139 0.2024011 0.0000000 0.4061250 0.1796164 0.3222957 0.3763204 0.4968818 0.6392075 0.5747141 0.3305224 0.5060959 0.4862434 0.5843715 0.5031468 0.5828185 0.5661716 0.6392940 0.6633640 0.5218552 0.5114327 0.4590325 0.5482330 0.6067493 0.6498329 0.6301708 0.6301708 0.5074851 0.5233377 0.3620303 0.3643026 0.4349920 0.4067251 0.4572926 0.4618221 0.5257117 0.4608055 0.4492572 0.7584892 0.7596059 0.5725395 0.6612661 0.5636715 0.6670552 0.9451681 0.9693181 1.0518500 1.1574372 1.2368902 0.9635100 1.1489011 1.2283751 1.5303935 1.4050976 1.2252100 1.4922936 1.7521413 2.3383171 2.3140001 2.0581919 1.9004716 2.1639065 2.5989850 2.9294346 3.2292812 2.5029027 2.8793645 
Dpul_mRNA2534                                          0.3580807 0.3020702 0.5373092 0.3727366 0.4061250 0.0000000 0.2731798 0.3640347 0.3252897 0.4373716 0.7255212 0.6298983 0.3456974 0.6079340 0.6062939 0.7402240 0.6124375 0.6576691 0.6440465 0.6674046 0.7821148 0.5714861 0.5893358 0.5851543 0.5269145 0.5972843 0.6044044 0.5855492 0.5855492 0.6020578 0.6063651 0.5050195 0.4658673 0.5136314 0.4766992 0.5072815 0.5874155 0.5445389 0.5407427 0.5266510 0.8409590 0.8051332 0.5590591 0.8156240 0.5870290 0.5846361 0.9811482 1.0635833 1.0770922 1.0791839 1.2003489 1.0049682 1.1211073 1.3308401 1.5013885 1.4752060 1.3541974 1.5984164 1.6482719 2.3397348 2.3456103 2.1411132 2.0555090 2.1974293 2.6873570 2.6844553 3.3941387 2.6072575 2.8763501 
Acagra_model.g30382.t1                                 0.2256664 0.2589199 0.3182011 0.2257667 0.1796164 0.2731798 0.0000000 0.2809941 0.3364650 0.3364650 0.5490456 0.4422895 0.3643750 0.4236684 0.4031707 0.5062433 0.4049434 0.6206376 0.4729081 0.4922667 0.5147812 0.3886103 0.3984113 0.4864911 0.4836617 0.4153318 0.4153318 0.3963621 0.3963621 0.5176061 0.5980729 0.4167685 0.3713639 0.3976994 0.3877047 0.4887562 0.4052161 0.4101739 0.3782653 0.4701225 0.5797893 0.5912537 0.5145740 0.6608123 0.4427649 0.3931784 0.9109140 0.7683779 0.8807095 0.8610351 0.8794883 0.8686834 1.1416216 1.1774396 1.4363937 1.2867592 0.9335124 1.3073469 1.5167626 2.2967199 2.2631733 2.0557170 1.6649570 1.9743520 2.2103047 2.7739205 3.0873594 2.4381741 2.3952764 
Tcas_TC010485_001                                      0.3988401 0.3183788 0.4465702 0.3397999 0.3222957 0.3640347 0.2809941 0.0000000 0.3738705 0.4784542 0.7484070 0.6026567 0.3962557 0.6015848 0.6139670 0.7323499 0.6180618 0.6317346 0.6645539 0.7101311 0.7808337 0.5906210 0.5835628 0.5650582 0.5033967 0.5632049 0.6139771 0.5949020 0.5949020 0.5958349 0.6046305 0.4494990 0.4486880 0.5032561 0.4793646 0.5222816 0.5139811 0.5316888 0.5167167 0.4671357 0.8248224 0.8193090 0.5888774 0.7705345 0.6028453 0.5467135 1.0068393 1.1555213 1.1531275 1.1378312 1.2286888 0.9922784 1.1588670 1.3363318 1.5230082 1.5194075 1.5504328 1.6809267 1.8210664 2.2694152 2.4613896 2.3905573 1.9699116 2.3927737 2.7432744 3.0610583 3.3648316 2.7756511 2.9438589 
Ocar_g143                                              0.3422478 0.3802450 0.4524926 0.4746483 0.3763204 0.3252897 0.3364650 0.3738705 0.0000000 0.0000010 0.6748339 0.5739859 0.5164280 0.5299744 0.5294120 0.5816732 0.5154812 0.6606991 0.5751048 0.5907168 0.7057861 0.4971411 0.5080778 0.5064174 0.5650586 0.5506756 0.5506756 0.5378820 0.5378820 0.6591623 0.6579680 0.5403324 0.4809659 0.4755618 0.4758728 0.4910911 0.5994628 0.5851145 0.6069181 0.5837078 0.7995022 0.7836234 0.5730378 0.7800359 0.5248582 0.5436525 1.1014110 1.0849447 1.0415961 1.0955922 1.1481900 1.0639197 1.3001112 1.0872827 1.5387297 1.5770460 0.9570580 1.4264319 1.5946880 2.2932814 2.4464382 2.0363116 1.8901365 2.4968227 2.8573523 3.0162995 2.7686770 2.6803713 3.0292740 
Opea_EP00118_Oscarella_pearsei_P027594                 0.4493067 0.3802450 0.5822168 0.4746483 0.4968818 0.4373716 0.3364650 0.4784542 0.0000010 0.0000000 0.8144423 0.6888000 0.5164280 0.6632406 0.6602407 0.7744266 0.6459599 0.6606991 0.6992821 0.7181980 0.8518822 0.6138405 0.6234296 0.5603584 0.5650586 0.6353416 0.6509195 0.6376639 0.6376639 0.6591623 0.6579680 0.5403324 0.4809659 0.4755618 0.4811785 0.4910911 0.6408773 0.6266250 0.6483729 0.5837078 0.8529390 0.8362576 0.5730378 0.8148960 0.6575516 0.6451311 1.1014110 1.3002562 1.1589681 1.1141122 1.3396310 1.0762085 1.3001112 1.1170089 1.5401157 1.5770460 1.2903514 1.5481242 1.5957952 2.3632980 2.4464382 2.0363116 1.8901365 2.4968227 2.8573523 3.0076954 3.0984655 2.6803713 3.0673536 
Exapal_XM_021059914.2                                  0.5809890 0.4353669 0.5826100 0.5623130 0.6392075 0.7255212 0.5490456 0.7484070 0.6748339 0.8144423 0.0000000 0.2174364 0.1988530 0.2603563 0.2694458 0.2859495 0.2765528 0.4272605 0.3761243 0.4185195 0.3375210 0.5104723 0.4869845 0.4978600 0.5060199 0.5096056 0.5567341 0.5694777 0.5694777 0.6487110 0.6814575 0.6568356 0.6167953 0.6610957 0.6043046 0.6398392 0.7095106 0.7935778 0.7032732 0.6619453 0.7819675 0.8022740 0.7531340 0.6862140 0.7662746 0.8446333 1.0296863 1.1371826 0.9999711 1.2349330 1.3101972 1.0793995 1.3670918 1.4162422 1.6254024 1.4634166 0.9733693 1.8522006 1.9395459 2.3170806 2.4889680 2.1057534 2.0510552 2.5702817 3.3471732 3.2928271 4.0019406 2.6525047 3.1760672 
Nvec_v1g86836                                          0.4760065 0.3217205 0.5191842 0.4888231 0.5747141 0.6298983 0.4422895 0.6026567 0.5739859 0.6888000 0.2174364 0.0000000 0.1342519 0.2279430 0.2482947 0.2483696 0.2403235 0.4503768 0.3354569 0.3651601 0.3129780 0.4244743 0.3958350 0.4378263 0.4706312 0.4706150 0.5084288 0.5267381 0.5267381 0.6923098 0.6547991 0.6399179 0.6045434 0.6456813 0.5570346 0.6359519 0.6494003 0.7034611 0.5968363 0.5813585 0.7968620 0.7859419 0.6815506 0.6882318 0.7255935 0.7411415 1.0409149 1.1200903 1.0135531 1.2195508 1.3222803 1.0276474 1.3503821 1.3510396 1.6610364 1.5360946 0.8581795 1.8414092 1.7486229 2.1755745 2.3181858 1.9832660 1.9674598 2.4164689 2.9521023 3.2562643 3.8362057 2.6042288 3.1603830 
Adig_XM_015914224.1                                    0.2642169 0.3095609 0.3449497 0.3824669 0.3305224 0.3456974 0.3643750 0.3962557 0.5164280 0.5164280 0.1988530 0.1342519 0.0000000 0.0074909 0.0383764 0.0530996 0.0496729 0.1728264 0.1791725 0.1931895 0.1102861 0.2421735 0.2365450 0.3194978 0.4615659 0.4721949 0.4721949 0.4494932 0.4494932 0.6742785 0.6188996 0.5332371 0.4941078 0.5546665 0.4845594 0.6457152 0.5735933 0.6009237 0.5346364 0.5287597 0.7571864 0.7348032 0.6329657 0.5895660 0.5628246 0.4132592 0.9019707 0.9468851 0.8844614 1.0871148 1.0442834 0.9538969 1.3695360 1.0725879 1.5367586 1.5489861 1.7542883 1.5354822 1.6279277 1.8267632 2.0844955 1.7113524 1.7809542 2.1085245 2.7792288 2.7833146 2.8554002 2.3499222 2.4205876 
Gfas_gfas1.m1.332.m1                                   0.4563913 0.3393117 0.4755487 0.3968691 0.5060959 0.6079340 0.4236684 0.6015848 0.5299744 0.6632406 0.2603563 0.2279430 0.0074909 0.0000000 0.0426442 0.0674449 0.0689238 0.2816749 0.3222413 0.3490431 0.1115484 0.4155631 0.4232419 0.3945577 0.5093984 0.5420087 0.5844810 0.5862868 0.5862868 0.6418540 0.6360590 0.5455666 0.5499450 0.5775548 0.5110097 0.6268473 0.6119961 0.6510316 0.5913291 0.5403205 0.7392139 0.7215643 0.6291951 0.6321516 0.6537519 0.7559702 0.9192594 1.1085457 1.0019829 1.1965165 1.3259706 1.1095986 1.3864664 1.2760661 1.6818316 1.5859181 0.9579975 1.7725778 1.7928568 2.0970714 2.3878688 2.0090646 1.9251085 2.3641416 2.9165568 3.1055959 3.6655480 2.5468607 2.9238190 
Gasp_gasp1.m3.8493.m1                                  0.4921748 0.3678123 0.4809206 0.3828127 0.4862434 0.6062939 0.4031707 0.6139670 0.5294120 0.6602407 0.2694458 0.2482947 0.0383764 0.0426442 0.0000000 0.0447089 0.0477343 0.2395899 0.3299555 0.3603571 0.1382227 0.4110400 0.4272033 0.4127224 0.5133480 0.5426894 0.5851551 0.5869613 0.5869613 0.6271140 0.6202023 0.5272580 0.5342782 0.5613847 0.4956577 0.5953530 0.5988740 0.6356434 0.5708894 0.5331108 0.7147512 0.7008749 0.6332475 0.6376211 0.6664626 0.7280214 0.9464488 1.1023527 1.0203387 1.1665258 1.3096447 1.1317401 1.4070836 1.3025679 1.7114714 1.5963161 0.9275813 1.7951867 1.7635298 2.1385150 2.4282650 2.0251812 1.8784769 2.3148478 2.8611607 3.1266318 3.7017797 2.5624397 2.8577310 
Fspp_ffun1.m4.20918.m1                                 0.5263339 0.3516413 0.5530958 0.4731613 0.5843715 0.7402240 0.5062433 0.7323499 0.5816732 0.7744266 0.2859495 0.2483696 0.0530996 0.0674449 0.0447089 0.0000000 0.0554268 0.5332603 0.3747717 0.4465117 0.0839356 0.4736193 0.5269354 0.4443356 0.5490527 0.5863728 0.6458321 0.6484431 0.6484431 0.7770281 0.9620180 0.6392306 0.6374077 0.6206392 0.5862478 0.7068429 0.6920243 0.7306504 0.6540004 0.6291900 0.8726524 0.8724545 0.7818200 0.5434303 0.4859434 0.8583056 1.2937797 1.3906850 1.2234160 1.4343728 1.6081993 1.2426284 1.3789466 1.3965340 1.9003139 1.6703122 0.8720702 2.0235037 1.8203894 2.1648167 2.3918460 2.5406205 1.8853168 2.4352956 2.9370716 3.9087184 4.5228636 2.7001638 5.6088072 
Pocdam_XM_027181456.1                                  0.4867466 0.3417572 0.4511791 0.3911943 0.5031468 0.6124375 0.4049434 0.6180618 0.5154812 0.6459599 0.2765528 0.2403235 0.0496729 0.0689238 0.0477343 0.0554268 0.0000000 0.2020102 0.3246203 0.3894160 0.1739326 0.4414632 0.4511782 0.3744629 0.5094758 0.5528067 0.5952367 0.5970518 0.5970518 0.6464617 0.6313029 0.5197597 0.5140812 0.5203940 0.4891505 0.5830189 0.5699026 0.6111625 0.5468744 0.5315850 0.7644245 0.7498563 0.6463320 0.6196734 0.7056645 0.7394597 0.9580250 1.0896099 1.0335643 1.2065140 1.3181967 1.1349595 1.4139412 1.3219231 1.7628193 1.5984800 1.0611509 1.8617090 1.8806149 2.2621462 2.4074022 2.0047924 1.8681151 2.2886487 2.7819088 3.2857444 3.7285461 2.5076798 2.9325645 
Spis_XP_022802231_1                                    0.6064131 0.4979017 0.5843010 0.5518483 0.5828185 0.6576691 0.6206376 0.6317346 0.6606991 0.6606991 0.4272605 0.4503768 0.1728264 0.2816749 0.2395899 0.5332603 0.2020102 0.0000000 0.4632844 0.3867637 0.3917317 0.5048216 0.5158774 0.5692797 0.6178826 0.6097946 0.6097946 0.6097946 0.6097946 0.8751697 0.6077802 0.5293077 0.5796573 0.6713320 0.6017649 0.7034964 0.7277729 0.7759447 0.6756991 0.7718106 0.9638947 0.9648217 0.6993478 1.0783886 1.0861285 0.7982188 0.9709177 1.0839493 1.0679656 1.2053351 1.1375548 1.3861765 1.8600648 1.5632671 2.2219612 2.0802449 4.4038453 1.9389814 2.3127039 2.5325597 2.6590757 2.2384636 2.4610240 2.6327015 3.0182678 2.9126567 3.3746291 2.8362665 1.8763779 
Dgig_XM_028554230.1                                    0.5256989 0.4152487 0.5355208 0.4461141 0.5661716 0.6440465 0.4729081 0.6645539 0.5751048 0.6992821 0.3761243 0.3354569 0.1791725 0.3222413 0.3299555 0.3747717 0.3246203 0.4632844 0.0000000 0.1662887 0.4680862 0.4976169 0.5033218 0.4467396 0.5451698 0.6091774 0.6616503 0.6599087 0.6599087 0.7019346 0.7038297 0.5791671 0.5698031 0.6178941 0.6107205 0.6113741 0.6761383 0.6948534 0.6562798 0.6205123 0.7886620 0.8082724 0.7154018 0.7056368 0.7592160 0.7795156 0.9996811 1.1299301 1.0463313 1.2577867 1.3039970 1.1009688 1.3555428 1.3061972 1.5068214 1.6141131 1.2094210 1.6800802 1.7263724 2.0815434 2.2428591 1.8936401 2.0141421 2.4870153 2.9279344 3.3110845 3.7051311 2.4659351 2.7891265 
Xesp_005265-T1                                         0.5078589 0.4069788 0.6437478 0.4154109 0.6392940 0.6674046 0.4922667 0.7101311 0.5907168 0.7181980 0.4185195 0.3651601 0.1931895 0.3490431 0.3603571 0.4465117 0.3894160 0.3867637 0.1662887 0.0000000 0.4673342 0.5208116 0.5581675 0.4712520 0.5866409 0.6581314 0.7095116 0.7075898 0.7075898 0.6684234 0.7038367 0.6456211 0.6116202 0.6332788 0.6255893 0.6232100 0.7438842 0.7615584 0.7291963 0.6405228 0.8220267 0.8390980 0.7228484 0.6893492 0.8169146 0.7650617 0.9690074 1.1787118 1.0466303 1.2410263 1.3310253 1.1647478 1.4094573 1.2987376 1.5057920 1.6164019 1.3789511 1.5475057 1.7391922 2.0722374 2.0840066 1.7334269 1.9673130 2.2981872 2.8866574 3.1793597 3.3477281 2.4335976 2.8315707 
Amil_Amillepora03627-RA                                0.6008983 0.4959377 0.6911062 0.5497979 0.6633640 0.7821148 0.5147812 0.7808337 0.7057861 0.8518822 0.3375210 0.3129780 0.1102861 0.1115484 0.1382227 0.0839356 0.1739326 0.3917317 0.4680862 0.4673342 0.0000000 0.5693719 0.5367578 0.5507862 0.6605841 0.6967942 0.7454805 0.7237505 0.7237505 0.7876277 0.8936077 0.7342168 0.6901410 0.7463839 0.6799759 0.8182990 0.7686779 0.8147100 0.7254588 0.7019424 0.9641935 0.9338504 0.8430581 0.7171305 0.7357497 0.9859091 1.1860938 1.3044852 1.2345698 1.3462899 1.5011613 1.3810134 1.7385030 1.4504752 1.8596829 2.0908567 1.0576965 2.0168011 1.8574459 2.4632875 2.5395416 2.4317778 2.1799006 2.6718006 3.2142484 3.3549657 3.6248769 2.7959253 3.3965311 
Rhoesc_Res_011377-T1                                   0.5051296 0.3421648 0.5687149 0.3170946 0.5218552 0.5714861 0.3886103 0.5906210 0.4971411 0.6138405 0.5104723 0.4244743 0.2421735 0.4155631 0.4110400 0.4736193 0.4414632 0.5048216 0.4976169 0.5208116 0.5693719 0.0000000 0.1420478 0.3487234 0.4730912 0.5068281 0.5430250 0.5248723 0.5248723 0.5810868 0.5552099 0.5402240 0.4868535 0.4932451 0.4675450 0.5433480 0.5578542 0.5736549 0.5862853 0.5295837 0.7016402 0.6862638 0.5754435 0.6697013 0.8176408 0.6544783 0.9167075 0.9649803 0.9408616 1.0379573 1.1618539 0.9367870 1.2728499 1.1567529 1.3602090 1.4571065 0.5288513 1.5806427 1.6391294 2.0016041 2.1591919 1.8531925 1.8824450 2.1324002 2.7669048 2.5654713 3.0032118 2.4478689 2.6572186 
Sanmal_Sma_025511-T1                                   0.5439236 0.3606423 0.6032525 0.3323098 0.5114327 0.5893358 0.3984113 0.5835628 0.5080778 0.6234296 0.4869845 0.3958350 0.2365450 0.4232419 0.4272033 0.5269354 0.4511782 0.5158774 0.5033218 0.5581675 0.5367578 0.1420478 0.0000000 0.4134832 0.4907704 0.5242079 0.5574006 0.5395409 0.5395409 0.5467047 0.5181421 0.5102360 0.4860300 0.4957664 0.4555344 0.5562022 0.5552604 0.6038465 0.5831710 0.5255284 0.6990528 0.6684207 0.5807747 0.6874868 0.8146086 0.7479933 0.8760667 1.0414450 0.9632194 1.0650079 1.1648750 0.9543763 1.2920816 1.2269150 1.3998648 1.4923870 0.7240042 1.6890701 1.6500575 2.0347717 2.1651842 1.9190872 1.9356695 2.1976364 2.7716201 2.6656165 3.1380668 2.5926739 2.5897302 
Morvir_scaffold65.g49.t1                               0.4677123 0.4172374 0.4957556 0.4487802 0.4590325 0.5851543 0.4864911 0.5650582 0.5064174 0.5603584 0.4978600 0.4378263 0.3194978 0.3945577 0.4127224 0.4443356 0.3744629 0.5692797 0.4467396 0.4712520 0.5507862 0.3487234 0.4134832 0.0000000 0.5084558 0.5315091 0.5315091 0.5422765 0.5422765 0.6365330 0.5602658 0.5009615 0.4704861 0.5472172 0.5285292 0.5514922 0.6536979 0.7179287 0.6388957 0.6235481 0.7854710 0.7805630 0.6054943 0.6121186 0.7515625 0.7598979 0.9410156 0.9344161 0.8816956 1.1216471 1.0776608 1.0316409 1.3420097 1.2747325 1.4449528 1.5255447 0.7500999 1.5786301 1.8095706 1.9444668 2.1644973 1.7705337 1.8912199 2.2716135 2.7487977 3.0584960 2.9466067 2.4849802 2.7071799 
Tadh_TriadT64225                                       0.4270968 0.4441507 0.5022539 0.6163174 0.5482330 0.5269145 0.4836617 0.5033967 0.5650586 0.5650586 0.5060199 0.4706312 0.4615659 0.5093984 0.5133480 0.5490527 0.5094758 0.6178826 0.5451698 0.5866409 0.6605841 0.4730912 0.4907704 0.5084558 0.0000000 0.0418058 0.0418058 0.0417126 0.0417126 0.8033953 0.6555719 0.6027165 0.5932473 0.6630628 0.5799296 0.6530870 0.6556977 0.7199053 0.6358506 0.6515888 0.8277417 0.7773512 0.6909243 0.7285573 0.7437269 0.6690998 1.2300908 1.1287881 1.0082509 1.1768811 1.2600001 0.9917104 1.4272641 1.1319397 1.4638794 1.3876385 1.3116499 1.7004211 1.9965958 1.9442169 2.2249112 2.0890718 1.9377518 2.2545341 2.8471382 3.1865101 3.0693003 2.3349697 2.4295064 
HoiH06_mRNA10562                                       0.4995315 0.4376805 0.5402363 0.5747381 0.6067493 0.5972843 0.4153318 0.5632049 0.5506756 0.6353416 0.5096056 0.4706150 0.4721949 0.5420087 0.5426894 0.5863728 0.5528067 0.6097946 0.6091774 0.6581314 0.6967942 0.5068281 0.5242079 0.5315091 0.0418058 0.0000000 0.0000010 0.0110400 0.0110400 0.7040469 0.6791189 0.6143029 0.5881840 0.6280455 0.5336459 0.5831923 0.6346647 0.7065531 0.6270222 0.6060892 0.8105010 0.7677595 0.6859199 0.7174395 0.7344754 0.7817347 1.2514143 1.2877812 1.1060880 1.2496098 1.3471637 1.0541963 1.4251239 1.2223672 1.5329515 1.3806078 0.9947590 1.8278454 1.8601674 2.1128836 2.2493753 2.1609961 2.0040484 2.5101441 3.0174213 3.1187879 3.0000627 2.3658786 2.9668418 
HoiH23_PlH23_005611-RA                                 0.5568551 0.4376805 0.5849079 0.5747381 0.6498329 0.6044044 0.4153318 0.6139771 0.5506756 0.6509195 0.5567341 0.5084288 0.4721949 0.5844810 0.5851551 0.6458321 0.5952367 0.6097946 0.6616503 0.7095116 0.7454805 0.5430250 0.5574006 0.5315091 0.0418058 0.0000010 0.0000000 0.0107745 0.0107745 0.7040469 0.6791189 0.6143029 0.5881840 0.6280455 0.5336459 0.5831923 0.6346647 0.7065531 0.6270222 0.6060892 0.8105010 0.7677595 0.6859199 0.7174395 0.7881822 0.8023591 1.2514143 1.3566894 1.1060880 1.2496098 1.4089440 1.0541963 1.4251239 1.2223672 1.5329515 1.3806078 0.9947590 1.8278454 1.8601674 2.1128836 2.2493753 2.1609961 2.0040484 2.5101441 3.0174213 3.1187879 3.1812496 2.3658786 2.9668418 
Hhon_g09984.t1                                         0.5377867 0.4391796 0.5866663 0.5542834 0.6301708 0.5855492 0.3963621 0.5949020 0.5378820 0.6376639 0.5694777 0.5267381 0.4494932 0.5862868 0.5869613 0.6484431 0.5970518 0.6097946 0.6599087 0.7075898 0.7237505 0.5248723 0.5395409 0.5422765 0.0417126 0.0110400 0.0107745 0.0000000 0.0000010 0.6835443 0.6620095 0.6122522 0.5865729 0.6084793 0.5353583 0.5850684 0.6150193 0.6858849 0.6072282 0.5851910 0.8334283 0.7699586 0.6781325 0.7155450 0.7906436 0.7795129 1.2138815 1.3267549 1.1086201 1.2524102 1.3854486 1.0816322 1.3900507 1.1934986 1.5303041 1.3837532 0.9947590 1.8079527 1.8848959 2.1629401 2.2455106 2.1730383 1.9753821 2.4510462 2.9607504 3.0434737 3.1550601 2.3617346 2.9544986 
HoiH04_mRNA3691                                        0.5377867 0.4391796 0.5866663 0.5542834 0.6301708 0.5855492 0.3963621 0.5949020 0.5378820 0.6376639 0.5694777 0.5267381 0.4494932 0.5862868 0.5869613 0.6484431 0.5970518 0.6097946 0.6599087 0.7075898 0.7237505 0.5248723 0.5395409 0.5422765 0.0417126 0.0110400 0.0107745 0.0000010 0.0000000 0.6835443 0.6620095 0.6122522 0.5865729 0.6084793 0.5353583 0.5850684 0.6150193 0.6858849 0.6072282 0.5851910 0.8334283 0.7699586 0.6781325 0.7155450 0.7906436 0.7795129 1.2138815 1.3267549 1.1086201 1.2524102 1.3854486 1.0816322 1.3900507 1.1934986 1.5303041 1.3837532 0.9947590 1.8079527 1.8848959 2.1629401 2.2455106 2.1730383 1.9753821 2.4510462 2.9607504 3.0434737 3.1550601 2.3617346 2.9544986 
Aque_Aqu2.1.16117_001                                  0.5587388 0.6342708 0.6057962 0.6255194 0.5074851 0.6020578 0.5176061 0.5958349 0.6591623 0.6591623 0.6487110 0.6923098 0.6742785 0.6418540 0.6271140 0.7770281 0.6464617 0.8751697 0.7019346 0.6684234 0.7876277 0.5810868 0.5467047 0.6365330 0.8033953 0.7040469 0.7040469 0.6835443 0.6835443 0.0000000 0.1521275 0.3300020 0.3457066 0.3666406 0.3234645 0.4886202 0.6591808 0.7004479 0.6975700 0.6601709 0.8005149 0.7977119 0.6785521 0.8340218 0.8229562 0.7390189 1.1022452 1.0428563 1.1397884 1.2244084 1.2086210 1.0178339 1.2612762 1.0436023 1.4650699 1.3831624 0.9694575 1.5792250 1.5978667 2.0829442 2.1563956 1.8418040 2.3068344 2.0483618 2.2543475 2.6791861 2.5843219 2.4904590 3.0051409 
Xestes_maker-XT_scaffold17037-augustus-gene-0.2-mRNA-1 0.5596303 0.6082114 0.5890512 0.5507739 0.5233377 0.6063651 0.5980729 0.6046305 0.6579680 0.6579680 0.6814575 0.6547991 0.6188996 0.6360590 0.6202023 0.9620180 0.6313029 0.6077802 0.7038297 0.7038367 0.8936077 0.5552099 0.5181421 0.5602658 0.6555719 0.6791189 0.6791189 0.6620095 0.6620095 0.1521275 0.0000000 0.3140279 0.3085753 0.3532284 0.3437008 0.4898713 0.7834353 0.7851309 0.7540734 0.7282243 0.8926512 0.8035943 0.6823916 0.9736675 1.1408164 0.6841866 1.1783455 1.0002237 1.0755552 1.2629225 1.3505156 0.9947646 1.3741341 1.1135079 1.3378779 1.2660626 4.4608814 1.4470912 1.6156282 1.9132036 1.9659170 1.7136162 1.9603062 2.0096854 2.2464045 2.3654898 2.6319534 2.3367653 2.2609320 
Emue_Em0016g1075a.t1                                   0.4809773 0.5067059 0.4581603 0.4286314 0.3620303 0.5050195 0.4167685 0.4494990 0.5403324 0.5403324 0.6568356 0.6399179 0.5332371 0.5455666 0.5272580 0.6392306 0.5197597 0.5293077 0.5791671 0.6456211 0.7342168 0.5402240 0.5102360 0.5009615 0.6027165 0.6143029 0.6143029 0.6122522 0.6122522 0.3300020 0.3140279 0.0000000 0.0455419 0.1918587 0.1677173 0.3324487 0.7021487 0.6719267 0.6615104 0.6499853 0.6848726 0.7059375 0.5881528 0.7038107 0.7467075 0.5150530 0.9611280 0.9507756 0.9564497 1.1232245 1.1006203 0.9171736 1.2374871 1.0000438 1.2236902 1.1560742 2.4598550 1.6311407 1.4880008 1.6368234 1.7938335 1.5830002 1.7056018 2.0659118 2.3351122 2.6403425 2.6258676 1.8850010 2.1807640 
Spolac_c96459_g1_i1_m.13130c96459-g1                   0.4316011 0.4658024 0.4605977 0.4381159 0.3643026 0.4658673 0.3713639 0.4486880 0.4809659 0.4809659 0.6167953 0.6045434 0.4941078 0.5499450 0.5342782 0.6374077 0.5140812 0.5796573 0.5698031 0.6116202 0.6901410 0.4868535 0.4860300 0.4704861 0.5932473 0.5881840 0.5881840 0.5865729 0.5865729 0.3457066 0.3085753 0.0455419 0.0000000 0.1758042 0.1777034 0.2796761 0.6199894 0.6151936 0.5891389 0.5633173 0.7381699 0.7552342 0.6070825 0.6238495 0.6225951 0.6336759 0.9827774 0.9300954 0.9733140 1.0883096 1.0745701 0.9220766 1.1582627 1.0455559 1.3181819 1.2417768 0.9910023 1.5914859 1.5787641 2.0843056 2.0924021 1.7979063 1.8823196 2.0845179 2.4479395 2.7926997 2.7683366 2.0549295 2.7068194 
Tetwil_g1492.t1                                        0.4786279 0.4638879 0.5069795 0.5017908 0.4349920 0.5136314 0.3976994 0.5032561 0.4755618 0.4755618 0.6610957 0.6456813 0.5546665 0.5775548 0.5613847 0.6206392 0.5203940 0.6713320 0.6178941 0.6332788 0.7463839 0.4932451 0.4957664 0.5472172 0.6630628 0.6280455 0.6280455 0.6084793 0.6084793 0.3666406 0.3532284 0.1918587 0.1758042 0.0000000 0.1117860 0.3477290 0.6356879 0.6232115 0.6025249 0.6080860 0.8036297 0.7924958 0.6239566 0.7656518 0.7384798 0.5881426 1.0630472 1.0133866 1.0548549 1.1256224 1.1255417 1.0270636 1.2961734 1.1100620 1.4451688 1.2228577 0.9973568 1.7114968 1.7598317 2.2665149 2.1995539 2.0303697 1.9045453 2.3062840 2.8675585 3.1105289 3.0003296 2.4128127 2.9298265 
Stycar_maker-SC_scaffold2124-augustus-gene-0.57-mRNA-1 0.4667298 0.4432932 0.4605353 0.4606536 0.4067251 0.4766992 0.3877047 0.4793646 0.4758728 0.4811785 0.6043046 0.5570346 0.4845594 0.5110097 0.4956577 0.5862478 0.4891505 0.6017649 0.6107205 0.6255893 0.6799759 0.4675450 0.4555344 0.5285292 0.5799296 0.5336459 0.5336459 0.5353583 0.5353583 0.3234645 0.3437008 0.1677173 0.1777034 0.1117860 0.0000000 0.2842281 0.5997596 0.6102808 0.5707664 0.5369924 0.6868197 0.6847106 0.5696597 0.7225877 0.6960292 0.5910554 0.9756515 0.9873608 0.9158298 0.9957389 1.0600731 0.9256559 1.2616057 1.0869918 1.3138076 1.1953818 0.9839060 1.6536840 1.6356772 2.0365911 2.2310586 1.9093339 1.8769062 2.3427093 2.8655174 2.6930910 2.6550928 2.4164926 2.9218978 
Plespi_Pspi_scaffold6141_01                            0.4900929 0.5151610 0.5046787 0.5305530 0.4572926 0.5072815 0.4887562 0.5222816 0.4910911 0.4910911 0.6398392 0.6359519 0.6457152 0.6268473 0.5953530 0.7068429 0.5830189 0.7034964 0.6113741 0.6232100 0.8182990 0.5433480 0.5562022 0.5514922 0.6530870 0.5831923 0.5831923 0.5850684 0.5850684 0.4886202 0.4898713 0.3324487 0.2796761 0.3477290 0.2842281 0.0000000 0.5923035 0.6449080 0.5718277 0.5845434 0.7365951 0.7487633 0.7211165 0.7220202 0.7213833 0.6134985 0.9512660 0.9088346 0.8481991 0.9442541 0.9687565 0.8564038 1.1392862 1.0505721 1.3602698 1.1927873 1.0094232 1.4744276 1.6232703 2.1270665 2.1597523 2.0059884 1.9990022 2.1231432 2.5742775 2.8154379 2.7369284 2.5818890 2.6293152 
Mlei_ML0211.g7.i1                                      0.5349024 0.5400347 0.5885121 0.5298208 0.4618221 0.5874155 0.4052161 0.5139811 0.5994628 0.6408773 0.7095106 0.6494003 0.5735933 0.6119961 0.5988740 0.6920243 0.5699026 0.7277729 0.6761383 0.7438842 0.7686779 0.5578542 0.5552604 0.6536979 0.6556977 0.6346647 0.6346647 0.6150193 0.6150193 0.6591808 0.7834353 0.7021487 0.6199894 0.6356879 0.5997596 0.5923035 0.0000000 0.1204903 0.1478388 0.1433721 0.7758181 0.7737480 0.7406630 0.7993371 0.8201377 0.7809147 0.8682933 0.8584216 0.7856296 0.8573440 0.8452442 1.0576253 1.3339587 1.1820305 1.6121649 1.4200728 0.9539311 1.6496448 2.0932110 2.5939842 2.5067693 2.1044406 2.3189378 2.5625353 2.7320454 2.9902893 3.1461488 2.7630315 2.5443175 
Mertsp_Mesp_sb553012                                   0.5578610 0.5575868 0.6360801 0.5321607 0.5257117 0.5445389 0.4101739 0.5316888 0.5851145 0.6266250 0.7935778 0.7034611 0.6009237 0.6510316 0.6356434 0.7306504 0.6111625 0.7759447 0.6948534 0.7615584 0.8147100 0.5736549 0.6038465 0.7179287 0.7199053 0.7065531 0.7065531 0.6858849 0.6858849 0.7004479 0.7851309 0.6719267 0.6151936 0.6232115 0.6102808 0.6449080 0.1204903 0.0000000 0.1660174 0.1622562 0.7960421 0.7946270 0.7001300 0.8873842 0.8611767 0.7507026 0.9097599 0.8821624 0.8609856 0.8424075 0.8430828 1.1171816 1.3311154 1.1749195 1.5541162 1.5061915 0.9837551 1.5557515 2.0316813 2.5780360 2.4806915 2.2378095 2.2455457 2.6470844 2.8138936 2.8907316 3.1898151 2.7953093 2.5363829 
Horcal_Hcv1.av93.c2.g443.i1                            0.5267153 0.5097451 0.5849416 0.5396122 0.4608055 0.5407427 0.3782653 0.5167167 0.6069181 0.6483729 0.7032732 0.5968363 0.5346364 0.5913291 0.5708894 0.6540004 0.5468744 0.6756991 0.6562798 0.7291963 0.7254588 0.5862853 0.5831710 0.6388957 0.6358506 0.6270222 0.6270222 0.6072282 0.6072282 0.6975700 0.7540734 0.6615104 0.5891389 0.6025249 0.5707664 0.5718277 0.1478388 0.1660174 0.0000000 0.1829465 0.8006374 0.7651182 0.7012054 0.8129948 0.8566866 0.7793110 0.8594049 0.8612177 0.7788802 0.8495278 0.8500744 1.0947065 1.3439926 1.2051359 1.6125763 1.4679436 1.0417251 1.6214878 2.0829903 2.6637199 2.5524223 2.2501490 2.1866321 2.5427549 2.7817961 2.8358518 3.2357474 2.7096371 2.2465582 
Beraby_Baby_sb335656                                   0.5017663 0.4780574 0.5578794 0.5075344 0.4492572 0.5266510 0.4701225 0.4671357 0.5837078 0.5837078 0.6619453 0.5813585 0.5287597 0.5403205 0.5331108 0.6291900 0.5315850 0.7718106 0.6205123 0.6405228 0.7019424 0.5295837 0.5255284 0.6235481 0.6515888 0.6060892 0.6060892 0.5851910 0.5851910 0.6601709 0.7282243 0.6499853 0.5633173 0.6080860 0.5369924 0.5845434 0.1433721 0.1622562 0.1829465 0.0000000 0.7335187 0.7209936 0.6888878 0.7579186 0.8570626 0.6513738 0.8606953 0.7563436 0.7157155 0.7693120 0.7445781 0.9247811 1.2860165 1.0056164 1.5105723 1.3891097 0.8655264 1.3289730 1.8803948 2.4250307 2.5256814 1.9166485 1.9878102 2.4317788 2.5901498 2.7900014 3.0406001 2.7658340 2.1909427 
Lcom_lcpid22830                                        0.8166867 0.7955078 0.7281009 0.7060510 0.7584892 0.8409590 0.5797893 0.8248224 0.7995022 0.8529390 0.7819675 0.7968620 0.7571864 0.7392139 0.7147512 0.8726524 0.7644245 0.9638947 0.7886620 0.8220267 0.9641935 0.7016402 0.6990528 0.7854710 0.8277417 0.8105010 0.8105010 0.8334283 0.8334283 0.8005149 0.8926512 0.6848726 0.7381699 0.8036297 0.6868197 0.7365951 0.7758181 0.7960421 0.8006374 0.7335187 0.0000000 0.0512389 0.3654455 0.9897850 1.0849687 0.9730396 1.0992080 1.2297512 1.0899888 1.2382897 1.2992995 1.1274556 1.2288589 1.2188251 1.5208212 1.3197899 0.9310368 1.6526915 2.0207635 2.2687346 2.4394186 1.8732293 1.9168297 2.2062254 2.4965096 3.0896416 3.7089811 3.0306954 2.7916003 
Leuniv_Lniv_C799558_01                                 0.8142906 0.7724189 0.7022903 0.6803977 0.7596059 0.8051332 0.5912537 0.8193090 0.7836234 0.8362576 0.8022740 0.7859419 0.7348032 0.7215643 0.7008749 0.8724545 0.7498563 0.9648217 0.8082724 0.8390980 0.9338504 0.6862638 0.6684207 0.7805630 0.7773512 0.7677595 0.7677595 0.7699586 0.7699586 0.7977119 0.8035943 0.7059375 0.7552342 0.7924958 0.6847106 0.7487633 0.7737480 0.7946270 0.7651182 0.7209936 0.0512389 0.0000000 0.3116029 1.0126587 1.0537381 0.9747994 1.0380821 1.1955667 1.0459352 1.2379716 1.2402592 1.1425089 1.3028238 1.1809897 1.5709797 1.2981034 0.9220729 1.6316623 2.0335309 2.2810448 2.4415115 1.9164358 1.9311976 2.2384881 2.5419132 3.1228780 3.4897614 3.1056508 2.8084729 
Clacor_Ccor_scaffold3697_01                            0.5669053 0.5635483 0.5796952 0.6308730 0.5725395 0.5590591 0.5145740 0.5888774 0.5730378 0.5730378 0.7531340 0.6815506 0.6329657 0.6291951 0.6332475 0.7818200 0.6463320 0.6993478 0.7154018 0.7228484 0.8430581 0.5754435 0.5807747 0.6054943 0.6909243 0.6859199 0.6859199 0.6781325 0.6781325 0.6785521 0.6823916 0.5881528 0.6070825 0.6239566 0.5696597 0.7211165 0.7406630 0.7001300 0.7012054 0.6888878 0.3654455 0.3116029 0.0000000 1.0274457 0.8895687 0.6938650 0.9161445 1.1058126 0.9384524 1.0378223 1.0580997 1.0744434 1.3785845 1.0407095 1.3236825 1.1757778 1.7438272 1.4074381 1.5640537 1.8850163 1.8521809 1.7145399 1.5493796 2.0640990 2.4353700 2.6830759 2.7319424 2.6211333 2.4432202 
Hvul_g435_1                                            0.7333487 0.6270836 0.6989265 0.5957267 0.6612661 0.8156240 0.6608123 0.7705345 0.7800359 0.8148960 0.6862140 0.6882318 0.5895660 0.6321516 0.6376211 0.5434303 0.6196734 1.0783886 0.7056368 0.6893492 0.7171305 0.6697013 0.6874868 0.6121186 0.7285573 0.7174395 0.7174395 0.7155450 0.7155450 0.8340218 0.9736675 0.7038107 0.6238495 0.7656518 0.7225877 0.7220202 0.7993371 0.8873842 0.8129948 0.7579186 0.9897850 1.0126587 1.0274457 0.0000000 0.8299938 1.0866996 1.2887661 1.2811009 1.2100858 1.2713752 1.3765178 1.1849767 1.4831443 1.3878652 1.8375138 1.7128607 1.0047438 1.7835454 2.1091004 2.3957663 2.7197651 2.3626218 2.1449656 2.8908052 3.5300814 3.5924667 3.4737895 2.6846297 3.5468282 
Bralan_BLAG07000960_1                                  0.4161822 0.4334316 0.6157670 0.5848043 0.5636715 0.5870290 0.4427649 0.6028453 0.5248582 0.6575516 0.7662746 0.7255935 0.5628246 0.6537519 0.6664626 0.4859434 0.7056645 1.0861285 0.7592160 0.8169146 0.7357497 0.8176408 0.8146086 0.7515625 0.7437269 0.7344754 0.7881822 0.7906436 0.7906436 0.8229562 1.1408164 0.7467075 0.6225951 0.7384798 0.6960292 0.7213833 0.8201377 0.8611767 0.8566866 0.8570626 1.0849687 1.0537381 0.8895687 0.8299938 0.0000000 0.8889513 1.8737143 1.8654753 1.6788993 1.7147865 1.9185049 1.4097489 1.6265702 1.5776451 2.0536453 1.9351685 1.0164462 1.8897554 2.0362950 2.4839191 2.4820782 2.8829651 2.2510753 2.6955747 3.3049909 4.1506384 3.9962676 2.6076780 5.8554778 
Cscu_XM_023376787.1                                    0.5963925 0.4005506 0.6666757 0.3879968 0.6670552 0.5846361 0.3931784 0.5467135 0.5436525 0.6451311 0.8446333 0.7411415 0.4132592 0.7559702 0.7280214 0.8583056 0.7394597 0.7982188 0.7795156 0.7650617 0.9859091 0.6544783 0.7479933 0.7598979 0.6690998 0.7817347 0.8023591 0.7795129 0.7795129 0.7390189 0.6841866 0.5150530 0.6336759 0.5881426 0.5910554 0.6134985 0.7809147 0.7507026 0.7793110 0.6513738 0.9730396 0.9747994 0.6938650 1.0866996 0.8889513 0.0000000 1.0230906 1.2194418 1.1989220 1.2559699 1.3956252 1.1742643 1.3114420 1.7189356 1.9851118 1.6462420 1.7543113 2.0295736 1.9392678 2.9280069 2.8053923 2.7017262 2.2161194 2.6077325 2.9572880 3.8978832 4.1777560 3.2168278 2.8138475 
Bolinf_Binf_sb1222223                                  0.9834166 1.0065218 0.9498450 0.8881202 0.9451681 0.9811482 0.9109140 1.0068393 1.1014110 1.1014110 1.0296863 1.0409149 0.9019707 0.9192594 0.9464488 1.2937797 0.9580250 0.9709177 0.9996811 0.9690074 1.1860938 0.9167075 0.8760667 0.9410156 1.2300908 1.2514143 1.2514143 1.2138815 1.2138815 1.1022452 1.1783455 0.9611280 0.9827774 1.0630472 0.9756515 0.9512660 0.8682933 0.9097599 0.8594049 0.8606953 1.0992080 1.0380821 0.9161445 1.2887661 1.8737143 1.0230906 0.0000000 0.2866166 0.3333478 0.4299434 0.4003957 1.2281197 1.4858010 1.4161058 1.7563331 1.5237569 2.7052696 1.9123827 2.1024165 2.4409631 2.5095239 2.2124489 2.5498981 2.1494981 2.5669761 2.8306737 2.9936148 3.2150164 2.0590869 
Drygla_Dgla_sb303755                                   1.0419930 0.8775637 0.9922152 0.7839549 0.9693181 1.0635833 0.7683779 1.1555213 1.0849447 1.3002562 1.1371826 1.1200903 0.9468851 1.1085457 1.1023527 1.3906850 1.0896099 1.0839493 1.1299301 1.1787118 1.3044852 0.9649803 1.0414450 0.9344161 1.1287881 1.2877812 1.3566894 1.3267549 1.3267549 1.0428563 1.0002237 0.9507756 0.9300954 1.0133866 0.9873608 0.9088346 0.8584216 0.8821624 0.8612177 0.7563436 1.2297512 1.1955667 1.1058126 1.2811009 1.8654753 1.2194418 0.2866166 0.0000000 0.3518520 0.4338013 0.5579499 1.3133358 1.4227925 1.5459015 1.9838521 1.6638667 1.6354525 1.9961051 2.2580333 2.8965551 3.0595831 2.6886125 2.5979651 2.5388922 2.9295573 3.4564641 4.0908105 3.2706387 3.0372690 
Lampan_Lpan_14777_01                                   1.0799491 0.9388172 1.0124831 0.8802182 1.0518500 1.0770922 0.8807095 1.1531275 1.0415961 1.1589681 0.9999711 1.0135531 0.8844614 1.0019829 1.0203387 1.2234160 1.0335643 1.0679656 1.0463313 1.0466303 1.2345698 0.9408616 0.9632194 0.8816956 1.0082509 1.1060880 1.1060880 1.1086201 1.1086201 1.1397884 1.0755552 0.9564497 0.9733140 1.0548549 0.9158298 0.8481991 0.7856296 0.8609856 0.7788802 0.7157155 1.0899888 1.0459352 0.9384524 1.2100858 1.6788993 1.1989220 0.3333478 0.3518520 0.0000000 0.4019332 0.3935519 1.2303686 1.5868487 1.4612894 2.0136667 1.5823805 1.6474395 2.1140126 2.3718760 2.6671102 3.0482905 2.7453452 2.4626053 2.5337152 3.0299039 3.1570681 3.3595722 3.3861976 2.8652979 
Vmul_sbMO413405                                        1.1927176 1.1113241 1.1493029 0.9441616 1.1574372 1.0791839 0.8610351 1.1378312 1.0955922 1.1141122 1.2349330 1.2195508 1.0871148 1.1965165 1.1665258 1.4343728 1.2065140 1.2053351 1.2577867 1.2410263 1.3462899 1.0379573 1.0650079 1.1216471 1.1768811 1.2496098 1.2496098 1.2524102 1.2524102 1.2244084 1.2629225 1.1232245 1.0883096 1.1256224 0.9957389 0.9442541 0.8573440 0.8424075 0.8495278 0.7693120 1.2382897 1.2379716 1.0378223 1.2713752 1.7147865 1.2559699 0.4299434 0.4338013 0.4019332 0.0000000 0.3067957 1.3247601 1.4274243 1.6910029 2.1560503 1.8594871 1.5777868 2.0783202 2.4847432 2.7239012 3.0957420 3.0607633 2.9964294 2.6836213 3.1130644 3.2394949 3.3514629 4.2171126 2.7480408 
Coemet_Cmet_C586851_01                                 1.3651853 1.0577591 1.2226509 0.9886634 1.2368902 1.2003489 0.8794883 1.2286888 1.1481900 1.3396310 1.3101972 1.3222803 1.0442834 1.3259706 1.3096447 1.6081993 1.3181967 1.1375548 1.3039970 1.3310253 1.5011613 1.1618539 1.1648750 1.0776608 1.2600001 1.3471637 1.4089440 1.3854486 1.3854486 1.2086210 1.3505156 1.1006203 1.0745701 1.1255417 1.0600731 0.9687565 0.8452442 0.8430828 0.8500744 0.7445781 1.2992995 1.2402592 1.0580997 1.3765178 1.9185049 1.3956252 0.4003957 0.5579499 0.3935519 0.3067957 0.0000000 1.3428989 1.6226303 1.6298541 2.3589627 1.8702430 1.5898351 2.2283492 2.5523400 2.7225962 3.1745478 3.0041905 3.0238806 2.7374682 3.2547446 3.4225272 3.4281733 4.2107842 2.8450714 
Salkve_EP00050_Salpingoeca_kvevrii_P007227             0.9862665 0.9449835 1.0015755 0.9372969 0.9635100 1.0049682 0.8686834 0.9922784 1.0639197 1.0762085 1.0793995 1.0276474 0.9538969 1.1095986 1.1317401 1.2426284 1.1349595 1.3861765 1.1009688 1.1647478 1.3810134 0.9367870 0.9543763 1.0316409 0.9917104 1.0541963 1.0541963 1.0816322 1.0816322 1.0178339 0.9947646 0.9171736 0.9220766 1.0270636 0.9256559 0.8564038 1.0576253 1.1171816 1.0947065 0.9247811 1.1274556 1.1425089 1.0744434 1.1849767 1.4097489 1.1742643 1.2281197 1.3133358 1.2303686 1.3247601 1.3428989 0.0000000 0.9211228 0.7395980 1.0955712 0.9518715 1.5973330 1.2414590 1.4553185 1.9906852 1.9460198 1.5730568 1.6922509 1.9242332 2.0461801 2.2704053 2.1546571 2.5385005 3.3511663 
Saldol_EP00054_Salpingoeca_dolichothecata_P027878      1.1974189 1.2033286 1.2155091 1.1947369 1.1489011 1.1211073 1.1416216 1.1588670 1.3001112 1.3001112 1.3670918 1.3503821 1.3695360 1.3864664 1.4070836 1.3789466 1.4139412 1.8600648 1.3555428 1.4094573 1.7385030 1.2728499 1.2920816 1.3420097 1.4272641 1.4251239 1.4251239 1.3900507 1.3900507 1.2612762 1.3741341 1.2374871 1.1582627 1.2961734 1.2616057 1.1392862 1.3339587 1.3311154 1.3439926 1.2860165 1.2288589 1.3028238 1.3785845 1.4831443 1.6265702 1.3114420 1.4858010 1.4227925 1.5868487 1.4274243 1.6226303 0.9211228 0.0000000 1.1081125 1.4603617 1.1115847 1.7113635 1.2316736 1.8250056 2.4687321 2.4113501 1.8387268 1.9895707 1.8825676 1.7696951 2.3752579 2.9316576 2.6149304 3.5136249 
