62
Hsap_ENST00000396591                                   0.0000000 0.8763608 0.9836742 1.0134707 0.9974760 0.9630831 0.9633575 1.3233522 1.1311162 1.0984030 1.0774006 1.0950367 1.1797353 1.1048919 1.4406618 1.5583500 1.2842327 1.3324281 1.3720940 1.4233993 1.4424325 1.6002591 1.2354589 1.7426615 1.6176679 1.7489850 1.6720804 1.6283372 1.7313713 1.7425330 1.6748795 1.3995412 1.3359387 2.0841609 1.7834981 1.5757242 1.9884584 1.9283609 2.0187561 1.7087319 2.0001906 1.6966724 1.5917551 1.2506975 1.6313183 1.4537339 1.8545930 2.4040479 1.5356298 1.5906943 1.5549053 1.5432220 1.6013469 1.6970776 1.6848029 2.2647950 2.1894025 2.1152206 2.0958288 2.1185511 2.0214975 1.5029066 
Bralan_BLAG02001443_1                                  0.8763608 0.0000000 0.9440086 0.9433220 0.9954137 0.9404489 0.9787382 1.2066804 1.1269566 1.0067703 1.0332519 0.9943112 1.0996452 1.0266401 1.3342900 1.4530156 1.1703134 1.3542876 1.3378896 1.3093702 1.3230898 1.4275950 1.2178372 1.5327880 1.4182784 1.5347989 1.3802125 1.3884280 1.7326030 1.7078369 1.5554789 1.3241371 1.3048651 2.0259412 1.9945133 1.5758945 2.0570992 1.9704987 1.9952041 1.7983002 1.8819782 1.8782594 1.8154767 1.2454247 1.5835324 1.4189352 2.0870842 2.2611713 1.4363765 1.4282644 1.4592739 1.4637192 1.4396317 1.5768274 1.5732205 2.1840818 2.0809071 2.0885665 2.0165485 1.9602757 1.9208110 1.3935985 
Cscu_XM_023372425.1                                    0.9836742 0.9440086 0.0000000 1.1278612 1.0838333 1.0359311 0.9649897 1.2446290 1.1923540 1.1351767 1.1403449 1.1107853 1.1669921 1.0917410 1.5031307 1.6602622 1.3342767 1.3596742 1.2195707 1.2565670 1.3057634 1.3383663 1.1303651 1.6846113 1.5929944 1.8355244 1.4718872 1.4551321 1.5151769 1.5615511 1.4327366 1.2567624 1.2293913 2.1514786 1.9845165 1.5980328 1.8786238 1.8132285 1.8608518 1.5714845 1.8813308 1.8837304 1.6591603 1.2428320 1.5448839 1.5122745 1.9422364 2.1137626 1.5226119 1.5317877 1.5382117 1.4920802 1.5416286 1.6391553 1.6351080 2.2067149 2.0883173 1.9885640 1.9089153 1.9758403 1.9046728 1.4429067 
Spur_XM_779030.5                                       1.0134707 0.9433220 1.1278612 0.0000000 1.0823037 1.0792173 1.0547288 1.4086148 1.2940199 1.2257261 1.1752979 1.1654942 1.2458736 1.1661697 1.4711321 1.5755309 1.4180902 1.4971307 1.4164916 1.5003169 1.5361462 1.5575479 1.2745659 1.4855648 1.3598371 1.4667362 1.4733152 1.3485528 1.6694522 1.7575811 1.5690190 1.2154684 1.3497373 2.0667071 2.0470876 1.8326426 2.0451739 2.0462916 2.1124564 1.9901533 2.0573947 2.2883115 1.8909045 1.4006635 1.9013358 1.8197670 2.1784415 2.4392078 1.6703968 1.6717813 1.6414622 1.6336793 1.6133363 1.7468446 1.7453023 2.0829130 2.1101246 2.1902287 2.2105386 1.9931957 1.9029955 1.4464506 
Ctel_gnl_WGS_AMQN_CAPTEDRAFT_mRNA20619                 0.9974760 0.9954137 1.0838333 1.0823037 0.0000000 0.8102922 0.7581011 1.3178204 1.2134773 1.1543983 1.2320323 1.2022197 1.3155693 1.2559798 1.4902455 1.6528388 1.3627466 1.4528177 1.4605962 1.4200935 1.4589925 1.6021352 1.3018445 1.7225815 1.6203755 1.7129528 1.5362449 1.3702300 1.8480630 1.7876489 1.6611976 1.3917561 1.3650443 2.0431913 1.8376010 1.7056909 2.1285412 2.1387213 2.0202606 2.0454541 2.1648828 1.9477412 1.8064875 1.3045224 1.6563991 1.5992244 2.1716229 2.3066091 1.5319710 1.5610694 1.6165737 1.6438040 1.6248639 1.7463901 1.7397592 2.2709209 2.1216397 2.0926688 2.1673777 2.1181269 1.9724890 1.4630030 
Cgig_XM_011457139.3                                    0.9630831 0.9404489 1.0359311 1.0792173 0.8102922 0.0000000 0.5835471 1.2400765 1.2019848 1.1608777 1.1685360 1.1846899 1.2709116 1.1817878 1.5603768 1.5692365 1.3866860 1.5353645 1.4617571 1.4794939 1.5044367 1.4826549 1.2139974 1.7226654 1.6183158 1.7969191 1.5306908 1.5923672 1.7843138 1.7644812 1.5166832 1.4126947 1.2610825 2.3276309 2.2305877 1.6139670 1.9938569 1.9955429 2.0488263 1.8503395 2.1452182 1.7388605 1.7457931 1.1973697 1.5163108 1.6171183 2.1417311 2.4325433 1.5232626 1.5824473 1.5762426 1.5619933 1.6012140 1.6859289 1.6883529 2.2319544 2.1721962 2.0357057 2.1125740 2.0641999 1.9358720 1.4382563 
Acagra_model.g12850.t1                                 0.9633575 0.9787382 0.9649897 1.0547288 0.7581011 0.5835471 0.0000000 1.3238268 1.2905964 1.2248118 1.2702449 1.2944574 1.3770863 1.2855401 1.5283036 1.5654254 1.4047942 1.4877550 1.4870170 1.4662626 1.4934729 1.5647117 1.2331227 1.7783848 1.6957494 1.7591039 1.7052868 1.6746655 1.7711877 1.7808761 1.6355039 1.3866437 1.3705060 2.1811928 2.2510626 1.7039094 1.9603826 1.9545904 1.9762778 1.8015051 2.0169170 1.9181839 1.7106097 1.2268149 1.6639579 1.5563284 2.0607284 2.3382136 1.6099948 1.6644791 1.6573300 1.6905532 1.6861825 1.8120759 1.8106713 2.2620039 2.2733832 2.1900932 2.1094591 2.0979025 1.8893849 1.3733815 
Exapal_XM_021056495.2                                  1.3233522 1.2066804 1.2446290 1.4086148 1.3178204 1.2400765 1.3238268 0.0000000 0.5148707 0.6035654 0.6109704 0.6078627 0.6885428 0.6308378 0.9704916 1.0184174 1.2451707 1.3467472 1.4168495 1.4312556 1.3948306 1.5877309 1.1838263 1.7194252 1.6470044 1.8507087 1.4874294 1.7362376 1.8184796 1.7941385 1.6553189 1.5197027 1.3485283 2.4540083 2.6322277 1.7395132 2.0330560 1.9866804 2.1572472 1.9072219 2.2804733 1.9655398 1.8206555 1.5827489 1.8402907 1.7536925 2.2311480 2.2396669 1.4737108 1.5156390 1.4724196 1.4940260 1.4932472 1.6237221 1.6221179 2.1611826 2.1464705 2.0703870 2.3188897 2.2335627 2.1835184 1.5628506 
Nvec_v1g125319                                         1.1311162 1.1269566 1.1923540 1.2940199 1.2134773 1.2019848 1.2905964 0.5148707 0.0000000 0.4038209 0.3870928 0.3800783 0.4381216 0.4006016 0.6359488 0.6650704 1.0547990 1.1882548 1.2695742 1.2782979 1.2680971 1.3363391 1.0305871 1.4938689 1.4161840 1.5154067 1.4925750 1.2548693 1.6806194 1.7374961 1.4681914 1.3542035 1.3148632 2.0617004 1.9436816 1.7466043 2.0791502 1.9902936 2.1319829 1.8409411 2.1465541 1.8724933 1.7756261 1.4863138 1.8816457 1.9324199 1.9875375 2.2122216 1.3586340 1.3993820 1.3627315 1.3585404 1.3747704 1.4930756 1.4849920 2.0954469 2.0836061 1.9469298 2.0160596 2.1052867 1.9960679 1.4590154 
Gfas_gfas1.m1.5579.m1                                  1.0984030 1.0067703 1.1351767 1.2257261 1.1543983 1.1608777 1.2248118 0.6035654 0.4038209 0.0000000 0.1194422 0.1297212 0.1620822 0.1396383 0.3303295 0.3800859 1.0352712 1.1985174 1.1441364 1.1689591 1.1692952 1.2448262 1.0053081 1.4952529 1.4411992 1.4868680 1.3843839 1.2108518 1.5778590 1.5418263 1.4564021 1.3164120 1.2264353 2.1116060 2.0920030 1.5934739 1.8675552 1.8137112 1.9967694 1.7068802 2.0112780 1.9721802 1.6064363 1.4369888 1.7800624 1.7331458 1.9417139 2.0299962 1.3209059 1.3907776 1.3836870 1.4133324 1.3933483 1.5100870 1.5071791 1.9165287 1.8790054 1.7154915 1.9314731 1.9207623 1.8941124 1.4994267 
Fspp_ffun1.m4.979.m1                                   1.0774006 1.0332519 1.1403449 1.1752979 1.2320323 1.1685360 1.2702449 0.6109704 0.3870928 0.1194422 0.0000000 0.0678115 0.1004418 0.0772926 0.3464529 0.4239904 0.9888078 1.1241523 1.1716145 1.1723966 1.1960790 1.2569957 0.9795266 1.4804343 1.4380474 1.5340189 1.4222581 1.1521927 1.6176578 1.6223726 1.4312830 1.3142126 1.1901373 2.0104569 1.8751964 1.6322552 1.8336538 1.7788567 1.9717141 1.6671509 1.9887458 1.9061216 1.5855313 1.3375628 1.6265653 1.5741623 1.9344847 2.0739339 1.3698888 1.4217671 1.4164179 1.4207526 1.4023856 1.5367413 1.5352500 1.9886274 1.9490360 1.7665978 2.0269573 2.0185613 1.9759621 1.5245168 
Gasp_gasp1.m3.19747.m1                                 1.0950367 0.9943112 1.1107853 1.1654942 1.2022197 1.1846899 1.2944574 0.6078627 0.3800783 0.1297212 0.0678115 0.0000000 0.1055602 0.0848791 0.3362419 0.4080592 0.9583306 1.1212049 1.1899202 1.1542246 1.1856756 1.2493922 0.9841663 1.4801491 1.4483630 1.5414308 1.3997145 1.1611945 1.5967026 1.5995938 1.4218935 1.2855922 1.2275430 1.9553612 1.8766549 1.5988813 1.8389485 1.7985012 2.0095384 1.7349725 2.0213925 1.9037655 1.6019910 1.3651985 1.5908325 1.6252378 1.9599810 2.0731795 1.3485911 1.4043610 1.3984560 1.4001095 1.3969630 1.5262956 1.5248114 2.0100339 1.9571476 1.7949985 2.0172566 2.0395227 1.9810130 1.4982853 
Spis_XP_022784280_1                                    1.1797353 1.0996452 1.1669921 1.2458736 1.3155693 1.2709116 1.3770863 0.6885428 0.4381216 0.1620822 0.1004418 0.1055602 0.0000000 0.0380267 0.3934320 0.4285979 1.0561507 1.1622973 1.2632610 1.2585120 1.2713875 1.3313687 1.1030843 1.5900487 1.5537488 1.7049203 1.6185060 1.3710147 1.7307421 1.7035384 1.5241660 1.4313367 1.3542765 2.0751728 1.9317404 1.7467445 2.0398308 1.9627958 2.2142964 2.1276738 2.2742762 1.9534069 1.7600017 1.3552159 1.6720000 1.6982041 2.2323748 2.2401766 1.4493418 1.5049346 1.4872375 1.5006808 1.4867401 1.6233509 1.6301996 2.1597066 2.0612479 1.8788428 2.2049414 2.1323522 2.1259036 1.4847242 
Pocdam_XM_027184239.1                                  1.1048919 1.0266401 1.0917410 1.1661697 1.2559798 1.1817878 1.2855401 0.6308378 0.4006016 0.1396383 0.0772926 0.0848791 0.0380267 0.0000000 0.3434023 0.4108512 1.0014739 1.1128305 1.1638143 1.1655293 1.1907156 1.2349924 0.9857475 1.4669495 1.4529905 1.5334458 1.4398613 1.2188284 1.6451394 1.6107765 1.4317531 1.2938254 1.2209825 2.0311067 1.8799300 1.6304540 1.8503897 1.8010426 2.0391055 1.6713004 2.0361880 1.9155237 1.6024918 1.3803267 1.6891017 1.7063555 1.9696946 2.0878455 1.3330262 1.3834553 1.3593950 1.3697210 1.3666611 1.4843440 1.4905225 2.0081985 1.9737014 1.7737828 2.0063455 1.9995416 1.9817918 1.5108296 
Adig_XM_015924945.1                                    1.4406618 1.3342900 1.5031307 1.4711321 1.4902455 1.5603768 1.5283036 0.9704916 0.6359488 0.3303295 0.3464529 0.3362419 0.3934320 0.3434023 0.0000000 0.2052251 1.2979889 1.5226169 1.4797684 1.4929708 1.5126643 1.5278859 1.3738775 1.7082941 1.5495573 1.3397272 1.9468973 1.1366964 1.8357912 1.8184062 1.7212000 1.5549702 1.6754808 1.9801683 1.8387048 2.0731853 1.9586662 1.9725619 2.1289189 1.6506233 1.8198350 8.9999981 1.8365448 3.5204360 3.5167959 3.4074852 1.8189400 2.4814001 1.7424035 1.8406076 1.7627768 1.7636863 1.8243718 1.7799616 1.7779378 2.4738123 2.3306384 2.1754723 1.7918465 2.3343899 2.2296932 1.7682201 
Amil_Amillepora31298-RA                                1.5583500 1.4530156 1.6602622 1.5755309 1.6528388 1.5692365 1.5654254 1.0184174 0.6650704 0.3800859 0.4239904 0.4080592 0.4285979 0.4108512 0.2052251 0.0000000 1.2646541 1.4128835 1.6693633 1.5793432 1.5858961 1.7120786 1.6984889 1.8529337 1.8757842 1.7187319 2.0983483 1.5877677 2.2364151 2.1991064 1.9494106 1.7367360 1.9750634 2.0332443 1.8532339 2.1846091 2.5087032 2.6006259 2.8308604 2.4635541 2.4372261 3.8022643 2.3718955 3.7314048 4.6424853 3.9639029 2.3658326 2.8815967 1.9080959 2.0360922 2.0541107 2.0140407 2.0155314 2.2837115 2.2790877 2.6252086 2.7600348 2.4325177 2.3736872 2.8425844 2.6064869 1.8692496 
Dgig_XM_028543158.1                                    1.2842327 1.1703134 1.3342767 1.4180902 1.3627466 1.3866860 1.4047942 1.2451707 1.0547990 1.0352712 0.9888078 0.9583306 1.0561507 1.0014739 1.2979889 1.2646541 0.0000000 0.3816047 1.3845764 1.3342620 1.3479588 1.4956964 1.2769852 1.7896207 1.7777150 1.8763810 1.7608309 1.5629595 1.7336828 1.7259824 1.7060667 1.5692714 1.5149680 2.2766300 2.0788676 1.8059663 1.9152371 1.8972572 1.9874116 1.6748397 2.0278467 1.9613052 1.6881944 1.4803274 1.7776120 1.6541463 2.0435838 2.3845251 1.6258507 1.6757086 1.5697265 1.5914908 1.6063895 1.7346006 1.7366018 2.3077252 2.1753247 2.1691533 2.0391999 2.3323955 1.9718485 1.7417886 
Xesp_002183-T1                                         1.3324281 1.3542876 1.3596742 1.4971307 1.4528177 1.5353645 1.4877550 1.3467472 1.1882548 1.1985174 1.1241523 1.1212049 1.1622973 1.1128305 1.5226169 1.4128835 0.3816047 0.0000000 1.5434301 1.4940846 1.5076545 1.5617082 1.4834746 2.0158585 1.9279018 2.1181388 1.7390130 2.0451537 1.8789634 1.8233386 1.7602422 1.6156955 1.6808771 2.3852229 2.1028778 1.8487860 2.0344121 1.9990878 2.1519999 1.8989047 2.1872434 2.0706751 1.7238265 1.4562847 1.7492523 1.6494085 2.4241839 2.3337864 1.6288973 1.6783696 1.6182268 1.6568743 1.6304432 1.8093879 1.8077312 2.3992685 2.2882331 2.3225721 2.1486943 2.4383377 1.9550683 1.8143973 
Aaur_scaffold6.g10.t1                                  1.3720940 1.3378896 1.2195707 1.4164916 1.4605962 1.4617571 1.4870170 1.4168495 1.2695742 1.1441364 1.1716145 1.1899202 1.2632610 1.1638143 1.4797684 1.6693633 1.3845764 1.5434301 0.0000000 0.3422387 0.3404315 0.5299955 0.9114392 1.7337382 1.7988946 1.7912858 1.6497389 1.4382290 1.7070525 1.7087166 1.6115375 1.6337253 1.3779891 2.6590891 2.2848341 1.6839466 1.9799469 1.9501884 2.0736005 1.8547475 2.1945696 1.8771494 1.6366312 1.3238288 1.7232493 1.3882042 2.2218698 2.3684655 1.5423351 1.5744021 1.5305721 1.5236135 1.5744078 1.6478613 1.6479446 2.1911938 2.1659258 2.1948954 2.2964536 2.1824894 2.1603275 2.0265741 
Nemnom_g12294.t1                                       1.4233993 1.3093702 1.2565670 1.5003169 1.4200935 1.4794939 1.4662626 1.4312556 1.2782979 1.1689591 1.1723966 1.1542246 1.2585120 1.1655293 1.4929708 1.5793432 1.3342620 1.4940846 0.3422387 0.0000000 0.1342901 0.5592806 0.9909312 1.8321806 1.8602247 1.9518928 1.7458927 1.5781922 1.7281015 1.7889456 1.6409892 1.6721941 1.4498633 2.7136178 2.2505254 1.7604953 2.0295122 1.9684860 2.0423336 1.8127463 2.0864027 1.9851750 1.6837375 1.4043132 1.6628227 1.3033030 2.1978217 2.3368121 1.5726608 1.6496616 1.6258498 1.6219830 1.6842050 1.7592369 1.7647033 2.1975468 2.1328857 2.1751996 2.2939665 2.2398931 2.1377482 1.9115330 
Rhoesc_Res_009150-T1                                   1.4424325 1.3230898 1.3057634 1.5361462 1.4589925 1.5044367 1.4934729 1.3948306 1.2680971 1.1692952 1.1960790 1.1856756 1.2713875 1.1907156 1.5126643 1.5858961 1.3479588 1.5076545 0.3404315 0.1342901 0.0000000 0.5678166 0.9697253 1.8217569 1.8848247 1.9053713 1.7134900 1.5335546 1.6750486 1.7315572 1.7116203 1.6608113 1.4383149 2.7063732 2.2156196 1.7365846 1.9602211 1.9069833 1.9930209 1.8132056 2.0759077 1.9070144 1.6717522 1.2952398 1.6445700 1.3037430 2.2572530 2.3221802 1.5879854 1.6566659 1.6257081 1.6263371 1.6736984 1.7831417 1.7886847 2.2209471 2.1737414 2.1633316 2.3691553 2.2114979 2.1261772 1.9298338 
Sanmal_Sma_013686-T1                                   1.6002591 1.4275950 1.3383663 1.5575479 1.6021352 1.4826549 1.5647117 1.5877309 1.3363391 1.2448262 1.2569957 1.2493922 1.3313687 1.2349924 1.5278859 1.7120786 1.4956964 1.5617082 0.5299955 0.5592806 0.5678166 0.0000000 0.9416076 1.8576197 1.9296572 1.9665606 1.7238988 1.5667226 1.6435780 1.6985198 1.6486230 1.6383837 1.4808907 2.7061419 2.3537621 1.7708795 2.0819280 2.0752365 2.0693389 1.9270054 2.1668662 2.1126048 1.7906660 1.5193421 2.0051647 1.6737472 2.2373810 2.3222624 1.7125025 1.8019973 1.7090231 1.6819654 1.7921587 1.9228113 1.9282440 2.5533935 2.2443173 2.3581180 2.5076116 2.2664754 2.1070869 2.0607623 
Morvir_scaffold202.g26.t1                              1.2354589 1.2178372 1.1303651 1.2745659 1.3018445 1.2139974 1.2331227 1.1838263 1.0305871 1.0053081 0.9795266 0.9841663 1.1030843 0.9857475 1.3738775 1.6984889 1.2769852 1.4834746 0.9114392 0.9909312 0.9697253 0.9416076 0.0000000 1.7622408 1.6667638 1.9993363 1.3729694 1.6814185 1.5044309 1.4788334 1.4127422 1.2378074 1.3277135 2.3405512 2.4022234 1.4506683 1.8476538 1.7763820 1.8866000 2.0542748 2.2005948 1.9195173 1.7498771 1.3671058 1.6970319 1.5187214 2.2703368 1.6997037 1.4615602 1.4478700 1.3727977 1.3690332 1.4543105 1.5713417 1.5734599 1.8405393 1.7754724 1.7962688 1.9040089 1.9482063 1.8084798 1.7547047 
Scil_scict025332.1                                     1.7426615 1.5327880 1.6846113 1.4855648 1.7225815 1.7226654 1.7783848 1.7194252 1.4938689 1.4952529 1.4804343 1.4801491 1.5900487 1.4669495 1.7082941 1.8529337 1.7896207 2.0158585 1.7337382 1.8321806 1.8217569 1.8576197 1.7622408 0.0000000 0.3210712 0.3408433 0.5325972 0.9568718 1.8110516 1.8227425 1.5834700 1.5788787 1.4186446 2.2270868 2.3086967 1.9178792 2.3451601 2.2484828 2.1985238 2.6229121 2.2450026 2.4157796 2.0851972 1.8565018 2.1341275 1.8973432 2.3393191 2.6995270 1.9023703 1.9622538 1.9646645 2.0268000 1.9900387 2.1564947 2.1555369 2.3777960 2.4059904 2.2749247 2.3346764 2.1927953 2.2923385 1.7888192 
Lcom_lcpid47275                                        1.6176679 1.4182784 1.5929944 1.3598371 1.6203755 1.6183158 1.6957494 1.6470044 1.4161840 1.4411992 1.4380474 1.4483630 1.5537488 1.4529905 1.5495573 1.8757842 1.7777150 1.9279018 1.7988946 1.8602247 1.8848247 1.9296572 1.6667638 0.3210712 0.0000000 0.3697878 0.5483541 0.8432375 1.6956275 1.7346966 1.4980841 1.4922136 1.3762552 2.0785602 2.1601917 1.8755883 2.1510548 2.1406303 2.1812854 2.2349873 2.0730409 2.1715827 1.9205508 1.6467557 1.9719114 1.7165630 2.3189969 2.5167846 1.7803395 1.8432242 1.8594070 1.8546708 1.8691353 2.0500921 2.0403029 2.3007089 2.2099127 2.2182577 2.0903542 2.1370970 2.1674898 1.7491973 
Gracom_Gcom_scaffold11839_01                           1.7489850 1.5347989 1.8355244 1.4667362 1.7129528 1.7969191 1.7591039 1.8507087 1.5154067 1.4868680 1.5340189 1.5414308 1.7049203 1.5334458 1.3397272 1.7187319 1.8763810 2.1181388 1.7912858 1.9518928 1.9053713 1.9665606 1.9993363 0.3408433 0.3697878 0.0000000 0.8812917 0.8489592 1.9162677 1.9295692 1.6937895 1.6218557 1.5473078 2.1196581 2.3962834 2.1297579 2.4377542 2.4642646 2.3659471 2.5739319 2.0784259 6.7952755 2.1321920 2.6984560 3.4796313 1.9334001 2.3334666 2.9582164 2.0896302 2.1648651 2.1645244 2.1909657 2.2228356 2.1744319 2.1688365 2.5533812 2.6761929 2.6031809 2.2681395 2.3877756 2.4405034 1.5984403 
Leuniv_Lniv_scaffold12634_01                           1.6720804 1.3802125 1.4718872 1.4733152 1.5362449 1.5306908 1.7052868 1.4874294 1.4925750 1.3843839 1.4222581 1.3997145 1.6185060 1.4398613 1.9468973 2.0983483 1.7608309 1.7390130 1.6497389 1.7458927 1.7134900 1.7238988 1.3729694 0.5325972 0.5483541 0.8812917 0.0000000 0.8325366 1.5250419 1.5767487 1.4298218 1.4368729 1.2672077 2.3142952 3.9260235 1.5776941 1.8365046 1.7706977 1.7230443 1.7021622 1.8727098 2.2428187 1.7920913 1.6083620 2.1194201 1.7419347 2.4670315 1.8943509 1.5103870 1.5123296 1.5237036 1.5770312 1.5442643 1.8139883 1.8239442 1.7119057 1.8859252 1.8622891 1.7425792 1.7793256 1.8681974 2.1274898 
Clacor_Ccor_C532531_01                                 1.6283372 1.3884280 1.4551321 1.3485528 1.3702300 1.5923672 1.6746655 1.7362376 1.2548693 1.2108518 1.1521927 1.1611945 1.3710147 1.2188284 1.1366964 1.5877677 1.5629595 2.0451537 1.4382290 1.5781922 1.5335546 1.5667226 1.6814185 0.9568718 0.8432375 0.8489592 0.8325366 0.0000000 1.5745616 1.6342486 1.5898318 1.3215938 1.3150087 2.5558975 2.6013006 1.7503490 1.8714415 1.8569433 2.0179616 2.0629309 1.6937678 5.0268427 1.7490737 1.7334987 1.6516545 1.2869500 2.1328620 1.8585781 1.6902710 1.6721151 1.6851160 1.6670990 1.7688567 1.7421198 1.7404282 1.7623299 1.8625788 1.8119044 1.5913346 1.6558667 1.7905900 1.2375851 
Aque_Aqu2.1.15846_001                                  1.7313713 1.7326030 1.5151769 1.6694522 1.8480630 1.7843138 1.7711877 1.8184796 1.6806194 1.5778590 1.6176578 1.5967026 1.7307421 1.6451394 1.8357912 2.2364151 1.7336828 1.8789634 1.7070525 1.7281015 1.6750486 1.6435780 1.5044309 1.8110516 1.6956275 1.9162677 1.5250419 1.5745616 0.0000000 0.3483485 0.5482018 1.0273621 0.9804753 1.6539684 1.4656115 1.3866418 2.0816863 2.0420077 2.1217853 1.9541420 2.2105244 2.2177547 1.7340466 1.4529272 1.7284420 1.9263403 2.4125582 2.3471815 1.9256032 1.9585779 1.8718267 1.8548929 1.9186672 2.0048991 2.0065832 2.4931943 2.2666955 2.3544992 2.3486830 2.3274224 2.4121196 2.0801172 
Halamb_c53510_g1_i1m.35731                             1.7425330 1.7078369 1.5615511 1.7575811 1.7876489 1.7644812 1.7808761 1.7941385 1.7374961 1.5418263 1.6223726 1.5995938 1.7035384 1.6107765 1.8184062 2.1991064 1.7259824 1.8233386 1.7087166 1.7889456 1.7315572 1.6985198 1.4788334 1.8227425 1.7346966 1.9295692 1.5767487 1.6342486 0.3483485 0.0000000 0.4723246 1.0777173 0.9603458 1.6046523 1.3357550 1.3479969 2.1482198 2.1329876 2.1835295 1.7636363 2.1372688 2.4789416 1.9338796 1.5595003 2.0190609 2.2460272 2.3587546 2.2149573 1.8568489 1.8999286 1.8188472 1.8182223 1.8609718 1.9576469 1.9570099 2.3627402 2.2610040 2.3774097 2.3421423 2.3385311 2.3885215 2.1094373 
Xestes_maker-XT_scaffold1129-augustus-gene-0.24-mRNA-1 1.6748795 1.5554789 1.4327366 1.5690190 1.6611976 1.5166832 1.6355039 1.6553189 1.4681914 1.4564021 1.4312830 1.4218935 1.5241660 1.4317531 1.7212000 1.9494106 1.7060667 1.7602422 1.6115375 1.6409892 1.7116203 1.6486230 1.4127422 1.5834700 1.4980841 1.6937895 1.4298218 1.5898318 0.5482018 0.4723246 0.0000000 0.9087045 0.8532408 1.4049563 1.4142689 1.3303343 2.0324903 2.0183532 2.0847828 1.9254449 2.0231428 2.2369425 1.8187456 1.4117866 1.8776850 1.9817694 2.2358875 2.3226018 1.7752787 1.8026344 1.7703623 1.7598249 1.7593447 1.8994964 1.9038589 2.2467077 2.2025180 2.2692796 2.3351376 2.1666276 2.3767736 2.0098458 
Tetwil_g10495.t2                                       1.3995412 1.3241371 1.2567624 1.2154684 1.3917561 1.4126947 1.3866437 1.5197027 1.3542035 1.3164120 1.3142126 1.2855922 1.4313367 1.2938254 1.5549702 1.7367360 1.5692714 1.6156955 1.6337253 1.6721941 1.6608113 1.6383837 1.2378074 1.5788787 1.4922136 1.6218557 1.4368729 1.3215938 1.0273621 1.0777173 0.9087045 0.0000000 0.3812831 1.0485436 1.0404014 1.2582668 1.9751662 2.0131612 2.0735656 1.7088416 2.0545540 2.1931797 1.7392686 1.3095790 1.7494415 1.8315615 2.0306429 2.0992003 1.5941011 1.6285950 1.5875064 1.5655401 1.6106038 1.7263556 1.7247444 1.9887510 1.9256389 1.9809509 1.9735264 2.1091084 2.0954572 1.8595140 
Stycar_maker-SC_scaffold56-augustus-gene-0.17-mRNA-1   1.3359387 1.3048651 1.2293913 1.3497373 1.3650443 1.2610825 1.3705060 1.3485283 1.3148632 1.2264353 1.1901373 1.2275430 1.3542765 1.2209825 1.6754808 1.9750634 1.5149680 1.6808771 1.3779891 1.4498633 1.4383149 1.4808907 1.3277135 1.4186446 1.3762552 1.5473078 1.2672077 1.3150087 0.9804753 0.9603458 0.8532408 0.3812831 0.0000000 1.2814268 1.1465259 1.1341544 1.7236838 1.7269895 1.7880314 1.6780433 1.7601319 2.2037838 1.6976389 1.1459521 1.7885029 1.6825369 1.9193096 1.7367159 1.5728924 1.5902395 1.5403982 1.5096064 1.5555343 1.7009298 1.7064666 1.8762543 1.6852997 1.8180590 1.6456783 1.9230754 1.9329511 1.6546983 
Emue_Em0009g1119a.t1                                   2.0841609 2.0259412 2.1514786 2.0667071 2.0431913 2.3276309 2.1811928 2.4540083 2.0617004 2.1116060 2.0104569 1.9553612 2.0751728 2.0311067 1.9801683 2.0332443 2.2766300 2.3852229 2.6590891 2.7136178 2.7063732 2.7061419 2.3405512 2.2270868 2.0785602 2.1196581 2.3142952 2.5558975 1.6539684 1.6046523 1.4049563 1.0485436 1.2814268 0.0000000 0.1928089 1.7800284 2.7957305 2.8036472 2.8516068 2.7580288 2.6881824 4.5598236 2.3922996 4.1748129 3.2183423 2.8296786 2.6963916 3.6390624 2.4030912 2.4696293 2.4615311 2.5011612 2.4884130 2.5124286 2.4903866 2.9781283 3.0680918 3.0382445 3.0650375 3.1354520 2.9577348 2.0676251 
Spolac_c111060_g1_i1_m.45781c111060-g1                 1.7834981 1.9945133 1.9845165 2.0470876 1.8376010 2.2305877 2.2510626 2.6322277 1.9436816 2.0920030 1.8751964 1.8766549 1.9317404 1.8799300 1.8387048 1.8532339 2.0788676 2.1028778 2.2848341 2.2505254 2.2156196 2.3537621 2.4022234 2.3086967 2.1601917 2.3962834 3.9260235 2.6013006 1.4656115 1.3357550 1.4142689 1.0404014 1.1465259 0.1928089 0.0000000 1.7727799 2.3794694 2.3695004 2.4430379 2.6145293 2.3343401 0.0000010 2.3048451 0.0000010 1.9353594 0.0000010 2.2877631 3.5167873 2.2710883 2.3093499 2.3124464 2.2997294 2.2538140 2.2445377 2.2263338 3.6625225 2.6956921 3.0282830 2.9122786 3.1118300 3.1573713 1.7301489 
Plespi_Pspi_C614760_01                                 1.5757242 1.5758945 1.5980328 1.8326426 1.7056909 1.6139670 1.7039094 1.7395132 1.7466043 1.5934739 1.6322552 1.5988813 1.7467445 1.6304540 2.0731853 2.1846091 1.8059663 1.8487860 1.6839466 1.7604953 1.7365846 1.7708795 1.4506683 1.9178792 1.8755883 2.1297579 1.5776941 1.7503490 1.3866418 1.3479969 1.3303343 1.2582668 1.1341544 1.7800284 1.7727799 0.0000000 2.1081499 2.1130730 2.0021767 1.9581535 2.0809181 2.1093454 1.7600479 1.5414755 1.8125373 1.6365177 2.3193641 2.1624857 1.8086671 1.8506778 1.8149186 1.8140414 1.8808053 1.9792424 1.9771056 2.0425836 2.0081154 2.1520209 2.2005042 2.0094780 2.2299631 1.9619195 
Pbac_sb2664399                                         1.9884584 2.0570992 1.8786238 2.0451739 2.1285412 1.9938569 1.9603826 2.0330560 2.0791502 1.8675552 1.8336538 1.8389485 2.0398308 1.8503897 1.9586662 2.5087032 1.9152371 2.0344121 1.9799469 2.0295122 1.9602211 2.0819280 1.8476538 2.3451601 2.1510548 2.4377542 1.8365046 1.8714415 2.0816863 2.1482198 2.0324903 1.9751662 1.7236838 2.7957305 2.3794694 2.1081499 0.0000000 0.0286655 0.6203163 0.4770036 0.5562403 0.5360723 0.4610311 0.4523256 0.6807951 0.6795164 0.5428418 2.8772801 2.1604404 2.1610686 2.1555509 2.1887234 2.2075114 2.3276940 2.3381186 2.5667552 2.5353584 2.5457954 2.2774533 2.3913336 2.4535143 2.4664245 
Horcal_Hcv1.av93.c9.g429.i1                            1.9283609 1.9704987 1.8132285 2.0462916 2.1387213 1.9955429 1.9545904 1.9866804 1.9902936 1.8137112 1.7788567 1.7985012 1.9627958 1.8010426 1.9725619 2.6006259 1.8972572 1.9990878 1.9501884 1.9684860 1.9069833 2.0752365 1.7763820 2.2484828 2.1406303 2.4642646 1.7706977 1.8569433 2.0420077 2.1329876 2.0183532 2.0131612 1.7269895 2.8036472 2.3695004 2.1130730 0.0286655 0.0000000 0.6017149 0.4770036 0.6304495 0.4918901 0.4601281 0.5075047 0.6186750 0.6259329 0.5644482 2.7824701 2.0954610 2.0976219 2.0791675 2.1078783 2.1277729 2.2380942 2.2472330 2.5176051 2.4945038 2.4891565 2.2616106 2.3237049 2.4495320 2.3035195 
Vmul_sbMO419741                                        2.0187561 1.9952041 1.8608518 2.1124564 2.0202606 2.0488263 1.9762778 2.1572472 2.1319829 1.9967694 1.9717141 2.0095384 2.2142964 2.0391055 2.1289189 2.8308604 1.9874116 2.1519999 2.0736005 2.0423336 1.9930209 2.0693389 1.8866000 2.1985238 2.1812854 2.3659471 1.7230443 2.0179616 2.1217853 2.1835295 2.0847828 2.0735656 1.7880314 2.8516068 2.4430379 2.0021767 0.6203163 0.6017149 0.0000000 0.3413441 0.3731470 0.4841611 0.4682884 0.3927838 0.5825355 0.4963829 0.5707602 2.7640946 2.0400141 2.0736596 2.0376389 2.0730365 2.1231141 2.1873196 2.2005755 2.5486570 2.5280823 2.3128597 2.3904345 2.3312711 2.4111072 2.2487114 
Coeast_Cast_sb767307                                   1.7087319 1.7983002 1.5714845 1.9901533 2.0454541 1.8503395 1.8015051 1.9072219 1.8409411 1.7068802 1.6671509 1.7349725 2.1276738 1.6713004 1.6506233 2.4635541 1.6748397 1.8989047 1.8547475 1.8127463 1.8132056 1.9270054 2.0542748 2.6229121 2.2349873 2.5739319 1.7021622 2.0629309 1.9541420 1.7636363 1.9254449 1.7088416 1.6780433 2.7580288 2.6145293 1.9581535 0.4770036 0.4770036 0.3413441 0.0000000 0.0679371 0.0000010 0.4444371 4.2034240 2.0032307 1.9020308 0.3583497 2.5931933 2.3000094 2.2524363 2.0582904 2.0419127 2.0079521 2.0128347 2.0271489 2.6564768 2.5209369 2.4471871 2.1197949 2.2177327 2.1695716 4.3241667 
Coemet_Cmet_scaffold18616_01                           2.0001906 1.8819782 1.8813308 2.0573947 2.1648828 2.1452182 2.0169170 2.2804733 2.1465541 2.0112780 1.9887458 2.0213925 2.2742762 2.0361880 1.8198350 2.4372261 2.0278467 2.1872434 2.1945696 2.0864027 2.0759077 2.1668662 2.2005948 2.2450026 2.0730409 2.0784259 1.8727098 1.6937678 2.2105244 2.1372688 2.0231428 2.0545540 1.7601319 2.6881824 2.3343401 2.0809181 0.5562403 0.6304495 0.3731470 0.0679371 0.0000000 6.3977458 0.5316441 3.5932722 2.9367727 1.6389373 0.5291179 3.2339976 2.2267768 2.3077231 2.2454195 2.2660712 2.2425636 2.2826588 2.2976212 3.0398937 2.7589730 2.5887592 2.3572878 2.6037386 2.6358205 2.1519170 
Bolinf_Binf_sb1222015                                  1.6966724 1.8782594 1.8837304 2.2883115 1.9477412 1.7388605 1.9181839 1.9655398 1.8724933 1.9721802 1.9061216 1.9037655 1.9534069 1.9155237 8.9999981 3.8022643 1.9613052 2.0706751 1.8771494 1.9851750 1.9070144 2.1126048 1.9195173 2.4157796 2.1715827 6.7952755 2.2428187 5.0268427 2.2177547 2.4789416 2.2369425 2.1931797 2.2037838 4.5598236 0.0000010 2.1093454 0.5360723 0.4918901 0.4841611 0.0000010 6.3977458 0.0000000 0.2755826 0.0087054 0.4733414 0.4933562 2.6818891 2.1249360 1.5604756 1.5604756 1.6432719 1.6170464 1.7502030 1.9418347 1.9418347 2.1593166 2.3255660 2.0802057 6.2336398 2.3868388 2.2157629 2.4727744 
Beraby_Baby_sb330261                                   1.5917551 1.8154767 1.6591603 1.8909045 1.8064875 1.7457931 1.7106097 1.8206555 1.7756261 1.6064363 1.5855313 1.6019910 1.7600017 1.6024918 1.8365448 2.3718955 1.6881944 1.7238265 1.6366312 1.6837375 1.6717522 1.7906660 1.7498771 2.0851972 1.9205508 2.1321920 1.7920913 1.7490737 1.7340466 1.9338796 1.8187456 1.7392686 1.6976389 2.3922996 2.3048451 1.7600479 0.4610311 0.4601281 0.4682884 0.4444371 0.5316441 0.2755826 0.0000000 0.3469088 0.4622842 0.4511295 0.4712913 2.3761738 2.0297168 2.0193306 1.9574602 1.9645817 1.9789268 2.0905824 2.1089756 2.4632553 2.1784244 2.2118234 1.9167749 2.2334660 2.1274330 1.8618234 
Mertsp_Mesp_sb617271                                   1.2506975 1.2454247 1.2428320 1.4006635 1.3045224 1.1973697 1.2268149 1.5827489 1.4863138 1.4369888 1.3375628 1.3651985 1.3552159 1.3803267 3.5204360 3.7314048 1.4803274 1.4562847 1.3238288 1.4043132 1.2952398 1.5193421 1.3671058 1.8565018 1.6467557 2.6984560 1.6083620 1.7334987 1.4529272 1.5595003 1.4117866 1.3095790 1.1459521 4.1748129 0.0000010 1.5414755 0.4523256 0.5075047 0.3927838 4.2034240 3.5932722 0.0087054 0.3469088 0.0000000 0.5368104 0.4952343 2.2471522 1.3276248 1.1993365 1.1993365 1.1745723 1.1647529 1.2811111 1.2093127 1.2093127 1.4872754 1.5330735 1.6911984 2.0399696 1.6169207 1.4170204 1.7320734 
Drygla_Dgla_sb285890                                   1.6313183 1.5835324 1.5448839 1.9013358 1.6563991 1.5163108 1.6639579 1.8402907 1.8816457 1.7800624 1.6265653 1.5908325 1.6720000 1.6891017 3.5167959 4.6424853 1.7776120 1.7492523 1.7232493 1.6628227 1.6445700 2.0051647 1.6970319 2.1341275 1.9719114 3.4796313 2.1194201 1.6516545 1.7284420 2.0190609 1.8776850 1.7494415 1.7885029 3.2183423 1.9353594 1.8125373 0.6807951 0.6186750 0.5825355 2.0032307 2.9367727 0.4733414 0.4622842 0.5368104 0.0000000 0.6600973 2.9300685 1.6925215 1.7178927 1.7334125 1.6265801 1.6766513 1.7510563 1.9950164 1.9950164 2.1361429 1.8122258 1.8852918 1.7121134 1.9010730 1.8389064 2.1767800 
Eupdun_Edun_sb10631544                                 1.4537339 1.4189352 1.5122745 1.8197670 1.5992244 1.6171183 1.5563284 1.7536925 1.9324199 1.7331458 1.5741623 1.6252378 1.6982041 1.7063555 3.4074852 3.9639029 1.6541463 1.6494085 1.3882042 1.3033030 1.3037430 1.6737472 1.5187214 1.8973432 1.7165630 1.9334001 1.7419347 1.2869500 1.9263403 2.2460272 1.9817694 1.8315615 1.6825369 2.8296786 0.0000010 1.6365177 0.6795164 0.6259329 0.4963829 1.9020308 1.6389373 0.4933562 0.4511295 0.4952343 0.6600973 0.0000000 2.0844866 1.8407316 1.5529624 1.5529624 1.6019908 1.6750041 1.6193463 1.9180951 1.9180951 1.5884953 1.9443049 1.8330455 1.3259951 1.7330881 1.7338124 1.7884254 
Lampan_Lpan_8909_01                                    1.8545930 2.0870842 1.9422364 2.1784415 2.1716229 2.1417311 2.0607284 2.2311480 1.9875375 1.9417139 1.9344847 1.9599810 2.2323748 1.9696946 1.8189400 2.3658326 2.0435838 2.4241839 2.2218698 2.1978217 2.2572530 2.2373810 2.2703368 2.3393191 2.3189969 2.3334666 2.4670315 2.1328620 2.4125582 2.3587546 2.2358875 2.0306429 1.9193096 2.6963916 2.2877631 2.3193641 0.5428418 0.5644482 0.5707602 0.3583497 0.5291179 2.6818891 0.4712913 2.2471522 2.9300685 2.0844866 0.0000000 3.4268567 2.3362215 2.3535553 2.2415011 2.2500646 2.2591088 2.3176933 2.3374850 2.7979761 2.9724601 2.8036841 2.4728616 2.7496548 2.7718221 2.3651689 
Codhol_EP00042_Codosiga_hollandica_P038644             2.4040479 2.2611713 2.1137626 2.4392078 2.3066091 2.4325433 2.3382136 2.2396669 2.2122216 2.0299962 2.0739339 2.0731795 2.2401766 2.0878455 2.4814001 2.8815967 2.3845251 2.3337864 2.3684655 2.3368121 2.3221802 2.3222624 1.6997037 2.6995270 2.5167846 2.9582164 1.8943509 1.8585781 2.3471815 2.2149573 2.3226018 2.0992003 1.7367159 3.6390624 3.5167873 2.1624857 2.8772801 2.7824701 2.7640946 2.5931933 3.2339976 2.1249360 2.3761738 1.3276248 1.6925215 1.8407316 3.4268567 0.0000000 2.3944180 2.4544292 2.5232878 2.4937367 2.4821574 2.6523669 2.6653633 1.6732075 1.8095697 1.7847453 1.8791586 1.7294518 1.9112825 2.7909862 
Tadh_TriadT22061                                       1.5356298 1.4363765 1.5226119 1.6703968 1.5319710 1.5232626 1.6099948 1.4737108 1.3586340 1.3209059 1.3698888 1.3485911 1.4493418 1.3330262 1.7424035 1.9080959 1.6258507 1.6288973 1.5423351 1.5726608 1.5879854 1.7125025 1.4615602 1.9023703 1.7803395 2.0896302 1.5103870 1.6902710 1.9256032 1.8568489 1.7752787 1.5941011 1.5728924 2.4030912 2.2710883 1.8086671 2.1604404 2.0954610 2.0400141 2.3000094 2.2267768 1.5604756 2.0297168 1.1993365 1.7178927 1.5529624 2.3362215 2.3944180 0.0000000 0.0126398 0.2296756 0.2270727 0.2101789 0.2532958 0.2601513 2.2350761 2.4038215 2.1129613 2.5319130 2.2278256 2.1277554 1.7542695 
TrH2_TrispH2_001335-RA                                 1.5906943 1.4282644 1.5317877 1.6717813 1.5610694 1.5824473 1.6644791 1.5156390 1.3993820 1.3907776 1.4217671 1.4043610 1.5049346 1.3834553 1.8406076 2.0360922 1.6757086 1.6783696 1.5744021 1.6496616 1.6566659 1.8019973 1.4478700 1.9622538 1.8432242 2.1648651 1.5123296 1.6721151 1.9585779 1.8999286 1.8026344 1.6285950 1.5902395 2.4696293 2.3093499 1.8506778 2.1610686 2.0976219 2.0736596 2.2524363 2.3077231 1.5604756 2.0193306 1.1993365 1.7334125 1.5529624 2.3535553 2.4544292 0.0126398 0.0000000 0.2171956 0.2200807 0.1968335 0.2393783 0.2458678 2.2800022 2.4705399 2.1795761 2.6911893 2.3186691 2.2055556 1.8924498 
HoiH06_mRNA5698                                        1.5549053 1.4592739 1.5382117 1.6414622 1.6165737 1.5762426 1.6573300 1.4724196 1.3627315 1.3836870 1.4164179 1.3984560 1.4872375 1.3593950 1.7627768 2.0541107 1.5697265 1.6182268 1.5305721 1.6258498 1.6257081 1.7090231 1.3727977 1.9646645 1.8594070 2.1645244 1.5237036 1.6851160 1.8718267 1.8188472 1.7703623 1.5875064 1.5403982 2.4615311 2.3124464 1.8149186 2.1555509 2.0791675 2.0376389 2.0582904 2.2454195 1.6432719 1.9574602 1.1745723 1.6265801 1.6019908 2.2415011 2.5232878 0.2296756 0.2171956 0.0000000 0.0577636 0.1252579 0.1253607 0.1310423 2.2871255 2.4199041 2.2438601 2.5844049 2.3367725 2.1884774 1.8975643 
HoiH23_PlH23_000518-RA                                 1.5432220 1.4637192 1.4920802 1.6336793 1.6438040 1.5619933 1.6905532 1.4940260 1.3585404 1.4133324 1.4207526 1.4001095 1.5006808 1.3697210 1.7636863 2.0140407 1.5914908 1.6568743 1.5236135 1.6219830 1.6263371 1.6819654 1.3690332 2.0268000 1.8546708 2.1909657 1.5770312 1.6670990 1.8548929 1.8182223 1.7598249 1.5655401 1.5096064 2.5011612 2.2997294 1.8140414 2.1887234 2.1078783 2.0730365 2.0419127 2.2660712 1.6170464 1.9645817 1.1647529 1.6766513 1.6750041 2.2500646 2.4937367 0.2270727 0.2200807 0.0577636 0.0000000 0.1307595 0.1309383 0.1345866 2.2897487 2.4405697 2.2740837 2.6131250 2.3282428 2.2002412 1.8892325 
HoiH11_mRNA1669                                        1.6013469 1.4396317 1.5416286 1.6133363 1.6248639 1.6012140 1.6861825 1.4932472 1.3747704 1.3933483 1.4023856 1.3969630 1.4867401 1.3666611 1.8243718 2.0155314 1.6063895 1.6304432 1.5744078 1.6842050 1.6736984 1.7921587 1.4543105 1.9900387 1.8691353 2.2228356 1.5442643 1.7688567 1.9186672 1.8609718 1.7593447 1.6106038 1.5555343 2.4884130 2.2538140 1.8808053 2.2075114 2.1277729 2.1231141 2.0079521 2.2425636 1.7502030 1.9789268 1.2811111 1.7510563 1.6193463 2.2591088 2.4821574 0.2101789 0.1968335 0.1252579 0.1307595 0.0000000 0.1596860 0.1655631 2.2906942 2.5005228 2.3512806 2.6465797 2.3441386 2.2104106 1.9269981 
Hhon_g01223.t1                                         1.6970776 1.5768274 1.6391553 1.7468446 1.7463901 1.6859289 1.8120759 1.6237221 1.4930756 1.5100870 1.5367413 1.5262956 1.6233509 1.4843440 1.7799616 2.2837115 1.7346006 1.8093879 1.6478613 1.7592369 1.7831417 1.9228113 1.5713417 2.1564947 2.0500921 2.1744319 1.8139883 1.7421198 2.0048991 1.9576469 1.8994964 1.7263556 1.7009298 2.5124286 2.2445377 1.9792424 2.3276940 2.2380942 2.1873196 2.0128347 2.2826588 1.9418347 2.0905824 1.2093127 1.9950164 1.9180951 2.3176933 2.6523669 0.2532958 0.2393783 0.1253607 0.1309383 0.1596860 0.0000000 0.0044876 2.3449908 2.5349579 2.3842474 2.5828984 2.3123388 2.3151642 2.1720296 
HoiH04_mRNA1429                                        1.6848029 1.5732205 1.6351080 1.7453023 1.7397592 1.6883529 1.8106713 1.6221179 1.4849920 1.5071791 1.5352500 1.5248114 1.6301996 1.4905225 1.7779378 2.2790877 1.7366018 1.8077312 1.6479446 1.7647033 1.7886847 1.9282440 1.5734599 2.1555369 2.0403029 2.1688365 1.8239442 1.7404282 2.0065832 1.9570099 1.9038589 1.7247444 1.7064666 2.4903866 2.2263338 1.9771056 2.3381186 2.2472330 2.2005755 2.0271489 2.2976212 1.9418347 2.1089756 1.2093127 1.9950164 1.9180951 2.3374850 2.6653633 0.2601513 0.2458678 0.1310423 0.1345866 0.1655631 0.0044876 0.0000000 2.3491728 2.5273449 2.3907294 2.6055786 2.3151133 2.3121764 2.1732366 
Mylflu_EP00047_Mylnosiga_fluctuans_P021873             2.2647950 2.1840818 2.2067149 2.0829130 2.2709209 2.2319544 2.2620039 2.1611826 2.0954469 1.9165287 1.9886274 2.0100339 2.1597066 2.0081985 2.4738123 2.6252086 2.3077252 2.3992685 2.1911938 2.1975468 2.2209471 2.5533935 1.8405393 2.3777960 2.3007089 2.5533812 1.7119057 1.7623299 2.4931943 2.3627402 2.2467077 1.9887510 1.8762543 2.9781283 3.6625225 2.0425836 2.5667552 2.5176051 2.5486570 2.6564768 3.0398937 2.1593166 2.4632553 1.4872754 2.1361429 1.5884953 2.7979761 1.6732075 2.2350761 2.2800022 2.2871255 2.2897487 2.2906942 2.3449908 2.3491728 0.0000000 1.5017357 1.3422843 1.6593975 1.5037262 1.5837760 2.6389257 
Salmac_EP00052_Salpingoeca_macrocollata_P027341        2.1894025 2.0809071 2.0883173 2.1101246 2.1216397 2.1721962 2.2733832 2.1464705 2.0836061 1.8790054 1.9490360 1.9571476 2.0612479 1.9737014 2.3306384 2.7600348 2.1753247 2.2882331 2.1659258 2.1328857 2.1737414 2.2443173 1.7754724 2.4059904 2.2099127 2.6761929 1.8859252 1.8625788 2.2666955 2.2610040 2.2025180 1.9256389 1.6852997 3.0680918 2.6956921 2.0081154 2.5353584 2.4945038 2.5280823 2.5209369 2.7589730 2.3255660 2.1784244 1.5330735 1.8122258 1.9443049 2.9724601 1.8095697 2.4038215 2.4705399 2.4199041 2.4405697 2.5005228 2.5349579 2.5273449 1.5017357 0.0000000 1.0998188 1.3639817 1.5873869 1.5199919 2.8647436 
Salpun_EP00053_Salpingoeca_punica_P018249              2.1152206 2.0885665 1.9885640 2.1902287 2.0926688 2.0357057 2.1900932 2.0703870 1.9469298 1.7154915 1.7665978 1.7949985 1.8788428 1.7737828 2.1754723 2.4325177 2.1691533 2.3225721 2.1948954 2.1751996 2.1633316 2.3581180 1.7962688 2.2749247 2.2182577 2.6031809 1.8622891 1.8119044 2.3544992 2.3774097 2.2692796 1.9809509 1.8180590 3.0382445 3.0282830 2.1520209 2.5457954 2.4891565 2.3128597 2.4471871 2.5887592 2.0802057 2.2118234 1.6911984 1.8852918 1.8330455 2.8036841 1.7847453 2.1129613 2.1795761 2.2438601 2.2740837 2.3512806 2.3842474 2.3907294 1.3422843 1.0998188 0.0000000 1.5378170 1.5012735 1.6751661 2.6235585 
Saldol_EP00054_Salpingoeca_dolichothecata_P021082      2.0958288 2.0165485 1.9089153 2.2105386 2.1673777 2.1125740 2.1094591 2.3188897 2.0160596 1.9314731 2.0269573 2.0172566 2.2049414 2.0063455 1.7918465 2.3736872 2.0391999 2.1486943 2.2964536 2.2939665 2.3691553 2.5076116 1.9040089 2.3346764 2.0903542 2.2681395 1.7425792 1.5913346 2.3486830 2.3421423 2.3351376 1.9735264 1.6456783 3.0650375 2.9122786 2.2005042 2.2774533 2.2616106 2.3904345 2.1197949 2.3572878 6.2336398 1.9167749 2.0399696 1.7121134 1.3259951 2.4728616 1.8791586 2.5319130 2.6911893 2.5844049 2.6131250 2.6465797 2.5828984 2.6055786 1.6593975 1.3639817 1.5378170 0.0000000 1.6206238 1.6034541 2.4893055 
