75
Hsap_ENST00000357447                                           0.0000000 0.9428225 0.8909474 0.8680858 1.2812396 1.1435402 1.2234066 1.5418216 1.0466858 1.9585381 1.4584082 1.2248091 1.3752983 1.3875674 1.4425253 1.2760036 1.5775972 1.5175933 1.3217648 1.1809181 2.0562131 1.9886681 2.3358818 2.3985516 2.4035826 1.8536716 1.8973074 2.3878707 2.4292287 2.2055735 1.7304363 2.2257159 2.3280332 1.5526727 2.4151843 2.1969821 1.9432950 2.4821117 1.9179982 2.4997764 2.1618783 1.9564034 2.3428956 2.3522923 2.5139011 2.5432778 2.1185359 1.8100529 2.5550527 3.4618531 3.1270054 3.5864711 3.8866201 2.7865884 3.7320220 3.8506402 4.0395370 2.8653317 3.2495740 2.7298758 3.3980194 2.7566612 3.4106232 3.4817170 3.7697836 3.5975728 3.1881008 3.4243209 3.0493622 2.9995543 2.9900986 2.9723191 3.1365555 3.5593558 3.1296291 
Bralan_BLAG05000765_7                                          0.9428225 0.0000000 0.8018624 0.7591876 0.9951374 1.0346465 0.9000672 1.3183111 0.9320025 2.0550306 1.4914678 1.1836497 1.3951718 1.3602949 1.3964917 1.2025246 1.5441180 1.3795683 1.1150876 1.0219645 1.9172596 1.9000957 2.2924440 2.2754263 2.2235176 1.7072975 1.2567129 2.4376269 2.4391209 2.2117871 1.6829864 1.9470311 2.2015405 1.3552891 2.2265268 2.2728782 1.8850435 2.2999806 1.6533946 2.1876183 1.8369572 1.7684278 2.0787058 2.0751929 2.2722080 2.3379414 1.8447412 1.6142952 2.3925253 3.5437337 2.9006630 3.1940938 3.6926585 2.7615863 3.4767518 3.5085232 3.6136015 2.6512191 3.1730823 2.4716336 3.2217751 2.7447435 3.4208211 3.5150812 3.5153247 3.3901984 2.8732860 2.8832136 2.7602778 2.6914578 2.7838872 2.6809864 2.8006743 3.0588565 3.0811946 
Dpul_mRNA10618                                                 0.8909474 0.8018624 0.0000000 0.9373697 0.9920749 0.9335975 0.8482034 1.2828619 1.3157603 1.2552541 1.0855555 1.1158428 1.1163263 1.1031716 1.1434594 1.2892808 1.2341351 0.8696257 1.0800309 1.4691157 1.7666503 1.7451865 1.7264764 1.9851917 1.9586982 1.8786456 1.8840700 1.9534210 2.0477950 1.5337946 1.4459176 1.7517553 1.9259659 1.7149957 1.8627531 1.4238967 1.6825212 1.9217784 1.9175289 1.8958563 1.8508430 1.7416639 1.8925370 1.9350118 1.8102711 2.1290910 1.5326166 1.1816228 2.1471577 2.9456517 2.6090418 2.6842929 2.7258423 2.6581357 3.2183638 2.8351625 2.8983550 2.5782677 2.7274235 2.6685338 2.4218306 2.2702969 2.6666715 2.8506494 2.9405203 2.7338245 2.6957477 2.0099681 1.9857038 2.0219210 2.0541596 1.9358873 2.0590116 2.2191663 2.3500371 
Ctel_gnl_WGS_AMQN_CAPTEDRAFT_mRNA178663                        0.8680858 0.7591876 0.9373697 0.0000000 0.7001769 0.8219100 0.8473777 1.1328273 1.0543001 1.3983452 1.0110934 1.0340169 1.1069160 1.0740666 1.0920750 1.0466996 1.2874131 0.9828594 1.0800665 1.3163746 1.6472018 1.6646159 1.9174129 1.9611630 1.9494552 1.6754731 1.5383843 2.0623168 1.9717175 1.8111630 1.4216058 1.7562150 1.8063751 1.6158373 1.8647560 1.9114306 1.7508901 1.7857772 1.9566867 1.9506096 1.6498846 1.5959926 1.6505117 1.7995681 1.7131016 1.9369347 1.4617042 1.3218030 2.0211726 2.8144327 2.8225892 2.8841459 3.0778107 2.5720293 3.0717255 2.9955746 3.0562612 2.7063189 2.6808792 2.6678459 2.8228606 2.2734194 3.0337621 2.7674911 3.2068511 2.8096597 2.7442126 2.2098300 2.1172709 2.1235903 2.1697989 2.1494523 2.2729552 2.3399197 2.5691918 
Cgig_XM_011427312.3                                            1.2812396 0.9951374 0.9920749 0.7001769 0.0000000 0.9095769 1.1355617 1.4731908 0.9753600 2.0098426 1.4625082 1.1266521 1.4157534 1.3503028 1.4196485 1.3995165 1.6658065 1.3466705 1.3005085 1.0996928 2.0327723 2.0022447 2.3129993 2.1040192 2.1313082 1.6516198 1.4074353 2.3441839 2.2569888 2.2143853 1.8110037 1.9049531 2.1893053 1.5865288 2.2552951 1.9437598 2.0235965 2.2913155 1.9104848 2.1988771 1.9297841 1.8796012 2.0417699 2.2052324 2.2215897 2.3187409 1.9851040 1.8472400 2.5021524 3.6100327 3.3895106 3.5544756 4.0027482 2.9536880 3.7086840 3.6596917 3.8375144 2.7401391 3.2563232 2.6074333 3.1476918 2.8046636 3.8375483 3.8038889 3.7577431 3.2644661 3.2510886 3.2421346 2.9745178 3.0036637 3.0724393 2.9595972 3.0794576 3.4287375 3.2415280 
Acagra_model.g8823.t1_model.g8824.t1_model.g8825.t1.1.5d4009fb 1.1435402 1.0346465 0.9335975 0.8219100 0.9095769 0.0000000 1.2557328 1.7642020 1.1400773 2.4417849 1.8084016 1.2664558 1.6521300 1.6085506 1.6681966 1.4966237 1.7850819 1.2926962 1.2941164 1.1619650 2.1509706 2.0993845 2.4794146 2.4305154 2.4731582 1.8121636 1.5695830 2.4566997 2.4233290 2.4656051 1.8001605 1.9488967 2.1681904 1.6626401 2.1883300 2.3208997 1.8599479 2.3278512 1.9645291 2.3468446 2.0267785 2.0355186 2.1559327 2.2897120 2.3062960 2.4732677 1.9175780 1.8872845 2.5059028 3.3830415 3.0707737 3.1964934 3.8517336 2.7894381 3.7087842 3.4127545 3.7851668 2.5462689 3.2871267 2.5585618 3.2541699 2.5989565 3.4262626 3.6217729 3.6022832 3.3214446 3.1184562 2.9619923 2.8122091 2.6766157 2.6892225 2.6504086 2.7602889 3.0043151 3.4959172 
Skow_XM_006825645.1                                            1.2234066 0.9000672 0.8482034 0.8473777 1.1355617 1.2557328 0.0000000 1.4823890 0.9220955 1.8956878 1.4314264 1.0625971 1.3301501 1.3288058 1.4113065 1.2884754 1.5143253 1.3675010 0.9586158 1.1151658 1.9600347 2.0048621 2.4642766 2.3014495 2.3393476 1.6955714 1.4294474 2.4578079 2.4039640 2.4689019 1.8156207 2.0307710 2.3336696 1.5700444 2.3361413 1.9917018 1.8219141 2.3407972 1.9349224 2.3584844 1.9588223 1.9465477 2.0922051 2.0538231 2.1756099 2.3134524 1.9511105 1.8158134 2.4566903 3.0955850 3.1411630 3.3863851 3.5701185 2.5359911 3.3796490 3.2949892 3.4513102 2.7157950 3.1801907 2.5011498 3.2535181 2.5794931 3.4701353 3.3819736 3.5224084 3.2474712 3.1383796 3.0299363 2.8432674 2.7485686 2.7694571 2.7474114 2.8665256 3.1493189 2.7875534 
Exapal_XM_021048550.2                                          1.5418216 1.3183111 1.2828619 1.1328273 1.4731908 1.7642020 1.4823890 0.0000000 0.4041656 1.0616928 0.8331329 0.6861942 0.7534085 0.7728522 0.7445755 1.0691774 1.4214089 1.7350838 1.6348683 1.3054966 2.1256679 2.1455289 2.3622876 2.4127100 2.4167580 1.7507722 1.6450303 2.4755365 2.5206751 2.3139205 1.7969477 2.0785759 2.3766361 1.6897888 2.3883803 2.3201992 1.9641046 2.7209446 2.2084187 2.5641306 2.0923240 1.9317564 2.2920618 2.2323821 2.3154439 2.4559638 1.9945979 1.8398706 2.5455394 3.2961596 3.0260136 3.4108098 3.7076544 2.8663832 3.5954638 3.6511803 3.5847162 2.6444862 2.9637642 2.5393833 3.4312149 2.6591016 3.8655142 3.4063607 3.4060429 3.3838382 3.1560116 3.2120182 2.9477787 2.8164231 2.8218118 2.8311017 2.9343432 3.1880022 2.6065848 
Nvec_v1g21219                                                  1.0466858 0.9320025 1.3157603 1.0543001 0.9753600 1.1400773 0.9220955 0.4041656 0.0000000 0.5298708 0.4673822 0.4857873 0.4983248 0.4851510 0.4919570 0.8006333 0.9362393 1.1786086 1.1405408 1.1900490 1.4833469 1.4753427 1.6745661 1.8326982 1.8602567 1.6382577 1.4674084 1.9520271 1.9482313 1.5221343 1.3089974 1.8118834 1.9354073 1.6492886 1.8776509 1.7845674 1.9160616 2.0278761 1.9951667 2.0980780 1.4826399 1.4708004 1.6728316 1.6955189 1.6948231 2.0510557 1.4760047 1.1734799 2.1784089 2.7768998 2.7266124 2.7992926 3.0355224 2.4691024 2.8935149 2.7727705 2.7227482 2.6236828 2.4860943 2.4992005 2.9144964 2.5318835 3.0309781 2.7972529 2.7198467 2.8390985 2.7019570 2.3185877 2.2589649 2.2550821 2.2756287 2.2638457 2.3896797 2.4346944 1.9514812 
Adig_XM_015902536.1                                            1.9585381 2.0550306 1.2552541 1.3983452 2.0098426 2.4417849 1.8956878 1.0616928 0.5298708 0.0000000 0.0378582 0.3358757 0.4192686 0.3765106 0.4404250 1.2418499 1.8625785 2.2693113 2.1597100 1.2632778 2.5924549 2.7053988 2.9156601 3.1602850 3.2473684 2.2516772 3.9333771 3.0576158 3.0426339 2.5785425 2.1448494 3.3168635 3.8789545 2.0403968 3.5439455 8.9999989 3.2490785 3.2986035 3.0261226 3.5410795 2.8432934 2.5531680 3.0349903 3.0254900 3.1453702 3.3950517 2.9123804 2.7806492 3.0408256 3.7033117 3.1453501 4.0953631 4.4976252 2.7401625 4.2930630 4.9783299 4.5473956 2.9256646 3.1054471 2.0367757 3.8799573 2.6602739 4.2150787 3.8684771 4.2365577 4.4700549 3.6864344 4.8706008 3.7356830 3.6633943 3.6505545 3.5722838 3.8517219 4.6417178 2.1995748 
Amil_Amillepora06805-RA                                        1.4584082 1.4914678 1.0855555 1.0110934 1.4625082 1.8084016 1.4314264 0.8331329 0.4673822 0.0378582 0.0000000 0.2076700 0.3062247 0.2855709 0.3289009 1.0032012 1.3304953 1.6113202 1.6893291 1.2367845 2.1742489 2.1989296 2.3350307 2.5308574 2.5841036 1.6960411 1.7236569 2.5365907 2.6289670 2.0498471 1.6982203 1.9556932 2.5831387 1.6456631 2.2828902 2.4775076 1.7141271 2.4953150 2.2624240 2.5224014 2.1050705 1.8985313 2.4008125 2.4274642 2.3539331 2.5694698 2.1738583 1.9111838 2.5518543 3.1055204 2.7627143 3.2383563 3.3469130 2.2837109 3.3100263 3.5283457 3.3007701 2.2017233 2.7144760 2.3059444 2.9926997 2.2618634 3.3689146 3.3145572 3.4826531 3.1798786 2.9519114 3.2207085 2.9517632 2.9966309 2.9802249 2.8635290 2.9873110 3.3564720 2.5807317 
Gfas_gfas1.m1.1681.m1                                          1.2248091 1.1836497 1.1158428 1.0340169 1.1266521 1.2664558 1.0625971 0.6861942 0.4857873 0.3358757 0.2076700 0.0000000 0.1532463 0.1493339 0.2008191 0.9229065 1.0449830 1.2953224 1.2900597 1.1739747 1.6743743 1.6750411 1.7913397 2.0267721 2.0663599 1.5975953 1.4258118 1.8286609 1.9302201 1.5886432 1.4243277 1.9783494 2.1908442 1.5624590 2.0611368 1.9350901 2.0029454 2.1513964 2.1205320 2.1744706 1.5958378 1.4689277 1.8535623 1.7974870 1.8693958 2.1261380 1.6522293 1.4549902 2.2676826 2.8291622 2.8014250 2.8203947 3.2613281 2.4334802 3.1924571 2.8919062 2.8094937 2.5032665 2.4954446 2.3992760 2.6636306 2.4543840 3.1991249 3.0843395 3.0233001 2.8864574 2.6284105 2.4871071 2.4022400 2.4152541 2.4313161 2.3009163 2.4073293 2.6961634 1.7051448 
Fspp_ffun1.m4.21590.m1                                         1.3752983 1.3951718 1.1163263 1.1069160 1.4157534 1.6521300 1.3301501 0.7534085 0.4983248 0.4192686 0.3062247 0.1532463 0.0000000 0.1016904 0.1599815 0.9704713 1.3479278 1.6037350 1.6861954 1.2078295 2.0315468 2.0195603 2.2443758 2.2776853 2.3505211 1.6480294 1.4676664 2.2656613 2.3795780 1.7775989 1.6152433 2.0955003 2.4663356 1.5920291 2.3097263 2.3567414 2.0225791 2.4498736 2.1459425 2.4503762 1.9291270 1.8271768 2.3364899 2.2343514 2.3293993 2.5577084 2.1696827 1.7356578 2.4965088 3.0466375 2.9710216 3.2549552 3.5578158 2.4867583 3.6812872 3.4348964 3.3670311 2.5619698 2.7684507 2.5200929 3.1244390 2.4962236 3.4919879 3.2889071 3.3133347 3.0936071 2.9284950 3.0413334 2.8745639 2.7870531 2.7932562 2.7448156 2.8469043 3.0287178 2.2866189 
Gasp_gasp1.m3.24400.m1                                         1.3875674 1.3602949 1.1031716 1.0740666 1.3503028 1.6085506 1.3288058 0.7728522 0.4851510 0.3765106 0.2855709 0.1493339 0.1016904 0.0000000 0.1610801 0.9631595 1.3122974 1.5837822 1.6617029 1.1111498 2.0657107 2.0595453 2.2402905 2.3304292 2.3765963 1.6376121 1.3662887 2.3108864 2.3944053 1.8269077 1.6852516 2.0641772 2.4921695 1.5253391 2.2892686 2.3420733 2.0477781 2.4170306 2.1397049 2.4271475 1.9378037 1.8064604 2.2125736 2.1765690 2.2714756 2.4453802 2.1393921 1.7268701 2.4923147 2.9648219 2.9152060 3.0519562 3.4309209 2.3966597 3.5875610 3.4030011 3.2371793 2.5241118 2.7233453 2.4018026 2.9809728 2.5196241 3.5260615 3.3052199 3.2441158 3.1846511 2.8639222 2.9555875 2.7966999 2.7134944 2.7144658 2.6486780 2.7585045 2.9585220 2.2002213 
Spis_XP_022801252_1                                            1.4425253 1.3964917 1.1434594 1.0920750 1.4196485 1.6681966 1.4113065 0.7445755 0.4919570 0.4404250 0.3289009 0.2008191 0.1599815 0.1610801 0.0000000 0.9859638 1.3422972 1.6220483 1.7244663 1.1686742 2.0142454 2.0435088 2.2091035 2.4112791 2.5103265 1.7187867 1.4261666 2.4193538 2.5394898 1.7682444 1.6426686 2.0405086 2.5036068 1.6356728 2.2897059 2.2809713 2.0413137 2.4437937 2.2132556 2.4602956 1.9808629 1.8414623 2.2062909 2.1847071 2.2846906 2.4634815 2.1495962 1.8079030 2.5992758 3.0621922 3.0767781 3.3029817 3.4563741 2.4961623 3.6125090 3.5933472 3.4781192 2.5927701 2.7838871 2.5479709 3.0915915 2.5066539 3.6229215 3.3036731 3.2552254 3.2463394 2.8907214 3.1035151 2.9038639 2.7493025 2.7618712 2.7271760 2.8089099 3.0733947 2.0869414 
Dgig_XM_028552689.1                                            1.2760036 1.2025246 1.2892808 1.0466996 1.3995165 1.4966237 1.2884754 1.0691774 0.8006333 1.2418499 1.0032012 0.9229065 0.9704713 0.9631595 0.9859638 0.0000000 0.4171313 1.4765299 1.4488843 1.2793179 1.6955328 1.7208798 1.9996165 2.2359723 2.2335675 1.8387948 1.8099737 2.1881561 2.1697603 1.7018122 1.5620843 2.1240342 2.3341606 1.8132056 2.4213191 2.2306972 2.2191622 2.4379326 2.0535539 2.3471917 1.7185553 1.6889446 2.0212697 1.8781899 2.0204741 2.0804762 1.7507411 1.5324011 2.7057936 3.5133853 3.3025865 3.2420394 3.3331343 2.8176408 3.5533786 3.2842554 3.4065011 2.9257576 3.2332440 2.5708687 3.0809939 2.8935142 3.7968382 3.4659861 3.4863994 3.0714300 2.9888361 2.8116067 2.7142415 2.7360644 2.7568185 2.7500804 2.8784115 2.9103282 2.7548048 
Xesp_015006-T1                                                 1.5775972 1.5441180 1.2341351 1.2874131 1.6658065 1.7850819 1.5143253 1.4214089 0.9362393 1.8625785 1.3304953 1.0449830 1.3479278 1.3122974 1.3422972 0.4171313 0.0000000 1.7353703 1.6544175 1.2868714 2.1905585 2.1726692 2.2900901 2.6714507 2.6772393 2.0630153 1.9242767 2.6410981 2.6652253 2.4190135 1.8629091 2.3249574 2.8265376 1.8860516 2.8419157 2.7886885 2.4019656 2.9870768 2.2007515 2.8304401 2.0779827 1.9682524 2.5956523 2.4022191 2.4654686 2.5485906 2.0751644 1.9287605 3.0278911 3.5447307 3.5222378 3.4881829 3.5799964 2.9117142 4.0365425 3.5821756 3.8477087 3.0816998 3.5365308 2.8117776 3.4537965 3.1508378 4.0099895 3.7869727 3.9053711 3.3064891 3.2851724 3.1763364 3.0488490 3.0587101 3.1424718 3.0855298 3.1873277 3.2800644 3.0912156 
Cscu_XM_023380909.1                                            1.5175933 1.3795683 0.8696257 0.9828594 1.3466705 1.2926962 1.3675010 1.7350838 1.1786086 2.2693113 1.6113202 1.2953224 1.6037350 1.5837822 1.6220483 1.4765299 1.7353703 0.0000000 1.6660820 1.2256882 2.1937080 2.2210622 2.5186488 2.5107177 2.5933380 2.0405604 1.6371155 2.7421258 2.6201887 2.6191874 1.8459408 2.2458803 2.4598434 1.6840608 2.4308581 2.6855339 2.1107262 2.4836925 1.8250240 2.4400697 2.1883801 2.0615169 2.4024808 2.4425563 2.5787707 2.5834503 2.0775508 1.7951286 2.6508236 3.1468810 3.0929528 3.5490550 3.6767456 2.6304555 3.8333310 3.7932144 3.9800981 2.5944335 3.1514898 2.4101864 3.3055436 2.5401443 3.4780551 3.5980431 3.7127640 3.6242180 3.3441190 2.8704009 2.6330793 2.5960950 2.6233230 2.6068164 2.7479117 2.9704854 3.4181429 
Spur_XM_030973238.1                                            1.3217648 1.1150876 1.0800309 1.0800665 1.3005085 1.2941164 0.9586158 1.6348683 1.1405408 2.1597100 1.6893291 1.2900597 1.6861954 1.6617029 1.7244663 1.4488843 1.6544175 1.6660820 0.0000000 1.2165602 2.1112818 2.1249205 2.3372346 2.2941095 2.3215062 1.7890436 1.7284119 2.5915442 2.4998876 2.4791445 1.9234069 2.2198344 2.5180926 1.7019199 2.5049942 2.4224363 2.1847177 2.4648929 1.9384451 2.5129557 2.1159049 2.2295689 2.2852980 2.2890805 2.4319570 2.5134860 2.0697292 1.8763760 2.6462134 3.5981098 3.4150024 3.4653616 4.0437593 3.0157580 3.7851813 3.7951346 3.9798603 2.8425542 3.5284612 2.6367618 3.6465184 2.9550667 3.9349587 3.6123208 3.9933333 3.8601949 3.2278266 3.5835217 3.2778220 3.1886118 3.1919959 3.2002990 3.3821453 3.7331959 3.2489937 
Aaur_scaffold1094.g3.t1                                        1.1809181 1.0219645 1.4691157 1.3163746 1.0996928 1.1619650 1.1151658 1.3054966 1.1900490 1.2632778 1.2367845 1.1739747 1.2078295 1.1111498 1.1686742 1.2793179 1.2868714 1.2256882 1.2165602 0.0000000 0.3637690 0.3550087 0.6357058 2.0319087 2.0776902 1.9814661 1.7640441 2.0385763 1.9689077 0.8392708 1.1818306 1.8122517 1.8422572 1.9012905 1.7734765 1.4682412 1.8141011 2.0848537 2.2125632 2.2510288 1.6472616 1.6278862 2.0181065 2.1323657 2.0886469 2.0567733 1.8346243 0.8037490 2.0086288 2.1765363 1.7822403 1.9001640 1.6558864 1.5907355 2.0515334 2.1499171 1.9524981 1.5950761 1.9733665 1.9422770 1.7999311 1.9573944 1.8133566 1.9212146 2.0892142 2.0561699 2.1715178 2.0063538 2.0698042 2.0449932 2.0978069 1.9982403 1.9982403 2.1910117 2.3965935 
Nemnom_g2457.t1                                                2.0562131 1.9172596 1.7666503 1.6472018 2.0327723 2.1509706 1.9600347 2.1256679 1.4833469 2.5924549 2.1742489 1.6743743 2.0315468 2.0657107 2.0142454 1.6955328 2.1905585 2.1937080 2.1112818 0.3637690 0.0000000 0.1462981 1.3698141 3.0442091 3.1649651 2.4144349 1.9509184 3.0769152 2.9580317 2.3715098 1.9986491 2.7236037 3.1096460 2.1181642 2.9432980 3.8099948 2.6835031 3.0377208 2.4748807 3.0374697 2.5838468 2.4480809 2.7445132 2.7854250 2.9623091 2.9201778 2.5636903 1.9183177 3.1017726 3.9610193 3.3314609 3.5383608 3.5765385 2.6186088 3.6910950 4.1086654 3.9582627 2.7322953 3.4984763 2.4971680 3.1246258 2.9522644 3.5682597 3.7105276 3.7393938 3.7309787 3.4500400 3.4218824 3.1030694 3.1710759 3.1105875 3.0788492 3.2371110 3.5444615 3.9144853 
Rhoesc_Res_000552-T1                                           1.9886681 1.9000957 1.7451865 1.6646159 2.0022447 2.0993845 2.0048621 2.1455289 1.4753427 2.7053988 2.1989296 1.6750411 2.0195603 2.0595453 2.0435088 1.7208798 2.1726692 2.2210622 2.1249205 0.3550087 0.1462981 0.0000000 1.3873191 3.0534333 3.1409513 2.4030444 1.9206477 3.1192978 2.9739208 2.3686861 1.9924273 2.8392125 3.2567513 2.1090229 2.9912820 3.9777822 2.7320728 3.0989948 2.4653780 3.1139275 2.5791094 2.3874121 2.7750749 2.8447081 2.8938844 2.9036074 2.6099094 1.9119144 3.1317066 3.8419669 3.2595962 3.5979334 3.6815864 2.7078429 3.6871807 4.0365772 4.0104216 2.6935980 3.4907878 2.5380856 3.1467942 3.0252209 3.4820741 3.7031200 3.7855387 3.8330669 3.4137624 3.3861848 3.1063384 3.1187909 3.0634727 3.0505773 3.2120894 3.4397151 3.8662635 
Sanmal_Sma_010874-T1                                           2.3358818 2.2924440 1.7264764 1.9174129 2.3129993 2.4794146 2.4642766 2.3622876 1.6745661 2.9156601 2.3350307 1.7913397 2.2443758 2.2402905 2.2091035 1.9996165 2.2900901 2.5186488 2.3372346 0.6357058 1.3698141 1.3873191 0.0000000 3.0291687 3.1876314 2.5722892 1.8248029 3.2159396 3.2456745 3.0312370 2.0248861 3.0578622 3.0781823 1.9146082 2.9526856 3.8645873 2.6139010 3.0891567 2.0222595 2.9296240 3.0477352 2.6382615 2.8975646 2.9261497 3.1270954 3.1012069 2.5978989 2.1577934 3.3795195 3.7522578 3.6470422 3.8680457 4.0720554 3.0174742 4.0289161 4.6749738 4.5780790 3.0274986 3.7138343 2.6416015 3.8086285 3.3633079 3.9115810 4.1720411 4.4590120 4.1586957 4.1685683 3.5658856 3.1247886 3.2704180 3.2355761 3.3005718 3.4408637 3.6836615 3.5591560 
Aque_Aqu2.1.43812_001                                          2.3985516 2.2754263 1.9851917 1.9611630 2.1040192 2.4305154 2.3014495 2.4127100 1.8326982 3.1602850 2.5308574 2.0267721 2.2776853 2.3304292 2.4112791 2.2359723 2.6714507 2.5107177 2.2941095 2.0319087 3.0442091 3.0534333 3.0291687 0.0000000 0.1884711 0.7062226 1.3597400 1.1390420 1.1193162 3.0308742 2.5830608 2.7758791 3.0186827 1.9650966 2.9217825 3.0203887 2.6097577 2.9077894 2.5430836 2.6816574 2.2977725 2.1640341 2.5903589 2.6335935 2.7107856 2.7957449 2.2161706 2.8213339 1.8535197 3.9875687 4.0770852 4.3696350 4.1291826 3.3447306 4.2277490 4.2508041 4.2808782 3.2015721 3.2606393 2.8866644 4.1691231 3.0404700 4.0822215 3.8909982 4.1690510 3.9162347 3.7782132 3.3522231 3.1989962 3.1856559 3.2115711 3.1306961 3.2628916 3.3848297 4.3818218 
Halamb_c49877_g2_i3m.27115                                     2.4035826 2.2235176 1.9586982 1.9494552 2.1313082 2.4731582 2.3393476 2.4167580 1.8602567 3.2473684 2.5841036 2.0663599 2.3505211 2.3765963 2.5103265 2.2335675 2.6772393 2.5933380 2.3215062 2.0776902 3.1649651 3.1409513 3.1876314 0.1884711 0.0000000 0.6373223 1.1419113 1.1408488 1.1179037 3.1384291 2.5653774 2.6537952 2.8344996 1.8992739 2.7349555 2.9857577 2.6224697 2.9061919 2.3587623 2.6959595 2.2135850 2.2095132 2.6088936 2.6966014 2.7977948 2.8087932 2.2792553 2.9517087 1.7542990 4.1483350 4.0481454 4.2155818 3.9462462 3.5372886 4.1453512 4.1992693 4.4175719 3.0639950 3.3249783 2.6504808 4.2735860 3.1152286 4.1138352 4.0150117 4.1612413 3.9275446 3.5235595 3.3675537 3.1940512 3.2277678 3.3025442 3.2262779 3.3658651 3.4547341 4.5882271 
Tetwil_g4309.t1                                                1.8536716 1.7072975 1.8786456 1.6754731 1.6516198 1.8121636 1.6955714 1.7507722 1.6382577 2.2516772 1.6960411 1.5975953 1.6480294 1.6376121 1.7187867 1.8387948 2.0630153 2.0405604 1.7890436 1.9814661 2.4144349 2.4030444 2.5722892 0.7062226 0.6373223 0.0000000 0.5520420 0.6795256 0.6786477 2.3238176 1.9488636 2.2619580 2.3239842 1.8072930 2.3222141 2.2660624 2.4346549 2.3943348 2.3314944 2.4317250 1.7762436 1.7141101 1.9720201 2.0683043 2.0110894 2.4125360 1.8501120 2.0073016 1.2554329 3.6198761 3.4839109 3.5372370 3.9077426 3.4423129 3.7240053 3.6427717 3.4388468 3.3341807 3.3695274 2.9028964 3.5563936 3.3303499 3.4253625 3.3310857 3.8796181 3.6127795 3.5931202 2.7424648 2.7554720 2.6812040 2.7462029 2.6509060 2.6781824 2.8183196 3.7084597 
Stycar_maker-SC_scaffold3469-augustus-gene-0.103-mRNA-1        1.8973074 1.2567129 1.8840700 1.5383843 1.4074353 1.5695830 1.4294474 1.6450303 1.4674084 3.9333771 1.7236569 1.4258118 1.4676664 1.3662887 1.4261666 1.8099737 1.9242767 1.6371155 1.7284119 1.7640441 1.9509184 1.9206477 1.8248029 1.3597400 1.1419113 0.5520420 0.0000000 0.9974141 0.9811747 4.5084249 1.7289421 2.2724451 2.0167227 1.6334039 1.7726612 9.0000000 6.1421196 2.2677132 2.0547285 2.1983786 1.8284387 1.6350708 1.8683439 1.9341993 1.7549467 1.8898204 1.4153168 1.8806826 1.7629056 3.0886918 2.4707797 2.3110689 2.9404625 2.9264716 2.6516337 2.8007890 2.5497903 3.1039845 2.6028489 2.2245238 3.6545771 3.0304690 2.3926920 2.2936320 2.5530886 2.9136983 3.0450052 1.9576464 2.0931302 2.1437768 2.2576010 2.2029389 2.2895914 2.4137835 3.0685470 
Emue_Em0014g280a.t1                                            2.3878707 2.4376269 1.9534210 2.0623168 2.3441839 2.4566997 2.4578079 2.4755365 1.9520271 3.0576158 2.5365907 1.8286609 2.2656613 2.3108864 2.4193538 2.1881561 2.6410981 2.7421258 2.5915442 2.0385763 3.0769152 3.1192978 3.2159396 1.1390420 1.1408488 0.6795256 0.9974141 0.0000000 0.2794461 3.4466090 2.4374621 2.9008022 3.1728859 1.9851719 3.1072923 3.4981643 2.8240734 3.0809950 2.8327094 3.1698246 2.3650566 2.1310828 2.7431543 2.6958094 2.8215533 2.6365005 2.3123818 2.6754270 1.6614723 3.6082381 3.5125638 3.9387004 3.6259201 3.0998747 4.2184647 4.2750282 4.1949987 2.8795917 3.1856439 2.6383478 3.4407483 2.9462550 3.6669998 3.4286765 4.0173179 3.8302963 2.9049578 3.5030289 3.3409586 3.2231646 3.2883923 3.2245301 3.3773595 3.6191194 4.2745318 
Spolac_c102935_g3_i1_m.31730c102935-g3                         2.4292287 2.4391209 2.0477950 1.9717175 2.2569888 2.4233290 2.4039640 2.5206751 1.9482313 3.0426339 2.6289670 1.9302201 2.3795780 2.3944053 2.5394898 2.1697603 2.6652253 2.6201887 2.4998876 1.9689077 2.9580317 2.9739208 3.2456745 1.1193162 1.1179037 0.6786477 0.9811747 0.2794461 0.0000000 3.3373534 2.3606851 2.8887470 3.2137063 2.1264763 3.0291317 3.4661998 2.7986836 3.0858902 2.8938725 3.0627735 2.3469834 2.1910762 2.6949627 2.6160836 2.7513617 2.6253601 2.3235024 2.7316015 1.6406902 3.6766294 3.7074110 4.1659417 4.0329292 3.3285062 4.4332216 4.3731617 4.4843480 3.0272748 3.1974657 2.8344963 3.7689614 3.1508826 3.7873580 3.5863676 4.2132312 3.9513169 3.2167028 3.6651056 3.4611763 3.4089940 3.4757527 3.4386730 3.6030050 3.8925944 4.1765391 
Hvul_g19876_1                                                  2.2055735 2.2117871 1.5337946 1.8111630 2.2143853 2.4656051 2.4689019 2.3139205 1.5221343 2.5785425 2.0498471 1.5886432 1.7775989 1.8269077 1.7682444 1.7018122 2.4190135 2.6191874 2.4791445 0.8392708 2.3715098 2.3686861 3.0312370 3.0308742 3.1384291 2.3238176 4.5084249 3.4466090 3.3373534 0.0000000 0.9991624 2.3093086 2.7958422 1.3498717 2.9248847 2.5124157 2.0605096 2.6798732 3.4749373 2.5808550 2.5273600 2.6144635 2.8325266 2.9210022 3.0814417 3.2301066 2.6267729 1.5528572 3.3606104 5.7887714 5.0280435 5.4741188 6.6643297 4.9217576 7.3630097 5.5677897 5.7778067 3.9615261 5.3364728 3.6140388 4.9008719 4.5798665 6.0961485 6.1394041 4.6710527 5.4006313 4.3530409 3.6635748 3.5502130 3.6037229 3.5228561 3.5727825 3.5709897 3.7253288 5.6977841 
Chem_TCONS_00051168                                            1.7304363 1.6829864 1.4459176 1.4216058 1.8110037 1.8001605 1.8156207 1.7969477 1.3089974 2.1448494 1.6982203 1.4243277 1.6152433 1.6852516 1.6426686 1.5620843 1.8629091 1.8459408 1.9234069 1.1818306 1.9986491 1.9924273 2.0248861 2.5830608 2.5653774 1.9488636 1.7289421 2.4374621 2.3606851 0.9991624 0.0000000 2.4244958 2.7312602 1.9118071 2.5838437 3.0154221 2.4785696 2.3664010 2.0335126 2.3123943 2.2061275 2.0757369 2.5078142 2.5664568 2.6366528 2.5889168 2.0575720 1.2561327 2.3950442 3.7459879 3.6351601 3.5795850 3.3249848 2.6967361 3.7844234 3.7921261 3.7093003 2.8929054 3.2925298 2.6520013 3.4085099 3.0015954 3.6883192 3.8041637 3.6670628 3.6483477 3.0438891 3.1692206 2.9957405 2.8542853 2.9040401 2.8794106 2.9427218 3.2332946 3.6632061 
Mlei_ML2705.g17.i1                                             2.2257159 1.9470311 1.7517553 1.7562150 1.9049531 1.9488967 2.0307710 2.0785759 1.8118834 3.3168635 1.9556932 1.9783494 2.0955003 2.0641772 2.0405086 2.1240342 2.3249574 2.2458803 2.2198344 1.8122517 2.7236037 2.8392125 3.0578622 2.7758791 2.6537952 2.2619580 2.2724451 2.9008022 2.8887470 2.3093086 2.4244958 0.0000000 0.3649426 0.2419747 0.2371104 0.3038614 0.2587810 0.6121036 0.7669635 0.6152889 2.3729449 2.6292472 2.3986564 2.3073426 2.1885910 2.5998871 2.1799825 2.3085352 3.1507941 3.9373242 3.7522095 3.8602321 3.9301845 3.2750482 4.2380885 4.0011653 4.1195521 3.4653981 3.9564736 3.1978527 3.4378157 3.5410810 4.1184737 4.9123398 3.9507384 3.7828948 3.7322620 3.1832687 3.1852446 3.2495429 3.2596261 3.1794839 3.1913217 3.2555457 5.1288816 
Horcal_Hcv1.av93.c5.g173.i1                                    2.3280332 2.2015405 1.9259659 1.8063751 2.1893053 2.1681904 2.3336696 2.3766361 1.9354073 3.8789545 2.5831387 2.1908442 2.4663356 2.4921695 2.5036068 2.3341606 2.8265376 2.4598434 2.5180926 1.8422572 3.1096460 3.2567513 3.0781823 3.0186827 2.8344996 2.3239842 2.0167227 3.1728859 3.2137063 2.7958422 2.7312602 0.3649426 0.0000000 0.2712083 0.5267310 0.2642810 0.3888418 0.8449511 0.6030364 0.8456761 2.5990208 2.7718323 2.6141983 2.6251593 2.5917093 2.8447895 2.5446804 2.6562757 2.9341993 4.4099599 3.6048344 3.8160281 3.8777938 3.3138854 4.2159278 4.3198733 4.7018034 3.5225643 3.8850531 3.1006337 3.7715957 3.6275911 4.1829414 4.1208057 4.0953164 3.7539586 3.9840403 3.4163016 3.1934338 3.1796216 3.2060711 3.1254322 3.2456178 3.4976704 4.0071105 
Bolinf_Binf_sb1180553                                          1.5526727 1.3552891 1.7149957 1.6158373 1.5865288 1.6626401 1.5700444 1.6897888 1.6492886 2.0403968 1.6456631 1.5624590 1.5920291 1.5253391 1.6356728 1.8132056 1.8860516 1.6840608 1.7019199 1.9012905 2.1181642 2.1090229 1.9146082 1.9650966 1.8992739 1.8072930 1.6334039 1.9851719 2.1264763 1.3498717 1.9118071 0.2419747 0.2712083 0.0000000 0.2283592 0.2048258 0.0000010 0.4370577 0.5295873 0.4218091 1.7452286 1.9426115 1.9570980 1.8636225 1.8885887 2.1437794 1.8927995 1.9132981 2.2049846 3.1861106 2.4017614 2.4155897 2.3892058 2.5900615 2.8396240 2.7011585 2.6851313 2.6930894 2.7004955 2.5876646 2.7699203 2.6593880 3.0984845 2.8822689 2.7479018 2.4149044 2.7788338 2.1900717 2.2498931 2.2490574 2.3030764 2.2406624 2.2406624 2.2127388 3.1039648 
Beraby_Baby_sb353054                                           2.4151843 2.2265268 1.8627531 1.8647560 2.2552951 2.1883300 2.3361413 2.3883803 1.8776509 3.5439455 2.2828902 2.0611368 2.3097263 2.2892686 2.2897059 2.4213191 2.8419157 2.4308581 2.5049942 1.7734765 2.9432980 2.9912820 2.9526856 2.9217825 2.7349555 2.3222141 1.7726612 3.1072923 3.0291317 2.9248847 2.5838437 0.2371104 0.5267310 0.2283592 0.0000000 0.4472341 0.3308588 0.7319312 0.6243254 0.7422597 2.5465094 2.7341130 2.5348943 2.5834794 2.3394863 2.7005730 2.4807486 2.6412551 2.9582668 4.4944069 3.6441568 3.9067580 3.9165305 3.3070545 4.1677686 3.9724902 4.2356119 3.1768347 4.1860193 2.9990619 3.7573242 3.3384860 4.4515777 4.5148043 4.2410422 3.9856554 3.9960392 3.7215283 3.6248282 3.6038205 3.5784502 3.5357857 3.5383844 3.6793988 3.8637847 
Pbac_sb2666452                                                 2.1969821 2.2728782 1.4238967 1.9114306 1.9437598 2.3208997 1.9917018 2.3201992 1.7845674 8.9999989 2.4775076 1.9350901 2.3567414 2.3420733 2.2809713 2.2306972 2.7886885 2.6855339 2.4224363 1.4682412 3.8099948 3.9777822 3.8645873 3.0203887 2.9857577 2.2660624 9.0000000 3.4981643 3.4661998 2.5124157 3.0154221 0.3038614 0.2642810 0.2048258 0.4472341 0.0000000 0.2954162 0.7716633 1.6511314 0.7212463 2.6911376 3.0671756 2.1789229 2.1005808 2.2612089 2.8478814 2.1277007 2.5212816 3.6784277 5.3417265 5.1763698 4.6552863 5.3585762 3.9925889 6.4772215 4.5981966 4.5855597 2.9800752 3.8176868 4.1595624 3.3614627 2.9902898 5.2126070 5.7373076 4.3580236 3.7087621 3.3246246 2.5546504 2.7317863 2.7483546 2.6356728 2.6907888 2.6907888 2.6015491 4.4230436 
Mertsp_Mesp_sb545907                                           1.9432950 1.8850435 1.6825212 1.7508901 2.0235965 1.8599479 1.8219141 1.9641046 1.9160616 3.2490785 1.7141271 2.0029454 2.0225791 2.0477781 2.0413137 2.2191622 2.4019656 2.1107262 2.1847177 1.8141011 2.6835031 2.7320728 2.6139010 2.6097577 2.6224697 2.4346549 6.1421196 2.8240734 2.7986836 2.0605096 2.4785696 0.2587810 0.3888418 0.0000010 0.3308588 0.2954162 0.0000000 0.5177194 0.7309931 0.5412933 2.1778989 2.6263847 2.2296348 2.1382127 2.1793632 2.4703553 2.1194049 2.2277026 2.9808880 4.0350454 3.9306081 3.5808061 3.6639292 3.7490621 4.1113580 3.9480880 3.7320483 3.6830351 3.5333542 3.4693168 3.2721638 3.4150704 4.1900773 4.4601980 4.0135749 3.4481771 3.4102878 3.1591039 3.1029862 3.0841547 3.1377398 3.1576867 3.1744842 3.2489899 4.8939926 
Vmul_Simscaffold9076_01                                        2.4821117 2.2999806 1.9217784 1.7857772 2.2913155 2.3278512 2.3407972 2.7209446 2.0278761 3.2986035 2.4953150 2.1513964 2.4498736 2.4170306 2.4437937 2.4379326 2.9870768 2.4836925 2.4648929 2.0848537 3.0377208 3.0989948 3.0891567 2.9077894 2.9061919 2.3943348 2.2677132 3.0809950 3.0858902 2.6798732 2.3664010 0.6121036 0.8449511 0.4370577 0.7319312 0.7716633 0.5177194 0.0000000 0.1785723 0.2189064 2.7329489 2.8733601 2.6767272 2.6894106 2.7158303 2.6491553 2.6174890 2.6230490 3.0282813 4.1028893 3.7506786 3.7143393 3.8116051 3.1209487 4.3511073 4.5940715 4.4921414 3.1925730 3.5404517 2.8135995 3.9208110 3.2353895 4.2488945 4.0860180 3.7856416 3.8336732 4.0437686 3.3994668 3.2499104 3.2123793 3.2016579 3.1028130 3.2393758 3.2856946 4.4716046 
Coeast_Cast_sb791320                                           1.9179982 1.6533946 1.9175289 1.9566867 1.9104848 1.9645291 1.9349224 2.2084187 1.9951667 3.0261226 2.2624240 2.1205320 2.1459425 2.1397049 2.2132556 2.0535539 2.2007515 1.8250240 1.9384451 2.2125632 2.4748807 2.4653780 2.0222595 2.5430836 2.3587623 2.3314944 2.0547285 2.8327094 2.8938725 3.4749373 2.0335126 0.7669635 0.6030364 0.5295873 0.6243254 1.6511314 0.7309931 0.1785723 0.0000000 0.0814278 2.1571210 2.5175946 2.3358841 2.2810575 2.2729692 2.3526867 2.2818659 2.3347413 2.3211520 2.7531499 2.4348734 2.5237177 2.5109756 2.3846143 2.7209833 3.0763799 2.8992633 2.7920953 2.4456719 2.2672578 2.9621723 2.6422989 2.8838868 2.7968456 2.8885189 2.6500064 3.1726282 2.3826260 2.4625026 2.5122353 2.5652306 2.5101103 2.7543401 2.3990621 3.1670841 
Coemet_Cmet_scaffold8252_01                                    2.4997764 2.1876183 1.8958563 1.9506096 2.1988771 2.3468446 2.3584844 2.5641306 2.0980780 3.5410795 2.5224014 2.1744706 2.4503762 2.4271475 2.4602956 2.3471917 2.8304401 2.4400697 2.5129557 2.2510288 3.0374697 3.1139275 2.9296240 2.6816574 2.6959595 2.4317250 2.1983786 3.1698246 3.0627735 2.5808550 2.3123943 0.6152889 0.8456761 0.4218091 0.7422597 0.7212463 0.5412933 0.2189064 0.0814278 0.0000000 2.6291426 2.8758666 2.5741868 2.5943519 2.4688595 2.6391299 2.3997294 2.5473954 3.1045330 3.8227748 3.6598279 3.6510923 3.9941518 3.2699616 4.2154938 4.5386030 4.5408763 3.2760811 3.5774059 2.8349818 3.8283088 3.4188186 4.1309801 4.0649751 3.9058393 3.6906290 3.9242418 3.3406681 3.1896716 3.1689187 3.1719403 3.0722700 3.2275378 3.2509369 4.5348885 
Opea_EP00118_Oscarella_pearsei_P014626                         2.1618783 1.8369572 1.8508430 1.6498846 1.9297841 2.0267785 1.9588223 2.0923240 1.4826399 2.8432934 2.1050705 1.5958378 1.9291270 1.9378037 1.9808629 1.7185553 2.0779827 2.1883801 2.1159049 1.6472616 2.5838468 2.5791094 3.0477352 2.2977725 2.2135850 1.7762436 1.8284387 2.3650566 2.3469834 2.5273600 2.2061275 2.3729449 2.5990208 1.7452286 2.5465094 2.6911376 2.1778989 2.7329489 2.1571210 2.6291426 0.0000000 0.8213666 1.9431891 1.9884331 2.1277885 2.1161849 1.8691482 2.1442845 2.4866730 3.5499569 3.4652548 3.6425257 3.7846593 3.0042746 3.9292628 3.5245511 3.4662837 2.6308497 3.0320997 2.3919223 3.1162720 2.8638078 3.5278303 3.5628119 3.4377478 3.5374712 3.1227080 3.2151074 2.9312626 2.9878546 3.0294884 3.0626395 3.1389913 3.3556861 3.8389940 
Plajan_Pjan_C568042_01                                         1.9564034 1.7684278 1.7416639 1.5959926 1.8796012 2.0355186 1.9465477 1.9317564 1.4708004 2.5531680 1.8985313 1.4689277 1.8271768 1.8064604 1.8414623 1.6889446 1.9682524 2.0615169 2.2295689 1.6278862 2.4480809 2.3874121 2.6382615 2.1640341 2.2095132 1.7141101 1.6350708 2.1310828 2.1910762 2.6144635 2.0757369 2.6292472 2.7718323 1.9426115 2.7341130 3.0671756 2.6263847 2.8733601 2.5175946 2.8758666 0.8213666 0.0000000 1.7593668 1.7608228 1.9398821 1.8850312 1.7625531 2.3014028 2.3043979 3.3591897 3.1721557 3.4116702 3.5517925 2.9899037 4.0592402 3.4046256 3.3257101 2.8419006 3.0983555 2.5106382 3.3714861 2.9693105 3.4088839 3.7645945 3.5883232 3.2439411 3.1250598 3.3307909 3.1247935 3.1284502 3.1541146 3.1531577 3.2948139 3.5320421 3.3640215 
Scil_scict014274.1                                             2.3428956 2.0787058 1.8925370 1.6505117 2.0417699 2.1559327 2.0922051 2.2920618 1.6728316 3.0349903 2.4008125 1.8535623 2.3364899 2.2125736 2.2062909 2.0212697 2.5956523 2.4024808 2.2852980 2.0181065 2.7445132 2.7750749 2.8975646 2.5903589 2.6088936 1.9720201 1.8683439 2.7431543 2.6949627 2.8325266 2.5078142 2.3986564 2.6141983 1.9570980 2.5348943 2.1789229 2.2296348 2.6767272 2.3358841 2.5741868 1.9431891 1.7593668 0.0000000 0.3156037 0.3444174 0.5061744 0.7617430 2.5509030 2.7250765 3.9741086 3.8277544 4.2331658 3.7899177 3.3211062 4.2462915 3.9182016 3.7669626 3.3230647 3.6959340 3.1332749 3.7974900 3.0613829 3.9691058 4.2305073 3.5190201 3.6080277 3.5903884 3.2015096 3.0361992 3.0825302 3.0950048 3.0295300 3.1746792 3.3946189 3.9923550 
Leuniv_Lniv_C815064_01                                         2.3522923 2.0751929 1.9350118 1.7995681 2.2052324 2.2897120 2.0538231 2.2323821 1.6955189 3.0254900 2.4274642 1.7974870 2.2343514 2.1765690 2.1847071 1.8781899 2.4022191 2.4425563 2.2890805 2.1323657 2.7854250 2.8447081 2.9261497 2.6335935 2.6966014 2.0683043 1.9341993 2.6958094 2.6160836 2.9210022 2.5664568 2.3073426 2.6251593 1.8636225 2.5834794 2.1005808 2.1382127 2.6894106 2.2810575 2.5943519 1.9884331 1.7608228 0.3156037 0.0000000 0.3999391 0.5302316 0.7561767 2.5221791 2.6397211 4.0160368 3.8501277 4.3008989 3.6876309 3.2585768 4.2159800 3.8622650 3.7832071 3.2383224 3.5460166 3.1305048 4.0767374 3.0320828 3.7969148 4.1579260 3.7753415 3.5172980 3.6627697 2.9556723 2.8434877 2.8941871 2.9284634 2.9349462 3.0821803 3.1718117 3.8264167 
Gracom_Gcom_scaffold10259_01                                   2.5139011 2.2722080 1.8102711 1.7131016 2.2215897 2.3062960 2.1756099 2.3154439 1.6948231 3.1453702 2.3539331 1.8693958 2.3293993 2.2714756 2.2846906 2.0204741 2.4654686 2.5787707 2.4319570 2.0886469 2.9623091 2.8938844 3.1270954 2.7107856 2.7977948 2.0110894 1.7549467 2.8215533 2.7513617 3.0814417 2.6366528 2.1885910 2.5917093 1.8885887 2.3394863 2.2612089 2.1793632 2.7158303 2.2729692 2.4688595 2.1277885 1.9398821 0.3444174 0.3999391 0.0000000 0.6000995 0.8141169 2.6546790 2.7157589 4.0724670 3.7548044 4.2865952 3.7624990 3.3675167 4.3781782 3.7972220 3.6920927 3.2925761 3.6428162 3.1536111 3.8122864 3.0318102 3.9101698 4.1660751 3.5894554 3.6563560 3.6586704 3.1393797 2.9758492 3.0634857 3.0208947 3.0362775 3.1702243 3.3780011 3.9918976 
Lcom_lcpid40056                                                2.5432778 2.3379414 2.1290910 1.9369347 2.3187409 2.4732677 2.3134524 2.4559638 2.0510557 3.3950517 2.5694698 2.1261380 2.5577084 2.4453802 2.4634815 2.0804762 2.5485906 2.5834503 2.5134860 2.0567733 2.9201778 2.9036074 3.1012069 2.7957449 2.8087932 2.4125360 1.8898204 2.6365005 2.6253601 3.2301066 2.5889168 2.5998871 2.8447895 2.1437794 2.7005730 2.8478814 2.4703553 2.6491553 2.3526867 2.6391299 2.1161849 1.8850312 0.5061744 0.5302316 0.6000995 0.0000000 0.9444861 2.7087194 2.7402394 3.9002358 3.9372808 4.5061253 3.8024948 3.3533647 4.3748244 3.9704301 3.9376524 3.2019637 3.5556896 3.1103736 3.8563332 3.2549745 3.7926172 4.2166377 4.0000992 3.6476659 3.8872113 3.2791729 3.1826123 3.2728310 3.2830181 3.2558054 3.4428711 3.5870969 4.1643232 
Clacor_Ccor_scaffold1995_01                                    2.1185359 1.8447412 1.5326166 1.4617042 1.9851040 1.9175780 1.9511105 1.9945979 1.4760047 2.9123804 2.1738583 1.6522293 2.1696827 2.1393921 2.1495962 1.7507411 2.0751644 2.0775508 2.0697292 1.8346243 2.5636903 2.6099094 2.5978989 2.2161706 2.2792553 1.8501120 1.4153168 2.3123818 2.3235024 2.6267729 2.0575720 2.1799825 2.5446804 1.8927995 2.4807486 2.1277007 2.1194049 2.6174890 2.2818659 2.3997294 1.8691482 1.7625531 0.7617430 0.7561767 0.8141169 0.9444861 0.0000000 2.1503660 2.5254287 3.7879312 3.6030666 3.9822108 3.6926238 3.0491618 3.9075346 3.4669045 3.6361519 3.0255976 3.2811686 2.7547789 3.9595106 2.8005141 3.4908378 3.6942357 3.7021312 3.5483195 3.4947265 3.2741836 3.0623229 3.0570661 3.0691373 3.0368131 3.2184631 3.4135602 3.9776877 
Morvir_scaffold5.g88.t1                                        1.8100529 1.6142952 1.1816228 1.3218030 1.8472400 1.8872845 1.8158134 1.8398706 1.1734799 2.7806492 1.9111838 1.4549902 1.7356578 1.7268701 1.8079030 1.5324011 1.9287605 1.7951286 1.8763760 0.8037490 1.9183177 1.9119144 2.1577934 2.8213339 2.9517087 2.0073016 1.8806826 2.6754270 2.7316015 1.5528572 1.2561327 2.3085352 2.6562757 1.9132981 2.6412551 2.5212816 2.2277026 2.6230490 2.3347413 2.5473954 2.1442845 2.3014028 2.5509030 2.5221791 2.6546790 2.7087194 2.1503660 0.0000000 2.5992946 4.1053878 3.7645658 3.8268820 4.3250043 3.3603439 3.9948067 4.0736291 4.3210320 2.9596062 4.3091978 2.6702878 3.7742821 3.4186798 4.0296178 4.5415334 4.1607438 3.8768622 3.9661168 3.1934782 3.1846704 3.1323723 3.1294647 3.0685107 3.0630672 3.3685379 5.4937060 
Plespi_Pspi_scaffold3072_01                                    2.5550527 2.3925253 2.1471577 2.0211726 2.5021524 2.5059028 2.4566903 2.5455394 2.1784089 3.0408256 2.5518543 2.2676826 2.4965088 2.4923147 2.5992758 2.7057936 3.0278911 2.6508236 2.6462134 2.0086288 3.1017726 3.1317066 3.3795195 1.8535197 1.7542990 1.2554329 1.7629056 1.6614723 1.6406902 3.3606104 2.3950442 3.1507941 2.9341993 2.2049846 2.9582668 3.6784277 2.9808880 3.0282813 2.3211520 3.1045330 2.4866730 2.3043979 2.7250765 2.6397211 2.7157589 2.7402394 2.5254287 2.5992946 0.0000000 4.1901325 3.8532566 3.8702851 4.0041896 3.1326611 4.3911917 4.3440265 4.3618744 2.9776822 3.6845852 3.0540585 3.9416688 3.3017119 3.9033026 4.1149021 4.2065081 4.1511197 3.7014645 3.0214960 2.7627519 2.9376968 2.9413712 2.9108848 3.0705202 3.2196388 4.2470743 
