69
Hsap_ENST00000219066                                   0.0000000 1.1405812 1.2372397 1.4204024 1.3213726 1.2917888 1.2582112 1.3842601 0.7179461 1.6639306 1.4038781 1.6037553 1.6239795 1.6264692 1.3717323 0.8973334 1.5461594 1.0210080 1.3937998 1.4347057 1.3050590 1.3396824 1.4071507 1.5062187 1.2647637 1.3168568 1.4034857 1.5442705 1.6869691 1.6136526 1.5939141 1.6109915 2.0005205 1.5827545 1.2090171 1.2090171 1.7195767 1.6888586 1.7993007 1.3579384 1.6710158 1.4626840 1.1020445 1.9968245 2.0796654 2.1297322 2.2364996 2.1737206 1.3708727 1.6715547 1.8357878 1.4679343 1.3678399 1.4904980 2.3083053 1.9858261 2.3612564 5.5000602 5.1435014 4.3695731 4.8290435 4.5151488 3.5977623 3.6881697 3.8985173 2.1134599 3.2318494 1.6681322 1.6514116 
Bralan_BLAG09000256_1                                  1.1405812 0.0000000 1.1338963 1.1393942 1.2164824 1.2527095 1.0862449 1.1282739 0.5108019 1.3393171 1.2762977 1.3511115 1.3737056 1.3277254 1.2061572 0.7644069 1.2065278 1.0788695 1.2481863 1.7041163 1.1609570 1.4602411 1.4646088 1.2249322 1.1691394 1.2927249 1.5074308 1.5201561 1.5215096 1.4650785 1.4541103 1.5175931 1.9512648 1.5111266 1.3174953 1.3174953 1.4792234 1.7776812 1.7869213 1.4786595 1.7796119 1.6236430 1.3134691 2.2685086 2.1554759 2.4408661 2.3046969 2.2819531 1.7472051 1.7538500 2.4190561 1.9888586 1.5179721 1.3623282 2.4063744 1.4136814 1.9539583 4.6874581 5.1312248 4.8822879 4.9707633 4.0766910 3.0586625 3.1251685 3.4424717 1.6350050 3.4447127 1.9220292 2.5601773 
Spur_XM_788576.5                                       1.2372397 1.1338963 0.0000000 1.1842902 1.2695641 1.2302337 1.1778698 1.0680265 0.5099555 1.4022982 1.2062433 1.3403272 1.3953049 1.4309740 1.2310623 0.7311130 1.2246228 0.8781845 1.1664208 1.8684293 0.9767581 1.4685092 1.3406849 1.3625217 1.1709060 1.3377646 1.3545982 1.3981095 1.5758645 1.5428737 1.5503393 1.5841411 2.0238941 1.5419980 1.3902340 1.3902340 1.3771057 1.7497971 1.5429877 1.6832505 1.9418433 1.7811821 1.1699652 2.0514063 1.8426603 2.4356523 2.5968163 2.4680805 1.7365744 1.7678608 2.2839712 1.7940621 1.3003129 1.3507986 2.5399776 1.7378963 2.2737072 4.6209904 5.3963607 4.8692788 5.4779680 5.2107014 3.1418687 3.2104938 3.4730435 1.9897182 4.0653567 1.7330113 2.2800488 
Exapal_XM_021044497.2                                  1.4204024 1.1393942 1.1842902 0.0000000 0.9007466 0.8240081 0.7962525 0.7710080 0.4432997 1.0202496 0.9530458 0.9385196 1.0281671 1.0784246 1.1716479 0.8467975 1.1105995 0.9152933 1.3284863 1.7309967 1.1271436 1.4253668 1.4559201 1.1131056 1.1413761 1.3020529 1.4388423 1.4971073 1.4875874 1.4185414 1.4296863 1.5726651 1.8471416 1.5448672 1.4376710 1.4376710 1.5483269 1.4193797 1.2843158 1.7685887 1.7463663 1.7691947 1.4408441 2.2885430 1.9723492 2.4648750 2.5024756 2.2244923 1.6861675 1.5928899 1.8357089 1.6083997 0.9568651 1.4450535 2.3700266 1.5124851 1.6082599 4.3748725 4.6485559 4.3202799 4.7778870 5.2694661 2.3648952 2.4341219 3.0322151 1.9918969 3.8328655 1.5493290 1.9007900 
Nvec_v1g137807                                         1.3213726 1.2164824 1.2695641 0.9007466 0.0000000 0.9469111 0.9314000 0.9089610 0.4053725 1.0122326 1.0460511 1.1749718 1.2846450 1.2550994 1.1778402 0.8095959 1.3001286 0.9332651 1.3288660 1.5077589 1.0792793 1.4037867 1.4249833 1.2906723 1.3010343 1.4472207 1.6813290 1.7375250 1.5915523 1.5216666 1.5261927 1.5332969 1.9632437 1.5903566 1.5255493 1.5255493 1.7139264 1.4025153 1.3827534 2.0364583 2.1495051 1.8015582 1.0424076 2.2968723 1.9849562 2.3715113 2.5712183 2.3336220 1.6216956 1.7272509 1.9371591 1.6498117 1.1194829 1.3496463 2.6316755 1.5605865 2.0027055 5.0007427 5.2333290 4.5053145 5.6061724 6.1176679 2.7800226 2.8547885 3.0931998 1.8470953 4.2897612 1.8267224 2.1173544 
Amil_Amillepora14828-RA                                1.2917888 1.2527095 1.2302337 0.8240081 0.9469111 0.0000000 0.2592731 0.4183679 0.2003162 0.5721895 0.9080729 1.0164579 1.0654186 1.0774060 1.0762412 0.9611822 1.3572451 1.1467531 1.2606821 1.7955072 1.0621162 1.5306077 1.5033478 1.2776308 1.1881153 1.2927721 1.4290645 1.4667021 1.3359560 1.3281022 1.3322427 1.5128180 1.7753611 1.3984425 1.4636978 1.4636978 1.4078399 1.4578377 1.2822989 1.7788185 1.9900769 1.6286248 1.1257152 2.3544967 2.1157674 2.5350983 2.4816363 2.3303931 1.8964448 1.8557842 2.2543639 1.8930099 0.6158346 1.4242810 2.5271762 1.6668902 1.8377814 4.8607405 5.4660806 4.2311512 5.1641458 5.2073231 2.7125128 2.7758952 3.1730644 2.1148570 3.5611577 1.8269259 2.0602236 
Gfas_gfas1.m1.17085.m1                                 1.2582112 1.0862449 1.1778698 0.7962525 0.9314000 0.2592731 0.0000000 0.2451262 0.1067561 0.4051898 0.8182239 0.8017458 0.8648133 0.8451478 0.8778818 0.8949395 1.1467835 1.0875177 1.1495026 1.5300748 0.9900758 1.3924371 1.4068891 1.1546600 1.0879587 1.1646706 1.2382541 1.3106583 1.2161457 1.1992358 1.2065311 1.3243737 1.6569152 1.3702219 1.3296312 1.3296312 1.3678735 1.4009793 1.1110525 1.4820599 1.6462426 1.4617946 1.1572414 2.1689412 1.8763236 2.3299684 2.5441762 2.1222096 1.6132343 1.7055660 2.2007056 1.8568761 0.5667721 1.3150844 2.2186644 1.4132514 1.6157357 4.5350522 4.9976888 4.3482702 4.6413337 4.8042797 2.8176483 2.8837633 3.2868282 1.7059959 3.4092061 2.0647342 2.4213013 
Gasp_gasp1.m3.30493.m1                                 1.3842601 1.1282739 1.0680265 0.7710080 0.9089610 0.4183679 0.2451262 0.0000000 0.1021298 0.2505769 0.8318089 0.9153156 0.9112574 0.9505591 0.9859093 0.8900036 1.1781144 1.1059176 1.0968058 1.7221964 1.0793875 1.3580129 1.3745271 1.1869047 1.1798638 1.2652608 1.2512569 1.3188396 1.2376652 1.2720268 1.2820862 1.3648658 1.6117048 1.5888282 1.4220202 1.4220202 1.4136681 1.3793663 1.1380692 1.5727314 1.7866534 1.5506596 1.2271358 2.3005229 2.0053077 2.3594913 2.5797982 2.2786412 1.9071797 1.6750779 2.2617250 1.8890097 0.5340277 1.4318716 2.4539857 1.4483499 1.5870623 4.4475135 5.3891928 4.5641084 4.9179331 4.8206142 2.6785458 2.7487188 3.2218516 1.9367741 3.4987539 2.3469944 2.6166738 
Spis_XP_022810376_1                                    0.7179461 0.5108019 0.5099555 0.4432997 0.4053725 0.2003162 0.1067561 0.1021298 0.0000000 0.1155094 0.4156633 0.5021777 0.5898633 0.5762515 0.4763713 0.6263404 0.6216301 0.7019536 0.6078160 0.9235506 0.8577022 0.8239785 0.9036360 0.6559805 0.6369520 0.7920443 0.7979055 0.7979055 0.7117262 0.7228254 0.7228254 0.7135413 0.7257760 0.8143507 0.8974143 0.8974143 0.8630969 0.8250434 0.6879213 0.9453681 0.8916799 0.9921252 1.3077432 1.5232895 1.4203299 1.2769539 1.3620239 1.3747172 1.5209154 1.0795731 1.4175946 1.4376633 0.5184372 1.1204659 1.4664456 0.6393640 0.7283834 2.7351232 3.2333277 2.6751861 2.5374316 3.0051510 1.6237367 1.7349193 1.6064868 0.0000010 2.9514810 1.3604852 1.4943420 
Fspp_ffun1.m4.24294.m1                                 1.6639306 1.3393171 1.4022982 1.0202496 1.0122326 0.5721895 0.4051898 0.2505769 0.1155094 0.0000000 1.1564114 1.1579638 1.1567257 1.1501261 1.1514571 1.0447371 1.4091114 1.2359298 1.3340825 2.0080695 1.4111826 1.6455064 1.6588442 1.5044020 1.4970558 1.4342616 1.6233441 1.6973740 1.5858964 1.6264522 1.6400615 1.7366989 1.6663045 1.7275721 1.5938362 1.5938362 1.3519293 1.5788706 1.4883748 1.8688997 2.0102669 1.8113287 1.6000865 2.6037943 2.1898692 2.3161413 2.6620778 2.5105105 2.0708395 1.9793029 2.4000963 2.1055900 1.0605666 1.6621801 2.8313470 1.5158889 2.2039148 4.0554897 4.5425545 4.2080104 4.4978515 4.8114206 2.5414812 2.6081782 3.1295182 2.0256203 3.6802402 2.5450654 2.5982413 
Dgig_XM_028551897.1                                    1.4038781 1.2762977 1.2062433 0.9530458 1.0460511 0.9080729 0.8182239 0.8318089 0.4156633 1.1564114 0.0000000 1.1481619 1.2234086 1.1976899 0.4892320 1.0393706 1.2670807 1.2231142 1.1966291 1.9333339 1.1802934 1.4564880 1.4606125 1.2606640 1.2923954 1.2166159 1.4863283 1.5272692 1.5302423 1.6192931 1.6350601 1.5217500 1.9678138 1.5345436 1.4385653 1.4385653 1.3659434 1.3417425 1.3887286 2.1489314 1.9433901 1.8089946 1.3779245 2.3559322 1.8134288 2.3701609 2.2547617 2.1718659 1.7857334 1.7022458 1.9786752 2.0103338 1.0017126 1.2543068 2.2523142 1.6538421 1.7102259 4.6456066 5.2680219 4.2106250 5.1913609 4.5391218 2.6883496 2.7552811 3.0216663 2.0543447 3.6515846 1.4358484 1.6488176 
Aaur_scaffold890.g15.t2                                1.6037553 1.3511115 1.3403272 0.9385196 1.1749718 1.0164579 0.8017458 0.9153156 0.5021777 1.1579638 1.1481619 0.0000000 0.6096431 0.5332208 1.1782042 0.8563765 1.4090847 1.1878157 1.3574006 1.5431010 1.1896547 1.3725874 1.6295486 1.2798574 1.3176583 1.3675128 1.5549077 1.5725158 1.5722488 1.5913956 1.6082373 1.6757478 2.0914900 1.3476485 1.5646578 1.5646578 1.6979857 1.4343033 1.2623765 1.7703186 1.9419415 1.6803568 1.5386162 2.7603811 2.3078522 2.4572228 2.5325540 2.4936986 2.0938408 2.0451824 2.2827388 2.1584501 1.2282771 1.6125260 2.5509529 1.5767385 1.5828976 4.9066501 4.9729872 4.5759206 5.7350261 5.4899423 2.7538949 2.8184552 2.8780551 2.9391757 3.4176688 1.5922332 1.8871206 
Nemnom_g9154.t1                                        1.6239795 1.3737056 1.3953049 1.0281671 1.2846450 1.0654186 0.8648133 0.9112574 0.5898633 1.1567257 1.2234086 0.6096431 0.0000000 0.2321959 1.2286343 0.9377670 1.3224605 1.3136795 1.3958430 1.5380950 1.1586287 1.5021683 1.5087950 1.3864031 1.2599341 1.3581892 1.5231341 1.5445628 1.6077956 1.5290976 1.5599828 1.5798746 2.0689918 1.4264904 1.3693064 1.3693064 1.6655499 1.1978767 1.2068821 1.7575510 1.8739877 1.5408072 1.5122171 2.3940987 2.2617882 2.5476865 2.7302992 2.5371038 2.0260854 1.7985086 2.0027131 1.8917907 1.2071753 1.4408693 2.4997306 1.6894794 1.4794884 5.1861108 5.4467926 4.7406899 5.3597446 5.1721378 2.6617270 2.7315823 3.5740676 2.0620011 3.2861912 1.4756246 1.7863324 
Rhoesc_Res_014121-T1                                   1.6264692 1.3277254 1.4309740 1.0784246 1.2550994 1.0774060 0.8451478 0.9505591 0.5762515 1.1501261 1.1976899 0.5332208 0.2321959 0.0000000 1.1816560 0.8825575 1.3691392 1.2011323 1.3303564 1.5135325 1.1577777 1.4319045 1.5109195 1.3826982 1.2663576 1.4452526 1.5100007 1.5311624 1.6345575 1.5659528 1.5976079 1.5635413 2.1154183 1.5133385 1.3377473 1.3377473 1.6917699 1.2266686 1.2576107 1.5893875 1.7872484 1.4145159 1.5211967 2.5417211 2.2875070 2.5422326 2.9076417 2.6513131 2.0339152 1.8118478 2.0742985 2.0131829 1.2433456 1.5169923 2.5605636 1.6856732 1.4611243 4.8282565 5.8676595 4.7895393 6.0022968 5.6175164 2.7226719 2.8209282 3.4375805 2.2842313 3.3396506 1.4702264 1.7381140 
Xesp_014979-T1                                         1.3717323 1.2061572 1.2310623 1.1716479 1.1778402 1.0762412 0.8778818 0.9859093 0.4763713 1.1514571 0.4892320 1.1782042 1.2286343 1.1816560 0.0000000 0.9434989 1.3436950 1.0422570 1.2782043 1.8023109 1.2508073 1.5476178 1.6087212 1.2747006 1.2558243 1.2080347 1.3848833 1.4467529 1.3879455 1.5274940 1.5438232 1.4748545 1.9182093 1.5063315 1.3947498 1.3947498 1.5296025 1.5028561 1.5550238 1.8945447 1.9782820 1.9120361 1.3427656 2.3151040 2.0811317 2.2676358 2.2929009 2.1978764 1.7157304 1.6491483 1.9973974 1.8712088 1.2888972 1.3820618 2.2328403 1.7349994 1.9373068 4.6551073 5.3099534 4.9186904 5.0285765 5.0028341 3.0462549 3.1168131 2.8990998 2.1490357 3.6902812 1.6381285 2.0074849 
Skow_XM_002733082.2                                    0.8973334 0.7644069 0.7311130 0.8467975 0.8095959 0.9611822 0.8949395 0.8900036 0.6263404 1.0447371 1.0393706 0.8563765 0.9377670 0.8825575 0.9434989 0.0000000 0.7121833 0.7715655 0.7635980 1.2073858 0.9344560 0.9852021 1.0669179 0.8260905 0.6869107 1.0798362 0.8782705 0.8782705 0.9443467 0.8985197 0.8985197 0.9142900 1.2629474 0.8856185 1.0119145 1.0119145 0.9562024 1.1370316 0.9853304 1.1574479 1.1665148 1.2937645 1.3036227 1.7991635 1.8628626 1.6129966 1.5259017 1.5530117 1.4685968 1.2711378 1.4672781 1.2094897 1.4312268 1.6675100 1.7501922 0.6712243 1.1567342 3.4155183 4.0107812 3.5523941 3.2112874 3.6839849 1.4571086 1.5275257 1.7224659 0.7517541 3.9155937 1.6978737 2.0901401 
Acagra_model.g3924.t1_model.g3926.t1                   1.5461594 1.2065278 1.2246228 1.1105995 1.3001286 1.3572451 1.1467835 1.1781144 0.6216301 1.4091114 1.2670807 1.4090847 1.3224605 1.3691392 1.3436950 0.7121833 0.0000000 0.7567849 1.0246390 1.8313779 1.2621208 1.4893049 1.4468386 1.1127700 1.3148492 1.3962531 1.3671707 1.4572711 1.4872906 1.4644407 1.4545405 1.4703392 1.9494596 1.4864197 1.5250652 1.5250652 1.4887708 1.8016866 1.7466065 1.6138267 1.6853793 1.6310389 1.5125966 2.2696507 2.1191583 2.4820508 2.4812287 2.1402464 1.8027618 1.7268564 2.1495105 1.7494156 1.5328355 1.7535048 2.0364587 1.4316668 2.0616401 4.5808684 5.2220286 4.8323174 4.8974331 5.4280851 2.7128113 2.7815493 2.7970109 1.9088056 4.3864924 1.8463156 1.9333408 
Ctel_gnl_WGS_AMQN_CAPTEDRAFT_mRNA25579                 1.0210080 1.0788695 0.8781845 0.9152933 0.9332651 1.1467531 1.0875177 1.1059176 0.7019536 1.2359298 1.2231142 1.1878157 1.3136795 1.2011323 1.0422570 0.7715655 0.7567849 0.0000000 0.6463578 1.4513054 1.1815948 1.1024405 1.1534302 0.8109430 0.9919696 1.3028995 1.0096945 1.0096945 0.9404762 0.9605944 0.9605944 0.9456186 1.2885554 1.3191350 1.2271704 1.2271704 1.3204469 1.2477459 1.2420370 1.5114866 1.5540628 1.4463418 1.4803654 2.3912480 2.1372925 1.6858161 1.6322097 1.7281761 1.6638893 1.3814576 1.5470722 1.5217102 1.4913117 1.3779197 1.5352690 1.0936951 1.3430887 3.5991626 4.1024935 3.7154265 4.5593424 4.4318082 1.9600245 2.0362568 2.5128518 1.3101101 3.7843082 1.7479872 2.1722457 
Cgig_XM_011454073.3                                    1.3937998 1.2481863 1.1664208 1.3284863 1.3288660 1.2606821 1.1495026 1.0968058 0.6078160 1.3340825 1.1966291 1.3574006 1.3958430 1.3303564 1.2782043 0.7635980 1.0246390 0.6463578 0.0000000 1.6577011 1.1341157 1.4738280 1.5718435 1.2548939 1.2060843 1.3950388 1.1942282 1.2242280 1.3597938 1.2820626 1.2966167 1.3091869 1.7015563 1.5691926 1.2137981 1.2137981 1.4088094 1.6433919 1.3900316 1.3977113 1.5619704 1.5629720 1.3002427 2.6673174 1.9423612 2.3281756 2.2634746 2.3570512 1.8073374 1.5512028 2.1236695 1.7107689 1.5521670 1.6219847 2.2806365 1.2356964 2.1323256 4.6328957 5.2543245 4.7845088 6.1234077 5.2121190 2.7264045 2.7898947 3.3665549 1.7268959 4.0139408 1.8044783 2.1403034 
Aque_Aqu2.1.35543_001                                  1.4347057 1.7041163 1.8684293 1.7309967 1.5077589 1.7955072 1.5300748 1.7221964 0.9235506 2.0080695 1.9333339 1.5431010 1.5380950 1.5135325 1.8023109 1.2073858 1.8313779 1.4513054 1.6577011 0.0000000 0.6566752 1.3800996 1.5122428 1.9732817 1.5157087 1.3609560 1.8676516 1.8980778 1.8881108 1.8334849 1.8704681 1.8707990 2.2115612 2.0782555 1.3094260 1.3094260 1.6511055 1.8989460 1.7655430 1.8274414 1.7622421 1.8122494 1.3486931 2.6065169 2.0695084 1.9308987 2.2295682 2.0890874 1.4462661 1.7995414 2.1129222 2.0309621 1.6360883 1.2662114 2.4496341 2.1472049 2.0598879 4.3843579 4.2358933 4.6867908 4.6569648 4.6858099 3.5525231 3.6357513 4.6496893 1.9034426 3.4611924 1.3562054 1.3713385 
Halamb_c47284_g1_i3mm.2216                             1.3050590 1.1609570 0.9767581 1.1271436 1.0792793 1.0621162 0.9900758 1.0793875 0.8577022 1.4111826 1.1802934 1.1896547 1.1586287 1.1577777 1.2508073 0.9344560 1.2621208 1.1815948 1.1341157 0.6566752 0.0000000 0.8580690 0.8876073 1.4952470 1.3240222 1.0150950 1.0140278 1.0140278 1.1796004 1.0360744 1.0368591 1.1050973 1.4771497 1.2771258 1.1657908 1.1657908 1.4210275 1.2311631 1.2833094 1.2304385 1.3259524 1.3671585 1.1624025 1.8319634 1.7061087 1.4340801 1.6015727 1.3606209 1.3035432 1.4537845 1.5806540 1.5083173 1.2901965 1.0891582 1.8416873 1.4433094 1.7733812 3.1927228 3.5500299 3.2159210 4.0283909 3.8234602 2.7120097 2.8120767 3.2988759 0.5785620 3.2851427 1.2439532 1.4505736 
Emue_Em0017g160a.t1                                    1.3396824 1.4602411 1.4685092 1.4253668 1.4037867 1.5306077 1.3924371 1.3580129 0.8239785 1.6455064 1.4564880 1.3725874 1.5021683 1.4319045 1.5476178 0.9852021 1.4893049 1.1024405 1.4738280 1.3800996 0.8580690 0.0000000 0.4011543 1.5012270 1.2058984 1.2543313 1.6051756 1.6205570 1.6238587 1.6995364 1.6861475 1.6664655 1.9559106 1.8154975 1.4716385 1.4716385 1.4336243 1.9667605 1.7002635 1.8215803 2.0552451 1.6664286 1.2097107 2.5557347 1.9177684 1.9164619 2.4676112 1.9719718 1.6530740 1.5065564 1.9910226 2.0830181 1.6522123 0.9067235 2.2115986 1.7862133 2.5509897 4.5007591 4.3666598 4.7046287 5.9279973 4.9139583 3.0004650 3.0778008 3.1530625 1.5297293 3.8543966 1.7376400 1.8526739 
Spolac_c92307_g1_i2_m.7704c112960-g1                   1.4071507 1.4646088 1.3406849 1.4559201 1.4249833 1.5033478 1.4068891 1.3745271 0.9036360 1.6588442 1.4606125 1.6295486 1.5087950 1.5109195 1.6087212 1.0669179 1.4468386 1.1534302 1.5718435 1.5122428 0.8876073 0.4011543 0.0000000 1.7059609 1.4523212 1.2107425 1.7378644 1.7504776 1.6496044 1.7518369 1.7546408 1.6973623 1.9892343 1.8381919 1.5657838 1.5657838 1.3660718 1.8898948 1.6469932 1.8005767 1.8006377 1.9587965 1.3744411 2.2390080 1.9022758 2.3380616 2.6398350 2.0319014 1.8319680 1.5933836 1.7362432 2.0826995 1.5885344 0.9819295 2.3518354 1.9792178 2.5632398 4.5153618 4.3893120 4.8468472 5.4638302 5.2050133 2.7036263 2.7883561 3.1718909 1.3098353 3.8469826 1.4528041 1.5790093 
Tcas_TC005819_001                                      1.5062187 1.2249322 1.3625217 1.1131056 1.2906723 1.2776308 1.1546600 1.1869047 0.6559805 1.5044020 1.2606640 1.2798574 1.3864031 1.3826982 1.2747006 0.8260905 1.1127700 0.8109430 1.2548939 1.9732817 1.4952470 1.5012270 1.7059609 0.0000000 1.2154271 1.5801758 1.4473840 1.4604295 1.4841511 1.4376109 1.4292024 1.5473422 1.9611055 1.2757560 1.5417196 1.5417196 1.7102928 1.5833832 1.4521177 1.4151261 1.6428324 1.6521003 1.5943691 2.5620872 2.1524669 2.3145854 2.0527109 2.0861961 1.8044609 1.8539459 1.8458898 1.7600178 1.4060721 1.6252399 2.2521923 1.6825286 2.0814318 4.6939735 5.4197936 4.9596564 5.3689691 5.1345839 2.6817682 2.7681569 2.8560461 1.9695128 3.4198603 1.6158290 1.7696208 
Cscu_XM_023373405.1                                    1.2647637 1.1691394 1.1709060 1.1413761 1.3010343 1.1881153 1.0879587 1.1798638 0.6369520 1.4970558 1.2923954 1.3176583 1.2599341 1.2663576 1.2558243 0.6869107 1.3148492 0.9919696 1.2060843 1.5157087 1.3240222 1.2058984 1.4523212 1.2154271 0.0000000 1.5752751 1.1704246 1.2355050 1.2925664 1.2809901 1.2738631 1.2801944 1.6882831 1.4522093 1.2455897 1.2455897 1.4659961 1.6851082 1.6802959 1.3475369 1.6841998 1.5624765 1.3704873 2.1773231 2.1650152 2.0813520 2.1670981 2.3553922 1.5280010 1.5831294 1.9559803 1.4858335 1.5350645 1.4388844 2.0312945 1.5267916 2.1779026 4.8456772 4.7789784 4.1536615 5.2906216 4.9690808 3.1705690 3.2527427 2.8335634 1.6752607 3.4936714 1.5001198 1.6705106 
Plespi_Pspi_C600802_01                                 1.3168568 1.2927249 1.3377646 1.3020529 1.4472207 1.2927721 1.1646706 1.2652608 0.7920443 1.4342616 1.2166159 1.3675128 1.3581892 1.4452526 1.2080347 1.0798362 1.3962531 1.3028995 1.3950388 1.3609560 1.0150950 1.2543313 1.2107425 1.5801758 1.5752751 0.0000000 1.4308850 1.4612387 1.5658378 1.3987140 1.3948929 1.4329176 1.9489842 1.5986016 1.4806613 1.4806613 1.7158517 1.5749085 1.5486249 1.5235710 1.5017190 1.5182912 1.3979841 2.4943750 2.3087058 2.1415010 2.2044235 2.0995827 1.8185803 1.8911072 2.0560784 2.1335297 1.5493382 1.3110583 2.5899373 2.0162893 2.1247607 4.6998075 4.9847106 5.0808114 5.0521932 4.5999623 2.8177734 2.8954452 3.1943951 1.3877805 3.0671341 1.3813363 1.6408167 
Tadh_TriadT21050                                       1.4034857 1.5074308 1.3545982 1.4388423 1.6813290 1.4290645 1.2382541 1.2512569 0.7979055 1.6233441 1.4863283 1.5549077 1.5231341 1.5100007 1.3848833 0.8782705 1.3671707 1.0096945 1.1942282 1.8676516 1.0140278 1.6051756 1.7378644 1.4473840 1.1704246 1.4308850 0.0000000 0.0000010 0.3879311 0.3493986 0.3533914 0.3490602 0.6464787 1.7563345 1.3030055 1.3030055 1.7442489 1.8710808 1.6474365 1.8182367 1.9364580 1.8219602 1.5477033 2.5801785 2.3181629 2.4248989 2.4156142 2.5709260 1.7212196 1.8339729 2.1719009 1.6053783 1.3986043 1.6863814 2.2537983 1.5186342 2.0315635 5.2819657 5.9112867 5.3666604 5.7381082 4.8778988 3.1851644 3.2720218 3.4244675 1.8742255 3.3230329 1.7531663 2.0545479 
TrH2_TrispH2_002344-RA                                 1.5442705 1.5201561 1.3981095 1.4971073 1.7375250 1.4667021 1.3106583 1.3188396 0.7979055 1.6973740 1.5272692 1.5725158 1.5445628 1.5311624 1.4467529 0.8782705 1.4572711 1.0096945 1.2242280 1.8980778 1.0140278 1.6205570 1.7504776 1.4604295 1.2355050 1.4612387 0.0000010 0.0000000 0.4199969 0.3756532 0.3795888 0.3813095 0.6857245 1.8531361 1.3030055 1.3030055 1.7797508 1.8874098 1.6710978 1.8182367 1.9523757 1.8386626 1.5477033 2.6069401 2.3181629 2.5005221 2.4712713 2.6206385 1.7212196 1.8472005 2.1719009 1.6242916 1.4098091 1.6863814 2.2814819 1.5608997 2.0425145 5.5718604 6.3220406 5.3666604 5.7134621 4.8572304 3.4447204 3.5326657 3.4506624 2.2955099 3.3230329 1.7531663 2.0545479 
HoiH06_mRNA4113                                        1.6869691 1.5215096 1.5758645 1.4875874 1.5915523 1.3359560 1.2161457 1.2376652 0.7117262 1.5858964 1.5302423 1.5722488 1.6077956 1.6345575 1.3879455 0.9443467 1.4872906 0.9404762 1.3597938 1.8881108 1.1796004 1.6238587 1.6496044 1.4841511 1.2925664 1.5658378 0.3879311 0.4199969 0.0000000 0.1645766 0.1633563 0.2207527 0.2179375 2.0365453 1.5204688 1.5204688 2.0030702 1.7375839 1.8817782 1.7134647 2.0628706 1.8568639 1.5119847 2.6076052 2.5004675 2.6431385 2.5348105 2.7149584 1.7726943 1.8520596 1.9340687 1.7654327 1.1647725 1.4997839 2.1979151 1.7760259 2.2130671 5.4655398 6.4336188 4.9871175 6.4490307 4.8977282 3.5233334 3.6132934 3.9395297 2.0944382 3.0117630 1.5939565 1.8179051 
Hhon_g01495.t1                                         1.6136526 1.4650785 1.5428737 1.4185414 1.5216666 1.3281022 1.1992358 1.2720268 0.7228254 1.6264522 1.6192931 1.5913956 1.5290976 1.5659528 1.5274940 0.8985197 1.4644407 0.9605944 1.2820626 1.8334849 1.0360744 1.6995364 1.7518369 1.4376109 1.2809901 1.3987140 0.3493986 0.3756532 0.1645766 0.0000000 0.0109882 0.2101141 0.3450813 1.9375184 1.4203744 1.4203744 1.8266850 1.6261129 1.5803047 1.7242572 1.8999551 1.8607370 1.4906367 2.5413432 2.3970842 2.4703217 2.4220644 2.6432325 1.7352948 1.8488468 1.8985152 1.7118090 1.2366638 1.4877389 2.1098814 1.5535939 2.0064062 5.8937440 6.5872532 5.1270678 6.7197122 5.2229637 3.7574336 3.8551443 3.7234557 2.4647673 3.1014947 1.6346518 1.8538867 
HoiH04_mRNA999                                         1.5939141 1.4541103 1.5503393 1.4296863 1.5261927 1.3322427 1.2065311 1.2820862 0.7228254 1.6400615 1.6350601 1.6082373 1.5599828 1.5976079 1.5438232 0.8985197 1.4545405 0.9605944 1.2966167 1.8704681 1.0368591 1.6861475 1.7546408 1.4292024 1.2738631 1.3948929 0.3533914 0.3795888 0.1633563 0.0109882 0.0000000 0.2180230 0.3428426 1.9168808 1.4067385 1.4067385 1.8047861 1.6512812 1.6154873 1.7228373 1.9087710 1.8797673 1.4906367 2.5680313 2.4226609 2.4536504 2.4337238 2.6466053 1.7352948 1.8688290 1.9224763 1.7311440 1.2366638 1.4877389 2.1269135 1.5805806 2.0343969 5.9488703 6.6488852 5.1894732 6.7838458 5.2902989 3.8101568 3.9088271 3.7492327 2.5250951 3.1014947 1.6346518 1.8538867 
HoiH11_mRNA8109                                        1.6109915 1.5175931 1.5841411 1.5726651 1.5332969 1.5128180 1.3243737 1.3648658 0.7135413 1.7366989 1.5217500 1.6757478 1.5798746 1.5635413 1.4748545 0.9142900 1.4703392 0.9456186 1.3091869 1.8707990 1.1050973 1.6664655 1.6973623 1.5473422 1.2801944 1.4329176 0.3490602 0.3813095 0.2207527 0.2101141 0.2180230 0.0000000 0.4468028 1.9636582 1.4371427 1.4371427 1.8512698 1.7830735 1.8269962 1.6895714 1.9950538 1.8647943 1.4986779 2.5792099 2.3860216 2.6248226 2.5304446 2.6809852 1.7023353 1.9010949 2.0228350 1.6844100 1.2355866 1.4555654 2.1518684 1.7934469 2.2733073 5.2510777 5.8508196 5.5437998 6.3035614 4.8212589 3.5683561 3.6644985 3.9645786 2.1293404 3.2076847 1.6021768 1.7118586 
HoiH23_PlH23_001951-RA                                 2.0005205 1.9512648 2.0238941 1.8471416 1.9632437 1.7753611 1.6569152 1.6117048 0.7257760 1.6663045 1.9678138 2.0914900 2.0689918 2.1154183 1.9182093 1.2629474 1.9494596 1.2885554 1.7015563 2.2115612 1.4771497 1.9559106 1.9892343 1.9611055 1.6882831 1.9489842 0.6464787 0.6857245 0.2179375 0.3450813 0.3428426 0.4468028 0.0000000 2.4583643 1.9453785 1.9453785 2.0425283 2.2610600 2.2208741 2.0763020 2.4329241 2.3108346 1.8687019 3.0981414 2.8796909 3.0102195 3.0043153 3.0605345 2.2193750 2.2549111 2.4265924 2.2283770 1.9629092 2.1146856 2.6101334 1.8208605 3.1296703 5.5773676 6.3577549 5.0225393 6.9967482 5.1433671 3.4640425 3.5541868 3.7914908 2.0974165 4.2017726 3.5664327 3.8710976 
Dpul_mRNA27908                                         1.5827545 1.5111266 1.5419980 1.5448672 1.5903566 1.3984425 1.3702219 1.5888282 0.8143507 1.7275721 1.5345436 1.3476485 1.4264904 1.5133385 1.5063315 0.8856185 1.4864197 1.3191350 1.5691926 2.0782555 1.2771258 1.8154975 1.8381919 1.2757560 1.4522093 1.5986016 1.7563345 1.8531361 2.0365453 1.9375184 1.9168808 1.9636582 2.4583643 0.0000000 1.5239951 1.5239951 1.7885104 1.7303630 1.7299812 1.9250787 1.9769221 2.0326637 1.5157157 2.0930044 1.9853496 2.0825964 1.8962320 2.2362195 1.7455368 1.9128083 1.9476986 1.8210147 1.6446143 1.6968759 2.4897344 2.0703116 1.9533316 4.8156300 5.1635646 5.0997888 4.6129599 5.4106200 2.8977048 2.9363594 2.7203942 2.5702275 3.8242414 2.0216843 2.3497118 
Ocar_g6441                                             1.2090171 1.3174953 1.3902340 1.4376710 1.5255493 1.4636978 1.3296312 1.4220202 0.8974143 1.5938362 1.4385653 1.5646578 1.3693064 1.3377473 1.3947498 1.0119145 1.5250652 1.2271704 1.2137981 1.3094260 1.1657908 1.4716385 1.5657838 1.5417196 1.2455897 1.4806613 1.3030055 1.3030055 1.5204688 1.4203744 1.4067385 1.4371427 1.9453785 1.5239951 0.0000000 0.0000010 1.0969369 1.6106347 1.7626950 1.6177779 1.4296160 1.4740387 1.3024510 2.2477797 2.0572343 2.0167135 1.8588027 1.8620243 1.6095871 1.5727195 2.0223668 1.5924200 1.7149285 1.7029361 1.9227913 1.5369601 2.0301736 4.5065877 4.5215568 4.7927413 4.4827619 4.3882672 3.3480115 3.4416035 3.8862330 1.7564400 3.6427558 1.7954860 2.0434837 
Opea_EP00118_Oscarella_pearsei_P005103                 1.2090171 1.3174953 1.3902340 1.4376710 1.5255493 1.4636978 1.3296312 1.4220202 0.8974143 1.5938362 1.4385653 1.5646578 1.3693064 1.3377473 1.3947498 1.0119145 1.5250652 1.2271704 1.2137981 1.3094260 1.1657908 1.4716385 1.5657838 1.5417196 1.2455897 1.4806613 1.3030055 1.3030055 1.5204688 1.4203744 1.4067385 1.4371427 1.9453785 1.5239951 0.0000010 0.0000000 1.0969369 1.6106347 1.7626950 1.6177779 1.4296160 1.4740387 1.3024510 2.2477797 2.0572343 2.0167135 1.8588027 1.8620243 1.6095871 1.5727195 2.0223668 1.5924200 1.7149285 1.7029361 1.9227913 1.5369601 2.0301736 4.5065877 4.5215568 4.7927413 4.4827619 4.3882672 3.3480115 3.4416035 3.8862330 1.7564400 3.6427558 1.7954860 2.0434837 
Plajan_Pjan_scaffold21015_01                           1.7195767 1.4792234 1.3771057 1.5483269 1.7139264 1.4078399 1.3678735 1.4136681 0.8630969 1.3519293 1.3659434 1.6979857 1.6655499 1.6917699 1.5296025 0.9562024 1.4887708 1.3204469 1.4088094 1.6511055 1.4210275 1.4336243 1.3660718 1.7102928 1.4659961 1.7158517 1.7442489 1.7797508 2.0030702 1.8266850 1.8047861 1.8512698 2.0425283 1.7885104 1.0969369 1.0969369 0.0000000 1.8811325 2.0758028 1.6941300 1.7376416 1.6500760 1.2631831 2.2691287 2.2838846 2.2611806 2.0794862 2.0531917 1.6698748 1.3769191 2.1395931 1.6593820 1.9643294 1.4641643 1.9237372 1.1711885 2.6758504 4.4650589 3.7285718 4.7518810 4.6802562 4.6180164 3.1088671 3.1911713 2.7461617 1.7390227 4.1814026 1.8870317 2.1312967 
Chem_TCONS_00027875                                    1.6888586 1.7776812 1.7497971 1.4193797 1.4025153 1.4578377 1.4009793 1.3793663 0.8250434 1.5788706 1.3417425 1.4343033 1.1978767 1.2266686 1.5028561 1.1370316 1.8016866 1.2477459 1.6433919 1.8989460 1.2311631 1.9667605 1.8898948 1.5833832 1.6851082 1.5749085 1.8710808 1.8874098 1.7375839 1.6261129 1.6512812 1.7830735 2.2610600 1.7303630 1.6106347 1.6106347 1.8811325 0.0000000 1.1238540 1.9540818 2.1506301 1.7929040 1.3727685 2.5984628 2.2465673 2.7943509 2.4692395 2.2943451 1.9669484 1.7879071 1.9208347 1.9412315 1.5357263 1.4069103 2.6410370 2.0881834 1.5590856 4.8438369 6.4650563 4.8858742 5.6606578 5.1375228 3.0389135 3.1047615 4.4112847 2.4668589 3.5359673 1.8109665 2.2740862 
Hvul_g16020_1                                          1.7993007 1.7869213 1.5429877 1.2843158 1.3827534 1.2822989 1.1110525 1.1380692 0.6879213 1.4883748 1.3887286 1.2623765 1.2068821 1.2576107 1.5550238 0.9853304 1.7466065 1.2420370 1.3900316 1.7655430 1.2833094 1.7002635 1.6469932 1.4521177 1.6802959 1.5486249 1.6474365 1.6710978 1.8817782 1.5803047 1.6154873 1.8269962 2.2208741 1.7299812 1.7626950 1.7626950 2.0758028 1.1238540 0.0000000 1.8887867 1.6663811 1.9664602 1.6432870 3.1096208 2.3423914 2.6528958 2.3677235 2.1833502 1.9414720 1.9059346 2.1670174 1.7899124 1.4349451 1.4239547 2.3705099 1.9362139 1.9336197 5.2283327 6.2300889 5.1368458 5.3128022 5.6939694 2.9506695 3.0286977 3.4767121 2.9760175 4.3362612 1.6136317 1.8539465 
Scil_scict002365.1                                     1.3579384 1.4786595 1.6832505 1.7685887 2.0364583 1.7788185 1.4820599 1.5727314 0.9453681 1.8688997 2.1489314 1.7703186 1.7575510 1.5893875 1.8945447 1.1574479 1.6138267 1.5114866 1.3977113 1.8274414 1.2304385 1.8215803 1.8005767 1.4151261 1.3475369 1.5235710 1.8182367 1.8182367 1.7134647 1.7242572 1.7228373 1.6895714 2.0763020 1.9250787 1.6177779 1.6177779 1.6941300 1.9540818 1.8887867 0.0000000 0.5976805 0.5588942 1.7679437 2.9016317 2.4891343 2.4364959 2.4970560 2.8234395 1.9774823 2.1690591 2.1991395 2.1912665 2.1097536 1.9841647 2.6510370 1.5990481 3.2113723 5.1746775 5.1809591 5.5280655 5.2594115 4.9342674 3.0693414 3.1564839 4.6207742 2.3492634 2.6815252 1.8332997 1.9903115 
Lcom_lcpid90727                                        1.6710158 1.7796119 1.9418433 1.7463663 2.1495051 1.9900769 1.6462426 1.7866534 0.8916799 2.0102669 1.9433901 1.9419415 1.8739877 1.7872484 1.9782820 1.1665148 1.6853793 1.5540628 1.5619704 1.7622421 1.3259524 2.0552451 1.8006377 1.6428324 1.6841998 1.5017190 1.9364580 1.9523757 2.0628706 1.8999551 1.9087710 1.9950538 2.4329241 1.9769221 1.4296160 1.4296160 1.7376416 2.1506301 1.6663811 0.5976805 0.0000000 0.7137974 1.6332665 2.8483261 2.3259034 2.8280610 2.6961594 2.7625577 1.9081592 2.1137753 2.2427351 1.9246499 2.2427953 1.6165008 2.4945097 1.6961646 3.0363193 5.9240091 5.2913175 6.2616717 6.1577642 6.0280184 4.1034969 4.1951830 4.6383597 2.9196452 3.1570832 2.0511071 2.3686181 
Gracom_Gcom_scaffold9975_01                            1.4626840 1.6236430 1.7811821 1.7691947 1.8015582 1.6286248 1.4617946 1.5506596 0.9921252 1.8113287 1.8089946 1.6803568 1.5408072 1.4145159 1.9120361 1.2937645 1.6310389 1.4463418 1.5629720 1.8122494 1.3671585 1.6664286 1.9587965 1.6521003 1.5624765 1.5182912 1.8219602 1.8386626 1.8568639 1.8607370 1.8797673 1.8647943 2.3108346 2.0326637 1.4740387 1.4740387 1.6500760 1.7929040 1.9664602 0.5588942 0.7137974 0.0000000 1.5089708 2.9435989 2.4309632 2.5428852 2.6568284 2.7583965 1.7585010 1.9051903 2.4424159 2.0575819 2.0752391 1.7376366 2.2717683 1.4929607 2.5982695 4.9863719 5.6535065 5.4157071 5.8738948 5.1300702 3.4868358 3.5609633 4.2304023 1.9741626 3.2861556 1.8665061 2.2940438 
Mbre_EDQ92333                                          1.1020445 1.3134691 1.1699652 1.4408441 1.0424076 1.1257152 1.1572414 1.2271358 1.3077432 1.6000865 1.3779245 1.5386162 1.5122171 1.5211967 1.3427656 1.3036227 1.5125966 1.4803654 1.3002427 1.3486931 1.1624025 1.2097107 1.3744411 1.5943691 1.3704873 1.3979841 1.5477033 1.5477033 1.5119847 1.4906367 1.4906367 1.4986779 1.8687019 1.5157157 1.3024510 1.3024510 1.2631831 1.3727685 1.6432870 1.7679437 1.6332665 1.5089708 0.0000000 1.0184983 0.9142315 0.8729248 0.9149677 0.9412217 1.1830645 1.0806991 1.1784216 1.2499013 1.9124340 1.6531404 1.4736723 1.3092221 1.6806858 3.2880627 3.8462539 3.1658658 4.2736526 3.8476025 1.9236625 1.9819457 2.6273446 0.8284626 3.1944882 1.4829721 1.7214893 
Choper_EP00045_Choanoeca_perplexa_P004950              1.9968245 2.2685086 2.0514063 2.2885430 2.2968723 2.3544967 2.1689412 2.3005229 1.5232895 2.6037943 2.3559322 2.7603811 2.3940987 2.5417211 2.3151040 1.7991635 2.2696507 2.3912480 2.6673174 2.6065169 1.8319634 2.5557347 2.2390080 2.5620872 2.1773231 2.4943750 2.5801785 2.6069401 2.6076052 2.5413432 2.5680313 2.5792099 3.0981414 2.0930044 2.2477797 2.2477797 2.2691287 2.5984628 3.1096208 2.9016317 2.8483261 2.9435989 1.0184983 0.0000000 0.6032965 1.9050736 1.6407157 1.6576302 1.5722603 1.6592805 1.8093395 2.0507183 2.7111720 2.4482825 2.5330156 2.4879207 2.7685932 4.2058841 3.9406520 4.1637210 4.1624728 4.4722322 3.3378866 3.4092134 3.6632174 2.9822597 3.9045796 2.1427218 2.3731326 
Chofle_EP00730_Choanoeca_flexa_P018941                 2.0796654 2.1554759 1.8426603 1.9723492 1.9849562 2.1157674 1.8763236 2.0053077 1.4203299 2.1898692 1.8134288 2.3078522 2.2617882 2.2875070 2.0811317 1.8628626 2.1191583 2.1372925 1.9423612 2.0695084 1.7061087 1.9177684 1.9022758 2.1524669 2.1650152 2.3087058 2.3181629 2.3181629 2.5004675 2.3970842 2.4226609 2.3860216 2.8796909 1.9853496 2.0572343 2.0572343 2.2838846 2.2465673 2.3423914 2.4891343 2.3259034 2.4309632 0.9142315 0.6032965 0.0000000 1.5489948 1.5278658 1.4534369 1.3976281 1.5110445 1.7372098 1.7196356 2.5725071 2.0599104 1.9897569 2.3858812 2.7538629 4.5457454 4.7890343 4.3816055 4.7209100 4.1586718 2.9089162 2.9768193 3.4314494 2.0007763 4.0090010 1.9430461 2.1153660 
Microa_EP00043_Microstomoeca_roanoka_P009657           2.1297322 2.4408661 2.4356523 2.4648750 2.3715113 2.5350983 2.3299684 2.3594913 1.2769539 2.3161413 2.3701609 2.4572228 2.5476865 2.5422326 2.2676358 1.6129966 2.4820508 1.6858161 2.3281756 1.9308987 1.4340801 1.9164619 2.3380616 2.3145854 2.0813520 2.1415010 2.4248989 2.5005221 2.6431385 2.4703217 2.4536504 2.6248226 3.0102195 2.0825964 2.0167135 2.0167135 2.2611806 2.7943509 2.6528958 2.4364959 2.8280610 2.5428852 0.8729248 1.9050736 1.5489948 0.0000000 0.8190102 1.6839637 1.5419446 1.7199829 1.9085958 1.7259882 2.0944508 2.0719412 1.8106008 3.1616154 2.9458535 3.8369196 4.4067326 4.0856517 4.6229527 4.5321903 3.5856485 3.6429608 3.8229552 2.5987117 3.8157833 2.6688090 3.4591148 
Sros_EGD83117                                          2.2364996 2.3046969 2.5968163 2.5024756 2.5712183 2.4816363 2.5441762 2.5797982 1.3620239 2.6620778 2.2547617 2.5325540 2.7302992 2.9076417 2.2929009 1.5259017 2.4812287 1.6322097 2.2634746 2.2295682 1.6015727 2.4676112 2.6398350 2.0527109 2.1670981 2.2044235 2.4156142 2.4712713 2.5348105 2.4220644 2.4337238 2.5304446 3.0043153 1.8962320 1.8588027 1.8588027 2.0794862 2.4692395 2.3677235 2.4970560 2.6961594 2.6568284 0.9149677 1.6407157 1.5278658 0.8190102 0.0000000 1.6987803 1.6354393 1.5575412 1.8670765 1.4162451 2.2467492 2.1112062 1.9538375 2.7296496 2.8348125 3.8865415 4.7728085 4.4928010 4.8839964 4.6588024 3.5197606 3.5700380 3.8355510 2.8276704 3.5749185 2.2186220 2.7106633 
Salinf_EP00049_Salpingoeca_infusionum_P022382          2.1737206 2.2819531 2.4680805 2.2244923 2.3336220 2.3303931 2.1222096 2.2786412 1.3747172 2.5105105 2.1718659 2.4936986 2.5371038 2.6513131 2.1978764 1.5530117 2.1402464 1.7281761 2.3570512 2.0890874 1.3606209 1.9719718 2.0319014 2.0861961 2.3553922 2.0995827 2.5709260 2.6206385 2.7149584 2.6432325 2.6466053 2.6809852 3.0605345 2.2362195 1.8620243 1.8620243 2.0531917 2.2943451 2.1833502 2.8234395 2.7625577 2.7583965 0.9412217 1.6576302 1.4534369 1.6839637 1.6987803 0.0000000 1.4970218 1.7365012 1.9556894 1.8385648 2.2228711 1.8302813 2.1652714 2.9758913 2.6923467 3.9870745 4.4105279 4.3800932 5.0731089 5.3854456 3.6015366 3.6608928 4.3944853 2.6349761 2.9743057 2.8378107 3.2457553 
Salmac_EP00052_Salpingoeca_macrocollata_P008001        1.3708727 1.7472051 1.7365744 1.6861675 1.6216956 1.8964448 1.6132343 1.9071797 1.5209154 2.0708395 1.7857334 2.0938408 2.0260854 2.0339152 1.7157304 1.4685968 1.8027618 1.6638893 1.8073374 1.4462661 1.3035432 1.6530740 1.8319680 1.8044609 1.5280010 1.8185803 1.7212196 1.7212196 1.7726943 1.7352948 1.7352948 1.7023353 2.2193750 1.7455368 1.6095871 1.6095871 1.6698748 1.9669484 1.9414720 1.9774823 1.9081592 1.7585010 1.1830645 1.5722603 1.3976281 1.5419446 1.6354393 1.4970218 0.0000000 1.5030741 1.1904729 1.3776575 2.4594774 1.9325183 1.6765901 1.5891216 2.4692145 3.2937768 3.6927738 3.6151335 3.5492680 4.3902388 2.7575258 2.8186669 2.9962061 1.0374245 3.6245212 2.7296716 3.1336665 
Saldol_EP00054_Salpingoeca_dolichothecata_P010556      1.6715547 1.7538500 1.7678608 1.5928899 1.7272509 1.8557842 1.7055660 1.6750779 1.0795731 1.9793029 1.7022458 2.0451824 1.7985086 1.8118478 1.6491483 1.2711378 1.7268564 1.3814576 1.5512028 1.7995414 1.4537845 1.5065564 1.5933836 1.8539459 1.5831294 1.8911072 1.8339729 1.8472005 1.8520596 1.8488468 1.8688290 1.9010949 2.2549111 1.9128083 1.5727195 1.5727195 1.3769191 1.7879071 1.9059346 2.1690591 2.1137753 1.9051903 1.0806991 1.6592805 1.5110445 1.7199829 1.5575412 1.7365012 1.5030741 0.0000000 1.2005933 1.2127338 1.8291444 1.5439277 1.7171305 1.7573146 2.2385683 4.7737297 4.9797431 4.8972862 5.7702891 5.1788659 3.4469151 3.5132618 3.4111283 1.5351160 3.1915709 3.2477222 3.1334766 
Salpun_EP00053_Salpingoeca_punica_P017058              1.8357878 2.4190561 2.2839712 1.8357089 1.9371591 2.2543639 2.2007056 2.2617250 1.4175946 2.4000963 1.9786752 2.2827388 2.0027131 2.0742985 1.9973974 1.4672781 2.1495105 1.5470722 2.1236695 2.1129222 1.5806540 1.9910226 1.7362432 1.8458898 1.9559803 2.0560784 2.1719009 2.1719009 1.9340687 1.8985152 1.9224763 2.0228350 2.4265924 1.9476986 2.0223668 2.0223668 2.1395931 1.9208347 2.1670174 2.1991395 2.2427351 2.4424159 1.1784216 1.8093395 1.7372098 1.9085958 1.8670765 1.9556894 1.1904729 1.2005933 0.0000000 1.7043414 2.4199180 2.0514035 2.0222451 1.9356147 2.8251995 5.1298488 5.1541730 4.7714499 5.5670777 5.3647914 3.1527145 3.1796443 4.2442497 1.8604762 4.1644830 3.1139617 2.9835300 
Codhol_EP00042_Codosiga_hollandica_P032300             1.4679343 1.9888586 1.7940621 1.6083997 1.6498117 1.8930099 1.8568761 1.8890097 1.4376633 2.1055900 2.0103338 2.1584501 1.8917907 2.0131829 1.8712088 1.2094897 1.7494156 1.5217102 1.7107689 2.0309621 1.5083173 2.0830181 2.0826995 1.7600178 1.4858335 2.1335297 1.6053783 1.6242916 1.7654327 1.7118090 1.7311440 1.6844100 2.2283770 1.8210147 1.5924200 1.5924200 1.6593820 1.9412315 1.7899124 2.1912665 1.9246499 2.0575819 1.2499013 2.0507183 1.7196356 1.7259882 1.4162451 1.8385648 1.3776575 1.2127338 1.7043414 0.0000000 2.1586925 2.1002746 1.8411464 1.5943911 2.6407977 4.2657892 4.7033619 4.9828073 5.5543505 4.5749249 2.3029428 2.3501140 3.1665224 2.0508614 3.8626177 2.9116492 3.7340501 
Pocdam_XM_027181981.1                                  1.3678399 1.5179721 1.3003129 0.9568651 1.1194829 0.6158346 0.5667721 0.5340277 0.5184372 1.0605666 1.0017126 1.2282771 1.2071753 1.2433456 1.2888972 1.4312268 1.5328355 1.4913117 1.5521670 1.6360883 1.2901965 1.6522123 1.5885344 1.4060721 1.5350645 1.5493382 1.3986043 1.4098091 1.1647725 1.2366638 1.2366638 1.2355866 1.9629092 1.6446143 1.7149285 1.7149285 1.9643294 1.5357263 1.4349451 2.1097536 2.2427953 2.0752391 1.9124340 2.7111720 2.5725071 2.0944508 2.2467492 2.2228711 2.4594774 1.8291444 2.4199180 2.1586925 0.0000000 1.8985175 2.4090934 1.6899689 1.4820190 4.8901009 4.6730986 4.1306660 4.7769535 4.8535865 2.7307686 2.7776324 3.6996755 1.1914871 4.4184017 2.7667513 3.1394755 
