65
Hsap_ENST00000376485                                   0.0000000 2.3100057 2.3811363 1.2916376 1.6615023 2.2675299 2.1748968 2.4511001 2.4827669 2.3557639 3.1432422 2.5471861 2.9144987 1.4035178 3.0685191 3.2184101 3.1490965 3.0205639 1.5723752 2.4792145 2.6308279 2.4847811 2.7661744 2.7661744 2.1860071 1.6863534 2.3943699 2.6166960 2.7156725 2.6653482 1.5550845 1.4367707 2.1903397 2.1602306 1.8978242 2.4126421 2.5398657 2.9584401 2.9124321 2.6924919 2.9357177 2.4532199 2.7643117 2.8557748 2.4027572 2.4628933 1.6601828 3.1393985 2.8757872 2.6051869 2.4804785 2.2942306 2.1289937 2.4501992 3.1345105 2.5544996 1.9346026 1.8707741 2.6466544 3.2928419 2.9229184 3.1199849 3.5787098 2.8527213 3.0443077 
Bralan_BLAG08001476_1                                  2.3100057 0.0000000 1.9746108 0.8099947 1.1906723 1.4286670 1.7857818 1.7864492 1.7717981 1.9151582 2.1823923 1.8782818 2.0798534 0.9375189 2.0905830 2.1613199 2.1575135 1.8423848 1.3358267 2.4968221 2.2605281 2.1379303 2.3511300 2.3511300 1.9837129 1.6974387 2.1779525 2.4177485 2.2684892 2.6642717 1.1435803 1.2395523 1.8892171 2.0075948 1.8620140 2.2216091 2.1592234 2.3851402 2.3564359 2.1406818 2.3791482 2.3665619 2.6582102 2.4096154 2.0607933 2.5443398 1.7931333 2.6293930 2.8407967 2.6781774 2.1786657 2.0601156 2.0716043 1.7959837 2.7479433 2.2374911 1.8904198 1.8994661 2.5654041 3.3704910 2.9279860 2.7490041 3.2306491 2.3058096 2.8194260 
Exapal_XM_021049451.2                                  2.3811363 1.9746108 0.0000000 0.5787908 0.6664643 0.8442259 0.8785906 0.8805582 0.9070505 0.8956253 1.2317124 1.4944498 1.5750118 1.1303194 1.9642830 2.1266702 1.9054658 1.7030480 1.4230580 2.0434088 1.9147343 1.9929221 2.0478538 2.0478538 1.8945389 1.7564477 2.4534341 2.2838694 2.9273018 2.3094490 1.5042242 1.5690993 1.9943039 1.7936708 1.7104194 2.4684196 2.5029477 2.6518880 2.6138167 2.4393247 2.7285430 2.7693663 3.1067206 2.9031424 2.1296065 2.6869796 1.7631370 2.5755464 2.1469100 2.3095231 2.3744651 2.2557306 2.0585917 2.2017203 2.9494445 2.1762195 1.7364580 2.2050197 2.7077238 3.6860959 2.6159150 3.0563831 3.9432927 2.0561013 2.9770129 
Nvec_v1g171572                                         1.2916376 0.8099947 0.5787908 0.0000000 0.5742782 0.6020572 0.5962579 0.5641134 0.6069209 0.6840238 0.6664642 0.8933959 0.9906221 0.9495888 1.0377230 1.2046240 0.9719220 1.3366119 1.2481276 1.2273211 1.0090434 1.1148407 1.0551710 1.0551710 1.0423350 1.4770703 1.3998558 1.2693510 1.2850363 1.1907213 1.2531055 1.0627580 1.1038062 1.0659165 1.2393563 1.1365926 1.5154732 1.6747754 1.6366426 1.5206769 1.9373052 1.7007584 1.6841774 1.6679848 1.6329008 1.4695514 1.6744215 1.5053840 1.4326115 1.6463502 1.7139375 1.7596876 2.1663926 2.0379058 1.5084957 1.7210381 1.2469830 1.9933305 1.5883233 2.0509561 1.9093433 1.4149860 2.3684965 1.2379175 2.7147307 
Adig_XM_015902181.1                                    1.6615023 1.1906723 0.6664643 0.5742782 0.0000000 0.1892448 0.3007568 0.2869260 0.3216203 0.4313794 0.0000010 1.0518287 1.1880702 0.0000010 1.6834867 1.7587226 1.4556357 1.8449614 1.4176249 1.4467549 1.2177103 1.2610570 1.0910520 1.0910520 1.0599888 1.8104995 2.2330781 1.6656381 2.3379211 1.6409699 2.3925829 1.4024802 1.3621021 1.4475646 1.7945839 1.6807439 1.9367710 2.3929423 2.2394759 2.0400801 3.1066225 2.6292215 2.3597398 2.4987121 2.1822545 1.5526950 2.5354490 1.9002466 1.8358963 2.7823421 3.0460746 2.8370036 2.7163743 2.3417596 2.6500028 2.2475601 1.5748048 1.7251796 2.1571866 3.1747150 2.5194557 3.0227311 3.7775344 2.1506032 4.3354410 
Gfas_gfas1.m1.15191.m1                                 2.2675299 1.4286670 0.8442259 0.6020572 0.1892448 0.0000000 0.3257786 0.3011838 0.3158181 0.3182506 0.3056466 1.1103665 1.3199834 0.6983023 1.6804396 1.7795906 1.6700612 1.7418302 1.4484552 1.9897802 1.7636852 2.0577230 1.8163501 1.8163501 1.3732520 1.8985623 2.4336708 2.2747990 2.0437456 2.1215539 1.1741904 1.4345321 1.5082088 1.6958940 1.7209221 1.6918748 2.1110076 2.2896430 2.2337294 2.0127696 2.3643925 2.4884282 2.4993198 2.7085551 1.9922415 1.9661814 1.6474827 2.1538727 2.1358469 2.5081305 2.5878673 2.4805521 2.1312625 2.2177443 2.3938053 2.0203926 1.5989848 1.6971615 2.3540385 3.1805135 2.5852072 1.8964194 3.4692090 1.8625306 2.9558289 
Gasp_gasp1.m3.10701.m1                                 2.1748968 1.7857818 0.8785906 0.5962579 0.3007568 0.3257786 0.0000000 0.3183670 0.3482052 0.2820485 0.6414766 1.2750031 1.3715303 0.9978744 1.7093934 1.8436577 1.8133124 1.8584813 1.4647034 2.0143845 1.7974951 1.9345167 1.7683777 1.7683777 1.6330608 1.7048682 2.3140152 2.0583894 2.3512065 2.1495314 1.2795701 1.4010206 1.7353614 1.5557076 1.5488159 2.0559599 2.1021552 2.3620889 2.3166451 2.0364782 2.5357641 2.2512917 2.4942380 2.9536468 1.8900798 2.4062863 1.5509371 2.2104023 2.2597511 2.2053926 2.2034287 2.1390086 1.8305467 2.1419932 2.8027406 1.9529171 1.6109395 2.0433145 2.4172545 3.2439174 2.3651061 2.3725361 3.4193861 1.8994313 2.7213179 
Spis_XP_022786900_1                                    2.4511001 1.7864492 0.8805582 0.5641134 0.2869260 0.3011838 0.3183670 0.0000000 0.1347394 0.3031298 0.5536843 1.3848592 1.4763066 1.2075728 1.8520386 1.9484166 1.9344501 1.8801782 1.4020524 2.0410772 1.9266665 2.0321541 1.9350123 1.9350123 1.7924546 1.6291196 2.4362165 2.1437466 2.3793930 2.1199476 1.1461989 1.3865937 1.9219523 1.8441396 1.5334017 2.1644991 2.1992251 2.2766633 2.2341754 2.0829961 2.4846788 2.5959109 2.6164965 2.7648286 2.2734565 2.4986330 1.6136791 2.3133602 2.1987911 2.2333540 2.3366340 2.1429575 1.7695468 2.1004385 2.7373233 2.1577045 1.5586470 1.8554992 2.5977817 3.4978310 2.4611990 2.5708390 3.3372092 1.8939242 2.7905607 
Pocdam_XM_027203693.1                                  2.4827669 1.7717981 0.9070505 0.6069209 0.3216203 0.3158181 0.3482052 0.1347394 0.0000000 0.3438628 0.5549883 1.4763284 1.5684338 1.1474569 1.9057698 1.9306101 1.8454155 1.9166603 1.3902090 2.1369796 1.9820010 2.1250858 2.0076158 2.0076158 1.7656646 1.7227835 2.4547794 2.1713780 2.4734060 2.1976425 1.1931750 1.4563262 1.8847932 1.8421940 1.6457003 2.2265400 2.3126468 2.4103343 2.3630890 2.1106552 2.5304523 2.6101249 2.6502162 2.8818673 2.2791134 2.4658437 1.6394091 2.3021031 2.1625513 2.3482475 2.3736953 2.1898728 1.8241067 2.0976513 2.9338562 2.1841937 1.6587183 1.7743274 2.5621205 3.5189796 2.4731828 2.5933665 3.5332724 1.8878911 2.8765610 
Fspp_ffun1.m4.15055.m1                                 2.3557639 1.9151582 0.8956253 0.6840238 0.4313794 0.3182506 0.2820485 0.3031298 0.3438628 0.0000000 0.6134282 1.2482752 1.4785408 1.1832415 1.7874258 1.8734332 1.9331784 1.8687891 1.3248091 1.9516639 1.7996846 1.9258688 1.7951010 1.7951010 1.7835577 1.6876224 2.4755106 2.1228233 2.4928575 2.2129922 1.3425880 1.5276303 1.8471133 1.8646966 1.6322712 2.2723910 2.0408106 2.3104943 2.2686050 2.1312969 2.5177039 2.4594599 2.5861763 2.9638527 2.1792114 2.6111548 1.7176193 2.3528572 2.3655955 2.3708835 2.3876539 2.2959422 1.8748884 2.0113624 2.9865323 2.2406006 1.6244920 1.8162570 2.5543047 3.2601422 2.5442617 2.6690415 3.2119807 2.0033219 2.7431308 
Amil_Amillepora29174-RA                                3.1432422 2.1823923 1.2317124 0.6664642 0.0000010 0.3056466 0.6414766 0.5536843 0.5549883 0.6134282 0.0000000 1.4057415 1.6657864 0.8280955 2.2921190 2.5546633 2.2594701 2.4487534 1.6850967 2.3918454 2.2095938 2.2097872 2.2486892 2.2486892 1.9490467 2.0645361 2.6994793 2.4321690 2.9729936 2.8335321 1.3033704 1.8480364 2.0899450 2.0592854 2.0415010 2.3696170 2.4536080 2.5438025 2.4709768 2.3879106 2.6532318 2.6467658 2.9390951 3.5711956 2.5399242 3.5339391 2.0162671 2.7845682 2.9757624 2.8461204 2.7697983 3.1159987 2.2659777 2.8104863 3.5403168 2.3043271 1.8195605 2.8360152 3.1210421 4.1932481 2.8387618 2.9219212 3.7274855 2.1528488 3.5324425 
Dgig_XM_028538807.1                                    2.5471861 1.8782818 1.4944498 0.8933959 1.0518287 1.1103665 1.2750031 1.3848592 1.4763284 1.2482752 1.4057415 0.0000000 0.5780949 1.0047034 1.6935885 1.8857106 1.9351128 1.6562533 1.3913182 1.7543703 1.8254185 1.7377121 1.8165307 1.8165307 1.8033235 1.7911673 2.0570847 2.0436877 2.3612058 2.2314944 0.9840677 1.4853883 1.9556073 1.9002028 1.8355510 2.2848032 2.4492377 2.7473572 2.7025316 2.1844822 2.7459996 2.7046032 2.7193931 2.6094024 2.2538785 3.0358616 1.7392463 2.7920609 2.3381552 2.5176944 2.3920848 1.9521337 1.8415971 1.9699805 2.8177695 2.2012628 1.9306933 1.8894149 2.8858689 3.3927735 2.2728156 2.1049993 3.2371213 1.7807071 2.5885587 
Xesp_007417-T1                                         2.9144987 2.0798534 1.5750118 0.9906221 1.1880702 1.3199834 1.3715303 1.4763066 1.5684338 1.4785408 1.6657864 0.5780949 0.0000000 1.0608610 1.8860681 1.9714853 2.0385853 1.8555934 1.3951946 1.9437589 1.8232800 1.8416187 1.8282225 1.8282225 1.8670269 1.7635826 2.0064733 2.1585739 2.7242791 2.1904571 1.0621222 1.7227449 2.2168081 2.0199137 1.9218241 2.3450446 2.5820213 2.7497798 2.7062299 2.4580839 2.7452384 2.9549689 2.9340492 2.8400706 2.4349947 3.2648822 1.6140709 3.1321280 2.3264045 2.7331750 2.4490994 2.2931492 1.8916851 1.8225223 3.1730896 2.3630399 1.9890912 1.7793056 2.7599052 3.8921376 2.4796422 2.6442758 3.4371669 2.0812948 2.4139030 
Aaur_scaffold91.g1.t1                                  1.4035178 0.9375189 1.1303194 0.9495888 0.0000010 0.6983023 0.9978744 1.2075728 1.1474569 1.1832415 0.8280955 1.0047034 1.0608610 0.0000000 0.3410964 0.3941611 0.4965751 0.9563936 1.2514129 1.3414884 1.2162914 1.2214522 1.3037063 1.3037063 1.0643484 1.2643124 1.4303899 1.4115825 1.2295322 1.1077124 1.1484735 1.0904260 1.1246090 1.1956522 1.5596607 1.5607927 1.1695397 1.1966674 1.1966674 1.2468595 1.3812961 1.5537972 1.5461977 1.2417512 1.4412931 1.6974138 1.4344353 1.4479709 1.1044405 1.4574944 1.3192599 1.5387181 1.9351726 1.8155273 1.1191201 1.6982097 1.5321823 3.4927307 1.4025661 1.6907069 1.8307486 1.1829564 1.6897866 0.5521456 2.2916565 
Rhoesc_Res_015446-T1                                   3.0685191 2.0905830 1.9642830 1.0377230 1.6834867 1.6804396 1.7093934 1.8520386 1.9057698 1.7874258 2.2921190 1.6935885 1.8860681 0.3410964 0.0000000 0.2642217 1.1975699 1.8885335 1.5452653 2.3920848 2.1693705 2.1841880 2.2630875 2.2630875 2.0945274 1.8847438 2.2504827 2.6612845 2.8743177 2.3893074 1.4811429 1.6984066 2.2482534 2.2057336 1.9725529 2.5344959 2.3035409 2.2421265 2.2138390 2.3459722 2.5270091 2.2305735 2.5645016 2.6445339 2.5623327 2.8004951 1.6979682 2.6361281 2.4343082 2.6930214 2.6204516 2.3975644 2.1547229 2.0783359 3.1668346 2.7720679 1.9177117 1.7436815 2.8175693 3.7827423 3.0995673 2.9122447 3.3795614 1.6948223 3.1390495 
Nemnom_g14399.t1                                       3.2184101 2.1613199 2.1266702 1.2046240 1.7587226 1.7795906 1.8436577 1.9484166 1.9306101 1.8734332 2.5546633 1.8857106 1.9714853 0.3941611 0.2642217 0.0000000 1.1249009 1.8523461 1.5741501 2.4542381 2.2096549 2.2300166 2.2669051 2.2669051 2.1262379 1.8771901 2.2817067 2.6786269 2.8603968 2.4627499 1.3931344 1.7308150 2.3129929 2.2823640 2.0818734 2.7730521 2.4789730 2.4588595 2.4459221 2.3690698 2.5578736 2.4148612 2.7085389 2.7018613 2.3420621 2.8837663 1.6590614 2.6264750 2.3046378 2.6800993 2.4517156 2.3405903 2.1751936 1.9558451 3.2748386 2.4794920 1.9097299 1.7642785 3.0664822 3.8422180 3.1789377 3.1985045 3.7783226 1.7495394 3.1058854 
Sanmal_Sma_021688-T1                                   3.1490965 2.1575135 1.9054658 0.9719220 1.4556357 1.6700612 1.8133124 1.9344501 1.8454155 1.9331784 2.2594701 1.9351128 2.0385853 0.4965751 1.1975699 1.1249009 0.0000000 1.8531546 1.6578205 2.6316381 2.3624027 2.1673807 2.4783813 2.4783813 2.0820534 1.8697141 2.3996218 2.7304070 2.4372973 2.6774583 1.2058755 1.7119717 2.4639302 2.3477579 2.0891847 2.9171175 2.6154235 2.6704299 2.6301933 2.4338017 2.7743710 2.6441882 2.8339033 2.8058012 2.3938325 3.0399821 1.8676084 3.0466772 2.5814968 2.5828250 2.4005376 2.5979099 2.1952519 2.1482293 3.4464600 2.3625100 1.9906357 2.0027611 3.1933019 4.2411450 2.9206020 3.1942222 4.3113767 1.9094658 3.4560492 
Chem_TCONS_00011338                                    3.0205639 1.8423848 1.7030480 1.3366119 1.8449614 1.7418302 1.8584813 1.8801782 1.9166603 1.8687891 2.4487534 1.6562533 1.8555934 0.9563936 1.8885335 1.8523461 1.8531546 0.0000000 1.6965063 2.0038245 1.8635341 1.8303253 2.0447484 2.0447484 1.9885300 1.7433078 1.9348478 2.2734374 2.4885666 2.1740462 1.4942000 1.7666264 2.0582402 2.0319134 1.6364021 2.6924667 2.3556706 2.2138530 2.1906439 2.1740974 2.4824845 2.2800902 2.5337976 2.1928713 2.5345663 2.5948672 2.3358790 3.1598652 1.9577277 2.2176502 2.1857366 2.2124865 1.8160947 2.0074128 2.8628620 2.3177563 2.0298917 2.4176346 2.8278041 3.2543897 2.7868600 2.5677064 3.1532068 1.8883284 2.9285065 
Tadh_TriadT53139                                       1.5723752 1.3358267 1.4230580 1.2481276 1.4176249 1.4484552 1.4647034 1.4020524 1.3902090 1.3248091 1.6850967 1.3913182 1.3951946 1.2514129 1.5452653 1.5741501 1.6578205 1.6965063 0.0000000 0.0152699 0.3411036 0.3576791 0.2989938 0.2989938 1.2112307 1.8405349 1.7628125 1.6839836 1.7169463 1.3558000 1.3123091 1.3310719 1.2262590 1.2729575 1.6181312 1.3371953 1.9045891 1.8879497 1.8532103 1.8672665 1.9808301 2.1937984 2.0902725 1.9978165 1.7857757 1.6638746 1.5308053 1.9118573 1.5900639 1.7797738 1.8375425 1.7181720 2.0425792 1.8167919 1.8663722 1.9326424 1.5975387 1.8759363 1.8993288 2.4120103 2.3450422 1.7913643 2.5164087 1.8057431 2.8620160 
TrH2_TrispH2_003064-RA                                 2.4792145 2.4968221 2.0434088 1.2273211 1.4467549 1.9897802 2.0143845 2.0410772 2.1369796 1.9516639 2.3918454 1.7543703 1.9437589 1.3414884 2.3920848 2.4542381 2.6316381 2.0038245 0.0152699 0.0000000 0.5609747 0.5425881 0.5473545 0.5473545 1.6716635 1.8209584 2.2030194 2.3570009 2.7151874 2.0494169 1.3123091 1.5444059 1.7555017 1.8191175 1.8124091 2.0263370 2.4641322 2.6120556 2.5621402 2.5368533 2.6799183 2.6382475 2.8253096 2.8990253 2.2271229 2.4752936 1.7756733 2.5961024 2.6991268 2.2649434 2.3064866 1.9428903 2.0179431 1.7962035 2.9232644 2.4294615 1.6806508 1.9248919 2.6315027 3.3907895 2.5706572 2.6859005 3.6172082 2.6335742 2.8236621 
HoiH06_mRNA11703                                       2.6308279 2.2605281 1.9147343 1.0090434 1.2177103 1.7636852 1.7974951 1.9266665 1.9820010 1.7996846 2.2095938 1.8254185 1.8232800 1.2162914 2.1693705 2.2096549 2.3624027 1.8635341 0.3411036 0.5609747 0.0000000 0.1085546 0.1728202 0.1728202 1.7013678 1.8347523 1.9624508 2.2832724 2.7627767 2.1299602 1.3575084 1.3908269 2.0681341 1.7304527 1.6244886 2.0427153 2.4003161 2.5448984 2.4988542 2.4763570 2.6554377 2.4458552 2.6308489 2.8803905 2.2284316 2.7553497 1.8115916 2.5560851 2.5354110 2.4397207 2.2565995 2.2060769 2.2739424 1.9992217 2.6451393 2.5384200 1.7747228 1.9016656 2.6418995 3.1221972 2.9293148 2.6424653 3.3063306 2.3909749 3.1372777 
HoiH23_PlH23_000004-RA                                 2.4847811 2.1379303 1.9929221 1.1148407 1.2610570 2.0577230 1.9345167 2.0321541 2.1250858 1.9258688 2.2097872 1.7377121 1.8416187 1.2214522 2.1841880 2.2300166 2.1673807 1.8303253 0.3576791 0.5425881 0.1085546 0.0000000 0.2247042 0.2247042 1.6442024 1.9464819 1.8321780 2.4298198 2.5893281 2.2085211 1.4383330 1.5271909 2.0307613 1.6908859 1.8625158 1.7692794 2.6839351 2.7487645 2.6887452 2.8777534 2.8318346 2.6404391 2.9324452 3.2764218 2.4916721 2.7668651 1.9852094 2.6667127 2.5637601 2.5535712 2.3086295 2.1047009 2.2221315 1.9524481 2.3480845 2.4192876 1.9221221 2.0810324 2.8773640 2.9211868 2.9990509 2.4807207 3.2519573 2.3389783 3.1270413 
Hhon_g01251.t1                                         2.7661744 2.3511300 2.0478538 1.0551710 1.0910520 1.8163501 1.7683777 1.9350123 2.0076158 1.7951010 2.2486892 1.8165307 1.8282225 1.3037063 2.2630875 2.2669051 2.4783813 2.0447484 0.2989938 0.5473545 0.1728202 0.2247042 0.0000000 0.0000010 1.6700031 1.8842923 2.0048730 2.3859669 2.7311970 2.0999257 1.3897174 1.3817549 2.0730422 1.8708316 1.7306123 1.9015284 2.3597448 2.4966954 2.4524644 2.5325826 2.5883577 2.5422849 2.7406920 2.9450935 2.2543694 2.6979090 1.6893076 2.5957051 2.6167842 2.3289660 2.1890322 2.1014080 2.0748951 1.9756454 2.7541200 2.4235138 1.6939514 1.9653621 2.6733967 3.3284037 2.9153285 2.9054956 3.4519089 2.4485646 2.9801631 
HoiH04_mRNA5186                                        2.7661744 2.3511300 2.0478538 1.0551710 1.0910520 1.8163501 1.7683777 1.9350123 2.0076158 1.7951010 2.2486892 1.8165307 1.8282225 1.3037063 2.2630875 2.2669051 2.4783813 2.0447484 0.2989938 0.5473545 0.1728202 0.2247042 0.0000010 0.0000000 1.6700031 1.8842923 2.0048730 2.3859669 2.7311970 2.0999257 1.3897174 1.3817549 2.0730422 1.8708316 1.7306123 1.9015284 2.3597448 2.4966954 2.4524644 2.5325826 2.5883577 2.5422849 2.7406920 2.9450935 2.2543694 2.6979090 1.6893076 2.5957051 2.6167842 2.3289660 2.1890322 2.1014080 2.0748951 1.9756454 2.7541200 2.4235138 1.6939514 1.9653621 2.6733967 3.3284037 2.9153285 2.9054956 3.4519089 2.4485646 2.9801631 
Skow_XM_006818359.1                                    2.1860071 1.9837129 1.8945389 1.0423350 1.0599888 1.3732520 1.6330608 1.7924546 1.7656646 1.7835577 1.9490467 1.8033235 1.8670269 1.0643484 2.0945274 2.1262379 2.0820534 1.9885300 1.2112307 1.6716635 1.7013678 1.6442024 1.6700031 1.6700031 0.0000000 1.4946712 1.7918834 2.0129810 2.5855364 2.0216376 1.0701950 1.3774294 1.5745387 1.2427548 1.6137541 1.8410732 2.3357306 2.4450207 2.4119974 2.1891646 2.6724146 2.4379526 2.5995854 2.4329739 1.9867090 2.4976731 1.4067899 2.4533492 2.1883507 2.0220013 2.0760414 2.0791384 2.0294078 1.7530601 2.6542607 2.0537390 1.8309030 1.6429754 2.1593814 3.5906248 2.6028062 2.4164386 2.8371260 1.9584982 2.4525829 
Aque_Aqu2.1.20604_001                                  1.6863534 1.6974387 1.7564477 1.4770703 1.8104995 1.8985623 1.7048682 1.6291196 1.7227835 1.6876224 2.0645361 1.7911673 1.7635826 1.2643124 1.8847438 1.8771901 1.8697141 1.7433078 1.8405349 1.8209584 1.8347523 1.9464819 1.8842923 1.8842923 1.4946712 0.0000000 0.5070305 0.6379095 1.4325363 1.1000603 1.0446654 1.7569056 1.8368301 1.8557432 1.5428792 1.9727807 2.0116710 2.0234281 1.9765142 1.7626052 1.9232155 2.1204460 2.0036135 1.9752941 2.1708262 2.2273311 1.7716700 1.8914713 1.5151368 2.3902089 2.1235547 2.2264924 2.1106237 2.1585544 2.1650458 1.9007319 1.9044682 2.5194405 1.7868156 2.7071934 2.1496447 1.4086454 2.7075586 2.0412864 2.4976151 
Halamb_c48899_g4_i1m.25063                             2.3943699 2.1779525 2.4534341 1.3998558 2.2330781 2.4336708 2.3140152 2.4362165 2.4547794 2.4755106 2.6994793 2.0570847 2.0064733 1.4303899 2.2504827 2.2817067 2.3996218 1.9348478 1.7628125 2.2030194 1.9624508 1.8321780 2.0048730 2.0048730 1.7918834 0.5070305 0.0000000 1.1038789 1.8146120 1.3261762 0.9403733 1.9378770 2.6076351 2.0050796 1.6596883 2.1338041 2.6122523 2.7346059 2.6940866 2.5447575 2.4956552 2.2934898 2.5478864 2.5442223 2.2968521 2.6674437 1.7676017 2.0096453 2.3926627 2.7069438 2.4773766 2.3990689 1.9872072 1.9791483 2.4981623 2.2359012 1.9137027 1.9589791 2.3206403 3.2751096 2.1277826 1.7186063 3.2013955 2.7344711 2.3810291 
Xestes_maker-XT_scaffold2482-augustus-gene-0.27-mRNA-1 2.6166960 2.4177485 2.2838694 1.2693510 1.6656381 2.2747990 2.0583894 2.1437466 2.1713780 2.1228233 2.4321690 2.0436877 2.1585739 1.4115825 2.6612845 2.6786269 2.7304070 2.2734374 1.6839836 2.3570009 2.2832724 2.4298198 2.3859669 2.3859669 2.0129810 0.6379095 1.1038789 0.0000000 2.0628836 1.3664288 0.8655806 1.6973617 2.5429178 2.2720299 1.7876411 2.2907654 2.2854519 2.6579778 2.6171217 2.4601493 2.6055671 2.2465538 2.6293032 2.5954284 2.1260909 2.7625008 1.5185664 2.2916298 2.2379623 2.6800781 2.4663645 2.4691724 2.1138371 2.2529007 2.9054917 2.0775694 1.9086713 2.0674259 2.3411705 3.1908740 2.3287769 1.9204868 3.5839072 2.7409037 2.3776384 
Emue_Em0016g923a.t1                                    2.7156725 2.2684892 2.9273018 1.2850363 2.3379211 2.0437456 2.3512065 2.3793930 2.4734060 2.4928575 2.9729936 2.3612058 2.7242791 1.2295322 2.8743177 2.8603968 2.4372973 2.4885666 1.7169463 2.7151874 2.7627767 2.5893281 2.7311970 2.7311970 2.5855364 1.4325363 1.8146120 2.0628836 0.0000000 1.6558258 0.2130697 1.8408083 2.6361693 2.7148062 1.7925092 2.2270842 2.3896846 3.0016844 2.9502136 2.4547868 2.8233675 2.7136780 2.8566430 2.8003384 2.3114723 2.9925387 2.0053825 2.5237874 2.4765766 2.4209236 2.5421051 2.5381949 2.5199832 2.7350987 3.0368373 2.2304530 1.8244583 2.7927989 2.8968340 4.1319773 2.9883002 1.7107799 3.7910956 2.3794046 2.4325655 
Tetwil_g12740.t1                                       2.6653482 2.6642717 2.3094490 1.1907213 1.6409699 2.1215539 2.1495314 2.1199476 2.1976425 2.2129922 2.8335321 2.2314944 2.1904571 1.1077124 2.3893074 2.4627499 2.6774583 2.1740462 1.3558000 2.0494169 2.1299602 2.2085211 2.0999257 2.0999257 2.0216376 1.1000603 1.3261762 1.3664288 1.6558258 0.0000000 0.6455547 1.5644444 2.3372444 2.4571976 1.4831087 2.3721659 2.6174214 2.8848188 2.8244588 2.7881703 2.6529234 2.6710554 3.0493579 2.9108930 2.2546144 2.4216307 1.7626035 2.5636897 2.2020219 2.4326232 2.5074808 2.2314969 2.1260929 1.7359336 2.9100263 2.2209237 1.7321062 2.1324676 2.4195307 3.7668360 2.5991626 1.4904382 4.1942547 2.3186784 2.1550135 
Spolac_c105260_g1_i1_m.44816c105260-g1                 1.5550845 1.1435803 1.5042242 1.2531055 2.3925829 1.1741904 1.2795701 1.1461989 1.1931750 1.3425880 1.3033704 0.9840677 1.0621222 1.1484735 1.4811429 1.3931344 1.2058755 1.4942000 1.3123091 1.3123091 1.3575084 1.4383330 1.3897174 1.3897174 1.0701950 1.0446654 0.9403733 0.8655806 0.2130697 0.6455547 0.0000000 1.2971537 1.3442993 1.4386149 1.0369169 1.4068846 1.8218157 2.0402709 2.0402709 1.7174247 2.0612066 2.2329663 2.0929035 1.8778483 1.4771047 1.6137515 1.5115325 1.6168339 1.4607394 1.5447394 1.7336957 1.8410248 2.0534300 1.9304288 1.5224330 1.4966540 1.3601181 2.5660888 1.6646391 2.1643642 1.7011749 0.6066466 2.2588081 1.3369306 1.9765707 
Ctel_gnl_WGS_AMQN_CAPTEDRAFT_mRNA195309                1.4367707 1.2395523 1.5690993 1.0627580 1.4024802 1.4345321 1.4010206 1.3865937 1.4563262 1.5276303 1.8480364 1.4853883 1.7227449 1.0904260 1.6984066 1.7308150 1.7119717 1.7666264 1.3310719 1.5444059 1.3908269 1.5271909 1.3817549 1.3817549 1.3774294 1.7569056 1.9378770 1.6973617 1.8408083 1.5644444 1.2971537 0.0000000 1.2566198 1.4165994 1.5440963 1.5928768 2.1101765 2.2285049 2.1851111 2.0948993 2.3538427 2.1088699 2.1562509 2.1013607 2.1400599 1.8778061 1.7548253 1.9901616 1.8582630 2.3295223 2.0544742 2.3202989 2.1159164 2.2145413 1.8949214 1.8847691 2.0346961 2.1710059 2.0527686 2.5251112 2.3095876 1.9081243 3.0318010 2.0661043 2.5924767 
Acagra_model.g20766.t1                                 2.1903397 1.8892171 1.9943039 1.1038062 1.3621021 1.5082088 1.7353614 1.9219523 1.8847932 1.8471133 2.0899450 1.9556073 2.2168081 1.1246090 2.2482534 2.3129929 2.4639302 2.0582402 1.2262590 1.7555017 2.0681341 2.0307613 2.0730422 2.0730422 1.5745387 1.8368301 2.6076351 2.5429178 2.6361693 2.3372444 1.3442993 1.2566198 0.0000000 1.7520887 1.8657433 1.6946256 2.3290070 2.5948915 2.5481697 2.4948754 2.5182272 2.7557302 2.9444199 2.9763013 2.1194213 2.5895991 1.9903204 2.8456426 2.8365950 2.2789401 2.0454356 2.3507982 2.4171164 2.3761103 2.6538048 2.3558299 1.9967733 2.3360047 2.5693198 3.5139554 2.9682981 2.4211741 3.5324610 2.4378399 2.5664228 
Spur_XM_030997840.1                                    2.1602306 2.0075948 1.7936708 1.0659165 1.4475646 1.6958940 1.5557076 1.8441396 1.8421940 1.8646966 2.0592854 1.9002028 2.0199137 1.1956522 2.2057336 2.2823640 2.3477579 2.0319134 1.2729575 1.8191175 1.7304527 1.6908859 1.8708316 1.8708316 1.2427548 1.8557432 2.0050796 2.2720299 2.7148062 2.4571976 1.4386149 1.4165994 1.7520887 0.0000000 1.7109449 1.8200808 2.5268238 2.5103947 2.4717326 2.0513552 2.8544542 1.8436809 2.3411683 2.4683975 2.0952573 3.0140288 1.6828245 2.4056793 2.3652177 2.0227762 2.0943545 2.0520528 2.2248195 2.0578293 2.4751075 2.3211839 2.0607235 2.0853934 2.2772329 3.2413196 2.5631439 2.2990384 2.9741734 2.2083695 2.7268698 
Opea_EP00118_Oscarella_pearsei_P020342                 1.8978242 1.8620140 1.7104194 1.2393563 1.7945839 1.7209221 1.5488159 1.5334017 1.6457003 1.6322712 2.0415010 1.8355510 1.9218241 1.5596607 1.9725529 2.0818734 2.0891847 1.6364021 1.6181312 1.8124091 1.6244886 1.8625158 1.7306123 1.7306123 1.6137541 1.5428792 1.6596883 1.7876411 1.7925092 1.4831087 1.0369169 1.5440963 1.8657433 1.7109449 0.0000000 1.8926920 1.9896883 1.9527542 1.9510275 1.9584561 2.0626920 2.1866422 2.0782454 2.0996922 1.7089027 2.1381219 1.7022196 1.8422468 2.0569098 1.8772463 2.0724477 1.9545541 2.1085813 2.0478609 2.1587462 2.2176090 2.2862325 2.0768652 2.4004014 2.0948566 2.2364121 2.2456640 2.5431021 1.8910620 2.5660734 
Cgig_XM_011440948.3                                    2.4126421 2.2216091 2.4684196 1.1365926 1.6807439 1.6918748 2.0559599 2.1644991 2.2265400 2.2723910 2.3696170 2.2848032 2.3450446 1.5607927 2.5344959 2.7730521 2.9171175 2.6924667 1.3371953 2.0263370 2.0427153 1.7692794 1.9015284 1.9015284 1.8410732 1.9727807 2.1338041 2.2907654 2.2270842 2.3721659 1.4068846 1.5928768 1.6946256 1.8200808 1.8926920 0.0000000 2.5940806 2.8903522 2.8469614 2.8662329 2.8262032 2.6080405 2.8627726 3.1490378 2.4842931 2.8082986 1.8679305 2.5505905 3.0266961 2.3497635 2.1842045 2.1771735 2.3280963 2.2248931 2.7324560 2.2543960 1.9385601 2.3899217 2.7357319 3.3548736 2.5818568 2.6334234 3.5083930 2.3450176 2.6332841 
Mlei_ML0359.g22.i1                                     2.5398657 2.1592234 2.5029477 1.5154732 1.9367710 2.1110076 2.1021552 2.1992251 2.3126468 2.0408106 2.4536080 2.4492377 2.5820213 1.1695397 2.3035409 2.4789730 2.6154235 2.3556706 1.9045891 2.4641322 2.4003161 2.6839351 2.3597448 2.3597448 2.3357306 2.0116710 2.6122523 2.2854519 2.3896846 2.6174214 1.8218157 2.1101765 2.3290070 2.5268238 1.9896883 2.5940806 0.0000000 0.6162081 0.6139551 0.5860230 0.6403942 0.6914274 0.7705740 1.0809299 2.3693898 2.6556994 2.0894175 1.8680371 2.1940430 2.7917310 2.6924438 2.6299175 2.3889566 2.3156945 2.9379946 2.3907794 2.5144648 2.8458804 2.5820023 2.9657409 2.9406834 2.6381914 2.9731258 2.8871808 3.3268021 
Bolinf_Binf_sb1247394                                  2.9584401 2.3851402 2.6518880 1.6747754 2.3929423 2.2896430 2.3620889 2.2766633 2.4103343 2.3104943 2.5438025 2.7473572 2.7497798 1.1966674 2.2421265 2.4588595 2.6704299 2.2138530 1.8879497 2.6120556 2.5448984 2.7487645 2.4966954 2.4966954 2.4450207 2.0234281 2.7346059 2.6579778 3.0016844 2.8848188 2.0402709 2.2285049 2.5948915 2.5103947 1.9527542 2.8903522 0.6162081 0.0000000 0.0000010 0.5248398 0.5033575 0.8932663 0.8003708 0.9179364 2.5405969 2.7249862 2.0150007 2.1180976 2.4309437 2.7685618 2.7817357 2.4173895 2.3035520 2.3372592 3.1158132 2.6378851 2.5480745 2.8122684 2.8503526 3.2554406 2.8955878 2.9831464 3.0613832 2.9988863 2.9086885 
Mertsp_Mesp_sb594727                                   2.9124321 2.3564359 2.6138167 1.6366426 2.2394759 2.2337294 2.3166451 2.2341754 2.3630890 2.2686050 2.4709768 2.7025316 2.7062299 1.1966674 2.2138390 2.4459221 2.6301933 2.1906439 1.8532103 2.5621402 2.4988542 2.6887452 2.4524644 2.4524644 2.4119974 1.9765142 2.6940866 2.6171217 2.9502136 2.8244588 2.0402709 2.1851111 2.5481697 2.4717326 1.9510275 2.8469614 0.6139551 0.0000010 0.0000000 0.5283980 0.5039690 0.8830451 0.7952810 0.9165279 2.4750865 2.6836672 1.9750789 2.0950998 2.4033195 2.7954564 2.7360785 2.4058491 2.3896969 2.4355902 3.0612330 2.5749700 2.4340850 2.7550907 2.7783351 3.3034020 2.8193855 2.9330119 3.0604054 2.9422728 2.9153591 
Beraby_Baby_sb329835                                   2.6924919 2.1406818 2.4393247 1.5206769 2.0400801 2.0127696 2.0364782 2.0829961 2.1106552 2.1312969 2.3879106 2.1844822 2.4580839 1.2468595 2.3459722 2.3690698 2.4338017 2.1740974 1.8672665 2.5368533 2.4763570 2.8777534 2.5325826 2.5325826 2.1891646 1.7626052 2.5447575 2.4601493 2.4547868 2.7881703 1.7174247 2.0948993 2.4948754 2.0513552 1.9584561 2.8662329 0.5860230 0.5248398 0.5283980 0.0000000 0.6376106 0.7220513 0.8331262 1.0461000 2.2779563 2.7135326 1.9979303 2.0355322 2.1955712 2.4397083 2.4519693 2.3360486 2.3733951 2.3630126 3.0365746 2.4622620 2.4381369 2.8869171 2.5033077 2.9455898 2.8019280 2.6609538 3.4341270 2.4821614 3.1352382 
Drygla_Dgla_sb297005                                   2.9357177 2.3791482 2.7285430 1.9373052 3.1066225 2.3643925 2.5357641 2.4846788 2.5304523 2.5177039 2.6532318 2.7459996 2.7452384 1.3812961 2.5270091 2.5578736 2.7743710 2.4824845 1.9808301 2.6799183 2.6554377 2.8318346 2.5883577 2.5883577 2.6724146 1.9232155 2.4956552 2.6055671 2.8233675 2.6529234 2.0612066 2.3538427 2.5182272 2.8544542 2.0626920 2.8262032 0.6403942 0.5033575 0.5039690 0.6376106 0.0000000 0.7739745 0.7445367 1.0110267 2.7466660 2.8198172 1.9417777 2.1559879 2.5272094 2.8932131 2.7287982 2.5603775 2.2312565 2.4348216 3.2164596 2.2362996 2.3103793 3.0647199 2.6641259 3.0930642 2.9738489 2.7140737 3.4232899 3.1171132 3.0943384 
Pbac_sb2669640                                         2.4532199 2.3665619 2.7693663 1.7007584 2.6292215 2.4884282 2.2512917 2.5959109 2.6101249 2.4594599 2.6467658 2.7046032 2.9549689 1.5537972 2.2305735 2.4148612 2.6441882 2.2800902 2.1937984 2.6382475 2.4458552 2.6404391 2.5422849 2.5422849 2.4379526 2.1204460 2.2934898 2.2465538 2.7136780 2.6710554 2.2329663 2.1088699 2.7557302 1.8436809 2.1866422 2.6080405 0.6914274 0.8932663 0.8830451 0.7220513 0.7739745 0.0000000 0.0412160 0.9631104 2.0615442 2.3273482 2.0466578 2.1596567 2.1199362 2.5566678 2.3586536 2.0485781 2.4757488 2.4791308 2.6925143 2.0169087 2.6926319 3.3724598 2.2803081 2.9544367 2.5311926 2.2386084 2.8466817 2.9210166 3.6405565 
Horcal_Hcv1.av93.c7.g481.i1                            2.7643117 2.6582102 3.1067206 1.6841774 2.3597398 2.4993198 2.4942380 2.6164965 2.6502162 2.5861763 2.9390951 2.7193931 2.9340492 1.5461977 2.5645016 2.7085389 2.8339033 2.5337976 2.0902725 2.8253096 2.6308489 2.9324452 2.7406920 2.7406920 2.5995854 2.0036135 2.5478864 2.6293032 2.8566430 3.0493579 2.0929035 2.1562509 2.9444199 2.3411683 2.0782454 2.8627726 0.7705740 0.8003708 0.7952810 0.8331262 0.7445367 0.0412160 0.0000000 1.1163500 2.2487668 2.8032734 1.9494236 2.3756332 2.4916073 2.6823124 2.5576701 2.4443611 2.2774660 2.4166505 3.1940454 2.2435742 2.5970250 2.6751380 2.7058550 3.5436909 2.7785324 2.9934805 3.3975952 3.2025056 3.2342533 
Eupdun_Edun_sb10671462                                 2.8557748 2.4096154 2.9031424 1.6679848 2.4987121 2.7085551 2.9536468 2.7648286 2.8818673 2.9638527 3.5711956 2.6094024 2.8400706 1.2417512 2.6445339 2.7018613 2.8058012 2.1928713 1.9978165 2.8990253 2.8803905 3.2764218 2.9450935 2.9450935 2.4329739 1.9752941 2.5442223 2.5954284 2.8003384 2.9108930 1.8778483 2.1013607 2.9763013 2.4683975 2.0996922 3.1490378 1.0809299 0.9179364 0.9165279 1.0461000 1.0110267 0.9631104 1.1163500 0.0000000 2.0934549 2.5198242 1.9407723 2.1830994 2.4580427 2.7340040 2.3465979 2.4578505 2.1642363 1.9628531 3.4512807 2.4154039 2.3822245 2.2136865 2.4604646 3.7411031 3.0380109 2.8514844 3.8703577 2.5631213 2.8612518 
Codhol_EP00042_Codosiga_hollandica_P027886             2.4027572 2.0607933 2.1296065 1.6329008 2.1822545 1.9922415 1.8900798 2.2734565 2.2791134 2.1792114 2.5399242 2.2538785 2.4349947 1.4412931 2.5623327 2.3420621 2.3938325 2.5345663 1.7857757 2.2271229 2.2284316 2.4916721 2.2543694 2.2543694 1.9867090 2.1708262 2.2968521 2.1260909 2.3114723 2.2546144 1.4771047 2.1400599 2.1194213 2.0952573 1.7089027 2.4842931 2.3693898 2.5405969 2.4750865 2.2779563 2.7466660 2.0615442 2.2487668 2.0934549 0.0000000 1.4654801 1.4396527 1.8216260 2.1360401 1.8545826 1.9066553 2.1344711 2.2648252 2.1487092 2.3740312 1.7935810 1.4207302 2.3892709 1.8208720 2.4859546 2.0153932 2.3967554 3.2956647 2.6150394 3.2069502 
Mylflu_EP00047_Mylnosiga_fluctuans_P014161             2.4628933 2.5443398 2.6869796 1.4695514 1.5526950 1.9661814 2.4062863 2.4986330 2.4658437 2.6111548 3.5339391 3.0358616 3.2648822 1.6974138 2.8004951 2.8837663 3.0399821 2.5948672 1.6638746 2.4752936 2.7553497 2.7668651 2.6979090 2.6979090 2.4976731 2.2273311 2.6674437 2.7625008 2.9925387 2.4216307 1.6137515 1.8778061 2.5895991 3.0140288 2.1381219 2.8082986 2.6556994 2.7249862 2.6836672 2.7135326 2.8198172 2.3273482 2.8032734 2.5198242 1.4654801 0.0000000 1.1323962 1.9367365 2.4180761 2.2506805 2.1051796 2.0058571 2.3088379 2.3843673 3.4872488 1.8153682 1.5442874 1.8298961 2.4385079 2.6169432 2.9823329 3.3098479 3.2263397 2.7481679 2.5129446 
Salmac_EP00052_Salpingoeca_macrocollata_P005929        1.6601828 1.7931333 1.7631370 1.6744215 2.5354490 1.6474827 1.5509371 1.6136791 1.6394091 1.7176193 2.0162671 1.7392463 1.6140709 1.4344353 1.6979682 1.6590614 1.8676084 2.3358790 1.5308053 1.7756733 1.8115916 1.9852094 1.6893076 1.6893076 1.4067899 1.7716700 1.7676017 1.5185664 2.0053825 1.7626035 1.5115325 1.7548253 1.9903204 1.6828245 1.7022196 1.8679305 2.0894175 2.0150007 1.9750789 1.9979303 1.9417777 2.0466578 1.9494236 1.9407723 1.4396527 1.1323962 0.0000000 1.3847130 1.8909963 1.8585944 1.8835062 1.7922726 1.9417027 1.9167773 1.7655667 1.4610454 1.3664653 1.7995611 1.5759782 2.0270280 2.2156567 1.8398639 2.6911966 2.0737126 2.5234378 
Salurc_EP00051_Salpingoeca_urceolata_P005686           3.1393985 2.6293930 2.5755464 1.5053840 1.9002466 2.1538727 2.2104023 2.3133602 2.3021031 2.3528572 2.7845682 2.7920609 3.1321280 1.4479709 2.6361281 2.6264750 3.0466772 3.1598652 1.9118573 2.5961024 2.5560851 2.6667127 2.5957051 2.5957051 2.4533492 1.8914713 2.0096453 2.2916298 2.5237874 2.5636897 1.6168339 1.9901616 2.8456426 2.4056793 1.8422468 2.5505905 1.8680371 2.1180976 2.0950998 2.0355322 2.1559879 2.1596567 2.3756332 2.1830994 1.8216260 1.9367365 1.3847130 0.0000000 2.9502421 2.3530489 2.2120880 2.3137919 2.2500227 2.0232194 2.7460591 1.9207411 1.7198841 2.4074789 2.3066455 3.0768328 2.8823990 2.8495059 3.4623648 2.4655935 2.2640011 
Hvul_g17708_1                                          2.8757872 2.8407967 2.1469100 1.4326115 1.8358963 2.1358469 2.2597511 2.1987911 2.1625513 2.3655955 2.9757624 2.3381552 2.3264045 1.1044405 2.4343082 2.3046378 2.5814968 1.9577277 1.5900639 2.6991268 2.5354110 2.5637601 2.6167842 2.6167842 2.1883507 1.5151368 2.3926627 2.2379623 2.4765766 2.2020219 1.4607394 1.8582630 2.8365950 2.3652177 2.0569098 3.0266961 2.1940430 2.4309437 2.4033195 2.1955712 2.5272094 2.1199362 2.4916073 2.4580427 2.1360401 2.4180761 1.8909963 2.9502421 0.0000000 2.6175555 2.5947343 2.0913831 1.8158164 1.9924663 3.7899369 2.1977958 2.0965503 2.3109994 2.5966405 3.3942544 2.5830528 2.9413274 4.0695868 2.4248201 3.0214227 
Acaspe_EP00035_Acanthoeca_spectabilis_P003768          2.6051869 2.6781774 2.3095231 1.6463502 2.7823421 2.5081305 2.2053926 2.2333540 2.3482475 2.3708835 2.8461204 2.5176944 2.7331750 1.4574944 2.6930214 2.6800993 2.5828250 2.2176502 1.7797738 2.2649434 2.4397207 2.5535712 2.3289660 2.3289660 2.0220013 2.3902089 2.7069438 2.6800781 2.4209236 2.4326232 1.5447394 2.3295223 2.2789401 2.0227762 1.8772463 2.3497635 2.7917310 2.7685618 2.7954564 2.4397083 2.8932131 2.5566678 2.6823124 2.7340040 1.8545826 2.2506805 1.8585944 2.3530489 2.6175555 0.0000000 0.6091229 1.3401558 2.1211337 2.0110998 2.5999098 1.6844181 1.7599988 2.2964117 2.6221276 2.8279957 2.4291212 2.3581300 3.6524210 2.8554476 2.9190343 
Helnan_EP00037_Helgoeca_nana_P019510                   2.4804785 2.1786657 2.3744651 1.7139375 3.0460746 2.5878673 2.2034287 2.3366340 2.3736953 2.3876539 2.7697983 2.3920848 2.4490994 1.3192599 2.6204516 2.4517156 2.4005376 2.1857366 1.8375425 2.3064866 2.2565995 2.3086295 2.1890322 2.1890322 2.0760414 2.1235547 2.4773766 2.4663645 2.5421051 2.5074808 1.7336957 2.0544742 2.0454356 2.0943545 2.0724477 2.1842045 2.6924438 2.7817357 2.7360785 2.4519693 2.7287982 2.3586536 2.5576701 2.3465979 1.9066553 2.1051796 1.8835062 2.2120880 2.5947343 0.6091229 0.0000000 1.3097594 2.2989809 2.2255750 2.1879174 1.6111115 1.7345605 2.0438213 2.3024627 2.9100285 2.3062696 2.4314470 2.8337532 2.4556742 3.0550888 
Stedip_EP00041_Stephanoeca_diplocostata_P002034        2.2942306 2.0601156 2.2557306 1.7596876 2.8370036 2.4805521 2.1390086 2.1429575 2.1898728 2.2959422 3.1159987 1.9521337 2.2931492 1.5387181 2.3975644 2.3405903 2.5979099 2.2124865 1.7181720 1.9428903 2.2060769 2.1047009 2.1014080 2.1014080 2.0791384 2.2264924 2.3990689 2.4691724 2.5381949 2.2314969 1.8410248 2.3202989 2.3507982 2.0520528 1.9545541 2.1771735 2.6299175 2.4173895 2.4058491 2.3360486 2.5603775 2.0485781 2.4443611 2.4578505 2.1344711 2.0058571 1.7922726 2.3137919 2.0913831 1.3401558 1.3097594 0.0000000 1.9425431 1.7810580 2.2527829 1.8427163 1.6900122 2.3908044 2.1561276 2.6128060 2.1914385 2.3650506 2.3018710 2.5840973 3.0700740 
Choper_EP00045_Choanoeca_perplexa_P006496              2.1289937 2.0716043 2.0585917 2.1663926 2.7163743 2.1312625 1.8305467 1.7695468 1.8241067 1.8748884 2.2659777 1.8415971 1.8916851 1.9351726 2.1547229 2.1751936 2.1952519 1.8160947 2.0425792 2.0179431 2.2739424 2.2221315 2.0748951 2.0748951 2.0294078 2.1106237 1.9872072 2.1138371 2.5199832 2.1260929 2.0534300 2.1159164 2.4171164 2.2248195 2.1085813 2.3280963 2.3889566 2.3035520 2.3896969 2.3733951 2.2312565 2.4757488 2.2774660 2.1642363 2.2648252 2.3088379 1.9417027 2.2500227 1.8158164 2.1211337 2.2989809 1.9425431 0.0000000 0.6966272 2.2532964 2.3466916 1.7510076 2.5562292 2.0722804 2.2297574 2.6892672 2.3823975 2.7628625 2.0430688 3.1281930 
Chofle_EP00730_Choanoeca_flexa_P017813                 2.4501992 1.7959837 2.2017203 2.0379058 2.3417596 2.2177443 2.1419932 2.1004385 2.0976513 2.0113624 2.8104863 1.9699805 1.8225223 1.8155273 2.0783359 1.9558451 2.1482293 2.0074128 1.8167919 1.7962035 1.9992217 1.9524481 1.9756454 1.9756454 1.7530601 2.1585544 1.9791483 2.2529007 2.7350987 1.7359336 1.9304288 2.2145413 2.3761103 2.0578293 2.0478609 2.2248931 2.3156945 2.3372592 2.4355902 2.3630126 2.4348216 2.4791308 2.4166505 1.9628531 2.1487092 2.3843673 1.9167773 2.0232194 1.9924663 2.0110998 2.2255750 1.7810580 0.6966272 0.0000000 2.4324371 2.1512725 1.8709796 2.7417276 2.2527875 2.4418747 2.5125107 2.3499938 2.4454177 2.4973393 2.5186579 
Tcas_TC003198_002                                      3.1345105 2.7479433 2.9494445 1.5084957 2.6500028 2.3938053 2.8027406 2.7373233 2.9338562 2.9865323 3.5403168 2.8177695 3.1730896 1.1191201 3.1668346 3.2748386 3.4464600 2.8628620 1.8663722 2.9232644 2.6451393 2.3480845 2.7541200 2.7541200 2.6542607 2.1650458 2.4981623 2.9054917 3.0368373 2.9100263 1.5224330 1.8949214 2.6538048 2.4751075 2.1587462 2.7324560 2.9379946 3.1158132 3.0612330 3.0365746 3.2164596 2.6925143 3.1940454 3.4512807 2.3740312 3.4872488 1.7655667 2.7460591 3.7899369 2.5999098 2.1879174 2.2527829 2.2532964 2.4324371 0.0000000 2.5327215 1.9077525 2.3302597 2.9730504 3.8458183 2.9877149 2.9265839 3.7997340 3.1585612 3.1746413 
Diagra_EP00040_Diaphanoeca_grandis_P003763             2.5544996 2.2374911 2.1762195 1.7210381 2.2475601 2.0203926 1.9529171 2.1577045 2.1841937 2.2406006 2.3043271 2.2012628 2.3630399 1.6982097 2.7720679 2.4794920 2.3625100 2.3177563 1.9326424 2.4294615 2.5384200 2.4192876 2.4235138 2.4235138 2.0537390 1.9007319 2.2359012 2.0775694 2.2304530 2.2209237 1.4966540 1.8847691 2.3558299 2.3211839 2.2176090 2.2543960 2.3907794 2.6378851 2.5749700 2.4622620 2.2362996 2.0169087 2.2435742 2.4154039 1.7935810 1.8153682 1.4610454 1.9207411 2.1977958 1.6844181 1.6111115 1.8427163 2.3466916 2.1512725 2.5327215 0.0000000 1.8282705 2.4683253 1.9846591 2.8457590 2.2810912 2.3054859 3.2532831 3.0412903 2.6790777 
