75
Hsap_ENST00000278903                                    0.0000000 1.3405689 1.2032060 1.3086000 1.2128330 1.1023058 1.3150286 1.8195282 1.6161421 2.1136153 1.6679067 1.8407737 1.9331738 1.7836894 1.8357577 2.1350054 1.8336075 1.8817707 1.4330683 2.2114392 2.2246862 2.1658193 1.7777161 2.1436787 2.1836737 1.3764014 2.1876667 2.2619509 1.6016418 1.4111537 1.6281302 2.0959441 1.9795197 2.3454268 1.9170567 2.0042301 2.1563370 2.1506547 2.2869175 2.2663601 2.2853113 2.2417123 2.2220174 2.5736807 2.5632137 2.3258589 2.3529520 2.7935072 3.2331458 2.7624536 2.5055984 3.3225784 3.5022468 3.4223050 3.7522247 3.7577084 3.3024114 3.4152292 3.5418539 4.3911200 2.9468080 3.2385826 3.2589659 3.3984779 4.3054791 4.2582359 4.2561036 3.6540138 2.8734777 2.8734777 3.5643546 3.4949899 3.7524595 4.0971686 4.4584111 
Bralan_BLAG01000918_1                                   1.3405689 0.0000000 1.1988483 1.3961592 1.1247389 1.0991716 1.4198322 1.9349324 1.6743380 2.0151340 1.5612676 1.7854943 1.8748609 1.7398033 1.7173284 2.1193996 1.8934124 2.0101508 1.2315027 1.8951217 2.0438969 2.0754802 1.6189906 2.2422272 1.8206208 1.3780778 2.3736524 2.4187223 1.8717751 1.6426996 1.7496273 2.0615611 1.9868627 2.4321158 2.1080590 2.1589736 2.3606708 2.3547681 2.3428609 2.7573057 3.4456333 2.7492720 2.2658265 3.0382128 2.4426480 2.7488809 2.7481949 2.6410681 3.4283229 2.7572742 2.8277388 3.2691459 3.3350981 3.2292259 3.7516722 3.6170309 3.4428172 2.8472030 3.4535544 3.6940053 2.7308054 3.5076666 2.8566759 3.8392084 4.6686449 4.6705884 4.8325540 4.0687221 3.4035780 3.4035780 3.5773506 4.3419515 3.7992344 4.6267506 4.0260276 
Spur_XM_030977515.1                                     1.2032060 1.1988483 0.0000000 0.8620893 1.0041295 0.9970147 1.0590553 1.5018556 1.3449972 1.6599363 1.3704541 1.5305693 1.6093521 1.4819678 1.4585660 1.7817319 1.6175707 1.6877594 1.3015759 1.5555764 1.6763218 1.6481217 1.4113474 1.7921707 1.6087331 1.3567470 2.0048434 2.1430776 1.4571604 1.2844421 1.4430341 1.8781478 1.9331427 2.3572884 1.7756654 1.8577002 1.9855567 1.9802605 2.1233611 2.4536291 2.7616598 2.4378387 2.0266936 2.6909407 2.5585869 2.8198642 2.8111638 2.6829111 2.6765384 2.5397270 2.4972972 3.1942450 2.8888712 2.8709746 3.1731437 3.2973170 3.4930215 3.1971904 3.3938296 3.6818491 3.2881188 3.2545080 3.0386983 3.6732912 4.1788477 3.9246048 3.9158496 3.8430340 3.1601536 3.1601536 3.5512999 3.7929410 3.7950617 4.3297704 5.2760926 
Skow_XM_002740266.2                                     1.3086000 1.3961592 0.8620893 0.0000000 1.0398260 1.0810521 1.1108985 1.5468500 1.3486044 1.6197900 1.3312948 1.4304792 1.5605284 1.3942392 1.4064206 1.7289044 1.5926085 1.6202063 1.2969185 1.7294205 1.7566252 1.6641125 1.4477475 1.6506444 1.6937730 1.3464180 1.9556932 1.9713638 1.6470851 1.3560716 1.2988635 1.8138101 1.8332177 2.2091584 1.8736371 1.8895739 2.0545125 2.0491421 2.1944683 2.4588430 2.5468862 2.4277182 2.0559631 2.6613775 2.1672998 2.6482111 2.6678611 2.4908712 2.9307811 2.8089301 2.6336295 3.1761206 2.8476627 2.8418863 3.0371698 3.0059514 3.3673989 2.7839237 3.3187598 3.5007091 2.7794478 3.2850778 3.0686365 3.7703363 4.2284001 4.1668383 4.6593497 4.0926755 2.9913101 2.9913101 3.7704739 4.2318917 3.7539548 4.3350994 4.8432094 
Ctel_gnl_WGS_AMQN_CAPTEDRAFT_mRNA158464                 1.2128330 1.1247389 1.0041295 1.0398260 0.0000000 0.7206745 1.1428543 1.6649330 1.1862340 1.5224388 1.2090999 1.3075677 1.4472080 1.2812461 1.2984746 1.6776881 1.5097328 1.6385901 1.0970247 1.4206865 1.5570892 1.5045200 1.3097859 1.8404055 1.5560928 1.0400157 2.0140874 2.1696579 1.4895028 1.4402266 1.2990333 1.7361841 1.4662907 1.9433817 1.6500917 1.7874823 1.8822209 1.8767757 1.8095132 2.2887731 2.4724335 2.4451874 2.2670086 2.7429948 2.4307215 2.4218572 2.4103880 2.4696794 3.2192031 2.6642096 2.4330094 3.0273859 2.9463595 2.8477300 3.0833780 3.1632037 3.2781648 2.7947372 3.4142008 3.2365804 2.3975055 2.9173873 3.0741994 3.7634755 3.9750041 4.2248914 3.6237206 3.9512168 2.9795794 2.9795794 3.8245840 4.0690668 3.9145630 4.9544662 4.5559632 
Acagra_model.g25278.t1                                  1.1023058 1.0991716 0.9970147 1.0810521 0.7206745 0.0000000 1.1555800 1.7331122 1.3833789 1.7762639 1.4214591 1.5382786 1.4884134 1.5183213 1.4941455 1.7380333 1.7574702 1.7094207 1.1849338 1.7315606 1.8363290 1.8734769 1.4405488 1.8242953 1.6114057 0.9842955 2.0782964 2.1571833 1.6055694 1.3769177 1.3177564 1.8344712 1.7188714 2.0817325 1.8024437 1.8243087 1.9759986 1.9775702 2.0871106 2.3387836 2.4953856 2.4017781 2.2905561 2.6934287 2.5229093 2.3281808 2.3331476 2.7632908 3.1410272 2.5850764 2.5983472 3.2109943 3.0218436 2.7603261 3.2735213 3.3572409 3.3726932 2.9150894 3.0316223 3.1651900 2.5206391 3.0393989 2.7694970 3.6635374 3.9448266 3.9737358 3.5017449 3.7508135 2.9197491 2.9197491 4.1300373 4.0484813 3.9988139 4.5142579 4.9402386 
Dpul_mRNA18602                                          1.3150286 1.4198322 1.0590553 1.1108985 1.1428543 1.1555800 0.0000000 1.9653012 1.5580467 2.1759209 1.6872450 1.4918933 1.6559680 1.4892152 1.4900102 1.6552163 1.8035720 1.9357477 1.1945783 1.7097046 1.8379528 1.7322354 1.4534032 1.8651247 1.7529267 1.4916458 1.9528616 2.0200479 1.7027720 1.3662507 1.3879021 1.5544501 2.0482355 2.3657681 1.9581251 1.9803467 2.2375068 2.2258783 2.3461411 2.2664593 2.1975551 2.3988064 2.0875827 2.6346340 2.3345191 2.2032507 2.1851157 3.0566953 3.0338532 2.6125434 2.4980755 2.8329688 2.8925783 2.8991372 3.1892843 3.2209757 3.0979484 2.5888258 3.1844949 3.2108241 2.4532235 3.0242561 2.7331528 3.4578266 4.0956354 3.8559851 4.1215581 4.2651652 2.7812554 2.7812554 4.0139646 3.5662960 3.4855077 4.1334360 4.9006082 
Exapal_XM_028661400.1                                   1.8195282 1.9349324 1.5018556 1.5468500 1.6649330 1.7331122 1.9653012 0.0000000 0.5771333 1.2028457 1.0268782 1.1012182 1.2425049 1.0763176 1.1343099 1.5037453 1.5368240 1.7377294 1.5764979 1.7758056 1.8426660 1.7564338 1.6009632 1.8928485 1.7017779 1.8895852 2.6655868 2.6040043 2.0288665 2.0889853 2.0055578 2.5857838 1.7694720 2.1425773 1.8169649 1.8347802 1.9864963 1.9826574 2.0015160 2.4690891 2.6394410 2.3033358 2.4137233 3.0725763 2.8710878 2.6444380 2.6242698 3.2977798 3.6231622 3.4861182 3.1775038 4.0852886 3.5384759 3.5748979 3.7524099 3.6546290 4.0527153 3.6636722 3.4760337 3.7060357 3.7515285 3.5359343 3.6223387 4.3545040 4.8305933 4.8811723 5.0826467 4.8141770 3.3504532 3.3504532 5.4069810 4.6336470 4.2196510 6.7835636 5.5895266 
Nvec_v1g97739                                           1.6161421 1.6743380 1.3449972 1.3486044 1.1862340 1.3833789 1.5580467 0.5771333 0.0000000 0.9987754 0.7860832 0.8278406 0.9317614 0.7916028 0.8347893 1.1689057 1.1788953 1.2861153 1.1437567 1.6750700 1.7380101 1.6874005 1.2689904 1.6589464 1.4841509 1.4825946 2.1631197 2.2173094 1.6055501 1.5543191 1.4199474 2.0372882 1.5599211 1.8435904 1.6442658 1.7156542 1.8225862 1.8194996 1.8433008 2.4284478 2.7329709 2.3023030 2.1905017 2.9233453 2.4337149 2.6040292 2.5861807 2.8802276 3.1305108 2.8798733 2.8745726 3.2274815 3.3398394 3.1966726 3.0452884 2.8687811 3.4110294 2.9679207 2.9182170 3.4816437 2.5942830 2.9370696 3.0986468 3.5725690 4.5723119 4.4546411 4.6536354 4.2751121 2.9645620 2.9645620 4.4771173 4.1526626 3.7491783 6.0303436 4.7421976 
Adig_XM_015910940.1                                     2.1136153 2.0151340 1.6599363 1.6197900 1.5224388 1.7762639 2.1759209 1.2028457 0.9987754 0.0000000 0.0994638 0.5358716 0.7673974 0.5526194 0.6252138 1.0201707 1.3533192 1.5718869 1.0228271 1.8458766 1.9644081 1.9325616 1.4860048 2.0131397 1.8952233 1.8147710 2.3226177 2.4906905 1.8789544 2.0762652 1.6480845 2.4082625 1.9248045 2.0621528 1.8672248 1.9593981 2.0509213 2.0369235 2.0704159 2.4283404 2.6442047 2.3054055 2.3647019 2.8553315 2.5447801 2.6656184 2.6481792 3.1166802 2.4861577 2.6072722 2.5678436 3.5259731 3.2517964 3.0240754 3.4304807 3.4821660 3.9550542 2.9615898 3.5430325 3.6500947 2.4930027 3.2665500 3.4057297 3.9343708 4.0899195 4.0767640 4.1352322 4.0670540 3.0598347 3.0598347 4.5995957 4.3904992 4.0857280 5.7568557 4.8850405 
Amil_Amillepora24561-RA                                 1.6679067 1.5612676 1.3704541 1.3312948 1.2090999 1.4214591 1.6872450 1.0268782 0.7860832 0.0994638 0.0000000 0.3690104 0.5208337 0.3911072 0.4430011 0.6765386 1.1024021 1.3148076 0.9837271 1.5998038 1.6986215 1.6685968 1.2461247 1.7437318 1.6083376 1.5002124 1.8714528 1.9814801 1.5459652 1.3917133 1.4212021 1.9600427 1.5762236 1.8534476 1.6456511 1.7233436 1.8094163 1.7979854 1.8336068 2.1016068 2.2745840 2.1094845 1.9728952 2.5389009 1.9959457 2.3429775 2.3085157 2.7166027 2.7436227 2.4387735 2.5136308 3.0542297 2.8402403 2.7282120 3.0311864 3.1113230 3.3152714 2.5625213 2.9472802 3.1739894 2.1238735 2.6966652 2.9930324 3.4124606 4.2853495 4.2764880 4.0119037 3.8690468 3.2129835 3.2129835 4.0077268 3.9682368 3.2699623 5.1178090 4.5552080 
Fspp_ffun1.m4.17845.m1                                  1.8407737 1.7854943 1.5305693 1.4304792 1.3075677 1.5382786 1.4918933 1.1012182 0.8278406 0.5358716 0.3690104 0.0000000 0.2994614 0.3233635 0.3481215 0.6482576 1.0611051 1.3019643 1.0635289 1.7740866 1.8510159 1.7868554 1.2889709 1.5669259 1.7246644 1.6157629 2.0872181 2.1514269 1.7219298 1.6884776 1.4347586 1.9948031 1.6647115 1.8351061 1.5933133 1.6805307 1.7497007 1.7580541 1.8410496 2.3525144 2.3176716 2.2846823 2.1217967 2.8997604 2.4467975 2.6163532 2.5678873 3.0550252 3.1548341 2.8427637 2.6815209 3.2736267 3.1727093 3.0732277 3.1124805 3.2672636 3.4437136 2.7972408 3.0781469 3.6147358 2.6451934 2.9281586 2.9836718 3.7664377 4.8615298 4.9041071 4.8772152 4.2605445 3.0406504 3.0406504 4.1199057 4.4045965 3.6931573 5.3055766 4.7332819 
Gasp_gasp1.m3.3016.m1                                   1.9331738 1.8748609 1.6093521 1.5605284 1.4472080 1.4884134 1.6559680 1.2425049 0.9317614 0.7673974 0.5208337 0.2994614 0.0000000 0.4439333 0.4723008 0.6101668 1.3349487 1.5798519 1.0906810 1.9506202 2.1358664 2.0860911 1.5117524 1.8727175 1.8170313 1.7151055 2.0711136 2.2233409 1.6836787 1.5572816 1.7358223 2.2482306 1.7436173 1.9661314 1.7146636 1.7774438 1.8267607 1.8389561 2.1197341 2.7267866 3.1566666 2.6940467 2.3211950 3.2475539 2.4806722 2.9752489 2.9147390 3.1182843 3.3880597 2.9203027 2.8678120 3.5735781 3.5044585 3.3095277 3.5651278 3.7002493 3.6548473 3.0230891 3.3480631 4.0042781 2.6246330 3.1751601 3.1482696 4.2306609 4.5117292 4.4155616 4.6433636 4.3386566 3.3257925 3.3257925 4.1146725 4.3417615 3.9377086 4.7295297 4.7178330 
Spis_XP_022798310_1                                     1.7836894 1.7398033 1.4819678 1.3942392 1.2812461 1.5183213 1.4892152 1.0763176 0.7916028 0.5526194 0.3911072 0.3233635 0.4439333 0.0000000 0.0805197 0.7435715 1.0930551 1.3203283 1.0959578 1.8189352 1.9374678 1.8830645 1.3629997 1.7757932 1.7855077 1.6127250 2.0849931 2.1172002 1.7302546 1.5469788 1.4466226 2.0914452 1.7054415 1.9258015 1.6871050 1.7390468 1.8558793 1.8595718 1.9276150 2.3752716 2.4821920 2.2965964 2.0688093 2.9971410 2.3824255 2.5606461 2.5199846 3.0432452 2.9741796 2.8128362 2.6689828 3.1518851 3.0490127 2.8511014 3.2063619 3.1496694 3.6223694 2.7825784 3.0409597 3.2515770 2.4266657 2.7175399 3.1888573 3.8630176 4.9843179 4.9726984 4.7126162 4.1835100 2.8095796 2.8095796 3.9684361 4.1927317 3.7197483 4.9975208 4.8263307 
Pocdam_XM_027199202.1                                   1.8357577 1.7173284 1.4585660 1.4064206 1.2984746 1.4941455 1.4900102 1.1343099 0.8347893 0.6252138 0.4430011 0.3481215 0.4723008 0.0805197 0.0000000 0.7460150 1.1425744 1.3965782 1.0702289 1.7720562 1.9026605 1.8532769 1.3243886 1.7283906 1.7070221 1.6119445 2.0269426 2.0972992 1.7843081 1.6835811 1.5101258 2.1346859 1.6965921 1.9294679 1.6588573 1.7421076 1.8128956 1.8165441 1.9079670 2.4108546 2.5069927 2.3064243 2.1111247 2.9540303 2.4231864 2.6360808 2.5940013 2.8813841 2.9496672 2.7283423 2.6480940 3.1274554 3.0161513 2.7800747 3.2335405 3.2487357 3.5927952 2.7807440 3.0716033 3.2323784 2.3514764 2.6555478 3.1589461 3.9583660 4.6887814 4.6342591 4.5318860 4.0365381 2.8932659 2.8932659 3.9918700 4.3579752 3.7626110 5.0612740 4.7210318 
Gfas_gfas1.m1.2454.m1                                   2.1350054 2.1193996 1.7817319 1.7289044 1.6776881 1.7380333 1.6552163 1.5037453 1.1689057 1.0201707 0.6765386 0.6482576 0.6101668 0.7435715 0.7460150 0.0000000 1.4789504 1.7331237 1.1378145 1.9192257 2.2677291 2.1742969 1.4727581 2.0238980 1.8029932 2.0196227 2.0085078 2.0169135 1.8932778 1.5420245 1.7858787 2.6537582 1.7820699 2.2309258 1.8356052 2.0082082 2.0699567 2.0790107 2.2157372 2.5177783 3.1536217 2.6408097 2.3145874 3.0611334 2.2574925 2.6396415 2.5970368 3.1072018 2.9729801 2.7438142 2.5842998 3.5805963 3.4303151 3.2953035 3.4379546 3.5411016 3.4785140 3.1430035 3.2750288 3.6069071 2.8806937 3.2346723 3.1485044 3.7092749 4.1810746 4.1534856 4.6464683 4.2059641 3.5498644 3.5498644 4.0560442 4.3003696 4.0632348 5.3007747 4.4574690 
Dgig_XM_028545511.1                                     1.8336075 1.8934124 1.6175707 1.5926085 1.5097328 1.7574702 1.8035720 1.5368240 1.1788953 1.3533192 1.1024021 1.0611051 1.3349487 1.0930551 1.1425744 1.4789504 0.0000000 0.4297439 0.8904861 1.5884269 1.6974784 1.6787471 1.2360086 1.7028316 1.6497796 1.6735835 2.0605366 2.0847113 1.5165685 1.4986302 1.6963133 2.0574059 1.6889312 2.1034877 1.5532086 1.7172189 1.8907475 1.8945207 1.9580445 2.1333846 2.2975876 1.9016171 1.6594810 2.5334860 1.8861410 2.3122817 2.2974403 2.7547563 2.8997937 2.8044086 2.7105902 3.3163761 3.0159606 2.9079498 3.1013926 3.1240641 3.3521784 2.8614096 2.6244848 3.2731655 2.4402243 2.8610473 3.1803748 3.3686921 3.4718381 3.5360329 4.0896579 3.8085131 2.8401850 2.8401850 3.8833081 4.6756854 3.5422749 4.4505618 4.6047083 
Xesp_014571-T1                                          1.8817707 2.0101508 1.6877594 1.6202063 1.6385901 1.7094207 1.9357477 1.7377294 1.2861153 1.5718869 1.3148076 1.3019643 1.5798519 1.3203283 1.3965782 1.7331237 0.4297439 0.0000000 1.0634888 1.7258965 1.8725592 1.8068914 1.4153177 1.8486011 1.7826347 1.6382542 2.0199975 2.0970055 1.5658605 1.4602295 1.8708128 2.1116322 1.7390172 2.1390165 1.7464817 1.8669033 2.0384086 2.0370542 2.1165801 2.5395256 2.7003703 2.2745754 1.9176346 2.6006635 1.8498721 2.6027542 2.5720271 2.8365905 2.9501188 2.9107194 2.8117240 3.3966381 3.0032954 2.9239234 3.1644482 3.3556477 3.3656349 2.9274166 2.7515064 3.4902708 2.5005898 3.0572012 3.2796869 3.4670160 3.8634621 3.8752037 4.3437504 3.8562058 2.8511745 2.8511745 4.0241000 4.7156418 3.5239477 4.2624882 4.6954252 
Hvul_g19943_1                                           1.4330683 1.2315027 1.3015759 1.2969185 1.0970247 1.1849338 1.1945783 1.5764979 1.1437567 1.0228271 0.9837271 1.0635289 1.0906810 1.0959578 1.0702289 1.1378145 0.8904861 1.0634888 0.0000000 0.7126639 0.6709011 0.6569419 0.5786815 0.5497096 0.5825539 1.2332444 1.6885870 1.6461588 1.3862434 1.4652944 1.3195145 1.6495021 1.4888327 1.6057987 1.5849699 1.6224014 1.4565655 1.4565655 1.4587779 1.8265738 2.0417698 2.1653410 2.1617484 2.6073413 2.2726118 2.4785296 2.5102955 2.3635625 2.5137209 2.0807993 1.9701809 2.4655102 2.6102477 2.4451580 3.0288865 2.9491204 3.2926154 2.1965758 2.7926068 2.8873069 2.4770396 2.3721192 2.3273560 3.2226430 3.8406261 4.0009126 3.8291680 3.7342152 2.2015638 2.2015638 3.4784833 4.1723947 2.7504506 3.6422678 3.4861271 
Aaur_scaffold421.g3.t1                                  2.2114392 1.8951217 1.5555764 1.7294205 1.4206865 1.7315606 1.7097046 1.7758056 1.6750700 1.8458766 1.5998038 1.7740866 1.9506202 1.8189352 1.7720562 1.9192257 1.5884269 1.7258965 0.7126639 0.0000000 0.4201425 0.4028684 0.7410374 1.0427511 0.4844127 1.8127843 2.0427189 2.0735379 1.8976821 1.8305695 1.8870216 2.2343206 1.7035905 2.0968299 1.9111561 2.0034903 1.9935326 1.9823766 2.0685223 2.1799708 2.3237586 2.3808723 2.2899777 2.7523208 2.5591503 2.5721614 2.5469560 2.8455640 3.3566164 2.6425811 2.6497057 3.3557558 3.0874337 3.0172758 3.8094255 3.6807248 3.9111598 3.2069402 3.0365466 3.6365235 2.6295902 3.5415276 3.2423012 3.8178515 4.1292345 3.8963111 3.8646114 3.9349498 3.0862309 3.0862309 4.1819585 4.8278358 3.8346217 5.0818455 4.6464273 
Nemnom_g17484.t1                                        2.2246862 2.0438969 1.6763218 1.7566252 1.5570892 1.8363290 1.8379528 1.8426660 1.7380101 1.9644081 1.6986215 1.8510159 2.1358664 1.9374678 1.9026605 2.2677291 1.6974784 1.8725592 0.6709011 0.4201425 0.0000000 0.1404323 0.7701811 1.0308920 0.6479740 1.8749050 2.2508330 2.2159733 2.0977009 1.7718751 2.0835018 2.4271136 1.9490698 2.2901402 2.0675720 2.1035162 2.1890852 2.1770993 2.2508595 2.1532885 2.6677954 2.3261933 2.1634212 2.5869864 2.1377804 2.4710112 2.4585439 2.9262923 3.6212352 2.6915497 2.6608484 3.6085110 3.5213798 3.3486221 3.6123512 3.6273205 4.0792680 3.1622547 3.1337688 3.7056545 2.5575577 3.6635353 3.2206523 3.4829473 4.4758047 4.3656581 4.2810421 4.2403298 3.3913855 3.3913855 4.2060252 4.7147699 3.8260628 5.3542633 5.5005480 
Rhoesc_Res_007974-T1                                    2.1658193 2.0754802 1.6481217 1.6641125 1.5045200 1.8734769 1.7322354 1.7564338 1.6874005 1.9325616 1.6685968 1.7868554 2.0860911 1.8830645 1.8532769 2.1742969 1.6787471 1.8068914 0.6569419 0.4028684 0.1404323 0.0000000 0.7748823 1.0226548 0.6492587 1.8964479 2.1387984 2.1521476 2.0691952 1.7546735 2.1035547 2.3425772 1.8611246 2.1958506 1.9995221 2.0333553 2.0542078 2.0427985 2.1653484 2.1277760 2.5286207 2.3799305 2.2060267 2.6591884 2.1950502 2.4515088 2.4274943 2.7750321 3.4793907 2.7077065 2.7059787 3.3919821 3.3241958 3.1294282 3.5271610 3.6552871 3.9215962 2.9888908 3.0926360 3.6128253 2.5220628 3.5315644 3.0722374 3.4910806 4.3545793 4.2694521 4.0337218 3.8631494 3.2986150 3.2986150 4.5154321 4.9108416 3.8156416 5.3960174 5.0850700 
Morvir_scaffold2.g193.t1                                1.7777161 1.6189906 1.4113474 1.4477475 1.3097859 1.4405488 1.4534032 1.6009632 1.2689904 1.4860048 1.2461247 1.2889709 1.5117524 1.3629997 1.3243886 1.4727581 1.2360086 1.4153177 0.5786815 0.7410374 0.7701811 0.7748823 0.0000000 0.8126809 0.7178764 1.6022655 1.8813201 1.7870153 1.7142000 1.7324077 1.6112184 1.7499716 1.6402436 1.6759406 1.6039318 1.6384629 1.5691930 1.5813276 1.6722037 2.0645927 2.4721660 2.1841717 2.1911824 2.5463053 2.3818042 2.1803971 2.1633301 2.5345300 2.9197971 2.3940150 2.1901547 2.8520436 2.9505801 2.7605737 3.3408820 3.2738385 3.3320213 2.8089889 2.7032112 3.8471666 3.1501994 2.8496004 3.0891191 3.2244213 4.5097940 4.6048231 4.3439910 3.8992411 3.1925015 3.1925015 4.1503897 4.7036861 3.1177815 5.2121958 4.6286563 
Chem_TCONS_00017932                                     2.1436787 2.2422272 1.7921707 1.6506444 1.8404055 1.8242953 1.8651247 1.8928485 1.6589464 2.0131397 1.7437318 1.5669259 1.8727175 1.7757932 1.7283906 2.0238980 1.7028316 1.8486011 0.5497096 1.0427511 1.0308920 1.0226548 0.8126809 0.0000000 0.9730449 1.9554788 2.4668730 2.4877922 2.1675019 1.7852305 1.8469272 2.2734962 1.7501855 2.1755263 2.0415697 2.1242660 2.2513329 2.2425438 2.3090568 2.3808645 2.8463579 2.6470098 2.2445452 3.0406647 2.7122993 2.7282814 2.7485599 3.1501799 3.3206728 2.7747257 2.8598507 3.5606050 3.7488085 3.3850038 3.8369933 3.7045548 3.6336646 3.3227588 3.3723039 3.7656731 2.9789577 3.2848271 3.5674581 4.1361289 5.0912785 4.8059620 4.3261794 3.8545502 3.8268427 3.8268427 4.5174055 4.5901271 3.8073352 5.3699452 5.0867905 
Sanmal_Sma_015498-T1                                    2.1836737 1.8206208 1.6087331 1.6937730 1.5560928 1.6114057 1.7529267 1.7017779 1.4841509 1.8952233 1.6083376 1.7246644 1.8170313 1.7855077 1.7070221 1.8029932 1.6497796 1.7826347 0.5825539 0.4844127 0.6479740 0.6492587 0.7178764 0.9730449 0.0000000 1.7631343 2.0922524 2.1768005 2.0589393 1.8305486 2.0314179 2.0607318 1.8040603 2.2359578 1.9030674 2.0424609 2.0979626 2.0811191 2.2084782 2.1884894 2.5817516 2.4344952 2.3388590 2.5975677 2.6002509 2.5784499 2.5608887 2.6283360 3.2039224 2.7075131 2.6482915 3.1919711 3.2090185 2.9761924 3.8717091 3.7007173 3.8958418 3.3581750 3.0901486 3.6155713 2.8490370 3.6438995 3.3250163 3.5527361 4.3623466 4.3417759 3.8258667 3.6401763 2.9613537 2.9613537 4.2390153 4.4267489 3.8993415 5.8454189 4.8814242 
Cgig_XM_011444516.3                                     1.3764014 1.3780778 1.3567470 1.3464180 1.0400157 0.9842955 1.4916458 1.8895852 1.4825946 1.8147710 1.5002124 1.6157629 1.7151055 1.6127250 1.6119445 2.0196227 1.6735835 1.6382542 1.2332444 1.8127843 1.8749050 1.8964479 1.6022655 1.9554788 1.7631343 0.0000000 2.1001872 2.1066302 1.7452738 1.5626757 1.5166351 1.7154368 1.8568134 2.1407109 2.0414524 2.1168701 2.0931350 2.0877789 2.1438672 2.0992186 2.4600778 2.1637132 2.0619211 2.4986993 2.1332115 2.1343709 2.1701588 2.7356476 2.8857176 2.3820917 2.4161019 3.2094021 2.9183327 2.7670155 3.3022986 3.2559206 3.5001989 2.9935852 3.1642499 3.5593729 2.7497126 2.9288392 2.8117165 3.5224734 4.1668625 4.0776243 4.0314754 3.7059738 3.1325740 3.1325740 3.4581011 4.2843923 3.3760320 4.2583639 4.4845409 
Emue_Em0016g521a.t1                                     2.1876667 2.3736524 2.0048434 1.9556932 2.0140874 2.0782964 1.9528616 2.6655868 2.1631197 2.3226177 1.8714528 2.0872181 2.0711136 2.0849931 2.0269426 2.0085078 2.0605366 2.0199975 1.6885870 2.0427189 2.2508330 2.1387984 1.8813201 2.4668730 2.0922524 2.1001872 0.0000000 0.1644265 1.1915735 1.1931262 2.2609202 2.3989882 2.0218810 2.2303860 2.0413098 2.1689010 2.2037161 2.1888282 2.4854014 2.3610200 2.6183597 2.4555285 2.4976247 2.4672309 2.7235188 2.1642190 2.1642716 3.0455983 2.7955930 2.8884829 2.3433711 3.8095723 3.4199905 3.1806723 3.7792376 4.0095255 4.5036738 3.5113209 2.6882447 3.5200985 2.9292847 3.6172911 3.0218432 3.5773502 3.7024925 3.6338694 4.2571042 3.6903342 3.0833324 3.0833324 4.0202472 4.8431662 3.7302207 5.2900319 4.6984863 
Spolac_c99092_g1_i5_m.18798c99092-g1                    2.2619509 2.4187223 2.1430776 1.9713638 2.1696579 2.1571833 2.0200479 2.6040043 2.2173094 2.4906905 1.9814801 2.1514269 2.2233409 2.1172002 2.0972992 2.0169135 2.0847113 2.0970055 1.6461588 2.0735379 2.2159733 2.1521476 1.7870153 2.4877922 2.1768005 2.1066302 0.1644265 0.0000000 1.2908295 1.2208589 2.2428170 2.4385396 2.1630528 2.3049155 2.1611745 2.2327236 2.2589671 2.2594005 2.4944453 2.4063100 2.5542635 2.5189132 2.4044892 2.5372613 2.8573575 2.1475521 2.1395034 3.0212502 2.9403859 2.9253225 2.4304850 3.7037200 3.2832316 2.9814435 3.5956726 3.7092866 4.6820805 3.4753584 2.6695497 3.4345931 3.0662620 3.6204915 3.0848823 3.6055498 3.8191124 3.6522819 4.5550051 4.0084250 3.0344637 3.0344637 3.7831167 5.0877873 3.9018838 5.1064009 4.6512499 
Tetwil_g23285.t2                                        1.6016418 1.8717751 1.4571604 1.6470851 1.4895028 1.6055694 1.7027720 2.0288665 1.6055501 1.8789544 1.5459652 1.7219298 1.6836787 1.7302546 1.7843081 1.8932778 1.5165685 1.5658605 1.3862434 1.8976821 2.0977009 2.0691952 1.7142000 2.1675019 2.0589393 1.7452738 1.1915735 1.2908295 0.0000000 0.6827567 1.6621373 2.0015959 1.9838682 2.1873057 1.9418402 1.9843431 2.1365372 2.1230382 2.1854483 1.9088341 2.3392904 1.9599346 2.1576331 2.3513577 2.2877946 2.1052442 2.1413267 2.4497418 2.5552498 2.0128486 1.8557426 3.6099617 3.3902579 3.1156524 3.4509134 3.4634885 3.6008849 3.0215973 3.0974894 3.5787479 2.6287062 3.2910136 3.2030755 3.5188487 3.2797557 3.2108883 3.6076588 3.4153534 2.4818928 2.4818928 4.1755080 4.0481415 3.6031370 4.3341801 4.0151173 
Stycar_maker-SC_scaffold84433-augustus-gene-0.3-mRNA-1  1.4111537 1.6426996 1.2844421 1.3560716 1.4402266 1.3769177 1.3662507 2.0889853 1.5543191 2.0762652 1.3917133 1.6884776 1.5572816 1.5469788 1.6835811 1.5420245 1.4986302 1.4602295 1.4652944 1.8305695 1.7718751 1.7546735 1.7324077 1.7852305 1.8305486 1.5626757 1.1931262 1.2208589 0.6827567 0.0000000 1.8732304 1.9424913 1.8847408 1.9735477 2.0521227 2.0660945 1.9407462 1.9407462 2.0767879 2.1642843 2.9077943 1.9112563 2.0146582 2.5626299 2.1419052 2.5122796 2.4718194 2.3756708 2.6864658 2.1643932 1.9902708 2.7108363 3.1862009 2.9021435 3.4408017 3.2062769 3.5147516 2.3272962 2.7990202 2.7546405 2.7276928 2.9772847 2.3285881 2.7394925 3.2769864 3.0813015 3.1995720 3.1514500 2.1626226 2.1626226 3.0249601 3.1386080 2.8309492 3.0621157 3.3068911 
Cscu_XM_023356497.1                                     1.6281302 1.7496273 1.4430341 1.2988635 1.2990333 1.3177564 1.3879021 2.0055578 1.4199474 1.6480845 1.4212021 1.4347586 1.7358223 1.4466226 1.5101258 1.7858787 1.6963133 1.8708128 1.3195145 1.8870216 2.0835018 2.1035547 1.6112184 1.8469272 2.0314179 1.5166351 2.2609202 2.2428170 1.6621373 1.8732304 0.0000000 1.9076484 1.9041142 2.2110521 1.9867960 2.0577491 2.2416701 2.2359327 2.2900699 2.4395882 2.4663367 2.4305411 2.2756711 2.8561713 2.6287018 2.8425984 2.8325811 3.0462623 3.2843409 3.0355076 2.9032562 3.3366603 2.7626038 2.7057655 3.2399668 3.1510049 3.5342932 3.2542850 3.2023790 3.7695731 3.1645479 2.8998927 2.9887760 3.8715715 4.3536421 4.2221618 4.3404586 3.7550600 3.1523740 3.1523740 3.8788140 4.0186754 3.8918390 4.9895618 4.8930087 
Tcas_TC008317_001                                       2.0959441 2.0615611 1.8781478 1.8138101 1.7361841 1.8344712 1.5544501 2.5857838 2.0372882 2.4082625 1.9600427 1.9948031 2.2482306 2.0914452 2.1346859 2.6537582 2.0574059 2.1116322 1.6495021 2.2343206 2.4271136 2.3425772 1.7499716 2.2734962 2.0607318 1.7154368 2.3989882 2.4385396 2.0015959 1.9424913 1.9076484 0.0000000 1.9928980 2.3871469 1.8163314 1.8564835 2.2406409 2.2349263 2.3055161 2.4539523 2.5410203 2.6765702 2.5787440 2.9000851 2.5065569 2.5364147 2.5682294 2.9851707 3.2530341 2.9482025 2.9453209 2.8828194 2.9346334 2.7489184 2.9855077 3.1810845 3.4123215 3.0147134 3.3863847 3.6301316 2.9129945 3.2211216 3.2025270 3.9144417 5.0448572 4.7316140 4.8899776 4.0653487 2.7740659 2.7740659 4.2822562 4.4020175 4.1959681 4.9192340 4.9021477 
Tadh_TriadT58294                                        1.9795197 1.9868627 1.9331427 1.8332177 1.4662907 1.7188714 2.0482355 1.7694720 1.5599211 1.9248045 1.5762236 1.6647115 1.7436173 1.7054415 1.6965921 1.7820699 1.6889312 1.7390172 1.4888327 1.7035905 1.9490698 1.8611246 1.6402436 1.7501855 1.8040603 1.8568134 2.0218810 2.1630528 1.9838682 1.8847408 1.9041142 1.9928980 0.0000000 0.0529776 0.1961755 0.2023624 0.2899265 0.2769714 0.2916811 2.3098805 2.7057417 2.4310080 2.4456846 2.9557045 2.6050739 2.5380045 2.5652143 2.4330634 2.9663729 2.6887529 2.5120533 3.4302905 3.3161826 3.0683519 4.0893522 3.6672331 3.9167182 3.5637412 3.2401420 4.1475800 3.4186758 3.2540078 4.1154592 4.2091934 4.6712576 4.8311167 4.6586752 3.9120365 3.6032788 3.6032788 4.5809181 4.9725119 4.7964135 5.0084272 5.3026878 
TrH2_TrispH2_002815-RA                                  2.3454268 2.4321158 2.3572884 2.2091584 1.9433817 2.0817325 2.3657681 2.1425773 1.8435904 2.0621528 1.8534476 1.8351061 1.9661314 1.9258015 1.9294679 2.2309258 2.1034877 2.1390165 1.6057987 2.0968299 2.2901402 2.1958506 1.6759406 2.1755263 2.2359578 2.1407109 2.2303860 2.3049155 2.1873057 1.9735477 2.2110521 2.3871469 0.0529776 0.0000000 0.2125806 0.2519879 0.2826727 0.2732216 0.2817327 2.2767404 2.5876710 2.4005812 2.5214586 3.0041763 2.6730380 2.4991888 2.5116082 2.7293134 3.1852041 2.7700853 2.6912231 3.4699822 3.4099123 3.3313084 4.0166096 3.7727105 3.9487799 3.6576466 3.2834967 4.3021578 3.1490472 3.4307218 3.9528477 4.0585528 4.7981245 5.0531338 4.9205507 4.1657187 3.5863323 3.5863323 4.6110084 5.1837304 4.4484510 5.2400973 5.4620808 
HoiH06_mRNA3610                                         1.9170567 2.1080590 1.7756654 1.8736371 1.6500917 1.8024437 1.9581251 1.8169649 1.6442658 1.8672248 1.6456511 1.5933133 1.7146636 1.6871050 1.6588573 1.8356052 1.5532086 1.7464817 1.5849699 1.9111561 2.0675720 1.9995221 1.6039318 2.0415697 1.9030674 2.0414524 2.0413098 2.1611745 1.9418402 2.0521227 1.9867960 1.8163314 0.1961755 0.2125806 0.0000000 0.0605060 0.0697817 0.0739404 0.1569685 2.0865111 2.1549606 2.2072730 2.4257959 2.9399497 2.7893748 2.1998286 2.2059632 2.5109036 2.7693696 2.6077598 2.4197741 3.0502267 3.0667871 2.8886982 3.5900555 3.3418272 3.6280719 3.2853303 2.9740068 3.8953525 3.2352346 3.1121928 3.6647320 3.5342613 4.7337890 4.6330923 4.8010479 3.6549400 3.3962114 3.3962114 4.2616085 4.4223256 4.1985404 4.8420393 5.6572756 
HoiH23_PlH23_003807-RA                                  2.0042301 2.1589736 1.8577002 1.8895739 1.7874823 1.8243087 1.9803467 1.8347802 1.7156542 1.9593981 1.7233436 1.6805307 1.7774438 1.7390468 1.7421076 2.0082082 1.7172189 1.8669033 1.6224014 2.0034903 2.1035162 2.0333553 1.6384629 2.1242660 2.0424609 2.1168701 2.1689010 2.2327236 1.9843431 2.0660945 2.0577491 1.8564835 0.2023624 0.2519879 0.0605060 0.0000000 0.0845867 0.0886375 0.1694683 2.1316735 2.2338794 2.3154156 2.3521693 3.0895882 2.8473015 2.2709307 2.2771407 2.6338711 2.9263985 2.7484823 2.6036234 3.2635707 3.2773990 3.1337924 3.6319882 3.4843144 3.8563334 3.5110923 3.0823381 4.1755318 3.3349380 3.3101191 3.6619795 3.6488621 5.1081016 4.9474097 5.1593739 4.0285435 3.4698391 3.4698391 4.3994739 4.5027263 4.4567319 4.8018174 5.7653582 
Hhon_g07609.t1                                          2.1563370 2.3606708 1.9855567 2.0545125 1.8822209 1.9759986 2.2375068 1.9864963 1.8225862 2.0509213 1.8094163 1.7497007 1.8267607 1.8558793 1.8128956 2.0699567 1.8907475 2.0384086 1.4565655 1.9935326 2.1890852 2.0542078 1.5691930 2.2513329 2.0979626 2.0931350 2.2037161 2.2589671 2.1365372 1.9407462 2.2416701 2.2406409 0.2899265 0.2826727 0.0697817 0.0845867 0.0000000 0.0065418 0.1531707 2.1815004 2.4057726 2.3074433 2.3131479 3.0829263 2.6268936 2.3411383 2.3560254 2.7031490 2.9505619 2.7900464 2.7159052 3.3830492 3.2751696 3.1606701 3.8142250 3.6107374 4.0942744 3.7050828 3.4681307 4.5211384 3.3374526 3.5168734 3.9568801 3.8356830 5.0838870 4.9808887 5.0105439 4.0215093 3.6056887 3.6056887 4.5469555 5.1126230 4.4814473 5.0529322 5.4720787 
HoiH04_mRNA13224                                        2.1506547 2.3547681 1.9802605 2.0491421 1.8767757 1.9775702 2.2258783 1.9826574 1.8194996 2.0369235 1.7979854 1.7580541 1.8389561 1.8595718 1.8165441 2.0790107 1.8945207 2.0370542 1.4565655 1.9823766 2.1770993 2.0427985 1.5813276 2.2425438 2.0811191 2.0877789 2.1888282 2.2594005 2.1230382 1.9407462 2.2359327 2.2349263 0.2769714 0.2732216 0.0739404 0.0886375 0.0065418 0.0000000 0.1599666 2.1815004 2.4057726 2.3074433 2.3131479 3.0829263 2.6268936 2.3411383 2.3560254 2.6875577 2.9400357 2.7847425 2.7105522 3.3887173 3.2887918 3.1737947 3.8298734 3.6247324 4.1205699 3.7400101 3.4731584 4.4760318 3.3374526 3.5110889 3.9478477 3.7993954 5.0826732 4.9821262 5.0344849 4.0529352 3.5986511 3.5986511 4.5109814 5.1097325 4.4788819 5.0529322 5.4630460 
HoiH11_mRNA9148                                         2.2869175 2.3428609 2.1233611 2.1944683 1.8095132 2.0871106 2.3461411 2.0015160 1.8433008 2.0704159 1.8336068 1.8410496 2.1197341 1.9276150 1.9079670 2.2157372 1.9580445 2.1165801 1.4587779 2.0685223 2.2508595 2.1653484 1.6722037 2.3090568 2.2084782 2.1438672 2.4854014 2.4944453 2.1854483 2.0767879 2.2900699 2.3055161 0.2916811 0.2817327 0.1569685 0.1694683 0.1531707 0.1599666 0.0000000 2.1728237 2.3484480 2.2959284 2.3263695 3.0293486 2.6300555 2.3336143 2.3560877 2.8489778 3.0124601 2.8208138 2.6258254 3.5579505 3.3537684 3.2867785 3.7670747 3.6905320 4.1064950 3.5906259 3.5094833 4.5503023 3.4186821 3.4547198 4.0371523 4.0648627 5.0751245 5.1315355 5.2694524 4.3350357 3.5631257 3.5631257 4.4855646 5.1081799 4.3624795 4.8623868 5.5958606 
Mlei_ML1302.g7.i1                                       2.2663601 2.7573057 2.4536291 2.4588430 2.2887731 2.3387836 2.2664593 2.4690891 2.4284478 2.4283404 2.1016068 2.3525144 2.7267866 2.3752716 2.4108546 2.5177783 2.1333846 2.5395256 1.8265738 2.1799708 2.1532885 2.1277760 2.0645927 2.3808645 2.1884894 2.0992186 2.3610200 2.4063100 1.9088341 2.1642843 2.4395882 2.4539523 2.3098805 2.2767404 2.0865111 2.1316735 2.1815004 2.1815004 2.1728237 0.0000000 0.3118965 0.4541237 0.5301137 0.8301087 0.8393464 0.7444812 0.7460170 2.4197008 3.0432947 2.5882128 2.4644777 3.3169072 2.8056399 2.7887155 3.0624403 3.0445406 3.6418760 2.8078161 2.7552952 2.9760273 2.9473793 2.6511215 3.0275906 3.2279722 3.7463112 3.6823676 3.7692998 2.9388539 2.8423484 2.8423484 3.2900228 3.4923464 3.0777549 4.2202987 3.8274726 
Drygla_Dgla_sb280468                                    2.2853113 3.4456333 2.7616598 2.5468862 2.4724335 2.4953856 2.1975551 2.6394410 2.7329709 2.6442047 2.2745840 2.3176716 3.1566666 2.4821920 2.5069927 3.1536217 2.2975876 2.7003703 2.0417698 2.3237586 2.6677954 2.5286207 2.4721660 2.8463579 2.5817516 2.4600778 2.6183597 2.5542635 2.3392904 2.9077943 2.4663367 2.5410203 2.7057417 2.5876710 2.1549606 2.2338794 2.4057726 2.4057726 2.3484480 0.3118965 0.0000000 0.5700125 0.7574066 0.9091480 0.8954128 0.7258016 0.7140880 2.9244645 2.9874631 2.8626074 2.6665570 3.3691290 2.7304836 2.7346464 2.8568249 3.1424538 3.3279432 3.2293461 2.5358134 2.9338694 2.8044457 2.8477351 3.4425620 3.2566457 3.6514629 3.6682927 3.9832937 3.2614017 2.8758500 2.8758500 3.7555949 3.7102908 2.7552882 4.5930104 4.9717719 
Lampan_Lpan_C405113_01                                  2.2417123 2.7492720 2.4378387 2.4277182 2.4451874 2.4017781 2.3988064 2.3033358 2.3023030 2.3054055 2.1094845 2.2846823 2.6940467 2.2965964 2.3064243 2.6408097 1.9016171 2.2745754 2.1653410 2.3808723 2.3261933 2.3799305 2.1841717 2.6470098 2.4344952 2.1637132 2.4555285 2.5189132 1.9599346 1.9112563 2.4305411 2.6765702 2.4310080 2.4005812 2.2072730 2.3154156 2.3074433 2.3074433 2.2959284 0.4541237 0.5700125 0.0000000 0.5028491 0.6933025 0.7331457 0.8417397 0.8435011 2.4565442 2.7408875 2.3560605 2.2451319 3.3323498 3.0037976 2.8694946 3.0171435 3.1342843 3.2064421 3.1723294 2.9996238 3.1207843 3.1501077 2.8956859 2.9085180 3.7312135 3.7530957 3.5918135 3.8115405 2.9487531 2.5415108 2.5415108 3.3521038 3.2305069 3.2127193 4.1754619 4.4661372 
Eupdun_Edun_sb10687269                                  2.2220174 2.2658265 2.0266936 2.0559631 2.2670086 2.2905561 2.0875827 2.4137233 2.1905017 2.3647019 1.9728952 2.1217967 2.3211950 2.0688093 2.1111247 2.3145874 1.6594810 1.9176346 2.1617484 2.2899777 2.1634212 2.2060267 2.1911824 2.2445452 2.3388590 2.0619211 2.4976247 2.4044892 2.1576331 2.0146582 2.2756711 2.5787440 2.4456846 2.5214586 2.4257959 2.3521693 2.3131479 2.3131479 2.3263695 0.5301137 0.7574066 0.5028491 0.0000000 0.8356542 0.8528030 0.8093612 0.8287270 2.3183271 2.9099050 2.5862108 2.5417415 3.3165540 3.3375992 3.2113018 2.9072085 2.7821731 3.5400233 2.7469482 2.7547057 3.1931177 2.9277167 2.6500137 2.9785401 3.2413560 3.8876944 3.7734062 3.6212227 3.2203264 3.3210307 3.3210307 2.8814438 3.0732149 3.3038201 3.7257630 4.6141502 
Vmul_sbMO435829                                         2.5736807 3.0382128 2.6909407 2.6613775 2.7429948 2.6934287 2.6346340 3.0725763 2.9233453 2.8553315 2.5389009 2.8997604 3.2475539 2.9971410 2.9540303 3.0611334 2.5334860 2.6006635 2.6073413 2.7523208 2.5869864 2.6591884 2.5463053 3.0406647 2.5975677 2.4986993 2.4672309 2.5372613 2.3513577 2.5626299 2.8561713 2.9000851 2.9557045 3.0041763 2.9399497 3.0895882 3.0829263 3.0829263 3.0293486 0.8301087 0.9091480 0.6933025 0.8356542 0.0000000 0.4049934 1.0807158 1.0729910 2.6621873 3.1133672 2.6245870 2.4885176 3.5706254 3.2424574 3.0288041 3.4446866 3.3633973 3.2035049 3.2247377 3.4089177 3.6162521 4.2740675 3.1763466 3.2133370 3.8725705 3.8656246 3.7343847 4.0757032 3.4919571 2.8292782 2.8292782 3.4327587 3.5132328 3.7103785 4.5785711 4.8429420 
Coeast_Cast_sb799913                                    2.5632137 2.4426480 2.5585869 2.1672998 2.4307215 2.5229093 2.3345191 2.8710878 2.4337149 2.5447801 1.9959457 2.4467975 2.4806722 2.3824255 2.4231864 2.2574925 1.8861410 1.8498721 2.2726118 2.5591503 2.1377804 2.1950502 2.3818042 2.7122993 2.6002509 2.1332115 2.7235188 2.8573575 2.2877946 2.1419052 2.6287018 2.5065569 2.6050739 2.6730380 2.7893748 2.8473015 2.6268936 2.6268936 2.6300555 0.8393464 0.8954128 0.7331457 0.8528030 0.4049934 0.0000000 0.9558030 0.9413703 2.8167442 3.6634488 2.8361381 2.4158270 3.1832372 3.4223679 3.3172954 3.6303780 3.4467053 3.2343055 3.1809380 3.0739772 3.8241321 3.8846861 3.8054741 3.5856508 4.1415894 4.6576811 4.3174355 3.9084348 3.7658143 2.7586091 2.7586091 3.3589910 2.9381582 3.2769380 3.3589497 3.7574656 
Pbac_sb2649384                                          2.3258589 2.7488809 2.8198642 2.6482111 2.4218572 2.3281808 2.2032507 2.6444380 2.6040292 2.6656184 2.3429775 2.6163532 2.9752489 2.5606461 2.6360808 2.6396415 2.3122817 2.6027542 2.4785296 2.5721614 2.4710112 2.4515088 2.1803971 2.7282814 2.5784499 2.1343709 2.1642190 2.1475521 2.1052442 2.5122796 2.8425984 2.5364147 2.5380045 2.4991888 2.1998286 2.2709307 2.3411383 2.3411383 2.3336143 0.7444812 0.7258016 0.8417397 0.8093612 1.0807158 0.9558030 0.0000000 0.0116294 2.3703374 2.9836351 2.6558278 2.6212902 3.6383712 3.1693448 3.0910545 3.3260344 3.1897723 3.4365058 2.9640174 2.8743572 3.2438158 3.5622430 3.3097100 3.4557961 3.4329636 4.1074517 3.7758569 3.9897338 3.1419123 3.1677202 3.1677202 3.2666642 4.1312888 3.4977145 4.2458456 4.1169601 
Horcal_Hcv1.av93.c1.g967.i2                             2.3529520 2.7481949 2.8111638 2.6678611 2.4103880 2.3331476 2.1851157 2.6242698 2.5861807 2.6481792 2.3085157 2.5678873 2.9147390 2.5199846 2.5940013 2.5970368 2.2974403 2.5720271 2.5102955 2.5469560 2.4585439 2.4274943 2.1633301 2.7485599 2.5608887 2.1701588 2.1642716 2.1395034 2.1413267 2.4718194 2.8325811 2.5682294 2.5652143 2.5116082 2.2059632 2.2771407 2.3560254 2.3560254 2.3560877 0.7460170 0.7140880 0.8435011 0.8287270 1.0729910 0.9413703 0.0116294 0.0000000 2.3475997 3.0433803 2.6550318 2.6193566 3.6372454 3.1257708 3.0769011 3.3042909 3.1531404 3.4686860 2.9820997 2.8487502 3.2237727 3.5141863 3.3024274 3.4550075 3.4344408 4.1269056 3.7880582 3.9912437 3.1550188 3.1485114 3.1485114 3.2492317 4.1956701 3.4889987 4.2545927 4.1331068 
Plespi_Pspi_C603846_01                                  2.7935072 2.6410681 2.6829111 2.4908712 2.4696794 2.7632908 3.0566953 3.2977798 2.8802276 3.1166802 2.7166027 3.0550252 3.1182843 3.0432452 2.8813841 3.1072018 2.7547563 2.8365905 2.3635625 2.8455640 2.9262923 2.7750321 2.5345300 3.1501799 2.6283360 2.7356476 3.0455983 3.0212502 2.4497418 2.3756708 3.0462623 2.9851707 2.4330634 2.7293134 2.5109036 2.6338711 2.7031490 2.6875577 2.8489778 2.4197008 2.9244645 2.4565442 2.3183271 2.6621873 2.8167442 2.3703374 2.3475997 0.0000000 3.0538866 2.9487387 2.7849185 3.9833622 3.6688454 3.3855531 3.7146512 3.7259218 4.4105734 3.3465487 3.8064619 4.1103215 4.0768400 3.7244323 4.0742905 3.6065310 4.1376565 4.0817702 4.1780214 4.1974796 3.3444401 3.3444401 4.4615186 4.3442732 4.3218203 4.4996248 4.3140404 
Aque_Aqu2.1.11056_001                                   3.2331458 3.4283229 2.6765384 2.9307811 3.2192031 3.1410272 3.0338532 3.6231622 3.1305108 2.4861577 2.7436227 3.1548341 3.3880597 2.9741796 2.9496672 2.9729801 2.8997937 2.9501188 2.5137209 3.3566164 3.6212352 3.4793907 2.9197971 3.3206728 3.2039224 2.8857176 2.7955930 2.9403859 2.5552498 2.6864658 3.2843409 3.2530341 2.9663729 3.1852041 2.7693696 2.9263985 2.9505619 2.9400357 3.0124601 3.0432947 2.9874631 2.7408875 2.9099050 3.1133672 3.6634488 2.9836351 3.0433803 3.0538866 0.0000000 1.1177326 0.8721424 3.8311311 3.4363619 3.2120196 4.1875961 4.3592123 3.8961167 3.8916672 4.1177099 4.0209609 4.6622773 3.9873909 4.4785715 4.0964341 4.4711966 4.6829641 4.2037318 4.2936485 3.2821645 3.2821645 4.4751342 5.5445562 4.7904222 5.2916710 4.7347185 
