70
Hsap_ENST00000245816                                    0.0000000 0.7707171 0.7572499 0.8418225 1.0323259 0.8930225 1.0119600 1.0382748 0.4020718 0.9435254 0.9246608 1.2070088 1.0910251 1.0656628 0.9429146 0.9584797 0.6818301 1.2119769 1.0474621 0.7472097 0.9531686 0.9551054 0.9453212 1.0936545 0.9212933 1.0548435 1.0612648 0.9304963 0.9474735 1.3176783 1.3549351 1.2181241 1.0972410 1.2539983 0.8636125 1.0712900 1.1453062 1.3559524 1.0859775 1.3674662 1.3193131 1.1599492 1.2995746 1.3468833 1.5183608 1.5690896 1.5563306 1.5119586 1.5385766 1.0621974 1.3336671 1.0475470 0.9015894 1.2570795 1.3938367 1.3991551 1.2510791 1.3177102 1.0874901 1.5114835 1.3419106 1.4592682 1.4100585 1.4487421 1.5484327 1.2205883 1.2246429 2.1122569 1.4243240 1.0255470 
Spur_XM_781799.5                                        0.7707171 0.0000000 0.6145052 0.7712356 0.8406778 0.7064837 0.8155996 0.7443100 0.3694597 0.7628969 0.7936544 0.9245215 1.0856855 1.0656897 0.8538300 1.0023695 0.5134471 0.9448858 1.0404830 0.6032892 0.6423011 0.6489070 0.6122305 0.7032602 0.6403221 0.7423984 0.9831055 0.9989702 0.7454248 1.4745744 0.9504880 1.0462292 1.0686346 1.1421383 0.6336132 0.8915701 1.1184284 1.0791322 1.0816198 1.0287505 0.9095456 0.8136720 0.9078823 1.2519940 1.2713483 1.0829397 1.1552907 1.1697033 1.3156465 1.1383450 1.3931295 1.4331572 1.1583321 1.2793508 1.5273329 1.5260039 1.2142836 1.3895792 1.1682067 1.6492912 1.4112115 1.4909880 1.3595309 1.3036816 1.8494835 1.3852459 1.2644256 1.6249636 1.1595432 1.1647553 
Dpul_mRNA16691                                          0.7572499 0.6145052 0.0000000 0.6330547 0.8429354 0.8055746 0.9638175 0.9141328 0.3391057 0.8795608 0.8770527 1.0520946 0.9451099 0.8937078 0.7490796 0.9173026 0.4403068 0.9769276 0.9765917 0.7009932 0.8284016 0.8226920 0.7720814 0.8082670 0.7567234 0.8284470 0.9479429 0.9816513 0.8900554 1.2882224 1.1848699 1.0511868 1.1711686 1.1999583 0.6825300 0.9172148 1.1895560 1.4111189 1.3502998 1.1279925 1.2638417 0.9063514 1.0547909 1.2011832 1.3915483 1.1744959 1.1841368 1.1769584 1.6348644 1.4006228 1.4747527 1.4093563 1.2356160 1.5684427 1.3629571 1.3867046 1.2245834 1.3320697 1.2014575 1.6633037 1.5616801 1.7440562 1.6385897 1.2117258 1.8935719 1.3085207 1.3225249 2.1840003 1.2828751 1.0379134 
Cscu_XM_023355324.1                                     0.8418225 0.7712356 0.6330547 0.0000000 0.8483921 0.7924010 0.9211641 0.9072594 0.3173845 0.8678134 0.8445601 1.0108454 0.9591654 1.0058368 0.6842307 0.8138904 0.3842904 1.2471607 1.1228749 0.7253190 0.9451229 0.9394158 0.9418729 1.0025299 0.8687056 0.9913089 1.0028608 0.9938588 0.7899772 1.3456829 1.1311211 1.0461068 0.9870161 1.0854722 0.8154959 0.9232256 1.1935877 1.5483182 1.3362526 1.2198971 1.3276728 0.9424605 1.2347419 1.1381589 1.4197472 1.2176612 1.3100049 1.3289574 1.3997189 1.0707108 1.4861435 1.2256357 1.0779877 1.6006959 1.4491629 1.4744163 1.4508945 1.3766827 1.3313999 1.7027189 1.4536607 1.6294203 1.5223368 1.5673333 2.0637284 1.5787840 1.5225864 1.9145620 1.3257007 1.1038009 
Exapal_XM_021062128.2                                   1.0323259 0.8406778 0.8429354 0.8483921 0.0000000 0.3402895 0.6297160 0.6497672 0.2336025 0.6077486 0.5888391 0.6529411 0.7568930 0.8226807 0.5787112 0.5825336 0.8181847 0.8099018 0.8557531 0.8812472 0.7544460 0.7480067 0.7012882 0.7531244 0.6757800 0.7746439 0.8234371 0.8287374 0.7556855 1.2347944 1.1463307 0.7873772 0.9323167 1.1399113 0.9214831 0.9662390 0.9809116 1.2605775 0.8786160 0.8992006 1.1545268 0.8259621 0.9381674 1.0322078 1.2540229 1.1435966 1.1148434 1.0494822 1.2877603 1.3516041 1.5641337 1.2121483 1.0428967 1.3388616 1.3374470 1.3418866 1.2960328 1.3118207 1.2404041 1.7751791 1.6566851 1.5579197 1.6645956 1.3299791 1.4365253 1.1053500 1.1526195 1.2003071 0.9253549 1.0438603 
Nvec_v1g192713                                          0.8930225 0.7064837 0.8055746 0.7924010 0.3402895 0.0000000 0.4615641 0.4963286 0.1879667 0.4656907 0.4407819 0.5148071 0.7491263 0.7611526 0.5748829 0.6099499 0.6922051 0.8927448 0.8255909 0.7283919 0.7590632 0.7525822 0.7164729 0.8040526 0.7338152 0.7916843 0.8346789 0.8957123 0.7777681 1.0599501 1.0766006 0.7439542 0.9635318 1.1434037 0.9218983 0.9467676 0.9925372 1.1303490 0.8491174 0.8756344 1.0255352 0.7388529 1.0074012 1.0067887 1.3079867 1.0507214 1.1143547 1.0217631 1.2950546 1.0638436 1.5268124 1.2327352 0.9233159 1.3427713 1.2474763 1.2798225 1.2037519 1.3293626 1.2119444 1.5711684 1.4875205 1.4254379 1.4432639 1.2214151 1.5314124 1.2076595 1.2301161 0.9050204 0.9850701 1.2013770 
Adig_XM_015897211.1                                     1.0119600 0.8155996 0.9638175 0.9211641 0.6297160 0.4615641 0.0000000 0.2019353 0.0649088 0.2658042 0.2541234 0.2717184 0.8744732 0.9229837 0.6719570 0.7896153 0.7795620 0.9900441 0.7744689 0.8014895 0.8099550 0.7956631 0.7878215 0.8956307 0.7905040 0.8893436 0.6446681 0.7796373 0.7173439 1.1795409 1.1725786 0.8850853 0.9602095 1.1131508 1.0093007 1.1677724 1.0847671 1.0574925 0.9632052 1.1162053 1.2091080 0.9320260 1.0673154 1.0104415 1.5265021 1.2919908 1.0841095 1.2115799 1.5185965 1.0775371 1.4901079 1.2208438 1.0452622 1.3559184 1.3539957 1.3649714 1.1432219 1.3226912 1.2110623 1.7355681 1.5928170 1.8028824 1.5991943 1.5504369 1.4764774 1.3133885 1.3265383 0.2588683 1.1181380 1.1188491 
Gfas_gfas1.m1.5246.m1                                   1.0382748 0.7443100 0.9141328 0.9072594 0.6497672 0.4963286 0.2019353 0.0000000 0.0431091 0.2173012 0.2185939 0.2605379 0.8514346 0.8792479 0.6460057 0.7946626 0.7422898 0.8870809 0.8148667 0.7803238 0.8898336 0.8744714 0.8233820 0.9238116 0.8049512 0.9204691 0.6224528 0.7321341 0.7478566 1.2838142 1.2034265 0.9219921 1.0699187 1.2006060 0.9709282 1.2355951 1.0371204 1.0723358 0.9904273 0.9671120 1.0662220 0.8258698 1.0108862 0.9359594 1.4038643 1.2027335 1.1889910 1.1573258 1.4449780 1.1856003 1.4548525 1.1858537 1.0550284 1.3430667 1.2823240 1.2930194 1.1233862 1.2442966 1.2039719 1.5794520 1.4676679 1.4744967 1.3913537 1.4429753 1.4472524 1.4087844 1.3189115 0.6006667 0.9205702 1.0570769 
Gasp_gasp1.m3.8676.m1                                   0.4020718 0.3694597 0.3391057 0.3173845 0.2336025 0.1879667 0.0649088 0.0431091 0.0000000 0.0793681 0.0557774 0.1281228 0.2805444 0.3420162 0.3559657 0.3626899 0.3474559 0.3772176 0.3564757 0.4051114 0.5094289 0.5094289 0.5030017 0.5030017 0.4794848 0.5030017 0.4088589 0.4165874 0.4132741 1.1880109 0.6189237 0.4283606 0.4331889 0.4371896 0.4505677 0.5495231 0.7092127 0.5919408 0.5415285 0.5835387 0.5737640 0.4718368 0.4755093 0.6271167 0.6371303 0.5474416 0.4799448 0.5259481 0.6342550 0.6717046 0.8320677 0.8661164 0.7880921 0.8372327 0.7533198 0.7533198 0.7401319 0.8450200 0.6971727 0.6249035 0.7258783 0.7075384 0.7705284 0.7429606 0.7020671 0.6154014 0.6193192 1.0757956 0.3520672 0.4663289 
Spis_XP_022798193_1                                     0.9435254 0.7628969 0.8795608 0.8678134 0.6077486 0.4656907 0.2658042 0.2173012 0.0793681 0.0000000 0.0320087 0.2648024 0.7404366 0.7324020 0.6025672 0.6927018 0.6557400 0.9013950 0.8284191 0.7817251 0.8902708 0.8750506 0.8118251 0.9099900 0.8111735 0.8880962 0.7642997 0.8332865 0.7014643 1.0953433 0.9852354 0.8433543 1.1261966 1.2477097 0.9874540 1.1264420 0.8481790 1.0376975 0.9185107 0.9675094 1.1659216 0.7634090 1.0062934 0.9252918 1.3930813 1.2707245 1.1271057 1.2794004 1.4644273 1.0752316 1.3362877 1.1437386 1.0154585 1.1939979 1.1844509 1.2312217 1.0920163 1.2538629 1.2579530 1.6584207 1.5531548 1.6245660 1.5710196 1.4770424 1.3944333 1.2906496 1.2348293 0.7242325 1.0129023 1.0844046 
Pocdam_XM_027195286.1                                   0.9246608 0.7936544 0.8770527 0.8445601 0.5888391 0.4407819 0.2541234 0.2185939 0.0557774 0.0320087 0.0000000 0.2446765 0.7321440 0.7533873 0.5842973 0.7232917 0.6413846 0.8832105 0.8106522 0.8015796 0.9127463 0.8971754 0.8331132 0.9331543 0.8329276 0.9066415 0.7829687 0.8326688 0.6969235 1.0478611 1.0077925 0.8456042 1.1140447 1.2377982 0.9523640 1.1425610 0.8791380 1.0228786 0.9087633 0.9833248 1.1724519 0.7539521 0.9963344 0.9550887 1.3056733 1.2719386 1.1020595 1.2828067 1.4151477 1.0307225 1.3321610 1.1289573 0.9961338 1.2234435 1.1910216 1.2381257 1.0614442 1.1758359 1.2108924 1.6742864 1.5557731 1.6221430 1.4842156 1.4556465 1.3842705 1.2737913 1.2263376 0.6923960 0.9692746 1.0667044 
Fspp_ffun1.m4.11240.m1                                  1.2070088 0.9245215 1.0520946 1.0108454 0.6529411 0.5148071 0.2717184 0.2605379 0.1281228 0.2648024 0.2446765 0.0000000 0.9455314 0.9570986 0.7576435 0.8640036 0.9184446 1.1825513 0.9845580 0.9308665 1.0432174 1.0254165 1.0052773 1.0837322 0.9592731 1.0448491 0.9060288 0.9682384 0.8644087 1.2652328 1.4240313 1.0157831 1.4283439 1.4699040 1.1791686 1.2853405 1.1826229 1.3369133 1.1253500 1.2088538 1.4430496 1.0503741 1.2928503 1.2783590 1.5769136 1.4768080 1.3484532 1.4875905 1.6347037 1.1511882 1.6923456 1.5021803 1.3921341 1.4655670 1.5988584 1.6506614 1.3094973 1.5741847 1.4392573 2.0624149 1.7630050 1.8487327 1.7502663 1.7617747 1.7541851 1.6537828 1.4360522 0.5935740 1.0057447 1.4479175 
Nemnom_g19102.t1                                        1.0910251 1.0856855 0.9451099 0.9591654 0.7568930 0.7491263 0.8744732 0.8514346 0.2805444 0.7404366 0.7321440 0.9455314 0.0000000 0.1560648 0.5944087 0.7146935 0.8227865 0.6868102 0.4558942 0.9017203 1.1157383 1.1090211 1.0742503 1.1213197 1.0309608 1.1584158 0.9334015 0.9649084 0.8901851 1.1535398 1.0742752 0.5411603 0.9779432 1.2050326 1.5316318 1.3759726 1.1600032 1.2651250 1.1853809 1.1604700 1.4175016 1.0609492 1.2229528 1.3142825 1.5028777 1.5086239 1.3868446 1.4130351 1.6176502 1.5401775 1.6695968 1.5145630 1.1911189 1.4886760 1.5792108 1.6706365 1.3325137 1.5652858 1.5181230 1.4967620 1.4287264 1.5210854 1.4754844 1.8284352 1.6682270 1.4235882 0.8655479 1.8339356 1.4485541 1.1291723 
Rhoesc_Res_016187-T1                                    1.0656628 1.0656897 0.8937078 1.0058368 0.8226807 0.7611526 0.9229837 0.8792479 0.3420162 0.7324020 0.7533873 0.9570986 0.1560648 0.0000000 0.7518034 0.7785993 0.7980622 0.7831406 0.4844992 0.9048056 1.1257491 1.1186350 1.1276720 1.1704323 1.0906549 1.1962568 1.0354237 1.0271149 0.8976559 1.2571411 1.1211185 0.6134734 0.9520520 1.1340321 1.4369155 1.2939933 1.1536762 1.4146845 1.2654206 1.1354623 1.2794654 1.0087371 1.2255343 1.3698533 1.4278282 1.3905119 1.3994560 1.4187609 1.7108358 1.5387510 1.6946128 1.5251395 1.2734011 1.4517759 1.6536765 1.6903629 1.1765573 1.5411066 1.4564047 1.4807705 1.3558422 1.4984466 1.4297351 1.6710787 1.7537504 1.5191574 0.9509598 2.0113411 1.4160613 1.0162194 
Dgig_XM_028535210.1                                     0.9429146 0.8538300 0.7490796 0.6842307 0.5787112 0.5748829 0.6719570 0.6460057 0.3559657 0.6025672 0.5842973 0.7576435 0.5944087 0.7518034 0.0000000 0.2037808 0.6670507 0.8310297 0.6784468 0.8548993 0.7839393 0.7827614 0.8026126 0.8026126 0.7321454 0.7896128 0.7764523 0.8101943 0.7724977 1.0766228 1.0043077 0.6698192 1.1062305 1.0961042 0.9416200 0.9759202 1.3218804 1.0854842 1.0563724 0.8766371 0.9920170 0.8048506 0.9493174 0.9693738 1.3664353 1.1156397 1.1660747 1.1185787 1.4788274 1.3337309 1.2998017 1.2634258 1.1124477 1.2945562 1.2714279 1.3408054 1.0443624 1.1286952 0.9949419 1.4878302 1.2343306 1.3003617 1.3076619 1.3691491 1.3180790 1.3139041 1.1872130 1.3070956 1.0586006 0.9702425 
Xesp_009701-T1                                          0.9584797 1.0023695 0.9173026 0.8138904 0.5825336 0.6099499 0.7896153 0.7946626 0.3626899 0.6927018 0.7232917 0.8640036 0.7146935 0.7785993 0.2037808 0.0000000 0.8132799 0.9622772 0.8153834 0.8431432 0.8022444 0.8009993 0.8252194 0.8813569 0.8291824 0.8753057 0.8594887 0.9615793 0.8003107 1.0933701 1.2208600 0.7561370 1.1065747 1.2373999 1.1172638 1.1976440 1.2007777 1.3256747 1.0586673 1.0759139 1.1007402 1.0171682 1.0647955 1.0763240 1.5618135 1.3535882 1.3986207 1.1853938 1.6941868 1.1943509 1.5800018 1.4684426 1.0951630 1.5375882 1.6580797 1.7155419 1.3472478 1.3442062 1.3296952 1.4181275 1.3184066 1.2945809 1.2922215 1.5838400 1.5064391 1.5520736 1.2829281 1.4829556 1.2344768 1.1659022 
Acagra_model.g7339.t1                                   0.6818301 0.5134471 0.4403068 0.3842904 0.8181847 0.6922051 0.7795620 0.7422898 0.3474559 0.6557400 0.6413846 0.9184446 0.8227865 0.7980622 0.6670507 0.8132799 0.0000000 0.9348059 0.9615731 0.5355895 0.7280222 0.7274824 0.7155506 0.7688963 0.7477433 0.7947894 0.9396591 0.9589581 0.7081760 1.0411308 0.9116215 0.9374496 0.9110832 1.0426366 0.5919173 0.7979206 1.0943725 1.2640106 1.2077809 1.0619597 1.0466058 0.8273621 0.9762725 1.1476036 1.2296563 1.1921312 1.1106846 1.1415962 1.3561339 1.2086720 1.3918453 1.2272144 1.0199339 1.3166618 1.3853647 1.4179135 1.2091522 1.3179479 1.0915681 1.3739546 1.1968517 1.3326222 1.2574468 1.2486307 1.8602377 1.4066957 1.2877117 1.6905508 1.0607263 1.0559348 
Chem_TCONS_00058427                                     1.2119769 0.9448858 0.9769276 1.2471607 0.8099018 0.8927448 0.9900441 0.8870809 0.3772176 0.9013950 0.8832105 1.1825513 0.6868102 0.7831406 0.8310297 0.9622772 0.9348059 0.0000000 0.6907344 0.9274111 1.2630965 1.2611996 1.2450619 1.3164144 1.2122177 1.2545099 0.8703127 1.0458466 0.8978225 1.2571516 1.4262232 0.7716740 0.7750883 0.9542308 1.1878458 1.1512463 1.2796158 1.3133855 1.1545181 1.2064460 1.3428280 1.1501532 1.1214670 1.0999100 1.6626192 1.5710504 1.4776465 1.6678125 1.5018627 1.5002870 1.3591707 1.4264914 1.2283823 1.5657063 1.5131488 1.5442097 1.2244214 1.3565049 1.2339033 1.4238798 1.4227266 1.5396001 1.2954433 1.4327014 1.9739340 1.2583359 0.5839710 1.9972679 1.2920535 1.3014952 
Sanmal_Sma_012117-T1                                    1.0474621 1.0404830 0.9765917 1.1228749 0.8557531 0.8255909 0.7744689 0.8148667 0.3564757 0.8284191 0.8106522 0.9845580 0.4558942 0.4844992 0.6784468 0.8153834 0.9615731 0.6907344 0.0000000 0.9274177 1.0734179 1.0785922 1.1127913 1.2196674 1.0882779 1.2616755 0.9808151 1.0494144 0.8909600 1.2305125 1.3425758 0.6345489 0.9239837 1.1157142 1.4015413 1.2525877 1.1740378 1.3939677 1.0369647 1.1811471 1.3089938 1.1479832 1.3355572 1.3048219 1.4170753 1.5130808 1.2910154 1.4763944 1.7253059 1.4509476 1.6224330 1.4652878 1.1844058 1.5441990 1.5833509 1.6032325 1.3196350 1.5440897 1.2688611 1.5250079 1.4145003 1.5553418 1.3851660 1.8380501 1.6302075 1.2755117 0.7476728 1.7241358 1.5428410 1.3962008 
Ctel_gnl_WGS_AMQN_CAPTEDRAFT_mRNA163852                 0.7472097 0.6032892 0.7009932 0.7253190 0.8812472 0.7283919 0.8014895 0.7803238 0.4051114 0.7817251 0.8015796 0.9308665 0.9017203 0.9048056 0.8548993 0.8431432 0.5355895 0.9274111 0.9274177 0.0000000 1.0583630 1.0588002 1.0486760 1.0689708 1.1558761 1.1607140 1.0990479 1.0794732 1.1024436 1.4755474 1.2732057 0.9020939 1.2087648 1.3333929 0.8641986 0.8726482 1.0955968 1.4572371 1.1947428 1.3035962 1.3098140 0.9829611 1.0837402 1.2611360 1.4455879 1.3275990 1.1792068 1.3454670 1.5492911 0.8753121 1.2173274 1.1787703 0.8810404 1.2708030 1.1950974 1.2270794 1.0555255 1.1608643 1.0639335 1.3999530 1.4336577 1.4667928 1.3668569 1.5164878 1.5891142 1.5096464 1.3038706 1.7282203 1.3380573 1.2690609 
Tadh_TriadT64140                                        0.9531686 0.6423011 0.8284016 0.9451229 0.7544460 0.7590632 0.8099550 0.8898336 0.5094289 0.8902708 0.9127463 1.0432174 1.1157383 1.1257491 0.7839393 0.8022444 0.7280222 1.2630965 1.0734179 1.0583630 0.0000000 0.0051563 0.1115574 0.1286868 0.1037831 0.1187692 0.9876902 1.0673409 0.8693647 1.4106816 1.1387874 1.0830188 1.1900940 1.2245250 1.0970166 1.0441171 1.3019131 1.2983788 1.2002630 1.2114078 1.2392977 1.0053327 1.1618055 1.3242947 1.2551895 1.2848209 1.2584828 1.0780539 1.2534002 1.8863464 1.6488677 1.6696604 1.5008519 1.6144232 1.5508427 1.5094797 1.4022476 1.5188070 1.5411514 1.5203974 1.4295687 1.5857636 1.5727115 1.5751172 1.4080841 1.4741470 1.8722403 1.7592486 1.2670149 1.0863158 
TrH2_TrispH2_003642-RA                                  0.9551054 0.6489070 0.8226920 0.9394158 0.7480067 0.7525822 0.7956631 0.8744714 0.5094289 0.8750506 0.8971754 1.0254165 1.1090211 1.1186350 0.7827614 0.8009993 0.7274824 1.2611996 1.0785922 1.0588002 0.0051563 0.0000000 0.1084132 0.1251188 0.1008210 0.1154579 0.9876902 1.0739090 0.8779508 1.4106816 1.1394217 1.0881093 1.1900940 1.2253693 1.0780090 1.0372036 1.3019131 1.2983788 1.2002630 1.2035811 1.2401583 1.0056205 1.1685976 1.3242947 1.2382833 1.2744244 1.2593882 1.0802925 1.2542962 1.8863464 1.6783070 1.6396714 1.5008519 1.6180677 1.5402801 1.4992385 1.3772999 1.5277396 1.5754114 1.5218077 1.4308346 1.5872983 1.5742199 1.5784480 1.4041417 1.4776861 1.8722403 1.7508840 1.2681142 1.0896581 
Hhon_g02318.t1                                          0.9453212 0.6122305 0.7720814 0.9418729 0.7012882 0.7164729 0.7878215 0.8233820 0.5030017 0.8118251 0.8331132 1.0052773 1.0742503 1.1276720 0.8026126 0.8252194 0.7155506 1.2450619 1.1127913 1.0486760 0.1115574 0.1084132 0.0000000 0.0210853 0.0884974 0.0698745 0.9317842 1.0550547 0.8903168 1.4860983 1.1141475 1.1004074 1.1668718 1.2445271 1.1312705 0.9834182 1.3035571 1.3598659 1.2824354 1.1924094 1.1684851 1.0330417 1.2589282 1.2335437 1.1494688 1.2830073 1.2956046 1.1132256 1.2985272 1.8756479 1.6976095 1.6480354 1.4410999 1.6271524 1.6704468 1.6600768 1.4080364 1.5524108 1.6218611 1.6011400 1.4805872 1.6314819 1.5669096 1.6454786 1.4307827 1.4773786 1.6793778 1.7293236 1.2193961 1.1311417 
HoiH04_mRNA1240                                         1.0936545 0.7032602 0.8082670 1.0025299 0.7531244 0.8040526 0.8956307 0.9238116 0.5030017 0.9099900 0.9331543 1.0837322 1.1213197 1.1704323 0.8026126 0.8813569 0.7688963 1.3164144 1.2196674 1.0689708 0.1286868 0.1251188 0.0210853 0.0000000 0.0884974 0.0942062 0.9317842 1.0550547 0.8903168 1.4860983 1.2059634 1.1054899 1.1668718 1.3258248 1.1996655 1.0330619 1.3035571 1.5387116 1.3041833 1.2873492 1.2794720 1.1085734 1.4069028 1.2335437 1.2289181 1.4111592 1.4122583 1.2016079 1.4166674 1.8756479 1.8308060 1.6480354 1.4410999 1.6271524 1.7679732 1.7565285 1.5364458 1.6247529 1.7545680 1.6565934 1.5217607 1.6525378 1.6379268 1.7543166 1.5692105 1.6519477 1.7030366 1.8303755 1.3447474 1.3663974 
HoiH11_mRNA9479                                         0.9212933 0.6403221 0.7567234 0.8687056 0.6757800 0.7338152 0.7905040 0.8049512 0.4794848 0.8111735 0.8329276 0.9592731 1.0309608 1.0906549 0.7321454 0.8291824 0.7477433 1.2122177 1.0882779 1.1558761 0.1037831 0.1008210 0.0884974 0.0884974 0.0000000 0.0814024 0.9363472 1.0452632 0.8978732 1.4804970 1.1929010 1.0297069 1.1492787 1.2828574 1.0771120 1.1130815 1.3239170 1.3394329 1.2958523 1.2639672 1.1442396 1.0611717 1.2328178 1.2592224 1.1951013 1.2083934 1.2593563 1.0123506 1.2490931 1.9630270 1.7839523 1.7342383 1.5278995 1.6695996 1.7536452 1.7488363 1.3986929 1.5149626 1.4202331 1.5721045 1.3425216 1.5824373 1.5419329 1.6645991 1.3344829 1.4577855 1.6243990 1.7629442 1.3462252 1.1948507 
HoiH23_PlH23_008857-RA                                  1.0548435 0.7423984 0.8284470 0.9913089 0.7746439 0.7916843 0.8893436 0.9204691 0.5030017 0.8880962 0.9066415 1.0448491 1.1584158 1.1962568 0.7896128 0.8753057 0.7947894 1.2545099 1.2616755 1.1607140 0.1187692 0.1154579 0.0698745 0.0942062 0.0814024 0.0000000 0.9845827 1.0239817 0.8707130 1.4688896 1.1913596 1.0863146 1.1674156 1.3438773 1.0940183 1.1257903 1.2806064 1.4402595 1.3340622 1.3006604 1.2885971 1.1184386 1.3315220 1.2428821 1.2699015 1.4463989 1.3760731 1.1170977 1.4523075 1.9703350 1.9696271 1.7218265 1.5204946 1.6477482 1.8223223 1.8063189 1.6804000 1.7255811 1.6962056 1.6602244 1.4757861 1.6861738 1.6452018 1.7665691 1.4526174 1.6443782 1.7323659 1.7696946 1.3242775 1.2747080 
Emue_Em0011g793a.t1                                     1.0612648 0.9831055 0.9479429 1.0028608 0.8234371 0.8346789 0.6446681 0.6224528 0.4088589 0.7642997 0.7829687 0.9060288 0.9334015 1.0354237 0.7764523 0.8594887 0.9396591 0.8703127 0.9808151 1.0990479 0.9876902 0.9876902 0.9317842 0.9317842 0.9363472 0.9845827 0.0000000 0.0987074 0.5474179 1.0238653 1.0311554 1.0941579 1.3442337 1.2870470 1.1243174 1.2418136 1.5565134 1.2396063 1.3695103 1.0774594 1.3000179 1.0814016 1.3416240 1.3383719 1.5040202 1.7931940 1.4220731 1.2961562 1.3323690 2.2671609 1.7129326 1.7200503 1.6872380 1.7757745 1.6931641 1.6921821 1.2399788 1.3723075 1.2752222 1.3391192 1.2975711 1.3055913 1.3138660 1.3222159 1.6473624 1.8579586 1.3593960 1.1593208 0.5110305 0.8248626 
Spolac_c88031_g1_i3_m.4690c88031-g1                     0.9304963 0.9989702 0.9816513 0.9938588 0.8287374 0.8957123 0.7796373 0.7321341 0.4165874 0.8332865 0.8326688 0.9682384 0.9649084 1.0271149 0.8101943 0.9615793 0.9589581 1.0458466 1.0494144 1.0794732 1.0673409 1.0739090 1.0550547 1.0550547 1.0452632 1.0239817 0.0987074 0.0000000 0.6109899 0.9609721 0.9823980 1.0893741 1.3976317 1.3523303 1.2716642 1.1872670 1.2285653 1.1484245 1.2419982 1.2032293 1.2957269 1.0454818 1.2807829 1.3425501 1.3808575 1.7273900 1.3847036 1.1919389 1.2788418 2.2193862 1.7507282 1.8509061 1.5718987 1.8165609 1.8066013 1.8536676 1.4288118 1.5822338 1.4201627 1.4242991 1.3370034 1.4932947 1.3733523 1.7618591 1.4387266 1.5397837 1.3170809 1.6016020 0.6687140 0.9433207 
Xestes_maker-XT_scaffold36662-augustus-gene-0.56-mRNA-1 0.9474735 0.7454248 0.8900554 0.7899772 0.7556855 0.7777681 0.7173439 0.7478566 0.4132741 0.7014643 0.6969235 0.8644087 0.8901851 0.8976559 0.7724977 0.8003107 0.7081760 0.8978225 0.8909600 1.1024436 0.8693647 0.8779508 0.8903168 0.8903168 0.8978732 0.8707130 0.5474179 0.6109899 0.0000000 0.7034240 0.5043220 1.0161292 1.2495102 1.2813915 1.0963172 0.9732866 1.1522485 1.0862496 1.0358048 1.0035596 1.0124457 0.9445410 1.0428757 1.2608174 1.1822591 1.2710193 1.0744293 1.0093346 1.1077538 2.0885828 1.8046583 2.0324524 1.7870660 1.6022809 1.7694599 1.7906219 1.5538956 1.7893849 1.4190051 1.3848036 1.2725728 1.4127954 1.3566343 1.3770555 1.4301294 1.4297435 1.2936045 1.6189071 0.6713034 0.9500084 
Aque_Aqu2.1.00827_001                                   1.3176783 1.4745744 1.2882224 1.3456829 1.2347944 1.0599501 1.1795409 1.2838142 1.1880109 1.0953433 1.0478611 1.2652328 1.1535398 1.2571411 1.0766228 1.0933701 1.0411308 1.2571516 1.2305125 1.4755474 1.4106816 1.4106816 1.4860983 1.4860983 1.4804970 1.4688896 1.0238653 0.9609721 0.7034240 0.0000000 0.3156636 1.3929717 1.5749408 1.5749408 1.2477637 1.3855874 1.5323012 1.7530872 1.5241918 1.4255871 1.8180479 1.6559034 1.6834905 1.9901416 1.5148338 2.2993085 1.8069851 1.9024116 1.6161134 1.8863470 1.8501844 1.7215415 1.7215415 2.1680698 1.8692070 1.7880770 1.7571338 1.9267175 1.7801732 1.5001561 1.6578482 1.6818373 1.4708564 1.4092052 1.8993469 2.1741095 2.3545953 1.2434974 0.8097537 1.2961735 
Halamb_c46655_g1_i1m.20994                              1.3549351 0.9504880 1.1848699 1.1311211 1.1463307 1.0766006 1.1725786 1.2034265 0.6189237 0.9852354 1.0077925 1.4240313 1.0742752 1.1211185 1.0043077 1.2208600 0.9116215 1.4262232 1.3425758 1.2732057 1.1387874 1.1394217 1.1141475 1.2059634 1.1929010 1.1913596 1.0311554 0.9823980 0.5043220 0.3156636 0.0000000 1.4464042 1.5288312 1.6180862 1.4419511 1.3267598 1.1590256 1.2025815 1.1163089 1.2150435 1.2181918 1.0488769 1.2361755 1.5756373 1.2654145 1.4586764 1.5715317 1.4509006 1.2674330 1.9539122 1.8735594 1.9262999 1.7201234 1.9889848 1.9812102 1.9951833 1.7990370 2.2375400 1.8028543 1.6351334 1.5569338 1.7251700 1.6230066 1.7661480 1.7763804 1.4721707 1.7417762 2.3650851 0.9975462 1.0100423 
Morvir_scaffold33.g37.t1                                1.2181241 1.0462292 1.0511868 1.0461068 0.7873772 0.7439542 0.8850853 0.9219921 0.4283606 0.8433543 0.8456042 1.0157831 0.5411603 0.6134734 0.6698192 0.7561370 0.9374496 0.7716740 0.6345489 0.9020939 1.0830188 1.0881093 1.1004074 1.1054899 1.0297069 1.0863146 1.0941579 1.0893741 1.0161292 1.3929717 1.4464042 0.0000000 0.9324950 1.0520422 1.4336601 1.2560751 1.0822229 1.4627245 1.1128329 1.2751165 1.4727283 1.0554444 1.2539495 1.2546652 1.5537778 1.7233258 1.3809097 1.6087763 1.8978905 1.2592698 1.5512759 1.3779947 1.1307689 1.2913589 1.5018971 1.5516967 1.3100743 1.3407480 1.4772933 1.6939163 1.6555742 1.8035560 1.7672424 1.8974639 1.8866627 1.4611776 0.9980601 1.7357032 1.4920941 1.2763788 
Ocar_g1916                                              1.0972410 1.0686346 1.1711686 0.9870161 0.9323167 0.9635318 0.9602095 1.0699187 0.4331889 1.1261966 1.1140447 1.4283439 0.9779432 0.9520520 1.1062305 1.1065747 0.9110832 0.7750883 0.9239837 1.2087648 1.1900940 1.1900940 1.1668718 1.1668718 1.1492787 1.1674156 1.3442337 1.3976317 1.2495102 1.5749408 1.5288312 0.9324950 0.0000000 0.0000010 1.1192824 1.4163162 1.3678427 1.6979563 1.5076466 1.5682033 1.5267485 1.2608088 1.4150568 1.3092735 1.6649878 1.3474689 1.2644827 1.3915385 1.3311702 1.8745250 1.5256838 1.7228426 1.7082213 1.8206360 1.5312039 1.5981174 1.2466654 1.4245646 1.3950038 1.3708514 1.4197900 1.4899862 1.5718815 1.4700458 1.7221147 1.5870665 1.4176977 1.5864881 1.9972174 1.0314744 
Opea_EP00118_Oscarella_pearsei_P004136                  1.2539983 1.1421383 1.1999583 1.0854722 1.1399113 1.1434037 1.1131508 1.2006060 0.4371896 1.2477097 1.2377982 1.4699040 1.2050326 1.1340321 1.0961042 1.2373999 1.0426366 0.9542308 1.1157142 1.3333929 1.2245250 1.2253693 1.2445271 1.3258248 1.2828574 1.3438773 1.2870470 1.3523303 1.2813915 1.5749408 1.6180862 1.0520422 0.0000010 0.0000000 1.5191344 1.3499806 1.2591106 1.6795735 1.4624217 1.7739389 1.6767915 1.3045532 1.4070289 1.3655196 1.7938732 1.4687255 1.3279925 1.3531096 1.4597910 1.8745250 1.8176712 1.8501251 1.7082213 1.9283598 1.8321771 1.9176772 1.5176631 1.5705817 1.6314045 1.5523867 1.4655794 1.6484927 1.5787952 1.8558999 1.7654078 1.6553770 1.5662853 2.2386631 1.8343783 1.3431270 
Skow_XM_002738097.2                                     0.8636125 0.6336132 0.6825300 0.8154959 0.9214831 0.9218983 1.0093007 0.9709282 0.4505677 0.9874540 0.9523640 1.1791686 1.5316318 1.4369155 0.9416200 1.1172638 0.5919173 1.1878458 1.4015413 0.8641986 1.0970166 1.0780090 1.1312705 1.1996655 1.0771120 1.0940183 1.1243174 1.2716642 1.0963172 1.2477637 1.4419511 1.4336601 1.1192824 1.5191344 0.0000000 0.9701511 1.2367792 1.6849380 1.4904405 1.5388129 1.5186030 1.1890619 1.3740907 1.4562516 1.5524004 1.5073172 1.5025386 1.5276310 1.5110919 1.2924758 1.7131094 1.3723562 1.1501775 1.4816288 1.7241492 1.7025496 1.5137124 1.6372499 1.2826803 1.9980285 1.8254990 1.9230406 1.9687346 1.4397814 1.9492465 1.6746907 1.6806294 2.3315819 1.5818664 1.4991018 
Tcas_TC014333_001                                       1.0712900 0.8915701 0.9172148 0.9232256 0.9662390 0.9467676 1.1677724 1.2355951 0.5495231 1.1264420 1.1425610 1.2853405 1.3759726 1.2939933 0.9759202 1.1976440 0.7979206 1.1512463 1.2525877 0.8726482 1.0441171 1.0372036 0.9834182 1.0330619 1.1130815 1.1257903 1.2418136 1.1872670 0.9732866 1.3855874 1.3267598 1.2560751 1.4163162 1.3499806 0.9701511 0.0000000 1.5229289 1.1128146 1.0271814 1.1118168 1.2373326 1.1153510 1.2452047 1.2979313 1.6845304 1.2689930 1.6427774 1.5130807 1.8014062 1.5373937 1.5043036 1.3968096 1.3022272 1.5641538 1.2896756 1.2774351 1.4897083 1.4099423 1.1847993 1.7082552 1.4741834 1.4942058 1.5921177 1.4044525 1.8836292 1.5533719 1.5600593 2.4378139 1.6893523 1.2148967 
Mbre_EDQ89846                                           1.1453062 1.1184284 1.1895560 1.1935877 0.9809116 0.9925372 1.0847671 1.0371204 0.7092127 0.8481790 0.8791380 1.1826229 1.1600032 1.1536762 1.3218804 1.2007777 1.0943725 1.2796158 1.1740378 1.0955968 1.3019131 1.3019131 1.3035571 1.3035571 1.3239170 1.2806064 1.5565134 1.2285653 1.1522485 1.5323012 1.1590256 1.0822229 1.3678427 1.2591106 1.2367792 1.5229289 0.0000000 0.4704962 0.4746956 0.8030189 0.7637409 0.6136252 0.7315952 0.8922798 1.0025676 0.8406178 0.8614482 0.8871925 1.0101375 1.3870812 1.2449980 1.2713768 1.3475447 1.5159035 1.2687535 1.2973102 1.1043049 1.2819611 0.9603117 1.8657318 1.5683574 1.7265770 1.7770129 1.4589704 1.1266345 0.9882822 1.6024718 2.0879821 1.3506446 1.2984077 
Choper_EP00045_Choanoeca_perplexa_P011701               1.3559524 1.0791322 1.4111189 1.5483182 1.2605775 1.1303490 1.0574925 1.0723358 0.5919408 1.0376975 1.0228786 1.3369133 1.2651250 1.4146845 1.0854842 1.3256747 1.2640106 1.3133855 1.3939677 1.4572371 1.2983788 1.2983788 1.3598659 1.5387116 1.3394329 1.4402595 1.2396063 1.1484245 1.0862496 1.7530872 1.2025815 1.4627245 1.6979563 1.6795735 1.6849380 1.1128146 0.4704962 0.0000000 0.2943579 0.8067775 0.8150826 0.6398753 0.9337726 1.0875132 1.4403342 1.1299599 1.1041395 0.9356645 1.2755533 1.5805389 1.7287721 1.5153534 1.4065156 1.4751550 1.4032783 1.4490862 1.2784598 1.5955724 1.3175154 1.6283557 1.6415779 1.7053806 1.6625118 1.7887805 1.1946078 1.2417525 1.7721393 1.7854952 1.6809155 1.1815281 
Chofle_EP00730_Choanoeca_flexa_P013104                  1.0859775 1.0816198 1.3502998 1.3362526 0.8786160 0.8491174 0.9632052 0.9904273 0.5415285 0.9185107 0.9087633 1.1253500 1.1853809 1.2654206 1.0563724 1.0586673 1.2077809 1.1545181 1.0369647 1.1947428 1.2002630 1.2002630 1.2824354 1.3041833 1.2958523 1.3340622 1.3695103 1.2419982 1.0358048 1.5241918 1.1163089 1.1128329 1.5076466 1.4624217 1.4904405 1.0271814 0.4746956 0.2943579 0.0000000 0.7347709 0.7071345 0.6599177 0.8612970 1.0451473 1.2752257 0.8774831 0.9850788 0.9627112 1.1306506 1.3810735 1.2655735 1.3256578 1.1756249 1.4287877 1.3651810 1.3582987 1.1585037 1.4313238 0.9859254 1.5737688 1.6423430 1.6830040 1.8192992 1.5111437 1.2698979 1.1387699 1.5116623 1.7894038 1.5900079 1.1824368 
Acaspe_EP00035_Acanthoeca_spectabilis_P038436           1.3674662 1.0287505 1.1279925 1.2198971 0.8992006 0.8756344 1.1162053 0.9671120 0.5835387 0.9675094 0.9833248 1.2088538 1.1604700 1.1354623 0.8766371 1.0759139 1.0619597 1.2064460 1.1811471 1.3035962 1.2114078 1.2035811 1.1924094 1.2873492 1.2639672 1.3006604 1.0774594 1.2032293 1.0035596 1.4255871 1.2150435 1.2751165 1.5682033 1.7739389 1.5388129 1.1118168 0.8030189 0.8067775 0.7347709 0.0000000 0.3380370 0.4758429 0.6155813 1.0334699 0.9465845 1.1277371 1.2129280 1.0406500 1.0773057 1.3246620 1.7381504 1.4741186 1.2911394 1.4843931 1.4843513 1.5493518 1.4889529 1.7607842 1.5362048 1.2109084 1.3314042 1.1915696 1.3257042 1.4614987 1.3585388 1.2184214 1.8398350 2.1997985 1.3670165 1.4155976 
Helnan_EP00037_Helgoeca_nana_P033431                    1.3193131 0.9095456 1.2638417 1.3276728 1.1545268 1.0255352 1.2091080 1.0662220 0.5737640 1.1659216 1.1724519 1.4430496 1.4175016 1.2794654 0.9920170 1.1007402 1.0466058 1.3428280 1.3089938 1.3098140 1.2392977 1.2401583 1.1684851 1.2794720 1.1442396 1.2885971 1.3000179 1.2957269 1.0124457 1.8180479 1.2181918 1.4727283 1.5267485 1.6767915 1.5186030 1.2373326 0.7637409 0.8150826 0.7071345 0.3380370 0.0000000 0.4295523 0.6323975 1.1206167 0.9749004 0.9518106 1.0498178 0.9329027 0.9507077 1.4996746 1.9034621 1.6883527 1.3630220 1.6127282 1.5372948 1.5632440 1.5640015 1.8547813 1.5062022 1.3054247 1.3740975 1.3218571 1.4137304 1.3638469 1.2546526 1.1651591 2.1513679 2.4555928 1.5525595 1.3862914 
Stedip_EP00041_Stephanoeca_diplocostata_P022095         1.1599492 0.8136720 0.9063514 0.9424605 0.8259621 0.7388529 0.9320260 0.8258698 0.4718368 0.7634090 0.7539521 1.0503741 1.0609492 1.0087371 0.8048506 1.0171682 0.8273621 1.1501532 1.1479832 0.9829611 1.0053327 1.0056205 1.0330417 1.1085734 1.0611717 1.1184386 1.0814016 1.0454818 0.9445410 1.6559034 1.0488769 1.0554444 1.2608088 1.3045532 1.1890619 1.1153510 0.6136252 0.6398753 0.6599177 0.4758429 0.4295523 0.0000000 0.3496563 0.8313227 0.9013155 0.8624994 0.7535799 0.7393898 0.7992930 1.2000576 1.6152870 1.5050792 1.1785661 1.4766453 1.4231304 1.4714764 1.3847602 1.6376991 1.3233535 1.3159570 1.3858106 1.2748472 1.3977129 1.3164992 1.1103520 0.9652942 1.6030721 1.9232253 1.1285793 1.4073504 
Diagra_EP00040_Diaphanoeca_grandis_P005964              1.2995746 0.9078823 1.0547909 1.2347419 0.9381674 1.0074012 1.0673154 1.0108862 0.4755093 1.0062934 0.9963344 1.2928503 1.2229528 1.2255343 0.9493174 1.0647955 0.9762725 1.1214670 1.3355572 1.0837402 1.1618055 1.1685976 1.2589282 1.4069028 1.2328178 1.3315220 1.3416240 1.2807829 1.0428757 1.6834905 1.2361755 1.2539495 1.4150568 1.4070289 1.3740907 1.2452047 0.7315952 0.9337726 0.8612970 0.6155813 0.6323975 0.3496563 0.0000000 1.0806082 1.1167800 0.8315407 0.8898467 0.9084722 1.2382538 1.4050755 1.7972288 1.4387263 1.1640092 1.6558635 1.5981679 1.6080744 1.4485619 1.6546161 1.4861427 1.5263984 1.5173672 1.5022934 1.6271018 1.4030740 1.2566033 0.9716326 1.7207304 2.2787704 1.2766840 1.3751154 
Mylflu_EP00047_Mylnosiga_fluctuans_P007652              1.3468833 1.2519940 1.2011832 1.1381589 1.0322078 1.0067887 1.0104415 0.9359594 0.6271167 0.9252918 0.9550887 1.2783590 1.3142825 1.3698533 0.9693738 1.0763240 1.1476036 1.0999100 1.3048219 1.2611360 1.3242947 1.3242947 1.2335437 1.2335437 1.2592224 1.2428821 1.3383719 1.3425501 1.2608174 1.9901416 1.5756373 1.2546652 1.3092735 1.3655196 1.4562516 1.2979313 0.8922798 1.0875132 1.0451473 1.0334699 1.1206167 0.8313227 1.0806082 0.0000000 1.0283112 1.0327420 1.0261638 1.1003758 1.0053761 1.2074001 1.2087920 1.2731329 1.1668194 1.1780885 1.1826478 1.2464218 1.0356712 1.2405050 1.1155695 1.4257373 1.6475351 1.5434288 1.6114523 1.6339624 1.3156773 1.2183212 1.4171636 2.3245531 1.7189240 1.2395368 
Salpun_EP00053_Salpingoeca_punica_P007572               1.5183608 1.2713483 1.3915483 1.4197472 1.2540229 1.3079867 1.5265021 1.4038643 0.6371303 1.3930813 1.3056733 1.5769136 1.5028777 1.4278282 1.3664353 1.5618135 1.2296563 1.6626192 1.4170753 1.4455879 1.2551895 1.2382833 1.1494688 1.2289181 1.1951013 1.2699015 1.5040202 1.3808575 1.1822591 1.5148338 1.2654145 1.5537778 1.6649878 1.7938732 1.5524004 1.6845304 1.0025676 1.4403342 1.2752257 0.9465845 0.9749004 0.9013155 1.1167800 1.0283112 0.0000000 1.2106939 1.2510320 1.2555169 0.8958316 1.8001836 1.9777853 1.9842567 1.8453342 1.9188579 1.7839808 1.7783764 1.7610045 1.8766696 1.4709224 1.6717309 1.6250045 1.7355628 1.5994232 1.6657389 1.3602947 1.2033045 2.0041894 3.0155433 1.5657444 1.5950287 
Didcos_EP00039_Didymoeca_costata_P030387                1.5690896 1.0829397 1.1744959 1.2176612 1.1435966 1.0507214 1.2919908 1.2027335 0.5474416 1.2707245 1.2719386 1.4768080 1.5086239 1.3905119 1.1156397 1.3535882 1.1921312 1.5710504 1.5130808 1.3275990 1.2848209 1.2744244 1.2830073 1.4111592 1.2083934 1.4463989 1.7931940 1.7273900 1.2710193 2.2993085 1.4586764 1.7233258 1.3474689 1.4687255 1.5073172 1.2689930 0.8406178 1.1299599 0.8774831 1.1277371 0.9518106 0.8624994 0.8315407 1.0327420 1.2106939 0.0000000 1.1656021 1.0224531 1.1278189 1.6932579 1.9447271 1.6460609 1.5460830 1.7970541 1.6142715 1.6365776 1.6978194 1.9774649 1.6526092 2.0645738 2.0406849 1.9104191 1.9871912 1.6241300 1.5762334 1.1819512 1.8597142 2.8224935 1.7013285 1.3934400 
Sros_EGD73455                                           1.5563306 1.1552907 1.1841368 1.3100049 1.1148434 1.1143547 1.0841095 1.1889910 0.4799448 1.1271057 1.1020595 1.3484532 1.3868446 1.3994560 1.1660747 1.3986207 1.1106846 1.4776465 1.2910154 1.1792068 1.2584828 1.2593882 1.2956046 1.4122583 1.2593563 1.3760731 1.4220731 1.3847036 1.0744293 1.8069851 1.5715317 1.3809097 1.2644827 1.3279925 1.5025386 1.6427774 0.8614482 1.1041395 0.9850788 1.2129280 1.0498178 0.7535799 0.8898467 1.0261638 1.2510320 1.1656021 0.0000000 0.4950310 1.4269321 2.1328626 2.0502140 1.9344484 1.6836457 1.9050896 1.8251760 1.8271747 1.5156261 1.8392682 1.3665732 1.9683070 1.5804919 1.8418026 1.8562414 1.7890853 1.4795357 1.2945858 1.7527589 2.2529523 1.4529319 1.3490585 
Microa_EP00043_Microstomoeca_roanoka_P001296            1.5119586 1.1697033 1.1769584 1.3289574 1.0494822 1.0217631 1.2115799 1.1573258 0.5259481 1.2794004 1.2828067 1.4875905 1.4130351 1.4187609 1.1185787 1.1853938 1.1415962 1.6678125 1.4763944 1.3454670 1.0780539 1.0802925 1.1132256 1.2016079 1.0123506 1.1170977 1.2961562 1.1919389 1.0093346 1.9024116 1.4509006 1.6087763 1.3915385 1.3531096 1.5276310 1.5130807 0.8871925 0.9356645 0.9627112 1.0406500 0.9329027 0.7393898 0.9084722 1.1003758 1.2555169 1.0224531 0.4950310 0.0000000 1.3650581 1.9462533 1.8609163 1.8548950 1.7252323 1.9306905 1.6927868 1.6995924 1.5811622 1.7359923 1.5281014 1.8049719 1.7210077 1.8466363 1.8363623 1.7029015 1.4187456 1.2560327 1.9545994 2.3563366 1.4740053 1.3516423 
Salmac_EP00052_Salpingoeca_macrocollata_P005812         1.5385766 1.3156465 1.6348644 1.3997189 1.2877603 1.2950546 1.5185965 1.4449780 0.6342550 1.4644273 1.4151477 1.6347037 1.6176502 1.7108358 1.4788274 1.6941868 1.3561339 1.5018627 1.7253059 1.5492911 1.2534002 1.2542962 1.2985272 1.4166674 1.2490931 1.4523075 1.3323690 1.2788418 1.1077538 1.6161134 1.2674330 1.8978905 1.3311702 1.4597910 1.5110919 1.8014062 1.0101375 1.2755533 1.1306506 1.0773057 0.9507077 0.7992930 1.2382538 1.0053761 0.8958316 1.1278189 1.4269321 1.3650581 0.0000000 1.7909333 1.7476041 2.1019935 1.9751922 2.1580344 1.8633528 1.9352913 1.6869023 1.8437624 1.6993953 1.6661022 1.8458048 1.7088106 1.7263395 1.7511708 1.6071215 1.0912782 2.1569530 2.9794880 1.6945086 1.3312808 
Mlei_ML0763.g6.i1                                       1.0621974 1.1383450 1.4006228 1.0707108 1.3516041 1.0638436 1.0775371 1.1856003 0.6717046 1.0752316 1.0307225 1.1511882 1.5401775 1.5387510 1.3337309 1.1943509 1.2086720 1.5002870 1.4509476 0.8753121 1.8863464 1.8863464 1.8756479 1.8756479 1.9630270 1.9703350 2.2671609 2.2193862 2.0885828 1.8863470 1.9539122 1.2592698 1.8745250 1.8745250 1.2924758 1.5373937 1.3870812 1.5805389 1.3810735 1.3246620 1.4996746 1.2000576 1.4050755 1.2074001 1.8001836 1.6932579 2.1328626 1.9462533 1.7909333 0.0000000 0.1683606 0.1900358 0.1900358 0.2725826 0.2841921 0.3261467 0.1512369 0.3349237 0.0891165 2.2369646 2.3279335 2.3178325 2.3059280 1.7076481 2.1495833 1.9670749 2.1002836 1.1343147 2.3490355 2.6314768 
Beraby_Baby_sb323041                                    1.3336671 1.3931295 1.4747527 1.4861435 1.5641337 1.5268124 1.4901079 1.4548525 0.8320677 1.3362877 1.3321610 1.6923456 1.6695968 1.6946128 1.2998017 1.5800018 1.3918453 1.3591707 1.6224330 1.2173274 1.6488677 1.6783070 1.6976095 1.8308060 1.7839523 1.9696271 1.7129326 1.7507282 1.8046583 1.8501844 1.8735594 1.5512759 1.5256838 1.8176712 1.7131094 1.5043036 1.2449980 1.7287721 1.2655735 1.7381504 1.9034621 1.6152870 1.7972288 1.2087920 1.9777853 1.9447271 2.0502140 1.8609163 1.7476041 0.1683606 0.0000000 0.3008604 0.2252859 0.2632957 0.3074835 0.3138403 0.2946827 0.3965954 0.2705499 2.0614339 2.0549068 2.0122112 1.9518067 1.9574219 2.2991947 1.9972478 2.1337546 2.8326889 2.4314070 1.9849673 
Bolinf_Binf_sb1212378                                   1.0475470 1.4331572 1.4093563 1.2256357 1.2121483 1.2327352 1.2208438 1.1858537 0.8661164 1.1437386 1.1289573 1.5021803 1.5145630 1.5251395 1.2634258 1.4684426 1.2272144 1.4264914 1.4652878 1.1787703 1.6696604 1.6396714 1.6480354 1.6480354 1.7342383 1.7218265 1.7200503 1.8509061 2.0324524 1.7215415 1.9262999 1.3779947 1.7228426 1.8501251 1.3723562 1.3968096 1.2713768 1.5153534 1.3256578 1.4741186 1.6883527 1.5050792 1.4387263 1.2731329 1.9842567 1.6460609 1.9344484 1.8548950 2.1019935 0.1900358 0.3008604 0.0000000 0.0000010 0.2936849 0.3134174 0.2986079 0.2047426 0.3660961 0.2685334 2.0263883 2.0409325 1.9928895 2.0284099 1.8761057 1.7472722 1.9003772 2.0264199 2.5152970 2.2627756 1.8509267 
