59
Hsap_ENST00000398148                              0.0000000 0.9844185 1.0490868 1.4304314 1.2389056 1.2881810 1.5103415 1.4344817 1.3597091 1.6249855 1.8658007 1.8436158 1.7485215 1.6366803 1.5971145 1.7589647 1.7352565 2.0018286 1.5640854 1.6534093 1.7841230 1.8391716 1.9406846 1.6766588 1.7117283 1.7073676 1.7144079 1.7569356 1.7057866 1.7057866 1.7209406 1.4220142 2.1743206 1.9099375 2.0194719 2.0412776 2.1383098 2.2226047 2.1822408 2.2624311 2.5348340 2.2524433 2.1179671 2.2433190 2.2766334 2.3091583 2.6921731 2.3097343 2.4617556 2.7730873 2.1697162 2.4579157 2.1770869 2.4927926 2.4533604 2.6901378 2.6901378 2.3355893 2.3838028 
Bralan_BLAG08000445_1                             0.9844185 0.0000000 0.8804285 1.1660028 0.9336664 1.0043722 1.5047993 1.3072910 1.1302393 1.5331102 1.4027547 1.5257737 1.5061000 1.3909821 1.3951576 1.4885010 1.4797399 1.5772537 1.3249562 1.4459480 1.4803924 1.4942383 1.5958145 1.3314041 1.6311732 1.5801301 1.6397292 1.6987168 1.6378227 1.6378227 1.5392719 1.3025303 1.8888783 1.6514625 1.9986044 1.8497744 1.9319877 2.1765607 1.8931562 1.9390705 2.2579030 2.2903282 2.2124728 2.2225968 2.1638082 2.0625272 2.2908665 1.8769904 2.2964742 2.2022686 1.9604888 2.3077838 1.8415536 2.3240477 2.2781439 2.3014411 2.3014411 2.0831092 2.2356993 
Cscu_XM_023377853.1                               1.0490868 0.8804285 0.0000000 1.1788641 0.9704187 1.1007859 1.1088477 1.1216825 1.1054279 1.4335273 1.5325639 1.7724204 1.6824895 1.5477910 1.4461064 1.4438402 1.4356209 1.5156420 1.3502654 1.3671064 1.3152203 1.3123275 1.5509731 1.3021619 1.6796083 1.6340881 1.5860209 1.6644480 1.6157368 1.6157368 1.5314469 1.3134805 1.7054459 1.6411748 2.0205153 1.7355320 1.8419222 1.9557496 2.0338786 2.0105756 2.3295066 2.2656012 2.3335423 2.4345231 2.2283888 2.1247864 2.3479063 1.7747756 2.3686118 2.5884654 2.1912089 2.0299641 2.1384593 2.2144076 2.0975923 2.2044835 2.2044835 1.8890340 2.2136009 
Ctel_gnl_WGS_AMQN_CAPTEDRAFT_mRNA219465           1.4304314 1.1660028 1.1788641 0.0000000 0.7675749 0.8912679 1.3420956 1.2630817 1.4011689 1.4500492 1.8491100 1.7922931 1.7669033 1.6761525 1.5184208 1.6767012 1.7274562 1.8529465 1.4829374 1.5442574 1.6028301 1.6163300 1.8146281 1.6465953 1.8062882 1.7669718 1.7894807 1.7676520 1.7434868 1.7434868 1.6569124 1.7469239 2.2996070 1.9573281 2.1178759 1.8108383 1.9367543 2.1645328 2.0535570 2.1165785 2.4010851 2.2814565 2.2763451 2.2041480 2.2674598 2.1620360 2.3291461 2.3245877 2.1434285 2.2328217 2.4144270 2.5073286 1.7932222 2.6011330 2.4569055 2.1533144 2.1533144 2.0730353 2.4435192 
Cgig_XM_011423826.3                               1.2389056 0.9336664 0.9704187 0.7675749 0.0000000 0.6939335 1.2446005 1.1282413 1.2827040 1.3942189 1.6270939 1.5538099 1.5582884 1.5697169 1.4557815 1.5699932 1.5653071 1.7340514 1.3054602 1.4223412 1.4431292 1.4200869 1.6315735 1.4131799 1.6222590 1.5647015 1.6330561 1.6215771 1.6030608 1.6030608 1.5155839 1.3967918 1.8316311 1.6617165 2.0359412 1.8819449 2.0415558 2.0194439 2.1396774 2.2756133 2.3665821 2.3583991 2.1249142 2.2440774 2.1131621 2.0825369 2.5775040 2.0523377 2.1945839 2.2636864 2.2725537 2.4710059 2.1232473 2.6750072 2.5665833 2.4421316 2.4421316 2.1069858 2.5575373 
Acagra_model.g20481.t1.3.5d3b89e4                 1.2881810 1.0043722 1.1007859 0.8912679 0.6939335 0.0000000 1.5873343 1.4275517 1.3703474 1.4864781 1.9155417 1.7737375 1.7491130 1.7318298 1.6287231 1.7777997 1.7763745 1.9702007 1.5780378 1.6692029 1.7179001 1.6847710 1.8954797 1.6205017 1.7687470 1.7714216 1.7551968 1.7357924 1.7377784 1.7377784 1.5971412 1.4468366 2.2732140 2.0217920 2.4800951 2.2682536 2.4439936 2.3944410 2.3693170 2.3267993 2.6475575 2.4900915 2.3776157 2.4928245 2.3772867 2.5792519 2.6164350 2.4415891 2.3357641 2.6202258 2.5366033 2.4964077 2.0817288 2.6404004 2.5357269 2.5179808 2.5179808 2.2635657 2.5042056 
Tcas_TC009450_001                                 1.5103415 1.5047993 1.1088477 1.3420956 1.2446005 1.5873343 0.0000000 0.8830369 1.5407921 1.7584182 1.8746286 2.0186911 1.8158549 1.5967925 1.6050127 1.7782225 1.7968317 1.8211570 1.5873724 1.7373484 1.6099498 1.6500259 1.8310321 1.6237554 2.1580933 2.1272548 2.0789605 2.0978871 2.0253146 2.0253146 2.1188441 1.7493291 1.9789016 1.7638404 2.0929518 1.8543737 2.0286017 2.1131860 2.2329957 2.0128725 2.4499195 2.3654063 2.2751209 2.4723250 2.3300113 2.1211661 2.4446349 2.1103882 2.4061809 2.3960929 2.4351607 2.7974414 2.2514192 2.8051650 2.7802377 2.4717205 2.4717205 2.1863752 2.3722683 
Dpul_mRNA15599                                    1.4344817 1.3072910 1.1216825 1.2630817 1.1282413 1.4275517 0.8830369 0.0000000 1.5154626 1.8059666 1.6749379 1.7684080 1.7258723 1.4848190 1.4976292 1.5967549 1.5555213 1.6409238 1.5377721 1.6503110 1.4628113 1.4208597 1.8667772 1.5005870 1.7537132 1.7393049 1.8074628 1.8391896 1.7519622 1.7519622 1.8152523 1.6489903 1.7554038 1.6455603 1.8055737 1.9454125 2.0049413 2.0256274 2.0187555 2.0169947 2.3120220 2.2442336 2.0947120 2.2664679 1.8757930 2.1920101 2.4504024 1.8383819 2.4661771 2.1773633 2.1892485 2.4338030 1.6705412 2.3222203 2.3001098 2.2543010 2.2543010 1.9829150 2.0964285 
Skow_XM_006822977.1                               1.3597091 1.1302393 1.1054279 1.4011689 1.2827040 1.3703474 1.5407921 1.5154626 0.0000000 1.6697677 1.8683286 1.9600010 1.8926624 1.7041649 1.7954472 1.9162562 1.9221617 1.6780109 1.5778402 1.7006743 1.7783852 1.8348327 1.9597210 1.7076920 1.8254979 1.8587739 1.8759415 1.9408915 1.8513345 1.8513345 1.7391409 1.4228832 2.2844804 2.0841835 2.2433557 2.0679307 2.0387601 2.6041121 2.0841356 2.0650472 2.7412018 2.5178991 2.3394949 2.5560538 2.2643630 2.2899357 2.4033407 1.9367273 2.4781711 2.1500767 2.3948079 2.4037218 2.1524383 2.6040578 2.5680999 3.0188873 3.0188873 2.3352727 2.3737485 
Lcom_lcpid110429                                  1.6249855 1.5331102 1.4335273 1.4500492 1.3942189 1.4864781 1.7584182 1.8059666 1.6697677 0.0000000 1.7896923 1.9553032 2.0900329 1.9502695 1.8979850 2.0340736 2.0522947 1.9264704 1.8299270 2.0241007 1.7766857 1.7516334 1.8803911 1.7504603 1.9929325 1.9902983 1.8329574 1.9548939 1.8853084 1.8853084 1.7784773 1.7163131 2.0464004 2.0047691 2.2576573 1.9782059 2.1774858 2.3476399 2.2499625 2.0459512 2.6485894 2.4185205 2.2109729 2.3983532 2.4446067 2.2757411 2.4613054 2.4905652 2.1119449 3.3552672 2.1032897 2.4003727 2.0681219 2.2873874 2.2746127 2.9209443 2.9209443 2.1294176 2.6786243 
Exapal_XM_021036767.1                             1.8658007 1.4027547 1.5325639 1.8491100 1.6270939 1.9155417 1.8746286 1.6749379 1.8683286 1.7896923 0.0000000 0.4425647 0.5825051 0.5790294 0.5104866 0.5585233 0.5616447 0.6840149 0.7642997 0.7944122 0.9662987 0.9970117 1.0151195 0.8770913 1.4903027 1.4511159 1.4397016 1.4531252 1.4269778 1.4269778 1.4254078 1.9475941 1.3463712 1.4762188 2.2768152 2.2979886 2.2595199 2.0693835 2.2661240 1.9108492 2.5588363 2.3748349 2.3711148 2.3196369 2.2703600 2.2741278 2.6911086 2.0900552 2.4077917 2.4023090 2.3390662 2.1879509 1.8049711 2.2585477 2.2199726 2.2937487 2.2937487 1.9605014 2.4543009 
Nvec_v1g244532                                    1.8436158 1.5257737 1.7724204 1.7922931 1.5538099 1.7737375 2.0186911 1.7684080 1.9600010 1.9553032 0.4425647 0.0000000 0.5264862 0.5416647 0.4488502 0.5729137 0.5764563 0.6271468 0.7678309 0.8002281 0.8361928 0.8252659 1.0632177 0.8008527 1.4834415 1.4429487 1.4619594 1.4595208 1.4594446 1.4594446 1.3675873 1.8973652 1.3113563 1.4919765 2.3156149 2.0031148 2.0181780 1.9566208 2.0575020 1.8199496 2.2825801 2.0498844 2.0747780 2.0836008 2.1118556 2.2450849 2.4265073 2.0534626 2.3121342 2.1319013 2.1795491 2.0314481 1.6534865 2.0543296 2.0331484 2.2578191 2.2578191 2.0645055 2.3372236 
Amil_Amillepora01212-RA                           1.7485215 1.5061000 1.6824895 1.7669033 1.5582884 1.7491130 1.8158549 1.7258723 1.8926624 2.0900329 0.5825051 0.5264862 0.0000000 0.1821408 0.1982076 0.2375767 0.2423032 0.4214621 0.7070832 0.7804653 0.8686429 0.9186649 1.1581408 0.9560963 1.4383241 1.4059393 1.4520790 1.4569627 1.4523944 1.4523944 1.4025259 1.8345732 1.4246047 1.4339931 2.3909485 2.1891798 2.1022185 1.9845987 2.1248677 1.7850262 2.3296837 2.2846285 2.1891523 2.2104086 2.2416215 2.2578122 2.4292286 2.1658924 2.6379940 2.0414926 2.3927878 2.3718201 1.9122299 2.2886988 2.2471160 2.2785660 2.2785660 2.1397279 2.2847552 
Gfas_gfas1.m1.3301.m1                             1.6366803 1.3909821 1.5477910 1.6761525 1.5697169 1.7318298 1.5967925 1.4848190 1.7041649 1.9502695 0.5790294 0.5416647 0.1821408 0.0000000 0.1507060 0.2439280 0.2355897 0.2866746 0.6879657 0.7443091 0.7928010 0.8199013 1.0732426 0.8091533 1.3756779 1.3531376 1.4281129 1.4338774 1.3812011 1.3812011 1.3591799 1.9385772 1.3739615 1.3690794 2.2914469 2.0139568 1.9743535 1.8847938 2.1928305 1.6971557 2.2026939 2.1630407 2.0690874 2.2406992 2.1328293 2.2342117 2.3995136 1.9239950 2.3806793 1.9538351 2.2169916 2.1638404 1.7101280 2.0468479 2.1285597 2.2327283 2.2327283 2.1158856 2.3105615 
Gasp_gasp1.m3.2172.m1                             1.5971145 1.3951576 1.4461064 1.5184208 1.4557815 1.6287231 1.6050127 1.4976292 1.7954472 1.8979850 0.5104866 0.4488502 0.1982076 0.1507060 0.0000000 0.1503692 0.1394741 0.1353088 0.6077278 0.6425629 0.7566960 0.7922130 1.0828903 0.7262515 1.3450792 1.3225516 1.4073225 1.4222372 1.3688852 1.3688852 1.2983058 1.7034709 1.3402239 1.3215897 2.1462246 1.9737960 2.0227657 1.8554498 2.0098017 1.6448107 2.1841823 2.1669199 2.0165975 2.1440853 2.0495335 2.1832306 2.2061038 1.7269998 2.4814238 1.8433801 2.1638320 2.1276213 1.7074198 1.9873796 2.0708022 1.9634355 1.9634355 1.8903201 2.3311599 
Spis_XP_022790535_1                               1.7589647 1.4885010 1.4438402 1.6767012 1.5699932 1.7777997 1.7782225 1.5967549 1.9162562 2.0340736 0.5585233 0.5729137 0.2375767 0.2439280 0.1503692 0.0000000 0.0314005 0.3306245 0.6669525 0.7157606 0.8623762 0.9019757 1.0702964 0.9287925 1.4326529 1.4024696 1.4587752 1.4533555 1.4185410 1.4185410 1.3548204 1.7904154 1.4392923 1.3818933 2.2288366 2.0702287 2.1394699 1.9217821 2.1971253 1.8307906 2.3189392 2.2398335 2.1287095 2.3762153 2.2038068 2.3035598 2.2911561 1.9391335 2.3642279 2.0641179 2.2562673 2.1071098 1.6667573 2.0818690 2.0816135 2.3740837 2.3740837 2.0237207 2.5012860 
Pocdam_XM_027186592.1                             1.7352565 1.4797399 1.4356209 1.7274562 1.5653071 1.7763745 1.7968317 1.5555213 1.9221617 2.0522947 0.5616447 0.5764563 0.2423032 0.2355897 0.1394741 0.0314005 0.0000000 0.3248692 0.6625448 0.7077183 0.8581177 0.8974336 1.0687768 0.9250797 1.4253783 1.3955911 1.4434964 1.4377674 1.4035416 1.4035416 1.3535832 1.7581309 1.4488224 1.3981313 2.2013429 2.0167147 2.0767575 1.9365524 2.1570099 1.8218087 2.3016531 2.2479052 2.1319728 2.3495914 2.1341012 2.2961018 2.2949348 1.8923904 2.3388318 2.0254089 2.2536130 2.1253219 1.6740991 2.0916270 2.0795703 2.3370671 2.3370671 2.0602824 2.5292298 
Fspp_ffun1.m4.12013.m1                            2.0018286 1.5772537 1.5156420 1.8529465 1.7340514 1.9702007 1.8211570 1.6409238 1.6780109 1.9264704 0.6840149 0.6271468 0.4214621 0.2866746 0.1353088 0.3306245 0.3248692 0.0000000 0.8003022 0.8637743 0.9375305 0.9615720 1.1453988 0.9568751 1.5656505 1.5308804 1.5773661 1.6084948 1.5674413 1.5674413 1.4796485 2.1300325 1.6300192 1.6471461 2.5421924 2.2618440 2.3337259 2.1003602 2.3671440 1.7666110 2.5014567 2.3532911 2.0881134 2.4311717 2.4036687 2.4465735 2.7295476 2.2207839 2.4133943 2.0433867 2.4274275 2.0952885 1.6804311 2.1251345 2.2376292 2.4523624 2.4523624 2.1446149 2.6756287 
Dgig_XM_028551879.1                               1.5640854 1.3249562 1.3502654 1.4829374 1.3054602 1.5780378 1.5873724 1.5377721 1.5778402 1.8299270 0.7642997 0.7678309 0.7070832 0.6879657 0.6077278 0.6669525 0.6625448 0.8003022 0.0000000 0.1676621 0.8909024 0.8964217 1.0885950 0.8771211 1.5080074 1.4666292 1.4669372 1.5117677 1.4505495 1.4505495 1.4398265 1.6578972 1.3218126 1.3687962 2.0360091 1.7955936 1.7436946 2.0014898 1.9722283 1.7741142 2.3261021 2.1778691 2.1148416 2.0569222 2.0515765 1.9983931 2.3988041 2.0359578 2.2422119 2.1555823 2.1386320 2.1556668 1.5945102 2.2014093 2.1523533 2.1118728 2.1118728 1.8064707 2.1391302 
Xesp_008352-T1                                    1.6534093 1.4459480 1.3671064 1.5442574 1.4223412 1.6692029 1.7373484 1.6503110 1.7006743 2.0241007 0.7944122 0.8002281 0.7804653 0.7443091 0.6425629 0.7157606 0.7077183 0.8637743 0.1676621 0.0000000 0.9282496 0.9614213 1.1185889 0.9646596 1.5795506 1.5324458 1.5139628 1.5379597 1.4988839 1.4988839 1.4893496 1.6431797 1.3173503 1.3576185 2.1682809 1.8337423 1.7403681 2.0009018 2.0790647 1.8365379 2.3311509 2.2440706 2.2195373 2.1939625 2.0744882 2.0429972 2.5398088 2.0457916 2.3026942 2.2562047 2.1973963 2.1759643 1.5563412 2.1185420 2.0329895 2.2205918 2.2205918 1.8935154 2.1659060 
Nemnom_g14336.t1                                  1.7841230 1.4803924 1.3152203 1.6028301 1.4431292 1.7179001 1.6099498 1.4628113 1.7783852 1.7766857 0.9662987 0.8361928 0.8686429 0.7928010 0.7566960 0.8623762 0.8581177 0.9375305 0.8909024 0.9282496 0.0000000 0.0806746 0.5732691 0.6321310 1.6109030 1.5876061 1.6412881 1.6588854 1.6387920 1.6387920 1.4660310 1.7264125 1.2288742 1.3697752 2.2475924 2.0616666 2.0973758 2.0984304 2.2617353 1.9999547 2.4929811 2.1161332 2.2394487 2.2283431 2.4002938 2.1528492 2.4886946 1.9324020 2.6068232 2.0399498 2.3426533 2.1111915 1.6824814 2.0714601 1.9621206 2.0566931 2.0566931 2.0292707 2.2994386 
Rhoesc_Res_015533-T1                              1.8391716 1.4942383 1.3123275 1.6163300 1.4200869 1.6847710 1.6500259 1.4208597 1.8348327 1.7516334 0.9970117 0.8252659 0.9186649 0.8199013 0.7922130 0.9019757 0.8974336 0.9615720 0.8964217 0.9614213 0.0806746 0.0000000 0.5786551 0.6367223 1.5782586 1.5487701 1.5882378 1.6149575 1.5869303 1.5869303 1.4284714 1.8063655 1.2679290 1.3453470 2.2211431 1.9973035 2.0517323 2.1386879 2.3057399 2.0887803 2.4887544 2.1364381 2.2128177 2.2408898 2.5085878 2.1433404 2.5259896 1.9438206 2.6202967 2.0443173 2.3881480 2.1538866 1.7262568 2.0798002 1.9628780 2.0598169 2.0598169 2.0407887 2.3024522 
Sanmal_Sma_021926-T1                              1.9406846 1.5958145 1.5509731 1.8146281 1.6315735 1.8954797 1.8310321 1.8667772 1.9597210 1.8803911 1.0151195 1.0632177 1.1581408 1.0732426 1.0828903 1.0702964 1.0687768 1.1453988 1.0885950 1.1185889 0.5732691 0.5786551 0.0000000 0.7787816 1.7439939 1.7145931 1.7316849 1.7547457 1.7060984 1.7060984 1.5955458 1.8370014 1.2947983 1.3469629 2.4035214 2.3973670 2.3490962 2.4111163 2.5059471 2.2311489 2.5651282 2.4548493 2.3548079 2.4211581 2.6113128 2.2861218 2.6374976 2.0975450 2.5210387 2.2504907 2.6393459 2.2559141 1.8855882 2.2806875 2.1895548 2.4626968 2.4626968 2.3552379 2.6204517 
Morvir_scaffold56.g8.t2                           1.6766588 1.3314041 1.3021619 1.6465953 1.4131799 1.6205017 1.6237554 1.5005870 1.7076920 1.7504603 0.8770913 0.8008527 0.9560963 0.8091533 0.7262515 0.9287925 0.9250797 0.9568751 0.8771211 0.9646596 0.6321310 0.6367223 0.7787816 0.0000000 1.4678415 1.4448547 1.4715619 1.5279755 1.4904273 1.4904273 1.4615727 1.8845081 1.1821208 1.2601162 2.1449904 2.0682533 2.0985650 2.1684701 2.2655902 1.8119249 2.4486890 2.3308776 2.3590450 2.3076987 2.4674611 2.2274894 2.6661494 2.1081284 2.6910843 2.1525644 2.4207050 2.3515002 1.8463773 2.3197362 2.1825553 1.9815785 1.9815785 1.8373221 2.4854858 
Tadh_TriadT53440                                  1.7117283 1.6311732 1.6796083 1.8062882 1.6222590 1.7687470 2.1580933 1.7537132 1.8254979 1.9929325 1.4903027 1.4834415 1.4383241 1.3756779 1.3450792 1.4326529 1.4253783 1.5656505 1.5080074 1.5795506 1.6109030 1.5782586 1.7439939 1.4678415 0.0000000 0.0017128 0.1893527 0.1775621 0.1788511 0.1788511 0.1981298 1.7716518 2.1177696 1.8069669 2.0584527 2.1636335 2.0958998 2.3275939 2.5851671 2.0927194 2.5620449 2.3682461 2.7719616 2.6262802 2.4819972 2.6539726 2.9459753 2.0877243 2.3637093 2.9069231 2.2014642 2.5992285 2.1002176 2.4760898 2.4110914 2.2176095 2.2176095 2.1757348 2.5592109 
TrH2_TrispH2_002620-RA                            1.7073676 1.5801301 1.6340881 1.7669718 1.5647015 1.7714216 2.1272548 1.7393049 1.8587739 1.9902983 1.4511159 1.4429487 1.4059393 1.3531376 1.3225516 1.4024696 1.3955911 1.5308804 1.4666292 1.5324458 1.5876061 1.5487701 1.7145931 1.4448547 0.0017128 0.0000000 0.1828357 0.1733590 0.1726557 0.1726557 0.1929971 1.8127011 2.1037425 1.7750562 2.0417278 2.1616803 2.1205225 2.3055817 2.5704550 2.1725728 2.5301173 2.3465517 2.7161630 2.6067748 2.4370087 2.6993716 2.9163101 2.0757606 2.3735041 2.8911939 2.2135467 2.5851181 2.1138864 2.4782182 2.4157584 2.2176095 2.2176095 2.2009516 2.5612473 
HoiH06_mRNA6195                                   1.7144079 1.6397292 1.5860209 1.7894807 1.6330561 1.7551968 2.0789605 1.8074628 1.8759415 1.8329574 1.4397016 1.4619594 1.4520790 1.4281129 1.4073225 1.4587752 1.4434964 1.5773661 1.4669372 1.5139628 1.6412881 1.5882378 1.7316849 1.4715619 0.1893527 0.1828357 0.0000000 0.0403303 0.0642263 0.0642263 0.1076735 1.7505094 1.9825232 1.6995691 1.9326512 2.0584759 2.1156300 2.2373105 2.5236161 2.0947956 2.4049667 2.3269571 2.6703548 2.5053806 2.3649334 2.6406230 2.7985327 2.0106445 2.3992771 2.7566946 2.3317957 2.5124613 2.0078818 2.5173490 2.4783965 2.2037057 2.2037057 2.2118206 2.5254842 
HoiH23_PlH23_008326-RA                            1.7569356 1.6987168 1.6644480 1.7676520 1.6215771 1.7357924 2.0978871 1.8391896 1.9408915 1.9548939 1.4531252 1.4595208 1.4569627 1.4338774 1.4222372 1.4533555 1.4377674 1.6084948 1.5117677 1.5379597 1.6588854 1.6149575 1.7547457 1.5279755 0.1775621 0.1733590 0.0403303 0.0000000 0.0569358 0.0569358 0.1025681 1.7911159 1.9896852 1.7273985 1.9466593 2.1003904 2.1936832 2.1974524 2.5620459 2.1520758 2.4680108 2.3625211 2.7112957 2.4796445 2.3218836 2.7313876 2.8820372 2.0391818 2.4989813 2.9131695 2.4133663 2.6142804 2.1003299 2.6173922 2.5841493 2.1386478 2.1386478 2.2494689 2.4477001 
Hhon_g05327.t1                                    1.7057866 1.6378227 1.6157368 1.7434868 1.6030608 1.7377784 2.0253146 1.7519622 1.8513345 1.8853084 1.4269778 1.4594446 1.4523944 1.3812011 1.3688852 1.4185410 1.4035416 1.5674413 1.4505495 1.4988839 1.6387920 1.5869303 1.7060984 1.4904273 0.1788511 0.1726557 0.0642263 0.0569358 0.0000000 0.0000010 0.1032958 1.7239223 1.9556123 1.7296780 1.9873081 2.0371452 2.1019702 2.2818803 2.5173748 2.0631949 2.3922036 2.3052692 2.6526800 2.4218283 2.2903684 2.6666580 2.7626056 1.9724284 2.4225454 2.7242453 2.3155532 2.5274891 2.0175087 2.4941876 2.4635187 2.2743059 2.2743059 2.2152953 2.5762962 
HoiH04_mRNA9435                                   1.7057866 1.6378227 1.6157368 1.7434868 1.6030608 1.7377784 2.0253146 1.7519622 1.8513345 1.8853084 1.4269778 1.4594446 1.4523944 1.3812011 1.3688852 1.4185410 1.4035416 1.5674413 1.4505495 1.4988839 1.6387920 1.5869303 1.7060984 1.4904273 0.1788511 0.1726557 0.0642263 0.0569358 0.0000010 0.0000000 0.1032958 1.7239223 1.9556123 1.7296780 1.9873081 2.0371452 2.1019702 2.2818803 2.5173748 2.0631949 2.3922036 2.3052692 2.6526800 2.4218283 2.2903684 2.6666580 2.7626056 1.9724284 2.4225454 2.7242453 2.3155532 2.5274891 2.0175087 2.4941876 2.4635187 2.2743059 2.2743059 2.2152953 2.5762962 
HoiH11_mRNA1495                                   1.7209406 1.5392719 1.5314469 1.6569124 1.5155839 1.5971412 2.1188441 1.8152523 1.7391409 1.7784773 1.4254078 1.3675873 1.4025259 1.3591799 1.2983058 1.3548204 1.3535832 1.4796485 1.4398265 1.4893496 1.4660310 1.4284714 1.5955458 1.4615727 0.1981298 0.1929971 0.1076735 0.1025681 0.1032958 0.1032958 0.0000000 1.7037977 1.9273971 1.6453781 2.0137823 1.9804547 2.0493104 2.1892380 2.3111640 2.1541349 2.2803491 2.1082033 2.3133853 2.3574521 2.2451334 2.3940600 2.6575617 1.8113547 2.3007056 2.5877209 2.2218414 2.4797878 1.9768307 2.4510698 2.3693317 2.2912481 2.2912481 2.2583488 2.4097865 
Spur_XM_030997012.1                               1.4220142 1.3025303 1.3134805 1.7469239 1.3967918 1.4468366 1.7493291 1.6489903 1.4228832 1.7163131 1.9475941 1.8973652 1.8345732 1.9385772 1.7034709 1.7904154 1.7581309 2.1300325 1.6578972 1.6431797 1.7264125 1.8063655 1.8370014 1.8845081 1.7716518 1.8127011 1.7505094 1.7911159 1.7239223 1.7239223 1.7037977 0.0000000 2.1162846 1.9782555 2.1713514 2.0962111 2.2538638 2.2296842 2.0170081 2.0454980 2.3407734 2.3617548 2.2434830 2.2064391 2.2287645 2.2617328 2.3020531 1.9807620 2.2063564 2.2324610 2.1204940 2.3621601 1.8741050 2.4865761 2.4321917 2.3571781 2.3571781 1.9245702 2.1232055 
Hvul_g12091_1                                     2.1743206 1.8888783 1.7054459 2.2996070 1.8316311 2.2732140 1.9789016 1.7554038 2.2844804 2.0464004 1.3463712 1.3113563 1.4246047 1.3739615 1.3402239 1.4392923 1.4488224 1.6300192 1.3218126 1.3173503 1.2288742 1.2679290 1.2947983 1.1821208 2.1177696 2.1037425 1.9825232 1.9896852 1.9556123 1.9556123 1.9273971 2.1162846 0.0000000 0.7664980 2.5376929 2.2732375 2.4201332 2.6185995 2.7021968 2.2631418 2.7980845 2.5911000 2.5693709 2.3572225 2.4466548 2.6443292 3.0599094 2.4169097 2.5656537 2.7607426 2.7768381 2.6048541 2.5098389 2.5804955 2.5333624 2.9402098 2.9402098 2.4255417 3.0491648 
Chem_TCONS_00014762                               1.9099375 1.6514625 1.6411748 1.9573281 1.6617165 2.0217920 1.7638404 1.6455603 2.0841835 2.0047691 1.4762188 1.4919765 1.4339931 1.3690794 1.3215897 1.3818933 1.3981313 1.6471461 1.3687962 1.3576185 1.3697752 1.3453470 1.3469629 1.2601162 1.8069669 1.7750562 1.6995691 1.7273985 1.7296780 1.7296780 1.6453781 1.9782555 0.7664980 0.0000000 2.2626191 2.2534233 2.3007516 2.3102226 2.3265327 2.1653496 2.4572998 2.6095445 2.5404674 2.3968141 2.0955719 2.1985894 2.7986756 2.7120715 2.3672568 2.1685601 2.4362623 2.5934946 2.3599924 2.7594765 2.6885191 2.4769370 2.4769370 2.2750314 2.6249109 
Mbre_EDQ85849                                     2.0194719 1.9986044 2.0205153 2.1178759 2.0359412 2.4800951 2.0929518 1.8055737 2.2433557 2.2576573 2.2768152 2.3156149 2.3909485 2.2914469 2.1462246 2.2288366 2.2013429 2.5421924 2.0360091 2.1682809 2.2475924 2.2211431 2.4035214 2.1449904 2.0584527 2.0417278 1.9326512 1.9466593 1.9873081 1.9873081 2.0137823 2.1713514 2.5376929 2.2626191 0.0000000 1.1211830 1.2914784 1.6071405 1.4919416 1.8240787 1.9358915 1.9560502 2.1055304 1.7553194 1.8041976 1.8898306 1.4752299 1.5845668 1.8664408 2.4563161 2.1001943 2.8756766 2.2593971 2.8336635 2.8083735 2.9160015 2.9160015 2.4865229 2.2765374 
Choper_EP00045_Choanoeca_perplexa_P009468         2.0412776 1.8497744 1.7355320 1.8108383 1.8819449 2.2682536 1.8543737 1.9454125 2.0679307 1.9782059 2.2979886 2.0031148 2.1891798 2.0139568 1.9737960 2.0702287 2.0167147 2.2618440 1.7955936 1.8337423 2.0616666 1.9973035 2.3973670 2.0682533 2.1636335 2.1616803 2.0584759 2.1003904 2.0371452 2.0371452 1.9804547 2.0962111 2.2732375 2.2534233 1.1211830 0.0000000 0.3444419 1.5608358 1.4351682 1.7095496 1.7443124 1.6172081 1.6421589 1.7416210 1.5915318 1.5079643 1.3253224 1.3208489 1.4874814 2.3040083 1.8257391 2.5773914 1.9793764 2.4959388 2.4741679 2.2601365 2.2601365 2.0540549 2.2036569 
Chofle_EP00730_Choanoeca_flexa_P007535            2.1383098 1.9319877 1.8419222 1.9367543 2.0415558 2.4439936 2.0286017 2.0049413 2.0387601 2.1774858 2.2595199 2.0181780 2.1022185 1.9743535 2.0227657 2.1394699 2.0767575 2.3337259 1.7436946 1.7403681 2.0973758 2.0517323 2.3490962 2.0985650 2.0958998 2.1205225 2.1156300 2.1936832 2.1019702 2.1019702 2.0493104 2.2538638 2.4201332 2.3007516 1.2914784 0.3444419 0.0000000 1.5978023 1.4950902 1.7706680 1.7465302 1.7005525 1.7446098 1.6936997 1.6183448 1.4424729 1.3444628 1.2145897 1.4358647 2.1179023 1.8420119 2.4061732 1.9091243 2.4806492 2.3975398 2.5418528 2.5418528 2.1976566 2.3119703 
Salkve_EP00050_Salpingoeca_kvevrii_P011484        2.2226047 2.1765607 1.9557496 2.1645328 2.0194439 2.3944410 2.1131860 2.0256274 2.6041121 2.3476399 2.0693835 1.9566208 1.9845987 1.8847938 1.8554498 1.9217821 1.9365524 2.1003602 2.0014898 2.0009018 2.0984304 2.1386879 2.4111163 2.1684701 2.3275939 2.3055817 2.2373105 2.1974524 2.2818803 2.2818803 2.1892380 2.2296842 2.6185995 2.3102226 1.6071405 1.5608358 1.5978023 0.0000000 1.4783715 1.4033453 1.6770799 1.7096912 1.7567574 1.7609721 1.5599083 1.5136183 1.6889387 1.4680931 1.9729411 2.0752683 1.9945427 2.9514016 2.4370661 3.0792853 2.9622475 2.6126025 2.6126025 2.2077029 2.1666316 
Salurc_EP00051_Salpingoeca_urceolata_P011701      2.1822408 1.8931562 2.0338786 2.0535570 2.1396774 2.3693170 2.2329957 2.0187555 2.0841356 2.2499625 2.2661240 2.0575020 2.1248677 2.1928305 2.0098017 2.1971253 2.1570099 2.3671440 1.9722283 2.0790647 2.2617353 2.3057399 2.5059471 2.2655902 2.5851671 2.5704550 2.5236161 2.5620459 2.5173748 2.5173748 2.3111640 2.0170081 2.7021968 2.3265327 1.4919416 1.4351682 1.4950902 1.4783715 0.0000000 1.4362833 1.6255049 1.6497191 1.5474689 1.4748955 1.4567978 1.4185717 1.8669958 1.5697199 1.8472857 1.8547455 1.7164517 2.7804044 2.0658360 2.7553185 2.6291983 2.6332233 2.6332233 2.1974141 1.9028528 
Mylflu_EP00047_Mylnosiga_fluctuans_P005361        2.2624311 1.9390705 2.0105756 2.1165785 2.2756133 2.3267993 2.0128725 2.0169947 2.0650472 2.0459512 1.9108492 1.8199496 1.7850262 1.6971557 1.6448107 1.8307906 1.8218087 1.7666110 1.7741142 1.8365379 1.9999547 2.0887803 2.2311489 1.8119249 2.0927194 2.1725728 2.0947956 2.1520758 2.0631949 2.0631949 2.1541349 2.0454980 2.2631418 2.1653496 1.8240787 1.7095496 1.7706680 1.4033453 1.4362833 0.0000000 1.5270631 1.6973795 1.6968419 1.7309316 1.6220642 1.7714071 1.5569684 1.5974817 1.7841187 1.5389044 1.5855886 2.5435887 2.2493302 2.7327784 2.7203752 2.7641053 2.7641053 2.2262870 2.2964014 
Salpun_EP00053_Salpingoeca_punica_P023545         2.5348340 2.2579030 2.3295066 2.4010851 2.3665821 2.6475575 2.4499195 2.3120220 2.7412018 2.6485894 2.5588363 2.2825801 2.3296837 2.2026939 2.1841823 2.3189392 2.3016531 2.5014567 2.3261021 2.3311509 2.4929811 2.4887544 2.5651282 2.4486890 2.5620449 2.5301173 2.4049667 2.4680108 2.3922036 2.3922036 2.2803491 2.3407734 2.7980845 2.4572998 1.9358915 1.7443124 1.7465302 1.6770799 1.6255049 1.5270631 0.0000000 1.8585675 1.9802845 1.7435361 1.6963057 1.6984275 1.9466277 2.0776893 2.3852047 1.5565570 1.8005849 3.1738276 2.3780730 3.2432666 3.1335586 2.9436472 2.9436472 2.5970404 2.0719218 
Acaspe_EP00035_Acanthoeca_spectabilis_P007706     2.2524433 2.2903282 2.2656012 2.2814565 2.3583991 2.4900915 2.3654063 2.2442336 2.5178991 2.4185205 2.3748349 2.0498844 2.2846285 2.1630407 2.1669199 2.2398335 2.2479052 2.3532911 2.1778691 2.2440706 2.1161332 2.1364381 2.4548493 2.3308776 2.3682461 2.3465517 2.3269571 2.3625211 2.3052692 2.3052692 2.1082033 2.3617548 2.5911000 2.6095445 1.9560502 1.6172081 1.7005525 1.7096912 1.6497191 1.6973795 1.8585675 0.0000000 0.1955237 1.0172588 1.3413265 1.5217110 2.1370911 1.7097704 2.1297429 2.2711587 1.9250926 2.7251206 2.0543317 2.7066646 2.7167058 2.6473772 2.6473772 2.6376841 2.1218478 
Helnan_EP00037_Helgoeca_nana_P028110              2.1179671 2.2124728 2.3335423 2.2763451 2.1249142 2.3776157 2.2751209 2.0947120 2.3394949 2.2109729 2.3711148 2.0747780 2.1891523 2.0690874 2.0165975 2.1287095 2.1319728 2.0881134 2.1148416 2.2195373 2.2394487 2.2128177 2.3548079 2.3590450 2.7719616 2.7161630 2.6703548 2.7112957 2.6526800 2.6526800 2.3133853 2.2434830 2.5693709 2.5404674 2.1055304 1.6421589 1.7446098 1.7567574 1.5474689 1.6968419 1.9802845 0.1955237 0.0000000 1.0076886 1.1815309 1.5728920 2.1953379 1.6744283 1.9042429 2.1714480 2.0631532 2.4549510 2.1321928 2.5550936 2.6135793 2.8954649 2.8954649 2.6946582 2.2883063 
Stedip_EP00041_Stephanoeca_diplocostata_P028172   2.2433190 2.2225968 2.4345231 2.2041480 2.2440774 2.4928245 2.4723250 2.2664679 2.5560538 2.3983532 2.3196369 2.0836008 2.2104086 2.2406992 2.1440853 2.3762153 2.3495914 2.4311717 2.0569222 2.1939625 2.2283431 2.2408898 2.4211581 2.3076987 2.6262802 2.6067748 2.5053806 2.4796445 2.4218283 2.4218283 2.3574521 2.2064391 2.3572225 2.3968141 1.7553194 1.7416210 1.6936997 1.7609721 1.4748955 1.7309316 1.7435361 1.0172588 1.0076886 0.0000000 1.2871988 1.5082519 1.7283297 1.5872422 1.8510470 1.8256981 2.1319029 2.6524365 2.4953395 2.6767642 2.5212549 2.7622233 2.7622233 2.4473469 2.3277281 
Diagra_EP00040_Diaphanoeca_grandis_P024314        2.2766334 2.1638082 2.2283888 2.2674598 2.1131621 2.3772867 2.3300113 1.8757930 2.2643630 2.4446067 2.2703600 2.1118556 2.2416215 2.1328293 2.0495335 2.2038068 2.1341012 2.4036687 2.0515765 2.0744882 2.4002938 2.5085878 2.6113128 2.4674611 2.4819972 2.4370087 2.3649334 2.3218836 2.2903684 2.2903684 2.2451334 2.2287645 2.4466548 2.0955719 1.8041976 1.5915318 1.6183448 1.5599083 1.4567978 1.6220642 1.6963057 1.3413265 1.1815309 1.2871988 0.0000000 1.4940883 1.8261249 1.8341822 2.0539764 2.0788828 2.0013121 2.4860821 2.0061968 2.4879248 2.4606650 2.6280577 2.6280577 2.2368226 2.1691517 
Didcos_EP00039_Didymoeca_costata_P019385          2.3091583 2.0625272 2.1247864 2.1620360 2.0825369 2.5792519 2.1211661 2.1920101 2.2899357 2.2757411 2.2741278 2.2450849 2.2578122 2.2342117 2.1832306 2.3035598 2.2961018 2.4465735 1.9983931 2.0429972 2.1528492 2.1433404 2.2861218 2.2274894 2.6539726 2.6993716 2.6406230 2.7313876 2.6666580 2.6666580 2.3940600 2.2617328 2.6443292 2.1985894 1.8898306 1.5079643 1.4424729 1.5136183 1.4185717 1.7714071 1.6984275 1.5217110 1.5728920 1.5082519 1.4940883 0.0000000 1.6471667 1.7250869 1.8738694 1.8513199 1.7101265 2.7830814 2.1629376 2.7410481 2.6769780 2.6193946 2.6193946 2.5474653 2.2865435 
Sros_EGD74250                                     2.6921731 2.2908665 2.3479063 2.3291461 2.5775040 2.6164350 2.4446349 2.4504024 2.4033407 2.4613054 2.6911086 2.4265073 2.4292286 2.3995136 2.2061038 2.2911561 2.2949348 2.7295476 2.3988041 2.5398088 2.4886946 2.5259896 2.6374976 2.6661494 2.9459753 2.9163101 2.7985327 2.8820372 2.7626056 2.7626056 2.6575617 2.3020531 3.0599094 2.7986756 1.4752299 1.3253224 1.3444628 1.6889387 1.8669958 1.5569684 1.9466277 2.1370911 2.1953379 1.7283297 1.8261249 1.6471667 0.0000000 0.7078650 1.6545865 2.1632742 2.0710693 3.2171054 2.5146105 3.4546000 3.3307598 3.0857554 3.0857554 2.9882830 2.6022393 
Microa_EP00043_Microstomoeca_roanoka_P014026      2.3097343 1.8769904 1.7747756 2.3245877 2.0523377 2.4415891 2.1103882 1.8383819 1.9367273 2.4905652 2.0900552 2.0534626 2.1658924 1.9239950 1.7269998 1.9391335 1.8923904 2.2207839 2.0359578 2.0457916 1.9324020 1.9438206 2.0975450 2.1081284 2.0877243 2.0757606 2.0106445 2.0391818 1.9724284 1.9724284 1.8113547 1.9807620 2.4169097 2.7120715 1.5845668 1.3208489 1.2145897 1.4680931 1.5697199 1.5974817 2.0776893 1.7097704 1.6744283 1.5872422 1.8341822 1.7250869 0.7078650 0.0000000 1.3394059 1.7813791 1.8147337 2.3844827 2.1398744 2.4538202 2.3145171 2.9246798 2.9246798 2.5076026 2.3049688 
Salinf_EP00049_Salpingoeca_infusionum_P003822     2.4617556 2.2964742 2.3686118 2.1434285 2.1945839 2.3357641 2.4061809 2.4661771 2.4781711 2.1119449 2.4077917 2.3121342 2.6379940 2.3806793 2.4814238 2.3642279 2.3388318 2.4133943 2.2422119 2.3026942 2.6068232 2.6202967 2.5210387 2.6910843 2.3637093 2.3735041 2.3992771 2.4989813 2.4225454 2.4225454 2.3007056 2.2063564 2.5656537 2.3672568 1.8664408 1.4874814 1.4358647 1.9729411 1.8472857 1.7841187 2.3852047 2.1297429 1.9042429 1.8510470 2.0539764 1.8738694 1.6545865 1.3394059 0.0000000 2.2822697 2.1241933 2.7686387 2.1395300 3.0360695 2.9218476 3.2060740 3.2060740 2.7647061 2.2231045 
Salmac_EP00052_Salpingoeca_macrocollata_P010902   2.7730873 2.2022686 2.5884654 2.2328217 2.2636864 2.6202258 2.3960929 2.1773633 2.1500767 3.3552672 2.4023090 2.1319013 2.0414926 1.9538351 1.8433801 2.0641179 2.0254089 2.0433867 2.1555823 2.2562047 2.0399498 2.0443173 2.2504907 2.1525644 2.9069231 2.8911939 2.7566946 2.9131695 2.7242453 2.7242453 2.5877209 2.2324610 2.7607426 2.1685601 2.4563161 2.3040083 2.1179023 2.0752683 1.8547455 1.5389044 1.5565570 2.2711587 2.1714480 1.8256981 2.0788828 1.8513199 2.1632742 1.7813791 2.2822697 0.0000000 2.2173414 2.6261965 2.2386234 2.5708598 2.6224549 2.8206890 2.8206890 2.7052718 3.1014021 
Saldol_EP00054_Salpingoeca_dolichothecata_P010958 2.1697162 1.9604888 2.1912089 2.4144270 2.2725537 2.5366033 2.4351607 2.1892485 2.3948079 2.1032897 2.3390662 2.1795491 2.3927878 2.2169916 2.1638320 2.2562673 2.2536130 2.4274275 2.1386320 2.1973963 2.3426533 2.3881480 2.6393459 2.4207050 2.2014642 2.2135467 2.3317957 2.4133663 2.3155532 2.3155532 2.2218414 2.1204940 2.7768381 2.4362623 2.1001943 1.8257391 1.8420119 1.9945427 1.7164517 1.5855886 1.8005849 1.9250926 2.0631532 2.1319029 2.0013121 1.7101265 2.0710693 1.8147337 2.1241933 2.2173414 0.0000000 2.7406119 2.1783123 2.7450272 2.6890637 2.6955292 2.6955292 2.5303568 2.4791475 
Mlei_ML0871.g12.i1                                2.4579157 2.3077838 2.0299641 2.5073286 2.4710059 2.4964077 2.7974414 2.4338030 2.4037218 2.4003727 2.1879509 2.0314481 2.3718201 2.1638404 2.1276213 2.1071098 2.1253219 2.0952885 2.1556668 2.1759643 2.1111915 2.1538866 2.2559141 2.3515002 2.5992285 2.5851181 2.5124613 2.6142804 2.5274891 2.5274891 2.4797878 2.3621601 2.6048541 2.5934946 2.8756766 2.5773914 2.4061732 2.9514016 2.7804044 2.5435887 3.1738276 2.7251206 2.4549510 2.6524365 2.4860821 2.7830814 3.2171054 2.3844827 2.7686387 2.6261965 2.7406119 0.0000000 0.0899314 0.4166333 0.3877567 2.0205427 2.0205427 1.6791003 2.8376131 
Lampan_Lpan_C397279_01                            2.1770869 1.8415536 2.1384593 1.7932222 2.1232473 2.0817288 2.2514192 1.6705412 2.1524383 2.0681219 1.8049711 1.6534865 1.9122299 1.7101280 1.7074198 1.6667573 1.6740991 1.6804311 1.5945102 1.5563412 1.6824814 1.7262568 1.8855882 1.8463773 2.1002176 2.1138864 2.0078818 2.1003299 2.0175087 2.0175087 1.9768307 1.8741050 2.5098389 2.3599924 2.2593971 1.9793764 1.9091243 2.4370661 2.0658360 2.2493302 2.3780730 2.0543317 2.1321928 2.4953395 2.0061968 2.1629376 2.5146105 2.1398744 2.1395300 2.2386234 2.1783123 0.0899314 0.0000000 0.1884836 0.1884836 1.4065693 1.4065693 1.2518067 2.6810350 
Pbac_sb2651321                                    2.4927926 2.3240477 2.2144076 2.6011330 2.6750072 2.6404004 2.8051650 2.3222203 2.6040578 2.2873874 2.2585477 2.0543296 2.2886988 2.0468479 1.9873796 2.0818690 2.0916270 2.1251345 2.2014093 2.1185420 2.0714601 2.0798002 2.2806875 2.3197362 2.4760898 2.4782182 2.5173490 2.6173922 2.4941876 2.4941876 2.4510698 2.4865761 2.5804955 2.7594765 2.8336635 2.4959388 2.4806492 3.0792853 2.7553185 2.7327784 3.2432666 2.7066646 2.5550936 2.6767642 2.4879248 2.7410481 3.4546000 2.4538202 3.0360695 2.5708598 2.7450272 0.4166333 0.1884836 0.0000000 0.0328826 2.0941387 2.0941387 1.6429784 2.8791618 
Horcal_Hcv1.av93.c10.g367.i2                      2.4533604 2.2781439 2.0975923 2.4569055 2.5665833 2.5357269 2.7802377 2.3001098 2.5680999 2.2746127 2.2199726 2.0331484 2.2471160 2.1285597 2.0708022 2.0816135 2.0795703 2.2376292 2.1523533 2.0329895 1.9621206 1.9628780 2.1895548 2.1825553 2.4110914 2.4157584 2.4783965 2.5841493 2.4635187 2.4635187 2.3693317 2.4321917 2.5333624 2.6885191 2.8083735 2.4741679 2.3975398 2.9622475 2.6291983 2.7203752 3.1335586 2.7167058 2.6135793 2.5212549 2.4606650 2.6769780 3.3307598 2.3145171 2.9218476 2.6224549 2.6890637 0.3877567 0.1884836 0.0328826 0.0000000 2.0364958 2.0364958 1.6195182 2.8717445 
Bolinf_Binf_sb1236726                             2.6901378 2.3014411 2.2044835 2.1533144 2.4421316 2.5179808 2.4717205 2.2543010 3.0188873 2.9209443 2.2937487 2.2578191 2.2785660 2.2327283 1.9634355 2.3740837 2.3370671 2.4523624 2.1118728 2.2205918 2.0566931 2.0598169 2.4626968 1.9815785 2.2176095 2.2176095 2.2037057 2.1386478 2.2743059 2.2743059 2.2912481 2.3571781 2.9402098 2.4769370 2.9160015 2.2601365 2.5418528 2.6126025 2.6332233 2.7641053 2.9436472 2.6473772 2.8954649 2.7622233 2.6280577 2.6193946 3.0857554 2.9246798 3.2060740 2.8206890 2.6955292 2.0205427 1.4065693 2.0941387 2.0364958 0.0000000 0.0000010 0.8116685 2.2640571 
Mertsp_Mesp_sb582529                              2.6901378 2.3014411 2.2044835 2.1533144 2.4421316 2.5179808 2.4717205 2.2543010 3.0188873 2.9209443 2.2937487 2.2578191 2.2785660 2.2327283 1.9634355 2.3740837 2.3370671 2.4523624 2.1118728 2.2205918 2.0566931 2.0598169 2.4626968 1.9815785 2.2176095 2.2176095 2.2037057 2.1386478 2.2743059 2.2743059 2.2912481 2.3571781 2.9402098 2.4769370 2.9160015 2.2601365 2.5418528 2.6126025 2.6332233 2.7641053 2.9436472 2.6473772 2.8954649 2.7622233 2.6280577 2.6193946 3.0857554 2.9246798 3.2060740 2.8206890 2.6955292 2.0205427 1.4065693 2.0941387 2.0364958 0.0000010 0.0000000 0.8116685 2.2640571 
Eupdun_Edun_sb10675144                            2.3355893 2.0831092 1.8890340 2.0730353 2.1069858 2.2635657 2.1863752 1.9829150 2.3352727 2.1294176 1.9605014 2.0645055 2.1397279 2.1158856 1.8903201 2.0237207 2.0602824 2.1446149 1.8064707 1.8935154 2.0292707 2.0407887 2.3552379 1.8373221 2.1757348 2.2009516 2.2118206 2.2494689 2.2152953 2.2152953 2.2583488 1.9245702 2.4255417 2.2750314 2.4865229 2.0540549 2.1976566 2.2077029 2.1974141 2.2262870 2.5970404 2.6376841 2.6946582 2.4473469 2.2368226 2.5474653 2.9882830 2.5076026 2.7647061 2.7052718 2.5303568 1.6791003 1.2518067 1.6429784 1.6195182 0.8116685 0.8116685 0.0000000 2.5290744 
Codhol_EP00042_Codosiga_hollandica_P044712        2.3838028 2.2356993 2.2136009 2.4435192 2.5575373 2.5042056 2.3722683 2.0964285 2.3737485 2.6786243 2.4543009 2.3372236 2.2847552 2.3105615 2.3311599 2.5012860 2.5292298 2.6756287 2.1391302 2.1659060 2.2994386 2.3024522 2.6204517 2.4854858 2.5592109 2.5612473 2.5254842 2.4477001 2.5762962 2.5762962 2.4097865 2.1232055 3.0491648 2.6249109 2.2765374 2.2036569 2.3119703 2.1666316 1.9028528 2.2964014 2.0719218 2.1218478 2.2883063 2.3277281 2.1691517 2.2865435 2.6022393 2.3049688 2.2231045 3.1014021 2.4791475 2.8376131 2.6810350 2.8791618 2.8717445 2.2640571 2.2640571 2.5290744 0.0000000 
