76
Hsap_ENST00000268482                                   0.0000000 0.4524976 0.5486752 0.6368842 0.8643608 0.7563824 0.8023339 0.7233321 0.3789779 0.6777319 0.3527138 0.8680969 0.8498102 0.5075920 0.6726118 0.6385021 1.0283042 0.4675363 0.6487413 0.5373587 0.6216587 0.6699403 0.5561857 0.4384962 0.7765349 0.7959203 0.8075077 0.7984483 0.8125543 0.8095190 0.7010421 0.7446431 0.7497920 0.6348567 0.7397223 0.7476689 0.5901131 0.5883028 0.8749147 0.5253252 0.5765379 0.4789223 0.5063253 0.8885000 0.7215546 0.6296690 0.6472525 0.9706785 0.8450798 1.0394648 0.8301600 0.7883232 1.2339489 1.1519913 0.9619688 1.1195922 1.0218088 0.5772435 0.9487957 0.7822915 1.1881394 0.8496537 1.1192098 0.5702236 1.0496638 1.3009786 1.2038212 1.2258691 1.1414137 0.9014075 0.4367967 1.5555337 1.5991008 1.1805097 1.0643670 0.8603574 
Bralan_BLAG07001353_1                                  0.4524976 0.0000000 0.5048210 0.5987255 0.7971140 0.6345668 0.6720639 0.6676493 0.3512606 0.5904977 0.3047970 0.7944623 0.7758647 0.4775569 0.6138561 0.5958252 0.8747616 0.4492408 0.5997014 0.4801014 0.5745642 0.6200138 0.5155503 0.4470116 0.7189497 0.7359300 0.7407438 0.7305127 0.7527804 0.7551507 0.6420152 0.6922196 0.8065931 0.6650367 0.8092548 0.7963492 0.5195710 0.5819361 0.8644381 0.5378049 0.5550071 0.4522814 0.5251547 0.8213493 0.6898049 0.5510053 0.5842861 0.9052505 0.8508577 0.9119680 0.7625539 0.7964728 1.3057474 1.0843288 0.9325206 1.0740637 0.9824970 0.5534465 0.8990088 0.7837939 1.1189306 0.8491160 1.1134359 0.5884607 1.0376674 1.3565258 1.2648794 1.1632911 1.0963287 0.9128462 0.3776709 1.6118204 1.4450271 1.0676916 1.0157919 0.7810303 
Skow_XM_006822557.1                                    0.5486752 0.5048210 0.0000000 0.5567201 0.7547761 0.6566296 0.6917575 0.6691376 0.3154162 0.6091387 0.2993585 0.8392887 0.8435039 0.4899595 0.6893376 0.6222684 0.9825854 0.4616674 0.6296700 0.4953469 0.6196392 0.6953725 0.5779215 0.4286631 0.7520258 0.7082614 0.7420456 0.7286300 0.7340672 0.7349152 0.6812058 0.7668445 0.7395216 0.6131775 0.7493674 0.7184705 0.4790112 0.6134758 0.8604316 0.5150356 0.5412487 0.4551615 0.4794659 0.8227861 0.6867830 0.5985016 0.5320357 0.9247235 0.8696451 0.9347000 0.7901739 0.7564918 1.1870416 1.1036188 0.8907932 1.0238275 0.9069729 0.5032585 0.8738446 0.7494266 1.1339007 0.8469777 1.0807861 0.5573687 0.9620921 1.2776543 1.2217983 1.1331529 1.1181448 0.9116233 0.3622147 1.5607879 1.5731421 1.1449759 1.0779262 0.7701866 
Aque_Aqu2.1.29487_001                                  0.6368842 0.5987255 0.5567201 0.0000000 0.1502871 0.4490015 0.4649861 0.4083090 0.3037357 0.6978281 0.3142199 0.6349807 0.6666435 0.5285108 0.6028056 0.5462814 0.7450054 0.5600891 0.5745771 0.6415050 0.5730937 0.6346546 0.5261084 0.4640670 0.6187813 0.6610615 0.6455520 0.6308031 0.6608571 0.6583981 0.6157176 0.6516072 0.6739716 0.6623777 0.6485611 0.5928977 0.5530778 0.6421382 0.7853343 0.6176349 0.6390240 0.5528729 0.5595637 0.7818539 0.7406247 0.6577445 0.6643890 0.7911294 0.6430148 0.7290949 0.7045014 0.5521023 1.0031411 0.9155268 0.8610296 0.9891102 0.9360942 0.5851572 0.8816961 0.8143315 1.0304324 0.9384432 0.8813802 0.6249078 1.0290915 0.9399302 0.9838276 0.9166773 0.9381728 0.8010689 0.1615547 1.2649744 1.1125429 0.8388092 0.9221539 0.4328856 
Halamb_c46512_g1_i3mm.1973                             0.8643608 0.7971140 0.7547761 0.1502871 0.0000000 0.5613540 0.5744404 0.5582219 0.3106612 0.8651093 0.3061927 0.8163892 0.8455859 0.5228399 0.7896183 0.8145038 1.2134723 0.5726300 0.7921897 0.5673028 0.8178574 0.8751067 0.7308520 0.5231327 0.8649163 0.8870293 0.8706875 0.8615859 0.8881354 0.8852887 0.8293967 0.8747996 0.7759278 0.6545885 0.7731083 0.7182744 0.5576172 0.6323170 0.9096007 0.6195277 0.6260042 0.5429088 0.5291216 0.8633357 0.7252295 0.8326178 0.8530258 0.9550579 1.0061743 1.0069923 0.8902000 0.8089109 1.3455288 1.1793641 0.9340097 1.2206413 1.0419808 0.6027209 1.0102188 0.8398899 1.2238235 0.9304019 1.1816366 0.6289605 1.0906657 1.2741144 1.2695548 1.2278903 1.2668737 0.9246605 0.1692543 1.6540274 1.5512138 1.2336302 1.2074528 0.8266615 
Emue_Em0052g11a.t1                                     0.7563824 0.6345668 0.6566296 0.4490015 0.5613540 0.0000000 0.0720238 0.3318651 0.2134323 0.7278775 0.3135913 0.8147142 0.8116390 0.5141099 0.7430039 0.7060835 1.1378540 0.5417422 0.6779099 0.6055449 0.7059751 0.7546158 0.6230793 0.4578740 0.7658771 0.7758831 0.7535343 0.7481977 0.7691672 0.7669528 0.7300061 0.7303573 0.6551986 0.6139824 0.6823731 0.6820562 0.4074944 0.5725781 0.8007577 0.5342566 0.5470560 0.4571407 0.4886899 0.8063977 0.6567258 0.7184721 0.7541516 0.8609180 0.8829066 0.8503213 0.7439424 0.6872716 1.1714042 1.0304174 0.9001218 1.0781389 0.9908472 0.5664314 0.8931982 0.8255724 1.0757312 0.8410246 1.1017318 0.5447808 1.0114036 1.1917802 1.1229287 1.0770985 1.0788838 0.8580234 0.2150980 1.4715965 1.6171669 1.2156090 1.1081762 0.4505435 
Spolac_c102835_g2_i2_m.31231c102835-g2                 0.8023339 0.6720639 0.6917575 0.4649861 0.5744404 0.0720238 0.0000000 0.3499380 0.2098547 0.7699523 0.3076501 0.8368547 0.8225426 0.5112330 0.7817804 0.7422411 1.1991369 0.5491142 0.7211437 0.6055771 0.7446048 0.8001139 0.6487085 0.4695545 0.8240236 0.8282968 0.7955000 0.7897835 0.8092526 0.8060233 0.7640455 0.7745640 0.6921471 0.6217807 0.7087235 0.7051077 0.4247327 0.5624063 0.8082136 0.5364416 0.5494043 0.4539644 0.4774869 0.7942591 0.6551004 0.7515591 0.7943095 0.9049936 0.9291889 0.8885196 0.7745114 0.7339510 1.2074813 1.1142557 0.9169190 1.1247727 1.0051411 0.5714943 0.9001975 0.8226972 1.1670621 0.8479590 1.1193457 0.5453776 1.0160832 1.2407542 1.1574331 1.1311679 1.1332777 0.8886446 0.2149337 1.5843554 1.6300223 1.2164799 1.1532018 0.4909091 
Tetwil_g23763.t1                                       0.7233321 0.6676493 0.6691376 0.4083090 0.5582219 0.3318651 0.3499380 0.0000000 0.1952616 0.7892726 0.3067215 0.8390742 0.8557037 0.4952239 0.6712141 0.6883334 1.1266894 0.4759415 0.6521837 0.5104255 0.6716803 0.7299842 0.6245865 0.4003109 0.7212957 0.7582427 0.7504568 0.7413569 0.7628929 0.7630425 0.6950689 0.7353456 0.6628236 0.5679429 0.6868250 0.6756975 0.4070751 0.5308124 0.7970131 0.4585190 0.4829494 0.4158317 0.4298757 0.7562103 0.6082769 0.7090440 0.6935524 0.8784982 0.8207058 0.8224568 0.7158598 0.6360712 1.2093639 1.0633631 0.8715271 1.1540069 0.9673863 0.5072471 0.8551318 0.7329842 1.0962048 0.7594351 1.1245980 0.5266800 0.9907721 1.2459381 1.1890760 1.0531101 1.1045568 0.9332790 0.1903527 1.5035621 1.6714251 1.2897784 1.1769860 0.4470916 
Plespi_Pspi_scaffold18252_01                           0.3789779 0.3512606 0.3154162 0.3037357 0.3106612 0.2134323 0.2098547 0.1952616 0.0000000 0.3751130 0.2994711 0.3772464 0.3818471 0.3729842 0.3411167 0.3543729 0.3230640 0.3333987 0.3324986 0.2959424 0.3195107 0.3379597 0.3203778 0.4503004 0.4045512 0.4228001 0.4155366 0.4152519 0.4220496 0.4223248 0.3638902 0.4194809 0.3356163 0.3551843 0.3348631 0.2474915 0.4677235 0.4493791 0.4496263 0.5213950 0.5282355 0.4454235 0.4852842 0.4693863 0.4155071 0.3936252 0.3897781 0.4116729 0.2339789 0.3020312 0.3894746 0.2650867 0.5430315 0.5212135 0.5395277 0.5832780 0.5708688 0.5527689 0.5605953 0.5422176 0.6814563 0.5420127 0.5978497 0.4698791 0.6351668 0.5673459 0.5799537 0.5682452 0.5375067 0.3526653 0.2613521 0.7066676 0.6471362 0.3484720 0.2408512 0.2275645 
Cgig_XM_034483044.1                                    0.6777319 0.5904977 0.6091387 0.6978281 0.8651093 0.7278775 0.7699523 0.7892726 0.3751130 0.0000000 0.2591337 0.7226423 0.7355687 0.4452906 0.7524404 0.7277863 1.1435839 0.5367887 0.7209584 0.6287168 0.7062940 0.7983056 0.5640657 0.4338228 0.8185426 0.8393745 0.8337529 0.8335411 0.8453283 0.8436942 0.7655673 0.7985816 0.8198250 0.7001168 0.8344692 0.8415155 0.5650491 0.6180493 0.8589474 0.5373685 0.5384263 0.4826638 0.5087215 0.8817714 0.7665364 0.4586999 0.6685709 0.8474588 0.9604107 1.0079706 0.8268833 0.8053122 1.3082574 1.1311807 0.9126230 1.1146864 1.0247505 0.5521229 0.8947180 0.8420541 1.1653439 0.8736917 1.1840051 0.6105974 0.9771769 1.2851224 1.2515479 1.1753316 1.1484935 0.9869522 0.4087667 1.5551797 1.3702207 1.0657666 1.0453578 0.8712863 
Aaur_scaffold377.g9.t3                                 0.3527138 0.3047970 0.2993585 0.3142199 0.3061927 0.3135913 0.3076501 0.3067215 0.2994711 0.2591337 0.0000000 0.0836246 0.0838572 0.1083778 0.2776567 0.2660865 0.2322406 0.2786567 0.2709398 0.2391139 0.2409239 0.2710722 0.2917593 0.3498032 0.3087204 0.3231300 0.3126914 0.3131210 0.3130954 0.3130954 0.3069426 0.3314898 0.3564030 0.3486815 0.3446461 0.3223276 0.3880726 0.4089928 0.4088789 0.4227205 0.3951343 0.4138829 0.4262929 0.4041842 0.3752457 0.3072749 0.3220389 0.2778893 0.1911252 0.3703458 0.3682530 0.3179503 0.4943732 0.4775065 0.4633945 0.5109640 0.5150696 0.4537346 0.4675166 0.4820294 0.5370718 0.5031562 0.4989977 0.4139048 0.5228509 0.5181891 0.5189386 0.5249052 0.4746378 0.3645765 0.3071670 0.6465115 0.4472481 0.1937631 0.2779019 0.2882548 
Nemnom_g14895.t1                                       0.8680969 0.7944623 0.8392887 0.6349807 0.8163892 0.8147142 0.8368547 0.8390742 0.3772464 0.7226423 0.0836246 0.0000000 0.1333045 0.1859110 0.6331656 0.6472519 1.0282927 0.4924157 0.6602520 0.5252345 0.6566958 0.7186714 0.6796954 0.4624140 0.7921678 0.8163306 0.8296535 0.8077997 0.8393027 0.8372941 0.7509643 0.7876264 0.7869743 0.6610763 0.7613146 0.7616863 0.5055123 0.5772701 0.8749823 0.5771806 0.5608844 0.5090749 0.5158144 0.8792943 0.7229146 0.7244463 0.7976032 0.6453501 0.8435097 1.0214348 0.8662199 0.8427262 1.3743852 1.2311563 1.0463671 1.3483328 1.1585804 0.5916213 1.0360487 0.8793527 1.3273979 0.8909150 1.2022240 0.5927627 1.2037099 1.4507006 1.4174824 1.3434886 1.2693252 1.0353125 0.4188967 1.7068292 1.0339081 0.8679033 1.2052628 1.0258321 
Rhoesc_Res_010667-T1                                   0.8498102 0.7758647 0.8435039 0.6666435 0.8455859 0.8116390 0.8225426 0.8557037 0.3818471 0.7355687 0.0838572 0.1333045 0.0000000 0.1849544 0.6727528 0.6554265 1.0592125 0.4822148 0.6751940 0.5349031 0.6783625 0.7306487 0.6812094 0.4599456 0.8151669 0.8560161 0.8512881 0.8278863 0.8616373 0.8600251 0.7750123 0.8327772 0.7897431 0.6534720 0.7625350 0.7940265 0.5162317 0.5757838 0.8952541 0.5507193 0.5530055 0.5016287 0.5109357 0.8552246 0.7047723 0.7573693 0.7845361 0.6616608 0.8374024 0.9950006 0.8522721 0.8723407 1.4348093 1.2406835 1.0760508 1.3095982 1.1025053 0.5706614 1.0020851 0.8585849 1.3107083 0.9070850 1.2103652 0.5923691 1.1653372 1.4473404 1.4450912 1.3698385 1.2644405 1.0743108 0.4144383 1.6950808 0.9964364 0.8493294 1.1831382 1.0262986 
Sanmal_Sma_025189-T1                                   0.5075920 0.4775569 0.4899595 0.5285108 0.5228399 0.5141099 0.5112330 0.4952239 0.3729842 0.4452906 0.1083778 0.1859110 0.1849544 0.0000000 0.4154991 0.3488953 0.4795316 0.3927416 0.3921809 0.4700106 0.3860906 0.4175874 0.4294080 0.4569276 0.5151119 0.5435438 0.5263368 0.5207386 0.5309126 0.5311662 0.4837519 0.5181230 0.5622316 0.5547927 0.5360595 0.4849763 0.5193596 0.6208146 0.6522340 0.5761059 0.5775515 0.5270027 0.5450717 0.6873380 0.6441453 0.4226647 0.5289232 0.4283403 0.4294006 0.5498009 0.5575080 0.4880457 0.8270812 0.7840407 0.7453841 0.7931975 0.7930951 0.5587235 0.7309770 0.6985737 0.8023674 0.7574308 0.7604954 0.6060759 0.8431771 0.8217592 0.8149671 0.8522598 0.6943910 0.6958879 0.3988398 1.2060091 0.5618136 0.4074513 0.5575855 0.5527649 
Exapal_XM_021055332.1                                  0.6726118 0.6138561 0.6893376 0.6028056 0.7896183 0.7430039 0.7817804 0.6712141 0.3411167 0.7524404 0.2776567 0.6331656 0.6727528 0.4154991 0.0000000 0.4005959 0.6219578 0.3105147 0.4246639 0.3210808 0.3920844 0.4385969 0.6419978 0.4100437 0.6510842 0.6817784 0.6762123 0.6782352 0.6886025 0.6864763 0.5049507 0.5623513 0.7839938 0.6398338 0.7772063 0.7354676 0.5242145 0.6017450 0.8780871 0.5796383 0.5812453 0.4865579 0.5383261 0.8460895 0.7037988 0.7128471 0.7127293 0.8270700 0.4111044 0.8690853 0.7657573 0.8004286 1.3135579 1.1286129 0.9194285 1.1449524 1.0105400 0.5339785 0.9190966 0.8449043 1.1607669 0.8678234 1.1183180 0.5892539 1.0427946 1.3389640 1.3192293 1.2372467 1.1683782 1.0502583 0.4286847 1.6213514 1.2443073 0.9787671 1.0784825 0.9557848 
Adig_XM_015909888.1                                    0.6385021 0.5958252 0.6222684 0.5462814 0.8145038 0.7060835 0.7422411 0.6883334 0.3543729 0.7277863 0.2660865 0.6472519 0.6554265 0.3488953 0.4005959 0.0000000 0.0206735 0.1061408 0.1870956 0.0930926 0.1412255 0.1701609 0.6009662 0.3600968 0.6778057 0.6828235 0.7037702 0.6881048 0.7095746 0.7073200 0.4745725 0.5596364 0.7275958 0.5465564 0.7159081 0.6894745 0.5128198 0.5660889 0.8727116 0.5565586 0.5751013 0.4973447 0.5302315 0.8346570 0.6930547 0.7219100 0.6752378 0.8126360 0.4694935 0.9155789 0.7469029 0.6934685 1.2840543 1.1419278 0.9336830 1.0639108 0.9282291 0.5111365 0.8725752 0.7797397 1.0915456 0.7884337 1.1435001 0.4936815 0.9514085 1.4287961 1.3409022 1.1635441 1.1447936 1.0360541 0.3847337 1.3955201 1.4115730 0.9273733 1.1174948 0.8852234 
Amil_Amillepora00648-RA                                1.0283042 0.8747616 0.9825854 0.7450054 1.2134723 1.1378540 1.1991369 1.1266894 0.3230640 1.1435839 0.2322406 1.0282927 1.0592125 0.4795316 0.6219578 0.0206735 0.0000000 0.1608387 0.2779528 0.1056494 0.2267709 0.2850378 0.9331293 0.2974911 1.0148214 1.0536772 1.0751533 1.0626084 1.0950384 1.0889031 0.7427637 0.8619957 1.1219634 0.7783033 1.1083531 1.0211832 0.0000010 0.6528960 1.2052162 0.0000010 2.2267121 0.3752579 0.4252593 1.1821294 0.9539634 1.1953285 0.9877860 1.2218759 0.5985798 1.1452460 1.1379144 1.0150858 2.0403890 1.7228779 1.3058096 1.5267489 1.3140339 0.3319406 1.2050311 1.0477217 1.5545750 1.0269616 1.7324531 0.5704270 1.2167459 2.2581387 2.0767534 1.8032392 1.8988860 1.2823459 0.3614271 2.8642613 1.3519870 1.0551657 1.0802610 1.4286047 
Gfas_gfas1.m1.18040.m1                                 0.4675363 0.4492408 0.4616674 0.5600891 0.5726300 0.5417422 0.5491142 0.4759415 0.3333987 0.5367887 0.2786567 0.4924157 0.4822148 0.3927416 0.3105147 0.1061408 0.1608387 0.0000000 0.1023743 0.0689659 0.0957176 0.1123765 0.4459551 0.3743855 0.5092187 0.5342679 0.5337307 0.5237664 0.5371976 0.5353134 0.3504984 0.4119661 0.5801922 0.5465531 0.5650719 0.5162786 0.4895798 0.5896059 0.7227757 0.5416176 0.5572449 0.4939136 0.5308477 0.7717048 0.6751821 0.5471390 0.5110592 0.6067040 0.3492618 0.6695499 0.5823835 0.5259003 0.9204550 0.8902159 0.8520488 0.8354236 0.8454941 0.4811957 0.7822890 0.7719625 0.8513840 0.7897940 0.8402677 0.5239954 0.9185457 0.9871726 1.0062631 0.8828542 0.7927918 0.8246462 0.3718716 1.1944863 0.9092016 0.6874684 0.7218164 0.5661449 
Spis_XP_022805818_1                                    0.6487413 0.5997014 0.6296700 0.5745771 0.7921897 0.6779099 0.7211437 0.6521837 0.3324986 0.7209584 0.2709398 0.6602520 0.6751940 0.3921809 0.4246639 0.1870956 0.2779528 0.1023743 0.0000000 0.0145232 0.1226070 0.1380598 0.6280656 0.3548696 0.6641355 0.6925747 0.7031142 0.6928733 0.7174245 0.7179493 0.4900563 0.5398581 0.7166180 0.5635104 0.7284989 0.6811080 0.5082446 0.5957825 0.8704250 0.5583987 0.5671859 0.5017232 0.5411955 0.8558479 0.7201315 0.7623196 0.6618424 0.8028554 0.4593029 0.8973024 0.7372788 0.7005764 1.2667283 1.1664245 0.9343962 1.0388963 0.9571862 0.5028098 0.8816442 0.7923889 1.0732961 0.7966182 1.1190426 0.5469442 0.9704579 1.3930930 1.2735839 1.1869482 1.1204549 1.0511671 0.3703584 1.4219748 1.2349935 0.9101126 1.0735526 0.9284417 
Pocdam_XM_027181383.1                                  0.5373587 0.4801014 0.4953469 0.6415050 0.5673028 0.6055449 0.6055771 0.5104255 0.2959424 0.6287168 0.2391139 0.5252345 0.5349031 0.4700106 0.3210808 0.0930926 0.1056494 0.0689659 0.0145232 0.0000000 0.0879566 0.1072226 0.4924960 0.2957325 0.4811404 0.5347812 0.5136172 0.5192730 0.5500868 0.5500868 0.4309178 0.4741589 0.6860012 0.6745078 0.6597153 0.6140212 0.0000010 0.6683018 0.8451436 0.0000010 2.2267121 0.3703500 0.4129966 0.8752210 0.8327037 0.6330064 0.5134610 0.6258095 0.3099443 0.6292361 0.6278177 0.5656635 1.0741903 1.0204047 0.9431627 0.8581985 0.9238986 0.3450181 0.8914186 0.9066400 0.8900666 0.9199559 0.9100196 0.5695150 1.0298483 1.1870461 1.1315908 1.0055428 0.9602964 0.8000779 0.3518915 1.9819767 0.7315593 0.5818674 0.5423871 0.6141206 
Fspp_ffun1.m4.15220.m1                                 0.6216587 0.5745642 0.6196392 0.5730937 0.8178574 0.7059751 0.7446048 0.6716803 0.3195107 0.7062940 0.2409239 0.6566958 0.6783625 0.3860906 0.3920844 0.1412255 0.2267709 0.0957176 0.1226070 0.0879566 0.0000000 0.0910719 0.6255808 0.3406956 0.6605489 0.6690993 0.6882838 0.6773980 0.6967613 0.6947436 0.4766715 0.5455693 0.7260219 0.5800119 0.7314072 0.6733581 0.5241134 0.5707895 0.8314154 0.5110238 0.5336686 0.4560594 0.5044854 0.8528137 0.6777051 0.7411691 0.6825487 0.7767479 0.4712958 0.9110478 0.7467913 0.6759672 1.2602875 1.1209914 0.9388382 1.0852924 0.9755917 0.4597096 0.8851508 0.7577369 1.1076468 0.7761298 1.1212782 0.5340926 0.9807300 1.3890358 1.2714923 1.1676550 1.1601627 1.0923783 0.3549440 1.4763166 1.2646291 0.9238284 1.1131673 0.8947992 
Gasp_gasp1.m3.1553.m1                                  0.6699403 0.6200138 0.6953725 0.6346546 0.8751067 0.7546158 0.8001139 0.7299842 0.3379597 0.7983056 0.2710722 0.7186714 0.7306487 0.4175874 0.4385969 0.1701609 0.2850378 0.1123765 0.1380598 0.1072226 0.0910719 0.0000000 0.6893345 0.3734766 0.7225540 0.7440414 0.7566851 0.7504526 0.7699261 0.7676818 0.5190360 0.5884742 0.7975009 0.6106835 0.7876383 0.7320336 0.5503253 0.6349833 0.9288305 0.5671551 0.5944442 0.5034561 0.5451666 0.9273764 0.7452050 0.8169560 0.7227500 0.8414105 0.5547589 0.9802868 0.8113537 0.7426932 1.4111882 1.2438367 1.0056963 1.1912513 1.0775318 0.5102094 0.9750129 0.8657242 1.1943226 0.8601259 1.2570307 0.5560550 1.0651189 1.5172811 1.3769858 1.2822751 1.2075701 1.1687142 0.3836654 1.5719338 1.4530734 1.0278205 1.2502657 0.9802566 
Cscu_XM_023383350.1                                    0.5561857 0.5155503 0.5779215 0.5261084 0.7308520 0.6230793 0.6487085 0.6245865 0.3203778 0.5640657 0.2917593 0.6796954 0.6812094 0.4294080 0.6419978 0.6009662 0.9331293 0.4459551 0.6280656 0.4924960 0.6255808 0.6893345 0.0000000 0.3516283 0.6408287 0.6860055 0.6889606 0.6891205 0.6990411 0.6985630 0.6594256 0.6866401 0.7118419 0.6199686 0.7189687 0.7322688 0.5120530 0.5648489 0.8614350 0.4789429 0.4897627 0.4225682 0.4610780 0.8522845 0.6707611 0.5202454 0.6098867 0.8098869 0.7898070 0.9664977 0.7909861 0.7209696 1.2200386 1.1076463 0.9594956 1.1395326 1.0690771 0.5128752 0.8796343 0.7690087 1.1503571 0.8306140 1.1082608 0.5436373 0.9927483 1.2937620 1.2335131 1.1926153 1.1493698 0.9412604 0.3353832 1.4656894 1.2676981 1.1035416 0.8413274 0.7296125 
Tadh_TriadT50235                                       0.4384962 0.4470116 0.4286631 0.4640670 0.5231327 0.4578740 0.4695545 0.4003109 0.4503004 0.4338228 0.3498032 0.4624140 0.4599456 0.4569276 0.4100437 0.3600968 0.2974911 0.3743855 0.3548696 0.2957325 0.3406956 0.3734766 0.3516283 0.0000000 0.0021870 0.0727826 0.0680067 0.0729994 0.0748544 0.0775525 0.3928645 0.4490536 0.4820606 0.5073074 0.5087788 0.3365292 0.6231001 0.5382447 0.5425951 0.5710143 0.5601453 0.5544627 0.5570542 0.5940166 0.5287323 0.4293157 0.4538548 0.4934707 0.1886068 0.4537013 0.5396504 0.3256617 0.7060487 0.6701168 0.6700596 0.7014478 0.7094193 0.6288415 0.6721217 0.5820390 0.7054132 0.6291195 0.7063540 0.5885218 0.7556921 0.6662666 0.6649550 0.6725577 0.6420193 0.4936896 0.4526723 0.7436749 1.6216287 0.4843244 1.9619709 0.5393804 
TrH2_TrispH2_005383-RA                                 0.7765349 0.7189497 0.7520258 0.6187813 0.8649163 0.7658771 0.8240236 0.7212957 0.4045512 0.8185426 0.3087204 0.7921678 0.8151669 0.5151119 0.6510842 0.6778057 1.0148214 0.5092187 0.6641355 0.4811404 0.6605489 0.7225540 0.6408287 0.0021870 0.0000000 0.1498729 0.1479610 0.1446462 0.1498710 0.1530697 0.6955224 0.7432353 0.8328912 0.6992750 0.8426347 0.8060836 0.6231001 0.5940292 0.9032570 0.5654172 0.5606717 0.5121265 0.5267271 0.9078238 0.7133435 0.7890016 0.8159470 0.8844301 0.7531129 0.9383676 0.8335754 0.7377375 1.3135696 1.1937956 0.9942437 1.1092346 0.9927291 0.5409198 0.9597433 0.7974532 1.1738666 0.8526787 1.1726610 0.5753470 1.0496865 1.3626436 1.3073433 1.1885201 1.2261652 1.0228967 0.4368082 1.5512045 1.2486932 1.2023397 1.2093508 0.9704208 
HoiH11_mRNA3292                                        0.7959203 0.7359300 0.7082614 0.6610615 0.8870293 0.7758831 0.8282968 0.7582427 0.4228001 0.8393745 0.3231300 0.8163306 0.8560161 0.5435438 0.6817784 0.6828235 1.0536772 0.5342679 0.6925747 0.5347812 0.6690993 0.7440414 0.6860055 0.0727826 0.1498729 0.0000000 0.0775910 0.0797942 0.0803122 0.0830605 0.7480340 0.7978537 0.8107341 0.6910155 0.8166363 0.7966911 0.6415190 0.6110360 0.9277349 0.5685780 0.5755735 0.5321018 0.5390955 0.9249337 0.7088501 0.7922061 0.7942170 0.9044550 0.7750797 0.9961677 0.8582359 0.7694305 1.3100919 1.1938411 1.0107905 1.1554186 1.0174136 0.5397837 0.9869132 0.7905182 1.2138917 0.8575888 1.1739660 0.5781542 1.0647812 1.3904140 1.2952631 1.2147493 1.2637002 1.0372680 0.4534907 1.6089965 1.3644598 1.2721986 1.2795104 0.9928909 
HoiH06_mRNA5668                                        0.8075077 0.7407438 0.7420456 0.6455520 0.8706875 0.7535343 0.7955000 0.7504568 0.4155366 0.8337529 0.3126914 0.8296535 0.8512881 0.5263368 0.6762123 0.7037702 1.0751533 0.5337307 0.7031142 0.5136172 0.6882838 0.7566851 0.6889606 0.0680067 0.1479610 0.0775910 0.0000000 0.0230626 0.0482392 0.0503474 0.7305303 0.7978769 0.8144763 0.7006394 0.8144768 0.8314670 0.6026732 0.5971749 0.9110710 0.5708799 0.5724209 0.5218386 0.5381787 0.9229558 0.7179024 0.7839492 0.8165532 0.9048720 0.7955745 0.9678468 0.8404861 0.7744404 1.2688922 1.1766390 0.9901954 1.1232786 0.9983274 0.5372135 0.9762575 0.7724763 1.1463189 0.8569034 1.1937132 0.5706941 1.0553985 1.3648646 1.2859394 1.2182051 1.2529720 1.0430732 0.4447091 1.6043330 1.3736273 1.2238241 1.2356472 0.9778218 
HoiH23_PlH23_008060-RA                                 0.7984483 0.7305127 0.7286300 0.6308031 0.8615859 0.7481977 0.7897835 0.7413569 0.4152519 0.8335411 0.3131210 0.8077997 0.8278863 0.5207386 0.6782352 0.6881048 1.0626084 0.5237664 0.6928733 0.5192730 0.6773980 0.7504526 0.6891205 0.0729994 0.1446462 0.0797942 0.0230626 0.0000000 0.0461124 0.0482086 0.7171107 0.7768331 0.8083978 0.6915463 0.8072949 0.8353382 0.5877459 0.5933066 0.9076252 0.5627818 0.5641762 0.5146003 0.5288239 0.9162743 0.7158097 0.7802382 0.8149753 0.8905156 0.7991825 0.9652371 0.8332199 0.7879266 1.2762909 1.1729721 0.9876466 1.1158182 0.9938319 0.5308155 0.9635285 0.7650424 1.1392362 0.8500314 1.1957044 0.5608973 1.0458335 1.3685931 1.2704014 1.2059045 1.2536256 1.0403958 0.4381876 1.5956153 1.3528796 1.2181171 1.2156795 0.9486286 
Hhon_g00929.t1                                         0.8125543 0.7527804 0.7340672 0.6608571 0.8881354 0.7691672 0.8092526 0.7628929 0.4220496 0.8453283 0.3130954 0.8393027 0.8616373 0.5309126 0.6886025 0.7095746 1.0950384 0.5371976 0.7174245 0.5500868 0.6967613 0.7699261 0.6990411 0.0748544 0.1498710 0.0803122 0.0482392 0.0461124 0.0000000 0.0037817 0.7249400 0.7942213 0.8166742 0.7039495 0.8305402 0.8373965 0.6108834 0.6005600 0.9230261 0.5750065 0.5738739 0.5224990 0.5423155 0.9260336 0.7217811 0.7875272 0.8180633 0.8961511 0.8051965 0.9839711 0.8481229 0.7712116 1.3025271 1.2104480 1.0181418 1.1360267 0.9969221 0.5439670 0.9774181 0.7895134 1.1800376 0.8512487 1.1860512 0.5780494 1.0599612 1.3969230 1.2890857 1.2163273 1.2875135 1.0268418 0.4518305 1.6025162 1.3649722 1.2030408 1.2428859 1.0055261 
HoiH04_mRNA4112                                        0.8095190 0.7551507 0.7349152 0.6583981 0.8852887 0.7669528 0.8060233 0.7630425 0.4223248 0.8436942 0.3130954 0.8372941 0.8600251 0.5311662 0.6864763 0.7073200 1.0889031 0.5353134 0.7179493 0.5500868 0.6947436 0.7676818 0.6985630 0.0775525 0.1530697 0.0830605 0.0503474 0.0482086 0.0037817 0.0000000 0.7263128 0.7979830 0.8160106 0.7038429 0.8274401 0.8334957 0.6116292 0.6008529 0.9245037 0.5755763 0.5744537 0.5228622 0.5427172 0.9283059 0.7213988 0.7879843 0.8213438 0.8976967 0.8068028 0.9794366 0.8482405 0.7706848 1.3001793 1.2108160 1.0195539 1.1359540 0.9982156 0.5443312 0.9770499 0.7863828 1.1796944 0.8515269 1.1905977 0.5783721 1.0631490 1.3979459 1.2907094 1.2202431 1.2858275 1.0259555 0.4542062 1.6086698 1.3578526 1.2052469 1.2390190 1.0062565 
Dgig_XM_028536472.1                                    0.7010421 0.6420152 0.6812058 0.6157176 0.8293967 0.7300061 0.7640455 0.6950689 0.3638902 0.7655673 0.3069426 0.7509643 0.7750123 0.4837519 0.5049507 0.4745725 0.7427637 0.3504984 0.4900563 0.4309178 0.4766715 0.5190360 0.6594256 0.3928645 0.6955224 0.7480340 0.7305303 0.7171107 0.7249400 0.7263128 0.0000000 0.1991421 0.8245788 0.6705617 0.8055116 0.8141397 0.5436710 0.6308455 0.9165098 0.4919698 0.5342814 0.4904010 0.5135304 0.8997435 0.7135084 0.7789758 0.7003689 0.8608922 0.7270679 0.9420807 0.7982530 0.7735767 1.2495914 1.0935386 0.9337057 1.1168996 0.9800767 0.5208712 0.9105843 0.8040463 1.1621408 0.7969228 1.0857729 0.5587796 1.0405355 1.2351057 1.2353622 1.2014976 1.1378755 1.0539181 0.3967284 1.5530785 1.3656484 1.0596806 1.1679541 0.8687155 
Xesp_006328-T1                                         0.7446431 0.6922196 0.7668445 0.6516072 0.8747996 0.7303573 0.7745640 0.7353456 0.4194809 0.7985816 0.3314898 0.7876264 0.8327772 0.5181230 0.5623513 0.5596364 0.8619957 0.4119661 0.5398581 0.4741589 0.5455693 0.5884742 0.6866401 0.4490536 0.7432353 0.7978537 0.7978769 0.7768331 0.7942213 0.7979830 0.1991421 0.0000000 0.8697451 0.7272838 0.8511701 0.8306011 0.5895676 0.6425507 0.9105076 0.5412687 0.5678173 0.5017229 0.5416630 0.8712316 0.7472977 0.7840261 0.7674318 0.8991971 0.7198109 0.9020423 0.8047666 0.7559941 1.2963474 1.1697911 0.9812402 1.1501020 1.0422677 0.5825639 0.9788276 0.8572592 1.1853512 0.8356027 1.1274301 0.6320819 1.1184618 1.2962205 1.2883722 1.2321002 1.1933461 1.0913284 0.4443636 1.6725583 1.4515912 1.0630665 1.2588762 0.8595360 
Scil_scict004629.1                                     0.7497920 0.8065931 0.7395216 0.6739716 0.7759278 0.6551986 0.6921471 0.6628236 0.3356163 0.8198250 0.3564030 0.7869743 0.7897431 0.5622316 0.7839938 0.7275958 1.1219634 0.5801922 0.7166180 0.6860012 0.7260219 0.7975009 0.7118419 0.4820606 0.8328912 0.8107341 0.8144763 0.8083978 0.8166742 0.8160106 0.8245788 0.8697451 0.0000000 0.1266276 0.1526114 0.1435895 0.3100224 0.5704192 0.8133011 0.4760290 0.4782600 0.4565507 0.4452713 0.7593213 0.6973825 0.8034220 0.8011561 0.9059751 0.9355119 0.9647412 0.8030431 0.7990019 1.1164400 1.1126486 0.9432435 1.1196415 1.0319641 0.5822984 1.0058129 0.8150014 1.0882769 0.8831217 1.0049380 0.6142279 1.0156477 1.1998599 1.1705822 1.0564252 1.1419049 0.9725055 0.3890749 1.4909182 1.7253009 1.3044970 1.3959892 0.8466257 
Leuniv_Lniv_C814664_01                                 0.6348567 0.6650367 0.6131775 0.6623777 0.6545885 0.6139824 0.6217807 0.5679429 0.3551843 0.7001168 0.3486815 0.6610763 0.6534720 0.5547927 0.6398338 0.5465564 0.7783033 0.5465531 0.5635104 0.6745078 0.5800119 0.6106835 0.6199686 0.5073074 0.6992750 0.6910155 0.7006394 0.6915463 0.7039495 0.7038429 0.6705617 0.7272838 0.1266276 0.0000000 0.1380082 0.1298256 0.3442381 0.6101215 0.7432148 0.5519806 0.5589946 0.4960106 0.5132874 0.7791800 0.7481467 0.6700842 0.6515649 0.7335484 0.6583067 0.7630417 0.6776859 0.6139514 0.9336682 0.9184368 0.9193374 0.9203714 0.9548348 0.5585433 0.9133144 0.7831129 0.8889943 0.8816028 0.8263851 0.5972353 0.9313507 0.9937569 1.0046586 0.8173834 0.9043128 0.8206054 0.4275007 1.2159097 1.3269036 1.0343272 0.9537070 0.5712660 
Lcom_lcpid27633                                        0.7397223 0.8092548 0.7493674 0.6485611 0.7731083 0.6823731 0.7087235 0.6868250 0.3348631 0.8344692 0.3446461 0.7613146 0.7625350 0.5360595 0.7772063 0.7159081 1.1083531 0.5650719 0.7284989 0.6597153 0.7314072 0.7876383 0.7189687 0.5087788 0.8426347 0.8166363 0.8144768 0.8072949 0.8305402 0.8274401 0.8055116 0.8511701 0.1526114 0.1380082 0.0000000 0.1631620 0.3458831 0.5755595 0.8238981 0.5246959 0.5182753 0.4631740 0.4470905 0.7533192 0.6875699 0.7844135 0.7869977 0.8475283 0.9009986 0.9638092 0.8125874 0.7770254 1.1037010 1.0633180 0.9288368 1.1013463 1.0015353 0.5704286 0.9460738 0.7741806 1.0661946 0.8565849 0.9882184 0.5988066 1.0141503 1.1785628 1.1904242 1.0456193 1.1595579 0.9448277 0.3963075 1.4131273 1.6008178 1.2631135 1.2254211 0.8260647 
Gracom_Gcom_C557488_01                                 0.7476689 0.7963492 0.7184705 0.5928977 0.7182744 0.6820562 0.7051077 0.6756975 0.2474915 0.8415155 0.3223276 0.7616863 0.7940265 0.4849763 0.7354676 0.6894745 1.0211832 0.5162786 0.6811080 0.6140212 0.6733581 0.7320336 0.7322688 0.3365292 0.8060836 0.7966911 0.8314670 0.8353382 0.8373965 0.8334957 0.8141397 0.8306011 0.1435895 0.1298256 0.1631620 0.0000000 0.1795513 0.5107098 0.7865567 0.2851244 0.2876907 0.3505488 0.3515408 0.7078614 0.6841648 0.8216350 0.7818907 0.8943579 0.8340930 0.9137275 0.7905876 0.7261063 1.1533504 1.1062553 0.9185707 1.1497091 0.9889896 0.4520955 0.9281918 0.7823210 1.0972824 0.8320429 1.0098682 0.4877020 0.9170638 1.2000364 1.1957577 0.9875533 1.1102357 0.9208692 0.2696490 1.6644560 1.6587594 1.1803032 1.2379733 1.0195424 
Clacor_Ccor_C537725_01                                 0.5901131 0.5195710 0.4790112 0.5530778 0.5576172 0.4074944 0.4247327 0.4070751 0.4677235 0.5650491 0.3880726 0.5055123 0.5162317 0.5193596 0.5242145 0.5128198 0.0000010 0.4895798 0.5082446 0.0000010 0.5241134 0.5503253 0.5120530 0.6231001 0.6231001 0.6415190 0.6026732 0.5877459 0.6108834 0.6116292 0.5436710 0.5895676 0.3100224 0.3442381 0.3458831 0.1795513 0.0000000 0.7247649 0.7290437 0.6767614 0.6530046 0.6872778 0.6702528 0.7134957 0.6606923 0.4987248 0.5645157 0.6200974 0.4644805 0.3665270 0.5735770 0.3379660 0.8029945 0.8363823 0.8668954 0.7232701 0.7736270 0.7989176 0.7548176 0.7631526 0.8338549 0.8714351 0.8145945 0.7349104 0.8209894 0.7978232 0.7530517 0.7599570 0.7001092 1.4520506 0.5092251 0.8230806 0.0000010 4.1747733 9.0000000 0.4243622 
Pbac_sb2649452                                         0.5883028 0.5819361 0.6134758 0.6421382 0.6323170 0.5725781 0.5624063 0.5308124 0.4493791 0.6180493 0.4089928 0.5772701 0.5757838 0.6208146 0.6017450 0.5660889 0.6528960 0.5896059 0.5957825 0.6683018 0.5707895 0.6349833 0.5648489 0.5382447 0.5940292 0.6110360 0.5971749 0.5933066 0.6005600 0.6008529 0.6308455 0.6425507 0.5704192 0.6101215 0.5755595 0.5107098 0.7247649 0.0000000 0.0039331 0.1666679 0.1738241 0.1559821 0.1599680 0.2099530 0.2048211 0.6003571 0.6730516 0.5856243 0.5393895 0.6275014 0.6060351 0.5606534 0.7976827 0.7926665 0.7722717 0.8012132 0.8140519 0.6691886 0.7936125 0.7268836 0.8666356 0.7310750 0.7550735 0.6380914 0.8845725 0.8151988 0.7782390 0.7445653 0.7792474 0.2581544 0.4985601 1.1993673 0.8154103 0.6381294 0.7592820 0.5651538 
Horcal_Hcv1.av93.c6.g1216.i1                           0.8749147 0.8644381 0.8604316 0.7853343 0.9096007 0.8007577 0.8082136 0.7970131 0.4496263 0.8589474 0.4088789 0.8749823 0.8952541 0.6522340 0.8780871 0.8727116 1.2052162 0.7227757 0.8704250 0.8451436 0.8314154 0.9288305 0.8614350 0.5425951 0.9032570 0.9277349 0.9110710 0.9076252 0.9230261 0.9245037 0.9165098 0.9105076 0.8133011 0.7432148 0.8238981 0.7865567 0.7290437 0.0039331 0.0000000 0.1707151 0.1780604 0.1613665 0.1568944 0.3344017 0.2414449 0.8909910 0.9330258 0.8856471 0.9444631 0.9885794 0.8568433 0.8422497 1.1695234 1.1029295 0.9848898 1.1677476 1.0760801 0.6664230 1.0061822 0.8845081 1.2299939 0.8767904 1.1114201 0.6466635 1.1142984 1.2052011 1.1440654 1.0460659 1.2310483 0.4549579 0.4946020 1.6669026 1.6479159 1.1730315 1.4219571 0.9240224 
Bolinf_Binf_sb1225428                                  0.5253252 0.5378049 0.5150356 0.6176349 0.6195277 0.5342566 0.5364416 0.4585190 0.5213950 0.5373685 0.4227205 0.5771806 0.5507193 0.5761059 0.5796383 0.5565586 0.0000010 0.5416176 0.5583987 0.0000010 0.5110238 0.5671551 0.4789429 0.5710143 0.5654172 0.5685780 0.5708799 0.5627818 0.5750065 0.5755763 0.4919698 0.5412687 0.4760290 0.5519806 0.5246959 0.2851244 0.6767614 0.1666679 0.1707151 0.0000000 0.0562667 0.0927439 0.1076335 0.1003013 0.1866208 0.5368973 0.5645497 0.5319811 0.1055204 0.4404849 0.5539086 0.3559822 0.8299326 0.7820136 0.7425590 0.6802307 0.6930884 0.7470576 0.7407276 0.7190000 0.8056645 0.7739341 0.7264910 0.6120987 0.8027216 0.7789625 0.7395394 0.7605231 0.6833260 0.1018882 0.5656535 0.7960223 0.5746433 0.5103881 9.0000000 0.5535193 
Vmul_sbMO398428                                        0.5765379 0.5550071 0.5412487 0.6390240 0.6260042 0.5470560 0.5494043 0.4829494 0.5282355 0.5384263 0.3951343 0.5608844 0.5530055 0.5775515 0.5812453 0.5751013 2.2267121 0.5572449 0.5671859 2.2267121 0.5336686 0.5944442 0.4897627 0.5601453 0.5606717 0.5755735 0.5724209 0.5641762 0.5738739 0.5744537 0.5342814 0.5678173 0.4782600 0.5589946 0.5182753 0.2876907 0.6530046 0.1738241 0.1780604 0.0562667 0.0000000 0.1003722 0.0909229 0.1085715 0.1973062 0.5380578 0.5911629 0.5545162 0.1217157 0.4756854 0.5869479 0.3672128 0.8367731 0.7791485 0.7485546 0.7277383 0.7298521 0.7377892 0.7726662 0.7471117 0.7903330 0.8119199 0.7551269 0.6393879 0.8577993 0.8143142 0.7771456 0.8117333 0.7102753 0.1167434 0.5688598 0.8085112 0.5994026 0.5475541 7.0125084 0.5647563 
Drygla_Dgla_sb289604                                   0.4789223 0.4522814 0.4551615 0.5528729 0.5429088 0.4571407 0.4539644 0.4158317 0.4454235 0.4826638 0.4138829 0.5090749 0.5016287 0.5270027 0.4865579 0.4973447 0.3752579 0.4939136 0.5017232 0.3703500 0.4560594 0.5034561 0.4225682 0.5544627 0.5121265 0.5321018 0.5218386 0.5146003 0.5224990 0.5228622 0.4904010 0.5017229 0.4565507 0.4960106 0.4631740 0.3505488 0.6872778 0.1559821 0.1613665 0.0927439 0.1003722 0.0000000 0.1162350 0.1302643 0.1611313 0.4788232 0.5171591 0.4966743 0.2957505 0.4716109 0.5225733 0.3938492 0.7211583 0.6532183 0.6503096 0.6763461 0.6878527 0.6724771 0.7019314 0.6378245 0.7598922 0.6814345 0.6719109 0.5920929 0.7664024 0.6945699 0.6871146 0.6521231 0.6624591 0.1801468 0.5126462 0.8208173 0.9428836 0.3935214 0.4325834 0.4818129 
Mertsp_Mesp_sb563961                                   0.5063253 0.5251547 0.4794659 0.5595637 0.5291216 0.4886899 0.4774869 0.4298757 0.4852842 0.5087215 0.4262929 0.5158144 0.5109357 0.5450717 0.5383261 0.5302315 0.4252593 0.5308477 0.5411955 0.4129966 0.5044854 0.5451666 0.4610780 0.5570542 0.5267271 0.5390955 0.5381787 0.5288239 0.5423155 0.5427172 0.5135304 0.5416630 0.4452713 0.5132874 0.4470905 0.3515408 0.6702528 0.1599680 0.1568944 0.1076335 0.0909229 0.1162350 0.0000000 0.1202687 0.1554669 0.5021742 0.5646083 0.5119378 0.3486195 0.4958589 0.5158239 0.3953047 0.7069880 0.6515586 0.6389040 0.6806945 0.6992275 0.6974053 0.7184558 0.6808212 0.7556360 0.6751235 0.7073328 0.5952275 0.7751426 0.7000516 0.6772006 0.6719619 0.6620594 0.1734683 0.5215369 0.8732492 0.8353271 0.3720995 0.3210851 0.4814534 
Beraby_Baby_sb338864                                   0.8885000 0.8213493 0.8227861 0.7818539 0.8633357 0.8063977 0.7942591 0.7562103 0.4693863 0.8817714 0.4041842 0.8792943 0.8552246 0.6873380 0.8460895 0.8346570 1.1821294 0.7717048 0.8558479 0.8752210 0.8528137 0.9273764 0.8522845 0.5940166 0.9078238 0.9249337 0.9229558 0.9162743 0.9260336 0.9283059 0.8997435 0.8712316 0.7593213 0.7791800 0.7533192 0.7078614 0.7134957 0.2099530 0.3344017 0.1003013 0.1085715 0.1302643 0.1202687 0.0000000 0.2830670 0.8330530 0.9257813 0.8286394 0.9426639 0.9150609 0.8089031 0.7634229 1.0813073 1.0878685 1.0219530 1.0241736 1.0938886 0.6769692 1.0652920 0.9324954 1.1240587 0.9467123 1.0705843 0.6847536 1.0909915 1.1351164 1.1274372 1.0654980 1.1311338 0.4709212 0.5081795 1.6472192 1.6501155 1.2644854 1.4427713 0.7687209 
Lampan_Lpan_8585_01                                    0.7215546 0.6898049 0.6867830 0.7406247 0.7252295 0.6567258 0.6551004 0.6082769 0.4155071 0.7665364 0.3752457 0.7229146 0.7047723 0.6441453 0.7037988 0.6930547 0.9539634 0.6751821 0.7201315 0.8327037 0.6777051 0.7452050 0.6707611 0.5287323 0.7133435 0.7088501 0.7179024 0.7158097 0.7217811 0.7213988 0.7135084 0.7472977 0.6973825 0.7481467 0.6875699 0.6841648 0.6606923 0.2048211 0.2414449 0.1866208 0.1973062 0.1611313 0.1554669 0.2830670 0.0000000 0.7177778 0.7432493 0.7515543 0.7583926 0.7572253 0.6689621 0.6916281 0.9579293 0.9510502 0.9358812 0.9642242 0.9495988 0.6160506 0.9489839 0.8996634 1.0503742 0.8803591 0.9441773 0.6269724 1.0368856 0.9665432 0.9765753 0.9399466 0.9758612 0.2980096 0.4557312 1.4110279 1.3737361 1.0059486 1.1535404 0.5613303 
Acagra_model.g30776.t1_model.g30778.t1                 0.6296690 0.5510053 0.5985016 0.6577445 0.8326178 0.7184721 0.7515591 0.7090440 0.3936252 0.4586999 0.3072749 0.7244463 0.7573693 0.4226647 0.7128471 0.7219100 1.1953285 0.5471390 0.7623196 0.6330064 0.7411691 0.8169560 0.5202454 0.4293157 0.7890016 0.7922061 0.7839492 0.7802382 0.7875272 0.7879843 0.7789758 0.7840261 0.8034220 0.6700842 0.7844135 0.8216350 0.4987248 0.6003571 0.8909910 0.5368973 0.5380578 0.4788232 0.5021742 0.8330530 0.7177778 0.0000000 0.6049775 0.8845470 0.9840379 1.0493002 0.8587837 0.7497804 1.2600065 1.1012305 0.9160902 1.1597631 1.0727640 0.5368824 0.9532444 0.8340943 1.1860854 0.8401069 1.0921805 0.6218683 1.0522472 1.3303431 1.2595689 1.1196412 1.1222799 0.9248097 0.4206235 1.5574467 1.4057375 1.0578428 1.0246976 0.8686287 
Spur_XM_030975422.1                                    0.6472525 0.5842861 0.5320357 0.6643890 0.8530258 0.7541516 0.7943095 0.6935524 0.3897781 0.6685709 0.3220389 0.7976032 0.7845361 0.5289232 0.7127293 0.6752378 0.9877860 0.5110592 0.6618424 0.5134610 0.6825487 0.7227500 0.6098867 0.4538548 0.8159470 0.7942170 0.8165532 0.8149753 0.8180633 0.8213438 0.7003689 0.7674318 0.8011561 0.6515649 0.7869977 0.7818907 0.5645157 0.6730516 0.9330258 0.5645497 0.5911629 0.5171591 0.5646083 0.9257813 0.7432493 0.6049775 0.0000000 0.8735114 0.8570115 0.9859225 0.8390039 0.7765789 1.2400190 1.1428205 0.9721571 1.0336028 0.9675735 0.5476864 0.8761025 0.8455686 1.1245068 0.8626544 1.1525819 0.5860347 0.9489639 1.3289329 1.2498666 1.1148979 1.1624968 1.0012472 0.4215752 1.6169651 1.4402783 1.0831389 0.8823133 0.8439069 
Chem_TCONS_00062271                                    0.9706785 0.9052505 0.9247235 0.7911294 0.9550579 0.8609180 0.9049936 0.8784982 0.4116729 0.8474588 0.2778893 0.6453501 0.6616608 0.4283403 0.8270700 0.8126360 1.2218759 0.6067040 0.8028554 0.6258095 0.7767479 0.8414105 0.8098869 0.4934707 0.8844301 0.9044550 0.9048720 0.8905156 0.8961511 0.8976967 0.8608922 0.8991971 0.9059751 0.7335484 0.8475283 0.8943579 0.6200974 0.5856243 0.8856471 0.5319811 0.5545162 0.4966743 0.5119378 0.8286394 0.7515543 0.8845470 0.8735114 0.0000000 0.9536332 1.2416813 1.0223993 0.9742017 1.3558105 1.2006852 1.0599507 1.2670782 1.0954914 0.6416371 0.9854754 0.8925186 1.2706105 0.9228339 1.3399564 0.6342945 1.1366949 1.3160978 1.3034974 1.2783625 1.3173528 0.9569434 0.4902402 1.6582864 0.9610101 0.9822049 1.3131695 1.0198143 
Nvec_v1g213912                                         0.8450798 0.8508577 0.8696451 0.6430148 1.0061743 0.8829066 0.9291889 0.8207058 0.2339789 0.9604107 0.1911252 0.8435097 0.8374024 0.4294006 0.4111044 0.4694935 0.5985798 0.3492618 0.4593029 0.3099443 0.4712958 0.5547589 0.7898070 0.1886068 0.7531129 0.7750797 0.7955745 0.7991825 0.8051965 0.8068028 0.7270679 0.7198109 0.9355119 0.6583067 0.9009986 0.8340930 0.4644805 0.5393895 0.9444631 0.1055204 0.1217157 0.2957505 0.3486195 0.9426639 0.7583926 0.9840379 0.8570115 0.9536332 0.0000000 1.0978856 0.9485911 0.8168873 1.6215607 1.3689983 1.1048713 1.3668519 1.1014301 0.3264368 1.0828433 0.9014939 1.3616601 0.8746889 1.3640956 0.5423579 1.1259104 1.7685383 1.6265309 1.5823893 1.6143994 1.0659977 0.2751403 2.1839727 1.3544458 0.9376500 1.1588594 1.5685403 
