75
Hsap_ENST00000280326                               0.0000000 0.3382910 0.3585474 0.3297839 0.3410685 0.4110159 0.4415756 0.4183318 0.3740510 0.3711629 0.3650889 0.3584208 0.3934108 0.4236816 0.4186271 0.4183296 0.4330933 0.3804827 0.3802074 0.3985912 0.4079191 0.4126054 0.3960782 0.4115329 0.4747734 0.3827737 0.3865859 0.3872704 0.4161101 0.4509069 0.4531034 0.4600931 0.4029087 0.3961259 0.4051476 0.4579783 0.4502767 0.4628851 0.4713037 0.4480272 0.5326255 0.4168710 0.5243325 0.5441970 0.5046487 0.4745414 0.5091807 0.4315273 0.4344283 0.5084885 0.4211642 0.4485192 0.4514656 0.4465839 0.4314238 0.4988763 0.4988763 0.4896993 0.4977362 0.5014392 0.4993231 0.5636385 0.4976299 0.4983498 0.5543476 0.5543476 0.5720738 0.5825584 0.4852566 0.4833667 0.5690707 0.5535408 0.5126229 0.5126229 0.9567378 
Cscu_XM_023382017.1                                0.3382910 0.0000000 0.3561327 0.3134980 0.3487449 0.4134704 0.4067942 0.3919864 0.3304996 0.3448999 0.3455107 0.3358362 0.3739999 0.4135327 0.4008755 0.4194707 0.4267399 0.3412662 0.3793207 0.3715291 0.3802345 0.3627406 0.3437409 0.3718520 0.4133856 0.3699989 0.3625884 0.3082382 0.4141995 0.4100975 0.4100477 0.4148133 0.3769975 0.3706101 0.4278581 0.3928441 0.4106401 0.4142894 0.4450528 0.4474941 0.5377181 0.4143079 0.5308112 0.5187336 0.5287707 0.4908734 0.4963326 0.4129308 0.4151294 0.4659568 0.4417428 0.4370108 0.4138664 0.4087075 0.3962135 0.4900198 0.4900198 0.4951016 0.4972429 0.5178889 0.5117101 0.4543570 0.4864597 0.4931857 0.5256883 0.5256883 0.5533423 0.5118924 0.4879225 0.4719211 0.5433449 0.4822832 0.5184454 0.5184454 1.0430687 
Bralan_BLAG12000364_1                              0.3585474 0.3561327 0.0000000 0.2609141 0.2854930 0.4110371 0.4473003 0.4200535 0.3822685 0.3714659 0.3789551 0.3594893 0.3938265 0.4033616 0.3956338 0.4091774 0.4338573 0.3493668 0.3066038 0.3260236 0.3851036 0.3635437 0.3583791 0.3590589 0.3933472 0.3641685 0.3538211 0.4437456 0.4329571 0.4209375 0.4107185 0.4094278 0.4113430 0.4316853 0.4528732 0.4427704 0.4832014 0.4610671 0.4435806 0.4434132 0.5123300 0.4285151 0.5553632 0.5542833 0.4919689 0.5010155 0.5021957 0.4108300 0.4458604 0.4455746 0.4405236 0.4840128 0.4101968 0.4045379 0.4121728 0.4677334 0.4677334 0.4697121 0.4770778 0.4880138 0.4845426 0.5352793 0.5028921 0.4963734 0.5542973 0.5542973 0.5440319 0.5473749 0.4702983 0.4680430 0.5203678 0.5367870 0.5110740 0.5110740 0.9305394 
Ctel_gnl_WGS_AMQN_CAPTEDRAFT_mRNA161906            0.3297839 0.3134980 0.2609141 0.0000000 0.2760500 0.3629315 0.3917931 0.3531487 0.3303855 0.3351293 0.3424764 0.3321371 0.3711883 0.3586932 0.3605239 0.3694386 0.3924712 0.3533660 0.3157029 0.3256559 0.3568774 0.3198298 0.3406859 0.3437329 0.3496668 0.3222979 0.3214190 0.3112554 0.4298961 0.4320989 0.3530588 0.3784687 0.3845434 0.4042760 0.3989136 0.3992496 0.4135938 0.4069578 0.4340274 0.4317069 0.4677205 0.3930105 0.5689086 0.5623318 0.4852390 0.4690790 0.4922457 0.4054846 0.3996473 0.4428711 0.4225921 0.4397403 0.4149565 0.4091844 0.4160800 0.4978043 0.4978043 0.4841668 0.4880507 0.4905697 0.4871698 0.4206021 0.4946000 0.4801423 0.5150898 0.5150898 0.5315405 0.5321725 0.4825522 0.4773899 0.5188966 0.5233226 0.5034453 0.5034453 0.9127365 
Exapal_XM_021062170.1                              0.3410685 0.3487449 0.2854930 0.2760500 0.0000000 0.1573584 0.1599595 0.1610077 0.1509541 0.1362285 0.1630089 0.1442097 0.1749119 0.2745522 0.2763726 0.2976768 0.3037950 0.3197588 0.3033682 0.3609170 0.4302605 0.3310394 0.3300903 0.3964189 0.4945355 0.4397499 0.3418873 0.4340445 0.3388411 0.3451798 0.3398053 0.3738208 0.3523645 0.3888988 0.3659259 0.3970615 0.3785261 0.4367996 0.4685292 0.4461329 0.5141842 0.3953516 0.5757331 0.5783881 0.4602546 0.4300076 0.3694644 0.4181119 0.4170056 0.3802856 0.4153066 0.3364479 0.3955640 0.3955640 0.3007235 0.4352919 0.4352919 0.4748793 0.4834832 0.4784844 0.4741717 0.5810970 0.4515351 0.4530927 0.5205926 0.5205926 0.5369898 0.5038457 0.4839655 0.4663261 0.4922720 0.5054751 0.5054907 0.5054907 2.3371390 
Nvec_v1g233945                                     0.4110159 0.4134704 0.4110371 0.3629315 0.1573584 0.0000000 0.1990477 0.1987330 0.1988990 0.1861775 0.1894688 0.1839145 0.1887144 0.2803439 0.3032192 0.3915644 0.4122650 0.3675639 0.3706004 0.3667197 0.4314919 0.3891887 0.3884129 0.3976393 0.4597926 0.3938235 0.4099210 0.4706419 0.3664180 0.4039030 0.3903064 0.3742853 0.3866746 0.3767085 0.4303254 0.4570803 0.5115822 0.5150543 0.4755548 0.4661891 0.5203456 0.4575655 0.5499653 0.5475594 0.4664132 0.4958589 0.4640482 0.4756738 0.4919663 0.4633656 0.4576897 0.4529711 0.4309089 0.4263231 0.4271766 0.4287022 0.4287022 0.4333878 0.4342564 0.4284613 0.4231487 0.5378643 0.5073571 0.4936619 0.5303644 0.5303644 0.5411339 0.5474150 0.4881615 0.4851753 0.5167070 0.5114305 0.5080379 0.5080379 0.9296602 
Adig_XM_015924019.1                                0.4415756 0.4067942 0.4473003 0.3917931 0.1599595 0.1990477 0.0000000 0.0000010 0.0675537 0.0780611 0.0817818 0.0768991 0.0817342 0.2814069 0.2964920 0.4248759 0.4597756 0.3788113 0.4285764 0.4338078 0.4660531 0.4353793 0.4542824 0.4122837 0.5430774 0.4672238 0.4507618 0.5241802 0.3699771 0.4324098 0.4151077 0.4158658 0.3978926 0.4106059 0.4445688 0.4465996 0.5276820 0.5077259 0.4851285 0.4695475 0.5537261 0.4597057 0.5571520 0.5349555 0.4777554 0.4689371 0.5147432 0.5294209 0.5205933 0.5357354 0.4957302 0.5439267 0.4362128 0.4303417 0.4418235 0.4958861 0.4958861 0.4916359 0.5010082 0.4894373 0.4910082 0.5417580 0.5793984 0.5686832 0.5582684 0.5582684 0.6128116 0.5959511 0.5178133 0.5140621 0.5438306 0.5422745 0.5936683 0.5936683 1.1158911 
Amil_Amillepora12826-RA                            0.4183318 0.3919864 0.4200535 0.3531487 0.1610077 0.1987330 0.0000010 0.0000000 0.0633176 0.0753010 0.0760005 0.0711143 0.0871636 0.2813536 0.2957548 0.4022588 0.4380895 0.3637937 0.4116731 0.3948851 0.4415646 0.4039203 0.4141915 0.3969372 0.5089570 0.4318577 0.4317072 0.5008859 0.3490045 0.3976726 0.3935620 0.3940576 0.3841249 0.3853515 0.4067184 0.4105214 0.5188969 0.5197140 0.4530500 0.4586679 0.5194701 0.4480500 0.5345695 0.5233688 0.4646717 0.4449239 0.4865346 0.4839812 0.4951925 0.4782929 0.4850204 0.4736809 0.4446569 0.4427354 0.4356417 0.5300062 0.5300062 0.5250136 0.5301740 0.5231297 0.5245577 0.5441723 0.5427152 0.5308031 0.5563559 0.5563559 0.5917560 0.5862793 0.5299433 0.5282267 0.5515524 0.5488898 0.5851578 0.5851578 1.2452590 
Gfas_gfas1.m1.18936.m1                             0.3740510 0.3304996 0.3822685 0.3303855 0.1509541 0.1988990 0.0675537 0.0633176 0.0000000 0.0381037 0.0549388 0.0524105 0.0604648 0.2501336 0.2544162 0.3780015 0.4128706 0.3501180 0.3575545 0.3282682 0.4082815 0.3686725 0.3750231 0.3768807 0.4670769 0.3878127 0.3886360 0.4529810 0.3202428 0.3543769 0.3702272 0.3762021 0.3517555 0.3275588 0.3898428 0.4088705 0.4702456 0.4684319 0.4127487 0.4199695 0.5177017 0.4200667 0.4880738 0.4920613 0.4349723 0.4526530 0.4525113 0.4391812 0.4619821 0.4712401 0.4542993 0.4837149 0.4094570 0.4056028 0.3812693 0.4777818 0.4777818 0.4844126 0.4979501 0.4993473 0.4933775 0.5168372 0.4962321 0.4860363 0.5322929 0.5322929 0.5438782 0.5365147 0.4687222 0.4736315 0.4956597 0.5144571 0.5289910 0.5289910 0.9433225 
Gasp_gasp1.m3.18537.m1                             0.3711629 0.3448999 0.3714659 0.3351293 0.1362285 0.1861775 0.0780611 0.0753010 0.0381037 0.0000000 0.0515997 0.0470307 0.0414485 0.2453357 0.2478032 0.3701355 0.3986040 0.3410814 0.3525791 0.3290543 0.4052734 0.3579082 0.3735083 0.3559607 0.4456947 0.3733886 0.3892351 0.4556283 0.2982129 0.3522561 0.3733383 0.3733094 0.3464269 0.3315927 0.3820108 0.4206165 0.4709998 0.4557131 0.4297924 0.4158544 0.4974070 0.3934027 0.5090166 0.5096578 0.4341636 0.4397515 0.4551390 0.4462180 0.4407101 0.4722441 0.4404987 0.4741742 0.4022712 0.3987712 0.3967099 0.4577955 0.4577955 0.4713530 0.4790266 0.4739585 0.4753331 0.5262887 0.4784589 0.4694677 0.5037825 0.5037825 0.5173053 0.5173346 0.4545072 0.4517714 0.4796236 0.4909132 0.5094124 0.5094124 0.9091637 
Spis_XP_022791512_1                                0.3650889 0.3455107 0.3789551 0.3424764 0.1630089 0.1894688 0.0817818 0.0760005 0.0549388 0.0515997 0.0000000 0.0172187 0.0727612 0.2579999 0.2656629 0.3610336 0.3946335 0.3331866 0.3602373 0.2948322 0.3914958 0.3442441 0.3481732 0.3578107 0.4575948 0.3793088 0.3819804 0.4442215 0.3078938 0.3497377 0.3697614 0.3707448 0.3456848 0.3365217 0.3675481 0.4071538 0.4710775 0.4635668 0.4218559 0.4318830 0.5133529 0.4065667 0.5010205 0.4879963 0.4341865 0.4382333 0.4431409 0.4536965 0.4493638 0.4678480 0.4446030 0.4746485 0.4061539 0.4024902 0.3847981 0.4553835 0.4553835 0.4627302 0.4758940 0.4754816 0.4721815 0.5053665 0.4831759 0.4691077 0.5023394 0.5023394 0.5331533 0.5114836 0.4596301 0.4556014 0.4924905 0.4826810 0.5076516 0.5076516 0.8633111 
Pocdam_XM_027193213.1                              0.3584208 0.3358362 0.3594893 0.3321371 0.1442097 0.1839145 0.0768991 0.0711143 0.0524105 0.0470307 0.0172187 0.0000000 0.0676318 0.2499024 0.2544219 0.3573545 0.3910648 0.3201008 0.3621491 0.3023539 0.3876828 0.3372542 0.3455143 0.3530008 0.4564518 0.3702483 0.3774229 0.4381214 0.3067233 0.3517616 0.3681867 0.3716955 0.3495072 0.3380856 0.3706170 0.4076311 0.4566203 0.4537870 0.4273788 0.4280745 0.5033646 0.3899671 0.4980471 0.4929006 0.4335646 0.4428439 0.4355898 0.4326141 0.4522032 0.4703673 0.4482835 0.4691237 0.4010263 0.3975560 0.3822440 0.4485060 0.4485060 0.4630193 0.4617550 0.4678035 0.4645293 0.5048684 0.4847906 0.4707345 0.4967705 0.4967705 0.5278473 0.5131685 0.4537065 0.4521192 0.4994859 0.4827239 0.5020205 0.5020205 0.8498225 
Fspp_ffun1.m4.10689.m1                             0.3934108 0.3739999 0.3938265 0.3711883 0.1749119 0.1887144 0.0817342 0.0871636 0.0604648 0.0414485 0.0727612 0.0676318 0.0000000 0.2712510 0.2819197 0.4155425 0.4467288 0.3890540 0.3976989 0.3736887 0.4342194 0.3955734 0.4184202 0.3886201 0.4909182 0.4331980 0.4214519 0.5009837 0.3200313 0.3767582 0.4014963 0.4085152 0.3720285 0.3729531 0.4268419 0.4677437 0.5285936 0.5407304 0.4750456 0.4620927 0.5438950 0.4364028 0.5649669 0.5590683 0.4795193 0.4734095 0.5056713 0.4696606 0.4727352 0.4799507 0.4868939 0.5150555 0.4273809 0.4233638 0.4072675 0.5170547 0.5170547 0.5262603 0.5351073 0.5255137 0.5267862 0.5751165 0.5187525 0.5101065 0.5476162 0.5476162 0.5712940 0.5575656 0.4981596 0.4969658 0.5230459 0.5334853 0.5587957 0.5587957 0.9858321 
Dgig_XM_028538200.1                                0.4236816 0.4135327 0.4033616 0.3586932 0.2745522 0.2803439 0.2814069 0.2813536 0.2501336 0.2453357 0.2579999 0.2499024 0.2712510 0.0000000 0.0663955 0.3395779 0.3627177 0.3400081 0.3958637 0.3801037 0.3944288 0.3772303 0.3991089 0.3785618 0.4464019 0.3781189 0.4084606 0.4839402 0.3621409 0.4010062 0.3192146 0.3292184 0.3252505 0.3438454 0.4056367 0.4939112 0.4855050 0.4746090 0.4545008 0.4591371 0.5003477 0.3650156 0.5331232 0.5234405 0.4709620 0.4820075 0.4622744 0.4263386 0.4620388 0.4473362 0.4739820 0.4967884 0.4097471 0.4111709 0.3680002 0.4890430 0.4890430 0.4915897 0.5009868 0.4870952 0.4884047 0.5545545 0.5206774 0.5116366 0.5569519 0.5569519 0.5850764 0.5746770 0.5243497 0.5064171 0.5706125 0.5386197 0.5836252 0.5836252 0.9750187 
Xesp_009990-T1                                     0.4186271 0.4008755 0.3956338 0.3605239 0.2763726 0.3032192 0.2964920 0.2957548 0.2544162 0.2478032 0.2656629 0.2544219 0.2819197 0.0663955 0.0000000 0.3473502 0.3746879 0.3373470 0.3788534 0.3842396 0.4024126 0.3795989 0.3898532 0.3813271 0.4398409 0.3787557 0.4048115 0.4971368 0.3582976 0.3979074 0.3239870 0.3315230 0.3296576 0.3506256 0.4193175 0.5056869 0.4992865 0.4933718 0.4663004 0.4718228 0.5158572 0.3671859 0.5396596 0.5315621 0.4631684 0.4813635 0.4830999 0.4375733 0.4815584 0.4811578 0.4841611 0.5187761 0.4200667 0.4211258 0.3520106 0.4837751 0.4837751 0.4952964 0.5010331 0.4863817 0.4876899 0.5415837 0.5182411 0.5091809 0.5749220 0.5749220 0.5729617 0.5828796 0.5182839 0.5149096 0.5743757 0.5440270 0.5937363 0.5937363 0.9695760 
Aque_Aqu2.1.27294_001                              0.4183296 0.4194707 0.4091774 0.3694386 0.2976768 0.3915644 0.4248759 0.4022588 0.3780015 0.3701355 0.3610336 0.3573545 0.4155425 0.3395779 0.3473502 0.0000000 0.0601138 0.2718596 0.3850121 0.3571453 0.3714612 0.3714383 0.3794961 0.3926378 0.4358642 0.4382555 0.3882712 0.4900919 0.4276632 0.4313766 0.3951117 0.3989954 0.3835591 0.4163763 0.3483008 0.5177031 0.4828015 0.5062604 0.4862424 0.4768524 0.5385626 0.3969790 0.4981230 0.4994761 0.4586646 0.4224721 0.4808808 0.4271590 0.4694238 0.4559085 0.4665895 0.4617495 0.4385340 0.4363666 0.4582601 0.5181367 0.5181367 0.5196609 0.5265630 0.5205639 0.5144448 0.5267381 0.5213906 0.5200203 0.5614052 0.5614052 0.5967259 0.5978773 0.5330259 0.5306194 0.5926809 0.5516496 0.5354525 0.5354525 0.8115415 
Halamb_c51703_g1_i1m.31195                         0.4330933 0.4267399 0.4338573 0.3924712 0.3037950 0.4122650 0.4597756 0.4380895 0.4128706 0.3986040 0.3946335 0.3910648 0.4467288 0.3627177 0.3746879 0.0601138 0.0000000 0.2767910 0.3984299 0.3555165 0.3914506 0.3727309 0.4015204 0.4103448 0.4557651 0.4423216 0.3951200 0.4893001 0.4472960 0.4325020 0.4287841 0.4154586 0.4066230 0.4357648 0.3418702 0.5446476 0.5019886 0.5208921 0.5074482 0.4992346 0.5380062 0.4216974 0.5280095 0.5256366 0.4643271 0.4399247 0.4842389 0.4294553 0.4971572 0.4573508 0.4905377 0.5051533 0.4703720 0.4668145 0.4950552 0.5344037 0.5344037 0.5381311 0.5451863 0.5462775 0.5400303 0.5394408 0.5272427 0.5260859 0.5786509 0.5786509 0.5916493 0.6058395 0.5308631 0.5223198 0.6111192 0.5543624 0.5441023 0.5441023 0.8335716 
Tetwil_g2954.t1                                    0.3804827 0.3412662 0.3493668 0.3533660 0.3197588 0.3675639 0.3788113 0.3637937 0.3501180 0.3410814 0.3331866 0.3201008 0.3890540 0.3400081 0.3373470 0.2718596 0.2767910 0.0000000 0.3347457 0.3099792 0.3266915 0.3108546 0.3121791 0.3266032 0.4606563 0.3993486 0.3610910 0.4285798 0.4091994 0.4115831 0.3876382 0.3941966 0.4183822 0.3602608 0.3166237 0.4490669 0.4545258 0.4637677 0.4335027 0.4277031 0.5273983 0.3722704 0.4937962 0.5115216 0.4639286 0.4513490 0.4188002 0.3721880 0.4148487 0.4224724 0.4479250 0.4702276 0.4040155 0.3930140 0.3815736 0.4471702 0.4471702 0.4481742 0.4464293 0.4530538 0.4474012 0.5202706 0.5564683 0.5563224 0.5522702 0.5522702 0.5973557 0.5841633 0.4920362 0.4924191 0.5639777 0.5529744 0.5528523 0.5528523 0.6930776 
Skow_XM_002739552.2                                0.3802074 0.3793207 0.3066038 0.3157029 0.3033682 0.3706004 0.4285764 0.4116731 0.3575545 0.3525791 0.3602373 0.3621491 0.3976989 0.3958637 0.3788534 0.3850121 0.3984299 0.3347457 0.0000000 0.2888332 0.3654939 0.3509923 0.4006901 0.3351273 0.3963621 0.3551201 0.3009737 0.4404252 0.4206417 0.4603126 0.4117981 0.4223068 0.4484785 0.3861827 0.4013834 0.4681812 0.4460947 0.4712500 0.4847997 0.4423807 0.5402572 0.4198503 0.5240813 0.5161259 0.4761415 0.4819164 0.4700666 0.4123090 0.4304909 0.4519849 0.4416110 0.4315050 0.4256413 0.4129743 0.4383746 0.4314359 0.4314359 0.4474249 0.4529461 0.4428971 0.4411358 0.5238479 0.5070380 0.5023421 0.5360007 0.5360007 0.5444546 0.5520568 0.4596933 0.4526804 0.5317678 0.4972988 0.5160735 0.5160735 0.8759010 
Scil_scict022292.1                                 0.3985912 0.3715291 0.3260236 0.3256559 0.3609170 0.3667197 0.4338078 0.3948851 0.3282682 0.3290543 0.2948322 0.3023539 0.3736887 0.3801037 0.3842396 0.3571453 0.3555165 0.3099792 0.2888332 0.0000000 0.1301734 0.1136057 0.1199621 0.2805633 0.3990543 0.3601427 0.3745462 0.3722467 0.4431376 0.4588328 0.4098615 0.3908791 0.4016986 0.4236187 0.3797550 0.4842585 0.4820279 0.4940262 0.5330652 0.5266299 0.5527012 0.4657182 0.6352463 0.6300067 0.5383614 0.5071319 0.4137610 0.4234299 0.4141993 0.4852997 0.4671112 0.4249926 0.4625079 0.4410228 0.3133808 0.5347038 0.5347038 0.5200367 0.5268538 0.5527168 0.5488233 0.4339587 0.5433863 0.5434825 0.5615195 0.5615195 0.5358994 0.5471696 0.5109083 0.5083237 0.5421070 0.5575502 0.5228700 0.5228700 0.8866764 
Lcom_lcpid24015                                    0.4079191 0.3802345 0.3851036 0.3568774 0.4302605 0.4314919 0.4660531 0.4415646 0.4082815 0.4052734 0.3914958 0.3876828 0.4342194 0.3944288 0.4024126 0.3714612 0.3914506 0.3266915 0.3654939 0.1301734 0.0000000 0.1088068 0.1467111 0.2021970 0.4362660 0.3983499 0.3712891 0.4263571 0.4304062 0.4238558 0.3902836 0.3950439 0.3826595 0.4064643 0.4166610 0.5025234 0.4773245 0.4813060 0.4893910 0.4865168 0.5658648 0.4227194 0.5522982 0.5241915 0.4775954 0.4684982 0.4259163 0.4335022 0.4321863 0.4498259 0.5143343 0.4850084 0.4671755 0.4523988 0.4079027 0.5341248 0.5341248 0.5029053 0.5056288 0.5215583 0.5193118 0.4797604 0.4961354 0.4998915 0.5218952 0.5218952 0.5045228 0.5374385 0.4503980 0.4502548 0.5080685 0.4889088 0.5060623 0.5060623 0.9900489 
Leuniv_Lniv_scaffold25419_01                       0.4126054 0.3627406 0.3635437 0.3198298 0.3310394 0.3891887 0.4353793 0.4039203 0.3686725 0.3579082 0.3442441 0.3372542 0.3955734 0.3772303 0.3795989 0.3714383 0.3727309 0.3108546 0.3509923 0.1136057 0.1088068 0.0000000 0.1400573 0.2244926 0.4399083 0.3745319 0.3374452 0.4158634 0.3778122 0.4034790 0.4172273 0.4058810 0.3673497 0.3818844 0.3790674 0.4530181 0.4594641 0.4680145 0.4707966 0.4688750 0.5418099 0.4031280 0.5642687 0.5491587 0.4624967 0.4821400 0.4320446 0.4355497 0.4110649 0.4653761 0.4983223 0.5090357 0.4443356 0.4309880 0.3885183 0.5201129 0.5201129 0.5051810 0.5079755 0.5193799 0.5171235 0.4599835 0.4779898 0.4808680 0.4767951 0.4767951 0.5078958 0.4966365 0.4548347 0.4433218 0.4859397 0.4777870 0.4831145 0.4831145 0.9206910 
Gracom_Gcom_C545916_01                             0.3960782 0.3437409 0.3583791 0.3406859 0.3300903 0.3884129 0.4542824 0.4141915 0.3750231 0.3735083 0.3481732 0.3455143 0.4184202 0.3991089 0.3898532 0.3794961 0.4015204 0.3121791 0.4006901 0.1199621 0.1467111 0.1400573 0.0000000 0.2258387 0.4383707 0.3887610 0.3840205 0.4157245 0.4220598 0.4301388 0.4409861 0.4331101 0.4005013 0.4063659 0.4166184 0.4592629 0.4722572 0.4910587 0.4893367 0.5122688 0.5781618 0.4682060 0.5646232 0.5528931 0.4773509 0.5336710 0.4485092 0.4574667 0.4219589 0.4787206 0.4461590 0.4737527 0.4635717 0.4490805 0.3970663 0.4986681 0.4986681 0.4708339 0.4810854 0.4959401 0.4924051 0.4667242 0.5100666 0.5120842 0.5368317 0.5368317 0.5405800 0.4998607 0.4870481 0.4779505 0.5099532 0.5263416 0.5298223 0.5298223 0.8784250 
Clacor_Ccor_C541049_01                             0.4115329 0.3718520 0.3590589 0.3437329 0.3964189 0.3976393 0.4122837 0.3969372 0.3768807 0.3559607 0.3578107 0.3530008 0.3886201 0.3785618 0.3813271 0.3926378 0.4103448 0.3266032 0.3351273 0.2805633 0.2021970 0.2244926 0.2258387 0.0000000 0.4035264 0.3983593 0.3983815 0.4302462 0.4628752 0.4581990 0.4277735 0.4251133 0.4106285 0.4168210 0.4191799 0.4811188 0.4385487 0.4525681 0.4655388 0.4562623 0.5746533 0.3730726 0.5488880 0.5488365 0.4932264 0.4658228 0.4658981 0.4369663 0.4047886 0.4200448 0.4435894 0.4535898 0.4293002 0.4173232 0.3822341 0.4632278 0.4632278 0.4718875 0.4739375 0.4839495 0.4805109 0.5269995 0.4778340 0.4742135 0.4901770 0.4901770 0.5093468 0.5122338 0.4379564 0.4374813 0.4764465 0.4593856 0.5234314 0.5234314 0.9199319 
Cgig_XM_011415336.3                                0.4747734 0.4133856 0.3933472 0.3496668 0.4945355 0.4597926 0.5430774 0.5089570 0.4670769 0.4456947 0.4575948 0.4564518 0.4909182 0.4464019 0.4398409 0.4358642 0.4557651 0.4606563 0.3963621 0.3990543 0.4362660 0.4399083 0.4383707 0.4035264 0.0000000 0.2636184 0.4367488 0.4715970 0.4963728 0.4925035 0.4850657 0.4653210 0.4321525 0.4608980 0.4642824 0.5334653 0.5261341 0.5365137 0.5149148 0.5162906 0.5766706 0.5009588 0.5922179 0.5789459 0.5647967 0.5682657 0.5548891 0.4440264 0.4709144 0.4971306 0.4785636 0.5240417 0.5315119 0.5250616 0.4314816 0.5572676 0.5572676 0.5425042 0.5523788 0.5549962 0.5469959 0.5465331 0.5442250 0.5564320 0.5774428 0.5774428 0.5839252 0.5940312 0.5377034 0.5375705 0.5761634 0.5701044 0.5569940 0.5569940 0.9418765 
Acagra_model.g6355.t1                              0.3827737 0.3699989 0.3641685 0.3222979 0.4397499 0.3938235 0.4672238 0.4318577 0.3878127 0.3733886 0.3793088 0.3702483 0.4331980 0.3781189 0.3787557 0.4382555 0.4423216 0.3993486 0.3551201 0.3601427 0.3983499 0.3745319 0.3887610 0.3983593 0.2636184 0.0000000 0.3904464 0.4106773 0.4404123 0.4656870 0.4456147 0.4399208 0.4052479 0.4060198 0.3911566 0.4439197 0.4455977 0.4432150 0.4418835 0.4579023 0.5047098 0.4128229 0.5774147 0.5659478 0.5115121 0.4964778 0.5142687 0.4224287 0.4310522 0.4969280 0.4412021 0.5088852 0.4630919 0.4543599 0.4112416 0.5395591 0.5395591 0.5182686 0.5221222 0.5284242 0.5261691 0.4835800 0.5144227 0.5236939 0.5395856 0.5395856 0.5383754 0.5662222 0.4575165 0.4587674 0.5406311 0.5399994 0.5214701 0.5214701 0.8071417 
Spur_XM_774923.5                                   0.3865859 0.3625884 0.3538211 0.3214190 0.3418873 0.4099210 0.4507618 0.4317072 0.3886360 0.3892351 0.3819804 0.3774229 0.4214519 0.4084606 0.4048115 0.3882712 0.3951200 0.3610910 0.3009737 0.3745462 0.3712891 0.3374452 0.3840205 0.3983815 0.4367488 0.3904464 0.0000000 0.4462409 0.4340019 0.4317744 0.4344842 0.4468916 0.4300057 0.4217965 0.4327496 0.4339235 0.4295812 0.4419038 0.4709702 0.4450416 0.5454794 0.4092805 0.4884647 0.4827865 0.4616754 0.4791520 0.4656881 0.4244816 0.4287488 0.4574996 0.4749581 0.4482472 0.4323809 0.4232964 0.3666219 0.5374041 0.5374041 0.5331708 0.5335243 0.5300994 0.5278317 0.5413152 0.4998667 0.5038082 0.5064108 0.5064108 0.5503672 0.5404534 0.4697849 0.4685801 0.5102096 0.4963834 0.5145591 0.5145591 0.8965456 
Dpul_mRNA24957                                     0.3872704 0.3082382 0.4437456 0.3112554 0.4340445 0.4706419 0.5241802 0.5008859 0.4529810 0.4556283 0.4442215 0.4381214 0.5009837 0.4839402 0.4971368 0.4900919 0.4893001 0.4285798 0.4404252 0.3722467 0.4263571 0.4158634 0.4157245 0.4302462 0.4715970 0.4106773 0.4462409 0.0000000 0.4248334 0.4797399 0.4340234 0.4600559 0.4459290 0.4499771 0.4678639 0.4828140 0.5161476 0.5368066 0.5137406 0.5025032 0.5402231 0.4734015 0.5649204 0.5712547 0.5746650 0.5359008 0.5643996 0.4365010 0.5025369 0.5212551 0.4926856 0.5371360 0.5579470 0.5449915 0.4722961 0.5063657 0.5063657 0.4878963 0.4934306 0.5052201 0.4993165 0.4153045 0.5944353 0.5904757 0.5813886 0.5813886 0.6493973 0.6481879 0.5596960 0.5532807 0.6330246 0.6010372 0.5781290 0.5781290 1.1620413 
Hvul_g29928_1                                      0.4161101 0.4141995 0.4329571 0.4298961 0.3388411 0.3664180 0.3699771 0.3490045 0.3202428 0.2982129 0.3078938 0.3067233 0.3200313 0.3621409 0.3582976 0.4276632 0.4472960 0.4091994 0.4206417 0.4431376 0.4304062 0.3778122 0.4220598 0.4628752 0.4963728 0.4404123 0.4340019 0.4248334 0.0000000 0.2103458 0.3399798 0.3388303 0.2765180 0.3085023 0.4527280 0.4902302 0.4683890 0.4811279 0.5179050 0.5082076 0.5683398 0.3997553 0.5559860 0.5669441 0.5179049 0.4940762 0.5024357 0.4915562 0.4889324 0.4845913 0.4705653 0.5310038 0.4365660 0.4343770 0.3904319 0.4888885 0.4888885 0.4874258 0.4906247 0.4886309 0.4862778 0.5684671 0.4960658 0.4969606 0.5227701 0.5227701 0.5756919 0.5287527 0.5026509 0.4967704 0.5204453 0.5265766 0.5466948 0.5466948 0.8671762 
Chem_TCONS_00012572                                0.4509069 0.4100975 0.4209375 0.4320989 0.3451798 0.4039030 0.4324098 0.3976726 0.3543769 0.3522561 0.3497377 0.3517616 0.3767582 0.4010062 0.3979074 0.4313766 0.4325020 0.4115831 0.4603126 0.4588328 0.4238558 0.4034790 0.4301388 0.4581990 0.4925035 0.4656870 0.4317744 0.4797399 0.2103458 0.0000000 0.3267635 0.3279927 0.3077639 0.3086303 0.4846447 0.4955940 0.4933093 0.4863477 0.4959806 0.5160692 0.5645112 0.4294002 0.5467112 0.5447566 0.4955840 0.4796161 0.4527463 0.4549743 0.5200280 0.4846089 0.4911249 0.5125557 0.4988654 0.4941262 0.4173155 0.5563449 0.5563449 0.5189416 0.5337633 0.5531243 0.5476653 0.5731956 0.5101577 0.5163833 0.5231758 0.5231758 0.5856736 0.5726761 0.5101185 0.4952920 0.5600099 0.5411121 0.5877221 0.5877221 1.0746689 
Nemnom_g16675.t1                                   0.4531034 0.4100477 0.4107185 0.3530588 0.3398053 0.3903064 0.4151077 0.3935620 0.3702272 0.3733383 0.3697614 0.3681867 0.4014963 0.3192146 0.3239870 0.3951117 0.4287841 0.3876382 0.4117981 0.4098615 0.3902836 0.4172273 0.4409861 0.4277735 0.4850657 0.4456147 0.4344842 0.4340234 0.3399798 0.3267635 0.0000000 0.0740351 0.1736095 0.2877781 0.5077386 0.4547734 0.4729089 0.4725296 0.5211171 0.4979675 0.4909269 0.4510109 0.5641442 0.5602357 0.5256407 0.5374714 0.4862672 0.4695429 0.5368420 0.4609894 0.5386574 0.5139343 0.4597833 0.4480991 0.3946966 0.4941758 0.4941758 0.5152716 0.5234868 0.5194754 0.5132946 0.5828179 0.4705217 0.4733678 0.5252528 0.5252528 0.5295920 0.5393486 0.4880580 0.4927341 0.5135607 0.5129561 0.5138095 0.5138095 1.0415184 
Rhoesc_Res_005375-T1                               0.4600931 0.4148133 0.4094278 0.3784687 0.3738208 0.3742853 0.4158658 0.3940576 0.3762021 0.3733094 0.3707448 0.3716955 0.4085152 0.3292184 0.3315230 0.3989954 0.4154586 0.3941966 0.4223068 0.3908791 0.3950439 0.4058810 0.4331101 0.4251133 0.4653210 0.4399208 0.4468916 0.4600559 0.3388303 0.3279927 0.0740351 0.0000000 0.1729903 0.3114426 0.5199684 0.4990934 0.5221194 0.5160869 0.5138791 0.5107306 0.5371649 0.4699438 0.6087654 0.5914521 0.5380006 0.5621572 0.5120004 0.4878280 0.5475278 0.4984504 0.5470326 0.5271122 0.4949089 0.4852420 0.4015753 0.5028063 0.5028063 0.5084278 0.5164384 0.5180598 0.5120294 0.6040525 0.4734683 0.4621601 0.5148233 0.5148233 0.5399558 0.5365226 0.4861124 0.4900735 0.5027671 0.5168873 0.5179083 0.5179083 0.9852904 
Sanmal_Sma_006193-T1                               0.4029087 0.3769975 0.4113430 0.3845434 0.3523645 0.3866746 0.3978926 0.3841249 0.3517555 0.3464269 0.3456848 0.3495072 0.3720285 0.3252505 0.3296576 0.3835591 0.4066230 0.4183822 0.4484785 0.4016986 0.3826595 0.3673497 0.4005013 0.4106285 0.4321525 0.4052479 0.4300057 0.4459290 0.2765180 0.3077639 0.1736095 0.1729903 0.0000000 0.2977200 0.5036754 0.4717632 0.4741087 0.4720283 0.4484624 0.4754927 0.4952831 0.4150600 0.5344853 0.5375779 0.4937714 0.4941931 0.5045657 0.4436182 0.5377607 0.4694141 0.4955231 0.5035010 0.4505311 0.4478351 0.4106562 0.4939801 0.4939801 0.4736147 0.4868178 0.4922800 0.4935734 0.5416315 0.4265035 0.4194616 0.4898993 0.4898993 0.5075976 0.4742400 0.4466019 0.4490345 0.4940576 0.5012239 0.4816322 0.4816322 0.9573220 
Morvir_scaffold329.g2.t1                           0.3961259 0.3706101 0.4316853 0.4042760 0.3888988 0.3767085 0.4106059 0.3853515 0.3275588 0.3315927 0.3365217 0.3380856 0.3729531 0.3438454 0.3506256 0.4163763 0.4357648 0.3602608 0.3861827 0.4236187 0.4064643 0.3818844 0.4063659 0.4168210 0.4608980 0.4060198 0.4217965 0.4499771 0.3085023 0.3086303 0.2877781 0.3114426 0.2977200 0.0000000 0.4892975 0.4506306 0.4857001 0.5089854 0.4664854 0.4595477 0.5465561 0.4539995 0.5555216 0.5453491 0.5118492 0.5282950 0.4985084 0.4748501 0.4964054 0.4767837 0.5060268 0.5182630 0.4488608 0.4395716 0.3922336 0.5029548 0.5029548 0.4811741 0.4880130 0.5057674 0.4976894 0.5445671 0.5213565 0.5178257 0.5469930 0.5469930 0.5662162 0.5740118 0.4791965 0.4809712 0.5389382 0.5775592 0.5229620 0.5229620 1.0024270 
Spolac_c92647_g1_i1_m.8027c92647-g1                0.4051476 0.4278581 0.4528732 0.3989136 0.3659259 0.4303254 0.4445688 0.4067184 0.3898428 0.3820108 0.3675481 0.3706170 0.4268419 0.4056367 0.4193175 0.3483008 0.3418702 0.3166237 0.4013834 0.3797550 0.4166610 0.3790674 0.4166184 0.4191799 0.4642824 0.3911566 0.4327496 0.4678639 0.4527280 0.4846447 0.5077386 0.5199684 0.5036754 0.4892975 0.0000000 0.4867881 0.4920828 0.4905178 0.4797726 0.4992766 0.5322278 0.4070144 0.5463222 0.5347700 0.5080815 0.4550419 0.5040005 0.4325367 0.4485889 0.4847947 0.5492018 0.5411258 0.5468598 0.5371767 0.4947790 0.5477664 0.5477664 0.5473749 0.5593878 0.5522749 0.5483989 0.5575269 0.5109798 0.5126518 0.5326353 0.5326353 0.5261365 0.5580928 0.5070005 0.5009315 0.5229521 0.5256703 0.5307289 0.5307289 0.8559624 
Mbre_EDQ84548                                      0.4579783 0.3928441 0.4427704 0.3992496 0.3970615 0.4570803 0.4465996 0.4105214 0.4088705 0.4206165 0.4071538 0.4076311 0.4677437 0.4939112 0.5056869 0.5177031 0.5446476 0.4490669 0.4681812 0.4842585 0.5025234 0.4530181 0.4592629 0.4811188 0.5334653 0.4439197 0.4339235 0.4828140 0.4902302 0.4955940 0.4547734 0.4990934 0.4717632 0.4506306 0.4867881 0.0000000 0.2177652 0.2064700 0.3071980 0.3038354 0.3078985 0.3897872 0.4123599 0.4217492 0.3947597 0.3983974 0.4051979 0.4157419 0.3971392 0.4185372 0.3928541 0.3823316 0.4800623 0.4764619 0.4744279 0.5516770 0.5516770 0.5387836 0.5476878 0.5549589 0.5463034 0.5669147 0.5367476 0.5463335 0.5436403 0.5436403 0.5520624 0.5588331 0.5145489 0.5103913 0.5586999 0.5276524 0.5221964 0.5221964 1.0371631 
Choper_EP00045_Choanoeca_perplexa_P005698          0.4502767 0.4106401 0.4832014 0.4135938 0.3785261 0.5115822 0.5276820 0.5188969 0.4702456 0.4709998 0.4710775 0.4566203 0.5285936 0.4855050 0.4992865 0.4828015 0.5019886 0.4545258 0.4460947 0.4820279 0.4773245 0.4594641 0.4722572 0.4385487 0.5261341 0.4455977 0.4295812 0.5161476 0.4683890 0.4933093 0.4729089 0.5221194 0.4741087 0.4857001 0.4920828 0.2177652 0.0000000 0.0911341 0.3257730 0.2981691 0.3030597 0.3484382 0.4016615 0.4004081 0.3657353 0.3921496 0.3696584 0.3759852 0.3645986 0.4138695 0.3658862 0.3684281 0.4782247 0.4695132 0.4476268 0.5344622 0.5344622 0.5443520 0.5475656 0.5534618 0.5504111 0.5703557 0.5472398 0.5589138 0.5924292 0.5924292 0.5932112 0.5902542 0.5169250 0.5265181 0.5939035 0.5233334 0.5646393 0.5646393 1.0935425 
Chofle_EP00730_Choanoeca_flexa_P018011             0.4628851 0.4142894 0.4610671 0.4069578 0.4367996 0.5150543 0.5077259 0.5197140 0.4684319 0.4557131 0.4635668 0.4537870 0.5407304 0.4746090 0.4933718 0.5062604 0.5208921 0.4637677 0.4712500 0.4940262 0.4813060 0.4680145 0.4910587 0.4525681 0.5365137 0.4432150 0.4419038 0.5368066 0.4811279 0.4863477 0.4725296 0.5160869 0.4720283 0.5089854 0.4905178 0.2064700 0.0911341 0.0000000 0.3089685 0.2820730 0.2987538 0.3592697 0.3979312 0.3865047 0.3579382 0.4054006 0.3930494 0.3702880 0.3740820 0.4299697 0.4186487 0.3624764 0.5068487 0.5013936 0.5067694 0.5729238 0.5729238 0.5491570 0.5538142 0.5557901 0.5518681 0.5934223 0.5474485 0.5526317 0.5852505 0.5852505 0.5874515 0.5893811 0.5163497 0.5164789 0.5770674 0.5369019 0.5857820 0.5857820 1.1059655 
Sros_EGD79935                                      0.4713037 0.4450528 0.4435806 0.4340274 0.4685292 0.4755548 0.4851285 0.4530500 0.4127487 0.4297924 0.4218559 0.4273788 0.4750456 0.4545008 0.4663004 0.4862424 0.5074482 0.4335027 0.4847997 0.5330652 0.4893910 0.4707966 0.4893367 0.4655388 0.5149148 0.4418835 0.4709702 0.5137406 0.5179050 0.4959806 0.5211171 0.5138791 0.4484624 0.4664854 0.4797726 0.3071980 0.3257730 0.3089685 0.0000000 0.1016698 0.2802028 0.3686863 0.4831301 0.4499975 0.4500296 0.4466624 0.4334020 0.3834280 0.3892635 0.4087056 0.4420082 0.3824496 0.5083491 0.5060458 0.4551634 0.4760239 0.4760239 0.4846413 0.4944364 0.4722749 0.4736757 0.5901736 0.5506284 0.5539323 0.5577695 0.5577695 0.5699276 0.5594864 0.4985944 0.4940858 0.5462918 0.5564904 0.5572414 0.5572414 0.9688295 
Microa_EP00043_Microstomoeca_roanoka_P000790       0.4480272 0.4474941 0.4434132 0.4317069 0.4461329 0.4661891 0.4695475 0.4586679 0.4199695 0.4158544 0.4318830 0.4280745 0.4620927 0.4591371 0.4718228 0.4768524 0.4992346 0.4277031 0.4423807 0.5266299 0.4865168 0.4688750 0.5122688 0.4562623 0.5162906 0.4579023 0.4450416 0.5025032 0.5082076 0.5160692 0.4979675 0.5107306 0.4754927 0.4595477 0.4992766 0.3038354 0.2981691 0.2820730 0.1016698 0.0000000 0.2460018 0.3531552 0.5081626 0.4698802 0.4359458 0.4405225 0.4015346 0.3957731 0.3511867 0.4037203 0.4140639 0.3660619 0.4788558 0.4748761 0.4658190 0.4299336 0.4299336 0.4550215 0.4590565 0.4450866 0.4395602 0.5917013 0.5478815 0.5570878 0.5549203 0.5549203 0.5589484 0.5502757 0.5091652 0.5114066 0.5491425 0.5521686 0.5668767 0.5668767 0.9844717 
Salinf_EP00049_Salpingoeca_infusionum_P009731      0.5326255 0.5377181 0.5123300 0.4677205 0.5141842 0.5203456 0.5537261 0.5194701 0.5177017 0.4974070 0.5133529 0.5033646 0.5438950 0.5003477 0.5158572 0.5385626 0.5380062 0.5273983 0.5402572 0.5527012 0.5658648 0.5418099 0.5781618 0.5746533 0.5766706 0.5047098 0.5454794 0.5402231 0.5683398 0.5645112 0.4909269 0.5371649 0.4952831 0.5465561 0.5322278 0.3078985 0.3030597 0.2987538 0.2802028 0.2460018 0.0000000 0.4278178 0.4842919 0.4651786 0.4410170 0.4499504 0.4542001 0.4262390 0.4250199 0.4822093 0.4689544 0.4123348 0.5851062 0.5767663 0.5856351 0.5986933 0.5986933 0.6029228 0.6025721 0.6020926 0.5953162 0.5807175 0.5602222 0.5684709 0.5515784 0.5515784 0.5719099 0.5925747 0.5384420 0.5428509 0.5634055 0.5374680 0.6140263 0.6140263 1.1326198 
Codhol_EP00042_Codosiga_hollandica_P059628         0.4168710 0.4143079 0.4285151 0.3930105 0.3953516 0.4575655 0.4597057 0.4480500 0.4200667 0.3934027 0.4065667 0.3899671 0.4364028 0.3650156 0.3671859 0.3969790 0.4216974 0.3722704 0.4198503 0.4657182 0.4227194 0.4031280 0.4682060 0.3730726 0.5009588 0.4128229 0.4092805 0.4734015 0.3997553 0.4294002 0.4510109 0.4699438 0.4150600 0.4539995 0.4070144 0.3897872 0.3484382 0.3592697 0.3686863 0.3531552 0.4278178 0.0000000 0.4184021 0.4257134 0.4025209 0.3377899 0.3835186 0.3682127 0.3548802 0.3715304 0.3625926 0.4233377 0.4634638 0.4546462 0.4674600 0.4693118 0.4693118 0.4928919 0.4962412 0.4808818 0.4788971 0.5283324 0.5085643 0.4984964 0.5623861 0.5623861 0.5528373 0.5308004 0.4914007 0.4954739 0.5531313 0.5014327 0.5307664 0.5307664 0.9387915 
Acaspe_EP00035_Acanthoeca_spectabilis_P019944      0.5243325 0.5308112 0.5553632 0.5689086 0.5757331 0.5499653 0.5571520 0.5345695 0.4880738 0.5090166 0.5010205 0.4980471 0.5649669 0.5331232 0.5396596 0.4981230 0.5280095 0.4937962 0.5240813 0.6352463 0.5522982 0.5642687 0.5646232 0.5488880 0.5922179 0.5774147 0.4884647 0.5649204 0.5559860 0.5467112 0.5641442 0.6087654 0.5344853 0.5555216 0.5463222 0.4123599 0.4016615 0.3979312 0.4831301 0.5081626 0.4842919 0.4184021 0.0000000 0.0727703 0.1479554 0.2307377 0.3222514 0.4558410 0.5086248 0.4069160 0.4673689 0.4368833 0.5399545 0.5482141 0.5348103 0.6601161 0.6601161 0.6442302 0.6525615 0.6502624 0.6467027 0.6354885 0.6139623 0.6206433 0.6036023 0.6036023 0.6465546 0.6755040 0.5833957 0.5787226 0.6443655 0.6240235 0.6293355 0.6293355 1.0318014 
Helnan_EP00037_Helgoeca_nana_P011937               0.5441970 0.5187336 0.5542833 0.5623318 0.5783881 0.5475594 0.5349555 0.5233688 0.4920613 0.5096578 0.4879963 0.4929006 0.5590683 0.5234405 0.5315621 0.4994761 0.5256366 0.5115216 0.5161259 0.6300067 0.5241915 0.5491587 0.5528931 0.5488365 0.5789459 0.5659478 0.4827865 0.5712547 0.5669441 0.5447566 0.5602357 0.5914521 0.5375779 0.5453491 0.5347700 0.4217492 0.4004081 0.3865047 0.4499975 0.4698802 0.4651786 0.4257134 0.0727703 0.0000000 0.1268578 0.2247249 0.2921527 0.4485349 0.5007452 0.3849468 0.4505062 0.4178035 0.5237506 0.5286127 0.5350597 0.6440509 0.6440509 0.6353817 0.6436462 0.6342492 0.6307785 0.6113954 0.5864793 0.5938281 0.5925474 0.5925474 0.6348811 0.6432804 0.5846126 0.5715884 0.6494800 0.6213921 0.6114737 0.6114737 1.0589965 
Stedip_EP00041_Stephanoeca_diplocostata_P009147    0.5046487 0.5287707 0.4919689 0.4852390 0.4602546 0.4664132 0.4777554 0.4646717 0.4349723 0.4341636 0.4341865 0.4335646 0.4795193 0.4709620 0.4631684 0.4586646 0.4643271 0.4639286 0.4761415 0.5383614 0.4775954 0.4624967 0.4773509 0.4932264 0.5647967 0.5115121 0.4616754 0.5746650 0.5179049 0.4955840 0.5256407 0.5380006 0.4937714 0.5118492 0.5080815 0.3947597 0.3657353 0.3579382 0.4500296 0.4359458 0.4410170 0.4025209 0.1479554 0.1268578 0.0000000 0.1918676 0.2590959 0.4144000 0.4558939 0.3841476 0.4310995 0.4009563 0.4962322 0.5027938 0.4711827 0.5832157 0.5832157 0.5823376 0.5900339 0.5673257 0.5642917 0.5814503 0.5741602 0.5845643 0.5878796 0.5878796 0.6122900 0.6258976 0.5721669 0.5669120 0.6228516 0.6087948 0.6177561 0.6177561 0.9279891 
Diagra_EP00040_Diaphanoeca_grandis_P017128         0.4745414 0.4908734 0.5010155 0.4690790 0.4300076 0.4958589 0.4689371 0.4449239 0.4526530 0.4397515 0.4382333 0.4428439 0.4734095 0.4820075 0.4813635 0.4224721 0.4399247 0.4513490 0.4819164 0.5071319 0.4684982 0.4821400 0.5336710 0.4658228 0.5682657 0.4964778 0.4791520 0.5359008 0.4940762 0.4796161 0.5374714 0.5621572 0.4941931 0.5282950 0.4550419 0.3983974 0.3921496 0.4054006 0.4466624 0.4405225 0.4499504 0.3377899 0.2307377 0.2247249 0.1918676 0.0000000 0.2619787 0.3828136 0.4223240 0.3718299 0.3989739 0.4345094 0.4579023 0.4655455 0.5146682 0.5948020 0.5948020 0.6046410 0.6126195 0.5962118 0.5929512 0.5715250 0.5550126 0.5478598 0.5374744 0.5374744 0.5735751 0.5835238 0.5324340 0.5366739 0.5857605 0.5541435 0.5990259 0.5990259 1.0450556 
Didcos_EP00039_Didymoeca_costata_P018638           0.5091807 0.4963326 0.5021957 0.4922457 0.3694644 0.4640482 0.5147432 0.4865346 0.4525113 0.4551390 0.4431409 0.4355898 0.5056713 0.4622744 0.4830999 0.4808808 0.4842389 0.4188002 0.4700666 0.4137610 0.4259163 0.4320446 0.4485092 0.4658981 0.5548891 0.5142687 0.4656881 0.5643996 0.5024357 0.4527463 0.4862672 0.5120004 0.5045657 0.4985084 0.5040005 0.4051979 0.3696584 0.3930494 0.4334020 0.4015346 0.4542001 0.3835186 0.3222514 0.2921527 0.2590959 0.2619787 0.0000000 0.3654065 0.3696199 0.3792898 0.3854640 0.3890831 0.5171015 0.5057295 0.5012405 0.5798231 0.5798231 0.5742271 0.5873158 0.5902565 0.5868593 0.6489954 0.5562943 0.5573531 0.5711623 0.5711623 0.5892320 0.6025033 0.5358981 0.5342572 0.5853517 0.5183895 0.5830965 0.5830965 1.0885725 
Mylflu_EP00047_Mylnosiga_fluctuans_P000226         0.4315273 0.4129308 0.4108300 0.4054846 0.4181119 0.4756738 0.5294209 0.4839812 0.4391812 0.4462180 0.4536965 0.4326141 0.4696606 0.4263386 0.4375733 0.4271590 0.4294553 0.3721880 0.4123090 0.4234299 0.4335022 0.4355497 0.4574667 0.4369663 0.4440264 0.4224287 0.4244816 0.4365010 0.4915562 0.4549743 0.4695429 0.4878280 0.4436182 0.4748501 0.4325367 0.4157419 0.3759852 0.3702880 0.3834280 0.3957731 0.4262390 0.3682127 0.4558410 0.4485349 0.4144000 0.3828136 0.3654065 0.0000000 0.2826571 0.3475835 0.3679974 0.3890909 0.4577077 0.4559930 0.4493833 0.5478715 0.5478715 0.5139058 0.5194677 0.5377065 0.5315590 0.5809888 0.5271547 0.5338662 0.5805184 0.5805184 0.5594684 0.6113652 0.4928085 0.4952964 0.5591020 0.5487908 0.5927263 0.5927263 0.9965211 
Salpun_EP00053_Salpingoeca_punica_P008552          0.4344283 0.4151294 0.4458604 0.3996473 0.4170056 0.4919663 0.5205933 0.4951925 0.4619821 0.4407101 0.4493638 0.4522032 0.4727352 0.4620388 0.4815584 0.4694238 0.4971572 0.4148487 0.4304909 0.4141993 0.4321863 0.4110649 0.4219589 0.4047886 0.4709144 0.4310522 0.4287488 0.5025369 0.4889324 0.5200280 0.5368420 0.5475278 0.5377607 0.4964054 0.4485889 0.3971392 0.3645986 0.3740820 0.3892635 0.3511867 0.4250199 0.3548802 0.5086248 0.5007452 0.4558939 0.4223240 0.3696199 0.2826571 0.0000000 0.3521457 0.2973950 0.3827370 0.4704029 0.4577825 0.4952848 0.5397619 0.5397619 0.5331589 0.5396786 0.5381198 0.5361903 0.6091194 0.5141480 0.5314365 0.5151022 0.5151022 0.5295370 0.5801222 0.4722671 0.4822049 0.5160004 0.5012446 0.5505542 0.5505542 1.0058158 
