68
Hsap_ENST00000409155                                   0.0000000 0.5279016 0.5530150 0.6402824 0.5905704 0.6279062 0.5944432 0.7579522 0.7310002 0.6964435 0.7229887 0.6528695 0.6870776 0.6747584 0.8100204 0.8108685 0.8026874 0.8699987 0.7410519 0.7679733 0.8164019 1.0436189 1.0827144 1.3021910 0.9101422 0.8342699 0.7175589 0.7009721 0.8485468 1.1064017 1.0410359 0.9490521 1.1916390 1.0451161 1.0591476 0.8965736 1.0377104 0.8984006 0.9487460 1.0586234 0.9304097 1.0355781 1.1291217 1.2103266 0.9541698 0.7479985 0.8445529 0.8445529 0.8616036 0.9176059 1.4751132 1.4024779 1.4836137 1.5625229 1.5042612 1.3913451 1.5500477 1.4803786 1.2812080 1.2863662 1.2697428 1.3059161 1.3059161 1.3194027 1.7780091 1.8794852 2.2302179 1.4054510 
Bralan_BLAG08000682_1                                  0.5279016 0.0000000 0.4504224 0.4878873 0.4488309 0.6347736 0.6896883 0.5691265 0.5684383 0.6874563 0.6905386 0.5081847 0.5739296 0.6173109 0.7819534 0.7214976 0.7426945 0.7761368 0.6455677 0.6811886 0.6697026 0.8565685 0.9358868 1.2496101 0.6941646 0.7698836 0.6758005 0.6948849 0.6945039 0.9623816 0.9966236 0.9402680 1.1754562 0.9317804 1.0180692 0.8617456 0.8848824 0.7751735 0.7994117 0.8703141 0.8707966 0.9847902 1.0770605 1.2119197 0.9288812 0.7318615 0.8370259 0.8370259 0.8506911 0.8175583 1.4668981 1.4668968 1.2780082 1.3221027 1.3563074 1.4437623 1.4634947 1.3066082 1.1948725 1.2758748 1.2507986 1.2901996 1.2901996 1.0791447 1.6987319 1.8564869 1.9244382 1.2043365 
Skow_XM_002741440.1                                    0.5530150 0.4504224 0.0000000 0.5088343 0.4537122 0.5591640 0.6360010 0.6818146 0.7064317 0.6634024 0.7017222 0.5553176 0.6827620 0.5703979 0.7140576 0.7030158 0.7561734 0.6398574 0.5788238 0.5893046 0.5600881 0.7517300 0.8295156 0.8946238 0.5825416 0.7953351 0.8081175 0.7221719 0.6643712 0.9687525 1.1674707 0.9093769 1.1465428 0.9765143 1.0461216 0.8997707 0.8576847 0.7730899 0.7738996 0.9229859 0.8515386 0.9486650 1.1579043 1.1961281 0.9259672 0.7455417 0.7864301 0.7864301 0.7844639 0.8755302 1.5003579 1.4962507 1.2480373 1.5761980 1.5274749 1.3932947 1.3415613 1.1759380 1.2645103 1.1997940 1.1990909 1.2456747 1.2456747 1.1180845 1.4587844 2.0096146 1.5182761 1.2278516 
Ocar_g4946                                             0.6402824 0.4878873 0.5088343 0.0000000 0.0113378 0.4801364 0.7766084 0.6700325 0.6579125 0.6059273 0.6189283 0.6078800 0.6744023 0.7051221 0.7113899 0.6733706 0.7657501 0.6996224 0.5824945 0.6116338 0.6268192 0.8249395 0.9356621 0.8435040 0.5690880 0.7134556 0.8591119 0.7639802 0.7836381 1.0335014 1.3641221 1.2329842 1.3149388 1.1786968 1.2095616 1.0750234 0.9347934 0.8088363 0.9093491 1.0752177 0.9157802 0.9820275 1.1610622 1.2445907 1.0220744 0.8111890 0.8783327 0.8783327 0.9240295 0.9588174 1.7668517 1.6405131 1.3345521 1.6832238 1.4759663 1.4585012 1.4604394 1.3217894 1.3090862 1.3152928 1.3562107 1.3333640 1.3333640 1.2575038 1.5460639 1.9553644 1.7606590 1.2848319 
Opea_EP00118_Oscarella_pearsei_P001412                 0.5905704 0.4488309 0.4537122 0.0113378 0.0000000 0.4340846 0.6998332 0.6172388 0.6069351 0.5599482 0.5749992 0.5584260 0.6324989 0.6557647 0.6672632 0.6324577 0.7121767 0.6425172 0.5490846 0.5597518 0.5747351 0.7564764 0.8434201 0.8288234 0.5690880 0.6353658 0.7942252 0.7197557 0.7374669 0.9408232 1.2834671 1.1091014 1.2256258 1.1093357 1.1523957 1.0419331 0.8730157 0.7566755 0.8452215 0.9896716 0.8473543 0.8955222 1.0917809 1.1430057 0.9448104 0.7561151 0.8158629 0.8158629 0.8517074 0.8644648 1.6085817 1.5561022 1.2823422 1.4958919 1.4123322 1.3953203 1.3660844 1.2046591 1.2219342 1.2621274 1.3003097 1.2528910 1.2528910 1.1203263 1.5460639 1.8317150 1.7615415 1.1618695 
Plajan_Pjan_C559689_01                                 0.6279062 0.6347736 0.5591640 0.4801364 0.4340846 0.0000000 0.8121158 0.7580151 0.7310829 0.7117371 0.7132497 0.6263184 0.8351926 0.7355349 0.8472875 0.8158249 0.8460098 0.7379194 0.6470824 0.6035304 0.6885293 0.8084740 0.9158306 0.9004011 0.6673771 0.7245731 0.8647577 0.7873643 0.7227626 1.0697597 1.3155277 1.1171332 1.3089327 1.2176506 1.2719174 1.0089749 0.8990622 0.8477419 0.9253705 1.0456887 0.8845764 1.0334625 1.1677695 1.3103371 0.9780204 0.8821619 0.8384879 0.8384879 0.8079345 0.8788647 1.6634330 1.5854631 1.2414248 1.5890947 1.3752562 1.5359529 1.5080295 1.2466288 1.2843720 1.2192118 1.2561025 1.2458118 1.2458118 1.2382113 1.6511020 1.8094952 1.8256671 1.3547497 
Spur_XM_030997751.1                                    0.5944432 0.6896883 0.6360010 0.7766084 0.6998332 0.8121158 0.0000000 0.7899511 0.7760495 0.7480952 0.7658638 0.6277480 0.7380610 0.7287517 0.7855514 0.8105011 0.9121420 0.8528069 0.7823910 0.7689251 0.7662972 1.0579198 1.0029253 1.4263989 0.8982625 0.9022198 0.8158123 0.8060595 0.8245205 1.1505262 1.2542443 1.1877593 1.2371322 1.1792346 1.2476314 1.0130841 0.8455622 0.8205214 0.8657400 1.1008798 0.8641576 1.1305952 1.1460063 1.3063633 0.9416005 0.8565721 0.8121103 0.8121103 0.7996311 0.8656480 1.5541842 1.4573705 1.3093430 1.8240172 1.5809204 1.4426222 1.4011596 1.3585032 1.0954407 1.2164843 1.2089574 1.2626377 1.2626377 1.3050240 1.5658164 1.8504373 1.9311915 1.2615639 
Stycar_maker-SC_scaffold6709-snap-gene-0.99-mRNA-1     0.7579522 0.5691265 0.6818146 0.6700325 0.6172388 0.7580151 0.7899511 0.0000000 0.5779786 0.8186207 0.8922008 0.6498336 0.7515575 0.8574659 0.7367107 0.6895761 0.7730793 0.6901081 0.6168426 0.6404685 0.6099735 0.9086470 1.0163586 1.6478661 0.7225420 0.9418418 0.9221396 0.8148086 0.8246310 0.8636278 1.2378263 0.8844512 1.3408875 1.0236868 1.1763134 1.0414805 0.9039263 0.8837349 0.8197146 1.1003142 0.7872828 1.0028602 0.9849755 1.2749052 1.0276799 0.8962323 0.8830229 0.8830229 0.9531893 1.0359172 1.2944059 1.2933982 1.1649611 1.2053129 1.1346480 1.2938243 1.5303487 0.8062832 1.1750554 1.5023664 1.5245310 1.5287676 1.5287676 1.0841180 1.2414927 1.9339987 2.0300798 1.1561884 
Plespi_Pspi_scaffold19290_01                           0.7310002 0.5684383 0.7064317 0.6579125 0.6069351 0.7310829 0.7760495 0.5779786 0.0000000 0.6425132 0.6881005 0.5400925 0.7276356 0.7623207 0.5999862 0.5653314 0.6265937 0.8054373 0.6249912 0.6935936 0.6512794 0.8995749 0.9674852 1.1234515 0.5193567 0.7250941 0.8415648 0.8581546 0.8427760 1.0993274 1.2657555 1.1157453 1.4184510 1.0964225 1.2012444 0.9499632 0.8246929 0.8099223 0.8448531 1.0021841 0.9519686 1.1136333 1.2091181 1.2553759 0.9829596 0.8311952 0.8693401 0.8693401 0.8735540 0.9418683 1.5188503 1.3699927 1.1171683 1.3128242 1.4126379 1.4432085 1.6080917 1.2421602 1.1473086 1.3265347 1.2806119 1.3648635 1.3648635 1.2252920 1.9555461 1.7673185 1.6149746 1.1832091 
Scil_scict006525.1                                     0.6964435 0.6874563 0.6634024 0.6059273 0.5599482 0.7117371 0.7480952 0.8186207 0.6425132 0.0000000 0.2297000 0.4542144 0.8472496 0.7320430 0.6328007 0.7019776 0.7954040 0.8343458 0.7594794 0.7742399 0.8544444 0.9725944 0.9761608 1.0900592 0.7210410 0.2392397 0.8026603 0.7510765 0.8661608 1.1299160 1.1359673 0.9119511 0.9896744 0.9860621 1.0239985 0.9481206 0.8747460 0.7403645 0.9307724 1.0595763 1.0105511 1.0350007 1.2488841 1.1994091 0.8599610 0.7368305 0.8785444 0.8785444 0.9822875 0.9544095 1.6598586 1.6076109 1.3136735 1.5151595 1.4087275 1.4375239 1.4934748 1.3711073 1.1923611 1.4851880 1.4494425 1.4298411 1.4298411 1.3965844 1.5351864 1.7606631 2.4176556 1.1992970 
Lcom_lcpid79297                                        0.7229887 0.6905386 0.7017222 0.6189283 0.5749992 0.7132497 0.7658638 0.8922008 0.6881005 0.2297000 0.0000000 0.5018613 0.8243808 0.7917377 0.6809907 0.7062868 0.8307305 0.8288982 0.7753538 0.7165916 0.8669784 0.9678976 1.0512225 1.0586038 0.5369592 0.3194434 0.8325445 0.7083870 0.8947630 1.0788163 1.0845501 0.9801132 1.1611305 1.0107522 0.9893743 1.0102478 0.9290554 0.8309647 1.0326742 1.0967990 1.0636667 1.0304230 1.3222982 1.2641243 0.8575997 0.8068243 0.8562481 0.8562481 0.9695472 0.9097596 1.5473066 1.4946621 1.3071078 1.6946403 1.3981666 1.4012298 1.5444488 1.4178498 1.1713794 1.3178338 1.3186994 1.3260362 1.3260362 1.3322097 1.6684823 1.7232246 2.2609347 1.2724144 
Clacor_Ccor_C531501_01                                 0.6528695 0.5081847 0.5553176 0.6078800 0.5584260 0.6263184 0.6277480 0.6498336 0.5400925 0.4542144 0.5018613 0.0000000 0.7515578 0.6645928 0.6219988 0.6592154 0.7417298 0.7138204 0.5682602 0.5620596 0.6757533 0.8222469 0.9558341 1.1432908 0.5854124 0.6263211 0.7830730 0.7304609 0.8141802 0.9573689 1.0016488 0.9190913 1.1018251 0.9012590 0.9499021 0.9825671 0.8548520 0.7946472 0.8881671 0.9562291 0.8743415 0.9431559 1.1391686 1.3642579 0.7643707 0.7309696 0.8778849 0.8778849 0.9575259 0.9335626 1.4212796 1.4176390 1.1571281 1.6189303 1.3787996 1.4240988 1.4539834 0.9228899 1.0848177 1.3201778 1.3072440 1.3567626 1.3567626 1.0072919 1.4572516 1.5422960 1.9454472 1.2452422 
Cgig_XM_011432970.3                                    0.6870776 0.5739296 0.6827620 0.6744023 0.6324989 0.8351926 0.7380610 0.7515575 0.7276356 0.8472496 0.8243808 0.7515578 0.0000000 0.5614534 0.8148345 0.8079433 0.7825487 0.7635782 0.7064468 0.7408330 0.6774971 0.8348354 0.9487894 1.0843061 0.7515199 0.9069560 0.9329304 0.8789567 0.8696769 1.0575089 1.0733903 1.3898631 1.4539282 1.2256461 1.3423862 1.1087168 1.0277676 0.7521849 0.8479061 0.8236040 1.0651386 1.1292254 1.2054555 1.3879447 1.1287907 0.9411434 0.9268413 0.9268413 0.9063317 0.8506303 1.5526812 1.5235043 1.1518247 1.2296017 1.3079822 1.2595161 1.4442872 1.3244658 1.3249232 1.3308483 1.3667863 1.3691835 1.3691835 1.1328715 1.9027253 1.9018913 1.8207773 1.2042405 
Ctel_gnl_WGS_AMQN_CAPTEDRAFT_mRNA18667                 0.6747584 0.6173109 0.5703979 0.7051221 0.6557647 0.7355349 0.7287517 0.8574659 0.7623207 0.7320430 0.7917377 0.6645928 0.5614534 0.0000000 0.8071818 0.8358294 0.8430569 0.7332972 0.7109070 0.7399609 0.7280173 0.8769494 1.0131656 1.0653186 0.7475869 0.8550139 0.9356485 0.8427296 0.8229591 1.1177510 1.1447396 1.1229241 1.2702384 1.0206274 1.1171762 1.0300395 0.8710162 0.9655438 0.8016016 0.8099713 0.8974881 1.1103394 1.2301575 1.2246369 1.0641800 1.0042662 0.8591594 0.8591594 0.9059815 0.8561033 1.5378569 1.4769058 1.2589702 1.5177421 1.3478070 1.3265038 1.3314324 1.4403225 1.3532487 1.3300691 1.3370662 1.3488556 1.3488556 1.1010942 1.5636203 1.6628113 2.0717545 1.5878232 
Aque_Aqu2.1.31422_001                                  0.8100204 0.7819534 0.7140576 0.7113899 0.6672632 0.8472875 0.7855514 0.7367107 0.5999862 0.6328007 0.6809907 0.6219988 0.8148345 0.8071818 0.0000000 0.2687478 0.4883041 0.8057722 0.7031308 0.7381540 0.7742678 0.8836678 0.9881862 1.0256461 0.7450530 0.7101362 0.8427534 0.8689940 0.9158414 1.1383834 1.1987029 1.0785201 1.3620288 1.0978498 1.1188119 1.0112478 0.9166598 0.8713171 0.9606590 1.1249855 0.9588072 1.0745716 1.2709480 1.2021781 0.9809613 0.8840507 0.8246306 0.8246306 0.8640197 1.0396726 1.7036025 1.6896183 1.2741002 1.7383114 1.5390604 1.4290943 1.4485620 1.5136695 1.2121154 1.5725545 1.5927823 1.5827632 1.5827632 1.4184973 1.9035220 1.8857255 1.9790016 1.3761563 
Halamb_c44688_g1_i1mm.1509                             0.8108685 0.7214976 0.7030158 0.6733706 0.6324577 0.8158249 0.8105011 0.6895761 0.5653314 0.7019776 0.7062868 0.6592154 0.8079433 0.8358294 0.2687478 0.0000000 0.4607002 0.7885271 0.6812103 0.7178892 0.7423317 0.8606565 1.0029075 1.1007929 0.6462489 0.7320581 0.8911164 0.8297906 0.8698769 1.0556662 1.1503962 1.0602764 1.3276194 1.0305326 1.0712352 0.9928397 0.7299530 0.8404513 0.9015611 1.1177018 0.8448012 1.0544548 1.1720983 1.1681302 0.8931305 0.9009784 0.8267141 0.8267141 0.8900852 0.9754876 1.6268036 1.5814158 1.2090544 1.2301884 1.3900520 1.3111047 1.4593413 1.3694132 1.2251661 1.4991026 1.5012560 1.4974016 1.4974016 1.3175263 1.8867367 1.8385920 1.8906286 1.2505661 
Xestes_maker-XT_scaffold1048-augustus-gene-0.10-mRNA-1 0.8026874 0.7426945 0.7561734 0.7657501 0.7121767 0.8460098 0.9121420 0.7730793 0.6265937 0.7954040 0.8307305 0.7417298 0.7825487 0.8430569 0.4883041 0.4607002 0.0000000 0.9986981 0.8519846 0.9172571 0.9340618 1.0740949 1.1907472 1.3584020 0.6860678 0.8328663 0.9605128 0.9119293 1.0418594 1.2092253 1.3038146 1.2821958 1.4537208 1.1869808 1.2827919 1.1040213 0.9964260 0.9786454 1.0165017 1.1117071 1.1322452 1.2734986 1.3998631 1.2852332 1.1502277 1.0657165 0.8495639 0.8495639 0.8717809 1.0518912 1.7367610 1.7116637 1.3273216 1.4866100 1.5811006 1.3529092 1.5433815 1.6430511 1.4321894 1.4793667 1.4831633 1.4756817 1.4756817 1.3669467 2.1671875 1.9356026 2.1807290 1.3727822 
Exapal_XM_021045439.2                                  0.8699987 0.7761368 0.6398574 0.6996224 0.6425172 0.7379194 0.8528069 0.6901081 0.8054373 0.8343458 0.8288982 0.7138204 0.7635782 0.7332972 0.8057722 0.7885271 0.9986981 0.0000000 0.4980586 0.4705626 0.4934009 0.7240140 0.7442749 0.5053086 0.7905031 1.0564066 1.0441904 0.8871638 0.7910795 1.0117090 1.3335621 1.1281343 1.3810241 1.0424940 1.1613219 0.9707522 0.9157462 0.8990901 0.9572786 1.1283998 0.8287117 1.0092435 1.1207951 1.2454490 1.0313109 0.8822362 0.6698223 0.6698223 0.7596574 0.9607849 1.7749214 1.7247948 1.2482255 1.4378952 1.3480323 1.3349707 1.3407245 1.1579601 1.4030078 1.2944181 1.3118613 1.3287444 1.3287444 1.3327833 1.8289108 1.9460146 1.5462420 1.3702764 
Adig_XM_015891736.1                                    0.7410519 0.6455677 0.5788238 0.5824945 0.5490846 0.6470824 0.7823910 0.6168426 0.6249912 0.7594794 0.7753538 0.5682602 0.7064468 0.7109070 0.7031308 0.6812103 0.8519846 0.4980586 0.0000000 0.1599956 0.2822187 0.4384308 0.4642535 0.7635403 0.7523771 0.9182039 0.9740613 0.8124787 0.7278282 1.0178091 1.2360461 0.9244953 1.1740173 1.0106952 1.1433519 0.9770465 1.0028738 0.8044224 0.8911620 1.0303555 0.7483936 1.0102634 1.0786965 1.0840001 0.9776313 0.7585614 0.7468993 0.7468993 0.8499624 0.9537209 1.6579972 1.5626876 1.1557252 1.4230540 1.3152505 1.5088574 1.4240610 0.5701147 1.1605822 1.4019872 1.3692656 1.3999159 1.3999159 1.2211054 1.7318987 1.8677984 1.3155158 1.1524680 
Gfas_gfas1.m1.12511.m1                                 0.7679733 0.6811886 0.5893046 0.6116338 0.5597518 0.6035304 0.7689251 0.6404685 0.6935936 0.7742399 0.7165916 0.5620596 0.7408330 0.7399609 0.7381540 0.7178892 0.9172571 0.4705626 0.1599956 0.0000000 0.2523847 0.3579700 0.4048532 0.7182603 0.7968163 0.9211959 0.8926796 0.7981929 0.7603161 0.9737414 1.2695419 1.0493367 1.2210178 1.0495138 1.1012000 0.9965826 0.9191688 0.8730239 0.8954368 0.9981916 0.7145161 0.9611877 1.0414494 1.1390877 0.8917913 0.7953986 0.7382507 0.7382507 0.7892273 0.9528107 1.5632527 1.5072329 1.2137139 1.4766608 1.2214172 1.4172410 1.3258668 0.7085518 1.0657302 1.2563431 1.2502703 1.2773646 1.2773646 1.2634151 1.7346799 1.9491362 1.3163799 1.1466111 
Spis_XP_022783786_1                                    0.8164019 0.6697026 0.5600881 0.6268192 0.5747351 0.6885293 0.7662972 0.6099735 0.6512794 0.8544444 0.8669784 0.6757533 0.6774971 0.7280173 0.7742678 0.7423317 0.9340618 0.4934009 0.2822187 0.2523847 0.0000000 0.2921679 0.3670579 0.7083430 0.7373221 1.0218494 1.0267147 0.8651497 0.7550225 1.0415013 1.2291718 1.0430295 1.3206047 1.0731126 1.1186203 1.0480814 1.0095841 0.9244782 0.8280326 1.0088676 0.7745137 1.0236032 1.1291193 1.1746009 1.0202999 0.8868365 0.8354337 0.8354337 0.8921429 0.9983167 1.5471759 1.5145480 1.3039163 1.5110373 1.3637691 1.4472703 1.5161950 0.9980448 1.1876486 1.3394716 1.3465378 1.3666369 1.3666369 1.2623363 1.8901361 1.8487379 0.8338496 1.1698946 
Fspp_ffun1.m4.5440.m1                                  1.0436189 0.8565685 0.7517300 0.8249395 0.7564764 0.8084740 1.0579198 0.9086470 0.8995749 0.9725944 0.9678976 0.8222469 0.8348354 0.8769494 0.8836678 0.8606565 1.0740949 0.7240140 0.4384308 0.3579700 0.2921679 0.0000000 0.4249526 0.7351009 0.7939561 1.2587107 1.1719988 1.0598584 0.9664893 1.2978669 1.4450221 0.9918974 1.4185998 1.2733727 1.3490771 1.1514834 1.4411182 1.2069475 1.0475600 1.2331186 1.0541282 1.2872306 1.4899325 1.4626254 1.2288698 1.1093806 0.9714311 0.9714311 1.1356348 1.2387251 1.8088860 1.7456689 1.5741586 1.5653653 1.5219498 1.5792288 1.7046132 1.4311094 1.2107908 1.6350528 1.6296343 1.6530844 1.6530844 1.4729417 3.2692049 2.3482972 1.0363996 1.7279434 
Gasp_gasp1.m3.1006.m1                                  1.0827144 0.9358868 0.8295156 0.9356621 0.8434201 0.9158306 1.0029253 1.0163586 0.9674852 0.9761608 1.0512225 0.9558341 0.9487894 1.0131656 0.9881862 1.0029075 1.1907472 0.7442749 0.4642535 0.4048532 0.3670579 0.4249526 0.0000000 0.8568989 0.7860678 1.0967801 1.2032287 1.1999923 1.1191512 1.5396021 1.5980412 1.5740749 1.4876825 1.3826970 1.4965817 1.3007300 1.0818635 1.0451594 1.1391925 1.3787798 1.1231735 1.3788090 1.5832471 1.5140926 1.3448911 1.1185704 1.0649280 1.0649280 1.2883226 1.2322175 1.8523797 1.7688006 1.6002507 2.5265710 1.7190126 1.8430711 1.8942660 0.9587074 1.6150473 1.7069836 1.7135261 1.7634568 1.7634568 1.7168987 2.1404472 2.4745200 1.1272426 1.3157254 
Nvec_v1g171543                                         1.3021910 1.2496101 0.8946238 0.8435040 0.8288234 0.9004011 1.4263989 1.6478661 1.1234515 1.0900592 1.0586038 1.1432908 1.0843061 1.0653186 1.0256461 1.1007929 1.3584020 0.5053086 0.7635403 0.7182603 0.7083430 0.7351009 0.8568989 0.0000000 0.8174618 0.9795395 1.2518646 1.2316598 0.9768117 1.5515619 1.7804466 1.6945748 1.4286742 1.4469907 1.3812798 0.9795649 1.4639130 1.2681634 1.4133366 1.4030300 1.5966022 1.5880847 1.8550345 1.6433068 1.4124392 1.3421195 0.8105255 0.8105255 0.9620346 1.2541259 2.4311346 2.3207577 1.7469819 0.0000010 1.8224324 1.9565256 1.8286055 2.5405861 2.2024032 1.3801017 1.3755133 1.3575833 1.3575833 3.3993734 2.1980791 2.5070183 0.6623888 1.4913049 
Tetwil_g9838.t1                                        0.9101422 0.6941646 0.5825416 0.5690880 0.5690880 0.6673771 0.8982625 0.7225420 0.5193567 0.7210410 0.5369592 0.5854124 0.7515199 0.7475869 0.7450530 0.6462489 0.6860678 0.7905031 0.7523771 0.7968163 0.7373221 0.7939561 0.7860678 0.8174618 0.0000000 0.6146363 0.9398241 0.7833381 1.0454269 1.6103858 1.1839895 1.1495805 1.2421281 1.1668631 1.1112262 0.9048899 1.0221926 0.6962651 0.9342545 0.9741004 1.3356610 1.3315640 1.7131256 1.4313339 0.9634089 1.0412226 0.8898065 0.8898065 1.0713768 1.0150760 2.2586732 2.1308887 1.2750421 6.2711666 1.5491475 1.6215441 1.7477106 2.0456113 1.5335268 1.1016833 1.1159942 1.0954554 1.0954554 1.9316807 1.7578560 1.9005412 0.6896652 0.8351658 
Leuniv_Lniv_scaffold7390_01                            0.8342699 0.7698836 0.7953351 0.7134556 0.6353658 0.7245731 0.9022198 0.9418418 0.7250941 0.2392397 0.3194434 0.6263211 0.9069560 0.8550139 0.7101362 0.7320581 0.8328663 1.0564066 0.9182039 0.9211959 1.0218494 1.2587107 1.0967801 0.9795395 0.6146363 0.0000000 0.9030877 0.8188816 1.0294734 1.5254084 1.2778004 1.3853704 1.1890489 1.2087834 1.1152633 1.2079673 0.9559371 0.8758394 1.0077859 1.2162338 1.2820243 1.2905730 1.6968002 1.4535429 1.0040389 0.9235491 0.9927613 0.9927613 1.1424988 0.8968243 1.5772996 1.4113677 1.2266066 1.7121612 1.3677724 1.3297883 1.5250619 1.7102190 1.7092267 1.3464589 1.3685688 1.3409059 1.3409059 1.9772855 1.4983438 1.9017422 1.5951965 0.9808469 
Salkve_EP00050_Salpingoeca_kvevrii_P022600             0.7175589 0.6758005 0.8081175 0.8591119 0.7942252 0.8647577 0.8158123 0.9221396 0.8415648 0.8026603 0.8325445 0.7830730 0.9329304 0.9356485 0.8427534 0.8911164 0.9605128 1.0441904 0.9740613 0.8926796 1.0267147 1.1719988 1.2032287 1.2518646 0.9398241 0.9030877 0.0000000 0.6356757 0.9238653 1.1995168 1.1936566 0.9603614 1.2181781 1.0808706 1.1766157 0.7916187 0.9391524 0.8603102 1.0347678 1.0873335 1.0766894 1.1990935 1.1991866 1.3418636 0.8891627 0.8277065 0.9274874 0.9274874 1.0189172 1.1748897 1.6285702 1.5164027 1.4382688 1.6947946 1.4628774 1.2940713 1.4799631 1.7987549 1.3803889 1.3322991 1.3303429 1.3334269 1.3334269 1.4112467 2.0137777 2.0475604 2.5320934 1.3791242 
Saldol_EP00054_Salpingoeca_dolichothecata_P015469      0.7009721 0.6948849 0.7221719 0.7639802 0.7197557 0.7873643 0.8060595 0.8148086 0.8581546 0.7510765 0.7083870 0.7304609 0.8789567 0.8427296 0.8689940 0.8297906 0.9119293 0.8871638 0.8124787 0.7981929 0.8651497 1.0598584 1.1999923 1.2316598 0.7833381 0.8188816 0.6356757 0.0000000 0.8894053 1.1869126 1.2632841 0.7732909 1.2111180 1.1598739 1.2346999 0.7838993 0.9035748 0.9484156 0.8608571 1.1828147 1.0620366 1.0962853 1.2228536 1.2808680 0.9170228 0.8477176 0.8576430 0.8576430 0.9262123 1.1804765 1.6102992 1.5012598 1.2503958 1.6437595 1.4020673 1.3772425 1.5429600 1.7211291 1.1695991 1.2823838 1.2529528 1.3243801 1.3243801 1.4240247 1.8950859 1.8495847 2.1932132 1.3431409 
Dgig_XM_028538939.1                                    0.8485468 0.6945039 0.6643712 0.7836381 0.7374669 0.7227626 0.8245205 0.8246310 0.8427760 0.8661608 0.8947630 0.8141802 0.8696769 0.8229591 0.9158414 0.8698769 1.0418594 0.7910795 0.7278282 0.7603161 0.7550225 0.9664893 1.1191512 0.9768117 1.0454269 1.0294734 0.9238653 0.8894053 0.0000000 0.4309012 1.2857263 0.9502537 1.2395475 1.0622435 1.1274707 1.0950630 0.9405943 0.8683775 0.9682813 1.1303601 1.0160827 1.0464132 1.3382387 1.3180890 0.9751763 1.0074434 0.9499882 0.9499882 1.0237657 0.9212184 1.8069744 1.7682938 1.4667236 1.6634894 1.7601847 1.4307253 1.6187075 1.3980746 1.2083551 1.3599093 1.3634751 1.3233517 1.3233517 1.3059274 1.8952899 1.7178707 2.3266990 1.3881280 
Xesp_007818-T1                                         1.1064017 0.9623816 0.9687525 1.0335014 0.9408232 1.0697597 1.1505262 0.8636278 1.0993274 1.1299160 1.0788163 0.9573689 1.0575089 1.1177510 1.1383834 1.0556662 1.2092253 1.0117090 1.0178091 0.9737414 1.0415013 1.2978669 1.5396021 1.5515619 1.6103858 1.5254084 1.1995168 1.1869126 0.4309012 0.0000000 1.4345046 1.2864112 1.4536278 1.3300476 1.4004100 1.2645878 0.9613308 1.0610972 1.3349895 1.4268321 1.1624647 1.4108256 1.3921999 1.6844942 1.3031414 1.0484353 1.2833918 1.2833918 1.1135276 1.1654961 2.0939468 2.0159259 1.6929419 1.7255624 1.7553571 1.5784944 1.6716927 1.7861178 1.5511660 1.6101277 1.5886994 1.6392613 1.6392613 1.4901775 1.8276614 2.2347578 2.2865999 1.3412243 
Mbre_EDQ88115                                          1.0410359 0.9966236 1.1674707 1.3641221 1.2834671 1.3155277 1.2542443 1.2378263 1.2657555 1.1359673 1.0845501 1.0016488 1.0733903 1.1447396 1.1987029 1.1503962 1.3038146 1.3335621 1.2360461 1.2695419 1.2291718 1.4450221 1.5980412 1.7804466 1.1839895 1.2778004 1.1936566 1.2632841 1.2857263 1.4345046 0.0000000 0.9518323 1.1145097 0.7424434 0.7876923 0.9313798 1.2657300 1.3189613 1.6113949 1.2934334 1.3523010 1.4772801 1.5400985 1.5691752 1.1000904 1.1314463 1.4095159 1.4095159 1.5201815 1.5061039 1.8961885 1.8456687 1.6550544 1.8629029 1.8819675 1.9109476 1.8609458 2.2617977 1.5610162 1.5799717 1.6140041 1.6306751 1.6306751 1.8647795 1.5845779 1.7547543 2.6293366 1.9355477 
Sros_EGD83378                                          0.9490521 0.9402680 0.9093769 1.2329842 1.1091014 1.1171332 1.1877593 0.8844512 1.1157453 0.9119511 0.9801132 0.9190913 1.3898631 1.1229241 1.0785201 1.0602764 1.2821958 1.1281343 0.9244953 1.0493367 1.0430295 0.9918974 1.5740749 1.6945748 1.1495805 1.3853704 0.9603614 0.7732909 0.9502537 1.2864112 0.9518323 0.0000000 0.4684142 0.6346448 0.7946907 0.4862064 0.9760105 1.2576518 1.3080915 1.3357276 0.9780350 1.1748205 1.3646095 1.0361441 1.0495403 0.7912938 1.0294605 1.0294605 0.8551449 1.4783942 2.4695725 2.4274453 1.8607190 1.6847523 1.9773845 1.9663181 1.7623503 2.3462289 1.0200378 1.8924133 1.8518961 1.8912201 1.8912201 1.5515204 1.7320106 1.7109887 6.8466638 2.1145477 
Microa_EP00043_Microstomoeca_roanoka_P009961           1.1916390 1.1754562 1.1465428 1.3149388 1.2256258 1.3089327 1.2371322 1.3408875 1.4184510 0.9896744 1.1611305 1.1018251 1.4539282 1.2702384 1.3620288 1.3276194 1.4537208 1.3810241 1.1740173 1.2210178 1.3206047 1.4185998 1.4876825 1.4286742 1.2421281 1.1890489 1.2181781 1.2111180 1.2395475 1.4536278 1.1145097 0.4684142 0.0000000 0.9440538 1.0056456 0.7429868 1.1852460 1.3722430 1.4709586 1.5706895 1.1837945 1.3216061 1.5023191 1.3611873 1.1305909 0.8645703 1.3106878 1.3106878 1.2681804 1.4836713 1.9955707 1.9025028 1.7512962 3.0200130 1.8601456 1.8163941 1.8003390 2.0547033 1.6273350 1.9205608 1.8719335 1.8719161 1.8719161 2.1713913 1.4265613 2.1751910 2.5050237 1.9215815 
Choper_EP00045_Choanoeca_perplexa_P001201              1.0451161 0.9317804 0.9765143 1.1786968 1.1093357 1.2176506 1.1792346 1.0236868 1.0964225 0.9860621 1.0107522 0.9012590 1.2256461 1.0206274 1.0978498 1.0305326 1.1869808 1.0424940 1.0106952 1.0495138 1.0731126 1.2733727 1.3826970 1.4469907 1.1668631 1.2087834 1.0808706 1.1598739 1.0622435 1.3300476 0.7424434 0.6346448 0.9440538 0.0000000 0.3930710 0.8086000 1.0380589 1.1708486 1.3120011 1.2522383 1.0979427 1.2114655 1.3151635 1.4177126 0.8841143 0.9618066 1.1035999 1.1035999 1.2017011 1.3350334 1.5809219 1.5287867 1.3943831 1.7047579 1.5885165 1.5954329 1.5824536 2.1226686 1.3782672 1.5795810 1.5615243 1.5994923 1.5994923 1.7766324 1.5713960 1.7410897 2.6102465 1.7468649 
Chofle_EP00730_Choanoeca_flexa_P013753                 1.0591476 1.0180692 1.0461216 1.2095616 1.1523957 1.2719174 1.2476314 1.1763134 1.2012444 1.0239985 0.9893743 0.9499021 1.3423862 1.1171762 1.1188119 1.0712352 1.2827919 1.1613219 1.1433519 1.1012000 1.1186203 1.3490771 1.4965817 1.3812798 1.1112262 1.1152633 1.1766157 1.2346999 1.1274707 1.4004100 0.7876923 0.7946907 1.0056456 0.3930710 0.0000000 0.9452374 1.3053282 1.3254933 1.4599794 1.4123152 1.1605047 1.2230595 1.3444451 1.4919460 0.9424647 1.0760906 1.1712273 1.1712273 1.2100522 1.4461695 1.7492559 1.6396497 1.5413372 1.9728893 1.7297035 1.6983688 1.6530969 2.2870079 1.4675294 1.4469325 1.4759989 1.5224077 1.5224077 1.8506332 1.7803358 1.8533244 2.3157887 1.8369112 
Salinf_EP00049_Salpingoeca_infusionum_P017861          0.8965736 0.8617456 0.8997707 1.0750234 1.0419331 1.0089749 1.0130841 1.0414805 0.9499632 0.9481206 1.0102478 0.9825671 1.1087168 1.0300395 1.0112478 0.9928397 1.1040213 0.9707522 0.9770465 0.9965826 1.0480814 1.1514834 1.3007300 0.9795649 0.9048899 1.2079673 0.7916187 0.7838993 1.0950630 1.2645878 0.9313798 0.4862064 0.7429868 0.8086000 0.9452374 0.0000000 1.1913483 1.3006598 1.0651349 0.9590244 1.0556248 1.1524819 1.2909871 1.0860641 1.0450372 0.9184929 1.0048570 1.0048570 1.0504042 1.2430493 1.4558238 1.4027681 1.2705795 1.4307048 1.3172206 1.4225607 1.4315553 1.7411337 1.2449918 1.4047134 1.3791037 1.3647797 1.3647797 1.6578941 1.8699994 1.6685823 2.0876010 1.8367691 
Eupdun_Edun_sb10602228                                 1.0377104 0.8848824 0.8576847 0.9347934 0.8730157 0.8990622 0.8455622 0.9039263 0.8246929 0.8747460 0.9290554 0.8548520 1.0277676 0.8710162 0.9166598 0.7299530 0.9964260 0.9157462 1.0028738 0.9191688 1.0095841 1.4411182 1.0818635 1.4639130 1.0221926 0.9559371 0.9391524 0.9035748 0.9405943 0.9613308 1.2657300 0.9760105 1.1852460 1.0380589 1.3053282 1.1913483 0.0000000 0.8821367 0.9562223 0.9593093 1.0546480 1.1802353 1.1341258 1.4732460 1.0950726 1.1870858 1.0594125 1.0594125 1.0137720 0.9834711 1.1198413 1.0753190 0.8801974 0.6385645 0.9896016 0.9579980 1.1243517 1.2269138 1.4368436 1.6837616 1.7095787 1.7136377 1.7136377 1.3052103 1.4136081 2.2650122 1.9924102 0.9508134 
Spolac_c103544_g1_i1_m.34783c103544-g1                 0.8984006 0.7751735 0.7730899 0.8088363 0.7566755 0.8477419 0.8205214 0.8837349 0.8099223 0.7403645 0.8309647 0.7946472 0.7521849 0.9655438 0.8713171 0.8404513 0.9786454 0.8990901 0.8044224 0.8730239 0.9244782 1.2069475 1.0451594 1.2681634 0.6962651 0.8758394 0.8603102 0.9484156 0.8683775 1.0610972 1.3189613 1.2576518 1.3722430 1.1708486 1.3254933 1.3006598 0.8821367 0.0000000 1.1126291 1.2799741 1.1119481 1.1374082 1.2144365 1.3617284 1.0050900 0.9739499 1.0554003 1.0554003 1.0957011 1.0436843 1.9135725 1.9047090 1.4613496 1.5367293 1.6882943 1.6724047 1.5733094 1.4909706 1.2771414 1.6020491 1.6031435 1.6422813 1.6422813 1.4163964 1.7215170 1.9023908 2.4916088 0.6003982 
Dpul_mRNA24299                                         0.9487460 0.7994117 0.7738996 0.9093491 0.8452215 0.9253705 0.8657400 0.8197146 0.8448531 0.9307724 1.0326742 0.8881671 0.8479061 0.8016016 0.9606590 0.9015611 1.0165017 0.9572786 0.8911620 0.8954368 0.8280326 1.0475600 1.1391925 1.4133366 0.9342545 1.0077859 1.0347678 0.8608571 0.9682813 1.3349895 1.6113949 1.3080915 1.4709586 1.3120011 1.4599794 1.0651349 0.9562223 1.1126291 0.0000000 0.9025777 1.0681628 1.0969847 1.2426851 1.3823644 1.1683961 1.0894301 0.9800526 0.9800526 1.0101892 0.8961598 1.5986393 1.5305297 1.4103478 1.7133692 1.4517151 1.5208317 1.4706021 1.6100637 1.4529355 1.5960554 1.5735151 1.5821316 1.5821316 1.3955824 1.5709447 1.9469924 2.0274292 1.4878147 
Tcas_TC009997_001                                      1.0586234 0.8703141 0.9229859 1.0752177 0.9896716 1.0456887 1.1008798 1.1003142 1.0021841 1.0595763 1.0967990 0.9562291 0.8236040 0.8099713 1.1249855 1.1177018 1.1117071 1.1283998 1.0303555 0.9981916 1.0088676 1.2331186 1.3787798 1.4030300 0.9741004 1.2162338 1.0873335 1.1828147 1.1303601 1.4268321 1.2934334 1.3357276 1.5706895 1.2522383 1.4123152 0.9590244 0.9593093 1.2799741 0.9025777 0.0000000 1.1242109 1.2809814 1.4942146 1.3336549 1.3327229 1.1512960 1.2629117 1.2629117 1.1615603 0.9866049 1.6193637 1.5766574 1.3226674 1.5410449 1.4079086 1.3763094 1.4175358 1.7768809 1.3231330 1.4975072 1.5421234 1.5991219 1.5991219 1.5778756 1.8491710 2.1085926 1.9531170 1.6759654 
Aaur_scaffold585.g20.t1                                0.9304097 0.8707966 0.8515386 0.9157802 0.8473543 0.8845764 0.8641576 0.7872828 0.9519686 1.0105511 1.0636667 0.8743415 1.0651386 0.8974881 0.9588072 0.8448012 1.1322452 0.8287117 0.7483936 0.7145161 0.7745137 1.0541282 1.1231735 1.5966022 1.3356610 1.2820243 1.0766894 1.0620366 1.0160827 1.1624647 1.3523010 0.9780350 1.1837945 1.0979427 1.1605047 1.0556248 1.0546480 1.1119481 1.0681628 1.1242109 0.0000000 0.5309133 0.6090135 0.8003711 0.9454658 0.8169511 1.0143982 1.0143982 1.0376783 1.1572547 1.3657737 1.4233334 1.2518991 1.3412841 1.1204926 1.3358232 1.3546331 1.2953344 1.1501431 1.7917690 1.7722133 1.7718585 1.7718585 1.3723815 1.3626703 1.7003715 2.2603818 1.5946339 
Nemnom_g5378.t1                                        1.0355781 0.9847902 0.9486650 0.9820275 0.8955222 1.0334625 1.1305952 1.0028602 1.1136333 1.0350007 1.0304230 0.9431559 1.1292254 1.1103394 1.0745716 1.0544548 1.2734986 1.0092435 1.0102634 0.9611877 1.0236032 1.2872306 1.3788090 1.5880847 1.3315640 1.2905730 1.1990935 1.0962853 1.0464132 1.4108256 1.4772801 1.1748205 1.3216061 1.2114655 1.2230595 1.1524819 1.1802353 1.1374082 1.0969847 1.2809814 0.5309133 0.0000000 0.3191389 0.8880257 1.0690670 0.9352973 1.1253026 1.1253026 1.1188629 1.3667181 1.7558774 1.6454708 1.5059269 1.6020572 1.3789479 1.4275975 1.5863815 1.9884877 1.2135536 1.7881274 1.7519526 1.8914834 1.8914834 1.7001480 1.8067809 1.7741718 2.5611210 1.5383289 
Rhoesc_Res_015654-T1                                   1.1291217 1.0770605 1.1579043 1.1610622 1.0917809 1.1677695 1.1460063 0.9849755 1.2091181 1.2488841 1.3222982 1.1391686 1.2054555 1.2301575 1.2709480 1.1720983 1.3998631 1.1207951 1.0786965 1.0414494 1.1291193 1.4899325 1.5832471 1.8550345 1.7131256 1.6968002 1.1991866 1.2228536 1.3382387 1.3921999 1.5400985 1.3646095 1.5023191 1.3151635 1.3444451 1.2909871 1.1341258 1.2144365 1.2426851 1.4942146 0.6090135 0.3191389 0.0000000 1.0533420 1.3720777 1.1134155 1.3015889 1.3015889 1.1194450 1.4622687 1.6537760 1.6733487 1.6276883 1.5983507 1.5725843 1.5588777 1.6270895 1.7028118 1.2913658 2.0484608 1.9786621 2.0300096 2.0300096 1.4713591 1.5941849 1.9830015 2.7448381 1.5376411 
Sanmal_Sma_021951-T1                                   1.2103266 1.2119197 1.1961281 1.2445907 1.1430057 1.3103371 1.3063633 1.2749052 1.2553759 1.1994091 1.2641243 1.3642579 1.3879447 1.2246369 1.2021781 1.1681302 1.2852332 1.2454490 1.0840001 1.1390877 1.1746009 1.4626254 1.5140926 1.6433068 1.4313339 1.4535429 1.3418636 1.2808680 1.3180890 1.6844942 1.5691752 1.0361441 1.3611873 1.4177126 1.4919460 1.0860641 1.4732460 1.3617284 1.3823644 1.3336549 0.8003711 0.8880257 1.0533420 0.0000000 1.2715551 1.2027714 1.3161606 1.3161606 1.4107908 1.4796085 1.8924478 1.7693808 1.5564525 1.5760729 1.5552513 1.6655946 1.6028006 2.2062246 1.2467732 1.9744405 1.9033568 1.9752316 1.9752316 2.2478694 2.1199298 1.6426318 2.9591302 1.9430086 
Salmac_EP00052_Salpingoeca_macrocollata_P023291        0.9541698 0.9288812 0.9259672 1.0220744 0.9448104 0.9780204 0.9416005 1.0276799 0.9829596 0.8599610 0.8575997 0.7643707 1.1287907 1.0641800 0.9809613 0.8931305 1.1502277 1.0313109 0.9776313 0.8917913 1.0202999 1.2288698 1.3448911 1.4124392 0.9634089 1.0040389 0.8891627 0.9170228 0.9751763 1.3031414 1.1000904 1.0495403 1.1305909 0.8841143 0.9424647 1.0450372 1.0950726 1.0050900 1.1683961 1.3327229 0.9454658 1.0690670 1.3720777 1.2715551 0.0000000 0.7239889 1.0715202 1.0715202 1.1264147 1.1845891 1.7899458 1.6730340 1.4590756 2.0698711 1.5244840 1.5409927 1.5085111 1.9068633 1.4151883 1.5268535 1.5183725 1.6070013 1.6070013 1.7035147 1.7651472 1.6722538 2.4822413 1.6713850 
Salpun_EP00053_Salpingoeca_punica_P009657              0.7479985 0.7318615 0.7455417 0.8111890 0.7561151 0.8821619 0.8565721 0.8962323 0.8311952 0.7368305 0.8068243 0.7309696 0.9411434 1.0042662 0.8840507 0.9009784 1.0657165 0.8822362 0.7585614 0.7953986 0.8868365 1.1093806 1.1185704 1.3421195 1.0412226 0.9235491 0.8277065 0.8477176 1.0074434 1.0484353 1.1314463 0.7912938 0.8645703 0.9618066 1.0760906 0.9184929 1.1870858 0.9739499 1.0894301 1.1512960 0.8169511 0.9352973 1.1134155 1.2027714 0.7239889 0.0000000 1.1613562 1.1613562 1.1147653 1.1546222 1.5819600 1.5829550 1.6055600 1.9394743 1.4760812 1.4359961 1.4376197 1.2652774 1.2493576 1.5340139 1.5073596 1.5824541 1.5824541 1.5645532 1.7134438 1.7682730 2.3284302 1.4811692 
Tadh_TriadT20853                                       0.8445529 0.8370259 0.7864301 0.8783327 0.8158629 0.8384879 0.8121103 0.8830229 0.8693401 0.8785444 0.8562481 0.8778849 0.9268413 0.8591594 0.8246306 0.8267141 0.8495639 0.6698223 0.7468993 0.7382507 0.8354337 0.9714311 1.0649280 0.8105255 0.8898065 0.9927613 0.9274874 0.8576430 0.9499882 1.2833918 1.4095159 1.0294605 1.3106878 1.1035999 1.1712273 1.0048570 1.0594125 1.0554003 0.9800526 1.2629117 1.0143982 1.1253026 1.3015889 1.3161606 1.0715202 1.1613562 0.0000000 0.0000010 0.2109988 1.0060694 1.8059771 1.7875799 1.2804983 1.5498322 1.3666378 1.4596618 1.4178649 1.5304822 1.3956379 1.3827607 1.3612090 1.3215623 1.3215623 1.3686415 1.8895964 1.8394397 2.2691135 1.4679157 
TrH2_TrispH2_003490-RA                                 0.8445529 0.8370259 0.7864301 0.8783327 0.8158629 0.8384879 0.8121103 0.8830229 0.8693401 0.8785444 0.8562481 0.8778849 0.9268413 0.8591594 0.8246306 0.8267141 0.8495639 0.6698223 0.7468993 0.7382507 0.8354337 0.9714311 1.0649280 0.8105255 0.8898065 0.9927613 0.9274874 0.8576430 0.9499882 1.2833918 1.4095159 1.0294605 1.3106878 1.1035999 1.1712273 1.0048570 1.0594125 1.0554003 0.9800526 1.2629117 1.0143982 1.1253026 1.3015889 1.3161606 1.0715202 1.1613562 0.0000010 0.0000000 0.2109988 1.0060694 1.8059771 1.7875799 1.2804983 1.5498322 1.3666378 1.4596618 1.4178649 1.5304822 1.3956379 1.3827607 1.3612090 1.3215623 1.3215623 1.3686415 1.8895964 1.8394397 2.2691135 1.4679157 
HoiH11_mRNA6593                                        0.8616036 0.8506911 0.7844639 0.9240295 0.8517074 0.8079345 0.7996311 0.9531893 0.8735540 0.9822875 0.9695472 0.9575259 0.9063317 0.9059815 0.8640197 0.8900852 0.8717809 0.7596574 0.8499624 0.7892273 0.8921429 1.1356348 1.2883226 0.9620346 1.0713768 1.1424988 1.0189172 0.9262123 1.0237657 1.1135276 1.5201815 0.8551449 1.2681804 1.2017011 1.2100522 1.0504042 1.0137720 1.0957011 1.0101892 1.1615603 1.0376783 1.1188629 1.1194450 1.4107908 1.1264147 1.1147653 0.2109988 0.2109988 0.0000000 1.0562646 1.5310809 1.5789859 1.2207482 1.5850479 1.2710057 1.3651092 1.4319429 1.3205200 1.4065162 1.4010907 1.3532951 1.3353330 1.3353330 1.1791822 1.9663594 1.9540013 2.3369994 1.4691690 
Cscu_XM_023374143.1                                    0.9176059 0.8175583 0.8755302 0.9588174 0.8644648 0.8788647 0.8656480 1.0359172 0.9418683 0.9544095 0.9097596 0.9335626 0.8506303 0.8561033 1.0396726 0.9754876 1.0518912 0.9607849 0.9537209 0.9528107 0.9983167 1.2387251 1.2322175 1.2541259 1.0150760 0.8968243 1.1748897 1.1804765 0.9212184 1.1654961 1.5061039 1.4783942 1.4836713 1.3350334 1.4461695 1.2430493 0.9834711 1.0436843 0.8961598 0.9866049 1.1572547 1.3667181 1.4622687 1.4796085 1.1845891 1.1546222 1.0060694 1.0060694 1.0562646 0.0000000 1.4681054 1.3927218 1.3587974 1.5399490 1.3142171 1.5489052 1.5911115 1.7730441 1.4260086 1.3534055 1.3540512 1.3637015 1.3637015 1.4858051 1.8172296 2.0285342 1.9810991 1.6508560 
Pbac_sb2649624                                         1.4751132 1.4668981 1.5003579 1.7668517 1.6085817 1.6634330 1.5541842 1.2944059 1.5188503 1.6598586 1.5473066 1.4212796 1.5526812 1.5378569 1.7036025 1.6268036 1.7367610 1.7749214 1.6579972 1.5632527 1.5471759 1.8088860 1.8523797 2.4311346 2.2586732 1.5772996 1.6285702 1.6102992 1.8069744 2.0939468 1.8961885 2.4695725 1.9955707 1.5809219 1.7492559 1.4558238 1.1198413 1.9135725 1.5986393 1.6193637 1.3657737 1.7558774 1.6537760 1.8924478 1.7899458 1.5819600 1.8059771 1.8059771 1.5310809 1.4681054 0.0000000 0.0750785 1.0596633 1.0167882 1.0096422 1.0887547 1.1895571 2.2517529 1.8859153 1.8332911 1.8402144 1.9383309 1.9383309 2.2867606 2.0514511 2.5856292 2.3234462 2.1696600 
Horcal_Hcv1.av93.c2.g1564.i1                           1.4024779 1.4668968 1.4962507 1.6405131 1.5561022 1.5854631 1.4573705 1.2933982 1.3699927 1.6076109 1.4946621 1.4176390 1.5235043 1.4769058 1.6896183 1.5814158 1.7116637 1.7247948 1.5626876 1.5072329 1.5145480 1.7456689 1.7688006 2.3207577 2.1308887 1.4113677 1.5164027 1.5012598 1.7682938 2.0159259 1.8456687 2.4274453 1.9025028 1.5287867 1.6396497 1.4027681 1.0753190 1.9047090 1.5305297 1.5766574 1.4233334 1.6454708 1.6733487 1.7693808 1.6730340 1.5829550 1.7875799 1.7875799 1.5789859 1.3927218 0.0750785 0.0000000 1.0519563 1.0217901 0.9414896 1.0229461 1.1625186 2.1931532 1.7450833 1.7877610 1.7540284 1.8004535 1.8004535 2.2256498 1.8916997 2.4363968 2.4321497 2.2608891 
Bolinf_Binf_sb1212518                                  1.4836137 1.2780082 1.2480373 1.3345521 1.2823422 1.2414248 1.3093430 1.1649611 1.1171683 1.3136735 1.3071078 1.1571281 1.1518247 1.2589702 1.2741002 1.2090544 1.3273216 1.2482255 1.1557252 1.2137139 1.3039163 1.5741586 1.6002507 1.7469819 1.2750421 1.2266066 1.4382688 1.2503958 1.4667236 1.6929419 1.6550544 1.8607190 1.7512962 1.3943831 1.5413372 1.2705795 0.8801974 1.4613496 1.4103478 1.3226674 1.2518991 1.5059269 1.6276883 1.5564525 1.4590756 1.6055600 1.2804983 1.2804983 1.2207482 1.3587974 1.0596633 1.0519563 0.0000000 0.4215670 0.6982940 0.8723167 1.0475656 1.8903574 1.5104106 1.8393135 1.8984234 1.9086148 1.9086148 1.8657681 1.6565962 1.9227983 2.0375285 1.9158993 
Mertsp_Mesp_sb610642                                   1.5625229 1.3221027 1.5761980 1.6832238 1.4958919 1.5890947 1.8240172 1.2053129 1.3128242 1.5151595 1.6946403 1.6189303 1.2296017 1.5177421 1.7383114 1.2301884 1.4866100 1.4378952 1.4230540 1.4766608 1.5110373 1.5653653 2.5265710 0.0000010 6.2711666 1.7121612 1.6947946 1.6437595 1.6634894 1.7255624 1.8629029 1.6847523 3.0200130 1.7047579 1.9728893 1.4307048 0.6385645 1.5367293 1.7133692 1.5410449 1.3412841 1.6020572 1.5983507 1.5760729 2.0698711 1.9394743 1.5498322 1.5498322 1.5850479 1.5399490 1.0167882 1.0217901 0.4215670 0.0000000 0.4172810 0.7995177 0.9255417 1.9171913 1.7178431 2.6983801 2.7501584 2.7725435 2.7725435 1.3486242 5.2556248 1.6829627 5.2258739 2.5942310 
