65
Hsap_ENST00000361256                                   0.0000000 0.8291791 1.2298883 1.1315200 1.3966094 1.0231987 1.1895661 1.1401715 1.1046880 1.3718558 0.8682527 1.1456403 1.0997521 1.1307619 1.0387873 1.2447045 1.1817942 1.3142079 1.3333662 0.8698887 0.9010298 0.9290984 1.0502764 1.2853450 1.2730772 1.4779732 1.2535184 1.2629275 1.2650036 1.1147782 0.9414016 1.2205275 1.2235599 1.6187236 1.4011685 1.4592215 1.7137488 1.5009690 1.6849463 1.7402458 1.5846967 1.6256444 1.6028268 1.6130742 1.6492742 1.5596183 1.1737418 1.5739021 1.2353198 1.2253406 1.3674858 1.0130505 1.2454007 1.0850054 1.3802491 1.4624982 1.5620650 1.7706177 1.6625098 1.7184634 1.8145450 2.1032931 1.8778698 1.4046214 3.6701192 
Bralan_BLAG08000397_1                                  0.8291791 0.0000000 1.1033969 0.9876469 1.2119877 0.8315120 1.1111408 1.0463372 0.9736227 1.2371300 0.7981017 1.0932461 1.1467543 1.0837266 0.8733658 1.0150808 0.8820542 1.0007862 1.1078500 0.8418597 0.9340825 1.0030441 0.9929361 1.2834060 1.2890013 1.5082865 1.3076987 1.2808064 1.2644737 0.9664917 1.0210626 1.2239287 1.2609594 1.6120805 1.2881582 1.4501137 1.7566825 1.5177864 1.7226450 1.7760864 1.4189636 1.6957522 1.7588601 1.4176737 1.6577374 1.4370070 1.0265397 1.5916708 1.2640023 1.2031936 1.3275478 1.0831480 1.2985588 1.1392351 1.2954472 1.3559414 1.6304398 1.7155621 1.6621540 2.0829323 1.9501608 2.1160783 1.9721727 1.4770030 3.0779461 
Exapal_XM_028657932.1                                  1.2298883 1.1033969 0.0000000 0.5250187 0.9860401 0.6781579 0.8344024 0.6825554 0.7656429 0.9094797 0.6882170 0.9319247 0.9430650 0.9516319 0.8197897 0.9835955 0.9939151 1.0494397 1.1523125 1.1364784 1.0885798 1.0057527 1.1036158 1.1368844 1.1451866 1.2829044 1.0704221 1.2259516 1.2351041 0.9581894 1.1713930 1.3776267 1.5616099 1.3590092 1.5102566 1.4212322 1.7507599 1.5258139 1.6736529 1.7141671 1.4026393 1.5211035 1.5129657 1.4036298 1.7207560 1.4127256 1.0743430 1.8088607 1.3071440 1.1906670 1.5914704 0.9815005 1.1266574 1.1165367 1.3785744 1.4073789 1.5785852 1.7648446 1.6504674 1.7090799 1.7296893 1.9161966 2.0254864 1.0886579 2.9648971 
Nvec_v1g121512                                         1.1315200 0.9876469 0.5250187 0.0000000 0.9198493 0.7037722 0.8096848 0.6816365 0.7068250 0.9472355 0.6110841 1.0281552 0.9984657 1.0140560 0.8369175 1.0383118 1.0676373 0.9565817 1.0980648 1.1637244 1.2397141 1.0784796 1.0871841 1.2342082 1.2428082 1.4188012 1.1369587 1.2135409 1.2042731 1.1012552 1.2300061 1.3767308 1.6124674 1.4931692 1.7381246 1.5383031 1.8261918 1.5508853 1.7875096 1.8518954 1.4881003 1.6215060 1.6542661 1.4346578 1.6980643 1.2818850 0.9636584 1.6170349 1.2188182 1.1634443 1.3127769 1.1057608 1.1236447 1.1785701 1.3414457 1.4666595 1.4198564 1.7536972 1.5679497 1.7721323 1.4965758 1.9857096 2.0135291 1.1553940 2.8619826 
Adig_XM_015902425.1                                    1.3966094 1.2119877 0.9860401 0.9198493 0.0000000 0.0602314 0.4679569 0.5123389 0.5364919 0.7458143 0.7458986 1.1011161 1.0839953 1.0659520 1.0099562 1.2212733 1.1573720 1.1932133 1.2974839 1.3559422 1.3561987 1.3313781 1.0252325 1.2777346 1.2972846 1.6016184 1.3428971 1.3206391 1.3156415 1.1287372 1.3629088 1.7183123 1.6008180 1.6203312 1.1847906 1.5893470 1.7417184 1.5894688 1.7791164 1.8750278 1.5188421 1.6653326 1.6427686 1.4816128 2.0029938 1.3243267 0.9746957 1.6869353 1.3246777 1.1896923 1.4440556 1.0315745 1.2129049 1.2373257 1.6230275 1.5930333 1.7131044 1.9135757 1.8483922 1.9021069 2.0036642 2.4215147 2.1530064 1.2261178 2.6875634 
Amil_Amillepora13471-RA                                1.0231987 0.8315120 0.6781579 0.7037722 0.0602314 0.0000000 0.2504575 0.3268444 0.3809019 0.4080829 0.5779309 0.7661711 0.7547657 0.7813968 0.8270302 1.0485130 0.9858983 0.8441739 0.8523738 0.9893920 0.9486993 0.9372837 1.0216639 0.8860842 0.8860842 1.1422653 0.9280103 0.9121125 0.9033971 0.9176660 0.9637520 1.2628090 1.1777539 1.0711364 1.1847906 1.1962003 1.3673901 1.1854164 1.3951984 1.4742366 1.1890927 1.2686942 1.2241125 1.2327662 1.2971183 1.0227633 0.7929424 1.2620458 0.9865808 0.9223846 1.2130615 1.0343896 0.9033894 0.9566824 1.4791605 1.4131770 1.2490844 1.6786320 1.5319674 1.4949746 1.4639976 1.9214893 1.6871889 0.7431861 1.6380882 
Gfas_gfas1.m1.5388.m1                                  1.1895661 1.1111408 0.8344024 0.8096848 0.4679569 0.2504575 0.0000000 0.2676940 0.3102814 0.4046579 0.3860813 0.8632417 0.9069818 0.9119415 0.8226145 1.0732222 1.0816953 1.0845642 1.1052764 1.3259013 1.0909075 1.1649645 1.1022725 1.2158857 1.2274907 1.2383330 1.2238955 1.2800924 1.2670359 1.0053581 1.2978989 1.5409522 1.5264323 1.4772846 1.2215463 1.3526793 1.4720238 1.3960302 1.3903268 1.4318383 1.2562427 1.6209053 1.5868753 1.1129036 1.1399796 1.2759922 0.7878037 1.6805234 1.2543030 1.0002695 1.3806204 1.0185121 1.2466466 1.2245198 1.4777582 1.6175642 1.5340694 1.8591955 1.6919437 1.8442835 1.9320103 2.2762084 1.9953201 1.1725333 3.7462228 
Gasp_gasp1.m3.6085.m1                                  1.1401715 1.0463372 0.6825554 0.6816365 0.5123389 0.3268444 0.2676940 0.0000000 0.2243257 0.3568139 0.2528233 0.8138270 0.8443728 0.7991526 0.7381940 0.9086819 0.7989501 0.8741386 0.9828579 1.1747802 1.0528441 1.0091790 0.9045651 1.1349724 1.1526160 1.3552996 1.0836688 1.1077940 1.0989528 0.9641178 1.1287356 1.4232609 1.4662123 1.2782801 1.2023017 1.2244882 1.5213742 1.3069308 1.4365869 1.5407889 1.1713203 1.4061290 1.3618139 1.1976561 1.3390349 1.0540123 0.8135547 1.4493187 1.0835291 0.9715790 1.3596754 0.9439211 1.0371109 1.1003754 1.3580018 1.3671071 1.4641446 1.5750148 1.5540369 1.6144229 1.5881269 2.1720364 1.7589504 1.0122400 2.2964322 
Spis_XP_022787876_1                                    1.1046880 0.9736227 0.7656429 0.7068250 0.5364919 0.3809019 0.3102814 0.2243257 0.0000000 0.1579092 0.3560114 0.7168294 0.7368444 0.7372449 0.7788586 0.9467205 0.9635135 0.8808563 1.0467172 1.1508155 0.9806611 0.9787113 0.9302336 1.0930685 1.0930685 1.3163303 1.0367853 1.0374492 1.0285629 0.9835904 1.1173588 1.3949035 1.3736616 1.2474836 1.2886742 1.1792582 1.4415000 1.2614104 1.4233874 1.4849214 1.2748289 1.3522261 1.3229740 1.1682374 1.2404692 1.0434804 0.8128981 1.4567975 1.0889855 0.9023983 1.4397889 0.9441762 1.0412699 1.0831975 1.4177308 1.3670445 1.3798139 1.6908934 1.5627926 1.5861405 1.5105830 1.9342759 1.7707164 0.9505763 2.2590882 
Pocdam_XM_027200682.1                                  1.3718558 1.2371300 0.9094797 0.9472355 0.7458143 0.4080829 0.4046579 0.3568139 0.1579092 0.0000000 0.3355202 0.8440806 0.9518459 0.9053952 0.6992866 1.0972019 0.9025096 1.1411848 1.0464358 1.3883265 1.3150279 0.9745896 0.5433689 1.4130643 1.4130643 1.6699224 1.2248235 1.2452446 1.2452446 0.9834905 1.6988197 1.7637377 1.7337651 1.5082741 1.6037715 1.3138486 1.3214313 1.2544136 1.3256578 1.3369242 1.1745028 1.6672997 1.3888454 1.4562558 1.7826545 1.0209661 0.6728131 1.3123355 1.1537079 0.8040594 3.1916306 1.4531749 1.4000987 1.2774638 1.2365987 1.2572921 1.6536282 1.5248389 1.3927899 1.6245262 1.8935168 2.1216696 1.8473401 1.2322428 2.1467872 
Fspp_ffun1.m4.34095.m1                                 0.8682527 0.7981017 0.6882170 0.6110841 0.7458986 0.5779309 0.3860813 0.2528233 0.3560114 0.3355202 0.0000000 0.6312484 0.7106391 0.7064375 0.7481835 0.9066527 0.9360248 0.7544121 0.6844598 0.9396667 0.8488296 0.7467688 1.2165229 0.8054837 0.8054837 1.0591365 0.7685706 0.7864782 0.7864782 0.8208038 0.8292967 1.3225509 1.2218994 0.9843592 1.5321398 1.0071356 1.1183730 1.0160632 1.0632360 1.0632360 1.0387064 1.1750606 1.1053565 1.1838598 1.0230592 1.1806429 0.7871303 1.3275214 0.8855037 0.8381276 1.1513080 1.1038984 0.9173713 0.9281108 1.3300563 1.4296657 1.2042902 1.6381089 1.4299628 1.3430634 1.2424594 1.6175075 1.4124069 0.8974111 1.7111070 
Aaur_scaffold549.g14.t1                                1.1456403 1.0932461 0.9319247 1.0281552 1.1011161 0.7661711 0.8632417 0.8138270 0.7168294 0.8440806 0.6312484 0.0000000 0.5918367 0.5851502 0.7638603 0.9396671 0.7656691 0.8508417 0.7306112 1.1168935 1.1479281 1.0630577 1.1176639 1.0929658 1.0910237 1.2679491 1.0191866 1.0863197 1.0813544 0.9394330 1.1803559 1.2866393 1.5189372 1.3306631 1.4342346 1.2086540 1.5087005 1.2820875 1.2580971 1.3260281 1.2257956 1.3003887 1.3888006 1.5027714 1.5444128 1.2697400 0.9950140 1.5418645 1.3198311 1.1740861 1.6954156 1.1519207 1.2747537 1.1979815 1.3800844 1.4533416 1.3593778 1.5843614 1.3116989 1.5228766 1.5016206 1.9930412 1.8058434 0.8429457 2.3627823 
Nemnom_g20033.t1                                       1.0997521 1.1467543 0.9430650 0.9984657 1.0839953 0.7547657 0.9069818 0.8443728 0.7368444 0.9518459 0.7106391 0.5918367 0.0000000 0.2118078 0.7778990 0.8529804 0.7115496 0.8847374 0.7712270 1.0778528 1.1176867 1.0283580 1.0689637 1.0147739 1.0244937 1.3358627 1.0427812 1.0216598 1.0374118 1.0029154 1.2053080 1.3126075 1.4090137 1.2761970 1.3817151 1.2309879 1.4453065 1.2457527 1.3246256 1.3734530 1.2441662 1.2871435 1.2047233 1.3179910 1.5290100 1.3656856 1.1539850 1.5931998 1.3722362 1.2383820 1.5087325 0.9804734 1.0247245 1.0470039 1.4550928 1.6566438 1.3182929 1.5824203 1.4259744 1.5386919 1.4097318 1.8448283 1.7628771 0.8807403 2.5750746 
Rhoesc_Res_009512-T1                                   1.1307619 1.0837266 0.9516319 1.0140560 1.0659520 0.7813968 0.9119415 0.7991526 0.7372449 0.9053952 0.7064375 0.5851502 0.2118078 0.0000000 0.7624186 0.8527454 0.7041760 0.8341402 0.7031341 0.9619848 1.1478028 1.0145854 1.1151083 1.0449599 1.0545642 1.2818104 0.9949084 1.0138819 0.9988526 0.9778120 1.2774016 1.2588346 1.3790132 1.3000717 1.4216952 1.2729431 1.4032088 1.2354652 1.3634831 1.4036854 1.2803570 1.3043405 1.2286957 1.3877473 1.4636938 1.3520990 1.1442302 1.5282113 1.3139971 1.2329581 1.6032383 0.9977174 1.0983642 1.1226794 1.3865928 1.6019360 1.2732956 1.5423593 1.3730282 1.5032359 1.5509325 1.7794555 1.7880314 0.8051904 3.0220356 
Dgig_XM_028539145.1                                    1.0387873 0.8733658 0.8197897 0.8369175 1.0099562 0.8270302 0.8226145 0.7381940 0.7788586 0.6992866 0.7481835 0.7638603 0.7778990 0.7624186 0.0000000 0.3954021 0.9359476 0.8413630 0.8058326 0.8799878 0.9618633 0.9031573 1.0069290 1.2158566 1.2126753 1.4444955 1.1575170 1.1610424 1.1511312 1.1674544 0.9945802 1.1330795 1.3285185 1.0509941 1.4820833 1.1374347 1.1520993 1.0801103 1.3324714 1.4041121 1.1390623 1.1146177 1.1576226 1.4270741 1.4876505 1.2109928 1.0377068 1.3441734 1.0784312 1.0106852 1.3619167 1.2064988 1.0448962 1.0556439 1.3052327 1.3478965 1.2996138 1.7925215 1.4827288 1.5586620 1.3808234 1.7694224 1.5468688 0.8243015 1.7654214 
Xesp_008774-T1                                         1.2447045 1.0150808 0.9835955 1.0383118 1.2212733 1.0485130 1.0732222 0.9086819 0.9467205 1.0972019 0.9066527 0.9396671 0.8529804 0.8527454 0.3954021 0.0000000 1.0465421 1.0424941 1.0218802 1.0180725 1.1353217 1.0716345 1.1227686 1.2899783 1.2899783 1.5882595 1.2087866 1.2345301 1.2234857 1.2623943 1.2106986 1.3838756 1.4491014 1.3163539 1.5339920 1.3256678 1.2264710 1.2355506 1.5009084 1.5713725 1.3698304 1.3266896 1.3426559 1.5098855 1.6185159 1.5138643 1.2426439 1.7556721 1.2594111 1.3263598 1.4285580 1.3733296 1.0608430 1.2202348 1.5526210 1.6202450 1.5208878 2.0238145 1.7584575 1.8009962 1.7294477 2.2267053 1.8388838 1.0042017 2.0834584 
Hvul_g18778_1                                          1.1817942 0.8820542 0.9939151 1.0676373 1.1573720 0.9858983 1.0816953 0.7989501 0.9635135 0.9025096 0.9360248 0.7656691 0.7115496 0.7041760 0.9359476 1.0465421 0.0000000 0.5211717 0.7691829 0.7718467 1.1283736 1.0022305 1.0620260 1.1876718 1.1876718 1.6519246 1.2176378 1.2177943 1.2177943 1.1593778 1.0325302 1.2380195 1.2256517 1.0817571 1.2426983 1.1268579 0.8748754 0.9998904 1.0373009 1.0373009 1.1634517 1.0763405 1.0312313 1.2982505 1.0951449 1.3818440 1.0202328 1.4901114 1.0711286 1.1526986 1.3917079 1.1469616 1.1895864 1.1816545 1.4996969 1.3215688 1.2668032 1.4263466 1.2686387 1.1967448 1.1668773 1.4893207 1.4229751 0.8559923 1.0172212 
Chem_TCONS_00019264                                    1.3142079 1.0007862 1.0494397 0.9565817 1.1932133 0.8441739 1.0845642 0.8741386 0.8808563 1.1411848 0.7544121 0.8508417 0.8847374 0.8341402 0.8413630 1.0424941 0.5211717 0.0000000 1.0341215 1.0476107 1.2288462 1.1127444 0.9451196 1.2421604 1.2655085 1.4276641 1.1483654 1.2297928 1.2481136 1.0039393 1.2128592 1.5180176 1.3760231 1.3641135 1.3378400 1.4261688 1.4187614 1.3253237 1.4597218 1.5050811 1.2758262 1.4207206 1.4246994 1.4965865 1.6828826 1.3538899 1.0453027 1.5086817 1.3117405 1.0792500 1.5192726 1.0429154 1.1797347 1.2771343 1.4323774 1.4123878 1.4139762 1.7167737 1.6793016 1.7541291 1.6921184 2.1073665 1.9296074 1.0962979 2.3723236 
Sanmal_Sma_021490-T1                                   1.3333662 1.1078500 1.1523125 1.0980648 1.2974839 0.8523738 1.1052764 0.9828579 1.0467172 1.0464358 0.6844598 0.7306112 0.7712270 0.7031341 0.8058326 1.0218802 0.7691829 1.0341215 0.0000000 1.2952047 1.2635790 1.2111120 1.1866281 1.0729277 1.0672372 1.4111311 1.0709759 1.2085721 1.2119804 0.9761623 1.4808976 1.5582483 1.6143158 1.5535574 1.5514691 1.3985479 1.3730601 1.3480866 1.3583357 1.3597029 1.3634714 1.6073050 1.6062775 1.3985412 1.5026854 1.4252642 0.9989499 1.6907009 1.1787629 1.1294738 1.8902451 1.2390627 1.4722142 1.4679966 1.4304166 1.6351255 1.7463115 1.4607160 1.4689269 1.6977741 1.8801675 2.0142363 2.0151230 1.0862282 2.7876814 
Cgig_XM_011413756.3                                    0.8698887 0.8418597 1.1364784 1.1637244 1.3559422 0.9893920 1.3259013 1.1747802 1.1508155 1.3883265 0.9396667 1.1168935 1.0778528 0.9619848 0.8799878 1.0180725 0.7718467 1.0476107 1.2952047 0.0000000 0.7544794 0.9466584 0.9015584 1.2925451 1.3209458 1.5194993 1.3205467 1.3260850 1.2918400 1.1094682 1.1235161 1.0423859 1.0507697 1.3062294 1.2189432 1.2973290 1.3885942 1.2606826 1.3622326 1.4371755 1.1858555 1.4227546 1.4155287 1.5465220 1.5861145 1.3976618 1.0680930 1.4374051 1.2266953 1.0747564 1.4481118 1.0514289 1.1232181 1.0753824 1.3616396 1.4890253 1.2953301 1.7450079 1.4627066 1.6164122 1.4416891 1.8412987 2.0502099 1.2429576 2.9124595 
Acagra_model.g31460.t1                                 0.9010298 0.9340825 1.0885798 1.2397141 1.3561987 0.9486993 1.0909075 1.0528441 0.9806611 1.3150279 0.8488296 1.1479281 1.1176867 1.1478028 0.9618633 1.1353217 1.1283736 1.2288462 1.2635790 0.7544794 0.0000000 1.0356736 0.9335086 1.4297183 1.4241772 1.5348819 1.3482251 1.4141657 1.4076953 1.3015750 1.0570077 1.0723108 1.1562906 1.6302763 1.4533828 1.4705510 1.7886831 1.5129174 1.7241945 1.8583749 1.6525794 1.7156540 1.7903173 1.4681014 1.5757098 1.4763391 1.0789250 1.6906156 1.3847413 1.2405015 1.6763398 1.1475230 1.4259629 1.1930638 1.3787824 1.5420664 1.5762995 1.7271861 1.7529062 1.8542334 1.5815779 1.9879949 2.0177583 1.1783996 3.4379808 
Spur_XM_011666611.2                                    0.9290984 1.0030441 1.0057527 1.0784796 1.3313781 0.9372837 1.1649645 1.0091790 0.9787113 0.9745896 0.7467688 1.0630577 1.0283580 1.0145854 0.9031573 1.0716345 1.0022305 1.1127444 1.2111120 0.9466584 1.0356736 0.0000000 0.9507712 1.2143880 1.2161190 1.3488773 1.1134236 1.2183902 1.2209762 1.1020997 1.0893028 1.2423829 1.3591290 1.7030871 1.5323957 1.5132797 1.6602930 1.5031068 1.6102752 1.6662613 1.4566395 1.6489060 1.5998884 1.4151399 1.8463903 1.5212717 1.1353713 1.6682325 1.5193782 1.2774357 1.9325570 1.2245981 1.2027354 1.2612776 1.4610976 1.6094868 1.6444350 2.0576458 1.6998792 1.7024043 1.8750212 2.3765103 1.9732274 1.1528852 2.5180204 
Ctel_gnl_WGS_AMQN_CAPTEDRAFT_mRNA182660                1.0502764 0.9929361 1.1036158 1.0871841 1.0252325 1.0216639 1.1022725 0.9045651 0.9302336 0.5433689 1.2165229 1.1176639 1.0689637 1.1151083 1.0069290 1.1227686 1.0620260 0.9451196 1.1866281 0.9015584 0.9335086 0.9507712 0.0000000 1.3381046 1.3381046 1.7918733 1.3464504 1.3200557 1.3049360 1.3180607 1.0396074 1.0891426 1.0734996 1.2983183 1.6333628 1.2313137 1.5420694 1.2983281 1.5048346 1.6048436 1.6090928 1.3254557 1.3677856 1.3359465 1.1781854 1.3993759 1.1127292 1.5261448 1.2491997 1.2344501 1.3889371 1.2535413 1.1016548 1.1339433 1.3718452 1.4805455 1.3644067 1.7994106 1.7796089 1.6232247 1.4588198 2.1729686 1.9067488 0.9809743 0.2725486 
Tadh_TriadT53475                                       1.2853450 1.2834060 1.1368844 1.2342082 1.2777346 0.8860842 1.2158857 1.1349724 1.0930685 1.4130643 0.8054837 1.0929658 1.0147739 1.0449599 1.2158566 1.2899783 1.1876718 1.2421604 1.0729277 1.2925451 1.4297183 1.2143880 1.3381046 0.0000000 0.0182288 0.3827860 0.3119819 0.3350717 0.3346369 0.2526689 1.3938091 1.4650139 1.5018242 1.3384527 1.1777033 1.3289219 1.7686068 1.5002182 1.5472555 1.6622905 1.3860298 1.5668966 1.5232886 1.4235117 1.9606936 1.5341956 1.1043580 1.6269461 1.3357114 1.1491490 1.6716861 1.0317231 1.2232633 1.1056719 1.6323086 1.4719571 1.7477429 2.0494861 1.9021993 2.1151460 1.9708668 2.2089669 2.1233721 1.4115827 3.3825318 
TrH2_TrispH2_002653-RA                                 1.2730772 1.2890013 1.1451866 1.2428082 1.2972846 0.8860842 1.2274907 1.1526160 1.0930685 1.4130643 0.8054837 1.0910237 1.0244937 1.0545642 1.2126753 1.2899783 1.1876718 1.2655085 1.0672372 1.3209458 1.4241772 1.2161190 1.3381046 0.0182288 0.0000000 0.3827860 0.3119819 0.3597562 0.3594848 0.2526689 1.3754105 1.4577546 1.5369952 1.3193199 1.1777033 1.3339072 1.7735628 1.5051690 1.5472555 1.6622905 1.3860298 1.5542138 1.5226192 1.4492462 2.0358791 1.5013319 1.1043580 1.6511401 1.3138267 1.1408399 1.6967242 1.0317231 1.2285822 1.1035390 1.6323086 1.4670749 1.7179143 2.0494861 1.9021993 2.1325105 1.9683764 2.2240521 2.1806729 1.4325515 3.6115377 
HoiH06_mRNA7966                                        1.4779732 1.5082865 1.2829044 1.4188012 1.6016184 1.1422653 1.2383330 1.3552996 1.3163303 1.6699224 1.0591365 1.2679491 1.3358627 1.2818104 1.4444955 1.5882595 1.6519246 1.4276641 1.4111311 1.5194993 1.5348819 1.3488773 1.7918733 0.3827860 0.3827860 0.0000000 0.1158168 0.2499998 0.2488440 0.2677879 1.5478526 1.6476137 1.6751913 1.5819536 1.2120940 1.5765857 2.0154438 1.6490091 1.7774488 1.9245925 1.6065886 1.6517165 1.7371238 1.5519570 1.8738891 1.7572350 1.2972756 1.9968878 1.5061280 1.3719365 1.7922222 1.1065556 1.3963170 1.3969512 1.8610703 1.7293740 1.7929961 2.4607783 2.2144339 2.2733840 2.2315601 2.6273369 2.5146554 1.6858762 3.5320398 
HoiH23_PlH23_002534-RA                                 1.2535184 1.3076987 1.0704221 1.1369587 1.3428971 0.9280103 1.2238955 1.0836688 1.0367853 1.2248235 0.7685706 1.0191866 1.0427812 0.9949084 1.1575170 1.2087866 1.2176378 1.1483654 1.0709759 1.3205467 1.3482251 1.1134236 1.3464504 0.3119819 0.3119819 0.1158168 0.0000000 0.1570859 0.1595200 0.1820697 1.2955396 1.4631623 1.5409858 1.3772085 1.2325914 1.3602094 1.7455904 1.4494290 1.5675985 1.6711748 1.4562951 1.4930492 1.5302678 1.4239506 1.6706209 1.4694729 1.1464431 1.6500141 1.2371145 1.1864262 1.7495853 1.0859828 1.2352431 1.2293102 1.6308230 1.4823597 1.6271677 2.0836695 1.8686657 1.9413020 1.8473800 2.2146164 2.1507467 1.2874906 2.9540684 
Hhon_g01558.t1                                         1.2629275 1.2808064 1.2259516 1.2135409 1.3206391 0.9121125 1.2800924 1.1077940 1.0374492 1.2452446 0.7864782 1.0863197 1.0216598 1.0138819 1.1610424 1.2345301 1.2177943 1.2297928 1.2085721 1.3260850 1.4141657 1.2183902 1.3200557 0.3350717 0.3597562 0.2499998 0.1570859 0.0000000 0.0060642 0.1962009 1.3164422 1.4831175 1.4471057 1.3978256 1.1946429 1.3552357 1.7466166 1.4757319 1.5196900 1.6602669 1.3815703 1.5168288 1.5365558 1.4152575 1.7503580 1.5296180 1.1833219 1.5795463 1.2895048 1.2994687 1.7194078 1.0768778 1.3135424 1.1957154 1.6339948 1.5097768 1.7160206 2.1457554 1.9127794 2.0349621 1.9399329 2.2376797 2.0571362 1.2622689 2.7089514 
HoiH04_mRNA13825                                       1.2650036 1.2644737 1.2351041 1.2042731 1.3156415 0.9033971 1.2670359 1.0989528 1.0285629 1.2452446 0.7864782 1.0813544 1.0374118 0.9988526 1.1511312 1.2234857 1.2177943 1.2481136 1.2119804 1.2918400 1.4076953 1.2209762 1.3049360 0.3346369 0.3594848 0.2488440 0.1595200 0.0060642 0.0000000 0.1911113 1.3389470 1.4875809 1.4295616 1.3878147 1.2118968 1.3453744 1.7355208 1.4441981 1.5079197 1.6474618 1.3478895 1.5150085 1.5332100 1.4099053 1.6854726 1.5192711 1.1671485 1.5590537 1.2728585 1.2817613 1.6775060 1.0667240 1.3192626 1.1943195 1.6270117 1.5148902 1.6913887 2.1262029 1.8572406 1.9804075 1.9300737 2.2458409 2.0298087 1.2440507 2.8214595 
HoiH11_mRNA2492                                        1.1147782 0.9664917 0.9581894 1.1012552 1.1287372 0.9176660 1.0053581 0.9641178 0.9835904 0.9834905 0.8208038 0.9394330 1.0029154 0.9778120 1.1674544 1.2623943 1.1593778 1.0039393 0.9761623 1.1094682 1.3015750 1.1020997 1.3180607 0.2526689 0.2526689 0.2677879 0.1820697 0.1962009 0.1911113 0.0000000 1.0680669 1.3551260 1.5171585 1.1837413 1.2441636 1.1808070 1.5295158 1.2213655 1.3512068 1.4564096 1.2418157 1.2872184 1.3462341 1.3795537 1.5461376 1.4267508 1.0444327 1.4395605 1.1783926 1.1383506 1.6065695 1.0422217 1.2068727 1.1158152 1.5498818 1.4247589 1.5413198 2.1672679 1.7527971 1.9033403 1.6319111 2.0754164 1.9857433 1.0811079 2.5978012 
Skow_XM_006818367.1                                    0.9414016 1.0210626 1.1713930 1.2300061 1.3629088 0.9637520 1.2978989 1.1287356 1.1173588 1.6988197 0.8292967 1.1803559 1.2053080 1.2774016 0.9945802 1.2106986 1.0325302 1.2128592 1.4808976 1.1235161 1.0570077 1.0893028 1.0396074 1.3938091 1.3754105 1.5478526 1.2955396 1.3164422 1.3389470 1.0680669 0.0000000 1.4299786 1.4986404 1.7295518 1.3906760 1.5809002 1.8069365 1.6387986 1.6688455 1.7719042 1.5755046 1.6410283 1.6948649 1.5940378 1.7576290 1.6809957 1.2628173 1.6875280 1.5057687 1.3873894 1.4897414 1.1593590 1.2600888 1.2227405 1.3690240 1.4067128 1.8428961 1.8945001 1.8480642 1.9626822 1.6576620 2.3135124 1.9869876 1.6483394 3.9738737 
Cscu_XM_023375574.1                                    1.2205275 1.2239287 1.3776267 1.3767308 1.7183123 1.2628090 1.5409522 1.4232609 1.3949035 1.7637377 1.3225509 1.2866393 1.3126075 1.2588346 1.1330795 1.3838756 1.2380195 1.5180176 1.5582483 1.0423859 1.0723108 1.2423829 1.0891426 1.4650139 1.4577546 1.6476137 1.4631623 1.4831175 1.4875809 1.3551260 1.4299786 0.0000000 1.2793341 1.7115835 1.2877800 1.5458170 1.8099688 1.5291549 1.5683689 1.6651087 1.5900246 1.5479391 1.6270978 1.5866733 1.6429816 1.6066966 1.2286075 1.8486980 1.6207370 1.5113007 1.7645440 1.3543230 1.4614498 1.4425556 1.4338936 1.3547146 1.7429346 2.0228055 1.8285550 1.8823604 1.8857744 2.3620655 2.0759117 1.7974590 3.9816530 
Tcas_TC011435_001                                      1.2235599 1.2609594 1.5616099 1.6124674 1.6008180 1.1777539 1.5264323 1.4662123 1.3736616 1.7337651 1.2218994 1.5189372 1.4090137 1.3790132 1.3285185 1.4491014 1.2256517 1.3760231 1.6143158 1.0507697 1.1562906 1.3591290 1.0734996 1.5018242 1.5369952 1.6751913 1.5409858 1.4471057 1.4295616 1.5171585 1.4986404 1.2793341 0.0000000 1.6493089 1.3278052 1.7891550 1.9944767 1.7019604 1.8985393 2.0111869 1.6754356 1.9034904 1.9119171 1.6944724 1.8587490 1.7133098 1.3223939 1.8273295 1.6060695 1.3921450 1.5669674 1.4021851 1.4658277 1.3882293 1.6517729 1.5576228 1.5826571 1.7090884 1.9277721 1.9646533 1.9386158 2.1159452 1.8672201 1.5719361 4.7639261 
Mlei_ML0064.g1.i1                                      1.6187236 1.6120805 1.3590092 1.4931692 1.6203312 1.0711364 1.4772846 1.2782801 1.2474836 1.5082741 0.9843592 1.3306631 1.2761970 1.3000717 1.0509941 1.3163539 1.0817571 1.3641135 1.5535574 1.3062294 1.6302763 1.7030871 1.2983183 1.3384527 1.3193199 1.5819536 1.3772085 1.3978256 1.3878147 1.1837413 1.7295518 1.7115835 1.6493089 0.0000000 0.3179741 0.3240799 0.6575614 0.4776118 0.4033177 0.3995891 0.4007383 0.5445231 0.5320752 1.6591709 1.7828844 1.7177368 1.2981195 1.9131284 1.6126107 1.3010180 1.9890560 1.5090507 1.3345200 1.2613151 1.5115139 1.4023764 1.8812800 1.8856264 1.7686396 1.9008219 1.8833407 2.4135067 2.0685260 1.6445977 3.6177346 
Beraby_Baby_sb324565                                   1.4011685 1.2881582 1.5102566 1.7381246 1.1847906 1.1847906 1.2215463 1.2023017 1.2886742 1.6037715 1.5321398 1.4342346 1.3817151 1.4216952 1.4820833 1.5339920 1.2426983 1.3378400 1.5514691 1.2189432 1.4533828 1.5323957 1.6333628 1.1777033 1.1777033 1.2120940 1.2325914 1.1946429 1.2118968 1.2441636 1.3906760 1.2877800 1.3278052 0.3179741 0.0000000 0.4042399 0.6197915 0.4575948 0.5387416 0.5573537 0.5438107 0.5586845 0.5172666 1.5876969 1.0059873 1.9675748 1.4047848 2.1208438 1.7051074 1.4209512 1.8086057 1.4943061 1.3546169 1.5425413 1.7669820 1.5092950 1.4876222 2.2879067 1.8215587 1.6755723 1.4058834 2.1393386 2.1297785 1.4031087 0.0000010 
Drygla_Dgla_sb295368                                   1.4592215 1.4501137 1.4212322 1.5383031 1.5893470 1.1962003 1.3526793 1.2244882 1.1792582 1.3138486 1.0071356 1.2086540 1.2309879 1.2729431 1.1374347 1.3256678 1.1268579 1.4261688 1.3985479 1.2973290 1.4705510 1.5132797 1.2313137 1.3289219 1.3339072 1.5765857 1.3602094 1.3552357 1.3453744 1.1808070 1.5809002 1.5458170 1.7891550 0.3240799 0.4042399 0.0000000 0.5583618 0.4058270 0.3889465 0.4147974 0.4114735 0.5751263 0.5582718 1.5656954 1.6815809 1.6543875 1.3187169 2.1016742 1.5352525 1.3841215 1.9302031 1.5488137 1.3204170 1.2296832 1.5596911 1.3131392 1.7723074 1.9277273 1.7881259 1.8648364 1.7851733 2.2728060 2.0890303 1.4281412 3.6027284 
Pbac_sb2642630                                         1.7137488 1.7566825 1.7507599 1.8261918 1.7417184 1.3673901 1.4720238 1.5213742 1.4415000 1.3214313 1.1183730 1.5087005 1.4453065 1.4032088 1.1520993 1.2264710 0.8748754 1.4187614 1.3730601 1.3885942 1.7886831 1.6602930 1.5420694 1.7686068 1.7735628 2.0154438 1.7455904 1.7466166 1.7355208 1.5295158 1.8069365 1.8099688 1.9944767 0.6575614 0.6197915 0.5583618 0.0000000 0.1610267 0.5579261 0.5617975 0.6627158 0.6981966 0.7393821 1.8150186 1.7695895 2.0470991 1.4582285 2.4339238 1.7759649 1.5154505 1.9873019 1.6925412 1.3911571 1.4955352 1.7783472 1.6020780 2.0770757 1.7797235 2.2724688 2.2012375 1.9668218 2.4465012 2.3305160 1.7076189 3.7391775 
Horcal_Hcv1.av93.c9.g662.i1                            1.5009690 1.5177864 1.5258139 1.5508853 1.5894688 1.1854164 1.3960302 1.3069308 1.2614104 1.2544136 1.0160632 1.2820875 1.2457527 1.2354652 1.0801103 1.2355506 0.9998904 1.3253237 1.3480866 1.2606826 1.5129174 1.5031068 1.2983281 1.5002182 1.5051690 1.6490091 1.4494290 1.4757319 1.4441981 1.2213655 1.6387986 1.5291549 1.7019604 0.4776118 0.4575948 0.4058270 0.1610267 0.0000000 0.4603631 0.4864321 0.4712814 0.5829469 0.5879673 1.7010102 1.5951868 1.7970575 1.3630489 2.0676802 1.5788108 1.3690112 1.7442430 1.4300504 1.2260318 1.3119553 1.5179759 1.4002914 1.8250807 1.8451559 1.9628191 1.9589481 1.8419918 2.2805691 2.1704850 1.5235090 3.4214377 
Bolinf_Binf_sb1259750                                  1.6849463 1.7226450 1.6736529 1.7875096 1.7791164 1.3951984 1.3903268 1.4365869 1.4233874 1.3256578 1.0632360 1.2580971 1.3246256 1.3634831 1.3324714 1.5009084 1.0373009 1.4597218 1.3583357 1.3622326 1.7241945 1.6102752 1.5048346 1.5472555 1.5472555 1.7774488 1.5675985 1.5196900 1.5079197 1.3512068 1.6688455 1.5683689 1.8985393 0.4033177 0.5387416 0.3889465 0.5579261 0.4603631 0.0000000 0.0415497 0.4892096 0.6530052 0.6542805 1.6361180 1.4981560 1.9231696 1.4804454 2.3473543 1.7829843 1.5992190 2.2777216 1.7498921 1.2946565 1.4997967 1.6287357 1.5349130 1.9808806 1.9105353 2.0914262 2.0881987 1.8112886 2.5494661 2.3064747 1.5694769 3.6151643 
Mertsp_Mesp_sb594254                                   1.7402458 1.7760864 1.7141671 1.8518954 1.8750278 1.4742366 1.4318383 1.5407889 1.4849214 1.3369242 1.0632360 1.3260281 1.3734530 1.4036854 1.4041121 1.5713725 1.0373009 1.5050811 1.3597029 1.4371755 1.8583749 1.6662613 1.6048436 1.6622905 1.6622905 1.9245925 1.6711748 1.6602669 1.6474618 1.4564096 1.7719042 1.6651087 2.0111869 0.3995891 0.5573537 0.4147974 0.5617975 0.4864321 0.0415497 0.0000000 0.5269219 0.6562359 0.6586187 1.7773123 1.4981560 2.0296052 1.4512460 2.5024855 1.8107436 1.6719201 2.4109313 1.8794908 1.3130762 1.6364924 1.6486682 1.5540474 1.9813755 1.9105353 2.1278386 2.1170632 1.7956874 2.6123997 2.3954009 1.6566720 3.6151643 
Lampan_Lpan_7749_01                                    1.5846967 1.4189636 1.4026393 1.4881003 1.5188421 1.1890927 1.2562427 1.1713203 1.2748289 1.1745028 1.0387064 1.2257956 1.2441662 1.2803570 1.1390623 1.3698304 1.1634517 1.2758262 1.3634714 1.1858555 1.6525794 1.4566395 1.6090928 1.3860298 1.3860298 1.6065886 1.4562951 1.3815703 1.3478895 1.2418157 1.5755046 1.5900246 1.6754356 0.4007383 0.5438107 0.4114735 0.6627158 0.4712814 0.4892096 0.5269219 0.0000000 0.5683421 0.5402716 1.6878186 1.7228754 1.6822723 1.4948613 2.2210306 1.6990532 1.4697904 1.9985423 1.6018785 1.2386982 1.3907665 1.6792240 1.6263463 1.8681516 2.1198912 2.0434282 2.0263466 1.6745020 2.2494340 2.2154562 1.4635987 3.5435109 
Vmul_SimC399540                                        1.6256444 1.6957522 1.5211035 1.6215060 1.6653326 1.2686942 1.6209053 1.4061290 1.3522261 1.6672997 1.1750606 1.3003887 1.2871435 1.3043405 1.1146177 1.3266896 1.0763405 1.4207206 1.6073050 1.4227546 1.7156540 1.6489060 1.3254557 1.5668966 1.5542138 1.6517165 1.4930492 1.5168288 1.5150085 1.2872184 1.6410283 1.5479391 1.9034904 0.5445231 0.5586845 0.5751263 0.6981966 0.5829469 0.6530052 0.6562359 0.5683421 0.0000000 0.2209123 1.7906394 1.8505488 1.7942052 1.3043615 2.1584098 1.6401115 1.4339855 1.7938616 1.7652846 1.3577374 1.2598487 1.6170325 1.5248798 1.8155636 1.8135075 1.6375273 1.8853600 1.6327294 2.1811722 2.2246411 1.6050387 3.7592817 
Coemet_Cmet_scaffold5091_01                            1.6028268 1.7588601 1.5129657 1.6542661 1.6427686 1.2241125 1.5868753 1.3618139 1.3229740 1.3888454 1.1053565 1.3888006 1.2047233 1.2286957 1.1576226 1.3426559 1.0312313 1.4246994 1.6062775 1.4155287 1.7903173 1.5998884 1.3677856 1.5232886 1.5226192 1.7371238 1.5302678 1.5365558 1.5332100 1.3462341 1.6948649 1.6270978 1.9119171 0.5320752 0.5172666 0.5582718 0.7393821 0.5879673 0.6542805 0.6586187 0.5402716 0.2209123 0.0000000 1.6878077 1.8756915 1.9850721 1.3739551 2.2824178 1.6704535 1.4495046 1.8822528 1.6751770 1.4091487 1.3599633 1.5564195 1.4743464 1.8952222 1.9400111 1.7666579 1.9151302 1.7184863 2.3469136 2.3303462 1.6715525 3.7508589 
Emue_Em0016g45a.t1                                     1.6130742 1.4176737 1.4036298 1.4346578 1.4816128 1.2327662 1.1129036 1.1976561 1.1682374 1.4562558 1.1838598 1.5027714 1.3179910 1.3877473 1.4270741 1.5098855 1.2982505 1.4965865 1.3985412 1.5465220 1.4681014 1.4151399 1.3359465 1.4235117 1.4492462 1.5519570 1.4239506 1.4152575 1.4099053 1.3795537 1.5940378 1.5866733 1.6944724 1.6591709 1.5876969 1.5656954 1.8150186 1.7010102 1.6361180 1.7773123 1.6878186 1.7906394 1.6878077 0.0000000 0.4666743 1.5785035 0.8980928 1.7661015 1.6414135 1.3359145 1.6391567 1.3573457 1.4658240 1.4028699 1.2986144 1.4107895 1.9351995 2.2323548 1.9900954 2.1421709 1.9436377 2.1354119 2.1169231 1.4460806 3.5109926 
Spolac_c89203_g1_i1_m.5475c85375-g1                    1.6492742 1.6577374 1.7207560 1.6980643 2.0029938 1.2971183 1.1399796 1.3390349 1.2404692 1.7826545 1.0230592 1.5444128 1.5290100 1.4636938 1.4876505 1.6185159 1.0951449 1.6828826 1.5026854 1.5861145 1.5757098 1.8463903 1.1781854 1.9606936 2.0358791 1.8738891 1.6706209 1.7503580 1.6854726 1.5461376 1.7576290 1.6429816 1.8587490 1.7828844 1.0059873 1.6815809 1.7695895 1.5951868 1.4981560 1.4981560 1.7228754 1.8505488 1.8756915 0.4666743 0.0000000 1.7441702 0.9900117 2.1492017 1.8965849 1.4776294 1.5056221 1.3543476 1.7029591 1.4778941 1.2710704 1.5133372 1.6869263 1.9001193 1.6916182 1.9766497 1.8918555 2.3269516 2.2478431 2.0879403 4.1837715 
Tetwil_g20407.t1                                       1.5596183 1.4370070 1.4127256 1.2818850 1.3243267 1.0227633 1.2759922 1.0540123 1.0434804 1.0209661 1.1806429 1.2697400 1.3656856 1.3520990 1.2109928 1.5138643 1.3818440 1.3538899 1.4252642 1.3976618 1.4763391 1.5212717 1.3993759 1.5341956 1.5013319 1.7572350 1.4694729 1.5296180 1.5192711 1.4267508 1.6809957 1.6066966 1.7133098 1.7177368 1.9675748 1.6543875 2.0470991 1.7970575 1.9231696 2.0296052 1.6822723 1.7942052 1.9850721 1.5785035 1.7441702 0.0000000 0.9292578 1.4012559 1.3256800 1.3298818 1.8242316 1.5320801 1.6004444 1.3117119 1.4451082 1.4049564 1.6586912 1.9296289 1.7014351 1.8476009 1.9338995 2.1593790 2.1192781 1.3331855 2.7368291 
Stycar_maker-SC_scaffold6868-augustus-gene-0.38-mRNA-1 1.1737418 1.0265397 1.0743430 0.9636584 0.9746957 0.7929424 0.7878037 0.8135547 0.8128981 0.6728131 0.7871303 0.9950140 1.1539850 1.1442302 1.0377068 1.2426439 1.0202328 1.0453027 0.9989499 1.0680930 1.0789250 1.1353713 1.1127292 1.1043580 1.1043580 1.2972756 1.1464431 1.1833219 1.1671485 1.0444327 1.2628173 1.2286075 1.3223939 1.2981195 1.4047848 1.3187169 1.4582285 1.3630489 1.4804454 1.4512460 1.4948613 1.3043615 1.3739551 0.8980928 0.9900117 0.9292578 0.0000000 1.2408772 0.9600989 0.8909750 1.2461442 1.2018329 1.1771455 1.0700341 1.1156573 1.0663568 1.5147468 1.6704602 1.5255748 1.4888089 1.4708083 1.9406287 1.8896455 1.1954174 2.0657371 
Scil_scict013912.1                                     1.5739021 1.5916708 1.8088607 1.6170349 1.6869353 1.2620458 1.6805234 1.4493187 1.4567975 1.3123355 1.3275214 1.5418645 1.5931998 1.5282113 1.3441734 1.7556721 1.4901114 1.5086817 1.6907009 1.4374051 1.6906156 1.6682325 1.5261448 1.6269461 1.6511401 1.9968878 1.6500141 1.5795463 1.5590537 1.4395605 1.6875280 1.8486980 1.8273295 1.9131284 2.1208438 2.1016742 2.4339238 2.0676802 2.3473543 2.5024855 2.2210306 2.1584098 2.2824178 1.7661015 2.1492017 1.4012559 1.2408772 0.0000000 0.8017034 0.8332992 1.1380663 1.3825811 1.7769302 1.6358499 1.6310766 1.5986319 1.9682418 2.0413771 1.9633723 2.1456611 2.1523704 2.6286158 2.3447111 1.7537821 1.9320370 
Lcom_lcpid67022                                        1.2353198 1.2640023 1.3071440 1.2188182 1.3246777 0.9865808 1.2543030 1.0835291 1.0889855 1.1537079 0.8855037 1.3198311 1.3722362 1.3139971 1.0784312 1.2594111 1.0711286 1.3117405 1.1787629 1.2266953 1.3847413 1.5193782 1.2491997 1.3357114 1.3138267 1.5061280 1.2371145 1.2895048 1.2728585 1.1783926 1.5057687 1.6207370 1.6060695 1.6126107 1.7051074 1.5352525 1.7759649 1.5788108 1.7829843 1.8107436 1.6990532 1.6401115 1.6704535 1.6414135 1.8965849 1.3256800 0.9600989 0.8017034 0.0000000 0.6794038 0.6651414 0.8225450 1.3028345 1.2341923 1.4287597 1.4277532 1.5703256 1.9010904 1.5310066 1.8500665 1.8756759 2.3445342 1.8983969 1.3394290 2.6355773 
Gracom_Gcom_C551028_01                                 1.2253406 1.2031936 1.1906670 1.1634443 1.1896923 0.9223846 1.0002695 0.9715790 0.9023983 0.8040594 0.8381276 1.1740861 1.2383820 1.2329581 1.0106852 1.3263598 1.1526986 1.0792500 1.1294738 1.0747564 1.2405015 1.2774357 1.2344501 1.1491490 1.1408399 1.3719365 1.1864262 1.2994687 1.2817613 1.1383506 1.3873894 1.5113007 1.3921450 1.3010180 1.4209512 1.3841215 1.5154505 1.3690112 1.5992190 1.6719201 1.4697904 1.4339855 1.4495046 1.3359145 1.4776294 1.3298818 0.8909750 0.8332992 0.6794038 0.0000000 0.7427885 0.9352175 1.1787646 1.1891617 1.2565371 1.2800567 1.4733808 1.8582969 1.5501846 1.7099353 1.5544549 1.9277301 1.7316099 1.3659522 2.5418022 
Leuniv_Lniv_scaffold16010_01                           1.3674858 1.3275478 1.5914704 1.3127769 1.4440556 1.2130615 1.3806204 1.3596754 1.4397889 3.1916306 1.1513080 1.6954156 1.5087325 1.6032383 1.3619167 1.4285580 1.3917079 1.5192726 1.8902451 1.4481118 1.6763398 1.9325570 1.3889371 1.6716861 1.6967242 1.7922222 1.7495853 1.7194078 1.6775060 1.6065695 1.4897414 1.7645440 1.5669674 1.9890560 1.8086057 1.9302031 1.9873019 1.7442430 2.2777216 2.4109313 1.9985423 1.7938616 1.8822528 1.6391567 1.5056221 1.8242316 1.2461442 1.1380663 0.6651414 0.7427885 0.0000000 0.9710620 1.5522474 1.4679179 1.7164560 1.8133333 1.6174158 2.1406122 2.0688209 2.3955299 1.8623574 2.9360335 2.0434462 1.9856947 8.7783640 
Clacor_Ccor_scaffold6410_01                            1.0130505 1.0831480 0.9815005 1.1057608 1.0315745 1.0343896 1.0185121 0.9439211 0.9441762 1.4531749 1.1038984 1.1519207 0.9804734 0.9977174 1.2064988 1.3733296 1.1469616 1.0429154 1.2390627 1.0514289 1.1475230 1.2245981 1.2535413 1.0317231 1.0317231 1.1065556 1.0859828 1.0768778 1.0667240 1.0422217 1.1593590 1.3543230 1.4021851 1.5090507 1.4943061 1.5488137 1.6925412 1.4300504 1.7498921 1.8794908 1.6018785 1.7652846 1.6751770 1.3573457 1.3543476 1.5320801 1.2018329 1.3825811 0.8225450 0.9352175 0.9710620 0.0000000 0.9769048 1.0364549 1.4526086 1.3698702 1.3324655 2.1265180 1.6597919 1.7317854 1.6261567 1.9719228 1.6705942 1.2763207 5.5413434 
Opea_EP00118_Oscarella_pearsei_P028115                 1.2454007 1.2985588 1.1266574 1.1236447 1.2129049 0.9033894 1.2466466 1.0371109 1.0412699 1.4000987 0.9173713 1.2747537 1.0247245 1.0983642 1.0448962 1.0608430 1.1895864 1.1797347 1.4722142 1.1232181 1.4259629 1.2027354 1.1016548 1.2232633 1.2285822 1.3963170 1.2352431 1.3135424 1.3192626 1.2068727 1.2600888 1.4614498 1.4658277 1.3345200 1.3546169 1.3204170 1.3911571 1.2260318 1.2946565 1.3130762 1.2386982 1.3577374 1.4091487 1.4658240 1.7029591 1.6004444 1.1771455 1.7769302 1.3028345 1.1787646 1.5522474 0.9769048 0.0000000 0.8828953 1.4625852 1.5728387 1.6201657 1.8735996 1.5333501 1.5683571 1.7985816 1.9878659 2.0061033 1.2760744 4.7938610 
Plajan_Pjan_C571412_01                                 1.0850054 1.1392351 1.1165367 1.1785701 1.2373257 0.9566824 1.2245198 1.1003754 1.0831975 1.2774638 0.9281108 1.1979815 1.0470039 1.1226794 1.0556439 1.2202348 1.1816545 1.2771343 1.4679966 1.0753824 1.1930638 1.2612776 1.1339433 1.1056719 1.1035390 1.3969512 1.2293102 1.1957154 1.1943195 1.1158152 1.2227405 1.4425556 1.3882293 1.2613151 1.5425413 1.2296832 1.4955352 1.3119553 1.4997967 1.6364924 1.3907665 1.2598487 1.3599633 1.4028699 1.4778941 1.3117119 1.0700341 1.6358499 1.2341923 1.1891617 1.4679179 1.0364549 0.8828953 0.0000000 1.4341636 1.3424131 1.4664765 1.5692396 1.7068563 1.7211964 1.5946635 1.9027143 1.8047140 1.1187655 3.6124985 
Aque_Aqu2.1.29224_001                                  1.3802491 1.2954472 1.3785744 1.3414457 1.6230275 1.4791605 1.4777582 1.3580018 1.4177308 1.2365987 1.3300563 1.3800844 1.4550928 1.3865928 1.3052327 1.5526210 1.4996969 1.4323774 1.4304166 1.3616396 1.3787824 1.4610976 1.3718452 1.6323086 1.6323086 1.8610703 1.6308230 1.6339948 1.6270117 1.5498818 1.3690240 1.4338936 1.6517729 1.5115139 1.7669820 1.5596911 1.7783472 1.5179759 1.6287357 1.6486682 1.6792240 1.6170325 1.5564195 1.2986144 1.2710704 1.4451082 1.1156573 1.6310766 1.4287597 1.2565371 1.7164560 1.4526086 1.4625852 1.4341636 0.0000000 0.7486854 1.7977280 1.9723263 1.6988664 1.5924940 1.6430733 2.1212522 1.8592977 1.4329926 1.8770440 
Halamb_c51404_g1_i5mm.3968                             1.4624982 1.3559414 1.4073789 1.4666595 1.5930333 1.4131770 1.6175642 1.3671071 1.3670445 1.2572921 1.4296657 1.4533416 1.6566438 1.6019360 1.3478965 1.6202450 1.3215688 1.4123878 1.6351255 1.4890253 1.5420664 1.6094868 1.4805455 1.4719571 1.4670749 1.7293740 1.4823597 1.5097768 1.5148902 1.4247589 1.4067128 1.3547146 1.5576228 1.4023764 1.5092950 1.3131392 1.6020780 1.4002914 1.5349130 1.5540474 1.6263463 1.5248798 1.4743464 1.4107895 1.5133372 1.4049564 1.0663568 1.5986319 1.4277532 1.2800567 1.8133333 1.3698702 1.5728387 1.3424131 0.7486854 0.0000000 1.6819028 1.9515691 1.5657137 1.4561558 1.6714404 1.9372484 1.9769953 1.3364307 2.3386523 
