69
Hsap_ENST00000324545                                         0.0000000 0.4172520 0.5504567 0.5024397 0.5336946 0.5125135 0.5174362 0.7502379 0.6929787 0.7417602 0.7204438 0.7956297 0.7320753 0.7001215 1.0049989 0.8758015 0.9196623 0.5722629 1.0263271 1.1128397 0.9996814 1.0456511 1.0712718 1.1432942 0.8535023 1.2591549 1.2396798 1.3631940 1.0447677 0.8541161 1.4088041 1.2908585 1.1899634 1.4959885 1.3628500 1.4321760 1.3602534 1.1202187 1.3082386 1.3570459 1.2035345 1.2017204 1.3476228 1.1887793 1.1425721 1.2055121 1.2126576 1.6599513 2.0759811 1.9821050 1.6257191 3.7819634 3.6341778 2.0631185 2.3187888 2.7536441 2.3597989 2.3811033 2.6235306 2.6965271 3.3214239 2.7371784 3.1340934 3.4216398 3.4493375 2.9794257 3.9137995 3.7959763 3.9397791 
Bralan_BLAG14000960_11                                       0.4172520 0.0000000 0.4667519 0.4149014 0.4697758 0.4056781 0.4423642 0.6657708 0.6047975 0.6409177 0.6346145 0.6860762 0.6301648 0.6015207 0.8292973 0.7981043 0.8523106 0.4971787 0.9469595 1.0119942 0.9115162 0.9445023 0.9495075 1.0358093 0.7725959 1.2237894 1.2157021 1.2360247 0.9870986 0.7876674 1.2597649 1.1605270 1.1336227 1.3973692 1.1756596 1.3527277 1.2682962 1.0202594 1.1510122 1.3001769 1.1296134 1.1313759 1.2513839 1.1362468 1.0946712 1.1647342 1.1676861 1.6556301 2.0796787 2.0116671 1.6619019 3.7059795 3.5371134 2.0789051 2.3102596 2.7016374 2.1348262 2.3751896 2.5289066 2.6075794 3.2609324 2.6959672 2.9306643 3.4123386 3.3703520 2.9072783 3.8320273 3.7556182 3.7579273 
Cgig_XM_034471499.1                                          0.5504567 0.4667519 0.0000000 0.3519130 0.4436679 0.5549672 0.5532664 0.7352808 0.6929843 0.7230020 0.7055278 0.6313404 0.7009883 0.6818491 0.8446121 0.8585485 0.9129925 0.5622096 0.9690576 1.0119550 0.9636671 0.9984815 1.0262398 1.0834535 0.8302814 1.2981390 1.2573218 1.3760927 1.0449661 0.8634906 1.3748647 1.2509799 1.1363837 1.4070344 1.2386901 1.3367467 1.2844986 1.0742073 1.1966935 1.2701687 1.2529219 1.2536884 1.3887465 1.2363480 1.2111858 1.2450149 1.2528048 1.5708374 2.0546408 1.9707568 1.5492285 3.7999158 3.5612263 1.9850842 2.3436061 2.7812453 2.2029237 2.3927219 2.6544835 2.5390955 3.3161467 2.5542258 3.0941792 3.4629374 3.4699954 2.9910494 3.9647192 3.8142044 3.7869931 
Acagra_model.g22171.t1                                       0.5024397 0.4149014 0.3519130 0.0000000 0.4008227 0.5050031 0.5137685 0.7092682 0.6705686 0.6734755 0.6397210 0.6244638 0.6600602 0.6308746 0.7928224 0.8460415 0.9095836 0.5129547 0.9424879 0.9691475 0.9466505 0.9470978 0.9620792 1.0217158 0.7957608 1.2207895 1.1970698 1.2412625 0.9689130 0.7673660 1.3244476 1.2227715 1.1448209 1.4392035 1.2155200 1.3305772 1.2379573 0.9679022 1.0971808 1.2491011 1.1989019 1.2085345 1.3353324 1.2012176 1.1380962 1.2017189 1.2081763 1.6762159 2.0296404 1.9592620 1.6182263 3.7391743 3.4997376 2.1972624 2.3603381 2.6969145 2.3317098 2.3109814 2.6387902 2.7162126 3.3501242 2.6428410 3.0657798 3.4587139 3.4090651 2.9650759 3.9192616 3.8422922 3.8429870 
Ctel_gnl_WGS_AMQN_CAPTEDRAFT_mRNA183046                      0.5336946 0.4697758 0.4436679 0.4008227 0.0000000 0.5942315 0.5636360 0.7292274 0.6863765 0.7026060 0.6728119 0.8108758 0.6990586 0.6808406 0.9114424 0.8634417 0.9205303 0.5570535 0.9663708 1.0621387 0.9612950 0.9996207 1.1065322 1.0433101 0.8032438 1.2772516 1.2450297 1.3428745 1.0661367 0.8521305 1.3426413 1.2481677 1.1165724 1.4618577 1.3033831 1.3599849 1.2942420 1.1366594 1.2074435 1.2779492 1.2116882 1.1868839 1.3605060 1.1732748 1.1694445 1.1777459 1.1811655 1.7974361 2.1814052 1.9983928 1.7033103 3.7842899 3.6099482 2.2050930 2.3640548 2.7743561 2.2156747 2.3931657 2.5551549 2.5733419 3.2537011 2.6988837 3.1458041 3.3542321 3.3536161 2.9029877 3.8824699 3.8022796 3.7372923 
Skow_XM_006817658.1                                          0.5125135 0.4056781 0.5549672 0.5050031 0.5942315 0.0000000 0.4888900 0.7614795 0.7332157 0.7616968 0.7323955 0.6651472 0.7409508 0.7129837 0.8212336 0.8833312 0.9483924 0.5549853 1.0695731 1.1205595 1.0217146 1.0776278 1.1674936 1.1651935 0.8578624 1.4423650 1.3981230 1.4799690 1.1944780 0.9083953 1.4738235 1.3221859 1.2403792 1.5315265 1.2821162 1.4602090 1.4017505 1.2465041 1.3756844 1.3906776 1.2646018 1.2739433 1.4277529 1.2733684 1.2823241 1.2884041 1.2983125 1.8989322 2.1506606 2.1086347 1.8055725 3.7746501 3.6536199 2.4729414 2.5095231 2.9782686 2.3735646 2.4480755 2.8511446 2.6526449 3.4324546 2.8795057 3.2112100 3.5788770 3.6119180 3.1619550 4.0107887 4.0329675 4.0666107 
Spur_XM_030982374.1                                          0.5174362 0.4423642 0.5532664 0.5137685 0.5636360 0.4888900 0.0000000 0.7547771 0.6917933 0.7409444 0.7250616 0.7340002 0.7105683 0.6852922 0.8624877 0.8684584 0.9306386 0.5960769 0.9670424 1.0255893 0.9350337 0.9986936 0.9755186 1.0560641 0.8570146 1.3105673 1.3068223 1.3774379 1.0763008 0.8416897 1.4019643 1.2954240 1.2173668 1.4635449 1.3130739 1.3612692 1.3181230 1.1120142 1.2928390 1.3326792 1.1770490 1.1894443 1.3209622 1.1865376 1.1396684 1.1944845 1.2018582 1.6497414 2.0408638 2.0092074 1.6354608 3.8050250 3.5906010 2.2399866 2.4051909 2.7981347 2.1334643 2.4559332 2.6458819 2.4913465 3.2649235 2.7186044 3.0831957 3.3691580 3.4534712 2.7770622 3.9550445 3.8970282 3.8184682 
Exapal_XM_021053855.2                                        0.7502379 0.6657708 0.7352808 0.7092682 0.7292274 0.7614795 0.7547771 0.0000000 0.3195071 0.4900328 0.4568683 0.3668164 0.4568622 0.4365891 0.5019733 0.7932276 0.8336941 0.7881200 0.9463508 1.0163897 0.9369017 0.9729348 1.0036854 1.0920401 1.0119042 1.3358703 1.3046675 1.4022596 1.1022540 1.0000665 1.4006335 1.2803387 1.2197903 1.4930147 1.2850580 1.4097731 1.3381679 1.1399531 1.3001220 1.3153847 1.2349526 1.2356286 1.3663599 1.2250020 1.1806424 1.2513590 1.2529818 1.7496744 2.1433764 2.0273460 1.6032923 3.8965145 3.6234377 2.0512854 2.2585038 2.7471821 2.4381599 2.4531635 2.7049105 2.6138823 3.3014498 2.7335004 3.0340088 3.5226093 3.5239155 2.8277859 3.9323367 3.8598859 3.7338371 
Nvec_v1g172156                                               0.6929787 0.6047975 0.6929843 0.6705686 0.6863765 0.7332157 0.6917933 0.3195071 0.0000000 0.4144588 0.3843802 0.2626062 0.3865930 0.3635132 0.4639093 0.7360838 0.7652310 0.7512011 0.9394371 1.0015989 0.9229156 0.9207859 0.9856888 1.0388289 0.9661404 1.2270841 1.2164019 1.2899199 1.0150915 0.9275302 1.3102130 1.2148746 1.1854673 1.4551508 1.2848466 1.3463515 1.2588228 0.9928044 1.2422034 1.2815470 1.1755494 1.1767605 1.2869711 1.1728875 1.1496642 1.2008761 1.2023458 1.6679319 2.0429970 1.9618743 1.6378578 3.8690133 3.6388943 2.1345734 2.2746504 2.6701732 2.2741928 2.4180234 2.6797191 2.6699762 3.2508520 2.6485727 2.9588927 3.4372986 3.4557447 2.9667906 3.8847719 3.9824994 3.7598827 
Adig_XM_015922290.1                                          0.7417602 0.6409177 0.7230020 0.6734755 0.7026060 0.7616968 0.7409444 0.4900328 0.4144588 0.0000000 0.0246090 0.0937639 0.2075193 0.1839564 0.5459405 0.7886623 0.8555660 0.7905855 0.9973472 1.0427993 0.9381171 1.0100336 1.0524403 1.1440631 1.0334301 1.3852374 1.3583266 1.3717259 1.0707372 1.0248396 1.4346047 1.3057725 1.2232288 1.5058387 1.3248189 1.4621298 1.3800205 1.1671467 1.3310672 1.3795433 1.2230888 1.2406244 1.3608239 1.2241947 1.1846377 1.2565221 1.2650356 1.7634046 2.2269944 2.1145793 1.6827447 4.2500009 3.8476177 2.1418847 2.4284834 2.8676459 2.7198329 2.5928341 2.7871050 2.9896028 3.5554710 2.9746662 3.2715853 3.6803585 3.7396223 3.1713105 4.2381495 4.4502208 4.1867484 
Amil_Amillepora24373-RA                                      0.7204438 0.6346145 0.7055278 0.6397210 0.6728119 0.7323955 0.7250616 0.4568683 0.3843802 0.0246090 0.0000000 0.1757434 0.1785057 0.1537509 0.2328181 0.7285696 0.7845697 0.7731145 0.9250959 0.9989430 0.8593546 0.9455331 1.0294370 1.0619637 1.0046437 1.2799637 1.2827806 1.3685907 1.1493606 0.9899752 1.3654462 1.2515311 1.1258654 1.4446456 1.3029716 1.4255349 1.3589350 1.2048155 1.3858948 1.3063928 1.1733183 1.1778608 1.3090158 1.1553721 1.1158413 1.1871999 1.1898983 1.5872817 2.0838966 1.9918295 1.4861816 3.6509910 3.3930499 2.0007036 2.2988880 2.6789554 2.4044646 2.3231675 2.6350423 2.4939149 3.2093286 2.7114952 2.9902696 3.2719962 3.3347510 2.9642884 3.8081324 4.0422932 3.8841503 
Fspp_ffun1.m4.24670.m1                                       0.7956297 0.6860762 0.6313404 0.6244638 0.8108758 0.6651472 0.7340002 0.3668164 0.2626062 0.0937639 0.1757434 0.0000000 0.1429962 0.1371911 0.1367207 0.5930952 0.7068964 0.7042923 0.6789351 0.7259458 0.7832662 0.7039929 0.8106022 0.7690977 0.8620578 0.8453787 0.7773996 0.9408684 0.9372403 1.0057819 1.0158294 1.0158294 1.0719141 1.1352340 1.1373060 1.0591389 1.1222690 0.5224758 0.9294929 1.1080210 1.0982005 1.0567825 1.0953688 1.0532669 1.0799747 1.0470746 1.0470746 1.1681773 1.1681773 1.1540460 1.0340911 1.5263201 1.5304046 1.7259515 1.2149646 1.3509988 1.4813023 1.2988659 1.7263167 1.6875419 1.4220675 1.2906978 1.7644758 2.4558140 2.4731994 1.5253530 2.0474547 1.8422448 1.7450096 
Spis_XP_022799231_1                                          0.7320753 0.6301648 0.7009883 0.6600602 0.6990586 0.7409508 0.7105683 0.4568622 0.3865930 0.2075193 0.1785057 0.1429962 0.0000000 0.0346870 0.1676949 0.7339980 0.7900384 0.7728699 0.9446118 0.9930775 0.9004691 0.9553347 0.9904178 1.0677495 1.0166419 1.3088229 1.2936285 1.3128061 1.0676484 1.0019021 1.3481742 1.2167738 1.1599019 1.4230938 1.2897079 1.3978998 1.3634595 1.1244470 1.2717187 1.2982673 1.1946525 1.1854855 1.3041929 1.1672147 1.1491139 1.1898710 1.1955343 1.6778314 2.1514613 2.0038886 1.5563397 3.8380165 3.6952968 2.1436568 2.3571314 2.7561057 2.4274999 2.4199673 2.5430003 2.5780805 3.2863474 2.7342518 3.1199421 3.5094715 3.5298424 2.8127228 3.9619351 3.9395690 3.7372743 
Pocdam_XM_027181060.1                                        0.7001215 0.6015207 0.6818491 0.6308746 0.6808406 0.7129837 0.6852922 0.4365891 0.3635132 0.1839564 0.1537509 0.1371911 0.0346870 0.0000000 0.1637992 0.7083003 0.7606560 0.7425970 0.9137744 0.9781807 0.8797213 0.9315296 0.9776888 1.0320203 0.9792378 1.2638745 1.2590314 1.2853734 1.0646191 0.9618892 1.2934293 1.1770625 1.1156383 1.4199218 1.2783928 1.3559446 1.3177612 1.1071234 1.2526517 1.2610469 1.1609023 1.1593965 1.3012604 1.1385425 1.1181048 1.1593578 1.1646169 1.6525948 2.0810122 1.9773148 1.5460917 3.7748502 3.5769756 2.1079514 2.3142341 2.6873652 2.3662905 2.3754421 2.5467144 2.5828004 3.2193568 2.6574736 2.9962934 3.4423646 3.4411445 2.8557863 3.9132047 3.8897503 3.6869989 
Gasp_gasp1.m3.17791.m1                                       1.0049989 0.8292973 0.8446121 0.7928224 0.9114424 0.8212336 0.8624877 0.5019733 0.4639093 0.5459405 0.2328181 0.1367207 0.1676949 0.1637992 0.0000000 0.7584644 0.8105979 0.9579981 0.9066913 0.8846216 0.9247922 0.8677161 0.7916682 0.9593518 1.1219039 1.3477118 1.3154584 1.2920916 0.9419994 1.1800925 1.2092518 1.2319019 1.3528544 1.4434778 1.3732178 1.4303494 1.3599330 0.4503682 1.2763118 1.3147096 1.4521964 1.4134414 1.4378333 1.4686650 1.4803597 1.4598217 1.4479261 1.4603906 1.5806849 1.6477284 1.3796690 2.9317231 2.8393566 1.4958709 1.2025714 2.2636518 1.7503619 2.2597457 2.0393393 2.3065366 2.5500888 1.7828102 2.7748969 3.6892468 3.5567109 2.0074662 3.0745589 2.9705470 2.3876638 
Dgig_XM_028545495.1                                          0.8758015 0.7981043 0.8585485 0.8460415 0.8634417 0.8833312 0.8684584 0.7932276 0.7360838 0.7886623 0.7285696 0.5930952 0.7339980 0.7083003 0.7584644 0.0000000 0.2146713 0.9599228 1.0664207 1.1490412 1.0287039 1.0675810 1.0555171 1.1659242 1.1020730 1.4053189 1.4173255 1.5425508 1.2223266 1.1067343 1.4863803 1.3881557 1.2569345 1.5629140 1.3609434 1.4637181 1.4352295 1.3032371 1.3130775 1.3819735 1.3313328 1.3382048 1.5079591 1.3244595 1.2953943 1.3444877 1.3503294 1.6608330 2.1868727 2.0934002 1.5749042 3.8552815 3.6698859 2.1586580 2.3899308 2.7896505 2.2593859 2.4965904 2.7409974 2.6321986 3.2216514 2.7686354 3.0962101 3.6064119 3.6034989 2.8800498 3.7906346 3.8946967 4.0266444 
Xesp_014782-T1                                               0.9196623 0.8523106 0.9129925 0.9095836 0.9205303 0.9483924 0.9306386 0.8336941 0.7652310 0.8555660 0.7845697 0.7068964 0.7900384 0.7606560 0.8105979 0.2146713 0.0000000 1.0114336 1.1463096 1.2625165 1.0756309 1.1542938 1.1385128 1.2196782 1.1429330 1.4890559 1.4946800 1.6742094 1.2516984 1.1389326 1.5243792 1.4418076 1.2926697 1.6059253 1.4487135 1.5055432 1.5091640 1.4124275 1.4217570 1.3890200 1.3777064 1.3851423 1.6012039 1.3981607 1.3567558 1.4069857 1.4146709 1.7535858 2.2974824 2.1266888 1.6087605 3.8225308 3.6389393 2.3161241 2.3662590 2.8053379 2.1750449 2.5237808 2.5477922 2.5506454 3.2773222 2.7137073 3.1259081 3.5662045 3.5689112 2.9801246 3.7940429 3.8564904 3.8376234 
Cscu_XM_023366062.1                                          0.5722629 0.4971787 0.5622096 0.5129547 0.5570535 0.5549853 0.5960769 0.7881200 0.7512011 0.7905855 0.7731145 0.7042923 0.7728699 0.7425970 0.9579981 0.9599228 1.0114336 0.0000000 1.0269524 1.1098941 1.0079086 1.0640857 1.0390642 1.1331812 0.7461959 1.3405332 1.3338689 1.4168071 1.0736661 0.7905885 1.4681786 1.3271525 1.2467982 1.5101778 1.2367648 1.4046624 1.3467882 1.1077860 1.2685090 1.3577257 1.2122614 1.2301157 1.3363101 1.2280649 1.2022517 1.2329566 1.2352493 1.6729110 2.1046862 2.0091644 1.6276474 3.8255904 3.5713781 2.2342974 2.3889175 2.9278086 2.3348482 2.3755573 2.7574886 2.7670995 3.3330988 2.7893053 3.1564639 3.4271114 3.4860104 3.0803939 3.9826115 3.8883511 3.9307049 
Nemnom_g3694.t1                                              1.0263271 0.9469595 0.9690576 0.9424879 0.9663708 1.0695731 0.9670424 0.9463508 0.9394371 0.9973472 0.9250959 0.6789351 0.9446118 0.9137744 0.9066913 1.0664207 1.1463096 1.0269524 0.0000000 0.0854551 0.2846508 0.5626766 0.7010824 0.6925133 1.1994936 1.4311947 1.4098167 1.4540783 1.2234282 1.2356385 1.5751008 1.4706998 1.4067068 1.5642323 1.3566794 1.5558095 1.5192224 1.2796809 1.3897854 1.5430076 1.4352608 1.4199168 1.5751099 1.4401094 1.3981145 1.4463555 1.4564358 1.6955288 2.1144083 2.1418371 1.5182623 3.8537476 3.7304844 2.2768867 2.3958710 2.8501641 2.4440817 2.5057312 2.8155564 2.6132020 3.3988378 2.7811976 3.2469584 3.5183975 3.6445209 2.7663092 4.2415025 4.1763250 4.0588787 
Rhoesc_Res_007141-T1                                         1.1128397 1.0119942 1.0119550 0.9691475 1.0621387 1.1205595 1.0255893 1.0163897 1.0015989 1.0427993 0.9989430 0.7259458 0.9930775 0.9781807 0.8846216 1.1490412 1.2625165 1.1098941 0.0854551 0.0000000 0.3159426 0.6141285 0.6797447 0.7701770 1.3601385 1.5773759 1.5241268 1.4820023 1.2582576 1.4322875 1.7146756 1.5952947 1.4909049 1.6788870 1.3919789 1.6901219 1.6363147 1.2991275 1.4054884 1.5962604 1.5718354 1.5521103 1.5716753 1.5729352 1.5439092 1.5723980 1.5858973 1.7284070 2.2631937 2.2704119 1.5487725 3.8493256 3.7271871 2.3010229 2.4388953 3.1744049 2.3807403 2.5805968 2.7909202 2.3842739 3.5797997 2.9222056 3.3879223 3.8540219 4.0921026 2.8170071 4.5191236 4.5311809 4.1430182 
Sanmal_Sma_015193-T1                                         0.9996814 0.9115162 0.9636671 0.9466505 0.9612950 1.0217146 0.9350337 0.9369017 0.9229156 0.9381171 0.8593546 0.7832662 0.9004691 0.8797213 0.9247922 1.0287039 1.0756309 1.0079086 0.2846508 0.3159426 0.0000000 0.5284819 0.6599610 0.6854265 1.2176966 1.3958357 1.3992990 1.4290529 1.2193828 1.1938883 1.5309366 1.4393196 1.3942454 1.5377604 1.4538936 1.5276352 1.5365153 1.2730883 1.3988326 1.5078447 1.3944583 1.3722489 1.5392597 1.4024150 1.3621541 1.4063241 1.4173168 1.6794834 2.0835895 2.0682998 1.4873996 3.7034245 3.7454674 2.2645894 2.3338992 2.8895241 2.3958708 2.4845300 2.7845697 2.6784032 3.3421502 2.8246683 3.2639518 3.4949687 3.5873841 2.8493864 4.1561928 4.2426982 4.0639663 
Morvir_scaffold260.g24.t1                                    1.0456511 0.9445023 0.9984815 0.9470978 0.9996207 1.0776278 0.9986936 0.9729348 0.9207859 1.0100336 0.9455331 0.7039929 0.9553347 0.9315296 0.8677161 1.0675810 1.1542938 1.0640857 0.5626766 0.6141285 0.5284819 0.0000000 0.7254231 0.7195395 1.2539295 1.4632520 1.5344644 1.5099508 1.2431804 1.2541482 1.6425365 1.5360378 1.4076596 1.4947047 1.4439582 1.5000487 1.5509266 1.2843569 1.4334558 1.5546134 1.4379297 1.4292145 1.5647856 1.4331309 1.3932127 1.4642680 1.4763576 1.5963618 2.1371621 2.0946747 1.4951054 3.9673849 3.8174114 2.3089965 2.4497935 2.9365268 2.3851225 2.5336329 2.7548326 2.6573055 3.3572962 2.7844262 3.1823247 3.4580039 3.6056231 2.9804663 4.2613652 4.0518541 4.0588208 
Hvul_g18490_1                                                1.0712718 0.9495075 1.0262398 0.9620792 1.1065322 1.1674936 0.9755186 1.0036854 0.9856888 1.0524403 1.0294370 0.8106022 0.9904178 0.9776888 0.7916682 1.0555171 1.1385128 1.0390642 0.7010824 0.6797447 0.6599610 0.7254231 0.0000000 0.4878745 1.2158533 1.4283563 1.4563342 1.3933468 1.2665808 1.2528896 1.5001965 1.4948249 1.3152347 1.1020247 1.4825194 1.5411488 1.4808192 1.4095488 1.5122100 1.3990581 1.3913401 1.3845265 1.4133922 1.4093621 1.3614186 1.4229304 1.4112911 1.4742032 1.8858971 1.8609408 1.3548012 2.8619836 2.8318635 2.2333556 2.4697156 2.3934547 1.9602483 2.1666718 2.5560570 1.6477670 2.8161074 2.3186935 2.7710146 3.3994195 3.6627323 2.4638258 3.8290452 3.6582400 3.4047806 
Chem_TCONS_00072647                                          1.1432942 1.0358093 1.0834535 1.0217158 1.0433101 1.1651935 1.0560641 1.0920401 1.0388289 1.1440631 1.0619637 0.7690977 1.0677495 1.0320203 0.9593518 1.1659242 1.2196782 1.1331812 0.6925133 0.7701770 0.6854265 0.7195395 0.4878745 0.0000000 1.3050621 1.5371147 1.5814453 1.6602079 1.2135273 1.2891073 1.6581711 1.5578799 1.4438724 1.6097827 1.4580104 1.5980649 1.6087767 1.3420717 1.5585653 1.5579336 1.4746632 1.4870725 1.5918293 1.4927631 1.4411714 1.5218275 1.5191776 1.6893689 2.1798895 2.1183952 1.6486813 4.1588364 3.8143180 2.2803293 2.3690331 2.9837585 2.4609197 2.5941725 2.9671318 2.5949791 3.4083488 2.8491700 3.3095494 3.5896718 3.7963076 2.8757226 4.1515177 4.1335788 4.2117956 
Tcas_TC010455_001                                            0.8535023 0.7725959 0.8302814 0.7957608 0.8032438 0.8578624 0.8570146 1.0119042 0.9661404 1.0334301 1.0046437 0.8620578 1.0166419 0.9792378 1.1219039 1.1020730 1.1429330 0.7461959 1.1994936 1.3601385 1.2176966 1.2539295 1.2158533 1.3050621 0.0000000 1.4137734 1.4741517 1.4912972 1.2008759 0.8675117 1.5183547 1.3930170 1.3040661 1.6887129 1.4301185 1.5781350 1.4713582 1.2623521 1.3829525 1.4814081 1.4202591 1.4129410 1.5719197 1.4072867 1.3952739 1.3990139 1.4062828 1.8131150 2.2130873 2.1298326 1.8457241 3.8693016 3.6620549 2.2661246 2.5556140 2.9126545 2.5617543 2.5413160 2.7952672 2.7917639 3.4109067 2.8170458 3.2501581 3.6024869 3.6455334 3.0601458 3.9922153 3.9126634 4.0173351 
Scil_scict020117.1                                           1.2591549 1.2237894 1.2981390 1.2207895 1.2772516 1.4423650 1.3105673 1.3358703 1.2270841 1.3852374 1.2799637 0.8453787 1.3088229 1.2638745 1.3477118 1.4053189 1.4890559 1.3405332 1.4311947 1.5773759 1.3958357 1.4632520 1.4283563 1.5371147 1.4137734 0.0000000 0.3647403 0.4451720 0.8283282 1.4360249 1.7134085 1.5723928 1.4159733 1.7284635 1.5379386 1.7110994 1.5756353 1.3510023 1.5398663 1.4909317 1.6965012 1.6526322 1.8116764 1.6116859 1.6155296 1.6487022 1.6539146 1.5803360 2.2507089 2.1945139 1.7816036 3.7720113 3.5391175 1.9857667 2.4208902 2.9425983 2.4044389 2.5407395 2.6560737 2.5964381 3.2650583 2.9097493 3.0344641 3.5872485 3.6953789 2.9697830 4.0438943 3.8389048 3.8534933 
Gracom_Gcom_scaffold9544_01                                  1.2396798 1.2157021 1.2573218 1.1970698 1.2450297 1.3981230 1.3068223 1.3046675 1.2164019 1.3583266 1.2827806 0.7773996 1.2936285 1.2590314 1.3154584 1.4173255 1.4946800 1.3338689 1.4098167 1.5241268 1.3992990 1.5344644 1.4563342 1.5814453 1.4741517 0.3647403 0.0000000 0.4449594 0.8114440 1.4450112 1.7671117 1.6363245 1.4665932 1.7549845 1.4959301 1.6712389 1.5761609 1.2813278 1.5079719 1.5603352 1.7432381 1.6942918 1.8090470 1.6445572 1.6173482 1.6540885 1.6568847 1.5858516 2.2346966 2.1763872 1.6723980 3.6901442 3.4541805 2.0674065 2.4812669 3.0153537 2.4533153 2.5996005 2.8309553 2.6147625 3.3748194 2.9619631 3.1139713 3.6644504 3.6996595 3.0233062 4.1183556 3.9722563 3.9300054 
Leuniv_Lniv_scaffold734_01                                   1.3631940 1.2360247 1.3760927 1.2412625 1.3428745 1.4799690 1.3774379 1.4022596 1.2899199 1.3717259 1.3685907 0.9408684 1.3128061 1.2853734 1.2920916 1.5425508 1.6742094 1.4168071 1.4540783 1.4820023 1.4290529 1.5099508 1.3933468 1.6602079 1.4912972 0.4451720 0.4449594 0.0000000 0.7972949 1.5707877 1.8005042 1.7437073 1.5816166 1.8150929 1.4849597 1.8382487 1.7140121 1.3284087 1.5818626 1.6824142 1.8262932 1.8204544 1.8102702 1.8130434 1.7928344 1.8328743 1.8393812 1.4944718 2.1404925 2.1104172 1.8213191 3.6241724 3.5583834 1.8964028 2.3836509 3.1239075 2.4761805 2.5659086 2.7158063 2.3252336 3.3029971 2.7903816 3.1332665 4.1248563 4.0537582 3.1392588 4.1224229 4.0311353 3.7868270 
Clacor_Ccor_scaffold7053_01                                  1.0447677 0.9870986 1.0449661 0.9689130 1.0661367 1.1944780 1.0763008 1.1022540 1.0150915 1.0707372 1.1493606 0.9372403 1.0676484 1.0646191 0.9419994 1.2223266 1.2516984 1.0736661 1.2234282 1.2582576 1.2193828 1.2431804 1.2665808 1.2135273 1.2008759 0.8283282 0.8114440 0.7972949 0.0000000 1.2565895 1.3077878 1.2840040 1.2351306 0.9894235 1.4703316 1.5060046 1.4732766 1.3423933 1.3644693 1.2937214 1.5438973 1.5533064 1.5817937 1.5462276 1.5238233 1.5785371 1.5889631 1.3273102 1.8056201 1.7134431 1.2411776 2.8582684 2.8667574 1.9300393 2.5936008 2.5480371 2.0550580 2.1213771 2.7484573 1.5699139 2.7978098 2.4237178 2.7085407 3.2769562 3.5581978 2.2813857 3.6191328 3.3104963 3.0958075 
Dpul_mRNA22962                                               0.8541161 0.7876674 0.8634906 0.7673660 0.8521305 0.9083953 0.8416897 1.0000665 0.9275302 1.0248396 0.9899752 1.0057819 1.0019021 0.9618892 1.1800925 1.1067343 1.1389326 0.7905885 1.2356385 1.4322875 1.1938883 1.2541482 1.2528896 1.2891073 0.8675117 1.4360249 1.4450112 1.5707877 1.2565895 0.0000000 1.5192891 1.4526670 1.3383703 1.7278259 1.4893566 1.5982351 1.5257385 1.3563828 1.4680136 1.5012557 1.4801100 1.4566740 1.6662233 1.4296715 1.4077029 1.4344475 1.4402494 1.9834823 2.2577103 2.1427625 2.0801373 3.7124450 3.6416381 2.2293955 2.5097271 2.8629192 2.6516764 2.5562091 2.8416720 2.8839788 3.4723588 2.9032165 3.3483602 3.6950413 3.6919289 3.1340066 3.9759008 3.8174722 3.8132664 
Ocar_g455                                                    1.4088041 1.2597649 1.3748647 1.3244476 1.3426413 1.4738235 1.4019643 1.4006335 1.3102130 1.4346047 1.3654462 1.0158294 1.3481742 1.2934293 1.2092518 1.4863803 1.5243792 1.4681786 1.5751008 1.7146756 1.5309366 1.6425365 1.5001965 1.6581711 1.5183547 1.7134085 1.7671117 1.8005042 1.3077878 1.5192891 0.0000000 0.0478129 0.8521904 1.8095877 1.5629502 1.7283637 1.7207299 1.4653034 1.6071248 1.6286473 1.7591820 1.7371822 2.0030290 1.7837988 1.7374047 1.7749651 1.7837212 1.8334254 2.4728016 2.4815117 1.8859669 3.7502354 3.6367452 2.1705883 2.5956909 3.0435535 2.4007623 2.5041834 2.7968042 2.6706044 3.3861058 2.9584427 3.2959829 3.6775283 3.8308130 2.8660077 4.0837487 3.9226956 4.0156951 
Opea_EP00118_Oscarella_pearsei_P018944                       1.2908585 1.1605270 1.2509799 1.2227715 1.2481677 1.3221859 1.2954240 1.2803387 1.2148746 1.3057725 1.2515311 1.0158294 1.2167738 1.1770625 1.2319019 1.3881557 1.4418076 1.3271525 1.4706998 1.5952947 1.4393196 1.5360378 1.4948249 1.5578799 1.3930170 1.5723928 1.6363245 1.7437073 1.2840040 1.4526670 0.0478129 0.0000000 0.7622221 1.6712118 1.5730051 1.6440209 1.6460684 1.4619645 1.5813905 1.5576794 1.6405760 1.6055112 1.8580939 1.6544116 1.6221139 1.6493484 1.6581656 1.8579271 2.3429663 2.3606493 1.8812824 3.9674581 3.7005338 2.1604020 2.6000635 3.0764697 2.5926427 2.4444296 2.8719268 2.7978394 3.2875908 2.9460112 3.2288870 3.6107206 3.7914697 2.9190207 4.0276100 3.9966243 4.0564989 
Plajan_Pjan_scaffold11588_01                                 1.1899634 1.1336227 1.1363837 1.1448209 1.1165724 1.2403792 1.2173668 1.2197903 1.1854673 1.2232288 1.1258654 1.0719141 1.1599019 1.1156383 1.3528544 1.2569345 1.2926697 1.2467982 1.4067068 1.4909049 1.3942454 1.4076596 1.3152347 1.4438724 1.3040661 1.4159733 1.4665932 1.5816166 1.2351306 1.3383703 0.8521904 0.7622221 0.0000000 1.5865799 1.5520742 1.5814765 1.5263821 1.3133849 1.4830028 1.4470904 1.4944596 1.5200606 1.6814098 1.5333949 1.5078227 1.5562706 1.5612335 1.8100684 2.3639740 2.3013685 1.7715488 3.7833245 3.6758668 1.8620697 2.1127643 2.9335029 2.1822133 2.4694894 2.8755391 2.8008910 3.2265567 2.8583879 3.1790893 3.6048319 3.5639270 2.8604888 3.8902423 3.8678907 3.8054275 
Aque_Aqu2.1.14103_001                                        1.4959885 1.3973692 1.4070344 1.4392035 1.4618577 1.5315265 1.4635449 1.4930147 1.4551508 1.5058387 1.4446456 1.1352340 1.4230938 1.4199218 1.4434778 1.5629140 1.6059253 1.5101778 1.5642323 1.6788870 1.5377604 1.4947047 1.1020247 1.6097827 1.6887129 1.7284635 1.7549845 1.8150929 0.9894235 1.7278259 1.8095877 1.6712118 1.5865799 0.0000000 0.4193819 0.3145172 0.9421076 0.4787492 0.7452931 1.1393507 1.9312716 1.8911257 1.9906988 1.8769257 1.8476104 1.8940128 1.8766942 1.8206594 2.5720862 2.4028278 1.8605479 4.0986890 3.7554728 1.7552388 1.1849553 3.0612726 2.3120730 2.5321537 2.8443421 2.9615655 3.3132175 2.8860619 3.2427031 3.6404430 3.6583541 3.0458643 4.0491577 4.0589553 4.1330316 
Xestes_snap_masked-XT_scaffold3848-processed-gene-0.3-mRNA-1 1.3628500 1.1756596 1.2386901 1.2155200 1.3033831 1.2821162 1.3130739 1.2850580 1.2848466 1.3248189 1.3029716 1.1373060 1.2897079 1.2783928 1.3732178 1.3609434 1.4487135 1.2367648 1.3566794 1.3919789 1.4538936 1.4439582 1.4825194 1.4580104 1.4301185 1.5379386 1.4959301 1.4849597 1.4703316 1.4893566 1.5629502 1.5730051 1.5520742 0.4193819 0.0000000 0.2372345 0.7377703 0.6233486 0.5939535 0.9157805 1.6654333 1.6593153 1.6427386 1.6784204 1.6760893 1.6602017 1.6607037 1.9700924 2.2457771 2.2025897 1.9539764 3.4327992 3.3671606 2.5214312 2.6972232 2.9103508 2.2846108 2.2977579 3.0628462 2.2414258 3.4026781 2.4657256 3.1742680 3.8082776 3.8914254 2.7600352 4.0163806 3.9473609 3.6854589 
Halamb_c56429_g1_i1m.43307                                   1.4321760 1.3527277 1.3367467 1.3305772 1.3599849 1.4602090 1.3612692 1.4097731 1.3463515 1.4621298 1.4255349 1.0591389 1.3978998 1.3559446 1.4303494 1.4637181 1.5055432 1.4046624 1.5558095 1.6901219 1.5276352 1.5000487 1.5411488 1.5980649 1.5781350 1.7110994 1.6712389 1.8382487 1.5060046 1.5982351 1.7283637 1.6440209 1.5814765 0.3145172 0.2372345 0.0000000 0.8238173 0.6938959 0.6847731 1.1022366 1.7798038 1.7709234 1.9668630 1.7625427 1.7117309 1.7792894 1.7725307 1.9662060 2.4829500 2.3332515 1.9438365 4.2413498 3.9534363 2.4937683 2.5440981 3.1395748 2.5362227 2.6204995 3.0154842 2.7773566 3.5194876 3.0095474 3.3787000 3.7181254 3.7779750 3.0219975 4.0527484 4.1557096 4.2689419 
Emue_Em0021g557a.t1                                          1.3602534 1.2682962 1.2844986 1.2379573 1.2942420 1.4017505 1.3181230 1.3381679 1.2588228 1.3800205 1.3589350 1.1222690 1.3634595 1.3177612 1.3599330 1.4352295 1.5091640 1.3467882 1.5192224 1.6363147 1.5365153 1.5509266 1.4808192 1.6087767 1.4713582 1.5756353 1.5761609 1.7140121 1.4732766 1.5257385 1.7207299 1.6460684 1.5263821 0.9421076 0.7377703 0.8238173 0.0000000 0.1270931 0.6728921 1.0400897 1.7753209 1.7648598 1.8903256 1.7353893 1.6725476 1.7398220 1.7348696 1.7785551 2.4179287 2.2076828 1.7349412 4.1158060 3.7195235 2.2543754 2.6454547 3.0818056 2.5139891 2.6375697 2.9686680 2.7708830 3.4423256 2.8790937 3.1667833 3.7406913 3.7529984 3.0520486 4.2001071 4.1216215 4.1096044 
Spolac_c104959_g1_i2_m.44593c104959-g1                       1.1202187 1.0202594 1.0742073 0.9679022 1.1366594 1.2465041 1.1120142 1.1399531 0.9928044 1.1671467 1.2048155 0.5224758 1.1244470 1.1071234 0.4503682 1.3032371 1.4124275 1.1077860 1.2796809 1.2991275 1.2730883 1.2843569 1.4095488 1.3420717 1.2623521 1.3510023 1.2813278 1.3284087 1.3423933 1.3563828 1.4653034 1.4619645 1.3133849 0.4787492 0.6233486 0.6938959 0.1270931 0.0000000 0.5812036 0.8850016 1.4803537 1.4782824 1.4610457 1.4688755 1.4172778 1.4686835 1.4584625 1.5171166 1.9957408 1.8562151 1.2241478 3.1504514 2.8028578 2.2286577 2.6126591 2.5364920 2.0128975 2.2087884 2.5237370 1.6557073 3.0131862 2.5240502 2.6418797 3.3388374 3.5861587 2.3485750 3.6512771 3.6506351 3.2718869 
Tetwil_g26102.t2                                             1.3082386 1.1510122 1.1966935 1.0971808 1.2074435 1.3756844 1.2928390 1.3001220 1.2422034 1.3310672 1.3858948 0.9294929 1.2717187 1.2526517 1.2763118 1.3130775 1.4217570 1.2685090 1.3897854 1.4054884 1.3988326 1.4334558 1.5122100 1.5585653 1.3829525 1.5398663 1.5079719 1.5818626 1.3644693 1.4680136 1.6071248 1.5813905 1.4830028 0.7452931 0.5939535 0.6847731 0.6728921 0.5812036 0.0000000 0.9475280 1.7100737 1.6896672 1.6804789 1.6603723 1.6112597 1.6660647 1.6723166 1.7456199 2.2178370 2.0004568 1.7319254 3.3210379 3.2689074 2.5484972 2.7476133 2.8454195 2.3374256 2.4068040 2.8303918 2.1998270 3.2040526 2.5584323 2.9701859 3.8510707 3.8232078 2.7005997 3.9024635 3.6182582 3.4432702 
Plespi_Pspi_C615816_01                                       1.3570459 1.3001769 1.2701687 1.2491011 1.2779492 1.3906776 1.3326792 1.3153847 1.2815470 1.3795433 1.3063928 1.1080210 1.2982673 1.2610469 1.3147096 1.3819735 1.3890200 1.3577257 1.5430076 1.5962604 1.5078447 1.5546134 1.3990581 1.5579336 1.4814081 1.4909317 1.5603352 1.6824142 1.2937214 1.5012557 1.6286473 1.5576794 1.4470904 1.1393507 0.9157805 1.1022366 1.0400897 0.8850016 0.9475280 0.0000000 1.7616990 1.7706410 1.8999117 1.7591027 1.7307443 1.7527877 1.7510340 1.8821879 2.4315858 2.4248857 1.8979781 3.9113435 3.6694300 2.2232731 2.5327475 3.0942937 2.4066688 2.5407736 2.9459793 2.7417106 3.4755603 2.8694300 3.0941556 3.7916567 3.8638094 2.9907784 4.1710309 4.0872858 4.0284666 
Tadh_TriadT59589                                             1.2035345 1.1296134 1.2529219 1.1989019 1.2116882 1.2646018 1.1770490 1.2349526 1.1755494 1.2230888 1.1733183 1.0982005 1.1946525 1.1609023 1.4521964 1.3313328 1.3777064 1.2122614 1.4352608 1.5718354 1.3944583 1.4379297 1.3913401 1.4746632 1.4202591 1.6965012 1.7432381 1.8262932 1.5438973 1.4801100 1.7591820 1.6405760 1.4944596 1.9312716 1.6654333 1.7798038 1.7753209 1.4803537 1.7100737 1.7616990 0.0000000 0.0090137 0.2344409 0.2098332 0.1918172 0.2402378 0.2431217 1.7125673 2.3874075 2.3035810 1.9516677 3.7338477 3.7388783 2.2926680 2.4765836 2.9501985 2.3124256 2.6672505 2.8147067 2.6801479 3.4030019 2.9686629 3.4118214 3.7898570 3.7232477 3.0605113 4.2026846 4.1639968 4.3295291 
TrH2_TrispH2_010509-RA                                       1.2017204 1.1313759 1.2536884 1.2085345 1.1868839 1.2739433 1.1894443 1.2356286 1.1767605 1.2406244 1.1778608 1.0567825 1.1854855 1.1593965 1.4134414 1.3382048 1.3851423 1.2301157 1.4199168 1.5521103 1.3722489 1.4292145 1.3845265 1.4870725 1.4129410 1.6526322 1.6942918 1.8204544 1.5533064 1.4566740 1.7371822 1.6055112 1.5200606 1.8911257 1.6593153 1.7709234 1.7648598 1.4782824 1.6896672 1.7706410 0.0090137 0.0000000 0.2300311 0.1969443 0.1778924 0.2225395 0.2258840 1.7192052 2.3851539 2.2677361 1.9291790 3.7634826 3.7531938 2.2797814 2.4847596 2.9631144 2.3178085 2.6574368 2.7933229 2.6148320 3.3528976 2.9378115 3.3534724 3.7318117 3.6728189 3.0345142 4.1442193 4.1403495 4.2631091 
HoiH06_mRNA2845                                              1.3476228 1.2513839 1.3887465 1.3353324 1.3605060 1.4277529 1.3209622 1.3663599 1.2869711 1.3608239 1.3090158 1.0953688 1.3041929 1.3012604 1.4378333 1.5079591 1.6012039 1.3363101 1.5751099 1.5716753 1.5392597 1.5647856 1.4133922 1.5918293 1.5719197 1.8116764 1.8090470 1.8102702 1.5817937 1.6662233 2.0030290 1.8580939 1.6814098 1.9906988 1.6427386 1.9668630 1.8903256 1.4610457 1.6804789 1.8999117 0.2344409 0.2300311 0.0000000 0.0533842 0.1356555 0.1363280 0.1399783 1.7624908 2.6080549 2.4403661 1.9185342 3.9134754 3.9152699 2.3155386 2.5554423 3.1711714 2.2639382 2.7568255 2.8891607 2.5297235 3.4930266 3.0359087 3.5812189 4.0037353 4.0313697 2.8747620 4.2813052 4.5687628 4.2533820 
HoiH23_PlH23_006439-RA                                       1.1887793 1.1362468 1.2363480 1.2012176 1.1732748 1.2733684 1.1865376 1.2250020 1.1728875 1.2241947 1.1553721 1.0532669 1.1672147 1.1385425 1.4686650 1.3244595 1.3981607 1.2280649 1.4401094 1.5729352 1.4024150 1.4331309 1.4093621 1.4927631 1.4072867 1.6116859 1.6445572 1.8130434 1.5462276 1.4296715 1.7837988 1.6544116 1.5333949 1.8769257 1.6784204 1.7625427 1.7353893 1.4688755 1.6603723 1.7591027 0.2098332 0.1969443 0.0533842 0.0000000 0.1115925 0.1150045 0.1178184 1.8113169 2.4787743 2.2684761 1.9526810 3.7884009 3.8138884 2.3142245 2.5340241 2.9477978 2.3852648 2.6554040 2.9175626 2.6492621 3.3975427 2.9578855 3.3386308 3.7990495 3.7654247 3.0656436 4.1113056 4.1400439 4.3645308 
HoiH11_mRNA372                                               1.1425721 1.0946712 1.2111858 1.1380962 1.1694445 1.2823241 1.1396684 1.1806424 1.1496642 1.1846377 1.1158413 1.0799747 1.1491139 1.1181048 1.4803597 1.2953943 1.3567558 1.2022517 1.3981145 1.5439092 1.3621541 1.3932127 1.3614186 1.4411714 1.3952739 1.6155296 1.6173482 1.7928344 1.5238233 1.4077029 1.7374047 1.6221139 1.5078227 1.8476104 1.6760893 1.7117309 1.6725476 1.4172778 1.6112597 1.7307443 0.1918172 0.1778924 0.1356555 0.1115925 0.0000000 0.1394054 0.1415210 1.7797783 2.3887818 2.2248523 1.9389901 3.8448196 3.7974301 2.3554951 2.5650628 2.9495175 2.3351596 2.6568382 2.9578724 2.6389115 3.3894714 2.9317421 3.4307280 3.7657037 3.6685195 3.0007995 4.1768894 4.1504298 4.3622164 
Hhon_g07905.t1                                               1.2055121 1.1647342 1.2450149 1.2017189 1.1777459 1.2884041 1.1944845 1.2513590 1.2008761 1.2565221 1.1871999 1.0470746 1.1898710 1.1593578 1.4598217 1.3444877 1.4069857 1.2329566 1.4463555 1.5723980 1.4063241 1.4642680 1.4229304 1.5218275 1.3990139 1.6487022 1.6540885 1.8328743 1.5785371 1.4344475 1.7749651 1.6493484 1.5562706 1.8940128 1.6602017 1.7792894 1.7398220 1.4686835 1.6660647 1.7527877 0.2402378 0.2225395 0.1363280 0.1150045 0.1394054 0.0000000 0.0116151 1.7932255 2.4046244 2.2268066 1.8836693 3.8104996 3.7855566 2.2837308 2.4707322 2.9184807 2.3524614 2.7025480 2.9505981 2.6162222 3.3916901 2.9702629 3.3645084 3.8197060 3.7754707 3.0340480 4.1513821 4.0686598 4.1595680 
HoiH04_mRNA17238                                             1.2126576 1.1676861 1.2528048 1.2081763 1.1811655 1.2983125 1.2018582 1.2529818 1.2023458 1.2650356 1.1898983 1.0470746 1.1955343 1.1646169 1.4479261 1.3503294 1.4146709 1.2352493 1.4564358 1.5858973 1.4173168 1.4763576 1.4112911 1.5191776 1.4062828 1.6539146 1.6568847 1.8393812 1.5889631 1.4402494 1.7837212 1.6581656 1.5612335 1.8766942 1.6607037 1.7725307 1.7348696 1.4584625 1.6723166 1.7510340 0.2431217 0.2258840 0.1399783 0.1178184 0.1415210 0.0116151 0.0000000 1.7932255 2.4067278 2.2361119 1.8817239 3.8193098 3.7802379 2.2894274 2.4899051 2.9405323 2.3697745 2.7137364 2.9243863 2.6030184 3.3835467 2.9575822 3.3629809 3.8056709 3.7663254 3.0647160 4.1510612 4.0656775 4.1962517 
Pbac_sb2644455                                               1.6599513 1.6556301 1.5708374 1.6762159 1.7974361 1.8989322 1.6497414 1.7496744 1.6679319 1.7634046 1.5872817 1.1681773 1.6778314 1.6525948 1.4603906 1.6608330 1.7535858 1.6729110 1.6955288 1.7284070 1.6794834 1.5963618 1.4742032 1.6893689 1.8131150 1.5803360 1.5858516 1.4944718 1.3273102 1.9834823 1.8334254 1.8579271 1.8100684 1.8206594 1.9700924 1.9662060 1.7785551 1.5171166 1.7456199 1.8821879 1.7125673 1.7192052 1.7624908 1.8113169 1.7797783 1.7932255 1.7932255 0.0000000 0.0388653 0.8131499 0.6323552 2.4878513 2.3966965 2.2002004 1.9223397 2.2275608 2.1011181 2.1323790 2.2176718 2.1105443 2.2438894 2.0656760 2.4793808 3.0217043 3.0912066 2.4388069 2.9464921 2.7723947 2.6024979 
Horcal_Hcv1.av93.c13.g95.i3                                  2.0759811 2.0796787 2.0546408 2.0296404 2.1814052 2.1506606 2.0408638 2.1433764 2.0429970 2.2269944 2.0838966 1.1681773 2.1514613 2.0810122 1.5806849 2.1868727 2.2974824 2.1046862 2.1144083 2.2631937 2.0835895 2.1371621 1.8858971 2.1798895 2.2130873 2.2507089 2.2346966 2.1404925 1.8056201 2.2577103 2.4728016 2.3429663 2.3639740 2.5720862 2.2457771 2.4829500 2.4179287 1.9957408 2.2178370 2.4315858 2.3874075 2.3851539 2.6080549 2.4787743 2.3887818 2.4046244 2.4067278 0.0388653 0.0000000 1.0325272 0.6349621 4.0347558 3.9521177 2.7361372 2.9178820 3.3878618 2.5809766 3.2399728 3.0128615 2.9026689 3.6508793 3.4835575 3.6588804 4.2765447 4.3998546 3.3019269 4.6688634 4.6342989 4.3647664 
Coemet_Cmet_scaffold22708_01                                 1.9821050 2.0116671 1.9707568 1.9592620 1.9983928 2.1086347 2.0092074 2.0273460 1.9618743 2.1145793 1.9918295 1.1540460 2.0038886 1.9773148 1.6477284 2.0934002 2.1266888 2.0091644 2.1418371 2.2704119 2.0682998 2.0946747 1.8609408 2.1183952 2.1298326 2.1945139 2.1763872 2.1104172 1.7134431 2.1427625 2.4815117 2.3606493 2.3013685 2.4028278 2.2025897 2.3332515 2.2076828 1.8562151 2.0004568 2.4248857 2.3035810 2.2677361 2.4403661 2.2684761 2.2248523 2.2268066 2.2361119 0.8131499 1.0325272 0.0000000 0.6307927 4.0990651 3.9812345 2.7338388 2.8316787 3.3380654 2.8774335 3.1768136 2.9412932 3.0649442 3.7034232 3.4174572 3.5938293 4.0346102 4.2085214 3.5371306 4.5833727 4.5634931 4.5145755 
Lampan_Lpan_15978_01                                         1.6257191 1.6619019 1.5492285 1.6182263 1.7033103 1.8055725 1.6354608 1.6032923 1.6378578 1.6827447 1.4861816 1.0340911 1.5563397 1.5460917 1.3796690 1.5749042 1.6087605 1.6276474 1.5182623 1.5487725 1.4873996 1.4951054 1.3548012 1.6486813 1.8457241 1.7816036 1.6723980 1.8213191 1.2411776 2.0801373 1.8859669 1.8812824 1.7715488 1.8605479 1.9539764 1.9438365 1.7349412 1.2241478 1.7319254 1.8979781 1.9516677 1.9291790 1.9185342 1.9526810 1.9389901 1.8836693 1.8817239 0.6323552 0.6349621 0.6307927 0.0000000 3.1308786 2.7969969 2.0450725 1.8532006 2.6229374 2.5259127 2.5343087 2.3039595 2.4731536 2.6666775 2.3810908 2.8159078 3.3983508 3.3534715 2.4253556 3.4696915 3.1904724 3.0463163 
Sros_EGD80675                                                3.7819634 3.7059795 3.7999158 3.7391743 3.7842899 3.7746501 3.8050250 3.8965145 3.8690133 4.2500009 3.6509910 1.5263201 3.8380165 3.7748502 2.9317231 3.8552815 3.8225308 3.8255904 3.8537476 3.8493256 3.7034245 3.9673849 2.8619836 4.1588364 3.8693016 3.7720113 3.6901442 3.6241724 2.8582684 3.7124450 3.7502354 3.9674581 3.7833245 4.0986890 3.4327992 4.2413498 4.1158060 3.1504514 3.3210379 3.9113435 3.7338477 3.7634826 3.9134754 3.7884009 3.8448196 3.8104996 3.8193098 2.4878513 4.0347558 4.0990651 3.1308786 0.0000000 1.1181526 3.0295758 2.4453552 3.3632703 2.4096873 3.3241988 2.8842093 2.6912972 3.9102082 3.6142597 3.8239953 4.2243941 4.2163971 3.3146441 3.6184366 3.6182656 3.2437990 
Microa_EP00043_Microstomoeca_roanoka_P005964                 3.6341778 3.5371134 3.5612263 3.4997376 3.6099482 3.6536199 3.5906010 3.6234377 3.6388943 3.8476177 3.3930499 1.5304046 3.6952968 3.5769756 2.8393566 3.6698859 3.6389393 3.5713781 3.7304844 3.7271871 3.7454674 3.8174114 2.8318635 3.8143180 3.6620549 3.5391175 3.4541805 3.5583834 2.8667574 3.6416381 3.6367452 3.7005338 3.6758668 3.7554728 3.3671606 3.9534363 3.7195235 2.8028578 3.2689074 3.6694300 3.7388783 3.7531938 3.9152699 3.8138884 3.7974301 3.7855566 3.7802379 2.3966965 3.9521177 3.9812345 2.7969969 1.1181526 0.0000000 3.2183015 2.3713494 3.3056475 2.2562537 3.0500480 2.8707022 2.8125641 3.9966074 3.5246468 3.5513395 4.2330601 4.1632658 3.2221854 3.5142682 3.3474244 3.0665800 
