46
Skow_XM_006812240.1                             0.0000000 0.7021771 0.9964106 0.7611274 1.1779133 1.0268876 1.0750526 1.1069987 1.0407494 1.1133368 0.8954217 1.1021073 0.9525005 1.1771218 1.0891630 1.0891630 1.1377640 0.9906580 1.4070267 1.5518412 1.5764238 1.3885032 1.2501199 1.5922370 1.7021363 1.0628469 1.4324190 1.4220890 1.6655873 1.9943383 1.7003533 1.8483937 1.8841761 2.1371098 1.8798461 1.1659633 1.3644057 1.4298570 1.5971449 1.1689095 1.1503427 1.6176461 1.5476099 1.8455939 1.6010406 1.7647287 
Exapal_XM_021047858.2                           0.7021771 0.0000000 0.2716543 0.5630562 0.5997665 0.4509734 0.4518156 0.4665098 0.4367628 0.6721466 0.7130717 0.7042192 0.7484725 0.8207734 0.6151735 0.6151735 0.7584277 0.8615896 0.9311040 0.8778878 0.8936724 0.8247172 0.8298195 0.9366404 1.2367758 1.4593594 1.0295618 1.0658131 1.3186557 1.3848490 1.0337175 1.3361118 1.2087835 1.4269057 1.2850581 0.9296291 0.9253137 1.5509205 1.5367864 1.2969369 1.2704247 1.6085666 1.5732322 1.4150183 1.1937931 1.3634319 
Nvec_v1g177136                                  0.9964106 0.2716543 0.0000000 0.7320184 0.9216367 0.7390756 0.6937712 0.6435835 0.6167836 0.8395019 0.8040187 0.8867392 0.8292801 0.9693649 0.8603194 0.8603194 0.8403940 0.9854726 1.3446820 1.3318725 1.2772196 1.1631988 1.0552495 1.4377523 1.6461135 1.3889251 1.4880212 1.2248017 1.6448317 1.6650448 1.5299307 1.6757445 1.6964986 2.0349676 1.7853129 1.1574720 1.1487365 1.4267566 1.5264665 1.2241647 1.2002705 1.4612323 1.5248619 1.6859627 1.4958734 1.2891219 
Adig_XM_015914243.1                             0.7611274 0.5630562 0.7320184 0.0000000 0.0561925 0.1553527 0.2172420 0.2784645 0.2567182 0.8762521 0.7600888 0.7835106 0.8238111 0.8051230 0.8832538 0.8832538 0.8994079 0.8903292 0.8754092 0.9606229 0.9200406 0.8160442 0.7669940 0.9955843 1.5264151 1.3080552 1.1477630 1.3001451 1.6543475 1.6907068 1.2277885 1.6351009 1.3704292 1.7715907 1.5447295 1.0462132 1.3222885 1.3614424 1.3614424 1.0840058 1.0978541 1.3607657 1.3238746 1.6570236 0.8615750 1.2943279 
Amil_Amillepora07744-RA                         1.1779133 0.5997665 0.9216367 0.0561925 0.0000000 0.3222342 0.4416747 0.5095504 0.4668429 1.1527428 0.8657840 1.1441684 0.8571089 1.2260296 1.2142544 1.2142544 1.2000804 1.1417601 1.5687139 1.5445834 1.6159049 1.2779046 1.2619680 1.7494495 2.1765807 1.4224449 1.8091002 1.7555577 2.2684764 2.3506115 1.8729067 2.3018737 1.8380741 2.1363091 2.1705390 1.2369165 1.4156006 1.7772570 2.1153423 1.4938771 1.4896237 2.2740681 2.1331472 2.1297782 1.5826356 0.8861682 
Gfas_gfas1.m1.15923.m1                          1.0268876 0.4509734 0.7390756 0.1553527 0.3222342 0.0000000 0.3506068 0.3808536 0.3459827 1.0767075 0.8279283 1.1119429 0.7931219 1.1758777 1.0464628 1.0464628 1.0362893 1.0147849 1.5784214 1.4030279 1.4175644 1.2292352 1.2245674 1.5542647 1.9876886 1.2838659 1.7101389 1.5888564 2.0648606 2.2923698 1.7338431 2.0803263 1.7394019 2.0781191 1.9310767 1.1570521 1.2204788 1.7353902 1.9876559 1.4194245 1.3927498 1.9844151 1.9370016 1.8197487 1.5880997 0.9533203 
Fspp_ffun1.m4.21673.m1                          1.0750526 0.4518156 0.6937712 0.2172420 0.4416747 0.3506068 0.0000000 0.3365255 0.2788464 1.1075900 0.7952376 1.0252658 0.6992556 1.0754437 0.9890127 0.9890127 1.0717742 0.9126258 1.3702741 1.2260744 1.3512702 1.2704041 1.2371601 1.4853693 1.9501916 1.3230348 1.5748583 1.5623256 1.9156332 2.0269900 1.7952966 2.1779210 1.8187734 2.0459371 2.0437839 1.1381385 1.3533420 1.5690764 1.7619668 1.3237244 1.2940392 1.7371027 1.7140999 1.8253503 1.5577727 0.6888486 
Spis_XP_022799724_1                             1.1069987 0.4665098 0.6435835 0.2784645 0.5095504 0.3808536 0.3365255 0.0000000 0.1113456 1.0742482 0.8188861 1.0834149 0.7670345 1.1313386 1.0028984 1.0028984 0.9717415 0.9626764 1.6282886 1.2875021 1.3792269 1.3046770 1.2412315 1.5426648 2.0539054 1.2201791 1.6400172 1.5087828 2.0022794 2.1794119 1.7128301 2.2995444 1.9896457 2.1779589 2.1731617 1.2767525 1.2444672 1.6435380 1.8437427 1.3914487 1.3657377 1.8751524 1.8452975 2.1034065 1.5721594 0.9100531 
Pocdam_XM_027184484.1                           1.0407494 0.4367628 0.6167836 0.2567182 0.4668429 0.3459827 0.2788464 0.1113456 0.0000000 1.0122043 0.7778056 1.0214131 0.7536763 1.1269624 0.9880213 0.9880213 1.0335092 0.9305743 1.5366532 1.2819753 1.2972842 1.2529177 1.2374273 1.4929835 1.9973012 1.2849013 1.5997735 1.4846345 2.0485316 2.0571868 1.6722500 2.1856878 1.7598520 2.0080297 2.0655601 1.1896209 1.2189422 1.6706007 1.8637002 1.3661130 1.3404573 1.7483673 1.7390099 1.8533263 1.4783909 0.8618944 
Lcom_lcpid95847                                 1.1133368 0.6721466 0.8395019 0.8762521 1.1527428 1.0767075 1.1075900 1.0742482 1.0122043 0.0000000 0.2749183 0.4998270 0.4418916 0.8954447 0.8895316 0.8895316 0.9859212 1.0177349 1.4231902 1.3365689 1.2690717 1.2750048 1.3075037 1.3656162 1.7544623 0.9599577 1.4265306 1.3573556 1.5368816 1.7276664 1.4484570 1.8762803 1.8062512 1.7475631 1.9755123 1.1488697 0.9964617 1.2443974 1.5559036 1.2137674 1.1897611 1.8104277 1.8355380 1.7935732 1.5023244 1.8983400 
Leuniv_Lniv_scaffold7296_01                     0.8954217 0.7130717 0.8040187 0.7600888 0.8657840 0.8279283 0.7952376 0.8188861 0.7778056 0.2749183 0.0000000 0.3132349 0.4229512 0.6835700 0.7066107 0.7066107 0.6531019 1.0397017 1.1595642 1.1489056 1.1339347 1.1436539 1.0154084 1.1207041 1.1403603 0.7770723 1.2246839 0.9848832 1.1119637 1.2093621 1.1027852 1.4883436 1.3736668 1.2885094 1.4422665 0.8480356 0.7946585 1.3180995 1.4401978 1.2271271 1.2000682 1.6034936 1.6518336 1.5970776 1.3136305 1.3273043 
Gracom_Gcom_scaffold15104_01                    1.1021073 0.7042192 0.8867392 0.7835106 1.1441684 1.1119429 1.0252658 1.0834149 1.0214131 0.4998270 0.3132349 0.0000000 0.4526255 0.8778865 1.0041466 1.0041466 0.9007943 1.0082549 1.3824002 1.3511268 1.2370954 1.2890447 1.2239793 1.5017824 1.6317776 0.9187749 1.4049308 1.3535778 1.4879821 1.6897749 1.4272956 1.8393297 1.8054022 1.5851086 1.9165684 1.0510054 0.9733234 1.2075941 1.5035658 1.0723490 1.0517954 1.7036367 1.7113547 1.8130649 1.3033845 1.8179003 
Clacor_Ccor_scaffold1596_01                     0.9525005 0.7484725 0.8292801 0.8238111 0.8571089 0.7931219 0.6992556 0.7670345 0.7536763 0.4418916 0.4229512 0.4526255 0.0000000 0.5825217 0.6514151 0.6514151 0.7471836 0.8684369 1.0759619 0.9505589 0.9599591 1.1443493 1.0701261 1.0046927 1.3202804 0.8993863 1.2738738 1.0569408 1.2733508 1.3824559 1.2151902 1.6400487 1.4613979 1.5084429 1.6000117 0.8987320 0.8393751 1.2217140 1.2644432 1.2174597 1.1964935 1.4441456 1.4558646 1.4458734 1.2661857 1.1935037 
Plajan_Pjan_C557547_01                          1.1771218 0.8207734 0.9693649 0.8051230 1.2260296 1.1758777 1.0754437 1.1313386 1.1269624 0.8954447 0.6835700 0.8778865 0.5825217 0.0000000 0.6941348 0.6941348 0.9417303 1.0177339 1.3679818 1.1484792 1.3474689 1.4434114 1.3537174 1.4307409 1.8004723 1.0533278 1.7389769 1.5284374 1.6013485 1.7678870 1.8057020 1.9758790 1.9517895 1.9453624 2.1728577 1.1633737 1.1197024 1.4168363 1.7390660 1.1380226 1.1239422 1.7788052 1.7373781 1.8956451 1.3956584 1.8897003 
Ocar_g4563                                      1.0891630 0.6151735 0.8603194 0.8832538 1.2142544 1.0464628 0.9890127 1.0028984 0.9880213 0.8895316 0.7066107 1.0041466 0.6514151 0.6941348 0.0000000 0.0000010 0.9622071 1.0082178 1.3934547 1.1545022 1.3218047 1.2030280 1.2099614 1.3111533 1.6958604 1.2295468 1.5243455 1.4846685 1.6557159 1.7831927 1.7290095 1.9922650 1.7861665 1.8190670 1.8677036 1.0631649 1.1728228 1.3764820 1.6372488 1.1314405 1.1117721 1.6608704 1.6707791 1.8802901 1.4575920 1.6107033 
Opea_EP00118_Oscarella_pearsei_P026626          1.0891630 0.6151735 0.8603194 0.8832538 1.2142544 1.0464628 0.9890127 1.0028984 0.9880213 0.8895316 0.7066107 1.0041466 0.6514151 0.6941348 0.0000010 0.0000000 0.9622071 1.0082178 1.3934547 1.1545022 1.3218047 1.2030280 1.2099614 1.3111533 1.6958604 1.2295468 1.5243455 1.4846685 1.6557159 1.7831927 1.7290095 1.9922650 1.7861665 1.8190670 1.8677036 1.0631649 1.1728228 1.3764820 1.6372488 1.1314405 1.1117721 1.6608704 1.6707791 1.8802901 1.4575920 1.6107033 
Acagra_model.g7585.t1                           1.1377640 0.7584277 0.8403940 0.8994079 1.2000804 1.0362893 1.0717742 0.9717415 1.0335092 0.9859212 0.6531019 0.9007943 0.7471836 0.9417303 0.9622071 0.9622071 0.0000000 0.8719069 1.6263211 1.3891868 1.4972080 1.3514842 1.2279428 1.6041570 1.5661099 1.0310073 1.6437362 1.4296609 1.4420714 1.6370996 1.4223003 2.0091911 1.8725057 1.8415367 2.1452123 0.8682254 0.8978514 1.3042450 1.5728513 1.1209721 1.1051261 1.6786807 1.7006983 1.8301961 1.3973119 1.8426860 
Dpul_mRNA202                                    0.9906580 0.8615896 0.9854726 0.8903292 1.1417601 1.0147849 0.9126258 0.9626764 0.9305743 1.0177349 1.0397017 1.0082549 0.8684369 1.0177339 1.0082178 1.0082178 0.8719069 0.0000000 1.0175952 0.8380455 0.8695749 0.9838325 0.9373885 0.8892140 1.2741450 1.1746085 1.1966270 1.1005632 1.2104968 1.3717546 1.2549861 1.5240202 1.3990953 1.5186461 1.4507849 1.0136553 1.2374063 1.4066382 1.3889183 1.1436141 1.1523266 1.3093571 1.2847436 1.5287690 0.9959106 1.7517665 
Aaur_scaffold50.g8.t1                           1.4070267 0.9311040 1.3446820 0.8754092 1.5687139 1.5784214 1.3702741 1.6282886 1.5366532 1.4231902 1.1595642 1.3824002 1.0759619 1.3679818 1.3934547 1.3934547 1.6263211 1.0175952 0.0000000 0.7663128 0.7248641 1.4319345 1.4414720 0.9822085 1.6956374 1.1450238 1.7703173 1.5777184 1.6126750 1.9186843 1.9475349 1.9187709 1.8978132 1.8527826 2.0518227 1.6292778 1.6723725 1.2888525 1.5123783 1.2328255 1.2266447 1.7519885 1.7391399 2.0262344 1.4761323 2.4177546 
Nemnom_g7139.t1                                 1.5518412 0.8778878 1.3318725 0.9606229 1.5445834 1.4030279 1.2260744 1.2875021 1.2819753 1.3365689 1.1489056 1.3511268 0.9505589 1.1484792 1.1545022 1.1545022 1.3891868 0.8380455 0.7663128 0.0000000 0.4454255 1.4845138 1.5088487 0.8558013 1.7273705 1.1235868 1.6242287 1.5482571 1.5809704 1.7481018 1.7421640 1.9340741 1.8802708 1.8428961 1.7579550 1.3980897 1.4631885 1.4022485 1.6839173 1.2518690 1.2412529 1.9870717 1.9152302 1.7135078 1.5977299 2.0556265 
Rhoesc_Res_014443-T1                            1.5764238 0.8936724 1.2772196 0.9200406 1.6159049 1.4175644 1.3512702 1.3792269 1.2972842 1.2690717 1.1339347 1.2370954 0.9599591 1.3474689 1.3218047 1.3218047 1.4972080 0.8695749 0.7248641 0.4454255 0.0000000 1.6063662 1.5402602 0.9007451 1.9651995 1.1638667 1.9451685 1.6057764 1.8039651 1.9443185 1.8561264 1.9389623 2.0428577 2.0657194 1.8916365 1.4957673 1.4193050 1.3908730 1.6812326 1.2706403 1.2594599 1.9433291 1.8914896 1.8292499 1.6840985 2.2476521 
Dgig_XM_028541628.1                             1.3885032 0.8247172 1.1631988 0.8160442 1.2779046 1.2292352 1.2704041 1.3046770 1.2529177 1.2750048 1.1436539 1.2890447 1.1443493 1.4434114 1.2030280 1.2030280 1.3514842 0.9838325 1.4319345 1.4845138 1.6063662 0.0000000 0.5940722 1.6553443 1.9830117 1.4782034 1.8254664 1.8108379 2.0012338 2.1375624 1.8450568 1.9920484 2.0574152 2.2303827 1.9562395 1.3877406 1.4990105 1.4175827 1.6994051 1.2977996 1.2769393 1.8677873 1.7956678 1.8949158 1.5700312 2.2616130 
Xesp_015041-T1                                  1.2501199 0.8298195 1.0552495 0.7669940 1.2619680 1.2245674 1.2371601 1.2412315 1.2374273 1.3075037 1.0154084 1.2239793 1.0701261 1.3537174 1.2099614 1.2099614 1.2279428 0.9373885 1.4414720 1.5088487 1.5402602 0.5940722 0.0000000 1.5031188 2.2143429 1.3615520 1.7554683 1.8069549 1.9743967 2.2546703 1.6982805 2.2811534 2.2175303 2.0708245 1.9827941 1.3976649 1.4920707 1.3855730 1.5673985 1.2025169 1.1770690 1.6493137 1.6526725 1.8637521 1.5405044 2.2792050 
Sanmal_Sma_011219-T1                            1.5922370 0.9366404 1.4377523 0.9955843 1.7494495 1.5542647 1.4853693 1.5426648 1.4929835 1.3656162 1.1207041 1.5017824 1.0046927 1.4307409 1.3111533 1.3111533 1.6041570 0.8892140 0.9822085 0.8558013 0.9007451 1.6553443 1.5031188 0.0000000 1.8873864 1.1464395 1.6489536 1.4333451 1.4812750 1.8293631 1.7646047 1.7649835 1.8258475 1.9431222 1.7308163 1.5686254 1.6439876 1.3724651 1.5984015 1.3023209 1.2710896 1.8090814 1.8456819 1.7065047 1.7448073 2.5723356 
Mbre_EDQ87521                                   1.7021363 1.2367758 1.6461135 1.5264151 2.1765807 1.9876886 1.9501916 2.0539054 1.9973012 1.7544623 1.1403603 1.6317776 1.3202804 1.8004723 1.6958604 1.6958604 1.5661099 1.2741450 1.6956374 1.7273705 1.9651995 1.9830117 2.2143429 1.8873864 0.0000000 0.5319380 0.9280612 0.6467177 0.7383040 0.8723038 1.0065608 1.0449638 0.8821535 1.0857897 1.2083916 1.7652781 1.7186418 1.5329068 2.0403324 1.3597474 1.3433246 2.0641225 2.0637597 1.2354729 1.9602296 3.3625488 
Sros_EGD73368                                   1.0628469 1.4593594 1.3889251 1.3080552 1.4224449 1.2838659 1.3230348 1.2201791 1.2849013 0.9599577 0.7770723 0.9187749 0.8993863 1.0533278 1.2295468 1.2295468 1.0310073 1.1746085 1.1450238 1.1235868 1.1638667 1.4782034 1.3615520 1.1464395 0.5319380 0.0000000 0.2084263 0.4798907 0.6030416 0.5903119 0.5168232 0.5355320 0.4780231 0.6238078 0.7057974 1.2859328 1.4755102 1.2909176 1.2909176 1.1797318 1.1552806 1.5372042 1.4971678 0.8553963 1.2648920 2.8659011 
Microa_EP00043_Microstomoeca_roanoka_P007480    1.4324190 1.0295618 1.4880212 1.1477630 1.8091002 1.7101389 1.5748583 1.6400172 1.5997735 1.4265306 1.2246839 1.4049308 1.2738738 1.7389769 1.5243455 1.5243455 1.6437362 1.1966270 1.7703173 1.6242287 1.9451685 1.8254664 1.7554683 1.6489536 0.9280612 0.2084263 0.0000000 0.7184999 0.8634748 0.8793015 0.9580006 0.9592857 0.9026152 1.0050127 1.1020926 1.4932335 1.8018703 1.5487539 1.8952168 1.3914567 1.3593994 2.0287199 2.0041525 1.1428723 1.9382652 2.9741951 
Chofle_EP00730_Choanoeca_flexa_P011712          1.4220890 1.0658131 1.2248017 1.3001451 1.7555577 1.5888564 1.5623256 1.5087828 1.4846345 1.3573556 0.9848832 1.3535778 1.0569408 1.5284374 1.4846685 1.4846685 1.4296609 1.1005632 1.5777184 1.5482571 1.6057764 1.8108379 1.8069549 1.4333451 0.6467177 0.4798907 0.7184999 0.0000000 0.4618177 0.9337383 0.8022209 0.8807914 0.7662130 0.8657729 1.0167350 1.5202531 1.6019639 1.5776691 1.9259054 1.3391855 1.3233714 1.9994691 1.9961755 1.0044959 1.7447228 2.7339675 
Choper_EP00045_Choanoeca_perplexa_P016038       1.6655873 1.3186557 1.6448317 1.6543475 2.2684764 2.0648606 1.9156332 2.0022794 2.0485316 1.5368816 1.1119637 1.4879821 1.2733508 1.6013485 1.6557159 1.6557159 1.4420714 1.2104968 1.6126750 1.5809704 1.8039651 2.0012338 1.9743967 1.4812750 0.7383040 0.6030416 0.8634748 0.4618177 0.0000000 1.0201563 0.9320841 1.0325803 0.9307821 1.1867925 1.1263849 1.7238213 1.7508303 1.4781003 1.8814538 1.3427225 1.3404681 1.8584300 1.8711169 1.1441260 1.8595615 3.5751752 
Salkve_EP00050_Salpingoeca_kvevrii_P007653      1.9943383 1.3848490 1.6650448 1.6907068 2.3506115 2.2923698 2.0269900 2.1794119 2.0571868 1.7276664 1.2093621 1.6897749 1.3824559 1.7678870 1.7831927 1.7831927 1.6370996 1.3717546 1.9186843 1.7481018 1.9443185 2.1375624 2.2546703 1.8293631 0.8723038 0.5903119 0.8793015 0.9337383 1.0201563 0.0000000 0.9184448 1.0073778 0.9970813 0.8764592 1.0808598 1.9033144 1.8428933 1.6615102 2.0723331 1.3475963 1.3321138 1.9089157 1.8827628 1.2363770 1.8726318 3.3361723 
Salinf_EP00049_Salpingoeca_infusionum_P009276   1.7003533 1.0337175 1.5299307 1.2277885 1.8729067 1.7338431 1.7952966 1.7128301 1.6722500 1.4484570 1.1027852 1.4272956 1.2151902 1.8057020 1.7290095 1.7290095 1.4223003 1.2549861 1.9475349 1.7421640 1.8561264 1.8450568 1.6982805 1.7646047 1.0065608 0.5168232 0.9580006 0.8022209 0.9320841 0.9184448 0.0000000 1.1118095 1.1083365 1.0560137 1.1228147 1.7793815 1.6564236 1.8047977 2.2330204 1.4240516 1.4087857 2.3261806 2.2353686 1.2338422 1.8963614 2.9632974 
Acaspe_EP00035_Acanthoeca_spectabilis_P025382   1.8483937 1.3361118 1.6757445 1.6351009 2.3018737 2.0803263 2.1779210 2.2995444 2.1856878 1.8762803 1.4883436 1.8393297 1.6400487 1.9758790 1.9922650 1.9922650 2.0091911 1.5240202 1.9187709 1.9340741 1.9389623 1.9920484 2.2811534 1.7649835 1.0449638 0.5355320 0.9592857 0.8807914 1.0325803 1.0073778 1.1118095 0.0000000 0.8053311 1.1255090 0.8963548 2.0397828 2.0403676 1.8027829 2.2343001 1.4744091 1.4579071 2.1827323 2.2394483 1.1554463 2.2130226 3.7098299 
Stedip_EP00041_Stephanoeca_diplocostata_P005982 1.8841761 1.2087835 1.6964986 1.3704292 1.8380741 1.7394019 1.8187734 1.9896457 1.7598520 1.8062512 1.3736668 1.8054022 1.4613979 1.9517895 1.7861665 1.7861665 1.8725057 1.3990953 1.8978132 1.8802708 2.0428577 2.0574152 2.2175303 1.8258475 0.8821535 0.4780231 0.9026152 0.7662130 0.9307821 0.9970813 1.1083365 0.8053311 0.0000000 0.9508932 0.7977370 1.8356233 1.9803020 1.6903712 2.1242802 1.4155079 1.3986130 2.2795133 2.2152975 0.9929318 1.9621366 2.9867738 
Salurc_EP00051_Salpingoeca_urceolata_P027919    2.1371098 1.4269057 2.0349676 1.7715907 2.1363091 2.0781191 2.0459371 2.1779589 2.0080297 1.7475631 1.2885094 1.5851086 1.5084429 1.9453624 1.8190670 1.8190670 1.8415367 1.5186461 1.8527826 1.8428961 2.0657194 2.2303827 2.0708245 1.9431222 1.0857897 0.6238078 1.0050127 0.8657729 1.1867925 0.8764592 1.0560137 1.1255090 0.9508932 0.0000000 1.1692332 1.7683106 1.8908099 1.9409396 2.1074899 1.6181575 1.6024177 2.2036508 2.1381643 1.1544908 2.0320042 3.3365106 
Diagra_EP00040_Diaphanoeca_grandis_P039634      1.8798461 1.2850581 1.7853129 1.5447295 2.1705390 1.9310767 2.0437839 2.1731617 2.0655601 1.9755123 1.4422665 1.9165684 1.6000117 2.1728577 1.8677036 1.8677036 2.1452123 1.4507849 2.0518227 1.7579550 1.8916365 1.9562395 1.9827941 1.7308163 1.2083916 0.7057974 1.1020926 1.0167350 1.1263849 1.0808598 1.1228147 0.8963548 0.7977370 1.1692332 0.0000000 1.8274302 1.9391876 1.8789506 2.1936076 1.5830785 1.5838751 2.3224253 2.2883526 1.0676111 2.2480378 3.7052372 
Cgig_XM_011455413.3                             1.1659633 0.9296291 1.1574720 1.0462132 1.2369165 1.1570521 1.1381385 1.2767525 1.1896209 1.1488697 0.8480356 1.0510054 0.8987320 1.1633737 1.0631649 1.0631649 0.8682254 1.0136553 1.6292778 1.3980897 1.4957673 1.3877406 1.3976649 1.5686254 1.7652781 1.2859328 1.4932335 1.5202531 1.7238213 1.9033144 1.7793815 2.0397828 1.8356233 1.7683106 1.8274302 0.0000000 1.1261283 1.4715553 1.7695411 1.2063625 1.2030749 1.7493022 1.7675274 1.6995194 1.2969338 2.1448570 
Ctel_gnl_WGS_AMQN_CAPTEDRAFT_mRNA155214         1.3644057 0.9253137 1.1487365 1.3222885 1.4156006 1.2204788 1.3533420 1.2444672 1.2189422 0.9964617 0.7946585 0.9733234 0.8393751 1.1197024 1.1728228 1.1728228 0.8978514 1.2374063 1.6723725 1.4631885 1.4193050 1.4990105 1.4920707 1.6439876 1.7186418 1.4755102 1.8018703 1.6019639 1.7508303 1.8428933 1.6564236 2.0403676 1.9803020 1.8908099 1.9391876 1.1261283 0.0000000 1.5343186 1.8413669 1.1973504 1.2108741 1.9460312 1.9307599 1.9078039 1.7318151 1.9375358 
Tadh_TriadT26011                                1.4298570 1.5509205 1.4267566 1.3614424 1.7772570 1.7353902 1.5690764 1.6435380 1.6706007 1.2443974 1.3180995 1.2075941 1.2217140 1.4168363 1.3764820 1.3764820 1.3042450 1.4066382 1.2888525 1.4022485 1.3908730 1.4175827 1.3855730 1.3724651 1.5329068 1.2909176 1.5487539 1.5776691 1.4781003 1.6615102 1.8047977 1.8027829 1.6903712 1.9409396 1.8789506 1.4715553 1.5343186 0.0000000 0.0040666 0.4268472 0.4232317 0.5203240 0.5021481 1.9911549 1.3053514 3.2993754 
TrH2_TrispH2_005879-RA                          1.5971449 1.5367864 1.5264665 1.3614424 2.1153423 1.9876559 1.7619668 1.8437427 1.8637002 1.5559036 1.4401978 1.5035658 1.2644432 1.7390660 1.6372488 1.6372488 1.5728513 1.3889183 1.5123783 1.6839173 1.6812326 1.6994051 1.5673985 1.5984015 2.0403324 1.2909176 1.8952168 1.9259054 1.8814538 2.0723331 2.2330204 2.2343001 2.1242802 2.1074899 2.1936076 1.7695411 1.8413669 0.0040666 0.0000000 0.4250086 0.4214005 0.6007658 0.5922515 2.4188642 1.5488169 3.6285485 
Hhon_g07559.t1                                  1.1689095 1.2969369 1.2241647 1.0840058 1.4938771 1.4194245 1.3237244 1.3914487 1.3661130 1.2137674 1.2271271 1.0723490 1.2174597 1.1380226 1.1314405 1.1314405 1.1209721 1.1436141 1.2328255 1.2518690 1.2706403 1.2977996 1.2025169 1.3023209 1.3597474 1.1797318 1.3914567 1.3391855 1.3427225 1.3475963 1.4240516 1.4744091 1.4155079 1.6181575 1.5830785 1.2063625 1.1973504 0.4268472 0.4250086 0.0000000 0.0042741 0.2709595 0.2321475 1.7410781 1.2508377 2.6266847 
HoiH04_mRNA6912                                 1.1503427 1.2704247 1.2002705 1.0978541 1.4896237 1.3927498 1.2940392 1.3657377 1.3404573 1.1897611 1.2000682 1.0517954 1.1964935 1.1239422 1.1117721 1.1117721 1.1051261 1.1523266 1.2266447 1.2412529 1.2594599 1.2769393 1.1770690 1.2710896 1.3433246 1.1552806 1.3593994 1.3233714 1.3404681 1.3321138 1.4087857 1.4579071 1.3986130 1.6024177 1.5838751 1.2030749 1.2108741 0.4232317 0.4214005 0.0042741 0.0000000 0.2735547 0.2343411 1.7189324 1.2366560 2.5711551 
HoiH06_mRNA8791                                 1.6176461 1.6085666 1.4612323 1.3607657 2.2740681 1.9844151 1.7371027 1.8751524 1.7483673 1.8104277 1.6034936 1.7036367 1.4441456 1.7788052 1.6608704 1.6608704 1.6786807 1.3093571 1.7519885 1.9870717 1.9433291 1.8677873 1.6493137 1.8090814 2.0641225 1.5372042 2.0287199 1.9994691 1.8584300 1.9089157 2.3261806 2.1827323 2.2795133 2.2036508 2.3224253 1.7493022 1.9460312 0.5203240 0.6007658 0.2709595 0.2735547 0.0000000 0.0886771 2.4706827 1.6200394 5.0465334 
HoiH23_PlH23_008287-RA                          1.5476099 1.5732322 1.5248619 1.3238746 2.1331472 1.9370016 1.7140999 1.8452975 1.7390099 1.8355380 1.6518336 1.7113547 1.4558646 1.7373781 1.6707791 1.6707791 1.7006983 1.2847436 1.7391399 1.9152302 1.8914896 1.7956678 1.6526725 1.8456819 2.0637597 1.4971678 2.0041525 1.9961755 1.8711169 1.8827628 2.2353686 2.2394483 2.2152975 2.1381643 2.2883526 1.7675274 1.9307599 0.5021481 0.5922515 0.2321475 0.2343411 0.0886771 0.0000000 2.4117986 1.6339539 4.7308242 
Didcos_EP00039_Didymoeca_costata_P010941        1.8455939 1.4150183 1.6859627 1.6570236 2.1297782 1.8197487 1.8253503 2.1034065 1.8533263 1.7935732 1.5970776 1.8130649 1.4458734 1.8956451 1.8802901 1.8802901 1.8301961 1.5287690 2.0262344 1.7135078 1.8292499 1.8949158 1.8637521 1.7065047 1.2354729 0.8553963 1.1428723 1.0044959 1.1441260 1.2363770 1.2338422 1.1554463 0.9929318 1.1544908 1.0676111 1.6995194 1.9078039 1.9911549 2.4188642 1.7410781 1.7189324 2.4706827 2.4117986 0.0000000 1.9765570 2.8349951 
Tcas_TC016314_001                               1.6010406 1.1937931 1.4958734 0.8615750 1.5826356 1.5880997 1.5577727 1.5721594 1.4783909 1.5023244 1.3136305 1.3033845 1.2661857 1.3956584 1.4575920 1.4575920 1.3973119 0.9959106 1.4761323 1.5977299 1.6840985 1.5700312 1.5405044 1.7448073 1.9602296 1.2648920 1.9382652 1.7447228 1.8595615 1.8726318 1.8963614 2.2130226 1.9621366 2.0320042 2.2480378 1.2969338 1.7318151 1.3053514 1.5488169 1.2508377 1.2366560 1.6200394 1.6339539 1.9765570 0.0000000 2.7158758 
Gasp_gasp1.m3.22956.m1                          1.7647287 1.3634319 1.2891219 1.2943279 0.8861682 0.9533203 0.6888486 0.9100531 0.8618944 1.8983400 1.3273043 1.8179003 1.1935037 1.8897003 1.6107033 1.6107033 1.8426860 1.7517665 2.4177546 2.0556265 2.2476521 2.2616130 2.2792050 2.5723356 3.3625488 2.8659011 2.9741951 2.7339675 3.5751752 3.3361723 2.9632974 3.7098299 2.9867738 3.3365106 3.7052372 2.1448570 1.9375358 3.2993754 3.6285485 2.6266847 2.5711551 5.0465334 4.7308242 2.8349951 2.7158758 0.0000000 
