62
Hsap_ENST00000299596                                  0.0000000 0.8403449 0.8201471 0.9935110 0.8562475 1.0125634 1.0803949 0.7920789 0.7960025 0.9311900 1.0000409 0.6687242 0.9377623 0.6550056 1.1004957 1.1149187 0.9372681 1.0378622 1.4441393 1.1598948 0.9585240 1.1629347 1.0809411 1.1910139 1.0739582 1.2119547 1.2746950 0.9060703 0.9637992 0.9266108 0.8954772 1.2454719 1.2565606 0.9507071 1.3088759 1.5573563 1.3989423 0.9837257 0.9884927 1.5802396 1.5802396 1.0839109 1.3911505 1.2934623 1.4330002 1.5679802 1.2105091 1.5226869 1.4285146 1.5514461 1.4467182 1.5301736 2.0551817 1.7423685 2.6869596 1.5588432 1.8635463 1.9376468 2.1100811 1.1355712 2.5981355 2.5821262 
Spur_XM_030989295.1                                   0.8403449 0.0000000 0.7338802 1.0221879 0.8175490 1.0632108 1.1628154 0.8546244 0.9489832 0.9729759 1.0782236 0.7725405 0.9461425 0.6639328 1.1790901 1.2503747 1.0290362 1.1833654 1.4207130 1.1354092 1.0887221 1.2110369 1.1250962 1.1195562 1.2807475 1.3670311 1.3928520 0.8428309 0.9638459 0.9491618 0.8540086 1.0556915 1.1645905 0.8247118 1.4792909 1.7729796 1.5608584 1.0138948 0.9920294 1.8852937 1.8852937 1.1609883 1.6442643 1.5645594 1.5876640 1.6306201 1.3703193 1.4562693 1.5825682 1.6395805 1.5869286 1.4682838 2.0839948 1.8890362 2.2928583 1.7800066 2.0258133 2.1887012 2.1507191 1.0620406 2.2615364 3.6438761 
Skow_XM_002741664.2                                   0.8201471 0.7338802 0.0000000 0.8116673 0.5766210 0.8333457 0.9604487 0.6898707 0.7685726 0.8310568 1.0649046 0.5904002 0.7631099 0.5651941 0.9854584 1.0493913 0.9195914 0.9514830 1.2677417 1.1320822 1.0376003 1.1971075 1.1359057 1.1019173 1.0837561 1.3572887 1.3830005 0.8959549 0.8906896 0.8475776 0.8467383 1.1855209 1.2146471 0.8843592 1.4489220 1.7431875 1.4297613 0.9749256 0.9469160 1.7394107 1.7394107 1.1881045 1.6915116 1.4873545 1.6295668 1.8394157 1.2489983 1.1504492 1.1323049 1.4299051 1.5635731 1.7571108 1.8511854 1.9179334 2.5765347 1.6426349 2.0031508 2.2213088 2.2492161 0.9129348 2.9053658 3.4456104 
Horcal_Hcv1.av93.c11.g893.i1                          0.9935110 1.0221879 0.8116673 0.0000000 0.1239572 0.2291005 0.3327116 0.9205312 0.9067223 0.9862805 1.0940404 1.0161461 1.1435191 0.8629711 1.1164146 1.2718862 1.2713218 1.1660766 1.5861302 1.2834103 1.3720519 1.2624836 1.2542939 1.2442686 1.2974691 1.3481258 1.2791209 1.0477413 1.0128685 1.0089829 0.9411300 1.2342822 1.1976499 0.8721474 1.5944561 1.6805222 1.5711288 1.0731633 1.0244224 1.5976963 1.5976963 0.9698594 1.5516289 1.2203097 1.2518314 1.3443432 1.3042638 1.2455484 1.2513733 1.5238938 1.4426924 1.3075094 1.9186681 1.5964639 1.9000002 1.7422834 1.9423837 2.2957094 1.6864834 0.0354374 2.1257376 1.5511536 
Beraby_Baby_sb324753                                  0.8562475 0.8175490 0.5766210 0.1239572 0.0000000 0.1274811 0.1808218 0.7034359 0.7725871 0.9915184 0.9437350 0.8430053 0.8813266 0.8096490 0.9293090 0.9132734 0.9931343 0.9695793 1.4490944 0.9957984 1.0262216 0.9886447 0.9987897 0.9920694 0.9654459 1.0275914 1.1386013 1.0587717 0.7399973 0.9418177 0.7166629 1.0598846 1.0048736 0.9397057 1.1189999 1.1418959 1.1590095 1.0236707 0.9943692 1.1438282 1.1438282 0.8707693 1.3882722 1.1719434 1.1314787 1.2256668 1.2594226 0.8730364 0.7301960 1.2085594 1.0832156 1.0795677 1.6345617 1.2503556 1.5560383 1.6272346 1.6088706 1.8625415 1.4256886 0.1195712 4.2010073 6.0695620 
Vmul_SimC387930                                       1.0125634 1.0632108 0.8333457 0.2291005 0.1274811 0.0000000 0.2468403 1.0306594 0.9228357 1.0924678 1.1802099 0.9355076 1.1879296 0.7946227 1.2156024 1.2907314 1.2941467 1.2725632 1.6588476 1.3248318 1.4482067 1.2604082 1.2791289 1.3273932 1.3651933 1.3484550 1.2157264 1.0122737 0.9677582 1.0090538 0.9423664 1.2422933 1.2138071 0.8948348 1.4412005 1.5126493 1.5060968 0.9589313 0.8924643 1.5280558 1.5280558 1.0991392 1.5223896 1.2538920 1.2181772 1.3401130 1.3413759 1.5738104 1.4374322 1.4866214 1.3733715 1.3403589 1.9952774 1.6597515 1.9291258 1.7644359 1.8889644 2.2505225 1.7715352 0.3429931 2.6057402 2.1165093 
Lampan_Lpan_C406297_01                                1.0803949 1.1628154 0.9604487 0.3327116 0.1808218 0.2468403 0.0000000 1.0782902 1.1388101 1.1008391 1.3491006 1.0592823 1.3136036 0.8680456 1.2976019 1.3903785 1.4646802 1.3818960 1.7874096 1.5555011 1.5124484 1.4590902 1.5017834 1.3775664 1.3596636 1.3904272 1.2644097 1.0497294 1.0776191 1.1957030 1.1545542 1.3595615 1.3249941 0.9289900 1.4966070 1.6607279 1.5557802 1.0404003 1.0063855 1.5232988 1.5232988 1.2161132 1.6818473 1.3531103 1.3967918 1.4892109 1.5154492 1.6570184 1.7001357 1.4959293 1.3961213 1.4340187 2.1578856 1.6048738 1.9992288 1.8190134 2.0147127 2.3118237 1.7820322 0.4544229 2.6550440 2.0962422 
Cscu_XM_023367492.1                                   0.7920789 0.8546244 0.6898707 0.9205312 0.7034359 1.0306594 1.0782902 0.0000000 0.5873007 0.7549367 0.9890894 0.6577677 0.9656958 0.6080975 0.9243253 1.1673152 0.9853368 0.8744138 1.2275242 0.9509467 1.1721304 0.9455655 0.9742995 1.0863036 1.1068891 1.0751206 1.2553149 0.8326384 0.7452290 0.9169333 0.8425861 1.0093635 1.0816637 0.8694017 1.4387341 1.5451145 1.4704797 0.9791091 0.8669839 1.5723854 1.5723854 1.0511380 1.3968555 1.1560075 1.2947702 1.3274115 1.1267796 1.2162518 1.1810908 1.5107554 1.2798004 1.4521251 1.9356464 1.5339424 2.0851834 1.5733928 1.8780635 2.2090797 1.7546050 1.0384244 2.0719660 2.0378550 
Cgig_XM_011433715.3                                   0.7960025 0.9489832 0.7685726 0.9067223 0.7725871 0.9228357 1.1388101 0.5873007 0.0000000 0.4666472 0.8876162 0.6227514 0.6878969 0.5619236 0.8309956 0.9679209 0.8962897 0.9005421 1.1032987 1.0755985 1.0133522 1.1666480 1.1408735 1.1704129 1.1173401 1.2825971 1.4449376 0.9431256 0.9051518 0.7341443 0.6642282 1.0765810 1.0752872 0.8287872 1.3941661 1.6311005 1.4414349 0.9720366 0.8984433 1.6744690 1.6744690 0.9456359 1.4051356 1.3297070 1.4027734 1.5176464 1.0199282 1.0198273 1.0540259 1.2951185 1.6133926 1.6487279 1.8253460 1.6954655 2.3951695 1.5458739 1.8497251 1.9710483 2.0538541 0.9062207 2.8233256 3.0802658 
Acagra_model.g18316.t1                                0.9311900 0.9729759 0.8310568 0.9862805 0.9915184 1.0924678 1.1008391 0.7549367 0.4666472 0.0000000 1.0457947 0.9885763 0.9366166 0.7970033 1.0240487 1.4687985 1.2094340 1.1971358 1.1623025 1.2637429 1.3837025 1.3463362 1.2261127 1.3690274 1.5671442 1.3356474 1.5874605 1.0143724 0.9562503 0.9281815 0.7963415 1.3443454 1.3176231 1.1119591 1.6014734 1.7424338 1.5045268 0.8624757 0.8634823 1.6982103 1.6982103 1.1377704 2.1462036 1.6997882 1.8947192 1.9799240 1.4871061 1.6294121 1.6933652 1.6689135 1.8113293 1.5446866 1.4273833 1.7983871 2.7002763 1.5447281 1.7724651 1.9969963 1.9717231 0.9613980 2.2232935 2.6286999 
Exapal_XM_021039075.2                                 1.0000409 1.0782236 1.0649046 1.0940404 0.9437350 1.1802099 1.3491006 0.9890894 0.8876162 1.0457947 0.0000000 0.2279807 0.3210295 0.2259776 0.3861220 0.5262571 0.3055924 0.5327182 0.7428524 0.7848012 0.6516453 0.9347869 0.8078555 0.8111516 0.8899284 0.8902232 1.1706834 0.8330877 0.9950585 1.0387028 1.0312981 1.3105205 1.1456877 0.8742359 1.5325311 1.6743394 1.4471930 1.0029327 0.9535250 1.6183740 1.6183740 1.1941538 1.2465576 1.1675794 1.2319935 1.4498879 1.0618987 0.6496917 0.6558382 1.2250528 1.5884865 1.3984974 1.8179133 1.7408732 2.4550496 1.6154188 2.1282778 2.0300716 2.1124812 1.1471862 3.1791548 3.2223076 
Adig_XM_015895420.1                                   0.6687242 0.7725405 0.5904002 1.0161461 0.8430053 0.9355076 1.0592823 0.6577677 0.6227514 0.9885763 0.2279807 0.0000000 0.1202748 0.1143555 0.1077640 0.0175563 0.2510189 0.4252726 0.6670258 0.5337955 0.5492790 0.5233109 0.5063949 0.5135171 0.5397193 0.5071311 0.8175696 0.7260939 0.7353388 0.7007240 0.7551567 0.9450887 0.8112181 0.9352203 1.1328175 1.1360467 1.0651337 1.0150945 0.9859074 1.1643780 1.1643780 0.9740165 0.9118384 0.9057453 0.9673109 1.0342889 0.9394115 0.1359728 0.0987886 1.1796002 1.0520315 1.0803359 1.4604458 1.3558099 1.6795738 1.4136530 1.5124534 1.6745424 1.5236303 1.0787357 2.0812027 2.7279682 
Fspp_ffun1.m4.24018.m1                                0.9377623 0.9461425 0.7631099 1.1435191 0.8813266 1.1879296 1.3136036 0.9656958 0.6878969 0.9366166 0.3210295 0.1202748 0.0000000 0.0690133 0.0945026 0.2669202 0.3548100 0.5168709 0.7339627 0.7476330 0.7455507 0.8069195 0.7769099 0.7464396 0.8640090 0.7766547 1.2643472 0.8706005 1.0523270 0.8178556 0.9619620 1.2969694 1.1558743 0.9334431 1.5569715 1.6920301 1.4231047 1.0070673 0.9781464 1.5839514 1.5839514 1.1940780 1.3523806 1.3135112 1.3577468 1.4216648 1.1871782 0.1921102 0.1184219 1.3092870 1.3716461 1.3450375 1.7039504 1.7393247 2.2753237 1.7872852 2.0535494 2.2053786 2.0816567 1.2312530 2.2921052 3.2227778 
Spis_XP_022778493_1                                   0.6550056 0.6639328 0.5651941 0.8629711 0.8096490 0.7946227 0.8680456 0.6080975 0.5619236 0.7970033 0.2259776 0.1143555 0.0690133 0.0000000 0.0368159 0.1428227 0.2561122 0.3075996 0.5670199 0.5028239 0.4625842 0.5600315 0.5431539 0.4294680 0.5083461 0.4759704 0.7827892 0.6733728 0.7452779 0.6305402 0.6745222 0.8663787 0.8435192 0.8932593 0.9944589 0.9971207 0.9687122 1.0558843 1.0158521 1.0561504 1.0561504 1.0107662 1.0282913 1.0430121 1.0601952 1.1294314 1.0213541 0.1822282 0.1304349 1.0488198 0.9729405 0.9507848 1.4454404 1.3473136 1.7085234 1.5247291 1.5763256 1.7019527 1.5174348 1.0425515 2.2219420 6.6209183 
Pocdam_XM_027181139.1                                 1.1004957 1.1790901 0.9854584 1.1164146 0.9293090 1.2156024 1.2976019 0.9243253 0.8309956 1.0240487 0.3861220 0.1077640 0.0945026 0.0368159 0.0000000 0.4066789 0.3372918 0.5647750 0.8060045 0.8834130 0.7648808 0.9878090 0.8559330 0.8801987 0.9355874 0.9575149 1.5019841 0.8927705 1.1402316 1.0172907 1.1188222 1.3762994 1.1937933 0.9826501 1.5525502 1.7476495 1.4877340 1.0695220 1.0157619 1.6372716 1.6372716 1.2256028 1.5992341 1.5050820 1.5281971 1.6284823 1.1792102 0.3804385 0.2368961 1.3275467 1.6790545 1.6572392 1.9792133 1.9915435 2.6477526 1.7730827 2.1408384 2.2280669 2.3697391 1.1968145 2.9344475 3.7321368 
Amil_Amillepora13223-RA                               1.1149187 1.2503747 1.0493913 1.2718862 0.9132734 1.2907314 1.3903785 1.1673152 0.9679209 1.4687985 0.5262571 0.0175563 0.2669202 0.1428227 0.4066789 0.0000000 0.4719403 0.7862022 1.1334384 0.9877906 0.6185646 0.9703899 0.9858773 0.9101423 0.8473223 1.0316620 1.3616427 0.9291290 1.1211847 1.1877425 1.2308889 1.3465312 1.1940604 0.9235813 1.4442374 1.6656874 1.4955842 1.0968468 1.0645006 1.7443758 1.7443758 1.3472786 1.5411752 1.3914792 1.5211647 1.7377464 1.1831216 0.6305710 0.6233217 1.4737792 1.5651041 1.6130449 2.3417984 2.0507067 2.6245425 1.6780163 2.1449542 2.0301749 2.5249910 1.4925388 3.2064065 5.5041387 
Nvec_v1g230222                                        0.9372681 1.0290362 0.9195914 1.2713218 0.9931343 1.2941467 1.4646802 0.9853368 0.8962897 1.2094340 0.3055924 0.2510189 0.3548100 0.2561122 0.3372918 0.4719403 0.0000000 0.6672172 0.9310035 0.8340717 0.7664305 0.9171996 0.8206165 0.7979363 0.9149320 0.8141767 1.2137246 0.9032617 1.1485850 1.0165010 1.1140912 1.4035276 1.2438317 1.0149449 1.5096736 1.6352125 1.4638358 1.1045644 1.0617119 1.5588566 1.5588566 1.2075908 1.4088063 1.2166320 1.2805973 1.3690574 1.2082442 0.6093553 0.5403594 1.3923117 1.5505763 1.5443360 1.7989434 1.8967434 2.6521404 1.7310440 1.9711679 2.0530320 2.3576532 1.3453024 2.7847645 4.1599715 
Dgig_XM_028539769.1                                   1.0378622 1.1833654 0.9514830 1.1660766 0.9695793 1.2725632 1.3818960 0.8744138 0.9005421 1.1971358 0.5327182 0.4252726 0.5168709 0.3075996 0.5647750 0.7862022 0.6672172 0.0000000 0.2948106 0.7337190 0.6893049 0.8957426 0.8827316 0.8670485 0.7664585 0.8452854 1.4090801 0.8758996 1.0776240 1.1320159 1.1403560 1.2919954 1.1784128 0.8871946 1.4294366 1.5838623 1.2401951 1.0804637 1.0628144 1.4711986 1.4711986 1.3179802 1.6107169 1.4346302 1.4203769 1.6413512 1.1808292 0.9969420 0.8214411 1.2885805 1.4860590 1.5120133 1.9288720 1.8759176 2.3307771 1.6731087 2.0597091 2.2473130 2.1089630 1.2822879 2.4867311 2.6998240 
Xesp_018493-T1                                        1.4441393 1.4207130 1.2677417 1.5861302 1.4490944 1.6588476 1.7874096 1.2275242 1.1032987 1.1623025 0.7428524 0.6670258 0.7339627 0.5670199 0.8060045 1.1334384 0.9310035 0.2948106 0.0000000 1.0578132 0.9721327 1.1287602 1.0986127 1.1101344 1.0120693 1.1267781 1.7586304 1.1845950 1.3999082 1.3784935 1.5518838 1.6658942 1.3354394 1.2777968 1.5697341 1.7360340 1.5152284 1.1487190 1.1195105 1.8197534 1.8197534 1.5209290 2.1043088 1.8973604 1.6642228 1.9675147 1.5346567 1.5595457 1.3011780 1.5767149 1.7131452 1.8520285 2.0967950 2.1604591 2.6626176 1.8413333 2.1635551 2.2465205 2.5274911 1.4449812 2.2766203 2.6799957 
Aaur_scaffold819.g3.t1                                1.1598948 1.1354092 1.1320822 1.2834103 0.9957984 1.3248318 1.5555011 0.9509467 1.0755985 1.2637429 0.7848012 0.5337955 0.7476330 0.5028239 0.8834130 0.9877906 0.8340717 0.7337190 1.0578132 0.0000000 0.6090718 0.4519707 0.4427194 0.5772716 0.6934006 0.9114937 1.5415754 0.8983650 1.3348574 1.1449039 1.1874260 1.4212844 1.2723352 0.9004775 1.5450255 1.7333715 1.3928620 0.9996643 0.9821420 1.5939305 1.5939305 1.3807015 1.5167012 1.3887007 1.4458772 1.5749659 1.2914904 1.2631840 1.2811162 1.4911047 1.4673453 1.6454049 1.9411040 1.9170319 2.3380341 1.7339153 2.0645660 2.2734122 2.2159745 1.5241034 2.4918332 3.5393112 
Morvir_scaffold46.g83.t1                              0.9585240 1.0887221 1.0376003 1.3720519 1.0262216 1.4482067 1.5124484 1.1721304 1.0133522 1.3837025 0.6516453 0.5492790 0.7455507 0.4625842 0.7648808 0.6185646 0.7664305 0.6893049 0.9721327 0.6090718 0.0000000 0.6284854 0.6091901 0.6527354 0.5665125 0.6409592 1.0525176 0.8290986 1.1734198 1.0840960 1.0062904 1.3343088 1.1486354 0.9372575 1.7690510 1.7321350 1.4749022 1.1970734 1.2773155 1.5963155 1.5963155 1.3749053 1.3793322 1.2704955 1.3288366 1.4555416 1.2967423 0.9816914 1.0007683 1.1916291 1.4438167 1.5624977 1.8395842 1.7242052 2.2206412 2.0054876 2.1253281 2.0925118 2.3382977 1.7394875 2.7778934 3.5637021 
Nemnom_g13395.t1                                      1.1629347 1.2110369 1.1971075 1.2624836 0.9886447 1.2604082 1.4590902 0.9455655 1.1666480 1.3463362 0.9347869 0.5233109 0.8069195 0.5600315 0.9878090 0.9703899 0.9171996 0.8957426 1.1287602 0.4519707 0.6284854 0.0000000 0.2064502 0.6765677 0.7244113 0.9229023 1.6372926 0.9011963 1.2607972 1.2642025 1.3509391 1.5180445 1.3379146 0.9952682 1.4354566 1.6619984 1.3628234 1.0370501 1.0228635 1.5368475 1.5368475 1.5052855 1.7300773 1.4927566 1.6312503 1.7493945 1.3690929 1.4585963 1.5064118 1.4225080 1.8240888 1.7611429 2.0312019 2.0630030 2.4305498 1.8283535 2.0319138 2.3406646 2.3026012 1.5334697 2.6911443 4.4485110 
Rhoesc_Res_017042-T1                                  1.0809411 1.1250962 1.1359057 1.2542939 0.9987897 1.2791289 1.5017834 0.9742995 1.1408735 1.2261127 0.8078555 0.5063949 0.7769099 0.5431539 0.8559330 0.9858773 0.8206165 0.8827316 1.0986127 0.4427194 0.6091901 0.2064502 0.0000000 0.6678624 0.6965497 0.8961466 1.5533545 0.8351721 1.2889284 1.1890734 1.2952487 1.4260975 1.3295634 0.9308852 1.5083720 1.7488163 1.4976398 1.0991607 1.0944784 1.6104807 1.6104807 1.4634929 1.6598536 1.3641816 1.5186196 1.7019928 1.3625692 1.3794454 1.3710245 1.4451887 1.7168593 1.7210246 2.0309384 1.9589416 2.4691805 1.8002729 2.0193957 2.1263736 2.4775514 1.4846280 2.4993372 3.8675254 
Sanmal_Sma_024383-T1                                  1.1910139 1.1195562 1.1019173 1.2442686 0.9920694 1.3273932 1.3775664 1.0863036 1.1704129 1.3690274 0.8111516 0.5135171 0.7464396 0.4294680 0.8801987 0.9101423 0.7979363 0.8670485 1.1101344 0.5772716 0.6527354 0.6765677 0.6678624 0.0000000 0.6812217 0.8082644 1.4383854 0.8197838 1.1402583 1.1681054 1.2218328 1.4315559 1.3829345 0.9050815 1.4253242 1.5123137 1.4064302 0.9853244 0.9140488 1.5312378 1.5312378 1.3942580 1.5677345 1.4118890 1.5305244 1.8194667 1.2651602 1.2932649 1.3650589 1.3380730 1.5372010 1.6630985 1.9889934 1.7019835 2.2138419 1.7651564 1.9901765 2.2585998 2.1191559 1.4833289 2.6578722 3.6601799 
Hvul_g22080_1                                         1.0739582 1.2807475 1.0837561 1.2974691 0.9654459 1.3651933 1.3596636 1.1068891 1.1173401 1.5671442 0.8899284 0.5397193 0.8640090 0.5083461 0.9355874 0.8473223 0.9149320 0.7664585 1.0120693 0.6934006 0.5665125 0.7244113 0.6965497 0.6812217 0.0000000 0.6379051 1.3260212 0.9546017 1.3414641 1.3494174 1.1551201 1.3243416 1.2785955 0.8614125 1.4847555 1.6731371 1.4644858 1.1295990 1.0064602 1.5710437 1.5710437 1.4635281 1.7177331 1.5388726 1.5606404 1.7825548 1.3610152 1.1659053 1.2695515 1.4491301 1.4762877 1.5714669 1.7965687 1.6445688 2.3375963 1.7404912 2.1243964 2.2042590 2.3924442 1.7325357 2.4084211 3.3565248 
Chem_TCONS_00019653                                   1.2119547 1.3670311 1.3572887 1.3481258 1.0275914 1.3484550 1.3904272 1.0751206 1.2825971 1.3356474 0.8902232 0.5071311 0.7766547 0.4759704 0.9575149 1.0316620 0.8141767 0.8452854 1.1267781 0.9114937 0.6409592 0.9229023 0.8961466 0.8082644 0.6379051 0.0000000 1.5652795 0.8900809 1.1190835 1.3555514 1.3431072 1.4091429 1.0582093 0.8171980 1.3850763 1.6974753 1.3053380 0.9084271 0.9404410 1.5433966 1.5433966 1.3730444 1.7913851 1.6681213 1.7165317 1.9365354 1.1870908 1.5911165 1.7099987 1.3886567 1.8267900 1.7484029 2.2993836 1.6968008 2.4407966 1.7233301 2.1442214 2.2594167 2.3040372 1.7408871 2.9295861 4.3752860 
Opea_EP00118_Oscarella_pearsei_P010143                1.2746950 1.3928520 1.3830005 1.2791209 1.1386013 1.2157264 1.2644097 1.2553149 1.4449376 1.5874605 1.1706834 0.8175696 1.2643472 0.7827892 1.5019841 1.3616427 1.2137246 1.4090801 1.7586304 1.5415754 1.0525176 1.6372926 1.5533545 1.4383854 1.3260212 1.5652795 0.0000000 0.4908989 1.2348589 1.4903472 1.5810359 1.4104567 1.2195094 1.0724829 1.5354066 1.9138493 1.7314178 1.3035161 1.2820813 2.0042512 2.0042512 1.4235978 1.6475821 1.3871450 1.4015215 1.6518695 1.2145684 1.9586492 2.1333388 1.4425375 1.9374396 1.7645685 2.5240579 2.0315977 2.6291474 1.7947597 2.2579727 1.9625160 2.3503835 1.6349137 3.3521971 3.7738019 
Plajan_Pjan_scaffold21911_01                          0.9060703 0.8428309 0.8959549 1.0477413 1.0587717 1.0122737 1.0497294 0.8326384 0.9431256 1.0143724 0.8330877 0.7260939 0.8706005 0.6733728 0.8927705 0.9291290 0.9032617 0.8758996 1.1845950 0.8983650 0.8290986 0.9011963 0.8351721 0.8197838 0.9546017 0.8900809 0.4908989 0.0000000 0.9222806 0.9202998 0.9429208 0.9511095 0.8914512 0.9312140 1.3882870 1.4028765 1.3685763 1.1399943 1.1437547 1.4846447 1.4846447 1.0744118 1.1996690 1.0353783 1.1529949 1.2235567 1.1485822 1.0967226 1.1116192 1.2638327 1.1107353 1.0458032 1.9954999 1.4360432 1.5192777 1.5051873 1.5417189 1.8835714 1.7640238 1.2394953 1.5663580 1.4999520 
Dpul_mRNA18811                                        0.9637992 0.9638459 0.8906896 1.0128685 0.7399973 0.9677582 1.0776191 0.7452290 0.9051518 0.9562503 0.9950585 0.7353388 1.0523270 0.7452779 1.1402316 1.1211847 1.1485850 1.0776240 1.3999082 1.3348574 1.1734198 1.2607972 1.2889284 1.1402583 1.3414641 1.1190835 1.2348589 0.9222806 0.0000000 0.9900980 0.7211393 1.0404618 1.0189792 0.8981905 1.4408725 1.6434172 1.4078271 0.8394366 0.8692986 1.6136167 1.6136167 0.8481939 1.5917142 1.3009911 1.4410908 1.5141844 1.3887116 1.5155164 1.6358633 1.4201545 1.6464838 1.6275829 2.2090215 1.8697628 2.0225276 1.5785426 1.9585022 1.9701102 1.9370652 0.9782220 2.7044917 2.8364301 
Bralan_BLAG03001957_1                                 0.9266108 0.9491618 0.8475776 1.0089829 0.9418177 1.0090538 1.1957030 0.9169333 0.7341443 0.9281815 1.0387028 0.7007240 0.8178556 0.6305402 1.0172907 1.1877425 1.0165010 1.1320159 1.3784935 1.1449039 1.0840960 1.2642025 1.1890734 1.1681054 1.3494174 1.3555514 1.4903472 0.9202998 0.9900980 0.0000000 1.0138492 1.2742957 1.1051059 0.8870750 1.5676607 1.7292948 1.5204623 1.1095686 1.0992550 1.8036670 1.8036670 1.0979698 1.5763551 1.6290972 1.7244024 1.7744535 1.1730253 1.2258902 1.3151616 1.4760676 1.6777072 1.7680533 2.2543280 1.9969640 3.1304133 1.7134547 2.0371255 2.2590615 2.3719494 1.0302233 2.6925430 2.8944973 
Ctel_gnl_WGS_AMQN_CAPTEDRAFT_mRNA219795               0.8954772 0.8540086 0.8467383 0.9411300 0.7166629 0.9423664 1.1545542 0.8425861 0.6642282 0.7963415 1.0312981 0.7551567 0.9619620 0.6745222 1.1188222 1.2308889 1.1140912 1.1403560 1.5518838 1.1874260 1.0062904 1.3509391 1.2952487 1.2218328 1.1551201 1.3431072 1.5810359 0.9429208 0.7211393 1.0138492 0.0000000 1.2498842 1.2109141 0.9079768 1.4509064 1.6611883 1.4350164 0.9287237 0.9511759 1.6375909 1.6375909 1.0249286 1.6179544 1.5466248 1.5050917 1.6403769 1.2464583 1.4670861 1.3500785 1.5045285 1.6755078 1.8101347 2.0399518 1.8953040 2.5297469 1.7133707 2.1877129 2.2238772 2.1473259 0.9952367 3.3048439 5.4872321 
Aque_Aqu2.1.19250_001                                 1.2454719 1.0556915 1.1855209 1.2342822 1.0598846 1.2422933 1.3595615 1.0093635 1.0765810 1.3443454 1.3105205 0.9450887 1.2969694 0.8663787 1.3762994 1.3465312 1.4035276 1.2919954 1.6658942 1.4212844 1.3343088 1.5180445 1.4260975 1.4315559 1.3243416 1.4091429 1.4104567 0.9511095 1.0404618 1.2742957 1.2498842 0.0000000 0.6522726 0.7749814 1.4571559 1.5652452 1.4974504 1.0225602 0.9886603 1.6477846 1.6477846 1.1927049 1.7294409 1.5193344 1.7329804 1.7870719 1.4434614 1.6790291 1.8632722 1.7245630 1.5225688 1.6190774 2.2063767 2.1841643 2.1558903 1.7890278 2.0545155 2.4609066 2.6047762 1.5262736 1.9292635 1.6615036 
Halamb_c39983_g1_i1m.12266                            1.2565606 1.1645905 1.2146471 1.1976499 1.0048736 1.2138071 1.3249941 1.0816637 1.0752872 1.3176231 1.1456877 0.8112181 1.1558743 0.8435192 1.1937933 1.1940604 1.2438317 1.1784128 1.3354394 1.2723352 1.1486354 1.3379146 1.3295634 1.3829345 1.2785955 1.0582093 1.2195094 0.8914512 1.0189792 1.1051059 1.2109141 0.6522726 0.0000000 0.5427783 1.4509059 1.5470697 1.3374845 0.8116501 0.8656877 1.3971914 1.3971914 1.2615923 1.5814264 1.3236761 1.2855288 1.4333830 1.3201193 1.4909554 1.5945934 1.5351074 1.4716237 1.4841668 2.2182958 2.0745789 2.2347937 1.5237045 1.8847236 2.2412486 2.5784565 1.5484396 1.6537551 2.1234806 
Spolac_c94452_g1_i2_m.10104c94452-g1                  0.9507071 0.8247118 0.8843592 0.8721474 0.9397057 0.8948348 0.9289900 0.8694017 0.8287872 1.1119591 0.8742359 0.9352203 0.9334431 0.8932593 0.9826501 0.9235813 1.0149449 0.8871946 1.2777968 0.9004775 0.9372575 0.9952682 0.9308852 0.9050815 0.8614125 0.8171980 1.0724829 0.9312140 0.8981905 0.8870750 0.9079768 0.7749814 0.5427783 0.0000000 1.3327385 1.3196948 1.1683361 1.0537184 1.0700420 1.1643351 1.1643351 1.0417409 1.1680470 1.0463115 1.1435315 1.1183672 1.3743961 0.8256700 0.9308068 1.1853960 1.2881258 1.3765447 1.6985649 1.4217318 1.8438974 1.7050095 1.8069166 2.0947256 1.9971655 1.2697832 0.9578998 0.9666015 
Tadh_TriadT18570                                      1.3088759 1.4792909 1.4489220 1.5944561 1.1189999 1.4412005 1.4966070 1.4387341 1.3941661 1.6014734 1.5325311 1.1328175 1.5569715 0.9944589 1.5525502 1.4442374 1.5096736 1.4294366 1.5697341 1.5450255 1.7690510 1.4354566 1.5083720 1.4253242 1.4847555 1.3850763 1.5354066 1.3882870 1.4408725 1.5676607 1.4509064 1.4571559 1.4509059 1.3327385 0.0000000 0.0181583 0.3128035 0.1701665 0.1641175 0.3267695 0.3267695 1.5865456 1.9660111 1.8093954 1.6850499 1.9154689 1.7687727 2.1140369 2.1126122 1.6209718 1.6687774 1.5563091 2.0375863 2.0747426 2.0063517 1.9651515 1.9932147 2.2729802 1.8643795 1.8013714 3.3706844 3.6050273 
TrH2_TrispH2_006404-RA                                1.5573563 1.7729796 1.7431875 1.6805222 1.1418959 1.5126493 1.6607279 1.5451145 1.6311005 1.7424338 1.6743394 1.1360467 1.6920301 0.9971207 1.7476495 1.6656874 1.6352125 1.5838623 1.7360340 1.7333715 1.7321350 1.6619984 1.7488163 1.5123137 1.6731371 1.6974753 1.9138493 1.4028765 1.6434172 1.7292948 1.6611883 1.5652452 1.5470697 1.3196948 0.0181583 0.0000000 0.4048747 0.1701665 0.1641175 0.4236025 0.4236025 1.6677312 2.1089199 2.0716531 2.0318478 2.2218882 1.8222080 2.8121853 2.6767520 1.7143659 1.9495623 1.9394180 2.4220370 2.3355509 2.4761588 1.9511687 2.2016991 2.2996498 2.2878913 1.9033535 4.1146029 4.6529891 
HoiH06_mRNA8141                                       1.3989423 1.5608584 1.4297613 1.5711288 1.1590095 1.5060968 1.5557802 1.4704797 1.4414349 1.5045268 1.4471930 1.0651337 1.4231047 0.9687122 1.4877340 1.4955842 1.4638358 1.2401951 1.5152284 1.3928620 1.4749022 1.3628234 1.4976398 1.4064302 1.4644858 1.3053380 1.7314178 1.3685763 1.4078271 1.5204623 1.4350164 1.4974504 1.3374845 1.1683361 0.3128035 0.4048747 0.0000000 0.0153496 0.0894734 0.1377693 0.1377693 1.5702469 2.0477650 1.8264222 1.8078199 2.0272667 1.6469619 2.0378921 1.9922618 1.5620578 1.6026160 1.5694084 1.8861864 1.8946122 2.1689573 1.7895618 2.0602193 2.1225784 1.7539651 1.8488137 3.3652877 3.4193904 
HoiH23_PlH23_005401-RA                                0.9837257 1.0138948 0.9749256 1.0731633 1.0236707 0.9589313 1.0404003 0.9791091 0.9720366 0.8624757 1.0029327 1.0150945 1.0070673 1.0558843 1.0695220 1.0968468 1.1045644 1.0804637 1.1487190 0.9996643 1.1970734 1.0370501 1.0991607 0.9853244 1.1295990 0.9084271 1.3035161 1.1399943 0.8394366 1.1095686 0.9287237 1.0225602 0.8116501 1.0537184 0.1701665 0.1701665 0.0153496 0.0000000 0.0898193 0.0823596 0.0823596 1.3406908 1.6001588 1.5597559 1.3563570 1.6581322 1.4230111 1.5215428 1.3396966 1.3289022 1.1053293 1.1834441 1.1357010 1.3536761 1.2678152 1.2583187 1.3049371 1.5579260 1.2308295 1.3281619 2.5151146 0.0000010 
HoiH11_mRNA2015                                       0.9884927 0.9920294 0.9469160 1.0244224 0.9943692 0.8924643 1.0063855 0.8669839 0.8984433 0.8634823 0.9535250 0.9859074 0.9781464 1.0158521 1.0157619 1.0645006 1.0617119 1.0628144 1.1195105 0.9821420 1.2773155 1.0228635 1.0944784 0.9140488 1.0064602 0.9404410 1.2820813 1.1437547 0.8692986 1.0992550 0.9511759 0.9886603 0.8656877 1.0700420 0.1641175 0.1641175 0.0894734 0.0898193 0.0000000 0.1439547 0.1439547 1.2859353 1.6031673 1.5183373 1.3174625 1.5928549 1.3727351 1.5013674 1.2338372 1.2621859 1.2261439 1.1888800 1.1105381 1.4203993 1.2506253 1.2798581 1.3640502 1.6592753 1.3302208 1.2383586 2.7647080 0.0000010 
Hhon_g02011.t1                                        1.5802396 1.8852937 1.7394107 1.5976963 1.1438282 1.5280558 1.5232988 1.5723854 1.6744690 1.6982103 1.6183740 1.1643780 1.5839514 1.0561504 1.6372716 1.7443758 1.5588566 1.4711986 1.8197534 1.5939305 1.5963155 1.5368475 1.6104807 1.5312378 1.5710437 1.5433966 2.0042512 1.4846447 1.6136167 1.8036670 1.6375909 1.6477846 1.3971914 1.1643351 0.3267695 0.4236025 0.1377693 0.0823596 0.1439547 0.0000000 0.0000010 1.6084111 2.1819445 2.0330905 2.0847577 2.4336759 1.7380276 2.6385828 2.4534672 1.6336845 1.8142546 1.8263836 2.2579887 2.0177892 2.4744254 1.8470304 1.9998469 2.1245784 2.0563072 1.8375241 3.5872540 3.4313067 
HoiH04_mRNA15027                                      1.5802396 1.8852937 1.7394107 1.5976963 1.1438282 1.5280558 1.5232988 1.5723854 1.6744690 1.6982103 1.6183740 1.1643780 1.5839514 1.0561504 1.6372716 1.7443758 1.5588566 1.4711986 1.8197534 1.5939305 1.5963155 1.5368475 1.6104807 1.5312378 1.5710437 1.5433966 2.0042512 1.4846447 1.6136167 1.8036670 1.6375909 1.6477846 1.3971914 1.1643351 0.3267695 0.4236025 0.1377693 0.0823596 0.1439547 0.0000010 0.0000000 1.6084111 2.1819445 2.0330905 2.0847577 2.4336759 1.7380276 2.6385828 2.4534672 1.6336845 1.8142546 1.8263836 2.2579887 2.0177892 2.4744254 1.8470304 1.9998469 2.1245784 2.0563072 1.8375241 3.5872540 3.4313067 
Tcas_TC008122_002                                     1.0839109 1.1609883 1.1881045 0.9698594 0.8707693 1.0991392 1.2161132 1.0511380 0.9456359 1.1377704 1.1941538 0.9740165 1.1940780 1.0107662 1.2256028 1.3472786 1.2075908 1.3179802 1.5209290 1.3807015 1.3749053 1.5052855 1.4634929 1.3942580 1.4635281 1.3730444 1.4235978 1.0744118 0.8481939 1.0979698 1.0249286 1.1927049 1.2615923 1.0417409 1.5865456 1.6677312 1.5702469 1.3406908 1.2859353 1.6084111 1.6084111 0.0000000 1.8150455 1.4356800 1.4223489 1.5192106 1.2594119 1.3163928 1.3275473 1.6426212 1.4236211 1.4884332 2.0724794 1.5083302 2.1374829 1.8136755 2.1039149 2.0913631 2.0805573 1.1098733 3.1177116 3.1914110 
Scil_scict004200.2                                    1.3911505 1.6442643 1.6915116 1.5516289 1.3882722 1.5223896 1.6818473 1.3968555 1.4051356 2.1462036 1.2465576 0.9118384 1.3523806 1.0282913 1.5992341 1.5411752 1.4088063 1.6107169 2.1043088 1.5167012 1.3793322 1.7300773 1.6598536 1.5677345 1.7177331 1.7913851 1.6475821 1.1996690 1.5917142 1.5763551 1.6179544 1.7294409 1.5814264 1.1680470 1.9660111 2.1089199 2.0477650 1.6001588 1.6031673 2.1819445 2.1819445 1.8150455 0.0000000 0.5681164 0.5706418 0.5990308 0.7782424 1.6461692 1.7886383 1.6520310 1.9994622 1.8925011 2.5561602 2.2709352 2.4972099 2.1200518 2.1889650 2.1687100 2.2931261 1.8948320 3.9925020 3.9055201 
Lcom_lcpid90296                                       1.2934623 1.5645594 1.4873545 1.2203097 1.1719434 1.2538920 1.3531103 1.1560075 1.3297070 1.6997882 1.1675794 0.9057453 1.3135112 1.0430121 1.5050820 1.3914792 1.2166320 1.4346302 1.8973604 1.3887007 1.2704955 1.4927566 1.3641816 1.4118890 1.5388726 1.6681213 1.3871450 1.0353783 1.3009911 1.6290972 1.5466248 1.5193344 1.3236761 1.0463115 1.8093954 2.0716531 1.8264222 1.5597559 1.5183373 2.0330905 2.0330905 1.4356800 0.5681164 0.0000000 0.5041764 0.5012541 0.7443148 1.7667068 2.1179903 1.5503807 1.9881855 1.8509733 2.2174205 2.2730124 2.3217300 1.8003760 1.9640041 2.1544434 2.4149891 1.5069947 3.5890309 2.8602132 
Gracom_Gcom_C552206_01                                1.4330002 1.5876640 1.6295668 1.2518314 1.1314787 1.2181772 1.3967918 1.2947702 1.4027734 1.8947192 1.2319935 0.9673109 1.3577468 1.0601952 1.5281971 1.5211647 1.2805973 1.4203769 1.6642228 1.4458772 1.3288366 1.6312503 1.5186196 1.5305244 1.5606404 1.7165317 1.4015215 1.1529949 1.4410908 1.7244024 1.5050917 1.7329804 1.2855288 1.1435315 1.6850499 2.0318478 1.8078199 1.3563570 1.3174625 2.0847577 2.0847577 1.4223489 0.5706418 0.5041764 0.0000000 0.5025493 0.8815831 1.6398547 1.8737424 1.6762318 2.0200094 1.8526448 2.1636105 2.1833711 2.3550198 1.9803591 2.1854243 2.0601018 2.3956644 1.5055934 3.5736429 3.3252953 
Leuniv_Lniv_C796796_01                                1.5679802 1.6306201 1.8394157 1.3443432 1.2256668 1.3401130 1.4892109 1.3274115 1.5176464 1.9799240 1.4498879 1.0342889 1.4216648 1.1294314 1.6284823 1.7377464 1.3690574 1.6413512 1.9675147 1.5749659 1.4555416 1.7493945 1.7019928 1.8194667 1.7825548 1.9365354 1.6518695 1.2235567 1.5141844 1.7744535 1.6403769 1.7870719 1.4333830 1.1183672 1.9154689 2.2218882 2.0272667 1.6581322 1.5928549 2.4336759 2.4336759 1.5192106 0.5990308 0.5012541 0.5025493 0.0000000 0.7479632 1.8385222 2.1939702 1.6088097 2.3576141 2.2575484 2.5769847 2.1672595 2.5040085 1.8236002 2.1451498 2.0778684 2.7073344 1.7563286 3.4367491 3.1947253 
Clacor_Ccor_scaffold10887_01                          1.2105091 1.3703193 1.2489983 1.3042638 1.2594226 1.3413759 1.5154492 1.1267796 1.0199282 1.4871061 1.0618987 0.9394115 1.1871782 1.0213541 1.1792102 1.1831216 1.2082442 1.1808292 1.5346567 1.2914904 1.2967423 1.3690929 1.3625692 1.2651602 1.3610152 1.1870908 1.2145684 1.1485822 1.3887116 1.1730253 1.2464583 1.4434614 1.3201193 1.3743961 1.7687727 1.8222080 1.6469619 1.4230111 1.3727351 1.7380276 1.7380276 1.2594119 0.7782424 0.7443148 0.8815831 0.7479632 0.0000000 1.2720232 1.2416956 1.5644176 1.4680340 1.6570989 1.9165805 1.7431173 1.9327162 1.7489097 1.8874843 2.1399826 2.2235666 1.5782093 3.1227959 2.9457092 
Gfas_gfas1.m1.3414.m1                                 1.5226869 1.4562693 1.1504492 1.2455484 0.8730364 1.5738104 1.6570184 1.2162518 1.0198273 1.6294121 0.6496917 0.1359728 0.1921102 0.1822282 0.3804385 0.6305710 0.6093553 0.9969420 1.5595457 1.2631840 0.9816914 1.4585963 1.3794454 1.2932649 1.1659053 1.5911165 1.9586492 1.0967226 1.5155164 1.2258902 1.4670861 1.6790291 1.4909554 0.8256700 2.1140369 2.8121853 2.0378921 1.5215428 1.5013674 2.6385828 2.6385828 1.3163928 1.6461692 1.7667068 1.6398547 1.8385222 1.2720232 0.0000000 0.2671062 1.3405489 2.1772052 1.9161536 2.6191070 2.8008006 3.8224088 2.3630154 3.0984982 2.9559188 3.2518107 1.5432529 2.9714693 4.0173125 
Gasp_gasp1.m3.30843.m1                                1.4285146 1.5825682 1.1323049 1.2513733 0.7301960 1.4374322 1.7001357 1.1810908 1.0540259 1.6933652 0.6558382 0.0987886 0.1184219 0.1304349 0.2368961 0.6233217 0.5403594 0.8214411 1.3011780 1.2811162 1.0007683 1.5064118 1.3710245 1.3650589 1.2695515 1.7099987 2.1333388 1.1116192 1.6358633 1.3151616 1.3500785 1.8632722 1.5945934 0.9308068 2.1126122 2.6767520 1.9922618 1.3396966 1.2338372 2.4534672 2.4534672 1.3275473 1.7886383 2.1179903 1.8737424 2.1939702 1.2416956 0.2671062 0.0000000 1.3580800 2.2145645 2.2151132 2.6299298 2.9363543 3.9777836 2.4850074 3.0047492 3.2440475 3.2565936 1.6522180 3.1393927 4.1691007 
Mylflu_EP00047_Mylnosiga_fluctuans_P013663            1.5514461 1.6395805 1.4299051 1.5238938 1.2085594 1.4866214 1.4959293 1.5107554 1.2951185 1.6689135 1.2250528 1.1796002 1.3092870 1.0488198 1.3275467 1.4737792 1.3923117 1.2885805 1.5767149 1.4911047 1.1916291 1.4225080 1.4451887 1.3380730 1.4491301 1.3886567 1.4425375 1.2638327 1.4201545 1.4760676 1.5045285 1.7245630 1.5351074 1.1853960 1.6209718 1.7143659 1.5620578 1.3289022 1.2621859 1.6336845 1.6336845 1.6426212 1.6520310 1.5503807 1.6762318 1.6088097 1.5644176 1.3405489 1.3580800 0.0000000 1.2011110 1.1531898 1.8796361 1.6472808 1.9008486 1.5862745 1.7016753 1.8431557 2.0519330 1.9463679 3.0987551 3.1512129 
Salmac_EP00052_Salpingoeca_macrocollata_P017044       1.4467182 1.5869286 1.5635731 1.4426924 1.0832156 1.3733715 1.3961213 1.2798004 1.6133926 1.8113293 1.5884865 1.0520315 1.3716461 0.9729405 1.6790545 1.5651041 1.5505763 1.4860590 1.7131452 1.4673453 1.4438167 1.8240888 1.7168593 1.5372010 1.4762877 1.8267900 1.9374396 1.1107353 1.6464838 1.6777072 1.6755078 1.5225688 1.4716237 1.2881258 1.6687774 1.9495623 1.6026160 1.1053293 1.2261439 1.8142546 1.8142546 1.4236211 1.9994622 1.9881855 2.0200094 2.3576141 1.4680340 2.1772052 2.2145645 1.2011110 0.0000000 0.7513794 1.9856538 1.3778591 1.8192637 1.2556960 1.6044662 1.6460320 1.9807411 1.5948528 3.9806622 4.2591464 
Salpun_EP00053_Salpingoeca_punica_P005209             1.5301736 1.4682838 1.7571108 1.3075094 1.0795677 1.3403589 1.4340187 1.4521251 1.6487279 1.5446866 1.3984974 1.0803359 1.3450375 0.9507848 1.6572392 1.6130449 1.5443360 1.5120133 1.8520285 1.6454049 1.5624977 1.7611429 1.7210246 1.6630985 1.5714669 1.7484029 1.7645685 1.0458032 1.6275829 1.7680533 1.8101347 1.6190774 1.4841668 1.3765447 1.5563091 1.9394180 1.5694084 1.1834441 1.1888800 1.8263836 1.8263836 1.4884332 1.8925011 1.8509733 1.8526448 2.2575484 1.6570989 1.9161536 2.2151132 1.1531898 0.7513794 0.0000000 1.9141773 1.4130443 1.8645135 1.4489492 1.7920665 1.6821789 1.8824497 1.4172964 4.3905859 4.7153336 
Codhol_EP00042_Codosiga_hollandica_P045054            2.0551817 2.0839948 1.8511854 1.9186681 1.6345617 1.9952774 2.1578856 1.9356464 1.8253460 1.4273833 1.8179133 1.4604458 1.7039504 1.4454404 1.9792133 2.3417984 1.7989434 1.9288720 2.0967950 1.9411040 1.8395842 2.0312019 2.0309384 1.9889934 1.7965687 2.2993836 2.5240579 1.9954999 2.2090215 2.2543280 2.0399518 2.2063767 2.2182958 1.6985649 2.0375863 2.4220370 1.8861864 1.1357010 1.1105381 2.2579887 2.2579887 2.0724794 2.5561602 2.2174205 2.1636105 2.5769847 1.9165805 2.6191070 2.6299298 1.8796361 1.9856538 1.9141773 0.0000000 2.1670265 2.2008991 1.7996118 2.0815240 2.0093786 2.4359299 1.7730445 4.8795734 3.7189539 
Salkve_EP00050_Salpingoeca_kvevrii_P012011            1.7423685 1.8890362 1.9179334 1.5964639 1.2503556 1.6597515 1.6048738 1.5339424 1.6954655 1.7983871 1.7408732 1.3558099 1.7393247 1.3473136 1.9915435 2.0507067 1.8967434 1.8759176 2.1604591 1.9170319 1.7242052 2.0630030 1.9589416 1.7019835 1.6445688 1.6968008 2.0315977 1.4360432 1.8697628 1.9969640 1.8953040 2.1841643 2.0745789 1.4217318 2.0747426 2.3355509 1.8946122 1.3536761 1.4203993 2.0177892 2.0177892 1.5083302 2.2709352 2.2730124 2.1833711 2.1672595 1.7431173 2.8008006 2.9363543 1.6472808 1.3778591 1.4130443 2.1670265 0.0000000 1.6166941 1.6166809 1.8282168 1.8196573 1.8197852 1.7470772 4.4995916 4.6039450 
Salurc_EP00051_Salpingoeca_urceolata_P000202          2.6869596 2.2928583 2.5765347 1.9000002 1.5560383 1.9291258 1.9992288 2.0851834 2.3951695 2.7002763 2.4550496 1.6795738 2.2753237 1.7085234 2.6477526 2.6245425 2.6521404 2.3307771 2.6626176 2.3380341 2.2206412 2.4305498 2.4691805 2.2138419 2.3375963 2.4407966 2.6291474 1.5192777 2.0225276 3.1304133 2.5297469 2.1558903 2.2347937 1.8438974 2.0063517 2.4761588 2.1689573 1.2678152 1.2506253 2.4744254 2.4744254 2.1374829 2.4972099 2.3217300 2.3550198 2.5040085 1.9327162 3.8224088 3.9777836 1.9008486 1.8192637 1.8645135 2.2008991 1.6166941 0.0000000 1.7092889 2.0289055 2.3618295 2.4446712 1.8703095 6.9491974 6.0130279 
Sros_EGD72347                                         1.5588432 1.7800066 1.6426349 1.7422834 1.6272346 1.7644359 1.8190134 1.5733928 1.5458739 1.5447281 1.6154188 1.4136530 1.7872852 1.5247291 1.7730827 1.6780163 1.7310440 1.6731087 1.8413333 1.7339153 2.0054876 1.8283535 1.8002729 1.7651564 1.7404912 1.7233301 1.7947597 1.5051873 1.5785426 1.7134547 1.7133707 1.7890278 1.5237045 1.7050095 1.9651515 1.9511687 1.7895618 1.2583187 1.2798581 1.8470304 1.8470304 1.8136755 2.1200518 1.8003760 1.9803591 1.8236002 1.7489097 2.3630154 2.4850074 1.5862745 1.2556960 1.4489492 1.7996118 1.6166809 1.7092889 0.0000000 0.2788620 1.0375196 2.0428838 1.6130419 2.7413523 3.0750120 
Microa_EP00043_Microstomoeca_roanoka_P022275          1.8635463 2.0258133 2.0031508 1.9423837 1.6088706 1.8889644 2.0147127 1.8780635 1.8497251 1.7724651 2.1282778 1.5124534 2.0535494 1.5763256 2.1408384 2.1449542 1.9711679 2.0597091 2.1635551 2.0645660 2.1253281 2.0319138 2.0193957 1.9901765 2.1243964 2.1442214 2.2579727 1.5417189 1.9585022 2.0371255 2.1877129 2.0545155 1.8847236 1.8069166 1.9932147 2.2016991 2.0602193 1.3049371 1.3640502 1.9998469 1.9998469 2.1039149 2.1889650 1.9640041 2.1854243 2.1451498 1.8874843 3.0984982 3.0047492 1.7016753 1.6044662 1.7920665 2.0815240 1.8282168 2.0289055 0.2788620 0.0000000 1.2619029 2.2984426 1.8913930 3.0242883 3.9979858 
Salinf_EP00049_Salpingoeca_infusionum_P019043         1.9376468 2.1887012 2.2213088 2.2957094 1.8625415 2.2505225 2.3118237 2.2090797 1.9710483 1.9969963 2.0300716 1.6745424 2.2053786 1.7019527 2.2280669 2.0301749 2.0530320 2.2473130 2.2465205 2.2734122 2.0925118 2.3406646 2.1263736 2.2585998 2.2042590 2.2594167 1.9625160 1.8835714 1.9701102 2.2590615 2.2238772 2.4609066 2.2412486 2.0947256 2.2729802 2.2996498 2.1225784 1.5579260 1.6592753 2.1245784 2.1245784 2.0913631 2.1687100 2.1544434 2.0601018 2.0778684 2.1399826 2.9559188 3.2440475 1.8431557 1.6460320 1.6821789 2.0093786 1.8196573 2.3618295 1.0375196 1.2619029 0.0000000 2.2006428 2.1870150 3.9664857 3.8876084 
Saldol_EP00054_Salpingoeca_dolichothecata_P003716     2.1100811 2.1507191 2.2492161 1.6864834 1.4256886 1.7715352 1.7820322 1.7546050 2.0538541 1.9717231 2.1124812 1.5236303 2.0816567 1.5174348 2.3697391 2.5249910 2.3576532 2.1089630 2.5274911 2.2159745 2.3382977 2.3026012 2.4775514 2.1191559 2.3924442 2.3040372 2.3503835 1.7640238 1.9370652 2.3719494 2.1473259 2.6047762 2.5784565 1.9971655 1.8643795 2.2878913 1.7539651 1.2308295 1.3302208 2.0563072 2.0563072 2.0805573 2.2931261 2.4149891 2.3956644 2.7073344 2.2235666 3.2518107 3.2565936 2.0519330 1.9807411 1.8824497 2.4359299 1.8197852 2.4446712 2.0428838 2.2984426 2.2006428 0.0000000 1.5659288 5.3303848 5.1422414 
