70
Hsap_ENST00000372134                                    0.0000000 0.8454570 1.1585462 0.9046387 0.9579715 0.7476548 0.9418301 1.2060022 0.9713313 1.2290723 1.5748854 1.0397647 1.4916420 1.5036119 1.5685397 1.6338520 1.2502250 1.5832213 1.5983019 1.7159418 1.5846815 1.6577926 0.9654663 1.5722346 1.5787163 1.6149884 1.4673276 1.4580640 1.0171409 1.5298854 1.4912424 1.5073142 1.5534065 1.5576609 1.2502942 2.2247376 1.1765852 1.9938120 2.1624479 2.3053032 1.7743851 1.7743851 1.8877078 2.0534936 1.7084060 1.7178514 1.9736490 2.7578343 2.5879417 2.7060894 2.5047465 2.5773732 2.9454031 2.2523155 2.3328659 2.3712669 1.8276341 2.0155045 2.5092741 2.6686576 2.4752323 2.5656690 2.2504961 2.5327941 2.3132015 2.5368664 2.6291952 2.7040040 3.2655863 5.5388341 
Tcas_TC013110_001                                       0.8454570 0.0000000 0.7535903 0.6387516 0.8364853 0.7742096 0.7793832 0.9693870 0.9248368 0.8276517 1.5428436 0.8211387 1.4071364 1.3555801 1.4419289 1.4285082 1.1771590 1.3316967 1.5564038 1.6254928 1.4831009 1.5048359 0.7979531 1.4501160 1.5503683 1.6016294 1.5455399 1.8508042 0.6861857 1.2587856 1.2760441 1.2950900 1.2925842 1.2943331 1.0438883 2.2822766 1.1419337 2.1348561 2.2532969 2.1666475 1.7119619 1.7119619 1.5394828 1.7817658 1.7753696 1.8182005 1.8028744 2.5651519 2.0130185 2.1901406 2.0013803 2.0321713 2.2759472 2.0415384 2.1372004 1.9552223 1.5573961 1.7695092 2.1193620 2.5495669 2.3573718 2.3737660 2.2667251 2.2112764 2.1765191 2.1057303 2.2415959 2.4319292 3.4193632 4.1023372 
Dpul_mRNA28314                                          1.1585462 0.7535903 0.0000000 0.6966093 0.8280820 0.8794239 0.8554602 1.0626361 1.0943383 0.9750483 1.4935227 0.7927641 1.4705992 1.4901356 1.6248921 1.6582558 1.2421517 1.4009028 1.6948874 1.5282323 1.4538610 1.5013058 0.7112571 1.5139990 1.5347813 1.5556026 1.5284607 1.6858659 0.7344266 1.4424595 1.4687055 1.4417424 1.3980313 1.3957109 1.1550861 2.4325549 1.1836745 2.3171516 2.2705721 2.1568532 1.6882724 1.6882724 1.6186699 1.8926284 1.7751421 1.7829883 1.8896411 2.9047345 1.9629541 2.0408443 1.9090958 1.9368046 2.2719550 2.0692484 1.8822826 1.8609994 1.5443673 1.7168414 2.1161310 2.3140225 2.1655412 2.3033717 2.0380759 2.0478231 2.2795129 1.8500820 2.3551573 2.5053886 4.2742161 5.4090893 
Cscu_XM_023368264.1                                     0.9046387 0.6387516 0.6966093 0.0000000 0.8737723 0.6632305 0.8626919 1.0536002 0.8689812 0.7534646 1.3303824 0.7820906 1.4076107 1.3735865 1.4763805 1.4343692 1.0765247 1.4531715 1.3517857 1.4531667 1.3547791 1.4406883 0.7227772 1.2744389 1.4433775 1.6043035 1.3438673 1.5949240 0.6948657 1.3104236 1.3472218 1.3383170 1.3271256 1.3256335 1.0466151 2.5124300 1.2224737 2.3410537 2.4355011 2.2646132 1.6563350 1.6563350 1.6718989 1.9496683 1.6549446 1.6647423 1.8235634 2.6049803 2.1569500 2.2902503 2.1534621 2.1530082 2.5798715 2.1011206 2.0772740 1.9059735 1.4892464 1.6521544 2.4082328 2.3777317 2.3273808 2.2514824 2.1016197 2.2007618 2.3063286 2.1232375 2.1312172 2.7394781 4.3478594 5.0816367 
Cgig_XM_034458010.1                                     0.9579715 0.8364853 0.8280820 0.8737723 0.0000000 0.6759669 0.7154707 1.1237159 0.9409495 1.0735782 1.5622494 0.7667558 1.4089974 1.3993859 1.5389652 1.5413191 1.2796547 1.4013283 1.8064767 1.5107993 1.3834649 1.4943653 0.7487045 1.2522849 1.4114569 1.5849449 1.5598290 1.6138184 0.8119187 1.5434231 1.5078994 1.4892320 1.4601792 1.4666724 1.2196701 2.0861182 1.1708490 2.0259243 2.0409768 2.2034187 1.6249878 1.6249878 1.6487289 1.8565351 1.8030981 1.7174268 1.8029987 2.7353276 2.1265369 2.2097659 2.1573905 2.2186924 2.3458853 2.2036723 2.1354085 2.0820840 1.7931694 1.9487853 2.2367970 2.2201405 2.3803654 2.5293512 2.1487411 2.3365265 2.3366205 2.3218775 2.3826307 2.1657093 3.5028992 4.9413687 
Acagra_model.g4069.t1                                   0.7476548 0.7742096 0.8794239 0.6632305 0.6759669 0.0000000 0.7386174 0.9655518 0.7862702 0.9707137 1.2986889 0.9019059 1.3013244 1.3193850 1.4058078 1.4327653 1.1367128 1.3809064 1.4776994 1.4463336 1.2949244 1.3005694 0.7347368 1.3378809 1.4652511 1.5511971 1.5397716 1.4758550 0.8933505 1.5791767 1.5767651 1.6122437 1.5525101 1.5596669 1.3525554 2.3557955 1.1908488 2.2542290 2.1159331 2.2111056 1.6422143 1.6422143 1.8310886 1.7050994 1.7671804 1.6652529 1.7046326 2.5033995 2.2535487 2.3369967 2.2983202 2.3433681 2.4956925 2.1908603 2.2514343 2.1575437 1.7408281 2.0022684 2.3862870 2.4922033 2.3256598 2.5847919 2.2959638 2.5813693 1.9970854 2.3061573 2.4604665 2.4491132 3.0820263 5.3271163 
Ctel_gnl_WGS_AMQN_CAPTEDRAFT_mRNA183221                 0.9418301 0.7793832 0.8554602 0.8626919 0.7154707 0.7386174 0.0000000 1.0076678 0.8896417 1.1486293 1.5453856 0.8075364 1.4139831 1.3885825 1.4307754 1.4538370 1.1355012 1.3730662 1.5494708 1.6450403 1.4797640 1.4586609 0.8018358 1.4519225 1.4248085 1.4205007 1.4289936 1.7314103 0.9197790 1.5737368 1.6055318 1.6330666 1.6043472 1.6043472 1.3432751 2.0768528 1.1192200 2.0085901 2.0145032 1.9260341 1.6194129 1.6194129 1.5892741 1.7190613 1.7704232 1.7644713 1.9409622 2.5413024 2.3840434 2.5771480 2.4501031 2.5455095 2.4184104 2.2616446 2.3749035 2.0969617 1.7867006 2.0328454 2.3974538 2.2490041 2.2821202 2.2917645 2.4561307 2.3436738 2.5291304 2.1144272 2.1775603 2.5597752 3.8894462 5.8874627 
Spur_XM_030979280.1                                     1.2060022 0.9693870 1.0626361 1.0536002 1.1237159 0.9655518 1.0076678 0.0000000 0.7548891 1.2548567 1.4620418 0.7509234 1.3007162 1.3845031 1.4670857 1.4700780 1.1475700 1.2813332 1.4745834 1.8356234 1.6552946 1.6691289 0.9282219 1.5534031 1.4568684 1.4119754 1.7089745 1.8722633 0.9923069 1.5465230 1.5625366 1.6494067 1.6316988 1.6362114 1.2844593 2.2195165 1.2327808 2.1625238 2.1234043 2.2433772 1.6829743 1.6829743 1.6202377 1.9789324 1.8916621 1.8849934 1.8470538 2.8130506 2.2896154 2.4764347 2.3745740 2.4188959 2.5477942 2.2323967 2.1590320 2.0930426 1.7822823 1.9263312 2.4772761 2.3478215 2.3261835 2.5604497 2.2087573 2.5658647 2.3456136 2.2206680 2.3726546 2.9810222 3.6999995 5.8068373 
Skow_XM_002734997.2                                     0.9713313 0.9248368 1.0943383 0.8689812 0.9409495 0.7862702 0.8896417 0.7548891 0.0000000 1.0146508 1.4087385 0.7706491 1.3524577 1.3271091 1.4468961 1.4400142 1.1177729 1.3266852 1.2495272 1.4419555 1.3649059 1.3912225 0.7456776 1.2859567 1.3143650 1.3518375 1.4556210 1.5181678 0.8269371 1.3741004 1.4000956 1.4157522 1.4329132 1.4396634 1.1430838 2.1234827 1.1908724 2.0104284 2.1279217 2.0014236 1.6772562 1.6772562 1.7419564 1.8216150 1.5868873 1.6148495 1.6993546 2.6960740 2.1464271 2.2432756 2.1782192 2.1982648 2.4769145 2.0583284 1.9214613 2.1087843 1.5923696 1.7612698 2.3462021 2.2976643 2.2823283 2.3688602 2.1838995 2.5116677 2.2757328 2.2264206 2.5040060 2.6954778 3.2030809 5.0441037 
Bralan_BLAG02001312_1                                   1.2290723 0.8276517 0.9750483 0.7534646 1.0735782 0.9707137 1.1486293 1.2548567 1.0146508 0.0000000 1.5062385 0.8582051 1.3975293 1.4244915 1.5283265 1.4811265 1.2367194 1.3766814 1.6480016 1.6311083 1.5411287 1.5976647 0.8069920 1.6492965 1.5907107 1.5552038 1.6693529 2.0346231 0.7128723 1.5160397 1.5270375 1.4791039 1.4588762 1.4575564 1.1992426 2.3486023 1.2553389 2.3197399 2.4997463 2.1077493 1.8581059 1.8581059 1.8741453 1.8663398 1.6681516 1.7057532 1.9487462 2.6837900 2.1025394 2.2425894 2.2895902 2.3565018 2.5323448 2.2386541 2.2302343 1.9191484 1.6346954 1.9281574 2.4238653 2.6529744 2.5186921 2.7713432 2.5319973 2.7840409 2.3849843 2.3312148 2.4431118 2.4200084 4.5248912 6.3563742 
Exapal_XM_021052820.2                                   1.5748854 1.5428436 1.4935227 1.3303824 1.5622494 1.2986889 1.5453856 1.4620418 1.4087385 1.5062385 0.0000000 0.2871622 0.4428144 0.4147354 0.4768637 0.4557397 0.3955381 0.4265070 0.5522837 0.8134318 0.6638362 0.7018191 0.4617998 0.7087538 0.7029251 0.7192534 1.0597796 0.8653404 0.7446566 1.2169043 1.2485466 1.2616435 1.3650168 1.3537290 1.1048658 2.1683740 0.7512279 2.3941332 2.2543669 2.4058071 1.6642131 1.6642131 1.5956137 1.6547167 1.6192495 1.6468654 1.7520991 2.2448579 2.7092886 2.7118985 2.6143865 2.5852660 2.8279091 2.7054329 2.2915045 2.3944176 1.9749914 2.2349644 2.6848424 2.7765454 2.5725278 2.7363915 2.2615640 2.4311398 2.5733451 3.0281459 2.9520451 2.9913846 2.8767094 5.0972096 
Nvec_v1g132321                                          1.0397647 0.8211387 0.7927641 0.7820906 0.7667558 0.9019059 0.8075364 0.7509234 0.7706491 0.8582051 0.2871622 0.0000000 0.2332773 0.2160159 0.2741679 0.2642053 0.1958343 0.2619499 0.6107319 0.5894559 0.5462117 0.5457134 0.5320580 0.5021789 0.4460082 0.4260303 0.5825320 0.6544432 0.7045338 0.7045338 0.7456565 0.7353701 0.7724165 0.7724165 0.7760610 1.3549019 0.7947819 1.3900603 1.2802452 1.5831930 0.8526128 0.8526128 0.8710634 1.0476430 1.0814729 1.0812383 1.0854681 1.6976931 1.5958459 1.5585886 1.7386122 1.7386122 1.8491445 1.5394549 1.5374172 1.2368835 1.4093631 1.4720523 1.8607092 1.3798112 1.1932355 1.3140399 1.2995983 1.3768932 1.3902106 1.3903636 1.3834682 1.6144937 1.6706565 4.4924672 
Gfas_gfas1.m1.18484.m1                                  1.4916420 1.4071364 1.4705992 1.4076107 1.4089974 1.3013244 1.4139831 1.3007162 1.3524577 1.3975293 0.4428144 0.2332773 0.0000000 0.1133497 0.1832320 0.1887781 0.1643462 0.1313679 0.1836227 0.7718327 0.6471391 0.6673556 0.4248722 0.6672793 0.6866725 0.6232718 1.0150244 0.9171877 0.7066836 1.2497595 1.3029830 1.3107784 1.3918329 1.3956162 1.0513706 2.0713295 0.8500460 2.0453820 1.8965770 2.0742817 1.4438792 1.4438792 1.3643739 1.5019464 1.4551262 1.5216593 1.6736792 2.1106548 2.1830102 2.1410716 2.2189688 2.2408988 2.3290082 2.2557717 2.0293062 2.0637641 1.8624183 2.1347843 2.5211841 2.3768145 2.2426080 2.3296892 2.1158130 2.2902374 2.4110715 2.4697410 2.8372270 2.9859049 2.5766326 4.5712920 
Fspp_ffun1.m4.8073.m1                                   1.5036119 1.3555801 1.4901356 1.3735865 1.3993859 1.3193850 1.3885825 1.3845031 1.3271091 1.4244915 0.4147354 0.2160159 0.1133497 0.0000000 0.1365474 0.1482061 0.1096899 0.1676263 0.2181629 0.7796623 0.6882416 0.7173817 0.4159340 0.6784461 0.6957047 0.6399677 0.9807967 0.9375670 0.7365307 1.2769182 1.3175477 1.3251472 1.3860436 1.3965795 1.0794354 2.0354646 0.7942494 2.0199588 1.8847607 2.1426125 1.3875423 1.3875423 1.3466362 1.5077460 1.4339355 1.4884382 1.6789576 2.2591212 2.2707849 2.2254600 2.3090461 2.3333512 2.4498159 2.2951676 2.1533400 2.0972785 1.8312509 2.1291039 2.6054336 2.3174257 2.2884277 2.2572893 2.1234472 2.2540999 2.3683002 2.5258175 2.7889133 2.7714103 2.6879942 4.8437259 
Spis_XP_022787822_1                                     1.5685397 1.4419289 1.6248921 1.4763805 1.5389652 1.4058078 1.4307754 1.4670857 1.4468961 1.5283265 0.4768637 0.2741679 0.1832320 0.1365474 0.0000000 0.0632532 0.1661000 0.2281191 0.3117933 0.8264203 0.7298937 0.7322684 0.4515067 0.6823267 0.7633515 0.6935937 1.0563102 0.9818837 0.7890603 1.3792839 1.3462968 1.3567434 1.4079854 1.4011309 1.0999176 2.0663763 0.8123696 2.0559587 1.8981964 2.2675906 1.4431665 1.4431665 1.3671216 1.5255064 1.4246426 1.4773114 1.6904287 2.2138989 2.3506589 2.2758126 2.4574060 2.5051977 2.5849537 2.3465236 2.2875250 2.1570060 2.0242705 2.3828367 2.6335504 2.3547137 2.3005709 2.3216116 2.1397748 2.3949481 2.4799463 2.4860450 2.6534692 2.9064951 2.6554392 5.0749129 
Pocdam_XM_027183775.1                                   1.6338520 1.4285082 1.6582558 1.4343692 1.5413191 1.4327653 1.4538370 1.4700780 1.4400142 1.4811265 0.4557397 0.2642053 0.1887781 0.1482061 0.0632532 0.0000000 0.1571521 0.2113794 0.2940149 0.8161794 0.7342499 0.7343647 0.4358372 0.6874985 0.7127960 0.6536501 1.0564300 0.9542921 0.7280323 1.3400702 1.3309495 1.3411518 1.3851324 1.3783841 1.0264738 2.0999063 0.8518289 2.0825001 1.9140580 2.2884532 1.4592931 1.4592931 1.3840855 1.5359756 1.4274335 1.4884422 1.7050915 2.2613734 2.4350277 2.3300904 2.4899871 2.5195378 2.6296767 2.4275962 2.3222218 2.1919427 1.9600515 2.3444776 2.6910663 2.4430347 2.3340352 2.3907173 2.2325245 2.5119977 2.4948832 2.5121849 2.7269389 3.0192179 2.7407896 5.0715765 
Gasp_gasp1.m3.30846.m1                                  1.2502250 1.1771590 1.2421517 1.0765247 1.2796547 1.1367128 1.1355012 1.1475700 1.1177729 1.2367194 0.3955381 0.1958343 0.1643462 0.1096899 0.1661000 0.1571521 0.0000000 0.2052401 0.2816018 0.7509037 0.6477809 0.6375911 0.4289862 0.5506211 0.6140036 0.5839462 0.8629552 0.9120513 0.7502964 1.0920088 1.1654308 1.1763977 1.2285519 1.2285519 1.0037609 1.9929656 0.8012307 1.9784520 1.8900743 2.1313421 1.1027735 1.1027735 1.1435823 1.3930973 1.3105480 1.3019182 1.5240068 1.9318932 2.1301285 2.0522100 2.2289361 2.2171315 2.3529886 2.0554040 1.9819106 1.8080951 1.8585024 1.9975186 2.3263260 2.0672572 2.0033564 2.0861433 2.0659474 2.1427374 2.3097357 2.5051663 2.4612168 2.7444733 2.5353821 4.6633636 
Amil_Amillepora21525-RA                                 1.5832213 1.3316967 1.4009028 1.4531715 1.4013283 1.3809064 1.3730662 1.2813332 1.3266852 1.3766814 0.4265070 0.2619499 0.1313679 0.1676263 0.2281191 0.2113794 0.2052401 0.0000000 0.1404460 0.7858146 0.7066941 0.7354433 0.4439326 0.7379121 0.6537913 0.5721144 0.9878881 0.9564422 0.7615872 1.2359082 1.2155020 1.2241887 1.3142384 1.3113622 0.9333004 2.0952228 0.8583923 2.1697884 1.9729026 2.1485452 1.3630400 1.3630400 1.4095545 1.4430983 1.5464779 1.5924293 1.7056550 2.3624155 1.9660170 2.0415163 2.2432767 2.2920891 2.3780352 2.3715399 2.0309337 2.0463766 1.8068990 2.2251784 2.3964323 2.4469968 2.2874156 2.3967000 2.0314388 2.3358417 2.4790332 2.2534469 2.5293144 2.8351994 2.8323952 5.2025235 
Adig_XM_015897802.1                                     1.5983019 1.5564038 1.6948874 1.3517857 1.8064767 1.4776994 1.5494708 1.4745834 1.2495272 1.6480016 0.5522837 0.6107319 0.1836227 0.2181629 0.3117933 0.2940149 0.2816018 0.1404460 0.0000000 0.9797505 0.8232638 0.8076070 0.8656923 0.6465581 0.7961052 0.7333007 1.0623623 1.0566770 1.2858856 1.4763617 1.6129814 1.6350176 1.6820347 1.6820347 1.4446037 3.4168576 9.0000000 2.9157075 2.9371198 3.0459444 1.5993629 1.5993629 1.4285097 1.5302859 1.5165535 1.5747555 1.8312501 1.6400002 2.6145112 2.4658655 2.6538597 2.6538597 2.7818615 2.4686921 2.6482200 2.9751331 2.5441699 2.7010683 2.9714287 3.3063135 3.5788754 3.4044280 3.3860131 3.1691243 4.0482951 3.8600336 4.4458122 4.1576076 2.1178211 3.8684354 
Aaur_scaffold473.g7.t2                                  1.7159418 1.6254928 1.5282323 1.4531667 1.5107993 1.4463336 1.6450403 1.8356234 1.4419555 1.6311083 0.8134318 0.5894559 0.7718327 0.7796623 0.8264203 0.8161794 0.7509037 0.7858146 0.9797505 0.0000000 0.3133739 0.3189310 0.1509683 0.4594049 0.8671665 0.9175998 0.7972655 0.6680995 0.7709944 1.3951283 1.3366960 1.3554838 1.4123116 1.4053749 1.0589547 2.1559435 0.9534348 2.2327113 2.1616464 2.1421881 1.5610492 1.5610492 1.3303481 1.6256571 1.4578475 1.5193049 1.6555265 2.5008221 2.5057892 2.4862375 2.4039288 2.4375196 2.9441845 2.5160241 2.2027633 2.5195701 2.0338785 2.3337182 2.5328711 2.8446745 2.8154210 2.8126101 2.6552620 3.0016155 2.5731969 2.8869815 3.1635637 3.1882765 2.4976401 5.1652865 
Nemnom_g10922.t1                                        1.5846815 1.4831009 1.4538610 1.3547791 1.3834649 1.2949244 1.4797640 1.6552946 1.3649059 1.5411287 0.6638362 0.5462117 0.6471391 0.6882416 0.7298937 0.7342499 0.6477809 0.7066941 0.8232638 0.3133739 0.0000000 0.1451821 0.1137559 0.3777298 0.8513472 0.9056129 0.8343333 0.5947741 0.7269367 1.2635809 1.2720188 1.2662975 1.2891806 1.2798430 1.0279434 2.1057989 0.9017675 2.2371561 2.0281692 2.1623732 1.5195775 1.5195775 1.3969306 1.6510866 1.3967410 1.4633578 1.6299532 2.3193181 2.3073141 2.2759943 2.2858875 2.3124089 2.8138234 2.1796233 2.0664202 2.2624373 1.8704748 2.1281042 2.5520468 2.8711640 2.6508680 2.8166154 2.4178644 2.7116898 2.5736637 2.7629298 2.9687457 3.1932307 2.6157091 5.4078282 
Rhoesc_Res_012188-T1                                    1.6577926 1.5048359 1.5013058 1.4406883 1.4943653 1.3005694 1.4586609 1.6691289 1.3912225 1.5976647 0.7018191 0.5457134 0.6673556 0.7173817 0.7322684 0.7343647 0.6375911 0.7354433 0.8076070 0.3189310 0.1451821 0.0000000 0.1076668 0.3788522 0.8656545 0.9303576 0.8959644 0.6007351 0.7653480 1.3968665 1.3315996 1.3614056 1.3743489 1.3644295 1.0995492 2.1411973 0.9382773 2.2388353 2.0288956 2.1962656 1.5635401 1.5635401 1.4099198 1.6852654 1.4679047 1.5057896 1.6636711 2.4669589 2.4110637 2.4032631 2.3306068 2.3621881 2.9435990 2.3272566 2.1173191 2.2719074 1.9117980 2.1833817 2.6177966 2.8490639 2.6734149 2.8415012 2.4625192 2.9039989 2.6294364 2.7822857 3.0986348 3.2891130 2.8234310 5.6454995 
Sanmal_Sma_017151-T1                                    0.9654663 0.7979531 0.7112571 0.7227772 0.7487045 0.7347368 0.8018358 0.9282219 0.7456776 0.8069920 0.4617998 0.5320580 0.4248722 0.4159340 0.4515067 0.4358372 0.4289862 0.4439326 0.8656923 0.1509683 0.1137559 0.1076668 0.0000000 0.1219785 0.4005161 0.4495882 0.4020346 0.3459035 0.7284577 0.7284577 0.7558100 0.7321036 0.7454735 0.7454735 0.7603369 1.2828081 0.9371253 1.3102914 1.3535629 1.2279806 0.9412745 0.9412745 0.7189762 1.0369604 0.9601396 1.0211855 0.9034415 1.6886472 1.5460557 1.5308459 1.6110677 1.6110677 1.8827023 1.5881525 1.3025976 1.2888374 1.2105373 1.3141065 1.8162819 1.5681731 1.3918083 1.4918240 1.5202956 1.5310862 1.4463871 1.5518097 1.5294572 1.6514968 2.0408807 2.8625857 
Morvir_scaffold2.g78.t1                                 1.5722346 1.4501160 1.5139990 1.2744389 1.2522849 1.3378809 1.4519225 1.5534031 1.2859567 1.6492965 0.7087538 0.5021789 0.6672793 0.6784461 0.6823267 0.6874985 0.5506211 0.7379121 0.6465581 0.4594049 0.3777298 0.3788522 0.1219785 0.0000000 0.8962148 0.9168639 0.7401491 0.5799871 0.6715797 1.2230437 1.1982961 1.1984497 1.2528329 1.2463011 0.9396039 2.1716991 0.9764954 2.2420981 2.1145247 2.3308233 1.5104125 1.5104125 1.4370878 1.6719065 1.3889099 1.5432331 1.5098987 2.2075331 2.3710120 2.3028880 2.3399022 2.3685065 2.8455936 2.2420476 2.0875163 2.1665505 1.8731571 2.0780227 2.5810751 2.6879346 2.7092577 2.7401942 2.2234821 2.6085129 2.5939191 2.7667890 2.7497002 3.2275755 2.6967229 5.0255787 
Dgig_XM_028550225.1                                     1.5787163 1.5503683 1.5347813 1.4433775 1.4114569 1.4652511 1.4248085 1.4568684 1.3143650 1.5907107 0.7029251 0.4460082 0.6866725 0.6957047 0.7633515 0.7127960 0.6140036 0.6537913 0.7961052 0.8671665 0.8513472 0.8656545 0.4005161 0.8962148 0.0000000 0.2543111 1.1183533 0.9190372 0.7977295 1.3131327 1.2810844 1.3185168 1.3569981 1.3673578 1.0005013 2.0591628 0.8459977 2.0842235 1.8971129 2.1913150 1.5992007 1.5992007 1.4015533 1.6764625 1.5005890 1.4576010 1.4830310 2.1077401 2.3960259 2.4960191 2.5513050 2.5430872 2.8444331 2.7049713 2.2865047 2.2347249 1.8553086 2.2043083 2.2586927 2.4144676 2.2107014 2.2939958 2.2143109 2.4632943 2.4626742 2.6550052 2.8535641 2.8979082 2.5979944 4.8680705 
Xesp_002645-T1                                          1.6149884 1.6016294 1.5556026 1.6043035 1.5849449 1.5511971 1.4205007 1.4119754 1.3518375 1.5552038 0.7192534 0.4260303 0.6232718 0.6399677 0.6935937 0.6536501 0.5839462 0.5721144 0.7333007 0.9175998 0.9056129 0.9303576 0.4495882 0.9168639 0.2543111 0.0000000 1.0919652 0.9286676 0.8661177 1.4240771 1.3694414 1.4289904 1.4898335 1.5012778 1.0293690 1.9305243 0.8983942 2.0244003 1.8410133 2.1782474 1.6579796 1.6579796 1.5695043 1.5764647 1.5066642 1.5107411 1.5656106 2.4331536 2.5990607 2.6502557 2.7260276 2.7461388 2.8268565 2.8239529 2.2773257 2.3936538 2.0028654 2.3281841 2.3708656 2.3522421 2.2848954 2.3344440 2.2662151 2.5071549 2.5318792 2.5148864 2.7929112 2.9302542 2.8446950 5.3897689 
Chem_TCONS_00073059                                     1.4673276 1.5455399 1.5284607 1.3438673 1.5598290 1.5397716 1.4289936 1.7089745 1.4556210 1.6693529 1.0597796 0.5825320 1.0150244 0.9807967 1.0563102 1.0564300 0.8629552 0.9878881 1.0623623 0.7972655 0.8343333 0.8959644 0.4020346 0.7401491 1.1183533 1.0919652 0.0000000 0.6570635 0.8049214 1.3183151 1.4068222 1.3930694 1.3600004 1.3572358 1.1064494 1.8715098 0.9091823 1.9172552 1.9376207 1.9759366 1.5009081 1.5009081 1.3960179 1.5802769 1.6991279 1.7100457 1.6724383 2.3394501 2.5440025 2.5959250 2.2844401 2.2670204 3.1254387 2.3688374 2.1163887 2.4544224 2.0721966 2.3187291 2.6650788 2.2857884 2.2457565 2.2974853 1.8907355 2.3636462 2.3277328 2.5594620 2.9043815 2.7302449 2.8469975 4.8962950 
Hvul_g7930_1                                            1.4580640 1.8508042 1.6858659 1.5949240 1.6138184 1.4758550 1.7314103 1.8722633 1.5181678 2.0346231 0.8653404 0.6544432 0.9171877 0.9375670 0.9818837 0.9542921 0.9120513 0.9564422 1.0566770 0.6680995 0.5947741 0.6007351 0.3459035 0.5799871 0.9190372 0.9286676 0.6570635 0.0000000 0.9010846 1.5630809 1.5339522 1.5348034 1.5928869 1.5928869 1.1489351 2.2773135 0.9585161 2.3802244 2.3057782 2.7285596 1.6604909 1.6604909 1.4775396 1.6709396 1.7520962 1.6337697 1.5719667 2.3475208 2.9485472 2.8823769 2.7649596 2.8678260 3.1654261 2.5184746 2.7536652 2.8838935 2.3231094 2.5272102 2.9523433 3.0500586 3.0804212 3.0092687 2.3085895 2.8548716 2.6425858 3.1264540 3.1486969 3.0510385 2.5662826 5.0588319 
Tadh_TriadT23781                                        1.0171409 0.6861857 0.7344266 0.6948657 0.8119187 0.8933505 0.9197790 0.9923069 0.8269371 0.7128723 0.7446566 0.7045338 0.7066836 0.7365307 0.7890603 0.7280323 0.7502964 0.7615872 1.2858856 0.7709944 0.7269367 0.7653480 0.7284577 0.6715797 0.7977295 0.8661177 0.8049214 0.9010846 0.0000000 0.0000010 0.1264542 0.1097962 0.0954040 0.0954040 0.1269278 1.3719575 0.9095340 1.2664469 1.3396989 1.3069387 1.1081510 1.1081510 1.0637741 1.4586864 1.5917420 1.5562769 1.4348322 2.0190178 1.6474608 1.6518046 1.7101673 1.7101673 1.9665847 1.5493964 1.6994979 1.6050284 1.6151972 1.6302434 1.7809086 1.4046404 1.3192845 1.4308887 1.3479369 1.4349360 1.3276298 1.5568230 1.3586892 1.5799441 3.6463143 4.2154158 
TrH2_TrispH2_010320-RA                                  1.5298854 1.2587856 1.4424595 1.3104236 1.5434231 1.5791767 1.5737368 1.5465230 1.3741004 1.5160397 1.2169043 0.7045338 1.2497595 1.2769182 1.3792839 1.3400702 1.0920088 1.2359082 1.4763617 1.3951283 1.2635809 1.3968665 0.7284577 1.2230437 1.3131327 1.4240771 1.3183151 1.5630809 0.0000010 0.0000000 0.2483935 0.2366015 0.2568910 0.2526556 0.1904554 1.9174512 0.9095340 1.9231589 2.0316008 2.0144402 1.6633422 1.6633422 1.6342616 1.9523947 2.2043388 2.2056563 2.0188742 3.1694198 2.4701516 2.6366574 2.3423306 2.3393465 2.5458299 2.5058645 2.2917950 2.2913456 2.0327313 2.1908488 2.5022985 2.2722620 2.1760359 2.2209942 1.9292338 2.1258932 2.2182478 2.6242482 2.4516843 2.6842003 4.3618735 5.3750260 
HoiH06_mRNA12989                                        1.4912424 1.2760441 1.4687055 1.3472218 1.5078994 1.5767651 1.6055318 1.5625366 1.4000956 1.5270375 1.2485466 0.7456565 1.3029830 1.3175477 1.3462968 1.3309495 1.1654308 1.2155020 1.6129814 1.3366960 1.2720188 1.3315996 0.7558100 1.1982961 1.2810844 1.3694414 1.4068222 1.5339522 0.1264542 0.2483935 0.0000000 0.0420795 0.1136992 0.1101165 0.1574748 1.8519849 0.8285891 1.8212362 1.9111032 1.9479252 1.7592531 1.7592531 1.7042347 1.9823119 2.1252957 2.1610397 1.9386093 2.9949092 2.3395598 2.5166302 2.2160485 2.2363078 2.5722488 2.3390630 2.3411665 2.2370153 2.1001324 2.2029813 2.5585529 2.2705461 2.2543190 2.2440305 1.8605141 2.1055057 2.4387066 2.4011245 2.5648580 2.5774551 3.7575427 4.9119414 
HoiH23_PlH23_002032-RA                                  1.5073142 1.2950900 1.4417424 1.3383170 1.4892320 1.6122437 1.6330666 1.6494067 1.4157522 1.4791039 1.2616435 0.7353701 1.3107784 1.3251472 1.3567434 1.3411518 1.1763977 1.2241887 1.6350176 1.3554838 1.2662975 1.3614056 0.7321036 1.1984497 1.3185168 1.4289904 1.3930694 1.5348034 0.1097962 0.2366015 0.0420795 0.0000000 0.1047451 0.1012445 0.1412880 1.7820751 0.8639256 1.7899321 1.8935447 1.9548435 1.7296458 1.7296458 1.6893090 2.0002384 2.0497389 2.0951524 1.8938586 2.9878391 2.3821541 2.5108709 2.2350821 2.2427246 2.5079254 2.3451379 2.3129496 2.2470745 2.0751548 2.1568763 2.5929089 2.2701842 2.1919215 2.2143322 1.9113451 2.1380743 2.3888598 2.3970190 2.5142043 2.5476085 3.9556060 4.7533255 
Hhon_g03276.t1                                          1.5534065 1.2925842 1.3980313 1.3271256 1.4601792 1.5525101 1.6043472 1.6316988 1.4329132 1.4588762 1.3650168 0.7724165 1.3918329 1.3860436 1.4079854 1.3851324 1.2285519 1.3142384 1.6820347 1.4123116 1.2891806 1.3743489 0.7454735 1.2528329 1.3569981 1.4898335 1.3600004 1.5928869 0.0954040 0.2568910 0.1136992 0.1047451 0.0000000 0.0030864 0.1444905 1.8691820 0.8793496 1.8284511 1.9316677 1.9454903 1.7880483 1.7880483 1.7300604 1.9361037 2.2109248 2.1438009 1.9586085 2.9638588 2.3657906 2.5357244 2.2546276 2.2616458 2.4821489 2.3351407 2.2797188 2.1979479 2.0633872 2.1734886 2.6284944 2.2127791 2.2356636 2.2046015 1.8821382 2.2248458 2.3949718 2.4506648 2.4800240 2.5611342 4.0113886 4.9708882 
HoiH04_mRNA5584                                         1.5576609 1.2943331 1.3957109 1.3256335 1.4666724 1.5596669 1.6043472 1.6362114 1.4396634 1.4575564 1.3537290 0.7724165 1.3956162 1.3965795 1.4011309 1.3783841 1.2285519 1.3113622 1.6820347 1.4053749 1.2798430 1.3644295 0.7454735 1.2463011 1.3673578 1.5012778 1.3572358 1.5928869 0.0954040 0.2526556 0.1101165 0.1012445 0.0030864 0.0000000 0.1444905 1.8691820 0.8793496 1.8284511 1.9316677 1.9454903 1.7843011 1.7843011 1.7168630 1.9327484 2.1948886 2.1282307 1.9570478 2.9609470 2.3657906 2.5357244 2.2546276 2.2616458 2.4821489 2.3351407 2.2797188 2.1979479 2.0633872 2.1734886 2.6284944 2.2127791 2.2356636 2.2046015 1.8821382 2.2248458 2.3949718 2.4506648 2.4800240 2.5559816 4.0113886 4.9532168 
HoiH11_mRNA7451                                         1.2502942 1.0438883 1.1550861 1.0466151 1.2196701 1.3525554 1.3432751 1.2844593 1.1430838 1.1992426 1.1048658 0.7760610 1.0513706 1.0794354 1.0999176 1.0264738 1.0037609 0.9333004 1.4446037 1.0589547 1.0279434 1.0995492 0.7603369 0.9396039 1.0005013 1.0293690 1.1064494 1.1489351 0.1269278 0.1904554 0.1574748 0.1412880 0.1444905 0.1444905 0.0000000 1.6944685 0.9629614 1.6529926 1.7848706 1.7811203 1.5213310 1.5213310 1.4178329 1.6974652 1.8542493 1.7959249 1.5489395 2.2901206 2.3945785 2.4488934 2.2826617 2.2826617 2.4741517 2.1939499 2.3148740 2.2730575 2.1102616 2.2464861 2.6597080 2.1943837 2.1393550 2.1378178 1.8312145 1.9203069 2.1141140 2.2683352 2.2710717 2.4412919 2.8209302 5.0939752 
Scil_scict010434.1                                      2.2247376 2.2822766 2.4325549 2.5124300 2.0861182 2.3557955 2.0768528 2.2195165 2.1234827 2.3486023 2.1683740 1.3549019 2.0713295 2.0354646 2.0663763 2.0999063 1.9929656 2.0952228 3.4168576 2.1559435 2.1057989 2.1411973 1.2828081 2.1716991 2.0591628 1.9305243 1.8715098 2.2773135 1.3719575 1.9174512 1.8519849 1.7820751 1.8691820 1.8691820 1.6944685 0.0000000 0.1860082 0.4761453 0.4382141 1.0269109 2.3178193 2.3178193 1.9279511 2.1391240 2.3169783 2.3515701 2.0862027 3.1402494 2.7348713 2.6361132 2.5054665 2.5642867 2.5927175 2.7968465 2.3587535 2.0619502 2.1805341 2.3330298 2.9518395 2.3757235 2.3432728 2.3842649 1.9794232 2.0730508 2.2406153 2.5748169 2.6277075 2.6898492 4.1159088 5.6063921 
Gracom_Gcom_scaffold720_01                              1.1765852 1.1419337 1.1836745 1.2224737 1.1708490 1.1908488 1.1192200 1.2327808 1.1908724 1.2553389 0.7512279 0.7947819 0.8500460 0.7942494 0.8123696 0.8518289 0.8012307 0.8583923 9.0000000 0.9534348 0.9017675 0.9382773 0.9371253 0.9764954 0.8459977 0.8983942 0.9091823 0.9585161 0.9095340 0.9095340 0.8285891 0.8639256 0.8793496 0.8793496 0.9629614 0.1860082 0.0000000 0.2486163 0.2831023 0.5765359 1.2452336 1.2452336 1.1378297 1.2306206 1.6558935 1.4553520 1.1142225 2.0411088 1.6400810 1.4176491 1.5589462 1.5589462 1.6594284 1.5144738 1.3294783 1.1823566 1.2593734 1.2106877 1.6776261 1.4595903 1.1771334 1.2523371 1.1912788 1.2097942 1.2984123 1.7034279 1.4901299 1.4277294 0.0000010 0.0000010 
Lcom_lcpid64137                                         1.9938120 2.1348561 2.3171516 2.3410537 2.0259243 2.2542290 2.0085901 2.1625238 2.0104284 2.3197399 2.3941332 1.3900603 2.0453820 2.0199588 2.0559587 2.0825001 1.9784520 2.1697884 2.9157075 2.2327113 2.2371561 2.2388353 1.3102914 2.2420981 2.0842235 2.0244003 1.9172552 2.3802244 1.2664469 1.9231589 1.8212362 1.7899321 1.8284511 1.8284511 1.6529926 0.4761453 0.2486163 0.0000000 0.4222163 1.1608631 2.3260099 2.3260099 2.0531803 1.9950311 2.4391421 2.3754989 2.1130373 2.9351938 2.6284797 2.4220668 2.1179320 2.1612017 2.3179150 2.1669499 2.1588640 2.2099776 1.9886340 2.1434601 2.7064010 2.4403042 2.4304750 2.5076240 2.1928199 2.4161271 2.1139601 2.8625569 2.7129468 2.9241645 3.9208110 5.4242838 
Leuniv_Lniv_scaffold18703_01                            2.1624479 2.2532969 2.2705721 2.4355011 2.0409768 2.1159331 2.0145032 2.1234043 2.1279217 2.4997463 2.2543669 1.2802452 1.8965770 1.8847607 1.8981964 1.9140580 1.8900743 1.9729026 2.9371198 2.1616464 2.0281692 2.0288956 1.3535629 2.1145247 1.8971129 1.8410133 1.9376207 2.3057782 1.3396989 2.0316008 1.9111032 1.8935447 1.9316677 1.9316677 1.7848706 0.4382141 0.2831023 0.4222163 0.0000000 1.1259522 2.2572879 2.2572879 1.9805072 1.9749787 2.2531873 2.2279703 1.9581693 2.9521602 2.6972142 2.5258383 2.5081258 2.5667719 2.5096126 2.3872819 2.3330790 2.1625173 1.9973282 2.2684886 2.8818860 2.3164390 2.2358374 2.3685726 1.9314865 1.9698073 2.0527714 2.4190954 2.5868758 2.4950120 3.6918501 5.9957769 
Clacor_Ccor_C537083_01                                  2.3053032 2.1666475 2.1568532 2.2646132 2.2034187 2.2111056 1.9260341 2.2433772 2.0014236 2.1077493 2.4058071 1.5831930 2.0742817 2.1426125 2.2675906 2.2884532 2.1313421 2.1485452 3.0459444 2.1421881 2.1623732 2.1962656 1.2279806 2.3308233 2.1913150 2.1782474 1.9759366 2.7285596 1.3069387 2.0144402 1.9479252 1.9548435 1.9454903 1.9454903 1.7811203 1.0269109 0.5765359 1.1608631 1.1259522 0.0000000 2.5493904 2.5493904 2.1174148 2.2295189 2.2112732 2.2456395 2.1884355 3.4790654 2.6346025 2.5990718 2.4309176 2.4294325 2.6315723 2.6926603 2.6370515 2.0809046 2.0790000 2.2459862 3.0600811 2.8725892 2.3840389 2.4353786 2.2777675 2.1292306 2.4440826 2.7416126 3.2461244 3.1959129 4.3842604 4.0632360 
Ocar_g10401                                             1.7743851 1.7119619 1.6882724 1.6563350 1.6249878 1.6422143 1.6194129 1.6829743 1.6772562 1.8581059 1.6642131 0.8526128 1.4438792 1.3875423 1.4431665 1.4592931 1.1027735 1.3630400 1.5993629 1.5610492 1.5195775 1.5635401 0.9412745 1.5104125 1.5992007 1.6579796 1.5009081 1.6604909 1.1081510 1.6633422 1.7592531 1.7296458 1.7880483 1.7843011 1.5213310 2.3178193 1.2452336 2.3260099 2.2572879 2.5493904 0.0000000 0.0000010 0.8899875 1.8060646 1.6831165 1.6064159 1.7290644 2.4051016 2.6254416 2.3576517 2.3082495 2.3162566 2.7522071 2.4928640 2.3721765 2.4464929 2.0034251 2.2269310 2.7196159 2.7263583 2.6707084 2.7655605 2.3892640 2.2961358 2.6738724 2.3749721 2.4763004 2.7337598 3.0606764 5.8684393 
Opea_EP00118_Oscarella_pearsei_P025873                  1.7743851 1.7119619 1.6882724 1.6563350 1.6249878 1.6422143 1.6194129 1.6829743 1.6772562 1.8581059 1.6642131 0.8526128 1.4438792 1.3875423 1.4431665 1.4592931 1.1027735 1.3630400 1.5993629 1.5610492 1.5195775 1.5635401 0.9412745 1.5104125 1.5992007 1.6579796 1.5009081 1.6604909 1.1081510 1.6633422 1.7592531 1.7296458 1.7880483 1.7843011 1.5213310 2.3178193 1.2452336 2.3260099 2.2572879 2.5493904 0.0000010 0.0000000 0.8899875 1.8060646 1.6831165 1.6064159 1.7290644 2.4051016 2.6254416 2.3576517 2.3082495 2.3162566 2.7522071 2.4928640 2.3721765 2.4464929 2.0034251 2.2269310 2.7196159 2.7263583 2.6707084 2.7655605 2.3892640 2.2961358 2.6738724 2.3749721 2.4763004 2.7337598 3.0606764 5.8684393 
Plajan_Pjan_C567022_01                                  1.8877078 1.5394828 1.6186699 1.6718989 1.6487289 1.8310886 1.5892741 1.6202377 1.7419564 1.8741453 1.5956137 0.8710634 1.3643739 1.3466362 1.3671216 1.3840855 1.1435823 1.4095545 1.4285097 1.3303481 1.3969306 1.4099198 0.7189762 1.4370878 1.4015533 1.5695043 1.3960179 1.4775396 1.0637741 1.6342616 1.7042347 1.6893090 1.7300604 1.7168630 1.4178329 1.9279511 1.1378297 2.0531803 1.9805072 2.1174148 0.8899875 0.8899875 0.0000000 1.5049448 1.4826540 1.4231792 1.4608216 1.9213718 2.7847786 2.5252399 2.6128322 2.5703487 2.6813529 2.6813213 2.5205528 2.2833241 2.0393122 2.3390767 2.7859445 2.6386974 2.6028372 2.6135004 2.2151443 2.2313344 2.1997540 2.3287163 2.8201666 2.6140448 3.1212118 6.4087971 
Aque_Aqu2.1.22925_001                                   2.0534936 1.7817658 1.8926284 1.9496683 1.8565351 1.7050994 1.7190613 1.9789324 1.8216150 1.8663398 1.6547167 1.0476430 1.5019464 1.5077460 1.5255064 1.5359756 1.3930973 1.4430983 1.5302859 1.6256571 1.6510866 1.6852654 1.0369604 1.6719065 1.6764625 1.5764647 1.5802769 1.6709396 1.4586864 1.9523947 1.9823119 2.0002384 1.9361037 1.9327484 1.6974652 2.1391240 1.2306206 1.9950311 1.9749787 2.2295189 1.8060646 1.8060646 1.5049448 0.0000000 0.9121236 0.8393032 0.8113625 1.3503633 2.4147739 2.2519814 2.5023400 2.5600603 2.4853843 2.5268305 2.2986625 2.2385570 1.9555876 2.2153802 2.3334546 2.9059878 2.5059798 2.8231208 2.2941280 2.6600166 2.7383438 2.8059970 2.9659103 3.0073461 1.4223743 5.8720213 
Emue_Em0016g383a.t1                                     1.7084060 1.7753696 1.7751421 1.6549446 1.8030981 1.7671804 1.7704232 1.8916621 1.5868873 1.6681516 1.6192495 1.0814729 1.4551262 1.4339355 1.4246426 1.4274335 1.3105480 1.5464779 1.5165535 1.4578475 1.3967410 1.4679047 0.9601396 1.3889099 1.5005890 1.5066642 1.6991279 1.7520962 1.5917420 2.2043388 2.1252957 2.0497389 2.2109248 2.1948886 1.8542493 2.3169783 1.6558935 2.4391421 2.2531873 2.2112732 1.6831165 1.6831165 1.4826540 0.9121236 0.0000000 0.1676747 0.8160914 1.0172396 2.3060516 2.1018038 2.4661570 2.5205141 2.4741605 2.3599356 2.3194960 2.2359182 1.9372399 2.2727443 2.4911983 2.7438898 2.3543468 2.5444152 2.3431773 2.7677731 2.3895359 2.3991632 2.4622155 3.0118851 1.9541931 4.5047095 
Spolac_c101657_g1_i1_m.26325c101657-g1                  1.7178514 1.8182005 1.7829883 1.6647423 1.7174268 1.6652529 1.7644713 1.8849934 1.6148495 1.7057532 1.6468654 1.0812383 1.5216593 1.4884382 1.4773114 1.4884422 1.3019182 1.5924293 1.5747555 1.5193049 1.4633578 1.5057896 1.0211855 1.5432331 1.4576010 1.5107411 1.7100457 1.6337697 1.5562769 2.2056563 2.1610397 2.0951524 2.1438009 2.1282307 1.7959249 2.3515701 1.4553520 2.3754989 2.2279703 2.2456395 1.6064159 1.6064159 1.4231792 0.8393032 0.1676747 0.0000000 0.7766637 0.9154857 2.4431007 2.0735041 2.5722695 2.6314510 2.4754210 2.5294805 2.4041530 2.2842289 1.9847191 2.3484816 2.5245926 2.4405163 2.0567159 2.3050941 2.1454817 2.5490093 2.3740174 2.4418804 2.4843715 3.2394196 2.1026216 4.7262750 
Tetwil_g20604.t1                                        1.9736490 1.8028744 1.8896411 1.8235634 1.8029987 1.7046326 1.9409622 1.8470538 1.6993546 1.9487462 1.7520991 1.0854681 1.6736792 1.6789576 1.6904287 1.7050915 1.5240068 1.7056550 1.8312501 1.6555265 1.6299532 1.6636711 0.9034415 1.5098987 1.4830310 1.5656106 1.6724383 1.5719667 1.4348322 2.0188742 1.9386093 1.8938586 1.9586085 1.9570478 1.5489395 2.0862027 1.1142225 2.1130373 1.9581693 2.1884355 1.7290644 1.7290644 1.4608216 0.8113625 0.8160914 0.7766637 0.0000000 0.7305618 2.5034138 2.2922847 2.4474065 2.4459966 2.4570169 2.5062046 2.3267844 2.3205478 1.9732084 2.1879884 2.6709123 2.7613384 2.2213496 2.5042397 2.2396767 2.6011415 2.5507351 2.6978936 2.5929129 3.1656172 1.8989985 5.3814051 
Stycar_maker-SC_scaffold6895-snap-gene-0.7-mRNA-1       2.7578343 2.5651519 2.9047345 2.6049803 2.7353276 2.5033995 2.5413024 2.8130506 2.6960740 2.6837900 2.2448579 1.6976931 2.1106548 2.2591212 2.2138989 2.2613734 1.9318932 2.3624155 1.6400002 2.5008221 2.3193181 2.4669589 1.6886472 2.2075331 2.1077401 2.4331536 2.3394501 2.3475208 2.0190178 3.1694198 2.9949092 2.9878391 2.9638588 2.9609470 2.2901206 3.1402494 2.0411088 2.9351938 2.9521602 3.4790654 2.4051016 2.4051016 1.9213718 1.3503633 1.0172396 0.9154857 0.7305618 0.0000000 3.2776115 3.1086230 2.8613978 2.9026142 3.5604116 2.9076488 3.1262642 3.3133636 2.6156450 3.1443768 3.5870894 3.8542538 3.3151455 3.6869334 3.3281120 3.8648595 4.0781620 3.6890710 3.9326727 4.9604333 1.8566157 6.3194190 
Mlei_ML1383.g13.i1                                      2.5879417 2.0130185 1.9629541 2.1569500 2.1265369 2.2535487 2.3840434 2.2896154 2.1464271 2.1025394 2.7092886 1.5958459 2.1830102 2.2707849 2.3506589 2.4350277 2.1301285 1.9660170 2.6145112 2.5057892 2.3073141 2.4110637 1.5460557 2.3710120 2.3960259 2.5990607 2.5440025 2.9485472 1.6474608 2.4701516 2.3395598 2.3821541 2.3657906 2.3657906 2.3945785 2.7348713 1.6400810 2.6284797 2.6972142 2.6346025 2.6254416 2.6254416 2.7847786 2.4147739 2.3060516 2.4431007 2.5034138 3.2776115 0.0000000 0.4758419 0.5689089 0.5814456 0.5514045 0.7323348 0.9818907 1.0353930 0.9889337 1.0418356 0.8084929 3.2852406 2.7031432 2.8695239 2.6067958 2.5849757 3.3598043 3.2489565 3.3594987 3.6389079 4.9671910 2.0832551 
Beraby_Baby_sb332028                                    2.7060894 2.1901406 2.0408443 2.2902503 2.2097659 2.3369967 2.5771480 2.4764347 2.2432756 2.2425894 2.7118985 1.5585886 2.1410716 2.2254600 2.2758126 2.3300904 2.0522100 2.0415163 2.4658655 2.4862375 2.2759943 2.4032631 1.5308459 2.3028880 2.4960191 2.6502557 2.5959250 2.8823769 1.6518046 2.6366574 2.5166302 2.5108709 2.5357244 2.5357244 2.4488934 2.6361132 1.4176491 2.4220668 2.5258383 2.5990718 2.3576517 2.3576517 2.5252399 2.2519814 2.1018038 2.0735041 2.2922847 3.1086230 0.4758419 0.0000000 0.6547345 0.6696268 0.6696845 0.8118272 1.0351249 1.0058067 1.1479554 1.1753390 0.9506429 3.4314601 2.7228462 3.0581159 2.6575375 2.6190429 3.1774259 3.2700836 3.3132827 3.6377597 4.2143522 2.2667873 
Bolinf_Binf_sb1232347                                   2.5047465 2.0013803 1.9090958 2.1534621 2.1573905 2.2983202 2.4501031 2.3745740 2.1782192 2.2895902 2.6143865 1.7386122 2.2189688 2.3090461 2.4574060 2.4899871 2.2289361 2.2432767 2.6538597 2.4039288 2.2858875 2.3306068 1.6110677 2.3399022 2.5513050 2.7260276 2.2844401 2.7649596 1.7101673 2.3423306 2.2160485 2.2350821 2.2546276 2.2546276 2.2826617 2.5054665 1.5589462 2.1179320 2.5081258 2.4309176 2.3082495 2.3082495 2.6128322 2.5023400 2.4661570 2.5722695 2.4474065 2.8613978 0.5689089 0.6547345 0.0000000 0.0000010 0.7358799 0.5348311 0.7405818 0.9570909 0.7715581 0.7702753 0.8665285 3.2688454 2.6590504 2.7098391 2.4531689 2.4855178 2.8913102 3.3470408 3.4526234 3.7138268 4.7916215 2.0446325 
Mertsp_Mesp_sb566590                                    2.5773732 2.0321713 1.9368046 2.1530082 2.2186924 2.3433681 2.5455095 2.4188959 2.1982648 2.3565018 2.5852660 1.7386122 2.2408988 2.3333512 2.5051977 2.5195378 2.2171315 2.2920891 2.6538597 2.4375196 2.3124089 2.3621881 1.6110677 2.3685065 2.5430872 2.7461388 2.2670204 2.8678260 1.7101673 2.3393465 2.2363078 2.2427246 2.2616458 2.2616458 2.2826617 2.5642867 1.5589462 2.1612017 2.5667719 2.4294325 2.3162566 2.3162566 2.5703487 2.5600603 2.5205141 2.6314510 2.4459966 2.9026142 0.5814456 0.6696268 0.0000010 0.0000000 0.7455338 0.5473588 0.7524289 0.9817043 0.7715581 0.7702753 0.8880394 3.2815385 2.6688179 2.7205950 2.5171242 2.5429432 2.9585663 3.3480582 3.5891225 3.7551554 5.1919414 2.0305955 
