54
Hsap_ENST00000599848                                               0.0000000 0.3055254 0.2985560 0.3724551 0.3337790 0.4059486 0.3539970 0.2902341 0.3666679 0.3909134 0.3946452 0.3915001 0.4567782 0.4541433 0.5122959 0.5060521 0.4977186 0.5528789 0.6629423 0.4444690 0.5353213 0.4678068 0.8352140 0.6589297 0.8454143 0.6701017 0.6180708 0.6559814 0.6482510 0.4332468 0.6364074 0.9655137 1.5537562 0.6540504 0.7162044 0.6370929 0.6083672 0.7526588 0.7929180 0.6467402 0.6532462 0.6312621 0.4911500 0.5707854 0.4770966 0.5577270 1.1862025 1.2030293 1.2281423 1.2242696 1.2262088 1.2303913 1.2264244 2.5908498 
Bralan_BLAG02001507_1                                              0.3055254 0.0000000 0.2896198 0.3552139 0.3447269 0.3801980 0.3343128 0.2909556 0.3626083 0.3978432 0.3991483 0.3973020 0.4505491 0.4533179 0.4684728 0.4727111 0.4575461 0.4918685 0.5929673 0.4206233 0.5331358 0.4574064 0.8192511 0.6854933 0.8481950 0.6659383 0.6389531 0.6937290 0.6530032 0.4839368 0.6488878 1.0346764 1.5799349 0.6662604 0.6591979 0.6433566 0.5852394 0.7009013 0.7608738 0.6582155 0.6669346 0.6498078 0.4972362 0.5796893 0.4924313 0.5436169 1.2223713 1.2261815 1.2084533 1.1853019 1.2040763 1.2081834 1.2115083 2.6177236 
Skow_XM_002741687.2                                                0.2985560 0.2896198 0.0000000 0.2637039 0.2744229 0.3134278 0.2610639 0.1848070 0.3137330 0.3181385 0.3110722 0.3111896 0.3439229 0.3469366 0.3748606 0.3722915 0.3526332 0.4020540 0.5450060 0.3734265 0.3837246 0.4068724 0.6718303 0.7466689 0.6723877 0.6195627 0.5275884 0.5880418 0.5531872 0.4056566 0.5427476 0.8941054 1.4323041 0.5646348 0.5996168 0.5594635 0.5708514 0.7260694 0.8226158 0.5825351 0.5961084 0.5648558 0.4382877 0.5492609 0.4539251 0.4764004 1.1608417 1.1563187 1.1701477 1.1653643 1.1725757 1.1771901 1.1540431 2.3782255 
Cgig_XM_011433099.3                                                0.3724551 0.3552139 0.2637039 0.0000000 0.1494280 0.3875456 0.3240032 0.3022323 0.3375300 0.3917318 0.3899070 0.3880416 0.4396643 0.4420793 0.4685189 0.4739890 0.4355013 0.5019647 0.5900544 0.4286748 0.5401524 0.4193895 0.7984209 0.6733112 0.8054075 0.7041350 0.6070438 0.6184838 0.6385636 0.4301376 0.6273332 0.9266644 1.4003802 0.6609595 0.7056821 0.6284774 0.5894827 0.7070823 0.7448553 0.6447324 0.6449526 0.6328299 0.4664269 0.5562826 0.4302933 0.5396026 1.1374215 1.1294303 1.1347357 1.1321914 1.1398546 1.1437949 1.1374400 2.3558000 
Acagra_model.g9812.t1                                              0.3337790 0.3447269 0.2744229 0.1494280 0.0000000 0.3524062 0.2907799 0.2318143 0.3628131 0.3639654 0.3668901 0.3689142 0.4148671 0.4050424 0.4272317 0.4300769 0.4071819 0.4825738 0.6692535 0.4449721 0.4548188 0.4098536 0.7260335 0.6760251 0.7318451 0.7485274 0.5611727 0.6563099 0.5772819 0.4362321 0.5709039 1.0241571 1.5745161 0.5954427 0.6390721 0.5712695 0.6033633 0.7326249 0.7924207 0.5697846 0.5697844 0.5520762 0.4808228 0.5471734 0.4436924 0.5536423 1.1637427 1.1527696 1.1510877 1.1413795 1.1474783 1.1518711 1.1444933 2.5475794 
Exapal_XM_021049252.2                                              0.4059486 0.3801980 0.3134278 0.3875456 0.3524062 0.0000000 0.0778728 0.1167225 0.1041383 0.1283054 0.1232669 0.1235475 0.2617684 0.2623546 0.3591272 0.3481652 0.3591845 0.4095407 0.4240217 0.5149006 0.5051378 0.3859296 0.7786235 0.6553939 0.7964025 0.6300612 0.6037039 0.5913960 0.6411079 0.4009808 0.6233169 0.8705579 1.3817607 0.6309057 0.6127057 0.5547943 0.4900527 0.5923208 0.6171875 0.5997130 0.5945404 0.5679239 0.5120322 0.6277586 0.4854586 0.3776129 1.1466688 1.1384139 1.1302531 1.1011896 1.1221598 1.1259980 1.1238871 2.5279892 
Nvec_NVE10422                                                      0.3539970 0.3343128 0.2610639 0.3240032 0.2907799 0.0778728 0.0000000 0.1069608 0.0955417 0.1097181 0.0974160 0.1004677 0.2387965 0.2439038 0.3034328 0.3008790 0.2955502 0.3349979 0.3620109 0.4747770 0.5016504 0.3864493 0.6707566 0.6612339 0.7529797 0.5368788 0.5501461 0.5334965 0.5759337 0.3954749 0.5675357 0.7531338 1.2053808 0.5667840 0.5148984 0.4722912 0.4078059 0.4324069 0.4652482 0.5525314 0.5514399 0.5080399 0.4780590 0.5634892 0.4125850 0.2458841 1.0115894 1.0059565 1.0148615 0.9958097 1.0114012 1.0151738 1.0113057 1.5014349 
Gfas_gfas1.m1.14653.m1                                             0.2902341 0.2909556 0.1848070 0.3022323 0.2318143 0.1167225 0.1069608 0.0000000 0.0213095 0.0290384 0.0319075 0.0284739 0.1861249 0.2117489 0.2559308 0.2479933 0.2488853 0.3109169 0.2026387 0.4020218 0.4633765 0.3475370 0.5806341 0.3591685 0.6392533 0.2683797 0.4829881 0.3862394 0.5007133 0.4138041 0.5050741 0.5826253 0.2532380 0.5050691 0.3976579 0.4060702 0.2429277 0.1974858 0.2458146 0.4462186 0.4410656 0.4027443 0.4179622 0.5061480 0.3526048 0.1080349 0.8009476 0.8074515 0.8157836 0.7910788 0.8111557 0.8154688 0.7876821 1.5466078 
Fspp_ffun1.m4.9284.m1                                              0.3666679 0.3626083 0.3137330 0.3375300 0.3628131 0.1041383 0.0955417 0.0213095 0.0000000 0.0104922 0.0152323 0.0140027 0.2246064 0.2304226 0.3268356 0.3116664 0.3197068 0.3606811 0.4676644 0.5009819 0.4000142 0.3866000 0.6724042 0.6732126 0.7092542 0.6420643 0.5524388 0.6089050 0.5831307 0.3800636 0.5743513 0.9247622 1.5599270 0.5958454 0.5557212 0.5051664 0.5156704 0.6219070 0.6773802 0.5471958 0.5479950 0.5112189 0.4937148 0.6094656 0.5275901 0.3845875 1.0378590 1.0291478 1.0338469 1.0239609 1.0255731 1.0295929 1.0175913 2.6463505 
Gasp_gasp1.m3.14680.m1                                             0.3909134 0.3978432 0.3181385 0.3917318 0.3639654 0.1283054 0.1097181 0.0290384 0.0104922 0.0000000 0.0245555 0.0223282 0.2562213 0.2693136 0.3633258 0.3448853 0.3495160 0.4051928 0.4694582 0.5279056 0.5018746 0.3884800 0.7856405 0.6795608 0.8169653 0.6456758 0.6215388 0.6133967 0.6608190 0.3920000 0.6466269 0.9310087 1.5689319 0.6589176 0.6294463 0.5845273 0.5133004 0.6170815 0.6832555 0.5953891 0.5901418 0.5733894 0.5214736 0.6535130 0.5251144 0.3901280 1.1014838 1.0930013 1.0988438 1.0732557 1.0910139 1.0947545 1.0787978 2.6657000 
Spis_XP_022780359_1                                                0.3946452 0.3991483 0.3110722 0.3899070 0.3668901 0.1232669 0.0974160 0.0319075 0.0152323 0.0245555 0.0000000 0.0051662 0.2531369 0.2632845 0.3509399 0.3326969 0.3361642 0.3982666 0.4539737 0.5247834 0.4980515 0.3873212 0.7874984 0.6584898 0.8176391 0.6450062 0.6123582 0.5997119 0.6517310 0.3739173 0.6280970 0.9363479 1.5866740 0.6523375 0.6306665 0.5908296 0.5092525 0.6134395 0.6763210 0.5932038 0.5891981 0.5636388 0.5268941 0.6550219 0.5275067 0.3802764 1.0941411 1.0837737 1.0810274 1.0528793 1.0760030 1.0797147 1.0705765 2.6930607 
Pocdam_XM_027180959.1                                              0.3915001 0.3973020 0.3111896 0.3880416 0.3689142 0.1235475 0.1004677 0.0284739 0.0140027 0.0223282 0.0051662 0.0000000 0.2570083 0.2671047 0.3554003 0.3369887 0.3374265 0.3990604 0.4539737 0.5241783 0.5027450 0.3828782 0.7855494 0.6584898 0.8197116 0.6450062 0.6172747 0.6044528 0.6568820 0.3787203 0.6331038 0.9363479 1.5866740 0.6555330 0.6374077 0.5945864 0.5118209 0.6169216 0.6763210 0.5948313 0.5906959 0.5657053 0.5234720 0.6539137 0.5239408 0.3844284 1.1037306 1.0929117 1.0881559 1.0627044 1.0815472 1.0852741 1.0760970 2.6930607 
Dgig_XM_028555545.1                                                0.4567782 0.4505491 0.3439229 0.4396643 0.4148671 0.2617684 0.2387965 0.1861249 0.2246064 0.2562213 0.2531369 0.2570083 0.0000000 0.0629923 0.3960657 0.3837010 0.3903599 0.4064620 0.4759367 0.5272438 0.5210258 0.3855579 0.7794137 0.6789647 0.7898694 0.6502993 0.6289735 0.6429109 0.6689358 0.4156113 0.6609908 1.0162341 1.6613357 0.6693086 0.6317531 0.5900974 0.5120110 0.6376303 0.7319212 0.6363759 0.6352168 0.6002054 0.5817166 0.7051667 0.5674021 0.4064987 1.2232537 1.2118468 1.2341009 1.2285896 1.2306292 1.2347764 1.2248384 2.8797747 
Xesp_028830-T1                                                     0.4541433 0.4533179 0.3469366 0.4420793 0.4050424 0.2623546 0.2439038 0.2117489 0.2304226 0.2693136 0.2632845 0.2671047 0.0629923 0.0000000 0.4095891 0.3975621 0.4013480 0.4407964 0.4933281 0.5307537 0.5306701 0.4000071 0.7802030 0.6884737 0.7787433 0.6772515 0.6334397 0.6486622 0.6773335 0.4211268 0.6612718 1.0194907 1.6393697 0.6889287 0.6474763 0.6054279 0.5302671 0.6347641 0.7491291 0.6671798 0.6568756 0.6013953 0.5826663 0.6887378 0.5736877 0.3966108 1.2234984 1.2144106 1.2346101 1.2273156 1.2199505 1.2240593 1.2238329 2.9341243 
Nemnom_g3426.t1                                                    0.5122959 0.4684728 0.3748606 0.4685189 0.4272317 0.3591272 0.3034328 0.2559308 0.3268356 0.3633258 0.3509399 0.3554003 0.3960657 0.4095891 0.0000000 0.0266681 0.1569601 0.2600645 0.2413623 0.5697585 0.5200140 0.4284275 0.8594121 0.6456118 0.8499379 0.7577441 0.6256366 0.6435430 0.6587586 0.3857233 0.6430946 1.0756539 1.8296776 0.6698830 0.7174051 0.6496626 0.6174478 0.7517469 0.9073514 0.6251620 0.6269097 0.6615949 0.5885760 0.7287656 0.5804437 0.1614431 1.2575202 1.2575296 1.2579404 1.2394807 1.2572375 1.2614822 1.2592981 2.4235664 
Rhoesc_Res_017630-T1                                               0.5060521 0.4727111 0.3722915 0.4739890 0.4300769 0.3481652 0.3008790 0.2479933 0.3116664 0.3448853 0.3326969 0.3369887 0.3837010 0.3975621 0.0266681 0.0000000 0.1547096 0.2464015 0.2167061 0.5766445 0.5305256 0.4287839 0.8476601 0.6561953 0.8388044 0.7590400 0.6203223 0.6438205 0.6545547 0.3886264 0.6406788 1.0867644 1.7971244 0.6689294 0.7119515 0.6391236 0.6168379 0.7415107 0.8970323 0.6256656 0.6291431 0.6549896 0.5876446 0.7282505 0.5907676 0.1680388 1.2434732 1.2440494 1.2529743 1.2349784 1.2394738 1.2436689 1.2357477 2.4232969 
Morvir_scaffold22.g101.t1                                          0.4977186 0.4575461 0.3526332 0.4355013 0.4071819 0.3591845 0.2955502 0.2488853 0.3197068 0.3495160 0.3361642 0.3374265 0.3903599 0.4013480 0.1569601 0.1547096 0.0000000 0.2344034 0.2225472 0.5257282 0.5055566 0.4143145 0.8278116 0.6531720 0.8199615 0.7440099 0.6025032 0.6189599 0.6364576 0.3763047 0.6216859 1.0364084 1.7855603 0.6374014 0.7114902 0.6358993 0.6071009 0.7248836 0.9088909 0.6036722 0.6031544 0.6387055 0.5821746 0.7481421 0.5602047 0.2434766 1.2062776 1.2024448 1.2036766 1.1930041 1.2000799 1.2041411 1.1974124 2.5709009 
Hvul_g30954_1                                                      0.5528789 0.4918685 0.4020540 0.5019647 0.4825738 0.4095407 0.3349979 0.3109169 0.3606811 0.4051928 0.3982666 0.3990604 0.4064620 0.4407964 0.2600645 0.2464015 0.2344034 0.0000000 0.1323656 0.6070437 0.5433491 0.4378188 0.8623159 0.6901298 0.8245811 0.7811522 0.6118569 0.6429018 0.6313270 0.3878379 0.6262349 1.0402222 1.7250547 0.6512505 0.7539398 0.6984155 0.6443356 0.7542152 0.9145518 0.6595899 0.6645698 0.7192165 0.6054848 0.7721233 0.6194109 0.3135514 1.2579530 1.2642524 1.2725145 1.2528371 1.2638024 1.2681203 1.2527599 2.7746004 
Chem_TCONS_00012028                                                0.6629423 0.5929673 0.5450060 0.5900544 0.6692535 0.4240217 0.3620109 0.2026387 0.4676644 0.4694582 0.4539737 0.4539737 0.4759367 0.4933281 0.2413623 0.2167061 0.2225472 0.1323656 0.0000000 0.7315996 0.5375482 0.4526968 1.0501146 0.6775374 0.9638977 0.9403200 0.7470092 0.7300823 0.7872767 0.3117796 0.7713772 1.0628445 1.8028420 0.7776716 1.1384535 1.0188986 0.9331394 1.0198924 0.9286521 0.8448583 0.8506085 0.8796520 0.7336386 0.9759475 0.7597306 0.3967462 1.5024069 1.5024069 1.5293576 1.5330982 1.5250893 1.5360907 1.5342577 2.7821502 
Spur_XM_011671934.2                                                0.4444690 0.4206233 0.3734265 0.4286748 0.4449721 0.5149006 0.4747770 0.4020218 0.5009819 0.5279056 0.5247834 0.5241783 0.5272438 0.5307537 0.5697585 0.5766445 0.5257282 0.6070437 0.7315996 0.0000000 0.5849553 0.5420285 0.8595261 0.7108004 0.8526541 0.7455006 0.7126262 0.7509540 0.7491541 0.5106017 0.7370733 1.1584001 1.8266526 0.7375616 0.8253602 0.7466148 0.7906310 0.8376420 0.9097608 0.6870363 0.6861243 0.7137834 0.6201947 0.6485001 0.6507301 0.6374069 1.2756849 1.2790809 1.2776912 1.2686157 1.2770372 1.2813606 1.2719851 2.8676409 
Spolac_c104570_g1_i1_m.41465c104570-g1                             0.5353213 0.5331358 0.3837246 0.5401524 0.4548188 0.5051378 0.5016504 0.4633765 0.4000142 0.5018746 0.4980515 0.5027450 0.5210258 0.5306701 0.5200140 0.5305256 0.5055566 0.5433491 0.5375482 0.5849553 0.0000000 0.3544760 0.4332561 0.3118478 0.4148614 0.0102947 0.6051188 0.5271659 0.6301559 0.4913095 0.6267250 0.5922834 0.9660166 0.6553836 0.6037595 0.5606001 0.4535563 0.4499234 0.4416568 0.6151378 0.6018694 0.6120203 0.6390337 0.7086529 0.5959985 0.4427139 1.1210530 1.1123167 1.1074556 1.0940180 1.1135354 1.1181404 1.1061141 0.6989442 
Plespi_Pspi_scaffold20533_01                                       0.4678068 0.4574064 0.4068724 0.4193895 0.4098536 0.3859296 0.3864493 0.3475370 0.3866000 0.3884800 0.3873212 0.3828782 0.3855579 0.4000071 0.4284275 0.4287839 0.4143145 0.4378188 0.4526968 0.5420285 0.3544760 0.0000000 0.4468163 0.3890569 0.4839676 0.2582530 0.4573171 0.4155858 0.4793470 0.4382741 0.4792901 0.4473485 0.7072080 0.4805617 0.4342032 0.4358867 0.4108755 0.3736492 0.3540973 0.5320330 0.5491810 0.4756107 0.5600292 0.5881212 0.5001418 0.3723365 0.9482048 0.9931490 0.9877207 0.9759099 0.9800109 0.9863539 0.9669888 0.7642898 
Aque_Aqu2.1.42059_001                                              0.8352140 0.8192511 0.6718303 0.7984209 0.7260335 0.7786235 0.6707566 0.5806341 0.6724042 0.7856405 0.7874984 0.7855494 0.7794137 0.7802030 0.8594121 0.8476601 0.8278116 0.8623159 1.0501146 0.8595261 0.4332561 0.4468163 0.0000000 0.1867642 0.2202073 0.4306299 0.8655367 0.8370379 0.8882844 0.5403042 0.8895187 1.3578778 2.1519124 0.8815809 0.9297972 0.8581078 0.7609182 0.8520019 0.8725190 0.8964770 0.8664298 0.8406779 0.9374283 0.9570630 0.8583791 0.8718973 1.5241707 1.4910496 1.4549468 1.4559669 1.4372911 1.4385670 1.4676653 2.2863196 
Xestes_augustus_masked-XT_scaffold174428-processed-gene-0.1-mRNA-1 0.6589297 0.6854933 0.7466689 0.6733112 0.6760251 0.6553939 0.6612339 0.3591685 0.6732126 0.6795608 0.6584898 0.6584898 0.6789647 0.6884737 0.6456118 0.6561953 0.6531720 0.6901298 0.6775374 0.7108004 0.3118478 0.3890569 0.1867642 0.0000000 0.2013031 0.3380041 0.5306580 0.5365812 0.5097594 0.3860440 0.5139099 0.6644325 1.1472061 0.5494916 0.7410361 0.6170296 0.6078195 0.6567575 0.5392541 0.5812517 0.6360239 0.6137111 0.7919073 0.8147598 0.8207000 0.6742907 1.0439306 1.0439306 1.0335031 1.0265349 1.0252366 1.0252366 1.0293114 0.5863786 
Halamb_c56542_g1_i2m.43611                                         0.8454143 0.8481950 0.6723877 0.8054075 0.7318451 0.7964025 0.7529797 0.6392533 0.7092542 0.8169653 0.8176391 0.8197116 0.7898694 0.7787433 0.8499379 0.8388044 0.8199615 0.8245811 0.9638977 0.8526541 0.4148614 0.4839676 0.2202073 0.2013031 0.0000000 0.4332441 0.8920856 0.8143371 0.9058922 0.5134444 0.8938788 1.3122234 2.1481023 0.9207268 0.9188002 0.8761847 0.7848667 0.8535055 0.8745936 0.9162751 0.8998903 0.9262283 0.9602205 1.0275201 0.8724144 0.8603096 1.4799577 1.4788577 1.4424598 1.4265176 1.4365657 1.4378317 1.4566745 2.4039293 
Emue_Em0017g790a.t1                                                0.6701017 0.6659383 0.6195627 0.7041350 0.7485274 0.6300612 0.5368788 0.2683797 0.6420643 0.6456758 0.6450062 0.6450062 0.6502993 0.6772515 0.7577441 0.7590400 0.7440099 0.7811522 0.9403200 0.7455006 0.0102947 0.2582530 0.4306299 0.3380041 0.4332441 0.0000000 0.7816661 0.7903312 0.8356149 0.3941412 0.8256937 1.2983671 2.1312133 0.8193057 0.7605539 0.6756892 0.6515263 0.7142251 0.7296772 0.7679706 0.7912014 0.7892682 0.8714018 0.9639608 0.8304532 0.7408587 1.4283732 1.3532265 1.3728479 1.3564868 1.3521432 1.3604075 1.3572440 1.9379285 
Mlei_ML0096.g16.i1                                                 0.6180708 0.6389531 0.5275884 0.6070438 0.5611727 0.6037039 0.5501461 0.4829881 0.5524388 0.6215388 0.6123582 0.6172747 0.6289735 0.6334397 0.6256366 0.6203223 0.6025032 0.6118569 0.7470092 0.7126262 0.6051188 0.4573171 0.8655367 0.5306580 0.8920856 0.7816661 0.0000000 0.0300532 0.0763077 0.0354229 0.0756320 0.0359853 0.1622671 0.0823330 0.6913908 0.6791749 0.6984445 0.7303491 0.7500901 0.7570709 0.7772452 0.7173829 0.6865793 0.7640324 0.6957473 0.6744853 1.2423536 1.2515340 1.2296697 1.2318463 1.2345532 1.2389094 1.2491602 2.5326130 
Lampan_Lpan_459_01                                                 0.6559814 0.6937290 0.5880418 0.6184838 0.6563099 0.5913960 0.5334965 0.3862394 0.6089050 0.6133967 0.5997119 0.6044528 0.6429109 0.6486622 0.6435430 0.6438205 0.6189599 0.6429018 0.7300823 0.7509540 0.5271659 0.4155858 0.8370379 0.5365812 0.8143371 0.7903312 0.0300532 0.0000000 0.0602429 0.0319959 0.0503886 0.0507944 0.1657838 0.0849471 0.7346290 0.7224991 0.7365249 0.7262736 0.7352286 0.7577861 0.7922914 0.7444032 0.7317132 0.7902475 0.7289733 0.6589647 1.3676847 1.3664615 1.3596350 1.3725868 1.3790063 1.3861035 1.3816165 2.4714973 
Vmul_Simscaffold13935_01                                           0.6482510 0.6530032 0.5531872 0.6385636 0.5772819 0.6411079 0.5759337 0.5007133 0.5831307 0.6608190 0.6517310 0.6568820 0.6689358 0.6773335 0.6587586 0.6545547 0.6364576 0.6313270 0.7872767 0.7491541 0.6301559 0.4793470 0.8882844 0.5097594 0.9058922 0.8356149 0.0763077 0.0602429 0.0000000 0.0137943 0.0274253 0.0967668 0.2083954 0.1079179 0.7189056 0.7096919 0.7255916 0.7586977 0.7774069 0.7672744 0.7922794 0.7385530 0.6946954 0.7980704 0.7118001 0.7062240 1.2833467 1.2909784 1.2781574 1.2827816 1.2809127 1.2853653 1.2866293 2.5920475 
Coeast_Cast_sb798943                                               0.4332468 0.4839368 0.4056566 0.4301376 0.4362321 0.4009808 0.3954749 0.4138041 0.3800636 0.3920000 0.3739173 0.3787203 0.4156113 0.4211268 0.3857233 0.3886264 0.3763047 0.3878379 0.3117796 0.5106017 0.4913095 0.4382741 0.5403042 0.3860440 0.5134444 0.3941412 0.0354229 0.0319959 0.0137943 0.0000000 0.0045513 0.0265412 0.3121897 0.0604623 0.4577201 0.4494381 0.4261404 0.3790532 0.2751273 0.5077815 0.5318561 0.5026421 0.4808475 0.5222145 0.4764454 0.3547214 0.9296725 0.9669850 0.9692531 0.9678130 0.9767028 0.9838033 0.9651103 0.8720932 
Coemet_Cmet_scaffold11458_01                                       0.6364074 0.6488878 0.5427476 0.6273332 0.5709039 0.6233169 0.5675357 0.5050741 0.5743513 0.6466269 0.6280970 0.6331038 0.6609908 0.6612718 0.6430946 0.6406788 0.6216859 0.6262349 0.7713772 0.7370733 0.6267250 0.4792901 0.8895187 0.5139099 0.8938788 0.8256937 0.0756320 0.0503886 0.0274253 0.0045513 0.0000000 0.0802567 0.2171609 0.1056409 0.6980954 0.6860401 0.7144460 0.7479981 0.7676156 0.7595739 0.7819101 0.7206470 0.6892472 0.7860013 0.6931851 0.6916926 1.2657966 1.2740707 1.2657332 1.2703357 1.2678959 1.2723130 1.2735902 2.6549660 
Drygla_Dgla_sb303000                                               0.9655137 1.0346764 0.8941054 0.9266644 1.0241571 0.8705579 0.7531338 0.5826253 0.9247622 0.9310087 0.9363479 0.9363479 1.0162341 1.0194907 1.0756539 1.0867644 1.0364084 1.0402222 1.0628445 1.1584001 0.5922834 0.4473485 1.3578778 0.6644325 1.3122234 1.2983671 0.0359853 0.0507944 0.0967668 0.0265412 0.0802567 0.0000000 0.1565030 0.1122507 1.2808673 1.2275999 1.3798255 1.2898957 1.1797610 1.1215379 1.1645797 1.1629262 1.0475472 1.1804976 1.1201960 1.1721089 2.3468031 2.3468031 2.3031440 2.3577072 2.3366739 2.3366739 2.4106202 2.4940333 
Pbac_sb2664019                                                     1.5537562 1.5799349 1.4323041 1.4003802 1.5745161 1.3817607 1.2053808 0.2532380 1.5599270 1.5689319 1.5866740 1.5866740 1.6613357 1.6393697 1.8296776 1.7971244 1.7855603 1.7250547 1.8028420 1.8266526 0.9660166 0.7072080 2.1519124 1.1472061 2.1481023 2.1312133 0.1622671 0.1657838 0.2083954 0.3121897 0.2171609 0.1565030 0.0000000 0.0322840 1.9462995 1.9209386 2.4770969 2.0244194 2.0373964 1.7086073 1.7539280 1.6689713 1.7190124 1.9825912 1.8435065 2.1939349 3.2296309 3.1262858 3.0149490 3.1211055 3.0877523 3.0877523 3.3582473 4.1947048 
Horcal_Hcv1.av93.c2.g406.i1                                        0.6540504 0.6662604 0.5646348 0.6609595 0.5954427 0.6309057 0.5667840 0.5050691 0.5958454 0.6589176 0.6523375 0.6555330 0.6693086 0.6889287 0.6698830 0.6689294 0.6374014 0.6512505 0.7776716 0.7375616 0.6553836 0.4805617 0.8815809 0.5494916 0.9207268 0.8193057 0.0823330 0.0849471 0.1079179 0.0604623 0.1056409 0.1122507 0.0322840 0.0000000 0.7054679 0.6970015 0.7275234 0.7896116 0.8249880 0.7651355 0.7861828 0.7284162 0.7177726 0.7923852 0.7551113 0.7630862 1.2786135 1.2895505 1.2888908 1.2883132 1.2952768 1.2997220 1.3171587 2.6422987 
Scil_scict007085.1                                                 0.7162044 0.6591979 0.5996168 0.7056821 0.6390721 0.6127057 0.5148984 0.3976579 0.5557212 0.6294463 0.6306665 0.6374077 0.6317531 0.6474763 0.7174051 0.7119515 0.7114902 0.7539398 1.1384535 0.8253602 0.6037595 0.4342032 0.9297972 0.7410361 0.9188002 0.7605539 0.6913908 0.7346290 0.7189056 0.4577201 0.6980954 1.2808673 1.9462995 0.7054679 0.0000000 0.1663922 0.1524194 0.1733722 0.4250735 0.6918202 0.6780389 0.6442449 0.7987306 0.9300284 0.8225960 0.7781303 1.3226046 1.3222130 1.3335577 1.3050932 1.3245237 1.3290213 1.3326281 3.2447986 
Lcom_lcpid23126                                                    0.6370929 0.6433566 0.5594635 0.6284774 0.5712695 0.5547943 0.4722912 0.4060702 0.5051664 0.5845273 0.5908296 0.5945864 0.5900974 0.6054279 0.6496626 0.6391236 0.6358993 0.6984155 1.0188986 0.7466148 0.5606001 0.4358867 0.8581078 0.6170296 0.8761847 0.6756892 0.6791749 0.7224991 0.7096919 0.4494381 0.6860401 1.2275999 1.9209386 0.6970015 0.1663922 0.0000000 0.1426083 0.1536662 0.3420437 0.6637903 0.6405740 0.6154444 0.7583523 0.8534059 0.7724614 0.6889261 1.2712152 1.2705078 1.2989373 1.2889814 1.2787398 1.2830649 1.2887464 2.6870940 
Gracom_Gcom_scaffold18374_01                                       0.6083672 0.5852394 0.5708514 0.5894827 0.6033633 0.4900527 0.4078059 0.2429277 0.5156704 0.5133004 0.5092525 0.5118209 0.5120110 0.5302671 0.6174478 0.6168379 0.6071009 0.6443356 0.9331394 0.7906310 0.4535563 0.4108755 0.7609182 0.6078195 0.7848667 0.6515263 0.6984445 0.7365249 0.7255916 0.4261404 0.7144460 1.3798255 2.4770969 0.7275234 0.1524194 0.1426083 0.0000000 0.1569503 0.3477338 0.6067221 0.6073422 0.5519957 0.7744790 0.8086837 0.7413507 0.6539498 1.4271707 1.4111684 1.4207349 1.4277435 1.4211886 1.4280184 1.4111925 2.3522017 
Leuniv_Lniv_scaffold10022_01                                       0.7526588 0.7009013 0.7260694 0.7070823 0.7326249 0.5923208 0.4324069 0.1974858 0.6219070 0.6170815 0.6134395 0.6169216 0.6376303 0.6347641 0.7517469 0.7415107 0.7248836 0.7542152 1.0198924 0.8376420 0.4499234 0.3736492 0.8520019 0.6567575 0.8535055 0.7142251 0.7303491 0.7262736 0.7586977 0.3790532 0.7479981 1.2898957 2.0244194 0.7896116 0.1733722 0.1536662 0.1569503 0.0000000 0.3913763 0.6619534 0.6511680 0.6113456 0.8687242 0.9387433 0.8957723 0.7645374 1.3997660 1.3337168 1.3512738 1.3427346 1.3315979 1.3389538 1.3466495 2.8778933 
Clacor_Ccor_scaffold6619_01                                        0.7929180 0.7608738 0.8226158 0.7448553 0.7924207 0.6171875 0.4652482 0.2458146 0.6773802 0.6832555 0.6763210 0.6763210 0.7319212 0.7491291 0.9073514 0.8970323 0.9088909 0.9145518 0.9286521 0.9097608 0.4416568 0.3540973 0.8725190 0.5392541 0.8745936 0.7296772 0.7500901 0.7352286 0.7774069 0.2751273 0.7676156 1.1797610 2.0373964 0.8249880 0.4250735 0.3420437 0.3477338 0.3913763 0.0000000 0.7148536 0.7021950 0.6880184 0.9861817 1.0520561 0.9311463 0.9364118 1.5261045 1.5261045 1.4894360 1.5102023 1.5052921 1.5168064 1.5264811 2.6427885 
Ocar_g9917                                                         0.6467402 0.6582155 0.5825351 0.6447324 0.5697846 0.5997130 0.5525314 0.4462186 0.5471958 0.5953891 0.5932038 0.5948313 0.6363759 0.6671798 0.6251620 0.6256656 0.6036722 0.6595899 0.8448583 0.6870363 0.6151378 0.5320330 0.8964770 0.5812517 0.9162751 0.7679706 0.7570709 0.7577861 0.7672744 0.5077815 0.7595739 1.1215379 1.7086073 0.7651355 0.6918202 0.6637903 0.6067221 0.6619534 0.7148536 0.0000000 0.0046467 0.3320511 0.8065158 0.8380793 0.7842930 0.6799472 1.4839647 1.4419241 1.4469654 1.4385618 1.4312108 1.4364186 1.4390893 2.4052161 
Opea_EP00118_Oscarella_pearsei_P004197                             0.6532462 0.6669346 0.5961084 0.6449526 0.5697844 0.5945404 0.5514399 0.4410656 0.5479950 0.5901418 0.5891981 0.5906959 0.6352168 0.6568756 0.6269097 0.6291431 0.6031544 0.6645698 0.8506085 0.6861243 0.6018694 0.5491810 0.8664298 0.6360239 0.8998903 0.7912014 0.7772452 0.7922914 0.7922794 0.5318561 0.7819101 1.1645797 1.7539280 0.7861828 0.6780389 0.6405740 0.6073422 0.6511680 0.7021950 0.0046467 0.0000000 0.3234740 0.7965757 0.8418439 0.7970323 0.6863242 1.4638227 1.4380068 1.4367064 1.4309314 1.4274774 1.4322822 1.4375758 2.3913503 
Plajan_Pjan_C571338_01                                             0.6312621 0.6498078 0.5648558 0.6328299 0.5520762 0.5679239 0.5080399 0.4027443 0.5112189 0.5733894 0.5636388 0.5657053 0.6002054 0.6013953 0.6615949 0.6549896 0.6387055 0.7192165 0.8796520 0.7137834 0.6120203 0.4756107 0.8406779 0.6137111 0.9262283 0.7892682 0.7173829 0.7444032 0.7385530 0.5026421 0.7206470 1.1629262 1.6689713 0.7284162 0.6442449 0.6154444 0.5519957 0.6113456 0.6880184 0.3320511 0.3234740 0.0000000 0.8010146 0.8766820 0.7951158 0.6910574 1.4075809 1.3692890 1.3585631 1.3414031 1.3601493 1.3647836 1.3713373 2.3774406 
Tcas_TC000192_001                                                  0.4911500 0.4972362 0.4382877 0.4664269 0.4808228 0.5120322 0.4780590 0.4179622 0.4937148 0.5214736 0.5268941 0.5234720 0.5817166 0.5826663 0.5885760 0.5876446 0.5821746 0.6054848 0.7336386 0.6201947 0.6390337 0.5600292 0.9374283 0.7919073 0.9602205 0.8714018 0.6865793 0.7317132 0.6946954 0.4808475 0.6892472 1.0475472 1.7190124 0.7177726 0.7987306 0.7583523 0.7744790 0.8687242 0.9861817 0.8065158 0.7965757 0.8010146 0.0000000 0.3797356 0.3064153 0.7014256 1.2744865 1.2580177 1.2665876 1.2653062 1.2716923 1.2705094 1.2652137 2.8712651 
Dpul_mRNA24545                                                     0.5707854 0.5796893 0.5492609 0.5562826 0.5471734 0.6277586 0.5634892 0.5061480 0.6094656 0.6535130 0.6550219 0.6539137 0.7051667 0.6887378 0.7287656 0.7282505 0.7481421 0.7721233 0.9759475 0.6485001 0.7086529 0.5881212 0.9570630 0.8147598 1.0275201 0.9639608 0.7640324 0.7902475 0.7980704 0.5222145 0.7860013 1.1804976 1.9825912 0.7923852 0.9300284 0.8534059 0.8086837 0.9387433 1.0520561 0.8380793 0.8418439 0.8766820 0.3797356 0.0000000 0.4192901 0.8636486 1.3675247 1.3562888 1.3549273 1.3540582 1.3441145 1.3426368 1.3472450 2.8387925 
Cscu_XM_023370353.1                                                0.4770966 0.4924313 0.4539251 0.4302933 0.4436924 0.4854586 0.4125850 0.3526048 0.5275901 0.5251144 0.5275067 0.5239408 0.5674021 0.5736877 0.5804437 0.5907676 0.5602047 0.6194109 0.7597306 0.6507301 0.5959985 0.5001418 0.8583791 0.8207000 0.8724144 0.8304532 0.6957473 0.7289733 0.7118001 0.4764454 0.6931851 1.1201960 1.8435065 0.7551113 0.8225960 0.7724614 0.7413507 0.8957723 0.9311463 0.7842930 0.7970323 0.7951158 0.3064153 0.4192901 0.0000000 0.7290403 1.3956723 1.3808871 1.3975608 1.4074080 1.3945347 1.3929459 1.3845621 3.2494817 
Aaur_scaffold1755.g3.t1                                            0.5577270 0.5436169 0.4764004 0.5396026 0.5536423 0.3776129 0.2458841 0.1080349 0.3845875 0.3901280 0.3802764 0.3844284 0.4064987 0.3966108 0.1614431 0.1680388 0.2434766 0.3135514 0.3967462 0.6374069 0.4427139 0.3723365 0.8718973 0.6742907 0.8603096 0.7408587 0.6744853 0.6589647 0.7062240 0.3547214 0.6916926 1.1721089 2.1939349 0.7630862 0.7781303 0.6889261 0.6539498 0.7645374 0.9364118 0.6799472 0.6863242 0.6910574 0.7014256 0.8636486 0.7290403 0.0000000 1.3399641 1.2820790 1.3225375 1.3190637 1.3079195 1.3153148 1.2734690 2.7337568 
Tadh_TriadT54641                                                   1.1862025 1.2223713 1.1608417 1.1374215 1.1637427 1.1466688 1.0115894 0.8009476 1.0378590 1.1014838 1.0941411 1.1037306 1.2232537 1.2234984 1.2575202 1.2434732 1.2062776 1.2579530 1.5024069 1.2756849 1.1210530 0.9482048 1.5241707 1.0439306 1.4799577 1.4283732 1.2423536 1.3676847 1.2833467 0.9296725 1.2657966 2.3468031 3.2296309 1.2786135 1.3226046 1.2712152 1.4271707 1.3997660 1.5261045 1.4839647 1.4638227 1.4075809 1.2744865 1.3675247 1.3956723 1.3399641 0.0000000 0.0033877 0.0561451 0.0554951 0.0535253 0.0547763 0.0594809 3.3256451 
TrH2_TrispH2_009876-RA                                             1.2030293 1.2261815 1.1563187 1.1294303 1.1527696 1.1384139 1.0059565 0.8074515 1.0291478 1.0930013 1.0837737 1.0929117 1.2118468 1.2144106 1.2575296 1.2440494 1.2024448 1.2642524 1.5024069 1.2790809 1.1123167 0.9931490 1.4910496 1.0439306 1.4788577 1.3532265 1.2515340 1.3664615 1.2909784 0.9669850 1.2740707 2.3468031 3.1262858 1.2895505 1.3222130 1.2705078 1.4111684 1.3337168 1.5261045 1.4419241 1.4380068 1.3692890 1.2580177 1.3562888 1.3808871 1.2820790 0.0033877 0.0000000 0.0523474 0.0505150 0.0498760 0.0510644 0.0543714 3.3248543 
HoiH06_mRNA2683                                                    1.2281423 1.2084533 1.1701477 1.1347357 1.1510877 1.1302531 1.0148615 0.8157836 1.0338469 1.0988438 1.0810274 1.0881559 1.2341009 1.2346101 1.2579404 1.2529743 1.2036766 1.2725145 1.5293576 1.2776912 1.1074556 0.9877207 1.4549468 1.0335031 1.4424598 1.3728479 1.2296697 1.3596350 1.2781574 0.9692531 1.2657332 2.3031440 3.0149490 1.2888908 1.3335577 1.2989373 1.4207349 1.3512738 1.4894360 1.4469654 1.4367064 1.3585631 1.2665876 1.3549273 1.3975608 1.3225375 0.0561451 0.0523474 0.0000000 0.0176443 0.0220536 0.0231823 0.0311650 3.3406195 
HoiH23_PlH23_000483-RA                                             1.2242696 1.1853019 1.1653643 1.1321914 1.1413795 1.1011896 0.9958097 0.7910788 1.0239609 1.0732557 1.0528793 1.0627044 1.2285896 1.2273156 1.2394807 1.2349784 1.1930041 1.2528371 1.5330982 1.2686157 1.0940180 0.9759099 1.4559669 1.0265349 1.4265176 1.3564868 1.2318463 1.3725868 1.2827816 0.9678130 1.2703357 2.3577072 3.1211055 1.2883132 1.3050932 1.2889814 1.4277435 1.3427346 1.5102023 1.4385618 1.4309314 1.3414031 1.2653062 1.3540582 1.4074080 1.3190637 0.0554951 0.0505150 0.0176443 0.0000000 0.0209793 0.0221083 0.0304005 3.4506326 
Hhon_g01190.t1                                                     1.2262088 1.2040763 1.1725757 1.1398546 1.1474783 1.1221598 1.0114012 0.8111557 1.0255731 1.0910139 1.0760030 1.0815472 1.2306292 1.2199505 1.2572375 1.2394738 1.2000799 1.2638024 1.5250893 1.2770372 1.1135354 0.9800109 1.4372911 1.0252366 1.4365657 1.3521432 1.2345532 1.3790063 1.2809127 0.9767028 1.2678959 2.3366739 3.0877523 1.2952768 1.3245237 1.2787398 1.4211886 1.3315979 1.5052921 1.4312108 1.4274774 1.3601493 1.2716923 1.3441145 1.3945347 1.3079195 0.0535253 0.0498760 0.0220536 0.0209793 0.0000000 0.0010735 0.0286288 3.3977918 
HoiH04_mRNA10688                                                   1.2303913 1.2081834 1.1771901 1.1437949 1.1518711 1.1259980 1.0151738 0.8154688 1.0295929 1.0947545 1.0797147 1.0852741 1.2347764 1.2240593 1.2614822 1.2436689 1.2041411 1.2681203 1.5360907 1.2813606 1.1181404 0.9863539 1.4385670 1.0252366 1.4378317 1.3604075 1.2389094 1.3861035 1.2853653 0.9838033 1.2723130 2.3366739 3.0877523 1.2997220 1.3290213 1.2830649 1.4280184 1.3389538 1.5168064 1.4364186 1.4322822 1.3647836 1.2705094 1.3426368 1.3929459 1.3153148 0.0547763 0.0510644 0.0231823 0.0221083 0.0010735 0.0000000 0.0297632 3.3977918 
HoiH11_mRNA2286                                                    1.2264244 1.2115083 1.1540431 1.1374400 1.1444933 1.1238871 1.0113057 0.7876821 1.0175913 1.0787978 1.0705765 1.0760970 1.2248384 1.2238329 1.2592981 1.2357477 1.1974124 1.2527599 1.5342577 1.2719851 1.1061141 0.9669888 1.4676653 1.0293114 1.4566745 1.3572440 1.2491602 1.3816165 1.2866293 0.9651103 1.2735902 2.4106202 3.3582473 1.3171587 1.3326281 1.2887464 1.4111925 1.3466495 1.5264811 1.4390893 1.4375758 1.3713373 1.2652137 1.3472450 1.3845621 1.2734690 0.0594809 0.0543714 0.0311650 0.0304005 0.0286288 0.0297632 0.0000000 3.4136928 
Stycar_maker-SC_scaffold136697-snap-gene-0.65-mRNA-1               2.5908498 2.6177236 2.3782255 2.3558000 2.5475794 2.5279892 1.5014349 1.5466078 2.6463505 2.6657000 2.6930607 2.6930607 2.8797747 2.9341243 2.4235664 2.4232969 2.5709009 2.7746004 2.7821502 2.8676409 0.6989442 0.7642898 2.2863196 0.5863786 2.4039293 1.9379285 2.5326130 2.4714973 2.5920475 0.8720932 2.6549660 2.4940333 4.1947048 2.6422987 3.2447986 2.6870940 2.3522017 2.8778933 2.6427885 2.4052161 2.3913503 2.3774406 2.8712651 2.8387925 3.2494817 2.7337568 3.3256451 3.3248543 3.3406195 3.4506326 3.3977918 3.3977918 3.4136928 0.0000000 
