70
Hsap_ENST00000377275                              0.0000000 0.5011087 0.4743728 0.4234546 0.3217013 0.3480738 0.3413121 0.5041505 0.4113748 0.4020690 0.4183002 0.3583791 0.3573068 0.3573068 0.5775368 0.6337547 0.6192009 0.5607624 0.6766043 0.7333437 0.5084235 0.4829728 0.5590974 0.5232064 0.4843310 0.5240430 0.4959226 0.4616734 0.5801701 0.4432798 0.4535670 0.4659077 0.4842886 0.6362929 0.4618950 0.6479582 0.6451243 0.6513392 0.6098049 0.5902418 0.6136396 0.6524480 0.7344947 0.7562616 0.6785231 0.6502619 0.6826780 0.7338439 0.6692840 0.6904474 0.5838642 0.8191111 0.6738856 0.7348339 0.6555583 0.6553239 0.5958451 0.6058003 0.5468877 0.6683065 0.7809923 0.8014812 0.7929443 0.9666159 1.0845078 1.2413911 0.9826133 0.9012419 1.0670835 1.0105161 
Bralan_BLAG10000347_1                             0.5011087 0.0000000 0.3777656 0.3950802 0.3609962 0.3044407 0.3709241 0.4276529 0.3352335 0.4173628 0.4394164 0.3744758 0.3534759 0.3534759 0.5831833 0.6000011 0.5682059 0.4789462 0.5042140 0.5720635 0.5235184 0.4293983 0.5117655 0.4837129 0.4831274 0.5231368 0.4946290 0.4338067 0.5543170 0.5042073 0.5241869 0.4813165 0.5168578 0.6588539 0.4292340 0.5406348 0.5072741 0.5383293 0.5103926 0.4510845 0.5145653 0.6148506 0.7792621 0.8458753 0.7646681 0.6164774 0.7729500 0.8381582 0.7877966 0.7849015 0.6444687 0.8165020 0.8239624 0.8485177 0.6154791 0.6056904 0.5347508 0.6059325 0.6069079 0.6471732 0.7000250 0.7832644 0.7365101 0.9131993 1.0071536 0.9359530 0.9489004 0.9255219 0.8998046 0.9068071 
Spur_XM_030990156.1                               0.4743728 0.3777656 0.0000000 0.2708174 0.3888330 0.2715481 0.3364147 0.3957379 0.3516292 0.3762427 0.3618951 0.3508140 0.3308996 0.3308996 0.4552584 0.5071465 0.4559898 0.3945170 0.5062742 0.5081979 0.4750925 0.4670469 0.4387520 0.4195537 0.4166956 0.5009471 0.4746810 0.3386364 0.6683373 0.6043979 0.5341448 0.5648337 0.5837281 0.7477204 0.5377600 0.5559074 0.5438624 0.5397983 0.5131985 0.4652307 0.5113259 0.5472863 0.6435883 0.6748400 0.6592176 0.5690147 0.6825019 0.6882582 0.6062507 0.6180667 0.5069332 0.7382012 0.7754976 0.7922671 0.6067005 0.5977572 0.4962091 0.5686866 0.7353426 0.6743765 0.6996119 0.6791190 0.7108538 0.8521195 1.0346507 1.2161127 0.8436819 0.8306985 0.9366442 0.9045536 
Skow_XM_002735226.2                               0.4234546 0.3950802 0.2708174 0.0000000 0.2925407 0.1887673 0.3604941 0.3742344 0.2871510 0.2479245 0.2436615 0.2267548 0.2458040 0.2458040 0.3450204 0.3830605 0.4163715 0.2913041 0.4548767 0.4648997 0.3970561 0.3419155 0.3454067 0.3076486 0.3321869 0.4439476 0.4417399 0.3705332 0.5485899 0.4488125 0.4465570 0.4504878 0.4932815 0.6065696 0.4436537 0.5055241 0.4651337 0.4771321 0.5181032 0.4264500 0.5175352 0.4949780 0.5785205 0.6106574 0.5716784 0.5563138 0.5828049 0.6328610 0.5836899 0.6010034 0.4957081 0.6705114 0.6325265 0.6674776 0.5848429 0.5527499 0.4195663 0.5208787 0.6799863 0.5543726 0.6356168 0.7049048 0.6806628 0.8210856 0.9812952 1.1479477 0.8673998 0.8268727 0.9117935 0.9000809 
Cgig_XM_034461712.1                               0.3217013 0.3609962 0.3888330 0.2925407 0.0000000 0.1586935 0.2211005 0.4414451 0.3590919 0.3241153 0.3147350 0.2865055 0.2856998 0.2856998 0.4981338 0.5474546 0.5913535 0.4984755 0.5471793 0.6401595 0.4023891 0.3900791 0.4533614 0.3895943 0.3677457 0.4132174 0.3873182 0.4486088 0.5298532 0.4251925 0.4013446 0.4193864 0.4470591 0.5965026 0.3732983 0.4461960 0.4386680 0.4648084 0.4651644 0.4548711 0.6096689 0.6620070 0.5566221 0.6387151 0.5454067 0.5625720 0.5698632 0.6065983 0.5884005 0.5916833 0.5192450 0.7557609 0.7048961 0.7366329 0.6716979 0.6440587 0.5273365 0.5376914 0.5870619 0.5823457 0.7403891 0.8135804 0.6889208 0.9266461 0.8964601 1.0821677 0.8875155 0.8925131 0.9236884 0.8615925 
Acagra_model.g22459.t1                            0.3480738 0.3044407 0.2715481 0.1887673 0.1586935 0.0000000 0.1963882 0.3340845 0.2789477 0.2454534 0.2495582 0.2122181 0.2301394 0.2301394 0.4292695 0.4865797 0.4852340 0.3883256 0.5087275 0.6078024 0.3509345 0.3807006 0.3860817 0.3286304 0.3214568 0.4018183 0.3999424 0.3320729 0.4967066 0.3875406 0.3778992 0.3922605 0.4139141 0.5294936 0.3889410 0.4480733 0.4147345 0.4329705 0.4621263 0.3840226 0.4857003 0.5430251 0.5655443 0.5810147 0.5365949 0.5556578 0.5563129 0.6204219 0.5667554 0.5660009 0.4799685 0.6663533 0.6719986 0.6926982 0.6169390 0.5846962 0.4874667 0.4823585 0.5526364 0.5649855 0.6508990 0.7284936 0.6282528 0.8616287 0.9164421 1.0715806 0.8321238 0.8198656 0.8654914 0.8076086 
Ctel_gnl_WGS_AMQN_CAPTEDRAFT_mRNA2859             0.3413121 0.3709241 0.3364147 0.3604941 0.2211005 0.1963882 0.0000000 0.4291565 0.3767096 0.3731272 0.3716313 0.3336879 0.3215755 0.3215755 0.5053818 0.5737407 0.5697440 0.4510482 0.5894093 0.6572578 0.4131187 0.4306236 0.5372366 0.4807132 0.4820856 0.4092023 0.3830741 0.3435580 0.5478427 0.4446208 0.3899993 0.4375026 0.4538269 0.5865033 0.3954686 0.4988794 0.5317429 0.5370059 0.5324606 0.4879943 0.4679959 0.6139354 0.5969733 0.6290528 0.5629926 0.5221658 0.5599700 0.5736549 0.5665089 0.5800727 0.5436698 0.7414698 0.7107470 0.7591555 0.6267136 0.5373780 0.5285904 0.5888533 0.6445942 0.6307224 0.7222895 0.7218542 0.7735880 0.9940332 1.0385082 1.2132284 0.8882092 0.9203457 0.9811252 0.8982167 
Exapal_XM_021040129.2                             0.5041505 0.4276529 0.3957379 0.3742344 0.4414451 0.3340845 0.4291565 0.0000000 0.1516726 0.2937972 0.2805900 0.2580525 0.2767730 0.2767730 0.4760801 0.5572826 0.5819543 0.4583422 0.5830478 0.5981801 0.4768327 0.4788746 0.5316010 0.4499947 0.4671284 0.5520362 0.5602983 0.4068303 0.6255613 0.5375924 0.5246623 0.5184001 0.5202745 0.6273782 0.5346491 0.6191324 0.6033678 0.5960970 0.6478765 0.5824083 0.4722586 0.6507098 0.6937635 0.7170358 0.6717330 0.6301968 0.7158842 0.7284044 0.6996378 0.7182596 0.5405905 0.8531197 0.9267403 0.9531165 0.6736666 0.7125187 0.5876589 0.6119301 0.7620322 0.7517545 0.7851098 0.7412734 0.8146634 0.9902084 1.0945814 1.1614604 0.9098193 0.7690714 1.0891110 1.1008060 
Nvec_v1g235432                                    0.4113748 0.3352335 0.3516292 0.2871510 0.3590919 0.2789477 0.3767096 0.1516726 0.0000000 0.1838209 0.1675829 0.1535003 0.1538403 0.1538403 0.4493739 0.4777346 0.5337976 0.4020846 0.5174383 0.5052870 0.4002989 0.3769684 0.5074497 0.4280747 0.4188986 0.5526457 0.5501378 0.3571210 0.5027665 0.4162553 0.4361899 0.4209520 0.4329800 0.5418932 0.4351480 0.5122683 0.4813915 0.4912674 0.5090798 0.4906467 0.4637285 0.5332941 0.6570611 0.6857517 0.6341792 0.6139465 0.6591626 0.6979688 0.6501905 0.6779353 0.4988736 0.7285033 0.7836641 0.7875570 0.6663607 0.6412204 0.5525390 0.5785951 0.6401701 0.6409830 0.7550590 0.7342232 0.7991872 1.0591958 1.0670239 1.1938059 0.8734309 0.7048803 1.0410928 0.9482238 
Adig_XM_015896363.1                               0.4020690 0.4173628 0.3762427 0.2479245 0.3241153 0.2454534 0.3731272 0.2937972 0.1838209 0.0000000 0.0000010 0.0216577 0.0363762 0.0363762 0.4106743 0.4377358 0.4960315 0.3841608 0.4806325 0.5039766 0.4270762 0.3764095 0.4305974 0.3716826 0.3751609 0.4925942 0.4905030 0.3447167 0.4272779 0.3385363 0.3443768 0.3113145 0.3629167 0.4341977 0.4124057 0.5166920 0.4971649 0.5070492 0.5302631 0.4257155 0.4648515 0.5651922 0.6300658 0.7036134 0.6579066 0.6161249 0.6630144 0.7082756 0.6525077 0.6456999 0.5474467 0.7261125 0.6618010 0.7067646 0.6111782 0.5937502 0.5184529 0.5107898 0.6796976 0.6030021 0.6745493 0.7098041 0.7439042 0.9599765 1.0616824 1.2092657 0.8348093 0.8321596 0.9920722 0.9336433 
Amil_Amillepora10994-RA                           0.4183002 0.4394164 0.3618951 0.2436615 0.3147350 0.2495582 0.3716313 0.2805900 0.1675829 0.0000010 0.0000000 0.0246288 0.0329270 0.0329270 0.4315516 0.4647197 0.5157325 0.3878574 0.4807878 0.4968680 0.4301724 0.3466983 0.4677208 0.3980002 0.4023115 0.4922429 0.4746813 0.3308384 0.4899011 0.3822401 0.3863527 0.3515976 0.3980436 0.5019836 0.4238671 0.4978049 0.4504233 0.4735588 0.5126005 0.4176719 0.4605264 0.5761972 0.6367054 0.7170749 0.6952516 0.6343738 0.6863217 0.7276049 0.6875137 0.6895279 0.5713994 0.7405422 0.6678522 0.6944040 0.6232894 0.5897960 0.5238093 0.5219558 0.6649250 0.5998365 0.7318004 0.7298677 0.7704227 0.9729242 1.0441773 1.2144747 0.8868267 0.8315352 1.0552911 0.8504530 
Gfas_gfas1.m1.10326.m1                            0.3583791 0.3744758 0.3508140 0.2267548 0.2865055 0.2122181 0.3336879 0.2580525 0.1535003 0.0216577 0.0246288 0.0000000 0.0140236 0.0140236 0.3785697 0.4027865 0.4601246 0.3532366 0.4764509 0.4996699 0.3857109 0.3529157 0.4056401 0.3310819 0.3349578 0.4785149 0.4764598 0.3313476 0.4297975 0.3266795 0.3330740 0.3135734 0.3506677 0.4551452 0.3998366 0.4846571 0.4665429 0.4761814 0.4974853 0.4288094 0.4515361 0.5742751 0.6163727 0.6896655 0.6315149 0.6067585 0.6366724 0.6940337 0.6637676 0.6565552 0.5227402 0.7215474 0.6559725 0.7016958 0.5953215 0.5784134 0.5045196 0.4967111 0.5933009 0.5998195 0.6707228 0.6781014 0.6987659 0.9211792 1.0700787 1.1832226 0.8284415 0.8648085 1.0057848 0.8639998 
Spis_XP_022787278_1                               0.3573068 0.3534759 0.3308996 0.2458040 0.2856998 0.2301394 0.3215755 0.2767730 0.1538403 0.0363762 0.0329270 0.0140236 0.0000000 0.0000010 0.3796461 0.4040001 0.4614600 0.3522326 0.4751374 0.4779270 0.3948085 0.3579714 0.4268120 0.3514550 0.3550893 0.5015269 0.4750893 0.3517875 0.4526038 0.3476955 0.3530409 0.3352496 0.3720939 0.4793691 0.4128313 0.4796263 0.4617416 0.4713353 0.4923352 0.4239179 0.4812601 0.5759258 0.6002862 0.6731154 0.6400666 0.5881377 0.6199843 0.6771226 0.6470503 0.6403613 0.5213405 0.7507029 0.6728437 0.7191202 0.5919762 0.5751948 0.5156575 0.4953225 0.5667756 0.5902485 0.6862512 0.6744601 0.7075571 0.9219081 1.1054172 1.2189580 0.8096423 0.8461207 0.9851192 0.8521357 
Pocdam_XM_027186328.1                             0.3573068 0.3534759 0.3308996 0.2458040 0.2856998 0.2301394 0.3215755 0.2767730 0.1538403 0.0363762 0.0329270 0.0140236 0.0000010 0.0000000 0.3796461 0.4040001 0.4614600 0.3522326 0.4751374 0.4779270 0.3948085 0.3579714 0.4268120 0.3514550 0.3550893 0.5015269 0.4750893 0.3517875 0.4526038 0.3476955 0.3530409 0.3352496 0.3720939 0.4793691 0.4128313 0.4796263 0.4617416 0.4713353 0.4923352 0.4239179 0.4812601 0.5759258 0.6002862 0.6731154 0.6400666 0.5881377 0.6199843 0.6771226 0.6470503 0.6403613 0.5213405 0.7507029 0.6728437 0.7191202 0.5919762 0.5751948 0.5156575 0.4953225 0.5667756 0.5902485 0.6862512 0.6744601 0.7075571 0.9219081 1.1054172 1.2189580 0.8096423 0.8461207 0.9851192 0.8521357 
Nemnom_g14664.t1                                  0.5775368 0.5831833 0.4552584 0.3450204 0.4981338 0.4292695 0.5053818 0.4760801 0.4493739 0.4106743 0.4315516 0.3785697 0.3796461 0.3796461 0.0000000 0.0386947 0.1348161 0.2419738 0.4110427 0.3765962 0.5416344 0.5577005 0.5750115 0.5109349 0.5440309 0.6159389 0.6131829 0.5466708 0.6441112 0.5387761 0.5200434 0.5571429 0.5857675 0.7591218 0.5638010 0.5554156 0.6456960 0.6159604 0.6239944 0.5580511 0.6964204 0.6381736 0.7373783 0.7950532 0.7582542 0.7616607 0.7969848 0.7836338 0.7967972 0.7583195 0.6281145 0.8567075 0.8378473 0.9199859 0.6693406 0.7120955 0.5402913 0.6056895 0.6812329 0.6192840 0.7422424 0.8274083 0.8078142 0.9735115 1.3445385 1.5595221 1.0694747 1.0004030 1.0821757 0.8452863 
Rhoesc_Res_005149-T1                              0.6337547 0.6000011 0.5071465 0.3830605 0.5474546 0.4865797 0.5737407 0.5572826 0.4777346 0.4377358 0.4647197 0.4027865 0.4040001 0.4040001 0.0386947 0.0000000 0.1298818 0.2478131 0.4302322 0.3838968 0.6086209 0.6274674 0.6448569 0.5775364 0.6101681 0.6825069 0.6794942 0.5603324 0.6748602 0.5561525 0.5588118 0.5824195 0.6281827 0.7955452 0.6360143 0.5848215 0.6683653 0.6468463 0.6371227 0.5855165 0.7648655 0.6513023 0.7860381 0.8449964 0.8316637 0.8171988 0.8624360 0.8556266 0.8520965 0.8327277 0.6939688 0.9266955 0.8514935 0.9337655 0.7336293 0.7512010 0.6056832 0.6820064 0.6808514 0.6641111 0.8015200 0.8945364 0.8657486 1.0448179 1.4251471 1.6397645 1.1298308 1.0760490 1.1570045 0.8750481 
Sanmal_Sma_005659-T1                              0.6192009 0.5682059 0.4559898 0.4163715 0.5913535 0.4852340 0.5697440 0.5819543 0.5337976 0.4960315 0.5157325 0.4601246 0.4614600 0.4614600 0.1348161 0.1298818 0.0000000 0.2726896 0.4208430 0.3883242 0.6529852 0.5968548 0.6325347 0.5952317 0.5913260 0.7075071 0.7044408 0.5208119 0.7786861 0.6513820 0.6229640 0.6714403 0.7067894 0.8892554 0.6310282 0.5888780 0.6776885 0.6373010 0.6118539 0.5708240 0.6644424 0.6363721 0.8711878 0.8836146 0.8719424 0.8537336 0.9283926 0.8631405 0.8899032 0.8706434 0.7150077 0.8600532 0.8637007 0.8969450 0.7241490 0.7616340 0.5976499 0.6935914 0.7702043 0.6835306 0.7982941 0.8478657 0.9171628 0.9780883 1.4214355 1.5994325 1.0980610 1.0656352 1.1145156 0.9125196 
Morvir_scaffold27.g25.t1                          0.5607624 0.4789462 0.3945170 0.2913041 0.4984755 0.3883256 0.4510482 0.4583422 0.4020846 0.3841608 0.3878574 0.3532366 0.3522326 0.3522326 0.2419738 0.2478131 0.2726896 0.0000000 0.2807518 0.3013150 0.4858667 0.5141381 0.5132649 0.4469551 0.4858313 0.5908474 0.5627988 0.3962791 0.6811186 0.5429715 0.5001445 0.5611876 0.5824806 0.7481856 0.5453354 0.5160233 0.5487656 0.5157787 0.5928779 0.5087917 0.6090347 0.5520094 0.7318686 0.7367540 0.7977887 0.7247217 0.7693567 0.7738576 0.7758286 0.7846850 0.6206903 0.7890157 0.8116534 0.8700433 0.7147229 0.6853510 0.6131302 0.6568615 0.6775544 0.6452618 0.7592704 0.7484170 0.8638261 0.9598017 1.2536550 1.5635654 0.9842291 0.9735462 0.9339290 0.9041937 
Hvul_g31062_1                                     0.6766043 0.5042140 0.5062742 0.4548767 0.5471793 0.5087275 0.5894093 0.5830478 0.5174383 0.4806325 0.4807878 0.4764509 0.4751374 0.4751374 0.4110427 0.4302322 0.4208430 0.2807518 0.0000000 0.1709045 0.6686929 0.6228880 0.6099605 0.5890222 0.5971787 0.6376848 0.6091461 0.5849847 0.7840938 0.6556345 0.5978752 0.6447856 0.6886169 0.8447997 0.6804741 0.5692982 0.5913152 0.5614636 0.5875977 0.5366619 0.7538867 0.6406444 0.8001315 0.8113255 0.8840544 0.8379749 0.8837545 0.8608509 0.7947911 0.8244151 0.7058836 0.8981072 0.8890563 0.8580980 0.7764605 0.7729271 0.6326471 0.7684404 0.8397323 0.6837833 0.8273111 0.9008460 0.9814722 0.9548054 1.3097443 1.4194896 1.1850029 0.9711596 0.9532665 0.9710062 
Chem_TCONS_00064238                               0.7333437 0.5720635 0.5081979 0.4648997 0.6401595 0.6078024 0.6572578 0.5981801 0.5052870 0.5039766 0.4968680 0.4996699 0.4779270 0.4779270 0.3765962 0.3838968 0.3883242 0.3013150 0.1709045 0.0000000 0.6071899 0.6351720 0.6036539 0.5821322 0.5831050 0.7888641 0.7589981 0.5926289 0.8337603 0.7216453 0.6578036 0.6861981 0.7584215 0.9126931 0.7315932 0.5953728 0.5996579 0.5475658 0.5959330 0.5854231 0.7769650 0.6358994 0.8230864 0.8260661 0.9147952 0.8070443 0.8636546 0.8523336 0.8180560 0.8308423 0.6254744 0.9241477 0.8810275 0.8886995 0.7587279 0.7320015 0.6530805 0.6741645 0.8841964 0.6483516 0.8279113 0.8840681 0.9430139 0.9933438 1.3479165 1.5205186 1.1678250 0.9245591 1.0430112 0.9988361 
Tcas_TC014635_001                                 0.5084235 0.5235184 0.4750925 0.3970561 0.4023891 0.3509345 0.4131187 0.4768327 0.4002989 0.4270762 0.4301724 0.3857109 0.3948085 0.3948085 0.5416344 0.6086209 0.6529852 0.4858667 0.6686929 0.6071899 0.0000000 0.3059766 0.4882976 0.4680453 0.4225719 0.6414335 0.6251230 0.4533878 0.6178694 0.5219000 0.5080457 0.5134245 0.5448108 0.7101035 0.4009932 0.5847487 0.5640712 0.5833293 0.5620436 0.5299602 0.6390254 0.7641338 0.6911680 0.7447579 0.6975198 0.6614723 0.7035014 0.7592896 0.7039805 0.7011025 0.5921501 0.8035478 0.7812666 0.7947060 0.6994306 0.6916385 0.5502228 0.6397271 0.6772169 0.6561457 0.6843818 0.8234715 0.6881326 0.9815010 0.9614959 1.2235494 0.9161930 0.8675446 0.9786274 0.8687789 
Dpul_mRNA24878                                    0.4829728 0.4293983 0.4670469 0.3419155 0.3900791 0.3807006 0.4306236 0.4788746 0.3769684 0.3764095 0.3466983 0.3529157 0.3579714 0.3579714 0.5577005 0.6274674 0.5968548 0.5141381 0.6228880 0.6351720 0.3059766 0.0000000 0.4504029 0.4245120 0.4654672 0.5978814 0.5765977 0.5208371 0.6642397 0.5555748 0.5653717 0.5622762 0.5998384 0.7134268 0.4044514 0.6246870 0.6078504 0.6384188 0.5960256 0.5320860 0.6737187 0.7530125 0.7870809 0.8324230 0.7903537 0.7482071 0.8004477 0.8509840 0.7956645 0.7925113 0.7023498 0.8222288 0.7617309 0.7512619 0.7142594 0.6970224 0.5389637 0.5531913 0.6860372 0.7089941 0.7129642 0.8945913 0.7592328 0.9687770 1.0564682 1.2334022 0.9404399 0.9336019 1.0096062 0.8524717 
Aque_Aqu2.1.42104_001                             0.5590974 0.5117655 0.4387520 0.3454067 0.4533614 0.3860817 0.5372366 0.5316010 0.5074497 0.4305974 0.4677208 0.4056401 0.4268120 0.4268120 0.5750115 0.6448569 0.6325347 0.5132649 0.6099605 0.6036539 0.4882976 0.4504029 0.0000000 0.0682529 0.1129062 0.3652863 0.3634809 0.6457165 0.6983735 0.6063897 0.5765353 0.5944518 0.6196043 0.7796641 0.5805482 0.5847560 0.5501026 0.5658637 0.5743301 0.5119687 0.7271652 0.6501039 0.6384641 0.7014703 0.6508498 0.5587630 0.6514837 0.7063713 0.7014219 0.7402505 0.6108669 0.8314797 0.8615434 0.8587921 0.7327440 0.7380483 0.5775775 0.6292670 0.8141768 0.7041382 0.6999371 0.7856709 0.7204848 0.8849980 1.0511576 1.1783413 0.9371914 0.9023740 1.0138319 0.7273866 
Halamb_c42073_g1_i2mm.1053                        0.5232064 0.4837129 0.4195537 0.3076486 0.3895943 0.3286304 0.4807132 0.4499947 0.4280747 0.3716826 0.3980002 0.3310819 0.3514550 0.3514550 0.5109349 0.5775364 0.5952317 0.4469551 0.5890222 0.5821322 0.4680453 0.4245120 0.0682529 0.0000000 0.1192214 0.3398300 0.3380793 0.5701424 0.6624540 0.5404589 0.5268021 0.5597819 0.5752598 0.7764235 0.5650707 0.5430378 0.5097281 0.5252196 0.5451190 0.4588675 0.6712973 0.6558434 0.5802551 0.6478063 0.5788431 0.5170754 0.5906087 0.6323433 0.6516180 0.7005250 0.5580816 0.7799290 0.8444552 0.8827310 0.6884544 0.6871962 0.5477293 0.5977845 0.7626702 0.6594517 0.7056645 0.7346145 0.6911386 0.8600195 1.0053094 1.2204507 0.9162265 0.8615155 0.9879532 0.6705353 
Xestes_maker-XT_scaffold668-snap-gene-0.53-mRNA-1 0.4843310 0.4831274 0.4166956 0.3321869 0.3677457 0.3214568 0.4820856 0.4671284 0.4188986 0.3751609 0.4023115 0.3349578 0.3550893 0.3550893 0.5440309 0.6101681 0.5913260 0.4858313 0.5971787 0.5831050 0.4225719 0.4654672 0.1129062 0.1192214 0.0000000 0.3765014 0.3746740 0.5017016 0.6256360 0.5051083 0.5105853 0.5219815 0.5434185 0.7411349 0.4938732 0.4986124 0.4401182 0.4712497 0.5122451 0.4175206 0.6522586 0.6124307 0.5810740 0.6497985 0.5925208 0.5353117 0.5944061 0.6455053 0.6327209 0.6704014 0.4991900 0.7897374 0.7614228 0.7746110 0.6254644 0.6766201 0.4814930 0.5559255 0.6810436 0.6416338 0.6619798 0.7392045 0.6483260 0.8381689 0.9583242 1.1374075 0.9344255 0.9045466 0.9268336 0.6669125 
Emue_Em0004g1708a.t1                              0.5240430 0.5231368 0.5009471 0.4439476 0.4132174 0.4018183 0.4092023 0.5520362 0.5526457 0.4925942 0.4922429 0.4785149 0.5015269 0.5015269 0.6159389 0.6825069 0.7075071 0.5908474 0.6376848 0.7888641 0.6414335 0.5978814 0.3652863 0.3398300 0.3765014 0.0000000 0.0291445 0.5805338 0.5869100 0.5113244 0.4883989 0.4833665 0.5152987 0.6011843 0.5693788 0.6396285 0.6471438 0.6588748 0.6562611 0.5869118 0.7731900 0.7101354 0.6866380 0.7188371 0.6555643 0.5887823 0.6410247 0.7015429 0.6238061 0.6230637 0.6493813 0.7940400 0.9074732 0.9374774 0.6984131 0.6827873 0.6448728 0.6721282 0.8363170 0.7794299 0.8329370 0.8668665 0.8286316 1.0114647 0.9902903 1.1033938 1.0516781 1.1218752 1.0524771 0.7052065 
Spolac_c95496_g1_i1_m.11560c95496-g1              0.4959226 0.4946290 0.4746810 0.4417399 0.3873182 0.3999424 0.3830741 0.5602983 0.5501378 0.4905030 0.4746813 0.4764598 0.4750893 0.4750893 0.6131829 0.6794942 0.7044408 0.5627988 0.6091461 0.7589981 0.6251230 0.5765977 0.3634809 0.3380793 0.3746740 0.0291445 0.0000000 0.5778820 0.5843682 0.5090147 0.4862754 0.4810349 0.5151191 0.5985020 0.5573195 0.6224329 0.6295613 0.6413427 0.6386877 0.5693730 0.7688868 0.7122013 0.6589324 0.6907694 0.6527857 0.5582488 0.6129388 0.6733701 0.5962554 0.6322912 0.6202073 0.7907384 0.8909114 0.9208546 0.6826735 0.6670121 0.6290172 0.6426272 0.7846809 0.7486276 0.8164066 0.8421982 0.8560240 0.9751409 1.0326800 1.1143024 1.0505433 1.0883749 1.0337633 0.6916145 
Dgig_XM_028549607.1                               0.4616734 0.4338067 0.3386364 0.3705332 0.4486088 0.3320729 0.3435580 0.4068303 0.3571210 0.3447167 0.3308384 0.3313476 0.3517875 0.3517875 0.5466708 0.5603324 0.5208119 0.3962791 0.5849847 0.5926289 0.4533878 0.5208371 0.6457165 0.5701424 0.5017016 0.5805338 0.5778820 0.0000000 0.5951753 0.4804570 0.4823557 0.4964103 0.5397661 0.6804126 0.4860361 0.5380316 0.5416148 0.5318309 0.5550154 0.4335009 0.1683487 0.6301673 0.7552755 0.7921175 0.7561820 0.7035514 0.7830819 0.7957073 0.7465936 0.7698726 0.6027077 0.7117803 0.7230258 0.7907104 0.6096676 0.6392114 0.5671593 0.6069736 0.7309816 0.6233242 0.7081777 0.7056281 0.7552761 0.9936532 1.1317847 1.3209517 0.8873938 0.8799912 0.9817654 1.0681661 
TrH2_TrispH2_008544-RA                            0.5801701 0.5543170 0.6683373 0.5485899 0.5298532 0.4967066 0.5478427 0.6255613 0.5027665 0.4272779 0.4899011 0.4297975 0.4526038 0.4526038 0.6441112 0.6748602 0.7786861 0.6811186 0.7840938 0.8337603 0.6178694 0.6642397 0.6983735 0.6624540 0.6256360 0.5869100 0.5843682 0.5951753 0.0000000 0.0780271 0.1186656 0.0742705 0.0555618 0.1944843 0.6252533 0.6078777 0.5753573 0.6158003 0.5990378 0.6277066 0.6237994 0.7528931 0.8251838 0.8982982 0.8757113 0.6639078 0.8517262 0.9292690 0.9275626 0.9591397 0.7141355 0.8803594 0.8412687 0.8585276 0.8032583 0.7726495 0.6957217 0.7310097 0.9373802 0.7446523 0.8914443 0.9419858 0.9526760 1.2079291 1.2410994 1.1915217 1.0652538 0.9921516 1.2446316 1.2664701 
HoiH06_mRNA9063                                   0.4432798 0.5042073 0.6043979 0.4488125 0.4251925 0.3875406 0.4446208 0.5375924 0.4162553 0.3385363 0.3822401 0.3266795 0.3476955 0.3476955 0.5387761 0.5561525 0.6513820 0.5429715 0.6556345 0.7216453 0.5219000 0.5555748 0.6063897 0.5404589 0.5051083 0.5113244 0.5090147 0.4804570 0.0780271 0.0000000 0.0697054 0.0475165 0.0555947 0.1356084 0.5023171 0.5230459 0.5226324 0.5297379 0.5179429 0.5122737 0.6042774 0.6727868 0.7331061 0.7790037 0.7564579 0.6360319 0.7513222 0.7886208 0.8217782 0.8557080 0.6305794 0.8373687 0.7751805 0.7961256 0.7376293 0.7089093 0.5789013 0.6220348 0.7308792 0.6399381 0.8113627 0.8470641 0.7741003 1.0337917 1.1529791 1.1241953 0.9636076 0.9339406 1.1343472 1.0872614 
Hhon_g10412.t1                                    0.4535670 0.5241869 0.5341448 0.4465570 0.4013446 0.3778992 0.3899993 0.5246623 0.4361899 0.3443768 0.3863527 0.3330740 0.3530409 0.3530409 0.5200434 0.5588118 0.6229640 0.5001445 0.5978752 0.6578036 0.5080457 0.5653717 0.5765353 0.5268021 0.5105853 0.4883989 0.4862754 0.4823557 0.1186656 0.0697054 0.0000000 0.0326638 0.0630770 0.1678598 0.5008929 0.5001692 0.5002956 0.4942261 0.5030140 0.5290945 0.6101023 0.6167239 0.7384973 0.7710337 0.7760089 0.6629545 0.7618982 0.7965311 0.7891714 0.8090554 0.6498959 0.7965481 0.7374412 0.7595312 0.7476661 0.7199553 0.6088748 0.6166126 0.7562623 0.6678431 0.7848076 0.8240396 0.7510438 1.0278847 1.0984430 1.2855781 0.8816761 0.9365995 1.0344200 1.0459454 
HoiH04_mRNA670                                    0.4659077 0.4813165 0.5648337 0.4504878 0.4193864 0.3922605 0.4375026 0.5184001 0.4209520 0.3113145 0.3515976 0.3135734 0.3352496 0.3352496 0.5571429 0.5824195 0.6714403 0.5611876 0.6447856 0.6861981 0.5134245 0.5622762 0.5944518 0.5597819 0.5219815 0.4833665 0.4810349 0.4964103 0.0742705 0.0475165 0.0326638 0.0000000 0.0320136 0.1021799 0.5128346 0.4916622 0.4910253 0.4870930 0.4800897 0.4972863 0.5833364 0.6597989 0.7168866 0.7626446 0.7391121 0.6310056 0.7248759 0.7721322 0.7480996 0.7983662 0.6050531 0.7922878 0.7477961 0.7656462 0.7405684 0.7099264 0.5759656 0.6114294 0.7980853 0.6668332 0.8184946 0.8705669 0.8006198 1.0760518 1.1832184 1.0788517 0.9770055 0.9185173 1.1118254 1.1162400 
HoiH11_mRNA2515                                   0.4842886 0.5168578 0.5837281 0.4932815 0.4470591 0.4139141 0.4538269 0.5202745 0.4329800 0.3629167 0.3980436 0.3506677 0.3720939 0.3720939 0.5857675 0.6281827 0.7067894 0.5824806 0.6886169 0.7584215 0.5448108 0.5998384 0.6196043 0.5752598 0.5434185 0.5152987 0.5151191 0.5397661 0.0555618 0.0555947 0.0630770 0.0320136 0.0000000 0.1708323 0.5320182 0.5711007 0.5554258 0.5651550 0.5658487 0.5926336 0.6216901 0.6943776 0.7933336 0.8472334 0.8250858 0.6738072 0.8076281 0.8621038 0.8544047 0.8883168 0.6836326 0.7624639 0.7816380 0.8011605 0.7177233 0.7044850 0.6339587 0.6426153 0.7871309 0.6737878 0.8373854 0.8222726 0.7806200 1.0876654 1.1107922 1.0248473 0.9751115 0.9038018 1.1845670 1.0635380 
HoiH23_PlH23_003001-RA                            0.6362929 0.6588539 0.7477204 0.6065696 0.5965026 0.5294936 0.5865033 0.6273782 0.5418932 0.4341977 0.5019836 0.4551452 0.4793691 0.4793691 0.7591218 0.7955452 0.8892554 0.7481856 0.8447997 0.9126931 0.7101035 0.7134268 0.7796641 0.7764235 0.7411349 0.6011843 0.5985020 0.6804126 0.1944843 0.1356084 0.1678598 0.1021799 0.1708323 0.0000000 0.7019339 0.7278581 0.7236205 0.7272683 0.7279609 0.7085952 0.6042774 0.8442996 0.8594802 0.9007982 0.8715637 0.6801121 0.8678337 0.9169457 0.8841187 0.9202188 0.8247846 1.0024594 0.9811943 0.9911568 0.9077827 0.8520524 0.7658811 0.7936019 1.1873191 0.8521192 0.9839404 1.1275665 1.0284106 1.4234683 1.4645949 1.4472901 1.2372928 1.1049414 1.4165144 1.4257626 
Cscu_XM_023362133.1                               0.4618950 0.4292340 0.5377600 0.4436537 0.3732983 0.3889410 0.3954686 0.5346491 0.4351480 0.4124057 0.4238671 0.3998366 0.4128313 0.4128313 0.5638010 0.6360143 0.6310282 0.5453354 0.6804741 0.7315932 0.4009932 0.4044514 0.5805482 0.5650707 0.4938732 0.5693788 0.5573195 0.4860361 0.6252533 0.5023171 0.5008929 0.5128346 0.5320182 0.7019339 0.0000000 0.6388978 0.6240504 0.6292017 0.6535842 0.5449214 0.7339496 0.6162338 0.8361609 0.8736141 0.7911376 0.7884745 0.8028009 0.8579133 0.8138797 0.8269570 0.6065571 0.8895457 0.7934031 0.7837685 0.7185136 0.7033072 0.5637643 0.6598060 0.6319155 0.7246532 0.7906595 0.8360862 0.7451129 0.9062941 1.1191033 1.3086986 0.9107788 1.0804487 1.0359249 0.9989106 
Scil_scict019493.1                                0.6479582 0.5406348 0.5559074 0.5055241 0.4461960 0.4480733 0.4988794 0.6191324 0.5122683 0.5166920 0.4978049 0.4846571 0.4796263 0.4796263 0.5554156 0.5848215 0.5888780 0.5160233 0.5692982 0.5953728 0.5847487 0.6246870 0.5847560 0.5430378 0.4986124 0.6396285 0.6224329 0.5380316 0.6078777 0.5230459 0.5001692 0.4916622 0.5711007 0.7278581 0.6388978 0.0000000 0.1194482 0.0728093 0.1114212 0.2411504 0.6762120 0.6716366 0.6922446 0.8008295 0.8104873 0.6829790 0.7968685 0.7876542 0.7312508 0.7935109 0.7229602 0.7535805 0.7153119 0.7204130 0.7180842 0.6641728 0.5256153 0.6450276 0.7678392 0.6131385 0.7151429 0.7893375 0.8631874 0.8244618 1.0804455 1.2036655 0.9462867 0.9324807 0.8926220 1.0654841 
Lcom_lcpid91477                                   0.6451243 0.5072741 0.5438624 0.4651337 0.4386680 0.4147345 0.5317429 0.6033678 0.4813915 0.4971649 0.4504233 0.4665429 0.4617416 0.4617416 0.6456960 0.6683653 0.6776885 0.5487656 0.5913152 0.5996579 0.5640712 0.6078504 0.5501026 0.5097281 0.4401182 0.6471438 0.6295613 0.5416148 0.5753573 0.5226324 0.5002956 0.4910253 0.5554258 0.7236205 0.6240504 0.1194482 0.0000000 0.0568838 0.1537874 0.2510733 0.6442148 0.6322283 0.7157434 0.7986576 0.8273158 0.6720290 0.8018984 0.7930190 0.7590504 0.7806960 0.7325036 0.7628104 0.7195116 0.7247132 0.7224805 0.6468523 0.5377570 0.6387307 0.7534590 0.6664462 0.7615945 0.7690577 0.8203389 0.8785669 1.0336132 1.1707583 0.9564315 0.8911077 0.9077807 1.0661940 
Leuniv_Lniv_C808080_01                            0.6513392 0.5383293 0.5397983 0.4771321 0.4648084 0.4329705 0.5370059 0.5960970 0.4912674 0.5070492 0.4735588 0.4761814 0.4713353 0.4713353 0.6159604 0.6468463 0.6373010 0.5157787 0.5614636 0.5475658 0.5833293 0.6384188 0.5658637 0.5252196 0.4712497 0.6588748 0.6413427 0.5318309 0.6158003 0.5297379 0.4942261 0.4870930 0.5651550 0.7272683 0.6292017 0.0728093 0.0568838 0.0000000 0.1136825 0.2441987 0.6495491 0.6478154 0.7296777 0.7896319 0.8303209 0.6600854 0.7924725 0.7836655 0.7003047 0.7346980 0.7185401 0.8055804 0.7315520 0.7601525 0.7519238 0.6738198 0.5520884 0.6390924 0.7839448 0.6641989 0.7699359 0.7457955 0.8432717 0.8510357 1.0652928 1.2295393 0.9945596 0.9153112 0.9502116 1.0972813 
Gracom_Gcom_scaffold8765_01                       0.6098049 0.5103926 0.5131985 0.5181032 0.4651644 0.4621263 0.5324606 0.6478765 0.5090798 0.5302631 0.5126005 0.4974853 0.4923352 0.4923352 0.6239944 0.6371227 0.6118539 0.5928779 0.5875977 0.5959330 0.5620436 0.5960256 0.5743301 0.5451190 0.5122451 0.6562611 0.6386877 0.5550154 0.5990378 0.5179429 0.5030140 0.4800897 0.5658487 0.7279609 0.6535842 0.1114212 0.1537874 0.1136825 0.0000000 0.2483458 0.7607996 0.6702176 0.7365928 0.8251637 0.8364720 0.6792986 0.8220453 0.8197316 0.7596214 0.8217740 0.7572976 0.7651996 0.7476998 0.7389297 0.6975162 0.6475469 0.5415213 0.6631812 0.7315150 0.6510316 0.7306396 0.7483867 0.8213961 0.8511967 1.0735988 1.2037459 1.0185771 0.9387960 0.9469749 1.0991222 
Clacor_Ccor_scaffold9969_01                       0.5902418 0.4510845 0.4652307 0.4264500 0.4548711 0.3840226 0.4879943 0.5824083 0.4906467 0.4257155 0.4176719 0.4288094 0.4239179 0.4239179 0.5580511 0.5855165 0.5708240 0.5087917 0.5366619 0.5854231 0.5299602 0.5320860 0.5119687 0.4588675 0.4175206 0.5869118 0.5693730 0.4335009 0.6277066 0.5122737 0.5290945 0.4972863 0.5926336 0.7085952 0.5449214 0.2411504 0.2510733 0.2441987 0.2483458 0.0000000 0.6267052 0.6010722 0.7720041 0.8561594 0.8934246 0.7207072 0.8463774 0.8448810 0.8181330 0.8656008 0.7157531 0.7683009 0.7247566 0.7417781 0.6814562 0.6446926 0.5018927 0.6211391 0.6369673 0.6410740 0.7400175 0.7488623 0.7720659 0.8246022 1.0974826 1.2011747 1.0045040 0.9937669 0.8583030 0.8832606 
Xesp_000921-T1                                    0.6136396 0.5145653 0.5113259 0.5175352 0.6096689 0.4857003 0.4679959 0.4722586 0.4637285 0.4648515 0.4605264 0.4515361 0.4812601 0.4812601 0.6964204 0.7648655 0.6644424 0.6090347 0.7538867 0.7769650 0.6390254 0.6737187 0.7271652 0.6712973 0.6522586 0.7731900 0.7688868 0.1683487 0.6237994 0.6042774 0.6101023 0.5833364 0.6216901 0.6042774 0.7339496 0.6762120 0.6442148 0.6495491 0.7607996 0.6267052 0.0000000 0.8133348 0.9376400 1.0279113 0.9376281 0.9682926 0.9509256 1.0577605 0.9284239 0.9235719 0.7963582 0.7795540 0.8292995 0.8985662 0.7885118 0.8513072 0.7346150 0.8282292 0.9087833 0.7255508 0.8326724 0.9269171 1.0082638 1.3442998 1.5439071 1.4885445 1.2352427 1.0300405 1.2906563 1.5927199 
Plajan_Pjan_C533797_01                            0.6524480 0.6148506 0.5472863 0.4949780 0.6620070 0.5430251 0.6139354 0.6507098 0.5332941 0.5651922 0.5761972 0.5742751 0.5759258 0.5759258 0.6381736 0.6513023 0.6363721 0.5520094 0.6406444 0.6358994 0.7641338 0.7530125 0.6501039 0.6558434 0.6124307 0.7101354 0.7122013 0.6301673 0.7528931 0.6727868 0.6167239 0.6597989 0.6943776 0.8442996 0.6162338 0.6716366 0.6322283 0.6478154 0.6702176 0.6010722 0.8133348 0.0000000 0.8911630 0.9184031 0.9218022 0.8787236 0.9563770 0.9320853 0.8952278 0.9074890 0.8238848 0.8891773 0.8909511 0.8246460 0.8678716 0.8635593 0.8364257 0.8543946 0.9603125 0.8447786 0.9648767 0.9460356 1.0962677 1.1771064 1.3069306 1.6480439 1.2489533 0.9583323 1.2149324 1.1786088 
Mlei_ML0127.g7.i1                                 0.7344947 0.7792621 0.6435883 0.5785205 0.5566221 0.5655443 0.5969733 0.6937635 0.6570611 0.6300658 0.6367054 0.6163727 0.6002862 0.6002862 0.7373783 0.7860381 0.8711878 0.7318686 0.8001315 0.8230864 0.6911680 0.7870809 0.6384641 0.5802551 0.5810740 0.6866380 0.6589324 0.7552755 0.8251838 0.7331061 0.7384973 0.7168866 0.7933336 0.8594802 0.8361609 0.6922446 0.7157434 0.7296777 0.7365928 0.7720041 0.9376400 0.8911630 0.0000000 0.0857637 0.1287557 0.1023175 0.1030302 0.0964093 0.2338001 0.2482453 0.2626909 1.1298086 1.1064474 1.1144479 0.9824030 0.9536197 0.8168589 0.9088457 0.8946079 0.8334901 0.9523680 1.0569842 0.9502115 1.0747410 1.2397974 1.2440254 1.0682967 0.9668153 1.1538999 1.0223008 
Drygla_Dgla_sb285412                              0.7562616 0.8458753 0.6748400 0.6106574 0.6387151 0.5810147 0.6290528 0.7170358 0.6857517 0.7036134 0.7170749 0.6896655 0.6731154 0.6731154 0.7950532 0.8449964 0.8836146 0.7367540 0.8113255 0.8260661 0.7447579 0.8324230 0.7014703 0.6478063 0.6497985 0.7188371 0.6907694 0.7921175 0.8982982 0.7790037 0.7710337 0.7626446 0.8472334 0.9007982 0.8736141 0.8008295 0.7986576 0.7896319 0.8251637 0.8561594 1.0279113 0.9184031 0.0857637 0.0000000 0.1435054 0.1128359 0.1130031 0.0893294 0.2052573 0.2368491 0.2527597 1.1837067 1.1705150 1.1834119 1.0689785 1.0098205 0.9029381 0.9093268 0.9892471 0.9634852 1.0322378 1.1013359 1.0388584 1.1824083 1.3111836 1.3288615 1.1004431 1.0062147 1.1980433 1.0833689 
Horcal_Hcv1.av93.c1.g974.i1                       0.6785231 0.7646681 0.6592176 0.5716784 0.5454067 0.5365949 0.5629926 0.6717330 0.6341792 0.6579066 0.6952516 0.6315149 0.6400666 0.6400666 0.7582542 0.8316637 0.8719424 0.7977887 0.8840544 0.9147952 0.6975198 0.7903537 0.6508498 0.5788431 0.5925208 0.6555643 0.6527857 0.7561820 0.8757113 0.7564579 0.7760089 0.7391121 0.8250858 0.8715637 0.7911376 0.8104873 0.8273158 0.8303209 0.8364720 0.8934246 0.9376281 0.9218022 0.1287557 0.1435054 0.0000000 0.0932651 0.0974854 0.1358243 0.1895998 0.2047701 0.3107417 1.1585474 1.1604157 1.1754628 0.9945006 0.9708341 0.8909452 0.9468821 0.9475170 0.9403739 0.9933953 1.1517336 1.0016751 1.1868730 1.2465351 1.3049936 1.1546577 1.0757571 1.2224074 1.0908684 
Mertsp_Mesp_sb553885                              0.6502619 0.6164774 0.5690147 0.5563138 0.5625720 0.5556578 0.5221658 0.6301968 0.6139465 0.6161249 0.6343738 0.6067585 0.5881377 0.5881377 0.7616607 0.8171988 0.8537336 0.7247217 0.8379749 0.8070443 0.6614723 0.7482071 0.5587630 0.5170754 0.5353117 0.5887823 0.5582488 0.7035514 0.6639078 0.6360319 0.6629545 0.6310056 0.6738072 0.6801121 0.7884745 0.6829790 0.6720290 0.6600854 0.6792986 0.7207072 0.9682926 0.8787236 0.1023175 0.1128359 0.0932651 0.0000000 0.0410575 0.0936706 0.1239730 0.1360801 0.2625586 0.9474329 0.9985835 1.0241047 0.8561743 0.8085920 0.8299440 0.8088555 0.8359424 0.8893315 0.9480427 0.9737670 0.9565488 1.1106685 1.1367619 1.1057416 1.0793594 0.9690050 1.0476458 1.0092222 
Lampan_Lpan_10745_01                              0.6826780 0.7729500 0.6825019 0.5828049 0.5698632 0.5563129 0.5599700 0.7158842 0.6591626 0.6630144 0.6863217 0.6366724 0.6199843 0.6199843 0.7969848 0.8624360 0.9283926 0.7693567 0.8837545 0.8636546 0.7035014 0.8004477 0.6514837 0.5906087 0.5944061 0.6410247 0.6129388 0.7830819 0.8517262 0.7513222 0.7618982 0.7248759 0.8076281 0.8678337 0.8028009 0.7968685 0.8018984 0.7924725 0.8220453 0.8463774 0.9509256 0.9563770 0.1030302 0.1130031 0.0974854 0.0410575 0.0000000 0.1219919 0.1652732 0.1802627 0.2810941 1.1754773 1.1461420 1.1605839 1.0570140 0.9998853 0.9283073 0.9400834 0.9255584 0.9626045 1.0190280 1.1232273 1.0459924 1.1494048 1.3120076 1.2953605 1.1695304 1.0654116 1.2418391 0.9951675 
Beraby_Baby_sb337129                              0.7338439 0.8381582 0.6882582 0.6328610 0.6065983 0.6204219 0.5736549 0.7284044 0.6979688 0.7082756 0.7276049 0.6940337 0.6771226 0.6771226 0.7836338 0.8556266 0.8631405 0.7738576 0.8608509 0.8523336 0.7592896 0.8509840 0.7063713 0.6323433 0.6455053 0.7015429 0.6733701 0.7957073 0.9292690 0.7886208 0.7965311 0.7721322 0.8621038 0.9169457 0.8579133 0.7876542 0.7930190 0.7836655 0.8197316 0.8448810 1.0577605 0.9320853 0.0964093 0.0893294 0.1358243 0.0936706 0.1219919 0.0000000 0.1951362 0.2254743 0.3119041 1.1880699 1.1807023 1.1955893 1.0451384 0.9957501 0.8978644 0.9793893 0.9761001 1.0058456 1.0873266 1.1265037 1.0253686 1.1582500 1.3183373 1.3318205 1.1959368 1.0554374 1.2188137 1.0823283 
Vmul_Simscaffold3917_01                           0.6692840 0.7877966 0.6062507 0.5836899 0.5884005 0.5667554 0.5665089 0.6996378 0.6501905 0.6525077 0.6875137 0.6637676 0.6470503 0.6470503 0.7967972 0.8520965 0.8899032 0.7758286 0.7947911 0.8180560 0.7039805 0.7956645 0.7014219 0.6516180 0.6327209 0.6238061 0.5962554 0.7465936 0.9275626 0.8217782 0.7891714 0.7480996 0.8544047 0.8841187 0.8138797 0.7312508 0.7590504 0.7003047 0.7596214 0.8181330 0.9284239 0.8952278 0.2338001 0.2052573 0.1895998 0.1239730 0.1652732 0.1951362 0.0000000 0.0743387 0.3234151 1.0707224 1.0488804 1.0948521 0.9368121 0.9196051 0.9022455 0.8767141 1.0498719 0.9738144 0.9557421 0.9969842 1.0497945 1.1877724 1.1684095 1.2029521 1.1759312 1.0173465 1.1333304 0.9873176 
Coemet_Cmet_C599899_01                            0.6904474 0.7849015 0.6180667 0.6010034 0.5916833 0.5660009 0.5800727 0.7182596 0.6779353 0.6456999 0.6895279 0.6565552 0.6403613 0.6403613 0.7583195 0.8327277 0.8706434 0.7846850 0.8244151 0.8308423 0.7011025 0.7925113 0.7402505 0.7005250 0.6704014 0.6230637 0.6322912 0.7698726 0.9591397 0.8557080 0.8090554 0.7983662 0.8883168 0.9202188 0.8269570 0.7935109 0.7806960 0.7346980 0.8217740 0.8656008 0.9235719 0.9074890 0.2482453 0.2368491 0.2047701 0.1360801 0.1802627 0.2254743 0.0743387 0.0000000 0.3230267 1.1732770 1.1248058 1.1992588 0.9401244 0.9167791 0.8981826 0.8760265 0.9975546 1.0136783 0.9631034 1.0489025 1.0242256 1.2204777 1.1657941 1.2555719 1.1462505 1.0673005 1.1270906 1.0412994 
Eupdun_Edun_sb10653935                            0.5838642 0.6444687 0.5069332 0.4957081 0.5192450 0.4799685 0.5436698 0.5405905 0.4988736 0.5474467 0.5713994 0.5227402 0.5213405 0.5213405 0.6281145 0.6939688 0.7150077 0.6206903 0.7058836 0.6254744 0.5921501 0.7023498 0.6108669 0.5580816 0.4991900 0.6493813 0.6202073 0.6027077 0.7141355 0.6305794 0.6498959 0.6050531 0.6836326 0.8247846 0.6065571 0.7229602 0.7325036 0.7185401 0.7572976 0.7157531 0.7963582 0.8238848 0.2626909 0.2527597 0.3107417 0.2625586 0.2810941 0.3119041 0.3234151 0.3230267 0.0000000 1.0006223 0.9181766 1.0167220 0.7697967 0.7496724 0.6820755 0.6944185 0.7391266 0.8283546 0.8919900 0.9372170 0.8633174 0.9699391 1.1647926 1.2620282 1.0941883 0.9645620 1.0524106 1.0514131 
Mbre_EDQ93065                                     0.8191111 0.8165020 0.7382012 0.6705114 0.7557609 0.6663533 0.7414698 0.8531197 0.7285033 0.7261125 0.7405422 0.7215474 0.7507029 0.7507029 0.8567075 0.9266955 0.8600532 0.7890157 0.8981072 0.9241477 0.8035478 0.8222288 0.8314797 0.7799290 0.7897374 0.7940400 0.7907384 0.7117803 0.8803594 0.8373687 0.7965481 0.7922878 0.7624639 1.0024594 0.8895457 0.7535805 0.7628104 0.8055804 0.7651996 0.7683009 0.7795540 0.8891773 1.1298086 1.1837067 1.1585474 0.9474329 1.1754773 1.1880699 1.0707224 1.1732770 1.0006223 0.0000000 0.2768617 0.2637667 0.5046278 0.5063912 0.4986222 0.5787834 0.6815061 0.5684465 0.6707639 0.5943287 0.7392676 0.9127177 0.9330826 1.0971076 0.9895898 0.9036670 0.7958361 1.3054775 
Choper_EP00045_Choanoeca_perplexa_P000845         0.6738856 0.8239624 0.7754976 0.6325265 0.7048961 0.6719986 0.7107470 0.9267403 0.7836641 0.6618010 0.6678522 0.6559725 0.6728437 0.6728437 0.8378473 0.8514935 0.8637007 0.8116534 0.8890563 0.8810275 0.7812666 0.7617309 0.8615434 0.8444552 0.7614228 0.9074732 0.8909114 0.7230258 0.8412687 0.7751805 0.7374412 0.7477961 0.7816380 0.9811943 0.7934031 0.7153119 0.7195116 0.7315520 0.7476998 0.7247566 0.8292995 0.8909511 1.1064474 1.1705150 1.1604157 0.9985835 1.1461420 1.1807023 1.0488804 1.1248058 0.9181766 0.2768617 0.0000000 0.0667448 0.5350930 0.5028482 0.4854290 0.5166066 0.5233481 0.5568904 0.6727632 0.6575149 0.7681414 0.8869120 1.0039022 1.2452447 0.9507669 0.9759119 0.8836877 1.3520136 
