65
Hsap_ENST00000262643                               0.0000000 1.3909532 1.2716063 1.1768087 1.6930501 1.4806230 1.5242881 1.6210818 1.9315944 1.5665038 2.1950402 1.9623462 1.8524705 2.0184112 1.8385538 1.8739740 1.8577815 1.8562205 1.7781494 1.9963214 1.5275479 2.1517744 1.7507241 1.9277246 2.1355348 2.1649268 1.7489823 1.6763436 1.6974992 2.0535648 1.7511027 1.6325684 2.2207754 1.9272662 1.6201931 1.9699405 1.9052636 2.2400346 2.0555136 2.0776415 2.2628077 2.0576286 1.8910245 2.6268469 2.8587409 2.6456196 2.4912835 2.7709164 2.7672526 3.0106625 3.0338002 2.0833664 2.3380974 2.4800653 2.3282812 2.3056171 2.2145155 2.5447729 2.4143595 3.4312862 2.3345405 2.8729978 2.7707834 2.5350858 3.2726619 
Bralan_BLAG07001373_1                              1.3909532 0.0000000 0.8945307 0.8180174 1.1096913 1.0774247 1.1249950 1.1502278 1.5397706 1.1909525 1.7001347 1.6032422 1.4399524 1.6615476 1.3726392 1.3861894 1.4504708 1.5770319 1.6898795 1.7390498 1.5273693 2.1168395 1.4725356 1.8905233 2.0832440 2.1020531 1.7797752 1.6430194 1.4247715 1.6176020 1.5229954 1.8062307 1.7338119 1.6259805 1.6037457 2.2055879 1.9920988 2.0973547 1.7988134 1.8326515 2.0785973 1.7885102 1.8289571 2.6747542 2.8880569 2.5316338 2.7503287 2.8659561 2.5766866 2.9021272 2.8712628 2.0984197 2.3819875 2.1977856 2.1524252 2.0637873 2.2179055 2.5140656 2.2491383 3.1741439 2.6325716 3.0022109 2.8821451 3.0672910 3.5206201 
Skow_XM_006817087.1                                1.2716063 0.8945307 0.0000000 0.9332507 1.1777303 1.0595679 0.9962017 1.2318504 1.5778024 1.2723270 1.8886454 1.7174117 1.5600403 1.6887309 1.4451852 1.4963994 1.4852041 1.6101312 1.5535171 1.7225552 1.5209817 2.0349672 1.5054867 1.7145350 1.9010303 1.9218330 1.8962986 1.8003738 1.5293269 1.6849619 1.3292621 1.8586971 1.9013499 1.7585073 1.6031797 2.1071466 2.0172545 2.0671692 1.7828459 1.8545653 2.1778776 1.8039624 1.6550736 2.8372482 2.9751587 2.3209865 2.7361077 2.8782703 2.4813737 2.6807568 2.8594179 2.1230696 2.3853008 2.3054096 2.2511272 2.1029346 2.3610436 2.7235574 2.1668050 3.4575132 2.4970035 3.1109042 3.2355776 2.9389098 3.3381838 
Ctel_gnl_WGS_AMQN_CAPTEDRAFT_mRNA150088            1.1768087 0.8180174 0.9332507 0.0000000 0.8618478 0.9411391 1.0621898 1.1913025 1.4472022 1.2344519 1.1552402 1.4677478 1.2208934 1.4577210 1.2911860 1.2952604 1.3040306 1.6348259 1.5421429 1.2657716 1.3799824 1.6653104 1.5281653 1.7125891 1.7513682 1.7793061 1.6305938 1.4803374 1.4887686 1.7230883 1.2171707 1.4938053 1.5789473 1.7219040 1.4002102 1.9605682 1.9885113 1.9546535 1.8158871 1.8181772 1.8586702 1.5606348 1.7327323 2.2149756 2.5342495 2.3287216 2.4958953 2.4985588 2.5546134 2.6839806 2.6425547 2.0125554 2.1436147 2.2986127 2.2720188 2.2558503 2.3917139 2.4693090 2.0382196 2.9763692 2.1601058 2.7645689 2.7506129 3.0409667 3.4112097 
Acagra_model.g29578.t1                             1.6930501 1.1096913 1.1777303 0.8618478 0.0000000 0.9997272 1.3999349 1.5236055 1.9058272 1.3669934 2.0673263 1.9575477 1.7582377 1.9660026 1.7178849 1.7782871 1.7467518 1.8532688 1.8408560 1.8738966 1.3844717 2.2333305 1.7669294 1.8901728 2.2986751 2.3250826 1.8148673 1.7323900 1.6923942 1.9226269 1.5956529 2.3954871 2.1317141 1.8946182 1.6691515 2.3132485 2.3240774 2.4981380 2.4299707 2.4491951 2.6527044 2.0205032 2.3385001 3.1859072 3.4947566 3.1362964 2.8966661 3.3817914 2.6722329 3.3605449 3.1208988 2.4143310 2.6882702 2.5354744 2.6680023 2.5396111 2.3169527 3.0074087 2.6011111 3.8717970 3.0536655 3.7658450 3.2706901 3.4522999 4.0682229 
Cgig_XM_011434848.3                                1.4806230 1.0774247 1.0595679 0.9411391 0.9997272 0.0000000 1.1836883 1.3789829 1.6452625 1.4869021 1.6360388 1.7338430 1.5169137 1.7363639 1.4955098 1.6437959 1.6157610 1.7874090 1.6746159 1.7351751 1.3720289 1.9665792 1.5784706 1.8049546 1.8852158 1.9059190 1.9154119 1.7882976 1.6940747 1.8438755 1.6552019 2.0427417 1.9460214 1.9157947 1.7063130 2.3528362 2.3308428 2.4223465 2.0080291 2.0362290 2.3883908 1.8874246 1.9598590 3.1449799 3.2230159 2.9366440 2.9165925 2.8592703 2.8255851 2.9688392 2.8593574 1.9888676 2.2505970 2.3186192 2.2496548 2.1876422 2.2901399 2.6128143 2.3952979 3.1251410 2.8655136 3.3172623 3.3574260 3.2223862 3.4660013 
Spur_XM_030975217.1                                1.5242881 1.1249950 0.9962017 1.0621898 1.3999349 1.1836883 0.0000000 1.5645900 1.7025650 1.4185808 1.9698184 1.6992578 1.5944733 1.7328102 1.5077007 1.6005451 1.6736970 1.7265847 1.6867366 1.6569167 1.7356076 2.3325901 1.7832640 1.9984167 2.1992347 2.2237494 1.6999874 1.6193942 1.4746981 1.8289564 1.7408277 1.9287351 1.9522579 1.8253777 1.6808134 2.2393429 1.9921340 2.1059408 1.9659445 1.9632417 2.3118216 1.8754158 1.7519383 2.9775607 3.2937512 2.7415402 2.8275253 2.9203136 2.6410814 2.5229518 3.0394877 2.0908773 2.4095144 2.3268471 2.2925795 2.2016038 2.3340383 2.5632993 2.3860726 3.4711959 2.7009554 3.1622836 3.2444374 2.9485678 3.2063038 
Dpul_mRNA8040                                      1.6210818 1.1502278 1.2318504 1.1913025 1.5236055 1.3789829 1.5645900 0.0000000 1.6381132 1.2379869 1.9302346 1.9259395 1.7118236 1.8724571 1.6069182 1.7196807 1.7033924 1.7479745 1.5240707 1.8143477 1.4400953 2.0270313 1.6564350 1.9333503 2.1402380 2.1597970 1.7461791 1.6492164 1.6018127 1.7800395 1.7005970 1.8571793 1.8956015 1.7413133 1.5590520 2.1965240 2.1561886 2.4271464 2.0852441 2.1496768 2.4670007 2.0543398 2.0975404 2.5650964 2.9563025 2.5944395 2.4283550 2.6549257 2.6482128 2.7613789 2.7474785 2.3930137 2.2905076 2.3832374 2.3384146 2.2682394 2.3012059 2.4858295 2.3546530 3.1277566 2.7779043 3.0518340 2.9356016 2.9763690 3.1292953 
Exapal_XM_021059863.2                              1.9315944 1.5397706 1.5778024 1.4472022 1.9058272 1.6452625 1.7025650 1.6381132 0.0000000 0.6343178 0.9910077 1.0114309 0.9895065 1.0782544 0.8986353 0.9447919 0.9295391 1.5123428 1.5377223 1.6354819 1.5974020 2.3113006 1.5291590 2.1982124 2.2403290 2.2674179 1.8562533 1.6740748 1.5072260 1.7075901 1.8980618 1.9664246 2.1240221 1.8936789 1.5584311 2.2766685 2.1980030 2.3775852 2.2351372 2.2510122 2.2896936 1.8994419 2.1110219 2.7627202 2.9237633 2.5618308 2.6860066 2.8370376 2.6682029 2.9986695 3.0486355 2.3194618 2.2150359 2.1983086 2.1966475 2.0897242 2.4013451 2.6187469 2.7038971 3.7400767 2.8277450 3.3848591 3.4533837 3.4366220 3.9307857 
Nvec_v1g128041                                     1.5665038 1.1909525 1.2723270 1.2344519 1.3669934 1.4869021 1.4185808 1.2379869 0.6343178 0.0000000 0.6935977 0.9232688 0.8456906 0.9032449 0.7798183 0.7708891 0.7448647 1.3213390 1.3576496 1.2525679 1.6322341 2.1318726 1.5182117 1.9740761 2.1073801 2.1370489 1.6350190 1.4857823 1.1593068 1.3090856 1.5253169 1.7202916 1.7617757 1.7859472 1.4598726 2.1370076 1.9536407 2.1465273 1.9731079 1.9670794 1.9073919 1.5760813 1.6123187 2.4991679 2.9037832 2.7309955 2.7934128 2.4753239 2.6031579 2.6280902 2.5635876 2.0945204 2.0500442 2.1426141 2.1565906 2.1397669 2.2130773 2.3686715 2.3375108 3.3058898 2.6524384 3.2986415 3.4468159 3.2185300 3.3200163 
Adig_XM_015911431.1                                2.1950402 1.7001347 1.8886454 1.1552402 2.0673263 1.6360388 1.9698184 1.9302346 0.9910077 0.6935977 0.0000000 0.0517209 0.3024994 0.5131537 0.3265389 0.3693963 0.3507703 1.4664971 1.4947871 1.6320202 1.1248598 1.9954937 0.9106274 1.7650180 1.9589308 1.9966983 1.6368150 1.5836535 1.5110911 1.6821613 1.9527024 1.8246507 2.2179873 2.0125590 1.9327093 2.3499158 2.0343744 2.6683401 2.0924521 2.0395687 2.2230524 2.2227729 1.9602428 2.8592744 3.0232871 2.6226545 2.5488599 3.2579493 2.6684023 2.8137678 2.4568047 2.2322469 2.4282081 2.5123185 2.4018785 2.4205359 2.3146561 2.6710428 2.4535733 3.1154263 2.5582688 2.9960193 2.9055831 2.8006578 3.0892167 
Amil_Amillepora05347-RA                            1.9623462 1.6032422 1.7174117 1.4677478 1.9575477 1.7338430 1.6992578 1.9259395 1.0114309 0.9232688 0.0517209 0.0000000 0.3302796 0.5112206 0.3926234 0.4439855 0.4092081 1.5313063 1.5630741 1.8321039 1.6194310 2.3379040 1.7349791 2.2072567 2.2360931 2.2622765 1.8329561 1.6171495 1.6333475 1.7951234 2.0229516 1.9699496 2.0821247 1.9537762 1.7165263 2.4036005 2.2655763 2.5501275 2.2968659 2.2695274 2.1960572 1.9629755 2.0221114 2.8801725 2.8909085 2.7069579 2.6172416 2.9152000 3.1945960 3.2864138 2.8217090 2.2603896 2.1923670 2.2773441 2.1870222 2.2175757 2.3332683 2.6463196 2.3481891 3.7039749 2.7928318 3.6097045 3.7972832 3.3741121 3.6877897 
Gfas_gfas1.m1.15674.m1                             1.8524705 1.4399524 1.5600403 1.2208934 1.7582377 1.5169137 1.5944733 1.7118236 0.9895065 0.8456906 0.3024994 0.3302796 0.0000000 0.3854736 0.2750591 0.3369512 0.3498265 1.5524250 1.5439986 1.5907525 1.3960614 2.0787312 1.5476629 1.9169809 1.9980851 2.0212404 1.6460478 1.4885399 1.4506785 1.6038069 1.7027227 1.8344498 1.7150288 1.8294437 1.5410600 2.2463516 2.0812598 2.2160977 2.0731229 2.0333579 1.9281529 1.7017051 1.9235094 2.6538555 2.7453059 2.6074901 2.6275558 2.7709002 3.1034897 2.9237152 2.6314459 2.1363942 2.0749179 2.1031704 2.0253389 1.9716238 2.0639090 2.3840502 2.3046049 3.1858662 2.6037543 3.4154463 3.4573347 3.1851577 3.4434564 
Fspp_ffun1.m4.21298.m1                             2.0184112 1.6615476 1.6887309 1.4577210 1.9660026 1.7363639 1.7328102 1.8724571 1.0782544 0.9032449 0.5131537 0.5112206 0.3854736 0.0000000 0.2416986 0.3436357 0.3200844 1.5692526 1.5451963 1.7543804 1.6299333 2.2536999 1.8135938 2.2366564 2.2690762 2.2952308 1.9283547 1.6947214 1.6913616 1.8867626 2.0435593 1.9921035 2.0517846 1.9660684 1.7151253 2.5467834 2.4370079 2.4967566 2.5383414 2.4801739 2.3139698 2.1906433 2.1705657 2.9405505 3.0268375 2.9444662 2.8672667 2.6942982 3.0740481 3.2210060 2.8975714 2.0404199 2.1053923 2.2006106 2.0145226 2.0829379 2.0616548 2.3707045 2.4863597 3.7593871 2.6750792 3.2813854 3.4537295 3.1550103 3.5127642 
Gasp_gasp1.m3.1945.m1                              1.8385538 1.3726392 1.4451852 1.2911860 1.7178849 1.4955098 1.5077007 1.6069182 0.8986353 0.7798183 0.3265389 0.3926234 0.2750591 0.2416986 0.0000000 0.2557746 0.2397006 1.3921229 1.4371775 1.5546588 1.5449971 2.1930833 1.5666514 2.0923906 2.1439028 2.1680466 1.7480042 1.5635883 1.4455453 1.6599707 1.7827269 1.8228734 1.8121637 1.7470328 1.5608134 2.2304866 2.0832017 2.2474472 2.2232500 2.1534938 2.0038063 1.8524673 1.8885483 2.5444221 2.8074007 2.6338493 2.5284148 2.5857149 2.7765357 2.8760239 2.6509149 1.9691656 2.0356313 2.1055688 2.0154388 2.0729380 2.0532406 2.3393221 2.3143623 3.4807206 2.5173900 3.1529824 3.2686056 2.9272249 3.1000720 
Spis_XP_022798976_1                                1.8739740 1.3861894 1.4963994 1.2952604 1.7782871 1.6437959 1.6005451 1.7196807 0.9447919 0.7708891 0.3693963 0.4439855 0.3369512 0.3436357 0.2557746 0.0000000 0.1259803 1.5017919 1.4271606 1.6273203 1.5825060 2.2705346 1.6147871 2.1516754 2.2179642 2.2432104 1.7579421 1.6328542 1.5785004 1.7727570 1.7741615 1.7867777 1.9464209 1.8237245 1.6206668 2.2288433 2.0959720 2.2950051 2.1580213 2.0778000 2.0977061 1.7251169 1.8999150 2.3686896 2.7030519 2.6616921 2.5293277 2.7210441 2.7842563 2.8963660 2.6235722 2.0611208 1.9905334 2.0430988 1.9700217 2.0359359 2.1413151 2.3854576 2.2328565 3.3843675 2.6055687 3.1826158 3.2994213 3.0045612 3.3160179 
Pocdam_XM_027197628.1                              1.8577815 1.4504708 1.4852041 1.3040306 1.7467518 1.6157610 1.6736970 1.7033924 0.9295391 0.7448647 0.3507703 0.4092081 0.3498265 0.3200844 0.2397006 0.1259803 0.0000000 1.4977434 1.4448123 1.5581024 1.5276817 2.2100601 1.6228088 2.1288762 2.1404230 2.1644936 1.6945047 1.5323381 1.5045138 1.6830014 1.7777402 1.7746734 1.9282881 1.8110093 1.5855380 2.2394066 2.1371472 2.3042201 2.2938485 2.1813626 2.1653715 1.8137854 1.9373514 2.4450727 2.6908514 2.6472495 2.5642981 2.6294953 2.7284603 2.8187198 2.5859371 2.0036992 1.9724918 2.0026311 1.9412262 1.9945059 2.0693919 2.2756018 2.2096065 3.3347523 2.5261947 3.1874072 3.3282389 2.9341265 3.2129492 
Hvul_g14185_1                                      1.8562205 1.5770319 1.6101312 1.6348259 1.8532688 1.7874090 1.7265847 1.7479745 1.5123428 1.3213390 1.4664971 1.5313063 1.5524250 1.5692526 1.3921229 1.5017919 1.4977434 0.0000000 0.6543179 1.2397017 1.7600936 2.5704211 2.0800936 2.4867692 2.6277015 2.6620350 1.2493270 1.2132733 1.6228472 1.7851882 2.0044514 1.5304680 1.9953507 1.8844022 1.6115924 2.2470926 2.1119473 2.4034068 2.2595502 2.2994664 2.3398693 2.2361850 1.8341640 2.8161330 2.9504939 2.7941510 2.5584768 2.8440316 2.4671650 2.7149901 2.8555848 2.0601777 2.6939646 2.6201264 2.4431621 2.3856525 2.5391217 2.9209895 2.2545329 3.3202217 2.7483033 3.3779913 3.2987015 3.2903821 3.3313974 
Chem_TCONS_00029822                                1.7781494 1.6898795 1.5535171 1.5421429 1.8408560 1.6746159 1.6867366 1.5240707 1.5377223 1.3576496 1.4947871 1.5630741 1.5439986 1.5451963 1.4371775 1.4271606 1.4448123 0.6543179 0.0000000 1.1352514 1.6622097 2.3658197 1.7965806 2.2583686 2.3852874 2.4146086 1.3114323 1.2538067 1.5080932 1.6638030 1.8593273 1.5232626 1.9338965 1.8666167 1.6375991 2.3616155 2.3128470 2.6605165 2.3862529 2.3557165 2.5900681 2.2357346 2.1261258 2.4498455 2.8431325 2.5621459 2.4186761 2.7754850 2.4587202 2.5058516 2.8643319 2.0261530 2.4987124 2.4446355 2.3372879 2.2932962 2.4658127 2.7065594 2.2833640 3.1733862 2.7174300 3.3922000 3.0895089 3.0469260 3.2507694 
Morvir_scaffold422.g9.t1                           1.9963214 1.7390498 1.7225552 1.2657716 1.8738966 1.7351751 1.6569167 1.8143477 1.6354819 1.2525679 1.6320202 1.8321039 1.5907525 1.7543804 1.5546588 1.6273203 1.5581024 1.2397017 1.1352514 0.0000000 1.3472763 1.9471351 1.3989097 1.8686505 2.2238967 2.2613598 1.3629432 1.3083499 1.5815971 1.8263475 1.9180168 1.7763568 1.9759107 1.6554614 1.6924148 2.1908824 2.1163173 2.3258003 2.0424551 2.0882380 2.5406884 2.1707405 1.8721962 2.6409263 2.9146776 3.1023944 2.8259106 2.6219888 2.2429441 2.7709113 2.6879029 2.3650957 3.0768702 3.1728453 2.8651699 2.6179703 2.8879372 3.1933986 2.5726549 3.1221131 2.8083743 2.9942670 2.9266651 2.7503505 3.1625198 
Tadh_TriadT15757                                   1.5275479 1.5273693 1.5209817 1.3799824 1.3844717 1.3720289 1.7356076 1.4400953 1.5974020 1.6322341 1.1248598 1.6194310 1.3960614 1.6299333 1.5449971 1.5825060 1.5276817 1.7600936 1.6622097 1.3472763 0.0000000 0.0000010 0.1833962 0.1816361 0.1566551 0.1566551 1.6063667 1.5472328 1.8941774 1.9176114 1.5991339 1.6700690 1.6981487 1.6138239 1.7590162 2.0254546 1.9509032 1.8362920 2.0043916 2.0017710 1.8578128 2.0132004 1.7381166 2.5244192 2.5509963 2.4488881 2.3280993 2.1662777 2.7573961 2.6937224 2.3963568 2.2396429 2.1845943 2.3364035 2.1897180 2.1350986 2.3173205 2.3211665 2.0777558 2.7149636 2.1614088 2.4227358 2.3411572 2.3036603 3.0579425 
TrH2_TrispH2_003810-RA                             2.1517744 2.1168395 2.0349672 1.6653104 2.2333305 1.9665792 2.3325901 2.0270313 2.3113006 2.1318726 1.9954937 2.3379040 2.0787312 2.2536999 2.1930833 2.2705346 2.2100601 2.5704211 2.3658197 1.9471351 0.0000010 0.0000000 0.2765485 0.3025522 0.3082228 0.3136480 2.2443777 2.1828564 2.3964621 2.4292925 2.0861086 2.6224660 2.1658292 2.0663814 2.1089362 2.8274720 2.6938167 2.6655654 2.4656014 2.5814515 2.6174178 2.4110668 2.3817648 3.0019550 3.2056906 3.1125429 2.9758328 2.8911898 3.1422803 3.2350481 3.0478077 2.8337006 2.6471396 2.8049603 2.5919851 2.4729527 2.6292930 2.8749735 2.7031199 3.5517204 2.5830220 3.2730400 3.1687059 3.1101874 3.4471974 
HoiH06_mRNA8108                                    1.7507241 1.4725356 1.5054867 1.5281653 1.7669294 1.5784706 1.7832640 1.6564350 1.5291590 1.5182117 0.9106274 1.7349791 1.5476629 1.8135938 1.5666514 1.6147871 1.6228088 2.0800936 1.7965806 1.3989097 0.1833962 0.2765485 0.0000000 0.0624948 0.1392592 0.1392592 1.6926791 1.6992398 1.8266782 2.0013074 1.3999209 1.7916752 1.1836699 1.4873377 1.5360422 2.3311577 2.1649601 2.1224213 2.0567340 2.0639815 1.9659649 1.5353641 2.0684441 2.1883740 2.3353595 2.1598707 2.3201667 2.0557124 2.4241097 2.5466452 2.1178799 2.1484894 2.1452125 2.2259553 2.1105287 2.1507930 2.0964125 2.1736927 1.8800845 2.5972834 1.8229202 2.7466123 2.7877534 2.7163355 2.5770772 
HoiH23_PlH23_001699-RA                             1.9277246 1.8905233 1.7145350 1.7125891 1.8901728 1.8049546 1.9984167 1.9333503 2.1982124 1.9740761 1.7650180 2.2072567 1.9169809 2.2366564 2.0923906 2.1516754 2.1288762 2.4867692 2.2583686 1.8686505 0.1816361 0.3025522 0.0624948 0.0000000 0.1050509 0.1125259 2.1650571 2.0959098 2.3014502 2.3616849 1.8794925 2.4406339 2.0532213 2.0146981 1.9671271 2.7749110 2.5914106 2.5464292 2.3286773 2.3942872 2.3928341 2.0163239 2.1860550 2.8814767 2.9923111 2.9471027 2.8599746 2.6627009 3.0745276 3.0293527 2.6048850 2.7042764 2.5180523 2.6788720 2.5058356 2.4005329 2.3542199 2.5228330 2.6096379 3.5333361 2.5252256 3.2189802 3.1951640 3.1663044 3.2968031 
Hhon_g02466.t1                                     2.1355348 2.0832440 1.9010303 1.7513682 2.2986751 1.8852158 2.1992347 2.1402380 2.2403290 2.1073801 1.9589308 2.2360931 1.9980851 2.2690762 2.1439028 2.2179642 2.1404230 2.6277015 2.3852874 2.2238967 0.1566551 0.3082228 0.1392592 0.1050509 0.0000000 0.0053669 2.2665127 2.2062985 2.4618394 2.5753043 1.9507512 2.5109566 2.1947156 1.9931143 2.0101850 2.9617443 2.6994545 2.7804203 2.3762122 2.5380886 2.5382363 2.3004962 2.4229448 3.1377152 3.1179429 3.0206710 3.1382583 2.9656181 3.2425194 3.2013375 2.9354350 2.8056122 2.5420771 2.7231128 2.4922778 2.3512344 2.4331889 2.7054374 2.6550029 3.6636605 2.6329791 3.2887626 3.3279190 3.2086240 3.1211929 
HoiH04_mRNA6716                                    2.1649268 2.1020531 1.9218330 1.7793061 2.3250826 1.9059190 2.2237494 2.1597970 2.2674179 2.1370489 1.9966983 2.2622765 2.0212404 2.2952308 2.1680466 2.2432104 2.1644936 2.6620350 2.4146086 2.2613598 0.1566551 0.3136480 0.1392592 0.1125259 0.0053669 0.0000000 2.2967347 2.2353274 2.4990935 2.5753043 1.9733248 2.5501639 2.2286043 2.0195889 2.0358645 3.0068232 2.7408225 2.7988549 2.3859661 2.5483799 2.5686529 2.3390579 2.4520135 3.1892150 3.1179429 3.0608196 3.1849037 2.9594659 3.2425194 3.2177994 2.9773982 2.8056122 2.5729431 2.7134579 2.5011804 2.3420790 2.4331889 2.7390172 2.6915009 3.6636605 2.6771953 3.3391146 3.3778125 3.2568536 3.1866818 
Nemnom_g1987.t1                                    1.7489823 1.7797752 1.8962986 1.6305938 1.8148673 1.9154119 1.6999874 1.7461791 1.8562533 1.6350190 1.6368150 1.8329561 1.6460478 1.9283547 1.7480042 1.7579421 1.6945047 1.2493270 1.3114323 1.3629432 1.6063667 2.2443777 1.6926791 2.1650571 2.2665127 2.2967347 0.0000000 0.2096690 1.5698430 1.5457014 2.3308234 1.2477557 1.7641327 1.7508649 1.6398406 1.9769487 1.8539902 2.0891682 1.9705637 1.9967978 2.3155780 2.0887227 1.9802431 2.7851019 2.7710840 2.6114429 2.9005544 2.8166772 2.9102261 2.9971425 3.2548972 2.2274211 2.6659624 2.4857256 2.4297547 2.2777210 2.4968562 2.7374920 2.6910853 3.0466452 2.5868624 3.1229107 2.9588884 3.0313416 3.2245150 
Rhoesc_Res_011186-T1                               1.6763436 1.6430194 1.8003738 1.4803374 1.7323900 1.7882976 1.6193942 1.6492164 1.6740748 1.4857823 1.5836535 1.6171495 1.4885399 1.6947214 1.5635883 1.6328542 1.5323381 1.2132733 1.2538067 1.3083499 1.5472328 2.1828564 1.6992398 2.0959098 2.2062985 2.2353274 0.2096690 0.0000000 1.5232496 1.5282151 2.1763745 1.1712198 1.7653025 1.7834427 1.5978698 2.0534611 1.8623319 1.9784237 2.0058817 2.0254082 2.1590183 2.0158027 1.9783397 2.7594219 2.7757712 2.5807419 2.7979536 2.7999244 2.8121986 2.9558251 3.3005836 2.2763136 2.5900621 2.3830244 2.3063917 2.1180063 2.5285448 2.7263407 2.4261134 2.9671505 2.5334175 2.9964306 2.8152735 2.8783958 3.2519774 
Dgig_XM_028536682.1                                1.6974992 1.4247715 1.5293269 1.4887686 1.6923942 1.6940747 1.4746981 1.6018127 1.5072260 1.1593068 1.5110911 1.6333475 1.4506785 1.6913616 1.4455453 1.5785004 1.5045138 1.6228472 1.5080932 1.5815971 1.8941774 2.3964621 1.8266782 2.3014502 2.4618394 2.4990935 1.5698430 1.5232496 0.0000000 0.4571629 1.7516762 1.9355389 1.8789331 1.6503788 1.6527126 2.4562140 2.3239052 2.2444550 2.1381440 2.1082426 2.2638441 1.8888117 2.1793212 2.6230199 3.0566116 2.4544401 2.5460097 2.5405102 2.8626194 2.9551858 2.9198106 2.1679037 2.2445891 2.4448451 2.2653950 2.2587401 2.5156681 2.7174917 2.1369576 3.2137119 2.5582307 2.9671403 2.8649126 2.8499031 3.1386690 
Xesp_005590-T1                                     2.0535648 1.6176020 1.6849619 1.7230883 1.9226269 1.8438755 1.8289564 1.7800395 1.7075901 1.3090856 1.6821613 1.7951234 1.6038069 1.8867626 1.6599707 1.7727570 1.6830014 1.7851882 1.6638030 1.8263475 1.9176114 2.4292925 2.0013074 2.3616849 2.5753043 2.5753043 1.5457014 1.5282151 0.4571629 0.0000000 1.9053521 2.0292193 1.9964736 1.8926474 1.8737814 2.4873886 2.3658154 2.3861180 2.2288651 2.2431280 2.3684131 1.9938771 2.3830165 2.6535946 2.9811360 2.7810298 2.9646213 2.8579574 3.1390576 3.4707733 3.0469450 2.2266364 2.2799018 2.5840201 2.3748466 2.3393243 2.6006811 2.6879974 2.3901784 3.4779548 2.5602529 3.1332566 2.9412035 3.0213197 3.3617536 
Cscu_XM_023369615.1                                1.7511027 1.5229954 1.3292621 1.2171707 1.5956529 1.6552019 1.7408277 1.7005970 1.8980618 1.5253169 1.9527024 2.0229516 1.7027227 2.0435593 1.7827269 1.7741615 1.7777402 2.0044514 1.8593273 1.9180168 1.5991339 2.0861086 1.3999209 1.8794925 1.9507512 1.9733248 2.3308234 2.1763745 1.7516762 1.9053521 0.0000000 2.5360815 2.1887534 2.0330627 1.7901090 2.4122638 2.3191072 2.4217621 2.0444546 2.1084749 2.4064287 1.9265656 2.0434136 3.0909387 3.0925492 2.9299592 2.6641871 3.1026482 3.0168206 3.0929218 3.3135814 2.4604162 2.5722586 2.7353414 2.6626208 2.6450494 2.5294445 2.8047772 2.5054460 3.0072522 2.7420045 3.1553280 2.9626673 2.8790939 3.2266389 
Sanmal_Sma_025074-T1                               1.6325684 1.8062307 1.8586971 1.4938053 2.3954871 2.0427417 1.9287351 1.8571793 1.9664246 1.7202916 1.8246507 1.9699496 1.8344498 1.9921035 1.8228734 1.7867777 1.7746734 1.5304680 1.5232626 1.7763568 1.6700690 2.6224660 1.7916752 2.4406339 2.5109566 2.5501639 1.2477557 1.1712198 1.9355389 2.0292193 2.5360815 0.0000000 2.5671585 2.4297320 1.9722115 2.4614123 2.2123874 2.6030630 2.5592472 2.5615613 2.7415823 2.5333233 2.3938601 2.7687583 3.0528877 3.3086376 3.1601297 3.3273275 2.7982471 3.2451199 3.6397942 2.5802270 2.8899837 2.8488015 2.6616635 2.4471638 2.6928798 3.0898186 2.7991786 3.4976248 2.8272141 3.1610853 3.4860494 3.3742161 3.9028246 
Ocar_g4032                                         2.2207754 1.7338119 1.9013499 1.5789473 2.1317141 1.9460214 1.9522579 1.8956015 2.1240221 1.7617757 2.2179873 2.0821247 1.7150288 2.0517846 1.8121637 1.9464209 1.9282881 1.9953507 1.9338965 1.9759107 1.6981487 2.1658292 1.1836699 2.0532213 2.1947156 2.2286043 1.7641327 1.7653025 1.8789331 1.9964736 2.1887534 2.5671585 0.0000000 0.0963489 1.2606167 2.1628135 2.0823556 2.1435313 2.1224198 2.2673286 2.1754808 2.1084999 2.1606548 3.0405102 3.4440675 2.9640921 3.0602339 3.2038129 2.7658174 3.1728613 3.1462802 2.4889912 2.5765429 2.5141819 2.6420290 2.3933674 2.2854226 2.7004259 2.6097615 3.1688692 2.7890373 2.7288858 2.7285985 2.5927735 3.2317672 
Opea_EP00118_Oscarella_pearsei_P004670             1.9272662 1.6259805 1.7585073 1.7219040 1.8946182 1.9157947 1.8253777 1.7413133 1.8936789 1.7859472 2.0125590 1.9537762 1.8294437 1.9660684 1.7470328 1.8237245 1.8110093 1.8844022 1.8666167 1.6554614 1.6138239 2.0663814 1.4873377 2.0146981 1.9931143 2.0195889 1.7508649 1.7834427 1.6503788 1.8926474 2.0330627 2.4297320 0.0963489 0.0000000 1.0934743 2.1648640 2.1210123 2.0980703 2.1058774 2.1882051 2.0314345 1.8667532 1.8618074 2.8644477 3.2623495 2.6248485 2.9694924 2.7507736 2.4616265 2.8881120 2.9647044 2.3347038 2.3963417 2.2946564 2.2990163 2.1693274 2.2508751 2.4804777 2.4904376 3.3460137 2.5731251 2.9942858 2.9972506 2.8772812 3.1925640 
Plajan_Pjan_C559515_01                             1.6201931 1.6037457 1.6031797 1.4002102 1.6691515 1.7063130 1.6808134 1.5590520 1.5584311 1.4598726 1.9327093 1.7165263 1.5410600 1.7151253 1.5608134 1.6206668 1.5855380 1.6115924 1.6375991 1.6924148 1.7590162 2.1089362 1.5360422 1.9671271 2.0101850 2.0358645 1.6398406 1.5978698 1.6527126 1.8737814 1.7901090 1.9722115 1.2606167 1.0934743 0.0000000 1.8025590 1.8547861 1.8951131 1.9050363 1.8866661 1.9319521 1.8667147 1.6723634 2.6259384 2.5936752 2.3371858 2.4856003 2.6088048 2.4818770 2.6626136 2.6716336 1.8568159 1.9437319 2.0014710 2.1308382 1.9982681 2.0155349 2.1732411 2.1609824 2.6965066 2.4658878 2.7264469 2.6221072 2.3976964 2.8540709 
Aque_Aqu2.1.25304_001                              1.9699405 2.2055879 2.1071466 1.9605682 2.3132485 2.3528362 2.2393429 2.1965240 2.2766685 2.1370076 2.3499158 2.4036005 2.2463516 2.5467834 2.2304866 2.2288433 2.2394066 2.2470926 2.3616155 2.1908824 2.0254546 2.8274720 2.3311577 2.7749110 2.9617443 3.0068232 1.9769487 2.0534611 2.4562140 2.4873886 2.4122638 2.4614123 2.1628135 2.1648640 1.8025590 0.0000000 0.4135002 0.5967885 0.8467654 0.8736737 1.0262885 0.9419660 1.5257980 3.0755691 3.2764547 3.0354875 3.4273071 2.8099864 3.0103331 3.0798145 2.8733093 2.8355338 2.5725329 2.7083222 2.5585113 2.3786150 2.4663969 2.5878164 2.9227381 3.5079430 2.7521673 3.1879177 3.2938078 3.1534560 3.7886079 
Halamb_c46863_g1_i1m.21340                         1.9052636 1.9920988 2.0172545 1.9885113 2.3240774 2.3308428 1.9921340 2.1561886 2.1980030 1.9536407 2.0343744 2.2655763 2.0812598 2.4370079 2.0832017 2.0959720 2.1371472 2.1119473 2.3128470 2.1163173 1.9509032 2.6938167 2.1649601 2.5914106 2.6994545 2.7408225 1.8539902 1.8623319 2.3239052 2.3658154 2.3191072 2.2123874 2.0823556 2.1210123 1.8547861 0.4135002 0.0000000 0.4850336 0.8042932 0.8300293 0.9293986 0.8341964 1.3409713 2.8564044 3.0915203 2.7972943 3.1118178 2.8963624 3.1017764 2.9073408 2.7445984 2.6095178 2.3082652 2.3422173 2.3085963 2.1328283 2.3231394 2.5388400 2.7586667 3.4078720 2.6706366 3.1486812 3.3088467 2.9749488 3.7083612 
Xestes_maker-XT_scaffold4937-snap-gene-0.19-mRNA-1 2.2400346 2.0973547 2.0671692 1.9546535 2.4981380 2.4223465 2.1059408 2.4271464 2.3775852 2.1465273 2.6683401 2.5501275 2.2160977 2.4967566 2.2474472 2.2950051 2.3042201 2.4034068 2.6605165 2.3258003 1.8362920 2.6655654 2.1224213 2.5464292 2.7804203 2.7988549 2.0891682 1.9784237 2.2444550 2.3861180 2.4217621 2.6030630 2.1435313 2.0980703 1.8951131 0.5967885 0.4850336 0.0000000 0.7956481 0.8492353 0.9543870 0.8965144 1.5209914 3.1319476 3.1140626 2.8405071 3.2935665 2.8110182 2.9221287 3.2086570 2.9163323 2.7134390 2.3054163 2.2893444 2.3348448 2.1564809 2.2893183 2.5970652 2.7565220 3.6193219 2.6759350 3.0431859 3.3496981 2.9958819 3.6201486 
Emue_Em0018g1178a.t1                               2.0555136 1.7988134 1.7828459 1.8158871 2.4299707 2.0080291 1.9659445 2.0852441 2.2351372 1.9731079 2.0924521 2.2968659 2.0731229 2.5383414 2.2232500 2.1580213 2.2938485 2.2595502 2.3862529 2.0424551 2.0043916 2.4656014 2.0567340 2.3286773 2.3762122 2.3859661 1.9705637 2.0058817 2.1381440 2.2288651 2.0444546 2.5592472 2.1224198 2.1058774 1.9050363 0.8467654 0.8042932 0.7956481 0.0000000 0.1171651 0.7559447 0.6616384 1.4242925 3.0429012 3.1113527 2.7184255 2.8803466 2.4311125 2.7228299 2.9142558 2.9739403 2.4709074 2.3647790 2.3333335 2.3561611 2.1400106 2.3125491 2.5992185 2.6192713 3.4575875 2.6385926 2.9864189 3.0608945 2.9350063 3.3829090 
Spolac_c102309_g1_i1_m.28790c102309-g1             2.0776415 1.8326515 1.8545653 1.8181772 2.4491951 2.0362290 1.9632417 2.1496768 2.2510122 1.9670794 2.0395687 2.2695274 2.0333579 2.4801739 2.1534938 2.0778000 2.1813626 2.2994664 2.3557165 2.0882380 2.0017710 2.5814515 2.0639815 2.3942872 2.5380886 2.5483799 1.9967978 2.0254082 2.1082426 2.2431280 2.1084749 2.5615613 2.2673286 2.1882051 1.8866661 0.8736737 0.8300293 0.8492353 0.1171651 0.0000000 0.7663027 0.6047593 1.4446356 3.0679333 3.1892377 2.7926564 2.9511125 2.6529748 2.7309022 3.0759193 3.1779851 2.4678342 2.4589514 2.4362702 2.3547716 2.1321247 2.3308684 2.6385122 2.7115808 3.4297403 2.6153875 3.0116576 3.1372739 2.9680625 3.5127772 
Tetwil_g14574.t2                                   2.2628077 2.0785973 2.1778776 1.8586702 2.6527044 2.3883908 2.3118216 2.4670007 2.2896936 1.9073919 2.2230524 2.1960572 1.9281529 2.3139698 2.0038063 2.0977061 2.1653715 2.3398693 2.5900681 2.5406884 1.8578128 2.6174178 1.9659649 2.3928341 2.5382363 2.5686529 2.3155780 2.1590183 2.2638441 2.3684131 2.4064287 2.7415823 2.1754808 2.0314345 1.9319521 1.0262885 0.9293986 0.9543870 0.7559447 0.7663027 0.0000000 0.4929820 1.4327811 3.4715170 3.4142997 2.8972850 3.3958007 2.9335705 3.2211489 3.3195153 3.2415739 2.7143482 2.4208808 2.6066676 2.4508670 2.2065311 2.3068994 2.6415924 2.8212983 3.2129786 2.8537928 3.1089126 3.2948506 3.0424217 3.4561246 
Stycar_maker-SC_scaffold3116-snap-gene-0.19-mRNA-1 2.0576286 1.7885102 1.8039624 1.5606348 2.0205032 1.8874246 1.8754158 2.0543398 1.8994419 1.5760813 2.2227729 1.9629755 1.7017051 2.1906433 1.8524673 1.7251169 1.8137854 2.2361850 2.2357346 2.1707405 2.0132004 2.4110668 1.5353641 2.0163239 2.3004962 2.3390579 2.0887227 2.0158027 1.8888117 1.9938771 1.9265656 2.5333233 2.1084999 1.8667532 1.8667147 0.9419660 0.8341964 0.8965144 0.6616384 0.6047593 0.4929820 0.0000000 1.3867974 2.9746774 3.0421668 2.4917374 2.8737624 2.4897462 2.8962233 2.8262467 2.8837081 2.4278783 2.2276479 2.3732031 2.0525412 1.9755883 2.0291873 2.2147564 2.6231699 2.8270507 2.6910687 2.6750612 2.9404210 2.5026714 3.2777946 
Plespi_Pspi_C613096_01                             1.8910245 1.8289571 1.6550736 1.7327323 2.3385001 1.9598590 1.7519383 2.0975404 2.1110219 1.6123187 1.9602428 2.0221114 1.9235094 2.1705657 1.8885483 1.8999150 1.9373514 1.8341640 2.1261258 1.8721962 1.7381166 2.3817648 2.0684441 2.1860550 2.4229448 2.4520135 1.9802431 1.9783397 2.1793212 2.3830165 2.0434136 2.3938601 2.1606548 1.8618074 1.6723634 1.5257980 1.3409713 1.5209914 1.4242925 1.4446356 1.4327811 1.3867974 0.0000000 3.0531530 3.1838091 2.8061999 2.9391459 2.6951451 2.9264914 3.1822731 2.8275167 2.3024145 2.2476019 2.1825462 2.3683173 2.1198160 2.2291948 2.4665522 2.9052781 3.1535578 2.3260740 2.7702217 2.7629497 2.5075025 3.0930361 
Acaspe_EP00035_Acanthoeca_spectabilis_P021705      2.6268469 2.6747542 2.8372482 2.2149756 3.1859072 3.1449799 2.9775607 2.5650964 2.7627202 2.4991679 2.8592744 2.8801725 2.6538555 2.9405505 2.5444221 2.3686896 2.4450727 2.8161330 2.4498455 2.6409263 2.5244192 3.0019550 2.1883740 2.8814767 3.1377152 3.1892150 2.7851019 2.7594219 2.6230199 2.6535946 3.0909387 2.7687583 3.0405102 2.8644477 2.6259384 3.0755691 2.8564044 3.1319476 3.0429012 3.0679333 3.4715170 2.9746774 3.0531530 0.0000000 0.6465072 1.1803601 1.4717958 2.2559729 1.8558398 1.8898769 2.2766325 2.0435475 3.1058414 3.1079408 2.8857927 2.9145725 3.0624609 3.1092096 2.1516051 3.0200614 2.9106964 3.0603468 3.4237602 3.3253548 3.6836254 
Helnan_EP00037_Helgoeca_nana_P033466               2.8587409 2.8880569 2.9751587 2.5342495 3.4947566 3.2230159 3.2937512 2.9563025 2.9237633 2.9037832 3.0232871 2.8909085 2.7453059 3.0268375 2.8074007 2.7030519 2.6908514 2.9504939 2.8431325 2.9146776 2.5509963 3.2056906 2.3353595 2.9923111 3.1179429 3.1179429 2.7710840 2.7757712 3.0566116 2.9811360 3.0925492 3.0528877 3.4440675 3.2623495 2.5936752 3.2764547 3.0915203 3.1140626 3.1113527 3.1892377 3.4142997 3.0421668 3.1838091 0.6465072 0.0000000 1.2067278 1.4652098 2.2076724 1.9882350 2.1325923 2.2851930 2.1236809 3.1838980 3.3269370 2.9346901 2.9900937 3.0922449 3.2603697 2.1151811 2.7927012 3.0763193 3.4507957 3.9140581 3.7596627 3.8979096 
Stedip_EP00041_Stephanoeca_diplocostata_P030989    2.6456196 2.5316338 2.3209865 2.3287216 3.1362964 2.9366440 2.7415402 2.5944395 2.5618308 2.7309955 2.6226545 2.7069579 2.6074901 2.9444662 2.6338493 2.6616921 2.6472495 2.7941510 2.5621459 3.1023944 2.4488881 3.1125429 2.1598707 2.9471027 3.0206710 3.0608196 2.6114429 2.5807419 2.4544401 2.7810298 2.9299592 3.3086376 2.9640921 2.6248485 2.3371858 3.0354875 2.7972943 2.8405071 2.7184255 2.7926564 2.8972850 2.4917374 2.8061999 1.1803601 1.2067278 0.0000000 1.3558705 1.9755416 1.8754041 2.0204601 2.4211407 2.0652910 2.7598889 3.0859088 2.8651155 2.8715459 2.8978229 3.0461922 1.7895174 3.5662329 2.4823389 3.1250758 2.9825362 3.0658890 3.4130634 
Diagra_EP00040_Diaphanoeca_grandis_P000211         2.4912835 2.7503287 2.7361077 2.4958953 2.8966661 2.9165925 2.8275253 2.4283550 2.6860066 2.7934128 2.5488599 2.6172416 2.6275558 2.8672667 2.5284148 2.5293277 2.5642981 2.5584768 2.4186761 2.8259106 2.3280993 2.9758328 2.3201667 2.8599746 3.1382583 3.1849037 2.9005544 2.7979536 2.5460097 2.9646213 2.6641871 3.1601297 3.0602339 2.9694924 2.4856003 3.4273071 3.1118178 3.2935665 2.8803466 2.9511125 3.3958007 2.8737624 2.9391459 1.4717958 1.4652098 1.3558705 0.0000000 1.9990443 1.7790552 1.9976654 2.0901510 2.0342272 2.8872158 3.2131765 2.6979371 2.7676647 2.9532351 3.0984916 1.9317132 2.8344076 2.7344856 3.1314567 3.2103071 3.1580600 3.8154598 
Codhol_EP00042_Codosiga_hollandica_P039291         2.7709164 2.8659561 2.8782703 2.4985588 3.3817914 2.8592703 2.9203136 2.6549257 2.8370376 2.4753239 3.2579493 2.9152000 2.7709002 2.6942982 2.5857149 2.7210441 2.6294953 2.8440316 2.7754850 2.6219888 2.1662777 2.8911898 2.0557124 2.6627009 2.9656181 2.9594659 2.8166772 2.7999244 2.5405102 2.8579574 3.1026482 3.3273275 3.2038129 2.7507736 2.6088048 2.8099864 2.8963624 2.8110182 2.4311125 2.6529748 2.9335705 2.4897462 2.6951451 2.2559729 2.2076724 1.9755416 1.9990443 0.0000000 1.9001503 2.1768868 2.1790207 1.9490679 2.9863157 3.0062249 2.7232317 2.6997195 2.5725984 2.9565428 2.2595770 3.7151137 3.0856809 3.0708852 3.2652862 3.1407914 3.8185524 
Salmac_EP00052_Salpingoeca_macrocollata_P017825    2.7672526 2.5766866 2.4813737 2.5546134 2.6722329 2.8255851 2.6410814 2.6482128 2.6682029 2.6031579 2.6684023 3.1945960 3.1034897 3.0740481 2.7765357 2.7842563 2.7284603 2.4671650 2.4587202 2.2429441 2.7573961 3.1422803 2.4241097 3.0745276 3.2425194 3.2425194 2.9102261 2.8121986 2.8626194 3.1390576 3.0168206 2.7982471 2.7658174 2.4616265 2.4818770 3.0103331 3.1017764 2.9221287 2.7228299 2.7309022 3.2211489 2.8962233 2.9264914 1.8558398 1.9882350 1.8754041 1.7790552 1.9001503 0.0000000 0.8511453 2.0521182 1.8147303 3.5257990 3.4641756 3.1186826 3.2903633 3.5363344 3.6509046 2.0550377 2.6659777 3.0316912 3.0924162 2.9463889 2.9853547 3.9059117 
Salpun_EP00053_Salpingoeca_punica_P010312          3.0106625 2.9021272 2.6807568 2.6839806 3.3605449 2.9688392 2.5229518 2.7613789 2.9986695 2.6280902 2.8137678 3.2864138 2.9237152 3.2210060 2.8760239 2.8963660 2.8187198 2.7149901 2.5058516 2.7709113 2.6937224 3.2350481 2.5466452 3.0293527 3.2013375 3.2177994 2.9971425 2.9558251 2.9551858 3.4707733 3.0929218 3.2451199 3.1728613 2.8881120 2.6626136 3.0798145 2.9073408 3.2086570 2.9142558 3.0759193 3.3195153 2.8262467 3.1822731 1.8898769 2.1325923 2.0204601 1.9976654 2.1768868 0.8511453 0.0000000 2.1020200 1.9716220 3.0775540 3.2265468 2.9746583 3.1115873 3.1276331 3.3376527 2.4394483 2.9094711 3.3571053 3.5869010 3.4596729 3.3580902 3.8456577 
Salkve_EP00050_Salpingoeca_kvevrii_P001481         3.0338002 2.8712628 2.8594179 2.6425547 3.1208988 2.8593574 3.0394877 2.7474785 3.0486355 2.5635876 2.4568047 2.8217090 2.6314459 2.8975714 2.6509149 2.6235722 2.5859371 2.8555848 2.8643319 2.6879029 2.3963568 3.0478077 2.1178799 2.6048850 2.9354350 2.9773982 3.2548972 3.3005836 2.9198106 3.0469450 3.3135814 3.6397942 3.1462802 2.9647044 2.6716336 2.8733093 2.7445984 2.9163323 2.9739403 3.1779851 3.2415739 2.8837081 2.8275167 2.2766325 2.2851930 2.4211407 2.0901510 2.1790207 2.0521182 2.1020200 0.0000000 1.9929675 3.3965713 3.5115932 3.2954224 3.4191380 2.8121907 2.9600598 2.1349412 3.2389681 2.9422441 3.4028507 3.7796119 3.2907491 3.3832604 
Saldol_EP00054_Salpingoeca_dolichothecata_P005257  2.0833664 2.0984197 2.1230696 2.0125554 2.4143310 1.9888676 2.0908773 2.3930137 2.3194618 2.0945204 2.2322469 2.2603896 2.1363942 2.0404199 1.9691656 2.0611208 2.0036992 2.0601777 2.0261530 2.3650957 2.2396429 2.8337006 2.1484894 2.7042764 2.8056122 2.8056122 2.2274211 2.2763136 2.1679037 2.2266364 2.4604162 2.5802270 2.4889912 2.3347038 1.8568159 2.8355338 2.6095178 2.7134390 2.4709074 2.4678342 2.7143482 2.4278783 2.3024145 2.0435475 2.1236809 2.0652910 2.0342272 1.9490679 1.8147303 1.9716220 1.9929675 0.0000000 2.6621449 2.6676104 2.3382683 2.4374602 2.6481037 2.8088509 2.0730581 2.4595780 2.6387815 2.8695135 2.8029951 2.8702110 3.1231825 
Mlei_ML2467.g1.i1                                  2.3380974 2.3819875 2.3853008 2.1436147 2.6882702 2.2505970 2.4095144 2.2905076 2.2150359 2.0500442 2.4282081 2.1923670 2.0749179 2.1053923 2.0356313 1.9905334 1.9724918 2.6939646 2.4987124 3.0768702 2.1845943 2.6471396 2.1452125 2.5180523 2.5420771 2.5729431 2.6659624 2.5900621 2.2445891 2.2799018 2.5722586 2.8899837 2.5765429 2.3963417 1.9437319 2.5725329 2.3082652 2.3054163 2.3647790 2.4589514 2.4208808 2.2276479 2.2476019 3.1058414 3.1838980 2.7598889 2.8872158 2.9863157 3.5257990 3.0775540 3.3965713 2.6621449 0.0000000 0.4016229 0.4774787 0.4365140 0.7117281 0.6767712 2.6870714 3.7075141 2.9865372 3.5203615 3.5709420 3.3613360 3.5185708 
Lampan_Lpan_C417815_01                             2.4800653 2.1977856 2.3054096 2.2986127 2.5354744 2.3186192 2.3268471 2.3832374 2.1983086 2.1426141 2.5123185 2.2773441 2.1031704 2.2006106 2.1055688 2.0430988 2.0026311 2.6201264 2.4446355 3.1728453 2.3364035 2.8049603 2.2259553 2.6788720 2.7231128 2.7134579 2.4857256 2.3830244 2.4448451 2.5840201 2.7353414 2.8488015 2.5141819 2.2946564 2.0014710 2.7083222 2.3422173 2.2893444 2.3333335 2.4362702 2.6066676 2.3732031 2.1825462 3.1079408 3.3269370 3.0859088 3.2131765 3.0062249 3.4641756 3.2265468 3.5115932 2.6676104 0.4016229 0.0000000 0.3701837 0.3499643 0.7225360 0.7483872 2.8943888 3.9770423 3.2848011 3.4827288 3.5819948 3.6898316 4.5097100 
Vmul_Simscaffold15989_01                           2.3282812 2.1524252 2.2511272 2.2720188 2.6680023 2.2496548 2.2925795 2.3384146 2.1966475 2.1565906 2.4018785 2.1870222 2.0253389 2.0145226 2.0154388 1.9700217 1.9412262 2.4431621 2.3372879 2.8651699 2.1897180 2.5919851 2.1105287 2.5058356 2.4922778 2.5011804 2.4297547 2.3063917 2.2653950 2.3748466 2.6626208 2.6616635 2.6420290 2.2990163 2.1308382 2.5585113 2.3085963 2.3348448 2.3561611 2.3547716 2.4508670 2.0525412 2.3683173 2.8857927 2.9346901 2.8651155 2.6979371 2.7232317 3.1186826 2.9746583 3.2954224 2.3382683 0.4774787 0.3701837 0.0000000 0.1905710 0.8048856 0.8129403 2.6246168 3.2834035 3.3238470 3.6174455 3.7320779 3.7731950 4.0474546 
Coemet_Cmet_scaffold16551_01                       2.3056171 2.0637873 2.1029346 2.2558503 2.5396111 2.1876422 2.2016038 2.2682394 2.0897242 2.1397669 2.4205359 2.2175757 1.9716238 2.0829379 2.0729380 2.0359359 1.9945059 2.3856525 2.2932962 2.6179703 2.1350986 2.4729527 2.1507930 2.4005329 2.3512344 2.3420790 2.2777210 2.1180063 2.2587401 2.3393243 2.6450494 2.4471638 2.3933674 2.1693274 1.9982681 2.3786150 2.1328283 2.1564809 2.1400106 2.1321247 2.2065311 1.9755883 2.1198160 2.9145725 2.9900937 2.8715459 2.7676647 2.6997195 3.2903633 3.1115873 3.4191380 2.4374602 0.4365140 0.3499643 0.1905710 0.0000000 0.7361246 0.7670344 2.5493123 3.5214439 2.9495445 3.3008909 3.3423126 3.3476981 4.1340108 
