59
Hsap_ENST00000367635                                  0.0000000 0.9829628 0.8193441 1.0944178 1.3259700 1.0574148 1.3182051 1.1561146 1.2713547 1.3689655 0.9189772 1.0062691 1.2557846 1.2311578 0.8570249 1.3379112 1.2163051 1.6855881 1.7393953 1.1755292 1.4342619 1.4900516 1.4906688 1.6990435 1.7685213 1.6902932 1.0401593 2.3112542 2.1277739 2.3897103 2.2305414 2.2316185 2.2720352 1.8949845 1.8811777 1.8864468 1.8402784 1.7003291 2.3693946 3.2275267 3.2207691 3.0352153 2.9215960 3.0875778 2.4232056 2.6563363 2.6303195 2.6856225 2.5625647 2.7628644 2.6670606 2.6452268 1.8750945 3.1333639 3.3299772 3.1839465 3.0827886 2.7935454 3.4139638 
Skow_XM_006821995.1                                   0.9829628 0.0000000 0.6211864 0.8992912 1.2686004 0.9536640 1.3215985 1.1984252 1.1419955 1.3185692 1.3109567 1.1293684 1.3734422 1.3861910 1.3076606 0.8712291 0.9230545 1.5721029 1.5490036 1.1929490 1.4653162 1.3699021 1.1407559 1.7830241 1.7182001 1.4216946 1.3283223 1.9377732 2.2197276 2.4864467 2.1882993 2.2332780 2.2610406 1.8949951 1.8890797 1.7282890 1.8150400 1.7897204 2.4669123 3.0305823 2.9802980 2.8339176 2.5358216 2.9922079 2.3641858 2.5029672 2.6515291 2.7099327 2.5965206 2.6917708 2.6226358 2.4574455 1.8697662 2.9198933 2.7775096 2.9653450 2.8900329 2.4699441 2.9419212 
Ctel_gnl_WGS_AMQN_CAPTEDRAFT_mRNA182666               0.8193441 0.6211864 0.0000000 0.5328654 0.8387676 0.7041940 1.0546628 1.0103830 0.8361890 1.0268184 1.3184888 0.9416254 1.0312965 1.0158261 1.1989422 0.9525114 0.2885401 0.9896854 1.1009446 0.9319956 1.0571695 1.0119082 0.7355707 1.1482834 1.2588589 0.8539782 1.1698271 1.2425461 1.3566735 1.7522908 1.9352321 1.4327556 1.3163889 1.3063308 1.2899189 1.1224844 1.1375472 1.2335760 1.7131860 2.1731848 2.0157572 1.9085290 1.8969009 1.8937106 2.1252349 1.5029206 1.7873002 1.6512200 1.7864105 1.7320044 1.7692692 1.7788184 1.0271900 2.3779201 2.0550333 2.3392523 2.1581572 1.9122162 2.2986988 
Cgig_XM_034462522.1                                   1.0944178 0.8992912 0.5328654 0.0000000 1.1358894 0.8890773 1.3827059 1.3451757 1.2794106 1.4223161 1.3952179 1.2833263 1.4560523 1.4575939 1.2566392 1.1348922 0.5056353 1.7398526 1.7237914 1.3768143 1.6230639 1.5016067 1.3720277 1.7349225 1.7826903 1.4102193 1.2022426 2.1483597 2.2434317 2.5820538 2.4741352 2.2876844 2.2867772 1.9476162 1.9300586 1.8649051 1.7607913 1.7580225 2.6085546 3.0045220 3.1209972 2.8446659 2.9254805 3.1379318 2.4207663 2.7607140 2.7745312 2.6466524 2.5919000 2.7475027 2.8189990 2.6859629 2.1713378 3.2410528 2.9614844 3.2369822 2.9683068 2.9330795 3.2300880 
Tcas_TC002561_001                                     1.3259700 1.2686004 0.8387676 1.1358894 0.0000000 0.9911632 1.4663107 1.5306219 1.4046052 1.4723881 1.4651126 1.3192020 1.5651760 1.5079971 1.3151748 1.4730289 1.1579202 1.7416862 1.7844903 1.3444821 1.6901597 1.6752640 1.4367684 1.7978028 1.9020038 1.2728147 1.3643874 2.5370243 2.4785168 2.4173378 2.5208928 2.9120751 2.6903529 2.1193124 2.0954881 1.9425182 2.0016686 2.1245818 2.7534059 3.2004355 3.3779734 3.0231389 2.7665664 3.0271222 2.6736378 2.7315418 2.9285504 2.7225403 2.7603124 2.6740070 2.9920136 2.6858937 2.0732480 3.2715989 3.4034002 3.1724421 3.2479311 2.7790497 3.4003913 
Cscu_XM_023375059.1                                   1.0574148 0.9536640 0.7041940 0.8890773 0.9911632 0.0000000 1.3259081 1.2870988 1.1621626 1.3250922 1.2045167 1.1194987 1.3592662 1.2870347 1.0408696 1.3942917 0.7907484 1.7506380 1.7104704 1.3896486 1.5851362 1.5109605 1.4071668 1.7072989 1.7633869 1.3468756 1.1939714 2.2913191 2.0836305 2.3344443 2.3631742 2.5497827 2.3929972 1.8846087 1.8706671 1.8875882 1.8788680 1.7531586 2.5406087 3.3339994 3.1615292 2.9193670 2.8641183 3.0095560 2.5811636 2.7121895 2.8445806 2.8030891 2.6811990 2.6928324 2.6807463 2.5911636 2.0253369 3.3094906 3.0331269 3.2677179 3.1050899 2.8991342 3.1700068 
Exapal_XM_021054760.2                                 1.3182051 1.3215985 1.0546628 1.3827059 1.4663107 1.3259081 0.0000000 0.5935602 0.8593354 0.9399117 0.9676546 0.7798717 0.8869986 0.8836205 0.8445298 1.3495223 1.4941810 1.5649873 1.5052825 1.2482208 1.5320060 1.4594284 1.2284475 1.5926245 1.6594783 1.7099722 1.0817652 2.1234002 2.1658135 2.4140085 2.3661522 2.3052087 2.3328760 1.9873389 1.9840037 2.0841095 2.0454554 1.9916684 2.5280334 2.9028820 3.1139717 2.7018121 3.0803863 3.1125428 2.6682139 2.5468962 2.7127688 3.1926772 2.7493615 2.6371448 2.8288687 2.7265142 1.9230946 3.4297664 3.0207747 3.2310731 3.4046382 2.7963791 3.3272005 
Nvec_v1g247429                                        1.1561146 1.1984252 1.0103830 1.3451757 1.5306219 1.2870988 0.5935602 0.0000000 0.8185140 0.8990002 0.8664147 0.7736966 0.8894709 0.8884131 0.9016674 1.3616793 1.3887592 1.4921884 1.4525790 1.0984860 1.4293617 1.3271561 1.1969078 1.5484153 1.6091103 1.6123762 1.0340888 2.0638722 2.0885286 2.4863144 2.2621134 2.2692268 2.3423685 1.8826591 1.8689618 2.0241201 1.9609031 2.0062523 2.5391632 2.9569149 3.0385477 2.6533089 2.8906517 2.9330914 2.5450190 2.6084114 2.6521334 2.8984609 2.7004839 2.6163414 2.6171797 2.5988947 1.8015934 3.1846558 3.1420118 3.3039376 3.2862256 2.6144395 3.1790621 
Adig_XM_015923321.1                                   1.2713547 1.1419955 0.8361890 1.2794106 1.4046052 1.1621626 0.8593354 0.8185140 0.0000000 0.0302645 0.3011834 0.2643781 0.4640943 0.5008874 0.3349147 1.1606316 1.3692309 1.3890471 1.3726670 1.2550684 1.3611325 1.3182754 1.0933726 1.2772632 1.3428944 1.4090951 1.2158225 1.6562508 1.9769300 2.1062349 2.3242002 2.3223886 2.2292055 1.6696171 1.6562207 1.7202271 1.7264429 1.7494721 2.0404795 2.5354571 2.8687276 2.6298380 2.6712084 2.8045202 2.1442640 2.1408256 2.4502564 2.5029181 2.3490170 2.4499579 2.2721810 1.9627408 1.4921947 2.5897940 2.4589623 2.9518778 2.8893930 2.2472140 2.4983332 
Amil_Amillepora01596-RA                               1.3689655 1.3185692 1.0268184 1.4223161 1.4723881 1.3250922 0.9399117 0.8990002 0.0302645 0.0000000 0.3562820 0.3079818 0.4864465 0.4981515 0.3220688 1.3037922 1.4735439 1.4874512 1.5030484 1.3970475 1.4898787 1.5582522 1.1764267 1.5753214 1.6954836 1.5059103 1.1339476 2.1964851 2.1312062 2.3841999 2.5640589 2.5278511 2.4668568 1.9470408 1.9300263 2.0864554 2.0279151 1.9682802 2.5884024 2.9205451 3.1953592 2.7571994 3.0075348 3.0125347 2.6185637 2.3608624 2.6845844 2.9853950 2.6788640 2.8381537 2.6190107 2.7483859 2.1001210 2.9827106 2.8999921 3.1624929 3.0554907 2.5945033 2.9835536 
Gfas_gfas1.m1.5983.m1                                 0.9189772 1.3109567 1.3184888 1.3952179 1.4651126 1.2045167 0.9676546 0.8664147 0.3011834 0.3562820 0.0000000 0.2475256 0.3424884 0.3320335 0.3562914 1.2990147 1.4018510 1.1053008 1.2568948 0.9951424 1.0290285 1.1615452 0.6141967 1.2608983 1.5147766 1.1005338 1.3121025 1.3221968 1.5233759 1.7729176 1.9923713 1.8754303 1.7669909 1.1536385 1.1308720 1.0862899 1.2441006 1.4024340 1.7579444 1.8286695 2.0282571 1.5758535 2.2102202 1.9787377 2.2177936 1.4777454 1.7379153 1.9946067 1.7133248 1.7417146 1.7385299 1.2463725 0.8018003 2.5953222 2.1596466 2.4473371 2.1710354 1.7623067 1.9998243 
Fspp_ffun1.m4.23701.m1                                1.0062691 1.1293684 0.9416254 1.2833263 1.3192020 1.1194987 0.7798717 0.7736966 0.2643781 0.3079818 0.2475256 0.0000000 0.2790912 0.2894749 0.2571387 1.1670169 1.2050420 1.1327682 1.1715873 1.0552181 1.1418889 1.1260834 0.8435931 1.3138419 1.3881162 1.3211976 1.1011330 1.3993724 1.5960102 2.0195488 2.0339477 1.9846057 1.9616921 1.5143950 1.4986038 1.5473565 1.5284745 1.6008543 1.8469437 2.3896022 2.6391477 2.3691980 2.4372075 2.3478203 2.2642731 1.7522422 2.2393847 2.2783668 1.9820074 2.0998153 1.9094505 1.8639400 1.3117936 2.6615388 2.2252748 2.9624039 2.6045292 2.1440403 2.5167674 
Spis_XP_022786874_1                                   1.2557846 1.3734422 1.0312965 1.4560523 1.5651760 1.3592662 0.8869986 0.8894709 0.4640943 0.4864465 0.3424884 0.2790912 0.0000000 0.1154215 0.3089388 1.4036708 1.5605479 1.4455604 1.4950143 1.2383517 1.4852979 1.4862374 1.1749077 1.5495238 1.6319888 1.6493207 1.1736112 2.0158613 2.0873581 2.5104270 2.4826981 2.3580711 2.3447301 1.9678873 1.9536599 2.0247621 1.9871436 2.0274375 2.4245379 2.8552416 3.1492313 2.8509842 2.8385014 2.8264134 2.3324993 2.2745087 2.5790479 2.7778019 2.4509445 2.6167635 2.4839221 2.5032563 1.7440848 2.9169725 2.9852113 3.1224042 2.9852906 2.5358339 2.9406739 
Pocdam_XM_027196321.1                                 1.2311578 1.3861910 1.0158261 1.4575939 1.5079971 1.2870347 0.8836205 0.8884131 0.5008874 0.4981515 0.3320335 0.2894749 0.1154215 0.0000000 0.3470275 1.4508937 1.4897169 1.4612808 1.5224002 1.2040214 1.4660520 1.4616231 1.2094264 1.5846140 1.6366363 1.6379596 1.1312596 2.0650463 2.2097562 2.4686601 2.4927949 2.3075838 2.3456911 2.0289500 2.0142088 2.0510507 2.0076112 1.9745871 2.5279637 2.8328006 3.1386216 2.7765560 2.8440178 2.9699875 2.4091201 2.3470365 2.6341213 2.8120035 2.5101969 2.6247870 2.4669067 2.5868573 1.8037417 2.9055682 3.0050722 3.2687732 3.1102490 2.5294449 3.0021824 
Gasp_gasp1.m3.18787.m1                                0.8570249 1.3076606 1.1989422 1.2566392 1.3151748 1.0408696 0.8445298 0.9016674 0.3349147 0.3220688 0.3562914 0.2571387 0.3089388 0.3470275 0.0000000 1.0964871 9.0000000 1.0454760 1.0685918 0.9127615 1.0103961 1.0590872 0.4915633 1.1215491 1.3438155 0.8154038 1.4340549 1.3079085 1.5095195 1.6814647 1.8293663 1.6346977 1.5299942 1.2458945 1.2169124 0.9870138 1.1234095 1.3292601 1.8113709 1.7076943 2.0422436 1.7913415 2.0256461 1.7161856 2.0465643 1.2351048 1.7815441 1.8655025 1.6833173 1.5922692 1.7189347 1.0900792 0.6120715 2.3759629 2.0173893 2.3433741 1.9425664 1.6031874 1.9118589 
Spur_XM_030997473.1                                   1.3379112 0.8712291 0.9525114 1.1348922 1.4730289 1.3942917 1.3495223 1.3616793 1.1606316 1.3037922 1.2990147 1.1670169 1.4036708 1.4508937 1.0964871 0.0000000 1.1913166 1.7080102 1.9169993 1.3751133 1.6563265 1.7271508 1.3659548 1.8702860 1.9868089 1.7814791 1.3858963 2.2579828 2.3804288 2.3627538 2.4182785 2.2597618 2.3048991 1.9632013 1.9619742 2.0719887 2.0486696 1.9260273 2.8130720 3.4640182 3.2073768 3.1114482 3.3742016 3.3741814 2.6494468 2.8878926 2.6829768 2.8102761 2.6262990 2.9315232 2.9664701 3.0587349 2.0372886 3.2858712 2.9001299 3.3671890 3.3725670 3.0411499 3.0723919 
Acagra_model.g31582.t1                                1.2163051 0.9230545 0.2885401 0.5056353 1.1579202 0.7907484 1.4941810 1.3887592 1.3692309 1.4735439 1.4018510 1.2050420 1.5605479 1.4897169 9.0000000 1.1913166 0.0000000 1.8741709 1.7967329 1.4235571 1.6695236 1.5467298 1.5336851 1.9058161 1.9001535 1.4870560 1.0867027 2.5370943 2.5083968 2.8234038 2.7822216 2.8846353 2.8836255 1.9358732 1.9358732 2.1375791 2.1637381 1.9722008 2.9128368 3.8503023 3.6076446 3.5117729 3.4449811 3.6660220 2.7295689 3.7013511 3.2421515 3.2201179 3.0134196 3.3356559 3.1045925 3.4987653 2.4794211 3.4457745 3.0279433 3.3444605 3.4985705 3.8116319 3.9743163 
Hvul_g23067_1                                         1.6855881 1.5721029 0.9896854 1.7398526 1.7416862 1.7506380 1.5649873 1.4921884 1.3890471 1.4874512 1.1053008 1.1327682 1.4455604 1.4612808 1.0454760 1.7080102 1.8741709 0.0000000 0.9383752 0.9936964 1.0553100 1.1560133 1.0623612 1.8008495 1.9537829 1.9068238 1.1070981 2.3730995 2.4610359 2.6254056 2.6034284 2.3274665 2.2920278 2.1192361 2.1037219 2.2219353 2.1434574 2.0361908 2.6618605 3.3410718 3.0041309 2.9148594 2.8775408 3.0775928 2.5917382 2.6061229 3.0540351 3.0726622 2.8643460 2.8980793 2.9417909 2.8303677 2.4675752 3.3995237 2.9242491 3.2628638 3.2845576 2.9421817 3.3537911 
Chem_TCONS_00054287                                   1.7393953 1.5490036 1.1009446 1.7237914 1.7844903 1.7104704 1.5052825 1.4525790 1.3726670 1.5030484 1.2568948 1.1715873 1.4950143 1.5224002 1.0685918 1.9169993 1.7967329 0.9383752 0.0000000 1.0352823 1.0973656 1.1567575 0.9459843 1.8700442 1.9591223 1.9396366 1.3867054 2.3613506 2.5875711 2.6740793 2.6501831 2.5838968 2.5678670 2.2944222 2.2777478 2.4241133 2.3774785 2.3489652 3.0036733 3.1333491 2.9160790 2.8131320 3.0401563 3.0069780 2.3585888 2.7218200 3.0590224 2.8417709 2.8695294 2.7591960 2.9374922 2.9712518 2.4640654 3.3717200 3.0045014 3.2936947 3.1996159 2.7988774 3.1529893 
Aaur_scaffold549.g7.t2                                1.1755292 1.1929490 0.9319956 1.3768143 1.3444821 1.3896486 1.2482208 1.0984860 1.2550684 1.3970475 0.9951424 1.0552181 1.2383517 1.2040214 0.9127615 1.3751133 1.4235571 0.9936964 1.0352823 0.0000000 0.4253530 0.4876127 0.7757728 1.3821768 1.4162486 1.4692216 1.0006543 1.6472099 1.6225903 2.0189356 1.8778739 1.9217116 1.8767727 1.7027045 1.6852428 1.7345159 1.7117945 1.8551837 2.0620351 2.6860485 2.5078400 2.3648932 2.4515592 2.4341642 2.3129034 2.0677523 2.3905368 2.3814927 2.3428479 2.1838868 2.1910428 2.2142084 1.6135468 2.7606688 2.4140091 2.9955008 2.9505739 2.2388259 2.6091150 
Nemnom_g10632.t1                                      1.4342619 1.4653162 1.0571695 1.6230639 1.6901597 1.5851362 1.5320060 1.4293617 1.3611325 1.4898787 1.0290285 1.1418889 1.4852979 1.4660520 1.0103961 1.6563265 1.6695236 1.0553100 1.0973656 0.4253530 0.0000000 0.4886794 0.7306808 1.5085564 1.5675551 1.8539605 0.7864042 2.3565903 2.1647367 2.5799220 2.3049923 2.3093344 2.2415348 2.0735018 2.0579719 2.2088990 2.0763737 1.9911823 2.6923832 3.4434318 3.1628899 2.8471598 3.0813657 3.2039814 2.2753655 2.9039589 2.7964995 2.9102454 2.7779571 2.7457795 2.6728098 3.0136358 2.3010561 3.3807108 2.9067125 3.3181709 3.3366629 3.1869325 3.4213707 
Sanmal_Sma_022153-T1                                  1.4900516 1.3699021 1.0119082 1.5016067 1.6752640 1.5109605 1.4594284 1.3271561 1.3182754 1.5582522 1.1615452 1.1260834 1.4862374 1.4616231 1.0590872 1.7271508 1.5467298 1.1560133 1.1567575 0.4876127 0.4886794 0.0000000 0.7739514 1.6322475 1.7196727 1.6880042 1.4735630 2.3715396 2.2484743 2.3873914 2.1594449 2.3397786 2.3201936 1.9843486 1.9689500 2.0931152 1.9987181 2.0527861 2.7598854 3.2845341 3.0916147 2.9252833 2.9330144 3.1210836 2.5678022 2.6245612 2.5794369 2.8940408 2.5185599 2.5587592 2.8132530 2.8235405 2.0118274 3.2112879 2.9922546 3.8176406 3.5819277 2.8456441 3.3681804 
Morvir_scaffold35.g18.t1                              1.4906688 1.1407559 0.7355707 1.3720277 1.4367684 1.4071668 1.2284475 1.1969078 1.0933726 1.1764267 0.6141967 0.8435931 1.1749077 1.2094264 0.4915633 1.3659548 1.5336851 1.0623612 0.9459843 0.7757728 0.7306808 0.7739514 0.0000000 1.6800217 1.6898940 1.7903847 1.1368118 2.4698882 2.1686084 2.4924996 2.5157645 2.4669112 2.3879373 2.0528202 2.0360436 2.2156023 2.1199671 1.9398917 2.6215399 3.1056859 2.9352869 2.9441603 2.7608540 3.0315624 2.2750716 2.7730632 2.5263538 2.7442679 2.3841266 2.6854881 2.6798907 2.8412180 2.2993136 3.1309135 2.7470625 3.3570252 3.3793577 3.0716648 3.2471374 
Dgig_XM_028539116.1                                   1.6990435 1.7830241 1.1482834 1.7349225 1.7978028 1.7072989 1.5926245 1.5484153 1.2772632 1.5753214 1.2608983 1.3138419 1.5495238 1.5846140 1.1215491 1.8702860 1.9058161 1.8008495 1.8700442 1.3821768 1.5085564 1.6322475 1.6800217 0.0000000 0.3910252 1.8917322 1.4552202 2.3324401 2.4191790 2.5507192 2.6063336 2.7000814 2.6672013 2.3967625 2.3790942 2.3089921 2.3098291 2.2321848 2.7212611 3.4006072 3.3266354 3.2423786 3.0094840 3.4231606 2.8216810 2.7675343 2.7307701 3.2060246 2.9048002 2.6986335 3.0759740 3.2018696 2.2811700 3.8602867 2.9456613 3.2367183 3.2353823 2.8793512 3.7090039 
Xesp_007442-T1                                        1.7685213 1.7182001 1.2588589 1.7826903 1.9020038 1.7633869 1.6594783 1.6091103 1.3428944 1.6954836 1.5147766 1.3881162 1.6319888 1.6366363 1.3438155 1.9868089 1.9001535 1.9537829 1.9591223 1.4162486 1.5675551 1.7196727 1.6898940 0.3910252 0.0000000 1.9901638 1.5127105 2.4685561 2.6561611 2.7113579 2.8177573 3.0561427 2.9873029 2.3134214 2.2963333 2.3644908 2.2984345 2.1749286 2.7299788 3.3871901 3.3627540 3.2223081 3.1754032 3.5343857 2.9214959 2.6001731 2.8951533 3.2543702 2.9233464 2.8953161 3.2918783 3.1325393 2.4336166 3.7747390 3.3042754 3.4913757 3.4623745 2.9712222 3.7527918 
Dpul_mRNA30852                                        1.6902932 1.4216946 0.8539782 1.4102193 1.2728147 1.3468756 1.7099722 1.6123762 1.4090951 1.5059103 1.1005338 1.3211976 1.6493207 1.6379596 0.8154038 1.7814791 1.4870560 1.9068238 1.9396366 1.4692216 1.8539605 1.6880042 1.7903847 1.8917322 1.9901638 0.0000000 1.2212791 2.6545622 2.2040423 2.3601976 2.6694830 2.7729939 2.7356804 2.1206594 2.1043952 2.1976298 2.0939043 1.9867942 2.6537055 3.1322312 3.2305096 2.9479457 2.8154456 3.1047816 2.5471811 2.7933267 2.8368086 2.7378455 2.7710416 2.8282855 2.8234043 2.7601878 2.5203795 3.1676132 3.0470534 3.3140489 2.8905535 2.9702304 3.3795730 
Stycar_maker-SC_scaffold6806-augustus-gene-0.4-mRNA-1 1.0401593 1.3283223 1.1698271 1.2022426 1.3643874 1.1939714 1.0817652 1.0340888 1.2158225 1.1339476 1.3121025 1.1011330 1.1736112 1.1312596 1.4340549 1.3858963 1.0867027 1.1070981 1.3867054 1.0006543 0.7864042 1.4735630 1.1368118 1.4552202 1.5127105 1.2212791 0.0000000 0.8534695 1.1504447 1.6347543 1.5779271 1.4314316 1.4314316 1.6615864 1.6450880 1.0728927 1.4006886 1.3834311 1.6089145 2.0963062 2.1179090 2.0239081 2.1338838 1.8972768 1.5298855 1.8696849 1.6047860 1.2923613 1.4519449 1.5562233 1.8207669 1.8553537 0.3995030 2.4413769 1.5861951 2.6067813 2.4183635 2.0528675 2.4014454 
Spolac_c101340_g1_i1_m.25319c101340-g1                2.3112542 1.9377732 1.2425461 2.1483597 2.5370243 2.2913191 2.1234002 2.0638722 1.6562508 2.1964851 1.3221968 1.3993724 2.0158613 2.0650463 1.3079085 2.2579828 2.5370943 2.3730995 2.3613506 1.6472099 2.3565903 2.3715396 2.4698882 2.3324401 2.4685561 2.6545622 0.8534695 0.0000000 1.7368303 2.4770880 2.4533445 2.3858836 2.4069839 2.5168466 2.4859728 2.4416572 2.4815798 2.5648592 2.5716792 3.2544834 3.3401236 2.9692616 3.0271594 3.1362169 2.4466629 2.9606672 2.9263258 2.6967421 2.7757221 2.8996344 2.5361404 3.0238030 1.0952401 3.1706422 2.8288266 3.8383311 3.2354711 2.9649054 2.9654678 
Plespi_Pspi_scaffold20447_01                          2.1277739 2.2197276 1.3566735 2.2434317 2.4785168 2.0836305 2.1658135 2.0885286 1.9769300 2.1312062 1.5233759 1.5960102 2.0873581 2.2097562 1.5095195 2.3804288 2.5083968 2.4610359 2.5875711 1.6225903 2.1647367 2.2484743 2.1686084 2.4191790 2.6561611 2.2040423 1.1504447 1.7368303 0.0000000 2.6456350 2.6559854 2.4817636 2.5297131 2.6459554 2.6195214 2.3685422 2.4601707 2.5552631 2.9289939 3.2794550 3.4734657 3.2606324 3.3106885 3.7927637 2.2592025 3.0611807 3.2207261 2.9278894 3.0123228 2.6270908 2.9834990 2.7463714 1.7632102 3.2918042 3.5122826 3.8134654 3.5293099 3.3307782 3.6260325 
Clacor_Ccor_scaffold13745_01                          2.3897103 2.4864467 1.7522908 2.5820538 2.4173378 2.3344443 2.4140085 2.4863144 2.1062349 2.3841999 1.7729176 2.0195488 2.5104270 2.4686601 1.6814647 2.3627538 2.8234038 2.6254056 2.6740793 2.0189356 2.5799220 2.3873914 2.4924996 2.5507192 2.7113579 2.3601976 1.6347543 2.4770880 2.6456350 0.0000000 2.7986877 3.0408984 2.9112216 2.7802636 2.7542861 2.6023969 2.6182177 2.4545907 3.0647046 3.6428197 3.6489376 3.2699464 3.6776488 3.6524092 3.0212333 3.4236329 1.8581781 1.8465894 1.8035955 3.4196583 3.3762890 3.2557068 2.4329367 3.5699695 2.5604667 3.7869514 3.5704463 3.4515397 3.7987995 
Plajan_Pjan_scaffold21801_01                          2.2305414 2.1882993 1.9352321 2.4741352 2.5208928 2.3631742 2.3661522 2.2621134 2.3242002 2.5640589 1.9923713 2.0339477 2.4826981 2.4927949 1.8293663 2.4182785 2.7822216 2.6034284 2.6501831 1.8778739 2.3049923 2.1594449 2.5157645 2.6063336 2.8177573 2.6694830 1.5779271 2.4533445 2.6559854 2.7986877 0.0000000 1.6005642 1.5861747 3.1562339 3.1487945 2.7462694 2.7714018 2.7558324 2.8878749 3.6391968 3.4620182 3.3689988 3.4309685 3.5973989 2.5493478 3.5226908 3.2004596 3.0339321 2.9782732 2.9182261 2.9069027 3.0460188 2.7748652 3.7822418 3.1095925 4.2577199 3.6198070 3.3497237 4.0049283 
Ocar_g6649                                            2.2316185 2.2332780 1.4327556 2.2876844 2.9120751 2.5497827 2.3052087 2.2692268 2.3223886 2.5278511 1.8754303 1.9846057 2.3580711 2.3075838 1.6346977 2.2597618 2.8846353 2.3274665 2.5838968 1.9217116 2.3093344 2.3397786 2.4669112 2.7000814 3.0561427 2.7729939 1.4314316 2.3858836 2.4817636 3.0408984 1.6005642 0.0000000 0.0276576 2.7910644 2.8062119 2.6246154 2.8033585 2.5343449 2.6211482 3.1207591 3.2469260 3.0750869 3.6508873 3.2383791 2.7237478 2.9105716 3.4891500 3.1895680 3.1480924 2.9898947 3.1699658 3.0922068 2.1396340 3.4629684 3.5791238 3.6295591 3.4050051 3.5117103 3.9763690 
Opea_EP00118_Oscarella_pearsei_P013754                2.2720352 2.2610406 1.3163889 2.2867772 2.6903529 2.3929972 2.3328760 2.3423685 2.2292055 2.4668568 1.7669909 1.9616921 2.3447301 2.3456911 1.5299942 2.3048991 2.8836255 2.2920278 2.5678670 1.8767727 2.2415348 2.3201936 2.3879373 2.6672013 2.9873029 2.7356804 1.4314316 2.4069839 2.5297131 2.9112216 1.5861747 0.0276576 0.0000000 2.9769943 2.9873523 2.7806838 2.8390749 2.7092030 2.5238344 3.0522918 3.2432081 2.9180059 3.3327816 3.0287252 2.8722525 2.9629067 3.4434547 2.9908968 3.0496543 2.6686183 2.9574421 3.0569384 2.3187827 3.3596091 3.4998500 3.6317657 3.5885151 3.3332759 3.7838761 
Tadh_TriadT53081                                      1.8949845 1.8949951 1.3063308 1.9476162 2.1193124 1.8846087 1.9873389 1.8826591 1.6696171 1.9470408 1.1536385 1.5143950 1.9678873 2.0289500 1.2458945 1.9632013 1.9358732 2.1192361 2.2944222 1.7027045 2.0735018 1.9843486 2.0528202 2.3967625 2.3134214 2.1206594 1.6615864 2.5168466 2.6459554 2.7802636 3.1562339 2.7910644 2.9769943 0.0000000 0.0042856 0.6805019 0.6607573 0.7179945 3.1805481 3.6605345 3.8366218 3.4260893 3.3422035 3.5291718 2.7875240 3.3707548 2.7511719 2.9602441 2.8046049 2.8892209 3.4283413 3.6079796 2.4190950 3.6359285 3.4002097 3.7526070 3.5315267 3.3081042 3.9530557 
TrH2_TrispH2_003498-RA                                1.8811777 1.8890797 1.2899189 1.9300586 2.0954881 1.8706671 1.9840037 1.8689618 1.6562207 1.9300263 1.1308720 1.4986038 1.9536599 2.0142088 1.2169124 1.9619742 1.9358732 2.1037219 2.2777478 1.6852428 2.0579719 1.9689500 2.0360436 2.3790942 2.2963333 2.1043952 1.6450880 2.4859728 2.6195214 2.7542861 3.1487945 2.8062119 2.9873523 0.0042856 0.0000000 0.6741149 0.6536155 0.7106153 3.1439071 3.6340748 3.8091221 3.4015928 3.3062506 3.4949708 2.7554485 3.3475721 2.7414934 2.9321917 2.7846330 2.8779981 3.3934801 3.5750440 2.3984235 3.6109248 3.3958334 3.7159937 3.4962125 3.3056177 3.9168304 
HoiH06_mRNA60                                         1.8864468 1.7282890 1.1224844 1.8649051 1.9425182 1.8875882 2.0841095 2.0241201 1.7202271 2.0864554 1.0862899 1.5473565 2.0247621 2.0510507 0.9870138 2.0719887 2.1375791 2.2219353 2.4241133 1.7345159 2.2088990 2.0931152 2.2156023 2.3089921 2.3644908 2.1976298 1.0728927 2.4416572 2.3685422 2.6023969 2.7462694 2.6246154 2.7806838 0.6805019 0.6741149 0.0000000 0.1326119 0.4259381 3.0126378 3.4389194 3.3141992 3.3030162 3.0679867 3.0899410 2.6862660 3.2223374 2.8566570 2.8607735 2.7907139 3.0958818 3.0553563 3.2388346 2.5266706 3.3804934 3.5153134 3.3363199 3.2262528 3.4422391 3.9950906 
HoiH23_PlH23_000071-RA                                1.8402784 1.8150400 1.1375472 1.7607913 2.0016686 1.8788680 2.0454554 1.9609031 1.7264429 2.0279151 1.2441006 1.5284745 1.9871436 2.0076112 1.1234095 2.0486696 2.1637381 2.1434574 2.3774785 1.7117945 2.0763737 1.9987181 2.1199671 2.3098291 2.2984345 2.0939043 1.4006886 2.4815798 2.4601707 2.6182177 2.7714018 2.8033585 2.8390749 0.6607573 0.6536155 0.1326119 0.0000000 0.3822046 3.0243601 3.6284319 3.5810592 3.5075960 3.2436358 3.1540762 2.6683714 3.4031491 3.0733736 2.9664789 2.8953161 3.0365561 3.3858952 3.2694594 2.6186781 3.5859078 3.5709602 3.7522031 3.4960866 3.4905452 3.9723910 
Hhon_g03762.t1                                        1.7003291 1.7897204 1.2335760 1.7580225 2.1245818 1.7531586 1.9916684 2.0062523 1.7494721 1.9682802 1.4024340 1.6008543 2.0274375 1.9745871 1.3292601 1.9260273 1.9722008 2.0361908 2.3489652 1.8551837 1.9911823 2.0527861 1.9398917 2.2321848 2.1749286 1.9867942 1.3834311 2.5648592 2.5552631 2.4545907 2.7558324 2.5343449 2.7092030 0.7179945 0.7106153 0.4259381 0.3822046 0.0000000 2.9146525 3.3181449 3.4222263 3.3343031 3.0586015 3.3192496 2.7288597 3.2498528 2.6134349 2.7216459 2.4615549 2.8669482 3.1181399 3.1105306 2.4240129 3.3109681 3.2563176 3.6913026 3.3947333 3.3371042 3.7094336 
Salpun_EP00053_Salpingoeca_punica_P017661             2.3693946 2.4669123 1.7131860 2.6085546 2.7534059 2.5406087 2.5280334 2.5391632 2.0404795 2.5884024 1.7579444 1.8469437 2.4245379 2.5279637 1.8113709 2.8130720 2.9128368 2.6618605 3.0036733 2.0620351 2.6923832 2.7598854 2.6215399 2.7212611 2.7299788 2.6537055 1.6089145 2.5716792 2.9289939 3.0647046 2.8878749 2.6211482 2.5238344 3.1805481 3.1439071 3.0126378 3.0243601 2.9146525 0.0000000 2.3482491 2.6912451 2.3947944 2.4554128 2.4114215 2.7112559 2.3126929 3.2823996 3.0229598 3.0244553 2.0148040 2.1034177 2.2479162 2.6407130 2.5862941 3.2640222 3.1590864 2.7953180 2.2069483 2.6225991 
Mbre_EDQ93093                                         3.2275267 3.0305823 2.1731848 3.0045220 3.2004355 3.3339994 2.9028820 2.9569149 2.5354571 2.9205451 1.8286695 2.3896022 2.8552416 2.8328006 1.7076943 3.4640182 3.8503023 3.3410718 3.1333491 2.6860485 3.4434318 3.2845341 3.1056859 3.4006072 3.3871901 3.1322312 2.0963062 3.2544834 3.2794550 3.6428197 3.6391968 3.1207591 3.0522918 3.6605345 3.6340748 3.4389194 3.6284319 3.3181449 2.3482491 0.0000000 1.1477821 1.0590623 2.1094805 2.1488093 3.4713099 2.6326323 4.0838543 3.6666798 3.8367169 2.3978377 2.8150717 2.4966053 3.1995491 2.2481720 3.6155825 3.1715147 2.9321122 2.7203410 2.8686900 
Choper_EP00045_Choanoeca_perplexa_P012169             3.2207691 2.9802980 2.0157572 3.1209972 3.3779734 3.1615292 3.1139717 3.0385477 2.8687276 3.1953592 2.0282571 2.6391477 3.1492313 3.1386216 2.0422436 3.2073768 3.6076446 3.0041309 2.9160790 2.5078400 3.1628899 3.0916147 2.9352869 3.3266354 3.3627540 3.2305096 2.1179090 3.3401236 3.4734657 3.6489376 3.4620182 3.2469260 3.2432081 3.8366218 3.8091221 3.3141992 3.5810592 3.4222263 2.6912451 1.1477821 0.0000000 0.4778621 2.2545000 2.1844679 3.4866294 2.8956873 3.8436837 3.7003185 3.7473858 2.7530320 3.0398534 2.7169431 3.1267892 2.2915007 4.3106195 3.5749634 3.5413108 3.0369319 3.1791895 
Chofle_EP00730_Choanoeca_flexa_P015554                3.0352153 2.8339176 1.9085290 2.8446659 3.0231389 2.9193670 2.7018121 2.6533089 2.6298380 2.7571994 1.5758535 2.3691980 2.8509842 2.7765560 1.7913415 3.1114482 3.5117729 2.9148594 2.8131320 2.3648932 2.8471598 2.9252833 2.9441603 3.2423786 3.2223081 2.9479457 2.0239081 2.9692616 3.2606324 3.2699464 3.3689988 3.0750869 2.9180059 3.4260893 3.4015928 3.3030162 3.5075960 3.3343031 2.3947944 1.0590623 0.4778621 0.0000000 2.0886546 2.0598086 3.6704485 2.6060043 3.8229303 3.4908467 3.3737396 2.4191921 2.8710960 2.6773304 3.0046590 2.1574685 3.9238674 3.0943840 2.9700134 2.6193774 2.8912096 
Sros_EGD78580                                         2.9215960 2.5358216 1.8969009 2.9254805 2.7665664 2.8641183 3.0803863 2.8906517 2.6712084 3.0075348 2.2102202 2.4372075 2.8385014 2.8440178 2.0256461 3.3742016 3.4449811 2.8775408 3.0401563 2.4515592 3.0813657 2.9330144 2.7608540 3.0094840 3.1754032 2.8154456 2.1338838 3.0271594 3.3106885 3.6776488 3.4309685 3.6508873 3.3327816 3.3422035 3.3062506 3.0679867 3.2436358 3.0586015 2.4554128 2.1094805 2.2545000 2.0886546 0.0000000 0.7472109 3.1274955 2.8197873 3.3656681 3.4102907 3.3601048 2.5471120 2.6615338 2.7119264 3.0078205 1.7979075 3.1374490 3.2867097 2.8216454 2.5308332 2.8809318 
Microa_EP00043_Microstomoeca_roanoka_P016927          3.0875778 2.9922079 1.8937106 3.1379318 3.0271222 3.0095560 3.1125428 2.9330914 2.8045202 3.0125347 1.9787377 2.3478203 2.8264134 2.9699875 1.7161856 3.3741814 3.6660220 3.0775928 3.0069780 2.4341642 3.2039814 3.1210836 3.0315624 3.4231606 3.5343857 3.1047816 1.8972768 3.1362169 3.7927637 3.6524092 3.5973989 3.2383791 3.0287252 3.5291718 3.4949708 3.0899410 3.1540762 3.3192496 2.4114215 2.1488093 2.1844679 2.0598086 0.7472109 0.0000000 3.2007522 2.7654976 3.6402590 3.2752755 3.1760265 2.5252037 2.4401493 2.6660217 3.3257514 1.7890223 4.1388218 3.2575779 3.2076219 2.5981785 3.1261094 
Coemet_Cmet_C588083_01                                2.4232056 2.3641858 2.1252349 2.4207663 2.6736378 2.5811636 2.6682139 2.5450190 2.1442640 2.6185637 2.2177936 2.2642731 2.3324993 2.4091201 2.0465643 2.6494468 2.7295689 2.5917382 2.3585888 2.3129034 2.2753655 2.5678022 2.2750716 2.8216810 2.9214959 2.5471811 1.5298855 2.4466629 2.2592025 3.0212333 2.5493478 2.7237478 2.8722525 2.7875240 2.7554485 2.6862660 2.6683714 2.7288597 2.7112559 3.4713099 3.4866294 3.6704485 3.1274955 3.2007522 0.0000000 2.7353484 2.8969113 2.6907279 2.7623505 2.8483529 2.8281790 3.1630906 2.1380004 3.7998401 3.2217921 3.2095368 3.1573966 3.5412593 3.2237566 
Saldol_EP00054_Salpingoeca_dolichothecata_P012212     2.6563363 2.5029672 1.5029206 2.7607140 2.7315418 2.7121895 2.5468962 2.6084114 2.1408256 2.3608624 1.4777454 1.7522422 2.2745087 2.3470365 1.2351048 2.8878926 3.7013511 2.6061229 2.7218200 2.0677523 2.9039589 2.6245612 2.7730632 2.7675343 2.6001731 2.7933267 1.8696849 2.9606672 3.0611807 3.4236329 3.5226908 2.9105716 2.9629067 3.3707548 3.3475721 3.2223374 3.4031491 3.2498528 2.3126929 2.6326323 2.8956873 2.6060043 2.8197873 2.7654976 2.7353484 0.0000000 3.5943769 3.4561132 3.2311969 2.3836032 2.4975927 2.5864249 2.9004263 2.5712707 3.6599227 3.5264041 3.5547247 2.8077252 3.4766147 
Lcom_lcpid35541                                       2.6303195 2.6515291 1.7873002 2.7745312 2.9285504 2.8445806 2.7127688 2.6521334 2.4502564 2.6845844 1.7379153 2.2393847 2.5790479 2.6341213 1.7815441 2.6829768 3.2421515 3.0540351 3.0590224 2.3905368 2.7964995 2.5794369 2.5263538 2.7307701 2.8951533 2.8368086 1.6047860 2.9263258 3.2207261 1.8581781 3.2004596 3.4891500 3.4434547 2.7511719 2.7414934 2.8566570 3.0733736 2.6134349 3.2823996 4.0838543 3.8436837 3.8229303 3.3656681 3.6402590 2.8969113 3.5943769 0.0000000 1.1427339 0.8829213 3.5090508 3.8109106 2.9806640 2.9113565 3.9329933 2.2512993 3.6963877 3.4487077 3.6658727 3.3481508 
Gracom_Gcom_scaffold14534_01                          2.6856225 2.7099327 1.6512200 2.6466524 2.7225403 2.8030891 3.1926772 2.8984609 2.5029181 2.9853950 1.9946067 2.2783668 2.7778019 2.8120035 1.8655025 2.8102761 3.2201179 3.0726622 2.8417709 2.3814927 2.9102454 2.8940408 2.7442679 3.2060246 3.2543702 2.7378455 1.2923613 2.6967421 2.9278894 1.8465894 3.0339321 3.1895680 2.9908968 2.9602441 2.9321917 2.8607735 2.9664789 2.7216459 3.0229598 3.6666798 3.7003185 3.4908467 3.4102907 3.2752755 2.6907279 3.4561132 1.1427339 0.0000000 0.8806311 3.0459437 3.1671469 2.9954448 2.9868368 3.7852128 2.4356990 3.7248414 3.4483565 3.7264785 3.7024870 
Leuniv_Lniv_scaffold14932_01                          2.5625647 2.5965206 1.7864105 2.5919000 2.7603124 2.6811990 2.7493615 2.7004839 2.3490170 2.6788640 1.7133248 1.9820074 2.4509445 2.5101969 1.6833173 2.6262990 3.0134196 2.8643460 2.8695294 2.3428479 2.7779571 2.5185599 2.3841266 2.9048002 2.9233464 2.7710416 1.4519449 2.7757221 3.0123228 1.8035955 2.9782732 3.1480924 3.0496543 2.8046049 2.7846330 2.7907139 2.8953161 2.4615549 3.0244553 3.8367169 3.7473858 3.3737396 3.3601048 3.1760265 2.7623505 3.2311969 0.8829213 0.8806311 0.0000000 3.0325588 3.2613786 2.8304126 2.6803092 3.4054043 2.2467697 3.6406075 3.5551960 3.4057064 3.5717656 
Mylflu_EP00047_Mylnosiga_fluctuans_P021777            2.7628644 2.6917708 1.7320044 2.7475027 2.6740070 2.6928324 2.6371448 2.6163414 2.4499579 2.8381537 1.7417146 2.0998153 2.6167635 2.6247870 1.5922692 2.9315232 3.3356559 2.8980793 2.7591960 2.1838868 2.7457795 2.5587592 2.6854881 2.6986335 2.8953161 2.8282855 1.5562233 2.8996344 2.6270908 3.4196583 2.9182261 2.9898947 2.6686183 2.8892209 2.8779981 3.0958818 3.0365561 2.8669482 2.0148040 2.3978377 2.7530320 2.4191921 2.5471120 2.5252037 2.8483529 2.3836032 3.5090508 3.0459437 3.0325588 0.0000000 2.2218092 2.3379396 2.4757895 2.6142335 3.3991717 3.4553949 3.2353983 2.5388863 3.1459713 
Salurc_EP00051_Salpingoeca_urceolata_P028937          2.6670606 2.6226358 1.7692692 2.8189990 2.9920136 2.6807463 2.8288687 2.6171797 2.2721810 2.6190107 1.7385299 1.9094505 2.4839221 2.4669067 1.7189347 2.9664701 3.1045925 2.9417909 2.9374922 2.1910428 2.6728098 2.8132530 2.6798907 3.0759740 3.2918783 2.8234043 1.8207669 2.5361404 2.9834990 3.3762890 2.9069027 3.1699658 2.9574421 3.4283413 3.3934801 3.0553563 3.3858952 3.1181399 2.1034177 2.8150717 3.0398534 2.8710960 2.6615338 2.4401493 2.8281790 2.4975927 3.8109106 3.1671469 3.2613786 2.2218092 0.0000000 2.3374928 2.4913453 2.8819072 3.3879795 3.0128074 3.0929028 2.2205160 2.5955668 
Codhol_EP00042_Codosiga_hollandica_P034671            2.6452268 2.4574455 1.7788184 2.6859629 2.6858937 2.5911636 2.7265142 2.5988947 1.9627408 2.7483859 1.2463725 1.8639400 2.5032563 2.5868573 1.0900792 3.0587349 3.4987653 2.8303677 2.9712518 2.2142084 3.0136358 2.8235405 2.8412180 3.2018696 3.1325393 2.7601878 1.8553537 3.0238030 2.7463714 3.2557068 3.0460188 3.0922068 3.0569384 3.6079796 3.5750440 3.2388346 3.2694594 3.1105306 2.2479162 2.4966053 2.7169431 2.6773304 2.7119264 2.6660217 3.1630906 2.5864249 2.9806640 2.9954448 2.8304126 2.3379396 2.3374928 0.0000000 2.9863594 2.9289089 2.9281575 2.8834366 2.7699599 2.9002970 2.7201397 
Tetwil_g12741.t1                                      1.8750945 1.8697662 1.0271900 2.1713378 2.0732480 2.0253369 1.9230946 1.8015934 1.4921947 2.1001210 0.8018003 1.3117936 1.7440848 1.8037417 0.6120715 2.0372886 2.4794211 2.4675752 2.4640654 1.6135468 2.3010561 2.0118274 2.2993136 2.2811700 2.4336166 2.5203795 0.3995030 1.0952401 1.7632102 2.4329367 2.7748652 2.1396340 2.3187827 2.4190950 2.3984235 2.5266706 2.6186781 2.4240129 2.6407130 3.1995491 3.1267892 3.0046590 3.0078205 3.3257514 2.1380004 2.9004263 2.9113565 2.9868368 2.6803092 2.4757895 2.4913453 2.9863594 0.0000000 2.7988495 2.9451179 3.6162143 3.4772901 2.8980053 3.1481382 
Salinf_EP00049_Salpingoeca_infusionum_P011554         3.1333639 2.9198933 2.3779201 3.2410528 3.2715989 3.3094906 3.4297664 3.1846558 2.5897940 2.9827106 2.5953222 2.6615388 2.9169725 2.9055682 2.3759629 3.2858712 3.4457745 3.3995237 3.3717200 2.7606688 3.3807108 3.2112879 3.1309135 3.8602867 3.7747390 3.1676132 2.4413769 3.1706422 3.2918042 3.5699695 3.7822418 3.4629684 3.3596091 3.6359285 3.6109248 3.3804934 3.5859078 3.3109681 2.5862941 2.2481720 2.2915007 2.1574685 1.7979075 1.7890223 3.7998401 2.5712707 3.9329933 3.7852128 3.4054043 2.6142335 2.8819072 2.9289089 2.7988495 0.0000000 3.9408247 3.2607974 3.1658280 3.0149517 2.7300458 
Scil_scict023606.1                                    3.3299772 2.7775096 2.0550333 2.9614844 3.4034002 3.0331269 3.0207747 3.1420118 2.4589623 2.8999921 2.1596466 2.2252748 2.9852113 3.0050722 2.0173893 2.9001299 3.0279433 2.9242491 3.0045014 2.4140091 2.9067125 2.9922546 2.7470625 2.9456613 3.3042754 3.0470534 1.5861951 2.8288266 3.5122826 2.5604667 3.1095925 3.5791238 3.4998500 3.4002097 3.3958334 3.5153134 3.5709602 3.2563176 3.2640222 3.6155825 4.3106195 3.9238674 3.1374490 4.1388218 3.2217921 3.6599227 2.2512993 2.4356990 2.2467697 3.3991717 3.3879795 2.9281575 2.9451179 3.9408247 0.0000000 4.1962696 3.8949083 3.7110986 3.5204647 
Acaspe_EP00035_Acanthoeca_spectabilis_P038110         3.1839465 2.9653450 2.3392523 3.2369822 3.1724421 3.2677179 3.2310731 3.3039376 2.9518778 3.1624929 2.4473371 2.9624039 3.1224042 3.2687732 2.3433741 3.3671890 3.3444605 3.2628638 3.2936947 2.9955008 3.3181709 3.8176406 3.3570252 3.2367183 3.4913757 3.3140489 2.6067813 3.8383311 3.8134654 3.7869514 4.2577199 3.6295591 3.6317657 3.7526070 3.7159937 3.3363199 3.7522031 3.6913026 3.1590864 3.1715147 3.5749634 3.0943840 3.2867097 3.2575779 3.2095368 3.5264041 3.6963877 3.7248414 3.6406075 3.4553949 3.0128074 2.8834366 3.6162143 3.2607974 4.1962696 0.0000000 0.6677738 2.7783396 2.0630351 
Helnan_EP00037_Helgoeca_nana_P023222                  3.0827886 2.8900329 2.1581572 2.9683068 3.2479311 3.1050899 3.4046382 3.2862256 2.8893930 3.0554907 2.1710354 2.6045292 2.9852906 3.1102490 1.9425664 3.3725670 3.4985705 3.2845576 3.1996159 2.9505739 3.3366629 3.5819277 3.3793577 3.2353823 3.4623745 2.8905535 2.4183635 3.2354711 3.5293099 3.5704463 3.6198070 3.4050051 3.5885151 3.5315267 3.4962125 3.2262528 3.4960866 3.3947333 2.7953180 2.9321122 3.5413108 2.9700134 2.8216454 3.2076219 3.1573966 3.5547247 3.4487077 3.4483565 3.5551960 3.2353983 3.0929028 2.7699599 3.4772901 3.1658280 3.8949083 0.6677738 0.0000000 2.8392940 2.2023514 
Salkve_EP00050_Salpingoeca_kvevrii_P015775            2.7935454 2.4699441 1.9122162 2.9330795 2.7790497 2.8991342 2.7963791 2.6144395 2.2472140 2.5945033 1.7623067 2.1440403 2.5358339 2.5294449 1.6031874 3.0411499 3.8116319 2.9421817 2.7988774 2.2388259 3.1869325 2.8456441 3.0716648 2.8793512 2.9712222 2.9702304 2.0528675 2.9649054 3.3307782 3.4515397 3.3497237 3.5117103 3.3332759 3.3081042 3.3056177 3.4422391 3.4905452 3.3371042 2.2069483 2.7203410 3.0369319 2.6193774 2.5308332 2.5981785 3.5412593 2.8077252 3.6658727 3.7264785 3.4057064 2.5388863 2.2205160 2.9002970 2.8980053 3.0149517 3.7110986 2.7783396 2.8392940 0.0000000 2.9631228 
Stedip_EP00041_Stephanoeca_diplocostata_P032409       3.4139638 2.9419212 2.2986988 3.2300880 3.4003913 3.1700068 3.3272005 3.1790621 2.4983332 2.9835536 1.9998243 2.5167674 2.9406739 3.0021824 1.9118589 3.0723919 3.9743163 3.3537911 3.1529893 2.6091150 3.4213707 3.3681804 3.2471374 3.7090039 3.7527918 3.3795730 2.4014454 2.9654678 3.6260325 3.7987995 4.0049283 3.9763690 3.7838761 3.9530557 3.9168304 3.9950906 3.9723910 3.7094336 2.6225991 2.8686900 3.1791895 2.8912096 2.8809318 3.1261094 3.2237566 3.4766147 3.3481508 3.7024870 3.5717656 3.1459713 2.5955668 2.7201397 3.1481382 2.7300458 3.5204647 2.0630351 2.2023514 2.9631228 0.0000000 
