72
Hsap_ENST00000317734                                  0.0000000 1.4153675 1.6950877 1.4554096 2.3172904 2.2686542 1.8849690 1.5049775 1.5943479 2.2089743 1.7025185 1.6633190 1.7210282 1.2925948 1.6851702 1.6954939 1.5844855 1.4569029 1.6284610 1.7002170 1.7342027 1.6541039 1.6246287 2.1933006 2.1849561 1.5427035 1.5720501 1.5279305 1.5696702 1.6183313 2.5275465 2.5366232 1.7385363 2.2022627 2.4263308 2.4096936 2.2226771 2.0569509 2.1131483 2.4153158 2.4511478 2.1888140 2.3986461 2.3620148 1.4780524 1.8629731 1.5129364 1.4892322 1.3429512 1.9736147 2.5250686 3.5514800 2.8177061 2.9750627 2.6733492 2.9031293 3.0280987 2.4562873 2.6863215 3.3448519 2.9152464 2.8709710 3.0222870 2.6392676 2.8833733 3.2616608 3.0491962 3.7893934 2.7730932 3.4377534 2.5133074 4.9127602 
Bralan_BLAG07001398_1                                 1.4153675 0.0000000 1.4050426 1.1420705 2.1348758 2.0629258 1.8932145 1.3234496 1.6425567 2.0498150 1.6873552 1.5236676 1.6433774 1.2422412 1.5597567 1.5068990 1.5921209 1.6602675 1.6789137 1.8080332 1.7528074 1.5083503 2.0104455 2.0814934 2.2160992 1.5259268 1.5476858 1.4769136 1.5357476 1.5181683 2.3259211 2.5761980 1.5619138 2.1817693 2.4684345 2.4696936 2.1873815 1.9777402 1.7459780 1.8007248 2.0745580 1.5864071 2.2510947 1.8690821 1.4783472 1.6530887 1.5506327 1.3964570 1.4578516 1.7675336 2.3368624 3.3154137 2.8801506 3.2858302 2.4100639 2.9471222 2.8249664 2.2898089 2.6864569 2.8058277 2.6278688 2.8084215 3.3228357 2.7221953 3.0423537 3.3171827 2.6760984 2.9155980 2.6189763 3.1941555 2.1795759 5.0915745 
Spur_XM_030984483.1                                   1.6950877 1.4050426 0.0000000 1.0668476 1.9388358 1.8680469 1.5468465 1.1130907 1.6413330 1.8914932 1.4651935 1.4975538 1.4769621 1.2552215 1.4811530 1.2303854 1.7131598 1.4455285 1.7876059 1.7949741 1.6876499 1.4929621 1.5056814 1.8842255 2.1151600 1.5233080 1.5407975 1.4942407 1.5209947 1.7389623 1.9013550 2.1622979 1.4890536 1.7526477 1.8173292 1.7926506 1.8011612 2.1357768 1.8009126 1.8638264 2.1395961 1.7475284 2.0517574 2.1817978 1.4925788 1.7060183 1.6853697 1.5567219 1.3539641 1.8460966 2.5603104 3.5041096 2.9063984 2.7899678 2.3479340 2.7572223 3.3378693 2.6656235 2.7200847 2.9521232 2.7619373 2.8201603 2.6985152 2.8924920 2.6884104 2.8449103 2.7955177 2.9757667 2.4591380 2.1192444 2.1710003 5.5403975 
Skow_XM_002735417.2                                   1.4554096 1.1420705 1.0668476 0.0000000 2.0797091 2.0160739 1.6544222 0.9884383 1.4618406 2.1493744 1.5988214 1.4327999 1.5846110 1.0463672 1.5097894 1.4622638 1.6207867 1.2337778 1.7408738 1.6619818 1.3821482 1.3775883 1.5599277 1.8751465 2.3490937 1.4950742 1.5065179 1.4101208 1.5160177 1.4587254 1.8952915 2.1393100 1.2148263 1.7970277 1.7667159 1.7666319 1.7404517 1.9822716 1.8124308 1.9450777 1.9727614 1.6991144 2.1998870 2.0739400 1.4253190 1.6941254 1.5917022 1.1862572 1.2942545 1.9056687 2.2507518 3.5896518 2.9098549 3.1398930 2.6268255 3.0476145 3.4018173 2.7298343 2.5770313 2.9281237 2.7502203 3.0163151 3.1952677 2.7169971 3.5530892 3.8095158 3.4103804 3.6379515 2.7602214 2.0867576 1.9502778 5.4341482 
Aque_Aqu2.1.34837_001                                 2.3172904 2.1348758 1.9388358 2.0797091 0.0000000 0.6103552 0.7229148 0.7897000 2.3008323 2.6965670 2.3080110 2.3651544 2.3203085 1.6955054 2.4651531 2.0967618 2.5133838 1.9616301 2.1243369 2.2896890 2.3362367 1.7138162 2.2542433 2.6221751 2.6510777 1.9918653 1.9996691 1.9461966 1.9699239 1.9692705 3.0141310 2.6376051 1.5767722 2.4072626 2.6523551 2.6379741 2.2757532 1.5034880 1.3186654 2.4062320 2.3421888 2.1463307 2.6594681 2.6305030 1.9608563 2.2717538 2.3860892 1.9381586 2.0181369 2.2856492 2.8931149 3.6147506 3.1694423 3.5198789 3.3197308 3.2368597 3.7496120 3.0281817 2.8840182 3.0820735 3.2617243 3.4249180 3.7970818 3.3140985 4.0800652 4.3728213 3.9160527 3.6472867 3.5868821 2.3489610 2.4866312 5.2507032 
Halamb_c53971_g2_i1mm.5574                            2.2686542 2.0629258 1.8680469 2.0160739 0.6103552 0.0000000 0.6968022 0.8549625 2.1627773 2.4750821 2.1425579 2.1370947 2.0973874 1.5065691 2.2721900 1.7958577 2.2342849 1.7299781 1.8979231 2.1279059 2.0570871 1.7804925 2.1711384 2.5458240 2.6898291 2.1120325 1.9636513 1.9084023 2.0041252 1.9748821 2.9508078 2.7573754 1.5654355 2.3960877 2.7201155 2.7197992 2.3436276 1.4187777 1.4094240 2.4201043 2.3085607 2.1835555 2.7548282 2.3847021 1.8499370 2.2720862 2.1202412 2.0336176 1.9820418 2.4172475 2.7883557 3.4243871 2.9701309 3.1120541 3.0562532 3.1320253 3.5217723 2.7204894 3.0181541 2.8406139 3.2454429 3.0674313 3.5458094 2.8251953 3.6239068 3.7658172 3.5077605 3.9516608 3.1427571 2.4111282 2.4996472 5.1372971 
Xestes_maker-XT_scaffold3532-augustus-gene-0.9-mRNA-1 1.8849690 1.8932145 1.5468465 1.6544222 0.7229148 0.6968022 0.0000000 0.8830230 1.7551419 2.2615308 1.8911553 1.7857987 1.8319484 1.4402382 1.8408722 1.4873905 1.7486319 1.7816886 1.6855694 1.7984638 1.4815933 1.2861238 2.1297260 2.3101882 2.4403573 1.8211862 1.8600048 1.8600048 1.8289816 1.8631644 2.3299079 2.2093340 1.5953521 1.9459886 2.1233305 2.1141091 2.1898131 1.1813603 1.1225275 2.1206489 1.9119180 1.9648814 2.1815830 2.0005944 1.9334742 1.8603713 1.9541067 1.6922515 1.8788174 1.9101757 2.5081120 3.7300076 3.0440233 3.3685625 2.8496162 2.9978423 3.4993552 2.9669208 2.7547703 2.8241423 2.8338004 2.7124058 3.5841764 2.7050154 3.8896955 3.7320592 3.6392476 3.4678782 3.4269543 1.8728367 2.4069081 5.1891486 
Stycar_maker-SC_scaffold5239-snap-gene-0.6-mRNA-1     1.5049775 1.3234496 1.1130907 0.9884383 0.7897000 0.8549625 0.8830230 0.0000000 1.5339954 3.4357805 1.5951725 1.5057143 1.6377697 1.6984998 1.4753888 0.7242535 1.0410156 1.5421143 1.4531687 1.4052373 0.6161134 0.4553091 1.7841291 3.2555048 9.0000000 1.5827036 1.4914392 1.4914392 1.4949913 1.5780106 1.8732135 2.0748978 0.3013068 1.7291960 2.1256277 2.1256277 1.8725781 0.8596490 0.8007232 1.4354537 1.5781870 1.3162484 1.6089863 1.3649174 1.6721533 1.3508503 1.5842674 1.3585188 2.1007567 1.8366954 2.2863821 2.7993025 2.7725274 3.0781617 2.5372577 2.8524441 2.8586923 1.9491588 2.5062780 2.2250386 2.4349591 2.4502476 2.7451054 1.8549197 2.8434398 3.2602066 2.5419657 2.7109555 2.4830785 0.7497586 2.1264544 5.9534877 
Exapal_XM_021059895.2                                 1.5943479 1.6425567 1.6413330 1.4618406 2.3008323 2.1627773 1.7551419 1.5339954 0.0000000 1.2881529 0.7891738 0.7300525 0.7583071 0.5358994 0.7210091 0.8268763 0.5574447 0.9690551 1.2114848 1.3034284 1.1514049 1.0800744 1.1778624 1.4427323 1.8121549 1.3853182 1.3393285 1.3056085 1.3438519 1.3403497 2.1775997 2.2149482 1.4785951 1.8705533 1.8663769 1.8467193 2.0665696 2.2496124 2.1124613 2.2407710 2.1552450 1.5714121 2.1777218 1.9854145 1.5300575 1.7432996 1.5061837 1.4382030 1.4988791 1.4803344 2.2060839 2.7587142 2.5841684 2.8359020 2.3879913 2.6805209 2.7783782 2.2626261 2.2574873 2.5126019 2.4912477 2.6913384 3.0850438 2.2861466 2.6139872 2.6916489 2.4613100 2.8120910 2.8113307 2.8321452 1.6224482 5.3137481 
Adig_XM_015899639.1                                   2.2089743 2.0498150 1.8914932 2.1493744 2.6965670 2.4750821 2.2615308 3.4357805 1.2881529 0.0000000 0.2607516 0.6589736 0.7583139 0.9622066 0.7699804 0.3298474 0.8441568 1.7501538 1.9988798 2.2547466 1.4577254 1.2929686 1.7403233 1.7248637 2.1627461 1.8412471 2.0847489 2.0463455 2.0787424 1.6643501 2.7660712 2.8262050 1.4603192 2.4158153 2.7796727 2.7853088 2.7474908 2.2927766 2.3764576 2.5366981 2.5918926 2.2754027 2.8823692 2.5649011 2.2517214 2.3654802 2.0609478 2.1230552 2.2827668 2.0327719 3.0439337 2.6606508 2.9616512 3.3696065 3.3356108 3.5870081 3.3368539 2.9711728 3.1911146 4.2582130 3.1381174 3.3712923 3.6598196 3.7637745 3.4845430 3.7929049 3.7559745 3.9380058 3.1441691 2.9079165 2.3745055 6.1149515 
Amil_Amillepora10773-RA                               1.7025185 1.6873552 1.4651935 1.5988214 2.3080110 2.1425579 1.8911553 1.5951725 0.7891738 0.2607516 0.0000000 0.3230570 0.3986812 0.2912580 0.3836694 0.3363465 0.8334072 1.1565914 1.4237769 1.6379075 1.4370722 1.2806988 1.1449916 1.3597048 2.2565081 1.6121854 1.6574944 1.6257702 1.6370296 1.6335144 2.0711941 2.1339709 1.3652617 1.8586488 2.0814358 2.0863679 2.0936564 1.9787985 1.9188748 2.1147726 2.1831232 1.8139336 2.3895345 2.2538333 1.7212805 1.7771888 1.6147989 1.5429196 1.5919098 1.5669281 2.2760093 2.6606508 2.7329202 2.9532746 2.6695343 3.0037414 2.9712485 2.4513580 2.5012940 3.5251785 2.8380381 2.7075986 2.8101877 2.7984963 2.6827715 2.8605009 2.8772716 3.1576937 2.5475324 2.9079165 1.8639783 6.0261762 
Fspp_ffun1.m4.22933.m1                                1.6633190 1.5236676 1.4975538 1.4327999 2.3651544 2.1370947 1.7857987 1.5057143 0.7300525 0.6589736 0.3230570 0.0000000 0.2388244 0.1521317 0.1737222 0.2683668 0.8311261 1.1436661 1.4755433 1.6900290 1.4566558 1.2831543 1.2272795 1.3942295 2.1102445 1.4961599 1.5185587 1.4640225 1.4946947 1.4985785 2.1457912 2.2944278 1.3537910 1.8807308 2.0823796 2.0884804 2.0604930 2.1335308 2.0328860 2.1808505 2.3434057 1.7771064 2.4783454 2.0843134 1.5270594 1.6521620 1.6084549 1.5355734 1.4738970 1.6706944 2.1981809 2.7566958 2.6702923 2.9276923 2.4621278 2.7611985 2.6711644 2.1472103 2.2725703 3.2071583 2.6879713 2.3775269 2.6866020 2.4624009 2.6992324 2.7770512 2.9893946 2.9438789 2.6120494 2.7692840 1.7542648 6.0805809 
Spis_XP_022796833_1                                   1.7210282 1.6433774 1.4769621 1.5846110 2.3203085 2.0973874 1.8319484 1.6377697 0.7583071 0.7583139 0.3986812 0.2388244 0.0000000 0.0726529 0.2848682 0.3185791 0.9313795 1.1313812 1.5043321 1.7300484 1.4290151 1.3535948 1.1929985 1.3580915 2.1040677 1.5099086 1.5298001 1.4652224 1.5183709 1.5862391 2.0421137 2.4267906 1.2780453 1.8974892 2.2125943 2.2174410 2.0553882 1.9980141 1.8644614 2.2455855 2.2854657 1.7240754 2.4199277 2.0191328 1.4407391 1.8080051 1.6221375 1.4121670 1.3799339 1.5367119 2.1729842 3.0250771 2.5786192 2.7626182 2.4282942 2.7126712 2.7601331 2.2064360 2.1822385 3.0922244 2.6818834 2.4329844 2.6358361 2.4623106 2.9335620 2.9073086 2.8704728 2.8753046 2.5361784 2.5282938 1.7641886 5.5764468 
Pocdam_XM_027182878.1                                 1.2925948 1.2422412 1.2552215 1.0463672 1.6955054 1.5065691 1.4402382 1.6984998 0.5358994 0.9622066 0.2912580 0.1521317 0.0726529 0.0000000 0.2153006 0.1732081 0.5641774 1.0678938 1.1182818 1.2212472 0.6655310 0.6645027 0.8152274 1.1277901 2.0306404 1.2644022 1.3121185 1.3121185 1.2900553 1.2147349 1.6418630 1.8403573 0.9490594 1.5551905 1.6930696 1.6930696 1.5937594 1.2894057 1.3799900 1.9402713 1.8503986 1.7631555 1.9324703 1.4934043 1.3909672 1.4887549 1.3169360 1.1896475 1.2840406 1.2279487 1.7855729 2.6927836 2.6140755 2.8195316 2.2132080 2.4902255 2.2438400 1.8345499 2.1457976 2.4305433 2.4103456 1.9375503 2.3291140 1.9794227 2.5772405 2.7015155 2.4240101 2.7848809 2.4518210 0.4986932 1.8568955 6.5586125 
Gasp_gasp1.m3.16649.m1                                1.6851702 1.5597567 1.4811530 1.5097894 2.4651531 2.2721900 1.8408722 1.4753888 0.7210091 0.7699804 0.3836694 0.1737222 0.2848682 0.2153006 0.0000000 0.2992141 0.8590206 1.1881941 1.4730967 1.6676895 1.5700139 1.2889725 1.2688020 1.4003081 2.1751472 1.5173829 1.5637789 1.5023309 1.5391193 1.5033861 2.2027426 2.2585066 1.3946904 1.8541943 2.1017510 2.1109808 2.0751289 2.0084538 2.1009701 2.2003397 2.3180877 1.7849808 2.4782751 2.0637949 1.5698321 1.6623216 1.6341362 1.4454736 1.4983578 1.5731234 2.3323169 2.7940931 2.6413931 3.0504822 2.6329086 2.8248296 3.0155178 2.3203282 2.3089140 3.2078157 2.8095155 2.5469102 2.7240857 2.6423320 2.9777012 2.9750382 2.9301860 3.0298635 2.5675367 3.0649166 1.7501523 6.3564487 
Gfas_gfas1.m1.23296.m1                                1.6954939 1.5068990 1.2303854 1.4622638 2.0967618 1.7958577 1.4873905 0.7242535 0.8268763 0.3298474 0.3363465 0.2683668 0.3185791 0.1732081 0.2992141 0.0000000 0.8790366 1.0195114 1.3802080 1.5740707 1.4313283 1.2417574 1.2939252 1.1468785 1.9185893 1.3677626 1.3887702 1.3050828 1.3984401 1.5550096 2.0295576 2.1189382 1.4290619 1.7915038 2.0322255 2.0385434 2.0338638 2.0323523 1.9650692 1.7761902 2.1042138 1.4557586 2.2992058 1.9100067 1.2595244 1.5496238 1.4396161 1.3461115 1.1996589 1.6858152 2.2299247 2.4614537 1.9674092 2.0410318 1.9658238 2.2478633 2.3769691 2.3755971 2.1380129 3.0243727 2.1930522 2.2922718 2.4255023 2.5395954 2.7734145 2.7037522 3.0645831 2.7861047 2.4154392 2.7036808 1.4529012 5.5501000 
Nvec_v1g167228                                        1.5844855 1.5921209 1.7131598 1.6207867 2.5133838 2.2342849 1.7486319 1.0410156 0.5574447 0.8441568 0.8334072 0.8311261 0.9313795 0.5641774 0.8590206 0.8790366 0.0000000 0.7824525 1.1187535 1.1475274 1.1521573 1.1634925 1.1327864 1.0861581 1.8470477 1.4013697 1.4545039 1.3381544 1.4598637 1.3401985 2.3276278 2.2097391 1.6084374 1.9728992 2.0372730 2.0447065 2.0181609 1.9905122 1.8843621 1.9939127 2.2794459 1.5898032 2.2190938 2.0987794 1.2769377 2.0998671 1.3619980 1.7249738 1.2821054 1.5788681 2.2185052 3.2339205 2.3911890 2.5461904 2.5328198 2.3242595 3.0982789 2.9625778 2.4151124 2.5161319 2.4432175 2.9105086 3.4218366 2.6429056 3.1179697 3.0348587 3.4196060 3.1087843 2.8763637 3.0254036 1.2888784 5.0907256 
Aaur_scaffold210.g14.t1                               1.4569029 1.6602675 1.4455285 1.2337778 1.9616301 1.7299781 1.7816886 1.5421143 0.9690551 1.7501538 1.1565914 1.1436661 1.1313812 1.0678938 1.1881941 1.0195114 0.7824525 0.0000000 0.3168603 0.2945977 0.3682410 0.4100143 1.0637426 1.3397005 1.4754721 1.3225671 1.2384820 1.2384820 1.2526859 1.1795665 1.7765333 1.9559601 1.4394814 1.7850008 1.6426848 1.6493961 1.7172961 1.6488733 1.6658874 1.8951216 1.9836015 2.0096223 2.0766795 1.6858198 1.7366100 1.7732696 1.7239955 1.5367789 1.7259489 1.0892353 1.8178911 2.7267309 2.3382049 2.5911118 2.5193404 2.5772054 2.3565804 2.1344902 2.1049784 2.2497436 2.7274660 2.4199698 2.9109284 2.5097837 2.3060012 2.5115926 2.3334596 3.2204588 2.5700818 2.2431799 1.5181591 5.4177246 
Nemnom_g17370.t1                                      1.6284610 1.6789137 1.7876059 1.7408738 2.1243369 1.8979231 1.6855694 1.4531687 1.2114848 1.9988798 1.4237769 1.4755433 1.5043321 1.1182818 1.4730967 1.3802080 1.1187535 0.3168603 0.0000000 0.1988490 0.6539660 0.8937323 1.3377775 1.6960265 1.5780779 1.2580568 1.2298476 1.1992184 1.2483705 1.2108921 2.1124032 2.3645840 1.4713250 1.9219313 2.1854794 2.1798780 1.8902580 2.0885953 1.9844151 2.1513617 2.2971578 1.9478028 2.3375445 1.8749056 1.6373977 1.9132737 1.7686460 1.7787551 1.6358814 1.3438705 2.1116048 3.0028783 2.3891805 2.5673375 2.5642531 2.6725027 3.0615523 2.5402757 2.3356208 2.6729288 2.7945513 2.7658384 3.2324981 2.4609596 2.7824033 2.8334875 2.6602446 3.5833048 2.7994534 3.8010862 1.4010243 5.6358307 
Rhoesc_Res_011037-T1                                  1.7002170 1.8080332 1.7949741 1.6619818 2.2896890 2.1279059 1.7984638 1.4052373 1.3034284 2.2547466 1.6379075 1.6900290 1.7300484 1.2212472 1.6676895 1.5740707 1.1475274 0.2945977 0.1988490 0.0000000 0.5725222 0.9360150 1.3881670 1.7888927 1.8387140 1.4316256 1.3911676 1.3029969 1.3928429 1.3164156 2.2079677 2.4815002 1.5221665 2.0492178 2.2244855 2.2196488 2.0153896 1.9611457 1.9052713 2.3294519 2.2947611 2.1064443 2.5363086 1.9325314 1.7221440 2.0702365 1.9820474 1.9941522 1.7406739 1.3547203 2.1767340 3.4625035 2.6479074 2.8184858 2.6630298 2.7451910 3.1974485 2.7795475 2.3042650 2.7553776 2.8486168 3.0085862 3.1154436 2.8056862 2.9559108 2.9619520 2.9106732 3.6873618 2.8685612 3.6337422 1.4637894 5.5625550 
Sanmal_Sma_024991-T1                                  1.7342027 1.7528074 1.6876499 1.3821482 2.3362367 2.0570871 1.4815933 0.6161134 1.1514049 1.4577254 1.4370722 1.4566558 1.4290151 0.6655310 1.5700139 1.4313283 1.1521573 0.3682410 0.6539660 0.5725222 0.0000000 0.7891538 1.1633136 1.1310456 1.6514370 1.1632143 1.2147247 1.1119979 1.2334176 1.2525617 2.0645278 2.2116946 1.5813691 1.7858421 1.8658560 1.8636357 1.9149921 1.8878635 1.7698988 2.0426033 2.4874723 1.7183239 2.4264740 1.7350976 1.4571270 2.1487949 1.9727793 1.9307134 1.5878470 1.4059211 2.3628482 3.8144828 2.0898047 2.2205759 2.4662794 2.5770323 2.9563409 2.7174941 2.0163068 2.7194041 2.4609539 2.9810516 2.9513939 2.6473021 3.5779933 3.2345664 3.0205479 3.2302732 2.9284824 2.9005436 1.0618239 6.7764021 
Morvir_scaffold10.g81.t1                              1.6541039 1.5083503 1.4929621 1.3775883 1.7138162 1.7804925 1.2861238 0.4553091 1.0800744 1.2929686 1.2806988 1.2831543 1.3535948 0.6645027 1.2889725 1.2417574 1.1634925 0.4100143 0.8937323 0.9360150 0.7891538 0.0000000 1.3347078 1.1202797 1.4729762 1.1392931 1.1285022 1.0833620 1.1490302 1.2770164 1.8304004 1.8760271 1.1916189 1.5114570 1.7670906 1.7655911 1.5474935 1.6845891 1.5120891 1.9423209 2.2585809 1.3519450 2.0598260 1.8521462 1.3917673 1.6793570 1.7111979 1.3638812 1.3484888 1.2671574 2.1364465 3.1888314 2.0151430 2.1642249 1.9285817 2.3168359 2.8753202 2.1771537 1.5936675 2.2809200 1.7729089 2.3397933 2.5189377 2.0818326 2.9244070 2.7909219 2.6913639 2.9379738 2.5946660 2.8992876 1.1761919 4.2370829 
Dgig_XM_028554270.1                                   1.6246287 2.0104455 1.5056814 1.5599277 2.2542433 2.1711384 2.1297260 1.7841291 1.1778624 1.7403233 1.1449916 1.2272795 1.1929985 0.8152274 1.2688020 1.2939252 1.1327864 1.0637426 1.3377775 1.3881670 1.1633136 1.3347078 0.0000000 0.7242555 2.3052861 1.5473935 1.5676752 1.5619867 1.5681953 1.6637640 1.9549999 1.9247707 1.3415888 1.7139763 1.8835918 1.8892080 1.9800811 1.9101415 1.8556781 2.5875963 2.5232445 2.3472858 2.7110461 2.2446485 1.6128640 2.0978205 1.7601311 1.8372842 1.6499216 1.6826913 2.2571449 3.9008452 2.8790215 2.8665700 2.7799153 3.1376944 3.1900569 2.5660438 2.4472361 2.8155807 2.7304388 2.8606554 3.1425063 2.2796009 2.8740414 2.6436401 2.5967280 3.2614281 2.7466069 3.2912351 1.4031514 6.8061231 
Xesp_005314-T1                                        2.1933006 2.0814934 1.8842255 1.8751465 2.6221751 2.5458240 2.3101882 3.2555048 1.4427323 1.7248637 1.3597048 1.3942295 1.3580915 1.1277901 1.4003081 1.1468785 1.0861581 1.3397005 1.6960265 1.7888927 1.1310456 1.1202797 0.7242555 0.0000000 1.8190582 1.6029179 1.8653399 1.7904899 1.8456466 1.8414973 2.5379106 2.4372248 1.3712645 2.0739027 2.2170421 2.2194015 2.3863694 1.9081297 2.1957344 2.7202840 2.8003393 2.3831273 2.9216211 1.9580341 1.7661632 2.2169928 2.2082684 2.1790135 2.1109765 1.8573230 2.6688892 3.6310605 3.6978269 3.7020658 3.3499757 3.6371045 3.4830823 2.9269003 3.0265891 3.2777632 3.1839985 3.0103686 3.8275528 3.2824078 3.9839235 3.7901953 3.7807134 3.7163286 3.4816612 3.6414962 1.6628664 6.4981479 
TrH2_TrispH2_000189-RA                                2.1849561 2.2160992 2.1151600 2.3490937 2.6510777 2.6898291 2.4403573 9.0000000 1.8121549 2.1627461 2.2565081 2.1102445 2.1040677 2.0306404 2.1751472 1.9185893 1.8470477 1.4754721 1.5780779 1.8387140 1.6514370 1.4729762 2.3052861 1.8190582 0.0000000 0.1689324 0.1805872 0.1835487 0.1883186 0.1580579 2.0094195 2.0748292 1.6466519 1.9610245 1.9380367 1.9338789 2.1412884 2.4224779 2.5115027 2.7804251 2.8016640 2.3622988 2.9157494 2.3945525 1.7805998 2.5560953 2.3023081 2.2061614 1.8903001 2.2113809 2.7045000 2.6321582 2.6202757 2.7818771 2.7499066 2.8913003 3.4896131 3.5610030 2.7457879 2.6668692 2.7082785 3.1450646 3.7768096 2.6406188 3.4295922 3.4932598 3.8064225 3.3962249 3.3907608 2.5180798 2.1519246 5.1892280 
HoiH06_mRNA10735                                      1.5427035 1.5259268 1.5233080 1.4950742 1.9918653 2.1120325 1.8211862 1.5827036 1.3853182 1.8412471 1.6121854 1.4961599 1.5099086 1.2644022 1.5173829 1.3677626 1.4013697 1.3225671 1.2580568 1.4316256 1.1632143 1.1392931 1.5473935 1.6029179 0.1689324 0.0000000 0.0451482 0.0454556 0.0375313 0.1001319 1.5774277 1.6644540 1.1011865 1.5248070 1.5853834 1.5819594 1.6373612 2.1551876 2.0138364 1.9572636 1.9614719 1.7662228 1.9324527 1.7849046 1.5261321 1.8651473 1.6846021 1.5511747 1.5255942 1.7196622 2.0950505 2.4716725 2.5418465 2.7309038 2.6143734 2.7136970 2.8945172 2.5666743 2.2743636 2.2209471 2.1958852 2.5477929 2.7113590 1.9626741 2.6791660 2.7498946 3.0868586 2.9933372 2.7460464 2.1328304 1.4319883 5.8679146 
Hhon_g04480.t1                                        1.5720501 1.5476858 1.5407975 1.5065179 1.9996691 1.9636513 1.8600048 1.4914392 1.3393285 2.0847489 1.6574944 1.5185587 1.5298001 1.3121185 1.5637789 1.3887702 1.4545039 1.2384820 1.2298476 1.3911676 1.2147247 1.1285022 1.5676752 1.8653399 0.1805872 0.0451482 0.0000000 0.0000010 0.0191539 0.0938690 1.6737646 1.8610399 1.0914256 1.5762641 1.6205980 1.6174450 1.6967205 2.1676997 1.8964701 2.1288103 2.0406626 1.8526638 2.1683743 1.8696575 1.5101352 1.9271771 1.7117699 1.6069642 1.5254675 1.6935622 2.2228982 2.8202017 2.4595502 2.6610626 2.4889726 2.5791906 2.8255487 2.3112911 2.3071150 2.1709120 2.1919317 2.4434687 2.6791513 1.9668770 2.6720162 2.7455066 2.9511553 2.9419875 2.5702279 2.4831426 1.7608286 5.4078200 
HoiH04_mRNA15436                                      1.5279305 1.4769136 1.4942407 1.4101208 1.9461966 1.9084023 1.8600048 1.4914392 1.3056085 2.0463455 1.6257702 1.4640225 1.4652224 1.3121185 1.5023309 1.3050828 1.3381544 1.2384820 1.1992184 1.3029969 1.1119979 1.0833620 1.5619867 1.7904899 0.1835487 0.0454556 0.0000010 0.0000000 0.0163705 0.0938690 1.6027736 1.7683607 1.0914256 1.5308507 1.5634607 1.5602666 1.6518322 2.1169140 1.8534262 1.9820069 1.9041651 1.8526638 2.0015336 1.7714470 1.5101352 1.8602749 1.6521756 1.5545877 1.5254675 1.6077670 2.1486731 2.3734206 2.4595502 2.6610626 2.4889726 2.5791906 2.6048989 2.3035267 2.3071150 2.0389237 2.2063078 2.4376759 2.5984469 1.9901065 2.5267469 2.6405810 2.7889203 2.8472730 2.4978624 2.2420989 1.7608286 5.4350291 
HoiH23_PlH23_000763-RA                                1.5696702 1.5357476 1.5209947 1.5160177 1.9699239 2.0041252 1.8289816 1.4949913 1.3438519 2.0787424 1.6370296 1.4946947 1.5183709 1.2900553 1.5391193 1.3984401 1.4598637 1.2526859 1.2483705 1.3928429 1.2334176 1.1490302 1.5681953 1.8456466 0.1883186 0.0375313 0.0191539 0.0163705 0.0000000 0.0990329 1.6872229 1.8062759 1.0964845 1.5567966 1.6332121 1.6300562 1.6809337 2.1593507 1.8663883 2.1099903 2.0235163 1.8253462 2.1775687 1.8596793 1.5039128 1.9134122 1.7003970 1.5891647 1.5488308 1.6998731 2.2548840 2.7740891 2.5108262 2.7161146 2.4839576 2.5602440 2.7811435 2.3258704 2.3358479 2.1925150 2.1947828 2.4619131 2.6972724 1.9557832 2.6347193 2.7314864 2.9909720 2.9020909 2.5509675 2.4465014 1.7278845 5.5168803 
HoiH11_mRNA3054                                       1.6183313 1.5181683 1.7389623 1.4587254 1.9692705 1.9748821 1.8631644 1.5780106 1.3403497 1.6643501 1.6335144 1.4985785 1.5862391 1.2147349 1.5033861 1.5550096 1.3401985 1.1795665 1.2108921 1.3164156 1.2525617 1.2770164 1.6637640 1.8414973 0.1580579 0.1001319 0.0938690 0.0938690 0.0990329 0.0000000 1.5472803 1.5344283 1.3374003 1.5777072 1.3948133 1.3970424 1.5908777 2.0350187 1.8854057 1.7825812 1.7525397 1.7502777 1.9668877 1.7656176 1.4510125 1.8536633 1.6717805 1.5448383 1.5452755 1.6712334 1.9611740 2.4172852 2.3411658 2.4636581 2.5864669 2.7799412 2.8401537 2.9570955 2.3297144 2.0158981 2.2290305 2.5425023 2.8276569 2.2907036 2.5818270 2.6628921 2.9647808 2.8191969 2.8053119 2.1605146 1.6065743 4.9155712 
Mlei_ML2087.g8.i1                                     2.5275465 2.3259211 1.9013550 1.8952915 3.0141310 2.9508078 2.3299079 1.8732135 2.1775997 2.7660712 2.0711941 2.1457912 2.0421137 1.6418630 2.2027426 2.0295576 2.3276278 1.7765333 2.1124032 2.2079677 2.0645278 1.8304004 1.9549999 2.5379106 2.0094195 1.5774277 1.6737646 1.6027736 1.6872229 1.5472803 0.0000000 0.4460654 0.6425344 0.5732728 0.5763806 0.5571833 0.8153611 2.3505439 2.3814244 2.5387237 2.3594420 2.3761511 2.5771375 2.8052806 2.1057967 2.4862045 2.3928549 2.5975626 2.3261617 2.3456200 3.0083765 3.0760501 2.4029559 2.8745417 2.4968609 2.6987423 2.8472829 2.8218697 1.9527857 2.4866464 2.4540673 2.8171432 2.8633071 2.3626676 2.8835145 2.8240172 2.5763176 3.1973259 2.6066265 3.5386773 2.4605054 5.6997026 
Drygla_Dgla_sb298162                                  2.5366232 2.5761980 2.1622979 2.1393100 2.6376051 2.7573754 2.2093340 2.0748978 2.2149482 2.8262050 2.1339709 2.2944278 2.4267906 1.8403573 2.2585066 2.1189382 2.2097391 1.9559601 2.3645840 2.4815002 2.2116946 1.8760271 1.9247707 2.4372248 2.0748292 1.6644540 1.8610399 1.7683607 1.8062759 1.5344283 0.4460654 0.0000000 0.7080939 0.6384778 0.6256360 0.6137005 0.9546859 2.1960950 2.3157025 2.6119201 2.6497715 2.4684813 2.6441718 2.6571900 2.2210833 2.8828533 2.6004918 2.6246448 2.4406722 2.3233430 3.3349148 3.4734702 2.6946674 3.1281138 2.7484956 2.9148281 2.9631498 3.2344859 2.1929046 2.9336958 3.1492119 2.9615131 3.0041700 2.6309040 3.1271792 3.0607971 3.0543559 3.6681916 2.7431878 3.0467267 2.4804516 6.0321904 
Eupdun_Edun_sb10628090                                1.7385363 1.5619138 1.4890536 1.2148263 1.5767722 1.5654355 1.5953521 0.3013068 1.4785951 1.4603192 1.3652617 1.3537910 1.2780453 0.9490594 1.3946904 1.4290619 1.6084374 1.4394814 1.4713250 1.5221665 1.5813691 1.1916189 1.3415888 1.3712645 1.6466519 1.1011865 1.0914256 1.0914256 1.0964845 1.3374003 0.6425344 0.7080939 0.0000000 0.5600304 0.6886064 0.6848700 0.7068837 1.4523006 1.4384439 1.6900690 1.7381927 1.6399575 1.7965281 1.6974743 1.3411385 1.5000723 1.4137679 1.4226467 1.6390873 1.4774970 1.9566531 2.6903806 2.0743401 2.0547744 2.2754319 2.4827321 2.2167836 1.9478049 1.6777229 1.7461272 1.8503744 2.1482766 2.3742150 2.0053038 2.3327601 2.3332867 2.2180118 2.5648059 2.1087118 2.5249946 1.7346235 4.4547768 
Lampan_Lpan_14307_01                                  2.2022627 2.1817693 1.7526477 1.7970277 2.4072626 2.3960877 1.9459886 1.7291960 1.8705533 2.4158153 1.8586488 1.8807308 1.8974892 1.5551905 1.8541943 1.7915038 1.9728992 1.7850008 1.9219313 2.0492178 1.7858421 1.5114570 1.7139763 2.0739027 1.9610245 1.5248070 1.5762641 1.5308507 1.5567966 1.5777072 0.5732728 0.6384778 0.5600304 0.0000000 0.7073188 0.6892305 0.7349404 2.1768951 2.1214381 2.1823419 2.1967502 1.9622157 2.1144708 2.1754204 1.9925061 2.1718767 1.9954305 2.1542264 2.1347004 2.0982844 2.8225426 2.9337020 2.3306880 2.8323569 2.5220435 2.6185458 2.5249702 2.5217023 1.7520512 2.3660241 2.4555184 2.6860760 2.7316086 2.3336191 2.7265448 2.6797312 2.4632066 3.2900373 2.5155192 3.3296581 2.4418110 5.4001917 
Pbac_sb2657872                                        2.4263308 2.4684345 1.8173292 1.7667159 2.6523551 2.7201155 2.1233305 2.1256277 1.8663769 2.7796727 2.0814358 2.0823796 2.2125943 1.6930696 2.1017510 2.0322255 2.0372730 1.6426848 2.1854794 2.2244855 1.8658560 1.7670906 1.8835918 2.2170421 1.9380367 1.5853834 1.6205980 1.5634607 1.6332121 1.3948133 0.5763806 0.6256360 0.6886064 0.7073188 0.0000000 0.0116405 0.8835928 2.1771283 2.2020194 2.4980232 2.4362495 2.1320782 2.5976883 2.4480672 2.1928343 2.3551439 2.1411490 2.2382899 2.1808772 2.1068128 3.0083625 3.4957186 2.3731388 2.5349177 2.6780215 2.9055638 3.1340550 2.8539210 2.0788144 2.3874882 2.5986771 2.9134612 3.2034374 2.6262147 3.1129817 3.0274650 2.9132221 3.0436324 2.7707900 3.4378319 2.3748009 5.8770272 
Horcal_Hcv1.av93.c1.g293.i1                           2.4096936 2.4696936 1.7926506 1.7666319 2.6379741 2.7197992 2.1141091 2.1256277 1.8467193 2.7853088 2.0863679 2.0884804 2.2174410 1.6930696 2.1109808 2.0385434 2.0447065 1.6493961 2.1798780 2.2196488 1.8636357 1.7655911 1.8892080 2.2194015 1.9338789 1.5819594 1.6174450 1.5602666 1.6300562 1.3970424 0.5571833 0.6137005 0.6848700 0.6892305 0.0116405 0.0000000 0.8782527 2.1782766 2.2029896 2.4829270 2.4117106 2.1153055 2.5808785 2.4448079 2.1446676 2.3311580 2.1150480 2.2335249 2.1760725 2.1192327 3.0202822 3.4833355 2.3773405 2.5388760 2.6811462 2.9083995 3.1243989 2.8551076 2.0476160 2.3855899 2.5839052 2.8957109 3.1903990 2.6122002 3.1013126 3.0128764 2.8942938 3.0111258 2.7745683 3.3902412 2.3640346 5.8558708 
Coemet_Cmet_C597373_01                                2.2226771 2.1873815 1.8011612 1.7404517 2.2757532 2.3436276 2.1898131 1.8725781 2.0665696 2.7474908 2.0936564 2.0604930 2.0553882 1.5937594 2.0751289 2.0338638 2.0181609 1.7172961 1.8902580 2.0153896 1.9149921 1.5474935 1.9800811 2.3863694 2.1412884 1.6373612 1.6967205 1.6518322 1.6809337 1.5908777 0.8153611 0.9546859 0.7068837 0.7349404 0.8835928 0.8782527 0.0000000 2.1009441 2.1251845 2.3780918 2.2652374 2.0895433 2.4587032 2.4834550 2.1535779 2.3301931 2.0802713 2.1343905 2.2787219 2.0369049 2.6660773 2.9042906 2.4846090 2.7672370 2.6730856 2.5915775 2.4716055 2.6549728 1.8182593 2.6433184 2.4920310 2.4618242 2.6017594 2.3031278 2.6540693 2.5709779 2.4472949 2.8208151 2.3261138 3.0755422 2.4806314 5.5214780 
Emue_Em0018g500a.t1                                   2.0569509 1.9777402 2.1357768 1.9822716 1.5034880 1.4187777 1.1813603 0.8596490 2.2496124 2.2927766 1.9787985 2.1335308 1.9980141 1.2894057 2.0084538 2.0323523 1.9905122 1.6488733 2.0885953 1.9611457 1.8878635 1.6845891 1.9101415 1.9081297 2.4224779 2.1551876 2.1676997 2.1169140 2.1593507 2.0350187 2.3505439 2.1960950 1.4523006 2.1768951 2.1771283 2.1782766 2.1009441 0.0000000 0.2186624 2.2833963 1.9237917 1.7983801 2.0782379 2.1240990 1.6428708 2.5128037 1.9199283 1.9108489 1.7295144 1.7734859 2.6460515 2.6794230 2.8558538 3.4714771 2.7972944 2.9781927 3.5253668 3.0140596 2.8790478 3.1766164 2.9182520 3.3791187 3.0517400 3.2294880 3.1621104 3.3318602 3.2969945 3.5482575 3.2799499 2.4514552 1.9295381 5.1855957 
Spolac_c104715_g3_i1_m.42700c104715-g3                2.1131483 1.7459780 1.8009126 1.8124308 1.3186654 1.4094240 1.1225275 0.8007232 2.1124613 2.3764576 1.9188748 2.0328860 1.8644614 1.3799900 2.1009701 1.9650692 1.8843621 1.6658874 1.9844151 1.9052713 1.7698988 1.5120891 1.8556781 2.1957344 2.5115027 2.0138364 1.8964701 1.8534262 1.8663883 1.8854057 2.3814244 2.3157025 1.4384439 2.1214381 2.2020194 2.2029896 2.1251845 0.2186624 0.0000000 2.1132815 1.7435108 1.5994315 2.0585922 1.9951028 1.6511155 2.3367349 1.9123373 1.7741115 1.7390454 1.6302552 2.7194913 2.8164163 2.7560797 3.2858760 2.6749089 2.9948691 2.9478474 2.6601934 2.6712227 2.7729783 2.6702965 3.0978825 3.1779738 2.7963825 3.1227095 3.2461595 2.9720548 3.0356364 2.8535467 2.3000208 1.8939631 4.9100675 
Scil_scict002012.1                                    2.4153158 1.8007248 1.8638264 1.9450777 2.4062320 2.4201043 2.1206489 1.4354537 2.2407710 2.5366981 2.1147726 2.1808505 2.2455855 1.9402713 2.2003397 1.7761902 1.9939127 1.8951216 2.1513617 2.3294519 2.0426033 1.9423209 2.5875963 2.7202840 2.7804251 1.9572636 2.1288103 1.9820069 2.1099903 1.7825812 2.5387237 2.6119201 1.6900690 2.1823419 2.4980232 2.4829270 2.3780918 2.2833963 2.1132815 0.0000000 0.4516108 0.4423058 0.7511924 1.1048674 2.2187454 2.5763625 2.6233506 2.4623678 2.4092834 2.5004450 3.0261255 2.7743660 3.2394801 3.3156999 2.6750962 3.3961544 3.2692766 2.9886358 2.6156689 3.4448888 2.9844030 2.8702524 3.3565106 3.0868929 3.5879660 3.3439868 3.5005977 4.1105714 2.8472156 2.9190880 2.8045177 6.7909750 
Gracom_Gcom_C549962_01                                2.4511478 2.0745580 2.1395961 1.9727614 2.3421888 2.3085607 1.9119180 1.5781870 2.1552450 2.5918926 2.1831232 2.3434057 2.2854657 1.8503986 2.3180877 2.1042138 2.2794459 1.9836015 2.2971578 2.2947611 2.4874723 2.2585809 2.5232445 2.8003393 2.8016640 1.9614719 2.0406626 1.9041651 2.0235163 1.7525397 2.3594420 2.6497715 1.7381927 2.1967502 2.4362495 2.4117106 2.2652374 1.9237917 1.7435108 0.4516108 0.0000000 0.4125917 0.7986708 1.0995802 1.9912599 2.4768155 2.5943285 2.3443294 2.3318651 2.3678640 3.1702480 2.8756556 3.1723546 3.7224820 3.1210006 3.4886661 3.5562826 3.1987946 2.5611563 3.4243803 2.8771351 3.0574723 3.3607065 2.9264238 3.4333975 3.3694451 3.6490809 4.0961556 3.2153444 3.0202614 2.8004007 6.5012635 
Leuniv_Lniv_scaffold22472_01                          2.1888140 1.5864071 1.7475284 1.6991144 2.1463307 2.1835555 1.9648814 1.3162484 1.5714121 2.2754027 1.8139336 1.7771064 1.7240754 1.7631555 1.7849808 1.4557586 1.5898032 2.0096223 1.9478028 2.1064443 1.7183239 1.3519450 2.3472858 2.3831273 2.3622988 1.7662228 1.8526638 1.8526638 1.8253462 1.7502777 2.3761511 2.4684813 1.6399575 1.9622157 2.1320782 2.1153055 2.0895433 1.7983801 1.5994315 0.4423058 0.4125917 0.0000000 0.7076180 0.7907289 2.0832302 2.2140705 2.2401885 2.0346081 2.2783493 2.2513546 2.5145461 2.5273091 3.2352266 3.5141247 2.9767558 3.1618453 2.9396871 2.7960904 2.6831826 2.9565117 2.6175049 2.6151519 3.3260781 2.5975518 2.8538041 2.9463770 3.1889218 3.5352832 2.8949563 2.1217573 3.0194478 4.9282793 
Lcom_lcpid76808                                       2.3986461 2.2510947 2.0517574 2.1998870 2.6594681 2.7548282 2.1815830 1.6089863 2.1777218 2.8823692 2.3895345 2.4783454 2.4199277 1.9324703 2.4782751 2.2992058 2.2190938 2.0766795 2.3375445 2.5363086 2.4264740 2.0598260 2.7110461 2.9216211 2.9157494 1.9324527 2.1683743 2.0015336 2.1775687 1.9668877 2.5771375 2.6441718 1.7965281 2.1144708 2.5976883 2.5808785 2.4587032 2.0782379 2.0585922 0.7511924 0.7986708 0.7076180 0.0000000 1.3524091 2.2759540 2.6225353 2.4513248 2.4292737 2.9262001 2.6234686 3.1169301 3.0809728 3.5914574 3.8569161 2.9987155 3.4289138 3.5903680 3.2188711 2.6487420 3.6940435 2.9935556 3.2096832 3.5731106 3.1592617 3.2923216 3.3033687 3.8204289 3.9553914 3.4195897 2.6522751 2.7606872 6.4411630 
Clacor_Ccor_scaffold12823_01                          2.3620148 1.8690821 2.1817978 2.0739400 2.6305030 2.3847021 2.0005944 1.3649174 1.9854145 2.5649011 2.2538333 2.0843134 2.0191328 1.4934043 2.0637949 1.9100067 2.0987794 1.6858198 1.8749056 1.9325314 1.7350976 1.8521462 2.2446485 1.9580341 2.3945525 1.7849046 1.8696575 1.7714470 1.8596793 1.7656176 2.8052806 2.6571900 1.6974743 2.1754204 2.4480672 2.4448079 2.4834550 2.1240990 1.9951028 1.1048674 1.0995802 0.7907289 1.3524091 0.0000000 2.1066312 2.1021413 2.1599353 2.2574277 2.3776013 2.3180779 2.7128378 3.6145486 3.1838309 3.6323536 2.6572317 3.2800153 3.2480187 2.2849769 2.7735409 2.9971075 2.4455277 2.8243989 3.4388207 2.6792804 3.6206365 3.3163551 3.9878297 4.1446020 3.0772348 3.3354068 2.0476306 6.4694151 
Dpul_mRNA2800                                         1.4780524 1.4783472 1.4925788 1.4253190 1.9608563 1.8499370 1.9334742 1.6721533 1.5300575 2.2517214 1.7212805 1.5270594 1.4407391 1.3909672 1.5698321 1.2595244 1.2769377 1.7366100 1.6373977 1.7221440 1.4571270 1.3917673 1.6128640 1.7661632 1.7805998 1.5261321 1.5101352 1.5101352 1.5039128 1.4510125 2.1057967 2.2210833 1.3411385 1.9925061 2.1928343 2.1446676 2.1535779 1.6428708 1.6511155 2.2187454 1.9912599 2.0832302 2.2759540 2.1066312 0.0000000 1.2958447 1.2765633 1.1796292 1.2176165 1.7719764 1.4261116 2.5437510 2.3333552 2.5808717 2.1476388 2.3462737 2.4889552 2.0464021 2.4151120 2.0881316 2.3458667 2.3960940 2.8604227 2.3557211 2.6741785 2.5226475 2.4457787 2.7005201 2.2467790 2.0346216 2.3674137 4.8290717 
Ctel_gnl_WGS_AMQN_CAPTEDRAFT_mRNA224289               1.8629731 1.6530887 1.7060183 1.6941254 2.2717538 2.2720862 1.8603713 1.3508503 1.7432996 2.3654802 1.7771888 1.6521620 1.8080051 1.4887549 1.6623216 1.5496238 2.0998671 1.7732696 1.9132737 2.0702365 2.1487949 1.6793570 2.0978205 2.2169928 2.5560953 1.8651473 1.9271771 1.8602749 1.9134122 1.8536633 2.4862045 2.8828533 1.5000723 2.1718767 2.3551439 2.3311580 2.3301931 2.5128037 2.3367349 2.5763625 2.4768155 2.2140705 2.6225353 2.1021413 1.2958447 0.0000000 1.1817375 1.0487574 1.3805936 1.9658062 2.3219457 3.0484840 2.6308598 3.1540397 2.1668460 2.4078102 2.7626605 2.7738718 2.7780736 3.1894598 2.4227547 2.6732879 2.9308082 2.6642488 3.2211798 3.3177047 3.1433449 3.6547278 2.9049528 2.7375032 2.6011245 4.6277135 
Cgig_XM_011421704.2                                   1.5129364 1.5506327 1.6853697 1.5917022 2.3860892 2.1202412 1.9541067 1.5842674 1.5061837 2.0609478 1.6147989 1.6084549 1.6221375 1.3169360 1.6341362 1.4396161 1.3619980 1.7239955 1.7686460 1.9820474 1.9727793 1.7111979 1.7601311 2.2082684 2.3023081 1.6846021 1.7117699 1.6521756 1.7003970 1.6717805 2.3928549 2.6004918 1.4137679 1.9954305 2.1411490 2.1150480 2.0802713 1.9199283 1.9123373 2.6233506 2.5943285 2.2401885 2.4513248 2.1599353 1.2765633 1.1817375 0.0000000 0.8613936 1.1822459 1.8275866 2.1741622 2.9722029 2.9809498 2.8810479 2.6048983 2.6857812 2.8818987 2.7700898 3.1925212 3.1821129 2.9487642 3.0755323 3.3809361 2.7516706 3.0656715 3.0275291 3.4843431 3.3937992 2.9950800 3.5503459 2.1514289 4.7271109 
Acagra_model.g30334.t1                                1.4892322 1.3964570 1.5567219 1.1862572 1.9381586 2.0336176 1.6922515 1.3585188 1.4382030 2.1230552 1.5429196 1.5355734 1.4121670 1.1896475 1.4454736 1.3461115 1.7249738 1.5367789 1.7787551 1.9941522 1.9307134 1.3638812 1.8372842 2.1790135 2.2061614 1.5511747 1.6069642 1.5545877 1.5891647 1.5448383 2.5975626 2.6246448 1.4226467 2.1542264 2.2382899 2.2335249 2.1343905 1.9108489 1.7741115 2.4623678 2.3443294 2.0346081 2.4292737 2.2574277 1.1796292 1.0487574 0.8613936 0.0000000 1.1138951 1.6857984 2.0584463 2.9947867 2.9622239 3.0457906 2.6642373 2.6183607 2.9975013 2.7267277 2.6609605 3.1977367 2.6038618 3.1293116 2.9706624 2.6833113 3.4008096 3.5327517 3.3567672 3.5247453 2.9989919 2.5713060 2.0756237 5.7686210 
Cscu_XM_023366170.1                                   1.3429512 1.4578516 1.3539641 1.2942545 2.0181369 1.9820418 1.8788174 2.1007567 1.4988791 2.2827668 1.5919098 1.4738970 1.3799339 1.2840406 1.4983578 1.1996589 1.2821054 1.7259489 1.6358814 1.7406739 1.5878470 1.3484888 1.6499216 2.1109765 1.8903001 1.5255942 1.5254675 1.5254675 1.5488308 1.5452755 2.3261617 2.4406722 1.6390873 2.1347004 2.1808772 2.1760725 2.2787219 1.7295144 1.7390454 2.4092834 2.3318651 2.2783493 2.9262001 2.3776013 1.2176165 1.3805936 1.1822459 1.1138951 0.0000000 1.6787916 1.7081000 2.9543902 3.1256336 3.2006098 2.8410508 2.7867095 2.9332483 2.9672114 3.0640672 2.8306074 2.6230432 2.7105910 3.2157879 2.5669701 2.8668740 2.9675882 2.9785033 3.6516291 2.7544526 2.5967340 2.1869470 4.0113907 
Chem_TCONS_00003152                                   1.9736147 1.7675336 1.8460966 1.9056687 2.2856492 2.4172475 1.9101757 1.8366954 1.4803344 2.0327719 1.5669281 1.6706944 1.5367119 1.2279487 1.5731234 1.6858152 1.5788681 1.0892353 1.3438705 1.3547203 1.4059211 1.2671574 1.6826913 1.8573230 2.2113809 1.7196622 1.6935622 1.6077670 1.6998731 1.6712334 2.3456200 2.3233430 1.4774970 2.0982844 2.1068128 2.1192327 2.0369049 1.7734859 1.6302552 2.5004450 2.3678640 2.2513546 2.6234686 2.3180779 1.7719764 1.9658062 1.8275866 1.6857984 1.6787916 0.0000000 2.2096573 2.8255473 2.8571261 2.8494762 2.5361994 2.7968263 3.1753737 2.4877882 2.5098124 2.7910366 2.6339835 2.8805911 3.1337565 2.7066842 2.8486907 2.9185278 2.7342735 2.9712456 2.5851568 2.3427643 1.1018645 5.7166921 
Tcas_TC003642_001                                     2.5250686 2.3368624 2.5603104 2.2507518 2.8931149 2.7883557 2.5081120 2.2863821 2.2060839 3.0439337 2.2760093 2.1981809 2.1729842 1.7855729 2.3323169 2.2299247 2.2185052 1.8178911 2.1116048 2.1767340 2.3628482 2.1364465 2.2571449 2.6688892 2.7045000 2.0950505 2.2228982 2.1486731 2.2548840 1.9611740 3.0083765 3.3349148 1.9566531 2.8225426 3.0083625 3.0202822 2.6660773 2.6460515 2.7194913 3.0261255 3.1702480 2.5145461 3.1169301 2.7128378 1.4261116 2.3219457 2.1741622 2.0584463 1.7081000 2.2096573 0.0000000 3.5651916 3.0558525 3.2187164 2.8982552 2.9395477 3.2460165 3.1304742 2.7621962 3.1824349 2.8380066 3.1043624 3.1057032 2.7742415 2.9455333 3.1353990 3.4280581 3.3496423 3.2352138 3.4638942 2.6030108 5.5380760 
