69
Hsap_ENST00000263657                              0.0000000 0.5264062 0.6168392 0.5996100 0.2108946 0.6251789 0.6500707 0.6512073 0.6320084 0.5544368 0.3941222 0.8154683 0.6237909 0.5905922 0.5724102 0.4872759 0.4090822 0.7768749 0.7651256 0.7484730 0.7588629 0.6919214 0.7340679 0.7500273 0.5392813 0.7433735 0.8421352 0.7850649 0.6205394 0.6303788 0.7664365 0.9751073 0.9751073 0.4917883 0.8380442 0.8902644 0.8897086 0.9625530 0.5262306 0.6571497 0.9711269 0.8173917 0.8173917 0.7062889 1.1061467 0.9380288 1.1531545 1.0493775 1.0790758 1.0663278 1.2405783 0.9833697 0.5778391 1.0771555 1.1661737 1.3023092 1.2210514 1.2225616 1.3805799 1.1418620 1.2753903 0.8588409 0.7873472 1.2971797 2.1419977 1.5134563 1.5065161 0.8044107 0.8249291 
Bralan_BLAG04000777_1                             0.5264062 0.0000000 0.5492504 0.5570931 0.2194070 0.5187037 0.5053258 0.5253266 0.5309612 0.5299273 0.4284496 0.7859425 0.5521224 0.5364072 0.5635017 0.5062763 0.3970977 0.5548050 0.5507315 0.5766663 0.5284282 0.5736840 0.5835316 0.6443543 0.4856983 0.6124204 0.6458684 0.5703787 0.6513887 0.5740837 0.6583470 0.9043159 0.9043159 0.5309818 0.8975060 0.8586629 0.8546728 1.0629671 0.4379559 0.6711658 0.8632655 0.6896990 0.6896990 0.6363585 0.9635753 0.9330204 1.2280182 1.0800758 1.1027732 1.1517053 1.3565354 1.0382414 0.5575019 1.1680596 1.0774787 1.3610896 1.3955098 1.3317360 1.3687548 1.2147157 1.2148664 0.7224926 0.6608095 1.0232499 1.6720323 1.6793499 1.3790980 0.9051510 0.7339018 
Spur_XM_793095.5                                  0.6168392 0.5492504 0.0000000 0.5431539 0.1900738 0.5747957 0.5705516 0.5280680 0.6926103 0.6632739 0.3849201 0.7799170 0.6697478 0.6618149 0.6475948 0.5207518 0.3392301 0.7862325 0.7849931 0.7438420 0.7303269 0.7261390 0.7813408 0.7990883 0.5746147 0.7583516 0.8373682 0.8139902 0.7217443 0.7080638 0.7599484 0.9264934 0.9264934 0.5219650 0.9166774 0.8790151 0.8750247 1.0866003 0.6694595 0.7909421 0.9149163 0.7995357 0.7995357 0.7593966 1.0732757 0.9546819 1.0450726 1.0612829 1.0773756 1.1198394 1.1587770 1.0223145 0.4654383 1.0679713 1.0464800 1.3046147 1.3251767 1.2366442 1.2899975 0.9939697 1.2266541 0.7489763 0.7062833 1.1757564 1.8835108 1.5587916 1.4045467 1.0299059 0.6883872 
Exapal_XM_021039241.2                             0.5996100 0.5570931 0.5431539 0.0000000 0.0843663 0.4573392 0.4036001 0.4645943 0.4694660 0.5632971 0.3167067 0.6227429 0.6519000 0.6746334 0.5646690 0.6127174 0.3980280 0.6373037 0.6373037 0.7074879 0.6753007 0.6326299 0.6676856 0.7297811 0.5432970 0.7207659 0.7297053 0.6681374 0.6167155 0.5850529 0.6023147 0.7774668 0.7774668 0.4346518 0.6992308 0.7403315 0.7367194 0.8257973 0.5364353 0.6928560 0.8032824 0.7312268 0.7312268 0.6061083 0.8838389 0.7586516 1.1251386 1.0800873 1.1129781 1.0329506 1.1322423 0.9466030 0.6080308 0.9988963 1.0392256 1.3240584 1.2283688 1.1523308 1.3097453 1.2311251 1.2461507 0.6554986 0.5668768 0.8361670 1.7095337 1.4512253 1.4039158 0.7690983 0.7431992 
Nvec_v1g199995                                    0.2108946 0.2194070 0.1900738 0.0843663 0.0000000 0.1752422 0.1776266 0.1870181 0.1883268 0.2202194 0.3136837 0.3765764 0.2621916 0.2853705 0.2724575 0.2851409 0.3947712 0.3373377 0.3373377 0.4251668 0.4073462 0.3975512 0.4130472 0.3886293 0.4225570 0.4225570 0.4150622 0.3750206 0.2493268 0.2915947 0.2787888 0.3721073 0.3721073 0.3948381 0.4005153 0.3939422 0.3939422 0.4035902 0.2947231 0.2553846 0.3768432 0.3788604 0.3788604 0.3099161 0.3900401 0.4645496 0.6909915 0.6810970 0.6538562 0.6146986 0.6178822 0.5681505 0.5828965 0.5856081 0.5981163 0.6468975 0.6372798 0.6338311 0.7640023 0.7524122 0.6565303 0.3625068 0.2527627 0.5047196 1.9513265 1.0626757 0.9820538 0.3882616 0.5466307 
Gfas_gfas1.m1.2187.m1                             0.6251789 0.5187037 0.5747957 0.4573392 0.1752422 0.0000000 0.1526180 0.1642354 0.5107650 0.5028349 0.3622633 0.7462745 0.5779327 0.5571585 0.5519156 0.5229230 0.4052465 0.5834682 0.5867086 0.6181527 0.5610150 0.5715285 0.6591201 0.6731755 0.4974482 0.6445143 0.6614535 0.5681859 0.5734349 0.5249202 0.5744869 0.8268587 0.8268587 0.4674326 0.7720788 0.7240729 0.7206387 0.9018312 0.5919256 0.6571875 0.9769637 0.7483417 0.7483417 0.7180918 0.9068449 0.8946170 1.1189251 1.0407891 1.0878645 1.1471585 1.1683402 0.9879597 0.6153567 1.0301270 1.0864815 1.2532462 1.3133967 1.1632474 1.2087658 1.0963349 1.3615923 0.2848398 0.2201378 0.2880180 0.8129511 1.4471674 1.3561211 0.8950354 0.7879809 
Gasp_gasp1.m3.27574.m1                            0.6500707 0.5053258 0.5705516 0.4036001 0.1776266 0.1526180 0.0000000 0.0939973 0.5024524 0.5490550 0.3108158 0.7093150 0.5726129 0.5593077 0.5093777 0.5849077 0.3824121 0.6032133 0.6066039 0.5680934 0.5293644 0.5122308 0.6184269 0.6592445 0.4661543 0.6275194 0.6363721 0.5306256 0.6296968 0.5424069 0.5204099 0.9230137 0.9230137 0.4879160 0.8446539 0.7929709 0.7892356 0.9762505 0.6037302 0.6187655 0.9217508 0.7195927 0.7195927 0.6611387 0.9960513 0.9487543 1.2527433 1.0609250 1.1291974 1.1483640 1.2185681 0.9743308 0.6355452 1.1035121 1.0653623 1.2669976 1.3120325 1.2111424 1.2832747 1.1754372 1.4491742 0.3984162 0.3264690 0.2896133 0.7415869 1.5718216 1.4115100 0.8651776 0.7716267 
Spis_XP_022788056_1                               0.6512073 0.5253266 0.5280680 0.4645943 0.1870181 0.1642354 0.0939973 0.0000000 0.5087366 0.5564091 0.3223163 0.7111175 0.5674156 0.5356917 0.4694533 0.6084963 0.4115142 0.5807295 0.5839849 0.5446013 0.4842640 0.4884310 0.6038247 0.6389283 0.4578238 0.5911034 0.6268988 0.5202590 0.6566240 0.5757616 0.5324535 0.9021687 0.9021687 0.5066800 0.8492832 0.8060410 0.8022910 1.0208067 0.5864612 0.6053795 0.8844727 0.7082660 0.7082660 0.6924125 0.9147345 0.9511969 1.1937458 1.0674572 1.0998609 1.2039190 1.2673954 1.0023349 0.6387444 1.1149268 1.0802956 1.2423590 1.3675068 1.1676176 1.2389076 1.1173522 1.4098440 0.3710131 0.3076070 0.3028844 0.5400542 1.4997889 1.4222061 0.8583065 0.7863501 
Chem_TCONS_00001603                               0.6320084 0.5309612 0.6926103 0.4694660 0.1883268 0.5107650 0.5024524 0.5087366 0.0000000 0.6365358 0.2964601 0.6919542 0.4984571 0.5413039 0.5495788 0.5919617 0.4031488 0.7154536 0.7186769 0.6295634 0.6270723 0.6244745 0.6629404 0.7627877 0.5606096 0.7371957 0.7179872 0.6310477 0.6015350 0.4948984 0.5340598 0.8994064 0.8994064 0.4989647 0.8861750 0.8795776 0.8754715 1.0670631 0.5802336 0.7263281 0.8052937 0.6637393 0.6637393 0.7704831 0.8844845 0.9219016 1.1482051 1.0782860 1.0651722 1.1129291 1.3027182 1.0316856 0.6039139 1.0548009 1.0841158 1.2308524 1.1706996 1.1946548 1.3581231 1.1415483 1.4282048 0.7310750 0.6506221 1.0351867 1.8530876 1.3572327 1.2412460 0.8964431 0.6119988 
Dgig_XM_028542677.1                               0.5544368 0.5299273 0.6632739 0.5632971 0.2202194 0.5028349 0.5490550 0.5564091 0.6365358 0.0000000 0.3714977 0.7165355 0.5998446 0.5559128 0.5606274 0.5378602 0.4244250 0.7067897 0.6991739 0.7345431 0.6859992 0.6826551 0.6711322 0.7403782 0.5965281 0.7282029 0.7699963 0.7305970 0.3272584 0.5284304 0.6250025 0.9199572 0.9199572 0.5421197 0.8729274 0.8257578 0.8218341 0.9774482 0.4845938 0.7176401 0.8873464 0.8758132 0.8758132 0.7175724 0.9663983 1.0419013 1.1545518 1.0519167 1.0270426 1.1287733 1.2330512 1.0531069 0.7576157 1.0930030 1.2978949 1.4007558 1.4555046 1.1638354 1.4457348 1.3533440 1.2205369 0.7080995 0.6876755 0.9269067 1.5735316 1.4755079 1.3712668 0.9253700 0.7529497 
Emue_Em0019g599a.t1                               0.3941222 0.4284496 0.3849201 0.3167067 0.3136837 0.3622633 0.3108158 0.3223163 0.2964601 0.3714977 0.0000000 0.1024033 0.3935129 0.3916495 0.3192393 0.4540326 0.4050821 0.4483065 0.4483065 0.4494977 0.4236141 0.4320941 0.4176007 0.4533073 0.4921288 0.4921288 0.4400762 0.3735661 0.3787869 0.3880711 0.3044851 0.4197560 0.4197560 0.4422592 0.4651929 0.4613115 0.4613115 0.3907112 0.4771393 0.3607682 0.3169563 0.3974261 0.3974261 0.4154371 0.3641082 0.5640773 0.7110006 0.6742752 0.6857365 0.6943438 0.6078557 0.6700310 0.5949695 0.6573294 0.6134842 0.7498895 0.7198088 0.7661772 0.7456388 0.8023870 0.7146656 0.5948071 0.4488973 1.3161321 4.2475512 1.0984009 1.0093966 0.2999285 0.4700515 
Spolac_c99814_g1_i2_m.20655c99814-g1              0.8154683 0.7859425 0.7799170 0.6227429 0.3765764 0.7462745 0.7093150 0.7111175 0.6919542 0.7165355 0.1024033 0.0000000 0.7134247 0.6770863 0.6984574 0.8605100 0.4628833 0.7382230 0.7296753 0.7689402 0.7350458 0.7315899 0.6898164 0.7692766 0.6916560 0.8261836 0.8106385 0.7030486 0.7596872 0.6724881 0.7048509 0.9393505 0.9393505 0.5274082 0.8600432 0.8715820 0.8673962 0.9790976 0.7353654 0.8610980 0.7159210 0.7023719 0.7023719 0.8368212 1.0108628 1.1203556 1.1407711 1.0412082 1.0789127 1.1277750 1.1788014 0.9478653 0.5932702 1.1647017 1.0699413 1.2231704 1.3015857 1.2626181 1.3505276 1.1925701 1.2095666 0.9510344 0.9040881 1.4768592 2.4546753 1.4250342 1.3338891 0.5046226 0.8984360 
Nemnom_g2360.t1                                   0.6237909 0.5521224 0.6697478 0.6519000 0.2621916 0.5779327 0.5726129 0.5674156 0.4984571 0.5998446 0.3935129 0.7134247 0.0000000 0.1083944 0.5217239 0.5928146 0.3447061 0.6862161 0.6815144 0.6101335 0.5986406 0.5751327 0.6008514 0.7483628 0.5894980 0.7169100 0.6895737 0.5903301 0.6618422 0.3240357 0.5467062 0.8187357 0.8187357 0.5834337 0.8784664 0.7808119 0.7770583 1.0087350 0.5137471 0.6731396 0.8059960 0.7060763 0.7060763 0.7719049 0.9565497 1.0149566 1.0925376 0.8883891 0.9014677 1.0431533 1.2304761 0.9196166 0.6458049 1.0316482 1.0235989 1.2238053 1.1726514 1.0315973 1.1665924 1.1161192 1.1266828 0.8697355 0.8498520 1.1778682 2.0370853 1.5691737 1.5037573 1.0093841 0.7230265 
Rhoesc_Res_001715-T1                              0.5905922 0.5364072 0.6618149 0.6746334 0.2853705 0.5571585 0.5593077 0.5356917 0.5413039 0.5559128 0.3916495 0.6770863 0.1083944 0.0000000 0.5043601 0.6117026 0.3984381 0.6532881 0.6488031 0.5871716 0.5914282 0.5813831 0.5799208 0.7127072 0.5547174 0.6555160 0.7000381 0.5452842 0.6565346 0.2942234 0.5085379 0.7614967 0.7614967 0.5962586 0.8552042 0.7534424 0.7498757 0.9749989 0.4825189 0.6361769 0.7924423 0.6580886 0.6580886 0.7457120 0.8821202 0.9855656 1.1211813 0.9247955 0.9399312 1.0386022 1.1982361 0.9359107 0.6458592 1.0725579 1.0137111 1.2008493 1.1967140 1.1125810 1.1283773 1.1265606 1.0743408 0.8227157 0.8106515 1.0994417 1.8872668 1.5598903 1.4571684 0.8968474 0.7627176 
Cgig_XM_011446034.3                               0.5724102 0.5635017 0.6475948 0.5646690 0.2724575 0.5519156 0.5093777 0.4694533 0.5495788 0.5606274 0.3192393 0.6984574 0.5217239 0.5043601 0.0000000 0.5253521 0.3198548 0.5875170 0.5800189 0.5271514 0.5136792 0.4971623 0.5205978 0.5439901 0.4009794 0.5279975 0.6206487 0.5195531 0.6094058 0.5506864 0.6523988 0.8616634 0.8616634 0.4887746 0.8515706 0.8035388 0.7998154 0.9606420 0.3970323 0.6630504 0.7440457 0.7335041 0.7335041 0.7523290 1.0337742 0.9276244 1.2104971 1.0874565 1.0746287 1.2501358 1.2503113 0.9970647 0.5868036 1.1085309 1.1548720 1.3392733 1.3457702 1.1005685 1.2651101 1.1667655 1.4853670 0.8173544 0.7742919 0.9868508 1.6884752 1.5841753 1.4401155 0.8638514 0.8396949 
Skow_XM_002732229.2                               0.4872759 0.5062763 0.5207518 0.6127174 0.2851409 0.5229230 0.5849077 0.6084963 0.5919617 0.5378602 0.4540326 0.8605100 0.5928146 0.6117026 0.5253521 0.0000000 0.3200150 0.7334069 0.7277928 0.6917786 0.7105132 0.6086734 0.7153204 0.6907955 0.5276326 0.6723663 0.7838083 0.6986553 0.5967471 0.6077580 0.6374991 0.8349501 0.8349501 0.5059475 0.7708711 0.8168242 0.8128766 0.9136192 0.5331348 0.5558138 0.8004429 0.7998991 0.7998991 0.5954960 1.0403593 0.9257244 0.9971838 0.9493446 1.0751865 0.9202506 1.1080918 0.9273757 0.5767334 0.9701101 1.0835539 1.1496088 1.2581461 0.9903280 1.0947222 0.9618471 1.1013935 0.6970610 0.6144975 0.9535382 1.8163295 1.2816485 1.1711532 0.7585166 0.8031740 
Cscu_XM_023361931.1                               0.4090822 0.3970977 0.3392301 0.3980280 0.3947712 0.4052465 0.3824121 0.4115142 0.4031488 0.4244250 0.4050821 0.4628833 0.3447061 0.3984381 0.3198548 0.3200150 0.0000000 0.3899828 0.3899828 0.4382834 0.3967441 0.4111650 0.3959494 0.3881405 0.4015612 0.4015612 0.3608117 0.3990074 0.4197251 0.3997017 0.4281446 0.3972541 0.3972541 0.3976991 0.4059828 0.4411486 0.4411486 0.3989923 0.4436414 0.3784444 0.4896314 0.4622987 0.4622987 0.4260299 0.6131299 0.4562520 0.6053261 0.6463860 0.6463826 0.7748395 0.6079179 0.6538839 0.6190935 0.6411179 0.7339307 0.7143957 0.7360730 0.7069055 0.6847108 0.6432866 0.8343218 0.6022321 0.4569556 0.9833331 2.1065935 0.8763704 0.9448619 0.4670366 0.6326624 
Pbac_sb2659564                                    0.7768749 0.5548050 0.7862325 0.6373037 0.3373377 0.5834682 0.6032133 0.5807295 0.7154536 0.7067897 0.4483065 0.7382230 0.6862161 0.6532881 0.5875170 0.7334069 0.3899828 0.0000000 0.0053449 0.1856804 0.1672453 0.2074743 0.2025883 0.2695325 0.2211166 0.2987874 0.2161747 0.2665289 0.7663129 0.6024091 0.7561260 0.8384728 0.8384728 0.5297657 0.7815503 0.7536177 0.7680819 0.9219791 0.7423405 0.7415508 0.8159733 0.7778005 0.7778005 0.7824412 0.9208772 0.9846043 0.9415196 0.9057632 0.8843194 1.0036272 1.1097454 0.9001513 0.6060442 0.9318235 0.9435776 1.1172129 1.1169799 0.9723285 1.0734358 1.0680372 1.0986727 0.8806559 0.8817289 1.2273076 1.8965853 1.5117341 1.3385847 0.8223329 0.8452703 
Horcal_Hcv1.av93.c6.g667.i1                       0.7651256 0.5507315 0.7849931 0.6373037 0.3373377 0.5867086 0.6066039 0.5839849 0.7186769 0.6991739 0.4483065 0.7296753 0.6815144 0.6488031 0.5800189 0.7277928 0.3899828 0.0053449 0.0000000 0.1856804 0.1657509 0.2074743 0.1955666 0.2709089 0.2211166 0.3002920 0.2136447 0.2678988 0.7782627 0.6102969 0.7475405 0.8485142 0.8485142 0.5383137 0.7909758 0.7629655 0.7775276 0.9348205 0.7455640 0.7299163 0.8082774 0.7725970 0.7725970 0.7772995 0.9075519 0.9743994 0.9415196 0.9057632 0.8843194 1.0036272 1.1000475 0.9001513 0.6060442 0.9219153 0.9435776 1.1080617 1.1076894 0.9637708 1.0729688 1.0669436 1.0975881 0.8856097 0.8875981 1.2368480 1.8691921 1.5007534 1.3281660 0.8128315 0.8452703 
Bolinf_Binf_sb1253854                             0.7484730 0.5766663 0.7438420 0.7074879 0.4251668 0.6181527 0.5680934 0.5446013 0.6295634 0.7345431 0.4494977 0.7689402 0.6101335 0.5871716 0.5271514 0.6917786 0.4382834 0.1856804 0.1856804 0.0000000 0.1374862 0.1243229 0.1532989 0.2113868 0.1775656 0.2308912 0.2157244 0.2163458 0.8149056 0.5946890 0.6983511 0.8262856 0.8262856 0.5522476 0.8323399 0.8464673 0.8578781 1.0168748 0.7643837 0.7062224 0.7629117 0.6943094 0.6943094 0.8201499 1.0598714 0.8464176 0.9872867 0.9591277 0.9185090 0.9207784 0.9529060 0.9046116 0.6575019 0.9052634 0.9667235 0.9753418 1.0451194 1.0751027 0.9383800 0.9104514 1.1101991 0.8955167 0.8425120 1.2941060 2.0316846 1.3722650 1.1855989 0.7980326 0.8270965 
Mertsp_Mesp_sb569777                              0.7588629 0.5284282 0.7303269 0.6753007 0.4073462 0.5610150 0.5293644 0.4842640 0.6270723 0.6859992 0.4236141 0.7350458 0.5986406 0.5914282 0.5136792 0.7105132 0.3967441 0.1672453 0.1657509 0.1374862 0.0000000 0.1148993 0.1295392 0.2165825 0.1738714 0.2100089 0.1629644 0.1787365 0.7461088 0.6271631 0.6932051 0.8541060 0.8541060 0.5650693 0.8157853 0.8156140 0.8309128 0.9678147 0.7622922 0.6511702 0.7819891 0.7108132 0.7108132 0.7451208 1.0160027 0.8662584 1.0124397 0.9733211 0.9510298 1.0242013 1.0985019 0.9870329 0.6563916 0.9275026 1.0329079 1.0736967 1.1487901 1.0393905 0.9960628 1.0201813 1.1688224 0.8380925 0.7362113 1.0889114 1.7165694 1.3403089 1.1818825 0.8532717 0.9542377 
Drygla_Dgla_sb297144                              0.6919214 0.5736840 0.7261390 0.6326299 0.3975512 0.5715285 0.5122308 0.4884310 0.6244745 0.6826551 0.4320941 0.7315899 0.5751327 0.5813831 0.4971623 0.6086734 0.4111650 0.2074743 0.2074743 0.1243229 0.1148993 0.0000000 0.1368794 0.2442840 0.1795407 0.2399475 0.2014117 0.2160311 0.7139672 0.5760657 0.6583225 0.7831350 0.7831350 0.5177498 0.7899536 0.8037721 0.8023725 0.9475350 0.7345596 0.6245681 0.7821343 0.7372301 0.7372301 0.7731240 1.0313521 0.8079009 0.9744641 0.9344276 0.9502897 0.9357970 0.9805019 0.9061700 0.6062756 0.8604824 0.9792761 0.9942438 1.0204423 0.9862180 0.9527872 0.9342911 1.1584260 0.7905942 0.7275700 1.1320956 1.8061114 1.3071210 1.2406526 0.8168777 0.8877467 
Beraby_Baby_sb352731                              0.7340679 0.5835316 0.7813408 0.6676856 0.4130472 0.6591201 0.6184269 0.6038247 0.6629404 0.6711322 0.4176007 0.6898164 0.6008514 0.5799208 0.5205978 0.7153204 0.3959494 0.2025883 0.1955666 0.1532989 0.1295392 0.1368794 0.0000000 0.2126520 0.1835611 0.2401551 0.1959358 0.2307338 0.7817250 0.6188988 0.7501930 0.7886591 0.7886591 0.5601101 0.7843306 0.8042440 0.8029051 0.9384058 0.7464567 0.6415322 0.7657591 0.7666198 0.7666198 0.7168015 0.9928579 0.8254945 1.0178471 0.9860668 0.9728008 0.9487819 1.1126546 0.9573813 0.6650966 0.9519350 1.0476909 1.1466886 1.2085522 1.0271452 1.1211824 1.0194411 1.2498039 0.9164924 0.8384347 1.2398450 2.0009187 1.3914100 1.1777296 0.8272751 0.9039211 
Vmul_sbMO407204                                   0.7500273 0.6443543 0.7990883 0.7297811 0.3886293 0.6731755 0.6592445 0.6389283 0.7627877 0.7403782 0.4533073 0.7692766 0.7483628 0.7127072 0.5439901 0.6907955 0.3881405 0.2695325 0.2709089 0.2113868 0.2165825 0.2442840 0.2126520 0.0000000 0.0890207 0.1401986 0.2672110 0.2908079 0.8528301 0.6763515 0.9134578 0.8796820 0.8796820 0.5859781 0.8883522 0.7914995 0.7907471 1.0630715 0.7560234 0.7792641 0.9357840 0.7661131 0.7661131 0.8626397 1.0992557 0.9868670 0.9228029 0.9120550 0.9407521 1.0280713 1.2013319 0.9779784 0.6451413 1.0348703 1.1063269 1.1634413 1.2277935 1.0437643 1.0868960 1.0879418 1.2490720 0.9699270 0.9330003 1.4164260 2.1842804 1.6069438 1.3316234 0.9568791 0.9294024 
Coeast_Cast_sb792052                              0.5392813 0.4856983 0.5746147 0.5432970 0.4225570 0.4974482 0.4661543 0.4578238 0.5606096 0.5965281 0.4921288 0.6916560 0.5894980 0.5547174 0.4009794 0.5276326 0.4015612 0.2211166 0.2211166 0.1775656 0.1738714 0.1795407 0.1835611 0.0890207 0.0000000 0.0000010 0.2226105 0.1988011 0.6603877 0.5428461 0.6287536 0.6961833 0.6961833 0.5297856 0.6772633 0.6734953 0.6734953 0.7624610 0.6011021 0.5950939 0.7172061 0.5832929 0.5832929 0.6570368 0.9792642 0.7105103 0.7303968 0.6889476 0.7126116 0.8220977 0.8550126 0.7737666 0.6303783 0.7144946 0.8623349 0.8183358 0.8225774 0.8025704 0.7576837 0.8319257 1.0104266 0.7685718 0.6906749 1.0430076 1.8080217 1.1765471 1.0195997 0.5977657 0.8995662 
Coemet_Cmet_C587579_01                            0.7433735 0.6124204 0.7583516 0.7207659 0.4225570 0.6445143 0.6275194 0.5911034 0.7371957 0.7282029 0.4921288 0.8261836 0.7169100 0.6555160 0.5279975 0.6723663 0.4015612 0.2987874 0.3002920 0.2308912 0.2100089 0.2399475 0.2401551 0.1401986 0.0000010 0.0000000 0.2866259 0.2892560 0.8403234 0.6961186 0.8589113 0.8859691 0.8859691 0.5627436 0.8759233 0.8299438 0.8291333 0.9951246 0.7259795 0.7761013 0.9106169 0.7602502 0.7602502 0.7934697 1.1437371 0.9425360 0.9596396 0.9096868 0.9144256 1.0434576 1.0596863 0.9672304 0.6303783 0.9429744 1.0839254 1.0883140 1.1559556 1.0039680 1.0191232 1.0926396 1.2888135 0.9468535 0.8847132 1.2940721 2.0105133 1.4326150 1.2667150 0.9025034 0.9515414 
Lampan_Lpan_C397179_01                            0.8421352 0.6458684 0.8373682 0.7297053 0.4150622 0.6614535 0.6363721 0.6268988 0.7179872 0.7699963 0.4400762 0.8106385 0.6895737 0.7000381 0.6206487 0.7838083 0.3608117 0.2161747 0.2136447 0.2157244 0.1629644 0.2014117 0.1959358 0.2672110 0.2226105 0.2866259 0.0000000 0.2670284 0.8059434 0.6455005 0.8032958 0.8323072 0.8323072 0.5619418 0.7906553 0.7991879 0.8142428 0.9188158 0.8595576 0.7319268 0.8344909 0.8910769 0.8910769 0.8675574 1.0689881 0.9479238 1.0713842 0.9962882 0.9965566 1.0429645 1.1146392 1.0452698 0.7273661 0.9789419 1.0599923 1.1933563 1.2222103 1.0839530 1.0813192 1.1140349 1.3149092 0.8690488 0.8152191 1.3661804 2.0923097 1.4660628 1.3454588 0.9860902 0.8932246 
Eupdun_Edun_sb10636065                            0.7850649 0.5703787 0.8139902 0.6681374 0.3750206 0.5681859 0.5306256 0.5202590 0.6310477 0.7305970 0.3735661 0.7030486 0.5903301 0.5452842 0.5195531 0.6986553 0.3990074 0.2665289 0.2678988 0.2163458 0.1787365 0.2160311 0.2307338 0.2908079 0.1988011 0.2892560 0.2670284 0.0000000 0.6857380 0.5921851 0.6940711 0.8903356 0.8903356 0.6108022 0.9053970 0.8370786 0.8287528 1.0567258 0.7206696 0.6552227 0.7885582 0.7118862 0.7118862 0.7830478 1.0353627 0.9399187 1.0668749 0.9293196 0.9440281 0.9829680 1.2319037 0.9534743 0.6116063 1.0296108 0.9943535 1.1692628 1.1745956 1.0753103 1.0013807 1.1307361 1.1866262 0.7538064 0.6874362 1.0854735 1.8490912 1.4054981 1.2427448 0.8656443 0.8839594 
Xesp_012111-T1                                    0.6205394 0.6513887 0.7217443 0.6167155 0.2493268 0.5734349 0.6296968 0.6566240 0.6015350 0.3272584 0.3787869 0.7596872 0.6618422 0.6565346 0.6094058 0.5967471 0.4197251 0.7663129 0.7782627 0.8149056 0.7461088 0.7139672 0.7817250 0.8528301 0.6603877 0.8403234 0.8059434 0.6857380 0.0000000 0.6257383 0.7507811 1.0849091 1.0849091 0.5823188 1.0111736 0.9810283 0.9766079 1.0964645 0.5843573 0.7718342 0.9524877 0.9350295 0.9350295 0.7424704 1.0193806 1.0807623 1.1138225 1.0395714 1.0904651 1.1452164 1.2675045 1.0145927 0.6674495 1.1325828 1.2582963 1.3658510 1.3886027 1.1787070 1.3960126 1.4301294 1.2534316 0.7665113 0.7289678 1.2431948 1.9351276 1.4230721 1.4633507 1.0736911 0.8496052 
Sanmal_Sma_027119-T1                              0.6303788 0.5740837 0.7080638 0.5850529 0.2915947 0.5249202 0.5424069 0.5757616 0.4948984 0.5284304 0.3880711 0.6724881 0.3240357 0.2942234 0.5506864 0.6077580 0.3997017 0.6024091 0.6102969 0.5946890 0.6271631 0.5760657 0.6188988 0.6763515 0.5428461 0.6961186 0.6455005 0.5921851 0.6257383 0.0000000 0.5305381 0.8102889 0.8102889 0.5250299 0.8998191 0.7455977 0.7419757 1.0172979 0.4777943 0.6600165 0.8474470 0.6722448 0.6722448 0.7214813 0.9629380 0.9559727 0.9767638 0.8569068 0.8630823 1.0695264 1.1951931 0.8836380 0.5544377 1.0483256 0.9651074 1.2741050 1.2192143 1.1210860 1.2369835 1.1413252 1.0517358 0.7786236 0.7655717 1.0842966 1.9256056 1.5018902 1.4369300 0.9496248 0.6599891 
Morvir_scaffold161.g35.t1                         0.7664365 0.6583470 0.7599484 0.6023147 0.2787888 0.5744869 0.5204099 0.5324535 0.5340598 0.6250025 0.3044851 0.7048509 0.5467062 0.5085379 0.6523988 0.6374991 0.4281446 0.7561260 0.7475405 0.6983511 0.6932051 0.6583225 0.7501930 0.9134578 0.6287536 0.8589113 0.8032958 0.6940711 0.7507811 0.5305381 0.0000000 0.9334518 0.9334518 0.4809966 0.8890321 0.8853811 0.8813248 1.0597573 0.6691167 0.7159834 0.8514518 0.7929154 0.7929154 0.8863333 1.0612397 1.0668244 1.0859879 1.0436369 1.0042734 1.0390659 1.1126355 1.0388458 0.5921983 1.1090026 1.1194961 1.3932286 1.3116858 1.2051458 1.2731509 1.2220702 1.2674350 0.7607321 0.7403751 1.0645669 1.8575953 1.6297618 1.4524322 0.8501947 0.7311159 
Tadh_TriadT60292                                  0.9751073 0.9043159 0.9264934 0.7774668 0.3721073 0.8268587 0.9230137 0.9021687 0.8994064 0.9199572 0.4197560 0.9393505 0.8187357 0.7614967 0.8616634 0.8349501 0.3972541 0.8384728 0.8485142 0.8262856 0.8541060 0.7831350 0.7886591 0.8796820 0.6961833 0.8859691 0.8323072 0.8903356 1.0849091 0.8102889 0.9334518 0.0000000 0.0000010 0.1275709 0.1883850 0.1580013 0.1616606 0.2691601 0.8585311 0.9652806 0.9771523 0.8654020 0.8654020 0.9274877 1.0628264 1.0450918 1.2296113 1.1554541 1.1211497 1.1109891 1.3575933 1.2014788 0.6727115 1.1287615 1.1616807 1.4131041 1.4987395 1.1723731 1.3942530 1.3780375 1.3820866 1.1384837 1.1782951 1.6317610 2.5514159 1.8098784 1.8091086 1.2518474 0.9322403 
TrH2_TrispH2_000852-RA                            0.9751073 0.9043159 0.9264934 0.7774668 0.3721073 0.8268587 0.9230137 0.9021687 0.8994064 0.9199572 0.4197560 0.9393505 0.8187357 0.7614967 0.8616634 0.8349501 0.3972541 0.8384728 0.8485142 0.8262856 0.8541060 0.7831350 0.7886591 0.8796820 0.6961833 0.8859691 0.8323072 0.8903356 1.0849091 0.8102889 0.9334518 0.0000010 0.0000000 0.1275709 0.1883850 0.1580013 0.1616606 0.2691601 0.8585311 0.9652806 0.9771523 0.8654020 0.8654020 0.9274877 1.0628264 1.0450918 1.2296113 1.1554541 1.1211497 1.1109891 1.3575933 1.2014788 0.6727115 1.1287615 1.1616807 1.4131041 1.4987395 1.1723731 1.3942530 1.3780375 1.3820866 1.1384837 1.1782951 1.6317610 2.5514159 1.8098784 1.8091086 1.2518474 0.9322403 
HoiH06_mRNA8283                                   0.4917883 0.5309818 0.5219650 0.4346518 0.3948381 0.4674326 0.4879160 0.5066800 0.4989647 0.5421197 0.4422592 0.5274082 0.5834337 0.5962586 0.4887746 0.5059475 0.3976991 0.5297657 0.5383137 0.5522476 0.5650693 0.5177498 0.5601101 0.5859781 0.5297856 0.5627436 0.5619418 0.6108022 0.5823188 0.5250299 0.4809966 0.1275709 0.1275709 0.0000000 0.0561477 0.0710413 0.0710413 0.0269669 0.5500544 0.5922417 0.6308057 0.5947785 0.5947785 0.6042598 0.7417250 0.5872325 0.6457698 0.6615246 0.6329636 0.6485449 0.7064890 0.6717836 0.5943901 0.6526617 0.6485023 0.7803610 0.8022439 0.7287341 0.9471822 0.8687538 0.8607648 0.6719522 0.6525400 0.9148150 2.1125993 1.1553679 1.0681777 0.5442824 0.9089549 
HoiH11_mRNA3698                                   0.8380442 0.8975060 0.9166774 0.6992308 0.4005153 0.7720788 0.8446539 0.8492832 0.8861750 0.8729274 0.4651929 0.8600432 0.8784664 0.8552042 0.8515706 0.7708711 0.4059828 0.7815503 0.7909758 0.8323399 0.8157853 0.7899536 0.7843306 0.8883522 0.6772633 0.8759233 0.7906553 0.9053970 1.0111736 0.8998191 0.8890321 0.1883850 0.1883850 0.0561477 0.0000000 0.0769420 0.0830418 0.0726513 0.7954007 1.0132149 0.9851955 0.8163192 0.8163192 0.8488110 1.0820398 1.0373535 1.1403717 1.0046471 0.9849303 1.0589066 1.2454101 1.0583757 0.5905339 1.0409556 1.0491257 1.3441928 1.4582767 1.1001864 1.3813070 1.3047167 1.3455810 1.0532302 1.0686320 1.4976336 2.3652212 1.6400457 1.5945984 1.1300754 1.0413419 
Hhon_g08095.t1                                    0.8902644 0.8586629 0.8790151 0.7403315 0.3939422 0.7240729 0.7929709 0.8060410 0.8795776 0.8257578 0.4613115 0.8715820 0.7808119 0.7534424 0.8035388 0.8168242 0.4411486 0.7536177 0.7629655 0.8464673 0.8156140 0.8037721 0.8042440 0.7914995 0.6734953 0.8299438 0.7991879 0.8370786 0.9810283 0.7455977 0.8853811 0.1580013 0.1580013 0.0710413 0.0769420 0.0000000 0.0050994 0.0808517 0.8101350 0.9417683 0.9198579 0.8381282 0.8381282 0.8041741 1.0249613 0.9774951 1.1614991 1.0342776 0.9884353 1.0459199 1.2747116 1.1417203 0.6203372 1.0644436 1.0311995 1.2491761 1.3638328 1.1163214 1.3769243 1.3308860 1.3778611 1.0080198 1.0363288 1.3069196 2.2468495 1.6247197 1.5772718 1.1693942 1.0187958 
HoiH04_mRNA12907                                  0.8897086 0.8546728 0.8750247 0.7367194 0.3939422 0.7206387 0.7892356 0.8022910 0.8754715 0.8218341 0.4613115 0.8673962 0.7770583 0.7498757 0.7998154 0.8128766 0.4411486 0.7680819 0.7775276 0.8578781 0.8309128 0.8023725 0.8029051 0.7907471 0.6734953 0.8291333 0.8142428 0.8287528 0.9766079 0.7419757 0.8813248 0.1616606 0.1616606 0.0710413 0.0830418 0.0050994 0.0000000 0.0883565 0.8062668 0.9248316 0.9156287 0.8328686 0.8328686 0.8002372 1.0202254 0.9753161 1.1605708 1.0379813 1.0064286 1.0585125 1.2734468 1.1454585 0.6203372 1.0636621 1.0347804 1.2527991 1.3410942 1.1199757 1.3807470 1.3347143 1.3817996 1.0033461 1.0307785 1.2987920 2.2365625 1.6129369 1.5706577 1.1633794 1.0187958 
HoiH23_PlH23_005693-RA                            0.9625530 1.0629671 1.0866003 0.8257973 0.4035902 0.9018312 0.9762505 1.0208067 1.0670631 0.9774482 0.3907112 0.9790976 1.0087350 0.9749989 0.9606420 0.9136192 0.3989923 0.9219791 0.9348205 1.0168748 0.9678147 0.9475350 0.9384058 1.0630715 0.7624610 0.9951246 0.9188158 1.0567258 1.0964645 1.0172979 1.0597573 0.2691601 0.2691601 0.0269669 0.0726513 0.0808517 0.0883565 0.0000000 0.8543840 1.1676708 1.1206773 1.0379294 1.0379294 0.9110270 1.2549507 1.2996539 1.2832459 1.0415607 1.0575152 1.0669520 1.4365943 1.2043553 0.5792514 1.1672147 1.0776483 1.4626725 1.5861433 1.1594689 1.5627874 1.6129363 1.5529887 1.2596238 1.1390503 1.5334053 1.8942378 1.7496140 1.6726802 1.1592541 1.4032662 
Ctel_gnl_WGS_AMQN_CAPTEDRAFT_mRNA158751           0.5262306 0.4379559 0.6694595 0.5364353 0.2947231 0.5919256 0.6037302 0.5864612 0.5802336 0.4845938 0.4771393 0.7353654 0.5137471 0.4825189 0.3970323 0.5331348 0.4436414 0.7423405 0.7455640 0.7643837 0.7622922 0.7345596 0.7464567 0.7560234 0.6011021 0.7259795 0.8595576 0.7206696 0.5843573 0.4777943 0.6691167 0.8585311 0.8585311 0.5500544 0.7954007 0.8101350 0.8062668 0.8543840 0.0000000 0.6447343 0.7911693 0.7884002 0.7884002 0.7073932 0.9061800 0.8991517 1.2211476 1.1286123 1.1094096 1.0650537 1.1410280 0.9825960 0.6334957 1.0994016 1.1385521 1.2876965 1.2801313 1.0340728 1.2842616 1.2323667 1.1960370 0.7890873 0.7723337 1.0048177 1.8463269 1.4261203 1.3198029 0.7267657 0.9151394 
Gracom_Gcom_C541400_01                            0.6571497 0.6711658 0.7909421 0.6928560 0.2553846 0.6571875 0.6187655 0.6053795 0.7263281 0.7176401 0.3607682 0.8610980 0.6731396 0.6361769 0.6630504 0.5558138 0.3784444 0.7415508 0.7299163 0.7062224 0.6511702 0.6245681 0.6415322 0.7792641 0.5950939 0.7761013 0.7319268 0.6552227 0.7718342 0.6600165 0.7159834 0.9652806 0.9652806 0.5922417 1.0132149 0.9417683 0.9248316 1.1676708 0.6447343 0.0000000 0.6646405 0.7894583 0.7894583 0.4658013 0.6396612 0.9329858 1.2976287 1.1803921 1.1846745 1.2462982 1.4256653 1.0617519 0.5834696 1.2219579 1.2131202 1.4660344 1.4879667 1.2314458 1.4007143 1.2383940 1.4112152 0.7993221 0.6677511 1.2431476 1.9375166 1.6206515 1.6297595 1.0055203 0.8373422 
Lcom_lcpid96118                                   0.9711269 0.8632655 0.9149163 0.8032824 0.3768432 0.9769637 0.9217508 0.8844727 0.8052937 0.8873464 0.3169563 0.7159210 0.8059960 0.7924423 0.7440457 0.8004429 0.4896314 0.8159733 0.8082774 0.7629117 0.7819891 0.7821343 0.7657591 0.9357840 0.7172061 0.9106169 0.8344909 0.7885582 0.9524877 0.8474470 0.8514518 0.9771523 0.9771523 0.6308057 0.9851955 0.9198579 0.9156287 1.1206773 0.7911693 0.6646405 0.0000000 0.9897664 0.9897664 0.5887118 0.7309087 1.1684174 1.3096626 1.2435640 1.2146692 1.1885807 1.4605075 1.0942979 0.6852424 1.2369316 1.3911223 1.3529119 1.3508022 1.3031211 1.4445067 1.2577783 1.4164149 1.1500066 1.0768982 1.7007083 2.6118675 1.5399459 1.5866623 0.9074294 0.9132559 
Ocar_g2030                                        0.8173917 0.6896990 0.7995357 0.7312268 0.3788604 0.7483417 0.7195927 0.7082660 0.6637393 0.8758132 0.3974261 0.7023719 0.7060763 0.6580886 0.7335041 0.7998991 0.4622987 0.7778005 0.7725970 0.6943094 0.7108132 0.7372301 0.7666198 0.7661131 0.5832929 0.7602502 0.8910769 0.7118862 0.9350295 0.6722448 0.7929154 0.8654020 0.8654020 0.5947785 0.8163192 0.8381282 0.8328686 1.0379294 0.7884002 0.7894583 0.9897664 0.0000000 0.0000010 0.6839700 0.9986466 0.9683742 1.1144363 0.8805053 0.8417958 0.9705683 1.0347006 1.0065281 0.4984933 1.0350150 1.0058652 1.1813454 1.1061531 1.1159708 1.0733017 1.0914990 1.3890168 0.9973429 0.9352318 1.4991206 2.3748422 1.3402348 1.4333990 0.7660922 0.9141212 
Opea_EP00118_Oscarella_pearsei_P026491            0.8173917 0.6896990 0.7995357 0.7312268 0.3788604 0.7483417 0.7195927 0.7082660 0.6637393 0.8758132 0.3974261 0.7023719 0.7060763 0.6580886 0.7335041 0.7998991 0.4622987 0.7778005 0.7725970 0.6943094 0.7108132 0.7372301 0.7666198 0.7661131 0.5832929 0.7602502 0.8910769 0.7118862 0.9350295 0.6722448 0.7929154 0.8654020 0.8654020 0.5947785 0.8163192 0.8381282 0.8328686 1.0379294 0.7884002 0.7894583 0.9897664 0.0000010 0.0000000 0.6839700 0.9986466 0.9683742 1.1144363 0.8805053 0.8417958 0.9705683 1.0347006 1.0065281 0.4984933 1.0350150 1.0058652 1.1813454 1.1061531 1.1159708 1.0733017 1.0914990 1.3890168 0.9973429 0.9352318 1.4991206 2.3748422 1.3402348 1.4333990 0.7660922 0.9141212 
Scil_scict023767.1                                0.7062889 0.6363585 0.7593966 0.6061083 0.3099161 0.7180918 0.6611387 0.6924125 0.7704831 0.7175724 0.4154371 0.8368212 0.7719049 0.7457120 0.7523290 0.5954960 0.4260299 0.7824412 0.7772995 0.8201499 0.7451208 0.7731240 0.7168015 0.8626397 0.6570368 0.7934697 0.8675574 0.7830478 0.7424704 0.7214813 0.8863333 0.9274877 0.9274877 0.6042598 0.8488110 0.8041741 0.8002372 0.9110270 0.7073932 0.4658013 0.5887118 0.6839700 0.6839700 0.0000000 0.5731668 0.9163240 1.2433041 0.9910702 0.9823782 1.1298353 1.3389467 1.0624070 0.6295782 1.2163048 0.9897201 1.2013274 1.2019479 1.1021026 1.1877083 1.2129031 1.3089254 0.9141521 0.7830425 1.1895442 2.1128422 1.5407514 1.4752904 0.9216126 0.8835151 
Leuniv_Lniv_scaffold15934_01                      1.1061467 0.9635753 1.0732757 0.8838389 0.3900401 0.9068449 0.9960513 0.9147345 0.8844845 0.9663983 0.3641082 1.0108628 0.9565497 0.8821202 1.0337742 1.0403593 0.6131299 0.9208772 0.9075519 1.0598714 1.0160027 1.0313521 0.9928579 1.0992557 0.9792642 1.1437371 1.0689881 1.0353627 1.0193806 0.9629380 1.0612397 1.0628264 1.0628264 0.7417250 1.0820398 1.0249613 1.0202254 1.2549507 0.9061800 0.6396612 0.7309087 0.9986466 0.9986466 0.5731668 0.0000000 1.1829276 1.5848305 1.4858403 1.5160304 1.3449619 1.4110296 1.3666664 0.7773740 1.3936218 1.2945779 1.5455315 1.4992367 1.4349418 1.4365922 1.4084087 1.5086817 1.0929339 1.0452774 1.7266511 2.8191974 1.7797607 1.6588894 1.3808824 0.9504988 
Tcas_TC009539_001                                 0.9380288 0.9330204 0.9546819 0.7586516 0.4645496 0.8946170 0.9487543 0.9511969 0.9219016 1.0419013 0.5640773 1.1203556 1.0149566 0.9855656 0.9276244 0.9257244 0.4562520 0.9846043 0.9743994 0.8464176 0.8662584 0.8079009 0.8254945 0.9868670 0.7105103 0.9425360 0.9479238 0.9399187 1.0807623 0.9559727 1.0668244 1.0450918 1.0450918 0.5872325 1.0373535 0.9774951 0.9753161 1.2996539 0.8991517 0.9329858 1.1684174 0.9683742 0.9683742 0.9163240 1.1829276 0.0000000 1.2842431 1.1412750 1.1187384 1.1798975 1.3029804 1.1332677 0.7088825 1.2091970 1.3311664 1.3449215 1.3550977 1.3427128 1.3606859 1.3400099 1.5734650 1.1733982 1.1489278 1.6982525 2.8962974 1.7116925 1.4808268 1.1922996 1.0584728 
Mbre_EDQ89118                                     1.1531545 1.2280182 1.0450726 1.1251386 0.6909915 1.1189251 1.2527433 1.1937458 1.1482051 1.1545518 0.7110006 1.1407711 1.0925376 1.1211813 1.2104971 0.9971838 0.6053261 0.9415196 0.9415196 0.9872867 1.0124397 0.9744641 1.0178471 0.9228029 0.7303968 0.9596396 1.0713842 1.0668749 1.1138225 0.9767638 1.0859879 1.2296113 1.2296113 0.6457698 1.1403717 1.1614991 1.1605708 1.2832459 1.2211476 1.2976287 1.3096626 1.1144363 1.1144363 1.2433041 1.5848305 1.2842431 0.0000000 0.3040610 0.3171409 0.5812922 0.6293956 0.5882207 0.3453000 0.5432625 0.7618378 0.7461264 0.7693889 0.6740869 0.9381571 0.8395799 0.7803738 1.4158437 1.3190564 2.1253701 3.4037457 1.3357742 1.2032604 1.2037552 1.2719760 
Choper_EP00045_Choanoeca_perplexa_P014114         1.0493775 1.0800758 1.0612829 1.0800873 0.6810970 1.0407891 1.0609250 1.0674572 1.0782860 1.0519167 0.6742752 1.0412082 0.8883891 0.9247955 1.0874565 0.9493446 0.6463860 0.9057632 0.9057632 0.9591277 0.9733211 0.9344276 0.9860668 0.9120550 0.6889476 0.9096868 0.9962882 0.9293196 1.0395714 0.8569068 1.0436369 1.1554541 1.1554541 0.6615246 1.0046471 1.0342776 1.0379813 1.0415607 1.1286123 1.1803921 1.2435640 0.8805053 0.8805053 0.9910702 1.4858403 1.1412750 0.3040610 0.0000000 0.1054957 0.5879471 0.5749988 0.4966051 0.3706997 0.4935040 0.7041248 0.6684504 0.7210269 0.5879015 0.7193621 0.7693692 0.7526994 1.3038411 1.2127047 1.8430181 3.1809261 1.2120886 1.0786570 1.2387805 1.1850092 
Chofle_EP00730_Choanoeca_flexa_P012968            1.0790758 1.1027732 1.0773756 1.1129781 0.6538562 1.0878645 1.1291974 1.0998609 1.0651722 1.0270426 0.6857365 1.0789127 0.9014677 0.9399312 1.0746287 1.0751865 0.6463826 0.8843194 0.8843194 0.9185090 0.9510298 0.9502897 0.9728008 0.9407521 0.7126116 0.9144256 0.9965566 0.9440281 1.0904651 0.8630823 1.0042734 1.1211497 1.1211497 0.6329636 0.9849303 0.9884353 1.0064286 1.0575152 1.1094096 1.1846745 1.2146692 0.8417958 0.8417958 0.9823782 1.5160304 1.1187384 0.3171409 0.1054957 0.0000000 0.5713830 0.5564678 0.5061125 0.3358455 0.4996468 0.6638626 0.7159959 0.7297026 0.6341949 0.7681808 0.7670643 0.7442419 1.3789092 1.3009323 1.9914996 3.4734502 1.1604600 1.0675961 1.1942179 1.1535092 
Mylflu_EP00047_Mylnosiga_fluctuans_P003522        1.0663278 1.1517053 1.1198394 1.0329506 0.6146986 1.1471585 1.1483640 1.2039190 1.1129291 1.1287733 0.6943438 1.1277750 1.0431533 1.0386022 1.2501358 0.9202506 0.7748395 1.0036272 1.0036272 0.9207784 1.0242013 0.9357970 0.9487819 1.0280713 0.8220977 1.0434576 1.0429645 0.9829680 1.1452164 1.0695264 1.0390659 1.1109891 1.1109891 0.6485449 1.0589066 1.0459199 1.0585125 1.0669520 1.0650537 1.2462982 1.1885807 0.9705683 0.9705683 1.1298353 1.3449619 1.1798975 0.5812922 0.5879471 0.5713830 0.0000000 0.6553971 0.4511169 0.2518316 0.4631130 0.7818779 0.7366074 0.7503735 0.6635070 0.8129053 0.9557841 0.8290075 1.3801477 1.3449565 1.7739816 3.5181957 1.2948753 1.2217859 1.1947077 1.1326814 
Salkve_EP00050_Salpingoeca_kvevrii_P019586        1.2405783 1.3565354 1.1587770 1.1322423 0.6178822 1.1683402 1.2185681 1.2673954 1.3027182 1.2330512 0.6078557 1.1788014 1.2304761 1.1982361 1.2503113 1.1080918 0.6079179 1.1097454 1.1000475 0.9529060 1.0985019 0.9805019 1.1126546 1.2013319 0.8550126 1.0596863 1.1146392 1.2319037 1.2675045 1.1951931 1.1126355 1.3575933 1.3575933 0.7064890 1.2454101 1.2747116 1.2734468 1.4365943 1.1410280 1.4256653 1.4605075 1.0347006 1.0347006 1.3389467 1.4110296 1.3029804 0.6293956 0.5749988 0.5564678 0.6553971 0.0000000 0.4119052 0.2881440 0.4734179 0.6274812 0.7705424 0.8157894 0.7249740 0.7785756 0.8804650 0.9337157 1.5006526 1.5295923 2.2838465 3.8927209 1.2771112 1.3470929 1.3257526 1.1303946 
Salmac_EP00052_Salpingoeca_macrocollata_P033411   0.9833697 1.0382414 1.0223145 0.9466030 0.5681505 0.9879597 0.9743308 1.0023349 1.0316856 1.0531069 0.6700310 0.9478653 0.9196166 0.9359107 0.9970647 0.9273757 0.6538839 0.9001513 0.9001513 0.9046116 0.9870329 0.9061700 0.9573813 0.9779784 0.7737666 0.9672304 1.0452698 0.9534743 1.0145927 0.8836380 1.0388458 1.2014788 1.2014788 0.6717836 1.0583757 1.1417203 1.1454585 1.2043553 0.9825960 1.0617519 1.0942979 1.0065281 1.0065281 1.0624070 1.3666664 1.1332677 0.5882207 0.4966051 0.5061125 0.4511169 0.4119052 0.0000000 0.1983882 0.4445224 0.7479948 0.5617742 0.6062753 0.6249299 0.6166429 0.6919426 0.7520650 1.3555493 1.2945884 1.6011824 2.9083600 1.1285066 1.0073584 1.0287208 1.1175567 
Salpun_EP00053_Salpingoeca_punica_P015784         0.5778391 0.5575019 0.4654383 0.6080308 0.5828965 0.6153567 0.6355452 0.6387444 0.6039139 0.7576157 0.5949695 0.5932702 0.6458049 0.6458592 0.5868036 0.5767334 0.6190935 0.6060442 0.6060442 0.6575019 0.6563916 0.6062756 0.6650966 0.6451413 0.6303783 0.6303783 0.7273661 0.6116063 0.6674495 0.5544377 0.5921983 0.6727115 0.6727115 0.5943901 0.5905339 0.6203372 0.6203372 0.5792514 0.6334957 0.5834696 0.6852424 0.4984933 0.4984933 0.6295782 0.7773740 0.7088825 0.3453000 0.3706997 0.3358455 0.2518316 0.2881440 0.1983882 0.0000000 0.2089996 0.3715249 0.4298335 0.4289159 0.4186273 0.4829165 0.4680109 0.5281589 0.7699767 0.6446040 1.0060932 2.5308303 0.7020566 0.6659150 0.6032790 0.9506353 
