75
Lcom_lcpid200686                                      0.0000000 0.3499774 0.3527894 0.5417175 1.4388716 1.4070180 1.5203962 1.4086432 1.3674323 1.4039181 1.3880621 1.3527092 1.4749809 1.2402258 1.3396274 1.0142814 1.2446242 1.2614481 1.3414542 1.3217683 1.3485940 1.3814206 1.4913692 1.3745079 1.5768484 1.3357047 1.3532181 1.3532181 1.4596778 1.4687716 1.5344853 1.5742297 1.2229135 1.2229135 1.4843855 1.4516520 1.5268011 1.6069562 1.4972235 1.1232357 1.1207123 1.3617603 1.4399660 1.6815989 1.7382286 1.4819058 1.3862040 1.7505944 1.3763304 1.4231136 1.5009319 1.4415042 1.4646090 1.5162593 1.2674375 1.2452941 1.5499630 1.8000660 1.4027664 1.5184775 1.5404499 1.5404499 1.6337602 1.5695754 1.5695754 1.8040954 1.5842633 1.9764424 1.7570156 1.9898387 2.0554001 2.0554001 2.2674295 3.2182872 3.6826509 
Lcom_lcpid157461                                      0.3499774 0.0000000 0.0078280 0.4119162 1.4782982 1.4106368 1.6040675 1.4204646 1.5365908 1.4294239 1.3957339 1.4109690 1.5590528 1.2510907 1.3921023 1.0699629 1.2887047 1.3501372 1.3612051 1.3291888 1.3744735 1.2426919 1.2231497 1.2665846 1.4264816 1.2664301 1.2679400 1.2679400 1.4501582 1.3556171 1.7272134 1.6249523 1.1829940 1.1829940 1.5026206 1.4806305 1.5868467 1.6050682 1.4509940 1.0218258 1.1382788 1.5289652 1.5175784 1.4481563 1.5783944 1.4007404 1.4253790 1.7458158 1.3363017 1.4799210 1.6843568 1.6625101 1.6253407 1.5725977 1.3867428 1.4145430 1.4929786 1.4189659 1.6171189 1.6784623 1.6328971 1.6328971 1.7899965 1.7423140 1.7423140 2.0494048 2.0542555 2.1993400 2.0014848 1.6358285 1.8348992 1.8348992 2.1590045 3.6415843 4.7613412 
Plespi_Pspi_C572263_01                                0.3527894 0.0078280 0.0000000 0.4284377 1.4095153 1.3426118 1.5367236 1.3512775 1.5267128 1.4184367 1.3843341 1.3908102 1.5493984 1.2311533 1.4054611 1.0544485 1.2670652 1.3410017 1.3406935 1.3083342 1.3539488 1.2316577 1.2053607 1.2561012 1.3939361 1.2450229 1.2573288 1.2573288 1.4085539 1.3585121 1.6475290 1.5387249 1.1733730 1.1733730 1.4830986 1.4692453 1.5862535 1.5823809 1.3763600 1.0241100 1.1268148 1.5159571 1.4543456 1.4371103 1.5665696 1.3757567 1.4065282 1.7382960 1.3251849 1.4740453 1.6259882 1.5998197 1.5640269 1.5126017 1.3270837 1.3543265 1.4251658 1.4223379 1.5703543 1.6310322 1.5865072 1.5865072 1.7406384 1.6950512 1.6950512 1.9632157 1.9635823 2.1074722 2.0142845 1.6485833 1.7681818 1.7681818 2.0973852 3.7972542 4.7059572 
Lcom_lcpid227269                                      0.5417175 0.4119162 0.4284377 0.0000000 1.5794368 1.5542173 1.6975045 1.4837507 1.6897208 1.7078553 1.5375926 1.7193637 1.9041109 1.5033228 1.4864252 1.1744515 1.5679193 1.5967498 1.6215749 1.5930672 1.6316952 1.5987299 1.5880069 1.5881803 1.7340926 1.5297597 1.4904883 1.4904883 1.6524222 1.5206674 1.9398181 1.9302695 1.4504486 1.4504486 1.5131963 1.6912573 1.8024680 1.7785036 1.9062432 1.2015060 1.1135514 1.5677402 1.5881363 1.8393416 2.0608800 1.7604481 1.6148144 2.1229156 1.7913720 1.8991334 1.7651253 1.7302937 1.7460898 1.6404668 1.3883494 1.4933865 1.7565380 1.9030510 1.6717021 1.7948927 1.7835950 1.7835950 1.8448998 1.8418191 1.8418191 1.9406692 1.8601602 2.2074652 2.3559652 2.1070341 2.0543118 2.0543118 3.6735740 4.0863695 4.1432479 
Lcom_lcpid161244                                      1.4388716 1.4782982 1.4095153 1.5794368 0.0000000 0.0774634 0.1247030 0.1228846 0.3454399 0.3721877 0.3897393 0.3831704 0.4042340 0.3187158 0.3325430 0.3576811 0.3530729 0.3964181 0.4678576 0.4666870 0.4335709 0.4052765 0.4957052 0.4275968 0.4019465 0.3892410 0.4070187 0.4070187 0.5129862 0.4414615 0.5835243 0.4370315 0.3529693 0.3529693 0.5020187 0.4827988 0.4944537 0.4555037 0.5739058 0.5402330 0.5261916 0.5586985 0.5308493 0.5723744 0.6524492 0.6197758 0.4492998 0.5217696 0.5910240 0.6621259 0.8839135 0.8987124 0.8728043 0.7978913 0.7470924 0.7546668 0.8710322 0.8085604 0.7858636 0.7780024 0.8206719 0.8206719 0.8593526 0.7953024 0.7953024 0.9831067 1.0366442 1.0546606 1.1171709 1.2785542 1.4969004 1.4969004 0.9568605 2.0939866 2.4890620 
Lcom_lcpid253422                                      1.4070180 1.4106368 1.3426118 1.5542173 0.0774634 0.0000000 0.0683463 0.0946535 0.3390777 0.3590235 0.3662520 0.3633877 0.3645690 0.3052674 0.3193071 0.3416855 0.3241760 0.3792893 0.4441837 0.4429983 0.4165599 0.3829105 0.4665555 0.4060278 0.3542884 0.3544835 0.3913210 0.3913210 0.4623220 0.4081997 0.5138852 0.3892724 0.3081172 0.3081172 0.5468080 0.4767215 0.4854515 0.4989626 0.5174252 0.4496352 0.5030356 0.5715637 0.5123434 0.5503506 0.6662185 0.5676106 0.4220336 0.5425975 0.4960364 0.6446753 0.7912610 0.8066432 0.7721773 0.7028735 0.6899530 0.6972116 0.7974538 0.7626283 0.7660535 0.7580238 0.8045790 0.8045790 0.8223920 0.7824527 0.7824527 1.0108710 0.9635967 1.0746406 1.0173306 1.2785542 1.4443656 1.4443656 0.9112202 2.2198656 2.4401437 
Leuniv_Lniv_scaffold19942_01                          1.5203962 1.6040675 1.5367236 1.6975045 0.1247030 0.0683463 0.0000000 0.1216786 0.4171059 0.4039603 0.4244142 0.4635898 0.4209001 0.3633016 0.3698393 0.3775621 0.3743748 0.4589857 0.5265206 0.5253386 0.4831790 0.4842817 0.6057065 0.5055894 0.3905425 0.4363328 0.4780803 0.4780803 0.5080577 0.4927288 0.6157392 0.4611950 0.4073311 0.4073311 0.6329069 0.5551692 0.5652009 0.5726608 0.5934432 0.5244162 0.5351391 0.5881498 0.5422719 0.6426329 0.7037727 0.6865191 0.4727728 0.5380955 0.5430214 0.7219675 0.8541128 0.8692268 0.8991650 0.7850771 0.6856152 0.6928712 0.8388022 0.8390388 0.8335277 0.8256866 0.9005062 0.9005062 0.9101607 0.8420896 0.8420896 1.0474847 1.0328135 1.1120474 1.0812116 1.3663963 1.4902039 1.4902039 0.9071618 2.1710546 2.7032840 
Gracom_Gcom_C504792_01                                1.4086432 1.4204646 1.3512775 1.4837507 0.1228846 0.0946535 0.1216786 0.0000000 0.4024714 0.4039784 0.4297446 0.4398278 0.4124078 0.3362745 0.3496336 0.3847394 0.3605054 0.4110721 0.4793669 0.4781966 0.4522231 0.4336114 0.4606206 0.4615440 0.4447624 0.4240971 0.4478877 0.4478877 0.5602501 0.4708185 0.6259122 0.5067308 0.3752216 0.3752216 0.5767744 0.5776491 0.6037465 0.5796631 0.6120484 0.5409501 0.5555804 0.6681913 0.5332943 0.6645073 0.7271724 0.6734258 0.4840937 0.6015636 0.5932748 0.6659818 0.8438028 0.8233126 0.8147389 0.7438582 0.7027301 0.6967993 0.8636932 0.8299532 0.7978511 0.7911544 0.8328553 0.8328553 0.8663191 0.8018726 0.8018726 1.1068137 1.0817668 1.1135676 1.0467786 1.3618878 1.5044343 1.5044343 0.9075735 2.1794547 2.6993417 
Cgig_XM_011457955.3                                   1.3674323 1.5365908 1.5267128 1.6897208 0.3454399 0.3390777 0.4171059 0.4024714 0.0000000 0.1351444 0.1573404 0.1723640 0.1729384 0.1992465 0.1969505 0.2631870 0.2404402 0.2326056 0.2794674 0.2695302 0.2222003 0.2953809 0.3890112 0.2554181 0.2738502 0.2820325 0.3203898 0.3203898 0.3065913 0.2850409 0.3515379 0.3398113 0.3532838 0.3532838 0.3641834 0.3039567 0.3312514 0.3039795 0.3187009 0.3360048 0.3899882 0.6239152 0.4812064 0.4552754 0.5177931 0.4400622 0.4131700 0.3381247 0.5202847 0.6259578 0.9158910 0.9692358 0.9156771 0.9343853 0.7545999 0.7230910 0.8620137 0.8479867 0.7333968 0.7067173 0.7488448 0.7488448 0.7812053 0.7276909 0.7276909 0.7675297 0.8000669 0.8015957 1.2435750 1.2100213 1.3885602 1.3885602 1.2142200 2.1441383 2.8046191 
Lcom_lcpid174869                                      1.4039181 1.4294239 1.4184367 1.7078553 0.3721877 0.3590235 0.4039603 0.4039784 0.1351444 0.0000000 0.0334157 0.1845202 0.2114671 0.1934588 0.2070143 0.2336214 0.2095160 0.2627195 0.2830623 0.3029618 0.2862691 0.3004027 0.3786001 0.2953680 0.3309481 0.2920609 0.3130102 0.3130102 0.3120430 0.3023534 0.3659284 0.3429235 0.3752606 0.3752606 0.4175533 0.3641320 0.4051281 0.3682650 0.3647673 0.3560384 0.3949712 0.5146386 0.4064986 0.4662271 0.5691906 0.5119140 0.4153415 0.4166056 0.4978416 0.6813859 0.9607336 0.9728719 0.9708210 0.9045061 0.7665550 0.7734773 0.8313375 0.8083825 0.6813391 0.6553668 0.7184406 0.7184406 0.7453925 0.7171924 0.7171924 0.7703218 0.6938076 0.7101076 1.2292732 1.1534376 1.4254752 1.4254752 1.2447094 2.1821509 2.8151130 
Lcom_lcpid177279                                      1.3880621 1.3957339 1.3843341 1.5375926 0.3897393 0.3662520 0.4244142 0.4297446 0.1573404 0.0334157 0.0000000 0.2236981 0.2180817 0.2063452 0.2094171 0.2357137 0.2307672 0.2890937 0.2837593 0.3034729 0.2981669 0.3124015 0.3954016 0.3073515 0.3049364 0.3148186 0.3141547 0.3141547 0.3146489 0.2869284 0.3901539 0.3688917 0.3959898 0.3959898 0.4312938 0.3728955 0.4197806 0.3899196 0.3804762 0.3434845 0.3770702 0.5007963 0.4131645 0.4961434 0.5822359 0.5043567 0.4398070 0.4291313 0.4882798 0.6559818 0.9298555 0.9423309 0.9406917 0.8757802 0.7061930 0.7376107 0.8043008 0.7986505 0.6801165 0.6543449 0.7170902 0.7170902 0.7436336 0.7201874 0.7201874 0.7941886 0.6918100 0.7252498 1.2635964 1.1534376 1.4307151 1.4307151 1.2256508 2.1674866 2.7457243 
Ctel_gnl_WGS_AMQN_CAPTEDRAFT_mRNA183334               1.3527092 1.4109690 1.3908102 1.7193637 0.3831704 0.3633877 0.4635898 0.4398278 0.1723640 0.1845202 0.2236981 0.0000000 0.2061309 0.1770971 0.2150231 0.2775480 0.2422953 0.2868289 0.3298196 0.3421339 0.2766475 0.3056773 0.4019630 0.2848237 0.2704411 0.3173869 0.3305838 0.3305838 0.2875047 0.3142939 0.3528662 0.3689754 0.3692227 0.3692227 0.4369102 0.3663957 0.3622004 0.3696834 0.3221206 0.3792493 0.4247642 0.6212041 0.5488551 0.5221972 0.4767170 0.4657630 0.4026023 0.4574446 0.5471216 0.6399765 0.8945958 0.9172171 0.8667082 0.8653019 0.8511165 0.8546062 0.7416354 0.7457019 0.7074524 0.6809464 0.7454966 0.7454966 0.7417308 0.6980626 0.6980626 0.8751080 0.7601423 0.8162186 1.1006967 1.1857766 1.5314754 1.5314754 1.1206684 2.1452577 2.8756810 
Acagra_model.g7403.t1                                 1.4749809 1.5590528 1.5493984 1.9041109 0.4042340 0.3645690 0.4209001 0.4124078 0.1729384 0.2114671 0.2180817 0.2061309 0.0000000 0.2207652 0.2238453 0.3144410 0.2495846 0.2424123 0.2620957 0.2610987 0.2449883 0.2727581 0.3398562 0.2434542 0.2913724 0.3200064 0.3475115 0.3475115 0.3195312 0.3387621 0.3870735 0.3586980 0.3717403 0.3717403 0.3948956 0.3570832 0.4247018 0.3851190 0.3291354 0.4458150 0.4409447 0.6915047 0.5968628 0.5483272 0.5282706 0.4931993 0.4391132 0.4056712 0.5784728 0.6245729 0.8804973 0.8779563 0.8533769 0.8526555 0.6748235 0.6763833 0.7754817 0.8418492 0.7915504 0.7643856 0.7745345 0.7745345 0.7902190 0.7482534 0.7482534 0.8835699 0.8378312 0.8940109 1.2136969 1.2092445 1.5179295 1.5179295 1.1341954 2.1775710 2.7723991 
Bralan_BLAG02001998_1                                 1.2402258 1.2510907 1.2311533 1.5033228 0.3187158 0.3052674 0.3633016 0.3362745 0.1992465 0.1934588 0.2063452 0.1770971 0.2207652 0.0000000 0.1289121 0.1725111 0.1682967 0.2433766 0.2913577 0.2923614 0.2539236 0.2569692 0.3019452 0.2681455 0.2877487 0.2662981 0.2872371 0.2872371 0.2776621 0.2759555 0.3513886 0.2941208 0.2962673 0.2962673 0.4125236 0.3409777 0.3853309 0.3181769 0.2921605 0.3464845 0.3753544 0.4967405 0.4535731 0.3878483 0.4215993 0.4632977 0.3108190 0.4035649 0.4358245 0.6294978 0.8402604 0.8368154 0.8249662 0.7908481 0.7152351 0.6766452 0.7669822 0.8552635 0.6804286 0.6533277 0.6923046 0.6923046 0.7060874 0.6514685 0.6514685 0.8260338 0.7778612 0.7775212 0.9717932 1.1660532 1.4304774 1.4304774 1.1926387 2.0497035 2.5786298 
Skow_XM_002739709.2                                   1.3396274 1.3921023 1.4054611 1.4864252 0.3325430 0.3193071 0.3698393 0.3496336 0.1969505 0.2070143 0.2094171 0.2150231 0.2238453 0.1289121 0.0000000 0.2203139 0.1903029 0.2338524 0.2611703 0.2704416 0.2318452 0.2490215 0.2810353 0.2522841 0.2700372 0.2812310 0.2906117 0.2906117 0.3134091 0.2129805 0.3924581 0.3312341 0.3614399 0.3614399 0.3983807 0.3140621 0.3434942 0.3353885 0.3514065 0.3858765 0.3784141 0.6253244 0.5202651 0.5193463 0.4821948 0.4567433 0.3008096 0.3881782 0.4872018 0.6433914 0.8892947 0.8646360 0.8882161 0.8520311 0.7038265 0.7113163 0.8078617 0.7980341 0.5823959 0.5836551 0.6428093 0.6428093 0.6694106 0.6133295 0.6133295 0.8929068 0.8392905 0.8408905 1.0284020 1.2988154 1.5602994 1.5602994 1.1367355 1.9754844 2.7473398 
Hsap_ENST00000230050                                  1.0142814 1.0699629 1.0544485 1.1744515 0.3576811 0.3416855 0.3775621 0.3847394 0.2631870 0.2336214 0.2357137 0.2775480 0.3144410 0.1725111 0.2203139 0.0000000 0.1973087 0.2974312 0.3393759 0.3128292 0.3257476 0.3132584 0.3619797 0.3152416 0.3195589 0.2827135 0.2950527 0.2950527 0.3268139 0.3040176 0.3899249 0.3544332 0.3225925 0.3225925 0.4356928 0.4054481 0.4286941 0.4051819 0.3893305 0.2805620 0.3131350 0.4567014 0.5073381 0.4985190 0.5001604 0.4703156 0.3418194 0.4878888 0.4778620 0.6404346 0.8250031 0.8089159 0.7975078 0.7574510 0.6436462 0.6506776 0.6955480 0.7704510 0.6147173 0.6064978 0.6695511 0.6695511 0.6778843 0.6338089 0.6338089 0.8857184 0.8869523 0.9178774 0.9190501 1.2074666 1.5405341 1.5405341 1.1870215 2.1352676 2.6790870 
Cscu_XM_023363029.1                                   1.2446242 1.2887047 1.2670652 1.5679193 0.3530729 0.3241760 0.3743748 0.3605054 0.2404402 0.2095160 0.2307672 0.2422953 0.2495846 0.1682967 0.1903029 0.1973087 0.0000000 0.2096423 0.2346982 0.2338046 0.2164526 0.2515510 0.3078408 0.2352078 0.3131382 0.1766036 0.1907069 0.1907069 0.2727641 0.2940588 0.3424780 0.3319097 0.3250389 0.3250389 0.3146504 0.3191217 0.3942431 0.3454156 0.3349364 0.3779222 0.3709206 0.5340356 0.5117041 0.4275791 0.4216261 0.4363042 0.3670608 0.4176492 0.4746479 0.5883083 0.8628964 0.8728099 0.8971973 0.8289790 0.7142444 0.7225936 0.7640593 0.7997339 0.6771138 0.6692982 0.7295298 0.7295298 0.7357975 0.6781899 0.6781899 0.9536082 0.8993166 0.9300813 1.1176880 1.3884954 1.3168292 1.3168292 1.1674908 2.1242057 3.0156690 
Fspp_ffun1.m4.25764.m1                                1.2614481 1.3501372 1.3410017 1.5967498 0.3964181 0.3792893 0.4589857 0.4110721 0.2326056 0.2627195 0.2890937 0.2868289 0.2424123 0.2433766 0.2338524 0.2974312 0.2096423 0.0000000 0.0563615 0.0482473 0.0568502 0.1098585 0.1330171 0.0929195 0.2751453 0.2695605 0.2540567 0.2540567 0.2806381 0.2856632 0.4156941 0.2781171 0.3252051 0.3252051 0.3209993 0.2877499 0.3633174 0.3503227 0.3846151 0.4270471 0.4503529 0.6382341 0.5457199 0.4720793 0.5568984 0.5262953 0.4025019 0.4494472 0.5058762 0.7101686 0.9128501 0.9617854 0.9027538 0.9154854 0.7824542 0.7762980 0.8543902 0.8404478 0.6352143 0.6066704 0.6764896 0.6764896 0.6774911 0.6468726 0.6468726 1.0039698 1.0253017 1.0433274 1.0007322 1.2208680 1.4771510 1.4771510 1.2823490 2.1308800 3.0156028 
Spis_XP_022798699_1                                   1.3414542 1.3612051 1.3406935 1.6215749 0.4678576 0.4441837 0.5265206 0.4793669 0.2794674 0.2830623 0.2837593 0.3298196 0.2620957 0.2913577 0.2611703 0.3393759 0.2346982 0.0563615 0.0000000 0.0235003 0.0902666 0.1215450 0.1477151 0.0840098 0.3216669 0.2699591 0.2798743 0.2798743 0.3199803 0.2907119 0.4937451 0.3438664 0.3935278 0.3935278 0.3575910 0.3386593 0.4283474 0.4022452 0.3942575 0.3955142 0.4215496 0.6572777 0.5614786 0.5331027 0.6068953 0.5453323 0.4802675 0.5212362 0.5291131 0.7349129 0.9209412 0.9495109 0.9154920 0.9040670 0.7959256 0.7719098 0.8135549 0.8351620 0.6670898 0.6381374 0.7091406 0.7091406 0.7139168 0.6523677 0.6523677 1.0497319 1.0263195 1.0601843 1.0252771 1.2792313 1.4754350 1.4754350 1.2868899 2.2456500 3.1931498 
Pocdam_XM_027203902.1                                 1.3217683 1.3291888 1.3083342 1.5930672 0.4666870 0.4429983 0.5253386 0.4781966 0.2695302 0.3029618 0.3034729 0.3421339 0.2610987 0.2923614 0.2704416 0.3128292 0.2338046 0.0482473 0.0235003 0.0000000 0.0819913 0.1087266 0.1312576 0.0928311 0.3206749 0.2689970 0.2788816 0.2788816 0.3391528 0.2842134 0.4925611 0.3260124 0.3648026 0.3648026 0.3565210 0.3375921 0.4084895 0.3830976 0.3667964 0.3962721 0.4357407 0.6559909 0.5602644 0.5095039 0.5997089 0.5609827 0.4521560 0.5200597 0.5278769 0.7380248 0.8751477 0.9168848 0.8706649 0.8727034 0.7648515 0.7412016 0.8013176 0.8189302 0.6578967 0.6290573 0.6997253 0.6997253 0.7010975 0.6696133 0.6696133 0.9906467 0.9945331 1.0127757 1.0347701 1.2506252 1.4784847 1.4784847 1.2990623 2.2405036 3.1836287 
Gasp_gasp1.m3.18668.m1                                1.3485940 1.3744735 1.3539488 1.6316952 0.4335709 0.4165599 0.4831790 0.4522231 0.2222003 0.2862691 0.2981669 0.2766475 0.2449883 0.2539236 0.2318452 0.3257476 0.2164526 0.0568502 0.0902666 0.0819913 0.0000000 0.1298009 0.1597155 0.1022627 0.2502015 0.2683446 0.2781945 0.2781945 0.2983820 0.3165147 0.4511067 0.3086132 0.3501383 0.3501383 0.3245943 0.3094345 0.3889711 0.3860487 0.3447425 0.4399259 0.4507885 0.6405585 0.5758697 0.5000496 0.5601423 0.5528923 0.4291966 0.4235065 0.5217995 0.7471388 0.8975289 0.9464145 0.8877993 0.9324858 0.7907436 0.7911631 0.8126202 0.7699910 0.6882392 0.6623432 0.7324392 0.7324392 0.7334429 0.7002252 0.7002252 1.0810923 1.0196124 1.0376178 1.0723761 1.3582897 1.4813684 1.4813684 1.2700856 2.0610214 2.8368151 
Adig_XM_015901024.1                                   1.3814206 1.2426919 1.2316577 1.5987299 0.4052765 0.3829105 0.4842817 0.4336114 0.2953809 0.3004027 0.3124015 0.3056773 0.2727581 0.2569692 0.2490215 0.3132584 0.2515510 0.1098585 0.1215450 0.1087266 0.1298009 0.0000000 0.0000010 0.0654324 0.2551959 0.2851419 0.2803520 0.2803520 0.3475240 0.3207421 0.4479311 0.3324932 0.3625694 0.3625694 0.3420209 0.3287348 0.3919453 0.3862575 0.3314711 0.4203836 0.4619698 0.6591442 0.5944108 0.4831050 0.5517123 0.5310747 0.4561813 0.5147834 0.5170500 0.8153650 0.8303893 0.8373032 0.8165341 0.7959674 0.7077045 0.6965507 0.7042008 0.7594382 0.7393814 0.7082999 0.7564393 0.7564393 0.8070311 0.7413609 0.7413609 0.9402704 0.9436859 1.0011030 1.0385136 1.1831446 1.4156274 1.4156274 1.3073471 2.1856074 3.1835464 
Amil_Amillepora23336-RA                               1.4913692 1.2231497 1.2053607 1.5880069 0.4957052 0.4665555 0.6057065 0.4606206 0.3890112 0.3786001 0.3954016 0.4019630 0.3398562 0.3019452 0.2810353 0.3619797 0.3078408 0.1330171 0.1477151 0.1312576 0.1597155 0.0000010 0.0000000 0.0847465 0.3138503 0.3581038 0.3480573 0.3480573 0.4435282 0.4168247 0.5902559 0.3796917 0.4293737 0.4293737 0.4207921 0.4217420 0.4922285 0.5002333 0.4245050 0.4501435 0.4847588 0.8410846 0.7317474 0.6399452 0.5856239 0.6325875 0.5071284 0.6383798 0.6388117 1.0208403 0.9786831 0.9610695 0.9304254 0.9214066 0.8579741 0.8253379 0.7939638 0.8340943 0.8553265 0.8266175 0.8995796 0.8995796 0.9647550 0.8668416 0.8668416 1.2054355 1.2556480 1.3764798 1.0914393 1.1540092 1.3778538 1.3778538 1.5319541 2.3243845 3.9308548 
Gfas_gfas1.m1.660.m1                                  1.3745079 1.2665846 1.2561012 1.5881803 0.4275968 0.4060278 0.5055894 0.4615440 0.2554181 0.2953680 0.3073515 0.2848237 0.2434542 0.2681455 0.2522841 0.3152416 0.2352078 0.0929195 0.0840098 0.0928311 0.1022627 0.0654324 0.0847465 0.0000000 0.2585135 0.2478529 0.2430167 0.2430167 0.3056179 0.3271480 0.4646058 0.3252579 0.3655790 0.3655790 0.3507899 0.3355486 0.4263557 0.4037832 0.3382893 0.3883492 0.4255992 0.6408600 0.5117586 0.5281227 0.5937267 0.5355034 0.4696134 0.4895122 0.5128260 0.7261231 0.8406777 0.8692530 0.8368861 0.8570222 0.7496261 0.7382682 0.7659504 0.7799778 0.7246477 0.6940004 0.7415148 0.7415148 0.7756529 0.7088783 0.7088783 0.9955815 0.9638884 1.0388365 1.0789651 1.2902379 1.4013618 1.4013618 1.2516918 2.2099820 2.9357294 
Nvec_v1g171532                                        1.5768484 1.4264816 1.3939361 1.7340926 0.4019465 0.3542884 0.3905425 0.4447624 0.2738502 0.3309481 0.3049364 0.2704411 0.2913724 0.2877487 0.2700372 0.3195589 0.3131382 0.2751453 0.3216669 0.3206749 0.2502015 0.2551959 0.3138503 0.2585135 0.0000000 0.2969404 0.3212529 0.3212529 0.3076943 0.4224524 0.4886453 0.3107774 0.3648462 0.3648462 0.3964605 0.3524260 0.3883289 0.4220922 0.3658342 0.4677403 0.4765174 0.6655984 0.6418640 0.4898011 0.5566427 0.4886482 0.4298141 0.4460445 0.6066858 0.8284508 0.8190972 0.8324701 0.8475885 0.8210582 0.6876537 0.6778396 0.7254862 0.7467414 0.6258411 0.6014552 0.6349599 0.6349599 0.6840513 0.6719514 0.6719514 0.9806023 0.9680259 0.9785404 1.0236071 1.2548359 1.6345640 1.6345640 1.1910356 2.1754171 2.7045183 
Dgig_XM_028546882.1                                   1.3357047 1.2664301 1.2450229 1.5297597 0.3892410 0.3544835 0.4363328 0.4240971 0.2820325 0.2920609 0.3148186 0.3173869 0.3200064 0.2662981 0.2812310 0.2827135 0.1766036 0.2695605 0.2699591 0.2689970 0.2683446 0.2851419 0.3581038 0.2478529 0.2969404 0.0000000 0.0785025 0.0785025 0.3142454 0.3556185 0.4342629 0.3846752 0.3209744 0.3209744 0.3673349 0.3825469 0.4803603 0.4116085 0.3292957 0.4010880 0.4524419 0.5603352 0.5401734 0.5428620 0.5692645 0.5188860 0.3971557 0.5244726 0.5623662 0.5827813 0.7964124 0.7870768 0.8287531 0.7676175 0.6292693 0.6255763 0.7137643 0.7893734 0.7242311 0.7165625 0.7275065 0.7275065 0.7684989 0.6962210 0.6962210 0.8447858 0.8927711 0.9061606 0.9803827 1.3429399 1.3179150 1.3179150 1.0565094 2.2095338 2.7231284 
Xesp_020855-T1                                        1.3532181 1.2679400 1.2573288 1.4904883 0.4070187 0.3913210 0.4780803 0.4478877 0.3203898 0.3130102 0.3141547 0.3305838 0.3475115 0.2872371 0.2906117 0.2950527 0.1907069 0.2540567 0.2798743 0.2788816 0.2781945 0.2803520 0.3480573 0.2430167 0.3212529 0.0785025 0.0000000 0.0000010 0.3315578 0.3724766 0.4482652 0.4193521 0.3553839 0.3553839 0.3895885 0.3966815 0.4672120 0.4146202 0.3794848 0.4314122 0.4655738 0.5955039 0.5523600 0.5735641 0.6001614 0.5478702 0.4672165 0.5413101 0.6067040 0.5772703 0.7929272 0.7834805 0.8259015 0.7637214 0.6606015 0.6567761 0.7490084 0.8717004 0.6951690 0.6873282 0.7020406 0.7020406 0.7388060 0.6672071 0.6672071 0.8635514 0.9188943 0.9243809 1.0170747 1.2846051 1.3424782 1.3424782 1.0040116 2.1612137 2.8521118 
Xesp_020835-T1                                        1.3532181 1.2679400 1.2573288 1.4904883 0.4070187 0.3913210 0.4780803 0.4478877 0.3203898 0.3130102 0.3141547 0.3305838 0.3475115 0.2872371 0.2906117 0.2950527 0.1907069 0.2540567 0.2798743 0.2788816 0.2781945 0.2803520 0.3480573 0.2430167 0.3212529 0.0785025 0.0000010 0.0000000 0.3315578 0.3724766 0.4482652 0.4193521 0.3553839 0.3553839 0.3895885 0.3966815 0.4672120 0.4146202 0.3794848 0.4314122 0.4655738 0.5955039 0.5523600 0.5735641 0.6001614 0.5478702 0.4672165 0.5413101 0.6067040 0.5772703 0.7929272 0.7834805 0.8259015 0.7637214 0.6606015 0.6567761 0.7490084 0.8717004 0.6951690 0.6873282 0.7020406 0.7020406 0.7388060 0.6672071 0.6672071 0.8635514 0.9188943 0.9243809 1.0170747 1.2846051 1.3424782 1.3424782 1.0040116 2.1612137 2.8521118 
Chem_TCONS_00001210                                   1.4596778 1.4501582 1.4085539 1.6524222 0.5129862 0.4623220 0.5080577 0.5602501 0.3065913 0.3120430 0.3146489 0.2875047 0.3195312 0.2776621 0.3134091 0.3268139 0.2727641 0.2806381 0.3199803 0.3391528 0.2983820 0.3475240 0.4435282 0.3056179 0.3076943 0.3142454 0.3315578 0.3315578 0.0000000 0.3917681 0.2921691 0.3609394 0.4378809 0.4378809 0.3441031 0.2731906 0.4063269 0.3690053 0.3399691 0.3908192 0.4067647 0.6040971 0.5756981 0.4293120 0.4957250 0.5340425 0.4443433 0.5122184 0.5522956 0.8048067 0.9070504 0.9344506 0.8908820 0.8942244 0.8088576 0.8088675 0.8000868 0.7844341 0.6414134 0.6450861 0.7094694 0.7094694 0.7195382 0.6345074 0.6345074 0.8973501 0.8395175 0.8640110 1.0769173 1.2337766 1.5665394 1.5665394 1.1192604 2.1875120 2.7676528 
Spur_XM_790334.5                                      1.4687716 1.3556171 1.3585121 1.5206674 0.4414615 0.4081997 0.4927288 0.4708185 0.2850409 0.3023534 0.2869284 0.3142939 0.3387621 0.2759555 0.2129805 0.3040176 0.2940588 0.2856632 0.2907119 0.2842134 0.3165147 0.3207421 0.4168247 0.3271480 0.4224524 0.3556185 0.3724766 0.3724766 0.3917681 0.0000000 0.4438312 0.3646712 0.4055138 0.4055138 0.4459191 0.3699547 0.4370002 0.3664473 0.4292049 0.4063719 0.4993320 0.6575537 0.5274902 0.4332007 0.5204166 0.4553319 0.3632120 0.4619885 0.6137646 0.7569468 0.9238723 0.9367492 0.9197481 0.8889634 0.7797715 0.8354160 0.8101999 0.8296426 0.6322949 0.6029411 0.6740608 0.6740608 0.6941515 0.6608198 0.6608198 0.9047220 0.8444282 0.9349269 1.1201717 1.0348711 1.5603071 1.5603071 1.2917259 2.1869953 2.9452213 
Hvul_g12775_1                                         1.5344853 1.7272134 1.6475290 1.9398181 0.5835243 0.5138852 0.6157392 0.6259122 0.3515379 0.3659284 0.3901539 0.3528662 0.3870735 0.3513886 0.3924581 0.3899249 0.3424780 0.4156941 0.4937451 0.4925611 0.4511067 0.4479311 0.5902559 0.4646058 0.4886453 0.4342629 0.4482652 0.4482652 0.2921691 0.4438312 0.0000000 0.5253176 0.4964002 0.4964002 0.4846166 0.4216797 0.4414147 0.4450210 0.4815372 0.3536168 0.4401391 0.7666912 0.6389703 0.5142936 0.5985835 0.5608849 0.4807310 0.5928600 0.6559599 0.7915554 0.9409709 0.9421490 0.9631113 0.8500159 0.8166855 0.8458648 0.8659740 0.7810937 0.8468156 0.8512675 0.8811941 0.8811941 0.9006985 0.8488853 0.8488853 0.8678870 0.8150602 0.9024632 1.2925544 1.4611519 1.6466973 1.6466973 1.4142429 2.3817045 2.8515976 
Exapal_XM_021037915.2                                 1.5742297 1.6249523 1.5387249 1.9302695 0.4370315 0.3892724 0.4611950 0.5067308 0.3398113 0.3429235 0.3688917 0.3689754 0.3586980 0.2941208 0.3312341 0.3544332 0.3319097 0.2781171 0.3438664 0.3260124 0.3086132 0.3324932 0.3796917 0.3252579 0.3107774 0.3846752 0.4193521 0.4193521 0.3609394 0.3646712 0.5253176 0.0000000 0.3748083 0.3748083 0.5593664 0.4624367 0.5148055 0.4606826 0.4197236 0.5243220 0.5638236 0.6604461 0.6670912 0.4577109 0.6149014 0.4816432 0.4006428 0.5062231 0.6229288 0.7855819 1.0739795 1.0827983 1.0340798 1.0654060 0.8064140 0.8144186 0.8184415 0.8395817 0.8197274 0.7970404 0.8738459 0.8738459 0.8861412 0.8389778 0.8389778 1.0745932 1.0011968 1.0877116 1.0570573 1.4687140 1.6349109 1.6349109 1.3064109 2.7336954 2.8635221 
Opea_EP00118_Oscarella_pearsei_P024585                1.2229135 1.1829940 1.1733730 1.4504486 0.3529693 0.3081172 0.4073311 0.3752216 0.3532838 0.3752606 0.3959898 0.3692227 0.3717403 0.2962673 0.3614399 0.3225925 0.3250389 0.3252051 0.3935278 0.3648026 0.3501383 0.3625694 0.4293737 0.3655790 0.3648462 0.3209744 0.3553839 0.3553839 0.4378809 0.4055138 0.4964002 0.3748083 0.0000000 0.0000010 0.4504788 0.4514239 0.5030077 0.4215680 0.4264783 0.4703750 0.5451483 0.6386718 0.4928177 0.5607918 0.7153039 0.6295449 0.4515956 0.5394135 0.6461212 0.7269134 0.8550159 0.8892108 0.8829572 0.8413435 0.7502317 0.7615217 0.8239071 0.7727146 0.8402724 0.8180314 0.8439199 0.8439199 0.9091410 0.8687794 0.8687794 0.9557539 0.8289483 0.9681397 1.2430633 1.2065432 1.4031501 1.4031501 1.3164163 2.2588922 2.7427078 
Ocar_g5070                                            1.2229135 1.1829940 1.1733730 1.4504486 0.3529693 0.3081172 0.4073311 0.3752216 0.3532838 0.3752606 0.3959898 0.3692227 0.3717403 0.2962673 0.3614399 0.3225925 0.3250389 0.3252051 0.3935278 0.3648026 0.3501383 0.3625694 0.4293737 0.3655790 0.3648462 0.3209744 0.3553839 0.3553839 0.4378809 0.4055138 0.4964002 0.3748083 0.0000010 0.0000000 0.4504788 0.4514239 0.5030077 0.4215680 0.4264783 0.4703750 0.5451483 0.6386718 0.4928177 0.5607918 0.7153039 0.6295449 0.4515956 0.5394135 0.6461212 0.7269134 0.8550159 0.8892108 0.8829572 0.8413435 0.7502317 0.7615217 0.8239071 0.7727146 0.8402724 0.8180314 0.8439199 0.8439199 0.9091410 0.8687794 0.8687794 0.9557539 0.8289483 0.9681397 1.2430633 1.2065432 1.4031501 1.4031501 1.3164163 2.2588922 2.7427078 
Sanmal_Sma_007578-T1                                  1.4843855 1.5026206 1.4830986 1.5131963 0.5020187 0.5468080 0.6329069 0.5767744 0.3641834 0.4175533 0.4312938 0.4369102 0.3948956 0.4125236 0.3983807 0.4356928 0.3146504 0.3209993 0.3575910 0.3565210 0.3245943 0.3420209 0.4207921 0.3507899 0.3964605 0.3673349 0.3895885 0.3895885 0.3441031 0.4459191 0.4846166 0.5593664 0.4504788 0.4504788 0.0000000 0.1920815 0.2459871 0.2099301 0.4255535 0.6212440 0.6398436 0.6120951 0.6544738 0.5648358 0.5944778 0.6228964 0.6284300 0.4646326 0.6452385 0.8436386 1.0110576 1.0190045 0.9932588 0.9421678 0.7908149 0.7856588 0.8683490 0.7547063 0.7833661 0.7815072 0.8200759 0.8200759 0.8894485 0.7726411 0.7726411 0.9794032 1.0658334 0.9411019 1.2240989 1.4119225 1.6674517 1.6674517 1.2767345 2.1476175 3.0689672 
Aaur_scaffold1285.g1.t1                               1.4516520 1.4806305 1.4692453 1.6912573 0.4827988 0.4767215 0.5551692 0.5776491 0.3039567 0.3641320 0.3728955 0.3663957 0.3570832 0.3409777 0.3140621 0.4054481 0.3191217 0.2877499 0.3386593 0.3375921 0.3094345 0.3287348 0.4217420 0.3355486 0.3524260 0.3825469 0.3966815 0.3966815 0.2731906 0.3699547 0.4216797 0.4624367 0.4514239 0.4514239 0.1920815 0.0000000 0.2114143 0.1412941 0.4236426 0.5399175 0.5588709 0.6878639 0.6794198 0.5478497 0.5075285 0.5301696 0.5032836 0.4058873 0.6099164 0.8279563 1.0147756 1.0227271 0.9967273 0.9638823 0.7469228 0.7595293 0.9228073 0.8383393 0.7722599 0.7764037 0.8401926 0.8401926 0.8747944 0.7717028 0.7717028 0.9619118 1.0157087 0.9566414 1.2653905 1.3575255 1.6521848 1.6521848 1.1863896 2.0288275 2.9770695 
Nemnom_g10044.t1                                      1.5268011 1.5868467 1.5862535 1.8024680 0.4944537 0.4854515 0.5652009 0.6037465 0.3312514 0.4051281 0.4197806 0.3622004 0.4247018 0.3853309 0.3434942 0.4286941 0.3942431 0.3633174 0.4283474 0.4084895 0.3889711 0.3919453 0.4922285 0.4263557 0.3883289 0.4803603 0.4672120 0.4672120 0.4063269 0.4370002 0.4414147 0.5148055 0.5030077 0.5030077 0.2459871 0.2114143 0.0000000 0.1077777 0.4257792 0.5340643 0.6167903 0.7452232 0.6779468 0.6267620 0.6536872 0.6515087 0.6099915 0.4861574 0.5387041 0.8420914 0.9807022 0.9890981 0.9638132 0.9650448 0.7758236 0.7545371 0.8567371 0.7460301 0.7235308 0.7535408 0.8139398 0.8139398 0.8018726 0.7582221 0.7582221 0.8707443 0.8847032 0.8628264 1.1445943 1.4065344 1.7812647 1.7812647 1.3499471 2.0727695 2.9036598 
Rhoesc_Res_011924-T1                                  1.6069562 1.6050682 1.5823809 1.7785036 0.4555037 0.4989626 0.5726608 0.5796631 0.3039795 0.3682650 0.3899196 0.3696834 0.3851190 0.3181769 0.3353885 0.4051819 0.3454156 0.3503227 0.4022452 0.3830976 0.3860487 0.3862575 0.5002333 0.4037832 0.4220922 0.4116085 0.4146202 0.4146202 0.3690053 0.3664473 0.4450210 0.4606826 0.4215680 0.4215680 0.2099301 0.1412941 0.1077777 0.0000000 0.4704770 0.5542512 0.5877538 0.7375572 0.6638903 0.5697599 0.5371550 0.5602941 0.4687804 0.4188438 0.5976249 0.8045651 1.0119964 1.0199900 1.0341522 0.9612547 0.7314959 0.7485607 0.9016189 0.8356820 0.7723730 0.7792598 0.8501631 0.8501631 0.8725584 0.7860278 0.7860278 0.8929248 0.9442306 0.8885791 1.2066270 1.4045241 1.7099733 1.7099733 1.3170554 2.2144195 3.0619005 
Morvir_scaffold278.g12.t1                             1.4972235 1.4509940 1.3763600 1.9062432 0.5739058 0.5174252 0.5934432 0.6120484 0.3187009 0.3647673 0.3804762 0.3221206 0.3291354 0.2921605 0.3514065 0.3893305 0.3349364 0.3846151 0.3942575 0.3667964 0.3447425 0.3314711 0.4245050 0.3382893 0.3658342 0.3292957 0.3794848 0.3794848 0.3399691 0.4292049 0.4815372 0.4197236 0.4264783 0.4264783 0.4255535 0.4236426 0.4257792 0.4704770 0.0000000 0.4967887 0.5441441 0.7470737 0.6516029 0.4941073 0.5596354 0.5670427 0.5120112 0.4516872 0.6023149 0.8110798 0.8945517 0.9075703 0.8715063 0.8817972 0.7591583 0.7005210 0.7687984 0.8454685 0.8550397 0.8262309 0.9107876 0.9107876 0.8955346 0.8693598 0.8693598 0.8967399 0.8053149 0.8153518 1.0348607 1.3820836 1.6706408 1.6706408 1.2522373 2.7417145 2.7843660 
Lcom_lcpid213496                                      1.1232357 1.0218258 1.0241100 1.2015060 0.5402330 0.4496352 0.5244162 0.5409501 0.3360048 0.3560384 0.3434845 0.3792493 0.4458150 0.3464845 0.3858765 0.2805620 0.3779222 0.4270471 0.3955142 0.3962721 0.4399259 0.4203836 0.4501435 0.3883492 0.4677403 0.4010880 0.4314122 0.4314122 0.3908192 0.4063719 0.3536168 0.5243220 0.4703750 0.4703750 0.6212440 0.5399175 0.5340643 0.5542512 0.4967887 0.0000000 0.0701195 0.4518164 0.4956384 0.5361291 0.6166726 0.5478856 0.5964054 0.5388808 0.5399289 0.7305761 0.6825509 0.7153620 0.7167204 0.7123553 0.5413102 0.5571203 0.7081354 0.7902487 0.7382372 0.7461467 0.7664951 0.7664951 0.8193459 0.7371490 0.7371490 0.8020187 0.7133372 0.8647137 1.0270942 0.7577797 1.5658496 1.5658496 1.1340953 2.3228609 2.4817164 
Lcom_lcpid190802                                      1.1207123 1.1382788 1.1268148 1.1135514 0.5261916 0.5030356 0.5351391 0.5555804 0.3899882 0.3949712 0.3770702 0.4247642 0.4409447 0.3753544 0.3784141 0.3131350 0.3709206 0.4503529 0.4215496 0.4357407 0.4507885 0.4619698 0.4847588 0.4255992 0.4765174 0.4524419 0.4655738 0.4655738 0.4067647 0.4993320 0.4401391 0.5638236 0.5451483 0.5451483 0.6398436 0.5588709 0.6167903 0.5877538 0.5441441 0.0701195 0.0000000 0.5522752 0.5820773 0.7148752 0.6212989 0.6160460 0.6161588 0.5529502 0.5340432 0.7619288 0.8795814 0.9097265 0.8709913 0.8728469 0.6594589 0.7111024 0.8721451 0.8372041 0.7505369 0.7634640 0.7763362 0.7763362 0.8382375 0.7459480 0.7459480 0.8104347 0.8161585 0.8925857 0.9966304 1.0193416 1.5612812 1.5612812 1.1252018 2.3489647 2.8431238 
Lcom_lcpid185845                                      1.3617603 1.5289652 1.5159571 1.5677402 0.5586985 0.5715637 0.5881498 0.6681913 0.6239152 0.5146386 0.5007963 0.6212041 0.6915047 0.4967405 0.6253244 0.4567014 0.5340356 0.6382341 0.6572777 0.6559909 0.6405585 0.6591442 0.8410846 0.6408600 0.6655984 0.5603352 0.5955039 0.5955039 0.6040971 0.6575537 0.7666912 0.6604461 0.6386718 0.6386718 0.6120951 0.6878639 0.7452232 0.7375572 0.7470737 0.4518164 0.5522752 0.0000000 0.5572329 0.8697142 0.9201607 0.9355738 0.7920905 0.7414185 0.6023380 1.0740339 1.1450401 1.1576209 1.2224724 1.0419507 1.0612984 1.0167656 1.2071533 1.0638574 0.8281889 0.8407682 0.8592738 0.8592738 0.9082128 0.8804355 0.8804355 1.0372490 0.9287862 1.0147252 1.3683772 1.3074354 1.7418666 1.7418666 1.4750959 2.3518462 3.4442439 
Lcom_lcpid172386                                      1.4399660 1.5175784 1.4543456 1.5881363 0.5308493 0.5123434 0.5422719 0.5332943 0.4812064 0.4064986 0.4131645 0.5488551 0.5968628 0.4535731 0.5202651 0.5073381 0.5117041 0.5457199 0.5614786 0.5602644 0.5758697 0.5944108 0.7317474 0.5117586 0.6418640 0.5401734 0.5523600 0.5523600 0.5756981 0.5274902 0.6389703 0.6670912 0.4928177 0.4928177 0.6544738 0.6794198 0.6779468 0.6638903 0.6516029 0.4956384 0.5820773 0.5572329 0.0000000 0.7043008 0.8898063 0.8096519 0.6741632 0.6956513 0.5499864 0.7111461 1.0592004 1.0743602 1.0648075 0.9790710 0.8544853 0.7926136 0.9497084 0.8673079 0.8824569 0.8565030 0.9068461 0.9068461 0.8927366 0.8914396 0.8914396 0.9423918 0.7756651 0.9145083 1.2373792 1.3540193 1.3887120 1.3887120 1.4409553 2.5470347 3.2011801 
Dpul_mRNA535                                          1.6815989 1.4481563 1.4371103 1.8393416 0.5723744 0.5503506 0.6426329 0.6645073 0.4552754 0.4662271 0.4961434 0.5221972 0.5483272 0.3878483 0.5193463 0.4985190 0.4275791 0.4720793 0.5331027 0.5095039 0.5000496 0.4831050 0.6399452 0.5281227 0.4898011 0.5428620 0.5735641 0.5735641 0.4293120 0.4332007 0.5142936 0.4577109 0.5607918 0.5607918 0.5648358 0.5478497 0.6267620 0.5697599 0.4941073 0.5361291 0.7148752 0.8697142 0.7043008 0.0000000 0.4952105 0.4965964 0.6559322 0.6869749 0.7443087 1.0322723 0.9210515 0.9303247 0.9570069 0.8819494 0.7334803 0.6843723 0.8469260 0.9329913 0.9201711 0.8831108 0.9330123 0.9330123 0.9741241 0.9528295 0.9528295 1.0048086 1.0495272 1.0120530 1.1765411 0.8928934 1.5171733 1.5171733 1.3955097 2.8223822 2.6909882 
Lcom_lcpid160544                                      1.7382286 1.5783944 1.5665696 2.0608800 0.6524492 0.6662185 0.7037727 0.7271724 0.5177931 0.5691906 0.5822359 0.4767170 0.5282706 0.4215993 0.4821948 0.5001604 0.4216261 0.5568984 0.6068953 0.5997089 0.5601423 0.5517123 0.5856239 0.5937267 0.5566427 0.5692645 0.6001614 0.6001614 0.4957250 0.5204166 0.5985835 0.6149014 0.7153039 0.7153039 0.5944778 0.5075285 0.6536872 0.5371550 0.5596354 0.6166726 0.6212989 0.9201607 0.8898063 0.4952105 0.0000000 0.4949193 0.5923083 0.7418468 0.7953749 1.0106370 0.8964186 0.9223407 0.8667263 0.8453202 0.7902401 0.8060999 0.8568198 0.8773282 0.8723403 0.8645965 0.8935843 0.8935843 0.9024276 0.8548392 0.8548392 0.9595829 0.9899896 0.9666597 1.4645084 0.9125579 1.6062229 1.6062229 1.3975496 2.5200770 3.6934131 
Tcas_TC009260_001                                     1.4819058 1.4007404 1.3757567 1.7604481 0.6197758 0.5676106 0.6865191 0.6734258 0.4400622 0.5119140 0.5043567 0.4657630 0.4931993 0.4632977 0.4567433 0.4703156 0.4363042 0.5262953 0.5453323 0.5609827 0.5528923 0.5310747 0.6325875 0.5355034 0.4886482 0.5188860 0.5478702 0.5478702 0.5340425 0.4553319 0.5608849 0.4816432 0.6295449 0.6295449 0.6228964 0.5301696 0.6515087 0.5602941 0.5670427 0.5478856 0.6160460 0.9355738 0.8096519 0.4965964 0.4949193 0.0000000 0.6035999 0.7255001 0.6575000 0.8576839 1.2002360 1.2273532 1.1628333 1.1271850 0.9455003 0.9913755 1.0314048 0.9790268 0.9345540 0.8984092 0.9889844 0.9889844 0.9793440 0.9499173 0.9499173 0.9274819 0.9935725 1.0085336 1.3011959 1.0019278 1.4874060 1.4874060 1.0556212 2.3592084 3.0798106 
Lcom_lcpid184019                                      1.3862040 1.4253790 1.4065282 1.6148144 0.4492998 0.4220336 0.4727728 0.4840937 0.4131700 0.4153415 0.4398070 0.4026023 0.4391132 0.3108190 0.3008096 0.3418194 0.3670608 0.4025019 0.4802675 0.4521560 0.4291966 0.4561813 0.5071284 0.4696134 0.4298141 0.3971557 0.4672165 0.4672165 0.4443433 0.3632120 0.4807310 0.4006428 0.4515956 0.4515956 0.6284300 0.5032836 0.6099915 0.4687804 0.5120112 0.5964054 0.6161588 0.7920905 0.6741632 0.6559322 0.5923083 0.6035999 0.0000000 0.3537130 0.7363706 0.7401116 0.9742189 0.9854545 0.9617512 0.9037886 0.7982311 0.8455997 0.9194674 0.9212974 0.7709019 0.7743228 0.8151079 0.8151079 0.8838987 0.7931448 0.7931448 0.9529313 0.9247640 0.9327345 1.1519600 1.5144011 1.5454701 1.5454701 1.4797598 2.3132984 2.6986217 
Lcom_lcpid177260                                      1.7505944 1.7458158 1.7382960 2.1229156 0.5217696 0.5425975 0.5380955 0.6015636 0.3381247 0.4166056 0.4291313 0.4574446 0.4056712 0.4035649 0.3881782 0.4878888 0.4176492 0.4494472 0.5212362 0.5200597 0.4235065 0.5147834 0.6383798 0.4895122 0.4460445 0.5244726 0.5413101 0.5413101 0.5122184 0.4619885 0.5928600 0.5062231 0.5394135 0.5394135 0.4646326 0.4058873 0.4861574 0.4188438 0.4516872 0.5388808 0.5529502 0.7414185 0.6956513 0.6869749 0.7418468 0.7255001 0.3537130 0.0000000 0.6798499 0.8749240 1.1550085 1.1651038 1.1815049 1.1814774 0.8861301 0.9138727 1.0269133 0.9812119 0.9274544 0.9294987 1.0124511 1.0124511 1.0133096 0.9635306 0.9635306 1.0551950 1.0188505 1.0631942 1.2198061 1.4381491 1.7270162 1.7270162 1.2905055 2.3915122 2.9037579 
Lcom_lcpid149756                                      1.3763304 1.3363017 1.3251849 1.7913720 0.5910240 0.4960364 0.5430214 0.5932748 0.5202847 0.4978416 0.4882798 0.5471216 0.5784728 0.4358245 0.4872018 0.4778620 0.4746479 0.5058762 0.5291131 0.5278769 0.5217995 0.5170500 0.6388117 0.5128260 0.6066858 0.5623662 0.6067040 0.6067040 0.5522956 0.6137646 0.6559599 0.6229288 0.6461212 0.6461212 0.6452385 0.6099164 0.5387041 0.5976249 0.6023149 0.5399289 0.5340432 0.6023380 0.5499864 0.7443087 0.7953749 0.6575000 0.7363706 0.6798499 0.0000000 0.7181993 1.0855981 1.0699299 1.0959199 1.0163358 0.9135035 0.9424554 0.9471355 0.9844647 0.9619785 0.9247916 1.0070092 1.0070092 0.9903406 0.9875226 0.9875226 0.9757571 0.8210695 0.9602879 1.0533301 1.0022799 1.4327722 1.4327722 1.0424161 2.3109818 3.3895221 
