150
Mertsp_Mesp_sb583229                                               0.0000000 0.0075201 0.0234742 0.0234742 0.0234742 0.2437409 0.1378762 0.1378762 0.1378762 0.1378762 0.1133607 0.9661995 1.0873772 0.9948852 1.1651562 1.0309210 1.0533793 1.2821329 0.6577410 1.1315993 2.9819912 2.3761546 2.3896420 2.3896420 2.2558583 2.3062372 2.1996030 2.3731481 2.3439972 2.5595837 2.0598858 1.6066422 1.1835010 2.5871955 2.7626314 3.2402404 4.4950010 3.4422749 3.3173259 3.6553721 3.5005316 3.5233921 3.3542711 3.3859596 3.9468638 4.4609499 4.0958340 3.6369511 3.6369511 3.7514341 4.8062578 4.3265150 4.3582660 4.0048189 3.5782339 4.2431316 4.4695022 7.1934086 3.6847026 3.4984998 4.0435749 3.9803403 3.9382696 4.0639108 3.9332703 4.0270333 3.8306537 5.7288670 5.1382398 4.1175678 4.3553347 3.9332055 2.2889297 3.3018134 3.1249718 2.9884149 3.4067738 3.5686137 3.4171359 2.8524112 3.3021178 3.4596705 3.6472310 3.5303483 3.4161580 3.5482842 2.9052747 3.0293540 4.4023024 4.0031109 4.0606181 3.8852474 3.8680469 7.0842046 3.4995464 4.3342078 4.4541056 4.0131576 4.4647579 3.8622419 5.1527546 4.6662224 4.5637757 4.0918026 3.2949366 4.1392898 3.6601927 4.0907454 4.8692335 3.2322001 5.4669690 3.7620700 3.4655667 3.7404451 4.0047709 3.3993599 3.7464674 3.7223537 5.2045372 4.0418205 4.3357708 3.5955331 3.7910253 3.9918393 3.5748744 3.1530243 3.4086023 3.4981670 5.8777274 3.1573726 3.7174120 3.7174120 3.1564769 3.1564769 3.4009401 2.9597885 3.8549569 3.9909336 4.5801829 4.3286889 4.3970225 4.6307334 3.3923026 5.3840178 2.9561900 3.9741275 4.1212504 3.6821507 4.1127857 6.2635372 
Mertsp_Mesp_sb583226                                               0.0075201 0.0000000 0.0187457 0.0187457 0.0187457 0.1854001 0.1052247 0.1052247 0.1052247 0.1052247 0.0790239 0.7459661 0.9180191 0.8503882 1.0868611 0.9168488 0.9413482 1.0212587 0.5014357 0.9720931 1.1974384 2.4132044 2.5028269 2.5028269 2.3892057 2.3462364 2.2918138 2.4975753 2.4823199 2.5023065 2.0026447 1.6066422 1.1835010 2.2462875 2.7626314 2.9440875 4.0905181 3.4130530 3.2522334 3.6529993 3.3468636 3.3643414 3.2320926 3.5709902 3.6184281 4.0739234 4.0476185 3.6369511 3.6369511 3.7514341 3.9227350 4.1460334 4.3298403 4.0660895 3.7057582 4.2859291 4.4392208 7.4718590 3.2109345 2.9792997 3.2530786 3.2118934 3.2654797 3.4518063 3.3926437 3.3447213 3.3101002 4.0616452 4.2925351 3.4940952 3.7074210 3.2580945 2.1546984 2.8550968 2.8173208 2.9884149 3.0170013 3.1456517 3.0103659 2.9190598 2.8034546 3.0260346 3.2599593 2.9742039 3.2746835 3.3118846 2.8390187 2.8272948 4.0188517 3.4071243 3.4440230 3.3323194 3.6969533 4.9516037 3.1500845 3.8618736 3.9931617 3.5633224 3.9856242 3.4782612 4.1498095 3.1189964 4.5067913 3.7293259 3.2949366 3.9117929 3.3991481 3.5543010 3.3040418 2.8374260 2.9152307 3.1018914 3.0918370 3.4662483 3.5974395 3.0695482 3.1534355 3.2228037 3.3744297 3.7816682 3.8585356 3.3822813 3.5863382 3.7352386 3.3732509 2.7413762 3.3510261 3.3778689 5.8777274 2.7515796 3.2973819 3.2973819 3.0588488 3.0588488 3.4375083 2.6935405 3.4700810 3.9909336 3.8481727 3.6437268 4.3970225 3.9037219 3.2447652 5.0187841 2.8241589 3.7933154 3.7514776 3.3164678 3.6319850 6.9164647 
Mertsp_Mesp_sb583219                                               0.0234742 0.0187457 0.0000000 0.0000010 0.0000010 0.0943371 0.0484158 0.0484158 0.0577644 0.0604530 0.1052247 0.6654475 0.8136760 0.7547404 1.0868611 0.7532841 0.7579924 0.8674328 0.4584494 0.8410122 0.7585062 2.0425540 2.1083248 2.1386078 2.2852870 2.1095134 2.2918138 2.1676418 2.1017327 1.9769029 1.8811838 1.6066422 1.1835010 1.9462716 2.7627682 2.5104846 3.2402321 3.0066079 3.0590903 3.4572013 2.9585898 2.8573485 3.1935542 3.3696766 3.0397762 3.2052930 3.4864239 1.5478271 1.5729065 1.3797595 2.7509994 2.9318076 2.8638560 2.7939255 2.5286454 2.8095719 2.8286579 3.8042006 2.6453585 2.5240637 2.2806108 3.1964480 2.6779544 3.3144778 2.8577985 2.6412410 2.6365105 2.8254390 2.9731147 2.8123704 2.8603207 2.5823074 2.0246401 2.4110913 2.3957067 2.9884149 2.6577871 2.6924502 2.5331356 2.3599055 2.2535056 2.4233638 2.5108873 2.3482516 2.4175707 2.5466425 2.3539882 2.3537100 2.4607105 3.1476155 2.7447428 2.6924537 2.9487636 4.1542466 2.5416124 2.9531150 3.1649933 2.9551301 3.3208075 2.9689406 3.1113689 2.4154536 3.0020126 2.9149586 3.2949366 3.9117929 3.1002413 2.6445416 2.0544590 2.2308031 1.8792653 2.3262364 2.3650228 3.1288283 2.6753261 2.2953357 2.8860671 2.4810308 2.4316581 2.9771784 2.9500680 2.8890802 2.7583428 2.8774442 2.6932913 2.5419117 2.7217581 2.7366039 3.2033140 2.3852642 2.5775833 2.5876201 2.4718027 2.5030216 2.7535147 2.3561423 2.6122879 3.9909336 3.4561041 3.3145345 4.3970225 3.9037219 3.1338958 3.2211906 2.2898077 2.7990834 2.8906845 3.1083877 3.0191946 5.2591669 
Mertsp_Mesp_sb583221                                               0.0234742 0.0187457 0.0000010 0.0000000 0.0000010 0.1129656 0.0577644 0.0577644 0.0577644 0.0604530 0.1052247 0.6307723 0.8136760 0.7547404 1.0868611 0.8366731 0.8424027 0.8950710 0.4270042 0.8617746 0.7477104 2.0241162 2.1638076 2.2000558 2.2852870 2.1899066 2.2918138 2.1246361 2.0499426 2.0045678 1.8372079 1.6066422 1.1835010 1.9462716 2.7577228 2.7135381 3.4012050 3.1074759 3.0634558 3.5461735 2.8319709 2.8432196 3.1425337 3.3214664 3.2235870 3.3414966 3.4224852 1.4637736 1.2607863 1.1877538 2.9940034 3.2009719 3.1767159 3.0028182 2.6954294 3.0610614 3.2057253 4.5252994 2.6665141 2.5440698 2.5469562 2.6757725 2.7260237 3.3144778 2.9360817 2.7055596 2.6554094 2.9058387 3.1729335 2.9512189 2.9746291 2.6214438 1.7495502 2.4245628 2.3794401 2.9884149 2.6850561 2.6475306 2.5323630 2.3925526 2.2619694 2.4521855 2.5551483 2.4965511 2.5102353 2.5346641 2.3083257 2.2603694 2.3562233 3.1476155 2.8622730 2.7957197 2.9601589 4.1542466 2.5868544 3.2411616 3.2366019 2.9793801 3.4518181 2.9859297 3.1909796 2.3177455 3.3540572 2.8969821 3.2949366 3.9117929 3.1002413 2.7686752 2.0544590 2.2733602 1.7973295 2.4345474 2.4318734 3.1288283 2.8332270 2.3713403 2.8860671 2.5580391 2.3836020 3.3261277 3.2301876 3.0517584 2.9797885 2.9480058 2.7709582 2.5011825 2.8119671 2.8860904 4.0335340 2.4762899 2.7210355 2.7339092 2.5862902 2.6257050 2.8748851 2.4412827 2.7431702 3.9909336 3.4561041 3.3145345 4.3970225 3.9037219 3.2172378 3.8139841 2.2183346 2.9063768 3.0974454 3.1083877 3.1751779 5.6642768 
Mertsp_Mesp_sb583222                                               0.0234742 0.0187457 0.0000010 0.0000010 0.0000000 0.1183462 0.0604530 0.0604530 0.0604530 0.0604530 0.1052247 0.6259150 0.8136760 0.7547404 1.0868611 0.8725684 0.8786334 0.9325394 0.4140610 0.8767151 0.7735235 2.0606949 2.1891693 2.2270752 2.2852870 2.1954157 2.2918138 2.1786447 2.0991698 1.9986442 1.8310214 1.6066422 1.1835010 1.9856353 2.7577228 2.7356628 3.2447648 2.9968765 2.9041449 3.4049907 2.7456704 2.7569240 3.1425337 3.0830067 3.1289238 3.3840769 3.2792125 1.4654648 1.2182451 1.1247517 3.0974959 3.3532407 3.3214588 3.1279356 2.8056559 3.1902224 3.3004201 4.9112472 2.7478029 2.6204797 2.6549001 2.6942100 2.7614002 3.3144778 2.9265630 2.7567071 2.6349909 2.8915569 3.2424102 2.9771797 3.0018175 2.7207894 1.7495502 2.4519243 2.4366717 2.9884149 2.6129910 2.7497219 2.6274867 2.3987200 2.2824455 2.4272497 2.5738900 2.4973276 2.5325798 2.6265662 2.3722233 2.2716277 2.4472222 3.1476155 2.9058225 2.8349805 3.0094108 4.1542466 2.6451110 3.2608357 3.3652005 3.0822336 3.5725529 3.0362813 3.2814622 2.3325086 3.4714842 2.9686622 3.2949366 3.9117929 3.1002413 2.8553286 2.0598903 2.2674340 1.7394073 2.4369826 2.4706773 3.1288283 2.9193909 2.4232110 2.8860671 2.5845980 2.3827129 3.4861908 3.3600229 3.0751222 3.0809037 3.0774034 2.8231801 2.5293157 2.9100987 2.9435853 5.0054994 2.4997353 2.7873491 2.8013065 2.5828769 2.6240620 2.9034185 2.4709474 2.7930171 3.9909336 3.4561041 3.3145345 4.3970225 3.9037219 3.2447652 4.0153936 2.2388036 3.0052685 3.2008024 3.1701951 3.2338096 5.9519508 
Bolinf_Binf_sb1230364                                              0.2437409 0.1854001 0.0943371 0.1129656 0.1183462 0.0000000 0.0039525 0.0041328 0.0048745 0.0050847 0.0272986 0.5838461 0.5931341 0.5925221 0.9309249 0.7282001 0.7491483 0.8590376 0.4767837 0.8760557 0.7594654 2.2707386 2.2586736 2.2875147 2.4497802 2.1692286 2.3731574 2.2739667 2.1293265 2.1504960 2.0652970 1.6104152 1.1260920 2.1041929 2.9726864 2.7006920 3.2436109 3.0727606 3.1324077 3.6630542 3.0003702 2.8789120 3.2205595 3.4485449 3.0397762 3.3194422 3.3724045 1.7533282 1.8099535 1.3797595 2.7836613 2.9966431 2.9327132 2.8016925 2.6187794 2.8317937 2.8393600 4.2038303 2.6932094 2.6599051 2.3797104 3.0400561 2.7445339 3.0502491 2.8725659 2.6690568 2.5156562 3.0232945 2.9695314 2.9047802 2.8888502 2.7040664 2.0542019 2.5429839 2.5158124 3.0629997 2.6878477 2.8161982 2.6736437 2.4733106 2.3222076 2.5061012 2.6381586 2.4550438 2.3804597 2.7084808 2.4391917 2.4689845 2.6797547 3.3076743 2.9063196 2.8552565 3.1217517 4.1542466 2.5301167 2.8678059 3.0271385 2.8346526 3.1527848 2.9061369 3.1167288 2.5538207 2.9120377 2.8532006 3.7408424 4.0445612 2.9243040 2.8120271 2.0544590 2.3397904 2.0649962 2.3262364 2.4890132 3.0415410 2.7088968 2.4212720 2.7732032 2.5283412 2.3740623 3.0058781 2.9206177 3.0092171 2.7672637 2.9874539 2.6860833 2.6349544 2.8995305 2.7975129 3.7363356 2.4983584 2.6764200 2.6865574 2.5494024 2.5807273 2.7749798 2.4272161 2.8796493 4.2722226 3.1229595 3.1465962 4.1585890 3.7113445 3.1420766 3.0990695 2.4996733 2.8769708 2.8832972 3.0692387 3.1179306 5.6683044 
Bolinf_Binf_sb1230365                                              0.1378762 0.1052247 0.0484158 0.0577644 0.0604530 0.0039525 0.0000000 0.0000010 0.0000010 0.0000010 0.0202572 0.5450977 0.5599102 0.5599102 0.8654507 0.6942178 0.7110964 0.8238091 0.4767837 0.8619371 0.7594654 2.2047433 2.1992615 2.2291350 2.3605395 2.1552599 2.2933877 2.2389368 2.1037206 2.1504960 2.0206765 1.6104152 1.0320087 2.1171494 2.8427210 2.6398498 3.2172052 3.0504102 3.1146618 3.5460038 2.9739625 2.8464022 3.1868379 3.4485449 3.0397762 3.2390032 3.3955742 1.7533282 1.8099535 1.3797595 2.7351440 2.9229923 2.8442365 2.7989743 2.6048302 2.7763038 2.8285925 4.0431968 2.6292999 2.6599051 2.3400919 3.0394949 2.6772827 2.9984888 2.8391288 2.5822777 2.5192709 2.8629655 2.9502507 2.8330296 2.8170532 2.6653719 2.0542019 2.4931926 2.4607309 2.9063956 2.6163528 2.7858913 2.6080957 2.4715848 2.2388153 2.4198512 2.5900114 2.3490383 2.3265920 2.7084808 2.3781868 2.4046895 2.6797547 3.1925711 2.8498459 2.7878888 3.0500996 4.1542466 2.5002537 2.8577835 2.9292381 2.7378642 3.0900531 2.8074875 2.9526894 2.4052166 2.8575686 2.8262418 3.5602163 3.9091023 2.8259739 2.7713450 2.0544590 2.3397904 2.0649962 2.3262364 2.4542902 2.8845219 2.6114002 2.2904317 2.7491097 2.4685678 2.3653364 2.9442730 2.8570454 2.8925359 2.7020291 2.9135208 2.6468884 2.5679680 2.8633422 2.7501712 3.7363356 2.4355125 2.6426650 2.6528386 2.5066204 2.5379627 2.7320355 2.4272161 2.7774126 3.9203015 3.1266727 3.0519834 3.9356669 3.5340138 3.0672718 3.1460229 2.4853554 2.8122971 2.8256000 3.0083774 3.0140227 5.6918231 
Mertsp_Mesp_sb583220                                               0.1378762 0.1052247 0.0484158 0.0577644 0.0604530 0.0041328 0.0000010 0.0000000 0.0000010 0.0000010 0.0202572 0.5450977 0.5599102 0.5599102 0.8654507 0.6729977 0.6903151 0.7992792 0.4584494 0.8643069 0.7585062 2.0644756 2.1179135 2.1492199 2.3102324 2.0828005 2.2933877 2.1856774 2.0632249 2.0352929 1.8938364 1.6104152 1.0320087 2.1171494 2.5920866 2.4954516 3.2172052 3.0504102 3.0999266 3.5193204 2.9505583 2.8464022 3.1868379 3.3696766 3.0397762 3.2390032 3.3568513 1.5478271 1.5729065 1.3797595 2.6610247 2.7702242 2.6876477 2.6583354 2.4396459 2.6762457 2.6938967 3.8334264 2.5498793 2.5045452 2.1857668 2.9491120 2.5240101 2.9984888 2.7137644 2.4022153 2.3613234 2.6473586 2.9502507 2.6895736 2.6770444 2.4767399 2.0246401 2.3391934 2.3085007 2.9063956 2.6163528 2.6552193 2.4913752 2.3335048 2.1180837 2.2809221 2.4757147 2.2057584 2.3233139 2.5680715 2.2502713 2.2987658 2.4607105 3.1925711 2.7531444 2.6901610 2.9531525 4.1542466 2.3983687 2.7536272 2.8479978 2.6551259 3.0120588 2.7136765 2.8249460 2.2518799 2.7513809 2.7847347 3.5602163 3.9091023 2.8259739 2.6757309 2.0544590 2.2308031 1.8792653 2.3262364 2.3281832 2.8845219 2.5360178 2.2149183 2.7491097 2.4064811 2.3653364 2.8105950 2.7948941 2.7359756 2.5762421 2.8428933 2.5417893 2.4479008 2.8534283 2.7321025 3.2033140 2.3571808 2.5659851 2.5761844 2.3966406 2.4274876 2.5758266 2.3561423 2.5704530 3.9203015 3.1266727 3.0519834 3.9356669 3.5340138 3.0672718 3.0376099 2.3157694 2.6733139 2.6753257 3.0083774 2.8603813 5.3657847 
Mertsp_Mesp_sb583223                                               0.1378762 0.1052247 0.0577644 0.0577644 0.0604530 0.0048745 0.0000010 0.0000010 0.0000000 0.0000010 0.0202572 0.4961485 0.5599102 0.5599102 0.8654507 0.7358539 0.7579338 0.8127099 0.4270042 0.8902484 0.7477104 2.0495196 2.1779916 2.2156921 2.3102324 2.1597782 2.2933877 2.1440064 2.0038677 2.0795591 1.8507222 1.6104152 1.0320087 2.1171494 2.5781110 2.7017310 3.3786634 3.1553149 3.1139881 3.6284225 2.8200419 2.8314684 3.1345974 3.3214664 3.2235870 3.3829724 3.2757575 1.4637736 1.2607863 1.1877538 2.8821576 2.9947072 2.9489566 2.8312483 2.5834730 2.8875318 3.0226957 4.6052968 2.5511598 2.5203515 2.4300387 2.4122281 2.5386717 2.9984888 2.7592481 2.4059953 2.3202568 2.6755513 3.1470221 2.8014834 2.7494014 2.4933771 1.7495502 2.3381666 2.2872306 2.9063956 2.6421689 2.6024309 2.4818187 2.3613219 2.1000085 2.2801153 2.5128488 2.3214160 2.3961165 2.5607347 2.1850468 2.1938222 2.3562233 3.1925711 2.8754569 2.7961214 2.9658091 4.1542466 2.4124904 2.9810594 2.8502484 2.6186319 3.0701595 2.6769243 2.8318453 2.0977978 3.0243211 2.7407014 3.5602163 3.9091023 2.8259739 2.8126624 2.0544590 2.2733602 1.7973295 2.4345474 2.3883115 2.8845219 2.6608230 2.2746218 2.7491097 2.4667605 2.3044993 3.1052694 3.0279451 2.8617864 2.7491890 2.9076032 2.5847747 2.3892977 2.9812575 2.8834433 4.0335340 2.4444458 2.7102036 2.7233491 2.4958977 2.5347670 2.6555929 2.4412827 2.6951724 3.9203015 3.1266727 3.0519834 3.9356669 3.5340138 3.1510139 3.5695911 2.2498967 2.7507745 2.8270395 3.0083774 2.9787482 5.8249881 
Mertsp_Mesp_sb583224                                               0.1378762 0.1052247 0.0604530 0.0604530 0.0604530 0.0050847 0.0000010 0.0000010 0.0000010 0.0000000 0.0202572 0.4856830 0.5599102 0.5599102 0.8654507 0.7646483 0.7884589 0.8450818 0.4140610 0.9073275 0.7735235 2.0896638 2.2052982 2.2447821 2.3102324 2.1639910 2.2933877 2.2020374 2.0510648 2.0778205 1.8448953 1.6104152 1.0320087 2.1642672 2.5781110 2.7240463 3.2198889 3.0428866 2.9516218 3.4804541 2.7317929 2.7432250 3.1345974 3.0830067 3.1289238 3.4287738 3.1300523 1.4654648 1.2182451 1.1247517 2.9792775 3.1312920 3.0755473 2.9432373 2.6852194 3.0017551 3.1033045 5.0234771 2.6273461 2.5947926 2.5318028 2.4167253 2.5638438 2.9984888 2.7429491 2.4386129 2.2879830 2.6492419 3.2158864 2.8203935 2.7655374 2.5841069 1.7495502 2.3616596 2.3397291 2.9063956 2.5682509 2.7040205 2.5754644 2.3662663 2.1133958 2.2487954 2.5299915 2.3142817 2.4137752 2.6548173 2.2422489 2.2023674 2.4472222 3.1925711 2.9207739 2.8366818 3.0169997 4.1542466 2.4610387 2.9884066 2.9471653 2.6945584 3.1634924 2.7100970 2.8934163 2.0894090 3.1174452 2.8036192 3.5602163 3.9091023 2.8259739 2.9060117 2.0598903 2.2674340 1.7394073 2.4369826 2.4258647 2.8845219 2.7371957 2.3225992 2.7491097 2.4892865 2.2966908 3.2462884 3.1422324 2.8756361 2.8340100 3.0375571 2.6254679 2.4119756 3.0977632 2.9419577 5.0054994 2.4667538 2.7775122 2.7917906 2.4882841 2.5288720 2.6742288 2.4709474 2.7436780 3.9203015 3.1266727 3.0519834 3.9356669 3.5340138 3.1774868 3.7502859 2.2726295 2.8391337 2.9109178 3.0679188 3.0258270 6.1496090 
Mertsp_Mesp_sb583228                                               0.1133607 0.0790239 0.1052247 0.1052247 0.1052247 0.0272986 0.0202572 0.0202572 0.0202572 0.0202572 0.0000000 0.5553089 0.6288899 0.6288899 0.8654507 0.7805615 0.8267517 0.9075248 0.5014357 1.0164594 1.1974384 2.4797251 2.5423092 2.5423092 2.4218573 2.3127665 2.2933877 2.5499832 2.4235524 2.6242710 2.0284888 1.6104152 1.0320087 2.5593653 2.5752895 2.9388324 4.0693302 3.4859684 3.3246503 3.7679427 3.3431778 3.3610684 3.2256175 3.5709902 3.6184281 4.1729451 3.8459015 3.6369511 3.6369511 3.7514341 3.7663645 3.8307064 3.9669948 3.7935881 3.5264477 3.9786764 4.1173024 7.8442760 3.0614328 2.9424826 3.0967285 2.8219721 2.9910971 3.1127529 3.1415007 2.8790762 2.7932976 3.6638840 4.2739721 3.2953683 3.3868796 3.0757319 2.1546984 2.7398036 2.6924938 2.9063956 2.9671947 3.0965521 2.9507275 2.8994144 2.5755009 2.7848933 3.2197956 2.7258839 3.1196476 3.3550772 2.6679363 2.7435289 4.0188517 3.4704728 3.4819087 3.3560589 3.7378185 4.9516037 2.8971230 3.4785670 3.4015278 3.0307373 3.4453994 3.0431749 3.5579135 2.6663868 3.9567105 3.5033628 3.5602163 3.9091023 3.0987329 3.6695874 3.3040418 2.8374260 2.9152307 3.1018914 3.0528104 3.1942449 3.3561742 2.9548678 3.0078126 3.1176143 3.2287150 3.4661243 3.5543214 3.1274998 3.2449197 3.7051544 3.0957742 2.5927625 3.6379423 3.3869500 5.8777274 2.7169918 3.3017268 3.3017268 2.9378781 2.9378781 3.1272925 2.6935405 3.4321338 3.9203015 3.4690630 3.3434380 3.9356669 3.5340138 3.1774868 4.6546162 2.8790968 3.5668818 3.3517452 3.2135386 3.3568827 7.3004897 
Beraby_Baby_sb331749                                               0.9661995 0.7459661 0.6654475 0.6307723 0.6259150 0.5838461 0.5450977 0.5450977 0.4961485 0.4856830 0.5553089 0.0000000 0.5725752 0.5292284 0.7572081 0.9314028 0.9477579 0.9553477 0.4186792 1.0634979 0.8724642 2.3918601 2.4215686 2.4215686 2.4967716 2.2672962 2.6055741 2.3219846 2.3926699 2.2559260 2.0968669 2.1251280 1.5417952 2.2942799 3.5922391 2.5558007 3.2756687 3.1290596 3.1839631 3.6904214 3.2615931 3.1926036 3.3767096 3.3390147 3.1709082 3.0858836 3.5051935 1.8631585 1.7836538 1.5157233 2.7348174 2.8828941 2.6345049 2.5369949 2.4440684 2.6812890 2.8358489 3.9935495 2.6585534 2.4805776 2.4096782 2.8048026 2.5817130 2.8159352 2.6507412 2.4739114 2.4314574 2.6003797 2.9390346 2.7175465 2.6574115 2.4784904 1.8998332 2.5027723 2.4569291 3.2389253 2.5941653 2.6941320 2.4224596 2.4508665 2.1147154 2.3095296 2.6678624 2.4999196 2.3964708 2.7117417 2.3674890 2.4834272 2.3332837 2.9198282 2.7650521 2.5944229 2.8957147 3.9012336 2.5176433 2.7206898 2.8424204 2.6859126 3.0954764 2.6905850 2.9212227 2.3475607 2.8345046 2.5723640 4.1324024 3.8571501 3.3823411 2.7801289 2.2357630 2.2547983 1.9403468 2.0931324 2.6209294 3.3044826 2.7226407 2.2942003 3.3527574 2.5473745 2.5481117 3.0117639 3.1103735 2.9336991 2.9558572 2.8962896 2.6288305 2.6052981 3.1361017 2.7870535 3.5800887 2.3623851 2.4549463 2.4646252 2.5305855 2.5636684 2.5444224 2.4754042 2.9179231 4.6760597 3.2576048 3.2789728 4.2455441 3.6443164 3.5912059 3.2861393 2.5932914 3.2523433 3.0297419 3.1579176 3.3449438 5.1317323 
Bolinf_Binf_sb1221053                                              1.0873772 0.9180191 0.8136760 0.8136760 0.8136760 0.5931341 0.5599102 0.5599102 0.5599102 0.5599102 0.6288899 0.5725752 0.0000000 0.0263468 0.5992053 0.9727218 1.0328360 1.2029845 0.5943284 1.0471296 0.4271956 2.6312173 2.7520344 2.7520344 2.8578689 2.3021772 2.9430104 2.4427473 2.5908820 2.2419615 2.1140803 2.6133463 1.5137016 2.2484870 2.5381481 2.5147222 3.7191437 3.3824629 3.1920023 3.7693277 3.5547719 3.5802853 3.5547719 3.1619022 3.3995602 3.9692079 3.6341834 0.0000010 0.0000010 0.0000010 3.4971891 3.5184832 3.4364778 3.3545236 3.3133778 3.4139813 3.7600349 7.5640924 3.0934003 3.3457272 2.9474617 2.9204458 2.8862534 3.1884876 2.9050322 2.8197436 2.6714699 2.9826680 3.5946319 2.8881960 2.9474141 2.6199400 1.5579093 2.8266383 2.8470642 3.6174681 2.7791318 2.7410700 2.5039137 3.2149200 2.9055306 3.1653870 3.1054375 2.8698323 3.1906210 3.6554318 3.0060364 2.9354575 3.4143800 3.6996207 3.3902943 3.0810597 3.5138700 4.0523561 3.2018150 3.4532074 3.4437445 3.1372413 3.6760609 3.3538493 3.6382688 2.2161594 4.0005594 3.3403468 3.8717071 3.7040512 3.1723000 3.4917154 2.5264002 2.6945692 1.9755729 2.1210219 3.0275028 3.1446830 3.1043736 2.9732048 3.2504587 3.1397648 2.2805899 4.1512818 4.1530518 4.1623808 3.6935000 3.4140996 3.1613270 3.0837844 4.0784903 3.3131805 5.8256481 2.9092866 3.0621806 3.0621806 3.1837011 3.2493079 3.5453977 3.0171950 3.5092903 5.3181213 3.4408588 3.3066437 4.6371461 3.8846528 3.4335749 3.7254662 2.9822258 3.3848452 3.2426486 3.6606843 3.6746678 7.0035302 
Bolinf_Binf_sb1221054                                              0.9948852 0.8503882 0.7547404 0.7547404 0.7547404 0.5925221 0.5599102 0.5599102 0.5599102 0.5599102 0.6288899 0.5292284 0.0263468 0.0000000 0.5630555 0.9691969 1.0251697 1.2160182 0.5943284 1.0454693 0.4271956 2.4638065 2.5776793 2.5776793 2.6758246 2.2839423 2.7329856 2.3444351 2.5084182 2.2419615 2.1349253 2.6133463 1.5004529 2.2550914 2.5715705 2.5850240 3.7010482 3.3942856 3.2035558 3.7215036 3.4994410 3.5243259 3.4994410 3.1619022 3.3995602 4.0155912 3.7407115 0.0000010 0.0000010 0.0000010 3.3909959 3.3824727 3.4533456 3.3477479 3.3125912 3.4951404 3.7574066 6.7260618 2.9340254 3.3457272 2.8529552 2.7232504 2.8468431 3.0647957 2.7966572 2.6777134 2.5279142 2.8763311 3.6523799 2.7809998 2.8387464 2.6012623 1.5579093 2.8142429 2.8348132 3.5449800 2.7481998 2.7302947 2.4810162 3.2144857 2.7819001 3.0331787 3.0777435 2.7356048 3.0952951 3.6554318 2.8694555 2.9812515 3.4143800 3.6122829 3.3525013 3.0458967 3.4709506 4.0523561 3.1325382 3.3662507 3.4064344 3.0976275 3.5076629 3.2193559 3.5519384 1.9094415 3.9614381 3.1690738 3.8105243 3.5952710 3.1783736 3.4049834 2.5264002 2.6945692 1.9755729 2.1210219 2.9021545 3.0158356 2.9779010 2.7403542 3.2172180 2.9733504 2.3198234 4.0445817 4.1153852 3.8641670 3.5955118 3.2431165 3.0866122 2.9928686 4.2192165 3.3041597 5.8256481 2.8272535 3.0117834 3.0117834 3.1439874 3.2084190 3.2773464 3.0171950 3.4577406 4.9845836 3.4097533 3.4074840 4.4745912 3.8085155 3.3886858 3.7182701 2.9822258 3.4669572 3.1734743 3.7358597 3.6374024 6.8699763 
Mlei_ML0737.g6.i1                                                  1.1651562 1.0868611 1.0868611 1.0868611 1.0868611 0.9309249 0.8654507 0.8654507 0.8654507 0.8654507 0.8654507 0.7572081 0.5992053 0.5630555 0.0000000 1.0489392 1.0703421 1.3406028 0.7325999 1.2401263 0.0000010 2.5472621 2.7980392 2.7980392 2.7980392 2.2949258 2.6480087 2.6906202 2.9086151 2.6716638 2.4908748 2.5320838 1.5809154 3.1932532 2.7353011 2.8442661 4.5633883 3.8106205 3.7173097 3.8977617 4.0966920 4.1236337 4.0966920 3.7729336 3.8277396 4.6238417 4.3774116 0.0000010 0.0000010 0.0000010 4.3608287 4.6638773 4.4731777 4.1167934 3.9155853 4.0455530 4.4576490 7.6754555 3.5128867 4.1960798 3.9385615 3.3752343 3.1923289 3.4398693 3.3737732 3.4161408 3.0476321 3.9492393 4.5166098 3.4824111 3.5588982 3.2869957 2.2987167 3.1473337 3.0964867 3.0881041 3.0218526 2.8713455 2.4640955 3.8182889 3.6946949 3.8052041 3.7931946 3.2798473 3.3371486 3.8616384 2.9471761 3.7462367 3.3923034 4.3394473 3.6903040 3.2194088 3.4783129 5.0672976 3.5755575 3.5269515 4.4973883 3.9260805 3.9764193 3.4635214 3.6283296 4.2487641 4.3165725 3.5079403 3.2455419 3.6679948 3.9008546 3.7662781 4.9621938 2.7999309 8.9999981 2.8172698 3.7326317 3.6372359 3.8593590 3.4615758 3.3810378 3.4203713 5.0734564 4.1570375 4.1614363 3.6293987 3.5717266 3.7404495 3.6858905 3.4783289 4.2691435 3.9121274 4.9351768 3.5069138 3.7218833 3.7218833 3.5569195 3.5569195 3.7857071 3.9069986 4.9188518 4.6271752 4.3931064 3.9041730 4.3319914 4.2739621 3.1202384 5.4613994 3.4487579 4.0463248 3.7403693 4.1977509 4.1989254 6.5164040 
Coemet_Cmet_scaffold7257_01                                        1.0309210 0.9168488 0.7532841 0.8366731 0.8725684 0.7282001 0.6942178 0.6729977 0.7358539 0.7646483 0.7805615 0.9314028 0.9727218 0.9691969 1.0489392 0.0000000 0.0693882 0.5909270 0.7782748 1.0307865 0.8773397 2.4383185 2.1749827 2.2212818 2.6004884 2.2048370 2.6348831 2.2038652 2.1737106 2.2238388 2.3393406 2.3663531 1.4870335 2.0170026 2.8590135 2.5328855 4.0110291 3.4724941 3.5357623 3.7969725 3.9690266 3.9788884 3.8865594 3.5799115 3.5173151 3.2646424 3.8351250 1.7641885 2.1364311 1.4023199 2.8058208 2.9394483 2.8092932 2.7322213 2.7554891 2.6710668 2.8785020 3.8329013 2.7745031 2.6226204 2.4311439 3.1859079 2.6936384 3.0254314 2.6514771 2.3465812 2.3812426 2.6663616 2.7393624 2.8310931 2.8458564 2.6048733 1.9980625 2.5273783 2.6931486 3.2369712 3.0207412 2.6240444 2.5326961 2.8656967 2.4414423 2.6712902 3.1193306 2.6703284 2.7992041 2.6547746 2.4073178 2.6911323 2.6639758 3.5816518 2.8634275 2.7319357 2.8872938 3.6104296 2.8211515 2.7870258 3.1751366 2.9828490 3.1969595 2.8267476 3.1237147 2.6327601 2.9243453 2.7806607 3.2628163 3.9392784 3.2062327 2.6308551 2.0835945 2.3752208 2.1531701 2.3633418 2.6492657 3.4895982 2.8251076 2.6420186 3.4045242 2.9289954 2.3771761 3.2231229 3.3040816 3.0760507 2.9661069 2.9113006 2.6667835 2.7887716 2.9255848 2.6598520 4.0391845 2.9096709 3.0158657 3.0275306 3.0172366 3.0554845 2.9682502 2.4718036 2.7409050 3.8524809 3.5801380 3.4361163 4.0618807 3.6905582 3.3376022 3.2945687 2.6103959 3.1152537 2.9385579 3.5073551 3.4902780 5.2888265 
Coeast_Cast_sb782401                                               1.0533793 0.9413482 0.7579924 0.8424027 0.8786334 0.7491483 0.7110964 0.6903151 0.7579338 0.7884589 0.8267517 0.9477579 1.0328360 1.0251697 1.0703421 0.0693882 0.0000000 0.5975591 0.7259697 1.0451194 0.8962124 2.2877959 2.0974369 2.0974369 2.5784852 2.0837703 2.6539286 2.1303429 2.0879924 2.1403594 2.1415617 2.4499377 1.5861812 1.8970749 2.9820937 2.4149256 3.9897627 3.4660833 3.4995930 3.7516702 3.7198183 3.6904188 3.8498278 3.6364554 3.4128517 3.1856054 3.8733825 1.6472510 1.8117731 1.3033151 2.5477518 2.7043207 2.6030531 2.4963566 2.5314459 2.4802473 2.6279466 3.4693391 2.4906868 2.4196274 2.2361359 3.1145041 2.6052114 2.9821009 2.6074657 2.3115023 2.3243426 2.6468859 2.6924999 2.6660792 2.6972647 2.4781119 1.9485240 2.4406204 2.5406447 2.8276099 2.8106915 2.4193794 2.4363314 2.6980518 2.3142065 2.5440138 2.9142560 2.5084971 2.6571619 2.4260219 2.1973828 2.4884158 2.4272624 3.2758042 2.6622176 2.5411532 2.6527076 3.5526700 2.5869601 2.6097529 3.0934076 2.8875969 2.9789131 2.6907467 3.0559208 2.5839728 2.7478919 2.5840084 3.0840873 3.6804083 2.9053137 2.5299415 1.9720490 2.2085005 2.0084068 2.3627982 2.4460449 3.3011438 2.6076284 2.4771620 3.2195279 2.6276484 2.2758739 3.0465485 2.9924600 2.8873761 2.8536014 2.7641784 2.5678200 2.5879725 2.7211748 2.5608032 3.6480046 2.7452786 2.8195146 2.8304775 2.7962093 2.8315027 2.8411701 2.4125059 2.6087030 3.2965095 3.4666852 3.3350508 3.7215546 3.3723128 3.3326305 3.1737900 2.5526712 2.9967439 2.8468811 3.6625955 3.3576372 4.7982712 
Vmul_sbMO445036                                                    1.2821329 1.0212587 0.8674328 0.8950710 0.9325394 0.8590376 0.8238091 0.7992792 0.8127099 0.8450818 0.9075248 0.9553477 1.2029845 1.2160182 1.3406028 0.5909270 0.5975591 0.0000000 0.7372638 1.0632284 0.8518514 2.2812979 2.1693889 2.2587300 2.4858782 2.1967460 2.5677646 2.1427052 2.1593360 2.2943437 2.1908215 2.1097290 1.6248092 2.0337617 3.2270883 2.6409328 3.2241746 3.0125851 3.0573996 3.3760848 3.5243831 3.4514185 3.5237162 3.5397452 3.0106903 2.9462804 3.4798832 2.0274931 2.3183640 1.7752304 2.9427721 3.3220968 2.9947638 2.7667456 2.9046852 2.8558892 2.8940900 4.3484790 2.8623230 2.8267456 2.7159507 3.4203696 2.7681818 3.3225422 2.8898859 2.6281674 2.6933409 2.7663554 2.9438424 2.9924446 2.9808282 2.7784559 1.9678191 2.6623646 2.8486039 2.8567282 2.6953833 2.8925391 2.7780728 2.7864515 2.5113769 2.8031032 3.0492920 2.6776882 2.5735925 2.7559786 2.6328030 2.7959064 2.8375832 3.3409482 3.0307896 2.7717289 2.8804652 3.4068962 2.7181570 2.8633418 3.1036425 2.8470516 3.1609529 2.7955069 2.9492144 2.5051430 3.0258976 2.9908268 3.2302505 3.6373198 3.1784650 2.5360732 2.3097978 2.3531524 2.1997649 2.3513564 2.7598737 3.1348434 2.5123649 2.5727668 3.1998376 2.8313859 2.3906390 3.0617754 2.9847519 2.9964840 3.1123107 2.9982859 2.6955589 2.7762612 3.1727348 2.9138265 3.9665078 2.9369263 2.9795118 2.9907634 2.9939929 3.0312329 3.1183631 2.6326593 2.8190997 4.2225324 3.4810376 2.8151327 3.6050424 3.3323528 3.0427306 3.4617178 2.5654488 2.9730485 2.9931915 3.6773866 3.2383260 4.7329629 
Drygla_Dgla_sb284774                                               0.6577410 0.5014357 0.4584494 0.4270042 0.4140610 0.4767837 0.4767837 0.4584494 0.4270042 0.4140610 0.5014357 0.4186792 0.5943284 0.5943284 0.7325999 0.7782748 0.7259697 0.7372638 0.0000000 0.7455095 0.8054854 1.9310286 1.8047262 1.8047262 2.0607848 1.6906351 2.1293555 2.0127882 1.9704650 1.8921671 1.8230813 0.6475766 0.7095235 1.3555552 3.6508433 2.2776698 2.3066001 2.3066001 2.6508927 2.6483554 3.2554426 2.8328190 2.7615818 3.1481813 3.1343450 2.4966750 3.1708257 1.7547708 1.7631775 1.4870983 2.1761696 2.4191886 2.2368724 2.1283056 2.1682903 2.2193514 2.1347711 2.8724115 2.1426165 2.4242999 1.9244843 3.1759996 2.5349797 2.8892145 2.7181194 2.3042517 2.4219173 2.5575208 2.2322275 2.4946240 2.4551215 2.1402257 2.1459416 2.3130785 2.3001382 1.4832801 2.3000041 2.4381496 2.2331115 2.2862549 2.1062458 2.5017473 2.4422074 1.9474044 2.2292711 2.2220168 2.2220168 2.3062744 2.6240369 2.5169524 2.6219200 2.4497652 2.8399362 2.9486147 2.2172603 2.1310600 2.5377062 2.3896114 2.7941709 2.8732380 2.2385503 2.0400661 2.5595658 2.4972706 9.0000000 4.6718241 2.7802950 2.4472326 2.0375687 2.1312551 2.0679766 2.1842266 2.1554954 3.1086046 2.5419218 2.0382414 2.6599518 2.2697068 1.9349134 2.6953655 2.5657475 2.7665300 2.6393931 2.3524024 2.2108349 2.4979696 2.7989807 2.4658323 3.3831035 2.4033806 2.4859630 2.5013670 2.7357148 2.7943853 2.7252456 2.3548452 2.4975668 7.8216484 3.2315740 3.3543132 2.7346855 2.6604301 2.8594096 2.4795713 2.4127095 2.4407800 2.2740520 2.2468755 2.6079219 5.1365221 
Pbac_sb2649050                                                     1.1315993 0.9720931 0.8410122 0.8617746 0.8767151 0.8760557 0.8619371 0.8643069 0.8902484 0.9073275 1.0164594 1.0634979 1.0471296 1.0454693 1.2401263 1.0307865 1.0451194 1.0632284 0.7455095 0.0000000 0.0264887 2.1025313 2.0958766 2.0958766 2.2165974 2.1954945 2.4451452 2.1390823 2.1731068 2.2397259 2.1544783 2.6189729 1.3522842 2.4233380 3.9123428 2.7396565 3.7032041 3.7234467 3.6234857 3.6597308 3.4618010 3.4060647 3.4791696 3.9246799 3.7178769 3.1809046 3.7033602 1.6623182 1.9090012 1.5805498 2.7438334 3.3610889 3.2280247 3.0195966 3.2579266 3.0209062 3.1977979 4.4422335 3.0206642 3.0407022 2.6933781 3.4208161 2.8354411 3.1615084 2.9115644 2.7042784 2.8031165 3.1253083 3.0705830 3.0849672 3.1878944 2.8042621 2.1414062 2.6817817 2.8548288 3.5023534 2.6339397 3.0940362 2.7095210 3.0333483 2.5994214 3.0414750 2.9946335 2.7039961 2.8763979 2.9032036 2.7801313 2.9406495 3.0357751 3.6648705 3.0933160 2.9051148 2.9286291 3.5543624 2.8888135 3.4151014 3.1184571 3.1053901 3.3922572 3.3625581 3.4508980 3.0318554 3.6406647 3.2623699 3.3427678 4.3225879 3.3378785 2.8736683 2.1510227 2.1554613 2.0252503 2.3886453 2.5063543 3.0141561 2.8901287 2.6450057 2.8640648 3.0490534 2.4283954 3.2879505 3.4482872 3.2297439 3.3351953 3.1394536 3.1040982 2.8512585 3.1653395 3.1760741 3.8634153 2.9357460 3.0409994 3.0532553 3.2005270 3.2440896 3.4118126 2.7396530 2.6427486 3.5841710 3.5373029 3.3744080 4.9387037 4.3162929 3.4075218 3.5940291 2.9346411 3.1868673 3.2018999 3.5886630 3.6505780 5.1532993 
Pbac_sb2655662                                                     2.9819912 1.1974384 0.7585062 0.7477104 0.7735235 0.7594654 0.7594654 0.7585062 0.7477104 0.7735235 1.1974384 0.8724642 0.4271956 0.4271956 0.0000010 0.8773397 0.8962124 0.8518514 0.8054854 0.0264887 0.0000000 1.7893036 1.8345157 1.8345157 1.6894890 1.9423631 0.9556623 1.9270046 1.9799941 1.8635767 1.8819927 0.0000010 0.0000010 1.4970410 5.6460868 1.9802136 3.1364938 3.1364938 3.4824092 3.6373349 3.3741171 3.0394467 3.0273664 4.1617453 3.4875953 2.5208957 3.5664314 1.6793335 1.9194104 1.5989293 1.7192717 2.0462684 1.8030781 1.7947569 2.0363208 1.8562473 1.7995914 2.7728030 2.1421041 2.0717645 1.9203225 3.4952344 2.4122386 1.9069577 2.4706446 2.2724178 2.4702522 2.5286433 1.7687162 2.3390081 2.2978373 2.1639896 1.9522183 2.1462628 2.0664275 0.0000010 1.7672514 2.4102863 2.2403062 2.5213122 1.9732155 2.4334449 2.3438468 2.0494517 1.9579833 2.1080760 2.1080760 2.2799289 2.4748128 1.7988790 2.3614293 2.3614293 2.1570365 1.6464435 2.2504269 2.1524485 2.1679703 2.1889630 2.5508627 2.4292443 2.5012104 2.5474367 2.3681269 2.0378758 0.0000010 1.0375458 2.0339008 1.8612373 1.7878903 1.8362428 1.9092268 1.6962714 1.8076795 1.3396171 2.0274674 1.7978433 1.6481343 1.9340272 1.8909755 2.4872733 2.5775069 2.7334834 2.8365781 2.2474373 2.2228183 2.8954444 2.4362898 2.4045649 3.7912753 2.5574818 2.5167219 2.5367588 2.7839067 2.8618029 2.7460785 2.5690370 1.7878341 0.0000010 1.1869547 1.6459101 0.0000010 1.0971735 2.4575403 2.4410886 2.6859924 2.3528339 2.5375474 1.3170081 2.7682038 4.6005307 
Drygla_Dgla_sb291146                                               2.3761546 2.4132044 2.0425540 2.0241162 2.0606949 2.2707386 2.2047433 2.0644756 2.0495196 2.0896638 2.4797251 2.3918601 2.6312173 2.4638065 2.5472621 2.4383185 2.2877959 2.2812979 1.9310286 2.1025313 1.7893036 0.0000000 0.3751800 0.3722420 0.3723466 0.4790055 0.4472769 0.5349378 0.5436623 0.4800733 0.6351459 0.6400684 2.4046227 3.0462700 3.0614150 2.8688209 4.0513581 3.1260793 3.0313918 3.1586886 3.0035695 3.2295218 3.1358662 3.0886831 2.8010380 3.2066808 3.6227622 1.5354104 2.0095759 1.2204504 2.3832805 2.5647492 2.8440757 2.5324322 2.5257950 2.5667530 2.7465979 4.4770648 2.6881684 2.9085681 2.2953244 3.1571453 2.2963743 2.9892620 2.2950872 2.2598852 2.2405943 2.4331966 2.3288033 2.1992071 2.1711796 2.1903721 1.6224469 2.1509965 2.3236673 2.5932075 2.4203488 2.2502938 2.1054464 2.3757253 2.1920439 2.2890967 2.3384173 2.2757660 2.1730911 2.4175118 2.3433843 2.2160395 2.0087246 2.6706960 2.3281167 2.2426537 2.2135501 3.0380241 2.2815232 2.5060874 2.6745016 2.7180039 2.9414442 2.8535378 2.6351663 1.8762051 2.6836156 2.5891542 3.5315436 4.4487604 3.7671921 2.3234374 2.5591731 2.3897955 1.9055467 2.3702385 2.3991311 3.7649431 2.6778518 2.6806071 3.9726504 2.5292526 2.3982830 2.6079922 2.5356361 2.7062096 2.5524073 2.5487021 2.5656936 2.2817858 2.9687547 2.5136474 1.9777626 2.5927956 2.6184835 2.6218028 2.2949067 2.3219253 2.4695242 2.7133755 2.2134608 3.6148492 2.6919928 2.8097833 3.5983694 3.0318237 3.0002842 3.0725547 2.2309461 2.5056450 2.3280534 2.9051016 2.7816785 4.3059780 
Bolinf_Binf_sb1229452                                              2.3896420 2.5028269 2.1083248 2.1638076 2.1891693 2.2586736 2.1992615 2.1179135 2.1779916 2.2052982 2.5423092 2.4215686 2.7520344 2.5776793 2.7980392 2.1749827 2.0974369 2.1693889 1.8047262 2.0958766 1.8345157 0.3751800 0.0000000 0.0037328 0.0169821 0.4268573 0.4293571 0.5282623 0.4622294 0.4168080 0.6599016 0.7228315 2.4803863 3.1417197 3.2929231 2.9263799 4.2347355 3.2930587 3.4531406 3.7517197 3.2811469 3.3480901 3.2424385 3.1585452 3.0797845 3.0665915 3.6639045 1.9042514 2.0138239 1.4462839 2.3578247 2.7454517 2.8740543 2.6322607 2.6569864 2.7917665 2.7448676 4.5128443 2.6661888 2.8322300 2.2117591 2.8137060 2.1843817 2.7211717 2.1867689 2.1040550 2.0927174 2.2498471 2.5305740 2.3712119 2.2743887 2.3216908 1.5353903 2.2137049 2.4610792 2.7574989 2.6386341 2.4636960 2.1926361 2.4650142 2.3134479 2.5277906 2.6321203 2.4341823 2.1330815 2.5932252 2.3925538 2.1411977 1.9647317 2.6836552 2.3464360 2.2661509 2.2589946 2.7797572 2.4573130 2.4961728 2.8023352 2.8730213 3.1233435 2.9985512 2.6825523 1.9196078 2.8977924 2.6559672 4.0442128 4.6090403 3.6968241 2.3126617 2.3999990 2.3694403 1.7559289 2.6237637 2.4124214 3.8015932 2.6747082 2.7974186 3.9656483 2.6083445 2.9851115 2.6830905 2.5117314 2.8723626 2.6971106 2.5925142 2.6080541 2.5118250 2.9336095 2.4159681 2.2522332 2.6596804 2.6805621 2.6841188 2.3970987 2.4258688 2.2876419 2.6614296 2.5061539 3.6118719 2.7232742 3.0300911 3.6068981 3.0630218 3.1436496 3.0038836 2.2089968 2.3839110 2.4388012 2.6808623 2.6856000 4.8294137 
Mertsp_Mesp_sb564668                                               2.3896420 2.5028269 2.1386078 2.2000558 2.2270752 2.2875147 2.2291350 2.1492199 2.2156921 2.2447821 2.5423092 2.4215686 2.7520344 2.5776793 2.7980392 2.2212818 2.0974369 2.2587300 1.8047262 2.0958766 1.8345157 0.3722420 0.0037328 0.0000000 0.0169821 0.4528069 0.4402296 0.5753580 0.4997003 0.4300316 0.6896700 0.7228315 2.4803863 3.2611152 3.5139082 3.0404420 4.2347355 3.2930587 3.4589310 3.7935088 3.2722198 3.3366385 3.2424385 3.1585452 3.0877002 3.0665915 3.6639045 1.9042514 2.2325445 1.4462839 2.4911150 2.8309722 3.0236492 2.7191366 2.7702402 2.8690910 2.7926868 4.6207732 2.7825779 2.9915087 2.2818405 2.9648580 2.2237823 2.7211717 2.2465582 2.1872695 2.1732885 2.3437439 2.5305740 2.4996645 2.3893803 2.4538965 1.8086468 2.3510565 2.6017148 2.7574989 2.6738754 2.6292261 2.2687153 2.5561150 2.3769704 2.5885062 2.6917762 2.5235653 2.2377544 2.6034936 2.3781783 2.2657072 2.2178340 2.6836552 2.4462685 2.3629062 2.3630356 2.7797572 2.5463811 2.6149081 2.8804681 2.9507110 3.1572631 3.0565186 2.8154973 2.1047710 3.0091784 2.7194465 4.0442128 4.6090403 3.6968241 2.4547019 2.3999990 2.5313851 1.9981184 2.6237637 2.4830506 3.8015932 2.8181766 2.8777406 3.9656483 2.6165854 2.9851115 2.8344875 2.6214777 3.0786548 2.8160745 2.7502480 2.7352975 2.5451432 2.9277931 2.5916937 2.2522332 2.7541445 2.7141569 2.7176900 2.5463501 2.5763506 2.3341064 2.8656325 2.5061539 3.6118719 2.7232742 3.0300911 3.6068981 3.0630218 3.1436496 3.1766054 2.2905761 2.3938198 2.5524077 2.6808623 2.8406961 4.9767012 
Mertsp_Mesp_sb564670                                               2.2558583 2.3892057 2.2852870 2.2852870 2.2852870 2.4497802 2.3605395 2.3102324 2.3102324 2.3102324 2.4218573 2.4967716 2.8578689 2.6758246 2.7980392 2.6004884 2.5784852 2.4858782 2.0607848 2.2165974 1.6894890 0.3723466 0.0169821 0.0169821 0.0000000 0.4860762 0.4085676 0.4773720 0.4171990 0.4354258 0.7021539 0.7228315 2.4803863 3.3075117 3.3043916 3.5089987 4.6892734 3.2959988 3.3755219 3.5777619 3.1230464 3.1385024 3.1013838 3.3847813 3.3821661 3.2979078 3.7662536 6.8109587 3.0345941 1.3670715 2.8661392 3.4364068 3.7725315 3.2789036 3.2209402 3.6726009 3.6974765 8.9999983 2.9623156 3.0677890 2.8882734 2.6803650 2.7652265 2.7388314 2.7061920 2.7526737 2.5460432 3.0330945 3.4941337 2.9605287 2.8340869 2.9510276 1.6043981 2.7944672 2.9235797 2.7574989 2.5200569 3.1086070 2.4846765 3.0311283 2.8275806 3.0171310 3.1578702 2.9692900 2.5367557 3.2135430 2.7604001 2.9302077 3.9823959 2.6836552 2.7495644 2.5884797 2.8157422 2.7797572 3.1495406 3.0845611 3.6402585 3.8086490 3.9670471 3.6819402 3.3090534 1.9633974 3.8390629 3.4482917 4.0442128 4.6090403 3.6968241 3.1196716 3.2282286 3.5645768 3.1718287 3.7960279 3.3506716 3.7937639 3.8244956 4.0839689 3.9656483 3.7991533 4.9609885 3.2122154 3.0706561 3.5454595 3.3545776 2.9994639 3.2316807 3.1205375 3.8811782 3.1806465 4.8628059 3.3255429 3.3186803 3.3186803 2.9118789 2.9688669 2.8144938 3.4533238 3.4465074 3.6118719 2.7361402 3.0538600 3.6068981 3.0630218 3.2787294 3.5558274 2.7181711 2.8976559 2.7893595 2.6649678 3.4807851 5.4635309 
