78
Lcom_lcpid23589                                                  0.0000000 0.1468488 0.3192680 0.3916772 1.2218838 1.2247457 1.2040860 1.1004658 0.8020920 1.1580331 1.1565431 2.0185266 1.2463737 0.8138852 1.5848908 1.2158110 1.0834474 1.0435838 1.2872327 1.3594972 1.2899401 1.1949395 1.3211478 1.1495819 1.3348024 1.6215557 1.4686872 1.2541066 1.4764542 1.1174031 1.1757094 1.1036103 1.0905866 1.1855675 1.2571917 1.3058429 1.2864470 1.2346852 1.0760683 1.4036658 1.2409611 1.2374353 1.1443781 1.1339662 1.3066778 1.2901351 1.2898725 1.5278339 2.0834598 1.3953074 1.2760298 1.3335207 1.6616019 1.7307772 1.4696189 1.3015478 1.3636333 1.4157768 1.6386827 1.3980913 1.4589750 1.4512867 1.4370918 1.3931245 1.3816517 1.5419466 1.7595901 1.3955461 1.8331206 2.1318842 2.5958981 1.8695890 1.5267910 1.0257108 2.9802031 1.8040384 1.8243720 5.1784131 
Lcom_lcpid25094                                                  0.1468488 0.0000000 0.4945215 0.3916772 1.3826748 1.2247457 1.3802140 1.2503587 0.8020920 1.2962133 1.3277911 2.8157093 1.4114758 0.8138852 1.8853931 1.2867081 1.2449602 1.2943808 1.4495919 1.5853342 1.4875811 1.3547508 1.4843029 1.2926143 1.4559746 1.6215557 1.4537394 1.2987709 1.7738278 1.3412606 1.2790022 1.2707716 1.0905866 1.3622773 1.4095853 1.4820564 1.4596640 1.3842893 1.2405781 1.5910383 1.4896416 1.4425157 1.1567705 1.1339662 1.4556998 1.4821493 1.4596910 1.7126569 2.3275067 1.5635283 1.4823875 1.3335207 1.7475614 1.9991074 1.6973168 1.3015478 1.3636333 1.6005578 1.6386827 1.6046200 1.6207071 1.6567071 1.6573048 1.6151613 1.6264738 1.5419466 1.7595901 1.5482576 1.8331206 2.2060649 2.5958981 1.7919434 1.7806104 1.1739774 3.2411667 2.2225289 1.8258691 6.7127521 
Scil_scict008349.1                                               0.3192680 0.4945215 0.0000000 0.3802538 1.1383221 1.1103433 1.2124776 1.1538042 0.8765179 1.2282125 1.2072878 1.9904985 1.2323615 0.8651404 1.4711496 1.2147736 1.1248697 1.0136568 1.2251163 1.3695420 1.3789240 1.2281977 1.2750566 1.0870241 1.2065600 1.4551119 1.3915693 1.1630136 1.4905867 1.2021584 1.2561665 1.1439237 1.1536287 1.3862705 1.4510677 1.4947236 1.4673331 1.3706547 1.1630124 1.5426259 1.2674539 1.2673548 1.2247744 1.1761651 1.3138586 1.2608607 1.3061706 1.4930687 1.8636284 1.2921298 1.2616384 1.2697313 1.5879745 1.7919332 1.4809008 1.3179542 1.3318325 1.4513087 1.5826903 1.4055496 1.4294199 1.4214829 1.4107517 1.3790795 1.3687345 1.4818651 1.6234752 1.3703835 1.8511755 2.2154024 2.4050655 1.7121457 1.4255532 0.8963199 3.0144690 1.7683779 1.7123510 5.0935964 
Leuniv_Lniv_C789178_01                                           0.3916772 0.3916772 0.3802538 0.0000000 1.1833079 1.3832311 1.0438526 1.1411489 1.0506572 1.1079491 1.0938711 1.7138947 1.1947501 1.0759612 1.1165637 1.1826321 1.0285242 1.0294339 1.4592855 1.4267976 1.5017704 1.1411359 1.3254242 1.0856562 1.2353491 1.3311435 1.2353491 1.2237059 1.3235912 1.1767925 1.0794573 0.9807397 0.6399472 1.1722394 1.1960596 1.2317809 1.2120611 1.1748003 0.9497817 1.2701104 1.2820486 1.4098589 1.3707145 1.4025595 1.2020508 1.3596415 1.1490122 1.4195136 1.1715919 1.1927768 1.2320962 1.4151163 1.4463027 1.2353259 1.3016899 1.2144831 1.2716879 1.3319853 1.4772941 1.3788629 1.3900667 1.3431265 1.4023417 1.3894329 1.3894329 1.5529749 1.9119746 1.3894329 1.8895589 2.5955958 1.9831225 1.6732374 1.2331264 0.5225075 2.7158411 1.9479136 0.4871865 6.1773971 
Cgig_XM_011444168.3                                              1.2218838 1.3826748 1.1383221 1.1833079 0.0000000 0.6979262 0.8911615 0.8319193 0.6513187 0.9316193 0.9459055 1.6553120 0.9929309 0.7200198 1.2086459 0.9119219 0.8641939 0.7808275 1.0571234 1.1026917 1.0753594 0.7956434 0.9468170 0.8332132 1.1899874 1.0885254 1.4180585 1.4621512 1.2899524 1.1871238 1.1966835 1.1621656 1.1822900 1.1304582 1.1816304 1.2275363 1.2249091 1.2896628 1.0964808 1.4204788 1.1679320 1.2935016 1.2895394 1.1739104 1.5081033 1.3197927 1.1428481 1.2892020 1.6660851 1.0362683 1.0234574 1.2314677 1.5045577 2.0102968 1.6060145 1.6833715 1.6032422 1.6566266 1.7084916 1.6683136 1.6912249 1.6848177 1.6674629 1.6245712 1.5794797 1.6938878 1.8820301 1.5491134 2.1612770 1.8096084 2.0508344 1.4511195 1.4667127 1.0885085 2.6801238 2.1107268 1.6236800 5.1245737 
Ctel_gnl_WGS_AMQN_CAPTEDRAFT_mRNA155812                          1.2247457 1.2247457 1.1103433 1.3832311 0.6979262 0.0000000 1.0726305 1.0982436 0.8958074 1.0671475 1.0805187 1.2221004 1.0238791 0.9363353 1.6258057 0.9494232 1.0066026 0.8158440 1.1956308 1.2101391 1.1726426 1.0159184 0.8021362 0.8917665 1.1898889 1.0964336 1.5867486 1.4329334 1.3851274 1.2173765 1.0365905 1.1640199 1.2927629 1.2469257 1.2319571 1.3393750 1.3721685 1.3366841 1.2862999 1.3754330 1.1605558 1.2515109 1.2860913 1.2216648 1.2763658 1.2203636 1.2084901 1.2239476 1.6059313 0.9367601 1.1765799 1.2910391 1.3379529 1.8763168 1.3998959 1.2468901 1.5547698 1.4418457 1.6184644 1.4594720 1.4721204 1.4928080 1.5194097 1.5080828 1.5080828 1.5393789 1.6323870 1.5080828 1.7013624 1.6301244 1.7174996 1.4776544 1.7807727 0.9686908 2.6526676 2.3143498 1.3976850 5.8873782 
Fspp_ffun1.m4.2974.m1                                            1.2040860 1.3802140 1.2124776 1.0438526 0.8911615 1.0726305 0.0000000 0.0859965 0.0971732 0.1695814 0.1781003 0.4983279 0.2738723 0.1785904 0.3109326 0.6746325 0.6035010 0.8452336 0.9146393 0.9563475 0.9759923 0.8668100 1.0614849 0.9251431 1.0789146 1.6225908 1.2696845 1.4811236 1.1807788 1.0889802 1.1088465 0.9711071 0.8489256 1.0645443 1.0648907 1.1183828 1.1122051 1.0957779 0.9500588 1.1460063 1.1181282 1.1746133 1.3373079 1.2567426 1.2013146 1.2276944 1.0879322 1.2524624 1.5664372 0.9430014 1.0584715 1.2251528 1.5749961 1.9945514 1.5755390 1.1170219 1.0730958 1.4009579 1.3811861 1.4285042 1.4433510 1.4540484 1.4538393 1.4723312 1.3890850 1.5369998 1.6271067 1.4105629 1.8081150 1.7623185 1.5337459 1.2240058 1.5592969 0.9205122 2.6498603 2.3672266 1.9185857 4.1046002 
Gasp_gasp1.m3.14285.m1                                           1.1004658 1.2503587 1.1538042 1.1411489 0.8319193 1.0982436 0.0859965 0.0000000 0.1028744 0.1231127 0.1278910 0.3493483 0.2215632 0.1790173 0.2992744 0.5695534 0.5009677 0.7626667 0.8069193 0.8725143 0.8541510 0.8201309 0.9640698 0.7917590 1.0514871 1.6225908 1.2797518 1.5354239 1.0087787 1.0003560 1.0353623 0.9472735 1.0478380 1.1181894 1.1376199 1.1357853 1.1199297 1.1233901 1.0046387 1.1447677 0.9907999 1.1401997 1.3176411 1.3164071 1.0571023 1.1781164 0.9914346 1.0846650 1.4798016 0.9839052 1.1209145 1.3129582 1.4380489 1.9865363 1.6105980 1.1151983 1.0724265 1.4566093 1.5012378 1.4478438 1.4723739 1.4831119 1.4325783 1.4340759 1.4156420 1.6072213 1.6880192 1.4555654 1.7995202 1.6360540 1.4816187 1.2777645 1.4872528 0.9488754 2.8014380 2.0417448 1.8616400 4.2097371 
Gfas_gfas1.m1.10322.m1                                           0.8020920 0.8020920 0.8765179 1.0506572 0.6513187 0.8958074 0.0971732 0.1028744 0.0000000 0.1331967 0.1416575 0.0000010 0.1316356 0.1074474 2.3314331 0.4082855 0.4328352 0.6266401 0.6702670 0.7456162 0.6426236 0.7076770 0.8688944 0.7249284 0.9558704 0.0000010 1.8507970 1.1143917 0.7805472 0.8665891 0.8623680 0.7663204 1.0921649 1.2666918 1.2030758 1.1716705 1.1293480 1.1285569 1.1533932 1.3157328 0.8437516 0.8784486 1.0065737 1.0990492 1.0253255 1.1276851 1.1061827 1.0755910 3.2444471 1.0757607 0.9621936 1.3390979 1.3261442 2.8042085 1.6688340 0.9061909 0.7577532 1.5555225 1.6661918 1.6780728 1.6780728 1.5337027 1.6642729 1.6386756 1.6386756 1.6386756 1.6386756 1.6386756 3.7204611 0.5654070 3.3071240 3.0204701 5.0760186 0.9910748 3.5904215 2.1787918 1.8435079 5.8503720 
Spis_XP_022804223_1                                              1.1580331 1.2962133 1.2282125 1.1079491 0.9316193 1.0671475 0.1695814 0.1231127 0.1331967 0.0000000 0.0504291 0.5327431 0.2937965 0.1855583 0.3886526 0.6215261 0.5626214 0.7752915 0.8664067 0.8810509 0.9087970 0.8625549 0.9816907 0.9052912 1.1398457 1.4947636 1.2668207 1.5081556 1.1674332 1.0619417 1.1116041 0.9929599 0.9728355 1.1507317 1.1683152 1.1940531 1.1761945 1.1099978 0.9697683 1.2140676 1.1004103 1.1361488 1.2386027 1.2196455 1.1905794 1.2727207 0.9867460 1.1466948 1.5530545 0.9502533 1.1695107 1.2775324 1.5988607 1.9375498 1.6210995 1.1407948 1.1926502 1.4288927 1.5070806 1.4947121 1.5119127 1.5227685 1.5098286 1.4842036 1.4198549 1.5691054 1.6874652 1.4650838 1.7965548 1.5554164 1.5291522 1.2883190 1.4372498 0.9944308 2.7286211 2.1833926 1.8659601 4.3472096 
Pocdam_XM_027193699.1                                            1.1565431 1.3277911 1.2072878 1.0938711 0.9459055 1.0805187 0.1781003 0.1278910 0.1416575 0.0504291 0.0000000 0.5214868 0.2945976 0.2047699 0.3788012 0.6301161 0.5857653 0.7813225 0.8585478 0.8879667 0.9050175 0.8842607 0.9996387 0.9260363 1.1213455 1.5079016 1.2818202 1.5488249 1.1933846 1.0743215 1.1268434 1.0011182 0.9399313 1.1363188 1.1488480 1.1769568 1.1655697 1.1113123 0.9591519 1.2161754 1.0804624 1.1060820 1.2274332 1.2412319 1.2340354 1.2721336 1.0394294 1.1728698 1.5366822 0.9284148 1.1736707 1.2443303 1.6019038 1.9603363 1.6026351 1.1396347 1.1613092 1.4388505 1.5035067 1.4896892 1.5049655 1.5366632 1.5194727 1.4936795 1.4333972 1.5742166 1.6731182 1.4793978 1.8056433 1.5641483 1.4786399 1.3135990 1.4450785 0.9857943 2.6747137 2.1593058 1.9082380 4.4677797 
Amil_Amillepora14918-RA                                          2.0185266 2.8157093 1.9904985 1.7138947 1.6553120 1.2221004 0.4983279 0.3493483 0.0000010 0.5327431 0.5214868 0.0000000 0.0351770 2.0993817 0.4872002 1.5809208 1.1931442 1.2800308 1.9852556 1.7313933 1.9343327 1.5303359 1.7228069 1.3958270 1.7106511 1.7646462 1.5865782 1.6005977 2.1450461 1.7003164 1.9005735 1.4848883 0.0000010 1.3648973 1.4499424 1.4757021 1.4757021 1.4647529 1.0228814 1.4995325 2.0098045 1.7750498 7.1004871 1.5191355 1.8604133 1.7410361 1.4503238 1.8844261 1.6059889 1.3423961 1.5252640 3.5837447 3.1056983 2.4177235 2.3053870 2.0341127 1.4839074 2.0863896 1.4429621 1.8980267 1.9034586 2.2419908 2.2309275 2.3041299 2.0504115 1.9434427 9.0000000 2.1784564 2.0466108 5.6144235 0.9801897 0.8895840 1.7107034 1.5418151 2.1786626 2.3792857 9.0000000 2.7021778 
Adig_XM_015895766.1                                              1.2463737 1.4114758 1.2323615 1.1947501 0.9929309 1.0238791 0.2738723 0.2215632 0.1316356 0.2937965 0.2945976 0.0351770 0.0000000 0.0441265 0.4026466 0.7335775 0.6710827 0.8241867 0.9986005 1.0278896 1.0260015 0.9428904 1.1009914 0.8786995 1.2032204 1.7646462 1.3708472 1.5306325 1.3507573 1.1349597 1.2187056 1.0353922 1.0209196 1.1728595 1.1587689 1.1788097 1.1616842 1.2234020 1.0589010 1.2257859 1.2267707 1.2281946 1.3014774 1.2525705 1.2859806 1.3237528 1.1720001 1.1981052 1.6233027 1.0211070 1.1139304 1.3390195 1.6406651 2.0983729 1.7021383 1.2632701 1.0936825 1.5125746 1.4823812 1.4967008 1.4970656 1.6329779 1.5513050 1.5752335 1.4941739 1.5804732 1.6793548 1.5122386 1.7691636 1.6112429 1.4304465 1.1229847 1.5817216 1.1714984 2.6618429 2.0778972 1.8703122 4.8629021 
Amil_Amillepora14919-RA                                          0.8138852 0.8138852 0.8651404 1.0759612 0.7200198 0.9363353 0.1785904 0.1790173 0.1074474 0.1855583 0.2047699 2.0993817 0.0441265 0.0000000 0.9221093 0.4412413 0.4708012 0.6521492 0.7154134 0.8395952 0.7400384 0.7568871 0.9836617 0.7269009 1.1127728 0.0000010 1.9758003 3.2627241 0.9487148 0.8938391 0.9615309 0.8391769 1.0531518 1.2744258 1.2235463 1.1946379 1.1545208 1.1670134 1.1803413 1.3475193 0.9696143 0.9184399 0.9680993 1.0572248 1.0680047 1.1371139 1.0479658 1.0239689 2.9160708 1.0704933 0.9507193 1.1992972 1.3081355 2.7663411 1.6894262 1.2530841 0.7216873 1.6208694 1.6509919 1.7582645 1.7387349 1.6179105 1.5230482 1.4792291 1.4792291 1.4792291 1.4071093 1.4792291 2.6111609 0.5265883 3.0504237 2.9176619 3.4709008 1.1028432 3.6029042 2.2749133 1.7396949 5.8480690 
Gfas_gfas1.m1.10323.m1                                           1.5848908 1.8853931 1.4711496 1.1165637 1.2086459 1.6258057 0.3109326 0.2992744 2.3314331 0.3886526 0.3788012 0.4872002 0.4026466 0.9221093 0.0000000 0.9929381 0.8609849 1.0732623 1.1522849 1.1909080 1.2107907 1.0864424 1.2876580 1.0703691 1.4172343 1.7896603 1.3140848 1.5676444 1.3992490 1.2739737 1.4197798 1.2663806 1.7677069 1.1761982 1.2216190 1.3320003 1.3112772 1.2190917 1.0528172 1.2140952 1.3333574 1.5013828 2.4710047 1.5063555 1.3614245 1.2788697 1.1430180 1.4388530 1.0832830 0.9568445 1.2121505 1.2706552 2.0036195 1.5174184 1.5002013 1.2733370 0.9917270 1.4616079 1.1728428 1.4017587 1.4224647 1.5554168 1.4749167 1.4903668 1.3720757 1.5114946 1.7422214 1.4187819 1.6659578 2.7847705 1.0213057 1.0874752 1.2226070 1.6811476 2.5055184 2.0412725 4.3298715 3.9775336 
Exapal_XM_021056947.1                                            1.2158110 1.2867081 1.2147736 1.1826321 0.9119219 0.9494232 0.6746325 0.5695534 0.4082855 0.6215261 0.6301161 1.5809208 0.7335775 0.4412413 0.9929381 0.0000000 0.4096685 0.8797353 0.9917047 1.0167570 1.0068477 0.8632302 1.1279680 1.1133571 1.3422912 1.8897737 1.5498364 2.0560490 1.1772105 1.3011806 1.2892151 1.2731726 1.0373040 1.1505365 1.1453936 1.1977530 1.1751239 1.2475810 1.0925565 1.2879080 1.1243913 1.1815952 1.2400607 1.1328019 1.3487032 1.3697347 1.1629451 1.3750604 1.7626867 1.1170270 1.2056543 1.2834347 1.5031399 1.7539146 1.5238924 1.3260987 1.2420845 1.4011570 1.5602021 1.5131418 1.5214158 1.6370708 1.3975638 1.4012549 1.3812830 1.4488099 1.4982749 1.3491630 2.0649143 1.5962234 1.7117894 1.4574145 1.5024903 1.0946832 3.0356780 2.3522584 1.6287658 4.3474021 
Nvec_v1g172254                                                   1.0834474 1.2449602 1.1248697 1.0285242 0.8641939 1.0066026 0.6035010 0.5009677 0.4328352 0.5626214 0.5857653 1.1931442 0.6710827 0.4708012 0.8609849 0.4096685 0.0000000 0.7376459 0.8106359 0.9903231 0.9222300 0.7852343 1.0539151 0.9669260 1.2565561 1.8836894 1.4879949 1.8944684 1.0785141 1.1284315 1.1681849 1.0771536 1.1047178 1.1253888 1.1585651 1.2283272 1.2053188 1.2357178 1.0731960 1.2670473 0.9772374 1.0959585 1.2204274 1.1408121 1.1825755 1.2946139 1.0770859 1.2258866 1.5403157 1.0186806 1.1014670 1.1876220 1.5016819 1.7144050 1.4371815 1.0725719 0.9731770 1.3319303 1.3888762 1.3729183 1.3833703 1.4768508 1.3595389 1.3520591 1.3078802 1.3828294 1.4671915 1.2740480 1.9090668 1.4792191 1.6683607 1.3443279 1.3923582 1.0728620 2.6877554 2.4281484 1.6361639 4.4865608 
Bralan_BLAG04000700_1                                            1.0435838 1.2943808 1.0136568 1.0294339 0.7808275 0.8158440 0.8452336 0.7626667 0.6266401 0.7752915 0.7813225 1.2800308 0.8241867 0.6521492 1.0732623 0.8797353 0.7376459 0.0000000 0.8160748 0.9015901 0.8644061 0.7357569 0.7495064 0.7277579 1.1065694 1.3748867 1.3621360 1.3987148 1.1929952 1.1088550 1.1492578 1.0668503 0.9616604 1.0889754 1.1321639 1.1563665 1.1350193 1.1900752 0.9865779 1.2945378 1.0431039 1.1205780 1.1668923 1.1181963 1.2325515 1.1877659 1.1411313 1.1333222 1.3543285 0.8432781 0.9337220 1.1533794 1.3843362 1.7664574 1.4395681 1.1792886 1.1253822 1.4131878 1.5835221 1.4922668 1.5482304 1.3674703 1.3966929 1.3676925 1.3185510 1.4486666 1.6310424 1.3569587 1.8594424 1.4708306 1.9286165 1.2706001 1.3417902 1.0063299 2.7763865 1.9128888 1.4195558 4.5409566 
Aaur_scaffold583.g10.t1                                          1.2872327 1.4495919 1.2251163 1.4592855 1.0571234 1.1956308 0.9146393 0.8069193 0.6702670 0.8664067 0.8585478 1.9852556 0.9986005 0.7154134 1.1522849 0.9917047 0.8106359 0.8160748 0.0000000 0.4070141 0.3930376 1.1012023 1.0642472 0.9714175 1.2074698 1.4997136 1.3973341 1.9200814 0.7028836 1.1941219 1.1103503 1.1192208 1.0509722 1.2752712 1.3183906 1.3902521 1.3689156 1.3551805 1.2005015 1.4134843 1.0692549 1.2167279 1.0652383 1.0819818 1.2916463 1.2970265 1.2220644 1.2585888 1.6422301 1.1014560 1.1704581 1.0067228 1.1730608 2.1421063 1.6211815 1.3172088 1.3185266 1.4896879 1.7150467 1.5175653 1.6200114 1.5580868 1.5758487 1.6008053 1.6045258 1.7637413 1.7471237 1.6178364 2.2761427 1.6687278 2.4943701 2.0231865 1.6041080 1.0109305 3.0583103 2.0799387 1.5152682 4.1277433 
Nemnom_g16125.t1                                                 1.3594972 1.5853342 1.3695420 1.4267976 1.1026917 1.2101391 0.9563475 0.8725143 0.7456162 0.8810509 0.8879667 1.7313933 1.0278896 0.8395952 1.1909080 1.0167570 0.9903231 0.9015901 0.4070141 0.0000000 0.2350833 1.0264836 1.0374964 1.0330516 1.2699768 1.6125083 1.4406848 1.9169102 0.7501179 1.2829460 1.1855153 1.2329787 0.9932538 1.2699867 1.3521369 1.4655881 1.4434787 1.3696893 1.1364814 1.4831225 1.2198960 1.4074429 1.2556486 1.2715390 1.3365305 1.3809317 1.2245720 1.3146763 1.7507965 1.1583800 1.3308659 1.1216411 1.3311489 2.1473646 1.7242799 1.3433828 1.4148071 1.5406050 1.6854728 1.5431985 1.5831288 1.6909779 1.7420047 1.7542479 1.6809700 1.8721673 1.9197900 1.7079833 2.1933699 1.7229817 2.2245597 1.7803372 1.8195911 1.0973124 2.9527891 2.2061174 1.7428356 4.5051421 
Rhoesc_Res_001965-T1                                             1.2899401 1.4875811 1.3789240 1.5017704 1.0753594 1.1726426 0.9759923 0.8541510 0.6426236 0.9087970 0.9050175 1.9343327 1.0260015 0.7400384 1.2107907 1.0068477 0.9222300 0.8644061 0.3930376 0.2350833 0.0000000 1.0100430 1.0186380 1.0284858 1.2556124 1.6307183 1.4943123 2.0791337 0.7013195 1.2401866 1.1615569 1.1754307 0.9987834 1.2330481 1.3639007 1.4184445 1.3965292 1.3382842 1.1172807 1.4302903 1.1262979 1.3939848 1.2452866 1.2743726 1.3039442 1.3491994 1.2736620 1.2408271 1.8839414 1.2284767 1.3239543 1.1158538 1.2469125 2.0431444 1.6917672 1.3746288 1.4055967 1.5436017 1.7431199 1.5610111 1.5914717 1.6222037 1.6295308 1.6403787 1.6384516 1.7810312 1.7583441 1.6573070 2.2099686 1.6691052 2.4650338 1.8375359 1.8072537 1.1065273 2.7973755 2.0613312 1.6751898 4.3241656 
Acagra_model.g15527.t1                                           1.1949395 1.3547508 1.2281977 1.1411359 0.7956434 1.0159184 0.8668100 0.8201309 0.7076770 0.8625549 0.8842607 1.5303359 0.9428904 0.7568871 1.0864424 0.8632302 0.7852343 0.7357569 1.1012023 1.0264836 1.0100430 0.0000000 0.8840007 0.8983603 1.1119271 1.0348045 1.3538036 1.6811500 1.3603697 1.2364802 1.2891679 1.2396079 1.0884932 1.1994755 1.2422440 1.3176053 1.2931654 1.2634807 1.0898123 1.4256653 1.1258882 1.1554042 1.3057223 1.1960831 1.3449465 1.2780932 0.9901342 1.2511051 1.6345452 1.0275667 0.9644201 1.1121250 1.2858725 1.9945081 1.6805602 1.4230345 1.2076422 1.5348790 1.4295318 1.5635141 1.5595459 1.5122029 1.5098466 1.4948743 1.4453672 1.6075401 1.7799223 1.4592044 1.8250305 1.7640332 1.7547556 1.5664458 1.4309921 0.9876535 2.6937383 2.0472357 1.7571248 4.5440353 
Skow_XM_002741065.2                                              1.3211478 1.4843029 1.2750566 1.3254242 0.9468170 0.8021362 1.0614849 0.9640698 0.8688944 0.9816907 0.9996387 1.7228069 1.1009914 0.9836617 1.2876580 1.1279680 1.0539151 0.7495064 1.0642472 1.0374964 1.0186380 0.8840007 0.0000000 0.8380664 1.2124462 1.8268184 1.3037471 1.5473250 1.2211522 1.2682013 1.2518512 1.2610112 1.1422825 1.3979049 1.3941178 1.4694917 1.4829945 1.4418976 1.2510905 1.4926271 1.2287110 1.3525032 1.1647896 1.1861726 1.3039717 1.1485649 1.1061522 1.1788194 1.5644764 0.9869824 1.0309172 1.3386882 1.4328314 1.8484563 1.4852142 1.3080339 1.4392265 1.4732887 1.6435398 1.5133112 1.5505801 1.4466400 1.5362276 1.5153036 1.4646095 1.5330173 1.6684790 1.4663431 1.9329107 1.8357071 2.8335465 1.8016484 1.7486704 1.1736759 2.6503953 1.9145541 1.6622715 5.1385130 
Spur_XM_030999620.1                                              1.1495819 1.2926143 1.0870241 1.0856562 0.8332132 0.8917665 0.9251431 0.7917590 0.7249284 0.9052912 0.9260363 1.3958270 0.8786995 0.7269009 1.0703691 1.1133571 0.9669260 0.7277579 0.9714175 1.0330516 1.0284858 0.8983603 0.8380664 0.0000000 1.1587981 0.7023608 1.3016702 1.0126744 1.2390632 1.2072569 1.2273862 1.1808912 1.3627211 1.3195003 1.3622472 1.4435452 1.4170135 1.4318035 1.2489014 1.5596638 1.2279702 1.2727339 1.1462164 1.1653063 1.3131064 1.2083208 1.1740278 1.1249645 1.5456658 0.9749822 1.0062358 1.2427322 1.4317626 1.9928477 1.5479303 1.2324683 1.1360000 1.4661180 1.3215981 1.3388507 1.3796139 1.4637040 1.3724725 1.3840041 1.3370110 1.3476525 1.5521668 1.3275933 1.6980753 1.7402515 2.1485033 1.7150302 1.4676668 1.2136847 2.7380723 2.0893039 1.7370009 4.9453123 
Opea_EP00118_Oscarella_pearsei_P017496                           1.3348024 1.4559746 1.2065600 1.2353491 1.1899874 1.1898889 1.0789146 1.0514871 0.9558704 1.1398457 1.1213455 1.7106511 1.2032204 1.1127728 1.4172343 1.3422912 1.2565561 1.1065694 1.2074698 1.2699768 1.2556124 1.1119271 1.2124462 1.1587981 0.0000000 0.0309994 0.1267362 0.1380999 1.5967948 1.3638685 1.1306633 1.2250072 1.1758488 1.3476277 1.3315113 1.3940619 1.3779099 1.3122053 1.2109945 1.5134387 1.4635882 1.5314303 1.3357055 1.2829151 1.2390648 1.2218343 1.2951049 1.4804520 1.9818049 1.2685626 1.2981434 1.5212074 1.7932741 2.1588167 1.6674355 1.3389373 1.6342374 1.3678094 1.4434890 1.4970541 1.5277956 1.4982076 1.3828668 1.3762258 1.3687861 1.4385654 1.5964183 1.3559438 1.8682015 2.0702285 2.7894028 1.9399563 1.5039964 1.0653409 3.0278224 2.5861592 1.2297777 5.4682025 
Ocar_g3415                                                       1.6215557 1.6215557 1.4551119 1.3311435 1.0885254 1.0964336 1.6225908 1.6225908 0.0000010 1.4947636 1.5079016 1.7646462 1.7646462 0.0000010 1.7896603 1.8897737 1.8836894 1.3748867 1.4997136 1.6125083 1.6307183 1.0348045 1.8268184 0.7023608 0.0309994 0.0000000 0.0309994 0.0309994 1.7285261 2.3981165 1.4732906 1.6897079 0.0000010 1.9880412 1.8827693 1.7993597 1.7993597 1.9774829 1.6306191 2.1176661 1.6139555 1.7980862 4.1445083 1.6065403 1.5885014 1.7895455 1.7282059 2.1073173 1.7802584 1.7802584 1.7610114 2.7340639 2.3982010 1.8112718 2.0506711 1.7793826 1.6630121 1.7332107 1.5992003 1.3172637 1.3172637 1.6883678 1.2965025 1.2811928 1.2811928 1.2811928 9.0000000 1.2811928 1.4955008 6.4570474 2.1588236 2.1588236 1.6065403 0.0000010 1.7915801 3.2606107 0.0000010 3.9413806 
Opea_EP00118_Oscarella_pearsei_P017498                           1.4686872 1.4537394 1.3915693 1.2353491 1.4180585 1.5867486 1.2696845 1.2797518 1.8507970 1.2668207 1.2818202 1.5865782 1.3708472 1.9758003 1.3140848 1.5498364 1.4879949 1.3621360 1.3973341 1.4406848 1.4943123 1.3538036 1.3037471 1.3016702 0.1267362 0.0309994 0.0000000 0.1049239 1.3501389 1.6297761 1.3493638 1.3057754 1.9156799 1.7121787 1.6908212 1.7320281 1.7031712 1.7091597 1.6902298 1.8368321 1.7139241 1.9620703 1.9933280 1.7928092 1.3811550 1.4839613 1.3929217 1.6454386 1.6331685 1.4550109 1.6118908 1.8860135 1.9721475 1.9352052 1.8906751 1.3389373 1.6415612 1.7227556 1.9045478 1.7098586 1.7263933 1.7803780 1.7439109 1.7354436 1.7354436 1.9529082 2.6723776 1.7354436 1.8682015 2.8742383 3.7725415 2.4291606 1.2971409 1.6679714 3.1791577 2.3340384 1.6382501 8.7171318 
Opea_EP00118_Oscarella_pearsei_P017497                           1.2541066 1.2987709 1.1630136 1.2237059 1.4621512 1.4329334 1.4811236 1.5354239 1.1143917 1.5081556 1.5488249 1.6005977 1.5306325 3.2627241 1.5676444 2.0560490 1.8944684 1.3987148 1.9200814 1.9169102 2.0791337 1.6811500 1.5473250 1.0126744 0.1380999 0.0309994 0.1049239 0.0000000 2.0269078 1.7626419 1.3279749 1.3201327 0.3888124 1.6930428 1.5946330 1.6818936 1.6818936 1.7579814 1.5577341 2.0155283 1.8389786 2.0589899 2.9743546 1.5552674 1.4840254 1.6941804 1.6472558 2.2280074 1.6304680 1.6300258 1.6140592 3.4803034 2.4323823 2.0958857 2.1989538 1.9338153 2.0248939 2.0024828 1.8014036 1.5925528 1.6311932 1.9218024 1.5808994 1.5846072 1.5846072 1.6415194 8.9999982 1.6190407 1.9738705 6.3125433 2.2907615 1.6632097 1.4688212 1.0696877 2.4654432 2.5775592 1.6687322 3.1013627 
Sanmal_Sma_027027-T1                                             1.4764542 1.7738278 1.4905867 1.3235912 1.2899524 1.3851274 1.1807788 1.0087787 0.7805472 1.1674332 1.1933846 2.1450461 1.3507573 0.9487148 1.3992490 1.1772105 1.0785141 1.1929952 0.7028836 0.7501179 0.7013195 1.3603697 1.2211522 1.2390632 1.5967948 1.7285261 1.3501389 2.0269078 0.0000000 1.3697779 1.2474138 1.3053353 1.1856837 1.2786076 1.3481590 1.4024203 1.3780312 1.4223836 1.1188753 1.4030837 1.2440794 1.5038952 1.5717648 1.4903072 1.5177275 1.3974671 1.2873675 1.3217335 1.2721019 1.1312430 1.2856332 1.2509170 1.2189291 1.6642920 1.6890954 1.3080025 1.5305003 1.3461111 1.6706918 1.4329810 1.4719700 1.4858181 1.5333363 1.4983900 1.4530203 1.6394629 1.7990482 1.4566263 1.8629948 2.6646172 1.5782082 1.4868627 1.5992160 1.2359854 2.5825287 2.2709738 1.8100113 3.5307995 
Aque_Aqu2.1.40805_001                                            1.1174031 1.3412606 1.2021584 1.1767925 1.1871238 1.2173765 1.0889802 1.0003560 0.8665891 1.0619417 1.0743215 1.7003164 1.1349597 0.8938391 1.2739737 1.3011806 1.1284315 1.1088550 1.1941219 1.2829460 1.2401866 1.2364802 1.2682013 1.2072569 1.3638685 2.3981165 1.6297761 1.7626419 1.3697779 0.0000000 0.4618746 0.4810348 1.0367070 1.1680994 1.2006913 1.2393975 1.2202952 1.2515218 1.0500290 1.2757784 1.2669386 1.3473285 1.2659233 1.1711919 0.9649379 0.9689740 1.3197738 1.3827954 2.0562723 1.3704089 1.1849103 1.2838239 1.3461725 1.9881608 1.6183266 1.2573566 1.2241965 1.4572019 1.4671634 1.3457251 1.3816438 1.4251911 1.4328748 1.4084921 1.3946728 1.4774531 1.4298597 1.4163045 2.0199545 2.0482454 1.4971416 1.1269803 1.2281003 0.7519256 3.1817570 1.8405106 1.2388447 5.2531247 
Xestes_maker-XT_scaffold5463-augustus-gene-0.10-mRNA-1           1.1757094 1.2790022 1.2561665 1.0794573 1.1966835 1.0365905 1.1088465 1.0353623 0.8623680 1.1116041 1.1268434 1.9005735 1.2187056 0.9615309 1.4197798 1.2892151 1.1681849 1.1492578 1.1103503 1.1855153 1.1615569 1.2891679 1.2518512 1.2273862 1.1306633 1.4732906 1.3493638 1.3279749 1.2474138 0.4618746 0.0000000 0.4987387 0.9028448 1.1989313 1.1908762 1.2964448 1.2754762 1.3002733 1.1621893 1.2716706 1.3315987 1.2669972 1.0950841 0.9959946 0.9559013 0.9737334 1.3868386 1.4602993 1.9121504 1.3347943 1.3009934 1.1737009 1.4968623 1.9250924 1.4823430 1.1755468 1.2335953 1.5357068 1.5699658 1.4043585 1.4159052 1.5183161 1.4513870 1.4520085 1.4182420 1.4476356 1.3782536 1.4011316 2.2368486 1.7193677 2.2873319 1.4435186 1.1949716 0.7042606 3.1077584 2.1853797 1.3051445 6.7282038 
Halamb_c55726_g2_i2mm.6745                                       1.1036103 1.2707716 1.1439237 0.9807397 1.1621656 1.1640199 0.9711071 0.9472735 0.7663204 0.9929599 1.0011182 1.4848883 1.0353922 0.8391769 1.2663806 1.2731726 1.0771536 1.0668503 1.1192208 1.2329787 1.1754307 1.2396079 1.2610112 1.1808912 1.2250072 1.6897079 1.3057754 1.3201327 1.3053353 0.4810348 0.4987387 0.0000000 0.9682449 1.1398404 1.1626988 1.1667199 1.1430756 1.1548840 0.9691312 1.2244879 1.2550576 1.2715945 1.2071198 1.1637389 1.0623177 1.0683026 1.3103824 1.2671860 2.0716528 1.3303613 1.2682142 1.3442659 1.4392569 2.0993472 1.7514867 1.2069372 1.2572584 1.5627722 1.7106696 1.5277483 1.5622980 1.5210178 1.4557335 1.4304445 1.4187773 1.4557352 1.4136761 1.4255330 2.2159808 1.9293101 1.6310637 1.1073238 1.2471259 0.7617747 3.1016092 1.9040104 1.5210206 5.8144421 
Plespi_Pspi_scaffold18192_01                                     1.0905866 1.0905866 1.1536287 0.6399472 1.1822900 1.2927629 0.8489256 1.0478380 1.0921649 0.9728355 0.9399313 0.0000010 1.0209196 1.0531518 1.7677069 1.0373040 1.1047178 0.9616604 1.0509722 0.9932538 0.9987834 1.0884932 1.1422825 1.3627211 1.1758488 0.0000010 1.9156799 0.3888124 1.1856837 1.0367070 0.9028448 0.9682449 0.0000000 1.2384556 1.1532150 1.1418031 1.1422468 1.1467360 1.1693378 1.0620149 1.0886887 1.5501573 1.3045528 1.3001843 1.1397162 1.3559837 1.1570439 1.2599951 2.6623499 1.1529681 1.2939702 1.3752034 1.1779490 2.8181363 1.5224954 0.7401478 0.7486497 1.3420820 1.4416300 1.3668313 1.3668313 1.4068031 1.4919787 1.4644209 1.4644209 1.4644209 1.4644209 1.4644209 2.3959227 1.2454370 3.7251595 4.6890963 8.9999984 1.1151335 3.7675017 2.8975453 1.8151548 8.0277121 
HoiH23_PlH23_009816-RA                                           1.1855675 1.3622773 1.3862705 1.1722394 1.1304582 1.2469257 1.0645443 1.1181894 1.2666918 1.1507317 1.1363188 1.3648973 1.1728595 1.2744258 1.1761982 1.1505365 1.1253888 1.0889754 1.2752712 1.2699867 1.2330481 1.1994755 1.3979049 1.3195003 1.3476277 1.9880412 1.7121787 1.6930428 1.2786076 1.1680994 1.1989313 1.1398404 1.2384556 0.0000000 0.0807764 0.1339698 0.1413235 0.3311174 0.3069978 0.2090520 1.1371395 1.4110461 1.7333523 1.5040265 1.2465251 1.3631535 1.3708309 1.3398416 1.8102826 1.2277972 1.3250713 1.5477345 1.3194422 2.2064663 1.7887358 1.5004728 1.6678704 1.7574104 1.9031737 1.6779468 1.7238007 1.7573671 1.7173047 1.6904166 1.7160089 1.9546189 2.1213113 1.7175472 2.1653607 2.2691330 2.7559003 1.6660203 1.3855584 1.2518871 2.5029824 2.1448711 2.2329056 5.1718364 
HoiH06_mRNA7143                                                  1.2571917 1.4095853 1.4510677 1.1960596 1.1816304 1.2319571 1.0648907 1.1376199 1.2030758 1.1683152 1.1488480 1.4499424 1.1587689 1.2235463 1.2216190 1.1453936 1.1585651 1.1321639 1.3183906 1.3521369 1.3639007 1.2422440 1.3941178 1.3622472 1.3315113 1.8827693 1.6908212 1.5946330 1.3481590 1.2006913 1.1908762 1.1626988 1.1532150 0.0807764 0.0000000 0.1551233 0.1626469 0.3857631 0.3057826 0.2676777 1.1911398 1.4653533 1.6424407 1.4240559 1.3881116 1.4757301 1.4114354 1.3799782 1.8518622 1.3192928 1.3822586 1.5513955 1.4259363 2.2213902 1.8082325 1.5050735 1.5572470 1.7669755 1.8515977 1.7096884 1.7673521 1.8098212 1.6999711 1.7068082 1.6995444 1.8600241 2.0787857 1.6755852 2.0894127 2.2537642 2.5471785 1.8058599 1.5399365 1.3551729 2.6330669 2.5020136 2.1296091 5.6337047 
Hhon_g03098.t1                                                   1.3058429 1.4820564 1.4947236 1.2317809 1.2275363 1.3393750 1.1183828 1.1357853 1.1716705 1.1940531 1.1769568 1.4757021 1.1788097 1.1946379 1.3320003 1.1977530 1.2283272 1.1563665 1.3902521 1.4655881 1.4184445 1.3176053 1.4694917 1.4435452 1.3940619 1.7993597 1.7320281 1.6818936 1.4024203 1.2393975 1.2964448 1.1667199 1.1418031 0.1339698 0.1551233 0.0000000 0.0055443 0.3248296 0.2683300 0.2356087 1.2617362 1.5133860 1.7036983 1.4452697 1.3121635 1.3914365 1.4052971 1.3877198 1.9610863 1.3626784 1.3893791 1.6199868 1.4985848 2.2849306 1.7790493 1.5881341 1.6001143 1.7961575 1.8473753 1.6520230 1.7127075 1.7707807 1.6881289 1.6581849 1.6954906 1.8670032 2.0199399 1.6759438 2.2028118 2.2311048 2.7404143 1.8103866 1.5584805 1.5128757 2.5072050 2.3785167 2.5326828 4.9274885 
HoiH04_mRNA49                                                    1.2864470 1.4596640 1.4673331 1.2120611 1.2249091 1.3721685 1.1122051 1.1199297 1.1293480 1.1761945 1.1655697 1.4757021 1.1616842 1.1545208 1.3112772 1.1751239 1.2053188 1.1350193 1.3689156 1.4434787 1.3965292 1.2931654 1.4829945 1.4170135 1.3779099 1.7993597 1.7031712 1.6818936 1.3780312 1.2202952 1.2754762 1.1430756 1.1422468 0.1413235 0.1626469 0.0055443 0.0000000 0.3257129 0.2690864 0.2455333 1.2444537 1.4909816 1.6785156 1.4287030 1.3140272 1.3930851 1.3869180 1.3747547 1.9411545 1.3478871 1.3934477 1.6098385 1.4768109 2.3252812 1.8065366 1.6005672 1.6001143 1.8015796 1.8557974 1.6768291 1.7387484 1.7725970 1.7137486 1.6832985 1.7218926 1.9050387 2.0769507 1.7026728 2.2028118 2.1867736 2.7404143 1.8103866 1.5584805 1.4819813 2.4996328 2.3785167 2.5326828 4.9658203 
TrH2_TrispH2_008745-RA                                           1.2346852 1.3842893 1.3706547 1.1748003 1.2896628 1.3366841 1.0957779 1.1233901 1.1285569 1.1099978 1.1113123 1.4647529 1.2234020 1.1670134 1.2190917 1.2475810 1.2357178 1.1900752 1.3551805 1.3696893 1.3382842 1.2634807 1.4418976 1.4318035 1.3122053 1.9774829 1.7091597 1.7579814 1.4223836 1.2515218 1.3002733 1.1548840 1.1467360 0.3311174 0.3857631 0.3248296 0.3257129 0.0000000 0.0100116 0.3162290 1.2707929 1.4411666 1.6858400 1.4103920 1.3751041 1.4017988 1.3286206 1.4608737 1.9768840 1.3586035 1.3755341 1.5296069 1.5338016 2.2828276 1.8238923 1.6241114 1.5927332 1.7168759 1.9763305 1.7406536 1.7781264 1.8196122 1.7803253 1.7054984 1.7188244 1.8331134 1.9894186 1.7351674 2.1064558 2.3728713 2.5163742 1.6070504 1.6626372 1.3443243 2.6621699 2.3893383 2.6645148 4.8096364 
Tadh_TriadT51164                                                 1.0760683 1.2405781 1.1630124 0.9497817 1.0964808 1.2862999 0.9500588 1.0046387 1.1533932 0.9697683 0.9591519 1.0228814 1.0589010 1.1803413 1.0528172 1.0925565 1.0731960 0.9865779 1.2005015 1.1364814 1.1172807 1.0898123 1.2510905 1.2489014 1.2109945 1.6306191 1.6902298 1.5577341 1.1188753 1.0500290 1.1621893 0.9691312 1.1693378 0.3069978 0.3057826 0.2683300 0.2690864 0.0100116 0.0000000 0.2203726 1.1350456 1.3078860 1.5446504 1.2799250 1.1403266 1.2400798 1.1700980 1.3332153 1.7158820 1.0702229 1.1665588 1.4239636 1.3440529 2.0982512 1.6617662 1.4397068 1.2873717 1.6554475 1.9145822 1.6153713 1.6123302 1.6409994 1.6643135 1.5896438 1.5896438 1.7562171 1.7906569 1.6509355 1.9228953 2.0196639 2.5810355 1.5860539 1.3501856 1.1739059 2.5091393 1.9278828 2.4513565 4.8357991 
HoiH11_mRNA4363                                                  1.4036658 1.5910383 1.5426259 1.2701104 1.4204788 1.3754330 1.1460063 1.1447677 1.3157328 1.2140676 1.2161754 1.4995325 1.2257859 1.3475193 1.2140952 1.2879080 1.2670473 1.2945378 1.4134843 1.4831225 1.4302903 1.4256653 1.4926271 1.5596638 1.5134387 2.1176661 1.8368321 2.0155283 1.4030837 1.2757784 1.2716706 1.2244879 1.0620149 0.2090520 0.2676777 0.2356087 0.2455333 0.3162290 0.2203726 0.0000000 1.2819625 1.5537559 1.9980949 1.5973056 1.4051767 1.5757618 1.4103012 1.5881976 1.7592876 1.3371815 1.5237271 1.7269874 1.6673481 2.0707166 1.8245398 1.5569663 1.5732330 1.7585621 2.0622920 1.6809061 1.7208482 1.8871131 1.7917610 1.7679510 1.7807867 1.9751643 2.3477196 1.7777019 2.1444201 2.7390035 2.4315152 1.7062089 1.4754763 1.5386860 2.6386616 2.2283531 1.9817402 5.0726028 
Dgig_XM_028540272.1                                              1.2409611 1.4896416 1.2674539 1.2820486 1.1679320 1.1605558 1.1181282 0.9907999 0.8437516 1.1004103 1.0804624 2.0098045 1.2267707 0.9696143 1.3333574 1.1243913 0.9772374 1.0431039 1.0692549 1.2198960 1.1262979 1.1258882 1.2287110 1.2279702 1.4635882 1.6139555 1.7139241 1.8389786 1.2440794 1.2669386 1.3315987 1.2550576 1.0886887 1.1371395 1.1911398 1.2617362 1.2444537 1.2707929 1.1350456 1.2819625 0.0000000 0.5417090 1.2023078 1.1764976 1.3737078 1.3988810 1.3171134 1.3938172 1.7417375 1.0954660 1.3629111 1.3305614 1.5004952 1.8949630 1.6509593 1.4126678 1.3184821 1.6268071 1.6606973 1.5766564 1.6154773 1.6062009 1.6021703 1.5525430 1.5402677 1.6458294 1.7776061 1.5230166 1.7535051 2.1069644 1.9069857 1.5963375 1.6285879 1.0666454 2.8716772 2.7094355 1.9032112 4.2474354 
Xesp_012500-T1                                                   1.2374353 1.4425157 1.2673548 1.4098589 1.2935016 1.2515109 1.1746133 1.1401997 0.8784486 1.1361488 1.1060820 1.7750498 1.2281946 0.9184399 1.5013828 1.1815952 1.0959585 1.1205780 1.2167279 1.4074429 1.3939848 1.1554042 1.3525032 1.2727339 1.5314303 1.7980862 1.9620703 2.0589899 1.5038952 1.3473285 1.2669972 1.2715945 1.5501573 1.4110461 1.4653533 1.5133860 1.4909816 1.4411666 1.3078860 1.5537559 0.5417090 0.0000000 1.4119952 1.4944273 1.3766089 1.3777660 1.3552019 1.4868775 1.8181043 1.2462009 1.4443384 1.6104216 1.9523478 2.1075236 1.7317437 1.5108764 1.5665608 1.6676978 1.7821289 1.7216639 1.6838088 1.7146899 1.7909956 1.7197190 1.6985357 1.8979526 2.0906149 1.7170100 2.0966569 2.3117032 1.7574534 1.6439771 1.5596605 1.1291349 2.9738876 2.4377758 2.5279032 5.7989800 
Emue_Em0019g817a.t1                                              1.1443781 1.1567705 1.2247744 1.3707145 1.2895394 1.2860913 1.3373079 1.3176411 1.0065737 1.2386027 1.2274332 7.1004871 1.3014774 0.9680993 2.4710047 1.2400607 1.2204274 1.1668923 1.0652383 1.2556486 1.2452866 1.3057223 1.1647896 1.1462164 1.3357055 4.1445083 1.9933280 2.9743546 1.5717648 1.2659233 1.0950841 1.2071198 1.3045528 1.7333523 1.6424407 1.7036983 1.6785156 1.6858400 1.5446504 1.9980949 1.2023078 1.4119952 0.0000000 0.1849620 1.1536394 1.3494550 1.4691835 1.7264178 2.3501271 1.3597024 1.4777810 1.2105086 1.4776584 2.5852676 1.7640551 1.3807834 1.5638009 1.5842309 1.8073649 1.8359219 1.8106338 1.6867022 1.6702092 1.6771023 1.6366138 1.6553169 1.4491761 1.6771023 2.7755428 1.2836968 8.9999989 8.9999989 5.1068067 0.9191351 3.5756817 3.7724039 1.5930502 6.5417712 
Spolac_c103930_g1_i2_m.37078c103930-g1                           1.1339662 1.1339662 1.1761651 1.4025595 1.1739104 1.2216648 1.2567426 1.3164071 1.0990492 1.2196455 1.2412319 1.5191355 1.2525705 1.0572248 1.5063555 1.1328019 1.1408121 1.1181963 1.0819818 1.2715390 1.2743726 1.1960831 1.1861726 1.1653063 1.2829151 1.6065403 1.7928092 1.5552674 1.4903072 1.1711919 0.9959946 1.1637389 1.3001843 1.5040265 1.4240559 1.4452697 1.4287030 1.4103920 1.2799250 1.5973056 1.1764976 1.4944273 0.1849620 0.0000000 1.0442568 1.1537579 1.2671897 1.6059087 2.1757154 1.3095360 1.3638334 1.4114856 1.3505090 2.0540494 1.5363795 1.1179492 1.2622276 1.4302922 1.5446510 1.6305909 1.6477019 1.5757325 1.3529198 1.3845902 1.3845902 1.3845902 1.6248704 1.3845902 2.2433284 1.4126285 1.7524721 1.4103505 0.3936982 0.9111336 3.3736009 2.4142907 1.4119369 6.3551940 
Tetwil_g22907.t2                                                 1.3066778 1.4556998 1.3138586 1.2020508 1.5081033 1.2763658 1.2013146 1.0571023 1.0253255 1.1905794 1.2340354 1.8604133 1.2859806 1.0680047 1.3614245 1.3487032 1.1825755 1.2325515 1.2916463 1.3365305 1.3039442 1.3449465 1.3039717 1.3131064 1.2390648 1.5885014 1.3811550 1.4840254 1.5177275 0.9649379 0.9559013 1.0623177 1.1397162 1.2465251 1.3881116 1.3121635 1.3140272 1.3751041 1.1403266 1.4051767 1.3737078 1.3766089 1.1536394 1.0442568 0.0000000 0.3710397 1.2396819 1.4338098 2.0337923 1.4338585 1.2371244 1.4059544 1.6096598 1.8028493 1.4539931 1.2269748 1.1348518 1.4329597 1.3010766 1.4603941 1.4601493 1.5089579 1.5331631 1.4958824 1.4267250 1.5289667 1.6581070 1.4412571 1.7562401 1.8291723 1.5361709 1.2336352 1.4323108 0.8205840 2.8689009 2.2526062 1.6938734 6.0920959 
Tetwil_g22908.t2                                                 1.2901351 1.4821493 1.2608607 1.3596415 1.3197927 1.2203636 1.2276944 1.1781164 1.1276851 1.2727207 1.2721336 1.7410361 1.3237528 1.1371139 1.2788697 1.3697347 1.2946139 1.1877659 1.2970265 1.3809317 1.3491994 1.2780932 1.1485649 1.2083208 1.2218343 1.7895455 1.4839613 1.6941804 1.3974671 0.9689740 0.9737334 1.0683026 1.3559837 1.3631535 1.4757301 1.3914365 1.3930851 1.4017988 1.2400798 1.5757618 1.3988810 1.3777660 1.3494550 1.1537579 0.3710397 0.0000000 1.2396612 1.4381114 1.9173015 1.4769904 1.2065269 1.3657042 1.4541558 1.9508894 1.4035560 1.2612422 1.2110713 1.4370021 1.3883763 1.4315540 1.4496706 1.3923947 1.5373244 1.4878714 1.4528957 1.5642269 1.6354167 1.4752253 2.1254475 1.9810445 1.8569289 1.3354594 1.3478080 0.7399321 3.1511152 2.0307961 1.3850793 6.2313802 
Dpul_mRNA18513                                                   1.2898725 1.4596910 1.3061706 1.1490122 1.1428481 1.2084901 1.0879322 0.9914346 1.1061827 0.9867460 1.0394294 1.4503238 1.1720001 1.0479658 1.1430180 1.1629451 1.0770859 1.1411313 1.2220644 1.2245720 1.2736620 0.9901342 1.1061522 1.1740278 1.2951049 1.7282059 1.3929217 1.6472558 1.2873675 1.3197738 1.3868386 1.3103824 1.1570439 1.3708309 1.4114354 1.4052971 1.3869180 1.3286206 1.1700980 1.4103012 1.3171134 1.3552019 1.4691835 1.2671897 1.2396819 1.2396612 0.0000000 0.7560195 1.4443745 0.9567124 1.2268993 1.3675446 1.5516719 1.9805604 1.6298106 1.3491789 1.3303747 1.4330134 1.3345573 1.4968537 1.5980892 1.3707640 1.3232427 1.3248616 1.3015670 1.3453820 1.4298255 1.3114697 1.9151211 2.0448947 2.0881563 1.7017012 1.7162477 1.1896543 2.4452768 2.4082185 1.9387473 4.7205102 
