61
Lcom_lcpid63482                                        0.0000000 0.7010272 0.4608916 0.6821860 2.8090234 4.1192335 3.8414979 1.7783536 3.1344494 3.1947921 3.3435824 2.8048414 3.3156892 3.5527879 3.1000984 3.2583941 3.0449190 3.3985525 1.6816396 2.5436373 2.7519783 2.9951704 2.9069744 2.8685414 2.7367645 2.7493911 2.7780238 2.7660859 2.8413043 0.8742502 3.0855622 1.6242757 3.1922150 3.2120485 0.9497655 3.1062331 3.3045583 3.2733545 2.8396435 2.9357436 2.9172830 2.7450399 2.0885842 3.0142836 3.1316911 2.9978851 3.2780944 2.9185194 3.0284400 2.8840782 2.8733662 3.2994052 3.3307012 3.5326146 4.0811831 3.3024078 2.9715348 2.7254027 2.3343913 1.9501286 3.6865751 
Gracom_Gcom_scaffold8458_01                            0.7010272 0.0000000 0.2998318 0.7049196 3.1061692 3.7995180 3.3822771 1.8251944 3.0583652 2.8660098 3.1311147 2.8959430 3.1413425 3.6109401 2.8664740 2.9117752 3.0358872 3.2512395 1.5596656 2.5315464 2.8346428 3.0623249 3.1665578 2.9034300 2.8281667 2.9600131 2.9517688 3.0741207 3.0092493 0.9182588 2.9630572 1.6333576 3.0506927 3.0670033 0.7998031 2.9283602 3.0119066 2.9739208 2.8193172 3.2495277 2.9724155 2.9234663 2.2057229 3.2042411 3.1440169 2.8772884 2.9132469 2.7030077 2.6721039 2.7729864 2.7778174 2.8397755 3.3175945 3.8146857 4.2215754 3.0570452 2.7569206 2.8027964 2.2665159 2.0834117 3.7772444 
Leuniv_Lniv_C764577_01                                 0.4608916 0.2998318 0.0000000 0.3412533 2.4564945 3.6273814 3.3471298 1.0139967 2.9049987 2.4068351 2.1022504 2.1257153 2.3600350 0.0000010 2.3600350 2.3600350 2.2731269 2.3905463 1.6714612 1.8871852 5.2691022 7.3868335 2.9064173 2.3732397 2.0989671 2.2161435 2.2161435 2.3354738 2.2845025 1.1322509 2.4959872 1.4363731 2.6241967 2.7749497 0.9477726 2.3599257 2.5880861 2.5287162 1.9988039 2.4681887 2.4702409 2.3481053 2.4655585 3.0002481 2.9407733 3.0257642 3.2815077 2.5994681 2.4800591 2.5833289 2.5783632 2.8886257 3.5822203 3.1013334 5.0664143 2.7092499 2.5889656 2.2390824 2.2557098 1.6027906 3.5828682 
Scil_scict010164.3                                     0.6821860 0.7049196 0.3412533 0.0000000 2.5729072 2.9413913 2.8963728 1.6023831 2.7099750 2.5589059 2.2744625 2.1749267 2.4430700 3.1225137 2.2347627 2.0965318 2.3944693 2.4151909 1.9029626 2.2901937 2.3584485 2.5970797 2.7096652 2.2646048 2.0461679 2.2310004 2.2096209 2.1584872 2.1760621 0.8494923 2.5606024 2.0199751 2.4880977 2.4518386 0.9916011 2.3239294 2.4226398 2.3935290 2.0868216 2.3142474 2.2671494 2.4148708 2.5578927 2.6976568 2.7902390 2.7986716 2.8823089 2.5552098 2.1417252 2.4276309 2.3961340 2.8598175 3.1467349 2.8757498 3.1777168 2.5726738 2.6136213 2.5587018 2.5609206 2.5030488 3.8586680 
Spolac_c103896_g1_i1_m.36860c103896-g1                 2.8090234 3.1061692 2.4564945 2.5729072 0.0000000 1.2930021 1.0574423 0.6587703 0.8152252 1.1104560 2.8875239 2.8617409 3.3371619 5.4855940 2.9327461 2.6173875 2.9267291 3.1515431 2.5839828 3.1532821 3.0643905 3.3139335 3.1720505 2.5349499 2.3952988 2.4370234 2.4052416 2.5301436 2.5895257 1.0778522 2.4204898 2.0031224 2.8240718 2.8737061 1.1541787 2.8208455 2.9294033 2.9130235 2.7765384 2.5742008 2.4695733 2.8386387 2.2822588 2.6800339 2.8248910 2.9074721 3.1229216 2.7014210 2.5974627 2.9076483 2.7337434 2.7868720 3.0667000 3.3406948 3.8724916 2.9129136 3.4503830 3.4334649 2.6505531 2.1355651 3.8286137 
Aque_Aqu2.1.28283_001                                  4.1192335 3.7995180 3.6273814 2.9413913 1.2930021 0.0000000 0.3346101 0.3481332 1.1962188 1.8920170 3.7245849 3.3247411 3.5364503 4.6347567 3.2900105 2.9095465 3.3346290 3.3554717 2.7643613 2.9400238 4.1076615 4.3341405 3.2344957 3.0247664 2.9024432 2.8639000 2.8790501 2.9454444 2.9321590 1.1483776 2.8975550 2.2678245 3.3005289 3.4167919 1.3490792 3.2803916 3.5142266 3.4425865 3.1520686 3.2907505 3.0805825 3.3475674 2.6656229 2.9327581 2.8308986 3.2282421 3.8322484 3.1902262 2.8663876 3.3307649 3.3106944 3.5164987 3.5780613 3.7943306 4.3400319 3.4208066 3.8517894 3.6932040 2.9467010 2.7331717 4.5151811 
Halamb_c45071_g2_i1m.18415                             3.8414979 3.3822771 3.3471298 2.8963728 1.0574423 0.3346101 0.0000000 0.2276795 0.9852644 1.7558865 3.5166001 3.2216841 3.4231878 4.4431492 3.2090272 2.7884618 3.0730606 3.0522384 2.8717875 2.9743263 3.0284711 3.2389696 3.0117818 2.5021765 2.3683853 2.4412656 2.4089158 2.3633745 2.3920927 1.1276424 2.6991233 2.1214074 3.1301551 3.2809473 1.3080124 3.1183761 3.3481242 3.2846104 3.0167245 2.7957269 2.7006001 2.9350743 2.7432750 2.6980166 2.5631839 2.8649168 3.4080013 2.6562666 2.7694982 3.0154144 2.9968852 3.3666894 3.1624100 3.5925219 4.1394973 3.1038687 3.3594321 3.3752190 2.5196450 2.3355324 4.3463339 
Xestes_maker-XT_scaffold93191-augustus-gene-0.6-mRNA-1 1.7783536 1.8251944 1.0139967 1.6023831 0.6587703 0.3481332 0.2276795 0.0000000 0.7281154 1.2782740 1.5876622 2.3475428 2.7681778 3.7695813 2.4690799 1.7799560 2.2473459 2.3879314 2.4183691 2.5792761 2.2865936 2.5502708 2.2329285 1.7874054 1.7828828 1.8225941 1.8405577 1.8141519 1.8324048 1.0997814 2.1489313 2.0630758 2.2730599 2.3035656 1.2809643 2.2730599 2.3379073 2.3379073 2.3732804 1.9836369 2.0053092 2.1233451 2.2235584 1.8450666 1.8948032 1.9030210 2.4096286 1.8742176 2.0846320 2.2507939 2.1531940 2.3099294 2.1615529 2.7143987 2.8832428 2.3187852 1.9952404 2.2257391 2.1593574 2.2531685 5.3881352 
Tetwil_g3384.t1                                        3.1344494 3.0583652 2.9049987 2.7099750 0.8152252 1.1962188 0.9852644 0.7281154 0.0000000 1.3990919 2.6762696 3.0942409 3.2498333 4.7715765 2.7026903 2.5025935 2.9535852 3.1787824 2.8048928 2.8960090 3.2672229 3.4557110 2.7565612 2.5917801 2.3663588 2.4769862 2.4609489 2.4004178 2.4219753 0.9122589 2.4440472 1.9731459 2.9544249 2.9987598 1.1469713 3.0561237 3.1638724 3.1312436 2.6962537 2.5417584 2.4902193 2.7082054 2.3266062 2.4217272 2.5153072 2.5374198 2.9441059 2.9552448 2.4633096 2.9206630 2.7961440 2.7148140 2.8109119 3.1430965 3.6287052 3.1042041 3.0626414 3.4490757 2.7598425 2.2401774 4.3018241 
Plespi_Pspi_scaffold17617_01                           3.1947921 2.8660098 2.4068351 2.5589059 1.1104560 1.8920170 1.7558865 1.2782740 1.3990919 0.0000000 2.9565109 3.0258038 3.0949823 4.3280731 2.8626419 2.6422031 2.9224437 2.9089299 2.1647966 2.6263742 3.3393573 3.5622213 2.7938904 2.4315299 2.3863856 2.4398479 2.4388493 2.4651707 2.5344840 1.0399558 2.4162647 1.8155552 2.4784801 2.4779555 0.9975563 2.4433524 2.5545787 2.5314550 2.2139263 2.5717471 2.3823347 2.6920352 2.0939743 2.5516176 2.5412348 2.6151977 2.7524012 2.3266644 2.4633382 2.6979555 2.6297213 2.6280214 3.1662559 3.5871627 4.1342013 3.0832231 3.3465484 3.5115216 2.6392213 2.2428658 4.5896320 
Bolinf_Binf_sb1233849                                  3.3435824 3.1311147 2.1022504 2.2744625 2.8875239 3.7245849 3.5166001 1.5876622 2.6762696 2.9565109 0.0000000 0.1376727 0.5157447 9.0000000 0.5157447 0.5157447 0.4235989 0.3754246 0.0451247 0.3752824 2.3958744 3.0518490 3.0096160 2.3254795 2.2792071 2.3696409 2.2805919 2.1383596 2.2314423 0.9553825 2.1978808 1.6274254 2.9041976 2.9935041 1.0287070 2.9519850 2.9781753 2.9781753 2.7600460 2.3393595 2.5138061 2.9797622 1.7923584 2.3377056 2.5428698 2.2867806 2.8919637 2.3258636 2.5226569 2.6673076 2.6730644 2.1571915 3.2687042 1.0579239 4.9424535 0.9916855 3.3234934 3.1839046 2.0745121 1.4634246 0.9694594 
Mlei_ML0776.g13.i1                                     2.8048414 2.8959430 2.1257153 2.1749267 2.8617409 3.3247411 3.2216841 2.3475428 3.0942409 3.0258038 0.1376727 0.0000000 0.4694377 0.4832043 0.5482427 0.5026963 0.6442638 0.4040894 0.4512500 0.6274193 0.9969593 1.0967201 2.3261860 2.3153223 2.3238236 2.3669513 2.3341944 2.3776217 2.4105374 1.0370462 2.3358547 1.8733275 2.5681112 2.7052916 1.0880630 2.6158806 2.6534788 2.6534788 2.3666617 2.3292572 2.3947428 2.3086165 2.1233073 2.2480163 2.2422712 2.4500531 2.8177983 2.6401027 2.8532435 2.7576991 2.7028708 2.2772522 2.8209559 1.3274290 2.2466746 1.2129744 3.3204440 3.3019165 2.6281766 2.4717751 1.8859257 
Beraby_Baby_sb341141                                   3.3156892 3.1413425 2.3600350 2.4430700 3.3371619 3.5364503 3.4231878 2.7681778 3.2498333 3.0949823 0.5157447 0.4694377 0.0000000 0.0143746 0.0129694 0.0052741 0.7714060 0.6074760 0.7649914 0.7730070 1.4202515 1.4813638 2.8689737 2.7522818 2.7491295 2.7847343 2.7586640 2.7473542 2.8043958 1.3174865 2.5844556 2.2322810 2.9232440 3.1558001 1.4849860 2.8776026 2.9593072 2.9851079 2.9135007 2.7855514 3.0158879 2.6923459 2.5876015 2.6183173 2.6697277 2.7983249 3.3713317 2.8803943 3.2695310 3.2698924 3.2516519 3.0434008 3.1235819 1.4715545 2.4614315 1.3783397 3.5633699 3.6973572 3.0448173 2.7766775 1.8403738 
Beraby_Baby_sb341147                                   3.5527879 3.6109401 0.0000010 3.1225137 5.4855940 4.6347567 4.4431492 3.7695813 4.7715765 4.3280731 9.0000000 0.4832043 0.0143746 0.0000000 0.0972400 0.3199253 1.1114700 0.7493457 1.7038833 0.7585690 0.8231740 0.8231740 3.1088445 3.4624860 3.4884811 3.4062857 3.6044700 3.5585319 3.5850655 1.1075628 3.5417989 3.2432531 3.0731361 3.4110335 2.0815446 3.0731361 3.3648959 3.3648959 3.3315882 4.2439176 4.0011077 2.9018132 4.2451656 3.2513905 2.9888563 3.4913223 4.4842669 3.9696743 4.7268020 4.4859543 4.4530241 4.4949799 3.3826444 2.0011128 2.0559868 1.9324815 4.0776350 4.0699354 4.6356361 4.6183090 4.2169448 
Beraby_Baby_sb341143                                   3.1000984 2.8664740 2.3600350 2.2347627 2.9327461 3.2900105 3.2090272 2.4690799 2.7026903 2.8626419 0.5157447 0.5482427 0.0129694 0.0972400 0.0000000 0.0052741 0.7461922 0.6715555 0.4163408 0.9155435 2.8426499 2.9316631 2.8486246 2.5231291 2.5421494 2.5986684 2.5010819 2.5442915 2.5617877 1.3174865 2.3333858 1.9226455 2.9738183 3.2385328 1.4849860 2.9127807 2.9229225 2.9565237 2.9205805 2.4294817 2.6341708 2.6152261 2.1722223 2.3706885 2.5169816 2.4972204 3.0252641 2.5830418 2.9479479 3.1309029 3.0988281 2.7462884 2.9314395 1.5479230 3.6581291 1.4624519 3.3278128 3.4840011 2.4508092 1.9969965 1.3082608 
Beraby_Baby_sb341144                                   3.2583941 2.9117752 2.3600350 2.0965318 2.6173875 2.9095465 2.7884618 1.7799560 2.5025935 2.6422031 0.5157447 0.5026963 0.0052741 0.3199253 0.0052741 0.0000000 0.6402966 0.5802878 0.3204729 0.9338753 2.7924743 2.8863414 2.7557590 2.3891340 2.3773983 2.4596172 2.3468382 2.3716781 2.4375854 1.4449462 2.1606178 1.5197837 2.8570665 3.0168862 1.4629322 2.7843285 2.7408071 2.7803480 2.7261141 2.1800723 2.5510425 2.5643189 1.7940835 2.3034989 2.4671615 2.3987712 2.8967329 2.4077975 2.6510374 2.8149735 2.8038091 2.3311243 3.0154746 1.2450895 3.5673527 1.1648074 3.1877078 3.4153119 2.3112606 1.7863722 1.2234749 
Lampan_Lpan_C412971_01                                 3.0449190 3.0358872 2.2731269 2.3944693 2.9267291 3.3346290 3.0730606 2.2473459 2.9535852 2.9224437 0.4235989 0.6442638 0.7714060 1.1114700 0.7461922 0.6402966 0.0000000 0.7315171 0.6789869 1.0011802 1.3413411 1.4497776 2.6765262 2.4087504 2.3849437 2.4377113 2.3663628 2.2799023 2.4250163 1.0903351 2.4159688 2.3156834 3.2579643 3.4181616 1.5189779 3.1621316 3.1416637 3.1373465 2.9158335 2.3861792 2.4565176 2.7909087 2.4200445 2.5553895 2.6913102 2.6544702 2.8835711 2.5006062 2.6768940 2.7092389 2.6124407 2.1840737 3.2374371 1.0748421 1.6961150 0.9383181 3.3860587 3.1151642 2.8120545 2.7550219 1.8532359 
Drygla_Dgla_sb279262                                   3.3985525 3.2512395 2.3905463 2.4151909 3.1515431 3.3554717 3.0522384 2.3879314 3.1787824 2.9089299 0.3754246 0.4040894 0.6074760 0.7493457 0.6715555 0.5802878 0.7315171 0.0000000 0.7656009 0.6588950 0.9996696 1.0950594 2.4212218 2.4371763 2.3918487 2.5005218 2.4860481 2.4182859 2.5603965 1.1372443 2.4079413 2.1597854 2.6729365 2.6255844 1.1934992 2.7072171 2.7049077 2.7049077 2.4639413 2.6892868 2.5410925 2.4600353 2.2908509 2.3243557 2.3373451 2.5892363 2.9406055 2.7440036 2.9865888 3.1196774 3.0350075 2.3407906 3.0406874 1.3359388 2.2537449 1.2081011 3.1435854 3.1333008 2.5508773 2.4988391 1.8397391 
Mertsp_Mesp_sb575990                                   1.6816396 1.5596656 1.6714612 1.9029626 2.5839828 2.7643613 2.8717875 2.4183691 2.8048928 2.1647966 0.0451247 0.4512500 0.7649914 1.7038833 0.4163408 0.3204729 0.6789869 0.7656009 0.0000000 1.0997566 2.0257325 2.2739310 1.8056898 1.7027039 1.7094548 1.6702579 1.7212487 1.7913294 1.8108685 0.9814175 1.6789685 1.6800779 2.2168983 2.0740509 1.1784930 2.2168983 2.1705434 2.1705434 1.9493904 1.6153329 1.6191690 1.8534385 1.8892853 1.6658940 1.7694358 1.6610889 2.1238962 1.8629062 2.0263552 1.9415440 1.8827996 1.6330586 1.9668053 1.7185294 2.1134518 1.4583541 1.9964242 2.3256154 2.1581939 2.1728599 2.1749129 
Pbac_sb2650124                                         2.5436373 2.5315464 1.8871852 2.2901937 3.1532821 2.9400238 2.9743263 2.5792761 2.8960090 2.6263742 0.3752824 0.6274193 0.7730070 0.7585690 0.9155435 0.9338753 1.0011802 0.6588950 1.0997566 0.0000000 0.4168411 0.5184186 2.0633980 2.2505975 2.3040395 2.3635988 2.3458148 2.4856241 2.4210175 1.2828759 2.2874792 2.2511331 2.7335891 2.5147416 1.5314129 2.7375416 2.7853191 2.7853191 2.5490018 2.4808548 2.6035391 2.0648300 2.5384547 2.2131403 2.2863383 2.6249957 2.8329063 2.3333940 2.8842660 2.7829855 2.6839120 2.2331146 2.6077438 1.4990106 1.4990106 1.3194985 3.0297102 2.8799321 2.7907518 2.9862741 4.5763125 
Horcal_Hcv1.av93.c13.g575.i1                           2.7519783 2.8346428 5.2691022 2.3584485 3.0643905 4.1076615 3.0284711 2.2865936 3.2672229 3.3393573 2.3958744 0.9969593 1.4202515 0.8231740 2.8426499 2.7924743 1.3413411 0.9996696 2.0257325 0.4168411 0.0000000 0.0000010 3.0704818 2.5525496 2.4883460 2.7763462 2.6214612 3.2075991 2.9436737 0.7242522 2.4738471 1.9753321 4.3013081 3.6756996 1.0545467 4.3013081 3.9909610 3.9909610 3.8383069 3.0759890 2.5753383 2.5420814 2.1544207 2.5464402 2.9135248 3.3241410 3.8354567 3.0633549 2.9906672 3.1047771 3.4821564 2.7087674 2.8695973 1.8994928 1.5563527 1.5507266 4.5780687 4.2247810 3.2204090 3.2386219 7.3789465 
Horcal_Hcv1.av93.c13.g575.i2                           2.9951704 3.0623249 7.3868335 2.5970797 3.3139335 4.3341405 3.2389696 2.5502708 3.4557110 3.5622213 3.0518490 1.0967201 1.4813638 0.8231740 2.9316631 2.8863414 1.4497776 1.0950594 2.2739310 0.5184186 0.0000010 0.0000000 3.2469308 2.7123313 2.6463023 2.9414339 2.7866586 3.3924775 3.1147265 1.1144314 2.6362832 2.2616710 4.5543917 3.9005847 1.5224569 4.5543917 4.2299385 4.2299385 4.1036911 3.2551561 2.7373437 2.7022945 2.4277101 2.7075324 3.0811910 3.5091400 4.0283276 3.2600384 3.1641601 3.2809320 3.6742927 2.8823369 3.0498718 1.9477812 1.6234073 1.6014234 4.8048157 4.4492741 3.4339425 3.4924381 8.3529899 
Cgig_XM_034468363.1                                    2.9069744 3.1665578 2.9064173 2.7096652 3.1720505 3.2344957 3.0117818 2.2329285 2.7565612 2.7938904 3.0096160 2.3261860 2.8689737 3.1088445 2.8486246 2.7557590 2.6765262 2.4212218 1.8056898 2.0633980 3.0704818 3.2469308 0.0000000 1.8918252 1.8189703 1.8464464 1.8301954 1.9548096 1.8965528 0.6965942 2.0230064 0.7045413 2.2390449 2.3418422 0.3933000 2.1993596 2.2584408 2.2564712 1.9274529 1.8046687 1.9737640 0.7449132 1.5974140 1.5092078 1.2607697 1.7329068 2.1568217 2.3536200 2.3894587 2.6320479 2.5991775 2.5126354 1.6947714 3.5088049 4.0740060 3.3683574 2.5824871 2.6744978 1.6359676 1.3900190 3.3734503 
Fspp_ffun1.m4.13055.m1                                 2.8685414 2.9034300 2.3732397 2.2646048 2.5349499 3.0247664 2.5021765 1.7874054 2.5917801 2.4315299 2.3254795 2.3153223 2.7522818 3.4624860 2.5231291 2.3891340 2.4087504 2.4371763 1.7027039 2.2505975 2.5525496 2.7123313 1.8918252 0.0000000 0.1067029 0.1549235 0.1521147 0.3218866 0.2136588 0.5961472 1.3024850 1.0465013 2.0717561 2.1080682 0.6080713 2.0246777 2.1388440 2.1790121 1.9028230 0.6849119 0.7536781 1.8040239 1.7567943 1.7247511 1.7666911 1.9837846 2.3790972 1.8644410 1.8338671 1.9512538 1.9572666 1.4884882 2.5245398 3.3005734 4.4938126 2.9699436 2.2271097 2.2858070 1.7241045 1.4518198 3.1899509 
Gasp_gasp1.m3.5440.m1                                  2.7367645 2.8281667 2.0989671 2.0461679 2.3952988 2.9024432 2.3683853 1.7828828 2.3663588 2.3863856 2.2792071 2.3238236 2.7491295 3.4884811 2.5421494 2.3773983 2.3849437 2.3918487 1.7094548 2.3040395 2.4883460 2.6463023 1.8189703 0.1067029 0.0000000 0.1399851 0.1335479 0.2784535 0.1959341 0.5961472 1.2136031 1.0226479 2.0507861 2.0857401 0.6160883 2.0346434 2.0941266 2.1442851 1.8615034 0.6058917 0.7270391 1.7623452 1.7376793 1.6536824 1.6591874 1.9373241 2.2949942 1.7973456 1.7110170 1.7938002 1.7813489 1.3604595 2.3895419 3.2591981 4.4351979 2.9338220 2.1094015 2.1286259 1.7103966 1.4249416 3.1984062 
Spis_XP_022782449_1                                    2.7493911 2.9600131 2.2161435 2.2310004 2.4370234 2.8639000 2.4412656 1.8225941 2.4769862 2.4398479 2.3696409 2.3669513 2.7847343 3.4062857 2.5986684 2.4596172 2.4377113 2.5005218 1.6702579 2.3635988 2.7763462 2.9414339 1.8464464 0.1549235 0.1399851 0.0000000 0.0325510 0.3241730 0.2265550 0.6107232 1.2451135 1.0249331 2.0489272 2.0935303 0.6230769 1.9792694 2.1066653 2.1689250 1.8752123 0.6272963 0.7405363 1.6885505 1.7167597 1.7502078 1.6981592 2.0019140 2.3720360 1.8158165 1.8010391 1.8397842 1.8282764 1.4248010 2.3547343 3.3207290 4.3711404 3.0464109 2.1674545 2.1407535 1.6501441 1.4057082 3.2849185 
Pocdam_XM_027190328.1                                  2.7780238 2.9517688 2.2161435 2.2096209 2.4052416 2.8790501 2.4089158 1.8405577 2.4609489 2.4388493 2.2805919 2.3341944 2.7586640 3.6044700 2.5010819 2.3468382 2.3663628 2.4860481 1.7212487 2.3458148 2.6214612 2.7866586 1.8301954 0.1521147 0.1335479 0.0325510 0.0000000 0.3108161 0.2125780 0.6107232 1.2381657 1.0130570 2.0811000 2.1175892 0.6230769 2.0107912 2.1395648 2.2026034 1.8993293 0.6381399 0.7270064 1.6951717 1.7153078 1.7326670 1.7107945 2.0130809 2.3179690 1.8076824 1.7985782 1.8129002 1.7942105 1.4384759 2.3840514 3.2737162 4.3891538 3.0280131 2.1448798 2.1447064 1.6618179 1.3686372 3.2317574 
Amil_Amillepora27527-RA                                2.7660859 3.0741207 2.3354738 2.1584872 2.5301436 2.9454444 2.3633745 1.8141519 2.4004178 2.4651707 2.1383596 2.3776217 2.7473542 3.5585319 2.5442915 2.3716781 2.2799023 2.4182859 1.7913294 2.4856241 3.2075991 3.3924775 1.9548096 0.3218866 0.2784535 0.3241730 0.3108161 0.0000000 0.1873044 0.5281176 1.3398599 1.2628536 2.0958651 2.1937533 0.6834896 2.0604719 2.1244533 2.1746306 1.9695047 0.6984658 0.8177926 1.8691003 1.8800841 1.7335855 1.7512339 2.2136169 2.3381261 1.8016211 1.8510790 1.8884841 1.9130519 1.4246043 2.4004260 3.2505930 4.3378682 2.8771541 2.1171241 2.2813271 1.7829421 1.4730819 2.9525834 
Gfas_gfas1.m1.14963.m1                                 2.8413043 3.0092493 2.2845025 2.1760621 2.5895257 2.9321590 2.3920927 1.8324048 2.4219753 2.5344840 2.2314423 2.4105374 2.8043958 3.5850655 2.5617877 2.4375854 2.4250163 2.5603965 1.8108685 2.4210175 2.9436737 3.1147265 1.8965528 0.2136588 0.1959341 0.2265550 0.2125780 0.1873044 0.0000000 0.6049197 1.2910391 1.0790893 2.1105729 2.1462744 0.5948825 2.0749620 2.1247554 2.1787111 1.9259976 0.6631414 0.8015692 1.7597858 1.7042176 1.6907209 1.6447922 2.0219635 2.3137242 1.8319379 1.8090774 1.8920438 1.8875126 1.3978456 2.4510261 3.3703031 4.6420703 2.9517926 2.1035462 2.1562581 1.7854699 1.4678597 3.2318845 
Dpul_mRNA8905                                          0.8742502 0.9182588 1.1322509 0.8494923 1.0778522 1.1483776 1.1276424 1.0997814 0.9122589 1.0399558 0.9553825 1.0370462 1.3174865 1.1075628 1.3174865 1.4449462 1.0903351 1.1372443 0.9814175 1.2828759 0.7242522 1.1144314 0.6965942 0.5961472 0.5961472 0.6107232 0.6107232 0.5281176 0.6049197 0.0000000 0.5946522 0.7843976 0.7353367 0.7235690 0.7235690 0.7353367 0.7353367 0.7353367 0.7473298 0.6045047 0.6897000 0.7893031 0.6942946 0.6755024 0.7837046 0.6930858 0.7680163 0.7381499 0.6958122 0.7819613 0.8177337 0.5057604 0.6531718 2.0192541 1.9978689 1.4767602 0.8580170 0.9929749 0.9469405 0.9766508 2.2422952 
Dgig_XM_028547094.1                                    3.0855622 2.9630572 2.4959872 2.5606024 2.4204898 2.8975550 2.6991233 2.1489313 2.4440472 2.4162647 2.1978808 2.3358547 2.5844556 3.5417989 2.3333858 2.1606178 2.4159688 2.4079413 1.6789685 2.2874792 2.4738471 2.6362832 2.0230064 1.3024850 1.2136031 1.2451135 1.2381657 1.3398599 1.2910391 0.5946522 0.0000000 1.1477698 1.8047832 1.9663865 0.5178171 1.8627842 1.8418843 1.8449454 1.7408146 1.3096050 1.3369804 1.8795751 1.8174397 1.7797102 1.9075132 2.0050231 2.0002626 1.8948318 1.8317259 1.9664219 1.9985717 0.5857554 2.6223116 3.0499731 3.8959917 2.9402676 2.3156986 2.3392158 1.6716888 1.5461862 2.6895616 
Ctel_gnl_WGS_AMQN_CAPTEDRAFT_mRNA102038                1.6242757 1.6333576 1.4363731 2.0199751 2.0031224 2.2678245 2.1214074 2.0630758 1.9731459 1.8155552 1.6274254 1.8733275 2.2322810 3.2432531 1.9226455 1.5197837 2.3156834 2.1597854 1.6800779 2.2511331 1.9753321 2.2616710 0.7045413 1.0465013 1.0226479 1.0249331 1.0130570 1.2628536 1.0790893 0.7843976 1.1477698 0.0000000 1.3377698 1.3543592 0.4454071 1.3377698 1.3245529 1.3245529 1.3211995 1.0682062 1.1039400 0.5796039 1.3654400 0.8865938 0.7213996 0.8548296 1.3222298 1.2006572 1.4323592 1.5804863 1.5298960 1.4714515 1.4139611 3.6183077 3.9900741 3.0472574 1.3909751 1.4205663 1.2979817 1.2739950 2.8905778 
HoiH23_PlH23_002310-RA                                 3.1922150 3.0506927 2.6241967 2.4880977 2.8240718 3.3005289 3.1301551 2.2730599 2.9544249 2.4784801 2.9041976 2.5681112 2.9232440 3.0731361 2.9738183 2.8570665 3.2579643 2.6729365 2.2168983 2.7335891 4.3013081 4.5543917 2.2390449 2.0717561 2.0507861 2.0489272 2.0811000 2.0958651 2.1105729 0.7353367 1.8047832 1.3377698 0.0000000 0.2516200 0.0352268 0.0531782 0.1232196 0.1303855 0.1569328 2.1291702 2.2478169 1.9874369 1.7326951 2.3754680 2.1700757 2.4820040 2.5877315 2.6262493 2.8784358 2.8246509 2.8107391 2.2784926 2.7129768 4.1015337 5.0123576 3.5468670 2.5332440 2.5952464 1.7813309 1.5613958 3.7487774 
TrH2_TrispH2_007536-RA                                 3.2120485 3.0670033 2.7749497 2.4518386 2.8737061 3.4167919 3.2809473 2.3035656 2.9987598 2.4779555 2.9935041 2.7052916 3.1558001 3.4110335 3.2385328 3.0168862 3.4181616 2.6255844 2.0740509 2.5147416 3.6756996 3.9005847 2.3418422 2.1080682 2.0857401 2.0935303 2.1175892 2.1937533 2.1462744 0.7235690 1.9663865 1.3543592 0.2516200 0.0000000 0.0000010 0.2531876 0.2770526 0.2899591 0.2461733 2.1113162 2.2874280 2.1253287 1.7720625 2.4554445 2.2305372 2.5263603 2.7681724 2.7128232 2.9780031 3.0391060 2.9751397 2.4883559 2.9296769 4.1932635 5.0261217 3.5974342 2.7806719 2.6891324 1.8206709 1.5375906 3.9837529 
Tadh_TriadT17577                                       0.9497655 0.7998031 0.9477726 0.9916011 1.1541787 1.3490792 1.3080124 1.2809643 1.1469713 0.9975563 1.0287070 1.0880630 1.4849860 2.0815446 1.4849860 1.4629322 1.5189779 1.1934992 1.1784930 1.5314129 1.0545467 1.5224569 0.3933000 0.6080713 0.6160883 0.6230769 0.6230769 0.6834896 0.5948825 0.7235690 0.5178171 0.4454071 0.0352268 0.0000010 0.0000000 0.0352268 0.0352268 0.0352268 0.0354213 0.6398526 0.6835878 0.4059576 0.5945728 0.4438592 0.4101245 0.3958695 0.6207699 0.5437511 0.6447932 0.6847278 0.6644957 0.6181301 0.5855332 2.0876031 2.1091272 1.8356072 0.7887535 0.8794080 0.8415320 0.8779399 2.9766376 
HoiH06_mRNA777                                         3.1062331 2.9283602 2.3599257 2.3239294 2.8208455 3.2803916 3.1183761 2.2730599 3.0561237 2.4433524 2.9519850 2.6158806 2.8776026 3.0731361 2.9127807 2.7843285 3.1621316 2.7072171 2.2168983 2.7375416 4.3013081 4.5543917 2.1993596 2.0246777 2.0346434 1.9792694 2.0107912 2.0604719 2.0749620 0.7353367 1.8627842 1.3377698 0.0531782 0.2531876 0.0352268 0.0000000 0.1361071 0.1415578 0.1889641 2.1227161 2.2671490 1.9989666 1.7241993 2.4141232 2.2295188 2.5393563 2.6583086 2.6528438 2.8608825 2.8067344 2.7952026 2.3259184 2.7394670 4.1252358 5.0724909 3.5424936 2.5389011 2.5468168 1.7803539 1.5613958 3.7182452 
Hhon_g07630.t1                                         3.3045583 3.0119066 2.5880861 2.4226398 2.9294033 3.5142266 3.3481242 2.3379073 3.1638724 2.5545787 2.9781753 2.6534788 2.9593072 3.3648959 2.9229225 2.7408071 3.1416637 2.7049077 2.1705434 2.7853191 3.9909610 4.2299385 2.2584408 2.1388440 2.0941266 2.1066653 2.1395648 2.1244533 2.1247554 0.7353367 1.8418843 1.3245529 0.1232196 0.2770526 0.0352268 0.1361071 0.0000000 0.0123753 0.1868232 2.1958837 2.2645772 2.0328713 1.8171986 2.4277125 2.1919679 2.5485933 2.7260872 2.6838749 2.9624741 2.9401903 2.9352647 2.3532612 2.8920208 4.0122605 5.0194783 3.4215118 2.6647653 2.6406638 1.7445016 1.5451606 3.7807605 
HoiH04_mRNA15076                                       3.2733545 2.9739208 2.5287162 2.3935290 2.9130235 3.4425865 3.2846104 2.3379073 3.1312436 2.5314550 2.9781753 2.6534788 2.9851079 3.3648959 2.9565237 2.7803480 3.1373465 2.7049077 2.1705434 2.7853191 3.9909610 4.2299385 2.2564712 2.1790121 2.1442851 2.1689250 2.2026034 2.1746306 2.1787111 0.7353367 1.8449454 1.3245529 0.1303855 0.2899591 0.0352268 0.1415578 0.0123753 0.0000000 0.1963212 2.2245753 2.3007131 2.0606065 1.8171986 2.4202076 2.2398514 2.5668860 2.7530687 2.6961564 2.9884699 3.0196432 3.0137131 2.3473866 2.9099937 4.0122605 5.0194783 3.4215118 2.6648161 2.6407308 1.7445016 1.5451606 3.7807605 
HoiH11_mRNA6551                                        2.8396435 2.8193172 1.9988039 2.0868216 2.7765384 3.1520686 3.0167245 2.3732804 2.6962537 2.2139263 2.7600460 2.3666617 2.9135007 3.3315882 2.9205805 2.7261141 2.9158335 2.4639413 1.9493904 2.5490018 3.8383069 4.1036911 1.9274529 1.9028230 1.8615034 1.8752123 1.8993293 1.9695047 1.9259976 0.7473298 1.7408146 1.3211995 0.1569328 0.2461733 0.0354213 0.1889641 0.1868232 0.1963212 0.0000000 1.8785751 1.9322920 1.8689558 1.6703192 2.2145289 1.9362683 2.3939063 2.3812142 2.5003842 2.7180426 2.8091583 2.7763833 2.0686522 2.3382612 3.8450870 4.5531354 3.3201938 2.4461167 2.2676991 1.5341751 1.4851878 3.7650290 
Nvec_v1g67209                                          2.9357436 3.2495277 2.4681887 2.3142474 2.5742008 3.2907505 2.7957269 1.9836369 2.5417584 2.5717471 2.3393595 2.3292572 2.7855514 4.2439176 2.4294817 2.1800723 2.3861792 2.6892868 1.6153329 2.4808548 3.0759890 3.2551561 1.8046687 0.6849119 0.6058917 0.6272963 0.6381399 0.6984658 0.6631414 0.6045047 1.3096050 1.0682062 2.1291702 2.1113162 0.6398526 2.1227161 2.1958837 2.2245753 1.8785751 0.0000000 0.4260480 1.8108957 1.6938107 1.7491928 1.8517161 2.1133332 2.3112489 1.7500598 1.7762585 1.9530387 1.9608816 1.3793621 2.5935013 3.4244394 4.8360946 3.0441935 2.1499997 2.3940835 1.6854906 1.3308309 2.9177233 
Exapal_XM_021056221.2                                  2.9172830 2.9724155 2.4702409 2.2671494 2.4695733 3.0805825 2.7006001 2.0053092 2.4902193 2.3823347 2.5138061 2.3947428 3.0158879 4.0011077 2.6341708 2.5510425 2.4565176 2.5410925 1.6191690 2.6035391 2.5753383 2.7373437 1.9737640 0.7536781 0.7270391 0.7405363 0.7270064 0.8177926 0.8015692 0.6897000 1.3369804 1.1039400 2.2478169 2.2874280 0.6835878 2.2671490 2.2645772 2.3007131 1.9322920 0.4260480 0.0000000 1.8644173 1.6961613 1.7794867 1.8095086 2.0634258 2.3270073 2.0132234 1.9285023 2.0811035 2.0550389 1.4495853 2.3929597 3.1232435 4.3144791 2.6920700 2.3661028 2.3853133 1.8988530 1.4822064 2.7797532 
Acagra_model.g17801.t1.3.5d3b8913                      2.7450399 2.9234663 2.3481053 2.4148708 2.8386387 3.3475674 2.9350743 2.1233451 2.7082054 2.6920352 2.9797622 2.3086165 2.6923459 2.9018132 2.6152261 2.5643189 2.7909087 2.4600353 1.8534385 2.0648300 2.5420814 2.7022945 0.7449132 1.8040239 1.7623452 1.6885505 1.6951717 1.8691003 1.7597858 0.7893031 1.8795751 0.5796039 1.9874369 2.1253287 0.4059576 1.9989666 2.0328713 2.0606065 1.8689558 1.8108957 1.8644173 0.0000000 1.4033437 1.3219315 1.1171611 1.5168090 1.8822353 2.2335230 2.4948395 2.3739589 2.3839591 2.2127688 1.7768705 3.4443191 4.1960713 3.5066438 2.5218683 2.5892987 1.5266842 1.3704949 3.1024786 
Cscu_XM_023386748.1                                    2.0885842 2.2057229 2.4655585 2.5578927 2.2822588 2.6656229 2.7432750 2.2235584 2.3266062 2.0939743 1.7923584 2.1233073 2.5876015 4.2451656 2.1722223 1.7940835 2.4200445 2.2908509 1.8892853 2.5384547 2.1544207 2.4277101 1.5974140 1.7567943 1.7376793 1.7167597 1.7153078 1.8800841 1.7042176 0.6942946 1.8174397 1.3654400 1.7326951 1.7720625 0.5945728 1.7241993 1.8171986 1.8171986 1.6703192 1.6938107 1.6961613 1.4033437 0.0000000 1.4189299 1.3768265 1.3769575 1.6103168 1.5891480 2.0248387 2.1426842 2.0905965 2.1233330 1.5055214 3.8369287 4.2401879 3.2973934 2.3028184 2.5852229 1.8270223 1.6253979 3.1407181 
Bralan_BLAG04001618_1                                  3.0142836 3.2042411 3.0002481 2.6976568 2.6800339 2.9327581 2.6980166 1.8450666 2.4217272 2.5516176 2.3377056 2.2480163 2.6183173 3.2513905 2.3706885 2.3034989 2.5553895 2.3243557 1.6658940 2.2131403 2.5464402 2.7075324 1.5092078 1.7247511 1.6536824 1.7502078 1.7326670 1.7335855 1.6907209 0.6755024 1.7797102 0.8865938 2.3754680 2.4554445 0.4438592 2.4141232 2.4277125 2.4202076 2.2145289 1.7491928 1.7794867 1.3219315 1.4189299 0.0000000 1.0326365 1.3460833 1.9266292 2.2578979 2.3155130 2.3038711 2.3003383 1.9518907 1.7250958 3.3177630 4.7069070 3.0831694 2.7017415 2.9089306 1.8452182 1.6303274 2.6955428 
Skow_XM_006822089.1                                    3.1316911 3.1440169 2.9407733 2.7902390 2.8248910 2.8308986 2.5631839 1.8948032 2.5153072 2.5412348 2.5428698 2.2422712 2.6697277 2.9888563 2.5169816 2.4671615 2.6913102 2.3373451 1.7694358 2.2863383 2.9135248 3.0811910 1.2607697 1.7666911 1.6591874 1.6981592 1.7107945 1.7512339 1.6447922 0.7837046 1.9075132 0.7213996 2.1700757 2.2305372 0.4101245 2.2295188 2.1919679 2.2398514 1.9362683 1.8517161 1.8095086 1.1171611 1.3768265 1.0326365 0.0000000 1.4060045 2.0572262 2.0149584 2.2661006 2.1109654 2.1722228 2.1329287 1.6585880 3.3810230 4.5863291 3.1246981 2.5619900 2.7778318 1.7111070 1.5686345 2.8250010 
Hsap_ENST00000261302                                   2.9978851 2.8772884 3.0257642 2.7986716 2.9074721 3.2282421 2.8649168 1.9030210 2.5374198 2.6151977 2.2867806 2.4500531 2.7983249 3.4913223 2.4972204 2.3987712 2.6544702 2.5892363 1.6610889 2.6249957 3.3241410 3.5091400 1.7329068 1.9837846 1.9373241 2.0019140 2.0130809 2.2136169 2.0219635 0.6930858 2.0050231 0.8548296 2.4820040 2.5263603 0.3958695 2.5393563 2.5485933 2.5668860 2.3939063 2.1133332 2.0634258 1.5168090 1.3769575 1.3460833 1.4060045 0.0000000 1.2295943 2.2627700 2.3162151 2.3319185 2.2656633 2.2987707 1.9843307 3.3978718 4.5887367 3.2569071 2.8842684 2.6451603 1.7059872 1.4588350 2.9244848 
Hsap_ENST00000340553                                   3.2780944 2.9132469 3.2815077 2.8823089 3.1229216 3.8322484 3.4080013 2.4096286 2.9441059 2.7524012 2.8919637 2.8177983 3.3713317 4.4842669 3.0252641 2.8967329 2.8835711 2.9406055 2.1238962 2.8329063 3.8354567 4.0283276 2.1568217 2.3790972 2.2949942 2.3720360 2.3179690 2.3381261 2.3137242 0.7680163 2.0002626 1.3222298 2.5877315 2.7681724 0.6207699 2.6583086 2.7260872 2.7530687 2.3812142 2.3112489 2.3270073 1.8822353 1.6103168 1.9266292 2.0572262 1.2295943 0.0000000 2.4359054 2.5047541 2.4185335 2.3856654 2.2979501 1.9150063 3.9839864 4.8141949 3.5617996 2.6972221 2.8018253 2.1050302 1.6014773 2.9740586 
Morvir_scaffold16.g87.t2                               2.9185194 2.7030077 2.5994681 2.5552098 2.7014210 3.1902262 2.6562666 1.8742176 2.9552448 2.3266644 2.3258636 2.6401027 2.8803943 3.9696743 2.5830418 2.4077975 2.5006062 2.7440036 1.8629062 2.3333940 3.0633549 3.2600384 2.3536200 1.8644410 1.7973456 1.8158165 1.8076824 1.8016211 1.8319379 0.7381499 1.8948318 1.2006572 2.6262493 2.7128232 0.5437511 2.6528438 2.6838749 2.6961564 2.5003842 1.7500598 2.0132234 2.2335230 1.5891480 2.2578979 2.0149584 2.2627700 2.4359054 0.0000000 1.1242529 1.1200409 1.1217199 2.2386884 2.4838085 3.3999964 4.6810135 2.7546118 2.7392807 2.8686865 1.5591230 1.3974588 2.9218908 
Sanmal_Sma_023441-T1                                   3.0284400 2.6721039 2.4800591 2.1417252 2.5974627 2.8663876 2.7694982 2.0846320 2.4633096 2.4633382 2.5226569 2.8532435 3.2695310 4.7268020 2.9479479 2.6510374 2.6768940 2.9865888 2.0263552 2.8842660 2.9906672 3.1641601 2.3894587 1.8338671 1.7110170 1.8010391 1.7985782 1.8510790 1.8090774 0.6958122 1.8317259 1.4323592 2.8784358 2.9780031 0.6447932 2.8608825 2.9624741 2.9884699 2.7180426 1.7762585 1.9285023 2.4948395 2.0248387 2.3155130 2.2661006 2.3162151 2.5047541 1.1242529 0.0000000 0.5105481 0.4966113 2.1668664 2.6670055 3.5147555 4.6968607 2.8889923 2.9009596 2.7740520 1.6270946 1.5095688 3.1380030 
Nemnom_g7203.t1                                        2.8840782 2.7729864 2.5833289 2.4276309 2.9076483 3.3307649 3.0154144 2.2507939 2.9206630 2.6979555 2.6673076 2.7576991 3.2698924 4.4859543 3.1309029 2.8149735 2.7092389 3.1196774 1.9415440 2.7829855 3.1047771 3.2809320 2.6320479 1.9512538 1.7938002 1.8397842 1.8129002 1.8884841 1.8920438 0.7819613 1.9664219 1.5804863 2.8246509 3.0391060 0.6847278 2.8067344 2.9401903 3.0196432 2.8091583 1.9530387 2.0811035 2.3739589 2.1426842 2.3038711 2.1109654 2.3319185 2.4185335 1.1200409 0.5105481 0.0000000 0.0601496 2.1578534 3.1008926 3.4360896 4.3347812 2.7929304 2.9638039 2.7518098 1.4582019 1.5228993 3.1416183 
Rhoesc_Res_004534-T1                                   2.8733662 2.7778174 2.5783632 2.3961340 2.7337434 3.3106944 2.9968852 2.1531940 2.7961440 2.6297213 2.6730644 2.7028708 3.2516519 4.4530241 3.0988281 2.8038091 2.6124407 3.0350075 1.8827996 2.6839120 3.4821564 3.6742927 2.5991775 1.9572666 1.7813489 1.8282764 1.7942105 1.9130519 1.8875126 0.8177337 1.9985717 1.5298960 2.8107391 2.9751397 0.6644957 2.7952026 2.9352647 3.0137131 2.7763833 1.9608816 2.0550389 2.3839591 2.0905965 2.3003383 2.1722228 2.2656633 2.3856654 1.1217199 0.4966113 0.0601496 0.0000000 2.1575069 3.1451824 3.4254004 4.3174727 2.7115341 2.9316717 2.7445973 1.4645394 1.5289867 3.1604840 
Xesp_021425-T1                                         3.2994052 2.8397755 2.8886257 2.8598175 2.7868720 3.5164987 3.3666894 2.3099294 2.7148140 2.6280214 2.1571915 2.2772522 3.0434008 4.4949799 2.7462884 2.3311243 2.1840737 2.3407906 1.6330586 2.2331146 2.7087674 2.8823369 2.5126354 1.4884882 1.3604595 1.4248010 1.4384759 1.4246043 1.3978456 0.5057604 0.5857554 1.4714515 2.2784926 2.4883559 0.6181301 2.3259184 2.3532612 2.3473866 2.0686522 1.3793621 1.4495853 2.2127688 2.1233330 1.9518907 2.1329287 2.2987707 2.2979501 2.2386884 2.1668664 2.1578534 2.1575069 0.0000000 3.2654872 3.0179293 4.1514233 2.5822268 2.4281823 2.6096432 1.7771911 1.6961314 2.4015879 
Tcas_TC032748_002                                      3.3307012 3.3175945 3.5822203 3.1467349 3.0667000 3.5780613 3.1624100 2.1615529 2.8109119 3.1662559 3.2687042 2.8209559 3.1235819 3.3826444 2.9314395 3.0154746 3.2374371 3.0406874 1.9668053 2.6077438 2.8695973 3.0498718 1.6947714 2.5245398 2.3895419 2.3547343 2.3840514 2.4004260 2.4510261 0.6531718 2.6223116 1.4139611 2.7129768 2.9296769 0.5855332 2.7394670 2.8920208 2.9099937 2.3382612 2.5935013 2.3929597 1.7768705 1.5055214 1.7250958 1.6585880 1.9843307 1.9150063 2.4838085 2.6670055 3.1008926 3.1451824 3.2654872 0.0000000 4.0003006 4.7345949 3.6982893 3.1172501 3.2332290 2.3305411 1.9757646 3.6378635 
Vmul_sbMO441363                                        3.5326146 3.8146857 3.1013334 2.8757498 3.3406948 3.7943306 3.5925219 2.7143987 3.1430965 3.5871627 1.0579239 1.3274290 1.4715545 2.0011128 1.5479230 1.2450895 1.0748421 1.3359388 1.7185294 1.4990106 1.8994928 1.9477812 3.5088049 3.3005734 3.2591981 3.3207290 3.2737162 3.2505930 3.3703031 2.0192541 3.0499731 3.6183077 4.1015337 4.1932635 2.0876031 4.1252358 4.0122605 4.0122605 3.8450870 3.4244394 3.1232435 3.4443191 3.8369287 3.3177630 3.3810230 3.3978718 3.9839864 3.3999964 3.5147555 3.4360896 3.4254004 3.0179293 4.0003006 0.0000000 0.2420171 0.5410667 4.1472854 4.3146403 3.3236258 3.5047861 2.5676588 
Vmul_sbMO441369                                        4.0811831 4.2215754 5.0664143 3.1777168 3.8724916 4.3400319 4.1394973 2.8832428 3.6287052 4.1342013 4.9424535 2.2466746 2.4614315 2.0559868 3.6581291 3.5673527 1.6961150 2.2537449 2.1134518 1.4990106 1.5563527 1.6234073 4.0740060 4.4938126 4.4351979 4.3711404 4.3891538 4.3378682 4.6420703 1.9978689 3.8959917 3.9900741 5.0123576 5.0261217 2.1091272 5.0724909 5.0194783 5.0194783 4.5531354 4.8360946 4.3144791 4.1960713 4.2401879 4.7069070 4.5863291 4.5887367 4.8141949 4.6810135 4.6968607 4.3347812 4.3174727 4.1514233 4.7345949 0.2420171 0.0000000 0.9417636 4.8682353 4.3943819 3.0143141 3.5604396 4.2523952 
Coemet_Cmet_scaffold16366_01                           3.3024078 3.0570452 2.7092499 2.5726738 2.9129136 3.4208066 3.1038687 2.3187852 3.1042041 3.0832231 0.9916855 1.2129744 1.3783397 1.9324815 1.4624519 1.1648074 0.9383181 1.2081011 1.4583541 1.3194985 1.5507266 1.6014234 3.3683574 2.9699436 2.9338220 3.0464109 3.0280131 2.8771541 2.9517926 1.4767602 2.9402676 3.0472574 3.5468670 3.5974342 1.8356072 3.5424936 3.4215118 3.4215118 3.3201938 3.0441935 2.6920700 3.5066438 3.2973934 3.0831694 3.1246981 3.2569071 3.5617996 2.7546118 2.8889923 2.7929304 2.7115341 2.5822268 3.6982893 0.5410667 0.9417636 0.0000000 3.8460996 3.7051629 2.7907945 2.7155514 2.5832706 
Plajan_Pjan_C567494_01                                 2.9715348 2.7569206 2.5889656 2.6136213 3.4503830 3.8517894 3.3594321 1.9952404 3.0626414 3.3465484 3.3234934 3.3204440 3.5633699 4.0776350 3.3278128 3.1877078 3.3860587 3.1435854 1.9964242 3.0297102 4.5780687 4.8048157 2.5824871 2.2271097 2.1094015 2.1674545 2.1448798 2.1171241 2.1035462 0.8580170 2.3156986 1.3909751 2.5332440 2.7806719 0.7887535 2.5389011 2.6647653 2.6648161 2.4461167 2.1499997 2.3661028 2.5218683 2.3028184 2.7017415 2.5619900 2.8842684 2.6972221 2.7392807 2.9009596 2.9638039 2.9316717 2.4281823 3.1172501 4.1472854 4.8682353 3.8460996 0.0000000 1.3062320 1.9235335 1.6149046 3.7997667 
Opea_EP00118_Oscarella_pearsei_P014560                 2.7254027 2.8027964 2.2390824 2.5587018 3.4334649 3.6932040 3.3752190 2.2257391 3.4490757 3.5115216 3.1839046 3.3019165 3.6973572 4.0699354 3.4840011 3.4153119 3.1151642 3.1333008 2.3256154 2.8799321 4.2247810 4.4492741 2.6744978 2.2858070 2.1286259 2.1407535 2.1447064 2.2813271 2.1562581 0.9929749 2.3392158 1.4205663 2.5952464 2.6891324 0.8794080 2.5468168 2.6406638 2.6407308 2.2676991 2.3940835 2.3853133 2.5892987 2.5852229 2.9089306 2.7778318 2.6451603 2.8018253 2.8686865 2.7740520 2.7518098 2.7445973 2.6096432 3.2332290 4.3146403 4.3943819 3.7051629 1.3062320 0.0000000 1.9717599 1.6446690 4.5371645 
Hvul_g15144_1                                          2.3343913 2.2665159 2.2557098 2.5609206 2.6505531 2.9467010 2.5196450 2.1593574 2.7598425 2.6392213 2.0745121 2.6281766 3.0448173 4.6356361 2.4508092 2.3112606 2.8120545 2.5508773 2.1581939 2.7907518 3.2204090 3.4339425 1.6359676 1.7241045 1.7103966 1.6501441 1.6618179 1.7829421 1.7854699 0.9469405 1.6716888 1.2979817 1.7813309 1.8206709 0.8415320 1.7803539 1.7445016 1.7445016 1.5341751 1.6854906 1.8988530 1.5266842 1.8270223 1.8452182 1.7111070 1.7059872 2.1050302 1.5591230 1.6270946 1.4582019 1.4645394 1.7771911 2.3305411 3.3236258 3.0143141 2.7907945 1.9235335 1.9717599 0.0000000 0.4797681 4.0235813 
Chem_TCONS_00045037                                    1.9501286 2.0834117 1.6027906 2.5030488 2.1355651 2.7331717 2.3355324 2.2531685 2.2401774 2.2428658 1.4634246 2.4717751 2.7766775 4.6183090 1.9969965 1.7863722 2.7550219 2.4988391 2.1728599 2.9862741 3.2386219 3.4924381 1.3900190 1.4518198 1.4249416 1.4057082 1.3686372 1.4730819 1.4678597 0.9766508 1.5461862 1.2739950 1.5613958 1.5375906 0.8779399 1.5613958 1.5451606 1.5451606 1.4851878 1.3308309 1.4822064 1.3704949 1.6253979 1.6303274 1.5686345 1.4588350 1.6014773 1.3974588 1.5095688 1.5228993 1.5289867 1.6961314 1.9757646 3.5047861 3.5604396 2.7155514 1.6149046 1.6446690 0.4797681 0.0000000 3.8235872 
