98
Spolac_c90005_g1_i1_m.6025c103813-g1                  0.0000000 0.2812950 0.0000010 0.0000010 0.0000010 0.0000010 0.2634350 0.0000010 1.9462407 1.9395653 2.3682433 0.0000010 2.0108398 2.0257849 0.0000010 1.7884150 1.6281400 2.0871160 1.8350931 1.7498638 1.9612796 2.2548122 1.7591726 1.8128458 0.0000010 2.9888966 2.2476279 0.0000010 1.0717930 2.2431153 2.1238370 1.6005229 1.9015021 1.9015021 0.0000010 1.8874012 0.0000010 1.7023376 2.3777972 1.6030823 0.0000010 1.5672201 1.4867786 0.0000010 0.0000010 1.9997201 2.5434491 2.7113109 1.8380502 1.8380502 1.8444313 1.9110828 1.6582812 1.6912391 1.6918005 0.0000010 0.0000010 0.0000010 4.6410588 0.0000010 4.9141299 9.0000000 1.6220046 0.0000010 0.0000010 0.0000010 5.2181753 5.1509229 5.2181753 0.0000010 0.0000010 0.0000010 2.2879326 2.2435519 0.0000010 1.6298889 0.0000010 0.0000010 3.8661605 3.8661605 4.5535825 1.8255422 0.0000010 0.0000010 3.1237464 2.8194315 7.1315319 0.0000010 0.0000010 0.0000010 8.8689778 4.7562061 0.0000010 0.0000010 0.0000010 2.4594725 2.0624005 2.6754215 
Emue_Em0011g387a.t1                                   0.2812950 0.0000000 0.2536587 0.4639433 0.2822474 0.2359562 0.3460002 0.4366988 2.4771210 1.8169803 2.4380091 3.3916404 2.3540816 2.3766721 2.6211574 2.4124793 2.2564193 2.3796377 2.5373806 1.7397229 2.1038214 2.4560336 2.2811251 2.4290898 1.9956035 2.9331808 2.9381636 1.2870033 1.5954276 1.8146700 2.4702105 2.4298393 2.4328700 2.4383165 3.3131000 2.7465864 2.4656730 2.7198932 2.4824119 2.6545880 2.7853722 2.6440687 2.6115112 2.3553904 4.0373358 3.0143280 3.0578692 1.7959896 2.8312064 2.9971365 3.0025195 2.7996244 2.8906074 2.9179832 2.9488162 2.8935624 2.9007309 3.7116990 3.2207059 2.6031698 3.5342265 1.9859195 2.9562308 4.8220971 3.0282474 4.0355525 3.5410412 3.9199264 4.2169123 4.6342379 4.6889386 4.9835860 2.9636574 2.8340886 4.9254786 3.2666685 5.0196164 4.2789543 4.5780580 4.5556065 3.3929060 2.3464254 1.6127117 0.6052859 2.7754006 3.2429523 2.4738879 4.0547009 2.8608815 3.9360466 3.9537277 2.6889725 5.5196558 3.2862736 3.9104834 4.3201344 2.8142342 3.5248451 
Spolac_c103813_g1_i2_m.36354c103813-g1                0.0000010 0.2536587 0.0000000 0.1851772 0.0000010 3.3322807 0.2751519 0.0000010 0.8628047 1.0069499 1.3425901 0.0000010 1.2587678 1.2608144 0.0000010 1.6844104 1.2972086 1.4596442 1.3265779 0.0000010 1.2859737 1.1442417 1.2768569 1.3218902 1.4882910 1.5198955 1.7114749 0.0000010 0.9434937 1.7140046 1.3634032 1.6222818 1.5021484 1.5021484 0.0000010 0.8429565 0.0000010 1.0922501 1.3665935 1.7115515 0.0000010 1.2341320 1.0883795 1.1351683 0.0000010 0.0000010 1.4544677 1.0090323 1.2687639 1.5285107 1.5274616 1.2374272 1.4917135 1.5732254 1.7290295 2.7680587 2.8553350 3.1785829 3.2451176 2.8285737 3.1865402 0.0000010 3.3920089 9.0000000 7.7231012 7.4258975 3.7210590 3.7908192 3.1830990 0.0000010 0.0000010 0.0000010 1.9897982 1.9185313 0.0000010 1.1077822 0.0000010 1.1077822 3.4253373 2.8989058 1.1182135 1.2743339 1.2999580 0.0000010 0.0000010 0.0000010 0.0000010 0.0000010 2.7373746 4.0743312 0.6246321 0.0000010 0.0000010 4.1829228 3.2596143 0.0000010 0.0000010 2.4128624 
Spolac_c103813_g1_i3_m.36355c103813-g1                0.0000010 0.4639433 0.1851772 0.0000000 0.0034941 0.0292308 0.2571549 0.0000010 1.4862139 1.2823768 1.6270848 4.5334863 1.4678111 1.4731430 0.0000010 1.5143984 1.4489429 1.3988245 1.4602031 1.4135181 1.1173085 1.5781961 1.5020827 1.5841391 2.0720157 1.9055249 1.8880601 1.1999010 1.1743483 1.4259218 1.5481216 1.6111326 1.5552773 1.5495868 0.0000010 1.1113973 0.0000010 1.6982282 1.7313078 1.1406599 3.5058213 1.7053612 1.7096249 2.0487866 0.0000010 1.1275561 1.8040149 1.2731067 1.5332808 1.8447255 1.8306624 1.2869186 1.7557853 1.8214300 1.7911113 2.8986830 2.6171493 3.2880338 2.5316133 2.4613316 2.4469271 1.4620574 2.6331040 4.9185311 2.4784385 3.1997409 2.6390442 2.6304109 1.7009015 5.1477952 4.6936487 4.8967408 2.0413122 1.9070939 0.0000010 1.7354571 0.0000010 5.1872391 3.3476700 3.2783672 2.0145302 1.7430545 1.2364827 2.2493311 1.5869784 1.3183115 1.6947210 2.4147209 2.4418039 3.3385506 3.0547620 2.7049154 0.0000010 2.4520803 3.2129328 1.0739997 3.3434765 2.9287898 
Spolac_c103813_g1_i1_m.36350c103813-g1                0.0000010 0.2822474 0.0000010 0.0034941 0.0000000 0.0000010 0.1929732 0.0000010 1.0331169 0.9094971 1.1852823 0.0000010 1.0593176 1.1066997 0.0000010 1.0325193 1.0400234 1.0315476 1.0657571 1.4135181 1.0334797 1.1803571 1.1177594 1.1603346 1.3768218 1.2992935 1.2518469 1.1999010 0.8273092 1.3549145 1.1317869 1.1407661 1.1490571 1.1658198 0.0000010 1.2077840 0.0000010 1.2988892 1.2352830 1.1051495 3.5058213 1.2730852 1.2929008 0.0000010 0.0000010 1.1275561 1.5951730 1.3468645 1.4706784 1.3149256 1.2882398 1.2838297 1.2902737 1.2206271 1.2206271 2.2448360 1.8741766 1.9431319 1.9006073 0.0000010 1.8362716 1.4620574 1.9928930 9.0000000 0.0000010 9.0000000 1.8438300 1.8747219 1.6844559 9.0000000 9.0000000 9.0000000 1.5331244 1.4155204 0.0000010 2.1459129 0.0000010 1.6111471 3.4945677 3.4945677 1.7189604 1.7274860 3.2094638 3.6814157 1.5869784 1.3183115 1.7298687 1.5361564 0.3162713 9.0000000 3.3736854 2.9213043 0.0000010 2.1101031 3.3545782 1.0739997 2.8365993 2.2283105 
Spolac_c103813_g1_i2_m.36352c103813-g1                0.0000010 0.2359562 3.3322807 0.0292308 0.0000010 0.0000000 0.2791706 0.0000010 1.5007070 1.2891461 1.4659030 0.0000010 1.2772813 1.2647221 0.0000010 1.3205273 1.3219155 1.6744889 1.8839778 0.0000010 1.2221657 1.5836637 1.4162975 1.6269910 1.6160781 1.6951000 1.6374842 0.0000010 1.0371857 1.6261340 1.5548830 1.5486712 1.7223920 1.7090187 0.0000010 0.0000010 0.0000010 1.7794044 1.8050400 1.2955081 0.0000010 1.5194454 1.7121729 1.7748442 0.0000010 0.0000010 2.6740754 2.8096298 1.8551111 1.9018883 1.9474496 1.4750484 1.9959019 1.9277638 2.4207353 1.7453169 2.1248375 2.2355708 2.5558089 2.3032445 2.1070374 0.0000010 2.2113830 2.2491167 2.2594510 2.0627252 2.5725014 2.5193335 0.0000010 2.1136394 1.8145323 2.1136394 1.8356060 1.6008537 0.0000010 0.0000010 0.0000010 0.0000010 2.8168965 2.8168965 2.0416649 1.6263736 0.9127768 0.0000010 0.0000010 0.0000010 0.0000010 9.0000000 1.6590470 2.1781737 3.9496715 2.4669219 0.0000010 1.8450106 2.3650520 0.0000010 3.6670262 3.2675026 
Emue_Em0011g7a.t1                                     0.2634350 0.3460002 0.2751519 0.2571549 0.1929732 0.2791706 0.0000000 0.4366988 1.8073552 1.5574499 2.0275950 4.1807723 1.6985350 1.6964126 1.1123369 1.7467088 1.6525273 1.7634589 1.7595645 1.6160549 1.5980707 1.8308162 1.6230079 1.7316734 1.9728235 2.4288929 2.2145571 1.2528124 1.3617011 1.4790232 1.8226366 1.7375845 1.7802005 1.7923856 1.6093521 1.6913111 0.6491138 1.9646148 2.1519545 1.7305313 1.7742287 1.8895501 1.8981397 2.0321156 1.2499574 2.1114253 2.1639777 1.4186531 2.0059986 2.1347928 2.1756413 1.8913725 2.0741139 2.0842205 2.0614243 2.8921866 2.6999169 3.6370262 2.8656245 2.7617627 2.6689493 1.5724025 2.7349633 5.3493846 2.8773774 3.7555865 3.1696057 3.0152791 2.8778586 5.9418565 5.5914372 5.9319895 2.1870726 2.1560393 1.3818986 1.8176760 2.4513616 1.5584876 3.9927654 3.9991899 2.5142548 1.9684761 1.4248516 0.5617200 2.2582993 2.2574817 2.2299209 0.6268545 2.6663489 3.6290804 3.8154027 2.8812636 2.1698280 2.5885662 3.5842369 2.9146337 2.7321726 3.2078226 
Spolac_c92644_g1_i1_m.8024c103813-g1                  0.0000010 0.4366988 0.0000010 0.0000010 0.0000010 0.0000010 0.4366988 0.0000000 1.8373965 0.0000010 1.9565449 0.0000010 1.8281139 1.9772741 0.0000010 1.8654167 1.9658689 1.8382856 1.7951483 0.0000010 1.8599199 2.0739707 1.3591018 1.7732726 0.0000010 4.9649318 3.6189539 0.0000010 1.4646391 0.0000010 1.7512199 1.8163582 1.6204800 1.6336124 0.0000010 2.0779581 0.0000010 2.1916633 2.0360960 1.8240300 1.7892979 1.8650414 1.8166356 0.0000010 0.0000010 1.9371475 2.7283331 0.0000010 1.8919123 1.8930597 1.9773033 1.8492104 1.8886519 1.9553541 1.8893840 0.0000010 0.0000010 0.0000010 0.0000010 0.0000010 2.3227921 0.0000010 0.0000010 0.0000010 0.0000010 0.0000010 2.2846947 2.2846947 2.2846947 0.0000010 0.0000010 0.0000010 2.0884439 3.0874306 0.0000010 1.9961085 0.0000010 0.0000010 3.0565224 3.0565224 3.3846609 1.8587880 0.0000010 0.0000010 0.0000010 4.7730761 0.0000010 2.4463666 0.0000010 0.0000010 3.5636604 0.0000010 0.0000010 0.0000010 0.0000010 5.6385792 0.0000010 2.6852713 
Halamb_c56471_g1_i1m.43422                            1.9462407 2.4771210 0.8628047 1.4862139 1.0331169 1.5007070 1.8073552 1.8373965 0.0000000 0.6490817 0.8561696 3.9672820 1.7738728 1.7552036 1.6301332 1.7717116 1.7489575 1.8812641 1.8509543 1.7465149 1.6103021 1.8545814 1.7972816 1.8675213 2.0935183 2.6455194 2.4836803 1.2728962 1.4419940 1.4201191 1.8589450 1.8659500 1.9640289 1.9719479 2.0095037 1.8669898 1.4437622 2.1309900 2.0896697 2.0291540 2.4167441 2.0079602 2.0246252 1.7616711 1.0439573 2.4628881 2.2599098 1.5819983 2.0520639 2.1139577 2.1384456 2.0017767 2.1258012 2.1226879 2.1190543 2.8808459 2.5923237 3.3501276 2.8706865 2.7278351 2.7980172 1.3959244 2.5147062 4.3130905 3.2079796 3.2625253 3.2470188 3.1375640 3.1161388 4.7505429 4.1731113 4.3194801 2.2625328 2.3449127 3.1115415 2.2518463 1.5512035 0.8968478 3.7067521 3.7117462 2.7772301 2.0085568 1.2883758 2.8980833 2.5137992 2.6119645 2.5325142 1.9138095 2.2836690 3.5248906 3.5916480 3.8519004 2.6805163 2.1413600 2.6460574 3.3382134 3.1139981 3.3744145 
Xestes_maker-XT_scaffold4028-augustus-gene-0.4-mRNA-1 1.9395653 1.8169803 1.0069499 1.2823768 0.9094971 1.2891461 1.5574499 0.0000010 0.6490817 0.0000000 0.9773002 4.7256998 1.5165264 1.5214600 1.6666287 1.5405751 1.4904188 1.5352501 1.5262890 1.9495791 1.2736093 1.5223883 1.5121797 1.5142181 1.9590766 2.0192031 1.8586577 1.2697793 1.1638585 1.3142621 1.5569641 1.5394671 1.6868487 1.6926380 0.9654598 1.4692724 0.5534327 1.8393955 1.8328965 1.7172309 1.4937258 1.6755873 1.6580955 1.5899512 0.0000010 2.4010175 1.8248759 1.4735941 1.6378244 1.7993441 1.8027927 1.5113920 1.8248680 1.7960336 1.9190096 2.7626575 2.5929984 3.5840409 2.8274739 2.5836013 2.6868460 1.4512089 2.5636209 5.0105903 2.8633500 3.1570199 3.0715633 3.0378983 2.7709221 4.2418991 4.0287342 4.2418991 1.9615598 1.9608521 1.1477899 1.5597217 2.3807375 2.6269206 3.0525671 3.0463426 1.9911390 1.8522364 1.1050030 0.7538698 2.3537272 1.9708537 1.7897837 1.9489563 2.1420042 3.3837654 3.0694329 4.1136714 1.3620022 2.2447254 2.5487701 1.9307787 2.9468924 2.3920772 
Aque_Aqu2.1.33872_001                                 2.3682433 2.4380091 1.3425901 1.6270848 1.1852823 1.4659030 2.0275950 1.9565449 0.8561696 0.9773002 0.0000000 3.8230150 2.0042875 1.9843232 2.0148379 2.0305472 1.9761990 2.0876711 2.1844209 1.6933264 1.8575354 2.2057977 2.1039540 2.1819648 2.3250464 2.8733621 2.7649830 1.7466946 1.6744992 1.5698550 2.0713534 2.0936881 2.1594933 2.1681870 2.0353625 2.1619114 1.3839542 2.2865108 2.3958760 2.4334564 2.6013190 2.1044824 2.1133739 1.7444872 0.0000010 2.7934074 2.2899776 1.6795433 2.2308388 2.3092999 2.3063477 2.2373594 2.3213295 2.3081993 2.3580192 2.9918104 2.6771061 3.4668119 3.1160847 2.7939152 2.9203202 1.5151596 2.6271877 4.6049754 3.2234907 3.6002485 3.4877934 3.4586539 3.6973200 4.7427248 4.3841662 4.5253218 2.5422942 2.6075753 1.3095156 2.5247222 7.6660340 3.1100725 4.1246253 4.1482832 2.7491523 2.2870306 1.5451396 3.0005336 2.6792366 2.9951915 2.6720134 1.7300528 2.5712868 3.5729918 3.7178471 3.6114798 2.2084841 2.2922850 2.8419532 3.5529491 3.7831169 3.4298180 
Fspp_ffun1.m4.17406.m1                                0.0000010 3.3916404 0.0000010 4.5334863 0.0000010 0.0000010 4.1807723 0.0000010 3.9672820 4.7256998 3.8230150 0.0000000 0.2356088 0.2066344 0.0000010 0.1724676 0.2391602 0.5954669 1.8786024 0.0000010 0.0000010 3.7786103 3.2226604 4.5158041 4.8710856 7.8417674 5.5213065 0.0000010 3.8707127 0.0000010 4.2262160 3.4407745 2.6246522 2.5029063 0.0000010 0.0000010 0.0000010 3.7914171 4.8337857 9.0000000 0.0000010 6.4510946 6.2215578 5.2425000 0.0000010 0.0000010 9.0000000 0.0000010 9.0000000 3.0534471 3.1867205 0.0000010 6.4098663 3.3685575 3.8219716 6.5514580 6.0644045 6.2003297 4.1276592 0.0000010 5.5121726 0.0000010 6.0144647 4.3139234 0.0000010 4.7529172 5.9785911 6.0526109 0.0000010 2.8331379 4.0060828 4.0168619 5.5421445 4.6905615 0.0000010 0.0000010 0.0000010 0.0000010 5.8467813 5.8467813 4.3788502 3.0518023 3.3044999 0.0000010 0.0000010 0.0000010 0.0000010 0.0000010 4.6812833 6.2887585 3.8967363 0.0000010 0.0000010 5.5324392 4.7297555 0.0000010 0.0000010 3.9768646 
Pocdam_XM_027198892.1                                 2.0108398 2.3540816 1.2587678 1.4678111 1.0593176 1.2772813 1.6985350 1.8281139 1.7738728 1.5165264 2.0042875 0.2356088 0.0000000 0.0905190 0.2482133 0.2078104 0.2614655 0.3826808 0.7306836 0.6183223 0.1708221 1.1862569 1.0937124 1.1981274 1.6656557 2.1210100 1.9220668 0.8859380 1.4870779 0.9591186 1.2205216 1.2444491 1.2407027 1.2405018 1.2309865 1.2578643 1.4954929 1.4135331 1.4459779 1.3760120 1.4521262 1.3915144 1.3711643 1.4094498 0.7569353 1.5378801 1.8528290 1.1976395 1.5102116 1.6075462 1.6236093 1.5124137 1.6187885 1.6259570 1.6231043 2.8707842 2.5724556 3.7219366 2.5020860 2.0536669 2.4015912 1.2758958 2.3826358 4.9943018 2.1055118 3.0041558 2.7276079 2.6651627 2.6243209 4.0149684 4.3735666 4.4468815 1.7080689 1.7685330 1.6444224 1.6038342 2.8483643 1.9569835 2.9120988 2.8775881 2.1523456 1.2041289 1.5180414 2.1455559 2.1747901 2.0443086 1.6865117 1.7461095 2.1267547 3.3384198 2.8279724 2.3909475 1.9305948 1.8456766 2.1749362 2.7028993 1.9723001 2.3062098 
Spis_XP_022798781_1                                   2.0257849 2.3766721 1.2608144 1.4731430 1.1066997 1.2647221 1.6964126 1.9772741 1.7552036 1.5214600 1.9843232 0.2066344 0.0905190 0.0000000 0.2869083 0.2175856 0.2707957 0.3901498 0.7410993 0.6754339 0.1669706 1.1767097 1.1042027 1.1783425 1.5948632 2.1019560 1.9372318 0.8648815 1.5069351 0.9500436 1.2522647 1.2685107 1.2596970 1.2567637 1.1754600 1.2523137 1.5614118 1.3981716 1.4491185 1.3956171 1.4850351 1.4298680 1.3877677 1.3850962 0.8197660 1.5900662 1.8365152 1.2552924 1.5342740 1.6357807 1.6529115 1.5298750 1.6368549 1.6323744 1.6256131 2.8647416 2.5535401 3.7271918 2.5283827 2.1611273 2.4421063 1.3054457 2.3682920 5.0980247 2.1189547 3.0360861 2.7486350 2.6813153 2.6331764 4.0211118 4.4428825 4.5207761 1.7040929 1.7553877 1.6975084 1.6357029 2.8558761 1.9293140 2.8642329 2.8641440 2.1728456 1.2246190 1.5247629 2.0949417 2.1932533 2.0613833 1.6545540 1.7400596 2.0533642 3.3463972 2.7741973 2.4406203 1.9331978 1.8565785 2.1968948 2.5892360 2.0471265 2.2997153 
Fspp_ffun1.m4.17405.m1                                0.0000010 2.6211574 0.0000010 0.0000010 0.0000010 0.0000010 1.1123369 0.0000010 1.6301332 1.6666287 2.0148379 0.0000010 0.2482133 0.2869083 0.0000000 0.0633171 0.1632100 0.4190770 0.6132310 0.0000010 0.0000010 0.7212909 0.7137967 1.0090076 0.0000010 1.8018491 1.1951414 0.0000010 0.0000010 0.6554759 0.8881547 0.8924757 0.9188756 0.9490728 0.9680334 0.9899661 0.0000010 1.3034791 0.0000010 1.0855342 1.7289153 1.2041990 1.1952331 0.0000010 0.6806740 1.1377588 1.5161809 0.0000010 1.4439904 1.4671272 1.5217162 1.6170561 1.7954090 1.4337500 1.4337500 0.0000010 0.0000010 0.0000010 0.0000010 0.0000010 2.2693229 0.0000010 0.0000010 0.0000010 0.0000010 0.0000010 0.0000010 2.3132890 2.3666040 0.0000010 0.0000010 0.0000010 1.2040183 1.0160796 1.5003046 1.4778020 2.7673209 2.0268650 4.8604780 4.8954604 4.3778614 0.7460164 0.0000010 0.0000010 2.0899292 1.2877501 2.9081182 1.7291053 0.0000010 0.0000010 7.7276388 0.0000010 1.6825748 0.0000010 0.0000010 3.1152697 0.0000010 2.4681089 
Gasp_gasp1.m3.24683.m1                                1.7884150 2.4124793 1.6844104 1.5143984 1.0325193 1.3205273 1.7467088 1.8654167 1.7717116 1.5405751 2.0305472 0.1724676 0.2078104 0.2175856 0.0633171 0.0000000 0.2096504 0.3470914 0.7411614 0.5874482 0.0999983 1.1975351 1.1120920 1.2191486 1.7117112 2.2567479 1.9753458 0.8900664 1.5108106 1.0327448 1.2793733 1.2632188 1.2661660 1.2644231 1.1691504 1.2834916 1.4555107 1.4725071 1.5248615 1.3239613 1.4412694 1.4182785 1.3870653 1.4900695 0.6899601 1.5487240 1.8547359 1.2199466 1.5679269 1.6556756 1.6882245 1.5849878 1.6879691 1.6428960 1.6424943 3.0288591 2.5940573 3.9023528 2.5328061 2.1623528 2.4414068 1.2112503 2.3581588 4.7411910 2.3008902 3.0059569 2.7998686 2.6382030 2.5928980 3.5465727 4.1746376 4.2352544 1.6802581 1.7419630 1.8118572 1.5538528 2.7881755 1.9001771 2.8479526 2.8144232 2.2233210 1.2345058 1.4918652 2.1101321 2.2735344 2.0891957 1.7125219 1.6462016 2.0441985 3.4320707 2.9534238 2.3563807 1.8230754 1.9823134 2.2249871 2.5229747 2.0100644 2.3379766 
Gfas_gfas1.m1.7592.m1                                 1.6281400 2.2564193 1.2972086 1.4489429 1.0400234 1.3219155 1.6525273 1.9658689 1.7489575 1.4904188 1.9761990 0.2391602 0.2614655 0.2707957 0.1632100 0.2096504 0.0000000 0.3156522 0.7256226 0.5860340 0.1892884 1.1574138 1.0796635 1.1720897 1.6253112 2.1782746 1.9184747 0.9330945 1.4886678 0.9469738 1.2195173 1.2551759 1.2531776 1.2519065 1.0840751 1.2670245 1.5135340 1.4000495 1.4782752 1.2721748 1.3263070 1.3320954 1.3371521 1.3899162 0.6866125 1.4581284 1.8270516 1.1805050 1.5435073 1.6305303 1.6503573 1.5344879 1.6564688 1.6076066 1.5999921 2.8973741 2.5873501 3.7940178 2.5012560 2.1658431 2.3462934 1.2642653 2.3991330 4.9898501 2.1227100 2.9615376 2.7397296 2.6247384 2.5004645 4.0369567 4.6411839 4.7317456 1.6375520 1.7204769 1.5947756 1.5596097 2.6934333 1.8834033 2.7621682 2.7245469 2.1255883 1.2361181 1.4070229 2.2050371 2.2979535 2.1099013 1.7948365 1.5123075 2.0186647 3.4014403 3.1877364 2.4444506 1.7611385 1.8991236 2.1766850 2.4865483 2.0039239 2.3456488 
Amil_Amillepora25038-RA                               2.0871160 2.3796377 1.4596442 1.3988245 1.0315476 1.6744889 1.7634589 1.8382856 1.8812641 1.5352501 2.0876711 0.5954669 0.3826808 0.3901498 0.4190770 0.3470914 0.3156522 0.0000000 0.8755046 0.7612502 0.2794691 1.2509857 1.1767223 1.2755510 1.7036198 2.2951478 2.0932142 0.9366796 1.5338176 1.0966657 1.3720602 1.3632468 1.4037920 1.4106044 1.5657075 1.3273534 1.4409187 1.4735903 1.4606433 1.4315191 1.5106543 1.4254604 1.4443287 1.4205704 0.5571344 1.6656684 1.9220576 1.1912453 1.6500815 1.7312695 1.7496361 1.6768483 1.7408957 1.6840584 1.6616681 2.7809745 2.2875410 3.7930126 2.4383780 2.3955758 2.3925306 1.2668985 2.1857357 4.3997321 2.2368384 3.0333959 2.6642533 2.6383608 2.5844740 3.4603179 3.6571867 3.6894111 1.7071583 1.7955859 2.4196573 1.7059869 3.8038809 2.2373317 2.8697048 2.8668254 2.2235665 1.2867220 1.6592205 2.2885548 2.2968452 2.1108113 1.5242641 1.9835979 2.1724813 3.2998596 3.2024619 2.6752669 1.8242036 1.9655686 2.2658905 2.3268617 1.8598597 2.2474853 
Nvec_v1g100515                                        1.8350931 2.5373806 1.3265779 1.4602031 1.0657571 1.8839778 1.7595645 1.7951483 1.8509543 1.5262890 2.1844209 1.8786024 0.7306836 0.7410993 0.6132310 0.7411614 0.7256226 0.8755046 0.0000000 0.5234007 0.6838642 1.2113686 1.1727927 1.2615937 1.5672492 2.2194070 1.8864516 1.0820714 1.5123352 1.0366504 1.3320393 1.3996104 1.3313943 1.3357798 1.5236200 1.4461686 2.0359524 1.4950271 1.4732001 1.4649116 1.6586906 1.3570462 1.3377658 1.1545616 0.9450508 1.7970886 2.0297696 1.2263479 1.7050672 1.7515768 1.7687147 1.6875810 1.7546644 1.7545748 1.8050521 2.5223430 2.3959436 3.3191181 2.5210004 2.2535688 2.3630609 1.2908366 2.2614640 4.6611625 2.3464073 2.7538181 2.7157860 2.6165570 2.6312679 3.9874965 3.8502787 3.9874965 1.7316717 1.7454895 1.9482178 1.8608327 3.0162244 2.0481450 3.1716865 3.1435902 2.2531482 1.3378618 1.6425907 2.7998518 2.3232895 2.1692512 1.2812562 1.7973155 1.8180176 2.9639833 2.7515309 2.4238354 2.3725325 1.9612849 2.1528789 2.6432474 2.0005577 2.5557170 
Exapal_XM_021040794.2                                 1.7498638 1.7397229 0.0000010 1.4135181 1.4135181 0.0000010 1.6160549 0.0000010 1.7465149 1.9495791 1.6933264 0.0000010 0.6183223 0.6754339 0.0000010 0.5874482 0.5860340 0.7612502 0.5234007 0.0000000 0.6084184 1.3878919 1.1371699 1.3347901 3.6885155 1.8361838 1.6849496 3.6885155 1.4775855 1.2513977 1.1464040 1.2093557 1.5726057 1.5726057 1.2093347 1.4965372 3.8679940 1.5628932 1.8862319 1.2672989 1.5526003 1.4892350 1.4021640 0.0000010 0.0000010 1.6026614 1.6846572 1.7647133 1.5213550 1.5145160 1.5291402 1.4894175 1.5170535 1.4749828 1.4742673 0.0000010 2.1350386 0.0000010 2.6631278 0.0000010 2.4669222 2.3556649 2.2259746 0.0000010 0.0000010 0.0000010 3.0538854 3.0694382 3.1626629 0.0000010 0.0000010 0.0000010 1.6523718 1.4500045 0.0000010 1.8555766 0.8319857 0.8319857 2.3347802 2.3674362 4.4103920 1.2736178 0.0000010 0.0000010 2.1095479 1.9920705 1.9733630 1.1797653 0.0000010 0.0000010 3.0707890 3.0720454 2.6399670 0.0000010 0.0000010 1.7433093 2.2435048 2.2132315 
Fspp_ffun1.m4.17407.m1                                1.9612796 2.1038214 1.2859737 1.1173085 1.0334797 1.2221657 1.5980707 1.8599199 1.6103021 1.2736093 1.8575354 0.0000010 0.1708221 0.1669706 0.0000010 0.0999983 0.1892884 0.2794691 0.6838642 0.6084184 0.0000000 1.0522059 1.0078890 1.0515492 1.1679188 1.9787011 1.8474376 0.9113518 1.2825913 0.9532692 1.0914504 1.1401736 1.1386968 1.1427053 1.0636233 1.2662915 1.5139036 1.2633253 1.2897894 1.3282288 1.2738848 1.1643900 1.1323961 0.7619083 0.0000010 1.6197396 1.7978999 1.1807787 1.5012948 1.4902028 1.5320802 1.5056700 1.5172244 1.5058325 1.5465705 2.2804364 2.0721014 3.2260277 2.2291165 2.0790865 2.1969023 1.2097359 1.9126384 2.5163451 2.1272423 2.1000601 2.5662990 2.4737996 2.5524371 0.0000010 3.0449016 0.0000010 1.5329664 1.6435996 1.7372716 1.4853854 0.0000010 1.6111511 2.4744287 2.4428295 1.7900016 1.0590407 1.0226844 2.1550817 2.2544093 2.2419390 1.6707477 1.3997841 1.1605733 2.3837537 2.8401641 2.4774336 1.6666744 1.5459493 1.6065296 2.3967914 1.8925342 2.3674612 
Acagra_model.g27739.t1.2.5d3b8c00                     2.2548122 2.4560336 1.1442417 1.5781961 1.1803571 1.5836637 1.8308162 2.0739707 1.8545814 1.5223883 2.2057977 3.7786103 1.1862569 1.1767097 0.7212909 1.1975351 1.1574138 1.2509857 1.2113686 1.3878919 1.0522059 0.0000000 0.9737861 0.8217412 1.6581542 2.1734918 1.9622674 1.0269377 1.6678516 1.0216857 1.0093001 1.1127975 1.1016783 1.0998825 0.9650234 1.4351375 1.7669200 1.6236959 1.8278238 1.6625784 1.8914894 1.5451433 1.4980476 1.4629926 0.9317204 1.9033993 1.9984626 1.2891225 1.6764316 1.7355176 1.7567968 1.7229446 1.8090443 1.7847999 1.8158261 2.6548643 2.4193410 3.2407312 2.5415148 2.3139023 2.3930716 1.2797738 2.4345400 4.2582052 2.2550627 3.0091026 2.7829479 2.6540874 2.7028662 4.4839148 4.4447300 4.6920288 1.5132591 1.5265907 1.5741064 1.2251116 2.7566815 2.0119217 2.6698331 2.6392192 2.2749335 1.1754330 1.5742191 2.5525923 2.0711398 2.1295853 1.9197814 1.4239599 1.9418605 3.2714046 2.8635241 2.4636061 2.0829810 1.8328669 2.7365045 2.6329856 2.0808910 2.0390417 
Bralan_BLAG13000659_1                                 1.7591726 2.2811251 1.2768569 1.5020827 1.1177594 1.4162975 1.6230079 1.3591018 1.7972816 1.5121797 2.1039540 3.2226604 1.0937124 1.1042027 0.7137967 1.1120920 1.0796635 1.1767223 1.1727927 1.1371699 1.0078890 0.9737861 0.0000000 0.9946406 1.6201671 2.2237671 2.0128449 1.0235848 1.5471464 0.9595354 1.0649315 0.9924845 1.0410352 1.0456101 0.8790950 1.3847615 1.5600990 1.6293075 1.7194293 1.6525458 1.7942328 1.5719623 1.5447874 1.4425028 1.0200880 1.8983434 1.9689520 1.3770123 1.6083858 1.7278227 1.7461952 1.6114406 1.7210227 1.7400508 1.7334596 2.7527645 2.4718804 3.6513038 2.6150617 2.1639238 2.5168842 1.2652858 2.4360348 4.9950954 2.0907916 2.8946065 2.8588268 2.7244484 2.7458894 4.9465266 4.7491093 4.9998945 1.4099772 1.5465576 1.4482223 1.1838227 2.8357404 2.1771617 2.8213626 2.7990253 2.2828438 1.0000152 1.3353638 2.3804341 2.2504129 2.1242713 1.9560953 1.6146175 2.0199778 3.2202001 3.1954101 2.4335015 2.1138712 1.6696848 2.5835989 2.5844699 1.6504581 1.8672223 
Cgig_XM_011425608.3                                   1.8128458 2.4290898 1.3218902 1.5841391 1.1603346 1.6269910 1.7316734 1.7732726 1.8675213 1.5142181 2.1819648 4.5158041 1.1981274 1.1783425 1.0090076 1.2191486 1.1720897 1.2755510 1.2615937 1.3347901 1.0515492 0.8217412 0.9946406 0.0000000 1.6398000 2.2725318 2.0015509 0.9970488 1.5922331 0.9847219 0.9662282 1.1233898 1.0854006 1.0867975 0.9222114 1.4661480 1.3882926 1.6068125 1.7019474 1.6076342 1.8381677 1.5992587 1.5635570 1.5288991 1.0368302 1.9064689 1.9957315 1.2943758 1.7606700 1.8034612 1.7892453 1.7462452 1.7821774 1.8059163 1.8264988 2.7479334 2.4432502 3.4545747 2.5580129 2.2176417 2.4602076 1.3049373 2.3134414 4.2506900 2.2571946 2.9170725 2.8257234 2.7570808 2.8580202 5.0428991 4.9104384 5.1823411 1.4493120 1.5731144 1.7706234 1.2683557 2.4581756 2.0133653 2.7617787 2.7496478 2.3612203 1.1958133 1.6405933 2.5223268 2.2834621 2.1805675 1.9065560 1.4406486 1.8531770 3.1538600 3.1585623 2.0787359 2.1179963 1.8771317 2.6541317 2.7022162 1.8838023 1.9818024 
Leuniv_Lniv_scaffold25841_01                          0.0000010 1.9956035 1.4882910 2.0720157 1.3768218 1.6160781 1.9728235 0.0000010 2.0935183 1.9590766 2.3250464 4.8710856 1.6656557 1.5948632 0.0000010 1.7117112 1.6253112 1.7036198 1.5672492 3.6885155 1.1679188 1.6581542 1.6201671 1.6398000 0.0000000 0.5188954 0.5946316 0.7759511 1.9432118 1.3513150 1.7930654 1.8563953 1.7602547 1.7381025 0.0000010 0.9929575 0.0000010 1.7839817 1.9302349 1.2656851 0.0000010 2.0269475 2.0232277 2.1216663 0.0000010 0.0000010 1.9729279 1.4395799 1.5944790 2.1766541 2.1839068 1.3686567 2.1745667 2.2466714 2.2466300 2.8494007 3.0647515 3.8031921 2.7076835 2.6180482 2.7770346 2.3209415 3.0424213 5.0091240 2.7832523 3.4766257 3.2082038 3.1955236 9.0000000 5.5125892 5.1192210 5.2540048 2.2357153 2.0115891 0.0000010 1.5621801 0.0000010 4.2215640 3.4180867 3.3156203 2.1150575 1.8213449 2.1796563 2.5970407 0.0000010 0.3846655 0.9735734 5.9273774 1.4270410 3.7523042 3.1998192 1.3496265 0.0000010 2.6626094 3.4766337 1.5938226 8.9999986 2.7977799 
Gracom_Gcom_scaffold19213_01                          2.9888966 2.9331808 1.5198955 1.9055249 1.2992935 1.6951000 2.4288929 4.9649318 2.6455194 2.0192031 2.8733621 7.8417674 2.1210100 2.1019560 1.8018491 2.2567479 2.1782746 2.2951478 2.2194070 1.8361838 1.9787011 2.1734918 2.2237671 2.2725318 0.5188954 0.0000000 1.0503240 0.8612319 2.3232625 1.3204743 2.3171930 2.4030851 2.2964082 2.2965237 3.9347859 2.3146634 3.9046516 2.3705717 2.5595801 3.0999936 4.0624161 2.4723102 2.4923403 2.0672715 0.9693474 3.9990004 2.5766459 1.6697950 2.5731451 2.6637036 2.7600199 2.6098583 2.5644708 2.7559577 2.7842673 2.9028160 2.7319841 3.8276399 2.7090204 2.4252069 3.1832324 1.6141465 2.5414760 6.2375321 2.7554898 3.7439888 3.2839019 3.2901498 3.7442103 7.9567205 6.8108417 7.5598070 2.6574005 2.5327880 6.1798586 3.1670192 3.4875009 4.6528321 4.2601298 4.2295448 2.6547430 2.4563271 2.2701780 2.9164219 0.8146362 1.1352742 2.2297304 2.6530338 1.7017457 3.9107763 2.7014741 2.6981010 3.7854274 2.7860194 3.4000135 3.3042450 3.0837119 3.9389125 
Lcom_lcpid9819                                        2.2476279 2.9381636 1.7114749 1.8880601 1.2518469 1.6374842 2.2145571 3.6189539 2.4836803 1.8586577 2.7649830 5.5213065 1.9220668 1.9372318 1.1951414 1.9753458 1.9184747 2.0932142 1.8864516 1.6849496 1.8474376 1.9622674 2.0128449 2.0015509 0.5946316 1.0503240 0.0000000 0.7347691 2.1271706 1.3462867 2.0469953 2.1711392 2.1383253 2.1480949 2.2420057 2.1480594 3.6446195 2.2192179 2.3979739 2.3440614 2.9475883 2.2236441 2.2089546 2.1211363 1.0307393 2.7838966 2.4806810 1.6279288 2.2592715 2.3850667 2.3826887 2.3328714 2.4080796 2.4782455 2.4902874 2.6008666 2.5985869 3.6754885 2.7545880 2.5214741 2.9760077 1.4955817 2.5376757 5.4689430 2.6931168 3.3942490 3.2541943 3.2943546 3.4895996 5.6199700 5.3570421 5.6793197 2.2748732 2.2796577 2.4410156 2.3366105 2.9453392 2.5570159 4.0151903 3.9784410 2.7271720 2.2096446 2.1101313 2.9271916 0.8928672 1.3159415 2.2357643 2.5205709 1.2830311 3.8885513 2.2181081 2.6305960 2.9917215 2.7524070 3.2506412 3.3379888 3.2837389 3.5939669 
Clacor_Ccor_C503170_01                                0.0000010 1.2870033 0.0000010 1.1999010 1.1999010 0.0000010 1.2528124 0.0000010 1.2728962 1.2697793 1.7466946 0.0000010 0.8859380 0.8648815 0.0000010 0.8900664 0.9330945 0.9366796 1.0820714 3.6885155 0.9113518 1.0269377 1.0235848 0.9970488 0.7759511 0.8612319 0.7347691 0.0000000 0.8918098 1.2905933 1.1659819 1.1085348 1.3076304 1.3076304 0.0000010 0.9110226 0.0000010 1.0944273 1.0709324 1.0566487 9.0000000 1.3227218 1.2953419 0.0000010 0.0000010 0.3555546 1.8402403 1.5470828 1.2870289 1.2870289 1.2785068 1.2707302 1.2651806 1.1874126 1.1874126 1.7433889 1.6073464 1.7998193 1.7538075 0.0000010 1.6322788 1.5665912 1.5365786 0.0000010 0.0000010 0.0000010 2.0769462 2.0769462 2.0277638 0.0000010 0.0000010 0.0000010 1.4526298 1.4506513 0.0000010 2.2135775 0.0000010 0.0000010 1.8265392 1.8265392 1.3269365 1.1531068 0.0000010 0.6717426 1.0083698 0.9003886 1.1718747 0.6022390 0.0000010 0.0000010 3.1558909 0.0000010 0.0000010 0.0000010 0.0000010 1.3809101 0.0000010 1.8496661 
Tetwil_g27472.t2                                      1.0717930 1.5954276 0.9434937 1.1743483 0.8273092 1.0371857 1.3617011 1.4646391 1.4419940 1.1638585 1.6744992 3.8707127 1.4870779 1.5069351 0.0000010 1.5108106 1.4886678 1.5338176 1.5123352 1.4775855 1.2825913 1.6678516 1.5471464 1.5922331 1.9432118 2.3232625 2.1271706 0.8918098 0.0000000 1.1760841 1.7811821 1.7071139 1.7674036 1.7668010 1.4972621 1.5624677 1.3229530 1.8215131 1.8397328 1.7585827 2.0128583 1.7542978 1.7513950 1.8024606 0.0000010 2.4943380 2.0046380 1.3563894 1.7962543 1.9511821 1.9228443 1.7104616 1.9469383 1.9680872 1.9868764 2.8982043 2.6107571 3.6188042 2.7165079 2.3930061 2.5827050 1.2915537 2.5019061 5.0006325 2.4222174 3.0942829 2.9519482 2.9528524 2.9447601 4.1003855 4.3181342 4.5072206 2.0803266 2.0604622 0.0000010 2.0088249 0.0000010 0.9715829 3.3894282 3.3364406 2.1321804 1.8569695 0.8029290 1.8205223 2.3336640 2.4559300 1.9091229 2.0426305 2.1227049 3.3400554 3.2938464 2.7372997 2.1869448 2.3153517 2.4817664 2.5387806 2.7180056 2.8285562 
Cscu_XM_023382293.1                                   2.2431153 1.8146700 1.7140046 1.4259218 1.3549145 1.6261340 1.4790232 0.0000010 1.4201191 1.3142621 1.5698550 0.0000010 0.9591186 0.9500436 0.6554759 1.0327448 0.9469738 1.0966657 1.0366504 1.2513977 0.9532692 1.0216857 0.9595354 0.9847219 1.3513150 1.3204743 1.3462867 1.2905933 1.1760841 0.0000000 1.0334230 1.0779897 1.0573855 1.0598156 3.0406222 1.0602306 0.0000010 1.1699996 1.1411996 1.1786402 2.6385523 1.2152823 1.1863573 1.1329621 0.4483701 1.6342864 1.6166477 1.3575522 1.4263629 1.3411435 1.3274267 1.2372076 1.3665309 1.2952525 1.3428033 2.1625141 2.1388294 2.9295599 2.1485999 2.3990845 2.1124962 1.3279336 2.0873130 9.0000000 2.1867674 2.3881442 2.3565674 2.3612975 1.9000207 0.0000010 1.5102937 0.0000010 1.2911137 1.2366097 0.0000010 1.7209644 3.2648888 0.5958921 3.9750466 3.8785194 1.6015904 1.0144771 1.2248382 0.9693620 1.7149278 1.3621575 1.4569075 1.4754405 1.4097882 2.4638252 2.7269090 2.9681465 0.6979534 0.3268717 2.0550312 1.2776318 2.5851261 2.3355091 
Ctel_gnl_WGS_AMQN_CAPTEDRAFT_mRNA227292               2.1238370 2.4702105 1.3634032 1.5481216 1.1317869 1.5548830 1.8226366 1.7512199 1.8589450 1.5569641 2.0713534 4.2262160 1.2205216 1.2522647 0.8881547 1.2793733 1.2195173 1.3720602 1.3320393 1.1464040 1.0914504 1.0093001 1.0649315 0.9662282 1.7930654 2.3171930 2.0469953 1.1659819 1.7811821 1.0334230 0.0000000 1.1558363 1.1098168 1.1085438 1.0054788 1.5468273 1.5451447 1.6576456 1.8270976 1.7172904 1.8670666 1.6494396 1.6128526 1.5505225 1.0920136 1.9213127 1.9614674 1.2852585 1.7329036 1.8250568 1.8236692 1.7309462 1.8625919 1.8757539 1.9185696 2.7325824 2.5151547 3.6366082 2.8591714 2.1668912 2.5678033 1.3686587 2.5935650 3.8551116 2.3560922 2.9963141 2.9403410 2.8495109 2.9093803 5.6252110 5.1172937 5.3904792 1.5662020 1.6557501 1.8447894 1.3061883 2.4135966 1.8190070 2.8806949 2.8757761 2.3841312 1.2290186 1.7916208 2.8652431 2.2356964 2.1693295 1.9041246 1.4759843 2.1604983 3.2381938 3.0691164 2.2570902 2.0160674 2.1152742 2.6296790 2.7210105 2.1029764 2.2502624 
Hsap_ENST00000259335                                  1.6005229 2.4298393 1.6222818 1.6111326 1.1407661 1.5486712 1.7375845 1.8163582 1.8659500 1.5394671 2.0936881 3.4407745 1.2444491 1.2685107 0.8924757 1.2632188 1.2551759 1.3632468 1.3996104 1.2093557 1.1401736 1.1127975 0.9924845 1.1233898 1.8563953 2.4030851 2.1711392 1.1085348 1.7071139 1.0779897 1.1558363 0.0000000 1.1231574 1.1327475 0.8882709 1.4239603 1.2034205 1.7865092 1.9046993 1.7096217 2.1096366 1.6606147 1.6350406 1.5538822 1.1639486 2.0266973 2.0933474 1.2405322 1.7643244 1.8466653 1.9100129 1.7787363 1.8827124 1.8542998 1.8832724 2.9067580 2.5992452 3.6501719 2.6903575 2.6141411 2.6360499 1.3448720 2.5636989 4.9005746 2.9145788 3.4580923 2.9636341 2.7523235 2.7207842 4.6520905 4.7528692 5.0447313 1.5036861 1.6431858 1.5805166 1.2548501 2.9117227 2.2442059 2.7712728 2.7707985 2.3130188 1.2333124 1.7557695 2.7544916 2.1488140 2.2701404 2.4534423 1.8781011 2.3616866 3.6754907 2.7978739 2.5344351 2.4617572 2.1529647 2.5812708 2.7018467 1.9293699 1.9852519 
Spur_XM_030996181.1                                   1.9015021 2.4328700 1.5021484 1.5552773 1.1490571 1.7223920 1.7802005 1.6204800 1.9640289 1.6868487 2.1594933 2.6246522 1.2407027 1.2596970 0.9188756 1.2661660 1.2531776 1.4037920 1.3313943 1.5726057 1.1386968 1.1016783 1.0410352 1.0854006 1.7602547 2.2964082 2.1383253 1.3076304 1.7674036 1.0573855 1.1098168 1.1231574 0.0000000 0.0088502 0.7084670 1.5023253 1.4859064 1.7113837 1.7551487 1.8149086 1.9482420 1.6695785 1.6579616 1.5020215 1.0638640 2.0615210 2.1050381 1.2581364 1.7493500 1.8651673 1.8853031 1.7388193 1.8809118 1.9444824 1.9372077 2.8753177 2.7402950 3.6945735 2.7311297 2.5154880 2.6562309 1.4349975 2.5318694 4.5874881 2.4821302 3.1429831 3.0041560 2.7733418 2.7427804 5.3125703 5.0667873 5.3561514 1.5633408 1.6561683 1.7370284 1.2680795 3.0255529 2.1727106 2.9574394 2.9534241 2.3988297 1.0430170 1.6948547 2.8423015 2.2329789 2.2534955 1.9687025 1.6953265 2.1722542 3.5477853 3.0621282 2.0997126 2.2053178 2.1275294 2.9261159 2.7238769 1.8563827 2.2399769 
Spur_XM_030995928.1                                   1.9015021 2.4383165 1.5021484 1.5495868 1.1658198 1.7090187 1.7923856 1.6336124 1.9719479 1.6926380 2.1681870 2.5029063 1.2405018 1.2567637 0.9490728 1.2644231 1.2519065 1.4106044 1.3357798 1.5726057 1.1427053 1.0998825 1.0456101 1.0867975 1.7381025 2.2965237 2.1480949 1.3076304 1.7668010 1.0598156 1.1085438 1.1327475 0.0088502 0.0000000 0.7084670 1.5119158 1.4859064 1.7153380 1.7465520 1.8242922 1.9458314 1.6821280 1.6711673 1.4880768 1.1871544 2.0775279 2.1150633 1.2556236 1.7587997 1.8657637 1.8859337 1.7406908 1.8794162 1.9458495 1.9414810 2.9374339 2.7069743 3.6150571 2.7297653 2.5154880 2.6831992 1.4349975 2.5571062 4.4321103 2.4837013 3.1138671 3.0030808 2.7851659 2.7664497 5.2049920 4.9932080 5.2699117 1.5635861 1.6733650 1.7370284 1.2860252 3.0188783 2.2268546 2.9358197 2.9317383 2.3946908 1.0481442 1.6504796 2.8242372 2.2350336 2.2733276 1.9596395 1.7067196 2.1523398 3.5948432 3.0456306 2.1083297 2.2476988 2.1022547 2.9299421 2.7489644 1.8671280 2.2792446 
Skow_XM_006821491.1                                   0.0000010 3.3131000 0.0000010 0.0000010 0.0000010 0.0000010 1.6093521 0.0000010 2.0095037 0.9654598 2.0353625 0.0000010 1.2309865 1.1754600 0.9680334 1.1691504 1.0840751 1.5657075 1.5236200 1.2093347 1.0636233 0.9650234 0.8790950 0.9222114 0.0000010 3.9347859 2.2420057 0.0000010 1.4972621 3.0406222 1.0054788 0.8882709 0.7084670 0.7084670 0.0000000 1.5533127 1.2493921 1.8261738 2.3378660 1.5244770 1.5166456 1.7479898 1.7062926 0.0000010 3.9801528 1.4761258 1.9350535 0.0000010 1.7406419 1.7501334 1.7434429 1.6913591 1.8456343 1.7610583 1.7310824 0.0000010 0.0000010 0.0000010 0.0000010 0.0000010 2.4797939 0.0000010 0.0000010 0.0000010 0.0000010 0.0000010 5.0861248 3.0219215 3.1442037 0.0000010 0.0000010 0.0000010 1.3409925 1.3703375 1.5707144 1.3337721 2.6316306 2.1909100 4.4796367 4.4796367 4.8035713 1.9149331 0.0000010 0.7374133 1.8552278 2.3049952 3.1427723 1.7401219 0.0000010 0.0000010 1.4014626 1.1988376 2.4706026 0.0000010 0.0000010 3.8673273 0.0000010 1.8400586 
Plajan_Pjan_scaffold23706_01                          1.8874012 2.7465864 0.8429565 1.1113973 1.2077840 0.0000010 1.6913111 2.0779581 1.8669898 1.4692724 2.1619114 0.0000010 1.2578643 1.2523137 0.9899661 1.2834916 1.2670245 1.3273534 1.4461686 1.4965372 1.2662915 1.4351375 1.3847615 1.4661480 0.9929575 2.3146634 2.1480594 0.9110226 1.5624677 1.0602306 1.5468273 1.4239603 1.5023253 1.5119158 1.5533127 0.0000000 1.4144370 1.8000757 1.8059052 1.7449156 1.8677964 1.7401534 1.7077453 0.8589240 0.8644647 2.0678131 2.2204663 1.4607247 1.8376021 1.7791506 1.8123945 1.8041507 1.8218618 1.7703488 1.7628692 1.8215728 1.5386176 3.0369263 2.3663000 0.0000010 2.4715245 1.3166383 1.5618866 0.0000010 0.0000010 0.0000010 2.6428078 2.5898661 2.7507546 0.0000010 0.0000010 0.0000010 1.7625330 1.8568135 1.8729914 1.7657382 2.7233076 2.1130534 3.2699839 3.2666189 2.7786594 1.6292157 0.0000010 2.4413949 2.2391770 2.1822503 2.1378143 1.8506973 0.0000010 0.0000010 3.3648498 2.3327893 2.2137925 0.0000010 0.0000010 2.9997115 2.8926901 2.6616552 
Spolac_c92644_g3_i1_m.8026c103813-g1                  0.0000010 2.4656730 0.0000010 0.0000010 0.0000010 0.0000010 0.6491138 0.0000010 1.4437622 0.5534327 1.3839542 0.0000010 1.4954929 1.5614118 0.0000010 1.4555107 1.5135340 1.4409187 2.0359524 3.8679940 1.5139036 1.7669200 1.5600990 1.3882926 0.0000010 3.9046516 3.6446195 0.0000010 1.3229530 0.0000010 1.5451447 1.2034205 1.4859064 1.4859064 1.2493921 1.4144370 0.0000000 2.0034242 1.9916600 1.8005941 1.7364473 1.7098656 1.7292976 0.0000010 0.0000010 1.4136289 1.8308815 0.0000010 1.4223619 1.4646109 1.4899753 1.4905464 1.8253321 1.6122894 1.6122894 0.0000010 0.0000010 0.0000010 0.0000010 0.0000010 1.7257285 0.0000010 0.0000010 0.0000010 0.0000010 0.0000010 0.0000010 2.0890642 2.0863823 0.0000010 0.0000010 0.0000010 1.5790473 1.6282880 0.0000010 1.5752145 0.0000010 0.0000010 2.3423094 2.3423094 3.0619456 2.3816450 0.0000010 0.0000010 0.0000010 3.0933986 3.3651973 0.0000010 0.0000010 0.0000010 0.0000010 0.0000010 1.6489092 0.0000010 0.0000010 4.5443275 0.0000010 0.9105903 
Dgig_XM_028558637.1                                   1.7023376 2.7198932 1.0922501 1.6982282 1.2988892 1.7794044 1.9646148 2.1916633 2.1309900 1.8393955 2.2865108 3.7914171 1.4135331 1.3981716 1.3034791 1.4725071 1.4000495 1.4735903 1.4950271 1.5628932 1.2633253 1.6236959 1.6293075 1.6068125 1.7839817 2.3705717 2.2192179 1.0944273 1.8215131 1.1699996 1.6576456 1.7865092 1.7113837 1.7153380 1.8261738 1.8000757 2.0034242 0.0000000 0.4886153 1.7157256 1.8766214 1.7405135 1.7530440 1.7715431 0.8841991 1.8010468 2.0190941 1.4579221 1.8444535 1.9725668 1.9654507 1.8769522 1.9675778 1.9265394 1.9347953 2.7183963 2.5330888 3.4058368 2.6717346 2.3442750 2.6202624 1.4304006 2.4562814 4.1747083 2.3809015 2.9930856 2.9131317 2.8159764 2.7732715 4.8763307 3.8525191 3.9549583 2.1452301 2.0353269 3.1121414 2.0257376 2.9815108 2.0990234 3.5717754 3.5731024 2.6921258 1.7249317 2.1301119 2.0609011 2.2867842 2.4486595 2.2513255 2.4736736 2.5766577 3.2241126 3.3361114 2.7334002 2.1187094 2.6423244 2.6974130 2.9687308 2.4000852 3.0828889 
