99
HoiH23_PlH23_011299-RA                                             0.0000000 0.0165549 0.0444014 0.0316031 0.0869349 0.1154515 0.1154515 0.0000010 0.0000010 0.0000010 0.2757276 0.2757276 0.3030826 0.0000010 0.0000010 0.0000010 1.0092977 1.0514404 1.0061744 0.6329998 1.0788630 0.4785226 1.0540255 1.0447971 1.5435587 1.0418125 1.1068537 1.5772410 1.2245841 1.0496158 0.6409657 1.0641335 1.0373238 1.0880620 1.0635456 1.1251446 1.2857221 0.9495329 1.1642402 1.0901507 1.1469935 1.0494767 1.1109327 0.8776676 1.0813833 1.0757544 3.2772018 1.2451585 1.4701136 1.0517044 1.1466118 1.2555147 1.1825020 1.1583344 1.3435016 1.3645176 1.8678920 1.4278476 0.9251729 1.3374151 1.2045294 1.2445411 1.3614312 1.2680980 1.4669078 1.4669078 1.3770399 1.4078920 1.2788114 1.5422193 1.7433952 1.4779128 1.7191068 1.4993044 1.3077943 1.5302900 1.5302900 1.5302900 0.0000010 1.7138015 1.4337472 0.0000010 0.0000010 0.0000010 0.0000010 0.5777385 0.0000010 0.0000010 0.0000010 2.6151741 8.9999988 0.0000010 0.0000010 1.5182898 0.0000010 0.0000010 6.9203444 0.0000010 0.0000010 
HoiH06_mRNA13962                                                   0.0165549 0.0000000 0.0512434 0.0409217 0.0691039 0.1209287 0.1209287 0.0000010 0.0000010 0.0000010 0.2616903 0.2616903 0.2958484 0.0000010 0.0000010 0.0000010 1.0038136 1.0652682 0.9974369 0.6398624 1.0636423 0.4876755 1.0379484 1.0284284 1.5459728 1.0657758 1.0958089 1.5843515 1.1411794 1.0332481 0.6485182 1.0464530 1.0272578 1.0676989 1.0425428 1.1155083 1.2848228 0.9283555 1.1330570 1.0786999 1.1217793 1.0310029 1.1096436 0.8875191 1.0914544 1.0938505 3.2772018 1.2217616 1.6799765 1.1109198 1.2126021 1.2688544 1.2040989 1.1331933 1.3077781 1.3179194 1.7656306 1.3902432 0.9527289 1.3191561 1.3026873 1.1735567 1.3586222 1.2563744 1.4726775 1.4726775 1.3695690 1.4145310 1.2615010 1.5469297 1.6950736 1.4791828 1.7058812 1.5096801 1.3006969 1.5247690 1.5247690 1.5247690 0.0000010 1.7120395 1.4272218 0.0000010 0.0000010 0.0000010 0.0000010 0.5777385 0.0000010 0.0000010 0.0000010 2.4532102 6.6263833 0.0000010 0.0000010 1.4289131 0.0000010 0.0000010 6.4903861 0.0000010 0.0000010 
Hhon_g09018.t1                                                     0.0444014 0.0512434 0.0000000 0.0000010 0.1210551 0.1859764 0.1566676 0.0027584 0.1284330 0.1289097 0.3272698 0.2228132 0.2887526 0.3983733 0.5674088 0.7097948 1.2287227 1.2295397 1.1645690 0.5809182 0.9500696 0.4412018 1.2525938 1.2370223 1.3257596 1.0149809 1.2277160 1.2657856 1.1898575 1.2093586 1.1992489 1.2409509 1.0133076 1.1753241 1.1474735 1.2020989 1.0685692 1.1694707 1.3187227 1.1502984 1.1492630 1.3093262 1.2742353 0.9104679 1.3728920 1.3686224 1.7643457 1.2781769 1.5143459 1.4243505 1.4178511 1.1032716 1.4245770 1.3833916 1.6409039 1.7038303 1.9234314 1.4917041 0.8904542 1.3624180 1.1204218 1.4437266 1.4972762 1.5477230 1.5175929 1.5227735 1.1299942 1.1453066 1.5304984 1.5566270 1.7354764 1.3690402 1.7413123 1.5768138 1.5501552 1.4895547 1.2792122 1.5698938 1.8048632 1.7008127 1.5326273 1.8036018 1.4957503 1.7752865 1.4412311 1.4704533 1.3975455 1.5286720 1.7380574 2.5338344 1.5469868 0.9337959 1.8687692 1.8588569 1.6478679 2.8120453 2.7057470 2.0978580 3.3450941 
HoiH04_mRNA5415                                                    0.0316031 0.0409217 0.0000010 0.0000000 0.0548213 0.0890757 0.0890757 0.0000010 0.0000010 0.0000010 0.2429124 0.2429124 0.2657914 0.0000010 0.0000010 0.0000010 1.0790544 1.0901955 1.0386069 0.6055879 1.1281915 0.4412018 1.0993467 1.0887259 1.6234101 1.1276528 1.1481435 1.7358630 1.1658438 1.1035436 0.5867850 1.0953840 1.0613118 1.1040989 1.0765843 1.1989154 1.3187622 1.0007127 1.1453903 1.0924506 1.1522427 1.0619253 1.1169300 0.8322144 1.1644474 1.1673958 3.2772018 1.3072052 1.7646809 1.1291673 1.2175849 1.3818129 1.2259102 1.1462981 1.3212069 1.3267437 1.8889631 1.4013721 0.8914941 1.4891015 1.2519094 1.2181468 1.3515467 1.1994679 1.5661530 1.5661530 1.4987745 1.4536282 1.2925071 1.5897744 1.6889934 1.5185436 1.7480874 1.5850143 1.3623583 1.5847282 1.5847282 1.5847282 0.0000010 1.7008127 1.4749061 0.0000010 0.0000010 0.0000010 0.0000010 0.4196546 0.0000010 0.0000010 0.0000010 2.3990294 8.9999988 0.0000010 0.0000010 1.3072307 0.0000010 0.0000010 5.6136608 0.0000010 0.0000010 
HoiH11_mRNA8346                                                    0.0869349 0.0691039 0.1210551 0.0548213 0.0000000 0.1635628 0.1262765 0.1482714 0.1160899 0.1272943 0.3149297 0.2877868 0.3760775 0.3291279 0.5895607 0.7155774 1.2194162 1.2106529 1.1790008 0.6613179 0.9521582 0.4412018 1.2162231 1.2096584 1.3869907 1.0062172 1.2016251 1.2531129 1.1722844 1.2154035 1.2324809 1.2398102 1.0308171 1.1827494 1.1640377 1.2054972 1.0838277 1.1585791 1.3208748 1.1613906 1.1782190 1.2636351 1.2686302 0.8843801 1.3924649 1.3908047 1.7711768 1.4064479 1.9687119 1.4377558 1.4640277 1.1558179 1.4503519 1.4021650 1.6831725 1.7910732 2.1771413 1.5231137 0.8931118 1.3544802 1.5142403 1.4213763 1.4891447 1.5502767 1.5576839 1.5595341 1.1652737 1.1821393 1.5380008 1.5848012 1.7548272 1.4348830 1.8796403 1.5799689 1.5338701 1.4615005 1.2765134 1.5901070 1.8871052 1.6928304 1.5346752 1.8376694 1.5373999 1.7765228 1.4643071 1.4851851 1.3731051 1.4746009 1.6669242 2.5600277 1.4571314 0.9505672 1.8728530 2.5047137 1.6870634 2.7325240 2.6831264 2.1706861 3.5766424 
TrH2_TrispH2_009904-RA                                             0.1154515 0.1209287 0.1859764 0.0890757 0.1635628 0.0000000 0.0105798 0.2656346 0.2131494 0.2361600 0.2543355 0.2492477 0.4095847 0.2704005 0.5822137 0.7477171 1.2076312 1.1609045 1.0953687 0.6161703 0.9169001 0.5044435 1.1778317 1.1668684 1.2702240 0.9875506 1.1360792 1.1693565 1.1416620 1.1535503 1.1740593 1.1765881 0.9704595 1.1138030 1.0937741 1.1392571 1.0215487 1.1259929 1.2522398 1.1022957 1.1257712 1.1870601 1.2083254 0.8691708 1.3576274 1.3516410 1.7556433 1.2152836 1.4060235 1.3736116 1.3962553 1.0351382 1.3536550 1.3163355 1.6405139 1.6785327 1.9377847 1.4343501 0.8221917 1.2949937 1.1905549 1.3860040 1.4452406 1.4818835 1.5060801 1.5114254 1.0829482 1.0977198 1.4835318 1.5160789 1.8100357 1.3458871 1.7150992 1.5269887 1.4835656 1.3985414 1.2229721 1.5060357 1.8057628 1.6929231 1.4565492 1.7215340 1.4479747 1.6486655 1.5284989 1.4543084 1.3648007 1.4700671 1.6739596 2.5254649 1.5021252 0.9438919 1.7874253 1.8065591 1.6062154 2.4235286 2.5834369 2.1965493 3.0095505 
Tadh_TriadT19990                                                   0.1154515 0.1209287 0.1566676 0.0890757 0.1262765 0.0105798 0.0000000 0.2338499 0.1559636 0.1997521 0.2222773 0.2492477 0.3350168 0.2176389 0.4814673 0.6197417 0.9990660 0.9685663 0.9380326 0.6161703 0.9070621 0.5044435 1.0024134 1.0007240 1.2712801 0.9789017 0.9496262 1.1110003 1.0001909 1.0098532 1.0152910 1.0922503 0.9151329 0.9615057 0.9546539 0.9687133 1.0218767 0.8928632 1.0049165 1.0071803 1.1068146 0.9534380 0.9978655 0.8691708 1.1965988 1.1713823 1.5474065 1.2152836 1.4060235 1.1690943 1.1672340 1.0402822 1.1573155 1.0769647 1.4793450 1.4859209 1.9377847 1.4233148 0.8221917 1.0869670 1.1905549 1.2035684 1.2853042 1.2526013 1.3183291 1.3183291 1.0781665 1.1206395 1.2397744 1.3119657 1.8100357 1.3762034 1.7150992 1.3543028 1.2766209 1.4069343 1.2289706 1.2936828 1.3266882 1.6929231 1.2802085 1.7089536 1.4208985 1.3930081 1.4978447 1.1937388 1.3240399 1.3240399 1.3240399 2.5254649 1.4091860 0.9438919 1.4732946 1.9069444 1.2942887 1.8764382 2.5123830 1.5561343 3.6465417 
HoiH04_mRNA13862                                                   0.0000010 0.0000010 0.0027584 0.0000010 0.1482714 0.2656346 0.2338499 0.0000000 0.1626684 0.1370599 0.7043237 0.0000010 0.8901918 0.6590705 0.7663842 0.7486825 1.9245592 1.9127923 1.6670487 0.0000010 0.0000010 0.0000010 1.9540080 1.9740535 0.0000010 9.0000000 1.9361837 1.7304363 1.6136109 1.7475911 1.6135267 1.6158908 1.3153322 1.7025512 1.6403747 1.7456602 0.9784468 1.8471703 2.0814969 1.6083275 1.3700326 2.0441195 2.0104805 1.1684867 1.9265459 1.9657663 1.9265459 0.0000010 0.0000010 2.1536580 2.0775158 2.0475994 2.1971629 2.3464792 2.1524268 2.3360872 0.0000010 1.6620540 0.0000010 1.9355540 0.0000010 2.1608086 2.1310697 2.2116716 2.1163552 2.0947790 7.4911517 0.8648188 2.1418327 2.1311528 0.0000010 8.9999990 0.0000010 2.1528796 2.2372240 8.9051263 1.1533010 2.1201997 2.0991303 0.0000010 2.0729108 1.7917983 1.7249602 2.1398791 1.4191667 2.1745906 1.7609211 2.0162734 2.3669456 0.0000010 1.7989747 1.2873799 2.1037980 2.5539664 1.6290495 2.7818654 1.9799888 2.0837422 3.3010061 
HoiH23_PlH23_011070-RA                                             0.0000010 0.0000010 0.1284330 0.0000010 0.1160899 0.2131494 0.1559636 0.1626684 0.0000000 0.0539792 0.4281442 0.0000010 0.5693178 0.4360997 0.5589347 0.7460158 1.5319212 1.5384518 1.4098880 0.0000010 0.7214094 0.0000010 1.5083633 1.5100530 0.0000010 0.9892847 1.4462924 1.3010689 1.3363880 1.4315087 1.6137553 1.5702487 1.1247740 1.4032852 1.3686905 1.4214461 0.9304898 1.4864514 1.6615468 1.3226899 1.1495385 1.6299666 1.5389570 1.1684867 1.6701483 1.6666551 1.6701483 0.0000010 0.0000010 1.7861671 1.7740994 1.5202957 1.8401318 1.7938595 1.8396379 2.0467089 0.0000010 1.5371991 0.0000010 1.5558452 0.0000010 1.7477393 1.7164167 1.8920307 1.7946618 1.7922485 7.7363735 1.0434886 1.8676739 1.8220483 0.0000010 1.5854404 0.0000010 1.8471728 1.8693964 3.0265155 1.1481508 1.8911230 1.8923353 0.0000010 1.7495268 1.7562110 1.4852712 1.8424771 1.3620268 1.8320802 1.5405522 1.7217005 1.9668584 0.0000010 1.5214659 0.9420922 1.7938189 2.8757027 1.6665267 2.6077621 2.1059926 2.0405590 3.3893326 
HoiH06_mRNA9604                                                    0.0000010 0.0000010 0.1289097 0.0000010 0.1272943 0.2361600 0.1997521 0.1370599 0.0539792 0.0000000 0.5632119 0.0000010 0.7471965 0.5448544 0.6360782 0.7238041 1.6301639 1.7465036 1.5596329 0.0000010 0.5563160 0.0000010 1.6931284 1.7130445 0.0000010 1.9440162 1.6582469 1.4671265 1.4400419 1.5060533 1.5638216 1.3773318 1.1835502 1.5501299 1.5084419 1.5354604 0.9781248 1.6643620 1.8499746 1.4439729 1.2592393 1.7675850 1.7497701 1.1684867 1.7433403 1.7533586 1.7433403 0.0000010 0.0000010 1.8211791 1.8809508 1.5202957 2.0710398 2.0891391 1.8948889 2.1375325 0.0000010 1.5648616 0.0000010 1.7073030 0.0000010 1.9298671 1.9010076 2.0373461 1.9418233 1.9371189 4.9455095 0.9824613 2.0110636 2.0051753 0.0000010 1.5810552 0.0000010 2.0254910 2.0562905 5.6563871 1.1424737 2.0483246 2.0421208 0.0000010 1.8961444 1.7610320 1.5785584 2.0133204 1.4080574 2.0143388 1.6374006 1.8359791 2.1243812 0.0000010 1.6410015 0.9849263 1.8555474 2.5461284 1.6520597 2.6721030 1.9929837 2.0236139 3.3884271 
Tadh_TriadT18957                                                   0.2757276 0.2616903 0.3272698 0.2429124 0.3149297 0.2543355 0.2222773 0.7043237 0.4281442 0.5632119 0.0000000 0.0000010 0.3191529 0.0544499 0.4174793 0.5019665 1.1381229 1.1473573 1.1431860 0.6505880 0.9281827 0.5530681 1.1695017 1.1454419 1.3412387 0.9635561 1.1546973 1.2410860 1.2011662 1.1895055 1.2314982 1.2227255 1.0442821 1.1479217 1.1375440 1.1845857 1.1223336 1.0830869 1.1176132 1.1085103 1.1411528 1.1120814 1.1110039 0.9744533 1.3627629 1.3344346 1.8558824 1.2107111 1.8966792 1.4009720 1.3956782 1.1238245 1.3254217 1.2185398 1.6134139 1.6122765 1.8799701 1.5093845 0.8317233 1.2635809 1.3380205 1.3717146 1.4451605 1.4440711 1.4813427 1.4813427 1.0481112 1.1233882 1.3911545 1.4275329 1.7521491 1.3434786 1.8671124 1.4810700 1.4090578 1.4115104 1.2274403 1.4569241 1.7538548 1.6683352 1.4487283 1.9896559 1.5631363 1.7039892 1.9897702 1.4080670 1.4094802 1.5711910 1.5596854 2.5038535 1.5710654 0.9714680 1.8808759 1.9173763 2.0533378 3.9348392 3.1468406 2.5411395 6.8506053 
TrH2_TrispH2_009905-RA                                             0.2757276 0.2616903 0.2228132 0.2429124 0.2877868 0.2492477 0.2492477 0.0000010 0.0000010 0.0000010 0.0000010 0.0000000 0.2540459 0.0000010 0.0000010 0.0000010 0.9764289 0.9927766 0.9795067 0.6505880 1.0845828 0.5530681 1.0103518 1.0096679 1.4742921 0.9603729 0.9785168 1.3761322 1.1281638 0.9999294 0.6398128 1.0771517 0.8956780 0.9860727 0.9739512 1.0691711 1.1229144 0.9439752 0.9875149 0.9055658 0.9948654 0.9891134 0.9313874 0.8228426 1.0153784 1.0171296 0.8823621 1.2107111 1.8966792 1.0963368 1.1272118 1.1656254 1.0959582 1.0229031 1.2042375 1.1399443 1.8799701 1.1383822 0.8317233 1.1567752 1.3380205 1.2123673 1.2413151 1.0681155 1.4290477 1.4290477 1.2300188 1.1189468 1.0640294 1.3605630 1.7521491 1.3612873 1.8671124 1.3921110 1.1132869 1.4895667 1.4895667 1.4895667 0.0000010 1.6683352 1.2633818 0.0000010 0.0000010 0.0000010 0.0000010 0.6077511 0.0000010 0.0000010 0.0000010 2.5038535 6.0749335 0.0000010 0.0000010 1.3264550 0.0000010 0.0000010 6.0205228 0.0000010 0.0000010 
Hhon_g08120.t1                                                     0.3030826 0.2958484 0.2887526 0.2657914 0.3760775 0.4095847 0.3350168 0.8901918 0.5693178 0.7471965 0.3191529 0.2540459 0.0000000 0.3743757 0.2104335 0.2322403 1.2425098 1.2545614 1.1964806 0.5351002 0.9739089 0.4524971 1.3015716 1.2865331 1.3922632 1.0370957 1.2503919 1.3749380 1.2276934 1.2829821 1.4832817 1.4135886 1.0936291 1.1976959 1.1906654 1.3251207 1.2233559 1.2085864 1.2546195 1.2839070 1.2752933 1.2501728 1.2912027 0.8579303 1.4393253 1.4291082 1.8963865 1.4411039 1.6525777 1.5099598 1.5080964 1.1487691 1.3967065 1.2949683 1.7375952 1.7669361 2.0558562 1.6621685 0.9176861 1.3351392 1.2621101 1.4938009 1.5078050 1.5007453 1.5433141 1.5433141 1.0990846 1.1488648 1.5505093 1.5655624 1.6781579 1.3199610 1.7140977 1.5700861 1.5633748 1.4470166 1.3213715 1.5879692 1.8990399 1.7117459 1.5957559 2.3994997 1.7322636 1.8337395 2.1676016 1.5617009 1.4856699 1.5933745 1.6540297 2.4397752 1.7219938 0.9147275 1.9213199 1.9240056 1.9127103 3.4380055 3.2326740 2.5535004 4.5125344 
TrH2_TrispH2_005213-RA                                             0.0000010 0.0000010 0.3983733 0.0000010 0.3291279 0.2704005 0.2176389 0.6590705 0.4360997 0.5448544 0.0544499 0.0000010 0.3743757 0.0000000 0.4343081 0.5099582 1.2718438 1.3390346 1.2794593 8.9999988 0.7970573 0.0000010 1.3202464 1.2977441 0.8832420 0.9234179 1.3034162 1.2734266 1.2491536 1.3331137 1.8188972 1.5070226 1.1387910 1.2732991 1.2695299 1.3001092 1.0880744 1.2498729 1.2406645 1.2720789 1.3117549 1.3102342 1.3119394 2.5938246 1.6933771 1.6594794 1.9747769 0.0000010 0.0000010 1.6153123 1.6673351 0.7425898 1.4724525 1.3883780 1.9268880 1.9478272 0.0000010 1.7008109 0.0000010 1.3351489 0.0000010 1.5582523 1.6653597 1.7343285 1.5886297 1.5886297 0.6250475 1.0740411 1.5876625 1.5562139 0.0000010 1.1418886 0.0000010 1.6432633 1.6571801 1.2309994 1.0044440 1.5324346 1.9669293 0.0000010 1.6460443 2.3833213 1.8009970 1.8525592 2.0186293 1.6696440 1.4988897 1.6322267 1.7030036 0.0000010 1.6072647 0.9714680 1.9695792 2.8612013 1.9368145 3.4117208 2.6618799 2.2688405 5.1606118 
HoiH23_PlH23_010572-RA                                             0.0000010 0.0000010 0.5674088 0.0000010 0.5895607 0.5822137 0.4814673 0.7663842 0.5589347 0.6360782 0.4174793 0.0000010 0.2104335 0.4343081 0.0000000 0.0878674 1.5842816 1.7223506 1.5806464 0.0000010 0.6962364 0.0000010 1.7532105 1.7293001 0.0000010 1.0530865 1.7053375 1.6241270 1.4273163 1.5727376 2.0160301 1.7308413 1.3300322 1.5160025 1.5035740 1.7841998 1.3580472 1.6419468 1.5933882 1.6431070 1.4062805 1.5901342 1.6476699 2.1494492 1.8899208 1.8359021 1.8899208 0.0000010 0.0000010 1.9448652 1.9230284 8.9999984 1.7628069 1.6987734 2.0111495 2.1613767 0.0000010 1.8811126 0.0000010 1.6289352 0.0000010 1.9146759 1.7397355 1.8112119 2.0271239 2.0271239 0.0000010 0.9858622 1.9685023 2.0262285 0.0000010 1.3800658 0.0000010 1.9933637 2.0198950 4.8783075 1.1619711 1.9705922 1.9705922 0.0000010 2.0354565 2.3325546 1.7855490 1.9570016 2.1038709 2.0854624 1.8126705 2.0166752 2.1062672 0.0000010 1.8142340 0.9403557 1.9292091 1.6133418 1.7593137 3.2871605 2.5005141 2.3006489 4.5524373 
HoiH06_mRNA14506                                                   0.0000010 0.0000010 0.7097948 0.0000010 0.7155774 0.7477171 0.6197417 0.7486825 0.7460158 0.7238041 0.5019665 0.0000010 0.2322403 0.5099582 0.0878674 0.0000000 1.9361564 2.1178483 1.9087011 0.0000010 9.0000000 0.0000010 2.1660439 2.1841154 0.0000010 9.0000000 2.1901969 2.0366360 1.6827012 1.8587551 1.9585976 1.9114199 1.5908942 1.7445868 1.7570779 2.2260928 1.7165532 2.0877848 1.9439301 2.0808318 1.7186050 2.0143487 2.1726359 2.1494492 2.0711433 2.0631875 2.0711433 0.0000010 0.0000010 2.2044686 2.1927045 6.1421280 2.1741678 2.1588662 2.2881562 2.4825705 0.0000010 2.1717410 0.0000010 2.0276923 0.0000010 2.4011495 2.1485999 2.1425102 2.3545910 2.3545910 0.0000010 1.2023522 2.3053263 2.4293387 0.0000010 3.9954639 0.0000010 2.3123117 2.3500771 7.6196351 1.3840771 2.3136423 2.3136423 0.0000010 2.3863691 2.1820823 2.0395491 2.2558842 1.9995700 2.4492781 2.0317878 2.2600398 2.4127040 0.0000010 2.0999352 1.2897871 2.1635563 1.7222955 1.7276342 3.3622921 2.4096636 2.3686055 4.4552099 
Bralan_BLAG03000635_1                                              1.0092977 1.0038136 1.2287227 1.0790544 1.2194162 1.2076312 0.9990660 1.9245592 1.5319212 1.6301639 1.1381229 0.9764289 1.2425098 1.2718438 1.5842816 1.9361564 0.0000000 0.6827576 0.6108271 0.2979113 0.3610310 0.2949717 0.7068462 0.7144415 0.4734956 0.3945640 0.6839372 0.6608459 0.6322144 0.6366799 0.7258460 0.5866555 0.4570858 0.6189535 0.6172338 0.5946798 0.3545603 0.4853787 0.5629417 0.4484021 0.4715030 0.4296078 0.5460629 0.4569675 0.7821525 0.7536585 1.2648904 0.4353983 0.7264413 0.9343281 0.9417498 0.5042075 0.6937628 0.6567245 0.9898162 1.0891598 0.7702924 0.8323822 0.4570385 0.6055144 0.5734686 0.8723268 0.9451885 1.0411482 1.0663504 1.0960859 0.6920455 0.7191703 1.1453782 1.1423312 0.8334157 0.7566483 0.7739789 1.1558135 1.1119932 0.9403324 0.7630016 1.1008471 1.4457444 0.8278120 1.1858357 1.2997647 0.9705246 1.3513579 1.0218730 1.0891848 0.9743401 1.0676426 1.3817593 1.2921780 0.9138893 0.4743808 1.3584911 1.4749287 1.3026026 2.2777540 2.1784266 1.5469470 3.8007899 
Dgig_XM_028556892.1                                                1.0514404 1.0652682 1.2295397 1.0901955 1.2106529 1.1609045 0.9685663 1.9127923 1.5384518 1.7465036 1.1473573 0.9927766 1.2545614 1.3390346 1.7223506 2.1178483 0.6827576 0.0000000 0.4376875 0.2958548 0.3706076 0.1972018 0.6464604 0.6577384 0.5333409 0.3984599 0.1710349 0.1803309 0.4959461 0.4984369 0.5135652 0.4501390 0.3219818 0.4695039 0.4664279 0.5713810 0.4893062 0.6695933 0.7629348 0.5910078 0.5668396 0.7171084 0.7154348 0.5718604 0.8809577 0.8648410 1.3535313 0.5745075 0.9485585 0.9914159 0.9721274 0.5760007 0.8042233 0.8631793 1.1450654 1.1973480 1.1938630 0.9084308 0.4410754 0.5322845 0.8078635 0.9334372 1.0031652 1.0637825 1.1581984 1.1727361 0.7480740 0.7827284 1.1956041 1.1784575 0.9111961 0.8469189 0.7912709 1.1424412 1.0762735 0.9960765 0.7909699 1.1299509 1.3828177 0.8571147 1.1566737 1.3315161 0.9988582 1.4038988 1.1525741 1.1135840 1.0129417 1.1455575 1.4687833 1.2897711 1.0589125 0.4598676 1.3590133 1.5840682 1.0330636 1.8986362 1.8735915 1.4795661 3.3437951 
Nvec_v1g173010                                                     1.0061744 0.9974369 1.1645690 1.0386069 1.1790008 1.0953687 0.9380326 1.6670487 1.4098880 1.5596329 1.1431860 0.9795067 1.1964806 1.2794593 1.5806464 1.9087011 0.6108271 0.4376875 0.0000000 0.0832050 0.3435784 0.1284770 0.5776995 0.5733576 0.5316716 0.3654712 0.4715594 0.4743975 0.3723039 0.3848464 0.4811075 0.3664996 0.2325386 0.3440998 0.3407852 0.5517411 0.4469597 0.5822663 0.6812781 0.5409399 0.4926156 0.5840847 0.6445362 0.5134350 0.8426208 0.8089265 1.3672965 0.4948158 0.7668411 0.9366451 0.9225149 0.5101833 0.7675895 0.7973630 1.0618780 1.1316709 0.9252333 0.8034307 0.4155858 0.3034463 0.6909609 0.8888628 0.9626684 1.0087134 1.1310276 1.1488527 0.7924673 0.7346927 1.1830790 1.1796843 0.8786972 0.7944206 0.7544042 1.1087180 1.0795810 0.9647023 0.7629015 1.1487071 1.5048386 0.8038141 1.1166789 1.4850444 1.0502510 1.3329735 1.1998429 1.1816462 0.9973417 1.1375486 1.4041497 1.2396609 0.9583828 0.3656904 1.3437035 1.7579922 0.6332422 1.7256514 1.8081631 1.1988567 3.4255308 
Exapal_XM_021045532.1                                              0.6329998 0.6398624 0.5809182 0.6055879 0.6613179 0.6161703 0.6161703 0.0000010 0.0000010 0.0000010 0.6505880 0.6505880 0.5351002 8.9999988 0.0000010 0.0000010 0.2979113 0.2958548 0.0832050 0.0000000 0.2219655 0.2052488 0.2030431 0.2271651 2.2281592 0.2840888 0.3354076 0.6209765 0.2873014 0.2831875 0.2552934 0.2452309 0.2651127 0.2717558 0.2881803 0.3299452 0.3053560 0.2589336 0.3654904 0.3128265 0.3131680 0.2430598 0.3617341 0.4548427 0.3610810 0.3369517 1.7259432 0.0000010 0.0000010 0.3517475 0.3627998 0.3764088 0.3925709 0.3408954 0.4878298 0.5251736 0.0000010 0.4434593 0.6624164 0.0858207 1.4229001 0.5472216 0.6216952 0.6216952 0.9529812 0.9529812 0.9529812 0.8734306 0.9629693 1.0284922 1.2220826 0.8734306 0.0000010 0.9085265 0.9085265 1.0848868 1.0848868 1.0848868 0.0000010 0.8374118 1.0449912 0.0000010 0.0000010 0.0000010 0.0000010 0.5679254 0.0000010 0.0000010 0.0000010 0.8374118 2.6142246 0.0000010 0.0000010 1.2064436 0.0000010 0.0000010 3.9162180 0.0000010 0.0000010 
Sanmal_Sma_024252-T1                                               1.0788630 1.0636423 0.9500696 1.1281915 0.9521582 0.9169001 0.9070621 0.0000010 0.7214094 0.5563160 0.9281827 1.0845828 0.9739089 0.7970573 0.6962364 9.0000000 0.3610310 0.3706076 0.3435784 0.2219655 0.0000000 0.0393805 0.0567913 0.0561843 0.1423082 0.2197307 0.3760884 0.5072038 0.3555173 0.3348469 0.2491787 0.4215626 0.2982327 0.3222050 0.3256610 0.1573647 0.4560812 0.3729380 0.4069317 0.3858734 0.4588122 0.3375273 0.4140665 0.4804139 0.5818955 0.6008150 1.2024580 0.5727217 0.8848665 0.6884218 0.6656778 0.5606085 0.4822982 0.4741338 0.8476191 0.8786218 1.0021303 0.8809971 0.5573423 0.3887443 0.6870719 0.6473156 0.6941305 0.6792377 0.8282740 0.8282740 0.7267843 0.7797961 0.7786053 0.7966348 0.9241371 0.8455586 0.8274817 0.8545220 0.7805145 0.9593269 0.8523072 0.8523072 0.6377030 0.8673250 0.8501219 1.3029229 0.7202104 0.7767841 1.3029229 0.7397894 0.7423105 0.7423105 0.7423105 1.2997659 0.7145360 0.0763980 1.0225868 1.6590779 0.0000010 0.0000010 3.4148700 0.0000010 0.0000010 
Aaur_scaffold6430.g1.t1                                            0.4785226 0.4876755 0.4412018 0.4412018 0.4412018 0.5044435 0.5044435 0.0000010 0.0000010 0.0000010 0.5530681 0.5530681 0.4524971 0.0000010 0.0000010 0.0000010 0.2949717 0.1972018 0.1284770 0.2052488 0.0393805 0.0000000 0.0397415 0.0397415 8.9999982 0.1487387 0.1972018 0.8100065 0.2942882 0.2663983 0.2436113 0.2436113 0.3082803 0.2476673 0.2751336 0.2974653 0.2677607 0.3247526 0.2969872 0.2517013 0.3113092 0.2251804 0.2659972 0.3384537 0.3334441 0.3177258 0.0000010 0.0000010 0.0000010 0.3640788 0.2850594 0.3039332 0.3374539 0.3398161 0.4614102 0.4741160 0.0000010 0.4322209 0.4765125 0.0000010 0.9444290 0.3328242 0.5935498 0.5935498 0.8476392 0.8476392 0.8476392 0.6242836 0.6679003 0.7906868 0.7766985 0.6242836 0.0000010 0.7226009 0.7226009 0.7005726 0.7005726 0.7005726 0.0000010 0.7845612 0.7492059 0.0000010 0.0000010 0.0000010 0.0000010 0.1148792 0.0000010 0.0000010 0.0000010 0.7845612 0.0000010 0.0000010 0.0000010 0.0000010 0.0000010 0.0000010 0.9486568 0.0000010 0.0000010 
Rhoesc_Res_016981-T1                                               1.0540255 1.0379484 1.2525938 1.0993467 1.2162231 1.1778317 1.0024134 1.9540080 1.5083633 1.6931284 1.1695017 1.0103518 1.3015716 1.3202464 1.7532105 2.1660439 0.7068462 0.6464604 0.5776995 0.2030431 0.0567913 0.0397415 0.0000000 0.0430897 0.1403250 0.2211032 0.6089051 0.6305416 0.5774707 0.5788006 0.6136541 0.5459356 0.4369486 0.5429288 0.5445470 0.3054829 0.4993392 0.6348315 0.7370130 0.6016167 0.5606395 0.7011898 0.7069122 0.4762949 0.8800785 0.8806089 1.3693284 0.5473332 0.9368510 1.0447747 0.9959579 0.5849604 0.8198925 0.8285073 1.1217393 1.1620248 0.9428688 0.9215412 0.5604856 0.6223885 0.6572127 0.9705486 1.0560435 1.1157557 1.0861700 1.0913347 0.6923672 0.7075668 1.1385586 1.1342582 0.8999144 0.8201898 0.8109454 1.1403505 1.0986502 0.9955069 0.8197416 1.1460451 1.4320391 0.8425529 1.1093954 1.4213640 1.0700862 1.3225706 1.1283009 1.1053663 1.0228975 1.1911489 1.4374634 1.2971925 1.0174950 0.0790839 1.3546797 1.7822117 1.0782490 0.6245456 0.9988105 0.9558594 3.2116251 
Nemnom_g13350.t1                                                   1.0447971 1.0284284 1.2370223 1.0887259 1.2096584 1.1668684 1.0007240 1.9740535 1.5100530 1.7130445 1.1454419 1.0096679 1.2865331 1.2977441 1.7293001 2.1841154 0.7144415 0.6577384 0.5733576 0.2271651 0.0561843 0.0397415 0.0430897 0.0000000 0.1465147 0.2207251 0.6294458 0.6343713 0.5911242 0.5627334 0.6660558 0.5605408 0.4367921 0.5509152 0.5560232 0.2985270 0.4855445 0.6280965 0.7362337 0.5985847 0.5505852 0.6889216 0.7266462 0.4712612 0.8650188 0.8766743 1.3278662 0.5237064 0.9105132 1.0187029 0.9985440 0.5739033 0.8116282 0.8358039 1.1064678 1.1666351 0.9626927 0.9062019 0.5659521 0.6208743 0.6689740 0.9558170 1.0834832 1.1448648 1.0835621 1.0881704 0.6862578 0.7072268 1.1498265 1.1301697 0.8880612 0.8217279 0.8005592 1.1411366 1.1013323 0.9987788 0.8192116 1.1542917 1.4789319 0.8320743 1.1109506 1.4231461 1.0489128 1.3154206 1.0206073 1.1076925 1.0284302 1.2085171 1.4888149 1.2837826 1.0493734 0.0722885 1.3540450 1.7927723 1.1772169 0.7337002 1.0708669 1.0504870 3.4573170 
Aaur_scaffold2521.g1.t1                                            1.5435587 1.5459728 1.3257596 1.6234101 1.3869907 1.2702240 1.2712801 0.0000010 0.0000010 0.0000010 1.3412387 1.4742921 1.3922632 0.8832420 0.0000010 0.0000010 0.4734956 0.5333409 0.5316716 2.2281592 0.1423082 8.9999982 0.1403250 0.1465147 0.0000000 0.3194584 0.5164287 0.6226297 0.5060835 0.4071158 0.7269320 0.4575080 0.3623132 0.4082662 0.4104584 0.2519297 0.6277590 0.4970064 0.5314246 0.4902771 0.5871089 0.4666598 0.5310555 1.8522695 0.6624227 0.6767560 1.5143228 0.5446504 0.8793984 0.7819059 0.7203156 0.8455424 0.5994529 0.5293166 0.8319584 0.7739560 0.8559989 0.8012055 0.7775471 0.4580007 0.6168124 0.8589299 0.8572982 0.8518422 0.9514231 0.9514231 0.8568549 1.1157596 1.0269782 0.9982589 1.0384348 0.9954092 0.8463538 1.0104361 0.8881987 1.0605086 1.0605086 1.0605086 0.0000010 1.0244875 0.9371559 0.0000010 0.0000010 0.0000010 0.0000010 0.8399666 0.7622868 0.7622868 0.7622868 1.7169879 0.7426553 0.0000010 0.0000010 1.8884758 0.0000010 0.0000010 4.0705811 0.0000010 0.0000010 
Chem_TCONS_00053576                                                1.0418125 1.0657758 1.0149809 1.1276528 1.0062172 0.9875506 0.9789017 9.0000000 0.9892847 1.9440162 0.9635561 0.9603729 1.0370957 0.9234179 1.0530865 9.0000000 0.3945640 0.3984599 0.3654712 0.2840888 0.2197307 0.1487387 0.2211032 0.2207251 0.3194584 0.0000000 0.3964320 0.5102864 0.3447889 0.3531991 0.2789955 0.4386540 0.3060938 0.3294364 0.3323895 0.2135201 0.4560312 0.4035518 0.4566423 0.4219885 0.4762725 0.4121822 0.4428539 0.4416704 0.5771428 0.5782029 1.0990959 0.6274086 0.8995263 0.6387447 0.6234254 0.5355776 0.4977992 0.5328078 0.8017755 0.8573933 0.9152318 0.8389560 0.5046289 0.4072965 0.3381493 0.6514534 0.7349102 0.7051161 0.8995448 0.8995448 0.7159104 0.9072214 0.8820895 0.8933195 0.9440864 0.8719365 0.9371850 0.8756979 0.8535711 1.0478781 0.9485573 0.9485573 0.7626695 0.9492330 0.8891939 1.2125473 0.8166972 1.0231694 1.2125473 0.8737517 0.9161643 0.9161643 0.9161643 1.3654086 0.7720916 0.2037311 1.0103600 1.3874393 0.0000010 0.0000010 3.6912413 1.6565549 0.0000010 
Xesp_014017-T1                                                     1.1068537 1.0958089 1.2277160 1.1481435 1.2016251 1.1360792 0.9496262 1.9361837 1.4462924 1.6582469 1.1546973 0.9785168 1.2503919 1.3034162 1.7053375 2.1901969 0.6839372 0.1710349 0.4715594 0.3354076 0.3760884 0.1972018 0.6089051 0.6294458 0.5164287 0.3964320 0.0000000 0.0867625 0.5086101 0.4965683 0.5209616 0.4541832 0.3367737 0.4820380 0.4732387 0.5406145 0.5084607 0.6537008 0.7894319 0.6063200 0.5619193 0.6816653 0.6996075 0.5310001 0.8860093 0.8651837 1.3578449 0.5722369 0.9829489 1.0341595 0.9722388 0.5585343 0.7942278 0.8445346 1.1203701 1.1993356 1.2520669 0.9029884 0.4352885 0.5317659 0.7584658 0.9742539 1.0284427 1.0955657 1.1252711 1.1434600 0.7164906 0.7722948 1.1599848 1.2060865 0.9506380 0.8784418 0.8251279 1.1272177 1.0506100 1.0007382 0.8049817 1.1182773 1.3682851 0.8537616 1.1453251 1.2702028 0.9653115 1.3749717 1.1241223 1.1211162 0.9720042 1.1273263 1.4290283 1.3004036 1.0255304 0.4879425 1.4252024 1.8940874 1.0095766 1.8103722 1.8969762 1.3302287 3.2705019 
Xesp_027394-T1                                                     1.5772410 1.5843515 1.2657856 1.7358630 1.2531129 1.1693565 1.1110003 1.7304363 1.3010689 1.4671265 1.2410860 1.3761322 1.3749380 1.2734266 1.6241270 2.0366360 0.6608459 0.1803309 0.4743975 0.6209765 0.5072038 0.8100065 0.6305416 0.6343713 0.6226297 0.5102864 0.0867625 0.0000000 0.4620270 0.4755160 0.6180392 0.5531940 0.4035022 0.4488676 0.4448432 0.5202736 0.6319726 0.6214922 0.7136569 0.6761694 0.6714229 0.6279674 0.6433455 0.9826639 0.8619075 0.8475695 1.1518407 0.7597282 2.0513787 0.9365517 0.9381012 0.7346260 0.7540640 0.7834416 1.0584584 1.0825493 1.8374953 1.0001962 0.5945536 0.4728544 0.9107874 0.9586174 0.9955181 0.9701133 1.0612648 1.0612648 0.7914199 0.8591144 0.9918745 1.0876189 1.4821355 1.1160900 1.2291737 1.0762394 0.9762192 1.1497358 0.8981042 1.0239608 1.0185560 1.3274667 1.0599074 1.3537233 1.0128987 1.0864408 1.1970462 0.9760893 1.0001412 1.0729507 1.0729507 1.7911535 1.0172482 0.5334861 1.1194379 1.6161396 0.8097383 1.6032908 1.8234430 1.0031082 2.4843138 
Gfas_gfas1.m1.13167.m1                                             1.2245841 1.1411794 1.1898575 1.1658438 1.1722844 1.1416620 1.0001909 1.6136109 1.3363880 1.4400419 1.2011662 1.1281638 1.2276934 1.2491536 1.4273163 1.6827012 0.6322144 0.4959461 0.3723039 0.2873014 0.3555173 0.2942882 0.5774707 0.5911242 0.5060835 0.3447889 0.5086101 0.4620270 0.0000000 0.1458504 0.1273256 0.1472645 0.0855307 0.1481706 0.1443259 0.5293298 0.4623154 0.6067163 0.7307799 0.5913121 0.5320536 0.5803941 0.6496743 0.5316309 0.7931045 0.7667294 1.1538383 0.6089661 1.1173606 0.9121262 0.8634606 0.5782971 0.7660826 0.8226037 1.0656853 1.0910138 1.2370417 0.8586194 0.5178854 0.4003201 1.2842013 0.8859847 0.9471609 0.9947330 1.0636810 1.0833177 0.7401908 0.7340702 1.1148904 1.1278375 0.8549376 0.8259875 0.8128663 1.0880931 1.0069605 1.0347846 0.8153864 1.1264163 1.3597369 0.7650632 1.0372032 1.3104810 0.9853956 1.2451097 1.0720173 1.0863343 0.9421794 1.0691696 1.2988357 1.2162601 0.8212169 0.3548048 1.2647941 1.6214755 0.2780999 1.5096642 1.5630015 1.1365560 3.0351179 
Amil_Amillepora13525-RA                                            1.0496158 1.0332481 1.2093586 1.1035436 1.2154035 1.1535503 1.0098532 1.7475911 1.4315087 1.5060533 1.1895055 0.9999294 1.2829821 1.3331137 1.5727376 1.8587551 0.6366799 0.4984369 0.3848464 0.2831875 0.3348469 0.2663983 0.5788006 0.5627334 0.4071158 0.3531991 0.4965683 0.4755160 0.1458504 0.0000000 0.0457961 0.0446884 0.0912953 0.1599043 0.1549829 0.5303549 0.5042843 0.6102059 0.7591702 0.6005446 0.5634128 0.6260408 0.6684376 0.5736098 0.7673065 0.7785498 1.1188945 0.4549748 0.6546714 0.8681715 0.8778061 0.5227515 0.7602365 0.7887317 0.9955519 1.0105977 0.7821672 0.8051525 0.5377262 0.4150904 0.4348094 0.8969433 0.9685067 1.0207935 1.0542820 1.0601343 0.7265167 0.7221671 1.1318700 1.0988102 0.8427406 0.7572441 0.7496738 1.0805781 1.0521260 0.9652003 0.7617660 1.0842402 1.3568880 0.7697584 1.0495400 1.3648369 1.0696214 1.2599988 1.1261850 1.0957202 0.9856391 1.1085023 1.3613473 1.2538009 0.8849690 0.3769288 1.3123530 1.3388324 0.3302657 1.5456775 1.6454033 1.1299388 2.7119324 
Adig_XM_015906775.1                                                0.6409657 0.6485182 1.1992489 0.5867850 1.2324809 1.1740593 1.0152910 1.6135267 1.6137553 1.5638216 1.2314982 0.6398128 1.4832817 1.8188972 2.0160301 1.9585976 0.7258460 0.5135652 0.4811075 0.2552934 0.2491787 0.2436113 0.6136541 0.6660558 0.7269320 0.2789955 0.5209616 0.6180392 0.1273256 0.0457961 0.0000000 0.0103665 0.1818974 0.2042086 0.1987431 0.6217345 0.5736658 0.7733775 0.8308419 0.8130576 0.7602321 0.6697940 0.7537129 0.5372942 0.8319315 0.8204990 1.2187197 0.6489552 0.0000010 0.8684238 0.9306600 0.4723914 0.8524993 0.8322621 1.0494435 0.9960014 0.0000010 0.8050259 0.7013182 0.4627391 0.9530321 1.0096641 1.0067642 1.0053804 1.2263027 1.2263027 0.9571198 0.6969799 1.1369341 1.2241668 1.3516386 0.8637787 9.0000000 1.1394725 1.1611830 0.9797204 0.7168098 1.1027354 1.2898343 1.0990155 1.1646679 1.3821484 1.3098276 1.4229540 1.1211547 1.1339082 1.1572611 1.3483117 1.3249450 1.0990155 0.9526886 0.6195990 1.4056236 1.6013913 0.2745230 1.6201793 1.2450257 0.9786781 2.6020874 
Adig_XM_015893262.1                                                1.0641335 1.0464530 1.2409509 1.0953840 1.2398102 1.1765881 1.0922503 1.6158908 1.5702487 1.3773318 1.2227255 1.0771517 1.4135886 1.5070226 1.7308413 1.9114199 0.5866555 0.4501390 0.3664996 0.2452309 0.4215626 0.2436113 0.5459356 0.5605408 0.4575080 0.4386540 0.4541832 0.5531940 0.1472645 0.0446884 0.0103665 0.0000000 0.1559526 0.1628386 0.1569390 0.5149511 0.5864070 0.6027861 0.6756159 0.6631336 0.6438151 0.5486335 0.6406890 0.5048504 0.7531354 0.7449399 1.2979729 0.4599042 0.6631959 0.8383748 0.8569455 0.5578021 0.7322851 0.7211613 1.0010974 0.9927660 0.8529988 0.8998901 0.5365760 0.3947755 0.4271010 0.9305869 0.9654378 0.9797019 1.0822991 1.0822991 0.7620043 0.9406371 1.1350203 1.0938633 0.8403794 0.7942750 0.7526968 1.0684906 1.0820859 1.0600161 0.9017402 1.0652436 1.2482441 0.7667160 1.0651928 1.3898972 1.2945748 1.3393960 1.1261850 1.1781596 1.1548251 1.2792628 1.2640427 1.2445136 1.0168334 0.7391601 1.4166001 1.3906498 0.2777776 1.6254733 1.7602194 0.9822040 2.6102102 
Gasp_gasp1.m3.14307.m1                                             1.0373238 1.0272578 1.0133076 1.0613118 1.0308171 0.9704595 0.9151329 1.3153322 1.1247740 1.1835502 1.0442821 0.8956780 1.0936291 1.1387910 1.3300322 1.5908942 0.4570858 0.3219818 0.2325386 0.2651127 0.2982327 0.3082803 0.4369486 0.4367921 0.3623132 0.3060938 0.3367737 0.4035022 0.0855307 0.0912953 0.1818974 0.1559526 0.0000000 0.0760496 0.0705346 0.3807928 0.4221399 0.4432082 0.4955907 0.4728167 0.4813950 0.4282080 0.4846772 0.5545471 0.6590957 0.6384129 1.0246851 0.3656720 0.4851392 0.7005490 0.6790225 0.4452020 0.5648401 0.5964067 0.8494849 0.8392230 0.7986407 0.7650098 0.4968251 0.2820176 0.4586578 0.6979322 0.7903245 0.8045595 0.8588123 0.8588123 0.7082227 0.6951923 0.9079895 0.8680909 0.7238362 0.6559476 0.5852970 0.8236190 0.8357410 0.9208403 0.7248725 0.8769900 0.9752361 0.6685152 0.8389169 1.1946668 0.9048579 0.9642092 1.0170368 0.8893911 0.8487793 0.9751911 1.0007545 1.0141698 0.7700228 0.3546802 1.0589512 1.2625594 0.0956976 1.1565806 1.4418896 0.8261498 2.0609516 
Spis_XP_022801464_1                                                1.0880620 1.0676989 1.1753241 1.1040989 1.1827494 1.1138030 0.9615057 1.7025512 1.4032852 1.5501299 1.1479217 0.9860727 1.1976959 1.2732991 1.5160025 1.7445868 0.6189535 0.4695039 0.3440998 0.2717558 0.3222050 0.2476673 0.5429288 0.5509152 0.4082662 0.3294364 0.4820380 0.4488676 0.1481706 0.1599043 0.2042086 0.1628386 0.0760496 0.0000000 0.0262416 0.4775308 0.4699525 0.5613598 0.6851796 0.5430029 0.5242404 0.6228548 0.6593339 0.5042205 0.7930513 0.7473399 1.2304371 0.3969682 0.6217247 0.9171767 0.8531275 0.5164462 0.7423651 0.7879187 1.0148710 1.0670519 0.7795072 0.8242879 0.5255166 0.3771871 0.5507122 0.8965898 0.9404712 0.9843157 1.0191836 1.0266076 0.7745250 0.7509715 1.1027975 1.0838102 0.7797334 0.7798336 0.6946080 1.0740456 1.0458659 0.9654497 0.7690361 1.1010431 1.3941945 0.7232064 1.0504698 1.2351607 0.9525431 1.1922336 1.0880248 1.0992231 0.9359608 1.0719419 1.3529231 1.2630601 0.8650061 0.3622978 1.2756799 1.2768846 0.2581559 1.5111463 1.5745404 1.0969478 2.5461431 
Pocdam_XM_027188008.1                                              1.0635456 1.0425428 1.1474735 1.0765843 1.1640377 1.0937741 0.9546539 1.6403747 1.3686905 1.5084419 1.1375440 0.9739512 1.1906654 1.2695299 1.5035740 1.7570779 0.6172338 0.4664279 0.3407852 0.2881803 0.3256610 0.2751336 0.5445470 0.5560232 0.4104584 0.3323895 0.4732387 0.4448432 0.1443259 0.1549829 0.1987431 0.1569390 0.0705346 0.0262416 0.0000000 0.4833424 0.4711302 0.5660045 0.6845484 0.5446159 0.5215714 0.6167045 0.6518224 0.5052785 0.7902163 0.7510158 1.2232873 0.3994087 0.6125731 0.9057578 0.8322351 0.5211826 0.7398744 0.7789308 1.0240356 1.0592371 0.7784258 0.8166507 0.5296787 0.3793839 0.5507122 0.8934486 0.9384810 0.9816579 1.0241610 1.0315283 0.7839508 0.7470675 1.1178123 1.0904117 0.7875625 0.7839859 0.6981543 1.0675671 1.0359166 0.9691725 0.7673444 1.1072829 1.4040333 0.7258066 1.0502434 1.2765680 0.9658793 1.1945260 1.0946444 1.0984625 0.9390093 1.0671230 1.3342946 1.2609949 0.8543145 0.3607989 1.2461488 1.2768846 0.2728463 1.4139126 1.5728664 1.1009031 2.6096431 
Morvir_scaffold91.g60.t1                                           1.1251446 1.1155083 1.2020989 1.1989154 1.2054972 1.1392571 0.9687133 1.7456602 1.4214461 1.5354604 1.1845857 1.0691711 1.3251207 1.3001092 1.7841998 2.2260928 0.5946798 0.5713810 0.5517411 0.3299452 0.1573647 0.2974653 0.3054829 0.2985270 0.2519297 0.2135201 0.5406145 0.5202736 0.5293298 0.5303549 0.6217345 0.5149511 0.3807928 0.4775308 0.4833424 0.0000000 0.4953637 0.5837805 0.6856774 0.5692403 0.5407693 0.6185319 0.6289451 0.7107066 0.7978051 0.7849816 1.2014616 0.4825660 0.7937377 0.9446251 0.9297020 0.5367374 0.7679967 0.7559546 0.9909762 1.0397835 0.8123798 0.8772458 0.5318489 0.5498019 0.4163209 0.8738346 1.0081131 1.0664791 1.0159462 1.0258308 0.6993431 0.7698332 1.1076234 1.0470641 0.9050831 0.8288804 0.7523622 1.0748465 1.0726573 0.9997704 0.8093823 1.0785400 1.3143472 0.8838761 1.0763328 1.2531345 0.9901981 1.2045877 1.0561679 1.0787182 0.9702144 1.1034764 1.2742422 1.4070341 0.9295914 0.1916149 1.1631649 1.4670767 0.9817821 0.8745819 1.1980743 0.9158654 2.3147844 
Spur_XM_030989135.1                                                1.2857221 1.2848228 1.0685692 1.3187622 1.0838277 1.0215487 1.0218767 0.9784468 0.9304898 0.9781248 1.1223336 1.1229144 1.2233559 1.0880744 1.3580472 1.7165532 0.3545603 0.4893062 0.4469597 0.3053560 0.4560812 0.2677607 0.4993392 0.4855445 0.6277590 0.4560312 0.5084607 0.6319726 0.4623154 0.5042843 0.5736658 0.5864070 0.4221399 0.4699525 0.4711302 0.4953637 0.0000000 0.3884242 0.4361169 0.3836889 0.4709783 0.3010305 0.4074817 0.5049968 0.6049779 0.5951304 0.8991203 0.5799894 0.8049299 0.6969971 0.6992212 0.5973938 0.5343064 0.5181840 0.7882514 0.7886276 0.7618719 0.7688378 0.4987582 0.4956824 1.4342123 0.6798309 0.7381274 0.7442397 0.8349891 0.8349891 0.7286251 0.7207266 0.8128865 0.8485660 0.9151103 0.7884361 0.9087413 0.8740821 0.8307089 1.0601981 0.8259078 0.8421264 0.7120042 0.9014439 0.8594782 1.0424153 0.7558552 0.8244436 1.0424153 0.7941729 0.8280405 0.8280405 0.8280405 1.3795884 0.7944538 0.4489177 0.9337370 1.9208494 0.7367661 0.7288096 2.0285867 0.7436869 4.0667807 
