72
Pbac_sb2643787                                         0.0000000 0.0245827 0.0187084 0.5854783 0.2968947 0.5275545 0.2447037 1.0075918 0.0000010 0.8705549 1.0851340 0.9068446 0.9513197 1.0256911 0.9731885 0.9930193 0.9930193 0.8439168 0.8075630 0.8923141 0.9169215 0.9819173 0.9057666 0.9212810 0.9126277 1.1920456 1.1084071 1.1441877 1.1772161 0.8454331 0.9614202 1.2376038 1.2431835 1.2225347 0.0000010 0.9674155 0.9763534 1.0151116 0.9845546 0.9218891 0.9306932 0.8528172 0.8123112 0.8275809 0.8080241 0.9401325 0.8635531 0.9355913 0.8706066 1.1357210 1.3491513 3.0051083 0.9855220 1.1150118 1.1902933 1.0883795 1.1521992 0.0000010 2.0027101 0.0000010 1.5068900 0.0000010 0.5158882 9.0000000 9.0000000 0.0000010 5.8423069 0.0000010 7.9180505 0.0000010 1.2970104 2.9659480 
Pbac_sb2643786                                         0.0245827 0.0000000 0.0394261 0.2613439 0.2137390 0.2586014 0.1718503 0.5667721 0.1290275 0.5041311 0.6706939 0.6021057 0.5297296 0.6008239 0.5789906 0.6190264 0.6190264 0.4825301 0.4640262 0.6358121 0.5345718 0.7052146 0.6137138 0.6852884 0.6633235 0.8373222 0.6229821 0.5931759 0.6972029 0.5793799 0.6094761 0.6765027 0.6637298 0.6663869 0.6882652 0.5632247 0.5632247 0.5625668 0.5686246 0.5450643 0.5828520 0.5764119 0.5886596 0.5966843 0.5862011 0.5949030 0.6159894 0.6070342 0.5948509 0.7038225 0.4481094 0.6924483 0.6765692 0.6921644 0.7467626 0.7514248 0.7697490 0.0000010 0.8380528 0.7294595 0.8359818 0.0000010 1.0685214 4.5787942 0.1860419 0.0000010 7.8862455 0.4504261 3.0082645 1.3483428 0.6867970 3.4365350 
Horcal_Hcv1.av93.c6.g1062.i1                           0.0187084 0.0394261 0.0000000 0.4916880 0.1988176 0.4815650 0.4088028 1.7309625 0.9670301 1.6886131 1.7818028 1.7990577 1.5137683 1.7135668 1.8342073 1.5750594 1.5795722 0.8076119 0.6922130 1.8065647 0.5037227 1.7803928 1.6737503 1.0939759 1.7477684 1.9192709 1.8351893 1.9914033 1.9719626 1.5185849 1.8363448 1.7341635 1.7283434 1.1051956 2.9013379 1.4124004 1.6688345 1.7135727 1.7964667 1.6236895 1.5369629 1.5565818 1.6074989 1.6122649 1.5751865 1.6065950 1.5820215 1.6554829 1.6584427 1.8946233 2.0549458 2.0721731 1.9671632 1.9451315 2.0963646 1.7882799 1.9440785 3.8255460 2.6517543 2.6920996 3.9046660 3.2639992 3.0656905 1.3358991 0.6936186 0.9026248 0.6860256 0.4989313 0.1387631 0.8864623 1.6955990 3.6768262 
Coemet_Cmet_scaffold4716_01                            0.5854783 0.2613439 0.4916880 0.0000000 0.0000010 0.2015250 0.3881437 0.6749025 0.5927789 0.6085908 0.7264848 0.6560601 0.6061222 0.6917837 0.6585304 0.6748233 0.6748233 0.8246500 0.7250987 0.8380403 0.4904094 0.8695843 0.8324696 0.9255413 0.9379269 0.9260851 0.7599212 0.8348335 0.9361016 0.6029528 0.6648699 0.8257030 0.8473040 0.8497016 2.3123505 0.7315823 0.7173838 0.7119424 0.7182441 0.7004118 0.6973120 0.6960157 0.7337609 0.7347965 0.7199717 0.7427089 0.7395458 0.8110743 0.7712692 0.8271218 0.9290649 1.2824560 0.7510700 0.8810906 1.0389191 0.9737232 0.9416280 6.5105578 1.0281476 1.4883644 0.8359818 9.0000000 2.0845384 5.6658400 0.1799463 0.0000010 1.4850308 0.7897714 1.1073227 3.9167300 0.7448505 3.7825730 
Coeast_Cast_sb842901                                   0.2968947 0.2137390 0.1988176 0.0000010 0.0000000 0.0746117 0.2178325 0.3170081 0.1501793 0.3375832 0.4022003 0.3299592 0.3025519 0.3607044 0.3108529 0.3871863 0.3871863 0.5774171 0.4936570 0.4759644 0.4904094 0.4929773 0.4733331 0.5603754 0.5403771 0.6247962 0.4164361 0.4173583 0.4826193 0.3257982 0.3794109 0.4792825 0.4644424 0.4777638 0.0000010 0.3778123 0.3778123 0.3813933 0.3813933 0.3833301 0.3960875 0.3631410 0.3946342 0.3937910 0.3915811 0.3915811 0.4143563 0.4143563 0.3923922 0.4515304 0.4161491 0.5705287 0.4211191 0.4395862 0.5638465 0.6084619 0.5839989 0.0000010 0.5905785 0.7458292 0.8359818 1.4385670 0.9656171 5.1913460 0.0752864 0.0000010 3.3624393 0.0000010 1.5131781 0.0000010 0.5445274 2.2046999 
Lampan_Lpan_9604_01                                    0.5275545 0.2586014 0.4815650 0.2015250 0.0746117 0.0000000 0.3921552 1.4660608 0.7086804 1.5186132 1.5606555 1.5932676 1.2643270 1.4930578 1.5143575 1.2865145 1.2890698 0.8414983 0.7665223 1.7960952 0.5011951 1.7078721 1.5432227 0.9626097 1.6070249 1.7571434 1.5745658 1.7590423 1.6665424 1.2661684 1.4419112 1.6141622 1.5912550 0.8416148 3.1401160 1.3200317 1.5490737 1.5544179 1.6332191 1.4535194 1.3972104 1.4691402 1.4421540 1.4470170 1.3953606 1.4405750 1.4162542 1.5090880 1.5186302 1.5690932 1.8431316 1.8748849 1.6426385 1.6996083 1.7426115 1.5096720 1.6966969 3.8534630 2.5708405 2.5394655 3.9190636 4.2261954 2.8851534 0.9173097 0.4292160 0.4998531 0.6607372 0.4851820 0.7007095 0.7003293 1.4340039 3.7728894 
Beraby_Baby_sb344674                                   0.2447037 0.1718503 0.4088028 0.3881437 0.2178325 0.3921552 0.0000000 1.5611134 0.8669799 1.7044591 1.7245131 1.7101384 1.4332308 1.7050236 1.6725605 1.5979083 1.6029349 0.8244159 0.6982485 1.8937059 0.5098271 1.7884487 1.5779077 1.0028871 1.8755849 1.8177067 1.7239318 1.9680216 1.9267775 1.4781929 1.6777200 1.7091345 1.6965844 0.9399233 3.2750505 1.2893031 1.5767090 1.5413825 1.6326778 1.4533417 1.3347483 1.5557078 1.5532856 1.5372261 1.4977592 1.5129966 1.4797983 1.5462266 1.5207778 1.7515983 1.9814809 2.0196469 1.8710545 1.8861894 2.0648092 1.6404487 2.0557362 4.1980924 2.7804141 2.5531821 4.0190301 4.3143840 3.0991772 0.8620966 0.4766489 0.5877644 0.3760041 0.2984198 0.5807355 0.6650544 1.4203375 3.5850321 
Dpul_mRNA21741                                         1.0075918 0.5667721 1.7309625 0.6749025 0.3170081 1.4660608 1.5611134 0.0000000 0.3546893 0.4984905 0.6043565 0.5055949 0.3439192 0.5932093 0.3204379 0.5959888 0.5959888 0.5053843 0.5120739 1.2239193 0.2648372 1.2412017 1.1134946 0.7483455 1.0278546 1.2718813 0.9871437 1.0315586 0.9274122 0.4406918 0.5869402 0.9150139 0.9020167 0.6013036 1.4951331 0.7351606 0.9228825 0.8990719 0.9406010 0.8736461 0.8853141 0.9531555 0.9461632 0.9417013 0.9175500 0.9686714 0.8880106 0.9541870 0.9963317 0.8222154 1.0450673 1.1675094 1.0090482 1.1349913 1.3575613 1.1586000 1.4055622 1.3137029 1.5822971 1.5663238 1.9123927 2.0346930 1.5994593 3.9028720 1.9819392 3.8929385 2.9840511 3.0663545 3.0739370 3.0366070 0.9859378 1.8697524 
Lcom_lcpid255265                                       0.0000010 0.1290275 0.9670301 0.5927789 0.1501793 0.7086804 0.8669799 0.3546893 0.0000000 0.2009163 0.3443945 0.3322655 0.3024077 0.3705318 0.3202204 0.2456069 0.2456069 0.8242893 0.8276883 0.9172512 0.1770819 1.0370107 0.7759131 0.7565044 0.8208367 0.8090157 0.5519672 0.6414704 0.6637546 0.3598844 0.4438060 0.6170647 0.6170647 0.6969446 0.4760237 0.5318720 0.5193698 0.5000508 0.5264349 0.5706259 0.5813404 0.6422626 0.5463543 0.5240710 0.5427720 0.5463543 0.5390746 0.5390746 0.4953724 0.4746262 0.6677663 0.7079122 0.7313512 1.0608536 1.2635508 1.1480534 1.0830626 4.6449548 1.4042821 1.0399523 0.3651557 9.0000000 1.0701948 4.0318074 0.5811741 0.0000010 2.0922898 1.6403824 1.9284842 0.0000010 0.9394501 3.4172546 
Cgig_XM_011447764.3                                    0.8705549 0.5041311 1.6886131 0.6085908 0.3375832 1.5186132 1.7044591 0.4984905 0.2009163 0.0000000 0.6561764 0.6190029 0.4615051 0.7330462 0.5777649 0.4279708 0.4061463 0.5983124 0.6033520 1.1997825 0.2984843 1.3561316 1.2005444 0.7354058 1.1341509 1.3261149 1.0382147 1.1431758 1.0528328 0.4620265 0.6767780 0.9647422 0.9860822 0.5788474 1.7663721 0.7822929 0.9259326 0.9133597 0.9117157 0.8976486 0.8309949 1.0711734 1.0241750 1.0222321 0.9946998 1.0360361 0.9477821 1.0051287 1.1079800 0.9223209 1.1232646 1.2768595 1.1566516 1.2339106 1.3825665 1.2074438 1.4420154 1.7116389 1.5451989 1.8263988 2.1813034 2.6200624 1.8889661 4.6265954 2.1699832 4.9932214 3.1839824 3.4627699 2.9098608 3.7450713 1.0595506 2.0839418 
Hsap_ENST00000371244                                   1.0851340 0.6706939 1.7818028 0.7264848 0.4022003 1.5606555 1.7245131 0.6043565 0.3443945 0.6561764 0.0000000 0.6627403 0.6391817 0.7599589 0.6724654 0.7697424 0.7345556 0.7020094 0.7111216 1.3634113 0.4960283 1.3706706 1.1806107 0.8443005 1.2372043 1.4483400 1.0504316 1.1655313 1.0923877 0.5704682 0.7089711 0.9876836 1.0089629 0.6257300 1.8060625 0.8835943 1.0726131 1.0251864 1.0330024 1.0700582 1.0488731 1.1280858 0.9726777 0.9752958 1.0177355 1.0567657 0.9528505 0.9783718 1.0480895 0.4048652 1.0686893 1.3634762 1.1822270 1.1624040 1.5257112 1.1830727 1.5486993 2.0791953 1.9856874 1.8830053 2.5575294 3.4767997 1.7186968 5.1762796 2.2526816 5.3627245 3.0607615 3.1049028 3.0552241 3.3731341 1.2032802 2.4360421 
Skow_NM_001168029.1                                    0.9068446 0.6021057 1.7990577 0.6560601 0.3299592 1.5932676 1.7101384 0.5055949 0.3322655 0.6190029 0.6627403 0.0000000 0.5042588 0.5376400 0.5896342 0.5751861 0.5517473 0.5351536 0.5370043 1.2705060 0.3061700 1.3239033 1.1327238 0.7205474 1.1939841 1.2727017 0.9909198 1.0617247 1.1189854 0.5120166 0.6020852 0.9257064 0.9267087 0.5517774 1.6463727 0.7241346 0.9418648 0.9299324 0.9296842 0.9435317 0.8941781 1.0465852 0.9873770 0.9839344 0.9907312 1.0129085 0.9180417 0.9989013 1.0585525 0.8955613 1.1506045 1.3867403 1.1131192 1.1588473 1.4270727 1.1506181 1.4700492 1.5028019 1.5662443 1.8122457 2.2447788 2.1617827 1.8339997 3.6887034 2.1507345 4.3020420 3.2448838 3.4837978 3.1244991 3.4745854 1.0131279 1.7273839 
Cscu_XM_023378954.1                                    0.9513197 0.5297296 1.5137683 0.6061222 0.3025519 1.2643270 1.4332308 0.3439192 0.3024077 0.4615051 0.6391817 0.5042588 0.0000000 0.6128500 0.3674053 0.5184825 0.4975603 0.5988984 0.6241537 1.2718512 0.3189760 1.2805703 1.0552190 0.6785726 1.0231330 1.2875995 0.8754912 1.0079447 0.9570729 0.4015508 0.5753119 0.8600591 0.8618911 0.5269347 1.4198120 0.6695725 0.7869706 0.7571592 0.7812437 0.8139935 0.7660416 0.9000715 0.9165784 0.9118363 0.9101653 0.9549041 0.9048789 0.9481178 0.9651098 0.7624504 1.1442414 1.1095660 0.9660855 1.0501993 1.2198447 1.1406397 1.1742656 1.3787496 1.3328501 1.5195243 1.8968400 1.9160458 1.5983085 2.8118457 1.6936777 2.9001505 2.6900485 2.6649297 2.4707715 2.5089264 1.0358982 2.2771654 
Spur_XM_030996386.1                                    1.0256911 0.6008239 1.7135668 0.6917837 0.3607044 1.4930578 1.7050236 0.5932093 0.3705318 0.7330462 0.7599589 0.5376400 0.6128500 0.0000000 0.6876094 0.7255901 0.6864372 0.6527256 0.6161357 1.3330197 0.3300139 1.4277429 1.1321380 0.8393836 1.1463392 1.3494885 1.0663295 1.2242781 1.1475415 0.6057151 0.7341354 1.0128818 1.0123419 0.6507536 1.7973342 0.8523975 1.0367016 1.0690108 1.0649110 0.9971314 0.9882184 1.1013602 0.9803003 0.9963203 0.9565394 0.9794624 0.9750585 1.0077396 1.0471236 0.9663947 1.1215758 1.4170130 1.1423217 1.2170902 1.5200415 1.1440276 1.5597966 2.0321932 1.7679077 1.7205499 1.8114887 2.1564126 2.0863890 3.7169241 2.1072425 4.2690383 2.9798600 2.9933286 2.8678347 3.3703916 1.0476714 2.1328052 
Tcas_TC008646_001                                      0.9731885 0.5789906 1.8342073 0.6585304 0.3108529 1.5143575 1.6725605 0.3204379 0.3202204 0.5777649 0.6724654 0.5896342 0.3674053 0.6876094 0.0000000 0.5794051 0.5586103 0.5547301 0.5828602 1.2780277 0.3303695 1.3383676 1.0968079 0.6760960 1.1492731 1.2945958 0.9538335 1.0367382 1.0044986 0.5278269 0.6913487 0.8667145 0.8465622 0.5168115 1.4509737 0.7566034 0.9405527 0.9453849 0.9619007 0.9648548 0.8897147 1.0522077 0.8883481 0.8840018 0.8740773 0.9252346 0.8272044 0.8980375 0.9259030 0.7955971 1.0736788 1.2329337 1.1086682 1.1896692 1.4547003 1.1554412 1.4813019 1.6007361 1.7408341 1.6710595 2.4355915 2.3584276 1.6480784 4.0494031 2.0945992 4.5242038 3.2679121 3.6530966 3.3507364 3.8245257 1.1037353 2.3336406 
Acagra_model.g8166.t1                                  0.9930193 0.6190264 1.5750594 0.6748233 0.3871863 1.2865145 1.5979083 0.5959888 0.2456069 0.4279708 0.7697424 0.5751861 0.5184825 0.7255901 0.5794051 0.0000000 0.0000010 0.5536036 0.5459469 1.1262796 0.3514827 1.1970146 1.1593447 0.7969702 1.1447108 1.3557347 1.0788175 1.1584822 0.9994664 0.4333041 0.6953435 0.9435131 0.9420639 0.5866584 1.5740455 0.8661839 1.0050555 1.0292350 1.0699122 0.9664414 0.9776504 1.0863633 0.9966223 0.9962702 0.9756398 1.0295198 0.9675749 1.0076091 1.0704933 0.9312979 1.0997437 1.1870518 1.0988856 1.1848798 1.3861589 1.2195397 1.3731488 1.7849833 1.6710383 1.5529201 1.7826498 1.8781784 1.6566644 3.6302568 1.9837059 3.5426029 2.7249865 2.7026367 2.4081896 2.9721021 1.1462840 2.0733569 
Acagra_model.g8166.t1.1.5d3b853a                       0.9930193 0.6190264 1.5795722 0.6748233 0.3871863 1.2890698 1.6029349 0.5959888 0.2456069 0.4061463 0.7345556 0.5517473 0.4975603 0.6864372 0.5586103 0.0000010 0.0000000 0.5536036 0.5459469 1.1262796 0.3514827 1.1717509 1.1348974 0.7969702 1.1260514 1.3307818 1.0319036 1.1099796 0.9634518 0.4333041 0.6643767 0.9180617 0.9166806 0.5866584 1.5125015 0.8269896 0.9671473 0.9957933 1.0355191 0.9270724 0.9329809 1.0466527 0.9966223 0.9962702 0.9756398 1.0295198 0.9675749 1.0076091 1.0704933 0.8938273 1.0997437 1.1524713 1.0586121 1.1338077 1.3433849 1.2195397 1.3395344 1.6370387 1.5953196 1.5413743 1.7826498 1.5688959 1.6566644 3.6443818 1.9773559 3.5594951 2.7119969 2.6756772 2.4282470 3.0116559 1.0329425 2.0194737 
Stycar_maker-SC_scaffold73301-augustus-gene-0.3-mRNA-1 0.8439168 0.4825301 0.8076119 0.8246500 0.5774171 0.8414983 0.8244159 0.5053843 0.8242893 0.5983124 0.7020094 0.5351536 0.5988984 0.6527256 0.5547301 0.5536036 0.5536036 0.0000000 0.2722249 0.2562130 0.1384514 0.3209298 0.1521016 0.2482160 0.2371247 0.4876829 0.6075803 0.6026282 0.5749626 0.6236330 0.5220230 0.6468049 0.6468049 0.6594503 0.0000010 0.5621310 0.5621310 0.5897722 0.5897722 0.6014329 0.5699640 0.7159531 0.5330555 0.5452096 0.5297116 0.5297116 0.5399713 0.5399713 0.5806786 0.7739083 0.6714821 0.6548055 0.5334252 0.6168530 0.7230543 0.7209300 0.7424733 0.0000010 0.6679678 0.0000010 0.7887692 3.1410445 1.4943804 4.5189093 1.1212677 0.0000010 4.1238747 7.2202392 3.1909326 0.0000010 0.5340030 3.4377401 
Halamb_c66135_g1_i1m.46407                             0.8075630 0.4640262 0.6922130 0.7250987 0.4936570 0.7665223 0.6982485 0.5120739 0.8276883 0.6033520 0.7111216 0.5370043 0.6241537 0.6161357 0.5828602 0.5459469 0.5459469 0.2722249 0.0000000 0.0662480 0.0000010 0.1413993 0.2283708 0.3594601 0.3672719 0.3943191 0.5240727 0.4593495 0.6071361 0.6853700 0.6216926 0.5069247 0.5069247 0.5438934 0.0000010 0.5410070 0.5410070 0.5443533 0.5443533 0.5692113 0.6094422 0.5195855 0.4812563 0.4614774 0.4812563 0.4812563 0.4919595 0.4919595 0.4999913 0.8804855 0.5118618 0.6124621 0.5046719 0.4309526 0.7523431 0.6675401 0.5929961 0.0000010 0.5273837 0.6080665 1.5622179 9.0000000 2.1542043 4.7396486 0.8916892 0.0000010 2.9609491 1.7232027 2.3335106 0.0000010 0.5640064 9.0000000 
Halamb_c50540_g2_i1m.28563                             0.8923141 0.6358121 1.8065647 0.8380403 0.4759644 1.7960952 1.8937059 1.2239193 0.9172512 1.1997825 1.3634113 1.2705060 1.2718512 1.3330197 1.2780277 1.1262796 1.1262796 0.2562130 0.0662480 0.0000000 0.0463059 0.3063153 0.7234696 0.5045243 0.7911916 0.9626927 1.5201028 1.4062080 1.2556401 1.2537347 1.3048530 1.4427244 1.4592784 0.8480069 3.0527715 1.1224902 1.3190597 1.3764502 1.3892173 1.2617148 1.1674254 1.4215349 1.2643384 1.2645096 1.2929926 1.3448634 1.2608125 1.3155333 1.3943373 1.4336270 1.5185946 1.8957623 1.1690121 1.2046018 1.7848558 1.3751318 1.7474569 3.0801232 2.1598512 1.0985891 1.5147351 3.2905117 2.4387509 5.1771725 2.6101605 6.2855810 3.7623650 3.6430221 3.2720984 4.5171124 1.0504006 2.9090550 
Halamb_c4045_g1_i1m.649                                0.9169215 0.5345718 0.5037227 0.4904094 0.4904094 0.5011951 0.5098271 0.2648372 0.1770819 0.2984843 0.4960283 0.3061700 0.3189760 0.3300139 0.3303695 0.3514827 0.3514827 0.1384514 0.0000010 0.0463059 0.0000000 0.1300005 0.1184915 0.2107945 0.1913511 0.2363262 0.2861861 0.3280371 0.3173379 0.3991371 0.2944135 0.4120020 0.4120020 0.3912152 0.0000010 0.3393693 0.3393693 0.3634691 0.3634691 0.3862495 0.2934753 0.4121526 0.3556688 0.3707874 0.3568426 0.3568426 0.3661683 0.3661683 0.4062942 0.5596398 0.3435465 0.3440121 0.3303502 0.3869596 0.4945703 0.4354460 0.4626883 0.0000010 0.4775433 0.0000010 1.5622179 0.0000010 0.9902350 6.2269776 0.4066725 0.0000010 4.6165425 0.0000010 3.1885841 0.0000010 0.3408051 1.3982545 
Aque_Aqu2.1.43959_001                                  0.9819173 0.7052146 1.7803928 0.8695843 0.4929773 1.7078721 1.7884487 1.2412017 1.0370107 1.3561316 1.3706706 1.3239033 1.2805703 1.4277429 1.3383676 1.1970146 1.1717509 0.3209298 0.1413993 0.3063153 0.1300005 0.0000000 0.6910601 0.5067595 0.7389293 0.9661187 1.6035587 1.4969553 1.2615250 1.2352232 1.3587547 1.4182534 1.4350216 0.7757096 3.0314710 1.1194982 1.3353057 1.4147143 1.4690391 1.3167604 1.2393230 1.4082540 1.2139665 1.2149079 1.2176576 1.2741222 1.2313626 1.2678671 1.3222149 1.4535514 1.7830839 1.9546478 1.2801740 1.2671743 1.7876014 1.3416459 1.6782114 3.0043807 2.3471464 1.1182099 1.3968642 2.6526123 2.1922800 4.3791482 2.4193562 4.7696952 3.4830743 3.2906014 2.9265069 3.4862014 1.2490224 2.9637351 
Tetwil_g11378.t2                                       0.9057666 0.6137138 1.6737503 0.8324696 0.4733331 1.5432227 1.5779077 1.1134946 0.7759131 1.2005444 1.1806107 1.1327238 1.0552190 1.1321380 1.0968079 1.1593447 1.1348974 0.1521016 0.2283708 0.7234696 0.1184915 0.6910601 0.0000000 0.3201001 0.4574912 0.8499127 1.2392688 1.2819340 1.1646548 1.0897350 1.2090004 1.1191674 1.1472648 0.7348893 2.1623053 1.0609147 1.2146790 1.2855960 1.3164380 1.2258856 1.1628669 1.2762589 0.9945946 0.9964230 0.9995529 1.0334385 1.0275255 1.0567082 1.0346419 1.2150010 1.4557438 1.4835867 1.0652184 1.2311644 1.6071148 1.1864791 1.5602847 2.5082124 2.1288746 0.4668685 0.6542633 2.5075700 1.8410615 3.6875435 2.2861948 3.9685697 2.9963862 2.9195816 2.7164283 3.3017709 1.0875764 2.2065191 
Spolac_c99115_g2_i1_m.18849c99115-g1                   0.9212810 0.6852884 1.0939759 0.9255413 0.5603754 0.9626097 1.0028871 0.7483455 0.7565044 0.7354058 0.8443005 0.7205474 0.6785726 0.8393836 0.6760960 0.7969702 0.7969702 0.2482160 0.3594601 0.5045243 0.2107945 0.5067595 0.3201001 0.0000000 0.0515283 0.5496254 0.6948591 0.7253740 0.7679571 0.7559379 0.7322572 0.8531776 0.8817862 0.8137517 1.5146517 0.7080650 0.7189984 0.7275285 0.7416881 0.7257597 0.7280821 0.8165183 0.7220068 0.7295814 0.7309420 0.7559390 0.7340062 0.7573035 0.7396007 0.8588595 0.9043284 1.2165118 0.7257793 0.8573532 1.0530544 0.9490646 0.9760549 2.4102026 1.4011996 0.4873110 1.1522934 3.1410445 1.4037145 4.1907776 1.2912226 0.0000010 2.5386407 2.1124007 2.0765861 1.8357707 0.6398810 2.7263558 
Emue_Em0002g45a.t1                                     0.9126277 0.6633235 1.7477684 0.9379269 0.5403771 1.6070249 1.8755849 1.0278546 0.8208367 1.1341509 1.2372043 1.1939841 1.0231330 1.1463392 1.1492731 1.1447108 1.1260514 0.2371247 0.3672719 0.7911916 0.1913511 0.7389293 0.4574912 0.0515283 0.0000000 0.8608628 1.2210883 1.2708932 1.2377408 1.0567271 1.1746883 1.3110094 1.3267118 0.8077706 2.4226558 1.0483860 1.2101034 1.2700084 1.2978742 1.1436293 1.1237642 1.2345638 1.1311433 1.1527855 1.1799223 1.1997124 1.1700136 1.2036311 1.1877982 1.2184731 1.3779171 1.7056220 1.0944508 1.3058369 1.6188874 1.2792799 1.5935479 1.9964130 2.1565182 0.7469330 0.3411864 2.0563429 2.0913838 4.6402200 2.6023980 5.2036713 3.5544910 3.6768289 3.1906173 3.6483208 1.1996287 2.3125402 
Plespi_Pspi_C609066_01                                 1.1920456 0.8373222 1.9192709 0.9260851 0.6247962 1.7571434 1.8177067 1.2718813 0.8090157 1.3261149 1.4483400 1.2727017 1.2875995 1.3494885 1.2945958 1.3557347 1.3307818 0.4876829 0.3943191 0.9626927 0.2363262 0.9661187 0.8499127 0.5496254 0.8608628 0.0000000 1.4008818 1.4215410 1.3861590 1.2793276 1.3990167 1.2934146 1.2867942 0.8107462 2.4403398 1.2365699 1.4507804 1.3603570 1.3911574 1.3378417 1.2688426 1.5250728 1.2614178 1.2676695 1.2532374 1.2718533 1.2425164 1.2946539 1.2891806 1.5199207 1.2738357 1.6949935 1.3001475 1.4950020 1.8331100 1.3380719 1.6718624 3.2506952 2.4273797 1.2620121 2.4860842 3.3095206 2.5837085 3.9337550 2.2149874 3.7549735 3.2247726 3.2327498 3.0700647 3.3825223 1.4733888 3.0749011 
Dgig_XM_028547776.1                                    1.1084071 0.6229821 1.8351893 0.7599212 0.4164361 1.5745658 1.7239318 0.9871437 0.5519672 1.0382147 1.0504316 0.9909198 0.8754912 1.0663295 0.9538335 1.0788175 1.0319036 0.6075803 0.5240727 1.5201028 0.2861861 1.6035587 1.2392688 0.6948591 1.2210883 1.4008818 0.0000000 0.2819561 1.0443409 0.9607099 0.9857900 0.9311295 0.9500627 0.6269133 1.5999710 0.5826165 0.7281414 0.7186427 0.7383650 0.7485669 0.6646431 0.8664800 1.1479659 1.1606569 1.1738763 1.2023955 1.1142574 1.1561761 1.1601095 1.1555445 1.1824633 1.3857452 1.1773875 1.2092952 1.4117497 1.0507517 1.4285789 0.8957042 1.3144365 2.3180565 2.7087061 1.7697430 1.7816332 4.4143190 2.2468476 5.2111536 3.4436068 3.7990922 3.2792967 3.7180453 1.0174755 2.4666673 
Xesp_000949-T1                                         1.1441877 0.5931759 1.9914033 0.8348335 0.4173583 1.7590423 1.9680216 1.0315586 0.6414704 1.1431758 1.1655313 1.0617247 1.0079447 1.2242781 1.0367382 1.1584822 1.1099796 0.6026282 0.4593495 1.4062080 0.3280371 1.4969553 1.2819340 0.7253740 1.2708932 1.4215410 0.2819561 0.0000000 1.0101767 1.0430120 1.0780616 0.9409736 0.9484308 0.6336492 1.4801221 0.6255913 0.7718353 0.7700739 0.8002778 0.8124622 0.6997627 0.8959563 1.2121770 1.2162403 1.2500437 1.2836891 1.1848350 1.2495966 1.1873519 1.2648294 1.1629472 1.3567605 1.2659987 1.3536481 1.4679594 1.1172615 1.5349817 0.9091649 1.3010899 2.3799024 2.8357509 1.7300981 1.7761540 4.7230209 2.6385187 5.7413256 4.1967194 4.6756614 3.8616076 4.2804237 0.9675056 2.4377793 
Chem_TCONS_00068051                                    1.1772161 0.6972029 1.9719626 0.9361016 0.4826193 1.6665424 1.9267775 0.9274122 0.6637546 1.0528328 1.0923877 1.1189854 0.9570729 1.1475415 1.0044986 0.9994664 0.9634518 0.5749626 0.6071361 1.2556401 0.3173379 1.2615250 1.1646548 0.7679571 1.2377408 1.3861590 1.0443409 1.0101767 0.0000000 0.9597554 1.0097243 0.6782769 0.6761169 0.3973175 1.1779101 0.7991712 0.9124169 0.9469469 0.9633076 0.8449485 0.7526840 0.9863586 1.0578212 1.0599533 1.0672779 1.1218379 1.0617661 1.1097640 1.1668608 1.1351568 0.6173530 1.0633601 1.2274382 1.3692145 1.4038599 1.1544214 1.4890509 1.5341362 1.6196351 1.9369041 2.2258777 1.7909799 0.7184379 4.3808275 2.5321767 4.9762085 3.5265471 3.5199433 3.5287072 3.8391335 0.8140147 2.6787323 
Ctel_gnl_WGS_AMQN_CAPTEDRAFT_mRNA227168                0.8454331 0.5793799 1.5185849 0.6029528 0.3257982 1.2661684 1.4781929 0.4406918 0.3598844 0.4620265 0.5704682 0.5120166 0.4015508 0.6057151 0.5278269 0.4333041 0.4333041 0.6236330 0.6853700 1.2537347 0.3991371 1.2352232 1.0897350 0.7559379 1.0567271 1.2793276 0.9607099 1.0430120 0.9597554 0.0000000 0.5333234 0.8857825 0.8803785 0.5193498 1.6820272 0.7524038 0.8916463 0.8959734 0.9154492 0.8632737 0.8113288 0.8816017 0.9913650 0.9890382 0.9765164 0.9887164 0.9419729 0.9551510 1.0585263 0.6913294 1.1418147 1.2654295 1.0556111 1.0191505 1.2996256 1.2025815 1.4044659 1.4614835 1.4814566 1.6963971 1.8470345 2.5683586 1.7599229 3.5783896 1.8213706 3.2356545 2.6257818 2.5373862 2.5813487 2.8172937 0.8692628 2.1693796 
Bralan_BLAG13000754_3                                  0.9614202 0.6094761 1.8363448 0.6648699 0.3794109 1.4419112 1.6777200 0.5869402 0.4438060 0.6767780 0.7089711 0.6020852 0.5753119 0.7341354 0.6913487 0.6953435 0.6643767 0.5220230 0.6216926 1.3048530 0.2944135 1.3587547 1.2090004 0.7322572 1.1746883 1.3990167 0.9857900 1.0780616 1.0097243 0.5333234 0.0000000 0.9697042 0.9613966 0.5862883 1.7551412 0.7603434 0.9897931 0.9599842 0.9847361 0.9607088 0.8987283 1.0058640 1.0420368 1.0448499 1.0463389 1.0901998 1.0097218 1.0638078 1.1550292 0.8468875 1.1123331 1.3319680 1.1709479 1.1997620 1.4000906 1.1350087 1.4192539 1.3984378 1.6151075 1.5890968 2.4903585 1.9165267 1.8101635 4.2520887 2.1337072 4.3228104 3.0454886 3.2243309 3.1937770 2.9954065 1.1064395 2.3168465 
Nemnom_g12723.t1                                       1.2376038 0.6765027 1.7341635 0.8257030 0.4792825 1.6141622 1.7091345 0.9150139 0.6170647 0.9647422 0.9876836 0.9257064 0.8600591 1.0128818 0.8667145 0.9435131 0.9180617 0.6468049 0.5069247 1.4427244 0.4120020 1.4182534 1.1191674 0.8531776 1.3110094 1.2934146 0.9311295 0.9409736 0.6782769 0.8857825 0.9697042 0.0000000 0.0284737 0.1173293 0.1601150 0.7498667 0.8595297 0.8880806 0.9178570 0.8997318 0.8326283 0.9280208 0.9969405 0.9996805 1.0439639 1.0935417 0.9856924 1.0209284 1.0727581 1.0671831 0.4927148 0.3542998 1.0806107 1.2213890 1.3541731 1.1315733 1.3737774 1.4029038 1.6325174 1.9984042 2.3473015 0.7353716 1.2719562 4.0426019 2.2975234 4.2084592 3.0521852 3.1222040 2.7117073 3.3156388 0.9052614 2.2539451 
Rhoesc_Res_016719-T1                                   1.2431835 0.6637298 1.7283434 0.8473040 0.4644424 1.5912550 1.6965844 0.9020167 0.6170647 0.9860822 1.0089629 0.9267087 0.8618911 1.0123419 0.8465622 0.9420639 0.9166806 0.6468049 0.5069247 1.4592784 0.4120020 1.4350216 1.1472648 0.8817862 1.3267118 1.2867942 0.9500627 0.9484308 0.6761169 0.8803785 0.9613966 0.0284737 0.0000000 0.1178871 0.1510529 0.7710418 0.8768403 0.9112403 0.9392824 0.9163691 0.8531587 0.9387362 0.9987318 1.0014724 1.0285174 1.0799073 0.9874765 1.0179843 1.0654058 1.0911735 0.4942387 0.3679683 1.0755516 1.2510022 1.3526186 1.1349208 1.3714839 1.4091472 1.6556642 1.9582759 2.2660205 0.7353716 1.2435579 3.8181664 2.2313236 4.1663140 3.0151137 3.0787935 2.7187761 3.2677570 0.9197511 2.2956776 
Aaur_scaffold492.g9.t2                                 1.2225347 0.6663869 1.1051956 0.8497016 0.4777638 0.8416148 0.9399233 0.6013036 0.6969446 0.5788474 0.6257300 0.5517774 0.5269347 0.6507536 0.5168115 0.5866584 0.5866584 0.6594503 0.5438934 0.8480069 0.3912152 0.7757096 0.7348893 0.8137517 0.8077706 0.8107462 0.6269133 0.6336492 0.3973175 0.5193498 0.5862883 0.1173293 0.1178871 0.0000000 0.1823660 0.5144578 0.5172403 0.5069851 0.5299213 0.5509426 0.5326733 0.6459663 0.5999118 0.6167752 0.6093260 0.6588110 0.6164242 0.6373209 0.6761194 0.6693594 0.2844346 0.2993269 0.6507648 0.7403985 0.8706330 0.7853773 0.7646590 8.9999985 1.2569703 1.2665146 1.3210442 5.6586863 0.8657826 4.3379634 1.2192765 1.9185905 2.4601658 2.0667891 2.1651258 1.6527238 0.4411263 1.9089873 
Aaur_scaffold492.g8.t1                                 0.0000010 0.6882652 2.9013379 2.3123505 0.0000010 3.1401160 3.2750505 1.4951331 0.4760237 1.7663721 1.8060625 1.6463727 1.4198120 1.7973342 1.4509737 1.5740455 1.5125015 0.0000010 0.0000010 3.0527715 0.0000010 3.0314710 2.1623053 1.5146517 2.4226558 2.4403398 1.5999710 1.4801221 1.1779101 1.6820272 1.7551412 0.1601150 0.1510529 0.1823660 0.0000000 1.4596384 1.5809446 1.7622342 1.8603192 1.7163895 1.6667110 1.6689276 1.9073899 1.8865352 2.0147248 2.0339631 1.8098403 1.8655792 1.9171982 2.1218571 0.7965145 0.3842763 2.1662866 2.3611560 2.3552388 2.8038769 2.5899731 1.3047222 2.1318648 2.3998382 2.3487686 0.7318830 1.3946357 3.2210164 2.9558915 3.8649140 3.1989101 3.1369608 3.0194265 3.3341067 6.5219601 2.4140399 
Fspp_ffun1.m4.17474.m1                                 0.9674155 0.5632247 1.4124004 0.7315823 0.3778123 1.3200317 1.2893031 0.7351606 0.5318720 0.7822929 0.8835943 0.7241346 0.6695725 0.8523975 0.7566034 0.8661839 0.8269896 0.5621310 0.5410070 1.1224902 0.3393693 1.1194982 1.0609147 0.7080650 1.0483860 1.2365699 0.5826165 0.6255913 0.7991712 0.7524038 0.7603434 0.7498667 0.7710418 0.5144578 1.4596384 0.0000000 0.0649090 0.1019632 0.1022546 0.1510242 0.1537595 0.4516884 0.8408243 0.8426782 0.8556218 0.8831135 0.8311394 0.8654639 0.9182755 0.8815116 0.7536444 1.0903891 0.9891725 1.1920487 1.1116931 1.0323321 1.1206291 0.5519743 0.4041830 1.5188075 1.8463703 1.3271302 1.4853603 3.9963049 1.8313728 4.2835547 2.6348296 2.6738686 2.3714072 2.8060266 0.9203014 2.2556327 
Gasp_gasp1.m3.7731.m1                                  0.9763534 0.5632247 1.6688345 0.7173838 0.3778123 1.5490737 1.5767090 0.9228825 0.5193698 0.9259326 1.0726131 0.9418648 0.7869706 1.0367016 0.9405527 1.0050555 0.9671473 0.5621310 0.5410070 1.3190597 0.3393693 1.3353057 1.2146790 0.7189984 1.2101034 1.4507804 0.7281414 0.7718353 0.9124169 0.8916463 0.9897931 0.8595297 0.8768403 0.5172403 1.5809446 0.0649090 0.0000000 0.1600810 0.1487354 0.1988487 0.1940085 0.5009738 1.0663188 1.0616549 1.0808492 1.1094800 1.0536407 1.0745114 1.1178321 1.0689044 0.9245589 1.2312205 1.1623886 1.3458903 1.3770801 1.0478978 1.3859953 0.5737806 0.4925537 1.8528895 2.2721714 1.4233700 1.7162345 4.4952894 2.1457135 4.7254213 2.9648604 3.2434387 3.0512266 3.3088856 0.9021421 2.3257193 
Spis_XP_022798622_1                                    1.0151116 0.5625668 1.7135727 0.7119424 0.3813933 1.5544179 1.5413825 0.8990719 0.5000508 0.9133597 1.0251864 0.9299324 0.7571592 1.0690108 0.9453849 1.0292350 0.9957933 0.5897722 0.5443533 1.3764502 0.3634691 1.4147143 1.2855960 0.7275285 1.2700084 1.3603570 0.7186427 0.7700739 0.9469469 0.8959734 0.9599842 0.8880806 0.9112403 0.5069851 1.7622342 0.1019632 0.1600810 0.0000000 0.0503160 0.2370622 0.1824138 0.5452983 1.0944642 1.0973089 1.1215385 1.1468465 1.0874134 1.1072160 1.1717703 1.0317393 0.9350049 1.2525471 1.1806743 1.3386133 1.3366261 1.0103301 1.3366236 0.6365240 0.4832509 1.9195061 2.5175049 1.8184548 1.7488392 4.3499293 1.9739001 3.9102171 2.8514282 3.1425989 2.9292539 3.0725193 0.9616384 2.3110052 
Pocdam_XM_027190931.1                                  0.9845546 0.5686246 1.7964667 0.7182441 0.3813933 1.6332191 1.6326778 0.9406010 0.5264349 0.9117157 1.0330024 0.9296842 0.7812437 1.0649110 0.9619007 1.0699122 1.0355191 0.5897722 0.5443533 1.3892173 0.3634691 1.4690391 1.3164380 0.7416881 1.2978742 1.3911574 0.7383650 0.8002778 0.9633076 0.9154492 0.9847361 0.9178570 0.9392824 0.5299213 1.8603192 0.1022546 0.1487354 0.0503160 0.0000000 0.2229315 0.1799609 0.5328244 1.1033539 1.1062282 1.1357759 1.1611611 1.0972632 1.1092231 1.1965157 1.0248110 0.9389133 1.2971256 1.2152152 1.3858238 1.3955723 1.0304366 1.3731845 0.5928078 0.4581990 1.9968688 2.5926841 1.7730025 1.7783183 4.9193733 2.1465633 4.7448884 3.1508207 3.4868857 3.1923577 3.3732306 0.9398644 2.3083232 
Gfas_gfas1.m1.1962.m1                                  0.9218891 0.5450643 1.6236895 0.7004118 0.3833301 1.4535194 1.4533417 0.8736461 0.5706259 0.8976486 1.0700582 0.9435317 0.8139935 0.9971314 0.9648548 0.9664414 0.9270724 0.6014329 0.5692113 1.2617148 0.3862495 1.3167604 1.2258856 0.7257597 1.1436293 1.3378417 0.7485669 0.8124622 0.8449485 0.8632737 0.9607088 0.8997318 0.9163691 0.5509426 1.7163895 0.1510242 0.1988487 0.2370622 0.2229315 0.0000000 0.1171949 0.4887884 1.0235867 1.0354707 1.0427305 1.0641886 0.9961727 1.0080936 1.0863089 1.0845403 0.9240183 1.2913190 1.1419835 1.2930834 1.2354236 1.0182495 1.2057887 0.5243039 0.3209975 1.8176617 1.8962287 1.5434167 1.6017138 3.8139037 2.0116534 4.4521742 2.8883110 3.1221351 2.8980227 3.0905451 0.9621281 2.2758690 
Amil_Amillepora26209-RA                                0.9306932 0.5828520 1.5369629 0.6973120 0.3960875 1.3972104 1.3347483 0.8853141 0.5813404 0.8309949 1.0488731 0.8941781 0.7660416 0.9882184 0.8897147 0.9776504 0.9329809 0.5699640 0.6094422 1.1674254 0.2934753 1.2393230 1.1628669 0.7280821 1.1237642 1.2688426 0.6646431 0.6997627 0.7526840 0.8113288 0.8987283 0.8326283 0.8531587 0.5326733 1.6667110 0.1537595 0.1940085 0.1824138 0.1799609 0.1171949 0.0000000 0.4820923 0.9570963 0.9534045 0.9487242 0.9784039 0.9123500 0.9443079 1.0300645 1.0609382 0.8762314 1.2610887 1.0490710 1.2580254 1.2505059 1.1062830 1.2223305 0.5899405 0.1656422 1.7693339 2.4751913 1.9671600 1.6764565 3.9456215 1.8703600 4.2157836 2.7172748 2.6783883 2.5820771 2.8273099 0.9735064 2.2569694 
Nvec_v1g171208                                         0.8528172 0.5764119 1.5565818 0.6960157 0.3631410 1.4691402 1.5557078 0.9531555 0.6422626 1.0711734 1.1280858 1.0465852 0.9000715 1.1013602 1.0522077 1.0863633 1.0466527 0.7159531 0.5195855 1.4215349 0.4121526 1.4082540 1.2762589 0.8165183 1.2345638 1.5250728 0.8664800 0.8959563 0.9863586 0.8816017 1.0058640 0.9280208 0.9387362 0.6459663 1.6689276 0.4516884 0.5009738 0.5452983 0.5328244 0.4887884 0.4820923 0.0000000 1.1859332 1.1889857 1.2164036 1.2237400 1.1667104 1.2230028 1.2469106 1.1019201 1.0327172 1.2869194 1.2040178 1.2923359 1.3903203 1.2030313 1.4339481 0.5137579 0.8295008 2.0870016 2.0064767 1.7939191 1.8400121 4.2676066 2.1799986 4.2069455 2.8124608 3.0115438 2.7009482 2.9912179 1.0656233 2.6956668 
HoiH23_PlH23_001535-RA                                 0.8123112 0.5886596 1.6074989 0.7337609 0.3946342 1.4421540 1.5532856 0.9461632 0.5463543 1.0241750 0.9726777 0.9873770 0.9165784 0.9803003 0.8883481 0.9966223 0.9966223 0.5330555 0.4812563 1.2643384 0.3556688 1.2139665 0.9945946 0.7220068 1.1311433 1.2614178 1.1479659 1.2121770 1.0578212 0.9913650 1.0420368 0.9969405 0.9987318 0.5999118 1.9073899 0.8408243 1.0663188 1.0944642 1.1033539 1.0235867 0.9570963 1.1859332 0.0000000 0.0098201 0.0482431 0.0535145 0.1190275 0.1023657 0.0914089 1.0071784 0.9971848 1.2746783 1.1005951 1.2455868 1.4678207 1.3196939 1.5725089 2.5615395 1.9522787 1.6319551 2.1762315 2.9038406 1.9997774 4.0462980 2.2322450 4.0648459 2.9966034 3.1131940 2.6206643 3.3552881 1.1422933 2.6912356 
HoiH06_mRNA12419                                       0.8275809 0.5966843 1.6122649 0.7347965 0.3937910 1.4470170 1.5372261 0.9417013 0.5240710 1.0222321 0.9752958 0.9839344 0.9118363 0.9963203 0.8840018 0.9962702 0.9962702 0.5452096 0.4614774 1.2645096 0.3707874 1.2149079 0.9964230 0.7295814 1.1527855 1.2676695 1.1606569 1.2162403 1.0599533 0.9890382 1.0448499 0.9996805 1.0014724 0.6167752 1.8865352 0.8426782 1.0616549 1.0973089 1.1062282 1.0354707 0.9534045 1.1889857 0.0098201 0.0000000 0.0534440 0.0587447 0.1240790 0.1051252 0.0853585 1.0102263 1.0051852 1.2845168 1.0985795 1.2465520 1.4780485 1.3308453 1.5949946 2.5209979 1.9388874 1.6317333 2.2036063 2.9823524 2.0007234 4.0293446 2.2116102 4.0397123 2.9680429 3.0765702 2.6144394 3.3852998 1.1482642 2.6825495 
Hhon_g03499.t1                                         0.8080241 0.5862011 1.5751865 0.7199717 0.3915811 1.3953606 1.4977592 0.9175500 0.5427720 0.9946998 1.0177355 0.9907312 0.9101653 0.9565394 0.8740773 0.9756398 0.9756398 0.5297116 0.4812563 1.2929926 0.3568426 1.2176576 0.9995529 0.7309420 1.1799223 1.2532374 1.1738763 1.2500437 1.0672779 0.9765164 1.0463389 1.0439639 1.0285174 0.6093260 2.0147248 0.8556218 1.0808492 1.1215385 1.1357759 1.0427305 0.9487242 1.2164036 0.0482431 0.0534440 0.0000000 0.0098612 0.1180756 0.1046996 0.1096616 1.0537431 1.0212373 1.3411668 1.1283948 1.2598957 1.4949760 1.2959745 1.5714655 2.5780646 1.9554168 1.5995579 2.2661238 3.0786005 1.9139009 3.6399613 2.0803229 3.7415797 2.8901718 2.9827822 2.5424320 3.3870006 1.1457455 2.5744260 
HoiH04_mRNA7179                                        0.9401325 0.5949030 1.6065950 0.7427089 0.3915811 1.4405750 1.5129966 0.9686714 0.5463543 1.0360361 1.0567657 1.0129085 0.9549041 0.9794624 0.9252346 1.0295198 1.0295198 0.5297116 0.4812563 1.3448634 0.3568426 1.2741222 1.0334385 0.7559390 1.1997124 1.2718533 1.2023955 1.2836891 1.1218379 0.9887164 1.0901998 1.0935417 1.0799073 0.6588110 2.0339631 0.8831135 1.1094800 1.1468465 1.1611611 1.0641886 0.9784039 1.2237400 0.0535145 0.0587447 0.0098612 0.0000000 0.1149739 0.1275874 0.1102142 1.0938374 1.0247001 1.3876804 1.1488404 1.3033832 1.5148330 1.2816710 1.5473890 2.6033036 1.9909747 1.6094437 2.3137880 3.0698321 1.9251996 3.6668953 2.1088537 3.7722696 2.8989151 2.9939643 2.5535500 3.3754374 1.2547687 2.6213654 
Tadh_TriadT37919                                       0.8635531 0.6159894 1.5820215 0.7395458 0.4143563 1.4162542 1.4797983 0.8880106 0.5390746 0.9477821 0.9528505 0.9180417 0.9048789 0.9750585 0.8272044 0.9675749 0.9675749 0.5399713 0.4919595 1.2608125 0.3661683 1.2313626 1.0275255 0.7340062 1.1700136 1.2425164 1.1142574 1.1848350 1.0617661 0.9419729 1.0097218 0.9856924 0.9874765 0.6164242 1.8098403 0.8311394 1.0536407 1.0874134 1.0972632 0.9961727 0.9123500 1.1667104 0.1190275 0.1240790 0.1180756 0.1149739 0.0000000 0.0333709 0.1741887 1.0247157 0.9925215 1.2219150 1.0809740 1.2280436 1.4632474 1.2759060 1.4941950 2.4286951 1.8808715 1.6400483 2.0658309 2.3344663 1.8767083 3.6968790 2.0321771 3.4656677 2.7827864 2.9462162 2.5178428 3.1399773 1.1223267 2.6225765 
TrH2_TrispH2_001398-RA                                 0.9355913 0.6070342 1.6554829 0.8110743 0.4143563 1.5090880 1.5462266 0.9541870 0.5390746 1.0051287 0.9783718 0.9989013 0.9481178 1.0077396 0.8980375 1.0076091 1.0076091 0.5399713 0.4919595 1.3155333 0.3661683 1.2678671 1.0567082 0.7573035 1.2036311 1.2946539 1.1561761 1.2495966 1.1097640 0.9551510 1.0638078 1.0209284 1.0179843 0.6373209 1.8655792 0.8654639 1.0745114 1.1072160 1.1092231 1.0080936 0.9443079 1.2230028 0.1023657 0.1051252 0.1046996 0.1275874 0.0333709 0.0000000 0.1547598 1.0466290 1.0126929 1.2696987 1.1354156 1.2980517 1.5456036 1.2928947 1.5305101 2.4567623 1.8882446 1.6265825 2.0268683 2.3344663 1.8872081 4.1000391 2.1437297 3.9295307 2.8821466 3.0471030 2.6329386 3.3263590 1.1547284 2.6225765 
HoiH11_mRNA5282                                        0.8706066 0.5948509 1.6584427 0.7712692 0.3923922 1.5186302 1.5207778 0.9963317 0.4953724 1.1079800 1.0480895 1.0585525 0.9651098 1.0471236 0.9259030 1.0704933 1.0704933 0.5806786 0.4999913 1.3943373 0.4062942 1.3222149 1.0346419 0.7396007 1.1877982 1.2891806 1.1601095 1.1873519 1.1668608 1.0585263 1.1550292 1.0727581 1.0654058 0.6761194 1.9171982 0.9182755 1.1178321 1.1717703 1.1965157 1.0863089 1.0300645 1.2469106 0.0914089 0.0853585 0.1096616 0.1102142 0.1741887 0.1547598 0.0000000 1.1049691 1.0091565 1.4298268 1.1505996 1.3067634 1.5192738 1.3309564 1.6522342 2.6308878 2.1372505 1.6995018 2.2851961 2.9584902 1.9415126 3.9371907 2.2115326 4.1423614 3.1375333 3.2049031 2.6830984 3.5537626 1.2404292 2.6556682 
Hsap_ENST00000354209                                   1.1357210 0.7038225 1.8946233 0.8271218 0.4515304 1.5690932 1.7515983 0.8222154 0.4746262 0.9223209 0.4048652 0.8955613 0.7624504 0.9663947 0.7955971 0.9312979 0.8938273 0.7739083 0.8804855 1.4336270 0.5596398 1.4535514 1.2150010 0.8588595 1.2184731 1.5199207 1.1555445 1.2648294 1.1351568 0.6913294 0.8468875 1.0671831 1.0911735 0.6693594 2.1218571 0.8815116 1.0689044 1.0317393 1.0248110 1.0845403 1.0609382 1.1019201 1.0071784 1.0102263 1.0537431 1.0938374 1.0247157 1.0466290 1.1049691 0.0000000 1.1682174 1.4159562 1.2307913 1.2695022 1.5604486 1.2598640 1.5672209 1.7123246 1.9577763 1.9733245 2.0493406 3.2363354 1.9820462 4.9431451 2.4153283 4.4894799 3.1769716 3.3738355 3.3374575 3.1911390 1.2597515 2.7743510 
Morvir_scaffold367.g23.t1                              1.3491513 0.4481094 2.0549458 0.9290649 0.4161491 1.8431316 1.9814809 1.0450673 0.6677663 1.1232646 1.0686893 1.1506045 1.1442414 1.1215758 1.0736788 1.0997437 1.0997437 0.6714821 0.5118618 1.5185946 0.3435465 1.7830839 1.4557438 0.9043284 1.3779171 1.2738357 1.1824633 1.1629472 0.6173530 1.1418147 1.1123331 0.4927148 0.4942387 0.2844346 0.7965145 0.7536444 0.9245589 0.9350049 0.9389133 0.9240183 0.8762314 1.0327172 0.9971848 1.0051852 1.0212373 1.0247001 0.9925215 1.0126929 1.0091565 1.1682174 0.0000000 0.4423443 1.1307071 1.4909820 1.4962167 1.3825607 1.4915018 1.6597880 1.4536261 1.9859426 1.9577732 8.9999990 0.9528257 5.4961371 2.3167039 7.0108220 3.4466990 3.7503421 3.5667179 4.2201930 0.7079397 1.9225212 
