78
Halamb_c39385_g4_i1m.11691                          0.0000000 1.3000649 4.0078081 3.4724808 3.0542026 2.8993138 2.9956742 2.8693569 3.0075041 2.6311261 2.5379001 3.0736351 3.2624989 3.1532685 3.4690385 3.5022363 2.7654690 3.3069812 3.6313575 3.1748287 2.9651665 3.2012387 1.0323217 3.1817669 2.4244325 2.4035288 2.3829051 2.0477825 0.0000010 3.3391869 2.3052844 3.1067925 0.0000010 3.1783817 3.2109198 3.9441216 3.0135445 1.4658821 3.2842593 2.8565321 4.5169652 2.5755114 3.5831831 2.5775034 2.5775034 2.5529251 4.0292660 3.4602830 3.5884111 3.3166362 3.3222662 3.5543852 3.3587286 3.7426664 3.8533794 3.5861484 3.1601975 3.8432242 2.6145102 4.5209572 4.4735640 3.3624091 3.7532064 2.8932183 2.9442876 3.0100444 2.9659031 2.2881653 3.3444879 2.8877233 2.7890034 3.5209355 3.5554410 3.4250548 3.7518313 7.3002807 3.5788664 2.6853799 
Aque_Aqu2.1.43602_001                               1.3000649 0.0000000 0.5861456 2.3758937 3.5436768 3.6560732 3.7399363 3.7448471 3.7709779 3.7264754 2.9573019 3.5146275 3.7039153 3.6876659 4.0282739 3.6649497 2.1533480 3.9176086 3.7101444 3.9111362 3.9917352 3.4519411 2.1289311 1.3411618 2.8959806 2.9632126 2.0128937 2.5498803 3.0221943 3.7903617 1.5821314 3.7600405 4.8394506 3.8579022 2.3016876 2.3395243 3.8430067 1.4984499 4.2219868 2.1160750 4.6171652 2.0649859 2.9395407 3.7620443 3.7023309 3.7411780 4.2317920 3.1266528 3.7410032 2.9318503 4.1941233 3.9911747 4.1165129 3.6375337 2.3703728 4.2626410 4.0438905 4.4655496 4.1740685 1.6980637 1.6804579 3.9599756 3.8320194 4.1822131 3.3673822 3.4314849 4.1703437 3.2698479 3.9695986 4.0005107 2.8025026 1.4578112 0.9298980 3.9049689 3.0981213 4.4947819 3.6291777 3.2468055 
Halamb_c18077_g1_i1m.3074                           4.0078081 0.5861456 0.0000000 1.1138611 1.4326952 1.3004802 1.3161342 1.2948809 1.3665556 0.0000010 0.0000010 1.3431200 1.4362180 1.4714496 1.5972947 1.5899102 1.4886489 1.7261316 1.5652147 1.3299245 1.3874636 2.0559733 1.7688008 0.0000010 1.1910163 1.1910163 2.6751132 1.0941277 0.8972152 1.2521280 0.0000010 1.1847605 0.0000010 3.4330086 0.0000010 1.4949604 0.0000010 0.0000010 1.4866892 1.4703282 3.7274108 0.0000010 0.0000010 1.0621934 0.0000010 0.0000010 1.5013872 1.6813963 1.2935669 3.9250198 0.0000010 1.4226839 1.4128686 1.3262362 1.5128197 1.3373900 0.0000010 2.4292959 0.0000010 0.0000010 0.0000010 1.6451479 0.0000010 1.4797667 1.6185350 0.0000010 1.6185350 0.3974020 2.7306441 5.1014444 5.0345068 1.6268459 0.0000010 2.9803227 0.0000010 5.5755654 2.4596958 1.6456498 
Amil_Amillepora00934-RA                             3.4724808 2.3758937 1.1138611 0.0000000 0.0562038 0.3341128 0.3062831 0.3502203 0.3413775 3.0092981 0.0000010 0.7095504 0.9573666 0.9870351 1.0081829 1.1993874 1.2582078 1.5622747 1.2371990 1.3831669 1.3516126 3.3154137 2.2849190 0.0000010 2.0874633 2.0874633 1.6960828 2.3052678 0.0000010 1.0499371 1.4134643 1.1984164 0.0000010 0.0000010 0.0000010 1.4662914 0.0000010 0.0000010 1.4516281 1.2995667 4.5493828 0.0000010 0.0000010 3.1798755 1.3444347 2.8898338 1.3720087 0.8541824 1.3140893 3.9864443 8.9999982 1.0058633 0.9882410 1.4461170 1.4534787 1.4555049 0.0000010 3.9812053 0.0000010 0.0000010 0.0000010 1.0256714 1.8162504 1.2060593 1.5832606 0.0000010 1.6539409 0.0000010 2.1940127 2.0099983 3.5890526 1.6680044 0.0000010 2.6960581 7.5031355 2.7525903 1.3515522 2.9987478 
Adig_XM_015904674.1                                 3.0542026 3.5436768 1.4326952 0.0562038 0.0000000 0.3718249 0.4217826 0.5112626 0.4952437 0.4385863 0.4191898 1.0305205 2.3128797 1.8454106 2.0071736 2.1100596 1.2105078 2.9372301 2.5064300 2.4869099 2.4573238 4.0674791 2.2755936 1.6692146 3.3038793 3.3731479 2.7258204 3.1150908 3.0848243 2.1290613 1.4008708 2.2642912 4.2506053 2.8983971 1.4246210 1.4408019 3.3284519 1.1244864 3.4337159 1.3165607 3.5875525 1.8975804 2.5103151 2.3623043 2.2887900 3.1348829 3.3185375 1.7269050 2.4499949 1.9344180 2.7357321 2.2000766 2.4118142 2.8506349 1.4275160 3.2627300 3.1317293 3.5128371 3.1115361 3.2821319 3.6225671 2.4912224 2.8430655 2.6486987 2.5922045 3.0525513 3.2851846 0.9745351 2.9864840 2.7149755 2.8919192 2.8410961 2.6710616 2.8544695 2.8351326 2.7644797 3.0103539 3.5120552 
Gfas_gfas1.m1.13433.m1                              2.8993138 3.6560732 1.3004802 0.3341128 0.3718249 0.0000000 0.3019977 0.3853629 0.3750697 0.3083349 0.3452036 0.9733133 2.2730608 1.9035172 1.9584937 2.1007297 1.2206209 2.9662584 2.4769389 2.4519987 2.4392531 4.0382071 2.3390351 1.6678853 3.4592233 3.5194443 2.6481504 3.1812664 3.1071083 2.1573296 1.4073719 2.3205037 4.3894187 3.2827590 1.4309180 1.4264628 3.2253184 0.9567207 3.4189184 1.2993471 3.7147356 1.8348618 2.4002075 2.3947235 2.3200913 3.0839105 3.3941435 1.8019536 2.5020087 2.1150788 2.6140695 2.1707558 2.4118448 2.8252567 1.3972318 3.4160854 3.3567312 3.6431184 3.4817894 2.6127077 2.8786588 2.5226834 2.8365729 2.7665215 2.4640554 3.2322916 3.3534948 1.0097090 3.0826779 2.7034549 2.9763305 2.8838280 2.4453366 3.0743794 2.8719216 2.6508599 3.0108072 3.5146639 
Fspp_ffun1.m4.10701.m1                              2.9956742 3.7399363 1.3161342 0.3062831 0.4217826 0.3019977 0.0000000 0.2554349 0.2839261 0.1561483 0.6653611 0.9291735 1.9822495 1.6596918 1.6959666 1.9448981 1.1502290 2.7158561 2.3027637 2.2612848 2.3166087 3.9960981 2.1356189 0.0000010 3.2751844 3.3155483 1.6185619 3.3028967 0.8517096 2.0308438 2.0504173 2.1138534 0.0000010 1.0125971 0.0000010 1.3686036 8.2982136 0.0000010 3.1190809 1.2345704 3.5306723 9.0000000 9.0000000 2.0211585 1.4799534 2.3307963 3.2549589 1.6496465 2.3047304 2.9743156 1.8812486 2.0821246 2.0344056 2.7845249 1.4734885 3.0222564 9.0000000 3.3673651 0.0000010 9.0000000 9.0000000 2.1537355 2.9640651 2.5415928 2.5228778 9.0000000 3.0629458 1.0204269 2.9042398 2.3795639 3.0416832 2.0118756 1.5050154 2.8541545 4.9699093 2.4827427 2.8451040 3.4477868 
Spis_XP_022790167_1                                 2.8693569 3.7448471 1.2948809 0.3502203 0.5112626 0.3853629 0.2554349 0.0000000 0.1075373 0.3197977 0.3402406 0.9637658 2.3228400 1.8847675 1.9504716 2.1274635 1.1453181 2.9412875 2.4788350 2.4730665 2.4824287 4.1625687 2.0683824 1.6696305 3.4382472 3.5116497 2.6234495 3.2184828 2.9778719 2.1587159 1.4284046 2.2849678 4.2854302 3.1931710 1.4736664 1.4486585 3.3855686 1.0880464 3.4923907 1.2777743 3.7389193 1.8324945 2.6415189 2.4260846 2.3580006 3.0402820 3.3388667 1.7919408 2.4992952 2.2021165 2.6253933 2.0963552 2.3789718 2.7713545 1.5040468 3.4832591 3.4453379 3.7347440 3.4562252 3.2130926 3.6185970 2.5737826 2.8603300 2.7664117 2.5389300 3.2259681 3.4503014 1.0123533 3.1104204 2.6700279 2.9564224 3.0416950 2.5212088 2.9738297 2.9735075 2.6835803 2.9542188 3.6074816 
Pocdam_XM_027186360.1                               3.0075041 3.7709779 1.3665556 0.3413775 0.4952437 0.3750697 0.2839261 0.1075373 0.0000000 0.3077198 0.3269801 0.9698774 2.3006566 1.8614566 1.9378683 2.1329675 1.1610589 2.9442690 2.4854369 2.4807706 2.4615605 4.2036369 2.0585659 1.6605818 3.4472979 3.5465542 2.6098536 3.2389150 2.9821546 2.1637145 1.4489441 2.3031637 4.3753851 3.2530295 1.4805693 1.4044810 3.4457936 1.1015747 3.5367059 1.2650463 3.7372769 1.8456776 2.5991873 2.4450493 2.3563068 2.9455282 3.3034435 1.7612162 2.5255407 2.1657816 2.6515277 2.0914288 2.3820113 2.8179437 1.4883643 3.4825039 3.4385020 3.7302747 3.4677029 3.3136162 3.7844840 2.5675906 2.8436986 2.7564504 2.5541320 3.1756135 3.4034330 1.0075456 3.1083351 2.6750031 2.9935287 3.0581337 2.6223219 2.9500094 2.9627649 2.6264005 3.0046747 3.6535954 
Gasp_gasp1.m3.19403.m1                              2.6311261 3.7264754 0.0000010 3.0092981 0.4385863 0.3083349 0.1561483 0.3197977 0.3077198 0.0000000 0.2189026 1.5704358 2.5490524 2.0476148 2.2613014 2.2412800 0.9068705 3.2156602 2.6082358 2.5531956 2.4268835 2.3770228 0.0000010 1.7353256 3.3184495 3.4329915 2.7429753 3.1841483 2.8361821 2.2722063 1.4582694 2.3788130 3.9713279 3.2198074 1.4568644 1.3872430 3.3335283 1.1195604 3.6622242 0.0000010 3.6076628 1.8497235 2.5294222 2.3248762 2.3248762 2.7628971 3.5839851 2.1624422 2.6919827 1.9759947 2.6237683 4.4893998 2.6484129 1.9517418 0.6693155 3.8159484 3.3841880 3.7785308 3.3931248 3.3013636 3.7386747 2.7678549 2.7151304 2.9855929 9.0000000 3.3563268 3.8552193 1.0185699 3.0545570 2.4607440 2.9584696 3.0597310 2.6160062 3.0029134 2.8694323 2.5850273 3.3923328 4.0803207 
Fspp_ffun1.m4.10700.m1                              2.5379001 2.9573019 0.0000010 0.0000010 0.4191898 0.3452036 0.6653611 0.3402406 0.3269801 0.2189026 0.0000000 1.8038575 2.4035680 1.9863987 3.0008310 1.7960216 0.8986842 3.0384073 2.6427107 2.6734154 2.4984595 2.7662144 0.0000010 1.7157089 3.1903544 3.2050247 2.7901572 2.6332491 3.2256827 2.2462575 1.3573701 2.4241318 3.9384778 3.1944016 1.4974191 1.8815853 3.4155695 1.1488518 3.4259032 0.0000010 3.2663437 1.8634501 2.5263741 2.4898584 2.4898584 3.6945963 3.7517354 2.5569670 2.6703061 1.9928469 2.6894647 2.3988310 2.5687259 1.9517418 0.6693155 3.5424705 3.4846867 3.8047382 3.4429418 3.1678175 3.5493744 2.5266706 2.6937151 2.4769187 0.0000010 3.1268053 3.1492534 1.0882563 2.7470132 2.6660898 2.5293623 3.0506219 2.5754083 2.6691911 3.0451978 2.6771584 3.5828233 4.2268488 
Nvec_v1g1308                                        3.0736351 3.5146275 1.3431200 0.7095504 1.0305205 0.9733133 0.9291735 0.9637658 0.9698774 1.5704358 1.8038575 0.0000000 1.7528141 1.4747999 1.5747980 1.9236571 1.3239289 2.6278249 2.2931612 2.1736965 2.0206119 4.0288348 2.0645414 1.4351703 3.2662673 3.0735106 1.6080271 3.2121304 1.6589835 1.8702879 2.0406415 2.0143352 1.4893790 3.4370833 2.7417076 1.4673728 2.0582510 6.3604329 2.6883589 1.3427412 3.1376905 3.6013596 2.1971294 2.3885328 1.3223513 2.7798485 2.9271669 1.7704162 2.2774306 2.6876850 2.6940708 1.8309836 1.8231771 2.8585715 1.6060657 2.8897780 1.2873070 3.1237654 1.4246030 1.6085983 1.6297011 1.9664365 3.1748391 2.3434707 2.6613974 2.1336841 2.9228629 1.0909792 3.1771105 2.7807296 2.4264672 2.3707048 2.9376451 2.3719793 3.0573821 2.9089653 2.5519428 3.3996381 
Sanmal_Sma_021786-T1                                3.2624989 3.7039153 1.4362180 0.9573666 2.3128797 2.2730608 1.9822495 2.3228400 2.3006566 2.5490524 2.4035680 1.7528141 0.0000000 2.4029349 2.4441893 2.6647886 1.3176444 3.2154312 2.9119213 2.9621370 2.9057112 4.2477529 2.3131535 1.6284583 3.6280851 3.6985952 2.9602970 3.3323690 3.8488211 2.7275498 1.8758387 2.7753939 4.2217510 3.4337968 1.6163306 1.5769017 3.3598130 1.3363815 3.6524790 1.4818144 3.8035520 2.0686304 2.3729584 2.0297559 1.9666536 3.6870287 3.3918297 1.6200761 2.9363092 2.3787823 1.4088907 1.0005446 1.1470185 2.8620131 1.6733066 3.6272859 3.5133673 3.8547054 3.8695020 3.0814972 3.5905670 1.9758662 3.1335392 2.3955337 2.5064235 3.6377431 3.4573483 2.4697424 3.4089779 2.6778986 3.2442645 3.0171646 3.2483566 2.5186932 3.0544881 3.1004633 3.0848437 3.9472491 
Dgig_XM_028538776.1                                 3.1532685 3.6876659 1.4714496 0.9870351 1.8454106 1.9035172 1.6596918 1.8847675 1.8614566 2.0476148 1.9863987 1.4747999 2.4029349 0.0000000 0.7035590 2.4317429 1.4050624 3.0839363 2.7627377 2.7009003 2.6469133 4.1743243 2.1414051 1.4216355 3.3405794 3.4812668 2.6768238 3.1699772 3.6981839 2.4241323 1.8603671 2.5608737 4.2559464 3.1557051 1.5367306 1.4701199 3.3415834 1.5195845 3.5345775 1.4361959 3.7737184 2.0377925 2.6026266 2.2926753 2.2277708 3.0572866 3.3350912 1.8473361 2.7922942 2.1293917 2.7002207 2.0348534 2.4003233 2.8230269 1.5469458 3.4440465 3.5625459 3.7127675 3.8190965 3.2437284 3.7441529 2.5540590 2.9456273 2.9188082 2.5642296 3.1089708 3.3771219 2.0230227 3.2796377 2.6260866 3.1951353 2.9314047 2.9679982 3.0467632 2.9750265 2.6974810 3.2324913 3.5738672 
Xesp_007901-T1                                      3.4690385 4.0282739 1.5972947 1.0081829 2.0071736 1.9584937 1.6959666 1.9504716 1.9378683 2.2613014 3.0008310 1.5747980 2.4441893 0.7035590 0.0000000 2.5118341 1.4987179 3.3120007 2.9328566 2.8412942 2.9111706 4.4430083 2.0786688 3.3647255 3.6347696 3.7402249 2.8067733 3.4083268 1.3377421 2.5590191 2.1204642 2.6280084 9.0000000 3.9435898 3.5320920 1.4279839 3.3359385 2.3292695 3.6576478 1.3741453 3.6646138 3.2389564 3.9114314 3.4729128 2.8432473 2.7474589 3.3651808 1.8005910 2.8069394 3.2088329 3.0208700 2.1566162 2.4816421 2.9756458 1.5503812 3.5423996 3.7022062 3.9520545 4.2837524 3.5485198 4.0853982 2.6276998 3.1522021 2.9927948 2.5220863 3.7912920 3.5641310 1.9900126 3.4986526 2.4184035 3.5769754 2.7727257 3.5079338 3.3626813 3.2871942 2.9032722 2.8138635 3.9404744 
Skow_XM_002741946.1                                 3.5022363 3.6649497 1.5899102 1.1993874 2.1100596 2.1007297 1.9448981 2.1274635 2.1329675 2.2412800 1.7960216 1.9236571 2.6647886 2.4317429 2.5118341 0.0000000 0.9947047 2.3583054 1.8439827 1.7356527 1.7050401 4.2464228 2.3718810 1.1528678 3.5188584 3.5948162 2.3551406 3.3059766 3.8413577 1.3508759 1.2006512 1.5253570 3.5263718 3.7262445 1.2805084 1.5242970 1.3365674 1.3365674 3.5742683 1.3328981 3.9953823 1.0921614 1.3365674 1.9578425 1.4149826 2.7284389 3.2815289 2.2600394 1.5715916 2.5734710 2.9348936 2.4940741 2.6477257 3.1021847 1.6437465 3.4950573 3.5897882 3.7094509 4.2717795 0.0000010 0.0000010 2.7634513 2.1773193 3.3988655 2.8619169 3.5013070 3.4274865 1.9609004 3.0445201 2.4007401 3.2515424 2.5687572 1.5165688 3.4527565 3.7144121 2.6200709 2.7989214 3.3927242 
Dpul_mRNA3204                                       2.7654690 2.1533480 1.4886489 1.2582078 1.2105078 1.2206209 1.1502290 1.1453181 1.1610589 0.9068705 0.8986842 1.3239289 1.3176444 1.4050624 1.4987179 0.9947047 0.0000000 0.9749836 1.1336081 1.1192492 1.1720588 3.0097328 2.4198409 0.0000010 2.0516599 2.0673848 2.5092911 1.9794499 0.6750175 1.2197000 2.6377960 1.2174920 1.5957800 1.0749166 0.0000010 1.6975909 1.1308746 0.0000010 1.5925067 1.5348196 3.3831968 0.0000010 1.7803910 3.7082572 2.2190196 3.9317033 1.7550639 1.4028254 1.3836076 3.3449237 1.4733676 1.3716478 1.3772841 1.7455604 1.7651426 1.8814234 1.2143219 2.3868369 1.9341888 0.0000010 0.0000010 1.2798169 1.5157370 1.3556548 1.7754013 1.3911458 1.8113574 0.8960029 2.4756005 2.5085069 3.2245860 2.3589359 0.9791475 1.7718465 2.7230971 3.0447170 2.2555153 2.5593109 
Tcas_TC012491_001                                   3.3069812 3.9176086 1.7261316 1.5622747 2.9372301 2.9662584 2.7158561 2.9412875 2.9442690 3.2156602 3.0384073 2.6278249 3.2154312 3.0839363 3.3120007 2.3583054 0.9749836 0.0000000 2.5274133 2.5241371 2.4953938 4.6748182 2.3499556 1.7735297 3.7972975 3.8909665 3.2610763 3.5906322 3.8366342 2.5808703 1.8019999 2.5943584 4.0579864 3.5336759 1.7365505 1.6541035 3.3745756 1.4481713 3.7635444 1.4804660 3.6125947 2.1433854 2.4933580 2.3671739 2.2856516 3.0895597 3.8348090 2.7370213 2.7659584 1.5894084 3.7144786 3.1363238 3.4296848 3.1147341 1.6709080 3.7977122 3.6206947 3.8815872 3.6688565 3.1581361 3.4852550 3.4027210 2.6344487 3.5975800 3.0795108 3.7197182 3.7850161 3.1249904 3.7956527 3.3919850 3.5994322 3.4440394 3.1265781 3.6381272 3.2484405 3.2203622 3.5508310 3.8170944 
Cgig_XM_011422224.3                                 3.6313575 3.7101444 1.5652147 1.2371990 2.5064300 2.4769389 2.3027637 2.4788350 2.4854369 2.6082358 2.6427107 2.2931612 2.9119213 2.7627377 2.9328566 1.8439827 1.1336081 2.5274133 0.0000000 1.7769358 1.4288924 4.1919941 2.2170422 1.6010709 3.5895620 3.7149161 3.0436689 3.4211765 3.2017460 1.9337098 1.3405018 2.1610114 4.3428817 3.1889904 1.5049061 1.9175110 3.5420973 0.9510270 3.6888691 1.6714429 3.5817083 1.7186827 2.5199894 2.1940067 2.1236278 3.2820162 3.5549117 2.3322793 2.1836963 1.8418319 3.1963901 2.6709440 2.9751690 3.1128525 1.6502484 3.6136715 3.3988801 3.7654951 3.6204544 3.5636599 3.8806813 3.1002524 2.2165459 3.2687816 2.8176639 3.5860769 3.5777554 2.7299219 3.2273259 2.9024184 3.0926004 3.4284734 2.7489510 3.2224730 3.0482175 2.5149321 3.3952032 3.3911410 
Ctel_gnl_WGS_AMQN_CAPTEDRAFT_mRNA228271             3.1748287 3.9111362 1.3299245 1.3831669 2.4869099 2.4519987 2.2612848 2.4730665 2.4807706 2.5531956 2.6734154 2.1736965 2.9621370 2.7009003 2.8412942 1.7356527 1.1192492 2.5241371 1.7769358 0.0000000 1.6458654 4.1439050 2.1632498 1.6009211 3.4937785 3.5594599 2.8568101 3.3448076 3.3983610 1.8529292 1.2749859 2.0300781 4.4947435 3.2929976 1.5190548 1.6761905 3.1836071 1.2786664 3.4280461 1.3791539 3.7321119 2.0888434 2.4998674 2.0882472 2.0202652 2.5178965 3.3078343 2.6688201 2.2255917 1.9593697 3.2387510 2.7713210 3.0137118 2.9511562 1.5546729 3.5087573 3.7245148 3.7938713 4.0252860 2.8407007 3.0228870 3.0343988 2.2384163 3.2579759 2.6403395 3.5274403 3.4914372 2.5743875 3.3774278 2.7908497 3.2406591 3.2837345 2.9937672 3.0909901 3.2275783 2.5654688 3.2132726 3.3524345 
Acagra_model.g14853.t1                              2.9651665 3.9917352 1.3874636 1.3516126 2.4573238 2.4392531 2.3166087 2.4824287 2.4615605 2.4268835 2.4984595 2.0206119 2.9057112 2.6469133 2.9111706 1.7050401 1.1720588 2.4953938 1.4288924 1.6458654 0.0000000 4.0701674 2.1107027 1.3908292 3.5238980 3.6520522 2.7627261 3.3616493 3.1395072 1.8191482 1.0766458 1.9974575 5.2137292 3.3640191 1.3517875 1.6491952 3.2712876 0.9611627 3.5135903 1.4685373 3.6491337 1.9506780 2.5342643 2.0996615 2.0340819 2.5950794 3.3848818 2.4720887 2.1976661 1.9100738 3.0667038 2.6711549 2.9156290 2.9376541 1.5705782 3.5584465 3.4931518 3.7260527 3.4275037 3.2664369 3.4808720 2.9444864 2.1807507 3.2729907 2.8477174 3.4712845 3.5522967 2.5685437 3.3098419 2.7584140 3.1397585 3.1959846 2.8271053 3.2646847 3.1182374 2.4047367 3.0441563 3.6490166 
Emue_Em0796g1a.t1                                   3.2012387 3.4519411 2.0559733 3.3154137 4.0674791 4.0382071 3.9960981 4.1625687 4.2036369 2.3770228 2.7662144 4.0288348 4.2477529 4.1743243 4.4430083 4.2464228 3.0097328 4.6748182 4.1919941 4.1439050 4.0701674 0.0000000 2.0256101 1.9005116 0.5446870 0.4518198 2.6819226 2.4245305 0.8517096 3.9436826 2.5031035 4.4474630 0.0000010 2.3017116 1.6070313 3.2454150 2.4104566 0.0000010 4.8218740 2.9984245 4.3728832 0.6473131 2.3398856 3.9283998 2.5077660 3.1634968 4.8360639 4.3270596 3.9965343 3.4287313 2.9490236 4.6189473 4.4800717 4.5059741 4.3120348 4.8120516 2.2929079 5.1052323 2.9318794 2.8968639 2.8621747 4.2312501 4.4517624 4.7013572 3.9370938 5.4109870 4.2037915 2.2773179 3.9617312 3.0000212 3.2805622 4.1012142 9.0000000 3.0447597 3.4002280 3.1530347 4.9931900 3.4801225 
Spolac_c85757_g1_i1_m.3805c85757-g1                 1.0323217 2.1289311 1.7688008 2.2849190 2.2755936 2.3390351 2.1356189 2.0683824 2.0585659 0.0000010 0.0000010 2.0645414 2.3131535 2.1414051 2.0786688 2.3718810 2.4198409 2.3499556 2.2170422 2.1632498 2.1107027 2.0256101 0.0000000 0.0000010 0.4217908 0.4217908 0.9151324 1.5049419 0.4887953 2.5175985 3.8589664 2.2667991 0.0000010 3.4330086 0.0000010 2.3765176 0.0000010 0.0000010 2.4229804 2.4217470 5.2884854 0.0000010 0.0000010 6.7198927 4.0661270 2.6302865 2.5967521 2.0096360 2.2459638 2.6956222 0.0000010 2.1424372 2.1203504 2.4491608 2.2856037 2.5623035 0.0000010 2.4730292 0.0000010 0.0000010 0.0000010 2.2171388 2.0004834 1.8405537 2.2106353 0.0000010 2.2106353 3.9470790 3.5335807 2.3911409 2.1651145 2.8628780 0.0000010 1.3307974 3.1236620 4.1138979 2.5020526 1.5484025 
Spolac_c84068_g2_i1_m.3379c81257-g1                 3.1817669 1.3411618 0.0000010 0.0000010 1.6692146 1.6678853 0.0000010 1.6696305 1.6605818 1.7353256 1.7157089 1.4351703 1.6284583 1.4216355 3.3647255 1.1528678 0.0000010 1.7735297 1.6010709 1.6009211 1.3908292 1.9005116 0.0000010 0.0000000 0.2137670 0.2032531 0.8790074 0.8819772 9.0000000 1.5630811 1.3840409 1.4535284 1.1775439 2.1645871 2.0919162 0.0000010 1.7652813 1.2284985 1.7652813 0.0000010 1.7212866 1.6668415 1.7256133 1.5726353 1.5726353 2.6237642 3.2331974 2.8496177 1.4893732 1.9296928 1.7388342 1.7143453 1.7243458 2.9727215 0.0000010 1.8232975 1.8630345 1.6647669 1.8240995 3.9069348 0.0000010 1.3283992 1.7679337 1.7058889 0.0000010 1.4901805 1.4901805 1.4804855 1.5248747 4.5121113 0.9600674 1.3112578 1.3030430 1.5478386 1.5689929 2.8131599 2.5785153 5.3038002 
Emue_Em0021g683a.t1                                 2.4244325 2.8959806 1.1910163 2.0874633 3.3038793 3.4592233 3.2751844 3.4382472 3.4472979 3.3184495 3.1903544 3.2662673 3.6280851 3.3405794 3.6347696 3.5188584 2.0516599 3.7972975 3.5895620 3.4937785 3.5238980 0.5446870 0.4217908 0.2137670 0.0000000 0.0386857 1.7200884 1.9762153 0.6398256 3.3158148 2.2343529 3.3579480 4.2033784 3.5720818 2.0565916 1.9142862 3.8677842 1.3610578 4.1486996 1.7724835 4.4410561 2.4355408 3.2907511 3.3036072 3.2380314 2.6715857 3.9780505 3.0843681 3.4448840 3.0615527 3.9471231 3.6851969 3.7574097 3.5476046 2.2568907 4.0288092 3.7923262 3.9228088 3.7038058 4.5986764 5.8982897 3.8166920 3.7488632 3.8384595 3.0422743 3.4276010 3.7929869 3.2214089 3.5966896 3.4200186 2.3553457 2.4578295 2.2595909 3.8266101 3.5016944 3.7961247 3.7333427 3.2168804 
Emue_Em0021g688a.t1                                 2.4035288 2.9632126 1.1910163 2.0874633 3.3731479 3.5194443 3.3155483 3.5116497 3.5465542 3.4329915 3.2050247 3.0735106 3.6985952 3.4812668 3.7402249 3.5948162 2.0673848 3.8909665 3.7149161 3.5594599 3.6520522 0.4518198 0.4217908 0.2032531 0.0386857 0.0000000 1.6623497 2.0373480 0.6398256 3.3374716 2.1481849 3.4883488 4.0433230 3.8076490 2.0160033 1.9142862 3.8676617 1.3665613 4.3440359 1.7724835 4.4883270 2.3534843 3.1600082 3.2391556 3.1747785 2.6715857 3.9681620 3.0428336 3.5419612 3.0048760 4.0157291 3.7694903 3.8458161 3.5201009 2.2568907 4.1887010 3.9871541 4.1512999 3.8377814 4.2263144 5.3016700 3.8686031 3.8389890 4.0167512 3.0312800 3.4590120 3.9337690 3.3004256 3.6824854 3.5654519 2.4171887 2.4518726 2.2285411 3.8461817 3.5071760 3.7601060 4.0911324 3.2565991 
Stycar_maker-SC_scaffold4922-snap-gene-0.36-mRNA-1  2.3829051 2.0128937 2.6751132 1.6960828 2.7258204 2.6481504 1.6185619 2.6234495 2.6098536 2.7429753 2.7901572 1.6080271 2.9602970 2.6768238 2.8067733 2.3551406 2.5092911 3.2610763 3.0436689 2.8568101 2.7627261 2.6819226 0.9151324 0.8790074 1.7200884 1.6623497 0.0000000 0.9455708 1.4966271 2.8103617 2.1156688 2.6505379 3.8425615 2.7466215 1.6006703 2.2094374 3.6235086 1.1771930 3.3564925 2.2359214 3.4498387 1.8663121 2.6804721 2.6694277 2.5973510 2.6284471 4.3024218 2.6229608 2.7684453 2.3947344 3.2558566 2.0171754 3.1097065 2.4408645 1.5783343 3.5328046 3.5999182 3.4548382 3.2582175 3.5393573 4.2696566 3.0477424 2.8606171 3.0281985 2.5483220 2.9728332 2.9565764 2.7415279 2.8929811 3.6105538 1.6436032 2.1155299 2.1232628 3.0597580 3.1574939 3.7400386 3.3136712 4.0687962 
Tetwil_g20171.t1                                    2.0477825 2.5498803 1.0941277 2.3052678 3.1150908 3.1812664 3.3028967 3.2184828 3.2389150 3.1841483 2.6332491 3.2121304 3.3323690 3.1699772 3.4083268 3.3059766 1.9794499 3.5906322 3.4211765 3.3448076 3.3616493 2.4245305 1.5049419 0.8819772 1.9762153 2.0373480 0.9455708 0.0000000 1.5031810 3.2413413 1.3058778 3.2470359 5.9350149 3.3990675 1.6718359 2.1199815 3.0520691 0.9465020 3.9442886 2.1670041 3.9994121 1.4658722 1.9841275 2.4152711 2.3953893 3.3543759 3.8711437 2.8065771 3.1392394 2.7227854 3.3807184 3.4014826 3.4304796 3.5854336 2.1611474 3.8990848 3.7856723 3.9567425 3.7438218 2.3002271 2.8938380 3.4494021 3.5381754 3.4167948 3.0473711 3.1083325 3.6195847 2.7604067 3.5247182 3.2422906 2.2075609 2.0073356 1.5086099 3.3823624 2.9122441 3.7421416 3.9328384 2.8991351 
Spolac_c84068_g1_i1_m.3378c81257-g1                 0.0000010 3.0221943 0.8972152 0.0000010 3.0848243 3.1071083 0.8517096 2.9778719 2.9821546 2.8361821 3.2256827 1.6589835 3.8488211 3.6981839 1.3377421 3.8413577 0.6750175 3.8366342 3.2017460 3.3983610 3.1395072 0.8517096 0.4887953 9.0000000 0.6398256 0.6398256 1.4966271 1.5031810 0.0000000 3.1759634 9.0000000 3.2626150 4.3021217 3.6404324 2.9772770 1.8982836 3.9081760 0.0000010 3.7553023 0.8972152 3.3688961 0.0000010 4.0002080 3.6142983 3.6142983 2.6597084 5.4594671 3.1069063 4.1083514 3.2544577 4.3025238 2.1854441 3.8319523 2.2880432 1.3620839 4.5769362 4.6719944 4.1283673 4.0803385 0.0000010 0.0000010 4.0420853 3.9573272 3.6020107 0.8517096 2.9874706 2.8961739 2.6503867 3.0007085 2.7968827 2.0772166 2.4832934 2.0041663 3.5035682 4.0571468 3.2970236 4.2263036 4.6643345 
Bralan_BLAG16000325_2                               3.3391869 3.7903617 1.2521280 1.0499371 2.1290613 2.1573296 2.0308438 2.1587159 2.1637145 2.2722063 2.2462575 1.8702879 2.7275498 2.4241323 2.5590191 1.3508759 1.2197000 2.5808703 1.9337098 1.8529292 1.8191482 3.9436826 2.5175985 1.5630811 3.3158148 3.3374716 2.8103617 3.2413413 3.1759634 0.0000000 0.9703065 1.6034499 4.1611534 3.5410759 1.4005357 1.4674717 3.1923884 1.0078940 3.5932352 1.3386695 3.7252142 1.7790072 2.3126180 1.9511568 1.8808561 2.2030845 3.2935936 2.2929460 1.7993615 1.8450418 3.0726685 2.4655524 2.8112715 2.7162080 1.5904942 3.3126138 3.4365183 3.5055324 3.6043661 3.6955670 4.0135737 2.7936567 2.3569697 3.1187587 2.5577221 3.1765518 3.2591658 2.3506633 3.0489353 2.5560768 3.1133098 2.9340245 2.6910999 3.1692043 3.1842272 2.1858920 2.9461864 3.6892620 
Skow_XM_006814565.1                                 2.3052844 1.5821314 0.0000010 1.4134643 1.4008708 1.4073719 2.0504173 1.4284046 1.4489441 1.4582694 1.3573701 2.0406415 1.8758387 1.8603671 2.1204642 1.2006512 2.6377960 1.8019999 1.3405018 1.2749859 1.0766458 2.5031035 3.8589664 1.3840409 2.2343529 2.1481849 2.1156688 1.3058778 9.0000000 0.9703065 0.0000000 0.8448450 1.7621776 1.4500933 1.3273385 2.8664675 2.5670953 1.0351861 2.2445518 2.8664675 2.2602888 2.2711429 2.2272912 0.9728481 0.9728481 2.7221394 3.7025372 2.2457425 1.1060152 1.2984786 1.8123974 2.1096603 1.7882659 2.5321196 1.2024484 2.5168459 2.5423343 2.6217120 1.9526056 3.0084186 3.2046766 2.0138045 1.4280964 1.8507904 1.7110772 2.2412042 2.2321470 1.5112925 1.9130271 2.2056612 2.0486819 2.2437871 2.3671120 1.9946964 2.2459216 2.1643688 3.0554928 3.7462135 
Hsap_ENST00000358544                                3.1067925 3.7600405 1.1847605 1.1984164 2.2642912 2.3205037 2.1138534 2.2849678 2.3031637 2.3788130 2.4241318 2.0143352 2.7753939 2.5608737 2.6280084 1.5253570 1.2174920 2.5943584 2.1610114 2.0300781 1.9974575 4.4474630 2.2667991 1.4535284 3.3579480 3.4883488 2.6505379 3.2470359 3.2626150 1.6034499 0.8448450 0.0000000 4.4189363 3.4349118 1.4833911 1.3891551 3.2666965 1.2241930 3.5310538 1.1704111 3.7714102 2.0188635 2.5010469 2.2125796 2.1253120 2.6746425 3.3920932 2.4599608 2.0716394 1.7796146 2.9898089 2.6013440 2.7784412 2.9092840 1.4787789 3.5668993 3.5789910 3.8009085 3.5356505 3.3658188 3.8225860 2.8174634 2.3649248 3.1734764 2.5689938 3.3214427 3.3595763 2.3504819 3.1572506 2.8454642 3.1522845 2.8995774 2.4447425 3.2509466 3.2361188 2.4922387 3.2281017 3.5358595 
Coeast_Cast_sb775486                                0.0000010 4.8394506 0.0000010 0.0000010 4.2506053 4.3894187 0.0000010 4.2854302 4.3753851 3.9713279 3.9384778 1.4893790 4.2217510 4.2559464 9.0000000 3.5263718 1.5957800 4.0579864 4.3428817 4.4947435 5.2137292 0.0000010 0.0000010 1.1775439 4.2033784 4.0433230 3.8425615 5.9350149 4.3021217 4.1611534 1.7621776 4.4189363 0.0000000 0.1931511 2.7310081 1.6043012 2.6303793 0.0000010 2.6724821 0.0000010 2.6374793 1.8675874 2.8453162 2.4205172 2.4205172 2.2536673 5.9609711 3.5219860 4.9430468 3.3361398 4.5675326 0.0000010 4.1175439 0.0000010 0.0000010 4.3634750 4.5690066 4.7771000 4.6045952 0.0000010 0.0000010 4.1025822 3.4071460 3.9451557 0.0000010 4.2872437 4.2872437 3.8625576 4.5856743 2.4530491 4.0312821 5.0205544 5.0170735 3.3339220 3.7565128 3.6536768 6.9538485 5.3603730 
Coemet_Cmet_scaffold1240_01                         3.1783817 3.8579022 3.4330086 0.0000010 2.8983971 3.2827590 1.0125971 3.1931710 3.2530295 3.2198074 3.1944016 3.4370833 3.4337968 3.1557051 3.9435898 3.7262445 1.0749166 3.5336759 3.1889904 3.2929976 3.3640191 2.3017116 3.4330086 2.1645871 3.5720818 3.8076490 2.7466215 3.3990675 3.6404324 3.5410759 1.4500933 3.4349118 0.1931511 0.0000000 0.3451677 1.5955677 1.4401407 0.6151927 1.7833129 1.5433731 1.5931598 0.7360846 1.0952926 1.1352122 1.1352122 2.5487621 4.3862808 2.8465318 3.4763067 2.4854745 3.6439830 0.9977402 3.5319633 2.6939846 1.1667180 3.8706215 4.0846689 4.3268954 4.0030501 1.1978344 1.2716740 3.5373123 3.2856307 3.3616293 1.3549671 3.3615691 3.8917702 3.0493595 3.6202212 3.1403305 3.4573247 3.5992960 2.5542830 3.5102252 3.0949376 3.7013781 3.9586099 4.2792987 
Vmul_sbMO374546                                     3.2109198 2.3016876 0.0000010 0.0000010 1.4246210 1.4309180 0.0000010 1.4736664 1.4805693 1.4568644 1.4974191 2.7417076 1.6163306 1.5367306 3.5320920 1.2805084 0.0000010 1.7365505 1.5049061 1.5190548 1.3517875 1.6070313 0.0000010 2.0919162 2.0565916 2.0160033 1.6006703 1.6718359 2.9772770 1.4005357 1.3273385 1.4833911 2.7310081 0.3451677 0.0000000 0.0000010 0.6482574 0.5746850 0.6450112 0.0000010 0.7480849 0.7008011 0.6824523 0.5831074 0.5831074 3.0394390 4.2099843 3.0522069 1.5641686 2.1802024 1.5748975 0.9786931 1.6003216 2.3463580 0.7628793 2.0890448 2.0636359 2.2900619 1.9764796 0.7510804 0.5603222 1.5700601 1.5953909 1.6070721 0.0000010 1.8254006 1.8254006 1.4071033 1.4845983 6.2035893 1.5439206 2.0636501 2.1758959 1.4529484 1.8632481 1.8873633 2.9593309 4.3499053 
Pbac_sb2649088                                      3.9441216 2.3395243 1.4949604 1.4662914 1.4408019 1.4264628 1.3686036 1.4486585 1.4044810 1.3872430 1.8815853 1.4673728 1.5769017 1.4701199 1.4279839 1.5242970 1.6975909 1.6541035 1.9175110 1.6761905 1.6491952 3.2454150 2.3765176 0.0000010 1.9142862 1.9142862 2.2094374 2.1199815 1.8982836 1.4674717 2.8664675 1.3891551 1.6043012 1.5955677 0.0000010 0.0000000 1.3373307 0.0000010 0.1709045 0.1541592 4.3871304 0.0000010 1.1652937 2.1483557 1.2668798 2.3256356 0.7088782 1.7225183 1.6229339 4.5129701 2.5407852 1.7138813 1.7790756 1.7910224 1.8183952 1.9502315 9.0000000 6.6130514 5.2454492 0.0000010 0.0000010 1.6705709 4.2550176 1.7125429 1.6507077 2.7019768 1.6710807 1.2445314 2.7418384 2.7695787 2.8377267 1.7167426 5.3437294 2.7037881 8.9999989 2.6651040 1.0324880 2.7574977 
Pbac_sb2665708                                      3.0135445 3.8430067 0.0000010 0.0000010 3.3284519 3.2253184 8.2982136 3.3855686 3.4457936 3.3335283 3.4155695 2.0582510 3.3598130 3.3415834 3.3359385 1.3365674 1.1308746 3.3745756 3.5420973 3.1836071 3.2712876 2.4104566 0.0000010 1.7652813 3.8677842 3.8676617 3.6235086 3.0520691 3.9081760 3.1923884 2.5670953 3.2666965 2.6303793 1.4401407 0.6482574 1.3373307 0.0000000 0.0434662 0.1087045 0.0000010 1.2479549 0.5513450 0.9460680 0.6900558 0.6900558 2.8408999 4.5991135 3.2334787 3.4669904 2.4141666 3.4379634 2.2642935 3.5186450 3.3491787 1.2778404 4.0029027 3.8053789 3.8394928 3.6995527 1.4990573 1.7315596 3.7699803 3.3812223 3.5204068 0.0000010 3.6305803 3.6430991 3.2624099 3.2739689 2.9898590 3.5348187 3.5311380 3.5487551 3.4918748 3.4030643 4.1746591 5.5653837 4.6590249 
Pbac_sb2637862                                      1.4658821 1.4984499 0.0000010 0.0000010 1.1244864 0.9567207 0.0000010 1.0880464 1.1015747 1.1195604 1.1488518 6.3604329 1.3363815 1.5195845 2.3292695 1.3365674 0.0000010 1.4481713 0.9510270 1.2786664 0.9611627 0.0000010 0.0000010 1.2284985 1.3610578 1.3665613 1.1771930 0.9465020 0.0000010 1.0078940 1.0351861 1.2241930 0.0000010 0.6151927 0.5746850 0.0000010 0.0434662 0.0000000 0.0434662 0.0000010 0.3400462 0.2717457 0.3824964 0.2272603 0.2272603 2.9895657 2.5889165 2.9808427 1.4062922 1.6842261 1.3896938 2.0068913 1.3802358 3.3491787 0.0000010 1.9116258 2.0277111 2.0212957 1.9706605 1.2685531 4.7474872 1.2756962 1.2144439 1.1230656 0.0000010 1.4200130 1.4200130 0.8763966 1.0179112 0.0000010 1.2112825 1.1962120 1.4289220 1.2715412 1.8333264 3.9524027 2.8694935 3.9967832 
Horcal_Hcv1.av93.c13.g198.i1                        3.2842593 4.2219868 1.4866892 1.4516281 3.4337159 3.4189184 3.1190809 3.4923907 3.5367059 3.6622242 3.4259032 2.6883589 3.6524790 3.5345775 3.6576478 3.5742683 1.5925067 3.7635444 3.6888691 3.4280461 3.5135903 4.8218740 2.4229804 1.7652813 4.1486996 4.3440359 3.3564925 3.9442886 3.7553023 3.5932352 2.2445518 3.5310538 2.6724821 1.7833129 0.6450112 0.1709045 0.1087045 0.0434662 0.0000000 0.0125603 1.6212159 0.3861861 0.9673674 1.0572634 1.0148075 0.7286240 1.7463429 2.9252025 3.7006098 2.5363018 4.0474384 3.4055468 3.8517846 3.2830306 1.7982433 4.0326189 4.5637447 4.5709012 4.4790188 1.2136219 1.3879209 4.0370041 4.0903017 4.0217303 2.7775396 3.6903883 3.7135538 3.6811162 3.7139094 3.1769821 4.0205552 3.1440590 3.1249264 4.0880285 3.3429967 4.1628730 1.6489837 4.4172103 
Pbac_sb2650669                                      2.8565321 2.1160750 1.4703282 1.2995667 1.3165607 1.2993471 1.2345704 1.2777743 1.2650463 0.0000010 0.0000010 1.3427412 1.4818144 1.4361959 1.3741453 1.3328981 1.5348196 1.4804660 1.6714429 1.3791539 1.4685373 2.9984245 2.4217470 0.0000010 1.7724835 1.7724835 2.2359214 2.1670041 0.8972152 1.3386695 2.8664675 1.1704111 0.0000010 1.5433731 0.0000010 0.1541592 0.0000010 0.0000010 0.0125603 0.0000000 3.9379139 0.0000010 0.0000010 3.0864049 1.3444347 2.3256356 0.4764717 1.6691348 1.4317491 3.5882684 0.0000010 1.5458191 1.5944955 1.7705129 1.7037728 1.7372312 0.0000010 3.8416571 0.0000010 0.0000010 0.0000010 1.5865417 2.0470576 1.5445008 1.5499690 0.0000010 1.5499690 0.0000010 2.2610875 2.6012595 2.8326175 1.5182603 4.7331349 2.6457247 7.5031355 2.3529956 0.9399179 2.9451099 
Lampan_Lpan_14023_01                                4.5169652 4.6171652 3.7274108 4.5493828 3.5875525 3.7147356 3.5306723 3.7389193 3.7372769 3.6076628 3.2663437 3.1376905 3.8035520 3.7737184 3.6646138 3.9953823 3.3831968 3.6125947 3.5817083 3.7321119 3.6491337 4.3728832 5.2884854 1.7212866 4.4410561 4.4883270 3.4498387 3.9994121 3.3688961 3.7252142 2.2602888 3.7714102 2.6374793 1.5931598 0.7480849 4.3871304 1.2479549 0.3400462 1.6212159 3.9379139 0.0000000 0.5110724 0.8265392 0.7870209 0.7630937 4.0630915 4.1943413 3.3409093 3.8803520 2.5710875 3.8787874 3.3032086 3.9039470 4.3462918 4.1376968 4.3689043 4.1487786 4.5056653 4.3777062 1.0356364 1.1084380 4.2654262 3.6149424 4.3446867 4.9275915 3.6774527 4.0520928 3.4559911 3.8926054 2.6755960 4.2537998 3.7435883 3.1228907 3.8520039 3.3007690 4.1306152 4.6020062 6.8993817 
Mlei_ML0746.g2.i1                                   2.5755114 2.0649859 0.0000010 0.0000010 1.8975804 1.8348618 9.0000000 1.8324945 1.8456776 1.8497235 1.8634501 3.6013596 2.0686304 2.0377925 3.2389564 1.0921614 0.0000010 2.1433854 1.7186827 2.0888434 1.9506780 0.6473131 0.0000010 1.6668415 2.4355408 2.3534843 1.8663121 1.4658722 0.0000010 1.7790072 2.2711429 2.0188635 1.8675874 0.7360846 0.7008011 0.0000010 0.5513450 0.2717457 0.3861861 0.0000010 0.5110724 0.0000000 0.5047739 0.2041204 0.2041204 2.7725423 4.6223855 3.3639151 2.3363930 2.1106554 1.8126905 0.9026914 1.8462370 3.3491787 0.0000010 2.6027952 2.7248449 2.5939189 2.0474434 1.0022581 1.4519258 2.0308341 2.1667348 2.1252773 0.0000010 2.2356786 2.2356786 1.8312210 1.6951192 1.4166495 1.7368508 2.5678855 2.6357161 1.7122113 2.5564849 3.6833805 4.2130503 4.8748848 
Eupdun_Edun_sb10660291                              3.5831831 2.9395407 0.0000010 0.0000010 2.5103151 2.4002075 9.0000000 2.6415189 2.5991873 2.5294222 2.5263741 2.1971294 2.3729584 2.6026266 3.9114314 1.3365674 1.7803910 2.4933580 2.5199894 2.4998674 2.5342643 2.3398856 0.0000010 1.7256133 3.2907511 3.1600082 2.6804721 1.9841275 4.0002080 2.3126180 2.2272912 2.5010469 2.8453162 1.0952926 0.6824523 1.1652937 0.9460680 0.3824964 0.9673674 0.0000010 0.8265392 0.5047739 0.0000000 0.0000010 0.0000010 2.0958533 5.1595412 2.4511272 2.6947777 2.2348318 2.4980861 1.8372050 2.5485480 3.1703110 0.8982070 3.1782760 3.2031518 3.1689613 2.8815414 0.9570840 1.1740821 2.4502982 2.4655453 2.5311297 0.0000010 2.9363797 2.9363797 2.3617202 2.5294394 2.9574349 2.4647617 3.3940197 3.1804257 2.3654853 2.7161248 2.5980427 4.3900451 4.7571810 
Eupdun_Edun_sb10660300                              2.5775034 3.7620443 1.0621934 3.1798755 2.3623043 2.3947235 2.0211585 2.4260846 2.4450493 2.3248762 2.4898584 2.3885328 2.0297559 2.2926753 3.4729128 1.9578425 3.7082572 2.3671739 2.1940067 2.0882472 2.0996615 3.9283998 6.7198927 1.5726353 3.3036072 3.2391556 2.6694277 2.4152711 3.6142983 1.9511568 0.9728481 2.2125796 2.4205172 1.1352122 0.5831074 2.1483557 0.6900558 0.2272603 1.0572634 3.0864049 0.7870209 0.2041204 0.0000010 0.0000000 0.0224365 3.1890106 3.9088703 3.2621953 2.1616026 2.0679562 2.3069493 4.0592567 2.5025633 4.1691151 5.6853529 2.6037610 2.5043083 2.7317755 2.4674935 0.0000010 0.0000010 2.2201084 2.1394182 2.4301940 4.0599280 2.4209878 2.4917010 2.1744605 2.1323542 2.0168244 2.4612336 3.1105713 2.7218621 1.8404695 2.5610557 2.2452589 4.6200502 3.9215448 
Eupdun_Edun_sb10660301                              2.5775034 3.7023309 0.0000010 1.3444347 2.2887900 2.3200913 1.4799534 2.3580006 2.3563068 2.3248762 2.4898584 1.3223513 1.9666536 2.2277708 2.8432473 1.4149826 2.2190196 2.2856516 2.1236278 2.0202652 2.0340819 2.5077660 4.0661270 1.5726353 3.2380314 3.1747785 2.5973510 2.3953893 3.6142983 1.8808561 0.9728481 2.1253120 2.4205172 1.1352122 0.5831074 1.2668798 0.6900558 0.2272603 1.0148075 1.3444347 0.7630937 0.2041204 0.0000010 0.0224365 0.0000000 2.8354960 3.7141777 2.7167063 2.0801444 2.0679562 2.3069493 2.1427220 2.4317242 3.1717774 3.0662324 2.5434953 2.5043083 2.7317755 2.4674935 0.0000010 0.0000010 2.1487476 2.1394182 2.3619355 2.2164078 2.4209878 2.4282207 2.1744605 2.1310404 1.9490525 2.5251776 3.0605553 2.7218621 1.8548223 2.5655498 2.1980582 4.1602924 3.2965188 
Pbac_sb2641893                                      2.5529251 3.7411780 0.0000010 2.8898338 3.1348829 3.0839105 2.3307963 3.0402820 2.9455282 2.7628971 3.6945963 2.7798485 3.6870287 3.0572866 2.7474589 2.7284389 3.9317033 3.0895597 3.2820162 2.5178965 2.5950794 3.1634968 2.6302865 2.6237642 2.6715857 2.6715857 2.6284471 3.3543759 2.6597084 2.2030845 2.7221394 2.6746425 2.2536673 2.5487621 3.0394390 2.3256356 2.8408999 2.9895657 0.7286240 2.3256356 4.0630915 2.7725423 2.0958533 3.1890106 2.8354960 0.0000000 1.6379581 3.4108224 3.0817807 2.3001343 3.3002016 3.8090596 3.3233691 4.8466127 3.2855288 5.0973801 3.3713010 4.5281115 3.4696851 2.8283768 2.9592246 2.7993630 2.9281647 2.8820895 2.7537933 4.6423420 4.0447026 4.7492882 3.7181931 2.7223168 3.1719043 1.7641081 2.3171982 3.9914463 4.6639308 6.2273396 1.8308352 5.7539444 
Coemet_Cmet_scaffold1239_01                         4.0292660 4.2317920 1.5013872 1.3720087 3.3185375 3.3941435 3.2549589 3.3388667 3.3034435 3.5839851 3.7517354 2.9271669 3.3918297 3.3350912 3.3651808 3.2815289 1.7550639 3.8348090 3.5549117 3.3078343 3.3848818 4.8360639 2.5967521 3.2331974 3.9780505 3.9681620 4.3024218 3.8711437 5.4594671 3.2935936 3.7025372 3.3920932 5.9609711 4.3862808 4.2099843 0.7088782 4.5991135 2.5889165 1.7463429 0.4764717 4.1943413 4.6223855 5.1595412 3.9088703 3.7141777 1.6379581 0.0000000 2.7793377 3.5450353 3.8077425 4.0415463 3.4557501 3.5552208 3.2032779 2.1360872 4.0151673 4.7620470 4.7268655 4.8533278 5.4635869 7.0698644 3.6843390 4.2654670 3.5507282 2.8689554 5.6736061 3.8086057 3.6423629 3.8222993 3.5884230 3.7340071 3.6312745 4.5592992 3.8890849 5.1938251 4.1343532 2.0838713 4.8827152 
Chem_TCONS_00072211                                 3.4602830 3.1266528 1.6813963 0.8541824 1.7269050 1.8019536 1.6496465 1.7919408 1.7612162 2.1624422 2.5569670 1.7704162 1.6200761 1.8473361 1.8005910 2.2600394 1.4028254 2.7370213 2.3322793 2.6688201 2.4720887 4.3270596 2.0096360 2.8496177 3.0843681 3.0428336 2.6229608 2.8065771 3.1069063 2.2929460 2.2457425 2.4599608 3.5219860 2.8465318 3.0522069 1.7225183 3.2334787 2.9808427 2.9252025 1.6691348 3.3409093 3.3639151 2.4511272 3.2621953 2.7167063 3.4108224 2.7793377 0.0000000 2.3921835 2.7877303 2.4907996 1.6169036 1.6762158 2.8152202 1.7110575 2.8758529 2.8131660 3.2814129 2.9504268 2.9663179 2.2209627 1.8457216 3.1245361 1.2918783 2.9065667 2.7966087 2.8713321 1.9861099 2.3531687 1.8207427 2.3912863 2.2139672 2.2898919 2.5605180 2.9364143 3.2211544 2.4883407 3.4859324 
