76
Lcom_lcpid144045                                                     0.0000000 0.0000010 0.1702310 0.1710244 0.3540484 0.8165170 0.6762934 0.6615724 0.7189548 0.6930200 0.6391097 0.6314732 0.7586051 0.8386657 0.7715662 0.8940259 0.8905876 0.8497706 0.8649489 0.8720425 0.7216595 0.7398835 0.8747936 0.7697049 0.7840084 0.8984728 0.7312666 0.8410821 0.8200880 0.8327130 0.8327130 0.8364069 0.8613184 0.8613184 1.0791020 0.8956758 0.8687289 0.6876133 1.0932186 0.7310901 0.9260747 0.8128703 0.8941033 0.9273336 0.8558021 0.8475842 0.9606747 1.3381509 1.2635249 1.0349898 1.1413269 0.9810975 1.1427315 1.2103014 1.2264060 1.1961414 1.1368605 1.1434206 1.3438287 1.1427822 1.0661606 1.1941982 1.1529010 0.7827510 0.8827555 0.8631105 1.3362183 1.3261673 1.4722807 1.6005421 1.5182489 1.3380384 1.5809512 0.6090498 0.9500064 2.9535414 
Scil_scict021700.2                                                   0.0000010 0.0000000 0.1713069 0.1749110 0.4398160 0.9812847 0.8500282 0.8314396 1.1354450 0.8656503 0.7838119 0.7831133 0.9593392 0.9500847 0.9657840 1.0956066 1.0427779 0.9870242 1.0299176 1.0516115 0.8932968 0.9273004 1.0569413 0.9913692 0.8303309 1.1312667 0.8398235 0.9537819 0.9006037 0.9226948 0.9226948 0.9233790 0.9623506 0.9623506 1.0791020 1.1025191 1.0850939 0.6876133 1.0467626 0.8667105 0.9953357 0.9156088 0.9733204 1.1642592 1.0437359 1.0417082 1.2202404 1.9227526 1.4572101 1.4540091 1.3518233 1.2015355 1.3540085 1.4477601 1.4377130 1.4001102 1.3072972 1.3019206 1.3438287 1.3276422 1.2838289 1.3898026 1.2797672 0.8024568 0.9935249 1.0030088 1.5374874 1.6642112 1.5491397 1.7334053 1.8894002 1.8118382 1.7376943 1.2598936 1.0803320 2.9535414 
Leuniv_Lniv_scaffold25196_01                                         0.1702310 0.1713069 0.0000000 0.1885599 0.3636885 0.9738251 0.8734650 0.8579554 1.1535220 0.8809126 0.7989074 0.7915550 0.9909108 0.9687925 1.0082165 1.0265712 0.9482252 0.9451136 0.9996222 1.0653370 0.8924155 0.8666543 0.8841128 0.9822271 0.8484022 1.0468943 0.8883753 0.9562648 0.9232568 0.9155949 0.9155949 0.9260983 0.9498413 0.9498413 0.9689994 1.0413381 1.0933191 0.6956338 0.9684582 0.8421185 0.9523999 0.8821964 0.9768205 1.1139065 1.0225642 1.0294526 1.2126452 2.0024154 1.4316575 1.4039531 1.2893960 1.1802431 1.3914644 1.5793222 1.5292685 1.4417189 1.3644003 1.3562851 1.4115246 1.4013730 1.2929836 1.3644825 1.2660217 0.7663843 0.9853384 0.9462331 1.4749999 1.7390344 1.5763284 1.7679559 1.9285711 1.7768839 1.7221470 1.3836170 0.9384302 3.1742427 
Lcom_lcpid7050                                                       0.1710244 0.1749110 0.1885599 0.0000000 0.3976508 0.9890430 0.8452446 0.8356105 1.3263746 0.8387256 0.7643527 0.7571079 0.9783082 0.8784971 0.9613380 1.0168824 0.9892362 0.9137787 0.9775777 0.9790181 0.8391254 0.8423309 0.8172237 0.9506465 0.8184512 1.1214233 0.8239437 0.8110533 0.7767658 0.8041461 0.8041461 0.7822482 0.8341232 0.8341232 0.8668814 1.0810624 0.9979139 0.6669759 0.9331483 0.7916540 0.9711368 0.9160847 0.9394699 1.0321154 0.9938996 1.0260934 1.1876375 1.7156461 1.4066459 1.2987046 1.2691646 1.2271837 1.4205021 1.3988822 1.3641716 1.3483584 1.3427439 1.3331208 1.3335771 1.3250193 1.2526664 1.3535560 1.2820688 0.7601599 0.9858250 0.9335329 1.4754017 1.6896581 1.5952312 1.7768941 1.8294794 1.7712262 1.6561069 1.0838517 0.8213187 3.0449510 
Clacor_Ccor_C537315_01                                               0.3540484 0.4398160 0.3636885 0.3976508 0.0000000 0.8208208 0.8048191 0.7879552 0.9929457 0.7825133 0.7148081 0.7197882 0.9574450 0.9002926 0.9160173 0.9484648 0.9493309 0.9710580 0.9212905 0.9323787 0.8760828 0.8985466 0.7680709 0.9263948 0.8416986 1.2614178 0.9844747 0.9135578 0.8880866 0.8771190 0.8771190 0.8705299 0.9395053 0.9395053 0.8881060 0.9123027 0.9586072 0.7989300 1.0393146 0.8737086 0.9332713 0.9269698 0.9102421 0.9327842 1.0324876 1.0362937 1.3028481 1.6173752 1.2841711 1.3669775 1.1481470 1.1550489 1.3694835 1.4813235 1.4021266 1.3175708 1.3860475 1.3923013 1.3128501 1.2852446 1.2840635 1.4114057 1.3850253 0.8751306 1.0323018 1.0438566 1.4709456 1.7224466 1.5421893 1.5621215 1.7471910 1.6209989 1.7842141 1.4087093 0.8841927 3.1542730 
Fspp_ffun1.m4.6084.m1                                                0.8165170 0.9812847 0.9738251 0.9890430 0.8208208 0.0000000 0.2470828 0.2517170 0.1021690 0.1694356 0.2149039 0.1947145 0.7999115 0.8715400 0.8000041 1.2811267 1.3700158 0.7271089 0.6928800 0.8056554 0.9678438 1.0434346 1.0717765 1.3057556 1.3120943 0.7850378 1.0007087 1.1478336 1.1433438 1.1268221 1.1430548 1.1575500 1.1024793 1.1024793 0.8640112 0.7945896 0.8760810 0.9929537 0.9572356 1.7682970 0.8708018 1.4552606 0.9174947 1.7931933 1.5187632 1.5477246 1.2625295 3.2355848 2.0719027 2.6418673 2.0798750 1.1671816 1.7914700 1.9960399 2.3112793 1.8257736 1.8217686 1.8429737 1.2154704 1.7252987 1.7624427 1.8268597 1.8263186 1.5163035 1.7133453 1.6360147 2.0670850 2.4204170 2.0556697 2.0489051 2.3458164 2.5325761 1.9195990 3.8149501 2.1830019 3.0136607 
Amil_Amillepora08327-RA                                              0.6762934 0.8500282 0.8734650 0.8452446 0.8048191 0.2470828 0.0000000 0.0042488 0.0108477 0.1633004 0.2551822 0.2287102 0.7390654 0.8213160 0.7851751 1.1603609 1.2640839 0.7030666 0.6172508 0.8301241 0.9196829 0.9553254 0.7648116 1.1501472 1.1667483 0.6575914 0.9329506 1.0363308 1.0183628 1.0103140 1.0209340 1.0554311 0.9801165 0.9801165 0.8187102 0.6990557 0.8315276 0.9528459 1.0397341 1.6264566 0.8063978 1.3693843 0.7284409 1.7089910 1.3247443 1.2845721 1.0742177 2.7695460 1.9726729 2.2598255 1.9050471 0.9851420 1.5955957 1.7790004 1.9196284 1.6150664 1.6380234 1.6543572 1.1090490 1.5923970 1.6543787 1.7764971 1.7587810 1.2215287 1.4209722 1.4809834 1.9471447 2.3674319 2.1314725 2.0049332 2.2508839 2.4077077 1.8625009 2.5390686 2.0275744 2.9970382 
Adig_XM_015921182.1                                                  0.6615724 0.8314396 0.8579554 0.8356105 0.7879552 0.2517170 0.0042488 0.0000000 0.0108477 0.1704060 0.2531669 0.2339581 0.7224173 0.7990474 0.7709709 1.1391513 1.2322048 0.6948912 0.6285693 0.8190219 0.8838158 0.9251634 0.7548415 1.1220968 1.1537677 0.6575914 0.9088002 1.0389087 1.0212309 1.0133044 1.0237565 1.0474054 0.9827611 0.9827611 0.8339907 0.6960511 0.8313508 1.0233507 1.0397341 1.5963879 0.8083170 1.3488568 0.7613770 1.6683764 1.3036014 1.2562530 1.0556825 2.7059113 1.9635150 2.2435500 1.9046088 1.0065976 1.5984352 1.7883486 1.9282316 1.6262003 1.6430752 1.6591158 1.1176346 1.5982570 1.6518208 1.7789130 1.7616905 1.1885522 1.3849630 1.4414041 1.9482745 2.2845489 2.1288129 2.0165511 2.2307499 2.3894500 1.8209220 2.5905274 1.9383296 3.0047178 
Adig_XM_015921179.1                                                  0.7189548 1.1354450 1.1535220 1.3263746 0.9929457 0.1021690 0.0108477 0.0108477 0.0000000 0.1073608 0.1063714 0.1458563 0.3437539 0.5020949 0.5549820 0.5584815 0.6241103 0.7270974 0.7944769 1.1587468 0.7083220 0.7591357 0.0000010 0.6429822 0.4921869 0.7226373 0.4863562 0.4998299 0.5031558 0.4885281 0.4885281 0.3772025 0.5138661 0.5138661 0.0000010 0.8602819 1.0532982 0.0000010 1.0038979 1.0722339 0.8708699 0.9533827 0.8546047 1.1639304 0.8285854 1.1296008 1.0889355 0.0000010 0.0000010 0.0000010 0.0000010 0.0000010 1.1996604 1.4266042 9.0000000 1.0975210 1.0489461 1.0142345 0.0000010 1.0606603 1.0103420 0.9823645 0.8178703 0.5173144 0.9624690 0.8854137 1.2583621 1.7073590 1.3200360 0.9347737 1.9105312 2.2111311 0.6035063 0.0000010 2.2132193 1.8017345 
Gfas_gfas1.m1.9626.m1                                                0.6930200 0.8656503 0.8809126 0.8387256 0.7825133 0.1694356 0.1633004 0.1704060 0.1073608 0.0000000 0.1936865 0.1716232 0.7357646 0.7612056 0.7542883 1.1750204 1.2315225 0.6694504 0.5934866 0.8120287 0.8512341 0.9094085 0.8730401 1.1183471 1.0931507 0.6436526 0.8783725 1.0326546 1.0459397 1.0420797 1.0527030 1.0747867 1.0201473 1.0201473 0.8252049 0.7056932 0.8062236 1.0023629 0.9792591 1.5984601 0.8415971 1.3205023 0.7545952 1.6455021 1.3193246 1.2762588 1.0541528 2.3903063 1.8117837 2.2162476 1.8969306 1.0106845 1.5788982 1.8085259 1.9937125 1.6196556 1.6070466 1.6234124 1.0916586 1.4976048 1.6493047 1.7494327 1.7416387 1.2338069 1.3732585 1.3733401 1.9108937 2.2379550 2.0222247 1.9668242 2.2529651 2.3090357 1.8111656 2.5209496 1.9765634 2.9853366 
Spis_XP_022794723_1                                                  0.6391097 0.7838119 0.7989074 0.7643527 0.7148081 0.2149039 0.2551822 0.2531669 0.1063714 0.1936865 0.0000000 0.0457793 0.7372074 0.7983375 0.7226067 1.1447113 1.2150383 0.6839492 0.6599105 0.8705293 0.8646540 0.9237711 0.8397921 1.0866917 1.1441611 0.7007184 0.8491516 1.0460759 1.0569953 1.0467973 1.0554671 1.1017336 1.0202546 1.0202546 0.8532491 0.6969514 0.8464512 0.9148923 0.9087452 1.5002236 0.8349756 1.3381598 0.8352811 1.6144480 1.3782058 1.3530451 1.1071991 2.4535234 1.8944551 2.1800414 1.8983785 1.0189795 1.5872618 1.7823901 1.9692526 1.6101660 1.6237160 1.6405071 1.1701635 1.5524655 1.6034612 1.7416580 1.7418701 1.2822587 1.3998929 1.4512474 1.8819420 2.4012617 2.2194871 2.1075768 2.4480334 2.3569219 1.9014640 2.6948884 2.0369827 2.9522314 
Pocdam_XM_027182786.1                                                0.6314732 0.7831133 0.7915550 0.7571079 0.7197882 0.1947145 0.2287102 0.2339581 0.1458563 0.1716232 0.0457793 0.0000000 0.7531141 0.7834018 0.7430341 1.1185215 1.1599216 0.6845485 0.6570254 0.8507064 0.8581534 0.9282956 0.8609008 1.0670643 1.1437128 0.7415221 0.8601075 1.0674994 1.0748869 1.0681794 1.0769721 1.0979741 1.0509772 1.0509772 0.8638723 0.7110454 0.8448651 0.8965955 0.9047261 1.5332092 0.8370962 1.3511850 0.8402241 1.6232115 1.3556967 1.3140245 1.1220711 2.4229055 1.8535054 2.0845513 1.8077279 1.0078606 1.5300363 1.7466114 1.9118922 1.5709810 1.5727336 1.5888487 1.1411720 1.4995862 1.5711513 1.7174314 1.7123511 1.2975571 1.3956961 1.4370787 1.9219841 2.3755172 2.1985094 2.1224803 2.3595344 2.3132306 1.8727054 2.6381584 2.0018512 2.9071692 
Nvec_v1g170150                                                       0.7586051 0.9593392 0.9909108 0.9783082 0.9574450 0.7999115 0.7390654 0.7224173 0.3437539 0.7357646 0.7372074 0.7531141 0.0000000 0.6674177 0.7319714 1.4396402 1.4806623 0.8131655 0.6827902 0.8781227 1.0111606 1.0681427 1.0700519 1.2464941 1.3946835 0.6789854 1.1181636 1.3380974 1.3505366 1.3183069 1.3311426 1.4190687 1.3503165 1.3503165 0.8231713 0.8572796 0.9934185 0.9866066 1.0393514 1.6671934 0.8628119 1.4094792 0.8665469 1.8174873 1.3335339 1.4669333 1.0952670 3.1357385 2.1866123 2.6788632 2.1665756 1.0191989 1.7424611 1.9790952 2.1536039 1.7597388 1.8576913 1.8903663 1.0352961 1.6979160 1.7869874 1.8580896 1.8917409 1.3744966 1.3724591 1.4924510 2.0967943 2.5589803 2.3938576 2.0652359 2.4250731 2.4086748 1.9091866 2.5108799 2.0180775 3.0849426 
Exapal_XM_021058950.2                                                0.8386657 0.9500847 0.9687925 0.8784971 0.9002926 0.8715400 0.8213160 0.7990474 0.5020949 0.7612056 0.7983375 0.7834018 0.6674177 0.0000000 0.7799916 1.4566004 1.5179930 0.8014698 0.7481016 0.9929349 1.0052682 1.0357017 1.0173253 1.2742874 1.2483093 0.9102836 1.1079630 1.1947544 1.1806648 1.2116680 1.2309772 1.2444723 1.1772159 1.1772159 0.7979657 0.8937525 0.9038417 0.9528234 0.8779962 1.5502713 0.9017761 1.4692930 0.9080979 1.7187608 1.4522863 1.3491702 1.1079751 2.6339144 1.9701710 2.5589306 2.1178370 1.0217753 1.8232984 1.9579673 2.0285087 1.7748312 1.8610697 1.8691961 1.1610444 1.7535349 1.9717298 1.9106670 1.9053045 1.2580980 1.5159062 1.4081277 2.0498485 2.3759009 2.1752316 2.0992858 2.3635290 2.6585800 1.7576866 2.7630843 1.7727724 3.0483863 
Skow_XM_006822066.1                                                  0.7715662 0.9657840 1.0082165 0.9613380 0.9160173 0.8000041 0.7851751 0.7709709 0.5549820 0.7542883 0.7226067 0.7430341 0.7319714 0.7799916 0.0000000 0.8974114 1.0489103 0.6517692 0.6348611 0.7598724 0.8195332 0.8858804 0.8624631 0.6873909 0.5640392 0.6456748 0.5683633 0.8845376 0.8795236 0.8791833 0.8791833 0.9137164 0.9239999 0.9239999 0.7168785 0.7804002 0.8449240 0.7024997 1.0335016 1.1942200 0.6332310 0.8342816 0.6960214 1.3361316 1.1703923 1.0698549 0.9939195 2.3675405 1.5708405 2.2914401 1.8158770 1.0600588 1.4203335 1.4564181 1.5482624 1.3498905 1.4380240 1.4174456 0.9456519 1.2426058 1.3978790 1.3407602 1.3776670 1.0665964 1.3527320 1.2841428 1.3541664 1.9604324 1.8187313 1.6456400 1.8672681 2.1084318 1.4603472 2.2316912 1.4596727 2.4297181 
Emue_Em0004g340a.t1                                                  0.8940259 1.0956066 1.0265712 1.0168824 0.9484648 1.2811267 1.1603609 1.1391513 0.5584815 1.1750204 1.1447113 1.1185215 1.4396402 1.4566004 0.8974114 0.0000000 0.1676943 0.4930108 0.5417908 0.8213029 1.3730982 1.4720190 1.1981574 1.3195448 1.5531730 0.9478923 1.2427338 1.4893115 1.4598133 1.4341235 1.4523771 1.5303671 1.5207808 1.5207808 0.9144585 0.8771731 1.0158777 0.8131582 0.9311997 1.7916438 0.8229505 1.4689774 0.9582735 1.7172064 1.4065007 1.4431751 1.0632459 2.8507956 1.9250030 2.7061433 1.8733405 0.9836778 1.4679881 1.5987383 1.8122708 1.6883299 1.6657611 1.6764314 0.9129922 1.6822526 1.6779239 1.7364226 1.8175153 1.5558353 1.5079382 1.6978693 1.9254587 2.7472519 2.1482877 2.1836893 2.6280223 2.6041267 2.1830211 3.0040438 1.5277290 2.7188076 
Spolac_c97418_g1_i1_m.14967c97418-g1                                 0.8905876 1.0427779 0.9482252 0.9892362 0.9493309 1.3700158 1.2640839 1.2322048 0.6241103 1.2315225 1.2150383 1.1599216 1.4806623 1.5179930 1.0489103 0.1676943 0.0000000 0.5155614 0.6285118 0.7692138 1.4232421 1.5140397 1.3551274 1.3635033 1.5145350 0.8796272 1.2699146 1.4481256 1.4087978 1.4251277 1.4405801 1.4798767 1.4681529 1.4681529 0.9860472 0.8684898 1.1121213 0.9826804 1.0461877 1.7501536 0.8315812 1.4872727 0.9492785 1.7783407 1.3127766 1.3871719 1.0850498 2.8033564 1.8747070 2.4509595 1.8701722 1.0445417 1.4506598 1.6033758 1.7483033 1.6877619 1.5803499 1.6099341 0.8773290 1.6677948 1.5358716 1.7031489 1.7516595 1.4571397 1.4885444 1.5620270 2.0422998 2.4591747 2.1512275 2.1314731 2.5578141 2.4741638 2.0926582 3.3364337 1.6967065 2.5193371 
Stycar_maker-SC_scaffold944-snap-gene-0.114-mRNA-1                   0.8497706 0.9870242 0.9451136 0.9137787 0.9710580 0.7271089 0.7030666 0.6948912 0.7270974 0.6694504 0.6839492 0.6845485 0.8131655 0.8014698 0.6517692 0.4930108 0.5155614 0.0000000 0.4172834 0.6790085 0.7391805 0.7780839 0.7920321 0.7243703 0.6157292 1.0372149 0.6845433 0.6985899 0.6703141 0.6937658 0.6937658 0.6213163 0.6819894 0.6819894 0.7841189 0.8694078 0.7482756 0.7842702 0.9915442 0.9282712 0.8039630 0.7534091 0.8673669 0.9055930 0.6822097 0.7196046 0.9535855 1.8036894 0.9921345 1.3577824 1.0317525 0.9007000 0.9844828 0.9863353 1.0213409 0.9754118 1.0037881 1.0054449 0.8397628 1.0086618 0.9518629 1.0517590 0.9899001 0.7184375 0.9070761 0.8302404 1.0504173 1.5576150 1.5116259 1.4879652 1.6308132 1.5798322 1.4842393 1.6704259 0.1184273 2.4334208 
Tetwil_g12514.t1                                                     0.8649489 1.0299176 0.9996222 0.9775777 0.9212905 0.6928800 0.6172508 0.6285693 0.7944769 0.5934866 0.6599105 0.6570254 0.6827902 0.7481016 0.6348611 0.5417908 0.6285118 0.4172834 0.0000000 0.6518166 0.6308761 0.7091690 0.4717654 0.5880408 0.5174551 1.0279613 0.6710821 0.6358907 0.6238721 0.6324020 0.6324020 0.5550693 0.6437198 0.6437198 0.7390955 0.7324267 0.6510671 0.7528885 0.8514797 0.7732347 0.7628678 0.6403321 0.7908789 0.8893400 0.6487261 0.6371629 0.8233734 1.4327075 0.9567975 1.1550045 0.8459335 0.8516501 0.9148214 0.9337535 0.8805503 0.9028276 0.9076012 0.9246086 0.7685521 0.9235098 0.9825105 0.9183590 0.8922380 0.6371491 0.8454768 0.7570723 1.0741977 1.4005689 1.3435695 1.3562944 1.5359233 1.4721133 1.2694988 1.1103277 0.5548890 2.3923132 
Aque_Aqu2.1.33591_001                                                0.8720425 1.0516115 1.0653370 0.9790181 0.9323787 0.8056554 0.8301241 0.8190219 1.1587468 0.8120287 0.8705293 0.8507064 0.8781227 0.9929349 0.7598724 0.8213029 0.7692138 0.6790085 0.6518166 0.0000000 0.8535217 0.8974748 0.8270507 0.9716044 0.6893242 1.5056427 0.8443806 0.9122329 0.8764482 0.8980320 0.8980320 0.7563623 0.9299994 0.9299994 0.8900063 1.0647834 0.9348685 0.7602057 1.5030553 1.0125621 0.8879763 0.8224287 1.1360873 1.1625012 0.8309645 0.8087970 1.0841590 1.6146411 1.1632787 1.3068872 1.0957145 1.0572754 1.1124315 1.1178786 1.0132944 1.0087348 1.1379292 1.1311621 0.9566787 1.1323578 1.0608697 1.0745156 1.0915929 0.7358658 0.9158222 0.9114516 1.3831119 1.5348030 1.3362645 1.6065263 1.5757342 1.6790279 1.4761655 1.3618592 0.8861531 2.5272140 
Dgig_XM_028535319.1                                                  0.7216595 0.8932968 0.8924155 0.8391254 0.8760828 0.9678438 0.9196829 0.8838158 0.7083220 0.8512341 0.8646540 0.8581534 1.0111606 1.0052682 0.8195332 1.3730982 1.4232421 0.7391805 0.6308761 0.8535217 0.0000000 0.4409027 1.0658896 1.1916981 1.2547637 0.7015723 1.1080188 1.2456425 1.2764462 1.2450896 1.2565794 1.2528446 1.2577128 1.2577128 0.6705201 0.9272361 0.9690300 0.8395679 0.9274353 1.6052601 0.7526264 1.3912478 0.7601073 1.7125226 1.6974613 1.4544596 1.0425091 2.9436144 1.9163456 2.7431586 2.0454331 0.8551075 1.6922447 1.9522319 2.0621465 1.7475255 1.9575201 1.9346928 0.8474053 1.7535315 1.7452715 1.7702590 1.7583231 1.3502060 1.5553426 1.6771043 2.0912794 2.3559685 2.5034851 2.2264145 2.4648565 2.4078729 1.9344263 3.8574871 2.2534781 2.8161337 
Xesp_010046-T1                                                       0.7398835 0.9273004 0.8666543 0.8423309 0.8985466 1.0434346 0.9553254 0.9251634 0.7591357 0.9094085 0.9237711 0.9282956 1.0681427 1.0357017 0.8858804 1.4720190 1.5140397 0.7780839 0.7091690 0.8974748 0.4409027 0.0000000 0.9737183 1.2700884 1.2856177 0.8385758 1.1982599 1.2259216 1.2306990 1.2541318 1.2723810 1.2155790 1.2594621 1.2594621 0.7415964 0.9382623 0.9467127 0.8946448 0.8767902 1.5689898 0.8067611 1.4040233 0.8562661 1.6812152 1.7088977 1.4655972 1.0917125 2.9450399 1.9788749 3.0755384 2.2371816 0.9184898 1.8380626 1.9555614 2.0823502 1.7720711 1.8544339 1.8647964 0.8851450 1.8474288 1.8148985 1.7491530 1.7784435 1.4298326 1.6199621 1.6926384 2.0698929 2.3256379 2.2780639 2.0956646 2.3905887 2.3079409 1.7741230 2.6715706 2.0859657 2.8380757 
Lcom_lcpid183543                                                     0.8747936 1.0569413 0.8841128 0.8172237 0.7680709 1.0717765 0.7648116 0.7548415 0.0000010 0.8730401 0.8397921 0.8609008 1.0700519 1.0173253 0.8624631 1.1981574 1.3551274 0.7920321 0.4717654 0.8270507 1.0658896 0.9737183 0.0000000 0.5650729 0.5536400 0.0000010 0.8106790 0.7694875 0.7622201 0.7940537 0.7940537 0.8315465 0.7673550 0.7673550 0.6587740 0.5924742 0.6580912 0.8493573 0.0000010 1.2220697 0.3428470 0.9141546 0.9914173 1.3440053 1.1501951 1.0606897 1.2243456 1.5382843 1.0938271 1.3784109 1.1690291 0.9693992 1.1409439 1.1315926 1.1315926 1.0627211 1.1935274 1.1661544 0.7213300 1.2204186 1.0802514 1.2984552 1.2744363 1.1104859 1.1774631 1.1980250 1.4624489 1.7702894 2.3056324 2.4167754 1.8429208 1.9447897 1.4376265 1.3837293 0.8607041 2.2960937 
Cgig_XM_034454258.1                                                  0.7697049 0.9913692 0.9822271 0.9506465 0.9263948 1.3057556 1.1501472 1.1220968 0.6429822 1.1183471 1.0866917 1.0670643 1.2464941 1.2742874 0.6873909 1.3195448 1.3635033 0.7243703 0.5880408 0.9716044 1.1916981 1.2700884 0.5650729 0.0000000 0.8806107 0.6151877 0.9627053 1.1446702 1.1402377 1.1405129 1.1467280 1.1289710 1.1544883 1.1544883 0.7339666 0.7124572 0.8054779 0.6195586 1.1423208 1.5320217 0.5021180 1.2668082 0.8306869 1.7736103 1.5213250 1.5370988 1.0172624 2.9924467 1.8739504 2.6144245 1.9775987 0.8417303 1.6350451 1.8176489 1.9477565 1.7392960 1.6511368 1.6688050 0.8805614 1.6218754 1.7143059 1.8405779 1.8520337 1.2804674 1.5596751 1.6486694 2.0191254 2.3552458 2.1186029 2.0613727 2.3897222 2.3381536 1.8293499 2.4592621 2.0095014 2.4639368 
Acagra_model.g22536.t1                                               0.7840084 0.8303309 0.8484022 0.8184512 0.8416986 1.3120943 1.1667483 1.1537677 0.4921869 1.0931507 1.1441611 1.1437128 1.3946835 1.2483093 0.5640392 1.5531730 1.5145350 0.6157292 0.5174551 0.6893242 1.2547637 1.2856177 0.5536400 0.8806107 0.0000000 0.3839433 0.8893966 1.1734969 1.1507025 1.1728630 1.1800494 1.1702522 1.2376615 1.2376615 0.7031607 0.6223389 0.7481215 0.7663164 0.7779435 1.5846257 0.5667626 1.1432557 0.5849473 1.9298624 1.5305125 1.3802875 0.8901869 3.3428658 2.1569240 2.7857169 2.2282878 1.1024585 1.7211891 1.9742825 2.2333223 1.8875472 1.7236911 1.7543094 1.0339993 1.7336364 1.8676519 1.9318406 1.9756219 1.4407787 1.6877327 1.6165621 1.9992434 2.1536596 2.1281718 1.8949551 2.2326999 2.2665746 1.6876136 2.7330610 2.0463649 2.8636523 
Lcom_lcpid189987                                                     0.8984728 1.1312667 1.0468943 1.1214233 1.2614178 0.7850378 0.6575914 0.6575914 0.7226373 0.6436526 0.7007184 0.7415221 0.6789854 0.9102836 0.6456748 0.9478923 0.8796272 1.0372149 1.0279613 1.5056427 0.7015723 0.8385758 0.0000010 0.6151877 0.3839433 0.0000000 0.5147485 0.4555607 0.4949527 0.4777360 0.4777360 0.3991789 0.4860784 0.4860784 1.6184188 1.0178809 1.3261643 2.0434845 1.2580770 1.0843964 0.5727330 1.0603011 1.0038790 1.3879723 1.0867659 1.1741273 1.2013743 0.0000010 3.7989643 0.0000010 0.0000010 0.0000010 0.9569970 1.2920689 1.4864999 1.0599406 0.8961173 0.8961173 1.0334370 0.9353689 1.0208622 1.0022300 1.0083916 0.5940350 0.9537942 1.1060988 1.2992426 1.2384191 1.3873813 1.0715275 1.8325264 2.0824903 1.1233620 0.0000010 1.9551355 1.7905082 
Spur_XM_790556.5                                                     0.7312666 0.8398235 0.8883753 0.8239437 0.9844747 1.0007087 0.9329506 0.9088002 0.4863562 0.8783725 0.8491516 0.8601075 1.1181636 1.1079630 0.5683633 1.2427338 1.2699146 0.6845433 0.6710821 0.8443806 1.1080188 1.1982599 0.8106790 0.9627053 0.8893966 0.5147485 0.0000000 1.1518524 1.1656470 1.1608224 1.1717755 1.1712823 1.1518477 1.1518477 0.8473506 0.7284805 0.8030038 0.9930060 1.0455456 1.7290802 0.6885258 1.1383854 0.6910432 1.7708524 1.5344660 1.4721905 0.9851045 2.6541329 1.8915272 2.6690520 2.1718704 1.0878841 1.5611324 1.8961723 2.1257197 1.5789065 1.5878352 1.6059849 1.0518790 1.5016645 1.5547828 1.6377568 1.6528044 1.3436212 1.4629230 1.5637055 1.6425757 2.1670636 2.0640007 1.8597485 2.2619067 2.3028462 1.5861581 2.8209846 2.0284662 2.3991085 
HoiH23_PlH23_010883-RA                                               0.8410821 0.9537819 0.9562648 0.8110533 0.9135578 1.1478336 1.0363308 1.0389087 0.4998299 1.0326546 1.0460759 1.0674994 1.3380974 1.1947544 0.8845376 1.4893115 1.4481256 0.6985899 0.6358907 0.9122329 1.2456425 1.2259216 0.7694875 1.1446702 1.1734969 0.4555607 1.1518524 0.0000000 0.0470985 0.0748826 0.0726182 0.1101281 0.1367248 0.1367248 0.6139471 0.7603634 0.9149655 0.8916175 1.0882028 1.4715964 0.7328079 1.3475228 0.7266130 1.6432710 1.6759657 1.5174844 1.1844283 2.8457786 1.9736051 2.5707782 1.9986523 0.9193289 1.6287708 1.6763446 1.8167091 1.6614530 1.6540933 1.6668311 0.8570383 1.6407655 1.6403438 1.7128489 1.7415522 1.4152302 1.5737162 1.6927233 2.0535697 2.0403217 1.8824489 1.9098967 2.2945761 2.2825268 1.8546111 2.5698724 2.1361427 2.4755751 
HoiH06_mRNA6826                                                      0.8200880 0.9006037 0.9232568 0.7767658 0.8880866 1.1433438 1.0183628 1.0212309 0.5031558 1.0459397 1.0569953 1.0748869 1.3505366 1.1806648 0.8795236 1.4598133 1.4087978 0.6703141 0.6238721 0.8764482 1.2764462 1.2306990 0.7622201 1.1402377 1.1507025 0.4949527 1.1656470 0.0470985 0.0000000 0.0670987 0.0648742 0.1064768 0.1422977 0.1422977 0.5920153 0.7345819 0.9107027 0.8615541 1.0524913 1.5016441 0.7067854 1.3408427 0.7012859 1.6551427 1.6477971 1.5290896 1.1607196 2.8891600 1.9736287 2.6366827 2.0154467 0.8892424 1.5982250 1.6930801 1.8465162 1.6452802 1.6441339 1.6556245 0.8447874 1.6163226 1.6243614 1.7077394 1.7139850 1.3748030 1.5614200 1.6601074 2.0165666 2.0756862 1.9301165 1.9279764 2.3042131 2.2900247 1.8033509 2.4866397 2.1454995 2.5335686 
Hhon_g10248.t1                                                       0.8327130 0.9226948 0.9155949 0.8041461 0.8771190 1.1268221 1.0103140 1.0133044 0.4885281 1.0420797 1.0467973 1.0681794 1.3183069 1.2116680 0.8791833 1.4341235 1.4251277 0.6937658 0.6324020 0.8980320 1.2450896 1.2541318 0.7940537 1.1405129 1.1728630 0.4777360 1.1608224 0.0748826 0.0670987 0.0000000 0.0061760 0.1078832 0.1252876 0.1252876 0.6135064 0.7424784 0.9124774 0.8753267 1.0742580 1.4858762 0.6970871 1.3429886 0.7128924 1.6259384 1.6866885 1.5583213 1.1751234 2.8768495 1.9731472 2.7565985 2.0841385 0.8920403 1.6590159 1.7561358 1.9051029 1.6239251 1.6875769 1.6993693 0.8579923 1.6560978 1.6718639 1.7160866 1.7183265 1.4012021 1.5545415 1.6963886 2.0691174 2.0957900 1.9190504 1.9056193 2.2915133 2.2893563 1.8878729 2.5954345 2.0896176 2.5606780 
HoiH04_mRNA5049                                                      0.8327130 0.9226948 0.9155949 0.8041461 0.8771190 1.1430548 1.0209340 1.0237565 0.4885281 1.0527030 1.0554671 1.0769721 1.3311426 1.2309772 0.8791833 1.4523771 1.4405801 0.6937658 0.6324020 0.8980320 1.2565794 1.2723810 0.7940537 1.1467280 1.1800494 0.4777360 1.1717755 0.0726182 0.0648742 0.0061760 0.0000000 0.1107029 0.1279416 0.1279416 0.6135064 0.7424784 0.9124774 0.8753267 1.0742580 1.5046524 0.6970871 1.3584191 0.7128924 1.6495601 1.6904176 1.5544770 1.1751234 2.9585072 2.0072961 2.7819185 2.0978245 0.8920403 1.6705455 1.7734332 1.9280477 1.6439160 1.6969523 1.7088153 0.8579923 1.6686327 1.6919007 1.7396834 1.7429284 1.4192895 1.5628489 1.7169008 2.0851908 2.1281883 1.9427695 1.9287491 2.3268984 2.3010690 1.8878729 2.6009524 2.0995149 2.5606780 
HoiH11_mRNA2842                                                      0.8364069 0.9233790 0.9260983 0.7822482 0.8705299 1.1575500 1.0554311 1.0474054 0.3772025 1.0747867 1.1017336 1.0979741 1.4190687 1.2444723 0.9137164 1.5303671 1.4798767 0.6213163 0.5550693 0.7563623 1.2528446 1.2155790 0.8315465 1.1289710 1.1702522 0.3991789 1.1712823 0.1101281 0.1064768 0.1078832 0.1107029 0.0000000 0.1499759 0.1499759 0.6200253 0.7421838 0.8543922 0.8501024 1.0516301 1.5311223 0.6796557 1.4154567 0.6312662 1.6274266 1.7234569 1.5074309 1.1503357 2.8468658 1.9712601 2.6298866 1.9934315 0.8926023 1.6661003 1.7153333 1.8547644 1.5747250 1.6224405 1.6376287 0.8647406 1.6515660 1.7088068 1.7413544 1.7766633 1.3759261 1.6089678 1.7213937 2.0331701 2.0045156 1.9887333 2.0130791 2.1453375 2.2017089 1.8673221 2.5111480 2.0864251 2.5786234 
TrH2_TrispH2_007516-RA                                               0.8613184 0.9623506 0.9498413 0.8341232 0.9395053 1.1024793 0.9801165 0.9827611 0.5138661 1.0201473 1.0202546 1.0509772 1.3503165 1.1772159 0.9239999 1.5207808 1.4681529 0.6819894 0.6437198 0.9299994 1.2577128 1.2594621 0.7673550 1.1544883 1.2376615 0.4860784 1.1518477 0.1367248 0.1422977 0.1252876 0.1279416 0.1499759 0.0000000 0.0000010 0.6272770 0.7639855 0.9038391 0.8967774 1.0624264 1.4965808 0.7482754 1.3995662 0.7363348 1.5963197 1.6395121 1.5500297 1.1861377 2.9102231 1.9745225 2.6641423 2.0244254 0.8883598 1.6423209 1.7018020 1.8811974 1.6872407 1.6865362 1.7010045 0.8423881 1.6565436 1.7399871 1.7396496 1.7157561 1.4309747 1.6510307 1.7174240 2.1211161 2.0723255 1.9403186 1.9921737 2.3073084 2.3389982 1.9201336 2.6750216 1.9782002 2.5769786 
Tadh_TriadT37449                                                     0.8613184 0.9623506 0.9498413 0.8341232 0.9395053 1.1024793 0.9801165 0.9827611 0.5138661 1.0201473 1.0202546 1.0509772 1.3503165 1.1772159 0.9239999 1.5207808 1.4681529 0.6819894 0.6437198 0.9299994 1.2577128 1.2594621 0.7673550 1.1544883 1.2376615 0.4860784 1.1518477 0.1367248 0.1422977 0.1252876 0.1279416 0.1499759 0.0000010 0.0000000 0.6272770 0.7639855 0.9038391 0.8967774 1.0624264 1.4965808 0.7482754 1.3995662 0.7363348 1.5963197 1.6395121 1.5500297 1.1861377 2.9102231 1.9745225 2.6641423 2.0244254 0.8883598 1.6423209 1.7018020 1.8811974 1.6872407 1.6865362 1.7010045 0.8423881 1.6565436 1.7399871 1.7396496 1.7157561 1.4309747 1.6510307 1.7174240 2.1211161 2.0723255 1.9403186 1.9921737 2.3073084 2.3389982 1.9201336 2.6750216 1.9782002 2.5769786 
Lcom_lcpid196140                                                     1.0791020 1.0791020 0.9689994 0.8668814 0.8881060 0.8640112 0.8187102 0.8339907 0.0000010 0.8252049 0.8532491 0.8638723 0.8231713 0.7979657 0.7168785 0.9144585 0.9860472 0.7841189 0.7390955 0.8900063 0.6705201 0.7415964 0.6587740 0.7339666 0.7031607 1.6184188 0.8473506 0.6139471 0.5920153 0.6135064 0.6135064 0.6200253 0.6272770 0.6272770 0.0000000 0.5858133 0.7201990 1.0655327 0.0000010 0.9382389 0.6579005 0.8558057 0.6546274 0.9700250 0.8279721 0.9069321 0.8278372 2.0768819 1.1093645 1.1612504 1.1263033 1.0879092 1.1748178 1.0919455 1.0919455 1.0138364 1.2431691 1.2636762 1.0637400 1.0243296 0.9751345 1.1485369 1.1820928 0.7810603 0.9042444 0.9850088 1.2330509 1.4669141 1.6576940 1.4402848 1.5069773 1.3831732 1.4681643 0.0000010 0.9217176 3.2288400 
Tcas_TC013082_001                                                    0.8956758 1.1025191 1.0413381 1.0810624 0.9123027 0.7945896 0.6990557 0.6960511 0.8602819 0.7056932 0.6969514 0.7110454 0.8572796 0.8937525 0.7804002 0.8771731 0.8684898 0.8694078 0.7324267 1.0647834 0.9272361 0.9382623 0.5924742 0.7124572 0.6223389 1.0178809 0.7284805 0.7603634 0.7345819 0.7424784 0.7424784 0.7421838 0.7639855 0.7639855 0.5858133 0.0000000 0.7489735 0.9110754 1.5730189 1.0653266 0.7964752 0.8728486 0.9158445 1.0368255 0.8972830 0.9411622 0.8703736 0.9788014 1.0862242 0.9033257 0.9878882 0.9213714 1.1645427 1.2823473 1.1542794 1.1380668 1.0686500 1.0883447 1.0136101 1.0634557 1.2065973 1.2685355 1.2752979 0.7220996 0.8832680 0.9052930 1.3318671 1.5355174 1.6774218 1.4486747 1.8658836 1.8688462 1.4970582 0.6937285 0.8714503 2.8295408 
Cscu_XM_023354604.1                                                  0.8687289 1.0850939 1.0933191 0.9979139 0.9586072 0.8760810 0.8315276 0.8313508 1.0532982 0.8062236 0.8464512 0.8448651 0.9934185 0.9038417 0.8449240 1.0158777 1.1121213 0.7482756 0.6510671 0.9348685 0.9690300 0.9467127 0.6580912 0.8054779 0.7481215 1.3261643 0.8030038 0.9149655 0.9107027 0.9124774 0.9124774 0.8543922 0.9038391 0.9038391 0.7201990 0.7489735 0.0000000 0.9025096 1.2912164 1.1759828 0.7474103 0.8514889 0.9656178 1.1868622 1.0457808 1.0595728 1.0433656 2.0160702 1.2661694 1.5837305 1.3096138 1.0399892 1.4244839 1.4257220 1.3345966 1.3182444 1.4121142 1.4276708 1.1417968 1.2507335 1.3780747 1.4476744 1.4151513 0.9942260 1.2233797 1.0636115 1.3121859 1.8297688 1.7376279 1.5523940 1.9875159 1.9006057 1.5651118 1.6581274 0.8705174 2.7605332 
Ocar_g5822                                                           0.6876133 0.6876133 0.6956338 0.6669759 0.7989300 0.9929537 0.9528459 1.0233507 0.0000010 1.0023629 0.9148923 0.8965955 0.9866066 0.9528234 0.7024997 0.8131582 0.9826804 0.7842702 0.7528885 0.7602057 0.8395679 0.8946448 0.8493573 0.6195586 0.7663164 2.0434845 0.9930060 0.8916175 0.8615541 0.8753267 0.8753267 0.8501024 0.8967774 0.8967774 1.0655327 0.9110754 0.9025096 0.0000000 0.0000010 0.1108281 0.7743510 0.6332443 1.0233004 0.7950448 1.1749103 0.9474085 1.0244799 4.8365351 1.2262001 1.4682521 1.1138952 1.0320074 1.1820587 1.1248973 1.1248973 1.2883148 1.2786435 1.3243366 1.1858949 1.2205110 1.1684499 1.3654921 1.3641563 0.9413789 1.0555918 1.0763597 1.4761771 1.4690814 1.6756340 1.7875440 1.6086210 1.6165986 1.3377949 1.3679298 0.6537151 3.3568512 
Ocar_g5823                                                           1.0932186 1.0467626 0.9684582 0.9331483 1.0393146 0.9572356 1.0397341 1.0397341 1.0038979 0.9792591 0.9087452 0.9047261 1.0393514 0.8779962 1.0335016 0.9311997 1.0461877 0.9915442 0.8514797 1.5030553 0.9274353 0.8767902 0.0000010 1.1423208 0.7779435 1.2580770 1.0455456 1.0882028 1.0524913 1.0742580 1.0742580 1.0516301 1.0624264 1.0624264 0.0000010 1.5730189 1.2912164 0.0000010 0.0000000 0.0113741 1.3886660 1.2966195 1.2672093 1.1024877 1.2103793 1.0224223 1.3195569 0.0000010 0.0000010 0.0000010 0.0000010 0.0000010 1.4188711 1.6840028 8.9999980 1.4982632 1.3450737 1.3450737 0.0000010 1.4843316 1.4453354 1.3704764 0.9914725 0.6733392 1.0276486 0.9580995 1.5577290 1.8674681 1.1459706 1.3181391 2.2365713 2.3625927 0.6035063 0.0000010 2.2132193 1.2274749 
Opea_EP00118_Oscarella_pearsei_P020706                               0.7310901 0.8667105 0.8421185 0.7916540 0.8737086 1.7682970 1.6264566 1.5963879 1.0722339 1.5984601 1.5002236 1.5332092 1.6671934 1.5502713 1.1942200 1.7916438 1.7501536 0.9282712 0.7732347 1.0125621 1.6052601 1.5689898 1.2220697 1.5320217 1.5846257 1.0843964 1.7290802 1.4715964 1.5016441 1.4858762 1.5046524 1.5311223 1.4965808 1.4965808 0.9382389 1.0653266 1.1759828 0.1108281 0.0113741 0.0000000 0.9143241 1.6673320 1.0257855 1.2728978 1.9051341 1.6148411 1.2658869 4.3179753 2.4661167 3.6958928 2.6314506 1.3241906 2.0014827 2.0816290 2.2320746 2.1748963 2.0833260 2.1178806 0.9652902 2.3044553 2.2036817 2.1701226 2.1168549 1.7582494 1.8778264 1.8059702 2.4776532 2.5739816 2.4221832 2.5872665 2.8009701 2.5905554 1.8605807 3.5479502 2.6155056 2.8326262 
Ctel_gnl_WGS_AMQN_CAPTEDRAFT_mRNA154830                              0.9260747 0.9953357 0.9523999 0.9711368 0.9332713 0.8708018 0.8063978 0.8083170 0.8708699 0.8415971 0.8349756 0.8370962 0.8628119 0.9017761 0.6332310 0.8229505 0.8315812 0.8039630 0.7628678 0.8879763 0.7526264 0.8067611 0.3428470 0.5021180 0.5667626 0.5727330 0.6885258 0.7328079 0.7067854 0.6970871 0.6970871 0.6796557 0.7482754 0.7482754 0.6579005 0.7964752 0.7474103 0.7743510 1.3886660 0.9143241 0.0000000 0.7788485 0.9463691 1.1567995 1.0137897 0.8964669 0.9219391 1.3476361 0.8531449 0.8864491 0.8312823 0.7806802 0.9600133 0.9783831 0.8954656 0.9754998 1.0014365 1.0149004 0.9482636 0.8548557 0.9133861 1.0211025 1.0435189 0.7425167 0.9623284 0.9299429 1.3172934 1.4625341 1.5869597 1.3688983 1.8172284 1.8901353 1.2984506 0.8907639 0.7245581 2.7275214 
Hsap_ENST00000641023                                                 0.8128703 0.9156088 0.8821964 0.9160847 0.9269698 1.4552606 1.3693843 1.3488568 0.9533827 1.3205023 1.3381598 1.3511850 1.4094792 1.4692930 0.8342816 1.4689774 1.4872727 0.7534091 0.6403321 0.8224287 1.3912478 1.4040233 0.9141546 1.2668082 1.1432557 1.0603011 1.1383854 1.3475228 1.3408427 1.3429886 1.3584191 1.4154567 1.3995662 1.3995662 0.8558057 0.8728486 0.8514889 0.6332443 1.2966195 1.6673320 0.7788485 0.0000000 0.8695416 1.7236873 1.6099589 1.6931564 1.0378124 3.6137541 2.2200511 3.1469879 2.2741158 0.9475945 1.8316567 1.9360863 2.0214519 1.9816380 1.9052907 1.9270504 0.8066665 2.0098677 1.8372750 2.0760321 2.1235583 1.4469489 1.5930737 1.7379105 2.1234540 2.3938654 2.1293610 1.9422441 2.4129212 2.6428130 1.8083315 3.6507899 2.2640985 2.8734574 
Bralan_BLAG10000166_1                                                0.8941033 0.9733204 0.9768205 0.9394699 0.9102421 0.9174947 0.7284409 0.7613770 0.8546047 0.7545952 0.8352811 0.8402241 0.8665469 0.9080979 0.6960214 0.9582735 0.9492785 0.8673669 0.7908789 1.1360873 0.7601073 0.8562661 0.9914173 0.8306869 0.5849473 1.0038790 0.6910432 0.7266130 0.7012859 0.7128924 0.7128924 0.6312662 0.7363348 0.7363348 0.6546274 0.9158445 0.9656178 1.0233004 1.2672093 1.0257855 0.9463691 0.8695416 0.0000000 1.2970864 0.9293832 0.9693411 1.0927410 2.1320348 1.2877769 1.6262694 1.1727098 1.1576341 1.2164694 1.3108329 1.2536638 1.1360380 1.2478714 1.2419358 0.9789504 1.1145820 1.2526045 1.3059417 1.2986400 0.7425391 0.9869552 0.9856822 1.2889774 1.6822236 1.5138249 1.3768740 1.8706644 1.6728193 1.6498912 1.3390324 1.1425735 2.7475383 
Plajan_Pjan_C563586_01                                               0.9273336 1.1642592 1.1139065 1.0321154 0.9327842 1.7931933 1.7089910 1.6683764 1.1639304 1.6455021 1.6144480 1.6232115 1.8174873 1.7187608 1.3361316 1.7172064 1.7783407 0.9055930 0.8893400 1.1625012 1.7125226 1.6812152 1.3440053 1.7736103 1.9298624 1.3879723 1.7708524 1.6432710 1.6551427 1.6259384 1.6495601 1.6274266 1.5963197 1.5963197 0.9700250 1.0368255 1.1868622 0.7950448 1.1024877 1.2728978 1.1567995 1.7236873 1.2970864 0.0000000 1.9116249 1.8173335 1.3169471 3.8149147 2.3517791 2.9890171 2.2069666 1.0069004 2.0092932 1.9421220 1.9837831 2.1417556 2.0685576 2.1183092 0.9987289 2.1111528 2.0247753 2.1227095 2.1221639 1.9061466 2.2295033 2.0568107 2.4977705 2.6402216 2.3617852 2.3568861 2.4890692 2.5681044 1.8178500 3.5900162 2.5058914 2.5327910 
Chem_TCONS_00070842                                                  0.8558021 1.0437359 1.0225642 0.9938996 1.0324876 1.5187632 1.3247443 1.3036014 0.8285854 1.3193246 1.3782058 1.3556967 1.3335339 1.4522863 1.1703923 1.4065007 1.3127766 0.6822097 0.6487261 0.8309645 1.6974613 1.7088977 1.1501951 1.5213250 1.5305125 1.0867659 1.5344660 1.6759657 1.6477971 1.6866885 1.6904176 1.7234569 1.6395121 1.6395121 0.8279721 0.8972830 1.0457808 1.1749103 1.2103793 1.9051341 1.0137897 1.6099589 0.9293832 1.9116249 0.0000000 1.1830583 1.1062291 3.6687934 2.3107892 3.0723087 2.3010817 0.9330616 1.6893594 1.9050505 2.1967922 1.8313098 1.7001173 1.7255148 0.9182826 1.9865739 1.9237653 1.9266100 2.0315150 1.3085546 1.3864079 0.8622204 2.1915566 2.4965314 2.2630419 2.2825693 2.3682575 2.5284511 1.9964630 3.3663234 2.6698395 2.9082401 
Morvir_scaffold39.g15.t1                                             0.8475842 1.0417082 1.0294526 1.0260934 1.0362937 1.5477246 1.2845721 1.2562530 1.1296008 1.2762588 1.3530451 1.3140245 1.4669333 1.3491702 1.0698549 1.4431751 1.3871719 0.7196046 0.6371629 0.8087970 1.4544596 1.4655972 1.0606897 1.5370988 1.3802875 1.1741273 1.4721905 1.5174844 1.5290896 1.5583213 1.5544770 1.5074309 1.5500297 1.5500297 0.9069321 0.9411622 1.0595728 0.9474085 1.0224223 1.6148411 0.8964669 1.6931564 0.9693411 1.8173335 1.1830583 0.0000000 0.9361904 4.2152350 2.4396793 3.3434464 2.4619914 1.0206562 1.9327140 2.1077851 2.3091331 2.0387193 1.8762011 1.8799456 0.8929664 1.9844510 1.8877364 2.0475984 2.0747260 1.1817554 1.3813865 1.2500242 2.0869807 2.2455216 1.8644063 2.0780657 2.3011937 2.4291796 1.9627323 3.6537908 2.2791698 2.2856303 
Dpul_mRNA15556                                                       0.9606747 1.2202404 1.2126452 1.1876375 1.3028481 1.2625295 1.0742177 1.0556825 1.0889355 1.0541528 1.1071991 1.1220711 1.0952670 1.1079751 0.9939195 1.0632459 1.0850498 0.9535855 0.8233734 1.0841590 1.0425091 1.0917125 1.2243456 1.0172624 0.8901869 1.2013743 0.9851045 1.1844283 1.1607196 1.1751234 1.1751234 1.1503357 1.1861377 1.1861377 0.8278372 0.8703736 1.0433656 1.0244799 1.3195569 1.2658869 0.9219391 1.0378124 1.0927410 1.3169471 1.1062291 0.9361904 0.0000000 2.3113488 1.5518711 1.9559961 1.6048836 1.0603430 1.4987885 1.4971181 1.4426288 1.3007715 1.4617473 1.4808386 0.8873373 1.2721759 1.4477880 1.3598902 1.3313323 0.9378067 1.1877931 1.1448083 1.6594026 1.7242162 1.8496028 1.6837913 1.8167542 1.9795707 1.3494577 2.1624516 1.4531375 2.4421061 
Bolinf_Binf_sb1213331                                                1.3381509 1.9227526 2.0024154 1.7156461 1.6173752 3.2355848 2.7695460 2.7059113 0.0000010 2.3903063 2.4535234 2.4229055 3.1357385 2.6339144 2.3675405 2.8507956 2.8033564 1.8036894 1.4327075 1.6146411 2.9436144 2.9450399 1.5382843 2.9924467 3.3428658 0.0000010 2.6541329 2.8457786 2.8891600 2.8768495 2.9585072 2.8468658 2.9102231 2.9102231 2.0768819 0.9788014 2.0160702 4.8365351 0.0000010 4.3179753 1.3476361 3.6137541 2.1320348 3.8149147 3.6687934 4.2152350 2.3113488 0.0000000 0.0256402 0.7466614 0.7466614 0.3422389 0.6307102 1.1041710 1.1041710 0.9779180 0.8973165 0.9197579 1.1739063 1.3346529 1.3123750 1.4466028 1.4607564 3.1265459 2.8864225 3.2517505 4.3643430 4.4348880 4.4675602 4.5194904 4.7926319 4.2408164 3.0316170 1.2061731 3.1919270 4.5425625 
