52
Mlei_ML0154.g12.i1                                            0.0000000 0.2901471 0.2887666 0.2229742 0.3507111 0.3340077 0.4227633 0.4634344 0.4363221 0.4294321 0.4162842 0.9201315 1.1334604 1.1563476 1.1293587 1.1407043 1.1686571 1.1249191 1.2497490 1.1550457 1.1988854 1.1681579 1.1712278 1.1455699 1.1321677 1.1335203 1.0899211 2.0030814 1.3821991 1.6357937 1.7598570 1.6316663 1.6480332 1.5374270 1.6026048 1.5586023 1.4697983 1.8661703 1.8958457 1.7202353 4.3544192 4.3000346 4.3735894 3.6560616 3.6998475 3.7827366 4.1582760 4.3698949 3.0839205 3.2804473 3.4446839 2.9629868 
Bolinf_Binf_sb1234095                                         0.2901471 0.0000000 0.3919583 0.2496819 0.3374308 0.3696920 0.3389588 0.4981370 0.4593758 0.4477140 0.5446215 0.9194885 1.2306623 1.2170301 1.2028754 1.2093378 1.2878666 1.2318700 1.3426389 1.2146726 1.2560056 1.2713236 1.2494614 1.2648399 1.2286971 1.2277954 1.3007815 2.1169488 1.5936309 1.4946857 1.6506599 1.5118061 1.6379949 1.5423438 1.5471552 1.6028339 1.5147661 1.9165345 2.0559355 2.3422576 4.7352691 4.8608011 4.7536658 3.9238718 3.8974568 4.3279113 4.4305181 4.8382572 2.7132128 3.5366093 3.4687220 3.0788807 
Lampan_Lpan_8885_01                                           0.2887666 0.3919583 0.0000000 0.1863655 0.3815814 0.3655699 0.3663767 0.4260281 0.4484941 0.4393658 0.4524835 1.2103409 1.2152258 1.2019693 1.1832313 1.1926159 1.1652102 1.2257469 1.2125769 1.2645514 1.2645514 1.2569351 1.2857001 1.2490469 1.1521560 1.1681147 1.0440291 1.9751847 1.3900780 1.5576141 1.5847540 1.5543803 1.4913213 1.5566034 1.5525069 1.5591461 1.4466465 1.9286038 1.8718190 1.7308217 3.8235957 4.2731761 4.1621201 3.5502325 3.5864482 3.6082618 3.5784507 3.8169509 4.5639648 2.0496452 3.5315694 3.3356471 
Pbac_sb2661050                                                0.2229742 0.2496819 0.1863655 0.0000000 0.0070055 0.0070055 0.3272515 0.4621244 0.4503266 0.3975677 0.3946439 0.6515154 1.3236477 1.2928265 1.2931435 1.2256726 1.1601690 1.0774177 1.2932841 1.2068109 1.2380253 1.1646104 1.2340971 1.2473288 1.1729151 1.2385503 1.3138975 2.3464829 1.5684860 1.8516176 1.8581696 1.7240772 1.6686758 1.6145761 1.6748904 1.5924659 1.4301348 1.5557690 2.1518405 2.4128020 3.7018709 4.0301476 4.7985613 3.5550931 3.5316684 3.3057087 4.0714849 3.8995127 3.0480994 3.4512155 3.4116116 3.0468851 
Horcal_Hcv1.av93.c11.g12.i1                                   0.3507111 0.3374308 0.3815814 0.0070055 0.0000000 0.1296295 0.4529583 0.5479745 0.5014303 0.4759410 0.5467622 0.4866573 1.2577527 1.2703307 1.2768524 1.1986721 1.1797824 1.1086979 1.2125000 1.2703282 1.2726996 1.2566217 1.2188087 1.2202434 1.1971944 1.2189649 1.2433376 1.8910186 1.4695705 1.7695013 1.8913174 1.7382570 1.7564589 1.5296958 1.6043435 1.5356266 1.5502040 1.9067858 1.9524403 2.4128020 4.2162449 4.5256433 4.8803481 3.6357161 3.8359958 3.8321464 4.2653281 4.2607786 3.0705391 3.4312247 3.3384616 3.1097268 
Horcal_Hcv1.av93.c11.g12.i2                                   0.3340077 0.3696920 0.3655699 0.0070055 0.1296295 0.0000000 0.4807707 0.5284839 0.5282134 0.5069905 0.4749286 0.4716712 1.2582934 1.2930936 1.2859810 1.1942030 1.1870412 1.0792826 1.2130981 1.2457585 1.2530455 1.2027282 1.2287750 1.2444718 1.2017367 1.2343119 1.2102550 1.9089963 1.4180364 1.6823519 1.7498898 1.6673588 1.7183037 1.4930877 1.5162635 1.4412457 1.4425257 1.7879660 1.8390531 2.4128020 4.4362750 4.7580634 5.1046556 4.0110237 4.0857920 4.1207965 4.3747488 4.4031394 3.0705391 3.2315680 3.3847556 3.3468659 
Eupdun_Edun_sb10636358                                        0.4227633 0.3389588 0.3663767 0.3272515 0.4529583 0.4807707 0.0000000 0.4802056 0.4757237 0.4667247 0.5509544 1.2577669 1.3047081 1.1732189 1.1670597 1.1182283 1.1837981 1.2309203 1.2743927 1.4107489 1.4107489 1.3974246 1.4756233 1.4668902 1.3858257 1.3773329 1.2451624 2.0751807 1.4623341 1.7085168 1.7799748 1.6124600 1.7831527 1.5987641 1.5653722 1.5824398 1.6105523 2.1425283 1.8370121 1.7628380 4.9102655 5.2770126 4.9747644 4.5444313 4.6118178 4.1994310 4.6332648 5.0419850 4.9502382 2.4460850 3.5050183 3.2112059 
Vmul_Simscaffold10190_01                                      0.4634344 0.4981370 0.4260281 0.4621244 0.5479745 0.5284839 0.4802056 0.0000000 0.1680192 0.1778002 0.5735103 1.0611442 1.1748337 1.2502801 1.1802466 1.2362622 1.1928051 1.2000132 1.3281906 1.3697036 1.2907651 1.2180930 1.3561791 1.3467863 1.2902722 1.2728696 1.1868076 2.4540160 1.5929512 1.8081333 1.8021810 1.6563040 1.7132619 1.7522641 1.6221781 1.6030222 1.5848755 1.9291413 2.1369256 2.1752123 4.0550284 4.6904064 5.2541790 4.5010461 4.2884754 4.2008996 4.5779021 4.7311199 3.0148441 3.2292377 3.6702309 3.0743475 
Coemet_Cmet_scaffold12208_01                                  0.4363221 0.4593758 0.4484941 0.4503266 0.5014303 0.5282134 0.4757237 0.1680192 0.0000000 0.0283257 0.5696954 1.0220335 1.2124084 1.2855877 1.2236841 1.2246474 1.2345719 1.2284461 1.3148045 1.3522233 1.2878237 1.2592361 1.3212598 1.3150565 1.2540798 1.2456072 1.1930229 2.3905279 1.5596048 1.7431358 1.7877842 1.6059778 1.7045425 1.7528831 1.6851801 1.6016773 1.6849584 1.9354648 2.0795871 2.1975439 4.1742778 4.6377095 5.0518864 4.0795611 4.1308982 4.0524630 4.4967613 4.9757987 2.7606212 3.2436028 3.6724111 3.0151828 
Coeast_Cast_sb801322                                          0.4294321 0.4477140 0.4393658 0.3975677 0.4759410 0.5069905 0.4667247 0.1778002 0.0283257 0.0000000 0.5409097 1.1392742 1.1462334 1.2457520 1.1776467 1.1882620 1.2436316 1.2061747 1.2767209 1.3301380 1.3352925 1.3037950 1.3886517 1.4001001 1.2668920 1.2392674 1.1621274 2.3905279 1.4741904 1.7042365 1.7638201 1.5387630 1.5925747 1.7675799 1.6277820 1.6017177 1.5488971 1.8584536 1.8975999 1.7958738 4.1137665 4.6044213 4.8398658 4.0883327 4.2755931 4.1159648 4.5194487 4.8939507 3.2594559 2.6523097 3.6865032 3.3113015 
Beraby_Baby_sb324048                                          0.4162842 0.5446215 0.4524835 0.3946439 0.5467622 0.4749286 0.5509544 0.5735103 0.5696954 0.5409097 0.0000000 1.0438499 1.2500298 1.2986244 1.3076359 1.2330009 1.2584325 1.2515533 1.3541479 1.1051854 1.1162660 1.0942441 1.1232570 1.1259009 1.0330446 1.0331121 1.0292609 1.7309380 1.4047073 1.5919836 1.7542804 1.6747911 1.6866295 1.5587304 1.5743999 1.5273171 1.5118066 1.8465831 2.0177001 2.1859283 4.3394140 4.7358854 4.8052513 4.0521634 3.9855751 4.1858129 4.0895221 4.1343294 2.7063779 3.0791604 3.5240711 3.3187202 
Pbac_sb2658872                                                0.9201315 0.9194885 1.2103409 0.6515154 0.4866573 0.4716712 1.2577669 1.0611442 1.0220335 1.1392742 1.0438499 0.0000000 1.9134073 1.9347153 1.9409662 1.9024590 1.9002414 1.6345575 1.8204316 2.1587287 1.9644775 1.9080383 1.8760837 1.8992778 1.8930221 1.9033641 1.7659546 4.3215977 1.9901964 2.5109195 2.5052875 2.2741864 2.4835633 2.8540700 2.2353459 2.1403253 2.0608935 2.6425390 2.4818204 3.9666845 5.4402124 5.9175786 6.6410156 4.4396552 5.2716038 5.4200136 5.1432641 5.5118344 2.8011970 3.3785407 4.0552268 3.8673973 
Sanmal_Sma_016921-T1                                          1.1334604 1.2306623 1.2152258 1.3236477 1.2577527 1.2582934 1.3047081 1.1748337 1.2124084 1.1462334 1.2500298 1.9134073 0.0000000 0.3674209 0.3291425 0.4531856 0.6204002 0.6162142 0.6772720 1.1648785 1.2715558 1.1965872 1.2710273 1.2396027 1.2340764 1.2027892 1.2540341 1.7220162 1.1636077 1.5829901 1.8196251 1.6521358 1.7370461 1.9165240 1.5423173 1.6367096 1.5286852 1.8098207 2.0417975 1.8414338 3.7040703 3.8566445 4.5088387 3.7904311 3.6803041 4.2152830 3.8638834 3.9534130 3.1694534 3.9515732 3.9074858 3.2029556 
Nemnom_g709.t1                                                1.1563476 1.2170301 1.2019693 1.2928265 1.2703307 1.2930936 1.1732189 1.2502801 1.2855877 1.2457520 1.2986244 1.9347153 0.3674209 0.0000000 0.0659189 0.3775113 0.5261921 0.6122748 0.7543101 1.0109849 1.0886986 0.9981389 1.0764763 1.0285459 1.0298514 0.9837571 1.0859333 1.7327280 1.1516067 1.6766755 1.8469762 1.6329247 1.7801663 1.9014766 1.5005590 1.5462819 1.5207925 1.8399982 1.9209736 1.9964896 3.5310430 3.7006998 4.5028812 3.7748649 3.5357003 4.2052040 3.8944195 3.9672165 3.0078003 3.8714814 3.4326977 2.6722692 
Rhoesc_Res_012851-T1                                          1.1293587 1.2028754 1.1832313 1.2931435 1.2768524 1.2859810 1.1670597 1.1802466 1.2236841 1.1776467 1.3076359 1.9409662 0.3291425 0.0659189 0.0000000 0.3610434 0.5320369 0.6071500 0.7494472 1.0759143 1.1361403 1.0684117 1.1455311 1.1028552 1.0907371 1.0435028 1.1469221 1.6391752 1.1248589 1.6535458 1.7835744 1.6009549 1.7585509 1.9233830 1.5104089 1.5503191 1.5253942 1.8666663 1.8788519 1.9956581 3.4776430 3.6446619 4.3359193 3.6813195 3.4784273 4.0298205 3.7551478 3.9470249 2.8325096 3.9288822 3.4073578 2.7938817 
Morvir_scaffold7.g85.t1                                       1.1407043 1.2093378 1.1926159 1.2256726 1.1986721 1.1942030 1.1182283 1.2362622 1.2246474 1.1882620 1.2330009 1.9024590 0.4531856 0.3775113 0.3610434 0.0000000 0.4677674 0.4816842 0.6282253 0.9423703 1.0124342 0.9454069 0.9822205 0.9767839 1.0184005 0.9990846 1.0726937 1.5224660 1.0269024 1.5516913 1.7239881 1.5639791 1.7472655 1.8477246 1.5549599 1.5886425 1.4921625 1.8935079 1.7776730 2.0416486 3.3217318 3.3618456 4.1537751 3.5597540 3.3225767 3.6721722 3.6778051 3.7493976 3.0939833 3.8560057 3.7379285 3.1501204 
Hvul_g28950_1                                                 1.1686571 1.2878666 1.1652102 1.1601690 1.1797824 1.1870412 1.1837981 1.1928051 1.2345719 1.2436316 1.2584325 1.9002414 0.6204002 0.5261921 0.5320369 0.4677674 0.0000000 0.4425373 0.5547694 0.9818115 1.0862521 0.9906531 1.0131358 1.0119134 1.0473889 1.0342571 1.0176072 1.4653097 1.0917227 1.6219884 1.8429385 1.6981442 1.8497685 1.7827986 1.6008347 1.5515724 1.5207903 1.8280233 1.8776076 2.1538639 3.2056142 3.5757468 4.1450424 3.5418120 3.1567449 3.7130714 3.6051307 3.5887752 2.9753543 3.2209614 3.4954691 3.2743074 
Chem_TCONS_00057793                                           1.1249191 1.2318700 1.2257469 1.0774177 1.1086979 1.0792826 1.2309203 1.2000132 1.2284461 1.2061747 1.2515533 1.6345575 0.6162142 0.6122748 0.6071500 0.4816842 0.4425373 0.0000000 0.3853178 1.0132973 1.0451982 0.9844878 1.0454878 1.0456908 1.0568255 1.0436258 1.0037626 1.6851074 1.1611734 1.5132952 1.6076822 1.5431754 1.6423450 1.5570810 1.4557160 1.4708097 1.4532068 1.8035550 1.9155920 1.7114041 3.6107955 3.7289023 4.1988006 3.7981367 3.6547461 4.0830763 4.0715424 3.9151790 3.0703332 3.0640442 3.4573123 3.4037709 
Chem_TCONS_00024526                                           1.2497490 1.3426389 1.2125769 1.2932841 1.2125000 1.2130981 1.2743927 1.3281906 1.3148045 1.2767209 1.3541479 1.8204316 0.6772720 0.7543101 0.7494472 0.6282253 0.5547694 0.3853178 0.0000000 0.9840130 1.1795140 1.1467340 1.1273599 1.1786121 1.1291220 1.1228131 1.0345792 1.6282528 1.1783797 1.5990397 1.7609859 1.7136337 1.8188209 1.5302849 1.5318856 1.5245737 1.5927499 1.8400788 1.9510934 1.9147555 3.6815101 3.8994883 4.6417350 3.9831573 3.9806952 4.2051702 4.0304612 4.1563785 2.7333383 3.1732761 3.5656813 3.5926770 
Adig_XM_015924817.1                                           1.1550457 1.2146726 1.2645514 1.2068109 1.2703282 1.2457585 1.4107489 1.3697036 1.3522233 1.3301380 1.1051854 2.1587287 1.1648785 1.0109849 1.0759143 0.9423703 0.9818115 1.0132973 0.9840130 0.0000000 0.0000010 0.1431093 0.1443075 0.1652610 0.1821962 0.1828408 0.4584556 2.0945229 1.0867614 1.6073703 1.5617851 1.6440615 1.5255574 1.4421606 1.4993818 1.3780733 1.4784228 1.9463877 1.6150046 1.4797322 3.1496108 3.2566684 3.6810335 3.5350855 3.3846640 3.4554311 4.0777115 4.0061355 4.0784538 2.7249918 3.1229321 3.1764944 
Amil_Amillepora05223-RA                                       1.1988854 1.2560056 1.2645514 1.2380253 1.2726996 1.2530455 1.4107489 1.2907651 1.2878237 1.3352925 1.1162660 1.9644775 1.2715558 1.0886986 1.1361403 1.0124342 1.0862521 1.0451982 1.1795140 0.0000010 0.0000000 0.1561370 0.2172481 0.2182837 0.2570316 0.2499456 0.5420880 2.0945229 1.1926814 1.6469640 1.6800661 1.7171298 1.6298514 1.4421606 1.4918404 1.4444868 1.4943498 1.8499891 1.7093153 1.9659871 3.3163642 3.4267536 3.9912782 3.7316979 3.3537143 3.3714781 4.0990437 3.9407969 3.0214579 3.2419281 3.2208060 3.0336038 
Gfas_gfas1.m1.5605.m1                                         1.1681579 1.2713236 1.2569351 1.1646104 1.2566217 1.2027282 1.3974246 1.2180930 1.2592361 1.3037950 1.0942441 1.9080383 1.1965872 0.9981389 1.0684117 0.9454069 0.9906531 0.9844878 1.1467340 0.1431093 0.1561370 0.0000000 0.1671023 0.1729035 0.2659971 0.2435073 0.5539174 2.0672942 1.1920755 1.7462700 1.8072807 1.7699214 1.5980146 1.5318221 1.4794115 1.4723038 1.4986614 1.8248750 1.7473593 1.8600294 3.3131376 3.3827591 4.1564457 3.6274293 3.4937962 3.4994874 4.1603849 4.1396548 3.2420093 3.2101743 3.2717731 2.8338897 
Fspp_ffun1.m4.6550.m1                                         1.1712278 1.2494614 1.2857001 1.2340971 1.2188087 1.2287750 1.4756233 1.3561791 1.3212598 1.3886517 1.1232570 1.8760837 1.2710273 1.0764763 1.1455311 0.9822205 1.0131358 1.0454878 1.1273599 0.1443075 0.2172481 0.1671023 0.0000000 0.0886422 0.1401701 0.1305108 0.5182333 1.8239760 1.1413063 1.7118476 1.7737792 1.7684545 1.7113529 1.5001950 1.5298775 1.5096198 1.4975741 1.8912945 1.6889919 2.0519310 3.1918148 3.2681962 4.0312996 3.5578613 3.4232870 3.6290404 4.1371007 3.9563582 2.9719844 3.0595535 3.2687899 3.0660165 
Gasp_gasp1.m3.2295.m1                                         1.1455699 1.2648399 1.2490469 1.2473288 1.2202434 1.2444718 1.4668902 1.3467863 1.3150565 1.4001001 1.1259009 1.8992778 1.2396027 1.0285459 1.1028552 0.9767839 1.0119134 1.0456908 1.1786121 0.1652610 0.2182837 0.1729035 0.0886422 0.0000000 0.1674490 0.1683870 0.5036089 1.8780894 1.1612854 1.7148378 1.8225074 1.7215401 1.6847577 1.5030357 1.5355513 1.5214464 1.5181728 1.9291109 1.7340486 2.0774970 3.2187856 3.3039458 4.1255615 3.5395224 3.4504420 3.7234682 4.2017579 4.1909004 2.9648864 3.1574529 3.3594812 3.0045832 
Spis_XP_022796115_1                                           1.1321677 1.2286971 1.1521560 1.1729151 1.1971944 1.2017367 1.3858257 1.2902722 1.2540798 1.2668920 1.0330446 1.8930221 1.2340764 1.0298514 1.0907371 1.0184005 1.0473889 1.0568255 1.1291220 0.1821962 0.2570316 0.2659971 0.1401701 0.1674490 0.0000000 0.0308502 0.4514148 1.8176594 1.1150485 1.6557245 1.7798872 1.7313261 1.6859868 1.5340165 1.5717176 1.4688750 1.5440749 1.8536024 1.7051465 2.1598077 3.0849855 3.2645646 3.9357177 3.5255340 3.2185116 3.4475711 3.9741410 3.8177458 3.2210176 2.7284373 3.0288368 2.9605157 
Pocdam_XM_027196143.1                                         1.1335203 1.2277954 1.1681147 1.2385503 1.2189649 1.2343119 1.3773329 1.2728696 1.2456072 1.2392674 1.0331121 1.9033641 1.2027892 0.9837571 1.0435028 0.9990846 1.0342571 1.0436258 1.1228131 0.1828408 0.2499456 0.2435073 0.1305108 0.1683870 0.0308502 0.0000000 0.4561695 1.7799072 1.1249124 1.6204039 1.7402941 1.7248487 1.6922709 1.5474409 1.5371019 1.4999342 1.5597881 1.8899957 1.7265065 2.1014190 3.0380734 3.2167390 3.8000845 3.4551532 3.1522289 3.4696740 3.8970018 3.7391712 3.0321643 2.7790986 3.0038322 2.8535134 
Nvec_NVE8479                                                  1.0899211 1.3007815 1.0440291 1.3138975 1.2433376 1.2102550 1.2451624 1.1868076 1.1930229 1.1621274 1.0292609 1.7659546 1.2540341 1.0859333 1.1469221 1.0726937 1.0176072 1.0037626 1.0345792 0.4584556 0.5420880 0.5539174 0.5182333 0.5036089 0.4514148 0.4561695 0.0000000 1.6127729 1.0347067 1.5283726 1.6540163 1.7140629 1.6332939 1.2450366 1.4604433 1.4240200 1.4365099 1.7569077 1.8651987 1.9728278 3.2083330 3.3394585 3.8377515 3.4320815 3.0950164 3.3247836 3.7953647 3.7753030 2.7306096 2.9403582 3.0231402 2.7428987 
Xesp_020466-T1                                                2.0030814 2.1169488 1.9751847 2.3464829 1.8910186 1.9089963 2.0751807 2.4540160 2.3905279 2.3905279 1.7309380 4.3215977 1.7220162 1.7327280 1.6391752 1.5224660 1.4653097 1.6851074 1.6282528 2.0945229 2.0945229 2.0672942 1.8239760 1.8780894 1.8176594 1.7799072 1.6127729 0.0000000 0.4990245 2.7943208 2.6079373 2.7381787 2.5966675 2.5949803 2.3275958 2.5292619 2.3381919 2.5402287 2.8317644 2.2855304 2.9777761 3.4663307 2.9745251 2.8685528 3.0459150 3.3230732 3.1286270 3.4306729 1.6573244 0.0000010 5.9480245 4.2087387 
Dgig_XM_028543626.1                                           1.3821991 1.5936309 1.3900780 1.5684860 1.4695705 1.4180364 1.4623341 1.5929512 1.5596048 1.4741904 1.4047073 1.9901964 1.1636077 1.1516067 1.1248589 1.0269024 1.0917227 1.1611734 1.1783797 1.0867614 1.1926814 1.1920755 1.1413063 1.1612854 1.1150485 1.1249124 1.0347067 0.4990245 0.0000000 1.6523062 1.8600517 1.7086344 1.7890647 1.3374767 1.4468325 1.3666834 1.4248053 1.7600487 1.6476254 1.6066785 3.3586788 3.5488477 4.0588833 3.3471313 3.0928748 3.9336156 3.6441469 3.8855641 4.2709761 3.7697438 3.8522302 3.0687926 
Emue_Em0017g294a.t1                                           1.6357937 1.4946857 1.5576141 1.8516176 1.7695013 1.6823519 1.7085168 1.8081333 1.7431358 1.7042365 1.5919836 2.5109195 1.5829901 1.6766755 1.6535458 1.5516913 1.6219884 1.5132952 1.5990397 1.6073703 1.6469640 1.7462700 1.7118476 1.7148378 1.6557245 1.6204039 1.5283726 2.7943208 1.6523062 0.0000000 0.2333490 0.2125155 0.2814220 0.5640065 0.6404422 0.6115706 0.8219106 1.1051751 0.8137933 0.5292609 3.9200798 4.1104621 3.7641523 3.9234197 3.7637583 4.0657154 4.1861817 3.9969606 5.0085217 3.9878483 3.0915418 4.1227083 
Emue_Em0017g298a.t1                                           1.7598570 1.6506599 1.5847540 1.8581696 1.8913174 1.7498898 1.7799748 1.8021810 1.7877842 1.7638201 1.7542804 2.5052875 1.8196251 1.8469762 1.7835744 1.7239881 1.8429385 1.6076822 1.7609859 1.5617851 1.6800661 1.8072807 1.7737792 1.8225074 1.7798872 1.7402941 1.6540163 2.6079373 1.8600517 0.2333490 0.0000000 0.3833145 0.3979418 0.6041293 0.8887838 0.8295465 0.8873766 1.1685308 0.9872642 0.8992823 3.7965159 4.1454712 4.0916460 4.1538592 3.8622683 3.8405250 4.0332806 3.9552711 3.6935240 3.8198479 3.2796381 3.9502475 
Spolac_c102194_g1_i2_m.28277c102194-g1NA                      1.6316663 1.5118061 1.5543803 1.7240772 1.7382570 1.6673588 1.6124600 1.6563040 1.6059778 1.5387630 1.6747911 2.2741864 1.6521358 1.6329247 1.6009549 1.5639791 1.6981442 1.5431754 1.7136337 1.6440615 1.7171298 1.7699214 1.7684545 1.7215401 1.7313261 1.7248487 1.7140629 2.7381787 1.7086344 0.2125155 0.3833145 0.0000000 0.1664058 0.5820395 0.7114574 0.6872889 0.7801004 1.0022626 0.8676338 0.8694313 3.9936718 4.1884250 4.4661829 4.0787178 3.9265324 4.3337239 4.5741478 4.4827215 4.3221480 3.4930938 3.1512545 4.2163236 
Spolac_c102194_g1_i1_m.28276c102194-g1NA                      1.6480332 1.6379949 1.4913213 1.6686758 1.7564589 1.7183037 1.7831527 1.7132619 1.7045425 1.5925747 1.6866295 2.4835633 1.7370461 1.7801663 1.7585509 1.7472655 1.8497685 1.6423450 1.8188209 1.5255574 1.6298514 1.5980146 1.7113529 1.6847577 1.6859868 1.6922709 1.6332939 2.5966675 1.7890647 0.2814220 0.3979418 0.1664058 0.0000000 0.6035385 0.7856165 0.7772478 0.8680304 0.8947769 0.9188534 0.8124741 3.4605206 3.5258377 3.9725062 3.8831816 3.4374942 3.7005778 3.8614150 3.7069096 4.2484660 3.6407904 3.0356493 3.9301940 
Halamb_c35309_g1_i1m.8660                                     1.5374270 1.5423438 1.5566034 1.6145761 1.5296958 1.4930877 1.5987641 1.7522641 1.7528831 1.7675799 1.5587304 2.8540700 1.9165240 1.9014766 1.9233830 1.8477246 1.7827986 1.5570810 1.5302849 1.4421606 1.4421606 1.5318221 1.5001950 1.5030357 1.5340165 1.5474409 1.2450366 2.5949803 1.3374767 0.5640065 0.6041293 0.5820395 0.6035385 0.0000000 0.1322583 0.1348013 0.3058338 0.3513102 0.4196288 0.5500438 4.5582211 4.6474992 5.4603679 4.8895431 5.1746155 4.8044417 5.6805523 5.2850986 7.2586108 4.0394682 3.4083013 3.7437508 
Aque_Aqu2.1.34861_001                                         1.6026048 1.5471552 1.5525069 1.6748904 1.6043435 1.5162635 1.5653722 1.6221781 1.6851801 1.6277820 1.5743999 2.2353459 1.5423173 1.5005590 1.5104089 1.5549599 1.6008347 1.4557160 1.5318856 1.4993818 1.4918404 1.4794115 1.5298775 1.5355513 1.5717176 1.5371019 1.4604433 2.3275958 1.4468325 0.6404422 0.8887838 0.7114574 0.7856165 0.1322583 0.0000000 0.2045127 0.4495120 0.7011928 0.6084933 0.7432301 4.7643548 5.0093865 5.4980454 4.2060570 4.6737222 5.3024643 4.7144187 4.7711059 3.7603187 3.8276079 3.4833908 3.8671090 
Halamb_c43229_g1_i1m.15923                                    1.5586023 1.6028339 1.5591461 1.5924659 1.5356266 1.4412457 1.5824398 1.6030222 1.6016773 1.6017177 1.5273171 2.1403253 1.6367096 1.5462819 1.5503191 1.5886425 1.5515724 1.4708097 1.5245737 1.3780733 1.4444868 1.4723038 1.5096198 1.5214464 1.4688750 1.4999342 1.4240200 2.5292619 1.3666834 0.6115706 0.8295465 0.6872889 0.7772478 0.1348013 0.2045127 0.0000000 0.4356908 0.7052872 0.5610408 0.7782697 4.4099522 4.6507787 5.2292564 4.2959200 4.4838625 4.6397825 4.4235171 4.5497545 4.2124961 3.6771539 3.4110222 3.6747159 
Tetwil_g27003.t1                                              1.4697983 1.5147661 1.4466465 1.4301348 1.5502040 1.4425257 1.6105523 1.5848755 1.6849584 1.5488971 1.5118066 2.0608935 1.5286852 1.5207925 1.5253942 1.4921625 1.5207903 1.4532068 1.5927499 1.4784228 1.4943498 1.4986614 1.4975741 1.5181728 1.5440749 1.5597881 1.4365099 2.3381919 1.4248053 0.8219106 0.8873766 0.7801004 0.8680304 0.3058338 0.4495120 0.4356908 0.0000000 0.3766719 0.6690656 1.0832191 4.8298591 5.2288967 5.1472349 3.8899890 4.6029452 4.6854879 4.7787913 4.8034934 3.2510187 3.1297280 3.4806128 3.3351909 
Tetwil_g27004.t1                                              1.8661703 1.9165345 1.9286038 1.5557690 1.9067858 1.7879660 2.1425283 1.9291413 1.9354648 1.8584536 1.8465831 2.6425390 1.8098207 1.8399982 1.8666663 1.8935079 1.8280233 1.8035550 1.8400788 1.9463877 1.8499891 1.8248750 1.8912945 1.9291109 1.8536024 1.8899957 1.7569077 2.5402287 1.7600487 1.1051751 1.1685308 1.0022626 0.8947769 0.3513102 0.7011928 0.7052872 0.3766719 0.0000000 0.8921184 1.1459828 4.3692058 4.5257685 4.8909777 3.8390094 4.5088460 4.4771524 4.7558199 4.2479897 3.6832117 3.4493122 3.9879782 3.5133910 
Spolac_c91339_g1_i1_m.6783c91339-g1NA                         1.8958457 2.0559355 1.8718190 2.1518405 1.9524403 1.8390531 1.8370121 2.1369256 2.0795871 1.8975999 2.0177001 2.4818204 2.0417975 1.9209736 1.8788519 1.7776730 1.8776076 1.9155920 1.9510934 1.6150046 1.7093153 1.7473593 1.6889919 1.7340486 1.7051465 1.7265065 1.8651987 2.8317644 1.6476254 0.8137933 0.9872642 0.8676338 0.9188534 0.4196288 0.6084933 0.5610408 0.6690656 0.8921184 0.0000000 1.0750494 4.5714757 4.8567880 5.0385517 4.8581337 4.8182624 4.5804703 4.4818480 4.6615962 3.5854680 4.2358954 3.4483967 3.1924838 
Plespi_Pspi_scaffold4187_01                                   1.7202353 2.3422576 1.7308217 2.4128020 2.4128020 2.4128020 1.7628380 2.1752123 2.1975439 1.7958738 2.1859283 3.9666845 1.8414338 1.9964896 1.9956581 2.0416486 2.1538639 1.7114041 1.9147555 1.4797322 1.9659871 1.8600294 2.0519310 2.0774970 2.1598077 2.1014190 1.9728278 2.2855304 1.6066785 0.5292609 0.8992823 0.8694313 0.8124741 0.5500438 0.7432301 0.7782697 1.0832191 1.1459828 1.0750494 0.0000000 2.7675781 3.2000551 4.0423008 3.0975064 3.0385779 4.0860131 2.7828473 3.2116576 3.9804185 3.8664702 3.8399331 3.3648580 
Emue_Em0022g859a.t1                                           4.3544192 4.7352691 3.8235957 3.7018709 4.2162449 4.4362750 4.9102655 4.0550284 4.1742778 4.1137665 4.3394140 5.4402124 3.7040703 3.5310430 3.4776430 3.3217318 3.2056142 3.6107955 3.6815101 3.1496108 3.3163642 3.3131376 3.1918148 3.2187856 3.0849855 3.0380734 3.2083330 2.9777761 3.3586788 3.9200798 3.7965159 3.9936718 3.4605206 4.5582211 4.7643548 4.4099522 4.8298591 4.3692058 4.5714757 2.7675781 0.0000000 0.1159518 0.8492165 0.9477522 0.7410525 1.0374414 1.0891404 1.1444792 2.5765063 3.8264521 4.5595029 4.0049273 
Spolac_c97239_g1_i1_m.14569c97239-g1                          4.3000346 4.8608011 4.2731761 4.0301476 4.5256433 4.7580634 5.2770126 4.6904064 4.6377095 4.6044213 4.7358854 5.9175786 3.8566445 3.7006998 3.6446619 3.3618456 3.5757468 3.7289023 3.8994883 3.2566684 3.4267536 3.3827591 3.2681962 3.3039458 3.2645646 3.2167390 3.3394585 3.4663307 3.5488477 4.1104621 4.1454712 4.1884250 3.5258377 4.6474992 5.0093865 4.6507787 5.2288967 4.5257685 4.8567880 3.2000551 0.1159518 0.0000000 0.8490176 0.9525857 0.7238849 0.9553470 1.0594137 1.0807322 2.7049723 4.1905386 4.8840927 4.2615797 
Plespi_Pspi_scaffold19905_01                                  4.3735894 4.7536658 4.1621201 4.7985613 4.8803481 5.1046556 4.9747644 5.2541790 5.0518864 4.8398658 4.8052513 6.6410156 4.5088387 4.5028812 4.3359193 4.1537751 4.1450424 4.1988006 4.6417350 3.6810335 3.9912782 4.1564457 4.0312996 4.1255615 3.9357177 3.8000845 3.8377515 2.9745251 4.0588833 3.7641523 4.0916460 4.4661829 3.9725062 5.4603679 5.4980454 5.2292564 5.1472349 4.8909777 5.0385517 4.0423008 0.8492165 0.8490176 0.0000000 0.7095811 0.5458694 0.8098033 0.9330360 1.0347903 2.2507353 2.8162728 4.0328046 4.9809364 
Tetwil_g13451.t1                                              3.6560616 3.9238718 3.5502325 3.5550931 3.6357161 4.0110237 4.5444313 4.5010461 4.0795611 4.0883327 4.0521634 4.4396552 3.7904311 3.7748649 3.6813195 3.5597540 3.5418120 3.7981367 3.9831573 3.5350855 3.7316979 3.6274293 3.5578613 3.5395224 3.5255340 3.4551532 3.4320815 2.8685528 3.3471313 3.9234197 4.1538592 4.0787178 3.8831816 4.8895431 4.2060570 4.2959200 3.8899890 3.8390094 4.8581337 3.0975064 0.9477522 0.9525857 0.7095811 0.0000000 0.5275542 0.9531189 0.8866230 0.9900228 2.0056101 2.2634208 3.9031148 4.0603855 
Stycar_maker-SC_scaffold5898-snap-gene-0.9-mRNA-1             3.6998475 3.8974568 3.5864482 3.5316684 3.8359958 4.0857920 4.6118178 4.2884754 4.1308982 4.2755931 3.9855751 5.2716038 3.6803041 3.5357003 3.4784273 3.3225767 3.1567449 3.6547461 3.9806952 3.3846640 3.3537143 3.4937962 3.4232870 3.4504420 3.2185116 3.1522289 3.0950164 3.0459150 3.0928748 3.7637583 3.8622683 3.9265324 3.4374942 5.1746155 4.6737222 4.4838625 4.6029452 4.5088460 4.8182624 3.0385779 0.7410525 0.7238849 0.5458694 0.5275542 0.0000000 0.7476667 0.8515175 0.9618438 2.2099299 3.2076708 3.9057292 4.4420181 
Aque_Aqu2.1.27794_001                                         3.7827366 4.3279113 3.6082618 3.3057087 3.8321464 4.1207965 4.1994310 4.2008996 4.0524630 4.1159648 4.1858129 5.4200136 4.2152830 4.2052040 4.0298205 3.6721722 3.7130714 4.0830763 4.2051702 3.4554311 3.3714781 3.4994874 3.6290404 3.7234682 3.4475711 3.4696740 3.3247836 3.3230732 3.9336156 4.0657154 3.8405250 4.3337239 3.7005778 4.8044417 5.3024643 4.6397825 4.6854879 4.4771524 4.5804703 4.0860131 1.0374414 0.9553470 0.8098033 0.9531189 0.7476667 0.0000000 0.9133094 0.9632467 2.5090671 2.9101083 4.4231648 4.3268729 
Plajan_Pjan_C553219_01                                        4.1582760 4.4305181 3.5784507 4.0714849 4.2653281 4.3747488 4.6332648 4.5779021 4.4967613 4.5194487 4.0895221 5.1432641 3.8638834 3.8944195 3.7551478 3.6778051 3.6051307 4.0715424 4.0304612 4.0777115 4.0990437 4.1603849 4.1371007 4.2017579 3.9741410 3.8970018 3.7953647 3.1286270 3.6441469 4.1861817 4.0332806 4.5741478 3.8614150 5.6805523 4.7144187 4.4235171 4.7787913 4.7558199 4.4818480 2.7828473 1.0891404 1.0594137 0.9330360 0.8866230 0.8515175 0.9133094 0.0000000 0.4528110 1.9779851 3.5745767 3.6265240 4.6779727 
Opea_EP00118_Oscarella_pearsei_P006183                        4.3698949 4.8382572 3.8169509 3.8995127 4.2607786 4.4031394 5.0419850 4.7311199 4.9757987 4.8939507 4.1343294 5.5118344 3.9534130 3.9672165 3.9470249 3.7493976 3.5887752 3.9151790 4.1563785 4.0061355 3.9407969 4.1396548 3.9563582 4.1909004 3.8177458 3.7391712 3.7753030 3.4306729 3.8855641 3.9969606 3.9552711 4.4827215 3.7069096 5.2850986 4.7711059 4.5497545 4.8034934 4.2479897 4.6615962 3.2116576 1.1444792 1.0807322 1.0347903 0.9900228 0.9618438 0.9632467 0.4528110 0.0000000 2.7137553 3.2818617 3.9399550 4.7789978 
Stycar_snap_masked-SC_scaffold1910-processed-gene-0.23-mRNA-1 3.0839205 2.7132128 4.5639648 3.0480994 3.0705391 3.0705391 4.9502382 3.0148441 2.7606212 3.2594559 2.7063779 2.8011970 3.1694534 3.0078003 2.8325096 3.0939833 2.9753543 3.0703332 2.7333383 4.0784538 3.0214579 3.2420093 2.9719844 2.9648864 3.2210176 3.0321643 2.7306096 1.6573244 4.2709761 5.0085217 3.6935240 4.3221480 4.2484660 7.2586108 3.7603187 4.2124961 3.2510187 3.6832117 3.5854680 3.9804185 2.5765063 2.7049723 2.2507353 2.0056101 2.2099299 2.5090671 1.9779851 2.7137553 0.0000000 3.3870582 2.4462085 3.2935707 
Tetwil_g13449.t2                                              3.2804473 3.5366093 2.0496452 3.4512155 3.4312247 3.2315680 2.4460850 3.2292377 3.2436028 2.6523097 3.0791604 3.3785407 3.9515732 3.8714814 3.9288822 3.8560057 3.2209614 3.0640442 3.1732761 2.7249918 3.2419281 3.2101743 3.0595535 3.1574529 2.7284373 2.7790986 2.9403582 0.0000010 3.7697438 3.9878483 3.8198479 3.4930938 3.6407904 4.0394682 3.8276079 3.6771539 3.1297280 3.4493122 4.2358954 3.8664702 3.8264521 4.1905386 2.8162728 2.2634208 3.2076708 2.9101083 3.5745767 3.2818617 3.3870582 0.0000000 3.3791421 6.0406877 
Lcom_lcpid82534                                               3.4446839 3.4687220 3.5315694 3.4116116 3.3384616 3.3847556 3.5050183 3.6702309 3.6724111 3.6865032 3.5240711 4.0552268 3.9074858 3.4326977 3.4073578 3.7379285 3.4954691 3.4573123 3.5656813 3.1229321 3.2208060 3.2717731 3.2687899 3.3594812 3.0288368 3.0038322 3.0231402 5.9480245 3.8522302 3.0915418 3.2796381 3.1512545 3.0356493 3.4083013 3.4833908 3.4110222 3.4806128 3.9879782 3.4483967 3.8399331 4.5595029 4.8840927 4.0328046 3.9031148 3.9057292 4.4231648 3.6265240 3.9399550 2.4462085 3.3791421 0.0000000 4.7884921 
Stycar_maker-SC_scaffold145639-snap-gene-0.706-mRNA-1         2.9629868 3.0788807 3.3356471 3.0468851 3.1097268 3.3468659 3.2112059 3.0743475 3.0151828 3.3113015 3.3187202 3.8673973 3.2029556 2.6722692 2.7938817 3.1501204 3.2743074 3.4037709 3.5926770 3.1764944 3.0336038 2.8338897 3.0660165 3.0045832 2.9605157 2.8535134 2.7428987 4.2087387 3.0687926 4.1227083 3.9502475 4.2163236 3.9301940 3.7437508 3.8671090 3.6747159 3.3351909 3.5133910 3.1924838 3.3648580 4.0049273 4.2615797 4.9809364 4.0603855 4.4420181 4.3268729 4.6779727 4.7789978 3.2935707 6.0406877 4.7884921 0.0000000 
