160
Skow_XM_006821789.1                                0.0000000 1.1326957 0.7730170 1.7045666 1.6782984 1.6746335 1.7799193 1.7765991 0.5132453 2.0028059 1.5565374 0.7034724 2.0910269 1.9200684 1.0765278 1.5555820 1.4761895 1.6372824 1.7336556 2.0041304 0.7520758 1.9060450 2.7535251 1.2343364 1.5901647 1.8192983 1.8452444 1.8389491 1.9346582 1.9357125 0.8583958 2.5593381 2.7282590 4.8261100 1.8027142 3.2389333 1.8315339 1.9334181 1.8932902 1.8380719 1.8332419 1.8716647 2.0676297 1.9150821 1.5972347 1.7974265 0.7564051 1.9221301 1.1193014 1.7655719 1.8233775 1.7800240 1.8285700 1.7651142 4.4497847 1.9998660 1.9902782 1.6555813 1.1575684 1.6185605 1.6583625 1.4311877 1.8295973 2.6077246 2.1231362 1.1202461 1.6567569 1.5955051 1.5809288 1.6443472 1.6612225 1.7091189 1.6973785 2.7683125 1.7003841 1.7063331 1.8496737 1.9662577 1.8901880 1.5354827 1.6090280 1.7320385 1.1532029 1.3536456 1.6343670 1.4233024 1.6175577 1.3751611 2.1789122 2.6949866 1.7848228 1.0585282 1.7429429 1.0964869 1.1002945 1.2930022 1.9764189 1.9107873 2.3897208 2.1781531 2.2334946 2.3735384 2.3011362 2.2215519 2.0370204 2.3011489 1.7339669 1.6773515 1.5380879 1.7599978 3.9414232 2.0399821 1.4244183 1.9272198 2.0950376 2.1378795 2.2429987 2.2448304 2.3817805 2.4435110 2.9342766 1.9661381 2.1920119 2.3016590 2.2759064 2.0957508 2.2366926 2.2275579 2.1930576 2.2486923 2.1348328 2.1961045 2.2252350 4.1019818 1.8918960 1.8866561 2.0278306 1.7752598 4.1643042 3.0962600 2.7103686 3.2296610 2.7072311 2.3190695 1.9042029 2.3990874 2.5479582 3.3590114 2.5071287 3.8711399 3.8578255 2.2316545 6.8468866 3.6239539 5.0170623 4.5013693 5.1606284 4.2581971 4.6819482 4.6819482 
Spur_XM_795141.5                                   1.1326957 0.0000000 0.7760525 2.1866012 2.0456867 2.0435090 2.2767357 2.2753550 0.7106853 2.2489677 2.0050239 0.7036659 2.3225901 2.2099930 1.1136562 1.9034509 1.9254902 2.3425578 2.4501493 2.3130823 0.7734991 2.2787626 2.5101602 1.4016768 1.6094748 2.2793110 2.2322386 2.2574695 2.1752589 2.2657800 0.6981981 3.1251581 3.2785272 5.5852672 2.0719643 3.7971969 2.1821175 2.2335729 2.2653566 2.2181023 2.1999016 2.2235833 2.0632358 2.3260111 1.9709001 2.3669131 0.7582003 2.4406194 1.2463181 2.2457503 2.3782471 2.3305999 2.5801083 2.4577113 7.9644132 2.2280889 3.1449568 1.5483593 1.4163331 1.7248743 1.9161202 1.4142904 2.6144265 2.8323014 2.2983577 1.1503403 2.0384128 2.0994487 2.1078149 2.1016225 2.0402958 2.0882606 2.0823007 3.7718973 2.0803907 2.1627146 2.5771838 2.6917540 2.2361337 1.9824621 1.7883961 1.8515769 1.5901926 1.6119679 2.0125256 1.5963338 1.4470245 1.6285891 2.8740148 2.8692668 1.8767263 1.1295818 1.7557753 1.1355622 1.1838146 1.2058199 2.0245975 2.8148332 3.1308913 2.9951882 3.0091549 3.0217700 3.1297467 3.0307826 2.7408844 3.1458207 2.7697356 2.6403394 1.7665779 2.5600062 5.2223211 2.6151562 1.9525306 2.2260229 2.3259741 3.2089967 3.2348493 3.1831955 3.3950140 3.4522944 3.4628034 2.0202401 2.7783029 2.8143070 3.3256706 2.8867267 2.8861905 2.9254570 2.9066485 2.9085081 2.9264658 2.8342027 2.9145743 6.9627828 2.6970443 2.6785942 2.8858218 2.6807102 3.4897938 3.2955234 3.2124461 3.4526490 3.2214800 2.9519899 2.7062805 2.8171314 3.1669466 3.7432277 2.3538390 4.3731214 4.9112297 2.2984346 6.9927548 3.4835947 6.9690504 5.6783379 6.6910882 5.3067475 6.8279219 7.0099722 
Cscu_XM_023373165.1                                0.7730170 0.7760525 0.0000000 1.1430529 1.3821032 1.3752411 1.3137285 1.3065628 0.7735067 1.3226280 1.1017193 0.9684785 1.2404992 1.2651062 1.3361799 1.1638922 1.0225669 1.2194133 1.3295180 1.1221702 0.8409295 1.0673693 1.4614083 0.9355837 0.9246741 1.0574589 1.0692481 1.0692481 1.0688215 1.0931373 0.8340656 2.0114652 1.9741286 1.6657862 1.3833175 2.4680110 1.1357237 1.1276569 1.1850653 1.1680897 1.1439573 1.1243860 1.1823710 0.9240795 1.1013196 1.0328315 0.9624439 1.2273885 1.1164725 1.1318146 1.0737746 1.0183527 1.1644642 1.2243579 4.2557441 1.3067779 1.4484527 1.0793270 0.9905006 1.1631454 1.0918300 1.0587844 1.1039308 1.6587512 1.7107293 1.1921780 1.2377129 0.9677927 1.0117812 1.0168353 0.9624158 0.9823717 0.9697750 1.7229305 1.0904137 1.1507132 1.2336041 1.1981837 1.2488003 1.2205351 1.0849601 1.1530382 1.1066840 1.1173624 1.2922863 1.2404239 1.2997767 1.2942320 1.4113355 1.9246121 1.2161421 1.1653810 1.2080981 1.1644191 1.1702875 1.1277839 1.2820881 1.3559521 1.3312705 1.3751085 1.4353341 1.3973972 1.4497537 1.3776186 1.3623781 1.4867023 1.5537319 1.4228593 1.4342127 1.4620663 2.8909318 2.1621579 1.5841440 1.2700131 1.0223659 1.2880055 1.3652471 1.3652890 1.4646909 1.5093160 1.5556443 1.3992784 1.3479909 1.3408151 1.4274594 1.4142325 1.3013201 1.3596399 1.2942645 1.3115240 1.3001067 1.3270113 1.3270113 2.5532991 1.3699769 1.3603777 1.3396954 1.4163534 1.8785493 1.7066157 1.6705331 1.8863215 1.7297837 1.4412425 1.2079187 1.5953372 2.0442345 2.8773222 1.4133466 3.7938920 3.9009211 1.3793438 6.9001360 2.4251614 3.8688957 3.9088791 4.7748151 3.4544185 2.5588949 2.5588949 
Skow_XM_006813005.1                                1.7045666 2.1866012 1.1430529 0.0000000 0.9821094 0.9778249 1.0478399 1.0439273 0.1627380 1.0387353 1.1395051 0.2992193 1.1829860 1.1438735 0.4560429 1.1344035 1.0512182 1.2219043 1.3118558 2.3152857 0.8083608 2.0523880 2.4492355 1.2347984 1.1321812 1.6304589 1.6335270 1.6335270 1.7485227 1.7727747 0.6039238 2.4445236 2.7066239 3.1651365 1.7442599 2.5294365 1.6133617 1.7217978 1.8027565 1.7238610 1.6675839 1.6640570 1.6629132 1.6974238 1.5779315 1.7872877 0.4565897 1.8099639 0.9700794 1.6573249 1.5587945 1.4964807 1.8242505 1.6782521 5.1235624 1.6881132 1.9079382 1.4657766 0.8558222 1.7117463 1.6931828 0.9952606 1.7229305 2.8566105 2.7566694 1.2276078 1.7895376 1.6162603 1.6430767 1.7017731 1.6950026 1.5836837 1.5865576 3.2788872 1.6731029 1.6343632 1.6844840 1.6377552 1.6410066 1.7022875 1.5936032 1.5554692 1.4097898 1.4018772 1.2931329 1.3832747 1.2231415 1.2416421 1.8182989 3.6843288 2.1177647 1.0536129 2.0587804 1.1833349 1.1309759 1.4102225 1.2998370 2.2814473 1.9281149 1.9187419 1.9279998 2.0400251 1.9215503 1.9329489 1.5694274 1.9310656 2.2844358 2.1558666 1.3335986 1.9152723 3.9101306 2.5856344 1.8234972 1.9394725 1.7774412 2.2885977 2.3190345 2.3397407 2.4406813 2.5558667 2.2666061 1.5176437 2.2866282 2.2246316 2.1813247 2.0469175 2.4565524 2.4881912 2.4094787 2.4277279 2.4915737 2.5505976 2.5732390 3.8970925 1.7692398 1.7675005 1.7414334 1.6791402 2.3097573 2.4884444 2.3918124 2.4817738 2.2396561 1.7968478 2.0261598 1.9176894 2.0258951 2.7503248 1.9205434 2.9018813 3.7534445 1.9115048 4.3962638 3.6486735 4.1771999 4.2632757 4.6876549 4.7630017 4.6938142 4.7639295 
Acagra_model.g5152.t1_model.g5153.t1.3.5d4007f6    1.6782984 2.0456867 1.3821032 0.9821094 0.0000000 0.0000010 0.0713972 0.0718645 0.1208824 1.0769240 1.2371509 0.4964003 1.1756072 1.1355087 0.7736643 1.5284724 1.1298040 1.2463924 0.9748653 1.9758295 0.8582582 1.9460311 2.2706526 1.2276627 1.2450139 1.8023240 1.7372773 1.7372773 2.0030011 1.9579424 0.6710684 2.5834482 3.2374952 4.5186859 1.9282308 3.1508620 1.8380142 1.8571502 1.9286044 1.8944420 1.8498489 1.8608823 1.8367738 1.6572607 1.4012876 1.8199820 0.5707109 1.9562636 0.9533401 1.8227138 1.7657849 1.6990310 2.0176159 2.0049596 6.9273070 1.8513541 1.9685477 1.5311250 0.8630111 1.5837451 1.6480984 1.1305758 1.6189507 2.5570188 2.4252514 1.1207655 1.6042533 1.5098862 1.5106175 1.5958939 1.5567212 1.6248908 1.6169860 3.0033811 1.5952008 1.6460569 1.6895062 1.6867126 1.7447581 1.8199659 1.5229658 1.7935961 1.2281463 1.4120948 1.1778941 1.1959082 1.4234220 1.2932598 1.6490535 2.5547402 1.8271053 1.1200759 1.6766425 1.2425027 1.2234063 1.3013216 1.2260134 1.9924396 1.9736537 2.0182558 2.1030493 2.1913743 2.1420840 2.0261626 1.9046017 2.3231777 2.1451368 2.0010763 1.3087733 2.2060499 4.8637128 2.6195795 1.5830076 2.1195733 1.6967831 1.9139031 2.0385908 2.0941337 2.1491706 2.1104150 2.1340725 1.6687847 2.4747997 2.4289732 2.1702748 2.0195956 2.2911075 2.2674720 2.2670915 2.2879018 2.3828405 2.2872839 2.3440853 4.3783813 1.9434570 1.9808111 1.9222642 1.7287745 2.3510835 2.5192518 2.4238320 2.6840303 2.5014664 1.9883460 2.2017927 2.2638243 2.3201812 3.1692671 2.1591728 3.8004756 3.8016241 2.0587972 5.6016181 4.1526999 5.3226398 5.7524767 5.1809867 4.5751171 4.5888335 4.5888335 
Acagra_model.g5152.t1_model.g5153.t1.2.5d4007f6    1.6746335 2.0435090 1.3752411 0.9778249 0.0000010 0.0000000 0.0718645 0.0718645 0.1208824 1.0631253 1.2253481 0.4729918 1.1640670 1.1241613 0.7310444 1.5166974 1.1177700 1.2424045 0.9707242 1.9734142 0.8482366 1.9436194 2.2692885 1.2215806 1.2450139 1.7993541 1.7341164 1.7341164 2.0006905 1.9519586 0.6710684 2.5688085 3.2122349 4.5186859 1.9146557 3.1532772 1.8353135 1.8545513 1.9262104 1.8919557 1.8472163 1.8582874 1.8340334 1.6537468 1.3964933 1.8170008 0.5586712 1.9538870 0.9452448 1.8198876 1.7628386 1.6958144 2.0155003 2.0027265 7.0033587 1.8486265 1.9663372 1.5269518 0.8541388 1.5803696 1.6449321 1.1247536 1.6160186 2.5566541 2.4242291 1.1207655 1.6042533 1.5064885 1.5072811 1.5927657 1.5534723 1.6218526 1.6139255 3.0033811 1.5919073 1.6429289 1.6864339 1.6836310 1.7276306 1.8167151 1.5185992 1.7773448 1.2099981 1.4071707 1.1591316 1.1764535 1.4182667 1.2865836 1.6458975 2.5547402 1.8074160 1.0937525 1.6620254 1.2162491 1.1975821 1.2812958 1.2206954 1.9903605 1.9714477 2.0182558 2.1030493 2.1897547 2.1420840 2.0261626 1.8822438 2.3028824 2.1366534 1.9786316 1.3087733 2.2250589 4.8637128 2.5860295 1.5595305 2.1175285 1.6783213 1.9016376 2.0264184 2.0821204 2.1372534 2.1087184 2.1323798 1.6469287 2.4741759 2.4281990 2.1687261 2.0176041 2.2899177 2.2662202 2.2658285 2.2866998 2.3819373 2.2860705 2.3430662 4.3783813 1.9300917 1.9636711 1.9091069 1.7256283 2.3026320 2.5026913 2.4073342 2.6670301 2.4847586 1.9861176 2.1994155 2.2441237 2.3063408 3.1716314 2.1570637 3.7890377 3.7773848 2.0564663 5.5631390 4.1658594 5.3464207 5.7827252 5.2026621 4.5595197 4.5888335 4.5888335 
Acagra_model.g5152.t1_model.g5153.t1               1.7799193 2.2767357 1.3137285 1.0478399 0.0713972 0.0718645 0.0000000 0.0000010 0.1192095 1.2634963 1.4536414 0.4964003 1.3707703 1.3679015 0.7736643 1.6611793 1.3261365 1.4715558 1.1307039 2.1203178 0.8981057 1.9259116 2.7064160 1.1781140 1.2296991 1.9580670 1.9752858 1.9752858 2.2341070 2.1776622 0.6710684 2.6263245 3.4361003 4.0772447 1.9958106 3.3403743 1.9389373 1.9998070 2.0340940 2.0052990 1.9723875 1.9995580 1.9719830 1.8175745 1.5628805 1.9378774 0.5707109 2.1149388 0.9533401 1.9820144 1.8147091 1.7517280 2.0707466 2.1396128 6.4662507 1.9613679 2.2051834 1.6085737 0.8990820 1.7499579 1.8262318 1.1305758 1.9068579 2.8052871 2.4580233 1.1207655 1.7553795 1.6697991 1.7220555 1.7897070 1.7339632 1.7601271 1.7522167 3.3281861 1.8056301 1.8098211 1.9685178 1.9616415 1.8985831 1.8396925 1.6165698 1.8886037 1.3468963 1.4812517 1.2507119 1.2307613 1.4172070 1.2956332 1.7521913 2.7874827 1.8806844 1.1200759 1.7758296 1.2425027 1.2234063 1.3357937 1.2260134 2.3375482 2.0966904 2.0931921 2.1780343 2.2936756 2.2434247 2.1244747 1.9435395 2.4515508 2.5804060 2.3959644 1.5424103 2.4057741 5.2960249 3.0696550 1.9005906 2.1488740 1.9626677 2.1783305 2.3144425 2.3719286 2.4035122 2.3527368 2.4320927 1.7230206 2.7589956 2.6922025 2.4428813 2.2763920 2.6665188 2.6481755 2.6276399 2.6534332 2.7527857 2.6578284 2.7149357 4.8190096 2.0882879 2.1276794 2.1647103 1.8572952 2.3819161 2.4371601 2.3947123 2.7791470 2.4820742 2.0502772 2.3753497 2.3856368 2.3374672 3.3000133 2.2207004 3.7711852 3.5992106 2.0865524 5.8547969 4.1526999 5.4258458 6.2402060 5.1256797 4.7126757 4.9725386 4.9725386 
Acagra_model.g5152.t1_model.g5153.t1.1.5d4007f6    1.7765991 2.2753550 1.3065628 1.0439273 0.0718645 0.0718645 0.0000010 0.0000000 0.1192095 1.2496425 1.4423248 0.4729918 1.3600052 1.3568263 0.7310444 1.6498511 1.3146590 1.4682296 1.1269496 2.1184324 0.8884021 1.9235436 2.7065948 1.1718469 1.2296991 1.9556621 1.9729262 1.9729262 2.2326152 2.1722017 0.6710684 2.6123741 3.4117602 4.0772447 1.9830164 3.3435550 1.9366989 1.9977642 2.0321432 2.0032755 1.9702552 1.9974963 1.9698242 1.8147818 1.5589842 1.9355015 0.5586712 2.1131842 0.9452448 1.9798586 1.8120839 1.7488656 2.0689034 2.1379520 6.5187985 1.9591341 2.2037829 1.6047284 0.8904143 1.7472466 1.8237507 1.1247536 1.9048315 2.8058184 2.4571690 1.1207655 1.7553795 1.6669755 1.7194079 1.7872284 1.7313274 1.7575912 1.7496593 3.3281861 1.8030948 1.8072861 1.9663758 1.9594752 1.8819498 1.8365348 1.6125045 1.8729984 1.3288174 1.4765029 1.2323690 1.2112587 1.4119534 1.2889655 1.7493810 2.7874827 1.8611222 1.0937525 1.7614656 1.2162491 1.1975821 1.3157158 1.2206954 2.3365494 2.0949023 2.0931921 2.1780343 2.2924260 2.2434247 2.1244747 1.9214351 2.4314413 2.5730012 2.3739675 1.5424103 2.4271198 5.2960249 3.0374227 1.8774550 2.1469641 1.9449107 2.1666726 2.3029048 2.3605540 2.3922612 2.3518034 2.4313688 1.7013642 2.7593512 2.6923256 2.4422104 2.2752225 2.6665543 2.6481514 2.6275487 2.6534259 2.7531081 2.6578356 2.7151301 4.8190096 2.0753980 2.1109405 2.1520369 1.8546015 2.3335658 2.4208009 2.3783378 2.7622733 2.4653769 2.0482668 2.3738656 2.3659868 2.3237196 3.3029687 2.2188727 3.7597518 3.5749339 2.0843216 5.8171088 4.1658594 5.4501328 6.2738843 5.1457805 4.6979154 4.9725386 4.9725386 
Ctel_gnl_WGS_AMQN_CAPTEDRAFT_mRNA119889            0.5132453 0.7106853 0.7735067 0.1627380 0.1208824 0.1208824 0.1192095 0.1192095 0.0000000 0.2168468 0.1641997 0.1463770 0.2246459 0.2286017 0.6264796 0.2551305 0.1844470 0.2150710 0.1716013 0.4938837 0.4045286 0.5280252 0.6210881 0.4154110 0.4811365 0.6144967 0.6376866 0.6376866 0.6437671 0.6437671 0.6744710 1.1696891 1.2989215 0.0000010 0.5326646 1.4870282 0.5387210 0.5442060 0.5062359 0.5071163 0.5062359 0.4957600 0.4965946 0.5571222 0.4283276 0.4534305 0.4905096 0.5653000 0.4402387 0.5121973 0.4648593 0.4648593 0.4709063 0.5221302 3.9380400 0.4360820 0.5233464 0.4614753 0.4762399 0.3517791 0.3215250 0.2682281 0.2915804 0.9983440 0.8744098 0.8424629 0.3356617 0.3461876 0.3478872 0.3704419 0.3615906 0.3595947 0.3595947 0.7879287 0.4170286 0.3545721 0.2953774 0.3097883 0.3853000 0.5372687 0.5068382 0.6252073 0.6319159 0.5420102 0.1978834 0.5591652 0.5182057 0.2906339 0.2718270 0.9221899 0.4826299 0.4826299 0.5143802 0.5022217 0.5191529 0.5191678 0.2896968 0.4514168 0.3439142 0.6226831 0.6226831 0.6137912 0.6234910 0.6261316 0.5197814 0.6696960 0.7607760 0.6994823 0.7432938 0.7151875 2.3330099 0.9753400 0.6950661 0.4839864 0.3624161 0.4674773 0.4674773 0.4502530 0.4517674 0.4847719 0.5044251 0.3888695 0.4834766 0.5240277 0.4703739 0.5126439 0.5399378 0.5399378 0.5236424 0.5399378 0.5562531 0.5562531 0.5562531 0.2965494 0.2983422 0.2983422 0.2878913 0.2525118 1.0219048 0.8588907 0.8034325 1.1417832 0.9378111 0.5377403 0.5705634 0.8653312 0.9570018 1.6341483 0.9864925 2.7896621 2.5512922 0.5889787 5.4701078 2.1399142 2.5525886 5.1164416 4.9767036 3.2348402 1.8447642 1.8447642 
Cscu_XM_023359559.1                                2.0028059 2.2489677 1.3226280 1.0387353 1.0769240 1.0631253 1.2634963 1.2496425 0.2168468 0.0000000 1.3144326 0.4208543 0.8821053 0.3783997 0.5595127 1.4785006 1.2039088 1.2075601 1.0946166 2.2049235 0.7961885 2.0530936 2.4468310 1.4814983 1.2821359 1.8436171 1.8633755 1.8633755 1.9790776 2.0976935 0.8070424 2.8299797 3.2585255 3.9346766 1.9240282 3.0046154 1.9384917 1.9996118 2.1114387 1.9892304 2.0042033 2.0451671 1.8688955 1.8264286 1.6490126 2.1477989 0.5409408 2.1343452 0.8812399 1.9558652 1.9720426 1.8295547 2.0394368 2.3772378 8.9999986 2.0225709 2.2267969 1.7256282 0.8732403 1.8147916 1.6995019 1.1228639 1.9795792 3.4638791 3.0364574 1.1180234 1.7471719 1.5197579 1.6026794 1.6335976 1.6565036 1.6018832 1.5942870 3.5876347 1.6637088 1.6317005 1.5606008 1.6429863 1.9727181 2.0434631 1.7087443 1.8503274 1.2620526 1.3839910 1.3637616 1.3709159 1.6320419 1.4942364 1.9307058 3.2480368 1.9939556 1.0999677 1.8888557 1.1925446 1.1900351 1.4162254 1.5606289 2.3375800 2.0796177 2.1384353 2.1891115 2.1853189 2.2653477 2.1397485 1.8752363 2.3475437 2.3400237 2.2434485 1.3046332 2.3567536 4.9425273 2.6159955 1.7356235 2.1348799 1.9177979 2.4966123 2.5009440 2.5773599 2.8082827 2.5315224 2.4522286 1.7606413 2.4839594 2.3393118 2.2440004 2.0984307 2.2686459 2.3588849 2.3171676 2.2672373 2.3302957 2.2993296 2.3858723 4.3105943 1.8252947 1.8493094 2.0635116 1.8692784 2.7696519 2.6346405 2.5518854 3.0702225 2.9416119 2.4227560 2.2727719 2.1442434 2.0880666 3.1080067 2.2509351 3.9071920 4.0392254 2.4270402 6.0512485 3.9968124 5.1718540 6.0504357 6.6584564 6.0557805 4.6645238 4.7333133 
Hsap_ENST00000358127                               1.5565374 2.0050239 1.1017193 1.1395051 1.2371509 1.2253481 1.4536414 1.4423248 0.1641997 1.3144326 0.0000000 0.3655316 1.3994077 1.2231482 0.3503665 1.1313851 0.4247923 0.6635896 1.3168840 2.0674114 0.5828244 1.8396870 2.0783706 1.1647775 1.3433661 1.6867107 1.6705295 1.6705295 1.8707140 1.8981838 0.5837897 2.5438716 2.7939252 3.9859783 1.6123786 2.9527354 1.7471066 1.8715523 1.8790447 1.8017502 1.7471816 1.7853077 1.8892149 1.7208298 1.6792182 1.7674372 0.4543955 1.9151336 0.9932477 1.7778063 1.7054077 1.6045739 1.8023783 1.8675502 5.2093339 1.6458239 1.9614605 1.4803383 0.6789549 1.6123403 1.6178343 0.9589332 1.7612045 3.0881077 2.9498531 1.1876920 1.8105400 1.4237474 1.4935016 1.5427668 1.5258693 1.4561079 1.4427835 2.9911818 1.6496387 1.5624523 1.5197388 1.6408832 1.7532237 1.9393937 1.4397163 1.5667926 1.2164435 1.3386359 1.6424095 1.2881433 1.4271727 1.3018952 1.8949636 4.2149683 2.4838779 1.2194369 2.1920780 1.2989792 1.2848502 1.5441731 1.3281560 1.9405869 2.0796838 1.8274557 1.9166556 1.8104108 1.8534749 1.8091247 1.7111066 2.0297107 2.2017787 2.1089120 1.4041670 2.2097536 4.4186717 2.4610786 1.6436270 2.0304905 1.6001501 2.5048543 2.5214155 2.5421114 2.8561783 2.7050970 2.6788340 1.8312063 2.6101398 2.6559957 2.6061804 2.5862170 2.5700653 2.5455873 2.4421566 2.5403101 2.5995159 2.5367064 2.6010887 4.0809576 1.7960853 1.8435463 1.7538866 1.6317842 2.4038575 2.3199419 2.1122456 2.4296831 2.1860029 2.2705641 1.9007134 1.8713577 2.2583432 2.6274675 2.1634987 4.0414672 3.6883441 2.0151410 4.6737924 4.0023713 4.6966358 4.8384356 5.2031266 5.0130685 5.5054945 5.5808972 
Dpul_mRNA15933                                     0.7034724 0.7036659 0.9684785 0.2992193 0.4964003 0.4729918 0.4964003 0.4729918 0.1463770 0.4208543 0.3655316 0.0000000 0.1676841 0.4539717 0.6627172 0.4183291 0.3820178 0.4273197 0.4060654 0.7025145 0.6719665 0.6115819 0.7181344 0.6172874 0.7272961 0.7659071 0.7738388 0.7738388 0.8552851 0.8333624 0.7511583 1.6887056 1.7421843 0.0000010 0.7215555 1.4879929 0.7160719 0.7095007 0.7601755 0.7271054 0.7300007 0.7268518 0.7747873 0.5598245 0.5860196 0.7656581 0.5325240 0.6948878 0.5690227 0.6317905 0.7015816 0.5907167 0.8129205 0.7106449 1.8057948 0.6742710 0.7900599 0.6962252 0.5807156 0.3844980 0.3619826 0.4111284 0.5378079 1.3493214 1.3863849 1.1223826 0.3903487 0.4292452 0.4323274 0.4543698 0.4690470 0.4701629 0.4701629 1.0282858 0.5197941 0.4676855 0.3436586 0.3441326 0.7654174 0.7981824 0.7041689 0.8977489 0.7369101 0.9040601 0.4817265 0.7882739 0.9114533 0.7139639 0.5544865 1.0995140 0.8888314 0.8585462 0.8274123 0.9402180 0.9458973 0.9402167 0.4669032 0.7523769 0.5893048 0.7164980 0.7792017 0.7101524 0.7087688 0.6644762 0.8709892 0.8709892 0.7599839 0.7542463 0.7543201 0.8926195 1.3789806 1.1754568 0.7438919 0.6928980 0.7974257 0.7950270 0.7880629 0.7885452 0.8014500 0.7243084 0.7365566 0.7482424 0.7104767 0.6951771 0.6824971 0.6609810 0.6237582 0.6066958 0.6132026 0.6285659 0.6750567 0.6540391 0.6540391 1.2184981 0.5798107 0.6288807 0.6698420 0.5671553 1.2941280 0.9894812 0.9726316 1.3393368 1.1280748 0.7730416 0.6262129 1.1173034 1.1500147 1.7962212 1.0348797 3.2206307 2.9185701 0.8447853 6.2129588 1.8639684 2.2837019 5.1599307 5.2749755 3.4837318 1.3812537 1.3812537 
Tcas_TC003570_002                                  2.0910269 2.3225901 1.2404992 1.1829860 1.1756072 1.1640670 1.3707703 1.3600052 0.2246459 0.8821053 1.3994077 0.1676841 0.0000000 0.9741740 0.6806296 1.5272027 1.2708825 1.4853968 1.3357587 2.3027860 0.8779431 2.1284395 2.5624835 1.5267131 1.3125473 1.8384936 1.8731715 1.8731715 1.9218802 1.9178141 0.6361742 2.3008972 2.5218098 2.9755272 1.7417838 2.9399662 1.7983689 1.7585319 1.9335232 1.8579921 1.7858668 1.7657621 1.6817335 1.8067661 1.7203009 1.9288454 0.5730381 1.8767806 0.9603320 1.7916513 1.8905444 1.8810207 2.0366832 2.0786812 5.6039759 1.8092071 2.2684515 1.7775706 0.9776129 1.7885300 1.8619797 1.2216744 1.8702565 2.8306284 2.6891403 1.1956067 1.8939447 1.7076482 1.7007190 1.7514836 1.6944214 1.7035117 1.6963402 3.2210952 1.8762573 1.7622418 1.7558776 1.8041102 2.2452889 2.0109286 1.9602668 1.8152865 1.4584529 1.5314489 1.1337005 1.4108222 1.3806414 1.4792453 2.0726366 2.7243409 1.9554149 1.0869284 1.7658648 1.0986398 1.0722962 1.4380825 1.3778767 2.6475131 2.2432122 2.1239684 2.1148519 2.2479684 2.2477849 2.1720462 1.8992873 2.2581207 2.6287639 2.4957100 1.6214803 2.2372617 4.5533044 2.6302479 1.9978078 2.1988721 2.2689543 2.6448706 2.5877334 2.6080341 2.7516474 2.7867923 2.7443420 1.8641945 2.8824000 2.9098832 2.7294308 2.5686640 2.6544951 2.5650965 2.6201121 2.6361012 2.7525762 2.6938118 2.7687067 3.9313102 2.1279463 2.1852369 2.0926066 2.0824977 2.5285784 2.4107069 2.3809731 2.7310941 2.5864632 2.4417640 2.3377112 2.1746621 2.2636350 2.8185116 2.4238054 3.5196835 3.4602316 2.2722223 4.8189120 3.5820815 4.6672840 4.7151819 5.3551463 4.3914596 4.9186273 4.8258990 
Cscu_XM_023365174.1                                1.9200684 2.2099930 1.2651062 1.1438735 1.1355087 1.1241613 1.3679015 1.3568263 0.2286017 0.3783997 1.2231482 0.4539717 0.9741740 0.0000000 0.5796360 1.5457686 1.1818575 1.2639666 1.1333522 2.0228678 0.7537259 2.0298381 2.3653854 1.4504917 1.3313520 1.8119143 1.8394694 1.8394694 1.9522442 1.9859698 0.7729664 2.9258192 3.2162862 5.9011848 1.9047292 3.0101584 2.0297416 2.0447114 2.1814440 2.0340809 2.0331544 2.0000523 2.0332460 1.6938549 1.5394870 2.0404985 0.4919006 2.0356688 0.9505610 1.8427440 1.9078302 1.7340193 1.9234083 2.1036574 6.6193186 1.8649935 1.9190967 1.7216504 0.8730925 1.8369112 1.7806936 1.1539488 1.9725747 3.2252229 2.8225148 1.0723252 1.7383969 1.3910527 1.4195726 1.4559125 1.4747419 1.4808024 1.4736997 3.0148390 1.5666390 1.5522705 1.5050316 1.6032120 1.8771021 1.9777716 1.5309796 1.9787090 1.1487677 1.4384420 1.2731713 1.3693456 1.6976373 1.7161571 2.1730464 3.0087918 1.9191634 1.0415245 1.7025868 1.1019440 1.1166004 1.3861201 1.6768073 2.1487523 2.0679499 2.0119519 2.1076100 2.1019638 2.1456456 2.0894060 1.7752183 2.3480398 2.0967845 1.9741391 1.3583888 2.1751498 4.6008003 2.7867669 1.7356340 2.1851574 1.7479323 2.4297310 2.4211756 2.4644533 2.6682626 2.4983728 2.5057901 2.0163229 2.5665427 2.2673038 2.2760343 2.1888276 2.2366690 2.2096992 2.2761396 2.2715821 2.2421525 2.2133762 2.3032530 4.9011071 1.9286355 1.9400948 1.9734583 1.9305801 2.4088208 2.7734303 2.5350048 3.0220854 2.8927795 2.6963094 2.4535596 2.1926595 2.2509413 3.1566143 2.3726188 4.1939798 4.1678061 2.2969708 6.4120831 3.7223128 5.1346774 5.1586664 5.4196609 5.2303482 4.7800695 4.9190095 
Bralan_BLAG15000657_1                              1.0765278 1.1136562 1.3361799 0.4560429 0.7736643 0.7310444 0.7736643 0.7310444 0.6264796 0.5595127 0.3503665 0.6627172 0.6806296 0.5796360 0.0000000 0.4879191 0.3265263 0.4043787 0.6538973 0.9188337 0.9188337 0.9360068 1.1956227 0.9275499 1.0318442 1.0046328 0.9827446 0.9827446 0.9682501 1.0084955 0.4680855 1.0132220 1.0495432 0.0000010 0.8449740 1.0286663 0.8316441 0.8316441 0.8397253 0.8404515 0.8397253 0.8404515 0.8039438 0.8306512 0.8238051 0.7942984 0.9112634 0.8281379 0.9548673 0.9508259 0.8993712 0.8993712 0.9037030 0.8560040 0.0000010 1.0183380 0.9685182 1.1174054 1.0655219 0.6547984 0.6944858 0.7271838 0.7197014 1.3935051 1.4557854 1.5653190 0.7686812 0.7582899 0.7636787 0.7636787 0.7369427 0.6975409 0.6975409 0.3563288 0.7427223 0.7314246 0.5519803 0.5797445 0.7429001 1.1368038 1.1155414 1.1413306 1.1413036 1.0436335 0.7480379 1.2785043 1.2609971 0.7892693 0.7463738 0.8465117 1.2594187 1.2594187 1.2632623 1.3047731 1.2975823 1.2922816 0.7462957 0.8073409 0.7995857 0.9203864 0.9203864 0.8747400 0.9385243 0.8816403 1.0020899 1.0020899 1.1181534 1.1437142 1.1356538 1.1430733 0.7970229 0.9749688 1.1180800 1.0877002 0.7606975 0.8584544 0.8584544 0.8584544 0.8644895 0.8525980 0.8493148 0.8632298 0.8828172 0.8625142 0.9051457 0.8901583 0.9886689 0.9886689 0.9581434 0.9886689 1.0108735 1.0108735 1.0108735 0.4027584 0.7364445 0.8059838 0.7216019 0.6960830 0.8807369 1.7454528 1.3901128 1.3371431 1.2640450 0.7766664 1.0694045 0.9407412 1.0802080 1.0294161 1.6584335 2.0601516 1.4221591 1.0796306 6.4180907 2.1796779 2.1894317 4.6772875 4.1985037 5.0443057 0.8777147 0.8777147 
Spur_XM_030979662.1                                1.5555820 1.9034509 1.1638922 1.1344035 1.5284724 1.5166974 1.6611793 1.6498511 0.2551305 1.4785006 1.1313851 0.4183291 1.5272027 1.5457686 0.4879191 0.0000000 1.0162444 1.1825220 1.5571702 2.3451777 0.7975956 2.0752630 2.3050351 1.1503749 1.2097464 2.0441922 1.9781885 1.9781885 2.1475620 2.2543497 0.5512430 2.3307205 2.6479339 3.6016629 1.7868929 2.8074079 1.4443746 1.4595471 1.5303212 1.4684209 1.4601089 1.4815929 1.5991106 1.6408609 1.2104691 1.6093643 0.4563757 1.7803562 0.7928737 1.6402179 1.6653808 1.5941993 1.7785782 1.6232560 5.2333374 1.6178671 1.9168111 1.9045665 1.0544871 1.4948161 1.5481133 0.9150376 1.6438071 3.1037447 2.6127384 1.1395054 1.6112780 1.4555289 1.4370383 1.4596764 1.4630722 1.4837701 1.4895622 3.0665438 1.5085423 1.4449139 1.5421822 1.5364632 1.5677481 1.5966525 1.3400155 1.6673057 1.0108559 1.2334533 1.6057809 1.0064495 1.1534906 1.2295314 1.8773729 2.7952020 1.9238225 0.9737170 1.8002918 1.0795680 1.0469774 1.2696526 1.1295208 1.7591089 1.9778060 2.0138206 2.0637647 2.0418683 2.0108872 1.9943820 1.7688541 2.2022677 2.4456323 2.3417144 1.3607975 2.1316686 4.4900533 2.5498218 1.6892842 1.9630448 1.8654938 2.2460224 2.3771547 2.3877463 2.4491628 2.3982461 2.6307616 1.6104091 2.4223636 2.3105918 2.4478725 2.3055251 2.3643790 2.3773609 2.3178565 2.3001354 2.4260517 2.3844435 2.3837792 3.8285565 1.8565466 1.8827954 1.9733526 1.6939179 2.6226960 2.6764962 2.2261482 2.4117560 2.2826797 2.1708414 2.1090010 1.8505957 2.0720762 2.8133390 2.0641645 3.6140648 3.5260164 1.9406435 4.3414905 3.0791083 3.9541957 4.4444072 4.6328616 4.1198488 5.2984333 5.1598778 
Hsap_ENST00000428433                               1.4761895 1.9254902 1.0225669 1.0512182 1.1298040 1.1177700 1.3261365 1.3146590 0.1844470 1.2039088 0.4247923 0.3820178 1.2708825 1.1818575 0.3265263 1.0162444 0.0000000 0.6062979 1.1575768 1.9050596 0.6572070 1.7796476 2.0510176 1.0893346 1.3897994 1.6529702 1.5505639 1.5505639 1.8597050 1.7627991 0.5644906 2.4192088 2.7728332 3.7883700 1.4161921 2.5497871 1.6559940 1.7440502 1.7787358 1.6923794 1.7260000 1.7594689 1.8080444 1.5092124 1.3799963 1.5401087 0.4453916 1.7396358 0.8558239 1.5353443 1.5293647 1.4430073 1.6832808 1.6148247 4.5156348 1.4647288 1.6539504 1.5652212 0.8333798 1.4960848 1.4593980 0.8705802 1.7092173 2.6800913 2.7138391 1.0638581 1.6876855 1.3720741 1.4525139 1.4920757 1.5099817 1.4357442 1.4288185 3.0087001 1.6292994 1.5537631 1.4155644 1.5450454 1.7165222 1.6126824 1.4870309 1.5132333 1.1723249 1.3079745 1.5890209 1.1596827 1.3476218 1.1118218 1.9332590 3.3222143 2.1309108 1.0675066 1.9258634 1.1637897 1.1263523 1.2904451 1.2405081 1.9337220 1.9135189 1.6335436 1.6610545 1.6920282 1.7061507 1.6501000 1.4807753 1.7905004 1.9937563 1.9171457 1.2918055 1.8916366 3.6109754 2.3788711 1.5808121 1.8409538 1.3799959 2.2058828 2.1872730 2.2414397 2.5972532 2.4149111 2.4555429 1.6999227 2.2991621 2.2282727 2.2965362 2.3004452 2.1980930 2.1850634 2.1233887 2.1647592 2.2839492 2.2176379 2.2904405 3.8051599 1.7277016 1.7745987 1.7211682 1.5704200 2.8610941 2.3818535 2.1924332 2.5417007 2.2871234 1.9600195 1.7819320 1.7403279 2.0496224 2.5945892 1.9391137 3.6884540 3.1402579 1.8337156 4.4242924 3.9037275 4.4190515 4.0556382 4.6743491 4.7874386 4.3087663 4.3757495 
Hsap_ENST00000263334                               1.6372824 2.3425578 1.2194133 1.2219043 1.2463924 1.2424045 1.4715558 1.4682296 0.2150710 1.2075601 0.6635896 0.4273197 1.4853968 1.2639666 0.4043787 1.1825220 0.6062979 0.0000000 1.3211901 2.3345851 0.7306517 2.0348609 2.5093719 1.4636303 1.4902456 1.8138898 1.7368585 1.7368585 1.9922912 1.9861506 0.5655560 2.6389425 2.5875804 4.6734339 1.8725536 3.2788276 1.8827333 2.0616861 2.0480479 1.9961005 1.9457733 1.9998526 1.9809018 1.8775902 2.0775005 1.7982513 0.5184816 2.2474855 0.9889008 2.0035663 1.9814061 1.9434775 2.1198918 2.2724423 6.8916580 1.9279657 2.2087695 1.6871047 0.8348625 1.9070473 1.8346536 1.0940992 1.9550458 2.7250573 2.7110785 1.2133644 2.0838276 1.6818513 1.7439132 1.7540866 1.7502526 1.6733268 1.6589571 3.4507246 1.9499909 1.9231230 1.7876463 1.9975955 1.8228129 1.8117817 1.6362500 1.6186956 1.2209303 1.2886855 1.7270571 1.4507275 1.5423635 1.2172004 2.0402677 3.7637954 2.1579874 1.2064488 1.9124499 1.2929452 1.2567402 1.4594600 1.5136720 2.0307640 2.2692793 1.9921345 2.0087792 2.0800918 2.1067437 2.0644477 1.8543030 2.1519357 2.0680920 1.9443569 1.3267059 1.9041998 3.8645160 2.0974721 1.5163183 2.0603887 1.7511293 2.7953165 2.7909015 2.9186894 3.2464127 3.1036952 3.0334458 1.9037344 2.6313207 2.7470225 2.8799864 2.6557413 2.7082467 2.8072512 2.5779010 2.7155512 2.7739191 2.6978094 2.7914965 4.1274068 2.2935904 2.3136070 1.9610627 1.7848858 3.6787413 2.6500575 2.4013949 2.8481152 2.6561347 2.2759921 2.0794175 2.3366421 2.5759846 2.6645410 2.4433201 4.3711067 3.5957726 1.9342207 5.0827690 4.4706831 5.8110709 4.8448572 5.7182998 4.1592035 5.9746109 6.0465547 
Cgig_XM_011446316.3                                1.7336556 2.4501493 1.3295180 1.3118558 0.9748653 0.9707242 1.1307039 1.1269496 0.1716013 1.0946166 1.3168840 0.4060654 1.3357587 1.1333522 0.6538973 1.5571702 1.1575768 1.3211901 0.0000000 2.6417163 0.7953608 1.9802895 2.3006028 1.4835595 1.2426675 1.9812694 1.9994570 1.9994570 2.2231372 2.1843280 0.6104636 2.7152080 3.1348896 3.6525320 1.9782182 3.1603439 1.8010573 1.7987148 1.9625673 1.9304230 1.9165247 1.8796535 1.9111128 1.9420022 1.8131863 2.0261148 0.5549849 2.0996974 0.8782863 1.8860248 2.0040970 1.8900503 2.3148308 1.9668585 5.0514662 1.9304696 2.1331826 1.4149985 0.9902224 1.7543016 1.7584454 1.0075253 2.1120783 3.1804110 3.0378097 1.0724868 1.8041305 1.8251822 1.7741427 1.8441482 1.8007167 1.7942747 1.7871659 2.8426780 1.8420367 1.7438834 1.8164905 1.9070303 2.1407363 1.8409438 1.6532960 1.7654040 1.3968827 1.4658524 1.4024974 1.2001697 1.6247606 1.3139859 2.1493055 3.0721083 2.2418289 1.1327124 2.0355109 1.1939020 1.2121760 1.3587972 1.2979336 2.3785256 2.3466639 2.1947975 2.2889225 2.2446756 2.2762364 2.2022299 1.8184202 2.3228136 2.4095974 2.2262415 1.5027916 2.2479086 4.7463951 3.2011453 2.1066838 2.3186564 2.1272660 2.6113755 2.6717687 2.7787388 3.0623746 2.8570850 2.8851017 2.0673078 2.9602915 2.9791688 2.8134038 2.6473694 3.0551370 2.9862666 2.9214706 2.9267632 3.0436681 3.0793273 3.1234588 4.7419282 2.1952554 2.1953989 2.2685393 2.1468530 2.9691016 2.3848461 2.3234763 2.3933623 2.3543428 2.3356354 2.2035139 2.2881177 2.5284633 2.8482417 2.3620404 3.7657963 3.7404047 1.9711906 4.6978768 4.2022031 5.1648492 4.8994058 4.8112817 4.3928280 4.7661293 4.8797045 
Spur_XM_780152.5                                   2.0041304 2.3130823 1.1221702 2.3152857 1.9758295 1.9734142 2.1203178 2.1184324 0.4938837 2.2049235 2.0674114 0.7025145 2.3027860 2.0228678 0.9188337 2.3451777 1.9050596 2.3345851 2.6417163 0.0000000 0.0777503 1.4764297 2.7526649 1.4433650 1.5790283 2.2473818 2.2284793 2.2521839 2.3562626 2.2814307 0.7494793 2.8098812 3.7702530 6.4732665 2.2730913 4.0091525 2.1505305 2.2630775 2.2382544 2.2068863 2.1673201 2.2645965 2.3096610 2.4830656 1.7959046 1.9706903 0.6492896 2.2997974 1.3303971 2.2908464 2.2756766 2.2689991 2.4064266 2.3530287 5.8110776 2.3008821 2.4740812 1.3701634 1.1314699 2.2864976 2.2755000 1.4961652 2.1772554 3.1955454 2.6136783 1.1349275 2.6476232 2.2397449 2.2347831 2.3084442 2.2135964 2.2618326 2.2486593 4.5896707 2.4373342 2.4413461 2.5675021 2.5289719 2.3841685 1.9075670 1.8643792 2.0464940 1.7069328 1.5573115 2.1572551 1.3828788 1.5841685 1.5788862 2.3852901 3.9214073 2.4762585 1.4514582 2.3975069 1.4843949 1.4291507 1.7367553 1.6214995 2.5186484 2.4008503 2.3374949 2.4246933 2.3614695 2.4266572 2.3413000 2.2178957 2.6040927 3.0840126 2.8166445 1.8061492 2.4255323 6.6796458 3.1417614 2.1445577 2.0669916 2.3757179 3.2208454 3.3069368 3.2885650 3.3784884 3.2567520 3.3467194 2.0871271 2.7037548 2.5888545 3.1458845 2.8886869 2.9266057 2.9534494 2.8499229 2.8424229 2.8273422 2.6614128 2.7073656 6.2847800 2.3524495 2.3628700 2.3927131 2.3840146 4.5698218 3.2562377 2.9463127 3.7008683 3.2057180 2.4813056 2.1382716 3.3328722 3.2507089 3.9194871 2.5265504 5.0544178 4.7313785 2.3773740 6.7780588 5.1685593 6.2635490 5.7033100 6.1981497 5.5605504 5.7496067 5.6525074 
Spur_XM_031000028.1                                0.7520758 0.7734991 0.8409295 0.8083608 0.8582582 0.8482366 0.8981057 0.8884021 0.4045286 0.7961885 0.5828244 0.6719665 0.8779431 0.7537259 0.9188337 0.7975956 0.6572070 0.7306517 0.7953608 0.0777503 0.0000000 0.3976563 0.5843111 0.4941893 0.7677756 0.8451835 0.9013515 0.9013515 0.9899741 0.9756781 0.7494793 1.6302676 2.0529111 9.0000000 1.0427804 2.2268270 0.8298468 0.8145832 0.8357403 0.8406186 0.8357403 0.8406186 0.8454031 0.9006489 0.8708885 0.7698454 0.6492896 0.8778812 0.7440042 0.9362767 0.8443710 0.8412568 0.9589635 0.9899899 4.5646110 0.9453139 1.0541239 0.4916435 0.6408979 0.7041271 0.6599827 0.6796960 0.7225282 1.2424790 1.2570524 1.0559599 0.8078566 0.8093954 0.8126993 0.8108473 0.8062219 0.8040892 0.7921484 2.4181583 0.7718100 0.7758065 0.7287483 0.6776415 0.7760645 0.7999334 0.8324259 0.8547296 0.7987981 0.7414656 0.8112056 0.8055254 0.8192909 0.5480352 0.6794603 2.2063237 1.1326183 0.9583490 1.0905498 0.9717267 0.9914525 0.9635317 0.7383945 0.6895175 0.7190604 0.8465680 0.9166239 0.9300559 0.9385493 0.9197103 0.9711728 0.9711728 1.2032584 1.0923341 0.9298244 0.9622279 2.5939037 1.3763227 1.0489064 0.6146520 1.0005301 0.9427563 0.9366266 0.9286929 0.9105114 0.8800395 0.9819644 0.8754901 0.9621310 0.9870291 0.8960915 0.8169185 0.8758427 0.9045656 0.8625372 0.8539115 0.9057073 0.9159698 0.9215542 1.4087802 0.6910100 0.6956427 0.6543461 0.6529746 1.6264993 1.4075159 1.2130924 1.6376017 1.4262412 0.8556416 0.6456584 1.4101752 1.5500401 2.2099991 1.5330327 3.1954814 3.0393523 0.9562655 6.3800816 2.5336567 2.7929913 3.5743183 5.0739586 3.9899628 3.0472818 3.0472818 
Skow_NM_001164921.1                                1.9060450 2.2787626 1.0673693 2.0523880 1.9460311 1.9436194 1.9259116 1.9235436 0.5280252 2.0530936 1.8396870 0.6115819 2.1284395 2.0298381 0.9360068 2.0752630 1.7796476 2.0348609 1.9802895 1.4764297 0.3976563 0.0000000 1.6756025 0.9150031 1.0199642 1.6402363 1.7546088 1.7577336 1.9492803 1.9534318 0.6779864 2.6042505 3.0177586 6.0286367 2.0492642 3.4119910 1.6494172 1.7006711 1.6681009 1.6844597 1.7001821 1.7210485 1.6861016 1.7721725 1.3778745 1.5582600 0.5619076 1.7368789 0.8894198 1.6516309 1.6883528 1.6759286 1.8191127 1.8385435 5.8590403 1.6286091 2.2029536 1.0510492 0.6014214 2.0403095 2.0069646 1.4219809 2.0248171 2.9476660 2.1330661 1.1591130 2.0967141 1.8389103 1.8493410 1.8031603 1.8391623 1.7509153 1.7394191 3.6002182 1.8348164 1.9930455 2.1575992 2.1271096 1.9669748 1.6228999 1.5314344 1.9598729 1.3074288 1.3960729 1.7818259 1.2848912 1.2769790 1.3632764 2.0759518 4.2071858 2.2785574 1.4594453 2.2780014 1.4496223 1.3920331 1.5009813 1.6924609 2.3788451 1.8547239 2.2365998 2.2911733 2.3080657 2.2448729 2.2975108 2.1101552 2.5475386 2.2024556 2.0482530 1.5126949 2.0833671 5.3503376 2.6614232 1.9257636 1.5841821 2.3434746 2.2509838 2.1805006 2.2498742 2.3903455 2.5302239 2.4035453 1.7556891 2.1349834 2.2762643 2.2781166 2.1737220 2.1802718 2.1411426 2.1979003 2.1919698 2.1600058 2.1099550 2.1914142 5.4197361 1.9969488 1.9990281 2.0313746 1.9578887 2.6942060 2.8489154 2.4944506 2.9025378 2.8271805 2.3125897 1.8115520 1.9966892 2.2209780 3.2595999 2.0760479 3.6219903 3.8928828 1.9542010 5.5544028 3.9030684 4.2717377 6.1789848 6.5064937 4.8999115 5.7435319 5.4952647 
Tcas_TC034812_001                                  2.7535251 2.5101602 1.4614083 2.4492355 2.2706526 2.2692885 2.7064160 2.7065948 0.6210881 2.4468310 2.0783706 0.7181344 2.5624835 2.3653854 1.1956227 2.3050351 2.0510176 2.5093719 2.3006028 2.7526649 0.5843111 1.6756025 0.0000000 1.1020108 1.4296394 2.0604187 2.1719677 2.1972597 2.3882202 2.3985598 0.8214064 2.8088110 3.1800813 5.5828668 2.3784785 4.2514440 2.3389255 2.4727679 2.4095775 2.3838916 2.3411658 2.3981759 2.7064603 2.4931056 1.9398766 2.3284593 0.7897583 2.3521762 1.3403825 2.2115511 2.3448172 2.3320758 2.5809167 2.3342461 6.3990420 2.2869967 2.5702920 1.4461816 0.7387609 2.5450164 2.4829902 1.6472463 2.8177533 4.3253910 3.1101869 1.3533803 2.9103796 2.4473602 2.3779934 2.4566092 2.4405415 2.5464462 2.5580419 4.7087022 2.5038254 2.7967862 2.8277407 2.7063210 3.0009518 2.2525211 1.8750031 2.3613818 1.6402012 1.6679582 2.3989433 1.4261635 1.7994709 1.8468315 2.8178197 3.9439863 2.4531706 1.3652287 2.3361450 1.3735217 1.4002245 1.4527866 2.1443142 3.0534348 3.0437692 2.9591495 3.0522354 3.0959281 3.0954188 3.0357813 2.3918255 3.0813061 3.5075308 3.1859318 2.0504840 2.8557949 6.7260270 3.4699024 2.4069582 1.9863211 2.6085412 3.4962927 3.5825121 3.6165152 3.4927422 3.5392719 3.4491061 2.2132147 2.8335494 2.9860501 2.8689171 2.9439112 3.1387442 3.1010068 3.0027434 3.0902765 3.2250210 3.0606738 3.1745175 6.1961854 2.5230691 2.5256612 2.3121364 2.3697141 4.4369972 3.1745619 2.8477975 3.5502317 3.0839566 3.6207145 2.5674181 2.7414049 2.9655439 4.1737731 2.8328405 5.1437304 5.3961001 2.6039856 7.2474717 4.7176438 6.1282188 5.8819216 6.9383692 4.3113397 8.9999984 8.9999984 
Acagra_model.g7620.t1                              1.2343364 1.4016768 0.9355837 1.2347984 1.2276627 1.2215806 1.1781140 1.1718469 0.4154110 1.4814983 1.1647775 0.6172874 1.5267131 1.4504917 0.9275499 1.1503749 1.0893346 1.4636303 1.4835595 1.4433650 0.4941893 0.9150031 1.1020108 0.0000000 1.0576377 1.2361913 1.2320713 1.2320713 1.3481839 1.3396711 0.6448029 2.0195244 2.2077406 4.6326519 1.3069157 2.5390604 1.4210793 1.4092542 1.4294708 1.4066377 1.4942344 1.5098309 1.3966751 1.2280870 1.3385436 1.3278881 0.6244129 1.3777101 0.8643991 1.2531482 1.2386922 1.2267569 1.3150403 1.4158342 3.8899555 1.4273965 1.5300090 0.7366658 0.5359201 1.2521172 1.1664422 0.9332935 1.3123668 1.8301748 1.9046878 1.1829441 1.2696866 1.2981298 1.3300806 1.3552848 1.3440092 1.3121896 1.2943113 3.3295085 1.3769571 1.2901127 1.2974133 1.2784382 1.2250403 1.3049327 1.2264221 1.1316155 1.1152320 1.0796307 1.0461137 1.1414339 1.2590960 0.8651098 1.4493415 2.5774146 1.3735113 1.0289318 1.5075391 1.0688285 1.0561124 1.2317199 1.1180365 1.5952693 1.6467499 1.4004337 1.4356518 1.4814844 1.4864304 1.4881458 1.4372287 1.6018432 1.4866443 1.3742525 1.1555389 1.4223517 3.0829194 1.5779094 1.2018976 0.8658193 1.2704312 1.4723060 1.5015758 1.5387927 1.4237263 1.4820500 1.7790685 1.2700278 1.6869430 1.6000027 1.6572530 1.6549919 1.6011131 1.5856871 1.5939385 1.5897233 1.6061421 1.6008422 1.6870106 4.0642697 1.5424693 1.5435328 1.4694269 1.4854202 3.1743843 2.1014078 1.8738465 2.3123911 1.9329549 1.4905168 1.5664566 1.7722195 1.9680580 2.6666631 2.0185057 3.1405540 3.7406630 1.5926455 5.7017265 3.4919772 3.5324740 3.8717442 4.6550645 4.1200698 4.5707802 4.5707802 
