101
Scil_scict018688.1                                             0.0000000 0.6701716 0.8546244 0.8788197 1.4632145 1.8247270 1.8247270 2.2684166 1.9870137 1.9308710 2.0552876 1.9416692 1.7539320 2.5979079 2.7569582 2.5088012 2.0414696 1.6836273 2.2474856 2.0355527 2.1655026 2.2521919 2.1989220 1.9669007 2.1136099 2.2489453 2.1940113 0.0000010 1.8944032 1.8944032 1.8646944 6.4390444 2.2812402 1.8101442 1.8575033 2.7457225 3.0175131 4.2069895 2.5291784 1.8166970 5.5257930 2.2247961 2.0729254 4.4105759 5.5920570 3.6461362 2.0886254 4.5119007 4.7185490 4.7185490 4.5119007 5.1305666 7.5628567 5.4327188 0.0000010 4.1379707 5.8263643 4.4243222 2.5078272 2.9507042 2.8757603 2.7476231 2.8493192 2.8493192 3.1560054 2.4782041 3.0172711 4.5365736 2.1876719 3.4847808 3.6482524 3.3584036 3.8983497 2.5794108 4.2924867 4.6992339 3.5861975 2.2979868 3.4198235 3.9249900 2.8670137 4.3530784 6.7410017 3.5827851 2.2350955 2.3152699 3.2920478 2.2912403 1.7636751 3.1387251 3.0851309 4.1305453 2.0124514 1.7658719 5.3680354 4.7849879 4.9788346 3.7184480 4.4751148 3.5552796 2.0827837 
Leuniv_Lniv_scaffold22223_01                                   0.6701716 0.0000000 0.4707886 0.5886895 0.6743830 3.6952019 3.6952019 1.8649629 1.8459851 1.8026063 1.6780486 1.8156893 1.7627292 1.9112706 4.6902520 2.0990864 1.6821717 1.9062335 2.2865557 1.7681341 1.8302976 1.8230888 1.7333611 1.8596042 1.7277381 2.0889207 2.0677744 2.2157912 1.8778456 1.8834510 1.8520724 1.5808232 2.0728629 2.1228115 4.8973042 2.7740639 2.1919817 2.2047233 2.2419354 5.3491388 5.9156579 5.1399044 2.9337651 4.7346359 3.9442001 3.9399141 4.4035095 6.4958089 6.6794908 6.8434033 6.4958089 7.8397927 7.8277044 8.9999987 0.0000010 8.9751624 5.8765582 4.8146213 4.8697954 5.4484931 5.4715183 5.4212250 4.9275334 5.1766105 4.8050075 5.4823298 5.3973068 4.6740345 4.1729197 5.4342275 5.0545422 5.5091724 6.4933494 3.9148029 5.0277024 5.2383514 7.2813742 6.2229366 5.8510215 7.6326865 2.5011385 7.4233514 9.0000000 8.0717281 5.6194346 8.5125687 5.4060553 1.7593082 4.6533857 3.2998236 3.1860402 3.4870450 3.5326049 3.5353071 3.3109644 3.1949507 3.1091031 3.1041132 2.4562010 5.2983187 1.9350138 
Gracom_Gcom_C560348_01                                         0.8546244 0.4707886 0.0000000 0.5604231 0.6969775 1.4252943 1.6212636 1.6966500 1.6664109 1.6725032 1.8254441 1.6864766 1.5497120 2.0873379 0.9752621 1.8640563 1.6128625 1.8557396 1.7706128 1.5371345 1.5821302 1.5955400 1.8113635 1.5654284 1.9389402 1.8297518 1.8180206 2.8225987 1.6047176 1.5821050 1.5734645 1.6394344 2.0523254 2.0503259 1.6402731 2.6127183 2.2365243 2.1551626 1.9661513 1.8286618 3.4098543 1.4905703 2.7520650 3.0887800 2.8220860 2.7641901 2.7528640 2.8118028 3.8984193 3.9338710 3.0225535 3.7631314 3.4600083 3.6693863 4.1391896 3.0228440 3.9515103 2.7794296 2.9341855 2.9159156 3.2227207 3.1724158 2.9114069 2.9971013 3.1071655 2.9618789 3.0833364 2.7052064 2.6250416 3.1317416 3.2673721 2.9704547 3.2857699 2.4590106 4.0381183 3.6000036 3.2995124 3.0571876 3.4069537 3.6016684 2.4054022 3.0562995 2.6880925 3.4774901 2.8304483 2.9915826 2.8562137 1.8994212 2.6517844 2.7683184 2.9157215 3.0675138 1.9353890 2.8448696 3.1914274 3.1861529 3.0444869 2.8691635 2.3448998 3.2104498 1.9181029 
Lcom_lcpid20087                                                0.8788197 0.5886895 0.5604231 0.0000000 0.7348626 1.5088135 1.7017991 1.8579497 1.7619102 1.7825586 1.9368807 1.7641314 1.7489994 2.2239950 1.0925246 1.9088984 1.8128537 1.9497944 1.9080067 1.7705320 1.8214073 1.7926841 1.9443527 1.8411862 2.1367281 2.0391008 2.0264342 2.2794859 1.6438397 1.6146195 1.6638850 1.6887791 2.0798800 2.0107544 1.6754962 2.6260098 2.3044566 2.2833065 2.0121951 1.8387604 3.2425013 1.1288711 2.1910932 2.9921261 2.5311866 2.4411686 2.5584998 2.7539221 3.8916987 3.9267095 2.9552870 3.6975243 3.5923434 3.6967520 3.8271416 2.6077015 3.8215985 2.5989066 2.9459646 2.9725138 2.8905778 2.8987597 2.8350605 2.7682107 2.9618010 2.8786036 2.9804775 2.8205557 2.8163102 3.0586305 3.1515853 2.6857548 3.1973714 2.6551910 3.2401004 2.8827593 2.7336436 2.4357440 2.5675051 2.8208730 2.4363695 2.8997951 2.6550226 3.1115415 2.7949852 3.0739064 2.8972094 1.9435894 2.7883523 2.9860949 3.0948884 3.2358983 1.9309998 2.8982537 3.1954635 3.3261271 3.1525980 3.2125253 2.3952353 3.1945746 2.0008706 
Clacor_Ccor_scaffold6246_01                                    1.4632145 0.6743830 0.6969775 0.7348626 0.0000000 0.0000010 0.0000010 1.4011534 1.3314955 1.3030887 1.2820886 1.5362464 1.4418758 1.3546995 0.0000010 0.9197265 1.5014105 1.4496221 0.0000010 1.2339821 1.3050077 1.3042573 1.2912194 1.2312656 1.2670730 1.3346565 1.3129691 2.1747864 1.2005934 1.2005934 1.3120036 1.3525260 1.4191806 1.7115116 1.3804334 3.1400045 1.9397075 1.5517149 1.4459015 3.5672958 6.2969079 0.0000010 3.8270359 3.5761203 2.4513562 3.1129381 2.7121717 0.0000010 8.1211708 8.5747227 0.0000010 7.7836383 8.9999989 8.1174974 0.0000010 0.0000010 6.3562921 3.0609877 3.6828087 3.2036610 3.9726259 3.7958751 3.9497975 4.4348599 3.9028465 5.0164625 4.4306829 4.3053824 2.3536318 3.3077874 3.8475192 3.2362395 3.4372615 1.7683526 2.9625924 3.2647840 3.7189720 2.7154862 3.8749705 4.0158478 2.0509766 3.0206048 0.0000010 5.8783032 6.8931559 9.0000000 6.1026692 1.6088316 0.0000010 2.3543548 2.3586895 2.8296379 0.0000010 0.0000010 2.7868121 2.6123853 2.5961318 2.5425664 2.2732567 4.0981248 1.5434743 
Fspp_ffun1.m4.34024.m1                                         1.8247270 3.6952019 1.4252943 1.5088135 0.0000010 0.0000000 0.1847214 0.2174093 0.2749701 0.2488179 0.0000010 0.2406291 0.2498469 1.5966031 0.4428598 0.6867502 1.3072200 1.0942221 0.9174837 1.0844920 1.1091269 1.1166749 0.0000010 1.0832487 3.5090188 1.3739060 1.3783936 0.0000010 1.2224147 1.1035716 1.1396039 1.4065151 1.4670266 1.1461930 1.5085401 1.8017142 1.7047674 0.8588812 1.1723086 1.4984674 2.4189901 1.5453312 2.2653019 2.2516608 2.0526852 1.9458520 1.8188918 2.3710046 2.4180727 2.4180727 2.6919679 2.4104941 2.6943174 2.6262189 5.4936104 2.8012777 2.5751006 2.5052127 2.0165312 2.0071883 2.0888364 2.0253325 1.9361983 1.9442289 2.0694453 1.9944015 1.9605183 1.7808050 1.8136449 1.8153810 1.8380504 1.6920331 1.7878182 1.7131153 2.6422955 2.3187567 2.0120514 1.8582367 2.0724519 2.0912207 2.6210480 1.8374947 2.8408955 2.1594367 2.0819208 1.8567728 1.9383798 0.0000010 2.4420809 1.9550005 2.5494508 2.8002171 1.8965020 2.7198592 4.1568037 5.6926466 0.0000010 2.4451660 0.0000010 2.4245385 0.8822587 
Gasp_gasp1.m3.10137.m1                                         1.8247270 3.6952019 1.6212636 1.7017991 0.0000010 0.1847214 0.0000000 0.2382215 0.2649259 0.2278439 0.0000010 0.2939394 0.2709037 1.5966031 0.4782839 0.7111581 1.3639194 1.2771320 0.8863499 1.4147234 1.4718177 1.4470436 9.0000000 1.4442202 3.3275099 1.4807124 1.4688712 0.0000010 1.4610070 1.4086401 1.4335544 1.7369423 1.6841922 1.3789538 1.6009476 2.3497346 2.2008706 4.4593050 1.4113824 1.5226143 2.5287069 1.5890560 2.4529257 2.3050936 2.4253172 2.2204495 1.9889732 2.5727283 2.5743145 2.5743145 2.8846148 2.4517522 2.6513347 2.6259847 3.3786115 2.7170241 2.7488836 2.6095314 2.2015658 2.1821335 2.3116886 2.2119045 2.0959797 2.1253647 2.2505822 2.1952146 2.2197588 1.9825560 1.9429199 2.0350637 2.0644490 1.8544727 1.8963706 1.9825376 2.9191953 2.5524287 2.1191806 1.9784256 2.1397357 2.1571872 3.0739929 2.1898776 2.9370512 2.3139444 2.3629895 2.0852177 2.1117032 0.0000010 2.6277929 2.1409798 2.7107956 3.2157823 1.9665290 2.8888912 3.5812140 4.5007036 3.1668290 3.3236325 0.0000010 2.7065662 1.5674538 
Gfas_gfas1.m1.14600.m1                                         2.2684166 1.8649629 1.6966500 1.8579497 1.4011534 0.2174093 0.2382215 0.0000000 0.3201153 0.3246077 0.3038401 0.3415175 0.3732428 0.3653078 0.5295220 0.7640013 1.3510539 1.3734153 0.8502759 1.3885296 1.4117776 1.3916011 1.4420022 1.3996884 1.7196635 1.6469204 1.6469019 2.0261699 1.5584122 1.5577647 1.4842444 0.6896511 1.3838526 1.5170244 1.4681000 2.0691825 1.8444896 1.7258116 1.4007064 1.5556183 3.5371703 1.5362045 2.2990356 3.2350566 2.6565941 2.5048287 2.2254181 2.4568318 3.7301874 3.7528063 2.7728930 3.5273323 3.1921379 3.4603175 4.7915866 2.5212784 3.6113466 2.7144500 2.7380234 2.8121829 2.8214751 2.7218332 2.5211645 2.5935731 2.6761391 2.6685255 2.8477915 2.6280075 2.3305204 2.6266769 2.7622366 2.6883428 2.7492218 2.3663594 3.5103848 2.9123609 2.6219364 2.4108955 2.6405105 2.6382791 2.1878043 2.5124673 2.8596446 2.7833870 2.6171339 2.7240270 2.7165122 1.5130436 2.4828360 2.9251853 3.0075377 3.1237216 1.9071708 2.4754409 3.0749922 2.9484571 2.9205962 2.8471181 2.4919305 3.0151694 1.3842325 
Spis_XP_022796918_1                                            1.9870137 1.8459851 1.6664109 1.7619102 1.3314955 0.2749701 0.2649259 0.3201153 0.0000000 0.1010812 0.2031639 0.4203699 0.3761291 0.3715311 0.4662541 0.7244915 1.2717291 1.2695875 0.8862325 1.2840996 1.2971246 1.2919824 1.3063148 1.2941891 1.5696954 1.5595146 1.5629086 1.6882138 1.4733927 1.4643344 1.4291392 0.7009854 1.3464420 1.4337316 1.5059537 2.0667357 1.7897218 1.6836103 1.3762964 1.5174853 3.3535728 1.5499385 2.3765032 3.0434004 2.6119030 2.5484995 2.2968793 2.6219829 3.8696747 3.8918736 2.8374258 3.6278776 3.0929254 3.3763762 4.4694472 2.4791939 3.7063356 2.7551115 2.8929373 2.8634364 2.9282164 2.8304923 2.6740095 2.7217446 2.9559047 2.7977418 2.8307334 2.7060191 2.3649845 2.6765263 2.7097234 2.6200015 2.7974446 2.3032696 3.5944728 3.0397017 2.7781440 2.4155319 2.7223658 2.8020264 2.1253368 2.5525279 2.8763059 3.1582067 2.9305742 3.0893243 2.9341340 1.6243118 2.5120819 2.8192026 2.8742725 2.9209067 1.8703242 2.5298907 2.8912726 2.8081742 2.7060862 2.6757049 2.4863325 3.0249885 1.3449049 
Pocdam_XM_027203379.1                                          1.9308710 1.8026063 1.6725032 1.7825586 1.3030887 0.2488179 0.2278439 0.3246077 0.1010812 0.0000000 0.1920055 0.4198286 0.3898881 0.3648684 0.5528872 0.7389274 1.2818994 1.2886570 0.8790784 1.2893432 1.2987444 1.2959476 1.2945566 1.3140579 1.5777134 1.5652413 1.5686576 1.6819422 1.5162159 1.5019347 1.4304846 0.6522331 1.3243726 1.4613451 1.6196920 2.1149608 1.8435279 1.6712080 1.3920760 1.6137168 3.4590040 1.5855456 2.4096444 3.1240069 2.6635724 2.6263213 2.4249861 2.5193380 3.7652727 3.8030090 2.7074850 3.5974161 3.0549407 3.3613453 4.6484001 2.4970367 3.7017120 2.6488886 2.9752583 2.9746921 2.9743690 2.9005497 2.6690135 2.7103239 3.0411732 2.9280887 3.0042315 2.7298681 2.4632025 2.6843675 2.8891720 2.6858526 2.8435529 2.3766722 3.4768571 2.9420784 2.7800254 2.3962578 2.7888486 2.8989191 2.1251751 2.5640530 2.9741707 3.1101606 2.9937231 3.0984063 2.9776399 1.5669259 2.4354884 2.8079353 2.8808550 2.9666521 1.8736546 2.5515943 2.9390121 2.8122673 2.7213172 2.8210520 2.5387007 3.1660327 1.3666094 
Fspp_ffun1.m4.16841.m1                                         2.0552876 1.6780486 1.8254441 1.9368807 1.2820886 0.0000010 0.0000010 0.3038401 0.2031639 0.1920055 0.0000000 0.4290149 0.3250577 0.2649186 2.2801003 0.8160776 1.1706215 1.3015267 0.8500998 1.3019561 1.3191248 1.3087040 1.2958370 1.3039141 1.3011608 1.6794249 1.6805758 2.0024209 1.6980122 1.6932226 1.4244601 0.5768799 1.0945140 1.4264838 2.2381401 2.4637243 1.7647991 1.6462810 1.3569050 4.1582196 5.3004146 0.0000010 2.0339030 4.4190166 3.3283743 3.3248426 2.7136466 0.0000010 6.4296022 6.5738395 0.0000010 6.1726073 4.9781706 4.1965386 0.0000010 0.0000010 4.8764441 3.5358646 4.5702108 5.9981100 4.7705094 4.4601228 4.6527522 4.4590688 4.6606965 4.5902583 5.1123987 4.3915029 3.2664826 3.8628360 4.0319357 4.1653295 6.4038880 2.5975593 4.9376702 4.5728690 5.7213846 3.9911530 5.5941383 6.6271899 1.9913798 4.5362615 0.0000010 4.9847739 4.4705248 7.8981538 4.7580973 1.5709092 0.0000010 3.4262871 3.3900032 3.2946228 0.0000010 1.8945691 3.0932760 2.8281548 2.7598338 2.8729470 2.4250234 4.5104073 1.2419399 
Amil_Amillepora19877-RA                                        1.9416692 1.8156893 1.6864766 1.7641314 1.5362464 0.2406291 0.2939394 0.3415175 0.4203699 0.4198286 0.4290149 0.0000000 0.0847237 0.4574628 0.4965086 0.8594802 1.2803247 1.3392577 0.9043679 1.3338869 1.3578910 1.3729797 1.4269807 1.3754167 1.7295393 1.6531506 1.6373841 1.9258999 1.4657394 1.4800554 1.4645250 0.8443192 1.4218604 1.5614115 1.5697846 1.9503328 1.7676127 1.5926521 1.4537450 1.5401683 3.3937667 1.5485477 2.2154397 2.8006484 2.4590161 2.2470753 2.0266689 2.2158486 3.4421380 3.4647236 2.3849685 3.3156832 3.0803269 3.3589366 4.5791436 2.3425551 3.4123414 2.5255738 2.7841228 2.7862148 2.6959468 2.5637244 2.3754669 2.4775274 2.6271776 2.5546321 2.5853658 2.3944559 2.0387619 2.3387090 2.3777762 2.4218285 2.5158065 2.2158652 3.3933096 2.7195135 2.4627305 2.2445984 2.3816315 2.3843004 2.1336328 2.3649480 2.7511766 2.6960239 2.4650832 2.5517444 2.6927643 1.5818218 2.1633977 2.7878080 2.8007772 2.9527586 1.8617472 2.4647522 3.1134090 3.0138112 2.8212857 2.9210870 2.4329115 2.7260963 1.5044214 
Adig_XM_015896926.1                                            1.7539320 1.7627292 1.5497120 1.7489994 1.4418758 0.2498469 0.2709037 0.3732428 0.3761291 0.3898881 0.3250577 0.0847237 0.0000000 0.5338965 0.5808316 0.8472767 1.2780965 1.2699047 1.0136172 1.2597552 1.2616277 1.2591825 1.4177925 1.2455305 1.5592417 1.5383025 1.5445902 1.6391251 1.3395236 1.3307134 1.3554270 0.7259182 1.2672945 1.4761013 1.6483669 1.8882645 1.6557699 1.5313291 1.3362146 1.5372933 3.2833235 1.5909576 1.9385775 2.9432824 2.3847952 2.2460894 1.8266126 1.7649279 3.3592706 3.3839410 1.6486022 3.3361298 2.8158089 3.2237064 8.3057864 2.1524081 3.3217759 2.4792294 2.5360222 2.5269591 2.5412073 2.4218777 2.3384095 2.4081488 2.4622980 2.4828937 2.5325666 2.2209387 1.9682678 2.2287028 2.3106639 2.3077733 2.5814480 1.8786487 3.0310770 2.4145456 2.2185352 1.8697672 2.1480435 2.2041333 1.9730163 2.2986014 2.6406086 2.7229246 2.5225603 2.6535882 2.3047468 1.6189622 1.8105432 2.8459324 2.8072508 2.7854762 1.8617472 2.1846987 2.9431789 2.6890125 2.6797002 2.9340486 2.3477363 2.5259452 1.3489980 
Gasp_gasp1.m3.10136.m1                                         2.5979079 1.9112706 2.0873379 2.2239950 1.3546995 1.5966031 1.5966031 0.3653078 0.3715311 0.3648684 0.2649186 0.4574628 0.5338965 0.0000000 1.5045645 0.9396700 1.4033965 1.6273516 1.2185920 1.6315093 1.6497133 1.6383584 1.6238102 1.6414579 1.6071567 1.9826734 1.9706159 1.8665846 2.0141282 2.0165738 1.7319967 0.5948739 1.4048168 1.7146567 2.2381401 2.4869180 2.1279953 1.6643544 1.3901453 4.4141174 6.4728022 0.0000010 2.0366586 5.7380956 4.2840449 3.5766027 3.3945148 9.0000000 8.2574448 8.4757549 9.0000000 7.6735606 6.2708722 5.2365430 6.6233130 9.0000000 5.7165220 3.9708047 6.8360885 7.7097344 6.8047221 6.2864638 6.7674997 6.7665981 6.2436629 6.3385338 7.5615494 5.8671136 4.0359279 4.6994554 4.0460397 5.0240360 6.9384795 3.1312051 6.2113868 5.6710657 6.2502308 5.3304702 7.6209136 6.0970526 2.4165501 5.0110432 3.5292074 5.2374481 4.8785624 8.9999988 7.2105812 1.5864873 2.4164093 3.8416085 3.8069483 3.5609292 0.0000010 4.5913456 3.5520792 3.1057058 2.9735341 3.1735249 2.4498347 5.2259109 1.4567423 
Nvec_v1g152630                                                 2.7569582 4.6902520 0.9752621 1.0925246 0.0000010 0.4428598 0.4782839 0.5295220 0.4662541 0.5528872 2.2801003 0.4965086 0.5808316 1.5045645 0.0000000 0.1060738 0.5864051 0.6650458 0.5658458 0.6394950 0.6394950 0.6172847 2.2387953 0.6307070 3.7977966 0.7441505 0.7512554 2.1995485 0.6228283 0.6228283 0.6548801 2.5351646 0.8699952 0.8016060 0.7292582 0.9526187 0.9551756 1.0700052 0.8262646 0.8314402 1.5094728 1.3611523 1.5916721 1.4603230 1.3545072 1.6584466 1.4088240 1.7513088 1.7510274 1.7510274 1.7513088 1.9786798 2.1502494 2.0060744 8.9999984 2.1323940 2.1672342 2.0610722 1.2565642 1.3042878 1.3281368 1.2172633 1.2004353 1.2004353 0.9507141 1.2713620 1.2271188 1.2730497 1.2602288 1.3519302 1.0802979 1.0487855 1.0887963 1.1991120 2.9611503 2.5231209 1.8801501 1.6820555 1.8322889 1.8615817 1.4972870 1.5959855 2.3410289 1.1271168 1.0161825 1.0434448 1.4149721 1.8938803 1.8976839 1.9815094 2.1264475 2.3764844 1.5169632 2.3468098 2.9931554 4.5528586 9.0000000 6.2268735 8.0954324 1.7422151 0.9960464 
Nvec_v1g241218                                                 2.5088012 2.0990864 1.8640563 1.9088984 0.9197265 0.6867502 0.7111581 0.7640013 0.7244915 0.7389274 0.8160776 0.8594802 0.8472767 0.9396700 0.1060738 0.0000000 1.3381740 1.3891449 0.7225264 1.4748828 1.5076867 1.4952233 1.6412132 1.5051504 1.9696978 1.6471378 1.6486526 1.6844341 1.5779792 1.5498445 1.5255303 0.6938939 1.4792285 1.7194572 1.0659507 1.9344620 1.8650014 1.8705012 1.6311848 1.2528696 2.3640210 1.7980554 2.6425498 2.7067792 2.2580104 2.4080409 2.7031685 2.6940810 3.5247133 3.5718379 2.7904654 3.2821081 3.1604144 3.3078655 3.8837607 2.6415567 3.3285012 2.6433286 2.5065818 2.4845643 2.8016200 2.7379594 2.1455297 2.4356027 2.6059332 2.8163276 2.7122059 2.6194085 2.5485249 2.4418809 2.7264922 2.5659134 2.6145911 2.5147257 4.1937487 3.2444468 2.9017877 2.7390111 2.9943748 3.0239871 2.1155722 2.6788726 2.9836151 2.6320712 2.5838797 2.8131446 3.2736452 1.6072294 3.2663632 2.9341226 3.0434471 2.7784038 1.8329105 2.5575393 2.7801865 2.8242843 2.1721587 2.8224818 1.9832951 2.7052227 1.6845484 
Skow_XM_002730642.2                                            2.0414696 1.6821717 1.6128625 1.8128537 1.5014105 1.3072200 1.3639194 1.3510539 1.2717291 1.2818994 1.1706215 1.2803247 1.2780965 1.4033965 0.5864051 1.3381740 0.0000000 1.0116607 1.4240431 1.2590449 1.2844276 1.3070402 1.2082708 1.2657468 1.4939029 1.3332077 1.3257233 1.6577711 1.4718383 1.4729821 1.4100066 1.3640611 1.6070282 1.4016840 1.6987330 2.1764658 1.9611031 1.9078364 1.2486189 1.7552709 3.1875510 1.7161221 2.5593352 3.2854385 3.0712289 3.1266446 2.5988100 2.4524592 3.8528357 3.8867897 2.4165643 3.5802705 3.0849206 3.2740818 3.5771422 2.7872471 3.5569028 2.5918703 2.7567993 2.8457989 2.8785871 2.7006097 2.5948483 2.5599619 2.7542698 2.7747598 2.8735302 2.6266845 2.0657881 2.4874843 2.5510900 2.3398473 2.7204227 2.1502928 4.1576450 3.3330009 2.9455137 2.6437417 3.0127388 3.1273106 2.2370739 2.9610182 2.7639013 2.9913009 2.8459977 3.1365855 2.7153132 1.5388800 3.0618578 3.0185870 3.1056075 3.0441208 1.7443246 2.7337259 3.0992017 2.9952374 2.7784156 2.7666788 2.5018444 3.1864375 1.1586709 
Bralan_BLAG01000804_1                                          1.6836273 1.9062335 1.8557396 1.9497944 1.4496221 1.0942221 1.2771320 1.3734153 1.2695875 1.2886570 1.3015267 1.3392577 1.2699047 1.6273516 0.6650458 1.3891449 1.0116607 0.0000000 1.4950586 1.3298183 1.3623427 1.3845235 1.3901196 1.3321285 1.5583096 1.6175154 1.6026308 2.7984122 1.5220843 1.5121425 1.4808487 1.6662569 1.6882602 1.3828582 1.5208488 2.2437035 2.0525329 1.9792257 1.2723922 1.5612758 3.6523571 1.8826826 2.7823787 3.2923645 2.8324307 2.7293153 2.5171189 2.7471696 3.8463791 3.8801110 2.9326115 3.7079289 3.2066906 3.7838898 4.5463347 3.0755230 3.3198417 2.9846560 2.9217862 3.0565382 2.9872699 2.8877977 2.7069257 2.7442336 2.9603316 2.9258014 2.8868152 2.8096733 2.4450978 2.7263268 2.9570160 2.6504438 3.0585540 2.4014113 3.8622573 3.2618412 3.0499088 2.6626324 3.0306319 3.2615527 2.3330381 2.8483595 3.1196165 2.9346529 2.8714860 3.1342949 2.8054170 2.0691665 2.9398050 2.8857254 3.0716140 3.1129897 1.7263630 2.6762537 3.2426420 2.9955778 2.8333913 2.8810647 2.5817571 3.0396142 1.1554043 
Exapal_XM_021055554.2                                          2.2474856 2.2865557 1.7706128 1.9080067 0.0000010 0.9174837 0.8863499 0.8502759 0.8862325 0.8790784 0.8500998 0.9043679 1.0136172 1.2185920 0.5658458 0.7225264 1.4240431 1.4950586 0.0000000 1.5784823 1.5926409 1.5967896 1.7061572 1.5398481 2.1538803 1.6355098 1.6324059 0.0000010 1.7104160 1.6908325 1.6165115 1.7089382 1.7860470 1.7251079 1.7714507 2.1638799 2.1724797 2.1228647 1.6761032 1.7118766 2.5404329 1.6060598 2.7354977 2.3708302 2.6521861 2.2922255 2.3355465 2.7484659 3.1499726 3.1499726 2.9411929 2.9949156 3.0657297 3.0063994 3.9108059 2.5295024 3.2109912 2.1799547 2.9861383 3.0178395 3.0847253 2.9859461 2.4433253 2.7150671 2.9430889 2.8945655 2.8177344 2.6240967 2.3371781 2.6999058 2.7531272 2.3030457 2.5988827 2.7463743 4.1193388 3.4899270 2.9506266 2.8972568 2.9647024 2.9889462 2.5339410 2.2026256 2.7884799 2.6621854 2.9662301 2.6063802 2.7429708 0.0000010 3.0640716 2.8092724 2.9826426 2.9714658 1.8586164 2.6943915 2.9850687 2.9807747 2.9136693 2.8796061 0.0000010 2.6058998 1.7934174 
HoiH23_PlH23_003914-RA                                         2.0355527 1.7681341 1.5371345 1.7705320 1.2339821 1.0844920 1.4147234 1.3885296 1.2840996 1.2893432 1.3019561 1.3338869 1.2597552 1.6315093 0.6394950 1.4748828 1.2590449 1.3298183 1.5784823 0.0000000 0.0233852 0.0680598 0.0832237 0.1308903 0.2634170 1.5904489 1.5757292 1.4112310 1.3300308 1.3329420 1.3027428 1.4392969 1.5224492 1.5775521 1.5697734 2.5228123 2.1514615 2.0737127 1.4464079 1.5969211 3.0078753 1.6673208 2.7192261 3.0416728 2.8828245 2.6912149 2.4655898 2.3144961 3.5220608 3.5484528 2.5487072 3.7956713 2.9253984 3.5255501 4.4459785 2.2517408 3.3693634 2.4863163 2.5417427 2.6125041 2.6316918 2.5651404 2.3666477 2.4935541 2.6672919 2.5671696 2.6575415 2.6833517 2.3990813 2.5329132 2.7530445 2.4591028 3.0294740 2.6115720 3.7405205 3.1295519 3.1295838 2.6083777 3.0182333 3.2306954 2.3553436 2.5636533 2.3552803 3.2270586 3.1274834 3.1354637 2.9826295 1.3572945 2.3535634 2.6864789 2.8282782 2.9356559 1.7251196 2.6693500 3.0293391 2.8059062 2.5280841 2.6771925 2.1005927 3.0760916 1.4936183 
HoiH06_mRNA1890                                                2.1655026 1.8302976 1.5821302 1.8214073 1.3050077 1.1091269 1.4718177 1.4117776 1.2971246 1.2987444 1.3191248 1.3578910 1.2616277 1.6497133 0.6394950 1.5076867 1.2844276 1.3623427 1.5926409 0.0233852 0.0000000 0.0653580 0.0726752 0.1354544 0.2677483 1.6431405 1.6314942 1.4817852 1.3576408 1.3613758 1.3508429 1.4494476 1.5363710 1.5963568 1.6002783 2.5403232 2.1874505 2.0863560 1.4902678 1.6443990 3.0955971 1.6673208 2.7875241 3.0775855 2.9163075 2.7102287 2.4914601 2.3229004 3.5369845 3.5660495 2.5608573 3.8034126 2.9738739 3.5960932 4.6323662 2.2827061 3.4185888 2.5172108 2.6098638 2.6864900 2.6986186 2.6254598 2.4361742 2.5578642 2.7396822 2.6223343 2.7360920 2.6903996 2.4217233 2.5355071 2.7595569 2.4862153 3.0378616 2.6325413 3.8282763 3.2020288 3.1155257 2.5997037 3.0014768 3.2109818 2.4238085 2.5957374 2.3462803 3.2483243 3.1640538 3.1714795 2.9600917 1.4051824 2.4206041 2.7148419 2.8762780 3.0021265 1.7385618 2.7080312 3.0882822 2.8170898 2.5148727 2.6991472 2.1462237 3.0812701 1.5195090 
Hhon_g06455.t1                                                 2.2521919 1.8230888 1.5955400 1.7926841 1.3042573 1.1166749 1.4470436 1.3916011 1.2919824 1.2959476 1.3087040 1.3729797 1.2591825 1.6383584 0.6172847 1.4952233 1.3070402 1.3845235 1.5967896 0.0680598 0.0653580 0.0000000 0.0165781 0.1489313 0.2772621 1.6523195 1.6433218 1.5775193 1.3752786 1.3792525 1.3465205 1.4597261 1.5446281 1.6082213 1.6267164 2.6161276 2.2290630 2.0766293 1.4813838 1.6590658 3.0704722 1.7714907 2.9054649 3.0545534 2.9361208 2.6957869 2.4706503 2.4154992 3.6259562 3.6557294 2.6630089 3.9206930 2.9804476 3.6389535 4.6593731 2.3814911 3.4537150 2.5152312 2.5750181 2.6549084 2.6755303 2.6026215 2.4032955 2.5827503 2.6955460 2.6021687 2.7560931 2.6734137 2.4300797 2.5326415 2.7699190 2.4896238 3.0573917 2.6505484 3.7349556 3.1974635 3.2110387 2.6962493 3.1003846 3.3148301 2.3952602 2.6899644 2.4540288 3.1495005 3.2014269 3.3239500 3.0532909 1.4457209 2.3568281 2.7281713 2.8421981 2.9814464 1.7302763 2.6196413 3.0412264 2.7461632 2.4929873 2.6617616 2.1447209 3.1329308 1.4881232 
HoiH04_mRNA4716                                                2.1989220 1.7333611 1.8113635 1.9443527 1.2912194 0.0000010 9.0000000 1.4420022 1.3063148 1.2945566 1.2958370 1.4269807 1.4177925 1.6238102 2.2387953 1.6412132 1.2082708 1.3901196 1.7061572 0.0832237 0.0726752 0.0165781 0.0000000 0.1696075 0.1633574 1.7838075 1.7733203 1.5439106 1.4249578 1.4413301 1.3706243 1.5013302 1.4824271 1.6084234 3.9464784 2.7668272 2.1684285 2.1569635 1.4606393 3.8482429 5.0683223 0.0000010 3.1891255 4.4598062 3.9761914 3.5170085 3.4813481 0.0000010 6.4698104 6.6265270 0.0000010 7.2385354 6.6322290 7.9954181 9.0000000 0.0000010 5.1506796 2.9660002 4.5897141 4.4661313 5.4375331 5.4548788 4.7060866 4.9664815 5.0892089 4.6187669 5.0286219 4.4061217 4.1718284 4.4336093 4.7488231 3.8760422 6.2297152 3.6546969 5.8034804 5.5568253 8.9999986 6.4152855 6.9570009 8.9999989 2.4849105 5.5267614 0.0000010 5.8452671 5.9478679 7.9762416 5.9043613 1.4298216 0.0000010 3.0917114 3.0307916 3.1186075 0.0000010 2.5861363 3.1042734 2.6371242 2.4786210 2.7583532 2.1432952 4.9874279 1.5072302 
Tadh_TriadT56986                                               1.9669007 1.8596042 1.5654284 1.8411862 1.2312656 1.0832487 1.4442202 1.3996884 1.2941891 1.3140579 1.3039141 1.3754167 1.2455305 1.6414579 0.6307070 1.5051504 1.2657468 1.3321285 1.5398481 0.1308903 0.1354544 0.1489313 0.1696075 0.0000000 0.1120735 1.6028334 1.5823059 1.3953211 1.3257094 1.3284975 1.2986642 1.4250114 1.5922728 1.6168858 1.5447673 2.5114588 2.1480166 2.1001675 1.4382007 1.6299186 3.0337402 1.6933617 2.9160388 3.0957227 2.9879759 2.8158322 2.4126061 2.4484786 3.7031249 3.7314617 2.8004799 3.7902981 2.9433277 3.6793482 4.9645738 2.2651058 3.3869619 2.4448969 2.4382180 2.4922067 2.6716658 2.4984954 2.4309924 2.4566556 2.6182614 2.5773438 2.6576546 2.5245995 2.3638354 2.5289751 2.7495845 2.4340068 3.0643464 2.5584958 3.5273862 2.9867256 3.0488881 2.5343735 2.9979291 3.2036796 2.3045971 2.6065935 2.3266076 3.3093809 3.1502667 3.1145658 2.7315332 1.4564847 2.5063763 2.6772626 2.8656655 3.0514687 1.7510541 2.7203156 3.1911226 2.9957911 2.7566570 2.7295161 2.2300975 3.0916589 1.4322653 
TrH2_TrispH2_004284-RA                                         2.1136099 1.7277381 1.9389402 2.1367281 1.2670730 3.5090188 3.3275099 1.7196635 1.5696954 1.5777134 1.3011608 1.7295393 1.5592417 1.6071567 3.7977966 1.9696978 1.4939029 1.5583096 2.1538803 0.2634170 0.2677483 0.2772621 0.1633574 0.1120735 0.0000000 1.9099119 1.8889258 1.5029190 1.6704861 1.6868007 1.6220203 1.5079926 1.8687617 1.8903960 4.3970513 3.0880483 2.4936909 2.0942318 1.7339151 4.5045940 5.3550611 6.0861536 4.4198415 5.9417647 5.9299809 5.0244745 4.5503668 6.0554263 6.1930350 6.2521716 6.4332795 5.9921153 5.9879336 6.3074487 5.4443771 5.9622563 5.3994176 6.0125086 4.7332277 5.1109479 5.2667634 4.9894385 5.0699244 4.8164697 4.9375935 4.9023950 5.1837964 4.2383055 4.3343462 4.2384801 4.8335216 3.7613580 5.9423812 4.8606946 5.3509575 4.9779157 5.7583483 4.9473008 5.5927182 6.3037792 2.5880847 5.7353681 5.4666941 6.0617083 5.7986808 5.8891266 5.3944701 1.4576437 6.9209723 3.2031296 3.3887742 3.4783641 6.0240478 3.6807648 3.2848766 2.9972232 2.5064370 2.6603989 2.1180755 5.6297412 1.5575295 
Spur_XM_030995449.1                                            2.2489453 2.0889207 1.8297518 2.0391008 1.3346565 1.3739060 1.4807124 1.6469204 1.5595146 1.5652413 1.6794249 1.6531506 1.5383025 1.9826734 0.7441505 1.6471378 1.3332077 1.6175154 1.6355098 1.5904489 1.6431405 1.6523195 1.7838075 1.6028334 1.9099119 0.0000000 0.0091200 2.1071836 1.6972761 1.6966076 1.6066910 1.6430097 2.0397136 1.6473978 1.8999622 2.6418059 2.2508435 2.2723229 1.7839578 2.0157304 3.2327986 1.4786638 2.8935170 3.3439612 2.9389027 2.9843708 2.4686703 2.7022341 4.1678961 4.2050822 2.9077018 4.1785156 3.4190870 3.9586784 5.4408198 3.0403697 4.0241340 2.8946500 2.3646510 2.3531192 2.7356610 2.5815476 2.3928675 2.4377714 2.5961487 2.5936191 2.6585981 2.9941545 2.7005561 2.8534026 2.8002121 2.7306907 2.9594450 2.2870932 4.0896947 3.1914252 2.9215086 2.5688032 2.9123347 3.0225923 2.4714883 2.5844446 2.7358995 2.7892518 2.9236708 2.9667564 2.6413452 1.6232211 3.2126007 3.1473836 3.2628530 3.1208263 1.9938739 2.9237656 3.2752953 3.1430824 2.8645613 3.0478071 2.3321196 3.2212611 1.6057758 
Spur_XM_030995467.1                                            2.1940113 2.0677744 1.8180206 2.0264342 1.3129691 1.3783936 1.4688712 1.6469019 1.5629086 1.5686576 1.6805758 1.6373841 1.5445902 1.9706159 0.7512554 1.6486526 1.3257233 1.6026308 1.6324059 1.5757292 1.6314942 1.6433218 1.7733203 1.5823059 1.8889258 0.0091200 0.0000000 2.0218878 1.7022868 1.7042010 1.5925218 1.6407967 2.0397109 1.6505035 1.8934292 2.6167766 2.2356913 2.2558545 1.7681607 2.0341954 3.2630791 1.4786638 2.9090795 3.3176013 2.9585373 2.9979500 2.4358126 2.6936509 4.1552373 4.1922789 2.8938848 4.1958903 3.3795754 3.9213186 5.3197392 2.9808955 3.9931086 2.9052285 2.3611471 2.3603392 2.7507430 2.5954600 2.4229451 2.4498768 2.6080111 2.6200886 2.6721324 2.9773601 2.6394129 2.8218150 2.7709506 2.7231641 3.0040361 2.2625881 4.0447377 3.1725021 2.9649295 2.5909979 2.9818962 3.0877357 2.4470960 2.6248462 2.7189534 2.7532073 2.9461895 2.9424071 2.6239607 1.6562539 3.1825484 3.1492655 3.2509706 3.1283101 2.0163054 2.9127306 3.2459854 3.1020592 2.8435946 3.0343275 2.3026651 3.2385578 1.5980758 
Opea_EP00118_Oscarella_pearsei_P010907                         0.0000010 2.2157912 2.8225987 2.2794859 2.1747864 0.0000010 0.0000010 2.0261699 1.6882138 1.6819422 2.0024209 1.9258999 1.6391251 1.8665846 2.1995485 1.6844341 1.6577711 2.7984122 0.0000010 1.4112310 1.4817852 1.5775193 1.5439106 1.3953211 1.5029190 2.1071836 2.0218878 0.0000000 0.1020386 0.1020386 0.8482791 1.7969162 1.8166045 1.9112314 0.0000010 2.1655033 1.7580869 1.9739614 2.4237143 2.3531958 2.1401752 0.0000010 1.7384123 2.9448282 3.0805923 2.2180050 4.3672442 0.0000010 9.0000000 9.0000000 0.0000010 8.9999983 9.0000000 9.0000000 0.0000010 0.0000010 9.0000000 0.0000010 7.2891911 6.1017637 6.7395827 6.0708591 8.0739170 8.0739170 7.7604738 8.6197114 7.3785058 7.8300667 7.0008825 7.7345135 6.9499380 4.3674210 7.3793090 2.7949486 8.9999984 8.9999988 8.9999981 8.9999989 8.9999980 8.9999990 2.6928123 3.4117875 0.0000010 4.0670753 6.6378127 8.9999989 4.2036476 1.6949309 0.0000010 3.3975819 3.5413903 3.2156727 0.0000010 0.0000010 3.1284785 2.8069349 2.3937658 3.4045092 1.9952764 5.3992037 1.4457381 
Opea_EP00118_Oscarella_pearsei_P010908                         1.8944032 1.8778456 1.6047176 1.6438397 1.2005934 1.2224147 1.4610070 1.5584122 1.4733927 1.5162159 1.6980122 1.4657394 1.3395236 2.0141282 0.6228283 1.5779792 1.4718383 1.5220843 1.7104160 1.3300308 1.3576408 1.3752786 1.4249578 1.3257094 1.6704861 1.6972761 1.7022868 0.1020386 0.0000000 0.0121398 0.6226071 1.7470781 1.8181259 1.6872493 1.4631645 2.3138656 2.0815602 1.9223688 1.6526658 1.3831848 3.1604270 1.2987574 2.5228451 3.0037125 2.4372604 2.4879185 2.4768293 2.1333167 3.2494939 3.2730636 2.3290080 3.4882287 2.8611923 3.4939582 5.2343828 2.1164168 3.2775328 2.1426540 2.7710212 2.7367040 2.7047044 2.5860937 2.6156403 2.6685442 2.8077036 2.5105135 2.6631086 2.6585107 2.4529801 2.6693861 2.7365221 2.4311067 2.8216776 2.3321850 3.2539493 2.7093607 2.7010498 2.3453043 2.6423167 2.8752377 2.1748028 2.8167253 2.3721032 2.9671380 2.8930662 2.7631858 2.6351698 1.7092106 2.3951190 2.8254261 2.9271436 3.2102550 1.7564025 2.9820921 3.2615456 2.8437091 2.5800299 3.0192724 2.1034229 2.8328234 1.6749713 
Ocar_g9594                                                     1.8944032 1.8834510 1.5821050 1.6146195 1.2005934 1.1035716 1.4086401 1.5577647 1.4643344 1.5019347 1.6932226 1.4800554 1.3307134 2.0165738 0.6228283 1.5498445 1.4729821 1.5121425 1.6908325 1.3329420 1.3613758 1.3792525 1.4413301 1.3284975 1.6868007 1.6966076 1.7042010 0.1020386 0.0121398 0.0000000 0.6456005 1.7722069 1.8107550 1.6818965 1.4631645 2.2853503 2.0927991 1.9644480 1.6006209 1.3831848 3.0737287 1.2987574 2.5228451 2.9967522 2.4083735 2.5179883 2.3788595 2.1198794 3.2950256 3.3197390 2.3205043 3.4663106 2.8543033 3.4126377 5.1267006 2.1366169 3.3074068 2.1426540 2.7723665 2.7226082 2.6563450 2.5642119 2.5770602 2.6534517 2.7926010 2.5340689 2.7342923 2.6618902 2.4508970 2.6383406 2.6991722 2.4081861 2.7772182 2.2854362 3.1073595 2.5841445 2.5640549 2.2183339 2.4938962 2.7245584 2.1956316 2.7478018 2.3721032 2.9707513 2.8976773 2.7432499 2.5787448 1.7092106 2.3058327 2.8317606 2.9250434 3.1819886 1.7564025 2.9337538 3.2651737 2.8490776 2.5800299 3.0338893 2.1034229 2.8182198 1.6840628 
Plajan_Pjan_scaffold23738_01                                   1.8646944 1.8520724 1.5734645 1.6638850 1.3120036 1.1396039 1.4335544 1.4842444 1.4291392 1.4304846 1.4244601 1.4645250 1.3554270 1.7319967 0.6548801 1.5255303 1.4100066 1.4808487 1.6165115 1.3027428 1.3508429 1.3465205 1.3706243 1.2986642 1.6220203 1.6066910 1.5925218 0.8482791 0.6226071 0.6456005 0.0000000 1.4073325 1.7707209 1.6341017 1.4054945 2.3081407 1.9860165 1.9266868 1.6492493 1.5424749 3.0153067 1.5882408 2.8469754 3.0297613 2.7764085 2.6562917 2.6028465 2.0996163 3.2503195 3.2824969 2.3711393 3.3503623 2.9507854 3.5352937 5.3122222 2.1979051 3.3384738 2.3420130 2.5528046 2.5708176 2.4991800 2.4413142 2.2623342 2.2699819 2.4411825 2.2770721 2.7007056 2.5651514 2.4312302 2.3658406 2.5540032 2.6077273 2.7821922 2.2319625 3.3307006 2.8799560 2.6596501 2.3199028 2.6556350 2.8536943 2.1498729 2.7974377 2.3705148 2.8370847 2.7139799 2.8039042 2.4585832 1.7228257 2.4935536 2.8928483 3.0209846 3.0765053 1.6598325 2.7967417 3.1167632 2.9997112 2.8517812 2.8706909 2.3031590 3.0918729 1.5865881 
Exapal_XM_021037779.2                                          6.4390444 1.5808232 1.6394344 1.6887791 1.3525260 1.4065151 1.7369423 0.6896511 0.7009854 0.6522331 0.5768799 0.8443192 0.7259182 0.5948739 2.5351646 0.6938939 1.3640611 1.6662569 1.7089382 1.4392969 1.4494476 1.4597261 1.5013302 1.4250114 1.5079926 1.6430097 1.6407967 1.7969162 1.7470781 1.7722069 1.4073325 0.0000000 1.2971876 1.6347888 1.5104770 2.2124680 1.6323201 1.3835818 1.3879049 1.8076348 4.8203740 2.5283039 4.2487702 3.8338268 2.7933130 3.2241036 3.2976428 2.9942894 5.6545047 5.8693473 2.3272156 5.1519640 4.0297441 3.6794807 9.0000000 3.7487451 4.6082443 3.4415877 5.9413299 4.8786025 5.8481560 5.3852061 5.3320827 4.8083138 5.4566902 5.9124690 5.0958269 3.0854472 2.8508935 4.6528963 3.4600118 4.3830132 4.5854851 2.7775523 4.2800921 3.8868508 4.8001597 3.8722482 4.6853022 5.1910236 1.7373770 3.0383806 2.0545007 2.8965886 3.8966521 4.4578236 3.6030953 1.7683221 1.8291053 3.0109721 2.9499722 2.9525182 2.5564607 4.0997644 2.7990646 2.4297827 2.4467003 2.6902299 2.1170037 3.1213736 1.4090155 
Dgig_XM_028555772.1                                            2.2812402 2.0728629 2.0523254 2.0798800 1.4191806 1.4670266 1.6841922 1.3838526 1.3464420 1.3243726 1.0945140 1.4218604 1.2672945 1.4048168 0.8699952 1.4792285 1.6070282 1.6882602 1.7860470 1.5224492 1.5363710 1.5446281 1.4824271 1.5922728 1.8687617 2.0397136 2.0397109 1.8166045 1.8181259 1.8107550 1.7707209 1.2971876 0.0000000 1.8520776 1.8899455 2.5177426 2.2314291 1.9713814 1.7310984 1.7756444 3.4369532 1.6953591 2.4062826 3.2188068 2.6877336 2.7661727 2.8504032 2.2080954 3.3361129 3.3674351 2.3636530 3.4785294 2.8532642 3.2407020 4.1557852 2.7454532 3.6138046 2.4871029 3.0705538 3.0462369 3.0979421 3.0433699 2.9213026 3.0037051 3.1605134 3.0069539 2.8618152 3.1414506 2.5201747 2.7257494 2.9290703 2.5799925 3.1836891 2.3040427 3.5081375 3.0917586 2.8776290 2.6976635 2.9229292 3.0534695 2.3887442 2.6244899 2.7030471 3.4494838 3.2883324 3.4467375 3.4620711 1.6640767 2.6743187 2.9055260 3.0732832 3.0909270 2.1185890 2.7206292 3.1147691 3.2061842 2.9567264 2.6918189 2.3314654 3.2598483 1.5945765 
Hsap_ENST00000367682                                           1.8101442 2.1228115 2.0503259 2.0107544 1.7115116 1.1461930 1.3789538 1.5170244 1.4337316 1.4613451 1.4264838 1.5614115 1.4761013 1.7146567 0.8016060 1.7194572 1.4016840 1.3828582 1.7251079 1.5775521 1.5963568 1.6082213 1.6084234 1.6168858 1.8903960 1.6473978 1.6505035 1.9112314 1.6872493 1.6818965 1.6341017 1.6347888 1.8520776 0.0000000 1.4325894 2.1562374 2.0644165 2.0581862 1.4613571 1.4884996 3.1615140 1.3847498 2.8105244 3.2779985 2.8397677 2.9001524 2.9003252 3.0095189 3.9899732 4.0110083 3.5354583 4.1525813 3.3898943 4.3756050 6.3764364 3.2413659 3.7298708 2.7585590 2.8352008 3.0343763 2.7857621 2.8240610 2.3586151 2.5002848 2.8671518 2.8458604 3.0536385 2.9818580 2.9348455 2.8034341 2.9965817 2.6854693 3.1307993 2.5103645 3.6119866 3.0590370 3.2411023 2.8833551 3.0912892 3.3282157 2.4579745 2.7491805 2.0935001 3.3933779 3.5558448 3.1703953 2.9326030 1.6756691 2.3656979 2.7024552 2.8462122 2.9232179 1.4552420 2.7613215 2.9606626 3.0018756 2.9175863 2.9228177 2.5177575 3.3542908 1.3765751 
Aaur_scaffold692.g3.t1                                         1.8575033 4.8973042 1.6402731 1.6754962 1.3804334 1.5085401 1.6009476 1.4681000 1.5059537 1.6196920 2.2381401 1.5697846 1.6483669 2.2381401 0.7292582 1.0659507 1.6987330 1.5208488 1.7714507 1.5697734 1.6002783 1.6267164 3.9464784 1.5447673 4.3970513 1.8999622 1.8934292 0.0000010 1.4631645 1.4631645 1.4054945 1.5104770 1.8899455 1.4325894 0.0000000 0.2851939 0.3278702 1.4037088 1.5664933 1.0558702 2.6791209 1.7301123 2.3943710 2.3305156 2.2605395 2.0022976 2.0531503 2.6239039 2.6107873 2.6107873 2.1583671 2.9353523 2.9288821 2.6861204 8.9999981 2.4903041 3.0573229 2.1459603 2.0912083 2.1245967 2.2676228 2.2269290 2.1693381 2.2336648 2.3140709 2.0213315 2.2710853 2.1233067 2.2349216 2.0635244 1.9239930 2.2047745 2.0139765 2.3279374 3.3292991 2.9910478 2.7403737 2.5952518 2.5967503 2.6287720 2.6257575 2.2226890 3.2955324 2.2895120 2.5825149 2.3308854 2.0793724 0.0000010 2.3158666 2.3190687 2.3159132 2.5341938 2.3578084 2.3033963 2.8534514 3.9879279 3.9960581 3.1653102 2.6367152 2.7447734 1.0909844 
Nemnom_g4569.t1                                                2.7457225 2.7740639 2.6127183 2.6260098 3.1400045 1.8017142 2.3497346 2.0691825 2.0667357 2.1149608 2.4637243 1.9503328 1.8882645 2.4869180 0.9526187 1.9344620 2.1764658 2.2437035 2.1638799 2.5228123 2.5403232 2.6161276 2.7668272 2.5114588 3.0880483 2.6418059 2.6167766 2.1655033 2.3138656 2.2853503 2.3081407 2.2124680 2.5177426 2.1562374 0.2851939 0.0000000 0.3433763 0.7784500 2.1830009 1.1578641 3.5748020 1.7038900 3.0786304 3.1940122 3.3696466 3.2799401 3.1484625 3.6759664 4.2760132 4.2760132 3.7031910 4.5278562 4.1065607 4.0941931 6.4129567 3.4889410 4.1713209 2.7964637 3.5472065 3.5295511 3.3895866 3.4344848 3.1524412 3.2435899 3.5385152 3.4439591 3.5042320 3.2952749 3.5664591 3.0588014 3.1580586 3.3073401 3.0610401 2.8147323 5.0115709 4.1434032 4.0375741 3.7041407 4.0541532 4.1010376 2.0526383 3.1117420 3.0768808 3.1962029 3.9386212 3.5718189 3.3331861 2.4570310 3.4473210 3.2219870 3.4595814 3.5153402 2.1734295 3.0688969 3.5828840 3.9081294 3.6036301 3.3317473 3.2034449 3.6050265 2.2601995 
Rhoesc_Res_008587-T1                                           3.0175131 2.1919817 2.2365243 2.3044566 1.9397075 1.7047674 2.2008706 1.8444896 1.7897218 1.8435279 1.7647991 1.7676127 1.6557699 2.1279953 0.9551756 1.8650014 1.9611031 2.0525329 2.1724797 2.1514615 2.1874505 2.2290630 2.1684285 2.1480166 2.4936909 2.2508435 2.2356913 1.7580869 2.0815602 2.0927991 1.9860165 1.6323201 2.2314291 2.0644165 0.3278702 0.3433763 0.0000000 0.5440517 1.9841505 1.1472692 3.7702294 1.8150888 2.8864166 3.5402138 3.4838706 3.4120248 3.1065085 3.3127650 4.0957422 4.1328459 3.2986351 4.3416164 3.7243133 4.0078835 6.4035860 2.8978100 3.9612791 2.9094835 3.7862345 3.7840775 3.6179668 3.5885448 3.1813509 3.3987052 3.6710418 3.6227424 3.5631879 3.1426122 3.2165032 3.0814171 3.4468418 3.4050038 3.4495683 2.7564313 4.3934237 3.7723168 3.9387337 3.3087389 3.8724859 4.1669077 1.8016317 3.1753209 3.0134724 3.3783183 3.7340630 3.5579045 3.1788393 2.2648010 3.1245909 3.0262424 3.1357981 3.0881275 2.1228560 2.9679718 3.2170227 3.6060210 3.2993989 3.2991865 2.5354908 3.6232487 1.9769160 
