43
Lcom_lcpid54792                         0.0000000 0.6538287 0.6531329 1.4628570 2.9813987 3.5216760 2.8862074 2.1461330 2.5607396 2.4929457 2.6908859 2.1622243 2.2876394 1.9434982 2.1590817 2.2268626 2.1402306 2.6067347 2.4382385 2.1733868 1.9223469 2.0908374 2.0814913 2.2926514 2.1439568 2.2735181 2.1279235 2.8001673 2.7942573 2.6039364 2.5988386 2.6184395 2.4290577 2.4214437 2.9124212 1.4988385 3.4076436 3.1779486 3.1960749 3.0937482 3.0937482 2.9754995 3.0498097 
Gracom_Gcom_C555234_01                  0.6538287 0.0000000 0.4344580 1.4799175 2.7866099 3.2542360 2.6686503 2.2270343 2.3665413 2.3277262 2.3521812 2.0619851 2.2584023 1.9058845 2.1708289 2.1805859 2.0262080 2.3838193 2.2353077 2.0698915 1.8720791 1.9875608 2.0735815 2.1337818 2.2521337 2.1815863 1.9579914 2.5205035 2.8117858 2.4221809 2.6865510 2.5856706 2.4414321 2.4905266 2.7951392 1.3735622 2.8973947 3.3054931 3.3520862 3.0868005 3.0868005 3.0818317 3.1610723 
Scil_scict020356.1                      0.6531329 0.4344580 0.0000000 1.2594981 2.9107761 3.4651236 2.6606710 2.2384012 2.2400701 2.1946669 2.4021687 2.0053198 2.1064676 1.7734855 2.1468158 2.2441827 2.1608784 2.6100088 2.4393659 2.0584241 1.8041363 2.0035235 1.9336876 2.6032778 2.2554493 2.2481693 2.0095406 2.5954623 2.5770543 2.3661103 2.7254440 2.4800469 2.3854163 2.4080096 2.9368544 1.5442315 2.9506722 3.2582831 3.3071821 3.0976894 3.0976894 3.1397607 3.2487965 
Clacor_Ccor_scaffold1137_01             1.4628570 1.4799175 1.2594981 0.0000000 2.1195396 2.7867464 1.9705176 2.2219612 2.0807229 2.0267272 2.3103957 1.7538623 1.8772940 1.3196885 2.0778878 1.7913407 1.8727613 2.3352301 1.6942889 1.6709052 1.6184799 1.6223271 1.5486723 4.2455817 1.4812671 1.6182050 1.6932084 1.4070503 2.1295219 1.9806771 2.3455767 2.1390798 1.8256892 1.9721991 2.5225728 1.8032301 2.9265421 2.7076330 2.7103952 2.6037279 2.6037279 2.5070060 2.6602717 
Emue_Em0005g1310a.t1                    2.9813987 2.7866099 2.9107761 2.1195396 0.0000000 0.0979692 0.3047186 1.3454139 1.8142485 1.7839365 1.5642379 1.9321152 1.8659651 1.4818804 2.1365147 2.1570453 1.9751131 2.4946615 2.2066574 1.9637047 1.6679921 1.8569528 1.9367576 2.6293343 2.0511912 2.0995858 2.1487270 2.6900953 2.5102357 2.5757766 2.7827491 2.9664303 2.8763233 2.9879787 2.6731875 3.1975150 2.7553655 2.4517880 2.4539652 2.4207105 2.4207105 2.3264130 2.3937242 
Emue_Em0005g1318a.t1                    3.5216760 3.2542360 3.4651236 2.7867464 0.0979692 0.0000000 0.4801910 1.6862378 2.3821827 2.3478588 2.0007649 2.2995850 2.2425754 1.9625030 2.5153042 2.5929884 2.3136423 2.8255812 2.6397570 2.2195031 1.9191046 2.1067645 2.2553650 2.6293343 2.3934135 2.5215814 2.5066235 3.4274064 2.9380788 2.9954734 2.9846380 3.4504243 3.2441871 3.5208822 3.2185638 3.3463841 3.3478069 3.1354969 3.1429531 3.0923431 3.0923431 2.8811055 2.8443401 
Spolac_c96672_g1_i2_m.13501c96672-g1NA  2.8862074 2.6686503 2.6606710 1.9705176 0.3047186 0.4801910 0.0000000 1.2676598 1.6769330 1.6525971 1.5845461 1.7452594 1.8889477 1.4084439 1.9219919 1.9975371 1.7966177 2.4268134 2.2447216 1.8990862 1.5578387 1.7543158 1.8588991 2.5354236 1.8422818 1.9467743 2.0586257 2.6103068 2.3883827 2.4275136 2.7956063 2.7099362 2.7353396 2.8274538 2.7056165 2.8871534 2.5832511 2.4473187 2.4406332 2.4469563 2.4469563 2.2961501 2.3617544 
Tetwil_g7462.t1                         2.1461330 2.2270343 2.2384012 2.2219612 1.3454139 1.6862378 1.2676598 0.0000000 1.5308242 1.5025733 1.4329279 1.8580354 1.9340294 1.3442694 1.9884659 1.9984305 2.0355496 2.2612455 2.0882402 1.8642458 1.6821986 1.8851396 1.8354710 2.2567804 1.7956638 1.9328620 1.8029750 2.5063839 2.5958384 2.4624139 2.7564023 2.5263557 2.5528925 2.6951074 2.9388868 2.5920965 2.7215183 2.3954279 2.4383344 2.4981904 2.4981904 2.4953161 2.5666991 
Aque_Aqu2.1.36095_001                   2.5607396 2.3665413 2.2400701 2.0807229 1.8142485 2.3821827 1.6769330 1.5308242 0.0000000 0.0112438 0.6830341 1.8844433 2.0525813 1.7117224 2.0141157 1.9097844 1.9822055 2.1714942 1.8807181 1.8628312 1.6716673 1.9483048 1.9348159 2.2833812 2.1351794 1.8557468 1.9369515 2.4809584 2.3387420 2.1852058 2.9537825 2.4616371 2.5075896 2.6034749 2.4655080 2.4311165 2.6658627 2.2469661 2.2449890 2.1544451 2.1544451 2.1717683 2.2305022 
Aque_Aqu2.1.13394_001                   2.4929457 2.3277262 2.1946669 2.0267272 1.7839365 2.3478588 1.6525971 1.5025733 0.0112438 0.0000000 0.6675825 1.8757756 2.0319383 1.6766855 2.0155763 1.9038806 1.9805120 2.1617594 1.8630485 1.8415020 1.6406900 1.9254000 1.9005869 2.2833812 2.0709048 1.8333693 1.9180396 2.4419518 2.3294664 2.1739808 2.8998614 2.4203020 2.4927678 2.5880299 2.4569195 2.4311165 2.6016917 2.2305286 2.2285448 2.1370212 2.1370212 2.1562001 2.2140747 
Halamb_c49201_g1_i3mm.2971              2.6908859 2.3521812 2.4021687 2.3103957 1.5642379 2.0007649 1.5845461 1.4329279 0.6830341 0.6675825 0.0000000 1.9393083 2.0803522 1.8691865 2.1282478 2.1821243 1.9473267 2.3303919 2.0569267 2.0679256 1.9018470 2.0501869 1.9854614 2.2939757 2.2653376 1.8989795 1.9131022 2.5872038 2.3012890 2.4016031 3.0197615 2.6636192 2.7544626 2.8030088 2.6791570 2.6203581 2.6047492 2.4445319 2.4805057 2.3208374 2.3208374 2.3519086 2.4424857 
Cgig_XM_034469485.1                     2.1622243 2.0619851 2.0053198 1.7538623 1.9321152 2.2995850 1.7452594 1.8580354 1.8844433 1.8757756 1.9393083 0.0000000 0.8959813 0.9807311 1.1628898 1.3460196 1.2591292 1.7172536 1.4733806 1.5749029 1.1513673 1.4640135 1.5876987 2.0168647 1.7948132 1.5596955 1.5322312 1.8527758 1.8849635 1.8364827 2.2702177 2.0391078 1.9691641 2.0785660 2.2058647 2.5202084 2.1366711 2.1008557 2.1721736 2.1636632 2.1636632 2.0922594 2.1273600 
Acagra_model.g18886.t1                  2.2876394 2.2584023 2.1064676 1.8772940 1.8659651 2.2425754 1.8889477 1.9340294 2.0525813 2.0319383 2.0803522 0.8959813 0.0000000 0.9315695 1.2528116 1.4932723 1.3461736 1.9816894 1.6300927 1.5983974 1.1821668 1.5127812 1.6249000 2.1718547 1.9293757 1.8465353 1.7049902 1.8195675 1.9586173 1.9713082 2.3634858 2.1831583 2.0341487 2.0721265 2.2400408 2.3318694 2.0931338 2.2785118 2.3306124 2.2587203 2.2587203 2.2472014 2.2990263 
Ctel_gnl_WGS_AMQN_CAPTEDRAFT_mRNA181535 1.9434982 1.9058845 1.7734855 1.3196885 1.4818804 1.9625030 1.4084439 1.3442694 1.7117224 1.6766855 1.8691865 0.9807311 0.9315695 0.0000000 1.0064098 1.1379799 0.9382584 1.3427105 1.2910613 1.4129262 1.1206803 1.3541149 1.2600624 2.7034244 1.4733620 1.4296560 1.5042015 1.6454030 1.6473617 1.5334999 2.5212319 2.0087869 1.9645212 1.8841610 2.0844802 2.3411385 1.9441145 1.9277951 1.9246256 1.8753544 1.8753544 1.8965850 1.9026984 
Skow_XM_006825475.1                     2.1590817 2.1708289 2.1468158 2.0778878 2.1365147 2.5153042 1.9219919 1.9884659 2.0141157 2.0155763 2.1282478 1.1628898 1.2528116 1.0064098 0.0000000 1.1260348 1.0872990 1.4710722 1.1711806 1.6650180 1.5610829 1.6393149 1.7068386 1.5583767 1.7641766 1.7685211 1.7197933 2.3087508 2.1731034 2.0282993 2.3864597 2.0581075 1.9230172 1.9933227 2.1924936 1.9479792 2.1294255 2.3366696 2.3509576 2.2942299 2.2942299 2.4158258 2.4263608 
Spur_XM_003723434.3                     2.2268626 2.1805859 2.2441827 1.7913407 2.1570453 2.5929884 1.9975371 1.9984305 1.9097844 1.9038806 2.1821243 1.3460196 1.4932723 1.1379799 1.1260348 0.0000000 1.2113722 1.7466249 1.4324836 1.5069726 1.3706241 1.5386939 1.4937317 1.5901464 1.6084179 1.6817862 1.5953727 2.1115363 2.2413802 2.0268435 2.2855898 2.0140762 1.9159309 2.0430900 2.3058139 2.1496717 2.1402051 2.3166705 2.3413195 2.2569381 2.2569381 2.1301855 2.1415444 
Bralan_BLAG16000764_1                   2.1402306 2.0262080 2.1608784 1.8727613 1.9751131 2.3136423 1.7966177 2.0355496 1.9822055 1.9805120 1.9473267 1.2591292 1.3461736 0.9382584 1.0872990 1.2113722 0.0000000 1.5645813 1.1849096 1.6658883 1.7018366 1.7671667 1.6574519 1.5936656 1.9842347 1.7001398 1.6861849 2.0412192 2.1671376 2.0428060 2.3183187 2.1834474 2.2026908 2.0794998 2.1004231 2.1444990 2.3731705 2.4027671 2.3939267 2.4428748 2.4428748 2.2869615 2.3039686 
Cscu_XM_023368658.1                     2.6067347 2.3838193 2.6100088 2.3352301 2.4946615 2.8255812 2.4268134 2.2612455 2.1714942 2.1617594 2.3303919 1.7172536 1.9816894 1.3427105 1.4710722 1.7466249 1.5645813 0.0000000 0.0512563 1.7728330 1.6496838 1.7898409 1.7733323 1.8365717 1.9462471 1.9649005 2.0539027 2.5124865 2.5875673 2.3290832 2.7466584 2.2360937 2.0843567 2.0509749 2.5025433 2.6278651 2.3422228 2.5921549 2.5942180 2.5973302 2.5973302 2.4834258 2.4781013 
Cscu_XM_023381652.1                     2.4382385 2.2353077 2.4393659 1.6942889 2.2066574 2.6397570 2.2447216 2.0882402 1.8807181 1.8630485 2.0569267 1.4733806 1.6300927 1.2910613 1.1711806 1.4324836 1.1849096 0.0512563 0.0000000 1.6436056 1.4169779 1.6872772 1.5937759 1.9170302 1.6741916 1.6685601 1.8425786 2.6463865 2.3966490 2.2677294 2.4861067 2.0426287 1.9517090 1.9386048 2.3988248 2.6214746 2.1972932 2.4665007 2.5161333 2.6174923 2.6174923 2.4314963 2.3992494 
Fspp_ffun1.m4.3666.m1                   2.1733868 2.0698915 2.0584241 1.6709052 1.9637047 2.2195031 1.8990862 1.8642458 1.8628312 1.8415020 2.0679256 1.5749029 1.5983974 1.4129262 1.6650180 1.5069726 1.6658883 1.7728330 1.6436056 0.0000000 0.2636176 0.3183121 0.2533457 0.4732198 0.5360540 0.9736843 0.9625952 1.3264745 1.7458325 1.5666178 2.0878002 1.7982016 1.7184136 1.8190960 1.9382583 2.1599412 1.8993345 2.2368953 2.2973895 2.1854150 2.1854150 2.0818834 2.0968993 
Spis_XP_022790429_1                     1.9223469 1.8720791 1.8041363 1.6184799 1.6679921 1.9191046 1.5578387 1.6821986 1.6716673 1.6406900 1.9018470 1.1513673 1.1821668 1.1206803 1.5610829 1.3706241 1.7018366 1.6496838 1.4169779 0.2636176 0.0000000 0.1037543 0.3453431 0.4237222 0.5593550 0.7883979 0.9363135 1.2868792 1.5421078 1.3779639 1.5809096 1.5969275 1.4336231 1.5691268 1.7174158 1.7776007 1.7196277 2.0746774 2.0883669 2.0785707 2.0785707 1.9761948 1.9607251 
Pocdam_XM_027189499.1                   2.0908374 1.9875608 2.0035235 1.6223271 1.8569528 2.1067645 1.7543158 1.8851396 1.9483048 1.9254000 2.0501869 1.4640135 1.5127812 1.3541149 1.6393149 1.5386939 1.7671667 1.7898409 1.6872772 0.3183121 0.1037543 0.0000000 0.4204177 0.5357568 0.6493829 0.9947854 1.0424145 1.4547240 1.7089944 1.4991731 1.9914740 1.7780618 1.6841303 1.7437834 2.0173958 2.2097299 1.8632825 2.2994746 2.3214470 2.2584668 2.2584668 2.1718659 2.1617834 
Gasp_gasp1.m3.6286.m1                   2.0814913 2.0735815 1.9336876 1.5486723 1.9367576 2.2553650 1.8588991 1.8354710 1.9348159 1.9005869 1.9854614 1.5876987 1.6249000 1.2600624 1.7068386 1.4937317 1.6574519 1.7733323 1.5937759 0.2533457 0.3453431 0.4204177 0.0000000 0.4927360 0.5108762 0.9957974 0.9094240 1.2693612 1.7495366 1.6760068 2.1099665 1.7529933 1.8103877 1.8230903 1.9560003 2.2488348 1.9506166 2.3374159 2.3708345 2.2882195 2.2882195 2.2153138 2.2502333 
Amil_Amillepora10260-RA                 2.2926514 2.1337818 2.6032778 4.2455817 2.6293343 2.6293343 2.5354236 2.2567804 2.2833812 2.2833812 2.2939757 2.0168647 2.1718547 2.7034244 1.5583767 1.5901464 1.5936656 1.8365717 1.9170302 0.4732198 0.4237222 0.5357568 0.4927360 0.0000000 0.2205467 1.2632155 0.9101439 2.5512505 1.9695163 1.8885464 2.2742988 1.7960176 1.8114581 1.7860611 2.1240346 2.3034414 2.1958374 2.8416053 2.8645176 2.6805805 2.6805805 2.4078573 2.4059111 
Adig_XM_015897028.1                     2.1439568 2.2521337 2.2554493 1.4812671 2.0511912 2.3934135 1.8422818 1.7956638 2.1351794 2.0709048 2.2653376 1.7948132 1.9293757 1.4733620 1.7641766 1.6084179 1.9842347 1.9462471 1.6741916 0.5360540 0.5593550 0.6493829 0.5108762 0.2205467 0.0000000 1.0968369 1.0254890 0.9695597 2.0120583 1.9048106 2.3797253 1.8795660 2.0785189 2.0200013 2.2950330 3.2125077 2.0165270 2.3440943 2.4457981 2.2730458 2.2730458 2.0765680 2.1038706 
Exapal_XM_021060790.2                   2.2735181 2.1815863 2.2481693 1.6182050 2.0995858 2.5215814 1.9467743 1.9328620 1.8557468 1.8333693 1.8989795 1.5596955 1.8465353 1.4296560 1.7685211 1.6817862 1.7001398 1.9649005 1.6685601 0.9736843 0.7883979 0.9947854 0.9957974 1.2632155 1.0968369 0.0000000 0.9755655 1.1904976 1.8810119 1.8595292 1.9838095 1.7766870 1.6901592 1.8811757 1.9101395 2.8020186 2.1376922 2.2449780 2.2887225 2.2920990 2.2920990 2.2525316 2.2917647 
Nvec_v1g244342                          2.1279235 1.9579914 2.0095406 1.6932084 2.1487270 2.5066235 2.0586257 1.8029750 1.9369515 1.9180396 1.9131022 1.5322312 1.7049902 1.5042015 1.7197933 1.5953727 1.6861849 2.0539027 1.8425786 0.9625952 0.9363135 1.0424145 0.9094240 0.9101439 1.0254890 0.9755655 0.0000000 0.3673481 2.0799433 1.8104058 2.0701038 1.7524846 1.8194250 1.8802636 2.1474752 2.0000813 2.1887867 2.2091040 2.2555692 2.2320787 2.2320787 2.2474151 2.2826537 
Nvec_v1g3596                            2.8001673 2.5205035 2.5954623 1.4070503 2.6900953 3.4274064 2.6103068 2.5063839 2.4809584 2.4419518 2.5872038 1.8527758 1.8195675 1.6454030 2.3087508 2.1115363 2.0412192 2.5124865 2.6463865 1.3264745 1.2868792 1.4547240 1.2693612 2.5512505 0.9695597 1.1904976 0.3673481 0.0000000 2.2981037 2.4950781 2.7534644 2.3443309 2.4273269 2.4427850 2.5902613 4.6089494 3.0380580 2.4831118 2.4968612 2.5718896 2.5718896 2.6274351 2.7176899 
Hvul_g26391_1                           2.7942573 2.8117858 2.5770543 2.1295219 2.5102357 2.9380788 2.3883827 2.5958384 2.3387420 2.3294664 2.3012890 1.8849635 1.9586173 1.6473617 2.1731034 2.2413802 2.1671376 2.5875673 2.3966490 1.7458325 1.5421078 1.7089944 1.7495366 1.9695163 2.0120583 1.8810119 2.0799433 2.2981037 0.0000000 1.3168637 1.9896389 1.7090674 1.8137514 1.9075058 2.0985293 2.8241761 2.4666571 2.6218405 2.6629945 2.4824728 2.4824728 2.5477975 2.5437761 
Chem_TCONS_00017252                     2.6039364 2.4221809 2.3661103 1.9806771 2.5757766 2.9954734 2.4275136 2.4624139 2.1852058 2.1739808 2.4016031 1.8364827 1.9713082 1.5334999 2.0282993 2.0268435 2.0428060 2.3290832 2.2677294 1.5666178 1.3779639 1.4991731 1.6760068 1.8885464 1.9048106 1.8595292 1.8104058 2.4950781 1.3168637 0.0000000 2.1226869 1.8020320 1.8721722 1.8328178 1.9215355 2.3407711 2.2597493 2.5464110 2.5229852 2.4093209 2.4093209 2.4846700 2.4874003 
Sanmal_Sma_016915-T1                    2.5988386 2.6865510 2.7254440 2.3455767 2.7827491 2.9846380 2.7956063 2.7564023 2.9537825 2.8998614 3.0197615 2.2702177 2.3634858 2.5212319 2.3864597 2.2855898 2.3183187 2.7466584 2.4861067 2.0878002 1.5809096 1.9914740 2.1099665 2.2742988 2.3797253 1.9838095 2.0701038 2.7534644 1.9896389 2.1226869 0.0000000 1.1170457 1.0946243 1.1602048 2.0529915 2.5113300 2.7849337 2.7494464 2.7498519 2.7025217 2.7025217 2.6892191 2.7361622 
Aaur_scaffold167.g18.t1                 2.6184395 2.5856706 2.4800469 2.1390798 2.9664303 3.4504243 2.7099362 2.5263557 2.4616371 2.4203020 2.6636192 2.0391078 2.1831583 2.0087869 2.0581075 2.0140762 2.1834474 2.2360937 2.0426287 1.7982016 1.5969275 1.7780618 1.7529933 1.7960176 1.8795660 1.7766870 1.7524846 2.3443309 1.7090674 1.8020320 1.1170457 0.0000000 0.5429919 0.5721222 1.8461297 2.4717183 2.1923550 2.3799970 2.4268394 2.2353440 2.2353440 2.3333188 2.3257171 
Nemnom_g719.t1                          2.4290577 2.4414321 2.3854163 1.8256892 2.8763233 3.2441871 2.7353396 2.5528925 2.5075896 2.4927678 2.7544626 1.9691641 2.0341487 1.9645212 1.9230172 1.9159309 2.2026908 2.0843567 1.9517090 1.7184136 1.4336231 1.6841303 1.8103877 1.8114581 2.0785189 1.6901592 1.8194250 2.4273269 1.8137514 1.8721722 1.0946243 0.5429919 0.0000000 0.2913220 1.7867171 2.5698452 2.3280175 2.4280668 2.4794728 2.3173195 2.3173195 2.4988747 2.4962539 
Rhoesc_Res_012860-T1                    2.4214437 2.4905266 2.4080096 1.9721991 2.9879787 3.5208822 2.8274538 2.6951074 2.6034749 2.5880299 2.8030088 2.0785660 2.0721265 1.8841610 1.9933227 2.0430900 2.0794998 2.0509749 1.9386048 1.8190960 1.5691268 1.7437834 1.8230903 1.7860611 2.0200013 1.8811757 1.8802636 2.4427850 1.9075058 1.8328178 1.1602048 0.5721222 0.2913220 0.0000000 1.9278544 2.4750708 2.4076867 2.5332737 2.5225381 2.3915209 2.3915209 2.4430692 2.4754151 
Morvir_scaffold29.g13.t2                2.9124212 2.7951392 2.9368544 2.5225728 2.6731875 3.2185638 2.7056165 2.9388868 2.4655080 2.4569195 2.6791570 2.2058647 2.2400408 2.0844802 2.1924936 2.3058139 2.1004231 2.5025433 2.3988248 1.9382583 1.7174158 2.0173958 1.9560003 2.1240346 2.2950330 1.9101395 2.1474752 2.5902613 2.0985293 1.9215355 2.0529915 1.8461297 1.7867171 1.9278544 0.0000000 3.1193777 2.7082472 2.5585128 2.6223037 2.5616353 2.5616353 2.4178193 2.4470773 
Clacor_Ccor_scaffold12367_01            1.4988385 1.3735622 1.5442315 1.8032301 3.1975150 3.3463841 2.8871534 2.5920965 2.4311165 2.4311165 2.6203581 2.5202084 2.3318694 2.3411385 1.9479792 2.1496717 2.1444990 2.6278651 2.6214746 2.1599412 1.7776007 2.2097299 2.2488348 2.3034414 3.2125077 2.8020186 2.0000813 4.6089494 2.8241761 2.3407711 2.5113300 2.4717183 2.5698452 2.4750708 3.1193777 0.0000000 3.1130941 3.3514103 3.3653555 3.3264056 3.3264056 3.2109842 3.2081884 
Dgig_XM_028550190.1                     3.4076436 2.8973947 2.9506722 2.9265421 2.7553655 3.3478069 2.5832511 2.7215183 2.6658627 2.6016917 2.6047492 2.1366711 2.0931338 1.9441145 2.1294255 2.1402051 2.3731705 2.3422228 2.1972932 1.8993345 1.7196277 1.8632825 1.9506166 2.1958374 2.0165270 2.1376922 2.1887867 3.0380580 2.4666571 2.2597493 2.7849337 2.1923550 2.3280175 2.4076867 2.7082472 3.1130941 0.0000000 2.5540306 2.5995179 2.5436929 2.5436929 2.4287793 2.4568489 
HoiH23_PlH23_003831-RA                  3.1779486 3.3054931 3.2582831 2.7076330 2.4517880 3.1354969 2.4473187 2.3954279 2.2469661 2.2305286 2.4445319 2.1008557 2.2785118 1.9277951 2.3366696 2.3166705 2.4027671 2.5921549 2.4665007 2.2368953 2.0746774 2.2994746 2.3374159 2.8416053 2.3440943 2.2449780 2.2091040 2.4831118 2.6218405 2.5464110 2.7494464 2.3799970 2.4280668 2.5332737 2.5585128 3.3514103 2.5540306 0.0000000 0.0421508 0.1121442 0.1121442 0.3156476 0.3176268 
HoiH06_mRNA14471                        3.1960749 3.3520862 3.3071821 2.7103952 2.4539652 3.1429531 2.4406332 2.4383344 2.2449890 2.2285448 2.4805057 2.1721736 2.3306124 1.9246256 2.3509576 2.3413195 2.3939267 2.5942180 2.5161333 2.2973895 2.0883669 2.3214470 2.3708345 2.8645176 2.4457981 2.2887225 2.2555692 2.4968612 2.6629945 2.5229852 2.7498519 2.4268394 2.4794728 2.5225381 2.6223037 3.3653555 2.5995179 0.0421508 0.0000000 0.1178786 0.1178786 0.3071348 0.3088467 
Hhon_g07698.t1                          3.0937482 3.0868005 3.0976894 2.6037279 2.4207105 3.0923431 2.4469563 2.4981904 2.1544451 2.1370212 2.3208374 2.1636632 2.2587203 1.8753544 2.2942299 2.2569381 2.4428748 2.5973302 2.6174923 2.1854150 2.0785707 2.2584668 2.2882195 2.6805805 2.2730458 2.2920990 2.2320787 2.5718896 2.4824728 2.4093209 2.7025217 2.2353440 2.3173195 2.3915209 2.5616353 3.3264056 2.5436929 0.1121442 0.1178786 0.0000000 0.0000010 0.2816146 0.2825340 
HoiH04_mRNA777                          3.0937482 3.0868005 3.0976894 2.6037279 2.4207105 3.0923431 2.4469563 2.4981904 2.1544451 2.1370212 2.3208374 2.1636632 2.2587203 1.8753544 2.2942299 2.2569381 2.4428748 2.5973302 2.6174923 2.1854150 2.0785707 2.2584668 2.2882195 2.6805805 2.2730458 2.2920990 2.2320787 2.5718896 2.4824728 2.4093209 2.7025217 2.2353440 2.3173195 2.3915209 2.5616353 3.3264056 2.5436929 0.1121442 0.1178786 0.0000010 0.0000000 0.2816146 0.2825340 
TrH2_TrispH2_003695-RA                  2.9754995 3.0818317 3.1397607 2.5070060 2.3264130 2.8811055 2.2961501 2.4953161 2.1717683 2.1562001 2.3519086 2.0922594 2.2472014 1.8965850 2.4158258 2.1301855 2.2869615 2.4834258 2.4314963 2.0818834 1.9761948 2.1718659 2.2153138 2.4078573 2.0765680 2.2525316 2.2474151 2.6274351 2.5477975 2.4846700 2.6892191 2.3333188 2.4988747 2.4430692 2.4178193 3.2109842 2.4287793 0.3156476 0.3071348 0.2816146 0.2816146 0.0000000 0.0028465 
Tadh_TriadT58929                        3.0498097 3.1610723 3.2487965 2.6602717 2.3937242 2.8443401 2.3617544 2.5666991 2.2305022 2.2140747 2.4424857 2.1273600 2.2990263 1.9026984 2.4263608 2.1415444 2.3039686 2.4781013 2.3992494 2.0968993 1.9607251 2.1617834 2.2502333 2.4059111 2.1038706 2.2917647 2.2826537 2.7176899 2.5437761 2.4874003 2.7361622 2.3257171 2.4962539 2.4754151 2.4470773 3.2081884 2.4568489 0.3176268 0.3088467 0.2825340 0.2825340 0.0028465 0.0000000 
