89
Lcom_lcpid80404                                        0.0000000 0.3089206 0.2667014 0.3370528 0.5782602 1.6077369 1.6920112 1.7326797 1.7025570 1.4461492 1.5367025 1.1906229 1.9377942 1.5729165 1.8102117 1.5748856 1.4107818 1.6100612 1.3563890 1.6399649 0.5752901 1.4689334 1.4304134 1.5487453 1.2740378 1.5900746 1.5923884 1.3598331 1.3022004 1.3496829 1.5546440 1.3157748 1.5062067 1.2527647 2.1412763 2.0398216 2.0250053 1.6241913 2.4737470 1.4833646 1.5832111 2.4948924 1.1991069 1.7636205 1.5516979 2.1221723 2.7428445 2.2574707 1.8331490 1.8162766 1.5420907 1.5659889 1.5866246 1.7300677 1.7085745 2.1879515 1.8081179 1.8029716 2.3702970 1.7907816 1.7937713 1.6469183 1.7209580 1.8202485 1.9564081 1.8204849 1.8487676 1.8042050 1.7974662 2.0106038 2.4408054 1.7342125 1.7465535 2.4715569 1.7869364 2.6655759 1.5203186 1.7407068 1.7593713 1.8136592 1.8008342 1.8336810 1.8396826 1.8238251 1.6730687 1.7439431 1.9390026 1.2959817 1.9362252 
Leuniv_Lniv_scaffold22737_01                           0.3089206 0.0000000 0.3124836 0.3603045 0.5158439 1.4536868 1.5095419 1.6797500 1.6427140 1.2902960 1.3487270 1.0712097 1.7677825 1.4929343 1.8630088 1.4937407 1.4208169 1.5677694 1.4131386 1.7265101 0.6616121 1.4447108 1.3817045 1.5506958 1.1866454 1.4572224 1.4720820 1.2929653 1.2020758 1.3228544 1.5107873 1.3058886 1.3388465 1.3985910 1.9691416 1.9198754 2.0163464 1.6827128 2.5054272 1.7093216 1.6935983 2.6561998 1.3112069 1.7642341 1.5568290 2.0501647 2.5850541 2.1544505 1.8584943 1.8169001 1.6584019 1.7070718 1.7336354 1.7797093 1.6939640 2.0893001 1.8958247 1.8288725 2.3381114 1.8592679 1.8068855 1.5568817 1.6044650 1.8170853 1.9728136 1.7245548 1.8940365 1.7375926 1.7896598 2.0017064 2.6344099 1.8912785 1.9172809 2.6982809 1.9285268 3.0964962 1.5135986 1.7005400 1.6837106 1.7471879 1.7346628 1.8523958 1.8462930 1.7402152 1.6183410 1.6400954 1.9756693 1.3444457 1.8865286 
Scil_scict025181.1                                     0.2667014 0.3124836 0.0000000 0.2948205 0.5312049 1.4635443 1.6581976 1.6189484 1.5652824 1.4749544 1.4762499 1.2241531 1.8565187 1.4953527 1.8407858 1.5178575 1.3925191 1.6252726 1.4016907 1.6846756 0.6417038 1.5325042 1.3639512 1.5780497 1.2421991 1.6179936 1.6543273 1.3099357 1.2213742 1.2968632 1.5167123 1.2896926 1.4588123 1.3680675 2.0759696 1.9823762 2.0673387 1.7067087 2.6190005 1.6580297 1.6670370 2.6442583 1.2565229 1.7903374 1.5776168 2.2070748 2.8153927 2.3328063 1.9037705 1.8466181 1.6911099 1.7129145 1.7198503 1.7830096 1.7537327 2.1357655 1.9283484 1.9297442 2.4586947 1.8379824 1.8703736 1.6285686 1.7434242 1.7124835 1.9057701 1.6973359 1.7595644 1.7316526 1.6583077 1.9183011 2.2684564 1.6351144 1.7274549 2.4926035 1.6712796 2.6334416 1.3387083 1.7222824 1.6865791 1.7216726 1.7092840 1.8419522 1.8606863 1.8186928 1.4504935 1.6296609 1.8181581 1.3634510 1.9385730 
Gracom_Gcom_scaffold16161_01                           0.3370528 0.3603045 0.2948205 0.0000000 0.4818558 1.4719156 1.5689293 1.6439861 1.6058325 1.5537268 1.4534949 1.3072805 1.7084801 1.4677219 1.6676120 1.3885665 1.2217941 1.5043051 1.3955362 1.6597108 0.5839270 1.3944180 1.4828361 1.6676216 1.1796299 1.5620235 1.5492601 1.3800761 1.3037960 1.3280058 1.4662288 1.3673163 1.3939287 1.3987039 1.9207258 1.8558732 1.9348197 1.5708253 2.4607816 1.5382955 1.6074817 2.7071557 1.1819513 1.6254712 1.4657666 1.9616259 2.6037745 2.0767048 1.7588692 1.7389431 1.4641010 1.4858994 1.4853445 1.5369947 1.5338361 1.9558569 1.6086683 1.6210133 2.1183745 1.6526544 1.7930922 1.4896056 1.4790282 1.6176841 1.8376144 1.6719334 1.8387946 1.7911044 1.8248357 1.8370948 1.9532685 1.5433847 1.7119256 2.3301974 1.6670892 2.7201589 1.3743974 1.6499278 1.6160549 1.6387087 1.6268723 1.7995363 1.8177342 1.7274328 1.6128221 1.5947206 1.8394078 1.2408537 1.9392228 
Clacor_Ccor_scaffold6178_01                            0.5782602 0.5158439 0.5312049 0.4818558 0.0000000 1.5197719 1.5164581 1.6437670 1.6122057 1.4772318 1.3805560 1.1393668 1.7694049 1.5528223 1.8538081 1.4486861 1.3387360 1.5106412 1.4699600 1.6432158 0.6898856 1.3817520 1.3242828 1.4982190 1.4343565 1.5670498 1.5724414 1.3422197 1.3752932 1.5898247 1.5011066 1.4335393 1.5519703 1.4884836 2.0173342 1.8991300 1.9649226 1.7244129 2.6661564 1.6667785 1.7170856 2.7594251 1.2950081 1.8781495 1.6487391 2.1463179 2.7409659 2.2717254 1.9240560 1.9148421 1.7558876 1.7084137 1.7758781 1.8874613 1.8007603 2.2082821 1.9032536 1.8191304 2.2408712 1.9494202 1.9046498 1.7532951 1.8853616 1.7378458 1.8055815 1.8080845 1.9029714 1.6900220 1.7242987 1.9743157 2.2672720 1.7208194 1.8964069 2.4058155 1.7843716 2.7832898 1.4213144 1.7455047 1.7261265 1.7014275 1.6891606 1.7645757 1.7841006 1.6920472 1.6415723 1.5908556 1.9733564 1.1838863 1.9187147 
Gasp_gasp1.m3.1128.m1                                  1.6077369 1.4536868 1.4635443 1.4719156 1.5197719 0.0000000 0.1963181 0.2159125 0.2069117 0.1252989 0.4364984 0.5117463 0.4561862 0.5124453 2.1212824 1.4781282 1.1976471 1.4998638 1.4112221 1.4551758 0.8962533 1.3738668 1.2829608 1.4231447 1.1775771 1.2272802 1.2306384 1.1564505 1.0320531 1.0952642 1.1305758 0.9539333 1.2144430 1.2628361 1.4873666 1.4657021 1.5943916 1.5884419 2.2021695 1.5425796 1.7349976 2.6957009 1.2240563 1.5268164 1.5432568 1.8275776 2.2737756 1.9950680 1.6654909 1.5349589 1.1801201 1.2390869 1.2066911 1.3136990 1.3021271 1.6809175 1.3621606 1.3543488 1.7781012 1.6040681 1.6796299 1.3540636 1.5556472 1.1109279 1.3507605 0.8719951 1.2510374 1.2120057 1.2359346 1.2607030 1.5148736 1.1732371 1.1779791 1.9301553 1.3370958 1.8391304 0.8841630 1.3378697 1.2703320 1.2738328 1.2746831 1.3476411 1.3896416 1.3439330 1.2637422 1.2024776 1.5288680 1.8406430 0.8139169 
Gfas_gfas1.m1.1174.m1                                  1.6920112 1.5095419 1.6581976 1.5689293 1.5164581 0.1963181 0.0000000 0.2804542 0.2701112 0.2309247 0.3892155 0.4463038 0.3584913 0.5317019 1.9544346 1.5083012 1.3246324 1.5387196 1.5867764 1.5245514 0.8284352 1.4248104 1.3254877 1.4315679 1.1509067 1.3848412 1.4003227 1.1956645 1.1557054 1.1708740 1.1827497 1.0797082 1.2388550 1.3106321 1.6235299 1.5944499 1.6946799 1.4987810 2.0417344 1.4335660 1.6424400 2.5013442 1.1275214 1.6278210 1.5238233 1.7828743 2.2983578 1.9418979 1.6738141 1.5805275 1.2558509 1.3071989 1.2801545 1.4061895 1.2516979 1.6168808 1.4371507 1.2839368 1.6787019 1.7074368 1.6736794 1.3894355 1.5450944 1.2409639 1.4441545 1.0513969 1.2946695 1.2655331 1.2647162 1.4610589 1.3941554 1.1685963 1.3056554 1.8209666 1.3614958 1.8587952 0.9536994 1.4985743 1.4329403 1.4505948 1.4515210 1.4830814 1.4903117 1.3857705 1.4806905 1.3867333 1.8339939 1.9216497 0.9131493 
Spis_XP_022800106_1                                    1.7326797 1.6797500 1.6189484 1.6439861 1.6437670 0.2159125 0.2804542 0.0000000 0.0812463 0.2207219 0.5110763 0.5461845 0.4812980 0.5525233 1.9247068 1.5527121 1.5230423 1.5808120 1.4645870 1.5934688 0.7303007 1.5691489 1.3555202 1.4925851 1.1813043 1.3717405 1.3738818 1.0926490 1.0654459 1.1062655 1.1475764 1.0916998 1.3383932 1.2732122 1.6040035 1.5861273 1.6757839 1.4935745 2.0416393 1.4602184 1.6562212 2.5534707 1.1412660 1.6353225 1.5358630 1.7546720 2.2112839 1.8960336 1.6501157 1.5826637 1.2562936 1.3122230 1.2887690 1.3908029 1.3065167 1.6972392 1.3961599 1.3122433 1.7103374 1.6970296 1.7927678 1.4282266 1.5991557 1.2505321 1.6346095 1.0113133 1.3395294 1.3135868 1.2812106 1.5159485 1.3575680 1.1694963 1.4158279 1.9338688 1.3215791 1.8462838 0.9690975 1.4517553 1.4058437 1.4635573 1.4644701 1.5058277 1.5481741 1.4340808 1.4339602 1.4048264 1.6925448 1.9679913 1.0358924 
Pocdam_XM_027203130.1                                  1.7025570 1.6427140 1.5652824 1.6058325 1.6122057 0.2069117 0.2701112 0.0812463 0.0000000 0.2174753 0.5089581 0.5129064 0.4807870 0.5471913 2.0196470 1.5624721 1.4419780 1.5907476 1.4715268 1.6425185 0.7741635 1.5818833 1.3135470 1.4467292 1.1942331 1.3440496 1.3537608 1.1323509 1.0724704 1.0758120 1.1246885 1.1407712 1.3469640 1.3190545 1.5902688 1.5572895 1.6569337 1.5105370 2.0738187 1.4645447 1.6408491 2.5086302 1.1435098 1.6184263 1.5221444 1.7151680 2.1847105 1.8527370 1.6332300 1.5223189 1.2900220 1.3468205 1.3227893 1.4377951 1.3051091 1.7304709 1.4505241 1.3188990 1.7579760 1.7190217 1.7334741 1.3565027 1.5413527 1.2494318 1.6824665 0.9908210 1.2719370 1.2906734 1.2479427 1.4181495 1.4275203 1.1697288 1.4113098 1.9340926 1.3476247 1.8442236 0.9613266 1.4322681 1.4104586 1.4481748 1.4490784 1.4619338 1.5170352 1.4643972 1.4699816 1.3885144 1.7766646 1.9402408 0.9728468 
Fspp_ffun1.m4.11393.m1                                 1.4461492 1.2902960 1.4749544 1.5537268 1.4772318 0.1252989 0.2309247 0.2207219 0.2174753 0.0000000 0.6044957 0.6531647 0.6997504 0.3613560 1.8339647 1.4277604 1.7864405 1.4277604 1.3793231 1.2084723 0.8876338 1.4059786 1.1449097 1.1449097 0.9151659 1.0493362 1.0637841 0.9575485 0.9995406 1.0309432 0.9132714 0.8726572 1.2095321 0.8752189 1.6192408 1.6503061 1.6503061 1.2821066 1.4444578 1.2821066 1.2821066 1.4444578 1.1403791 1.4911078 1.3068894 1.5001037 1.5666561 1.5001037 1.5428189 1.5428189 1.2611480 1.2611480 1.2611480 1.2634361 1.0405696 1.1794357 1.2634361 1.0405696 1.1794357 1.6080141 1.7632929 1.2576338 1.2576338 1.2955561 1.5697608 1.2102653 1.1782502 1.0862824 1.1287676 1.3062966 1.1946419 1.1168389 1.3728553 1.2874544 1.1168389 1.8132111 0.9788519 1.3001679 1.3003383 1.4108490 1.4108490 1.4177504 1.4593547 1.2953451 1.4345351 1.1147743 1.4139599 1.6211761 0.9177358 
Adig_XM_015919787.1                                    1.5367025 1.3487270 1.4762499 1.4534949 1.3805560 0.4364984 0.3892155 0.5110763 0.5089581 0.6044957 0.0000000 0.0686772 0.2482708 0.7736657 1.7912508 1.3846155 1.4540107 1.3998462 1.3177210 1.4764058 0.8220039 1.1763644 1.1775490 1.1946579 0.9995254 1.0623939 1.0770954 1.2558047 0.9683683 1.1003981 1.1250726 1.1459856 1.2814548 0.9131635 1.7411199 1.6200119 1.6200119 1.2376553 2.6270059 1.2331987 1.2331987 2.6921698 1.0989608 1.4305847 1.2207852 1.4348507 4.2298419 1.8253545 1.5267616 1.5267616 1.3120969 1.3120969 1.3120969 1.2975562 1.0483851 1.7455661 1.3146996 1.0692852 1.8208225 1.6162421 1.8028144 1.3031698 1.2995318 1.3124653 1.3787700 1.0385263 1.3144038 1.2481856 1.2189329 1.2283703 2.9226781 1.2026995 1.2794449 1.0382589 1.2026995 2.0201437 0.9844496 1.3237978 1.2774272 1.3605312 1.3619940 1.4395296 1.4864026 1.2384347 1.2681446 1.4577692 1.7465881 1.5359429 1.9572855 
Adig_XM_015893311.1                                    1.1906229 1.0712097 1.2241531 1.3072805 1.1393668 0.5117463 0.4463038 0.5461845 0.5129064 0.6531647 0.0686772 0.0000000 0.3383052 0.8394517 1.6589514 1.0612336 0.9355148 1.0799887 0.9314292 1.4652688 0.7781253 0.8078746 0.9440130 0.9690751 0.9781000 0.8245861 0.8231556 1.2934252 0.9013047 0.8252722 0.9828867 0.8926386 1.0111429 0.8407440 1.3223492 1.1806339 1.1806339 1.1254331 2.2093598 1.1179238 1.1179238 2.2414656 0.9770480 1.0520367 1.0520367 1.2764816 3.1007172 1.6641188 1.1157435 1.1157435 0.9592890 0.9592890 0.9592890 0.9496530 0.9496530 1.5738209 0.9742076 0.9742076 1.6410538 1.2901399 1.2963275 1.0632792 1.0552738 0.9614530 0.9893367 0.8922379 1.0857951 1.1372294 1.0732868 0.9805251 4.5505098 1.1870476 1.2465638 0.8097831 1.1870476 2.7728366 0.8211367 1.0691289 1.0137982 1.0510671 1.0528946 1.0965070 1.0965070 1.0873902 1.1801252 1.4587622 1.5713079 1.2701198 3.6051974 
Amil_Amillepora03716-RA                                1.9377942 1.7677825 1.8565187 1.7084801 1.7694049 0.4561862 0.3584913 0.4812980 0.4807870 0.6997504 0.2482708 0.3383052 0.0000000 0.7521330 2.2354918 1.6789337 1.2219976 1.8101415 1.4792434 1.7893086 0.7429036 1.4631937 1.6554003 1.8333432 1.3267510 1.5887474 1.5705022 1.4499303 1.3914858 1.3600271 1.4105705 1.4824667 1.4975113 1.7669786 1.7496413 1.6839647 1.7826905 1.7586639 2.5994138 1.7344819 2.0898465 3.7159552 1.3318047 1.7394856 1.7394856 2.0851060 2.8778639 2.3503565 1.7491922 1.6579730 1.3276898 1.4212093 1.3768390 1.5763132 1.5763132 2.2817398 1.5900152 1.5900152 2.3114409 1.9486581 1.8788920 1.6245551 1.8445967 1.2599600 1.6317069 1.0417896 1.4706043 1.5461614 1.5308649 1.5773357 1.5021126 1.3231911 1.4264366 2.1503422 1.6929245 2.1782409 0.9584133 1.5380524 1.4661288 1.4621541 1.4637010 1.5675897 1.5960144 1.5222766 1.6219090 1.9119404 2.3018068 2.0210274 1.4324635 
Nvec_v1g82673                                          1.5729165 1.4929343 1.4953527 1.4677219 1.5528223 0.5124453 0.5317019 0.5525233 0.5471913 0.3613560 0.7736657 0.8394517 0.7521330 0.0000000 1.9224382 1.4514765 1.1862433 1.4418700 1.2907695 1.3815430 0.7332549 1.3123829 1.3671929 1.4819213 1.1142718 1.4231618 1.3828781 1.1332056 1.1606045 1.2025150 1.1222906 1.0066972 1.2298803 1.3340931 1.4866195 1.4488807 1.5499122 1.5233170 2.0505707 1.4231471 1.5472685 2.1943754 1.2227474 1.3089349 1.3089349 1.7429323 2.2003201 1.8542068 1.4148162 1.2396052 1.1213114 1.1699440 1.1515067 1.2775001 1.3421966 1.5694531 1.3603879 1.4335658 1.7230422 1.3816974 1.6348733 1.3406814 1.4517484 1.2107766 1.3592397 0.9419146 1.1519066 1.2363421 1.1636743 1.4402833 1.6076117 1.3216175 1.4990291 2.2714532 1.5497893 1.9294703 0.9704182 1.3620448 1.2958957 1.2949405 1.3071595 1.3278414 1.3078998 1.2841393 1.2343174 1.3172307 1.5111149 1.9268807 0.6639613 
Emue_Em0013g249a.t1                                    1.8102117 1.8630088 1.8407858 1.6676120 1.8538081 2.1212824 1.9544346 1.9247068 2.0196470 1.8339647 1.7912508 1.6589514 2.2354918 1.9224382 0.0000000 0.3536999 0.4435295 0.4752733 1.1297601 1.5544132 0.6174149 1.2048561 1.8231866 1.9698570 0.9549837 1.9642901 1.9242812 2.1016535 1.7270906 1.8555877 1.9012291 1.9212080 1.9076141 2.4123707 2.3234244 2.4067568 2.2118505 2.0765931 2.1901019 2.3708635 2.4298734 2.7852188 2.1524100 2.4097795 2.4179195 2.6821899 2.8125215 2.9408410 2.0712263 2.4405622 1.9479030 2.0036922 2.0243655 2.2316540 2.0827923 2.5540529 2.0794707 1.9338542 2.2976630 2.3192291 2.5693507 2.1105824 1.9956643 1.6266649 1.8386651 1.5896510 1.8170668 1.9061364 1.7728679 1.9065949 2.6053809 2.0480679 1.3216027 2.6026533 2.3562499 3.3220212 1.9691416 1.9555781 1.9247522 1.8634656 1.8634656 1.9897615 2.0372775 1.8752360 2.4430506 2.2431260 2.1790331 2.2248495 2.5375661 
Spolac_c103706_g2_i1_m.35673c103706-g2                 1.5748856 1.4937407 1.5178575 1.3885665 1.4486861 1.4781282 1.5083012 1.5527121 1.5624721 1.4277604 1.3846155 1.0612336 1.6789337 1.4514765 0.3536999 0.0000000 0.0636743 0.0794351 0.8965350 1.0624229 0.4487515 0.9268162 1.3574721 1.4596340 0.8389544 1.6058747 1.5932707 1.4892235 1.3266785 1.5214787 1.5250451 1.4559299 1.5767457 1.5405598 1.9582766 1.8987879 1.7625962 1.5713680 1.9831556 1.6479681 1.6827182 2.3158446 1.2674340 1.9160882 1.7118620 2.0371803 2.7406724 2.1785703 1.7293861 2.0129351 1.5311260 1.5819368 1.5709372 1.7260072 1.5358997 1.9662430 1.6144675 1.4156956 1.7474260 1.8428172 2.0630121 1.6628484 1.5367727 1.4542193 1.6363733 1.3366758 1.5478391 1.5876150 1.5496547 1.5895050 2.6031521 1.6903718 1.5731509 2.1000095 1.8141528 2.7475225 1.4632722 1.5466698 1.4875816 1.5062876 1.5053027 1.5496012 1.5640142 1.4827565 1.8386363 1.8770367 2.0038271 1.7729308 2.0603784 
Spolac_c103706_g2_i2_m.35675c103706-g2                 1.4107818 1.4208169 1.3925191 1.2217941 1.3387360 1.1976471 1.3246324 1.5230423 1.4419780 1.7864405 1.4540107 0.9355148 1.2219976 1.1862433 0.4435295 0.0636743 0.0000000 0.0636743 0.7559969 1.0571047 0.4487515 0.8120136 1.0461776 1.0461776 0.7933235 1.5437536 1.5234130 1.5426348 1.4521998 1.5188428 1.4108868 1.3007357 1.5606028 1.1633690 1.8243474 1.8251708 1.8251708 1.3514695 2.4464828 1.3514695 1.3514695 2.4464828 1.2400740 1.7023328 1.2832347 1.6516983 2.9739356 2.4151640 1.8243617 1.8243617 1.5746113 1.5746113 1.5746113 1.5823398 1.0981835 2.3198455 1.5823398 1.0981835 2.3198455 1.7876343 1.7629144 1.2129308 1.2129308 1.4651456 1.5070885 1.1583027 1.2994421 1.4050921 1.4268244 1.5685446 3.1594626 1.3980606 1.4906243 1.2968871 1.3980606 2.7706260 1.3288035 1.4418536 1.4016810 1.5234946 1.5214744 1.4232433 1.4683359 1.3791369 1.4909476 1.7108451 1.8576498 1.4170147 2.1643042 
Spolac_c103706_g2_i3_m.35676c103706-g2                 1.6100612 1.5677694 1.6252726 1.5043051 1.5106412 1.4998638 1.5387196 1.5808120 1.5907476 1.4277604 1.3998462 1.0799887 1.8101415 1.4418700 0.4752733 0.0794351 0.0636743 0.0000000 0.9278682 0.9580862 0.4487515 0.9663232 1.3068608 1.3415206 0.8058706 1.6079028 1.5938532 1.5540247 1.3479545 1.5180229 1.5047436 1.4765884 1.6662929 1.4840247 2.0065952 1.9350601 1.9718683 1.7994666 2.6821456 1.7221940 1.5300525 2.0487135 1.2674340 1.8766813 1.6494386 2.0579931 3.0081612 2.2328364 1.9686279 1.9807781 1.5015504 1.5421647 1.5670883 1.6812979 1.4636267 1.9195196 1.7774584 1.5695912 2.1340440 1.9453563 2.0177213 1.6493356 1.6375504 1.4870788 1.6233752 1.3481509 1.3902286 1.5052249 1.4604172 1.4856547 3.4872515 1.7927364 1.5731509 1.8716591 1.7173036 2.7693703 1.4988913 1.5103426 1.4765660 1.5132567 1.5121667 1.5324087 1.5580628 1.4729106 1.9224359 1.9538387 1.9703618 1.7482505 2.3208426 
Aque_Aqu2.1.38143_001                                  1.3563890 1.4131386 1.4016907 1.3955362 1.4699600 1.4112221 1.5867764 1.4645870 1.4715268 1.3793231 1.3177210 0.9314292 1.4792434 1.2907695 1.1297601 0.8965350 0.7559969 0.9278682 0.0000000 0.9111002 0.3679411 0.4433957 1.2035542 1.3143421 0.7572509 1.2971406 1.2882655 1.3461384 1.2918722 1.2775687 1.3916554 1.2260244 1.3938066 1.3891010 1.9161947 1.7962712 1.7424605 1.5261025 2.2261617 1.5475822 1.5128924 2.3101802 1.1519424 1.6675364 1.4976664 1.9746890 2.6596115 2.1049910 1.6164962 1.6400378 1.4480250 1.5200387 1.5206842 1.5847093 1.5062914 2.0629131 1.6278175 1.5561678 2.1627948 1.6794931 1.9682269 1.5173470 1.5584760 1.4798927 1.5392913 1.4329460 1.7499271 1.6211588 1.5380072 1.7681657 2.3176370 1.5642095 1.6026220 2.1912123 1.7342576 2.4914254 1.3594356 1.5413500 1.5579965 1.5882211 1.5766982 1.5948013 1.6096858 1.5513347 1.5229573 1.6921237 1.8025787 1.9093844 1.9241747 
Stycar_maker-SC_scaffold5709-snap-gene-0.27-mRNA-1     1.6399649 1.7265101 1.6846756 1.6597108 1.6432158 1.4551758 1.5245514 1.5934688 1.6425185 1.2084723 1.4764058 1.4652688 1.7893086 1.3815430 1.5544132 1.0624229 1.0571047 0.9580862 0.9111002 0.0000000 0.1647908 1.0025941 1.3784948 1.3784948 0.7944869 1.5691567 1.5645789 1.5029605 1.6130652 1.4807740 1.6604118 1.4806057 1.6512242 1.4414784 2.1324183 2.1382257 2.1074556 1.7856800 2.3255980 1.6393730 1.8419936 2.4711854 1.4812322 2.0636633 1.8607067 2.6409397 2.9605706 2.5308131 2.0635961 2.1083652 1.9335582 1.9862054 1.9335582 2.0549692 1.9423840 2.3551416 2.0398429 1.9247479 2.3181160 2.1367229 2.1163601 1.7483194 1.7577980 1.8711894 2.0774921 1.8330474 1.9646852 1.7986138 1.7232573 2.0347539 2.4356071 1.7462648 1.5304754 2.3303450 1.7609463 2.4487652 1.7801592 1.9031278 1.9175875 2.0365403 2.0382521 1.9616470 1.9479890 2.0212613 1.8161631 1.9467117 1.8481882 2.0801089 1.9104988 
Stycar_maker-SC_scaffold80487-augustus-gene-0.2-mRNA-1 0.5752901 0.6616121 0.6417038 0.5839270 0.6898856 0.8962533 0.8284352 0.7303007 0.7741635 0.8876338 0.8220039 0.7781253 0.7429036 0.7332549 0.6174149 0.4487515 0.4487515 0.4487515 0.3679411 0.1647908 0.0000000 0.4313772 0.5134762 0.5134762 0.4133674 0.7769781 0.7441771 0.9071063 0.9008674 0.7524942 0.7022056 0.8047226 0.7045928 0.7066847 1.0150713 1.0150713 1.0150713 0.9678781 0.0000010 0.9678781 0.9678781 0.0000010 0.9678781 0.9520309 0.9520309 1.6067926 5.6300516 9.0000000 0.9097662 0.9097662 0.8496346 0.8496346 0.8496346 0.8543359 0.8566626 0.8179814 0.8543359 0.8566626 0.8179814 1.0107460 1.0433860 0.7928585 0.7928585 1.1073806 1.0478487 0.9282941 1.3890320 1.1976285 1.2010103 1.1208869 0.0000010 0.9680434 1.0517644 0.9680434 0.9680434 2.0084844 1.0097873 1.0681524 1.0641232 1.1158568 1.1158568 1.1268817 1.1441703 1.0713527 0.7546247 1.1423093 1.0510163 0.8873168 0.8900464 
Xestes_maker-XT_scaffold145088-snap-gene-0.15-mRNA-1   1.4689334 1.4447108 1.5325042 1.3944180 1.3817520 1.3738668 1.4248104 1.5691489 1.5818833 1.4059786 1.1763644 0.8078746 1.4631937 1.3123829 1.2048561 0.9268162 0.8120136 0.9663232 0.4433957 1.0025941 0.4313772 0.0000000 1.2899910 1.4344902 0.7987703 1.3318888 1.3229005 1.3945952 1.3191242 1.4328402 1.4367798 1.1620368 1.3274677 1.4054771 1.9390158 1.9016986 1.9727335 1.5962457 2.5477107 1.5226125 1.6137243 2.7752008 1.1343241 1.7424080 1.5707562 2.0169725 2.7909097 2.2419971 1.7295042 1.7113307 1.4977055 1.5663167 1.5663418 1.6926225 1.5827646 2.1377716 1.7492554 1.6475170 2.2617996 1.8030495 2.0302231 1.6013339 1.5622505 1.4026586 1.4915810 1.5296122 1.7487521 1.6189862 1.6131609 1.8164888 2.3610623 1.6044239 1.5786445 2.0167068 1.7187482 2.5722693 1.3559985 1.5337992 1.5833964 1.5264162 1.5152310 1.6420364 1.6532086 1.5529783 1.5331368 1.5092836 1.7803280 1.7709061 1.8600768 
Opea_EP00118_Oscarella_pearsei_P025312                 1.4304134 1.3817045 1.3639512 1.4828361 1.3242828 1.2829608 1.3254877 1.3555202 1.3135470 1.1449097 1.1775490 0.9440130 1.6554003 1.3671929 1.8231866 1.3574721 1.0461776 1.3068608 1.2035542 1.3784948 0.5134762 1.2899910 0.0000000 0.0822852 0.8813800 1.1425992 1.1452024 1.1146421 1.2378937 1.2391389 1.3785381 1.1646652 1.3439551 1.4053799 1.7783990 1.6895874 1.7247960 1.5840257 2.5105593 1.3676369 1.6149955 2.7240732 1.0687609 1.6195785 1.5257094 1.9862223 2.7710805 2.1603761 1.5932761 1.5798259 1.4118933 1.4724881 1.4547524 1.6136605 1.5791782 2.0865351 1.5936053 1.5562495 2.0387938 1.6129392 1.7663907 1.4942324 1.5047263 1.5174540 1.4854433 1.3503352 1.3494652 1.4611781 1.4359013 1.5759372 2.4546818 1.5984061 1.5771261 2.2182385 1.8194877 2.5433262 1.4643562 1.2891471 1.3135966 1.2578825 1.2689217 1.2569312 1.2666245 1.3031576 1.4620703 1.8582559 1.8329391 1.8475212 1.7622505 
Ocar_g7749                                             1.5487453 1.5506958 1.5780497 1.6676216 1.4982190 1.4231447 1.4315679 1.4925851 1.4467292 1.1449097 1.1946579 0.9690751 1.8333432 1.4819213 1.9698570 1.4596340 1.0461776 1.3415206 1.3143421 1.3784948 0.5134762 1.4344902 0.0822852 0.0000000 0.9348790 1.2281201 1.2310137 1.2258077 1.3606034 1.3248772 1.5149614 1.2563348 1.4485003 1.4539105 1.8986118 1.7983673 1.9300333 1.7862491 3.0572548 1.5459655 1.6865658 2.9295369 1.0687609 1.7856481 1.6960443 2.2939531 3.3569353 2.5178580 1.7881533 1.7249197 1.4048222 1.4780564 1.4688688 1.8030368 1.7998314 2.5100025 1.7338789 1.7189623 2.3471026 1.7570037 1.8692629 1.6656979 1.6506253 1.5887462 1.5481205 1.4602431 1.4469106 1.5301870 1.4870161 1.6283292 2.9105219 1.7114472 1.5771261 2.2202339 1.9757297 2.5534957 1.5704619 1.4627192 1.4750645 1.4301051 1.4423920 1.4110886 1.4230108 1.4578082 1.5679521 1.9603187 2.0397924 1.9919988 1.9850561 
Tetwil_g2593.t1                                        1.2740378 1.1866454 1.2421991 1.1796299 1.4343565 1.1775771 1.1509067 1.1813043 1.1942331 0.9151659 0.9995254 0.9781000 1.3267510 1.1142718 0.9549837 0.8389544 0.7933235 0.8058706 0.7572509 0.7944869 0.4133674 0.7987703 0.8813800 0.9348790 0.0000000 1.0793084 1.0551069 1.3328357 1.1983167 1.1315324 1.0412703 1.1094103 1.1578517 1.1137534 1.8024245 1.6501254 1.6021315 1.4791903 2.1150832 1.2832676 1.4275973 2.0146058 1.2076469 1.3107357 1.3107357 1.6736177 2.4765699 1.8281075 1.4983118 1.5007957 1.1730179 1.1730179 1.1730179 1.3588777 1.3588777 1.8599246 1.3578556 1.3578556 1.8542113 1.4732915 1.5574949 1.2976250 1.2930816 1.1783780 1.3214539 1.1544315 1.1077524 1.2131548 1.2323711 1.3091550 1.9403236 1.2611321 1.4676319 1.1035670 1.3457783 2.1379250 1.1671495 1.0852585 1.1148973 1.1746289 1.1610449 1.1506961 1.1506961 1.0984262 1.5493689 1.6892049 1.6040334 1.7272032 1.9096492 
Cgig_XM_034474940.1                                    1.5900746 1.4572224 1.6179936 1.5620235 1.5670498 1.2272802 1.3848412 1.3717405 1.3440496 1.0493362 1.0623939 0.8245861 1.5887474 1.4231618 1.9642901 1.6058747 1.5437536 1.6079028 1.2971406 1.5691567 0.7769781 1.3318888 1.1425992 1.2281201 1.0793084 0.0000000 0.0140009 0.8239043 0.9154795 0.8654885 0.8450569 0.8309366 1.0442755 0.8576663 1.7654471 1.7255432 1.7661406 1.4895756 2.1155745 1.4192792 1.4889188 2.2105796 1.1313074 1.6256682 1.5737833 2.0140843 2.7232251 2.1623315 1.7102072 1.7883586 1.3882786 1.4817316 1.4192244 1.6116007 1.5380455 1.9871755 1.6560456 1.5900394 2.0798676 1.6558918 1.9823295 1.5508349 1.5000580 1.6640967 1.6438063 1.5296590 1.4204599 1.4097056 1.3664258 1.4386853 2.1748529 1.6599159 1.8577636 2.6311533 1.8044533 2.3067634 1.4146584 1.4439738 1.4375794 1.4224223 1.4313116 1.4912168 1.5008071 1.4525066 1.0253018 1.2011598 1.6041842 1.9456121 1.8570806 
Cgig_XM_034474986.1                                    1.5923884 1.4720820 1.6543273 1.5492601 1.5724414 1.2306384 1.4003227 1.3738818 1.3537608 1.0637841 1.0770954 0.8231556 1.5705022 1.3828781 1.9242812 1.5932707 1.5234130 1.5938532 1.2882655 1.5645789 0.7441771 1.3229005 1.1452024 1.2310137 1.0551069 0.0140009 0.0000000 0.8233403 0.9056683 0.8586529 0.8324836 0.8113277 1.0260520 0.8519906 1.7790011 1.7384589 1.7793976 1.4881258 2.0995989 1.4175217 1.4873707 2.1916861 1.1369194 1.6062144 1.5395934 1.9907841 2.6819818 2.1358759 1.7026070 1.7802699 1.3679328 1.4604894 1.3987694 1.5920331 1.5004103 1.9623105 1.6360713 1.5514535 2.0543347 1.6281101 1.9973650 1.5179977 1.4672559 1.6596008 1.6341725 1.4978902 1.4402440 1.4306536 1.3814389 1.4412638 2.1424778 1.6292224 1.8577636 2.5695336 1.7707232 2.3090265 1.4198469 1.4557362 1.4492554 1.4402722 1.4492889 1.5036936 1.5135497 1.4578482 1.0251164 1.1938752 1.5988971 1.9202389 1.8330096 
Cscu_XM_023364388.1                                    1.3598331 1.2929653 1.3099357 1.3800761 1.3422197 1.1564505 1.1956645 1.0926490 1.1323509 0.9575485 1.2558047 1.2934252 1.4499303 1.1332056 2.1016535 1.4892235 1.5426348 1.5540247 1.3461384 1.5029605 0.9071063 1.3945952 1.1146421 1.2258077 1.3328357 0.8239043 0.8233403 0.0000000 0.6765962 0.6287697 0.6531931 0.7973809 1.0575979 0.9671369 1.5960606 1.5100217 1.6317476 1.4859984 1.9525465 1.3880668 1.4593592 1.9596814 1.1950702 1.4528403 1.3507051 1.5876168 1.9720214 1.6272804 1.7173984 1.6143324 1.3557995 1.4190072 1.3973237 1.4122168 1.2827211 1.5062665 1.5792397 1.4702576 1.8273233 1.4505197 1.6722113 1.4614340 1.5560456 1.4697858 1.6895307 1.3442035 1.4838226 1.4437490 1.3823733 1.4440704 1.8646018 1.5357806 1.5832657 2.4712490 1.6111404 2.2477782 1.3900213 1.5286351 1.5366783 1.5490393 1.5586225 1.6012515 1.6105711 1.5398518 0.9747044 1.0403156 1.3235696 1.7038785 1.5723979 
Dpul_mRNA4852                                          1.3022004 1.2020758 1.2213742 1.3037960 1.3752932 1.0320531 1.1557054 1.0654459 1.0724704 0.9995406 0.9683683 0.9013047 1.3914858 1.1606045 1.7270906 1.3266785 1.4521998 1.3479545 1.2918722 1.6130652 0.9008674 1.3191242 1.2378937 1.3606034 1.1983167 0.9154795 0.9056683 0.6765962 0.0000000 0.5099945 0.8062681 0.9176642 1.0631519 1.0303542 1.8089386 1.7150590 1.7785982 1.4881068 2.0621047 1.4167768 1.4332628 2.0257447 1.1285002 1.4494063 1.3320159 1.6678277 2.1272993 1.7788185 1.6581966 1.5006313 1.4063143 1.4929197 1.4434872 1.4627943 1.3079340 1.5440075 1.6721804 1.5380852 1.9405933 1.4573604 1.6501818 1.4958724 1.6134831 1.2066526 1.4120348 1.2791961 1.4504176 1.5630148 1.4246858 1.3934839 1.7474577 1.4355119 1.6781764 2.3467961 1.5515235 2.1902811 1.3131825 1.4845516 1.4487266 1.4482469 1.4576389 1.4842825 1.5006155 1.4665445 1.0138300 1.0669806 1.4157673 1.5778720 1.6991597 
Tcas_TC012578_001                                      1.3496829 1.3228544 1.2968632 1.3280058 1.5898247 1.0952642 1.1708740 1.1062655 1.0758120 1.0309432 1.1003981 0.8252722 1.3600271 1.2025150 1.8555877 1.5214787 1.5188428 1.5180229 1.2775687 1.4807740 0.7524942 1.4328402 1.2391389 1.3248772 1.1315324 0.8654885 0.8586529 0.6287697 0.5099945 0.0000000 0.7917924 0.8937245 1.1131638 0.9361027 1.7384371 1.6886754 1.8064063 1.4852865 1.9478116 1.3579454 1.4508278 1.9360170 1.1620924 1.5050313 1.3227451 1.5504664 1.9275133 1.6368185 1.7241236 1.5958450 1.4445401 1.5289696 1.4703073 1.4728933 1.3272200 1.5743722 1.6741020 1.5505634 1.9691082 1.6080330 1.7058982 1.4731947 1.6009559 1.2959247 1.5076136 1.4344256 1.4511406 1.6334059 1.5513017 1.4731727 1.7356655 1.4948323 1.7543154 2.4067178 1.5808564 2.1769452 1.3209408 1.5627236 1.5973032 1.5849156 1.5949451 1.5924652 1.6059014 1.5686795 1.0403201 1.1932690 1.4823615 1.4785174 1.7397205 
Ctel_gnl_WGS_AMQN_CAPTEDRAFT_mRNA227830                1.5546440 1.5107873 1.5167123 1.4662288 1.5011066 1.1305758 1.1827497 1.1475764 1.1246885 0.9132714 1.1250726 0.9828867 1.4105705 1.1222906 1.9012291 1.5250451 1.4108868 1.5047436 1.3916554 1.6604118 0.7022056 1.4367798 1.3785381 1.5149614 1.0412703 0.8450569 0.8324836 0.6531931 0.8062681 0.7917924 0.0000000 0.8764470 1.0103014 0.9872761 1.7995970 1.6946637 1.7643288 1.4806076 2.0589962 1.3618432 1.4342210 2.0288956 1.1589987 1.4889928 1.3855318 1.6685253 2.1954783 1.7966933 1.4716523 1.4573030 1.1844581 1.2642128 1.2166900 1.3468698 1.2905508 1.5537457 1.4506005 1.4070300 1.7533190 1.4812215 1.6253950 1.2450055 1.3217401 1.2763632 1.5359135 1.3042562 1.3636174 1.3077354 1.3676887 1.3549437 1.9767359 1.5239403 1.5281244 2.3301258 1.5277617 2.4108881 1.4123867 1.4443093 1.4280512 1.4728278 1.4823186 1.5860232 1.5906889 1.5779207 1.0240935 1.0969917 1.5639153 1.9202057 1.7686209 
Bralan_BLAG03002044_1                                  1.3157748 1.3058886 1.2896926 1.3673163 1.4335393 0.9539333 1.0797082 1.0916998 1.1407712 0.8726572 1.1459856 0.8926386 1.4824667 1.0066972 1.9212080 1.4559299 1.3007357 1.4765884 1.2260244 1.4806057 0.8047226 1.1620368 1.1646652 1.2563348 1.1094103 0.8309366 0.8113277 0.7973809 0.9176642 0.8937245 0.8764470 0.0000000 0.7935639 0.9302128 1.7194087 1.6421075 1.7227406 1.5161782 2.1643947 1.3813489 1.5164950 2.2663267 1.1053341 1.5398297 1.4250233 1.6880163 2.2267947 1.8883865 1.6381403 1.5430672 1.3193312 1.4215219 1.3746201 1.4770846 1.4470790 1.7653204 1.5580309 1.5447466 1.9378474 1.4744414 1.7318250 1.3653624 1.5117245 1.3376941 1.4254452 1.3689569 1.3859602 1.3474447 1.2489423 1.4347146 1.9705266 1.4198080 1.4822640 2.2783574 1.5124300 2.1068349 1.2646816 1.3295439 1.3096051 1.3463246 1.3549558 1.3711986 1.3604161 1.2695177 0.8215127 0.8956638 1.2200301 1.8001971 1.3353000 
Spur_XM_030985527.1                                    1.5062067 1.3388465 1.4588123 1.3939287 1.5519703 1.2144430 1.2388550 1.3383932 1.3469640 1.2095321 1.2814548 1.0111429 1.4975113 1.2298803 1.9076141 1.5767457 1.5606028 1.6662929 1.3938066 1.6512242 0.7045928 1.3274677 1.3439551 1.4485003 1.1578517 1.0442755 1.0260520 1.0575979 1.0631519 1.1131638 1.0103014 0.7935639 0.0000000 1.2184041 1.6535579 1.5984315 1.7578798 1.5553472 2.2213643 1.3893766 1.5290421 2.2535741 1.1100076 1.6079824 1.4150780 1.7200622 2.2545746 1.8034113 1.6622184 1.4955505 1.3328930 1.4178280 1.3788539 1.4755986 1.2982422 1.6112493 1.6174239 1.4516295 1.8902745 1.6016716 1.7482617 1.3312728 1.3837330 1.4410134 1.5800509 1.3916589 1.6503958 1.6764283 1.5699248 1.4243442 2.2254170 1.6744847 1.6993866 2.4553428 1.7955043 2.5755392 1.4872492 1.5914075 1.6215737 1.5738142 1.5834519 1.5986362 1.6067924 1.6294192 0.8772796 1.2188131 1.6310977 1.8311476 1.6628437 
Acagra_model.g18164.t1                                 1.2527647 1.3985910 1.3680675 1.3987039 1.4884836 1.2628361 1.3106321 1.2732122 1.3190545 0.8752189 0.9131635 0.8407440 1.7669786 1.3340931 2.4123707 1.5405598 1.1633690 1.4840247 1.3891010 1.4414784 0.7066847 1.4054771 1.4053799 1.4539105 1.1137534 0.8576663 0.8519906 0.9671369 1.0303542 0.9361027 0.9872761 0.9302128 1.2184041 0.0000000 1.6439820 1.5198301 1.5389898 1.4658764 2.4096411 1.3637313 1.3565345 2.1153046 1.0923664 1.4297108 1.4297108 1.8714340 2.6973642 2.0589788 1.5708935 1.5566173 1.2847426 1.2413148 1.2768898 1.3668780 1.4621044 2.0360160 1.3983588 1.5004681 2.1492146 1.4670250 1.5922397 1.4417925 1.4363363 1.4387382 1.5127491 1.4563497 1.4490281 1.3913230 1.3361459 1.4774684 3.0024389 1.4660867 1.1022058 1.4480767 1.4757396 2.0660781 1.2887480 1.4265670 1.4156393 1.4449126 1.4461589 1.4878730 1.4875038 1.3891870 1.2121019 1.3052646 1.6076065 1.6326924 1.8420885 
Pbac_sb2657375                                         2.1412763 1.9691416 2.0759696 1.9207258 2.0173342 1.4873666 1.6235299 1.6040035 1.5902688 1.6192408 1.7411199 1.3223492 1.7496413 1.4866195 2.3234244 1.9582766 1.8243474 2.0065952 1.9161947 2.1324183 1.0150713 1.9390158 1.7783990 1.8986118 1.8024245 1.7654471 1.7790011 1.5960606 1.8089386 1.7384371 1.7995970 1.7194087 1.6535579 1.6439820 0.0000000 0.0466435 0.2166880 0.5124681 0.7054312 0.3671559 0.4885057 0.6811449 0.3993567 0.4879252 0.4539987 0.4745120 0.4997191 0.5052144 0.6513086 0.5085205 0.4242144 0.4673699 0.4449947 0.5059799 0.5352965 0.5252712 0.6318021 0.6948496 0.7661354 0.5521395 0.5776217 0.5963408 0.7063523 2.1020850 2.1049504 1.9688311 1.9733515 1.9504127 1.9499590 2.2031698 3.0580128 2.2994004 2.3228759 2.9406297 2.4107744 3.4784433 1.9554531 1.8053881 1.8362411 1.8472669 1.8507390 1.8093443 1.8386166 1.8608867 1.7907094 2.2665775 2.4293475 2.0983321 2.0695231 
Horcal_Hcv1.av93.c1.g1047.i1                           2.0398216 1.9198754 1.9823762 1.8558732 1.8991300 1.4657021 1.5944499 1.5861273 1.5572895 1.6503061 1.6200119 1.1806339 1.6839647 1.4488807 2.4067568 1.8987879 1.8251708 1.9350601 1.7962712 2.1382257 1.0150713 1.9016986 1.6895874 1.7983673 1.6501254 1.7255432 1.7384589 1.5100217 1.7150590 1.6886754 1.6946637 1.6421075 1.5984315 1.5198301 0.0466435 0.0000000 0.1529324 0.4421001 0.6584235 0.3075129 0.4053148 0.6018496 0.3312804 0.4302982 0.3950946 0.3713468 0.4421798 0.3903361 0.5755519 0.4504076 0.3732088 0.4175582 0.3919853 0.4573765 0.4744773 0.4640069 0.5521572 0.5923752 0.6382905 0.4871225 0.5021884 0.5433084 0.6302114 1.9997576 2.0049160 1.9368662 1.8833016 1.8871284 1.9007510 2.1570034 3.0620848 2.2241891 2.3083276 2.8917081 2.3176881 3.2679488 1.8742402 1.7036221 1.7257432 1.7402834 1.7456368 1.6986899 1.7199776 1.7506314 1.7627844 2.2446149 2.3769455 1.9920216 2.1336469 
Horcal_Hcv1.av93.c1.g1047.i2                           2.0250053 2.0163464 2.0673387 1.9348197 1.9649226 1.5943916 1.6946799 1.6757839 1.6569337 1.6503061 1.6200119 1.1806339 1.7826905 1.5499122 2.2118505 1.7625962 1.8251708 1.9718683 1.7424605 2.1074556 1.0150713 1.9727335 1.7247960 1.9300333 1.6021315 1.7661406 1.7793976 1.6317476 1.7785982 1.8064063 1.7643288 1.7227406 1.7578798 1.5389898 0.2166880 0.1529324 0.0000000 0.2621398 0.3006857 0.2876962 0.4029248 0.5941709 0.3312804 0.5516335 0.5201933 0.5404705 0.7086390 0.5798962 0.3619767 0.5868887 0.3912513 0.4228230 0.4013619 0.5878326 0.6374113 0.7077113 0.4460128 0.4608293 0.4442621 0.5536575 0.6743243 0.6324503 0.5371135 1.8172578 1.9981197 1.9876201 1.8525282 1.8542006 1.8284036 2.2617517 3.0188618 2.2386882 2.3083276 2.9090491 2.5018737 3.1910310 1.9398861 1.5922941 1.5997575 1.6067412 1.6118106 1.5952333 1.5959616 1.6321804 1.8503117 2.3687020 2.5859825 2.0085459 2.1225535 
Bolinf_Binf_sb1245714                                  1.6241913 1.6827128 1.7067087 1.5708253 1.7244129 1.5884419 1.4987810 1.4935745 1.5105370 1.2821066 1.2376553 1.1254331 1.7586639 1.5233170 2.0765931 1.5713680 1.3514695 1.7994666 1.5261025 1.7856800 0.9678781 1.5962457 1.5840257 1.7862491 1.4791903 1.4895756 1.4881258 1.4859984 1.4881068 1.4852865 1.4806076 1.5161782 1.5553472 1.4658764 0.5124681 0.4421001 0.2621398 0.0000000 0.0202051 0.0597704 0.1526024 0.3586703 0.0950426 0.3180221 0.3180221 0.3122059 0.4743071 0.3597639 0.2313218 0.4787857 0.3299007 0.3761702 0.3512937 0.5672194 0.6614190 0.7943671 0.4003953 0.4705809 0.4960671 0.4978532 0.5568453 0.5702056 0.4624420 1.6290716 1.6341414 1.5716735 1.7362649 1.5569343 1.5702037 1.8351869 2.9094362 1.7840554 1.4197330 2.2730855 2.0273139 2.5011185 1.6060200 1.3770128 1.3889248 1.3783953 1.3916621 1.3142471 1.2971723 1.4195134 1.8285869 2.1095389 2.4033918 2.0870235 1.7349310 
Bolinf_Binf_sb1245715                                  2.4737470 2.5054272 2.6190005 2.4607816 2.6661564 2.2021695 2.0417344 2.0416393 2.0738187 1.4444578 2.6270059 2.2093598 2.5994138 2.0505707 2.1901019 1.9831556 2.4464828 2.6821456 2.2261617 2.3255980 0.0000010 2.5477107 2.5105593 3.0572548 2.1150832 2.1155745 2.0995989 1.9525465 2.0621047 1.9478116 2.0589962 2.1643947 2.2213643 2.4096411 0.7054312 0.6584235 0.3006857 0.0202051 0.0000000 0.1540720 0.3586703 0.3169631 0.4599261 0.5551108 0.5551108 0.3861622 0.4133100 0.3861622 0.2952463 0.8143394 0.4102944 0.5109955 0.4579131 0.8607141 0.8607141 0.8607141 0.5175929 0.5175929 0.5175929 0.7064392 0.8023232 0.8284950 0.6066140 2.0308147 2.2096587 2.2456919 2.2772728 2.0632573 2.1815394 2.5324511 2.9094362 2.5716788 9.0000000 8.9999986 3.2183430 3.3351869 2.3360085 1.9595543 1.9934597 1.9892166 1.9892166 1.8421831 1.8015026 2.0038633 3.1440926 2.8840336 3.0635969 3.0290221 1.8463292 
Bolinf_Binf_sb1245718                                  1.4833646 1.7093216 1.6580297 1.5382955 1.6667785 1.5425796 1.4335660 1.4602184 1.4645447 1.2821066 1.2331987 1.1179238 1.7344819 1.4231471 2.3708635 1.6479681 1.3514695 1.7221940 1.5475822 1.6393730 0.9678781 1.5226125 1.3676369 1.5459655 1.2832676 1.4192792 1.4175217 1.3880668 1.4167768 1.3579454 1.3618432 1.3813489 1.3893766 1.3637313 0.3671559 0.3075129 0.2876962 0.0597704 0.1540720 0.0000000 0.0250321 0.0834344 0.0950426 0.1941332 0.1941332 0.1417828 0.2193678 0.1698214 0.3065075 0.3268209 0.3187777 0.3592186 0.3457150 0.4234737 0.5089669 0.5657587 0.3986060 0.4789054 0.5153173 0.3916717 0.4047393 0.4428129 0.4401185 1.6678598 1.5442314 1.4375950 1.5147978 1.4494422 1.4149259 1.5066836 3.3276509 1.7248389 1.4197330 1.8054834 1.7098159 2.2919545 1.5690313 1.2588576 1.2855304 1.2757764 1.2900907 1.2194035 1.2269589 1.2943051 1.7266631 1.9736113 2.3928510 1.8938245 1.8209786 
Bolinf_Binf_sb1245716                                  1.5832111 1.6935983 1.6670370 1.6074817 1.7170856 1.7349976 1.6424400 1.6562212 1.6408491 1.2821066 1.2331987 1.1179238 2.0898465 1.5472685 2.4298734 1.6827182 1.3514695 1.5300525 1.5128924 1.8419936 0.9678781 1.6137243 1.6149955 1.6865658 1.4275973 1.4889188 1.4873707 1.4593592 1.4332628 1.4508278 1.4342210 1.5164950 1.5290421 1.3565345 0.4885057 0.4053148 0.4029248 0.1526024 0.3586703 0.0250321 0.0000000 0.0222394 0.0950426 0.2634116 0.2634116 0.2326789 0.3521692 0.2704757 0.4227700 0.3906302 0.3341113 0.3327326 0.3177668 0.5068546 0.5978252 0.7020128 0.5247062 0.6182286 0.7356055 0.4749218 0.4998298 0.5343067 0.5810658 1.6875629 1.6739868 1.6054831 1.6146476 1.4962047 1.4924308 1.6321716 3.5353154 1.8512045 1.4197330 1.7059947 1.9194840 2.4565277 1.6689015 1.4727509 1.5154289 1.5081003 1.5232107 1.4444681 1.4287995 1.5505569 1.8798970 2.0727246 2.4238375 2.0147395 2.0092041 
Bolinf_Binf_sb1245717                                  2.4948924 2.6561998 2.6442583 2.7071557 2.7594251 2.6957009 2.5013442 2.5534707 2.5086302 1.4444578 2.6921698 2.2414656 3.7159552 2.1943754 2.7852188 2.3158446 2.4464828 2.0487135 2.3101802 2.4711854 0.0000010 2.7752008 2.7240732 2.9295369 2.0146058 2.2105796 2.1916861 1.9596814 2.0257447 1.9360170 2.0288956 2.2663267 2.2535741 2.1153046 0.6811449 0.6018496 0.5941709 0.3586703 0.3169631 0.0834344 0.0222394 0.0000000 0.4599261 0.4424052 0.4424052 0.2814812 0.2919696 0.2814812 0.7201693 0.6435138 0.4202865 0.4178504 0.3861088 0.7591870 0.7591870 0.7591870 0.7988234 0.7988234 0.7988234 0.6859953 0.6980904 0.7734320 0.8866414 2.2263789 2.4064123 2.4399563 2.1025862 1.9891575 2.0732172 2.1513634 3.5353154 2.8642871 9.0000000 8.9999987 3.0785597 3.3604697 2.6283480 2.2831154 2.4048822 2.4050647 2.4050647 2.2302082 2.1898153 2.4112483 3.5843443 2.9092567 3.2359307 2.9778930 2.2983795 
