61
Eupdun_Edun_sb10692652                                  0.0000000 1.5340220 1.5281007 1.7890593 1.8775959 1.7530329 1.7793236 1.5624812 1.4966511 2.0412983 4.1915803 4.5241669 3.3156163 4.8263659 3.3063764 2.9716748 3.8449698 3.0123578 3.4077714 3.3320829 3.4065898 3.4594597 3.6944982 3.5314379 2.9254053 3.1563001 3.5051439 3.3034677 3.3254959 3.1130915 8.9999985 3.7063491 3.8837359 3.4751656 4.3916288 3.7029271 4.0119515 3.7251533 3.8650103 4.4338969 3.6003689 3.8834485 3.3810889 3.9870655 2.1663202 3.3612981 3.3186527 4.5202182 4.4195848 4.5171426 4.5171426 4.4568955 4.3866417 4.3237397 4.3221698 3.8991107 4.7936072 5.1408424 3.9115508 3.7826324 4.9540905 
Coeast_Cast_sb767629                                    1.5340220 0.0000000 0.0566641 0.6884054 1.7956723 1.6155237 1.5973921 1.3803374 1.1490870 1.3966774 4.6904273 4.9877688 3.3715579 4.2274290 3.7275341 6.6506222 4.7783696 3.9639874 4.5750739 4.8078426 4.8894651 4.6517966 4.8264068 4.5164572 3.8518634 4.1227281 4.3825847 4.6672083 4.7717066 4.3763282 4.7770700 4.1091181 4.2630347 4.4323592 4.8832130 4.9562535 4.8412292 4.8049015 4.6844657 4.4421739 4.4327081 4.8630489 4.4936763 5.4312345 4.2098249 4.8439648 4.0819548 4.1852078 4.6598124 4.5756457 4.5600631 4.5566965 4.2863129 4.5105013 4.5105271 3.9213150 3.7660954 4.3912372 4.1110482 3.3042735 5.0382978 
Coemet_Cmet_scaffold9933_01                             1.5281007 0.0566641 0.0000000 0.5753879 1.5354480 1.4040695 1.4037614 1.1826085 1.1660819 1.4187610 3.6850909 5.0598982 4.1099009 2.9296926 3.1036327 2.6817935 4.6025999 2.8297290 3.0530143 3.2274204 3.2502866 3.0983593 3.1304047 3.1668110 3.3511866 3.2822524 2.7099953 4.2192933 4.8956291 4.2756083 1.9388207 3.1537763 3.1480049 3.7619109 3.3950804 3.5768709 3.5086293 3.6764584 3.8647490 3.5360866 3.2962039 3.4733728 3.3593448 3.8178703 2.8233278 3.5970530 3.5014850 3.1757543 3.7142197 3.6124343 3.6030681 3.9487324 3.5462563 3.5286816 3.7734724 3.2339436 3.1729095 3.7150584 3.4663354 3.0243630 3.6674359 
Vmul_sbMO415272                                         1.7890593 0.6884054 0.5753879 0.0000000 1.6589107 1.5760747 1.5721623 1.1859714 1.2119250 1.4699903 3.7689221 4.6921745 3.9522253 3.1136793 3.2095484 3.0038778 4.6252505 2.9301473 3.1435308 3.2653215 3.2558807 3.0150449 3.2396879 2.9275847 3.4941305 3.2776233 2.9651362 4.3187785 5.0313172 4.0389637 2.6054777 3.3242635 2.9876994 4.0291754 3.3588761 3.3541937 3.5349131 3.6556021 3.3479852 3.5959997 3.3742262 3.6111926 3.6976330 3.8888097 2.9169666 3.4594013 3.1829617 3.3306062 3.6198150 3.5120999 3.5028713 4.0437190 3.6055431 3.5242179 3.7330089 3.1190735 3.2827204 4.0592822 3.9600146 3.4768451 3.3981856 
Pbac_sb2659103                                          1.8775959 1.7956723 1.5354480 1.6589107 0.0000000 0.0529632 0.0570974 1.4749238 1.1173234 1.4683673 3.5519343 5.7322419 6.5218663 3.1160817 3.6467443 2.8308525 5.1016151 3.3878295 3.5172028 3.5302739 3.4766726 3.4876955 3.5297832 3.4440937 3.7256618 3.3923799 3.5752974 4.4058612 4.9141305 3.9508942 3.2394843 3.8812122 4.0072618 4.0263312 3.3572143 3.5042297 3.3929631 3.2761920 3.6906505 3.7361846 2.9400157 3.1519453 3.3894281 3.6941801 2.6209981 3.7678955 3.6950913 3.1747182 3.5308332 3.5511712 3.5484264 3.9567586 3.5902246 3.2566065 3.5464714 3.2042325 3.3453711 3.9362591 3.5568850 3.4001102 3.9443277 
Horcal_Hcv1.av93.c2.g227.i1                             1.7530329 1.6155237 1.4040695 1.5760747 0.0529632 0.0000000 0.0118164 1.3164024 1.0996561 1.4765921 3.1748357 5.1836417 5.8598512 3.1083134 3.5592244 2.6731230 5.2020914 3.1462224 3.2957788 3.3345140 3.3376755 3.2461338 3.2716324 3.1200998 3.5897931 3.2420502 3.3758760 4.5323584 4.7045972 3.9417858 2.9662126 3.7967731 3.8201690 3.8596810 3.1097991 3.2675912 3.1665892 3.0961194 3.5268090 3.5803452 2.6512352 2.8953689 3.0071876 3.2043812 2.3401884 3.3539143 3.4375415 3.2349657 3.4403409 3.3728592 3.3387055 3.8544045 3.3423392 2.9236176 3.1668484 2.8117652 3.3167929 3.6659252 3.4489215 3.4714516 3.6835536 
Horcal_Hcv1.av93.c2.g227.i2                             1.7793236 1.5973921 1.4037614 1.5721623 0.0570974 0.0118164 0.0000000 1.3377837 1.0996561 1.4773277 3.1976588 5.3014543 5.7573275 3.0631870 3.5307885 2.6758342 5.3058981 3.1997718 3.3417321 3.3822317 3.3854255 3.2926164 3.3225362 3.1604964 3.6365378 3.2869176 3.3188555 4.6086936 4.8002134 4.0071439 2.9695722 3.8525535 3.8767789 3.9063347 3.1475741 3.3132433 3.2120167 3.0930385 3.5779276 3.5612358 2.6851402 2.9367777 3.0500201 3.2500088 2.3728072 3.4044456 3.4575703 3.2635185 3.4912181 3.4223680 3.3877166 3.9061791 3.3922374 2.9567752 3.2069983 2.8291485 3.3196525 3.7006593 3.4459197 3.4681098 3.7179020 
Lampan_Lpan_12582_01                                    1.5624812 1.3803374 1.1826085 1.1859714 1.4749238 1.3164024 1.3377837 0.0000000 0.8728432 1.2665611 3.5833595 4.9480853 4.4726776 2.8479834 3.1013194 2.3707528 3.6213595 2.4440182 2.5866692 2.6185549 2.6192524 2.5097861 2.6016528 2.6947946 3.0248514 2.7732157 2.8888291 3.8790351 4.1078500 3.6865517 2.2278484 3.2707031 3.2650905 3.2772635 2.9874196 2.7975865 3.1419208 2.8458452 3.2395823 3.3988828 2.7030594 2.9146204 2.8834742 3.2156851 2.7101507 3.5691512 3.2457069 3.5120849 3.4026331 3.4408900 3.4250342 3.6794131 3.5741871 3.6349208 4.0216901 3.1137443 3.3061108 4.0406552 3.8022413 3.4372507 3.3561441 
Beraby_Baby_sb333169                                    1.4966511 1.1490870 1.1660819 1.2119250 1.1173234 1.0996561 1.0996561 0.8728432 0.0000000 0.7543717 2.7002023 4.6138010 3.6562311 2.7676314 2.9334866 3.2208743 3.0581523 2.5974942 2.6140226 2.4837349 2.4994807 2.6350951 2.6050019 2.6853475 3.1517048 2.4993121 3.1675806 3.9697176 3.9687089 3.1979385 2.2584047 3.1219832 3.1678126 2.9549519 2.7771894 2.6537396 2.8962719 3.1632403 3.1398320 2.7331154 2.6301619 2.6748747 2.8061490 3.0341103 3.4653452 3.8087310 3.3721048 3.1078121 3.2082033 3.2100411 3.1835082 3.1844868 3.1846097 3.0454134 3.5540495 2.8867264 3.0739400 3.8493059 2.8404002 2.8404002 3.5627314 
Drygla_Dgla_sb281775                                    2.0412983 1.3966774 1.4187610 1.4699903 1.4683673 1.4765921 1.4773277 1.2665611 0.7543717 0.0000000 4.0064953 5.1657286 4.1829138 2.9915559 3.2687809 4.2716097 4.4304862 3.4722961 3.3852789 3.3413734 3.4538757 3.3527328 3.5329195 3.5650088 3.0044489 2.8153646 3.0064987 3.6542461 3.7662648 3.3132939 3.2381636 3.7868056 4.1084080 3.6810446 3.7054814 2.9829176 3.4659215 3.7946837 3.4724435 3.5448030 3.4060869 3.5550509 3.4333832 3.6408243 2.8771878 4.1864859 3.3135887 3.7694790 4.2780281 4.1825940 4.2107936 4.2418710 4.0621274 4.0175620 4.7165167 3.3198124 4.1751727 4.0143771 3.7331078 2.9986974 3.8568660 
Plajan_Pjan_scaffold318_01                              4.1915803 4.6904273 3.6850909 3.7689221 3.5519343 3.1748357 3.1976588 3.5833595 2.7002023 4.0064953 0.0000000 2.7938328 2.3704056 1.5623316 1.6670526 1.8198357 2.3585106 1.8548039 2.1283038 2.1551220 2.1390444 2.1479263 2.1445523 1.9984195 2.0427165 1.9291192 2.3276026 2.2614311 2.1929280 2.1234012 2.4703395 2.3089492 2.5282855 2.3820793 2.2990863 2.3927116 2.2853283 2.8347532 2.4137534 2.5334736 2.2729736 2.2856241 2.0401801 2.6769572 2.1144711 3.0249050 2.9409797 2.5012719 2.7388627 2.5967155 2.5870610 2.8212433 2.6691861 2.6276130 2.8458124 3.2840326 3.5212272 3.8943157 3.3030558 3.2511307 5.0228005 
Ctel_gnl_WGS_AMQN_CAPTEDRAFT_mRNA220509                 4.5241669 4.9877688 5.0598982 4.6921745 5.7322419 5.1836417 5.3014543 4.9480853 4.6138010 5.1657286 2.7938328 0.0000000 3.5594531 2.8473514 2.7655066 2.8994633 2.4015217 2.0566011 2.2438789 2.2714733 2.3406206 2.1330622 2.3587626 2.0264965 2.1685597 2.4685321 3.6795829 2.2623437 2.2507553 2.3887943 2.9240532 2.0872636 2.0770966 2.3932387 1.9078212 2.0213180 1.8646430 1.9867224 1.5118071 1.4358854 2.1710990 2.3960856 2.7032854 2.5034398 2.5820832 3.4522897 1.7753713 2.7072011 2.9181968 2.8867958 2.8715043 2.9064365 2.8038836 2.6764394 2.7163967 3.0363437 4.0485652 4.3147415 4.3027030 4.9923385 4.3135782 
Opea_EP00118_Oscarella_pearsei_P004991                  3.3156163 3.3715579 4.1099009 3.9522253 6.5218663 5.8598512 5.7573275 4.4726776 3.6562311 4.1829138 2.3704056 3.5594531 0.0000000 2.6686780 0.2744382 2.9242554 2.5742752 2.2570307 2.4953042 2.4677706 2.4868997 2.5735657 2.7776325 2.4151519 2.4567803 2.4763842 4.4325131 2.1503582 2.2646086 2.1233817 5.9657599 2.6219175 2.9654317 2.7257137 2.3053984 2.7458317 2.7254176 2.8519307 2.8041428 2.6753310 2.3135077 2.9908686 2.6290362 2.9154610 3.5118680 4.1319083 3.0086089 2.8325619 3.4135404 3.2921106 3.2921106 3.4143753 3.4980940 2.9692043 3.0028054 3.1202857 5.0173445 4.1255660 3.4526973 3.5274559 5.6593117 
Opea_EP00118_Oscarella_pearsei_P004992                  4.8263659 4.2274290 2.9296926 3.1136793 3.1160817 3.1083134 3.0631870 2.8479834 2.7676314 2.9915559 1.5623316 2.8473514 2.6686780 0.0000000 0.1324166 0.1924210 2.7711868 1.8754889 2.1125912 2.0805998 2.0593004 2.1202991 2.1673871 2.1811366 2.1866337 1.6621292 2.3773986 3.0499281 3.1123151 3.0588612 2.5107560 2.5898401 3.0239726 2.3672842 2.3749649 2.3698670 2.8481280 2.4426774 2.9484881 2.6630267 2.5653804 2.6209443 2.5507544 2.5736670 2.7098103 3.4297741 2.8358804 2.9244594 2.9717573 2.8747588 2.8731250 3.0485831 2.9134329 3.2515040 3.6417018 3.7825885 3.3391696 3.6695651 4.0620021 3.6671991 4.0362719 
Opea_EP00118_Oscarella_pearsei_P004993                  3.3063764 3.7275341 3.1036327 3.2095484 3.6467443 3.5592244 3.5307885 3.1013194 2.9334866 3.2687809 1.6670526 2.7655066 0.2744382 0.1324166 0.0000000 0.2071493 2.5384213 1.7190399 2.0397707 1.9929183 1.9891959 2.0265267 2.1655884 1.9788700 1.9041709 1.6526611 2.3179370 2.3372871 2.2319260 2.2085485 2.3495469 2.1919280 2.5547876 2.1965945 2.0403720 2.2203864 2.4381843 2.3287312 2.5900164 2.2478618 2.2478605 2.3598037 2.2310888 2.4041936 2.5045972 3.3349591 2.6542547 2.4691200 2.7364527 2.6695581 2.6683699 2.8175401 2.7360940 2.7539875 2.9449808 3.0191236 3.8212590 3.5438286 3.4413342 3.4682564 4.2083159 
Opea_EP00118_Oscarella_pearsei_P004994                  2.9716748 6.6506222 2.6817935 3.0038778 2.8308525 2.6731230 2.6758342 2.3707528 3.2208743 4.2716097 1.8198357 2.8994633 2.9242554 0.1924210 0.2071493 0.0000000 4.6974355 1.2902481 2.0307837 1.9585387 2.0184374 2.1005683 2.1062080 2.1462842 2.2071958 1.4289802 2.1439257 4.1328680 6.6533471 4.7029570 1.9760087 2.6636319 3.0115469 2.3957626 1.9545246 2.1791937 2.5837326 2.2081641 2.8073966 2.6536942 2.7458203 2.6344598 2.5711445 2.6796533 2.6304565 3.4662028 2.7503068 2.4785776 2.7612156 2.6790886 2.6797628 3.0461995 2.8137283 3.2455035 3.8797114 3.1391286 2.1024380 3.6767616 3.6471010 3.6712493 4.0158308 
Adig_XM_015910321.1                                     3.8449698 4.7783696 4.6025999 4.6252505 5.1016151 5.2020914 5.3058981 3.6213595 3.0581523 4.4304862 2.3585106 2.4015217 2.5742752 2.7711868 2.5384213 4.6974355 0.0000000 0.2470465 0.1908296 0.2576782 0.2416998 0.1823249 0.0990600 0.5915762 1.2101590 1.1903294 2.3501118 1.5341928 1.5412468 1.2141089 2.6572953 1.2727303 1.3840935 1.4387349 1.5345670 1.8501258 1.9746640 2.3436954 1.9466724 1.8367248 2.3503095 2.6600346 2.2990496 2.6587442 2.5978396 3.2372707 2.6755404 2.2228398 2.5339059 2.5031499 2.5071213 2.6910075 2.5580406 2.6002340 2.5824030 3.5669124 6.4232524 4.2073009 3.7869916 3.7255867 4.5314610 
Fspp_ffun1.m4.12643.m1                                  3.0123578 3.9639874 2.8297290 2.9301473 3.3878295 3.1462224 3.1997718 2.4440182 2.5974942 3.4722961 1.8548039 2.0566011 2.2570307 1.8754889 1.7190399 1.2902481 0.2470465 0.0000000 0.0684181 0.1193255 0.0985790 0.1146351 0.1524944 0.4922998 0.9011026 0.9948776 1.3592068 1.1954851 1.1103234 1.1535312 1.0254371 0.8909453 0.9562713 1.1581766 1.0240796 1.1812829 1.3073682 1.5638791 1.3377279 1.2658613 1.4178285 1.5277171 1.4932558 1.5508046 1.6300364 1.9343119 1.7810856 1.7623070 1.7127964 1.7177146 1.7177146 1.8897714 1.7602329 1.8127221 1.8113482 2.3858481 3.8381676 3.1178699 2.9376937 2.8981227 3.1162272 
Gasp_gasp1.m3.19951.m1                                  3.4077714 4.5750739 3.0530143 3.1435308 3.5172028 3.2957788 3.3417321 2.5866692 2.6140226 3.3852789 2.1283038 2.2438789 2.4953042 2.1125912 2.0397707 2.0307837 0.1908296 0.0684181 0.0000000 0.1251937 0.1061292 0.1048966 0.1329151 0.4588510 1.0952875 1.0404747 1.4493507 1.5428778 1.5302330 1.3253473 1.3704213 1.1367659 1.2701172 1.2892771 1.1800840 1.3316962 1.4979975 1.7217908 1.5578755 1.4670869 1.9226676 2.0063876 1.9447420 1.9883776 2.0889518 2.5059627 2.0328083 1.9222691 2.1612072 2.1365321 2.1391107 2.4016646 2.1774960 2.1045908 2.2111189 2.7576675 3.7901220 3.5415527 3.2848405 3.2816203 3.4563499 
Spis_XP_022789612_1                                     3.3320829 4.8078426 3.2274204 3.2653215 3.5302739 3.3345140 3.3822317 2.6185549 2.4837349 3.3413734 2.1551220 2.2714733 2.4677706 2.0805998 1.9929183 1.9585387 0.2576782 0.1193255 0.1251937 0.0000000 0.0449631 0.1577655 0.1904999 0.5007658 1.0032341 0.9952096 1.4046073 1.5304630 1.5336127 1.2676809 1.3282036 1.1622478 1.2149102 1.2145561 1.2035127 1.3890973 1.5328814 1.7391702 1.5852854 1.4970151 1.8790747 1.9535171 1.8228740 1.9763351 2.0364629 2.5228160 1.9953136 1.9367427 2.1733108 2.1571542 2.1597535 2.4036978 2.1943164 2.1438326 2.2740150 2.8374193 3.6926014 3.7722853 3.3592038 3.3150773 3.6257364 
Pocdam_XM_027184094.1                                   3.4065898 4.8894651 3.2502866 3.2558807 3.4766726 3.3376755 3.3854255 2.6192524 2.4994807 3.4538757 2.1390444 2.3406206 2.4868997 2.0593004 1.9891959 2.0184374 0.2416998 0.0985790 0.1061292 0.0449631 0.0000000 0.1427337 0.1788377 0.4773620 1.0154857 1.0246108 1.3653953 1.5529221 1.5538762 1.2733117 1.3088174 1.1510206 1.2143457 1.2119824 1.2090247 1.3716515 1.5180342 1.7600340 1.5703379 1.4766534 1.8842188 1.9810510 1.7963547 1.9193402 2.0095905 2.5031701 1.9807779 1.9246930 2.1868595 2.1691891 2.1717899 2.4335306 2.2068591 2.1600160 2.2925123 2.7925328 3.7397362 3.6875026 3.3435320 3.3182976 3.5802771 
Gfas_gfas1.m1.1374.m1                                   3.4594597 4.6517966 3.0983593 3.0150449 3.4876955 3.2461338 3.2926164 2.5097861 2.6350951 3.3527328 2.1479263 2.1330622 2.5735657 2.1202991 2.0265267 2.1005683 0.1823249 0.1146351 0.1048966 0.1577655 0.1427337 0.0000000 0.1079282 0.5024148 1.0325843 1.0073403 1.3697764 1.5049496 1.4551336 1.2893541 1.3579634 1.1319365 1.2570842 1.2203963 1.2174209 1.3947133 1.4755584 1.7307349 1.6394980 1.4859196 1.9952936 2.1073548 1.9049958 1.9700200 2.0988008 2.7182026 2.0120034 1.9941334 2.1559190 2.1072043 2.1097875 2.3879754 2.1688462 2.1388959 2.2677425 2.8227594 3.9098590 3.4730662 3.4652705 3.4349273 3.7295707 
Amil_Amillepora06097-RA                                 3.6944982 4.8264068 3.1304047 3.2396879 3.5297832 3.2716324 3.3225362 2.6016528 2.6050019 3.5329195 2.1445523 2.3587626 2.7776325 2.1673871 2.1655884 2.1062080 0.0990600 0.1524944 0.1329151 0.1904999 0.1788377 0.1079282 0.0000000 0.4935744 1.0352074 0.9559649 1.4327629 1.5325385 1.4672561 1.3055650 1.3554609 1.2670622 1.3853671 1.3078427 1.2184608 1.3955107 1.5711270 1.7831050 1.6821505 1.5201199 2.0790144 2.1916893 1.9854403 2.1236783 2.2842818 2.7800935 2.0324690 2.0095320 2.2710737 2.2210438 2.2238335 2.5404666 2.2807855 2.2391939 2.3832121 2.9463251 3.4567038 3.6913177 3.2384750 3.2860377 3.5999058 
Nvec_v1g98418                                           3.5314379 4.5164572 3.1668110 2.9275847 3.4440937 3.1200998 3.1604964 2.6947946 2.6853475 3.5650088 1.9984195 2.0264965 2.4151519 2.1811366 1.9788700 2.1462842 0.5915762 0.4922998 0.4588510 0.5007658 0.4773620 0.5024148 0.4935744 0.0000000 1.1116609 0.9902196 1.4581869 1.5109111 1.5057004 1.2302271 1.2619967 1.2142921 1.2557805 1.4848954 1.3748988 1.2899627 1.5087676 1.7431813 1.5861646 1.5469584 1.8016816 1.8394345 1.8269784 1.9416860 2.0878807 2.3606061 2.0880005 1.8861024 2.1750686 2.1278384 2.1305584 2.4856033 2.2617938 2.1148238 2.2212978 3.0620222 3.0915756 3.2618028 3.5266630 3.5077416 3.2618556 
Sanmal_Sma_021571-T1                                    2.9254053 3.8518634 3.3511866 3.4941305 3.7256618 3.5897931 3.6365378 3.0248514 3.1517048 3.0044489 2.0427165 2.1685597 2.4567803 2.1866337 1.9041709 2.2071958 1.2101590 0.9011026 1.0952875 1.0032341 1.0154857 1.0325843 1.0352074 1.1116609 0.0000000 0.3720342 0.6238735 0.7043095 0.8178168 0.7223422 1.0067723 1.4846539 1.5690558 1.0792464 1.6328476 1.5131176 1.6280872 1.8259510 1.9540803 1.6583297 1.7347015 1.8284939 1.7610304 1.7990594 2.0343290 2.3750409 2.2717025 1.9401829 2.4258292 2.4768954 2.4839614 2.6978770 2.4440020 2.4960035 2.6133237 2.7606455 3.1920584 3.3718339 3.1612054 3.0070953 3.6953914 
Aaur_scaffold78.g33.t1                                  3.1563001 4.1227281 3.2822524 3.2776233 3.3923799 3.2420502 3.2869176 2.7732157 2.4993121 2.8153646 1.9291192 2.4685321 2.4763842 1.6621292 1.6526611 1.4289802 1.1903294 0.9948776 1.0404747 0.9952096 1.0246108 1.0073403 0.9559649 0.9902196 0.3720342 0.0000000 0.3956413 0.4405141 0.4290138 0.4748957 0.7017033 1.2015059 1.3463558 0.9398997 1.4579260 1.4049419 1.4023504 1.9352172 1.7574643 1.5367043 1.5875195 1.6793290 1.7376296 1.7005023 1.6208626 1.9548460 2.0672362 1.9415818 1.8180450 1.8013255 1.8044313 2.0350286 1.9188114 1.9074961 1.9621214 2.8610865 2.8996132 2.9500951 2.6389659 2.3574574 2.9848662 
Rhoesc_Res_015197-T1                                    3.5051439 4.3825847 2.7099953 2.9651362 3.5752974 3.3758760 3.3188555 2.8888291 3.1675806 3.0064987 2.3276026 3.6795829 4.4325131 2.3773986 2.3179370 2.1439257 2.3501118 1.3592068 1.4493507 1.4046073 1.3653953 1.3697764 1.4327629 1.4581869 0.6238735 0.3956413 0.0000000 0.7348193 4.5275277 2.9909634 0.8025051 2.4650403 2.3349412 1.2488057 1.8670663 1.9713832 1.9058977 2.2356688 2.4744244 2.0893358 2.3513519 2.4638988 2.2294771 2.3466175 2.2364646 2.8509932 2.8273060 2.1804932 2.8118571 2.9161384 2.9172316 3.6681093 2.8206197 2.9511709 3.5437537 2.8267212 2.6029387 3.8923588 3.9162405 3.7589093 3.4165347 
Nemnom_g13545.t1                                        3.3034677 4.6672083 4.2192933 4.3187785 4.4058612 4.5323584 4.6086936 3.8790351 3.9697176 3.6542461 2.2614311 2.2623437 2.1503582 3.0499281 2.3372871 4.1328680 1.5341928 1.1954851 1.5428778 1.5304630 1.5529221 1.5049496 1.5325385 1.5109111 0.7043095 0.4405141 0.7348193 0.0000000 0.0661609 0.3412668 1.4632422 1.7822860 1.7721620 1.2462142 2.1757459 1.8834532 1.9273760 2.4045254 2.3650199 2.0433802 2.1290361 2.2910687 2.1273202 2.0065841 2.4813453 2.5827174 2.5212269 2.2197347 2.7520711 2.7425275 2.7464919 2.6401108 2.7290803 2.7445582 2.7497233 2.9694121 3.3941281 3.5881699 3.6644422 3.3647073 4.1852124 
Nemnom_g19548.t1                                        3.3254959 4.7717066 4.8956291 5.0313172 4.9141305 4.7045972 4.8002134 4.1078500 3.9687089 3.7662648 2.1929280 2.2507553 2.2646086 3.1123151 2.2319260 6.6533471 1.5412468 1.1103234 1.5302330 1.5336127 1.5538762 1.4551336 1.4672561 1.5057004 0.8178168 0.4290138 4.5275277 0.0661609 0.0000000 0.2369132 4.0415372 1.5819776 1.6644298 1.3359558 2.1947188 1.8503034 1.8279955 2.5395125 2.1443606 1.9277713 1.9637715 2.0299723 2.0640688 1.9495360 2.2036662 2.4067469 2.3181048 2.1975118 2.5319076 2.4701622 2.4744463 2.5411651 2.4867827 2.4833884 2.4882788 3.1210921 3.9446687 3.5249773 3.5825821 3.1627344 4.5539473 
Rhoesc_Res_015196-T1                                    3.1130915 4.3763282 4.2756083 4.0389637 3.9508942 3.9417858 4.0071439 3.6865517 3.1979385 3.3132939 2.1234012 2.3887943 2.1233817 3.0588612 2.2085485 4.7029570 1.2141089 1.1535312 1.3253473 1.2676809 1.2733117 1.2893541 1.3055650 1.2302271 0.7223422 0.4748957 2.9909634 0.3412668 0.2369132 0.0000000 3.1283357 1.4747718 1.5431136 1.3252190 1.8826170 1.6028480 1.6517592 2.2698855 1.8979608 1.9358030 1.9509555 2.1755299 2.1569173 2.1536694 2.3597713 2.4751999 2.3462365 2.0458617 2.4679544 2.3486035 2.3524731 2.5475372 2.4699683 2.2962574 2.2414140 2.9130718 3.9517364 3.0212383 3.1701234 2.8305398 4.0008572 
Chem_TCONS_00006252                                     8.9999985 4.7770700 1.9388207 2.6054777 3.2394843 2.9662126 2.9695722 2.2278484 2.2584047 3.2381636 2.4703395 2.9240532 5.9657599 2.5107560 2.3495469 1.9760087 2.6572953 1.0254371 1.3704213 1.3282036 1.3088174 1.3579634 1.3554609 1.2619967 1.0067723 0.7017033 0.8025051 1.4632422 4.0415372 3.1283357 0.0000000 1.8557544 1.9496405 1.2742915 1.6197757 1.5936575 2.2115070 1.9105287 2.3194716 1.9514275 2.0839878 2.1866341 1.9983954 1.8777286 1.8867690 2.6941944 2.8637437 2.4118656 2.5769185 2.3663320 2.3387536 3.2339179 2.5794559 2.4656853 2.8035090 2.5333013 2.1880517 3.1490383 2.6921716 2.4120168 2.5985516 
Dgig_XM_028535235.1                                     3.7063491 4.1091181 3.1537763 3.3242635 3.8812122 3.7967731 3.8525535 3.2707031 3.1219832 3.7868056 2.3089492 2.0872636 2.6219175 2.5898401 2.1919280 2.6636319 1.2727303 0.8909453 1.1367659 1.1622478 1.1510206 1.1319365 1.2670622 1.2142921 1.4846539 1.2015059 2.4650403 1.7822860 1.5819776 1.4747718 1.8557544 0.0000000 0.4210511 1.6381078 1.7468724 1.7022541 1.6682227 2.1461152 1.8093275 1.6935833 2.1671962 2.1679751 2.1784220 2.2627171 2.3467632 2.5353897 1.9360788 2.4940293 2.1484958 2.1126482 2.1087800 2.5241021 2.1642750 2.1509040 2.1087464 2.7684674 3.6017187 3.2341392 2.7700917 2.7828747 3.6696286 
Xesp_013232-T1                                          3.8837359 4.2630347 3.1480049 2.9876994 4.0072618 3.8201690 3.8767789 3.2650905 3.1678126 4.1084080 2.5282855 2.0770966 2.9654317 3.0239726 2.5547876 3.0115469 1.3840935 0.9562713 1.2701172 1.2149102 1.2143457 1.2570842 1.3853671 1.2557805 1.5690558 1.3463558 2.3349412 1.7721620 1.6644298 1.5431136 1.9496405 0.4210511 0.0000000 1.6452985 1.8476664 1.7000210 1.7068741 2.0916778 1.8878337 1.8020561 2.3090271 2.3451744 2.3066384 2.2436030 2.1767236 2.5320259 2.1492693 2.4697209 2.2094727 2.2248517 2.2273670 2.4530403 2.3124855 2.3497299 2.3654831 2.8731377 3.7025126 3.4774753 3.0113062 2.9425425 3.7249552 
Morvir_scaffold1.g25.t2                                 3.4751656 4.4323592 3.7619109 4.0291754 4.0263312 3.8596810 3.9063347 3.2772635 2.9549519 3.6810446 2.3820793 2.3932387 2.7257137 2.3672842 2.1965945 2.3957626 1.4387349 1.1581766 1.2892771 1.2145561 1.2119824 1.2203963 1.3078427 1.4848954 1.0792464 0.9398997 1.2488057 1.2462142 1.3359558 1.3252190 1.2742915 1.6381078 1.6452985 0.0000000 1.5944376 1.7386263 1.7186334 2.2242328 2.0101660 1.8338019 1.9800166 1.9205414 1.9976985 2.1723345 2.0385699 2.8489091 2.2637903 2.3883961 2.2109034 2.3023119 2.3050733 2.2062881 2.3870182 2.2752982 2.4252409 3.4545511 3.3217371 3.5801011 3.1838750 3.0817537 4.0363303 
Bralan_BLAG08000366_1                                   4.3916288 4.8832130 3.3950804 3.3588761 3.3572143 3.1097991 3.1475741 2.9874196 2.7771894 3.7054814 2.2990863 1.9078212 2.3053984 2.3749649 2.0403720 1.9545246 1.5345670 1.0240796 1.1800840 1.2035127 1.2090247 1.2174209 1.2184608 1.3748988 1.6328476 1.4579260 1.8670663 2.1757459 2.1947188 1.8826170 1.6197757 1.7468724 1.8476664 1.5944376 0.0000000 1.0382663 1.2296397 1.3636818 1.3354567 1.3201053 2.0762359 2.1491681 2.1377853 2.3790533 2.2702820 2.8285384 1.8142775 1.6689297 2.1224254 2.0678260 2.0680609 2.3766857 2.1316605 1.9449683 2.0596462 2.6643111 3.1235128 3.5792800 3.1478485 3.1950387 3.3267733 
Skow_XM_002735340.2                                     3.7029271 4.9562535 3.5768709 3.3541937 3.5042297 3.2675912 3.3132433 2.7975865 2.6537396 2.9829176 2.3927116 2.0213180 2.7458317 2.3698670 2.2203864 2.1791937 1.8501258 1.1812829 1.3316962 1.3890973 1.3716515 1.3947133 1.3955107 1.2899627 1.5131176 1.4049419 1.9713832 1.8834532 1.8503034 1.6028480 1.5936575 1.7022541 1.7000210 1.7386263 1.0382663 0.0000000 1.1043354 1.3725262 1.3023915 1.2623519 2.2283572 2.2656190 2.0837047 2.3694544 2.4135680 2.9295530 1.9273572 1.8069775 2.0668261 1.9651684 1.9577750 2.2819986 2.0552177 1.9079452 2.0326195 2.6868958 2.8429925 3.5266591 3.2171196 3.2446541 3.6317904 
Hsap_ENST00000367874                                    4.0119515 4.8412292 3.5086293 3.5349131 3.3929631 3.1665892 3.2120167 3.1419208 2.8962719 3.4659215 2.2853283 1.8646430 2.7254176 2.8481280 2.4381843 2.5837326 1.9746640 1.3073682 1.4979975 1.5328814 1.5180342 1.4755584 1.5711270 1.5087676 1.6280872 1.4023504 1.9058977 1.9273760 1.8279955 1.6517592 2.2115070 1.6682227 1.7068741 1.7186334 1.2296397 1.1043354 0.0000000 1.6744072 1.3311350 1.3779963 2.0440351 1.9630180 1.9141995 2.0457055 2.4599181 2.8538021 1.9403467 1.6447583 2.1223996 2.0563024 2.0283750 2.4304628 2.0200044 1.8911550 1.9783430 2.5634307 2.8669338 3.8664367 3.0623304 2.9935688 3.4768081 
Cgig_XM_011457050.3                                     3.7251533 4.8049015 3.6764584 3.6556021 3.2761920 3.0961194 3.0930385 2.8458452 3.1632403 3.7946837 2.8347532 1.9867224 2.8519307 2.4426774 2.3287312 2.2081641 2.3436954 1.5638791 1.7217908 1.7391702 1.7600340 1.7307349 1.7831050 1.7431813 1.8259510 1.9352172 2.2356688 2.4045254 2.5395125 2.2698855 1.9105287 2.1461152 2.0916778 2.2242328 1.3636818 1.3725262 1.6744072 0.0000000 1.0534251 1.3493590 2.2102853 2.2486594 2.3364585 2.2927382 2.2718280 2.7944116 1.8515892 1.9020077 2.4269294 2.3608319 2.3611683 2.7875852 2.4305470 2.3460534 2.4615420 2.5262373 2.6815719 3.7510376 3.3563571 3.1197366 3.4241144 
Acagra_model.g20444.t1                                  3.8650103 4.6844657 3.8647490 3.3479852 3.6906505 3.5268090 3.5779276 3.2395823 3.1398320 3.4724435 2.4137534 1.5118071 2.8041428 2.9484881 2.5900164 2.8073966 1.9466724 1.3377279 1.5578755 1.5852854 1.5703379 1.6394980 1.6821505 1.5861646 1.9540803 1.7574643 2.4744244 2.3650199 2.1443606 1.8979608 2.3194716 1.8093275 1.8878337 2.0101660 1.3354567 1.3023915 1.3311350 1.0534251 0.0000000 1.1085611 1.9755706 2.1263145 1.9220050 1.9885086 2.2483476 2.7145289 1.7441415 1.9660284 2.3078345 2.2338508 2.2364048 2.5938994 2.2561742 1.9666298 1.9778802 2.4652970 3.5353517 3.5643927 3.2418921 3.0890794 3.5907465 
Cscu_XM_023360092.1                                     4.4338969 4.4421739 3.5360866 3.5959997 3.7361846 3.5803452 3.5612358 3.3988828 2.7331154 3.5448030 2.5334736 1.4358854 2.6753310 2.6630267 2.2478618 2.6536942 1.8367248 1.2658613 1.4670869 1.4970151 1.4766534 1.4859196 1.5201199 1.5469584 1.6583297 1.5367043 2.0893358 2.0433802 1.9277713 1.9358030 1.9514275 1.6935833 1.8020561 1.8338019 1.3201053 1.2623519 1.3779963 1.3493590 1.1085611 0.0000000 2.0037022 2.1638320 2.0355519 2.1158215 2.5194917 2.5846021 1.4466748 1.8885055 2.1851752 2.1293161 2.1225595 2.2749923 2.0680168 1.9159718 1.9874947 2.3728495 3.4283340 3.6115205 3.6086526 3.6439736 3.9072465 
Emue_Em0016g164a.t1                                     3.6003689 4.4327081 3.2962039 3.3742262 2.9400157 2.6512352 2.6851402 2.7030594 2.6301619 3.4060869 2.2729736 2.1710990 2.3135077 2.5653804 2.2478605 2.7458203 2.3503095 1.4178285 1.9226676 1.8790747 1.8842188 1.9952936 2.0790144 1.8016816 1.7347015 1.5875195 2.3513519 2.1290361 1.9637715 1.9509555 2.0839878 2.1671962 2.3090271 1.9800166 2.0762359 2.2283572 2.0440351 2.2102853 1.9755706 2.0037022 0.0000000 0.1896064 0.8655988 0.7339956 1.1497838 1.2798807 2.6000862 2.6090325 2.8193411 2.7974242 2.7562085 2.9819228 2.7798986 2.8804360 3.0555221 2.9323023 3.2535855 3.4152017 3.5392008 3.4050128 3.9044077 
Spolac_c111033_g1_i1_m.45775c111033-g1                  3.8834485 4.8630489 3.4733728 3.6111926 3.1519453 2.8953689 2.9367777 2.9146204 2.6748747 3.5550509 2.2856241 2.3960856 2.9908686 2.6209443 2.3598037 2.6344598 2.6600346 1.5277171 2.0063876 1.9535171 1.9810510 2.1073548 2.1916893 1.8394345 1.8284939 1.6793290 2.4638988 2.2910687 2.0299723 2.1755299 2.1866341 2.1679751 2.3451744 1.9205414 2.1491681 2.2656190 1.9630180 2.2486594 2.1263145 2.1638320 0.1896064 0.0000000 0.8606178 0.7722593 1.1406404 1.3993717 2.4390076 2.6096465 2.7676534 2.7396861 2.7021844 3.1255203 2.7213193 2.7926746 2.9389081 3.1015997 3.0910599 3.5629783 3.3553903 3.1973373 3.6956558 
Tetwil_g24178.t1                                        3.3810889 4.4936763 3.3593448 3.6976330 3.3894281 3.0071876 3.0500201 2.8834742 2.8061490 3.4333832 2.0401801 2.7032854 2.6290362 2.5507544 2.2310888 2.5711445 2.2990496 1.4932558 1.9447420 1.8228740 1.7963547 1.9049958 1.9854403 1.8269784 1.7610304 1.7376296 2.2294771 2.1273202 2.0640688 2.1569173 1.9983954 2.1784220 2.3066384 1.9976985 2.1377853 2.0837047 1.9141995 2.3364585 1.9220050 2.0355519 0.8655988 0.8606178 0.0000000 0.5481720 1.0606821 1.3693299 2.5196903 2.4068001 2.6258977 2.5611452 2.5562641 2.8230747 2.5690076 2.5011357 2.6035422 3.0248287 3.0029269 3.5349976 2.9042815 2.7649260 3.6037617 
Stycar_maker-SC_scaffold3166-snap-gene-0.33-mRNA-1      3.9870655 5.4312345 3.8178703 3.8888097 3.6941801 3.2043812 3.2500088 3.2156851 3.0341103 3.6408243 2.6769572 2.5034398 2.9154610 2.5736670 2.4041936 2.6796533 2.6587442 1.5508046 1.9883776 1.9763351 1.9193402 1.9700200 2.1236783 1.9416860 1.7990594 1.7005023 2.3466175 2.0065841 1.9495360 2.1536694 1.8777286 2.2627171 2.2436030 2.1723345 2.3790533 2.3694544 2.0457055 2.2927382 1.9885086 2.1158215 0.7339956 0.7722593 0.5481720 0.0000000 1.0383728 1.4187522 2.4800881 2.6186886 2.7599678 2.7466797 2.7437294 3.0440564 2.7015400 2.6179363 2.7508629 3.0937490 2.8429709 3.7811398 3.0754152 3.0149099 3.9690741 
Xestes_maker-XT_scaffold154785-augustus-gene-0.4-mRNA-1 2.1663202 4.2098249 2.8233278 2.9169666 2.6209981 2.3401884 2.3728072 2.7101507 3.4653452 2.8771878 2.1144711 2.5820832 3.5118680 2.7098103 2.5045972 2.6304565 2.5978396 1.6300364 2.0889518 2.0364629 2.0095905 2.0988008 2.2842818 2.0878807 2.0343290 1.6208626 2.2364646 2.4813453 2.2036662 2.3597713 1.8867690 2.3467632 2.1767236 2.0385699 2.2702820 2.4135680 2.4599181 2.2718280 2.2483476 2.5194917 1.1497838 1.1406404 1.0606821 1.0383728 0.0000000 1.0106572 2.3086565 2.4043106 2.4919165 2.4228133 2.4289722 2.7611113 2.3428844 2.4565523 2.5670862 2.4777613 2.6563318 3.5048578 3.0921301 2.9734719 3.4575118 
Aque_Aqu2.1.40231_001                                   3.3612981 4.8439648 3.5970530 3.4594013 3.7678955 3.3539143 3.4044456 3.5691512 3.8087310 4.1864859 3.0249050 3.4522897 4.1319083 3.4297741 3.3349591 3.4662028 3.2372707 1.9343119 2.5059627 2.5228160 2.5031701 2.7182026 2.7800935 2.3606061 2.3750409 1.9548460 2.8509932 2.5827174 2.4067469 2.4751999 2.6941944 2.5353897 2.5320259 2.8489091 2.8285384 2.9295530 2.8538021 2.7944116 2.7145289 2.5846021 1.2798807 1.3993717 1.3693299 1.4187522 1.0106572 0.0000000 2.7306387 3.0305183 3.0745490 3.1339137 3.1745525 3.5490255 3.0918237 2.9421221 2.9713174 3.0767610 2.7662781 4.6493403 4.0678909 3.7256865 3.9495721 
Dpul_mRNA6401                                           3.3186527 4.0819548 3.5014850 3.1829617 3.6950913 3.4375415 3.4575703 3.2457069 3.3721048 3.3135887 2.9409797 1.7753713 3.0086089 2.8358804 2.6542547 2.7503068 2.6755404 1.7810856 2.0328083 1.9953136 1.9807779 2.0120034 2.0324690 2.0880005 2.2717025 2.0672362 2.8273060 2.5212269 2.3181048 2.3462365 2.8637437 1.9360788 2.1492693 2.2637903 1.8142775 1.9273572 1.9403467 1.8515892 1.7441415 1.4466748 2.6000862 2.4390076 2.5196903 2.4800881 2.3086565 2.7306387 0.0000000 2.5085853 2.8737966 2.9689805 2.9584928 3.0714273 2.8829451 2.6598338 2.8236229 2.2911825 3.6766646 3.9092475 4.4315164 4.3697337 4.1737742 
Spur_XM_030975570.1                                     4.5202182 4.1852078 3.1757543 3.3306062 3.1747182 3.2349657 3.2635185 3.5120849 3.1078121 3.7694790 2.5012719 2.7072011 2.8325619 2.9244594 2.4691200 2.4785776 2.2228398 1.7623070 1.9222691 1.9367427 1.9246930 1.9941334 2.0095320 1.8861024 1.9401829 1.9415818 2.1804932 2.2197347 2.1975118 2.0458617 2.4118656 2.4940293 2.4697209 2.3883961 1.6689297 1.8069775 1.6447583 1.9020077 1.9660284 1.8885055 2.6090325 2.6096465 2.4068001 2.6186886 2.4043106 3.0305183 2.5085853 0.0000000 2.8233568 2.7275575 2.7623362 3.1332802 2.7766480 2.5575738 2.6645825 2.5474755 3.6150947 3.6490551 3.3721252 3.3549996 3.7958793 
HoiH23_PlH23_002519-RA                                  4.4195848 4.6598124 3.7142197 3.6198150 3.5308332 3.4403409 3.4912181 3.4026331 3.2082033 4.2780281 2.7388627 2.9181968 3.4135404 2.9717573 2.7364527 2.7612156 2.5339059 1.7127964 2.1612072 2.1733108 2.1868595 2.1559190 2.2710737 2.1750686 2.4258292 1.8180450 2.8118571 2.7520711 2.5319076 2.4679544 2.5769185 2.1484958 2.2094727 2.2109034 2.1224254 2.0668261 2.1223996 2.4269294 2.3078345 2.1851752 2.8193411 2.7676534 2.6258977 2.7599678 2.4919165 3.0745490 2.8737966 2.8233568 0.0000000 0.1105931 0.1134164 0.1086538 0.1672112 0.3274577 0.3547171 2.8339906 3.1690489 4.4777750 3.2397068 3.3149012 4.1378814 
Hhon_g01575.t1                                          4.5171426 4.5756457 3.6124343 3.5120999 3.5511712 3.3728592 3.4223680 3.4408900 3.2100411 4.1825940 2.5967155 2.8867958 3.2921106 2.8747588 2.6695581 2.6790886 2.5031499 1.7177146 2.1365321 2.1571542 2.1691891 2.1072043 2.2210438 2.1278384 2.4768954 1.8013255 2.9161384 2.7425275 2.4701622 2.3486035 2.3663320 2.1126482 2.2248517 2.3023119 2.0678260 1.9651684 2.0563024 2.3608319 2.2338508 2.1293161 2.7974242 2.7396861 2.5611452 2.7466797 2.4228133 3.1339137 2.9689805 2.7275575 0.1105931 0.0000000 0.0064655 0.1878521 0.1334585 0.3258859 0.3529453 2.8642183 3.0194883 4.6046926 3.0013665 3.0340122 4.0707618 
HoiH04_mRNA16805                                        4.5171426 4.5600631 3.6030681 3.5028713 3.5484264 3.3387055 3.3877166 3.4250342 3.1835082 4.2107936 2.5870610 2.8715043 3.2921106 2.8731250 2.6683699 2.6797628 2.5071213 1.7177146 2.1391107 2.1597535 2.1717899 2.1097875 2.2238335 2.1305584 2.4839614 1.8044313 2.9172316 2.7464919 2.4744463 2.3524731 2.3387536 2.1087800 2.2273670 2.3050733 2.0680609 1.9577750 2.0283750 2.3611683 2.2364048 2.1225595 2.7562085 2.7021844 2.5562641 2.7437294 2.4289722 3.1745525 2.9584928 2.7623362 0.1134164 0.0064655 0.0000000 0.1910233 0.1334698 0.3193036 0.3455668 2.8677866 3.0789642 4.5791532 2.9875720 3.0181762 4.0661036 
HoiH06_mRNA6047                                         4.4568955 4.5566965 3.9487324 4.0437190 3.9567586 3.8544045 3.9061791 3.6794131 3.1844868 4.2418710 2.8212433 2.9064365 3.4143753 3.0485831 2.8175401 3.0461995 2.6910075 1.8897714 2.4016646 2.4036978 2.4335306 2.3879754 2.5404666 2.4856033 2.6978770 2.0350286 3.6681093 2.6401108 2.5411651 2.5475372 3.2339179 2.5241021 2.4530403 2.2062881 2.3766857 2.2819986 2.4304628 2.7875852 2.5938994 2.2749923 2.9819228 3.1255203 2.8230747 3.0440564 2.7611113 3.5490255 3.0714273 3.1332802 0.1086538 0.1878521 0.1910233 0.0000000 0.2082300 0.4149033 0.4505412 3.1228997 3.9946097 4.6363521 3.4046756 3.5351916 4.4330736 
HoiH11_mRNA5725                                         4.3866417 4.2863129 3.5462563 3.6055431 3.5902246 3.3423392 3.3922374 3.5741871 3.1846097 4.0621274 2.6691861 2.8038836 3.4980940 2.9134329 2.7360940 2.8137283 2.5580406 1.7602329 2.1774960 2.1943164 2.2068591 2.1688462 2.2807855 2.2617938 2.4440020 1.9188114 2.8206197 2.7290803 2.4867827 2.4699683 2.5794559 2.1642750 2.3124855 2.3870182 2.1316605 2.0552177 2.0200044 2.4305470 2.2561742 2.0680168 2.7798986 2.7213193 2.5690076 2.7015400 2.3428844 3.0918237 2.8829451 2.7766480 0.1672112 0.1334585 0.1334698 0.2082300 0.0000000 0.3115495 0.3367989 2.9510328 3.0027786 4.3912067 3.0033015 3.0202861 3.9588051 
TrH2_TrispH2_002667-RA                                  4.3237397 4.5105013 3.5286816 3.5242179 3.2566065 2.9236176 2.9567752 3.6349208 3.0454134 4.0175620 2.6276130 2.6764394 2.9692043 3.2515040 2.7539875 3.2455035 2.6002340 1.8127221 2.1045908 2.1438326 2.1600160 2.1388959 2.2391939 2.1148238 2.4960035 1.9074961 2.9511709 2.7445582 2.4833884 2.2962574 2.4656853 2.1509040 2.3497299 2.2752982 1.9449683 1.9079452 1.8911550 2.3460534 1.9666298 1.9159718 2.8804360 2.7926746 2.5011357 2.6179363 2.4565523 2.9421221 2.6598338 2.5575738 0.3274577 0.3258859 0.3193036 0.4149033 0.3115495 0.0000000 0.0103402 2.7667105 3.1807577 4.0979661 2.7757507 2.8641984 4.2032757 
Tadh_TriadT53489                                        4.3221698 4.5105271 3.7734724 3.7330089 3.5464714 3.1668484 3.2069983 4.0216901 3.5540495 4.7165167 2.8458124 2.7163967 3.0028054 3.6417018 2.9449808 3.8797114 2.5824030 1.8113482 2.2111189 2.2740150 2.2925123 2.2677425 2.3832121 2.2212978 2.6133237 1.9621214 3.5437537 2.7497233 2.4882788 2.2414140 2.8035090 2.1087464 2.3654831 2.4252409 2.0596462 2.0326195 1.9783430 2.4615420 1.9778802 1.9874947 3.0555221 2.9389081 2.6035422 2.7508629 2.5670862 2.9713174 2.8236229 2.6645825 0.3547171 0.3529453 0.3455668 0.4505412 0.3367989 0.0103402 0.0000000 2.8076992 3.2372510 4.3033991 2.9093844 3.0364407 4.3696277 
Tcas_TC000372_001                                       3.8991107 3.9213150 3.2339436 3.1190735 3.2042325 2.8117652 2.8291485 3.1137443 2.8867264 3.3198124 3.2840326 3.0363437 3.1202857 3.7825885 3.0191236 3.1391286 3.5669124 2.3858481 2.7576675 2.8374193 2.7925328 2.8227594 2.9463251 3.0620222 2.7606455 2.8610865 2.8267212 2.9694121 3.1210921 2.9130718 2.5333013 2.7684674 2.8731377 3.4545511 2.6643111 2.6868958 2.5634307 2.5262373 2.4652970 2.3728495 2.9323023 3.1015997 3.0248287 3.0937490 2.4777613 3.0767610 2.2911825 2.5474755 2.8339906 2.8642183 2.8677866 3.1228997 2.9510328 2.7667105 2.8076992 0.0000000 3.6341652 4.0755938 3.1364463 2.9936137 3.7320468 
Clacor_Ccor_C520435_01                                  4.7936072 3.7660954 3.1729095 3.2827204 3.3453711 3.3167929 3.3196525 3.3061108 3.0739400 4.1751727 3.5212272 4.0485652 5.0173445 3.3391696 3.8212590 2.1024380 6.4232524 3.8381676 3.7901220 3.6926014 3.7397362 3.9098590 3.4567038 3.0915756 3.1920584 2.8996132 2.6029387 3.3941281 3.9446687 3.9517364 2.1880517 3.6017187 3.7025126 3.3217371 3.1235128 2.8429925 2.8669338 2.6815719 3.5353517 3.4283340 3.2535855 3.0910599 3.0029269 2.8429709 2.6563318 2.7662781 3.6766646 3.6150947 3.1690489 3.0194883 3.0789642 3.9946097 3.0027786 3.1807577 3.2372510 3.6341652 0.0000000 4.6691569 3.4966938 3.6459853 4.1272593 
Gracom_Gcom_scaffold6727_01                             5.1408424 4.3912372 3.7150584 4.0592822 3.9362591 3.6659252 3.7006593 4.0406552 3.8493059 4.0143771 3.8943157 4.3147415 4.1255660 3.6695651 3.5438286 3.6767616 4.2073009 3.1178699 3.5415527 3.7722853 3.6875026 3.4730662 3.6913177 3.2618028 3.3718339 2.9500951 3.8923588 3.5881699 3.5249773 3.0212383 3.1490383 3.2341392 3.4774753 3.5801011 3.5792800 3.5266591 3.8664367 3.7510376 3.5643927 3.6115205 3.4152017 3.5629783 3.5349976 3.7811398 3.5048578 4.6493403 3.9092475 3.6490551 4.4777750 4.6046926 4.5791532 4.6363521 4.3912067 4.0979661 4.3033991 4.0755938 4.6691569 0.0000000 1.2316556 1.1208549 1.7815369 
Leuniv_Lniv_scaffold6020_01                             3.9115508 4.1110482 3.4663354 3.9600146 3.5568850 3.4489215 3.4459197 3.8022413 2.8404002 3.7331078 3.3030558 4.3027030 3.4526973 4.0620021 3.4413342 3.6471010 3.7869916 2.9376937 3.2848405 3.3592038 3.3435320 3.4652705 3.2384750 3.5266630 3.1612054 2.6389659 3.9162405 3.6644422 3.5825821 3.1701234 2.6921716 2.7700917 3.0113062 3.1838750 3.1478485 3.2171196 3.0623304 3.3563571 3.2418921 3.6086526 3.5392008 3.3553903 2.9042815 3.0754152 3.0921301 4.0678909 4.4315164 3.3721252 3.2397068 3.0013665 2.9875720 3.4046756 3.0033015 2.7757507 2.9093844 3.1364463 3.4966938 1.2316556 0.0000000 0.0338250 1.7798856 
