146
Fspp_ffun1.m4.3990.m1                                             0.0000000 0.0652191 0.1094998 0.1101993 0.1654811 0.1700241 0.2698719 0.4745979 0.5981920 1.0149567 1.1478395 1.8671151 1.8529551 1.4647250 1.8569981 1.1086223 1.0765671 1.2974267 1.2710553 1.3359246 1.3012697 1.5520848 1.9726809 1.9038034 1.8589923 1.6557141 1.7195144 1.7003994 1.8159286 1.3100383 1.3100383 1.3401370 1.4147978 1.3905460 1.3834182 1.2322040 1.3042679 1.3127391 1.2851478 1.1076326 1.2438233 1.3608197 1.3089480 1.3089480 1.4419693 1.4022691 1.3592380 1.1511536 1.3119959 1.3878812 1.4684683 1.3339330 1.3471384 1.4437744 1.2973221 1.3963649 1.3753324 1.2912925 1.2945579 1.2738486 1.2738486 1.5744029 1.4546095 1.5023267 1.5330420 1.5672604 1.5134793 1.5111301 1.0922025 1.5942926 1.3910513 1.5044459 1.4980237 1.2779534 1.6333271 1.4059218 1.5370415 1.5185452 1.5015839 1.4405613 1.4397448 1.4251186 1.4514160 1.2591690 1.3296425 1.3727485 1.3548326 1.3671051 1.4333717 1.3232045 1.3874779 1.5302502 1.3280345 1.3407223 1.6390490 1.6390490 1.6082287 1.6082287 1.6382857 1.6728437 1.6481441 1.5544575 1.9732047 1.6484122 1.7885041 1.7885041 1.8412122 1.5175347 1.7162598 1.8643271 1.6953590 1.6848514 1.6314313 1.6345550 1.6388087 1.5816918 1.7261969 1.7056981 1.6768386 1.4180915 1.5086259 1.4503612 1.6694694 1.8199326 1.9368529 1.4490880 1.5024446 1.4836285 1.4458786 1.3295358 1.4305920 1.3343830 1.6191723 1.4445105 1.5210333 1.4936970 1.8031714 1.4521169 1.6401972 1.9453171 1.8295600 1.7800773 1.8956776 1.9529386 1.9104580 1.8303324 
Gasp_gasp1.m3.11865.m1                                            0.0652191 0.0000000 0.1142460 0.1149916 0.1724817 0.1626766 0.2729680 0.4697948 0.6191884 1.0229440 1.1469088 1.8769662 1.8811611 1.5234777 1.8356984 1.1135195 1.0818094 1.3111351 1.2818350 1.3613526 1.3097010 1.5173216 1.9538013 1.8837538 1.8767868 1.6738930 1.8061308 1.7473089 1.8733466 1.3419391 1.3419391 1.3789520 1.4563942 1.4238629 1.4013246 1.2822406 1.3389407 1.3539559 1.2993522 1.1313398 1.2903661 1.4020265 1.3497397 1.3497397 1.4903685 1.4501824 1.4126105 1.2150131 1.3586446 1.4499920 1.5392113 1.3867233 1.3829317 1.5061658 1.3654968 1.4443667 1.3550241 1.2869606 1.3554001 1.2456442 1.2456442 1.5735103 1.4836999 1.5005084 1.6011395 1.6303315 1.5391274 1.5671150 1.1326816 1.6256082 1.4403858 1.5278043 1.5496794 1.3362906 1.6861409 1.4829361 1.5996962 1.5666039 1.5171668 1.5036035 1.4533759 1.4188022 1.4894596 1.3124389 1.3655942 1.3737982 1.3560508 1.4421015 1.4316978 1.3631814 1.3767758 1.5494343 1.4248000 1.4282866 1.6627931 1.6627931 1.6060496 1.6060496 1.6361490 1.6645332 1.6484626 1.5822225 1.9090242 1.6338827 1.8135400 1.8135400 1.8270897 1.6047265 1.8539080 1.9741315 1.8224765 1.7514869 1.6617650 1.7152897 1.7195412 1.6704080 1.7818298 1.7604599 1.7707794 1.4939957 1.5557716 1.5016652 1.6962104 1.7932189 2.0456954 1.3383913 1.3853267 1.3687341 1.3316558 1.3768011 1.4736919 1.2971462 1.6274928 1.4301859 1.4970030 1.4705409 1.8105484 1.4542395 1.6388433 2.0008834 1.9038887 1.8526441 1.9746367 2.0252997 2.0002484 1.7656985 
Spis_XP_022798332_1                                               0.1094998 0.1142460 0.0000000 0.0135855 0.1959279 0.1828006 0.2890641 0.4522939 0.5674169 1.0410377 1.2010341 1.6933843 1.8112376 1.5929045 1.8372930 1.2855965 1.2539647 1.4016626 1.3503932 1.5490288 1.3665867 1.4830249 2.0165578 1.8776821 1.8626325 1.6433162 1.7420394 1.7214974 1.7484236 1.3584184 1.3584184 1.4182495 1.5051420 1.4265320 1.4124201 1.2794941 1.3652634 1.4330772 1.3904677 1.2041349 1.3741223 1.4711142 1.4263007 1.4263007 1.5744096 1.5321152 1.4198069 1.1412936 1.2849828 1.3766996 1.4614392 1.3537386 1.3542101 1.5119568 1.3979083 1.4545926 1.3270112 1.3105953 1.3481291 1.2884370 1.2884370 1.6053732 1.4936498 1.4417274 1.5680352 1.5314619 1.5451021 1.4809772 1.0989027 1.5456446 1.5359259 1.5902069 1.6244423 1.4234090 1.7674372 1.4966937 1.5959959 1.5584587 1.5858244 1.6248009 1.5042993 1.4384894 1.6094389 1.3574644 1.4109433 1.4270532 1.4083879 1.4359326 1.4350453 1.4016021 1.4485201 1.4017992 1.3398250 1.3861421 1.6108415 1.6108415 1.5755501 1.5755501 1.6053083 1.6213274 1.6236852 1.5114987 1.8985686 1.6321981 1.8017561 1.8017561 1.8745946 1.6609022 1.8979542 2.0557205 1.9474696 1.9062891 1.6712609 1.6903035 1.6945708 1.6488088 1.7596475 1.7355477 1.7555623 1.5001838 1.5877416 1.5055527 1.8508595 1.9899018 2.0594217 1.5035513 1.5501757 1.5344401 1.5435900 1.4469990 1.5439681 1.4537581 1.6141853 1.3984089 1.5228050 1.4952272 1.8638968 1.5714751 1.7134082 1.9360827 1.8170699 1.7486360 1.8634912 1.9188158 1.9037395 1.9428181 
Pocdam_XM_027183227.1                                             0.1101993 0.1149916 0.0135855 0.0000000 0.1971830 0.1839915 0.2910575 0.4689987 0.5853905 1.0506484 1.2113853 1.7032435 1.8186615 1.6003318 1.8447134 1.3023083 1.2708882 1.4022256 1.3677223 1.5496322 1.3844159 1.5050606 2.0374248 1.8572525 1.8421812 1.6233173 1.7212663 1.7021936 1.7262394 1.3422012 1.3422012 1.4020333 1.4880571 1.4103102 1.3959764 1.2640777 1.3494287 1.4508580 1.4080340 1.2216442 1.3920753 1.4891894 1.4439611 1.4439611 1.5564659 1.5144097 1.4378365 1.1474240 1.2914049 1.3833242 1.4690290 1.3602539 1.3717231 1.5189075 1.4045365 1.4612809 1.3445385 1.3280982 1.3655445 1.3054543 1.3054543 1.5879748 1.4769892 1.4256885 1.5866680 1.5498271 1.5639446 1.4992340 1.1204628 1.5644784 1.5185733 1.6083972 1.6429965 1.4067141 1.7878952 1.5157539 1.6222083 1.5773421 1.5676958 1.5908408 1.4867610 1.4216915 1.5826918 1.3756488 1.4294899 1.4456579 1.4268571 1.4549118 1.4544653 1.4205682 1.4332862 1.3860791 1.3573024 1.4037153 1.6295907 1.6295907 1.5940610 1.5940610 1.6241997 1.6402246 1.6424704 1.5295849 1.9365821 1.6512611 1.8215303 1.8215303 1.8980858 1.6801900 1.9050043 2.0638241 1.9263353 1.9142709 1.6524209 1.6713934 1.6756687 1.6302293 1.7399468 1.7161461 1.7360412 1.4828512 1.5537643 1.4880041 1.8714401 2.0113325 2.0572062 1.4865675 1.5328778 1.5174230 1.5262706 1.4646170 1.5628514 1.4717394 1.6266576 1.4077391 1.5329249 1.5051721 1.8737589 1.5909032 1.7333983 1.9175467 1.8400568 1.7707782 1.8855398 1.9416769 1.8853859 1.9561611 
Amil_Amillepora06562-RA                                           0.1654811 0.1724817 0.1959279 0.1971830 0.0000000 0.1414373 0.1026571 0.5537176 0.6876713 1.0323881 1.1916903 1.9093668 1.8998606 1.5191682 1.8267286 1.1935824 1.1379670 1.2553840 1.2288085 1.3540575 1.2848926 1.5034726 1.7877823 1.7460250 1.6703703 1.5431132 1.6849243 1.6159828 1.6920623 1.3488489 1.3488489 1.4212072 1.4857139 1.4230037 1.4212282 1.2835153 1.3637875 1.3910486 1.3742956 1.2639054 1.4066666 1.5416200 1.3742198 1.3742198 1.4203998 1.3810045 1.3513552 1.2669946 1.3828498 1.4536383 1.5510083 1.4256154 1.3705234 1.5552209 1.4188095 1.4908113 1.4091206 1.3752174 1.4839823 1.3594863 1.3594863 1.6694244 1.5536357 1.5375315 1.6009493 1.6566165 1.4588926 1.5972110 1.1285580 1.5091954 1.4592769 1.5802322 1.5455301 1.3409177 1.6442625 1.5877643 1.6554517 1.5227898 1.5428393 1.5927514 1.3679075 1.3574113 1.5020738 1.2929388 1.2591502 1.3674487 1.3494779 1.2628501 1.3862468 1.2833089 1.4281058 1.4878631 1.4938124 1.4271545 1.7211051 1.7211051 1.6746319 1.6746319 1.7673367 1.7181919 1.7657882 1.6281536 2.1195225 1.6817348 1.7938334 1.7938334 1.9467519 1.6382568 1.7994070 2.0057374 1.8852988 1.8385940 1.6946450 1.7164951 1.7207899 1.6610926 1.8033105 1.7814765 1.7742363 1.5823209 1.6734379 1.6579982 1.5806641 1.7080507 2.0311635 1.3987870 1.4218919 1.4100138 1.3516344 1.3432803 1.3717303 1.3108318 1.7057666 1.4530102 1.5254523 1.4980708 1.9021839 1.4633250 1.6681954 2.0904636 2.0043776 1.9482752 2.0702149 2.1140372 2.1124270 1.7472207 
Gfas_gfas1.m1.16733.m1                                            0.1700241 0.1626766 0.1828006 0.1839915 0.1414373 0.0000000 0.2368872 0.5843345 0.6335237 1.1257628 1.2715885 1.9531904 1.9440261 1.6308107 1.9151290 1.2691342 1.2451098 1.4106174 1.3718906 1.4800932 1.4294319 1.6009974 1.9380845 1.8637130 1.8191953 1.6584764 1.7173560 1.6515606 1.7935064 1.4138445 1.4138445 1.4876355 1.5715109 1.4677022 1.4526584 1.3453005 1.4326271 1.5414041 1.4983779 1.3160798 1.4759346 1.6161528 1.5359080 1.5359080 1.6373266 1.5944989 1.4809671 1.3117740 1.4452073 1.5621632 1.6939639 1.4896036 1.5082728 1.7104904 1.5938019 1.5810966 1.4673826 1.4781850 1.4916737 1.4448037 1.4448037 1.7382153 1.6282600 1.5606886 1.5993284 1.5766809 1.5989267 1.5625177 1.0973636 1.6745516 1.5392215 1.7322620 1.7567649 1.5111830 1.8261479 1.6271567 1.6432206 1.7052875 1.6755833 1.7187892 1.4351003 1.4473859 1.5453017 1.3511521 1.3422541 1.3621576 1.3440792 1.3054807 1.4321651 1.4332475 1.4842702 1.6002078 1.5160875 1.4789356 1.8085424 1.8085424 1.7410173 1.7410173 1.8289493 1.7917138 1.8357320 1.7195349 2.2682696 1.7122572 1.8255331 1.8255331 1.9921401 1.7377814 2.0155565 2.1524437 2.0326861 1.9975256 1.7736603 1.7935976 1.7978941 1.7134490 1.8447257 1.8189012 1.8663439 1.5109136 1.6227179 1.6192626 1.7646892 1.9101291 2.1785178 1.4167855 1.4402078 1.4279364 1.4094822 1.4162688 1.6104054 1.4929426 1.8064730 1.5471274 1.6560374 1.6260206 2.0379280 1.6529367 1.8157184 2.0608553 1.9686948 1.9161759 2.0501258 2.1050742 2.0882686 2.0432319 
Adig_XM_015914651.1                                               0.2698719 0.2729680 0.2890641 0.2910575 0.1026571 0.2368872 0.0000000 0.6259968 0.7673296 1.0210325 1.1916128 1.9532185 1.8978506 1.5152418 1.7719663 1.2751831 1.1625907 1.2968565 1.2677113 1.4039069 1.3228690 1.5495519 1.8567728 1.7428433 1.6957813 1.5715202 1.7411280 1.6680754 1.7522559 1.3750241 1.3750241 1.5020470 1.4914660 1.5039628 1.4249911 1.3623573 1.4552211 1.4096573 1.3928006 1.3024030 1.4938874 1.6354996 1.3954130 1.3954130 1.4181577 1.4181577 1.2923514 1.3003663 1.3585751 1.5179796 1.5521997 1.3892248 1.3467681 1.5644480 1.4292531 1.5005281 1.3802457 1.3467892 1.4582350 1.3561608 1.3561608 1.6605658 1.5148036 1.5203059 1.5755580 1.6223966 1.5069021 1.6489085 1.1285580 1.5485707 1.4707802 1.6275942 1.5904470 1.4434876 1.6482757 1.5890301 1.6554517 1.6318787 1.6181817 1.6350845 1.4064375 1.3817334 1.5327313 1.3429042 1.3273065 1.4131678 1.3949378 1.3082790 1.4464926 1.3432744 1.5724488 1.5009989 1.5355698 1.5203464 1.6806890 1.6806890 1.6288488 1.6288488 1.7130096 1.6389411 1.7167513 1.5762081 2.0180376 1.6077925 1.6960835 1.6960835 1.8816364 1.7046460 1.8523553 1.9951684 1.9228467 1.8546570 1.7520809 1.7738927 1.7630315 1.7079459 1.8656352 1.8432023 1.8327580 1.6117744 1.7309920 1.6293335 1.6337408 1.7409596 2.0046111 1.4319534 1.4359174 1.4509917 1.3844361 1.4196543 1.4828643 1.3618285 1.7057666 1.4258557 1.4126975 1.4060176 1.8337404 1.5332712 1.6706070 1.9495989 1.9636052 1.8619005 1.9897598 2.0580873 2.0240813 1.8010983 
Nvec_v1g106088                                                    0.4745979 0.4697948 0.4522939 0.4689987 0.5537176 0.5843345 0.6259968 0.0000000 0.2910171 0.9840948 1.0408480 1.9211014 1.7865453 1.5576332 1.8382859 1.4090720 1.4393490 1.4856695 1.5037405 1.5338887 1.4849583 1.7340996 2.2514894 2.2556453 2.1501312 1.8165211 1.8907551 1.8734746 1.8569482 1.4882088 1.4882088 1.4887018 1.4985420 1.5072228 1.4375143 1.4823055 1.4131286 1.5129152 1.5282347 1.4566653 1.5778666 1.7315775 1.5755133 1.5755133 1.5438355 1.5438355 1.4160489 1.4391472 1.4290544 1.5911780 1.5958297 1.5415809 1.4639111 1.5514553 1.5610375 1.7489817 1.5235332 1.5155737 1.5581042 1.4758543 1.4758543 1.7112975 1.6617933 1.6477937 1.6852026 1.6076796 1.6535954 1.6434061 1.3803781 1.6058831 1.6893548 1.6873108 1.7316995 1.7043149 1.7236711 1.8415797 1.6253598 1.7203516 1.7432955 1.6569845 1.6964611 1.6673674 1.6445769 1.3637885 1.3861643 1.3767887 1.3922994 1.4878469 1.3561925 1.2815909 1.4875810 1.4842924 1.4644981 1.5611171 1.6587539 1.6587539 1.6391636 1.6391636 1.7076518 1.6812038 1.6445863 1.5987765 1.7626300 1.5941696 1.6639976 1.6639976 1.7990652 1.9444001 2.1303711 2.1593599 2.1920162 2.1206154 1.7923372 1.8552580 1.8132083 1.8356776 1.8972996 1.8712126 1.9382925 1.6359594 1.8394554 1.4878829 1.8679165 1.9414994 1.9594325 1.4362754 1.4372630 1.4637975 1.5310863 1.3794182 1.5375906 1.4720578 1.8004564 1.5109586 1.5800501 1.5519051 1.9560639 1.6258246 1.6696287 1.9895691 1.9537047 1.9590135 2.0324996 2.0164209 1.8653374 2.1776090 
Exapal_XM_021050586.2                                             0.5981920 0.6191884 0.5674169 0.5853905 0.6876713 0.6335237 0.7673296 0.2910171 0.0000000 1.0907872 1.1447586 1.9635607 1.9671331 1.7688482 2.1034461 1.4605492 1.4504377 1.5986083 1.5908105 1.5976344 1.5105618 1.7058690 2.3874084 2.3818596 2.3222628 2.0198362 2.0793512 2.1300487 2.1348449 1.5722485 1.5722485 1.6543870 1.6567215 1.6728946 1.5904209 1.6634660 1.5682487 1.7016320 1.6872514 1.5647401 1.7206559 1.8695567 1.7402887 1.7402887 1.7492775 1.7502631 1.5770594 1.4389824 1.4834720 1.5865606 1.5607465 1.5549465 1.5922170 1.5381521 1.5388826 1.6378991 1.6114000 1.5418728 1.6343494 1.6306789 1.6306789 1.8280914 1.7573722 1.7560334 1.7770214 1.7291214 1.7957067 2.0080531 1.4252183 1.8010217 1.8140474 1.7362860 1.7276127 1.7782620 1.8592177 1.7722367 1.6811178 1.7677741 1.7079108 1.7517848 1.8360413 1.7658952 1.6253769 1.3726990 1.4105423 1.3782205 1.3935755 1.4763784 1.4098985 1.4118938 1.6251075 1.6527015 1.4006664 1.5976725 1.6967772 1.6967772 1.6797924 1.6797924 1.7259408 1.7210720 1.6514172 1.6196474 1.9505778 1.6663164 1.7339297 1.7339297 1.8974298 1.8148903 2.2720154 2.2362152 2.0177729 1.9119655 1.7788743 1.8335813 1.8104704 1.7569462 1.9864422 1.9590451 2.0179645 1.6323624 1.8222966 1.6918027 2.1078927 2.1179347 1.8862562 1.6540750 1.7081373 1.6867065 1.7122784 1.6486224 1.6767797 1.6183176 1.9798350 1.6858872 1.7869692 1.7358134 2.0704990 1.7413713 1.6784146 2.1977202 1.9858617 2.0482121 2.1986487 2.1058619 1.9818085 2.2027792 
Dgig_XM_028545711.1                                               1.0149567 1.0229440 1.0410377 1.0506484 1.0323881 1.1257628 1.0210325 0.9840948 1.0907872 0.0000000 0.1689420 1.5395700 1.6011743 1.5173304 1.4742166 1.3185634 1.3650342 1.4389877 1.4120329 1.5128180 1.3758426 1.6718272 2.0425953 2.1423246 2.1357867 1.8935554 1.9212526 1.9055397 1.9825988 1.3349273 1.3349273 1.4513545 1.4167847 1.4381925 1.4402580 1.2912178 1.3668213 1.3445700 1.3351309 1.3947123 1.5203816 1.6828123 1.4199740 1.4199740 1.4060235 1.4060235 1.3433536 1.3730140 1.2274809 1.3396958 1.3357816 1.2301677 1.2449569 1.4250565 1.2015269 1.3173352 1.5198488 1.5220384 1.3709594 1.4042193 1.4199268 1.5419581 1.3213572 1.3436346 1.5763428 1.4732340 1.4768702 1.7695203 1.1570844 1.5417680 1.2834350 1.2674266 1.3004161 1.3883942 1.5463111 1.4269171 1.6809442 1.4750661 1.3818865 1.5906927 1.6613263 1.5010612 1.5088931 1.2321888 1.3501282 1.4353912 1.4035857 1.3475742 1.4005516 1.4072951 1.4450595 1.6267492 1.4186137 1.5621810 1.5811770 1.5811770 1.5397467 1.5397467 1.5387239 1.5927128 1.4852815 1.5020006 1.7273123 1.4373385 1.4268245 1.4268245 1.6979315 1.6264925 2.0161691 1.9392365 1.8515202 1.8329496 1.4636756 1.4892212 1.4375965 1.4909083 1.6490822 1.6162512 1.6618114 1.3305840 1.5309420 1.3246309 1.7390339 1.8055220 1.6221228 1.3454647 1.3399579 1.3356861 1.2837973 1.3129732 1.4687240 1.3272894 1.7182816 1.2518317 1.3585659 1.3548850 2.0642919 1.4042071 1.4800872 1.7130562 1.6538798 1.7290473 1.8576629 1.8327414 1.8137207 2.4469685 
Xesp_014433-T1                                                    1.1478395 1.1469088 1.2010341 1.2113853 1.1916903 1.2715885 1.1916128 1.0408480 1.1447586 0.1689420 0.0000000 1.5759602 1.6602932 1.6465066 1.5286994 1.5220270 1.4692150 1.4719400 1.4469242 1.4794125 1.5177728 1.7976372 2.1587184 2.2311240 2.2247759 1.9331194 1.9981888 1.9778210 1.9599778 1.4092099 1.4092099 1.5086976 1.5144866 1.5431531 1.5505319 1.3783379 1.4752601 1.4642510 1.4390291 1.4465927 1.5201964 1.7706004 1.5052527 1.5052527 1.4691940 1.4691940 1.4064606 1.4567288 1.3644445 1.4331436 1.4403361 1.3275272 1.2578267 1.4133855 1.2335134 1.3121599 1.6474189 1.6066148 1.4637430 1.4735632 1.4897804 1.5593534 1.4171312 1.4303881 1.5790045 1.4499833 1.5311155 1.8468938 1.2898440 1.5712026 1.3919251 1.3317824 1.3067962 1.4084649 1.6216574 1.5532271 1.8824032 1.5871619 1.4121265 1.5768843 1.7208649 1.5642442 1.6799785 1.3616627 1.4708148 1.6040743 1.5880214 1.5093283 1.5462329 1.5418866 1.5968186 1.7432603 1.4542686 1.5949215 1.6542010 1.6542010 1.6111152 1.6111152 1.6110442 1.6781745 1.5438912 1.6506368 1.7901392 1.5083476 1.5692360 1.5692360 1.7593601 1.7538825 2.0656986 1.9488813 1.9671877 1.9192707 1.5678284 1.5948817 1.5369712 1.6100359 1.7543094 1.7156106 1.7444423 1.4585777 1.6697720 1.5887923 1.8956540 1.8277517 1.7958852 1.3708484 1.3666863 1.3682398 1.3285812 1.4218548 1.4890770 1.4579310 1.8869436 1.4204265 1.5011597 1.4962563 2.0645148 1.5457188 1.5868738 1.7763090 1.6810787 1.8726186 2.0056288 1.9631637 1.9014620 2.4916238 
Nemnom_g12897.t1                                                  1.8671151 1.8769662 1.6933843 1.7032435 1.9093668 1.9531904 1.9532185 1.9211014 1.9635607 1.5395700 1.5759602 0.0000000 0.1066446 0.2817212 0.2390705 0.9942612 0.9113120 0.8761354 0.8357068 0.6996137 0.8993832 1.0068553 1.3512863 1.3359205 1.3199830 1.3968874 1.1292688 1.1292688 1.1360026 0.9222245 0.9222245 0.8659806 0.8574128 0.9530463 0.8699888 0.8389336 0.8168569 0.9195824 0.8755440 0.9396166 0.9545944 0.9663792 0.8603663 0.8603663 0.9200171 0.9200171 0.9020994 0.9970953 0.9490819 0.9468996 0.9468996 0.9155548 0.8347951 1.0412494 1.0405198 1.0033121 0.7369782 0.8114176 0.6863803 0.6901843 0.6723254 1.1916545 1.0936215 1.0789790 0.8881464 0.8201867 1.1058757 1.2858313 1.2561514 1.1681797 1.2291830 1.1828596 1.1599761 1.1360209 1.3119663 1.4107823 1.6492442 1.2599513 0.9655297 1.2370568 1.1854857 0.9543449 1.1204881 1.1717432 1.0958406 1.2957216 1.3201106 1.1603546 1.0735979 1.0991791 1.1877409 1.3002964 1.0669372 1.1306622 1.1807849 1.1807849 1.1955055 1.1955055 1.2341561 1.2056051 1.1979528 1.2911285 0.9549382 1.2570177 1.4343820 1.4343820 1.2261396 1.5383498 1.6657139 1.5527297 1.6604129 1.7115926 1.1514471 1.2307989 1.1899768 1.3193679 1.2224585 1.1930604 1.3394445 1.2807743 1.1999771 1.1512487 1.4899053 1.4644978 1.3896940 1.3063058 1.3779796 1.4098537 1.3837547 1.3600111 1.4677430 1.4900721 1.7301035 1.7751158 1.7324642 1.7295134 1.3852008 1.5093207 1.5326154 1.2682684 1.4982935 1.4166607 1.4166607 1.4085563 1.2979775 2.0151389 
Rhoesc_Res_005812-T1                                              1.8529551 1.8811611 1.8112376 1.8186615 1.8998606 1.9440261 1.8978506 1.7865453 1.9671331 1.6011743 1.6602932 0.1066446 0.0000000 0.3485617 0.2709960 1.0336800 0.8919913 0.9936130 0.9506954 0.7728700 0.9995603 1.1469579 1.5274599 1.4052182 1.3775904 1.3895248 1.3894485 1.3614438 1.5429303 0.8811906 0.8811906 0.8417155 0.8010037 0.8560260 0.7890152 0.8678463 0.8336319 0.9931068 0.9447653 0.9021661 1.0197159 1.0627890 0.9450163 0.9450163 0.9230203 0.9050232 0.9643415 0.9500747 0.9230749 0.9163289 1.0009394 0.8873457 0.8139752 1.0511419 1.0290635 0.9563182 0.7925507 0.7938903 0.6592045 0.6647365 0.6517544 1.3643662 1.2950655 1.2607227 0.8800329 0.8101314 1.1228116 1.3080922 1.1766943 1.1661354 1.0729278 1.1268363 1.0556211 1.1460480 1.2587617 1.2739547 1.3308044 1.0884987 1.0070591 1.1335859 1.1956407 0.9149440 1.2222961 1.1289120 1.0883145 1.2653028 1.2422990 1.2109096 1.1243011 1.0835208 1.3960281 1.3645636 1.2353982 1.2811854 1.3053191 1.3053191 1.2969542 1.2969542 1.3745787 1.3884852 1.3266514 1.3599890 1.1873172 1.4035358 1.4693612 1.4693612 1.5282601 1.4349151 1.4255882 1.3205945 1.5853292 1.4864896 0.9743896 1.0264448 0.9855100 1.1093289 1.0461473 1.0319267 1.0644767 1.1184767 1.2481310 1.0699647 1.4232135 1.4272940 1.3461396 1.3936101 1.4472127 1.4177126 1.3840540 1.3575506 1.4915914 1.4688627 1.7044644 1.5913278 1.5417000 1.5176264 1.4485573 1.5192501 1.4985324 1.3976053 1.4427905 1.4282272 1.5228901 1.5130813 1.4345160 1.9100104 
Sanmal_Sma_005719-T1                                              1.4647250 1.5234777 1.5929045 1.6003318 1.5191682 1.6308107 1.5152418 1.5576332 1.7688482 1.5173304 1.6465066 0.2817212 0.3485617 0.0000000 0.3047657 0.9286022 0.9251345 1.0465783 1.0128339 0.8061154 0.9614689 1.2828584 1.5328690 1.4532267 1.3864659 1.4294490 1.3551513 1.3185834 1.4969320 0.8389651 0.8389651 0.9260139 0.9024726 0.8907574 0.8838183 0.8348841 0.8272964 0.9048674 0.8534385 0.9016969 0.9117666 0.9176013 0.8352940 0.8352940 0.8387892 0.8387892 0.8382999 0.9794038 0.9205827 0.9759534 0.9771920 0.9082808 0.8208321 1.0520668 0.9986672 1.0168792 0.7601236 0.7707456 0.6505812 0.7308119 0.7169815 1.1612044 1.0613466 1.0853223 0.9469160 0.8643082 1.2346646 1.0997536 1.0676873 1.1115928 1.1264144 1.1784252 1.1196665 1.0777378 1.1785402 1.2958411 1.3813829 1.1684628 1.0950698 1.1792250 1.1841893 0.8926911 1.1694572 1.0922657 1.1316995 1.1672172 1.1832448 1.0838902 1.0767829 1.0383062 1.2719391 1.1402401 1.1003178 1.1369548 1.2873023 1.2873023 1.3046733 1.3046733 1.3404097 1.3297984 1.3350483 1.3617923 1.1024196 1.3170051 1.4898990 1.4898990 1.4628454 1.4340221 1.4429417 1.4742297 1.5575494 1.5598487 1.2176930 1.2202815 1.2390691 1.2828124 1.2669357 1.2499607 1.2270277 1.1706292 1.2232740 1.0870981 1.4643827 1.4716662 1.2844724 1.1757985 1.2253388 1.2344958 1.1066065 1.1704667 1.5077874 1.4676520 1.6633158 1.5373143 1.5380551 1.5084752 1.3310906 1.2894557 1.4936220 1.2535355 1.4800247 1.3536336 1.3536336 1.3299685 1.3381226 1.7777297 
Aaur_scaffold640.g11.t1                                           1.8569981 1.8356984 1.8372930 1.8447134 1.8267286 1.9151290 1.7719663 1.8382859 2.1034461 1.4742166 1.5286994 0.2390705 0.2709960 0.3047657 0.0000000 1.0213202 0.9729085 1.0350208 0.9818439 0.8951484 1.0264991 1.3133022 1.4947676 1.3969276 1.3770402 1.4557124 1.4435768 1.4098530 1.5709306 0.8627828 0.8627828 0.9114809 0.8743128 0.9069565 0.8722524 0.8856450 0.8508961 0.9185153 0.8778036 0.9043894 0.9935541 1.0971410 0.8740402 0.8740402 0.8870712 0.8870712 0.9349997 0.9112683 0.9024098 0.9614138 0.9891707 0.8629337 0.8292525 1.0349586 0.9921824 0.9465572 0.7770487 0.8045234 0.7227072 0.7652544 0.7511128 1.2619870 1.2072538 1.1326423 0.9940726 0.8882841 1.1642682 1.2696720 1.1019382 1.2148233 1.1450696 1.1429734 1.0854899 1.2102422 1.2104919 1.3425136 1.3215006 1.1679484 1.0485962 1.3075029 1.2285784 0.9123250 1.1998232 1.0828946 1.1033334 1.1912059 1.1803240 1.1169879 1.1537318 1.0761826 1.3754326 1.2412389 1.1479805 1.1982656 1.3628641 1.3628641 1.3373730 1.3373730 1.3893042 1.3647129 1.3817860 1.3854014 1.2666824 1.4554249 1.5011245 1.5011245 1.5631957 1.5527815 1.5699853 1.4962238 1.7079235 1.6745002 1.1154880 1.1377670 1.1655842 1.2128366 1.1477144 1.1219624 1.1988295 1.1280029 1.1965799 1.1002678 1.5380270 1.4755794 1.2514128 1.2641816 1.3137552 1.3183807 1.2172963 1.2051442 1.4317317 1.3669031 1.7340852 1.4709677 1.4727951 1.4487674 1.3370250 1.3144785 1.5875127 1.4027973 1.5719493 1.5383190 1.6507919 1.6040095 1.5714099 1.7278634 
Spis_XP_022794559_1                                               1.1086223 1.1135195 1.2855965 1.3023083 1.1935824 1.2691342 1.2751831 1.4090720 1.4605492 1.3185634 1.5220270 0.9942612 1.0336800 0.9286022 1.0213202 0.0000000 0.0578789 0.2127154 0.2259666 0.1594631 0.1768029 0.2937465 1.4073823 1.3702049 1.2686448 1.2815190 1.4388807 1.3627698 1.5307164 0.5734701 0.5734701 0.6323762 0.6221253 0.6896607 0.6538330 0.5955494 0.6066896 0.6234751 0.5923305 0.5606141 0.6197569 0.6950854 0.6287714 0.6287714 0.6916537 0.6648732 0.6773867 0.6959686 0.5395133 0.6575161 0.7364029 0.5653989 0.5406581 0.8039763 0.6795157 0.6687420 0.8138551 0.7847361 0.6918172 0.8035657 0.7900864 0.9163784 0.8635598 0.8595010 0.8872098 0.8719356 0.7350475 1.0840399 0.8950001 0.8521390 0.9610923 0.8894678 0.8384746 0.9915471 0.8664764 1.0051617 1.0185934 0.8272427 0.8829902 0.7499139 0.8157517 0.7788646 0.8703175 0.7466497 0.7298612 0.8415502 0.8258661 0.8208795 0.6911552 0.6503978 0.7601675 1.0769802 0.8277100 0.8420026 0.8919565 0.8919565 0.8670441 0.8670441 0.9536927 0.8817239 0.9238673 0.8952696 0.9145737 1.0029329 1.1157392 1.1157392 1.1707296 0.9671384 1.0175279 1.0038241 1.0515510 1.0318323 0.8542004 0.8265361 0.8549618 0.9051139 0.9546257 0.9358814 1.0645346 0.9974021 1.1020515 0.7874835 1.0263115 1.0346117 1.1280555 1.0209085 1.0696668 1.0866859 0.9777329 1.0607801 1.1432901 1.0440419 1.1783327 1.0083172 1.0202715 1.0028316 1.1106809 1.1131605 1.3553714 1.3147544 1.3742047 1.3304124 1.3520449 1.3556594 1.5712767 1.7729999 
Pocdam_XM_027180365.1                                             1.0765671 1.0818094 1.2539647 1.2708882 1.1379670 1.2451098 1.1625907 1.4393490 1.4504377 1.3650342 1.4692150 0.9113120 0.8919913 0.9251345 0.9729085 0.0578789 0.0000000 0.1731386 0.1706225 0.1202131 0.1408338 0.2454638 1.3097280 1.2756006 1.1789370 1.1774377 1.3252851 1.2602209 1.4293511 0.5105669 0.5105669 0.5795977 0.5513069 0.6357696 0.5749914 0.5225550 0.5697742 0.5908342 0.5606432 0.5490002 0.5986628 0.6688636 0.5962427 0.5962427 0.6340393 0.6340393 0.6196900 0.6508246 0.5263544 0.6317352 0.6662133 0.5114907 0.5221949 0.7517237 0.6587153 0.6253693 0.8191012 0.7367427 0.6460852 0.7576275 0.7445800 0.9066256 0.8238861 0.8494513 0.8444110 0.8568096 0.6800012 1.0320341 0.8445703 0.8536181 0.9240619 0.8467547 0.7835769 0.9068657 0.8232033 0.9614096 1.0050611 0.7932604 0.8302500 0.6894643 0.7776523 0.6844363 0.7441682 0.7317426 0.6661568 0.8255191 0.8098876 0.8000193 0.6619879 0.6218242 0.8287642 1.1119997 0.7923061 0.7899089 0.8477812 0.8477812 0.8144196 0.8144196 0.8966422 0.8141110 0.8737692 0.8613897 0.8336491 0.9175780 1.0537967 1.0537967 1.0975950 0.9010215 0.9149425 0.8960534 0.9800720 0.9134331 0.8510554 0.8233649 0.8427474 0.8830871 0.9419519 0.9233293 1.0514275 0.9776861 1.0348625 0.7972598 0.9818557 0.9378772 1.1478383 0.9958172 1.0311566 1.0357761 0.9536453 1.0094261 1.1029978 0.9511584 1.1038938 0.9397143 0.9388078 0.9224582 1.0528578 1.0972223 1.3358252 1.2706538 1.3209188 1.2813305 1.3378261 1.3488933 1.4178348 1.6552885 
Amil_Amillepora11073-RA                                           1.2974267 1.3111351 1.4016626 1.4022256 1.2553840 1.4106174 1.2968565 1.4856695 1.5986083 1.4389877 1.4719400 0.8761354 0.9936130 1.0465783 1.0350208 0.2127154 0.1731386 0.0000000 0.0000010 0.1422223 0.1795212 0.2565701 1.3088381 1.3223245 1.1768005 1.2701766 1.4078344 1.2951944 1.5499156 0.5359269 0.5359269 0.5633573 0.5634452 0.6156529 0.5731848 0.5497844 0.5581471 0.5767646 0.5533617 0.5917498 0.6490728 0.7251678 0.6370260 0.6370260 0.6570551 0.6570551 0.6444008 0.7005521 0.5686717 0.6539650 0.6765519 0.5395660 0.5808159 0.7441192 0.6430806 0.6028475 0.8753995 0.8152197 0.7615192 0.8468675 0.8317223 0.9481444 0.8694610 0.8938304 0.8349020 0.9204255 0.6768633 1.0233318 0.8755595 0.7724298 0.9174907 0.8823055 0.7788659 0.9387205 0.7672502 0.9611980 1.0426731 0.7797446 0.7864994 0.6640999 0.7725828 0.7114897 0.8651305 0.8391008 0.7414835 0.8906016 0.8751626 0.8257275 0.8282440 0.7758782 0.9575809 1.1639140 0.8414012 0.8008552 0.7883279 0.7883279 0.7450922 0.7450922 0.8267515 0.7442421 0.8111377 0.7434489 0.8531893 0.9312701 0.9353931 0.9353931 1.0705291 0.9897188 0.9728774 0.9627725 1.1495708 0.9736366 1.0293075 1.0069664 1.0245083 1.0716515 1.1719752 1.1648820 1.2555925 1.1272181 1.3075860 0.8429115 0.9550018 0.9209019 1.1542341 1.0335774 1.0689080 1.0429756 1.0523273 1.1608104 1.2299236 1.0598245 1.2291812 0.8831313 0.9893272 0.9713481 1.1600085 1.2726135 1.4072620 1.2330836 1.2940776 1.4021610 1.4795611 1.4568693 1.4985025 1.6624726 
Adig_XM_015904887.1                                               1.2710553 1.2818350 1.3503932 1.3677223 1.2288085 1.3718906 1.2677113 1.5037405 1.5908105 1.4120329 1.4469242 0.8357068 0.9506954 1.0128339 0.9818439 0.2259666 0.1706225 0.0000010 0.0000000 0.1422223 0.1766232 0.2587874 1.2275123 1.2382944 1.1230943 1.1661184 1.3097851 1.2159781 1.4237135 0.5051894 0.5051894 0.5418044 0.5540314 0.5899874 0.5509278 0.5302768 0.5439292 0.5649073 0.5313809 0.5654576 0.6361136 0.7039098 0.6134542 0.6134542 0.6428636 0.6428636 0.6208441 0.6892000 0.5645454 0.6628923 0.6852127 0.5454770 0.5576706 0.7355018 0.6481461 0.6038288 0.8394771 0.7699665 0.7113700 0.8134815 0.7995478 0.9057687 0.8248752 0.8439474 0.7829474 0.8749300 0.6439377 0.9720193 0.8058187 0.7487614 0.9260527 0.8468966 0.7713694 0.9109656 0.7447097 0.9225529 0.9835077 0.7621582 0.7848920 0.6837402 0.7691998 0.6884194 0.7706594 0.7662657 0.6788888 0.8257642 0.8311586 0.7719423 0.7540473 0.7260854 0.9340571 1.1197283 0.8053136 0.7628153 0.7611594 0.7611594 0.7210687 0.7210687 0.7966623 0.7200919 0.7763059 0.7332950 0.7964826 0.8636370 0.9289992 0.9289992 1.0017625 1.0029291 1.0026374 1.0127746 1.1489241 1.0325242 0.9848985 0.9803815 0.9734775 1.0418591 1.1142994 1.0997968 1.2124333 1.0681083 1.1707839 0.8592690 0.9171955 0.8858662 1.1296329 1.0179418 1.0505816 1.0430523 1.0354292 1.1173938 1.1594127 0.9917792 1.1406690 0.8375420 0.9382379 0.9218958 1.1220697 1.1824701 1.3650969 1.2288368 1.2795919 1.3492537 1.4214804 1.4000382 1.4445172 1.6651227 
Gfas_gfas1.m1.18785.m1                                            1.3359246 1.3613526 1.5490288 1.5496322 1.3540575 1.4800932 1.4039069 1.5338887 1.5976344 1.5128180 1.4794125 0.6996137 0.7728700 0.8061154 0.8951484 0.1594631 0.1202131 0.1422223 0.1422223 0.0000000 0.1903921 0.3355567 1.1608484 1.1380965 1.0304810 1.0137659 1.3017037 1.1357314 1.5571593 0.4599823 0.4599823 0.5236979 0.5236177 0.5989437 0.5704031 0.4828711 0.4445266 0.5637875 0.5213940 0.4632960 0.5414556 0.6798998 0.5643676 0.5643676 0.6460362 0.6460362 0.6473779 0.7525272 0.5095046 0.6080771 0.6087793 0.4682605 0.5451901 0.7260556 0.6329054 0.5644892 0.7468241 0.6910508 0.6892251 0.9193017 0.8962482 0.8495016 0.8444474 0.8795338 0.7376099 0.9389457 0.6088276 1.1409151 0.8307451 0.7729825 0.8551786 0.8203446 0.6449244 0.8452796 0.6496407 0.8123405 0.9283972 0.6586708 0.7856047 0.6106899 0.7291345 0.6465075 0.8918627 0.7164022 0.6370914 0.7614530 0.7352925 0.7248251 0.6983712 0.6510719 0.8700016 1.1944313 0.9112953 0.8482902 0.7767171 0.7767171 0.7587700 0.7587700 0.8830709 0.7873669 0.8341703 0.7913339 0.8271608 0.9579108 1.0098860 1.0098860 0.9062447 0.9618889 0.9782702 0.8958035 1.0296839 0.8243795 0.8142694 0.8273403 0.8795152 0.9092180 0.9658111 0.9658111 0.9390078 0.9581573 1.2012434 0.7287202 0.9338963 0.8962261 1.1832136 1.1197147 1.1391314 1.1012070 1.1176810 1.2655077 1.2837358 1.0834856 1.1686748 0.9135756 0.9353766 0.9104809 0.9056717 1.2686501 1.2302863 1.0878094 1.0929259 1.1432073 1.2320696 1.2465379 1.3717644 1.5520026 
Gasp_gasp1.m3.1657.m1                                             1.3012697 1.3097010 1.3665867 1.3844159 1.2848926 1.4294319 1.3228690 1.4849583 1.5105618 1.3758426 1.5177728 0.8993832 0.9995603 0.9614689 1.0264991 0.1768029 0.1408338 0.1795212 0.1766232 0.1903921 0.0000000 0.1320095 1.3402688 1.3212862 1.1953893 1.2500401 1.3531444 1.2941433 1.4013436 0.5284902 0.5284902 0.5807881 0.5677126 0.6345841 0.5920203 0.5444452 0.5605031 0.5830621 0.5366373 0.5362566 0.6193142 0.6842965 0.5987826 0.5987826 0.5976519 0.5976519 0.5620069 0.6961932 0.5522069 0.6241954 0.5907275 0.5105673 0.4995920 0.7161074 0.6642454 0.6760877 0.8162005 0.7475507 0.6684302 0.8718989 0.8575333 0.9032654 0.8005860 0.8068375 0.9018503 0.8983445 0.6444674 0.9764085 0.7493178 0.7653113 0.9762181 0.8666916 0.8229190 0.9654117 0.7654853 0.9622965 1.1050075 0.7637476 0.8529587 0.7380120 0.8138403 0.7809302 0.7664236 0.7534860 0.6860582 0.8479534 0.8317023 0.8109670 0.7384259 0.6560563 0.9383970 1.0836988 0.8068104 0.8271265 0.8185222 0.8185222 0.8167583 0.8167583 0.8521921 0.8164642 0.8220851 0.8098385 0.7532602 0.9846173 1.0169115 1.0169115 1.0128432 0.9391110 1.0315286 1.0501439 1.0702819 1.0016513 0.9519116 0.9215518 0.9295995 0.9895875 1.0571661 1.0342826 1.1773564 1.0282075 1.0779200 0.8560756 1.0178708 1.0097195 1.0972472 1.0540902 1.0919451 1.0951511 1.0620766 1.1131817 1.2943106 1.1040762 1.1237841 0.9857019 0.9700062 0.9533247 1.1833449 1.0719032 1.3665764 1.2166022 1.3166799 1.3140579 1.3499771 1.3823933 1.4355092 1.7037010 
Fspp_ffun1.m4.6128.m1                                             1.5520848 1.5173216 1.4830249 1.5050606 1.5034726 1.6009974 1.5495519 1.7340996 1.7058690 1.6718272 1.7976372 1.0068553 1.1469579 1.2828584 1.3133022 0.2937465 0.2454638 0.2565701 0.2587874 0.3355567 0.1320095 0.0000000 1.4101010 1.3733673 1.2471680 1.3872572 1.3300582 1.3300582 1.4099904 0.7086363 0.7086363 0.7962116 0.7731677 0.8592966 0.8164517 0.7191137 0.7645880 0.7839240 0.7001836 0.7172916 0.8469193 0.9001844 0.7607549 0.7607549 0.7688155 0.7688155 0.7815081 0.7936344 0.7079446 0.8104149 0.7817085 0.6864018 0.6910248 0.8536275 0.9035210 0.8539964 1.0495504 0.9443453 0.8253455 1.0474426 1.0283073 0.9970056 0.8990873 0.8744080 1.0582968 1.0285710 0.7958499 1.1866878 1.1505088 1.0290527 1.2250496 1.0508462 1.0222271 1.2459496 1.0361290 1.1576916 1.5289654 0.9724939 0.9814165 0.9226700 0.9130736 0.8198340 0.8185417 1.0207869 0.9271426 1.0657996 1.0683566 1.0764200 0.9099589 0.9041108 1.0533203 1.2871538 0.8688708 0.9375647 0.8911891 0.8911891 0.8865893 0.8865893 0.9286121 0.8812979 0.8853869 0.8565227 0.6889038 1.0584731 1.1417907 1.1417907 1.0228358 1.1667687 1.2842203 1.2492704 1.2016997 1.2397791 1.1196414 1.1185026 1.1099569 1.1983852 1.2000757 1.1697884 1.3314639 1.2939622 1.1238816 1.0185176 1.2447595 1.1549018 1.2375406 1.1742162 1.2411601 1.2475717 1.2429609 1.3178695 1.3092995 1.1479836 1.1700483 1.2052017 1.2338022 1.2118505 1.2780423 1.4631930 1.5663783 1.3122637 1.4929957 1.4550777 1.4968310 1.5403925 1.6297418 1.9970969 
Fspp_ffun1.m4.6125.m1                                             1.9726809 1.9538013 2.0165578 2.0374248 1.7877823 1.9380845 1.8567728 2.2514894 2.3874084 2.0425953 2.1587184 1.3512863 1.5274599 1.5328690 1.4947676 1.4073823 1.3097280 1.3088381 1.2275123 1.1608484 1.3402688 1.4101010 0.0000000 0.2007888 0.2174264 0.3469531 0.3768445 0.3522099 0.6332837 1.0918252 1.0918252 1.1476740 1.1279928 1.1794579 1.0965632 1.1778687 1.0872109 1.1299396 1.1415813 1.1511794 1.2743522 1.3557185 1.2217285 1.2217285 1.3285512 1.3285512 1.3105933 1.6014801 1.4774619 1.4901214 1.3915229 1.4144232 1.3880000 1.4326331 1.4226137 1.4302695 1.3367803 1.3536040 1.1670684 1.4068473 1.4068473 1.4774163 1.4311991 1.3621791 1.3846936 1.4184161 1.4796935 1.6640603 1.2173732 1.6270605 1.6515868 1.6729623 1.5230073 1.6191603 1.5387338 1.7443944 1.7321231 1.5458439 1.8220458 1.6620067 1.0251149 1.1986930 1.5025864 1.3671580 1.4451908 1.3478007 1.3244281 1.3648717 1.2777307 1.2795991 1.6029104 1.6034500 1.7483832 1.8117224 1.4222136 1.4222136 1.4171854 1.4171854 1.4795494 1.4113772 1.4912965 1.4810178 1.4370417 1.6047142 1.5243171 1.5243171 1.8469103 1.8434173 2.1414867 2.0609627 2.0146189 2.1345746 1.6816586 1.7185246 1.7380370 1.7950189 1.7687193 1.7440446 1.9351639 1.8833349 1.9386999 1.7707897 1.2186930 1.1886383 2.0573044 1.5862829 1.6045084 1.6477703 1.6813789 1.5677312 1.7063144 1.6534406 1.8312903 1.5269264 1.6644326 1.6347344 1.8287126 1.8309521 1.7626492 1.8506733 1.7885457 1.7815341 1.8886498 1.9041905 2.0368247 2.0527482 
Spis_XP_022793571_1                                               1.9038034 1.8837538 1.8776821 1.8572525 1.7460250 1.8637130 1.7428433 2.2556453 2.3818596 2.1423246 2.2311240 1.3359205 1.4052182 1.4532267 1.3969276 1.3702049 1.2756006 1.3223245 1.2382944 1.1380965 1.3212862 1.3733673 0.2007888 0.0000000 0.0957062 0.3280874 0.3928269 0.3656265 0.6373531 1.0905869 1.0905869 1.1097919 1.0909200 1.1460956 1.0580724 1.1544080 1.0643699 1.2230524 1.2453335 1.2387872 1.3474278 1.4316718 1.2785588 1.2785588 1.2999548 1.2999548 1.3064445 1.5519721 1.3747102 1.4737183 1.4378914 1.3351754 1.3501512 1.5234841 1.4618744 1.4074981 1.3577645 1.4011029 1.2136181 1.4861680 1.4861680 1.4913098 1.4313120 1.3619347 1.4206027 1.3923350 1.5216234 1.6058025 1.2575811 1.7323900 1.7207963 1.7759964 1.7257722 1.7324192 1.7319043 1.8803435 2.0733702 1.7053366 1.9136761 1.7336189 1.0174177 1.1326868 1.5883059 1.3181894 1.3562542 1.3075319 1.2848462 1.3111571 1.2280431 1.2229244 1.4203136 1.4820351 1.8141033 1.8100864 1.4755788 1.4755788 1.4373324 1.4373324 1.5002671 1.4204525 1.5195186 1.5534232 1.5102070 1.6378770 1.6056702 1.6056702 1.8988751 1.8375380 2.0520537 2.0752778 1.9510928 2.2703037 1.5815813 1.5877373 1.6290131 1.6811930 1.7135402 1.6901152 1.8146389 1.8799137 1.9138338 1.7573864 1.1943630 1.1844047 2.0530842 1.5447272 1.5758462 1.6177777 1.6503269 1.5772348 1.8385473 1.7087731 1.7441559 1.3624487 1.5415236 1.5148084 1.7883291 1.9127750 1.9205497 1.8041729 1.9184807 1.9271157 2.0254148 2.0579243 2.0355000 2.1902143 
Pocdam_XM_027180366.1                                             1.8589923 1.8767868 1.8626325 1.8421812 1.6703703 1.8191953 1.6957813 2.1501312 2.3222628 2.1357867 2.2247759 1.3199830 1.3775904 1.3864659 1.3770402 1.2686448 1.1789370 1.1768005 1.1230943 1.0304810 1.1953893 1.2471680 0.2174264 0.0957062 0.0000000 0.2671628 0.3916442 0.3548471 0.6216987 0.9694435 0.9694435 1.0076407 0.9902413 1.0357174 0.9521345 1.0360803 0.9486126 1.1610616 1.1299043 1.1387584 1.2616140 1.3416678 1.2301554 1.2301554 1.2371838 1.2371838 1.3221002 1.5174804 1.3194922 1.4120794 1.3658924 1.2804590 1.3337540 1.4184805 1.3620598 1.3100515 1.3019880 1.3281574 1.0988351 1.4140176 1.4140176 1.3534353 1.2974275 1.2340849 1.3575542 1.4028412 1.4161496 1.5142814 1.1656242 1.5873271 1.6124593 1.6999139 1.6012019 1.5730701 1.6333172 1.8271744 1.9461599 1.5679131 1.7956660 1.6210219 1.0314930 1.1249424 1.4751119 1.2553201 1.2690390 1.2860302 1.2633246 1.2720858 1.2071842 1.2208393 1.3789321 1.3967284 1.7040312 1.6952677 1.4091352 1.4091352 1.4021188 1.4021188 1.4634128 1.3833122 1.4918514 1.4823090 1.4709770 1.5900247 1.5439289 1.5439289 1.8882375 1.7798021 2.0597839 2.0591669 1.9153999 2.2004145 1.5434274 1.5478287 1.5686349 1.6685881 1.6644330 1.6416471 1.8199702 1.7774221 1.8663876 1.6173932 1.1827991 1.1727863 1.9510338 1.5537034 1.5852160 1.6278394 1.6675681 1.5283138 1.8577078 1.6598527 1.6775843 1.2859671 1.4741809 1.4485527 1.6639365 1.7486300 1.7580110 1.7652288 1.8125852 1.8241673 1.9336597 1.9502310 2.0162118 2.0939559 
Gfas_gfas1.m1.18786.m1                                            1.6557141 1.6738930 1.6433162 1.6233173 1.5431132 1.6584764 1.5715202 1.8165211 2.0198362 1.8935554 1.9331194 1.3968874 1.3895248 1.4294490 1.4557124 1.2815190 1.1774377 1.2701766 1.1661184 1.0137659 1.2500401 1.3872572 0.3469531 0.3280874 0.2671628 0.0000000 0.3678902 0.3424336 0.5734021 0.9300293 0.9300293 1.0272033 1.0536560 1.0563244 1.0010579 1.0029372 0.9570985 1.1706238 1.1405599 1.1508047 1.2752588 1.3889417 1.2476258 1.2476258 1.1649733 1.1649733 1.2617038 1.3183075 1.2151646 1.2398785 1.2113108 1.2040302 1.2267548 1.1306567 1.1401301 1.1685368 1.3068639 1.3037054 1.1030380 1.1698066 1.1698066 1.2171317 1.1764825 1.1877823 1.1886092 1.2629028 1.2691985 1.3589746 1.0271669 1.4234773 1.4657638 1.5469766 1.4049658 1.3575166 1.4408754 1.5760151 1.5703484 1.4483304 1.4986572 1.4462467 0.9632131 1.0562986 1.3105685 1.2328564 1.2342090 1.2808047 1.2564499 1.2975626 1.1684747 1.1948653 1.3806227 1.4169136 1.6150986 1.6550817 1.3041776 1.3041776 1.3004492 1.3004492 1.3598104 1.2732476 1.3645576 1.3343055 1.4753289 1.3653941 1.2715065 1.2715065 1.6828448 1.6685544 1.9354906 1.8981077 1.8803508 2.0941822 1.4498222 1.4895376 1.4845783 1.5612979 1.5464804 1.5240070 1.6093538 1.5209250 1.7701300 1.5384484 1.1282435 1.1429194 1.7113663 1.6309349 1.6662401 1.7144977 1.7064770 1.5861673 1.9819063 1.7295708 1.6150936 1.3828115 1.5636050 1.5369760 1.5063950 1.6571462 1.6598140 1.6257882 1.6734389 1.7025998 1.8160366 1.8313526 1.7777685 1.8693038 
