80
Lcom_lcpid118008                                            0.0000000 0.1238400 0.1615781 0.1625948 0.0000010 0.1859490 0.2113540 0.0000010 0.2548002 0.2764641 0.2718973 0.2408275 0.3152778 0.3544603 0.3022478 0.2848681 0.2831113 0.2670278 0.3326415 0.2734578 0.3280636 0.2759117 0.3160206 0.2290742 0.2423824 0.2381297 0.2597881 0.2258785 0.3302126 0.3906835 0.3803424 0.3803424 0.3201723 0.4647527 0.4453683 0.4808838 0.4328758 0.4544755 0.4434725 0.5677985 0.4705462 0.4487325 0.4420271 0.4179412 0.5804313 0.5078482 0.5291329 0.3648124 0.5899265 0.6731856 0.6612295 0.6514810 0.6261416 0.6865753 0.6273974 0.7472917 0.7011532 0.7011532 0.7240101 0.7644448 1.1287032 0.0000010 0.0000010 1.1287032 0.0000010 0.0000010 0.5321607 0.0000010 0.0000010 0.5245439 2.0999752 0.0000010 0.0000010 0.5615643 0.0000010 1.2195001 1.0491919 0.0000010 0.0000010 0.8802885 
Acagra_model.g4312.t1                                       0.1238400 0.0000000 0.2711355 0.2784272 0.1686800 0.3566709 0.3877899 0.2003846 0.2076765 0.4961633 0.5186334 0.4422500 0.2715807 0.6299399 0.2631963 0.4280291 0.4452975 0.4253888 0.4787496 0.4424461 0.4653492 0.4988109 0.4926879 0.4120597 0.4542792 0.3653680 0.4435612 0.3261053 0.5358247 0.5612945 0.5522225 0.5384072 0.5021458 0.4637974 0.6842610 0.6909186 0.6154266 0.6759178 0.5835904 0.6922708 0.6183947 0.5287988 0.5829078 0.6331233 0.6262037 0.7463705 0.7908134 1.2949208 0.6095227 0.8647569 0.6840952 0.8371843 0.8236462 0.6827371 0.8624727 0.8726805 0.7726695 0.8867674 0.8807812 0.9327001 1.1098003 1.7326190 1.0563138 0.8204762 1.0099241 1.2005367 0.7124171 0.2983464 0.8065922 0.6333257 0.9409377 0.6485216 1.2612729 0.7383434 0.6918459 1.2224164 0.9574179 1.3072310 1.1934179 0.9397734 
Cgig_XM_011432860.3                                         0.1615781 0.2711355 0.0000000 0.2996969 0.2311183 0.3109593 0.3782628 0.2091733 0.2178353 0.4537203 0.4550291 0.4653595 0.2610713 0.5279464 0.2840244 0.3868575 0.4026227 0.3916293 0.4565337 0.3914613 0.4471264 0.4422993 0.4320661 0.4170247 0.4063684 0.3946721 0.4713437 0.3798985 0.5058839 0.5176314 0.4737866 0.4625770 0.4672108 0.4918224 0.6504449 0.6298521 0.6360380 0.6171124 0.5512197 0.6062362 0.5586057 0.5076887 0.5295389 0.5807846 0.6550787 0.6512274 0.6660118 1.0393537 0.6281500 0.8073321 0.7065155 0.8004420 0.7610674 0.7364581 0.8338364 0.8655801 0.7903164 0.8636949 0.8196976 0.8509429 1.0369869 1.6022623 1.0548927 0.7942416 0.9818367 1.0944754 0.5770476 0.4031009 0.6389053 0.5520075 0.8039888 0.6066201 0.6543729 0.6273230 0.5957076 1.2500640 0.8609983 1.1636959 1.0477636 0.9486611 
Ctel_gnl_WGS_AMQN_CAPTEDRAFT_mRNA170344                     0.1625948 0.2784272 0.2996969 0.0000000 0.2988475 0.3547592 0.4047297 0.1926999 0.2781351 0.4616788 0.4726356 0.4795702 0.2604328 0.5498471 0.3341366 0.4187443 0.4424439 0.4241710 0.4847950 0.4311247 0.4675542 0.4376307 0.4538764 0.4377928 0.3930736 0.3785374 0.4153504 0.3203718 0.4567262 0.4990277 0.5139402 0.4971347 0.4736471 0.5091563 0.6300319 0.5958402 0.5798735 0.5495938 0.5352352 0.5719567 0.5575567 0.5035965 0.5019513 0.5766370 0.5752144 0.6324385 0.6252015 1.0596147 0.6341281 0.8125746 0.6956590 0.7954357 0.7825496 0.7060495 0.9296619 0.9416482 0.8577980 0.8634878 0.8555524 0.9103094 1.0271686 1.5718332 0.9796798 0.7573309 0.9209186 1.0250309 0.6115772 0.3659973 0.7197224 0.5934318 0.7675215 0.6432738 0.4984707 0.6429093 0.6420405 1.2010231 0.9009715 1.0642333 1.0557232 0.9310049 
Lcom_lcpid241781                                            0.0000010 0.1686800 0.2311183 0.2988475 0.0000000 0.4178492 0.4231364 0.0264996 0.5517975 0.7391569 0.6664722 0.5779398 1.3200998 0.7255491 0.5394899 0.4833016 0.5421277 0.5125388 0.6245989 0.5167494 0.5562037 0.6241175 0.6060831 0.4483077 0.5821776 0.8550354 0.6238665 0.3064747 0.5271508 0.5506465 0.5526417 0.5526417 0.5599773 0.9843395 0.8928584 1.0006245 0.9441045 0.6257021 0.6257021 0.6149856 0.6149856 0.6079384 0.5913906 0.6788985 1.0462530 0.9636849 0.8632683 2.5575504 0.0000010 0.7655862 0.0000010 0.8255863 0.9052493 0.5974393 0.7569225 0.7569225 0.9044023 0.7637792 1.2303450 0.8960312 0.8274700 7.2740657 2.1878258 0.8274700 7.2740657 7.6741326 1.0007796 0.0000010 0.0000010 0.7372738 0.4713348 0.7747572 0.0000010 0.9641164 0.0000010 0.0000010 1.0178496 0.0000010 0.0000010 0.0000010 
Tcas_TC001563_001                                           0.1859490 0.3566709 0.3109593 0.3547592 0.4178492 0.0000000 0.3661027 0.3065598 0.2499076 0.5364018 0.5066344 0.4746426 0.2967412 0.6118205 0.3762157 0.5073659 0.5008054 0.4919106 0.5514473 0.5052652 0.5796662 0.5350274 0.5101251 0.5088245 0.4390615 0.4337329 0.5362456 0.4388805 0.5560779 0.5967190 0.5258985 0.5115222 0.5172472 0.5232823 0.6971959 0.6927356 0.6526289 0.6368392 0.6045250 0.6488613 0.6170649 0.5632116 0.5655705 0.6291311 0.6527772 0.7405800 0.7467457 1.1283066 0.5439700 0.8496185 0.6080670 0.8127595 0.7677982 0.6387443 0.8475086 0.8518354 0.7921827 0.8666976 0.8390520 0.9196523 1.0582366 1.5615017 1.0628666 0.8009631 0.9590792 1.1265092 0.6964036 0.5711892 0.7362849 0.6414051 0.8419698 0.7207615 0.8156875 0.6802565 0.6377436 1.2178303 0.9477098 1.5140656 1.1625318 0.8488119 
Dpul_mRNA29468                                              0.2113540 0.3877899 0.3782628 0.4047297 0.4231364 0.3661027 0.0000000 0.3314912 0.2782821 0.5151032 0.5268431 0.4772473 0.3332417 0.6086227 0.3884242 0.5273738 0.5620228 0.5453317 0.6022967 0.5437586 0.5976270 0.5140091 0.5179051 0.5197811 0.4747635 0.4282288 0.5041155 0.4630442 0.5882570 0.5993482 0.5712190 0.5564474 0.5507925 0.5499636 0.6823262 0.6490536 0.6834147 0.7137084 0.6493358 0.7616864 0.6689129 0.6182627 0.6382240 0.6278502 0.7063010 0.7752205 0.7818425 1.3276368 0.5542407 0.7459432 0.6101735 0.7751892 0.7477833 0.6327815 0.9281025 0.9303670 0.8056648 0.9227435 0.8460491 1.0029275 0.9976676 1.2370733 1.0540101 0.8491783 0.9305616 1.2461629 0.7244740 0.6519194 0.9027255 0.6689391 0.8218441 0.6063329 1.1435302 0.6941840 0.5139411 1.2499028 0.8898552 1.5649682 1.3612654 0.9338520 
Lcom_lcpid182184                                            0.0000010 0.2003846 0.2091733 0.1926999 0.0264996 0.3065598 0.3314912 0.0000000 0.5134730 0.5557159 0.4866947 0.4695612 0.0000010 0.5303935 0.3865223 0.3566458 0.3742836 0.3549496 0.3174938 0.3353832 0.3889799 0.4303368 0.4455478 0.3465898 0.3990732 0.4763727 0.4973973 0.2682193 0.4762474 0.3914406 0.4851024 0.4851024 0.5171228 0.9026176 0.6215742 0.6667933 0.7080149 0.4021021 0.4106643 0.4111842 0.4111842 0.4140228 0.4042689 0.5079744 1.0044614 0.6058680 0.5830551 1.9427968 0.0000010 0.6619624 0.0000010 0.6709408 0.7135473 0.5057478 0.6570438 0.6461804 0.9237506 0.6866627 0.7590434 0.7437750 0.6855735 1.0691242 1.4727406 0.6855735 1.0691242 4.5747447 0.7224673 0.0000010 0.0000010 0.5404471 0.3589128 0.6186709 0.0000010 0.6500656 0.0000010 0.0000010 0.8003233 0.0000010 0.0000010 0.0000010 
Sanmal_Sma_010762-T1                                        0.2548002 0.2076765 0.2178353 0.2781351 0.5517975 0.2499076 0.2782821 0.5134730 0.0000000 0.0759603 0.0857894 0.1402487 0.2049929 0.2656970 0.2531522 0.2369536 0.2494401 0.2582242 0.2809591 0.2466698 0.2739820 0.3097730 0.2513246 0.2731029 0.3086191 0.3021007 0.3463805 0.3396533 0.3163514 0.3663047 0.3687203 0.3687203 0.3659379 0.3835473 0.4516231 0.4505359 0.4182927 0.4030483 0.3938780 0.5260683 0.4116296 0.4109372 0.4169708 0.3472020 0.5211439 0.4727111 0.4819716 0.3648124 0.4807223 0.5832296 0.5195522 0.5696661 0.5904333 0.4949308 0.6025751 0.6640012 0.5997008 0.5997008 0.6036765 0.6716672 0.9780598 8.9999982 9.0000000 0.9780598 8.9999982 0.0000010 0.5327299 0.0000010 0.0000010 0.2281056 0.6115185 0.1812382 0.0000010 0.5186747 0.0000010 1.2195001 0.7659954 0.0000010 0.0000010 0.8549788 
Rhoesc_Res_000115-T1                                        0.2764641 0.4961633 0.4537203 0.4616788 0.7391569 0.5364018 0.5151032 0.5557159 0.0759603 0.0000000 0.0586449 0.2916433 0.2163775 0.4819882 0.3016171 0.4395115 0.4613385 0.4592853 0.5256514 0.4599841 0.5062012 0.4897006 0.4309810 0.5560911 0.5199799 0.5255339 0.5520593 0.5729687 0.5256173 0.5604588 0.5997714 0.5810272 0.5674326 0.5008851 0.6687644 0.7057699 0.6950585 0.7017143 0.6389940 0.7520733 0.6605315 0.6068458 0.6577455 0.5757201 0.6652396 0.7049220 0.7055848 1.3360519 0.5318143 0.7901886 0.5777105 0.7439094 0.7469744 0.5650350 0.8876983 0.8980238 0.7215927 0.8373954 0.8262478 0.9247305 1.1227398 1.8188021 0.9925911 0.7978919 0.9971264 1.0367031 0.7495129 0.7191243 0.4243598 0.2146765 0.3371732 0.4858416 1.1294397 0.7236080 0.6800415 1.2850680 0.9722584 1.2122232 1.2822194 0.8502607 
Nemnom_g16224.t1                                            0.2718973 0.5186334 0.4550291 0.4726356 0.6664722 0.5066344 0.5268431 0.4866947 0.0857894 0.0586449 0.0000000 0.3056988 0.2106198 0.4996913 0.3138866 0.4713755 0.4876125 0.4826611 0.5399720 0.4770723 0.5489692 0.4973494 0.4559512 0.5471298 0.5281682 0.5491843 0.5588168 0.5876346 0.5349799 0.5648112 0.6296788 0.6158418 0.5951153 0.5136083 0.7091314 0.7457152 0.7100401 0.7130045 0.6548659 0.7581112 0.6508977 0.6215212 0.6594891 0.5859170 0.6634258 0.7385310 0.7348532 1.5236675 0.5452060 0.8293126 0.5941414 0.7637309 0.7944178 0.5859912 0.9193245 0.9370904 0.7273517 0.8436317 0.8766440 0.9548345 1.1310848 1.8106746 1.0151121 0.8142615 1.0154605 1.0859084 0.7742534 0.6725862 0.3974219 0.2298102 0.3800203 0.4949810 1.1051422 0.7764780 0.7219047 1.4663438 1.0429744 1.3294275 1.3992636 0.8900300 
Morvir_scaffold147.g25.t1                                   0.2408275 0.4422500 0.4653595 0.4795702 0.5779398 0.4746426 0.4772473 0.4695612 0.1402487 0.2916433 0.3056988 0.0000000 0.2207227 0.4521885 0.2985555 0.4693889 0.4472699 0.4472832 0.5171852 0.4583426 0.5298886 0.4562996 0.4454023 0.5306002 0.5436252 0.5640751 0.5604029 0.6020616 0.5440886 0.6185677 0.5511802 0.5420822 0.5169734 0.4981715 0.6933624 0.7217966 0.6788097 0.6829150 0.6073107 0.7251647 0.6310845 0.5934957 0.6368852 0.5714837 0.7144624 0.7178668 0.7353795 1.3916774 0.5261579 0.7945496 0.5728685 0.7494110 0.7910395 0.5694237 0.9124593 0.8945686 0.8264095 0.8215082 0.9119468 0.9238871 1.0889143 1.5553133 0.9378779 0.7835237 0.9014809 0.9973082 0.7702701 0.6727314 0.3723942 0.3769298 0.4873977 0.5021773 1.1730348 0.7367709 0.6260855 1.2184972 0.9517368 1.4450219 1.4050648 0.8077599 
Chem_TCONS_00023298                                         0.3152778 0.2715807 0.2610713 0.2604328 1.3200998 0.2967412 0.3332417 0.0000010 0.2049929 0.2163775 0.2106198 0.2207227 0.0000000 0.2132697 0.3574317 0.3339142 0.3709874 0.3585663 0.4151798 0.3420528 0.3981851 0.3436119 0.3743739 0.2868097 0.3268430 0.2771826 0.3496886 0.3841244 0.3446380 0.3417007 0.4399005 0.4399005 0.4020328 0.3784353 0.4529088 0.4307007 0.4572360 0.4427883 0.4435230 0.5468117 0.4129739 0.4779909 0.4779909 0.4491952 0.5406021 0.4889450 0.5501882 0.3648124 0.5635376 0.6101578 0.5624533 0.5199026 0.5807800 0.5780924 0.5693507 0.6893750 0.6141133 0.6141133 0.5962324 0.6710772 0.0000010 0.0000010 0.0000010 0.0000010 0.0000010 0.0000010 0.5538902 0.0000010 0.0000010 0.4680578 2.0030554 0.0000010 0.0000010 0.5745669 0.0000010 1.2195001 0.8812738 0.0000010 0.0000010 0.9030444 
Hvul_g33648_1                                               0.3544603 0.6299399 0.5279464 0.5498471 0.7255491 0.6118205 0.6086227 0.5303935 0.2656970 0.4819882 0.4996913 0.4521885 0.2132697 0.0000000 0.3673787 0.6066482 0.6054518 0.5968964 0.6683422 0.6069564 0.6644754 0.6052932 0.5797678 0.6939772 0.6205887 0.6116387 0.6259692 0.6798881 0.6288187 0.6612236 0.6732637 0.6658011 0.6627558 0.5860556 0.7840105 0.7553392 0.7630529 0.8422793 0.7984189 0.8953330 0.7706774 0.7271473 0.7476988 0.7226093 0.7043555 0.8235719 0.8451063 1.5300714 0.6508084 0.8917638 0.6441593 0.7849093 0.7984445 0.6696704 0.9367282 0.9384325 0.8904224 0.9128526 0.9005822 0.9164685 1.0948628 1.5984398 0.9314210 0.8043132 0.9526553 1.0610318 0.7871796 0.9034171 0.2749789 0.5482075 0.7768363 0.4796747 1.1026382 0.8461876 1.0875118 1.3972164 1.0132295 1.5460397 1.2698968 0.9300206 
Adig_XM_015910227.1                                         0.3022478 0.2631963 0.2840244 0.3341366 0.5394899 0.3762157 0.3884242 0.3865223 0.2531522 0.3016171 0.3138866 0.2985555 0.3574317 0.3673787 0.0000000 0.0587965 0.0816711 0.0775512 0.0650275 0.0658857 0.0000010 0.2205104 0.2221568 0.2882075 0.4035056 0.3670781 0.3868874 0.3514236 0.3141970 0.3211092 0.3974624 0.3974624 0.4183797 0.4923506 0.5269619 0.5617717 0.5224337 0.4827199 0.4849685 0.5396547 0.4813135 0.4592304 0.4545465 0.4819191 0.6587040 0.5394462 0.5760009 0.7546867 0.6769675 0.6937466 0.7429270 0.6669376 0.6153352 0.6264761 0.6388404 0.7116683 0.7480171 0.6450765 0.6814217 0.7582825 0.6500272 1.7283656 4.3495549 0.6500272 1.7283656 7.6741326 0.5633086 0.0000010 0.0000010 0.4830326 0.3920446 0.3666644 0.0000010 0.6260659 0.0000010 1.2195001 0.7561035 0.0000010 0.0000010 0.9319640 
Gfas_gfas1.m1.5285.m1                                       0.2848681 0.4280291 0.3868575 0.4187443 0.4833016 0.5073659 0.5273738 0.3566458 0.2369536 0.4395115 0.4713755 0.4693889 0.3339142 0.6066482 0.0587965 0.0000000 0.1130498 0.1026090 0.0922877 0.0850671 0.1107171 0.3026836 0.2973947 0.4780767 0.5002043 0.5117755 0.5642904 0.4698609 0.4547139 0.4754827 0.5050142 0.4967619 0.5378625 0.4848838 0.6603212 0.6998858 0.6465910 0.7065520 0.6280398 0.7825629 0.6777731 0.6130036 0.6336805 0.6465476 0.6816553 0.6740717 0.7367836 1.3573352 0.6824771 0.7957007 0.7496629 0.7119658 0.7631785 0.6476391 0.8451865 0.8592829 0.8226517 0.8235642 0.8167606 0.8873027 0.9911583 1.5943262 0.8861566 0.7133849 0.8994076 0.9269452 0.6961218 0.7792925 0.6626848 0.5770933 0.7627706 0.6190796 1.1274651 0.7987349 0.9071678 1.3007531 0.9674123 1.3698442 1.3214673 0.9608351 
Spis_XP_022797114_1                                         0.2831113 0.4452975 0.4026227 0.4424439 0.5421277 0.5008054 0.5620228 0.3742836 0.2494401 0.4613385 0.4876125 0.4472699 0.3709874 0.6054518 0.0816711 0.1130498 0.0000000 0.0244142 0.0698742 0.0652314 0.1617073 0.3245779 0.2944899 0.5010847 0.5343412 0.5498342 0.5553053 0.4845509 0.4610012 0.4718791 0.4845001 0.4764096 0.5218405 0.5254426 0.6752354 0.7349119 0.6839382 0.7242848 0.6463056 0.7722177 0.6974910 0.6451206 0.6619772 0.6508821 0.6950608 0.6496286 0.7166186 1.2460883 0.6908346 0.8404543 0.7591867 0.7581718 0.7659778 0.6612316 0.8407524 0.8460092 0.8844407 0.8720555 0.8417945 0.9639372 0.9904728 1.5791006 0.9720494 0.7537608 0.9497874 1.0321852 0.7094346 0.7641974 0.6784133 0.6136469 0.8039181 0.5652835 1.0206053 0.7734066 0.8104292 1.2284367 0.9241719 1.4158552 1.1194583 0.9431890 
Pocdam_XM_027204760.1                                       0.2670278 0.4253888 0.3916293 0.4241710 0.5125388 0.4919106 0.5453317 0.3549496 0.2582242 0.4592853 0.4826611 0.4472832 0.3585663 0.5968964 0.0775512 0.1026090 0.0244142 0.0000000 0.0640195 0.0647290 0.1437310 0.3211736 0.2945437 0.4865845 0.5086944 0.5316781 0.5356527 0.4718351 0.4462204 0.4664826 0.5022801 0.4941513 0.5140744 0.5146581 0.6741255 0.7173021 0.6568620 0.7025252 0.6324291 0.7489087 0.6840124 0.6341531 0.6410530 0.6233833 0.6986153 0.6599750 0.7287777 1.2503417 0.6847300 0.8090165 0.7526318 0.7479963 0.7348505 0.6627027 0.8150380 0.8325422 0.8690706 0.8471873 0.8277440 0.9370801 0.9526735 1.4816691 0.9010641 0.7211046 0.8939076 0.9541805 0.7019221 0.7456514 0.6767913 0.6078755 0.7675553 0.4979844 0.9924329 0.7725873 0.8272413 1.1220390 0.8973235 1.4081589 1.1655092 0.9433847 
Fspp_ffun1.m4.21173.m1                                      0.3326415 0.4787496 0.4565337 0.4847950 0.6245989 0.5514473 0.6022967 0.3174938 0.2809591 0.5256514 0.5399720 0.5171852 0.4151798 0.6683422 0.0650275 0.0922877 0.0698742 0.0640195 0.0000000 0.0410111 0.1408288 0.3265052 0.3225234 0.5491522 0.5633359 0.5156895 0.6212725 0.5255206 0.5126273 0.4990894 0.5502742 0.5408012 0.6057152 0.6066456 0.7224288 0.8032539 0.7355095 0.7974854 0.7050221 0.7971440 0.7663009 0.6930648 0.7206325 0.7153686 0.7557372 0.7201924 0.7989427 1.2889902 0.8324292 0.9511546 0.9123984 0.8126689 0.8899257 0.8438425 1.0169871 0.9976415 1.1123576 0.9938297 0.9303517 1.0298145 1.0459858 1.3763606 0.9014609 0.7689453 0.8648095 0.9798251 0.7677411 0.8010999 0.7197279 0.6604735 0.8440065 0.5955381 1.0256060 0.7740772 0.8952867 1.1193773 0.9247030 1.4171192 1.2765407 1.6746138 
Gasp_gasp1.m3.16161.m1                                      0.2734578 0.4424461 0.3914613 0.4311247 0.5167494 0.5052652 0.5437586 0.3353832 0.2466698 0.4599841 0.4770723 0.4583426 0.3420528 0.6069564 0.0658857 0.0850671 0.0652314 0.0647290 0.0410111 0.0000000 0.1475769 0.3068050 0.2992181 0.4791576 0.4962288 0.5324963 0.5564601 0.4408264 0.4676111 0.4683254 0.4884834 0.4807844 0.5370934 0.4982643 0.6585530 0.7302630 0.6755654 0.7163366 0.6315377 0.7757536 0.6801802 0.6148135 0.6415699 0.6411591 0.6861593 0.6811729 0.7223915 1.2692832 0.6675993 0.8273150 0.7323045 0.7495377 0.7744402 0.6479629 0.8665743 0.8734567 0.8496515 0.8577509 0.8528459 0.9308032 0.9758571 1.5425819 0.9486431 0.7525752 0.9493446 1.0145617 0.6866468 0.7312116 0.7254802 0.6143402 0.8104939 0.5883628 0.9889573 0.7597063 0.8190393 1.1958688 0.9104474 1.3541148 1.2013908 0.9607265 
Amil_Amillepora06626-RA                                     0.3280636 0.4653492 0.4471264 0.4675542 0.5562037 0.5796662 0.5976270 0.3889799 0.2739820 0.5062012 0.5489692 0.5298886 0.3981851 0.6644754 0.0000010 0.1107171 0.1617073 0.1437310 0.1408288 0.1475769 0.0000000 0.3672230 0.3342929 0.4865045 0.5639292 0.5243565 0.5983784 0.5244109 0.5102752 0.4993511 0.5508591 0.5384352 0.5415110 0.4962682 0.6794250 0.7150537 0.6625614 0.7505166 0.6742956 0.8091571 0.7458092 0.6511843 0.6766535 0.6081345 0.6555350 0.6584416 0.7173990 1.2443113 0.6821067 0.8482013 0.7700870 0.7457723 0.7741973 0.6122731 0.8327843 0.8556599 0.7896105 0.8181608 0.8271810 0.9157928 0.9856294 1.6245833 0.9666928 0.7556699 0.9825965 1.0132164 0.7597711 0.8026113 0.7449188 0.5751366 0.8413423 0.5989783 1.3165165 0.7881274 1.0434266 1.3175628 0.9890493 1.3382982 1.2348277 0.8303662 
Nvec_v1g188125                                              0.2759117 0.4988109 0.4422993 0.4376307 0.6241175 0.5350274 0.5140091 0.4303368 0.3097730 0.4897006 0.4973494 0.4562996 0.3436119 0.6052932 0.2205104 0.3026836 0.3245779 0.3211736 0.3265052 0.3068050 0.3672230 0.0000000 0.1834241 0.5259465 0.4957096 0.5485516 0.5209031 0.4770950 0.4453720 0.5245016 0.5174201 0.5062588 0.5371578 0.5098895 0.6864734 0.6636780 0.6190602 0.7167862 0.6316458 0.7642395 0.6658215 0.6334090 0.6748024 0.6474571 0.6775251 0.7120123 0.7293179 1.2825764 0.6188323 0.7856175 0.6613606 0.7609459 0.7736830 0.6912537 0.9261072 0.9197723 0.8728527 0.8946748 0.8550060 0.9318589 1.0481677 1.6661965 0.9393435 0.7552525 0.9418775 1.0390333 0.7091417 0.6941269 0.6257955 0.6111767 0.7599844 0.5760824 1.0222172 0.7641487 0.7621403 1.4986226 1.0664166 0.9192501 1.3821134 1.0047225 
Exapal_XM_021054333.2                                       0.3160206 0.4926879 0.4320661 0.4538764 0.6060831 0.5101251 0.5179051 0.4455478 0.2513246 0.4309810 0.4559512 0.4454023 0.3743739 0.5797678 0.2221568 0.2973947 0.2944899 0.2945437 0.3225234 0.2992181 0.3342929 0.1834241 0.0000000 0.4967003 0.4899130 0.5481854 0.5048101 0.4662043 0.4499839 0.4796736 0.4758332 0.4611908 0.4865526 0.5263544 0.6556562 0.6633409 0.6504444 0.6911610 0.5974088 0.7637586 0.6393729 0.6174896 0.6501225 0.6593630 0.6776805 0.6944132 0.7054767 1.1264110 0.5884118 0.7707327 0.6415089 0.7405814 0.7265671 0.7006246 0.8977709 0.8928832 0.9101720 0.8832048 0.8455403 0.9402876 1.0053526 1.5648728 0.9063601 0.7314773 0.9016633 1.0200879 0.7208044 0.6805775 0.6781376 0.5655575 0.7142747 0.4717863 1.0437424 0.7601708 0.7032904 1.2365284 0.9479149 1.0351663 1.1756426 1.0374879 
Skow_XM_006819313.1                                         0.2290742 0.4120597 0.4170247 0.4377928 0.4483077 0.5088245 0.5197811 0.3465898 0.2731029 0.5560911 0.5471298 0.5306002 0.2868097 0.6939772 0.2882075 0.4780767 0.5010847 0.4865845 0.5491522 0.4791576 0.4865045 0.5259465 0.4967003 0.0000000 0.4975110 0.5049143 0.4695142 0.4525404 0.6008391 0.6356953 0.5846887 0.5846887 0.5585485 0.4927276 0.6941523 0.7030177 0.7082900 0.8051665 0.7857697 0.9377577 0.7994537 0.6740014 0.6989039 0.5040312 0.6390253 0.7394636 0.7478767 1.7486637 0.5882889 0.9641181 0.6579965 0.9371492 0.8535481 0.6085449 0.9278891 0.9250275 0.7575912 1.0516021 1.0225680 1.0007102 1.0059122 1.8391822 1.8469840 1.0080777 1.5444752 2.1175393 0.7744925 1.2625284 2.3246653 0.7320113 1.1314037 0.5760811 8.9999986 0.7368856 1.1066162 2.6994508 1.1642050 3.3218954 2.7755083 0.9365751 
Hsap_ENST00000371142                                        0.2423824 0.4542792 0.4063684 0.3930736 0.5821776 0.4390615 0.4747635 0.3990732 0.3086191 0.5199799 0.5281682 0.5436252 0.3268430 0.6205887 0.4035056 0.5002043 0.5343412 0.5086944 0.5633359 0.4962288 0.5639292 0.4957096 0.4899130 0.4975110 0.0000000 0.4580126 0.5483394 0.4057957 0.5462116 0.6204947 0.5425786 0.5270126 0.5449138 0.5564151 0.6533163 0.6669281 0.6267512 0.6940680 0.6408974 0.7323981 0.6416444 0.5819461 0.6052929 0.6397955 0.5769340 0.7423471 0.7844266 1.2618700 0.6484448 0.7703829 0.7272797 0.7499422 0.7351493 0.7432827 0.8256390 0.8562183 0.7829910 0.8393821 0.7522172 0.8562539 0.8490306 1.2525649 0.8416668 0.6834382 0.8354818 0.9732024 0.6174389 0.6010777 0.5800900 0.6290508 0.8177010 0.7700016 1.0710203 0.7170140 0.6506399 1.3948644 1.0083298 1.4517677 1.1130341 0.9272419 
Cscu_XM_023361218.1                                         0.2381297 0.3653680 0.3946721 0.3785374 0.8550354 0.4337329 0.4282288 0.4763727 0.3021007 0.5255339 0.5491843 0.5640751 0.2771826 0.6116387 0.3670781 0.5117755 0.5498342 0.5316781 0.5156895 0.5324963 0.5243565 0.5485516 0.5481854 0.5049143 0.4580126 0.0000000 0.4888945 0.4526654 0.5620877 0.5955966 0.5380365 0.5277828 0.5593651 0.5238764 0.6974667 0.7014078 0.6380302 0.7283289 0.6617358 0.7595613 0.6820950 0.6283753 0.6653236 0.6126552 0.6459963 0.7515973 0.8100352 1.3999399 0.6509121 0.9327398 0.7135793 0.8407495 0.8470565 0.7847670 0.9719549 1.0052431 0.8972595 0.9078893 0.8871000 1.0051693 1.1895957 1.3597745 0.9903727 0.9045463 0.9118879 1.1755098 0.6762452 0.6783252 0.7702903 0.6528449 0.8771021 0.5925010 0.9746353 0.7237265 0.7091735 1.0912965 0.9423223 1.4890070 1.1433410 0.9733156 
Spur_XM_780108.5                                            0.2597881 0.4435612 0.4713437 0.4153504 0.6238665 0.5362456 0.5041155 0.4973973 0.3463805 0.5520593 0.5588168 0.5604029 0.3496886 0.6259692 0.3868874 0.5642904 0.5553053 0.5356527 0.6212725 0.5564601 0.5983784 0.5209031 0.5048101 0.4695142 0.5483394 0.4888945 0.0000000 0.4410266 0.5077723 0.5575607 0.5012121 0.4900042 0.4580312 0.5357367 0.6604214 0.6556223 0.6060898 0.7493163 0.6905007 0.7836654 0.6947846 0.6426627 0.6681912 0.5698291 0.6286937 0.7006347 0.7245538 1.4109006 0.6134137 0.8945982 0.6153614 0.8605758 0.8512512 0.6968297 0.9636551 0.9385011 0.9039308 0.9024971 0.9136553 1.0083204 1.0784610 1.6117938 1.1761966 0.8810710 1.0884710 1.3058337 0.6952659 0.7399279 0.8319038 0.7155126 0.9009644 0.5137527 1.0117077 0.6674328 0.6568918 1.2903272 0.9160313 1.1730976 1.2172719 0.8470192 
Bralan_BLAG15000500_1                                       0.2258785 0.3261053 0.3798985 0.3203718 0.3064747 0.4388805 0.4630442 0.2682193 0.3396533 0.5729687 0.5876346 0.6020616 0.3841244 0.6798881 0.3514236 0.4698609 0.4845509 0.4718351 0.5255206 0.4408264 0.5244109 0.4770950 0.4662043 0.4525404 0.4057957 0.4526654 0.4410266 0.0000000 0.6036157 0.6243868 0.5509507 0.5384935 0.5633331 0.6067564 0.7419994 0.7323982 0.6988660 0.6877108 0.6317047 0.6784759 0.6452915 0.5782349 0.6106251 0.7093607 0.7511606 0.7759410 0.7675852 1.2491346 0.7483206 0.9155139 0.8484565 0.8441976 0.8664584 0.7287292 0.8947114 0.9625065 0.9378656 0.9822588 0.9637110 0.9669039 1.0474942 1.7245582 1.0913552 0.7884556 1.0161509 1.2720398 0.7243918 0.4787332 0.5932451 0.6083016 0.7695983 0.7457672 0.7919947 0.7906132 0.6772856 1.5129102 1.1454611 1.1304988 1.2693608 1.2117168 
Dgig_XM_028548145.1                                         0.3302126 0.5358247 0.5058839 0.4567262 0.5271508 0.5560779 0.5882570 0.4762474 0.3163514 0.5256173 0.5349799 0.5440886 0.3446380 0.6288187 0.3141970 0.4547139 0.4610012 0.4462204 0.5126273 0.4676111 0.5102752 0.4453720 0.4499839 0.6008391 0.5462116 0.5620877 0.5077723 0.6036157 0.0000000 0.2328840 0.4650402 0.4650402 0.5469945 0.4780441 0.5764578 0.6058876 0.5686334 0.6502280 0.6321291 0.6853640 0.6550933 0.6190899 0.6303063 0.5924805 0.5099269 0.7419144 0.7751534 1.4585793 0.6303261 0.8467397 0.6310641 0.8301131 0.8124064 0.6776427 0.8563077 0.8819313 0.7684905 0.8418875 0.8238902 0.9032202 0.9650230 1.5937829 1.1297851 0.8176281 1.0850815 1.2434021 0.6617700 0.9485024 0.9344524 0.7095032 0.8754749 0.5688091 1.3934758 0.7308949 0.8880177 1.4388652 0.9523260 1.0983892 1.5689774 0.9575995 
Xesp_015854-T1                                              0.3906835 0.5612945 0.5176314 0.4990277 0.5506465 0.5967190 0.5993482 0.3914406 0.3663047 0.5604588 0.5648112 0.6185677 0.3417007 0.6612236 0.3211092 0.4754827 0.4718791 0.4664826 0.4990894 0.4683254 0.4993511 0.5245016 0.4796736 0.6356953 0.6204947 0.5955966 0.5575607 0.6243868 0.2328840 0.0000000 0.5619903 0.5514666 0.5443021 0.5471993 0.6322572 0.6859717 0.6347946 0.6875587 0.6245833 0.7378555 0.6658154 0.6366507 0.6623532 0.6166383 0.5754556 0.7584364 0.8172295 1.5226149 0.6820058 0.9311600 0.6730055 0.8731230 0.8974695 0.7492624 0.9985734 1.0074566 0.8979332 0.9728110 0.9289863 0.9950402 1.0700683 1.5947284 1.1879651 0.9352121 1.1650237 1.3841580 0.7319793 0.9166147 1.1694807 0.7509360 0.9249640 0.6503234 1.1211607 0.7570006 0.9381804 1.4216046 0.9585548 1.5115875 1.6268785 0.9986109 
Opea_EP00118_Oscarella_pearsei_P003395                      0.3803424 0.5522225 0.4737866 0.5139402 0.5526417 0.5258985 0.5712190 0.4851024 0.3687203 0.5997714 0.6296788 0.5511802 0.4399005 0.6732637 0.3974624 0.5050142 0.4845001 0.5022801 0.5502742 0.4884834 0.5508591 0.5174201 0.4758332 0.5846887 0.5425786 0.5380365 0.5012121 0.5509507 0.4650402 0.5619903 0.0000000 0.0000010 0.2350129 0.5678913 0.6683853 0.7116638 0.6428201 0.7395542 0.6934797 0.7751517 0.6781894 0.6103589 0.6411229 0.6775417 0.6428959 0.7353378 0.7531285 1.2332720 0.6049863 0.8391331 0.6081860 0.8496792 0.8280808 0.7481269 0.9471229 0.9484613 0.8535375 0.9066288 0.9067670 0.9217121 0.9914878 1.6092638 1.1409267 0.8234725 1.0801163 1.3246218 0.6750055 0.6445077 0.5603513 0.7108442 0.8907993 0.6877924 0.8191781 0.6657504 0.8817280 1.0625704 0.8450682 1.0618378 1.0363814 0.9166564 
Ocar_g1531                                                  0.3803424 0.5384072 0.4625770 0.4971347 0.5526417 0.5115222 0.5564474 0.4851024 0.3687203 0.5810272 0.6158418 0.5420822 0.4399005 0.6658011 0.3974624 0.4967619 0.4764096 0.4941513 0.5408012 0.4807844 0.5384352 0.5062588 0.4611908 0.5846887 0.5270126 0.5277828 0.4900042 0.5384935 0.4650402 0.5514666 0.0000010 0.0000000 0.2350129 0.5678913 0.6585565 0.7074868 0.6387860 0.7196324 0.6934797 0.7586222 0.6781894 0.6103589 0.6291967 0.6775417 0.6428959 0.7174625 0.7347356 1.1576577 0.6049863 0.8391331 0.6081860 0.8496792 0.8280808 0.7481269 0.9471229 0.9484613 0.8592066 0.9100498 0.9067670 0.9004497 0.9914878 1.6092638 1.1409267 0.8234725 1.0801163 1.3246218 0.6540422 0.6445077 0.5603513 0.7108442 0.8681162 0.6877924 0.8191781 0.6438583 0.8817280 1.0625704 0.8450682 0.9623597 1.0363814 0.9166564 
Plajan_Pjan_scaffold21052_01                                0.3201723 0.5021458 0.4672108 0.4736471 0.5599773 0.5172472 0.5507925 0.5171228 0.3659379 0.5674326 0.5951153 0.5169734 0.4020328 0.6627558 0.4183797 0.5378625 0.5218405 0.5140744 0.6057152 0.5370934 0.5415110 0.5371578 0.4865526 0.5585485 0.5449138 0.5593651 0.4580312 0.5633331 0.5469945 0.5443021 0.2350129 0.2350129 0.0000000 0.5657504 0.6405394 0.6744066 0.6248046 0.7452811 0.6849340 0.7884112 0.7022950 0.6376563 0.6477008 0.5947068 0.6313529 0.6858514 0.7087648 1.1098916 0.6232878 0.8677109 0.6156105 0.8553594 0.8185893 0.7502597 0.9317220 0.9307645 0.8718541 0.9076495 0.9276144 0.9696624 1.2314600 1.8257720 1.1576451 0.8856981 1.0499011 1.2351827 0.6655087 0.6809940 0.5561662 0.7589618 0.8087598 0.7015422 0.8254451 0.6536121 0.8030060 1.0954270 0.9313442 1.0634385 1.0698154 0.8623716 
Clacor_Ccor_scaffold15317_01                                0.4647527 0.4637974 0.4918224 0.5091563 0.9843395 0.5232823 0.5499636 0.9026176 0.3835473 0.5008851 0.5136083 0.4981715 0.3784353 0.5860556 0.4923506 0.4848838 0.5254426 0.5146581 0.6066456 0.4982643 0.4962682 0.5098895 0.5263544 0.4927276 0.5564151 0.5238764 0.5357367 0.6067564 0.4780441 0.5471993 0.5678913 0.5678913 0.5657504 0.0000000 0.3672156 0.4130654 0.3865162 0.6263326 0.6168668 0.8345273 0.6082535 0.6121669 0.6066586 0.6905038 0.4083154 0.7455980 0.7551997 0.4977420 0.6025269 0.7333607 0.5867284 0.7343202 0.7481151 0.6446636 0.8251686 0.8188397 0.7178357 0.7300552 0.7970985 0.8758334 1.1278811 8.9999986 1.0274189 1.0837766 8.3311264 0.5907452 0.6987296 0.5275214 0.5275214 0.7061531 4.5700294 1.4536449 0.5275214 0.7582108 0.0000010 1.7279988 1.0859044 0.5275214 0.9466799 0.9871598 
Lcom_lcpid54180                                             0.4453683 0.6842610 0.6504449 0.6300319 0.8928584 0.6971959 0.6823262 0.6215742 0.4516231 0.6687644 0.7091314 0.6933624 0.4529088 0.7840105 0.5269619 0.6603212 0.6752354 0.6741255 0.7224288 0.6585530 0.6794250 0.6864734 0.6556562 0.6941523 0.6533163 0.6974667 0.6604214 0.7419994 0.5764578 0.6322572 0.6683853 0.6585565 0.6405394 0.3672156 0.0000000 0.1973415 0.1640532 0.8461102 0.7659520 0.9538602 0.8192862 0.7296101 0.7739191 0.7381178 0.5123942 0.8153443 0.8607638 1.4605676 0.6617656 0.9225198 0.6830220 0.9339734 0.9373178 0.6995558 0.9628902 0.9216228 0.8519189 0.9298093 0.9865282 1.0163240 1.3072190 1.9317586 1.1873351 0.9584325 1.1300667 1.2416605 0.8004723 1.0526769 0.9209439 0.7638714 0.9670537 0.7321817 1.4985482 0.7814733 0.8333605 1.3217074 1.0794691 1.4121711 1.3823318 0.9445067 
Gracom_Gcom_C554212_01                                      0.4808838 0.6909186 0.6298521 0.5958402 1.0006245 0.6927356 0.6490536 0.6667933 0.4505359 0.7057699 0.7457152 0.7217966 0.4307007 0.7553392 0.5617717 0.6998858 0.7349119 0.7173021 0.8032539 0.7302630 0.7150537 0.6636780 0.6633409 0.7030177 0.6669281 0.7014078 0.6556223 0.7323982 0.6058876 0.6859717 0.7116638 0.7074868 0.6744066 0.4130654 0.1973415 0.0000000 0.1483227 0.8676199 0.8098791 0.9364316 0.8209067 0.7941910 0.8113459 0.7464933 0.4974356 0.8527513 0.8752378 1.5083615 0.6154153 0.9414406 0.6259285 0.9627112 0.9605145 0.7273207 0.9927921 0.9559575 0.8992120 0.9678976 1.0053944 1.0664254 1.4595659 2.0956392 1.3011085 1.0650859 1.2310980 1.2958915 0.7989069 0.8573681 0.9495118 0.8267085 0.9768258 0.7772297 1.3962148 0.7777687 0.7780429 1.3307421 1.1107197 1.0179248 1.4622955 0.9299376 
Leuniv_Lniv_scaffold7396_01                                 0.4328758 0.6154266 0.6360380 0.5798735 0.9441045 0.6526289 0.6834147 0.7080149 0.4182927 0.6950585 0.7100401 0.6788097 0.4572360 0.7630529 0.5224337 0.6465910 0.6839382 0.6568620 0.7355095 0.6755654 0.6625614 0.6190602 0.6504444 0.7082900 0.6267512 0.6380302 0.6060898 0.6988660 0.5686334 0.6347946 0.6428201 0.6387860 0.6248046 0.3865162 0.1640532 0.1483227 0.0000000 0.8045067 0.7694209 0.9014670 0.8010825 0.7448051 0.7409929 0.6945954 0.4796732 0.8385303 0.8417300 1.4848244 0.5982500 0.8820625 0.6178010 0.9214114 0.8816523 0.6767571 0.9988705 0.9653935 0.8742562 0.9457533 0.9855938 1.0258754 1.3833165 2.0983210 1.2438790 1.0189507 1.2242324 1.3375893 0.8202385 0.9172172 1.0369060 0.7666860 0.9759131 0.7616709 0.9966558 0.7264756 0.7148852 1.3277902 1.1005995 1.0577048 1.3257091 0.9032138 
HoiH23_PlH23_007650-RA                                      0.4544755 0.6759178 0.6171124 0.5495938 0.6257021 0.6368392 0.7137084 0.4021021 0.4030483 0.7017143 0.7130045 0.6829150 0.4427883 0.8422793 0.4827199 0.7065520 0.7242848 0.7025252 0.7974854 0.7163366 0.7505166 0.7167862 0.6911610 0.8051665 0.6940680 0.7283289 0.7493163 0.6877108 0.6502280 0.6875587 0.7395542 0.7196324 0.7452811 0.6263326 0.8461102 0.8676199 0.8045067 0.0000000 0.0301423 0.0767761 0.0689278 0.1186945 0.1046718 0.7579886 0.7831373 0.9063963 0.9059294 1.9015360 0.6792421 1.0213797 0.7132015 0.9041254 0.9468270 0.7712359 1.1627605 1.1440660 0.9843701 1.0724727 1.0302269 1.1218013 1.2543337 1.4771081 1.3265042 1.0695372 1.1380855 1.5383787 0.8884196 0.9701192 1.0351086 0.8222008 1.1833933 0.9056758 0.9229936 0.9077521 1.0466903 1.6620711 1.1803535 1.5364850 1.7003924 1.4110691 
HoiH06_mRNA2315                                             0.4434725 0.5835904 0.5512197 0.5352352 0.6257021 0.6045250 0.6493358 0.4106643 0.3938780 0.6389940 0.6548659 0.6073107 0.4435230 0.7984189 0.4849685 0.6280398 0.6463056 0.6324291 0.7050221 0.6315377 0.6742956 0.6316458 0.5974088 0.7857697 0.6408974 0.6617358 0.6905007 0.6317047 0.6321291 0.6245833 0.6934797 0.6934797 0.6849340 0.6168668 0.7659520 0.8098791 0.7694209 0.0301423 0.0000000 0.0791432 0.0602876 0.0978625 0.1060561 0.7045884 0.7732313 0.7968614 0.8085946 1.4359789 0.6652895 0.9778820 0.6977579 0.9141709 0.9125479 0.7587533 1.1090305 1.1008077 0.9188639 1.0306721 0.9749586 1.0879231 1.2591213 1.4842309 1.3497529 1.0815708 1.1544377 1.5346657 0.8105015 1.0661766 1.0623592 0.7555502 0.9504933 0.8787272 0.7315244 0.7938152 1.0119808 1.6342939 1.1571258 1.1894088 1.4652744 1.3765512 
Hhon_g09019.t1                                              0.5677985 0.6922708 0.6062362 0.5719567 0.6149856 0.6488613 0.7616864 0.4111842 0.5260683 0.7520733 0.7581112 0.7251647 0.5468117 0.8953330 0.5396547 0.7825629 0.7722177 0.7489087 0.7971440 0.7757536 0.8091571 0.7642395 0.7637586 0.9377577 0.7323981 0.7595613 0.7836654 0.6784759 0.6853640 0.7378555 0.7751517 0.7586222 0.7884112 0.8345273 0.9538602 0.9364316 0.9014670 0.0767761 0.0791432 0.0000000 0.0480672 0.1309751 0.1196974 0.7434460 0.9697186 0.8758834 0.8441076 1.4650533 0.8634058 1.0818094 0.9451893 0.9580533 0.9625935 0.8993750 1.1693417 1.2046342 1.2321577 1.1064749 1.0529752 1.1538403 1.2079816 1.4431042 1.1113461 0.9455364 0.9932547 1.2213682 0.8787241 0.7667442 0.6453171 0.7300287 1.0565155 0.8190179 0.8867992 0.8599409 0.7124592 1.4050406 1.1628046 1.3698833 1.3240962 3.7508283 
HoiH04_mRNA3770                                             0.4705462 0.6183947 0.5586057 0.5575567 0.6149856 0.6170649 0.6689129 0.4111842 0.4116296 0.6605315 0.6508977 0.6310845 0.4129739 0.7706774 0.4813135 0.6777731 0.6974910 0.6840124 0.7663009 0.6801802 0.7458092 0.6658215 0.6393729 0.7994537 0.6416444 0.6820950 0.6947846 0.6452915 0.6550933 0.6658154 0.6781894 0.6781894 0.7022950 0.6082535 0.8192862 0.8209067 0.8010825 0.0689278 0.0602876 0.0480672 0.0000000 0.1082568 0.1250563 0.7023549 0.7879171 0.7968117 0.7771661 1.3892441 0.6524665 0.9548460 0.6847351 0.8959674 0.8689152 0.7373652 1.0874602 1.0828897 0.8817151 0.9729380 0.9528824 0.9944493 1.2079816 1.4431042 1.2370613 1.0102522 1.0816212 1.3823536 0.8216372 0.9992028 0.9010264 0.7485554 0.9951191 0.8384961 0.7674068 0.8025836 0.9418790 1.7642862 1.1973239 1.2895245 1.4545632 1.3001273 
TrH2_TrispH2_007343-RA                                      0.4487325 0.5287988 0.5076887 0.5035965 0.6079384 0.5632116 0.6182627 0.4140228 0.4109372 0.6068458 0.6215212 0.5934957 0.4779909 0.7271473 0.4592304 0.6130036 0.6451206 0.6341531 0.6930648 0.6148135 0.6511843 0.6334090 0.6174896 0.6740014 0.5819461 0.6283753 0.6426627 0.5782349 0.6190899 0.6366507 0.6103589 0.6103589 0.6376563 0.6121669 0.7296101 0.7941910 0.7448051 0.1186945 0.0978625 0.1309751 0.1082568 0.0000000 0.0194618 0.7438426 0.7502918 0.7885849 0.7739582 1.2169196 0.6667138 0.9553077 0.6993877 0.8744205 0.9049884 0.7647797 1.0443060 1.0414219 0.9131328 0.9820213 0.9144023 1.0088929 1.1410954 1.3607623 1.0733320 0.9025066 0.9506682 1.1973483 0.7941056 0.6169915 0.7295056 0.7051048 0.9326640 0.7844475 1.0479005 0.8071358 0.7633923 1.4978604 1.0928961 1.1683625 1.3330392 1.2157643 
Tadh_TriadT29152                                            0.4420271 0.5829078 0.5295389 0.5019513 0.5913906 0.5655705 0.6382240 0.4042689 0.4169708 0.6577455 0.6594891 0.6368852 0.4779909 0.7476988 0.4545465 0.6336805 0.6619772 0.6410530 0.7206325 0.6415699 0.6766535 0.6748024 0.6501225 0.6989039 0.6052929 0.6653236 0.6681912 0.6106251 0.6303063 0.6623532 0.6411229 0.6291967 0.6477008 0.6066586 0.7739191 0.8113459 0.7409929 0.1046718 0.1060561 0.1196974 0.1250563 0.0194618 0.0000000 0.7411994 0.7528658 0.8634818 0.8404201 1.4637386 0.6667138 0.9644368 0.6993877 0.8738363 0.8942703 0.7719591 1.0881168 1.0764702 0.9726324 1.0162229 0.9663882 1.0331074 1.1511847 1.3607623 1.0733320 0.9089885 0.9506682 1.1973483 0.8010268 0.6646452 0.7295056 0.7590911 1.0548051 0.7844475 1.0607204 0.8684185 0.7633923 1.4711546 1.1008441 1.4788844 1.5037959 1.2157643 
Stycar_maker-SC_scaffold6783-snap-gene-0.23-mRNA-1          0.4179412 0.6331233 0.5807846 0.5766370 0.6788985 0.6291311 0.6278502 0.5079744 0.3472020 0.5757201 0.5859170 0.5714837 0.4491952 0.7226093 0.4819191 0.6465476 0.6508821 0.6233833 0.7153686 0.6411591 0.6081345 0.6474571 0.6593630 0.5040312 0.6397955 0.6126552 0.5698291 0.7093607 0.5924805 0.6166383 0.6775417 0.6775417 0.5947068 0.6905038 0.7381178 0.7464933 0.6945954 0.7579886 0.7045884 0.7434460 0.7023549 0.7438426 0.7411994 0.0000000 0.6440252 0.4796982 0.4753455 1.7523212 0.7063792 0.9855323 0.7480390 0.9044261 0.8979500 0.6375586 0.9919980 1.0134729 0.8694976 0.9380947 0.9994090 1.0179330 1.1998677 1.8678348 1.7588766 1.0733444 1.4952768 2.1717020 0.5978466 1.8094153 7.3390128 0.6989690 0.8813835 0.5545882 8.9999989 0.3790348 0.6149451 2.9130860 0.9416713 3.9700882 3.4147559 0.9294695 
Clacor_Ccor_scaffold7929_01                                 0.5804313 0.6262037 0.6550787 0.5752144 1.0462530 0.6527772 0.7063010 1.0044614 0.5211439 0.6652396 0.6634258 0.7144624 0.5406021 0.7043555 0.6587040 0.6816553 0.6950608 0.6986153 0.7557372 0.6861593 0.6555350 0.6775251 0.6776805 0.6390253 0.5769340 0.6459963 0.6286937 0.7511606 0.5099269 0.5754556 0.6428959 0.6428959 0.6313529 0.4083154 0.5123942 0.4974356 0.4796732 0.7831373 0.7732313 0.9697186 0.7879171 0.7502918 0.7528658 0.6440252 0.0000000 0.8289804 0.8253423 0.3648124 0.6154126 0.7943494 0.5954433 0.7665417 0.7165239 0.6794826 0.8125436 0.8264530 0.7470014 0.7446747 0.7869249 0.8720286 1.0512007 8.9999982 2.0225449 1.0512007 8.9999982 0.9137506 0.7692687 0.0000010 0.0000010 0.8266666 2.3082473 1.0609683 0.0000010 0.7721289 0.0000010 1.2195001 1.0641411 0.0000010 0.0000010 1.0194034 
Emue_Em0021g559a.t1                                         0.5078482 0.7463705 0.6512274 0.6324385 0.9636849 0.7405800 0.7752205 0.6058680 0.4727111 0.7049220 0.7385310 0.7178668 0.4889450 0.8235719 0.5394462 0.6740717 0.6496286 0.6599750 0.7201924 0.6811729 0.6584416 0.7120123 0.6944132 0.7394636 0.7423471 0.7515973 0.7006347 0.7759410 0.7419144 0.7584364 0.7353378 0.7174625 0.6858514 0.7455980 0.8153443 0.8527513 0.8385303 0.9063963 0.7968614 0.8758834 0.7968117 0.7885849 0.8634818 0.4796982 0.8289804 0.0000000 0.1368755 0.2759356 0.7922105 1.0180896 0.8317149 0.9245627 0.9513815 0.8384250 1.0574034 1.0746070 1.0400249 1.0583685 1.0302096 1.0491365 1.0194417 1.4200909 1.1463768 0.8956068 1.0772407 1.3407409 0.6739579 1.0472080 0.9120024 0.8157518 1.0035396 0.7450441 1.2380523 0.5339410 0.9898133 1.6488579 1.0504584 1.7854763 1.5284859 1.0370874 
