55
Cgig_XM_011447827.3                     0.0000000 2.2290355 2.1648985 2.5650930 2.1643681 1.9748587 2.1631750 2.3495652 1.8450803 2.5657958 1.3704725 2.5137475 1.9192787 2.7430201 2.8115202 1.4205766 2.0098738 2.1410285 2.1279874 2.1972874 1.8687543 1.7365282 2.1606745 2.1720355 2.3991457 2.1037982 2.0719043 2.0994432 1.5915082 1.7947367 2.2304882 2.1149353 2.5139639 1.9015166 2.0011529 2.1557631 2.2772257 2.3551867 1.9321080 2.6634915 2.0367307 2.9296314 2.4610487 2.2171093 2.5268657 4.6588325 3.0691752 3.7661495 3.3638428 3.9902875 3.7689844 4.2502866 3.7631349 2.1533945 3.5064012 
Spis_XP_022788949_1                     2.2290355 0.0000000 0.0569660 0.4714280 0.3815666 1.0864627 0.9882741 1.0851269 2.1408347 2.0411714 2.1195894 2.6141669 2.0722681 2.7943141 2.8546847 1.2597450 2.4251531 2.0064266 2.0045336 2.0975574 1.7919964 1.6433031 1.9902338 1.9941221 2.2765890 2.0622734 2.1563007 2.1519906 1.9354610 1.7763355 1.8735058 2.0146014 2.4908350 2.3782965 2.3196495 2.3665839 2.0962754 2.0979570 1.8460373 2.2565487 1.7391132 2.1556453 2.3789480 2.3748601 2.8016369 3.9268780 2.9214436 3.1451747 2.9021226 3.1286088 2.9742725 3.2079782 2.9605701 2.3412882 3.9134277 
Pocdam_XM_027191506.1                   2.1648985 0.0569660 0.0000000 0.4893638 0.3981048 1.1076012 1.0305931 1.0790671 2.0947949 1.9782476 2.1028335 2.5658394 1.9992267 2.7372935 2.7317332 1.2608387 2.3946517 2.0007648 1.9988630 2.0854375 1.7805977 1.6396921 1.9990246 2.0029214 2.2086429 2.0404367 2.0808434 2.0717739 1.8907194 1.7649505 1.8906416 1.9954132 2.4649350 2.3788525 2.3150868 2.3264877 2.0476468 2.0520630 1.7885728 2.2353820 1.7216018 2.1336360 2.2660550 2.2956138 2.7798613 3.7509939 2.8942707 3.0754423 2.8753262 3.0699817 2.9734032 3.2580518 2.8852997 2.2888024 3.7938855 
Adig_XM_015919503.1                     2.5650930 0.4714280 0.4893638 0.0000000 0.0275118 1.9444507 1.1844238 1.3058313 2.4009362 2.5210756 2.5179639 3.5240851 2.2549037 3.2029107 3.2168951 1.4125000 2.9874171 2.2349066 2.2493324 2.2014545 1.9547863 1.8384072 2.2784666 2.2837931 2.7606604 2.3162430 2.6112594 2.5997669 2.3932418 2.2407735 2.3866268 2.0440789 2.4961007 2.8651784 2.3596490 2.4513503 2.5666313 2.5763259 2.1491431 2.7527327 2.1211077 3.0233746 2.8954385 2.7032759 3.2235606 4.6098626 2.9005113 3.9263542 3.8412598 3.4624474 3.3611545 3.5508566 3.5608265 2.6059051 3.5020162 
Amil_Amillepora37679-RA                 2.1643681 0.3815666 0.3981048 0.0275118 0.0000000 1.0122519 0.9586579 1.0567012 1.9973375 2.0515995 2.1464613 2.5407503 1.8898709 2.6990022 2.7210726 1.2991696 2.4958361 1.9284094 1.9388736 1.9273022 1.6426194 1.5515165 1.9919633 1.9959476 2.3617567 2.0410824 2.2629798 2.2530032 2.0452389 1.8979611 1.8679318 1.8494066 2.2581093 2.1388726 2.1476909 2.1625050 2.0661434 2.0754184 1.6830768 2.1966772 1.6959701 1.9890067 2.2752178 2.2796174 2.7279856 4.5958974 3.0331975 3.6208094 3.2116958 3.1701492 3.0744229 3.5551411 3.1939085 2.2576281 3.4160682 
Nvec_v1g144527                          1.9748587 1.0864627 1.1076012 1.9444507 1.0122519 0.0000000 0.0458641 0.7293387 1.7934705 1.8747009 1.4285976 2.1425538 1.7445285 1.8368065 2.0073038 1.1083157 1.1649504 1.2688196 1.2688196 1.3857002 1.3889659 1.2299396 1.4185889 1.4306555 1.7917895 2.5882441 1.8724647 1.8724647 1.5596410 1.4049831 1.6086441 1.9817438 1.9817438 1.3361067 3.5802318 1.7877955 1.9545162 1.9885230 1.7722239 1.8971514 1.7142558 2.5180357 1.8916249 1.0003989 1.5642076 5.5943896 2.7443412 3.4097349 3.5916122 2.7373793 2.7648222 1.6859234 2.4729819 2.2576604 4.9257469 
Nvec_v1g587                             2.1631750 0.9882741 1.0305931 1.1844238 0.9586579 0.0458641 0.0000000 0.7222686 1.9382366 1.5920069 2.1069414 2.3486465 1.9937202 2.2959705 2.5390042 1.2853304 1.9725959 1.5989264 1.5989264 1.6647733 1.6532705 1.5846546 1.6657263 1.6699781 1.9234929 1.7091875 1.8926328 1.8737891 1.5885513 1.9177068 1.5620574 1.9884507 1.9371809 2.3212865 2.0176492 1.8245419 1.8392626 1.8600086 1.4673163 2.0746351 1.2778160 1.2677190 2.0858955 2.1950052 2.1556142 4.3240199 3.0361391 3.6873266 2.8379692 3.3568545 3.1370612 3.9114696 3.0530755 2.0549857 2.8442779 
Exapal_XM_021040834.2                   2.3495652 1.0851269 1.0790671 1.3058313 1.0567012 0.7293387 0.7222686 0.0000000 2.4825383 2.0151701 2.2252827 2.5817253 1.9909071 2.6435838 2.8405027 1.2085096 2.2750513 1.9001436 1.8980644 1.9307778 1.6599952 1.4892665 1.9111979 1.9235347 2.3294663 2.1960089 2.1248050 2.1127504 1.8363120 1.9868739 1.7364101 1.8691193 2.2164453 2.2211869 2.2085873 2.2756777 2.1546441 2.2833247 1.7513897 2.0758347 1.6743798 2.1033704 2.2790531 2.2573168 2.9224470 4.4520113 3.0299020 3.8068320 3.7364602 3.5826569 3.3122651 3.7472458 3.4556192 2.4960022 4.5914563 
Ctel_gnl_WGS_AMQN_CAPTEDRAFT_mRNA150759 1.8450803 2.1408347 2.0947949 2.4009362 1.9973375 1.7934705 1.9382366 2.4825383 0.0000000 2.6984453 1.7508740 2.6959893 1.7636415 2.2521394 2.4736120 1.4441258 2.2608082 2.0908880 2.0872243 2.1046627 1.6992644 1.6492644 2.2175712 2.2496221 2.3608560 2.2697589 2.1025250 2.1097447 1.9466318 1.9190898 2.5535714 1.9943578 2.5002993 2.3885590 2.6438820 2.6824497 2.3510970 2.3724174 2.3610707 2.4837666 2.1138865 2.8111737 2.1981237 2.0472182 2.2658714 4.0574822 2.8652493 3.3892554 3.3987856 3.2763815 3.2448550 3.4908282 3.2316998 2.6826266 4.8996731 
Morvir_scaffold21.g55.t1                2.5657958 2.0411714 1.9782476 2.5210756 2.0515995 1.8747009 1.5920069 2.0151701 2.6984453 0.0000000 2.3832864 2.8268630 1.7846469 2.7137072 3.0067583 1.2626778 2.3241134 1.9565348 1.9500627 2.0473594 1.7042159 1.6261325 1.9469402 1.9601582 2.3309841 2.3939347 2.2147158 2.2205442 2.2913391 2.0394526 2.1052900 2.0599227 2.6042900 2.2729920 2.0258555 2.3792756 1.8119693 1.7239467 1.5860274 2.0252904 1.4836756 1.7294814 1.9090514 1.9164703 2.9609785 4.5845086 2.8149035 3.9484570 3.9348250 3.4644498 3.4635396 4.0982777 3.6902612 2.6752160 4.0696456 
Acagra_model.g29804.t1                  1.3704725 2.1195894 2.1028335 2.5179639 2.1464613 1.4285976 2.1069414 2.2252827 1.7508740 2.3832864 0.0000000 2.2254376 1.6592608 2.4842299 2.5099353 1.1032991 1.8076206 1.8796932 1.8895276 1.9188224 1.5525213 1.3986445 1.7885310 1.7963564 2.4129063 2.1865230 1.9811559 1.9743708 1.4074604 1.7105367 2.1674382 1.8721297 2.5080671 1.7261343 1.7708261 2.3860710 2.2171290 2.3027464 2.0231492 2.5710520 2.2250659 3.0967756 2.4120072 1.8981117 2.2489985 3.8747911 2.8001773 3.1321546 2.9892856 2.9722348 3.1809503 3.3951148 2.9194639 2.2926185 4.6693920 
Gracom_Gcom_scaffold11338_01            2.5137475 2.6141669 2.5658394 3.5240851 2.5407503 2.1425538 2.3486465 2.5817253 2.6959893 2.8268630 2.2254376 0.0000000 1.4428997 0.7644284 0.7138627 1.1567761 3.1286343 2.5005335 2.4821691 2.7018731 2.3866310 2.3538363 2.5337727 2.5458013 2.3604935 2.4379292 2.8922161 2.8922161 2.5982559 2.6090960 2.5742121 2.5698254 2.9348470 2.5127474 3.0993807 2.5384152 2.8241177 2.7289570 2.7791888 2.7653695 2.0076450 2.2635453 2.7197571 2.0298211 2.9956989 6.1438266 6.5474489 4.0740380 3.5010813 3.6241680 3.3319278 4.1443147 3.4421252 3.3859678 3.2845792 
Leuniv_Lniv_C773877_01                  1.9192787 2.0722681 1.9992267 2.2549037 1.8898709 1.7445285 1.9937202 1.9909071 1.7636415 1.7846469 1.6592608 1.4428997 0.0000000 0.4746492 0.5593167 0.7068132 1.7165905 2.0666869 2.0666869 2.1066190 2.0868772 2.1135850 2.0598782 2.0666487 1.9642959 1.8370509 1.6283459 1.6283459 1.9157212 1.7834493 1.9294320 2.2846129 2.1660427 2.1285815 2.2890427 2.2974964 1.8963698 1.9611420 1.8839626 1.9620039 1.0764118 0.6433928 1.7528963 1.8267725 2.5173995 3.5888627 2.6868021 3.3338237 1.7110563 3.1062297 2.7378581 3.5857924 3.1498361 2.5358160 3.2209087 
Scil_scict018315.2                      2.7430201 2.7943141 2.7372935 3.2029107 2.6990022 1.8368065 2.2959705 2.6435838 2.2521394 2.7137072 2.4842299 0.7644284 0.4746492 0.0000000 0.6009490 0.7115577 2.9896637 2.2035184 2.2115887 2.3684656 2.1754592 2.0797582 2.2751886 2.2887163 2.3879974 2.3186133 2.6737412 2.6795644 2.5161295 2.3373265 2.8118052 2.1818572 2.4633804 2.3255684 2.6322218 2.6661551 2.6275413 2.6090045 2.5126380 2.7472815 2.1979422 2.4358953 2.6169572 2.2872989 2.8229192 4.1485367 2.8911969 3.7841431 3.8210767 3.9018165 3.4146047 3.7823258 3.5745691 2.7385782 3.5376076 
Lcom_lcpid36818                         2.8115202 2.8546847 2.7317332 3.2168951 2.7210726 2.0073038 2.5390042 2.8405027 2.4736120 3.0067583 2.5099353 0.7138627 0.5593167 0.6009490 0.0000000 0.7064131 3.1773080 2.2886392 2.2750286 2.4084868 2.2367852 2.0212515 2.2419055 2.2518193 2.4845291 2.2735750 2.6653177 2.6421016 2.3930488 2.5234707 3.0962584 2.1947074 2.4745029 2.6330154 2.5641219 2.4342975 2.9633391 2.9122908 2.8108874 2.8708176 1.9808195 2.5163820 3.1353427 2.1787612 2.9074336 4.7589848 3.1162416 4.0066008 3.8695818 4.0100956 3.6665434 3.6744984 3.5988098 2.9244643 3.4335708 
Clacor_Ccor_C504399_01                  1.4205766 1.2597450 1.2608387 1.4125000 1.2991696 1.1083157 1.2853304 1.2085096 1.4441258 1.2626778 1.1032991 1.1567761 0.7068132 0.7115577 0.7064131 0.0000000 1.1579748 1.5495830 1.5495830 1.4839811 1.4699731 1.5550031 1.4848760 1.4929297 1.1868392 1.5045940 1.2845468 1.2845468 1.4002162 1.2208321 1.3752962 2.1115806 2.1057601 2.0417388 2.3584822 1.8736298 1.5327712 1.5972234 1.5571778 1.3700692 1.0509328 0.6610338 1.3853708 1.4152953 1.8699550 2.7426178 2.8019467 2.7004233 2.2592652 2.4686728 2.0797904 3.0415754 2.4718366 2.3389815 3.5910833 
Bralan_BLAG04001210_1                   2.0098738 2.4251531 2.3946517 2.9874171 2.4958361 1.1649504 1.9725959 2.2750513 2.2608082 2.3241134 1.8076206 3.1286343 1.7165905 2.9896637 3.1773080 1.1579748 0.0000000 1.9707497 1.9757777 1.9966325 1.6424938 1.5004616 1.9890080 2.0000650 2.7602120 2.2941476 1.7810585 1.7740823 1.5598428 1.6114224 2.0955740 1.7763594 2.4654357 2.2241936 1.8412313 2.4994448 2.3268650 2.4824107 2.2275736 2.5110465 2.1518089 2.6401583 2.5123625 1.8309654 2.4917573 3.6474563 2.2685044 3.5166816 4.1440109 3.4007905 3.3167497 3.3676143 3.6511967 2.3257598 4.0922551 
Hhon_g01841.t1                          2.1410285 2.0064266 2.0007648 2.2349066 1.9284094 1.2688196 1.5989264 1.9001436 2.0908880 1.9565348 1.8796932 2.5005335 2.0666869 2.2035184 2.2886392 1.5495830 1.9707497 0.0000000 0.0051070 0.1740167 0.1663809 0.1872468 0.3196164 0.3194688 2.1354796 2.4144368 2.1779748 2.1873568 1.9680878 1.7544512 2.0107780 1.8774783 2.2585243 2.1474094 2.4351694 2.3005581 2.0583108 2.1609774 2.3367522 2.2579392 1.7907039 2.6503368 1.9356150 1.9032234 2.7488998 4.2301358 3.8944255 3.8571105 4.1457468 3.0228093 2.8061011 3.0699293 3.1035657 2.5509008 4.1742475 
HoiH04_mRNA4931                         2.1279874 2.0045336 1.9988630 2.2493324 1.9388736 1.2688196 1.5989264 1.8980644 2.0872243 1.9500627 1.8895276 2.4821691 2.0666869 2.2115887 2.2750286 1.5495830 1.9757777 0.0051070 0.0000000 0.1710404 0.1663809 0.1872468 0.3161850 0.3211047 2.1412232 2.4258844 2.1609399 2.1702561 1.9590623 1.7660611 2.0107780 1.8774783 2.2868988 2.1474094 2.4351694 2.3005581 2.0358567 2.1372056 2.3115724 2.2420058 1.7907039 2.6435385 1.9334475 1.9032234 2.7468774 4.2125570 3.8255445 3.8020556 4.0379798 2.9970247 2.7808520 3.0699293 3.0882277 2.5768371 4.3714540 
HoiH23_PlH23_008203-RA                  2.1972874 2.0975574 2.0854375 2.2014545 1.9273022 1.3857002 1.6647733 1.9307778 2.1046627 2.0473594 1.9188224 2.7018731 2.1066190 2.3684656 2.4084868 1.4839811 1.9966325 0.1740167 0.1710404 0.0000000 0.0596434 0.1511454 0.2603991 0.2719840 2.1673961 2.4978161 2.3069388 2.3125002 2.0033401 1.8737651 2.0565741 1.9776598 2.3342137 2.0469976 2.3492851 2.4675352 2.1065936 2.2129272 2.2552440 2.3825264 1.8628982 2.9241987 1.9536769 1.8615482 2.8213848 3.8986774 3.4930365 3.8656072 4.4396854 3.0071899 3.0291519 2.9918008 3.1458510 2.5593633 4.7163272 
HoiH06_mRNA7744                         1.8687543 1.7919964 1.7805977 1.9547863 1.6426194 1.3889659 1.6532705 1.6599952 1.6992644 1.7042159 1.5525213 2.3866310 2.0868772 2.1754592 2.2367852 1.4699731 1.6424938 0.1663809 0.1663809 0.0596434 0.0000000 0.1296853 0.2085928 0.2177222 2.0214969 2.1747557 1.8599023 1.8657721 1.6327405 1.5412320 1.8471333 1.9434270 2.0922063 2.0654627 2.3232121 2.2741889 1.8822315 1.9927653 1.8404170 2.0890363 1.7681372 2.7868686 1.8070675 1.8892074 2.5808976 3.6632374 3.5137158 3.8867475 4.9029961 2.8142931 2.7120763 3.0706833 2.9756044 2.5003921 4.6980310 
HoiH11_mRNA2933                         1.7365282 1.6433031 1.6396921 1.8384072 1.5515165 1.2299396 1.5846546 1.4892665 1.6492644 1.6261325 1.3986445 2.3538363 2.1135850 2.0797582 2.0212515 1.5550031 1.5004616 0.1872468 0.1872468 0.1511454 0.1296853 0.0000000 0.1935523 0.1931036 1.8636282 2.0843915 1.6891046 1.6950396 1.4367426 1.4578108 1.6056700 1.9195009 1.8918097 2.1729895 2.4273871 2.0838223 1.8399678 1.9259234 1.8891647 2.0205501 1.2858857 2.0282329 1.6387959 1.9499549 2.3038737 3.2085563 2.9484660 3.0838792 3.4532971 2.4765548 2.3117109 2.8265061 2.6436779 2.4588535 4.4201900 
TrH2_TrispH2_009099-RA                  2.1606745 1.9902338 1.9990246 2.2784666 1.9919633 1.4185889 1.6657263 1.9111979 2.2175712 1.9469402 1.7885310 2.5337727 2.0598782 2.2751886 2.2419055 1.4848760 1.9890080 0.3196164 0.3161850 0.2603991 0.2085928 0.1935523 0.0000000 0.0078330 2.1058501 2.4384412 2.0040412 1.9901854 1.8938999 1.8598546 1.8305651 1.9565733 2.2609092 2.1246239 2.2064432 2.3409964 2.0569386 2.1507225 2.1349000 2.2369848 1.8616314 2.7170199 1.9551323 1.9032650 2.7197952 3.8543190 3.2949497 3.4487306 3.6434974 2.9470280 2.9438744 2.8957487 2.7842493 2.6358058 4.0266757 
Tadh_TriadT23582                        2.1720355 1.9941221 2.0029214 2.2837931 1.9959476 1.4306555 1.6699781 1.9235347 2.2496221 1.9601582 1.7963564 2.5458013 2.0666487 2.2887163 2.2518193 1.4929297 2.0000650 0.3194688 0.3211047 0.2719840 0.2177222 0.1931036 0.0078330 0.0000000 2.1152888 2.4524804 2.0215718 2.0076275 1.8830984 1.8551246 1.8408223 1.9583174 2.2622503 2.1307763 2.2073795 2.3496017 2.0592754 2.1532193 2.1294027 2.2302000 1.8817159 2.7616631 1.9701914 1.9085122 2.7361575 3.9207620 3.3698132 3.4885730 3.7084453 2.9539645 2.9456200 2.9066978 2.8311508 2.6445948 4.0794631 
Plajan_Pjan_scaffold21146_01            2.3991457 2.2765890 2.2086429 2.7606604 2.3617567 1.7917895 1.9234929 2.3294663 2.3608560 2.3309841 2.4129063 2.3604935 1.9642959 2.3879974 2.4845291 1.1868392 2.7602120 2.1354796 2.1412232 2.1673961 2.0214969 1.8636282 2.1058501 2.1152888 0.0000000 1.1917162 2.4393555 2.4269387 2.3738286 2.2299088 2.3747921 2.1955532 2.7051476 2.3088961 2.1559736 2.2364370 2.4751591 2.5217547 2.4208349 2.8413380 1.8658227 2.1151920 2.5050539 2.4942113 2.7987172 4.3409946 3.4773816 3.7957175 4.0642758 3.7633070 3.5200018 3.8205862 3.6449001 2.4060913 3.8738320 
Opea_EP00118_Oscarella_pearsei_P015924  2.1037982 2.0622734 2.0404367 2.3162430 2.0410824 2.5882441 1.7091875 2.1960089 2.2697589 2.3939347 2.1865230 2.4379292 1.8370509 2.3186133 2.2735750 1.5045940 2.2941476 2.4144368 2.4258844 2.4978161 2.1747557 2.0843915 2.4384412 2.4524804 1.1917162 0.0000000 2.1052772 2.1052772 2.5800851 2.1842455 2.1084124 1.9713959 2.5574514 2.3485392 1.9965861 2.3755328 2.1072195 2.1575775 2.5105645 2.4019819 2.0297424 2.4083165 2.3316771 1.5292934 2.6839326 3.1294538 3.0713101 3.0390204 3.4832102 3.3567948 3.1858201 2.6342906 3.0530949 2.4987529 3.8855885 
Spur_XM_030978466.1                     2.0719043 2.1563007 2.0808434 2.6112594 2.2629798 1.8724647 1.8926328 2.1248050 2.1025250 2.2147158 1.9811559 2.8922161 1.6283459 2.6737412 2.6653177 1.2845468 1.7810585 2.1779748 2.1609399 2.3069388 1.8599023 1.6891046 2.0040412 2.0215718 2.4393555 2.1052772 0.0000000 0.0020956 1.4207795 1.5014757 1.9210972 1.9847644 2.6427071 2.2562532 1.8211645 2.4503764 2.2895869 2.3515478 1.9080505 2.2074632 1.9956092 2.3920284 2.3858744 2.0785695 2.3036164 3.7164782 2.5386262 3.2929561 3.2870012 3.0835188 2.7994368 3.1242351 3.1740548 2.0909122 3.8123730 
Spur_XM_030978457.1                     2.0994432 2.1519906 2.0717739 2.5997669 2.2530032 1.8724647 1.8737891 2.1127504 2.1097447 2.2205442 1.9743708 2.8922161 1.6283459 2.6795644 2.6421016 1.2845468 1.7740823 2.1873568 2.1702561 2.3125002 1.8657721 1.6950396 1.9901854 2.0076275 2.4269387 2.1052772 0.0020956 0.0000000 1.4117564 1.4999938 1.9082160 1.9847644 2.6427071 2.2719166 1.8211645 2.4503764 2.2939711 2.3581974 1.9126122 2.2343921 1.9956092 2.3920284 2.3832592 2.0859170 2.2893101 3.7235382 2.5386262 3.2966479 3.2870012 3.0899840 2.8052299 3.1407085 3.1822890 2.0909122 3.8123730 
Skow_XM_006824694.1                     1.5915082 1.9354610 1.8907194 2.3932418 2.0452389 1.5596410 1.5885513 1.8363120 1.9466318 2.2913391 1.4074604 2.5982559 1.9157212 2.5161295 2.3930488 1.4002162 1.5598428 1.9680878 1.9590623 2.0033401 1.6327405 1.4367426 1.8938999 1.8830984 2.3738286 2.5800851 1.4207795 1.4117564 0.0000000 1.3966320 2.0601673 2.0717855 2.7057135 2.0103277 1.7181946 2.3306055 1.9701476 2.1309627 2.0105928 2.0800927 1.9093588 2.2557345 2.1172172 1.8811322 2.1059832 3.8872167 2.9911631 3.5121125 3.4759764 3.3431770 2.9346864 3.1764760 3.1360300 2.3688878 3.5590025 
Hsap_ENST00000350777                    1.7947367 1.7763355 1.7649505 2.2407735 1.8979611 1.4049831 1.9177068 1.9868739 1.9190898 2.0394526 1.7105367 2.6090960 1.7834493 2.3373265 2.5234707 1.2208321 1.6114224 1.7544512 1.7660611 1.8737651 1.5412320 1.4578108 1.8598546 1.8551246 2.2299088 2.1842455 1.5014757 1.4999938 1.3966320 0.0000000 1.8083022 1.9050769 2.4284157 1.7812652 2.3116255 2.4978995 2.1106260 2.2062041 2.0013274 2.3316740 1.8143807 2.2152818 2.1387261 1.7258513 2.0311474 3.6769839 2.6294577 3.4334962 3.6575293 3.3549525 3.2734919 3.7469395 3.3059972 1.9691188 3.7191265 
Dgig_XM_028551738.1                     2.2304882 1.8735058 1.8906416 2.3866268 1.8679318 1.6086441 1.5620574 1.7364101 2.5535714 2.1052900 2.1674382 2.5742121 1.9294320 2.8118052 3.0962584 1.3752962 2.0955740 2.0107780 2.0107780 2.0565741 1.8471333 1.6056700 1.8305651 1.8408223 2.3747921 2.1084124 1.9210972 1.9082160 2.0601673 1.8083022 0.0000000 1.8506866 2.0581265 2.0205210 2.0538975 2.2041411 2.0035656 2.0731389 1.8332684 2.1571943 1.8827925 2.4585688 2.1289227 2.1642365 2.6826458 3.6520293 3.2943142 3.1832975 2.6999566 2.9551200 3.0109105 3.5238848 2.9999977 2.4083742 4.7767455 
Halamb_c54224_g2_i2mm.5755              2.1149353 2.0146014 1.9954132 2.0440789 1.8494066 1.9817438 1.9884507 1.8691193 1.9943578 2.0599227 1.8721297 2.5698254 2.2846129 2.1818572 2.1947074 2.1115806 1.7763594 1.8774783 1.8774783 1.9776598 1.9434270 1.9195009 1.9565733 1.9583174 2.1955532 1.9713959 1.9847644 1.9847644 2.0717855 1.9050769 1.8506866 0.0000000 0.0043124 1.2527210 1.1030325 1.7122973 1.7671764 1.8093524 1.9769052 1.9801163 1.6895200 2.4929083 1.7522732 1.7755541 2.4301311 3.3341842 2.9583088 2.9464036 2.4820851 2.8353420 2.6029893 2.5057495 2.6541805 2.2174468 4.1155382 
Halamb_c45711_g1_i2m.19416              2.5139639 2.4908350 2.4649350 2.4961007 2.2581093 1.9817438 1.9371809 2.2164453 2.5002993 2.6042900 2.5080671 2.9348470 2.1660427 2.4633804 2.4745029 2.1057601 2.4654357 2.2585243 2.2868988 2.3342137 2.0922063 1.8918097 2.2609092 2.2622503 2.7051476 2.5574514 2.6427071 2.6427071 2.7057135 2.4284157 2.0581265 0.0043124 0.0000000 1.3298216 1.1520057 1.9235676 2.0639553 2.1455168 2.2290297 2.2770115 2.3644105 3.4783063 2.2291103 1.6848237 2.7665680 3.5970525 3.0315470 3.3658713 3.5413875 3.3135368 3.1741559 2.3730399 3.2923679 2.7411708 3.1417755 
Tetwil_g5275.t1                         1.9015166 2.3782965 2.3788525 2.8651784 2.1388726 1.3361067 2.3212865 2.2211869 2.3885590 2.2729920 1.7261343 2.5127474 2.1285815 2.3255684 2.6330154 2.0417388 2.2241936 2.1474094 2.1474094 2.0469976 2.0654627 2.1729895 2.1246239 2.1307763 2.3088961 2.3485392 2.2562532 2.2719166 2.0103277 1.7812652 2.0205210 1.2527210 1.3298216 0.0000000 0.7465221 1.7063726 2.0808439 2.0802191 1.9659816 2.0424565 1.4435623 1.4329281 1.6947495 2.3362978 2.2677855 4.6355678 3.6643810 3.7513799 1.8440240 3.2949509 2.9504081 4.6075617 3.8416918 2.4498884 3.9282754 
Spolac_c103456_g2_i1_m.34343c103456-g2  2.0011529 2.3196495 2.3150868 2.3596490 2.1476909 3.5802318 2.0176492 2.2085873 2.6438820 2.0258555 1.7708261 3.0993807 2.2890427 2.6322218 2.5641219 2.3584822 1.8412313 2.4351694 2.4351694 2.3492851 2.3232121 2.4273871 2.2064432 2.2073795 2.1559736 1.9965861 1.8211645 1.8211645 1.7181946 2.3116255 2.0538975 1.1030325 1.1520057 0.7465221 0.0000000 1.4575446 1.8083330 1.8494163 2.2397323 1.8925125 1.2107682 1.1152382 1.7391374 2.2668239 2.3708897 3.3514531 4.0396948 3.2952929 1.2783809 2.7481948 2.5767262 2.6869794 2.5565591 2.3742755 3.8050055 
Plespi_Pspi_scaffold15323_01            2.1557631 2.3665839 2.3264877 2.4513503 2.1625050 1.7877955 1.8245419 2.2756777 2.6824497 2.3792756 2.3860710 2.5384152 2.2974964 2.6661551 2.4342975 1.8736298 2.4994448 2.3005581 2.3005581 2.4675352 2.2741889 2.0838223 2.3409964 2.3496017 2.2364370 2.3755328 2.4503764 2.4503764 2.3306055 2.4978995 2.2041411 1.7122973 1.9235676 1.7063726 1.4575446 0.0000000 2.7005581 2.8661253 2.6867459 2.5612991 2.3583490 2.7135009 2.2942033 2.0938476 3.0050502 4.1935863 3.3910887 3.3127874 2.9820021 3.3324649 3.3044366 3.3536589 3.2765321 2.6335716 2.3272496 
Nemnom_g7598.t1                         2.2772257 2.0962754 2.0476468 2.5666313 2.0661434 1.9545162 1.8392626 2.1546441 2.3510970 1.8119693 2.2171290 2.8241177 1.8963698 2.6275413 2.9633391 1.5327712 2.3268650 2.0583108 2.0358567 2.1065936 1.8822315 1.8399678 2.0569386 2.0592754 2.4751591 2.1072195 2.2895869 2.2939711 1.9701476 2.1106260 2.0035656 1.7671764 2.0639553 2.0808439 1.8083330 2.7005581 0.0000000 0.1598190 0.4829114 0.9963065 1.7915184 2.0821957 1.8295428 1.7793423 2.6910914 3.5263508 2.4622919 3.1997035 3.3483838 2.9225826 3.0878811 2.7332961 2.9544482 2.5656744 4.3975966 
Rhoesc_Res_006525-T1                    2.3551867 2.0979570 2.0520630 2.5763259 2.0754184 1.9885230 1.8600086 2.2833247 2.3724174 1.7239467 2.3027464 2.7289570 1.9611420 2.6090045 2.9122908 1.5972234 2.4824107 2.1609774 2.1372056 2.2129272 1.9927653 1.9259234 2.1507225 2.1532193 2.5217547 2.1575775 2.3515478 2.3581974 2.1309627 2.2062041 2.0731389 1.8093524 2.1455168 2.0802191 1.8494163 2.8661253 0.1598190 0.0000000 0.4521250 1.0194670 1.7372145 2.0590269 1.7833419 1.9606501 2.7999699 3.7392588 2.5717795 3.3218496 3.3615022 2.9572437 3.1885268 3.0438891 3.1516685 2.6131403 4.4553898 
Aaur_scaffold122.g10.t1                 1.9321080 1.8460373 1.7885728 2.1491431 1.6830768 1.7722239 1.4673163 1.7513897 2.3610707 1.5860274 2.0231492 2.7791888 1.8839626 2.5126380 2.8108874 1.5571778 2.2275736 2.3367522 2.3115724 2.2552440 1.8404170 1.8891647 2.1349000 2.1294027 2.4208349 2.5105645 1.9080505 1.9126122 2.0105928 2.0013274 1.8332684 1.9769052 2.2290297 1.9659816 2.2397323 2.6867459 0.4829114 0.4521250 0.0000000 0.8697070 1.6487986 1.7839143 1.5250803 1.5794012 2.8109162 4.1469358 3.0010769 3.4047343 3.2589466 2.8045851 3.0910269 3.1663979 3.2241018 2.5102162 4.4665032 
Sanmal_Sma_019373-T1                    2.6634915 2.2565487 2.2353820 2.7527327 2.1966772 1.8971514 2.0746351 2.0758347 2.4837666 2.0252904 2.5710520 2.7653695 1.9620039 2.7472815 2.8708176 1.3700692 2.5110465 2.2579392 2.2420058 2.3825264 2.0890363 2.0205501 2.2369848 2.2302000 2.8413380 2.4019819 2.2074632 2.2343921 2.0800927 2.3316740 2.1571943 1.9801163 2.2770115 2.0424565 1.8925125 2.5612991 0.9963065 1.0194670 0.8697070 0.0000000 1.5745179 1.7811960 2.2474133 1.9975368 2.7251457 4.2098445 2.9305329 3.7916393 3.7010334 3.2540332 3.6481974 3.8535305 3.3605498 2.6105152 5.2683694 
Hvul_g4152_1                            2.0367307 1.7391132 1.7216018 2.1211077 1.6959701 1.7142558 1.2778160 1.6743798 2.1138865 1.4836756 2.2250659 2.0076450 1.0764118 2.1979422 1.9808195 1.0509328 2.1518089 1.7907039 1.7907039 1.8628982 1.7681372 1.2858857 1.8616314 1.8817159 1.8658227 2.0297424 1.9956092 1.9956092 1.9093588 1.8143807 1.8827925 1.6895200 2.3644105 1.4435623 1.2107682 2.3583490 1.7915184 1.7372145 1.6487986 1.5745179 0.0000000 0.0867756 0.6976480 1.0636804 2.3322115 5.1738854 2.9494596 3.1784465 3.5405586 3.1264564 2.8835923 1.7841554 3.2450348 2.2659878 3.4638738 
Hvul_g4153_1                            2.9296314 2.1556453 2.1336360 3.0233746 1.9890067 2.5180357 1.2677190 2.1033704 2.8111737 1.7294814 3.0967756 2.2635453 0.6433928 2.4358953 2.5163820 0.6610338 2.6401583 2.6503368 2.6435385 2.9241987 2.7868686 2.0282329 2.7170199 2.7616631 2.1151920 2.4083165 2.3920284 2.3920284 2.2557345 2.2152818 2.4585688 2.4929083 3.4783063 1.4329281 1.1152382 2.7135009 2.0821957 2.0590269 1.7839143 1.7811960 0.0867756 0.0000000 0.8007136 0.9474657 2.8065588 8.9127347 5.1653253 3.9558711 4.0832202 3.9301769 3.8753547 2.0983598 4.0458593 2.5716699 4.2911262 
Chem_TCONS_00067106                     2.4610487 2.3789480 2.2660550 2.8954385 2.2752178 1.8916249 2.0858955 2.2790531 2.1981237 1.9090514 2.4120072 2.7197571 1.7528963 2.6169572 3.1353427 1.3853708 2.5123625 1.9356150 1.9334475 1.9536769 1.8070675 1.6387959 1.9551323 1.9701914 2.5050539 2.3316771 2.3858744 2.3832592 2.1172172 2.1387261 2.1289227 1.7522732 2.2291103 1.6947495 1.7391374 2.2942033 1.8295428 1.7833419 1.5250803 2.2474133 0.6976480 0.8007136 0.0000000 2.2962094 2.9461018 4.3986681 2.4699777 3.4680480 3.2938331 3.6947278 3.7441261 4.4916279 3.8477793 2.2396319 4.2369490 
Cscu_XM_023377382.1                     2.2171093 2.3748601 2.2956138 2.7032759 2.2796174 1.0003989 2.1950052 2.2573168 2.0472182 1.9164703 1.8981117 2.0298211 1.8267725 2.2872989 2.1787612 1.4152953 1.8309654 1.9032234 1.9032234 1.8615482 1.8892074 1.9499549 1.9032650 1.9085122 2.4942113 1.5292934 2.0785695 2.0859170 1.8811322 1.7258513 2.1642365 1.7755541 1.6848237 2.3362978 2.2668239 2.0938476 1.7793423 1.9606501 1.5794012 1.9975368 1.0636804 0.9474657 2.2962094 0.0000000 1.8901984 3.5846867 2.4898226 3.4081225 2.1406626 3.0128288 2.7577056 3.5800394 2.7773597 1.6875996 3.4629129 
Tcas_TC033205_001                       2.5268657 2.8016369 2.7798613 3.2235606 2.7279856 1.5642076 2.1556142 2.9224470 2.2658714 2.9609785 2.2489985 2.9956989 2.5173995 2.8229192 2.9074336 1.8699550 2.4917573 2.7488998 2.7468774 2.8213848 2.5808976 2.3038737 2.7197952 2.7361575 2.7987172 2.6839326 2.3036164 2.2893101 2.1059832 2.0311474 2.6826458 2.4301311 2.7665680 2.2677855 2.3708897 3.0050502 2.6910914 2.7999699 2.8109162 2.7251457 2.3322115 2.8065588 2.9461018 1.8901984 0.0000000 4.7309759 3.7233661 4.0118364 3.6177464 3.5774417 3.4428127 3.7123088 3.5081146 2.7000523 3.9808415 
Pbac_sb2669117                          4.6588325 3.9268780 3.7509939 4.6098626 4.5958974 5.5943896 4.3240199 4.4520113 4.0574822 4.5845086 3.8747911 6.1438266 3.5888627 4.1485367 4.7589848 2.7426178 3.6474563 4.2301358 4.2125570 3.8986774 3.6632374 3.2085563 3.8543190 3.9207620 4.3409946 3.1294538 3.7164782 3.7235382 3.8872167 3.6769839 3.6520293 3.3341842 3.5970525 4.6355678 3.3514531 4.1935863 3.5263508 3.7392588 4.1469358 4.2098445 5.1738854 8.9127347 4.3986681 3.5846867 4.7309759 0.0000000 0.1227693 0.2367650 3.3890204 1.7006339 1.7697961 1.2560760 1.7392758 3.3010232 8.9999985 
Pbac_sb2644916                          3.0691752 2.9214436 2.8942707 2.9005113 3.0331975 2.7443412 3.0361391 3.0299020 2.8652493 2.8149035 2.8001773 6.5474489 2.6868021 2.8911969 3.1162416 2.8019467 2.2685044 3.8944255 3.8255445 3.4930365 3.5137158 2.9484660 3.2949497 3.3698132 3.4773816 3.0713101 2.5386262 2.5386262 2.9911631 2.6294577 3.2943142 2.9583088 3.0315470 3.6643810 4.0396948 3.3910887 2.4622919 2.5717795 3.0010769 2.9305329 2.9494596 5.1653253 2.4699777 2.4898226 3.7233661 0.1227693 0.0000000 0.2136815 2.6346804 1.3411817 1.4723633 1.1830359 1.3838650 2.6249237 6.4399599 
Horcal_Hcv1.av93.c9.g925.i1             3.7661495 3.1451747 3.0754423 3.9263542 3.6208094 3.4097349 3.6873266 3.8068320 3.3892554 3.9484570 3.1321546 4.0740380 3.3338237 3.7841431 4.0066008 2.7004233 3.5166816 3.8571105 3.8020556 3.8656072 3.8867475 3.0838792 3.4487306 3.4885730 3.7957175 3.0390204 3.2929561 3.2966479 3.5121125 3.4334962 3.1832975 2.9464036 3.3658713 3.7513799 3.2952929 3.3127874 3.1997035 3.3218496 3.4047343 3.7916393 3.1784465 3.9558711 3.4680480 3.4081225 4.0118364 0.2367650 0.2136815 0.0000000 0.0233909 1.0466743 1.2222336 1.1991945 1.2312908 3.3084611 5.2982371 
Pbac_sb2669115                          3.3638428 2.9021226 2.8753262 3.8412598 3.2116958 3.5916122 2.8379692 3.7364602 3.3987856 3.9348250 2.9892856 3.5010813 1.7110563 3.8210767 3.8695818 2.2592652 4.1440109 4.1457468 4.0379798 4.4396854 4.9029961 3.4532971 3.6434974 3.7084453 4.0642758 3.4832102 3.2870012 3.2870012 3.4759764 3.6575293 2.6999566 2.4820851 3.5413875 1.8440240 1.2783809 2.9820021 3.3483838 3.3615022 3.2589466 3.7010334 3.5405586 4.0832202 3.2938331 2.1406626 3.6177464 3.3890204 2.6346804 0.0233909 0.0000000 0.8996891 1.2220348 7.9974768 1.2447710 3.7557094 5.0022491 
Mlei_ML0325.g5.i1                       3.9902875 3.1286088 3.0699817 3.4624474 3.1701492 2.7373793 3.3568545 3.5826569 3.2763815 3.4644498 2.9722348 3.6241680 3.1062297 3.9018165 4.0100956 2.4686728 3.4007905 3.0228093 2.9970247 3.0071899 2.8142931 2.4765548 2.9470280 2.9539645 3.7633070 3.3567948 3.0835188 3.0899840 3.3431770 3.3549525 2.9551200 2.8353420 3.3135368 3.2949509 2.7481948 3.3324649 2.9225826 2.9572437 2.8045851 3.2540332 3.1264564 3.9301769 3.6947278 3.0128288 3.5774417 1.7006339 1.3411817 1.0466743 0.8996891 0.0000000 0.7206659 0.8224399 0.9506798 3.3446232 5.0042566 
Lampan_Lpan_C418239_01                  3.7689844 2.9742725 2.9734032 3.3611545 3.0744229 2.7648222 3.1370612 3.3122651 3.2448550 3.4635396 3.1809503 3.3319278 2.7378581 3.4146047 3.6665434 2.0797904 3.3167497 2.8061011 2.7808520 3.0291519 2.7120763 2.3117109 2.9438744 2.9456200 3.5200018 3.1858201 2.7994368 2.8052299 2.9346864 3.2734919 3.0109105 2.6029893 3.1741559 2.9504081 2.5767262 3.3044366 3.0878811 3.1885268 3.0910269 3.6481974 2.8835923 3.8753547 3.7441261 2.7577056 3.4428127 1.7697961 1.4723633 1.2222336 1.2220348 0.7206659 0.0000000 0.7226847 0.9700023 2.8259291 5.7159595 
Vmul_Simscaffold16112_01                4.2502866 3.2079782 3.2580518 3.5508566 3.5551411 1.6859234 3.9114696 3.7472458 3.4908282 4.0982777 3.3951148 4.1443147 3.5857924 3.7823258 3.6744984 3.0415754 3.3676143 3.0699293 3.0699293 2.9918008 3.0706833 2.8265061 2.8957487 2.9066978 3.8205862 2.6342906 3.1242351 3.1407085 3.1764760 3.7469395 3.5238848 2.5057495 2.3730399 4.6075617 2.6869794 3.3536589 2.7332961 3.0438891 3.1663979 3.8535305 1.7841554 2.0983598 4.4916279 3.5800394 3.7123088 1.2560760 1.1830359 1.1991945 7.9974768 0.8224399 0.7226847 0.0000000 0.4003125 2.9383022 6.8755788 
Coemet_Cmet_scaffold10583_01            3.7631349 2.9605701 2.8852997 3.5608265 3.1939085 2.4729819 3.0530755 3.4556192 3.2316998 3.6902612 2.9194639 3.4421252 3.1498361 3.5745691 3.5988098 2.4718366 3.6511967 3.1035657 3.0882277 3.1458510 2.9756044 2.6436779 2.7842493 2.8311508 3.6449001 3.0530949 3.1740548 3.1822890 3.1360300 3.3059972 2.9999977 2.6541805 3.2923679 3.8416918 2.5565591 3.2765321 2.9544482 3.1516685 3.2241018 3.3605498 3.2450348 4.0458593 3.8477793 2.7773597 3.5081146 1.7392758 1.3838650 1.2312908 1.2447710 0.9506798 0.9700023 0.4003125 0.0000000 3.0494557 5.8274432 
Dpul_mRNA27188                          2.1533945 2.3412882 2.2888024 2.6059051 2.2576281 2.2576604 2.0549857 2.4960022 2.6826266 2.6752160 2.2926185 3.3859678 2.5358160 2.7385782 2.9244643 2.3389815 2.3257598 2.5509008 2.5768371 2.5593633 2.5003921 2.4588535 2.6358058 2.6445948 2.4060913 2.4987529 2.0909122 2.0909122 2.3688878 1.9691188 2.4083742 2.2174468 2.7411708 2.4498884 2.3742755 2.6335716 2.5656744 2.6131403 2.5102162 2.6105152 2.2659878 2.5716699 2.2396319 1.6875996 2.7000523 3.3010232 2.6249237 3.3084611 3.7557094 3.3446232 2.8259291 2.9383022 3.0494557 0.0000000 4.6221765 
Tetwil_g17465.t1                        3.5064012 3.9134277 3.7938855 3.5020162 3.4160682 4.9257469 2.8442779 4.5914563 4.8996731 4.0696456 4.6693920 3.2845792 3.2209087 3.5376076 3.4335708 3.5910833 4.0922551 4.1742475 4.3714540 4.7163272 4.6980310 4.4201900 4.0266757 4.0794631 3.8738320 3.8855885 3.8123730 3.8123730 3.5590025 3.7191265 4.7767455 4.1155382 3.1417755 3.9282754 3.8050055 2.3272496 4.3975966 4.4553898 4.4665032 5.2683694 3.4638738 4.2911262 4.2369490 3.4629129 3.9808415 8.9999985 6.4399599 5.2982371 5.0022491 5.0042566 5.7159595 6.8755788 5.8274432 4.6221765 0.0000000 
