39
Clacor_Ccor_C519897_01                  0.0000000 5.2688149 4.9023915 3.2949388 3.4356353 3.4430605 3.3484234 3.3202675 4.0843047 3.9479879 4.1052138 4.1588591 3.8586829 4.0067817 3.8208051 2.8191304 3.2179584 3.6527088 3.5836762 4.1699908 3.5192467 3.4081565 3.4205239 3.3127635 3.1283906 3.3271208 3.3596053 3.8426644 3.6402302 4.2016054 4.8242123 4.8577770 4.4720228 4.4290573 4.4290419 4.0135116 4.2005297 3.8325343 4.5658073 
Chem_TCONS_00069455                     5.2688149 0.0000000 4.1740025 3.0582571 3.4880775 3.0363367 2.6801127 2.4035440 2.8166979 3.0861499 2.7421813 2.7775957 2.4017444 2.5623920 2.6143143 2.7247041 2.6364613 2.1493424 2.3525140 2.1295998 2.6955984 3.3592646 3.3902290 3.4324264 3.6028987 3.1218256 3.1179716 2.9880176 3.5540233 4.6166216 4.0467939 3.9626626 3.6921699 4.3807288 3.4216370 3.8221505 3.9740889 3.2717505 3.6991362 
Tetwil_g22293.t2                        4.9023915 4.1740025 0.0000000 1.1995003 1.4034081 2.6804932 2.2574810 2.0349868 3.2421672 3.0711623 2.5990251 2.5990251 3.1697409 3.1697409 3.1575094 1.7120463 1.8109859 3.1610718 2.8445272 3.4951167 2.7204834 3.4151910 3.4151910 3.1405232 3.1405232 3.0690335 3.0690335 2.9623710 8.5287515 8.9999987 6.3236656 5.8957497 5.5384728 5.3675314 2.6522523 5.4421730 4.4049652 6.9282627 5.3123576 
Spolac_c106461_g1_i1_m.45100c106461-g1  3.2949388 3.0582571 1.1995003 0.0000000 1.1632545 1.7615431 1.9308762 2.0053347 2.5034293 2.6740431 2.1905047 2.2615491 2.2154166 2.2708224 2.2187657 1.8815533 1.6782917 2.2540425 2.2615885 1.9361250 2.1126655 2.6966740 2.7051736 2.6845099 2.7166259 2.5876572 2.6103194 1.8540384 4.4503231 4.5560490 2.8245362 4.0077174 3.9200964 3.3387216 2.1936737 3.2573597 3.1551894 3.0525470 4.1176367 
Halamb_c38051_g1_i1m.10513              3.4356353 3.4880775 1.4034081 1.1632545 0.0000000 0.8915293 2.2419203 2.4241522 2.7134779 2.8793018 2.3334703 2.4167450 2.1693475 2.3962383 2.4238150 1.8247035 1.8442265 2.4121151 2.3955110 1.9787252 2.1363704 2.6457456 2.5999645 2.7362243 2.8732989 2.5521453 2.5738191 2.2845136 3.6440385 4.1611494 2.8257970 3.6333845 3.5623766 3.6672526 2.4741099 3.5239217 2.8265257 3.5555482 4.3846660 
Aque_Aqu2.1.22807_001                   3.4430605 3.0363367 2.6804932 1.7615431 0.8915293 0.0000000 2.3184268 2.5636652 2.5710500 2.7048273 2.5092982 2.4494917 2.4482716 2.5645398 2.6087823 2.3324206 2.2537540 2.5320884 2.6206964 2.0767200 2.3026358 2.8149253 2.7686385 2.9800579 2.9631353 2.8568272 2.9025599 2.4485835 4.0638646 5.1001552 3.6754291 4.1047031 3.8162121 3.3285984 2.8402297 3.5382949 3.7697065 3.3787769 3.9019165 
Nvec_v1g247045                          3.3484234 2.6801127 2.2574810 1.9308762 2.2419203 2.3184268 0.0000000 0.4906331 0.9626224 0.9544795 0.6584626 0.6687043 0.8867853 0.8260619 0.8376808 1.0544644 1.1785395 1.7072318 1.9831768 1.5117741 1.6787681 2.3307180 2.3379920 2.1156046 2.1858436 2.2760158 2.2858349 1.6276821 2.1982365 3.2221475 2.1534338 2.9669160 3.1839155 2.9455818 2.5294431 2.9873775 2.8471226 2.9668440 2.9974896 
Exapal_XM_021039046.1                   3.3202675 2.4035440 2.0349868 2.0053347 2.4241522 2.5636652 0.4906331 0.0000000 1.0398457 1.0258629 0.8341224 0.8460113 1.0304475 0.9005650 0.8652675 1.2108666 1.2551050 1.6615133 1.8792239 1.3562465 1.5855976 2.4318762 2.4393334 2.4840545 2.5141616 2.4362979 2.4652158 1.8749131 2.0907637 2.9147646 2.1778922 3.4101654 3.2186347 3.2046935 2.8339828 3.1750850 2.9301892 3.4412412 3.0376884 
Fspp_ffun1.m4.19581.m1                  4.0843047 2.8166979 3.2421672 2.5034293 2.7134779 2.5710500 0.9626224 1.0398457 0.0000000 0.2440814 0.4780615 0.4815986 0.5404319 0.5857839 0.6040288 1.4868729 1.5744678 2.1572402 2.3376132 1.7088663 1.9697247 2.3429086 2.3498855 2.3055008 2.3726879 2.1799597 2.2040479 2.6312893 2.2229204 2.9388905 2.3611914 2.7320468 2.6895935 2.8975787 2.9396451 2.9329936 3.6672693 3.0786935 2.8220144 
Gasp_gasp1.m3.7357.m1                   3.9479879 3.0861499 3.0711623 2.6740431 2.8793018 2.7048273 0.9544795 1.0258629 0.2440814 0.0000000 0.5150796 0.5081661 0.5473003 0.5646025 0.6285006 1.5735333 1.7722783 2.1237697 2.4256162 1.7162035 1.8537820 2.3584279 2.3653734 2.3601535 2.4021136 2.3071249 2.3314764 2.6532716 2.0943537 2.9949045 2.4490270 2.5982722 2.4475873 2.7921963 3.1263064 2.8784509 3.5825167 2.9504300 2.8024715 
Spis_XP_022798169_1                     4.1052138 2.7421813 2.5990251 2.1905047 2.3334703 2.5092982 0.6584626 0.8341224 0.4780615 0.5150796 0.0000000 0.0140949 0.4158583 0.4374962 0.4895143 1.3290256 1.2876282 1.7387397 1.9933512 1.5538797 1.9268530 2.3532000 2.3603604 2.3461849 2.4475470 2.2157899 2.2248870 2.2258795 2.2529507 3.1408156 2.4600796 2.7403234 2.7320255 3.0524166 2.6211556 2.8265352 3.5461008 3.2552499 2.9845727 
Pocdam_XM_027195303.1                   4.1588591 2.7775957 2.5990251 2.2615491 2.4167450 2.4494917 0.6687043 0.8460113 0.4815986 0.5081661 0.0140949 0.0000000 0.4018967 0.4267718 0.4688758 1.3611374 1.2976061 1.7780277 2.0372703 1.5890734 1.9166746 2.4081605 2.4156065 2.3739647 2.4762349 2.2792182 2.2889756 2.2470744 2.2751697 3.0755920 2.4838965 2.6947173 2.6922889 2.9910356 2.6556336 2.9477164 3.6325368 3.1427897 2.9642589 
Amil_Amillepora26160-RA                 3.8586829 2.4017444 3.1697409 2.2154166 2.1693475 2.4482716 0.8867853 1.0304475 0.5404319 0.5473003 0.4158583 0.4018967 0.0000000 0.0288261 0.2236392 1.4335926 1.4312838 2.1722566 2.2202406 1.7213151 2.1034455 2.2492568 2.2002682 2.2511894 2.2508974 1.9797324 1.9733636 2.2807699 2.1383145 3.0298748 2.1653624 2.1274556 2.1440919 2.2295156 2.4964333 2.2986079 3.1113113 2.4950679 2.4053789 
Adig_XM_015892772.1                     4.0067817 2.5623920 3.1697409 2.2708224 2.3962383 2.5645398 0.8260619 0.9005650 0.5857839 0.5646025 0.4374962 0.4267718 0.0288261 0.0000000 0.2264732 1.5759892 1.4977214 1.9747460 2.3560647 1.6661593 2.2004545 2.3941233 2.3541323 2.5156283 2.6148898 2.2956034 2.3228010 2.1706193 2.1123313 3.2087466 2.1687676 2.4199115 2.2872673 2.5061109 2.4780174 2.2986079 3.2005436 2.7324656 2.6277670 
Gfas_gfas1.m1.3813.m1                   3.8208051 2.6143143 3.1575094 2.2187657 2.4238150 2.6087823 0.8376808 0.8652675 0.6040288 0.6285006 0.4895143 0.4688758 0.2236392 0.2264732 0.0000000 1.4526094 1.4354658 1.9448453 2.2149863 1.5064763 1.9640912 2.4600902 2.4674708 2.6476972 2.7652597 2.4263635 2.4554216 2.1300966 2.3769088 3.6005297 2.2889861 2.4091926 2.4760538 2.8180864 2.4309616 2.5535006 3.4303673 2.7104783 2.8219111 
Dgig_XM_028539130.1                     2.8191304 2.7247041 1.7120463 1.8815533 1.8247035 2.3324206 1.0544644 1.2108666 1.4868729 1.5735333 1.3290256 1.3611374 1.4335926 1.5759892 1.4526094 0.0000000 0.1843334 1.7426633 1.8025992 1.7211693 1.3998278 2.4185972 2.4260167 2.2816137 2.2666802 2.4260492 2.4567839 1.8897109 2.5104631 4.0460900 2.4830449 3.0317056 3.0781292 3.0358861 2.2529025 2.4966769 2.8252241 2.9356200 3.5390653 
Xesp_009190-T1                          3.2179584 2.6364613 1.8109859 1.6782917 1.8442265 2.2537540 1.1785395 1.2551050 1.5744678 1.7722783 1.2876282 1.2976061 1.4312838 1.4977214 1.4354658 0.1843334 0.0000000 1.7895442 1.9119798 1.7359033 1.5326161 2.3075099 2.3144302 2.4247209 2.4426066 2.3296662 2.3595676 1.8335314 2.5954878 4.0693798 2.4246234 3.0581845 2.9283788 2.9709258 2.3022187 2.4288052 2.9857382 2.9285179 3.3255371 
Rhoesc_Res_016771-T1                    3.6527088 2.1493424 3.1610718 2.2540425 2.4121151 2.5320884 1.7072318 1.6615133 2.1572402 2.1237697 1.7387397 1.7780277 2.1722566 1.9747460 1.9448453 1.7426633 1.7895442 0.0000000 0.2515572 0.8178744 1.4383004 2.9643912 2.9740044 3.1142844 3.0863900 3.0057565 3.0234518 1.9513962 2.6618645 3.6374619 3.8567160 3.8915647 3.8017580 3.4751763 3.3740647 3.7780521 3.5944141 3.3455755 3.1411014 
Nemnom_g12779.t1                        3.5836762 2.3525140 2.8445272 2.2615885 2.3955110 2.6206964 1.9831768 1.8792239 2.3376132 2.4256162 1.9933512 2.0372703 2.2202406 2.3560647 2.2149863 1.8025992 1.9119798 0.2515572 0.0000000 0.9455009 1.5380436 3.1915079 3.2016135 2.9849177 2.9432957 3.0625179 3.0792829 1.9680693 2.8063455 3.7241793 3.8529518 4.2282328 4.3774849 3.4864797 3.3284364 4.0228007 3.4653024 3.7194699 3.4404013 
Sanmal_Sma_011750-T1                    4.1699908 2.1295998 3.4951167 1.9361250 1.9787252 2.0767200 1.5117741 1.3562465 1.7088663 1.7162035 1.5538797 1.5890734 1.7213151 1.6661593 1.5064763 1.7211693 1.7359033 0.8178744 0.9455009 0.0000000 1.4732833 2.7417861 2.7390448 3.2690267 3.2275537 3.0425992 3.0693348 1.9290710 3.1030245 3.8847698 2.7826779 3.6988281 3.4444383 3.2800175 3.1036119 3.5963309 3.5120442 3.2035139 3.5891642 
Morvir_scaffold33.g74.t1                3.5192467 2.6955984 2.7204834 2.1126655 2.1363704 2.3026358 1.6787681 1.5855976 1.9697247 1.8537820 1.9268530 1.9166746 2.1034455 2.2004545 1.9640912 1.3998278 1.5326161 1.4383004 1.5380436 1.4732833 0.0000000 2.5107070 2.5178139 2.8606573 2.7162522 2.9001232 2.9045339 1.7466920 2.9317401 3.7523588 2.7880505 3.1164663 3.3746701 3.0371448 2.7829945 3.5770228 3.1211633 3.0904521 4.0809603 
TrH2_TrispH2_000623-RA                  3.4081565 3.3592646 3.4151910 2.6966740 2.6457456 2.8149253 2.3307180 2.4318762 2.3429086 2.3584279 2.3532000 2.4081605 2.2492568 2.3941233 2.4600902 2.4185972 2.3075099 2.9643912 3.1915079 2.7417861 2.5107070 0.0000000 0.0055561 0.4621495 0.4945674 0.3937932 0.3956082 2.7744284 2.5859152 3.0276469 2.5402924 2.4709223 2.3308353 3.1022843 2.4662964 2.3895046 3.3082968 3.1242654 3.2215283 
Tadh_TriadT58155                        3.4205239 3.3902290 3.4151910 2.7051736 2.5999645 2.7686385 2.3379920 2.4393334 2.3498855 2.3653734 2.3603604 2.4156065 2.2002682 2.3541323 2.4674708 2.4260167 2.3144302 2.9740044 3.2016135 2.7390448 2.5178139 0.0055561 0.0000000 0.4524642 0.5042029 0.4025821 0.4044426 2.7713671 2.5356441 3.0715751 2.4876957 2.4182355 2.2911596 3.0496384 2.4785084 2.4137252 3.3690655 3.0680455 3.1623674 
HoiH06_mRNA8224                         3.3127635 3.4324264 3.1405232 2.6845099 2.7362243 2.9800579 2.1156046 2.4840545 2.3055008 2.3601535 2.3461849 2.3739647 2.2511894 2.5156283 2.6476972 2.2816137 2.4247209 3.1142844 2.9849177 3.2690267 2.8606573 0.4621495 0.4524642 0.0000000 0.0589647 0.2311628 0.2321283 3.5773008 2.7571086 3.4978186 3.0937718 2.6677534 2.7386651 3.1201305 2.2501509 2.4015437 3.6458277 3.5272069 2.7546762 
HoiH23_PlH23_005241-RA                  3.1283906 3.6028987 3.1405232 2.7166259 2.8732989 2.9631353 2.1858436 2.5141616 2.3726879 2.4021136 2.4475470 2.4762349 2.2508974 2.6148898 2.7652597 2.2666802 2.4426066 3.0863900 2.9432957 3.2275537 2.7162522 0.4945674 0.5042029 0.0589647 0.0000000 0.2607676 0.2618721 3.5363809 2.7689500 3.3711323 3.0509866 2.7065361 2.8089351 3.1103939 2.2398342 2.2876595 3.5793771 3.6089916 2.7497543 
Hhon_g00071.t1                          3.3271208 3.1218256 3.0690335 2.5876572 2.5521453 2.8568272 2.2760158 2.4362979 2.1799597 2.3071249 2.2157899 2.2792182 1.9797324 2.2956034 2.4263635 2.4260492 2.3296662 3.0057565 3.0625179 3.0425992 2.9001232 0.3937932 0.4025821 0.2311628 0.2607676 0.0000000 0.0110631 2.8741711 2.5049059 3.2794490 2.7594438 2.5268080 2.6083213 3.1275338 2.3413756 2.2553555 3.1845018 3.3128390 2.9099317 
HoiH04_mRNA17658                        3.3596053 3.1179716 3.0690335 2.6103194 2.5738191 2.9025599 2.2858349 2.4652158 2.2040479 2.3314764 2.2248870 2.2889756 1.9733636 2.3228010 2.4554216 2.4567839 2.3595676 3.0234518 3.0792829 3.0693348 2.9045339 0.3956082 0.4044426 0.2321283 0.2618721 0.0110631 0.0000000 2.9094465 2.5339960 3.3000422 2.7917650 2.4671958 2.6200915 3.1550745 2.3782430 2.2553555 3.1850387 3.3141718 2.9627452 
Opea_EP00118_Oscarella_pearsei_P026116  3.8426644 2.9880176 2.9623710 1.8540384 2.2845136 2.4485835 1.6276821 1.8749131 2.6312893 2.6532716 2.2258795 2.2470744 2.2807699 2.1706193 2.1300966 1.8897109 1.8335314 1.9513962 1.9680693 1.9290710 1.7466920 2.7744284 2.7713671 3.5773008 3.5363809 2.8741711 2.9094465 0.0000000 2.2054761 3.3468564 2.5442314 2.8407693 2.9810991 2.9614506 2.4817225 2.9721853 3.8089905 3.3075796 5.3837257 
Spur_XM_783313.5                        3.6402302 3.5540233 8.5287515 4.4503231 3.6440385 4.0638646 2.1982365 2.0907637 2.2229204 2.0943537 2.2529507 2.2751697 2.1383145 2.1123313 2.3769088 2.5104631 2.5954878 2.6618645 2.8063455 3.1030245 2.9317401 2.5859152 2.5356441 2.7571086 2.7689500 2.5049059 2.5339960 2.2054761 0.0000000 1.8370610 1.5107798 1.9250909 1.9415955 2.0502632 2.7867678 2.7156814 3.4331033 3.2491678 3.6635812 
Bralan_BLAG13000781_1                   4.2016054 4.6166216 8.9999987 4.5560490 4.1611494 5.1001552 3.2221475 2.9147646 2.9388905 2.9949045 3.1408156 3.0755920 3.0298748 3.2087466 3.6005297 4.0460900 4.0693798 3.6374619 3.7241793 3.8847698 3.7523588 3.0276469 3.0715751 3.4978186 3.3711323 3.2794490 3.3000422 3.3468564 1.8370610 0.0000000 1.3948566 2.1007228 2.4430086 2.7264837 2.8525049 2.6308283 2.7530402 3.4955580 3.0088628 
Skow_XM_002732597.2                     4.8242123 4.0467939 6.3236656 2.8245362 2.8257970 3.6754291 2.1534338 2.1778922 2.3611914 2.4490270 2.4600796 2.4838965 2.1653624 2.1687676 2.2889861 2.4830449 2.4246234 3.8567160 3.8529518 2.7826779 2.7880505 2.5402924 2.4876957 3.0937718 3.0509866 2.7594438 2.7917650 2.5442314 1.5107798 1.3948566 0.0000000 1.7090817 1.6149115 1.8668712 3.6266217 2.1006461 2.3328138 2.5539679 2.4109503 
Hsap_ENST00000586349                    4.8577770 3.9626626 5.8957497 4.0077174 3.6333845 4.1047031 2.9669160 3.4101654 2.7320468 2.5982722 2.7403234 2.6947173 2.1274556 2.4199115 2.4091926 3.0317056 3.0581845 3.8915647 4.2282328 3.6988281 3.1164663 2.4709223 2.4182355 2.6677534 2.7065361 2.5268080 2.4671958 2.8407693 1.9250909 2.1007228 1.7090817 0.0000000 0.2650756 2.3480614 2.1410839 2.0228460 2.7251166 3.0543190 2.6829622 
Hsap_ENST00000418389                    4.4720228 3.6921699 5.5384728 3.9200964 3.5623766 3.8162121 3.1839155 3.2186347 2.6895935 2.4475873 2.7320255 2.6922889 2.1440919 2.2872673 2.4760538 3.0781292 2.9283788 3.8017580 4.3774849 3.4444383 3.3746701 2.3308353 2.2911596 2.7386651 2.8089351 2.6083213 2.6200915 2.9810991 1.9415955 2.4430086 1.6149115 0.2650756 0.0000000 2.6314912 2.1673650 2.0428736 2.7944873 2.8681777 2.9192097 
Lcom_lcpid136820                        4.4290573 4.3807288 5.3675314 3.3387216 3.6672526 3.3285984 2.9455818 3.2046935 2.8975787 2.7921963 3.0524166 2.9910356 2.2295156 2.5061109 2.8180864 3.0358861 2.9709258 3.4751763 3.4864797 3.2800175 3.0371448 3.1022843 3.0496384 3.1201305 3.1103939 3.1275338 3.1550745 2.9614506 2.0502632 2.7264837 1.8668712 2.3480614 2.6314912 0.0000000 2.7442516 2.2724390 3.3500400 2.9541347 3.3017618 
Lcom_lcpid251572                        4.4290419 3.4216370 2.6522523 2.1936737 2.4741099 2.8402297 2.5294431 2.8339828 2.9396451 3.1263064 2.6211556 2.6556336 2.4964333 2.4780174 2.4309616 2.2529025 2.3022187 3.3740647 3.3284364 3.1036119 2.7829945 2.4662964 2.4785084 2.2501509 2.2398342 2.3413756 2.3782430 2.4817225 2.7867678 2.8525049 3.6266217 2.1410839 2.1673650 2.7442516 0.0000000 2.0227250 3.7511241 3.6154994 3.6369664 
Lcom_lcpid239004                        4.0135116 3.8221505 5.4421730 3.2573597 3.5239217 3.5382949 2.9873775 3.1750850 2.9329936 2.8784509 2.8265352 2.9477164 2.2986079 2.2986079 2.5535006 2.4966769 2.4288052 3.7780521 4.0228007 3.5963309 3.5770228 2.3895046 2.4137252 2.4015437 2.2876595 2.2553555 2.2553555 2.9721853 2.7156814 2.6308283 2.1006461 2.0228460 2.0428736 2.2724390 2.0227250 0.0000000 1.5487969 2.7878560 1.9617771 
Ctel_gnl_WGS_AMQN_CAPTEDRAFT_mRNA219817 4.2005297 3.9740889 4.4049652 3.1551894 2.8265257 3.7697065 2.8471226 2.9301892 3.6672693 3.5825167 3.5461008 3.6325368 3.1113113 3.2005436 3.4303673 2.8252241 2.9857382 3.5944141 3.4653024 3.5120442 3.1211633 3.3082968 3.3690655 3.6458277 3.5793771 3.1845018 3.1850387 3.8089905 3.4331033 2.7530402 2.3328138 2.7251166 2.7944873 3.3500400 3.7511241 1.5487969 0.0000000 2.5623129 2.9163719 
Cscu_XM_023376094.1                     3.8325343 3.2717505 6.9282627 3.0525470 3.5555482 3.3787769 2.9668440 3.4412412 3.0786935 2.9504300 3.2552499 3.1427897 2.4950679 2.7324656 2.7104783 2.9356200 2.9285179 3.3455755 3.7194699 3.2035139 3.0904521 3.1242654 3.0680455 3.5272069 3.6089916 3.3128390 3.3141718 3.3075796 3.2491678 3.4955580 2.5539679 3.0543190 2.8681777 2.9541347 3.6154994 2.7878560 2.5623129 0.0000000 2.9002908 
Tcas_TC009025_001                       4.5658073 3.6991362 5.3123576 4.1176367 4.3846660 3.9019165 2.9974896 3.0376884 2.8220144 2.8024715 2.9845727 2.9642589 2.4053789 2.6277670 2.8219111 3.5390653 3.3255371 3.1411014 3.4404013 3.5891642 4.0809603 3.2215283 3.1623674 2.7546762 2.7497543 2.9099317 2.9627452 5.3837257 3.6635812 3.0088628 2.4109503 2.6829622 2.9192097 3.3017618 3.6369664 1.9617771 2.9163719 2.9002908 0.0000000 
