77
Lcom_lcpid37885                                                    0.0000000 0.0715171 0.0987578 0.1027629 0.1714789 0.2478185 0.4760738 0.6133418 0.3192464 0.6058838 0.5794671 0.4658954 0.5002397 0.5449687 0.6240225 0.5385369 0.4230994 0.4165928 0.4667492 0.4360806 0.4498584 0.3809168 0.5085450 0.5617764 0.5222537 0.4969856 0.5230162 0.5105027 0.5086584 0.5193668 0.5193668 0.5092371 0.5092371 0.5513549 0.6088784 0.6134861 0.7446082 0.5343397 0.5625376 0.5554158 0.6331268 0.6886224 0.5398180 0.6745603 0.7956695 0.7547248 0.7155053 0.2913176 0.7173331 0.7268256 0.7429250 0.6599428 0.5873056 0.5873056 0.6311029 0.6578473 0.6456462 0.6747817 0.6061929 0.6194512 0.5789034 0.5646569 0.6314487 0.6528882 0.5568371 0.5801029 0.6678989 0.6554038 0.6438951 0.6210570 1.2422098 0.7669092 0.4311281 0.7209044 0.5555810 0.7627582 0.8061200 
Scil_scict007726.1                                                 0.0715171 0.0000000 0.0912682 0.1071607 0.1788502 0.2382086 0.5305458 0.6310295 0.3310360 0.6500924 0.6226786 0.4751861 0.5495693 0.6330287 0.6747565 0.5930353 0.4397327 0.4259356 0.5176582 0.4690115 0.4689241 0.4124879 0.5322332 0.6076597 0.5419022 0.5486207 0.5774288 0.5399452 0.5507313 0.5528879 0.5528879 0.5576881 0.5576881 0.5756643 0.6258798 0.6692816 0.8053857 0.5934110 0.6123741 0.6149338 0.6354163 0.7483707 0.5663717 0.6973719 0.8453942 0.8232881 0.7271292 0.3128861 0.7646919 0.7775231 0.7949962 0.6744538 0.5908226 0.5908226 0.6381002 0.6651760 0.6534052 0.6829314 0.6228000 0.6377725 0.6503453 0.6306180 0.6326769 0.6572399 0.5519746 0.6050697 0.7440629 0.6973770 0.6777676 0.6391317 1.2404084 0.8163464 0.4540258 0.7326173 0.6170257 0.7420959 0.8584314 
Leuniv_Lniv_C803094_01                                             0.0987578 0.0912682 0.0000000 0.0982020 0.1794800 0.2471108 0.4928489 0.6279590 0.3168907 0.6207094 0.5933903 0.4689630 0.5474761 0.6284320 0.6975696 0.6173091 0.4670094 0.4591167 0.5125251 0.4796679 0.4937937 0.4449890 0.5106946 0.6797523 0.5979557 0.5824105 0.6361044 0.5374512 0.5612383 0.5600543 0.5600543 0.5535699 0.5535699 0.6195930 0.6333059 0.7005347 0.8349568 0.5915066 0.6180189 0.6222369 0.6313369 0.7741723 0.6115077 0.7613660 0.7909360 0.7610985 0.7208049 0.2832630 0.7206258 0.7216039 0.7464534 0.6930417 0.6691905 0.6691905 0.6671590 0.6948598 0.6754795 0.7055773 0.6392027 0.6455557 0.6161220 0.5988918 0.6306538 0.6950256 0.5350217 0.6048508 0.7064983 0.6710387 0.6554267 0.5951571 1.3291644 0.8207370 0.4597608 0.7783994 0.6256987 0.6746526 0.8857301 
Gracom_Gcom_C541318_01                                             0.1027629 0.1071607 0.0982020 0.0000000 0.1785718 0.2713120 0.4839556 0.6107216 0.3400602 0.6104376 0.5832872 0.4577487 0.5242085 0.6107265 0.6371931 0.5990807 0.4667961 0.4524516 0.5227514 0.4758550 0.4855230 0.4306111 0.5430629 0.5987295 0.5601823 0.5563685 0.6180227 0.5260380 0.5396152 0.5429517 0.5429517 0.5398936 0.5398936 0.5870869 0.6084158 0.6506463 0.7743397 0.5593859 0.6050591 0.5978341 0.6024277 0.7204684 0.5622365 0.7006132 0.7581956 0.7299213 0.6629651 0.2940018 0.6715233 0.6972869 0.6842948 0.6562267 0.6271607 0.6271607 0.6678660 0.6959910 0.6861700 0.7167361 0.6547622 0.6731608 0.6741385 0.6520688 0.6633704 0.6961685 0.5480035 0.6339849 0.6857924 0.6784106 0.6784449 0.6883496 1.2913837 0.7375173 0.4748369 0.8126380 0.6130266 0.7526407 0.9131640 
Clacor_Ccor_scaffold14703_01                                       0.1714789 0.1788502 0.1794800 0.1785718 0.0000000 0.1349357 0.2865302 0.2871733 0.2615504 0.3661691 0.3363464 0.3615619 0.3062539 0.3363758 0.3544108 0.3683389 0.3365397 0.3649606 0.3080226 0.3794688 0.3862923 0.2803979 0.3312682 0.3273683 0.4204057 0.3825972 0.4176847 0.3545582 0.3882473 0.3979667 0.3979667 0.4119842 0.4119842 0.4030934 0.5076792 0.4506469 0.4402091 0.4067438 0.4349269 0.4426155 0.4912744 0.4044497 0.4169295 0.5580315 0.4046738 0.4164203 0.3779585 0.2537965 0.3549327 0.4326414 0.5218093 0.4444748 0.4227867 0.4227867 0.4604160 0.4943662 0.4604160 0.4943662 0.4637431 0.4637431 0.4200688 0.4255962 0.4519925 0.4904612 0.5947916 0.4196747 0.4934763 0.4818154 0.4826923 0.3663128 0.4357790 0.4312206 0.4331765 0.6792829 0.3052446 0.4359386 0.6917078 
Clacor_Ccor_scaffold15007_01                                       0.2478185 0.2382086 0.2471108 0.2713120 0.1349357 0.0000000 0.4007935 0.4084377 0.2771985 0.4875117 0.4540030 0.4651365 0.4244403 0.4822831 0.5460093 0.4779815 0.4535145 0.4459356 0.4549253 0.4748078 0.4821150 0.3683693 0.4682209 0.4573690 0.5093821 0.5484497 0.5477871 0.5077477 0.5122042 0.5091743 0.5091743 0.5060045 0.5060045 0.4477101 0.5150130 0.5060089 0.5524758 0.5252499 0.5386298 0.5424230 0.4232190 0.5155161 0.4957995 0.6597736 0.5222307 0.5440987 0.4702721 0.2774054 0.4538185 0.4705220 0.6046606 0.5367194 0.5096902 0.5096902 0.5605419 0.5732520 0.5501685 0.5627844 0.5661068 0.5545339 0.4995783 0.5200136 0.5565118 0.5739447 0.5667201 0.5118800 0.5867897 0.5696456 0.5359166 0.4852986 0.5689645 0.5265691 0.4996573 0.8232562 0.4197910 0.4991143 0.6122657 
Opea_EP00118_Oscarella_pearsei_P002504                             0.4760738 0.5305458 0.4928489 0.4839556 0.2865302 0.4007935 0.0000000 0.1431810 0.1525085 0.5188051 0.5144879 0.3299267 0.4025095 0.3701951 0.4126260 0.4460629 0.3515126 0.3818581 0.3841982 0.3779081 0.3894969 0.3683226 0.3827696 0.6090465 0.4974983 0.4295486 0.4252703 0.4112179 0.4027210 0.3995433 0.3995433 0.4374319 0.4374319 0.4530720 0.5030307 0.5212224 0.5381395 0.3907678 0.4111744 0.4144676 0.4466474 0.5345094 0.4646392 0.6181449 0.6805738 0.6885137 0.7191600 0.3757778 0.7216886 0.7928015 0.7801944 0.5170535 0.5418168 0.5418168 0.5932512 0.5932512 0.5660977 0.5660977 0.6543234 0.6288830 0.6495033 0.6458094 0.6159983 0.5691307 0.5746324 0.6570442 0.5853281 0.5400491 0.5594703 0.5346418 1.0711506 0.7996498 0.3529325 0.5563285 0.4358176 0.8097457 0.8979114 
Ocar_g6021                                                         0.6133418 0.6310295 0.6279590 0.6107216 0.2871733 0.4084377 0.1431810 0.0000000 0.1560380 0.6993990 0.6933749 0.3299267 0.5180393 0.4879820 0.5965690 0.5519798 0.4697755 0.5010902 0.5572429 0.5385834 0.5470233 0.5230696 0.4998146 0.6431325 0.5730854 0.5673295 0.5335116 0.5732694 0.5482066 0.5512023 0.5512023 0.5814910 0.5814910 0.6088437 0.6587576 0.7159501 0.6845862 0.5431174 0.6070292 0.5814259 0.4466474 0.6920438 0.6898986 0.7240466 0.8388854 0.8492715 0.8416312 0.3757778 0.8521587 0.8678403 0.8734368 0.5777932 0.6653232 0.6653232 0.7107611 0.7107611 0.6029101 0.6029101 0.7893003 0.6714442 0.9142812 0.8907827 0.7430104 0.6884512 0.5746324 0.8741898 0.6926386 0.6584875 0.6885228 0.6743042 1.0959794 0.8194422 0.3529325 0.8583577 0.5785363 1.0228901 1.0539122 
Plajan_Pjan_scaffold10196_01                                       0.3192464 0.3310360 0.3168907 0.3400602 0.2615504 0.2771985 0.1525085 0.1560380 0.0000000 0.4107206 0.3817088 0.3370649 0.2668479 0.2838999 0.3175602 0.3029653 0.2729635 0.3085666 0.2821012 0.3127122 0.3241829 0.2071737 0.2761625 0.2714026 0.3888213 0.3306314 0.3185435 0.2520843 0.2631162 0.2636367 0.2636367 0.2802920 0.2802920 0.3375884 0.4263510 0.3900938 0.3256670 0.3266696 0.3447700 0.3420987 0.2735023 0.3537653 0.3384290 0.4864665 0.4442329 0.4434335 0.4896585 0.3557763 0.4489180 0.4606842 0.4643655 0.4052726 0.3946396 0.3946396 0.4165169 0.4497417 0.3959815 0.4288541 0.4445340 0.4220284 0.3942713 0.3963003 0.4359352 0.4178677 0.5211052 0.4522239 0.4650082 0.4471151 0.4324222 0.3856648 0.4042566 0.3481960 0.3970245 0.4950765 0.3046126 0.5722698 0.5572073 
Spur_XM_030987918.1                                                0.6058838 0.6500924 0.6207094 0.6104376 0.3661691 0.4875117 0.5188051 0.6993990 0.4107206 0.0000000 0.0146112 0.4264437 0.4367689 0.4381117 0.4306726 0.4352462 0.3876859 0.3960300 0.3984539 0.4214841 0.4565363 0.5265086 0.4761553 0.4706165 0.5166107 0.4581890 0.4736238 0.4620179 0.5138928 0.4972388 0.4972388 0.5171016 0.5171016 0.4349608 0.4396265 0.5391945 0.5617273 0.4476842 0.4770045 0.4515907 0.5244373 0.5224684 0.5498602 0.5321800 0.6761174 0.6955348 0.7008123 0.3762318 0.6293509 0.6847623 0.7347712 0.6474507 0.6106335 0.6106335 0.6629498 0.6629498 0.6308186 0.6308186 0.7095503 0.6779870 0.7118712 0.6873183 0.6653415 0.6677728 0.6302909 0.6687688 0.6347908 0.6258101 0.6303540 0.5834636 1.2579688 0.7462755 0.4617552 0.7010824 0.4590616 0.7824360 0.8937491 
Spur_XM_775312.4                                                   0.5794671 0.6226786 0.5933903 0.5832872 0.3363464 0.4540030 0.5144879 0.6933749 0.3817088 0.0146112 0.0000000 0.4039381 0.4232686 0.4347005 0.4172806 0.4214263 0.3937608 0.4021143 0.4051948 0.4080133 0.4425502 0.5206405 0.4722677 0.4595327 0.5104134 0.4439255 0.4591924 0.4576780 0.5099508 0.4933671 0.4933671 0.5131867 0.5131867 0.4302404 0.4451702 0.5334633 0.5533596 0.4445856 0.4737761 0.4484673 0.5152899 0.5069203 0.5399562 0.5293626 0.6670858 0.6593034 0.7057599 0.3665425 0.6121538 0.6540222 0.7024156 0.6350266 0.5987041 0.5987041 0.6506699 0.6506699 0.6179580 0.6179580 0.6960249 0.6637058 0.6943475 0.6711703 0.6531096 0.6554897 0.6144628 0.6530119 0.6280209 0.6192595 0.6234475 0.5720689 1.2391471 0.7462755 0.4617552 0.6830645 0.4546553 0.7978609 0.8535628 
Lcom_lcpid210307                                                   0.4658954 0.4751861 0.4689630 0.4577487 0.3615619 0.4651365 0.3299267 0.3299267 0.3370649 0.4264437 0.4039381 0.0000000 0.1048367 0.1032213 0.1646243 0.1989059 0.1927827 0.1944248 0.1954233 0.2229931 0.2257921 0.1361960 0.1643902 0.1778189 0.2917804 0.2844762 0.2991915 0.2881034 0.2881034 0.2881841 0.2881841 0.2932278 0.2932278 0.2560798 0.3056617 0.2294511 0.2846334 0.3034565 0.3096300 0.3096300 0.2638155 0.2945227 0.3258160 0.3597203 0.5073977 0.5249837 0.4135738 0.3089813 0.4455751 0.5092669 0.5540316 0.2623294 0.3378472 0.3378472 0.3479602 0.3479602 0.3479602 0.3479602 0.3877373 0.3877373 0.2867721 0.3199554 0.3815106 0.3861898 0.5081026 0.3603416 0.4754959 0.4633508 0.4532808 0.3650021 0.3378472 0.6716147 0.6305925 0.6788860 0.1469529 0.5558635 0.6332964 
Acagra_model.g3112.t1                                              0.5002397 0.5495693 0.5474761 0.5242085 0.3062539 0.4244403 0.4025095 0.5180393 0.2668479 0.4367689 0.4232686 0.1048367 0.0000000 0.1403150 0.2513252 0.1902397 0.2829146 0.2687222 0.2660461 0.2703904 0.2995980 0.2976342 0.2549370 0.2796703 0.3344498 0.2804670 0.2806500 0.2761331 0.3075741 0.3144657 0.3144657 0.3292889 0.3292889 0.2912542 0.2706839 0.2790249 0.3708434 0.3034695 0.3052635 0.3015806 0.3511730 0.4071956 0.3943918 0.4036349 0.7860887 0.7874728 0.6998745 0.3751464 0.7470895 0.7726479 0.8529329 0.3449265 0.5652772 0.5652772 0.5949924 0.6255859 0.5509179 0.5831552 0.6261044 0.5805246 0.6276923 0.6096951 0.5889762 0.5996447 0.5222873 0.6636500 0.6373899 0.5847501 0.5880746 0.5531173 1.0604023 0.8290630 0.4874298 0.6237885 0.2327912 0.7095893 0.7035855 
Cgig_XM_011417851.3                                                0.5449687 0.6330287 0.6284320 0.6107265 0.3363758 0.4822831 0.3701951 0.4879820 0.2838999 0.4381117 0.4347005 0.1032213 0.1403150 0.0000000 0.2728729 0.2572504 0.2982466 0.2895968 0.2990062 0.3224291 0.3519744 0.2921200 0.2401296 0.3972229 0.4060912 0.3107590 0.3068827 0.3356930 0.3510576 0.3385208 0.3385208 0.3429007 0.3429007 0.2879509 0.2801349 0.2562534 0.3871559 0.3104519 0.3402950 0.3187029 0.2953176 0.4473413 0.4269106 0.4650240 0.7764924 0.8122780 0.7087466 0.3673783 0.7042480 0.7695831 0.8206472 0.3316070 0.5557812 0.5557812 0.5952977 0.6269150 0.5264152 0.5586613 0.6275483 0.5541479 0.6656369 0.6602128 0.6424862 0.6070757 0.5795797 0.6616597 0.5968187 0.5908376 0.5945315 0.5780454 1.1585972 0.8487076 0.4981551 0.6585756 0.2663349 0.7141704 0.7320437 
Bralan_BLAG18000331_1                                              0.6240225 0.6747565 0.6975696 0.6371931 0.3544108 0.5460093 0.4126260 0.5965690 0.3175602 0.4306726 0.4172806 0.1646243 0.2513252 0.2728729 0.0000000 0.2206981 0.3039291 0.3251716 0.3260350 0.3241738 0.3422794 0.3982118 0.3374469 0.3234885 0.3759556 0.2486073 0.2551014 0.3754369 0.4056229 0.3756678 0.3756678 0.4038766 0.4038766 0.3613020 0.3648123 0.3629013 0.4412031 0.3384464 0.3612982 0.3503274 0.3624281 0.4538510 0.3986110 0.4501788 0.7911812 0.8163328 0.8575589 0.4158142 0.7832697 0.8731524 0.8944719 0.4129219 0.5247714 0.5247714 0.5893009 0.6200961 0.5583251 0.5907071 0.6304563 0.5995188 0.6420479 0.6228894 0.6110694 0.5873441 0.5743606 0.6628135 0.6406482 0.5555001 0.5478265 0.5687072 1.1379268 0.7698749 0.3940328 0.6281312 0.2295044 0.7919023 0.8005030 
Skow_XM_002734468.2                                                0.5385369 0.5930353 0.6173091 0.5990807 0.3683389 0.4779815 0.4460629 0.5519798 0.3029653 0.4352462 0.4214263 0.1989059 0.1902397 0.2572504 0.2206981 0.0000000 0.2579677 0.2597418 0.2724680 0.2697860 0.2758344 0.2835893 0.2771743 0.3003233 0.3601480 0.2631641 0.2596103 0.3328339 0.3587080 0.3285411 0.3285411 0.3467220 0.3467220 0.3267599 0.3322744 0.3225456 0.4368870 0.3369121 0.3916640 0.3686772 0.2905005 0.4564452 0.4174580 0.4373024 0.7465945 0.7703056 0.7944952 0.4371158 0.7865075 0.8508879 0.9639187 0.3720571 0.5448178 0.5448178 0.5890435 0.6204029 0.5646029 0.5983189 0.5971523 0.5714742 0.6476080 0.6148059 0.6189568 0.5780434 0.5305990 0.6673046 0.6369815 0.5845842 0.5626431 0.5574033 1.1078649 0.8764135 0.4939878 0.6248878 0.2622622 0.8061525 0.8872292 
Fspp_ffun1.m4.7318.m1                                              0.4230994 0.4397327 0.4670094 0.4667961 0.3365397 0.4535145 0.3515126 0.4697755 0.2729635 0.3876859 0.3937608 0.1927827 0.2829146 0.2982466 0.3039291 0.2579677 0.0000000 0.0348663 0.0339989 0.0991149 0.0985702 0.1472510 0.1738753 0.1369491 0.1337857 0.2714724 0.2414639 0.2508786 0.2422522 0.2457477 0.2457477 0.2588365 0.2588365 0.3304522 0.3714002 0.3646269 0.3698648 0.3074987 0.2910757 0.2995044 0.3457784 0.4330785 0.3231783 0.1546411 0.7202678 0.7210219 0.7346932 0.3860677 0.7515366 0.7608342 0.8342726 0.4521786 0.4246512 0.4246512 0.4668038 0.4668038 0.4354566 0.4354566 0.5188815 0.4878119 0.5655795 0.5705975 0.4914073 0.5098622 0.5347449 0.6188347 0.5496359 0.5330333 0.5479587 0.4222297 0.9454531 0.7658881 0.4938451 0.6668209 0.3305849 0.7560235 0.7803470 
Gasp_gasp1.m3.18409.m1                                             0.4165928 0.4259356 0.4591167 0.4524516 0.3649606 0.4459356 0.3818581 0.5010902 0.3085666 0.3960300 0.4021143 0.1944248 0.2687222 0.2895968 0.3251716 0.2597418 0.0348663 0.0000000 0.0578628 0.0854767 0.0850179 0.1499338 0.1700672 0.1692263 0.1474710 0.2730083 0.2485775 0.2454247 0.2480238 0.2389242 0.2389242 0.2601349 0.2601349 0.3264426 0.3530810 0.3502176 0.3777304 0.2999224 0.2726785 0.2809369 0.3292959 0.4302951 0.3039066 0.1631984 0.7387450 0.7396729 0.7477209 0.3875806 0.7704421 0.7767873 0.8505828 0.4818629 0.4331376 0.4331376 0.4828273 0.4828273 0.4520983 0.4520983 0.5369127 0.5067435 0.5902504 0.5939698 0.5078717 0.5129933 0.5432559 0.6315758 0.5442450 0.5365506 0.5517762 0.4375407 0.9795666 0.7982865 0.5112596 0.6891640 0.3201407 0.7641350 0.7833714 
Gfas_gfas1.m1.2918.m1                                              0.4667492 0.5176582 0.5125251 0.5227514 0.3080226 0.4549253 0.3841982 0.5572429 0.2821012 0.3984539 0.4051948 0.1954233 0.2660461 0.2990062 0.3260350 0.2724680 0.0339989 0.0578628 0.0000000 0.1027466 0.1099518 0.1724113 0.1572061 0.1741705 0.1824808 0.2777702 0.2558426 0.2753191 0.2751580 0.2650734 0.2650734 0.2802898 0.2802898 0.3100443 0.3647939 0.3770570 0.3758780 0.3203653 0.3094038 0.3191888 0.3201091 0.4544003 0.3538509 0.2065745 0.7929445 0.8074983 0.7875606 0.4009229 0.8186244 0.8281910 0.9280570 0.4469354 0.4679211 0.4679211 0.5298215 0.5298215 0.4902537 0.4902537 0.5972356 0.5579850 0.6009002 0.6054911 0.5241997 0.5443405 0.5442667 0.6926254 0.5633998 0.5478256 0.5658535 0.4467604 0.7251329 0.8654827 0.5075366 0.7037992 0.3514571 0.7730415 0.9325821 
Spis_XP_022796086_1                                                0.4360806 0.4690115 0.4796679 0.4758550 0.3794688 0.4748078 0.3779081 0.5385834 0.3127122 0.4214841 0.4080133 0.2229931 0.2703904 0.3224291 0.3241738 0.2697860 0.0991149 0.0854767 0.1027466 0.0000000 0.0200560 0.1555936 0.1947801 0.2269495 0.2187896 0.2525382 0.2461499 0.3099560 0.2954879 0.2973088 0.2973088 0.3094698 0.3094698 0.3234443 0.3377793 0.3598985 0.3462451 0.2532519 0.2544315 0.2699268 0.3260931 0.3555473 0.2783061 0.2628703 0.7732735 0.7745503 0.7872424 0.4312870 0.8147681 0.8430390 0.8843767 0.4594467 0.4656350 0.4656350 0.5226440 0.5226440 0.4939823 0.4939823 0.5617459 0.5329723 0.5255149 0.5473328 0.5470720 0.5370135 0.5518076 0.6045128 0.5565567 0.5352515 0.5409317 0.4945242 1.0341665 0.7895957 0.5502420 0.5931464 0.3102262 0.7088763 0.8135653 
Pocdam_XM_027187783.1                                              0.4498584 0.4689241 0.4937937 0.4855230 0.3862923 0.4821150 0.3894969 0.5470233 0.3241829 0.4565363 0.4425502 0.2257921 0.2995980 0.3519744 0.3422794 0.2758344 0.0985702 0.0850179 0.1099518 0.0200560 0.0000000 0.1628709 0.2000553 0.2138915 0.2022568 0.2536446 0.2323770 0.3365519 0.3180484 0.3197215 0.3197215 0.3319850 0.3319850 0.3454006 0.3684647 0.3825695 0.3648096 0.2727835 0.2750601 0.2908026 0.3260931 0.3831557 0.2878388 0.2607345 0.8014898 0.8030055 0.7981090 0.4339450 0.8256204 0.8536508 0.8861632 0.4835688 0.4809308 0.4809308 0.5119627 0.5119627 0.4782115 0.4782115 0.5522656 0.5181251 0.5493101 0.5557542 0.5358069 0.5259281 0.5415528 0.6241546 0.5748520 0.5524122 0.5619438 0.4991797 1.0500903 0.7924142 0.5468115 0.6060403 0.3304094 0.7300747 0.8364591 
Nvec_v1g236739                                                     0.3809168 0.4124879 0.4449890 0.4306111 0.2803979 0.3683693 0.3683226 0.5230696 0.2071737 0.5265086 0.5206405 0.1361960 0.2976342 0.2921200 0.3982118 0.2835893 0.1472510 0.1499338 0.1724113 0.1555936 0.1628709 0.0000000 0.0942868 0.3679474 0.2274096 0.3585259 0.3584887 0.3469305 0.3440651 0.3365186 0.3365186 0.3209807 0.3209807 0.4040456 0.3416237 0.4117134 0.4758550 0.3382548 0.3232529 0.3113301 0.3593100 0.4529420 0.3302206 0.4566604 0.9197275 0.9266071 0.9377637 0.4127754 0.9248079 0.9848794 1.0864925 0.4689374 0.5089484 0.5089484 0.5095668 0.5095668 0.4805788 0.4805788 0.5095668 0.4805788 0.5946124 0.5946124 0.5519754 0.5459470 0.3764436 0.5963828 0.6428120 0.6197488 0.6197488 0.4930942 1.3634702 0.9807816 0.2689688 0.7120233 0.3582791 0.8996571 0.8635099 
Exapal_XM_021051187.1                                              0.5085450 0.5322332 0.5106946 0.5430629 0.3312682 0.4682209 0.3827696 0.4998146 0.2761625 0.4761553 0.4722677 0.1643902 0.2549370 0.2401296 0.3374469 0.2771743 0.1738753 0.1700672 0.1572061 0.1947801 0.2000553 0.0942868 0.0000000 0.3503313 0.3547492 0.2964170 0.3074934 0.3138137 0.3094205 0.2926021 0.2926021 0.2910067 0.2910067 0.3408593 0.4031152 0.4416792 0.4384966 0.4027256 0.3801810 0.3713324 0.3938934 0.4923239 0.4105747 0.4014816 0.7858526 0.8222425 0.8006840 0.3908406 0.8063573 0.8451480 0.9868704 0.4484459 0.4754194 0.4754194 0.5113151 0.5400601 0.4821663 0.5123742 0.5585458 0.5298963 0.5844208 0.5892774 0.5128381 0.5270154 0.5290635 0.6398415 0.6071661 0.5662271 0.5824177 0.4336017 1.0073303 0.8751435 0.4991942 0.7044410 0.3276578 0.8013224 0.9280231 
Amil_Amillepora26832-RA                                            0.5617764 0.6076597 0.6797523 0.5987295 0.3273683 0.4573690 0.6090465 0.6431325 0.2714026 0.4706165 0.4595327 0.1778189 0.2796703 0.3972229 0.3234885 0.3003233 0.1369491 0.1692263 0.1741705 0.2269495 0.2138915 0.3679474 0.3503313 0.0000000 0.0780450 0.3506771 0.3336137 0.3850682 0.3708064 0.3798284 0.3798284 0.3846938 0.3846938 0.3371238 0.3454589 0.3076050 0.3872533 0.3884927 0.3905715 0.3926728 0.3307828 0.3774530 0.3615421 0.3088477 0.8813885 0.9024513 0.8287057 0.3576604 0.7893622 0.8416199 0.9694510 0.4281989 0.5679162 0.5679162 0.6807786 0.6807786 0.6643326 0.6643326 0.6807786 0.6643326 0.6485786 0.6495192 0.6458548 0.6705425 0.3558419 0.7216347 0.7291112 0.6771104 0.6771104 0.5991426 0.6495334 0.8288333 0.4369393 0.9252589 0.3730090 0.6921995 0.9398435 
Adig_XM_015894706.1                                                0.5222537 0.5419022 0.5979557 0.5601823 0.4204057 0.5093821 0.4974983 0.5730854 0.3888213 0.5166107 0.5104134 0.2917804 0.3344498 0.4060912 0.3759556 0.3601480 0.1337857 0.1474710 0.1824808 0.2187896 0.2022568 0.2274096 0.3547492 0.0780450 0.0000000 0.3992449 0.3692080 0.3935436 0.3784498 0.3907155 0.3907155 0.4159880 0.4159880 0.4451685 0.4215559 0.3811963 0.3980780 0.3942583 0.3962876 0.4175667 0.3523125 0.4823610 0.3919998 0.1497412 0.8690659 0.8715051 0.8664638 0.4226405 0.8778527 0.9345139 0.9810337 0.5559594 0.5567102 0.5567102 0.6220290 0.6220290 0.5940491 0.5940491 0.6102769 0.5819014 0.6218509 0.6239926 0.6509068 0.6255153 0.4870039 0.5922165 0.7544361 0.6759150 0.6443483 0.5368590 1.0903273 0.8584827 0.7242727 0.7531217 0.3204870 0.9006035 0.7467504 
Dgig_XM_028553241.1                                                0.4969856 0.5486207 0.5824105 0.5563685 0.3825972 0.5484497 0.4295486 0.5673295 0.3306314 0.4581890 0.4439255 0.2844762 0.2804670 0.3107590 0.2486073 0.2631641 0.2714724 0.2730083 0.2777702 0.2525382 0.2536446 0.3585259 0.2964170 0.3506771 0.3992449 0.0000000 0.0743684 0.3084220 0.3500550 0.3287971 0.3287971 0.3655875 0.3655875 0.3566348 0.3298827 0.3713672 0.4570144 0.3823599 0.3479893 0.3518027 0.3651064 0.4914454 0.3887156 0.4510779 0.6954824 0.7185100 0.7296917 0.4862078 0.7367060 0.7807837 0.7989024 0.4163017 0.5524168 0.5524168 0.5910449 0.6169803 0.5884156 0.6166263 0.6402700 0.6421513 0.6302781 0.6119042 0.6110521 0.6051415 0.5914242 0.6643242 0.6606666 0.6342365 0.6384364 0.5510678 1.0695701 0.9072209 0.4642906 0.5756207 0.2958174 0.7218420 0.8834379 
Xesp_022046-T1                                                     0.5230162 0.5774288 0.6361044 0.6180227 0.4176847 0.5477871 0.4252703 0.5335116 0.3185435 0.4736238 0.4591924 0.2991915 0.2806500 0.3068827 0.2551014 0.2596103 0.2414639 0.2485775 0.2558426 0.2461499 0.2323770 0.3584887 0.3074934 0.3336137 0.3692080 0.0743684 0.0000000 0.3249660 0.3485636 0.3353448 0.3353448 0.3523474 0.3523474 0.3405113 0.3113442 0.3549186 0.4360648 0.3531496 0.3411298 0.3381093 0.3256722 0.4780037 0.3808964 0.4238197 0.7672378 0.7916979 0.8080618 0.5238109 0.8194528 0.8306358 0.8561944 0.4266295 0.4853992 0.4853992 0.5289314 0.5289314 0.5176903 0.5176903 0.5814951 0.5737979 0.6002538 0.5844258 0.5528565 0.5339161 0.6064877 0.6413465 0.6310226 0.5947414 0.6075570 0.4979918 1.0442479 0.8820462 0.4920593 0.5516483 0.3199010 0.7143275 0.8379389 
HoiH23_PlH23_003065-RA                                             0.5105027 0.5399452 0.5374512 0.5260380 0.3545582 0.5077477 0.4112179 0.5732694 0.2520843 0.4620179 0.4576780 0.2881034 0.2761331 0.3356930 0.3754369 0.3328339 0.2508786 0.2454247 0.2753191 0.3099560 0.3365519 0.3469305 0.3138137 0.3850682 0.3935436 0.3084220 0.3249660 0.0000000 0.0226398 0.0169782 0.0169782 0.0640118 0.0640118 0.4236775 0.3675341 0.4384166 0.4183973 0.4017119 0.3696029 0.3526849 0.2776512 0.4800665 0.3988115 0.4621392 0.7259789 0.7274490 0.7123079 0.3865079 0.7954325 0.7372945 0.7651539 0.4279139 0.5428689 0.5428689 0.5862719 0.6224649 0.5596952 0.5987827 0.6393620 0.6150600 0.6250808 0.6463774 0.5652851 0.5950972 0.4934841 0.6494565 0.6304368 0.5443280 0.5507039 0.5020448 0.7497362 0.8666809 0.4769322 0.8291202 0.4034100 0.6847825 1.1078425 
HoiH11_mRNA9626                                                    0.5086584 0.5507313 0.5612383 0.5396152 0.3882473 0.5122042 0.4027210 0.5482066 0.2631162 0.5138928 0.5099508 0.2881034 0.3075741 0.3510576 0.4056229 0.3587080 0.2422522 0.2480238 0.2751580 0.2954879 0.3180484 0.3440651 0.3094205 0.3708064 0.3784498 0.3500550 0.3485636 0.0226398 0.0000000 0.0450049 0.0450049 0.0657035 0.0657035 0.4473248 0.3970591 0.4326759 0.3875037 0.3890680 0.3617981 0.3532080 0.3401360 0.4320262 0.3604459 0.4512529 0.7360400 0.7594069 0.7603691 0.4186291 0.7924087 0.7474176 0.8065168 0.4849248 0.5432524 0.5432524 0.5853637 0.6161636 0.5629230 0.5957870 0.6298908 0.6089997 0.6347953 0.6515978 0.6021328 0.5705471 0.5746961 0.6459315 0.6380369 0.5466199 0.5521525 0.5374393 0.9890747 0.8827062 0.4769322 0.7775010 0.3908065 0.8062481 0.9578228 
Hhon_g09587.t1                                                     0.5193668 0.5528879 0.5600543 0.5429517 0.3979667 0.5091743 0.3995433 0.5512023 0.2636367 0.4972388 0.4933671 0.2881841 0.3144657 0.3385208 0.3756678 0.3285411 0.2457477 0.2389242 0.2650734 0.2973088 0.3197215 0.3365186 0.2926021 0.3798284 0.3907155 0.3287971 0.3353448 0.0169782 0.0450049 0.0000000 0.0000010 0.0598784 0.0598784 0.4339885 0.4014459 0.4211152 0.3645944 0.3930059 0.3541934 0.3546596 0.3070656 0.4348394 0.3623184 0.4668715 0.7128632 0.7357186 0.7676969 0.4186291 0.7721280 0.7448201 0.8125605 0.4821732 0.5403457 0.5403457 0.5898390 0.6206759 0.5691709 0.6022336 0.6347280 0.6160176 0.6202811 0.6376299 0.5976844 0.5541196 0.5519259 0.6388741 0.6044426 0.5391142 0.5441501 0.5347486 0.9912870 0.8274325 0.4586577 0.7600866 0.3721989 0.7796377 0.9565169 
HoiH04_mRNA11411                                                   0.5193668 0.5528879 0.5600543 0.5429517 0.3979667 0.5091743 0.3995433 0.5512023 0.2636367 0.4972388 0.4933671 0.2881841 0.3144657 0.3385208 0.3756678 0.3285411 0.2457477 0.2389242 0.2650734 0.2973088 0.3197215 0.3365186 0.2926021 0.3798284 0.3907155 0.3287971 0.3353448 0.0169782 0.0450049 0.0000010 0.0000000 0.0598784 0.0598784 0.4339885 0.4014459 0.4211152 0.3645944 0.3930059 0.3541934 0.3546596 0.3070656 0.4348394 0.3623184 0.4668715 0.7128632 0.7357186 0.7676969 0.4186291 0.7721280 0.7448201 0.8125605 0.4821732 0.5403457 0.5403457 0.5898390 0.6206759 0.5691709 0.6022336 0.6347280 0.6160176 0.6202811 0.6376299 0.5976844 0.5541196 0.5519259 0.6388741 0.6044426 0.5391142 0.5441501 0.5347486 0.9912870 0.8274325 0.4586577 0.7600866 0.3721989 0.7796377 0.9565169 
TrH2_TrispH2_001231-RA                                             0.5092371 0.5576881 0.5535699 0.5398936 0.4119842 0.5060045 0.4374319 0.5814910 0.2802920 0.5171016 0.5131867 0.2932278 0.3292889 0.3429007 0.4038766 0.3467220 0.2588365 0.2601349 0.2802898 0.3094698 0.3319850 0.3209807 0.2910067 0.3846938 0.4159880 0.3655875 0.3523474 0.0640118 0.0657035 0.0598784 0.0598784 0.0000000 0.0000010 0.4170838 0.4094389 0.4180426 0.3830267 0.3981060 0.3854249 0.3665547 0.3374782 0.4520644 0.3835015 0.4895813 0.7323001 0.7553701 0.8078402 0.4318106 0.8069014 0.7727579 0.8404068 0.4928755 0.5203733 0.5203733 0.5882701 0.6187556 0.5831093 0.6162664 0.6325201 0.6311656 0.6161642 0.6334459 0.5808802 0.5669731 0.5526689 0.6624135 0.6213899 0.5168568 0.5205238 0.5403073 0.9974759 0.8423152 0.4796309 0.7577882 0.4248041 0.7776610 0.8991026 
Tadh_TriadT50029                                                   0.5092371 0.5576881 0.5535699 0.5398936 0.4119842 0.5060045 0.4374319 0.5814910 0.2802920 0.5171016 0.5131867 0.2932278 0.3292889 0.3429007 0.4038766 0.3467220 0.2588365 0.2601349 0.2802898 0.3094698 0.3319850 0.3209807 0.2910067 0.3846938 0.4159880 0.3655875 0.3523474 0.0640118 0.0657035 0.0598784 0.0598784 0.0000010 0.0000000 0.4170838 0.4094389 0.4180426 0.3830267 0.3981060 0.3854249 0.3665547 0.3374782 0.4520644 0.3835015 0.4895813 0.7323001 0.7553701 0.8078402 0.4318106 0.8069014 0.7727579 0.8404068 0.4928755 0.5203733 0.5203733 0.5882701 0.6187556 0.5831093 0.6162664 0.6325201 0.6311656 0.6161642 0.6334459 0.5808802 0.5669731 0.5526689 0.6624135 0.6213899 0.5168568 0.5205238 0.5403073 0.9974759 0.8423152 0.4796309 0.7577882 0.4248041 0.7776610 0.8991026 
Cscu_XM_023360132.1                                                0.5513549 0.5756643 0.6195930 0.5870869 0.4030934 0.4477101 0.4530720 0.6088437 0.3375884 0.4349608 0.4302404 0.2560798 0.2912542 0.2879509 0.3613020 0.3267599 0.3304522 0.3264426 0.3100443 0.3234443 0.3454006 0.4040456 0.3408593 0.3371238 0.4451685 0.3566348 0.3405113 0.4236775 0.4473248 0.4339885 0.4339885 0.4170838 0.4170838 0.0000000 0.2694182 0.2809090 0.4488749 0.3099321 0.3467878 0.3359200 0.3167298 0.4747164 0.3903623 0.4727837 0.7905911 0.7959158 0.6890712 0.3669245 0.7676015 0.7272312 0.8072934 0.4042693 0.5369251 0.5369251 0.5333016 0.5333016 0.5120881 0.5120881 0.5601145 0.5388608 0.5802869 0.5555653 0.5141514 0.5306750 0.4887998 0.6281823 0.4864378 0.4916384 0.4908349 0.5809095 1.1249470 0.8543761 0.5325087 0.6206482 0.3405974 0.7529055 0.8410656 
Tcas_TC007124_001                                                  0.6088784 0.6258798 0.6333059 0.6084158 0.5076792 0.5150130 0.5030307 0.6587576 0.4263510 0.4396265 0.4451702 0.3056617 0.2706839 0.2801349 0.3648123 0.3322744 0.3714002 0.3530810 0.3647939 0.3377793 0.3684647 0.3416237 0.4031152 0.3454589 0.4215559 0.3298827 0.3113442 0.3675341 0.3970591 0.4014459 0.4014459 0.4094389 0.4094389 0.2694182 0.0000000 0.2329986 0.4292010 0.3006601 0.3498836 0.3384351 0.4238075 0.4744685 0.3855768 0.4464673 0.8567948 0.8773396 0.8017992 0.4758051 0.8126326 0.8337872 0.8746424 0.4697628 0.5944470 0.5944470 0.6140755 0.6140755 0.5974840 0.5974840 0.6159342 0.5983124 0.6159109 0.6124985 0.6186635 0.6264312 0.5517094 0.6464890 0.5992821 0.5904840 0.5639999 0.6240461 1.3342936 0.9039064 0.5808924 0.5794369 0.3434888 0.7260804 0.9763285 
Dpul_mRNA25975                                                     0.6134861 0.6692816 0.7005347 0.6506463 0.4506469 0.5060089 0.5212224 0.7159501 0.3900938 0.5391945 0.5334633 0.2294511 0.2790249 0.2562534 0.3629013 0.3225456 0.3646269 0.3502176 0.3770570 0.3598985 0.3825695 0.4117134 0.4416792 0.3076050 0.3811963 0.3713672 0.3549186 0.4384166 0.4326759 0.4211152 0.4211152 0.4180426 0.4180426 0.2809090 0.2329986 0.0000000 0.4548739 0.3415217 0.3591411 0.3570522 0.3051008 0.5284439 0.4388595 0.5232070 0.8864767 0.9140310 0.8782003 0.3888823 0.8368602 0.8545310 0.9113641 0.4812409 0.5850362 0.5850362 0.6176742 0.6176742 0.5989441 0.5989441 0.6257947 0.6064337 0.5923424 0.6000686 0.6347574 0.6247935 0.5809590 0.6746899 0.6666214 0.6061574 0.5799749 0.6141907 1.2048491 0.9534040 0.5981842 0.6571353 0.3495110 0.8179629 0.8023159 
Hvul_g29690_1                                                      0.7446082 0.8053857 0.8349568 0.7743397 0.4402091 0.5524758 0.5381395 0.6845862 0.3256670 0.5617273 0.5533596 0.2846334 0.3708434 0.3871559 0.4412031 0.4368870 0.3698648 0.3777304 0.3758780 0.3462451 0.3648096 0.4758550 0.4384966 0.3872533 0.3980780 0.4570144 0.4360648 0.4183973 0.3875037 0.3645944 0.3645944 0.3830267 0.3830267 0.4488749 0.4292010 0.4548739 0.0000000 0.2682260 0.2454111 0.2462091 0.1750786 0.2147675 0.3009610 0.5410475 0.8948438 0.9233371 0.9152240 0.4667501 0.9364696 0.8953605 0.9289404 0.5687083 0.6460511 0.6460511 0.7126176 0.7126176 0.6394993 0.6394993 0.7774738 0.6987636 0.7314004 0.7198609 0.7236929 0.7078591 0.6349626 0.8158867 0.6968518 0.6590201 0.6842268 0.6595333 1.0909952 0.9095728 0.6196021 0.7712802 0.4413770 0.7863466 1.0988359 
Sanmal_Sma_023353-T1                                               0.5343397 0.5934110 0.5915066 0.5593859 0.4067438 0.5252499 0.3907678 0.5431174 0.3266696 0.4476842 0.4445856 0.3034565 0.3034695 0.3104519 0.3384464 0.3369121 0.3074987 0.2999224 0.3203653 0.2532519 0.2727835 0.3382548 0.4027256 0.3884927 0.3942583 0.3823599 0.3531496 0.4017119 0.3890680 0.3930059 0.3930059 0.3981060 0.3981060 0.3099321 0.3006601 0.3415217 0.2682260 0.0000000 0.0925709 0.0808256 0.1588536 0.2545647 0.2003154 0.5060297 0.9303173 0.9142382 0.8286688 0.4651037 0.8312277 0.8377889 0.8021846 0.4593381 0.5357125 0.5357125 0.5509834 0.5509834 0.5414486 0.5414486 0.5786779 0.5708029 0.5752814 0.5614312 0.5450930 0.5405278 0.5521416 0.6288254 0.5878976 0.5755078 0.5794615 0.5517843 1.1791775 0.9076581 0.5382748 0.5662698 0.3372668 0.7659058 0.9082909 
Nemnom_g17233.t1                                                   0.5625376 0.6123741 0.6180189 0.6050591 0.4349269 0.5386298 0.4111744 0.6070292 0.3447700 0.4770045 0.4737761 0.3096300 0.3052635 0.3402950 0.3612982 0.3916640 0.2910757 0.2726785 0.3094038 0.2544315 0.2750601 0.3232529 0.3801810 0.3905715 0.3962876 0.3479893 0.3411298 0.3696029 0.3617981 0.3541934 0.3541934 0.3854249 0.3854249 0.3467878 0.3498836 0.3591411 0.2454111 0.0925709 0.0000000 0.0202047 0.1134930 0.2415215 0.1990271 0.5175054 0.8867920 0.8709681 0.8590339 0.4996143 0.8859567 0.8802127 0.8465385 0.5024759 0.5909853 0.5909853 0.6010322 0.6010322 0.5923561 0.5923561 0.6341702 0.6280432 0.6403731 0.6354367 0.6008709 0.5881240 0.5955758 0.6993224 0.6377903 0.6360114 0.6436947 0.5575645 1.1589525 0.9220114 0.5443586 0.6242117 0.3696086 0.7602661 1.0085632 
Rhoesc_Res_004799-T1                                               0.5554158 0.6149338 0.6222369 0.5978341 0.4426155 0.5424230 0.4144676 0.5814259 0.3420987 0.4515907 0.4484673 0.3096300 0.3015806 0.3187029 0.3503274 0.3686772 0.2995044 0.2809369 0.3191888 0.2699268 0.2908026 0.3113301 0.3713324 0.3926728 0.4175667 0.3518027 0.3381093 0.3526849 0.3532080 0.3546596 0.3546596 0.3665547 0.3665547 0.3359200 0.3384351 0.3570522 0.2462091 0.0808256 0.0202047 0.0000000 0.1273352 0.2300350 0.1864888 0.5391413 0.8633275 0.8475528 0.8074208 0.4930547 0.8448463 0.8497462 0.8177134 0.4858911 0.5894618 0.5894618 0.5995254 0.5995254 0.6008378 0.6008378 0.6325782 0.6374632 0.6520643 0.6463630 0.5993667 0.5866218 0.6032554 0.6974564 0.6329303 0.6312789 0.6386602 0.5560264 1.1709738 0.8991425 0.5443586 0.6220261 0.3579236 0.7623922 0.9650601 
Aaur_scaffold43.g40.t1                                             0.6331268 0.6354163 0.6313369 0.6024277 0.4912744 0.4232190 0.4466474 0.4466474 0.2735023 0.5244373 0.5152899 0.2638155 0.3511730 0.2953176 0.3624281 0.2905005 0.3457784 0.3292959 0.3201091 0.3260931 0.3260931 0.3593100 0.3938934 0.3307828 0.3523125 0.3651064 0.3256722 0.2776512 0.3401360 0.3070656 0.3070656 0.3374782 0.3374782 0.3167298 0.4238075 0.3051008 0.1750786 0.1588536 0.1134930 0.1273352 0.0000000 0.1732140 0.1598928 1.1724677 0.8182182 0.8555098 0.7819154 0.7063783 0.8000881 0.8615757 0.8461776 0.4432766 0.5921964 0.5921964 0.6098500 0.6098500 0.6098500 0.6098500 0.6098500 0.6098500 0.6970420 0.6970420 0.6659211 0.5837689 0.6063098 0.6022683 0.6034223 0.5771949 0.5771949 0.5793230 1.3659509 0.5730148 0.0000010 0.6495771 0.3059213 0.8921878 0.7277812 
Chem_TCONS_00013838                                                0.6886224 0.7483707 0.7741723 0.7204684 0.4044497 0.5155161 0.5345094 0.6920438 0.3537653 0.5224684 0.5069203 0.2945227 0.4071956 0.4473413 0.4538510 0.4564452 0.4330785 0.4302951 0.4544003 0.3555473 0.3831557 0.4529420 0.4923239 0.3774530 0.4823610 0.4914454 0.4780037 0.4800665 0.4320262 0.4348394 0.4348394 0.4520644 0.4520644 0.4747164 0.4744685 0.5284439 0.2147675 0.2545647 0.2415215 0.2300350 0.1732140 0.0000000 0.2912539 0.7075752 0.8624487 0.8713091 0.8778087 0.4439601 0.8679261 0.8929196 0.9580901 0.6172875 0.6498071 0.6498071 0.6445216 0.6445216 0.5866363 0.5866363 0.6795408 0.6191090 0.6950812 0.6864210 0.6821617 0.6439638 0.5540326 0.7528678 0.6687508 0.6638183 0.6702891 0.6659752 1.2533388 0.9264664 0.5426682 0.7785458 0.4324499 0.9035215 1.0304176 
Morvir_scaffold114.g28.t1                                          0.5398180 0.5663717 0.6115077 0.5622365 0.4169295 0.4957995 0.4646392 0.6898986 0.3384290 0.5498602 0.5399562 0.3258160 0.3943918 0.4269106 0.3986110 0.4174580 0.3231783 0.3039066 0.3538509 0.2783061 0.2878388 0.3302206 0.4105747 0.3615421 0.3919998 0.3887156 0.3808964 0.3988115 0.3604459 0.3623184 0.3623184 0.3835015 0.3835015 0.3903623 0.3855768 0.4388595 0.3009610 0.2003154 0.1990271 0.1864888 0.1598928 0.2912539 0.0000000 0.5362569 0.8824076 0.8916754 0.8616681 0.4382186 0.8505478 0.8329718 0.8713516 0.6030208 0.5068095 0.5068095 0.5563182 0.5563182 0.5600121 0.5600121 0.5971265 0.6057375 0.5940298 0.5975314 0.5417947 0.5248667 0.5462443 0.6162163 0.6015980 0.5693317 0.5790966 0.5950152 1.1060945 0.9090967 0.5184971 0.6597460 0.4534268 0.7356277 1.0576239 
Adig_XM_015916634.1                                                0.6745603 0.6973719 0.7613660 0.7006132 0.5580315 0.6597736 0.6181449 0.7240466 0.4864665 0.5321800 0.5293626 0.3597203 0.4036349 0.4650240 0.4501788 0.4373024 0.1546411 0.1631984 0.2065745 0.2628703 0.2607345 0.4566604 0.4014816 0.3088477 0.1497412 0.4510779 0.4238197 0.4621392 0.4512529 0.4668715 0.4668715 0.4895813 0.4895813 0.4727837 0.4464673 0.5232070 0.5410475 0.5060297 0.5175054 0.5391413 1.1724677 0.7075752 0.5362569 0.0000000 0.8891505 0.9008763 0.9002149 0.5149892 0.9430061 0.8965279 0.9396260 0.6937270 0.5906632 0.5906632 0.6736321 0.6736321 0.6410826 0.6410826 0.7845862 0.7508664 1.0115328 0.9792664 0.6972494 0.6944273 0.8364645 0.9131155 0.7805773 0.7297448 0.7725777 0.5484533 1.1949290 0.8242373 0.5378647 1.0676810 0.5362753 0.9285580 1.5599633 
Emue_Em0010g1013a.t1                                               0.7956695 0.8453942 0.7909360 0.7581956 0.4046738 0.5222307 0.6805738 0.8388854 0.4442329 0.6761174 0.6670858 0.5073977 0.7860887 0.7764924 0.7911812 0.7465945 0.7202678 0.7387450 0.7929445 0.7732735 0.8014898 0.9197275 0.7858526 0.8813885 0.8690659 0.6954824 0.7672378 0.7259789 0.7360400 0.7128632 0.7128632 0.7323001 0.7323001 0.7905911 0.8567948 0.8864767 0.8948438 0.9303173 0.8867920 0.8633275 0.8182182 0.8624487 0.8824076 0.8891505 0.0000000 0.0297620 0.2724494 0.1581028 0.2124564 0.2192816 0.3406276 0.9132058 0.7866392 0.7866392 0.8328726 0.8328726 0.7962556 0.7962556 0.9245236 0.8915356 0.9709576 0.9494275 0.8610254 0.8645545 0.7172882 0.9174491 0.7444908 0.8115696 0.8409548 0.7480299 1.5412292 0.8259683 0.4639365 1.0440305 0.7858704 0.8817451 1.0916902 
Spolac_c96440_g2_i1_m.13092c96440-g2                               0.7547248 0.8232881 0.7610985 0.7299213 0.4164203 0.5440987 0.6885137 0.8492715 0.4434335 0.6955348 0.6593034 0.5249837 0.7874728 0.8122780 0.8163328 0.7703056 0.7210219 0.7396729 0.8074983 0.7745503 0.8030055 0.9266071 0.8222425 0.9024513 0.8715051 0.7185100 0.7916979 0.7274490 0.7594069 0.7357186 0.7357186 0.7553701 0.7553701 0.7959158 0.8773396 0.9140310 0.9233371 0.9142382 0.8709681 0.8475528 0.8555098 0.8713091 0.8916754 0.9008763 0.0297620 0.0000000 0.2875294 0.1779511 0.2500651 0.2386717 0.3121237 0.8944271 0.7996128 0.7996128 0.8286489 0.8286489 0.7915191 0.7915191 0.9202826 0.8867561 0.9780098 0.9560076 0.8324852 0.8604459 0.6819193 0.9238837 0.7399698 0.8247702 0.8553221 0.7604442 1.5474997 0.8227377 0.4434587 1.0613652 0.8293417 0.9090307 1.0679833 
Tetwil_g11129.t1                                                   0.7155053 0.7271292 0.7208049 0.6629651 0.3779585 0.4702721 0.7191600 0.8416312 0.4896585 0.7008123 0.7057599 0.4135738 0.6998745 0.7087466 0.8575589 0.7944952 0.7346932 0.7477209 0.7875606 0.7872424 0.7981090 0.9377637 0.8006840 0.8287057 0.8664638 0.7296917 0.8080618 0.7123079 0.7603691 0.7676969 0.7676969 0.8078402 0.8078402 0.6890712 0.8017992 0.8782003 0.9152240 0.8286688 0.8590339 0.8074208 0.7819154 0.8778087 0.8616681 0.9002149 0.2724494 0.2875294 0.0000000 0.0697130 0.2118930 0.2113999 0.2890899 0.8047484 0.7664452 0.7664452 0.8047983 0.8257362 0.7925626 0.8152443 0.8641959 0.8561902 0.9385554 0.9187752 0.8119553 0.8179363 0.6975673 0.8564325 0.6956990 0.7882219 0.7842105 0.8138470 1.4576692 0.7790480 0.4730407 1.0183756 0.8133681 0.8372438 1.0480584 
