61
Lcom_lcpid97801                                              0.0000000 0.3436050 0.4467512 0.9676835 1.7284272 1.6801327 1.6358187 1.4523705 1.2647330 1.1669130 1.2778831 1.2202130 1.1767051 1.4260719 1.4535530 1.3673543 1.4877921 1.1700956 1.1488886 1.1462056 1.2737125 1.1853793 1.3458065 1.2951438 1.1818078 1.2943895 1.5661493 1.6446890 1.2639103 1.4703084 1.5102028 1.5218481 1.3024093 1.4758092 1.5870639 1.6370097 1.6453275 1.5847127 1.6131588 1.6796969 1.8681717 1.5027472 1.6129074 1.5908934 1.6532717 1.6058624 1.9179659 1.7220103 1.9412594 2.0783014 1.8642852 1.7889804 1.6293844 1.8479263 1.7626878 1.6502511 1.7473728 1.8256000 1.6487857 1.7000936 1.6330783 
Scil_scict005764.1                                           0.3436050 0.0000000 0.4082392 1.0193142 1.6491024 1.4937503 1.5921724 1.5088275 1.3622796 1.2636480 1.3086677 1.2807585 1.3873123 1.5228702 1.5536844 1.4838944 1.4519244 1.1785617 1.1502555 1.1475682 1.2796234 1.2835248 1.4189706 1.3220364 1.2551345 1.3911012 1.6352891 1.6993619 1.3568363 1.4915204 1.5522487 1.5315737 1.2720592 1.4286796 1.7442426 1.7716438 1.7444527 1.6421202 1.5846726 1.7271901 2.1432065 1.6476560 1.6658731 1.6128397 1.7475941 1.8240000 2.3737914 1.7808889 1.9802756 2.1342832 1.9499968 1.8422342 1.8227161 2.0564501 1.9701146 1.8027845 1.8874862 1.8599461 1.7146331 1.6888751 1.7465302 
Gracom_Gcom_C544022_01                                       0.4467512 0.4082392 0.0000000 1.0020230 1.8521997 1.7370320 1.7056296 1.4829488 1.3511513 1.2413412 1.2741894 1.2634233 1.3575294 1.6898592 1.6692039 1.5815022 1.5101045 1.3057071 1.2875084 1.2845360 1.3668978 1.2958916 1.4949312 1.3430067 1.2738323 1.3826664 1.5913754 1.6890452 1.2552062 1.5617383 1.5768820 1.5290804 1.3982162 1.5453584 1.8008808 1.6437946 1.6842945 1.6211772 1.7496565 1.7858059 1.9695003 1.6374142 1.6924914 1.6732274 1.7341462 1.7165428 2.0108406 1.9473923 2.1862807 2.2824309 2.0258553 1.9072668 1.9302130 2.0703747 2.0048305 1.8376780 1.7892881 1.8413141 1.6942167 1.7617464 1.7001823 
Clacor_Ccor_scaffold10027_01                                 0.9676835 1.0193142 1.0020230 0.0000000 1.6493982 1.4849975 1.5308477 1.2523260 1.3250983 1.2720046 1.1806536 1.2091121 1.2455756 1.5076079 1.5125554 1.3888154 1.2340729 1.1257372 1.1321466 1.1469288 1.1923559 1.2239599 1.2857193 1.2614480 1.2353255 1.1774852 1.5054388 1.6848170 1.0306812 1.3579315 1.3745575 1.3509511 1.1405118 1.2844510 1.6605153 1.4795369 1.9433264 1.7508363 1.7797714 1.6007974 1.4506420 1.4224656 1.4777053 1.5572772 1.5338865 1.4498803 1.6848204 1.9114943 2.2405426 2.3804158 1.7675172 1.9001607 1.8851119 1.8326583 1.7561969 1.5926255 1.8287948 1.7068797 1.5755393 1.5050174 1.5594180 
Emue_Em0012g1036a.t1                                         1.7284272 1.6491024 1.8521997 1.6493982 0.0000000 0.1988404 1.0614816 1.4513966 1.5310412 1.6345547 1.4492219 1.4237300 1.3862111 1.3748643 1.7585710 1.6272325 1.6067104 1.3845571 1.3566842 1.3635922 1.3190287 1.5079464 1.7073808 1.4129122 1.3587521 1.3599433 1.5114526 1.8876726 0.8987765 1.5471933 1.5600741 1.5239774 1.2722139 1.2634488 1.5504334 1.5203011 1.6911387 1.4016669 1.3398451 1.9617142 1.8555119 1.4574629 1.6753288 1.6587263 1.5974009 1.6399488 2.6491645 2.1978606 2.4866460 2.6409472 2.1267356 2.1241498 2.1854600 2.1265063 2.0846882 1.8282831 2.2495227 2.0839793 1.9437970 1.8060474 1.8848142 
Spolac_c96816_g2_i1_m.13789c96816-g2                         1.6801327 1.4937503 1.7370320 1.4849975 0.1988404 0.0000000 0.8768907 1.2942603 1.3718532 1.5167099 1.2556055 1.3177267 1.3350284 1.2976517 1.6584166 1.4939938 1.3043948 1.1857108 1.1801403 1.1862639 1.0764490 1.3032577 1.4866918 1.1706896 1.0940010 1.0996986 1.3275968 1.6489538 0.8031729 1.2550509 1.3193769 1.2738354 1.1054861 1.1116122 1.3272922 1.3241467 1.4497568 1.2124866 1.2168794 1.7653318 1.8312049 1.3930628 1.5519377 1.5042412 1.4887130 1.5172832 2.5182935 1.8670555 2.1392420 2.2824414 1.7780014 1.8501064 1.8482930 1.7552376 1.7116192 1.5274441 1.8962684 1.9141275 1.8274570 1.6808771 1.7607201 
Plespi_Pspi_scaffold1945_01                                  1.6358187 1.5921724 1.7056296 1.5308477 1.0614816 0.8768907 0.0000000 1.3373088 1.2404448 1.3400562 1.1999720 1.1692137 1.2696879 1.3920451 1.6189630 1.4242312 1.2547586 1.1092457 1.1228866 1.1289217 1.0418815 1.1842565 1.3481003 1.1885732 1.0833444 1.0974745 1.3703999 1.6443447 0.9487062 1.4189937 1.4144512 1.4209959 1.1082763 1.1403307 1.4992168 1.3743312 1.4353955 1.4255983 1.1838801 1.8162361 1.9733018 1.5008856 1.5672811 1.5995279 1.5939655 1.6112734 2.2983034 1.9159381 2.1216883 2.2858293 1.9014564 1.9562351 1.8119734 1.7052734 1.6598588 1.5382872 1.9852678 2.0995822 1.9727691 1.8851750 1.9412001 
Cgig_XM_011448036.3                                          1.4523705 1.5088275 1.4829488 1.2523260 1.4513966 1.2942603 1.3373088 0.0000000 0.7568442 0.7116285 0.4861188 0.6851254 0.7152781 0.7426058 0.9283948 0.8291939 0.9124059 0.8872264 0.9523281 0.9614654 0.9673842 1.0590779 1.0353389 1.0104843 0.9499757 0.8835560 1.1065660 1.4391596 0.7122389 1.0718750 1.0702465 1.0673510 1.0261836 0.9667724 1.3546648 1.1594022 1.0586448 1.7390066 1.5455719 1.5994243 1.5838803 1.4312029 1.4699391 1.5286294 1.5293391 1.1790124 1.2507807 1.8816308 2.1258919 2.2201033 1.7229456 1.8377449 1.7008926 1.8093985 1.7682246 1.5018657 1.7489649 1.8427870 1.6733148 1.5689771 1.6038455 
Bralan_BLAG17000850_1                                        1.2647330 1.3622796 1.3511513 1.3250983 1.5310412 1.3718532 1.2404448 0.7568442 0.0000000 0.5344089 0.5008366 0.4894597 0.7098128 0.6161534 0.6923421 0.5956418 1.0759922 0.7252053 0.7656818 0.7636779 0.7564514 0.8181108 0.8206888 0.7266436 0.8357647 0.7195469 0.8773148 1.2172300 0.8483520 1.0086282 0.9384077 0.9652940 0.8307030 0.7803729 1.3323648 1.1932406 0.9814906 1.5528510 1.4459732 1.4363917 1.4748861 1.2401665 1.3109043 1.3439553 1.3761620 1.1551642 1.4628328 1.7886334 1.9412282 2.0081847 1.6296707 1.6840591 1.5708094 1.7436499 1.7030077 1.4999777 1.7856341 1.9322190 1.7869456 1.7564151 1.6772196 
Spur_XM_030974287.1                                          1.1669130 1.2636480 1.2413412 1.2720046 1.6345547 1.5167099 1.3400562 0.7116285 0.5344089 0.0000000 0.4648678 0.5187935 0.6001977 0.8015317 0.9215377 0.8267004 1.0910936 0.7780870 0.7755170 0.7734537 0.8261340 0.8650541 0.9094199 0.8470952 0.8846256 0.8027469 0.9917710 1.2962573 0.8281670 1.1469441 1.0619359 1.0467813 0.9102912 0.8976922 1.5018972 1.3598748 1.1431398 1.5559530 1.4935116 1.4948966 1.4764061 1.2988611 1.4016366 1.4246485 1.4862492 1.1180416 1.4164794 1.8253187 1.9731203 2.0703530 1.7594087 1.7690146 1.6384659 1.8579635 1.8342960 1.6263687 1.7546502 1.8183085 1.7307783 1.7364099 1.6392626 
Acagra_model.g18484.t1                                       1.2778831 1.3086677 1.2741894 1.1806536 1.4492219 1.2556055 1.1999720 0.4861188 0.5008366 0.4648678 0.0000000 0.3698657 0.5487159 0.6514934 0.7128159 0.6166525 0.7883868 0.6395542 0.6779863 0.6816816 0.7003937 0.6913496 0.7781005 0.7006618 0.7321605 0.6849114 0.8306709 1.1600081 0.6423798 0.8998769 0.8639017 0.8966459 0.8370735 0.8135325 1.2405449 1.1508678 1.0451041 1.3783763 1.4395487 1.5277826 1.4795145 1.2031107 1.2897722 1.3327699 1.3805887 1.0995669 1.3595811 1.7394054 1.9467150 2.0271753 1.5456394 1.6067397 1.5668628 1.6791690 1.6407396 1.4235337 1.6208895 1.6285216 1.4757467 1.4518326 1.3859152 
Skow_XM_002734331.2                                          1.2202130 1.2807585 1.2634233 1.2091121 1.4237300 1.3177267 1.1692137 0.6851254 0.4894597 0.5187935 0.3698657 0.0000000 0.5124959 0.6533018 0.6598186 0.5772009 0.9851406 0.7061297 0.7182278 0.7220608 0.7316457 0.7739667 0.8105263 0.7594436 0.7801085 0.8058511 0.8976367 1.1906389 0.7716986 0.9528218 0.9505542 0.9503089 0.7612036 0.8083303 1.2633600 1.2295659 1.0922937 1.4780884 1.3981740 1.3333653 1.3574285 1.1680198 1.2329754 1.2346846 1.3105950 1.0339822 1.3789217 1.6066087 1.7505629 1.8388403 1.5127164 1.5451094 1.4907643 1.5585016 1.5193947 1.3222463 1.6548527 1.6635161 1.5273936 1.4990994 1.4292849 
Ctel_gnl_WGS_AMQN_CAPTEDRAFT_mRNA152195                      1.1767051 1.3873123 1.3575294 1.2455756 1.3862111 1.3350284 1.2696879 0.7152781 0.7098128 0.6001977 0.5487159 0.5124959 0.0000000 0.8074914 0.9271943 0.8443191 1.0447053 0.8967307 0.9277148 0.9253761 0.9482264 1.0059922 1.1404375 0.8814711 0.8392162 1.0051601 1.0832861 1.2931900 0.7175105 1.1299486 1.0721595 1.0223940 1.0153268 1.0048675 1.3228291 1.2495288 1.1844454 1.5551107 1.4545974 1.4043956 1.7316661 1.3536189 1.3611445 1.3978342 1.3999981 1.1882003 1.2559326 1.8277023 2.0011712 2.1138423 1.8014086 1.8739926 1.6896270 1.7944230 1.7449214 1.5616446 2.0561368 1.9437150 1.8033774 1.7798753 1.6978069 
Cscu_XM_023368647.1                                          1.4260719 1.5228702 1.6898592 1.5076079 1.3748643 1.2976517 1.3920451 0.7426058 0.6161534 0.8015317 0.6514934 0.6533018 0.8074914 0.0000000 0.9344678 0.8219047 1.0301927 0.7493393 0.8036325 0.8080367 0.7834410 0.8350069 0.9572144 0.8682994 0.9091944 0.8719901 0.9757594 1.4376776 0.7044998 1.0858252 1.1366996 1.1581596 0.7999183 0.7582793 1.4100849 1.3480961 1.0192615 1.7017356 1.6300941 1.6854013 1.9302119 1.3664917 1.4265173 1.4252366 1.5372364 1.2574513 2.1582679 2.0574648 2.2747230 2.3409792 1.8117185 1.9142793 1.9160213 1.8091142 1.7373487 1.4786441 2.1401813 2.1185466 1.9311165 1.8150492 1.8862746 
Hsap_ENST00000573224                                         1.4535530 1.5536844 1.6692039 1.5125554 1.7585710 1.6584166 1.6189630 0.9283948 0.6923421 0.9215377 0.7128159 0.6598186 0.9271943 0.9344678 0.0000000 0.0099529 1.1931249 0.9416449 0.9667906 0.9720191 1.0092467 1.1284137 1.1862996 1.1259642 1.0918828 1.1035972 1.3017377 1.2591973 1.2557030 1.1797006 1.2603360 1.2419654 1.0578658 1.0851564 1.4631547 1.4295483 1.2699337 1.8934577 1.7083756 1.4999014 1.3709114 1.3479458 1.4260375 1.4545373 1.5867750 1.3750174 1.6909207 1.9457396 2.1336722 2.3031406 1.8509754 1.8864163 1.8305416 2.0285244 1.9781183 1.8379948 1.9541648 1.9612976 1.8811994 1.8236297 1.7823127 
Hsap_ENST00000571841                                         1.3673543 1.4838944 1.5815022 1.3888154 1.6272325 1.4939938 1.4242312 0.8291939 0.5956418 0.8267004 0.6166525 0.5772009 0.8443191 0.8219047 0.0099529 0.0000000 0.9851116 0.8224682 0.8492828 0.8541556 0.8328382 0.9840449 1.0350574 0.9976599 0.9481963 0.9663071 1.1529102 1.1713374 0.9743188 1.0431630 1.1022627 1.0893881 0.9162401 0.9555509 1.3436784 1.3202918 1.0863017 1.6187886 1.4939650 1.4999014 1.3709114 1.1982616 1.2594052 1.2765178 1.4242019 1.1655651 1.6909207 1.7782456 1.9591215 2.1203898 1.6787574 1.7271065 1.6783954 1.8213823 1.7680911 1.6052945 1.8008311 1.8007896 1.6863946 1.5868922 1.5882612 
Fspp_ffun1.m4.23287.m1                                       1.4877921 1.4519244 1.5101045 1.2340729 1.6067104 1.3043948 1.2547586 0.9124059 1.0759922 1.0910936 0.7883868 0.9851406 1.0447053 1.0301927 1.1931249 0.9851116 0.0000000 0.1220279 0.1863130 0.1910889 0.1935911 0.4186970 0.2747427 0.6271229 0.5300426 0.6200250 0.7420796 1.6493160 0.6464405 1.0589212 1.0064676 1.0827148 0.8996956 0.8762696 1.2241017 0.9324522 1.3509346 1.4653740 1.5847326 1.5752290 1.7002476 1.2367114 1.1314112 1.1900428 1.2771571 1.3978757 1.4447952 1.8827580 2.1423102 2.4288198 1.9034557 2.0071708 1.8461534 1.9386821 1.8529053 1.5786637 2.0090757 1.9057811 1.7035406 1.7501577 1.6082216 
Gasp_gasp1.m3.5432.m1                                        1.1700956 1.1785617 1.3057071 1.1257372 1.3845571 1.1857108 1.1092457 0.8872264 0.7252053 0.7780870 0.6395542 0.7061297 0.8967307 0.7493393 0.9416449 0.8224682 0.1220279 0.0000000 0.0575862 0.0588965 0.1073359 0.2111475 0.1163697 0.4149189 0.3631677 0.5033052 0.6588292 1.0882838 0.5236216 0.8369742 0.8187683 0.8077444 0.6894726 0.7273183 1.0350740 0.8509696 1.0812763 1.3136828 1.3162497 1.2873954 1.4485358 1.0944417 1.0599543 1.0920044 1.1103165 1.1764561 1.4590554 1.6621917 1.7638933 1.9050115 1.6811700 1.7007775 1.5524109 1.7485330 1.6949276 1.4831125 1.7543009 1.7420818 1.5929951 1.5614671 1.5363101 
Spis_XP_022790753_1                                          1.1488886 1.1502555 1.2875084 1.1321466 1.3566842 1.1801403 1.1228866 0.9523281 0.7656818 0.7755170 0.6779863 0.7182278 0.9277148 0.8036325 0.9667906 0.8492828 0.1863130 0.0575862 0.0000000 0.0046570 0.1367370 0.2152491 0.0904791 0.4250046 0.3616727 0.5093502 0.6949573 1.1068950 0.5449823 0.8479052 0.8210257 0.8106995 0.6544072 0.7147112 1.0310980 0.8653988 1.1413330 1.2612203 1.2795402 1.2421735 1.4142195 1.0916038 1.0485386 1.0802874 1.1020977 1.2278146 1.5097578 1.6271268 1.7262997 1.8645434 1.6639549 1.6845952 1.5341382 1.7147609 1.6610998 1.4786284 1.7341278 1.7156489 1.5859326 1.5681314 1.5287741 
Pocdam_XM_027199345.1                                        1.1462056 1.1475682 1.2845360 1.1469288 1.3635922 1.1862639 1.1289217 0.9614654 0.7636779 0.7734537 0.6816816 0.7220608 0.9253761 0.8080367 0.9720191 0.8541556 0.1910889 0.0588965 0.0046570 0.0000000 0.1367370 0.2170354 0.0908353 0.4217023 0.3707105 0.5114875 0.6909272 1.1041957 0.5449823 0.8456225 0.8188700 0.8085663 0.6456955 0.7186255 1.0365843 0.8700669 1.1386190 1.2626674 1.2832491 1.2502387 1.4288422 1.0979513 1.0547001 1.0869345 1.1086596 1.2249664 1.4993540 1.6236077 1.7225288 1.8604779 1.6604136 1.6809290 1.5307749 1.7110492 1.6573875 1.4747823 1.7304557 1.7119752 1.5821664 1.5681314 1.5250248 
Amil_Amillepora27366-RA                                      1.2737125 1.2796234 1.3668978 1.1923559 1.3190287 1.0764490 1.0418815 0.9673842 0.7564514 0.8261340 0.7003937 0.7316457 0.9482264 0.7834410 1.0092467 0.8328382 0.1935911 0.1073359 0.1367370 0.1367370 0.0000000 0.1279215 0.1334665 0.4289101 0.3874338 0.4957383 0.6199668 1.1325955 0.5270060 0.8458783 0.7721328 0.7406754 0.7260307 0.7191103 0.9793953 0.8697701 1.0034186 1.3208356 1.3620928 1.3235984 1.5536499 1.0892932 1.0661943 1.0876842 1.1338534 1.3124101 1.6975817 1.5988610 1.7350922 1.9319570 1.6535335 1.8257284 1.5673855 1.6719438 1.5928882 1.5073991 1.7304153 1.8000396 1.6175852 1.6078765 1.5752008 
Adig_XM_015898059.1                                          1.1853793 1.2835248 1.2958916 1.2239599 1.5079464 1.3032577 1.1842565 1.0590779 0.8181108 0.8650541 0.6913496 0.7739667 1.0059922 0.8350069 1.1284137 0.9840449 0.4186970 0.2111475 0.2152491 0.2170354 0.1279215 0.0000000 0.2275373 0.4997679 0.4041085 0.5864319 0.6799236 1.1911169 0.5355894 0.8146010 0.8845023 0.9055234 0.7590123 0.7911661 1.1003963 0.9677681 1.2345731 1.2385833 1.3339656 1.4248813 1.7474084 1.1906947 1.2028195 1.1017725 1.1628829 1.2746561 2.8080380 1.7385947 1.8578862 1.8471262 1.6414421 1.6772994 1.5648998 1.7296723 1.6323597 1.4263842 1.7689505 1.7906368 1.5631655 1.5391304 1.5164623 
Gfas_gfas1.m1.8841.m1                                        1.3458065 1.4189706 1.4949312 1.2857193 1.7073808 1.4866918 1.3481003 1.0353389 0.8206888 0.9094199 0.7781005 0.8105263 1.1404375 0.9572144 1.1862996 1.0350574 0.2747427 0.1163697 0.0904791 0.0908353 0.1334665 0.2275373 0.0000000 0.5634789 0.4833361 0.5769548 0.7815003 1.2696089 0.5864006 0.9860817 0.9702083 0.9705820 0.7881132 0.8224877 1.2248297 1.0007399 1.3107347 1.7259792 1.6366645 1.5785436 1.4051100 1.2410143 1.2009227 1.2867865 1.2800390 1.4447273 1.6148014 1.7597346 1.8996358 2.0820656 1.8354014 1.8339847 1.6940034 1.9872578 1.9236609 1.6891450 1.9202419 1.9723918 1.7889117 1.8311850 1.7154684 
Nvec_v1g173814                                               1.2951438 1.3220364 1.3430067 1.2614480 1.4129122 1.1706896 1.1885732 1.0104843 0.7266436 0.8470952 0.7006618 0.7594436 0.8814711 0.8682994 1.1259642 0.9976599 0.6271229 0.4149189 0.4250046 0.4217023 0.4289101 0.4997679 0.5634789 0.0000000 0.3161196 0.5659688 0.5974114 1.0062186 0.6272125 0.7548056 0.6994594 0.7238940 0.7959084 0.7750020 1.0653810 1.0130590 1.0781660 1.3274127 1.3234947 1.3453293 1.3274580 1.1079184 1.1519886 1.2170227 1.1414942 1.1105423 1.0950707 1.6958173 1.8446347 1.9419927 1.6053985 1.8035098 1.5003942 1.6023451 1.5636962 1.3906391 1.6296496 1.7269791 1.6404661 1.5325512 1.5396647 
Exapal_XM_021061132.2                                        1.1818078 1.2551345 1.2738323 1.2353255 1.3587521 1.0940010 1.0833444 0.9499757 0.8357647 0.8846256 0.7321605 0.7801085 0.8392162 0.9091944 1.0918828 0.9481963 0.5300426 0.3631677 0.3616727 0.3707105 0.3874338 0.4041085 0.4833361 0.3161196 0.0000000 0.5044850 0.7029023 1.0290376 0.5982837 0.6968707 0.6568263 0.7117375 0.6891633 0.7289523 0.9924835 0.8486116 1.1145899 1.2523461 1.2873109 1.2618248 1.4952624 1.0048803 1.0142495 1.0824620 0.9822314 1.1900906 1.0889535 1.7290615 1.8836224 2.0112185 1.6469826 1.6880903 1.4962322 1.5941216 1.5447471 1.2659558 1.6498900 1.6203509 1.4832985 1.4158686 1.4218005 
Dgig_XM_028553242.1                                          1.2943895 1.3911012 1.3826664 1.1774852 1.3599433 1.0996986 1.0974745 0.8835560 0.7195469 0.8027469 0.6849114 0.8058511 1.0051601 0.8719901 1.1035972 0.9663071 0.6200250 0.5033052 0.5093502 0.5114875 0.4957383 0.5864319 0.5769548 0.5659688 0.5044850 0.0000000 0.3311256 1.0650512 0.5943444 0.8096890 0.7622843 0.8227414 0.8281930 0.8906143 1.0701929 0.9884559 1.1115249 1.3851382 1.5160923 1.4323729 1.3651242 1.1506078 1.1826516 1.2314639 1.1955710 1.2123532 1.0663531 1.5492919 1.7292366 1.7781134 1.4858308 1.4794330 1.4333319 1.5160951 1.4745612 1.3317364 1.5101523 1.5300214 1.4508049 1.4009037 1.4060624 
Xesp_022044-T1                                               1.5661493 1.6352891 1.5913754 1.5054388 1.5114526 1.3275968 1.3703999 1.1065660 0.8773148 0.9917710 0.8306709 0.8976367 1.0832861 0.9757594 1.3017377 1.1529102 0.7420796 0.6588292 0.6949573 0.6909272 0.6199668 0.6799236 0.7815003 0.5974114 0.7029023 0.3311256 0.0000000 1.2886421 0.7182734 0.9839157 0.9070784 0.9392261 1.0310421 1.0292223 1.1441539 1.1364718 1.1471041 1.4933724 1.7313071 1.5588469 1.5982129 1.2716399 1.3610009 1.3603286 1.3355095 1.3785798 1.3672342 1.7510572 1.9249921 1.9534401 1.7583876 1.8707371 1.6912111 1.7244496 1.6727704 1.4630176 1.7749183 1.7902186 1.6799799 1.6313092 1.6152580 
Sanmal_Sma_023557-T1                                         1.6446890 1.6993619 1.6890452 1.6848170 1.8876726 1.6489538 1.6443447 1.4391596 1.2172300 1.2962573 1.1600081 1.1906389 1.2931900 1.4376776 1.2591973 1.1713374 1.6493160 1.0882838 1.1068950 1.1041957 1.1325955 1.1911169 1.2696089 1.0062186 1.0290376 1.0650512 1.2886421 0.0000000 0.9373694 0.4870823 0.5494357 0.5300230 1.2502352 1.1852749 1.0150827 0.9255423 1.5239089 1.7861412 1.7531822 1.4562383 1.6978194 1.5116461 1.4846245 1.5366247 1.4940566 1.7820221 1.2775503 2.3571138 2.3797883 2.4485605 2.1293300 2.1705790 2.1547649 2.2680949 2.1813736 1.9426338 2.2976820 2.3840086 2.2673497 2.1186071 2.1547707 
Morvir_scaffold3.g124.t1                                     1.2639103 1.3568363 1.2552062 1.0306812 0.8987765 0.8031729 0.9487062 0.7122389 0.8483520 0.8281670 0.6423798 0.7716986 0.7175105 0.7044998 1.2557030 0.9743188 0.6464405 0.5236216 0.5449823 0.5449823 0.5270060 0.5355894 0.5864006 0.6272125 0.5982837 0.5943444 0.7182734 0.9373694 0.0000000 0.5147358 0.4785463 0.5071162 0.5944477 0.7200687 0.7551461 0.6496371 1.2529990 1.1250429 0.9938572 1.1740704 1.3479917 1.0687657 1.0975048 1.0578465 0.9898298 1.1481049 0.0000010 1.6568148 1.9625990 1.9625990 1.4208083 1.5080785 1.3309022 1.4296196 1.4296196 1.4296196 1.4487591 1.4235319 1.3975013 1.3975013 1.3975013 
Aaur_scaffold1931.g1.t1                                      1.4703084 1.4915204 1.5617383 1.3579315 1.5471933 1.2550509 1.4189937 1.0718750 1.0086282 1.1469441 0.8998769 0.9528218 1.1299486 1.0858252 1.1797006 1.0431630 1.0589212 0.8369742 0.8479052 0.8456225 0.8458783 0.8146010 0.9860817 0.7548056 0.6968707 0.8096890 0.9839157 0.4870823 0.5147358 0.0000000 0.2068251 0.2686846 0.8555210 0.8470276 0.9324771 0.8983840 1.2796639 1.5215703 1.4164237 1.3938819 1.5684613 1.2799551 1.3404938 1.3150575 1.2381525 1.4248202 1.2008464 1.9262013 2.0862966 2.0849913 1.6494811 1.7744069 1.7782241 1.6345849 1.6345849 1.4617418 1.8022486 1.7848181 1.7295739 1.5380871 1.6482048 
Nemnom_g2991.t1                                              1.5102028 1.5522487 1.5768820 1.3745575 1.5600741 1.3193769 1.4144512 1.0702465 0.9384077 1.0619359 0.8639017 0.9505542 1.0721595 1.1366996 1.2603360 1.1022627 1.0064676 0.8187683 0.8210257 0.8188700 0.7721328 0.8845023 0.9702083 0.6994594 0.6568263 0.7622843 0.9070784 0.5494357 0.4785463 0.2068251 0.0000000 0.1378479 0.8284646 0.8988224 0.8827427 0.8528576 1.2731694 1.5505420 1.5235598 1.4183627 1.4938999 1.2445922 1.3232022 1.2916511 1.2786458 1.2411050 0.9665377 2.0156882 2.1915952 2.2883939 1.7128539 1.8612050 1.7955150 1.6996491 1.6728369 1.4482606 1.9117051 1.8900545 1.7777501 1.5704201 1.6861877 
Rhoesc_Res_004268-T1                                         1.5218481 1.5315737 1.5290804 1.3509511 1.5239774 1.2738354 1.4209959 1.0673510 0.9652940 1.0467813 0.8966459 0.9503089 1.0223940 1.1581596 1.2419654 1.0893881 1.0827148 0.8077444 0.8106995 0.8085663 0.7406754 0.9055234 0.9705820 0.7238940 0.7117375 0.8227414 0.9392261 0.5300230 0.5071162 0.2686846 0.1378479 0.0000000 0.8567981 0.9208391 0.8950497 0.8060513 1.3179950 1.4689733 1.4575148 1.4407559 1.5493436 1.3291410 1.3569811 1.3600807 1.3361882 1.2909037 0.9333006 1.9476397 2.0931075 2.1905452 1.7099858 1.9479476 1.8407130 1.7705649 1.7446756 1.4898706 1.9184077 1.9148313 1.7996850 1.5435733 1.7068173 
Opea_EP00118_Oscarella_pearsei_P017289                       1.3024093 1.2720592 1.3982162 1.1405118 1.2722139 1.1054861 1.1082763 1.0261836 0.8307030 0.9102912 0.8370735 0.7612036 1.0153268 0.7999183 1.0578658 0.9162401 0.8996956 0.6894726 0.6544072 0.6456955 0.7260307 0.7590123 0.7881132 0.7959084 0.6891633 0.8281930 1.0310421 1.2502352 0.5944477 0.8555210 0.8284646 0.8567981 0.0000000 0.4822705 1.3112903 1.1943007 1.3467637 1.3110986 1.2834665 1.4252353 1.6510414 1.1012994 1.1250984 1.1694714 1.1683442 1.2258737 1.3373191 1.7071757 1.8952672 1.9698820 1.6078462 1.6437117 1.6089416 1.6857344 1.6402384 1.4768736 1.6882184 1.6446465 1.5879774 1.5350965 1.5667906 
Plajan_Pjan_C539242_01                                       1.4758092 1.4286796 1.5453584 1.2844510 1.2634488 1.1116122 1.1403307 0.9667724 0.7803729 0.8976922 0.8135325 0.8083303 1.0048675 0.7582793 1.0851564 0.9555509 0.8762696 0.7273183 0.7147112 0.7186255 0.7191103 0.7911661 0.8224877 0.7750020 0.7289523 0.8906143 1.0292223 1.1852749 0.7200687 0.8470276 0.8988224 0.9208391 0.4822705 0.0000000 1.0967917 1.0433803 1.3082149 1.5184163 1.3833972 1.5855186 1.6776324 1.2491493 1.2905541 1.2963170 1.3288053 1.3058498 1.1346586 1.8695801 2.0956519 2.2025949 1.7419133 1.7586807 1.6021226 1.7929576 1.7460174 1.6675208 1.7829556 1.7881367 1.7385181 1.6583877 1.7074933 
Hvul_g14434_1                                                1.5870639 1.7442426 1.8008808 1.6605153 1.5504334 1.3272922 1.4992168 1.3546648 1.3323648 1.5018972 1.2405449 1.2633600 1.3228291 1.4100849 1.4631547 1.3436784 1.2241017 1.0350740 1.0310980 1.0365843 0.9793953 1.1003963 1.2248297 1.0653810 0.9924835 1.0701929 1.1441539 1.0150827 0.7551461 0.9324771 0.8827427 0.8950497 1.3112903 1.0967917 0.0000000 0.4826299 1.2641759 1.7169306 1.6886656 1.7021831 1.9032771 1.5630403 1.5345335 1.5916146 1.5739470 1.7407366 1.3849811 1.8002993 1.9755245 2.1774223 1.8170295 1.9714307 1.7990237 1.7610228 1.7203429 1.6026130 1.8573122 2.0511090 2.0377801 1.9110973 1.9989479 
Chem_TCONS_00046401                                          1.6370097 1.7716438 1.6437946 1.4795369 1.5203011 1.3241467 1.3743312 1.1594022 1.1932406 1.3598748 1.1508678 1.2295659 1.2495288 1.3480961 1.4295483 1.3202918 0.9324522 0.8509696 0.8653988 0.8700669 0.8697701 0.9677681 1.0007399 1.0130590 0.8486116 0.9884559 1.1364718 0.9255423 0.6496371 0.8983840 0.8528576 0.8060513 1.1943007 1.0433803 0.4826299 0.0000000 1.2373956 1.7393194 1.8415893 1.5281000 1.6671474 1.3671417 1.3130604 1.3660633 1.3356017 1.5434798 1.3544592 1.9250222 2.0735222 2.2188194 1.8751712 1.9352199 1.8624131 1.8487730 1.8342407 1.6162152 2.0075529 2.1191759 2.0426619 1.8389891 1.9771761 
Tcas_TC013356_001                                            1.6453275 1.7444527 1.6842945 1.9433264 1.6911387 1.4497568 1.4353955 1.0586448 0.9814906 1.1431398 1.0451041 1.0922937 1.1844454 1.0192615 1.2699337 1.0863017 1.3509346 1.0812763 1.1413330 1.1386190 1.0034186 1.2345731 1.3107347 1.0781660 1.1145899 1.1115249 1.1471041 1.5239089 1.2529990 1.2796639 1.2731694 1.3179950 1.3467637 1.3082149 1.2641759 1.2373956 0.0000000 1.6722014 1.6339160 1.7510833 1.7887503 1.4877994 1.4460804 1.5680627 1.6219250 1.5116402 1.6499858 2.0364419 2.2836254 2.4537725 1.8775967 2.0759967 1.8091256 1.9851219 1.9266095 1.6544115 1.9607479 2.0932026 1.9771410 1.6968926 1.8866755 
Xestes_snap_masked-XT_scaffold5920-processed-gene-0.4-mRNA-1 1.5847127 1.6421202 1.6211772 1.7508363 1.4016669 1.2124866 1.4255983 1.7390066 1.5528510 1.5559530 1.3783763 1.4780884 1.5551107 1.7017356 1.8934577 1.6187886 1.4653740 1.3136828 1.2612203 1.2626674 1.3208356 1.2385833 1.7259792 1.3274127 1.2523461 1.3851382 1.4933724 1.7861412 1.1250429 1.5215703 1.5505420 1.4689733 1.3110986 1.5184163 1.7169306 1.7393194 1.6722014 0.0000000 0.6445378 1.3140658 2.5146272 1.4287067 1.3837498 1.2756108 1.3491426 1.9282178 1.8940666 2.0685938 2.0828909 2.1010494 1.7972259 1.8445253 1.8001794 1.7688534 1.7688534 1.5210201 1.9466806 1.8232325 1.7858521 1.6418745 1.7392697 
Halamb_c40148_g1_i3m.12416                                   1.6131588 1.5846726 1.7496565 1.7797714 1.3398451 1.2168794 1.1838801 1.5455719 1.4459732 1.4935116 1.4395487 1.3981740 1.4545974 1.6300941 1.7083756 1.4939650 1.5847326 1.3162497 1.2795402 1.2832491 1.3620928 1.3339656 1.6366645 1.3234947 1.2873109 1.5160923 1.7313071 1.7531822 0.9938572 1.4164237 1.5235598 1.4575148 1.2834665 1.3833972 1.6886656 1.8415893 1.6339160 0.6445378 0.0000000 1.6257053 2.3809072 1.5780137 1.5720931 1.3884131 1.4935527 1.6863098 2.1655931 2.1894101 2.6086446 2.7891518 2.0223929 2.0313544 1.9982399 2.0245775 1.9543231 1.7792896 2.1953841 2.1939187 2.0581095 2.0494822 2.0158377 
HoiH23_PlH23_006170-RA                                       1.6796969 1.7271901 1.7858059 1.6007974 1.9617142 1.7653318 1.8162361 1.5994243 1.4363917 1.4948966 1.5277826 1.3333653 1.4043956 1.6854013 1.4999014 1.4999014 1.5752290 1.2873954 1.2421735 1.2502387 1.3235984 1.4248813 1.5785436 1.3453293 1.2618248 1.4323729 1.5588469 1.4562383 1.1740704 1.3938819 1.4183627 1.4407559 1.4252353 1.5855186 1.7021831 1.5281000 1.7510833 1.3140658 1.6257053 0.0000000 0.2254500 0.2292364 0.1692384 0.0332666 0.1447773 1.8042305 1.7335413 2.0779975 1.9869609 2.0818582 2.1245931 2.0438928 2.0613834 2.1640192 2.0409559 1.7697017 2.5432025 2.4010403 2.1494944 2.1753194 2.0552900 
TrH2_TrispH2_008288-RA                                       1.8681717 2.1432065 1.9695003 1.4506420 1.8555119 1.8312049 1.9733018 1.5838803 1.4748861 1.4764061 1.4795145 1.3574285 1.7316661 1.9302119 1.3709114 1.3709114 1.7002476 1.4485358 1.4142195 1.4288422 1.5536499 1.7474084 1.4051100 1.3274580 1.4952624 1.3651242 1.5982129 1.6978194 1.3479917 1.5684613 1.4938999 1.5493436 1.6510414 1.6776324 1.9032771 1.6671474 1.7887503 2.5146272 2.3809072 0.2254500 0.0000000 0.0086497 0.1668416 0.1506464 0.1850165 1.9480142 1.5449288 1.7742208 1.7586941 2.0114158 2.0267706 1.9749981 2.0373381 2.2139762 2.1054697 1.7227749 2.3309409 2.2037518 2.0044784 2.0145856 1.8120244 
Tadh_TriadT63610                                             1.5027472 1.6476560 1.6374142 1.4224656 1.4574629 1.3930628 1.5008856 1.4312029 1.2401665 1.2988611 1.2031107 1.1680198 1.3536189 1.3664917 1.3479458 1.1982616 1.2367114 1.0944417 1.0916038 1.0979513 1.0892932 1.1906947 1.2410143 1.1079184 1.0048803 1.1506078 1.2716399 1.5116461 1.0687657 1.2799551 1.2445922 1.3291410 1.1012994 1.2491493 1.5630403 1.3671417 1.4877994 1.4287067 1.5780137 0.2292364 0.0086497 0.0000000 0.1367619 0.1440985 0.1565053 1.5944822 1.5449288 1.8552457 1.9969048 2.1453248 1.8735396 1.9072027 1.9267945 1.9569763 1.9027541 1.7256027 2.0650204 2.0329059 1.9045731 1.8879110 1.8159358 
Hhon_g05487.t1                                               1.6129074 1.6658731 1.6924914 1.4777053 1.6753288 1.5519377 1.5672811 1.4699391 1.3109043 1.4016366 1.2897722 1.2329754 1.3611445 1.4265173 1.4260375 1.2594052 1.1314112 1.0599543 1.0485386 1.0547001 1.0661943 1.2028195 1.2009227 1.1519886 1.0142495 1.1826516 1.3610009 1.4846245 1.0975048 1.3404938 1.3232022 1.3569811 1.1250984 1.2905541 1.5345335 1.3130604 1.4460804 1.3837498 1.5720931 0.1692384 0.1668416 0.1367619 0.0000000 0.0821745 0.1457703 1.6358934 1.2582484 1.9256107 2.0847715 2.2218940 2.0139130 2.0653584 2.0173290 2.0832618 2.0309941 1.8110795 2.2385813 2.1889828 2.0477189 2.0369664 1.9476328 
HoiH06_mRNA15074                                             1.5908934 1.6128397 1.6732274 1.5572772 1.6587263 1.5042412 1.5995279 1.5286294 1.3439553 1.4246485 1.3327699 1.2346846 1.3978342 1.4252366 1.4545373 1.2765178 1.1900428 1.0920044 1.0802874 1.0869345 1.0876842 1.1017725 1.2867865 1.2170227 1.0824620 1.2314639 1.3603286 1.5366247 1.0578465 1.3150575 1.2916511 1.3600807 1.1694714 1.2963170 1.5916146 1.3660633 1.5680627 1.2756108 1.3884131 0.0332666 0.1506464 0.1440985 0.0821745 0.0000000 0.1056304 1.7241214 1.4654198 1.8822024 2.0464125 2.0724984 1.9657841 2.0101813 1.9711824 1.9805560 1.9805560 1.7964221 2.1799169 2.0595745 2.0236172 2.0194131 1.9431539 
HoiH11_mRNA4920                                              1.6532717 1.7475941 1.7341462 1.5338865 1.5974009 1.4887130 1.5939655 1.5293391 1.3761620 1.4862492 1.3805887 1.3105950 1.3999981 1.5372364 1.5867750 1.4242019 1.2771571 1.1103165 1.1020977 1.1086596 1.1338534 1.1628829 1.2800390 1.1414942 0.9822314 1.1955710 1.3355095 1.4940566 0.9898298 1.2381525 1.2786458 1.3361882 1.1683442 1.3288053 1.5739470 1.3356017 1.6219250 1.3491426 1.4935527 0.1447773 0.1850165 0.1565053 0.1457703 0.1056304 0.0000000 1.8173103 1.5404886 1.8800908 2.0267688 2.0976589 1.9674560 1.9555847 2.0229006 1.9549897 1.8890742 1.6679122 2.2273608 2.0667259 1.8879327 1.8666588 1.7952605 
Dpul_mRNA15478                                               1.6058624 1.8240000 1.7165428 1.4498803 1.6399488 1.5172832 1.6112734 1.1790124 1.1551642 1.1180416 1.0995669 1.0339822 1.1882003 1.2574513 1.3750174 1.1655651 1.3978757 1.1764561 1.2278146 1.2249664 1.3124101 1.2746561 1.4447273 1.1105423 1.1900906 1.2123532 1.3785798 1.7820221 1.1481049 1.4248202 1.2411050 1.2909037 1.2258737 1.3058498 1.7407366 1.5434798 1.5116402 1.9282178 1.6863098 1.8042305 1.9480142 1.5944822 1.6358934 1.7241214 1.8173103 0.0000000 1.4432079 1.9527019 2.2645917 2.4046541 1.9541420 2.1778712 2.0398300 1.8922355 1.8399651 1.6261507 2.0866985 1.9117273 1.7806524 1.7610359 1.7453814 
Morvir_scaffold3.g123.t1                                     1.9179659 2.3737914 2.0108406 1.6848204 2.6491645 2.5182935 2.2983034 1.2507807 1.4628328 1.4164794 1.3595811 1.3789217 1.2559326 2.1582679 1.6909207 1.6909207 1.4447952 1.4590554 1.5097578 1.4993540 1.6975817 2.8080380 1.6148014 1.0950707 1.0889535 1.0663531 1.3672342 1.2775503 0.0000010 1.2008464 0.9665377 0.9333006 1.3373191 1.1346586 1.3849811 1.3544592 1.6499858 1.8940666 2.1655931 1.7335413 1.5449288 1.5449288 1.2582484 1.4654198 1.5404886 1.4432079 0.0000000 1.9742048 1.9371058 2.3194271 1.9288991 2.1355846 1.9635812 1.9191365 1.9247705 1.0390444 2.2457867 2.1300493 2.2936001 3.2065430 1.7678782 
Horcal_Hcv1.av93.c11.g275.i1                                 1.7220103 1.7808889 1.9473923 1.9114943 2.1978606 1.8670555 1.9159381 1.8816308 1.7886334 1.8253187 1.7394054 1.6066087 1.8277023 2.0574648 1.9457396 1.7782456 1.8827580 1.6621917 1.6271268 1.6236077 1.5988610 1.7385947 1.7597346 1.6958173 1.7290615 1.5492919 1.7510572 2.3571138 1.6568148 1.9262013 2.0156882 1.9476397 1.7071757 1.8695801 1.8002993 1.9250222 2.0364419 2.0685938 2.1894101 2.0779975 1.7742208 1.8552457 1.9256107 1.8822024 1.8800908 1.9527019 1.9742048 0.0000000 0.1247373 0.2331450 0.4193171 0.5818773 0.5914216 0.4808594 0.4817675 0.4362340 0.5198154 0.5995798 0.5644913 0.6040200 0.5559188 
Pbac_sb2654589                                               1.9412594 1.9802756 2.1862807 2.2405426 2.4866460 2.1392420 2.1216883 2.1258919 1.9412282 1.9731203 1.9467150 1.7505629 2.0011712 2.2747230 2.1336722 1.9591215 2.1423102 1.7638933 1.7262997 1.7225288 1.7350922 1.8578862 1.8996358 1.8446347 1.8836224 1.7292366 1.9249921 2.3797883 1.9625990 2.0862966 2.1915952 2.0931075 1.8952672 2.0956519 1.9755245 2.0735222 2.2836254 2.0828909 2.6086446 1.9869609 1.7586941 1.9969048 2.0847715 2.0464125 2.0267688 2.2645917 1.9371058 0.1247373 0.0000000 0.0799210 0.5864275 0.7825985 0.7654854 0.6766208 0.6843825 0.6726798 0.7042459 0.7815404 0.7801686 0.8939912 0.7753476 
Pbac_sb2654590                                               2.0783014 2.1342832 2.2824309 2.3804158 2.6409472 2.2824414 2.2858293 2.2201033 2.0081847 2.0703530 2.0271753 1.8388403 2.1138423 2.3409792 2.3031406 2.1203898 2.4288198 1.9050115 1.8645434 1.8604779 1.9319570 1.8471262 2.0820656 1.9419927 2.0112185 1.7781134 1.9534401 2.4485605 1.9625990 2.0849913 2.2883939 2.1905452 1.9698820 2.2025949 2.1774223 2.2188194 2.4537725 2.1010494 2.7891518 2.0818582 2.0114158 2.1453248 2.2218940 2.0724984 2.0976589 2.4046541 2.3194271 0.2331450 0.0799210 0.0000000 0.7266440 0.9163817 0.9085206 0.7944083 0.7654155 0.6679033 0.8308006 0.9204734 0.7801686 0.8939912 0.7753476 
Mlei_ML0943.g42.i1                                           1.8642852 1.9499968 2.0258553 1.7675172 2.1267356 1.7780014 1.9014564 1.7229456 1.6296707 1.7594087 1.5456394 1.5127164 1.8014086 1.8117185 1.8509754 1.6787574 1.9034557 1.6811700 1.6639549 1.6604136 1.6535335 1.6414421 1.8354014 1.6053985 1.6469826 1.4858308 1.7583876 2.1293300 1.4208083 1.6494811 1.7128539 1.7099858 1.6078462 1.7419133 1.8170295 1.8751712 1.8775967 1.7972259 2.0223929 2.1245931 2.0267706 1.8735396 2.0139130 1.9657841 1.9674560 1.9541420 1.9288991 0.4193171 0.5864275 0.7266440 0.0000000 0.2706045 0.3341903 0.3422772 0.3463625 0.3418923 0.4243544 0.4872309 0.5096371 0.5452056 0.4996158 
Beraby_Baby_sb332250                                         1.7889804 1.8422342 1.9072668 1.9001607 2.1241498 1.8501064 1.9562351 1.8377449 1.6840591 1.7690146 1.6067397 1.5451094 1.8739926 1.9142793 1.8864163 1.7271065 2.0071708 1.7007775 1.6845952 1.6809290 1.8257284 1.6772994 1.8339847 1.8035098 1.6880903 1.4794330 1.8707371 2.1705790 1.5080785 1.7744069 1.8612050 1.9479476 1.6437117 1.7586807 1.9714307 1.9352199 2.0759967 1.8445253 2.0313544 2.0438928 1.9749981 1.9072027 2.0653584 2.0101813 1.9555847 2.1778712 2.1355846 0.5818773 0.7825985 0.9163817 0.2706045 0.0000000 0.4410032 0.4428170 0.4427605 0.4659739 0.5097496 0.5760949 0.5776353 0.6046944 0.5694334 
Lampan_Lpan_4891_01                                          1.6293844 1.8227161 1.9302130 1.8851119 2.1854600 1.8482930 1.8119734 1.7008926 1.5708094 1.6384659 1.5668628 1.4907643 1.6896270 1.9160213 1.8305416 1.6783954 1.8461534 1.5524109 1.5341382 1.5307749 1.5673855 1.5648998 1.6940034 1.5003942 1.4962322 1.4333319 1.6912111 2.1547649 1.3309022 1.7782241 1.7955150 1.8407130 1.6089416 1.6021226 1.7990237 1.8624131 1.8091256 1.8001794 1.9982399 2.0613834 2.0373381 1.9267945 2.0173290 1.9711824 2.0229006 2.0398300 1.9635812 0.5914216 0.7654854 0.9085206 0.3341903 0.4410032 0.0000000 0.4417609 0.4405493 0.4619907 0.4600666 0.4793302 0.4683334 0.4537014 0.4452357 
Drygla_Dgla_sb293437                                         1.8479263 2.0564501 2.0703747 1.8326583 2.1265063 1.7552376 1.7052734 1.8093985 1.7436499 1.8579635 1.6791690 1.5585016 1.7944230 1.8091142 2.0285244 1.8213823 1.9386821 1.7485330 1.7147609 1.7110492 1.6719438 1.7296723 1.9872578 1.6023451 1.5941216 1.5160951 1.7244496 2.2680949 1.4296196 1.6345849 1.6996491 1.7705649 1.6857344 1.7929576 1.7610228 1.8487730 1.9851219 1.7688534 2.0245775 2.1640192 2.2139762 1.9569763 2.0832618 1.9805560 1.9549897 1.8922355 1.9191365 0.4808594 0.6766208 0.7944083 0.3422772 0.4428170 0.4417609 0.0000000 0.0000010 0.0116203 0.5716799 0.5707663 0.5348754 0.5655139 0.5440088 
Drygla_Dgla_sb293438                                         1.7626878 1.9701146 2.0048305 1.7561969 2.0846882 1.7116192 1.6598588 1.7682246 1.7030077 1.8342960 1.6407396 1.5193947 1.7449214 1.7373487 1.9781183 1.7680911 1.8529053 1.6949276 1.6610998 1.6573875 1.5928882 1.6323597 1.9236609 1.5636962 1.5447471 1.4745612 1.6727704 2.1813736 1.4296196 1.6345849 1.6728369 1.7446756 1.6402384 1.7460174 1.7203429 1.8342407 1.9266095 1.7688534 1.9543231 2.0409559 2.1054697 1.9027541 2.0309941 1.9805560 1.8890742 1.8399651 1.9247705 0.4817675 0.6843825 0.7654155 0.3463625 0.4427605 0.4405493 0.0000010 0.0000000 0.0116203 0.5750795 0.5740473 0.5348754 0.5655139 0.5440088 
Drygla_Dgla_sb293439                                         1.6502511 1.8027845 1.8376780 1.5926255 1.8282831 1.5274441 1.5382872 1.5018657 1.4999777 1.6263687 1.4235337 1.3222463 1.5616446 1.4786441 1.8379948 1.6052945 1.5786637 1.4831125 1.4786284 1.4747823 1.5073991 1.4263842 1.6891450 1.3906391 1.2659558 1.3317364 1.4630176 1.9426338 1.4296196 1.4617418 1.4482606 1.4898706 1.4768736 1.6675208 1.6026130 1.6162152 1.6544115 1.5210201 1.7792896 1.7697017 1.7227749 1.7256027 1.8110795 1.7964221 1.6679122 1.6261507 1.0390444 0.4362340 0.6726798 0.6679033 0.3418923 0.4659739 0.4619907 0.0116203 0.0116203 0.0000000 0.5577006 0.5542076 0.5076173 0.5531629 0.5076173 
Vmul_SimC386040                                              1.7473728 1.8874862 1.7892881 1.8287948 2.2495227 1.8962684 1.9852678 1.7489649 1.7856341 1.7546502 1.6208895 1.6548527 2.0561368 2.1401813 1.9541648 1.8008311 2.0090757 1.7543009 1.7341278 1.7304557 1.7304153 1.7689505 1.9202419 1.6296496 1.6498900 1.5101523 1.7749183 2.2976820 1.4487591 1.8022486 1.9117051 1.9184077 1.6882184 1.7829556 1.8573122 2.0075529 1.9607479 1.9466806 2.1953841 2.5432025 2.3309409 2.0650204 2.2385813 2.1799169 2.2273608 2.0866985 2.2457867 0.5198154 0.7042459 0.8308006 0.4243544 0.5097496 0.4600666 0.5716799 0.5750795 0.5577006 0.0000000 0.3088934 0.3125603 0.2829730 0.3042992 
Coemet_Cmet_C582274_01                                       1.8256000 1.8599461 1.8413141 1.7068797 2.0839793 1.9141275 2.0995822 1.8427870 1.9322190 1.8183085 1.6285216 1.6635161 1.9437150 2.1185466 1.9612976 1.8007896 1.9057811 1.7420818 1.7156489 1.7119752 1.8000396 1.7906368 1.9723918 1.7269791 1.6203509 1.5300214 1.7902186 2.3840086 1.4235319 1.7848181 1.8900545 1.9148313 1.6446465 1.7881367 2.0511090 2.1191759 2.0932026 1.8232325 2.1939187 2.4010403 2.2037518 2.0329059 2.1889828 2.0595745 2.0667259 1.9117273 2.1300493 0.5995798 0.7815404 0.9204734 0.4872309 0.5760949 0.4793302 0.5707663 0.5740473 0.5542076 0.3088934 0.0000000 0.0107929 0.0131634 0.0165314 
Coeast_Cast_sb779346                                         1.6487857 1.7146331 1.6942167 1.5755393 1.9437970 1.8274570 1.9727691 1.6733148 1.7869456 1.7307783 1.4757467 1.5273936 1.8033774 1.9311165 1.8811994 1.6863946 1.7035406 1.5929951 1.5859326 1.5821664 1.6175852 1.5631655 1.7889117 1.6404661 1.4832985 1.4508049 1.6799799 2.2673497 1.3975013 1.7295739 1.7777501 1.7996850 1.5879774 1.7385181 2.0377801 2.0426619 1.9771410 1.7858521 2.0581095 2.1494944 2.0044784 1.9045731 2.0477189 2.0236172 1.8879327 1.7806524 2.2936001 0.5644913 0.7801686 0.7801686 0.5096371 0.5776353 0.4683334 0.5348754 0.5348754 0.5076173 0.3125603 0.0107929 0.0000000 0.0000010 0.0054297 
