42
Mlei_ML2499.g3.i1                                             0.0000000 4.5610972 4.3536911 5.5593288 5.3673373 5.4266042 5.6901443 7.8401519 5.2663666 5.2664841 3.8892155 4.3695007 3.9615758 4.1184495 3.3379636 3.6390218 4.5836231 5.4733986 5.9191023 5.7756495 5.6737668 5.1106735 5.2650779 4.2536522 3.9983424 4.6686737 4.5428009 4.3889599 4.2524946 3.4667131 2.8121519 3.6204203 5.8210189 5.7977216 4.8356380 4.9821177 4.7341267 4.2845514 4.6603394 4.2707888 5.6393172 5.5034299 
Lcom_lcpid80991                                               4.5610972 0.0000000 1.3285750 3.2122073 3.3548783 3.6542591 3.6064159 4.8310388 3.7021789 4.1612806 3.6060535 3.8174783 3.4147706 3.4252647 3.1768036 3.0304330 4.0959311 3.3422950 4.3841400 4.0087178 3.6542624 3.9687104 4.0719265 3.6313251 3.4867318 4.6378362 4.0746073 3.6453974 3.5284949 4.2487873 4.4257159 4.0426101 3.2958043 3.2962474 3.1632381 4.2151733 3.6130888 4.0619608 3.8871403 2.0385520 4.2143266 4.2309045 
Gracom_Gcom_scaffold13834_01                                  4.3536911 1.3285750 0.0000000 3.4591762 3.4813994 3.6200549 3.5994912 5.3399489 3.4092684 3.7778959 3.7580067 4.1596579 3.4701521 3.7292435 3.5867592 3.8785235 4.1591965 3.7202422 4.4765540 3.8770289 3.6478563 4.0359450 3.6395584 3.6335032 4.3541626 4.9290250 4.3423273 3.5293606 3.3401846 4.2634263 4.5417914 3.9716443 3.6224220 3.5954507 3.4135509 4.4101394 3.1450410 3.5398749 3.4373492 2.2566930 4.9593556 4.3261459 
Spis_XP_022796635_1                                           5.5593288 3.2122073 3.4591762 0.0000000 0.2235514 1.1583170 1.1659632 1.4949492 2.1188712 2.0706393 2.9673544 3.0041327 3.2388633 3.3138854 3.1922966 2.6302566 2.8917394 2.7847992 3.1104921 3.1695329 2.4968707 3.7389492 3.1585881 3.0983657 3.7183293 4.4626457 4.3454875 3.8349228 3.5488083 4.1382183 4.4347631 4.7179595 3.0778348 3.1453053 3.4448735 3.7817534 3.9436869 3.9377189 4.4117202 3.2404594 5.2544748 4.7197515 
Pocdam_XM_027197105.1                                         5.3673373 3.3548783 3.4813994 0.2235514 0.0000000 1.1361453 1.1531235 1.4684854 2.0364846 2.0027534 3.1141388 3.2656496 3.1942248 3.3291688 3.2332020 2.9112222 2.7767513 2.8840374 3.0776903 3.0772575 2.5340236 3.8488028 3.2023744 3.1294889 3.7691879 4.3093509 4.2794560 4.0464218 3.7531144 4.2098070 4.2669710 4.5726829 2.8876777 2.8833122 3.2462265 3.8953288 3.9342856 3.5462314 4.2421424 3.1790044 5.2893028 4.3626308 
Adig_XM_015907399.1                                           5.4266042 3.6542591 3.6200549 1.1583170 1.1361453 0.0000000 0.1247506 1.0527886 2.0347202 1.9930239 3.0996860 3.2469626 3.2319400 3.2121808 3.3461294 2.6291780 2.6701164 2.4237706 2.9695940 2.7528016 2.2651043 3.3978543 2.9456116 3.2225082 3.8334836 4.4668773 3.8514254 4.9790466 3.7212134 4.2971811 4.3012372 4.9187246 3.0060754 3.1130226 3.2817339 3.8671605 3.8788265 3.9789116 4.1567156 3.8223197 5.5960881 4.9492431 
Amil_Amillepora03898-RA                                       5.6901443 3.6064159 3.5994912 1.1659632 1.1531235 0.1247506 0.0000000 1.0783067 1.9340584 1.8390644 3.0480079 3.2564017 3.2928626 3.3764201 3.2531577 2.3408898 2.4102467 2.0422426 2.5931073 2.4847553 2.0556730 3.0305619 2.7924293 3.0142600 3.2021263 4.3533236 3.1416096 3.8092575 3.5706615 3.9852109 4.1590363 5.1030802 2.9724883 3.0663200 3.2958188 3.8507564 3.3703137 4.0640355 3.7003951 4.0284846 5.2779926 4.9931919 
Gfas_gfas1.m1.15690.m1                                        7.8401519 4.8310388 5.3399489 1.4949492 1.4684854 1.0527886 1.0783067 0.0000000 2.8782660 2.8456270 4.1693962 4.5022709 4.1321260 4.6067838 4.5356136 4.4637284 3.9702371 4.7322413 3.9488477 3.9000234 3.2245911 5.2597541 4.4281178 3.8658585 4.0821016 4.6648277 5.0149101 7.6877534 6.5914627 4.8497613 5.0990724 5.3914456 4.5326518 4.6979848 4.6801860 5.3663510 5.8236610 5.2777997 5.5578229 5.2213953 7.0073495 5.8059833 
Nvec_v1g246113                                                5.2663666 3.7021789 3.4092684 2.1188712 2.0364846 2.0347202 1.9340584 2.8782660 0.0000000 1.6480609 3.1013419 3.0916802 3.2592648 3.2372130 3.1738874 2.9048598 2.9389572 2.7494915 3.0539191 2.8306431 2.6798114 3.8455695 3.2143126 3.1031744 3.5723806 4.3168934 3.3504027 4.4094019 4.2080119 3.7283803 3.6814855 4.4317670 3.0190430 3.0817904 2.9636892 4.1912448 4.0601480 3.5582594 3.6358636 3.7138328 4.0877544 4.0407770 
Exapal_XM_021058214.2                                         5.2664841 4.1612806 3.7778959 2.0706393 2.0027534 1.9930239 1.8390644 2.8456270 1.6480609 0.0000000 2.6594622 2.6694263 2.7889962 2.6576261 3.0406794 2.5558468 3.0068510 3.4974375 3.2342372 3.1911591 2.8492597 3.1962016 2.9473073 2.7806020 4.1176003 4.4846032 4.0146059 3.5553516 3.6251720 4.0498839 3.7279801 4.1884364 3.2052377 3.2718058 3.1713488 4.0592751 3.4947424 3.3754073 4.1878964 3.6572174 4.8063115 3.7982980 
HoiH23_PlH23_003468-RA                                        3.8892155 3.6060535 3.7580067 2.9673544 3.1141388 3.0996860 3.0480079 4.1693962 3.1013419 2.6594622 0.0000000 0.1298314 0.3969375 0.4630472 0.7058349 0.6998194 3.2879509 3.3657948 4.1749298 4.0531180 3.0373810 3.7446738 3.3332261 3.6159034 3.9767100 4.1667152 3.5916801 4.9689480 4.0173270 4.0484664 3.6397397 4.0465190 3.8367352 3.8564234 3.7537023 3.8427143 3.4811039 3.9613081 4.5369396 4.7982037 5.1569145 4.1115124 
HoiH06_mRNA13424                                              4.3695007 3.8174783 4.1596579 3.0041327 3.2656496 3.2469626 3.2564017 4.5022709 3.0916802 2.6694263 0.1298314 0.0000000 0.4170494 0.3809560 0.7568003 0.6698860 3.3896169 3.3554114 3.9688095 4.0539122 3.0462024 3.8453296 3.5367700 3.6234756 4.2058220 4.4804490 3.5086505 4.8806219 3.7150710 4.8274655 3.9423767 4.5978977 3.7168482 3.7581946 3.6179769 3.9411099 3.6141070 3.9113423 4.6730397 4.5534003 5.5807806 4.2080286 
Hhon_g00878.t1                                                3.9615758 3.4147706 3.4701521 3.2388633 3.1942248 3.2319400 3.2928626 4.1321260 3.2592648 2.7889962 0.3969375 0.4170494 0.0000000 0.0381277 0.7438613 0.7848888 3.3684487 3.2057172 4.1989778 4.0258621 3.1071538 3.4149015 3.6538921 3.1745747 3.8685197 4.0060378 3.6989512 4.7082210 3.6585222 3.5965937 3.1660065 3.8270415 3.4837686 3.4908555 3.3954853 3.5541145 3.4570961 3.7239132 4.1580779 4.1592945 4.8829206 3.6839232 
HoiH04_mRNA1604                                               4.1184495 3.4252647 3.7292435 3.3138854 3.3291688 3.2121808 3.3764201 4.6067838 3.2372130 2.6576261 0.4630472 0.3809560 0.0381277 0.0000000 0.8142454 0.8007362 3.2983484 3.2195220 4.0805243 3.9208103 3.1991557 3.4021743 3.5063005 3.1075782 3.9071096 4.0801724 3.6939695 4.7285996 3.5898491 3.9993243 3.5084546 4.3675784 3.3402488 3.3641412 3.2283061 3.9294311 3.3603925 3.7697764 4.2322557 4.1648660 5.0467174 3.5971976 
TrH2_TrispH2_006572-RA                                        3.3379636 3.1768036 3.5867592 3.1922966 3.2332020 3.3461294 3.2531577 4.5356136 3.1738874 3.0406794 0.7058349 0.7568003 0.7438613 0.8142454 0.0000000 0.0108420 3.3543760 3.1959560 3.9706412 3.9425491 3.1784920 3.5535253 3.4674140 3.4394234 3.5498843 4.0219910 3.6900872 4.6514534 3.6698512 3.7394186 3.5162007 4.1399803 3.5829161 3.6242558 3.4323441 4.0230853 3.2987827 3.5085550 3.9843262 3.6314030 4.6214435 3.9908606 
Tadh_TriadT58546                                              3.6390218 3.0304330 3.8785235 2.6302566 2.9112222 2.6291780 2.3408898 4.4637284 2.9048598 2.5558468 0.6998194 0.6698860 0.7848888 0.8007362 0.0108420 0.0000000 2.9824692 3.1577119 3.4789740 3.3775303 2.5570810 2.7717836 3.1148754 2.9141108 3.7756454 3.9105541 3.9957862 4.7498902 3.7292523 4.3501551 4.1635874 5.0615955 3.5570089 3.8052838 3.1974966 3.7673645 3.1855886 3.1608103 4.0836178 3.6495858 5.0904062 3.9256356 
Sanmal_Sma_026614-T1                                          4.5836231 4.0959311 4.1591965 2.8917394 2.7767513 2.6701164 2.4102467 3.9702371 2.9389572 3.0068510 3.2879509 3.3896169 3.3684487 3.2983484 3.3543760 2.9824692 0.0000000 0.8130345 1.1634499 1.1451356 2.0818370 2.7507834 2.6527992 3.3482065 3.8768529 4.7806446 4.6817389 4.7887339 3.7991484 4.4964000 3.6628034 4.9429436 3.3070317 3.3001729 3.2551661 4.2653191 3.8114330 3.7731335 4.0273860 3.9255878 4.4377715 3.7835063 
Aaur_scaffold288.g5.t1                                        5.4733986 3.3422950 3.7202422 2.7847992 2.8840374 2.4237706 2.0422426 4.7322413 2.7494915 3.4974375 3.3657948 3.3554114 3.2057172 3.2195220 3.1959560 3.1577119 0.8130345 0.0000000 0.8428246 0.7769432 1.7863357 2.4234051 2.5402381 3.4418536 4.4944773 4.5873681 4.3889548 5.0652088 3.6588938 5.5934525 4.2899157 5.3468310 3.7665234 3.8475755 3.4063752 4.3798550 3.8231624 3.9467272 4.0344835 3.9465297 4.5251492 4.4730727 
Nemnom_g2330.t1                                               5.9191023 4.3841400 4.4765540 3.1104921 3.0776903 2.9695940 2.5931073 3.9488477 3.0539191 3.2342372 4.1749298 3.9688095 4.1989778 4.0805243 3.9706412 3.4789740 1.1634499 0.8428246 0.0000000 0.3370231 2.0119698 2.6823846 2.5805536 3.6906826 4.4111886 4.7278266 4.7724343 4.9859770 3.8360814 4.5124328 3.9396072 4.9949224 3.1915143 3.1669136 3.0966585 4.3155945 4.1465553 4.3797271 3.9758567 4.4663790 4.5982835 4.0452548 
Rhoesc_Res_001831-T1                                          5.7756495 4.0087178 3.8770289 3.1695329 3.0772575 2.7528016 2.4847553 3.9000234 2.8306431 3.1911591 4.0531180 4.0539122 4.0258621 3.9208103 3.9425491 3.3775303 1.1451356 0.7769432 0.3370231 0.0000000 1.8523576 2.6229831 2.5707169 3.5724303 4.2504708 4.7756330 4.6646165 5.0117356 4.1008795 4.5272457 4.0822289 5.0530850 3.2711091 3.2279233 3.0350017 3.8787085 3.9084769 4.2687060 3.8573032 3.7063337 4.4369118 3.8734062 
Morvir_scaffold140.g17.t1                                     5.6737668 3.6542624 3.6478563 2.4968707 2.5340236 2.2651043 2.0556730 3.2245911 2.6798114 2.8492597 3.0373810 3.0462024 3.1071538 3.1991557 3.1784920 2.5570810 2.0818370 1.7863357 2.0119698 1.8523576 0.0000000 2.6296962 2.5019061 2.9776033 4.0940377 4.7968471 4.4099167 4.3137427 4.0844288 4.1523018 3.8236453 4.8316082 2.7718488 2.7229680 2.8632150 3.9172999 3.9532278 3.5523663 4.0061665 4.1509473 5.1615808 4.4825418 
Hvul_g27546_1                                                 5.1106735 3.9687104 4.0359450 3.7389492 3.8488028 3.3978543 3.0305619 5.2597541 3.8455695 3.1962016 3.7446738 3.8453296 3.4149015 3.4021743 3.5535253 2.7717836 2.7507834 2.4234051 2.6823846 2.6229831 2.6296962 0.0000000 1.9401642 3.5936995 4.1108276 4.7266506 4.4756176 4.6120247 4.2946568 4.3060546 4.1726367 5.0547668 4.1669233 4.1066334 3.9683998 4.6956086 4.0014253 4.4546662 4.4185197 3.9677378 4.6927926 4.1295626 
Chem_TCONS_00055993                                           5.2650779 4.0719265 3.6395584 3.1585881 3.2023744 2.9456116 2.7924293 4.4281178 3.2143126 2.9473073 3.3332261 3.5367700 3.6538921 3.5063005 3.4674140 3.1148754 2.6527992 2.5402381 2.5805536 2.5707169 2.5019061 1.9401642 0.0000000 3.0885799 3.2914573 4.0540047 4.1219723 4.7656073 3.3236777 3.7318197 4.2584341 4.8279781 3.5272140 3.5057135 3.4069093 4.5328138 3.4393571 3.5621237 4.3784711 3.9415011 4.4756927 3.6925023 
Bralan_BLAG03001425_1                                         4.2536522 3.6313251 3.6335032 3.0983657 3.1294889 3.2225082 3.0142600 3.8658585 3.1031744 2.7806020 3.6159034 3.6234756 3.1745747 3.1075782 3.4394234 2.9141108 3.3482065 3.4418536 3.6906826 3.5724303 2.9776033 3.5936995 3.0885799 0.0000000 3.4923766 4.2841914 3.8591286 3.9099532 3.7754157 4.8095905 5.1376200 4.6610586 3.4248508 3.4638871 3.8031363 3.1621622 3.0444570 2.7920693 3.0392328 3.3705902 3.6790076 3.7042299 
Aque_Aqu2.1.11527_001                                         3.9983424 3.4867318 4.3541626 3.7183293 3.7691879 3.8334836 3.2021263 4.0821016 3.5723806 4.1176003 3.9767100 4.2058220 3.8685197 3.9071096 3.5498843 3.7756454 3.8768529 4.4944773 4.4111886 4.2504708 4.0940377 4.1108276 3.2914573 3.4923766 0.0000000 0.0161425 1.0208781 2.4922939 1.7141019 3.2958073 3.0750291 2.7434199 4.5336500 4.5476492 3.5750313 3.5501506 4.1692733 4.0734435 4.5538482 3.9216929 4.0226046 3.4619929 
Aque_Aqu2.1.20847_001                                         4.6686737 4.6378362 4.9290250 4.4626457 4.3093509 4.4668773 4.3533236 4.6648277 4.3168934 4.4846032 4.1667152 4.4804490 4.0060378 4.0801724 4.0219910 3.9105541 4.7806446 4.5873681 4.7278266 4.7756330 4.7968471 4.7266506 4.0540047 4.2841914 0.0161425 0.0000000 0.9913981 2.6685130 1.8109668 4.3871644 4.1613501 3.4465085 4.6411607 4.5589529 3.9950157 4.5075934 4.2649473 4.4825177 4.6580951 4.0725285 4.4972555 4.1817876 
Halamb_c50713_g1_i4mm.3600                                    4.5428009 4.0746073 4.3423273 4.3454875 4.2794560 3.8514254 3.1416096 5.0149101 3.3504027 4.0146059 3.5916801 3.5086505 3.6989512 3.6939695 3.6900872 3.9957862 4.6817389 4.3889548 4.7724343 4.6646165 4.4099167 4.4756176 4.1219723 3.8591286 1.0208781 0.9913981 0.0000000 3.0642156 1.6548055 4.0747869 3.6944064 3.6341712 4.8943905 4.7608988 4.0912863 3.9312116 5.0250655 4.9815310 4.3583063 4.0102977 4.2694602 4.0328770 
Spolac_c97443_g1_i2_m.15034c97443-g1                          4.3889599 3.6453974 3.5293606 3.8349228 4.0464218 4.9790466 3.8092575 7.6877534 4.4094019 3.5553516 4.9689480 4.8806219 4.7082210 4.7285996 4.6514534 4.7498902 4.7887339 5.0652088 4.9859770 5.0117356 4.3137427 4.6120247 4.7656073 3.9099532 2.4922939 2.6685130 3.0642156 0.0000000 1.2708070 4.3017589 4.0006639 4.0348464 5.0192045 4.9783861 4.6239196 3.2786742 3.5312947 4.3980078 4.7136859 4.0856074 4.5255986 4.4972984 
Stycar_snap_masked-SC_scaffold22192-processed-gene-0.1-mRNA-1 4.2524946 3.5284949 3.3401846 3.5488083 3.7531144 3.7212134 3.5706615 6.5914627 4.2080119 3.6251720 4.0173270 3.7150710 3.6585222 3.5898491 3.6698512 3.7292523 3.7991484 3.6588938 3.8360814 4.1008795 4.0844288 4.2946568 3.3236777 3.7754157 1.7141019 1.8109668 1.6548055 1.2708070 0.0000000 3.4809076 3.5722318 4.1502404 3.7256064 3.7108262 4.2235912 2.4954013 2.9845521 3.7523244 4.5807800 3.0445998 4.7658179 3.8592043 
Coemet_Cmet_C594947_01                                        3.4667131 4.2487873 4.2634263 4.1382183 4.2098070 4.2971811 3.9852109 4.8497613 3.7283803 4.0498839 4.0484664 4.8274655 3.5965937 3.9993243 3.7394186 4.3501551 4.4964000 5.5934525 4.5124328 4.5272457 4.1523018 4.3060546 3.7318197 4.8095905 3.2958073 4.3871644 4.0747869 4.3017589 3.4809076 0.0000000 1.8370070 3.2805938 3.7954021 3.8757193 3.7276022 5.1773991 5.0326587 4.8356682 4.4541011 4.5123228 4.2521290 4.5811176 
Lampan_Lpan_C409321_01                                        2.8121519 4.4257159 4.5417914 4.4347631 4.2669710 4.3012372 4.1590363 5.0990724 3.6814855 3.7279801 3.6397397 3.9423767 3.1660065 3.5084546 3.5162007 4.1635874 3.6628034 4.2899157 3.9396072 4.0822289 3.8236453 4.1726367 4.2584341 5.1376200 3.0750291 4.1613501 3.6944064 4.0006639 3.5722318 1.8370070 0.0000000 2.5384436 4.3289952 4.4259353 4.1395277 4.5623738 5.0082549 5.4005638 4.6975761 4.6333870 5.1910227 4.0866399 
Horcal_Hcv1.av93.c8.g113.i1                                   3.6204203 4.0426101 3.9716443 4.7179595 4.5726829 4.9187246 5.1030802 5.3914456 4.4317670 4.1884364 4.0465190 4.5978977 3.8270415 4.3675784 4.1399803 5.0615955 4.9429436 5.3468310 4.9949224 5.0530850 4.8316082 5.0547668 4.8279781 4.6610586 2.7434199 3.4465085 3.6341712 4.0348464 4.1502404 3.2805938 2.5384436 0.0000000 4.5089646 4.4743240 4.4236459 4.0817984 5.0217960 5.2988075 5.3385561 5.3564538 5.1494070 5.1165672 
Dgig_XM_028547466.1                                           5.8210189 3.2958043 3.6224220 3.0778348 2.8876777 3.0060754 2.9724883 4.5326518 3.0190430 3.2052377 3.8367352 3.7168482 3.4837686 3.3402488 3.5829161 3.5570089 3.3070317 3.7665234 3.1915143 3.2711091 2.7718488 4.1669233 3.5272140 3.4248508 4.5336500 4.6411607 4.8943905 5.0192045 3.7256064 3.7954021 4.3289952 4.5089646 0.0000000 0.0282374 0.6367645 3.9587576 4.2230938 3.6843041 4.0518361 4.0484239 4.2607561 4.8144075 
Dgig_XM_028559295.1                                           5.7977216 3.2962474 3.5954507 3.1453053 2.8833122 3.1130226 3.0663200 4.6979848 3.0817904 3.2718058 3.8564234 3.7581946 3.4908555 3.3641412 3.6242558 3.8052838 3.3001729 3.8475755 3.1669136 3.2279233 2.7229680 4.1066334 3.5057135 3.4638871 4.5476492 4.5589529 4.7608988 4.9783861 3.7108262 3.8757193 4.4259353 4.4743240 0.0282374 0.0000000 0.6372224 4.0451568 4.3093734 3.6362952 4.1000779 3.9913651 4.2928945 4.7944343 
Xesp_013685-T1                                                4.8356380 3.1632381 3.4135509 3.4448735 3.2462265 3.2817339 3.2958188 4.6801860 2.9636892 3.1713488 3.7537023 3.6179769 3.3954853 3.2283061 3.4323441 3.1974966 3.2551661 3.4063752 3.0966585 3.0350017 2.8632150 3.9683998 3.4069093 3.8031363 3.5750313 3.9950157 4.0912863 4.6239196 4.2235912 3.7276022 4.1395277 4.4236459 0.6367645 0.6372224 0.0000000 4.1602141 4.1074026 3.7248729 4.2960119 3.7558175 4.1408735 4.0948345 
Hsap_ENST00000423811                                          4.9821177 4.2151733 4.4101394 3.7817534 3.8953288 3.8671605 3.8507564 5.3663510 4.1912448 4.0592751 3.8427143 3.9411099 3.5541145 3.9294311 4.0230853 3.7673645 4.2653191 4.3798550 4.3155945 3.8787085 3.9172999 4.6956086 4.5328138 3.1621622 3.5501506 4.5075934 3.9312116 3.2786742 2.4954013 5.1773991 4.5623738 4.0817984 3.9587576 4.0451568 4.1602141 0.0000000 3.8127234 3.7128125 4.2082360 3.6606543 4.9224137 4.1427434 
Cgig_XM_034474945.1                                           4.7341267 3.6130888 3.1450410 3.9436869 3.9342856 3.8788265 3.3703137 5.8236610 4.0601480 3.4947424 3.4811039 3.6141070 3.4570961 3.3603925 3.2987827 3.1855886 3.8114330 3.8231624 4.1465553 3.9084769 3.9532278 4.0014253 3.4393571 3.0444570 4.1692733 4.2649473 5.0250655 3.5312947 2.9845521 5.0326587 5.0082549 5.0217960 4.2230938 4.3093734 4.1074026 3.8127234 0.0000000 1.7559957 3.7036480 3.8841133 4.9157752 4.4091739 
Acagra_model.g18406.t1.1.5d3b898d                             4.2845514 4.0619608 3.5398749 3.9377189 3.5462314 3.9789116 4.0640355 5.2777997 3.5582594 3.3754073 3.9613081 3.9113423 3.7239132 3.7697764 3.5085550 3.1608103 3.7731335 3.9467272 4.3797271 4.2687060 3.5523663 4.4546662 3.5621237 2.7920693 4.0734435 4.4825177 4.9815310 4.3980078 3.7523244 4.8356682 5.4005638 5.2988075 3.6843041 3.6362952 3.7248729 3.7128125 1.7559957 0.0000000 3.5481475 3.4941548 5.1513044 4.2763359 
Spur_XM_011681957.2                                           4.6603394 3.8871403 3.4373492 4.4117202 4.2421424 4.1567156 3.7003951 5.5578229 3.6358636 4.1878964 4.5369396 4.6730397 4.1580779 4.2322557 3.9843262 4.0836178 4.0273860 4.0344835 3.9758567 3.8573032 4.0061665 4.4185197 4.3784711 3.0392328 4.5538482 4.6580951 4.3583063 4.7136859 4.5807800 4.4541011 4.6975761 5.3385561 4.0518361 4.1000779 4.2960119 4.2082360 3.7036480 3.5481475 0.0000000 3.7596336 5.3785530 5.1539389 
Clacor_Ccor_C536133_01                                        4.2707888 2.0385520 2.2566930 3.2404594 3.1790044 3.8223197 4.0284846 5.2213953 3.7138328 3.6572174 4.7982037 4.5534003 4.1592945 4.1648660 3.6314030 3.6495858 3.9255878 3.9465297 4.4663790 3.7063337 4.1509473 3.9677378 3.9415011 3.3705902 3.9216929 4.0725285 4.0102977 4.0856074 3.0445998 4.5123228 4.6333870 5.3564538 4.0484239 3.9913651 3.7558175 3.6606543 3.8841133 3.4941548 3.7596336 0.0000000 3.8801332 3.9635134 
Opea_EP00118_Oscarella_pearsei_P027679                        5.6393172 4.2143266 4.9593556 5.2544748 5.2893028 5.5960881 5.2779926 7.0073495 4.0877544 4.8063115 5.1569145 5.5807806 4.8829206 5.0467174 4.6214435 5.0904062 4.4377715 4.5251492 4.5982835 4.4369118 5.1615808 4.6927926 4.4756927 3.6790076 4.0226046 4.4972555 4.2694602 4.5255986 4.7658179 4.2521290 5.1910227 5.1494070 4.2607561 4.2928945 4.1408735 4.9224137 4.9157752 5.1513044 5.3785530 3.8801332 0.0000000 2.2455809 
Plajan_Pjan_C566668_01                                        5.5034299 4.2309045 4.3261459 4.7197515 4.3626308 4.9492431 4.9931919 5.8059833 4.0407770 3.7982980 4.1115124 4.2080286 3.6839232 3.5971976 3.9908606 3.9256356 3.7835063 4.4730727 4.0452548 3.8734062 4.4825418 4.1295626 3.6925023 3.7042299 3.4619929 4.1817876 4.0328770 4.4972984 3.8592043 4.5811176 4.0866399 5.1165672 4.8144075 4.7944343 4.0948345 4.1427434 4.4091739 4.2763359 5.1539389 3.9635134 2.2455809 0.0000000 
