66
Xestes_maker-XT_scaffold1396-snap-gene-0.33-mRNA-1      0.0000000 0.4081640 0.4540765 0.3796679 1.1120870 1.1063324 1.0686754 0.9823579 1.5420197 1.5302278 1.4943131 1.5328135 1.4962802 1.5025329 1.5381751 1.3902079 1.4662962 1.7743634 1.7906913 1.6387677 1.5997717 1.7218819 1.5768509 1.5231153 1.4179339 1.7817501 1.8983894 1.8634335 1.9935983 1.9935983 1.9170875 2.0101948 1.5312742 1.9954144 1.7228846 1.8881342 1.8051490 1.8624171 1.7281270 1.4360281 1.9046635 1.5415259 1.7488616 1.8350340 1.8866050 1.7299099 1.9852705 2.2730968 2.0432099 2.2868895 2.6069343 1.4360958 2.3957301 2.5877200 2.5652487 2.4115476 2.4270666 2.4270666 2.6125064 2.6125064 2.5936524 2.6595845 2.7133977 2.7670028 2.1229904 4.1103918 
Halamb_c63521_g1_i1m.45867                              0.4081640 0.0000000 0.2222665 0.2923175 1.1858167 1.3992626 1.1810535 1.1212219 1.7560849 1.7259239 1.7872584 1.8295213 1.7493597 1.7109435 1.8004704 1.3283722 1.4455822 1.9490295 1.8623683 1.4463863 1.5180845 1.6749725 1.6063314 1.6910315 1.9040349 1.7630455 2.3890485 2.3729746 2.3242810 2.3242810 2.1596262 2.2603492 1.5639204 2.1994127 2.5575112 2.0020042 2.5118568 2.5473453 1.7954326 1.5469081 2.1672815 1.8716065 1.8951505 1.6146085 2.1327782 2.1327782 2.5960077 2.6373021 2.3595861 2.1476420 2.0388452 2.0158043 2.2439640 3.5906666 3.6613031 3.2934195 3.6715188 3.6715188 3.6157502 3.6157502 3.3374539 3.3052743 3.4112604 3.5379429 2.7181873 3.4856821 
Halamb_c36946_g1_i1m.9621                               0.4540765 0.2222665 0.0000000 0.4367755 1.2608746 1.3596960 1.2853287 1.2039228 1.7806599 1.7912300 1.7605980 2.0123186 1.7452727 1.8208214 1.8190766 1.5708559 1.7058987 1.9212330 2.0267366 1.6310816 1.6173092 1.8108386 1.6057756 1.5887801 2.0724019 1.9439310 2.3074216 2.3459106 2.2224532 2.2224532 2.2862643 2.5832351 1.8202471 2.3938327 2.6075126 2.1328713 2.8051727 2.6355142 1.9645215 2.1166432 2.2307646 2.1124240 2.1314620 1.7906057 2.4391797 2.4035379 2.6170065 2.9182872 2.6023031 2.6268289 2.6660082 2.3580011 2.7471655 3.0174554 3.0779126 2.7648001 2.8890982 2.8890982 2.8518282 2.8518282 2.8152669 2.7590075 2.6268951 2.6878576 2.2522545 4.2890854 
Aque_Aqu2.1.31945_001                                   0.3796679 0.2923175 0.4367755 0.0000000 1.4771963 1.5813939 1.3421254 1.1995000 2.1555104 2.0325392 2.0578807 2.2106059 2.0456361 2.0128439 1.9754050 1.7465395 1.9009626 2.2143361 2.1306608 1.8058924 1.6572893 1.8453174 1.7571811 1.7852346 1.9970052 2.0362465 2.6818339 2.7415100 2.6535953 2.6535953 2.3637403 2.9125977 1.9175658 2.4731197 2.4821103 2.0758955 2.8522342 2.6953165 2.2133120 2.2015356 2.7222539 2.2075499 2.3073997 2.0917445 2.2503226 2.3350515 2.6237603 2.8718907 2.5315304 2.5995399 2.7463052 2.3195258 2.6056683 2.9443217 3.0954499 2.6581118 2.6505485 2.6505485 2.6934585 2.6934585 2.7053954 2.5075626 2.6774100 2.6978742 2.3864988 4.3575252 
Emue_Em0001g92a.t1                                      1.1120870 1.1858167 1.2608746 1.4771963 0.0000000 0.3389440 1.1341291 0.8136638 2.0516487 2.0654053 1.9575932 2.0689565 1.9291108 1.9717917 1.8642028 1.7028209 1.9073703 1.9731649 2.0204625 2.1202718 2.3316136 2.3120159 2.2904980 2.0850278 2.1825230 2.7226460 2.5430385 2.5121049 2.4554283 2.4554283 2.1150218 2.4207275 1.8932622 2.4307224 2.6140805 2.3612447 3.0277710 3.0354992 2.2958605 2.2555636 2.1912774 2.3684068 2.2314894 1.8579867 2.3829911 2.4541953 2.3299513 2.6749440 2.7861223 3.1244316 2.9482099 2.0739571 2.7275137 3.4798601 3.2843889 3.1691731 3.2174884 3.2174884 3.3890627 3.3890627 2.9369509 2.8671829 3.1800284 2.8660708 2.6124239 4.2393175 
Spolac_c96435_g1_i1_m.13084c96435-g1                    1.1063324 1.3992626 1.3596960 1.5813939 0.3389440 0.0000000 1.1264021 0.7208997 1.9981808 1.9749309 1.8681180 2.0906936 1.8515874 1.7748360 1.7335976 1.5157024 1.7568886 1.8823809 1.9027925 1.8658782 2.2120418 2.2926775 2.3032162 1.9915720 2.0520729 2.3204429 2.4049351 2.3851277 2.2653295 2.2653295 2.0135533 2.3513785 1.7759850 2.1715456 2.4821861 2.1349959 2.9037769 2.7988766 2.2248613 2.1158370 1.9941497 2.2169207 2.1871844 1.8405506 2.1463293 2.0342214 2.0880411 2.2873919 2.8301221 2.7934337 2.9730165 1.8631097 2.7404101 3.0735064 3.0388937 2.7223362 2.8883220 2.8883220 3.0888295 3.0888295 2.6111625 2.6962995 2.6538032 2.6021271 2.5926904 3.8799869 
Tetwil_g5096.t1                                         1.0686754 1.1810535 1.2853287 1.3421254 1.1341291 1.1264021 0.0000000 0.6455867 1.7462086 1.6446517 1.5534528 1.8236240 1.5970443 1.8364121 1.5690854 1.5151110 1.8068019 1.7168311 1.8120086 1.7800926 1.9550957 2.1132359 2.0669425 1.8572953 2.3682685 2.1048131 1.8566507 1.8541736 1.8257461 1.8257461 1.4763923 2.0916585 1.8565437 2.2823470 2.3333570 1.9648542 2.8242444 2.6986767 2.5289179 1.9560739 2.2459584 1.9629653 2.1462537 2.0518438 2.0525971 2.1468080 2.1591503 2.6162943 2.4760241 2.2156151 2.5395158 1.8107016 2.6635961 2.3455910 2.3120707 2.3137956 2.1728112 2.1728112 2.3667370 2.3667370 1.9501872 2.2119574 2.2319900 2.3740298 2.2732230 4.0315081 
Stycar_maker-SC_scaffold103756-augustus-gene-0.6-mRNA-1 0.9823579 1.1212219 1.2039228 1.1995000 0.8136638 0.7208997 0.6455867 0.0000000 1.4364735 1.3776273 1.4170208 1.5633518 1.3649950 1.3459865 1.2571251 1.2848551 1.5023570 1.3223260 1.3971988 1.5757459 1.8509168 1.9748158 1.9128806 1.6133500 1.7126257 2.0057811 1.7566436 1.7666206 1.7317732 1.7317732 1.5275812 1.7569113 1.4227273 1.8624350 1.7700528 1.7307940 1.9936008 2.1981890 1.7511664 1.5562680 1.5433227 1.8293392 1.6118746 1.6213127 2.0329719 1.9243719 2.0457864 2.1972942 2.2995291 2.1268028 2.2005800 1.5737577 2.0601789 2.7236867 2.6238150 2.3787862 2.2993394 2.2993394 2.3933343 2.3933343 2.2211226 2.3065960 2.3219337 2.5313330 2.2741133 3.2849378 
Fspp_ffun1.m4.8168.m1                                   1.5420197 1.7560849 1.7806599 2.1555104 2.0516487 1.9981808 1.7462086 1.4364735 0.0000000 0.1087349 0.1376644 0.1391676 0.1304546 0.2848787 0.2837138 0.5611926 0.5759192 1.0402639 1.1085270 1.0712429 1.3916324 1.3513611 1.3749177 1.4336692 1.4061801 1.3443139 1.3084837 1.3427749 1.3378404 1.3378404 1.2626100 1.3180439 1.3065397 1.3140092 1.6904526 1.5099490 1.7199298 1.6924097 1.5544642 1.4154659 1.5292990 1.5390909 1.5184164 1.4736839 1.4990991 1.4504910 1.2104925 1.5189675 1.8927795 2.4230991 2.2222825 2.1050045 1.8827854 1.9417948 1.9550003 1.7853321 1.6750337 1.6750337 1.5716869 1.5716869 1.5611482 1.6443805 2.0153525 1.7085573 1.7347446 2.8389029 
Spis_XP_022797482_1                                     1.5302278 1.7259239 1.7912300 2.0325392 2.0654053 1.9749309 1.6446517 1.3776273 0.1087349 0.0000000 0.0645492 0.1958505 0.1383538 0.2757169 0.2789079 0.5419861 0.5761905 1.0287409 1.0915890 1.0719510 1.3718333 1.4244863 1.4265031 1.3714762 1.3967109 1.3178048 1.2776654 1.3156955 1.3164018 1.3164018 1.2266936 1.3219497 1.2345511 1.3706561 1.5956632 1.4848744 1.6015267 1.6062849 1.4025871 1.3259526 1.3852129 1.4552372 1.4421332 1.4837607 1.4657143 1.4313594 1.2842516 1.5915115 1.9469271 2.4702865 2.1064876 2.0323421 1.7973475 1.8626085 1.8686754 1.6994968 1.6334860 1.6334860 1.5870402 1.5870402 1.5915674 1.7558665 2.0184068 1.7909725 1.8032264 2.5299095 
Pocdam_XM_027179963.1                                   1.4943131 1.7872584 1.7605980 2.0578807 1.9575932 1.8681180 1.5534528 1.4170208 0.1376644 0.0645492 0.0000000 0.2179837 0.1633149 0.2987208 0.3115514 0.5144006 0.5853655 0.9938283 1.0601249 1.0939857 1.3845968 1.4379635 1.3986014 1.3760009 1.4809079 1.3273715 1.2556023 1.2927071 1.2839426 1.2839426 1.2046950 1.3481317 1.2464430 1.3028416 1.6104491 1.4860181 1.6963758 1.6714510 1.4270255 1.3262835 1.3755749 1.4945918 1.4678699 1.3986044 1.5335292 1.5318905 1.3669577 1.6324530 1.8588572 2.3674467 2.2479478 2.0598639 1.7894630 1.8508531 1.8573208 1.7630101 1.6372061 1.6372061 1.5767313 1.5767313 1.5873108 1.7678851 2.0819490 1.8105155 1.8078057 2.5118549 
Gasp_gasp1.m3.13795.m1                                  1.5328135 1.8295213 2.0123186 2.2106059 2.0689565 2.0906936 1.8236240 1.5633518 0.1391676 0.1958505 0.2179837 0.0000000 0.1917909 0.3643274 0.3511996 0.6132310 0.6528152 1.1204029 1.1715947 1.1027821 1.4050918 1.3365789 1.3926834 1.3860198 1.4364799 1.3999718 1.2666769 1.3003575 1.3269724 1.3269724 1.2213599 1.3820162 1.2940105 1.4232329 1.6637657 1.4128508 1.9566033 1.8438754 1.5885729 1.3680826 1.5210765 1.6020660 1.5904217 1.6738678 1.5958273 1.5274199 1.2844602 1.5758341 1.9477055 2.5884133 2.1723142 1.9800669 1.8125298 1.8969355 1.8815661 1.8111136 1.7475183 1.7475183 1.6972242 1.6972242 1.6205051 1.7196890 1.9969081 1.7481397 1.7799049 2.9336674 
Gfas_gfas1.m1.18325.m1                                  1.4962802 1.7493597 1.7452727 2.0456361 1.9291108 1.8515874 1.5970443 1.3649950 0.1304546 0.1383538 0.1633149 0.1917909 0.0000000 0.1928417 0.2164088 0.5118536 0.5641551 0.9129545 0.9996356 1.0524038 1.4362041 1.4432841 1.4214528 1.3280311 1.3904198 1.3608577 1.2993036 1.3335037 1.3251340 1.3251340 1.2739842 1.3660680 1.2190789 1.3345172 1.5550899 1.4842116 1.6613113 1.7102725 1.4986550 1.3131971 1.5042538 1.5088237 1.5438142 1.4498770 1.5059089 1.4524887 1.2696786 1.5755438 1.9906819 2.3078570 2.0878160 1.9938221 1.8743168 1.9186415 1.9033031 1.6499976 1.5263675 1.5263675 1.4641726 1.4641726 1.5248072 1.6501969 1.8612887 1.6350815 1.7728959 2.7523646 
Amil_Amillepora18348-RA                                 1.5025329 1.7109435 1.8208214 2.0128439 1.9717917 1.7748360 1.8364121 1.3459865 0.2848787 0.2757169 0.2987208 0.3643274 0.1928417 0.0000000 0.0307161 0.5265670 0.6018638 1.0542001 1.0699750 1.1768436 1.4961472 1.5286940 1.3757795 1.4412254 1.5150363 1.4406457 1.4488966 1.4855662 1.4227510 1.4227510 1.3312112 1.4539046 1.2130868 1.3864551 1.7397717 1.6376035 2.1993332 1.9776967 1.7098179 1.3631928 1.6703334 1.6566566 1.7480935 1.5217934 1.6451205 1.5099284 1.3138104 1.5784634 2.3863444 2.7520632 2.2931363 2.1431066 2.2687071 1.9011491 1.9919331 1.7061562 1.6568015 1.6568015 1.6010761 1.6010761 1.7423735 1.7403745 1.8850304 1.7613507 1.9402110 2.3806370 
Adig_XM_015904966.1                                     1.5381751 1.8004704 1.8190766 1.9754050 1.8642028 1.7335976 1.5690854 1.2571251 0.2837138 0.2789079 0.3115514 0.3511996 0.2164088 0.0307161 0.0000000 0.5721032 0.6910883 1.0195404 1.0383807 1.2040694 1.5421606 1.5493605 1.4555954 1.4795580 1.5782996 1.4803580 1.2645811 1.2869429 1.2376695 1.2376695 1.1612916 1.3300731 1.1391318 1.4985003 1.7391870 1.6048942 1.9379199 1.8661441 1.7662922 1.2982315 1.6542265 1.7767197 1.6523211 1.4846652 1.6268595 1.4984604 1.2749742 1.6238769 2.2230815 2.4835466 2.0559719 2.0529595 1.9696930 1.9441573 2.0336975 1.6327243 1.6387080 1.6387080 1.6348871 1.6348871 1.5919744 1.7603686 1.8477034 1.6486845 1.7968779 2.6073249 
Nvec_v1g237405                                          1.3902079 1.3283722 1.5708559 1.7465395 1.7028209 1.5157024 1.5151110 1.2848551 0.5611926 0.5419861 0.5144006 0.6132310 0.5118536 0.5265670 0.5721032 0.0000000 0.3174400 1.0046313 1.0394409 1.1384360 1.3117276 1.4841395 1.3403910 1.3065624 1.5979540 1.3083266 1.2293211 1.2626149 1.2624870 1.2624870 1.1566301 1.3834825 1.2022081 1.2281626 1.5026326 1.3503570 1.4777429 1.5117578 1.5379166 1.3518598 1.3800194 1.4117911 1.4210534 1.4699824 1.2685829 1.3776806 1.4645455 1.6312727 1.7303307 2.1789475 2.0859331 1.8923204 1.5475560 1.9380307 2.0434292 1.9472509 1.7555188 1.7555188 1.7241669 1.7241669 1.6612314 1.7106496 2.2094111 1.8938907 1.7380039 2.6638844 
Exapal_XM_021048476.2                                   1.4662962 1.4455822 1.7058987 1.9009626 1.9073703 1.7568886 1.8068019 1.5023570 0.5759192 0.5761905 0.5853655 0.6528152 0.5641551 0.6018638 0.6910883 0.3174400 0.0000000 1.0303034 1.0603534 0.9540698 1.2676955 1.4503728 1.3633888 1.3351110 1.3681787 1.2308343 1.4299495 1.4947291 1.4853072 1.4853072 1.3798277 1.6035779 1.4383477 1.2649475 1.4203035 1.3203464 1.8061604 1.7584508 1.3571996 1.3833492 1.3138792 1.3690745 1.4096396 1.3562094 1.3533430 1.4185900 1.5686986 1.5053723 1.8561968 2.3427171 1.9370806 1.7768800 1.6355799 2.0421341 2.0520721 2.1462934 1.9226631 1.9226631 1.8374872 1.8374872 1.7619688 1.8654920 2.2073126 1.8776910 1.9303383 2.5869628 
Dgig_XM_028542474.1                                     1.7743634 1.9490295 1.9212330 2.2143361 1.9731649 1.8823809 1.7168311 1.3223260 1.0402639 1.0287409 0.9938283 1.1204029 0.9129545 1.0542001 1.0195404 1.0046313 1.0303034 0.0000000 0.1929186 1.2448873 1.5939297 1.8330261 1.6898210 1.5030030 1.9332478 1.4478446 1.8581717 1.8597961 1.7777658 1.7777658 1.4745818 1.7464824 1.6923642 1.6792178 1.8458990 1.7533011 2.1868341 2.1726384 1.8994773 1.6091543 1.5146463 1.6976409 1.6174256 1.6440166 1.9140035 1.9998918 1.8016460 2.2887837 2.1585237 2.5835339 2.3406886 2.3473067 2.3039118 2.2842511 2.4241617 2.3590794 2.0400525 2.0400525 1.9756696 1.9756696 2.0767807 2.1118796 2.1210996 1.9782933 2.2276518 3.4754889 
Xesp_003590-T1                                          1.7906913 1.8623683 2.0267366 2.1306608 2.0204625 1.9027925 1.8120086 1.3971988 1.1085270 1.0915890 1.0601249 1.1715947 0.9996356 1.0699750 1.0383807 1.0394409 1.0603534 0.1929186 0.0000000 1.1932007 1.5590748 1.8221286 1.6418169 1.5359981 1.8775796 1.3992224 1.9674558 1.9509303 1.8119633 1.8119633 1.4835170 1.8734813 1.6321085 1.6326656 1.8225837 1.5931532 2.2582216 2.1685061 1.8551736 1.5633729 1.6474165 1.6831034 1.6821270 1.6460732 1.9224497 1.9828729 1.8397198 2.1697285 1.9544305 2.4450410 2.2554697 2.2601759 2.1962777 2.4088217 2.6570657 2.3694781 2.1654187 2.1654187 2.0981942 2.0981942 2.1011148 2.1800955 2.0397574 1.8664489 2.2467736 3.5212636 
Morvir_scaffold19.g94.t1                                1.6387677 1.4463863 1.6310816 1.8058924 2.1202718 1.8658782 1.7800926 1.5757459 1.0712429 1.0719510 1.0939857 1.1027821 1.0524038 1.1768436 1.2040694 1.1384360 0.9540698 1.2448873 1.1932007 0.0000000 0.9373983 0.9332816 0.8018590 0.9020353 1.3014411 1.2130363 1.7138015 1.7285035 1.6963923 1.6963923 1.5831479 1.6815760 1.5071147 1.4558313 1.6064283 1.5542607 2.2043525 2.0631274 1.5911853 1.8010261 1.7501843 1.5919524 1.6682872 1.5655131 1.5424858 1.5609829 1.6072695 1.6446649 1.8986983 2.0455811 2.0987137 1.9672571 1.7341715 2.1552045 2.1008584 2.1804913 1.9836384 1.9836384 1.9177076 1.9177076 1.9054677 1.8221574 1.9396666 1.7885101 1.9739595 3.0664717 
Aaur_scaffold23.g20.t1                                  1.5997717 1.5180845 1.6173092 1.6572893 2.3316136 2.2120418 1.9550957 1.8509168 1.3916324 1.3718333 1.3845968 1.4050918 1.4362041 1.4961472 1.5421606 1.3117276 1.2676955 1.5939297 1.5590748 0.9373983 0.0000000 0.4165278 0.4301067 0.6501376 1.5014341 1.2956159 1.9043380 1.8806926 1.7746765 1.7746765 1.7888326 2.1605550 1.6370622 1.7496386 1.6480048 1.5952373 1.9737660 1.9206612 1.6291150 1.7410013 1.9180492 1.7633057 1.7783674 1.9183987 1.5109177 1.6456051 1.6190371 1.5522415 1.7720639 1.9892514 2.0536433 1.9905293 1.7763777 2.3634276 2.2949232 2.3856016 2.2103625 2.2103625 2.3012504 2.3012504 2.3824291 2.6116972 2.6398376 2.5695980 2.2691093 2.9353254 
Nemnom_g17042.t1                                        1.7218819 1.6749725 1.8108386 1.8453174 2.3120159 2.2926775 2.1132359 1.9748158 1.3513611 1.4244863 1.4379635 1.3365789 1.4432841 1.5286940 1.5493605 1.4841395 1.4503728 1.8330261 1.8221286 0.9332816 0.4165278 0.0000000 0.1882745 0.6150096 1.4950497 1.3129183 1.9784520 1.9203795 1.8774462 1.8774462 1.9282820 2.0463122 1.6328440 1.7768301 1.9383167 1.6628655 2.3062496 2.2065868 1.6802328 1.7785189 2.1448151 1.7887632 2.1401385 1.7944671 1.5281579 1.6320569 1.5800538 1.4327050 1.8554010 1.9952132 2.0442257 2.1337142 1.7540293 2.5781005 2.6271941 2.5670269 2.3723075 2.3723075 2.4379966 2.4379966 2.3859719 2.4012924 2.6652750 2.6611721 2.2678219 2.7848255 
Rhoesc_Res_013663-T1                                    1.5768509 1.6063314 1.6057756 1.7571811 2.2904980 2.3032162 2.0669425 1.9128806 1.3749177 1.4265031 1.3986014 1.3926834 1.4214528 1.3757795 1.4555954 1.3403910 1.3633888 1.6898210 1.6418169 0.8018590 0.4301067 0.1882745 0.0000000 0.6079724 1.5114104 1.2659820 2.0017594 1.9574517 1.8923224 1.8923224 1.9867856 2.1160139 1.5349185 1.7487654 1.8257149 1.5705112 2.1895814 1.9293490 1.7416285 1.7599397 1.8915066 1.6897448 2.0693533 1.5918305 1.4120460 1.5802247 1.5367549 1.4789074 1.7961822 1.8894767 1.8027298 2.0196358 1.7981090 2.5871102 2.5798690 2.6949521 2.3661378 2.3661378 2.4115847 2.4115847 2.4438854 2.4393795 2.6777207 2.5913169 2.2911398 2.8553966 
Sanmal_Sma_009512-T1                                    1.5231153 1.6910315 1.5887801 1.7852346 2.0850278 1.9915720 1.8572953 1.6133500 1.4336692 1.3714762 1.3760009 1.3860198 1.3280311 1.4412254 1.4795580 1.3065624 1.3351110 1.5030030 1.5359981 0.9020353 0.6501376 0.6150096 0.6079724 0.0000000 1.4955796 1.2326408 1.8709272 1.8483026 1.8037708 1.8037708 1.7780869 2.1269402 1.5745820 1.8190967 1.9363799 1.5594674 2.0132899 2.1394953 1.5890809 1.7124018 1.9242816 1.8281262 1.8489813 1.8762571 1.6533832 1.5862638 1.6028441 1.6666438 1.8193480 1.8984028 1.7441555 1.7512811 1.9265460 2.2666046 2.1642710 2.0027856 1.9781639 1.9781639 2.0736283 2.0736283 2.0052034 2.1150962 2.1921321 2.3585984 1.9436703 3.1102078 
Hvul_g3088_1                                            1.4179339 1.9040349 2.0724019 1.9970052 2.1825230 2.0520729 2.3682685 1.7126257 1.4061801 1.3967109 1.4809079 1.4364799 1.3904198 1.5150363 1.5782996 1.5979540 1.3681787 1.9332478 1.8775796 1.3014411 1.5014341 1.4950497 1.5114104 1.4955796 0.0000000 0.8854106 2.1419101 2.1420538 2.2313016 2.2313016 2.2250069 2.3991579 1.8251345 1.7138681 1.8209577 1.6712332 1.7196610 1.6943502 1.9925530 1.6841326 1.9658240 1.7485950 1.9905383 1.8317218 2.2655534 1.9067268 2.0252306 1.8316443 2.2579861 2.3901343 1.7762311 2.6668646 2.2277640 2.1589994 2.2056678 2.0741343 1.9862614 1.9862614 2.0018754 2.0018754 1.9804453 2.3272570 2.2132865 2.2293907 1.9183626 3.0318536 
Chem_TCONS_00019626                                     1.7817501 1.7630455 1.9439310 2.0362465 2.7226460 2.3204429 2.1048131 2.0057811 1.3443139 1.3178048 1.3273715 1.3999718 1.3608577 1.4406457 1.4803580 1.3083266 1.2308343 1.4478446 1.3992224 1.2130363 1.2956159 1.3129183 1.2659820 1.2326408 0.8854106 0.0000000 2.2006775 2.1723904 2.1087560 2.1087560 2.0957440 2.1810805 1.7048793 1.7207578 1.8166374 1.5063584 1.8249466 1.7743053 1.8443001 1.7474442 1.9595017 1.7785919 1.5931071 1.8205839 2.1292486 1.8152762 1.6008207 1.8808461 2.0153727 2.1216370 1.9215842 2.6266987 2.1794967 2.2380020 2.1970016 2.3985802 2.0996209 2.0996209 1.9134412 1.9134412 1.9579661 2.2204712 2.3296816 2.1602103 2.1953699 3.1496475 
HoiH23_PlH23_009000-RA                                  1.8983894 2.3890485 2.3074216 2.6818339 2.5430385 2.4049351 1.8566507 1.7566436 1.3084837 1.2776654 1.2556023 1.2666769 1.2993036 1.4488966 1.2645811 1.2293211 1.4299495 1.8581717 1.9674558 1.7138015 1.9043380 1.9784520 2.0017594 1.8709272 2.1419101 2.2006775 0.0000000 0.0375204 0.1175228 0.1175228 0.2254018 0.3470643 1.5725745 2.2195293 2.1826362 2.0632504 2.8075133 2.6524290 2.2964684 2.0466862 2.1843787 2.1333995 2.1046681 2.2513558 1.9546517 1.8773322 1.8512913 2.4167609 2.2526649 2.9740770 2.9387882 2.5799287 2.0731393 2.0387301 2.0409495 1.8216313 1.7534081 1.7534081 1.8007326 1.8007326 1.6759784 1.9457511 2.2989533 2.1957951 2.0127186 3.5116390 
HoiH06_mRNA7432                                         1.8634335 2.3729746 2.3459106 2.7415100 2.5121049 2.3851277 1.8541736 1.7666206 1.3427749 1.3156955 1.2927071 1.3003575 1.3335037 1.4855662 1.2869429 1.2626149 1.4947291 1.8597961 1.9509303 1.7285035 1.8806926 1.9203795 1.9574517 1.8483026 2.1420538 2.1723904 0.0375204 0.0000000 0.0965986 0.0965986 0.2066733 0.3551854 1.5811652 2.1937234 2.2013001 2.0837692 2.8398291 2.7019291 2.2975108 2.0552931 2.2250294 2.1249634 2.0618378 2.2961368 2.1036445 1.9502031 1.8638436 2.4289918 2.2078616 2.9060789 2.9525770 2.5760332 2.0934828 2.0361273 2.0237204 1.8630311 1.7988248 1.7988248 1.8326673 1.8326673 1.7349496 2.0100079 2.3250510 2.2499108 2.0523588 3.4413133 
Hhon_g04887.t1                                          1.9935983 2.3242810 2.2224532 2.6535953 2.4554283 2.2653295 1.8257461 1.7317732 1.3378404 1.3164018 1.2839426 1.3269724 1.3251340 1.4227510 1.2376695 1.2624870 1.4853072 1.7777658 1.8119633 1.6963923 1.7746765 1.8774462 1.8923224 1.8037708 2.2313016 2.1087560 0.1175228 0.0965986 0.0000000 0.0000010 0.2528223 0.3702007 1.4649333 2.2817628 2.2111456 2.0692039 2.7699824 2.7324134 2.3964788 2.0821602 2.2288377 2.0853705 2.0481981 2.2229166 2.1769624 1.9892024 1.8688130 2.3958030 2.2228929 2.8481690 2.9747735 2.6673033 2.1058857 2.0506625 2.0834796 1.9131322 1.7742195 1.7742195 1.7898404 1.7898404 1.6938664 2.0733884 2.3149185 2.2115187 2.1139293 3.4435813 
HoiH04_mRNA5923                                         1.9935983 2.3242810 2.2224532 2.6535953 2.4554283 2.2653295 1.8257461 1.7317732 1.3378404 1.3164018 1.2839426 1.3269724 1.3251340 1.4227510 1.2376695 1.2624870 1.4853072 1.7777658 1.8119633 1.6963923 1.7746765 1.8774462 1.8923224 1.8037708 2.2313016 2.1087560 0.1175228 0.0965986 0.0000010 0.0000000 0.2528223 0.3702007 1.4649333 2.2817628 2.2111456 2.0692039 2.7699824 2.7324134 2.3964788 2.0821602 2.2288377 2.0853705 2.0481981 2.2229166 2.1769624 1.9892024 1.8688130 2.3958030 2.2228929 2.8481690 2.9747735 2.6673033 2.1058857 2.0506625 2.0834796 1.9131322 1.7742195 1.7742195 1.7898404 1.7898404 1.6938664 2.0733884 2.3149185 2.2115187 2.1139293 3.4435813 
HoiH11_mRNA1637                                         1.9170875 2.1596262 2.2862643 2.3637403 2.1150218 2.0135533 1.4763923 1.5275812 1.2626100 1.2266936 1.2046950 1.2213599 1.2739842 1.3312112 1.1612916 1.1566301 1.3798277 1.4745818 1.4835170 1.5831479 1.7888326 1.9282820 1.9867856 1.7780869 2.2250069 2.0957440 0.2254018 0.2066733 0.2528223 0.2528223 0.0000000 0.3072154 1.5617844 2.1128942 2.0881662 2.0052825 2.6665355 2.7046475 2.3461988 1.9204178 2.0679440 1.9491764 1.8439680 2.3792203 1.8712551 1.6900795 1.7212639 2.1724184 2.2496513 2.6047917 2.6559546 2.1992916 2.0567765 2.0592709 2.0475199 1.7645613 1.8000462 1.8000462 1.7962004 1.7962004 1.6563880 1.9316202 2.0718794 2.0256552 1.9915882 3.4130742 
TrH2_TrispH2_009350-RA                                  2.0101948 2.2603492 2.5832351 2.9125977 2.4207275 2.3513785 2.0916585 1.7569113 1.3180439 1.3219497 1.3481317 1.3820162 1.3660680 1.4539046 1.3300731 1.3834825 1.6035779 1.7464824 1.8734813 1.6815760 2.1605550 2.0463122 2.1160139 2.1269402 2.3991579 2.1810805 0.3470643 0.3551854 0.3702007 0.3702007 0.3072154 0.0000000 1.6120412 2.3516321 2.3515060 2.3480078 2.8894291 2.7856556 2.5574275 2.0111746 2.3505041 2.2825326 2.1058092 2.2801618 1.9861275 1.9872036 1.9698715 2.4262743 2.4362943 3.0163516 2.9162324 2.6342035 2.3238614 2.2575050 2.4097387 2.1582992 2.0300298 2.0300298 1.9547740 1.9547740 1.9754410 2.1185612 2.4136700 2.3826925 2.2592555 3.6563661 
Opea_EP00118_Oscarella_pearsei_P024842                  1.5312742 1.5639204 1.8202471 1.9175658 1.8932622 1.7759850 1.8565437 1.4227273 1.3065397 1.2345511 1.2464430 1.2940105 1.2190789 1.2130868 1.1391318 1.2022081 1.4383477 1.6923642 1.6321085 1.5071147 1.6370622 1.6328440 1.5349185 1.5745820 1.8251345 1.7048793 1.5725745 1.5811652 1.4649333 1.4649333 1.5617844 1.6120412 0.0000000 1.5983724 1.7839032 1.7953519 1.7426886 1.8288789 1.6253459 1.5365916 1.7730876 1.5017807 1.9020751 1.8396446 1.5897459 1.7058078 1.7057230 1.8631750 1.9712560 2.7604237 2.4561554 2.0231382 2.0177968 2.3007118 2.4426044 2.1455734 2.1141300 2.1141300 2.2344355 2.2344355 2.0800501 2.2639837 2.1425442 2.1594771 2.0115558 3.2741081 
Lcom_lcpid136409                                        1.9954144 2.1994127 2.3938327 2.4731197 2.4307224 2.1715456 2.2823470 1.8624350 1.3140092 1.3706561 1.3028416 1.4232329 1.3345172 1.3864551 1.4985003 1.2281626 1.2649475 1.6792178 1.6326656 1.4558313 1.7496386 1.7768301 1.7487654 1.8190967 1.7138681 1.7207578 2.2195293 2.1937234 2.2817628 2.2817628 2.1128942 2.3516321 1.5983724 0.0000000 0.7673256 0.8542158 0.8755774 0.8390419 0.8888968 1.2565086 1.1864958 1.1093012 1.5647769 1.3925014 1.8227654 1.9374687 2.0397481 1.9169452 1.6450734 2.0755044 1.8636119 2.2692746 1.6363536 2.3846359 2.3242373 2.4803419 2.4405975 2.4405975 2.3526797 2.3526797 2.3305793 2.1105807 2.3762155 2.1743482 2.0131196 2.7027456 
Lcom_lcpid154691                                        1.7228846 2.5575112 2.6075126 2.4821103 2.6140805 2.4821861 2.3333570 1.7700528 1.6904526 1.5956632 1.6104491 1.6637657 1.5550899 1.7397717 1.7391870 1.5026326 1.4203035 1.8458990 1.8225837 1.6064283 1.6480048 1.9383167 1.8257149 1.9363799 1.8209577 1.8166374 2.1826362 2.2013001 2.2111456 2.2111456 2.0881662 2.3515060 1.7839032 0.7673256 0.0000000 1.0203329 1.2455343 1.0440106 0.9250521 1.4731591 1.5453860 1.0999614 1.4076835 1.5530184 1.5199436 1.6306891 1.9171645 1.9653527 1.7893991 1.9241390 1.9752588 2.4217957 1.9997980 2.3523048 2.1939161 2.1733868 2.1440582 2.1440582 2.0501722 2.0501722 2.0132443 2.2720517 2.3849035 2.1533761 2.2146344 2.7891382 
Cgig_XM_011452183.3                                     1.8881342 2.0020042 2.1328713 2.0758955 2.3612447 2.1349959 1.9648542 1.7307940 1.5099490 1.4848744 1.4860181 1.4128508 1.4842116 1.6376035 1.6048942 1.3503570 1.3203464 1.7533011 1.5931532 1.5542607 1.5952373 1.6628655 1.5705112 1.5594674 1.6712332 1.5063584 2.0632504 2.0837692 2.0692039 2.0692039 2.0052825 2.3480078 1.7953519 0.8542158 1.0203329 0.0000000 1.2683326 1.1150676 1.0215395 1.2332447 1.2964763 1.1486621 1.4040465 1.3632693 1.6423753 1.8378646 2.0595174 2.1076914 1.5168914 1.8732670 1.8078271 2.0416603 1.5220123 2.1547016 2.2077897 2.4501016 2.4188530 2.4188530 2.4081374 2.4081374 2.1712511 2.2603430 2.2100014 2.1395664 2.3454679 2.8701399 
Ctel_gnl_WGS_AMQN_CAPTEDRAFT_mRNA152201                 1.8051490 2.5118568 2.8051727 2.8522342 3.0277710 2.9037769 2.8242444 1.9936008 1.7199298 1.6015267 1.6963758 1.9566033 1.6613113 2.1993332 1.9379199 1.4777429 1.8061604 2.1868341 2.2582216 2.2043525 1.9737660 2.3062496 2.1895814 2.0132899 1.7196610 1.8249466 2.8075133 2.8398291 2.7699824 2.7699824 2.6665355 2.8894291 1.7426886 0.8755774 1.2455343 1.2683326 0.0000000 0.0395567 1.3766322 1.4440894 1.5729655 1.6804924 1.6284983 1.6279117 1.9986778 2.3103993 2.4346284 2.1859170 2.0649785 2.4612073 2.1738786 3.2961789 2.1372437 2.8651563 3.0666757 2.8041564 2.6655496 2.6655496 2.6389044 2.6389044 2.6760878 3.3123012 3.1863256 3.3249763 2.4788684 3.5644800 
Ctel_gnl_WGS_AMQN_CAPTEDRAFT_mRNA162481                 1.8624171 2.5473453 2.6355142 2.6953165 3.0354992 2.7988766 2.6986767 2.1981890 1.6924097 1.6062849 1.6714510 1.8438754 1.7102725 1.9776967 1.8661441 1.5117578 1.7584508 2.1726384 2.1685061 2.0631274 1.9206612 2.2065868 1.9293490 2.1394953 1.6943502 1.7743053 2.6524290 2.7019291 2.7324134 2.7324134 2.7046475 2.7856556 1.8288789 0.8390419 1.0440106 1.1150676 0.0395567 0.0000000 1.1756628 1.4947681 1.4014656 1.3671364 1.6687696 1.6395151 1.9004447 2.2478476 2.4372518 2.2106970 1.9732389 2.3214431 2.0192120 2.6761164 1.9007990 2.5346762 2.6686193 2.8575499 2.8711140 2.8711140 2.8412860 2.8412860 2.6892708 3.2904219 2.8126014 2.7804742 2.7001257 3.3000224 
Acagra_model.g8881.t1                                   1.7281270 1.7954326 1.9645215 2.2133120 2.2958605 2.2248613 2.5289179 1.7511664 1.5544642 1.4025871 1.4270255 1.5885729 1.4986550 1.7098179 1.7662922 1.5379166 1.3571996 1.8994773 1.8551736 1.5911853 1.6291150 1.6802328 1.7416285 1.5890809 1.9925530 1.8443001 2.2964684 2.2975108 2.3964788 2.3964788 2.3461988 2.5574275 1.6253459 0.8888968 0.9250521 1.0215395 1.3766322 1.1756628 0.0000000 1.4658148 1.3099142 1.2418216 1.6181333 1.4941086 1.5039806 1.6830284 1.8874574 1.8949121 1.6384715 2.2962233 2.1201633 2.2765742 1.8599948 2.7009153 2.6663128 2.7770644 2.9376321 2.9376321 3.0571638 3.0571638 2.8521219 2.9235107 2.7127941 2.4808087 2.5686178 2.9746593 
Spur_XM_030973528.1                                     1.4360281 1.5469081 2.1166432 2.2015356 2.2555636 2.1158370 1.9560739 1.5562680 1.4154659 1.3259526 1.3262835 1.3680826 1.3131971 1.3631928 1.2982315 1.3518598 1.3833492 1.6091543 1.5633729 1.8010261 1.7410013 1.7785189 1.7599397 1.7124018 1.6841326 1.7474442 2.0466862 2.0552931 2.0821602 2.0821602 1.9204178 2.0111746 1.5365916 1.2565086 1.4731591 1.2332447 1.4440894 1.4947681 1.4658148 0.0000000 1.3405653 1.2786070 1.2066765 1.1723347 1.5960749 1.9997414 2.1590124 1.9986109 1.5470843 2.4513903 1.7493461 1.8576862 1.6818296 2.0386147 2.0324539 2.3700373 2.1098344 2.1098344 2.1508504 2.1508504 2.3151769 2.4414346 2.4889573 2.5311088 2.2277009 2.6320001 
Skow_XM_002732479.2                                     1.9046635 2.1672815 2.2307646 2.7222539 2.1912774 1.9941497 2.2459584 1.5433227 1.5292990 1.3852129 1.3755749 1.5210765 1.5042538 1.6703334 1.6542265 1.3800194 1.3138792 1.5146463 1.6474165 1.7501843 1.9180492 2.1448151 1.8915066 1.9242816 1.9658240 1.9595017 2.1843787 2.2250294 2.2288377 2.2288377 2.0679440 2.3505041 1.7730876 1.1864958 1.5453860 1.2964763 1.5729655 1.4014656 1.3099142 1.3405653 0.0000000 1.2146708 1.2898035 1.3171536 2.1681623 2.3790178 2.3702565 2.2042233 1.7206488 2.4398165 1.8289472 2.1310940 1.5597505 2.8947922 2.8413043 3.0058899 2.7268074 2.7268074 2.7675053 2.7675053 2.7417719 2.9631073 3.1927071 3.1890175 2.8400234 2.9821714 
Cscu_XM_023355921.1                                     1.5415259 1.8716065 2.1124240 2.2075499 2.3684068 2.2169207 1.9629653 1.8293392 1.5390909 1.4552372 1.4945918 1.6020660 1.5088237 1.6566566 1.7767197 1.4117911 1.3690745 1.6976409 1.6831034 1.5919524 1.7633057 1.7887632 1.6897448 1.8281262 1.7485950 1.7785919 2.1333995 2.1249634 2.0853705 2.0853705 1.9491764 2.2825326 1.5017807 1.1093012 1.0999614 1.1486621 1.6804924 1.3671364 1.2418216 1.2786070 1.2146708 0.0000000 1.2887520 1.4385026 1.6112204 1.7679151 2.0045410 1.8759937 1.2937723 1.8615976 1.7870036 1.8726011 1.7865042 2.4160897 2.3225034 2.4241955 2.3852594 2.3852594 2.3797695 2.3797695 2.4292716 2.6214878 2.5051405 2.3613966 2.7348809 2.6978517 
Bralan_BLAG05000907_1                                   1.7488616 1.8951505 2.1314620 2.3073997 2.2314894 2.1871844 2.1462537 1.6118746 1.5184164 1.4421332 1.4678699 1.5904217 1.5438142 1.7480935 1.6523211 1.4210534 1.4096396 1.6174256 1.6821270 1.6682872 1.7783674 2.1401385 2.0693533 1.8489813 1.9905383 1.5931071 2.1046681 2.0618378 2.0481981 2.0481981 1.8439680 2.1058092 1.9020751 1.5647769 1.4076835 1.4040465 1.6284983 1.6687696 1.6181333 1.2066765 1.2898035 1.2887520 0.0000000 1.1968177 1.8318397 2.2505531 1.8636964 2.0031801 1.5725758 1.9966813 1.9736205 2.0014992 1.7622031 2.5637297 2.4158777 2.5010693 2.2230491 2.2230491 2.0680512 2.0680512 2.2792085 2.4245577 2.7022198 2.5255072 2.2745598 3.3579445 
Hsap_ENST00000320857                                    1.8350340 1.6146085 1.7906057 2.0917445 1.8579867 1.8405506 2.0518438 1.6213127 1.4736839 1.4837607 1.3986044 1.6738678 1.4498770 1.5217934 1.4846652 1.4699824 1.3562094 1.6440166 1.6460732 1.5655131 1.9183987 1.7944671 1.5918305 1.8762571 1.8317218 1.8205839 2.2513558 2.2961368 2.2229166 2.2229166 2.3792203 2.2801618 1.8396446 1.3925014 1.5530184 1.3632693 1.6279117 1.6395151 1.4941086 1.1723347 1.3171536 1.4385026 1.1968177 0.0000000 2.0114546 2.2898641 2.0262711 2.1105331 1.7584222 1.9731481 1.7774104 2.1067332 1.7787615 3.4401577 3.3240016 3.1908916 2.7206000 2.7206000 2.7125141 2.7125141 2.8313376 2.9180735 3.4901771 3.0380692 2.9466336 3.0598206 
Lcom_lcpid232651                                        1.8866050 2.1327782 2.4391797 2.2503226 2.3829911 2.1463293 2.0525971 2.0329719 1.4990991 1.4657143 1.5335292 1.5958273 1.5059089 1.6451205 1.6268595 1.2685829 1.3533430 1.9140035 1.9224497 1.5424858 1.5109177 1.5281579 1.4120460 1.6533832 2.2655534 2.1292486 1.9546517 2.1036445 2.1769624 2.1769624 1.8712551 1.9861275 1.5897459 1.8227654 1.5199436 1.6423753 1.9986778 1.9004447 1.5039806 1.5960749 2.1681623 1.6112204 1.8318397 2.0114546 0.0000000 0.0000010 0.4567395 0.4652800 2.0696417 1.7368671 1.8368127 2.1174114 1.7324815 2.2849941 2.2615447 2.1527786 2.2583903 2.2583903 2.2757376 2.2757376 1.9674598 2.4557535 2.3637192 2.2207828 2.2808579 2.4051643 
Scil_scict018195.1                                      1.7299099 2.1327782 2.4035379 2.3350515 2.4541953 2.0342214 2.1468080 1.9243719 1.4504910 1.4313594 1.5318905 1.5274199 1.4524887 1.5099284 1.4984604 1.3776806 1.4185900 1.9998918 1.9828729 1.5609829 1.6456051 1.6320569 1.5802247 1.5862638 1.9067268 1.8152762 1.8773322 1.9502031 1.9892024 1.9892024 1.6900795 1.9872036 1.7058078 1.9374687 1.6306891 1.8378646 2.3103993 2.2478476 1.6830284 1.9997414 2.3790178 1.7679151 2.2505531 2.2898641 0.0000010 0.0000000 0.3946167 0.4373841 2.0685945 2.0594114 2.1018047 2.1882217 2.2113126 1.7262286 1.7723201 1.6871689 1.6942362 1.6942362 1.7012601 1.7012601 1.6632897 1.9427145 1.9879649 1.8854351 1.8527779 2.4710008 
Lcom_lcpid88037                                         1.9852705 2.5960077 2.6170065 2.6237603 2.3299513 2.0880411 2.1591503 2.0457864 1.2104925 1.2842516 1.3669577 1.2844602 1.2696786 1.3138104 1.2749742 1.4645455 1.5686986 1.8016460 1.8397198 1.6072695 1.6190371 1.5800538 1.5367549 1.6028441 2.0252306 1.6008207 1.8512913 1.8638436 1.8688130 1.8688130 1.7212639 1.9698715 1.7057230 2.0397481 1.9171645 2.0595174 2.4346284 2.4372518 1.8874574 2.1590124 2.3702565 2.0045410 1.8636964 2.0262711 0.4567395 0.3946167 0.0000000 0.5754100 2.1975132 2.0090824 2.1206427 2.3768591 2.2843047 1.9828009 1.9398154 1.8285072 1.7260743 1.7260743 1.7587062 1.7587062 1.7610041 1.7759233 1.8827684 1.8729655 1.9650597 2.9558817 
Leuniv_Lniv_C770125_01                                  2.2730968 2.6373021 2.9182872 2.8718907 2.6749440 2.2873919 2.6162943 2.1972942 1.5189675 1.5915115 1.6324530 1.5758341 1.5755438 1.5784634 1.6238769 1.6312727 1.5053723 2.2887837 2.1697285 1.6446649 1.5522415 1.4327050 1.4789074 1.6666438 1.8316443 1.8808461 2.4167609 2.4289918 2.3958030 2.3958030 2.1724184 2.4262743 1.8631750 1.9169452 1.9653527 2.1076914 2.1859170 2.2106970 1.8949121 1.9986109 2.2042233 1.8759937 2.0031801 2.1105331 0.4652800 0.4373841 0.5754100 0.0000000 2.3885861 2.2596203 2.0974131 2.1497958 2.0630160 1.9206120 2.0110525 1.9086147 1.9265446 1.9265446 1.8402197 1.8402197 1.9158290 2.0822804 2.3158097 2.3703898 2.1940667 2.6830292 
Dpul_mRNA8642                                           2.0432099 2.3595861 2.6023031 2.5315304 2.7861223 2.8301221 2.4760241 2.2995291 1.8927795 1.9469271 1.8588572 1.9477055 1.9906819 2.3863444 2.2230815 1.7303307 1.8561968 2.1585237 1.9544305 1.8986983 1.7720639 1.8554010 1.7961822 1.8193480 2.2579861 2.0153727 2.2526649 2.2078616 2.2228929 2.2228929 2.2496513 2.4362943 1.9712560 1.6450734 1.7893991 1.5168914 2.0649785 1.9732389 1.6384715 1.5470843 1.7206488 1.2937723 1.5725758 1.7584222 2.0696417 2.0685945 2.1975132 2.3885861 0.0000000 1.3720932 1.2158680 2.1105336 1.4891206 2.8680993 2.7793755 3.0873183 2.9358534 2.9358534 3.0196591 3.0196591 2.6520145 2.6060710 3.0889557 3.0004769 2.9851661 3.4116399 
Tcas_TC001042_001                                       2.2868895 2.1476420 2.6268289 2.5995399 3.1244316 2.7934337 2.2156151 2.1268028 2.4230991 2.4702865 2.3674467 2.5884133 2.3078570 2.7520632 2.4835466 2.1789475 2.3427171 2.5835339 2.4450410 2.0455811 1.9892514 1.9952132 1.8894767 1.8984028 2.3901343 2.1216370 2.9740770 2.9060789 2.8481690 2.8481690 2.6047917 3.0163516 2.7604237 2.0755044 1.9241390 1.8732670 2.4612073 2.3214431 2.2962233 2.4513903 2.4398165 1.8615976 1.9966813 1.9731481 1.7368671 2.0594114 2.0090824 2.2596203 1.3720932 0.0000000 1.1822147 2.4095656 1.9473157 3.5712910 3.4999183 3.5005175 3.2541877 3.2541877 3.4815166 3.4815166 2.8282327 3.0163792 3.1905809 3.2586486 3.2317845 3.3298995 
Tcas_TC004117_001                                       2.6069343 2.0388452 2.6660082 2.7463052 2.9482099 2.9730165 2.5395158 2.2005800 2.2222825 2.1064876 2.2479478 2.1723142 2.0878160 2.2931363 2.0559719 2.0859331 1.9370806 2.3406886 2.2554697 2.0987137 2.0536433 2.0442257 1.8027298 1.7441555 1.7762311 1.9215842 2.9387882 2.9525770 2.9747735 2.9747735 2.6559546 2.9162324 2.4561554 1.8636119 1.9752588 1.8078271 2.1738786 2.0192120 2.1201633 1.7493461 1.8289472 1.7870036 1.9736205 1.7774104 1.8368127 2.1018047 2.1206427 2.0974131 1.2158680 1.1822147 0.0000000 2.1834101 2.1560783 3.2327785 3.2891768 3.5928997 3.1154053 3.1154053 3.1357677 3.1357677 3.1040864 2.9343115 3.1162267 3.0668883 2.8290080 3.3383953 
Plespi_Pspi_C587166_01                                  1.4360958 2.0158043 2.3580011 2.3195258 2.0739571 1.8631097 1.8107016 1.5737577 2.1050045 2.0323421 2.0598639 1.9800669 1.9938221 2.1431066 2.0529595 1.8923204 1.7768800 2.3473067 2.2601759 1.9672571 1.9905293 2.1337142 2.0196358 1.7512811 2.6668646 2.6266987 2.5799287 2.5760332 2.6673033 2.6673033 2.1992916 2.6342035 2.0231382 2.2692746 2.4217957 2.0416603 3.2961789 2.6761164 2.2765742 1.8576862 2.1310940 1.8726011 2.0014992 2.1067332 2.1174114 2.1882217 2.3768591 2.1497958 2.1105336 2.4095656 2.1834101 0.0000000 1.8175098 3.0738505 3.1132100 3.0751007 3.1538675 3.1538675 3.2277558 3.2277558 3.1180623 3.1638657 3.3943945 3.4229975 3.2608357 3.5498812 
Clacor_Ccor_C518645_01                                  2.3957301 2.2439640 2.7471655 2.6056683 2.7275137 2.7404101 2.6635961 2.0601789 1.8827854 1.7973475 1.7894630 1.8125298 1.8743168 2.2687071 1.9696930 1.5475560 1.6355799 2.3039118 2.1962777 1.7341715 1.7763777 1.7540293 1.7981090 1.9265460 2.2277640 2.1794967 2.0731393 2.0934828 2.1058857 2.1058857 2.0567765 2.3238614 2.0177968 1.6363536 1.9997980 1.5220123 2.1372437 1.9007990 1.8599948 1.6818296 1.5597505 1.7865042 1.7622031 1.7787615 1.7324815 2.2113126 2.2843047 2.0630160 1.4891206 1.9473157 2.1560783 1.8175098 0.0000000 3.2847051 3.2191590 3.1688495 2.7811653 2.7811653 2.9406941 2.9406941 2.8475046 2.7967566 3.4270878 3.1516311 3.1132143 3.2761407 
Horcal_Hcv1.av93.c2.g293.i1                             2.5877200 3.5906666 3.0174554 2.9443217 3.4798601 3.0735064 2.3455910 2.7236867 1.9417948 1.8626085 1.8508531 1.8969355 1.9186415 1.9011491 1.9441573 1.9380307 2.0421341 2.2842511 2.4088217 2.1552045 2.3634276 2.5781005 2.5871102 2.2666046 2.1589994 2.2380020 2.0387301 2.0361273 2.0506625 2.0506625 2.0592709 2.2575050 2.3007118 2.3846359 2.3523048 2.1547016 2.8651563 2.5346762 2.7009153 2.0386147 2.8947922 2.4160897 2.5637297 3.4401577 2.2849941 1.7262286 1.9828009 1.9206120 2.8680993 3.5712910 3.2327785 3.0738505 3.2847051 0.0000000 0.0198663 0.4715659 0.5248811 0.5248811 0.4874310 0.4874310 0.5611160 0.5795687 0.7524755 0.8550060 0.8088613 3.0856687 
Pbac_sb2653987                                          2.5652487 3.6613031 3.0779126 3.0954499 3.2843889 3.0388937 2.3120707 2.6238150 1.9550003 1.8686754 1.8573208 1.8815661 1.9033031 1.9919331 2.0336975 2.0434292 2.0520721 2.4241617 2.6570657 2.1008584 2.2949232 2.6271941 2.5798690 2.1642710 2.2056678 2.1970016 2.0409495 2.0237204 2.0834796 2.0834796 2.0475199 2.4097387 2.4426044 2.3242373 2.1939161 2.2077897 3.0666757 2.6686193 2.6663128 2.0324539 2.8413043 2.3225034 2.4158777 3.3240016 2.2615447 1.7723201 1.9398154 2.0110525 2.7793755 3.4999183 3.2891768 3.1132100 3.2191590 0.0198663 0.0000000 0.4709022 0.5002237 0.5002237 0.4640077 0.4640077 0.5355447 0.5786116 0.7414039 0.8222663 0.8147117 3.0462965 
