63
HoiH11_mRNA6640                         0.0000000 0.2705737 0.2587649 0.2943306 0.2760648 0.4056994 2.4520749 1.6477810 2.5606510 1.6122830 2.6018888 2.3236632 2.4546238 2.5096200 2.5145490 2.1654582 2.7337984 3.1348648 2.0171261 2.7222602 2.6996608 2.7883049 2.7665599 4.0118929 2.3914460 1.9285178 2.5502383 2.0673873 1.7843072 2.9535908 1.9090123 2.3330137 2.8771899 2.3647413 2.5530345 2.2474941 2.2273832 3.0033895 2.4347843 2.5326458 2.9326142 2.8584839 3.3440192 2.5759042 2.7539367 2.2320028 2.9618674 3.2903246 2.2638312 2.5760678 2.5945053 2.4901807 2.8367684 2.3426026 2.4830741 2.5721587 2.9232949 2.8123945 2.5920522 2.8879544 3.4661259 4.2196113 4.1933572 
Hhon_g10824.t1                          0.2705737 0.0000000 0.0175440 0.2114032 0.1815373 0.4422382 2.7820896 1.4757945 2.9478498 2.0930919 2.8862368 2.5395418 2.6666859 2.5983245 2.6472320 2.2836925 2.9610998 3.5053235 1.9385363 2.6747861 2.7814452 2.7948451 2.6608535 4.3939533 2.4758088 1.7723808 2.7072796 1.7388937 1.4756866 2.7956312 1.7199848 2.1544090 2.7297452 2.2769726 2.4929196 1.9951004 1.9429445 2.8269848 2.3988501 2.5414341 2.9295566 2.7071891 3.6055181 2.7135337 2.7476130 2.0399109 2.9172247 3.3183198 2.0942062 2.5706522 2.7398229 2.3834988 3.1215395 2.4478604 2.4053593 2.5622081 2.9682698 2.6867397 2.4562718 3.0823749 3.5564423 4.7733688 4.4952837 
HoiH04_mRNA3629                         0.2587649 0.0175440 0.0000000 0.2013791 0.1761061 0.4394034 2.7825713 1.4928641 2.9360818 2.1047064 2.8852217 2.5314847 2.6785574 2.6201443 2.6538773 2.2788731 2.9898836 3.4860798 1.9626070 2.6604312 2.7891514 2.8182174 2.6911424 4.4451632 2.4742592 1.7972391 2.6614287 1.6747814 1.4161726 2.7552786 1.6866439 2.1285185 2.7068142 2.2803651 2.4969675 1.9980323 1.9458782 2.8330748 2.3756272 2.5236748 2.9292116 2.7234866 3.6853588 2.7341388 2.7738282 2.0582608 2.9254920 3.3326654 2.0950255 2.5627896 2.7385136 2.3878367 3.1172576 2.4452826 2.4080671 2.5524093 2.9723991 2.7054902 2.4810496 3.0479825 3.5973186 4.7520273 4.5455979 
HoiH06_mRNA6344                         0.2943306 0.2114032 0.2013791 0.0000000 0.0853047 0.4799592 2.7432125 1.6119035 2.9440763 2.1217625 2.9516466 2.5172845 2.7708358 2.8441889 2.5991826 2.2690264 3.0379365 3.3142763 2.1120574 2.8722966 3.0655385 3.2577619 2.8771608 4.5086128 2.5183466 1.9397750 2.6942714 2.0279049 1.7439150 2.9876351 1.9479764 2.3128096 2.8423209 2.5083997 2.5976595 2.2139485 2.1142361 3.0155079 2.4625346 2.3189651 3.0908951 2.8460459 3.3478705 2.7189940 2.8590995 2.2284319 3.0318474 3.5598655 2.2322303 2.6381811 2.7991535 2.5567583 3.1427904 2.4921358 2.6102895 2.7414367 2.9373889 2.9681247 2.6905507 3.1718606 3.7957562 4.7036319 4.5689370 
HoiH23_PlH23_004158-RA                  0.2760648 0.1815373 0.1761061 0.0853047 0.0000000 0.4592079 2.7518563 1.6053518 2.9533145 1.8584906 2.8592096 2.4888453 2.6842403 2.7640358 2.5880860 2.3510934 2.9164479 3.2353560 2.1113021 2.8041375 3.0268502 3.2465253 2.6707828 4.3685270 2.4485480 1.8702592 2.6550849 2.1589115 1.9136481 3.0664870 1.9283261 2.3305133 2.8750911 2.5391587 2.6170145 2.2655861 2.2492577 3.0799487 2.5177626 2.3867862 3.1680534 2.8835527 3.2731864 2.6860292 2.8244712 2.2052443 3.0748939 3.5737339 2.2356671 2.6005062 2.6933888 2.4429577 2.9357800 2.3651963 2.5386366 2.7282106 3.0084496 2.8904070 2.6494353 3.1935234 3.7472222 4.7999892 4.5426830 
TrH2_TrispH2_003966-RA                  0.4056994 0.4422382 0.4394034 0.4799592 0.4592079 0.0000000 2.8278164 1.6489681 3.0530903 2.3972899 2.9451281 2.4390203 2.7810126 2.6261901 2.5700412 2.1892073 3.2539545 4.0895335 1.9748589 2.9820669 3.0514826 3.0848278 2.7284219 4.8884525 2.5506317 1.7855214 2.6416255 2.1061536 1.9838415 2.8657617 1.9900026 2.2763455 2.8571223 2.2652215 2.3889122 2.2241442 2.2316214 3.0236129 2.3616202 2.3672832 3.0641743 2.8519307 3.2357450 2.6608473 3.0978861 2.2916722 3.0881534 3.4685918 2.2392986 2.5865201 2.7561465 2.5018264 3.0810962 2.4303221 2.4504446 2.4341166 3.1352116 2.8122193 2.6579923 3.2056014 3.7320239 5.0294181 4.3827711 
Cgig_XM_034446683.1                     2.4520749 2.7820896 2.7825713 2.7432125 2.7518563 2.8278164 0.0000000 0.6778068 1.9490019 1.1718785 1.7789756 1.5619188 2.0160110 1.9040998 2.2001746 1.3333849 3.2094958 3.6308960 1.7023090 3.0082277 3.1616467 3.4920298 2.5009051 4.2901645 2.8233738 1.4939734 1.9127942 2.0234158 1.7133978 2.8493009 1.9520112 2.0584250 2.8327554 2.1979964 2.4135916 2.3588773 2.3351115 2.9892685 2.2170124 1.7345743 3.4315151 2.6774563 3.5687855 0.9770099 2.1567427 2.4577971 3.3199362 3.5078891 1.9864955 2.7339768 2.9723666 2.0099759 2.9679414 2.0356701 2.4671868 2.8054575 3.4661918 2.8078341 2.7652539 3.2323155 3.6111838 4.8696025 4.9722504 
Ctel_gnl_WGS_AMQN_CAPTEDRAFT_mRNA206547 1.6477810 1.4757945 1.4928641 1.6119035 1.6053518 1.6489681 0.6778068 0.0000000 0.9906537 1.1189212 1.0011043 0.9805559 0.9768333 1.1931199 1.0883936 1.1872328 1.5621799 2.0753641 1.5873681 1.4816478 1.4999734 1.4149049 0.7125365 3.6008660 1.4880090 1.4974593 1.0656173 2.3637230 2.0609989 2.1272502 2.0601917 2.0268547 2.0857938 1.8050964 1.8143088 2.0974630 2.0944198 1.9441588 2.0648179 2.5646855 2.0675338 2.0675338 0.0000010 0.6192384 1.2813102 1.9828283 1.9813373 1.7331145 1.5871826 2.2411878 1.7827425 1.6888933 2.1479815 1.7522811 2.1266703 1.8529141 1.7865431 1.8165586 2.3281292 1.8642520 2.2296364 3.1448791 4.9167686 
Dpul_mRNA21926                          2.5606510 2.9478498 2.9360818 2.9440763 2.9533145 3.0530903 1.9490019 0.9906537 0.0000000 1.2595058 1.9141450 1.8705574 2.4379261 2.5630776 2.7094384 1.7186986 3.1139752 3.6763816 1.8270425 2.9860739 3.2405149 3.5043061 2.8332752 4.5856333 2.9573070 1.7186263 2.4276207 1.9677539 1.6011486 2.7995511 2.0091205 2.0385326 2.8249083 2.1713459 2.3389364 2.5041931 2.5128525 3.1839361 2.4101934 2.0300133 3.1656004 2.6208446 3.7000590 2.3243640 1.9609822 2.4252253 3.1818009 3.5799051 2.0120668 2.7720603 3.1208829 2.4749270 3.6402562 2.4430955 2.5581491 2.7089087 3.3090744 2.5909316 2.6520662 3.3936421 3.5035244 5.2056432 4.5777530 
Cscu_XM_023355856.1                     1.6122830 2.0930919 2.1047064 2.1217625 1.8584906 2.3972899 1.1718785 1.1189212 1.2595058 0.0000000 0.4578720 1.4965168 1.5039120 1.6346721 1.5581563 1.2713936 1.9809722 3.9709016 1.9326383 1.6011824 2.1697108 2.1549259 0.0000010 3.5264703 1.7730295 1.7693560 1.3510675 2.0904512 2.0904512 2.3668102 1.9589935 2.3287509 2.3008011 1.7918505 1.9402737 2.1118472 2.3598813 2.4356744 2.2738357 5.0336974 2.9592813 2.4418206 5.0336974 1.3513983 1.6989000 2.1176873 2.4154224 2.7306628 1.9474069 5.7265816 2.1731949 2.1486386 3.8862647 1.9178608 2.7691465 2.7268356 2.1099623 2.3214127 3.4251730 2.5286034 3.1395463 8.9999988 3.4432491 
Cscu_XM_023361612.1                     2.6018888 2.8862368 2.8852217 2.9516466 2.8592096 2.9451281 1.7789756 1.0011043 1.9141450 0.4578720 0.0000000 1.9843067 2.2052248 2.2953733 2.3739438 1.2470320 3.5793470 4.1979168 1.8350752 3.2409919 3.7116300 3.7698300 2.0817104 4.4465425 3.0414694 1.6672530 2.4200118 1.7440346 1.5245466 2.9640263 1.5845215 1.9188281 2.7679581 1.7471794 2.1915444 1.9932944 2.0479125 2.8636605 2.1448402 1.7428813 3.4296517 2.7686639 3.2475786 2.1773602 2.1174511 2.1253119 3.1624460 3.8077760 2.2399056 3.1203937 3.2536993 2.1830395 3.4318463 2.1792764 2.4458942 3.0420307 3.6401673 3.1062810 3.0642019 3.7670472 3.4388735 5.6270019 4.9713945 
Bralan_BLAG08000352_1                   2.3236632 2.5395418 2.5314847 2.5172845 2.4888453 2.4390203 1.5619188 0.9805559 1.8705574 1.4965168 1.9843067 0.0000000 1.1804930 1.2467593 1.5508045 1.3281892 2.5038334 2.5748529 1.3617118 2.3262308 2.5490896 2.8100551 1.5769753 3.3869843 2.4260744 1.2586118 1.2775821 1.7012589 1.3710616 2.6346631 1.6801948 1.7159370 2.5289260 1.7026576 1.9336600 1.9674828 2.1160327 2.5649178 1.8992570 1.6341744 2.8000281 2.3416752 2.5074340 1.5883611 1.9338647 1.9588465 2.6257724 3.0351528 1.8256446 2.4787968 2.4963985 1.6823557 2.5349529 1.6745400 2.0269730 2.2679692 2.7772471 2.2966966 2.2062984 2.9991201 2.9182842 3.8417121 3.5652220 
Hsap_ENST00000395728                    2.4546238 2.6666859 2.6785574 2.7708358 2.6842403 2.7810126 2.0160110 0.9768333 2.4379261 1.5039120 2.2052248 1.1804930 0.0000000 1.0118022 1.7495539 1.6794492 2.8697575 3.1834804 1.5915482 2.6860653 2.8138261 3.0600695 1.6687643 3.6518474 2.4690584 1.3587494 1.6745773 1.8265572 1.6417767 2.5504514 1.8759452 1.8501104 2.5271586 2.0185409 2.0666966 2.1663770 2.2879490 2.6785811 2.0166330 1.4874239 2.9624696 2.4042492 2.5716600 1.9927772 2.1701222 2.0487788 2.7506245 3.2597527 1.9390810 2.6408191 2.7802072 2.0784491 2.9492411 1.9377715 2.1996550 2.6551792 3.1110598 2.5791085 2.4369032 3.3605273 3.5383436 4.5079850 4.1692132 
Hsap_ENST00000460843                    2.5096200 2.5983245 2.6201443 2.8441889 2.7640358 2.6261901 1.9040998 1.1931199 2.5630776 1.6346721 2.2953733 1.2467593 1.0118022 0.0000000 1.7451416 1.5462423 2.8760758 3.0438589 1.4353926 2.7848730 2.7968181 3.0451465 1.4066953 3.5658500 2.7449282 1.3329406 1.6881372 1.8140868 1.6722378 2.8068521 1.9068615 1.9265889 2.6224802 1.9496895 2.1816331 2.3312550 2.4567078 2.9112475 2.1865472 1.5993504 3.0629045 2.7086035 2.8544014 1.9181950 2.0067273 2.1265589 2.9220841 3.3022506 1.8075997 2.5880473 2.8778303 1.9608701 2.8655498 1.8622440 2.4488292 2.4324407 3.0214490 2.7283430 2.7150872 3.3449562 3.4875709 4.1230461 4.0509595 
Spur_XM_030997990.1                     2.5145490 2.6472320 2.6538773 2.5991826 2.5880860 2.5700412 2.2001746 1.0883936 2.7094384 1.5581563 2.3739438 1.5508045 1.7495539 1.7451416 0.0000000 1.7978076 3.0167698 3.5224800 1.7342318 2.7815819 3.0142254 3.2514814 2.1244551 4.1548813 2.8277366 1.6236651 1.6013210 1.9878643 1.8426943 2.9518406 1.9130319 2.0843061 2.8434538 2.0799309 2.3117649 2.2156053 2.2998289 2.9789194 2.1652893 1.8329452 3.3724475 2.8176554 3.5150511 2.2011345 2.4551800 2.4882294 2.9833016 3.3501627 2.0820924 3.0128020 2.8151283 2.3019876 3.1537313 2.0874997 2.5073055 2.5461124 3.1570153 2.8374691 2.6768860 3.3307178 3.7482623 4.4539612 4.1734218 
Cscu_XM_023369097.1                     2.1654582 2.2836925 2.2788731 2.2690264 2.3510934 2.1892073 1.3333849 1.1872328 1.7186986 1.2713936 1.2470320 1.3281892 1.6794492 1.5462423 1.7978076 0.0000000 2.4523629 2.7817837 1.8509516 2.2282808 2.3548286 2.5072093 2.0856439 3.1524912 2.2757812 1.7705947 1.6206001 2.2576383 1.9858509 2.5227229 2.0307856 2.0169238 2.5679942 2.1856557 2.3282739 2.2363133 2.2270701 2.4647967 2.2875141 1.7213468 2.7806086 2.7762288 3.4999406 1.2961864 1.7026281 2.5523202 3.1547019 2.8327099 2.1841789 2.7439901 2.2536498 2.0877488 2.4761750 2.1014520 2.2982672 2.5095241 2.6212824 2.6910092 2.4793632 2.7918264 2.5498009 3.7368981 4.0373841 
Gasp_gasp1.m3.11471.m1                  2.7337984 2.9610998 2.9898836 3.0379365 2.9164479 3.2539545 3.2094958 1.5621799 3.1139752 1.9809722 3.5793470 2.5038334 2.8697575 2.8760758 3.0167698 2.4523629 0.0000000 0.3418417 0.4087771 0.7961357 1.1648041 1.2533806 0.4747239 0.5880913 1.6560589 0.9916225 2.6964386 1.6813189 1.4750675 2.8988147 1.9018495 2.0613482 2.7944717 2.3580778 2.3086797 2.5703884 2.9259737 2.8555674 2.2330313 2.0145996 3.1897201 2.6012313 2.7249028 3.1002026 2.9921775 1.8437477 2.8132467 3.3891000 1.9033557 2.9823627 2.4503764 2.2662177 2.9336021 2.0272277 2.1817381 2.2568003 2.9137490 2.7092290 2.9363801 3.1682009 3.0704768 5.0017772 4.3738852 
Fspp_ffun1.m4.21540.m1                  3.1348648 3.5053235 3.4860798 3.3142763 3.2353560 4.0895335 3.6308960 2.0753641 3.6763816 3.9709016 4.1979168 2.5748529 3.1834804 3.0438589 3.5224800 2.7817837 0.3418417 0.0000000 0.2790060 0.5974137 1.0178400 1.2141510 0.3835602 0.4633630 1.5173944 0.9148611 2.6665551 0.0000010 0.0000010 2.7816666 1.5226976 1.9208951 2.4797165 2.5194545 2.2738626 2.7615101 2.7615101 3.1385350 2.2900078 1.9317494 2.9017490 2.2848331 2.6151906 3.4563634 3.2325228 3.3627537 3.2607986 3.7577144 2.3276237 2.5164452 2.4619726 2.2171058 2.5865573 1.9078190 2.3081241 2.3378448 3.0422346 2.8509200 2.9399984 3.2983358 3.3562995 4.3406953 4.1135573 
Spis_XP_022803144_1                     2.0171261 1.9385363 1.9626070 2.1120574 2.1113021 1.9748589 1.7023090 1.5873681 1.8270425 1.9326383 1.8350752 1.3617118 1.5915482 1.4353926 1.7342318 1.8509516 0.4087771 0.2790060 0.0000000 0.3821665 0.4535831 0.4688652 0.4005410 0.0707370 0.8340587 0.8722827 1.5649081 1.7281596 1.4885261 2.0520589 1.7521846 1.8974709 1.9958844 1.9912506 1.9851913 2.2443258 2.3396402 2.2075442 2.0756979 2.1770302 1.9482244 1.9524431 2.4839559 1.6485794 2.0094131 1.6711481 2.0921206 2.0437514 1.9371041 2.0890532 1.6042095 1.7272260 1.7591299 1.5534085 1.9102249 1.5695608 1.5186293 1.9265206 2.0443820 1.5167607 2.3035838 2.2510894 2.5590691 
Gfas_gfas1.m1.16163.m1                  2.7222602 2.6747861 2.6604312 2.8722966 2.8041375 2.9820669 3.0082277 1.4816478 2.9860739 1.6011824 3.2409919 2.3262308 2.6860653 2.7848730 2.7815819 2.2282808 0.7961357 0.5974137 0.3821665 0.0000000 0.8118601 0.8458733 0.3376906 0.9435894 1.4127940 0.8686447 2.5597144 1.2970598 0.8282514 2.4582052 1.3715364 1.6049366 2.3650127 1.7162822 1.9957451 1.6992478 1.8414393 2.6257085 1.8142175 2.0482054 2.5942872 2.0822235 2.8882971 2.9120763 2.6381860 1.8282955 2.7053688 3.0675265 1.7150222 2.5552163 2.3310876 1.9306149 2.4077681 1.7285229 1.8748365 2.1385818 2.5131308 2.1824034 2.2572662 2.9000387 2.7538176 4.9596832 4.3015539 
Amil_Amillepora01191-RA                 2.6996608 2.7814452 2.7891514 3.0655385 3.0268502 3.0514826 3.1616467 1.4999734 3.2405149 2.1697108 3.7116300 2.5490896 2.8138261 2.7968181 3.0142254 2.3548286 1.1648041 1.0178400 0.4535831 0.8118601 0.0000000 0.0182852 0.0366953 1.4741058 1.7848980 0.9321476 2.9712412 1.3743100 1.4818520 2.6072869 1.5093572 1.8942792 2.6250591 1.9968119 2.1929465 2.1393292 2.3627665 2.9685994 2.0641663 2.2555856 3.4359821 2.5198846 3.3040329 3.2323881 2.7797937 1.8508795 2.8359177 3.4228108 1.8050614 2.9540109 2.5658023 2.1437061 3.0427913 1.7104335 2.0397793 2.2470306 2.8904000 2.5637987 2.5526958 3.3173611 3.2148085 5.3546003 4.8942171 
Amil_Amillepora01183-RA                 2.7883049 2.7948451 2.8182174 3.2577619 3.2465253 3.0848278 3.4920298 1.4149049 3.5043061 2.1549259 3.7698300 2.8100551 3.0600695 3.0451465 3.2514814 2.5072093 1.2533806 1.2141510 0.4688652 0.8458733 0.0182852 0.0000000 0.0366953 1.7231259 1.8186824 0.9941953 3.3530103 1.5654187 1.4818520 3.0483356 1.6860442 2.2423319 2.9817106 2.0430319 2.5232395 2.2182099 2.4459372 3.2132032 2.3141138 2.9493537 3.8382526 2.8110043 3.3804229 3.3787030 3.1481339 2.0578112 2.8710452 3.5778368 1.8967452 3.5893671 2.8962731 2.5378672 3.4765345 1.9424421 2.2640224 2.4433143 2.9597716 2.5690800 2.6431691 3.3315233 3.5755256 7.0744619 5.4024552 
Adig_XM_015909368.1                     2.7665599 2.6608535 2.6911424 2.8771608 2.6707828 2.7284219 2.5009051 0.7125365 2.8332752 0.0000010 2.0817104 1.5769753 1.6687643 1.4066953 2.1244551 2.0856439 0.4747239 0.3835602 0.4005410 0.3376906 0.0366953 0.0366953 0.0000000 0.3912572 1.0420916 1.1463685 1.7140698 0.4353376 0.4353376 2.9965139 0.4353376 2.1967972 2.6617601 2.0166549 2.9837811 3.6821334 3.6821334 2.9487664 2.9026059 2.9002607 3.0005410 3.0005410 3.3076687 2.0753109 2.5851032 1.7793161 2.9100850 2.4845260 2.2370508 2.3387057 2.2619511 3.0769240 2.1540027 2.1990904 2.3307266 1.6122984 1.4991948 2.5378877 2.5977034 1.4728626 2.3426398 2.9457400 2.3717373 
Pocdam_XM_027201235.1                   4.0118929 4.3939533 4.4451632 4.5086128 4.3685270 4.8884525 4.2901645 3.6008660 4.5856333 3.5264703 4.4465425 3.3869843 3.6518474 3.5658500 4.1548813 3.1524912 0.5880913 0.4633630 0.0707370 0.9435894 1.4741058 1.7231259 0.3912572 0.0000000 1.8609050 0.8754916 3.4626180 0.0000010 0.0000010 3.7267932 3.5390444 1.9094112 3.3160288 9.0000000 2.5917912 6.8656146 6.8656146 3.8351559 2.6041773 2.0844948 3.6547153 2.9499086 2.9297771 4.0223134 3.6750593 5.7380060 4.0384670 4.7599414 1.8791710 2.6490098 2.8000683 2.2860488 3.0834982 2.0580739 2.0336028 2.9328597 3.4832157 3.3399160 3.3039802 4.0075323 3.8508423 5.0084484 4.5260634 
Nvec_NVE16554                           2.3914460 2.4758088 2.4742592 2.5183466 2.4485480 2.5506317 2.8233738 1.4880090 2.9573070 1.7730295 3.0414694 2.4260744 2.4690584 2.7449282 2.8277366 2.2757812 1.6560589 1.5173944 0.8340587 1.4127940 1.7848980 1.8186824 1.0420916 1.8609050 0.0000000 0.5124757 2.3839116 1.5258489 1.3241704 2.4514278 1.4238178 1.6514485 2.4444929 1.7703645 2.0537702 1.9214250 2.0266250 2.4949916 1.8403533 1.7797576 2.5729041 2.1882335 2.6680266 2.7835723 2.9129981 1.9839977 2.8581824 3.3622848 2.0898505 2.2510633 2.2203275 1.9020548 2.3969983 1.6699502 1.8668050 2.0210962 2.8747288 2.3965079 2.5739427 2.9661557 3.1306785 5.2760356 4.6551160 
Exapal_XM_021051081.2                   1.9285178 1.7723808 1.7972391 1.9397750 1.8702592 1.7855214 1.4939734 1.4974593 1.7186263 1.7693560 1.6672530 1.2586118 1.3587494 1.3329406 1.6236651 1.7705947 0.9916225 0.9148611 0.8722827 0.8686447 0.9321476 0.9941953 1.1463685 0.8754916 0.5124757 0.0000000 1.4721062 1.5208415 1.3149801 1.8072962 1.4504502 1.6149872 1.8053691 1.6886900 1.7218974 1.8622491 1.9420510 1.7737133 1.8091207 1.7910857 1.8287574 1.8314075 2.2480331 1.4609249 1.9237987 1.7172426 2.1955519 2.1628701 2.2277980 1.9663134 1.6106687 1.5473884 1.8092326 1.5529304 1.9277765 1.5905672 1.5719853 1.8022723 1.9310270 1.7768666 2.2933602 2.5325570 2.7585496 
Skow_XM_006815111.1                     2.5502383 2.7072796 2.6614287 2.6942714 2.6550849 2.6416255 1.9127942 1.0656173 2.4276207 1.3510675 2.4200118 1.2775821 1.6745773 1.6881372 1.6013210 1.6206001 2.6964386 2.6665551 1.5649081 2.5597144 2.9712412 3.3530103 1.7140698 3.4626180 2.3839116 1.4721062 0.0000000 1.5996452 1.2200444 2.7462543 1.7026236 1.7901274 2.6485081 1.9334805 2.1228006 1.9178851 2.0148710 2.8350937 1.9547255 1.8223917 3.0253058 2.5363580 3.0302634 1.7452906 2.3404640 2.1060159 2.8400503 3.5047209 2.0501402 2.5072379 2.8652774 2.0827684 2.9020356 1.9094330 2.1633544 2.7471023 3.2633133 2.5267352 2.3982526 3.5228612 3.4488831 4.1815221 3.8013160 
Bolinf_Binf_sb1242465                   2.0673873 1.7388937 1.6747814 2.0279049 2.1589115 2.1061536 2.0234158 2.3637230 1.9677539 2.0904512 1.7440346 1.7012589 1.8265572 1.8140868 1.9878643 2.2576383 1.6813189 0.0000010 1.7281596 1.2970598 1.3743100 1.5654187 0.4353376 0.0000010 1.5258489 1.5208415 1.5996452 0.0000000 0.0000010 0.0428572 0.1319368 0.1319368 0.1477136 0.0696078 0.0696078 0.2720437 0.4125919 0.2591962 0.2931973 1.7989383 0.3743014 0.3743014 0.0000010 1.3301333 2.0896418 2.3427038 2.3858295 1.9419418 2.3873128 2.1980083 1.8726441 2.0442817 2.3231680 1.9397791 2.2678893 2.0063052 1.7358676 1.9420916 2.7509297 2.1430400 2.7302930 5.6203310 6.1502495 
Mertsp_Mesp_sb567369                    1.7843072 1.4756866 1.4161726 1.7439150 1.9136481 1.9838415 1.7133978 2.0609989 1.6011486 2.0904512 1.5245466 1.3710616 1.6417767 1.6722378 1.8426943 1.9858509 1.4750675 0.0000010 1.4885261 0.8282514 1.4818520 1.4818520 0.4353376 0.0000010 1.3241704 1.3149801 1.2200444 0.0000010 0.0000000 0.0449122 0.1237181 0.1237181 0.1564570 0.0442885 0.0442885 0.2184173 0.4106142 0.2024222 0.2465953 9.0000000 0.3503366 0.3503366 0.0000010 0.9639270 1.6666503 1.8074562 1.9725830 1.4962084 1.8475443 2.0699900 1.3769984 1.4543031 2.0278889 1.4888000 1.9578167 1.7601627 1.3957388 1.6199542 2.7133437 1.8417596 2.3337891 4.3566550 4.9562615 
Mlei_ML0627.g1.i1                       2.9535908 2.7956312 2.7552786 2.9876351 3.0664870 2.8657617 2.8493009 2.1272502 2.7995511 2.3668102 2.9640263 2.6346631 2.5504514 2.8068521 2.9518406 2.5227229 2.8988147 2.7816666 2.0520589 2.4582052 2.6072869 3.0483356 2.9965139 3.7267932 2.4514278 1.8072962 2.7462543 0.0428572 0.0449122 0.0000000 0.1304435 0.1389561 0.2971902 0.1302076 0.1464854 0.4053634 0.5627318 0.4239653 0.3358711 0.1640965 0.6398006 0.6151785 0.4156231 2.8449980 3.0771596 2.5301510 3.0448120 3.1669994 2.4944414 2.6823825 2.8478785 2.6895840 3.0958827 2.4747495 2.3993544 2.4979460 2.7830097 2.7349011 2.8172548 3.2407390 3.6955630 4.1302110 4.5004063 
Drygla_Dgla_sb299959                    1.9090123 1.7199848 1.6866439 1.9479764 1.9283261 1.9900026 1.9520112 2.0601917 2.0091205 1.9589935 1.5845215 1.6801948 1.8759452 1.9068615 1.9130319 2.0307856 1.9018495 1.5226976 1.7521846 1.3715364 1.5093572 1.6860442 0.4353376 3.5390444 1.4238178 1.4504502 1.7026236 0.1319368 0.1237181 0.1304435 0.0000000 0.0172741 0.1164339 0.0385887 0.0589424 0.1875553 0.3025112 0.2001950 0.2845142 1.9057750 0.2685518 0.2685518 0.0000010 1.4741415 2.1817332 2.2366734 2.3965696 2.0176414 2.3012402 2.2022419 2.0370520 1.9330795 2.1558408 1.8357023 2.2121088 1.8385882 1.8764519 1.9989511 2.6555261 2.2381191 2.7008655 4.4832431 5.6182816 
Drygla_Dgla_sb299955                    2.3330137 2.1544090 2.1285185 2.3128096 2.3305133 2.2763455 2.0584250 2.0268547 2.0385326 2.3287509 1.9188281 1.7159370 1.8501104 1.9265889 2.0843061 2.0169238 2.0613482 1.9208951 1.8974709 1.6049366 1.8942792 2.2423319 2.1967972 1.9094112 1.6514485 1.6149872 1.7901274 0.1319368 0.1237181 0.1389561 0.0172741 0.0000000 0.1980170 0.1093923 0.1101176 0.2948586 0.4291326 0.3414770 0.4014218 0.0248433 0.3719064 0.3710053 0.5351913 1.7527163 2.1901987 2.2300824 2.5654559 2.3692045 2.4933538 2.3702738 2.0839254 2.1771379 2.2954906 2.0689615 2.4114818 1.9330937 2.1460638 2.2560646 2.4598033 2.5390765 2.6281681 2.3356108 2.5764388 
Lampan_Lpan_15225_01                    2.8771899 2.7297452 2.7068142 2.8423209 2.8750911 2.8571223 2.8327554 2.0857938 2.8249083 2.3008011 2.7679581 2.5289260 2.5271586 2.6224802 2.8434538 2.5679942 2.7944717 2.4797165 1.9958844 2.3650127 2.6250591 2.9817106 2.6617601 3.3160288 2.4444929 1.8053691 2.6485081 0.1477136 0.1564570 0.2971902 0.1164339 0.1980170 0.0000000 0.1794430 0.1940515 0.4030315 0.5586760 0.3967215 0.3250526 0.3288965 0.6414363 0.6267267 0.4134112 2.7459469 2.7734891 2.3961423 3.0243350 3.1195426 2.4386353 2.7837990 2.8662614 2.5307951 2.9367269 2.3537468 2.5196174 2.4954430 2.5864003 2.6953338 2.8103534 3.1717851 3.4852223 4.0902937 4.4110126 
Beraby_Baby_sb346969                    2.3647413 2.2769726 2.2803651 2.5083997 2.5391587 2.2652215 2.1979964 1.8050964 2.1713459 1.7918505 1.7471794 1.7026576 2.0185409 1.9496895 2.0799309 2.1856557 2.3580778 2.5194545 1.9912506 1.7162822 1.9968119 2.0430319 2.0166549 9.0000000 1.7703645 1.6886900 1.9334805 0.0696078 0.0442885 0.1302076 0.0385887 0.1093923 0.1794430 0.0000000 0.0622394 0.3087576 0.4054957 0.3154048 0.3304275 1.1118431 0.3285683 0.3285683 1.6600281 1.8739850 2.4499923 2.0569791 2.5650433 2.4576447 2.5551055 2.6712941 2.3277687 2.3685521 2.4625909 2.1306690 2.3616581 2.2609875 2.1396024 2.0960667 2.3437153 2.3732271 2.7748739 8.9999988 7.8416134 
Beraby_Baby_sb346968                    2.5530345 2.4929196 2.4969675 2.5976595 2.6170145 2.3889122 2.4135916 1.8143088 2.3389364 1.9402737 2.1915444 1.9336600 2.0666966 2.1816331 2.3117649 2.3282739 2.3086797 2.2738626 1.9851913 1.9957451 2.1929465 2.5232395 2.9837811 2.5917912 2.0537702 1.7218974 2.1228006 0.0696078 0.0442885 0.1464854 0.0589424 0.1101176 0.1940515 0.0622394 0.0000000 0.3730213 0.4750173 0.3385604 0.3191744 0.1770919 0.4595882 0.4622626 0.3730865 2.2280388 2.4414641 2.2256351 2.6378594 2.5882096 2.4332083 2.5183988 2.5810220 2.5959410 2.8112359 2.4197447 2.4311121 2.2665985 2.2045465 2.4877764 2.4366089 2.5010504 3.1418556 2.8068328 3.2012044 
Coeast_Cast_sb777717                    2.2474941 1.9951004 1.9980323 2.2139485 2.2655861 2.2241442 2.3588773 2.0974630 2.5041931 2.1118472 1.9932944 1.9674828 2.1663770 2.3312550 2.2156053 2.2363133 2.5703884 2.7615101 2.2443258 1.6992478 2.1393292 2.2182099 3.6821334 6.8656146 1.9214250 1.8622491 1.9178851 0.2720437 0.2184173 0.4053634 0.1875553 0.2948586 0.4030315 0.3087576 0.3730213 0.0000000 0.0528023 0.1590465 0.3680058 2.0371031 0.5650978 0.5569134 1.9509984 2.0143247 2.4976292 2.3466369 3.0646131 2.8759876 2.7689678 2.8245416 2.4625814 2.4721923 2.6295518 2.2007492 2.7840859 2.4142314 2.1875330 2.3135823 2.9994137 2.5788130 3.1231074 8.9999985 7.8820195 
Coeast_Cast_sb777718                    2.2273832 1.9429445 1.9458782 2.1142361 2.2492577 2.2316214 2.3351115 2.0944198 2.5128525 2.3598813 2.0479125 2.1160327 2.2879490 2.4567078 2.2998289 2.2270701 2.9259737 2.7615101 2.3396402 1.8414393 2.3627665 2.4459372 3.6821334 6.8656146 2.0266250 1.9420510 2.0148710 0.4125919 0.4106142 0.5627318 0.3025112 0.4291326 0.5586760 0.4054957 0.4750173 0.0528023 0.0000000 0.2816858 0.4964909 2.0371031 0.7028354 0.6921063 1.9509984 2.1174372 2.6284172 2.2561821 2.9461241 2.9764054 2.8800935 2.7355639 2.6905348 2.4622033 2.3618847 2.3967040 2.9476008 2.3945193 2.2573406 2.4214898 3.2733777 2.6110936 3.2276637 8.9999985 7.8820195 
Coemet_Cmet_scaffold12765_01            3.0033895 2.8269848 2.8330748 3.0155079 3.0799487 3.0236129 2.9892685 1.9441588 3.1839361 2.4356744 2.8636605 2.5649178 2.6785811 2.9112475 2.9789194 2.4647967 2.8555674 3.1385350 2.2075442 2.6257085 2.9685994 3.2132032 2.9487664 3.8351559 2.4949916 1.7737133 2.8350937 0.2591962 0.2024222 0.4239653 0.2001950 0.3414770 0.3967215 0.3154048 0.3385604 0.1590465 0.2816858 0.0000000 0.2389718 0.4911010 0.7821985 0.6843795 0.3875366 2.9263725 3.0800414 2.4315260 3.0044586 3.2654725 2.5840520 3.0412439 3.1740214 2.7186874 3.3550355 2.5166911 2.8592134 2.8606695 3.0359759 2.8852742 2.9831099 3.5939089 3.7461819 4.2378764 4.1720370 
Vmul_Simscaffold15938_01                2.4347843 2.3988501 2.3756272 2.4625346 2.5177626 2.3616202 2.2170124 2.0648179 2.4101934 2.2738357 2.1448402 1.8992570 2.0166330 2.1865472 2.1652893 2.2875141 2.2330313 2.2900078 2.0756979 1.8142175 2.0641663 2.3141138 2.9026059 2.6041773 1.8403533 1.8091207 1.9547255 0.2931973 0.2465953 0.3358711 0.2845142 0.4014218 0.3250526 0.3304275 0.3191744 0.3680058 0.4964909 0.2389718 0.0000000 0.4758683 0.5483847 0.5511044 0.0000010 1.9576340 2.4309860 2.3381439 2.5472766 2.3865245 2.6362138 2.5228989 2.2915158 2.5744368 2.6757605 2.3579154 2.5622287 2.2646974 2.2496597 2.2892654 2.4646011 2.3953772 2.9483761 2.5480643 2.6177173 
Drygla_Dgla_sb299961                    2.5326458 2.5414341 2.5236748 2.3189651 2.3867862 2.3672832 1.7345743 2.5646855 2.0300133 5.0336974 1.7428813 1.6341744 1.4874239 1.5993504 1.8329452 1.7213468 2.0145996 1.9317494 2.1770302 2.0482054 2.2555856 2.9493537 2.9002607 2.0844948 1.7797576 1.7910857 1.8223917 1.7989383 9.0000000 0.1640965 1.9057750 0.0248433 0.3288965 1.1118431 0.1770919 2.0371031 2.0371031 0.4911010 0.4758683 0.0000000 0.7426315 0.7431213 0.3998527 1.7041415 1.8347787 7.3012483 2.5271023 2.7114322 2.3564737 2.0291253 2.3713121 2.4105388 2.5789999 2.4895578 2.3817921 2.0951750 1.8011406 2.4918471 2.4918471 2.0764067 2.6278611 2.4848299 2.4932992 
Pbac_sb2643079                          2.9326142 2.9295566 2.9292116 3.0908951 3.1680534 3.0641743 3.4315151 2.0675338 3.1656004 2.9592813 3.4296517 2.8000281 2.9624696 3.0629045 3.3724475 2.7806086 3.1897201 2.9017490 1.9482244 2.5942872 3.4359821 3.8382526 3.0005410 3.6547153 2.5729041 1.8287574 3.0253058 0.3743014 0.3503366 0.6398006 0.2685518 0.3719064 0.6414363 0.3285683 0.4595882 0.5650978 0.7028354 0.7821985 0.5483847 0.7426315 0.0000000 0.0127447 0.8597117 3.0719899 3.0570992 2.6186922 2.9037051 3.2087219 2.3075025 2.6281747 2.8534791 2.4336720 3.2900518 2.2981377 2.4568361 3.0175418 3.2177360 2.7108086 3.0101355 3.9338760 3.4291295 3.9702417 3.9523974 
Horcal_Hcv1.av93.c9.g187.i2             2.8584839 2.7071891 2.7234866 2.8460459 2.8835527 2.8519307 2.6774563 2.0675338 2.6208446 2.4418206 2.7686639 2.3416752 2.4042492 2.7086035 2.8176554 2.7762288 2.6012313 2.2848331 1.9524431 2.0822235 2.5198846 2.8110043 3.0005410 2.9499086 2.1882335 1.8314075 2.5363580 0.3743014 0.3503366 0.6151785 0.2685518 0.3710053 0.6267267 0.3285683 0.4622626 0.5569134 0.6921063 0.6843795 0.5511044 0.7431213 0.0127447 0.0000000 0.8677438 2.5200711 2.7316073 2.4816398 2.7314029 2.7160883 2.3075025 2.4803800 2.4150970 2.4539075 2.8000702 2.3053886 2.4000994 2.6390636 2.7092789 2.4387506 2.5122750 3.2638989 3.0713954 3.2370013 3.6163841 
Vmul_sbMO399870                         3.3440192 3.6055181 3.6853588 3.3478705 3.2731864 3.2357450 3.5687855 0.0000010 3.7000590 5.0336974 3.2475786 2.5074340 2.5716600 2.8544014 3.5150511 3.4999406 2.7249028 2.6151906 2.4839559 2.8882971 3.3040329 3.3804229 3.3076687 2.9297771 2.6680266 2.2480331 3.0302634 0.0000010 0.0000010 0.4156231 0.0000010 0.5351913 0.4134112 1.6600281 0.3730865 1.9509984 1.9509984 0.3875366 0.0000010 0.3998527 0.8597117 0.8677438 0.0000000 3.0746730 3.5243131 8.9999988 3.1785330 3.1452167 2.4313846 2.4783899 3.6432217 3.6006707 3.8110204 3.3244690 2.6794182 3.1194129 2.7815675 3.4802840 2.9194055 2.6256584 3.9188337 3.0463454 2.7165053 
Acagra_model.g20784.t1                  2.5759042 2.7135337 2.7341388 2.7189940 2.6860292 2.6608473 0.9770099 0.6192384 2.3243640 1.3513983 2.1773602 1.5883611 1.9927772 1.9181950 2.2011345 1.2961864 3.1002026 3.4563634 1.6485794 2.9120763 3.2323881 3.3787030 2.0753109 4.0223134 2.7835723 1.4609249 1.7452906 1.3301333 0.9639270 2.8449980 1.4741415 1.7527163 2.7459469 1.8739850 2.2280388 2.0143247 2.1174372 2.9263725 1.9576340 1.7041415 3.0719899 2.5200711 3.0746730 0.0000000 2.2330166 2.2298268 3.2508661 3.5944418 2.1214394 2.6125649 2.8940378 2.0491318 2.8203941 2.0570539 2.2741801 2.7551506 3.4704001 2.8041004 2.6625035 3.4725728 3.8063838 4.8213682 4.5689170 
Tcas_TC011127_001                       2.7539367 2.7476130 2.7738282 2.8590995 2.8244712 3.0978861 2.1567427 1.2813102 1.9609822 1.6989000 2.1174511 1.9338647 2.1701222 2.0067273 2.4551800 1.7026281 2.9921775 3.2325228 2.0094131 2.6381860 2.7797937 3.1481339 2.5851032 3.6750593 2.9129981 1.9237987 2.3404640 2.0896418 1.6666503 3.0771596 2.1817332 2.1901987 2.7734891 2.4499923 2.4414641 2.4976292 2.6284172 3.0800414 2.4309860 1.8347787 3.0570992 2.7316073 3.5243131 2.2330166 0.0000000 2.5139476 3.4613101 3.8881267 2.0641538 2.6934773 2.8617249 2.3460869 3.0303775 2.3050466 2.4460169 3.1868525 3.2107866 2.8592690 2.8871276 3.1114687 3.4679379 4.4777926 4.5733588 
Leuniv_Lniv_scaffold5354_01             2.2320028 2.0399109 2.0582608 2.2284319 2.2052443 2.2916722 2.4577971 1.9828283 2.4252253 2.1176873 2.1253119 1.9588465 2.0487788 2.1265589 2.4882294 2.5523202 1.8437477 3.3627537 1.6711481 1.8282955 1.8508795 2.0578112 1.7793161 5.7380060 1.9839977 1.7172426 2.1060159 2.3427038 1.8074562 2.5301510 2.2366734 2.2300824 2.3961423 2.0569791 2.2256351 2.3466369 2.2561821 2.4315260 2.3381439 7.3012483 2.6186922 2.4816398 8.9999988 2.2298268 2.5139476 0.0000000 0.4562939 0.5490094 1.3003501 2.1452698 1.9267135 1.5120230 2.0311366 1.6054890 1.7920313 2.1180279 2.1276101 1.8081687 2.1694429 2.1790358 2.8368838 7.4813496 4.4555953 
Gracom_Gcom_scaffold18804_01            2.9618674 2.9172247 2.9254920 3.0318474 3.0748939 3.0881534 3.3199362 1.9813373 3.1818009 2.4154224 3.1624460 2.6257724 2.7506245 2.9220841 2.9833016 3.1547019 2.8132467 3.2607986 2.0921206 2.7053688 2.8359177 2.8710452 2.9100850 4.0384670 2.8581824 2.1955519 2.8400503 2.3858295 1.9725830 3.0448120 2.3965696 2.5654559 3.0243350 2.5650433 2.6378594 3.0646131 2.9461241 3.0044586 2.5472766 2.5271023 2.9037051 2.7314029 3.1785330 3.2508661 3.4613101 0.4562939 0.0000000 0.7721511 1.3951317 2.5566772 2.6882503 2.5403851 3.0084002 2.5189955 2.2572806 2.6832032 3.2661613 2.3919224 2.4430791 3.1494487 3.4105102 1.1801375 1.4255117 
Lcom_lcpid5512                          3.2903246 3.3183198 3.3326654 3.5598655 3.5737339 3.4685918 3.5078891 1.7331145 3.5799051 2.7306628 3.8077760 3.0351528 3.2597527 3.3022506 3.3501627 2.8327099 3.3891000 3.7577144 2.0437514 3.0675265 3.4228108 3.5778368 2.4845260 4.7599414 3.3622848 2.1628701 3.5047209 1.9419418 1.4962084 3.1669994 2.0176414 2.3692045 3.1195426 2.4576447 2.5882096 2.8759876 2.9764054 3.2654725 2.3865245 2.7114322 3.2087219 2.7160883 3.1452167 3.5944418 3.8881267 0.5490094 0.7721511 0.0000000 1.3117201 2.7780363 3.0436584 2.3891565 3.5335866 2.4125451 2.2265963 2.7299340 3.6293193 2.8242712 2.9234688 3.8637693 3.8677311 1.7732036 1.7177247 
Clacor_Ccor_scaffold11350_01            2.2638312 2.0942062 2.0950255 2.2322303 2.2356671 2.2392986 1.9864955 1.5871826 2.0120668 1.9474069 2.2399056 1.8256446 1.9390810 1.8075997 2.0820924 2.1841789 1.9033557 2.3276237 1.9371041 1.7150222 1.8050614 1.8967452 2.2370508 1.8791710 2.0898505 2.2277980 2.0501402 2.3873128 1.8475443 2.4944414 2.3012402 2.4933538 2.4386353 2.5551055 2.4332083 2.7689678 2.8800935 2.5840520 2.6362138 2.3564737 2.3075025 2.3075025 2.4313846 2.1214394 2.0641538 1.3003501 1.3951317 1.3117201 0.0000000 2.7679274 1.9759132 1.9671425 2.1944279 1.8711649 2.3030468 2.1560974 1.9513354 2.4038804 2.4539508 1.9976639 2.6345415 1.4620297 2.4031111 
Hvul_g8130_1                            2.5760678 2.5706522 2.5627896 2.6381811 2.6005062 2.5865201 2.7339768 2.2411878 2.7720603 5.7265816 3.1203937 2.4787968 2.6408191 2.5880473 3.0128020 2.7439901 2.9823627 2.5164452 2.0890532 2.5552163 2.9540109 3.5893671 2.3387057 2.6490098 2.2510633 1.9663134 2.5072379 2.1980083 2.0699900 2.6823825 2.2022419 2.3702738 2.7837990 2.6712941 2.5183988 2.8245416 2.7355639 3.0412439 2.5228989 2.0291253 2.6281747 2.4803800 2.4783899 2.6125649 2.6934773 2.1452698 2.5566772 2.7780363 2.7679274 0.0000000 1.8949320 1.7031173 2.0123984 1.7128346 0.7173915 2.8186054 2.7096152 2.7054647 2.3770168 2.6294324 2.3535815 3.3084105 3.2086752 
Sanmal_Sma_022114-T1                    2.5945053 2.7398229 2.7385136 2.7991535 2.6933888 2.7561465 2.9723666 1.7827425 3.1208829 2.1731949 3.2536993 2.4963985 2.7802072 2.8778303 2.8151283 2.2536498 2.4503764 2.4619726 1.6042095 2.3310876 2.5658023 2.8962731 2.2619511 2.8000683 2.2203275 1.6106687 2.8652774 1.8726441 1.3769984 2.8478785 2.0370520 2.0839254 2.8662614 2.3277687 2.5810220 2.4625814 2.6905348 3.1740214 2.2915158 2.3713121 2.8534791 2.4150970 3.6432217 2.8940378 2.8617249 1.9267135 2.6882503 3.0436584 1.9759132 1.8949320 0.0000000 0.6715246 0.9435384 0.5133727 1.4681077 2.7050762 2.7281727 2.4696385 2.5730189 2.9175858 2.4954151 4.0429426 4.0026167 
Aaur_scaffold758.g8.t6                  2.4901807 2.3834988 2.3878367 2.5567583 2.4429577 2.5018264 2.0099759 1.6888933 2.4749270 2.1486386 2.1830395 1.6823557 2.0784491 1.9608701 2.3019876 2.0877488 2.2662177 2.2171058 1.7272260 1.9306149 2.1437061 2.5378672 3.0769240 2.2860488 1.9020548 1.5473884 2.0827684 2.0442817 1.4543031 2.6895840 1.9330795 2.1771379 2.5307951 2.3685521 2.5959410 2.4721923 2.4622033 2.7186874 2.5744368 2.4105388 2.4336720 2.4539075 3.6006707 2.0491318 2.3460869 1.5120230 2.5403851 2.3891565 1.9671425 1.7031173 0.6715246 0.0000000 0.3873020 0.4010208 1.2964416 2.3253313 2.3598873 2.4835368 2.3682768 2.2937504 2.1000467 3.0829935 3.4588404 
Rhoesc_Res_015772-T2                    2.8367684 3.1215395 3.1172576 3.1427904 2.9357800 3.0810962 2.9679414 2.1479815 3.6402562 3.8862647 3.4318463 2.5349529 2.9492411 2.8655498 3.1537313 2.4761750 2.9336021 2.5865573 1.7591299 2.4077681 3.0427913 3.4765345 2.1540027 3.0834982 2.3969983 1.8092326 2.9020356 2.3231680 2.0278889 3.0958827 2.1558408 2.2954906 2.9367269 2.4625909 2.8112359 2.6295518 2.3618847 3.3550355 2.6757605 2.5789999 3.2900518 2.8000702 3.8110204 2.8203941 3.0303775 2.0311366 3.0084002 3.5335866 2.1944279 2.0123984 0.9435384 0.3873020 0.0000000 0.2195067 1.6006676 3.0320212 3.3104440 2.7827496 2.9120315 3.5071173 2.5857085 5.1994905 3.8189111 
Nemnom_g5409.t1                         2.3426026 2.4478604 2.4452826 2.4921358 2.3651963 2.4303221 2.0356701 1.7522811 2.4430955 1.9178608 2.1792764 1.6745400 1.9377715 1.8622440 2.0874997 2.1014520 2.0272277 1.9078190 1.5534085 1.7285229 1.7104335 1.9424421 2.1990904 2.0580739 1.6699502 1.5529304 1.9094330 1.9397791 1.4888000 2.4747495 1.8357023 2.0689615 2.3537468 2.1306690 2.4197447 2.2007492 2.3967040 2.5166911 2.3579154 2.4895578 2.2981377 2.3053886 3.3244690 2.0570539 2.3050466 1.6054890 2.5189955 2.4125451 1.8711649 1.7128346 0.5133727 0.4010208 0.2195067 0.0000000 1.3366672 2.2953759 2.2255487 2.4004636 2.3098465 2.1727586 1.9167607 3.3416522 3.3658543 
Chem_TCONS_00004894                     2.4830741 2.4053593 2.4080671 2.6102895 2.5386366 2.4504446 2.4671868 2.1266703 2.5581491 2.7691465 2.4458942 2.0269730 2.1996550 2.4488292 2.5073055 2.2982672 2.1817381 2.3081241 1.9102249 1.8748365 2.0397793 2.2640224 2.3307266 2.0336028 1.8668050 1.9277765 2.1633544 2.2678893 1.9578167 2.3993544 2.2121088 2.4114818 2.5196174 2.3616581 2.4311121 2.7840859 2.9476008 2.8592134 2.5622287 2.3817921 2.4568361 2.4000994 2.6794182 2.2741801 2.4460169 1.7920313 2.2572806 2.2265963 2.3030468 0.7173915 1.4681077 1.2964416 1.6006676 1.3366672 0.0000000 2.3622531 2.3444381 2.4135087 2.4270054 2.3781127 1.9266745 2.6808297 3.2090906 
Plajan_Pjan_C570846_01                  2.5721587 2.5622081 2.5524093 2.7414367 2.7282106 2.4341166 2.8054575 1.8529141 2.7089087 2.7268356 3.0420307 2.2679692 2.6551792 2.4324407 2.5461124 2.5095241 2.2568003 2.3378448 1.5695608 2.1385818 2.2470306 2.4433143 1.6122984 2.9328597 2.0210962 1.5905672 2.7471023 2.0063052 1.7601627 2.4979460 1.8385882 1.9330937 2.4954430 2.2609875 2.2665985 2.4142314 2.3945193 2.8606695 2.2646974 2.0951750 3.0175418 2.6390636 3.1194129 2.7551506 3.1868525 2.1180279 2.6832032 2.7299340 2.1560974 2.8186054 2.7050762 2.3253313 3.0320212 2.2953759 2.3622531 0.0000000 2.8343534 1.9909213 1.7493418 2.7201797 3.3654634 4.2393292 3.9259145 
Dgig_XM_028552464.1                     2.9232949 2.9682698 2.9723991 2.9373889 3.0084496 3.1352116 3.4661918 1.7865431 3.3090744 2.1099623 3.6401673 2.7772471 3.1110598 3.0214490 3.1570153 2.6212824 2.9137490 3.0422346 1.5186293 2.5131308 2.8904000 2.9597716 1.4991948 3.4832157 2.8747288 1.5719853 3.2633133 1.7358676 1.3957388 2.7830097 1.8764519 2.1460638 2.5864003 2.1396024 2.2045465 2.1875330 2.2573406 3.0359759 2.2496597 1.8011406 3.2177360 2.7092789 2.7815675 3.4704001 3.2107866 2.1276101 3.2661613 3.6293193 1.9513354 2.7096152 2.7281727 2.3598873 3.3104440 2.2255487 2.3444381 2.8343534 0.0000000 2.3355023 2.3778791 1.3578493 3.8055927 5.4648345 5.1533889 
Opea_EP00118_Oscarella_pearsei_P002960  2.8123945 2.6867397 2.7054902 2.9681247 2.8904070 2.8122193 2.8078341 1.8165586 2.5909316 2.3214127 3.1062810 2.2966966 2.5791085 2.7283430 2.8374691 2.6910092 2.7092290 2.8509200 1.9265206 2.1824034 2.5637987 2.5690800 2.5378877 3.3399160 2.3965079 1.8022723 2.5267352 1.9420916 1.6199542 2.7349011 1.9989511 2.2560646 2.6953338 2.0960667 2.4877764 2.3135823 2.4214898 2.8852742 2.2892654 2.4918471 2.7108086 2.4387506 3.4802840 2.8041004 2.8592690 1.8081687 2.3919224 2.8242712 2.4038804 2.7054647 2.4696385 2.4835368 2.7827496 2.4004636 2.4135087 1.9909213 2.3355023 0.0000000 0.0251355 2.6485524 3.2460306 4.5503336 3.6914909 
Ocar_g6960                              2.5920522 2.4562718 2.4810496 2.6905507 2.6494353 2.6579923 2.7652539 2.3281292 2.6520662 3.4251730 3.0642019 2.2062984 2.4369032 2.7150872 2.6768860 2.4793632 2.9363801 2.9399984 2.0443820 2.2572662 2.5526958 2.6431691 2.5977034 3.3039802 2.5739427 1.9310270 2.3982526 2.7509297 2.7133437 2.8172548 2.6555261 2.4598033 2.8103534 2.3437153 2.4366089 2.9994137 3.2733777 2.9831099 2.4646011 2.4918471 3.0101355 2.5122750 2.9194055 2.6625035 2.8871276 2.1694429 2.4430791 2.9234688 2.4539508 2.3770168 2.5730189 2.3682768 2.9120315 2.3098465 2.4270054 1.7493418 2.3778791 0.0251355 0.0000000 2.7487838 3.3650438 4.2436716 3.2383157 
