122
Halamb_c2791_g1_i1m.416                                           0.0000000 0.0000010 0.7984894 0.9937634 0.9138904 2.5225344 3.4715433 3.5411839 3.5411839 3.7283289 3.7283289 3.7238436 4.1428456 3.7769574 3.9946753 4.0686209 3.7721484 3.7536589 3.3313362 3.4754332 3.4057039 3.8528850 3.8528850 3.9878652 4.2745200 3.5000664 3.5000664 4.3749350 4.8923106 4.5764820 4.7750794 4.0546008 0.0000010 3.6104001 3.7522634 5.2767264 4.9625521 4.9800172 3.3613132 3.3258295 8.9999983 4.4397543 4.7238553 4.9889905 4.6829685 5.8889861 6.0397839 5.2407187 5.3704480 3.9158145 4.4460047 4.8577277 5.2413699 5.0696468 4.8473371 4.3158348 4.2591313 4.8287516 4.4205400 5.0285550 4.9435295 5.8936848 3.8463782 6.6825674 4.7724777 3.6350473 4.6879676 4.8113925 4.8262312 4.3020406 6.0477592 5.0240407 4.3330358 4.2565553 3.4960516 3.9299523 3.8796270 3.9159470 4.8830643 4.1210120 2.2640129 4.1193350 4.1193350 4.1761396 9.0000000 3.9923213 5.0851857 3.3874355 4.2662607 5.1711723 4.2431962 4.2429384 3.7477250 3.9867217 4.0176339 4.9442276 4.4484887 4.2181410 4.5397170 4.7460642 4.1379133 5.8488777 8.5783231 5.0392820 3.3784611 3.5019784 2.8998324 3.8605667 3.7656375 3.9731500 3.4770383 5.1266941 5.0742599 9.0000000 4.9820864 4.9711692 3.9628108 6.0789772 3.7662198 6.2647968 5.8622676 5.8622676 
Halamb_c66961_g1_i1m.46509                                        0.0000010 0.0000000 0.5840567 0.7383572 0.6442700 2.0098724 3.0672963 3.1313532 3.1313532 3.2524077 3.2524077 3.2638591 3.6877958 3.3233166 3.5278213 3.5905720 3.3116953 3.2954763 2.9843368 3.2150915 3.1286904 3.4660022 3.4660022 3.1599891 3.2647242 3.3515590 3.3515590 4.0013788 4.3335753 4.0752219 4.3544183 3.8323774 0.0000010 3.5860785 3.5686074 3.0218568 4.2701223 4.0096624 3.2644158 3.2298913 7.7408890 3.9122059 4.1391456 4.2781604 3.9019021 4.3516551 4.4821604 4.3809891 3.9799289 3.7456765 3.7491829 4.0170795 4.5504469 4.4129680 4.1225912 3.8456696 3.7918689 4.0728213 3.8170867 4.2991526 4.5004359 4.9744343 3.2783562 5.3517145 4.2052772 0.9315887 4.1132607 4.2882220 3.9868227 3.5757919 5.0683545 4.1968307 3.5658268 3.7000391 3.1773345 3.4633736 3.1910593 3.2803813 3.8728906 3.8674914 1.5629736 3.6932909 3.6932909 3.9688005 9.0000000 3.7637911 5.0074798 3.1730726 3.6447905 4.8405360 3.7252170 3.9773726 3.1928403 3.3913275 3.5582617 4.1371039 3.9844945 3.8367617 3.7127716 4.0184992 3.3433290 4.5605218 4.6137410 4.0830375 2.8394069 2.8726118 2.5713576 3.0413069 3.2147177 3.1595933 3.0949937 4.8286929 4.4583939 9.0000000 4.5112223 4.5147132 3.7636041 5.4409650 3.5610198 4.8159405 4.5932829 4.9317850 
Aque_Aqu2.1.41497_001                                             0.7984894 0.5840567 0.0000000 1.0149148 1.0339386 1.9774780 3.5576908 3.6071496 3.6098208 3.9374733 3.9374733 3.5867611 3.6353287 3.6434174 3.8216733 3.9319743 3.8694482 3.8655533 3.5409344 3.8864045 3.8331493 3.6165499 3.5904250 4.6490634 4.0398479 4.0262974 3.9842895 5.2047882 4.1120307 4.3056906 4.1123262 4.6264435 4.6695396 4.2318361 4.2163371 4.1863049 4.7055224 4.9445313 4.3303079 4.3558146 5.6978623 4.9435671 5.1531822 4.5311606 4.0985671 4.4020915 4.5642987 4.6203255 4.7618355 4.3967399 4.5536560 4.0898399 4.7626454 4.5094791 4.5405730 4.5460082 4.5860931 4.5366651 4.3025256 4.5222056 4.4821255 4.8620587 4.2217454 6.2699639 4.5019570 4.1499752 4.0409870 4.2088249 3.9562443 4.2483322 4.5996383 4.7695685 4.3262437 4.4898168 4.1973422 4.4074135 4.6038446 3.8602270 4.3150686 4.3069484 4.4924589 4.0488374 4.0902887 4.3615450 4.2578598 6.8942420 4.6880087 4.5246490 5.3938193 5.0303295 4.5813584 4.3030365 4.3929147 4.4618199 4.3069930 4.1313497 4.4107152 4.4465997 4.4873328 4.8025956 4.7171499 4.8434006 5.0807363 4.5385070 2.5292733 2.5751102 2.1557741 2.4584142 2.2626041 3.0194736 2.7925959 4.1176173 5.0401132 5.8472944 5.0451440 4.9811023 5.6909030 5.8964131 4.6066710 4.4420816 5.0424465 4.9364108 
Xestes_maker-XT_scaffold29038-snap-gene-0.3-mRNA-1                0.9937634 0.7383572 1.0149148 0.0000000 0.4298557 1.8680209 2.5083140 2.8506206 2.9017781 2.8097342 2.8097342 2.9762644 2.9378537 2.8200138 2.9266461 2.9490205 3.0731016 3.0444239 3.0213860 3.4758107 3.4769555 3.4893613 3.4893613 3.9603668 3.8242597 3.1579786 3.1293018 7.7475520 4.2661401 4.0530978 3.6786594 3.7146078 4.0243446 3.2885134 3.3054434 3.2968881 4.1449955 4.0481611 3.2505857 3.1733141 4.8857059 4.2103575 4.3302934 3.9230779 3.4269601 4.0306008 4.3421914 4.4919819 4.6897872 3.4050417 3.7024744 3.6523535 3.9582695 3.8640096 3.4148689 3.5960367 3.5940386 3.8257326 3.2841492 3.7388950 3.7566361 4.2403423 3.4754586 6.1796362 3.6097837 3.6403280 3.6630929 3.6203361 3.5145994 3.6797902 4.3029065 4.4659486 4.4833780 4.4357984 3.9874907 4.3686922 4.2696842 3.5277087 3.9969700 4.6604961 5.9732275 4.4999155 4.4999155 3.9965284 8.8424055 5.0840652 5.3241808 4.0304054 4.5053200 4.7077134 3.5281523 3.6908315 3.6963632 3.7120903 3.7449058 4.3014828 4.8621999 4.7721257 4.0890062 3.9659353 3.6952572 4.8781998 4.4899158 5.5915673 2.4616455 2.4430642 2.2434772 2.6405228 2.3953909 2.9052572 2.5452181 4.2507884 3.9817984 4.8865829 4.5974726 4.6542961 4.7739703 6.7376326 3.9339556 4.3872740 4.0501191 4.0501191 
Xestes_augustus_masked-XT_scaffold12922-processed-gene-0.0-mRNA-1 0.9138904 0.6442700 1.0339386 0.4298557 0.0000000 1.6297836 2.8612029 3.0370037 3.1023178 3.1751884 3.1751884 3.5423516 3.4631920 3.4095189 3.5712352 3.6036557 3.2670341 3.2682713 3.4091593 3.8050828 3.7785231 3.9852878 3.9852878 3.4006870 3.5328050 3.2804301 3.2487330 7.2071855 4.5924889 4.3855635 3.9662081 4.0544743 5.1375063 3.3594969 3.3186349 3.3787671 3.8894370 3.9786660 3.3957547 3.4553468 5.3160696 5.0654631 4.9859654 3.9769885 3.6929843 4.4017180 4.6235580 4.6349813 4.6313639 4.1120892 3.9647620 4.1562161 4.3143900 4.1358597 3.8645445 3.7860277 3.8020548 4.1135733 3.6556400 4.3523722 4.0515033 4.8646279 3.8032835 6.9160108 3.9733549 6.1175752 3.6660516 3.9193390 3.8928108 3.8792646 4.7376016 4.4388626 5.1119703 4.8138903 4.3516753 4.4388684 4.4757409 3.6153236 3.7260471 4.4560002 5.6173302 4.5476121 4.5476121 4.2018122 7.0860353 4.5439365 4.9973292 4.1710749 4.2973522 4.5501629 3.8855424 4.0140347 3.8541259 3.5352141 3.8226100 4.7356297 4.5713841 4.5502357 4.2049763 4.2401420 4.3597564 5.1333485 4.7220498 5.7760848 2.7574010 2.6406568 2.2880572 2.8398067 2.3940223 3.1160102 2.4802980 4.2246109 4.3167015 4.8742706 4.6754369 4.7374651 4.7393395 5.9635198 4.2361926 5.4323209 4.4996946 4.4996946 
Tetwil_g3237.t1                                                   2.5225344 2.0098724 1.9774780 1.8680209 1.6297836 0.0000000 3.6081242 3.7491421 3.7864700 3.7982456 3.7982456 3.7012411 3.6110152 3.5231784 3.8915903 3.8077407 3.8521503 3.8444257 4.1544233 4.4002345 4.3768308 3.7646761 3.8256780 4.3380343 3.9206070 3.6519125 3.6572152 4.9360141 4.1799372 4.3494587 3.7325687 4.2109910 5.7750675 3.7592471 3.5003673 4.5351722 4.3032810 4.3018779 3.8248417 3.8505798 5.0815296 4.5335198 4.3948851 4.0686227 3.7524752 4.3393833 4.4333707 4.9892598 5.0876667 4.1251078 4.6689964 4.1932384 4.7829111 4.5423115 4.4305114 5.0983304 5.1659054 5.4156584 5.0802499 5.4839620 4.9848685 5.3694916 4.3198831 5.2350700 4.2521193 4.0662966 4.0918322 4.0902511 4.3041915 3.9095292 5.0798618 4.5306679 4.4015765 4.7564512 4.4830483 4.6345803 4.5475339 3.3679970 3.8457985 4.6196648 4.6418595 4.5114939 4.4358064 4.8593930 4.6061015 6.3626324 4.3901512 4.3787140 4.9001180 4.2745048 4.5680443 4.4063042 4.5420147 4.4502006 4.4852265 4.3471383 4.9161722 4.7720213 3.8877256 3.9643290 4.1708082 4.2781091 4.9930267 4.7248483 2.4820459 2.4393041 2.2733413 2.5271191 2.2139323 3.1272259 2.8339914 4.3781616 4.2959586 5.0887105 4.8635328 4.8033020 6.1157040 5.6505023 4.3868525 4.7213695 5.6483434 5.5208989 
HoiH23_PlH23_009257-RA                                            3.4715433 3.0672963 3.5576908 2.5083140 2.8612029 3.6081242 0.0000000 0.2396087 0.2397168 0.3570251 0.3570251 0.9434224 0.9008212 0.9134136 0.9401975 0.9566629 0.9364469 0.9277432 1.2871311 1.2382940 1.2867826 1.2903456 1.2885769 2.8222766 2.1658715 2.4138617 2.3941087 3.4465338 2.5379092 2.2885131 2.2366409 2.1525858 2.1591329 2.0532819 2.0084588 2.2424060 2.0757047 2.0177546 2.1282214 2.1270674 2.3324237 2.4266956 2.4429486 1.9412695 2.0088632 2.3031904 2.1574014 2.3281521 2.3628133 2.2904230 2.3428437 2.1927961 2.4433421 2.5132509 2.2112633 2.2329792 2.2582593 2.3352259 2.2605348 2.1620744 2.2973155 2.5808851 2.2608830 3.0231519 2.4720670 2.0065531 2.2496470 2.2360888 2.3148721 2.3907871 2.4900332 2.5051310 2.5062041 2.6232345 2.4486113 2.5038461 2.3841947 2.2046444 2.0970821 2.9196577 2.8400412 2.9471979 2.9518917 3.3455973 2.7490526 4.7196335 3.0723968 2.8654320 2.8199165 2.6182870 3.0219884 3.0258931 2.9676291 2.9878048 2.7770498 2.7643989 2.8342592 2.4770838 2.6641749 2.7132958 2.7419013 2.8854043 2.8934713 3.5962239 3.4979481 3.4042298 3.4747440 3.0914447 3.1579566 3.4161106 2.8599286 2.6852678 2.6808603 2.9925046 2.8073720 2.7262290 3.7925769 3.4032052 2.5237118 3.6722678 3.4333628 3.4333069 
Hhon_g01823.t1                                                    3.5411839 3.1313532 3.6071496 2.8506206 3.0370037 3.7491421 0.2396087 0.0000000 0.0122624 0.3700832 0.3700832 0.8638387 0.8184489 0.8010552 0.8500957 0.8652365 0.8667293 0.8656355 1.3176672 1.2932432 1.3261551 1.2714822 1.2697718 2.6633374 2.1386964 2.3367594 2.3179459 3.3221274 2.5250037 2.3320893 2.2857669 2.0852170 2.0893256 2.0061654 1.9973806 2.0235825 2.0047805 2.0039278 2.0801836 2.1092029 2.2661309 2.2072167 2.2485078 2.0148814 1.9496693 2.3097612 2.0640702 2.4033538 2.3978041 2.2942568 2.3265405 2.1637258 2.4574471 2.5036563 2.2393312 2.3230822 2.3489763 2.5257510 2.4617680 2.3276294 2.4123710 2.6905665 2.3364438 2.9087222 2.3965131 2.1621383 2.1970729 2.0707573 2.2458955 2.2682259 2.4046520 2.4203232 2.5641162 2.5754397 2.4803365 2.6143262 2.4364838 2.3546660 2.2861133 2.7821358 2.6521488 2.8744944 2.8788712 3.5534716 2.3535915 4.8726722 2.9169542 2.7165607 2.7358558 2.4001321 2.9713275 3.0595706 3.0269948 3.0077397 2.8047691 2.7931170 2.8688897 2.4834757 2.6392646 2.5843248 2.7143789 2.9122685 2.8601310 3.6214126 3.2683141 3.2712369 3.4322640 2.8711185 2.8611549 3.4804901 2.7327534 2.6498625 2.5747550 2.9608838 2.6524389 2.5730295 3.8169289 3.2102398 2.5409234 3.5120515 3.3773151 3.4083728 
HoiH04_mRNA13554                                                  3.5411839 3.1313532 3.6098208 2.9017781 3.1023178 3.7864700 0.2397168 0.0122624 0.0000000 0.3908769 0.3908769 0.8695486 0.8449228 0.8217271 0.8594707 0.8748368 0.8883181 0.8872025 1.3100947 1.3000564 1.3318971 1.2591355 1.2574640 2.6770329 2.1468374 2.3614973 2.3424065 3.3228728 2.5327561 2.3421794 2.3002425 2.1159276 2.1030810 2.0131790 2.0043449 2.0337982 2.0117788 2.0109138 2.0879943 2.1171851 2.2758961 2.2213560 2.2620079 2.0164764 1.9587434 2.3241373 2.0762917 2.4349625 2.4287218 2.2861664 2.3267021 2.1769032 2.4844130 2.5310902 2.2506907 2.3353945 2.3614868 2.5014221 2.4380404 2.2880066 2.3860958 2.6610492 2.3409913 2.9360493 2.4228719 2.1945568 2.2500937 2.1170172 2.2878850 2.3036512 2.4565608 2.4008959 2.5273550 2.5558470 2.4617338 2.5968818 2.4417867 2.3799466 2.3152527 2.7230984 2.5838214 2.7904450 2.7944346 3.4412464 2.2697200 4.8018557 2.9362937 2.7538102 2.7174781 2.4106471 3.0058188 3.1136138 3.0801442 3.0768733 2.8365115 2.8222544 2.8240183 2.5134545 2.6506245 2.5956239 2.7401626 2.8723263 2.8356756 3.5734379 3.2788687 3.2752367 3.4364178 2.8683980 2.8584531 3.4617598 2.7070333 2.6441683 2.5366819 2.9432981 2.6431323 2.5638115 3.7555940 3.2106811 2.5012227 3.5718724 3.3859843 3.4176886 
Tadh_TriadT57650                                                  3.7283289 3.2524077 3.9374733 2.8097342 3.1751884 3.7982456 0.3570251 0.3700832 0.3908769 0.0000000 0.0000010 0.8636397 0.8292632 0.8343003 0.8902298 0.8970093 0.8559930 0.8674270 1.3823506 1.4074997 1.4330522 1.3575463 1.3465153 2.5852747 2.0579038 2.3100521 2.2914642 3.4995810 2.3131196 2.1499760 2.0354022 2.1266664 2.2400586 2.0316047 1.9801164 2.2279436 2.1388315 2.0596614 2.0968056 2.0665781 2.3403225 2.3087178 2.3192834 2.0264814 1.9768936 2.2450699 2.1315651 2.2162598 2.3175987 2.4486494 2.4852629 2.2803813 2.5041505 2.6003137 2.3017753 2.3958699 2.3644426 2.6130736 2.5775885 2.3681886 2.4750080 2.7240346 2.4009714 2.9714175 2.5315290 2.2365601 2.2371491 2.1369378 2.1851047 2.2034530 2.5552403 2.4345813 2.4929576 2.4796596 2.5706892 2.7038667 2.4124577 2.2230656 2.1891918 2.6888033 2.7946118 2.7584957 2.7402382 2.9888701 2.4948007 4.6457562 2.8518268 2.8573666 3.0290074 2.5561224 2.9116137 2.8562813 3.0054703 3.0363695 2.7467447 2.7671060 3.0131508 2.6209533 2.6194070 2.6409050 2.7641608 3.0849954 2.8222669 3.5610398 3.4171717 3.3391562 3.4938116 2.8308453 2.8562758 3.7246047 2.9748642 2.6859156 2.6418828 3.1160950 3.0042367 2.9362267 3.9257245 3.1484427 2.5851125 3.4606302 3.3299310 3.2868767 
TrH2_TrispH2_004633-RA                                            3.7283289 3.2524077 3.9374733 2.8097342 3.1751884 3.7982456 0.3570251 0.3700832 0.3908769 0.0000010 0.0000000 0.8636397 0.8292632 0.8343003 0.8902298 0.8970093 0.8559930 0.8674270 1.3823506 1.4074997 1.4330522 1.3575463 1.3465153 2.5852747 2.0579038 2.3100521 2.2914642 3.4995810 2.3131196 2.1499760 2.0354022 2.1266664 2.2400586 2.0316047 1.9801164 2.2279436 2.1388315 2.0596614 2.0968056 2.0665781 2.3403225 2.3087178 2.3192834 2.0264814 1.9768936 2.2450699 2.1315651 2.2162598 2.3175987 2.4486494 2.4852629 2.2803813 2.5041505 2.6003137 2.3017753 2.3958699 2.3644426 2.6130736 2.5775885 2.3681886 2.4750080 2.7240346 2.4009714 2.9714175 2.5315290 2.2365601 2.2371491 2.1369378 2.1851047 2.2034530 2.5552403 2.4345813 2.4929576 2.4796596 2.5706892 2.7038667 2.4124577 2.2230656 2.1891918 2.6888033 2.7946118 2.7584957 2.7402382 2.9888701 2.4948007 4.6457562 2.8518268 2.8573666 3.0290074 2.5561224 2.9116137 2.8562813 3.0054703 3.0363695 2.7467447 2.7671060 3.0131508 2.6209533 2.6194070 2.6409050 2.7641608 3.0849954 2.8222669 3.5610398 3.4171717 3.3391562 3.4938116 2.8308453 2.8562758 3.7246047 2.9748642 2.6859156 2.6418828 3.1160950 3.0042367 2.9362267 3.9257245 3.1484427 2.5851125 3.4606302 3.3299310 3.2868767 
HoiH23_PlH23_009258-RA                                            3.7238436 3.2638591 3.5867611 2.9762644 3.5423516 3.7012411 0.9434224 0.8638387 0.8695486 0.8636397 0.8636397 0.0000000 0.2115206 0.2823071 0.3504063 0.3580144 0.3023380 0.2924604 1.3254357 1.3202189 1.3353951 1.3501620 1.3348621 2.3497210 2.0407683 2.0221155 2.0062322 2.8264097 2.0568128 1.9667117 2.0357693 1.9623949 1.9866811 1.9388527 1.8868259 1.9303971 1.9348292 1.9525766 1.9161009 1.9243390 2.2191768 2.0624112 2.0787229 1.8800461 1.9916251 2.0440780 2.0683321 2.2313776 2.2310261 2.2433439 2.3699349 2.2160136 2.2840574 2.3460282 2.4025778 2.2833774 2.2648073 2.4745762 2.4377428 2.2420976 2.2621603 2.3521343 2.4428386 2.6344033 2.4953486 2.1282920 2.2815491 2.0154480 2.0557576 2.1350758 2.4629545 2.2009051 2.5246851 2.5688576 2.4021888 2.4820029 2.6656807 2.2173208 2.0293294 2.9137123 2.6186617 2.9168857 2.9607582 3.8821974 2.4872810 5.1686952 3.0139427 2.7842791 2.7555456 2.7902455 2.9758697 2.9823377 3.0340961 2.9976696 3.1121491 3.0866715 3.0424685 2.6944376 2.6832304 2.6411857 2.9067649 2.9691083 2.8941025 3.4262740 3.5132471 3.4428798 3.2406056 3.0364729 3.3151486 3.5980719 3.0653055 2.5439511 2.4755206 2.8937944 2.7821802 2.7382612 3.9421983 3.6364538 2.6510276 3.3776808 3.1906141 3.1293435 
Hhon_g01822.t1                                                    4.1428456 3.6877958 3.6353287 2.9378537 3.4631920 3.6110152 0.9008212 0.8184489 0.8449228 0.8292632 0.8292632 0.2115206 0.0000000 0.2552409 0.3406944 0.3449535 0.2976972 0.2878617 1.3681561 1.4001362 1.3744755 1.3969870 1.3933447 2.2740028 1.9518733 2.1073281 2.0906518 3.2169608 2.1711017 1.9631783 2.0710468 1.8589636 1.9317435 1.8912886 1.8430783 1.8902491 1.8091371 1.8673923 1.8547171 1.8527534 2.1615192 1.9609113 1.9275712 1.8135540 1.9286578 2.0573097 2.0458490 2.1404371 2.1615162 2.1816691 2.3356267 2.1315453 2.2534234 2.3416336 2.3557659 2.1507803 2.1330954 2.2653517 2.2838689 2.1531510 2.1386932 2.2542727 2.4529109 2.7941853 2.6022734 2.1911390 2.2934600 1.9925896 2.2129541 2.1730410 2.5073194 2.3338224 2.3918897 2.4233553 2.4454428 2.5599495 2.4006255 2.1676203 2.0335772 2.9482895 2.7614073 2.9781661 3.0236649 3.6062838 2.5721552 4.9344326 2.9417189 2.9061183 2.7471441 2.8571680 2.9423215 3.0337896 3.1042413 3.0294746 3.1335991 2.8772484 3.1399139 2.6610703 2.7296051 2.6593036 2.8966024 3.0416395 2.8810916 3.5358331 3.5096064 3.4020479 3.2859589 3.0192329 3.2450052 3.5002471 2.9504787 2.3585158 2.5502885 2.9220817 2.7977394 2.7379331 3.7498177 3.6312762 2.7237836 3.2549158 2.9814035 2.9394236 
HoiH11_mRNA205                                                    3.7769574 3.3233166 3.6434174 2.8200138 3.4095189 3.5231784 0.9134136 0.8010552 0.8217271 0.8343003 0.8343003 0.2823071 0.2552409 0.0000000 0.3280324 0.3388450 0.2874649 0.2778679 1.3052451 1.3395311 1.3472315 1.3301330 1.3131070 2.1599033 1.9445870 1.9736047 1.9580407 2.9141561 2.0691852 1.9446497 2.0465972 1.9271573 1.9669605 1.9115584 1.9058016 1.9231372 1.8274155 1.8325333 1.8664432 1.8767373 2.1974016 1.9776967 1.9426849 1.8645506 1.8607064 2.0606009 2.0224349 2.0970265 2.1026233 2.2472139 2.3564741 2.2257896 2.1918190 2.2689824 2.2939628 2.1471004 2.1297679 2.2509271 2.3002178 2.1477186 2.1473086 2.2594947 2.4049326 2.6052546 2.3723311 2.1040875 2.2887580 2.0136496 2.0884844 1.9991175 2.4215525 2.2227330 2.4155195 2.4480046 2.4891189 2.5439241 2.4601305 2.2666777 2.0353177 2.9836399 2.7161848 2.9512706 2.9958827 3.9022032 2.5664708 5.2319789 3.0043967 2.7453287 2.7980293 2.7660578 2.8515830 2.9816215 3.0118713 3.0142555 2.9987852 2.8073061 3.1164056 2.5801071 2.7878588 2.6350674 2.6496044 3.0088920 2.8666503 3.3015148 3.4531338 3.3547293 3.1017294 2.7615014 2.8945580 3.5697009 2.8954869 2.4082625 2.3911295 2.7125621 2.5551761 2.5407959 3.6911998 3.6168381 2.7630348 3.1546326 3.0196266 2.9304542 
TrH2_TrispH2_004635-RA                                            3.9946753 3.5278213 3.8216733 2.9266461 3.5712352 3.8915903 0.9401975 0.8500957 0.8594707 0.8902298 0.8902298 0.3504063 0.3406944 0.3280324 0.0000000 0.0060798 0.2582688 0.2460541 1.3539346 1.3716122 1.3398392 1.3889015 1.3712763 2.5048874 2.1187868 2.0840034 2.0676050 2.8837340 2.1966283 2.0560238 2.1684353 2.0893354 1.9283911 1.9356876 1.9585042 2.0550502 1.9165757 1.8613381 2.0901991 2.0898808 2.2997338 2.0748392 2.0096269 1.9623684 2.0349210 2.1013109 2.1055243 2.1466063 2.1979718 2.3898618 2.3346104 2.1287062 2.3209168 2.3166108 2.3682645 2.2022522 2.1842459 2.3726300 2.3720903 2.2234839 2.3067308 2.2868387 2.6568512 2.7735847 2.5554668 1.9071630 2.1863263 2.1251796 2.2485349 2.0606109 2.5048915 2.1774494 2.5075029 2.5334935 2.5559035 2.6011921 2.4610160 2.3192135 2.2354709 2.9962506 2.9617706 2.9119885 2.9550478 3.2429238 2.5717194 4.9667375 3.1283884 2.9254092 2.6930059 2.9197993 3.0755341 3.1451790 3.0164223 2.9459153 3.0279390 2.8431405 3.1816753 2.5987313 2.8639677 2.7368427 2.7775860 3.0090198 2.8494704 3.6871615 3.6703019 3.6046701 3.5871851 3.1873421 3.3048442 3.5822229 3.1599692 2.6491467 2.6101737 3.0891683 2.8070274 2.7335483 3.7481654 3.6626092 2.7688753 3.2391235 3.0633379 2.9735185 
Tadh_wf_g6526.t1                                                  4.0686209 3.5905720 3.9319743 2.9490205 3.6036557 3.8077407 0.9566629 0.8652365 0.8748368 0.8970093 0.8970093 0.3580144 0.3449535 0.3388450 0.0060798 0.0000000 0.2687670 0.2563815 1.3691303 1.3868716 1.3546265 1.3999445 1.3821402 2.5382651 2.1416077 2.1206923 2.1039275 2.9592307 2.2088141 2.0922603 2.1722031 2.0815154 1.9363290 1.9282276 1.9509757 2.0437921 1.9303327 1.8745171 2.1059077 2.1056280 2.3159536 2.0992059 2.0309437 1.9796175 2.0380420 2.0995702 2.1249793 2.1742324 2.2469540 2.4162547 2.3580238 2.1380406 2.3368952 2.3225652 2.4003579 2.2229872 2.2047473 2.3921525 2.3660962 2.2030837 2.2893121 2.3329643 2.7018449 2.7978033 2.5571361 2.0179475 2.2456110 2.1273558 2.2658660 2.0625852 2.5246492 2.1928229 2.5377874 2.5632432 2.5855086 2.6175282 2.4917925 2.3282687 2.2581029 3.0214883 2.9836092 2.9355828 2.9791084 3.2716029 2.5717194 4.9617187 3.1599745 2.9828342 2.7136353 2.9103471 3.1042049 3.1525891 2.9914821 2.9218148 3.0711808 2.8575064 3.1731504 2.6289765 2.9009033 2.7449418 2.8245407 2.9696502 2.8313277 3.6858351 3.7244246 3.6690177 3.6389788 3.2392780 3.3658384 3.6187857 3.2445236 2.6680343 2.6437296 3.1056055 2.8410169 2.7670001 3.7668324 3.6758618 2.8661792 3.2541677 3.1199999 3.0194751 
TrH2_TrispH2_004634-RA                                            3.7721484 3.3116953 3.8694482 3.0731016 3.2670341 3.8521503 0.9364469 0.8667293 0.8883181 0.8559930 0.8559930 0.3023380 0.2976972 0.2874649 0.2582688 0.2687670 0.0000000 0.0090416 1.3323947 1.3467137 1.3547517 1.3823416 1.3700568 2.4200490 2.1161387 2.0834036 2.0645425 2.9824250 2.0923918 1.9518172 2.1808139 2.0390159 2.0999298 1.8906695 1.9152160 2.0299526 1.8397803 1.8953443 1.9802845 1.9796841 2.2307608 2.1567458 2.0181843 1.8743345 1.9573167 2.0857018 2.0313443 2.1691612 2.2133162 2.4112870 2.3522417 2.2055384 2.2844831 2.3484120 2.4702893 2.1884564 2.1706875 2.3334166 2.3345643 2.2302759 2.2874779 2.3298145 2.5542303 2.8485168 2.4492064 2.0049014 2.2001156 2.0206890 2.2035187 2.1227043 2.5055441 2.2422919 2.4722454 2.5775465 2.5480927 2.5036359 2.4680062 2.2865143 2.2267058 2.9718837 2.9886725 3.0256862 3.0720554 3.5562972 2.6826027 5.0045686 3.0855569 2.8439469 2.6588138 2.7775169 3.2411588 3.2083072 3.2155544 3.2431852 3.1999618 2.9722633 3.1069164 2.6617036 2.8401941 2.7603003 2.7956646 3.0606751 2.7723333 3.5615217 3.4356109 3.4057125 3.2834040 2.8529076 3.0087973 3.4564173 2.9297600 2.4661675 2.3860891 2.8581313 2.8293240 2.7742114 3.7603210 3.5508149 2.7424490 3.5501406 3.0669084 3.0341915 
Tadh_TriadT57651                                                  3.7536589 3.2954763 3.8655533 3.0444239 3.2682713 3.8444257 0.9277432 0.8656355 0.8872025 0.8674270 0.8674270 0.2924604 0.2878617 0.2778679 0.2460541 0.2563815 0.0090416 0.0000000 1.3330906 1.3474173 1.3434980 1.3831057 1.3708066 2.3987521 2.0996232 2.0671275 2.0483833 2.9779246 2.1005804 1.9533598 2.1826773 2.0233975 2.0757450 1.9053479 1.9107283 2.0112093 1.8380562 1.8936050 1.9648695 1.9642273 2.2128334 2.1176907 2.0028400 1.8406883 1.9362177 2.0706729 2.0107034 2.1708570 2.1887149 2.3929690 2.3342391 2.1884472 2.2668315 2.3318184 2.4516379 2.1706772 2.1530313 2.3148207 2.3160562 2.2125341 2.2693375 2.3111110 2.5622059 2.8254358 2.3985833 1.9849325 2.1772961 2.0055565 2.1874296 2.1209141 2.4804773 2.2231430 2.4667194 2.5720053 2.5426366 2.4981446 2.4624534 2.2696702 2.1867354 2.9581303 2.9649123 3.0114940 3.0575823 3.5465666 2.6718684 4.9994175 3.0882455 2.8308540 2.6639191 2.7588485 3.2150130 3.1825533 3.1942149 3.2216911 3.1785392 2.9677411 3.1025079 2.6889507 2.8451669 2.7804901 2.8005823 3.0823179 2.7818673 3.5948207 3.4255577 3.3958147 3.2815784 2.8515325 3.0072549 3.4791671 2.9252105 2.4651363 2.4106716 2.8688320 2.8154561 2.7604273 3.7434687 3.5540099 2.7470499 3.5554951 3.0437426 3.0097569 
HoiH04_mRNA13356                                                  3.3313362 2.9843368 3.5409344 3.0213860 3.4091593 4.1544233 1.2871311 1.3176672 1.3100947 1.3823506 1.3823506 1.3254357 1.3681561 1.3052451 1.3539346 1.3691303 1.3323947 1.3330906 0.0000000 0.2675011 0.2788415 0.5435683 0.5349485 2.4589296 2.0390185 2.3563756 2.3371129 3.2828796 2.1087949 1.9900651 2.2200075 2.0819633 1.9675222 2.0855493 2.0901371 1.9323379 2.1642001 2.1507233 2.0406952 2.0438061 2.3395613 2.1452998 2.1932622 2.0968096 1.9804508 2.3134419 2.3604013 2.1806845 2.2025732 2.1778985 2.0766234 2.0404503 2.2248888 2.2993515 2.2659704 2.2259904 2.1991043 2.1324046 2.1107547 2.1749641 2.2847972 2.4797548 2.3041624 2.9635172 2.8066600 2.4227451 2.5367855 2.2613889 2.4378046 2.4073369 2.7767148 2.3756398 2.6206975 2.4909474 2.4630429 2.4731676 2.5950992 2.4756928 2.2956296 2.8317900 2.5569759 2.8150295 2.7957932 3.6152500 2.5175318 4.6943189 3.0092607 2.9410124 2.6489686 2.6213610 2.6351819 2.6617644 2.7484466 2.8173720 3.0068874 2.6471072 3.1493012 2.8635242 2.9869477 2.8277792 2.7010104 2.9837755 2.8201949 3.6031063 3.4275973 3.3279499 3.5871653 3.5841282 3.8642754 3.7941740 3.3446593 2.8995098 2.5677199 3.0445319 2.9448892 2.9238989 3.6185008 3.4850699 2.9509622 3.8752166 3.1465313 3.0822441 
HoiH23_PlH23_010888-RA                                            3.4754332 3.2150915 3.8864045 3.4758107 3.8050828 4.4002345 1.2382940 1.2932432 1.3000564 1.4074997 1.4074997 1.3202189 1.4001362 1.3395311 1.3716122 1.3868716 1.3467137 1.3474173 0.2675011 0.0000000 0.0888681 0.5052991 0.5052171 2.6052209 2.0998954 2.3102702 2.2912177 3.1217207 2.0640811 2.0558557 2.1529955 2.0984614 1.9963186 2.1399919 2.1599280 2.0442092 2.1767628 2.0583784 2.1183359 2.1352482 2.1524184 2.0773681 2.1131815 2.1306830 2.0072287 2.4777748 2.4075992 2.2191787 2.3001951 2.1789726 2.1331245 2.1615298 2.4023449 2.4708378 2.2008135 2.4289039 2.3992762 2.3450382 2.2222297 2.3179999 2.5296285 2.7502152 2.2880035 2.8144330 2.6873520 2.4715839 2.6788155 2.2751627 2.4801840 2.4010604 2.6951456 2.4675134 2.7344616 2.6748868 2.5047879 2.6955769 2.8800920 2.5270684 2.2799491 2.9102483 2.5552328 2.9990635 2.9788737 3.9371256 2.4515825 4.7422439 3.2544635 2.8588814 2.8863835 2.6791464 2.9940497 3.0094832 3.0109857 3.0379090 3.3453647 2.8781835 3.3097961 3.0226147 2.9923813 2.8277231 2.7452239 3.0230503 2.9316990 3.8832789 3.3688444 3.3021566 3.7837284 3.5004469 3.7262799 3.9911415 3.3756028 2.9770259 2.9419587 3.1425444 3.0143641 2.9877620 4.0357318 3.5626419 2.8431340 3.6524495 3.3236634 3.2621878 
HoiH06_mRNA5786                                                   3.4057039 3.1286904 3.8331493 3.4769555 3.7785231 4.3768308 1.2867826 1.3261551 1.3318971 1.4330522 1.4330522 1.3353951 1.3744755 1.3472315 1.3398392 1.3546265 1.3547517 1.3434980 0.2788415 0.0888681 0.0000000 0.5247100 0.5245785 2.6226306 2.1277948 2.2937008 2.2747246 3.1407271 2.0904578 2.0340725 2.1895239 2.0907608 1.9904506 2.1164461 2.1543131 2.0309393 2.2180751 2.1122398 2.0437058 2.0547321 2.1868695 2.1083747 2.1588073 2.1080788 1.9805168 2.4286886 2.3860959 2.2274129 2.2760870 2.1997915 2.1560979 2.1523562 2.4498057 2.5044791 2.2730607 2.4318841 2.3902030 2.3028682 2.1982564 2.3091459 2.5197002 2.7401632 2.2960884 2.7894931 2.7142225 2.4221923 2.6149615 2.2379133 2.5104399 2.4212443 2.7410356 2.4072306 2.6291985 2.5608159 2.4227348 2.5256899 2.8060022 2.5654913 2.2959423 2.9405194 2.5859800 3.0358660 3.0152469 4.1440977 2.3845482 4.8217538 3.2001393 2.8810446 2.8641073 2.5722243 2.9116875 2.9816911 2.9308897 2.9471604 3.2609116 2.8553365 3.2885937 2.9906281 2.8191969 2.7636448 2.6544729 2.9636923 2.8352464 3.9537800 3.3133778 3.2329422 3.7193561 3.4731331 3.7523857 3.8630407 3.4122852 3.0091747 2.8642704 3.0806248 3.0827751 3.0587425 4.0876579 3.4997426 2.8225181 3.7915427 3.1951177 3.1281973 
TrH2_TrispH2_004632-RA                                            3.8528850 3.4660022 3.6165499 3.4893613 3.9852878 3.7646761 1.2903456 1.2714822 1.2591355 1.3575463 1.3575463 1.3501620 1.3969870 1.3301330 1.3889015 1.3999445 1.3823416 1.3831057 0.5435683 0.5052991 0.5247100 0.0000000 0.0092168 2.5840272 2.1564773 2.4543934 2.4565608 3.3454769 2.2567887 2.2543984 2.1869870 2.1728141 2.1512678 2.2243177 2.1952912 2.1134632 2.2246774 2.2178200 2.0718052 2.0774272 2.4097406 2.2938043 2.3312286 2.0682045 2.0000054 2.3317235 2.3533954 2.1545104 2.2165290 2.2176974 2.0873760 2.0406868 2.3087852 2.3780029 2.4188395 2.4163453 2.3977245 2.3925974 2.2997726 2.3176125 2.5030425 2.6675370 2.5754876 3.0203255 2.6846556 2.4378248 2.7051112 2.2872309 2.6104931 2.4943733 3.0301727 2.4477449 2.7275422 2.6758895 2.7444726 2.9003851 2.8131004 2.3834579 2.3956970 2.9137662 2.6465615 2.8112022 2.7922344 3.4971407 2.3359255 4.9732180 3.1580695 2.8177641 2.8528593 2.8766082 2.8276632 2.7356110 2.8461196 2.8698051 3.1804382 2.8350675 3.6402146 3.2533673 2.8195496 2.7983010 2.8857466 3.0555215 3.1221053 3.8383867 3.4751719 3.4186238 3.5125922 3.5991216 3.5167516 3.5320096 3.2368682 3.1958969 2.6302054 2.8862036 2.9548524 2.9386718 3.6569020 3.5919378 2.8706246 3.6495569 3.2737259 3.1699420 
Tadh_wf_g6523.t1                                                  3.8528850 3.4660022 3.5904250 3.4893613 3.9852878 3.8256780 1.2885769 1.2697718 1.2574640 1.3465153 1.3465153 1.3348621 1.3933447 1.3131070 1.3712763 1.3821402 1.3700568 1.3708066 0.5349485 0.5052171 0.5245785 0.0092168 0.0000000 2.5840272 2.1477237 2.4370839 2.4392152 3.3133050 2.2568889 2.2545018 2.2020081 2.1643417 2.1359421 2.2086828 2.1797558 2.1015337 2.2164649 2.2023248 2.0636111 2.0692367 2.4266388 2.3088312 2.3462807 2.0538287 2.0138481 2.3390568 2.3607762 2.1618549 2.2238981 2.2597594 2.1268796 2.0761388 2.3480744 2.4187521 2.4652224 2.4574919 2.4385481 2.4331173 2.3386179 2.3564952 2.5452755 2.7136164 2.5859278 3.0019159 2.6687336 2.4179780 2.6942707 2.2785306 2.5999422 2.5101913 3.0171142 2.4629615 2.7571611 2.7051303 2.7744330 2.9320831 2.8437265 2.3984854 2.4108485 2.9303291 2.6728855 2.8272392 2.8081911 3.4971407 2.3688854 4.9292626 3.1426195 2.8174124 2.8489868 2.9039053 2.8603435 2.7671142 2.8786385 2.9028372 3.2173943 2.8245299 3.6109052 3.2172840 2.8359672 2.8150142 2.9202968 3.0658757 3.0413461 3.7899641 3.4445252 3.3889733 3.4369124 3.5902522 3.5016954 3.4780995 3.2087958 3.1907533 2.6411436 2.8997696 3.0019579 2.9858947 3.6863781 3.6405100 2.9209843 3.6990756 3.1764429 3.0709626 
Amil_Amillepora08685-RA                                           3.9878652 3.1599891 4.6490634 3.9603668 3.4006870 4.3380343 2.8222766 2.6633374 2.6770329 2.5852747 2.5852747 2.3497210 2.2740028 2.1599033 2.5048874 2.5382651 2.4200490 2.3987521 2.4589296 2.6052209 2.6226306 2.5840272 2.5840272 0.0000000 0.1169689 1.0615273 1.0508188 2.2204142 1.3895339 1.3872221 1.2349461 1.5688003 1.9155307 1.6309651 1.5613460 1.4364537 1.7269889 1.7780737 1.4836034 1.4936067 1.9144377 1.7120565 1.6647611 1.7924370 1.9099683 2.1355712 2.1412168 2.4589250 2.4904552 2.2871256 2.4338331 2.3070520 2.4396954 2.4876684 2.1107055 2.5929538 2.5693939 2.4108778 2.5428992 2.5932190 2.4011268 2.7129387 2.6174485 2.1349869 2.9380952 2.9777752 2.8653230 2.2060785 2.5876256 2.8932347 2.9359509 2.7583708 2.6719923 2.4854380 2.4738829 2.5443573 2.7913637 1.9809264 1.9857955 2.6896284 3.1676468 2.8351236 2.9098852 2.8728431 4.5158856 4.1382560 2.8155661 2.7887629 3.5794915 2.6905305 3.0945159 2.9380115 3.0958957 3.0938629 3.0035288 3.0030239 3.1705835 2.9416362 2.5277697 2.3365639 2.5778044 3.1830462 3.3741993 4.4486316 3.9338428 4.0874365 3.9614174 3.9420014 3.6542798 4.6711543 3.8340901 3.2871422 2.4219001 2.8529447 3.1170695 3.0828959 3.6341962 3.8789343 2.5353657 3.5612460 4.7306416 4.6204796 
Adig_XM_015923661.1                                               4.2745200 3.2647242 4.0398479 3.8242597 3.5328050 3.9206070 2.1658715 2.1386964 2.1468374 2.0579038 2.0579038 2.0407683 1.9518733 1.9445870 2.1187868 2.1416077 2.1161387 2.0996232 2.0390185 2.0998954 2.1277948 2.1564773 2.1477237 0.1169689 0.0000000 0.7821616 0.7748351 1.3386723 1.1323383 1.1187804 0.9182530 1.2828942 1.2398486 1.3183947 1.2664936 1.0711586 1.4568812 1.4588075 1.2276782 1.2449843 1.5440033 1.4342559 1.3858342 1.5361383 1.6581786 1.7920350 1.7750224 2.0929584 2.0721398 1.8770298 2.0062742 1.9570930 2.1445470 2.1770677 1.7820401 2.1572878 2.1412796 2.0840534 2.1648066 2.1473035 2.0491851 2.2271935 2.1242033 1.3379922 2.3299785 1.7912879 2.2910368 1.7276410 2.0582715 2.4296238 2.3238540 2.3139482 2.2661745 2.0998967 2.0858114 2.1493273 2.3082287 1.7767312 1.7445755 2.3673189 2.4229138 2.4808872 2.5172258 2.8216864 2.6899968 4.5258173 2.5050679 2.5411885 2.7216585 2.2754138 2.7596287 2.6836577 2.8004380 2.7921477 2.6182296 2.8518650 3.1008053 2.6771978 2.3014323 2.1874678 2.2884660 2.6040162 2.4862681 3.8691539 3.4977685 3.6184925 3.3155077 3.2026067 3.1525657 3.7099459 3.1610628 2.7672740 2.1593893 2.5242600 2.8392400 2.8101715 3.5793398 3.3448784 2.2858452 2.9337179 3.7068259 3.5815532 
Amil_Amillepora08684-RA                                           3.5000664 3.3515590 4.0262974 3.1579786 3.2804301 3.6519125 2.4138617 2.3367594 2.3614973 2.3100521 2.3100521 2.0221155 2.1073281 1.9736047 2.0840034 2.1206923 2.0834036 2.0671275 2.3563756 2.3102702 2.2937008 2.4543934 2.4370839 1.0615273 0.7821616 0.0000000 0.0032356 0.4264376 1.0849729 1.1142409 0.9068328 1.2534890 1.3211773 1.3672832 1.2963298 1.1636860 1.3641346 1.4133941 1.4102870 1.3840566 1.3707845 1.3614638 1.2854529 1.5364296 1.7083801 1.8398459 1.8519717 2.0694987 2.0352013 1.7811276 2.0160208 1.8741286 2.1607760 1.9788006 1.9461698 2.3683062 2.3473534 2.3259913 2.3212222 2.3222227 2.2533616 2.3729500 2.2518799 1.2560195 2.4949417 2.3067975 2.3620499 1.8899917 2.3604375 2.4718147 2.2932282 2.3464832 2.0575620 2.0036839 2.0786494 2.1615324 2.3537046 2.2342071 1.9927439 2.9100856 2.9679107 2.9819159 3.0028059 3.1996834 2.9145076 5.3003663 2.8640316 2.9427309 2.7702169 2.5870080 2.9850579 3.0207145 3.1094099 2.9690445 3.0590975 3.2364499 3.8055888 3.4583443 2.6861127 2.7218798 2.5649769 2.7336219 2.4394817 3.8408992 3.4231948 3.3960487 3.2924728 3.4963267 3.2362148 3.3787236 3.2863991 2.7106124 2.3269235 2.7992460 3.1896696 3.2078740 3.5186728 3.2385577 2.3260086 2.8353299 3.6923769 3.5524486 
Adig_XM_015923652.1                                               3.5000664 3.3515590 3.9842895 3.1293018 3.2487330 3.6572152 2.3941087 2.3179459 2.3424065 2.2914642 2.2914642 2.0062322 2.0906518 1.9580407 2.0676050 2.1039275 2.0645425 2.0483833 2.3371129 2.2912177 2.2747246 2.4565608 2.4392152 1.0508188 0.7748351 0.0032356 0.0000000 0.4264376 1.0811440 1.1102442 0.9037303 1.2486473 1.3211773 1.3618967 1.2912606 1.1573321 1.3609348 1.4100129 1.4046710 1.3786046 1.3648793 1.3562087 1.2805551 1.5301641 1.7012592 1.8322051 1.8440199 2.0606705 2.0265267 1.7818951 1.9982718 1.8596589 2.1636129 1.9812593 1.9407393 2.3501375 2.3293630 2.3083442 2.3035443 2.3044131 2.2360048 2.3547988 2.2325809 1.2684267 2.4876643 2.3067975 2.3552437 1.8821027 2.3422758 2.4530938 2.2868160 2.3404788 2.0393824 1.9862146 2.0625874 2.1448445 2.3327817 2.2553474 2.0112666 2.9402429 2.9679107 2.9851390 3.0060773 3.2082536 2.9145076 5.3836241 2.8875757 2.9665611 2.7994406 2.5741778 2.9751919 3.0108955 3.0994146 2.9596326 3.0491683 3.2053953 3.7915231 3.4286702 2.6614221 2.6964909 2.5853546 2.7251286 2.4082396 3.8858091 3.4046169 3.3780597 3.2749392 3.4617105 3.2081427 3.3671206 3.2544569 2.7021277 2.3516440 2.8357466 3.1582218 3.1760092 3.5446782 3.2776042 2.3183373 2.8104247 3.6874604 3.5474986 
Amil_Amillepora08683-RA                                           4.3749350 4.0013788 5.2047882 7.7475520 7.2071855 4.9360141 3.4465338 3.3221274 3.3228728 3.4995810 3.4995810 2.8264097 3.2169608 2.9141561 2.8837340 2.9592307 2.9824250 2.9779246 3.2828796 3.1217207 3.1407271 3.3454769 3.3133050 2.2204142 1.3386723 0.4264376 0.4264376 0.0000000 1.6962503 1.7885555 1.5549821 1.9220122 1.5006123 2.1054610 1.9894110 1.3764827 2.1011820 2.1905271 2.1233928 2.0671082 1.9410545 2.0712161 2.0375954 2.3734345 2.4928311 2.5685756 2.6841648 2.9857078 2.8951377 2.4336732 2.6961945 2.6796575 2.9163914 2.8065890 2.7765801 3.2544571 3.2543774 3.1230817 3.1539587 3.2745874 3.0692942 3.0489678 2.6990464 1.2171232 3.4134313 2.2882451 3.4796368 2.5423048 3.4395052 3.3977897 3.0323938 3.2384774 2.7513767 2.6906715 2.6956571 2.7997205 3.0763608 3.0949364 2.7488258 3.7943272 3.5976374 3.6991961 3.7481053 4.5634198 3.6601897 8.2854067 3.6695279 4.0550682 3.8713048 3.1270145 3.7184983 3.8346131 3.9254156 3.7293238 3.8549175 4.1307832 5.2005135 4.2610978 3.4216364 3.2936064 3.3253328 3.3955702 3.3164239 5.0021433 4.3710906 4.4132880 4.7125550 4.5757031 4.4476048 4.6599317 4.6715094 3.2443429 3.1885891 3.4828568 4.3233426 4.3680583 4.2978979 4.1037797 3.1492698 4.0030344 4.6999410 4.5825304 
Spis_XP_022794770_1                                               4.8923106 4.3335753 4.1120307 4.2661401 4.5924889 4.1799372 2.5379092 2.5250037 2.5327561 2.3131196 2.3131196 2.0568128 2.1711017 2.0691852 2.1966283 2.2088141 2.0923918 2.1005804 2.1087949 2.0640811 2.0904578 2.2567887 2.2568889 1.3895339 1.1323383 1.0849729 1.0811440 1.6962503 0.0000000 0.1895585 0.7337660 1.1937525 1.1621614 1.3455595 1.3625792 1.0332814 1.2974579 1.3498410 1.2152245 1.2160758 1.3150849 1.2793002 1.2767290 1.4023844 1.4887246 1.6961095 1.6362984 1.7181980 1.7425132 1.6964054 1.7487619 1.6713166 1.9258058 1.9540324 1.7375177 2.1518061 2.1394421 2.1598223 2.1801635 2.1292761 2.0666048 2.0951903 2.2058886 1.7428234 2.4749048 2.3842693 2.5816286 1.9433860 2.3906150 2.3595175 2.4819226 2.3168873 2.2295080 2.2343301 2.1571976 2.1365580 2.5617151 2.0285219 2.0778059 2.8469133 2.9024402 2.8128546 2.8330418 3.5176991 2.8850297 5.2239850 2.5167490 2.9218919 3.0131564 2.3484933 3.0098053 2.9667447 2.9160093 2.9550508 2.9037346 2.9939622 3.5241742 3.0132228 2.4723061 2.3058466 2.4306843 2.4080609 2.5871961 4.1113908 3.5833826 3.6345509 3.9606050 3.4885122 3.3788565 3.9041207 3.6426299 2.5343249 2.2300853 2.4825035 3.0147283 2.9796727 3.8233007 3.1645447 2.6763710 2.7124848 3.0036878 2.9203657 
Pocdam_XM_027191553.1                                             4.5764820 4.0752219 4.3056906 4.0530978 4.3855635 4.3494587 2.2885131 2.3320893 2.3421794 2.1499760 2.1499760 1.9667117 1.9631783 1.9446497 2.0560238 2.0922603 1.9518172 1.9533598 1.9900651 2.0558557 2.0340725 2.2543984 2.2545018 1.3872221 1.1187804 1.1142409 1.1102442 1.7885555 0.1895585 0.0000000 0.7590534 1.1396082 1.2481648 1.2644011 1.2955088 1.0152542 1.2260574 1.2913947 1.1829764 1.1963401 1.2696405 1.2127849 1.2179865 1.3963980 1.4830718 1.6992477 1.5573771 1.7040633 1.7350477 1.6108298 1.6669865 1.6056696 1.8132867 1.8377017 1.6355081 2.0059835 2.0195077 2.0296794 2.0458172 1.9838615 1.9518657 2.0236908 2.2290080 1.8190722 2.4904263 2.2820862 2.4099624 1.8674735 2.2657759 2.4498137 2.5211060 2.1770787 2.1873835 2.1770650 2.0952204 2.0953043 2.3418515 2.0362571 1.9112929 2.9447499 3.1045988 3.0239275 3.0526700 3.6905992 3.3283975 5.1026434 2.6079174 2.9099810 2.8386239 2.3292568 2.7172538 2.6658713 2.7497534 2.7829940 2.6836402 2.8706958 3.1923838 2.8675622 2.4950166 2.3517516 2.4494697 2.5339852 2.4756586 4.1695820 3.6291299 3.6972297 3.7838710 3.6550354 3.5589653 3.7651815 3.5923973 2.4139581 2.0795842 2.3798120 2.9423512 2.9128643 3.6588110 3.4800678 2.4950293 2.7992079 2.9808015 2.8023531 
Gasp_gasp1.m1b.1956.m1                                            4.7750794 4.3544183 4.1123262 3.6786594 3.9662081 3.7325687 2.2366409 2.2857669 2.3002425 2.0354022 2.0354022 2.0357693 2.0710468 2.0465972 2.1684353 2.1722031 2.1808139 2.1826773 2.2200075 2.1529955 2.1895239 2.1869870 2.2020081 1.2349461 0.9182530 0.9068328 0.9037303 1.5549821 0.7337660 0.7590534 0.0000000 1.0005834 1.2282007 1.1309210 1.1154851 0.9527129 1.1488293 1.1943005 1.0914941 1.1323081 1.2590011 1.1926567 1.1380652 1.3604693 1.4401709 1.6194808 1.5658798 1.8377772 1.9163532 1.6368109 1.7809731 1.7104009 2.0062633 1.8736580 1.8474741 2.3312912 2.3184923 2.2860692 2.3286642 2.2808777 2.2245628 2.3656144 2.2500353 1.4453048 2.2490261 2.3011181 2.4551944 1.7803239 2.2826710 2.5503497 2.3780309 2.2011591 2.0345480 2.0293453 2.0566666 2.1199073 2.3004124 2.0056628 1.9039818 2.7735982 2.6748457 2.9581308 2.9770425 3.6823440 2.8392749 5.0847487 2.5485031 2.7640252 2.6887527 2.1221720 2.5651305 2.2356000 2.5637843 2.4830136 2.5895883 2.5074749 3.1161194 2.8322445 2.4524071 2.4137040 2.3091879 2.5729101 2.4286952 3.6807934 3.8587802 3.7708561 3.5904536 3.6296632 3.5586132 3.9492637 3.5296255 2.6963789 2.3302966 2.6524809 2.5804657 2.5383158 3.7340211 3.4202488 2.1818485 2.8490178 3.0870146 3.0658279 
