77
Scil_scict001176.1                                             0.0000000 2.8922823 2.7127614 2.6374446 2.6990011 2.6524287 2.4372606 2.3498559 2.3741896 2.5992686 2.5663070 2.9458068 2.8761369 2.4663465 2.3404482 2.6269444 2.6372191 2.7098465 2.6526037 2.7511276 2.9828598 2.4682782 2.4432897 2.6722789 2.8206753 2.7388153 2.7489525 2.3828359 2.3552084 2.2641470 2.3655490 2.1145828 2.4015661 2.6821604 2.5413002 2.3855349 2.6875505 2.3689364 2.5745490 2.5902797 2.4094767 3.3091882 2.7076918 2.6831996 2.9088681 2.8591863 2.8234019 2.8625227 2.7963486 2.7546371 2.8672184 2.7586282 3.0825887 2.6728621 2.9958186 3.0833613 2.1609949 2.5171455 2.5126389 2.9389499 2.3997475 2.5181317 2.6924912 3.5794349 4.0956915 1.9939967 1.9327262 3.4300823 2.3112463 3.2946957 2.0335384 2.6348470 4.5829475 4.8640781 3.2206269 2.6184522 2.7716780 
Drygla_Dgla_sb296008                                           2.8922823 0.0000000 0.4011468 0.4011468 0.0000010 0.2396722 0.2541537 0.0000010 0.3546170 0.3244464 0.3577583 0.3632760 0.3727150 0.4003036 1.3265479 1.3158505 1.3089178 1.3391704 1.3774877 1.4350484 1.3845345 1.1614223 1.3177672 1.4642748 1.5414408 1.6659918 1.5843366 1.5746856 1.1754764 1.0901252 1.0584992 1.0058553 1.1078126 1.3843933 1.4154304 1.2754512 1.7747882 1.1609665 1.2573678 1.5929276 1.1623706 1.9250630 1.7071094 1.1357337 1.3180835 1.3768690 1.3359760 1.4676961 1.4704115 1.1967667 1.3588067 1.2362500 1.4910955 1.1664969 1.7223537 1.7223537 1.4478589 1.0914137 1.4076526 1.5954798 1.2209744 1.1954067 1.4407048 6.1177054 2.1747588 0.0000010 2.3742334 1.6739726 0.9358110 1.1978769 1.3838959 0.0000010 5.4271263 4.4477567 1.5747014 2.2891512 2.7204811 
Pbac_sb2661197                                                 2.7127614 0.4011468 0.0000000 0.0222066 0.2652087 0.3312559 0.3168430 0.2483650 0.3130274 0.3135279 0.3323820 0.4311265 0.4134919 0.0450523 1.2033037 1.0828072 1.0634325 1.1246891 1.1396562 1.1008138 1.2745958 1.0094233 1.0688394 1.2514837 1.2457419 1.2344024 1.2146018 1.0498284 1.0159820 0.9708203 0.9470404 0.9699381 1.0424061 1.0799778 1.0255608 0.9966526 1.1253864 1.1332080 1.1354563 1.1419572 1.0962541 2.0773840 1.5253038 1.1111098 1.4963673 1.4409618 1.4608550 1.5110660 1.4608975 1.3800949 1.4601244 1.3847114 1.9478718 1.3635369 1.9351913 1.9204743 1.3524215 1.2342476 1.7176115 1.7774310 1.3329440 1.2719794 1.3864763 2.3990218 2.0643865 1.2190060 1.8716832 2.1959593 1.4685767 2.3364171 1.3959356 0.9837153 2.3908373 3.0491910 1.4467167 2.4279223 2.7655819 
Horcal_Hcv1.av93.c11.g982.i1                                   2.6374446 0.4011468 0.0222066 0.0000000 0.2484656 0.3254124 0.3049872 0.2486933 0.3133583 0.3138038 0.3327212 0.4262807 0.4049198 0.0213720 1.1823526 1.0843091 1.0498994 1.1260256 1.1409202 1.1047040 1.2648260 1.0130039 1.0733837 1.2531760 1.2559287 1.2619513 1.2263780 1.0775965 1.0498854 0.9981258 0.9578820 0.9923400 1.0376859 1.0935874 1.0371495 1.0231388 1.1600166 1.1645041 1.1447277 1.1477685 1.1027489 2.0058094 1.4816971 1.1149938 1.4876974 1.4553222 1.4692160 1.5138009 1.4753755 1.3727890 1.4741784 1.4063016 1.9977898 1.3973150 1.9269665 1.9376035 1.3524215 1.2533110 1.7176115 1.7922366 1.3395314 1.2779132 1.4088279 2.4535366 2.0404604 1.1819439 1.8790766 2.1959593 1.4799666 2.3749080 1.4322770 1.0236650 2.4388616 3.1628499 1.4467167 2.4499552 2.7620359 
Beraby_Baby_sb356320                                           2.6990011 0.0000010 0.2652087 0.2484656 0.0000000 0.0552661 0.0626127 0.1345464 0.0858056 0.0858056 0.1322455 0.1224807 0.1672958 0.3558216 0.9178649 0.8136221 0.8209097 0.8115899 0.8168886 0.8034038 1.0232498 0.8004195 0.8488135 0.9305211 0.8833404 0.8327877 0.9034164 0.9572950 0.7365154 0.8273073 0.7193303 0.8730213 0.8122126 0.7284122 0.7444073 0.7444043 0.8544353 1.0162954 1.0763769 0.8501086 0.8745403 3.0919316 1.1602496 1.0284298 1.4394383 1.4141739 1.4824971 1.4824971 1.4177622 1.3790653 1.4219828 1.2847622 5.4733013 1.2997801 2.0228526 2.1615040 1.2121365 1.1221112 1.8766033 1.6744769 1.2558842 1.1971242 1.1822839 1.4672000 1.6810896 1.3256754 1.4035305 2.5754735 1.7325372 2.5490529 1.4724056 0.9669413 1.9082610 1.8525381 2.1383040 0.0000010 4.9615313 
Mlei_ML3422.g15.i1                                             2.6524287 0.2396722 0.3312559 0.3254124 0.0552661 0.0000000 0.0272346 0.1292188 0.1096485 0.1161055 0.1783774 0.2775948 0.2787447 0.3697283 1.1548119 1.0571779 1.0361257 1.0963328 1.1139098 1.0825423 1.1906279 1.0070806 1.0746592 1.0903409 1.1509573 1.1632198 1.1230171 0.9323341 0.9927597 0.9573347 0.8471779 0.9406299 0.9893243 0.9335813 0.9559084 0.9070986 1.1399728 1.0947291 1.1518670 1.1176513 1.0505860 2.0338380 1.4648647 1.1393199 1.4050932 1.3552324 1.4316820 1.4690179 1.4013587 1.3200243 1.4089377 1.3201302 1.8755340 1.2655901 1.8676937 1.9525064 1.3462122 1.1780925 1.8764782 1.6207112 1.2967093 1.2683165 1.3624686 2.2071997 1.8886178 1.3259370 1.8632463 2.3402621 1.4207750 2.2707675 1.4388951 0.9516669 2.2114123 2.8728661 1.4838663 2.3951049 2.6470503 
Bolinf_Binf_sb1240510                                          2.4372606 0.2541537 0.3168430 0.3049872 0.0626127 0.0272346 0.0000000 0.1293350 0.1226857 0.1303938 0.1866126 0.2113397 0.2172849 0.3608985 0.9310524 0.8831712 0.8767166 0.8967906 0.9008974 0.8840976 1.0565372 0.8772860 0.9131550 0.9417392 0.9674708 0.9606616 0.9733046 0.9327642 0.8378354 0.9007921 0.7836636 0.8676552 0.9273271 0.8395850 0.8479471 0.8187131 0.8977094 1.0905332 1.0281348 0.9698077 0.9792788 3.2562258 1.4097960 1.0849250 1.4735102 1.4435791 1.5095636 1.5087181 1.4592592 1.3739219 1.4033508 1.3356949 4.2778942 1.2361131 1.6718611 1.7918295 1.1447883 1.1154837 1.9298097 1.3970389 1.1861117 1.2377006 1.2553239 1.4966580 1.5180252 1.3540430 1.6205474 2.4077256 1.4585701 2.3368726 1.4633853 0.9536225 1.9871514 2.3041108 1.2243869 2.5755080 2.8535283 
Drygla_Dgla_sb296005                                           2.3498559 0.0000010 0.2483650 0.2486933 0.1345464 0.1292188 0.1293350 0.0000000 0.0992927 0.0992927 0.1479975 0.1852220 0.1772585 0.2515670 0.8057332 0.7763259 0.8032365 0.7866984 0.7927540 0.7644804 0.9294532 0.7736564 0.7916891 0.8273195 0.7836085 0.7505210 0.8092913 0.8915301 0.7075841 0.7976391 0.7057104 0.8210036 0.7984209 0.7368033 0.7180044 0.7499850 0.7972791 0.9669419 0.9556973 0.8440399 0.8703462 3.6236446 1.3049942 1.1476916 1.4867170 1.4630713 1.5267630 1.5267630 1.4154849 1.3967031 1.4361793 1.2327724 5.1449640 1.2516215 1.9500302 2.0544143 1.3392056 1.1229263 1.9823077 1.5872177 1.1374258 1.1617094 1.1890840 1.3731770 1.6576926 1.3946168 1.4477359 2.6426438 1.5357421 2.5761504 1.4513644 0.8658873 1.7073069 1.7546663 2.3340195 0.0000010 2.9175182 
Bolinf_Binf_sb1190248                                          2.3741896 0.3546170 0.3130274 0.3133583 0.0858056 0.1096485 0.1226857 0.0992927 0.0000000 0.0000010 0.1345696 0.2128095 0.2264791 0.3956903 0.9940470 0.8586881 0.8980142 0.8606282 0.8659110 0.8366254 1.0857169 0.8737139 0.8851287 1.0017899 0.9712975 0.9256600 0.9737008 0.9380884 0.7741932 0.8654388 0.7611761 0.8747866 0.9271086 0.8120304 0.8237690 0.7784193 0.8570993 1.0912224 1.0721584 1.0024957 0.9371480 3.4172534 1.4001373 1.0549166 1.4991754 1.4675277 1.5371603 1.5364296 1.5139795 1.3781757 1.4088569 1.3719238 3.6859707 1.2267800 1.6153183 1.7656608 1.1202490 1.1040475 1.7939553 1.3999632 1.2152991 1.1844913 1.2147452 1.4214366 1.4547084 1.3324164 1.5974242 2.2123933 1.4443116 2.2131428 1.3410274 0.9013011 1.8345252 2.1889704 1.4887381 2.6100658 2.7259890 
Mertsp_Mesp_sb576655                                           2.5992686 0.3244464 0.3135279 0.3138038 0.0858056 0.1161055 0.1303938 0.0992927 0.0000010 0.0000000 0.1306794 0.2385365 0.2510843 0.3693374 1.0632938 0.9431245 0.9578647 0.9597318 0.9681297 0.9338627 1.0759314 0.9292954 0.9618095 1.0859953 1.0901342 1.0784360 1.1075868 0.9380884 0.8433308 0.9059057 0.7975683 0.9133529 0.9554822 0.9061541 0.9269365 0.8205302 0.9202527 1.1452966 1.0976582 1.1274662 0.9716819 2.0649358 1.3667303 1.0771351 1.4496141 1.4128978 1.4814323 1.4805807 1.4461995 1.3319915 1.3565524 1.3621157 2.7915115 1.2298214 1.6211045 1.7695920 1.2000129 1.1315176 1.7939553 1.4282546 1.2737185 1.2402980 1.2454190 1.7045985 1.4547084 1.3324164 1.8278980 2.2123933 1.4443116 2.2131428 1.3410274 0.9013011 1.8317379 2.3619160 1.3986438 2.9619259 2.8663628 
Lampan_Lpan_10462_01                                           2.5663070 0.3577583 0.3323820 0.3327212 0.1322455 0.1783774 0.1866126 0.1479975 0.1345696 0.1306794 0.0000000 0.2110440 0.2356361 0.3905754 0.9432116 0.8699066 0.8705913 0.8933691 0.8986908 0.8630504 1.0631343 0.9058448 0.9259397 1.0697563 1.0509419 1.0103844 1.0472265 1.0080949 0.8141955 0.8873696 0.8451922 0.9360623 0.9304819 0.8059203 0.8246715 0.8092417 0.8674186 1.1478603 0.9910239 1.0710302 0.9757797 3.1899760 1.4187824 1.1005593 1.4649614 1.4347023 1.5014599 1.5005583 1.4499956 1.3524754 1.3816908 1.3019364 4.1997104 1.1445859 1.4700557 1.6198016 1.0843648 1.0390936 1.8175877 1.3742623 1.2162970 1.2025769 1.1304743 1.3999833 1.6678615 1.2812922 1.6360399 2.2754177 1.5797851 2.2121725 1.3820622 0.9132547 1.9213744 2.4161882 1.3732394 2.5843911 2.8874406 
Vmul_Simscaffold15558_01                                       2.9458068 0.3632760 0.4311265 0.4262807 0.1224807 0.2775948 0.2113397 0.1852220 0.2128095 0.2385365 0.2110440 0.0000000 0.1507171 0.5245117 1.2308706 1.1056315 1.1045286 1.1417039 1.1510736 1.1210167 1.2491114 1.0914108 1.1176912 1.2276689 1.2054652 1.1584898 1.1851813 0.9686831 1.0004477 0.9931843 0.9146612 1.0672437 0.9876339 1.0503353 1.0392110 1.0016354 1.2057645 1.1455347 1.1728125 1.2299077 1.0650785 2.3062645 1.5008190 1.2675614 1.4814123 1.4246020 1.5176603 1.5464226 1.4782465 1.4161119 1.5169847 1.3757884 1.9668496 1.3343160 1.7959364 1.9556671 1.5980959 1.2166671 1.8075281 1.6601550 1.3677856 1.2597833 1.4192781 2.0659511 2.2673656 1.2151549 2.0264045 2.3333493 1.5397354 2.2740784 1.3647016 0.8809535 2.0358770 2.9675251 2.0212260 2.2452520 2.5493320 
Coemet_Cmet_scaffold20229_01                                   2.8761369 0.3727150 0.4134919 0.4049198 0.1672958 0.2787447 0.2172849 0.1772585 0.2264791 0.2510843 0.2356361 0.1507171 0.0000000 0.4849306 1.2119458 1.0787574 1.1028868 1.1235233 1.1347001 1.0798716 1.2591811 1.0879841 1.1019799 1.2644906 1.2210497 1.1121455 1.1268565 0.9708158 0.9733492 0.9586148 0.9263639 1.0565972 1.0264203 1.0598219 1.0600678 1.0324926 1.2352848 1.1808404 1.1393865 1.1993505 1.0473781 2.2984862 1.5115322 1.2905460 1.5239656 1.4503501 1.5304531 1.5606366 1.5121100 1.4596153 1.5377174 1.3629486 2.1388357 1.3154212 1.8074322 1.9295046 1.5884236 1.1662085 1.8583391 1.6946342 1.2946723 1.2119694 1.3389616 1.9869160 2.1897688 1.2641016 1.9443731 2.4121191 1.5036775 2.2570745 1.4340673 0.8634473 2.0709840 2.8626230 2.0343217 2.4007759 2.6811635 
Pbac_sb2661198                                                 2.4663465 0.4003036 0.0450523 0.0213720 0.3558216 0.3697283 0.3608985 0.2515670 0.3956903 0.3693374 0.3905754 0.5245117 0.4849306 0.0000000 1.2081046 1.2072821 1.1477038 1.2761157 1.2973631 1.2464153 1.2725244 1.1237078 1.1981604 1.3782139 1.4081897 1.4129228 1.3444078 1.1913333 1.1965332 1.0775266 1.1184148 1.0785061 1.1578103 1.2446753 1.1818601 1.0722946 1.3820476 1.2011074 1.1989790 1.2782896 1.2665214 2.0103668 1.5936512 1.1586131 1.4237746 1.3766439 1.3600252 1.4159794 1.3418832 1.2554375 1.3573462 1.4710358 1.9351510 1.3855716 1.5787622 1.5882635 1.3505800 1.2855628 1.4626554 1.6859828 1.3436898 1.3261425 1.5594192 5.4401079 2.2790275 0.7585325 2.0511659 2.0392205 1.0693638 2.1472622 1.3009205 0.9243100 2.3652200 3.4197172 1.3637936 2.4397467 2.6918772 
Amil_Amillepora05040-RA                                        2.3404482 1.3265479 1.2033037 1.1823526 0.9178649 1.1548119 0.9310524 0.8057332 0.9940470 1.0632938 0.9432116 1.2308706 1.2119458 1.2081046 0.0000000 0.1162156 0.1064770 0.1800990 0.1704184 0.1969919 0.1231805 0.4213341 0.4911420 0.8913927 0.8785100 0.8690128 0.8889043 0.5689544 0.8385268 0.8595671 0.7260717 0.7955532 0.8172356 0.8387154 0.6980302 0.8897143 0.7459559 0.9001513 0.9237625 1.1299093 1.0625913 2.0247431 1.3474278 1.1497685 1.1328675 1.0863208 1.0975646 1.1729625 1.1218037 1.0613414 1.1530214 1.2197072 1.8386559 1.0545299 1.3044247 1.1741014 1.3482408 1.0241988 1.0887369 1.2828099 1.1731095 1.2602462 1.3165825 1.9062686 1.4640984 0.7479065 1.6967383 1.8035052 0.6295970 1.5959638 1.0912620 0.6988978 1.9864383 3.3451293 1.1037284 2.6238975 3.0977429 
Fspp_ffun1.m4.13026.m1                                         2.6269444 1.3158505 1.0828072 1.0843091 0.8136221 1.0571779 0.8831712 0.7763259 0.8586881 0.9431245 0.8699066 1.1056315 1.0787574 1.2072821 0.1162156 0.0000000 0.0752466 0.0692284 0.0793819 0.0689427 0.2275139 0.3112102 0.3605506 0.7614958 0.7311061 0.7360124 0.7275738 0.4584673 0.6450249 0.6310580 0.5579410 0.6103970 0.6044602 0.6564461 0.5569561 0.6412170 0.5312814 0.6600422 0.6910067 0.9187833 0.8451318 1.9613994 1.2815286 1.0081443 1.0653401 1.0347423 1.0540096 1.1203781 1.0740786 0.9890332 1.0838016 1.0847008 1.7309291 0.9861718 1.4721911 1.4885711 1.2819712 0.8833775 1.2897233 1.3430614 1.1250096 1.0673519 1.1215993 1.4925576 1.4296364 1.1337698 1.6365187 1.6973526 0.9585119 1.6958288 1.1724401 0.6282195 1.6465605 2.6041097 1.0844034 2.6646167 2.9459262 
Gfas_gfas1.m1.3377.m1                                          2.6372191 1.3089178 1.0634325 1.0498994 0.8209097 1.0361257 0.8767166 0.8032365 0.8980142 0.9578647 0.8705913 1.1045286 1.1028868 1.1477038 0.1064770 0.0752466 0.0000000 0.1108673 0.1114527 0.1238297 0.2264599 0.3211254 0.3885943 0.7472617 0.7380088 0.7447961 0.7363583 0.4457059 0.6672215 0.6626135 0.5972454 0.6182960 0.6247457 0.6644143 0.5787239 0.6572271 0.5507219 0.7145952 0.6975700 0.9253558 0.9002142 1.9840781 1.2749381 1.0212674 1.0427980 1.0130841 1.0251405 1.0907541 1.0457464 0.9834590 1.0799751 1.0876782 1.6990812 0.9914622 1.5215995 1.5284662 1.2428836 0.8667060 1.3377965 1.3581127 1.1484153 1.1067738 1.1815442 1.4545937 1.3723550 1.1119985 1.6336679 1.7837152 0.9441305 1.7709067 1.2189413 0.5906950 1.5721261 2.5672899 1.0679538 2.6568899 2.9951567 
Spis_XP_022780817_1                                            2.7098465 1.3391704 1.1246891 1.1260256 0.8115899 1.0963328 0.8967906 0.7866984 0.8606282 0.9597318 0.8933691 1.1417039 1.1235233 1.2761157 0.1800990 0.0692284 0.1108673 0.0000000 0.0224401 0.1149088 0.2884549 0.3034500 0.3835453 0.7832550 0.7761721 0.7596733 0.7709914 0.4549099 0.6273016 0.6544594 0.5667509 0.6413062 0.6134319 0.6703961 0.5753863 0.6623949 0.5529850 0.6965410 0.7103253 0.9286133 0.8609022 1.9666594 1.3142760 1.0530858 1.0736603 1.0395032 1.0464238 1.1124104 1.1091247 1.0097302 1.1066513 1.0995308 1.8641968 1.0778898 1.5868408 1.6022433 1.3541166 0.9139511 1.3833946 1.3952060 1.1442388 1.0737506 1.1543804 1.5620882 1.4516832 1.1792683 1.6126160 1.8126455 0.9768272 1.7209107 1.1397539 0.6662804 1.6989079 2.5936096 1.1858117 2.7650660 3.0633220 
Pocdam_XM_027200323.1                                          2.6526037 1.3774877 1.1396562 1.1409202 0.8168886 1.1139098 0.9008974 0.7927540 0.8659110 0.9681297 0.8986908 1.1510736 1.1347001 1.2973631 0.1704184 0.0793819 0.1114527 0.0224401 0.0000000 0.1261979 0.2709117 0.3132884 0.3812625 0.7736198 0.7714694 0.7653876 0.7724033 0.4548998 0.6238768 0.6578869 0.5507701 0.6358517 0.6274391 0.6834378 0.5824808 0.6611396 0.5610809 0.7092401 0.7290085 0.9487107 0.8613575 1.9898665 1.3165308 1.0669797 1.0605254 1.0214469 1.0336170 1.0936390 1.0970156 0.9973495 1.0883231 1.0997423 1.8218304 1.0720966 1.5782893 1.5949945 1.3443978 0.8972890 1.3616535 1.3846745 1.1633491 1.0731756 1.1540493 1.5585723 1.4439783 1.1535125 1.6091551 1.7945020 0.9717364 1.7674688 1.1602075 0.6567317 1.6637418 2.5619769 1.1967636 2.7058254 3.0058415 
Gasp_gasp1.m3.755.m1                                           2.7511276 1.4350484 1.1008138 1.1047040 0.8034038 1.0825423 0.8840976 0.7644804 0.8366254 0.9338627 0.8630504 1.1210167 1.0798716 1.2464153 0.1969919 0.0689427 0.1238297 0.1149088 0.1261979 0.0000000 0.3287297 0.3543919 0.4060121 0.8157760 0.7889586 0.8081523 0.7916278 0.4745937 0.6963235 0.7041534 0.6130780 0.6643650 0.6666712 0.7339997 0.6166649 0.6855469 0.5686216 0.7220119 0.7197527 0.9870749 0.9186814 2.2794530 1.3617429 1.1059907 1.0995575 1.0350346 1.1089437 1.0953672 1.0749093 1.0419726 1.0920359 1.1902840 2.1282667 1.0635444 1.5145504 1.5281464 1.3208606 0.9257148 1.3348706 1.4053904 1.1873476 1.1244893 1.1255624 1.5058779 1.4632272 1.1806167 1.7116768 1.7277974 1.0441577 1.7875305 1.2035963 0.6159412 1.6369775 2.8827407 1.1291014 2.8528127 3.2430486 
Adig_XM_015905170.1                                            2.9828598 1.3845345 1.2745958 1.2648260 1.0232498 1.1906279 1.0565372 0.9294532 1.0857169 1.0759314 1.0631343 1.2491114 1.2591811 1.2725244 0.1231805 0.2275139 0.2264599 0.2884549 0.2709117 0.3287297 0.0000000 0.5465382 0.5597243 0.9427215 0.9331817 0.9359788 0.9494717 0.6030924 0.8070492 0.7788568 0.6865118 0.8032985 0.8182374 0.8600876 0.7971254 0.9002474 0.7671795 0.8313509 0.9300838 1.1858574 1.0436130 2.0677099 1.4286541 1.2404961 1.1549251 1.1136047 1.1295034 1.2036165 1.1915757 1.1063965 1.2293107 1.2956460 1.8198435 1.0491600 1.5489479 1.8254130 1.2990473 1.0407468 1.1550727 1.4011857 1.3420218 1.3896253 1.3102231 1.8781155 1.5460310 1.5942571 1.9891549 1.7556764 1.1102124 1.7764453 1.4312027 0.9715221 1.6320390 2.6461423 1.1519715 2.6166415 2.9918793 
Nvec_v1g183236                                                 2.4682782 1.1614223 1.0094233 1.0130039 0.8004195 1.0070806 0.8772860 0.7736564 0.8737139 0.9292954 0.9058448 1.0914108 1.0879841 1.1237078 0.4213341 0.3112102 0.3211254 0.3034500 0.3132884 0.3543919 0.5465382 0.0000000 0.2721189 0.7377764 0.8025228 0.7886055 0.8118044 0.4418977 0.6273736 0.5732911 0.5227290 0.5725844 0.6359753 0.7238448 0.6138865 0.6165193 0.6018794 0.6528936 0.6850212 0.8955928 0.8715917 2.1454591 1.3860557 1.0126298 1.0747954 1.0674186 1.0532956 1.1156490 1.1072975 1.0343844 1.1162853 1.1077204 1.6948244 1.1053890 1.6400683 1.6308428 1.4127357 0.9526082 1.4208182 1.4677683 1.1709980 1.0890405 1.1765992 1.5943535 1.5780047 1.1796907 1.6611681 1.8336301 0.9229220 1.8117847 1.1978670 0.6854919 1.7752554 2.4837849 1.4861215 2.3012520 3.1006332 
Exapal_XM_021050916.1                                          2.4432897 1.3177672 1.0688394 1.0733837 0.8488135 1.0746592 0.9131550 0.7916891 0.8851287 0.9618095 0.9259397 1.1176912 1.1019799 1.1981604 0.4911420 0.3605506 0.3885943 0.3835453 0.3812625 0.4060121 0.5597243 0.2721189 0.0000000 0.7562938 0.7319667 0.7744360 0.7737957 0.4858388 0.6632237 0.6014315 0.6050435 0.6417048 0.6210945 0.7344500 0.6210331 0.6807668 0.5988276 0.6962912 0.7403766 0.8993297 0.8731141 1.8981076 1.2955187 1.0486619 1.0077637 1.0031097 0.9789455 1.0362482 1.0341073 1.0111481 1.1080632 1.1315558 1.7735556 1.1505312 1.6897098 1.6932275 1.5357541 1.0623824 1.6578793 1.5169061 1.2179971 1.1472837 1.2122261 1.7887075 1.6274332 1.1487339 1.4768917 2.1454385 0.9999339 2.0257349 1.1723134 0.7689897 1.8611219 2.9037046 1.4629918 2.2305751 3.1628453 
Sanmal_Sma_017661-T1                                           2.6722789 1.4642748 1.2514837 1.2531760 0.9305211 1.0903409 0.9417392 0.8273195 1.0017899 1.0859953 1.0697563 1.2276689 1.2644906 1.3782139 0.8913927 0.7614958 0.7472617 0.7832550 0.7736198 0.8157760 0.9427215 0.7377764 0.7562938 0.0000000 0.2732860 0.3431354 0.3110413 0.3850641 0.8880517 0.7589652 0.7460191 0.7802364 0.8855149 0.7791583 0.7743175 0.8727956 0.9113911 0.8332434 0.9759941 0.7151533 1.0667457 2.2417250 1.4421868 1.1094406 1.3153525 1.2525324 1.3250855 1.3697738 1.3297881 1.2114467 1.2909606 1.2351525 1.8595199 1.2847664 2.2234666 2.0749760 1.6163139 1.1623141 1.7753297 1.6730406 1.2623022 1.2167237 1.2485708 1.5518537 1.5431459 1.4514265 1.7011436 1.8401344 1.2924686 1.8384882 1.3978031 0.7554919 1.9153744 2.8600706 1.6753128 2.2888590 2.8001173 
Aaur_scaffold114.g10.t1                                        2.8206753 1.5414408 1.2457419 1.2559287 0.8833404 1.1509573 0.9674708 0.7836085 0.9712975 1.0901342 1.0509419 1.2054652 1.2210497 1.4081897 0.8785100 0.7311061 0.7380088 0.7761721 0.7714694 0.7889586 0.9331817 0.8025228 0.7319667 0.2732860 0.0000000 0.2655717 0.2151234 0.3898435 0.9113042 0.8145601 0.7751970 0.7970421 0.8792403 0.8390111 0.7784082 0.8852455 0.8526064 0.8361255 0.9896194 0.7255155 1.0267766 2.3023710 1.4257033 1.1416807 1.2636481 1.2150664 1.2686332 1.3322153 1.2899684 1.2067752 1.3003766 1.2820717 2.0267941 1.2651316 1.9497045 1.9919084 1.6202708 1.2526461 1.6196520 1.7148279 1.2528575 1.2346975 1.2677901 1.6963128 1.7524971 1.3089087 1.6075031 1.8329218 1.2118637 1.8015129 1.2250278 0.7971369 1.6699225 2.7153711 1.9145544 2.6783436 3.4153926 
Nemnom_g7011.t1                                                2.7388153 1.6659918 1.2344024 1.2619513 0.8327877 1.1632198 0.9606616 0.7505210 0.9256600 1.0784360 1.0103844 1.1584898 1.1121455 1.4129228 0.8690128 0.7360124 0.7447961 0.7596733 0.7653876 0.8081523 0.9359788 0.7886055 0.7744360 0.3431354 0.2655717 0.0000000 0.0836641 0.4434820 0.9232033 0.8070297 0.8574414 0.8570289 0.8893958 0.8815979 0.8092632 0.8546961 0.8956926 0.8946519 1.0635097 0.7970702 1.0275001 2.5598162 1.4842374 1.1437824 1.3825529 1.3223768 1.3865769 1.4414389 1.3678555 1.2944031 1.3642927 1.2660571 1.9103462 1.2869607 2.1152366 2.0152765 1.6653082 1.1669779 1.5224268 1.7459633 1.2593356 1.2233660 1.2782826 1.7527785 1.8930725 1.1537099 1.6233705 1.8193806 1.3032657 1.7059703 1.1012686 0.7704657 1.8440205 2.6450374 1.9989915 2.7159954 3.3805317 
Rhoesc_Res_002459-T1                                           2.7489525 1.5843366 1.2146018 1.2263780 0.9034164 1.1230171 0.9733046 0.8092913 0.9737008 1.1075868 1.0472265 1.1851813 1.1268565 1.3444078 0.8889043 0.7275738 0.7363583 0.7709914 0.7724033 0.7916278 0.9494717 0.8118044 0.7737957 0.3110413 0.2151234 0.0836641 0.0000000 0.4159591 0.9162333 0.8017790 0.8494951 0.8314674 0.9126430 0.8499041 0.8074575 0.8864276 0.8888035 0.8692009 1.0428048 0.7893734 0.9904759 2.4489974 1.4762010 1.1216343 1.3078518 1.2522063 1.3113191 1.3575906 1.3127100 1.2426491 1.3132160 1.2488886 1.8057097 1.2718871 2.1429837 2.0561062 1.6918790 1.1672778 1.6596838 1.7537279 1.2046748 1.2118740 1.2399732 1.8021527 1.9617427 1.2200825 1.6575617 1.9289174 1.2510862 1.8594150 1.1528331 0.7816248 1.8395058 2.6981261 2.0390197 2.5328618 3.2264532 
Morvir_scaffold22.g16.t1                                       2.3828359 1.5746856 1.0498284 1.0775965 0.9572950 0.9323341 0.9327642 0.8915301 0.9380884 0.9380884 1.0080949 0.9686831 0.9708158 1.1913333 0.5689544 0.4584673 0.4457059 0.4549099 0.4548998 0.4745937 0.6030924 0.4418977 0.4858388 0.3850641 0.3898435 0.4434820 0.4159591 0.0000000 0.5249308 0.5089139 0.5264528 0.5496137 0.5855156 0.5817917 0.5818719 0.5892632 0.5727962 0.6196930 0.6838802 0.5558835 0.7613632 4.4772464 1.2027486 0.9014939 1.0691088 1.0588896 1.0606024 1.0606024 1.1280095 1.0375673 1.0646998 1.1803863 3.7288964 1.0273153 1.6075399 1.5723035 1.1992355 0.8876970 1.6609173 1.3661555 1.0878807 1.0322242 1.0458436 1.1324124 1.3984031 1.4529059 1.3160183 1.9574866 1.2002477 1.9411812 1.4031228 0.7862886 1.4798411 1.9152341 1.6039439 2.0671252 2.8674751 
Cgig_XM_034458030.1                                            2.3552084 1.1754764 1.0159820 1.0498854 0.7365154 0.9927597 0.8378354 0.7075841 0.7741932 0.8433308 0.8141955 1.0004477 0.9733492 1.1965332 0.8385268 0.6450249 0.6672215 0.6273016 0.6238768 0.6963235 0.8070492 0.6273736 0.6632237 0.8880517 0.9113042 0.9232033 0.9162333 0.5249308 0.0000000 0.3504175 0.4248820 0.5750111 0.5399485 0.6981173 0.6596914 0.6274139 0.5575508 0.6370969 0.6757977 0.9965105 0.8181455 1.5286569 1.2335766 0.9440341 1.1299663 1.1138878 1.1296991 1.1804906 1.1650193 1.1085293 1.1879373 1.0374287 1.4236140 0.9850812 1.5152602 1.5108372 1.1108551 0.9088248 1.4008970 1.3609169 1.0648851 1.0196341 1.0735992 1.7507829 1.7281893 1.1030935 1.4975894 1.9840766 0.9681276 1.6547057 1.3243606 0.7197887 1.8092359 2.4544629 1.2934655 2.0380975 2.4118690 
Acagra_model.g3996.t1                                          2.2641470 1.0901252 0.9708203 0.9981258 0.8273073 0.9573347 0.9007921 0.7976391 0.8654388 0.9059057 0.8873696 0.9931843 0.9586148 1.0775266 0.8595671 0.6310580 0.6626135 0.6544594 0.6578869 0.7041534 0.7788568 0.5732911 0.6014315 0.7589652 0.8145601 0.8070297 0.8017790 0.5089139 0.3504175 0.0000000 0.4127067 0.5090090 0.4877264 0.6987455 0.6976693 0.5606326 0.5702566 0.5315909 0.6089055 0.8878403 0.7390664 1.7733246 1.2609161 0.9752459 1.0576066 1.0095175 1.0377661 1.0630948 1.0540460 1.0371228 1.0994661 0.9969874 1.4845921 1.0980517 1.7840885 1.6589462 1.2220767 0.9189560 1.6001058 1.4403666 1.0811585 1.0454465 1.0659917 1.7692734 1.7752720 1.1724825 1.5077826 2.1649921 0.9886665 1.6952730 1.2651429 0.7976867 2.1132387 2.6814772 1.6676496 1.7665978 2.3478550 
Ctel_gnl_WGS_AMQN_CAPTEDRAFT_mRNA208377                        2.3655490 1.0584992 0.9470404 0.9578820 0.7193303 0.8471779 0.7836636 0.7057104 0.7611761 0.7975683 0.8451922 0.9146612 0.9263639 1.1184148 0.7260717 0.5579410 0.5972454 0.5667509 0.5507701 0.6130780 0.6865118 0.5227290 0.6050435 0.7460191 0.7751970 0.8574414 0.8494951 0.5264528 0.4248820 0.4127067 0.0000000 0.4889838 0.5199611 0.7056360 0.6540304 0.5941518 0.5361078 0.5879149 0.5736806 0.8797298 0.7125560 1.7460554 1.2450932 0.8929548 1.0703239 0.9994567 1.0347417 1.0454268 1.0954912 1.0453285 1.0998691 1.0663064 1.3908057 0.9647174 1.4744348 1.5583578 1.1134124 0.8011904 1.3405453 1.2944688 1.0044072 0.9454642 1.0195058 1.5758052 1.7312686 0.9959419 1.5398619 1.8559453 0.9707907 1.6552852 1.3462770 0.7066029 1.7036132 2.4795414 1.4535291 1.8282074 2.2993062 
Hsap_ENST00000322995                                           2.1145828 1.0058553 0.9699381 0.9923400 0.8730213 0.9406299 0.8676552 0.8210036 0.8747866 0.9133529 0.9360623 1.0672437 1.0565972 1.0785061 0.7955532 0.6103970 0.6182960 0.6413062 0.6358517 0.6643650 0.8032985 0.5725844 0.6417048 0.7802364 0.7970421 0.8570289 0.8314674 0.5496137 0.5750111 0.5090090 0.4889838 0.0000000 0.5331922 0.6761313 0.6492950 0.5785207 0.5839322 0.5525836 0.6073168 0.9734195 0.7565906 1.8170194 1.1941095 0.8595728 1.0109748 0.9564787 1.0025512 1.0582122 1.0112819 0.9781312 1.0499287 1.0570460 1.1233261 0.9826377 1.7371664 1.6380748 1.3402202 0.8892849 1.5433248 1.4537088 1.0413086 0.9626810 1.0718117 1.5763173 1.6017080 1.1827948 1.4098707 1.8236308 0.3866872 1.7978252 1.1523778 0.7510984 1.7375724 2.4806978 1.2309252 1.7781088 2.3661081 
Bralan_BLAG03000278_1                                          2.4015661 1.1078126 1.0424061 1.0376859 0.8122126 0.9893243 0.9273271 0.7984209 0.9271086 0.9554822 0.9304819 0.9876339 1.0264203 1.1578103 0.8172356 0.6044602 0.6247457 0.6134319 0.6274391 0.6666712 0.8182374 0.6359753 0.6210945 0.8855149 0.8792403 0.8893958 0.9126430 0.5855156 0.5399485 0.4877264 0.5199611 0.5331922 0.0000000 0.6799272 0.6487229 0.5984611 0.6592467 0.5650791 0.6229272 0.9884034 0.6835686 2.0597130 1.3501078 0.9990601 0.9981939 0.9297394 0.9665082 0.9921152 0.9723690 1.0113715 1.0612156 0.9896899 1.5522018 1.0745171 1.8318557 1.7643652 1.3083494 0.9460152 1.3676515 1.3829423 1.1017557 1.0342533 1.1456821 1.7043095 1.6187903 1.1689790 1.5885466 1.8714781 1.0211375 1.5469305 1.2778703 0.7438553 1.8002213 2.4539957 1.4456939 1.9488546 2.5860452 
Xesp_008411-T1                                                 2.6821604 1.3843933 1.0799778 1.0935874 0.7284122 0.9335813 0.8395850 0.7368033 0.8120304 0.9061541 0.8059203 1.0503353 1.0598219 1.2446753 0.8387154 0.6564461 0.6644143 0.6703961 0.6834378 0.7339997 0.8600876 0.7238448 0.7344500 0.7791583 0.8390111 0.8815979 0.8499041 0.5817917 0.6981173 0.6987455 0.7056360 0.6761313 0.6799272 0.0000000 0.2263749 0.7044872 0.6840227 0.7117182 0.7606588 1.0100480 0.8878003 1.9575091 1.3348255 1.0713658 1.1875719 1.1730526 1.1658279 1.2442600 1.2534111 1.1194294 1.1994299 1.2241803 2.1842407 1.2796744 2.0159781 1.8093071 1.5251882 1.1127721 1.7135308 1.5874708 1.2332739 1.1430657 1.2782874 1.9272766 1.6693485 1.2298100 1.6661869 1.9038562 1.1745802 1.8177819 1.2436808 0.8529395 2.0387833 2.4147614 1.4393618 2.1555151 3.1380941 
Dgig_XM_028552569.1                                            2.5413002 1.4154304 1.0255608 1.0371495 0.7444073 0.9559084 0.8479471 0.7180044 0.8237690 0.9269365 0.8246715 1.0392110 1.0600678 1.1818601 0.6980302 0.5569561 0.5787239 0.5753863 0.5824808 0.6166649 0.7971254 0.6138865 0.6210331 0.7743175 0.7784082 0.8092632 0.8074575 0.5818719 0.6596914 0.6976693 0.6540304 0.6492950 0.6487229 0.2263749 0.0000000 0.7036600 0.6351986 0.6752789 0.7236283 0.8926312 0.8929968 2.1710611 1.3271991 1.0673694 1.1446233 1.1165509 1.1196258 1.1807953 1.1883856 1.1161067 1.1969978 1.2183659 1.7485439 1.1807839 1.8660496 1.7622662 1.4091698 1.0318324 1.5087036 1.4852725 1.1370493 1.0709457 1.2652376 1.6592626 1.7779671 0.9806711 1.5181310 1.8303175 1.0671387 1.7623859 1.1167703 0.7849596 1.9121248 2.3867625 1.5841085 2.3690540 3.4215203 
Spur_XM_030996878.1                                            2.3855349 1.2754512 0.9966526 1.0231388 0.7444043 0.9070986 0.8187131 0.7499850 0.7784193 0.8205302 0.8092417 1.0016354 1.0324926 1.0722946 0.8897143 0.6412170 0.6572271 0.6623949 0.6611396 0.6855469 0.9002474 0.6165193 0.6807668 0.8727956 0.8852455 0.8546961 0.8864276 0.5892632 0.6274139 0.5606326 0.5941518 0.5785207 0.5984611 0.7044872 0.7036600 0.0000000 0.7364721 0.6290627 0.6978186 0.9071087 0.7878657 1.6810477 1.2428477 0.9553211 1.1147382 1.0692478 1.1236418 1.1434346 1.1524085 1.0544187 1.1068388 1.0940686 1.4328215 1.0382535 1.8188283 1.7272875 1.2464201 0.9065865 1.7423615 1.4747682 1.0483039 1.0800668 1.1003012 1.6198129 1.7938177 1.1919862 1.5571480 2.0485717 0.9986172 1.7840033 1.3188387 0.8411426 2.0322120 2.8059760 1.3819507 1.8282937 2.7366510 
Cscu_XM_023384911.1                                            2.6875505 1.7747882 1.1253864 1.1600166 0.8544353 1.1399728 0.8977094 0.7972791 0.8570993 0.9202527 0.8674186 1.2057645 1.2352848 1.3820476 0.7459559 0.5312814 0.5507219 0.5529850 0.5610809 0.5686216 0.7671795 0.6018794 0.5988276 0.9113911 0.8526064 0.8956926 0.8888035 0.5727962 0.5575508 0.5702566 0.5361078 0.5839322 0.6592467 0.6840227 0.6351986 0.7364721 0.0000000 0.6707113 0.5425418 0.8886279 0.8357615 4.2064759 1.4871717 1.0073149 1.1870913 1.0917101 1.1977278 1.1489868 1.1057308 1.1486473 1.1389613 1.3411395 4.7103340 1.2723123 1.5166269 1.5305105 1.2265550 1.1140055 1.3817862 1.4571115 1.2144040 1.1981909 1.2354794 1.7533453 1.5634237 1.1414452 1.4969758 1.6211801 1.1019758 1.4886151 1.1608435 0.9140699 2.0763620 2.5264321 1.2502997 3.1720172 4.1745637 
Skow_XM_006822139.1                                            2.3689364 1.1609665 1.1332080 1.1645041 1.0162954 1.0947291 1.0905332 0.9669419 1.0912224 1.1452966 1.1478603 1.1455347 1.1808404 1.2011074 0.9001513 0.6600422 0.7145952 0.6965410 0.7092401 0.7220119 0.8313509 0.6528936 0.6962912 0.8332434 0.8361255 0.8946519 0.8692009 0.6196930 0.6370969 0.5315909 0.5879149 0.5525836 0.5650791 0.7117182 0.6752789 0.6290627 0.6707113 0.0000000 0.6417114 0.9342104 0.7874838 1.5765176 1.1999939 1.0110167 1.0753750 1.0254613 1.0468354 1.0918265 1.0775304 0.9976053 1.0378377 1.0610498 1.1459881 1.0445868 1.8452340 1.9223778 1.3322834 0.9324370 1.4733438 1.6264487 1.1417706 1.0936386 1.2295462 2.0124092 1.8212762 1.5111869 1.5564541 1.9193602 1.0836829 1.9001790 1.3043367 0.8546970 1.8105777 2.3663409 1.8861333 1.8174138 2.2067378 
Dpul_mRNA10877                                                 2.5745490 1.2573678 1.1354563 1.1447277 1.0763769 1.1518670 1.0281348 0.9556973 1.0721584 1.0976582 0.9910239 1.1728125 1.1393865 1.1989790 0.9237625 0.6910067 0.6975700 0.7103253 0.7290085 0.7197527 0.9300838 0.6850212 0.7403766 0.9759941 0.9896194 1.0635097 1.0428048 0.6838802 0.6757977 0.6089055 0.5736806 0.6073168 0.6229272 0.7606588 0.7236283 0.6978186 0.5425418 0.6417114 0.0000000 1.0111912 0.6834406 2.0922325 1.3912336 1.0663874 1.1768317 1.1352083 1.1453693 1.1848407 1.1977649 1.1192760 1.2058312 1.1629171 1.5566161 1.0654002 1.6611521 1.6516625 1.3205654 0.9962583 1.7967324 1.5752685 1.2232785 1.1378514 1.1847542 1.7755565 1.9179513 1.0966594 1.5029644 2.1474663 1.0730805 1.8891389 1.4429314 0.7994300 1.9404598 2.5998497 1.4135196 1.7520204 2.6298598 
Hvul_g22295_1                                                  2.5902797 1.5929276 1.1419572 1.1477685 0.8501086 1.1176513 0.9698077 0.8440399 1.0024957 1.1274662 1.0710302 1.2299077 1.1993505 1.2782896 1.1299093 0.9187833 0.9253558 0.9286133 0.9487107 0.9870749 1.1858574 0.8955928 0.8993297 0.7151533 0.7255155 0.7970702 0.7893734 0.5558835 0.9965105 0.8878403 0.8797298 0.9734195 0.9884034 1.0100480 0.8926312 0.9071087 0.8886279 0.9342104 1.0111912 0.0000000 1.2231994 2.4661260 1.6353313 1.2592079 1.4670929 1.4005161 1.4342820 1.4506849 1.4818724 1.3890777 1.4496775 1.3286868 2.4201466 1.3815774 2.0856300 2.0791226 1.7589271 1.4186372 1.7883876 1.8987240 1.3128884 1.3128664 1.3930157 1.9350438 2.0336384 1.3169730 1.7733310 2.0617488 1.3122002 2.2216671 1.4639679 0.9911807 2.1459299 2.6834704 2.0333396 2.9613655 3.1792220 
Tcas_TC001220_001                                              2.4094767 1.1623706 1.0962541 1.1027489 0.8745403 1.0505860 0.9792788 0.8703462 0.9371480 0.9716819 0.9757797 1.0650785 1.0473781 1.2665214 1.0625913 0.8451318 0.9002142 0.8609022 0.8613575 0.9186814 1.0436130 0.8715917 0.8731141 1.0667457 1.0267766 1.0275001 0.9904759 0.7613632 0.8181455 0.7390664 0.7125560 0.7565906 0.6835686 0.8878003 0.8929968 0.7878657 0.8357615 0.7874838 0.6834406 1.2231994 0.0000000 2.0428941 1.3549429 1.0894479 1.1346293 1.0941039 1.1492836 1.1919726 1.1502554 1.1393311 1.1931862 1.0379789 1.5024291 1.0596912 1.9022271 1.7503291 1.4011778 0.9647076 1.6571393 1.5182985 1.1200986 1.1163969 1.1049944 1.7574267 1.8138092 1.1240076 1.5420638 1.9486463 1.1695577 1.8743542 1.3955551 0.8167781 1.9982776 2.7314883 1.5083381 1.9497023 2.4950709 
Opea_EP00118_Oscarella_pearsei_P013624                         3.3091882 1.9250630 2.0773840 2.0058094 3.0919316 2.0338380 3.2562258 3.6236446 3.4172534 2.0649358 3.1899760 2.3062645 2.2984862 2.0103668 2.0247431 1.9613994 1.9840781 1.9666594 1.9898665 2.2794530 2.0677099 2.1454591 1.8981076 2.2417250 2.3023710 2.5598162 2.4489974 4.4772464 1.5286569 1.7733246 1.7460554 1.8170194 2.0597130 1.9575091 2.1710611 1.6810477 4.2064759 1.5765176 2.0922325 2.4661260 2.0428941 0.0000000 0.0919813 1.1554681 2.0606517 1.9324101 1.8955020 2.0636119 2.0796362 2.0607208 2.2047113 1.4624858 1.5019739 1.6188258 3.2615942 3.2615942 2.2166417 1.6925232 6.7718501 3.0147578 1.8147497 1.9660950 2.2726088 5.4889875 5.6500128 2.2466884 2.4469072 5.3466410 2.2245047 9.0000000 4.2513610 2.1600586 5.4485642 6.8372868 3.8365693 2.8793795 2.8416950 
Opea_EP00118_Oscarella_pearsei_P013625                         2.7076918 1.7071094 1.5253038 1.4816971 1.1602496 1.4648647 1.4097960 1.3049942 1.4001373 1.3667303 1.4187824 1.5008190 1.5115322 1.5936512 1.3474278 1.2815286 1.2749381 1.3142760 1.3165308 1.3617429 1.4286541 1.3860557 1.2955187 1.4421868 1.4257033 1.4842374 1.4762010 1.2027486 1.2335766 1.2609161 1.2450932 1.1941095 1.3501078 1.3348255 1.3271991 1.2428477 1.4871717 1.1999939 1.3912336 1.6353313 1.3549429 0.0919813 0.0000000 0.8429798 1.5413727 1.4689894 1.4791271 1.5326610 1.5461692 1.5557214 1.6127611 1.2669011 1.5797732 1.3745596 2.0757277 2.0184355 1.5653689 1.3723142 1.8575820 2.0250908 1.4419999 1.5903432 1.6064423 2.4805999 2.3852019 1.3552788 1.8474291 2.4055661 1.5935205 2.1467413 1.4360199 1.2209282 2.5244116 3.3400960 2.2975450 2.6911553 2.5719357 
Plajan_Pjan_C556137_01                                         2.6831996 1.1357337 1.1111098 1.1149938 1.0284298 1.1393199 1.0849250 1.1476916 1.0549166 1.0771351 1.1005593 1.2675614 1.2905460 1.1586131 1.1497685 1.0081443 1.0212674 1.0530858 1.0669797 1.1059907 1.2404961 1.0126298 1.0486619 1.1094406 1.1416807 1.1437824 1.1216343 0.9014939 0.9440341 0.9752459 0.8929548 0.8595728 0.9990601 1.0713658 1.0673694 0.9553211 1.0073149 1.0110167 1.0663874 1.2592079 1.0894479 1.1554681 0.8429798 0.0000000 1.3578558 1.3123521 1.3738696 1.4210506 1.3853760 1.2559746 1.3177490 1.1883621 1.2757405 1.1114492 1.8282821 1.7122740 1.1412642 1.0080559 1.4327227 1.5853943 1.1806430 1.2730907 1.1483266 1.8979716 1.7871201 1.2592434 1.6639606 1.9934333 1.4074491 1.6120671 1.4510783 0.8701114 1.9100285 2.6302521 1.3729682 2.4561103 2.4964483 
HoiH23_PlH23_003653-RA                                         2.9088681 1.3180835 1.4963673 1.4876974 1.4394383 1.4050932 1.4735102 1.4867170 1.4991754 1.4496141 1.4649614 1.4814123 1.5239656 1.4237746 1.1328675 1.0653401 1.0427980 1.0736603 1.0605254 1.0995575 1.1549251 1.0747954 1.0077637 1.3153525 1.2636481 1.3825529 1.3078518 1.0691088 1.1299663 1.0576066 1.0703239 1.0109748 0.9981939 1.1875719 1.1446233 1.1147382 1.1870913 1.0753750 1.1768317 1.4670929 1.1346293 2.0606517 1.5413727 1.3578558 0.0000000 0.0299099 0.0715483 0.1110276 0.1348493 0.1659382 0.2315426 1.2332301 2.1742470 1.2260551 1.7948159 1.6535679 1.5400217 1.2156963 1.4661333 1.5943170 1.2579933 1.1476785 1.4155209 1.9913743 2.2933966 1.2429704 1.9066181 2.1813309 1.4586572 2.3181409 1.5305046 1.1158002 2.1164328 2.7450635 1.5295296 2.4857748 3.0216333 
HoiH06_mRNA12180                                               2.8591863 1.3768690 1.4409618 1.4553222 1.4141739 1.3552324 1.4435791 1.4630713 1.4675277 1.4128978 1.4347023 1.4246020 1.4503501 1.3766439 1.0863208 1.0347423 1.0130841 1.0395032 1.0214469 1.0350346 1.1136047 1.0674186 1.0031097 1.2525324 1.2150664 1.3223768 1.2522063 1.0588896 1.1138878 1.0095175 0.9994567 0.9564787 0.9297394 1.1730526 1.1165509 1.0692478 1.0917101 1.0254613 1.1352083 1.4005161 1.0941039 1.9324101 1.4689894 1.3123521 0.0299099 0.0000000 0.0753322 0.0680040 0.1213077 0.1778425 0.1937135 1.1575654 1.9853121 1.1612961 1.8350034 1.6837509 1.5270281 1.1867463 1.5055199 1.5834674 1.2316113 1.1861758 1.3144192 1.9867545 2.2613686 1.2177173 1.8290205 2.1332271 1.4335120 2.2652966 1.5070357 1.1158002 2.1164328 2.4581288 1.5295296 2.3885459 2.8917993 
Hhon_g05263.t1                                                 2.8234019 1.3359760 1.4608550 1.4692160 1.4824971 1.4316820 1.5095636 1.5267630 1.5371603 1.4814323 1.5014599 1.5176603 1.5304531 1.3600252 1.0975646 1.0540096 1.0251405 1.0464238 1.0336170 1.1089437 1.1295034 1.0532956 0.9789455 1.3250855 1.2686332 1.3865769 1.3113191 1.0606024 1.1296991 1.0377661 1.0347417 1.0025512 0.9665082 1.1658279 1.1196258 1.1236418 1.1977278 1.0468354 1.1453693 1.4342820 1.1492836 1.8955020 1.4791271 1.3738696 0.0715483 0.0753322 0.0000000 0.0483568 0.1447474 0.1823285 0.2388893 1.2387428 2.1501368 1.2087082 1.7647159 1.6365323 1.4981155 1.2056260 1.4894194 1.5861327 1.2638883 1.1577149 1.4132077 1.9901510 2.2940941 1.2603214 1.8349990 2.1677494 1.4980440 2.2410504 1.5077795 1.1712601 2.2695130 2.7317395 1.5290945 2.3916385 2.7966583 
