82
HoiH23_PlH23_005719-RA                                0.0000000 0.0355535 0.0522028 0.0555179 0.1274790 0.1349669 1.4184726 1.3350431 1.6694415 1.8586288 1.4369234 1.5730262 1.4802741 1.4883665 1.8455970 1.5975130 1.4581568 1.5532339 1.4001453 1.4780624 1.4568175 1.3137612 1.5008576 1.5587581 1.3881596 1.3252875 1.3345060 1.3416113 1.1484041 1.3142063 1.3686410 1.2913123 1.2468602 1.2881546 1.2621250 1.2621250 1.2621250 1.3243371 1.3460312 1.4170647 1.3788812 1.4074426 1.3702703 1.4317854 1.4209213 1.3958101 1.5549654 1.6231555 1.7290424 1.6382854 1.7403033 2.7395866 3.3569664 3.3569664 3.1766617 3.0560801 3.0918804 3.1889563 3.4344989 3.2515426 3.1611724 3.2318261 2.9797704 3.1270388 3.3726752 3.4307799 8.9999982 3.1420582 3.2435356 4.5764001 3.6741245 3.4908027 4.2650002 3.1785212 2.1807238 5.3757643 3.1544597 3.5644488 4.1670863 5.0843486 3.9779767 4.2859329 
HoiH06_mRNA10340                                      0.0355535 0.0000000 0.0727462 0.0761257 0.1352567 0.1428441 1.4184726 1.3133767 1.6172570 1.8387043 1.4169604 1.5417400 1.4411093 1.4694173 1.7845871 1.5693598 1.4287759 1.5345473 1.3917109 1.4573021 1.4566209 1.3306010 1.5295294 1.5653945 1.3684207 1.3119047 1.3175116 1.3235445 1.1489534 1.3036905 1.3569134 1.2694917 1.2354111 1.2842155 1.2542153 1.2542153 1.2542153 1.3171102 1.3226800 1.3857344 1.4066994 1.4204529 1.3591379 1.4476033 1.3966621 1.3713106 1.5469688 1.6256205 1.7454196 1.6181858 1.7095928 2.8783447 3.3574747 3.3574747 3.1761413 3.0548693 3.0908186 3.1363933 3.3441545 3.1854661 3.0936860 3.1872846 2.9211080 3.1121167 3.3972218 3.4562195 8.9999982 3.1519204 3.2468892 4.4477851 3.6373075 3.4480341 4.1251763 3.1697807 2.2029063 5.4283757 3.1744656 3.6254531 4.2619788 5.3233127 3.8903232 4.1940136 
Hhon_g02536.t1                                        0.0522028 0.0727462 0.0000000 0.0031421 0.1227136 0.1301072 1.4163528 1.3060116 1.6027944 1.8088178 1.3696781 1.5597170 1.4838529 1.4919472 2.0066371 1.6163044 1.4707193 1.5793790 1.3811219 1.4717215 1.4568202 1.3844216 1.5163656 1.5812022 1.3639331 1.3040475 1.3198918 1.3030720 1.1321230 1.2856358 1.4002936 1.2408170 1.2457733 1.3039813 1.2492600 1.2492600 1.2492600 1.3183421 1.3513372 1.4222500 1.4071019 1.4185172 1.3682321 1.4329759 1.4151099 1.3841442 1.5217821 1.5691231 1.7446185 1.6464859 1.6916081 2.7811995 3.3562126 3.3562126 3.1483050 3.1069798 3.1447750 3.2020098 3.4027327 3.1552787 3.1011222 3.1778528 2.9079572 3.0958546 3.3742964 3.4324734 8.4434521 3.1862731 3.2666748 4.6668819 3.7423263 3.5913755 4.4244775 3.1567137 2.2061464 5.2601363 3.1438413 3.6052918 4.2323740 4.9737918 4.0764685 4.5366295 
HoiH04_mRNA3573                                       0.0555179 0.0761257 0.0031421 0.0000000 0.1262361 0.1336567 1.4163528 1.3134502 1.6179262 1.8520541 1.3724010 1.5689434 1.4920526 1.5001909 2.0066371 1.6253285 1.4788941 1.5882133 1.3888056 1.4651486 1.4502657 1.3844216 1.5095993 1.5635906 1.3660809 1.3059720 1.3218762 1.3049896 1.1321230 1.2822017 1.4026755 1.2441217 1.2490354 1.3059009 1.2562935 1.2562935 1.2562935 1.3243495 1.3624884 1.4158263 1.4071019 1.4265750 1.3759569 1.4409554 1.4151099 1.3919061 1.5344733 1.5596231 1.7537813 1.6496384 1.6630415 2.7811995 3.3562126 3.3562126 3.1483050 3.1069798 3.1447750 3.2020098 3.4027327 3.1552787 3.1011222 3.1778528 2.9079572 3.0958546 3.3742964 3.4324734 8.4434521 3.1862731 3.2666748 4.6668819 3.7423263 3.5913755 4.4244775 3.1567137 2.2061464 5.2601363 3.1438413 3.6052918 4.2323740 4.9255149 4.1164188 4.5366295 
TrH2_TrispH2_001499-RA                                0.1274790 0.1352567 0.1227136 0.1262361 0.0000000 0.0158469 1.4214042 1.3317589 1.6614809 1.6949782 1.3217775 1.5366784 1.4120392 1.4197369 1.7863178 1.5692527 1.4260304 1.5277286 1.3736201 1.4357335 1.4411888 1.3607541 1.5030570 1.5051661 1.3318759 1.2698577 1.2788696 1.2848125 1.0716517 1.2815964 1.3778971 1.2448131 1.2252432 1.2471168 1.2122247 1.2122247 1.2122247 1.3010146 1.3384541 1.3956760 1.3391363 1.3861540 1.3603754 1.4175443 1.2775590 1.3819426 1.4972877 1.5440600 1.6107497 1.6365205 1.7269816 2.7821245 2.9845073 2.9845073 2.8640265 2.9632045 2.9956033 2.9903604 3.2310599 3.0542780 2.9881172 3.0645693 2.7778802 2.8064084 3.2291269 3.2838337 7.3550612 3.3025220 3.3689701 4.0183564 3.3917221 3.3039226 3.9041743 3.0970214 2.1001209 5.2117014 3.1744402 3.5492245 4.0349473 5.2476416 3.7176740 4.6692603 
Tadh_TriadT55614                                      0.1349669 0.1428441 0.1301072 0.1336567 0.0158469 0.0000000 1.4214042 1.3495310 1.6951851 1.6949782 1.4500746 1.6517081 1.4855447 1.5185885 1.7833758 1.6628194 1.5197629 1.6424450 1.4715571 1.4736717 1.4694971 1.3701304 1.5234643 1.5735713 1.4111571 1.3360650 1.3151115 1.2944682 1.0803677 1.3511974 1.4754019 1.3762598 1.3276302 1.3514952 1.3337464 1.3315497 1.3239758 1.3863983 1.3971188 1.4407514 1.3496774 1.4686062 1.4180945 1.5136018 1.2775590 1.4609828 1.6162843 1.5253581 1.6097748 1.7676654 1.9506321 2.8139019 2.9959809 2.9959809 2.8760650 2.9917628 3.0250589 3.0019425 3.2382441 3.0610365 2.9951141 3.0768799 2.7885903 2.8172665 3.2418291 3.2967612 7.3550612 3.3020073 3.4093720 4.0183564 3.4087092 3.4648875 4.1779943 3.1091689 2.1196920 5.2535507 3.1917687 3.6731251 4.1962780 5.6090320 3.8354483 4.6543213 
Opea_EP00118_Oscarella_pearsei_P008399                1.4184726 1.4184726 1.4163528 1.4163528 1.4214042 1.4214042 0.0000000 0.4215523 5.8665404 0.0000010 0.9819303 1.2757219 1.0673561 1.0562897 5.4328865 1.4132984 1.5155141 1.4828226 1.0799274 1.0919084 1.1664864 1.2739073 1.2214388 0.0000010 1.2495387 1.0148330 1.0148330 0.9998883 0.7247923 1.0253111 0.8333099 0.9590463 1.0945667 0.9539308 1.0392501 1.0392501 1.0392501 1.2667414 1.3262489 1.2920004 1.0369841 1.0737512 1.2305260 1.0812929 0.8745535 0.9621895 1.3042657 1.3521557 1.2031918 3.2785678 5.4276040 6.4540091 6.3938852 6.3938852 6.2434649 5.2545847 5.2545847 7.3808789 6.8905569 4.2174315 4.2673368 3.3160407 4.3773913 4.2966934 6.8800457 6.8800457 0.0000010 4.2814659 4.2814659 4.7868032 5.3668017 5.3668017 4.7868032 3.3832660 2.7896434 5.9849584 2.9228535 4.6740388 8.9999986 6.8932496 8.9999982 8.9999981 
Opea_EP00118_Oscarella_pearsei_P008398                1.3350431 1.3133767 1.3060116 1.3134502 1.3317589 1.3495310 0.4215523 0.0000000 0.0000010 0.1383034 0.7818493 0.6753948 0.6323159 0.6470095 0.9259120 0.7296880 0.7297673 0.7720027 0.6650893 0.5749507 0.5490618 0.4977223 0.6083943 0.7849525 0.6026058 0.5763396 0.5885793 0.5686849 0.4879170 0.5580357 0.6692983 0.5130933 0.5205284 0.5026503 0.5732279 0.5674817 0.5718366 0.6395813 0.6353767 0.6721423 0.6213979 0.6883595 0.7020753 0.6325470 0.8531865 0.7183637 0.7770961 0.8676598 0.8109031 0.8402701 1.1348859 1.5374145 2.5687930 2.5687930 2.3385383 2.1550688 2.1634400 2.6382960 2.6379763 2.8116993 2.7424466 2.7666433 2.5094728 2.5537226 2.8854599 2.9304544 5.4667199 2.7588451 2.8961028 4.2251183 2.8897953 2.7081091 3.9105962 2.7908987 1.4896403 4.3725842 2.7212353 3.1016656 3.1763166 3.9494544 2.1607829 3.0110466 
Ocar_g9939                                            1.6694415 1.6172570 1.6027944 1.6179262 1.6614809 1.6951851 5.8665404 0.0000010 0.0000000 0.1383034 1.1298900 0.8349962 0.7444979 0.7701524 0.9259120 0.8359027 0.8643038 0.9104557 0.8166432 0.6732415 0.6359192 0.4952380 0.6871541 0.7849525 0.7801868 0.7330854 0.7476057 0.6999178 0.5238748 0.6724769 0.7879703 0.6148456 0.6033361 0.6487626 0.6956473 0.6864823 0.6928071 0.7198464 0.7262756 0.8056649 0.9730855 0.9182551 0.8347653 0.7879620 3.9464213 0.9480946 0.9478719 1.1326032 1.0444587 0.7514246 1.1348859 1.6959347 2.3658119 2.3658119 2.3543209 2.1497612 2.1497612 2.3901653 2.3722120 2.8842843 2.8653721 2.7292105 2.3926184 2.6331122 2.7714242 2.8416597 5.4667199 3.9076864 4.1314294 4.2634937 4.0134825 3.7543227 3.9413791 4.3017936 3.1561365 4.3725842 4.4345722 4.2882416 4.2882416 4.0997269 1.3508114 3.5591735 
Opea_EP00118_Oscarella_pearsei_P008400                1.8586288 1.8387043 1.8088178 1.8520541 1.6949782 1.6949782 0.0000010 0.1383034 0.1383034 0.0000000 1.6767428 0.7816937 0.7973215 0.7643135 0.6679472 0.8495933 0.8805662 0.9496307 0.7605158 0.8921591 0.9011816 0.0000010 0.8950658 0.9507361 1.1401766 1.0310936 0.9763103 0.9956206 0.9453174 0.9991579 1.1209782 0.9127899 0.9993004 1.1549742 1.0954497 1.0954497 1.0954497 1.0995490 1.3831451 1.3425746 6.3281123 1.4045332 1.1681533 1.1446339 8.9999983 1.1637657 1.2055894 1.5125834 2.4779434 1.0989302 1.6204840 1.3670062 2.6250037 2.6250037 2.5097927 2.2130940 2.2130940 2.4160650 2.2182793 2.7189948 2.7447349 2.7447349 2.4276927 2.4400820 3.1960512 3.2166226 4.6806915 3.0169989 3.2834847 5.2527535 5.2527535 5.6302076 5.6302076 5.5931979 9.0000000 5.4498972 5.0839984 3.5625113 3.5625113 4.6014124 1.7486769 0.0000010 
Adig_XM_015892434.1                                   1.4369234 1.4169604 1.3696781 1.3724010 1.3217775 1.4500746 0.9819303 0.7818493 1.1298900 1.6767428 0.0000000 0.9270758 0.8548195 0.9031349 1.3132245 1.1327173 1.1035202 1.1891164 0.8772395 0.7549004 0.7667499 0.6034140 0.8299839 1.3833124 0.2569395 0.2966830 0.3157501 0.2082743 0.3319867 0.4807231 0.3612250 0.5577966 0.6862544 0.6897030 0.7354169 0.6854666 0.7405833 0.7842539 0.6148689 0.6795893 0.5161757 0.7068532 0.8665372 0.8086459 0.5878450 0.8306377 0.8319931 0.7203226 0.6675575 0.3250901 0.9409353 1.5110977 2.8274564 2.8274564 2.5640481 2.4462743 2.4729068 2.6046323 2.7484659 2.7134012 2.8103869 2.7967962 2.4400021 2.4059254 2.7579942 2.8178768 4.9783747 3.4098918 3.7078288 5.2613047 4.1970940 3.9592230 4.9063566 3.1245312 1.8695762 5.1936013 3.5404384 3.2686514 3.5370576 4.3155907 3.6356329 4.6406656 
Tetwil_g25249.t2                                      1.5730262 1.5417400 1.5597170 1.5689434 1.5366784 1.6517081 1.2757219 0.6753948 0.8349962 0.7816937 0.9270758 0.0000000 0.2973535 0.3091136 0.2888896 0.4092772 0.4756562 0.5312925 0.4457868 0.6357141 0.6269546 0.5110611 0.6651521 0.8597722 0.7224973 0.7148878 0.7557199 0.6490472 0.4975887 0.6948389 0.8065733 0.6978809 0.7064942 0.7447874 0.6725249 0.6714127 0.6677459 0.7425852 0.7388522 0.7329146 0.6460907 0.7756617 0.8338296 0.7957276 0.5777891 0.8746941 0.9711974 0.9278540 0.8451000 1.0983022 1.3926179 1.8592576 2.2461119 2.2461119 2.0529222 2.2175928 2.2274488 2.1193811 2.2478072 2.3978433 2.4650312 2.4751081 2.1685323 2.1154146 2.3744696 2.3667302 6.4150871 2.7663911 3.0287584 4.6108108 3.0863270 2.9144546 4.2331827 2.5529487 1.3949922 4.6845760 3.1552822 3.3270465 3.6175132 4.3796597 1.4871806 2.7436011 
Emue_Em0018g77a.t1                                    1.4802741 1.4411093 1.4838529 1.4920526 1.4120392 1.4855447 1.0673561 0.6323159 0.7444979 0.7973215 0.8548195 0.2973535 0.0000000 0.0529784 0.2189146 0.4748404 0.5352940 0.5551695 0.4615625 0.5954330 0.5758748 0.5187845 0.6383497 0.8167561 0.6782976 0.6265471 0.6369699 0.5994076 0.4832384 0.6791781 0.7389978 0.6959543 0.6716060 0.6959123 0.6657384 0.6563809 0.6638269 0.6926565 0.7403185 0.7452462 0.6322827 0.7252799 0.7979868 0.7786503 0.5951042 0.7702534 0.8750465 0.8755298 0.8828636 1.0485597 1.2310895 1.6126255 2.4661337 2.4661337 2.2925427 2.2794322 2.2907740 2.3197549 2.3109492 2.3290996 2.4372156 2.4085658 2.1391669 2.1324901 2.4988377 2.5304013 7.0022414 2.9075317 3.1912886 3.8879110 2.8081885 2.5982973 3.4663190 2.5600325 1.5452964 4.5928822 2.8605638 3.2915136 3.4480535 3.9482794 1.8483059 2.4778499 
Spolac_c102565_g1_i1_m.29930c102565-g1                1.4883665 1.4694173 1.4919472 1.5001909 1.4197369 1.5185885 1.0562897 0.6470095 0.7701524 0.7643135 0.9031349 0.3091136 0.0529784 0.0000000 0.1913446 0.4876098 0.5405096 0.5873598 0.4718270 0.5970203 0.5770146 0.5294379 0.6637013 0.8728343 0.7000295 0.6515665 0.6604739 0.6004229 0.4707815 0.6667071 0.7533625 0.6954649 0.6809227 0.6949274 0.6723387 0.6673153 0.6737781 0.7139732 0.7578471 0.7695158 0.6367583 0.7338511 0.7778969 0.7937144 0.5636662 0.7688399 0.8845884 0.8780071 0.8804102 1.1016642 1.2167123 1.6086239 2.4604508 2.4604508 2.2786190 2.2999873 2.3118469 2.3444019 2.3365016 2.3822944 2.4891294 2.4820329 2.1911714 2.1003439 2.5446129 2.5769444 7.0968050 2.9930942 3.2786236 3.9901843 2.8415622 2.6120662 3.5196473 2.6205876 1.5569534 4.6844724 2.9162984 3.1985474 3.3379270 4.1204345 1.8474123 2.5549290 
Stycar_maker-SC_scaffold5687-augustus-gene-0.2-mRNA-1 1.8455970 1.7845871 2.0066371 2.0066371 1.7863178 1.7833758 5.4328865 0.9259120 0.9259120 0.6679472 1.3132245 0.2888896 0.2189146 0.1913446 0.0000000 0.2750591 0.4013766 0.4256134 0.4405124 0.6898937 0.6962364 1.0236978 0.7642090 0.6763214 0.8566412 0.8866902 0.8898599 0.8588880 1.2574105 0.7769458 0.8330412 0.9116932 0.7793493 0.7903963 0.7694051 0.7694051 0.7694051 0.8039516 0.9910087 1.0041372 0.9654785 1.0242537 0.8062273 0.9544307 2.3024360 0.8873575 1.0848859 1.1871615 0.9429735 0.8525369 1.1631554 2.4281995 2.2883235 2.2883235 2.2343829 2.1197843 2.1197843 2.2525711 2.1414386 2.5634558 2.6162469 2.6162469 2.2514412 2.1497903 3.0029488 3.1584520 9.0000000 5.4520471 5.4520471 2.5519572 2.9147171 2.9147171 2.5519572 3.3755683 9.0000000 3.2707614 5.6317976 6.2170712 6.2170712 4.3011231 0.5887570 2.8642474 
Xestes_maker-XT_scaffold374-snap-gene-0.44-mRNA-1     1.5975130 1.5693598 1.6163044 1.6253285 1.5692527 1.6628194 1.4132984 0.7296880 0.8359027 0.8495933 1.1327173 0.4092772 0.4748404 0.4876098 0.2750591 0.0000000 0.2935771 0.3307445 0.5798454 0.7485250 0.7219049 0.5647264 0.7475168 1.0984408 0.8259267 0.8461615 0.8542390 0.7701925 0.6540706 0.8420773 1.0142690 0.8478385 0.7968611 0.8820564 0.8153561 0.8116265 0.8075387 0.8678115 0.8666454 0.8870871 0.7256788 0.8642569 1.0138405 0.9200051 0.8669475 0.9925973 1.0178719 0.9767771 0.9092855 1.2831096 1.5092519 1.7182514 2.2302006 2.2302006 2.0039582 2.0327726 2.0385599 2.2607617 2.3122120 2.4556724 2.4714334 2.3729189 2.2968192 2.3169366 2.5670659 2.6063504 7.0144442 2.9160861 3.1375099 3.8743702 2.8707078 2.6918237 3.5531648 2.8018440 1.7304925 4.6999052 3.1156603 3.5434927 3.7758620 4.9338295 1.6090195 2.4878692 
Aque_Aqu2.1.38330_001                                 1.4581568 1.4287759 1.4707193 1.4788941 1.4260304 1.5197629 1.5155141 0.7297673 0.8643038 0.8805662 1.1035202 0.4756562 0.5352940 0.5405096 0.4013766 0.2935771 0.0000000 0.2270953 0.6662527 0.7390179 0.7029054 0.5544505 0.7436051 1.0926789 0.7977267 0.8325041 0.8474199 0.7832010 0.5371951 0.7959220 0.9402222 0.7763203 0.7727570 0.8028890 0.7566041 0.7610255 0.7624055 0.8175295 0.8834062 0.8639711 0.6779829 0.8203407 0.9231039 0.8041320 0.7331981 0.8952823 0.9502229 0.9241440 0.8215753 1.2701807 1.5999718 1.7661673 2.3903785 2.3903785 2.2144031 2.2853596 2.2970204 2.4905208 2.3730936 2.4130985 2.4394163 2.3621912 2.1981437 2.2407908 2.5736195 2.6080908 6.4139195 2.9797602 3.2257381 4.0925823 2.9590672 2.7845372 3.7491238 2.7706071 1.6983963 4.6633852 3.2419499 3.4495572 3.7462443 4.5103060 1.1475692 2.7840176 
Halamb_c55062_g1_i1m.39906                            1.5532339 1.5345473 1.5793790 1.5882133 1.5277286 1.6424450 1.4828226 0.7720027 0.9104557 0.9496307 1.1891164 0.5312925 0.5551695 0.5873598 0.4256134 0.3307445 0.2270953 0.0000000 0.7101013 0.8301298 0.8017242 0.5698366 0.8207001 1.2460046 0.8810236 0.9143415 0.9093701 0.8399999 0.5783878 0.9121087 1.0651500 0.9285392 0.8533807 0.9485868 0.8419632 0.8411989 0.8494405 0.9254691 0.9145872 0.9348064 0.7406341 0.9344966 0.9683354 0.9726399 0.8634309 0.9923331 1.0511913 0.9934466 0.9310175 1.3064856 1.5611402 1.7538914 2.5625009 2.5625009 2.3428717 2.3005954 2.3126232 2.5926441 2.5299034 2.5818770 2.5936821 2.5403270 2.3748096 2.3793201 2.6719279 2.6901984 4.3003138 2.7490791 3.0047374 3.6005967 2.7606514 2.6760838 3.4789702 2.7590889 1.7205680 4.4268437 3.1672883 3.3658021 3.6307340 4.0238869 1.4220233 2.8277434 
Plespi_Pspi_C604468_01                                1.4001453 1.3917109 1.3811219 1.3888056 1.3736201 1.4715571 1.0799274 0.6650893 0.8166432 0.7605158 0.8772395 0.4457868 0.4615625 0.4718270 0.4405124 0.5798454 0.6662527 0.7101013 0.0000000 0.5835467 0.5774405 0.4569960 0.6422152 1.0276699 0.6405488 0.6136090 0.6182835 0.5520577 0.4235707 0.6654793 0.6884235 0.6231349 0.6302703 0.6428856 0.6086016 0.6002966 0.6110835 0.7490264 0.7301888 0.7259417 0.5786724 0.7838730 0.7800939 0.7314041 0.6431492 0.7999912 0.8506137 0.8436659 0.8711676 1.0067728 1.3073244 1.5494639 2.2935548 2.2935548 2.1130146 2.0919913 2.0989077 2.2113003 2.1922808 2.4082209 2.4908000 2.2740312 2.2695000 2.2019866 2.5071322 2.4921989 7.0280821 2.9176865 3.1063547 4.3285590 3.0615017 2.8457906 3.8800765 2.6352862 1.7310406 4.6764028 2.7535175 3.2588003 3.4699663 3.8534988 1.9647720 2.5899651 
Gracom_Gcom_scaffold10294_01                          1.4780624 1.4573021 1.4717215 1.4651486 1.4357335 1.4736717 1.0919084 0.5749507 0.6732415 0.8921591 0.7549004 0.6357141 0.5954330 0.5970203 0.6898937 0.7485250 0.7390179 0.8301298 0.5835467 0.0000000 0.1210165 0.1343491 0.2081910 0.2149815 0.5712105 0.5685432 0.5630506 0.5560479 0.4778158 0.5989572 0.6590466 0.5840338 0.5964796 0.5266105 0.6365502 0.6133359 0.6390092 0.6753221 0.6311066 0.6114878 0.5696231 0.7233666 0.7607713 0.6770827 0.8088045 0.6948125 0.8310824 0.8475573 0.7822660 0.8599993 1.0242376 1.4566341 2.3395911 2.3395911 2.1755799 2.1526245 2.1610777 2.4229953 2.3918815 2.3991266 2.4819346 2.4057638 2.3024630 2.3405562 2.4916206 2.5291055 4.9235159 2.9657769 3.2278520 4.2081013 3.0290627 2.6524064 3.4320747 2.7930995 1.6914540 4.5421391 2.8153869 3.1023605 3.1750717 3.9847814 2.0223664 2.8059688 
Scil_scict004837.1                                    1.4568175 1.4566209 1.4568202 1.4502657 1.4411888 1.4694971 1.1664864 0.5490618 0.6359192 0.9011816 0.7667499 0.6269546 0.5758748 0.5770146 0.6962364 0.7219049 0.7029054 0.8017242 0.5774405 0.1210165 0.0000000 0.1240695 0.1868117 0.2236731 0.5918053 0.5595008 0.5664293 0.5507053 0.4851846 0.5754079 0.6686944 0.5538190 0.5537568 0.4979769 0.6285506 0.6005277 0.6271474 0.6396935 0.5981652 0.5734258 0.5116337 0.6600809 0.6945344 0.6485376 0.8271150 0.6917041 0.7857330 0.8472745 0.7581813 0.8836066 1.0413662 1.4295565 2.2173370 2.2173370 2.0348205 2.0740228 2.0806941 2.2786682 2.3294949 2.3718898 2.4380226 2.3606415 2.2720736 2.3548295 2.3872823 2.4338058 5.1153806 2.8882751 3.1512274 4.4770768 3.0786564 2.6983588 3.6529329 2.8098612 1.6649007 4.9412445 2.8380304 3.0870457 3.2096852 3.8410441 2.0353134 2.8386322 
Lcom_lcpid146629                                      1.3137612 1.3306010 1.3844216 1.3844216 1.3607541 1.3701304 1.2739073 0.4977223 0.4952380 0.0000010 0.6034140 0.5110611 0.5187845 0.5294379 1.0236978 0.5647264 0.5544505 0.5698366 0.4569960 0.1343491 0.1240695 0.0000000 0.1511279 0.0000010 0.4523175 0.4896290 0.4919378 0.5185583 0.4658579 0.4769754 0.5530435 0.4950365 0.4292083 0.4059767 0.4858763 0.4858763 0.4858763 0.5109363 0.5605453 0.5969975 0.4754548 0.4984945 0.5835527 0.5551697 0.6105571 0.5561071 0.6503201 0.6570093 0.5872345 0.8410174 1.5053895 1.3625865 2.5380936 2.5380936 2.3325728 2.4537414 2.4887231 2.6873046 2.8971941 2.5236878 2.7532586 2.9958268 2.4150186 2.4680452 2.6619267 2.7137708 0.0000010 2.5340816 2.5340816 3.4189100 2.1463611 2.1463611 3.4189100 2.0336437 1.5463742 4.2926167 2.0309653 2.5187533 2.5937555 2.7531618 2.0585718 2.9480203 
Leuniv_Lniv_C808912_01                                1.5008576 1.5295294 1.5163656 1.5095993 1.5030570 1.5234643 1.2214388 0.6083943 0.6871541 0.8950658 0.8299839 0.6651521 0.6383497 0.6637013 0.7642090 0.7475168 0.7436051 0.8207001 0.6422152 0.2081910 0.1868117 0.1511279 0.0000000 0.2382094 0.6232922 0.5979998 0.6039954 0.5946775 0.5315304 0.6406512 0.7256554 0.6503452 0.6518198 0.5738730 0.6742206 0.6665721 0.6809295 0.6651739 0.6531347 0.6160573 0.6006087 0.6988842 0.7892023 0.7373395 0.8443756 0.7154503 0.8360523 0.8762833 0.8248530 0.9323323 1.0817432 1.4788475 2.2774948 2.2774948 2.1442083 2.1939042 2.2033202 2.3934991 2.4140177 2.4080255 2.5264905 2.3687755 2.2305037 2.3597144 2.3095875 2.3442425 5.1153806 2.8851149 3.0608860 4.0711134 3.0008226 2.6946469 3.4565751 2.8024232 1.7000825 4.5452862 2.7949666 3.1403337 3.3374619 4.0401985 2.1155269 2.9080117 
Lcom_lcpid154452                                      1.5587581 1.5653945 1.5812022 1.5635906 1.5051661 1.5735713 0.0000010 0.7849525 0.7849525 0.9507361 1.3833124 0.8597722 0.8167561 0.8728343 0.6763214 1.0984408 1.0926789 1.2460046 1.0276699 0.2149815 0.2236731 0.0000010 0.2382094 0.0000000 0.8839260 0.7940871 0.7367120 0.7739532 3.0287511 0.9432414 0.8513466 0.8362236 0.9729379 0.8787189 1.0543249 1.0413526 1.1019125 0.9359459 0.9103462 0.6895263 0.9093759 1.1100644 1.1403144 0.9630619 3.5585716 1.0740856 1.3205039 1.3107868 1.2929672 1.0122511 1.0304008 2.0172614 2.0206450 2.0206450 2.0879405 1.9050012 1.9050012 1.9762339 2.0271561 2.2810666 2.3053289 2.3053289 2.0215633 2.2311091 1.9185094 2.0110977 4.7369910 3.7737627 4.7094618 4.5898489 4.5898489 3.6769872 3.6769872 5.1261035 9.0000000 4.7779809 4.5987810 4.1819373 4.1819373 4.8855819 2.0766869 2.5730200 
Fspp_ffun1.m4.26162.m1                                1.3881596 1.3684207 1.3639331 1.3660809 1.3318759 1.4111571 1.2495387 0.6026058 0.7801868 1.1401766 0.2569395 0.7224973 0.6782976 0.7000295 0.8566412 0.8259267 0.7977267 0.8810236 0.6405488 0.5712105 0.5918053 0.4523175 0.6232922 0.8839260 0.0000000 0.1117729 0.1102994 0.0765108 0.2488283 0.2630833 0.1072801 0.4392562 0.5009601 0.5097950 0.5002392 0.4911481 0.4975414 0.5409415 0.5006393 0.5158358 0.4576253 0.5388675 0.6385133 0.5654844 0.6123045 0.6526059 0.6850766 0.6463764 0.5640027 0.2955307 0.9212030 1.1871505 2.2520885 2.2520885 2.0485655 2.1541969 2.1625903 2.1756230 2.2483086 2.4451450 2.4805509 2.4380853 2.3247907 2.1443092 2.4198989 2.4723613 7.1882384 2.8849747 3.1322411 4.9866712 3.1032594 2.8102069 4.2639617 2.7686741 1.2927307 4.6781742 3.3420159 3.0897950 3.3277528 4.0308528 2.1326072 2.6584748 
Spis_XP_022785335_1                                   1.3252875 1.3119047 1.3040475 1.3059720 1.2698577 1.3360650 1.0148330 0.5763396 0.7330854 1.0310936 0.2966830 0.7148878 0.6265471 0.6515665 0.8866902 0.8461615 0.8325041 0.9143415 0.6136090 0.5685432 0.5595008 0.4896290 0.5979998 0.7940871 0.1117729 0.0000000 0.0616670 0.0970551 0.2800406 0.2594407 0.1825553 0.3993032 0.4753737 0.4512428 0.5028034 0.4971175 0.5007051 0.5390808 0.5197588 0.5523989 0.4621064 0.5771451 0.6507338 0.5544715 0.5536091 0.6018647 0.7383325 0.6373555 0.5761653 0.3389817 0.9733938 1.1611485 2.3472081 2.3472081 2.1526584 2.0748848 2.0814902 2.2681933 2.2877841 2.4770849 2.5130560 2.3659374 2.3525994 2.2145575 2.5279076 2.5799706 5.0605258 2.8617975 3.0694735 4.4838852 2.9414425 2.6821691 3.8815256 2.7361262 1.5441534 4.6116326 3.1287782 3.2059144 3.3712801 4.1741147 2.2020748 2.7516772 
Pocdam_XM_027181558.1                                 1.3345060 1.3175116 1.3198918 1.3218762 1.2788696 1.3151115 1.0148330 0.5885793 0.7476057 0.9763103 0.3157501 0.7557199 0.6369699 0.6604739 0.8898599 0.8542390 0.8474199 0.9093701 0.6182835 0.5630506 0.5664293 0.4919378 0.6039954 0.7367120 0.1102994 0.0616670 0.0000000 0.0965858 0.2824809 0.2661846 0.1560420 0.4029647 0.4744896 0.4785897 0.4839152 0.4862902 0.4894702 0.5315114 0.5420836 0.5608835 0.4593651 0.5520821 0.6449175 0.5644879 0.5827167 0.5810716 0.7207974 0.6314892 0.6029220 0.3377534 0.9684270 1.1461677 2.4767547 2.4767547 2.2438658 2.1726932 2.1726932 2.3853397 2.3691720 2.5128066 2.5528416 2.5147400 2.3864035 2.2468697 2.5892945 2.6440204 5.0605258 2.8517586 3.0833715 4.7473364 3.0010375 2.7364949 4.1349502 2.7649591 1.4916512 4.9363267 3.0927821 3.1791881 3.3399173 4.0975760 2.2972505 2.6689383 
Gfas_gfas1.m1.14934.m1                                1.3416113 1.3235445 1.3030720 1.3049896 1.2848125 1.2944682 0.9998883 0.5686849 0.6999178 0.9956206 0.2082743 0.6490472 0.5994076 0.6004229 0.8588880 0.7701925 0.7832010 0.8399999 0.5520577 0.5560479 0.5507053 0.5185583 0.5946775 0.7739532 0.0765108 0.0970551 0.0965858 0.0000000 0.2529031 0.1985476 0.1118154 0.3290101 0.4051919 0.4025141 0.4290712 0.4251585 0.4358394 0.4463979 0.4380886 0.4589253 0.4608939 0.4774232 0.5450258 0.5335550 0.5928943 0.5340062 0.6126425 0.6104090 0.5705979 0.2233028 0.6526157 1.1293814 2.4357742 2.4357742 2.2043581 2.1008665 2.1081130 2.2947689 2.3470739 2.5006000 2.5389238 2.4308590 2.3802598 2.2346243 2.4846598 2.5324826 5.6553198 2.8634003 3.1055118 4.3997287 2.9306696 2.6092042 3.6925693 2.7183131 1.5928309 5.0383205 3.0548255 3.2689200 3.4601760 3.7358764 2.2573625 2.6564195 
Nvec_v1g135849                                        1.1484041 1.1489534 1.1321230 1.1321230 1.0716517 1.0803677 0.7247923 0.4879170 0.5238748 0.9453174 0.3319867 0.4975887 0.4832384 0.4707815 1.2574105 0.6540706 0.5371951 0.5783878 0.4235707 0.4778158 0.4851846 0.4658579 0.5315304 3.0287511 0.2488283 0.2800406 0.2824809 0.2529031 0.0000000 0.2514494 0.2827615 0.3160483 0.3488953 0.3475344 0.3999576 0.3999576 0.3999576 0.4177360 0.4383313 0.5317674 0.4641519 0.4822642 0.5102532 0.5082531 0.4188762 0.4624212 0.4828211 0.5758620 0.5406991 0.6579424 2.4511501 0.8333060 3.2428600 3.2428600 2.9791891 3.2331129 3.3336378 3.0729292 3.3745334 3.0665974 3.3111605 4.3769802 2.8653661 2.6108425 3.0848714 3.0848714 9.0000000 2.8701620 2.8701620 4.4122851 2.3274033 2.3274033 4.4122851 2.2072344 1.7645576 5.6445839 2.2672982 3.2463180 3.5780880 2.5450828 2.2749832 2.2904604 
Exapal_XM_021055320.2                                 1.3142063 1.3036905 1.2856358 1.2822017 1.2815964 1.3511974 1.0253111 0.5580357 0.6724769 0.9991579 0.4807231 0.6948389 0.6791781 0.6667071 0.7769458 0.8420773 0.7959220 0.9121087 0.6654793 0.5989572 0.5754079 0.4769754 0.6406512 0.9432414 0.2630833 0.2594407 0.2661846 0.1985476 0.2514494 0.0000000 0.3165729 0.4101124 0.4984470 0.5669982 0.5112074 0.5199651 0.5249366 0.5336241 0.5022272 0.5287145 0.4705265 0.6011395 0.6694969 0.6146552 0.6304797 0.6067284 0.7578704 0.6537563 0.5401924 0.5504605 0.9741060 1.1679956 2.4550218 2.4550218 2.2548623 2.1991396 2.2085745 2.3161619 2.3866044 2.4991996 2.5734598 2.6007391 2.2714667 2.2070360 2.6067421 2.6577549 5.4829002 2.8408712 3.0860684 4.7765605 3.0986552 2.8178870 4.1270894 2.7283476 1.5405345 4.7331513 2.9000209 3.3571979 3.5441036 4.1464823 2.3904654 2.7995348 
Gasp_gasp1.m3.3358.m1                                 1.3686410 1.3569134 1.4002936 1.4026755 1.3778971 1.4754019 0.8333099 0.6692983 0.7879703 1.1209782 0.3612250 0.8065733 0.7389978 0.7533625 0.8330412 1.0142690 0.9402222 1.0651500 0.6884235 0.6590466 0.6686944 0.5530435 0.7256554 0.8513466 0.1072801 0.1825553 0.1560420 0.1118154 0.2827615 0.3165729 0.0000000 0.4486914 0.5579246 0.5478716 0.5439670 0.5466165 0.5515746 0.5871265 0.5403340 0.5653948 0.5428849 0.6012826 0.6875198 0.6460548 0.7046646 0.6711615 0.7692892 0.7588051 0.6642482 0.2131550 0.9098320 1.2050842 2.7911596 2.7911596 2.6073710 2.2358033 2.2378678 2.5933479 2.6306109 2.7600030 2.8299481 2.6422681 2.5475382 2.4822144 2.8458749 2.9280337 6.3374843 3.3067252 3.5332145 4.7131403 3.3390363 3.0435579 4.1235659 3.1865221 1.8330829 4.6993840 3.6961357 3.9359731 4.3465446 4.3635012 2.1704376 2.7746221 
Bralan_BLAG14000552_1                                 1.2913123 1.2694917 1.2408170 1.2441217 1.2448131 1.3762598 0.9590463 0.5130933 0.6148456 0.9127899 0.5577966 0.6978809 0.6959543 0.6954649 0.9116932 0.8478385 0.7763203 0.9285392 0.6231349 0.5840338 0.5538190 0.4950365 0.6503452 0.8362236 0.4392562 0.3993032 0.4029647 0.3290101 0.3160483 0.4101124 0.4486914 0.0000000 0.3509663 0.4405594 0.4043525 0.4022277 0.4033533 0.4461562 0.5517105 0.4860330 0.4556382 0.6297623 0.5560984 0.5300184 0.6555384 0.4908083 0.6041557 0.6723331 0.5590119 0.6921219 1.1773873 1.0842446 2.5606796 2.5606796 2.3603138 2.2482880 2.2588026 2.4701094 2.4439861 2.5291696 2.6284575 2.4549730 2.4094351 2.2755853 2.4835638 2.5313480 4.7511351 2.8013721 3.0581990 3.7396490 2.7588091 2.6130656 3.4671630 2.7191112 1.6535396 4.0527087 3.0611785 3.4127711 3.6105195 4.0340502 2.1912713 2.5971296 
Hsap_ENST00000399892                                  1.2468602 1.2354111 1.2457733 1.2490354 1.2252432 1.3276302 1.0945667 0.5205284 0.6033361 0.9993004 0.6862544 0.7064942 0.6716060 0.6809227 0.7793493 0.7968611 0.7727570 0.8533807 0.6302703 0.5964796 0.5537568 0.4292083 0.6518198 0.9729379 0.5009601 0.4753737 0.4744896 0.4051919 0.3488953 0.4984470 0.5579246 0.3509663 0.0000000 0.4470315 0.4251799 0.4171286 0.4270752 0.4812326 0.5792206 0.5465534 0.4574658 0.6120482 0.6278674 0.5674706 0.6603426 0.5545899 0.6336598 0.6689577 0.5715358 0.8161597 1.0190758 1.1744329 2.2084259 2.2084259 1.9888319 1.9440745 1.9479688 2.1323011 2.2918888 2.3606536 2.4773325 2.1639532 2.2608921 1.9658168 2.3832775 2.4185450 5.0151315 2.8017622 3.0157375 4.1915509 2.9521145 2.7203385 3.7063896 2.7302256 1.5307253 4.7726065 2.9286547 3.1840024 3.2673174 3.7871134 2.2054671 2.3223361 
Cscu_XM_023362637.1                                   1.2881546 1.2842155 1.3039813 1.3059009 1.2471168 1.3514952 0.9539308 0.5026503 0.6487626 1.1549742 0.6897030 0.7447874 0.6959123 0.6949274 0.7903963 0.8820564 0.8028890 0.9485868 0.6428856 0.5266105 0.4979769 0.4059767 0.5738730 0.8787189 0.5097950 0.4512428 0.4785897 0.4025141 0.3475344 0.5669982 0.5478716 0.4405594 0.4470315 0.0000000 0.5077916 0.4829735 0.5012211 0.5017635 0.6035456 0.6142664 0.4723378 0.6800748 0.6088345 0.4960780 0.6014311 0.6370563 0.6579302 0.7245065 0.5970756 0.8159124 1.1309150 1.3604688 2.4038947 2.4038947 2.2317677 2.1421803 2.1504558 2.3237076 2.3535771 2.5154311 2.6135166 2.4599536 2.3746434 2.1768817 2.4435080 2.4798612 4.4059196 2.8281777 3.1206546 4.2787611 2.8909160 2.6626561 3.7918477 2.6072463 1.4494184 4.8324654 2.9264270 3.2544359 3.5256638 3.7939808 2.3985034 2.5928404 
Acagra_model.g30419.t1                                1.2621250 1.2542153 1.2492600 1.2562935 1.2122247 1.3337464 1.0392501 0.5732279 0.6956473 1.0954497 0.7354169 0.6725249 0.6657384 0.6723387 0.7694051 0.8153561 0.7566041 0.8419632 0.6086016 0.6365502 0.6285506 0.4858763 0.6742206 1.0543249 0.5002392 0.5028034 0.4839152 0.4290712 0.3999576 0.5112074 0.5439670 0.4043525 0.4251799 0.5077916 0.0000000 0.0177058 0.0203661 0.4431866 0.5526431 0.5322513 0.4956391 0.6566866 0.5068363 0.5796280 0.7060550 0.5321964 0.6297954 0.7302068 0.5650866 0.8045814 1.0986010 1.2107599 2.2046887 2.2046887 2.0492989 2.0156141 1.9841691 2.1912639 2.2154236 2.2803899 2.3608690 2.1907614 2.1887819 2.0893549 2.3761005 2.4350460 5.5899033 2.7935547 2.9505267 3.2073273 2.5125523 2.3720314 2.9586597 2.5156519 1.5687351 3.6472854 2.7236522 3.1586919 3.4715726 4.0674902 2.2129137 2.1664061 
Acagra_model.g30419.t1.1.5d3b8cfd                     1.2621250 1.2542153 1.2492600 1.2562935 1.2122247 1.3315497 1.0392501 0.5674817 0.6864823 1.0954497 0.6854666 0.6714127 0.6563809 0.6673153 0.7694051 0.8116265 0.7610255 0.8411989 0.6002966 0.6133359 0.6005277 0.4858763 0.6665721 1.0413526 0.4911481 0.4971175 0.4862902 0.4251585 0.3999576 0.5199651 0.5466165 0.4022277 0.4171286 0.4829735 0.0177058 0.0000000 0.0176167 0.4207641 0.5550295 0.5322513 0.4956391 0.6486539 0.5043585 0.5539396 0.7060550 0.5327597 0.5992676 0.7330328 0.5650866 0.7556209 1.0374473 1.2107599 2.2046887 2.2046887 2.0492989 2.0156141 1.9841691 2.1912639 2.2154236 2.2803899 2.3608690 2.1907614 2.1887819 2.0893549 2.3761005 2.4350460 5.5899033 2.7935547 2.9505267 3.2073273 2.5125523 2.3720314 2.9586597 2.5156519 1.5687351 3.6472854 2.7236522 3.1417543 3.4479703 3.9133675 2.1369928 2.1664061 
Acagra_model.g30419.t1.2.5d3b8cfd                     1.2621250 1.2542153 1.2492600 1.2562935 1.2122247 1.3239758 1.0392501 0.5718366 0.6928071 1.0954497 0.7405833 0.6677459 0.6638269 0.6737781 0.7694051 0.8075387 0.7624055 0.8494405 0.6110835 0.6390092 0.6271474 0.4858763 0.6809295 1.1019125 0.4975414 0.5007051 0.4894702 0.4358394 0.3999576 0.5249366 0.5515746 0.4033533 0.4270752 0.5012211 0.0203661 0.0176167 0.0000000 0.4285137 0.5477914 0.5322513 0.4956391 0.6667064 0.5063150 0.5720702 0.7060550 0.5326383 0.6257013 0.7359983 0.5650866 0.8095297 1.0647573 1.2107599 2.2046887 2.2046887 2.0492989 2.0156141 1.9841691 2.1912639 2.2154236 2.2803899 2.3608690 2.1907614 2.1887819 2.0893549 2.3761005 2.4350460 5.5899033 2.7935547 2.9632361 3.2073273 2.5125523 2.3720314 2.9586597 2.5156519 1.5687351 3.6472854 2.7236522 3.1595868 3.4724751 4.0631583 2.1711873 2.1664061 
Ctel_gnl_WGS_AMQN_CAPTEDRAFT_mRNA157718               1.3243371 1.3171102 1.3183421 1.3243495 1.3010146 1.3863983 1.2667414 0.6395813 0.7198464 1.0995490 0.7842539 0.7425852 0.6926565 0.7139732 0.8039516 0.8678115 0.8175295 0.9254691 0.7490264 0.6753221 0.6396935 0.5109363 0.6651739 0.9359459 0.5409415 0.5390808 0.5315114 0.4463979 0.4177360 0.5336241 0.5871265 0.4461562 0.4812326 0.5017635 0.4431866 0.4207641 0.4285137 0.0000000 0.6419972 0.6373314 0.6226043 0.7757316 0.5538557 0.5655781 0.8397303 0.5851688 0.6708800 0.8308020 0.6199195 0.7631775 1.1911927 1.2418225 2.4042620 2.4042620 2.2246791 2.1456539 2.1539363 2.2243437 2.3042579 2.5433285 2.6777324 2.4959404 2.4623635 2.1026201 2.5884947 2.6402464 5.1947613 2.9384567 3.1529559 4.2828949 2.9527960 2.7778640 3.9116295 2.7841535 1.6143842 5.2012038 3.0835175 3.2415167 3.5541743 3.7433928 2.3890328 2.3566192 
Dgig_XM_028536666.1                                   1.3460312 1.3226800 1.3513372 1.3624884 1.3384541 1.3971188 1.3262489 0.6353767 0.7262756 1.3831451 0.6148689 0.7388522 0.7403185 0.7578471 0.9910087 0.8666454 0.8834062 0.9145872 0.7301888 0.6311066 0.5981652 0.5605453 0.6531347 0.9103462 0.5006393 0.5197588 0.5420836 0.4380886 0.4383313 0.5022272 0.5403340 0.5517105 0.5792206 0.6035456 0.5526431 0.5550295 0.5477914 0.6419972 0.0000000 0.2207993 0.6047186 0.7142507 0.7225367 0.7839287 0.7070539 0.7008015 0.7905955 0.7322002 0.7419017 0.7813235 1.0727167 1.4232312 2.6303042 2.6303042 2.4652115 2.3579407 2.3712830 2.5384947 2.6180246 2.5294907 2.6458950 2.4638558 2.4432643 2.5426169 2.7730979 2.8159715 7.2808035 3.1706398 3.4327799 4.9243395 3.2228421 2.9169909 4.2079191 2.8711988 1.5515989 5.5592751 3.0823483 3.5035849 3.8009961 4.6407381 2.7134909 3.1370012 
Xesp_005784-T1                                        1.4170647 1.3857344 1.4222500 1.4158263 1.3956760 1.4407514 1.2920004 0.6721423 0.8056649 1.3425746 0.6795893 0.7329146 0.7452462 0.7695158 1.0041372 0.8870871 0.8639711 0.9348064 0.7259417 0.6114878 0.5734258 0.5969975 0.6160573 0.6895263 0.5158358 0.5523989 0.5608835 0.4589253 0.5317674 0.5287145 0.5653948 0.4860330 0.5465534 0.6142664 0.5322513 0.5322513 0.5322513 0.6373314 0.2207993 0.0000000 0.6281115 0.7097586 0.6382102 0.7573886 0.7010548 0.7023140 0.8222081 0.8258922 0.7394349 0.8417163 0.9541195 1.4243927 2.4097579 2.4097579 2.2519683 2.1945154 2.2037315 2.3506577 2.3643318 2.2286542 2.2927464 2.1258524 2.3545694 2.3704730 2.5139157 2.5626792 6.3301622 2.9275123 3.1482366 4.7139288 3.1252106 2.8929794 4.2005875 2.8083450 1.5709328 4.8349291 3.0113355 3.3813555 3.5790211 4.1308287 2.6065653 2.6212175 
Nemnom_g12471.t1                                      1.3788812 1.4066994 1.4071019 1.4071019 1.3391363 1.3496774 1.0369841 0.6213979 0.9730855 6.3281123 0.5161757 0.6460907 0.6322827 0.6367583 0.9654785 0.7256788 0.6779829 0.7406341 0.5786724 0.5696231 0.5116337 0.4754548 0.6006087 0.9093759 0.4576253 0.4621064 0.4593651 0.4608939 0.4641519 0.4705265 0.5428849 0.4556382 0.4574658 0.4723378 0.4956391 0.4956391 0.4956391 0.6226043 0.6047186 0.6281115 0.0000000 0.0972977 0.5885747 0.5671754 0.6076023 0.6023952 0.6135613 0.5990376 0.5350484 1.0114645 0.9537473 1.4411388 2.8105547 2.8105547 2.5656509 2.8437349 2.8914714 2.7260962 3.0885007 2.8162091 2.9645810 2.9371167 2.6528610 2.5954374 3.0190389 3.1077713 6.3056476 2.8269450 2.8269450 2.7263694 2.1138013 2.1138013 2.7263694 1.9908068 1.4959040 3.6202457 2.0725581 2.6637832 2.9939715 3.5292982 2.4582374 2.8716403 
Rhoesc_Res_011391-T1                                  1.4074426 1.4204529 1.4185172 1.4265750 1.3861540 1.4686062 1.0737512 0.6883595 0.9182551 1.4045332 0.7068532 0.7756617 0.7252799 0.7338511 1.0242537 0.8642569 0.8203407 0.9344966 0.7838730 0.7233666 0.6600809 0.4984945 0.6988842 1.1100644 0.5388675 0.5771451 0.5520821 0.4774232 0.4822642 0.6011395 0.6012826 0.6297623 0.6120482 0.6800748 0.6566866 0.6486539 0.6667064 0.7757316 0.7142507 0.7097586 0.0972977 0.0000000 0.7478509 0.7209542 0.6530775 0.7673659 0.8110324 0.7423483 0.6441280 0.8953704 0.7162652 1.3372282 2.4123834 2.4123834 2.2453094 2.2840660 2.2957268 2.3380587 2.4592129 2.5059813 2.5833703 2.5311154 2.2983834 2.2283961 2.5055093 2.5543703 5.1354209 2.9266246 3.2439727 4.3001638 2.9735239 2.6870178 3.6731959 2.7706339 1.5581196 4.8531220 2.9323421 2.9876687 3.3219402 4.3104386 2.7539368 2.8118684 
Cgig_XM_034481866.1                                   1.3702703 1.3591379 1.3682321 1.3759569 1.3603754 1.4180945 1.2305260 0.7020753 0.8347653 1.1681533 0.8665372 0.8338296 0.7979868 0.7778969 0.8062273 1.0138405 0.9231039 0.9683354 0.7800939 0.7607713 0.6945344 0.5835527 0.7892023 1.1403144 0.6385133 0.6507338 0.6449175 0.5450258 0.5102532 0.6694969 0.6875198 0.5560984 0.6278674 0.6088345 0.5068363 0.5043585 0.5063150 0.5538557 0.7225367 0.6382102 0.5885747 0.7478509 0.0000000 0.7396250 0.7386997 0.6799679 0.7723481 0.8635202 0.7181452 0.9111775 1.1069072 1.5001649 2.4908971 2.4908971 2.3552432 2.3163072 2.3286534 2.4415389 2.3514464 2.5262729 2.6402585 2.4796169 2.4467278 2.2240992 2.4294483 2.4613976 4.6228529 2.7017201 2.9316467 3.7670070 2.7243286 2.5473512 3.4120099 2.5218400 1.6651593 4.1678567 2.8766217 2.9310892 3.1977478 4.3273396 2.4651234 2.5140847 
Dpul_mRNA6311                                         1.4317854 1.4476033 1.4329759 1.4409554 1.4175443 1.5136018 1.0812929 0.6325470 0.7879620 1.1446339 0.8086459 0.7957276 0.7786503 0.7937144 0.9544307 0.9200051 0.8041320 0.9726399 0.7314041 0.6770827 0.6485376 0.5551697 0.7373395 0.9630619 0.5654844 0.5544715 0.5644879 0.5335550 0.5082531 0.6146552 0.6460548 0.5300184 0.5674706 0.4960780 0.5796280 0.5539396 0.5720702 0.5655781 0.7839287 0.7573886 0.5671754 0.7209542 0.7396250 0.0000000 0.8281497 0.7051015 0.5955548 0.8831806 0.7469208 0.8449632 1.2117263 1.5334677 2.4732643 2.4732643 2.2555932 2.3136531 2.3259340 2.4506444 2.4262992 2.5832457 2.6664137 2.5814204 2.5231446 2.3786129 2.7046373 2.6889305 4.2291230 2.8213998 3.0288417 4.0398900 2.8001620 2.5718679 3.5500967 2.6521783 1.5314607 4.5769992 3.1604462 3.2597717 3.6123081 4.2469217 2.3602422 2.7033153 
Stycar_maker-SC_scaffold10008-snap-gene-0.4-mRNA-1    1.4209213 1.3966621 1.4151099 1.4151099 1.2775590 1.2775590 0.8745535 0.8531865 3.9464213 8.9999983 0.5878450 0.5777891 0.5951042 0.5636662 2.3024360 0.8669475 0.7331981 0.8634309 0.6431492 0.8088045 0.8271150 0.6105571 0.8443756 3.5585716 0.6123045 0.5536091 0.5827167 0.5928943 0.4188762 0.6304797 0.7046646 0.6555384 0.6603426 0.6014311 0.7060550 0.7060550 0.7060550 0.8397303 0.7070539 0.7010548 0.6076023 0.6530775 0.7386997 0.8281497 0.0000000 0.6991148 0.8411286 0.7965411 0.9090302 2.4449374 3.2340260 8.8308782 4.0179192 4.0179192 3.4048141 8.9999985 9.0000000 3.5966491 4.0886716 3.5221948 4.1073376 8.9999986 3.2719401 3.1683424 3.6744153 3.6744153 9.0000000 2.7528225 2.7528225 6.0788359 3.3831685 3.3831685 6.0788359 2.4613256 1.4594602 7.2090121 2.7824096 2.9705181 3.3321977 5.3476461 5.5401115 8.9999985 
