73
Lcom_lcpid230232                                       0.0000000 2.9067817 2.2336268 2.2148976 2.3142228 2.3759323 1.9738169 1.9623623 0.0000010 1.9111900 1.6024987 0.0000010 1.6753133 1.7857550 1.8389764 1.6337589 1.3211275 1.3812633 1.6299081 3.1400084 1.4218791 1.7894022 1.7499164 0.0000010 2.8684391 1.8632013 1.9684323 1.7839719 1.9213548 1.6663849 2.0570025 1.6585868 1.7454355 1.7084995 1.5115310 1.5516023 1.3519248 1.2278196 1.8461282 1.5196532 1.7821511 2.3483858 2.3628393 2.2818412 2.2818412 2.4986250 2.2861281 1.8341402 2.0027880 1.7823151 1.7715078 2.1985403 2.8757036 2.8172114 2.8054067 2.8769033 8.9999989 2.8437674 2.4283896 2.4283896 2.4283896 2.4097779 2.4097779 2.7653115 0.0000010 2.4422526 2.4896166 2.5264138 2.4624613 3.2398631 1.5791556 1.9649281 8.9999988 
Lcom_lcpid150516                                       2.9067817 0.0000000 2.0931400 2.3208685 3.9735050 2.1241174 1.9278769 1.9562899 1.3535348 2.0501459 1.7016927 1.1796171 1.6298012 1.9246285 1.6640769 1.7025979 1.5603926 1.5331825 1.7106296 2.3697075 1.4973980 1.8513020 1.6625772 1.0957595 2.2850605 1.6981266 1.6937078 1.7929752 1.8289813 1.6355324 1.8442586 2.8883963 1.8636350 1.5833903 1.4446047 2.1428713 1.7708096 2.0326145 1.4302632 1.3627644 1.7569975 1.9492326 1.9355892 1.9577277 1.9539877 1.9659735 1.9099011 1.6896811 1.6515594 1.7229353 1.7604945 1.6342274 1.9884037 1.9668326 1.9238772 1.9734564 2.1222870 2.1357547 2.0148813 2.0148813 2.0148813 2.5799762 2.5799762 2.0468811 1.6803384 1.9172032 1.8981727 1.8759675 1.7590676 1.9557896 1.7810685 2.1889434 7.9869354 
Lcom_lcpid65359                                        2.2336268 2.0931400 0.0000000 0.1675017 0.1605705 0.2097213 0.4371460 0.9255883 0.7810902 0.9087377 0.8325214 0.7599488 0.8541409 0.9356131 0.7220966 0.8062464 0.6652694 0.6221207 0.7870275 0.9256149 0.6733466 0.7566516 0.9713821 0.7651591 1.1085141 0.9218362 0.8980844 0.8975239 0.9433093 0.8853416 1.0922784 0.7833492 0.7225950 0.8484717 0.8336870 0.9941650 0.9645620 0.9866556 0.8539807 0.8695121 0.9048671 1.0748438 1.0685746 1.1004860 1.0949934 1.0861970 1.0803756 0.9809013 1.0747665 1.0453445 1.0503006 1.6534377 1.5187090 1.5022345 1.6640664 1.5356448 1.4764038 1.4771433 1.4259834 1.5796041 1.5381543 1.5236329 1.9259450 1.6233172 1.3463998 1.3602125 1.3611612 1.3045108 1.4028366 1.6932436 1.0658469 1.0357712 1.5842864 
Gracom_Gcom_C552708_01                                 2.2148976 2.3208685 0.1675017 0.0000000 0.1791259 0.2295227 0.3981478 0.8913277 0.6859642 0.9186944 0.8287312 0.6211007 0.8959580 0.9397992 0.7249484 0.8326030 0.7000196 0.6598874 0.7857194 0.9329334 0.7069828 0.7576757 1.0147256 0.7817948 1.1036543 0.8759913 0.9161167 0.8821253 0.9490607 0.8955842 1.0448243 0.8281802 0.7653336 0.8268615 0.8615306 1.0042179 0.9703375 0.9511333 0.8994298 0.9255454 0.8925817 1.0538123 1.0454986 1.0773856 1.0721173 1.0584697 1.0239120 0.9485936 1.0279444 1.0794004 1.0437218 1.5733580 1.5058797 1.4896541 1.6612231 1.4604668 1.3889903 1.4727499 1.3873851 1.5136976 1.4785139 1.5321828 1.8990844 1.6139836 1.3240421 1.3944895 1.3502157 1.2820616 1.3733454 1.7657214 1.1223452 1.2513088 1.6022549 
Scil_scict024407.1                                     2.3142228 3.9735050 0.1605705 0.1791259 0.0000000 0.2565688 0.5852653 1.1129185 0.0000010 1.1178448 1.0772583 0.0000010 0.9546474 1.0755919 0.8143415 1.0130173 0.8388285 0.7984150 0.9737936 1.5051346 0.9996468 0.8879676 1.2717095 0.0000010 1.0693817 1.1128154 1.1031845 1.0978636 1.1679410 1.4868556 1.3574716 0.6695315 1.1097411 0.9268532 1.2836604 1.2058107 1.1307770 1.1474716 1.1217440 1.1470589 1.2741960 1.3745537 1.3636781 1.3884544 1.3759823 1.5292912 1.3290546 1.0908306 1.2939094 1.1781037 1.3113748 2.1121777 1.6645048 1.6463931 1.6186919 2.7336297 4.9173712 1.4901469 1.3949299 1.7811038 1.7574134 1.3860608 1.7815310 1.8384505 0.8348590 1.3590296 1.2779607 0.9798946 1.3369895 2.2713591 1.3643905 1.2696400 1.3277846 
Leuniv_Lniv_scaffold12868_01                           2.3759323 2.1241174 0.2097213 0.2295227 0.2565688 0.0000000 0.4758605 0.9277808 0.6890212 0.9191956 0.8442884 0.7057196 0.8833262 0.9454313 0.7617453 0.8697938 0.7209770 0.6830583 0.8251722 0.9888645 0.6927783 0.8136220 1.0089372 0.7445506 1.1566259 0.9519124 0.9740938 0.9292951 1.0023630 0.9196980 1.1610842 0.9010289 0.8004759 0.9132222 0.8759449 0.9764016 0.9522754 0.9708160 0.8902177 0.9177030 0.8887837 1.0740764 1.0657081 1.1162708 1.1108482 1.0677513 1.0406229 0.9679546 1.0664088 1.1805921 1.1366850 1.5370576 1.4997223 1.4835083 1.7256605 1.4451010 1.3704705 1.4677233 1.3688132 1.4903420 1.4642940 1.5340366 1.8996488 1.6041779 1.3288264 1.3582448 1.3371182 1.2121165 1.3398905 1.6898423 1.1037216 1.1763592 1.7863801 
Clacor_Ccor_C539099_01                                 1.9738169 1.9278769 0.4371460 0.3981478 0.5852653 0.4758605 0.0000000 0.8141017 0.5414010 0.9441042 0.6635081 0.5992253 0.7372306 0.7853812 0.6125016 0.6878215 0.6503607 0.5924638 0.6327858 0.9093181 0.6563752 0.6820908 0.8421798 0.5507520 0.9450534 0.7978516 0.7696452 0.7357551 0.7823395 0.7738219 0.8365176 0.9090632 0.6736219 0.7619599 0.7356191 0.8940713 0.8621227 0.8888147 0.6785297 0.7318078 0.7725423 0.9358425 0.9528819 0.9357908 0.9315886 0.8866790 0.8962776 0.8303073 0.9548400 0.9943462 1.0342058 1.2843815 1.4622826 1.4558822 1.7686430 1.3127916 1.2144441 1.3861728 1.3769416 1.4481698 1.4273461 1.6528800 1.9355365 1.4728750 1.1679826 1.4236820 1.3946873 1.2007744 1.3471606 1.6029436 1.0389407 1.0595036 1.6658881 
Emue_Em0005g1525a.t1                                   1.9623623 1.9562899 0.9255883 0.8913277 1.1129185 0.9277808 0.8141017 0.0000000 0.0206190 0.1069878 0.7794644 0.8534776 0.8705518 0.8924082 0.7770851 0.8120020 0.7572352 0.7374187 0.8187352 0.9890286 0.7540280 0.8545038 0.9976234 0.6898293 1.0590747 0.9138021 0.8817295 0.8626960 0.8672002 0.8570635 0.9790893 1.0182137 0.7606962 1.0172715 0.9663569 0.6999686 0.6359021 0.6621935 0.7626839 0.8649566 0.7448896 0.9312815 0.9064791 0.8860737 0.8854324 0.9310904 0.8949611 0.8067061 1.1112836 1.1481317 1.2297612 1.2700213 1.4787931 1.4591709 1.5150088 1.5989690 1.5633486 1.4746579 1.4860631 1.6711542 1.6601345 1.5100406 1.9479700 1.6938724 1.2481511 1.3801708 1.3618062 1.2821767 1.4240530 1.4452727 1.1110885 0.5655583 1.6826514 
Spolac_c102482_g1_i2_m.29517c102482-g1                 0.0000010 1.3535348 0.7810902 0.6859642 0.0000010 0.6890212 0.5414010 0.0206190 0.0000000 0.0000010 0.6731063 0.8116007 0.6867021 0.7511018 0.6166508 0.6287295 0.6472969 0.6378089 0.6218518 0.6463050 0.6472969 0.5827728 0.6699226 0.6941045 0.6117792 0.6981917 0.6448891 0.6318730 0.6241972 0.5802425 0.6250076 0.0000010 0.5538475 0.8325481 0.7187004 0.6454753 0.6014496 0.5849425 0.5956841 0.7122648 0.6204466 0.7192864 0.6717628 0.6884402 0.6884402 0.6497021 0.6936531 0.6936531 0.8793526 8.9999987 1.2592645 0.8822848 1.0953069 1.0735372 0.0000010 1.1397438 1.1397438 1.1084038 1.2413775 1.2413775 1.2413775 0.4215728 0.4215728 1.1580627 0.9967041 1.1033363 1.0430873 1.0156178 1.0248275 0.9375195 1.1717932 1.5321741 0.9859034 
Spolac_c102482_g1_i1_m.29514c102482-g1                 1.9111900 2.0501459 0.9087377 0.9186944 1.1178448 0.9191956 0.9441042 0.1069878 0.0000010 0.0000000 0.8988921 1.3447336 0.8353894 0.9859935 0.8480348 0.8977323 0.8501708 0.8174868 0.9331937 1.1738743 0.8881865 0.9917139 1.0746759 0.8952034 1.2508321 1.0060828 1.0043477 0.9701405 1.0406963 1.0104266 1.1358095 1.0572870 0.8240835 1.0461558 1.1143043 0.7327164 0.6469245 0.6849231 0.8731515 0.8867744 0.7454326 0.9982858 0.9841605 0.9629300 0.9629300 1.0567547 0.9614502 0.8536085 1.2499227 1.2485323 1.3057745 1.4322925 1.7825732 1.7671326 1.5744976 2.2091312 2.3490214 1.7771176 1.7270540 1.9968264 2.0582598 1.5263009 1.8849233 2.0961932 1.8945688 1.5791774 1.5941398 1.7584805 1.6196388 1.6397514 1.1244790 0.5862797 1.7191566 
Cgig_XM_011436217.3                                    1.6024987 1.7016927 0.8325214 0.8287312 1.0772583 0.8442884 0.6635081 0.7794644 0.6731063 0.8988921 0.0000000 0.4627273 0.6313601 0.7509977 0.6315930 0.6836408 0.5998609 0.5655601 0.6254313 0.8206755 0.7013028 0.6374045 0.6979961 0.6918702 0.9188993 0.6566480 0.6106858 0.6362709 0.6602450 0.6346990 0.6783917 0.7776010 0.6021173 0.6389295 0.5009167 0.9992386 0.8839574 0.8035713 0.6969601 0.7667416 0.7045245 0.8451961 0.8498007 0.8491731 0.8485940 0.8481325 0.8548942 0.7854437 0.7040925 0.8141851 0.8871668 1.1207257 1.2708698 1.2649304 1.2741644 1.4332965 1.4792958 1.3471904 1.4149207 1.5258907 1.4937842 1.3822094 1.6107483 1.4958404 1.2356328 1.2524834 1.2473180 1.3003947 1.2258706 1.4004587 0.8211481 0.9389191 1.6551159 
Ctel_gnl_WGS_AMQN_CAPTEDRAFT_mRNA162161                0.0000010 1.1796171 0.7599488 0.6211007 0.0000010 0.7057196 0.5992253 0.8534776 0.8116007 1.3447336 0.4627273 0.0000000 0.4419178 0.8070462 0.5511607 0.5667017 0.5797550 0.5508868 0.5695504 0.5611358 0.5797550 0.6132173 0.6544768 0.7090273 0.5742590 0.6160552 0.5775672 0.5544903 0.5917289 0.5842071 0.5782698 0.0000010 0.5113514 0.5320302 0.5172480 1.1401014 1.0290666 1.0515778 0.6792217 1.1015200 0.7423796 0.6857350 0.7153165 0.7051905 0.7051905 0.7159401 0.7214655 0.7214655 0.6682633 2.2807702 0.0000010 0.8016819 1.1379440 1.1163795 0.0000010 0.9475164 0.9475164 1.0006340 0.9791704 0.9791704 0.9791704 0.4215728 0.4215728 1.0426997 0.8931226 0.8809303 0.9181205 0.9329604 1.1576915 1.0689012 1.3512803 2.0512161 2.1022112 
Hsap_ENST00000416206                                   1.6753133 1.6298012 0.8541409 0.8959580 0.9546474 0.8833262 0.7372306 0.8705518 0.6867021 0.8353894 0.6313601 0.4419178 0.0000000 0.7291275 0.6314183 0.6693557 0.6574857 0.6254506 0.6753783 0.9116352 0.7076768 0.7076988 0.7934123 0.6736103 0.9118390 0.6902372 0.6972850 0.6949632 0.7177634 0.7726481 0.8176637 0.7278574 0.5741051 0.6285491 0.6024851 1.0016819 0.9212544 0.8796240 0.6878139 0.7069929 0.7184232 0.9288778 0.9236762 0.9428962 0.9377122 0.9738171 0.9386542 0.8423325 0.8113315 0.9303222 0.9811512 1.3284491 1.3373898 1.3301820 1.2671795 1.3261883 1.4037586 1.2709315 1.2508106 1.4032924 1.3567578 1.1934130 1.4926840 1.4744753 1.2589554 1.2748264 1.2956466 1.3554483 1.2655999 1.4864303 0.9960405 0.9309679 1.5695104 
Fspp_ffun1.m4.10947.m1                                 1.7857550 1.9246285 0.9356131 0.9397992 1.0755919 0.9454313 0.7853812 0.8924082 0.7511018 0.9859935 0.7509977 0.8070462 0.7291275 0.0000000 0.1318952 0.1276226 0.1944951 0.1581969 0.1498801 0.3713204 0.2753757 0.2691327 0.5104832 0.5357387 0.2480120 0.5823337 0.5815049 0.6154327 0.5819053 0.5735121 0.7013156 0.3517217 0.5975113 0.7367772 0.6353479 1.0607719 0.9729330 0.9935755 0.7639709 0.7664210 0.7726062 0.9660486 0.9524038 0.9649639 0.9647254 0.9584625 0.9301250 0.8475867 0.7848399 0.9246067 1.1708147 1.2687751 1.5477336 1.5405009 1.3682841 1.6365356 1.6950969 1.5605530 1.4565518 1.5838180 1.5469488 1.4420383 1.6900259 1.6821118 1.6654691 1.4137969 1.4799398 1.7250789 1.3679774 1.7035704 0.5807667 0.9639751 1.5147068 
Spis_XP_022795009_1                                    1.8389764 1.6640769 0.7220966 0.7249484 0.8143415 0.7617453 0.6125016 0.7770851 0.6166508 0.8480348 0.6315930 0.5511607 0.6314183 0.1318952 0.0000000 0.0189442 0.1642482 0.1541860 0.1096527 0.2239029 0.2250727 0.2104844 0.4081419 0.3044665 0.2342201 0.4675902 0.4565529 0.4701638 0.4517654 0.4742327 0.5455539 0.3495729 0.5429264 0.6484270 0.5017745 0.8701949 0.7929753 0.8671035 0.6591189 0.7126012 0.7021603 0.7944982 0.7891623 0.7948677 0.7947092 0.7911101 0.7704788 0.7268058 0.7453690 0.8558717 1.0519468 1.2072783 1.2996507 1.2938020 1.2417392 1.4070068 1.3314696 1.2868449 1.2266245 1.3104282 1.2522150 1.2946819 1.5349735 1.3389355 1.1663163 1.1868481 1.1767194 1.2820046 1.1176806 1.5997032 0.6304773 1.0154554 1.1938894 
Pocdam_XM_027185462.1                                  1.6337589 1.7025979 0.8062464 0.8326030 1.0130173 0.8697938 0.6878215 0.8120020 0.6287295 0.8977323 0.6836408 0.5667017 0.6693557 0.1276226 0.0189442 0.0000000 0.1573757 0.1470528 0.1178985 0.3147899 0.2217852 0.2188639 0.4338845 0.3021014 0.2214800 0.4972347 0.4907849 0.5268381 0.5085575 0.4829000 0.5789850 0.3900703 0.5618890 0.6775836 0.5349947 0.9008757 0.8430432 0.8985865 0.6851641 0.7397945 0.7450368 0.8508636 0.8573216 0.8686891 0.8685093 0.8823410 0.8385022 0.7686159 0.7357492 0.8817404 1.0974184 1.2047064 1.3427561 1.3370668 1.3187513 1.3823907 1.3026225 1.3397083 1.2662522 1.3522784 1.3110235 1.3659653 1.6010431 1.4139107 1.1644585 1.2367115 1.2518775 1.2910469 1.2012612 1.5945835 0.6436673 1.0343092 1.4488861 
Amil_Amillepora20559-RA                                1.3211275 1.5603926 0.6652694 0.7000196 0.8388285 0.7209770 0.6503607 0.7572352 0.6472969 0.8501708 0.5998609 0.5797550 0.6574857 0.1944951 0.1642482 0.1573757 0.0000000 0.0000010 0.1010568 0.0544028 0.0510462 0.2568471 0.3669721 0.3330104 0.2976652 0.4853212 0.4898703 0.4891317 0.4853214 0.5054462 0.5779550 0.1795630 0.5033744 0.7092424 0.4698363 0.8598919 0.7845042 0.8504365 0.6059715 0.6812999 0.6281551 0.7932678 0.7900155 0.7972984 0.7971351 0.7853772 0.7597641 0.7275894 0.6881367 0.7963657 0.9224123 1.1511742 1.4180013 1.4094003 1.4827848 1.4126139 1.2643165 1.3584898 1.2530771 1.3523977 1.2991853 1.3672563 1.7243994 1.4628116 1.2069173 1.1526651 1.1471279 1.1989652 1.2021162 1.4336619 0.5206530 0.9747788 1.4380088 
Amil_Amillepora20586-RA                                1.3812633 1.5331825 0.6221207 0.6598874 0.7984150 0.6830583 0.5924638 0.7374187 0.6378089 0.8174868 0.5655601 0.5508868 0.6254506 0.1581969 0.1541860 0.1470528 0.0000010 0.0000000 0.0917521 0.0553986 0.0519454 0.2385514 0.3331203 0.3420476 0.2911315 0.4432678 0.4351622 0.4420176 0.4400278 0.4320702 0.5470120 0.1816545 0.4759842 0.6600005 0.4497749 0.8726064 0.7900163 0.8542014 0.5755511 0.6512484 0.5804092 0.7792886 0.7758398 0.7834703 0.7833007 0.7688183 0.7522736 0.7173765 0.6746533 0.7896426 0.8786142 1.1331988 1.3576486 1.3566244 1.4349232 1.2499782 1.2001947 1.2560661 1.1885696 1.2818639 1.2154856 1.3251205 1.7568497 1.3917408 1.1413569 1.0974922 1.0926349 1.1574970 1.1355970 1.4231386 0.4458100 0.9864164 1.4380088 
Gfas_gfas1.m1.11078.m1                                 1.6299081 1.7106296 0.7870275 0.7857194 0.9737936 0.8251722 0.6327858 0.8187352 0.6218518 0.9331937 0.6254313 0.5695504 0.6753783 0.1498801 0.1096527 0.1178985 0.1010568 0.0917521 0.0000000 0.2482480 0.1592082 0.2593810 0.4042566 0.3160677 0.2515497 0.5184102 0.5065506 0.5281446 0.5069296 0.5247097 0.5798462 0.3138082 0.5394427 0.6745713 0.5302965 0.9137051 0.8450560 0.8962874 0.6627808 0.7288162 0.7154289 0.8850942 0.8880910 0.8885312 0.8883447 0.8874848 0.8570429 0.7872030 0.6931071 0.8354612 1.0410159 1.1538369 1.3712111 1.3637850 1.3832008 1.3870828 1.3359391 1.3870149 1.3274530 1.4289169 1.3732450 1.4500673 1.7357073 1.4470288 1.2129769 1.2508967 1.2801372 1.2887781 1.2356969 1.4950216 0.5640049 1.0734019 1.4045439 
Adig_XM_015920743.1                                    3.1400084 2.3697075 0.9256149 0.9329334 1.5051346 0.9888645 0.9093181 0.9890286 0.6463050 1.1738743 0.8206755 0.5611358 0.9116352 0.3713204 0.2239029 0.3147899 0.0544028 0.0553986 0.2482480 0.0000000 0.0512634 0.4383122 0.5838991 0.3480905 0.5014599 0.7024723 0.6941873 0.6698954 0.6744331 0.7686375 0.7940386 0.3680501 0.7316804 0.9604661 0.6888674 1.1512286 1.0854510 1.1382906 0.8525867 0.9832552 0.9285999 1.0817520 1.0807429 1.0879236 1.0876377 1.1025426 1.0462031 0.9759299 0.8979111 1.1769581 1.3798829 1.4355586 1.7988120 1.7885429 2.2645274 1.4025555 1.3566799 1.6887276 1.6075680 1.7827497 1.7715081 2.1027951 2.8796955 1.7941981 1.1898853 1.4472467 1.4585899 1.2599783 1.5587283 1.8405331 0.8641146 1.4686333 1.7418329 
Adig_XM_015892570.1                                    1.4218791 1.4973980 0.6733466 0.7069828 0.9996468 0.6927783 0.6563752 0.7540280 0.6472969 0.8881865 0.7013028 0.5797550 0.7076768 0.2753757 0.2250727 0.2217852 0.0510462 0.0519454 0.1592082 0.0512634 0.0000000 0.3162874 0.4607223 0.3330104 0.4193895 0.5547067 0.5650697 0.5331884 0.5294350 0.4807101 0.6575472 0.7870534 0.5710917 0.7915385 0.5789447 0.8907009 0.8380117 0.9220509 0.6738929 0.7880898 0.7184113 0.8444076 0.8415858 0.8535533 0.8535533 0.8410999 0.8263495 0.8263495 0.7508013 1.0541604 1.1775918 1.0999119 1.3911585 1.3815007 1.4606553 1.3890958 1.3405026 1.3649649 1.3336627 1.3915188 1.3915188 1.6437453 2.0850971 1.4344958 1.2069173 1.2162746 1.2410324 1.1750428 1.2701845 1.5007327 0.6682783 1.1457978 1.5045061 
Nvec_v1g164913                                         1.7894022 1.8513020 0.7566516 0.7576757 0.8879676 0.8136220 0.6820908 0.8545038 0.5827728 0.9917139 0.6374045 0.6132173 0.7076988 0.2691327 0.2104844 0.2188639 0.2568471 0.2385514 0.2593810 0.4383122 0.3162874 0.0000000 0.4568797 0.2688959 0.3764939 0.5411584 0.4887143 0.5158674 0.5345696 0.4408708 0.6280520 0.5653089 0.5537880 0.6515152 0.5379590 1.0124224 0.9141798 0.9449049 0.7095743 0.7409337 0.7690615 0.9414751 0.9436000 0.9563532 0.9561342 0.9821923 0.9215306 0.8499472 0.7217079 0.8690207 1.0742224 1.1253552 1.2965792 1.2911521 1.3031045 1.2721973 1.2335408 1.2725347 1.1702665 1.2755378 1.2350263 1.2411591 1.5067837 1.3587356 1.1772848 1.2228625 1.2399043 1.2783748 1.1949816 1.6034831 0.6386484 1.1505083 1.3016805 
Dgig_XM_028550240.1                                    1.7499164 1.6625772 0.9713821 1.0147256 1.2717095 1.0089372 0.8421798 0.9976234 0.6699226 1.0746759 0.6979961 0.6544768 0.7934123 0.5104832 0.4081419 0.4338845 0.3669721 0.3331203 0.4042566 0.5838991 0.4607223 0.4568797 0.0000000 0.1157657 0.5838585 0.5623750 0.5599983 0.5856570 0.5960165 0.5381681 0.7100191 0.5697800 0.6399883 0.7695775 0.6186542 1.1310429 1.0402176 1.1254733 0.7810863 0.7780759 0.8253936 0.9136929 0.9188032 0.9250458 0.9208405 0.8813688 0.8992305 0.8186670 0.8077182 1.0732850 1.2628246 1.2918408 1.5048659 1.4967770 1.6317403 1.4835077 1.3837003 1.4441647 1.4150248 1.5214818 1.4691166 1.6440690 2.0113653 1.5599226 1.1792079 1.3926973 1.4020245 1.3344001 1.3014629 1.5697174 0.2358816 1.1372869 1.3979685 
Xesp_002492-T1                                         0.0000010 1.0957595 0.7651591 0.7817948 0.0000010 0.7445506 0.5507520 0.6898293 0.6941045 0.8952034 0.6918702 0.7090273 0.6736103 0.5357387 0.3044665 0.3021014 0.3330104 0.3420476 0.3160677 0.3480905 0.3330104 0.2688959 0.1157657 0.0000000 0.3082796 0.4882239 0.4744865 0.4524498 0.4660178 0.3362221 0.3859988 0.0000010 0.4053961 0.5970996 0.4743909 0.8562033 0.8408460 0.9364929 0.5891201 0.7180953 0.6106271 0.6488859 0.6690011 0.6903080 0.6903080 0.6161605 0.6374789 0.6374789 0.6634996 8.9999987 1.1207329 0.7854308 1.2041397 1.1801184 0.0000010 1.0311065 1.0311065 1.0207744 1.0206680 1.0206680 1.0206680 0.6348513 0.6348513 1.0401413 1.0915895 1.0610999 1.0182395 1.0340881 0.9977013 0.9960343 0.6538425 1.5175582 0.9859034 
Gasp_gasp1.m3.1884.m1                                  2.8684391 2.2850605 1.1085141 1.1036543 1.0693817 1.1566259 0.9450534 1.0590747 0.6117792 1.2508321 0.9188993 0.5742590 0.9118390 0.2480120 0.2342201 0.2214800 0.2976652 0.2911315 0.2515497 0.5014599 0.4193895 0.3764939 0.5838585 0.3082796 0.0000000 0.7492094 0.7250434 0.7525198 0.7354233 0.7525014 0.7862690 0.4244864 0.7240014 0.8857911 0.7805754 1.1242440 1.0244431 1.1875717 0.8877560 0.9774888 0.9460095 1.1073470 1.1000796 1.1144670 1.1141664 1.1243541 1.0735535 1.0001882 0.9250466 1.2112455 1.4756435 1.3810908 1.6822628 1.6739342 1.6945046 1.8528854 1.6967373 1.6148916 1.5427661 1.6989589 1.6843882 1.5211034 1.8462237 1.7921966 1.3930362 1.5125970 1.5990057 1.5908794 1.4742711 1.7473245 0.9383436 1.5234468 1.5150061 
Sanmal_Sma_016642-T1                                   1.8632013 1.6981266 0.9218362 0.8759913 1.1128154 0.9519124 0.7978516 0.9138021 0.6981917 1.0060828 0.6566480 0.6160552 0.6902372 0.5823337 0.4675902 0.4972347 0.4853212 0.4432678 0.5184102 0.7024723 0.5547067 0.5411584 0.5623750 0.4882239 0.7492094 0.0000000 0.2211362 0.2544960 0.2597574 0.3292966 0.4120141 0.7478999 0.6052771 0.7166730 0.6420309 1.0236698 0.9608115 0.9864811 0.6965690 0.7399888 0.7678517 0.9280811 0.9266719 0.9251768 0.9209842 0.9073375 0.8923719 0.8103395 0.8123790 0.9146367 1.0002250 1.2890506 1.3503748 1.3535518 1.3930730 1.3362959 1.2916203 1.2936267 1.2922776 1.3633852 1.3159111 1.4494277 1.6817351 1.4172518 1.1448614 1.2298005 1.2104803 1.2192552 1.1825207 1.5506263 0.6552925 1.1253258 1.0453908 
Aaur_scaffold358.g3.t1                                 1.9684323 1.6937078 0.8980844 0.9161167 1.1031845 0.9740938 0.7696452 0.8817295 0.6448891 1.0043477 0.6106858 0.5775672 0.6972850 0.5815049 0.4565529 0.4907849 0.4898703 0.4351622 0.5065506 0.6941873 0.5650697 0.4887143 0.5599983 0.4744865 0.7250434 0.2211362 0.0000000 0.1511092 0.1415117 0.3399206 0.4525386 0.7329182 0.5469565 0.6866878 0.6234183 1.0316529 0.9412197 0.9772959 0.7292726 0.8055876 0.7360439 0.8957976 0.8942899 0.8961200 0.8930377 0.8639238 0.8822167 0.8210837 0.8309171 0.9856876 1.0723136 1.2143484 1.3910270 1.3942179 1.4242637 1.3391328 1.2790734 1.3250617 1.3504136 1.4343888 1.3824068 1.4624900 1.7056771 1.4829622 1.1672181 1.2716610 1.2961299 1.3579094 1.1763718 1.5060734 0.6339215 1.2252695 1.1312740 
Nemnom_g11583.t1                                       1.7839719 1.7929752 0.8975239 0.8821253 1.0978636 0.9292951 0.7357551 0.8626960 0.6318730 0.9701405 0.6362709 0.5544903 0.6949632 0.6154327 0.4701638 0.5268381 0.4891317 0.4420176 0.5281446 0.6698954 0.5331884 0.5158674 0.5856570 0.4524498 0.7525198 0.2544960 0.1511092 0.0000000 0.0926228 0.3733412 0.4791581 0.8464233 0.5796326 0.6854735 0.6517312 0.9409349 0.8659651 0.9061746 0.7158289 0.7916771 0.7542356 0.8845238 0.8829875 0.8824902 0.8794504 0.8262340 0.8860152 0.8189866 0.8539825 1.0597268 1.0766852 1.2557917 1.3637742 1.3670040 1.4712758 1.3608187 1.2994255 1.2701100 1.3010533 1.4101659 1.3847142 1.4101659 1.7136405 1.4501315 1.1659013 1.2464841 1.2049809 1.2346561 1.1949302 1.5136008 0.7136644 1.0873934 1.2374237 
Rhoesc_Res_012542-T1                                   1.9213548 1.8289813 0.9433093 0.9490607 1.1679410 1.0023630 0.7823395 0.8672002 0.6241972 1.0406963 0.6602450 0.5917289 0.7177634 0.5819053 0.4517654 0.5085575 0.4853214 0.4400278 0.5069296 0.6744331 0.5294350 0.5345696 0.5960165 0.4660178 0.7354233 0.2597574 0.1415117 0.0926228 0.0000000 0.3711973 0.4985490 0.7493230 0.5824151 0.6709900 0.6692464 0.9942434 0.9010234 0.9665618 0.7820066 0.8765466 0.7927461 0.9028627 0.9013391 0.8957576 0.8915388 0.8453351 0.9146902 0.8441124 0.8983413 1.0383792 1.0955390 1.2944411 1.3893661 1.3925416 1.5051545 1.3993793 1.3340043 1.3214744 1.3468427 1.4234843 1.3898744 1.4847001 1.7237804 1.4346765 1.1888534 1.2195091 1.2274030 1.2700097 1.2047319 1.5157363 0.6948280 1.1475819 1.1720156 
Morvir_scaffold258.g7.t2                               1.6663849 1.6355324 0.8853416 0.8955842 1.4868556 0.9196980 0.7738219 0.8570635 0.5802425 1.0104266 0.6346990 0.5842071 0.7726481 0.5735121 0.4742327 0.4829000 0.5054462 0.4320702 0.5247097 0.7686375 0.4807101 0.4408708 0.5381681 0.3362221 0.7525014 0.3292966 0.3399206 0.3733412 0.3711973 0.0000000 0.4904799 2.4615272 0.5495599 0.6691955 0.6513293 1.0228762 0.9664118 0.9954408 0.7818228 0.8528174 0.8057831 0.9101225 0.9114427 0.9236786 0.9169451 0.8861604 0.8911209 0.7825742 0.8061279 1.0978795 1.1179473 1.1520108 1.5001089 1.4826229 1.8428935 1.3122444 1.2850668 1.3283369 1.3191378 1.3191378 1.3191378 1.6627095 1.6627095 1.4059728 1.2093990 1.4823424 1.4810828 1.3527874 1.2424272 1.5661381 0.6968014 1.4313928 3.8031320 
Chem_TCONS_00017158                                    2.0570025 1.8442586 1.0922784 1.0448243 1.3574716 1.1610842 0.8365176 0.9790893 0.6250076 1.1358095 0.6783917 0.5782698 0.8176637 0.7013156 0.5455539 0.5789850 0.5779550 0.5470120 0.5798462 0.7940386 0.6575472 0.6280520 0.7100191 0.3859988 0.7862690 0.4120141 0.4525386 0.4791581 0.4985490 0.4904799 0.0000000 0.8757096 0.6638318 0.8086571 0.6839472 1.1528275 1.0695722 1.0655283 0.7690861 0.8298323 0.8125287 0.9481873 0.9484915 0.9488823 0.9455952 0.9130773 0.9308382 0.8612797 0.8226936 1.1602237 1.1895546 1.1918465 1.4756596 1.4682112 1.6234145 1.3232665 1.3419242 1.3354327 1.4256498 1.5158986 1.4809199 1.5154229 1.7546931 1.4777981 1.2909177 1.3459839 1.3369104 1.3010000 1.3319492 1.5461590 0.9337275 1.2215773 1.6403520 
Adig_XM_015920748.1                                    1.6585868 2.8883963 0.7833492 0.8281802 0.6695315 0.9010289 0.9090632 1.0182137 0.0000010 1.0572870 0.7776010 0.0000010 0.7278574 0.3517217 0.3495729 0.3900703 0.1795630 0.1816545 0.3138082 0.3680501 0.7870534 0.5653089 0.5697800 0.0000010 0.4244864 0.7478999 0.7329182 0.8464233 0.7493230 2.4615272 0.8757096 0.0000000 0.7442111 0.8342917 0.7417356 1.0328533 0.9867133 1.0061856 0.8184764 0.8184764 0.7874810 0.9528605 0.9527811 0.9419289 0.9419289 1.0881520 0.9114556 0.9114556 0.9905838 0.8263768 1.0231595 1.5911777 1.3680729 1.3857674 1.1690262 2.4027937 3.4566681 1.4497234 1.5412872 2.1606855 2.3138563 1.2451767 1.6474579 2.0306516 4.6368335 1.1724328 1.2787030 3.7540210 1.4417287 1.8684565 0.6239545 0.9441404 0.9405463 
Bralan_BLAG16000621_1                                  1.7454355 1.8636350 0.7225950 0.7653336 1.1097411 0.8004759 0.6736219 0.7606962 0.5538475 0.8240835 0.6021173 0.5113514 0.5741051 0.5975113 0.5429264 0.5618890 0.5033744 0.4759842 0.5394427 0.7316804 0.5710917 0.5537880 0.6399883 0.4053961 0.7240014 0.6052771 0.5469565 0.5796326 0.5824151 0.5495599 0.6638318 0.7442111 0.0000000 0.5828320 0.5342295 0.9113740 0.8680179 0.7892654 0.6361411 0.6755190 0.6099576 0.7961565 0.8038232 0.8151943 0.8123317 0.7826630 0.7991882 0.7144583 0.6626870 0.9768701 1.0021383 1.0934278 1.3467056 1.3410336 1.4498114 1.2960468 1.3333081 1.2893672 1.2967603 1.3788277 1.3696884 1.5266189 1.8125937 1.4660144 1.0362032 1.2231116 1.2537277 1.0925087 1.2313316 1.2894032 0.7366194 1.0746798 1.4997774 
Spur_XM_030973710.1                                    1.7084995 1.5833903 0.8484717 0.8268615 0.9268532 0.9132222 0.7619599 1.0172715 0.8325481 1.0461558 0.6389295 0.5320302 0.6285491 0.7367772 0.6484270 0.6775836 0.7092424 0.6600005 0.6745713 0.9604661 0.7915385 0.6515152 0.7695775 0.5970996 0.8857911 0.7166730 0.6866878 0.6854735 0.6709900 0.6691955 0.8086571 0.8342917 0.5828320 0.0000000 0.4627839 0.9706265 0.9221030 0.9118005 0.7098944 0.7522409 0.7996073 0.9577788 0.9720803 0.9998896 0.9965322 0.9880625 0.9701373 0.8817516 0.8605346 1.0309742 1.1376929 1.1914839 1.4077677 1.4002456 1.4136494 1.4310927 1.3975090 1.3385126 1.3205789 1.4116273 1.3476614 1.4543010 1.7203414 1.4217583 1.2530712 1.3437571 1.2908668 1.3444299 1.1815107 1.4542134 0.8323937 1.0759608 1.6432836 
Skow_XM_002735600.1                                    1.5115310 1.4446047 0.8336870 0.8615306 1.2836604 0.8759449 0.7356191 0.9663569 0.7187004 1.1143043 0.5009167 0.5172480 0.6024851 0.6353479 0.5017745 0.5349947 0.4698363 0.4497749 0.5302965 0.6888674 0.5789447 0.5379590 0.6186542 0.4743909 0.7805754 0.6420309 0.6234183 0.6517312 0.6692464 0.6513293 0.6839472 0.7417356 0.5342295 0.4627839 0.0000000 1.1307366 1.0356217 1.0299897 0.6873153 0.7151069 0.7437033 0.8257031 0.8171583 0.8545780 0.8501107 0.8140295 0.8214590 0.7542838 0.7412633 0.8962897 0.9547129 1.1723669 1.3719892 1.3595488 1.5083130 1.3703580 1.3622977 1.4124078 1.2900924 1.3220499 1.2602931 1.4187671 1.5044030 1.4078227 1.0398432 1.2365391 1.2015656 1.1124804 1.2242321 1.3524498 0.7253646 1.1870926 1.9713913 
Aque_Aqu2.1.36119_001                                  1.5516023 2.1428713 0.9941650 1.0042179 1.2058107 0.9764016 0.8940713 0.6999686 0.6454753 0.7327164 0.9992386 1.1401014 1.0016819 1.0607719 0.8701949 0.9008757 0.8598919 0.8726064 0.9137051 1.1512286 0.8907009 1.0124224 1.1310429 0.8562033 1.1242440 1.0236698 1.0316529 0.9409349 0.9942434 1.0228762 1.1528275 1.0328533 0.9113740 0.9706265 1.1307366 0.0000000 0.1427282 0.1963941 0.9074135 0.9407088 0.8941954 1.0792867 1.0952994 1.0882088 1.0858542 1.1060693 1.0521129 0.9574484 1.1273860 1.4055142 1.4186972 1.5058775 1.6199993 1.6081339 1.6088809 1.7050242 1.7374409 1.5826248 1.6477882 1.7979882 1.8311911 1.6777966 2.0435208 1.7699527 1.3824920 1.5438759 1.5128171 1.4664258 1.5987598 1.6265001 1.2482295 0.7590314 1.8253806 
Halamb_c48870_g1_i1m.25005                             1.3519248 1.7708096 0.9645620 0.9703375 1.1307770 0.9522754 0.8621227 0.6359021 0.6014496 0.6469245 0.8839574 1.0290666 0.9212544 0.9729330 0.7929753 0.8430432 0.7845042 0.7900163 0.8450560 1.0854510 0.8380117 0.9141798 1.0402176 0.8408460 1.0244431 0.9608115 0.9412197 0.8659651 0.9010234 0.9664118 1.0695722 0.9867133 0.8680179 0.9221030 1.0356217 0.1427282 0.0000000 0.2004263 0.8488606 0.8886835 0.8179681 0.9937358 1.0024493 1.0007220 0.9985382 1.0229640 0.9701169 0.8884446 1.0631377 1.2352248 1.2844576 1.3972270 1.5580200 1.5465686 1.6383065 1.6297602 1.6653924 1.5404029 1.5257006 1.6945878 1.6992263 1.5544593 1.9628355 1.7567131 1.3984661 1.3950244 1.3810167 1.3171702 1.4393504 1.6041187 1.1731197 0.6718505 1.7167657 
Xestes_maker-XT_scaffold25518-augustus-gene-0.7-mRNA-1 1.2278196 2.0326145 0.9866556 0.9511333 1.1474716 0.9708160 0.8888147 0.6621935 0.5849425 0.6849231 0.8035713 1.0515778 0.8796240 0.9935755 0.8671035 0.8985865 0.8504365 0.8542014 0.8962874 1.1382906 0.9220509 0.9449049 1.1254733 0.9364929 1.1875717 0.9864811 0.9772959 0.9061746 0.9665618 0.9954408 1.0655283 1.0061856 0.7892654 0.9118005 1.0299897 0.1963941 0.2004263 0.0000000 0.9121913 0.9340339 0.8081176 1.0353086 1.0456137 1.0335394 1.0312779 1.0517707 1.0273413 0.9653660 1.0368220 1.2402227 1.2792082 1.4247312 1.5847101 1.5626757 1.5537562 1.7699021 1.8186067 1.6053392 1.6431155 1.7900443 1.8140939 1.5932022 1.8984958 1.7638563 1.5599835 1.4472593 1.4831579 1.4782083 1.5571580 1.6057377 1.1884125 0.7516392 1.6564782 
Opea_EP00118_Oscarella_pearsei_P026244                 1.8461282 1.4302632 0.8539807 0.8994298 1.1217440 0.8902177 0.6785297 0.7626839 0.5956841 0.8731515 0.6969601 0.6792217 0.6878139 0.7639709 0.6591189 0.6851641 0.6059715 0.5755511 0.6627808 0.8525867 0.6738929 0.7095743 0.7810863 0.5891201 0.8877560 0.6965690 0.7292726 0.7158289 0.7820066 0.7818228 0.7690861 0.8184764 0.6361411 0.7098944 0.6873153 0.9074135 0.8488606 0.9121913 0.0000000 0.0139096 0.4173856 0.8048031 0.8011228 0.8029983 0.8001157 0.7646409 0.7719493 0.6846004 0.9219609 1.0844356 1.2271693 1.2395128 1.3303339 1.3246722 1.3808149 1.4243797 1.3482030 1.3546534 1.4065531 1.5695723 1.4869434 1.5676340 2.0431594 1.6331125 1.1556287 1.2838593 1.2555900 1.2457088 1.3106761 1.4988507 0.9176391 0.8730663 1.5206970 
Ocar_g6230                                             1.5196532 1.3627644 0.8695121 0.9255454 1.1470589 0.9177030 0.7318078 0.8649566 0.7122648 0.8867744 0.7667416 1.1015200 0.7069929 0.7664210 0.7126012 0.7397945 0.6812999 0.6512484 0.7288162 0.9832552 0.7880898 0.7409337 0.7780759 0.7180953 0.9774888 0.7399888 0.8055876 0.7916771 0.8765466 0.8528174 0.8298323 0.8184764 0.6755190 0.7522409 0.7151069 0.9407088 0.8886835 0.9340339 0.0139096 0.0000000 0.4449078 0.8472623 0.8430069 0.8412632 0.8378205 0.8244667 0.7867201 0.6853407 0.9388330 1.0104600 1.1135110 1.2716162 1.4964811 1.4889387 1.3446957 1.6585569 1.7109348 1.4785207 1.4747221 1.6941391 1.6024172 1.3957802 1.7866933 1.8330340 1.4528009 1.4206683 1.4124553 1.6732928 1.3872287 1.6117139 0.8921113 0.8729289 1.5493253 
Plajan_Pjan_scaffold23193_01                           1.7821511 1.7569975 0.9048671 0.8925817 1.2741960 0.8887837 0.7725423 0.7448896 0.6204466 0.7454326 0.7045245 0.7423796 0.7184232 0.7726062 0.7021603 0.7450368 0.6281551 0.5804092 0.7154289 0.9285999 0.7184113 0.7690615 0.8253936 0.6106271 0.9460095 0.7678517 0.7360439 0.7542356 0.7927461 0.8057831 0.8125287 0.7874810 0.6099576 0.7996073 0.7437033 0.8941954 0.8179681 0.8081176 0.4173856 0.4449078 0.0000000 0.8792196 0.8634019 0.8645499 0.8612116 0.8338526 0.8423306 0.7535005 0.8467371 1.1909410 1.3258857 1.2740641 1.5072676 1.5007146 1.6871216 1.5321608 1.4383929 1.4566817 1.3844958 1.4985220 1.4346393 1.4531143 1.7402248 1.5374979 1.3143805 1.4145735 1.3771212 1.2981378 1.3410367 1.5801545 0.9316131 0.8975715 1.5986325 
HoiH23_PlH23_008191-RA                                 2.3483858 1.9492326 1.0748438 1.0538123 1.3745537 1.0740764 0.9358425 0.9312815 0.7192864 0.9982858 0.8451961 0.6857350 0.9288778 0.9660486 0.7944982 0.8508636 0.7932678 0.7792886 0.8850942 1.0817520 0.8444076 0.9414751 0.9136929 0.6488859 1.1073470 0.9280811 0.8957976 0.8845238 0.9028627 0.9101225 0.9481873 0.9528605 0.7961565 0.9577788 0.8257031 1.0792867 0.9937358 1.0353086 0.8048031 0.8472623 0.8792196 0.0000000 0.0256545 0.0347300 0.0318150 0.0647115 0.0788162 0.0666795 1.1158019 1.3043215 1.3099737 1.3560803 1.4789641 1.4577752 1.5460757 1.4891557 1.5742573 1.3450445 1.5434196 1.7323295 1.7309311 1.6184189 2.0914007 1.7172027 1.1166469 1.4590709 1.3778365 1.2696465 1.2886987 1.5764214 1.0883098 1.1001588 1.8289851 
HoiH06_mRNA10439                                       2.3628393 1.9355892 1.0685746 1.0454986 1.3636781 1.0657081 0.9528819 0.9064791 0.6717628 0.9841605 0.8498007 0.7153165 0.9236762 0.9524038 0.7891623 0.8573216 0.7900155 0.7758398 0.8880910 1.0807429 0.8415858 0.9436000 0.9188032 0.6690011 1.1000796 0.9266719 0.8942899 0.8829875 0.9013391 0.9114427 0.9484915 0.9527811 0.8038232 0.9720803 0.8171583 1.0952994 1.0024493 1.0456137 0.8011228 0.8430069 0.8634019 0.0256545 0.0000000 0.0349891 0.0320528 0.0581687 0.0663694 0.0601422 1.1155710 1.2940239 1.3226928 1.3280434 1.4996374 1.4782280 1.5639300 1.5013397 1.5901372 1.3408472 1.5347174 1.7220371 1.7195498 1.6057699 2.0753002 1.7063544 1.1212440 1.4630190 1.3871954 1.2757716 1.2849445 1.5628105 1.0864003 1.0844578 1.8174569 
Hhon_g01058.t1                                         2.2818412 1.9577277 1.1004860 1.0773856 1.3884544 1.1162708 0.9357908 0.8860737 0.6884402 0.9629300 0.8491731 0.7051905 0.9428962 0.9649639 0.7948677 0.8686891 0.7972984 0.7834703 0.8885312 1.0879236 0.8535533 0.9563532 0.9250458 0.6903080 1.1144670 0.9251768 0.8961200 0.8824902 0.8957576 0.9236786 0.9488823 0.9419289 0.8151943 0.9998896 0.8545780 1.0882088 1.0007220 1.0335394 0.8029983 0.8412632 0.8645499 0.0347300 0.0349891 0.0000000 0.0028300 0.0456632 0.0699404 0.0599934 1.1151664 1.2713580 1.2801889 1.3651987 1.5190777 1.4975186 1.5946240 1.5124326 1.6042881 1.3622823 1.5628980 1.7399000 1.7392975 1.6380642 2.0830856 1.7440167 1.0966391 1.4646469 1.3999816 1.2953456 1.3120007 1.5907258 1.0938518 1.1039010 1.7621577 
HoiH04_mRNA10068                                       2.2818412 1.9539877 1.0949934 1.0721173 1.3759823 1.1108482 0.9315886 0.8854324 0.6884402 0.9629300 0.8485940 0.7051905 0.9377122 0.9647254 0.7947092 0.8685093 0.7971351 0.7833007 0.8883447 1.0876377 0.8535533 0.9561342 0.9208405 0.6903080 1.1141664 0.9209842 0.8930377 0.8794504 0.8915388 0.9169451 0.9455952 0.9419289 0.8123317 0.9965322 0.8501107 1.0858542 0.9985382 1.0312779 0.8001157 0.8378205 0.8612116 0.0318150 0.0320528 0.0028300 0.0000000 0.0423738 0.0697262 0.0599934 1.1142569 1.2698428 1.2736166 1.3639182 1.5190777 1.4975186 1.5946240 1.5124326 1.6042881 1.3622823 1.5628980 1.7399000 1.7392975 1.6380642 2.0830856 1.7440167 1.0966391 1.4646469 1.3999816 1.2953456 1.3120007 1.5907258 1.0890261 1.0965872 1.7621577 
HoiH11_mRNA3073                                        2.4986250 1.9659735 1.0861970 1.0584697 1.5292912 1.0677513 0.8866790 0.9310904 0.6497021 1.0567547 0.8481325 0.7159401 0.9738171 0.9584625 0.7911101 0.8823410 0.7853772 0.7688183 0.8874848 1.1025426 0.8410999 0.9821923 0.8813688 0.6161605 1.1243541 0.9073375 0.8639238 0.8262340 0.8453351 0.8861604 0.9130773 1.0881520 0.7826630 0.9880625 0.8140295 1.1060693 1.0229640 1.0517707 0.7646409 0.8244667 0.8338526 0.0647115 0.0581687 0.0456632 0.0423738 0.0000000 0.0764791 0.0737497 1.1455476 1.4160054 1.2880940 1.4538035 1.6043981 1.5831772 1.9785419 1.4415992 1.5023320 1.4484905 1.6291252 1.6603534 1.6429728 1.9403772 2.0505621 1.6484460 1.0707149 1.5435933 1.5140699 1.2442954 1.3901024 1.5560144 1.1441116 1.1174838 2.4321157 
TrH2_TrispH2_008554-RA                                 2.2861281 1.9099011 1.0803756 1.0239120 1.3290546 1.0406229 0.8962776 0.8949611 0.6936531 0.9614502 0.8548942 0.7214655 0.9386542 0.9301250 0.7704788 0.8385022 0.7597641 0.7522736 0.8570429 1.0462031 0.8263495 0.9215306 0.8992305 0.6374789 1.0735535 0.8923719 0.8822167 0.8860152 0.9146902 0.8911209 0.9308382 0.9114556 0.7991882 0.9701373 0.8214590 1.0521129 0.9701169 1.0273413 0.7719493 0.7867201 0.8423306 0.0788162 0.0663694 0.0699404 0.0697262 0.0764791 0.0000000 0.0000010 1.0574910 1.2312025 1.2676141 1.3085773 1.4707834 1.4523113 1.5719636 1.4169414 1.4872004 1.3094441 1.4505926 1.6140488 1.6006313 1.5881203 2.0452776 1.6835741 1.0816532 1.4737715 1.3955449 1.2386062 1.2468618 1.5364007 1.0645086 1.0638566 1.7705884 
Tadh_TriadT37998                                       1.8341402 1.6896811 0.9809013 0.9485936 1.0908306 0.9679546 0.8303073 0.8067061 0.6936531 0.8536085 0.7854437 0.7214655 0.8423325 0.8475867 0.7268058 0.7686159 0.7275894 0.7173765 0.7872030 0.9759299 0.8263495 0.8499472 0.8186670 0.6374789 1.0001882 0.8103395 0.8210837 0.8189866 0.8441124 0.7825742 0.8612797 0.9114556 0.7144583 0.8817516 0.7542838 0.9574484 0.8884446 0.9653660 0.6846004 0.6853407 0.7535005 0.0666795 0.0601422 0.0599934 0.0599934 0.0737497 0.0000010 0.0000000 0.9661443 1.1111859 1.1636905 1.2198067 1.3883663 1.3701350 1.4176934 1.4169414 1.4872004 1.2863126 1.3920755 1.5431648 1.5224328 1.4759178 1.8765850 1.6390058 1.0816532 1.3749474 1.3692308 1.2386062 1.2184738 1.4856082 0.9610125 0.8852201 1.7705884 
Cscu_XM_023363360.1                                    2.0027880 1.6515594 1.0747665 1.0279444 1.2939094 1.0664088 0.9548400 1.1112836 0.8793526 1.2499227 0.7040925 0.6682633 0.8113315 0.7848399 0.7453690 0.7357492 0.6881367 0.6746533 0.6931071 0.8979111 0.7508013 0.7217079 0.8077182 0.6634996 0.9250466 0.8123790 0.8309171 0.8539825 0.8983413 0.8061279 0.8226936 0.9905838 0.6626870 0.8605346 0.7412633 1.1273860 1.0631377 1.0368220 0.9219609 0.9388330 0.8467371 1.1158019 1.1155710 1.1151664 1.1142569 1.1455476 1.0574910 0.9661443 0.0000000 0.8810939 1.0124140 0.9922387 1.4962750 1.4900774 1.5129213 1.4515788 1.4939433 1.3896654 1.3771405 1.5007032 1.4967957 1.4685421 1.7909229 1.5299159 1.1936722 1.3233105 1.3426612 1.3061640 1.2909044 1.3377004 0.9405505 1.3208631 1.6021908 
Ctel_gnl_WGS_AMQN_CAPTEDRAFT_mRNA139951                1.7823151 1.7229353 1.0453445 1.0794004 1.1781037 1.1805921 0.9943462 1.1481317 8.9999987 1.2485323 0.8141851 2.2807702 0.9303222 0.9246067 0.8558717 0.8817404 0.7963657 0.7896426 0.8354612 1.1769581 1.0541604 0.8690207 1.0732850 8.9999987 1.2112455 0.9146367 0.9856876 1.0597268 1.0383792 1.0978795 1.1602237 0.8263768 0.9768701 1.0309742 0.8962897 1.4055142 1.2352248 1.2402227 1.0844356 1.0104600 1.1909410 1.3043215 1.2940239 1.2713580 1.2698428 1.4160054 1.2312025 1.1111859 0.8810939 0.0000000 0.1017695 1.4197023 1.7179944 1.7142746 1.5929761 2.1134534 2.3695278 1.6957641 1.5635779 1.8367259 1.7755183 1.5122484 1.9080153 1.9565124 1.8982288 1.5628758 1.3839330 1.5887812 1.4038872 1.8120794 1.0698381 1.2548583 1.4385046 
