63
HoiH11_mRNA6640                         0.0000000 0.2784788 0.2664402 0.3073449 0.2803335 0.4153932 2.5488283 1.7666124 2.7379854 1.7760522 2.6179509 2.3965351 2.5165167 2.5452330 2.6772802 2.2544255 2.7648941 3.3078368 2.1185408 2.7366448 2.9177444 2.9179003 2.8611429 3.6972545 2.4752875 2.0800851 2.6552122 2.2056438 1.9532203 3.3058684 1.9685028 2.4364865 3.2152221 2.4314819 2.7588630 2.3294407 2.2744181 3.2281365 2.5435235 2.7149420 3.0600291 3.0442019 3.3234584 2.6159802 2.7816826 2.8889481 2.8207513 2.3984512 2.9847680 3.3420904 2.3646922 3.0526471 2.6573781 2.9059757 2.5872199 2.9260439 2.3807940 2.5827224 2.4825560 2.9030251 2.7609904 4.1969560 3.8708877 
Hhon_g10824.t1                          0.2784788 0.0000000 0.0172883 0.2333410 0.1981095 0.4720445 2.8203574 1.4978249 3.1071746 2.1873880 2.8779302 2.4815612 2.6190611 2.6213298 2.8004893 2.2821674 2.9491221 3.6786980 1.9911845 2.7329044 2.8497131 2.8149947 3.0089937 4.1200515 2.6128280 1.9185988 2.8704378 1.7575821 1.4942682 3.0153110 1.7353524 2.2136925 3.0256778 2.2616066 2.6599305 2.0611144 1.9813943 3.0785581 2.4739732 2.7219704 3.0427731 2.8983771 3.9236540 2.8421636 2.6774377 2.7506989 2.9860824 2.0308652 2.8893330 3.5003587 2.1480851 3.0948375 2.6812055 2.9837315 2.4400187 3.0599623 2.5336317 2.4547651 2.4224908 2.7774132 2.5907425 4.8877899 4.5075261 
HoiH04_mRNA3629                         0.2664402 0.0172883 0.0000000 0.2230490 0.1926028 0.4692353 2.8343567 1.5151008 3.1042899 2.1934923 2.8804747 2.4714716 2.6283328 2.6550217 2.8155090 2.2849136 2.9679300 3.6795998 2.0157955 2.7087673 2.8861883 2.8703655 3.0402865 4.1657383 2.6017728 1.9448819 2.8183279 1.6918470 1.4329635 2.9689625 1.7012741 2.1863859 2.9985123 2.2643532 2.6603740 2.0638711 1.9846086 3.0586788 2.4494720 2.7023202 3.0644027 2.9075214 3.9044169 2.8486237 2.7205683 2.8025469 3.0061902 2.0491016 2.9056642 3.5221962 2.1484008 3.0780834 2.6788136 2.9858908 2.4446118 3.0557927 2.5303923 2.4572333 2.4212422 2.8080904 2.6304511 4.9004236 4.4997538 
HoiH06_mRNA6344                         0.3073449 0.2333410 0.2230490 0.0000000 0.0988516 0.5291641 2.8528580 1.7138733 3.1700269 2.1562219 3.1191562 2.5843792 2.8695090 2.9680692 2.8957761 2.3337870 3.0926731 3.4043672 2.2185676 2.9989312 3.2555154 3.3564095 3.2506787 4.1206063 2.7224957 2.1133968 2.9326539 2.1637590 1.9100140 3.2430732 2.0098500 2.4154597 3.2155193 2.5501897 2.8077303 2.3118813 2.1757556 3.3048042 2.5736928 2.4814003 3.2693592 3.0947412 3.4693091 2.9445773 2.8475925 3.0432779 3.0171773 2.3860171 3.0731699 3.7498298 2.3303080 3.2972273 2.8151886 3.1112391 2.6430021 3.2167137 2.5627693 2.7244889 2.5852518 3.0510703 2.8728384 4.5921176 4.5079002 
HoiH23_PlH23_004158-RA                  0.2803335 0.1981095 0.1926028 0.0988516 0.0000000 0.5028668 2.8528010 1.7148071 3.1433393 1.9506697 2.9834904 2.5513441 2.7777876 2.8724771 2.9255557 2.4018788 3.0171916 3.3519619 2.1953914 2.9687607 3.1257680 3.2398668 3.0183624 4.0119460 2.6364869 2.0556926 2.8402972 2.3030434 2.0943089 3.3814305 1.9880337 2.4328189 3.2498442 2.5829214 2.8516595 2.3653172 2.3158303 3.3755358 2.6321429 2.5565586 3.2893467 3.1316081 3.3474613 2.9086456 2.8194295 3.1186520 3.0994290 2.4448762 3.1797287 3.8055477 2.3349465 3.3191589 2.7624646 3.0432253 2.5223588 3.0874371 2.4475677 2.6466952 2.5730099 2.9487767 2.8099550 4.6932248 4.4576897 
TrH2_TrispH2_003966-RA                  0.4153932 0.4720445 0.4692353 0.5291641 0.5028668 0.0000000 2.8210442 1.7248101 3.1120651 2.5340432 2.9140399 2.4656187 2.6927123 2.6115135 2.7576425 2.2032596 3.3502681 4.2197077 2.0689688 2.9659163 2.9784684 3.0059959 3.0614355 4.3408986 2.5765509 1.8800740 2.6807424 2.0872157 1.9554481 3.1255087 1.9102862 2.2661055 3.0770219 2.2383039 2.5331331 2.2129428 2.2558195 3.1615726 2.4247195 2.5253041 3.1160680 2.9703057 3.3510425 2.7121258 2.9386838 2.9648667 3.1232236 2.3113465 3.0585803 3.5957550 2.2986760 3.3327948 2.4878726 2.8265790 2.5424630 2.9555295 2.4147410 2.4658312 2.3455608 2.9503375 2.8184295 4.9274324 4.2699720 
Cgig_XM_034446683.1                     2.5488283 2.8203574 2.8343567 2.8528580 2.8528010 2.8210442 0.0000000 0.6720589 1.9257033 1.1722632 1.8660731 1.6165386 2.0733635 1.9294574 2.1654445 1.3387194 3.1331411 3.7638387 1.7574382 2.8797578 3.2004667 3.4176984 2.8921164 4.2749902 2.7022915 1.5532892 1.8172937 2.0167901 1.6996498 3.1738176 1.9287696 2.0843427 2.9157516 2.1262593 2.3771071 2.3818336 2.3598983 3.1918264 2.2611705 1.8336951 3.1892965 2.7204326 3.7754551 1.0435791 2.0868057 2.3199921 3.1837438 2.4015242 3.1865606 3.4581068 2.0357655 3.5334435 2.8590043 2.8649690 2.0151152 2.9735574 2.0641511 2.5075891 2.7534235 2.9102259 2.7466957 5.0410749 5.1859608 
Ctel_gnl_WGS_AMQN_CAPTEDRAFT_mRNA206547 1.7666124 1.4978249 1.5151008 1.7138733 1.7148071 1.7248101 0.6720589 0.0000000 0.9707140 1.1654196 1.0154301 1.0634680 1.1174558 1.2240070 1.1285032 1.2079861 1.5779653 2.1727157 1.6122939 1.4998888 1.5124058 1.4266091 0.7164869 3.6112275 1.5095516 1.5396196 1.0789653 2.4217780 2.1275877 2.1750702 2.0994600 2.0787376 2.1204765 1.8370303 1.8446118 2.1550627 2.0935033 1.9922510 2.1176252 2.5706623 2.1181838 2.1181838 0.0000010 0.6198047 1.2767663 1.7695888 1.8170031 2.0486434 1.9750587 1.7608824 1.5933235 2.0207603 2.1913063 1.7809973 1.6885173 2.1457406 1.7795475 2.1382676 1.8584196 1.8462622 2.3079822 2.1156473 4.4224669 
Dpul_mRNA21926                          2.7379854 3.1071746 3.1042899 3.1700269 3.1433393 3.1120651 1.9257033 0.9707140 0.0000000 1.0685054 1.8642767 2.0364145 2.6731518 2.5738090 2.5738820 1.6727761 3.1037586 3.8009345 1.8923528 3.0355349 3.4560134 3.6796908 3.1834868 4.1581899 3.1292849 1.8254579 2.4648592 1.9054672 1.5195985 3.0197859 1.9428555 2.0363220 2.8374330 2.1585235 2.3215067 2.4501397 2.5049480 3.2304550 2.4289510 2.1517727 3.1148532 2.6510610 3.9794680 2.2861628 1.8081454 2.6017335 3.1499381 2.3820419 3.0378239 3.7454589 2.0650017 3.6187724 3.0466377 3.1566792 2.4508955 3.3844530 2.4598727 2.5869083 2.8505183 2.9242308 2.9924123 5.5824320 4.9499615 
Cscu_XM_023355856.1                     1.7760522 2.1873880 2.1934923 2.1562219 1.9506697 2.5340432 1.1722632 1.1654196 1.0685054 0.0000000 0.3337329 1.5972053 1.7886542 1.6003160 1.7560214 1.4473138 1.7856280 3.8084996 1.7782868 1.6288258 1.9723477 1.9569352 5.1790553 4.3501281 2.1214908 1.6665828 1.5311250 2.2291610 2.2291610 2.3072973 2.0682124 2.1789747 2.0863868 1.6808370 1.6808370 2.1402050 2.2294618 2.4620305 2.1133541 0.0000010 3.0397200 2.4014513 0.0000010 1.3549347 1.3200039 1.3357427 2.2430866 2.3249339 2.5356882 2.9584794 1.7924263 2.8717406 4.1446900 1.9084371 1.7411894 3.4587850 1.8486487 2.7361053 2.5741414 2.2637265 3.3119002 6.1595716 8.9999982 
Cscu_XM_023361612.1                     2.6179509 2.8779302 2.8804747 3.1191562 2.9834904 2.9140399 1.8660731 1.0154301 1.8642767 0.3337329 0.0000000 1.9629777 2.3148907 2.2511992 2.4201806 1.2673696 3.5675731 4.4035119 1.9005271 3.1490770 3.6634254 3.5817038 2.5695807 4.9219631 2.9174142 1.7604438 2.3071674 1.7853888 1.5723717 3.1013434 1.6108915 1.9882691 2.7947234 1.8303107 2.2280962 2.0411154 2.0492862 2.9393404 2.2333388 1.9208377 3.2675855 2.7448895 3.6047708 2.1759353 2.0466496 2.3479440 3.4562175 1.9932955 3.1669789 3.8510560 2.3012756 3.8364876 3.1404184 3.0355842 2.1816465 3.2525088 2.1911346 2.4719237 2.8681921 3.3010615 3.1761422 5.2612427 5.2571394 
Bralan_BLAG08000352_1                   2.3965351 2.4815612 2.4714716 2.5843792 2.5513441 2.4656187 1.6165386 1.0634680 2.0364145 1.5972053 1.9629777 0.0000000 1.2156293 1.2723575 1.6209123 1.3421359 2.4263455 2.5752547 1.3906509 2.2931364 2.5265684 2.7857183 1.8263702 3.4572724 2.3592978 1.3314683 1.3843410 1.6776392 1.3432687 2.8500578 1.6570092 1.7335692 2.5704106 1.7195051 1.9961931 1.9978160 2.1426456 2.5479832 1.9122373 1.7247553 2.7260547 2.3639017 2.8241271 1.6826087 1.9886932 2.0619035 2.8228314 2.0552912 2.5928602 3.1328775 1.8695154 3.0130826 2.5577656 2.4727016 1.6820437 2.6209767 1.6972900 2.0728270 2.2370066 2.4061375 2.2462734 4.4646967 4.2522123 
Hsap_ENST00000395728                    2.5165167 2.6190611 2.6283328 2.8695090 2.7777876 2.6927123 2.0733635 1.1174558 2.6731518 1.7886542 2.3148907 1.2156293 0.0000000 1.0403119 1.8415923 1.7109826 2.9261153 3.3572231 1.6184607 2.7371520 2.7337112 2.9381843 1.9751301 3.8875092 2.4970239 1.4354554 1.7068242 2.0392899 1.9252004 2.8446589 2.0504153 1.9914199 2.7679858 2.0558851 2.0978670 2.3178473 2.3588052 2.8135404 2.1110386 1.5676230 3.0184769 2.5688937 2.6149683 1.9205374 2.0171724 2.2408726 3.0638151 1.9875702 2.6687527 3.3176202 1.9879053 3.3031398 2.6479876 2.6575643 2.0748830 2.9938687 1.9431089 2.2511124 2.4791244 2.6662324 2.4538788 4.4570186 4.1420651 
Hsap_ENST00000460843                    2.5452330 2.6213298 2.6550217 2.9680692 2.8724771 2.6115135 1.9294574 1.2240070 2.5738090 1.6003160 2.2511992 1.2723575 1.0403119 0.0000000 1.7880776 1.5431800 2.7324770 2.9789860 1.4806533 2.7155329 2.6445462 2.9036731 1.4428782 3.3119579 2.6099616 1.4152925 1.6503252 1.8259614 1.6840742 2.9618536 1.9146104 1.9687129 2.7616384 1.9649158 2.1602663 2.3692981 2.4683204 3.0539454 2.2444267 1.6877038 3.1991959 2.7948412 2.8787231 1.8493165 1.8856363 2.1456677 3.1199265 2.0728245 2.7977552 3.2328413 1.8505394 3.2049708 2.5374254 2.6731916 1.9661463 2.6513377 1.8181671 2.4370714 2.4666210 2.8419228 2.8242318 4.2298634 3.9161466 
Spur_XM_030997990.1                     2.6772802 2.8004893 2.8155090 2.8957761 2.9255557 2.7576425 2.1654445 1.1285032 2.5738820 1.7560214 2.4201806 1.6209123 1.8415923 1.7880776 0.0000000 1.7642122 3.1388792 3.5344737 1.7806799 2.8507202 2.9771488 3.2156928 2.4765941 3.9135052 2.7377190 1.7375136 1.4331227 2.0252062 1.8876383 3.1841667 1.9208065 2.1319842 2.9366726 2.0960839 2.3835382 2.2364308 2.2934142 3.1599350 2.2213737 1.9360455 3.2594630 2.8931969 3.5834026 2.1282003 2.3019969 2.3147454 3.1538995 2.3004651 3.0046512 3.4348992 2.1381442 3.4353882 3.0301297 2.6937969 2.2956091 3.1813869 2.0613212 2.5112172 2.3833981 3.0127091 2.7842273 4.4335376 4.3971319 
Cscu_XM_023369097.1                     2.2544255 2.2821674 2.2849136 2.3337870 2.4018788 2.2032596 1.3387194 1.2079861 1.6727761 1.4473138 1.2673696 1.3421359 1.7109826 1.5431800 1.7642122 0.0000000 2.4714509 2.8588562 1.9392389 2.2319141 2.3905240 2.5446011 2.1480217 3.0514420 2.2593594 1.8763927 1.6055443 2.2844721 2.0150630 2.6971019 2.0322670 2.0466024 2.6381587 2.2544019 2.4056379 2.2580077 2.2301622 2.5421350 2.3350193 1.8068975 2.8183485 2.8089108 3.7230751 1.2896907 1.7001993 2.2010841 2.6720947 2.4493517 3.1388492 2.8433513 2.2016728 2.9848070 2.6615267 2.5023048 2.1106953 2.5077377 2.1166235 2.3330247 2.2612052 2.6321150 2.5045971 3.7995904 4.0113453 
Gasp_gasp1.m3.11471.m1                  2.7648941 2.9491221 2.9679300 3.0926731 3.0171916 3.3502681 3.1331411 1.5779653 3.1037586 1.7856280 3.5675731 2.4263455 2.9261153 2.7324770 3.1388792 2.4714509 0.0000000 0.3557025 0.4157519 0.7829346 1.0531079 1.1647962 0.4840453 0.5593442 1.5844386 1.0262820 2.5652778 1.7012998 1.4920033 2.8931363 1.9243087 2.2106543 2.7204737 2.4807062 2.4147484 2.7694763 3.1072060 2.8572309 2.3246022 2.1322359 3.0080823 2.6222734 2.8924914 2.9038314 2.8676157 2.7617562 2.9349993 1.7191546 2.7747417 3.3219335 1.9669608 3.0777951 3.1001114 2.3998728 2.2722302 2.9960861 2.0289383 2.1734488 2.3181474 2.8088956 3.0089143 4.6117628 4.4601122 
Fspp_ffun1.m4.21540.m1                  3.3078368 3.6786980 3.6795998 3.4043672 3.3519619 4.2197077 3.7638387 2.1727157 3.8009345 3.8084996 4.4035119 2.5752547 3.3572231 2.9789860 3.5344737 2.8588562 0.3557025 0.0000000 0.2858848 0.6494277 0.9985712 1.3012032 0.3918140 0.4641330 1.4421429 0.9572901 2.8360246 0.0000010 0.0000010 3.3853354 1.5248579 2.1541924 2.8085512 2.9377491 2.4576928 3.3879652 3.3879652 3.3132961 2.4295599 2.0611397 3.0101705 2.6732292 2.7353831 3.5738166 3.0736136 5.4975564 3.1316603 3.7024116 3.2065874 3.8465475 2.5665334 3.2495583 2.8870560 2.7394388 2.2631612 2.8477992 1.9063724 2.3271270 2.2571304 2.9774367 3.1387981 3.9718437 4.2108494 
Spis_XP_022803144_1                     2.1185408 1.9911845 2.0157955 2.2185676 2.1953914 2.0689688 1.7574382 1.6122939 1.8923528 1.7782868 1.9005271 1.3906509 1.6184607 1.4806533 1.7806799 1.9392389 0.4157519 0.2858848 0.0000000 0.3915507 0.4595076 0.4737050 0.4086418 0.0723584 0.8510528 0.9048183 1.6022897 1.7459127 1.5057142 2.0915284 1.7677253 1.9536539 2.0653277 2.0172587 2.0374525 2.3275125 2.3937081 2.2513276 2.1149411 2.3087560 1.9923693 1.9966832 2.6594044 1.6836321 2.0605744 2.8203266 1.5694126 1.6983882 2.1782815 2.1207341 2.0050282 1.5824622 2.1677644 1.6479768 1.7418091 1.7909030 1.5769953 1.9454563 1.5996219 1.9710051 2.0965480 2.2115618 2.6457799 
Gfas_gfas1.m1.16163.m1                  2.7366448 2.7329044 2.7087673 2.9989312 2.9687607 2.9659163 2.8797578 1.4998888 3.0355349 1.6288258 3.1490770 2.2931364 2.7371520 2.7155329 2.8507202 2.2319141 0.7829346 0.6494277 0.3915507 0.0000000 0.7896342 0.8199842 0.4302515 0.8717052 1.4142950 0.9021048 2.3601068 1.3040383 0.8385242 2.4166097 1.3777481 1.6425735 2.2350174 1.7021502 2.0396499 1.7384984 1.8870466 2.6089158 1.8618757 2.1697159 2.5314481 2.1785346 3.1349733 2.7994611 2.6651795 2.7065557 2.4981112 1.8137890 2.6868036 3.1010418 1.7532632 2.8537642 2.3376294 2.3729457 1.9644046 2.3566269 1.7299538 1.9119070 2.1684069 2.3648979 2.4050717 4.6901702 4.5911156 
Amil_Amillepora01191-RA                 2.9177444 2.8497131 2.8861883 3.2555154 3.1257680 2.9784684 3.2004667 1.5124058 3.4560134 1.9723477 3.6634254 2.5265684 2.7337112 2.6445462 2.9771488 2.3905240 1.0531079 0.9985712 0.4595076 0.7896342 0.0000000 0.0261321 0.0845293 1.2603192 1.7372125 0.9731121 2.6426130 1.3880193 1.4987531 2.6772365 1.5228589 1.9552580 2.5964810 1.9686853 2.3198467 2.2148088 2.4004905 2.9797922 2.1188537 2.3863446 3.3692758 2.5848234 3.5015414 3.0624508 2.8141157 2.3410810 2.8600128 1.9789293 2.9394496 3.4438253 1.8136662 3.0711729 2.8809827 2.5109929 2.1534738 3.0629880 1.7345808 2.0762208 2.2013345 2.5966427 2.6235668 4.9294789 4.9036680 
Amil_Amillepora01183-RA                 2.9179003 2.8149947 2.8703655 3.3564095 3.2398668 3.0059959 3.4176984 1.4266091 3.6796908 1.9569352 3.5817038 2.7857183 2.9381843 2.9036731 3.2156928 2.5446011 1.1647962 1.3012032 0.4737050 0.8199842 0.0261321 0.0000000 0.0845293 1.4713076 1.7889320 1.0370811 2.8365565 1.5811169 1.4987531 2.9262667 1.7014117 2.3030117 2.8652393 2.1053278 2.7053821 2.2917516 2.4817934 3.1228424 2.3657953 3.1074188 3.6359500 2.7488280 3.5015414 3.1680703 3.1228654 2.2439296 2.8951762 2.1938680 2.9654417 3.5296567 1.8880674 3.1015034 3.3229857 2.8419388 2.5295550 3.4391247 1.9622411 2.2927753 2.3343069 2.5867474 2.7024568 6.1319047 5.3518112 
Adig_XM_015909368.1                     2.8611429 3.0089937 3.0402865 3.2506787 3.0183624 3.0614355 2.8921164 0.7164869 3.1834868 5.1790553 2.5695807 1.8263702 1.9751301 1.4428782 2.4765941 2.1480217 0.4840453 0.3918140 0.4086418 0.4302515 0.0845293 0.0845293 0.0000000 0.3988239 1.1475894 1.2713142 1.8899944 0.4378718 0.4378718 3.1162508 0.4378718 2.2067879 2.7530143 2.0246062 3.0937287 3.6975835 3.6975835 3.3585184 3.0124302 3.0597889 3.6040794 3.1096125 3.4430727 2.3572911 2.9617290 4.8561182 1.7267834 1.6107237 3.0111824 2.6601562 2.2426880 1.7639145 2.4715368 2.5831761 3.1367861 2.3582340 2.2261981 2.4263910 1.7012450 2.6214878 2.6875066 3.2617697 2.6307579 
Pocdam_XM_027201235.1                   3.6972545 4.1200515 4.1657383 4.1206063 4.0119460 4.3408986 4.2749902 3.6112275 4.1581899 4.3501281 4.9219631 3.4572724 3.8875092 3.3119579 3.9135052 3.0514420 0.5593442 0.4641330 0.0723584 0.8717052 1.2603192 1.4713076 0.3988239 0.0000000 1.7937970 0.9256153 3.2598185 0.0000010 0.0000010 4.6293266 3.5633219 1.9969541 3.7788969 9.0000000 2.8285992 8.3584616 8.3584616 4.0642353 2.7295977 2.2119412 3.8150038 3.4457288 3.0599360 3.7426999 3.3888891 6.0394701 3.3795185 5.9318850 3.8739564 4.6352505 2.0463909 3.7146638 2.9949270 2.6634121 2.3220001 2.9522396 2.0154632 2.0777953 3.1365991 3.3836373 3.3658669 4.6994462 4.7180833 
Nvec_NVE16554                           2.4752875 2.6128280 2.6017728 2.7224957 2.6364869 2.5765509 2.7022915 1.5095516 3.1292849 2.1214908 2.9174142 2.3592978 2.4970239 2.6099616 2.7377190 2.2593594 1.5844386 1.4421429 0.8510528 1.4142950 1.7372125 1.7889320 1.1475894 1.7937970 0.0000000 0.5287062 2.2850009 1.5404998 1.3389662 2.3415559 1.4346528 1.7008437 2.2384559 1.7622430 2.0835706 1.9407572 2.0159069 2.4390416 1.9265147 1.8841086 2.4987493 2.1568832 2.8067243 2.7160768 2.9971641 2.4442273 2.8907601 2.0410610 2.8698686 3.3451874 2.1370118 2.9983179 2.4805105 2.2320847 1.9283781 2.4206757 1.6517959 1.9223667 2.1432267 2.4175178 2.5210688 4.6459570 4.5968615 
Exapal_XM_021051081.2                   2.0800851 1.9185988 1.9448819 2.1133968 2.0556926 1.8800740 1.5532892 1.5396196 1.8254579 1.6665828 1.7604438 1.3314683 1.4354554 1.4152925 1.7375136 1.8763927 1.0262820 0.9572901 0.9048183 0.9021048 0.9731121 1.0370811 1.2713142 0.9256153 0.5287062 0.0000000 1.5595128 1.5626655 1.3659546 1.9170197 1.4828091 1.6787961 1.8908558 1.7669035 1.8301890 1.9265573 1.9843478 1.8859634 1.9316875 1.9969818 1.9294959 1.9323786 2.6118846 1.5058914 1.9942853 2.4522011 1.6596979 1.7689758 2.3523106 2.3226216 2.3189554 1.8635199 2.0420924 1.6722717 1.5723855 1.8798119 1.6110580 2.0184324 1.6439477 1.9021919 2.0100926 2.6283863 2.9641515 
Skow_XM_006815111.1                     2.6552122 2.8704378 2.8183279 2.9326539 2.8402972 2.6807424 1.8172937 1.0789653 2.4648592 1.5311250 2.3071674 1.3843410 1.7068242 1.6503252 1.4331227 1.6055443 2.5652778 2.8360246 1.6022897 2.3601068 2.6426130 2.8365565 1.8899944 3.2598185 2.2850009 1.5595128 0.0000000 1.6147652 1.2324438 2.8536944 1.7177749 1.8347680 2.6679119 1.8924405 2.1731123 2.0140707 2.0961407 2.9013710 2.0089647 1.9304189 2.7710673 2.5349788 3.2886376 1.7361001 2.0893551 1.9931220 3.2402210 2.0817324 2.7075348 3.4971612 2.1017646 3.4296132 2.4515417 2.8242147 2.1054384 2.7911634 1.9359780 2.1684278 2.4699760 2.6306388 2.4744339 4.0278307 4.1246676 
Bolinf_Binf_sb1242465                   2.2056438 1.7575821 1.6918470 2.1637590 2.3030434 2.0872157 2.0167901 2.4217780 1.9054672 2.2291610 1.7853888 1.6776392 2.0392899 1.8259614 2.0252062 2.2844721 1.7012998 0.0000010 1.7459127 1.3040383 1.3880193 1.5811169 0.4378718 0.0000010 1.5404998 1.5626655 1.6147652 0.0000000 0.0000010 0.0487332 0.1267880 0.1267880 0.1483077 0.0698471 0.0698471 0.2673576 0.4094007 0.2545021 0.2886286 1.8116496 0.3907306 0.3907306 0.0000010 1.3148807 2.1244329 2.1483261 1.7555754 2.3036295 2.3170899 1.9625879 2.3807555 2.1856260 1.9654003 1.8785789 2.0145202 2.3087241 1.9622428 2.2550424 2.0039662 1.9622996 2.7288107 1.3918760 4.7656402 
Mertsp_Mesp_sb567369                    1.9532203 1.4942682 1.4329635 1.9100140 2.0943089 1.9554481 1.6996498 2.1275877 1.5195985 2.2291610 1.5723717 1.3432687 1.9252004 1.6840742 1.8876383 2.0150630 1.4920033 0.0000010 1.5057142 0.8385242 1.4987531 1.4987531 0.4378718 0.0000010 1.3389662 1.3659546 1.2324438 0.0000010 0.0000000 0.0531027 0.1162632 0.1162632 0.1570570 0.0444153 0.0444153 0.2110892 0.4043352 0.1951647 0.2393796 9.0000000 0.3724916 0.3724916 0.0000010 0.9475253 1.7018267 1.8243461 1.4130080 1.7491702 1.8716984 1.5137179 1.8308803 1.8828869 1.7069115 1.3717120 1.4213002 2.0036701 1.5073975 1.9364110 1.7505989 1.6394621 2.6758699 1.3918760 3.3320273 
Mlei_ML0627.g1.i1                       3.3058684 3.0153110 2.9689625 3.2430732 3.3814305 3.1255087 3.1738176 2.1750702 3.0197859 2.3072973 3.1013434 2.8500578 2.8446589 2.9618536 3.1841667 2.6971019 2.8931363 3.3853354 2.0915284 2.4166097 2.6772365 2.9262667 3.1162508 4.6293266 2.3415559 1.9170197 2.8536944 0.0487332 0.0531027 0.0000000 0.1263575 0.1370994 0.3251994 0.1264682 0.1482184 0.4046874 0.5634158 0.4824005 0.3374354 0.1691023 0.6845670 0.6489110 0.4260262 2.9592930 3.3451960 2.6043665 2.9875195 2.4088108 3.1880879 3.4108804 2.5341970 3.3543948 2.8313009 3.0317867 2.7078841 3.2595371 2.5132865 2.3912302 2.6008218 2.9060307 2.9696665 4.5847743 4.4588983 
Drygla_Dgla_sb299959                    1.9685028 1.7353524 1.7012741 2.0098500 1.9880337 1.9102862 1.9287696 2.0994600 1.9428555 2.0682124 1.6108915 1.6570092 2.0504153 1.9146104 1.9208065 2.0322670 1.9243087 1.5248579 1.7677253 1.3777481 1.5228589 1.7014117 0.4378718 3.5633219 1.4346528 1.4828091 1.7177749 0.1267880 0.1162632 0.1263575 0.0000000 0.0174026 0.1168643 0.0387250 0.0591448 0.1891317 0.3008522 0.2018493 0.2870027 1.9190166 0.2799520 0.2799520 0.0000010 1.4617149 2.2245241 2.1346321 1.8953347 2.2364478 2.2967486 2.0360657 2.2958017 2.2098144 2.0351849 2.0246438 1.9127560 2.1452650 1.8529439 2.2024522 1.8511072 2.0169704 2.6008791 3.0420669 4.7739614 
Drygla_Dgla_sb299955                    2.4364865 2.2136925 2.1863859 2.4154597 2.4328189 2.2661055 2.0843427 2.0787376 2.0363220 2.1789747 1.9882691 1.7335692 1.9914199 1.9687129 2.1319842 2.0466024 2.2106543 2.1541924 1.9536539 1.6425735 1.9552580 2.3030117 2.2067879 1.9969541 1.7008437 1.6787961 1.8347680 0.1267880 0.1162632 0.1370994 0.0174026 0.0000000 0.2005400 0.1100834 0.1114412 0.2982000 0.4292785 0.3472612 0.4083203 0.0256249 0.3841306 0.3832531 0.5753353 1.7780841 2.2604634 2.5680578 2.2039507 2.2455409 2.5560752 2.4338414 2.5674131 2.5768572 2.3480036 2.1452155 2.1688645 2.2828255 2.0856265 2.4579759 1.9789741 2.3173721 2.4693708 2.3081528 2.6452966 
Lampan_Lpan_15225_01                    3.2152221 3.0256778 2.9985123 3.2155193 3.2498442 3.0770219 2.9157516 2.1204765 2.8374330 2.0863868 2.7947234 2.5704106 2.7679858 2.7616384 2.9366726 2.6381587 2.7204737 2.8085512 2.0653277 2.2350174 2.5964810 2.8652393 2.7530143 3.7788969 2.2384559 1.8908558 2.6679119 0.1483077 0.1570570 0.3251994 0.1168643 0.2005400 0.0000000 0.1816495 0.2023055 0.4061235 0.5593671 0.4495585 0.3298243 0.3406619 0.7078242 0.6890728 0.4251347 2.7255482 2.9954879 2.8466641 2.8007639 2.3708902 3.0012239 3.2321723 2.5109399 3.1725408 2.9468622 2.8955883 2.5529488 3.0649487 2.3945781 2.5174003 2.4927834 2.8660140 3.0051532 4.2530527 3.9928715 
Beraby_Baby_sb346969                    2.4314819 2.2616066 2.2643532 2.5501897 2.5829214 2.2383039 2.1262593 1.8370303 2.1585235 1.6808370 1.8303107 1.7195051 2.0558851 1.9649158 2.0960839 2.2544019 2.4807062 2.9377491 2.0172587 1.7021502 1.9686853 2.1053278 2.0246062 9.0000000 1.7622430 1.7669035 1.8924405 0.0698471 0.0444153 0.1264682 0.0387250 0.1100834 0.1816495 0.0000000 0.0629396 0.3110323 0.4055271 0.3155500 0.3327863 1.1184144 0.3449656 0.3505875 1.6697878 1.7741448 2.3983016 2.1746106 2.1482812 2.0897829 2.6267496 2.5302636 2.5771816 2.3855954 2.5410797 2.3340276 2.3238939 2.4371427 2.1302257 2.3746106 2.2405119 2.0983244 2.3031906 8.9999983 6.4960633 
Beraby_Baby_sb346968                    2.7588630 2.6599305 2.6603740 2.8077303 2.8516595 2.5331331 2.3771071 1.8446118 2.3215067 1.6808370 2.2280962 1.9961931 2.0978670 2.1602663 2.3835382 2.4056379 2.4147484 2.4576928 2.0374525 2.0396499 2.3198467 2.7053821 3.0937287 2.8285992 2.0835706 1.8301890 2.1731123 0.0698471 0.0444153 0.1482184 0.0591448 0.1114412 0.2023055 0.0629396 0.0000000 0.3758481 0.4754290 0.3620117 0.3239223 0.1828460 0.4690088 0.4717406 0.3838128 2.2000493 2.5573688 2.6309233 2.3144746 2.2725189 2.7665132 2.6885168 2.5059755 2.6402344 2.4691057 2.5136774 2.6202920 2.7801799 2.4634193 2.4910077 2.2776141 2.5292369 2.4568209 3.0325009 3.3242382 
Coeast_Cast_sb777717                    2.3294407 2.0611144 2.0638711 2.3118813 2.3653172 2.2129428 2.3818336 2.1550627 2.4501397 2.1402050 2.0411154 1.9978160 2.3178473 2.3692981 2.2364308 2.2580077 2.7694763 3.3879652 2.3275125 1.7384984 2.2148088 2.2917516 3.6975835 8.3584616 1.9407572 1.9265573 2.0140707 0.2673576 0.2110892 0.4046874 0.1891317 0.2982000 0.4061235 0.3110323 0.3758481 0.0000000 0.0531887 0.1606319 0.3722852 2.0427679 0.5845292 0.5761755 1.9578808 2.0170017 2.5253253 2.3241097 2.2890692 2.3905175 3.0405549 2.9532039 2.7952231 2.5444956 2.7790333 2.5304199 2.4330088 2.6093387 2.2047107 2.8272215 2.5114118 2.3860395 3.0549541 8.9999989 6.8978360 
Coeast_Cast_sb777718                    2.2744181 1.9813943 1.9846086 2.1757556 2.3158303 2.2558195 2.3598983 2.0935033 2.5049480 2.2294618 2.0492862 2.1426456 2.3588052 2.4683204 2.2934142 2.2301622 3.1072060 3.3879652 2.3937081 1.8870466 2.4004905 2.4817934 3.6975835 8.3584616 2.0159069 1.9843478 2.0961407 0.4094007 0.4043352 0.5634158 0.3008522 0.4292785 0.5593671 0.4055271 0.4754290 0.0531887 0.0000000 0.2820281 0.4970843 2.0427679 0.7036336 0.6929316 1.9578808 2.1204092 2.5564547 2.3953166 2.3326383 2.2275939 2.9766695 3.0013550 2.8401068 2.5162194 2.7445022 2.7407619 2.4219844 2.3248179 2.3590927 2.9363583 2.4576243 2.4593050 3.1964939 8.9999981 6.8978360 
Coemet_Cmet_scaffold12765_01            3.2281365 3.0785581 3.0586788 3.3048042 3.3755358 3.1615726 3.1918264 1.9922510 3.2304550 2.4620305 2.9393404 2.5479832 2.8135404 3.0539454 3.1599350 2.5421350 2.8572309 3.3132961 2.2513276 2.6089158 2.9797922 3.1228424 3.3585184 4.0642353 2.4390416 1.8859634 2.9013710 0.2545021 0.1951647 0.4824005 0.2018493 0.3472612 0.4495585 0.3155500 0.3620117 0.1606319 0.2820281 0.0000000 0.2429339 0.5106060 0.8452565 0.7472733 0.4082032 3.0845778 3.2397417 2.9191745 3.1112584 2.5195297 3.3421550 3.5761271 2.6632005 3.4760558 3.1260411 2.9986827 2.6736067 3.2152091 2.4998149 2.8593679 2.9298853 2.8780573 3.0163898 4.6906274 4.2129877 
Vmul_Simscaffold15938_01                2.5435235 2.4739732 2.4494720 2.5736928 2.6321429 2.4247195 2.2611705 2.1176252 2.4289510 2.1133541 2.2333388 1.9122373 2.1110386 2.2444267 2.2213737 2.3350193 2.3246022 2.4295599 2.1149411 1.8618757 2.1188537 2.3657953 3.0124302 2.7295977 1.9265147 1.9316875 2.0089647 0.2886286 0.2393796 0.3374354 0.2870027 0.4083203 0.3298243 0.3327863 0.3239223 0.3722852 0.4970843 0.2429339 0.0000000 0.4935839 0.5659375 0.5687280 0.0000010 1.9950893 2.4877891 2.8228317 2.3162918 2.3910852 2.5735463 2.4559510 2.7186398 2.4333138 2.5498249 2.3666477 2.6059749 2.7261679 2.4062504 2.6264559 2.3294903 2.3581245 2.4969701 2.5275843 2.7042023 
Drygla_Dgla_sb299961                    2.7149420 2.7219704 2.7023202 2.4814003 2.5565586 2.5253041 1.8336951 2.5706623 2.1517727 0.0000010 1.9208377 1.7247553 1.5676230 1.6877038 1.9360455 1.8068975 2.1322359 2.0611397 2.3087560 2.1697159 2.3863446 3.1074188 3.0597889 2.2119412 1.8841086 1.9969818 1.9304189 1.8116496 9.0000000 0.1691023 1.9190166 0.0256249 0.3406619 1.1184144 0.1828460 2.0427679 2.0427679 0.5106060 0.4935839 0.0000000 0.7733217 0.7741017 0.4182176 1.7999134 1.9424962 7.1588149 1.9050536 7.4670090 2.6933648 2.9006011 2.7827793 2.2052323 2.2147118 2.4915680 2.5431400 2.6713048 2.6204029 2.5429447 2.2223215 2.6604761 2.6604761 2.5614500 2.6549593 
Pbac_sb2643079                          3.0600291 3.0427731 3.0644027 3.2693592 3.2893467 3.1160680 3.1892965 2.1181838 3.1148532 3.0397200 3.2675855 2.7260547 3.0184769 3.1991959 3.2594630 2.8183485 3.0080823 3.0101705 1.9923693 2.5314481 3.3692758 3.6359500 3.6040794 3.8150038 2.4987493 1.9294959 2.7710673 0.3907306 0.3724916 0.6845670 0.2799520 0.3841306 0.7078242 0.3449656 0.4690088 0.5845292 0.7036336 0.8452565 0.5659375 0.7733217 0.0000000 0.0209303 0.8668650 3.0621033 3.1404996 3.0398565 3.1581802 2.5403271 3.0643388 3.2400557 2.3723650 3.5290671 2.5628442 2.6452347 2.4502923 3.0402055 2.3101595 2.4396563 3.1911708 2.7897356 2.9156018 4.0781661 3.7556572 
Horcal_Hcv1.av93.c9.g187.i2             3.0442019 2.8983771 2.9075214 3.0947412 3.1316081 2.9703057 2.7204326 2.1181838 2.6510610 2.4014513 2.7448895 2.3639017 2.5688937 2.7948412 2.8931969 2.8089108 2.6222734 2.6732292 1.9966832 2.1785346 2.5848234 2.7488280 3.1096125 3.4457288 2.1568832 1.9323786 2.5349788 0.3907306 0.3724916 0.6489110 0.2799520 0.3832531 0.6890728 0.3505875 0.4717406 0.5761755 0.6929316 0.7472733 0.5687280 0.7741017 0.0209303 0.0000000 0.8750071 2.5215664 2.9172631 3.0202519 2.7666196 2.4446624 2.9582986 2.7665930 2.3723650 3.0968182 2.4936259 2.3871540 2.4708897 2.7270240 2.3175393 2.4600686 2.5616901 2.5648433 2.7096402 3.2270925 3.5568293 
Vmul_sbMO399870                         3.3234584 3.9236540 3.9044169 3.4693091 3.3474613 3.3510425 3.7754551 0.0000010 3.9794680 0.0000010 3.6047708 2.8241271 2.6149683 2.8787231 3.5834026 3.7230751 2.8924914 2.7353831 2.6594044 3.1349733 3.5015414 3.5015414 3.4430727 3.0599360 2.8067243 2.6118846 3.2886376 0.0000010 0.0000010 0.4260262 0.0000010 0.5753353 0.4251347 1.6697878 0.3838128 1.9578808 1.9578808 0.4082032 0.0000010 0.4182176 0.8668650 0.8750071 0.0000000 3.1288363 3.8200027 6.9596037 2.9692056 8.9999982 3.3743293 3.3644890 4.2370980 2.6986858 2.5417329 3.6446465 3.8859211 3.9675290 3.5431377 2.9022397 3.3004185 3.7167032 3.1349704 3.3669715 2.9700143 
Acagra_model.g20784.t1                  2.6159802 2.8421636 2.8486237 2.9445773 2.9086456 2.7121258 1.0435791 0.6198047 2.2861628 1.3549347 2.1759353 1.6826087 1.9205374 1.8493165 2.1282003 1.2896907 2.9038314 3.5738166 1.6836321 2.7994611 3.0624508 3.1680703 2.3572911 3.7426999 2.7160768 1.5058914 1.7361001 1.3148807 0.9475253 2.9592930 1.4617149 1.7780841 2.7255482 1.7741448 2.2000493 2.0170017 2.1204092 3.0845778 1.9950893 1.7999134 3.0621033 2.5215664 3.1288363 0.0000000 2.1320908 2.3598970 3.4417415 2.1079405 3.2447853 3.7869788 2.1519810 3.5606860 2.6937802 2.7769222 2.0573203 2.8460979 2.0376735 2.3061330 2.6219838 2.7980966 2.5930067 5.1420288 4.8985009 
Tcas_TC011127_001                       2.7816826 2.6774377 2.7205683 2.8475925 2.8194295 2.9386838 2.0868057 1.2767663 1.8081454 1.3200039 2.0466496 1.9886932 2.0171724 1.8856363 2.3019969 1.7001993 2.8676157 3.0736136 2.0605744 2.6651795 2.8141157 3.1228654 2.9617290 3.3888891 2.9971641 1.9942853 2.0893551 2.1244329 1.7018267 3.3451960 2.2245241 2.2604634 2.9954879 2.3983016 2.5573688 2.5253253 2.5564547 3.2397417 2.4877891 1.9424962 3.1404996 2.9172631 3.8200027 2.1320908 0.0000000 2.4257814 3.2384885 2.3047938 3.4268179 3.7382776 2.0469020 2.9833829 2.6972476 3.0271145 2.3531399 3.1609158 2.3418648 2.4450194 2.5380855 3.0185964 2.9685464 4.2083944 4.7804956 
Skow_XM_006817782.1                     2.8889481 2.7506989 2.8025469 3.0432779 3.1186520 2.9648667 2.3199921 1.7695888 2.6017335 1.3357427 2.3479440 2.0619035 2.2408726 2.1456677 2.3147454 2.2010841 2.7617562 5.4975564 2.8203266 2.7065557 2.3410810 2.2439296 4.8561182 6.0394701 2.4442273 2.4522011 1.9931220 2.1483261 1.8243461 2.6043665 2.1346321 2.5680578 2.8466641 2.1746106 2.6309233 2.3241097 2.3953166 2.9191745 2.8228317 7.1588149 3.0398565 3.0202519 6.9596037 2.3598970 2.4257814 0.0000000 2.5090638 1.9714457 2.8285755 2.8498021 2.4247711 2.7609194 3.0889465 2.8693003 2.8776270 3.5003939 2.7798766 3.1691552 2.8538068 2.5963494 2.8621099 8.6502982 8.9999989 
Dgig_XM_028552464.1                     2.8207513 2.9860824 3.0061902 3.0171773 3.0994290 3.1232236 3.1837438 1.8170031 3.1499381 2.2430866 3.4562175 2.8228314 3.0638151 3.1199265 3.1538995 2.6720947 2.9349993 3.1316603 1.5694126 2.4981112 2.8600128 2.8951762 1.7267834 3.3795185 2.8907601 1.6596979 3.2402210 1.7555754 1.4130080 2.9875195 1.8953347 2.2039507 2.8007639 2.1482812 2.3144746 2.2890692 2.3326383 3.1112584 2.3162918 1.9050536 3.1581802 2.7666196 2.9692056 3.4417415 3.2384885 2.5090638 0.0000000 2.0993008 3.2480692 3.5662509 2.0014194 1.1670734 2.8071619 2.7239315 2.3500150 3.1442366 2.1969757 2.3096535 2.5857748 2.3558275 2.3180723 4.7203536 4.8734600 
Leuniv_Lniv_scaffold5354_01             2.3984512 2.0308652 2.0491016 2.3860171 2.4448762 2.3113465 2.4015242 2.0486434 2.3820419 2.3249339 1.9932955 2.0552912 1.9875702 2.0728245 2.3004651 2.4493517 1.7191546 3.7024116 1.6983882 1.8137890 1.9789293 2.1938680 1.6107237 5.9318850 2.0410610 1.7689758 2.0817324 2.3036295 1.7491702 2.4088108 2.2364478 2.2455409 2.3708902 2.0897829 2.2725189 2.3905175 2.2275939 2.5195297 2.3910852 7.4670090 2.5403271 2.4446624 8.9999982 2.1079405 2.3047938 1.9714457 2.0993008 0.0000000 0.4185074 0.5143551 1.2930541 2.0833401 1.8807948 1.8919593 1.5471429 1.9547115 1.6650837 1.7842788 2.0060578 1.8163146 2.2192357 6.0636279 3.4025510 
Gracom_Gcom_scaffold18804_01            2.9847680 2.8893330 2.9056642 3.0731699 3.1797287 3.0585803 3.1865606 1.9750587 3.0378239 2.5356882 3.1669789 2.5928602 2.6687527 2.7977552 3.0046512 3.1388492 2.7747417 3.2065874 2.1782815 2.6868036 2.9394496 2.9654417 3.0111824 3.8739564 2.8698686 2.3523106 2.7075348 2.3170899 1.8716984 3.1880879 2.2967486 2.5560752 3.0012239 2.6267496 2.7665132 3.0405549 2.9766695 3.3421550 2.5735463 2.6933648 3.0643388 2.9582986 3.3743293 3.2447853 3.4268179 2.8285755 3.2480692 0.4185074 0.0000000 0.7643955 1.4227828 3.2000406 2.5118293 2.8942238 2.5306471 3.0258869 2.4910459 2.3132137 2.5790682 2.3431788 2.3306455 1.2150292 1.3757376 
Lcom_lcpid5512                          3.3420904 3.5003587 3.5221962 3.7498298 3.8055477 3.5957550 3.4581068 1.7608824 3.7454589 2.9584794 3.8510560 3.1328775 3.3176202 3.2328413 3.4348992 2.8433513 3.3219335 3.8465475 2.1207341 3.1010418 3.4438253 3.5296567 2.6601562 4.6352505 3.3451874 2.3226216 3.4971612 1.9625879 1.5137179 3.4108804 2.0360657 2.4338414 3.2321723 2.5302636 2.6885168 2.9532039 3.0013550 3.5761271 2.4559510 2.9006011 3.2400557 2.7665930 3.3644890 3.7869788 3.7382776 2.8498021 3.5662509 0.5143551 0.7643955 0.0000000 1.3364123 4.1707759 3.0082542 3.5071623 2.3895813 3.5765906 2.4107300 2.2709430 2.7852569 2.7533289 2.8678301 1.8482784 1.7832517 
Clacor_Ccor_scaffold11350_01            2.3646922 2.1480851 2.1484008 2.3303080 2.3349465 2.2986760 2.0357655 1.5933235 2.0650017 1.7924263 2.3012756 1.8695154 1.9879053 1.8505394 2.1381442 2.2016728 1.9669608 2.5665334 2.0050282 1.7532632 1.8136662 1.8880674 2.2426880 2.0463909 2.1370118 2.3189554 2.1017646 2.3807555 1.8308803 2.5341970 2.2958017 2.5674131 2.5109399 2.5771816 2.5059755 2.7952231 2.8401068 2.6632005 2.7186398 2.7827793 2.3723650 2.3723650 4.2370980 2.1519810 2.0469020 2.4247711 2.0014194 1.2930541 1.4227828 1.3364123 0.0000000 2.0495032 2.8551353 1.9847728 1.9685125 2.2158781 1.8944127 2.3463155 2.1936847 2.4754119 2.5400175 1.4154863 2.5585804 
Xesp_008266-T1                          3.0526471 3.0948375 3.0780834 3.2972273 3.3191589 3.3327948 3.5334435 2.0207603 3.6187724 2.8717406 3.8364876 3.0130826 3.3031398 3.2049708 3.4353882 2.9848070 3.0777951 3.2495583 1.5824622 2.8537642 3.0711729 3.1015034 1.7639145 3.7146638 2.9983179 1.8635199 3.4296132 2.1856260 1.8828869 3.3543948 2.2098144 2.5768572 3.1725408 2.3855954 2.6402344 2.5444956 2.5162194 3.4760558 2.4333138 2.2052323 3.5290671 3.0968182 2.6986858 3.5606860 2.9833829 2.7609194 1.1670734 2.0833401 3.2000406 4.1707759 2.0495032 0.0000000 2.9127113 2.7448903 2.2982959 3.2957101 2.1964018 2.3194031 2.5314182 2.7344580 2.7868188 5.3207687 5.4730296 
Hvul_g8130_1                            2.6573781 2.6812055 2.6788136 2.8151886 2.7624646 2.4878726 2.8590043 2.1913063 3.0466377 4.1446900 3.1404184 2.5577656 2.6479876 2.5374254 3.0301297 2.6615267 3.1001114 2.8870560 2.1677644 2.3376294 2.8809827 3.3229857 2.4715368 2.9949270 2.4805105 2.0420924 2.4515417 1.9654003 1.7069115 2.8313009 2.0351849 2.3480036 2.9468622 2.5410797 2.4691057 2.7790333 2.7445022 3.1260411 2.5498249 2.2147118 2.5628442 2.4936259 2.5417329 2.6937802 2.6972476 3.0889465 2.8071619 1.8807948 2.5118293 3.0082542 2.8551353 2.9127113 0.0000000 1.8761712 1.4633068 1.8905271 1.4819302 0.6939595 2.7548491 2.7402854 2.6176397 3.7362530 3.4535798 
Sanmal_Sma_022114-T1                    2.9059757 2.9837315 2.9858908 3.1112391 3.0432253 2.8265790 2.8649690 1.7809973 3.1566792 1.9084371 3.0355842 2.4727016 2.6575643 2.6731916 2.6937969 2.5023048 2.3998728 2.7394388 1.6479768 2.3729457 2.5109929 2.8419388 2.5831761 2.6634121 2.2320847 1.6722717 2.8242147 1.8785789 1.3717120 3.0317867 2.0246438 2.1452155 2.8955883 2.3340276 2.5136774 2.5304199 2.7407619 2.9986827 2.3666477 2.4915680 2.6452347 2.3871540 3.6446465 2.7769222 3.0271145 2.8693003 2.7239315 1.8919593 2.8942238 3.5071623 1.9847728 2.7448903 1.8761712 0.0000000 0.6629971 0.8760486 0.4972741 1.4569578 2.4697519 2.7097943 2.9324768 3.7176095 4.3139421 
Aaur_scaffold758.g8.t6                  2.5872199 2.4400187 2.4446118 2.6430021 2.5223588 2.5424630 2.0151152 1.6885173 2.4508955 1.7411894 2.1816465 1.6820437 2.0748830 1.9661463 2.2956091 2.1106953 2.2722302 2.2631612 1.7418091 1.9644046 2.1534738 2.5295550 3.1367861 2.3220001 1.9283781 1.5723855 2.1054384 2.0145202 1.4213002 2.7078841 1.9127560 2.1688645 2.5529488 2.3238939 2.6202920 2.4330088 2.4219844 2.6736067 2.6059749 2.5431400 2.4502923 2.4708897 3.8859211 2.0573203 2.3531399 2.8776270 2.3500150 1.5471429 2.5306471 2.3895813 1.9685125 2.2982959 1.4633068 0.6629971 0.0000000 0.3950143 0.4092001 1.2801606 2.2965343 2.5331129 2.3891879 3.0697063 3.6717733 
Rhoesc_Res_015772-T2                    2.9260439 3.0599623 3.0557927 3.2167137 3.0874371 2.9555295 2.9735574 2.1457406 3.3844530 3.4587850 3.2525088 2.6209767 2.9938687 2.6513377 3.1813869 2.5077377 2.9960861 2.8477992 1.7909030 2.3566269 3.0629880 3.4391247 2.3582340 2.9522396 2.4206757 1.8798119 2.7911634 2.3087241 2.0036701 3.2595371 2.1452650 2.2828255 3.0649487 2.4371427 2.7801799 2.6093387 2.3248179 3.2152091 2.7261679 2.6713048 3.0402055 2.7270240 3.9675290 2.8460979 3.1609158 3.5003939 3.1442366 1.9547115 3.0258869 3.5765906 2.2158781 3.2957101 1.8905271 0.8760486 0.3950143 0.0000000 0.2194159 1.5780234 2.6530040 3.0613968 3.2302283 4.6339933 4.0650467 
Nemnom_g5409.t1                         2.3807940 2.5336317 2.5303923 2.5627693 2.4475677 2.4147410 2.0641511 1.7795475 2.4598727 1.8486487 2.1911346 1.6972900 1.9431089 1.8181671 2.0613212 2.1166235 2.0289383 1.9063724 1.5769953 1.7299538 1.7345808 1.9622411 2.2261981 2.0154632 1.6517959 1.6110580 1.9359780 1.9622428 1.5073975 2.5132865 1.8529439 2.0856265 2.3945781 2.1302257 2.4634193 2.2047107 2.3590927 2.4998149 2.4062504 2.6204029 2.3101595 2.3175393 3.5431377 2.0376735 2.3418648 2.7798766 2.1969757 1.6650837 2.4910459 2.4107300 1.8944127 2.1964018 1.4819302 0.4972741 0.4092001 0.2194159 0.0000000 1.3317830 2.3047366 2.4408182 2.3583721 3.1066040 3.2585135 
Chem_TCONS_00004894                     2.5827224 2.4547651 2.4572333 2.7244889 2.6466952 2.4658312 2.5075891 2.1382676 2.5869083 2.7361053 2.4719237 2.0728270 2.2511124 2.4370714 2.5112172 2.3330247 2.1734488 2.3271270 1.9454563 1.9119070 2.0762208 2.2927753 2.4263910 2.0777953 1.9223667 2.0184324 2.1684278 2.2550424 1.9364110 2.3912302 2.2024522 2.4579759 2.5174003 2.3746106 2.4910077 2.8272215 2.9363583 2.8593679 2.6264559 2.5429447 2.4396563 2.4600686 2.9022397 2.3061330 2.4450194 3.1691552 2.3096535 1.7842788 2.3132137 2.2709430 2.3463155 2.3194031 0.6939595 1.4569578 1.2801606 1.5780234 1.3317830 0.0000000 2.3964978 2.4806464 2.5070921 2.6665202 3.3429616 
Plajan_Pjan_C570846_01                  2.4825560 2.4224908 2.4212422 2.5852518 2.5730099 2.3455608 2.7534235 1.8584196 2.8505183 2.5741414 2.8681921 2.2370066 2.4791244 2.4666210 2.3833981 2.2612052 2.3181474 2.2571304 1.5996219 2.1684069 2.2013345 2.3343069 1.7012450 3.1365991 2.1432267 1.6439477 2.4699760 2.0039662 1.7505989 2.6008218 1.8511072 1.9789741 2.4927834 2.2405119 2.2776141 2.5114118 2.4576243 2.9298853 2.3294903 2.2223215 3.1911708 2.5616901 3.3004185 2.6219838 2.5380855 2.8538068 2.5857748 2.0060578 2.5790682 2.7852569 2.1936847 2.5314182 2.7548491 2.4697519 2.2965343 2.6530040 2.3047366 2.3964978 0.0000000 2.2294589 2.1202584 4.2348605 3.7855733 
