65
Cscu_XM_023375701.1                                    0.0000000 0.7528511 0.4203741 0.4892344 0.4529520 0.3986038 0.6654690 5.7183619 4.3559949 6.0478746 3.1928226 4.9833026 5.0650440 4.0304098 4.2018761 3.6922439 3.6236964 3.8881727 3.8064405 4.1755820 4.3775323 4.1711138 4.0389069 4.2791622 5.5670219 6.7956217 4.1503251 4.3105550 5.4605762 4.2759753 6.0297908 6.4309120 5.3870735 5.3214858 4.3141357 4.4910662 5.2470063 4.4157952 4.2733141 4.0123854 4.1376724 5.1602762 4.5489689 4.6845226 7.1120331 4.3971432 5.4423653 3.8147202 4.7516558 4.1229843 4.1835640 3.9630487 4.4194431 5.0123390 4.0411435 3.6871451 5.4089987 5.7644835 5.3089837 4.0337444 3.6209114 5.5507160 4.1457798 5.3106502 5.4742445 
Cscu_XM_023360944.1                                    0.7528511 0.0000000 0.3505918 0.3408195 0.3130238 0.2599178 0.4319676 5.4846095 4.7601811 5.0106451 3.3391162 4.9490964 4.4674340 3.5859943 3.8089927 3.7654108 3.6596607 4.6402814 4.4471936 4.5305648 4.7256794 4.4577034 4.0313231 4.4218946 4.4713612 5.8522880 4.0366209 4.1024758 6.1042753 4.5994062 5.9622500 6.2814256 5.9316382 5.4840470 5.2275701 5.0200086 5.6593841 4.4363545 4.9718499 5.0936761 4.8626793 5.6640751 6.1153308 5.5334858 6.6638137 4.7167137 5.3220865 3.5003337 4.9725107 3.8778253 3.9709142 3.3297102 4.8552685 5.3580159 4.2769196 3.9922420 6.0191782 5.6361054 5.2107399 4.5721363 4.6198333 4.4423271 4.8295743 5.4800706 5.3475027 
Cscu_XM_023369584.1                                    0.4203741 0.3505918 0.0000000 0.0000010 0.1173242 0.1020120 0.1405609 3.9297192 3.7477073 3.8556967 3.4477805 2.9645299 3.0370703 2.9036799 3.7385023 3.2954058 3.1439230 3.1721145 3.1309110 3.1029074 3.1029074 2.8224469 2.8224469 3.2106431 3.5781232 4.4217639 3.7230722 3.7201044 4.0790810 3.4800018 3.8574037 4.1416530 4.1257008 4.3338256 3.4622319 3.3982463 3.6182707 2.9708438 3.2986590 3.3445908 3.0821828 3.9619026 4.0081231 3.2255565 5.2834675 3.7395692 3.4287222 3.0839354 3.1575862 3.2134482 3.2134482 3.3759433 3.6150709 3.8679677 4.0610236 3.6441955 4.4266088 3.7598160 3.7598160 3.3739783 3.0148072 3.0791253 3.5475968 4.3322472 4.3994664 
Cscu_XM_023376360.1                                    0.4892344 0.3408195 0.0000010 0.0000000 0.1173242 0.1020120 0.1405609 3.9770983 3.7277488 3.5527064 4.0855893 3.3029961 2.7332239 2.5795579 3.9902683 2.8424522 3.1584413 3.5175006 3.5293495 3.4619735 3.4619735 3.2489479 3.2489479 3.7335481 3.4503840 4.8005029 3.8699248 4.0248079 4.5802300 3.1746873 4.0522898 4.8194017 4.7305753 4.8537573 3.5098241 3.4620642 3.6641847 3.1705556 3.1472024 3.9761968 3.5097471 5.1080402 5.2632806 3.3174701 4.9891329 4.3357935 4.0497515 3.5164743 3.5642999 3.2412036 3.2412036 3.2412036 4.2715235 4.4495851 4.8947023 4.1981449 5.2783975 4.4341256 4.4341256 4.2319031 3.6235945 3.1596652 3.4540555 4.6711159 4.7771997 
Cscu_XM_023383076.1                                    0.4529520 0.3130238 0.1173242 0.1173242 0.0000000 0.0266457 0.1760154 3.6541776 3.8990664 3.4525443 3.9192334 3.1850183 2.5337596 2.4675285 3.7398186 3.1619738 3.0795700 3.3085480 3.3195215 3.1886745 3.1886745 3.1502302 3.1502302 3.4138605 3.4682150 5.7297355 3.6400649 3.7839558 4.2206971 3.0963205 3.9171017 4.3965789 4.3141967 4.4300314 3.4100651 3.3648994 3.5542164 3.0726453 3.0690674 3.7684619 3.4320132 4.6879135 4.8215825 3.2309451 4.6810774 4.1808776 3.8403128 3.3572161 3.3980877 3.2769688 3.2769688 3.2769688 4.0878124 4.2281256 4.4151886 3.9546179 4.9690516 4.0818446 4.0818446 4.0206877 3.9351755 3.0959737 3.3763576 4.3463031 4.4428487 
Cscu_XM_023384726.1                                    0.3986038 0.2599178 0.1020120 0.1020120 0.0266457 0.0000000 0.1589007 3.4370418 3.6217657 3.2499795 3.6942565 3.0001595 2.3813461 2.3188949 3.5149954 2.9442739 2.8963153 3.1106976 3.1211482 2.9978857 2.9978857 3.0068856 3.0068856 3.2086548 3.1724483 5.6619074 3.4233249 3.5619812 3.9693595 2.9156454 3.6856509 4.1343976 4.0544026 4.1679810 3.2057661 3.1626797 3.3402324 2.8532907 2.8869384 3.5986160 3.1845353 4.4100486 4.5329917 3.0414956 4.4010754 3.9371994 3.6504117 3.1916406 3.2311936 2.9520842 2.9520842 2.9520842 3.8930036 4.0363843 4.3888500 3.7628412 4.6280404 3.8326150 3.8326150 3.7833555 3.6761402 2.9558152 3.2264308 4.2017850 4.2960539 
Cscu_XM_023356760.1                                    0.6654690 0.4319676 0.1405609 0.1405609 0.1760154 0.1589007 0.0000000 4.8777889 5.2635081 4.3877803 4.7207448 4.0017861 3.5522790 3.0623321 4.9642137 4.0610679 4.1249748 4.3238878 4.3390332 4.1581798 4.1581798 4.0891675 4.0891675 4.4787610 4.5260353 7.5010456 4.8103046 4.9849787 5.3144577 4.1231036 4.6049369 5.5143077 5.4234205 5.5471398 4.4654206 4.4087921 4.6672430 3.9457821 4.0633439 4.8585559 4.2976823 6.4985018 6.6931922 4.3056192 5.9733473 5.1339481 4.8615569 4.2120167 4.2611716 3.9150179 3.9150179 3.9150179 4.8350251 5.4719127 5.9279828 5.4114173 6.3200368 5.5113396 5.5113396 5.2457997 5.0265784 3.5902493 4.5863736 5.4462019 5.5532419 
Cscu_XM_023381759.1                                    5.7183619 5.4846095 3.9297192 3.9770983 3.6541776 3.4370418 4.8777889 0.0000000 0.0688566 0.7844601 0.6478987 0.8930172 0.7287483 0.6903113 0.6484900 0.9576192 1.0028107 1.0264678 1.0330333 0.9811377 1.0319616 1.0300714 0.9363325 1.0895946 1.0666856 1.5645125 1.7941161 1.6717726 1.1898162 1.0836507 1.4103506 1.2376916 1.3621884 1.2763496 1.2580760 1.3883343 1.5687969 1.0831304 1.2732945 1.0992561 1.3036348 1.2940095 1.3011274 1.3955402 1.2334267 1.3123095 1.7842793 1.2768629 1.6872031 1.1840962 1.2999290 0.9604824 1.5010075 1.5652827 1.2311443 1.4949290 1.5352349 1.5526918 1.3813197 1.9357815 2.1523860 2.0270222 1.9492263 2.2442022 2.2609336 
Cscu_XM_023357948.1                                    4.3559949 4.7601811 3.7477073 3.7277488 3.8990664 3.6217657 5.2635081 0.0688566 0.0000000 0.7211120 0.5680021 0.5580736 0.5686155 0.7079003 0.5553922 0.7924162 0.7996193 0.9993430 1.0009172 0.9487633 1.0021153 0.9163564 0.9163564 0.9725725 0.7512409 1.0467291 1.3370901 1.1841850 0.9399800 0.9227910 1.1779205 0.9764432 0.9818204 0.9304525 0.9838751 1.1286852 1.1169550 0.9475347 0.9624222 0.8104771 0.8955901 0.9884812 0.9706926 1.0946603 0.9714909 1.0374907 1.4337752 1.2343634 1.4002593 1.1682219 1.1682219 1.0156795 1.4338094 1.4315735 1.1829777 1.3303630 0.9445409 1.3540422 1.3540422 1.4856763 1.3933433 1.6735891 1.3873614 1.4937744 1.5379649 
Cgig_XM_034451711.1                                    6.0478746 5.0106451 3.8556967 3.5527064 3.4525443 3.2499795 4.3877803 0.7844601 0.7211120 0.0000000 0.3779201 0.6411918 0.5627352 0.5364813 0.6072028 0.7803057 0.7509176 0.9499448 0.9071150 0.9653649 1.0160282 0.9341659 0.7718942 0.8683218 0.7017138 1.1293319 1.0215081 0.9943660 1.0843332 1.0399154 1.2876586 1.2373828 1.1825245 1.0719532 1.2279949 1.3255986 1.3562792 1.2398668 1.3899442 1.2065041 1.2457499 1.2005570 1.1857730 1.3265597 1.1823929 1.5746583 1.5703531 1.0798221 1.5637500 1.0689187 1.0914573 0.7644386 1.3120942 1.2171181 1.3594068 1.4610215 1.4674964 1.4040734 1.3087855 1.8579961 2.1834163 1.4738473 1.8040203 1.8891996 1.9047303 
Skow_XM_006817282.1                                    3.1928226 3.3391162 3.4477805 4.0855893 3.9192334 3.6942565 4.7207448 0.6478987 0.5680021 0.3779201 0.0000000 0.3783035 0.4416919 0.4851587 0.5575781 0.5837970 0.5329419 0.5898894 0.6048850 0.6106212 0.6106212 0.6220225 0.6220225 0.6744576 0.5576971 1.4596146 0.6431757 0.5977721 0.7981024 0.7189335 0.9301261 0.8301116 0.8794171 0.7474949 0.7180738 0.7942064 0.7278110 0.7617396 0.7802114 0.7592496 0.7249434 0.8796476 0.8515728 0.9574545 0.6837758 1.0206077 0.9431438 0.7983599 0.9198533 0.9267084 0.9267084 0.9267084 0.8645167 1.1297505 0.9419016 1.0237468 1.1248126 0.9454541 0.9454541 1.0149183 1.2638867 0.8457838 1.0302348 1.2518244 1.2799313 
Hsap_ENST00000331200                                   4.9833026 4.9490964 2.9645299 3.3029961 3.1850183 3.0001595 4.0017861 0.8930172 0.5580736 0.6411918 0.3783035 0.0000000 0.6109078 0.5628703 0.6050354 0.7426685 0.7677634 1.1139370 1.0796143 0.9519657 0.9621782 0.9223381 0.7555653 1.0376081 1.2370815 1.8525785 1.3040874 1.2887832 1.4049824 1.0336686 1.7232457 1.4338312 1.3539155 1.2554509 1.3198475 1.3550318 1.3357492 1.2743708 1.3081495 1.0152539 1.1888723 1.2033255 1.2887838 1.3271065 1.4141325 1.5600122 2.0593953 1.0782313 1.9732840 1.1861236 1.2761789 0.9061098 1.2285010 1.4872166 1.2282569 1.2099386 1.6168243 1.6309962 1.4653507 2.3378820 2.6794829 1.5196427 1.6706186 2.3702417 2.3707670 
Bralan_BLAG19000298_1                                  5.0650440 4.4674340 3.0370703 2.7332239 2.5337596 2.3813461 3.5522790 0.7287483 0.5686155 0.5627352 0.4416919 0.6109078 0.0000000 0.4508038 0.4777208 0.8245300 0.7084500 1.0701055 1.0786034 1.0553516 1.0691246 0.9401030 0.7670070 1.1074462 0.7758399 1.1771420 1.1015394 1.0167349 0.9848768 0.9411873 1.2481151 1.0809707 0.9907594 0.9391328 1.1419977 1.3647908 1.3415619 1.1789915 1.1374384 0.9960871 1.0953946 1.2292281 1.1808881 0.9863834 1.2313518 1.3429294 1.5599575 1.0121591 1.4695023 1.0685576 1.1457781 0.8094084 1.2878646 1.4172659 1.1817304 1.2826251 1.2752875 1.5839664 1.4272580 1.7967781 2.0372820 1.5929836 1.6486452 1.7989953 1.8001555 
Dpul_mRNA11323                                         4.0304098 3.5859943 2.9036799 2.5795579 2.4675285 2.3188949 3.0623321 0.6903113 0.7079003 0.5364813 0.4851587 0.5628703 0.4508038 0.0000000 0.7638194 0.9777872 0.8369311 0.9625972 0.9549637 0.8753286 0.9127886 0.9435903 0.9435903 0.9822320 0.9065231 1.4500429 1.2372319 1.1592765 0.9889681 1.0775538 1.0005257 0.8729423 0.9449766 0.8441475 1.0624445 1.1682798 1.2040849 0.8775961 0.9298168 1.1519631 1.1689857 0.9742382 0.9913138 1.1145693 1.0294014 1.3053445 1.2378455 1.0641594 1.1883255 1.0620099 1.1347652 0.7820792 1.2109928 1.4353193 1.2389731 1.4899271 1.1010164 1.5007704 1.5007704 1.6386310 1.8494198 1.5171665 1.5336612 1.6065229 1.5363423 
Ctel_gnl_WGS_AMQN_CAPTEDRAFT_mRNA178519                4.2018761 3.8089927 3.7385023 3.9902683 3.7398186 3.5149954 4.9642137 0.6484900 0.5553922 0.6072028 0.5575781 0.6050354 0.4777208 0.7638194 0.0000000 1.0222104 0.6502016 0.6328728 0.6333370 0.6590261 0.6590261 0.7942022 0.7942022 0.7678458 0.7142736 1.4413955 1.0693594 0.9788646 0.8529318 0.8372214 1.1127234 0.9224185 0.7685409 0.8464832 1.0039931 1.1141524 1.1074790 0.8333904 0.9403276 0.8266004 0.8055648 0.9217082 0.8673297 0.9003008 1.0558001 1.1106666 0.9214503 0.8825723 0.9031058 1.0737100 1.0737100 1.0737100 1.1427964 1.2782095 1.1296626 1.3098151 1.1186666 1.1537743 1.1537743 1.2715474 1.5565160 1.2862410 1.1295006 1.5014566 1.4746333 
Cgig_XM_034451718.1                                    3.6922439 3.7654108 3.2954058 2.8424522 3.1619738 2.9442739 4.0610679 0.9576192 0.7924162 0.7803057 0.5837970 0.7426685 0.8245300 0.9777872 1.0222104 0.0000000 0.1614101 1.0680343 1.0410119 1.0566122 1.0566122 1.1409462 1.1409462 1.1421694 0.7520109 0.9619958 1.1746243 1.1743347 1.4842586 1.2516498 1.5215745 1.5478310 1.4397453 1.4506187 1.2409248 1.3973957 1.2673348 1.1329622 1.1828418 1.0725687 1.0488514 1.3457024 1.4729972 1.4271550 1.1289078 1.4385077 1.4403414 1.2874683 1.4082354 1.3033637 1.3033637 1.2607494 1.4585357 1.4352720 1.3194995 1.3585145 1.2762093 1.3795058 1.3795058 1.7310827 1.4869084 1.4833684 1.2838750 1.3766294 1.4042554 
Cgig_XM_034451719.1                                    3.6236964 3.6596607 3.1439230 3.1584413 3.0795700 2.8963153 4.1249748 1.0028107 0.7996193 0.7509176 0.5329419 0.7677634 0.7084500 0.8369311 0.6502016 0.1614101 0.0000000 1.1021332 1.1008570 1.0334650 1.0737261 1.1068784 1.0041122 1.1211596 0.7302602 1.0926796 1.0107695 1.0216752 1.1600664 1.3552526 1.5155264 1.3648673 1.2497995 1.2556721 1.2070490 1.4783189 1.3594096 1.2106447 1.1498137 1.2583511 1.1933381 1.2589162 1.2313516 1.3113509 1.2471099 1.5283594 1.4896984 1.2187865 1.4430799 1.3255455 1.2862252 0.9978521 1.6226474 1.4543812 1.4265642 1.4296301 1.4412707 1.2844451 1.2844451 1.4514877 1.6815993 1.3306504 1.4041482 1.7066474 1.7079401 
HoiH23_PlH23_004394-RA                                 3.8881727 4.6402814 3.1721145 3.5175006 3.3085480 3.1106976 4.3238878 1.0264678 0.9993430 0.9499448 0.5898894 1.1139370 1.0701055 0.9625972 0.6328728 1.0680343 1.1021332 0.0000000 0.0612746 0.1089399 0.1199450 0.2780418 0.2930482 0.2809147 1.0701439 1.7753400 1.2500070 1.2358070 0.9848649 1.0181119 1.2451761 1.0925153 1.1105238 1.1430741 0.9247498 0.9902106 1.1083696 1.0533707 1.1024955 0.8689980 1.0198836 1.1634297 1.3116437 0.9859564 1.7374180 1.1992336 1.3975890 0.9402913 1.3143501 0.9995317 1.0655542 0.7396472 1.1415620 1.1634356 1.0315936 1.0763103 1.0223271 1.3976071 1.3460784 1.5376918 1.8998352 1.3210575 1.6658654 1.5820109 1.6246045 
HoiH06_mRNA13627                                       3.8064405 4.4471936 3.1309110 3.5293495 3.3195215 3.1211482 4.3390332 1.0330333 1.0009172 0.9071150 0.6048850 1.0796143 1.0786034 0.9549637 0.6333370 1.0410119 1.1008570 0.0612746 0.0000000 0.1021490 0.1131499 0.2911776 0.3074234 0.2738827 1.0410819 1.7160809 1.2447944 1.2397761 0.9879841 1.0070894 1.2453826 1.1217060 1.1103329 1.1308829 0.9260996 1.0050879 0.9999112 1.0112753 1.0572187 0.8282637 0.9566472 1.1673784 1.2747202 0.9703300 1.6653701 1.1903609 1.4223813 0.9332834 1.3392168 0.9606130 1.0046478 0.7088061 1.1274082 1.1596473 0.9961131 1.0870743 1.0212586 1.3256028 1.2739985 1.6128520 1.9912903 1.3743442 1.5414271 1.4887486 1.5290023 
Hhon_g07192.t1                                         4.1755820 4.5305648 3.1029074 3.4619735 3.1886745 2.9978857 4.1581798 0.9811377 0.9487633 0.9653649 0.6106212 0.9519657 1.0553516 0.8753286 0.6590261 1.0566122 1.0334650 0.1089399 0.1021490 0.0000000 0.0150429 0.2598802 0.2728511 0.2050788 1.0496072 1.7477191 1.2665859 1.2520957 0.9979485 0.9636808 1.3270526 1.0159269 1.0845022 1.0847127 0.8823889 0.9513135 1.0995604 1.0781598 1.0309152 0.7734786 0.9389077 1.1456466 1.1530827 1.0075981 1.8383319 1.1244806 1.3890300 0.9107895 1.3152460 0.9251993 0.9217998 0.7151393 1.0148423 1.2390694 0.9905619 1.1401778 1.0252370 1.3426559 1.2909522 1.5345053 1.9025415 1.3243952 1.6417806 1.5788488 1.6218842 
HoiH04_mRNA4701                                        4.3775323 4.7256794 3.1029074 3.4619735 3.1886745 2.9978857 4.1581798 1.0319616 1.0021153 1.0160282 0.6106212 0.9621782 1.0691246 0.9127886 0.6590261 1.0566122 1.0737261 0.1199450 0.1131499 0.0150429 0.0000000 0.2854422 0.2886950 0.2288989 1.0819317 1.8126018 1.2900860 1.2754669 1.0455843 1.0071957 1.3421037 1.0371968 1.1228326 1.1184773 0.8826476 0.9521090 1.1015635 1.0580207 1.0495506 0.8043496 0.9687538 1.1667790 1.1972783 0.9708128 1.8886512 1.1102794 1.4395245 0.9485521 1.3649517 0.9547257 0.9513449 0.7151393 1.0476952 1.2635276 1.0077188 1.1752390 0.9705080 1.3660331 1.3394673 1.6153763 2.0101551 1.3998813 1.7075761 1.6363146 1.6807715 
TrH2_TrispH2_010255-RA                                 4.1711138 4.4577034 2.8224469 3.2489479 3.1502302 3.0068856 4.0891675 1.0300714 0.9163564 0.9341659 0.6220225 0.9223381 0.9401030 0.9435903 0.7942022 1.1409462 1.1068784 0.2780418 0.2911776 0.2598802 0.2854422 0.0000000 0.0000010 0.2879864 0.9613435 1.5573853 1.2697206 1.2130180 1.0002288 1.0261275 1.2420852 1.0322639 1.0914485 1.1213934 0.9342023 1.0451187 1.1413419 1.1219493 1.0624011 0.7186918 0.8988571 1.2864982 1.2989117 0.9441889 1.7249613 1.2404737 1.4938728 0.9275410 1.3709120 0.9865347 1.0613111 0.7574609 1.1524627 1.1747402 1.0033701 1.0042569 1.0176434 1.2605883 1.1962446 1.3385017 1.6956550 1.1274529 1.5620918 1.5403733 1.5415303 
Tadh_TriadT24211                                       4.0389069 4.0313231 2.8224469 3.2489479 3.1502302 3.0068856 4.0891675 0.9363325 0.9163564 0.7718942 0.6220225 0.7555653 0.7670070 0.9435903 0.7942022 1.1409462 1.0041122 0.2930482 0.3074234 0.2728511 0.2886950 0.0000010 0.0000000 0.2722673 0.7808054 1.2754371 1.2212344 1.1636128 0.7968848 1.0261275 1.0405957 0.8726717 0.8920626 0.9358171 0.8017437 0.9319352 1.0103750 0.9254941 0.9081419 0.6692757 0.6849541 1.1427114 1.1565071 0.8428322 1.5262282 1.2222308 1.2984537 0.9275410 1.2522483 0.9865347 1.0613111 0.7574609 1.1524627 1.1747402 1.0033701 1.0042569 0.9354185 1.1067136 1.1067136 1.2038589 1.5452791 0.9869142 1.4257375 1.4570140 1.4581808 
HoiH11_mRNA1722                                        4.2791622 4.4218946 3.2106431 3.7335481 3.4138605 3.2086548 4.4787610 1.0895946 0.9725725 0.8683218 0.6744576 1.0376081 1.1074462 0.9822320 0.7678458 1.1421694 1.1211596 0.2809147 0.2738827 0.2050788 0.2288989 0.2879864 0.2722673 0.0000000 1.0301724 1.6758062 1.2244490 1.2157021 1.0740804 1.0956475 1.4329182 1.0176838 1.0725970 1.1066634 0.9885090 1.1060738 1.2974724 1.0152366 1.0929706 0.9451921 1.0706848 1.1718433 1.2117880 1.0701662 1.5977408 1.3797759 1.5272172 0.9793360 1.4996375 0.9044610 0.9219030 0.7267802 1.1185125 1.2150962 1.0355993 1.2145625 1.2439930 1.2102369 1.1505443 1.5116582 1.8618120 1.2948555 1.9583006 1.6865262 1.7312855 
Acagra_model.g11426.t1                                 5.5670219 4.4713612 3.5781232 3.4503840 3.4682150 3.1724483 4.5260353 1.0666856 0.7512409 0.7017138 0.5576971 1.2370815 0.7758399 0.9065231 0.7142736 0.7520109 0.7302602 1.0701439 1.0410819 1.0496072 1.0819317 0.9613435 0.7808054 1.0301724 0.0000000 0.1521817 1.0879734 0.9927543 1.5409996 1.1851198 1.8276780 1.6939520 1.8516100 1.5557277 1.3003457 1.4097617 1.5067964 1.7647770 1.6551962 1.1829494 1.2575200 1.4851195 1.4385014 1.4894175 1.5033264 1.8737681 2.1020842 1.2493433 2.0134802 1.2124861 1.2607578 0.9639231 1.6541397 1.5356181 1.4794334 1.7464006 1.9299129 1.5834349 1.4771937 2.1151542 2.3107793 1.4170211 2.0452271 2.1124516 2.1132826 
Acagra_model.g11426.t1.1.5d3b8669                      6.7956217 5.8522880 4.4217639 4.8005029 5.7297355 5.6619074 7.5010456 1.5645125 1.0467291 1.1293319 1.4596146 1.8525785 1.1771420 1.4500429 1.4413955 0.9619958 1.0926796 1.7753400 1.7160809 1.7477191 1.8126018 1.5573853 1.2754371 1.6758062 0.1521817 0.0000000 1.6362804 1.4693125 2.2387947 1.9554352 2.6141507 2.2348003 2.6313645 2.0882068 1.7528694 1.9018053 1.9987938 2.5015900 2.3374949 1.7417779 1.8703904 2.2688563 2.2436422 2.1000287 2.1359239 2.5724649 3.4375872 2.0395996 3.2588072 1.8385232 1.9095291 1.5141453 2.4975166 1.8455276 2.0959272 2.4068133 2.8300275 2.1550083 2.0327360 2.6217436 2.5356963 2.2622459 2.7924884 2.5112315 2.4901810 
Spur_XM_030985639.1                                    4.1503251 4.0366209 3.7230722 3.8699248 3.6400649 3.4233249 4.8103046 1.7941161 1.3370901 1.0215081 0.6431757 1.3040874 1.1015394 1.2372319 1.0693594 1.1746243 1.0107695 1.2500070 1.2447944 1.2665859 1.2900860 1.2697206 1.2212344 1.2244490 1.0879734 1.6362804 0.0000000 0.0481927 1.5255103 1.6880091 1.9207419 1.5737219 1.5834940 1.5065038 1.4960751 1.4860081 1.4849872 1.4181414 1.4478802 1.5547230 1.7445388 1.4951358 1.6993330 1.5852845 1.4801604 1.4619643 1.9785728 1.3906162 1.9284906 1.4215237 1.5023260 1.1174014 1.4512802 1.5563398 1.6247390 1.5067700 1.7537231 1.6293829 1.4964865 1.6005205 1.8382202 1.5629517 1.8238971 1.7897085 1.8375576 
Spur_XM_030972255.1                                    4.3105550 4.1024758 3.7201044 4.0248079 3.7839558 3.5619812 4.9849787 1.6717726 1.1841850 0.9943660 0.5977721 1.2887832 1.0167349 1.1592765 0.9788646 1.1743347 1.0216752 1.2358070 1.2397761 1.2520957 1.2754669 1.2130180 1.1636128 1.2157021 0.9927543 1.4693125 0.0481927 0.0000000 1.3927470 1.5690481 1.8914310 1.4558060 1.5208260 1.4202038 1.4154503 1.4048345 1.4022244 1.3501101 1.3794942 1.4069314 1.5883586 1.4164331 1.6022914 1.5007549 1.4599297 1.4465516 1.9768224 1.3922282 1.9270882 1.4036225 1.4836594 1.1006433 1.4246451 1.5366039 1.6045152 1.5415210 1.7564287 1.6142367 1.4813725 1.5702123 1.7710312 1.5468291 1.8184888 1.7096803 1.7556313 
Lcom_lcpid118996                                       5.4605762 6.1042753 4.0790810 4.5802300 4.2206971 3.9693595 5.3144577 1.1898162 0.9399800 1.0843332 0.7981024 1.4049824 0.9848768 0.9889681 0.8529318 1.4842586 1.1600664 0.9848649 0.9879841 0.9979485 1.0455843 1.0002288 0.7968848 1.0740804 1.5409996 2.2387947 1.5255103 1.3927470 0.0000000 0.8076142 1.0232234 0.4152664 0.5409885 0.4241295 0.8884769 0.9499445 0.9467355 1.0610280 1.0486219 0.8188787 0.9454251 1.0680465 1.0127240 0.8774763 1.8115550 0.9581407 1.4153071 0.9779460 1.3942470 0.8287571 0.8419379 0.6252429 0.7903752 0.9701905 0.9783890 1.0419909 1.1329880 1.0898017 0.8966974 1.7880831 2.3733870 1.6871935 1.9404742 2.0158655 1.9727009 
Xestes_maker-XT_scaffold5074-augustus-gene-0.15-mRNA-1 4.2759753 4.5994062 3.4800018 3.1746873 3.0963205 2.9156454 4.1231036 1.0836507 0.9227910 1.0399154 0.7189335 1.0336686 0.9411873 1.0775538 0.8372214 1.2516498 1.3552526 1.0181119 1.0070894 0.9636808 1.0071957 1.0261275 1.0261275 1.0956475 1.1851198 1.9554352 1.6880091 1.5690481 0.8076142 0.0000000 0.5682548 0.7899402 0.8074491 0.7632327 0.9194855 0.9535892 1.0871522 0.8456125 0.9129378 0.7011311 0.8277041 1.0162378 1.0250498 0.7660023 1.7676492 0.9073329 1.0171882 0.9088645 0.9980403 0.7764356 0.7994394 0.6054901 0.8224914 1.1140642 0.9069019 1.0758724 0.8821879 1.3349514 1.3349514 1.6690917 2.0602207 1.6263433 1.1075204 1.8226642 1.8697216 
Halamb_c42968_g2_i1m.15557                             6.0297908 5.9622500 3.8574037 4.0522898 3.9171017 3.6856509 4.6049369 1.4103506 1.1779205 1.2876586 0.9301261 1.7232457 1.2481151 1.0005257 1.1127234 1.5215745 1.5155264 1.2451761 1.2453826 1.3270526 1.3421037 1.2420852 1.0405957 1.4329182 1.8276780 2.6141507 1.9207419 1.8914310 1.0232234 0.5682548 0.0000000 0.9209423 0.9353253 0.9844630 1.2442042 1.2560627 1.2220972 1.1236994 1.2907857 1.0122370 1.3250791 1.4668414 1.5221597 1.2129562 2.1210977 1.2895974 1.8850519 1.0336677 1.8333973 0.7500705 0.8770742 0.6230901 0.8935204 1.1075865 0.9314727 1.0079164 1.0758356 1.6554842 1.4717699 2.4661400 2.9216983 2.1798859 1.7585255 2.5382487 2.5431303 
Leuniv_Lniv_scaffold3475_01                            6.4309120 6.2814256 4.1416530 4.8194017 4.3965789 4.1343976 5.5143077 1.2376916 0.9764432 1.2373828 0.8301116 1.4338312 1.0809707 0.8729423 0.9224185 1.5478310 1.3648673 1.0925153 1.1217060 1.0159269 1.0371968 1.0322639 0.8726717 1.0176838 1.6939520 2.2348003 1.5737219 1.4558060 0.4152664 0.7899402 0.9209423 0.0000000 0.3601011 0.3133686 0.9061544 0.9325505 0.9378244 0.9795131 0.9812321 0.9356703 1.1807061 1.0822736 1.0029402 0.9551648 2.0066829 0.9389303 1.4699059 0.8657879 1.4149447 0.7541145 0.7986936 0.5688073 0.7341926 0.9143786 0.8470175 1.0002516 1.4279095 1.2339708 1.0212968 2.0914552 2.5801530 1.6879955 1.9901337 2.0423687 1.9692019 
Gracom_Gcom_scaffold7082_01                            5.3870735 5.9316382 4.1257008 4.7305753 4.3141967 4.0544026 5.4234205 1.3621884 0.9818204 1.1825245 0.8794171 1.3539155 0.9907594 0.9449766 0.7685409 1.4397453 1.2497995 1.1105238 1.1103329 1.0845022 1.1228326 1.0914485 0.8920626 1.0725970 1.8516100 2.6313645 1.5834940 1.5208260 0.5409885 0.8074491 0.9353253 0.3601011 0.0000000 0.2940764 0.9993966 1.0629128 0.9935119 0.8504672 0.8900372 0.8865363 1.0680350 1.1010736 1.1066094 0.9340785 1.9034843 1.0325912 1.4419394 0.8290438 1.3754461 0.8169771 0.8681370 0.6226899 0.7841069 0.9683574 0.8153612 0.9614862 1.4731394 1.3992395 1.1581896 2.0237947 2.5606709 1.7396710 1.6589694 2.1099682 2.0648865 
Scil_scict007960.1                                     5.3214858 5.4840470 4.3338256 4.8537573 4.4300314 4.1679810 5.5471398 1.2763496 0.9304525 1.0719532 0.7474949 1.2554509 0.9391328 0.8441475 0.8464832 1.4506187 1.2556721 1.1430741 1.1308829 1.0847127 1.1184773 1.1213934 0.9358171 1.1066634 1.5557277 2.0882068 1.5065038 1.4202038 0.4241295 0.7632327 0.9844630 0.3133686 0.2940764 0.0000000 0.9467434 1.0260639 1.0279155 0.8895624 0.8761247 0.8863880 1.0233975 0.9480752 0.9094201 0.9238520 1.7670188 1.0091492 1.5957879 0.9033646 1.5690638 0.7789889 0.8291895 0.5927317 0.7382896 1.0296323 0.8710081 0.9680321 1.4186489 1.2846797 0.9923090 2.1282550 2.6069066 1.8378006 1.6784383 1.8970722 1.8562540 
Spis_XP_022804212_1                                    4.3141357 5.2275701 3.4622319 3.5098241 3.4100651 3.2057661 4.4654206 1.2580760 0.9838751 1.2279949 0.7180738 1.3198475 1.1419977 1.0624445 1.0039931 1.2409248 1.2070490 0.9247498 0.9260996 0.8823889 0.8826476 0.9342023 0.8017437 0.9885090 1.3003457 1.7528694 1.4960751 1.4154503 0.8884769 0.9194855 1.2442042 0.9061544 0.9993966 0.9467434 0.0000000 0.1365388 0.2879694 0.6569883 0.5770203 0.9457922 1.1807124 0.9684839 0.9027669 0.8851577 1.9104928 0.9084133 1.6275116 1.0154247 1.5267323 1.0597204 1.1007622 0.7555459 1.0563010 1.2066289 1.0496629 1.2583755 1.4652237 1.3163020 1.1742705 1.2844904 1.5839436 1.4033331 1.4078932 1.8754523 1.9241095 
Pocdam_XM_027187141.1                                  4.4910662 5.0200086 3.3982463 3.4620642 3.3648994 3.1626797 4.4087921 1.3883343 1.1286852 1.3255986 0.7942064 1.3550318 1.3647908 1.1682798 1.1141524 1.3973957 1.4783189 0.9902106 1.0050879 0.9513135 0.9521090 1.0451187 0.9319352 1.1060738 1.4097617 1.9018053 1.4860081 1.4048345 0.9499445 0.9535892 1.2560627 0.9325505 1.0629128 1.0260639 0.1365388 0.0000000 0.2922640 0.7540641 0.6325444 0.9603080 1.1883857 0.8627797 0.9078454 0.8750201 1.8924719 0.9005395 1.6656412 1.0514281 1.5612897 1.0404345 1.0652399 0.7356200 1.0430363 1.2324714 1.0754630 1.3234832 1.4664027 1.4469018 1.3074835 1.4721336 1.7796861 1.6539575 1.4391951 1.9160902 1.9658618 
Adig_XM_015924469.1                                    5.2470063 5.6593841 3.6182707 3.6641847 3.5542164 3.3402324 4.6672430 1.5687969 1.1169550 1.3562792 0.7278110 1.3357492 1.3415619 1.2040849 1.1074790 1.2673348 1.3594096 1.1083696 0.9999112 1.0995604 1.1015635 1.1413419 1.0103750 1.2974724 1.5067964 1.9987938 1.4849872 1.4022244 0.9467355 1.0871522 1.2220972 0.9378244 0.9935119 1.0279155 0.2879694 0.2922640 0.0000000 0.7767594 0.6346982 1.0714289 1.2792450 0.8028669 0.8775310 0.9088407 1.9781215 0.8829236 1.7447373 1.1368327 1.6454041 1.2042126 1.2609487 0.8199577 1.2493331 1.3560627 1.2662288 1.4291844 1.6078786 1.4125693 1.2755861 1.5769826 1.9641296 1.5842546 1.3888326 2.1082989 2.1627928 
Nvec_v1g239804                                         4.4157952 4.4363545 2.9708438 3.1705556 3.0726453 2.8532907 3.9457821 1.0831304 0.9475347 1.2398668 0.7617396 1.2743708 1.1789915 0.8775961 0.8333904 1.1329622 1.2106447 1.0533707 1.0112753 1.0781598 1.0580207 1.1219493 0.9254941 1.0152366 1.7647770 2.5015900 1.4181414 1.3501101 1.0610280 0.8456125 1.1236994 0.9795131 0.8504672 0.8895624 0.6569883 0.7540641 0.7767594 0.0000000 0.5061128 1.0357854 1.2106557 0.8345951 0.8570319 1.0044828 1.6305718 0.8196918 1.5439513 1.0651885 1.5077131 1.0403236 1.1488177 0.7306930 1.1578134 1.1647217 1.0525314 1.1034302 1.4773371 1.3027196 1.2000370 1.5577210 1.8481175 1.6619696 1.6322895 1.9900013 2.0054356 
Exapal_XM_021044901.2                                  4.2733141 4.9718499 3.2986590 3.1472024 3.0690674 2.8869384 4.0633439 1.2732945 0.9624222 1.3899442 0.7802114 1.3081495 1.1374384 0.9298168 0.9403276 1.1828418 1.1498137 1.1024955 1.0572187 1.0309152 1.0495506 1.0624011 0.9081419 1.0929706 1.6551962 2.3374949 1.4478802 1.3794942 1.0486219 0.9129378 1.2907857 0.9812321 0.8900372 0.8761247 0.5770203 0.6325444 0.6346982 0.5061128 0.0000000 1.0766683 1.1670467 0.8264312 0.9207564 1.0528604 1.8876733 0.9049347 1.7754768 1.1796720 1.6756970 1.0675672 1.0913431 0.7032842 1.0142308 1.2706968 1.0224389 1.1936253 1.5242361 1.3420472 1.1953552 1.6612065 2.0081180 1.5812768 1.5696400 1.7947483 1.7967634 
Emue_Em0010g927a.t1                                    4.0123854 5.0936761 3.3445908 3.9761968 3.7684619 3.5986160 4.8585559 1.0992561 0.8104771 1.2065041 0.7592496 1.0152539 0.9960871 1.1519631 0.8266004 1.0725687 1.2583511 0.8689980 0.8282637 0.7734786 0.8043496 0.7186918 0.6692757 0.9451921 1.1829494 1.7417779 1.5547230 1.4069314 0.8188787 0.7011311 1.0122370 0.9356703 0.8865363 0.8863880 0.9457922 0.9603080 1.0714289 1.0357854 1.0766683 0.0000000 0.1077140 1.2348816 1.2583769 0.6519033 1.6939525 1.2817845 1.4159855 0.9552017 1.3629931 0.9689085 1.0546180 0.7385448 1.1420703 1.1791274 1.0286773 1.0001929 1.1691099 1.2111469 1.2111469 1.7378098 1.9464835 1.5130457 1.2082614 1.6029914 1.6041973 
Spolac_c97346_g1_i1_m.14793c97346-g1                   4.1376724 4.8626793 3.0821828 3.5097471 3.4320132 3.1845353 4.2976823 1.3036348 0.8955901 1.2457499 0.7249434 1.1888723 1.0953946 1.1689857 0.8055648 1.0488514 1.1933381 1.0198836 0.9566472 0.9389077 0.9687538 0.8988571 0.6849541 1.0706848 1.2575200 1.8703904 1.7445388 1.5883586 0.9454251 0.8277041 1.3250791 1.1807061 1.0680350 1.0233975 1.1807124 1.1883857 1.2792450 1.2106557 1.1670467 0.1077140 0.0000000 1.4995234 1.4588933 0.8830281 1.8647384 1.3486500 1.5695058 0.9752154 1.4490340 0.9472985 1.0550800 0.7320697 1.2528519 1.1826923 1.0108263 1.0827894 1.4533543 1.3651436 1.1478714 1.8662901 2.0898665 1.6922913 1.5308916 1.8231137 1.8242375 
Dgig_XM_028546472.1                                    5.1602762 5.6640751 3.9619026 5.1080402 4.6879135 4.4100486 6.4985018 1.2940095 0.9884812 1.2005570 0.8796476 1.2033255 1.2292281 0.9742382 0.9217082 1.3457024 1.2589162 1.1634297 1.1673784 1.1456466 1.1667790 1.2864982 1.1427114 1.1718433 1.4851195 2.2688563 1.4951358 1.4164331 1.0680465 1.0162378 1.4668414 1.0822736 1.1010736 0.9480752 0.9684839 0.8627797 0.8028669 0.8345951 0.8264312 1.2348816 1.4995234 0.0000000 0.2978326 1.2239369 1.6698816 0.9942945 1.9564828 1.2738604 1.9359674 1.1823615 1.1641558 0.8644313 1.1204771 1.2422637 1.3249727 1.3529215 1.4256202 1.6256693 1.4559777 2.1710305 2.5042489 1.8615387 1.7118660 2.3724080 2.3729707 
Xesp_029071-T1                                         4.5489689 6.1153308 4.0081231 5.2632806 4.8215825 4.5329917 6.6931922 1.3011274 0.9706926 1.1857730 0.8515728 1.2887838 1.1808881 0.9913138 0.8673297 1.4729972 1.2313516 1.3116437 1.2747202 1.1530827 1.1972783 1.2989117 1.1565071 1.2117880 1.4385014 2.2436422 1.6993330 1.6022914 1.0127240 1.0250498 1.5221597 1.0029402 1.1066094 0.9094201 0.9027669 0.9078454 0.8775310 0.8570319 0.9207564 1.2583769 1.4588933 0.2978326 0.0000000 1.2788484 1.6273540 1.1631107 1.8923798 1.2486977 1.8427251 1.1878240 1.1689035 0.9036652 1.1532018 1.2541628 1.2688059 1.2718460 1.5611396 1.5968971 1.4362193 1.9037386 2.3088516 1.7280552 1.6700036 2.4630023 2.4634493 
Tetwil_g8324.t1                                        4.6845226 5.5334858 3.2255565 3.3174701 3.2309451 3.0414956 4.3056192 1.3955402 1.0946603 1.3265597 0.9574545 1.3271065 0.9863834 1.1145693 0.9003008 1.4271550 1.3113509 0.9859564 0.9703300 1.0075981 0.9708128 0.9441889 0.8428322 1.0701662 1.4894175 2.1000287 1.5852845 1.5007549 0.8774763 0.7660023 1.2129562 0.9551648 0.9340785 0.9238520 0.8851577 0.8750201 0.9088407 1.0044828 1.0528604 0.6519033 0.8830281 1.2239369 1.2788484 0.0000000 1.9611819 0.8306611 1.5306502 0.8824017 1.4589151 0.8298676 0.8756055 0.5927344 0.8097089 0.9007917 0.8676294 0.9777998 1.0497556 1.5097992 1.3325023 1.9753473 2.2512461 1.6344486 1.4888838 1.7067271 1.7078442 
Tcas_TC008662_001                                      7.1120331 6.6638137 5.2834675 4.9891329 4.6810774 4.4010754 5.9733473 1.2334267 0.9714909 1.1823929 0.6837758 1.4141325 1.2313518 1.0294014 1.0558001 1.1289078 1.2471099 1.7374180 1.6653701 1.8383319 1.8886512 1.7249613 1.5262282 1.5977408 1.5033264 2.1359239 1.4801604 1.4599297 1.8115550 1.7676492 2.1210977 2.0066829 1.9034843 1.7670188 1.9104928 1.8924719 1.9781215 1.6305718 1.8876733 1.6939525 1.8647384 1.6698816 1.6273540 1.9611819 0.0000000 2.0341148 2.2857328 1.2877962 2.0909177 1.3448293 1.4285990 1.0693443 1.4886990 1.3039787 1.3336916 1.5345395 1.9698695 1.9826999 1.7502309 2.2383199 2.6976897 2.0922034 2.1706098 2.3917673 2.4037836 
Plespi_Pspi_scaffold10496_01                           4.3971432 4.7167137 3.7395692 4.3357935 4.1808776 3.9371994 5.1339481 1.3123095 1.0374907 1.5746583 1.0206077 1.5600122 1.3429294 1.3053445 1.1106666 1.4385077 1.5283594 1.1992336 1.1903609 1.1244806 1.1102794 1.2404737 1.2222308 1.3797759 1.8737681 2.5724649 1.4619643 1.4465516 0.9581407 0.9073329 1.2895974 0.9389303 1.0325912 1.0091492 0.9084133 0.9005395 0.8829236 0.8196918 0.9049347 1.2817845 1.3486500 0.9942945 1.1631107 0.8306611 2.0341148 0.0000000 1.7083166 1.0672264 1.6546218 0.9718259 1.0455907 0.7499308 0.9628218 1.0763742 1.0127259 1.1847092 1.2411403 1.1676193 1.1676193 1.8521624 2.2662107 1.6330548 1.3995763 2.1053382 2.1503191 
Pbac_sb2654988                                         5.4423653 5.3220865 3.4287222 4.0497515 3.8403128 3.6504117 4.8615569 1.7842793 1.4337752 1.5703531 0.9431438 2.0593953 1.5599575 1.2378455 0.9214503 1.4403414 1.4896984 1.3975890 1.4223813 1.3890300 1.4395245 1.4938728 1.2984537 1.5272172 2.1020842 3.4375872 1.9785728 1.9768224 1.4153071 1.0171882 1.8850519 1.4699059 1.4419394 1.5957879 1.6275116 1.6656412 1.7447373 1.5439513 1.7754768 1.4159855 1.5695058 1.9564828 1.8923798 1.5306502 2.2857328 1.7083166 0.0000000 0.0457358 0.0549494 0.6212016 0.6610862 0.5225102 0.6546203 0.7096687 0.7709891 0.8951065 2.1069190 1.7047724 1.5464781 2.7288667 3.2459887 2.3685361 2.2445281 2.8267369 2.8418172 
Horcal_Hcv1.av93.c8.g678.i1                            3.8147202 3.5003337 3.0839354 3.5164743 3.3572161 3.1916406 4.2120167 1.2768629 1.2343634 1.0798221 0.7983599 1.0782313 1.0121591 1.0641594 0.8825723 1.2874683 1.2187865 0.9402913 0.9332834 0.9107895 0.9485521 0.9275410 0.9275410 0.9793360 1.2493433 2.0395996 1.3906162 1.3922282 0.9779460 0.9088645 1.0336677 0.8657879 0.8290438 0.9033646 1.0154247 1.0514281 1.1368327 1.0651885 1.1796720 0.9552017 0.9752154 1.2738604 1.2486977 0.8824017 1.2877962 1.0672264 0.0457358 0.0000000 0.0452746 0.4738807 0.4738807 0.4407296 0.4829461 0.5400517 0.6309697 0.6757137 1.3331217 1.2041119 1.2041119 1.6291623 1.9751038 1.6612660 1.1242550 1.8311902 1.8424844 
Pbac_sb2664747                                         4.7516558 4.9725107 3.1575862 3.5642999 3.3980877 3.2311936 4.2611716 1.6872031 1.4002593 1.5637500 0.9198533 1.9732840 1.4695023 1.1883255 0.9031058 1.4082354 1.4430799 1.3143501 1.3392168 1.3152460 1.3649517 1.3709120 1.2522483 1.4996375 2.0134802 3.2588072 1.9284906 1.9270882 1.3942470 0.9980403 1.8333973 1.4149447 1.3754461 1.5690638 1.5267323 1.5612897 1.6454041 1.5077131 1.6756970 1.3629931 1.4490340 1.9359674 1.8427251 1.4589151 2.0909177 1.6546218 0.0549494 0.0452746 0.0000000 0.6087426 0.6525230 0.5135383 0.6407343 0.6866202 0.7464775 0.8728107 2.0604771 1.6164201 1.5086366 2.4981527 2.9515962 2.0661455 2.1893564 2.8051706 2.8201648 
Bolinf_Binf_sb1193559                                  4.1229843 3.8778253 3.2134482 3.2412036 3.2769688 2.9520842 3.9150179 1.1840962 1.1682219 1.0689187 0.9267084 1.1861236 1.0685576 1.0620099 1.0737100 1.3033637 1.3255455 0.9995317 0.9606130 0.9251993 0.9547257 0.9865347 0.9865347 0.9044610 1.2124861 1.8385232 1.4215237 1.4036225 0.8287571 0.7764356 0.7500705 0.7541145 0.8169771 0.7789889 1.0597204 1.0404345 1.2042126 1.0403236 1.0675672 0.9689085 0.9472985 1.1823615 1.1878240 0.8298676 1.3448293 0.9718259 0.6212016 0.4738807 0.6087426 0.0000000 0.0366520 0.0209511 0.3153263 0.4492045 0.3221974 0.5234879 1.0705550 1.0798541 1.0798541 1.8902175 2.2878371 1.8514461 1.1038077 1.6827895 1.7005820 
Mertsp_Mesp_sb549317                                   4.1835640 3.9709142 3.2134482 3.2412036 3.2769688 2.9520842 3.9150179 1.2999290 1.1682219 1.0914573 0.9267084 1.2761789 1.1457781 1.1347652 1.0737100 1.3033637 1.2862252 1.0655542 1.0046478 0.9217998 0.9513449 1.0613111 1.0613111 0.9219030 1.2607578 1.9095291 1.5023260 1.4836594 0.8419379 0.7994394 0.8770742 0.7986936 0.8681370 0.8291895 1.1007622 1.0652399 1.2609487 1.1488177 1.0913431 1.0546180 1.0550800 1.1641558 1.1689035 0.8756055 1.4285990 1.0455907 0.6610862 0.4738807 0.6525230 0.0366520 0.0000000 0.0209511 0.3488486 0.4843299 0.3548566 0.5573323 1.1875017 1.1420143 1.1420143 2.0108801 2.4386862 1.9485862 1.1514465 1.8429145 1.8620205 
Mertsp_Mesp_sb549318                                   3.9630487 3.3297102 3.3759433 3.2412036 3.2769688 2.9520842 3.9150179 0.9604824 1.0156795 0.7644386 0.9267084 0.9061098 0.8094084 0.7820792 1.0737100 1.2607494 0.9978521 0.7396472 0.7088061 0.7151393 0.7151393 0.7574609 0.7574609 0.7267802 0.9639231 1.5141453 1.1174014 1.1006433 0.6252429 0.6054901 0.6230901 0.5688073 0.6226899 0.5927317 0.7555459 0.7356200 0.8199577 0.7306930 0.7032842 0.7385448 0.7320697 0.8644313 0.9036652 0.5927344 1.0693443 0.7499308 0.5225102 0.4407296 0.5135383 0.0209511 0.0209511 0.0000000 0.3478424 0.3908233 0.2563512 0.4760355 0.9237914 0.9192898 0.9192898 1.5728739 1.9354536 1.3614330 0.8496937 1.4009544 1.4255305 
Lampan_Lpan_8474_01                                    4.4194431 4.8552685 3.6150709 4.2715235 4.0878124 3.8930036 4.8350251 1.5010075 1.4338094 1.3120942 0.8645167 1.2285010 1.2878646 1.2109928 1.1427964 1.4585357 1.6226474 1.1415620 1.1274082 1.0148423 1.0476952 1.1524627 1.1524627 1.1185125 1.6541397 2.4975166 1.4512802 1.4246451 0.7903752 0.8224914 0.8935204 0.7341926 0.7841069 0.7382896 1.0563010 1.0430363 1.2493331 1.1578134 1.0142308 1.1420703 1.2528519 1.1204771 1.1532018 0.8097089 1.4886990 0.9628218 0.6546203 0.4829461 0.6407343 0.3153263 0.3488486 0.3478424 0.0000000 0.5600195 0.4707624 0.5703226 1.3610646 1.2488695 1.2488695 1.8862102 2.2765031 1.6755563 1.1473995 1.9746645 1.9330934 
Beraby_Baby_sb329614                                   5.0123390 5.3580159 3.8679677 4.4495851 4.2281256 4.0363843 5.4719127 1.5652827 1.4315735 1.2171181 1.1297505 1.4872166 1.4172659 1.4353193 1.2782095 1.4352720 1.4543812 1.1634356 1.1596473 1.2390694 1.2635276 1.1747402 1.1747402 1.2150962 1.5356181 1.8455276 1.5563398 1.5366039 0.9701905 1.1140642 1.1075865 0.9143786 0.9683574 1.0296323 1.2066289 1.2324714 1.3560627 1.1647217 1.2706968 1.1791274 1.1826923 1.2422637 1.2541628 0.9007917 1.3039787 1.0763742 0.7096687 0.5400517 0.6866202 0.4492045 0.4843299 0.3908233 0.5600195 0.0000000 0.3524211 0.5623356 1.3179408 0.9840823 0.9840823 1.8466770 2.3026850 1.7260050 1.3256692 2.1107100 2.1236166 
Mlei_ML0769.g15.i1                                     4.0411435 4.2769196 4.0610236 4.8947023 4.4151886 4.3888500 5.9279828 1.2311443 1.1829777 1.3594068 0.9419016 1.2282569 1.1817304 1.2389731 1.1296626 1.3194995 1.4265642 1.0315936 0.9961131 0.9905619 1.0077188 1.0033701 1.0033701 1.0355993 1.4794334 2.0959272 1.6247390 1.6045152 0.9783890 0.9069019 0.9314727 0.8470175 0.8153612 0.8710081 1.0496629 1.0754630 1.2662288 1.0525314 1.0224389 1.0286773 1.0108263 1.3249727 1.2688059 0.8676294 1.3336916 1.0127259 0.7709891 0.6309697 0.7464775 0.3221974 0.3548566 0.2563512 0.4707624 0.3524211 0.0000000 0.4572123 1.1825552 1.2496198 1.2496198 2.0361013 2.4121178 1.7528760 1.2248807 1.6308585 1.6405937 
Coemet_Cmet_scaffold14240_01                           3.6871451 3.9922420 3.6441955 4.1981449 3.9546179 3.7628412 5.4114173 1.4949290 1.3303630 1.4610215 1.0237468 1.2099386 1.2826251 1.4899271 1.3098151 1.3585145 1.4296301 1.0763103 1.0870743 1.1401778 1.1752390 1.0042569 1.0042569 1.2145625 1.7464006 2.4068133 1.5067700 1.5415210 1.0419909 1.0758724 1.0079164 1.0002516 0.9614862 0.9680321 1.2583755 1.3234832 1.4291844 1.1034302 1.1936253 1.0001929 1.0827894 1.3529215 1.2718460 0.9777998 1.5345395 1.1847092 0.8951065 0.6757137 0.8728107 0.5234879 0.5573323 0.4760355 0.5703226 0.5623356 0.4572123 0.0000000 1.1638003 1.2936950 1.2936950 1.6676467 2.0208586 1.9089115 1.1809161 2.0747146 2.0875089 
