156
Lcom_lcpid147170                                        0.0000000 0.9881115 1.0222330 1.0479329 1.0346333 1.2594862 1.2312388 1.1671226 1.4742241 1.6283096 1.2761699 1.4112213 1.3892026 1.6396087 1.6637095 1.2156775 1.0149311 1.3430792 1.3417565 1.4185058 1.3286072 1.3599393 1.4312633 1.6252532 1.6526741 1.5333303 1.2441236 1.5138421 2.3844394 1.5074247 1.3864533 1.4165059 1.4230603 1.4717969 1.3822689 1.3907390 1.8380882 1.6415479 1.6570680 2.4933670 1.6030954 1.4479617 1.5864612 2.2027491 1.5434310 1.8397138 1.5972370 1.9255459 1.5127523 1.4628975 1.4664920 1.5374919 1.5711900 1.9334605 2.2104087 1.9376373 1.9968397 1.5126466 1.6216437 1.7852371 1.6939308 1.5575206 1.6733580 1.6410610 2.0385346 1.5809893 1.9675708 1.9967090 1.9967090 2.4756677 1.9967330 1.8364131 1.8557160 2.1843593 2.1843593 2.1738011 3.0790402 1.7236666 1.8797571 1.8797571 2.2149077 1.8167112 2.0291641 2.1181462 1.9849936 2.1010287 2.4349388 1.5995534 1.5016661 1.4972338 1.6484722 1.8028051 1.9214162 2.0517758 2.0685571 2.0503685 2.1804638 2.7087471 2.3060751 1.8973607 1.9905265 1.9491308 2.8803689 2.0977896 1.7468626 2.0874537 2.8749975 2.4616664 2.4616664 2.1879271 2.1879271 2.4065541 2.3736650 2.3816671 2.7173181 2.7173181 2.7748029 2.9124229 2.7142621 2.7189618 2.7165361 2.6208468 2.7011534 2.7116944 2.8188177 3.5525726 2.6356349 2.4111863 2.3806517 2.6292244 2.5539899 2.4309844 2.2672517 2.2652815 2.5089774 2.4039889 2.3563223 2.4481268 2.4040044 2.3961399 2.2538029 2.5090687 2.5719590 2.6110855 2.6871374 2.5490826 2.5097396 2.7169960 2.7966107 2.7966107 2.0472064 2.6743749 2.6400140 2.9407165 2.7050967 2.9167818 
Acagra_model.g13010.t1                                  0.9881115 0.0000000 0.0234673 0.0390540 0.3157812 1.1322652 1.1281114 1.1642641 1.2458769 1.5314025 1.2277710 1.3851464 1.4648564 1.5481842 1.6557511 1.3409737 0.9436560 1.3777730 1.5883068 1.4627010 1.3519315 1.3678856 1.5431922 1.5053629 1.5214647 1.4411868 1.1676571 1.4803728 2.0856817 1.8317496 1.1865274 1.0926936 1.1465113 1.0848088 1.2636640 1.1379047 1.6359545 1.5310064 1.6599402 2.0557167 1.5821750 1.7051796 1.6834966 1.7808766 1.4315920 1.5250048 1.4153414 1.7648204 1.5694097 1.5086426 1.2996734 1.7877874 1.8120292 1.8945276 2.0374935 1.8630230 2.0656972 1.9739028 2.0766185 2.0643894 1.9135490 1.5722380 1.8619576 1.6994147 1.9472070 1.5295321 2.2646652 2.2109661 2.2109661 2.7689811 2.2177016 2.0080733 2.2475088 2.2503678 2.2503678 2.1217489 2.7097485 2.0179280 1.8815974 1.8815974 2.3934344 2.1330905 2.2007377 2.2350406 2.6449993 2.1188717 1.7933231 1.9810057 1.5457362 1.3694059 1.6083084 1.9091721 1.9738448 1.9899758 2.0575365 2.0015980 2.1125556 2.5760553 2.2341130 1.8467123 1.9305558 2.0077817 2.7479256 1.9247767 1.7662206 2.0601961 2.8033724 2.4260875 2.4260875 2.3960945 2.3960945 2.4803103 2.4697668 2.4136595 2.5813715 2.5813715 2.5326055 2.7049332 2.6571516 2.6528647 2.6649566 2.5969435 2.6535757 2.6966921 2.7256615 3.1682011 2.3617202 2.3545912 2.3824251 2.5089536 2.4865641 2.4519301 2.3720855 2.4055861 2.7317127 2.4292476 2.4596445 2.4329182 2.3998146 2.3812465 2.1607593 2.8224702 2.7646161 2.4499321 2.5831065 2.4116276 2.3706051 2.7364139 2.5911343 2.5911343 2.3062108 2.2959386 2.6771024 3.2229781 3.5142706 3.4530893 
Acagra_model.g13010.t1.1.5d3b8708                       1.0222330 0.0234673 0.0000000 0.0395488 0.3792943 1.1360582 1.1813168 1.1564623 1.2798698 1.5703922 1.2432194 1.3996718 1.4536443 1.5564240 1.6191875 1.3814693 1.0241427 1.4194413 1.5883068 1.5059387 1.3795512 1.3678856 1.5935666 1.5585662 1.5716407 1.4887624 1.2294140 1.3987942 2.1209492 1.7827421 1.2151869 1.1245740 1.1798233 1.1163210 1.3003762 1.1865691 1.6608669 1.5858660 1.6706176 2.0557167 1.5694064 1.6929516 1.6655025 1.7808766 1.4277574 1.5508484 1.4282024 1.7482690 1.5998053 1.5350094 1.2996734 1.8351024 1.8059180 1.9115335 2.0700827 1.8876683 2.0756951 2.0282333 2.1132002 2.1084751 1.9013094 1.5895769 1.8954010 1.6994147 1.9272400 1.5347660 2.2773609 2.2232369 2.2232369 2.7689811 2.2298638 2.0180201 2.2418425 2.2610617 2.2610617 2.1217489 2.7097485 2.0179280 1.8891458 1.8891458 2.4594723 2.1473437 2.2296370 2.2350406 2.5899620 2.0853541 1.7493593 1.9610168 1.5340609 1.3694059 1.6008111 1.9091721 1.9436138 1.9920850 2.0602061 2.0037847 2.1125556 2.5760553 2.2341130 1.8110308 1.9119966 2.0019297 2.7479256 1.8977973 1.7900187 2.0793619 2.8033724 2.4319903 2.4319903 2.4058932 2.4058932 2.4604745 2.4346125 2.4174813 2.5937060 2.5937060 2.5613330 2.7352786 2.6866161 2.6823287 2.6946234 2.6099302 2.6635117 2.7105296 2.7738412 3.2457708 2.3808961 2.3738437 2.4019766 2.5297346 2.5071513 2.4721835 2.3720855 2.4330774 2.7215499 2.4574142 2.4613273 2.4610847 2.4268367 2.4080447 2.1924529 2.8086285 2.7529058 2.4774552 2.6239171 2.4399913 2.3983650 2.7685205 2.6218491 2.6218491 2.3219413 2.2959386 2.6771024 3.1812683 3.4934297 3.4113147 
Acagra_model.g13010.t1.3.5d3b8709                       1.0479329 0.0390540 0.0395488 0.0000000 0.4282456 1.1216345 1.1875706 1.1561545 1.3320730 1.6248211 1.2765503 1.4182020 1.4941159 1.5758628 1.6736917 1.3678706 1.0006558 1.4052967 1.5883068 1.4888127 1.3512527 1.3678856 1.5942616 1.5594861 1.5724417 1.4899305 1.2298626 1.5102799 2.0686975 1.8230544 1.2266588 1.1501292 1.1835496 1.1197683 1.3045621 1.2158042 1.6725390 1.6449349 1.6280810 2.0557167 1.5818289 1.7047818 1.7001883 1.7808766 1.4158063 1.5680723 1.4423597 1.7777301 1.5895963 1.5055001 1.2996734 1.8219238 1.8016153 1.8826818 2.0346104 1.8334915 2.0258545 1.9940001 2.0461761 2.0456548 1.9018704 1.5646329 1.8654372 1.6994147 1.8870789 1.5286286 2.2687899 2.1950255 2.1950255 2.7689811 2.2215685 1.9927067 2.1839986 2.2179786 2.2179786 2.1217489 2.7097485 2.0179280 1.8802186 1.8802186 2.3975635 2.1342003 2.2794429 2.2350406 2.6804040 2.1450459 1.6927136 1.9711803 1.4911794 1.3663693 1.6545984 1.9091721 1.9648650 2.0337571 2.1028792 2.0456970 2.1125556 2.5633804 2.2341130 1.8192574 1.9288775 2.0319663 2.7479256 1.9048253 1.7889490 2.0269395 2.8033724 2.4003173 2.4003173 2.3864187 2.3864187 2.4227234 2.4182682 2.4221567 2.5927771 2.5927771 2.5070149 2.6776919 2.6307463 2.6264646 2.6383627 2.5936388 2.6345088 2.6936398 2.7684902 3.2353271 2.3962677 2.3893042 2.4175678 2.5458224 2.5231691 2.4867596 2.3720855 2.4168066 2.7150765 2.4407670 2.4446567 2.4444409 2.4108387 2.3921615 2.1853362 2.7992999 2.7452913 2.4442984 2.5465644 2.4108208 2.3697434 2.7308400 2.5729699 2.5729699 2.2150715 2.2959386 2.6771024 3.2500973 3.5793371 3.4683668 
Acagra_model.g13010.t1.2.5d3b8708                       1.0346333 0.3157812 0.3792943 0.4282456 0.0000000 1.2410405 1.0024461 0.9780362 1.3193517 1.5622797 1.1621795 1.3394301 1.3581948 1.5788251 1.5958643 1.4451349 0.9436560 1.4451085 1.6996660 1.4606524 1.3812553 1.5766379 1.4461747 1.4037581 1.4133467 1.4710183 1.2712449 1.4068403 3.0225192 1.9807101 1.2196996 1.2000400 1.2113982 1.1567238 1.2078830 1.2329153 1.6306216 1.4430350 1.6914569 2.3693334 1.8063785 1.8838363 1.9421498 3.8263818 1.4677443 1.6583055 1.4677848 1.5001211 1.6182078 1.5543916 1.4208235 1.8142034 1.8529813 1.8710657 1.9011047 1.8732219 1.9899103 2.0005941 2.0835108 2.1231882 1.9844043 1.4646823 1.9204607 2.1199040 1.9669947 1.4515760 2.2935027 2.2855590 2.2855590 2.6222957 2.0479337 2.0587948 2.3247984 2.2643218 2.2643218 2.1852366 4.7681725 1.7557273 1.9230831 1.9230831 2.4374401 2.1746959 1.9816802 1.9949185 2.4436577 2.1719118 2.7928620 2.1293606 1.6773107 1.1543135 1.8205482 1.8456012 2.0114205 2.0641964 2.2392035 2.0867771 2.4570058 3.7760187 2.7198606 1.8111983 2.0226248 2.0421544 4.6785275 2.0851161 1.9343984 2.2631972 4.4241243 2.4973145 2.4973145 2.4210847 2.4210847 2.5850334 2.6500038 2.4993558 2.6968253 2.6968253 2.5973898 2.7349960 2.6483973 2.6421913 2.6585173 2.6724032 2.6244264 2.7247376 2.6881166 3.3904788 2.3649144 2.4535393 2.4992911 2.5402646 2.5080632 2.3926214 2.2469574 2.4702492 2.4910840 2.5227903 2.5851894 2.5507905 2.4814463 2.4542928 2.2117587 2.6142235 2.6017731 2.4989857 2.6443586 2.5571891 2.5071221 2.8090864 2.4681208 2.4681208 2.5047999 2.8493821 2.6344315 3.1823746 3.9370703 3.4760727 
Acagra_model.g30405.t1                                  1.2594862 1.1322652 1.1360582 1.1216345 1.2410405 0.0000000 1.1904384 1.3006619 1.4385420 1.7923229 1.1570392 1.7553107 1.8008597 1.8414814 1.8692580 1.5440105 1.1251051 1.6834960 1.7150958 1.6239617 1.6434362 1.6438295 1.5886847 1.8346853 1.8137112 1.5773531 1.3784860 1.6253569 2.2901185 2.0063299 1.4363336 1.3589123 1.3072527 1.3045512 1.4436387 1.3047787 1.8067532 1.4002542 1.8988936 2.2134548 1.7155190 1.7425280 1.8503677 1.9909474 1.5830069 1.8299926 1.8280628 2.1150157 1.5486168 1.6207803 1.4817076 1.9786856 1.9577506 2.1976020 2.3767917 1.9812017 2.0487097 2.2229553 2.1355145 2.0560675 2.0992418 1.8492080 1.8551408 2.0403722 2.1044369 1.8299159 2.4104451 2.2849556 2.2849556 2.2942672 2.0596557 2.0632455 2.3360316 2.2567561 2.2567561 2.4789642 3.0518280 1.7335571 2.2675231 2.2675231 2.3627555 2.2149935 2.2714583 2.3365787 2.2098729 2.4556889 2.0910712 1.8420781 1.5921014 1.7263671 1.8491626 2.2287621 2.3390271 2.4650639 2.4616275 2.5068172 2.2192933 2.8781085 2.3399668 1.9436333 2.0871031 2.1571286 2.7805929 2.1257374 1.9465912 2.2462853 3.1072944 2.6955866 2.6955866 2.5188484 2.5188484 2.7249641 2.7677420 2.5361272 2.8604709 2.8604709 2.7367517 2.9571375 3.0165455 3.0120888 2.9942313 2.9979811 2.8386890 2.8949393 3.0190574 3.5017021 2.6542966 2.6918839 2.7716699 2.6114280 2.6340370 2.7353932 2.4391355 2.6647033 3.0665404 2.7537506 2.6405437 2.6951392 2.6508738 2.6304435 2.3944018 3.2441065 3.3046929 2.4555278 2.4745724 2.5115777 2.5088281 2.6650567 2.5816123 2.5816123 2.1626603 3.1925878 3.2109112 3.0689841 3.2771548 2.7002290 
Cgig_NM_001308908.1                                     1.2312388 1.1281114 1.1813168 1.1875706 1.0024461 1.1904384 0.0000000 0.9093602 1.1184371 1.5199068 1.2677790 1.6260737 1.6853148 1.6899204 1.7026517 1.4181404 0.9171391 1.5452982 1.6975366 1.6432245 1.5729007 1.6119342 1.4677325 1.4019408 1.3798050 1.4237960 1.1998866 1.3970451 2.5647587 1.8222326 1.4768270 1.4448361 1.3566901 1.3906853 1.5327945 1.4570259 1.8171833 1.5868336 1.9052923 2.4623556 1.6230102 1.7259316 2.0214884 2.1535167 1.5269368 1.6593769 1.4849875 1.7240025 1.9849027 1.9146335 1.7988479 2.0804736 1.9960788 1.9255066 2.2385421 2.0541523 2.2383173 2.2107412 2.0922568 2.0998210 1.9432028 1.7017821 2.0244733 2.1808190 2.1241854 1.7299033 2.5347340 2.4759933 2.4759933 2.7626650 2.5067156 2.2940613 2.5018809 2.4980059 2.4980059 2.4618515 3.5172198 1.8473040 2.1164156 2.1164156 2.1762526 2.3595179 2.3936223 2.3800504 2.4613424 2.2297082 2.6386393 1.7260227 1.7012366 1.4380119 1.8406473 1.8919720 1.9702208 2.2348803 2.3107747 2.3238324 2.3413415 2.8267595 2.5119134 2.0948304 2.0298460 2.2781990 3.2008958 2.0600759 2.1183632 2.3503730 2.9143703 2.3729443 2.3729443 2.2628014 2.2628014 2.4624759 2.4718821 2.3716581 2.5851419 2.5851419 2.4810649 2.5950797 2.6584264 2.6541080 2.7546812 2.5537890 2.4690299 2.5446420 2.5921545 2.8244709 2.5715678 2.5518590 2.5657746 2.4749859 2.4602990 2.4413169 2.4282257 2.3928163 2.5914432 2.4887908 2.3324949 2.3269697 2.4468441 2.4276959 2.0617538 2.6946863 2.6991359 2.2440258 2.2620417 2.1954238 2.1573961 2.3303386 2.7150643 2.7150643 1.9500717 2.9202752 2.9593846 3.2153857 3.2228997 2.9816241 
Cgig_XM_011448982.2                                     1.1671226 1.1642641 1.1564623 1.1561545 0.9780362 1.3006619 0.9093602 0.0000000 1.1810779 1.8701556 1.2925943 1.4554522 1.6093890 1.6241541 1.7104903 1.3563685 0.9890959 1.5634414 1.6101076 1.5274398 1.4376829 1.5214426 1.4343250 1.4860044 1.4716905 1.3780684 1.1367263 1.3407275 2.3014402 1.9528391 1.4384731 1.4016583 1.5337811 1.4616359 1.6802146 1.4756808 1.9157439 1.7132196 1.7872754 2.2215511 1.4655468 1.7028608 2.1383603 2.1532277 1.3880214 1.6418834 1.5859987 1.8916428 1.7247001 1.6583919 1.7857222 1.8926907 1.9373652 2.0851823 2.3290176 1.7276610 1.7807703 2.0676884 2.0356156 1.9702982 1.6553524 1.3759091 1.8528962 1.9593447 1.7325445 1.6514813 2.1764977 2.2614815 2.2614815 2.5375191 2.1079880 2.0927230 2.2270688 2.0578787 2.0578787 2.1648145 3.0762582 1.8107514 2.0185508 2.0185508 2.1423161 2.0833913 1.9034240 1.9279528 2.2775115 1.9905061 2.1357990 1.5234720 1.5891334 1.5897032 1.5838652 1.8488129 1.8471151 2.1426493 2.2327640 2.1912861 2.0364436 2.4773076 2.0994964 1.7888452 1.9347440 2.0887557 2.6889412 1.9532102 2.0680712 2.5243028 3.3297278 2.1578672 2.1578672 2.1093980 2.1093980 2.2398518 2.2780917 2.2209502 2.5785180 2.5785180 2.5872197 2.7461185 2.7152595 2.6995825 2.9299629 2.6089076 2.6041678 2.6019243 2.8159288 3.0813600 2.4426537 2.2731823 2.3106012 2.3130813 2.2852718 2.4142249 2.4590542 2.2627975 2.3675931 2.2561137 2.1812671 2.1979484 2.3997505 2.3814114 2.1079150 2.5635918 2.4429383 2.4566894 2.5686177 2.4884850 2.4468580 2.6094629 2.4295332 2.4295332 2.3295085 2.4364570 3.3635044 3.1755088 3.1589918 3.1216492 
Cscu_XM_023359240.1                                     1.4742241 1.2458769 1.2798698 1.3320730 1.3193517 1.4385420 1.1184371 1.1810779 0.0000000 1.2277851 1.4375182 1.2663171 1.4153728 1.4646330 1.5578953 1.3139360 1.0759912 1.3442369 1.4892540 1.5606847 1.3556649 1.4599844 1.3000207 1.3963384 1.3729854 1.3400276 1.2647281 1.2813385 1.9226054 2.0231985 1.4960684 1.3079539 1.3063609 1.3199992 1.4772585 1.4523047 1.8376253 1.6218922 1.5257000 1.9872192 1.4281387 1.5788695 1.5969310 1.6396239 1.3111262 1.3853647 1.4927060 1.6308858 1.5689599 1.6298569 1.6052640 1.7028295 1.7342573 1.7669986 1.9603108 2.0012416 1.9488228 2.2860884 2.2514356 2.1054323 1.8514866 1.6946450 1.8228883 1.8331176 1.7900133 1.6124971 2.2824577 2.2346771 2.2346771 3.1279321 2.2620287 2.0897979 2.2698677 2.5904970 2.5904970 1.9041097 2.1055603 1.9505942 1.7646482 1.7646482 2.3832699 1.8713304 2.3526405 2.3672185 2.6401544 2.3891949 1.7104531 1.6813991 1.8264710 1.7048794 1.5342683 1.8564078 1.9076220 2.1467342 2.1043695 2.1144490 2.0132007 2.3216683 2.1378842 1.7193063 1.7263516 1.8665124 2.2083961 1.8231830 1.7789930 1.9770242 2.7317664 2.3747389 2.3747389 2.0872784 2.0872784 2.2412933 2.2977783 2.2759415 2.3009910 2.3009910 2.4355832 2.5453546 2.4944918 2.4904044 2.5867643 2.6375089 2.6193028 2.7589735 2.8363775 3.0818016 2.5638067 2.5781187 2.5927943 2.6851458 2.6618394 2.5872419 2.5393217 2.2374647 2.6729589 2.2205212 2.1935330 2.2314411 2.3305414 2.3269997 2.0913638 2.8515722 2.7473321 2.4122902 2.4418092 2.3168598 2.2921334 2.5157256 2.4466955 2.4466955 1.5883348 2.4187166 3.0902348 3.2687771 3.7152144 3.1597510 
Cscu_XM_023388063.1                                     1.6283096 1.5314025 1.5703922 1.6248211 1.5622797 1.7923229 1.5199068 1.8701556 1.2277851 0.0000000 1.6973934 1.9031813 2.0111890 1.9564395 2.0594337 1.7528159 1.2614290 1.7409660 2.0418136 1.9069804 1.8760804 1.7673055 1.8749908 1.9879167 1.8489759 1.6343995 1.4984599 1.4264262 3.0070089 2.2939679 1.9557766 1.8435668 1.8546518 1.8940436 1.9636556 1.9348924 1.9923746 2.0730031 1.7576842 2.0861826 1.8718709 1.8408977 1.9866881 2.0569520 1.6083470 1.7985411 1.4940068 1.6929839 1.8645644 1.8485586 1.5566859 1.8939180 1.9515301 1.9029295 1.9777108 1.8928103 2.0485843 2.1232023 2.1482669 1.9889767 1.8630688 1.7063818 2.0450365 1.9486914 2.0505043 1.8408922 2.6275932 2.5872214 2.5872214 3.3295395 2.4709541 2.2967132 2.6994107 2.3629060 2.3629060 2.2164131 2.7631205 2.0856060 2.2749053 2.2749053 2.5212543 2.0468711 2.3033497 2.3184505 2.7833506 2.7333432 2.2999858 2.0798241 2.3125618 2.1189489 1.9503612 2.0841648 2.1056562 2.2557070 2.4013985 2.3695912 2.2723986 2.6328777 2.3972525 1.8420095 1.8148023 1.9468406 2.8839282 1.9451193 1.9784367 2.0998567 2.5873766 2.2699403 2.2699403 2.2133762 2.2133762 2.1989253 2.3353385 2.2911880 2.2846676 2.2846676 2.4178229 2.5610681 2.4847284 2.4990394 2.4438963 2.4698534 2.4560282 2.5004614 2.3705959 2.5712399 2.5691545 2.6734351 2.6900937 2.5758594 2.5538743 2.4222318 2.2422076 2.3769874 2.8761375 2.3231630 2.3258515 2.3477017 2.3117855 2.2939948 2.1792165 3.0016125 3.1220778 2.3684744 2.3869970 2.3739124 2.3453654 2.3861336 2.4864034 2.4864034 1.6868248 3.0578609 3.1485637 3.0220205 3.4383057 2.8444388 
Cgig_XM_011431078.3                                     1.2761699 1.2277710 1.2432194 1.2765503 1.1621795 1.1570392 1.2677790 1.2925943 1.4375182 1.6973934 0.0000000 1.2829105 1.4016501 1.6241313 1.8337131 1.5032984 1.1625734 1.4797459 1.6229298 1.6325981 1.5096588 1.5973354 1.6894404 1.7387889 1.7367270 1.6423220 1.5493471 1.8942894 2.2771248 2.0825511 1.3140725 1.3560210 1.2891747 1.3340635 1.4197444 1.3653299 1.8023287 1.5647668 1.9479884 2.5262015 1.7869671 1.9816031 1.9046274 1.8866206 1.3208376 1.7906932 1.6246236 1.8063149 1.4865691 1.5097824 1.5381407 1.8042161 1.9390277 1.8253212 2.1649132 2.0911405 2.1694263 2.2370352 2.1916439 2.2321708 1.9953686 1.9050757 2.2568955 2.1715058 2.1265924 1.6321229 2.3842736 2.3169326 2.3169326 2.6786949 2.1698436 2.2747428 2.3555411 2.4311967 2.4311967 2.2767882 3.0724333 1.6214449 2.1515229 2.1515229 2.4637302 2.2052435 2.4816273 2.6195956 2.3793211 2.4420924 2.2938619 2.0616983 1.5856469 1.6750301 2.2446645 2.2336729 2.2962696 2.3432727 2.2668938 2.3016802 2.1164292 2.4990282 2.2783403 1.9366825 1.9429004 2.2122188 2.7172735 1.8826841 2.2099312 2.4048092 3.3889954 2.3497634 2.3497634 2.1667203 2.1667203 2.3036116 2.3162417 2.1721412 2.5776528 2.5776528 2.4607006 2.5160072 2.5434268 2.5472402 2.6100186 2.5487943 2.3663468 2.5598767 2.5270216 2.8557487 2.3019099 2.3481519 2.3378700 2.3414903 2.3319608 2.4238583 2.3993948 2.4457696 2.6055473 2.3877947 2.3394129 2.3500975 2.4630192 2.4439356 2.3967061 2.5204861 2.5758798 2.2337652 2.3522583 2.1591590 2.1866112 2.3351397 2.4888390 2.4888390 2.1579972 2.9622333 3.3685513 3.1710574 3.5505942 3.4989395 
Skow_XM_002738467.2                                     1.4112213 1.3851464 1.3996718 1.4182020 1.3394301 1.7553107 1.6260737 1.4554522 1.2663171 1.9031813 1.2829105 0.0000000 0.2188627 0.5790719 0.7047325 1.4687124 1.0706881 1.4267965 1.7986168 1.6325690 1.3911427 1.7723219 1.6191593 1.7044509 1.7179008 1.5794380 1.4434717 1.7310867 1.7673023 1.9543449 1.7616890 1.6075450 1.6503754 1.7491306 1.6312715 1.8427531 2.0580589 1.9224316 1.8427947 2.4425792 1.9887290 1.9052232 1.8480478 2.1563392 1.6172100 1.8076056 1.4584614 1.6307247 1.5258908 1.4962140 1.5891962 1.5816657 1.7132311 1.9122781 1.8362973 2.1243892 2.2084576 2.2633791 2.1080925 2.2608138 2.0685714 1.8541215 2.0153420 2.3025037 1.9142633 1.6201091 2.6804712 2.4033376 2.4033376 3.0100228 2.2860299 2.1839380 2.3897726 2.1259125 2.1259125 1.8595863 2.1577058 2.0288554 1.7523812 1.7523812 2.1698634 2.0764356 1.9043569 1.9496091 2.5566820 2.4043891 1.9004102 1.7368092 1.9095216 1.7495687 1.9066799 1.9369484 1.9188065 2.0322620 1.9367113 1.9342997 2.0782412 2.3159956 2.1841199 1.7809886 2.0688436 1.9763912 2.7034359 1.9675698 2.2435192 2.5130967 3.7706374 2.4319398 2.4319398 2.2292029 2.2292029 2.3593389 2.2773229 2.2867718 2.9609352 2.9609352 2.9040613 2.9979714 2.9186500 2.9004523 3.1138329 3.0969363 3.1652184 3.1094904 3.0718174 3.3040696 2.7455103 2.7943211 2.7662450 2.6450512 2.6286802 2.8405792 2.7277805 2.5597984 3.0146498 2.6807765 2.5732508 2.5651493 2.6479983 2.6252644 2.3510232 2.9958274 3.0313871 2.7619452 2.8214341 2.8223613 2.8250613 2.8090093 2.9590066 2.9590066 2.2820740 2.4034552 2.8082495 3.1951507 3.7163408 2.9492938 
Skow_XM_002738459.2                                     1.3892026 1.4648564 1.4536443 1.4941159 1.3581948 1.8008597 1.6853148 1.6093890 1.4153728 2.0111890 1.4016501 0.2188627 0.0000000 0.5187294 0.6757795 1.6488157 1.1556411 1.5769799 2.0270949 1.7901310 1.5962809 1.9852440 1.8903603 1.8338905 1.8377444 1.7700516 1.5032201 1.9006781 2.6671646 2.2275934 1.7542538 1.7968034 1.7146722 1.7721470 1.6939612 1.9008803 2.3750865 2.2146906 1.7753705 2.1594142 1.8713783 1.8978357 1.7833659 1.9277137 1.7263806 1.8595377 1.5459216 1.9288268 1.6650999 1.6102564 1.6278085 1.5975667 1.6636318 2.0987433 2.1247450 2.1753359 2.2865594 2.3000462 2.2034803 2.3336505 2.1978834 1.8778657 2.0925241 2.2636542 2.0419741 1.7251593 2.7423237 2.6289265 2.6289265 2.9810659 2.6148353 2.3748551 2.4900736 2.2159664 2.2159664 1.9534671 2.5868541 1.8206333 1.8047121 1.8047121 2.1817828 2.2048322 2.0635162 2.1021103 2.7869908 2.4467637 2.2220142 1.7431461 1.9467963 1.8760488 2.1005664 2.2310216 2.2444847 2.3516604 2.2138088 2.2442345 2.3006907 2.6625589 2.4114354 1.8447808 2.1189651 2.0162070 2.7217710 2.0178409 2.2481144 2.4837260 3.7516782 2.8648520 2.8648520 2.6499345 2.6499345 2.7858826 2.7398166 2.6841510 3.0471853 3.0471853 3.0677380 3.1031699 3.1591221 3.1411895 3.2147676 3.1983979 3.1508199 3.1598015 3.1922785 3.5460387 2.7171449 2.6812625 2.7167456 2.7228275 2.6723921 2.8096974 2.6977355 2.8246829 3.5333130 3.0275916 2.8592564 2.9930694 2.8736111 2.8511937 2.6958778 3.0535108 3.6141265 3.0764312 3.0666682 3.0032084 2.9692140 3.2169868 3.2538523 3.2538523 2.3264757 2.6356902 2.9334275 3.0059205 3.7931940 3.0610681 
Skow_XM_002738468.2                                     1.6396087 1.5481842 1.5564240 1.5758628 1.5788251 1.8414814 1.6899204 1.6241541 1.4646330 1.9564395 1.6241313 0.5790719 0.5187294 0.0000000 0.4190700 1.8918901 1.1972149 1.7635468 2.2708145 1.9844487 1.7206008 2.2134199 1.9746327 2.0515880 2.0272142 1.8319197 1.7796462 2.0373385 2.4865841 2.4147653 1.7682331 1.7566107 1.7929668 1.8102442 1.8012713 1.9150621 2.3978033 2.1896294 1.9501163 2.4167736 2.0448177 1.9850278 2.1201127 1.9891376 1.6946004 1.7069565 1.6237420 1.8963312 1.6685449 1.7460574 1.6234518 1.8253381 1.9007629 2.4643325 2.2949853 2.3255098 2.3966482 2.3624762 2.2978198 2.3786162 2.3214185 1.9620543 2.3033958 2.3119152 2.1836336 1.9136611 2.8937535 2.9103799 2.9103799 3.3038105 2.6834681 2.6270526 2.6649597 2.5738671 2.5738671 2.1256010 2.5196279 2.0134707 2.1580781 2.1580781 2.3969155 2.2835341 2.1726990 2.2183596 3.0248534 2.7182936 2.4318424 1.9660035 2.1049731 1.9478952 1.9838210 2.2187948 2.1990562 2.4547598 2.3560510 2.3769164 2.3969596 2.6919525 2.4662768 1.9913166 2.2278863 2.1802037 2.9030984 2.0441379 2.3497906 2.7245473 4.2128095 2.6851921 2.6851921 2.5475363 2.5475363 2.6038877 2.6559226 2.6135299 3.2364617 3.2364617 2.9991910 2.9594422 3.1756943 3.1573443 3.2886382 3.1583803 3.0560046 3.1189431 3.1335884 3.6923063 3.0919234 3.0206609 3.1016044 3.0258134 3.0104117 3.1386747 3.0212541 3.0904231 3.4609581 3.1829490 3.1013055 3.2373769 2.9823730 2.9787585 2.7952727 2.8419638 3.4280426 2.8853342 2.8736029 2.8612257 2.8400118 3.0190878 3.0450264 3.0450264 2.2867717 2.7207532 2.8740675 3.6291293 3.9272615 3.2644281 
Skow_XM_006821091.1                                     1.6637095 1.6557511 1.6191875 1.6736917 1.5958643 1.8692580 1.7026517 1.7104903 1.5578953 2.0594337 1.8337131 0.7047325 0.6757795 0.4190700 0.0000000 1.8987069 1.4494043 1.9683998 2.3142809 2.0547170 2.0229495 2.2354050 2.0162303 2.2334302 2.1958156 2.0367389 1.7711672 2.4518645 2.5566833 2.4915500 1.8911582 1.8076628 1.8354794 1.7799798 1.8583514 1.9217151 2.6279988 2.2785937 2.1488273 2.6299903 1.9409887 1.9738410 1.8804035 1.8993436 1.8816136 1.7918354 1.7398865 1.9843039 1.9612672 2.0140454 2.0211153 1.8959259 1.9827187 2.3487589 2.3426018 2.2882537 2.2987117 2.4554981 2.6022680 2.6079080 2.3439148 2.1897906 2.2700450 2.3751538 2.3636732 2.0325749 3.0051013 3.0591524 3.0591524 3.2880086 2.9561709 2.6857224 2.8814988 2.3248552 2.3248552 2.2141945 2.7311826 2.2532351 2.2601716 2.2601716 2.4612179 2.3455710 2.3628516 2.4250442 2.9963129 2.8231240 3.0151366 1.7825504 2.1662699 2.2335594 1.9565358 2.4453835 2.3952104 2.6175505 2.6379506 2.6207604 2.6897839 2.9973728 2.6510707 2.2366182 2.4044097 2.5405425 3.6450730 2.3497296 2.5729003 3.0460917 4.5605213 2.7722165 2.7722165 2.5692595 2.5692595 2.7008270 2.7661573 2.8072642 3.3257895 3.3257895 3.0770924 3.0450471 3.2233339 3.2188428 3.3337694 3.0907014 3.0345975 3.1219589 2.9627914 3.6293955 3.1081330 3.0064985 3.1062657 3.0279303 3.0375542 3.0991775 2.7976724 3.0354607 3.0659032 3.1480105 3.0401345 3.0300595 2.9636688 2.9599395 2.8255277 2.8142025 3.3440886 2.7756892 2.8446350 2.8851146 2.8524345 2.9287467 3.0512935 3.0512935 2.4326654 2.6035086 2.9021316 3.4510349 3.9449740 3.0536395 
Fspp_ffun1.m4.30031.m1                                  1.2156775 1.3409737 1.3814693 1.3678706 1.4451349 1.5440105 1.4181404 1.3563685 1.3139360 1.7528159 1.5032984 1.4687124 1.6488157 1.8918901 1.8987069 0.0000000 0.2730759 0.4345042 0.2152386 0.3497553 0.3033459 0.3154702 0.5420737 0.7686919 0.7645735 0.6772940 0.4886202 0.7965543 0.5281990 1.0221189 1.5418249 1.5396136 1.4948888 1.4271682 1.5755613 1.4326827 1.5986826 1.4833972 1.2127848 1.8588542 1.3565803 1.4023894 1.5205318 1.9991328 1.4945857 1.5672924 1.4506298 1.6757036 1.8782305 1.8088544 1.7703913 1.7334131 1.7781536 1.8332974 2.0112602 2.0365320 2.0400428 2.0465604 1.9649314 2.0078993 1.8926203 1.5145092 2.0510176 1.9718274 1.7199475 1.5693843 2.0493188 1.8647918 1.8647918 1.9064189 2.0820883 1.9012677 2.1463569 2.3991183 2.3991183 2.2110445 3.1919834 1.7799311 1.8974319 1.8974319 2.0732099 2.3174709 2.0049825 1.9858938 2.2318717 2.3055812 1.6979215 1.6262200 1.6840871 1.6428275 1.6488114 1.9611979 1.8941701 2.1447592 2.1646007 2.1855311 2.1057875 2.6312469 2.3006981 1.8094086 1.8008410 1.8607096 2.7799691 1.7589351 1.9536308 2.1233587 2.8662965 2.4664145 2.4664145 2.2526159 2.2526159 2.3598159 2.4168455 2.3490601 2.2206742 2.2206742 2.1695938 2.3296936 2.4471909 2.4326838 2.4420073 2.4126367 2.2803897 2.3968859 2.7255516 3.4784201 2.4248286 2.3774539 2.4044468 2.3077289 2.2501398 2.2185760 2.0521163 2.3460705 2.7714257 2.3419959 2.2867895 2.3179868 2.2625448 2.2442711 2.2624702 2.2397176 2.7171766 2.3612915 2.3223327 2.4502570 2.4502038 2.4297242 2.6781428 2.6781428 1.9206336 2.7830221 2.2535841 3.0755674 3.4064495 3.0159344 
Fspp_ffun1.m4.30032.m1                                  1.0149311 0.9436560 1.0241427 1.0006558 0.9436560 1.1251051 0.9171391 0.9890959 1.0759912 1.2614290 1.1625734 1.0706881 1.1556411 1.1972149 1.4494043 0.2730759 0.0000000 0.2706830 0.5152017 0.2863462 0.2909097 0.4769554 0.2983875 0.3893716 0.4260572 0.3443371 0.5011064 0.8369979 1.9390902 1.1892016 1.0646371 1.0500751 1.0078734 0.9929464 1.0173442 0.8500826 1.0065754 0.9505801 0.7794046 1.4498786 1.2800516 1.3683732 1.4200901 9.0000000 0.9036537 0.9565204 1.0021288 1.3666179 1.1174898 1.1188761 0.9366313 1.1583580 1.1759819 1.3579545 1.4564600 1.7978547 1.7355100 1.6325319 1.4979223 1.4371755 1.2093587 1.5282549 1.4430899 1.2597940 1.8665735 1.5115400 1.7556296 1.5959206 1.5959206 2.2504213 1.5116704 1.4955237 1.7735436 2.0217994 2.0217994 1.5874483 0.0000010 1.4082525 1.5416898 1.5416898 1.6348854 2.0623845 1.7494245 1.4626577 2.1109285 2.1706389 5.8631523 1.1045659 1.2632733 1.0225240 1.4100275 1.4192382 1.3981373 1.6041978 1.7833107 1.6371096 1.2026314 2.3799190 1.4953373 1.1678809 1.1362299 1.0632265 0.0000010 1.0960759 1.3852137 1.5221905 3.4277000 1.6734895 1.6734895 1.4268130 1.4268130 1.6673862 1.7912118 1.6546441 1.3988663 1.3988663 1.2803693 1.3687809 1.4009554 1.3772327 1.4681885 1.5380098 1.5567055 1.6240191 1.9116019 2.7129148 1.6602271 1.5837996 1.5605265 1.6963847 1.5927610 1.5435292 1.5945164 1.3603580 1.7529340 1.3221418 1.3221399 1.3839199 1.4965485 1.4891366 1.3603580 1.4587921 1.3717514 1.8193073 1.7585628 1.7602984 1.7539094 1.6944315 1.9173454 1.9173454 1.4378990 2.2497188 1.9805723 2.6018856 2.6249584 2.2820335 
Gasp_gasp1.m3.17694.m1                                  1.3430792 1.3777730 1.4194413 1.4052967 1.4451085 1.6834960 1.5452982 1.5634414 1.3442369 1.7409660 1.4797459 1.4267965 1.5769799 1.7635468 1.9683998 0.4345042 0.2706830 0.0000000 0.5204399 0.4731546 0.4614120 0.5162725 0.6004621 0.7581182 0.7727819 0.7259214 0.6175424 0.7422357 0.7055370 1.1231673 1.5967817 1.6068643 1.5572966 1.5208311 1.6767960 1.4650055 1.7079935 1.6427003 1.3364162 1.7982784 1.4608825 1.5136137 1.6734992 1.9914437 1.3677667 1.5877236 1.4862507 1.6720082 1.8359420 1.6801216 1.6496193 2.0828505 2.1108161 1.8991376 1.9545272 2.0641403 2.1164323 2.1210376 2.1146744 2.0393149 1.9417892 1.6235624 2.0405947 1.9059032 1.9140423 1.8254246 2.0249511 1.9998129 1.9998129 2.1337749 2.0985300 1.9605363 2.2114395 2.4389822 2.4389822 2.2211712 2.9050675 1.6245924 1.8705234 1.8705234 2.2244438 2.3955278 2.1763090 2.1256835 2.4585955 2.4949890 1.5060054 1.7939876 1.7494660 1.9085023 2.0479388 2.1397827 2.0450665 2.4217851 2.3391415 2.4404658 2.1910503 2.7104015 2.3605223 1.8016349 1.9226985 1.9201727 3.2058924 1.8576742 1.8503759 2.0096512 2.8513907 2.2451871 2.2451871 2.1170996 2.1170996 2.1564793 2.1937652 2.1234008 2.3406413 2.3406413 2.2224667 2.3720181 2.4008035 2.3960102 2.4519290 2.2723543 2.1806222 2.2799320 2.5655606 3.1057718 2.2182845 2.1984069 2.1989101 2.0944504 2.0652255 2.1473137 2.1825219 2.3159279 2.6757217 2.3327939 2.2787575 2.3192510 2.2058199 2.1880257 1.9903827 2.4537914 2.6364873 2.2952950 2.2264799 2.3362234 2.3368018 2.3922206 2.4692151 2.4692151 1.9982313 2.8712084 2.3078251 2.9964856 3.7152266 2.9572286 
Fspp_ffun1.m4.31743.m1                                  1.3417565 1.5883068 1.5883068 1.5883068 1.6996660 1.7150958 1.6975366 1.6101076 1.4892540 2.0418136 1.6229298 1.7986168 2.0270949 2.2708145 2.3142809 0.2152386 0.5152017 0.5204399 0.0000000 0.4991035 0.4618219 0.3728441 0.7677002 1.1108889 1.0774374 0.8977576 0.6661814 0.6111009 0.5872803 1.0675221 1.6610799 1.5517737 1.5865667 1.5437161 1.7669434 1.5598835 1.6236390 1.5851935 1.6332382 2.1868069 1.6085740 1.5677775 1.7128727 2.3799246 1.6118467 1.8108656 1.6640960 1.8709154 2.2752369 2.2842458 2.0986887 2.2133222 2.2354470 2.2058734 2.1997048 2.0807763 1.9523700 1.9934801 2.0027987 2.1787687 1.8673294 1.2523512 2.1944191 2.1008398 1.8557500 1.7349924 2.2667937 1.9656448 1.9656448 2.1970454 2.1682722 2.1147129 2.5594311 2.6515079 2.6515079 2.6930416 3.7798648 2.1285446 2.3995062 2.3995062 2.5160469 2.7772144 2.4988874 2.4988874 2.6339876 2.6555749 1.8752269 1.9490678 1.8588057 1.8903470 1.8620207 2.3235672 2.3094302 2.5901816 2.6033772 2.6735462 2.3149729 2.8638817 2.5777253 2.1544275 2.2662889 2.1843181 3.1817650 2.0875887 2.2523360 2.3216536 3.0946447 2.9800754 2.9800754 2.8105105 2.8105105 2.8928555 2.9128235 2.7676070 2.7250112 2.7250112 2.7050746 2.8990686 2.8844629 2.8844629 2.8952846 2.8532438 2.7629101 2.8494410 3.0571996 3.7710393 2.6066662 2.6911987 2.7739468 2.5590958 2.4848230 2.5343989 2.3280035 2.8441758 3.2078111 2.8349611 2.7911070 2.8349269 2.7152372 2.6907500 2.8209449 2.8490901 3.3416489 2.6723521 2.6276981 2.8196246 2.8198221 2.7422622 3.0413602 3.0413602 2.1911637 3.2075344 2.1854031 3.1220181 3.7242511 3.3925258 
Pocdam_XM_027196718.1                                   1.4185058 1.4627010 1.5059387 1.4888127 1.4606524 1.6239617 1.6432245 1.5274398 1.5606847 1.9069804 1.6325981 1.6325690 1.7901310 1.9844487 2.0547170 0.3497553 0.2863462 0.4731546 0.4991035 0.0000000 0.2750564 0.4295561 0.6001207 0.8604576 0.8673079 0.7322810 0.6185827 0.7810901 0.5472424 1.1176096 1.6523561 1.5883145 1.6340815 1.5701513 1.7657731 1.5322837 1.8130336 1.7289060 1.2862464 1.8764363 1.4376885 1.2944559 1.5525691 1.8887446 1.6646725 1.7554094 1.6634751 2.0647184 1.8742337 1.8743700 1.7867978 1.9582341 1.9416152 2.1089723 2.2732575 2.1840551 2.1951019 2.2248361 2.2831309 2.2462823 1.9536291 1.6763048 2.1495434 1.9766872 1.9883786 1.8653320 2.1223111 1.9338862 1.9338862 2.0321995 2.1378208 2.0440956 2.4152009 2.2520538 2.2520538 2.2508531 3.2649212 1.5926847 2.0159012 2.0159012 2.2188443 2.5159451 2.0051861 1.9618547 2.2612936 2.3075350 1.8172914 1.7304969 1.9127959 1.9088769 1.9043305 2.2021561 2.0625293 2.3707876 2.4341617 2.3534954 2.5163357 3.0006272 2.6916080 1.9546799 2.0283617 2.0032093 3.3785447 1.9418097 2.1346995 2.1738000 3.1189152 2.4271735 2.4271735 2.2945140 2.2945140 2.3303532 2.3682363 2.2991969 2.5668431 2.5668431 2.4544729 2.6601327 2.6695889 2.6541205 2.7289091 2.6016548 2.5100625 2.5516648 2.8432208 3.6212500 2.5943260 2.5933250 2.6124507 2.4021333 2.3425185 2.3757310 2.3020201 2.4330252 2.8080655 2.4233448 2.3739465 2.4154209 2.3711525 2.3522814 2.2611079 2.4069685 2.6337511 2.5041726 2.4516786 2.5827521 2.5866372 2.5754455 2.7116137 2.7116137 2.1969121 3.2479396 2.2540943 3.3264345 3.7832369 3.1363803 
Spis_XP_022781838_1                                     1.3286072 1.3519315 1.3795512 1.3512527 1.3812553 1.6434362 1.5729007 1.4376829 1.3556649 1.8760804 1.5096588 1.3911427 1.5962809 1.7206008 2.0229495 0.3033459 0.2909097 0.4614120 0.4618219 0.2750564 0.0000000 0.4879206 0.5608801 0.7936325 0.8019514 0.7107260 0.5514189 0.7569957 0.6410682 1.0568737 1.5590883 1.5147286 1.6023958 1.5529055 1.6829290 1.5813916 1.7357144 1.6394841 1.3121085 1.8108862 1.4863070 1.4075020 1.5453530 1.8726833 1.5058552 1.5714464 1.4634604 1.7188638 1.8324172 1.7458138 1.6540596 1.6982559 1.7239992 1.9065391 2.0562460 2.0371554 1.9580854 2.1691933 2.1181235 2.1244874 1.9801556 1.4620425 2.1203586 1.9961535 1.8675059 1.7411589 2.2379987 2.0321039 2.0321039 2.2554640 2.1439048 2.1672019 2.3413069 2.4404127 2.4404127 2.2902843 3.3472109 1.5821983 2.0746501 2.0746501 2.1445005 2.4978360 2.0810578 2.0457742 2.2626553 2.3067007 1.7183375 1.5343110 1.7488318 1.7232707 1.8000100 2.0572349 1.9335666 2.3210996 2.2687926 2.3207968 2.4034986 2.8378367 2.5757353 1.9614543 1.9271138 1.9234745 3.1559624 1.8873768 2.0059407 2.0621678 3.0713925 2.3896740 2.3896740 2.2623909 2.2623909 2.2506392 2.2878759 2.2327948 2.3326615 2.3326615 2.2014064 2.2782787 2.3490306 2.3352888 2.4171124 2.2309086 2.1728926 2.2427146 2.5361926 3.0530773 2.2464668 2.1409045 2.1470267 2.0949843 2.0445256 2.0984902 1.9880139 2.1228198 2.5804841 2.1244300 2.0680208 2.1054566 2.0769726 2.0604029 2.0632076 2.1266935 2.4348713 2.2697326 2.2335515 2.3351499 2.3350483 2.3589644 2.4759346 2.4759346 2.1382099 2.9263706 1.9434474 3.0783562 3.7029301 3.0483368 
Gasp_gasp1.m3.17693.m1                                  1.3599393 1.3678856 1.3678856 1.3678856 1.5766379 1.6438295 1.6119342 1.5214426 1.4599844 1.7673055 1.5973354 1.7723219 1.9852440 2.2134199 2.2354050 0.3154702 0.4769554 0.5162725 0.3728441 0.4295561 0.4879206 0.0000000 0.5901967 0.9318204 0.9361275 0.7454039 0.5344685 0.2862278 0.5177237 0.9509943 1.6924593 1.6374037 1.5211035 1.4937463 1.7120548 1.5685646 1.5991663 1.6288645 1.3881578 2.0474541 1.4780030 1.3713716 1.5810089 1.8909058 1.5458824 1.7737177 1.7292652 1.8725985 2.1204174 2.0852285 2.0364220 1.9277816 2.0109749 1.9343152 2.0762981 2.1203730 2.0295542 2.1192365 2.1660320 2.1927393 1.8567448 1.3382129 1.9374514 1.8347168 1.9207522 1.7117544 2.0160611 1.8200564 1.8200564 1.8378391 2.0633458 1.8841987 2.3188671 2.4569148 2.4569148 2.4036502 3.1078116 1.9760450 2.0124448 2.0124448 2.1838599 2.5738872 2.2912835 2.2912835 2.3770051 2.3803206 1.7567144 1.7818396 1.8567383 1.9395081 1.7385084 2.2724189 2.2324819 2.5685224 2.6110152 2.6945063 2.2584551 2.8069908 2.5235012 2.2045903 2.1714989 2.2822257 3.2340836 1.8835586 2.1002086 2.1632898 2.8625252 2.5958020 2.5958020 2.3969060 2.3969060 2.4969591 2.5409891 2.3992827 2.5503330 2.5503330 2.4130751 2.5103554 2.5857997 2.5857997 2.6349890 2.6566246 2.5734003 2.6287968 2.9869816 3.6294831 2.5929052 2.4800430 2.5648039 2.5038993 2.4317409 2.3534723 2.1963348 2.6697698 2.8851785 2.6767751 2.6064553 2.6666990 2.6275448 2.6042057 2.5858318 2.6716203 2.8942434 2.5510531 2.5386627 2.6814208 2.6789708 2.6422595 2.8918882 2.8918882 1.9956541 3.0992565 2.3555519 3.0673270 3.5960519 3.2461647 
Gfas_gfas1.m1.6365.m1                                   1.4312633 1.5431922 1.5935666 1.5942616 1.4461747 1.5886847 1.4677325 1.4343250 1.3000207 1.8749908 1.6894404 1.6191593 1.8903603 1.9746327 2.0162303 0.5420737 0.2983875 0.6004621 0.7677002 0.6001207 0.5608801 0.5901967 0.0000000 0.5844832 0.5705675 0.5140614 0.2977773 0.6603728 0.8091146 0.8851500 1.6700713 1.5814145 1.6003184 1.5762130 1.6956958 1.5979919 1.8038742 1.5057757 1.4782590 2.1877132 1.3134508 1.2405246 1.5001695 1.9060149 1.4635477 1.7355696 1.6611992 2.0660300 2.0387953 1.9075836 1.8035700 1.9691311 2.0122517 1.8974620 2.2072084 2.0752420 1.9930714 2.1882080 2.2198483 2.1198299 1.9136190 1.4302888 2.0251516 1.9940963 2.0541982 1.7564679 2.2859242 2.2079599 2.2079599 2.4831649 2.2222727 2.0387602 2.3187864 2.6903761 2.6903761 2.3697101 3.4665890 1.6215556 2.2293392 2.2293392 2.4494701 2.6491019 2.2194432 2.1649071 2.6944264 2.3760086 2.3098119 1.5874190 1.8703894 1.8595708 1.8390916 2.0945338 2.0355373 2.2663171 2.2229355 2.2194369 2.2025059 2.9023709 2.4160822 1.9256921 1.9415851 1.9021593 3.5216206 1.8098370 1.8722330 2.1022604 3.1118776 2.4350323 2.4350323 2.3197901 2.3197901 2.3791058 2.4535970 2.3165672 2.4894138 2.4894138 2.3615456 2.4596856 2.5752579 2.5603234 2.5305924 2.5000916 2.3573203 2.5386849 2.7494740 3.4720736 2.4383757 2.2530638 2.2789348 2.2788481 2.2228759 2.2391663 2.2087168 2.2301899 2.7549878 2.3329923 2.2391311 2.2905303 2.3049490 2.3018611 1.9643885 2.5779966 2.8042644 2.3338601 2.2354933 2.4154695 2.4132748 2.4175064 2.6626334 2.6626334 2.1412635 2.9955413 2.4680800 3.4008598 3.9058929 2.9924865 
Amil_Amillepora19997-RA                                 1.6252532 1.5053629 1.5585662 1.5594861 1.4037581 1.8346853 1.4019408 1.4860044 1.3963384 1.9879167 1.7387889 1.7044509 1.8338905 2.0515880 2.2334302 0.7686919 0.3893716 0.7581182 1.1108889 0.8604576 0.7936325 0.9318204 0.5844832 0.0000000 0.0099033 0.2411697 0.4553457 0.6325107 1.2509245 1.1353692 1.7551958 1.6249011 1.6237925 1.6952418 1.7561520 1.6612248 1.7726616 1.7282995 1.5283248 2.2966892 1.5452683 1.6843827 1.7940381 2.1938785 1.4801514 1.6923076 1.4672118 1.7873312 2.0865964 1.9649606 2.0130767 2.0180593 2.0317537 1.8698944 2.2801664 2.0111002 2.0339219 2.2135641 2.1161220 2.0519614 1.7742719 1.3044854 1.9075309 1.9771759 1.7439228 1.8635053 2.3445101 2.3348628 2.3348628 2.8161112 2.3229858 2.2114378 2.4663727 2.6789422 2.6789422 2.4579089 3.6392753 1.5825337 1.9624645 1.9624645 2.1781707 2.2807021 2.2343120 2.2781281 2.4480281 2.2690974 2.1085839 1.6046894 1.8339485 1.9267946 2.0986842 2.1821672 2.1292421 2.3929177 2.2984191 2.3402186 2.5468140 3.5857078 2.8043080 1.9473842 2.0165768 1.9787323 3.6089932 2.0845106 2.1007717 2.0499834 2.9333710 2.5135281 2.5135281 2.3659259 2.3659259 2.4852093 2.5492851 2.4647759 2.5671812 2.5671812 2.5413282 2.6520615 2.7280411 2.7108320 2.7193354 2.6645495 2.4999517 2.6722997 2.9181638 3.6851439 2.4921201 2.3827835 2.3863536 2.3796596 2.3060410 2.3821591 2.2757352 2.6764950 2.8272568 2.7105625 2.6114237 2.6757394 2.6444036 2.6219707 2.3318312 2.6937863 2.8434880 2.6122064 2.6350645 2.6522224 2.6241527 2.5701201 2.8488041 2.8488041 2.3887105 3.4384019 2.7226347 3.7416662 4.0204637 3.7640182 
