65
Lcom_lcpid97370                                               0.0000000 0.2377331 0.2420953 0.4166208 0.4610166 1.5604127 1.1254960 0.7348055 1.3541063 0.9436336 1.3307898 0.6878680 1.3847922 1.0329518 1.1831768 1.6765714 1.0555674 1.1761862 1.2689020 1.2883595 1.9891530 1.4502965 0.7705733 1.5230502 1.5348673 1.4922826 1.9697092 1.2042546 1.2971761 1.5853190 1.4216877 1.3811343 1.3691862 1.1291355 1.5513377 1.1981327 1.2352513 1.5738760 1.4641398 1.4601245 1.4822928 1.5729181 1.5729181 2.2876100 1.3494855 1.7640386 1.5408993 1.6210067 0.9175893 0.8863007 1.7557434 0.9670270 1.4709329 1.7370972 1.2841215 1.4907245 1.6758543 1.6503043 2.0434049 1.6235476 1.5689804 2.0734740 1.8713664 1.5113647 0.5687081 
Scil_scict026101.2                                            0.2377331 0.0000000 0.2443826 0.4084273 0.3457176 1.4087343 1.1343123 0.7061135 1.3527915 0.9204624 1.3603216 0.7701462 1.4118240 1.0792285 1.1699393 1.5965505 0.9935973 1.2203436 1.2376943 1.2569504 1.8957317 1.4413575 0.7768968 1.4788571 1.4803497 1.4221618 1.9395713 1.2608401 1.4328290 1.8260950 1.4679456 1.4718300 1.3473604 1.0449785 1.3822681 1.1907292 1.4517163 1.6984224 1.6306885 1.6438436 1.6567887 1.7066026 1.7066026 2.5110656 1.4800929 1.8031470 1.5132069 1.7407060 0.9148260 0.8832007 1.8773684 1.0113304 1.5833630 1.7402305 1.4457394 1.6340115 1.7228894 1.6738508 2.1177230 1.6464895 1.6291190 2.1086440 1.9841460 1.5255063 0.5065290 
Leuniv_Lniv_C802740_01                                        0.2420953 0.2443826 0.0000000 0.4282040 0.3886121 1.7219292 1.2653709 0.8241928 1.5497291 1.0459020 1.4130498 0.8004059 1.3864703 0.9993035 1.0906075 1.4642766 0.9646931 1.2607289 1.2947088 1.3145503 1.6390402 1.5530292 0.7986407 1.4725992 1.5180550 1.4687712 1.8806254 1.3790833 1.3358093 1.8117159 1.4838725 1.3189722 1.3018319 1.0437839 1.3524419 1.2573242 1.2736045 1.5677140 1.5582479 1.5822371 1.5751927 1.6599786 1.6599786 2.5838935 1.2754555 1.6596764 1.4081306 1.6802456 0.9118755 0.8801079 1.7609686 0.9774373 1.3811617 1.7623638 1.2642579 1.4516180 1.6701256 1.6691918 2.1089990 1.6419317 1.5552825 2.0903284 1.8267180 1.4985169 0.5476117 
Clacor_Ccor_scaffold12591_01                                  0.4166208 0.4084273 0.4282040 0.0000000 0.3041436 0.8820811 0.7868376 0.5395017 0.9335424 0.6127883 0.8740946 0.7999099 1.0564571 0.6780851 0.6980348 1.1274950 0.6502917 0.7598883 0.8875889 0.8875889 1.1235343 1.0456488 0.8292400 1.0124903 1.1031455 0.9711358 1.1223313 0.9120163 0.8670115 0.8748776 0.8454815 0.8202366 0.8944586 0.7593617 1.0275739 0.8163329 0.7580088 0.9900036 0.9937976 0.9971632 1.0196032 1.0366221 1.0366221 1.5968955 0.9339418 1.1812456 1.3970241 1.2593852 1.0734380 1.0378489 1.3639540 1.0465088 1.1654496 1.0120238 1.0489925 1.2109088 1.1920425 1.0313844 1.2291021 1.0313844 1.0517442 1.5822424 1.4173459 1.2115196 0.4706786 
Gracom_Gcom_scaffold8516_01                                   0.4610166 0.3457176 0.3886121 0.3041436 0.0000000 1.6603644 1.1424796 0.7821941 1.3999309 0.9477617 1.4324307 0.9227674 1.2462829 0.9598759 1.0317731 1.5429649 0.9247300 1.0711642 1.1592344 1.1773969 1.8908738 1.6225646 0.7396960 1.4787828 1.5904002 1.6055283 1.8366507 1.1791114 1.2879123 1.6396107 1.3413140 1.3348688 1.3003180 1.1173485 1.5810815 1.1000340 1.1984105 1.7566436 1.7301472 1.7407543 1.7683188 1.7275751 1.7275751 2.7306764 1.4508365 1.5678521 1.5222819 1.5911381 0.8654114 0.8356726 1.6414670 0.9341756 1.3932100 1.6112775 1.2205624 1.2869374 1.5174136 1.8501735 2.3816571 1.8370680 1.5743955 1.8030281 1.9208486 1.6387854 0.5002597 
Emue_Em0001g2503a.t1                                          1.5604127 1.4087343 1.7219292 0.8820811 1.6603644 0.0000000 0.8592053 0.5761993 0.2490565 0.2490565 1.4451962 0.6742943 1.8439494 1.3550039 1.4100384 1.7487973 1.3948676 1.5705182 1.7596790 1.7912466 2.8734692 2.0637660 0.8800022 2.0893995 2.1428474 1.7625975 2.3406646 1.3943998 1.3953611 2.0742407 1.7126620 1.7642471 1.9687711 1.2425922 1.5712486 1.2672166 1.7707359 2.0953838 1.9030445 1.9443790 1.9776413 1.8300251 1.8572425 2.7646309 2.1857931 2.1091974 1.1704191 2.6342435 1.0191303 0.9719665 2.2453450 1.2629989 2.1340405 2.1811285 1.4584154 1.7910626 2.0140814 2.3108821 2.2982676 2.2982676 2.2280329 2.9162352 1.9183130 2.2146462 0.4054516 
Tetwil_g7935.t1                                               1.1254960 1.1343123 1.2653709 0.7868376 1.1424796 0.8592053 0.0000000 0.4104166 0.7760154 0.5787623 0.9194455 0.7011375 1.2404593 1.0963895 1.1899592 1.7751423 1.0429902 1.2660521 1.2543298 1.2724043 1.6963736 1.6921250 0.7276976 1.5364618 1.5764828 1.3990677 1.4630402 1.0692143 1.0728187 1.2887448 1.6563610 1.4111895 1.3473634 0.9062818 1.2176791 1.0364790 1.4997693 1.7485819 1.7073400 1.6911111 1.7161375 1.4986136 1.5148080 2.3629058 1.5134388 1.5579889 1.1594615 2.0026070 1.0183550 0.9755995 1.8831641 1.1841831 1.7656312 1.8043543 1.4270604 1.6803586 1.7836875 2.0069571 2.3451292 1.9963797 1.7960187 2.6905716 1.8641018 1.7280504 0.4257539 
Stycar_maker-SC_scaffold1870-augustus-gene-0.14-mRNA-1        0.7348055 0.7061135 0.8241928 0.5395017 0.7821941 0.5761993 0.4104166 0.0000000 0.7637342 0.5066635 0.5898947 0.7244335 0.9176686 0.6636244 0.7202877 1.1201497 0.6957966 0.7435082 0.8273839 0.8405069 1.0766888 1.1167993 0.7287810 1.0314461 0.9935796 0.9677855 1.2157459 0.7994005 0.7472247 1.1211037 0.8605002 0.8199429 0.8064533 0.7156561 0.9243195 0.7516075 1.0368155 0.9594418 0.9704453 0.9290439 0.9484911 1.0553448 1.0553448 1.4008803 0.9371048 1.1375383 0.7244545 1.0764690 0.8559448 0.8254188 1.0944701 0.9236580 1.0350793 0.8563135 0.9794992 0.9794992 0.9540829 0.9722662 1.1649543 0.9722662 0.9046548 1.3642343 1.3857940 1.1606126 0.3953891 
Spolac_c103584_g2_i1_m.34995c103584-g2                        1.3541063 1.3527915 1.5497291 0.9335424 1.3999309 0.2490565 0.7760154 0.7637342 0.0000000 0.0845733 1.1884798 1.1684274 1.2890219 1.0613027 1.2299300 1.0735193 1.0604909 1.2793563 1.1989655 1.2241494 1.4716721 1.6462265 1.2015124 1.4831785 1.5332861 1.3823783 1.6358292 1.1437722 1.1271422 1.7917009 1.2107878 1.1603787 1.2635730 1.2204410 1.2926547 1.1886849 1.2473140 1.6726951 1.6611573 1.6336497 1.6704418 1.6626408 1.6257963 2.4553991 1.3779263 1.7467148 0.9723813 1.6292722 1.2744089 1.2280885 1.5280158 1.5477275 1.5388150 1.4641645 1.3565650 1.4495662 1.4545915 1.4968410 1.2143374 1.4968410 1.4641264 1.7556013 1.4635801 1.6097758 0.9321576 
Spolac_c103584_g2_i2_m.34996c103584-g2                        0.9436336 0.9204624 1.0459020 0.6127883 0.9477617 0.2490565 0.5787623 0.5066635 0.0845733 0.0000000 0.8687993 0.8614479 0.8716401 0.7425510 0.8547580 1.0996409 0.7427567 0.8125566 0.8389334 0.8547092 1.0258550 1.1007336 0.7895149 0.9972242 1.0345735 0.9946610 1.1539381 0.8343831 0.7924321 1.0380601 0.8344092 0.8030236 0.8890452 0.8995076 1.2926547 0.8816574 0.8866757 1.1532539 1.1445605 1.1307286 1.1544338 1.2150623 1.1852739 1.7504641 1.0098950 1.3139225 0.9723813 1.0930920 0.7904519 0.7609599 1.0162668 1.0473665 1.0511350 0.9732362 0.9069436 0.9775663 0.9670035 1.0066120 1.2233746 1.0066120 0.9733782 1.3955614 1.3543130 1.1538228 0.4300835 
Aque_Aqu2.1.31922_001                                         1.3307898 1.3603216 1.4130498 0.8740946 1.4324307 1.4451962 0.9194455 0.5898947 1.1884798 0.8687993 0.0000000 0.3323623 1.3486425 1.4865426 1.6140814 2.3018772 1.4606155 1.5486069 1.6128207 1.5860248 2.1661283 2.0445635 0.9655443 1.9210656 1.9487542 1.5884974 2.1064654 1.4320305 1.3589536 1.7991792 1.7401837 1.6130443 1.4220718 1.1146424 1.3639865 1.1102226 1.6529345 1.7757510 1.7149218 1.6333324 1.6575793 1.6054290 1.6238107 2.1348955 1.9613954 1.7420563 1.0023488 1.8369115 1.0460632 1.0116090 1.8167180 1.1447849 1.8220576 1.6836876 1.2214284 1.4062229 1.8193625 2.1476422 2.6457735 2.1373382 1.9015868 2.3922999 2.4427361 1.8356742 0.6671127 
Halamb_c40132_g1_i2mm.781                                     0.6878680 0.7701462 0.8004059 0.7999099 0.9227674 0.6742943 0.7011375 0.7244335 1.1684274 0.8614479 0.3323623 0.0000000 0.9045313 0.7389890 0.8452725 0.9978722 0.7250250 0.6938814 0.9751365 0.9923868 1.0584676 1.0737374 0.8492721 1.0402126 1.0599742 1.1472754 0.9518673 0.8557702 0.9200380 0.9157887 0.8696734 0.7483791 0.9537237 0.8703603 1.0187033 0.9365079 0.9325479 0.9996134 0.9918108 0.9725407 0.9940483 1.0278266 1.0278266 1.6815135 1.0467747 1.1812995 0.4750448 1.2029828 1.0683655 1.0335653 1.3195691 1.2769580 1.1322775 1.0203459 0.9970481 0.9970481 1.0913183 1.1140446 1.3791217 1.1140446 1.1248099 1.5463800 1.6236640 1.1556798 0.6073578 
Cgig_XM_011416956.3                                           1.3847922 1.4118240 1.3864703 1.0564571 1.2462829 1.8439494 1.2404593 0.9176686 1.2890219 0.8716401 1.3486425 0.9045313 0.0000000 1.0870741 1.0849668 1.7303408 1.1148352 1.1694661 1.2604955 1.2748114 1.4383314 1.2341168 0.5979479 1.1540630 1.2778104 1.2437063 1.2945667 1.1158246 1.0433458 1.4703927 0.8153847 0.8397338 0.8165160 1.2251826 1.6402593 1.4084372 0.8560423 1.6517549 1.5624026 1.5295980 1.5522426 1.4947792 1.4610249 2.2441688 1.1027022 1.1548700 2.0147867 1.5134795 0.9042074 0.8735053 1.5677793 0.9321813 1.5371052 1.7017138 1.4385951 1.5831672 1.5520611 1.7089131 2.1588092 1.6988684 1.5730139 2.0825884 1.2589969 1.1125986 0.5185907 
Fspp_ffun1.m4.7673.m1                                         1.0329518 1.0792285 0.9993035 0.6780851 0.9598759 1.3550039 1.0963895 0.6636244 1.0613027 0.7425510 1.4865426 0.7389890 1.0870741 0.0000000 0.1071359 0.2579670 0.1748043 0.2306385 0.3530805 0.3557495 1.0307803 0.9408494 0.4365222 1.0520272 0.9695613 1.0223892 1.1235234 0.5602816 0.6339097 0.9230146 1.2274340 1.0822500 1.1991407 0.9824627 1.5671612 0.9258419 1.0921801 1.2097785 1.2542070 1.2277407 1.2468850 1.2008303 1.1946013 1.8324972 1.2067654 1.3493025 1.8991946 1.5102480 0.8519118 0.8228675 1.4153100 0.7789315 1.2704973 1.5518758 1.2650799 1.4488223 1.4974662 1.4319336 1.7850200 1.4203176 1.4280236 1.9632362 1.4606607 1.2524761 0.0969302 
Gasp_gasp1.m3.3476.m1                                         1.1831768 1.1699393 1.0906075 0.6980348 1.0317731 1.4100384 1.1899592 0.7202877 1.2299300 0.8547580 1.6140814 0.8452725 1.0849668 0.1071359 0.0000000 0.2697114 0.1850360 0.2287954 0.3526667 0.3555032 1.1277501 1.0367871 0.5151169 1.1630508 1.1325015 1.0787956 1.2500457 0.6012677 0.6839998 0.9789067 1.3161903 1.1724421 1.2608014 1.1378302 1.6494607 1.1030111 1.1816586 1.2261807 1.3037365 1.2307057 1.2511755 1.2694852 1.2633136 1.9960495 1.4127215 1.4949847 1.8895945 1.5143943 0.8733185 0.8413733 1.5058290 0.8504851 1.2917380 1.5256503 1.3984263 1.5958023 1.5386581 1.4215361 1.7673506 1.4092217 1.4250007 2.0223581 1.5702966 1.3926708 0.1236778 
Spis_XP_022804412_1                                           1.6765714 1.5965505 1.4642766 1.1274950 1.5429649 1.7487973 1.7751423 1.1201497 1.0735193 1.0996409 2.3018772 0.9978722 1.7303408 0.2579670 0.2697114 0.0000000 0.1096424 0.3269831 0.4757836 0.4819561 1.4625757 1.6872206 0.6413467 1.5966992 1.5376226 1.7219038 1.5881283 0.6481936 0.9486778 1.9484249 1.8183721 1.5821621 1.7682724 1.6361920 1.6385564 1.6783234 1.6401437 1.7947792 1.8809519 1.9039346 1.9461299 1.7139219 1.7107159 3.2630922 1.7636558 2.0067403 1.8727019 2.0267341 0.7898743 0.7312863 1.8377731 0.9898127 1.5221086 1.9736823 1.5934764 1.9122912 1.9407058 1.8944671 1.8046247 1.8759714 1.8389369 2.1694662 1.8088094 2.2958230 1.6023574 
Pocdam_XM_027184550.1                                         1.0555674 0.9935973 0.9646931 0.6502917 0.9247300 1.3948676 1.0429902 0.6957966 1.0604909 0.7427567 1.4606155 0.7250250 1.1148352 0.1748043 0.1850360 0.1096424 0.0000000 0.2296418 0.3457524 0.3483644 1.1599033 1.0765509 0.4946238 1.0410036 1.0400129 1.1310183 1.1778384 0.5592118 0.6940232 0.9566884 1.1885274 1.0852096 1.1270772 1.0712284 1.6867323 1.0501064 1.0699591 1.0826125 1.1299616 1.1356519 1.1537992 1.1492212 1.1426023 1.8093799 1.2952876 1.5237610 1.7510176 1.5719671 0.7798493 0.7518808 1.3918657 0.8529613 1.2661607 1.4809526 1.2989171 1.5229693 1.4701284 1.4991122 1.8817464 1.4873725 1.4071913 1.9626603 1.5074221 1.2431034 0.0635925 
Gfas_gfas1.m1.3212.m1                                         1.1761862 1.2203436 1.2607289 0.7598883 1.0711642 1.5705182 1.2660521 0.7435082 1.2793563 0.8125566 1.5486069 0.6938814 1.1694661 0.2306385 0.2287954 0.3269831 0.2296418 0.0000000 0.2987390 0.3012699 1.0100280 1.0807496 0.4305862 1.0577208 1.0947619 1.0777228 1.1359945 0.5664804 0.6887263 0.9936986 1.1669558 1.1146142 1.2136420 1.2852170 1.8612962 1.1303605 1.0972106 1.1693051 1.1683215 1.2170958 1.2387378 1.1902547 1.1830650 1.8672995 1.3517968 1.3415065 1.8802725 1.5537441 0.7165940 0.6838218 1.4140723 0.7414617 1.3532387 1.5975157 1.1947203 1.4022561 1.5617784 1.3794069 1.7506079 1.3660853 1.3595231 2.0598417 1.6446436 1.5047633 0.1064336 
Amil_Amillepora20276-RA                                       1.2689020 1.2376943 1.2947088 0.8875889 1.1592344 1.7596790 1.2543298 0.8273839 1.1989655 0.8389334 1.6128207 0.9751365 1.2604955 0.3530805 0.3526667 0.4757836 0.3457524 0.2987390 0.0000000 0.0054058 1.2070223 1.0670764 0.5426319 1.2264760 1.2067942 1.1497607 1.3727963 0.6041485 0.7795183 1.0685154 1.4242439 1.3951990 1.3265110 1.2849811 2.1349144 1.1259484 1.2382219 1.3533428 1.4433381 1.4200230 1.4424292 1.4598809 1.4201332 2.1001092 1.4939982 1.5486625 2.2522324 1.7596254 0.9826284 0.9487032 1.6631192 0.9687271 1.5868070 1.9578816 1.4262699 1.7598079 1.7141208 1.7586226 2.1768449 1.7463888 1.7249717 2.1190304 1.7826773 1.6705385 0.1983228 
Adig_XM_015917707.1                                           1.2883595 1.2569504 1.3145503 0.8875889 1.1773969 1.7912466 1.2724043 0.8405069 1.2241494 0.8547092 1.5860248 0.9923868 1.2748114 0.3557495 0.3555032 0.4819561 0.3483644 0.3012699 0.0054058 0.0000000 1.2240360 1.0960619 0.5426319 1.2591192 1.2067942 1.1813163 1.3931718 0.6104706 0.8009835 1.0873724 1.4613181 1.4158495 1.2995111 1.3040617 2.1848774 1.1424257 1.2531988 1.3244026 1.4122507 1.3896496 1.4116517 1.4347759 1.3953593 2.0663675 1.5324713 1.5877410 2.2977362 1.7596254 0.9826284 0.9487032 1.6631192 0.9687271 1.5868070 1.9578816 1.4262699 1.7598079 1.7141208 1.7586226 2.1768449 1.7463888 1.7249717 2.1190304 1.8093572 1.7110973 0.1983228 
Hvul_g29400_1                                                 1.9891530 1.8957317 1.6390402 1.1235343 1.8908738 2.8734692 1.6963736 1.0766888 1.4716721 1.0258550 2.1661283 1.0584676 1.4383314 1.0307803 1.1277501 1.4625757 1.1599033 1.0100280 1.2070223 1.2240360 0.0000000 1.2153416 0.4319821 1.0481133 0.9975060 0.9375476 0.9530004 1.0617962 1.1373465 1.7451148 1.7763078 1.6699310 2.0601745 1.6857615 2.4141743 1.9306429 1.6318197 1.7624491 1.8137070 1.7275784 1.7526875 1.8913103 1.8664535 2.3364247 1.8127810 1.6410967 2.9265931 2.0913491 1.0143512 0.9820631 1.7304480 1.1308739 1.7170941 2.0294050 1.6103254 1.8744766 1.9643887 2.0149036 2.5362296 1.9833838 2.1207372 2.8021491 2.5505943 2.0707491 0.5441169 
Sanmal_Sma_001340-T1                                          1.4502965 1.4413575 1.5530292 1.0456488 1.6225646 2.0637660 1.6921250 1.1167993 1.6462265 1.1007336 2.0445635 1.0737374 1.2341168 0.9408494 1.0367871 1.6872206 1.0765509 1.0807496 1.0670764 1.0960619 1.2153416 0.0000000 0.2134634 0.3987571 0.4014590 0.7397350 1.0884452 1.0242803 1.0600533 1.4024697 1.3875261 1.3175285 1.3915492 1.4357558 2.3155263 1.5580397 1.2084450 1.5136965 1.5154860 1.5587210 1.5389073 1.6108285 1.6040315 2.1692636 1.5157622 1.3454272 2.5531321 1.7505847 1.1366523 1.0999123 2.1328822 1.0611665 1.7012407 1.8565782 1.6286103 1.7142315 1.9382460 1.7608346 2.1738305 1.7526087 1.6954454 2.3517484 1.7630291 1.5220565 0.3566193 
Aaur_scaffold142.g12.t1                                       0.7705733 0.7768968 0.7986407 0.8292400 0.7396960 0.8800022 0.7276976 0.7287810 1.2015124 0.7895149 0.9655443 0.8492721 0.5979479 0.4365222 0.5151169 0.6413467 0.4946238 0.4305862 0.5426319 0.5426319 0.4319821 0.2134634 0.0000000 0.1195712 0.1551340 0.4033685 0.4558799 0.5208957 0.5201580 0.5265137 0.7108854 0.7068754 0.8265517 0.6414856 0.8279531 0.7393348 0.5833060 0.6263450 0.6279583 0.6198650 0.6376108 0.6266503 0.6266503 1.0555090 0.7351811 0.7401631 1.4811608 1.1327337 1.0217060 0.9896578 1.0028378 0.9182411 0.8782359 0.8389597 0.9566283 0.9566283 0.8841859 0.9155946 1.1555917 0.9155946 0.8604449 1.4523719 1.1182599 1.0565845 0.4035358 
Rhoesc_Res_008391-T1                                          1.5230502 1.4788571 1.4725992 1.0124903 1.4787828 2.0893995 1.5364618 1.0314461 1.4831785 0.9972242 1.9210656 1.0402126 1.1540630 1.0520272 1.1630508 1.5966992 1.0410036 1.0577208 1.2264760 1.2591192 1.0481133 0.3987571 0.1195712 0.0000000 0.1442237 0.7147731 0.9580616 0.9763796 1.0160571 1.5430879 1.3279502 1.2831526 1.3977691 1.5007751 2.2132355 1.5102341 1.1641025 1.5192619 1.4655956 1.4497301 1.4716304 1.4302736 1.4222078 2.1629446 1.5526529 1.3782078 2.6600107 1.8634536 1.0289957 0.9945403 1.9232327 0.9822707 1.5472551 1.8032204 1.5096124 1.5892312 1.8191213 1.7288816 2.1433479 1.7018986 1.5828445 2.5032801 2.1919481 1.4771671 0.4102620 
Nemnom_g5995.t1                                               1.5348673 1.4803497 1.5180550 1.1031455 1.5904002 2.1428474 1.5764828 0.9935796 1.5332861 1.0345735 1.9487542 1.0599742 1.2778104 0.9695613 1.1325015 1.5376226 1.0400129 1.0947619 1.2067942 1.2067942 0.9975060 0.4014590 0.1551340 0.1442237 0.0000000 0.6946156 1.0541999 1.0471606 1.0475500 1.6028646 1.3998328 1.2853234 1.5315099 1.5726189 2.4411091 1.5601144 1.2667308 1.5269178 1.3958872 1.4654887 1.4886589 1.4903089 1.4822003 2.0493213 1.5381816 1.5247962 2.8351976 1.9731400 1.0171750 0.9832173 1.9642251 0.9541522 1.6133702 1.9177396 1.5376985 1.5887787 1.8587763 1.8612287 2.3327419 1.8322210 1.7334909 2.5844712 2.1691094 1.5497227 0.4771415 
Morvir_scaffold32.g76.t2                                      1.4922826 1.4221618 1.4687712 0.9711358 1.6055283 1.7625975 1.3990677 0.9677855 1.3823783 0.9946610 1.5884974 1.1472754 1.2437063 1.0223892 1.0787956 1.7219038 1.1310183 1.0777228 1.1497607 1.1813163 0.9375476 0.7397350 0.4033685 0.7147731 0.6946156 0.0000000 0.8741070 0.9698239 1.0655881 1.4973155 1.5580646 1.3247205 1.3400035 1.3394221 1.9765301 1.5990998 1.1921596 1.4505617 1.5424899 1.4690683 1.4919029 1.4890340 1.4760262 2.2152672 1.1896838 1.5844934 2.4653846 1.8284424 0.9627943 0.9309382 1.5614709 1.0096517 1.2740153 1.6408714 1.4602564 1.6533337 1.5447146 1.5920648 2.0250729 1.5811254 1.4804267 2.4166310 1.8423343 1.3589863 0.4468210 
Chem_TCONS_00073318                                           1.9697092 1.9395713 1.8806254 1.1223313 1.8366507 2.3406646 1.4630402 1.2157459 1.6358292 1.1539381 2.1064654 0.9518673 1.2945667 1.1235234 1.2500457 1.5881283 1.1778384 1.1359945 1.3727963 1.3931718 0.9530004 1.0884452 0.4558799 0.9580616 1.0541999 0.8741070 0.0000000 1.1888883 1.2324063 1.5252195 1.4097734 1.3261793 1.4899934 1.3179710 1.7696683 1.8270587 1.3476741 1.5944450 1.5766076 1.4387747 1.4602989 1.6017375 1.5986562 2.4365033 1.4696822 1.4902793 2.7338715 1.8550463 1.0074870 0.9803141 1.5487365 1.0336188 1.6601314 1.6781273 1.4940711 1.6573940 1.6706556 1.7566591 2.2445014 1.7595821 1.8653784 2.5396007 2.0279706 1.9548761 0.5656669 
Exapal_XM_021056631.2                                         1.2042546 1.2608401 1.3790833 0.9120163 1.1791114 1.3943998 1.0692143 0.7994005 1.1437722 0.8343831 1.4320305 0.8557702 1.1158246 0.5602816 0.6012677 0.6481936 0.5592118 0.5664804 0.6041485 0.6104706 1.0617962 1.0242803 0.5208957 0.9763796 1.0471606 0.9698239 1.1888883 0.0000000 0.8059227 1.2145499 1.1349292 1.0820806 1.2081032 1.1517981 1.6607039 0.9198552 1.0713382 1.3293586 1.3649444 1.3413109 1.3623431 1.3796281 1.3745095 2.0088956 1.3657497 1.3846312 1.8678138 1.5762514 0.9663472 0.9338918 1.5903075 0.9879949 1.3625164 1.6640716 1.3307351 1.5297253 1.5468124 1.5304701 1.7580525 1.5186950 1.4324821 2.0367208 1.5685873 1.2660357 0.3282628 
Dgig_XM_028557519.1                                           1.2971761 1.4328290 1.3358093 0.8670115 1.2879123 1.3953611 1.0728187 0.7472247 1.1271422 0.7924321 1.3589536 0.9200380 1.0433458 0.6339097 0.6839998 0.9486778 0.6940232 0.6887263 0.7795183 0.8009835 1.1373465 1.0600533 0.5201580 1.0160571 1.0475500 1.0655881 1.2324063 0.8059227 0.0000000 0.4020172 1.0358769 1.0320694 1.2915752 1.2420983 1.9575813 1.3663296 0.9900428 1.4559614 1.4853156 1.4318304 1.4537473 1.3846411 1.3905146 2.0552660 1.2963328 1.2437396 2.0478083 1.6640110 0.9060169 0.8757432 1.4222130 0.9209419 1.2937360 1.3155430 1.2788809 1.4535874 1.4025073 1.4915920 1.8626372 1.4854891 1.3555070 2.1576677 1.6032448 1.4058270 0.2011978 
Xesp_011407-T1                                                1.5853190 1.8260950 1.8117159 0.8748776 1.6396107 2.0742407 1.2887448 1.1211037 1.7917009 1.0380601 1.7991792 0.9157887 1.4703927 0.9230146 0.9789067 1.9484249 0.9566884 0.9936986 1.0685154 1.0873724 1.7451148 1.4024697 0.5265137 1.5430879 1.6028646 1.4973155 1.5252195 1.2145499 0.4020172 0.0000000 1.6662542 1.5238646 1.4162772 1.6994839 4.4535952 1.8139071 1.3110285 1.8054804 1.8122662 1.7498828 1.7498828 1.8215291 1.8841837 2.9921466 1.7056378 1.5823281 3.9217325 2.1514358 1.1998261 1.1448681 1.9695885 1.2486770 1.6499545 1.9818072 1.6309519 1.9206487 1.9586175 2.0777836 3.1123260 2.0672227 1.9076425 3.1070034 2.3786647 1.9820012 0.1334930 
Acagra_model.g7926.t1.1.5d3b84f7                              1.4216877 1.4679456 1.4838725 0.8454815 1.3413140 1.7126620 1.6563610 0.8605002 1.2107878 0.8344092 1.7401837 0.8696734 0.8153847 1.2274340 1.3161903 1.8183721 1.1885274 1.1669558 1.4242439 1.4613181 1.7763078 1.3875261 0.7108854 1.3279502 1.3998328 1.5580646 1.4097734 1.1349292 1.0358769 1.6662542 0.0000000 0.9054647 0.9959766 1.2231697 1.7549067 1.3573348 0.9260095 1.5264787 1.4378632 1.4402557 1.4618722 1.4147148 1.4065436 1.9471582 1.0836490 1.2397028 1.8031769 1.5887313 1.0101747 0.9767297 1.5176965 0.9956833 1.4570847 1.6687578 1.3029750 1.4029762 1.5359028 1.6625001 2.0407477 1.6523965 1.4949508 2.1335923 1.3936439 1.4924653 0.5274161 
Bralan_BLAG05000237_1                                         1.3811343 1.4718300 1.3189722 0.8202366 1.3348688 1.7642471 1.4111895 0.8199429 1.1603787 0.8030236 1.6130443 0.7483791 0.8397338 1.0822500 1.1724421 1.5821621 1.0852096 1.1146142 1.3951990 1.4158495 1.6699310 1.3175285 0.7068754 1.2831526 1.2853234 1.3247205 1.3261793 1.0820806 1.0320694 1.5238646 0.9054647 0.0000000 0.7580068 1.2325661 1.9764870 1.2075834 0.7080590 1.7209704 1.6409983 1.6420528 1.6389504 1.6135554 1.5828715 2.3306616 0.8930296 1.1866161 1.8133275 1.6216750 0.9400497 0.9063673 2.0383787 1.0279781 1.7173823 1.8681016 1.5304130 1.6490147 1.9356608 1.9534955 2.5347902 1.9463211 1.7729818 2.2648875 0.9626895 1.0432336 0.4940648 
Ctel_gnl_WGS_AMQN_CAPTEDRAFT_mRNA212631                       1.3691862 1.3473604 1.3018319 0.8944586 1.3003180 1.9687711 1.3473634 0.8064533 1.2635730 0.8890452 1.4220718 0.9537237 0.8165160 1.1991407 1.2608014 1.7682724 1.1270772 1.2136420 1.3265110 1.2995111 2.0601745 1.3915492 0.8265517 1.3977691 1.5315099 1.3400035 1.4899934 1.2081032 1.2915752 1.4162772 0.9959766 0.7580068 0.0000000 1.1411083 1.7390282 1.2234845 0.7889507 1.5442626 1.4642089 1.4479357 1.4696390 1.6411235 1.6345589 2.2724918 1.2224645 1.2584797 1.7430068 1.4655267 0.9356431 0.9035535 1.6500924 1.0003902 1.3702403 1.6983959 1.4847228 1.5891644 1.4383668 1.4893198 1.8606781 1.4796755 1.5538198 2.0669785 1.2992816 1.2221437 0.4582715 
Opea_EP00118_Oscarella_pearsei_P015345                        1.1291355 1.0449785 1.0437839 0.7593617 1.1173485 1.2425922 0.9062818 0.7156561 1.2204410 0.8995076 1.1146424 0.8703603 1.2251826 0.9824627 1.1378302 1.6361920 1.0712284 1.2852170 1.2849811 1.3040617 1.6857615 1.4357558 0.6414856 1.5007751 1.5726189 1.3394221 1.3179710 1.1517981 1.2420983 1.6994839 1.2231697 1.2325661 1.1411083 0.0000000 0.0000010 0.8379966 1.3283586 1.3125038 1.2872932 1.2297865 1.2394853 1.3589430 1.3725214 1.9936855 1.3887026 1.5269504 1.0617188 1.5012932 0.9286404 0.8975308 1.7287330 0.8986534 1.6239477 1.4763259 1.2726061 1.4832071 1.6127540 1.6773790 2.0050195 1.6641646 1.3767891 1.9278116 1.8807460 1.6734049 0.4797291 
Ocar_g4121                                                    1.5513377 1.3822681 1.3524419 1.0275739 1.5810815 1.5712486 1.2176791 0.9243195 1.2926547 1.2926547 1.3639865 1.0187033 1.6402593 1.5671612 1.6494607 1.6385564 1.6867323 1.8612962 2.1349144 2.1848774 2.4141743 2.3155263 0.8279531 2.2132355 2.4411091 1.9765301 1.7696683 1.6607039 1.9575813 4.4535952 1.7549067 1.9764870 1.7390282 0.0000010 0.0000000 1.3560298 2.2730266 1.9878698 1.9219325 1.8843947 1.9065462 2.1267493 2.1742752 3.6516186 2.0794731 2.1570917 1.1066832 1.8473840 0.7667145 0.7066061 2.2451199 0.8393933 2.0734367 1.8915322 1.5245339 1.8963198 2.0520888 2.1785708 2.1570250 2.1570250 1.7081904 2.0381178 2.4229318 2.7983125 9.0000000 
Plajan_Pjan_C541836_01                                        1.1981327 1.1907292 1.2573242 0.8163329 1.1000340 1.2672166 1.0364790 0.7516075 1.1886849 0.8816574 1.1102226 0.9365079 1.4084372 0.9258419 1.1030111 1.6783234 1.0501064 1.1303605 1.1259484 1.1424257 1.9306429 1.5580397 0.7393348 1.5102341 1.5601144 1.5990998 1.8270587 0.9198552 1.3663296 1.8139071 1.3573348 1.2075834 1.2234845 0.8379966 1.3560298 0.0000000 1.4780684 1.5549147 1.4907286 1.4638180 1.4867361 1.4929571 1.5098239 2.0476082 1.5385171 1.4804963 1.3069531 1.5981306 0.9238510 0.8913135 1.5421316 0.9800069 1.5535946 1.5312684 1.1686066 1.3749124 1.5138834 1.5515523 1.8427666 1.5411779 1.6620964 2.0651028 1.7453930 1.6120467 0.4423009 
Hsap_ENST00000552235                                          1.2352513 1.4517163 1.2736045 0.7580088 1.1984105 1.7707359 1.4997693 1.0368155 1.2473140 0.8866757 1.6529345 0.9325479 0.8560423 1.0921801 1.1816586 1.6401437 1.0699591 1.0972106 1.2382219 1.2531988 1.6318197 1.2084450 0.5833060 1.1641025 1.2667308 1.1921596 1.3476741 1.0713382 0.9900428 1.3110285 0.9260095 0.7080590 0.7889507 1.3283586 2.2730266 1.4780684 0.0000000 1.4062111 1.3785792 1.4221551 1.4438632 1.3691382 1.3311544 2.1604810 0.9171139 1.2353022 2.3611916 1.7125583 1.0454156 1.0127067 1.9395924 1.0934091 1.5685842 1.9476854 1.5303475 1.7368932 1.7604484 1.7103532 2.1506747 1.7037206 1.6457678 2.1591955 1.0208669 1.0432888 0.4374903 
HoiH23_PlH23_004271-RA                                        1.5738760 1.6984224 1.5677140 0.9900036 1.7566436 2.0953838 1.7485819 0.9594418 1.6726951 1.1532539 1.7757510 0.9996134 1.6517549 1.2097785 1.2261807 1.7947792 1.0826125 1.1693051 1.3533428 1.3244026 1.7624491 1.5136965 0.6263450 1.5192619 1.5269178 1.4505617 1.5944450 1.3293586 1.4559614 1.8054804 1.5264787 1.7209704 1.5442626 1.3125038 1.9878698 1.5549147 1.4062111 0.0000000 0.0604466 0.1122206 0.1188994 0.3115714 0.3161292 0.4686237 1.6142148 1.7784096 2.2209192 2.0895733 1.0570578 1.0240202 1.8846546 1.1466487 1.9705053 1.9043661 1.5045777 1.7621778 1.9013036 1.8815543 2.2731805 1.8713917 1.8699241 2.5270491 2.2678757 2.0961511 0.4324966 
HoiH06_mRNA3237                                               1.4641398 1.6306885 1.5582479 0.9937976 1.7301472 1.9030445 1.7073400 0.9704453 1.6611573 1.1445605 1.7149218 0.9918108 1.5624026 1.2542070 1.3037365 1.8809519 1.1299616 1.1683215 1.4433381 1.4122507 1.8137070 1.5154860 0.6279583 1.4655956 1.3958872 1.5424899 1.5766076 1.3649444 1.4853156 1.8122662 1.4378632 1.6409983 1.4642089 1.2872932 1.9219325 1.4907286 1.3785792 0.0604466 0.0000000 0.0763990 0.0827619 0.2993000 0.3035917 0.4172149 1.5571095 1.7702147 2.2535002 1.9484500 1.0490046 1.0158742 1.8641928 1.0947487 1.9341755 1.8211380 1.4964450 1.7548915 1.8358829 1.8769603 2.2723997 1.8666717 1.7974620 2.2960946 2.3538291 2.1052620 0.4407999 
Hhon_g09861.t1                                                1.4601245 1.6438436 1.5822371 0.9971632 1.7407543 1.9443790 1.6911111 0.9290439 1.6336497 1.1307286 1.6333324 0.9725407 1.5295980 1.2277407 1.2307057 1.9039346 1.1356519 1.2170958 1.4200230 1.3896496 1.7275784 1.5587210 0.6198650 1.4497301 1.4654887 1.4690683 1.4387747 1.3413109 1.4318304 1.7498828 1.4402557 1.6420528 1.4479357 1.2297865 1.8843947 1.4638180 1.4221551 0.1122206 0.0763990 0.0000000 0.0050612 0.3463085 0.3513275 0.4887300 1.6425787 1.7746191 2.1914339 1.9919935 1.0328768 1.0000319 1.8020572 1.0826695 1.8059277 1.8075136 1.5329265 1.7870791 1.7057931 1.8572729 2.2381209 1.8471590 1.7891081 2.4916160 2.4508534 2.2242765 0.4045397 
HoiH04_mRNA3489                                               1.4822928 1.6567887 1.5751927 1.0196032 1.7683188 1.9776413 1.7161375 0.9484911 1.6704418 1.1544338 1.6575793 0.9940483 1.5522426 1.2468850 1.2511755 1.9461299 1.1537992 1.2387378 1.4424292 1.4116517 1.7526875 1.5389073 0.6376108 1.4716304 1.4886589 1.4919029 1.4602989 1.3623431 1.4537473 1.7498828 1.4618722 1.6389504 1.4696390 1.2394853 1.9065462 1.4867361 1.4438632 0.1188994 0.0827619 0.0050612 0.0000000 0.3551806 0.3603456 0.5003276 1.6664838 1.8005429 2.2145997 2.0226683 1.0589358 1.0255758 1.8319004 1.0794217 1.8021853 1.8356975 1.5245783 1.7785564 1.7326814 1.8855166 2.2776140 1.8753700 1.8169949 2.5317134 2.4874229 2.2564359 0.4045397 
TrH2_TrispH2_007380-RA                                        1.5729181 1.7066026 1.6599786 1.0366221 1.7275751 1.8300251 1.4986136 1.0553448 1.6626408 1.2150623 1.6054290 1.0278266 1.4947792 1.2008303 1.2694852 1.7139219 1.1492212 1.1902547 1.4598809 1.4347759 1.8913103 1.6108285 0.6266503 1.4302736 1.4903089 1.4890340 1.6017375 1.3796281 1.3846411 1.8215291 1.4147148 1.6135554 1.6411235 1.3589430 2.1267493 1.4929571 1.3691382 0.3115714 0.2993000 0.3463085 0.3551806 0.0000000 0.0000010 0.5309308 1.6586265 1.7461352 1.8957764 2.1579434 1.1463316 1.1114437 2.0582039 1.2366415 1.9149012 1.8223963 1.6087386 1.8408156 1.9154375 1.8653057 2.2476120 1.8549868 1.7583124 2.6014779 2.1958251 2.0520694 0.5708890 
Tadh_TriadT35408                                              1.5729181 1.7066026 1.6599786 1.0366221 1.7275751 1.8572425 1.5148080 1.0553448 1.6257963 1.1852739 1.6238107 1.0278266 1.4610249 1.1946013 1.2633136 1.7107159 1.1426023 1.1830650 1.4201332 1.3953593 1.8664535 1.6040315 0.6266503 1.4222078 1.4822003 1.4760262 1.5986562 1.3745095 1.3905146 1.8841837 1.4065436 1.5828715 1.6345589 1.3725214 2.1742752 1.5098239 1.3311544 0.3161292 0.3035917 0.3513275 0.3603456 0.0000010 0.0000000 0.5280003 1.6283219 1.7674879 1.9304032 2.1252055 1.1463316 1.1114437 2.0242014 1.2366415 1.8823271 1.8167139 1.6087386 1.8350332 1.8837176 1.8600447 2.2454674 1.8496194 1.7281074 2.5042388 2.1380576 2.0333698 0.5708890 
HoiH11_mRNA7725                                               2.2876100 2.5110656 2.5838935 1.5968955 2.7306764 2.7646309 2.3629058 1.4008803 2.4553991 1.7504641 2.1348955 1.6815135 2.2441688 1.8324972 1.9960495 3.2630922 1.8093799 1.8672995 2.1001092 2.0663675 2.3364247 2.1692636 1.0555090 2.1629446 2.0493213 2.2152672 2.4365033 2.0088956 2.0552660 2.9921466 1.9471582 2.3306616 2.2724918 1.9936855 3.6516186 2.0476082 2.1604810 0.4686237 0.4172149 0.4887300 0.5003276 0.5309308 0.5280003 0.0000000 2.3004996 2.1909553 2.7810132 2.5893067 1.4371673 1.3740261 2.6142132 1.7893091 2.6889808 2.4738499 2.2249560 2.4621819 2.5452383 2.6897544 3.3820387 2.6784592 2.5675077 3.1917168 3.1933957 2.4535318 0.5437713 
Spur_XM_791126.4                                              1.3494855 1.4800929 1.2754555 0.9339418 1.4508365 2.1857931 1.5134388 0.9371048 1.3779263 1.0098950 1.9613954 1.0467747 1.1027022 1.2067654 1.4127215 1.7636558 1.2952876 1.3517968 1.4939982 1.5324713 1.8127810 1.5157622 0.7351811 1.5526529 1.5381816 1.1896838 1.4696822 1.3657497 1.2963328 1.7056378 1.0836490 0.8930296 1.2224645 1.3887026 2.0794731 1.5385171 0.9171139 1.6142148 1.5571095 1.6425787 1.6664838 1.6586265 1.6283219 2.3004996 0.0000000 1.5512382 2.1022579 1.9477105 0.9338134 0.9036059 1.7021203 0.9882473 1.6228282 2.0764971 1.4068279 1.7250657 1.7070771 2.2004674 2.6261020 2.1901643 1.8349814 2.3276553 0.9629098 1.2654395 0.7093952 
Tcas_TC006105_001                                             1.7640386 1.8031470 1.6596764 1.1812456 1.5678521 2.1091974 1.5579889 1.1375383 1.7467148 1.3139225 1.7420563 1.1812995 1.1548700 1.3493025 1.4949847 2.0067403 1.5237610 1.3415065 1.5486625 1.5877410 1.6410967 1.3454272 0.7401631 1.3782078 1.5247962 1.5844934 1.4902793 1.3846312 1.2437396 1.5823281 1.2397028 1.1866161 1.2584797 1.5269504 2.1570917 1.4804963 1.2353022 1.7784096 1.7702147 1.7746191 1.8005429 1.7461352 1.7674879 2.1909553 1.5512382 0.0000000 2.7867553 1.9450411 1.1165581 1.0811597 2.0516672 1.0499665 1.7995559 2.0449714 1.4749246 1.7709733 1.9993406 1.8771594 2.2596422 1.8668217 2.0415582 2.5475186 1.6312717 2.0234850 0.6992732 
Xestes_snap_masked-XT_scaffold21660-processed-gene-0.5-mRNA-1 1.5408993 1.5132069 1.4081306 1.3970241 1.5222819 1.1704191 1.1594615 0.7244545 0.9723813 0.9723813 1.0023488 0.4750448 2.0147867 1.8991946 1.8895945 1.8727019 1.7510176 1.8802725 2.2522324 2.2977362 2.9265931 2.5531321 1.4811608 2.6600107 2.8351976 2.4653846 2.7338715 1.8678138 2.0478083 3.9217325 1.8031769 1.8133275 1.7430068 1.0617188 1.1066832 1.3069531 2.3611916 2.2209192 2.2535002 2.1914339 2.2145997 1.8957764 1.9304032 2.7810132 2.1022579 2.7867553 0.0000000 2.2625784 1.2298952 1.1635070 2.5000794 1.5057876 2.1915808 2.1790868 1.9344513 2.2013863 2.0214434 2.7333585 2.7177262 2.7177262 2.5111079 2.4785358 2.3121247 2.1555786 0.9332200 
Horcal_Hcv1.av93.c8.g816.i1                                   1.6210067 1.7407060 1.6802456 1.2593852 1.5911381 2.6342435 2.0026070 1.0764690 1.6292722 1.0930920 1.8369115 1.2029828 1.5134795 1.5102480 1.5143943 2.0267341 1.5719671 1.5537441 1.7596254 1.7596254 2.0913491 1.7505847 1.1327337 1.8634536 1.9731400 1.8284424 1.8550463 1.5762514 1.6640110 2.1514358 1.5887313 1.6216750 1.4655267 1.5012932 1.8473840 1.5981306 1.7125583 2.0895733 1.9484500 1.9919935 2.0226683 2.1579434 2.1252055 2.5893067 1.9477105 1.9450411 2.2625784 0.0000000 0.2589159 0.2435755 0.6836701 0.3038904 0.5453470 0.5131261 0.5235205 0.5702503 0.5825193 0.6605668 0.8482320 0.6587857 0.5552579 0.2661562 2.4488784 1.8631896 0.9903509 
Bolinf_Binf_sb1193696                                         0.9175893 0.9148260 0.9118755 1.0734380 0.8654114 1.0191303 1.0183550 0.8559448 1.2744089 0.7904519 1.0460632 1.0683655 0.9042074 0.8519118 0.8733185 0.7898743 0.7798493 0.7165940 0.9826284 0.9826284 1.0143512 1.1366523 1.0217060 1.0289957 1.0171750 0.9627943 1.0074870 0.9663472 0.9060169 1.1998261 1.0101747 0.9400497 0.9356431 0.9286404 0.7667145 0.9238510 1.0454156 1.0570578 1.0490046 1.0328768 1.0589358 1.1463316 1.1463316 1.4371673 0.9338134 1.1165581 1.2298952 0.2589159 0.0000000 0.0000010 0.1141917 0.2092159 0.1694732 0.1827114 0.1874851 0.1874851 0.2001698 0.2606435 0.4044488 0.2606435 0.2533205 0.4335423 1.2430470 1.1202827 0.9152018 
Mertsp_Mesp_sb537139                                          0.8863007 0.8832007 0.8801079 1.0378489 0.8356726 0.9719665 0.9755995 0.8254188 1.2280885 0.7609599 1.0116090 1.0335653 0.8735053 0.8228675 0.8413733 0.7312863 0.7518808 0.6838218 0.9487032 0.9487032 0.9820631 1.0999123 0.9896578 0.9945403 0.9832173 0.9309382 0.9803141 0.9338918 0.8757432 1.1448681 0.9767297 0.9063673 0.9035535 0.8975308 0.7066061 0.8913135 1.0127067 1.0240202 1.0158742 1.0000319 1.0255758 1.1114437 1.1114437 1.3740261 0.9036059 1.0811597 1.1635070 0.2435755 0.0000010 0.0000000 0.1025433 0.1954576 0.1562864 0.1695371 0.1739891 0.1739891 0.1866489 0.2448496 0.3813586 0.2448496 0.2382726 0.4131692 1.2055678 1.0852657 0.9152018 
Beraby_Baby_sb330272                                          1.7557434 1.8773684 1.7609686 1.3639540 1.6414670 2.2453450 1.8831641 1.0944701 1.5280158 1.0162668 1.8167180 1.3195691 1.5677793 1.4153100 1.5058290 1.8377731 1.3918657 1.4140723 1.6631192 1.6631192 1.7304480 2.1328822 1.0028378 1.9232327 1.9642251 1.5614709 1.5487365 1.5903075 1.4222130 1.9695885 1.5176965 2.0383787 1.6500924 1.7287330 2.2451199 1.5421316 1.9395924 1.8846546 1.8641928 1.8020572 1.8319004 2.0582039 2.0242014 2.6142132 1.7021203 2.0516672 2.5000794 0.6836701 0.1141917 0.1025433 0.0000000 0.2198566 0.3391880 0.3846949 0.4147230 0.4737978 0.3513430 0.5136929 0.6553732 0.5078988 0.4190524 1.0224564 2.2104590 2.0727659 0.8313521 
Bolinf_Binf_sb1297303                                         0.9670270 1.0113304 0.9774373 1.0465088 0.9341756 1.2629989 1.1841831 0.9236580 1.5477275 1.0473665 1.1447849 1.2769580 0.9321813 0.7789315 0.8504851 0.9898127 0.8529613 0.7414617 0.9687271 0.9687271 1.1308739 1.0611665 0.9182411 0.9822707 0.9541522 1.0096517 1.0336188 0.9879949 0.9209419 1.2486770 0.9956833 1.0279781 1.0003902 0.8986534 0.8393933 0.9800069 1.0934091 1.1466487 1.0947487 1.0826695 1.0794217 1.2366415 1.2366415 1.7893091 0.9882473 1.0499665 1.5057876 0.3038904 0.2092159 0.1954576 0.2198566 0.0000000 0.1361848 0.2095798 0.2156192 0.2156192 0.2036251 0.2083566 0.3244304 0.2083566 0.2613810 0.5168701 1.4746047 1.2266463 0.8556665 
Mlei_ML1496.g50.i1                                            1.4709329 1.5833630 1.3811617 1.1654496 1.3932100 2.1340405 1.7656312 1.0350793 1.5388150 1.0511350 1.8220576 1.1322775 1.5371052 1.2704973 1.2917380 1.5221086 1.2661607 1.3532387 1.5868070 1.5868070 1.7170941 1.7012407 0.8782359 1.5472551 1.6133702 1.2740153 1.6601314 1.3625164 1.2937360 1.6499545 1.4570847 1.7173823 1.3702403 1.6239477 2.0734367 1.5535946 1.5685842 1.9705053 1.9341755 1.8059277 1.8021853 1.9149012 1.8823271 2.6889808 1.6228282 1.7995559 2.1915808 0.5453470 0.1694732 0.1562864 0.3391880 0.1361848 0.0000000 0.4437638 0.3172037 0.3823949 0.3462881 0.4532628 0.5872508 0.4483831 0.4273742 0.8710067 2.0600088 1.7040228 0.9175472 
Lampan_Lpan_11351_01                                          1.7370972 1.7402305 1.7623638 1.0120238 1.6112775 2.1811285 1.8043543 0.8563135 1.4641645 0.9732362 1.6836876 1.0203459 1.7017138 1.5518758 1.5256503 1.9736823 1.4809526 1.5975157 1.9578816 1.9578816 2.0294050 1.8565782 0.8389597 1.8032204 1.9177396 1.6408714 1.6781273 1.6640716 1.3155430 1.9818072 1.6687578 1.8681016 1.6983959 1.4763259 1.8915322 1.5312684 1.9476854 1.9043661 1.8211380 1.8075136 1.8356975 1.8223963 1.8167139 2.4738499 2.0764971 2.0449714 2.1790868 0.5131261 0.1827114 0.1695371 0.3846949 0.2095798 0.4437638 0.0000000 0.3138172 0.3729986 0.4254539 0.4121326 0.5417102 0.4112950 0.3582294 0.8854615 2.8368690 2.2249925 0.8171512 
Eupdun_Edun_sb10642221                                        1.2841215 1.4457394 1.2642579 1.0489925 1.2205624 1.4584154 1.4270604 0.9794992 1.3565650 0.9069436 1.2214284 0.9970481 1.4385951 1.2650799 1.3984263 1.5934764 1.2989171 1.1947203 1.4262699 1.4262699 1.6103254 1.6286103 0.9566283 1.5096124 1.5376985 1.4602564 1.4940711 1.3307351 1.2788809 1.6309519 1.3029750 1.5304130 1.4847228 1.2726061 1.5245339 1.1686066 1.5303475 1.5045777 1.4964450 1.5329265 1.5245783 1.6087386 1.6087386 2.2249560 1.4068279 1.4749246 1.9344513 0.5235205 0.1874851 0.1739891 0.4147230 0.2156192 0.3172037 0.3138172 0.0000000 0.0134955 0.3826843 0.4129379 0.5463613 0.4018941 0.3614881 0.6955678 2.0559230 1.5612309 0.9624993 
Eupdun_Edun_sb10642223                                        1.4907245 1.6340115 1.4516180 1.2109088 1.2869374 1.7910626 1.6803586 0.9794992 1.4495662 0.9775663 1.4062229 0.9970481 1.5831672 1.4488223 1.5958023 1.9122912 1.5229693 1.4022561 1.7598079 1.7598079 1.8744766 1.7142315 0.9566283 1.5892312 1.5887787 1.6533337 1.6573940 1.5297253 1.4535874 1.9206487 1.4029762 1.6490147 1.5891644 1.4832071 1.8963198 1.3749124 1.7368932 1.7621778 1.7548915 1.7870791 1.7785564 1.8408156 1.8350332 2.4621819 1.7250657 1.7709733 2.2013863 0.5702503 0.1874851 0.1739891 0.4737978 0.2156192 0.3823949 0.3729986 0.0134955 0.0000000 0.4516805 0.4573239 0.5879640 0.4468570 0.4266385 0.9272964 2.4310159 1.7105932 0.9624993 
