100
Lcom_lcpid253710                                                  0.0000000 0.0305348 4.9185021 8.9843844 7.3418766 5.2761174 3.1998216 3.4695515 3.4695515 3.5028600 3.4082881 2.5830892 2.4434604 2.9293187 2.9293187 2.9293187 3.0760993 3.5671072 3.2854729 3.5056593 3.5053255 3.6783726 2.7701229 3.5216495 3.3753886 3.4000663 3.6352928 2.5085906 0.0000010 3.9391755 5.5240422 2.5899744 2.7094827 3.1913350 3.9320249 3.3681424 3.2384318 3.7411321 4.4407370 3.6399728 3.3406580 3.3406580 3.3876896 3.2874783 4.7580964 3.1826749 3.9283415 3.5943638 3.1571235 2.6306246 4.0051043 3.4077008 3.5250867 3.5477202 3.5941748 3.8185891 3.8185891 3.3374184 2.9842418 2.8277502 3.1316214 2.5701460 3.3099999 4.3097064 3.7418695 3.3850109 2.7726049 3.2705042 3.2824735 4.8664255 2.9112903 3.1855623 3.3395916 3.2111314 3.1145439 3.9094576 3.6525663 3.4825633 2.9429386 3.4330928 3.4718564 3.3278950 3.5810004 2.6667997 3.1909872 3.1909872 3.2399131 3.0318967 3.0215953 3.0379698 2.2042046 3.2923201 2.9268667 4.7765372 5.1248002 4.2317442 5.3778140 7.2016845 5.0583743 5.2984305 
Lcom_lcpid225111                                                  0.0305348 0.0000000 4.6143519 6.3163718 6.2653286 4.5438798 0.0000010 3.9201790 5.2865739 3.8330021 4.2964026 3.4155311 3.5119382 3.7329888 3.7329888 3.7329888 4.0587555 3.8878737 3.0100965 3.0770990 3.2142841 3.0605017 2.9490888 3.1901405 3.3217376 3.4678281 4.1722250 9.0000000 0.0000010 3.6969276 4.1694749 2.9676547 3.1582202 3.2478310 7.7073691 3.2548070 2.9045597 3.4634517 4.6195541 3.6264765 3.3830129 3.3072879 3.7619635 3.5398617 6.9210709 3.3045717 3.5151467 3.3231460 3.6710134 3.3719957 4.4106912 3.8977552 3.9422847 3.9633598 4.0238877 4.0589784 4.0589784 3.9574067 3.4535288 3.0125329 3.3460765 3.4366846 3.7651244 4.4860118 3.5212175 3.6059930 3.0782233 3.4470845 3.0845832 4.5746452 3.3383851 3.4066411 3.5370162 3.8201990 3.7072790 4.4921402 4.4558818 3.3401374 2.7636247 3.5607987 4.3230123 4.2539149 3.7792751 9.0000000 3.1677482 3.1677482 2.9665183 3.2732418 3.2213912 3.2364991 2.2863530 3.4428273 2.9351611 4.1574841 4.1526597 4.3451040 4.2844069 5.5445425 6.3961999 6.2243384 
Morvir_scaffold29.g30.t1                                          4.9185021 4.6143519 0.0000000 2.3049327 2.6367937 2.2081664 4.5269693 5.0207950 5.1529355 5.1129472 4.7315633 4.3884961 5.4642616 4.7465413 4.6134333 4.6578747 5.0902777 5.3366205 4.8803133 5.2233506 5.1698449 4.9903258 4.1150338 4.9977469 5.2173208 5.1296469 2.9140827 2.9288818 1.8561824 3.3656309 5.2438025 3.3953967 4.4418981 3.7263199 3.0836911 3.6336224 3.7117219 3.1252256 3.0844678 3.0041884 2.9501273 3.0818636 3.0334807 3.0804610 4.0097267 3.1301106 3.2956039 2.7812644 3.2479771 2.8632410 2.9626913 3.1012281 3.2228079 3.2384376 2.9799347 3.2358099 3.0516298 3.3116944 3.3075995 3.7008552 3.1127030 2.9477126 3.1998046 2.8765612 3.1537051 2.9516311 3.3207874 3.3553955 3.1510350 3.9872410 3.2994877 3.1117524 3.3909054 3.7682513 4.0940079 4.1336462 4.2930628 3.7955613 2.7304885 3.6572947 2.9871919 3.2729400 3.6722536 3.5631777 4.6559078 5.0680333 5.4503106 5.6309751 5.7301830 5.6376207 5.2134947 5.0138792 3.5172128 4.7203483 2.5916670 3.6521819 2.3006932 2.9990758 2.3034068 3.9801613 
Aaur_scaffold1695.g11.t2                                          8.9843844 6.3163718 2.3049327 0.0000000 1.6370549 2.1798045 2.9144936 4.1002600 4.1174234 4.3301355 4.4419731 4.6398892 4.6037844 4.0409929 4.0552629 4.0409929 5.0772731 4.6191316 4.0989034 4.2522217 4.2305031 4.6996787 3.7883719 4.2045419 4.6110191 4.1801457 3.2717500 3.6090246 1.9899158 3.1567001 5.7351500 3.2641102 3.0712196 3.8832319 2.9561941 3.2194982 3.1121446 3.0384834 3.3290141 2.6538244 2.5500348 2.4849545 2.6558715 2.7087025 2.6591790 2.4121466 3.1783431 2.9176938 2.9005572 3.2241229 2.6329998 2.7828282 2.7418999 2.7773105 2.7630664 2.7271495 2.7350027 3.2726341 3.6030505 3.5893893 3.3587330 2.9925105 3.3926415 3.3092429 2.9597722 3.2368004 3.4248310 3.5600315 3.0030749 3.8439941 3.3669540 2.7600980 3.0217726 3.1893270 3.9455238 3.7029028 4.0720440 3.4016720 3.7904601 2.9354276 3.0654686 3.3993492 3.0236050 3.9619420 3.6199187 3.6199187 3.8385053 4.3027170 4.0663280 4.0238679 4.5685219 4.4359687 3.8844853 4.0666702 2.6090785 4.6001108 3.2088418 3.5369826 2.5143002 4.7986041 
Rhoesc_Res_001254-T1                                              7.3418766 6.2653286 2.6367937 1.6370549 0.0000000 2.5565432 8.1925119 6.5386528 6.5023885 5.7733019 5.6525230 6.7072828 5.1366097 5.7852349 5.1653811 5.5612638 6.4467193 6.5178087 5.6040589 5.8247778 5.9054368 5.6258131 4.5312725 5.1801658 5.9516233 4.9759235 4.8961514 3.2014566 3.2411643 4.1607472 5.3156319 4.4583888 5.6170590 4.3002770 4.6322146 3.9545892 3.6025147 3.8967377 4.0268337 3.9933373 3.8223409 3.7902229 4.3125814 3.9204960 5.8983989 4.1840009 4.4782388 3.8824226 3.9587481 3.9223420 3.8705582 4.1196293 4.5592785 4.5315985 4.1731561 4.5749834 4.0547149 3.6658197 4.1500962 4.4737489 3.8945716 3.6458857 3.7475581 4.2881394 4.3338053 3.3938554 3.5680050 3.5706612 3.9168059 4.9676392 3.8040152 4.0295681 4.5488633 4.6536876 4.0808225 4.2498525 4.1743525 4.4977726 4.1657369 3.8517746 3.4572647 4.7843330 5.7358098 5.1873703 6.3845670 6.2243089 8.3172200 7.3073162 7.1751933 7.1121785 7.2578834 6.2139122 4.4765260 5.4059601 3.6755595 2.9836934 3.0492215 3.6429191 2.9454873 4.6958547 
Sanmal_Sma_026562-T2                                              5.2761174 4.5438798 2.2081664 2.1798045 2.5565432 0.0000000 6.8541501 5.7995406 5.8936099 5.1141184 5.9378060 5.6761819 7.6325136 6.3058270 6.1160669 5.8634269 5.3336071 5.7369002 4.7041837 4.8540697 5.1497910 5.9120903 4.5957232 5.7224634 6.5781375 4.9592893 3.6405375 4.0220945 2.9032820 4.7180219 5.9122045 4.0912091 4.2409256 4.9458130 4.3766482 4.0821726 3.8388786 3.5155464 3.8801189 4.1063866 3.9223934 3.7082279 4.3835171 4.0707058 4.7248442 3.9448871 4.6444811 3.6119401 4.2105293 3.8997430 3.8975397 4.0087040 3.8866389 3.9368484 3.4268110 3.8997632 4.0330985 3.7006294 3.9633407 4.3478615 4.4417723 3.6914399 3.5573983 4.0258810 3.9857008 3.9022034 3.9907107 4.3419098 3.8406986 4.8911979 4.0716048 4.1507312 3.9701025 5.1404660 6.6813798 4.9167634 5.3466913 4.6188300 4.0812581 3.8302448 3.8049109 4.6568943 5.1457148 4.0440360 5.0124439 5.4244554 6.5539467 5.5684581 5.7488199 5.6984955 5.7472403 6.3209723 4.7473403 6.5781191 3.1377311 4.8670835 2.9855680 3.5986815 3.1046857 4.9525775 
Pbac_sb2641796                                                    3.1998216 0.0000010 4.5269693 2.9144936 8.1925119 6.8541501 0.0000000 0.0144072 0.0144072 0.0000010 1.4060076 1.5589100 0.0000010 1.0903270 1.2497925 0.9825051 1.4613902 1.7036649 3.0065894 3.0375270 2.9072725 3.5269404 0.0000010 2.8147410 4.0524175 3.1431567 4.1338838 2.8270510 0.0000010 3.8378981 0.0000010 3.7159537 3.7159537 3.8230630 4.1390501 6.0472147 6.6042230 4.2157623 3.7701810 3.1368929 4.6200754 5.2323709 3.2835966 7.5080648 4.5567146 4.5567146 4.6696152 5.5681549 3.5184592 4.8643755 2.8200646 2.7659172 4.2514689 4.2514689 4.1849314 3.9577239 4.6114991 4.2767847 3.0831588 3.8794727 3.2537995 4.4069907 2.9182134 2.2719621 4.8497838 2.7382201 5.8703258 3.2707563 3.4213237 3.3647673 2.8627272 3.8917751 3.2351854 3.2899656 3.9532634 4.3491167 3.3079668 6.6948155 0.8212962 5.0411829 4.7901199 5.3201716 4.3306468 4.9169473 4.3193128 4.3193128 4.3290235 4.3733390 4.3733390 4.3733390 3.9015923 3.9957813 3.8096641 3.5446268 3.6249656 0.0000010 7.3021191 6.4389295 3.4637464 4.0889840 
Horcal_Hcv1.av93.c12.g423.i1                                      3.4695515 3.9201790 5.0207950 4.1002600 6.5386528 5.7995406 0.0144072 0.0000000 0.0800774 0.0717050 0.8929749 1.0914245 0.9359040 0.9482505 0.9347271 0.9247859 1.1590910 1.2082896 2.0076841 1.9576992 1.9501970 1.9352079 1.3575920 1.8825089 1.8574092 2.0354640 3.0227612 3.3618861 1.3647821 3.0738810 3.6485343 2.8606496 3.3576002 3.3821569 2.8010930 3.6724601 3.9523076 3.1241467 3.3063317 3.0725208 3.4230210 3.4836837 3.3284278 3.4590891 2.9313829 3.5454169 3.2372743 3.7086837 3.1155725 3.3778900 3.3470324 3.2856864 3.5878413 3.5890849 3.4603699 3.5445302 3.7006467 3.2025225 3.3007524 3.2762681 3.1391566 3.0794869 2.9838603 3.0207586 3.4171015 2.9422123 3.1076347 3.1069361 3.1681341 4.1118072 2.9966720 3.3732458 3.2288123 3.2663541 4.2418726 3.2257856 3.1208384 3.3947501 3.3401878 3.5030012 3.4353727 3.8449107 3.2729758 3.6110095 2.9291000 2.9291000 2.9707495 2.7554555 2.9727959 3.0104679 2.7930631 3.0749531 3.5286992 3.2430600 5.0633368 3.9619552 6.8577566 5.5405217 4.5275415 5.6831000 
Horcal_Hcv1.av93.c12.g423.i2                                      3.4695515 5.2865739 5.1529355 4.1174234 6.5023885 5.8936099 0.0144072 0.0800774 0.0000000 0.1703961 1.0684589 1.1203001 1.2035714 1.0510410 1.0540950 1.0201527 1.3037212 1.3854375 2.1529017 2.1204471 2.0912407 2.2095951 1.4661885 2.0538847 2.1752362 2.2343892 3.1947268 3.4701960 1.3647821 3.2217066 4.4989616 2.7942594 3.3576002 3.1559184 2.8010930 3.7833600 4.0539598 3.2195946 3.3377489 3.0579504 3.3983413 3.5168551 3.2322913 3.5249070 2.9785796 3.5960656 3.2141298 3.6393650 2.9421579 3.4951197 3.6207040 3.5185366 3.8125004 3.8141371 3.6818020 3.7675823 3.8876148 2.9663840 3.4968784 3.4517986 3.1835102 3.1386587 3.0490599 2.9501064 3.3727255 2.6779703 2.7284750 2.7716608 2.8304029 3.5564853 2.9190574 3.4681693 3.4011710 3.3966279 4.3227738 3.0109405 2.8476327 3.1929575 2.9528735 3.3372653 3.3456412 3.6390125 3.5079949 3.6110095 3.1792999 3.1792999 2.8865460 2.9238109 3.1426066 3.1545810 2.8007470 3.0415491 3.4655765 3.0320332 5.1940929 6.3687056 7.0936608 5.4044224 4.3402922 5.7873023 
Pbac_sb2662791                                                    3.5028600 3.8330021 5.1129472 4.3301355 5.7733019 5.1141184 0.0000010 0.0717050 0.1703961 0.0000000 0.6817382 0.9913498 0.9470178 0.9130404 0.9130404 0.9130404 1.1178652 1.0891548 1.7674473 1.7362279 1.7402036 1.6768117 1.3808006 1.6778813 1.4639791 1.8196475 2.7162607 4.4004694 1.5656313 2.9645850 3.8543615 2.6332734 2.8548160 3.2436458 2.1397799 3.1120266 3.3304792 2.8770355 3.1531243 3.0355333 3.1235777 3.0924651 3.3502666 3.2560710 2.0879159 3.2506234 2.9322788 3.2984486 2.9804381 2.9164346 3.4662965 3.3938993 3.5333882 3.5349528 3.4649114 3.5935963 3.7026610 2.8544355 3.4451251 3.2011287 3.0746229 2.7770945 3.0754046 3.3398063 3.0450377 2.9563925 2.8930114 2.8953186 2.9853136 4.7991432 2.9889740 3.3165683 3.1842681 3.3164874 4.2918635 2.9424322 3.0881617 2.7421102 3.4679187 3.1486342 3.1925740 3.3998051 3.0150540 2.6358007 2.5106363 2.5106363 2.6025066 2.2097548 2.5388224 2.6080391 2.4589662 2.7973120 3.4299236 3.0997395 6.2203110 3.8963995 6.4528176 4.9402287 4.9884507 6.2948828 
Beraby_Baby_sb337406                                              3.4082881 4.2964026 4.7315633 4.4419731 5.6525230 5.9378060 1.4060076 0.8929749 1.0684589 0.6817382 0.0000000 0.8517025 0.9753619 0.8508628 0.7914297 0.7967845 1.0062742 1.1502935 1.7846572 1.8371267 1.8100717 1.9002718 1.3998918 1.7889943 1.6423922 1.7754682 2.6605902 2.7216899 1.4107980 2.8713683 3.5031475 2.6222300 3.5167084 3.0244098 2.5941596 2.7641670 3.0402264 3.2463754 3.1800641 2.5482305 3.1145578 3.0800238 2.5169117 2.9487120 2.8840113 3.1447699 2.8298870 3.2535554 3.1486241 2.8082305 3.0416927 2.9952616 3.3391188 3.3532152 3.3476480 3.3032287 3.3954256 2.7073864 3.5690389 3.1325982 2.9606958 2.8535612 2.8935551 2.9109106 2.8641272 2.6826043 2.5657549 2.8456372 2.8831849 3.7694544 3.0076056 3.3432231 2.6447334 3.1189230 4.5560494 3.2770827 3.0456927 2.8601551 2.6192616 3.0804265 2.9701740 3.0211448 3.5329272 2.9182365 2.6127703 2.6127703 2.4748481 2.5987851 2.6843136 2.6900122 2.4466995 2.6398159 3.1402862 2.7573163 5.7323885 3.2870781 6.0673671 4.3540386 4.0480645 5.6988228 
Drygla_Dgla_sb286006                                              2.5830892 3.4155311 4.3884961 4.6398892 6.7072828 5.6761819 1.5589100 1.0914245 1.1203001 0.9913498 0.8517025 0.0000000 1.0685907 0.9383266 0.8570712 0.8944373 1.1237076 1.1960322 1.7268839 1.7289020 1.7241634 1.7812670 1.1906570 2.0611077 1.9063344 1.9554538 2.8448432 3.2999390 1.9025510 3.4437726 4.4104234 3.1440595 4.7800818 3.4382302 2.5202919 3.5158942 3.9118565 3.5590564 3.4871550 3.3945096 3.8225121 3.7242684 3.1131552 3.6067045 2.8675705 3.7753651 3.2594062 3.6555705 2.9046497 3.1918166 3.9052840 3.7421238 3.7770043 3.7845175 3.6497629 3.6756523 3.9645612 3.1662680 3.7824414 3.6571519 3.1765093 3.2034131 3.1819554 3.2435236 3.4512537 3.2053799 2.9767541 3.3237484 3.2863270 4.2243744 3.3386910 3.4492415 3.5582133 3.6054226 4.3905690 3.6462353 3.7060378 3.1652297 3.6291633 3.3826803 3.7004571 3.3804268 3.3863735 2.7200114 2.7135130 2.7135130 2.7401530 2.6914169 2.8784503 2.9194135 2.6589748 2.8945437 3.4074243 3.2249264 4.4734781 5.3071057 5.1330024 4.7443547 4.6357110 4.9303347 
Mertsp_Mesp_sb569356                                              2.4434604 3.5119382 5.4642616 4.6037844 5.1366097 7.6325136 0.0000010 0.9359040 1.2035714 0.9470178 0.9753619 1.0685907 0.0000000 0.0000010 0.0000010 0.0000010 0.9686728 0.8486698 1.8608215 1.9000243 1.9281505 1.7274684 1.4855924 1.5107197 2.0188172 1.7660761 3.0664995 5.2686279 0.0000010 3.9802129 4.4420257 3.1459700 0.6942174 3.6132494 1.4932749 3.4853117 3.5001581 3.2177328 3.5506131 3.8614588 4.0591389 4.1349813 3.9700499 3.9246714 4.0443571 3.7596772 3.1531954 4.4761665 3.2096380 3.1802645 4.9296013 4.3014442 4.1859254 4.1875401 4.1880199 4.2305868 4.3628332 3.4154842 3.4467338 3.3690030 3.2533541 3.3759955 3.3617842 3.9903729 3.7077155 3.6430573 3.9804502 3.7969899 4.0665440 7.3234729 3.6795875 3.0571031 3.3919691 4.3233134 3.9273667 3.9635922 4.5384720 3.1169795 3.5016675 3.9108519 4.3495149 4.0189067 3.5397252 0.0000010 3.1619568 3.1619568 3.1776360 3.1987068 3.3449600 3.4287522 3.1296341 3.3354523 3.1779270 3.5674567 4.7076817 4.2571546 4.9906434 4.7379283 5.0085890 6.1752699 
Mertsp_Mesp_sb569354                                              2.9293187 3.7329888 4.7465413 4.0409929 5.7852349 6.3058270 1.0903270 0.9482505 1.0510410 0.9130404 0.8508628 0.9383266 0.0000010 0.0000000 0.0000010 0.0000010 0.9902603 0.9209369 1.8324448 1.8630457 1.8754560 1.8813077 1.2134187 1.6072812 1.7705863 1.7700915 3.0476011 2.6909506 2.0288623 3.2765740 3.9833195 2.9104812 4.1161580 3.5902648 2.7725153 3.3523797 3.4912673 3.1066321 3.2102242 3.2919437 3.5923722 3.6218518 3.1505543 3.3763538 2.9013551 3.4242132 3.0607278 3.8029340 3.3400103 3.0753536 3.8010869 3.5519294 3.7816056 3.7822691 3.6303064 3.8216713 3.8432704 3.1628928 3.2822341 3.0608706 2.8976086 3.1627151 2.9731450 3.2289117 3.4729431 2.9135490 3.1193051 2.9907789 3.3169363 4.1420602 3.2289934 3.0209687 3.0478033 3.7993666 4.1200856 3.3683009 3.5274829 3.1138855 2.9225164 3.4774816 3.6572203 3.5790353 3.4566702 3.5195156 2.8556501 2.8556501 2.9938745 2.7948217 2.9018136 2.9377793 3.0093108 2.8555345 3.0652264 3.4323699 4.7582204 4.2571546 5.2300241 4.7037147 5.1116309 5.2086611 
Mertsp_Mesp_sb569355                                              2.9293187 3.7329888 4.6134333 4.0552629 5.1653811 6.1160669 1.2497925 0.9347271 1.0540950 0.9130404 0.7914297 0.8570712 0.0000010 0.0000010 0.0000000 0.0000010 0.8674974 0.8108422 1.7349249 1.7578343 1.7871672 1.7355297 1.2134187 1.6236514 1.6679051 1.7201045 2.6941123 2.6060208 2.0288623 3.0320843 3.9833195 2.8936883 4.9521369 3.4795277 2.2050278 3.1333306 3.2820857 2.8525075 3.0717411 3.1387849 3.3053692 3.2310128 3.0483466 3.1712773 2.1778361 3.0692599 2.7863893 3.6167066 3.1694604 2.8381498 3.8010869 3.4976915 3.5149958 3.5156386 3.4814832 3.6187999 3.6237684 2.9321049 3.1333018 2.8228832 2.7636054 2.8273169 2.9611923 3.2659177 3.1647210 2.9867878 3.0746348 2.8045625 3.0412838 3.9207515 2.9519960 2.7739620 3.0330713 3.5628187 4.0350188 3.1918471 3.4253996 2.8846215 2.9225164 3.2518935 3.4395504 3.2522294 3.2283585 3.0391465 2.6752202 2.6752202 2.8169831 2.5177840 2.6850380 2.7236927 2.7151026 2.7091371 3.1498652 3.3758439 4.9863011 4.2571546 4.5217567 4.5136554 4.9642039 5.1761314 
Bolinf_Binf_sb1217570                                             2.9293187 3.7329888 4.6578747 4.0409929 5.5612638 5.8634269 0.9825051 0.9247859 1.0201527 0.9130404 0.7967845 0.8944373 0.0000010 0.0000010 0.0000010 0.0000000 0.9561380 0.9011982 1.8324448 1.8669713 1.8846004 1.8813077 1.2134187 1.6072812 1.7338899 1.7700915 2.9481882 2.6909506 2.0288623 3.2491166 3.9833195 2.9104812 4.1161580 3.5902648 2.7725153 3.3523797 3.4912673 3.0259700 3.2015932 3.1343614 3.5060122 3.5118589 3.1550395 3.3954357 2.6810962 3.2882433 3.0449407 3.8029340 3.3400103 3.0050343 3.8010869 3.4913661 3.6958972 3.6965372 3.6303064 3.7358147 3.8432704 3.1404789 3.2678572 3.0608706 2.8976086 3.1193692 2.9731450 3.2289117 3.4045898 2.9135490 3.1193051 2.9767513 3.2852781 4.1159753 3.1511188 3.0233106 3.0478033 3.8331472 4.1200856 3.2982926 3.4673526 3.1834449 2.9225164 3.4611683 3.6572203 3.5091072 3.3778576 3.5195156 2.7978764 2.7978764 2.9225290 2.7346399 2.8510148 2.8866872 2.9442224 2.7760675 3.0652264 3.4323699 4.5208580 4.2571546 5.1432605 4.6738743 4.9546081 5.1977594 
Vmul_Simscaffold7394_01                                           3.0760993 4.0587555 5.0902777 5.0772731 6.4467193 5.3336071 1.4613902 1.1590910 1.3037212 1.1178652 1.0062742 1.1237076 0.9686728 0.9902603 0.8674974 0.9561380 0.0000000 0.5084721 1.7702103 1.7735721 1.7655488 1.6658800 1.2282143 1.4505275 1.7848086 1.7135714 2.8069647 2.8487833 1.8688151 3.2283812 3.6047818 2.7582054 4.1447123 3.5320350 2.7210665 2.7765627 3.0355117 2.9183290 3.0308543 3.0309380 3.3779059 3.3208627 3.0565811 2.9610132 3.0575266 3.1451149 2.9260466 3.1190309 2.9544506 2.9207245 3.3641152 3.1441449 3.4354398 3.4470251 3.3652658 3.2363093 3.3914601 2.8962052 3.1082830 2.8099169 2.9066157 2.9841722 2.8590186 2.8609942 3.2362641 2.5926741 2.4602430 2.6166093 2.7529439 3.5943231 3.1319130 3.6046797 3.3136453 3.1548786 3.9442936 3.0496187 2.9691120 3.4488927 2.9326293 3.0010254 3.4873250 3.1736509 3.6198694 3.6136301 2.7589741 2.7589741 2.8318549 2.5001187 2.5973299 2.5877875 2.4381046 3.0587766 3.8089051 3.2864936 5.4231216 4.3632803 5.4796338 5.0844101 4.8136616 6.1360880 
Coemet_Cmet_C600749_01                                            3.5671072 3.8878737 5.3366205 4.6191316 6.5178087 5.7369002 1.7036649 1.2082896 1.3854375 1.0891548 1.1502935 1.1960322 0.8486698 0.9209369 0.8108422 0.9011982 0.5084721 0.0000000 1.8064243 1.8013287 1.8031554 1.7118188 1.3206757 1.4688452 1.9693435 1.7319777 2.6649060 3.6794453 1.7409863 3.3535866 3.7418408 2.7272141 3.4843673 3.3599650 2.9833452 3.1612086 3.4171775 2.9728142 3.0977979 2.8291802 3.4003021 3.2735679 3.0802579 3.1565181 3.0426827 3.1782418 2.9917879 3.4552438 3.1532983 3.1641369 3.2578288 3.0442463 3.2352860 3.2265443 3.2389048 3.3142478 3.4734514 3.0232485 3.3762383 3.1129188 3.1631004 3.1436978 3.0066559 3.0746884 3.3231444 2.8381704 2.7612677 2.6990024 3.0187370 3.6233254 2.8466547 3.5454456 3.3825873 3.6433064 4.4394728 3.3338174 3.3738955 3.4734595 3.0139388 2.8549965 3.4121983 3.2838869 3.5803469 3.8665681 2.7359665 2.7359665 2.9386565 2.6238082 2.7204045 2.7274715 2.6722356 2.9996945 3.6144558 3.5605114 5.5902894 3.8521044 5.4209225 4.8281507 4.8192773 5.5916160 
Horcal_Hcv1.av93.c13.g7.i1                                        3.2854729 3.0100965 4.8803133 4.0989034 5.6040589 4.7041837 3.0065894 2.0076841 2.1529017 1.7674473 1.7846572 1.7268839 1.8608215 1.8324448 1.7349249 1.8324448 1.7702103 1.8064243 0.0000000 0.0465786 0.0540864 1.4039895 1.0888873 1.2767559 1.4681745 1.4161388 2.7994970 3.5555503 1.6934884 3.4025393 3.7601545 2.7066579 3.4662104 2.9528887 3.0865025 3.1326309 3.2382340 2.9174911 3.1515969 2.8437250 3.0323531 2.9127458 2.8173079 2.7542565 2.9436043 2.9458786 2.4916523 2.6081614 2.8962879 2.7219729 3.0687332 2.9325452 3.0307946 3.0372260 2.9578475 3.0116303 3.0692919 2.6223797 3.0869144 2.9756693 3.0142090 2.6905097 2.4446048 2.4844514 2.7583920 2.6446971 2.7642216 2.8393710 2.6571362 3.8023519 2.7783014 2.9410877 2.6427005 2.9984556 3.7123740 3.3944967 3.4883410 2.9093207 2.5582881 2.8729706 2.6652129 2.8556281 2.7487821 3.4691130 2.6002869 2.6665680 2.7751566 2.1999592 2.2991142 2.3092796 2.5568421 2.4626085 3.0267877 3.1660378 4.8250414 3.3666711 4.7055942 4.7356486 5.3257451 5.3327306 
Pbac_sb2656723                                                    3.5056593 3.0770990 5.2233506 4.2522217 5.8247778 4.8540697 3.0375270 1.9576992 2.1204471 1.7362279 1.8371267 1.7289020 1.9000243 1.8630457 1.7578343 1.8669713 1.7735721 1.8013287 0.0465786 0.0000000 0.0542312 1.3932025 1.1345596 1.3038267 1.4786748 1.4099592 2.8421350 3.5137945 1.6934884 3.4839400 3.7661333 2.7645613 3.5277384 3.0016924 3.0140032 3.2843788 3.2749889 3.0085195 3.2068488 2.9646877 3.1573260 3.0283967 2.8433991 2.8804541 3.0565704 2.9616959 2.5434478 2.5936858 3.0201340 2.9260505 3.0797301 2.9163963 3.0414784 3.0477302 2.9298458 3.0708308 3.0410289 2.6113339 3.1719272 3.0522957 3.0740458 2.7828102 2.4492526 2.5335881 2.7753978 2.6865440 2.7532217 2.8302864 2.6751300 3.8369647 2.8127895 3.0777855 2.6329875 3.0951352 3.3937000 3.4637176 3.4665180 2.8688357 2.6930482 2.8864107 2.6595988 2.8851773 2.7445882 3.3413052 2.6255720 2.6984488 2.8071595 2.2350592 2.3411871 2.3514518 2.5231781 2.4614816 3.1423690 3.1915800 5.0431923 3.3922493 5.1443171 4.9917438 5.3874921 5.9106049 
Pbac_sb2657753                                                    3.5053255 3.2142841 5.1698449 4.2305031 5.9054368 5.1497910 2.9072725 1.9501970 2.0912407 1.7402036 1.8100717 1.7241634 1.9281505 1.8754560 1.7871672 1.8846004 1.7655488 1.8031554 0.0540864 0.0542312 0.0000000 1.4306259 1.1360598 1.3321901 1.4917554 1.4369419 2.8319617 3.7539284 1.5888668 3.6496160 3.7704839 2.9327466 3.9498739 3.0987122 3.2985988 3.3667712 3.2921053 3.2110000 3.3546986 3.0682886 3.2264712 3.1061950 3.0373728 2.9824584 3.1558565 3.0751505 2.6093576 2.6592923 3.1600478 3.0526614 3.0690448 3.0976423 3.2241337 3.2272950 2.9122714 3.1079263 2.9540455 2.7133177 3.1777213 3.1560715 3.0881402 2.9616381 2.4401354 2.5443963 2.9815753 2.7190374 2.8370572 3.0818149 2.8421623 4.4927354 2.8180499 3.2229716 2.8473172 3.2310859 3.5009759 3.6245320 3.5540381 3.0263848 2.6796405 3.0380798 2.8165402 2.8834969 2.8509381 3.4464039 2.5551908 2.6829928 2.7933375 2.2436784 2.3394453 2.3440250 2.5965699 2.4763043 3.2377976 3.2241969 5.3345371 3.3731309 5.0886987 4.9271067 5.2544060 5.8462584 
Mlei_ML0908.g3.i1                                                 3.6783726 3.0605017 4.9903258 4.6996787 5.6258131 5.9120903 3.5269404 1.9352079 2.2095951 1.6768117 1.9002718 1.7812670 1.7274684 1.8813077 1.7355297 1.8813077 1.6658800 1.7118188 1.4039895 1.3932025 1.4306259 0.0000000 0.6254379 0.9779699 1.0620728 1.2466997 2.4026908 2.5445677 1.3915577 2.7040385 3.1405811 2.6706975 2.5349736 2.9483024 2.5515552 2.7798652 2.9305805 2.7295215 2.9660018 2.5029034 2.8854021 2.8284663 2.6960352 2.7426931 2.2530457 2.8383727 2.6464027 2.6794894 2.8294063 2.6394265 3.2010607 2.9223403 3.3617236 3.3628791 3.3450936 3.2826642 3.2490916 2.8178071 2.6918769 2.5219316 2.6973438 2.6832892 2.5339885 2.6218968 2.8407319 2.3050709 2.4732978 2.4114938 2.3075959 3.2367141 2.6156042 2.5660964 2.4448769 2.6934405 3.5726258 2.5443685 2.6396201 2.7989064 3.0153993 2.8078955 2.5306066 2.5561736 2.7674342 2.9248686 2.8430454 2.8430454 2.7026146 2.8919249 3.0720918 3.1199201 2.7061962 2.4233798 3.0409163 3.2986166 4.2870171 3.8159100 5.3478010 4.2869270 4.0931215 5.8689011 
Beraby_Baby_sb327578                                              2.7701229 2.9490888 4.1150338 3.7883719 4.5312725 4.5957232 0.0000010 1.3575920 1.4661885 1.3808006 1.3998918 1.1906570 1.4855924 1.2134187 1.2134187 1.2134187 1.2282143 1.3206757 1.0888873 1.1345596 1.1360598 0.6254379 0.0000000 0.8202036 0.8640120 0.8813712 1.7790926 3.8842088 1.6468417 2.1439616 2.4880729 2.0315364 2.1733297 2.4915544 1.6853671 1.8993945 2.0245139 2.0604915 2.1157548 2.0689059 2.0973807 2.0752623 2.0507930 2.0118546 1.6104748 2.0392511 1.7325223 1.9332722 2.1463167 1.9538118 2.6720962 2.3325192 2.3237141 2.3511002 2.4291092 2.3566643 2.3566643 1.9161331 2.2755344 2.1923769 2.2121438 1.8299799 2.0037997 2.1762489 1.9436056 2.0786759 1.9054695 1.9869620 1.8518487 3.5113898 2.2957081 1.7747999 2.0487979 2.2035643 2.9424888 1.9020039 2.1049983 2.2298853 2.6779330 1.9770363 1.8905496 1.8334211 2.0399585 1.5208875 2.0829208 2.0829208 1.8703525 1.9303092 1.9216556 1.9468171 2.0854525 1.9670759 2.3006615 2.3302970 4.4054176 2.6532875 4.3200216 3.7298200 4.2626260 6.6271620 
Lampan_Lpan_C403891_01                                            3.5216495 3.1901405 4.9977469 4.2045419 5.1801658 5.7224634 2.8147410 1.8825089 2.0538847 1.6778813 1.7889943 2.0611077 1.5107197 1.6072812 1.6236514 1.6072812 1.4505275 1.4688452 1.2767559 1.3038267 1.3321901 0.9779699 0.8202036 0.0000000 1.1027241 1.0957039 2.8000355 4.4555693 1.2419625 3.0502524 3.7837668 2.4753517 2.5369791 3.2367913 2.5916823 2.6253594 2.5380185 2.7390003 2.8605491 2.6265155 2.8839140 2.8945388 2.7756986 2.7743561 2.2410985 2.9221372 2.6514440 2.8742011 3.0014866 2.6342073 3.3008322 3.1188330 3.2098760 3.2216664 3.2288818 3.1812505 3.2912732 2.7539475 2.7973207 2.7380858 2.7689470 2.5201136 2.8595693 2.9359455 2.8995287 2.6203818 2.4282936 2.5228145 2.5781583 4.3852017 2.8395920 2.8025950 2.8771122 2.7619851 3.4403854 2.9367143 2.6116677 2.9197303 3.1036412 2.9832214 2.6624640 2.8314249 2.9793645 3.2586639 2.8534132 2.8534132 2.7383761 2.5514263 2.6880799 2.7029875 2.6394091 2.6700478 2.7988301 2.9702221 4.4899795 3.3263025 5.1691690 4.6719395 4.3230340 5.3303917 
Vmul_sbMO424150                                                   3.3753886 3.3217376 5.2173208 4.6110191 5.9516233 6.5781375 4.0524175 1.8574092 2.1752362 1.4639791 1.6423922 1.9063344 2.0188172 1.7705863 1.6679051 1.7338899 1.7848086 1.9693435 1.4681745 1.4786748 1.4917554 1.0620728 0.8640120 1.1027241 0.0000000 0.8942106 2.7948221 3.6476743 1.9835575 3.1803926 3.3250121 2.6294341 3.3724172 3.4155484 2.5493441 2.9561329 3.0122611 2.6348815 3.1465462 2.6231250 2.9976509 2.8783301 2.7957974 2.9811365 2.4582060 3.0887603 2.6747072 2.8997946 2.8763595 2.5027480 3.0688856 2.9027853 3.2650731 3.2761323 3.1761635 3.2508289 3.4264922 2.7368441 3.2086886 2.8295135 2.9093769 2.6369496 2.5920678 2.7401861 2.8662296 2.4348881 2.4169306 2.7667271 2.5572881 4.3410190 2.9384542 2.8882417 2.5886444 2.8828909 3.8412402 2.9256436 2.8073377 3.1467422 2.8869134 2.8302016 2.7292628 2.8810924 2.9099792 2.8723540 2.7946580 2.7946580 2.7981655 2.9081999 3.0181528 3.0331220 2.7007088 2.8200536 2.8321257 3.2399046 4.2407887 4.0256915 5.6264683 4.2908428 4.7261853 5.7940447 
Coemet_Cmet_C593089_01                                            3.4000663 3.4678281 5.1296469 4.1801457 4.9759235 4.9592893 3.1431567 2.0354640 2.2343892 1.8196475 1.7754682 1.9554538 1.7660761 1.7700915 1.7201045 1.7700915 1.7135714 1.7319777 1.4161388 1.4099592 1.4369419 1.2466997 0.8813712 1.0957039 0.8942106 0.0000000 2.6761737 4.4133103 1.3129982 3.1103991 3.4329751 2.3798669 2.8229856 2.9996511 2.6132706 2.7826109 2.7817051 2.5934654 2.6343685 2.6390349 2.8820631 2.7710197 2.6317965 2.8660214 2.1153187 2.7485101 2.5404231 2.6530370 2.8154092 2.6408591 2.6845822 2.5786336 2.7426805 2.7485251 2.8077456 2.8459144 2.9546616 2.4698212 2.6862080 2.5066410 2.7238115 2.6750374 2.5355014 2.6914343 2.7787430 2.4715997 2.3577736 2.6506711 2.4992065 3.4700838 2.4618734 2.6383009 2.6911920 2.7565663 3.4597935 2.8326029 2.8662752 2.7674318 2.7692172 2.7736503 2.5669969 2.8906691 2.6506468 2.6113109 2.9012222 2.9012222 2.8929228 2.7535826 2.7838701 2.8146640 2.8677758 2.9933868 2.9317527 3.0125515 4.7110415 3.7518402 4.9930739 3.8243616 4.9886853 4.8007838 
Cgig_XM_034470092.1                                               3.6352928 4.1722250 2.9140827 3.2717500 4.8961514 3.6405375 4.1338838 3.0227612 3.1947268 2.7162607 2.6605902 2.8448432 3.0664995 3.0476011 2.6941123 2.9481882 2.8069647 2.6649060 2.7994970 2.8421350 2.8319617 2.4026908 1.7790926 2.8000355 2.7948221 2.6761737 0.0000000 1.9433857 1.6447749 2.1181291 2.3680300 1.9882207 2.2768440 2.3397169 2.1098069 2.3433085 2.6171489 2.0716067 1.9586776 1.8549780 2.1141079 2.0925199 1.9175413 2.2374140 2.2965917 2.0080674 2.0803286 1.9652440 1.3754302 1.4382224 1.8720889 1.8446113 2.0620903 2.0751357 2.1140087 2.0250844 2.0547632 1.6664075 2.3565043 2.3816518 2.0854554 1.4429152 1.6885893 1.5810642 1.6514236 1.9211714 1.5808764 1.8459661 1.8923157 2.9235287 2.4575076 1.6230014 2.0288836 2.1608393 3.7543479 2.6487539 2.6291056 2.3715474 2.1820456 1.8650519 1.9896886 2.2253661 1.8662192 1.8820661 3.2411488 3.2411488 3.7420423 2.6341811 3.0760303 3.0695620 2.9690010 3.3253135 2.2242691 2.6520738 4.0170024 2.8222050 3.7803093 4.7737220 3.9109687 3.5620207 
Ocar_g5919                                                        2.5085906 9.0000000 2.9288818 3.6090246 3.2014566 4.0220945 2.8270510 3.3618861 3.4701960 4.4004694 2.7216899 3.2999390 5.2686279 2.6909506 2.6060208 2.6909506 2.8487833 3.6794453 3.5555503 3.5137945 3.7539284 2.5445677 3.8842088 4.4555693 3.6476743 4.4133103 1.9433857 0.0000000 0.6633204 0.2091732 0.9351727 2.0377446 1.6020731 2.0576903 0.6335318 2.0621254 2.0005979 2.2051098 1.6293467 1.6430229 1.9015996 1.8438052 1.6165059 2.2427128 1.4411594 1.5885541 2.4225160 2.3442747 2.2442407 1.3783674 2.1515698 2.1702865 2.2330423 2.2330423 2.2257536 2.0603905 2.3339964 2.6176777 1.8014993 1.5411516 1.6517447 2.3838868 2.6658008 2.4161522 2.5653822 1.7402482 3.5018697 1.8822572 1.8528543 2.0227915 1.8962755 2.5988350 2.2432549 2.8002248 3.6449974 1.8856758 2.0610521 2.2331166 3.2525966 3.3270597 1.9669442 2.3185204 2.7644816 2.6263622 4.0772079 4.0772079 4.5100985 3.6395442 4.1708977 4.3202723 3.7750949 3.9387659 3.9413910 3.4577113 3.4524043 2.9508391 2.5726088 6.1366619 3.4322366 3.9831661 
Ocar_g10589                                                       0.0000010 0.0000010 1.8561824 1.9899158 3.2411643 2.9032820 0.0000010 1.3647821 1.3647821 1.5656313 1.4107980 1.9025510 0.0000010 2.0288623 2.0288623 2.0288623 1.8688151 1.7409863 1.6934884 1.6934884 1.5888668 1.3915577 1.6468417 1.2419625 1.9835575 1.3129982 1.6447749 0.6633204 0.0000000 0.0000010 0.0000010 0.6687325 1.0712665 0.7888848 1.0629519 1.1147364 0.8847268 1.1253292 1.1929715 2.1820808 2.0426099 1.9238635 2.0524693 1.8343204 1.4744312 1.4744312 1.5636245 1.8763844 1.5391755 1.0450769 1.3677609 1.4243852 1.3957807 1.3957807 1.5159892 1.2302168 1.2302168 0.9793051 1.1626296 1.6320105 1.2307038 1.2389774 1.5576207 1.0813494 1.0776254 1.5424948 0.8766564 1.1846385 1.1208369 1.6625844 1.9572048 1.1268189 1.5031644 1.8044834 2.3068823 1.3414343 1.3645009 0.9181275 1.5010281 1.1409913 1.1132482 1.4991246 1.3490019 1.2204533 1.5477557 1.5477557 1.8301653 1.9580216 1.8235462 1.8235462 1.5105578 1.7072681 2.2658503 2.9806281 3.4910169 0.0000010 2.1722196 2.4710384 3.0502075 3.7375806 
Opea_EP00118_Oscarella_pearsei_P012389                            3.9391755 3.6969276 3.3656309 3.1567001 4.1607472 4.7180219 3.8378981 3.0738810 3.2217066 2.9645850 2.8713683 3.4437726 3.9802129 3.2765740 3.0320843 3.2491166 3.2283812 3.3535866 3.4025393 3.4839400 3.6496160 2.7040385 2.1439616 3.0502524 3.1803926 3.1103991 2.1181291 0.2091732 0.0000010 0.0000000 0.0824738 2.2026179 2.3963775 2.2620789 1.2063948 2.0352512 2.2112687 1.9486388 1.8979726 1.9294504 1.9742639 1.9265585 1.9198210 2.1492268 2.2445499 2.0862918 2.2005654 2.0351985 2.3354644 1.8564504 2.1925699 2.1982586 2.3326295 2.3469243 2.3264215 2.3893970 2.2413674 2.2031899 1.9373268 1.7691668 1.9448913 2.1158683 2.5708620 2.3526696 2.2601792 1.7022693 2.0409674 2.0921657 2.1214896 3.1181707 2.3389671 2.3278659 2.4016737 2.7526278 3.1218786 2.2573815 2.5906847 2.3575046 2.2651016 2.2745745 2.0957193 1.9831551 2.7344098 3.1033009 3.3407015 3.4970406 3.6125000 3.4305855 3.5430263 3.5794911 3.5831352 3.0912053 2.9917936 3.4690703 4.0247783 3.5591451 3.6302146 4.6735649 3.6901030 4.2795862 
Ocar_g6159                                                        5.5240422 4.1694749 5.2438025 5.7351500 5.3156319 5.9122045 0.0000010 3.6485343 4.4989616 3.8543615 3.5031475 4.4104234 4.4420257 3.9833195 3.9833195 3.9833195 3.6047818 3.7418408 3.7601545 3.7661333 3.7704839 3.1405811 2.4880729 3.7837668 3.3250121 3.4329751 2.3680300 0.9351727 0.0000010 0.0824738 0.0000000 2.7873162 9.0000000 2.7828104 0.9141492 2.2072469 2.3867528 1.8359875 1.9212070 1.9278749 1.7642124 1.8069646 1.8639871 1.8774940 1.5868057 2.2069205 2.0412493 1.9785386 2.2714390 1.9675996 2.7493208 2.3434228 2.3432126 2.3573627 2.4007998 2.3301450 2.3714532 2.2645504 1.9808876 1.9198451 2.2136215 2.0187974 2.8979874 2.9657300 2.2901345 1.9649361 2.4476348 2.2172373 2.0752571 4.9352444 2.7275777 2.0670155 2.3066001 2.6535773 2.7489634 2.3079109 2.9088873 2.8000404 2.6729743 2.3569366 2.3573367 2.2299965 2.5284276 1.1131244 3.1342200 3.1342200 3.4200443 2.8609831 3.2223920 3.2705092 3.2067533 3.5261498 3.1189494 3.4884627 5.7677892 3.6768490 5.3626243 5.4293730 5.4257920 5.7856462 
Lcom_lcpid90208                                                   2.5899744 2.9676547 3.3953967 3.2641102 4.4583888 4.0912091 3.7159537 2.8606496 2.7942594 2.6332734 2.6222300 3.1440595 3.1459700 2.9104812 2.8936883 2.9104812 2.7582054 2.7272141 2.7066579 2.7645613 2.9327466 2.6706975 2.0315364 2.4753517 2.6294341 2.3798669 1.9882207 2.0377446 0.6687325 2.2026179 2.7873162 0.0000000 0.0252965 1.2177766 2.2708033 2.2696299 2.3683295 2.6046726 2.3671205 2.2848510 2.3120631 2.2995532 2.3481072 2.5142071 2.3808980 2.2312909 2.2348081 2.0811774 2.1744869 1.7805350 2.1068277 2.0786758 2.3364602 2.3726978 2.2230783 2.1879454 2.0327357 2.0516046 2.2309958 2.3278404 2.4403605 1.8426630 1.8975213 2.1282626 2.2799636 2.0237157 2.1123892 2.4026160 2.2078630 3.1888567 2.2840708 1.9706329 2.2693650 2.5143630 3.7078947 2.5609650 2.6631275 1.1584868 0.8571207 2.0001577 2.4789676 2.3308243 2.7005889 2.4565646 3.1809497 3.3547044 3.5150433 2.5872297 2.9728679 2.9838769 2.9967380 3.2986789 2.2251032 3.0863676 3.8663678 4.1453047 3.9163138 3.9222703 3.7246567 4.5799498 
Lcom_lcpid116472                                                  2.7094827 3.1582202 4.4418981 3.0712196 5.6170590 4.2409256 3.7159537 3.3576002 3.3576002 2.8548160 3.5167084 4.7800818 0.6942174 4.1161580 4.9521369 4.1161580 4.1447123 3.4843673 3.4662104 3.5277384 3.9498739 2.5349736 2.1733297 2.5369791 3.3724172 2.8229856 2.2768440 1.6020731 1.0712665 2.3963775 9.0000000 0.0252965 0.0000000 1.8445085 3.1225624 2.5016497 2.5669025 3.0137938 2.5712022 3.0566053 3.1616289 3.0082203 3.2301253 4.4202157 2.7954650 2.6571097 2.7076228 2.3609849 2.7213889 2.4197906 2.1061077 2.7277649 3.1422384 3.2243773 2.8208961 2.9279222 2.6652598 2.4779961 2.4333894 2.1408644 2.6083109 2.8092932 1.9087036 1.9951665 2.9370873 2.2121993 4.0559218 2.9129933 2.6960774 3.0412086 2.5062004 2.2943929 2.7135686 2.9735572 4.6976037 3.2440013 3.1251146 1.7345883 2.3511288 2.1265528 2.4261655 2.4229436 3.2526082 3.2111262 3.1023607 3.5883375 4.1201039 3.6597256 3.6781126 3.6781126 3.3543581 3.3244356 2.4578358 3.5220864 4.4144815 4.9989381 4.7477207 4.4828468 3.6441942 3.5021139 
Gracom_Gcom_scaffold15281_01                                      3.1913350 3.2478310 3.7263199 3.8832319 4.3002770 4.9458130 3.8230630 3.3821569 3.1559184 3.2436458 3.0244098 3.4382302 3.6132494 3.5902648 3.4795277 3.5902648 3.5320350 3.3599650 2.9528887 3.0016924 3.0987122 2.9483024 2.4915544 3.2367913 3.4155484 2.9996511 2.3397169 2.0576903 0.7888848 2.2620789 2.7828104 1.2177766 1.8445085 0.0000000 2.4263815 2.2966490 2.3706472 2.5991073 2.4791222 2.4788722 2.3410181 2.3580012 2.4647102 2.6749409 2.9186341 2.4651748 2.6856476 2.4665948 2.3342590 2.2736122 2.3813688 2.4078697 2.5374686 2.5540061 2.3657872 2.4371674 2.3031702 2.5402380 2.8035184 2.6550869 2.5812291 2.3446063 2.4361132 2.4955423 2.5973063 2.2100627 2.4464600 2.4190848 2.4312641 2.8236559 2.4306652 2.2589928 2.3813026 2.6511020 3.7008943 2.6820155 2.8074987 1.0790014 1.1222679 2.5119815 2.4073721 2.6739137 3.0187093 2.9331156 3.3435889 3.5984881 3.7783020 3.4105868 3.7749222 3.7442532 3.3589433 3.8609094 2.3610567 3.0018984 4.0786658 3.7256768 4.7029485 4.1476656 4.0761073 4.1480699 
Plajan_Pjan_scaffold22317_01                                      3.9320249 7.7073691 3.0836911 2.9561941 4.6322146 4.3766482 4.1390501 2.8010930 2.8010930 2.1397799 2.5941596 2.5202919 1.4932749 2.7725153 2.2050278 2.7725153 2.7210665 2.9833452 3.0865025 3.0140032 3.2985988 2.5515552 1.6853671 2.5916823 2.5493441 2.6132706 2.1098069 0.6335318 1.0629519 1.2063948 0.9141492 2.2708033 3.1225624 2.4263815 0.0000000 1.8600968 1.9820167 2.2426375 1.6412129 2.0058310 2.1683187 2.1425666 1.9585971 2.2051527 2.0684527 2.0271955 2.3200438 2.0928751 2.2829534 2.0870796 1.9787538 2.3057763 2.5944356 2.6282086 2.1117339 2.2014163 2.1834236 2.3441562 1.9877238 1.8053116 1.8721530 2.1392055 2.3456761 2.1688827 2.1757008 1.8431884 1.4485366 2.0252652 2.1333136 2.8253816 2.3515572 2.3489739 2.5830055 2.9985819 3.6095779 2.0240008 2.2805178 2.3421983 1.2365878 2.4367998 2.0650734 1.8194666 3.0647538 2.8409469 3.4862869 3.6056761 3.1787702 3.5305478 3.5430846 3.5556741 3.3671538 3.0847914 2.6916372 3.2845448 3.4572624 2.3796456 3.5630458 3.5869571 3.0001133 2.7719815 
Emue_Em0016g166a.t1                                               3.3681424 3.2548070 3.6336224 3.2194982 3.9545892 4.0821726 6.0472147 3.6724601 3.7833600 3.1120266 2.7641670 3.5158942 3.4853117 3.3523797 3.1333306 3.3523797 2.7765627 3.1612086 3.1326309 3.2843788 3.3667712 2.7798652 1.8993945 2.6253594 2.9561329 2.7826109 2.3433085 2.0621254 1.1147364 2.0352512 2.2072469 2.2696299 2.5016497 2.2966490 1.8600968 0.0000000 0.3118864 1.2611409 1.0817439 1.9408024 1.9819482 1.9462321 1.9757783 1.9474824 2.5555448 2.1580840 2.2772115 2.2217376 2.2767303 2.0592936 2.3744727 2.1713216 2.3618677 2.4047093 2.1357833 2.1515440 2.0917933 2.4179320 1.4164546 1.5179130 1.4788839 2.2281694 2.2561893 2.3135689 2.2809127 1.7473389 1.8074388 2.0847786 1.9981076 2.9966878 2.4376439 2.3835247 2.3106545 2.5997028 3.2279457 2.2733406 2.4133503 2.3348065 2.0802787 2.3298660 2.3324802 2.2383920 2.9311660 2.8236998 3.4529528 3.5957488 3.7317005 3.4320478 3.9370498 3.9490685 3.4545433 3.4896705 2.4089971 2.8375381 3.8605309 3.4221240 3.5611941 3.8513806 3.4502930 3.6798614 
Spolac_c96583_g1_i1_m.13359c96583-g1                              3.2384318 2.9045597 3.7117219 3.1121446 3.6025147 3.8388786 6.6042230 3.9523076 4.0539598 3.3304792 3.0402264 3.9118565 3.5001581 3.4912673 3.2820857 3.4912673 3.0355117 3.4171775 3.2382340 3.2749889 3.2921053 2.9305805 2.0245139 2.5380185 3.0122611 2.7817051 2.6171489 2.0005979 0.8847268 2.2112687 2.3867528 2.3683295 2.5669025 2.3706472 1.9820167 0.3118864 0.0000000 1.3563640 1.2452224 2.0746209 2.1194301 2.1181521 2.0958374 2.1942968 2.2760337 2.1011446 2.2087432 2.3292691 2.4215070 1.9904129 2.4096419 2.2495453 2.3799291 2.4127191 2.1883834 2.1956905 2.2028522 2.5559664 1.4246573 1.6302285 1.5059641 2.2340042 2.4342002 2.4084300 2.2065221 2.0132531 2.0117250 2.2784899 2.2027023 3.2030521 2.6431878 2.5894709 2.2699647 2.6811077 3.4497919 2.4543502 2.5882647 2.2962500 2.1479521 2.4040615 2.4721378 2.3472953 2.9722820 2.6063585 3.6970237 3.7892373 3.7109545 3.4011590 4.0081205 3.9923459 3.3604987 3.4612004 2.4589524 3.0152193 3.7484370 3.4193610 3.6588076 4.0403694 3.7658749 3.9779719 
