85
Lcom_lcpid229101                                   0.0000000 4.3010807 3.3405949 0.0000010 0.0000010 0.0000010 0.0000010 1.0886542 0.0000010 0.0000010 2.9378352 0.0000010 1.2984793 3.3022619 3.3682837 1.7544627 0.0000010 0.0000010 0.0000010 2.0144498 0.0000010 4.3562909 1.8229374 3.1369341 4.0235178 2.7427093 2.9482764 0.0000010 2.2430106 2.7389417 1.1888131 1.6675679 0.0000010 7.0627422 0.0000010 2.1503237 3.9194124 4.7855103 3.3198106 0.0000010 3.7656841 3.1706769 0.0000010 4.3511892 2.8678952 4.9795683 2.4543525 0.0000010 1.9946758 8.9999988 3.9531359 2.1281755 0.6574612 3.2091328 0.8594930 3.7309531 2.7218737 2.7218737 3.0323289 2.8293462 3.1966236 1.0184246 0.0000010 3.5925299 2.7762046 2.2480908 0.0000010 3.7420038 2.3845067 2.9850373 3.1719571 2.7695657 3.6315618 3.7967592 0.0000010 3.5354616 3.6404917 0.0000010 1.9933901 3.0253775 3.0253775 2.3838578 2.3838578 3.6279482 2.1914394 
Stycar_maker-SC_scaffold7400-snap-gene-0.41-mRNA-1 4.3010807 0.0000000 1.3389114 6.4560091 6.4560091 0.5780904 0.5780904 0.8206035 0.5780904 8.8014000 0.7823662 0.5871822 0.8226283 0.7928078 0.8651676 0.5444843 0.5444843 0.4204817 0.5135625 0.9104257 1.5098656 1.0566782 0.8324632 0.8440159 0.8696974 0.8696974 0.7420939 0.6624605 0.9009738 0.8396820 0.8841848 0.7174084 0.5041555 0.8772651 0.4226069 0.3708846 0.8322299 0.8768490 0.8903313 0.6378335 1.0149081 0.9217368 4.7834527 0.9343236 0.8966557 0.9458158 1.1076582 0.5558756 1.0859939 1.1158868 0.9186040 0.8020523 0.5200856 1.0640936 1.2206224 1.0490878 0.9756443 0.9756443 0.9502378 0.9971097 0.8602849 1.6494891 1.3577961 0.8719367 0.8840091 0.9065840 0.7047069 1.1273083 0.9638944 0.8523001 3.1887748 1.1973039 1.1205844 3.4659569 8.8014000 0.8059713 1.1307168 8.4906720 5.5532634 3.5168855 3.5168855 8.9999986 8.9999985 3.8396073 3.8430888 
Cgig_XM_011454308.3                                3.3405949 1.3389114 0.0000000 1.3862341 1.4538265 1.0011020 1.0236318 1.0207922 0.6940798 1.0968303 1.2977473 0.6101170 1.0152013 1.3072809 1.2217819 1.0539573 0.7194006 0.5340538 0.9130173 0.7083994 0.8127724 1.4398131 1.1331946 1.1982366 1.2868299 1.1738204 1.1944990 0.5573851 1.0056552 1.1220363 0.9381247 0.9599331 0.6653578 1.3014446 0.6051052 0.7111679 0.9019695 1.2406478 1.1231776 0.4989669 1.1871309 1.1627284 0.5795320 1.0733155 1.1302968 1.0824127 1.1992686 0.6988840 1.1263805 1.1107775 1.2253015 1.0484838 0.8988407 1.2569373 0.8154618 1.2161356 1.2137057 1.2137057 1.1707272 1.2264697 1.3508578 1.1889148 0.6186244 1.1612435 1.2829783 1.2786266 0.6153549 1.1639612 1.2815508 1.2699104 1.8467755 1.4170288 1.6315856 1.4013608 1.1182787 1.1983251 1.6721460 1.1461002 1.7392110 2.8858153 2.5404023 3.4639795 3.5149022 2.9028558 2.8046111 
Bolinf_Binf_sb1223653                              0.0000010 6.4560091 1.3862341 0.0000000 0.0000010 0.0099692 0.0103643 0.0360535 0.0403827 0.2440185 0.5558092 0.2499245 0.4546709 0.4031844 0.5547412 0.4861805 0.2018070 0.3332087 0.4047158 0.2073648 0.3900261 0.6072637 0.4521453 0.4283252 0.5595297 0.5595297 1.4463885 0.5790810 1.4414373 1.2060620 1.4019575 1.4162083 0.8361746 1.1638638 0.5424369 0.9323584 1.2083776 1.3905924 1.4739494 0.5970851 1.5765144 1.4978297 0.6255720 1.5025113 1.2469731 1.4218576 1.4233568 0.7661054 1.3527061 1.1492308 1.4012681 1.1699441 1.6169517 1.2160512 1.3148138 1.3211437 1.3564962 1.3564962 1.3014095 1.3477538 1.2781488 1.3134036 0.6634393 1.3204643 1.4055440 1.5867000 0.8736098 1.6436589 1.5410572 1.4730578 1.6205491 1.8418426 1.9527258 1.2853389 1.3942534 1.4368343 2.0437351 1.1366241 1.4471107 3.4676552 2.9668995 4.2380851 4.4260650 1.3424299 0.0000010 
Bolinf_Binf_sb1223654                              0.0000010 6.4560091 1.4538265 0.0000010 0.0000000 0.0103643 0.0103643 0.0375309 0.0403827 0.2440185 0.5664631 0.2499245 0.4467193 0.4002886 0.5379770 0.4778013 0.2018070 0.3332087 0.3977237 0.2073648 0.3900261 0.6178358 0.4680092 0.4424608 0.5784133 0.5784133 1.4584810 0.5790810 1.4621318 1.2190139 1.3614591 1.3760674 0.8361746 1.1638638 0.5424369 0.9323584 1.2402716 1.4086625 1.5024437 0.5970851 1.6068218 1.5315086 0.6255720 1.5288792 1.2815720 1.4872498 1.5448447 0.7661054 1.4614993 1.1492308 1.4207070 1.2252053 1.6888742 1.2124098 1.3699090 1.3535968 1.3918698 1.3918698 1.3481897 1.3827428 1.2840117 1.3211599 0.6634393 1.3840259 1.4441456 1.6097042 0.8736098 1.6629618 1.5960611 1.5211157 1.6895527 1.8871353 2.0557628 1.2869945 1.4125971 1.5154757 2.1137788 1.1366241 1.7000842 3.9352116 3.1508350 4.7687773 4.9272897 2.0080979 0.0000010 
Bolinf_Binf_sb1223650                              0.0000010 0.5780904 1.0011020 0.0099692 0.0103643 0.0000000 0.0000010 0.0173583 0.0103550 0.2692374 0.4006377 0.1704600 0.3291283 0.2959864 0.3787195 0.3446310 0.1536708 0.2146421 0.3168352 0.2337731 0.3540694 0.4675666 0.3734933 0.3608168 0.4739651 0.4739651 0.9107783 0.4265746 0.9275781 0.8121337 0.8466286 0.8527438 0.5175800 0.7832651 0.4697443 0.6280709 0.7899291 0.8967940 0.9139447 0.4446736 0.9808983 0.9294159 0.5923955 0.9219343 0.8260874 0.9026583 0.9425346 0.5334327 0.9223219 0.7471229 0.9121532 0.8090901 0.9523863 0.8521506 0.8848457 0.9733397 0.9747713 0.9747713 0.9681820 0.9527904 0.9556992 1.0426559 0.6184801 0.9039398 0.8931235 1.0191869 0.5620171 1.0568499 0.9412685 0.9249335 1.6601203 1.1076059 1.1420590 1.2687079 1.3942534 0.9196462 1.2107516 1.1366241 1.4471107 3.4676552 2.9668995 4.8786181 4.9176046 1.5090327 2.6477234 
Bolinf_Binf_sb1223651                              0.0000010 0.5780904 1.0236318 0.0103643 0.0103643 0.0000010 0.0000000 0.0178318 0.0103550 0.2692374 0.4024937 0.1704600 0.3216578 0.2908612 0.3653270 0.3367860 0.1536708 0.2146421 0.3122853 0.2337731 0.3540694 0.4697411 0.3810158 0.3677800 0.4833641 0.4833641 0.9038297 0.4265746 0.9235927 0.8086213 0.8151967 0.8213119 0.5175800 0.7832651 0.4697443 0.6280709 0.7937007 0.8923734 0.9120421 0.4446736 0.9787256 0.9297032 0.5923955 0.9176004 0.8311426 0.9179041 0.9812145 0.5334327 0.9595035 0.7471229 0.9089981 0.8260143 0.9642193 0.8410366 0.9003402 0.9797995 0.9812982 0.9812982 0.9823937 0.9586099 0.9498887 1.0391140 0.6184801 0.9228606 0.8965542 1.0146828 0.5620171 1.0497306 0.9489694 0.9318734 1.7235608 1.1073496 1.1604165 1.2694416 1.4125971 0.9400913 1.2174492 1.1366241 1.7000842 3.9352116 3.1508350 5.5050879 5.4446175 1.9699225 2.6477234 
Mertsp_Mesp_sb540248                               1.0886542 0.8206035 1.0207922 0.0360535 0.0375309 0.0173583 0.0178318 0.0000000 0.0103550 0.2692374 0.3433076 0.1704600 0.2856475 0.2584176 0.3581887 0.3449540 0.1662946 0.2146421 0.3168352 0.2425965 0.3540694 0.4170056 0.3286014 0.3185344 0.4455631 0.4455631 0.8887339 0.4265746 0.8913488 0.7988621 0.8186245 0.8514580 0.5162164 0.8738344 0.4697443 0.7401465 0.7774840 0.8749500 0.8891105 0.4446736 0.9634941 0.9028903 0.5923955 0.9274182 0.8035678 0.8950821 0.9018354 0.5334327 0.8864759 0.7794209 0.8135332 0.7170752 0.9016673 0.8236064 0.8746269 0.8718486 0.8817971 0.8817971 0.8697745 0.8589722 0.8694879 0.9293572 0.6184801 0.8640923 0.8387631 0.9893798 0.5620171 1.0499833 0.9189875 0.9154415 1.4654320 0.9924354 1.1064723 1.1638178 1.3942534 0.8947449 1.1277601 1.1366241 1.1468498 1.5517236 1.5310086 3.3217264 3.4978266 0.6795663 1.2689139 
Bolinf_Binf_sb1223652                              0.0000010 0.5780904 0.6940798 0.0403827 0.0403827 0.0103550 0.0103550 0.0103550 0.0000000 0.2266765 0.1838179 0.1704600 0.1702979 0.2087724 0.2087724 0.1705308 0.1549319 0.1684026 0.2156770 0.2378993 0.2192058 0.2219790 0.2370973 0.2382164 0.3442270 0.3442270 0.4531324 0.4265746 0.4573678 0.4753246 0.4305125 0.4305125 0.4498978 0.5501516 0.4697443 0.5134873 0.4648371 0.4861156 0.4992167 0.4446736 0.5247756 0.4935168 0.5923955 0.5106120 0.4593684 0.4906927 0.5454357 0.5024213 0.5478098 0.5474478 0.4420236 0.4522424 0.5561519 0.4746562 0.4842372 0.5613189 0.5681116 0.5681116 0.5677890 0.5303197 0.5590143 0.6428735 0.6184801 0.5164099 0.4926791 0.5400931 0.5620171 0.5770387 0.5078019 0.4783642 0.8939870 0.5638552 0.5946847 0.7454368 0.8751216 0.5440242 0.6009821 0.9192458 0.6931606 0.0000010 0.0000010 8.9999983 8.9999985 2.7226217 2.6477234 
Bolinf_Binf_sb1200334                              0.0000010 8.8014000 1.0968303 0.2440185 0.2440185 0.2692374 0.2692374 0.2692374 0.2266765 0.0000000 0.0431421 0.2004004 0.2298368 0.2676904 0.2676904 0.2552469 0.2343744 0.2104613 0.3051059 0.2447383 0.2840321 0.2821931 0.2908565 0.2908565 0.4731055 0.4731055 0.7394724 0.6946015 0.7088403 0.6927508 0.7760613 0.7760613 0.8042591 0.7362457 0.5628593 0.6987422 0.7534156 0.7935685 0.9079071 0.6873201 0.7961186 0.9386058 0.6873201 0.8756692 0.7010255 0.6747743 0.8287131 0.8300938 0.8859330 0.8740367 0.6234001 0.5671926 0.9470724 0.5400974 0.7305871 0.8676173 0.8595667 0.8595667 0.8605523 0.8526530 0.7918207 0.8034756 0.7925234 0.7199442 0.7900924 0.7064995 0.6588445 0.8282056 0.7720550 0.6342080 0.7506439 0.7791379 0.8816835 0.7516278 0.9123444 1.0094884 0.7656889 0.9417264 0.7877303 0.0000010 0.0000010 8.9999989 8.4836516 0.9825946 0.0000010 
Beraby_Baby_sb344665                               2.9378352 0.7823662 1.2977473 0.5558092 0.5664631 0.4006377 0.4024937 0.3433076 0.1838179 0.0431421 0.0000000 0.1514122 0.2894570 0.3977418 0.4662538 0.3396705 0.1815012 0.1981028 0.3832129 0.2115406 0.3434869 0.6608344 0.3996060 0.4295849 0.6849825 0.5877635 1.1819819 0.5138398 1.1316672 1.0611647 1.0055722 1.0177893 0.6589793 1.2545196 0.4911917 0.7554808 1.0103498 1.2020908 1.2009184 0.5433847 1.3826771 1.2466478 0.7097359 1.2821248 1.0319204 1.2143633 1.1297038 0.6102048 1.0576175 0.9392293 1.0463935 0.8778804 0.9088955 1.0908605 0.9987940 1.1268313 1.1512737 1.1512737 1.1239936 1.1891146 1.2202232 1.0231121 0.6430081 1.1745054 1.1319167 1.1442520 0.4970512 1.3194190 1.1878325 1.0939187 1.7752522 1.2210464 1.4065532 1.6632117 1.2881907 1.3256388 1.3763396 1.3361187 1.5100741 2.3681001 2.4234116 4.7593204 4.6924988 1.1569331 3.0229347 
Mlei_ML0435.g15.i1                                 0.0000010 0.5871822 0.6101170 0.2499245 0.2499245 0.1704600 0.1704600 0.1704600 0.1704600 0.2004004 0.1514122 0.0000000 0.0122928 0.1357793 0.1357793 0.1634353 0.1634353 0.1278427 0.1628523 0.1825057 0.1753572 0.1804485 0.1790512 0.1800318 0.2850178 0.2850178 0.4530529 0.5205293 0.4429870 0.4969117 0.4857391 0.4857391 0.4804760 0.5411040 0.4527383 0.4989758 0.4234845 0.4676022 0.4844916 0.4473488 0.4898397 0.4760164 0.6128419 0.4754390 0.4392041 0.4276560 0.5133827 0.5253453 0.5524872 0.4971838 0.4513473 0.4344708 0.5799573 0.4156353 0.5631062 0.5970170 0.5724738 0.5724738 0.5834059 0.5492550 0.5734147 0.6901582 0.6169476 0.4687278 0.4993228 0.5707019 0.4944213 0.5097532 0.4966119 0.4481076 1.1491118 0.5402984 0.5621931 0.7127741 0.9637024 0.5537139 0.6153443 0.8605025 1.2585538 0.0000010 0.0000010 8.9999987 8.9999990 2.6180015 5.9673005 
Vmul_sbMO421456                                    1.2984793 0.8226283 1.0152013 0.4546709 0.4467193 0.3291283 0.3216578 0.2856475 0.1702979 0.2298368 0.2894570 0.0122928 0.0000000 0.2962837 0.3304684 0.2660124 0.1576499 0.1431342 0.1823507 0.1904988 0.3024638 0.4822329 0.3043485 0.3145577 0.4026519 0.4026519 0.9182015 0.5088508 0.9202167 0.8106229 0.9057508 0.9112354 0.5815119 1.0300968 0.4618155 0.7536257 0.8748095 0.9788698 0.9666212 0.4661573 1.0847869 0.9844733 0.6172411 1.0082086 0.8852995 0.9863101 0.9536412 0.5818358 0.9180351 0.8862884 0.9174166 0.7839222 0.9152812 0.8622965 0.9201433 1.0108656 1.0101278 1.0101278 0.9734824 0.9849513 0.9728242 0.9379213 0.6010335 0.9244067 0.9352414 1.0328876 0.5168018 1.0161137 1.0033571 0.9774202 1.6051111 1.0810775 1.2256642 1.3243277 1.2485234 1.0624349 1.2480230 1.0915716 1.3764040 1.8380652 1.8432477 4.0795524 4.0883979 0.8669631 1.9060639 
Lampan_Lpan_1961_01                                3.3022619 0.7928078 1.3072809 0.4031844 0.4002886 0.2959864 0.2908612 0.2584176 0.2087724 0.2676904 0.3977418 0.1357793 0.2962837 0.0000000 0.1806470 0.3657316 0.1692893 0.1546297 0.3259256 0.1878819 0.2895186 0.6012455 0.3124109 0.3498021 0.5405316 0.4976479 1.0354908 0.4783144 1.0666221 1.0970820 0.9655683 0.9509284 0.5563970 1.2374359 0.4301389 0.6254381 0.9998271 1.1187815 1.0646173 0.4210378 1.1622087 1.0966600 0.5642675 1.1971293 1.0434012 1.0840604 1.0478864 0.4968338 0.9603038 0.8866852 0.9185261 0.8094264 0.9350096 1.0324456 0.8631395 1.0442831 1.0702127 1.0702127 1.0256582 1.0540313 1.0677651 0.9410510 0.6769630 1.0044698 1.1418767 1.1910117 0.4520199 1.1355355 1.0604656 1.1583885 1.9488971 1.1689370 1.4213730 1.7966871 1.3353139 1.0678792 1.4041466 1.0872493 1.5416266 2.5192185 2.3797071 4.7347225 4.9509592 1.0769916 3.1815150 
Lampan_Lpan_1962_01                                3.3682837 0.8651676 1.2217819 0.5547412 0.5379770 0.3787195 0.3653270 0.3581887 0.2087724 0.2676904 0.4662538 0.1357793 0.3304684 0.1806470 0.0000000 0.3587793 0.1692893 0.1546297 0.3489727 0.1815193 0.2895186 0.4185377 0.3608463 0.3869864 0.5134020 0.4570230 1.0540321 0.4783144 0.9832099 1.0254494 0.8940174 0.8956876 0.5511653 1.0144358 0.4301389 0.6338861 0.9321661 1.0085047 0.9417088 0.4210378 1.0807419 0.9993242 0.5642675 1.0980436 1.0428256 0.9560144 1.0664053 0.4968338 0.9695050 0.8597307 0.8205190 0.7679052 0.9283409 0.9120579 0.8177790 0.9513165 0.9958840 0.9958840 0.9353248 0.9630637 0.9600299 0.8887565 0.6769630 0.9066910 1.0505640 1.0798110 0.4520199 1.0618900 0.9598821 0.9985364 1.7723833 1.0310421 1.2746636 1.5591159 1.3350506 1.0948656 1.2327544 1.0872493 1.8413522 2.2480234 2.2006609 5.3440431 5.5344032 1.7636086 2.2787258 
Drygla_Dgla_sb301428                               1.7544627 0.5444843 1.0539573 0.4861805 0.4778013 0.3446310 0.3367860 0.3449540 0.1705308 0.2552469 0.3396705 0.1634353 0.2660124 0.3657316 0.3587793 0.0000000 0.0119442 0.1999989 0.2775404 0.2074390 0.3213701 0.4280800 0.3279100 0.3104432 0.4072470 0.4072470 0.8731462 0.4906371 0.8798049 0.9379621 0.9178080 0.9209060 0.6215699 0.7923347 0.4283069 0.6706937 0.7807484 0.7931934 0.8570794 0.4520714 0.9114020 0.8233254 0.6060240 0.8699327 0.8192420 0.9338005 0.8442167 0.5338662 0.9036253 0.8051440 0.8288134 0.7287167 0.8991330 0.8215494 0.9258324 0.9568430 0.9814816 0.9814816 0.9410366 0.9673325 0.9732299 1.0663603 0.5772906 0.7682643 0.9000074 0.9743466 0.5130747 0.9792171 0.9074564 0.8618835 1.4745351 0.9317402 1.1700417 1.1887358 1.2601380 0.9834881 1.1469592 1.1959817 1.4846489 2.3884115 2.2396725 4.6920378 4.7715885 1.2232428 3.7446609 
Drygla_Dgla_sb301430                               0.0000010 0.5444843 0.7194006 0.2018070 0.2018070 0.1536708 0.1536708 0.1662946 0.1549319 0.2343744 0.1815012 0.1634353 0.1576499 0.1692893 0.1692893 0.0119442 0.0000000 0.1767046 0.1964868 0.2141885 0.2068467 0.2322621 0.1860844 0.1870627 0.2634170 0.2634170 0.5050239 0.5029887 0.4833493 0.5442004 0.5454584 0.5454584 0.5652429 0.5515212 0.4143271 0.4569045 0.4581598 0.4577651 0.4699945 0.4317323 0.4975241 0.4658213 0.5987133 0.4719313 0.4545131 0.5672917 0.5455572 0.4983491 0.5908842 0.5403942 0.4389978 0.4300231 0.6433574 0.4706390 0.5706054 0.6204040 0.6252978 0.6252978 0.6369837 0.6069852 0.6158234 0.7289611 0.5546178 0.4524566 0.5193676 0.5679698 0.5130747 0.5680165 0.5269086 0.4785844 1.1864972 0.5230431 0.6507092 0.7779322 1.0449282 0.6224284 0.5778828 0.8474848 1.5787600 2.0278232 2.0278232 8.9999990 8.9999981 2.4713393 5.3779305 
Bolinf_Binf_sb1241760                              0.0000010 0.4204817 0.5340538 0.3332087 0.3332087 0.2146421 0.2146421 0.2146421 0.1684026 0.2104613 0.1981028 0.1278427 0.1431342 0.1546297 0.1546297 0.1999989 0.1767046 0.0000000 0.0232600 0.2210668 0.2865658 0.2740997 0.1703842 0.1800860 0.2326106 0.2326106 0.3358015 0.3651725 0.3903356 0.3918957 0.4079624 0.4079624 0.3081321 0.3770929 0.3470628 0.3907178 0.3494963 0.3501215 0.3655005 0.3109931 0.3954169 0.3585253 0.4924074 0.3523471 0.3433695 0.3987257 0.4409521 0.3855103 0.4509627 0.3470002 0.3736115 0.3532218 0.3806670 0.3871573 0.4436170 0.4899899 0.4621779 0.4621779 0.4796676 0.4527913 0.4550729 0.5712090 0.5143536 0.3658053 0.4397152 0.4887021 0.3696765 0.4098782 0.4474413 0.4498793 1.5823927 0.4303886 0.5276878 0.5073051 8.9999989 0.4253145 0.4727019 2.4010134 8.9999984 0.0000010 8.9999986 8.9999985 8.9999984 2.6794250 2.0199945 
Bolinf_Binf_sb1241759                              0.0000010 0.5135625 0.9130173 0.4047158 0.3977237 0.3168352 0.3122853 0.3168352 0.2156770 0.3051059 0.3832129 0.1628523 0.1823507 0.3259256 0.3489727 0.2775404 0.1964868 0.0232600 0.0000000 0.2480398 0.3577735 0.4796278 0.3012319 0.2982696 0.3696336 0.3696336 0.7670056 0.4934155 0.8668828 0.6874002 0.8858218 0.8891139 0.5322750 0.6619861 0.4631788 0.5935317 0.7620342 0.7416833 0.7818864 0.4130629 0.8162877 0.8000985 0.5664553 0.7735084 0.7284016 0.8655963 0.8569155 0.4609725 0.8714526 0.7710297 0.8459606 0.7089365 0.8710101 0.7141965 0.8613475 0.9540949 0.9424491 0.9424491 0.9320394 0.9616600 0.9240288 1.0156912 0.6292459 0.7057398 0.8973610 0.9994518 0.5099999 0.9297680 0.9229967 0.9212025 1.7221611 0.9667148 1.1423999 1.0523474 1.3897740 0.8844801 1.1516089 1.1703032 1.5838717 2.6492359 2.4533170 7.1204725 6.6611732 1.5304667 2.0199945 
Vmul_sbMO451694                                    2.0144498 0.9104257 0.7083994 0.2073648 0.2073648 0.2337731 0.2337731 0.2425965 0.2378993 0.2447383 0.2115406 0.1825057 0.1904988 0.1878819 0.1815193 0.2074390 0.2141885 0.2210668 0.2480398 0.0000000 0.0962719 0.1286836 0.2043765 0.1975637 0.2592538 0.2592538 0.5215681 0.4589550 0.4669592 0.4752580 0.5198290 0.5198290 0.4929144 0.5783752 0.4089041 0.5369225 0.5327519 0.4709624 0.4942744 0.4162336 0.5340063 0.4918559 0.5838333 0.5092548 0.4858611 0.5113322 0.5851377 0.4945685 0.5877895 0.4883808 0.4326301 0.4373238 0.6580984 0.4796574 0.5044953 0.5816909 0.5708238 0.5708238 0.5632092 0.5473421 0.5826328 0.6451521 0.6499066 0.5219937 0.5005434 0.5747679 0.4312641 0.5179882 0.5023443 0.5035738 0.9712382 0.5668488 0.6189209 0.7128893 0.6331089 0.6477581 0.5734386 0.7729893 0.8820004 1.1774747 1.1774747 8.9999980 8.9999984 2.3017607 1.5271826 
Coemet_Cmet_scaffold2382_01                        0.0000010 1.5098656 0.8127724 0.3900261 0.3900261 0.3540694 0.3540694 0.3540694 0.2192058 0.2840321 0.3434869 0.1753572 0.3024638 0.2895186 0.2895186 0.3213701 0.2068467 0.2865658 0.3577735 0.0962719 0.0000000 0.0315457 0.3362751 0.3362751 0.4969052 0.4969052 0.7357114 0.5313504 0.6830337 0.7180103 0.7259818 0.7125199 0.5503511 0.8152125 0.3712262 0.6885555 0.7668244 0.7589794 0.7922676 0.4434791 0.7892535 0.7998710 0.4515819 0.8284834 0.7914980 0.7291377 0.7407075 0.5541510 0.8960506 0.6386472 0.6528958 0.6170234 0.8536188 0.6582772 0.8735494 0.7950252 0.7993118 0.7993118 0.7831676 0.7891657 0.8119972 0.8099541 0.6911958 0.7120854 0.7134786 0.8138043 0.5174027 0.7515726 0.8203421 0.8623604 1.3789644 0.8294221 1.0033679 0.9553256 0.8920097 0.9122048 0.8815725 0.8738358 1.4610619 0.9279858 8.0542324 8.0672025 6.8202011 0.9825946 5.5667922 
Coeast_Cast_sb786712                               4.3562909 1.0566782 1.4398131 0.6072637 0.6178358 0.4675666 0.4697411 0.4170056 0.2219790 0.2821931 0.6608344 0.1804485 0.4822329 0.6012455 0.4185377 0.4280800 0.2322621 0.2740997 0.4796278 0.1286836 0.0315457 0.0000000 0.5243740 0.5563416 0.8253669 0.7191587 1.2397515 0.4904057 1.1518302 1.1554352 0.8300568 0.8567355 0.5473820 1.2404797 0.3858663 0.6824925 1.0954637 1.2389437 1.1700035 0.4428887 1.2036124 1.1850848 0.6113758 1.3219124 1.0431242 1.2048716 0.9827195 0.5566162 1.0901656 1.0149070 1.0762999 0.9012776 0.8543255 1.1768165 0.8243151 1.1028442 1.1454884 1.1454884 1.0844951 1.1607884 1.2239097 0.9665286 0.7081493 1.1740399 1.1288929 1.2479512 0.5137605 1.1885195 1.1489190 1.1835700 2.0297464 1.3363096 1.6397605 2.0094475 1.2994658 1.2496106 1.5217452 0.9033076 1.6452640 2.9785934 3.6423255 5.3100221 5.4591107 1.9819735 4.6424613 
Pbac_sb2654132                                     1.8229374 0.8324632 1.1331946 0.4521453 0.4680092 0.3734933 0.3810158 0.3286014 0.2370973 0.2908565 0.3996060 0.1790512 0.3043485 0.3124109 0.3608463 0.3279100 0.1860844 0.1703842 0.3012319 0.2043765 0.3362751 0.5243740 0.0000000 0.0179519 0.4929412 0.4964193 0.9848318 0.4855871 0.9387579 0.9444184 0.8754613 0.8869078 0.5856902 0.9098334 0.4317665 0.7010632 0.9434476 0.9709097 0.9446422 0.4348661 1.0432117 1.0185587 0.5570659 1.0796198 0.8613662 1.0371625 0.9216381 0.5076806 0.9244440 0.8514720 0.8985777 0.7664111 0.9159876 0.8756714 0.9378285 1.0146511 0.9940848 0.9940848 0.9520268 0.9931770 0.9835234 0.9246788 0.6612535 0.9519837 0.9928142 0.9925020 0.4462910 1.0470608 1.0308114 1.0238530 1.6481316 1.0784706 1.3501854 1.3564474 1.2726842 1.0888698 1.2850967 1.3661241 1.5845502 2.0212203 2.2147193 3.7861150 3.8330466 1.0408699 2.5808179 
Horcal_Hcv1.av93.c9.g406.i1                        3.1369341 0.8440159 1.1982366 0.4283252 0.4424608 0.3608168 0.3677800 0.3185344 0.2382164 0.2908565 0.4295849 0.1800318 0.3145577 0.3498021 0.3869864 0.3104432 0.1870627 0.1800860 0.2982696 0.1975637 0.3362751 0.5563416 0.0179519 0.0000000 0.5306506 0.4793588 1.0483962 0.4748108 1.0252154 0.9905839 0.8969817 0.9085649 0.5951568 1.0641376 0.4410327 0.7107554 0.9625735 1.0638899 1.0558155 0.4440922 1.1162250 1.0874263 0.5685293 1.1234158 0.9223444 1.1479654 0.9680425 0.5191550 0.9246429 0.8676189 0.9758965 0.8344461 0.9255683 0.9229174 0.9082017 1.0565346 1.0977679 1.0977679 1.0192787 1.1328169 1.1151916 0.9386350 0.6575824 1.0005964 1.1399859 1.0983675 0.4462910 1.1051015 1.1201871 1.1503845 1.8292662 1.2210696 1.4962138 1.5991117 1.2994924 1.1738810 1.4487236 1.3565649 1.3880646 2.2854149 2.4658369 4.1384784 4.1430787 1.1322294 2.8273975 
Eupdun_Edun_sb10647278                             4.0235178 0.8696974 1.2868299 0.5595297 0.5784133 0.4739651 0.4833641 0.4455631 0.3442270 0.4731055 0.6849825 0.2850178 0.4026519 0.5405316 0.5134020 0.4072470 0.2634170 0.2326106 0.3696336 0.2592538 0.4969052 0.8253669 0.4929412 0.5306506 0.0000000 0.0027736 1.0849913 0.4589181 1.1241798 0.9945233 0.9894092 0.9929202 0.6020260 1.1487295 0.4707381 0.7250951 0.9542236 1.1025534 1.0890105 0.4872783 1.1356156 1.0979855 0.6454885 1.0508014 1.0182884 1.1442262 1.1202297 0.5243782 1.0482617 0.9504571 1.1292254 0.8881210 0.8754090 1.0335764 0.8688133 1.1240518 1.1919631 1.1919631 1.1229119 1.1989122 1.2017688 1.0056392 0.6150430 0.9249812 1.2449556 1.1580831 0.4772884 1.1003779 1.1703633 1.2157706 1.8804911 1.2859883 1.3975736 1.6211385 1.3784624 1.1145194 1.3753138 1.1071834 1.8744411 2.6946701 2.8082377 4.1505226 4.0546495 1.2306983 3.1267190 
Eupdun_Edun_sb10647279                             2.7427093 0.8696974 1.1738204 0.5595297 0.5784133 0.4739651 0.4833641 0.4455631 0.3442270 0.4731055 0.5877635 0.2850178 0.4026519 0.4976479 0.4570230 0.4072470 0.2634170 0.2326106 0.3696336 0.2592538 0.4969052 0.7191587 0.4964193 0.4793588 0.0027736 0.0000000 1.0176394 0.4589181 1.0443208 0.9293860 0.9894092 0.9929202 0.6020260 1.0641981 0.4707381 0.7250951 0.9090869 1.0024833 1.0148985 0.4872783 1.0876685 1.0347559 0.6454885 1.0003056 0.9227560 1.0693041 1.0326140 0.5243782 0.9914367 0.9334545 1.0305206 0.8160871 0.8754090 0.9277824 0.8688133 1.0657563 1.0931272 1.0931272 1.0328560 1.0734346 1.1025374 1.0056392 0.6150430 0.8678188 1.1257190 1.0967622 0.4772884 1.0060366 1.0830411 1.0791223 1.6605476 1.1714681 1.3000703 1.4911829 1.3784624 1.0517058 1.2791350 1.1071834 1.9237161 2.1984063 2.3235237 3.8030764 3.7535161 0.9784959 3.0522266 
Skow_XM_002739104.2                                2.9482764 0.7420939 1.1944990 1.4463885 1.4584810 0.9107783 0.9038297 0.8887339 0.4531324 0.7394724 1.1819819 0.4530529 0.9182015 1.0354908 1.0540321 0.8731462 0.5050239 0.3358015 0.7670056 0.5215681 0.7357114 1.2397515 0.9848318 1.0483962 1.0849913 1.0176394 0.0000000 0.3678087 0.7697782 0.7452580 0.6559058 0.6991764 0.4335974 1.0568753 0.4198889 0.5838700 0.7166327 0.9681950 0.8069119 0.3016745 0.8321877 0.8509168 0.4471761 0.7747847 0.7751335 0.8061849 0.9395325 0.4032466 1.0000654 0.8724821 1.0639879 0.8557162 0.7594093 0.8850040 0.7337523 0.9908955 1.0396134 1.0396134 1.0219664 1.0697650 1.1666596 0.9033302 0.5798470 0.9872263 1.1852456 0.9525538 0.5900753 0.7978925 1.0522821 1.1016635 1.5617746 0.9868731 1.3110548 1.3151347 0.7825760 1.0389163 1.1993548 1.2224477 1.6802564 2.2084482 2.1836754 3.2019940 3.2669679 2.2534517 2.0243699 
Lcom_lcpid100030                                   0.0000010 0.6624605 0.5573851 0.5790810 0.5790810 0.4265746 0.4265746 0.4265746 0.4265746 0.6946015 0.5138398 0.5205293 0.5088508 0.4783144 0.4783144 0.4906371 0.5029887 0.3651725 0.4934155 0.4589550 0.5313504 0.4904057 0.4855871 0.4748108 0.4589181 0.4589181 0.3678087 0.0000000 0.2437081 0.2344889 0.3072236 0.3072236 0.3052940 0.3646122 0.3491797 0.3798676 0.3124227 0.3725360 0.3639137 0.3550212 0.3564546 0.3650140 0.5267301 0.3841812 0.3417865 0.3305881 0.4715435 0.4296109 0.4167198 0.3755498 0.3495385 0.3582241 0.4614900 0.4122406 0.3517704 0.3624896 0.3500906 0.3500906 0.3562414 0.3787309 0.4035373 0.4824914 0.6299781 0.3540800 0.3814536 0.4274046 0.6133183 0.3764409 0.3886155 0.3977431 0.9529200 0.4878625 0.4979639 0.6135304 0.6519773 0.4480008 0.5186568 1.0722434 0.3781219 0.0000010 0.0000010 8.9999983 8.7786809 2.8841160 0.6104600 
Acagra_model.g17898.t1                             2.2430106 0.9009738 1.0056552 1.4414373 1.4621318 0.9275781 0.9235927 0.8913488 0.4573678 0.7088403 1.1316672 0.4429870 0.9202167 1.0666221 0.9832099 0.8798049 0.4833493 0.3903356 0.8668828 0.4669592 0.6830337 1.1518302 0.9387579 1.0252154 1.1241798 1.0443208 0.7697782 0.2437081 0.0000000 0.6221914 0.6661802 0.6941882 0.3203576 0.9443173 0.2894629 0.4302155 0.6904678 0.9619036 0.8664150 0.3077656 0.8966625 0.8877755 0.4224422 0.8483800 0.8219452 0.8557370 0.8902382 0.4009024 0.9437411 0.7654200 1.0802417 0.8741619 0.7871293 0.9301160 0.7199773 0.8598552 0.9522244 0.9522244 0.9355913 0.9538856 0.9530646 0.7913711 0.5748573 0.8845291 0.9868386 0.9381757 0.5021868 0.8797033 1.0733791 1.0819981 1.6122797 1.0509284 1.1944005 1.3765862 0.8219110 0.9009083 1.1636375 1.1471983 1.3209214 2.6218454 2.4783199 3.4110559 3.3841924 2.2154585 2.4450426 
Hsap_ENST00000334220                               2.7389417 0.8396820 1.1220363 1.2060620 1.2190139 0.8121337 0.8086213 0.7988621 0.4753246 0.6927508 1.0611647 0.4969117 0.8106229 1.0970820 1.0254494 0.9379621 0.5442004 0.3918957 0.6874002 0.4752580 0.7180103 1.1554352 0.9444184 0.9905839 0.9945233 0.9293860 0.7452580 0.2344889 0.6221914 0.0000000 0.7343713 0.7671375 0.3777742 1.0042724 0.3153366 0.5065764 0.5596827 0.8486189 0.7512835 0.2602978 0.7774378 0.7790883 0.3834856 0.7754272 0.6431593 0.8091826 0.8752622 0.4329502 0.9066635 0.7918196 0.9172287 0.7236643 0.7912489 0.9033327 0.6182167 0.9659224 1.0494034 1.0494034 1.0091863 1.0555260 1.0037979 0.8215963 0.6099194 0.8514638 0.9470829 0.8654190 0.5608638 0.7983940 1.0271975 1.0818754 1.7717079 0.9950744 1.2144478 1.5397189 1.0225952 0.8988301 1.2584155 1.1654852 1.6038535 1.7440294 1.7777005 3.6859463 3.6696811 2.3310597 1.9650783 
Emue_Em0019g562a.t1                                1.1888131 0.8841848 0.9381247 1.4019575 1.3614591 0.8466286 0.8151967 0.8186245 0.4305125 0.7760613 1.0055722 0.4857391 0.9057508 0.9655683 0.8940174 0.9178080 0.5454584 0.4079624 0.8858218 0.5198290 0.7259818 0.8300568 0.8754613 0.8969817 0.9894092 0.9894092 0.6559058 0.3072236 0.6661802 0.7343713 0.0000000 0.0223376 0.0948519 0.5320602 0.2936977 0.4253462 0.5790170 0.7065802 0.7246160 0.2885426 0.7090453 0.7343323 0.3904333 0.7242049 0.6909432 0.6111487 0.8209636 0.4950091 0.8553692 0.7049674 0.8194674 0.7091696 0.7225015 0.6623704 0.8502259 0.7756512 0.7789406 0.7789406 0.7548233 0.7912584 0.8138425 0.8750227 0.6254404 0.8661462 0.7301128 0.7794096 0.6406775 0.7364694 0.7345416 0.7975884 1.3039274 0.7897564 0.9385359 0.7275919 0.6010712 0.6908839 1.0436372 1.1488371 1.3095292 0.1940659 0.2140117 2.2880340 2.3365720 1.5840686 1.0793505 
Emue_Em0019g572a.t1                                1.6675679 0.7174084 0.9599331 1.4162083 1.3760674 0.8527438 0.8213119 0.8514580 0.4305125 0.7760613 1.0177893 0.4857391 0.9112354 0.9509284 0.8956876 0.9209060 0.5454584 0.4079624 0.8891139 0.5198290 0.7125199 0.8567355 0.8869078 0.9085649 0.9929202 0.9929202 0.6991764 0.3072236 0.6941882 0.7671375 0.0223376 0.0000000 0.0948519 0.5632901 0.2936977 0.4387737 0.6179472 0.7257057 0.7295686 0.2885426 0.7237829 0.7393249 0.3904333 0.7544919 0.7066605 0.6474796 0.8406045 0.4950091 0.8723715 0.6635875 0.8460395 0.7418584 0.7261385 0.7092162 0.8563830 0.8098337 0.7952369 0.7952369 0.7748880 0.8129777 0.8315646 0.9008306 0.6254404 0.9048678 0.7765245 0.8198488 0.6406775 0.7719334 0.7579015 0.8221402 1.3603495 0.8229760 0.9589895 0.7528843 0.6010712 0.6930469 1.0710918 1.1488371 1.4239434 0.3407174 0.3557324 2.4389468 2.4719470 1.8482605 1.2343422 
Spolac_c94525_g1_i1_m.10199c94525-g1               0.0000010 0.5041555 0.6653578 0.8361746 0.8361746 0.5175800 0.5175800 0.5162164 0.4498978 0.8042591 0.6589793 0.4804760 0.5815119 0.5563970 0.5511653 0.6215699 0.5652429 0.3081321 0.5322750 0.4929144 0.5503511 0.5473820 0.5856902 0.5951568 0.6020260 0.6020260 0.4335974 0.3052940 0.3203576 0.3777742 0.0948519 0.0948519 0.0000000 0.3387248 0.2698808 0.3043855 0.3032437 0.4086433 0.4312866 0.2939590 0.4328751 0.4481424 0.3938927 0.4057189 0.4121085 0.3275361 0.5614149 0.4706615 0.5959648 0.4486984 0.4997387 0.4578518 0.4539964 0.4251410 0.5206282 0.5069769 0.4784346 0.4784346 0.4938736 0.4963324 0.4875918 0.5743288 0.5976152 0.5131461 0.4592019 0.5120731 0.5981933 0.4591619 0.4315409 0.4449333 0.9072783 0.5155871 0.4740420 0.4894931 0.3030856 0.3616582 0.5758294 0.9235081 0.8016242 0.7517117 0.7517117 8.9999988 8.6819974 3.3702772 2.6477234 
Aque_Aqu2.1.35296_001                              7.0627422 0.8772651 1.3014446 1.1638638 1.1638638 0.7832651 0.7832651 0.8738344 0.5501516 0.7362457 1.2545196 0.5411040 1.0300968 1.2374359 1.0144358 0.7923347 0.5515212 0.3770929 0.6619861 0.5783752 0.8152125 1.2404797 0.9098334 1.0641376 1.1487295 1.0641981 1.0568753 0.3646122 0.9443173 1.0042724 0.5320602 0.5632901 0.3387248 0.0000000 0.2387761 0.3515265 0.8109744 1.1604175 1.0010072 0.3702061 1.0314115 1.0338908 0.5247806 1.0078936 0.9915489 0.9753862 1.1521613 0.4602697 1.0589214 0.8495014 1.2761793 1.0811728 0.7292574 0.9778738 0.6476687 1.0106945 1.0992376 1.0992376 1.0734020 1.1642909 1.1758001 0.8916049 0.6059927 1.1372476 1.2460325 1.1946291 0.5352442 1.1402190 1.2608302 1.2364711 1.8879734 1.2430684 1.3958571 0.4381542 0.4258368 0.9573439 1.3460403 1.2222659 2.6532307 3.6778814 3.2523857 3.1480556 3.2736002 4.5002050 4.3099421 
Tetwil_g10418.t2                                   0.0000010 0.4226069 0.6051052 0.5424369 0.5424369 0.4697443 0.4697443 0.4697443 0.4697443 0.5628593 0.4911917 0.4527383 0.4618155 0.4301389 0.4301389 0.4283069 0.4143271 0.3470628 0.4631788 0.4089041 0.3712262 0.3858663 0.4317665 0.4410327 0.4707381 0.4707381 0.4198889 0.3491797 0.2894629 0.3153366 0.2936977 0.2936977 0.2698808 0.2387761 0.0000000 0.1955696 0.3032412 0.3466825 0.3612462 0.3414324 0.3783561 0.3512281 0.4541179 0.3908914 0.3668322 0.2864283 0.4818560 0.3448216 0.4735813 0.4097294 0.3960727 0.3613677 0.3918413 0.3103241 0.4104803 0.3677079 0.3752962 0.3752962 0.3671748 0.3640741 0.3617200 0.4555833 0.5697921 0.4208287 0.3621835 0.3761303 0.5130800 0.3818312 0.3819233 0.3763502 0.6518485 0.4109261 0.4368181 0.3596653 0.2128205 0.3974864 0.4148969 0.7331162 0.8755446 0.0000010 0.0000010 8.9999986 8.8878128 4.3077074 0.6104600 
Halamb_c52601_g1_i3mm.4668                         2.1503237 0.3708846 0.7111679 0.9323584 0.9323584 0.6280709 0.6280709 0.7401465 0.5134873 0.6987422 0.7554808 0.4989758 0.7536257 0.6254381 0.6338861 0.6706937 0.4569045 0.3907178 0.5935317 0.5369225 0.6885555 0.6824925 0.7010632 0.7107554 0.7250951 0.7250951 0.5838700 0.3798676 0.4302155 0.5065764 0.4253462 0.4387737 0.3043855 0.3515265 0.1955696 0.0000000 0.4718845 0.5074577 0.5187585 0.3093083 0.5458003 0.5307786 0.4364053 0.5163272 0.5846673 0.4354095 0.5779459 0.4070398 0.6502386 0.5768767 0.5428478 0.5413923 0.5559868 0.5015534 0.5656391 0.5685648 0.5536767 0.5536767 0.5644873 0.5655484 0.5400231 0.6446504 0.5282486 0.6160769 0.5453002 0.5650928 0.5076728 0.5054613 0.5540187 0.6239792 0.9783980 0.6308634 0.6630989 0.5434278 0.4216622 0.5711806 0.6309877 0.9293467 1.6867869 2.4788478 2.0043196 6.0906388 5.6952746 3.3564351 2.1789424 
Bralan_BLAG04000537_1                              3.9194124 0.8322299 0.9019695 1.2083776 1.2402716 0.7899291 0.7937007 0.7774840 0.4648371 0.7534156 1.0103498 0.4234845 0.8748095 0.9998271 0.9321661 0.7807484 0.4581598 0.3494963 0.7620342 0.5327519 0.7668244 1.0954637 0.9434476 0.9625735 0.9542236 0.9090869 0.7166327 0.3124227 0.6904678 0.5596827 0.5790170 0.6179472 0.3032437 0.8109744 0.3032412 0.4718845 0.0000000 0.8285255 0.7936917 0.2579764 0.8484003 0.8562316 0.3988646 0.7806911 0.6788467 0.8354513 0.8658928 0.4767224 0.8649980 0.9448481 1.0475265 0.7514794 0.6615247 0.8100933 0.6612226 0.8781705 0.8774543 0.8774543 0.8533727 0.9374993 0.9232651 0.8156400 0.5070186 0.8331874 0.9669334 0.7931551 0.5756753 0.9312997 0.9894036 1.0262458 1.5483080 1.0300486 1.1266547 1.1830502 0.8316999 0.8316250 1.1907779 0.8991011 1.5833931 2.2272658 1.9987783 3.0708827 3.0980211 1.9160027 2.5990623 
Fspp_ffun1.m4.3725.m1                              4.7855103 0.8768490 1.2406478 1.3905924 1.4086625 0.8967940 0.8923734 0.8749500 0.4861156 0.7935685 1.2020908 0.4676022 0.9788698 1.1187815 1.0085047 0.7931934 0.4577651 0.3501215 0.7416833 0.4709624 0.7589794 1.2389437 0.9709097 1.0638899 1.1025534 1.0024833 0.9681950 0.3725360 0.9619036 0.8486189 0.7065802 0.7257057 0.4086433 1.1604175 0.3466825 0.5074577 0.8285255 0.0000000 0.3333204 0.0783018 0.2950632 0.3104013 0.1780567 0.2166419 0.5975369 0.9131178 0.9684095 0.4497899 0.9550517 0.8561457 0.8825159 0.6979472 0.7248753 1.0282225 0.7070978 1.0353467 1.0706024 1.0706024 1.0820559 1.1179698 1.0793519 0.8747698 0.5484128 0.9750738 1.0910737 0.9055690 0.4358882 1.0889454 0.9943423 0.9997690 1.5652567 1.1392318 1.0755528 1.4661380 0.8092247 1.1490035 1.1764739 0.9993116 1.5670001 4.0453334 3.5550573 3.9130755 3.5925222 2.8805711 2.8876512 
Spis_XP_022794336_1                                3.3198106 0.8903313 1.1231776 1.4739494 1.5024437 0.9139447 0.9120421 0.8891105 0.4992167 0.9079071 1.2009184 0.4844916 0.9666212 1.0646173 0.9417088 0.8570794 0.4699945 0.3655005 0.7818864 0.4942744 0.7922676 1.1700035 0.9446422 1.0558155 1.0890105 1.0148985 0.8069119 0.3639137 0.8664150 0.7512835 0.7246160 0.7295686 0.4312866 1.0010072 0.3612462 0.5187585 0.7936917 0.3333204 0.0000000 0.0720833 0.2539846 0.0821007 0.1672866 0.2137594 0.6111066 0.8588419 0.8621306 0.3992786 0.9185664 0.8511968 0.8940127 0.6990977 0.7789873 0.8969054 0.7641650 0.9864374 0.9600661 0.9600661 0.9378384 0.9615940 0.9408604 0.8403737 0.5754545 0.8863338 0.9679307 0.8307240 0.4932295 0.9516362 0.8444782 0.8376592 1.2902679 0.9742847 0.8582699 1.3155984 0.8315449 1.0331431 1.0382959 1.0162782 1.5373384 2.8689572 2.6328487 3.0472922 3.0386354 1.9043392 2.1042937 
Adig_XM_015915322.1                                0.0000010 0.6378335 0.4989669 0.5970851 0.5970851 0.4446736 0.4446736 0.4446736 0.4446736 0.6873201 0.5433847 0.4473488 0.4661573 0.4210378 0.4210378 0.4520714 0.4317323 0.3109931 0.4130629 0.4162336 0.4434791 0.4428887 0.4348661 0.4440922 0.4872783 0.4872783 0.3016745 0.3550212 0.3077656 0.2602978 0.2885426 0.2885426 0.2939590 0.3702061 0.3414324 0.3093083 0.2579764 0.0783018 0.0720833 0.0000000 0.0716778 0.0722440 0.0950411 0.0750743 0.2407075 0.2649076 0.4303504 0.3684813 0.4296019 0.4216172 0.2515581 0.2684165 0.4596815 0.3649125 0.4126141 0.4387952 0.4027834 0.4027834 0.4333662 0.4263474 0.4239947 0.4716643 0.5501936 0.3596260 0.3684711 0.3114425 0.4499483 0.3998837 0.3242676 0.3231522 0.6343857 0.4084909 0.3878784 0.5099053 0.5108850 0.4377590 0.4193614 0.6324379 0.4639863 0.0000010 0.0000010 9.0000000 7.5937521 3.3291501 2.3494914 
Gfas_gfas1.m1.5567.m1                              3.7656841 1.0149081 1.1871309 1.5765144 1.6068218 0.9808983 0.9787256 0.9634941 0.5247756 0.7961186 1.3826771 0.4898397 1.0847869 1.1622087 1.0807419 0.9114020 0.4975241 0.3954169 0.8162877 0.5340063 0.7892535 1.2036124 1.0432117 1.1162250 1.1356156 1.0876685 0.8321877 0.3564546 0.8966625 0.7774378 0.7090453 0.7237829 0.4328751 1.0314115 0.3783561 0.5458003 0.8484003 0.2950632 0.2539846 0.0716778 0.0000000 0.2485125 0.1512888 0.2068333 0.5799591 0.9015821 0.9484136 0.4635961 0.9569560 0.8517691 0.8857693 0.6916579 0.8161704 0.8987934 0.8086491 1.0680145 1.0486851 1.0486851 1.0475199 1.0512874 1.0628743 0.9458684 0.5537696 0.9236929 1.0494041 0.8721131 0.5006668 0.9686125 0.9211581 0.9055957 1.4094395 1.0486988 0.9920233 1.3171044 0.8542074 1.0911899 1.1232181 1.0918419 1.5646037 2.9535929 2.6394461 3.1577844 3.3104624 2.0058115 1.8734097 
Pocdam_XM_027201827.1                              3.1706769 0.9217368 1.1627284 1.4978297 1.5315086 0.9294159 0.9297032 0.9028903 0.4935168 0.9386058 1.2466478 0.4760164 0.9844733 1.0966600 0.9993242 0.8233254 0.4658213 0.3585253 0.8000985 0.4918559 0.7998710 1.1850848 1.0185587 1.0874263 1.0979855 1.0347559 0.8509168 0.3650140 0.8877755 0.7790883 0.7343323 0.7393249 0.4481424 1.0338908 0.3512281 0.5307786 0.8562316 0.3104013 0.0821007 0.0722440 0.2485125 0.0000000 0.1677884 0.2216961 0.6055026 0.8707306 0.9086900 0.3876983 0.9025205 0.8118161 0.9047437 0.7261457 0.7800326 0.9172745 0.7735867 1.0624083 1.0360051 1.0360051 1.0341431 1.0248220 1.0223150 0.9007916 0.5568512 0.9417967 1.0405545 0.8667602 0.4805909 1.0202956 0.9171348 0.9173188 1.3953429 1.0475647 0.9356687 1.3136270 0.8212697 1.0601307 1.0601798 1.0515627 1.4307974 2.8440403 2.6240113 3.2281858 3.2460127 1.8194703 2.1032841 
Amil_Amillepora07497-RA                            0.0000010 4.7834527 0.5795320 0.6255720 0.6255720 0.5923955 0.5923955 0.5923955 0.5923955 0.6873201 0.7097359 0.6128419 0.6172411 0.5642675 0.5642675 0.6060240 0.5987133 0.4924074 0.5664553 0.5838333 0.4515819 0.6113758 0.5570659 0.5685293 0.6454885 0.6454885 0.4471761 0.5267301 0.4224422 0.3834856 0.3904333 0.3904333 0.3938927 0.5247806 0.4541179 0.4364053 0.3988646 0.1780567 0.1672866 0.0950411 0.1512888 0.1677884 0.0000000 0.1758721 0.3528514 0.3846205 0.6048569 0.5203637 0.5889846 0.5294206 0.3850415 0.4065336 0.5824776 0.4559242 0.5370117 0.5654982 0.5205452 0.5205452 0.5598362 0.5386363 0.5583789 0.5390345 0.5940860 0.4971677 0.5020027 0.4153153 0.4499483 0.4893255 0.4488391 0.4578199 0.5306746 0.5429486 0.5025111 0.5099053 0.5108850 0.5548473 0.5750103 0.6324379 0.4639863 0.0000010 0.0000010 9.0000000 8.9999987 2.9626562 2.3494914 
Gasp_gasp1.m3.18982.m1                             4.3511892 0.9343236 1.0733155 1.5025113 1.5288792 0.9219343 0.9176004 0.9274182 0.5106120 0.8756692 1.2821248 0.4754390 1.0082086 1.1971293 1.0980436 0.8699327 0.4719313 0.3523471 0.7735084 0.5092548 0.8284834 1.3219124 1.0796198 1.1234158 1.0508014 1.0003056 0.7747847 0.3841812 0.8483800 0.7754272 0.7242049 0.7544919 0.4057189 1.0078936 0.3908914 0.5163272 0.7806911 0.2166419 0.2137594 0.0750743 0.2068333 0.2216961 0.1758721 0.0000000 0.5398196 0.8310282 0.9376212 0.4386494 0.9073000 0.8564788 0.8288792 0.6965596 0.7510752 0.9183601 0.7179641 1.0730747 1.0208861 1.0208861 1.0225166 1.0673809 1.0222530 0.8926451 0.5550867 0.9020885 1.0340934 0.8258806 0.4430066 1.0128273 0.8916207 0.8938512 1.4805381 0.9989493 1.0051368 1.2201874 0.8900916 1.0138937 1.1701462 1.0273576 1.6319456 3.2083624 2.8348371 3.5141835 3.3458005 2.4261974 2.5925129 
