59
Spolac_c95612_g1_i1_m.11751c103513-g1                    0.0000000 0.1324294 0.0000010 0.6048290 0.7038218 0.6426816 0.5196324 0.9755093 0.9011880 0.9426534 0.9050242 0.9485534 0.8847275 0.8575492 0.8240308 0.9331246 0.0000010 1.0752374 1.0224881 0.8139160 0.0000010 0.7632050 1.2998365 1.1131805 1.1359750 1.1359750 1.1461095 1.1127644 1.0845155 1.1046861 1.0748160 1.0584078 1.0611756 1.1142563 1.1309186 0.9899826 2.9369525 1.1326528 1.2665406 1.2690765 1.3248967 1.3097123 1.3195134 1.3133856 1.3190043 0.0000010 1.2256887 1.4360694 1.3888201 1.3817064 1.3807954 1.3214653 1.3355784 1.5117424 2.5722389 0.0000010 0.4379766 0.0000010 1.6974928 
Emue_Em0162g8a.t1                                        0.1324294 0.0000000 0.1569410 0.6195147 0.8812799 0.9010309 0.6209038 0.8509311 0.9987656 1.0193498 1.0193474 1.0351258 0.9913168 0.9718526 0.9502574 1.1078872 1.3168515 1.1588648 1.0885365 1.0473410 1.3300832 0.8989314 1.3459593 1.2016664 1.1803342 1.1878224 0.9537484 1.1776570 1.0456483 1.1201886 1.1340873 1.0286690 1.0318370 1.1760833 1.1681018 1.2663606 1.8528758 1.1481428 1.2364493 1.0959360 1.2431402 1.2433069 1.2407386 1.2346946 1.2466459 3.0179371 1.6613794 1.8241659 1.7233073 1.4436081 1.6338345 1.6375780 1.3862810 1.4354932 1.4638289 1.2728393 0.7778067 2.2272751 2.0934361 
Spolac_c92598_g1_i1_m.7991c103513-g1                     0.0000010 0.1569410 0.0000000 0.6146495 1.0818363 1.2364778 0.6965906 0.2946854 1.1450149 1.1382895 1.1532601 1.1607140 1.1498349 1.1741377 1.1635561 1.3609164 1.3515104 1.2934584 1.2091507 1.2493672 1.2651630 1.0583932 1.5497032 1.4746028 1.4597491 1.4538934 1.0947846 1.3545249 1.0510216 1.0420010 1.2178279 0.9899836 1.0170784 1.3077033 1.1807220 1.6999494 1.8538474 1.3372731 1.3578256 0.9884907 1.2075623 1.1848570 1.1743007 1.1611222 1.1577005 2.9103297 2.1469496 2.5711908 2.4014385 1.9197980 2.2955204 2.1830139 1.4617977 1.4886748 1.4750761 1.1849871 1.2567346 2.1749991 3.2599654 
Xestes_maker-XT_scaffold178897-augustus-gene-0.18-mRNA-1 0.6048290 0.6195147 0.6146495 0.0000000 0.3913664 0.4586210 0.5095111 0.8587635 0.8563017 0.8688027 0.8730267 0.8887978 0.8244372 0.8310043 0.8054933 0.7996758 0.0000010 0.9159144 0.8902717 0.8465326 0.0000010 0.7346480 1.0537803 0.9661844 0.9404667 0.9404667 0.7552266 0.9237512 0.9431845 1.0189629 0.9821850 0.8897003 0.9739181 1.0409273 1.0287653 1.1223695 4.0196034 1.0068357 0.9897325 1.0403163 1.1058651 1.0974642 1.1035191 1.0743123 1.0703237 0.0000010 1.2605467 1.4674674 1.3627038 1.3930412 1.2384253 1.3089098 1.0894922 1.1882075 1.3102401 0.9045483 0.5054321 0.0000010 1.7566547 
Halamb_c56118_g2_i1mm.6969                               0.7038218 0.8812799 1.0818363 0.3913664 0.0000000 0.5029860 0.7641554 1.0092589 1.1023907 1.1170003 1.1068797 1.0945976 1.1013493 1.0911306 1.1218035 1.0956767 1.5911203 1.1532301 1.1587499 1.1142970 1.2724812 1.0795919 1.2368725 1.1325552 1.1025812 1.1065150 0.8410902 1.0224576 1.1872572 1.2600667 1.1526356 1.1605577 1.0493538 1.2682940 1.2166173 1.4537415 1.9837795 1.2460208 1.3046304 1.0975866 1.3246137 1.3289929 1.3406480 1.2449710 1.2437928 3.1096575 1.6104234 1.8937872 1.7300245 1.3793461 1.6654037 1.5962645 1.3263765 1.4209824 1.5146022 1.1047033 0.9587163 1.9227457 2.4777964 
Aque_Aqu2.1.31832_001                                    0.6426816 0.9010309 1.2364778 0.4586210 0.5029860 0.0000000 0.7993107 0.9954828 1.0585048 1.0755564 1.1083325 1.1154414 1.0910106 1.0766803 1.0869102 1.0978171 1.7099650 1.2927591 1.2438288 1.0557932 1.2290303 1.0815478 1.2829837 1.1952669 1.1420864 1.1308817 0.9250914 1.0808764 1.1465224 1.1997801 1.1724269 1.0810913 1.1097174 1.2486559 1.2235358 1.3656901 1.9643712 1.2865386 1.3486821 1.1538838 1.2631465 1.2729560 1.2956184 1.2606145 1.2728687 2.8910382 1.6080556 1.8679648 1.7444864 1.4596979 1.6553516 1.6389465 1.4222522 1.2875406 1.6332936 1.2088872 1.0664174 1.8791261 2.3890967 
Tetwil_g18658.t1                                         0.5196324 0.6209038 0.6965906 0.5095111 0.7641554 0.7993107 0.0000000 0.9451952 0.9758955 0.9664312 0.9513655 0.9538502 0.9538030 0.9401259 0.9562661 0.9285939 1.1517351 1.1016516 1.1004961 1.0336924 1.2136869 0.9496397 1.1880957 1.1131621 1.0601803 1.0902686 1.0000953 1.0231446 1.0354842 0.9562156 1.0790581 0.9615681 1.0402499 1.1586226 1.0337637 1.2321391 1.6650707 1.1372735 1.1562476 1.1136967 1.1794510 1.1859116 1.1885848 1.1443765 1.1347655 2.9356022 1.6144807 1.8728365 1.8019840 1.4814728 1.6095565 1.6068833 1.1941769 1.3801295 1.3777448 1.1348076 0.6595906 1.8697120 1.9757516 
Clacor_Ccor_C513759_01                                   0.9755093 0.8509311 0.2946854 0.8587635 1.0092589 0.9954828 0.9451952 0.0000000 0.6053206 0.6714640 0.7102428 0.6697184 0.7018152 0.6732102 0.5699938 0.5967308 0.0000010 0.6633943 0.7617137 0.6931897 0.0000010 0.6886043 0.7815046 0.8262296 0.8542358 0.8542358 0.7951588 0.7236800 0.9332461 0.9579652 1.0287624 0.8207762 0.8468712 0.9533975 0.9591537 1.0873923 4.1576953 0.9432587 0.9607534 0.8856991 1.1150021 1.1040229 1.0731622 1.0814657 1.0814657 0.0000010 1.1126099 1.1543304 1.1444312 1.1158623 0.8934192 1.0607975 1.3014427 1.2698250 0.9558186 1.1996191 0.5669135 0.0000010 1.4727008 
Fspp_ffun1.m4.25865.m1                                   0.9011880 0.9987656 1.1450149 0.8563017 1.1023907 1.0585048 0.9758955 0.6053206 0.0000000 0.0878488 0.1543247 0.1409076 0.1484053 0.1907307 0.2120666 0.5052798 0.4536359 1.1441910 1.0281901 0.8853664 1.0429270 0.8393970 1.0773320 0.9196185 0.8946213 0.9094380 0.7798969 0.8018039 0.8500388 0.8664445 0.9871062 0.8585118 0.7421588 0.9547108 0.9629698 1.2473614 1.4437180 0.8593051 0.9215160 1.0245503 1.1318437 1.1417458 1.1279884 1.1739426 1.1669209 2.8046540 1.3671445 1.6046792 1.5947750 1.3435588 1.6141705 1.5034250 1.2751248 1.2960564 1.2925183 1.2192718 1.0217190 1.3634132 1.9941079 
Gasp_gasp1.m3.13214.m1                                   0.9426534 1.0193498 1.1382895 0.8688027 1.1170003 1.0755564 0.9664312 0.6714640 0.0878488 0.0000000 0.1654959 0.1493449 0.1573084 0.1915697 0.2187033 0.5212306 0.4496400 1.1357325 1.0427097 0.9017569 1.0017753 0.8369686 1.0843848 0.9626010 0.9228483 0.9400564 0.7827347 0.7946431 0.8915999 0.8926186 0.9914187 0.8767978 0.7722486 0.9595698 1.0193102 1.2397952 1.3529170 0.8589975 0.9053836 1.0461720 1.1651584 1.1712347 1.1564613 1.2125334 1.2033024 2.8544723 1.3820663 1.6355356 1.6463403 1.3563421 1.6524353 1.5219590 1.2800731 1.3354630 1.2932492 1.1652112 1.0536153 1.4063598 2.0132623 
Spis_XP_022788450_1                                      0.9050242 1.0193474 1.1532601 0.8730267 1.1068797 1.1083325 0.9513655 0.7102428 0.1543247 0.1654959 0.0000000 0.0541817 0.1878523 0.2299538 0.2693519 0.5212479 0.4420779 1.1841040 1.0652598 0.9224840 0.9916720 0.8901856 1.1240550 0.9621877 0.9568316 0.9800594 0.8565209 0.8582423 0.9368966 0.9528459 1.0126363 0.9019732 0.8135046 1.0082468 1.0052362 1.2648245 1.4007129 0.9129017 0.9127561 1.1015923 1.1785559 1.1848181 1.1941366 1.1994687 1.1902912 2.7138722 1.3654885 1.6245510 1.6491690 1.3671304 1.6188457 1.4824516 1.3262473 1.3573857 1.3004540 1.2394625 1.0502740 1.2771931 1.9021058 
Pocdam_XM_027196429.1                                    0.9485534 1.0351258 1.1607140 0.8887978 1.0945976 1.1154414 0.9538502 0.6697184 0.1409076 0.1493449 0.0541817 0.0000000 0.1783256 0.2133716 0.2488591 0.5295729 0.3989019 1.1448619 1.0372515 0.9239065 0.9619075 0.8735340 1.0792916 0.9580579 0.9401307 0.9628565 0.7925653 0.8171915 0.9006375 0.8973505 0.9877340 0.8733718 0.7740838 0.9970887 0.9817342 1.2431237 1.3701107 0.8685584 0.9334981 1.0575647 1.1684656 1.1747229 1.1839956 1.1915618 1.1824429 2.6703044 1.3774522 1.5963950 1.6220012 1.3511513 1.6095181 1.5079668 1.3008239 1.3158647 1.2826837 1.2463396 1.0625359 1.3610434 1.9043410 
Gfas_gfas1.m1.14399.m1                                   0.8847275 0.9913168 1.1498349 0.8244372 1.1013493 1.0910106 0.9538030 0.7018152 0.1484053 0.1573084 0.1878523 0.1783256 0.0000000 0.1527872 0.1765403 0.5286943 0.3775980 1.1037154 0.9884813 0.9281431 1.0382189 0.8527801 1.0918420 0.9235335 0.9223126 0.9413879 0.7255125 0.7756768 0.9079593 0.9090919 0.9832667 0.8523129 0.7889980 0.8843582 0.9884837 1.2239656 1.4467421 0.8576606 0.9129600 1.0433404 1.1355293 1.1459287 1.1262718 1.1629732 1.1540553 2.8520235 1.3924221 1.6019846 1.6471338 1.3738070 1.6322413 1.5372645 1.2420312 1.3089432 1.2341969 1.1592750 1.0444922 1.4243690 2.0240612 
Amil_Amillepora08871-RA                                  0.8575492 0.9718526 1.1741377 0.8310043 1.0911306 1.0766803 0.9401259 0.6732102 0.1907307 0.1915697 0.2299538 0.2133716 0.1527872 0.0000000 0.0148843 0.5322414 0.4814535 1.1377314 1.0198965 0.9301433 1.1353057 0.8467013 1.1050214 0.9578719 0.9373773 0.9542525 0.7743545 0.8318867 0.9335822 0.9292193 1.0086079 0.8668910 0.8251952 0.9771221 1.0126312 1.2356105 1.4393886 0.8721338 0.9602411 1.0809055 1.1308866 1.1410073 1.1347157 1.1581711 1.1492302 2.6576317 1.3304870 1.5928057 1.6202826 1.3854342 1.6151306 1.4757908 1.2601772 1.2908522 1.2459418 1.2042421 1.0377682 1.4773880 2.0289456 
Adig_XM_015921511.1                                      0.8240308 0.9502574 1.1635561 0.8054933 1.1218035 1.0869102 0.9562661 0.5699938 0.2120666 0.2187033 0.2693519 0.2488591 0.1765403 0.0148843 0.0000000 0.5797780 0.4835422 1.0918719 0.9896608 1.0056749 1.2370862 0.9108027 1.1412296 1.0262960 1.0068798 1.0098993 0.8633073 0.8740863 0.9499072 0.9494449 1.0205865 0.8823034 0.8380360 0.9536985 1.0266004 1.1430210 1.2613782 0.8411265 0.9224869 1.1762519 1.1368222 1.1468088 1.1334013 1.2268914 1.2148448 2.0824149 1.2127660 1.4098572 1.4890149 1.3933955 1.5193490 1.3847703 1.1474342 1.2836199 1.2133328 1.3130296 0.9208022 1.4794349 3.9676308 
Exapal_XM_021037302.1                                    0.9331246 1.1078872 1.3609164 0.7996758 1.0956767 1.0978171 0.9285939 0.5967308 0.5052798 0.5212306 0.5212479 0.5295729 0.5286943 0.5322414 0.5797780 0.0000000 0.3223200 1.2032148 1.1387512 0.8914119 1.1478344 0.8999315 1.0404327 0.9536540 0.9099309 0.9335654 0.8112508 0.8583084 1.0005086 0.9196163 1.0201090 0.8588885 0.8655469 0.9362627 1.0495246 1.2338330 1.5246707 0.9371897 0.9080960 1.0549619 1.1785913 1.1595084 1.1375637 1.1847766 1.1744042 3.4266893 1.5206255 1.7630712 1.7524626 1.4346018 1.6806333 1.5883051 1.2161503 1.3112477 1.4749778 1.3678647 1.1230697 1.6048610 1.8032211 
Nvec_v1g174574                                           0.0000010 1.3168515 1.3515104 0.0000010 1.5911203 1.7099650 1.1517351 0.0000010 0.4536359 0.4496400 0.4420779 0.3989019 0.3775980 0.4814535 0.4835422 0.3223200 0.0000000 1.1219034 1.1987955 0.9964628 1.0680551 1.0744816 0.9445582 0.8752839 0.8375244 0.8720475 1.0587204 0.8239044 0.8209914 0.7655233 0.8859796 0.9114880 0.7983683 0.8919611 0.9769904 1.3838627 1.4078001 0.9221423 1.0013743 1.3532745 0.9721101 0.9934647 0.9843006 1.0823521 1.0617076 3.0993814 2.0908564 2.6313904 2.5586316 1.8847950 2.2977062 2.0779952 1.3177102 1.3541188 1.2305462 1.2662553 1.5658924 1.4207909 2.1004302 
Gracom_Gcom_scaffold8010_01                              1.0752374 1.1588648 1.2934584 0.9159144 1.1532301 1.2927591 1.1016516 0.6633943 1.1441910 1.1357325 1.1841040 1.1448619 1.1037154 1.1377314 1.0918719 1.2032148 1.1219034 0.0000000 0.4024792 1.1889119 1.5001935 1.1211190 1.3059927 1.3011585 1.3090658 1.3067147 1.1239554 1.2262053 1.1999605 1.0321642 1.1770488 1.1040643 1.0542038 1.1735862 1.3148100 0.7657060 1.0157397 1.3181031 1.2666080 1.3217520 1.4300340 1.4046632 1.4423749 1.3335750 1.3281123 3.2145565 1.7262730 1.8576174 1.8698244 1.5644811 1.7075927 1.6930500 1.3271303 1.6402381 0.9162510 1.3763152 1.1942584 1.7824102 2.4651092 
Scil_scict013385.1                                       1.0224881 1.0885365 1.2091507 0.8902717 1.1587499 1.2438288 1.1004961 0.7617137 1.0281901 1.0427097 1.0652598 1.0372515 0.9884813 1.0198965 0.9896608 1.1387512 1.1987955 0.4024792 0.0000000 1.0956161 1.2696025 0.9804855 1.2697102 1.2529897 1.2542141 1.2646960 1.1042944 1.1570987 1.1158399 1.0571962 1.0880713 1.0069321 0.9943107 1.1103185 1.2613827 0.6910393 0.9824135 1.2394663 1.2483940 1.3120489 1.4177087 1.4001975 1.3988643 1.3086246 1.3150951 2.6645931 1.6836211 1.8105177 1.8143505 1.6071574 1.5582026 1.6210190 1.2723575 1.4734984 0.8780777 1.3831152 1.1816748 1.4451917 2.6810287 
Opea_EP00118_Oscarella_pearsei_P009780                   0.8139160 1.0473410 1.2493672 0.8465326 1.1142970 1.0557932 1.0336924 0.6931897 0.8853664 0.9017569 0.9224840 0.9239065 0.9281431 0.9301433 1.0056749 0.8914119 0.9964628 1.1889119 1.0956161 0.0000000 0.0000010 0.6109304 1.1702464 1.1198055 1.0740136 1.1169210 0.9478797 1.0434931 0.9267534 1.0267703 1.1588741 0.9865186 0.9402807 1.0850359 1.1103695 1.3710064 1.6378788 1.0819548 1.2240494 0.9692051 1.0953592 1.1026256 1.1253725 1.1051051 1.1034092 3.4136983 1.5537973 1.7633611 1.7836716 1.2598872 1.6834789 1.6033446 1.3337491 1.3372382 1.4918575 1.3873156 1.2029472 1.5002736 1.9359264 
Ocar_g5938                                               0.0000010 1.3300832 1.2651630 0.0000010 1.2724812 1.2290303 1.2136869 0.0000010 1.0429270 1.0017753 0.9916720 0.9619075 1.0382189 1.1353057 1.2370862 1.1478344 1.0680551 1.5001935 1.2696025 0.0000010 0.0000000 0.7126795 1.5356868 1.3918799 1.2627350 1.4091266 0.0000010 1.3072596 0.9425809 0.9383332 1.1985268 0.9853796 0.9583745 1.1800156 1.2642138 1.6149919 1.6149919 1.1372998 1.3639459 0.8306519 1.1648708 1.1905899 1.2283809 1.2367836 1.2312710 3.4136983 2.7993924 3.1750131 3.1874952 1.4679100 3.2051710 2.9367775 1.5459605 1.7559134 1.5263682 1.2980296 1.9497558 1.5002736 2.7311532 
Plajan_Pjan_scaffold19192_01                             0.7632050 0.8989314 1.0583932 0.7346480 1.0795919 1.0815478 0.9496397 0.6886043 0.8393970 0.8369686 0.8901856 0.8735340 0.8527801 0.8467013 0.9108027 0.8999315 1.0744816 1.1211190 0.9804855 0.6109304 0.7126795 0.0000000 1.1804807 1.0536541 1.0482213 1.0598763 0.8414712 0.9426228 0.9630030 1.0089152 1.0176470 0.9040113 0.8904060 1.0026283 0.9597848 1.2780092 1.7443284 1.0431724 1.0914544 0.9946518 1.1938183 1.1822555 1.2021535 1.1288246 1.1269503 2.7770336 1.4280211 1.6291389 1.6107584 1.2545315 1.5490435 1.5605584 1.3344008 1.2653190 1.2644225 1.2342910 1.0803142 1.8559519 1.6687527 
Morvir_scaffold440.g6.t1                                 1.2998365 1.3459593 1.5497032 1.0537803 1.2368725 1.2829837 1.1880957 0.7815046 1.0773320 1.0843848 1.1240550 1.0792916 1.0918420 1.1050214 1.1412296 1.0404327 0.9445582 1.3059927 1.2697102 1.1702464 1.5356868 1.1804807 0.0000000 0.9040276 0.8968121 0.9069239 0.7236278 0.8369929 1.1016972 0.9981455 1.1614163 1.1212461 1.0685617 1.0513102 1.2667182 1.3966172 1.6345577 1.1158220 1.0649914 1.0039524 1.2708902 1.2567398 1.2828627 1.2845283 1.2784291 4.2745475 1.6948380 1.8849988 1.9561068 1.5272389 1.8380346 1.7390929 1.4081792 1.5388414 1.4826221 1.7843450 1.2743116 1.3969896 2.5351520 
Nemnom_g18212.t1                                         1.1131805 1.2016664 1.4746028 0.9661844 1.1325552 1.1952669 1.1131621 0.8262296 0.9196185 0.9626010 0.9621877 0.9580579 0.9235335 0.9578719 1.0262960 0.9536540 0.8752839 1.3011585 1.2529897 1.1198055 1.3918799 1.0536541 0.9040276 0.0000000 0.1820716 0.1969720 0.4299287 0.4834210 1.0679775 1.0725187 1.2340603 1.1407111 1.0449800 1.0738274 1.1757852 1.3332803 1.4073829 1.0045543 0.9910947 0.9503724 1.2045077 1.1638473 1.1785342 1.2131146 1.2055638 3.1224079 1.5595147 1.8007292 1.8573129 1.5850939 1.8023073 1.6874990 1.3457771 1.4707714 1.3763747 1.5720706 1.1999557 1.0353567 2.7038643 
Rhoesc_Res_017658-T1                                     1.1359750 1.1803342 1.4597491 0.9404667 1.1025812 1.1420864 1.0601803 0.8542358 0.8946213 0.9228483 0.9568316 0.9401307 0.9223126 0.9373773 1.0068798 0.9099309 0.8375244 1.3090658 1.2542141 1.0740136 1.2627350 1.0482213 0.8968121 0.1820716 0.0000000 0.0134087 0.3493632 0.4681062 1.0669717 1.0653993 1.1973075 1.0788746 1.0226639 1.0980390 1.2262394 1.3596648 1.4721394 0.9737768 0.9726085 0.9401363 1.2076367 1.1829741 1.1801977 1.1861304 1.1787486 3.1009746 1.5996129 1.7718048 1.8390871 1.5843065 1.7659317 1.7523725 1.3358413 1.4599577 1.2763385 1.5716170 1.2181404 0.8995166 2.5776187 
Rhoesc_Res_010600-T2                                     1.1359750 1.1878224 1.4538934 0.9404667 1.1065150 1.1308817 1.0902686 0.8542358 0.9094380 0.9400564 0.9800594 0.9628565 0.9413879 0.9542525 1.0098993 0.9335654 0.8720475 1.3067147 1.2646960 1.1169210 1.4091266 1.0598763 0.9069239 0.1969720 0.0134087 0.0000000 0.3493632 0.4764488 1.0933285 1.1002428 1.2155859 1.0919710 1.0344603 1.0980390 1.2532784 1.3353463 1.3931364 0.9985402 0.9960879 0.9576906 1.2571013 1.2314996 1.2223087 1.2346971 1.2270080 3.0381979 1.5871845 1.7289169 1.8079665 1.6014179 1.7718078 1.7638290 1.3454468 1.4979253 1.3336710 1.6440941 1.2231969 0.9967591 2.5776187 
Aaur_scaffold50.g37.t1                                   1.1461095 0.9537484 1.0947846 0.7552266 0.8410902 0.9250914 1.0000953 0.7951588 0.7798969 0.7827347 0.8565209 0.7925653 0.7255125 0.7743545 0.8633073 0.8112508 1.0587204 1.1239554 1.1042944 0.9478797 0.0000010 0.8414712 0.7236278 0.4299287 0.3493632 0.3493632 0.0000000 0.2958193 1.0414540 0.9568483 1.2091479 1.0493134 0.9787050 1.2471799 1.1020700 1.3512269 2.8048292 0.8211462 0.9422931 0.8417152 1.1791394 1.1822451 1.1872722 1.2078098 1.2078098 0.0000010 1.4683884 1.3770543 1.3519130 1.4468313 1.2144786 1.3986921 1.2429890 1.1861129 1.5175115 1.2497248 0.6597782 0.0000010 1.3299698 
Sanmal_Sma_025132-T1                                     1.1127644 1.1776570 1.3545249 0.9237512 1.0224576 1.0808764 1.0231446 0.7236800 0.8018039 0.7946431 0.8582423 0.8171915 0.7756768 0.8318867 0.8740863 0.8583084 0.8239044 1.2262053 1.1570987 1.0434931 1.3072596 0.9426228 0.8369929 0.4834210 0.4681062 0.4764488 0.2958193 0.0000000 1.0594694 1.0030054 1.1313850 0.9656386 0.9854819 1.0826960 1.1886100 1.2626513 1.3240995 1.0143001 0.9982643 0.9110242 1.1855876 1.1691963 1.1573713 1.1457901 1.1387563 3.0560822 1.5662416 1.7917362 1.8848192 1.6274239 1.7485258 1.7196178 1.2759249 1.3757644 1.1220433 1.2765903 1.1923129 1.0214205 1.8991625 
Cgig_XM_011422923.3                                      1.0845155 1.0456483 1.0510216 0.9431845 1.1872572 1.1465224 1.0354842 0.9332461 0.8500388 0.8915999 0.9368966 0.9006375 0.9079593 0.9335822 0.9499072 1.0005086 0.8209914 1.1999605 1.1158399 0.9267534 0.9425809 0.9630030 1.1016972 1.0679775 1.0669717 1.0933285 1.0414540 1.0594694 0.0000000 0.5075631 0.7875817 0.6496570 0.6593233 0.7231633 0.8214906 1.2831307 1.3416023 1.1053230 1.1512667 1.1548927 1.1567924 1.1449209 1.1536628 1.1285699 1.1210453 2.8005054 1.6463765 1.7691434 1.8567523 1.5805354 1.7301715 1.5605310 1.0710179 1.0818005 1.4100521 1.2265389 1.1104632 1.2812722 1.9541166 
Acagra_model.g3168.t1.1.5d4005d4                         1.1046861 1.1201886 1.0420010 1.0189629 1.2600667 1.1997801 0.9562156 0.9579652 0.8664445 0.8926186 0.9528459 0.8973505 0.9090919 0.9292193 0.9494449 0.9196163 0.7655233 1.0321642 1.0571962 1.0267703 0.9383332 1.0089152 0.9981455 1.0725187 1.0653993 1.1002428 0.9568483 1.0030054 0.5075631 0.0000000 0.7927719 0.6053486 0.6995759 0.6671883 0.8286693 1.2125266 1.5699064 1.0685833 1.0592466 1.1883439 1.1196218 1.1039570 1.1138618 1.0715238 1.0648392 3.1017219 1.7321869 1.8828597 1.9217170 1.6802038 1.8852278 1.7558248 0.9850023 1.1368799 1.3805498 1.3297199 1.1355475 1.2159297 2.2104667 
Spur_XM_030982143.1                                      1.0748160 1.1340873 1.2178279 0.9821850 1.1526356 1.1724269 1.0790581 1.0287624 0.9871062 0.9914187 1.0126363 0.9877340 0.9832667 1.0086079 1.0205865 1.0201090 0.8859796 1.1770488 1.0880713 1.1588741 1.1985268 1.0176470 1.1614163 1.2340603 1.1973075 1.2155859 1.2091479 1.1313850 0.7875817 0.7927719 0.0000000 0.6043733 0.7919438 0.7436064 0.9056545 1.2953428 1.4611715 1.1984543 1.1748376 1.1355324 1.2814760 1.2811708 1.2804941 1.2133156 1.2051883 3.5181175 1.7078783 1.8333278 1.8295374 1.5414486 1.6930991 1.6496286 1.0392360 1.2300816 1.3100905 1.4414437 1.1427266 1.6057665 2.2040057 
Skow_XM_002732281.2                                      1.0584078 1.0286690 0.9899836 0.8897003 1.1605577 1.0810913 0.9615681 0.8207762 0.8585118 0.8767978 0.9019732 0.8733718 0.8523129 0.8668910 0.8823034 0.8588885 0.9114880 1.1040643 1.0069321 0.9865186 0.9853796 0.9040113 1.1212461 1.1407111 1.0788746 1.0919710 1.0493134 0.9656386 0.6496570 0.6053486 0.6043733 0.0000000 0.6757602 0.6885991 0.8044056 1.1984720 1.4943022 1.0010321 1.0124571 1.1849360 1.0279483 1.0217379 1.0331208 1.0133461 1.0063861 3.3772943 1.6835353 1.7429994 1.8040739 1.5524708 1.7312692 1.6336297 1.0873090 1.0987107 1.2684936 1.2067219 1.1245862 1.5896119 2.4144668 
Bralan_BLAG08000787_1                                    1.0611756 1.0318370 1.0170784 0.9739181 1.0493538 1.1097174 1.0402499 0.8468712 0.7421588 0.7722486 0.8135046 0.7740838 0.7889980 0.8251952 0.8380360 0.8655469 0.7983683 1.0542038 0.9943107 0.9402807 0.9583745 0.8904060 1.0685617 1.0449800 1.0226639 1.0344603 0.9787050 0.9854819 0.6593233 0.6995759 0.7919438 0.6757602 0.0000000 0.7534926 0.7984214 1.0653777 1.1371880 1.1008292 1.0675912 1.0854089 1.1470829 1.1486431 1.1266577 1.0901861 1.0894116 3.0579222 1.5979911 1.7382401 1.8397576 1.5213198 1.6564342 1.6681155 1.0272535 1.1032371 1.2543130 1.2535502 1.1111262 1.3112571 2.2609109 
Ctel_gnl_WGS_AMQN_CAPTEDRAFT_mRNA197070                  1.1142563 1.1760833 1.3077033 1.0409273 1.2682940 1.2486559 1.1586226 0.9533975 0.9547108 0.9595698 1.0082468 0.9970887 0.8843582 0.9771221 0.9536985 0.9362627 0.8919611 1.1735862 1.1103185 1.0850359 1.1800156 1.0026283 1.0513102 1.0738274 1.0980390 1.0980390 1.2471799 1.0826960 0.7231633 0.6671883 0.7436064 0.6885991 0.7534926 0.0000000 0.8951287 1.3309203 1.5830000 1.1813587 1.1909212 1.1091768 1.2064296 1.1949258 1.2011481 1.1892769 1.1880065 3.4259996 1.7006117 1.7313271 1.7123344 1.4385407 1.7075615 1.7226926 1.0505192 1.1340718 1.5830984 1.5246118 1.2368552 1.4186663 2.3838449 
Hsap_ENST00000225296                                     1.1309186 1.1681018 1.1807220 1.0287653 1.2166173 1.2235358 1.0337637 0.9591537 0.9629698 1.0193102 1.0052362 0.9817342 0.9884837 1.0126312 1.0266004 1.0495246 0.9769904 1.3148100 1.2613827 1.1103695 1.2642138 0.9597848 1.2667182 1.1757852 1.2262394 1.2532784 1.1020700 1.1886100 0.8214906 0.8286693 0.9056545 0.8044056 0.7984214 0.8951287 0.0000000 1.3444990 1.7142006 1.1690104 1.1957414 1.2296937 1.3297036 1.3507005 1.3443070 1.3406465 1.3341359 3.3101995 1.6543685 1.7887599 1.8586443 1.5155803 1.6798312 1.5843161 1.0648053 1.2118292 1.4500565 1.4490695 1.1254628 1.5685862 2.2779644 
Lcom_lcpid38733                                          0.9899826 1.2663606 1.6999494 1.1223695 1.4537415 1.3656901 1.2321391 1.0873923 1.2473614 1.2397952 1.2648245 1.2431237 1.2239656 1.2356105 1.1430210 1.2338330 1.3838627 0.7657060 0.6910393 1.3710064 1.6149919 1.2780092 1.3966172 1.3332803 1.3596648 1.3353463 1.3512269 1.2626513 1.2831307 1.2125266 1.2953428 1.1984720 1.0653777 1.3309203 1.3444990 0.0000000 0.0370827 1.3910781 1.3311145 1.3825509 1.4770189 1.4700538 1.4845772 1.4532765 1.4489624 2.8349471 1.8950905 1.9713294 1.8820029 1.7131841 1.8026456 1.8715044 1.4216641 1.6082894 1.2284668 1.8156107 1.3177845 1.5638103 2.4623380 
Lcom_lcpid83245                                          2.9369525 1.8528758 1.8538474 4.0196034 1.9837795 1.9643712 1.6650707 4.1576953 1.4437180 1.3529170 1.4007129 1.3701107 1.4467421 1.4393886 1.2613782 1.5246707 1.4078001 1.0157397 0.9824135 1.6378788 1.6149919 1.7443284 1.6345577 1.4073829 1.4721394 1.3931364 2.8048292 1.3240995 1.3416023 1.5699064 1.4611715 1.4943022 1.1371880 1.5830000 1.7142006 0.0370827 0.0000000 1.4750333 1.5866029 2.8935135 1.5820702 1.5944601 1.7023844 1.6873972 1.6750295 2.8349471 2.5574011 3.0033708 2.9066168 2.4015446 2.6472538 2.6362244 1.7280011 2.1177893 1.2019629 1.9060148 2.3534187 1.5638103 2.3904257 
Dgig_XM_028554368.1                                      1.1326528 1.1481428 1.3372731 1.0068357 1.2460208 1.2865386 1.1372735 0.9432587 0.8593051 0.8589975 0.9129017 0.8685584 0.8576606 0.8721338 0.8411265 0.9371897 0.9221423 1.3181031 1.2394663 1.0819548 1.1372998 1.0431724 1.1158220 1.0045543 0.9737768 0.9985402 0.8211462 1.0143001 1.1053230 1.0685833 1.1984543 1.0010321 1.1008292 1.1813587 1.1690104 1.3910781 1.4750333 0.0000000 0.4191043 1.1490278 1.1608893 1.1476922 1.1196784 1.1441450 1.1406119 3.0789125 1.6090649 1.7691288 1.7623790 1.5136569 1.7105561 1.6860587 1.3863802 1.4536360 1.5436747 1.4324080 1.3097626 1.3130905 2.0762589 
Xesp_005292-T1                                           1.2665406 1.2364493 1.3578256 0.9897325 1.3046304 1.3486821 1.1562476 0.9607534 0.9215160 0.9053836 0.9127561 0.9334981 0.9129600 0.9602411 0.9224869 0.9080960 1.0013743 1.2666080 1.2483940 1.2240494 1.3639459 1.0914544 1.0649914 0.9910947 0.9726085 0.9960879 0.9422931 0.9982643 1.1512667 1.0592466 1.1748376 1.0124571 1.0675912 1.1909212 1.1957414 1.3311145 1.5866029 0.4191043 0.0000000 1.1426178 1.1700034 1.1393131 1.1417380 1.1499019 1.1420711 3.3663536 1.6279575 1.7448557 1.6734960 1.3673783 1.5918155 1.6127535 1.4474966 1.3901228 1.3518085 1.5218285 1.3733755 1.3694143 1.9659625 
Chem_TCONS_00064762                                      1.2690765 1.0959360 0.9884907 1.0403163 1.0975866 1.1538838 1.1136967 0.8856991 1.0245503 1.0461720 1.1015923 1.0575647 1.0433404 1.0809055 1.1762519 1.0549619 1.3532745 1.3217520 1.3120489 0.9692051 0.8306519 0.9946518 1.0039524 0.9503724 0.9401363 0.9576906 0.8417152 0.9110242 1.1548927 1.1883439 1.1355324 1.1849360 1.0854089 1.1091768 1.2296937 1.3825509 2.8935135 1.1490278 1.1426178 0.0000000 1.4276007 1.4116316 1.3974431 1.4095517 1.4093568 1.9076484 1.4658680 1.4117723 1.6476608 1.6296669 1.6352110 1.6248033 1.2058446 1.4229555 1.6994065 1.3476633 0.9448183 8.9999989 2.6547462 
HoiH23_PlH23_008338-RA                                   1.3248967 1.2431402 1.2075623 1.1058651 1.3246137 1.2631465 1.1794510 1.1150021 1.1318437 1.1651584 1.1785559 1.1684656 1.1355293 1.1308866 1.1368222 1.1785913 0.9721101 1.4300340 1.4177087 1.0953592 1.1648708 1.1938183 1.2708902 1.2045077 1.2076367 1.2571013 1.1791394 1.1855876 1.1567924 1.1196218 1.2814760 1.0279483 1.1470829 1.2064296 1.3297036 1.4770189 1.5820702 1.1608893 1.1700034 1.4276007 0.0000000 0.0334958 0.0729385 0.2170284 0.2122627 2.5550765 1.8148553 1.9670927 2.0259649 1.8705147 1.9123123 1.9264232 1.2738866 1.4061905 1.7124252 1.2606852 1.2110526 1.4983522 2.5576305 
HoiH06_mRNA3221                                          1.3097123 1.2433069 1.1848570 1.0974642 1.3289929 1.2729560 1.1859116 1.1040229 1.1417458 1.1712347 1.1848181 1.1747229 1.1459287 1.1410073 1.1468088 1.1595084 0.9934647 1.4046632 1.4001975 1.1026256 1.1905899 1.1822555 1.2567398 1.1638473 1.1829741 1.2314996 1.1822451 1.1691963 1.1449209 1.1039570 1.2811708 1.0217379 1.1486431 1.1949258 1.3507005 1.4700538 1.5944601 1.1476922 1.1393131 1.4116316 0.0334958 0.0000000 0.0691007 0.2006555 0.1959894 2.5793218 1.7855477 1.9498832 1.9933149 1.8485842 1.9198302 1.9079683 1.2745876 1.4114980 1.6760722 1.2594589 1.2243652 1.5105491 2.5585806 
HoiH04_mRNA14825                                         1.3195134 1.2407386 1.1743007 1.1035191 1.3406480 1.2956184 1.1885848 1.0731622 1.1279884 1.1564613 1.1941366 1.1839956 1.1262718 1.1347157 1.1334013 1.1375637 0.9843006 1.4423749 1.3988643 1.1253725 1.2283809 1.2021535 1.2828627 1.1785342 1.1801977 1.2223087 1.1872722 1.1573713 1.1536628 1.1138618 1.2804941 1.0331208 1.1266577 1.2011481 1.3443070 1.4845772 1.7023844 1.1196784 1.1417380 1.3974431 0.0729385 0.0691007 0.0000000 0.2064504 0.2018082 2.5213961 1.8349705 1.9713952 1.9871587 1.8809318 1.9323682 1.9540455 1.2642779 1.4118773 1.6488037 1.2470291 1.2479741 1.5766168 2.5929963 
TrH2_TrispH2_000749-RA                                   1.3133856 1.2346946 1.1611222 1.0743123 1.2449710 1.2606145 1.1443765 1.0814657 1.1739426 1.2125334 1.1994687 1.1915618 1.1629732 1.1581711 1.2268914 1.1847766 1.0823521 1.3335750 1.3086246 1.1051051 1.2367836 1.1288246 1.2845283 1.2131146 1.1861304 1.2346971 1.2078098 1.1457901 1.1285699 1.0715238 1.2133156 1.0133461 1.0901861 1.1892769 1.3406465 1.4532765 1.6873972 1.1441450 1.1499019 1.4095517 0.2170284 0.2006555 0.2064504 0.0000000 0.0032711 2.4914113 1.7683400 1.8656256 1.9340616 1.8933051 1.8867025 1.8885939 1.1916442 1.4180933 1.6068798 1.2773453 1.2199813 1.6254026 2.3511786 
Tadh_wf_g9147.t1                                         1.3190043 1.2466459 1.1577005 1.0703237 1.2437928 1.2728687 1.1347655 1.0814657 1.1669209 1.2033024 1.1902912 1.1824429 1.1540553 1.1492302 1.2148448 1.1744042 1.0617076 1.3281123 1.3150951 1.1034092 1.2312710 1.1269503 1.2784291 1.2055638 1.1787486 1.2270080 1.2078098 1.1387563 1.1210453 1.0648392 1.2051883 1.0063861 1.0894116 1.1880065 1.3341359 1.4489624 1.6750295 1.1406119 1.1420711 1.4093568 0.2122627 0.1959894 0.2018082 0.0032711 0.0000000 2.4914113 1.7558678 1.8775975 1.9432837 1.8889900 1.9027692 1.8797010 1.1889127 1.4141497 1.5972219 1.2787226 1.2169136 1.6254026 2.3511786 
Bolinf_Binf_sb1222432                                    0.0000010 3.0179371 2.9103297 0.0000010 3.1096575 2.8910382 2.9356022 0.0000010 2.8046540 2.8544723 2.7138722 2.6703044 2.8520235 2.6576317 2.0824149 3.4266893 3.0993814 3.2145565 2.6645931 3.4136983 3.4136983 2.7770336 4.2745475 3.1224079 3.1009746 3.0381979 0.0000010 3.0560822 2.8005054 3.1017219 3.5181175 3.3772943 3.0579222 3.4259996 3.3101995 2.8349471 2.8349471 3.0789125 3.3663536 1.9076484 2.5550765 2.5793218 2.5213961 2.4914113 2.4914113 0.0000000 0.3847396 0.8111160 0.9145482 0.0000010 1.0406600 1.0988980 3.1361290 3.0336361 3.0674874 2.9566955 4.2371203 2.8105040 4.4093146 
Beraby_Baby_sb340369                                     1.2256887 1.6613794 2.1469496 1.2605467 1.6104234 1.6080556 1.6144807 1.1126099 1.3671445 1.3820663 1.3654885 1.3774522 1.3924221 1.3304870 1.2127660 1.5206255 2.0908564 1.7262730 1.6836211 1.5537973 2.7993924 1.4280211 1.6948380 1.5595147 1.5996129 1.5871845 1.4683884 1.5662416 1.6463765 1.7321869 1.7078783 1.6835353 1.5979911 1.7006117 1.6543685 1.8950905 2.5574011 1.6090649 1.6279575 1.4658680 1.8148553 1.7855477 1.8349705 1.7683400 1.7558678 0.3847396 0.0000000 0.4849244 0.4963870 0.2471186 0.6277814 0.6819633 1.7024778 1.7693495 2.6551570 2.4307021 1.7238973 2.4518383 2.4555192 
Pbac_sb2644969                                           1.4360694 1.8241659 2.5711908 1.4674674 1.8937872 1.8679648 1.8728365 1.1543304 1.6046792 1.6355356 1.6245510 1.5963950 1.6019846 1.5928057 1.4098572 1.7630712 2.6313904 1.8576174 1.8105177 1.7633611 3.1750131 1.6291389 1.8849988 1.8007292 1.7718048 1.7289169 1.3770543 1.7917362 1.7691434 1.8828597 1.8333278 1.7429994 1.7382401 1.7313271 1.7887599 1.9713294 3.0033708 1.7691288 1.7448557 1.4117723 1.9670927 1.9498832 1.9713952 1.8656256 1.8775975 0.8111160 0.4849244 0.0000000 0.0311936 0.3845169 0.6868830 0.7155686 1.8633051 1.8494865 2.5754685 2.4633822 1.8605912 3.6805423 2.4578539 
Horcal_Hcv1.av93.c4.g396.i1                              1.3888201 1.7233073 2.4014385 1.3627038 1.7300245 1.7444864 1.8019840 1.1444312 1.5947750 1.6463403 1.6491690 1.6220012 1.6471338 1.6202826 1.4890149 1.7524626 2.5586316 1.8698244 1.8143505 1.7836716 3.1874952 1.6107584 1.9561068 1.8573129 1.8390871 1.8079665 1.3519130 1.8848192 1.8567523 1.9217170 1.8295374 1.8040739 1.8397576 1.7123344 1.8586443 1.8820029 2.9066168 1.7623790 1.6734960 1.6476608 2.0259649 1.9933149 1.9871587 1.9340616 1.9432837 0.9145482 0.4963870 0.0311936 0.0000000 0.4954173 0.7143344 0.7390502 1.7765243 1.8479117 2.5517269 2.3820120 1.7636285 3.7428809 2.4335869 
Mlei_ML2825.g30.i1                                       1.3817064 1.4436081 1.9197980 1.3930412 1.3793461 1.4596979 1.4814728 1.1158623 1.3435588 1.3563421 1.3671304 1.3511513 1.3738070 1.3854342 1.3933955 1.4346018 1.8847950 1.5644811 1.6071574 1.2598872 1.4679100 1.2545315 1.5272389 1.5850939 1.5843065 1.6014179 1.4468313 1.6274239 1.5805354 1.6802038 1.5414486 1.5524708 1.5213198 1.4385407 1.5155803 1.7131841 2.4015446 1.5136569 1.3673783 1.6296669 1.8705147 1.8485842 1.8809318 1.8933051 1.8889900 0.0000010 0.2471186 0.3845169 0.4954173 0.0000000 0.5808524 0.6973062 1.4987046 1.7833128 2.8548468 2.6054613 1.2906133 0.0000010 2.4487000 
Vmul_Simscaffold14756_01                                 1.3807954 1.6338345 2.2955204 1.2384253 1.6654037 1.6553516 1.6095565 0.8934192 1.6141705 1.6524353 1.6188457 1.6095181 1.6322413 1.6151306 1.5193490 1.6806333 2.2977062 1.7075927 1.5582026 1.6834789 3.2051710 1.5490435 1.8380346 1.8023073 1.7659317 1.7718078 1.2144786 1.7485258 1.7301715 1.8852278 1.6930991 1.7312692 1.6564342 1.7075615 1.6798312 1.8026456 2.6472538 1.7105561 1.5918155 1.6352110 1.9123123 1.9198302 1.9323682 1.8867025 1.9027692 1.0406600 0.6277814 0.6868830 0.7143344 0.5808524 0.0000000 0.3816299 1.7442470 1.8521050 2.4672127 2.3670462 1.7733215 3.4001558 2.4063922 
Coemet_Cmet_C605482_01                                   1.3214653 1.6375780 2.1830139 1.3089098 1.5962645 1.6389465 1.6068833 1.0607975 1.5034250 1.5219590 1.4824516 1.5079668 1.5372645 1.4757908 1.3847703 1.5883051 2.0779952 1.6930500 1.6210190 1.6033446 2.9367775 1.5605584 1.7390929 1.6874990 1.7523725 1.7638290 1.3986921 1.7196178 1.5605310 1.7558248 1.6496286 1.6336297 1.6681155 1.7226926 1.5843161 1.8715044 2.6362244 1.6860587 1.6127535 1.6248033 1.9264232 1.9079683 1.9540455 1.8885939 1.8797010 1.0988980 0.6819633 0.7155686 0.7390502 0.6973062 0.3816299 0.0000000 1.6783462 1.6965932 2.3073921 2.1501965 1.7728970 3.2869415 2.3514797 
Dpul_mRNA9163                                            1.3355784 1.3862810 1.4617977 1.0894922 1.3263765 1.4222522 1.1941769 1.3014427 1.2751248 1.2800731 1.3262473 1.3008239 1.2420312 1.2601772 1.1474342 1.2161503 1.3177102 1.3271303 1.2723575 1.3337491 1.5459605 1.3344008 1.4081792 1.3457771 1.3358413 1.3454468 1.2429890 1.2759249 1.0710179 0.9850023 1.0392360 1.0873090 1.0272535 1.0505192 1.0648053 1.4216641 1.7280011 1.3863802 1.4474966 1.2058446 1.2738866 1.2745876 1.2642779 1.1916442 1.1889127 3.1361290 1.7024778 1.8633051 1.7765243 1.4987046 1.7442470 1.6783462 0.0000000 1.0286177 1.8967611 1.7482409 1.3220954 2.1803323 2.3634147 
Tcas_TC013109_001                                        1.5117424 1.4354932 1.4886748 1.1882075 1.4209824 1.2875406 1.3801295 1.2698250 1.2960564 1.3354630 1.3573857 1.3158647 1.3089432 1.2908522 1.2836199 1.3112477 1.3541188 1.6402381 1.4734984 1.3372382 1.7559134 1.2653190 1.5388414 1.4707714 1.4599577 1.4979253 1.1861129 1.3757644 1.0818005 1.1368799 1.2300816 1.0987107 1.1032371 1.1340718 1.2118292 1.6082894 2.1177893 1.4536360 1.3901228 1.4229555 1.4061905 1.4114980 1.4118773 1.4180933 1.4141497 3.0336361 1.7693495 1.8494865 1.8479117 1.7833128 1.8521050 1.6965932 1.0286177 0.0000000 1.6777480 1.6469853 1.4939062 2.0573882 2.3623479 
Leuniv_Lniv_scaffold16929_01                             2.5722389 1.4638289 1.4750761 1.3102401 1.5146022 1.6332936 1.3777448 0.9558186 1.2925183 1.2932492 1.3004540 1.2826837 1.2341969 1.2459418 1.2133328 1.4749778 1.2305462 0.9162510 0.8780777 1.4918575 1.5263682 1.2644225 1.4826221 1.3763747 1.2763385 1.3336710 1.5175115 1.1220433 1.4100521 1.3805498 1.3100905 1.2684936 1.2543130 1.5830984 1.4500565 1.2284668 1.2019629 1.5436747 1.3518085 1.6994065 1.7124252 1.6760722 1.6488037 1.6068798 1.5972219 3.0674874 2.6551570 2.5754685 2.5517269 2.8548468 2.4672127 2.3073921 1.8967611 1.6777480 0.0000000 1.5580596 1.9105494 1.9063722 2.0248486 
Plespi_Pspi_scaffold7332_01                              0.0000010 1.2728393 1.1849871 0.9045483 1.1047033 1.2088872 1.1348076 1.1996191 1.2192718 1.1652112 1.2394625 1.2463396 1.1592750 1.2042421 1.3130296 1.3678647 1.2662553 1.3763152 1.3831152 1.3873156 1.2980296 1.2342910 1.7843450 1.5720706 1.5716170 1.6440941 1.2497248 1.2765903 1.2265389 1.3297199 1.4414437 1.2067219 1.2535502 1.5246118 1.4490695 1.8156107 1.9060148 1.4324080 1.5218285 1.3476633 1.2606852 1.2594589 1.2470291 1.2773453 1.2787226 2.9566955 2.4307021 2.4633822 2.3820120 2.6054613 2.3670462 2.1501965 1.7482409 1.6469853 1.5580596 0.0000000 1.9644971 2.2142374 3.8517545 
Stycar_maker-SC_scaffold2790-augustus-gene-0.20-mRNA-1   0.4379766 0.7778067 1.2567346 0.5054321 0.9587163 1.0664174 0.6595906 0.5669135 1.0217190 1.0536153 1.0502740 1.0625359 1.0444922 1.0377682 0.9208022 1.1230697 1.5658924 1.1942584 1.1816748 1.2029472 1.9497558 1.0803142 1.2743116 1.1999557 1.2181404 1.2231969 0.6597782 1.1923129 1.1104632 1.1355475 1.1427266 1.1245862 1.1111262 1.2368552 1.1254628 1.3177845 2.3534187 1.3097626 1.3733755 0.9448183 1.2110526 1.2243652 1.2479741 1.2199813 1.2169136 4.2371203 1.7238973 1.8605912 1.7636285 1.2906133 1.7733215 1.7728970 1.3220954 1.4939062 1.9105494 1.9644971 0.0000000 2.8983764 1.6699499 
Chem_TCONS_00064784                                      0.0000010 2.2272751 2.1749991 0.0000010 1.9227457 1.8791261 1.8697120 0.0000010 1.3634132 1.4063598 1.2771931 1.3610434 1.4243690 1.4773880 1.4794349 1.6048610 1.4207909 1.7824102 1.4451917 1.5002736 1.5002736 1.8559519 1.3969896 1.0353567 0.8995166 0.9967591 0.0000010 1.0214205 1.2812722 1.2159297 1.6057665 1.5896119 1.3112571 1.4186663 1.5685862 1.5638103 1.5638103 1.3130905 1.3694143 8.9999989 1.4983522 1.5105491 1.5766168 1.6254026 1.6254026 2.8105040 2.4518383 3.6805423 3.7428809 0.0000010 3.4001558 3.2869415 2.1803323 2.0573882 1.9063722 2.2142374 2.8983764 0.0000000 3.1402676 
Cscu_XM_023358384.1                                      1.6974928 2.0934361 3.2599654 1.7566547 2.4777964 2.3890967 1.9757516 1.4727008 1.9941079 2.0132623 1.9021058 1.9043410 2.0240612 2.0289456 3.9676308 1.8032211 2.1004302 2.4651092 2.6810287 1.9359264 2.7311532 1.6687527 2.5351520 2.7038643 2.5776187 2.5776187 1.3299698 1.8991625 1.9541166 2.2104667 2.2040057 2.4144668 2.2609109 2.3838449 2.2779644 2.4623380 2.3904257 2.0762589 1.9659625 2.6547462 2.5576305 2.5585806 2.5929963 2.3511786 2.3511786 4.4093146 2.4555192 2.4578539 2.4335869 2.4487000 2.4063922 2.3514797 2.3634147 2.3623479 2.0248486 3.8517545 1.6699499 3.1402676 0.0000000 
