92
Vmul_sbMO402217                                        0.0000000 0.0305343 0.5099916 0.8812775 0.8812775 0.8576559 1.9192295 0.0000010 8.9999984 1.7602281 4.6925153 4.6925153 1.8826463 1.8826463 3.0926393 0.0000010 1.3253849 1.3228030 0.0000010 1.3272918 0.0000010 1.4084528 1.1058953 1.4997249 1.6158536 1.2590713 3.5104253 3.6582686 3.8821993 3.9301347 3.5899774 9.0000000 4.1310736 4.1398702 0.0000010 4.8447881 0.0000010 3.0278921 3.1338849 4.3184334 0.0000010 2.5637338 3.7401770 3.1920530 3.2968834 2.6792778 3.5222819 3.5848713 2.4320879 9.0000000 3.0885160 0.0000010 3.1262527 3.1146504 3.3364418 3.5425701 3.4803822 3.9218095 0.0000010 2.9413672 3.6081614 3.6212623 4.0981789 2.5380227 3.5875762 3.5085997 2.2999730 3.4921738 3.4328918 5.1297837 3.8216532 3.7711065 2.9694744 3.0229408 3.7556830 3.5665938 2.5550013 3.2103007 0.0000010 3.7778078 3.6691017 3.0934857 4.0479466 3.4973149 3.8985970 3.4137364 3.4306898 0.0000010 5.2952581 3.8718444 0.0000010 1.2018133 
Mlei_ML0194.g9.i1                                      0.0305343 0.0000000 0.4858088 0.9352008 0.9352008 0.6436947 1.1016299 1.1917907 1.1713092 1.1722056 1.1393613 1.1190352 1.1633525 1.1849267 1.0212314 0.5831295 0.9420318 0.9535277 1.4535170 1.1891855 0.5537483 0.9895752 0.9859562 1.1675604 1.6010985 1.1989740 2.7224866 2.4774308 2.7704206 2.6123975 2.6538856 2.3814246 2.6176155 3.0023153 2.4582506 2.8662210 3.4831896 2.2448167 2.0351270 4.3780221 1.7967139 2.3978922 2.1726114 2.4562737 2.4777623 1.8494987 2.8684405 2.6000832 2.2718024 2.1749753 2.3721788 1.7143891 2.2329161 2.5632776 2.4874130 2.8245359 2.7496451 3.1577616 2.6873324 2.6146009 2.2832379 2.8066322 2.8225809 2.4800202 3.0268520 2.5025071 3.0822418 2.6450412 2.6932269 5.3365069 3.0052502 2.8584417 2.4581349 2.4665232 3.7556830 2.5937433 1.9385083 2.5345860 2.2320252 2.5592330 2.6159413 2.5521553 3.6743067 2.5124775 2.6410262 2.3979257 2.6679701 2.5196623 3.1753261 3.7340718 3.5968028 4.2559254 
Bolinf_Binf_sb1208900                                  0.5099916 0.4858088 0.0000000 1.0642748 1.0642748 0.9808091 1.8728465 0.0000010 8.5894256 2.2902411 5.3066916 5.3066916 1.7978982 1.7978982 2.3310602 0.0000010 1.3600564 1.3451444 0.0000010 1.3275225 0.0000010 1.3891194 1.0742488 1.5264140 1.5315657 1.3178599 3.3925330 3.5689900 3.8338781 3.8237752 3.7851510 9.0000000 3.9861882 4.0938664 0.0000010 4.9237345 0.0000010 3.1677435 3.4026311 5.1869604 0.0000010 2.4441755 3.6412817 3.2063237 3.2882356 2.2517243 3.3174764 3.5518410 2.2545084 9.0000000 3.1277793 0.0000010 3.3528172 3.2712251 3.3669089 3.4813554 3.3711695 3.7743026 0.0000010 3.2840910 3.5458750 3.4320285 3.7400729 2.2963891 3.1897426 3.9816492 2.8258091 3.9802376 3.7064981 4.9297391 3.9728297 3.9121867 3.2823146 3.1254456 2.9681115 3.3196908 3.0145084 2.8134922 0.0000010 3.4745617 4.1544016 3.4598615 4.5253214 3.7098961 3.7667904 3.0428660 3.4488100 0.0000010 4.8458669 3.3193170 0.0000010 0.7868441 
Beraby_Baby_sb349738                                   0.8812775 0.9352008 1.0642748 0.0000000 0.0000010 0.0258469 1.4805418 0.0000010 6.0844158 1.1522225 7.4282155 7.4282155 1.4672262 1.4672262 4.0354313 0.0000010 1.6684679 1.6493689 0.0000010 1.7340229 0.0000010 1.5880356 1.1713797 1.9391710 1.8696607 1.2670413 4.8071368 4.8643033 4.8130519 4.8161604 4.2044231 9.0000000 4.5612672 4.4864625 0.0000010 4.7892444 0.0000010 3.8336834 4.3339930 4.6296125 0.0000010 3.2439949 4.7391810 4.3750712 4.3332679 4.0874230 4.3898323 4.1911440 4.6950493 0.0000010 4.4671398 6.5489269 4.2941749 4.4783570 4.9724483 4.4539207 4.3027866 4.0562740 0.0000010 3.5335650 3.9628860 4.7185739 4.6525272 3.7583012 3.9595294 4.2579957 5.0798064 5.3267815 5.2438008 4.9053563 5.0234691 5.0973643 3.8977427 3.9250128 3.7917788 5.4209950 7.9444513 3.4082142 0.0000010 5.2187626 5.4464291 5.7172335 6.0442815 4.7002534 4.4125220 5.2287680 4.7521948 0.0000010 6.1772851 3.9132337 0.0000010 1.8825145 
Beraby_Baby_sb349737                                   0.8812775 0.9352008 1.0642748 0.0000010 0.0000000 0.0258469 1.4805418 0.0000010 6.0844158 1.1522225 7.4282155 7.4282155 1.4672262 1.4672262 4.0354313 0.0000010 1.6684679 1.6493689 0.0000010 1.7340229 0.0000010 1.5880356 1.1713797 1.9391710 1.8696607 1.2670413 4.8071368 4.8643033 4.8130519 4.8161604 4.2044231 9.0000000 4.5612672 4.4864625 0.0000010 4.7892444 0.0000010 3.8336834 4.3339930 4.6296125 0.0000010 3.2439949 4.7391810 4.3750712 4.3332679 4.0874230 4.3898323 4.1911440 4.6950493 0.0000010 4.4671398 6.5489269 4.2941749 4.4783570 4.9724483 4.4539207 4.3027866 4.0562740 0.0000010 3.5335650 3.9628860 4.7185739 4.6525272 3.7583012 3.9595294 4.2579957 5.0798064 5.3267815 5.2438008 4.9053563 5.0234691 5.0973643 3.8977427 3.9250128 3.7917788 5.4209950 7.9444513 3.4082142 0.0000010 5.2187626 5.4464291 5.7172335 6.0442815 4.7002534 4.4125220 5.2287680 4.7521948 0.0000010 6.1772851 3.9132337 0.0000010 1.8825145 
Beraby_Baby_sb349731                                   0.8576559 0.6436947 0.9808091 0.0258469 0.0258469 0.0000000 1.0802782 1.2549020 1.2139328 1.2134751 1.1725036 1.1699178 1.1252075 1.0520834 1.0159168 0.5384941 1.0775202 1.0775652 1.5575898 1.3556265 0.7349609 1.0597966 1.0581329 1.2242380 1.6122596 1.2803887 3.0845746 2.8829753 3.0048798 2.8121706 2.9772434 2.7954189 2.8779966 3.0987136 2.5715477 2.9175703 4.1123585 2.6064543 2.3011104 4.6296125 1.9183712 2.6249450 2.5626362 2.8824399 2.8783580 2.2120133 3.3457268 2.7847885 2.4593117 2.6436520 2.9040670 1.8730553 2.5460545 2.9690526 2.9133681 3.2981903 3.1149781 3.4037738 2.9243485 2.8349557 2.4821342 3.0966310 3.0499200 2.3159995 2.8698030 2.8879983 3.4914819 2.9357332 3.0221265 4.9053563 3.0555868 2.9069355 2.6489904 2.6395978 3.7917788 2.7306501 2.1364167 2.5509642 2.1753329 2.7706934 2.9212951 2.8701204 4.6152041 3.0021363 2.8175671 2.8623371 3.1588551 2.4520080 3.3923818 3.7468444 3.5674723 4.1301987 
Coemet_Cmet_C605596_01                                 1.9192295 1.1016299 1.8728465 1.4805418 1.4805418 1.0802782 0.0000000 0.1176351 0.1353712 0.1113118 0.1204887 0.2415533 0.1000192 0.1185412 1.1037901 0.5850344 1.2866067 1.3067553 2.1675107 1.5670511 0.7829629 0.8246520 1.5679839 1.6129052 1.7081425 1.6894284 2.8321037 2.8193444 2.9699580 2.8549811 3.0065509 2.7307051 2.9568443 3.2059024 2.8354544 3.1550392 4.0613976 2.7106864 2.4487791 6.7715821 2.0294605 2.5823873 2.4987893 2.7924499 2.7745858 2.1342775 2.9808500 2.7276264 2.6266396 1.7384195 2.5616396 1.8701870 2.4719619 2.7891344 2.8450646 3.1489666 3.0900931 3.2346342 2.9433285 2.9084991 2.5662046 3.1443048 2.9770268 2.3838512 2.8915374 2.8429231 3.1784311 2.7661285 2.8730393 4.0146972 3.0671578 3.0866562 2.5849348 2.5491611 4.9119573 2.8125979 2.3908832 2.7299944 2.6402217 2.8359219 3.1879499 2.9437281 4.0264697 2.8896131 3.1601974 2.7653204 3.3351224 2.6333811 3.4387761 5.1730569 3.4784011 4.4312905 
Coeast_Cast_sb798737                                   0.0000010 1.1917907 0.0000010 0.0000010 0.0000010 1.2549020 0.1176351 0.0000000 0.0118000 0.0051668 0.0192194 3.4449695 0.0192194 3.4449695 1.1030467 0.6285134 1.3433289 1.3612976 2.0540710 1.8768402 1.1603278 0.8765966 3.0758613 9.0000000 0.0000010 0.0000010 2.6942665 2.5538952 2.7292085 2.5424238 2.8006853 2.8817863 2.8550897 9.0000000 2.8922073 3.2036610 4.5081660 2.8688633 2.1646810 0.0000010 2.1123497 2.9517885 1.8228326 2.7830134 2.7830134 1.8693580 8.0879854 2.6099772 2.7102276 1.8966258 9.0000000 2.1599501 2.5415909 3.1258772 3.3047814 3.8791871 3.6275641 3.9537952 3.1646691 3.1198619 2.5674149 3.0559256 2.8525542 2.8174527 2.8989611 3.0788241 3.3096296 2.9407509 3.1861279 0.0000010 3.0720081 3.1165378 2.5217920 2.4693075 0.0000010 2.8371500 2.5666715 2.7517849 2.7430435 2.5765206 3.1764743 2.8708595 0.0000010 2.1098159 3.1469429 3.0389868 3.6658829 2.7439482 4.0128857 2.2716884 3.8778445 5.3684163 
Coeast_Cast_sb798745                                   8.9999984 1.1713092 8.5894256 6.0844158 6.0844158 1.2139328 0.1353712 0.0118000 0.0000000 0.0077656 0.0084927 0.1293512 0.0378884 0.4259643 1.0596666 0.6285134 1.3368098 1.3522953 2.0540710 1.7730433 0.9290788 0.8563794 8.5175724 5.3545923 7.8051523 8.9999986 2.8349823 2.7282752 2.8693239 2.7184612 2.9781263 2.9263853 2.7352599 4.0930418 2.8922073 3.1363656 4.5081660 2.8670159 2.3236053 8.9999981 2.1400497 2.9871853 2.0533605 2.9285900 2.9285900 1.9059842 5.3781163 2.8204630 2.7642505 1.8966258 4.0621595 2.2000512 2.6586587 3.1653922 3.3422274 3.7835830 3.5858205 3.7334720 3.1646691 3.2749045 2.7424157 3.3125459 3.0720585 2.9380784 2.9549668 3.1466687 3.4351853 2.9488369 3.2338249 8.9999986 3.2917986 3.1489394 2.6217236 2.5742557 0.0000010 2.7528653 2.6441557 2.8739858 2.6735319 2.6368659 3.1534740 2.9108505 5.0979761 2.6739456 3.2992958 3.0894251 3.8000275 2.7439482 3.8610948 6.5196144 3.8778445 5.3768602 
Coeast_Cast_sb798748                                   1.7602281 1.1722056 2.2902411 1.1522225 1.1522225 1.2134751 0.1113118 0.0051668 0.0077656 0.0000000 0.0128959 1.9647294 0.0180473 1.5757789 1.0919228 0.6285134 1.3309580 1.3491547 2.0540710 1.9201792 0.8821876 0.8686670 1.8910481 1.4902796 1.8015819 1.1522225 2.6387396 2.4999778 2.6796728 2.4771839 2.7299817 2.8506428 2.8489355 3.5747202 2.9409446 3.1912286 4.5081660 2.8561497 2.0712913 4.7594872 2.0734437 2.9880526 1.6741887 2.7772576 2.7772576 1.5992791 2.2605424 2.6173661 2.6206141 1.9183767 2.9689956 1.9174115 2.2810892 3.0218880 3.0785505 3.7302082 3.3533874 3.8370417 3.1646691 2.9772585 2.2697932 2.9222281 2.7560361 2.6737364 2.8193991 2.8173356 3.3426944 2.7704427 3.0336444 0.4522741 2.9166731 3.1669792 2.5267557 2.4707121 0.0000010 2.7220023 2.3913711 2.6780654 2.8062993 2.4616122 3.1691425 2.8676063 2.3311833 2.0948550 3.1093259 2.9444626 3.6505295 2.7439482 4.0193465 2.3618403 3.8778445 5.5420444 
Coeast_Cast_sb798739                                   4.6925153 1.1393613 5.3066916 7.4282155 7.4282155 1.1725036 0.1204887 0.0192194 0.0084927 0.0128959 0.0000000 0.0161605 0.0323193 0.1903333 0.9716148 0.6285134 1.2877624 1.3009406 2.0540710 1.6427337 0.8150603 0.8416653 1.6470359 1.5232326 4.1163136 8.9999983 2.8780401 2.7684806 2.8624828 2.7300836 3.0304864 2.7851680 2.9244435 3.1109930 2.8922073 3.0323466 4.5081660 2.7187119 2.2359087 9.0000000 2.1233435 2.8025246 2.1404929 2.8052312 2.8052312 1.9700935 2.5529729 2.5882129 2.5985221 1.8514061 2.7242135 1.9840038 2.5481136 3.0096763 3.0618951 3.4042492 3.3221028 3.4157820 3.1646691 3.0817365 2.5690207 3.1821819 2.9979888 2.5121738 2.9352766 2.9049400 3.3594923 2.7951777 3.0476780 8.9999984 3.0790195 2.9591160 2.4466732 2.3979773 9.0000000 2.5929941 2.4384628 2.6610543 2.6735319 2.5629568 3.1130441 2.9223832 7.3944499 2.5766672 3.0941469 2.7098688 3.6471250 2.7439482 3.4915340 7.9791671 3.8778445 5.3387298 
Coeast_Cast_sb798741                                   4.6925153 1.1190352 5.3066916 7.4282155 7.4282155 1.1699178 0.2415533 3.4449695 0.1293512 1.9647294 0.0161605 0.0000000 0.1903333 0.1592431 0.7508397 0.0000010 1.3175363 1.3175363 9.0000000 1.3053770 0.6568130 0.8948168 1.5948242 1.5232326 4.1163136 8.9999983 3.6958522 3.5963389 3.4821009 3.4821009 4.1199888 2.4374172 3.2862527 3.1109930 9.0000000 2.6646276 9.0000000 2.5678122 2.6580505 9.0000000 2.9741583 2.6977406 2.9471797 3.2649127 3.2649127 2.4118328 2.4576910 2.8576702 2.6055180 0.7624923 2.7242135 1.8718889 2.9812995 3.0731485 2.9263050 2.9499845 3.0945304 2.0625363 9.0000000 3.5465235 2.8547315 4.1836461 3.9064264 2.3630830 3.6903842 2.8991521 8.9999984 2.8758572 3.1624116 8.9999984 3.4730696 2.9202857 2.3570188 2.3206922 9.0000000 2.3268064 2.5741074 2.6757807 1.8660275 2.8011470 3.4482280 3.6939328 7.3944499 2.9792766 3.2182252 2.0392923 3.9361796 9.0000000 2.7842778 9.0000000 9.0000000 4.4885746 
Coeast_Cast_sb798740                                   1.8826463 1.1633525 1.7978982 1.4672262 1.4672262 1.1252075 0.1000192 0.0192194 0.0378884 0.0180473 0.0323193 0.1903333 0.0000000 0.0080133 1.1589703 0.6285134 1.3187824 1.3360724 2.0540710 1.6081047 0.8150603 0.8511993 1.5296761 1.6455326 1.6661485 1.6587034 2.9541110 2.9278272 3.0751527 2.9733787 3.1160837 2.8390705 3.1261964 3.2949205 2.8922073 3.1601835 4.5081660 2.8812787 2.5582401 7.5042775 2.1233435 2.7479666 2.6160458 2.8890142 2.8799555 2.2520736 3.0838309 2.8077203 2.6113612 1.8514061 2.7352709 1.9840038 2.5897493 2.9323922 2.9964623 3.3404688 3.3020371 3.3913074 3.1646691 3.0137102 2.6797263 3.3139193 3.1543842 2.5398820 2.8953381 2.9346542 3.3507799 2.8161386 2.9651116 3.6924404 3.2216173 3.0680220 2.6300728 2.5866769 4.7555697 2.7689823 2.4673249 2.8282849 2.6735319 2.9341643 3.3114809 3.0125263 4.3724384 2.8054969 3.2231536 2.8027126 3.5623141 2.7439482 3.6497184 4.7277593 3.8778445 4.7631323 
Coeast_Cast_sb798731                                   1.8826463 1.1849267 1.7978982 1.4672262 1.4672262 1.0520834 0.1185412 3.4449695 0.4259643 1.5757789 0.1903333 0.1592431 0.0080133 0.0000000 1.5182220 0.0000010 1.3886394 1.4056092 9.0000000 1.3836653 0.6568130 0.8949600 1.5078319 1.6455326 1.6661485 1.6587034 3.5121549 3.6307248 3.8444035 3.8271490 3.8243059 2.8363625 3.8269709 3.2949205 9.0000000 3.2410605 9.0000000 3.0616173 3.1886434 7.5042775 2.9741583 2.5372727 3.5080790 3.2768960 3.2474098 2.8370597 3.0460744 3.3832193 2.6486805 0.7624923 2.7352709 1.8718889 2.8711443 2.8440396 2.8390247 3.0431723 3.1529672 2.7007681 9.0000000 3.1341242 2.9331753 4.0783225 3.9465265 2.4644779 3.1914637 2.9780196 8.7962795 2.8919350 2.8972836 3.6924404 3.6768627 3.2276034 2.9066113 2.8813168 4.7555697 2.9018353 2.6544616 3.1510168 1.8660275 3.3783101 3.8243223 3.5618478 4.3724384 3.0724206 3.5094701 2.5666081 3.5597252 9.0000000 3.3573609 5.3254934 9.0000000 1.6514550 
Lampan_Lpan_13043_01                                   3.0926393 1.0212314 2.3310602 4.0354313 4.0354313 1.0159168 1.1037901 1.1030467 1.0596666 1.0919228 0.9716148 0.7508397 1.1589703 1.5182220 0.0000000 0.5550855 1.2165287 1.2244201 1.3216916 1.5243213 0.8482247 1.1113184 1.9917291 1.6629078 2.8754753 7.6213276 2.6744572 2.5223677 2.6368987 2.4585812 2.8386878 2.6853662 2.6737825 2.8068313 2.8750452 3.0874807 3.2172875 2.4142111 1.8797324 5.1954689 1.7637641 2.7597311 1.9916935 2.8842331 2.8842331 2.1871455 2.9313033 2.4767647 2.3291164 1.5552899 2.5175300 2.0091105 2.2863940 2.7443908 2.6275911 2.8045050 2.8227083 3.1823331 2.7481872 2.8502129 2.0724538 2.9534533 2.7272174 2.5596496 2.7562216 2.6179424 3.1034232 2.6472604 2.6548095 7.0347349 2.9269615 2.8726007 2.4985989 2.4825928 4.7314313 2.4961788 2.3016869 2.6858264 2.5359469 2.3550106 2.7285932 2.8032591 4.4695519 2.7265381 2.5430390 2.4964096 2.8629482 2.7084364 2.9897073 4.4088448 3.5033364 5.0291331 
Mertsp_Mesp_sb535446                                   0.0000010 0.5831295 0.0000010 0.0000010 0.0000010 0.5384941 0.5850344 0.6285134 0.6285134 0.6285134 0.6285134 0.0000010 0.6285134 0.0000010 0.5550855 0.0000000 0.7510336 0.7421682 1.8023695 1.3054987 0.6491123 0.7348067 2.7896366 0.0000010 0.0000010 0.0000010 2.1785478 2.2172767 2.2367108 2.2330599 2.2034486 2.1964285 2.1964285 0.0000010 1.8532788 1.9069913 2.8256520 1.7619657 1.6548978 0.0000010 1.6548978 2.0042752 1.5955113 1.7310768 1.7310768 1.6578556 2.6353531 1.8400697 1.7472695 1.5413805 0.0000010 1.7504122 1.9199921 1.9776446 1.9579900 1.5967907 1.9995558 2.9748588 1.9341597 1.8782365 1.9055229 1.8133047 1.6924136 1.9779392 2.1528617 1.6912950 2.1408067 1.9364832 2.0018192 0.0000010 2.0011804 2.2109015 1.8645444 1.8645444 0.0000010 1.9580462 1.8772762 1.9459219 1.8427604 2.2671803 2.1706135 2.0827471 0.0000010 1.7944781 2.0974653 1.6050413 2.1500547 1.7841613 2.5978462 3.9467508 2.1732023 2.6102875 
Horcal_Hcv1.av93.c11.g667.i1                           1.3253849 0.9420318 1.3600564 1.6684679 1.6684679 1.0775202 1.2866067 1.3433289 1.3368098 1.3309580 1.2877624 1.3175363 1.3187824 1.3886394 1.2165287 0.7510336 0.0000000 0.0231202 0.0997565 0.1398768 0.6238047 1.1924257 1.4623113 0.0893881 1.8311205 1.5122492 2.8473887 2.7311016 2.8203558 2.7526037 2.8972955 2.7043837 2.8858155 3.0726040 2.7893929 3.2420144 3.5169644 2.4687548 2.1297744 4.9338601 1.8563579 2.4729639 2.1829841 2.6659433 2.6659433 1.9682287 3.0188536 2.8021167 2.5001082 1.6289171 2.6327849 1.8730425 2.4336585 2.7945495 2.8074676 2.8463000 2.8288594 3.0862234 2.7951662 2.7246677 2.3252799 2.9858223 2.9885962 2.4127201 2.9036168 2.6986949 2.9075402 2.7970240 2.7557273 8.4490093 2.6971979 2.8098044 2.6741907 2.6354773 6.6424311 2.6704962 2.2817649 2.6658675 2.4449724 2.5646763 2.6392579 2.6831060 3.8148035 2.7359199 2.7826482 2.5407771 3.2108463 2.8679869 3.4368654 4.0901284 3.5858916 3.3022073 
Horcal_Hcv1.av93.c11.g667.i2                           1.3228030 0.9535277 1.3451444 1.6493689 1.6493689 1.0775652 1.3067553 1.3612976 1.3522953 1.3491547 1.3009406 1.3175363 1.3360724 1.4056092 1.2244201 0.7421682 0.0231202 0.0000000 0.0992550 0.1431419 0.6426370 1.1998410 1.4024454 0.0832211 1.9256867 1.5332464 2.8428544 2.7171000 2.8180452 2.7388172 2.9190350 2.7314891 2.9033940 3.0726040 2.7501202 3.2168778 3.4337030 2.4373684 2.1317335 4.8016871 1.8723499 2.4919223 2.1759409 2.6876499 2.6876499 1.9866042 3.0123264 2.8540892 2.4691124 1.6380762 2.6447356 1.8718210 2.4188255 2.7806506 2.8213020 2.8093285 2.8388815 3.0987863 2.7450908 2.7445136 2.3415884 2.9706960 2.9685544 2.4164001 2.8991073 2.6520699 2.8255165 2.8155938 2.7771354 8.2547508 2.6619574 2.8018043 2.6760571 2.6370434 6.4706902 2.6663883 2.2627471 2.6327302 2.3614301 2.5755805 2.6378797 2.6886019 3.7050155 2.6619346 2.7641565 2.5295117 3.1664465 2.8574892 3.4082339 4.0222961 3.5326561 3.0807315 
Pbac_sb2645981                                         0.0000010 1.4535170 0.0000010 0.0000010 0.0000010 1.5575898 2.1675107 2.0540710 2.0540710 2.0540710 2.0540710 9.0000000 2.0540710 9.0000000 1.3216916 1.8023695 0.0997565 0.0992550 0.0000000 0.7078332 0.0000010 2.2567514 0.0000010 0.0000010 0.0000010 0.0000010 2.2795730 2.2546827 2.2027924 2.2027924 2.5969923 2.5232404 2.5232404 0.0000010 4.0229272 4.0229272 2.4734751 2.7170724 2.6225281 0.0000010 2.6225281 2.8280028 0.0000010 3.1186855 3.1186855 0.0000010 0.0000010 2.7983252 2.3800098 2.1438093 0.0000010 2.2335080 2.8536179 2.8027703 2.7030655 1.5809712 2.8660313 2.8261034 2.3601233 3.0807541 3.7750864 3.4444657 3.1332361 5.9519082 2.3252980 2.3128916 2.7498822 2.3827562 2.5663661 0.0000010 2.7349859 2.5961749 2.5682324 2.5249179 0.0000010 3.0093590 3.7415390 2.6129898 2.6532083 9.0000000 2.8474994 2.6562201 0.0000010 0.0000010 2.4275950 2.1098348 3.2913480 3.0943343 2.6939053 0.0000010 2.4109359 1.5222046 
Pbac_sb2643583                                         1.3272918 1.1891855 1.3275225 1.7340229 1.7340229 1.3556265 1.5670511 1.8768402 1.7730433 1.9201792 1.6427337 1.3053770 1.6081047 1.3836653 1.5243213 1.3054987 0.1398768 0.1431419 0.7078332 0.0000000 0.6238047 1.4703688 1.4527168 0.0726512 1.9844939 1.6203821 3.4897578 3.4184369 3.4848787 3.4909174 3.6090002 3.4373436 3.5790194 3.0152635 3.6246376 3.9257855 4.4631418 2.8391577 2.5188423 4.8464937 2.5166331 3.0559303 2.4345298 3.1704994 3.1704994 2.1376179 3.0320361 3.3266658 3.1895041 3.3735051 2.5647718 2.4728317 2.8675629 3.2997392 3.2579933 3.0900263 3.1695183 3.3944232 3.8685739 3.2088823 2.5008589 3.4600247 3.4899592 2.8477380 3.3935182 3.0888455 3.9392318 3.2781519 3.1431332 7.1662378 2.9550775 3.3602758 3.1802038 3.1289046 6.0582200 3.1213875 2.7521707 3.3056712 3.3615693 2.8598787 3.2190593 3.1964307 3.7471098 2.6908195 3.4217538 3.1052570 3.7193555 4.4868533 3.9000258 4.4865923 4.7480045 3.3662577 
Drygla_Dgla_sb281891                                   0.0000010 0.5537483 0.0000010 0.0000010 0.0000010 0.7349609 0.7829629 1.1603278 0.9290788 0.8821876 0.8150603 0.6568130 0.8150603 0.6568130 0.8482247 0.6491123 0.6238047 0.6426370 0.0000010 0.6238047 0.0000000 0.8586137 0.6077097 0.3858366 0.0000010 0.0000010 2.4128001 2.4263067 2.5150530 2.5150530 2.4714458 2.3397920 1.8407612 1.6079325 1.7422209 1.7180733 0.0000010 1.8441170 1.8041198 0.0000010 2.1668020 2.0613405 1.6896076 1.7559022 1.7559022 1.7341735 2.2425471 2.1527557 2.1722480 2.0941071 1.7779257 2.1494392 2.2460226 2.3820273 2.3791545 2.1501033 2.3339824 1.7312339 2.4895780 2.5929042 1.9367954 2.2361231 2.3601350 2.0493262 2.4958566 2.1424199 4.7911121 1.8612305 2.0794424 0.0000010 2.4615301 1.8761828 1.7758113 1.7758113 0.0000010 1.8225240 2.0590364 2.0321893 1.8291140 1.9738766 1.7491878 1.8569553 0.0000010 1.7683845 2.0971981 2.1089931 2.2038618 3.2013675 1.7944235 9.0000000 0.8693636 9.0000000 
Vmul_Simscaffold15260_01                               1.4084528 0.9895752 1.3891194 1.5880356 1.5880356 1.0597966 0.8246520 0.8765966 0.8563794 0.8686670 0.8416653 0.8948168 0.8511993 0.8949600 1.1113184 0.7348067 1.1924257 1.1998410 2.2567514 1.4703688 0.8586137 0.0000000 1.3712152 1.1490217 1.3832622 1.4215130 3.1217709 2.9157364 3.1524220 2.8954836 3.1240906 2.9701969 3.2381006 2.4843081 2.9252525 3.0566737 3.8145459 2.6828458 2.2185716 4.8408497 1.9959643 2.9472428 2.4350300 2.8576258 2.8576258 2.0359217 2.8215526 2.7878452 2.5817080 1.8547589 2.3543904 1.9570810 2.4631893 2.7982817 2.7007352 2.9717579 2.9339065 3.1395432 3.1693366 2.8603893 2.4674314 3.3286751 2.9478663 2.5643031 2.9502405 2.8366244 3.3730152 2.8892045 2.9760530 4.6970723 3.0256289 2.9111383 2.5249202 2.4821995 4.1677656 2.8130888 2.2338048 2.7565022 2.7782964 2.5552811 3.0490317 2.9608992 3.6416527 2.7701550 2.7625314 2.5788804 3.0336227 3.1836678 3.3306219 3.7296770 3.7697200 5.0247420 
Drygla_Dgla_sb296510                                   1.1058953 0.9859562 1.0742488 1.1713797 1.1713797 1.0581329 1.5679839 3.0758613 8.5175724 1.8910481 1.6470359 1.5948242 1.5296761 1.5078319 1.9917291 2.7896366 1.4623113 1.4024454 0.0000010 1.4527168 0.6077097 1.3712152 0.0000000 1.3787106 1.7138542 1.1996622 2.9006815 2.9158521 3.0400883 3.0225268 2.9115273 2.4778284 3.1215963 2.9034777 8.1191557 3.6892886 0.0000010 2.5913901 3.0898538 5.6000953 3.1631510 1.6576556 2.9417698 2.7190700 2.7201345 2.0367481 2.4390952 2.6982623 1.8984045 3.0904146 2.8291275 0.9458858 2.6858658 2.5641646 2.5468856 2.8580500 2.8597056 3.0440542 0.9875713 2.3220199 2.5105855 3.0065247 2.8894617 2.0019401 2.5957110 2.6950885 3.0377533 2.5900359 2.7568531 5.7307944 2.7682898 2.8924457 2.8380208 2.7877663 5.3830990 3.0869500 1.5549141 2.4718395 2.8488273 3.0964457 3.0743493 2.9367668 4.0018007 2.9698044 3.1583484 2.5563615 3.2890276 5.1818543 3.3270498 3.7748277 0.0000010 1.5500033 
Pbac_sb2649798                                         1.4997249 1.1675604 1.5264140 1.9391710 1.9391710 1.2242380 1.6129052 9.0000000 5.3545923 1.4902796 1.5232326 1.5232326 1.6455326 1.6455326 1.6629078 0.0000010 0.0893881 0.0832211 0.0000010 0.0726512 0.3858366 1.1490217 1.3787106 0.0000000 2.2126423 1.8240522 3.1993378 3.3042184 3.2971710 3.2757520 3.2743094 1.0251777 4.1662247 2.9924619 0.0000010 3.4540057 0.0000010 2.6143462 2.8464051 5.5447359 0.0000010 1.9032264 3.2571228 2.6842995 2.6520618 2.2824415 2.8765148 3.5337632 1.8414016 0.7624923 2.6419579 0.6066753 2.7235699 2.5802758 2.7062553 2.7516073 2.8057658 3.0259361 0.0000010 2.0920797 2.4204871 3.0435430 3.0993930 2.0648236 3.0490731 3.0753537 2.6753034 3.2786695 2.9773013 7.6712368 2.9108438 3.1154426 2.8055703 2.7330170 5.9659236 2.7079999 1.6099646 2.5405358 0.0000010 3.1890633 3.0530134 2.6928391 4.0843499 3.1777392 3.2040313 2.6098781 3.3444216 0.0000010 3.5408372 4.0863561 0.0000010 1.6596115 
Eupdun_Edun_sb10638891                                 1.6158536 1.6010985 1.5315657 1.8696607 1.8696607 1.6122596 1.7081425 0.0000010 7.8051523 1.8015819 4.1163136 4.1163136 1.6661485 1.6661485 2.8754753 0.0000010 1.8311205 1.9256867 0.0000010 1.9844939 0.0000010 1.3832622 1.7138542 2.2126423 0.0000000 1.7949963 3.3226351 3.3190290 3.5874446 3.5165502 3.2552372 8.8871880 3.3326960 3.7023188 0.0000010 4.5394699 0.0000010 2.8785696 3.5417998 5.2483173 0.0000010 2.6535496 3.7911833 3.4922161 3.3871073 2.9239582 3.6130701 3.8551478 2.0069618 0.7624923 3.3452947 0.0000010 3.3973553 3.0272420 3.0115564 3.2972547 3.3475033 4.3435261 0.0000010 2.9992301 3.1860831 3.9384531 3.7492295 2.4150453 2.7814875 2.9715409 3.7022323 2.9612980 3.0768579 5.7292335 3.8398734 3.4582649 3.1421026 3.1965372 3.2755415 3.9206193 2.9477203 2.6011030 0.0000010 2.9935285 3.8398892 3.1700259 3.4572256 3.9859805 3.0689494 2.8593983 3.2144819 0.0000010 5.2485747 4.7871749 0.0000010 1.5359293 
Mertsp_Mesp_sb553937                                   1.2590713 1.1989740 1.3178599 1.2670413 1.2670413 1.2803887 1.6894284 0.0000010 8.9999986 1.1522225 8.9999983 8.9999983 1.6587034 1.6587034 7.6213276 0.0000010 1.5122492 1.5332464 0.0000010 1.6203821 0.0000010 1.4215130 1.1996622 1.8240522 1.7949963 0.0000000 4.4759354 4.4052833 4.4996091 4.5027674 4.2631628 9.0000000 4.3626933 4.4001574 0.0000010 4.7389880 0.0000010 3.3943329 3.9088150 5.3834474 0.0000010 2.4287585 4.1980814 3.9061248 3.9663639 2.8496106 3.9179980 4.5818783 2.8910594 0.0000010 3.1781459 0.0000010 3.6253639 3.5320716 3.6753116 3.1913019 3.1485158 3.2338084 0.0000010 3.6182261 3.2891997 3.9617359 3.4988396 2.7183850 3.9756820 4.0067268 3.1996805 3.7562730 3.9724685 6.0058718 4.5538675 5.1033534 4.4809354 4.4724932 5.0212619 4.8848747 2.5792298 3.5312042 0.0000010 3.4899361 4.2292101 4.4252820 4.2266525 4.5892898 4.8857087 3.9108466 4.4399306 0.0000010 7.0625942 4.1699170 0.0000010 1.4868718 
HoiH23_PlH23_001324-RA                                 3.5104253 2.7224866 3.3925330 4.8071368 4.8071368 3.0845746 2.8321037 2.6942665 2.8349823 2.6387396 2.8780401 3.6958522 2.9541110 3.5121549 2.6744572 2.1785478 2.8473887 2.8428544 2.2795730 3.4897578 2.4128001 3.1217709 2.9006815 3.1993378 3.3226351 4.4759354 0.0000000 0.0539177 0.1385767 0.1570072 0.1798833 0.2998585 0.3329956 2.0708358 1.7634727 2.1511607 1.8400155 1.7872520 1.7135906 3.1805160 1.4910603 1.8116805 1.4706386 1.8520417 1.8646865 1.4210592 1.8565590 1.9484252 1.9069130 1.8266679 1.4077969 1.3894882 1.5399997 1.6108952 1.6404323 1.7500118 1.6832978 1.8104408 1.5726237 1.6379816 1.4647823 1.9517859 1.8875220 1.8838400 1.9163246 1.7339634 1.9304392 1.8967192 1.8786468 2.8115635 1.9674914 1.8152978 1.6973389 1.7198972 1.5717088 1.9103790 1.9230521 1.6826323 1.6858640 1.7584817 2.0063905 1.8611524 2.2138457 1.8237814 1.8772065 1.7899110 2.1982308 1.8557841 1.8462003 2.3920778 1.8958121 1.6627710 
HoiH06_mRNA13712                                       3.6582686 2.4774308 3.5689900 4.8643033 4.8643033 2.8829753 2.8193444 2.5538952 2.7282752 2.4999778 2.7684806 3.5963389 2.9278272 3.6307248 2.5223677 2.2172767 2.7311016 2.7171000 2.2546827 3.4184369 2.4263067 2.9157364 2.9158521 3.3042184 3.3190290 4.4052833 0.0539177 0.0000000 0.1349405 0.1351666 0.1847118 0.3276075 0.3570999 2.1076451 1.8212668 2.0751368 1.8858643 1.7719311 1.7136314 3.2556312 1.4645827 1.7422299 1.4506201 1.8171119 1.8311625 1.4124526 1.8885089 1.9688949 1.7673060 1.9404064 1.4345362 1.3888099 1.5368227 1.5750079 1.5974723 1.5723220 1.6123567 1.7591338 1.5442723 1.6144066 1.4927907 1.9678693 1.8819141 1.7897503 1.8737369 1.6918529 1.9410867 1.8429134 1.8296055 2.8218042 2.0195681 1.7714419 1.6888458 1.6925267 1.6347169 1.9785413 1.9246367 1.6808187 1.6263712 1.7582286 1.9796673 1.9381602 2.2528939 1.8057974 1.8405559 1.8231382 2.1602206 1.9270539 1.9208573 2.4508770 2.1878953 1.9842937 
Hhon_g06310.t1                                         3.8821993 2.7704206 3.8338781 4.8130519 4.8130519 3.0048798 2.9699580 2.7292085 2.8693239 2.6796728 2.8624828 3.4821009 3.0751527 3.8444035 2.6368987 2.2367108 2.8203558 2.8180452 2.2027924 3.4848787 2.5150530 3.1524220 3.0400883 3.2971710 3.5874446 4.4996091 0.1385767 0.1349405 0.0000000 0.0219252 0.2041013 0.3052889 0.3279789 2.0406942 1.7689659 2.1494800 1.8284915 1.7726369 1.6866604 3.1887530 1.4714127 1.8695913 1.4506977 1.8836197 1.8905762 1.5068341 1.8497505 2.0361596 1.9221493 1.8192479 1.4792788 1.4343943 1.5624452 1.6105153 1.6487251 1.6956885 1.6576306 1.8068420 1.5496690 1.6888553 1.5228074 1.8888354 1.9377315 1.9389010 1.9501743 1.7415072 1.8756011 1.8682655 1.9075186 3.0544524 1.9072838 1.8565493 1.7684331 1.7831288 1.6694606 1.9713819 1.9580349 1.7086391 1.6813084 1.8427539 1.9726529 1.9392941 2.1499318 1.8757021 1.8855970 1.8469031 2.2240542 1.7370994 1.7546249 2.3002873 1.8630338 1.6257120 
HoiH04_mRNA17686                                       3.9301347 2.6123975 3.8237752 4.8161604 4.8161604 2.8121706 2.8549811 2.5424238 2.7184612 2.4771839 2.7300836 3.4821009 2.9733787 3.8271490 2.4585812 2.2330599 2.7526037 2.7388172 2.2027924 3.4909174 2.5150530 2.8954836 3.0225268 3.2757520 3.5165502 4.5027674 0.1570072 0.1351666 0.0219252 0.0000000 0.2157345 0.3464226 0.3611978 2.0311692 1.8952160 2.1242624 2.1010588 1.8395660 1.6810741 3.1738949 1.4654781 1.8323152 1.4380649 1.8740857 1.8818547 1.5022317 1.8582134 2.0756651 1.8232818 1.9781319 1.4707513 1.4289797 1.5629127 1.6290355 1.6034947 1.5798599 1.6264629 1.8549371 1.5601883 1.6548535 1.5202786 1.9880566 1.9212284 1.8995553 1.9578581 1.7687420 2.0477543 1.8979530 1.9317258 3.0258755 2.0381640 1.8906137 1.8038509 1.7983335 1.6694606 2.0492120 1.9712401 1.6894351 1.6361450 1.8336553 1.9358354 1.9617135 2.1746058 1.8667914 1.8619650 1.8862321 2.2546941 1.7793831 1.8916771 2.2902376 2.1663895 2.1654016 
HoiH11_mRNA3503                                        3.5899774 2.6538856 3.7851510 4.2044231 4.2044231 2.9772434 3.0065509 2.8006853 2.9781263 2.7299817 3.0304864 4.1199888 3.1160837 3.8243059 2.8386878 2.2034486 2.8972955 2.9190350 2.5969923 3.6090002 2.4714458 3.1240906 2.9115273 3.2743094 3.2552372 4.2631628 0.1798833 0.1847118 0.2041013 0.2157345 0.0000000 0.2789445 0.2986019 2.1239219 1.8182505 2.2551927 2.0979930 1.8202655 1.7048465 3.3627187 1.4519644 1.7722414 1.3727335 1.8076273 1.8174920 1.4259076 1.8291171 1.9868136 1.9336319 1.7981718 1.4897649 1.3268874 1.5369189 1.6024209 1.5893489 1.7466252 1.6731604 1.7820524 1.4977532 1.6271457 1.4432937 1.9372739 1.9812217 1.8069169 1.8485564 1.7264213 1.8866459 1.9027551 1.9146990 2.9156220 1.9124458 1.8379706 1.7847267 1.8081182 1.7685807 1.9147178 1.9018580 1.7731210 1.6761394 1.7807939 1.9477904 1.9543191 2.3104600 1.9524156 1.9296940 1.7961238 2.1782919 1.8592884 1.8321450 2.3762209 1.9758002 1.8978818 
TrH2_TrispH2_004868-RA                                 9.0000000 2.3814246 9.0000000 9.0000000 9.0000000 2.7954189 2.7307051 2.8817863 2.9263853 2.8506428 2.7851680 2.4374172 2.8390705 2.8363625 2.6853662 2.1964285 2.7043837 2.7314891 2.5232404 3.4373436 2.3397920 2.9701969 2.4778284 1.0251777 8.8871880 9.0000000 0.2998585 0.3276075 0.3052889 0.3464226 0.2789445 0.0000000 0.0081964 1.9542604 1.7070496 2.0173840 1.9023057 1.5881898 1.4591888 1.7543693 1.5241659 1.9852498 1.1274046 1.8040297 1.8040297 1.3000290 1.3335985 1.8971342 1.9941165 1.7434379 1.0828230 1.4085627 1.5378615 1.6007994 1.5744515 1.8800727 1.6650943 1.7464719 1.4964544 1.6995562 1.6317882 1.6862564 1.8302463 1.7958672 1.7757232 1.7257976 1.7525990 1.8921164 1.8973653 1.4184883 1.8487087 1.7432408 1.6859658 1.6851086 0.0000010 1.8031281 1.7945800 1.6979052 1.5749818 1.6467297 1.8902746 1.7274538 2.3119082 1.6428780 1.8475713 1.6880453 2.2078968 1.7262672 1.7663396 1.5431414 1.8116951 1.7320134 
Tadh_TriadT55003                                       4.1310736 2.6176155 3.9861882 4.5612672 4.5612672 2.8779966 2.9568443 2.8550897 2.7352599 2.8489355 2.9244435 3.2862527 3.1261964 3.8269709 2.6737825 2.1964285 2.8858155 2.9033940 2.5232404 3.5790194 1.8407612 3.2381006 3.1215963 4.1662247 3.3326960 4.3626933 0.3329956 0.3570999 0.3279789 0.3611978 0.2986019 0.0081964 0.0000000 1.9205629 1.7138415 2.0905503 1.9197383 1.6565598 1.5770269 2.2370547 1.3700922 1.7180882 1.4355176 1.8532171 1.8578133 1.3799990 1.8711921 1.9861391 1.8843294 1.7734657 1.7778781 1.2487645 1.5582359 1.5930347 1.5882598 1.7868805 1.6524552 1.9443940 1.4889912 1.6326369 1.5474827 1.7648466 1.8222716 1.5015972 1.7273709 1.6101691 1.7794568 1.8233351 1.8308887 3.7054059 1.7805850 1.7907820 1.6745895 1.6783790 1.8370892 1.8775789 1.7492762 1.6368214 1.5663856 1.7188192 1.8894435 1.8981919 2.6916181 1.8185434 1.8735462 1.7095224 2.1257913 1.7349560 1.7522232 2.8837510 1.8381505 1.6881117 
Opea_EP00118_Oscarella_pearsei_P015789                 4.1398702 3.0023153 4.0938664 4.4864625 4.4864625 3.0987136 3.2059024 9.0000000 4.0930418 3.5747202 3.1109930 3.1109930 3.2949205 3.2949205 2.8068313 0.0000010 3.0726040 3.0726040 0.0000010 3.0152635 1.6079325 2.4843081 2.9034777 2.9924619 3.7023188 4.4001574 2.0708358 2.1076451 2.0406942 2.0311692 2.1239219 1.9542604 1.9205629 0.0000000 0.0000010 0.1501805 0.0000010 1.4036753 1.4380202 2.3920318 1.6404363 1.1441956 1.6411528 1.7167072 1.7167072 1.4706328 1.4856528 1.8654915 1.2469874 9.0000000 1.5455191 0.8057105 1.3031005 1.4747805 1.5238193 1.6124671 1.5441618 1.9786013 0.0000010 1.4595808 1.5303984 1.7190691 1.6710775 1.6290137 2.0344666 1.7093933 4.8952335 2.0595347 1.9555689 3.9163176 2.0385001 1.6525495 1.8499152 1.8481003 2.4054584 1.9532787 1.1368357 1.6853677 0.0000010 1.9169924 1.9173083 2.0097022 2.3324562 2.2203490 1.9608389 1.8633693 1.9334945 0.0000010 1.9804616 2.7453852 0.0000010 1.3608016 
Opea_EP00118_Oscarella_pearsei_P015792                 0.0000010 2.4582506 0.0000010 0.0000010 0.0000010 2.5715477 2.8354544 2.8922073 2.8922073 2.9409446 2.8922073 9.0000000 2.8922073 9.0000000 2.8750452 1.8532788 2.7893929 2.7501202 4.0229272 3.6246376 1.7422209 2.9252525 8.1191557 0.0000010 0.0000010 0.0000010 1.7634727 1.8212668 1.7689659 1.8952160 1.8182505 1.7070496 1.7138415 0.0000010 0.0000000 0.0960965 2.0441233 1.8489623 1.5017741 0.0000010 1.5017741 2.0981545 1.1053499 2.1125885 2.1125885 1.2023797 2.1051434 1.9009032 1.9091390 2.3843387 0.0000010 1.5041029 1.5687552 1.7040826 1.7668782 1.9021971 1.8199266 2.0770982 1.6995976 1.6554223 1.4370749 1.7366408 1.9125940 1.8121220 1.9306329 1.8457957 1.9728221 1.9800428 1.9325726 0.0000010 1.9898651 1.8212814 1.7265406 1.7023130 0.0000010 1.9778150 1.7148917 1.9005824 1.6948479 1.4760454 2.0065166 1.8363985 0.0000010 1.4115333 2.0613297 1.9218650 2.1255228 1.2841770 1.9876622 1.7955340 2.5657861 2.4678163 
Ocar_g4629                                             4.8447881 2.8662210 4.9237345 4.7892444 4.7892444 2.9175703 3.1550392 3.2036610 3.1363656 3.1912286 3.0323466 2.6646276 3.1601835 3.2410605 3.0874807 1.9069913 3.2420144 3.2168778 4.0229272 3.9257855 1.7180733 3.0566737 3.6892886 3.4540057 4.5394699 4.7389880 2.1511607 2.0751368 2.1494800 2.1242624 2.2551927 2.0173840 2.0905503 0.1501805 0.0960965 0.0000000 2.2727880 1.8626863 1.6764388 2.3920318 1.5476205 2.1849269 1.6075031 2.2889121 2.2889121 1.5670103 2.0449738 2.1414478 1.9548743 2.3559989 2.1150096 1.5305995 1.7002730 2.0044169 1.9520789 2.3153179 2.1552795 2.2329889 2.0075528 1.8716251 1.7469898 2.0468040 2.1013329 2.0145936 2.4850656 2.1867345 2.2850744 2.4447428 2.3265017 3.9163176 2.4898563 2.1063717 2.0586386 2.0375219 2.0886016 2.2541698 1.8092031 2.0383688 1.7706995 1.8673009 2.1693519 2.1725016 2.8108416 2.2759617 2.3093889 2.1065331 2.3807775 1.4157747 2.5118434 2.6224365 3.1634317 3.1171546 
Spolac_c100745_g1_i1_m.23406c100745-g1                 0.0000010 3.4831896 0.0000010 0.0000010 0.0000010 4.1123585 4.0613976 4.5081660 4.5081660 4.5081660 4.5081660 9.0000000 4.5081660 9.0000000 3.2172875 2.8256520 3.5169644 3.4337030 2.4734751 4.4631418 0.0000010 3.8145459 0.0000010 0.0000010 0.0000010 0.0000010 1.8400155 1.8858643 1.8284915 2.1010588 2.0979930 1.9023057 1.9197383 0.0000010 2.0441233 2.2727880 0.0000000 0.2830848 0.2320056 0.0000010 0.2320056 1.7612765 0.0000010 1.6325400 1.6325400 0.0000010 0.8022743 1.9731715 2.1699417 0.7884888 0.0000010 0.7168327 1.4056589 1.7640849 1.8131847 2.7103803 1.8929064 1.7529844 1.8768549 1.8240529 0.0000010 1.8918674 1.9795978 1.8813914 2.2466758 2.1982876 2.0367059 2.3290125 2.4661005 0.0000010 2.3428264 2.2310983 1.9760931 2.0312906 0.0000010 2.3375636 1.2136557 1.8296558 1.2316859 1.0324561 2.0909263 2.0327774 0.0000010 0.0000010 2.1646032 2.9384872 2.4258131 2.3448005 2.2067565 0.7778637 1.9184401 2.2671379 
Emue_Em0004g156a.t1                                    3.0278921 2.2448167 3.1677435 3.8336834 3.8336834 2.6064543 2.7106864 2.8688633 2.8670159 2.8561497 2.7187119 2.5678122 2.8812787 3.0616173 2.4142111 1.7619657 2.4687548 2.4373684 2.7170724 2.8391577 1.8441170 2.6828458 2.5913901 2.6143462 2.8785696 3.3943329 1.7872520 1.7719311 1.7726369 1.8395660 1.8202655 1.5881898 1.6565598 1.4036753 1.8489623 1.8626863 0.2830848 0.0000000 0.2711369 0.3850372 0.2369851 1.2735376 1.0118068 1.2729810 1.2729810 0.8208462 1.0020173 1.6471948 1.4132357 1.7552164 1.4508159 1.1451474 1.4196476 1.4374371 1.4858560 1.5238553 1.4737086 1.6660694 1.4634402 1.5513049 1.4355748 1.7256117 1.8255097 1.7161320 1.9564725 1.8038080 1.9032100 1.9767100 1.9225340 3.6173590 1.9254638 1.6414559 1.5626037 1.5536704 2.6184452 1.7472400 1.2894552 1.5592351 1.0685324 1.4015465 1.6056927 1.6248422 1.9864642 1.7477798 1.8437425 1.7832377 1.9295820 1.6974185 1.8623354 1.8982867 1.8773508 1.9723250 
Spolac_c100745_g2_i1_m.23407c100745-g1                 3.1338849 2.0351270 3.4026311 4.3339930 4.3339930 2.3011104 2.4487791 2.1646810 2.3236053 2.0712913 2.2359087 2.6580505 2.5582401 3.1886434 1.8797324 1.6548978 2.1297744 2.1317335 2.6225281 2.5188423 1.8041198 2.2185716 3.0898538 2.8464051 3.5417998 3.9088150 1.7135906 1.7136314 1.6866604 1.6810741 1.7048465 1.4591888 1.5770269 1.4380202 1.5017741 1.6764388 0.2320056 0.2711369 0.0000000 0.0098339 0.0037817 1.0861798 0.9823696 1.1235956 1.1235956 0.8239942 0.9531991 1.5977951 1.2724849 1.7585285 1.5919506 1.1780381 1.4767575 1.4692739 1.5084125 1.3890277 1.4803982 1.6679206 1.2120878 1.5518352 1.5801723 1.7381079 1.7130060 1.6348479 1.9549459 1.6103284 1.6408459 1.8341745 1.7759196 4.4852906 2.0117055 1.5378543 1.5014645 1.4875748 2.6197679 1.7258179 1.2621017 1.5070554 0.9562861 1.5098442 1.6029169 1.4980972 1.9359318 1.7841778 1.7021729 1.6128042 1.8203933 1.3142796 1.7193914 1.8695868 1.7020136 2.3577556 
Spolac_c100745_g2_i3_m.23410c100745-g1                 4.3184334 4.3780221 5.1869604 4.6296125 4.6296125 4.6296125 6.7715821 0.0000010 8.9999981 4.7594872 9.0000000 9.0000000 7.5042775 7.5042775 5.1954689 0.0000010 4.9338601 4.8016871 0.0000010 4.8464937 0.0000010 4.8408497 5.6000953 5.5447359 5.2483173 5.3834474 3.1805160 3.2556312 3.1887530 3.1738949 3.3627187 1.7543693 2.2370547 2.3920318 0.0000010 2.3920318 0.0000010 0.3850372 0.0098339 0.0000000 0.0000010 0.6887198 2.5291109 2.6044130 2.6044130 2.7709480 1.8590391 3.3183982 6.2486674 0.0000010 2.8145892 0.0000010 2.7122073 2.7157346 3.2189434 2.7737068 2.7573112 2.7297624 0.0000010 4.1504328 3.4312703 3.4563488 3.0557926 1.6430511 4.8355581 3.8993723 8.9999988 4.6204785 4.2048086 5.4567661 5.4778024 3.5217007 3.5373419 3.5373419 3.4959309 4.2840247 9.0000000 2.7358230 0.0000010 2.5180465 3.7114542 2.9514455 3.5011280 3.9846961 3.2163061 3.7950227 3.4192007 0.0000010 3.4107599 2.3741045 0.0000010 2.0854305 
