47
Tadh_TriadT55779                        0.0000000 0.0161141 0.4023164 0.3673599 0.5236896 2.6557585 4.5615323 3.2186435 3.7994215 3.5364568 2.9424832 3.3031658 4.2098956 0.9496922 2.9187273 4.3703628 3.2525510 4.0159779 3.4028935 3.4948627 9.0000000 3.4513552 3.3151076 3.9139830 3.4893795 2.9848855 2.8079244 3.3046108 3.1742026 2.8078230 4.9998695 5.7555354 5.3257872 5.5264136 5.5264136 4.3861661 5.8039410 4.6474578 3.5648330 4.2250206 4.6512503 4.4545476 9.0000000 4.8351426 4.8463458 3.9631121 4.2119643 
TrH2_TrispH2_005329-RA                  0.0161141 0.0000000 0.3128086 0.2455239 0.3572720 0.3948518 2.9308166 2.3583225 2.7958995 2.4702161 2.5604991 2.7790621 2.5277327 1.8553448 2.1464072 2.6432277 2.4134033 2.2885225 2.5991152 2.4795488 2.0566085 2.4480949 2.4050929 2.5972080 2.3548200 2.5336692 2.1992519 2.1654395 2.3056465 2.2299812 2.9830454 3.6997464 3.6395106 3.6368578 3.6368578 2.9141244 3.1749751 2.9658072 2.6106409 2.7723271 2.7737830 3.0585485 3.4437212 1.9440491 3.2280180 5.2324073 4.6426703 
HoiH23_PlH23_001632-RA                  0.4023164 0.3128086 0.0000000 0.1514921 0.1537995 0.9860736 3.4145834 2.5314361 2.9189987 2.6380531 2.6937223 2.9018911 2.6472112 2.0156515 2.3342045 2.7281040 2.2347640 2.3846289 2.4416701 2.3227575 2.0851418 2.4808206 2.2467558 2.6969489 2.4551131 2.2942453 2.2150958 2.2022233 2.2568846 2.2800092 3.0931416 3.9071573 3.9116345 3.8503848 3.8503848 3.2403150 3.1431785 2.9012584 2.4987988 2.8123653 2.7278780 3.0718208 3.2498529 2.0061327 3.3121964 4.5439052 3.9149386 
HoiH11_mRNA7084                         0.3673599 0.2455239 0.1514921 0.0000000 0.2078914 0.8242549 3.5345866 2.4332903 2.8583582 2.6516578 2.7090697 2.9576358 2.5192975 1.9272546 2.2288480 2.6209842 2.3151079 2.3646526 2.5520072 2.4639921 2.0458550 2.5723048 2.4054265 2.6509430 2.4098399 2.4405999 2.2294839 2.1529394 2.2671540 2.1506369 3.2052159 3.8650409 3.8389218 3.8192040 3.8192040 3.2673307 3.1646287 3.0633316 2.7784316 2.9434743 2.8319339 2.9798248 3.5565065 2.0816143 3.2913872 4.8858245 3.7769977 
Hhon_g00983.t1                          0.5236896 0.3572720 0.1537995 0.2078914 0.0000000 1.0199752 3.6133955 2.5935834 2.9497764 2.7485389 2.7269191 2.9892060 2.6193946 1.9940712 2.3225315 2.7920726 2.3302498 2.5305856 2.5815961 2.3736581 2.0222908 2.5391166 2.3751304 2.6849427 2.4430360 2.2815960 2.2489791 2.1570314 2.2255518 2.2566003 2.9301759 3.8852127 3.8401539 3.8129414 3.8129414 3.3011807 3.1829943 3.1240257 2.5649112 2.9026979 2.7386819 3.1608434 3.1553095 1.9854504 3.1465653 4.8107025 4.0208845 
Tadh_TriadT55780                        2.6557585 0.3948518 0.9860736 0.8242549 1.0199752 0.0000000 2.7617834 2.9699751 3.1955706 3.0453972 3.1976198 3.2618825 2.8334869 2.3439554 2.4296631 2.7924542 3.1447937 2.2190870 5.2236738 2.9037749 2.2823715 2.7217512 2.7785864 2.6345146 2.7330107 3.3268849 2.8574168 2.7165859 2.9308455 2.7894785 2.6915089 3.4378206 3.4623134 3.5595464 3.5595464 2.9277726 3.4683334 3.2717331 3.0882034 3.0305654 2.9962814 3.2783435 2.7993191 1.9598266 6.2813494 8.2434331 5.6680184 
Morvir_scaffold575.g7.t1                4.5615323 2.9308166 3.4145834 3.5345866 3.6133955 2.7617834 0.0000000 2.1970935 1.5365916 1.3838390 1.4856584 1.4027705 2.7972801 2.3088716 2.9842457 2.6325299 2.6542425 2.8172316 1.9492159 2.2753956 2.2801833 2.1591617 2.2537967 2.4034834 2.6168301 2.6434649 2.3690390 2.5322714 2.8585344 2.8679658 1.5004735 3.5801324 3.6368837 3.5801324 3.5801324 3.4699046 3.9285912 3.9570169 4.0133930 3.7327677 3.6374285 3.7237370 3.2334246 2.2190130 5.4867696 8.6882512 8.2872000 
Hvul_g15717_1                           3.2186435 2.3583225 2.5314361 2.4332903 2.5935834 2.9699751 2.1970935 0.0000000 0.6698547 1.4544373 1.2400410 1.2184179 1.6070856 1.5532435 1.7398044 1.5896045 1.4540864 1.6290235 1.3422510 1.6471018 1.5679725 1.6918363 1.7731539 1.8805114 1.4037617 1.5661908 1.6010101 1.6564130 1.6396710 1.6980556 0.1864306 3.9305749 3.9615037 3.9389665 3.9389665 3.3573992 3.5139920 3.5104564 2.6652886 2.4182260 3.5579999 2.9030129 4.2105661 2.1275586 1.7053495 4.2058695 3.4331429 
Chem_TCONS_00062286                     3.7994215 2.7958995 2.9189987 2.8583582 2.9497764 3.1955706 1.5365916 0.6698547 0.0000000 1.4426061 1.1717718 1.1888606 1.7191705 1.6785836 1.8333694 1.8463710 1.8538684 2.1016041 1.3082845 1.5422072 1.5447572 1.5110260 1.6161300 1.6626632 1.3728785 1.7015663 1.7062198 1.6443691 1.7319081 1.9099664 1.1365142 3.7102500 3.7685207 3.6983108 3.6983108 3.4733284 3.8445001 3.2679600 2.7037048 2.7501915 3.5705351 2.9411724 4.0453931 2.6152562 1.8413027 3.0566776 3.5768974 
Sanmal_Sma_024902-T1                    3.5364568 2.4702161 2.6380531 2.6516578 2.7485389 3.0453972 1.3838390 1.4544373 1.4426061 0.0000000 0.7795976 0.7657129 2.1060015 1.6610873 1.9723659 2.0378609 1.9860388 2.2500003 1.2900883 1.6142690 1.6061702 1.6931610 1.5914805 1.7873563 1.4067647 1.8964398 1.9817225 1.5336403 1.6852542 2.1533885 1.9435605 3.2277041 3.2992240 3.1955076 3.1955076 3.0814268 3.1088041 3.0007033 2.5278592 2.3738628 3.0063854 2.7071015 3.0755710 1.8430803 2.3945083 2.9424590 4.1127866 
Nemnom_g17377.t1                        2.9424832 2.5604991 2.6937223 2.7090697 2.7269191 3.1976198 1.4856584 1.2400410 1.1717718 0.7795976 0.0000000 0.0954889 1.8882561 1.6477640 1.8752022 1.8077459 1.8228723 2.0117994 1.4860714 1.8079724 1.7096320 1.6735527 1.7647031 2.0501535 1.5152359 1.7106003 1.5859428 1.6669184 1.8116557 1.9037096 1.9209310 4.1608872 4.1552770 4.1110436 4.1110436 3.8715174 4.2043706 3.4975259 2.9192881 2.8896329 3.2981974 3.6312300 4.9682684 2.0435953 2.0598073 3.5015856 5.0571474 
Rhoesc_Res_011047-T1                    3.3031658 2.7790621 2.9018911 2.9576358 2.9892060 3.2618825 1.4027705 1.2184179 1.1888606 0.7657129 0.0954889 0.0000000 2.0971396 1.6055604 2.0156138 2.0815726 2.0167270 2.4550590 1.4745307 1.7697522 1.6517756 1.7186307 1.6724782 1.9062428 1.5593891 1.6959546 1.6839124 1.6646859 1.7681633 2.1395149 1.8010320 4.3180066 4.3183839 4.2669290 4.2669290 3.4371855 4.1786255 3.3206763 2.9260388 2.8559848 3.4106448 3.6262804 5.7338927 1.9360766 2.4172306 2.9668361 4.7799158 
Cgig_XM_034483436.1                     4.2098956 2.5277327 2.6472112 2.5192975 2.6193946 2.8334869 2.7972801 1.6070856 1.7191705 2.1060015 1.8882561 2.0971396 0.0000000 0.3760202 0.5980896 1.0350681 1.1065258 1.4529634 1.3646349 1.4774197 1.1277813 1.5930044 1.5233019 1.5794458 1.4217412 1.3986799 1.3042660 1.2754449 1.3230832 1.6257104 3.3467955 2.6930709 2.6852388 2.6507992 2.6507992 2.4813312 2.4312915 2.4322851 2.4780010 2.3190393 2.2000049 2.3151326 2.0938313 1.0617555 1.6397673 2.7563723 1.6795868 
Acagra_model.g28895.t1                  0.9496922 1.8553448 2.0156515 1.9272546 1.9940712 2.3439554 2.3088716 1.5532435 1.6785836 1.6610873 1.6477640 1.6055604 0.3760202 0.0000000 0.5630493 0.6515626 0.8118040 0.9564369 0.8093154 1.2178146 1.2026138 1.2950098 1.2787456 1.3586895 1.1206780 1.0889140 1.0525021 1.2143399 1.2119309 1.3908230 2.4574918 2.4818192 2.4433287 2.4824204 2.4824204 2.6623196 2.6164859 2.3138792 2.2742891 2.3452235 1.9876462 1.8204295 2.1943113 0.8524186 0.7136624 3.2959322 3.7303003 
Ctel_gnl_WGS_AMQN_CAPTEDRAFT_mRNA148510 2.9187273 2.1464072 2.3342045 2.2288480 2.3225315 2.4296631 2.9842457 1.7398044 1.8333694 1.9723659 1.8752022 2.0156138 0.5980896 0.5630493 0.0000000 0.8554268 0.9730059 1.2454742 1.3979935 1.4210323 1.1260011 1.4878691 1.5091481 1.2615870 1.3330361 1.3450094 1.2852843 1.3051810 1.4554978 1.4874875 3.3913688 2.3649767 2.3165584 2.3615833 2.3615833 2.4978369 2.9038345 2.5795063 2.5240654 2.2924787 2.2721679 2.0341455 2.3520132 0.9215442 1.3605363 3.2744440 1.8976496 
Cscu_XM_023359268.1                     4.3703628 2.6432277 2.7281040 2.6209842 2.7920726 2.7924542 2.6325299 1.5896045 1.8463710 2.0378609 1.8077459 2.0815726 1.0350681 0.6515626 0.8554268 0.0000000 1.2476527 1.4149620 1.3233716 1.4466222 1.1802008 1.5168795 1.4832733 1.4890337 1.3949414 1.4584283 1.4336030 1.3129987 1.5066541 1.6117454 3.0387806 3.4978363 3.4439202 3.5022499 3.5022499 2.8168712 3.4317890 2.5435624 2.6397968 2.6923895 2.7914496 2.9963495 2.5510153 1.1381609 2.1233418 3.1634440 2.3890599 
Skow_XM_006816888.1                     3.2525510 2.4134033 2.2347640 2.3151079 2.3302498 3.1447937 2.6542425 1.4540864 1.8538684 1.9860388 1.8228723 2.0167270 1.1065258 0.8118040 0.9730059 1.2476527 0.0000000 1.2140787 1.3995743 1.4787447 1.3182571 1.6709993 1.5631300 1.9551571 1.5271504 1.7945879 1.6090011 1.4279090 1.5426387 1.4716410 2.4465216 3.5309613 3.5783166 3.5975640 3.6988831 2.9254999 3.2150701 2.6861457 2.4457630 2.6530016 2.5682250 2.7318658 5.2996379 1.3036283 1.7856066 2.9375445 2.6915827 
Hsap_ENST00000258180                    4.0159779 2.2885225 2.3846289 2.3646526 2.5305856 2.2190870 2.8172316 1.6290235 2.1016041 2.2500003 2.0117994 2.4550590 1.4529634 0.9564369 1.2454742 1.4149620 1.2140787 0.0000000 2.0419132 1.8508873 1.5278818 2.0247819 1.9027471 2.2893015 2.0776595 1.7549096 1.6477540 1.6267860 1.7215729 1.4605486 3.0600986 3.5633402 3.5181455 3.5665039 3.5665039 2.8054978 2.9961890 2.6857308 2.6081270 2.3437858 2.1981420 2.4518877 2.9501177 0.9589417 1.7826816 4.4110605 2.9491769 
Fspp_ffun1.m4.3531.m1                   3.4028935 2.5991152 2.4416701 2.5520072 2.5815961 5.2236738 1.9492159 1.3422510 1.3082845 1.2900883 1.4860714 1.4745307 1.3646349 0.8093154 1.3979935 1.3233716 1.3995743 2.0419132 0.0000000 0.1893732 0.1026935 0.1859587 0.1548442 0.2201989 0.2151255 0.9596575 0.9083543 1.1625619 1.0944792 1.6592065 2.5457232 3.1912425 3.0414761 3.2022579 3.2022579 2.8908471 2.9653878 2.6592273 2.0988416 2.2189961 2.6605395 2.5220908 9.0000000 3.3380546 1.7108160 2.0127071 2.1793519 
Gasp_gasp1.m3.14858.m1                  3.4948627 2.4795488 2.3227575 2.4639921 2.3736581 2.9037749 2.2753956 1.6471018 1.5422072 1.6142690 1.8079724 1.7697522 1.4774197 1.2178146 1.4210323 1.4466222 1.4787447 1.8508873 0.1893732 0.0000000 0.1406507 0.2819045 0.2477363 0.3420494 0.2723922 0.9751412 0.8073927 1.1664367 1.1916931 1.8072160 1.8925553 3.0160722 2.9678888 3.0155433 3.0155433 2.6058484 2.9731135 2.6914074 2.3701566 2.2877962 2.4063920 2.3181610 2.7805999 1.6895501 1.8655662 2.8476463 3.2581225 
Gfas_gfas1.m1.18909.m1                  9.0000000 2.0566085 2.0851418 2.0458550 2.0222908 2.2823715 2.2801833 1.5679725 1.5447572 1.6061702 1.7096320 1.6517756 1.1277813 1.2026138 1.1260011 1.1802008 1.3182571 1.5278818 0.1026935 0.1406507 0.0000000 0.2286041 0.2504025 0.1779686 0.0972316 0.8574077 0.6943999 1.0769687 1.0251603 1.7819054 1.7611268 2.3522678 2.2234443 2.3570636 2.3570636 2.1096678 2.5599125 2.2964995 2.3960513 2.1040206 2.0785400 1.9426162 2.0018732 1.7538167 1.0308868 4.0700168 5.1092746 
Spis_XP_022802993_1                     3.4513552 2.4480949 2.4808206 2.5723048 2.5391166 2.7217512 2.1591617 1.6918363 1.5110260 1.6931610 1.6735527 1.7186307 1.5930044 1.2950098 1.4878691 1.5168795 1.6709993 2.0247819 0.1859587 0.2819045 0.2286041 0.0000000 0.0858576 0.4037913 0.3197482 0.9114365 0.8517571 1.3380412 1.3159018 1.8861987 2.1636871 3.0869104 3.0062833 3.0816573 3.0816573 2.7694879 3.0596395 2.6961431 2.2959725 2.1156312 2.3904289 2.3667324 2.6891700 1.7802198 1.9569931 2.9561826 3.6930388 
Pocdam_XM_027191791.1                   3.3151076 2.4050929 2.2467558 2.4054265 2.3751304 2.7785864 2.2537967 1.7731539 1.6161300 1.5914805 1.7647031 1.6724782 1.5233019 1.2787456 1.5091481 1.4832733 1.5631300 1.9027471 0.1548442 0.2477363 0.2504025 0.0858576 0.0000000 0.3960053 0.2827138 0.9216151 0.8584963 1.1917058 1.2114020 1.8904275 2.2223484 3.0648449 3.0153182 3.0594690 3.0594690 2.7608470 2.9533256 2.7469606 2.2956218 2.2053522 2.3929749 2.1804036 2.8109840 1.7941075 1.9225255 2.9230694 3.3783851 
Amil_Amillepora10841-RA                 3.9139830 2.5972080 2.6969489 2.6509430 2.6849427 2.6345146 2.4034834 1.8805114 1.6626632 1.7873563 2.0501535 1.9062428 1.5794458 1.3586895 1.2615870 1.4890337 1.9551571 2.2893015 0.2201989 0.3420494 0.1779686 0.4037913 0.3960053 0.0000000 0.0230613 0.9925331 0.8365602 1.3391800 1.2812476 2.1500349 2.0486127 2.6762055 2.6082997 2.6634215 2.6634215 2.2744666 2.8005717 2.3612027 2.3712918 2.3403610 2.3548519 2.1735064 2.4128929 1.6582672 2.0230742 2.9634327 4.1245361 
Adig_XM_015899366.1                     3.4893795 2.3548200 2.4551131 2.4098399 2.4430360 2.7330107 2.6168301 1.4037617 1.3728785 1.4067647 1.5152359 1.5593891 1.4217412 1.1206780 1.3330361 1.3949414 1.5271504 2.0776595 0.2151255 0.2723922 0.0972316 0.3197482 0.2827138 0.0230613 0.0000000 0.9068322 0.7750445 1.3025989 1.2424548 1.6273584 2.1959864 3.0057834 2.9375113 2.9993282 2.9993282 2.4774831 2.7763312 2.4934740 2.0802475 2.0425482 2.4963326 2.3452445 5.0567617 1.4313851 1.7756456 2.5025298 2.7274130 
Nvec_v1g233397                          2.9848855 2.5336692 2.2942453 2.4405999 2.2815960 3.3268849 2.6434649 1.5661908 1.7015663 1.8964398 1.7106003 1.6959546 1.3986799 1.0889140 1.3450094 1.4584283 1.7945879 1.7549096 0.9596575 0.9751412 0.8574077 0.9114365 0.9216151 0.9925331 0.9068322 0.0000000 0.5372159 1.0345018 1.2258434 2.1619303 2.2479359 3.1963530 3.0804743 3.2007823 3.1792539 3.0441231 3.6771718 2.9106893 2.5954070 2.8012645 2.5818278 2.4157932 3.3725357 1.5182963 1.7332668 2.6160690 3.4039498 
Exapal_XM_021059961.2                   2.8079244 2.1992519 2.2150958 2.2294839 2.2489791 2.8574168 2.3690390 1.6010101 1.7062198 1.9817225 1.5859428 1.6839124 1.3042660 1.0525021 1.2852843 1.4336030 1.6090011 1.6477540 0.9083543 0.8073927 0.6943999 0.8517571 0.8584963 0.8365602 0.7750445 0.5372159 0.0000000 0.9169994 1.0331925 1.8597207 2.1634230 2.7211424 2.6075987 2.7247851 2.7247851 2.7563336 2.9827974 2.5610639 2.4237790 2.4670780 2.3982955 2.0857091 2.9043587 1.5861774 1.5394570 2.5368323 3.2564764 
Dgig_XM_028536059.1                     3.3046108 2.1654395 2.2022233 2.1529394 2.1570314 2.7165859 2.5322714 1.6564130 1.6443691 1.5336403 1.6669184 1.6646859 1.2754449 1.2143399 1.3051810 1.3129987 1.4279090 1.6267860 1.1625619 1.1664367 1.0769687 1.3380412 1.1917058 1.3391800 1.3025989 1.0345018 0.9169994 0.0000000 0.3465098 1.7668771 2.0536750 2.6442285 2.6025241 2.6491234 2.6491234 2.3940781 2.6919249 2.3486178 2.3206533 2.2402547 2.4404612 2.2736909 1.9694378 1.7181920 1.5104412 2.2897773 2.3458453 
Xesp_005743-T1                          3.1742026 2.3056465 2.2568846 2.2671540 2.2255518 2.9308455 2.8585344 1.6396710 1.7319081 1.6852542 1.8116557 1.7681633 1.3230832 1.2119309 1.4554978 1.5066541 1.5426387 1.7215729 1.0944792 1.1916931 1.0251603 1.3159018 1.2114020 1.2812476 1.2424548 1.2258434 1.0331925 0.3465098 0.0000000 1.8872721 2.3704359 2.7411814 2.6813787 2.7275845 2.7275845 2.2888038 2.4803420 2.1687562 2.4093259 2.1803108 2.5133006 2.2981825 1.9706967 1.9104031 1.4960465 2.3459022 2.6197732 
Spur_XM_003723647.3                     2.8078230 2.2299812 2.2800092 2.1506369 2.2566003 2.7894785 2.8679658 1.6980556 1.9099664 2.1533885 1.9037096 2.1395149 1.6257104 1.3908230 1.4874875 1.6117454 1.4716410 1.4605486 1.6592065 1.8072160 1.7819054 1.8861987 1.8904275 2.1500349 1.6273584 2.1619303 1.8597207 1.7668771 1.8872721 0.0000000 2.9541465 3.6859209 3.5447980 3.8268768 3.9885045 3.8324791 4.0633248 3.4564692 2.9731555 2.8366162 3.2396994 2.7793549 5.3204329 1.6196038 1.5287517 4.1335625 3.3808341 
Hvul_g31695_1                           4.9998695 2.9830454 3.0931416 3.2052159 2.9301759 2.6915089 1.5004735 0.1864306 1.1365142 1.9435605 1.9209310 1.8010320 3.3467955 2.4574918 3.3913688 3.0387806 2.4465216 3.0600986 2.5457232 1.8925553 1.7611268 2.1636871 2.2223484 2.0486127 2.1959864 2.2479359 2.1634230 2.0536750 2.3704359 2.9541465 0.0000000 4.3314061 4.1239002 4.2613163 4.2613163 2.9136055 2.9738332 2.9270555 2.1967711 2.8897608 3.1344465 3.1525724 4.6054587 2.0809699 4.1110840 3.6356762 6.7881417 
Pbac_sb2644540                          5.7555354 3.6997464 3.9071573 3.8650409 3.8852127 3.4378206 3.5801324 3.9305749 3.7102500 3.2277041 4.1608872 4.3180066 2.6930709 2.4818192 2.3649767 3.4978363 3.5309613 3.5633402 3.1912425 3.0160722 2.3522678 3.0869104 3.0648449 2.6762055 3.0057834 3.1963530 2.7211424 2.6442285 2.7411814 3.6859209 4.3314061 0.0000000 0.0428008 0.0358785 0.0477459 0.7620456 0.7427368 0.8748806 1.4824085 1.3475350 1.2211177 1.3518259 0.2218074 2.4350281 3.8239041 5.2833405 3.8412252 
Horcal_Hcv1.av93.c7.g56.i1              5.3257872 3.6395106 3.9116345 3.8389218 3.8401539 3.4623134 3.6368837 3.9615037 3.7685207 3.2992240 4.1552770 4.3183839 2.6852388 2.4433287 2.3165584 3.4439202 3.5783166 3.5181455 3.0414761 2.9678888 2.2234443 3.0062833 3.0153182 2.6082997 2.9375113 3.0804743 2.6075987 2.6025241 2.6813787 3.5447980 4.1239002 0.0428008 0.0000000 0.0741749 0.0873338 0.7412890 0.7326505 0.8787912 1.4625092 1.3147511 1.2232842 1.3347678 0.2533508 2.4679446 3.7453035 5.2191209 3.9011039 
Pbac_sb2660483                          5.5264136 3.6368578 3.8503848 3.8192040 3.8129414 3.5595464 3.5801324 3.9389665 3.6983108 3.1955076 4.1110436 4.2669290 2.6507992 2.4824204 2.3615833 3.5022499 3.5975640 3.5665039 3.2022579 3.0155433 2.3570636 3.0816573 3.0594690 2.6634215 2.9993282 3.2007823 2.7247851 2.6491234 2.7275845 3.8268768 4.2613163 0.0358785 0.0741749 0.0000000 0.0251302 0.7458546 0.7546644 0.8630215 1.4788515 1.4023811 1.2670129 1.3429615 0.1954323 2.5566782 3.7262273 5.2833405 3.7126975 
Pbac_sb2660482                          5.5264136 3.6368578 3.8503848 3.8192040 3.8129414 3.5595464 3.5801324 3.9389665 3.6983108 3.1955076 4.1110436 4.2669290 2.6507992 2.4824204 2.3615833 3.5022499 3.6988831 3.5665039 3.2022579 3.0155433 2.3570636 3.0816573 3.0594690 2.6634215 2.9993282 3.1792539 2.7247851 2.6491234 2.7275845 3.9885045 4.2613163 0.0477459 0.0873338 0.0251302 0.0000000 0.8048831 0.7848552 0.8966143 1.5933392 1.4361251 1.3424922 1.3445213 0.0772087 2.6843204 3.7262273 5.2833405 3.7126975 
Mlei_ML3061.g13.i1                      4.3861661 2.9141244 3.2403150 3.2673307 3.3011807 2.9277726 3.4699046 3.3573992 3.4733284 3.0814268 3.8715174 3.4371855 2.4813312 2.6623196 2.4978369 2.8168712 2.9254999 2.8054978 2.8908471 2.6058484 2.1096678 2.7694879 2.7608470 2.2744666 2.4774831 3.0441231 2.7563336 2.3940781 2.2888038 3.8324791 2.9136055 0.7620456 0.7412890 0.7458546 0.8048831 0.0000000 0.6018156 0.7148348 1.1931139 1.0961184 1.0402121 1.1579784 0.9815511 2.6554624 2.6066351 4.9091956 4.2295440 
Drygla_Dgla_sb284046                    5.8039410 3.1749751 3.1431785 3.1646287 3.1829943 3.4683334 3.9285912 3.5139920 3.8445001 3.1088041 4.2043706 4.1786255 2.4312915 2.6164859 2.9038345 3.4317890 3.2150701 2.9961890 2.9653878 2.9731135 2.5599125 3.0596395 2.9533256 2.8005717 2.7763312 3.6771718 2.9827974 2.6919249 2.4803420 4.0633248 2.9738332 0.7427368 0.7326505 0.7546644 0.7848552 0.6018156 0.0000000 0.8553389 1.3063980 1.2176229 1.1166222 1.0807656 0.9149130 2.9644892 2.8253948 5.6181938 4.1355543 
Beraby_Baby_sb335529                    4.6474578 2.9658072 2.9012584 3.0633316 3.1240257 3.2717331 3.9570169 3.5104564 3.2679600 3.0007033 3.4975259 3.3206763 2.4322851 2.3138792 2.5795063 2.5435624 2.6861457 2.6857308 2.6592273 2.6914074 2.2964995 2.6961431 2.7469606 2.3612027 2.4934740 2.9106893 2.5610639 2.3486178 2.1687562 3.4564692 2.9270555 0.8748806 0.8787912 0.8630215 0.8966143 0.7148348 0.8553389 0.0000000 1.4231932 1.3595688 1.2009162 1.3202770 0.8277645 2.6160720 2.2935738 5.0026824 4.8498080 
Vmul_Simscaffold1809_01                 3.5648330 2.6106409 2.4987988 2.7784316 2.5649112 3.0882034 4.0133930 2.6652886 2.7037048 2.5278592 2.9192881 2.9260388 2.4780010 2.2742891 2.5240654 2.6397968 2.4457630 2.6081270 2.0988416 2.3701566 2.3960513 2.2959725 2.2956218 2.3712918 2.0802475 2.5954070 2.4237790 2.3206533 2.4093259 2.9731555 2.1967711 1.4824085 1.4625092 1.4788515 1.5933392 1.1931139 1.3063980 1.4231932 0.0000000 0.4951814 0.9066761 1.2120950 2.6617333 2.6407935 2.2919089 3.9018762 3.5160614 
Coemet_Cmet_scaffold17891_01            4.2250206 2.7723271 2.8123653 2.9434743 2.9026979 3.0305654 3.7327677 2.4182260 2.7501915 2.3738628 2.8896329 2.8559848 2.3190393 2.3452235 2.2924787 2.6923895 2.6530016 2.3437858 2.2189961 2.2877962 2.1040206 2.1156312 2.2053522 2.3403610 2.0425482 2.8012645 2.4670780 2.2402547 2.1803108 2.8366162 2.8897608 1.3475350 1.3147511 1.4023811 1.4361251 1.0961184 1.2176229 1.3595688 0.4951814 0.0000000 0.9803407 1.0506522 2.2483042 2.7963800 2.5723294 3.6905162 3.6744419 
Lampan_Lpan_C408973_01                  4.6512503 2.7737830 2.7278780 2.8319339 2.7386819 2.9962814 3.6374285 3.5579999 3.5705351 3.0063854 3.2981974 3.4106448 2.2000049 1.9876462 2.2721679 2.7914496 2.5682250 2.1981420 2.6605395 2.4063920 2.0785400 2.3904289 2.3929749 2.3548519 2.4963326 2.5818278 2.3982955 2.4404612 2.5133006 3.2396994 3.1344465 1.2211177 1.2232842 1.2670129 1.3424922 1.0402121 1.1166222 1.2009162 0.9066761 0.9803407 0.0000000 1.0525604 2.3401647 2.1885200 2.1773633 4.7875600 4.0892965 
Eupdun_Edun_sb10633479                  4.4545476 3.0585485 3.0718208 2.9798248 3.1608434 3.2783435 3.7237370 2.9030129 2.9411724 2.7071015 3.6312300 3.6262804 2.3151326 1.8204295 2.0341455 2.9963495 2.7318658 2.4518877 2.5220908 2.3181610 1.9426162 2.3667324 2.1804036 2.1735064 2.3452445 2.4157932 2.0857091 2.2736909 2.2981825 2.7793549 3.1525724 1.3518259 1.3347678 1.3429615 1.3445213 1.1579784 1.0807656 1.3202770 1.2120950 1.0506522 1.0525604 0.0000000 1.5309332 2.3879274 3.1228399 3.9579320 3.4099610 
Pbac_sb2644539                          9.0000000 3.4437212 3.2498529 3.5565065 3.1553095 2.7993191 3.2334246 4.2105661 4.0453931 3.0755710 4.9682684 5.7338927 2.0938313 2.1943113 2.3520132 2.5510153 5.2996379 2.9501177 9.0000000 2.7805999 2.0018732 2.6891700 2.8109840 2.4128929 5.0567617 3.3725357 2.9043587 1.9694378 1.9706967 5.3204329 4.6054587 0.2218074 0.2533508 0.1954323 0.0772087 0.9815511 0.9149130 0.8277645 2.6617333 2.2483042 2.3401647 1.5309332 0.0000000 2.8743475 4.6405301 8.9999988 6.5971067 
Bralan_BLAG90000224_1                   4.8351426 1.9440491 2.0061327 2.0816143 1.9854504 1.9598266 2.2190130 2.1275586 2.6152562 1.8430803 2.0435953 1.9360766 1.0617555 0.8524186 0.9215442 1.1381609 1.3036283 0.9589417 3.3380546 1.6895501 1.7538167 1.7802198 1.7941075 1.6582672 1.4313851 1.5182963 1.5861774 1.7181920 1.9104031 1.6196038 2.0809699 2.4350281 2.4679446 2.5566782 2.6843204 2.6554624 2.9644892 2.6160720 2.6407935 2.7963800 2.1885200 2.3879274 2.8743475 0.0000000 2.4172694 3.8167761 4.7818111 
Bralan_BLAG07101652_1                   4.8463458 3.2280180 3.3121964 3.2913872 3.1465653 6.2813494 5.4867696 1.7053495 1.8413027 2.3945083 2.0598073 2.4172306 1.6397673 0.7136624 1.3605363 2.1233418 1.7856066 1.7826816 1.7108160 1.8655662 1.0308868 1.9569931 1.9225255 2.0230742 1.7756456 1.7332668 1.5394570 1.5104412 1.4960465 1.5287517 4.1110840 3.8239041 3.7453035 3.7262273 3.7262273 2.6066351 2.8253948 2.2935738 2.2919089 2.5723294 2.1773633 3.1228399 4.6405301 2.4172694 0.0000000 3.4086983 2.9503592 
Morvir_scaffold575.g5.t1                3.9631121 5.2324073 4.5439052 4.8858245 4.8107025 8.2434331 8.6882512 4.2058695 3.0566776 2.9424590 3.5015856 2.9668361 2.7563723 3.2959322 3.2744440 3.1634440 2.9375445 4.4110605 2.0127071 2.8476463 4.0700168 2.9561826 2.9230694 2.9634327 2.5025298 2.6160690 2.5368323 2.2897773 2.3459022 4.1335625 3.6356762 5.2833405 5.2191209 5.2833405 5.2833405 4.9091956 5.6181938 5.0026824 3.9018762 3.6905162 4.7875600 3.9579320 8.9999988 3.8167761 3.4086983 0.0000000 3.7547426 
Acagra_model.g28896.t1                  4.2119643 4.6426703 3.9149386 3.7769977 4.0208845 5.6680184 8.2872000 3.4331429 3.5768974 4.1127866 5.0571474 4.7799158 1.6795868 3.7303003 1.8976496 2.3890599 2.6915827 2.9491769 2.1793519 3.2581225 5.1092746 3.6930388 3.3783851 4.1245361 2.7274130 3.4039498 3.2564764 2.3458453 2.6197732 3.3808341 6.7881417 3.8412252 3.9011039 3.7126975 3.7126975 4.2295440 4.1355543 4.8498080 3.5160614 3.6744419 4.0892965 3.4099610 6.5971067 4.7818111 2.9503592 3.7547426 0.0000000 
