98
Lcom_lcpid113902                                                0.0000000 1.8923225 2.8250681 2.4779748 1.1079333 0.0000010 1.9691909 1.9591457 2.0656495 0.0000010 1.9407027 1.9580893 1.5108918 2.9434983 2.1905203 1.1044090 2.0528292 4.6105554 2.1926325 2.3922386 2.1155283 2.1357195 2.1202859 2.2333329 2.2026382 2.1982452 2.2288768 2.1955378 1.7007950 0.0000010 2.0763188 2.5936384 3.4459159 2.0755021 2.2459694 2.2596050 2.3316185 2.2133310 2.1913045 2.1229788 2.1244508 2.1993171 1.9912082 2.0482092 1.9830039 1.9501865 2.0659912 2.0031033 1.9424710 2.1504248 2.1616250 2.1333579 2.1298145 2.0858140 9.0000000 0.0000010 2.2777470 2.2561512 8.9999981 2.4125832 5.7956668 2.4419815 2.2268429 2.3259986 2.0666861 2.2131085 2.1910389 2.3734211 2.2995754 8.9999988 2.0040243 2.0249217 2.0249217 2.1365110 2.1790333 2.1476206 2.1476206 2.1538751 2.0483395 2.0997869 2.0523692 2.9760721 2.4608338 2.2789095 2.6527277 1.9271004 1.7330826 2.0175242 3.5754958 1.9051287 1.0693225 1.4823555 1.0693225 2.5667735 1.2981419 1.8841006 0.0000010 2.7442373 
Lcom_lcpid136893                                                1.8923225 0.0000000 0.1864122 0.7096384 0.8143532 0.0000010 0.9233196 0.9233196 0.8780419 0.0000010 0.9142327 0.9588934 0.8037200 0.0000010 1.0687572 0.4030780 0.9352876 0.5125116 1.0456488 1.0165065 0.9120221 0.9246243 0.9420005 0.8883025 0.8774694 0.8898056 0.9010674 0.8793956 0.6681800 0.0000010 0.8877171 1.0564466 1.2502204 0.8117746 0.8921296 0.8921296 0.8945601 0.9120043 0.9158695 0.8853297 0.8965148 0.6965298 0.8585465 0.9435608 0.9051750 0.8709722 1.0017626 0.9975858 0.8808384 0.9274797 0.9425520 0.9702506 0.9009880 0.9798571 0.0000010 0.0000010 1.0810706 1.1973706 0.0000010 1.2868809 2.1831645 1.3319485 1.0923533 0.7467854 1.0268529 1.1552621 1.1905248 1.1409424 1.6302910 3.9938427 1.3649796 1.3373424 1.3373424 1.5114917 1.5358868 1.5113027 1.5113027 1.4800828 1.4516381 1.4052056 0.3316307 1.3234954 1.2077283 0.3661190 0.3661190 0.6060325 1.1230668 0.0000010 1.4516670 1.4042335 1.4695503 0.5125116 0.0000010 2.1178716 0.4867814 0.0000010 0.0000010 2.4381672 
Lcom_lcpid199550                                                2.8250681 0.1864122 0.0000000 0.7869231 0.0000010 0.0000010 0.9839245 0.9839245 1.0258593 0.0000010 0.9899500 1.0262656 1.0967616 0.0000010 1.1460804 0.0000010 1.0975677 0.0000010 1.1916197 1.2153937 0.9643935 0.9894741 1.0432316 0.9832967 0.9832967 0.9834268 0.9834268 0.9867278 0.8514819 0.0000010 0.9710071 0.9710071 1.4915229 0.9527898 0.9415531 0.9415531 0.9721367 0.9727763 0.9889143 1.0017993 1.0017993 0.8074127 0.9083459 0.9818228 0.8735698 0.9230497 1.0482115 1.0637242 0.8846004 1.0525575 1.0181655 1.0860290 0.9947800 1.0936360 0.0000010 0.0000010 1.3613136 1.3452843 0.0000010 1.3697207 0.0000010 1.3814940 1.2690841 0.0000010 1.0135142 1.4543940 1.4543940 1.3000479 2.0785583 5.7620946 1.6561442 1.5028040 1.5028040 1.6932234 1.6932234 1.6642974 1.6642974 1.6242269 1.5432292 2.0243291 0.0000010 1.0403374 1.4687837 0.0000010 0.0000010 0.0000010 0.0000010 0.0000010 0.9728736 1.7431599 0.0000010 0.0000010 0.0000010 2.1528539 0.0000010 0.0000010 0.0000010 3.2000147 
Lcom_lcpid104920                                                2.4779748 0.7096384 0.7869231 0.0000000 0.0000010 0.7748387 0.8783162 0.8802955 0.8329690 0.7748387 0.8743903 0.8850536 1.4400148 0.0000010 0.8575965 0.2825028 0.9317499 3.3105354 0.9542841 0.9304879 0.8816372 0.9144964 0.9565650 1.0791035 1.0791035 1.0744724 1.0744724 1.0796107 1.1646261 0.7754799 1.0514272 1.1036598 0.9250964 0.9895869 1.0584460 1.0584460 1.0956970 1.0367814 1.0787202 1.0850181 1.3241155 1.1338374 0.9593666 1.0809357 0.8940156 0.9576574 1.0060628 1.0566667 0.9465083 1.0228441 1.0021203 0.9284845 1.0548793 0.9934105 0.9738835 1.5005101 1.0785111 1.0781045 0.8533374 1.2130557 0.7821852 1.2064143 1.1266857 0.9307325 0.9362794 1.0261520 1.0261520 1.1685232 1.2772079 0.8500370 1.1293475 1.1064462 1.1064462 1.4048226 1.4182284 1.4252821 1.4252821 1.3868372 1.3680021 1.2108523 0.8645141 1.1597102 1.1531699 0.7016687 0.7140549 0.0000010 0.0000010 0.0000010 1.4303202 3.0542497 0.0000010 0.0000010 0.0000010 1.8914238 0.0000010 1.5286633 3.7100595 1.6359752 
Lcom_lcpid203063                                                1.1079333 0.8143532 0.0000010 0.0000010 0.0000000 0.0000010 1.6345473 1.5946232 1.3054921 0.0000010 1.6107012 9.0000000 1.5580974 9.0000000 1.0707609 1.5402775 1.5166160 1.0221719 1.5498852 1.7427810 1.9457630 2.0877503 1.6346793 0.0000010 2.5558791 2.5558791 0.0000010 2.5919682 1.8628482 0.5581365 0.5581365 0.0000010 0.0000010 2.1081028 2.5877219 2.6631760 0.0000010 2.6425362 3.0838032 2.6773313 0.0000010 0.0000010 1.5554144 1.5010905 1.7231013 1.9804765 1.8960542 1.4376131 1.4875747 1.0251956 1.9237213 6.0869961 1.5361236 1.6893714 0.0000010 0.0000010 4.2559398 4.9758769 0.0000010 4.9877113 0.4340365 4.7818640 3.9914898 0.0000010 1.6002549 1.8464377 2.4306820 5.6757897 1.9219883 1.4667274 1.4141704 1.0565733 1.0565733 1.5503703 0.9737109 1.6835418 1.6835418 1.4769873 1.5238602 1.1902327 0.0000010 1.9711787 5.4105827 0.0000010 0.0000010 6.3029798 3.7003919 0.0000010 2.5261087 1.8004800 0.4430294 1.3408580 1.8011038 3.1697907 2.5683419 1.2631561 0.0000010 0.0000010 
Adig_XM_015898072.1                                             0.0000010 0.0000010 0.0000010 0.7748387 0.0000010 0.0000000 0.0238147 0.0238147 0.0000010 0.0470165 0.0461433 0.1562117 1.7891672 0.0000010 0.4096911 0.0000010 0.1170900 1.4750280 0.2778435 0.2553660 0.2918896 0.3192554 0.3068778 0.3526473 0.3526473 0.3793173 0.3793173 0.3526473 0.0000010 0.3684178 0.3684178 0.3684178 0.3798011 0.3301036 0.3880498 0.3880498 0.3690344 0.3565050 0.3529913 0.4385437 0.0000010 0.0000010 0.2409155 0.2894152 0.2962413 0.2937274 0.3761122 0.3318643 0.4130621 0.3371428 0.3674979 0.4087751 0.3767100 0.3811250 0.5576672 0.4859027 0.5459493 0.6097589 0.5423261 0.5423261 0.5423261 0.5222020 0.8281248 0.2812801 0.4663638 0.5400926 0.5400926 0.6513768 0.6912534 0.6708180 0.7232326 0.9204589 0.9842889 0.4070136 0.4070136 0.4492226 0.4492226 0.4144648 0.4339023 0.4195798 0.0000010 0.8212611 0.7846237 0.0000010 0.5232542 0.0000010 0.0000010 0.0000010 2.3449194 0.0000010 0.0000010 0.0000010 0.0000010 1.0984127 0.0000010 0.4400382 1.2583455 0.0000010 
Spis_XP_022804016_1                                             1.9691909 0.9233196 0.9839245 0.8783162 1.6345473 0.0238147 0.0000000 0.0173074 0.0860801 0.0674036 0.1156639 0.1398820 0.1321650 0.1107330 0.0907063 0.0869596 0.2536116 0.3869503 0.4508810 0.4854317 0.4485043 0.5044082 0.4845348 0.5995793 0.6801226 0.6899452 0.6095599 0.6879379 0.8229777 0.3471253 0.4805960 0.5033016 0.4043808 0.6729796 0.6921039 0.6913009 0.5949075 0.6846718 0.7180861 0.7340098 0.6169387 0.3347051 0.5548527 0.5588586 0.4795150 0.5733478 0.6858533 0.5365734 0.5638605 0.6432889 0.6680156 0.6321284 0.5155186 0.4926150 0.5515365 0.4719446 0.9141218 0.9512228 0.5310048 0.9742473 0.6653775 1.0076003 1.0464786 0.5440607 0.6560660 0.7271957 0.7304430 0.9563298 1.0133985 0.6964480 0.9313901 0.9193142 0.9265302 0.8765454 0.8345020 0.8721521 0.8721521 0.8921064 0.8656163 0.8571769 0.8200501 0.9963374 0.8943682 1.0214349 0.6727014 0.9557730 0.9683193 1.0979796 1.5007935 0.7458241 0.8570828 1.5362480 1.4831963 1.6968874 2.0422213 1.4785284 1.2755190 1.2591769 
Pocdam_XM_027197761.1                                           1.9591457 0.9233196 0.9839245 0.8802955 1.5946232 0.0238147 0.0173074 0.0000000 0.0842643 0.0674036 0.1212094 0.1419199 0.1399420 0.1183534 0.0908273 0.0953030 0.2530347 0.3580751 0.4610574 0.4857216 0.4656925 0.5066914 0.4855166 0.6021198 0.6799994 0.6898325 0.6121378 0.6854037 0.8174234 0.3566650 0.4813461 0.5041757 0.4043808 0.6761980 0.6941714 0.6933662 0.5974438 0.6826174 0.7253621 0.7381722 0.6186664 0.3347051 0.5557052 0.5604193 0.4800012 0.5722501 0.6882899 0.5376613 0.5706772 0.6455314 0.6640402 0.6474887 0.5109199 0.4967096 0.5546498 0.4719446 0.9289345 0.9565656 0.5335435 0.9891547 0.6899297 1.0215060 1.0424337 0.5421407 0.6501873 0.7217225 0.7273539 0.9649901 1.0090586 0.7067411 0.9273565 0.9219357 0.9291646 0.8720241 0.8269133 0.8745630 0.8745630 0.8867529 0.8663623 0.8484596 0.8037879 1.0060089 0.8963507 1.0510220 0.6850562 0.9477701 0.9611204 1.1030746 1.5308646 0.7273109 0.8351585 1.5375663 1.4866117 1.6944568 1.9890254 1.4465749 1.2755190 1.2903049 
Gfas_gfas1.m1.8010.m1                                           2.0656495 0.8780419 1.0258593 0.8329690 1.3054921 0.0000010 0.0860801 0.0842643 0.0000000 0.0483836 0.0743327 0.1363470 0.1077848 0.1392461 0.1134337 0.1070906 0.2597571 0.3821976 0.4476434 0.4791569 0.4627152 0.5120846 0.4960624 0.5879131 0.6737480 0.6823546 0.5964744 0.6780415 0.7676112 0.3634936 0.4766653 0.5008811 0.3934753 0.6737876 0.6950693 0.6968727 0.5848960 0.7011111 0.7129437 0.7454972 0.5917130 0.3007557 0.5669531 0.5630913 0.4694838 0.5501985 0.6899177 0.5056439 0.5568139 0.6345557 0.6602181 0.6565663 0.4833781 0.4925838 0.5554389 0.4859027 0.9341872 0.9532884 0.5454088 0.9551740 0.6598631 0.9731291 1.0302804 0.5552314 0.6064788 0.6971076 0.6976035 0.9545834 0.9900783 0.7001565 0.9404963 0.8968904 0.9083373 0.8643170 0.8217498 0.8620475 0.8620475 0.8754990 0.8572593 0.8337984 0.8227584 1.0022273 0.8998253 0.8261690 0.6471186 0.9495506 0.9323680 1.0961541 1.5086573 0.7071925 0.8118700 1.4883200 1.3376068 1.7496874 2.0518783 1.3329350 1.2026253 1.2821538 
Adig_XM_015916179.1                                             0.0000010 0.0000010 0.0000010 0.7748387 0.0000010 0.0470165 0.0674036 0.0674036 0.0483836 0.0000000 0.0088229 0.0513333 1.7891672 0.0000010 0.0728245 0.0000010 0.1660862 1.4750280 0.2738229 0.2776725 0.3397877 0.3736365 0.3657218 0.3592259 0.3592259 0.3902178 0.3902178 0.3592259 0.0000010 0.3428280 0.3428280 0.3428280 0.4075108 0.3453529 0.3860386 0.3860386 0.3767335 0.3457473 0.3596366 0.4299439 0.0000010 0.0000010 0.2742636 0.3437983 0.3403656 0.2785066 0.4234670 0.3746502 0.4894417 0.3581058 0.3756138 0.3742325 0.3482008 0.3927427 0.6026315 0.5262195 0.6910614 0.7028068 0.5841452 0.5841452 0.5841452 0.5609433 0.6897898 0.2812801 0.4911093 0.5405785 0.5405785 0.6816563 0.7245450 0.6667612 0.7563758 0.7320136 0.7950040 0.4437453 0.4437453 0.5081915 0.5081915 0.4658429 0.4893614 0.4722747 0.0000010 0.6737076 0.8996670 0.0000010 0.5232542 0.0000010 0.0000010 0.0000010 2.3449194 0.0000010 0.0000010 0.0000010 0.0000010 1.1738359 0.0000010 0.4400382 1.3017821 0.0000010 
Amil_Amillepora10654-RA                                         1.9407027 0.9142327 0.9899500 0.8743903 1.6107012 0.0461433 0.1156639 0.1212094 0.0743327 0.0088229 0.0000000 0.1227746 0.0162879 0.1937618 0.1030438 0.1419793 0.2667698 0.4181813 0.4569204 0.4925652 0.4667001 0.4865044 0.4806585 0.5795088 0.6496552 0.6722966 0.6032719 0.6817044 0.7739229 0.3247787 0.4722791 0.4943855 0.4064797 0.6450016 0.6883086 0.6834036 0.5819414 0.6767781 0.6972041 0.7217940 0.5695044 0.3232095 0.5769457 0.5731990 0.4760125 0.5537832 0.6592662 0.5280259 0.5775323 0.6174902 0.6668015 0.5995441 0.5150291 0.4865520 0.5779190 0.5044312 0.9187895 0.9476250 0.5627146 0.9193258 0.6714719 0.9407164 0.9795717 0.5637773 0.6472506 0.7321377 0.7347772 0.9585586 0.9420316 0.6973901 0.8835591 0.7990792 0.8101245 0.8918386 0.8344694 0.8867643 0.8867643 0.9017453 0.8723751 0.8492483 0.8298640 0.9500880 0.9142656 0.8312618 0.6416121 1.0204424 0.9056703 1.2233402 1.5429358 0.7063425 0.7687713 1.5064617 1.6112263 1.6295761 1.9908253 1.4176282 1.1731449 1.3080346 
Fspp_ffun1.m4.15471.m1                                          1.9580893 0.9588934 1.0262656 0.8850536 9.0000000 0.1562117 0.1398820 0.1419199 0.1363470 0.0513333 0.1227746 0.0000000 0.3333508 0.3098233 0.1282249 0.8563516 0.3308365 1.1241982 0.5457484 0.5605627 0.4809646 0.5025958 0.5072313 0.6481029 0.6481029 0.6607831 0.6607831 0.6410044 0.8578666 0.4578693 0.4994187 0.5297164 0.6016847 0.6355237 0.6498702 0.6522643 0.6431055 0.6306428 0.6783308 0.6912661 0.5823809 0.3347257 0.6215522 0.6657700 0.5794823 0.6082752 0.7144944 0.6170139 0.6714170 0.6664849 0.7069476 0.6235170 0.5684867 0.5546092 0.7265971 0.8866490 0.9437308 0.9623441 0.6690134 0.9374479 0.7243855 0.9632331 1.0262388 0.5779229 0.6943891 0.7959286 0.7959286 0.9310424 1.1039654 0.7765683 1.0317243 1.0001074 1.0221077 0.9535724 0.9359061 0.9567502 0.9567502 0.9826859 0.9405991 1.0156804 0.8340230 0.9583198 0.9346666 0.9053585 0.6634351 1.5382392 1.4428026 2.0254848 2.1213636 0.8409077 0.0000010 1.7517084 9.0000000 1.6222513 2.3988189 1.9762601 1.9360066 1.2200756 
Adig_XM_015916204.1                                             1.5108918 0.8037200 1.0967616 1.4400148 1.5580974 1.7891672 0.1321650 0.1399420 0.1077848 1.7891672 0.0162879 0.3333508 0.0000000 0.1470607 0.1215530 0.1365677 0.2850723 0.3144991 0.5500841 0.6581132 0.6128288 0.6684330 0.6448184 0.8131952 0.9607754 0.9607754 0.8131952 1.0021810 0.8778179 1.0808735 0.4611857 0.7944688 1.8534807 0.9749502 1.0029394 0.9924004 0.8046577 0.9946832 1.0124888 1.0502157 0.3865521 0.2354421 0.7430801 0.6925324 0.5286490 0.7478433 0.8374148 0.6055695 0.6352651 0.9063361 0.8615805 0.9785754 0.5616994 0.5359468 0.9168379 0.0000010 1.2228657 1.2428916 0.9168379 1.2325813 1.7752473 1.2913913 1.2017099 1.7891672 0.6897984 0.7994259 0.8066074 1.2660744 1.0301595 1.3571300 1.0384380 0.8791322 0.8791322 0.9938839 0.9165922 0.9722727 0.9722727 0.9789664 0.9645922 0.8646313 0.0000010 1.4614694 1.1717289 0.0000010 1.7891672 0.9770946 0.9550774 1.1091826 1.7503267 0.6988591 0.7761335 1.5025053 1.5323410 2.0622273 2.0668716 1.4479429 0.0000010 3.0023775 
Fspp_ffun1.m4.34140.m1                                          2.9434983 0.0000010 0.0000010 0.0000010 9.0000000 0.0000010 0.1107330 0.1183534 0.1392461 0.0000010 0.1937618 0.3098233 0.1470607 0.0000000 0.0714429 2.1986243 0.3545153 0.0000010 0.6407462 0.6948757 0.5943093 0.6563090 0.7001017 0.9890297 0.9890297 0.9890297 0.9890297 0.9982944 0.9972455 0.0000010 0.0000010 0.0000010 0.0000010 1.0575068 0.9968766 1.0073495 0.9754961 0.9558645 1.0512874 0.9714177 0.0000010 0.0000010 0.8370050 0.8057842 0.6347242 0.8915266 0.8987424 0.6904923 0.7348098 1.1811319 0.8212192 1.1701028 0.6415908 0.6017829 0.0000010 0.0000010 1.2888258 1.1851524 0.0000010 1.1760686 6.9529968 1.2768592 1.1367395 0.0000010 0.7343145 0.7713314 0.7713314 1.0313345 1.2925549 0.0000010 1.3420031 1.3230847 1.3230847 1.1371370 1.1186191 1.1493371 1.1493371 1.0673886 1.0867199 1.0796924 0.0000010 0.9793212 1.0547382 0.0000010 0.0000010 1.0204449 1.0613864 1.1461852 4.1850892 0.8115388 0.0000010 1.7517084 9.0000000 2.6169427 2.8696811 3.1181885 0.0000010 9.0000000 
Gasp_gasp1.m3.21821.m1                                          2.1905203 1.0687572 1.1460804 0.8575965 1.0707609 0.4096911 0.0907063 0.0908273 0.1134337 0.0728245 0.1030438 0.1282249 0.1215530 0.0714429 0.0000000 0.0726952 0.2888730 0.3414857 0.5044082 0.5457885 0.5038170 0.5281183 0.5250240 0.6832937 0.7223352 0.7333131 0.6949041 0.7378160 0.9306243 0.5465545 0.5799966 0.5782475 0.9954187 0.7199203 0.7380858 0.7363586 0.6758644 0.7019676 0.7592267 0.7690305 0.6655035 0.4487746 0.6315321 0.6166049 0.5289631 0.5985030 0.7513426 0.5989063 0.6033898 0.7461838 0.7455907 0.6353996 0.5378117 0.5353323 0.6426906 0.9047917 0.9441226 0.9563000 0.6003190 0.9591101 0.7993742 0.9975514 1.0133946 0.7102815 0.6693278 0.7225397 0.7279722 0.9294839 1.0569123 0.8248248 0.9837296 0.9548349 0.9694285 0.9444137 0.9415955 0.9265917 0.9265917 0.9529999 0.9317786 0.9620668 0.7961402 0.9328565 0.9133890 0.9844013 0.7365713 0.9754118 0.9314872 1.0630785 1.3545705 0.6050711 0.8607066 1.3054462 1.1521689 1.8355921 1.6175410 1.4655409 1.3778054 1.2707464 
Fspp_ffun1.m4.15472.m1                                          1.1044090 0.4030780 0.0000010 0.2825028 1.5402775 0.0000010 0.0869596 0.0953030 0.1070906 0.0000010 0.1419793 0.8563516 0.1365677 2.1986243 0.0726952 0.0000000 0.3166531 0.2220474 0.5330298 0.7016774 0.7212223 0.8545424 0.6642618 0.9115477 1.3143339 1.3143339 0.9115477 1.3849042 1.1211664 0.5581365 0.4689821 0.3859679 0.0000010 1.3285771 1.3357663 1.3282807 0.9397585 1.4159851 1.3482138 1.5827051 0.3859679 0.0000010 0.7257299 0.5860609 0.5477094 0.7724405 1.1158057 0.6134031 0.7273107 0.6637805 1.1348705 5.6281785 0.5612262 0.6268423 0.0000010 0.0000010 1.9676699 2.0551422 0.0000010 2.1853988 1.3355504 2.2407873 2.1732028 0.2825028 0.8141525 0.7824822 0.9426131 2.2566866 0.9745662 0.6646475 0.8768678 0.5987175 0.5987175 0.8844481 0.6254344 0.9799116 0.9799116 1.0167728 1.0160657 0.6486366 0.2825028 1.6444227 1.9307657 0.0000010 0.0000010 0.8590696 0.6491978 0.0000010 1.3009148 0.6803846 0.8040485 1.4232960 1.3783756 2.6691825 2.0144080 1.1912062 0.0000010 0.2825028 
Nvec_NVE12627                                                   2.0528292 0.9352876 1.0975677 0.9317499 1.5166160 0.1170900 0.2536116 0.2530347 0.2597571 0.1660862 0.2667698 0.3308365 0.2850723 0.3545153 0.2888730 0.3166531 0.0000000 0.0947676 0.4721196 0.5154142 0.5109983 0.5163015 0.5170300 0.6316902 0.7071537 0.7069928 0.6311476 0.7400437 0.8378902 0.4005815 0.5117749 0.5431932 0.5089111 0.6851902 0.7176929 0.7186652 0.6168063 0.7314201 0.7678262 0.7794037 0.6098966 0.3714286 0.6076788 0.6135598 0.5251119 0.6130102 0.7294617 0.5687030 0.5814078 0.6766383 0.7110218 0.6670475 0.5117088 0.5284357 0.5886403 0.5229125 0.9319368 0.9557706 0.5256659 1.0046250 0.6421150 1.0443960 1.0391111 0.5667825 0.6117929 0.7177156 0.7131087 1.0280037 1.0228993 0.6251552 0.9332589 0.8994364 0.9092695 0.8666437 0.8334183 0.8622197 0.8622197 0.8759402 0.8594717 0.8138887 0.7724495 1.0182193 0.9705523 0.7970120 0.5810704 1.0773639 0.9481587 1.1488657 1.5433975 0.8435734 0.8139344 1.6200449 1.5824934 1.6957952 2.0334425 1.6237718 1.1851465 1.2406797 
Nvec_v1g156512                                                  4.6105554 0.5125116 0.0000010 3.3105354 1.0221719 1.4750280 0.3869503 0.3580751 0.3821976 1.4750280 0.4181813 1.1241982 0.3144991 0.0000010 0.3414857 0.2220474 0.0947676 0.0000000 0.6196378 0.8075956 0.9638116 0.8186966 0.6770802 0.9799289 1.1821928 1.1821928 0.9799289 0.9604889 0.9414328 0.8544891 0.8198656 1.1815365 1.1815365 0.9443293 0.7905088 0.7986448 0.9799289 0.9746031 1.3443798 1.1639137 4.1217919 0.0000010 0.9947254 0.6968513 0.6040980 0.6911146 1.3649944 0.6988249 0.6992620 1.1882155 1.1754291 1.2618598 0.6594416 0.9126065 0.9718020 0.0000010 1.8750875 1.8526265 0.9718020 1.8355679 0.6917777 1.8109705 1.9126759 1.7315404 0.6897065 0.8296231 1.1231045 2.1100518 0.9574056 0.8720942 0.8170248 0.8312003 0.8312003 0.6612226 0.6612226 0.6974856 0.6974856 0.6643096 0.6523144 0.6969580 0.0000010 1.1267176 2.0785045 0.0000010 1.4780585 1.2869771 2.3401222 1.4634846 1.0960672 0.6916514 0.7145001 1.3941517 1.2547249 3.1096735 1.4179507 2.1398234 0.0000010 0.0000010 
Dgig_XM_028538328.1                                             2.1926325 1.0456488 1.1916197 0.9542841 1.5498852 0.2778435 0.4508810 0.4610574 0.4476434 0.2738229 0.4569204 0.5457484 0.5500841 0.6407462 0.5044082 0.5330298 0.4721196 0.6196378 0.0000000 0.1883813 0.6434579 0.6271041 0.6199661 0.6978898 0.7730863 0.7790561 0.7039468 0.8042154 0.9559488 0.4762451 0.5765275 0.5620791 0.5669007 0.7980229 0.8177107 0.8172378 0.7311875 0.8208475 0.8023525 0.8376726 0.6962293 0.4223795 0.7051608 0.7156345 0.6544849 0.7166890 0.7634249 0.7186618 0.7067506 0.7013922 0.8010497 0.7299035 0.6232445 0.6530844 0.5473538 0.4510994 1.0015417 1.0074431 0.5625730 1.0275382 0.7337143 1.0440769 1.0846977 0.6804696 0.7075494 0.8016205 0.8066789 1.0430993 1.0711052 0.6726270 1.0270156 0.9620615 0.9698501 0.9406271 0.8867716 0.9200119 0.9200119 0.9324781 0.8942902 0.8686176 0.7395492 1.0701502 1.0295505 0.9833090 0.7133059 1.0813857 0.9262301 1.4548832 1.4689479 1.0575078 0.9088366 1.4657884 1.2807833 1.8176197 2.0432146 1.7069792 1.3313531 1.6185853 
Xesp_021682-T1                                                  2.3922386 1.0165065 1.2153937 0.9304879 1.7427810 0.2553660 0.4854317 0.4857216 0.4791569 0.2776725 0.4925652 0.5605627 0.6581132 0.6948757 0.5457885 0.7016774 0.5154142 0.8075956 0.1883813 0.0000000 0.6416246 0.6581140 0.6451425 0.7049120 0.7919568 0.7969836 0.7097148 0.8241956 0.9581980 0.4802074 0.6021877 0.5937166 0.5516468 0.8074402 0.8151535 0.8197413 0.7269880 0.8444720 0.8132189 0.8493848 0.7088126 0.3932811 0.7173115 0.7241467 0.6965230 0.7653237 0.7935236 0.7465919 0.7448609 0.7398809 0.8055361 0.7372217 0.6846686 0.6691111 0.5180258 0.4240643 1.0106616 1.0813001 0.5543245 1.0572178 0.7126265 1.0526233 1.1012755 0.7106704 0.7560400 0.8603926 0.8599134 1.0200410 1.0489480 0.6902886 0.9956663 0.9703470 0.9828641 0.9408682 0.8775946 0.9020589 0.9020589 0.9049839 0.8685743 0.8642858 0.7553908 1.0673185 1.0374994 0.8978477 0.7106406 1.1369151 0.9786979 1.5255509 1.7242901 1.0363318 0.9451078 1.5163254 1.4225795 1.6688871 2.1619628 1.6688249 1.3326353 1.6232889 
Sanmal_Sma_023044-T1                                            2.1155283 0.9120221 0.9643935 0.8816372 1.9457630 0.2918896 0.4485043 0.4656925 0.4627152 0.3397877 0.4667001 0.4809646 0.6128288 0.5943093 0.5038170 0.7212223 0.5109983 0.9638116 0.6434579 0.6416246 0.0000000 0.2372561 0.2403970 0.7445338 0.8258065 0.8357315 0.7544575 0.8389708 1.0216662 0.3622245 0.5814624 0.5802518 0.4019035 0.8175821 0.8019303 0.8026424 0.7153884 0.8349384 0.8508743 0.8457083 0.7768045 0.3720246 0.6842300 0.6692284 0.6518104 0.6770812 0.7754086 0.6793245 0.6643233 0.7498485 0.7715175 0.5001596 0.4266244 0.4125276 0.6181041 0.3681985 1.0508799 1.0617926 0.5978034 1.0797464 0.7903981 1.0630291 1.2034510 0.6446509 0.7352008 0.7891516 0.7842108 1.0971614 1.0716867 0.5916935 0.9610226 0.9890364 0.9976705 1.0024168 0.9638174 1.0130966 1.0130966 1.0080844 0.9931827 0.9600661 0.9123142 1.1120732 1.0304149 0.9865752 0.7563601 1.1493175 1.0228625 1.5795341 1.7093967 0.7569713 1.0006118 1.3789164 1.4067399 1.7153272 2.1234289 1.8419509 1.2222630 1.3920601 
Nemnom_g2826.t1                                                 2.1357195 0.9246243 0.9894741 0.9144964 2.0877503 0.3192554 0.5044082 0.5066914 0.5120846 0.3736365 0.4865044 0.5025958 0.6684330 0.6563090 0.5281183 0.8545424 0.5163015 0.8186966 0.6271041 0.6581140 0.2372561 0.0000000 0.0742402 0.7343679 0.8232428 0.8432016 0.7547996 0.8025329 0.9905795 0.3946055 0.5667033 0.5601021 0.4362086 0.7794223 0.7850315 0.7807974 0.7066149 0.8066993 0.8258905 0.8672355 0.6976761 0.3501809 0.6902669 0.6924845 0.6458177 0.6507749 0.7879418 0.6958403 0.7105572 0.7549592 0.7964418 0.4995506 0.4438195 0.4188389 0.6367673 0.4153099 0.9767832 0.9850182 0.6220272 1.0590872 0.8286075 1.0774572 1.1020642 0.6831875 0.7513703 0.7784264 0.7727479 1.0765271 1.1200057 0.6528614 1.0038244 1.0013885 1.0007108 1.0059924 0.9682219 0.9940685 0.9940685 1.0081898 0.9839292 0.9598188 0.9220679 1.1412378 0.9610383 0.8652255 0.6927857 1.3194674 1.0515180 1.6813325 2.1055629 0.8467361 1.2253966 1.5492996 1.6227955 1.7611235 2.1441904 1.7552746 1.3405005 1.3660486 
Rhoesc_Res_003683-T1                                            2.1202859 0.9420005 1.0432316 0.9565650 1.6346793 0.3068778 0.4845348 0.4855166 0.4960624 0.3657218 0.4806585 0.5072313 0.6448184 0.7001017 0.5250240 0.6642618 0.5170300 0.6770802 0.6199661 0.6451425 0.2403970 0.0742402 0.0000000 0.7308990 0.8071629 0.8235802 0.7478288 0.8010546 0.9966774 0.3888042 0.5696572 0.5599110 0.4283872 0.7848133 0.7895359 0.7868397 0.7022816 0.8125936 0.8261405 0.8623732 0.7183693 0.3376706 0.6985921 0.6801565 0.6323907 0.6729031 0.7679080 0.6874019 0.6948628 0.7177383 0.7794130 0.4950720 0.4300828 0.4153006 0.6610352 0.4350697 0.9960143 1.0344033 0.6521590 1.1146681 0.8593607 1.1216923 1.1378140 0.7180633 0.7420566 0.7816099 0.7823580 1.1353501 1.1084324 0.6258796 0.9823353 1.0106165 1.0066419 0.9835599 0.9481944 0.9717447 0.9717447 0.9802052 0.9611854 0.9265360 0.9572728 1.1362531 0.9880287 0.9907660 0.7570660 1.3067650 1.0684106 1.5402550 1.9593152 0.8492815 0.9957090 1.5137743 1.4111164 1.7551598 2.1501802 1.8159565 1.3065132 1.4294863 
Bolinf_Binf_sb1258014                                           2.2333329 0.8883025 0.9832967 1.0791035 0.0000010 0.3526473 0.5995793 0.6021198 0.5879131 0.3592259 0.5795088 0.6481029 0.8131952 0.9890297 0.6832937 0.9115477 0.6316902 0.9799289 0.6978898 0.7049120 0.7445338 0.7343679 0.7308990 0.0000000 0.0000010 0.0405993 0.0405993 0.0461953 0.0992513 0.0501960 0.0658453 0.0880049 0.0921743 0.1308072 0.1097781 0.1089849 0.1020081 0.1129467 0.0762730 0.1286322 0.0951804 0.3482677 0.5812760 0.6114917 0.5749989 0.6110681 0.6520669 0.5946428 0.6093722 0.6331738 0.6378030 0.7089714 0.7141231 0.7287005 0.4946739 0.4954951 0.8586748 0.8759580 0.5265727 0.8421051 0.7496548 0.8718856 0.8549101 0.6855601 0.6634687 0.8221153 0.8221153 0.8896408 0.9854000 0.7292414 1.0353793 1.0375536 1.0659180 1.0562007 1.0396061 1.0066768 1.0066768 1.0167081 0.9754475 1.0546248 0.8546387 0.3083322 0.8519642 1.5492194 0.8350339 1.0164907 1.0255539 1.2824660 0.4987911 1.3504488 1.4301866 2.6888175 0.0000010 1.6069489 2.0990547 1.6149335 1.1886109 1.5458614 
Mertsp_Mesp_sb576839                                            2.2026382 0.8774694 0.9832967 1.0791035 2.5558791 0.3526473 0.6801226 0.6799994 0.6737480 0.3592259 0.6496552 0.6481029 0.9607754 0.9890297 0.7223352 1.3143339 0.7071537 1.1821928 0.7730863 0.7919568 0.8258065 0.8232428 0.8071629 0.0000010 0.0000000 0.0357075 0.0405993 0.0771244 0.1434611 0.0569569 0.0679582 0.0880049 0.0921743 0.1624404 0.1393884 0.1368398 0.1020081 0.1311189 0.1106450 0.1731457 0.0951804 0.3482677 0.6630382 0.6889270 0.6616219 0.6774785 0.7408471 0.6644876 0.6853957 0.6801431 0.7314965 0.7597229 0.7956474 0.8146571 0.4946739 0.4954951 1.0035102 1.0155773 0.5265727 0.9967024 0.7437817 1.0250041 1.0054307 0.6855601 0.7499873 0.8744368 0.8490752 1.0418198 1.0128552 0.7275275 1.0611450 1.0274710 1.0525390 1.0960739 1.0489890 1.0644256 1.0644256 1.0628848 1.0248755 1.0721580 0.8546387 0.3666025 0.9973375 1.5492194 0.8350339 1.0528340 1.0172117 1.2824660 0.4529797 1.5095252 1.3071413 1.9501737 1.6731935 1.6755723 2.0003463 1.6669299 1.1353054 1.5458614 
Mertsp_Mesp_sb576840                                            2.1982452 0.8898056 0.9834268 1.0744724 2.5558791 0.3793173 0.6899452 0.6898325 0.6823546 0.3902178 0.6722966 0.6607831 0.9607754 0.9890297 0.7333131 1.3143339 0.7069928 1.1821928 0.7790561 0.7969836 0.8357315 0.8432016 0.8235802 0.0405993 0.0357075 0.0000000 0.0000010 0.1092185 0.1434611 0.0795173 0.0855866 0.1091329 0.1037503 0.1688638 0.1298190 0.1272805 0.0905461 0.1261866 0.1287696 0.1785818 0.0961208 0.3329920 0.6732221 0.6985338 0.6829443 0.6989205 0.7552605 0.6714360 0.6924229 0.7088926 0.7410945 0.7714230 0.7931271 0.8238823 0.5209222 0.4954951 1.0033201 1.0266319 0.5491383 1.0218883 0.7631874 1.0323997 1.0061756 0.7185449 0.7631223 0.8873408 0.8625562 1.0465753 1.0443045 0.7752598 1.0819058 1.0634573 1.0892010 1.1019623 1.0491310 1.0748542 1.0748542 1.0718661 1.0330250 1.0762863 0.8325415 0.3681827 1.0167353 1.6619965 0.8723380 1.0528340 1.0172117 1.2824660 0.4568367 1.5095252 1.3071413 1.9501737 1.6731935 1.6914461 2.0003463 1.7264962 1.1353054 1.6466374 
Bolinf_Binf_sb1258015                                           2.2288768 0.9010674 0.9834268 1.0744724 0.0000010 0.3793173 0.6095599 0.6121378 0.5964744 0.3902178 0.6032719 0.6607831 0.8131952 0.9890297 0.6949041 0.9115477 0.6311476 0.9799289 0.7039468 0.7097148 0.7544575 0.7547996 0.7478288 0.0405993 0.0405993 0.0000010 0.0000000 0.0799674 0.0992513 0.0728408 0.0834626 0.1091329 0.1037503 0.1376116 0.0995653 0.0987426 0.0905461 0.1074083 0.0954425 0.1342343 0.0961208 0.3329920 0.5915887 0.6213705 0.5967517 0.6335162 0.6666229 0.6015241 0.6162395 0.6633642 0.6473200 0.7202679 0.7110620 0.7378457 0.5209222 0.4954951 0.8578185 0.8868465 0.5491383 0.8671294 0.7695562 0.8797691 0.8550043 0.7185449 0.6769884 0.8360701 0.8360701 0.8940336 1.0203738 0.7783045 1.0584183 1.0782656 1.1074967 1.0625689 1.0397267 1.0179267 1.0179267 1.0264264 0.9842308 1.0592989 0.8325415 0.3097858 0.8711659 1.6619965 0.8723380 1.0164907 1.0255539 1.2824660 0.5070385 1.3504488 1.4301866 2.6888175 0.0000010 1.6243547 2.0990547 1.7063872 1.1886109 1.6466374 
Mlei_ML0544.g7.i1                                               2.1955378 0.8793956 0.9867278 1.0796107 2.5919682 0.3526473 0.6879379 0.6854037 0.6780415 0.3592259 0.6817044 0.6410044 1.0021810 0.9982944 0.7378160 1.3849042 0.7400437 0.9604889 0.8042154 0.8241956 0.8389708 0.8025329 0.8010546 0.0461953 0.0771244 0.1092185 0.0799674 0.0000000 0.0057811 0.0569569 0.0632842 0.0825254 0.0921743 0.1882709 0.1590092 0.1552998 0.1181567 0.1589891 0.1417462 0.1673849 0.0908533 0.3482677 0.6778365 0.6912221 0.6783573 0.7298823 0.7716389 0.6865112 0.7119796 0.6654751 0.7448773 0.7718636 0.7964124 0.8177166 0.4946739 0.4954951 1.0870616 1.0938288 0.5265727 1.0673210 0.7415213 1.0880325 1.0792667 0.6767298 0.7878122 0.8958557 0.8724416 1.0977335 1.0385290 0.7248832 1.0592533 1.0291138 1.0542183 1.1093764 1.0570811 1.1045321 1.1045321 1.0890157 1.0569935 1.1010129 0.8482669 0.4033378 1.0710767 1.5841890 0.8443122 1.0761297 1.0321987 1.2654489 0.7062930 1.6511938 1.2967062 2.0819737 1.9042031 1.7723635 2.4988484 1.7477984 1.1353054 1.5577082 
Vmul_sbMO490310                                                 1.7007950 0.6681800 0.8514819 1.1646261 1.8628482 0.0000010 0.8229777 0.8174234 0.7676112 0.0000010 0.7739229 0.8578666 0.8778179 0.9972455 0.9306243 1.1211664 0.8378902 0.9414328 0.9559488 0.9581980 1.0216662 0.9905795 0.9966774 0.0992513 0.1434611 0.1434611 0.0992513 0.0057811 0.0000000 0.5581365 0.0302741 0.1416215 0.0000010 0.2212068 0.1877421 0.1756149 0.1226813 0.2190180 0.1801273 0.2217942 0.0417813 0.2335002 0.7767364 0.7865163 0.7583834 0.7875038 0.8695443 0.6959133 0.7499942 0.7876474 0.7924394 0.9040401 0.9226581 0.9581231 0.0000010 0.0000010 1.1736772 1.1242488 0.0000010 1.1306896 1.9809955 1.1575675 1.0464552 0.0000010 0.9015112 1.0323629 0.9946811 1.1346273 1.0301792 0.6646475 1.1063641 0.9967043 0.9967043 1.1506288 1.1581782 1.1001411 1.1001411 1.0918878 1.0882075 1.1978562 0.0000010 0.4684580 1.0440406 0.0000010 0.0000010 1.0755933 1.0339482 1.2654489 0.6618402 1.4175291 1.4672016 1.9335177 1.5670948 1.9182203 1.8437112 1.9018959 0.0000010 3.0023775 
Drygla_Dgla_sb292258                                            0.0000010 0.0000010 0.0000010 0.7754799 0.5581365 0.3684178 0.3471253 0.3566650 0.3634936 0.3428280 0.3247787 0.4578693 1.0808735 0.0000010 0.5465545 0.5581365 0.4005815 0.8544891 0.4762451 0.4802074 0.3622245 0.3946055 0.3888042 0.0501960 0.0569569 0.0795173 0.0728408 0.0569569 0.5581365 0.0000000 0.0000010 0.0000010 0.1169906 0.0952294 0.0734184 0.0734184 0.0814511 0.0725597 0.0793757 0.1045142 0.0000010 0.0000010 0.3853512 0.3948815 0.3875588 0.3671188 0.4370652 0.3727379 0.4534448 0.5095816 0.3994646 0.4132645 0.4794664 0.3798629 0.5425224 0.5396601 0.6271610 0.6287965 0.5326743 0.5713892 0.5350939 0.5548869 0.7172152 0.3641980 0.4559830 0.5673598 0.5492553 0.6257612 0.6201543 0.5561559 0.6099743 0.7895665 0.8753406 0.5447899 0.5447899 0.5225166 0.5225166 0.5461454 0.5263196 0.5163769 1.2173913 0.4204010 0.7816514 0.0000010 0.4972584 0.0000010 0.0000010 0.0000010 0.6777917 1.4175684 0.5581365 1.2197158 1.4264307 1.0945616 1.0415511 0.5005542 1.2946352 0.0000010 
Drygla_Dgla_sb292256                                            2.0763188 0.8877171 0.9710071 1.0514272 0.5581365 0.3684178 0.4805960 0.4813461 0.4766653 0.3428280 0.4722791 0.4994187 0.4611857 0.0000010 0.5799966 0.4689821 0.5117749 0.8198656 0.5765275 0.6021877 0.5814624 0.5667033 0.5696572 0.0658453 0.0679582 0.0855866 0.0834626 0.0632842 0.0302741 0.0000010 0.0000000 0.0127252 0.1449646 0.1340234 0.1148016 0.1148016 0.1111005 0.0916548 0.0942666 0.0935940 0.0787982 0.3340183 0.4697529 0.5162381 0.4833985 0.5068606 0.5389975 0.5084405 0.5269839 0.5376396 0.5664517 0.6022331 0.5909802 0.6279610 0.5533764 0.5396601 0.7890719 0.7994139 0.5863684 0.7698782 0.7580028 0.7656597 0.7622004 0.6813063 0.5562030 0.7342810 0.7288288 0.7516986 0.9089343 0.7295930 0.9261497 0.9630362 0.9937769 0.9350144 0.9181251 0.9167596 0.9167596 0.9374520 0.8879270 0.9466651 0.8802313 0.3507265 0.8158135 1.7095748 0.8726483 0.5904250 0.6472364 0.4415466 1.2390804 1.3834262 0.5581365 1.2197158 1.4264307 1.3978247 1.0155807 1.1697857 1.2946352 1.5874109 
Drygla_Dgla_sb292257                                            2.5936384 1.0564466 0.9710071 1.1036598 0.0000010 0.3684178 0.5033016 0.5041757 0.5008811 0.3428280 0.4943855 0.5297164 0.7944688 0.0000010 0.5782475 0.3859679 0.5431932 1.1815365 0.5620791 0.5937166 0.5802518 0.5601021 0.5599110 0.0880049 0.0880049 0.1091329 0.1091329 0.0825254 0.1416215 0.0000010 0.0127252 0.0000000 0.1449646 0.1632404 0.1377314 0.1377314 0.1419556 0.1160152 0.1156919 0.1183228 0.1223685 0.4994898 0.5144659 0.5559410 0.5189530 0.5228857 0.5773552 0.5640017 0.5662924 0.5861068 0.6211920 0.6297231 0.6039057 0.6542701 0.5533764 0.5396601 0.8377227 0.8459108 0.5863684 0.8113731 0.7194043 0.8064856 0.8244203 0.6813063 0.6179937 0.7746935 0.7746935 0.8020038 1.0160102 0.7295930 0.9854100 1.0755764 1.1137957 1.0012901 0.9765332 0.9839726 0.9839726 0.9959149 0.9421557 1.0431512 0.8802313 0.2298913 0.8687620 1.7095748 0.8726483 0.0000010 0.0000010 0.0000010 1.4906139 0.9148617 0.0000010 0.0000010 0.0000010 1.4853899 0.0000010 1.3698389 1.3600416 1.5874109 
Eupdun_Edun_sb10650528                                          3.4459159 1.2502204 1.4915229 0.9250964 0.0000010 0.3798011 0.4043808 0.4043808 0.3934753 0.4075108 0.4064797 0.6016847 1.8534807 0.0000010 0.9954187 0.0000010 0.5089111 1.1815365 0.5669007 0.5516468 0.4019035 0.4362086 0.4283872 0.0921743 0.0921743 0.1037503 0.1037503 0.0921743 0.0000010 0.1169906 0.1449646 0.1449646 0.0000000 0.0261916 0.0925756 0.0925756 0.1040437 0.0827745 0.1112291 0.1660373 1.4915229 1.0408727 0.3548808 0.3714814 0.4319639 0.4054399 0.4391249 0.3970717 0.4556010 0.5570411 0.3717603 0.5684843 0.5815217 0.4376883 0.5328649 0.4749132 0.6358751 0.5986727 0.5203212 0.5359992 0.5203212 0.5466268 0.7696340 0.3753152 0.4945664 0.6952247 0.6952247 0.6795007 0.7759722 0.6004289 0.7231954 0.9926252 1.1691497 0.6451549 0.6451549 0.6289537 0.6289537 0.6532564 0.6267425 0.6018952 0.0000010 0.6768380 0.8151680 0.0000010 0.4614782 0.0000010 0.0000010 0.0000010 0.9139068 0.0000010 0.0000010 0.0000010 0.0000010 1.1703569 0.0000010 0.4400382 1.1560673 0.8774326 
Eupdun_Edun_sb10650526                                          2.0755021 0.8117746 0.9527898 0.9895869 2.1081028 0.3301036 0.6729796 0.6761980 0.6737876 0.3453529 0.6450016 0.6355237 0.9749502 1.0575068 0.7199203 1.3285771 0.6851902 0.9443293 0.7980229 0.8074402 0.8175821 0.7794223 0.7848133 0.1308072 0.1624404 0.1688638 0.1376116 0.1882709 0.2212068 0.0952294 0.1340234 0.1632404 0.0261916 0.0000000 0.2080436 0.2091623 0.1565847 0.1979326 0.2269527 0.2448584 0.1503264 0.3849027 0.6439229 0.6706471 0.6572920 0.6942038 0.7539228 0.6633542 0.6579798 0.7103362 0.7045467 0.7927331 0.7894467 0.8016619 0.4849946 0.4749132 1.0868050 1.1134383 0.5209332 1.0784094 0.7394625 1.0625466 1.0712794 0.6557746 0.7707358 0.8650191 0.8397359 1.0983093 1.0734689 0.6938560 1.0357619 1.0064177 1.0342908 1.0591409 1.0016048 1.0345326 1.0345326 1.0465088 1.0160118 1.0179316 0.8533092 0.4955467 1.0477995 1.4960822 0.7957143 0.9759037 1.0594840 1.2004427 0.7144969 1.6558043 1.2479905 2.1973036 1.7495812 1.6950524 2.1709033 1.7691016 1.1046302 1.5204001 
Coemet_Cmet_scaffold6182_01                                     2.2459694 0.8921296 0.9415531 1.0584460 2.5877219 0.3880498 0.6921039 0.6941714 0.6950693 0.3860386 0.6883086 0.6498702 1.0029394 0.9968766 0.7380858 1.3357663 0.7176929 0.7905088 0.8177107 0.8151535 0.8019303 0.7850315 0.7895359 0.1097781 0.1393884 0.1298190 0.0995653 0.1590092 0.1877421 0.0734184 0.1148016 0.1377314 0.0925756 0.2080436 0.0000000 0.0079904 0.0576934 0.1751579 0.1980200 0.1849807 0.1135976 0.3478490 0.6625599 0.6829170 0.6758590 0.7204784 0.7747694 0.7039698 0.7343507 0.7122091 0.7259514 0.7552178 0.8069405 0.8109022 0.5319180 0.4725827 1.0694494 1.0816703 0.5850381 1.0553695 0.7653942 1.0642881 1.0593577 0.7351250 0.7658776 0.8668611 0.8530302 1.0890417 1.0580043 0.7669903 1.0754561 1.0633241 1.0847114 1.1097086 1.0517054 1.0968404 1.0968404 1.0916912 1.0533419 1.0677155 0.9195691 0.4070835 1.0574864 1.4317377 0.7991046 1.0371050 1.0022766 1.3216574 0.4268849 1.6458444 1.1920626 2.1512386 1.9104267 1.6987615 2.2581715 1.6815247 1.1729130 1.5201925 
Coeast_Cast_sb823102                                            2.2596050 0.8921296 0.9415531 1.0584460 2.6631760 0.3880498 0.6913009 0.6933662 0.6968727 0.3860386 0.6834036 0.6522643 0.9924004 1.0073495 0.7363586 1.3282807 0.7186652 0.7986448 0.8172378 0.8197413 0.8026424 0.7807974 0.7868397 0.1089849 0.1368398 0.1272805 0.0987426 0.1552998 0.1756149 0.0734184 0.1148016 0.1377314 0.0925756 0.2091623 0.0079904 0.0000000 0.0576433 0.1731982 0.1979902 0.1915428 0.1135976 0.3478490 0.6631076 0.6778469 0.6771123 0.7168088 0.7660387 0.7028429 0.7306492 0.7102813 0.7299938 0.7585803 0.7980810 0.8087282 0.5319180 0.4725827 1.0653253 1.0807563 0.5850381 1.0527930 0.7653942 1.0639796 1.0472601 0.7351250 0.7694175 0.8635381 0.8501958 1.0802101 1.0507408 0.7669903 1.0695814 1.0544450 1.0756905 1.1134140 1.0555498 1.1028454 1.1028454 1.0987310 1.0616205 1.0731537 0.9195691 0.4108852 1.0573989 1.4317377 0.7991046 1.0538538 1.0070321 1.3216574 0.4183440 1.6557919 1.2104741 2.1446722 1.9279273 1.6971879 2.2024928 1.6894658 1.1729130 1.5201925 
Vmul_sbMO470644                                                 2.3316185 0.8945601 0.9721367 1.0956970 0.0000010 0.3690344 0.5949075 0.5974438 0.5848960 0.3767335 0.5819414 0.6431055 0.8046577 0.9754961 0.6758644 0.9397585 0.6168063 0.9799289 0.7311875 0.7269880 0.7153884 0.7066149 0.7022816 0.1020081 0.1020081 0.0905461 0.0905461 0.1181567 0.1226813 0.0814511 0.1111005 0.1419556 0.1040437 0.1565847 0.0576934 0.0576433 0.0000000 0.1313826 0.1279462 0.1614292 0.1270427 0.3663357 0.5796718 0.6005055 0.5978941 0.6241179 0.6756576 0.6206665 0.6104137 0.6831223 0.6488375 0.7187050 0.7015722 0.7191140 0.5387945 0.4435351 0.8721044 0.8965678 0.6017669 0.8868518 0.7720625 0.9066814 0.8371458 0.7332488 0.6784692 0.8079860 0.8079860 0.9130422 1.0307360 0.7847187 1.0728211 1.0760101 1.1038581 1.0470488 1.0413737 1.0099512 1.0099512 1.0163062 0.9845076 1.0651238 0.8919076 0.3503107 0.8726073 1.3372107 0.7972042 1.0158460 0.9885156 1.2769774 0.3786741 1.3636620 1.4304499 2.4851907 0.0000010 1.6263888 1.8932113 1.8508057 1.1585348 1.5347920 
Lampan_Lpan_C420107_01                                          2.2133310 0.9120043 0.9727763 1.0367814 2.6425362 0.3565050 0.6846718 0.6826174 0.7011111 0.3457473 0.6767781 0.6306428 0.9946832 0.9558645 0.7019676 1.4159851 0.7314201 0.9746031 0.8208475 0.8444720 0.8349384 0.8066993 0.8125936 0.1129467 0.1311189 0.1261866 0.1074083 0.1589891 0.2190180 0.0725597 0.0916548 0.1160152 0.0827745 0.1979326 0.1751579 0.1731982 0.1313826 0.0000000 0.1816879 0.2132671 0.0888411 0.3891521 0.6595716 0.6937881 0.6773915 0.7349301 0.8075331 0.7042399 0.7209531 0.7183612 0.7750893 0.7741150 0.8424975 0.8184118 0.4892747 0.5107138 1.0392360 1.0602677 0.5220531 1.0640866 0.7181182 1.0660663 1.0568805 0.7106025 0.7884158 0.8904920 0.8730506 1.1498524 1.0752648 0.7115983 1.0781967 1.0662525 1.0922315 1.1341844 1.0535976 1.1483348 1.1483348 1.1389065 1.1067146 1.0867171 0.9220856 0.4510533 1.0814660 1.5860392 0.8415560 1.0511735 0.9873478 1.1952743 0.7446446 1.6325894 1.3717632 2.2158548 1.9660947 1.7123783 2.1529561 1.6997962 1.1955409 1.6424497 
