77
Lcom_lcpid71057                                              0.0000000 0.5219958 0.4282372 0.5272414 0.9807366 1.3873147 1.4152064 1.4418281 1.3880621 1.4251209 1.3429362 2.4090648 1.5258511 1.8657531 1.1563113 1.4288190 1.3882600 1.6117767 1.9501463 1.6266355 1.8369499 2.1750585 1.9307405 2.0945009 1.7847990 1.8876255 1.5370981 1.9561826 2.0053305 1.0686158 1.4393753 2.0075937 1.5355007 1.4648340 1.7765982 1.5912131 1.3994426 1.4517787 1.4540075 1.4824765 1.3036136 1.5164921 1.7669687 1.6000332 1.6152094 1.6224242 1.7082677 1.6124688 1.6997223 1.9263810 1.7403016 1.6794704 1.4435081 2.1370896 1.6711712 1.5452341 1.7445202 1.7203178 1.6091432 1.7866465 1.6468552 1.6195720 1.6438121 1.7898970 1.6847215 1.5141986 1.6221500 1.6213428 1.7756572 1.7386498 1.7309474 1.6559712 1.6540391 1.5686489 1.5686489 1.6694185 1.6506793 
Leuniv_Lniv_scaffold19250_01                                 0.5219958 0.0000000 0.4238017 0.5440040 0.9871447 1.6104006 1.5821357 1.6146173 1.4899082 1.3417689 1.2766888 2.0262525 1.4311388 1.6496857 1.2257009 1.5433270 1.4384517 1.6964785 1.9526454 1.8329963 1.9027104 2.2750230 2.0321938 2.1965021 2.0379367 1.9884290 1.7081929 2.1526709 2.1022504 1.2678941 1.5140875 2.0499460 1.6465897 1.5767998 1.7075221 1.6508390 1.4648263 1.5827158 1.5701572 1.5726180 1.3095465 1.5506488 1.6396874 1.6655819 1.7869321 1.8664388 2.1134052 1.6951537 1.8992903 2.1115134 1.6854952 1.7851888 1.5584806 2.1011078 1.5226105 1.6643596 1.9118621 1.8297542 1.7481856 1.8491549 1.8221898 1.7786252 1.7979510 2.0391108 1.7634913 1.5333711 1.5840991 1.8199054 1.8838270 1.7932874 1.8048324 1.8378228 1.8136819 1.7374557 1.7374557 1.7114596 1.7338867 
Scil_scict016001.1                                           0.4282372 0.4238017 0.0000000 0.5666213 0.8889618 1.5254837 1.5269324 1.5572954 1.3848978 1.3265986 1.2433627 1.8390092 1.4708436 1.7648825 1.1808530 1.4164725 1.3924818 1.6346727 2.0033404 1.7522042 2.0410833 2.4575930 2.1066382 2.3505795 1.9801374 2.0007396 1.7620269 2.1131594 2.1505635 1.1597938 1.4259886 2.0162862 1.7816762 1.5132637 1.8425840 1.5531378 1.3870862 1.5389914 1.4560385 1.5085589 1.4099039 1.6304963 1.6829544 1.8146800 1.7270831 1.6766708 1.8842599 1.6618913 1.8378140 1.9506068 1.8090518 1.8402728 1.5550954 2.2828913 1.6832936 1.5906234 1.7627044 1.8672244 1.6989715 1.8004908 1.8892726 1.6655576 1.7693574 1.9885948 1.6551353 1.5565344 1.6568464 1.8365108 1.6864872 1.6990552 1.7213419 1.7081637 1.7050658 1.6302133 1.6302133 1.7706985 1.7868044 
Gracom_Gcom_C547638_01                                       0.5272414 0.5440040 0.5666213 0.0000000 0.8234234 1.4087549 1.3669029 1.3843193 1.4385196 1.3675225 1.3534851 1.8910163 1.3832126 1.9035738 1.1296056 1.4412271 1.3523772 1.4830669 1.7898045 1.7505922 1.8524000 2.0758094 1.8879092 2.0341100 1.8536635 1.8590337 1.5985099 1.8415880 1.9110681 1.2321705 1.4324027 1.6413209 1.4823791 1.5872323 1.8260878 1.5920658 1.4341319 1.4129450 1.6790201 1.6804903 1.3291141 1.5813338 1.6280365 1.7302957 1.5882987 1.6445271 1.7531493 1.6643500 1.7549574 1.9429977 1.5809059 1.6165716 1.6540573 1.9347834 1.4917035 1.5803797 1.8403178 1.7318803 1.6539487 1.7356319 1.8204113 1.7363732 1.5640973 1.9514028 1.6952249 1.5462503 1.6676692 1.6757246 1.6756370 1.6545081 1.6847630 1.8523958 1.8495375 1.8234554 1.8234554 1.9331006 1.9249009 
Clacor_Ccor_scaffold15213_01                                 0.9807366 0.9871447 0.8889618 0.8234234 0.0000000 1.0461569 1.0288799 1.0320866 1.0602692 1.4630849 1.3323750 2.8809007 1.4400475 3.5387123 9.0000000 1.4213145 1.4584995 0.9057558 1.2645797 1.0259846 1.2522191 1.9840028 1.3778416 1.6175924 1.0822127 1.3558910 1.1996515 1.4238560 1.3484875 1.1890830 1.4877271 2.1856418 7.7710248 1.3135078 7.8705528 1.4160761 1.2786456 1.3276721 1.4198680 1.6995398 1.3044703 1.3628298 1.2499487 1.7315978 1.4479751 1.5698181 1.5978598 1.4061659 1.7952940 1.6958491 1.4481160 1.4614032 1.4215766 1.7606790 1.3421794 1.4164401 1.5626167 2.1663284 1.5693628 1.7497769 1.6515903 1.4896417 1.6045697 1.6296157 1.4534710 0.8252563 0.8252563 1.6778125 1.6420883 1.6104092 1.6007471 1.4689427 1.5354191 1.4801201 1.4801201 1.7156435 1.7000816 
Opea_EP00118_Oscarella_pearsei_P001859                       1.3873147 1.6104006 1.5254837 1.4087549 1.0461569 0.0000000 0.1445471 0.1496386 0.8978473 1.4861666 1.4774417 2.3214963 1.5933286 2.9603741 2.4943863 1.4005020 1.3985325 1.4341042 1.6051189 1.4769592 1.6233993 2.2574632 1.7081290 2.0422178 1.6270737 1.7155595 1.3772982 1.7247478 1.7166563 1.2318689 1.5863391 2.3501349 2.3771389 1.5113349 2.4810267 1.6728023 1.5195337 1.7524194 1.6542649 1.7116050 1.3657638 1.6329238 1.4775359 1.4301099 1.6107044 1.4621224 1.8372238 1.6404591 1.6873538 1.7798966 1.5302593 1.5927442 1.6631501 1.6422812 1.3977058 1.4357737 1.6593748 1.9845591 1.6963818 1.7303916 1.6679866 1.7293270 1.5559009 1.6690010 2.0090989 1.3593189 1.5184903 1.7887868 1.8535551 1.6923779 1.7701795 1.7786288 1.7055402 1.7195763 1.7195763 1.8827294 1.8655405 
Opea_EP00118_Oscarella_pearsei_P001860                       1.4152064 1.5821357 1.5269324 1.3669029 1.0288799 0.1445471 0.0000000 0.0000010 0.8733293 1.3793154 1.3390996 1.9524710 1.5557904 1.4328422 1.2907065 1.2722238 1.1936114 1.1847069 1.5527185 1.4320980 1.6205868 1.8873909 1.6810579 1.8452001 1.6579347 1.7434468 1.1781293 1.7597800 1.7824485 1.2318689 1.4848003 1.8441680 1.4060888 1.4670405 1.8316972 1.5916252 1.5511104 1.6074288 1.5768877 1.6334876 1.3321721 1.4633067 1.4498740 1.4580950 1.5231836 1.2865028 1.6710486 1.5899256 1.4583769 1.6404034 1.4864132 1.4554759 1.4432944 1.5196130 1.2355159 1.4230848 1.6142867 1.5855814 1.5283419 1.6356531 1.6412368 1.5621846 1.4809665 1.7236058 1.7130712 1.6520713 1.7600186 1.7288699 1.6769989 1.5748914 1.6339441 1.7038826 1.6323290 1.7236491 1.7236491 1.6869728 1.6733309 
Ocar_g1369                                                   1.4418281 1.6146173 1.5572954 1.3843193 1.0320866 0.1496386 0.0000010 0.0000000 0.8845184 1.3844760 1.3433140 1.9524710 1.5653719 1.4328422 1.2907065 1.3099043 1.2272488 1.1847069 1.5330092 1.4189743 1.5950816 1.8873909 1.6437165 1.8452001 1.6164205 1.7200049 1.1245405 1.7556265 1.7786074 1.2550099 1.5015592 1.8441680 1.4060888 1.4854337 1.8316972 1.6109406 1.5785269 1.6336490 1.5875856 1.6537241 1.3568443 1.4666918 1.4663318 1.4615048 1.5134756 1.2791653 1.6822434 1.5917384 1.4628390 1.6593768 1.5020024 1.4491881 1.4576935 1.5110114 1.2492782 1.4277511 1.6186187 1.5855814 1.5088541 1.6167520 1.6462708 1.5795756 1.5000077 1.7492498 1.6973856 1.6673186 1.7785058 1.7504281 1.6839103 1.5787645 1.6388574 1.7483175 1.6738747 1.7692782 1.7692782 1.7125077 1.6986117 
Plajan_Pjan_C556921_01                                       1.3880621 1.4899082 1.3848978 1.4385196 1.0602692 0.8978473 0.8733293 0.8845184 0.0000000 1.2941351 1.1846513 1.6658506 1.2377075 1.2433954 1.3399655 1.2894714 1.1765467 1.1671953 1.4926735 1.4996272 1.5782779 1.9777718 1.5843878 1.8616714 1.6166816 1.6265487 1.2752538 1.6006190 1.6293852 1.0561533 1.4185593 1.7710406 1.5406592 1.4098040 1.7792336 1.4798117 1.5062967 1.3764901 1.5814531 1.6504964 1.3226536 1.5869360 1.5351679 1.3313615 1.4332955 1.4414094 1.6175774 1.5718155 1.5673523 1.8031841 1.4719142 1.4526329 1.3540577 1.7760553 1.2390643 1.4042086 1.6652773 1.7043831 1.4819023 1.6185347 1.7141174 1.6153378 1.6363043 1.8480146 1.7827382 1.4952050 1.5278869 1.7508381 1.8097808 1.6986848 1.6986848 1.6645128 1.6459996 1.6350750 1.6350750 1.6761654 1.6761654 
Emue_Em0003g1498a.t1                                         1.4251209 1.3417689 1.3265986 1.3675225 1.4630849 1.4861666 1.3793154 1.3844760 1.2941351 0.0000000 0.2532809 0.7324500 0.6759898 0.9673194 0.8630875 0.9368701 0.8923144 1.0699433 1.4632944 1.2004030 1.4372440 1.3043121 1.4498935 1.2927592 1.4203934 1.4364319 1.0452191 1.4790625 1.4687387 1.5340459 1.4550761 1.3348796 1.2667126 1.4095559 1.3324171 1.4888197 1.6359346 1.5430013 1.5988487 1.7073181 1.4292580 1.6753206 1.4720646 1.4471933 1.5688841 1.3191041 1.5084560 1.2989521 1.6089674 1.4825414 1.3532027 1.4692584 1.3168317 1.8940065 1.5132628 1.7676564 1.7353881 1.5302881 1.5072692 1.7071050 1.8455142 1.5827871 1.6417978 1.8349555 1.4297512 1.2411717 1.2583473 1.6385015 1.4300754 1.4700671 1.4695589 1.7880288 1.7547376 1.5658222 1.5658222 1.7317294 1.7392723 
Spolac_c98243_g1_i1_m.16790c98243-g1                         1.3429362 1.2766888 1.2433627 1.3534851 1.3323750 1.4774417 1.3390996 1.3433140 1.1846513 0.2532809 0.0000000 0.7440214 0.7120893 1.0752732 0.8123570 0.8520031 0.8601950 1.0768274 1.3803766 1.1936333 1.3784828 1.2616669 1.3923923 1.2510387 1.2695192 1.3575949 0.9753033 1.3229336 1.3557546 1.2824377 1.4008586 1.3805306 1.2416846 1.3292655 1.2268651 1.4106747 1.5300737 1.4807209 1.4586406 1.5826522 1.4252886 1.5196779 1.3914101 1.4134870 1.4222695 1.2320337 1.4427001 1.3611722 1.5548677 1.4299287 1.3847880 1.4571972 1.3007483 1.8092178 1.3645480 1.6363280 1.6049234 1.5873236 1.4777169 1.7121283 1.7474662 1.6392964 1.5545914 1.6988113 1.3629917 1.2301469 1.2171548 1.5630801 1.3091992 1.3607846 1.3579923 1.6460464 1.6163566 1.4549592 1.4549592 1.6621219 1.6538712 
Emue_Em0020g513a.t1                                          2.4090648 2.0262525 1.8390092 1.8910163 2.8809007 2.3214963 1.9524710 1.9524710 1.6658506 0.7324500 0.7440214 0.0000000 0.2478542 1.1323446 1.0730186 1.4400806 1.2978286 1.3609327 1.7348634 1.5334292 1.5470403 1.5745995 1.5659076 1.5659076 1.5808299 1.6441746 1.1824051 1.5780626 1.6039754 6.2490923 1.6886107 1.6199610 1.2635530 1.6162020 1.2722268 1.6102675 2.1429562 1.2736017 1.7216625 1.8654724 1.7520063 1.8805300 1.6038294 1.9682421 1.8546183 1.5942315 2.0114867 1.7052356 2.1776461 1.9385265 1.6287346 1.8030761 1.6168519 2.2835426 1.6605262 2.8609649 2.1472903 1.8558534 1.7259219 1.9567763 2.5981735 1.9276780 1.7490980 2.2270322 1.6092630 2.3501860 2.4080555 2.2150158 1.7707903 1.7026398 1.6956700 2.6412817 2.3990873 2.2734070 2.2734070 2.3928947 2.3451033 
Spolac_c98426_g1_i1_m.17166c98426-g1                         1.5258511 1.4311388 1.4708436 1.3832126 1.4400475 1.5933286 1.5557904 1.5653719 1.2377075 0.6759898 0.7120893 0.2478542 0.0000000 1.2411139 0.9854656 1.1573834 1.0831380 1.2736515 1.4941562 1.4569230 1.5441470 1.4693068 1.4989938 1.4295357 1.5438242 1.5536117 1.2286972 1.5164961 1.6315362 1.4397030 1.4626275 1.5459187 1.1114925 1.4855022 1.2425632 1.5849095 1.6561148 1.3315450 1.4682856 1.6819525 1.4189643 1.7010500 1.5995032 1.5573704 1.4091173 1.3403586 1.6893278 1.1874473 1.7361458 1.6297792 1.4192521 1.5236157 1.4405391 2.0238511 1.6504078 1.8948003 1.7423597 1.8352329 1.6580967 1.8550446 2.0099670 1.7526000 1.6777995 1.9222418 1.6189026 1.2884639 1.3279132 1.7717338 1.6244828 1.5163332 1.5163332 1.8752898 1.8228355 1.7465527 1.7465527 1.7515435 1.7515435 
Tetwil_g25445.t1                                             1.8657531 1.6496857 1.7648825 1.9035738 3.5387123 2.9603741 1.4328422 1.4328422 1.2433954 0.9673194 1.0752732 1.1323446 1.2411139 0.0000000 0.7557806 1.2180948 1.0215647 0.9113260 1.8123673 1.3543620 1.7632639 1.3822512 1.6350846 1.3732022 1.5161871 1.7530601 0.8366763 1.8027518 1.7771049 3.8535946 1.5935317 1.1030741 1.0884308 1.0725819 1.0725819 1.6682152 3.8911036 1.7004394 1.4134579 1.8099016 1.7902319 1.7914654 1.8728761 1.7101557 1.8535182 1.6609111 1.8772951 1.5884957 1.9860397 2.0746603 1.5775446 2.0923804 1.9539105 1.9837158 1.3835671 2.5257976 1.7144942 1.0875183 1.4804473 1.8361867 2.0969637 2.0476197 1.9691568 2.5478762 1.3878426 3.1556436 2.5661190 2.1288944 1.6518739 1.6610605 1.7422151 1.7498867 1.7602224 1.6645585 1.6645585 1.6607169 1.5589931 
Stycar_snap_masked-SC_scaffold7417-processed-gene-0.2-mRNA-1 1.1563113 1.2257009 1.1808530 1.1296056 9.0000000 2.4943863 1.2907065 1.2907065 1.3399655 0.8630875 0.8123570 1.0730186 0.9854656 0.7557806 0.0000000 0.9200909 0.9166843 1.2917505 1.4503669 1.4807233 1.4157757 1.5237263 1.4965697 1.4965697 1.3761615 1.4733166 0.9550094 1.6427357 1.4229440 0.0000010 1.3479883 1.2838468 1.3152173 1.3864172 1.3864172 1.3049210 0.0000010 1.4048964 1.2310384 1.1456727 1.3463226 1.2074892 1.3855608 1.5852551 1.5657746 1.1097035 1.3385871 1.5048270 1.5626568 1.4535235 1.2896886 1.4283859 1.5145292 2.5371929 1.4434087 9.0000000 1.3116211 1.1704119 1.3389030 1.6455951 1.4969263 1.1933369 1.4877914 1.9855359 1.5708342 9.0000000 8.9999981 1.7846568 1.5029342 1.4058069 1.4058069 1.4376949 1.4491368 1.3235027 1.3235027 1.5046359 1.5046359 
Aque_Aqu2.1.21185_001                                        1.4288190 1.5433270 1.4164725 1.4412271 1.4213145 1.4005020 1.2722238 1.3099043 1.2894714 0.9368701 0.8520031 1.4400806 1.1573834 1.2180948 0.9200909 0.0000000 0.1486922 1.0913478 1.5523763 1.4882002 1.7828476 1.7810358 1.6793746 1.7761961 1.6250036 1.6729437 1.1361807 1.5606422 1.6915588 1.1742041 1.4493295 1.6099346 1.3302862 1.4565489 1.4963850 1.4272765 1.3857680 1.5319732 1.5972655 1.7192623 1.4652420 1.5747407 1.6575468 1.7115516 1.6510098 1.4692925 1.5957550 1.5192754 1.4339480 1.5114229 1.5310446 1.4618760 1.4523051 2.2928860 1.3952242 1.5115739 1.6953272 1.7565469 1.4734039 1.7348441 1.7977550 1.6200577 1.9147210 2.1681865 1.6091510 1.3840095 1.3320270 1.8026187 1.7147321 1.6999582 1.6999582 1.6154759 1.6274521 1.5558013 1.5558013 1.5543552 1.5543552 
Aque_Aqu2.1.21186_001                                        1.3882600 1.4384517 1.3924818 1.3523772 1.4584995 1.3985325 1.1936114 1.2272488 1.1765467 0.8923144 0.8601950 1.2978286 1.0831380 1.0215647 0.9166843 0.1486922 0.0000000 1.0275399 1.5111575 1.3866007 1.7318758 1.5697407 1.6047240 1.5509016 1.6263518 1.6032811 1.0886319 1.4932148 1.6272286 1.1546791 1.3231408 1.3976736 1.1430100 1.3578482 1.3119155 1.3502321 1.4503836 1.3950910 1.4973410 1.5791984 1.4569313 1.6080758 1.5090252 1.4857501 1.5280460 1.3132714 1.4333817 1.4068628 1.3503996 1.4114433 1.4589471 1.3137875 1.4103806 2.0494807 1.2631519 1.5096321 1.5877128 1.5008627 1.3301603 1.5687279 1.5423478 1.4535314 1.7088694 1.9465595 1.5818772 1.3419458 1.3018045 1.6134015 1.5262944 1.4809181 1.4809181 1.5481183 1.5842072 1.5315683 1.5315683 1.5804901 1.5804901 
Pbac_sb2644415                                               1.6117767 1.6964785 1.6346727 1.4830669 0.9057558 1.4341042 1.1847069 1.1847069 1.1671953 1.0699433 1.0768274 1.3609327 1.2736515 0.9113260 1.2917505 1.0913478 1.0275399 0.0000000 0.0071138 0.2213791 0.2161964 0.1854192 0.1727527 0.1765832 0.2849717 0.2846393 0.3247576 0.3565684 0.3396767 0.9652739 1.0755020 1.0630446 0.7697155 1.0971854 0.8421875 1.1249951 1.0958169 0.7664721 1.1249828 1.2551867 0.9841096 1.3070664 1.2974086 1.2825082 1.2416466 1.2808412 1.4478576 1.3041180 1.4680557 1.4944107 1.0683348 1.0743324 1.0176484 1.1973806 1.1406304 0.9337128 1.1399019 1.1595356 1.1628340 1.1861051 1.3384664 1.1855547 1.3398465 1.3281034 1.0698817 1.3122403 1.6962979 1.3653166 1.6854785 1.5900685 1.5900685 1.4050811 1.3623433 1.3747702 1.3747702 1.6027565 1.6027565 
Horcal_Hcv1.av93.c5.g1348.i1                                 1.9501463 1.9526454 2.0033404 1.7898045 1.2645797 1.6051189 1.5527185 1.5330092 1.4926735 1.4632944 1.3803766 1.7348634 1.4941562 1.8123673 1.4503669 1.5523763 1.5111575 0.0071138 0.0000000 0.2421944 0.2989366 0.2690503 0.2679872 0.2470974 0.3207178 0.3521205 0.3643234 0.4175376 0.4106849 1.4057058 1.4562363 1.4887454 1.5235694 1.4024203 1.4985630 1.4406212 1.3959252 1.5341396 1.5199817 1.5841247 1.4444198 1.6514741 1.5058739 1.5758941 1.4611451 1.3940530 1.8803795 1.4883570 1.8160428 1.7943364 1.2741825 1.4330442 1.4331639 1.7163430 1.4712856 1.3094349 1.5334177 1.4320098 1.5073106 1.5144456 1.8577326 1.5163069 1.7036593 1.8915512 1.5491046 1.5045997 1.6028425 1.6930026 1.8416559 1.8280896 1.8702362 1.7335571 1.7179016 1.6411240 1.6411240 1.9466853 1.9466853 
Bolinf_Binf_sb1190498                                        1.6266355 1.8329963 1.7522042 1.7505922 1.0259846 1.4769592 1.4320980 1.4189743 1.4996272 1.2004030 1.1936333 1.5334292 1.4569230 1.3543620 1.4807233 1.4882002 1.3866007 0.2213791 0.2421944 0.0000000 0.1463270 0.1448493 0.1742587 0.1532947 0.1813701 0.1516829 0.2545390 0.2505094 0.2603981 0.9844623 1.2591151 1.3185765 1.0618073 1.3093059 1.1984580 1.3316042 1.2395529 1.0379883 1.2753263 1.3897719 1.2397749 1.4617148 1.4902708 1.4492895 1.3974459 1.3134745 1.6520816 1.4530724 1.6626702 1.5540755 1.1846058 1.2526796 1.1982696 1.5971015 1.3620819 1.1078297 1.2677281 1.4475516 1.2490556 1.3379409 1.4505146 1.4026321 1.4795674 1.4361006 1.2154639 1.5010113 1.5317187 1.4752060 1.6872101 1.6224045 1.6224045 1.5787056 1.4966948 1.4387637 1.4387637 1.6810822 1.6810822 
Drygla_Dgla_sb284293                                         1.8369499 1.9027104 2.0410833 1.8524000 1.2522191 1.6233993 1.6205868 1.5950816 1.5782779 1.4372440 1.3784828 1.5470403 1.5441470 1.7632639 1.4157757 1.7828476 1.7318758 0.2161964 0.2989366 0.1463270 0.0000000 0.1073214 0.1614906 0.1239536 0.2185236 0.2497111 0.2334330 0.3148950 0.2921016 1.3356069 1.4145971 1.6493728 1.6427241 1.4830448 1.5808159 1.5365424 1.4348579 1.4982691 1.5599990 1.6474453 1.4466308 1.6572693 1.5674006 1.4956968 1.3935707 1.3217980 1.7791175 1.4447439 1.7196538 1.7677778 1.2059663 1.3840094 1.3294322 1.7947098 1.5076355 1.3140833 1.6259743 1.5780268 1.4620969 1.4769207 1.7251764 1.5111941 1.6163083 1.8765336 1.5932965 1.4679165 1.5813270 1.7502970 1.6775075 1.7471260 1.7471260 1.7615258 1.6940937 1.5985465 1.5985465 1.8809805 1.8809805 
Bolinf_Binf_sb1241731                                        2.1750585 2.2750230 2.4575930 2.0758094 1.9840028 2.2574632 1.8873909 1.8873909 1.9777718 1.3043121 1.2616669 1.5745995 1.4693068 1.3822512 1.5237263 1.7810358 1.5697407 0.1854192 0.2690503 0.1448493 0.1073214 0.0000000 0.0253845 0.0253845 0.2200794 0.2025081 0.2044509 0.3105926 0.2751656 0.9197276 1.3454391 1.5876968 1.4357307 1.6238576 1.4627023 1.5798939 1.4433501 1.4818869 1.5855382 1.7281581 1.5630242 1.7974190 1.7319934 1.6696219 1.6074537 1.2802679 1.8551037 1.7179279 2.1513734 1.8684150 1.1360340 1.4376859 1.3611225 1.8452540 1.6259030 1.8259686 1.8740391 1.5683583 1.6154107 1.7028241 2.2016582 1.4417463 1.7297139 2.4053373 1.6319766 2.1675747 2.1029007 1.7112523 1.8400563 1.7579208 1.7579208 1.9945556 1.9048207 1.8054111 1.8054111 2.0675409 2.0675409 
Mlei_ML2002.g43.i1                                           1.9307405 2.0321938 2.1066382 1.8879092 1.3778416 1.7081290 1.6810579 1.6437165 1.5843878 1.4498935 1.3923923 1.5659076 1.4989938 1.6350846 1.4965697 1.6793746 1.6047240 0.1727527 0.2679872 0.1742587 0.1614906 0.0253845 0.0000000 0.0181091 0.2065239 0.2336354 0.2331139 0.2955372 0.2950969 1.4617557 1.4239565 1.6055494 1.4721825 1.3979574 1.5241742 1.4544329 1.5016713 1.5670265 1.5801790 1.6711678 1.4548137 1.6999007 1.5845386 1.5418052 1.4975155 1.3245651 1.8795505 1.4334839 1.8187621 1.7944141 1.2202808 1.4676410 1.3973767 1.7468270 1.5412951 1.4860127 1.6763056 1.5697164 1.5516996 1.5363801 1.8335474 1.4867219 1.5915638 1.9062624 1.5855066 1.5808239 1.6081165 1.7029631 1.6790815 1.6461062 1.6769580 1.7267296 1.6963804 1.6142145 1.6142145 1.8083457 1.8083457 
Vmul_sbMO410409                                              2.0945009 2.1965021 2.3505795 2.0341100 1.6175924 2.0422178 1.8452001 1.8452001 1.8616714 1.2927592 1.2510387 1.5659076 1.4295357 1.3732022 1.4965697 1.7761961 1.5509016 0.1765832 0.2470974 0.1532947 0.1239536 0.0253845 0.0181091 0.0000000 0.2324287 0.2080092 0.2278655 0.3212669 0.2858093 0.4816329 1.2841631 1.5927663 1.4427600 1.5729855 1.4975376 1.5319653 1.3130962 1.4021312 1.5583711 1.6637979 1.4792428 1.6889065 1.6425803 1.5878644 1.5803819 1.2508318 1.8261506 1.6100660 2.0530032 1.8756540 1.1205319 1.3872051 1.3116971 1.7719799 1.5541250 1.5517023 1.8362144 1.5784545 1.5379232 1.6314131 2.0478040 1.4093324 1.6937862 2.3777062 1.5273885 2.1523244 2.1672938 1.6345281 1.8048538 1.7107390 1.7107390 1.9207723 1.8376497 1.7445380 1.7445380 1.9757996 1.9757996 
Beraby_Baby_sb343582                                         1.7847990 2.0379367 1.9801374 1.8536635 1.0822127 1.6270737 1.6579347 1.6164205 1.6166816 1.4203934 1.2695192 1.5808299 1.5438242 1.5161871 1.3761615 1.6250036 1.6263518 0.2849717 0.3207178 0.1813701 0.2185236 0.2200794 0.2065239 0.2324287 0.0000000 0.2575337 0.2444200 0.3609715 0.3384615 1.1433006 1.4240893 1.7365191 1.5599839 1.5322608 1.6510354 1.5451907 1.3355911 1.3754428 1.4558198 1.4755338 1.4957852 1.5731582 1.5257840 1.5288552 1.4456524 1.3378518 1.8262327 1.4906201 1.7345734 1.7295445 1.2250205 1.3498768 1.3479617 1.8064535 1.5286207 1.2800085 1.5437042 1.5902420 1.4539217 1.4762031 1.6898342 1.5243489 1.5317803 1.7613642 1.4907936 1.5402516 1.5967307 1.7076854 1.7199392 1.6484603 1.6484603 1.7578304 1.7230799 1.6782762 1.6782762 1.9129441 1.9129441 
Lampan_Lpan_14831_01                                         1.8876255 1.9884290 2.0007396 1.8590337 1.3558910 1.7155595 1.7434468 1.7200049 1.6265487 1.4364319 1.3575949 1.6441746 1.5536117 1.7530601 1.4733166 1.6729437 1.6032811 0.2846393 0.3521205 0.1516829 0.2497111 0.2025081 0.2336354 0.2080092 0.2575337 0.0000000 0.2297473 0.2753441 0.2902499 1.6658545 1.4805709 1.6577415 1.4309777 1.4814948 1.5243909 1.6026429 1.5578243 1.5104932 1.5546018 1.7930015 1.5533011 1.7609001 1.6007728 1.5661692 1.5503223 1.3957225 1.9281992 1.5339110 1.8901738 1.8877704 1.2612771 1.4948221 1.4461351 1.6981349 1.4796979 1.4366920 1.6997849 1.6538379 1.5313526 1.5746147 1.8216530 1.6774923 1.6958162 1.9903461 1.5360879 1.6131434 1.6107009 1.7668097 1.6376809 1.6821262 1.7136656 1.8512366 1.8286892 1.7152948 1.7152948 2.0003509 1.9690898 
Eupdun_Edun_sb10701562                                       1.5370981 1.7081929 1.7620269 1.5985099 1.1996515 1.3772982 1.1781293 1.1245405 1.2752538 1.0452191 0.9753033 1.1824051 1.2286972 0.8366763 0.9550094 1.1361807 1.0886319 0.3247576 0.3643234 0.2545390 0.2334330 0.2044509 0.2331139 0.2278655 0.2444200 0.2297473 0.0000000 0.2972329 0.3012185 1.2849195 1.1014549 1.1137007 0.6550463 1.1863159 0.7930035 1.2023667 1.3574184 0.8935951 1.1731000 1.2894020 1.0408184 1.2533173 1.2489435 1.2525717 1.1556371 1.1468953 1.4001237 1.2546521 1.4399109 1.4842631 0.9939291 1.1473066 1.1078887 1.3424772 1.0537897 1.2102068 1.1008625 1.0845584 1.0770209 1.1914582 1.1894341 1.2312837 1.3190841 1.3210597 1.0527253 1.2708334 1.5664876 1.3559531 1.5553360 1.5046805 1.5046805 1.4103288 1.3312547 1.2987702 1.2987702 1.5779152 1.5779152 
Vmul_Simscaffold15838_01                                     1.9561826 2.1526709 2.1131594 1.8415880 1.4238560 1.7247478 1.7597800 1.7556265 1.6006190 1.4790625 1.3229336 1.5780626 1.5164961 1.8027518 1.6427357 1.5606422 1.4932148 0.3565684 0.4175376 0.2505094 0.3148950 0.3105926 0.2955372 0.3212669 0.3609715 0.2753441 0.2972329 0.0000000 0.1539925 1.4366298 1.5271837 1.6826661 1.5188585 1.4622340 1.4694548 1.4574348 1.5448893 1.5862819 1.5717023 1.6437865 1.6010009 1.8001624 1.5416501 1.5329983 1.4621814 1.2574780 1.8188732 1.4266240 1.7400483 1.8379068 1.2405617 1.4899942 1.4083897 1.8721413 1.5586755 1.4787747 1.6755927 1.5823139 1.4697586 1.5354742 1.7011476 1.6603021 1.7208932 2.0242917 1.5033596 1.4085248 1.4706725 1.8229744 1.7591411 1.6872868 1.6957721 1.8231459 1.7728277 1.6894037 1.6894037 1.9636270 1.9369696 
Coemet_Cmet_scaffold19596_01                                 2.0053305 2.1022504 2.1505635 1.9110681 1.3484875 1.7166563 1.7824485 1.7786074 1.6293852 1.4687387 1.3557546 1.6039754 1.6315362 1.7771049 1.4229440 1.6915588 1.6272286 0.3396767 0.4106849 0.2603981 0.2921016 0.2751656 0.2950969 0.2858093 0.3384615 0.2902499 0.3012185 0.1539925 0.0000000 1.5977019 1.6123213 1.7411201 1.5663074 1.5193244 1.5636200 1.5350976 1.6713526 1.5523622 1.6520745 1.7439566 1.6109155 1.8050611 1.6354835 1.6529012 1.5320748 1.3289730 1.8133883 1.4570123 1.8576652 1.8256719 1.2840857 1.5467323 1.4176622 1.7123373 1.5340684 1.4601366 1.6668815 1.5886867 1.4806757 1.5260981 1.7419947 1.6008658 1.7264272 1.9739229 1.5186166 1.4925532 1.4925781 1.8488141 1.7063347 1.6582802 1.6633719 1.7972762 1.7768837 1.6880041 1.6880041 1.9288802 1.9083678 
Fspp_ffun1.m4.31124.m1                                       1.0686158 1.2678941 1.1597938 1.2321705 1.1890830 1.2318689 1.2318689 1.2550099 1.0561533 1.5340459 1.2824377 6.2490923 1.4397030 3.8535946 0.0000010 1.1742041 1.1546791 0.9652739 1.4057058 0.9844623 1.3356069 0.9197276 1.4617557 0.4816329 1.1433006 1.6658545 1.2849195 1.4366298 1.5977019 0.0000000 0.2405598 1.2694834 0.0000010 0.2630112 0.0000010 0.3316354 0.4117475 0.4049684 0.6787882 0.7691323 0.9275273 0.9214717 1.2437230 0.9333059 0.9974638 1.3409855 1.5060554 1.0856716 1.3644265 1.4544563 1.2941652 1.4000970 1.5677990 1.4855528 0.9762926 1.2419779 1.1860589 2.3957519 1.2962814 1.3435414 1.4324794 1.1737631 1.1835692 1.1510724 1.3821774 1.1191106 1.1191106 1.4588348 1.1125887 1.3149944 1.3592241 1.1116290 1.0487491 1.1423629 1.1423629 1.3310031 1.3049759 
Gfas_gfas1.m1.8249.m1                                        1.4393753 1.5140875 1.4259886 1.4324027 1.4877271 1.5863391 1.4848003 1.5015592 1.4185593 1.4550761 1.4008586 1.6886107 1.4626275 1.5935317 1.3479883 1.4493295 1.3231408 1.0755020 1.4562363 1.2591151 1.4145971 1.3454391 1.4239565 1.2841631 1.4240893 1.4805709 1.1014549 1.5271837 1.6123213 0.2405598 0.0000000 0.2559213 0.3473453 0.3069612 0.3689963 0.3762023 0.3840083 0.4018494 0.5930094 0.6830398 0.9681053 1.0953855 1.2553846 0.9341847 1.1173228 1.1521415 1.2662800 1.2696707 1.5528717 1.4473512 1.2449037 1.2112929 1.3056145 1.5903659 1.1736837 1.3534672 1.2750401 1.1067457 1.1898434 1.3280035 1.5621347 1.0483734 1.2788470 1.4546720 1.5326912 1.8072912 1.7751382 1.4152476 1.3548239 1.4120131 1.4502087 1.3325885 1.3266166 1.2638376 1.2638376 1.3609403 1.3244605 
Fspp_ffun1.m4.32997.m1                                       2.0075937 2.0499460 2.0162862 1.6413209 2.1856418 2.3501349 1.8441680 1.8441680 1.7710406 1.3348796 1.3805306 1.6199610 1.5459187 1.1030741 1.2838468 1.6099346 1.3976736 1.0630446 1.4887454 1.3185765 1.6493728 1.5876968 1.6055494 1.5927663 1.7365191 1.6577415 1.1137007 1.6826661 1.7411201 1.2694834 0.2559213 0.0000000 0.2004666 0.2554003 0.2692955 0.2668505 0.4581111 0.4218528 0.6773446 0.6504443 0.9413109 1.1848234 1.2299552 0.9995725 1.1663299 1.1673451 1.4798855 1.3092227 1.7414366 1.8304404 1.2556008 1.2019338 1.1380293 1.9148415 1.3188374 1.6364733 1.3322072 1.1212368 1.0900570 1.2443122 1.7022667 1.0886034 1.4235902 1.9199428 1.6166222 3.1947958 2.8130667 1.4916474 1.6273687 1.5533528 1.5533528 1.5688087 1.6028303 1.5322780 1.5322780 1.5160269 1.5160269 
Gasp_gasp1.m3.10249.m1                                       1.5355007 1.6465897 1.7816762 1.4823791 7.7710248 2.3771389 1.4060888 1.4060888 1.5406592 1.2667126 1.2416846 1.2635530 1.1114925 1.0884308 1.3152173 1.3302862 1.1430100 0.7697155 1.5235694 1.0618073 1.6427241 1.4357307 1.4721825 1.4427600 1.5599839 1.4309777 0.6550463 1.5188585 1.5663074 0.0000010 0.3473453 0.2004666 0.0000000 0.2392811 0.2567370 0.2767601 0.6586525 0.5622357 0.6462115 0.6069191 0.8898600 1.0662070 1.0140685 0.9274226 0.9619191 0.7715632 1.2574430 1.0934538 1.5547434 1.4881055 0.9788809 1.0118243 0.8721297 1.7938147 0.9672978 9.0000000 1.3142996 0.8348336 0.8441184 1.0005177 1.7352127 0.9115417 1.1737071 1.8841030 1.2667168 4.6953454 2.2518700 1.3749781 1.5056771 1.4171370 1.4171370 1.2426520 1.2487044 1.3098730 1.3098730 1.3366703 1.3366703 
Spis_XP_022787483_1                                          1.4648340 1.5767998 1.5132637 1.5872323 1.3135078 1.5113349 1.4670405 1.4854337 1.4098040 1.4095559 1.3292655 1.6162020 1.4855022 1.0725819 1.3864172 1.4565489 1.3578482 1.0971854 1.4024203 1.3093059 1.4830448 1.6238576 1.3979574 1.5729855 1.5322608 1.4814948 1.1863159 1.4622340 1.5193244 0.2630112 0.3069612 0.2554003 0.2392811 0.0000000 0.0178246 0.0604269 0.3952993 0.4499609 0.5804814 0.5825474 0.9493831 1.0705174 1.1820146 0.9588411 1.0916514 1.2341150 1.4307913 1.4249241 1.5376221 1.6502454 1.1747299 1.3337357 1.2759463 1.6073855 1.0903647 0.9859513 1.1056625 1.2061802 1.0295443 1.0965102 1.2613692 1.1291761 1.2494960 1.4760756 1.5543806 2.2965682 2.2101515 1.4455881 1.4587491 1.4074738 1.4074738 1.3356403 1.3832971 1.3245916 1.3245916 1.3414362 1.3414362 
Spis_XP_022787487_1                                          1.7765982 1.7075221 1.8425840 1.8260878 7.8705528 2.4810267 1.8316972 1.8316972 1.7792336 1.3324171 1.2268651 1.2722268 1.2425632 1.0725819 1.3864172 1.4963850 1.3119155 0.8421875 1.4985630 1.1984580 1.5808159 1.4627023 1.5241742 1.4975376 1.6510354 1.5243909 0.7930035 1.4694548 1.5636200 0.0000010 0.3689963 0.2692955 0.2567370 0.0178246 0.0000000 0.0652992 0.5948060 0.5899469 0.5932508 0.6092970 1.0550037 1.2516178 1.1761696 0.9352127 1.0280615 1.0265673 1.4605162 1.3720801 1.7663915 1.6921413 1.0695117 1.3059920 1.1212544 2.0314707 1.1090812 9.0000000 1.1874584 1.0061043 0.9443563 1.1102888 1.7528865 1.0847231 1.4064534 1.9742354 1.4748866 4.0295701 3.2276121 1.5367675 1.5721277 1.4910842 1.4910842 1.5477027 1.5932073 1.4719123 1.4719123 1.5245732 1.5245732 
Pocdam_XM_027188687.1                                        1.5912131 1.6508390 1.5531378 1.5920658 1.4160761 1.6728023 1.5916252 1.6109406 1.4798117 1.4888197 1.4106747 1.6102675 1.5849095 1.6682152 1.3049210 1.4272765 1.3502321 1.1249951 1.4406212 1.3316042 1.5365424 1.5798939 1.4544329 1.5319653 1.5451907 1.6026429 1.2023667 1.4574348 1.5350976 0.3316354 0.3762023 0.2668505 0.2767601 0.0604269 0.0652992 0.0000000 0.4531099 0.4734157 0.6204118 0.7096819 1.0241814 1.0924088 1.3240164 1.0636296 1.1569729 1.2929425 1.5288238 1.3391933 1.5910543 1.7315015 1.2465459 1.4500535 1.4691496 1.6876912 1.2361053 1.2902302 1.1900196 1.2228342 1.1708265 1.2596201 1.5265253 1.2365837 1.3788002 1.5712688 1.5068463 2.0770573 2.0270058 1.6496396 1.4976486 1.5025798 1.5071415 1.3211358 1.3387510 1.2843574 1.2843574 1.4005525 1.3880692 
Adig_XM_015895563.1                                          1.3994426 1.4648263 1.3870862 1.4341319 1.2786456 1.5195337 1.5511104 1.5785269 1.5062967 1.6359346 1.5300737 2.1429562 1.6561148 3.8911036 0.0000010 1.3857680 1.4503836 1.0958169 1.3959252 1.2395529 1.4348579 1.4433501 1.5016713 1.3130962 1.3355911 1.5578243 1.3574184 1.5448893 1.6713526 0.4117475 0.3840083 0.4581111 0.6586525 0.3952993 0.5948060 0.4531099 0.0000000 0.0400531 0.7632847 0.8129087 0.9717809 1.0826663 1.4513692 1.2386714 1.2073875 1.4829083 1.6162147 1.3761437 1.7651308 1.7773390 1.3893054 1.4513501 1.5038957 1.5881576 1.4311060 1.2689031 1.2395827 1.4650179 1.3651409 1.4851022 1.4634498 1.2840966 1.5548585 1.5270355 1.6659779 1.5470657 1.5470657 1.5767069 1.5640536 1.6237181 1.6181146 1.3828494 1.4030361 1.4557403 1.4557403 1.4348407 1.4168309 
Amil_Amillepora12548-RA                                      1.4517787 1.5827158 1.5389914 1.4129450 1.3276721 1.7524194 1.6074288 1.6336490 1.3764901 1.5430013 1.4807209 1.2736017 1.3315450 1.7004394 1.4048964 1.5319732 1.3950910 0.7664721 1.5341396 1.0379883 1.4982691 1.4818869 1.5670265 1.4021312 1.3754428 1.5104932 0.8935951 1.5862819 1.5523622 0.4049684 0.4018494 0.4218528 0.5622357 0.4499609 0.5899469 0.4734157 0.0400531 0.0000000 0.8383781 0.8733566 0.9746549 1.0864921 1.2436939 1.0722695 1.1741731 1.1890241 1.4448899 1.2118643 1.5379012 1.5292926 1.2009043 1.6251521 1.5131378 1.6357073 1.1408428 1.4551562 1.2517824 1.0938442 1.1558809 1.3138330 1.5914317 1.1440009 1.2562166 1.6364942 1.4159547 1.6416303 1.5422965 1.5799499 1.2767307 1.4021877 1.3999467 1.4937735 1.5092279 1.5428262 1.5428262 1.6184524 1.6012771 
Nvec_v1g241497                                               1.4540075 1.5701572 1.4560385 1.6790201 1.4198680 1.6542649 1.5768877 1.5875856 1.5814531 1.5988487 1.4586406 1.7216625 1.4682856 1.4134579 1.2310384 1.5972655 1.4973410 1.1249828 1.5199817 1.2753263 1.5599990 1.5855382 1.5801790 1.5583711 1.4558198 1.5546018 1.1731000 1.5717023 1.6520745 0.6787882 0.5930094 0.6773446 0.6462115 0.5804814 0.5932508 0.6204118 0.7632847 0.8383781 0.0000000 0.5121171 1.1428675 1.1917244 1.3619706 1.3077243 1.2990610 1.2243516 1.5803556 1.3767109 1.5233405 1.6832844 1.2716595 1.2444775 1.4194968 1.7006141 1.1879070 1.2158300 1.2928070 1.1947376 1.1223506 1.1347534 1.4369177 1.0644738 1.2335222 1.5318911 1.5676828 1.9816165 1.8437513 1.6069042 1.5805281 1.5441244 1.5441244 1.7221388 1.7199837 1.6711565 1.6711565 1.5287392 1.5287392 
Exapal_XM_021037588.2                                        1.4824765 1.5726180 1.5085589 1.6804903 1.6995398 1.7116050 1.6334876 1.6537241 1.6504964 1.7073181 1.5826522 1.8654724 1.6819525 1.8099016 1.1456727 1.7192623 1.5791984 1.2551867 1.5841247 1.3897719 1.6474453 1.7281581 1.6711678 1.6637979 1.4755338 1.7930015 1.2894020 1.6437865 1.7439566 0.7691323 0.6830398 0.6504443 0.6069191 0.5825474 0.6092970 0.7096819 0.8129087 0.8733566 0.5121171 0.0000000 1.1150521 1.2069629 1.5932985 1.2664297 1.3216860 1.2758097 1.7509022 1.3719826 1.6068205 1.8685857 1.3822100 1.5360824 1.5806132 1.9073164 1.3826415 1.4695437 1.4222619 1.2822786 1.3636759 1.4905348 1.4187705 1.3639193 1.4314344 1.6431412 1.6611456 2.2185003 2.2204009 1.7185393 1.6017599 1.6772150 1.6856283 1.6286971 1.6670460 1.6948601 1.6948601 1.5804150 1.5557203 
Dgig_XM_028535098.1                                          1.3036136 1.3095465 1.4099039 1.3291141 1.3044703 1.3657638 1.3321721 1.3568443 1.3226536 1.4292580 1.4252886 1.7520063 1.4189643 1.7902319 1.3463226 1.4652420 1.4569313 0.9841096 1.4444198 1.2397749 1.4466308 1.5630242 1.4548137 1.4792428 1.4957852 1.5533011 1.0408184 1.6010009 1.6109155 0.9275273 0.9681053 0.9413109 0.8898600 0.9493831 1.0550037 1.0241814 0.9717809 0.9746549 1.1428675 1.1150521 0.0000000 0.7538779 1.2211173 1.1184147 1.1587694 1.3148317 1.3989820 1.2863847 1.5663109 1.5550946 1.0707277 1.2379281 1.1300068 1.4551798 1.1009032 1.0029520 1.1908121 1.1803605 1.1084583 1.1306861 1.3969197 1.2566538 1.2765600 1.4334974 1.2698546 1.3854614 1.4555621 1.4035665 1.5850135 1.4843707 1.4689456 1.2151307 1.1837250 1.1660408 1.1660408 1.2907753 1.2907753 
Xesp_009252-T1                                               1.5164921 1.5506488 1.6304963 1.5813338 1.3628298 1.6329238 1.4633067 1.4666918 1.5869360 1.6753206 1.5196779 1.8805300 1.7010500 1.7914654 1.2074892 1.5747407 1.6080758 1.3070664 1.6514741 1.4617148 1.6572693 1.7974190 1.6999007 1.6889065 1.5731582 1.7609001 1.2533173 1.8001624 1.8050611 0.9214717 1.0953855 1.1848234 1.0662070 1.0705174 1.2516178 1.0924088 1.0826663 1.0864921 1.1917244 1.2069629 0.7538779 0.0000000 1.4467702 1.2993911 1.3832075 1.5130365 1.6478670 1.4427967 1.8616039 1.7466891 1.3109516 1.5092439 1.4975800 1.4537860 1.3548775 1.3939415 1.4493676 1.2380954 1.3988002 1.3990661 1.2934183 1.4440626 1.5840754 1.7501965 1.4294909 1.8362853 1.8702591 1.4577796 1.7499710 1.7082913 1.7260996 1.4270136 1.3928594 1.4837133 1.4837133 1.4365889 1.4365889 
Ctel_gnl_WGS_AMQN_CAPTEDRAFT_mRNA171957                      1.7669687 1.6396874 1.6829544 1.6280365 1.2499487 1.4775359 1.4498740 1.4663318 1.5351679 1.4720646 1.3914101 1.6038294 1.5995032 1.8728761 1.3855608 1.6575468 1.5090252 1.2974086 1.5058739 1.4902708 1.5674006 1.7319934 1.5845386 1.6425803 1.5257840 1.6007728 1.2489435 1.5416501 1.6354835 1.2437230 1.2553846 1.2299552 1.0140685 1.1820146 1.1761696 1.3240164 1.4513692 1.2436939 1.3619706 1.5932985 1.2211173 1.4467702 0.0000000 1.0896039 0.9743156 0.9470211 0.9381101 1.0556995 1.3013799 1.1752454 1.1838326 1.2440118 1.1588591 1.7257657 1.4367831 1.4347604 1.3604869 1.3761669 1.3246373 1.3571837 1.7140286 1.0367143 1.1348673 1.2156609 1.3409067 1.6559891 1.7988697 1.1654400 1.2499341 1.2993338 1.3102778 1.7013526 1.6526302 1.6404824 1.6404824 1.7177988 1.7138346 
Skow_XM_002733240.2                                          1.6000332 1.6655819 1.8146800 1.7302957 1.7315978 1.4301099 1.4580950 1.4615048 1.3313615 1.4471933 1.4134870 1.9682421 1.5573704 1.7101557 1.5852551 1.7115516 1.4857501 1.2825082 1.5758941 1.4492895 1.4956968 1.6696219 1.5418052 1.5878644 1.5288552 1.5661692 1.2525717 1.5329983 1.6529012 0.9333059 0.9341847 0.9995725 0.9274226 0.9588411 0.9352127 1.0636296 1.2386714 1.0722695 1.3077243 1.2664297 1.1184147 1.2993911 1.0896039 0.0000000 0.6024765 1.1758033 1.2662749 1.1670556 1.4502164 1.3984820 1.2353082 1.2663692 1.0949828 1.6679695 1.3165708 1.4328698 1.4557444 1.4899257 1.4078159 1.4886284 1.6488379 1.3106684 1.2565464 1.4801457 1.2536923 1.8465072 1.9837745 1.2692316 1.3974930 1.4288531 1.4288531 1.4275006 1.4030649 1.3511359 1.3511359 1.3878361 1.3878361 
Skow_XM_006823960.1                                          1.6152094 1.7869321 1.7270831 1.5882987 1.4479751 1.6107044 1.5231836 1.5134756 1.4332955 1.5688841 1.4222695 1.8546183 1.4091173 1.8535182 1.5657746 1.6510098 1.5280460 1.2416466 1.4611451 1.3974459 1.3935707 1.6074537 1.4975155 1.5803819 1.4456524 1.5503223 1.1556371 1.4621814 1.5320748 0.9974638 1.1173228 1.1663299 0.9619191 1.0916514 1.0280615 1.1569729 1.2073875 1.1741731 1.2990610 1.3216860 1.1587694 1.3832075 0.9743156 0.6024765 0.0000000 0.9914608 1.0616639 1.0541474 1.2533671 1.2300295 1.0783198 1.2863462 1.0335153 1.7079733 1.2665423 1.3727422 1.3800243 1.3161969 1.3813706 1.4744581 1.6849474 1.2469540 1.1120661 1.3005537 1.2498274 1.8580641 1.8856622 1.3526710 1.4585091 1.4501965 1.4719372 1.4672300 1.4738980 1.4317348 1.4317348 1.5050605 1.4527263 
Cscu_XM_023386794.1                                          1.6224242 1.8664388 1.6766708 1.6445271 1.5698181 1.4621224 1.2865028 1.2791653 1.4414094 1.3191041 1.2320337 1.5942315 1.3403586 1.6609111 1.1097035 1.4692925 1.3132714 1.2808412 1.3940530 1.3134745 1.3217980 1.2802679 1.3245651 1.2508318 1.3378518 1.3957225 1.1468953 1.2574780 1.3289730 1.3409855 1.1521415 1.1673451 0.7715632 1.2341150 1.0265673 1.2929425 1.4829083 1.1890241 1.2243516 1.2758097 1.3148317 1.5130365 0.9470211 1.1758033 0.9914608 0.0000000 0.5734880 0.7296732 1.0115389 0.6967293 1.1167886 1.0762070 1.0452701 1.9298330 1.4791210 1.4601336 1.4554322 1.3205145 1.3387518 1.4452930 1.7261637 0.9404452 1.1777660 1.3065463 1.3787304 1.5400509 1.7045090 1.3145993 1.2734029 1.2469535 1.2261176 1.6433783 1.6207772 1.5690094 1.5690094 1.6024986 1.5926385 
Dpul_mRNA19932                                               1.7082677 2.1134052 1.8842599 1.7531493 1.5978598 1.8372238 1.6710486 1.6822434 1.6175774 1.5084560 1.4427001 2.0114867 1.6893278 1.8772951 1.3385871 1.5957550 1.4333817 1.4478576 1.8803795 1.6520816 1.7791175 1.8551037 1.8795505 1.8261506 1.8262327 1.9281992 1.4001237 1.8188732 1.8133883 1.5060554 1.2662800 1.4798855 1.2574430 1.4307913 1.4605162 1.5288238 1.6162147 1.4448899 1.5803556 1.7509022 1.3989820 1.6478670 0.9381101 1.2662749 1.0616639 0.5734880 0.0000000 0.8813112 0.8341637 0.5599637 1.2195918 1.2551983 1.2294027 1.9907958 1.5426746 1.6070306 1.4992864 1.2107909 1.3675688 1.5232304 1.9034599 1.0998407 1.2787883 1.4991967 1.5813450 1.8722189 2.0929317 1.4756105 1.3903560 1.3564568 1.3963119 1.6665509 1.6714932 1.6765782 1.6765782 1.4968926 1.4473350 
Cscu_XM_023386798.1                                          1.6124688 1.6951537 1.6618913 1.6643500 1.4061659 1.6404591 1.5899256 1.5917384 1.5718155 1.2989521 1.3611722 1.7052356 1.1874473 1.5884957 1.5048270 1.5192754 1.4068628 1.3041180 1.4883570 1.4530724 1.4447439 1.7179279 1.4334839 1.6100660 1.4906201 1.5339110 1.2546521 1.4266240 1.4570123 1.0856716 1.2696707 1.3092227 1.0934538 1.4249241 1.3720801 1.3391933 1.3761437 1.2118643 1.3767109 1.3719826 1.2863847 1.4427967 1.0556995 1.1670556 1.0541474 0.7296732 0.8813112 0.0000000 1.1310744 1.0018593 1.2246861 1.2049339 1.0839472 1.7567954 1.4143614 1.2011114 1.3692593 1.3989733 1.4547481 1.4722165 1.4509021 1.0676514 1.2778685 1.5163748 1.5181489 1.1293985 1.3182782 1.5177582 1.4090558 1.3271273 1.3271273 1.7100830 1.7060133 1.7046534 1.7046534 1.5323689 1.5323689 
