93
Beraby_Baby_sb340126                    0.0000000 0.0000010 0.5506460 0.9381354 1.4889705 3.8178759 1.5237862 5.8393671 1.1621932 5.6856118 6.4611296 5.0502488 7.1810404 1.0802056 3.9299200 8.9999985 5.2508594 4.2734518 4.1938495 3.9389327 4.3825280 3.9226526 3.4633258 4.6440345 8.9999985 3.4934235 3.5637206 4.0928337 4.1788652 9.0000000 4.2347808 4.1782337 3.1768461 4.8810503 4.4827827 2.3714827 4.4952726 2.0372821 2.5202761 3.8879073 5.4340357 4.2336896 2.4900225 4.2628176 3.9768648 3.7735602 3.5793502 4.7521985 4.9602834 4.5266759 3.6446197 4.6276262 4.7173881 4.7846767 4.7846767 6.2502964 0.0000010 3.3602704 4.5551531 4.3506415 4.4536002 3.7465926 2.7008833 7.0393980 4.2343427 5.1329361 3.0905532 3.7241957 5.1299609 4.3490750 0.0000010 3.7173051 0.0000010 4.3915960 5.4682440 5.4682440 2.8730633 3.8179341 0.9539672 1.4277736 3.8637988 4.6544366 4.3175196 0.0000010 3.3729999 3.3729999 4.3306322 3.7103134 5.8616778 4.0607582 5.0867307 4.0677315 3.8401184 
Beraby_Baby_sb340125                    0.0000010 0.0000000 1.1066875 1.4073425 1.9689779 3.8178759 2.0553751 5.8393671 1.7803892 4.9911528 6.4611296 5.0502488 7.1810404 1.8689481 4.3011206 5.5421542 5.2508594 4.2734518 4.1938495 3.9389327 6.1061110 3.9226526 3.4633258 5.0545639 8.9999985 4.3690166 4.3181363 5.1879539 5.4667908 9.0000000 4.8093562 4.1782337 3.1768461 5.3300307 5.2595212 2.3714827 5.2044887 2.0372821 2.5202761 3.8879073 5.4340357 4.2336896 2.3686290 4.7376448 3.9768648 5.0153032 4.8962014 5.6900668 5.8456558 6.1559779 5.4582873 4.6276262 5.6762259 5.5262484 5.5262484 6.2502964 9.0000000 3.3602704 6.1926257 5.6181253 5.5372472 4.6840029 2.7008833 7.0393980 4.1814716 5.2195870 3.0905532 5.3733624 5.1299609 4.3490750 0.0000010 5.2812048 2.0783115 4.5947249 5.4682440 5.4682440 2.8730633 4.5695711 1.6500448 2.3474092 4.0767960 5.5304937 5.5165340 0.0000010 3.3729999 3.3729999 4.3306322 3.7103134 6.1802793 4.0946348 5.6117242 4.0461920 5.2130189 
Bolinf_Binf_sb1187124                   0.5506460 1.1066875 0.0000000 0.6822402 1.3965145 0.9017950 1.2937511 2.4446668 1.4503618 1.3930086 0.0000010 0.0000010 0.0000010 1.1962978 3.0535658 3.8601835 8.9999987 4.5527283 0.0000010 5.1335713 4.7198414 5.8868097 3.6765388 3.9334275 0.0000010 3.8252438 3.8652380 4.0406863 4.0411823 0.0000010 3.8789174 6.6233747 9.0000000 3.4064982 4.0901735 0.0000010 3.9970630 0.0000010 9.0000000 0.0000010 0.0000010 0.0000010 1.3431164 3.3923499 0.0000010 4.5118987 4.5118987 4.6828635 4.5686915 4.4851481 3.3604177 1.4830302 3.9166588 4.0918138 4.0918138 5.7477356 0.0000010 3.5323788 4.8766627 3.9316169 3.5336037 2.5813750 9.0000000 0.0000010 3.4739739 4.5088021 9.0000000 3.3843208 0.0000010 2.7974538 0.0000010 3.8949392 0.0000010 4.4493635 2.8910825 2.8910825 2.5581710 3.6589788 1.1182480 1.9495495 3.2994934 4.5493949 3.4739244 0.0000010 0.0000010 0.0000010 4.6895150 9.0000000 4.4465301 4.0571324 4.0525374 3.9166812 4.4219812 
Mlei_ML3693.g7.i1                       0.9381354 1.4073425 0.6822402 0.0000000 0.9787931 0.8564828 0.9859134 0.8339050 1.4532520 0.7268672 1.1803422 1.1803422 1.1396369 1.0874060 1.9795309 2.7458793 2.7652923 2.4817840 2.3867529 2.8786114 3.2314149 2.9100880 4.2959469 3.3822982 1.0834454 3.1894954 3.2837275 3.4418831 3.1712349 3.3498853 3.4776384 3.3040147 2.9453376 3.3638203 3.3429569 2.4144378 3.3966229 1.3871436 3.0469931 2.9103005 2.8970425 2.4810212 2.3756803 3.1576605 1.8019260 3.6989648 3.7819083 3.6968254 3.7180380 3.7054309 3.3860502 1.5816041 3.6903025 3.4697075 3.4658363 2.9315511 2.8112097 3.1362140 3.6073399 3.6525067 3.4342731 3.5204245 2.7302402 3.4051842 3.1397206 3.7859314 2.9109744 4.4716932 7.3799562 3.0816025 4.5461900 3.6597734 3.0638222 3.1122456 2.7088606 2.7232251 3.5098321 3.5719553 1.3899004 1.4824370 3.8168112 3.6925644 4.3187047 4.0659922 3.8631101 3.8018657 4.4070387 3.8641239 5.1643400 5.5657418 4.4804314 4.2745240 4.7712534 
Horcal_Hcv1.av93.c1.g161.i1             1.4889705 1.9689779 1.3965145 0.9787931 0.0000000 0.0398839 0.0285581 0.0380614 0.1731173 0.9358931 1.2205068 1.3273130 1.2875732 1.2900766 2.2829517 2.0467616 3.4422710 3.0497667 2.9252322 3.1356782 3.1932975 3.4490741 3.7936790 3.4313880 2.0031724 3.2577504 3.4364682 3.5588067 3.2985193 3.1701586 3.3550344 2.9199715 2.9949161 3.3924300 3.2851850 2.7389591 3.2803195 3.1240661 2.9801387 2.6710153 2.6663798 2.4660575 2.8699701 3.2773230 2.6021108 3.8727471 3.9311531 3.9387773 4.0686453 3.9665554 3.3437829 1.5930146 3.8032810 3.9233741 3.8983633 3.8146030 3.9555873 3.1939817 3.8414555 3.7713847 3.6259566 3.5358371 2.7077237 3.3538662 3.4085721 3.6703340 3.2625617 3.8066398 4.3760065 3.0879445 5.8196705 3.5604884 3.1823518 3.2894350 2.9747503 2.9926061 3.7070730 3.5691114 1.3334696 1.6256754 3.2814204 3.7587796 4.3792731 4.3866234 4.2146980 3.9860354 4.7040335 4.1639020 5.4297224 5.3614557 4.5341420 4.3948397 5.1872522 
Pbac_sb2664506                          3.8178759 3.8178759 0.9017950 0.8564828 0.0398839 0.0000000 0.0434250 0.0288459 2.2747435 0.9840646 1.4478002 1.4478002 1.3350870 2.3153133 5.0338622 2.9126479 3.2172077 2.9951569 2.9228283 3.0059056 2.8372287 0.0000010 0.0000010 3.1361846 2.1940672 3.1951238 3.2781434 3.1896310 2.9497592 3.6174583 3.0559262 4.2653409 2.9652746 3.1102992 3.1504888 2.1825208 3.0477746 0.0000010 2.9880172 4.5909527 4.8713675 3.3219174 4.0942087 3.0068645 1.9495793 3.6372044 3.7488074 3.5841945 3.5882994 3.6448725 3.1609029 1.9928557 3.8122010 3.2257515 3.1745685 4.0328531 3.9489257 3.0616859 3.6121415 3.6585746 3.5043089 5.3419870 2.7465586 4.9757425 3.0561185 3.2627484 3.2679291 3.3198008 0.0000010 2.8291386 9.0000000 3.2881131 3.0482348 3.0440112 2.8773973 2.8461751 4.1852210 3.5234052 2.1309808 1.3680958 5.3167913 3.0292747 4.1692238 4.2758725 3.7770736 3.7255769 4.3933310 4.3546698 6.0825578 5.8558866 4.1558335 4.2884305 4.5778938 
Horcal_Hcv1.av93.c1.g161.i2             1.5237862 2.0553751 1.2937511 0.9859134 0.0285581 0.0434250 0.0000000 0.0464852 0.1714304 0.9455832 1.2421297 1.3299755 1.2971751 1.3754808 2.3250636 2.0693655 3.3284184 2.9501860 2.8285035 3.1660575 3.2424314 3.4490741 3.9325439 3.4340853 2.0820830 3.2782378 3.4707651 3.6567278 3.3203735 3.1474472 3.3883870 2.9562771 3.0156761 3.4120629 3.2965098 2.8835997 3.2838694 3.3216537 2.9629332 2.7815481 2.7785402 2.5059734 2.9186575 3.3662238 2.7180034 3.9416761 4.0131141 3.9881602 4.1165661 4.0286221 3.4202297 1.5909076 3.8852524 4.0014149 3.9769326 3.8757974 3.9697030 3.2037131 3.8644282 3.7764936 3.6928747 3.8200131 2.7441487 3.3740497 3.3594683 3.6952479 3.2837520 3.8676055 4.3812025 3.1169488 5.7961249 3.6091840 3.2584151 3.3173321 3.0152583 3.0616039 3.7748021 3.5674465 1.4769718 1.6500657 3.2837337 3.8705494 4.3311702 4.4549780 4.2891376 4.0099604 4.6628205 4.2120255 5.5058789 5.4476818 4.5316026 4.3591886 5.2681920 
Pbac_sb2664505                          5.8393671 5.8393671 2.4446668 0.8339050 0.0380614 0.0288459 0.0464852 0.0000000 1.8989047 0.9460406 1.2676806 1.3844981 1.3065768 2.5012124 4.7245302 3.3312401 3.1080902 2.8917993 2.9311940 3.1676619 2.7065879 0.0000010 0.0000010 3.1295996 2.0031724 2.9716077 2.9951491 3.0119521 2.9606701 3.0913811 2.8653913 2.6275814 2.9413793 2.9019379 2.9718562 2.6848265 2.8632187 3.1240661 2.9309507 2.7160813 2.7121148 2.4258027 2.9694132 2.9310412 2.6389384 3.4397154 3.5039396 3.3968180 3.4817551 3.4216769 3.0787661 1.5816581 3.4789663 3.3587070 3.3169050 3.7078247 3.8156494 3.2537622 3.5205676 3.4946331 3.3268717 3.6000880 2.9130649 3.3696307 3.0053246 1.6041142 3.2468667 3.0300484 0.0000010 2.5352069 1.6599333 3.3119006 3.0365028 2.9240022 2.9474182 3.0140903 3.7164939 3.2833209 1.2698187 1.3799152 5.1843760 2.9130166 3.8871519 4.4564205 4.2128554 3.9845890 4.5515820 4.0222463 6.0354594 5.6190702 4.1057524 4.3481578 4.5938878 
Pbac_sb2664508                          1.1621932 1.7803892 1.4503618 1.4532520 0.1731173 2.2747435 0.1714304 1.8989047 0.0000000 1.4407527 3.0279770 1.5111931 2.6992031 1.3444142 1.6205962 1.3731951 2.7973002 1.3769824 0.8931091 4.3021432 5.1749114 4.2695561 3.7777462 4.3304074 2.3115713 3.9478652 4.3452205 4.7575546 4.0630079 1.6842701 4.8488527 6.4543510 1.9789886 4.8433421 4.3055892 4.6656894 4.5374473 3.1923280 3.0562997 2.6952504 2.2672460 2.0660685 4.8640893 4.0035334 1.8845083 4.8224676 4.8324189 4.8948071 5.0111069 5.1549094 4.2788941 1.9331360 5.5000041 5.8493208 5.8493208 4.9534044 2.6807128 3.3264424 4.6885477 4.9455372 4.6040083 3.0913722 4.9419410 2.5840531 3.9331418 3.9866139 3.7510435 4.0681785 2.7667699 3.2620590 5.2669302 5.0693891 5.9406660 4.3389397 5.2321994 5.2887808 3.7015137 4.1825892 1.2244025 2.0457287 1.6749407 4.4800979 5.0258878 0.0000010 8.9999990 0.0000010 6.7853567 9.0000000 4.3935184 4.3227855 5.3271539 4.2217952 5.2538197 
Lampan_Lpan_7974_01                     5.6856118 4.9911528 1.3930086 0.7268672 0.9358931 0.9840646 0.9455832 0.9460406 1.4407527 0.0000000 0.8468975 0.8978008 1.0343152 3.0237079 3.7925470 3.5492874 9.0000000 9.0000000 9.0000000 3.2714128 2.6235053 4.8214889 0.3592721 3.1764946 1.8371280 2.6997096 2.7226043 2.8480735 3.0374563 2.7946244 2.8093210 2.6910220 2.9470756 2.9342138 2.9128826 2.7385359 2.7619477 2.9651330 3.1187702 2.5067143 2.5218717 2.7477847 2.6782480 2.6919343 2.4673479 3.0615251 3.0596950 3.1056221 3.0833968 3.1067883 2.6478911 1.4810584 3.0029704 3.3335424 3.3335424 3.8275214 3.2978535 3.0994258 3.0608391 2.9108368 2.8970790 2.5376067 1.8181675 3.0905114 2.6892582 1.9508910 3.3776024 0.9058375 0.0000010 3.1312638 0.0000010 2.7994860 2.6112013 2.6979184 2.7580201 2.8454702 3.3661454 2.8051015 1.7403927 1.6167231 3.7516524 2.6832831 3.7641318 3.7229965 4.2033695 3.9188241 4.1785426 4.0572560 6.3522311 4.9476237 3.7245720 3.6168239 4.4234432 
Coeast_Cast_sb783135                    6.4611296 6.4611296 0.0000010 1.1803422 1.2205068 1.4478002 1.2421297 1.2676806 3.0279770 0.8468975 0.0000000 0.0132556 0.0573222 0.0000010 2.4738865 6.2711350 0.0000010 0.0000010 0.0000010 0.0000010 3.2926076 0.0000010 0.0000010 3.9577035 2.0171881 3.4612637 3.3385663 4.6289180 3.6731503 3.6811102 3.3903740 3.0755492 3.3475756 3.7770442 3.6119168 2.3747788 3.5033918 2.6671643 4.7602047 3.2390599 3.2319640 2.9888494 2.8971785 3.6824669 2.8121658 3.8202423 3.8195226 3.8961019 4.2761605 3.9965215 3.2551934 1.2884441 3.3236934 3.6342873 3.6342873 2.9767860 2.8230832 5.2564253 3.3842846 3.7369576 3.4992767 2.4192591 0.0000010 3.5709559 3.3742745 1.4452816 5.3545063 0.0000010 0.0000010 0.0000010 0.0000010 3.3975645 0.0000010 4.3818877 4.4436693 4.2867667 3.0760238 3.3263203 0.0000010 0.0000010 6.3122248 8.2169433 4.1443511 0.0000010 8.9999988 8.9999983 7.3128623 5.1878677 7.1387865 6.5743924 3.8884623 4.4875750 2.9724668 
Coeast_Cast_sb783136                    5.0502488 5.0502488 0.0000010 1.1803422 1.3273130 1.4478002 1.3299755 1.3844981 1.5111931 0.8978008 0.0132556 0.0000000 0.0733732 0.0000010 2.6892265 7.6412701 0.0000010 0.0000010 0.0000010 0.0000010 3.7017386 0.0000010 0.0000010 4.2897167 2.2662117 3.8722557 3.6877276 5.4032403 3.7979352 3.6811102 3.6106855 3.3875850 3.3475756 4.2334055 3.9749675 2.9380372 3.8529192 3.9480329 4.7602047 3.8420334 3.6993850 3.4038381 3.1352488 4.0207194 3.0471127 3.9559625 3.9551031 4.1625392 4.2761605 4.2013266 3.5373341 1.3020137 3.8063036 3.5994954 3.5994954 2.6386194 3.5785510 5.2989991 3.7387021 4.1269618 3.8290004 2.4192591 0.0000010 3.8004718 3.3742745 1.4452816 5.0216396 0.0000010 0.0000010 0.0000010 0.0000010 3.6973596 0.0000010 4.3818877 5.4670502 5.4670502 3.0760238 3.7697146 0.0000010 0.0000010 6.3122248 9.0000000 4.1621190 0.0000010 8.9999985 8.9999981 7.2824396 4.6236819 6.5780341 6.4533542 3.8884623 4.4875750 2.9724668 
Coemet_Cmet_scaffold9679_01             7.1810404 7.1810404 0.0000010 1.1396369 1.2875732 1.3350870 1.2971751 1.3065768 2.6992031 1.0343152 0.0573222 0.0733732 0.0000000 9.0000000 3.2738154 3.7865525 4.1999643 2.8691217 3.4384223 3.3646168 2.7322470 0.0000010 0.0000010 3.3744262 1.9675663 2.9560790 2.8538071 3.1069717 3.0491638 3.3977745 3.0752366 3.2303355 2.9779967 3.1922466 3.0999035 3.3361952 3.0768786 3.6353637 3.3832704 3.2904950 3.3090948 3.2944437 2.6513190 2.9561903 3.0723363 3.6132707 3.5456100 3.5437101 3.5637444 3.6958006 2.8158804 1.2184479 3.1547199 3.3286750 3.2941416 3.4410147 3.1275189 3.2102105 2.9846180 3.2045941 3.1261573 2.7943559 2.5694957 3.2273446 2.7047576 0.8777691 3.2762833 2.3690715 1.3379170 2.8617975 1.3379170 3.0091765 2.3400673 2.7172615 3.0412042 3.0738284 4.0482197 2.8535680 2.6651502 2.1669186 4.2593021 2.7439958 4.1854822 3.9417663 4.0532866 3.8077038 3.8923055 3.5751078 6.0940810 5.8628179 3.3580392 3.5972494 5.0522439 
Drygla_Dgla_sb307632                    1.0802056 1.8689481 1.1962978 1.0874060 1.2900766 2.3153133 1.3754808 2.5012124 1.3444142 3.0237079 0.0000010 0.0000010 9.0000000 0.0000000 0.8665990 0.8465683 8.9999987 4.5527283 0.0000010 5.0795119 4.3070446 3.1720903 3.1431931 4.1812378 0.0000010 3.9623236 4.5238850 4.2352289 4.1437652 0.0000010 4.3593546 1.9865492 6.9876758 4.0893736 4.2213575 4.0453122 4.2385651 0.0000010 9.0000000 0.0000010 0.0000010 0.0000010 1.7182348 4.1620522 0.0000010 5.1720731 5.1682745 5.2008671 5.2483235 5.0997366 4.1678526 3.5345283 4.3454506 5.4987801 5.4987801 4.1551767 9.0000000 4.8567047 4.5939894 4.8754812 4.1356872 3.7593226 9.0000000 0.0000010 4.1990488 3.8304012 9.0000000 4.4855090 3.7647705 3.0482870 4.0369982 4.3970693 5.2953298 4.4944269 8.9999989 9.0000000 3.3010067 4.3772360 1.4832454 1.8374467 0.9360930 5.1380180 5.3632411 0.0000010 0.0000010 0.0000010 4.4891853 5.3187575 3.5633471 4.8048338 5.4420228 4.4417448 4.9949200 
Bolinf_Binf_sb1207698                   3.9299200 4.3011206 3.0535658 1.9795309 2.2829517 5.0338622 2.3250636 4.7245302 1.6205962 3.7925470 2.4738865 2.6892265 3.2738154 0.8665990 0.0000000 0.7284977 3.9239772 3.9412067 3.9946999 3.7978798 2.7566980 5.9231150 3.0639305 3.4801725 8.8377443 2.8127018 2.7972580 3.3092393 3.2781443 2.1538121 3.0230907 3.2037256 2.8123493 2.9959431 2.6838267 3.3753967 2.9421014 3.3753967 2.6239100 2.8366400 2.8366400 2.8093648 3.5451409 2.9765048 2.2769888 3.5005737 3.5005737 3.5949258 3.6794783 3.6596878 3.2179636 2.6033934 3.4759147 4.2483292 4.2483292 8.9999988 2.3738070 2.2535253 3.3713897 3.4760425 3.5141739 2.1560316 3.3048009 1.7514279 3.0493837 4.3382606 3.7056897 3.4602330 0.0000010 3.3942308 9.0000000 3.7047066 4.4769023 3.0389157 5.6850194 4.7667896 8.6895883 3.5407864 2.9053055 2.5053550 0.9922251 2.9624470 3.8511050 0.0000010 5.1146328 4.8428450 2.8685513 7.4593838 3.7071726 3.4858450 4.8771664 4.7328141 3.9702983 
Beraby_Baby_sb340122                    8.9999985 5.5421542 3.8601835 2.7458793 2.0467616 2.9126479 2.0693655 3.3312401 1.3731951 3.5492874 6.2711350 7.6412701 3.7865525 0.8465683 0.7284977 0.0000000 9.0000000 9.0000000 9.0000000 4.0746983 3.1094366 3.4821765 3.7483849 3.6929983 3.3174000 2.6153314 3.1564868 3.1399366 3.6736608 4.6180797 3.9563918 6.9030247 3.3000903 3.4883922 3.4618124 9.0000000 3.6158337 9.0000000 2.8695104 4.0523226 4.1660374 3.7308200 4.2309271 3.6552459 7.7570571 4.4820210 4.4820210 4.8212061 4.8861430 4.5637624 3.3689245 3.6343582 3.7319559 3.9951961 3.9951961 5.7047030 4.0980923 4.2708301 3.3958629 3.8793861 3.8414450 3.0689801 2.9000945 4.6007419 3.1773864 4.6277653 2.5318109 3.3619301 0.0000010 1.4225484 0.0000010 4.0187775 3.5713901 3.5119551 2.1304382 2.5312204 8.5607446 3.9793951 4.8042374 1.7632259 1.0404936 3.6052680 4.4687891 0.0000010 5.3670884 4.6464839 4.9834841 4.5879103 3.7385453 3.9855073 4.8370109 6.8233445 6.8879545 
Lcom_lcpid167112                        5.2508594 5.2508594 8.9999987 2.7652923 3.4422710 3.2172077 3.3284184 3.1080902 2.7973002 9.0000000 0.0000010 0.0000010 4.1999643 8.9999987 3.9239772 9.0000000 0.0000000 0.0000010 0.0000010 0.4040015 2.1773136 0.0000010 8.9999987 1.8933549 0.0000010 2.2158108 2.0201775 2.0225851 2.0066241 1.8259363 2.0525558 0.0000010 1.9234179 2.1953867 2.0212860 0.0000010 2.1319843 0.0000010 1.7697129 0.0000010 0.0000010 2.6308878 1.1638249 2.4432822 0.0000010 2.3637105 2.3546550 2.4839240 2.2649081 2.5096143 2.1082343 0.0000010 3.5273507 2.0157014 2.0157014 0.0000010 8.9999983 1.8421375 2.4112980 2.8157038 2.6115546 8.9999987 2.3232724 0.0000010 1.9700154 4.8290568 1.7672744 8.9999986 0.0000010 0.6867820 0.0000010 2.5740950 0.4498782 2.1312419 3.2025493 3.2025493 1.9959162 2.2009070 8.9999987 2.8633475 4.7757541 1.8986396 4.6788341 0.0000010 0.0000010 0.0000010 3.2767091 3.0902524 3.9423528 4.2481044 4.0232663 3.8303784 3.9329936 
Lcom_lcpid166982                        4.2734518 4.2734518 4.5527283 2.4817840 3.0497667 2.9951569 2.9501860 2.8917993 1.3769824 9.0000000 0.0000010 0.0000010 2.8691217 4.5527283 3.9412067 9.0000000 0.0000010 0.0000000 0.0000010 0.3811856 1.9608005 0.0000010 4.5527283 1.7001908 0.0000010 1.9550479 1.8533249 1.8680277 1.8304889 1.2820249 1.7283045 0.0000010 1.8309131 1.9235712 1.7710879 0.0000010 1.8924684 0.0000010 1.6857908 0.0000010 0.0000010 2.6308878 1.5833210 2.2257164 0.0000010 2.0583983 2.0501757 2.1587695 1.9522160 2.1815141 1.8407216 0.0000010 3.1238556 1.8245128 1.8245128 0.0000010 8.9999983 1.8183831 2.2695365 2.5966526 2.3794334 4.5527283 2.4266940 0.0000010 1.7585216 2.9500448 1.6835035 7.0534694 0.0000010 0.6867820 0.0000010 2.4464773 0.5774921 1.8780766 3.2025493 3.2025493 2.3099345 1.9699551 4.5527283 2.5559000 4.3767625 1.7508719 3.2606169 0.0000010 0.0000010 0.0000010 3.2767091 3.0902524 3.3441054 4.5899515 3.4478007 3.0942170 3.5090600 
Lcom_lcpid169721                        4.1938495 4.1938495 0.0000010 2.3867529 2.9252322 2.9228283 2.8285035 2.9311940 0.8931091 9.0000000 0.0000010 0.0000010 3.4384223 0.0000010 3.9946999 9.0000000 0.0000010 0.0000010 0.0000000 0.3108303 1.8313204 0.0000010 0.0000010 1.6415674 0.0000010 1.7876038 1.6756927 1.7531132 1.7117126 1.2820249 1.5599618 0.0000010 1.7298821 1.7392929 1.6070430 0.0000010 1.7544466 0.0000010 1.7120699 0.0000010 0.0000010 2.6308878 1.7911594 2.0667038 0.0000010 2.0279795 2.0195231 2.1743099 1.9269808 2.1981104 1.7515253 0.0000010 3.1668551 1.7946743 1.7946743 0.0000010 8.9999983 1.8694800 2.1510894 2.4733665 2.2802990 0.0000010 2.4491174 0.0000010 1.7386295 0.0000010 1.6980628 0.0000010 0.0000010 0.4644039 0.0000010 2.3452277 0.4341117 1.7806240 3.2025493 3.2025493 2.5282447 1.7980916 0.0000010 2.4612666 4.5077121 1.7400947 3.1398367 0.0000010 0.0000010 0.0000010 3.2767091 3.0902524 3.5642123 3.5863213 3.4453813 3.0019745 3.3077859 
Leuniv_Lniv_C806316_01                  3.9389327 3.9389327 5.1335713 2.8786114 3.1356782 3.0059056 3.1660575 3.1676619 4.3021432 3.2714128 0.0000010 0.0000010 3.3646168 5.0795119 3.7978798 4.0746983 0.4040015 0.3811856 0.3108303 0.0000000 2.2928137 0.5428927 6.3713728 2.5444870 1.2172811 2.4877082 2.3575968 2.3521155 2.4105159 1.8474699 2.7264115 0.0000010 2.4053134 2.3795960 2.3703484 3.9074110 2.5386080 0.0000010 2.4448638 0.0000010 0.0000010 2.3645489 1.7949114 2.5416907 0.6536117 3.0938454 3.0899833 3.0858492 3.0092188 3.1623836 2.3813521 0.0000010 3.7092519 2.4689724 2.3946151 4.7592649 8.9999987 2.3694874 2.8452481 2.8722047 2.5821720 3.3700177 2.5924121 1.8805453 2.4742529 3.1320666 2.3348416 0.9086310 3.1147969 0.6212352 3.2653209 2.6493852 0.8596902 2.3163906 0.6779677 0.6572171 3.2388428 2.7811949 7.3653562 3.0962385 4.1288834 2.4218311 4.8841341 0.0000010 0.0000010 0.0000010 4.0070356 4.9504090 4.6531966 5.2095718 4.4011358 3.6777281 3.5024741 
Cgig_XM_011415390.3                     4.3825280 6.1061110 4.7198414 3.2314149 3.1932975 2.8372287 3.2424314 2.7065879 5.1749114 2.6235053 3.2926076 3.7017386 2.7322470 4.3070446 2.7566980 3.1094366 2.1773136 1.9608005 1.8313204 2.2928137 0.0000000 1.9695328 1.9430212 2.5343802 1.2444339 1.5105122 1.4290435 1.0416729 2.4234813 1.9948725 2.0018267 2.1553534 1.5624142 2.0172027 1.9751577 1.9927224 1.9544276 2.0076455 1.6556374 1.5250046 1.5685071 1.8527347 2.2775243 2.3318586 1.9208367 3.2042029 3.1893378 3.0933213 3.1288081 3.1282874 1.9326980 2.3539694 2.8882491 2.9490796 2.9327370 3.2628102 2.8457109 1.4184477 2.5525573 2.5657418 2.5202670 2.5391173 1.6736727 2.2170441 2.0159763 2.7749722 1.4445767 3.4222000 3.8753429 2.4139824 3.1577498 2.5605529 1.5592500 1.4872064 2.0010169 2.0813817 2.2911420 2.7001217 4.2923228 3.5879886 2.8736510 2.9101410 3.7881705 2.4544709 2.8065092 2.6180339 2.7733121 2.4262480 4.2668329 4.0385816 3.2053167 3.1877882 3.6128963 
Spolac_c110596_g1_i1_m.45666c110596-g1  3.9226526 3.9226526 5.8868097 2.9100880 3.4490741 0.0000010 3.4490741 0.0000010 4.2695561 4.8214889 0.0000010 0.0000010 0.0000010 3.1720903 5.9231150 3.4821765 0.0000010 0.0000010 0.0000010 0.5428927 1.9695328 0.0000000 4.1982651 0.8856369 0.0000010 1.9528866 1.6526002 2.0416729 1.3604912 0.0000010 2.0437854 0.0000010 0.0000010 2.0832625 2.0998807 0.0000010 2.0909551 0.0000010 0.0000010 0.0000010 0.0000010 0.0000010 8.7734116 2.1131210 0.0000010 3.6850649 3.6850649 3.6825300 3.5460643 3.8977561 2.3972545 4.3047904 2.5055933 4.1455186 4.1455186 9.0000000 0.0000010 6.6083840 2.3466957 2.4932119 2.4173670 1.5432110 0.0000010 0.0000010 2.0196098 2.9487467 0.0000010 3.3908410 2.2622504 2.8142752 2.6252835 1.9929594 0.5441514 2.9491228 0.5604586 0.0000010 5.8364718 2.7933125 3.5632618 3.2943779 9.0000000 2.6592807 4.3660042 0.0000010 0.0000010 0.0000010 9.0000000 0.0000010 7.4006860 3.6577191 2.3111719 5.2512468 7.2276880 
Spolac_c86345_g2_i1_m.3928c110596-g1    3.4633258 3.4633258 3.6765388 4.2959469 3.7936790 0.0000010 3.9325439 0.0000010 3.7777462 0.3592721 0.0000010 0.0000010 0.0000010 3.1431931 3.0639305 3.7483849 8.9999987 4.5527283 0.0000010 6.3713728 1.9430212 4.1982651 0.0000000 0.2816395 0.0000010 2.2750526 1.8079748 2.0437245 1.1199752 0.0000010 2.7863079 9.0000000 0.0000010 2.4842969 2.4787761 0.0000010 2.6098791 0.0000010 0.0000010 0.0000010 0.0000010 0.0000010 0.3829518 1.9899192 0.0000010 2.9463107 2.9463107 3.1469231 3.0029674 3.2962202 2.5545927 3.5103364 3.1420521 2.3850852 2.3850852 1.2059598 0.0000010 8.8029029 2.3530351 2.1178200 2.4176997 1.8942542 0.0000010 0.0000010 2.1937016 2.4555994 0.0000010 2.9867751 0.0000010 2.8148829 0.0000010 2.2620505 0.0000010 3.0933916 0.0000010 0.0000010 2.6303853 1.8378060 3.5135503 4.5615894 4.3207170 2.7849870 2.3465804 0.0000010 0.0000010 0.0000010 5.3548755 0.0000010 5.8734407 2.9890929 2.6180124 3.2893273 2.6438600 
Emue_Em0022g165a.t1                     4.6440345 5.0545639 3.9334275 3.3822982 3.4313880 3.1361846 3.4340853 3.1295996 4.3304074 3.1764946 3.9577035 4.2897167 3.3744262 4.1812378 3.4801725 3.6929983 1.8933549 1.7001908 1.6415674 2.5444870 2.5343802 0.8856369 0.2816395 0.0000000 3.4062135 2.6200107 2.4067869 2.4261029 1.6151062 2.8860761 2.6050953 3.3122179 2.1901748 2.5611268 2.5531741 3.3269259 2.5431443 3.6494687 2.2064950 3.2554310 3.2363013 3.2226430 2.4190308 2.8089881 2.7327474 3.5594362 3.5712477 3.4022856 3.4090283 3.4844994 2.6142223 4.3896751 3.7594436 3.3292142 3.3309270 3.4144989 3.2435505 2.3669591 3.1474014 3.2053124 3.0919101 2.6848961 2.3540841 3.0753457 2.5386695 3.7672254 1.9505419 3.8718179 4.4398493 3.1454657 5.1333037 3.1420458 2.0130767 2.5429957 2.5486747 2.6113599 2.9238884 3.2426691 3.6780040 3.8189038 4.2720002 3.1744434 3.3587104 3.1906148 3.5218954 3.4218730 3.7394708 3.1576606 5.1728003 4.8636163 3.7893568 3.9893666 3.3655511 
Skow_XM_006820651.1                     8.9999985 8.9999985 0.0000010 1.0834454 2.0031724 2.1940672 2.0820830 2.0031724 2.3115713 1.8371280 2.0171881 2.2662117 1.9675663 0.0000010 8.8377443 3.3174000 0.0000010 0.0000010 0.0000010 1.2172811 1.2444339 0.0000010 0.0000010 3.4062135 0.0000000 0.9825891 0.9041673 1.1774203 2.3418350 1.6443783 1.8314681 1.8509835 1.5556547 1.8420683 1.8393972 1.6864610 1.8341069 2.5803573 3.2780267 1.6248216 1.7064942 2.0870688 1.9880474 2.1115744 1.9560091 2.4561002 2.1923691 2.0874894 2.1232137 2.2226286 1.4180343 1.6156614 2.3205143 2.9320410 2.9235749 2.9079965 0.8130909 3.8884160 2.4117547 1.7078166 1.6988094 2.3343865 1.2172811 2.0794796 1.5844654 0.8777853 2.1102569 0.0000010 0.0000010 0.0000010 0.0000010 2.4572407 1.5630932 1.5538477 3.6132742 3.8122160 2.7250175 2.1728618 0.0000010 0.8719096 3.1278870 3.4102787 3.0627660 0.0000010 6.8745921 5.4512621 6.0367365 3.9114115 5.7847869 6.1552235 2.9748998 2.0498018 1.4306108 
Spur_XM_030981288.1                     3.4934235 4.3690166 3.8252438 3.1894954 3.2577504 3.1951238 3.2782378 2.9716077 3.9478652 2.6997096 3.4612637 3.8722557 2.9560790 3.9623236 2.8127018 2.6153314 2.2158108 1.9550479 1.7876038 2.4877082 1.5105122 1.9528866 2.2750526 2.6200107 0.9825891 0.0000000 1.2760244 1.4978807 2.4323272 2.1858751 2.1948792 2.0888439 1.7078123 2.0829830 2.0531115 1.8379233 2.0409970 1.6677902 1.9004435 1.6279881 1.6661814 1.8687646 1.7343973 2.3234225 1.6576040 3.2301609 3.2251776 3.2444722 3.2606908 3.3756916 2.0443322 3.0983222 3.0535675 3.0118639 2.9901602 2.6876753 3.3013945 1.3464575 2.5962623 2.6061534 2.5133507 2.9551195 1.8133936 2.4416566 2.0354648 2.7813374 1.5307498 3.3619753 2.7635679 2.4007238 3.1969223 2.6080621 1.7097119 1.6966140 2.2228020 2.2239995 2.1346779 2.7090649 4.0853430 3.6442544 2.9606787 2.9526980 4.0697603 2.7524028 3.3255427 3.0684072 3.1848588 2.5265128 4.1660501 4.2128606 3.5595245 3.2563846 4.0588583 
Bralan_BLAG01102822_1                   3.5637206 4.3181363 3.8652380 3.2837275 3.4364682 3.2781434 3.4707651 2.9951491 4.3452205 2.7226043 3.3385663 3.6877276 2.8538071 4.5238850 2.7972580 3.1564868 2.0201775 1.8533249 1.6756927 2.3575968 1.4290435 1.6526002 1.8079748 2.4067869 0.9041673 1.2760244 0.0000000 1.3578636 2.3687726 1.8406211 2.0413603 2.1529545 1.5785062 2.0130834 1.9922806 1.8108885 1.9188574 2.0036960 1.7656792 1.4462736 1.5541461 1.9575236 2.0802639 2.1914831 1.7419516 3.1339795 3.1431628 3.2386537 3.2598948 3.3360151 1.7899929 3.1743760 3.2073721 3.1460538 3.1094779 2.5216517 3.4147080 1.4337744 2.5436983 2.5672768 2.3895235 2.7132361 1.9027629 2.1535959 1.9554722 2.6810852 1.4307556 3.7247818 3.5821940 2.6372343 4.1097103 2.4235853 1.8169855 1.7027592 2.2498504 2.2703497 2.1332332 2.7916756 4.4313100 4.0570561 2.9463937 2.8487811 3.7678103 2.3524032 2.7541260 2.5790951 2.6478658 2.2802874 4.1147101 4.5613131 3.2776528 3.0608851 3.4975615 
Acagra_model.g13055.t1                  4.0928337 5.1879539 4.0406863 3.4418831 3.5588067 3.1896310 3.6567278 3.0119521 4.7575546 2.8480735 4.6289180 5.4032403 3.1069717 4.2352289 3.3092393 3.1399366 2.0225851 1.8680277 1.7531132 2.3521155 1.0416729 2.0416729 2.0437245 2.4261029 1.1774203 1.4978807 1.3578636 0.0000000 2.3633169 2.1567869 2.0531473 2.2198599 1.6003501 2.1011979 1.9757209 1.6693980 1.9781650 1.8677114 1.7213721 1.3527482 1.3945269 1.8880448 2.1183973 2.2861966 1.9154265 3.2946612 3.3385792 3.2656091 3.3331527 3.3401415 2.0113248 3.6984915 3.1116177 3.2059630 3.1669096 4.8660307 2.8014884 1.3877287 2.7207097 2.5259858 2.3891681 2.4772546 1.8635695 2.9364421 1.9925209 2.6604933 1.4517630 3.4166489 3.1432650 2.2547148 2.8230892 2.5287834 1.6798959 1.4490190 2.0938655 2.1917466 2.1134925 2.8307689 4.6583012 3.8865964 2.8666207 2.9283043 4.2026286 2.4477704 2.5456902 2.3476856 2.6973580 2.4214812 4.3273283 4.2095424 3.2764818 3.1068020 3.8241629 
Tetwil_g11870.t1                        4.1788652 5.4667908 4.0411823 3.1712349 3.2985193 2.9497592 3.3203735 2.9606701 4.0630079 3.0374563 3.6731503 3.7979352 3.0491638 4.1437652 3.2781443 3.6736608 2.0066241 1.8304889 1.7117126 2.4105159 2.4234813 1.3604912 1.1199752 1.6151062 2.3418350 2.4323272 2.3687726 2.3633169 0.0000000 2.7344283 2.4083332 2.5947778 2.0496270 2.3613974 2.3299676 2.9327067 2.2977643 2.9203734 2.0438946 2.2805585 2.3473564 2.7649537 2.0474642 2.6388279 2.2884722 3.3241626 3.3342762 3.3176695 3.3528042 3.2918284 2.7226808 3.1996811 3.5539329 3.2508181 3.2247816 3.1125010 3.8785042 2.1026833 3.2392290 3.2407943 3.1396701 2.7038274 2.1867680 3.3441670 2.3546900 3.0984456 1.9234060 3.9060306 3.3377545 2.7289505 4.2443778 3.0256020 1.7593197 2.4971153 2.6028487 2.6344850 2.6959085 3.1265437 3.8572751 3.5407754 3.5533515 3.0315261 3.0058726 3.2275792 4.0069572 3.6015685 3.5978934 2.8191383 4.3098966 4.3180923 3.6948006 3.4983094 3.0884050 
Adig_XM_015905273.1                     9.0000000 9.0000000 0.0000010 3.3498853 3.1701586 3.6174583 3.1474472 3.0913811 1.6842701 2.7946244 3.6811102 3.6811102 3.3977745 0.0000010 2.1538121 4.6180797 1.8259363 1.2820249 1.2820249 1.8474699 1.9948725 0.0000010 0.0000010 2.8860761 1.6443783 2.1858751 1.8406211 2.1567869 2.7344283 0.0000000 0.0587127 0.0447438 0.1188500 0.7292741 0.7436092 0.0000010 0.6329803 3.2238148 0.5728410 0.9032888 0.9074791 1.7113663 2.4399478 2.3856357 2.3290392 3.1787556 3.1781971 2.9245149 2.7303426 2.8822589 2.1172276 2.7136172 2.2233644 2.9138503 2.9138503 1.9677350 2.9477199 3.2885885 2.2862011 2.2222680 2.2404817 2.9951396 1.6900573 2.2188135 1.6371009 0.0000010 3.1966612 0.0000010 0.0000010 0.0000010 0.0000010 2.8558063 1.2820249 2.5023233 3.6152226 3.6152226 3.4496952 2.3615637 0.0000010 1.0140826 3.8998618 1.2820249 3.1978578 0.0000010 3.8252663 3.8252663 5.3956424 3.4515639 4.4542101 3.6227874 2.4125279 3.1510306 2.6801627 
Amil_Amillepora07094-RA                 4.2347808 4.8093562 3.8789174 3.4776384 3.3550344 3.0559262 3.3883870 2.8653913 4.8488527 2.8093210 3.3903740 3.6106855 3.0752366 4.3593546 3.0230907 3.9563918 2.0525558 1.7283045 1.5599618 2.7264115 2.0018267 2.0437854 2.7863079 2.6050953 1.8314681 2.1948792 2.0413603 2.0531473 2.4083332 0.0587127 0.0000000 0.1203194 0.0364098 0.7923094 0.7723701 0.7628434 0.6851173 0.8277624 0.4321411 0.9926918 1.0605207 1.4663914 2.1796469 2.2782045 2.2071125 3.4360896 3.4373440 3.2579276 3.2524179 3.3355493 2.3254928 2.9890596 3.0378239 3.1351343 3.1022617 3.5167441 2.7859679 1.9912000 2.6912577 2.6167010 2.5260478 2.3343397 2.1009806 2.1514771 1.6052063 2.0489047 1.3772381 4.1799888 4.0909228 2.8270911 4.1214110 2.5507400 2.4437409 2.4372048 2.6612221 2.7930442 1.8754294 2.8318353 4.6373514 3.9818199 3.5193894 2.9861849 3.8332314 2.9126554 2.6279812 2.4048862 2.6530394 2.3901678 4.2540294 4.4426719 3.6034803 3.3246251 4.2446142 
Adig_XM_015916072.1                     4.1782337 4.1782337 6.6233747 3.3040147 2.9199715 4.2653409 2.9562771 2.6275814 6.4543510 2.6910220 3.0755492 3.3875850 3.2303355 1.9865492 3.2037256 6.9030247 0.0000010 0.0000010 0.0000010 0.0000010 2.1553534 0.0000010 9.0000000 3.3122179 1.8509835 2.0888439 2.1529545 2.2198599 2.5947778 0.0447438 0.1203194 0.0000000 0.0000010 0.6671659 0.6885319 0.5982159 0.7258954 0.8225626 0.4301624 1.0449341 1.0813417 1.5313172 2.4954075 2.2280365 2.3127092 2.6241722 2.5287840 2.4785676 2.8515122 2.5556957 2.0288849 2.6135883 2.0148656 4.0108657 4.0108657 3.4641079 1.2090962 3.7776637 2.4575636 2.1678349 2.0002230 3.6835977 0.0000010 1.9259165 7.6622995 4.9217747 3.9793140 8.9999989 9.0000000 9.0000000 9.0000000 2.3979188 0.0000010 1.5679638 2.6815819 3.3190530 3.1386219 2.1541721 5.7327852 8.9999985 3.2716060 8.9999989 3.2619000 0.0000010 5.0141081 3.9640893 4.0625607 4.3643510 4.9666359 3.3491997 4.2728091 8.9999990 5.8279396 
Adig_XM_015916073.1                     3.1768461 3.1768461 9.0000000 2.9453376 2.9949161 2.9652746 3.0156761 2.9413793 1.9789886 2.9470756 3.3475756 3.3475756 2.9779967 6.9876758 2.8123493 3.3000903 1.9234179 1.8309131 1.7298821 2.4053134 1.5624142 0.0000010 0.0000010 2.1901748 1.5556547 1.7078123 1.5785062 1.6003501 2.0496270 0.1188500 0.0364098 0.0000010 0.0000000 0.6675274 0.6448125 1.8180915 0.5596833 0.0000010 0.4861559 0.0000010 0.0000010 1.9209969 0.8910319 1.8073167 0.0000010 2.6339960 2.6411620 2.5739079 2.4596330 2.5992212 1.9282483 0.0000010 3.1002854 2.3326709 2.2667272 4.0328531 2.8980800 1.7694435 2.3603591 2.3959898 2.3041123 1.9906899 1.9638511 2.2337003 1.2021909 2.4201025 1.1783250 3.2532923 0.0000010 2.5879247 8.0518136 2.0195125 2.1330286 1.8240545 2.3911457 2.3710060 1.3357966 2.7195934 1.2594637 3.0846994 3.1891205 2.1902570 3.4053162 3.0575103 2.4840935 2.3220630 2.5456198 2.6213130 4.1911577 5.0071908 3.5313457 3.1121059 1.9582510 
Spis_XP_022785732_1                     4.8810503 5.3300307 3.4064982 3.3638203 3.3924300 3.1102992 3.4120629 2.9019379 4.8433421 2.9342138 3.7770442 4.2334055 3.1922466 4.0893736 2.9959431 3.4883922 2.1953867 1.9235712 1.7392929 2.3795960 2.0172027 2.0832625 2.4842969 2.5611268 1.8420683 2.0829830 2.0130834 2.1011979 2.3613974 0.7292741 0.7923094 0.6671659 0.6675274 0.0000000 0.1722027 0.3749280 0.5055515 0.3300960 0.5399617 0.9303858 0.9739344 1.3127649 2.3005445 2.1306176 2.1381261 3.2345629 3.2102158 3.1933972 3.1922709 3.2247557 2.3023959 3.0665444 2.8523062 3.0778401 3.0716780 3.5902194 2.9849829 1.9499420 2.6718502 2.5464032 2.5295211 2.4357232 1.9584387 2.2330400 1.5177512 2.0923915 1.1697515 4.0573016 5.2731059 2.8464473 3.7327106 2.3536522 1.7850185 2.2723954 2.3657526 2.4593058 1.7849703 2.7033800 4.7576519 4.0667599 2.9345179 2.9713938 3.8679718 3.0481591 3.1255227 2.8768340 3.0633666 2.9771908 4.2667864 4.6772022 3.3850026 3.4882103 4.3487756 
Pocdam_XM_027197412.1                   4.4827827 5.2595212 4.0901735 3.3429569 3.2851850 3.1504888 3.2965098 2.9718562 4.3055892 2.9128826 3.6119168 3.9749675 3.0999035 4.2213575 2.6838267 3.4618124 2.0212860 1.7710879 1.6070430 2.3703484 1.9751577 2.0998807 2.4787761 2.5531741 1.8393972 2.0531115 1.9922806 1.9757209 2.3299676 0.7436092 0.7723701 0.6885319 0.6448125 0.1722027 0.0000000 0.3587582 0.4911659 0.3817986 0.5345175 0.8713795 0.9334055 1.3224018 2.1619164 2.0466481 2.1787988 3.2179558 3.2050976 3.1838662 3.1704212 3.2186001 2.2203622 3.0414632 2.8262930 3.0116540 3.0063173 3.5184387 3.0414160 1.9022248 2.6293018 2.6301384 2.5226661 2.3689788 1.8674527 2.2697466 1.4621003 1.9875113 1.1355673 4.0959414 4.2122405 2.8232951 3.8679102 2.1759020 1.9365440 2.1252189 2.4336063 2.5169638 1.6367412 2.5796684 4.8910970 4.1387851 2.9645963 3.0054440 3.7516262 3.2620081 2.8731676 2.6229385 2.9040618 2.8511714 4.6231135 4.3111462 3.2349985 3.3105119 3.9927646 
Gfas_gfas1.m1.7127.m1                   2.3714827 2.3714827 0.0000010 2.4144378 2.7389591 2.1825208 2.8835997 2.6848265 4.6656894 2.7385359 2.3747788 2.9380372 3.3361952 4.0453122 3.3753967 9.0000000 0.0000010 0.0000010 0.0000010 3.9074110 1.9927224 0.0000010 0.0000010 3.3269259 1.6864610 1.8379233 1.8108885 1.6693980 2.9327067 0.0000010 0.7628434 0.5982159 1.8180915 0.3749280 0.3587582 0.0000000 0.4141886 0.3874861 2.4283613 0.9168182 1.0053354 1.0782081 2.0233307 1.6057514 1.7447556 2.3479974 2.2093264 2.1787594 2.7048609 2.1938974 1.5322598 1.6518815 1.5787414 4.4969884 4.4969884 4.6217355 2.6670266 2.5660256 2.2261735 2.1342041 1.8767333 1.7713768 1.4129784 1.9446130 1.8014049 2.1935141 3.9748729 3.4479401 2.6248547 3.8570274 9.0000000 1.6859575 0.0000010 1.6029301 3.2456679 3.0620839 0.0000010 1.7152703 0.0000010 2.1642385 7.6622427 3.1265559 2.5340968 0.0000010 7.0846425 3.1221017 2.4371209 5.4599505 7.2825063 8.9999982 3.7475893 1.9169370 5.1958635 
Fspp_ffun1.m4.20755.m1                  4.4952726 5.2044887 3.9970630 3.3966229 3.2803195 3.0477746 3.2838694 2.8632187 4.5374473 2.7619477 3.5033918 3.8529192 3.0768786 4.2385651 2.9421014 3.6158337 2.1319843 1.8924684 1.7544466 2.5386080 1.9544276 2.0909551 2.6098791 2.5431443 1.8341069 2.0409970 1.9188574 1.9781650 2.2977643 0.6329803 0.6851173 0.7258954 0.5596833 0.5055515 0.4911659 0.4141886 0.0000000 0.3532609 0.3562181 0.8756520 0.9347429 1.3423032 2.2981213 2.0818769 2.0776811 3.3535128 3.3339983 3.2761146 3.2770768 3.3323561 2.1876697 2.8881599 2.8655363 3.0622806 3.0469453 3.5458179 3.1025203 1.8899959 2.5811988 2.5184691 2.4722672 2.4177096 2.0338646 2.1711401 1.4358405 1.9561385 1.1625920 4.2471515 4.1400569 2.7307314 4.3068216 2.3187852 2.3309313 2.3190975 2.5663390 2.6842214 1.6425485 2.8022817 4.6689201 3.9312835 3.2516775 2.9702038 3.6220653 3.1090893 2.6926223 2.4234988 2.6515494 2.5175062 4.3318366 4.3545148 3.4104775 3.3482724 3.8646995 
Gasp_gasp1.m3.22170.m1                  2.0372821 2.0372821 0.0000010 1.3871436 3.1240661 0.0000010 3.3216537 3.1240661 3.1923280 2.9651330 2.6671643 3.9480329 3.6353637 0.0000010 3.3753967 9.0000000 0.0000010 0.0000010 0.0000010 0.0000010 2.0076455 0.0000010 0.0000010 3.6494687 2.5803573 1.6677902 2.0036960 1.8677114 2.9203734 3.2238148 0.8277624 0.8225626 0.0000010 0.3300960 0.3817986 0.3874861 0.3532609 0.0000000 0.0000010 1.2667967 1.3684190 1.6050563 2.2035641 2.1091571 2.1289933 2.3027520 1.8998678 1.9725309 9.0000000 2.0277660 2.0636504 1.9741816 1.4903492 4.7129836 4.7129836 4.7129836 1.9869120 3.5332634 3.0610508 2.8326070 2.7804295 9.0000000 0.0000010 2.2575984 2.5305156 2.8715935 4.6211380 0.0000010 0.0000010 0.0000010 0.0000010 2.2442205 0.0000010 2.1721189 2.6995091 3.1968323 1.6813650 1.4361303 1.6813650 1.6813650 7.6622427 3.6899668 2.8697825 0.0000010 8.9999982 7.9639553 2.4743003 5.5811308 7.7080743 5.0859158 3.6490270 3.1296390 5.1958635 
Gfas_gfas1.m1.15857.m1                  2.5202761 2.5202761 9.0000000 3.0469931 2.9801387 2.9880172 2.9629332 2.9309507 3.0562997 3.1187702 4.7602047 4.7602047 3.3832704 9.0000000 2.6239100 2.8695104 1.7697129 1.6857908 1.7120699 2.4448638 1.6556374 0.0000010 0.0000010 2.2064950 3.2780267 1.9004435 1.7656792 1.7213721 2.0438946 0.5728410 0.4321411 0.4301624 0.4861559 0.5399617 0.5345175 2.4283613 0.3562181 0.0000010 0.0000000 0.6880363 0.7520542 1.4256966 1.8179152 1.9658091 1.5513880 2.8168246 2.7763007 2.9518957 2.8485302 2.9397829 1.9664479 3.1057265 3.0243818 2.6737984 2.6479828 9.0000000 3.1148864 1.9416837 2.4866631 2.5060490 2.4330580 3.9902503 2.2382926 2.2242825 1.1967959 1.5069793 1.3463316 2.1357249 0.0000010 2.0854652 0.0000010 2.1941930 2.6221683 1.8145583 2.7513142 2.7336526 1.6479774 2.6167010 1.2594637 3.1729972 3.5726633 2.3084807 3.5456387 2.9906360 2.3010777 2.1701047 2.5963273 2.4472143 4.2515204 4.2307720 3.4657806 3.4837668 2.6023459 
Nvec_v1g248783                          3.8879073 3.8879073 0.0000010 2.9103005 2.6710153 4.5909527 2.7815481 2.7160813 2.6952504 2.5067143 3.2390599 3.8420334 3.2904950 0.0000010 2.8366400 4.0523226 0.0000010 0.0000010 0.0000010 0.0000010 1.5250046 0.0000010 0.0000010 3.2554310 1.6248216 1.6279881 1.4462736 1.3527482 2.2805585 0.9032888 0.9926918 1.0449341 0.0000010 0.9303858 0.8713795 0.9168182 0.8756520 1.2667967 0.6880363 0.0000000 0.0208257 0.8411685 2.6146068 1.8990922 2.3179823 2.9608501 2.8243793 2.9222931 3.4113796 3.1160679 1.6941631 2.3950610 2.0212857 3.2700701 3.2700701 3.0765488 1.0490904 3.0191060 2.0677043 1.6704320 1.6122358 1.8180059 0.0000010 1.8833835 0.1788219 0.6626885 2.0465330 0.0000010 0.0000010 0.0000010 0.0000010 2.2027949 0.0000010 1.2570253 4.3002168 3.6748331 2.9600286 1.9944178 0.0000010 0.0000010 3.3797833 1.9706433 3.3610279 0.0000010 4.0417006 3.4961391 3.1871907 3.6988563 4.2689789 3.4090160 3.1172421 2.6045537 3.1792729 
Nvec_v1g232046                          5.4340357 5.4340357 0.0000010 2.8970425 2.6663798 4.8713675 2.7785402 2.7121148 2.2672460 2.5218717 3.2319640 3.6993850 3.3090948 0.0000010 2.8366400 4.1660374 0.0000010 0.0000010 0.0000010 0.0000010 1.5685071 0.0000010 0.0000010 3.2363013 1.7064942 1.6661814 1.5541461 1.3945269 2.3473564 0.9074791 1.0605207 1.0813417 0.0000010 0.9739344 0.9334055 1.0053354 0.9347429 1.3684190 0.7520542 0.0208257 0.0000000 0.8200656 2.6630435 1.9354560 2.3863279 2.9852315 2.7950088 2.8457907 3.3095260 3.0720429 1.7177985 2.3521043 1.9567104 3.3349383 3.3349383 3.1206924 2.4919919 3.2900660 2.1435480 1.7226673 1.6646852 1.8180059 0.0000010 1.8620051 0.4048693 0.6626885 2.4735646 0.0000010 0.0000010 0.0000010 0.0000010 2.2380580 0.0000010 1.3094175 4.6441086 3.8744212 2.9600286 1.9701416 0.0000010 0.0000010 3.2492489 2.7505969 3.4266998 0.0000010 5.0116484 4.7437184 3.6325591 4.0211652 4.1241954 3.3424822 2.9339709 3.0549454 3.0469313 
