90
Mertsp_Mesp_sb555760                                 0.0000000 0.0000010 0.0000010 0.0000010 0.0000010 0.0000010 0.0000010 0.0000010 0.0000010 0.0000010 0.2194683 0.2444192 0.2444192 0.4527415 0.4527415 0.4527415 0.0000010 0.6394327 0.5980463 0.7219162 0.7219162 0.8896280 0.8504129 1.1330741 1.1341319 1.1162611 2.9572084 1.3412268 3.8202625 9.0000000 4.0627245 0.0000010 3.1200584 0.0000010 3.3630604 4.3975449 4.4815302 4.3258496 4.2537004 4.5117030 4.0304646 2.9597446 3.2444445 3.2251859 0.0000010 0.0000010 0.0000010 3.4827071 3.2021017 3.1784834 0.0000010 2.8654466 3.2917822 2.3747918 3.4477140 3.4057473 6.0337425 2.9545337 3.4656849 3.4646404 3.9465250 4.1041852 4.8450356 4.7442774 4.4658525 4.4411983 4.3337221 3.8790119 4.1984263 3.6491964 3.5434157 3.8220622 4.1612589 3.7402327 3.9575418 0.0000010 4.4593740 5.6280551 4.5718993 4.5718993 4.9909342 4.6099018 4.4576859 3.8916200 3.6500531 4.4552989 3.9983512 0.0000010 0.0000010 4.2222901 
Bolinf_Binf_sb1277274                                0.0000010 0.0000000 0.0000010 0.0000010 0.0000010 0.0000010 0.0000010 0.0000010 0.0000010 0.0000010 0.2194683 0.2444192 0.2444192 0.4527415 0.4527415 0.4527415 0.0000010 0.6394327 0.5980463 0.7219162 0.7219162 0.8896280 0.8504129 1.1330741 1.1341319 1.1162611 2.9572084 1.3412268 3.8202625 9.0000000 4.0627245 0.0000010 3.1200584 0.0000010 3.3630604 4.3975449 4.4815302 4.3258496 4.2537004 4.5117030 4.0304646 2.9597446 3.2444445 3.2251859 0.0000010 0.0000010 0.0000010 3.4827071 3.2021017 3.1784834 0.0000010 2.8654466 3.2917822 2.3747918 3.4477140 3.4057473 6.0337425 2.9545337 3.4656849 3.4646404 3.9465250 4.1041852 4.8450356 4.7442774 4.4658525 4.4411983 4.3337221 3.8790119 4.1984263 3.6491964 3.5434157 3.8220622 4.1612589 3.7402327 3.9575418 0.0000010 4.4593740 5.6280551 4.5718993 4.5718993 4.9909342 4.6099018 4.4576859 3.8916200 3.6500531 4.4552989 3.9983512 0.0000010 0.0000010 4.2222901 
Bolinf_Binf_sb1277305                                0.0000010 0.0000010 0.0000000 0.0205054 0.0648554 0.0893804 0.2172150 0.2463513 0.2654230 0.7411256 1.8487313 0.3397935 0.3397935 0.0000010 0.5733630 0.9939682 0.4393660 2.7184399 1.0690696 9.0000000 0.0000010 1.3411681 1.3611421 1.1815735 1.1805987 1.8192001 8.3628561 0.0000010 4.2755811 8.9999984 4.3507223 4.0262870 4.6014797 7.0089496 0.0000010 4.2866036 4.2362679 4.0639198 3.5024183 3.5190817 3.1164573 6.8243226 4.3421555 4.1585513 4.4493454 4.0210817 3.1498720 3.6021964 3.6163625 0.0000010 3.7316382 3.3466355 0.0000010 0.0000010 4.1005746 3.5371310 0.0000010 0.0000010 4.1552386 3.9720781 4.3321445 4.0089588 2.9891782 2.9891782 3.3233874 3.2730103 3.3600708 3.3595185 3.1427344 3.5818360 3.8221901 3.6990879 3.3747551 4.0189976 4.1233956 0.0000010 3.8173541 3.5784393 2.9557214 2.9557214 3.7807671 4.5854965 5.1161993 3.7724438 9.0000000 3.8999192 4.3214107 2.4435847 4.8825554 0.0000010 
Bolinf_Binf_sb1277298                                0.0000010 0.0000010 0.0205054 0.0000000 0.0893804 0.0329565 0.1482564 0.0847998 0.0618224 0.0494503 1.8487313 0.2448485 0.2615493 0.0000010 0.5262471 0.9939682 0.4594205 2.7184399 1.0690696 9.0000000 0.0000010 1.1227313 1.1286819 1.0949899 1.0814313 1.6065109 0.7545497 0.0000010 4.2074861 8.9999984 4.3940522 3.7199800 4.3701914 6.7458894 0.0000010 4.4002433 4.2868193 4.5224353 4.2525061 4.2146813 4.0143385 6.8243226 4.1742263 4.1668834 4.4780858 4.4973068 3.1135222 3.7094730 4.2800490 0.0000010 3.7316382 4.0135053 0.0000010 9.0000000 4.6333833 4.1878868 9.0000000 9.0000000 4.3807448 5.0233896 4.8685850 4.3389822 3.7165010 3.7132957 3.9488934 3.9137750 4.1433382 4.0186474 3.8343998 3.9173616 5.1821654 4.1235478 3.3747551 4.3457830 4.3010065 9.0000000 4.2135237 3.5784393 3.3807244 3.3807244 3.7349215 4.5830723 4.8232161 4.0907157 5.0861995 4.6930228 4.4218348 5.0007460 4.3298678 0.0000010 
Bolinf_Binf_sb1277306                                0.0000010 0.0000010 0.0648554 0.0893804 0.0000000 0.0151378 0.3051960 0.3337366 0.3399118 0.7411256 0.1413735 0.2400234 0.2400234 0.0000010 0.4888173 0.5587063 0.4393660 2.7184399 0.7684768 1.1566654 0.0000010 1.1325329 1.1353885 0.8737690 0.9455540 1.3176250 8.3628561 0.0000010 3.1161650 2.9353518 2.6412714 2.7838782 2.8987111 7.0089496 0.0000010 2.9457025 3.4022718 3.6332803 3.5112678 3.5040920 3.4482660 1.9063550 3.0687793 3.0806842 3.5821541 2.9610676 3.1498720 2.6396013 2.9044401 0.0000010 2.7659243 2.5157609 0.0000010 0.0000010 2.6640364 2.3949393 0.0000010 0.0000010 3.1952056 2.7079934 3.1332951 3.0318969 2.4474146 2.4474146 2.6458533 2.6186608 2.6296119 2.6967290 2.6236816 2.5980882 2.7882912 3.1142702 2.8343061 2.9122680 3.2482044 0.0000010 2.9906392 2.9310079 2.6075331 2.6075331 3.5054928 3.7729606 3.6889727 3.1887732 9.0000000 3.0406375 3.4346700 2.4435847 3.3478849 0.0000010 
Bolinf_Binf_sb1277300                                0.0000010 0.0000010 0.0893804 0.0329565 0.0151378 0.0000000 0.2052647 0.1155169 0.0835491 0.0494503 0.1413735 0.2045803 0.2178119 0.0000010 0.4837655 0.5587063 0.4594205 2.7184399 0.7684768 1.1566654 0.0000010 1.0424747 1.0413487 0.9265591 0.9605807 1.2769367 0.7545497 0.0000010 3.4134666 2.9353518 3.1683697 2.7773730 3.3233706 6.7458894 0.0000010 3.4640362 3.7396835 4.1364467 4.1281526 4.0864008 4.1277048 1.9063550 3.3990723 3.4608978 3.6321754 3.6301342 3.1135222 3.0419146 3.6008474 0.0000010 2.7659243 3.2401866 0.0000010 9.0000000 3.4328856 3.1712161 9.0000000 9.0000000 3.6798476 3.7574512 3.8778184 3.5903613 3.1647695 3.1623937 3.3341416 3.3107935 3.4343917 3.4056953 3.3149865 3.1730571 3.9621441 3.6374818 2.8343061 3.5147258 3.6931000 9.0000000 3.5666737 2.9310079 3.0601839 3.0601839 3.5779185 4.0726950 3.9834797 3.6215108 5.0861995 3.8629582 3.7752457 5.0007460 3.6718543 0.0000010 
Mertsp_Mesp_sb555763                                 0.0000010 0.0000010 0.2172150 0.1482564 0.3051960 0.2052647 0.0000000 0.0000010 0.1513782 0.1468699 6.9408144 0.4926688 0.5346323 0.0000010 0.7388737 4.4549031 0.4570596 2.7184399 1.6590712 0.0000010 0.0000010 1.7305249 1.7794828 1.5274353 1.6530672 1.6448493 9.0000000 0.0000010 4.2993795 8.9999985 4.8359979 3.1435161 4.3014374 9.0000000 0.0000010 4.3157435 4.1618685 4.0628108 3.9620129 3.9927239 3.7043408 8.9999981 4.7848056 4.7452248 5.4596449 4.9694621 5.9255284 4.2394835 4.3206711 0.0000010 4.2002643 4.3267410 0.0000010 0.0000010 4.1635300 3.9153867 9.0000000 9.0000000 4.9533444 5.0297871 4.4290574 4.9364134 4.2909281 4.2909281 4.4448180 4.4101803 4.2976134 4.2965709 4.4494950 4.3400409 4.9215702 4.1663353 4.8355267 4.5749668 4.5586248 9.0000000 4.6950392 4.4137156 3.6666787 3.6666787 4.4065637 4.6966538 5.3873940 3.9641693 4.9852484 4.5637334 5.5495680 6.1522445 5.7210196 0.0000010 
Bolinf_Binf_sb1277295                                0.0000010 0.0000010 0.2463513 0.0847998 0.3337366 0.1155169 0.0000010 0.0000000 0.0740622 0.0494503 6.9408144 0.3556900 0.3775730 0.0000010 0.6316050 4.4549031 0.4607359 2.7184399 1.6590712 0.0000010 0.0000010 1.3386969 1.3563999 1.2913548 1.2914797 1.6209866 0.7545497 0.0000010 4.5197548 8.9999985 4.5471737 3.1435161 4.3669484 6.7458894 0.0000010 4.6122723 4.4721694 4.6051132 4.6689642 4.5693231 4.4374207 8.9999981 4.5766713 4.5730736 5.6647088 5.0136645 3.4080125 4.1742328 4.7633984 0.0000010 4.2002643 4.4991168 0.0000010 9.0000000 4.9659891 4.6193117 9.0000000 9.0000000 4.8701742 5.6900904 5.2818163 4.9877052 4.2766286 4.2727115 4.4096542 4.4086067 4.5031672 4.3660272 4.3940638 4.4958575 5.8758704 4.3718883 4.8355267 4.7215856 4.6277094 9.0000000 4.7132805 4.4137156 3.9205215 3.9205215 4.0192507 4.6680336 5.2850186 4.3427328 5.0861995 5.1771969 5.0292459 5.0007460 4.8681833 0.0000010 
Bolinf_Binf_sb1277281                                0.0000010 0.0000010 0.2654230 0.0618224 0.3399118 0.0835491 0.1513782 0.0740622 0.0000000 0.0343455 8.9999988 0.2535758 0.2758767 0.0000010 0.5231729 7.4199007 0.4501709 2.7184399 1.1786627 0.0000010 0.0000010 1.0518694 1.0548682 1.0634388 1.0402486 1.1568484 0.7545497 0.0000010 3.8478198 6.6893667 4.8940668 2.8866878 3.7402210 6.7458894 0.0000010 4.2399997 3.9118415 4.2775270 4.5042294 4.1912721 4.0428668 9.0000000 4.1624290 4.2637829 4.5788944 4.5524186 3.4080125 3.7279329 4.4046308 0.0000010 3.5060479 4.2375320 0.0000010 9.0000000 4.7477283 4.6337752 9.0000000 9.0000000 4.4962291 5.2060663 4.8279143 4.3526616 3.8101810 3.8059432 3.8976225 3.8960347 4.0368722 3.8986083 3.8488874 3.9933618 5.7386689 4.2686502 3.5173592 4.4962006 4.1241457 9.0000000 4.3733340 4.4307660 3.7657093 3.7657093 3.7776123 4.4474664 4.5507243 3.9755017 5.0861995 4.9262457 4.2853508 5.0007460 4.7499670 0.0000010 
Bolinf_Binf_sb1277285                                0.0000010 0.0000010 0.7411256 0.0494503 0.7411256 0.0494503 0.1468699 0.0494503 0.0343455 0.0000000 0.0000010 0.2305893 0.2594082 0.0000010 0.5377715 0.0000010 0.5377715 0.0000010 7.6029238 0.0000010 0.0000010 0.9277918 0.9227239 1.0064693 0.9710540 1.0835199 0.7545497 0.0000010 3.7349067 0.0000010 4.7763880 3.2517153 4.1377524 6.7458894 0.0000010 4.1762120 3.8925255 4.6640130 4.8099949 4.6551981 4.8099121 0.0000010 4.0915508 4.2594492 7.9454291 4.5794459 3.4080125 3.6460566 4.4338074 0.0000010 2.2591911 4.4386752 0.0000010 9.0000000 4.7990967 4.6220963 9.0000000 9.0000000 4.1285247 5.8907361 5.0534124 4.6732447 4.3113869 4.3052449 4.3110950 4.3093718 4.6373593 4.4029337 4.3161724 4.2198648 6.2061626 4.2388612 4.4014155 4.3745872 4.1763845 9.0000000 4.5829078 3.8140502 3.8031933 3.8031933 3.5017860 4.5779777 4.1563036 4.0175585 5.0861995 4.8756727 4.2626316 5.0007460 4.4657460 0.0000010 
Coeast_Cast_sb839134                                 0.2194683 0.2194683 1.8487313 1.8487313 0.1413735 0.1413735 6.9408144 6.9408144 8.9999988 0.0000010 0.0000000 0.0043617 0.0043617 0.3778834 0.4478190 0.4478190 0.0000010 0.4358500 0.5627029 0.6798324 0.6671478 1.0892975 1.0108776 1.0736209 0.9762797 1.0109156 3.5299082 1.3128382 3.1463820 3.8637876 3.2667792 0.7848851 2.9282289 0.0000010 3.1651449 3.5250934 3.5953042 3.5724380 3.9512524 4.0988127 3.6475880 3.0653028 3.1419360 3.2826330 2.2286706 2.3630997 0.0000010 3.4555826 3.1466510 3.9834566 2.4741868 3.1083521 3.6638500 0.3160139 3.6761107 3.6263855 3.9678643 0.0000010 3.0795463 3.3292192 3.6462072 3.8059836 3.3927820 3.5300815 3.4447510 3.4445360 3.5319326 3.4190438 3.4533393 3.3772356 3.3770829 2.9265828 3.6310456 3.5361310 3.9007297 0.0000010 3.6028687 4.5040343 3.7385968 3.7385968 4.7302605 4.4160461 3.9031891 3.6848055 0.0000010 3.7213821 3.8344765 0.0000010 2.8469662 3.9532526 
Vmul_sbMO426625                                      0.2444192 0.2444192 0.3397935 0.2448485 0.2400234 0.2045803 0.4926688 0.3556900 0.2535758 0.2305893 0.0043617 0.0000000 0.0051827 0.4735647 0.5354711 0.5520769 0.5136341 0.6564271 0.7319010 0.7068205 0.6967478 1.1074212 1.0916289 1.0912222 1.0043364 1.1599856 0.8490273 1.4224690 3.6154272 3.8637876 3.6557132 2.7659653 3.2340771 5.2753759 3.3722934 3.7247249 3.8250761 3.8475639 3.8703649 3.8704556 3.7188119 3.0521241 3.4047849 3.5214736 3.5294093 3.4745962 2.7958440 3.3382084 3.5744627 3.6998122 2.9514649 3.2514278 3.6914599 2.5647966 3.4779088 3.3219682 6.5007752 3.8205335 3.4733233 3.6498828 3.7959827 3.8137966 3.5507552 3.5991172 3.7107920 3.7148294 3.7868483 3.6956133 3.6597508 3.4566720 3.6527333 3.4859820 3.3976838 3.5926163 3.7688420 9.0000000 3.7185309 4.0932470 3.6053170 3.6053170 4.0629214 4.3468992 4.1913395 3.6932324 4.4869871 4.0165933 4.1087500 4.6532814 3.6097875 3.9739190 
Mlei_ML2395.g10.i1                                   0.2444192 0.2444192 0.3397935 0.2615493 0.2400234 0.2178119 0.5346323 0.3775730 0.2758767 0.2594082 0.0043617 0.0051827 0.0000000 0.4735647 0.5069398 0.5611636 0.4863390 0.6564271 0.7319010 0.7068205 0.6967478 1.1201914 1.1052929 1.1486745 0.9585163 1.1599856 0.7901544 1.4130215 3.6673445 3.8637876 3.8744567 2.7659653 3.1713391 3.2020412 3.3722934 3.6685412 3.9324466 3.5791394 3.7935580 3.5739996 3.5192747 2.9983069 3.3945681 3.4731864 3.4435928 3.3336687 2.7957523 3.3314239 3.4369856 3.6998122 2.9514649 3.1859799 3.6914599 2.5098626 3.4174051 3.3280964 2.7122333 2.7734634 3.5221151 3.5787083 3.7225450 3.6540617 3.6133633 3.6529658 3.7223444 3.7211167 3.8032803 3.7366495 3.7069735 3.4675314 3.6860871 3.3388905 3.3976838 3.5987133 3.7994609 3.4944401 3.6831432 4.0413236 3.7500889 3.6603815 4.1955695 4.3350912 4.2521600 3.7667269 4.4098226 4.1275883 4.0693738 4.2482100 3.8688381 3.9739190 
Beraby_Baby_sb334686                                 0.4527415 0.4527415 0.0000010 0.0000010 0.0000010 0.0000010 0.0000010 0.0000010 0.0000010 0.0000010 0.3778834 0.4735647 0.4735647 0.0000000 0.0188406 0.0188406 1.6936795 0.6719732 0.6311131 0.7289405 0.7289405 1.1157868 1.1235184 1.0682541 1.0936221 1.0830777 2.9572084 1.3549612 3.5909061 3.4465814 3.5695366 0.0000010 3.1561472 0.0000010 3.2876978 3.9914526 3.9678410 4.1119007 3.8549238 4.0061911 3.6627699 2.7757009 3.0637153 2.9969654 0.0000010 1.2959235 0.0000010 3.3263317 3.0669894 3.0851024 1.8544565 3.1380377 3.3407533 1.3644685 3.2347061 3.3531388 2.7739658 2.4171396 3.0654498 3.4252431 3.5661125 3.9389677 3.5146078 3.7553144 3.6632282 3.6430452 3.8082141 3.2033847 3.5267669 3.6565291 3.2519122 3.1495456 3.6216868 3.8160350 3.8820402 0.0000010 4.0477630 5.3405459 4.2716552 4.2716552 4.7413393 4.2832375 3.8912613 3.4517362 4.5765148 4.2802864 3.8729100 0.0000010 3.3757111 3.9648788 
Beraby_Baby_sb334678                                 0.4527415 0.4527415 0.5733630 0.5262471 0.4888173 0.4837655 0.7388737 0.6316050 0.5231729 0.5377715 0.4478190 0.5354711 0.5069398 0.0188406 0.0000000 0.0000010 0.0132276 0.7040248 0.6595587 0.7523270 0.7490737 1.1333199 1.1017427 1.0472054 1.0266763 1.1802396 0.8528044 1.3722941 3.5770868 3.4276225 3.6312667 2.6828667 3.2265086 3.4859773 3.2876978 3.6888933 3.7913395 3.5960129 3.8647078 3.5923440 3.6708711 2.6993857 3.2221771 3.1599988 3.2368753 3.2325141 2.7368660 3.2240473 3.2104212 3.0851024 2.6410029 3.1142560 3.3194474 2.0248010 3.4906376 3.3332946 2.2852675 3.1013087 3.4061696 3.3693853 3.4846729 3.5180377 3.3855009 3.4587441 3.6225306 3.6422867 3.7119861 3.5564855 3.5417377 3.3238069 3.4304944 3.2910912 3.2425644 3.7182879 3.7076554 4.2898677 3.7269436 3.8195861 3.5888006 3.6081853 4.1083395 4.0788569 3.8457939 3.5741280 4.6656798 3.9595224 3.9448358 4.1122251 3.5791096 3.9648788 
Beraby_Baby_sb334682                                 0.4527415 0.4527415 0.9939682 0.9939682 0.5587063 0.5587063 4.4549031 4.4549031 7.4199007 0.0000010 0.4478190 0.5520769 0.5611636 0.0188406 0.0000010 0.0000000 0.9845321 0.6719732 0.6258954 0.7523270 0.7490737 1.1770094 1.1312411 1.0586306 0.9730271 1.1596303 3.1242686 1.3722941 3.3173929 3.4276225 3.3413344 1.9871074 2.9484488 7.0103869 3.2876978 3.5445288 3.6549822 3.7822900 3.8470216 3.9000522 3.8008671 2.6993857 2.8347246 2.7553982 2.5012030 2.3660173 3.6257623 2.8850766 3.0006387 3.0851024 2.3702316 2.8827830 3.3194474 1.4492527 2.9699660 2.8344114 2.7739658 2.6326486 2.9260631 2.8441894 3.0017590 3.3754898 3.0637955 3.2210644 3.3656165 3.3930269 3.4185203 3.1622150 3.2299156 2.9472746 2.8491420 3.1348150 3.0972698 3.4613916 3.6757014 5.7083198 3.7129890 3.9750410 3.5686213 3.5686213 4.3002090 4.0430030 3.4425935 3.2453551 4.4436090 3.7942181 3.6653584 0.0000010 3.0184287 3.9648788 
Beraby_Baby_sb334685                                 0.0000010 0.0000010 0.4393660 0.4594205 0.4393660 0.4594205 0.4570596 0.4607359 0.4501709 0.5377715 0.0000010 0.5136341 0.4863390 1.6936795 0.0132276 0.9845321 0.0000000 2.4944355 0.9264110 0.0000010 0.0000010 1.0808425 1.0669987 1.0134132 1.1019531 1.2857534 0.8082500 1.6417947 3.9584530 1.6936795 5.0396440 3.5800029 3.6796424 3.5153737 0.0000010 3.8851210 4.0335376 3.6176874 3.9208937 3.4683979 3.7235571 0.7241621 4.0186298 3.9865869 4.8981878 4.1441156 3.1833700 3.9463629 3.6148196 0.0000010 3.2594903 3.5540138 0.0000010 9.0000000 4.3930159 4.2200732 2.6595020 4.3528645 4.0230332 4.1640883 4.1564768 3.8175078 3.6225081 3.6195013 3.7807649 3.7795488 3.9201373 3.8321986 3.7413259 3.7906776 4.3159575 3.5934680 4.0370987 4.1237134 3.8422888 4.0150529 3.6168527 3.2322548 3.7548399 3.7548399 3.7922363 4.0583624 4.4682874 4.1452905 4.6055103 4.5264108 4.4185643 4.1486898 4.1964957 0.0000010 
Drygla_Dgla_sb302054                                 0.6394327 0.6394327 2.7184399 2.7184399 2.7184399 2.7184399 2.7184399 2.7184399 2.7184399 0.0000010 0.4358500 0.6564271 0.6564271 0.6719732 0.7040248 0.6719732 2.4944355 0.0000000 0.0000010 0.8267506 0.8267506 1.1746191 1.1624599 1.4479342 1.1513130 1.1632241 2.3699491 1.5972255 3.8265384 0.0000010 4.8248954 9.0000000 3.6700970 0.0000010 3.3052233 4.3735699 4.7098995 4.5978842 3.7789540 4.3555156 3.4045308 2.6834003 3.1322577 2.8890763 0.0000010 9.0000000 0.0000010 3.2977344 3.1067445 3.0337810 9.0000000 2.9195324 3.1666801 1.9660104 3.5624972 3.6124625 6.9936857 3.1721025 2.7210791 3.4408919 3.7351704 4.2159974 4.6559143 4.6266670 4.6382247 4.6678710 4.8186681 4.1857040 4.6953099 3.2109301 3.4328007 3.6191693 3.7460166 3.5918054 3.4982928 0.0000010 4.3843729 5.2416977 4.2674667 4.2674667 4.7811524 3.8399431 4.0954882 3.1501885 4.3462059 3.7699339 4.1124652 0.0000010 0.0000010 3.8151970 
Drygla_Dgla_sb302053                                 0.5980463 0.5980463 1.0690696 1.0690696 0.7684768 0.7684768 1.6590712 1.6590712 1.1786627 7.6029238 0.5627029 0.7319010 0.7319010 0.6311131 0.6595587 0.6258954 0.9264110 0.0000010 0.0000000 0.7508067 0.7578876 1.1755935 1.1464497 1.1909625 1.0252305 1.1805472 2.9572084 1.5972255 3.4376150 3.6232891 3.4079109 2.2866261 3.0778864 0.0000010 3.4753859 3.5914688 4.0990326 3.6064338 3.4936583 3.6183570 3.2572719 2.6990236 3.0002855 2.9338221 3.0652348 2.7103574 2.5469428 2.9921156 2.9669375 3.1315043 2.7248172 2.7770442 3.2375242 1.6904785 2.9393855 2.8188560 4.4185775 3.1721025 2.9760185 3.0398328 3.2957255 3.5756065 3.2151814 3.2907547 3.4820254 3.4837057 3.4587887 3.2971419 3.4620351 2.9856737 3.0716193 3.3173012 3.4459158 3.4745976 3.4844316 0.0000010 3.7079439 3.6633477 3.4207585 3.4207585 4.4140826 3.9395289 3.8528336 3.3207407 4.3462059 3.6221760 3.7247554 0.0000010 3.4535170 3.7841979 
Bolinf_Binf_sb1218737                                0.7219162 0.7219162 9.0000000 9.0000000 1.1566654 1.1566654 0.0000010 0.0000010 0.0000010 0.0000010 0.6798324 0.7068205 0.7068205 0.7289405 0.7523270 0.7523270 0.0000010 0.8267506 0.7508067 0.0000000 0.0000010 1.1289439 1.1084938 1.0826463 1.0555013 1.0075635 1.9834579 1.6072347 3.8522424 3.9755830 4.8689424 0.0000010 3.6210941 0.0000010 3.6016983 4.3067766 4.2233736 3.7224394 3.8372079 3.7051778 3.5020691 3.3496929 3.5974679 3.5733759 1.3716275 2.6344913 0.0000010 3.6943852 3.3378193 3.9026852 2.1740368 3.1760258 3.1805465 2.0940564 3.7268836 3.7708229 5.2013577 3.0188456 3.5949017 3.8623995 4.0868085 4.3993880 3.9224345 3.8726246 3.9390863 3.9409596 3.9971987 3.4562448 3.8670630 4.2295259 3.8788264 3.6906195 4.2902822 3.8831455 4.2670830 0.0000010 4.3070775 4.9027950 4.9476357 4.9476357 5.3916333 4.5246495 4.7278708 3.5079411 4.3954638 4.0080831 4.1696318 0.0000010 3.0319633 3.9980633 
Mertsp_Mesp_sb571894                                 0.7219162 0.7219162 0.0000010 0.0000010 0.0000010 0.0000010 0.0000010 0.0000010 0.0000010 0.0000010 0.6671478 0.6967478 0.6967478 0.7289405 0.7490737 0.7490737 0.0000010 0.8267506 0.7578876 0.0000010 0.0000000 1.1411164 1.1203083 1.0980738 1.0601154 1.0115363 1.9834579 1.6072347 3.8997502 3.9997688 4.9007422 0.0000010 3.6609538 0.0000010 3.6016983 4.3718893 4.2691764 3.7760209 3.8532531 3.7311627 3.5179518 3.4118368 3.6626337 3.6448580 1.3716275 2.9316914 0.0000010 3.7591414 3.4211216 3.9026852 2.2245857 3.2232119 3.1805465 2.0940564 3.8206550 3.8363685 5.2013577 3.0188456 3.6207769 3.9337041 4.1559871 4.4472780 3.9415079 3.8883986 3.9560407 3.9579947 4.0154281 3.4647324 3.8825202 4.2778619 3.9398633 3.7293587 4.3460345 3.9853352 4.3911309 0.0000010 4.4321606 5.0577322 5.0623885 5.0623885 5.6341555 4.5485705 4.8287773 3.6092522 4.3954638 4.0740098 4.2371676 0.0000010 3.1851863 3.9980633 
Coeast_Cast_sb814330                                 0.8896280 0.8896280 1.3411681 1.1227313 1.1325329 1.0424747 1.7305249 1.3386969 1.0518694 0.9277918 1.0892975 1.1074212 1.1201914 1.1157868 1.1333199 1.1770094 1.0808425 1.1746191 1.1755935 1.1289439 1.1411164 0.0000000 0.0512985 0.8138807 1.1455298 1.2403618 1.1973857 1.7499792 3.8399558 3.9749333 4.3400968 3.0992310 3.8417463 7.2341013 3.4921398 3.8596675 4.0337274 3.8789291 4.0901719 4.2254157 3.8581953 2.9045209 3.2956474 3.2063706 3.5271237 3.4000334 3.9151928 3.3663915 3.4034877 3.3544245 2.4841139 3.2840774 3.5507770 2.4689451 3.6190216 3.5344697 4.7112505 4.6179107 3.5093773 3.5604257 3.5362182 3.7280276 3.5461239 3.6484549 3.5885762 3.5806372 3.5426098 3.4683731 3.5553539 3.4414033 3.6247778 3.7505254 3.3913631 3.8429098 3.7714634 1.9487612 3.6912810 3.9372639 3.7284119 3.7284119 4.2028297 3.5187605 4.0763264 3.4909590 4.6322198 3.4890889 3.7470289 3.8931173 4.0978625 4.4537167 
Coemet_Cmet_scaffold20549_01                         0.8504129 0.8504129 1.3611421 1.1286819 1.1353885 1.0413487 1.7794828 1.3563999 1.0548682 0.9227239 1.0108776 1.0916289 1.1052929 1.1235184 1.1017427 1.1312411 1.0669987 1.1624599 1.1464497 1.1084938 1.1203083 0.0512985 0.0000000 0.8123842 1.1516113 1.2720153 1.2156804 1.7116871 3.8508172 4.2066063 4.3606781 3.1032636 3.8281922 7.2341013 3.4755959 3.7979878 3.9905318 3.9110533 4.0436680 4.2048598 3.8278009 2.9326126 3.2739907 3.1765243 3.5075053 3.4491722 3.9151928 3.3401732 3.3993574 3.2577844 2.5553489 3.2275609 3.5368451 2.4166928 3.5628436 3.5169180 4.7112505 4.3704054 3.4379540 3.5756095 3.5441579 3.8199967 3.5348172 3.6371281 3.6031335 3.5905159 3.5516817 3.4553111 3.5741921 3.3844333 3.5722819 3.7098104 3.3478720 3.9055733 3.8107160 1.9487612 3.6953149 3.9161376 3.7694609 3.7694609 4.1784297 3.4931017 4.0925729 3.4797779 4.5517714 3.5004930 3.7198966 3.8675499 3.9884674 4.4757025 
Vmul_SimC404414                                      1.1330741 1.1330741 1.1815735 1.0949899 0.8737690 0.9265591 1.5274353 1.2913548 1.0634388 1.0064693 1.0736209 1.0912222 1.1486745 1.0682541 1.0472054 1.0586306 1.0134132 1.4479342 1.1909625 1.0826463 1.0980738 0.8138807 0.8123842 0.0000000 1.1997259 1.3448485 1.4479045 1.7525982 4.3404135 5.8332888 5.0456534 2.3778995 3.7346150 6.5530260 3.6363208 4.3557428 4.4055805 4.0670805 4.5747096 4.2871907 3.9671970 3.3764062 3.8465254 3.7763165 3.7668015 3.7310410 4.1110007 3.7020805 3.7588314 4.1168298 2.7996613 3.5786976 3.4100750 2.2144165 3.7430904 3.6388261 3.4567106 3.2657284 3.6254975 3.6098678 3.7947478 3.7403231 3.6257206 3.6957193 3.6937182 3.7312909 3.7773443 3.6626130 3.7371636 3.5958995 3.8909845 3.7469974 3.5559244 3.7399506 4.0317886 4.4719856 3.9364259 4.2001132 4.0749249 3.9648644 4.1323662 3.9371817 4.0951297 3.9034846 5.2771945 4.0365509 4.1658128 4.8933727 4.5886720 4.5852535 
Horcal_Hcv1.av93.c5.g366.i1                          1.1341319 1.1341319 1.1805987 1.0814313 0.9455540 0.9605807 1.6530672 1.2914797 1.0402486 0.9710540 0.9762797 1.0043364 0.9585163 1.0936221 1.0266763 0.9730271 1.1019531 1.1513130 1.0252305 1.0555013 1.0601154 1.1455298 1.1516113 1.1997259 0.0000000 0.1078873 0.9991171 1.7146410 3.5462538 3.7651410 4.2457468 2.8709804 3.4242832 4.1410212 3.7370792 3.6755974 3.9777348 3.6398576 3.9322075 3.7008959 3.7179331 3.1901323 3.4557835 3.3058158 3.3327904 3.2991917 3.0864192 3.4469107 3.6489720 3.6518499 2.4890332 3.1780365 3.4073040 2.2057019 3.3673875 3.1862696 3.1936871 2.9503480 3.5216580 3.4508971 3.8936233 3.7884296 3.6439199 3.7235594 3.6059662 3.6210699 3.7913449 3.6864277 3.7563842 3.6774169 3.9835543 3.5788284 3.4732555 3.6401030 3.8361779 3.3126157 3.6531823 3.7056053 3.6368443 3.5854334 3.7885897 3.9428293 4.3297737 3.7744481 4.8145021 3.9224559 3.9063472 4.3298121 4.0215510 4.3040844 
Pbac_sb2669293                                       1.1162611 1.1162611 1.8192001 1.6065109 1.3176250 1.2769367 1.6448493 1.6209866 1.1568484 1.0835199 1.0109156 1.1599856 1.1599856 1.0830777 1.1802396 1.1596303 1.2857534 1.1632241 1.1805472 1.0075635 1.0115363 1.2403618 1.2720153 1.3448485 0.1078873 0.0000000 3.2544754 1.7211919 3.6755398 3.8332937 4.1168647 2.9292697 3.3721844 0.0000010 3.7636819 3.7294371 3.7963007 3.8400936 3.8775346 3.8749731 3.7916697 3.1307021 3.3346782 3.1619551 3.9731619 3.1057885 9.0000000 3.4717386 3.5058805 3.5516660 2.7928742 3.1197096 3.4223975 2.0296501 3.2651068 3.1563181 4.2280934 2.1933008 3.5776383 3.2146013 3.7892076 3.8180599 3.6701948 3.7797137 3.7666013 3.7521885 3.8678013 3.6817031 3.8856853 3.5728586 3.7866159 3.5922085 3.7682333 3.6456080 3.8667966 0.0000010 3.7769662 3.9751601 3.7291307 3.7291307 4.1925106 4.0326778 4.2998698 3.5958387 4.1665522 3.7339700 3.9932078 4.2546827 3.4396894 4.3262489 
Lampan_Lpan_15633_01                                 2.9572084 2.9572084 8.3628561 0.7545497 8.3628561 0.7545497 9.0000000 0.7545497 0.7545497 0.7545497 3.5299082 0.8490273 0.7901544 2.9572084 0.8528044 3.1242686 0.8082500 2.3699491 2.9572084 1.9834579 1.9834579 1.1973857 1.2156804 1.4479045 0.9991171 3.2544754 0.0000000 0.9258543 4.9029141 0.0000010 5.2858996 0.0000010 3.9482156 4.0439670 2.0225615 4.5834432 5.5731430 3.7257731 5.7958942 3.7618634 3.8933658 1.7983504 3.9659529 3.8888731 4.0510406 3.9251267 3.0572718 3.9398440 4.3339386 2.7169032 0.0000010 4.2949656 2.0733855 1.7240798 4.5815688 4.0539377 2.9687114 3.4153295 4.4983695 4.7600776 4.9361347 3.4279310 4.7939955 4.7939955 4.6286563 4.7442256 5.0081656 5.0492868 4.8930219 4.5706704 4.3792441 3.8238438 1.2684400 5.7562482 5.4949919 3.2035281 4.1439239 1.7286657 5.4437219 5.1118895 4.1405899 4.3387564 5.0872612 5.3061848 5.6495603 5.2518088 3.9696578 4.5012155 5.0262043 2.3253129 
Eupdun_Edun_sb10680800                               1.3412268 1.3412268 0.0000010 0.0000010 0.0000010 0.0000010 0.0000010 0.0000010 0.0000010 0.0000010 1.3128382 1.4224690 1.4130215 1.3549612 1.3722941 1.3722941 1.6417947 1.5972255 1.5972255 1.6072347 1.6072347 1.7499792 1.7116871 1.7525982 1.7146410 1.7211919 0.9258543 0.0000000 3.3593936 0.0000010 2.9829741 0.0000010 2.7512055 6.7029062 2.7147562 3.7697039 3.5093262 3.7204403 3.5416670 3.2968935 3.4593021 2.4561481 2.4963123 2.4925534 0.0000010 1.1156808 1.1156808 3.2219710 3.3663455 2.7853510 0.0000010 3.1471448 2.5878746 2.2555049 3.0429392 2.7798545 3.2351821 2.3221478 3.1539131 3.5270985 3.0817579 3.9148648 2.8333238 2.9434245 2.6810650 2.7327071 2.6540391 2.2702523 2.5658868 3.7688289 3.2216543 3.5728285 4.2698025 3.7219574 4.6536537 1.8898474 3.5053408 4.9763135 4.4456634 4.4456634 3.5601285 4.5397459 3.9204568 3.1350946 2.5744296 3.4608046 3.4470245 0.0000010 1.5895469 3.4713330 
Xestes_maker-XT_scaffold6354-snap-gene-0.6-mRNA-1    3.8202625 3.8202625 4.2755811 4.2074861 3.1161650 3.4134666 4.2993795 4.5197548 3.8478198 3.7349067 3.1463820 3.6154272 3.6673445 3.5909061 3.5770868 3.3173929 3.9584530 3.8265384 3.4376150 3.8522424 3.8997502 3.8399558 3.8508172 4.3404135 3.5462538 3.6755398 4.9029141 3.3593936 0.0000000 1.3022121 2.2779119 1.1785969 1.7033001 1.9944951 1.7677933 0.9587905 1.1426979 2.6219460 2.9072316 2.8362767 2.7279290 2.3326845 2.3796977 2.3661813 2.4282071 2.2663365 2.1647839 2.3917943 2.1399647 2.7796961 1.6025493 2.4019661 2.1324964 4.0469710 2.3980858 2.4291350 2.7066863 2.6488155 2.2545570 2.2737351 2.4839055 2.6821913 2.5577400 2.5974571 2.6355646 2.6196937 2.7076434 2.5753476 2.6742052 2.3012028 2.8498282 2.5369638 2.4370904 3.2560550 3.1821792 3.3425974 2.6998742 2.8583344 2.7995415 2.7383383 3.0619135 3.0012991 3.0058609 3.1784684 4.5222455 3.2148893 2.8664573 3.0629869 3.2597356 3.2509136 
Stycar_maker-SC_scaffold121286-snap-gene-0.11-mRNA-1 9.0000000 9.0000000 8.9999984 8.9999984 2.9353518 2.9353518 8.9999985 8.9999985 6.6893667 0.0000010 3.8637876 3.8637876 3.8637876 3.4465814 3.4276225 3.4276225 1.6936795 0.0000010 3.6232891 3.9755830 3.9997688 3.9749333 4.2066063 5.8332888 3.7651410 3.8332937 0.0000010 0.0000010 1.3022121 0.0000000 0.0677517 0.0000010 1.1920183 0.0000010 1.0894740 1.4337908 1.4727226 2.3812019 2.7811192 2.5170173 2.5270998 1.4601564 1.5476756 1.4173009 1.8936681 1.3464014 0.0000010 1.4746421 1.4795452 0.0000010 1.6452703 1.8779479 2.0648554 0.5615240 2.4072027 1.6302753 1.1788270 0.0000010 1.4921675 1.7446884 1.8630780 2.0902732 2.6150970 2.6150970 2.8407280 2.7544036 2.8468057 2.8126768 2.4973284 1.8485690 1.9850161 2.0173455 1.7511532 2.2892649 2.2678650 0.0000010 2.0548401 2.0957855 1.9217853 1.9217853 2.5558423 3.2738799 3.3908417 2.2456213 0.0000010 1.9763073 2.0622444 0.0000010 3.5998833 3.2616976 
Stycar_maker-SC_scaffold139694-snap-gene-0.58-mRNA-1 4.0627245 4.0627245 4.3507223 4.3940522 2.6412714 3.1683697 4.8359979 4.5471737 4.8940668 4.7763880 3.2667792 3.6557132 3.8744567 3.5695366 3.6312667 3.3413344 5.0396440 4.8248954 3.4079109 4.8689424 4.9007422 4.3400968 4.3606781 5.0456534 4.2457468 4.1168647 5.2858996 2.9829741 2.2779119 0.0677517 0.0000000 1.0635914 1.8807802 2.6143011 2.1195263 2.3029161 2.1652780 3.3145215 3.3961118 3.3907613 3.2333897 2.0242711 2.4567273 2.4614050 2.7172994 2.2882100 2.9595965 2.4971036 2.1258273 2.8448612 1.7957342 2.9751111 2.3192656 3.4121133 2.8802694 2.7903879 3.0367036 2.8333935 2.8361968 2.9457975 2.9708089 3.2508653 3.0806030 3.0753416 3.1934724 3.1471640 3.2156652 3.1049846 3.0278824 2.8901536 3.4230498 3.5255555 2.5943007 3.9177381 3.9104533 7.0630976 3.2353439 3.1527372 3.4926250 3.4286168 3.5383163 3.5075042 3.6858700 3.6986600 4.8117970 3.4880474 3.0625454 4.6070485 4.1560258 3.7649627 
Spolac_c99923_g1_i1_m.20970c99923-g1                 0.0000010 0.0000010 4.0262870 3.7199800 2.7838782 2.7773730 3.1435161 3.1435161 2.8866878 3.2517153 0.7848851 2.7659653 2.7659653 0.0000010 2.6828667 1.9871074 3.5800029 9.0000000 2.2866261 0.0000010 0.0000010 3.0992310 3.1032636 2.3778995 2.8709804 2.9292697 0.0000010 0.0000010 1.1785969 0.0000010 1.0635914 0.0000000 0.2028942 0.0000010 0.0000010 1.2961660 1.2488344 1.8550815 1.9192850 1.9605037 1.9810922 1.2522522 1.6296004 1.6722774 1.7749372 1.5999201 9.0000000 1.5416912 1.5975725 0.0000010 1.4708381 1.4958293 0.0000010 0.0000010 1.4450629 1.4516225 0.0000010 0.0000010 1.7034417 1.6627249 1.8202002 2.0086129 1.5558987 1.5558987 1.5845269 1.5740330 1.5957935 1.6051883 1.6470992 1.7775726 1.7591691 2.2413438 1.7022289 2.4493122 2.3454613 0.0000010 1.9260506 2.1387433 1.9353472 1.9353472 2.4191013 2.0720076 2.3546827 2.3381362 1.3740169 2.0975201 2.4586630 1.2146830 3.3068667 0.0000010 
Emue_Em0019g1006a.t1                                 3.1200584 3.1200584 4.6014797 4.3701914 2.8987111 3.3233706 4.3014374 4.3669484 3.7402210 4.1377524 2.9282289 3.2340771 3.1713391 3.1561472 3.2265086 2.9484488 3.6796424 3.6700970 3.0778864 3.6210941 3.6609538 3.8417463 3.8281922 3.7346150 3.4242832 3.3721844 3.9482156 2.7512055 1.7033001 1.1920183 1.8807802 0.2028942 0.0000000 0.2633175 0.4214923 1.8862505 1.9763583 2.4204541 2.5881927 2.5993498 2.5659298 2.2363138 2.3320506 2.3958249 2.0915067 2.1977817 2.4456864 2.2670477 2.0658826 2.6769304 1.5587982 2.2412250 1.8142887 3.4700455 2.3014828 2.3726076 2.6253921 2.6568034 2.4036126 2.2498475 2.4664388 2.6188498 2.5017223 2.5050111 2.5662274 2.5534045 2.6075651 2.5276933 2.5186124 2.5290991 2.7306820 2.8077467 2.2189468 3.2224968 3.1407983 3.2523958 2.6823544 2.9193957 2.8736167 2.8363886 3.3053257 2.9003380 3.1653237 3.1906759 3.9767299 3.0439806 3.1048638 2.7295523 3.4011963 3.3210501 
Spolac_c99923_g4_i1_m.20975c99923-g1                 0.0000010 0.0000010 7.0089496 6.7458894 7.0089496 6.7458894 9.0000000 6.7458894 6.7458894 6.7458894 0.0000010 5.2753759 3.2020412 0.0000010 3.4859773 7.0103869 3.5153737 0.0000010 0.0000010 0.0000010 0.0000010 7.2341013 7.2341013 6.5530260 4.1410212 0.0000010 4.0439670 6.7029062 1.9944951 0.0000010 2.6143011 0.0000010 0.2633175 0.0000000 0.0000010 2.2046106 3.2376037 2.7924706 3.2660446 2.7927329 2.5263273 2.1651242 3.2373963 3.1975201 9.0000000 2.7498760 2.3713085 3.1570522 2.8321832 0.0000010 0.0000010 2.9354122 0.0000010 4.4917887 2.9772077 3.0321217 2.4897840 2.4220404 2.9610254 2.6050946 2.8879226 3.0826836 3.7598170 3.7598170 3.8443511 3.8310353 3.8454119 3.7531338 3.6413611 2.8206446 3.0128678 2.4769300 0.0000010 5.0843739 5.0226803 2.8020702 4.2622226 2.1651242 3.7606923 3.5967990 5.3477702 4.8528433 3.6821871 4.3667449 6.4435434 5.9017803 4.5232313 3.2203558 3.8636257 0.0000010 
Spolac_c99923_g2_i2_m.20973c99923-g1                 3.3630604 3.3630604 0.0000010 0.0000010 0.0000010 0.0000010 0.0000010 0.0000010 0.0000010 0.0000010 3.1651449 3.3722934 3.3722934 3.2876978 3.2876978 3.2876978 0.0000010 3.3052233 3.4753859 3.6016983 3.6016983 3.4921398 3.4755959 3.6363208 3.7370792 3.7636819 2.0225615 2.7147562 1.7677933 1.0894740 2.1195263 0.0000010 0.4214923 0.0000010 0.0000000 2.0673423 2.0230806 2.4030984 2.5436892 2.7987687 2.5707899 2.2182672 2.0896718 2.0426648 0.0000010 1.3189785 0.0000010 2.1958133 1.8130130 2.4551840 0.9115264 2.3114351 1.6133241 3.2646835 2.3432396 2.4126247 2.3877648 4.7515935 2.7129712 2.5373413 2.6501237 2.8623191 2.4371445 2.4599947 2.6307250 2.6208068 2.6480525 2.5315157 2.5841712 2.8487265 2.8722736 3.2982023 2.4392130 3.1143463 3.2285516 0.0000010 2.4541732 3.4604565 2.7726704 2.7726704 3.2793091 2.7991209 3.2487799 3.2394674 4.3438750 2.5688855 2.7776047 0.0000010 1.9992744 2.7801104 
Halamb_c52296_g1_i1m.32670                           4.3975449 4.3975449 4.2866036 4.4002433 2.9457025 3.4640362 4.3157435 4.6122723 4.2399997 4.1762120 3.5250934 3.7247249 3.6685412 3.9914526 3.6888933 3.5445288 3.8851210 4.3735699 3.5914688 4.3067766 4.3718893 3.8596675 3.7979878 4.3557428 3.6755974 3.7294371 4.5834432 3.7697039 0.9587905 1.4337908 2.3029161 1.2961660 1.8862505 2.2046106 2.0673423 0.0000000 0.8659114 2.6956738 2.8562060 2.6055748 2.6513259 2.4680985 2.6509144 2.5579623 2.4139318 2.3510905 2.3864347 2.5789236 2.4947233 2.8793865 1.6866554 2.6155161 2.4580889 2.9536824 2.5875236 2.4753316 2.5000149 2.4882211 2.4620531 2.4126423 2.7313704 2.8558523 2.5846449 2.6099994 2.6390169 2.6134595 2.7124530 2.6575757 2.7118230 2.7361946 2.7840598 2.7382417 2.4977370 3.0203718 3.2137912 3.0475944 2.7609873 3.0202651 2.8510558 2.8072982 3.3213976 2.9964764 2.8653116 3.3406491 4.6309138 3.2722562 2.8991554 2.8172457 3.2424556 3.3057848 
Aque_Aqu2.1.35206_001                                4.4815302 4.4815302 4.2362679 4.2868193 3.4022718 3.7396835 4.1618685 4.4721694 3.9118415 3.8925255 3.5953042 3.8250761 3.9324466 3.9678410 3.7913395 3.6549822 4.0335376 4.7098995 4.0990326 4.2233736 4.2691764 4.0337274 3.9905318 4.4055805 3.9777348 3.7963007 5.5731430 3.5093262 1.1426979 1.4727226 2.1652780 1.2488344 1.9763583 3.2376037 2.0230806 0.8659114 0.0000000 2.8058678 2.8485414 2.7268620 2.7710708 2.5987628 2.5668068 2.4702161 2.1976156 2.1891926 2.6776681 2.5093675 2.3847653 3.0642844 1.6057725 2.6025523 2.2663318 3.7284422 2.6917455 2.7067113 3.1678747 2.7242863 2.4946731 2.5824430 2.6803741 2.8646402 2.4999482 2.5249099 2.6078405 2.6200528 2.7391289 2.6889374 2.5760925 2.6439914 2.7951010 2.8232315 2.4424423 3.1316340 3.1660375 2.9842523 2.4530600 2.9478540 2.9279172 2.9049022 3.2752873 2.9488394 3.1762648 3.0627202 4.9236443 3.0728336 3.1018420 3.1665892 3.3482694 3.7266076 
Lcom_lcpid51697                                      4.3258496 4.3258496 4.0639198 4.5224353 3.6332803 4.1364467 4.0628108 4.6051132 4.2775270 4.6640130 3.5724380 3.8475639 3.5791394 4.1119007 3.5960129 3.7822900 3.6176874 4.5978842 3.6064338 3.7224394 3.7760209 3.8789291 3.9110533 4.0670805 3.6398576 3.8400936 3.7257731 3.7204403 2.6219460 2.3812019 3.3145215 1.8550815 2.4204541 2.7924706 2.4030984 2.6956738 2.8058678 0.0000000 0.4358870 0.4636328 0.5286538 2.2691029 2.3742555 2.3788641 2.6489057 2.0849171 1.8637339 2.4514838 2.3058434 2.9857701 1.9348212 2.1025658 2.1659167 2.2211173 2.5560548 2.4936655 2.0413766 2.1540715 2.3210150 2.4653678 2.2982761 2.6357604 2.7346206 2.7557961 2.7711394 2.7816952 2.7792231 2.6936798 2.6691927 2.5072862 2.7037683 2.5847134 2.5918390 3.0246745 3.1340447 2.6001919 2.5998861 2.9587773 2.8545851 2.8422035 3.0217734 3.0440638 2.7873627 2.9719510 3.9101526 2.9854914 3.1025493 2.4186591 3.0436503 1.5501399 
Leuniv_Lniv_scaffold22855_01                         4.2537004 4.2537004 3.5024183 4.2525061 3.5112678 4.1281526 3.9620129 4.6689642 4.5042294 4.8099949 3.9512524 3.8703649 3.7935580 3.8549238 3.8647078 3.8470216 3.9208937 3.7789540 3.4936583 3.8372079 3.8532531 4.0901719 4.0436680 4.5747096 3.9322075 3.8775346 5.7958942 3.5416670 2.9072316 2.7811192 3.3961118 1.9192850 2.5881927 3.2660446 2.5436892 2.8562060 2.8485414 0.4358870 0.0000000 0.4909464 0.4961318 2.2965416 2.4904412 2.5163551 2.9678700 2.4243711 2.8016143 2.5579737 2.5601077 2.7961091 1.9733799 2.3341288 2.1402955 2.3298153 2.8065534 2.6808664 2.8692627 3.9467336 2.7059753 2.7843245 2.5318904 2.9771107 3.0234301 2.9948868 2.8997288 2.8977921 2.9196157 2.9075271 2.8204013 2.6650228 2.7745094 2.7177668 2.7480604 3.2834057 3.4525385 4.2788173 2.8099903 3.2278118 3.1867265 3.1867265 3.2053917 3.2039248 3.0893098 3.0717297 4.1754793 2.9175210 3.1398188 3.0159955 3.3596208 1.6410139 
Gracom_Gcom_C558722_01                               4.5117030 4.5117030 3.5190817 4.2146813 3.5040920 4.0864008 3.9927239 4.5693231 4.1912721 4.6551981 4.0988127 3.8704556 3.5739996 4.0061911 3.5923440 3.9000522 3.4683979 4.3555156 3.6183570 3.7051778 3.7311627 4.2254157 4.2048598 4.2871907 3.7008959 3.8749731 3.7618634 3.2968935 2.8362767 2.5170173 3.3907613 1.9605037 2.5993498 2.7927329 2.7987687 2.6055748 2.7268620 0.4636328 0.4909464 0.0000000 0.5147953 2.2687360 2.4818494 2.5185979 2.9011171 2.2101680 1.9167055 2.5000361 2.4113170 2.8502490 2.0538995 2.2554737 2.4309349 2.2007687 2.6425667 2.5806009 1.9633127 2.0764542 2.4689220 2.5036781 2.3896576 2.7038024 2.7279424 2.7456388 2.8337604 2.8382563 2.7588739 2.7102965 2.7576184 2.5042315 2.7247188 2.6672974 2.7686260 3.1003252 3.2620861 2.7152768 2.6647675 3.2231956 2.9840894 2.9872520 3.0878455 3.2353592 2.9471701 3.0649971 3.7711452 2.9686541 3.2560356 2.3899981 3.0608654 1.8314922 
Scil_scict008569.2                                   4.0304646 4.0304646 3.1164573 4.0143385 3.4482660 4.1277048 3.7043408 4.4374207 4.0428668 4.8099121 3.6475880 3.7188119 3.5192747 3.6627699 3.6708711 3.8008671 3.7235571 3.4045308 3.2572719 3.5020691 3.5179518 3.8581953 3.8278009 3.9671970 3.7179331 3.7916697 3.8933658 3.4593021 2.7279290 2.5270998 3.2333897 1.9810922 2.5659298 2.5263273 2.5707899 2.6513259 2.7710708 0.5286538 0.4961318 0.5147953 0.0000000 2.4045588 2.4138276 2.4011299 2.9786715 2.2500295 1.7857263 2.4767572 2.4109349 2.9254720 2.0695235 2.2979083 2.1353696 2.0915226 2.7405830 2.6464124 2.1056529 1.9871583 2.3769415 2.5225646 2.3601285 2.8169417 2.7117806 2.7104199 2.7803004 2.7808240 2.7659263 2.6368858 2.6575329 2.5409351 2.7467319 2.5046186 2.7365325 3.0817233 3.1728109 2.5232313 2.6404018 3.1253116 3.1093988 3.0929744 3.2182937 3.2483838 2.8573793 2.9600945 3.7682696 2.9733933 3.2976619 2.3621128 3.1051910 1.4974086 
