69
Bralan_BLAG04000220_1                                0.0000000 0.7510604 1.0068504 0.6891596 0.5024008 0.6845953 0.6367693 0.6965198 0.7843634 0.8152536 0.9363338 1.0321162 1.0497307 0.9033202 0.6919319 0.8844346 0.9028653 0.8250032 0.9404616 0.8279708 0.9470594 0.7761247 0.8656785 0.8157473 0.8707214 1.2707777 0.9877372 1.1998011 0.9416378 0.9580613 0.9301314 1.2525474 1.2967463 1.3826147 1.3776157 1.4079997 1.6259823 1.3460216 1.2636186 1.0317961 1.3816899 1.3135093 1.4216665 0.9202172 1.5397487 1.9944927 1.8655749 2.2740430 2.5591329 2.5845171 2.5366560 1.2757626 1.2180832 4.0332278 3.6994051 5.6186901 1.2577613 1.4294274 1.4313865 3.5169923 4.4558657 4.7326998 4.0246353 4.3951391 4.3573393 3.6000083 4.9162466 4.2367302 5.0264006 
Stycar_maker-SC_scaffold101275-snap-gene-0.12-mRNA-1 0.7510604 0.0000000 0.3401815 0.6149697 0.3311149 0.7061355 0.6091107 0.5183218 0.6092851 0.5385416 0.4913747 0.5724715 0.5834461 0.5187074 0.6839943 0.6042181 0.8658205 0.7211987 0.9990767 0.7199526 0.8562940 0.9429101 0.7476173 1.0152342 1.0743984 0.7513655 0.7864794 3.7175794 0.9460882 0.8966287 0.8848064 0.9065475 1.1700762 0.8582652 0.8582652 0.8389358 0.9493170 0.8093433 1.1080015 1.4437896 0.7808250 0.9877361 1.0319662 0.8917284 1.5154858 1.4476500 1.2887475 4.1003465 4.1003125 4.1003125 3.9654717 2.7041215 2.6264513 4.6958120 4.7844980 6.6143369 0.6502704 1.4117792 1.1008042 2.4819137 8.6535649 6.7002371 6.3786819 7.8189133 6.8218760 5.3622701 7.1874326 5.3002480 6.7427734 
Tetwil_g7966.t2                                      1.0068504 0.3401815 0.0000000 0.9184433 0.7728913 0.8741252 0.9381385 0.8964927 0.9222178 0.8904317 0.6010373 0.5740243 0.8190996 0.6669299 0.9497355 0.8546388 1.0107338 0.9536130 1.0762779 1.0024725 1.1138579 1.2950208 0.9784861 1.0533353 1.1776381 1.3886683 1.0149252 0.6576049 1.0487364 1.0956834 1.0929017 1.3003993 1.2183964 1.3977340 1.3408002 1.3929856 1.4227746 1.3474984 1.5793220 1.0793173 1.3005286 1.3145027 1.4385795 1.1302027 1.8667728 1.5778153 1.8133137 2.6896448 2.9056564 2.8747183 2.8775166 1.8915706 1.8285298 4.7891850 3.5005950 5.3836424 1.2916448 1.6161852 1.2267780 3.1101432 5.3204844 5.4674194 3.8598178 3.6627500 4.0355904 3.8727315 4.6959761 4.0248417 4.6767505 
Fspp_ffun1.m4.17628.m1                               0.6891596 0.6149697 0.9184433 0.0000000 0.2372851 0.3105012 0.2245966 0.3592443 0.4151775 0.4294203 0.9089332 0.8854411 0.8822462 0.9823879 0.6927044 1.0267383 0.9966079 0.8928574 1.0224392 0.9046946 1.0212426 1.0670832 0.9983996 0.9855344 1.0412767 1.4901137 1.1043855 1.2719873 1.0283174 1.1132889 1.1824839 1.1225139 1.1613300 1.4839644 1.4001957 1.4872495 1.4486090 1.4875586 1.4015107 0.8407645 1.4727536 1.3884198 1.4712200 1.0131905 1.8112604 1.7305867 1.9532852 2.2386496 2.7775783 2.7479710 2.7507160 1.6561647 1.5142801 4.6042570 4.4639037 8.1461369 1.4640277 1.3480244 1.1798781 2.5955095 4.0199123 4.4125695 3.3973539 2.7441802 4.0184934 3.3393970 3.8084095 3.6669473 4.1841928 
Pocdam_XM_027194375.1                                0.5024008 0.3311149 0.7728913 0.2372851 0.0000000 0.2538382 0.2629569 0.1281594 0.4198671 0.4079312 0.6486592 0.7848832 0.7573315 0.6905331 0.5659712 0.9147594 0.5132133 0.8300092 0.9111368 0.6755341 0.8483912 0.7543361 0.7886399 0.7916075 0.7916075 1.0159763 1.0024089 1.0378075 0.8595386 0.9604064 0.9452087 1.3448115 0.9301514 1.0755425 1.0695716 1.0655002 1.0774145 1.1384554 1.0877376 1.2533469 1.5748212 1.2267566 1.3674889 0.9314974 1.4271920 1.8985784 1.7154940 2.2405470 2.2894054 2.2365718 2.2152513 0.8728468 0.8765509 6.2400715 4.1248031 8.9999987 1.1430815 1.3581437 0.5458109 2.7321063 3.9156126 4.8232311 3.5637649 3.3932717 3.8749473 3.1999136 4.0850554 3.4693693 4.5426711 
Gfas_gfas1.m1.14193.m1                               0.6845953 0.7061355 0.8741252 0.3105012 0.2538382 0.0000000 0.3378179 0.4218766 0.3760430 0.4116944 0.9379010 0.9118496 0.9602812 0.9973056 0.6759260 0.9359936 0.8863953 0.8392822 1.0173144 0.8954515 1.0039779 1.0923900 1.0073729 0.9397577 1.0731448 1.4993052 1.1752119 1.2103767 0.9484801 1.0968806 1.1029008 1.1263475 1.0768984 1.5093759 1.4098891 1.4956706 1.2474926 1.4965514 1.3800985 0.9172766 1.5494315 1.3097867 1.4211878 0.9947253 1.7516922 1.8845598 1.8622267 2.1950788 2.4043693 2.3775427 2.3819437 1.5363916 1.4498755 4.4057950 4.5175274 6.6907528 1.4956480 1.2650029 1.0516946 2.7656447 4.0342709 4.0658854 3.4102380 3.1086107 4.2331914 3.4506551 3.4920349 3.5992751 4.3176919 
Gasp_gasp1.m3.30599.m1                               0.6367693 0.6091107 0.9381385 0.2245966 0.2629569 0.3378179 0.0000000 0.3730401 0.4267007 0.4110661 0.8370991 0.8602235 0.9608765 0.9266339 0.6571614 0.9427824 1.0108746 0.8776829 1.0397729 0.8798694 0.9657515 1.0178889 1.0093950 0.9284567 0.9624495 1.4810099 1.1155292 1.3402688 0.9628130 1.0800034 1.1618611 1.1416545 1.1701466 1.4624269 1.3669194 1.4500080 1.4563697 1.4649472 1.2989351 0.8277481 1.3748202 1.3372065 1.4391020 0.9458903 1.6047670 1.8052364 1.9199039 2.2543151 2.6486418 2.6203539 2.6230455 1.5600425 1.4510882 4.9087037 4.3879199 6.9008112 1.3196295 1.3615382 1.1275793 2.7570472 4.0377012 4.3236025 3.4599821 2.9247063 4.1165127 3.4891860 3.7810923 3.9726470 3.9874266 
Spis_XP_022801101_1                                  0.6965198 0.5183218 0.8964927 0.3592443 0.1281594 0.4218766 0.3730401 0.0000000 0.5182931 0.5426560 1.0625578 1.0188067 1.0228150 1.0226542 0.6970227 1.1905927 0.8512578 1.0162045 1.1755738 1.0155164 0.9928370 1.1100311 1.0367230 0.9652408 1.0898634 1.5649752 1.1798466 1.5602527 1.1193829 1.0558288 1.1773256 1.1722024 1.1509240 1.6049991 1.5072066 1.5515180 1.3632411 1.4697712 1.4082317 1.0230082 1.4314037 1.5503073 1.6014137 1.1589263 1.7287485 1.8564999 2.0357456 2.3161730 2.6884349 2.6699502 2.6729876 1.6686522 1.5285085 4.6284382 3.7244401 5.7228687 1.6011309 1.4583220 1.1318162 2.6723424 3.9417826 4.0640200 3.4335757 3.1516513 4.1156838 3.3955747 3.8729760 3.6376672 4.0439154 
Amil_Amillepora15121-RA                              0.7843634 0.6092851 0.9222178 0.4151775 0.4198671 0.3760430 0.4267007 0.5182931 0.0000000 0.0301477 0.9659418 0.9079572 0.9152497 0.9483225 0.7627602 1.0982108 0.9365856 0.9696711 1.1100385 1.0094496 1.0669099 0.9473092 1.0728452 0.9490077 1.0422626 1.3067572 1.1854783 1.1594595 1.0029154 1.2115379 1.2386656 1.1685886 1.1852117 1.4676079 1.3623566 1.4767019 1.2670633 1.4873443 1.3439163 0.8534674 1.5037145 1.3278362 1.4203115 1.1178824 1.7331516 1.8184763 2.0340137 2.2648718 2.6989334 2.6844450 2.6730159 1.6988862 1.5356276 5.5986433 3.8878621 7.3578164 1.2694544 1.2329410 1.1596454 2.7428771 4.2217411 4.3677393 2.9947558 2.9417834 3.6976923 2.9727814 3.4582262 3.3808734 3.8799207 
Adig_XM_015903394.1                                  0.8152536 0.5385416 0.8904317 0.4294203 0.4079312 0.4116944 0.4110661 0.5426560 0.0301477 0.0000000 0.9365944 0.9089958 0.9297074 0.9155503 0.7895900 1.0854099 0.9619712 0.9892847 1.1201630 1.0294308 1.0611050 0.9753084 1.0426871 0.9647047 1.0667368 1.3502023 1.1690772 1.1594595 0.9921769 1.2121050 1.2329547 1.1544277 1.2281557 1.4800907 1.3740969 1.4755903 1.3289431 1.5378189 1.3749023 0.8541150 1.4823874 1.3251585 1.4837692 1.1054382 1.8076401 1.8620129 2.0139947 2.3244475 2.7957761 2.7810904 2.7689578 1.7773221 1.6012737 5.5986433 4.1793204 7.3745602 1.2542684 1.2420188 1.3252455 2.7448937 4.2427946 4.3901159 3.0051834 2.9599996 3.6557243 2.9399043 3.4414691 3.3438496 3.8893144 
Emue_Em0019g68a.t1                                   0.9363338 0.4913747 0.6010373 0.9089332 0.6486592 0.9379010 0.8370991 1.0625578 0.9659418 0.9365944 0.0000000 0.2450846 0.8910732 0.8174591 1.0130731 0.4437877 0.9657715 1.0563325 1.0048162 0.9566102 0.9656981 1.1457745 0.7876704 0.9822134 1.1434980 1.3587619 1.2000033 0.9142327 1.0231365 1.1231331 1.1602694 1.3380717 1.1191644 1.3754725 1.3178721 1.4259500 1.6541411 1.3476931 1.4012569 1.3282292 1.8345771 1.4254266 1.6651428 1.1180310 2.0884300 1.7471823 1.7849562 2.8633041 3.2311821 3.1891012 3.1760685 2.0097704 1.9237949 4.4525284 3.8084298 5.8697713 1.2748935 1.3096238 1.3221234 2.8867425 4.6488138 4.8589150 3.3531462 3.1355570 3.9558469 3.3855210 4.3014579 3.7074340 4.9102257 
Spolac_c95538_g1_i1_m.11630c95538-g1                 1.0321162 0.5724715 0.5740243 0.8854411 0.7848832 0.9118496 0.8602235 1.0188067 0.9079572 0.9089958 0.2450846 0.0000000 0.8137029 0.8318928 1.0444105 0.3960861 1.2288014 1.1028238 1.0804408 1.0399003 1.0575809 1.2369554 0.8525223 1.0206578 1.1600144 1.2768269 1.2344595 0.8145416 1.0401656 1.0845015 1.2637021 1.3606300 1.2374790 1.3301449 1.3149857 1.3573000 1.4761143 1.4062088 1.4990500 1.3355295 1.6347980 1.4984315 1.5609871 1.1082379 1.9576989 1.6166821 1.6190765 2.7924457 3.0411096 3.0237979 2.9927617 2.0955155 2.0112789 4.4080244 4.0956982 5.7608413 1.2950960 1.4373412 1.3018226 2.9729363 4.5742798 4.8872663 3.4543081 2.8925074 3.9319049 3.5003968 4.3233907 3.8234383 4.8803476 
Aque_Aqu2.1.38697_001                                1.0497307 0.5834461 0.8190996 0.8822462 0.7573315 0.9602812 0.9608765 1.0228150 0.9152497 0.9297074 0.8910732 0.8137029 0.0000000 0.4156758 0.9338377 1.0317935 0.8932884 0.8683296 0.9491757 0.7545732 0.9393208 1.1347510 0.8198347 0.9855669 1.0967547 1.3240640 1.1631920 0.8351476 1.1202896 1.0054835 1.2324842 1.3098403 1.2323847 1.4523114 1.3424552 1.4126945 1.3695753 1.3794078 1.5924877 1.3337416 1.5542693 1.6097089 1.5745172 1.1091845 1.6236495 1.7440475 2.0270012 2.7119963 3.1011259 3.0491466 3.0143707 1.9171604 1.7823574 3.9403108 3.4548832 6.6579502 1.2381234 1.5232314 1.2546507 3.2454142 4.8337268 4.4712355 3.2952184 3.3912743 4.3440170 3.3329619 4.3734437 3.8182486 4.1450729 
Halamb_c51609_g1_i1mm.4055                           0.9033202 0.5187074 0.6669299 0.9823879 0.6905331 0.9973056 0.9266339 1.0226542 0.9483225 0.9155503 0.8174591 0.8318928 0.4156758 0.0000000 0.8760674 0.9879781 0.7177419 0.8543726 0.9461862 0.8955388 1.0052386 1.1036302 0.7744788 0.9056927 1.0021899 1.2470573 1.0202513 0.9336989 1.0619850 0.9492580 1.1750483 1.2428432 1.2512261 1.4682069 1.3848584 1.4769573 1.3175215 1.4431235 1.5514172 1.3348758 1.6351445 1.6448863 1.5860409 1.1776873 1.7132411 1.5916633 1.9908733 2.4653311 2.8478643 2.8005886 2.7880499 1.9805439 1.8874361 4.2232548 3.0108336 5.0907712 1.3582232 1.6541490 1.3095467 3.4932211 4.9151169 4.9065786 4.0113619 3.6490405 4.3791765 3.6641551 4.5719190 4.1910061 4.6016291 
Exapal_XM_021041224.2                                0.6919319 0.6839943 0.9497355 0.6927044 0.5659712 0.6759260 0.6571614 0.6970227 0.7627602 0.7895900 1.0130731 1.0444105 0.9338377 0.8760674 0.0000000 1.1394209 0.9512240 0.8847657 0.9820508 0.9104835 1.0438914 0.9025768 0.9680975 0.9599751 1.0529786 1.3174196 1.0992487 1.2590692 1.0850039 1.0846928 1.0675285 1.3074149 1.1021870 1.3152085 1.2466819 1.2928166 1.2988094 1.0991445 1.3893085 0.8863414 1.5000164 1.5079573 1.4345095 1.1986549 1.7234561 1.6394975 1.7088725 2.2117960 2.6719772 2.6368249 2.6395521 1.6021439 1.5259004 4.6910558 3.8760235 5.3130572 1.3304450 1.3583775 0.9263710 2.7667581 4.1095367 4.5069702 3.7876395 2.9677083 4.0727845 3.2633059 4.1709541 3.8346584 3.8653017 
Spolac_c30260_g1_i1_m.655c30260-g1                   0.8844346 0.6042181 0.8546388 1.0267383 0.9147594 0.9359936 0.9427824 1.1905927 1.0982108 1.0854099 0.4437877 0.3960861 1.0317935 0.9879781 1.1394209 0.0000000 0.8107773 1.0559524 1.0442184 1.0697884 1.1207336 1.1715018 1.0304872 1.0507114 1.2680426 1.4522281 1.2236549 1.0966328 1.1115184 1.1778094 1.3055077 1.2453419 1.1634303 1.5539261 1.4068130 1.5339202 1.5405630 1.6188978 1.6131597 1.4697758 1.6207649 1.3756535 1.7957232 1.2806000 1.8025830 1.8050591 1.8232684 2.6709821 3.2722889 3.2901227 3.2613791 2.2412931 2.1110152 4.0687433 3.8001538 5.5353811 1.6221287 1.2788036 1.1658048 2.6785079 4.2379988 4.7813244 3.2333205 3.5375854 3.8847133 3.2788117 4.7079054 3.5521061 5.3283025 
Scil_scict017435.1                                   0.9028653 0.8658205 1.0107338 0.9966079 0.5132133 0.8863953 1.0108746 0.8512578 0.9365856 0.9619712 0.9657715 1.2288014 0.8932884 0.7177419 0.9512240 0.8107773 0.0000000 0.2549637 0.3884979 0.3007174 0.8413417 0.7750779 1.0154207 0.8810865 0.7950654 1.0462650 1.3386989 3.6600538 1.4402162 1.3385314 1.3830610 1.1040985 1.2515306 1.2793940 1.2793940 1.3264732 1.4874278 1.3468224 1.3195539 1.2000860 1.3919942 1.0797146 1.4396956 1.2828530 2.0262058 1.6784423 1.7113930 2.6346807 5.7778845 5.7778845 5.2969269 3.9250965 3.6130802 5.7595012 4.6996863 8.5365841 0.8738254 1.5057887 1.4466787 4.5355956 8.3546040 6.1862788 6.6435881 1.3899056 6.0017176 4.9953624 7.0739301 3.9031082 7.6490253 
Gracom_Gcom_scaffold9512_01                          0.8250032 0.7211987 0.9536130 0.8928574 0.8300092 0.8392822 0.8776829 1.0162045 0.9696711 0.9892847 1.0563325 1.1028238 0.8683296 0.8543726 0.8847657 1.0559524 0.2549637 0.0000000 0.3380795 0.3230102 0.5992791 1.0428887 0.9018090 1.0119591 0.9939671 1.3886556 1.2619465 1.2473381 1.3645556 1.1503067 1.1352405 1.1690105 1.3967315 1.2480183 1.2746103 1.2781612 1.4699909 1.4151775 1.3711948 1.1222431 1.6063043 1.6844677 1.4461267 1.3443263 1.9930490 1.8968742 2.0518341 2.2913787 2.7752599 2.7270881 2.7145470 1.7447004 1.6326302 8.4877294 4.3064186 8.9999982 1.4725700 1.6125942 1.1262070 3.2051645 4.2022083 4.0951241 3.4338881 3.3805573 4.2302053 3.3442850 4.1097800 3.8336598 4.1255235 
Lcom_lcpid79736                                      0.9404616 0.9990767 1.0762779 1.0224392 0.9111368 1.0173144 1.0397729 1.1755738 1.1100385 1.1201630 1.0048162 1.0804408 0.9491757 0.9461862 0.9820508 1.0442184 0.3884979 0.3380795 0.0000000 0.2939418 0.5562997 1.0667326 1.0646261 1.1927438 1.2005329 1.2877904 1.1776576 1.1055506 1.3391411 1.0943928 1.1526039 1.1592094 1.2976717 1.4647003 1.4462347 1.4773770 1.4676136 1.4395203 1.2300110 1.2472748 1.7153527 1.5619232 1.5726353 1.2185598 1.9955915 1.9559386 1.8907699 2.1703101 2.9075803 2.8666703 2.8167098 1.8082398 1.5915479 7.6095431 4.2761134 8.9999986 1.3225522 1.7145975 1.1212607 2.9678574 4.3083301 4.1789408 3.7169005 3.3082820 4.1354663 3.1505722 3.8937301 3.7750811 4.3033305 
Leuniv_Lniv_C799480_01                               0.8279708 0.7199526 1.0024725 0.9046946 0.6755341 0.8954515 0.8798694 1.0155164 1.0094496 1.0294308 0.9566102 1.0399003 0.7545732 0.8955388 0.9104835 1.0697884 0.3007174 0.3230102 0.2939418 0.0000000 0.5389598 0.9026809 0.8215220 1.0724235 1.0816905 1.4172826 1.2339511 1.0542114 1.2486831 1.0639694 1.1164577 1.1374814 1.2375980 1.2811236 1.2647869 1.2738562 1.5388259 1.4425276 1.3083806 1.2575532 1.5945244 1.5520954 1.4163845 1.2451880 1.9105693 1.7515981 1.9574690 2.3103796 2.7349899 2.6931270 2.6625560 1.6783293 1.5281892 6.3842055 3.9510337 8.9999985 1.2905625 1.5070892 1.3193484 3.2217268 4.3601330 4.3212463 3.8646030 3.0854791 4.1865122 3.6246913 3.8766927 4.0750349 3.9728819 
Clacor_Ccor_C533639_01                               0.9470594 0.8562940 1.1138579 1.0212426 0.8483912 1.0039779 0.9657515 0.9928370 1.0669099 1.0611050 0.9656981 1.0575809 0.9393208 1.0052386 1.0438914 1.1207336 0.8413417 0.5992791 0.5562997 0.5389598 0.0000000 1.0252003 0.8603920 1.1766387 1.1653097 1.2716411 1.3374346 1.3078993 1.1624432 1.0031315 1.0396780 1.1340023 1.4626254 1.4444709 1.4394433 1.4370410 1.4041927 1.3662607 1.3418720 1.4576567 1.7341966 1.5524306 1.4357590 1.0959755 2.1116231 1.9315878 1.7425918 2.0800328 2.5625825 2.5147567 2.4850011 1.6420446 1.3973181 6.7658228 4.2545474 7.7011656 1.1617944 1.6351573 1.0723404 3.0910202 4.1109179 4.0455442 4.0323934 3.4597442 4.6534433 3.8976421 3.8399153 4.6416883 4.1605538 
Cgig_XM_034470871.1                                  0.7761247 0.9429101 1.2950208 1.0670832 0.7543361 1.0923900 1.0178889 1.1100311 0.9473092 0.9753084 1.1457745 1.2369554 1.1347510 1.1036302 0.9025768 1.1715018 0.7750779 1.0428887 1.0667326 0.9026809 1.0252003 0.0000000 1.0784155 0.9984267 1.0690462 1.4996034 1.0840900 1.4672781 0.9974790 1.0399856 1.1491516 1.3189164 1.1542345 1.5883101 1.4737604 1.6325034 1.8315787 1.6732575 1.5835298 1.1122895 1.7579896 1.5720507 1.5594432 1.0301746 1.8278242 1.6024765 2.1527928 2.1621243 2.5652188 2.5668649 2.5850940 1.8323410 1.8190132 4.7521647 4.2957163 5.1340888 1.5846257 1.3590925 1.4405428 3.1372881 4.5475883 4.7386750 4.4492771 3.7076805 4.9940709 4.2778953 4.3887673 4.4002204 4.6292529 
Plespi_Pspi_scaffold14361_01                         0.8656785 0.7476173 0.9784861 0.9983996 0.7886399 1.0073729 1.0093950 1.0367230 1.0728452 1.0426871 0.7876704 0.8525223 0.8198347 0.7744788 0.9680975 1.0304872 1.0154207 0.9018090 1.0646261 0.8215220 0.8603920 1.0784155 0.0000000 0.9495876 1.0418104 1.1332292 1.2898371 1.3049434 1.1135751 1.0214398 1.1727276 1.1170322 1.1685671 1.2875757 1.2867562 1.2882364 1.6429315 1.2635233 1.3266446 1.4332305 1.6170211 1.5179895 1.4215805 1.1074089 1.6948376 1.6512338 1.7300044 2.3424248 2.7756737 2.7271642 2.7035743 1.9706952 1.8768984 5.4393988 3.9597433 7.5466886 1.2461596 1.2883548 1.6010470 2.9963585 4.6474234 5.2344294 4.5158120 3.3741693 4.5555794 4.1983621 4.7339180 4.0796507 5.5785094 
Opea_EP00118_Oscarella_pearsei_P006709               0.8157473 1.0152342 1.0533353 0.9855344 0.7916075 0.9397577 0.9284567 0.9652408 0.9490077 0.9647047 0.9822134 1.0206578 0.9855669 0.9056927 0.9599751 1.0507114 0.8810865 1.0119591 1.1927438 1.0724235 1.1766387 0.9984267 0.9495876 0.0000000 0.0773104 1.5863432 1.1905710 1.1552191 1.1667843 1.1610224 1.2663002 1.3278435 1.2967435 1.6195579 1.6016394 1.5864568 1.7615592 1.5234302 1.3548315 1.3068676 1.5908063 1.6121046 1.6661698 1.2701220 1.6680475 1.4790381 2.0729900 2.3164416 2.7975360 2.7812346 2.7685658 1.7265412 1.6204058 4.3699810 4.4261805 4.5235021 1.6134518 1.6153790 1.4533839 2.8747713 4.3040481 4.8016018 3.7915909 3.6371590 4.7257080 3.9144711 4.4823040 4.1005055 5.0393152 
Ocar_g7197                                           0.8707214 1.0743984 1.1776381 1.0412767 0.7916075 1.0731448 0.9624495 1.0898634 1.0422626 1.0667368 1.1434980 1.1600144 1.0967547 1.0021899 1.0529786 1.2680426 0.7950654 0.9939671 1.2005329 1.0816905 1.1653097 1.0690462 1.0418104 0.0773104 0.0000000 1.7683219 1.1518207 1.2635622 1.2056880 1.2529337 1.3366715 1.3076653 1.3214509 1.7167333 1.5390419 1.6544342 1.7718768 1.6649458 1.4794306 1.3273242 1.6140351 1.6079808 1.8088105 1.2972520 1.7310594 1.5755216 2.0934773 2.4077688 3.1211554 3.1041713 3.0893815 1.9727933 1.7954200 4.6916307 5.0213016 4.8874174 1.6900764 1.6167519 1.3399470 2.9776136 4.4277127 5.0411449 3.9232972 3.7037811 4.8727519 3.9075911 4.5745417 4.4150892 5.0782204 
Lampan_Lpan_C419593_01                               1.2707777 0.7513655 1.3886683 1.4901137 1.0159763 1.4993052 1.4810099 1.5649752 1.3067572 1.3502023 1.3587619 1.2768269 1.3240640 1.2470573 1.3174196 1.4522281 1.0462650 1.3886556 1.2877904 1.4172826 1.2716411 1.4996034 1.1332292 1.5863432 1.7683219 0.0000000 1.3045681 1.9658804 1.4377526 1.3714161 1.3006697 1.6145287 0.5823683 1.1291269 1.1201801 1.0884759 0.9359107 0.8099178 2.1208142 1.6668532 1.7160254 1.8599930 1.6393348 1.5068558 1.8993119 1.9101777 2.0186846 3.1730393 3.8240931 3.8141576 3.7368848 2.1622832 2.2015380 6.8111192 4.4261542 7.5385979 0.6601908 1.8345181 0.7122585 3.2357615 5.7595317 5.7156289 4.4964821 4.4658641 4.7360916 4.1037528 5.0624180 4.7566782 5.5287675 
Cscu_XM_023362866.1                                  0.9877372 0.7864794 1.0149252 1.1043855 1.0024089 1.1752119 1.1155292 1.1798466 1.1854783 1.1690772 1.2000033 1.2344595 1.1631920 1.0202513 1.0992487 1.2236549 1.3386989 1.2619465 1.1776576 1.2339511 1.3374346 1.0840900 1.2898371 1.1905710 1.1518207 1.3045681 0.0000000 1.4497963 1.2586450 1.0589178 1.0915144 1.0505043 1.4576130 1.6412337 1.6341759 1.6386866 1.8585649 1.4632292 1.3892702 1.4995245 1.5838892 1.4235549 1.5641510 1.2350436 1.6690907 1.9557379 1.9931141 2.5534124 3.1020003 3.1758823 3.0810941 1.5937415 1.4029903 3.7451568 3.3188260 4.7435798 1.6040632 1.5206456 1.3055915 2.7911380 4.4785893 5.2441480 3.7762669 3.2631686 4.9597766 3.5967909 4.3711475 3.7492223 4.7186342 
Stycar_maker-SC_scaffold81843-snap-gene-0.84-mRNA-1  1.1998011 3.7175794 0.6576049 1.2719873 1.0378075 1.2103767 1.3402688 1.5602527 1.1594595 1.1594595 0.9142327 0.8145416 0.8351476 0.9336989 1.2590692 1.0966328 3.6600538 1.2473381 1.1055506 1.0542114 1.3078993 1.4672781 1.3049434 1.1552191 1.2635622 1.9658804 1.4497963 0.0000000 1.3918706 1.3507612 1.3768454 1.8988143 1.6043173 1.7540107 1.6805904 1.7200466 2.0899708 2.2144517 1.7107363 1.1982840 2.1508430 1.9247170 2.0801381 1.6004288 2.1151924 2.3813982 2.4410045 2.3804070 2.7070380 2.7421013 2.7869295 2.0798167 1.8226607 8.9999988 4.6010080 8.9999986 1.7723658 2.1732789 7.6054170 3.3274501 4.4424050 4.9025404 3.2772809 2.9430387 4.1452746 2.9353117 3.7276302 3.4083116 3.9626206 
Skow_XM_006813472.1                                  0.9416378 0.9460882 1.0487364 1.0283174 0.8595386 0.9484801 0.9628130 1.1193829 1.0029154 0.9921769 1.0231365 1.0401656 1.1202896 1.0619850 1.0850039 1.1115184 1.4402162 1.3645556 1.3391411 1.2486831 1.1624432 0.9974790 1.1135751 1.1667843 1.2056880 1.4377526 1.2586450 1.3918706 0.0000000 1.1592563 1.1463051 1.2670821 1.2774790 1.7609376 1.7395995 1.7674745 1.7423797 1.5929907 1.5283656 1.3990346 1.5673394 1.5398978 1.3883099 0.2635712 1.8293989 1.8763507 1.7425208 2.1465188 2.5920091 2.6283949 2.5482655 1.4060423 1.3948136 3.3581554 4.1817846 5.1836604 1.2922098 1.5526441 1.4507982 3.2132827 4.8065638 5.1670467 3.7717426 3.7338612 4.5989354 3.8499239 4.3328952 3.9055672 5.2790556 
Ctel_gnl_WGS_AMQN_CAPTEDRAFT_mRNA138742              0.9580613 0.8966287 1.0956834 1.1132889 0.9604064 1.0968806 1.0800034 1.0558288 1.2115379 1.2121050 1.1231331 1.0845015 1.0054835 0.9492580 1.0846928 1.1778094 1.3385314 1.1503067 1.0943928 1.0639694 1.0031315 1.0399856 1.0214398 1.1610224 1.2529337 1.3714161 1.0589178 1.3507612 1.1592563 0.0000000 1.1846056 1.3494042 1.2896132 1.4982154 1.4863863 1.5260502 1.7413490 1.4195258 1.4349976 1.4463149 1.6139224 1.6551605 1.5747695 1.2012208 1.8955564 1.7945631 1.7786472 2.5349691 3.2386356 3.1822577 3.1551638 1.5951133 1.6083552 4.7434457 3.2513154 5.1999449 1.3779849 1.5288183 1.2839383 3.2891483 4.8138044 4.9940140 3.7830333 2.8365097 4.1111670 3.8328772 4.5054663 4.2696172 4.3042970 
Spur_XM_781651.4                                     0.9301314 0.8848064 1.0929017 1.1824839 0.9452087 1.1029008 1.1618611 1.1773256 1.2386656 1.2329547 1.1602694 1.2637021 1.2324842 1.1750483 1.0675285 1.3055077 1.3830610 1.1352405 1.1526039 1.1164577 1.0396780 1.1491516 1.1727276 1.2663002 1.3366715 1.3006697 1.0915144 1.3768454 1.1463051 1.1846056 0.0000000 1.2269015 1.2500628 1.4792599 1.4744519 1.5061608 1.4581928 1.2349172 1.5379531 1.4493024 1.5255142 1.3267845 1.6109657 1.1509832 1.9379175 2.2685634 1.7823084 2.5464065 2.9171022 2.8810171 2.7723863 1.7418092 1.6078350 3.8614141 3.8814116 4.3188590 1.2338295 1.7364633 1.4301514 3.2701181 4.5592950 5.0081652 3.7800861 3.6679206 4.4098944 3.5594262 3.8121403 4.1523869 3.9175609 
Tcas_TC007715_001                                    1.2525474 0.9065475 1.3003993 1.1225139 1.3448115 1.1263475 1.1416545 1.1722024 1.1685886 1.1544277 1.3380717 1.3606300 1.3098403 1.2428432 1.3074149 1.2453419 1.1040985 1.1690105 1.1592094 1.1374814 1.1340023 1.3189164 1.1170322 1.3278435 1.3076653 1.6145287 1.0505043 1.8988143 1.2670821 1.3494042 1.2269015 0.0000000 1.4458040 1.7314217 1.7232056 1.7118468 1.9079787 1.5309710 1.4595397 1.7349430 2.0164524 1.4469224 1.4322785 1.3001452 2.0502122 1.9534595 1.9638780 2.4339986 3.3437462 3.2634733 3.2178878 2.2364063 1.8582515 8.6322249 4.5342368 8.1321273 1.7484136 1.6371375 1.2476002 2.7746254 4.4642530 4.2927101 3.8785290 3.4427784 3.8757789 4.0515790 4.1463493 3.8620829 3.7943892 
Mertsp_Mesp_sb610663                                 1.2967463 1.1700762 1.2183964 1.1613300 0.9301514 1.0768984 1.1701466 1.1509240 1.1852117 1.2281557 1.1191644 1.2374790 1.2323847 1.2512261 1.1021870 1.1634303 1.2515306 1.3967315 1.2976717 1.2375980 1.4626254 1.1542345 1.1685671 1.2967435 1.3214509 0.5823683 1.4576130 1.6043173 1.2774790 1.2896132 1.2500628 1.4458040 0.0000000 0.8751147 0.8719019 0.8518725 1.0265970 0.5680540 1.6224441 1.3065714 1.6955729 1.4930617 1.3984293 1.2324415 2.0104036 1.8319934 1.8987984 2.6283716 3.3103449 3.3400683 3.2366238 1.8934847 1.8202598 5.1166029 3.8659638 6.4892730 0.5307925 1.5992324 0.8386143 3.4122144 5.8263392 5.4371592 4.3962302 3.8477268 5.0236952 4.5449419 5.1289041 5.6275540 5.1833675 
Pbac_sb2658102                                       1.3826147 0.8582652 1.3977340 1.4839644 1.0755425 1.5093759 1.4624269 1.6049991 1.4676079 1.4800907 1.3754725 1.3301449 1.4523114 1.4682069 1.3152085 1.5539261 1.2793940 1.2480183 1.4647003 1.2811236 1.4444709 1.5883101 1.2875757 1.6195579 1.7167333 1.1291269 1.6412337 1.7540107 1.7609376 1.4982154 1.4792599 1.7314217 0.8751147 0.0000000 0.0093751 0.0501775 1.1122530 1.0424164 1.9556149 1.3895308 1.7886307 1.9261664 1.7469929 1.8211557 2.0392977 1.8515823 2.0618322 3.0340965 3.2674165 3.2946792 3.2008771 2.6219702 2.5200349 6.3319427 4.3057845 5.9902195 1.1615023 1.9066818 0.8289476 3.0785660 5.2715792 5.8729614 4.2375250 3.8673033 4.2421679 4.0045853 4.0952285 4.6219081 4.1992773 
Pbac_sb2661961                                       1.3776157 0.8582652 1.3408002 1.4001957 1.0695716 1.4098891 1.3669194 1.5072066 1.3623566 1.3740969 1.3178721 1.3149857 1.3424552 1.3848584 1.2466819 1.4068130 1.2793940 1.2746103 1.4462347 1.2647869 1.4394433 1.4737604 1.2867562 1.6016394 1.5390419 1.1201801 1.6341759 1.6805904 1.7395995 1.4863863 1.4744519 1.7232056 0.8719019 0.0093751 0.0000000 0.0380604 1.1044333 0.9540631 1.8459644 1.3942260 1.7853825 1.8738130 1.7018994 1.7601739 2.0160615 1.8264543 2.0320803 2.9686296 3.2420146 3.2700865 3.1734543 2.5441596 2.4530140 6.3319427 4.2296103 5.9902195 1.0554863 1.8865999 0.8289476 3.0360323 5.2659930 5.8318796 4.2706650 3.8713996 4.2038661 3.9849025 4.1921365 4.5411628 4.3207295 
Horcal_Hcv1.av93.c12.g61.i1                          1.4079997 0.8389358 1.3929856 1.4872495 1.0655002 1.4956706 1.4500080 1.5515180 1.4767019 1.4755903 1.4259500 1.3573000 1.4126945 1.4769573 1.2928166 1.5339202 1.3264732 1.2781612 1.4773770 1.2738562 1.4370410 1.6325034 1.2882364 1.5864568 1.6544342 1.0884759 1.6386866 1.7200466 1.7674745 1.5260502 1.5061608 1.7118468 0.8518725 0.0501775 0.0380604 0.0000000 1.0694600 1.0197224 1.9849780 1.4080850 1.7899003 1.9564562 1.8004868 1.8007069 2.0341506 1.7970758 2.0554520 3.0359910 3.3324354 3.3605232 3.2641435 2.5557574 2.4614177 6.2902159 4.3661827 6.0003434 1.1786815 1.9060851 0.8650344 3.0337129 5.3895892 5.9073615 4.2316649 3.9069999 4.3381785 4.0738644 4.3903546 4.6827676 4.2685886 
Vmul_Simscaffold6353_01                              1.6259823 0.9493170 1.4227746 1.4486090 1.0774145 1.2474926 1.4563697 1.3632411 1.2670633 1.3289431 1.6541411 1.4761143 1.3695753 1.3175215 1.2988094 1.5405630 1.4874278 1.4699909 1.4676136 1.5388259 1.4041927 1.8315787 1.6429315 1.7615592 1.7718768 0.9359107 1.8585649 2.0899708 1.7423797 1.7413490 1.4581928 1.9079787 1.0265970 1.1122530 1.1044333 1.0694600 0.0000000 1.0372841 1.9536249 1.9052373 2.0226774 1.8101711 1.6853080 1.7461036 2.1914551 2.3765957 2.1852972 3.5527912 3.7781537 3.7580001 3.6761004 1.9470373 1.9797605 6.1609511 5.0629568 6.5329811 0.9554917 2.2356603 0.4577112 3.4154325 5.7609986 5.5993068 3.8999874 3.7334873 4.5752384 3.9364253 4.5755903 4.7099196 5.0827407 
Beraby_Baby_sb333470                                 1.3460216 0.8093433 1.3474984 1.4875586 1.1384554 1.4965514 1.4649472 1.4697712 1.4873443 1.5378189 1.3476931 1.4062088 1.3794078 1.4431235 1.0991445 1.6188978 1.3468224 1.4151775 1.4395203 1.4425276 1.3662607 1.6732575 1.2635233 1.5234302 1.6649458 0.8099178 1.4632292 2.2144517 1.5929907 1.4195258 1.2349172 1.5309710 0.5680540 1.0424164 0.9540631 1.0197224 1.0372841 0.0000000 2.0864618 1.4285181 1.7770892 1.6336538 1.5121993 1.6416695 1.9795035 1.9261185 2.2754958 2.7548355 3.1287837 3.1547995 3.0731899 2.0649498 2.1129268 7.0083995 4.7697886 6.9878404 0.6108400 1.5968779 0.7774978 3.3088855 5.8492758 5.7264008 3.9221800 4.1652224 5.1161902 4.2186023 5.3638646 5.5088277 4.8950231 
Hsap_ENST00000394546                                 1.2636186 1.1080015 1.5793220 1.4015107 1.0877376 1.3800985 1.2989351 1.4082317 1.3439163 1.3749023 1.4012569 1.4990500 1.5924877 1.5514172 1.3893085 1.6131597 1.3195539 1.3711948 1.2300110 1.3083806 1.3418720 1.5835298 1.3266446 1.3548315 1.4794306 2.1208142 1.3892702 1.7107363 1.5283656 1.4349976 1.5379531 1.4595397 1.6224441 1.9556149 1.8459644 1.9849780 1.9536249 2.0864618 0.0000000 1.6255979 2.3984155 1.9785171 1.9722236 1.5527590 2.1774612 2.3417288 2.1407796 2.8413496 3.5868688 3.5828288 3.5073937 2.1129244 1.9892261 5.6384177 4.7196794 6.3249202 2.1420739 2.4083737 1.3582763 2.9614912 5.3105543 5.6173867 4.4405342 3.7942282 5.4224710 4.0874664 5.7158307 4.1788168 5.7678338 
Nvec_v1g83186                                        1.0317961 1.4437896 1.0793173 0.8407645 1.2533469 0.9172766 0.8277481 1.0230082 0.8534674 0.8541150 1.3282292 1.3355295 1.3337416 1.3348758 0.8863414 1.4697758 1.2000860 1.1222431 1.2472748 1.2575532 1.4576567 1.1122895 1.4332305 1.3068676 1.3273242 1.6668532 1.4995245 1.1982840 1.3990346 1.4463149 1.4493024 1.7349430 1.3065714 1.3895308 1.3942260 1.4080850 1.9052373 1.4285181 1.6255979 0.0000000 1.7746630 1.6962609 1.5227069 1.4245034 2.5672365 2.3392067 2.5034935 2.1706816 2.8967958 2.8593420 2.9060997 1.9860655 1.7766973 4.9776954 4.0616535 8.4656508 1.5924866 2.1632829 1.6640279 3.2555039 4.5962372 5.2359923 3.8584457 3.3943874 4.5235146 3.7683209 4.4200739 4.1561237 3.7017036 
Morvir_scaffold1.g214.t1                             1.3816899 0.7808250 1.3005286 1.4727536 1.5748212 1.5494315 1.3748202 1.4314037 1.5037145 1.4823874 1.8345771 1.6347980 1.5542693 1.6351445 1.5000164 1.6207649 1.3919942 1.6063043 1.7153527 1.5945244 1.7341966 1.7579896 1.6170211 1.5908063 1.6140351 1.7160254 1.5838892 2.1508430 1.5673394 1.6139224 1.5255142 2.0164524 1.6955729 1.7886307 1.7853825 1.7899003 2.0226774 1.7770892 2.3984155 1.7746630 0.0000000 1.7279303 1.5103172 1.5788957 1.9894063 2.0769805 1.9504055 2.6586023 3.3173798 3.3601303 3.3274965 2.3772410 2.2302636 7.2254613 5.0703008 5.8461143 1.9929209 1.8959381 1.3381110 3.7578696 4.8726093 5.0225176 4.0232328 4.7479640 5.4557660 4.3429614 5.4842870 5.0086984 5.2634562 
Morvir_scaffold1.g215.t1                             1.3135093 0.9877361 1.3145027 1.3884198 1.2267566 1.3097867 1.3372065 1.5503073 1.3278362 1.3251585 1.4254266 1.4984315 1.6097089 1.6448863 1.5079573 1.3756535 1.0797146 1.6844677 1.5619232 1.5520954 1.5524306 1.5720507 1.5179895 1.6121046 1.6079808 1.8599930 1.4235549 1.9247170 1.5398978 1.6551605 1.3267845 1.4469224 1.4930617 1.9261664 1.8738130 1.9564562 1.8101711 1.6336538 1.9785171 1.6962609 1.7279303 0.0000000 1.5191820 1.6394268 1.9013810 2.1942788 1.8124216 3.1456469 3.8695383 3.8743011 3.8940184 2.7524126 2.7128518 6.2384419 5.2022284 7.7137329 1.8068416 1.7532742 1.2273655 3.2958155 5.9686249 5.6178219 4.4712498 4.9014641 5.6725262 4.9228742 5.5285191 5.6542836 5.6317964 
Morvir_scaffold1.g216.t1                             1.4216665 1.0319662 1.4385795 1.4712200 1.3674889 1.4211878 1.4391020 1.6014137 1.4203115 1.4837692 1.6651428 1.5609871 1.5745172 1.5860409 1.4345095 1.7957232 1.4396956 1.4461267 1.5726353 1.4163845 1.4357590 1.5594432 1.4215805 1.6661698 1.8088105 1.6393348 1.5641510 2.0801381 1.3883099 1.5747695 1.6109657 1.4322785 1.3984293 1.7469929 1.7018994 1.8004868 1.6853080 1.5121993 1.9722236 1.5227069 1.5103172 1.5191820 0.0000000 1.4443833 1.9808804 1.9285040 2.0739260 2.6186461 3.1234285 3.1340395 3.1165805 2.5013424 2.3620029 8.1414736 5.0619726 8.1976362 1.5557287 1.8237985 1.2253268 3.0843565 5.6514316 5.8743435 4.9093282 4.2362373 5.4273028 5.2075856 5.6505280 5.4684882 5.3325192 
Skow_XM_006817820.1                                  0.9202172 0.8917284 1.1302027 1.0131905 0.9314974 0.9947253 0.9458903 1.1589263 1.1178824 1.1054382 1.1180310 1.1082379 1.1091845 1.1776873 1.1986549 1.2806000 1.2828530 1.3443263 1.2185598 1.2451880 1.0959755 1.0301746 1.1074089 1.2701220 1.2972520 1.5068558 1.2350436 1.6004288 0.2635712 1.2012208 1.1509832 1.3001452 1.2324415 1.8211557 1.7601739 1.8007069 1.7461036 1.6416695 1.5527590 1.4245034 1.5788957 1.6394268 1.4443833 0.0000000 1.6873592 1.8750689 1.8166130 2.1473341 2.7180981 2.6879388 2.6846712 1.4484412 1.4419822 4.8726699 4.7761401 6.7620304 1.3592723 1.4123303 1.1805012 3.2358860 4.5871423 4.6160348 4.1542923 4.3525901 5.1867937 4.1463613 4.9220897 4.6953330 5.1312619 
Cgig_XM_011444424.3                                  1.5397487 1.5154858 1.8667728 1.8112604 1.4271920 1.7516922 1.6047670 1.7287485 1.7331516 1.8076401 2.0884300 1.9576989 1.6236495 1.7132411 1.7234561 1.8025830 2.0262058 1.9930490 1.9955915 1.9105693 2.1116231 1.8278242 1.6948376 1.6680475 1.7310594 1.8993119 1.6690907 2.1151924 1.8293989 1.8955564 1.9379175 2.0502122 2.0104036 2.0392977 2.0160615 2.0341506 2.1914551 1.9795035 2.1774612 2.5672365 1.9894063 1.9013810 1.9808804 1.6873592 0.0000000 2.4062320 2.5925677 3.6408534 3.7085215 3.6862841 3.6389444 2.7317733 2.9142379 8.3069857 8.1365421 8.9999987 2.0607695 2.0381598 1.6480160 3.5335510 5.7711277 6.3081642 4.4866588 5.1101014 5.3490868 5.1002402 6.0343128 4.9742954 4.9546698 
Chem_TCONS_00050855                                  1.9944927 1.4476500 1.5778153 1.7305867 1.8985784 1.8845598 1.8052364 1.8564999 1.8184763 1.8620129 1.7471823 1.6166821 1.7440475 1.5916633 1.6394975 1.8050591 1.6784423 1.8968742 1.9559386 1.7515981 1.9315878 1.6024765 1.6512338 1.4790381 1.5755216 1.9101777 1.9557379 2.3813982 1.8763507 1.7945631 2.2685634 1.9534595 1.8319934 1.8515823 1.8264543 1.7970758 2.3765957 1.9261185 2.3417288 2.3392067 2.0769805 2.1942788 1.9285040 1.8750689 2.4062320 0.0000000 2.0959654 3.3979281 3.4877210 3.4953749 3.5037248 2.5529396 2.5062203 6.1971192 4.8734786 5.7145038 1.8070388 1.7721720 1.9229905 2.9993999 5.2320421 5.1993644 5.2273474 3.9403742 4.9149711 5.2139026 4.2836197 4.5177934 4.8909936 
Dgig_XM_028552976.1                                  1.8655749 1.2887475 1.8133137 1.9532852 1.7154940 1.8622267 1.9199039 2.0357456 2.0340137 2.0139947 1.7849562 1.6190765 2.0270012 1.9908733 1.7088725 1.8232684 1.7113930 2.0518341 1.8907699 1.9574690 1.7425918 2.1527928 1.7300044 2.0729900 2.0934773 2.0186846 1.9931141 2.4410045 1.7425208 1.7786472 1.7823084 1.9638780 1.8987984 2.0618322 2.0320803 2.0554520 2.1852972 2.2754958 2.1407796 2.5034935 1.9504055 1.8124216 2.0739260 1.8166130 2.5925677 2.0959654 0.0000000 3.5023523 3.8072126 3.7144823 3.6727068 3.5137120 3.2947758 8.1352092 4.9409528 8.9999987 2.1645638 2.1214068 1.4840322 3.1602170 5.5010331 5.4647599 5.4540791 4.4424015 4.5437683 4.3480934 5.2287596 4.5030704 4.8107404 
Acagra_model.g15264.t1                               2.2740430 4.1003465 2.6896448 2.2386496 2.2405470 2.1950788 2.2543151 2.3161730 2.2648718 2.3244475 2.8633041 2.7924457 2.7119963 2.4653311 2.2117960 2.6709821 2.6346807 2.2913787 2.1703101 2.3103796 2.0800328 2.1621243 2.3424248 2.3164416 2.4077688 3.1730393 2.5534124 2.3804070 2.1465188 2.5349691 2.5464065 2.4339986 2.6283716 3.0340965 2.9686296 3.0359910 3.5527912 2.7548355 2.8413496 2.1706816 2.6586023 3.1456469 2.6186461 2.1473341 3.6408534 3.3979281 3.5023523 0.0000000 0.3282137 0.3049141 0.3147581 2.3029478 1.8217129 8.9999983 5.6199469 5.4168869 2.5589733 2.4102496 4.0128101 3.5021508 3.9086534 4.2763935 4.4109654 4.8670810 5.6980035 4.0568929 4.4933843 5.0093622 4.9661625 
Acagra_model.g15294.t1                               2.5591329 4.1003125 2.9056564 2.7775783 2.2894054 2.4043693 2.6486418 2.6884349 2.6989334 2.7957761 3.2311821 3.0411096 3.1011259 2.8478643 2.6719772 3.2722889 5.7778845 2.7752599 2.9075803 2.7349899 2.5625825 2.5652188 2.7756737 2.7975360 3.1211554 3.8240931 3.1020003 2.7070380 2.5920091 3.2386356 2.9171022 3.3437462 3.3103449 3.2674165 3.2420146 3.3324354 3.7781537 3.1287837 3.5868688 2.8967958 3.3173798 3.8695383 3.1234285 2.7180981 3.7085215 3.4877210 3.8072126 0.3282137 0.0000000 0.0130661 0.0176225 2.5685715 2.2349634 7.1167419 4.9517890 6.7066466 2.6640007 3.0736024 4.6240642 4.6961502 4.8090073 4.9935446 4.9374011 5.0400006 7.4686112 4.6955777 5.8655229 5.1870971 5.4472536 
Acagra_model.g15280.t1                               2.5845171 4.1003125 2.8747183 2.7479710 2.2365718 2.3775427 2.6203539 2.6699502 2.6844450 2.7810904 3.1891012 3.0237979 3.0491466 2.8005886 2.6368249 3.2901227 5.7778845 2.7270881 2.8666703 2.6931270 2.5147567 2.5668649 2.7271642 2.7812346 3.1041713 3.8141576 3.1758823 2.7421013 2.6283949 3.1822577 2.8810171 3.2634733 3.3400683 3.2946792 3.2700865 3.3605232 3.7580001 3.1547995 3.5828288 2.8593420 3.3601303 3.8743011 3.1340395 2.6879388 3.6862841 3.4953749 3.7144823 0.3049141 0.0130661 0.0000000 0.0220366 2.5638296 2.2302346 7.1167419 4.9164113 6.7066466 2.6283725 3.0460197 4.6240642 4.6038541 4.9194162 4.9666041 4.9427252 4.9978957 7.4657732 4.6520235 5.7944820 5.1072801 5.4260120 
Acagra_model.g15306.t1                               2.5366560 3.9654717 2.8775166 2.7507160 2.2152513 2.3819437 2.6230455 2.6729876 2.6730159 2.7689578 3.1760685 2.9927617 3.0143707 2.7880499 2.6395521 3.2613791 5.2969269 2.7145470 2.8167098 2.6625560 2.4850011 2.5850940 2.7035743 2.7685658 3.0893815 3.7368848 3.0810941 2.7869295 2.5482655 3.1551638 2.7723863 3.2178878 3.2366238 3.2008771 3.1734543 3.2641435 3.6761004 3.0731899 3.5073937 2.9060997 3.3274965 3.8940184 3.1165805 2.6846712 3.6389444 3.5037248 3.6727068 0.3147581 0.0176225 0.0220366 0.0000000 2.5095119 2.1905845 7.8681289 5.1998203 7.4511818 2.6146127 3.0424605 4.3505775 4.4763668 4.9694004 4.9832158 4.8347918 4.9404400 7.1927250 4.6221442 5.8841060 4.9687332 5.4186626 
Acagra_model.g15304.t1                               1.2757626 2.7041215 1.8915706 1.6561647 0.8728468 1.5363916 1.5600425 1.6686522 1.6988862 1.7773221 2.0097704 2.0955155 1.9171604 1.9805439 1.6021439 2.2412931 3.9250965 1.7447004 1.8082398 1.6783293 1.6420446 1.8323410 1.9706952 1.7265412 1.9727933 2.1622832 1.5937415 2.0798167 1.4060423 1.5951133 1.7418092 2.2364063 1.8934847 2.6219702 2.5441596 2.5557574 1.9470373 2.0649498 2.1129244 1.9860655 2.3772410 2.7524126 2.5013424 1.4484412 2.7317733 2.5529396 3.5137120 2.3029478 2.5685715 2.5638296 2.5095119 0.0000000 0.0129938 1.3443417 1.5677120 2.3887415 2.1991202 2.3900779 2.4812591 4.1890502 5.7017956 5.9804114 4.8825745 6.7459155 6.3846365 6.1937553 7.0655508 5.9044909 8.4406252 
Acagra_model.g15293.t1                               1.2180832 2.6264513 1.8285298 1.5142801 0.8765509 1.4498755 1.4510882 1.5285085 1.5356276 1.6012737 1.9237949 2.0112789 1.7823574 1.8874361 1.5259004 2.1110152 3.6130802 1.6326302 1.5915479 1.5281892 1.3973181 1.8190132 1.8768984 1.6204058 1.7954200 2.2015380 1.4029903 1.8226607 1.3948136 1.6083552 1.6078350 1.8582515 1.8202598 2.5200349 2.4530140 2.4614177 1.9797605 2.1129268 1.9892261 1.7766973 2.2302636 2.7128518 2.3620029 1.4419822 2.9142379 2.5062203 3.2947758 1.8217129 2.2349634 2.2302346 2.1905845 0.0129938 0.0000000 1.2859279 2.2053987 2.5587986 2.1018255 2.1650255 2.0795602 3.4918750 4.6434290 4.6817458 3.9045237 4.9618488 5.0886692 4.4444899 4.7524676 4.4721550 6.2743262 
