92
Bolinf_Binf_sb1255877                                  0.0000000 0.0000010 0.0000010 0.0000010 0.0000010 0.0000010 0.0000010 0.0000010 0.0303191 0.4108797 0.4108797 0.4575747 0.4575747 0.4575747 0.4771056 0.4771056 0.6872168 0.3002123 0.2642095 0.3518690 0.9756296 0.8557162 0.8304645 0.9284859 1.4458355 1.0882218 0.5404442 0.9957741 1.4085971 0.6485495 0.5439033 0.6106057 0.6106057 0.5732636 0.5732636 0.9035693 0.9836599 0.9810651 1.5634188 1.1012276 1.0786989 0.9931171 1.0963120 1.0464349 0.9976101 1.0706051 1.0932255 1.0110903 0.9460203 1.1405009 0.8711651 0.8135608 1.0130707 0.9387053 0.9602368 0.9900696 0.9239308 0.9900696 0.9602368 0.9073400 0.9073400 1.0704981 1.0450305 1.0688991 0.9798501 1.3224397 1.1671196 1.1150491 1.0282190 0.8653356 1.2289252 1.0780818 0.5786179 1.1607381 1.0390020 1.1042289 1.0240050 1.0301259 0.9059641 1.0579861 1.1750557 0.9715445 0.7765347 0.7765347 1.3737256 1.3737256 0.8964073 0.8964073 0.9280372 1.3043872 1.3491507 3.4948468 
Bolinf_Binf_sb1255880                                  0.0000010 0.0000000 0.0000010 0.0000010 0.0000010 0.0000010 0.0000010 0.0000010 0.0399463 0.2898475 0.2898475 0.3376517 0.3376517 0.3376517 0.3538810 0.3538810 0.4916095 0.2642095 0.2642095 0.2638777 0.8879744 0.8032880 0.7646760 0.9071073 0.0000010 1.0120564 0.5404442 0.9227233 1.1266716 0.5014169 0.4143483 0.5022817 0.5022817 0.4017177 0.4017177 0.7798652 0.8626873 0.9279567 1.5634188 0.9213707 0.9639917 0.8194216 0.8894598 0.8898416 0.9673035 0.9419304 0.9829705 0.9184898 0.8452926 1.0062674 0.8341472 0.7520293 0.8944038 0.7963395 0.9649370 0.9778754 0.9239308 0.9778754 0.9649370 0.9017183 0.9017183 1.0108826 0.9787335 0.9716184 0.9798501 1.2605276 1.0903168 1.0705812 0.9458120 0.7934971 1.1510531 1.0272746 0.5265073 1.0875196 0.9221220 0.9458605 0.9186124 0.9013303 0.6394414 0.9629719 1.0715149 1.3556701 0.6394809 0.6394809 1.1261572 1.1261572 0.7777796 0.7777796 0.8680870 1.1791638 1.1552533 3.7277673 
Bolinf_Binf_sb1255876                                  0.0000010 0.0000010 0.0000000 0.0000010 0.0000010 0.0000010 0.0134620 0.0284401 0.0303191 0.4076686 0.4076686 0.4498992 0.4498992 0.4498992 0.4771056 0.4771056 0.6872168 0.3406762 0.3128124 0.3446912 1.0137616 0.8925898 0.8662221 0.9527445 1.4458355 1.1306561 0.5404442 1.0286309 1.4085971 0.7271195 0.6084521 0.6507987 0.6507987 0.5732636 0.5732636 0.9343076 1.0220817 1.0559726 1.8407338 1.2007671 1.1471343 1.0533355 1.0963120 1.0518309 0.9976101 1.0944376 1.1325929 1.0770234 0.9977329 1.1830373 0.9118574 0.8584287 1.0542135 0.9435819 1.0488658 1.0944253 1.0434396 1.0944253 1.0488658 0.9966985 0.9966985 1.2072653 1.0681378 1.1536795 0.9798501 1.3193205 1.2170088 1.2200500 1.0552978 1.0828591 1.2807240 1.1304910 0.5520930 1.2608847 1.0843309 1.1516308 1.0240050 1.0301259 0.9059641 1.1119790 1.2290769 0.9715445 0.7765347 0.7765347 1.3737256 1.3737256 0.8964073 0.8964073 0.9280372 1.3043872 1.6760969 3.4948468 
Bolinf_Binf_sb1255878                                  0.0000010 0.0000010 0.0000010 0.0000000 0.0000010 0.0000010 0.0161159 0.0250498 0.0303191 0.4690216 0.4690216 0.5211381 0.5211381 0.5211381 0.4963318 0.4963318 0.6872168 0.3484219 0.3173845 0.4137806 1.1065875 0.9802471 0.9394586 1.0185013 1.4458355 1.2635856 0.5404442 1.1016096 1.4085971 0.7284904 0.5901595 0.6395848 0.6395848 0.5732636 0.5732636 0.9863870 1.2233653 1.1090739 2.3587508 1.2227692 1.1735501 1.0543976 1.0963120 1.1728736 0.9976101 1.1940569 1.2026442 1.1086711 1.0484374 1.2395941 0.9042396 0.8453590 1.0599697 0.9854607 1.0040959 1.0460638 0.9811193 1.0460638 1.0040959 0.9470207 0.9470207 1.1704995 1.1196685 1.1216725 0.9798501 1.3862182 1.2122291 1.2127348 1.1146946 1.1421876 1.3444026 1.0846125 0.6683634 1.3526060 1.1293782 1.1438757 1.0240050 1.0301259 0.9059641 1.1024967 1.2196448 0.9715445 0.7639044 0.7639044 1.3737256 1.3737256 0.8964073 0.8964073 0.9280372 1.3043872 1.7515051 3.4948468 
Bolinf_Binf_sb1255883                                  0.0000010 0.0000010 0.0000010 0.0000010 0.0000000 0.0000010 0.0161159 0.0250498 0.0399463 0.3443398 0.3443398 0.3985035 0.3985035 0.3985035 0.3702020 0.3702020 0.4916095 0.3173845 0.3173845 0.3298351 1.0370784 0.9536848 0.8912231 1.0133509 0.0000010 1.2207415 0.5404442 1.0378239 1.1266716 0.5801743 0.4548524 0.5264866 0.5264866 0.4017177 0.4017177 0.8632402 1.1226583 1.0745018 2.3587508 1.0392066 1.0610071 0.8699843 0.8894598 1.0142667 0.9673035 1.0682546 1.0961629 1.0213316 0.9535056 1.1044110 0.8709251 0.7850963 0.9387166 0.8389287 1.0184187 1.0330628 0.9811193 1.0330628 1.0184187 0.9492172 0.9492172 1.1297089 1.0600443 1.0258196 0.9798501 1.3303947 1.1380361 1.1627441 1.0383898 1.0621007 1.2768395 1.0322393 0.6110148 1.3043957 1.0155466 0.9778621 0.9186124 0.9013303 0.6394414 1.0075142 1.1160411 1.3556701 0.6241863 0.6241863 1.1261572 1.1261572 0.7777796 0.7777796 0.8680870 1.1791638 1.5854646 3.7277673 
Bolinf_Binf_sb1255879                                  0.0000010 0.0000010 0.0000010 0.0000010 0.0000010 0.0000000 0.0134620 0.0284401 0.0399463 0.2984963 0.2984963 0.3416070 0.3416070 0.3416070 0.3538810 0.3538810 0.4916095 0.3128124 0.3128124 0.2669978 0.9417111 0.8536431 0.8137182 0.9373339 0.0000010 1.0717662 0.5404442 0.9658019 1.1266716 0.6128982 0.4980784 0.5534876 0.5534876 0.4017177 0.4017177 0.8248049 0.9255236 1.0181017 1.8407338 1.0405637 1.0469656 0.8912712 0.8894598 0.9097148 0.9673035 0.9794843 1.0343883 0.9981418 0.9119496 1.0619403 0.8844333 0.8081975 0.9485781 0.8184494 1.0696958 1.0831269 1.0434396 1.0831269 1.0696958 1.0076589 1.0076589 1.1812339 1.0110328 1.0740069 0.9798501 1.2630811 1.1531225 1.1820556 0.9827667 1.0269750 1.2159477 1.0912981 0.5072326 1.2133591 0.9833233 1.0090710 0.9186124 0.9013303 0.6394414 1.0328191 1.1408946 1.3556701 0.6394809 0.6394809 1.1261572 1.1261572 0.7777796 0.7777796 0.8680870 1.1791638 1.5514463 3.7277673 
Mertsp_Mesp_sb560753                                   0.0000010 0.0000010 0.0134620 0.0161159 0.0161159 0.0134620 0.0000000 0.0280728 0.0459196 0.3316056 0.3316056 0.3316056 0.3316056 0.3316056 0.3082339 0.3082339 0.4150063 0.3061209 0.3061209 0.2808761 0.9281175 0.8427843 0.8053985 0.8890339 0.0000010 1.0774857 0.4733216 0.9596315 1.1266716 0.6516312 0.5265382 0.5818052 0.5818052 0.3874785 0.3874785 0.8435823 0.9060798 1.0637764 1.7220629 1.0386507 1.0715062 0.9393660 0.9091058 0.9160192 0.9791422 0.9938475 1.0521417 1.0265803 0.9232874 1.0301589 0.9409152 0.8948260 1.0461580 0.8524851 1.0987810 1.1135152 1.0741080 1.1135152 1.0987810 1.0318785 1.0318785 1.1326930 1.0024047 1.0900702 0.7767365 1.2719118 1.1418914 1.1663516 0.9902071 0.9952904 1.1061619 1.1279155 0.4801909 1.2428167 1.1024968 1.1116333 0.9497221 0.8548024 0.6047982 1.0361492 1.1909568 0.0000010 0.5901567 0.5901567 0.0000010 0.0000010 0.5351835 0.5351835 0.4384360 1.1685923 1.7171306 3.9183995 
Mertsp_Mesp_sb560754                                   0.0000010 0.0000010 0.0284401 0.0250498 0.0250498 0.0284401 0.0280728 0.0000000 0.0459196 0.3198181 0.3198181 0.3198181 0.3198181 0.3198181 0.3082339 0.3082339 0.4150063 0.3110970 0.3110970 0.2771863 0.9819995 0.8935253 0.8480837 0.9438692 0.0000010 1.0846153 0.4733216 0.9864513 1.1266716 0.6407486 0.5136419 0.5733591 0.5733591 0.3874785 0.3874785 0.8305666 0.9874186 1.1101249 1.9798611 1.0819224 1.1169467 0.9393660 0.9091058 0.9591932 0.9673035 1.0238074 1.1350576 1.1060151 1.0213825 1.1287382 0.9845167 0.9449209 1.0728303 0.9250938 1.1446884 1.1608879 1.1244756 1.1608879 1.1446884 1.0728684 1.0728684 1.2399410 1.0143639 1.1317654 0.7767365 1.3809015 1.2017723 1.3312077 1.0004043 1.1640851 1.1973760 1.1621257 0.5102006 1.2993130 1.1468516 1.1588814 0.8847396 0.8548024 0.6047982 1.0883394 1.2714322 0.0000010 0.5901567 0.5901567 0.0000010 0.0000010 0.5351835 0.5351835 0.4384360 1.1685923 1.6124123 3.9183995 
Bolinf_Binf_sb1255882                                  0.0303191 0.0399463 0.0303191 0.0303191 0.0399463 0.0399463 0.0459196 0.0459196 0.0000000 0.6155059 0.6155059 0.6918061 0.6918061 0.6918061 0.6918061 0.6918061 0.6872168 0.3696110 0.3326868 0.4259167 1.0861698 0.8680645 0.8321949 0.9431054 1.4458355 1.2533443 0.5404442 1.0680937 1.4085971 0.8607088 0.6142944 0.6442544 0.6442544 0.5732636 0.5732636 0.9576133 1.0556529 1.0276519 8.8437429 1.2009311 1.1056525 1.0377969 1.0166408 1.1151238 0.9976101 1.1418890 1.1918353 1.0704024 1.0061113 1.2581667 0.9156980 0.8230219 1.0751512 0.9741689 0.9573215 0.9970552 0.9044142 0.9970552 0.9573215 0.8900605 0.8900605 1.1334182 1.0471564 1.1447319 0.9798501 1.5934442 1.3447090 1.3419212 1.0946063 1.7845500 1.4415803 1.0864280 0.8197755 1.5334689 1.1964811 1.1528395 0.9320220 1.0301259 0.8652725 1.0925661 1.2486660 0.9715445 0.6867064 0.6867064 1.3737256 1.3737256 0.8964073 0.8964073 0.9280372 1.3043872 2.4825478 3.6979387 
Bolinf_Binf_sb1217629                                  0.4108797 0.2898475 0.4076686 0.4690216 0.3443398 0.2984963 0.3316056 0.3198181 0.6155059 0.0000000 0.0000010 0.0725781 0.0725781 0.0725781 0.0831569 0.0831569 0.1255329 0.4984168 0.4136300 0.5494921 0.7874347 0.8171362 0.7475685 0.8282341 0.4173006 0.8829879 0.4430678 0.7150357 0.4229504 0.7865205 0.5016303 0.5449792 0.5449792 0.4289484 0.4289484 0.7548365 1.0188955 0.9368385 1.7152243 1.0977828 1.1089763 1.1039936 1.1588034 1.0791078 1.1183520 1.0534852 1.0039011 0.9227591 0.9315513 1.0937756 0.8851941 0.8548381 0.9120792 1.0425914 1.1036344 1.2050647 1.2216211 1.2050647 1.1036344 1.0719000 1.0675177 1.0614802 0.9600601 1.1528365 0.9367282 1.2205437 1.2135693 1.3817432 1.1993618 1.3528502 1.1583610 0.9568995 0.6988542 0.9876069 1.1091267 1.0489191 0.9438936 0.9239782 0.8153466 1.0312181 1.3031500 0.5796665 0.5878611 0.5878611 0.2744032 0.2744032 0.4100728 0.4100728 0.3402059 0.8133863 1.6307582 2.8357922 
Bolinf_Binf_sb1217630                                  0.4108797 0.2898475 0.4076686 0.4690216 0.3443398 0.2984963 0.3316056 0.3198181 0.6155059 0.0000010 0.0000000 0.0725781 0.0725781 0.0725781 0.0831569 0.0831569 0.1255329 0.4984168 0.4136300 0.5494921 0.7874347 0.8171362 0.7475685 0.8282341 0.4173006 0.8829879 0.4430678 0.7150357 0.4229504 0.7865205 0.5016303 0.5449792 0.5449792 0.4289484 0.4289484 0.7548365 1.0188955 0.9368385 1.7152243 1.0977828 1.1089763 1.1039936 1.1588034 1.0791078 1.1183520 1.0534852 1.0039011 0.9227591 0.9315513 1.0937756 0.8851941 0.8548381 0.9120792 1.0425914 1.1036344 1.2050647 1.2216211 1.2050647 1.1036344 1.0719000 1.0675177 1.0614802 0.9600601 1.1528365 0.9367282 1.2205437 1.2135693 1.3817432 1.1993618 1.3528502 1.1583610 0.9568995 0.6988542 0.9876069 1.1091267 1.0489191 0.9438936 0.9239782 0.8153466 1.0312181 1.3031500 0.5796665 0.5878611 0.5878611 0.2744032 0.2744032 0.4100728 0.4100728 0.3402059 0.8133863 1.6307582 2.8357922 
Bolinf_Binf_sb1217628                                  0.4575747 0.3376517 0.4498992 0.5211381 0.3985035 0.3416070 0.3316056 0.3198181 0.6918061 0.0725781 0.0725781 0.0000000 0.0000010 0.0000010 0.0105913 0.0105913 0.0091341 0.5096613 0.4254867 0.5494921 0.8184259 1.1736456 1.0742504 1.1806513 0.9753976 0.8829879 0.6718502 1.0703402 1.0588958 0.7865205 0.5016303 0.7582511 0.7582511 0.7234703 0.7234703 1.2001790 1.0188955 1.2699343 1.7152243 1.4068425 1.4426901 1.3943882 1.3692233 1.3175695 1.1183520 1.3339750 1.2568093 1.2168563 1.2446293 1.3123248 1.2054479 1.1583227 1.4634497 1.0425914 1.3490653 1.4592023 1.4915021 1.4592023 1.3490653 1.3224989 1.3185742 1.0614802 1.2530326 1.4558976 1.5718148 1.5182451 1.5534047 1.3199377 1.4100953 1.3528502 1.2304175 1.2191634 0.7508042 0.9876069 1.3598666 1.3933608 1.2788750 1.2715780 1.0394437 1.5160885 1.6459102 0.8348139 0.6622915 0.6622915 0.3591994 0.5625222 0.7888840 0.6110112 0.7618434 0.9433457 1.6307582 2.9499883 
Bolinf_Binf_sb1217627                                  0.4575747 0.3376517 0.4498992 0.5211381 0.3985035 0.3416070 0.3316056 0.3198181 0.6918061 0.0725781 0.0725781 0.0000010 0.0000000 0.0000010 0.0105913 0.0105913 0.0091341 0.5096613 0.4254867 0.5494921 0.8184259 1.1736456 1.0742504 1.1806513 0.9753976 0.8829879 0.6718502 1.0703402 1.0588958 0.7865205 0.5016303 0.7582511 0.7582511 0.7234703 0.7234703 1.2001790 1.0188955 1.2699343 1.7152243 1.4068425 1.4426901 1.3943882 1.3692233 1.3175695 1.1183520 1.3339750 1.2568093 1.2168563 1.2446293 1.3123248 1.2054479 1.1583227 1.4634497 1.0425914 1.3490653 1.4592023 1.4915021 1.4592023 1.3490653 1.3224989 1.3185742 1.0614802 1.2530326 1.4558976 1.5718148 1.5182451 1.5534047 1.3199377 1.4100953 1.3528502 1.2304175 1.2191634 0.7508042 0.9876069 1.3598666 1.3933608 1.2788750 1.2715780 1.0394437 1.5160885 1.6459102 0.8348139 0.6622915 0.6622915 0.3591994 0.5625222 0.7888840 0.6110112 0.7618434 0.9433457 1.6307582 2.9499883 
Mertsp_Mesp_sb565656                                   0.4575747 0.3376517 0.4498992 0.5211381 0.3985035 0.3416070 0.3316056 0.3198181 0.6918061 0.0725781 0.0725781 0.0000010 0.0000010 0.0000000 0.0105913 0.0105913 0.0091341 0.5096613 0.4254867 0.5494921 0.8184259 1.1669203 1.0682140 1.1876493 0.9753976 0.8829879 0.6718502 1.0763527 1.0588958 0.7865205 0.5016303 0.7582511 0.7582511 0.7234703 0.7234703 1.1915337 1.0188955 1.2779961 1.7152243 1.4159561 1.4520091 1.3936093 1.3692233 1.3175695 1.1183520 1.3329672 1.2564362 1.2117577 1.2425984 1.3064054 1.2048979 1.1648847 1.4612103 1.0425914 1.3394346 1.4480643 1.4794282 1.4480643 1.3394346 1.3129808 1.3090800 1.0614802 1.2606962 1.4553224 1.5718148 1.5178358 1.5637263 1.3199377 1.4203095 1.3528502 1.2304175 1.2088626 0.7508042 0.9876069 1.3598666 1.4029844 1.2788750 1.2715780 1.0394437 1.5156094 1.6459102 0.8348139 0.6622915 0.6622915 0.3591994 0.5625222 0.7888840 0.6110112 0.7618434 0.9433457 1.6307582 2.9499883 
Drygla_Dgla_sb281844                                   0.4771056 0.3538810 0.4771056 0.4963318 0.3702020 0.3538810 0.3082339 0.3082339 0.6918061 0.0831569 0.0831569 0.0105913 0.0105913 0.0105913 0.0000000 0.0000010 0.0000010 0.4869045 0.3878065 0.5606126 0.7584039 0.9884539 0.8937755 1.0922064 1.0537711 0.8034730 0.6718502 0.9487356 0.9524431 0.6835309 0.4125512 0.6647101 0.6647101 0.6519774 0.6519774 1.0673879 0.9564299 1.1466242 1.5572626 1.2769997 1.2568442 1.2861522 1.3104891 1.2994961 1.0821851 1.1873573 1.1458075 1.0404195 1.1148796 1.1772824 1.0275166 0.9928557 1.2096432 0.9549983 1.1455148 1.2449087 1.2637975 1.2449087 1.1455148 1.1159465 1.1118039 0.9305550 1.1058400 1.2244222 1.5718148 1.4387338 1.4009069 1.1529557 1.2732502 1.1881323 1.1947017 1.0479519 0.7823444 0.9040800 1.3233703 1.2870540 1.1161368 1.1616741 1.0344744 1.4201536 1.5639745 0.6033342 0.5854382 0.5854382 0.3360911 0.3360911 0.5114402 0.4900332 0.4886609 0.7938353 1.3858166 2.8536873 
Drygla_Dgla_sb281845                                   0.4771056 0.3538810 0.4771056 0.4963318 0.3702020 0.3538810 0.3082339 0.3082339 0.6918061 0.0831569 0.0831569 0.0105913 0.0105913 0.0105913 0.0000010 0.0000000 0.0000010 0.4869045 0.3878065 0.5606126 0.7584039 0.9884539 0.8937755 1.0922064 1.0537711 0.8034730 0.6718502 0.9487356 0.9524431 0.6835309 0.4125512 0.6647101 0.6647101 0.6519774 0.6519774 1.0673879 0.9564299 1.1466242 1.5572626 1.2769997 1.2568442 1.2861522 1.3104891 1.2994961 1.0821851 1.1873573 1.1458075 1.0404195 1.1148796 1.1772824 1.0275166 0.9928557 1.2096432 0.9549983 1.1455148 1.2449087 1.2637975 1.2449087 1.1455148 1.1159465 1.1118039 0.9305550 1.1058400 1.2244222 1.5718148 1.4387338 1.4009069 1.1529557 1.2732502 1.1881323 1.1947017 1.0479519 0.7823444 0.9040800 1.3233703 1.2870540 1.1161368 1.1616741 1.0344744 1.4201536 1.5639745 0.6033342 0.5854382 0.5854382 0.3360911 0.3360911 0.5114402 0.4900332 0.4886609 0.7938353 1.3858166 2.8536873 
Vmul_sbMO363584                                        0.6872168 0.4916095 0.6872168 0.6872168 0.4916095 0.4916095 0.4150063 0.4150063 0.6872168 0.1255329 0.1255329 0.0091341 0.0091341 0.0091341 0.0000010 0.0000010 0.0000000 0.6050089 0.4427008 0.7904732 0.4867616 0.8654844 0.7672901 0.9546569 1.0537711 0.3572552 0.6718502 0.8164175 0.9280190 0.8579835 0.3130372 0.6738926 0.6738926 0.6828889 0.6828889 0.9963399 0.5010488 1.0424669 0.0000010 1.2547876 1.1902134 1.2335239 1.1770208 1.3742838 1.1009157 1.1912983 1.1824336 1.0735634 1.1750013 1.2507465 1.0381193 1.0125265 1.2443331 0.9564950 1.1416190 1.2781741 1.3100676 1.2781741 1.1416190 1.1030834 1.0977275 0.7747639 1.0425805 1.2668883 1.5718148 1.5409324 1.5108035 1.5505387 1.2386622 2.2089132 1.2120259 1.0274439 1.6554337 0.5767829 1.4051324 1.2093097 1.1599621 1.1599621 1.0307508 1.4124251 1.6612432 0.5753100 0.4992231 0.4992231 0.3194340 0.3194340 0.4826162 0.4776007 0.4658258 0.7291395 1.3958732 2.2691207 
Drygla_Dgla_sb275550                                   0.3002123 0.2642095 0.3406762 0.3484219 0.3173845 0.3128124 0.3061209 0.3110970 0.3696110 0.4984168 0.4984168 0.5096613 0.5096613 0.5096613 0.4869045 0.4869045 0.6050089 0.0000000 0.0000010 0.4875935 1.0715192 0.9919265 0.9623864 1.0198321 0.7759980 1.0595994 0.5734030 0.9880247 1.0456426 0.6925704 0.5830291 0.6078898 0.6078898 0.4732907 0.4732907 0.8992968 1.0058503 1.0350562 1.6133124 1.1475927 1.0677626 1.0643815 1.1197678 0.9529582 0.7689455 1.0465531 1.0472284 1.0243284 0.9960760 1.0636864 0.9421459 0.9034901 1.1204891 1.0789025 1.0575009 1.0924579 1.0582397 1.0924579 1.0575009 1.0297121 1.0297121 1.1086562 1.0518193 1.2659585 0.6535516 1.3159428 1.2312149 1.2753865 1.2305861 1.0286030 1.3078424 1.1110945 0.6616507 1.3484522 1.1790339 1.2569694 1.0060083 1.0855168 0.8900303 1.1467329 1.3741393 1.2507044 0.7659222 0.7659222 1.2988634 1.2988634 0.7903290 0.7903290 0.8193523 1.1880833 1.5067102 3.6542075 
Drygla_Dgla_sb275551                                   0.2642095 0.2642095 0.3128124 0.3173845 0.3173845 0.3128124 0.3061209 0.3110970 0.3326868 0.4136300 0.4136300 0.4254867 0.4254867 0.4254867 0.3878065 0.3878065 0.4427008 0.0000010 0.0000000 0.4143849 1.0237853 0.9233550 0.8831108 0.9749279 0.0000010 1.0211650 0.5734030 0.9216799 1.1266716 0.6475915 0.5199726 0.5456305 0.5456305 0.3391443 0.3391443 0.8131251 0.9213829 0.9767965 1.6133124 0.9922907 0.9946913 0.9276792 0.9164846 0.8398402 0.7958897 0.9366434 0.9724709 0.9378735 0.9072652 0.9971907 0.9260186 0.8652955 1.0687078 0.9339077 1.0674933 1.0810364 1.0582397 1.0810364 1.0674933 1.0345982 1.0345982 1.0032852 1.0134989 1.1337571 0.6535516 1.3446983 1.2020537 1.2377923 1.1756178 0.9983477 1.2462068 1.0613524 0.6334305 1.3596429 1.1177539 1.1883445 0.8271955 0.8662739 0.6953529 1.0963556 1.2849320 2.4387276 0.6496031 0.6496031 2.0437462 2.0437462 1.0154473 1.0154473 1.3033500 0.9508896 1.4628450 3.8934169 
Mertsp_Mesp_sb582008                                   0.3518690 0.2638777 0.3446912 0.4137806 0.3298351 0.2669978 0.2808761 0.2771863 0.4259167 0.5494921 0.5494921 0.5494921 0.5494921 0.5494921 0.5606126 0.5606126 0.7904732 0.4875935 0.4143849 0.0000000 1.0838772 0.9436486 0.9125047 1.0084849 1.2312892 1.1003303 0.4528235 1.0110453 1.4662941 0.6649255 0.5390705 0.6729712 0.6729712 0.6455223 0.6455223 0.9472780 0.9805078 1.3279681 1.5228313 1.2628349 1.2203348 1.2421151 1.3933428 1.0953583 1.0945622 1.1257795 1.1448320 1.1326868 1.0844635 1.2338175 0.9246466 0.8631914 1.2103407 1.1704852 1.1843863 1.2022529 1.2090911 1.2022529 1.1843863 1.1721701 1.1721701 1.2016524 1.1602721 1.2013907 0.0000010 1.3462799 1.2910847 1.1562790 1.2794570 1.1828150 1.1942850 1.2232150 0.3703537 1.2040490 1.3029302 1.3040522 1.1324241 1.0770890 0.9276042 1.1424666 1.4288926 1.2286005 0.8170139 0.8170139 1.0253121 1.0253121 0.9555826 0.9555826 1.0036886 1.2918724 1.6946989 1.9404957 
Xestes_maker-XT_scaffold19623-augustus-gene-0.4-mRNA-1 0.9756296 0.8879744 1.0137616 1.1065875 1.0370784 0.9417111 0.9281175 0.9819995 1.0861698 0.7874347 0.7874347 0.8184259 0.8184259 0.8184259 0.7584039 0.7584039 0.4867616 1.0715192 1.0237853 1.0838772 0.0000000 0.1351049 0.1323573 0.1829672 0.5321154 0.5300108 0.4111245 0.5139873 0.2819885 1.1924703 0.7329882 0.7090678 0.7090678 0.4620104 0.4620104 0.4661087 0.2173566 0.7010391 0.7041718 0.8012758 0.7883815 0.7907808 0.9578083 0.9027975 0.9434156 0.7687224 0.8525128 0.8786670 0.8528671 0.9542394 0.9270806 0.8731365 0.7430426 0.7995446 0.8761313 0.9279966 0.9864246 0.9279966 0.8761313 0.8771933 0.8456010 0.8456549 0.9341009 0.8555845 0.8364682 1.1008892 1.1102364 1.1709694 0.9144154 0.7929581 0.9597459 0.8356436 1.4309734 0.6842744 1.1377511 0.8223828 0.8238828 0.6939837 0.6032014 0.8857627 1.1024468 0.1388216 0.6314284 0.6314284 0.1379436 0.1379436 0.4343566 0.4343566 0.3940804 0.5578166 1.4393791 1.8230664 
Halamb_c35056_g1_i1m.8493                              0.8557162 0.8032880 0.8925898 0.9802471 0.9536848 0.8536431 0.8427843 0.8935253 0.8680645 0.8171362 0.8171362 1.1736456 1.1736456 1.1669203 0.9884539 0.9884539 0.8654844 0.9919265 0.9233550 0.9436486 0.1351049 0.0000000 0.0025872 0.2465663 0.3656456 0.4577505 0.2656291 0.6152163 0.7210938 1.0475488 0.7943070 1.1698069 1.1698069 1.1588375 1.1588375 0.8025661 0.1649572 0.8426868 0.7001506 0.9561441 0.9535356 0.9612353 1.3189033 1.2079067 0.9331002 0.8648247 0.8270449 0.8800380 0.8213641 0.8811731 0.9598675 0.9278148 1.3971680 0.8097923 1.0215998 1.0546079 1.0489406 1.0546079 1.0215998 1.0015886 1.0015886 0.7150475 0.9800212 1.1197974 0.9797445 1.0538334 1.1218796 1.0101536 1.0276472 0.7620735 0.8761796 1.0617573 1.4594579 0.7075803 1.4045399 0.9827358 0.9252807 0.8772157 0.8645997 1.3853405 1.2880939 2.2683704 1.3024389 1.3024389 1.3900935 1.7241018 1.9361458 1.4152680 1.8697527 1.3518181 1.3674571 1.7250233 
Halamb_c35958_g1_i1m.9042                              0.8304645 0.7646760 0.8662221 0.9394586 0.8912231 0.8137182 0.8053985 0.8480837 0.8321949 0.7475685 0.7475685 1.0742504 1.0742504 1.0682140 0.8937755 0.8937755 0.7672901 0.9623864 0.8831108 0.9125047 0.1323573 0.0025872 0.0000000 0.2364768 0.3656456 0.4503336 0.2956619 0.5841034 0.7210938 1.1405915 0.6838890 1.0603921 1.0603921 1.0258574 1.0258574 0.7726463 0.1949189 0.7921613 0.7001506 0.9302784 0.9186930 0.9226060 1.1787024 1.1735673 0.9528183 0.8341969 0.8148714 0.8667775 0.8194500 0.8833004 0.9466320 0.9093070 1.3085276 0.7618041 1.0013563 1.0296128 1.0547168 1.0296128 1.0013563 0.9934192 0.9753541 0.7484754 0.9736999 1.0747686 0.9797445 1.0656418 1.1332225 1.0101536 0.9994234 0.7620735 0.8887807 1.0246003 1.4594579 0.7075987 1.3714536 0.9564495 0.8871629 0.8416242 0.7926979 1.2980256 1.3103552 2.2683704 1.2784917 1.2784917 1.3900935 1.7241018 1.9361458 1.4152680 1.8697527 1.3518181 1.3674571 1.7250233 
Aque_Aqu2.1.41520_001                                  0.9284859 0.9071073 0.9527445 1.0185013 1.0133509 0.9373339 0.8890339 0.9438692 0.9431054 0.8282341 0.8282341 1.1806513 1.1806513 1.1876493 1.0922064 1.0922064 0.9546569 1.0198321 0.9749279 1.0084849 0.1829672 0.2465663 0.2364768 0.0000000 0.3731757 0.5028038 0.3449228 0.5768380 0.6772926 1.3512094 0.8130475 1.0225131 1.0225131 0.9732343 0.9732343 0.7679811 0.2534491 0.7914646 0.7008085 0.9172732 0.9223133 0.9078539 1.1578560 1.0804201 0.9538870 0.8267245 0.8068017 0.8884380 0.8350277 0.8818302 0.9618914 0.9158074 1.3192350 0.7531323 0.9983491 1.0223459 1.0443229 1.0223459 0.9983491 0.9911426 0.9782082 0.7621155 0.9537085 1.1132510 1.0926168 1.1219640 1.1696547 1.0114892 0.9814126 0.7826338 0.9997459 1.0700252 1.5495503 0.6632405 1.3329927 0.9411904 0.9250410 0.8689945 0.8549546 1.2240626 1.1951697 2.5516547 1.3678860 1.3678860 1.6830685 1.8907648 2.2371022 1.7457783 2.1471327 1.5496975 1.5517994 2.0303778 
Halamb_c29315_g2_i1m.5941                              1.4458355 0.0000010 1.4458355 1.4458355 0.0000010 0.0000010 0.0000010 0.0000010 1.4458355 0.4173006 0.4173006 0.9753976 0.9753976 0.9753976 1.0537711 1.0537711 1.0537711 0.7759980 0.0000010 1.2312892 0.5321154 0.3656456 0.3656456 0.3731757 0.0000000 0.6113700 0.0000010 0.6431076 0.5270367 0.4260100 0.4260100 1.0682814 1.0682814 1.0682814 1.0682814 0.4554163 0.5999520 0.8550670 0.0000010 1.0492640 1.1232401 1.1555581 1.5797196 1.1271852 0.5433458 0.8452428 0.7333855 0.7591485 0.7582496 0.7534752 0.6728601 0.6818232 1.2160802 1.5477458 0.8704099 1.0940986 1.0940986 1.0940986 0.8704099 0.8704099 0.8704099 0.8733468 0.9467843 1.1887973 1.2267138 1.2535553 1.3633041 0.0000010 1.5770931 0.0000010 1.2602447 0.9452417 1.3966847 0.2889777 1.5647197 1.3483556 0.6473567 0.6473567 0.9027001 1.6443419 2.3700344 1.4732533 1.2044491 1.2044491 1.1348436 1.0850626 1.0846942 1.1196842 1.0846942 1.3922250 1.2377232 0.4743141 
Spolac_c97124_g3_i1_m.14348c97124-g3                   1.0882218 1.0120564 1.1306561 1.2635856 1.2207415 1.0717662 1.0774857 1.0846153 1.2533443 0.8829879 0.8829879 0.8829879 0.8829879 0.8829879 0.8034730 0.8034730 0.3572552 1.0595994 1.0211650 1.1003303 0.5300108 0.4577505 0.4503336 0.5028038 0.6113700 0.0000000 0.0831118 0.0977497 0.3853566 1.0754769 0.8690515 0.8646429 0.8646429 0.5254224 0.5254224 0.5189169 0.5151390 0.7081954 0.9471175 0.9623638 0.8854004 1.0456732 1.2273808 1.0034954 0.6080541 0.8771212 0.9343238 0.9499818 0.9104902 0.9802636 0.9392889 0.9042083 0.9231804 0.8610002 0.9118591 1.0308219 1.0227178 1.0308219 0.9118591 0.8270142 0.8270142 0.8416628 0.9803213 0.8565864 0.0000010 1.1143383 1.0857776 1.1757091 0.9383807 1.0893689 1.0089945 0.8876296 1.4263646 0.7527605 1.0578804 0.8148412 0.8631975 0.6021447 0.6667322 0.8108017 1.0814123 0.1438975 0.7142452 0.7142452 0.2170732 0.2170732 0.5519664 0.5519664 0.5127550 0.7193661 1.4566982 0.4595313 
Spolac_c97124_g4_i1_m.14351c97124-g4                   0.5404442 0.5404442 0.5404442 0.5404442 0.5404442 0.5404442 0.4733216 0.4733216 0.5404442 0.4430678 0.4430678 0.6718502 0.6718502 0.6718502 0.6718502 0.6718502 0.6718502 0.5734030 0.5734030 0.4528235 0.4111245 0.2656291 0.2956619 0.3449228 0.0000010 0.0831118 0.0000000 0.0696015 0.0000010 0.0000010 0.2081954 0.2908217 0.2908217 0.2908217 0.2908217 0.3221449 0.2846377 0.4666863 0.0000010 0.6216962 0.6632611 0.6447054 0.7888858 1.0672648 1.1262833 0.8663811 0.8079173 0.7149130 0.7014279 0.9100212 0.7980995 0.7123239 0.6350406 0.8079934 0.9374528 0.9374528 0.8867557 0.9374528 0.9374528 0.8025975 0.8025975 0.9857658 0.6405273 0.8742160 0.9931022 1.1931688 1.0159549 0.0000010 0.9448341 0.0000010 1.1587290 0.9463443 1.3275875 0.7024255 1.0609117 0.5071590 0.6949676 0.6949676 0.6830055 0.5626899 0.9032495 1.5094635 0.6421088 0.6421088 1.2474608 1.2474608 1.2815141 1.2815141 1.2815141 0.9233635 0.0000010 2.9364928 
Emue_Em0021g307a.t1                                    0.9957741 0.9227233 1.0286309 1.1016096 1.0378239 0.9658019 0.9596315 0.9864513 1.0680937 0.7150357 0.7150357 1.0703402 1.0703402 1.0763527 0.9487356 0.9487356 0.8164175 0.9880247 0.9216799 1.0110453 0.5139873 0.6152163 0.5841034 0.5768380 0.6431076 0.0977497 0.0696015 0.0000000 0.1753568 1.2610780 0.7223605 0.8664192 0.8664192 0.7902219 0.7902219 0.7792771 0.5238959 0.8491066 1.0203635 1.0020930 0.9935846 1.0512877 1.1346835 1.2433370 0.9392535 1.0207591 0.9672399 0.9432157 0.8969382 0.9964090 0.9995673 0.9602484 1.3275543 0.8818978 1.1415422 1.1909317 1.2115356 1.1909317 1.1415422 1.1239617 1.1156499 0.8372778 1.0289139 1.1503796 1.1237837 1.1664179 1.2306936 1.1779354 1.1099028 1.0648862 1.0443863 1.1555379 1.3568795 0.7634853 1.1812763 0.8994987 1.0571277 1.0140465 0.9457485 1.1873111 1.2426900 1.7351785 1.2061227 1.2061227 1.3217660 1.4542981 1.8757845 1.6950613 1.8273392 1.3876715 1.3766862 1.1979663 
Spolac_c97124_g2_i1_m.14344c97124-g1                   1.4085971 1.1266716 1.4085971 1.4085971 1.1266716 1.1266716 1.1266716 1.1266716 1.4085971 0.4229504 0.4229504 1.0588958 1.0588958 1.0588958 0.9524431 0.9524431 0.9280190 1.0456426 1.1266716 1.4662941 0.2819885 0.7210938 0.7210938 0.6772926 0.5270367 0.3853566 0.0000010 0.1753568 0.0000000 0.5087028 0.5087028 0.9875844 0.9875844 0.9890535 0.9890535 0.8785630 0.6890649 1.2581968 0.0000010 1.4776785 1.5609047 1.4997568 1.5473125 1.4987624 0.6570510 1.3897973 1.0889669 1.2305326 1.0428711 1.0339346 0.9875282 0.9490342 1.6670942 1.3175325 1.4013497 1.7022341 1.7022341 1.7022341 1.4013497 1.4013497 1.4013497 0.8751822 1.3891047 1.7171433 1.4050281 1.6286150 1.7179466 2.1054866 1.6070559 8.9999980 1.2177274 0.9478371 1.3331107 0.2061117 1.5132630 1.5382733 1.1473083 1.1631872 1.0648941 1.9474267 1.8533247 1.7002857 1.3919600 1.3919600 1.2340498 1.1752593 1.6223756 1.5407990 1.5866926 1.5142422 0.9252084 0.3940869 
Vmul_sbMO459014                                        0.6485495 0.5014169 0.7271195 0.7284904 0.5801743 0.6128982 0.6516312 0.6407486 0.8607088 0.7865205 0.7865205 0.7865205 0.7865205 0.7865205 0.6835309 0.6835309 0.8579835 0.6925704 0.6475915 0.6649255 1.1924703 1.0475488 1.1405915 1.3512094 0.4260100 1.0754769 0.0000010 1.2610780 0.5087028 0.0000000 0.1092106 0.4320292 0.4320292 0.6166419 0.6166419 1.2924063 1.1742339 1.5924007 1.5552343 1.8298459 1.6889519 1.7813829 2.5009633 1.2026820 1.2829632 1.2304626 1.3189016 1.2402902 1.2183186 1.3006744 1.0999833 1.0407334 1.2250304 1.1870538 1.5277205 2.0726134 2.0726134 2.0726134 1.5277205 1.5277205 1.5277205 1.0538638 1.3908681 1.6306163 0.0000010 1.4351157 1.6140923 1.5088470 1.3762240 1.2914504 1.4945846 1.4592235 0.5454542 1.4540365 1.3824141 1.8134236 1.4294233 1.4194813 1.0289890 1.1554579 1.5963816 0.0000010 0.6762119 0.6762119 0.0631611 0.0631611 0.3976342 0.3976342 0.3185935 0.5716313 1.7114679 1.7598164 
Vmul_sbMO459016                                        0.5439033 0.4143483 0.6084521 0.5901595 0.4548524 0.4980784 0.5265382 0.5136419 0.6142944 0.5016303 0.5016303 0.5016303 0.5016303 0.5016303 0.4125512 0.4125512 0.3130372 0.5830291 0.5199726 0.5390705 0.7329882 0.7943070 0.6838890 0.8130475 0.4260100 0.8690515 0.2081954 0.7223605 0.5087028 0.1092106 0.0000000 0.2477682 0.2477682 0.2096467 0.2096467 0.7932969 0.9461070 0.9874748 1.5552343 1.1786266 1.0410097 1.1075494 1.1211845 0.9877491 0.8003269 0.8951581 1.0021516 0.8906406 0.8991582 0.9804172 0.7567282 0.7129309 0.8566571 1.0202725 1.1556589 1.3531112 1.3604157 1.3531112 1.1556589 1.0489611 1.0293248 1.0375628 1.0214718 1.1514616 0.0000010 1.3562204 1.2435436 1.5088470 1.2488131 1.2914504 1.1438439 0.9603934 0.5454542 1.2620135 1.3303331 1.1318410 0.8400209 0.7202638 0.7056049 1.0144424 1.4817371 0.0000010 0.5694444 0.5694444 0.0631611 0.0631611 0.3976342 0.3976342 0.3185935 0.5716313 1.5851382 1.7676722 
Coeast_Cast_sb797400                                   0.6106057 0.5022817 0.6507987 0.6395848 0.5264866 0.5534876 0.5818052 0.5733591 0.6442544 0.5449792 0.5449792 0.7582511 0.7582511 0.7582511 0.6647101 0.6647101 0.6738926 0.6078898 0.5456305 0.6729712 0.7090678 1.1698069 1.0603921 1.0225131 1.0682814 0.8646429 0.2908217 0.8664192 0.9875844 0.4320292 0.2477682 0.0000000 0.0000010 0.0027528 0.0027528 1.0749105 0.8267543 1.2133514 1.3270757 1.3442686 1.3643440 1.3570343 0.9090108 1.3325020 0.7499291 1.1125680 1.1028063 1.0719176 1.0610524 1.1553086 1.0946351 1.1059887 1.3068392 1.0078260 1.4846519 1.5833907 1.6309096 1.5833907 1.4846519 1.4668012 1.4380591 1.0162608 1.3198319 1.4874710 1.2268202 1.7221557 1.6421348 1.3104093 1.6269333 1.4286575 1.1435209 1.3415680 0.7346811 1.2348920 1.6897085 1.1851109 1.3555007 1.3254198 1.1627708 1.5304170 1.4081916 1.1705797 1.0803985 1.0803985 0.8724123 1.1122784 1.1898115 1.1835049 1.1883981 1.2695274 1.4895433 2.5655440 
Coeast_Cast_sb797399                                   0.6106057 0.5022817 0.6507987 0.6395848 0.5264866 0.5534876 0.5818052 0.5733591 0.6442544 0.5449792 0.5449792 0.7582511 0.7582511 0.7582511 0.6647101 0.6647101 0.6738926 0.6078898 0.5456305 0.6729712 0.7090678 1.1698069 1.0603921 1.0225131 1.0682814 0.8646429 0.2908217 0.8664192 0.9875844 0.4320292 0.2477682 0.0000010 0.0000000 0.0027528 0.0027528 1.0749105 0.8267543 1.2133514 1.3270757 1.3442686 1.3643440 1.3570343 0.9090108 1.3325020 0.7499291 1.1125680 1.1028063 1.0719176 1.0610524 1.1553086 1.0946351 1.1059887 1.3068392 1.0078260 1.4846519 1.5833907 1.6309096 1.5833907 1.4846519 1.4668012 1.4380591 1.0162608 1.3198319 1.4874710 1.2268202 1.7221557 1.6421348 1.3104093 1.6269333 1.4286575 1.1435209 1.3415680 0.7346811 1.2348920 1.6897085 1.1851109 1.3555007 1.3254198 1.1627708 1.5304170 1.4081916 1.1705797 1.0803985 1.0803985 0.8724123 1.1122784 1.1898115 1.1835049 1.1883981 1.2695274 1.4895433 2.5655440 
Coeast_Cast_sb797402                                   0.5732636 0.4017177 0.5732636 0.5732636 0.4017177 0.4017177 0.3874785 0.3874785 0.5732636 0.4289484 0.4289484 0.7234703 0.7234703 0.7234703 0.6519774 0.6519774 0.6828889 0.4732907 0.3391443 0.6455223 0.4620104 1.1588375 1.0258574 0.9732343 1.0682814 0.5254224 0.2908217 0.7902219 0.9890535 0.6166419 0.2096467 0.0027528 0.0027528 0.0000000 0.0000010 0.9839157 0.4337784 1.1869062 0.0000010 1.3357899 1.3926900 1.3723031 0.8064097 1.4884186 0.7916173 1.1676095 1.1363937 1.0831853 1.0734783 1.1824261 1.1401944 1.1725905 1.3244458 0.6601931 1.4309408 1.5329319 1.5867262 1.5329319 1.4309408 1.4097012 1.3766510 0.7474616 1.3310806 1.4613388 1.2268202 1.7444382 1.6561131 0.9135636 1.7489901 1.6532553 1.0250091 1.2866430 0.8381261 0.7526700 1.7490810 1.1438257 1.2878172 1.3348678 1.1641518 1.4908440 1.2960744 1.1705797 1.0480767 1.0480767 0.8724123 1.1122784 1.2039149 1.2039156 1.2028356 1.2868531 1.0760203 2.4825832 
Coeast_Cast_sb797401                                   0.5732636 0.4017177 0.5732636 0.5732636 0.4017177 0.4017177 0.3874785 0.3874785 0.5732636 0.4289484 0.4289484 0.7234703 0.7234703 0.7234703 0.6519774 0.6519774 0.6828889 0.4732907 0.3391443 0.6455223 0.4620104 1.1588375 1.0258574 0.9732343 1.0682814 0.5254224 0.2908217 0.7902219 0.9890535 0.6166419 0.2096467 0.0027528 0.0027528 0.0000010 0.0000000 0.9839157 0.4337784 1.1869062 0.0000010 1.3357899 1.3926900 1.3723031 0.8064097 1.4884186 0.7916173 1.1676095 1.1363937 1.0831853 1.0734783 1.1824261 1.1401944 1.1725905 1.3244458 0.6601931 1.4309408 1.5329319 1.5867262 1.5329319 1.4309408 1.4097012 1.3766510 0.7474616 1.3310806 1.4613388 1.2268202 1.7444382 1.6561131 0.9135636 1.7489901 1.6532553 1.0250091 1.2866430 0.8381261 0.7526700 1.7490810 1.1438257 1.2878172 1.3348678 1.1641518 1.4908440 1.2960744 1.1705797 1.0480767 1.0480767 0.8724123 1.1122784 1.2039149 1.2039156 1.2028356 1.2868531 1.0760203 2.4825832 
Tetwil_g23953.t1                                       0.9035693 0.7798652 0.9343076 0.9863870 0.8632402 0.8248049 0.8435823 0.8305666 0.9576133 0.7548365 0.7548365 1.2001790 1.2001790 1.1915337 1.0673879 1.0673879 0.9963399 0.8992968 0.8131251 0.9472780 0.4661087 0.8025661 0.7726463 0.7679811 0.4554163 0.5189169 0.3221449 0.7792771 0.8785630 1.2924063 0.7932969 1.0749105 1.0749105 0.9839157 0.9839157 0.0000000 0.4702339 1.0322373 1.0426127 1.2868087 1.2246479 1.2752252 1.1716663 1.2776865 0.9812406 1.2249894 1.1682633 1.1960173 1.1507927 1.2145061 1.2334752 1.1560429 1.4016259 0.8493586 1.2609047 1.3259464 1.3724723 1.3259464 1.2609047 1.2839401 1.2622957 0.8109382 1.1415572 1.2881171 1.0689537 1.4818374 1.3887183 1.0922786 1.4816063 1.0285020 1.0164252 1.2647767 1.4763446 0.7707450 1.5880699 1.1725303 1.0134913 0.9750570 0.8943904 1.6168200 1.3601430 2.1712048 1.4201718 1.4201718 1.4968668 1.9544243 2.0694769 1.6566508 1.9856699 1.6181508 1.4245474 1.6339799 
Halamb_c29315_g1_i1m.5940                              0.9836599 0.8626873 1.0220817 1.2233653 1.1226583 0.9255236 0.9060798 0.9874186 1.0556529 1.0188955 1.0188955 1.0188955 1.0188955 1.0188955 0.9564299 0.9564299 0.5010488 1.0058503 0.9213829 0.9805078 0.2173566 0.1649572 0.1949189 0.2534491 0.5999520 0.5151390 0.2846377 0.5238959 0.6890649 1.1742339 0.9461070 0.8267543 0.8267543 0.4337784 0.4337784 0.4702339 0.0000000 0.7265877 0.6622144 0.7739258 0.6942631 0.8222474 1.3719632 0.7615738 0.9526613 0.7063563 0.6802099 0.8540069 0.7526147 0.9477600 0.7873666 0.7474413 0.8513668 0.8615098 0.8653698 0.9067565 0.8834471 0.9067565 0.8653698 0.7925692 0.7925692 0.7215194 0.8999082 0.9018545 0.0000010 1.0866606 1.1040863 0.9538314 0.7854579 0.6975954 0.8175307 0.9275152 1.2229362 0.6804138 1.1672991 0.8585120 1.0762105 0.6659464 0.9418157 1.0280287 1.2285488 0.5018767 0.7749232 0.7749232 0.6521407 0.6521407 0.7052546 0.7052546 0.7052546 1.1450704 1.5794010 1.0960345 
Hvul_g13846_1                                          0.9810651 0.9279567 1.0559726 1.1090739 1.0745018 1.0181017 1.0637764 1.1101249 1.0276519 0.9368385 0.9368385 1.2699343 1.2699343 1.2779961 1.1466242 1.1466242 1.0424669 1.0350562 0.9767965 1.3279681 0.7010391 0.8426868 0.7921613 0.7914646 0.8550670 0.7081954 0.4666863 0.8491066 1.2581968 1.5924007 0.9874748 1.2133514 1.2133514 1.1869062 1.1869062 1.0322373 0.7265877 0.0000000 0.6145639 0.6759639 0.6734573 0.6772241 0.6984286 0.9658605 0.7219771 0.7535927 0.7265656 0.8032555 0.7347642 0.7721180 0.7805253 0.7807046 1.1334277 0.7100316 0.8437260 0.8702178 0.8883058 0.8702178 0.8437260 0.8465612 0.8416538 0.8409089 0.9442750 0.9609105 1.0624272 1.1822554 1.1539535 1.0900057 1.2483409 0.8149174 0.7956620 1.1373314 1.3380050 0.7473295 1.2793457 0.7520966 1.0410894 0.9649052 0.9830681 1.0635212 1.1028137 2.1215529 1.5476875 1.5476875 2.0644206 2.3656286 2.1273223 1.5552832 1.9977913 1.7216817 1.5467218 2.4737611 
Nemnom_g7017.t1                                        1.5634188 1.5634188 1.8407338 2.3587508 2.3587508 1.8407338 1.7220629 1.9798611 8.8437429 1.7152243 1.7152243 1.7152243 1.7152243 1.7152243 1.5572626 1.5572626 0.0000010 1.6133124 1.6133124 1.5228313 0.7041718 0.7001506 0.7001506 0.7008085 0.0000010 0.9471175 0.0000010 1.0203635 0.0000010 1.5552343 1.5552343 1.3270757 1.3270757 0.0000010 0.0000010 1.0426127 0.6622144 0.6145639 0.0000000 0.1140120 0.2592405 0.1808771 5.0861489 0.6311654 0.0000010 0.4525329 0.4557446 0.4851989 0.4554480 0.5163912 0.8594576 0.8079879 0.6070508 0.7971511 0.8335753 0.8335753 0.8335753 0.8335753 0.8335753 0.8335753 0.8335753 0.7389112 0.9934264 1.0837969 0.0000010 0.9198160 1.1000956 1.1199034 0.6979569 0.7828672 0.8418364 0.9639950 1.5909000 0.8714921 0.8481994 0.6983657 8.8999053 0.0000010 1.2109571 1.4848024 1.2108348 0.0000010 2.6953632 2.6953632 0.0000010 0.0000010 0.0000010 0.0000010 0.0000010 0.0000010 1.5968367 2.1885074 
Rhoesc_Res_002454-T1                                   1.1012276 0.9213707 1.2007671 1.2227692 1.0392066 1.0405637 1.0386507 1.0819224 1.2009311 1.0977828 1.0977828 1.4068425 1.4068425 1.4159561 1.2769997 1.2769997 1.2547876 1.1475927 0.9922907 1.2628349 0.8012758 0.9561441 0.9302784 0.9172732 1.0492640 0.9623638 0.6216962 1.0020930 1.4776785 1.8298459 1.1786266 1.3442686 1.3442686 1.3357899 1.3357899 1.2868087 0.7739258 0.6759639 0.1140120 0.0000000 0.3575545 0.2607223 0.2868191 0.9238263 0.6080015 0.7256494 0.6765470 0.6578072 0.6390129 0.7447110 0.8141455 0.7923800 1.2147191 0.6677215 0.9257243 0.9022500 0.8988858 0.9022500 0.9257243 0.9204073 0.9052646 0.8580770 0.9870570 1.0222479 1.0310176 1.0187543 1.0384359 0.9615899 0.9797919 0.9132028 0.8959424 1.1392932 1.4209339 0.8735443 1.1686045 0.7405167 1.2148452 1.1741348 0.8633848 1.2920787 1.1543734 1.6979343 1.3664102 1.3664102 1.5796372 1.8767130 1.6929120 1.3000173 1.7363455 1.8227782 1.6606566 3.0836786 
