58
Xestes_augustus_masked-XT_scaffold116723-processed-gene-0.1-mRNA-1  0.0000000 1.4838607 1.4419612 1.9434849 1.9069316 2.3965385 1.9660067 2.5222825 2.3373954 2.0144959 1.8052051 2.2221776 2.2298215 2.3737603 6.0181734 6.1870576 5.9239469 6.8319169 4.7274257 3.4300246 4.3657725 4.4078435 3.5604115 3.7460219 3.4107548 2.9520128 3.2223700 4.0728374 3.5459648 3.4261485 3.4461866 3.6451373 3.7568811 3.2296595 3.2037818 3.0545796 2.9388248 3.0563422 3.6476199 3.7432375 2.9763810 3.6372192 3.1021432 3.1646048 5.4601459 3.6145339 3.5633169 3.5927424 3.5871992 3.5871992 3.7563078 3.7202232 3.2835177 3.6294762 3.6985039 3.3891149 4.1948317 3.3203255 
Xestes_augustus_masked-XT_scaffold160040-processed-gene-0.1-mRNA-1  1.4838607 0.0000000 1.4190160 1.8367652 1.7122366 2.1021990 1.7862469 1.8304480 2.1105256 1.4051506 1.3275091 1.6419012 1.6864327 1.2137769 4.9376343 4.9109487 4.7482289 7.5943013 5.0225828 3.2666447 3.5976186 3.1374245 2.7957028 3.1874972 3.0938944 3.1474154 3.1237672 3.1022120 2.7707384 2.9364462 2.5326086 2.8207479 2.7004852 2.6165442 2.5239514 2.9789356 2.4391437 2.8485675 2.4247526 3.0280603 3.4270376 3.2167251 2.7409386 2.8269017 2.3955569 2.6993132 2.7000084 2.6967284 3.1712250 3.1712250 2.9621075 2.9575645 2.7342776 3.0548661 3.1853671 2.9582044 3.1109924 3.1814702 
Xestes_augustus_masked-XT_scaffold168675-processed-gene-0.1-mRNA-1  1.4419612 1.4190160 0.0000000 0.1779463 0.1756688 0.2143171 0.2115078 1.4433042 1.6031559 1.5499062 1.8907098 1.2242113 1.6590047 1.6223547 4.6911683 7.0475494 5.2037903 4.8271104 4.8083915 2.8508650 2.7467066 3.2002688 2.9578771 2.6959814 2.4208567 2.5076051 2.3280399 2.2749794 2.1672766 2.2108175 2.8406011 2.9125886 2.0529249 2.1352530 1.8129661 2.1038627 2.1199035 2.1570625 2.8125595 2.1174215 2.1270059 2.5238933 2.4873524 2.3702680 1.5309959 2.5619213 2.5619213 2.5619213 2.5754622 2.5754622 2.6741735 2.5490198 2.4348156 2.7717561 3.3300172 3.0604515 2.5845841 2.6304300 
Xestes_augustus_masked-XT_scaffold3294-processed-gene-0.23-mRNA-1   1.9434849 1.8367652 0.1779463 0.0000000 0.2112676 0.4382033 0.3719119 2.2441379 2.2804869 2.3695375 2.4540762 2.3300100 2.5560280 2.1565903 5.3420606 5.4856188 5.6555006 7.0585907 3.9122266 3.5653722 4.4227693 3.9196661 3.3996050 3.3030730 3.3622470 3.4468641 3.0994582 3.6673334 2.7605869 2.7957259 3.6743404 3.4100433 2.8539233 2.9324557 2.4839848 2.9048477 2.2591821 2.6585523 3.0957576 2.6788494 4.1615080 3.4832861 3.7471048 3.3909142 4.5808905 3.4422623 3.1874878 3.0511250 3.4022972 3.4022972 3.5612931 3.7313487 3.3621333 3.8415827 3.4573588 3.7567261 3.4904701 3.2930336 
Xestes_augustus_masked-XT_scaffold173456-processed-gene-0.1-mRNA-1  1.9069316 1.7122366 0.1756688 0.2112676 0.0000000 0.2791735 0.1872000 1.7202859 2.0898153 1.7971370 2.1996465 1.5035400 1.9832243 2.0826191 4.7664431 5.3811427 4.6092202 4.7136807 3.9238850 3.4664834 4.1799234 3.9366801 3.4523103 3.1990499 3.2282558 3.3526247 3.3590809 3.1860145 2.5662107 2.7252455 3.3275304 3.4169600 2.7387695 2.7873035 2.5067828 2.4487980 2.2864117 2.7089804 3.1202319 2.6381298 3.2906501 3.3699503 3.6093956 3.1875649 3.0550461 3.1068945 3.0135548 3.0388089 3.2941890 3.2941890 3.0743761 3.3797059 2.8866439 3.4527125 3.3918776 3.4130194 3.3071486 3.2692244 
Xestes_maker-XT_scaffold46227-snap-gene-0.9-mRNA-1                  2.3965385 2.1021990 0.2143171 0.4382033 0.2791735 0.0000000 0.3549798 1.7363902 2.2928992 1.9405913 2.4095351 1.5312751 1.9152788 2.4761743 5.6062809 6.8278857 5.6755871 4.6730780 4.3626257 3.7004916 3.9283688 4.5387790 4.1648331 3.8504442 4.3098265 4.1816489 3.3317685 4.1070016 2.9888405 3.3069113 3.6232636 3.8021520 3.2689049 3.0907549 2.3918173 2.9068368 2.7193252 3.2565045 3.3405625 2.8535284 3.2834531 3.4192646 3.0836457 3.3124175 3.5134941 3.1582912 3.1431388 3.0517779 3.4884449 3.4884449 3.3578819 3.6764264 3.1690657 3.8993882 3.8279938 3.6621915 3.6136791 3.7256452 
Xestes_augustus_masked-XT_scaffold113371-processed-gene-0.3-mRNA-1  1.9660067 1.7862469 0.2115078 0.3719119 0.1872000 0.3549798 0.0000000 1.7701696 2.2149441 1.8396703 2.2821200 1.5804373 1.9781492 2.2510232 5.1075460 5.3375183 4.9689436 5.1865311 4.3726398 3.6272243 4.4577244 3.8972749 3.5277613 3.1671165 3.3511244 3.3758773 3.2001652 3.4566785 2.6967994 2.7495471 3.1003798 3.1570737 2.6418130 2.5843941 2.3681177 2.5614435 2.3539691 2.5526129 3.0194107 2.7605174 3.2203447 3.3964174 3.5221165 3.1243555 3.6329893 3.0887536 3.0003140 2.8538986 3.1205571 3.1205571 3.2014989 3.3014097 2.9703839 3.4232880 3.1821262 3.6369119 3.0576028 3.1530996 
Cscu_XM_023354977.1                                                 2.5222825 1.8304480 1.4433042 2.2441379 1.7202859 1.7363902 1.7701696 0.0000000 1.7994420 1.9780809 1.4674283 2.0634172 1.7146483 1.8483562 5.0783453 6.8921120 4.8569104 4.5164801 2.3352505 2.6423623 2.7837249 1.8114104 3.0169405 2.2807440 2.3592725 2.2758683 2.2950876 2.2860290 2.2923014 2.6849323 3.2578844 3.0552593 2.6362193 2.5638969 2.3042394 2.4810555 2.4138004 2.4133687 2.6307936 2.4848487 3.6748933 2.1536699 2.1113312 1.9930745 2.9475266 1.9289165 1.8909547 1.8909547 2.1347254 2.1347254 1.9377373 2.0331079 2.0331079 1.8803096 1.2836465 2.0246003 2.2452361 3.4414790 
Morvir_scaffold121.g2.t1                                            2.3373954 2.1105256 1.6031559 2.2804869 2.0898153 2.2928992 2.2149441 1.7994420 0.0000000 1.8630876 2.2310974 2.5537772 2.2604814 2.8209425 4.5811664 4.6360372 4.4877849 5.5542126 4.4085379 3.1511554 3.3404551 3.3325889 2.9072984 3.0060754 2.7941553 2.7398134 2.9115311 3.1787183 2.5509242 3.1860746 3.3683273 3.4506480 2.9954836 2.5964475 2.4244467 3.4030172 2.1317589 2.4940566 2.6286053 2.6295706 4.3824409 3.3944908 3.3377828 3.1687036 4.4846456 3.1855433 3.1955839 2.7812588 3.1438292 3.1438292 3.0051314 2.9451540 2.9435129 2.7967046 2.0905847 3.3601979 3.5658180 2.6114047 
Xestes_augustus_masked-XT_scaffold138641-processed-gene-0.0-mRNA-1  2.0144959 1.4051506 1.5499062 2.3695375 1.7971370 1.9405913 1.8396703 1.9780809 1.8630876 0.0000000 2.0678898 1.6634992 1.4219741 1.9726929 4.7656428 5.0133897 4.7902397 5.4863249 3.3090503 3.6699361 4.9182914 3.7745163 3.4372842 3.1355172 2.9880651 3.0531477 3.3805859 3.3073570 2.8729188 3.3472568 3.4822673 3.4559347 2.9324525 2.6570604 2.6243379 2.9918389 2.1467408 2.7386036 2.7132680 3.0531795 5.2420434 3.5422007 3.6472043 3.1632259 4.2608208 3.1053063 3.1402773 2.8728979 3.5090655 3.5090655 3.2584923 3.4654647 3.5832961 3.4216017 2.9362126 3.3913989 2.9327466 3.0197356 
Stycar_snap_masked-SC_scaffold147048-processed-gene-0.347-mRNA-1    1.8052051 1.3275091 1.8907098 2.4540762 2.1996465 2.4095351 2.2821200 1.4674283 2.2310974 2.0678898 0.0000000 2.2624169 1.9705625 2.3736398 5.0031029 6.0671214 4.8440226 5.0674163 1.7817464 2.4127544 2.5964392 1.9829945 2.6750306 2.4079947 2.1231070 2.3312495 2.0629028 2.2518531 2.5204816 2.7613284 3.2457610 2.9955646 2.7105197 2.6045792 2.4593461 3.4298633 2.4212717 2.6386973 2.4269060 2.7006848 4.5397203 2.5883393 2.4540917 2.3171145 4.7433242 2.4932330 2.4261833 2.1536703 2.4587926 2.4587926 2.4392743 2.4411652 2.4411652 2.3198079 1.5187755 2.5173217 2.6345955 3.2553428 
Xestes_augustus_masked-XT_scaffold24493-processed-gene-0.3-mRNA-1   2.2221776 1.6419012 1.2242113 2.3300100 1.5035400 1.5312751 1.5804373 2.0634172 2.5537772 1.6634992 2.2624169 0.0000000 1.8348843 2.2626095 4.5256786 5.3798871 4.8244507 5.3478129 5.3949850 3.3268700 3.3622020 1.8147786 2.4808300 2.7076659 2.4040383 2.3608161 2.3101460 2.2025084 2.2590291 3.0011824 2.8839540 2.4350567 2.3682202 2.2786807 1.8159498 2.0983525 2.0221400 2.7426709 2.5959571 3.0536729 3.7214509 3.7337303 3.7049273 3.3450808 4.1473072 2.8712041 2.7829533 2.7829533 3.0176673 3.0176673 2.9699805 3.0540363 3.0540363 2.9463187 2.6262400 3.1641979 3.1864135 2.9304123 
Xestes_augustus_masked-XT_scaffold29693-processed-gene-0.1-mRNA-1   2.2298215 1.6864327 1.6590047 2.5560280 1.9832243 1.9152788 1.9781492 1.7146483 2.2604814 1.4219741 1.9705625 1.8348843 0.0000000 2.2894355 4.5964590 4.3983633 4.7601458 5.5187553 1.9220036 3.5953478 3.9436000 2.1073070 3.3370028 2.4970370 2.3922242 2.3412655 2.1927276 2.3900564 2.3993990 2.6098318 3.0679315 2.7359309 2.8698179 2.2356959 1.9529009 2.7261194 2.3991407 2.4842799 2.2793097 2.4913966 4.3669810 2.9336573 2.6906784 2.7517773 3.6734521 2.7112136 2.6492907 2.5415878 2.8015559 2.8015559 2.8280390 2.3650468 2.3650468 2.4746952 1.9198176 2.9951505 3.0613536 3.3820417 
Xestes_augustus_masked-XT_scaffold192135-processed-gene-0.41-mRNA-1 2.3737603 1.2137769 1.6223547 2.1565903 2.0826191 2.4761743 2.2510232 1.8483562 2.8209425 1.9726929 2.3736398 2.2626095 2.2894355 0.0000000 4.2036539 4.3736648 4.3862134 5.3335114 3.6574890 3.1648151 4.2768161 2.8984137 3.1547689 3.3745296 3.8508655 3.7512915 3.4704624 3.5296750 3.1251031 3.6237134 3.4781124 3.6776674 3.4315551 3.4428246 3.1989542 3.5508963 2.4531514 3.0276136 2.8910382 3.2337978 4.7527494 3.6909631 3.5013391 3.2905941 6.0300874 3.1046921 3.0761221 2.7418720 3.4106079 3.4106079 3.1262934 3.4332333 3.2463684 3.6861600 3.0953634 3.5720455 3.0907475 3.4079171 
Lcom_lcpid131248                                                    6.0181734 4.9376343 4.6911683 5.3420606 4.7664431 5.6062809 5.1075460 5.0783453 4.5811664 4.7656428 5.0031029 4.5256786 4.5964590 4.2036539 0.0000000 0.0285128 0.1026259 1.1045309 2.1808277 2.3041677 4.5073554 1.8295035 2.2943932 4.2248384 3.8190574 3.9127666 4.2642540 3.1725023 3.2496666 3.8445756 3.9855636 4.6116200 3.4217773 4.4726600 3.5725569 3.9942802 4.9155619 4.2784623 3.4611069 4.0748480 2.7353646 5.4174204 5.0212693 5.3024396 9.0000000 4.8928012 4.8068479 4.7574458 4.6985019 4.6985019 5.3190134 4.8475673 5.3097974 5.6266197 5.4363267 5.0553056 5.3086129 3.8549264 
Lcom_lcpid139772                                                    6.1870576 4.9109487 7.0475494 5.4856188 5.3811427 6.8278857 5.3375183 6.8921120 4.6360372 5.0133897 6.0671214 5.3798871 4.3983633 4.3736648 0.0285128 0.0000000 0.0279517 1.7610348 2.1808277 2.1434335 5.2655483 1.7805054 2.1679638 4.5145826 4.0730121 4.0173371 4.5975007 3.3978723 3.3141813 4.0421170 3.9389424 4.7275232 3.9766528 4.1522690 3.3481551 4.3337498 4.8605589 4.3996522 3.2683756 4.6330747 4.8547284 5.3823252 4.8604417 5.4129020 9.0000000 4.2709265 4.3492868 4.2994886 4.4066772 4.4066772 5.1372133 4.4785379 4.6783552 5.4826565 5.3154235 4.7652347 4.9763986 3.7195054 
Lcom_lcpid86857                                                     5.9239469 4.7482289 5.2037903 5.6555006 4.6092202 5.6755871 4.9689436 4.8569104 4.4877849 4.7902397 4.8440226 4.8244507 4.7601458 4.3862134 0.1026259 0.0279517 0.0000000 0.1672112 2.1808277 2.1584621 3.4922718 1.8932644 2.3171339 4.3948189 3.9426948 4.0864235 4.4408577 3.4676494 3.3823962 4.2965965 4.0749808 4.4603378 3.7788480 4.4531991 3.5752930 4.1409989 4.9834711 4.5717250 3.6685361 4.7787907 4.8388282 5.7343814 5.2874655 5.6537209 8.9999982 4.6693736 4.6301140 4.5047890 4.7208339 4.7208339 5.1974140 4.5288788 4.6565507 5.5303901 5.2805913 5.0105504 5.3734457 3.8794955 
Lcom_lcpid112410                                                    6.8319169 7.5943013 4.8271104 7.0585907 4.7136807 4.6730780 5.1865311 4.5164801 5.5542126 5.4863249 5.0674163 5.3478129 5.5187553 5.3335114 1.1045309 1.7610348 0.1672112 0.0000000 5.1357368 3.1581837 3.0662094 5.2296211 3.1970998 5.6721127 5.4023032 6.2434195 6.4575644 4.9466653 5.1189056 5.9088160 5.6843522 5.6751976 4.4330580 7.2852379 4.6998352 4.6482156 6.6492639 6.8912138 6.1758652 5.6024110 5.3198299 6.9060481 6.1907214 6.5188286 8.1601304 5.2530203 5.0117768 4.7904637 5.4279819 5.4279819 4.9033633 4.8027936 5.4551820 6.5351207 6.4344083 6.2014588 6.6657317 5.5733708 
Lcom_lcpid170239                                                    4.7274257 5.0225828 4.8083915 3.9122266 3.9238850 4.3626257 4.3726398 2.3352505 4.4085379 3.3090503 1.7817464 5.3949850 1.9220036 3.6574890 2.1808277 2.1808277 2.1808277 5.1357368 0.0000000 0.0000010 4.2223561 1.4995917 1.8275970 3.3000040 2.7523844 3.1553209 3.1245346 2.8175374 2.5603672 2.7571039 3.2867365 3.9715962 2.4014176 3.1253945 3.6403834 2.8680499 2.9717653 3.9468018 2.8209123 2.8618984 4.9404760 3.4545564 3.4064183 3.8512668 8.9999981 4.4985249 4.5093019 4.5963462 3.0980167 3.0980167 3.4046620 4.1274138 2.8363347 4.6654296 4.6654296 3.5196295 4.0171584 3.3905869 
Lcom_lcpid139342                                                    3.4300246 3.2666447 2.8508650 3.5653722 3.4664834 3.7004916 3.6272243 2.6423623 3.1511554 3.6699361 2.4127544 3.3268700 3.5953478 3.1648151 2.3041677 2.1434335 2.1584621 3.1581837 0.0000010 0.0000000 0.4261722 1.2175568 1.5881649 2.8064055 2.4581195 2.5498772 2.7583982 2.7132699 2.0849288 2.8555937 2.9192692 3.2742035 2.4198829 2.6690890 2.8927609 2.6103041 2.6027179 3.0226066 2.4299806 2.8626787 3.1293279 3.0888348 3.0216638 3.3599250 3.7784273 3.4481980 3.3315473 3.3656779 3.0875578 3.0875578 3.3045387 3.5318592 2.9307344 3.7424422 3.8578793 3.4053749 3.4090631 2.7846760 
Lcom_lcpid41086                                                     4.3657725 3.5976186 2.7467066 4.4227693 4.1799234 3.9283688 4.4577244 2.7837249 3.3404551 4.9182914 2.5964392 3.3622020 3.9436000 4.2768161 4.5073554 5.2655483 3.4922718 3.0662094 4.2223561 0.4261722 0.0000000 2.7693168 2.3076886 3.6771956 3.6466900 3.5823328 3.6179995 3.6719645 2.9114750 4.1641443 4.1403670 4.4744651 3.4900997 3.6171628 3.6730902 3.0925658 3.0787688 3.9000412 3.6107975 3.5198945 2.9155639 3.7973198 3.7239314 4.2211489 3.4097085 4.4314160 4.2412416 4.2333350 4.3912232 4.3912232 4.3737507 4.8597464 3.6263749 4.7884469 5.4681126 4.4887326 4.6830994 3.6349014 
Leuniv_Lniv_scaffold17123_01                                        4.4078435 3.1374245 3.2002688 3.9196661 3.9366801 4.5387790 3.8972749 1.8114104 3.3325889 3.7745163 1.9829945 1.8147786 2.1073070 2.8984137 1.8295035 1.7805054 1.8932644 5.2296211 1.4995917 1.2175568 2.7693168 0.0000000 0.9854957 2.4698919 2.3410028 2.2956855 1.9105605 2.2907814 1.7744799 2.2559543 1.9977089 2.2359145 2.1449645 2.3396864 2.5252600 2.3934913 2.1230792 2.4902746 2.2083425 2.2953493 3.5504443 2.7672638 2.2627823 2.6511117 8.9999990 2.7283113 2.6968364 2.6897770 2.7004072 2.7004072 2.6954072 2.8026712 1.9519348 2.6592645 2.6592645 3.3139269 3.1293662 2.5196620 
Gracom_Gcom_C549758_01                                              3.5604115 2.7957028 2.9578771 3.3996050 3.4523103 4.1648331 3.5277613 3.0169405 2.9072984 3.4372842 2.6750306 2.4808300 3.3370028 3.1547689 2.2943932 2.1679638 2.3171339 3.1970998 1.8275970 1.5881649 2.3076886 0.9854957 0.0000000 3.0447137 3.2453669 2.9206029 2.8537632 2.8218844 2.6644355 2.9239744 2.9575998 2.9912235 2.7973780 2.7228898 2.8536964 2.8990534 2.8577479 3.2529545 2.4032903 3.2130767 4.0537023 3.5561781 2.9625648 3.3045630 5.9720983 3.3516456 3.2811092 3.2622743 3.1343442 3.1343442 3.3849223 3.4494901 3.3235672 3.3124977 3.2295690 3.2844334 3.3615987 3.3209364 
Adig_XM_015921745.1                                                 3.7460219 3.1874972 2.6959814 3.3030730 3.1990499 3.8504442 3.1671165 2.2807440 3.0060754 3.1355172 2.4079947 2.7076659 2.4970370 3.3745296 4.2248384 4.5145826 4.3948189 5.6721127 3.3000040 2.8064055 3.6771956 2.4698919 3.0447137 0.0000000 0.7086098 0.7181893 0.8315205 0.7657422 1.2221650 1.2994703 1.3130953 1.4003509 1.8864154 1.7207887 1.7036705 1.5535146 1.6689568 1.3769408 1.9489180 1.5997141 2.2393622 2.2957115 2.2212865 2.3111431 3.6768115 2.0060423 2.0471479 2.0386249 2.0672890 2.0672890 2.0390573 1.9451576 1.6965402 2.0262036 1.8640056 1.9785782 2.5582997 2.2098875 
Fspp_ffun1.m4.10112.m1                                              3.4107548 3.0938944 2.4208567 3.3622470 3.2282558 4.3098265 3.3511244 2.3592725 2.7941553 2.9880651 2.1231070 2.4040383 2.3922242 3.8508655 3.8190574 4.0730121 3.9426948 5.4023032 2.7523844 2.4581195 3.6466900 2.3410028 3.2453669 0.7086098 0.0000000 0.3438952 0.5508767 0.7276670 1.2021194 1.2087864 1.3307629 1.4775626 1.8868304 1.7120304 1.6969317 2.2095560 1.6325553 1.6369900 1.7804775 1.8173840 2.2797172 2.8947643 2.5566624 2.6033821 4.8008773 2.4881556 2.4892649 2.2483163 2.4308178 2.4308178 2.6214640 2.3523056 2.2206128 2.3057238 1.8373967 2.8036188 2.9365932 2.3940101 
Gasp_gasp1.m3.16725.m1                                              2.9520128 3.1474154 2.5076051 3.4468641 3.3526247 4.1816489 3.3758773 2.2758683 2.7398134 3.0531477 2.3312495 2.3608161 2.3412655 3.7512915 3.9127666 4.0173371 4.0864235 6.2434195 3.1553209 2.5498772 3.5823328 2.2956855 2.9206029 0.7181893 0.3438952 0.0000000 0.4492910 0.7556206 1.1046764 1.3031120 1.2411362 1.4904180 1.7734877 1.8625507 1.7804554 2.2954056 1.6064300 1.6717117 1.8636347 1.8237736 2.5703592 2.5770896 2.5095545 2.4741616 4.0698650 2.2027894 2.1966451 2.0095594 2.3410416 2.3410416 2.3118843 2.2227126 2.0449338 2.3077926 1.9917263 2.6215971 2.7697816 2.1108456 
Pocdam_XM_027184053.1                                               3.2223700 3.1237672 2.3280399 3.0994582 3.3590809 3.3317685 3.2001652 2.2950876 2.9115311 3.3805859 2.0629028 2.3101460 2.1927276 3.4704624 4.2642540 4.5975007 4.4408577 6.4575644 3.1245346 2.7583982 3.6179995 1.9105605 2.8537632 0.8315205 0.5508767 0.4492910 0.0000000 0.6690160 1.2773289 1.3810451 1.4595881 1.6288540 1.7541228 1.3425505 1.8284231 2.0417046 1.4845315 1.3870918 1.8993226 1.7586949 2.6534458 2.4944950 2.4026667 2.3229857 2.9588873 2.2707494 2.2697625 2.2648505 2.2133377 2.2133377 2.2671475 2.3020353 1.7528246 2.1086557 2.1123909 2.6369120 2.5674804 2.2938906 
Gfas_gfas1.m1.8848.m1                                               4.0728374 3.1022120 2.2749794 3.6673334 3.1860145 4.1070016 3.4566785 2.2860290 3.1787183 3.3073570 2.2518531 2.2025084 2.3900564 3.5296750 3.1725023 3.3978723 3.4676494 4.9466653 2.8175374 2.7132699 3.6719645 2.2907814 2.8218844 0.7657422 0.7276670 0.7556206 0.6690160 0.0000000 1.3185822 1.4547866 1.5890537 1.7117400 1.7872649 1.7553398 1.6603947 2.1422116 1.9270769 1.8451460 1.8820780 1.7490901 2.2747623 2.9259044 2.6279912 2.7535064 6.1389261 2.7075185 2.7029188 2.3624876 2.5605411 2.5605411 2.5238054 2.5475503 2.2055054 2.1940111 1.9065834 2.6832610 2.7663983 2.5436758 
Nvec_v1g95660                                                       3.5459648 2.7707384 2.1672766 2.7605869 2.5662107 2.9888405 2.6967994 2.2923014 2.5509242 2.8729188 2.5204816 2.2590291 2.3993990 3.1251031 3.2496666 3.3141813 3.3823962 5.1189056 2.5603672 2.0849288 2.9114750 1.7744799 2.6644355 1.2221650 1.2021194 1.1046764 1.2773289 1.3185822 0.0000000 1.5621366 1.3488962 1.4268980 1.7128147 1.4488238 1.6119956 1.9298834 1.5775773 1.3940579 1.4728022 1.5374390 2.5052020 2.0432820 2.0950379 2.0278962 3.1929977 1.8469249 1.8317239 1.5765641 2.0047880 2.0047880 1.7786532 1.6042811 1.5179767 1.8338913 1.6553932 1.9096473 2.1448018 1.8649153 
Sanmal_Sma_021572-T1                                                3.4261485 2.9364462 2.2108175 2.7957259 2.7252455 3.3069113 2.7495471 2.6849323 3.1860746 3.3472568 2.7613284 3.0011824 2.6098318 3.6237134 3.8445756 4.0421170 4.2965965 5.9088160 2.7571039 2.8555937 4.1641443 2.2559543 2.9239744 1.2994703 1.2087864 1.3031120 1.3810451 1.4547866 1.5621366 0.0000000 1.2047027 1.1159131 2.0486167 1.6263836 1.6378696 1.7330149 1.7893440 1.6960124 1.9122436 1.6342699 2.3331345 2.6024754 2.5586466 2.3577105 5.9757525 2.6401879 2.6536483 2.2412278 2.3225705 2.3225705 2.4758892 2.4818954 2.3100936 2.2999025 1.9620652 2.7843112 2.4989559 1.9331555 
Nemnom_g10392.t1                                                    3.4461866 2.5326086 2.8406011 3.6743404 3.3275304 3.6232636 3.1003798 3.2578844 3.3683273 3.4822673 3.2457610 2.8839540 3.0679315 3.4781124 3.9855636 3.9389424 4.0749808 5.6843522 3.2867365 2.9192692 4.1403670 1.9977089 2.9575998 1.3130953 1.3307629 1.2411362 1.4595881 1.5890537 1.3488962 1.2047027 0.0000000 0.4777802 1.7265917 1.6991626 1.7228571 1.9474564 1.5785143 1.6326869 1.7581625 1.7011489 2.6308920 2.3215395 2.3970672 1.9987137 4.0033018 2.1390303 2.0834079 1.7912021 2.0091555 2.0091555 1.9819665 1.8140459 1.9791473 1.9555626 1.5478869 2.4687529 2.3179940 1.8902286 
Rhoesc_Res_015308-T1                                                3.6451373 2.8207479 2.9125886 3.4100433 3.4169600 3.8021520 3.1570737 3.0552593 3.4506480 3.4559347 2.9955646 2.4350567 2.7359309 3.6776674 4.6116200 4.7275232 4.4603378 5.6751976 3.9715962 3.2742035 4.4744651 2.2359145 2.9912235 1.4003509 1.4775626 1.4904180 1.6288540 1.7117400 1.4268980 1.1159131 0.4777802 0.0000000 1.8470053 1.7444334 1.7622137 1.8895375 1.6543479 1.6862682 1.8589942 1.7033913 2.7883473 2.4108335 2.4295073 2.0487493 3.5320481 2.0792580 2.0574377 1.8636652 2.0553265 2.0553265 2.1778155 1.9011262 1.9959553 1.9912086 1.5119497 2.3086915 2.6420062 2.0033077 
Plajan_Pjan_C544698_01                                              3.7568811 2.7004852 2.0529249 2.8539233 2.7387695 3.2689049 2.6418130 2.6362193 2.9954836 2.9324525 2.7105197 2.3682202 2.8698179 3.4315551 3.4217773 3.9766528 3.7788480 4.4330580 2.4014176 2.4198829 3.4900997 2.1449645 2.7973780 1.8864154 1.8868304 1.7734877 1.7541228 1.7872649 1.7128147 2.0486167 1.7265917 1.8470053 0.0000000 1.0162554 1.8088087 2.0797375 1.5650068 1.9647941 2.0714671 1.8833307 2.5963572 2.1805152 2.0717648 2.0142131 3.2978350 1.9321107 1.9333764 1.7651800 2.0145069 2.0145069 2.2214074 1.9249567 1.8256550 1.9194852 1.6783235 1.8604665 2.4738362 1.9069200 
Opea_EP00118_Oscarella_pearsei_P005798                              3.2296595 2.6165442 2.1352530 2.9324557 2.7873035 3.0907549 2.5843941 2.5638969 2.5964475 2.6570604 2.6045792 2.2786807 2.2356959 3.4428246 4.4726600 4.1522690 4.4531991 7.2852379 3.1253945 2.6690890 3.6171628 2.3396864 2.7228898 1.7207887 1.7120304 1.8625507 1.3425505 1.7553398 1.4488238 1.6263836 1.6991626 1.7444334 1.0162554 0.0000000 1.6833124 2.1033393 1.9640365 1.6044315 1.9352324 1.9136306 3.0274036 2.5345418 2.3389837 2.1721104 3.4617422 2.3982682 2.3304026 2.1861435 2.1695137 2.1695137 2.5205949 2.0897543 1.8777111 1.9902976 1.9279402 2.1255707 2.7889803 2.2674263 
Hvul_g28862_1                                                       3.2037818 2.5239514 1.8129661 2.4839848 2.5067828 2.3918173 2.3681177 2.3042394 2.4244467 2.6243379 2.4593461 1.8159498 1.9529009 3.1989542 3.5725569 3.3481551 3.5752930 4.6998352 3.6403834 2.8927609 3.6730902 2.5252600 2.8536964 1.7036705 1.6969317 1.7804554 1.8284231 1.6603947 1.6119956 1.6378696 1.7228571 1.7622137 1.8088087 1.6833124 0.0000000 1.2535139 1.5698183 1.9514942 2.1094239 1.9201124 3.2765448 2.0335329 2.3536608 2.0122448 2.8224701 1.8681926 1.8836881 1.8061874 1.9986266 1.9986266 2.0900425 2.1075218 2.1131622 1.9564050 1.8349679 1.9470138 1.9909423 2.1250746 
Chem_TCONS_00054281                                                 3.0545796 2.9789356 2.1038627 2.9048477 2.4487980 2.9068368 2.5614435 2.4810555 3.4030172 2.9918389 3.4298633 2.0983525 2.7261194 3.5508963 3.9942802 4.3337498 4.1409989 4.6482156 2.8680499 2.6103041 3.0925658 2.3934913 2.8990534 1.5535146 2.2095560 2.2954056 2.0417046 2.1422116 1.9298834 1.7330149 1.9474564 1.8895375 2.0797375 2.1033393 1.2535139 0.0000000 1.7952332 2.1435639 2.3762265 1.9104915 2.9215777 2.4683677 2.6045050 2.3922812 4.3846983 2.2483633 2.2663130 1.8858452 2.1746990 2.1746990 2.1546711 2.2823154 2.2530003 2.2465971 1.9776215 2.1546629 2.2618928 2.3031940 
Bralan_BLAG04002066_1                                               2.9388248 2.4391437 2.1199035 2.2591821 2.2864117 2.7193252 2.3539691 2.4138004 2.1317589 2.1467408 2.4212717 2.0221400 2.3991407 2.4531514 4.9155619 4.8605589 4.9834711 6.6492639 2.9717653 2.6027179 3.0787688 2.1230792 2.8577479 1.6689568 1.6325553 1.6064300 1.4845315 1.9270769 1.5775773 1.7893440 1.5785143 1.6543479 1.5650068 1.9640365 1.5698183 1.7952332 0.0000000 1.3455554 1.2885492 1.8274149 2.6478684 2.2958122 1.9894160 2.0337124 3.1644053 1.9519394 1.9059566 1.8944480 1.9970046 1.9970046 2.1719935 2.1767630 1.8315051 2.1169766 1.8828036 2.1694054 2.4756387 2.2758447 
Skow_XM_002732688.2                                                 3.0563422 2.8485675 2.1570625 2.6585523 2.7089804 3.2565045 2.5526129 2.4133687 2.4940566 2.7386036 2.6386973 2.7426709 2.4842799 3.0276136 4.2784623 4.3996522 4.5717250 6.8912138 3.9468018 3.0226066 3.9000412 2.4902746 3.2529545 1.3769408 1.6369900 1.6717117 1.3870918 1.8451460 1.3940579 1.6960124 1.6326869 1.6862682 1.9647941 1.6044315 1.9514942 2.1435639 1.3455554 0.0000000 1.5698330 1.6049522 2.7015271 2.8679515 2.5546705 2.5615076 3.8089917 2.1577743 2.1698515 2.0511210 2.5139228 2.5139228 2.6545793 2.3868477 2.0778247 2.2376280 1.9154417 2.4199240 2.9736851 2.1128315 
Hsap_ENST00000419060                                                3.6476199 2.4247526 2.8125595 3.0957576 3.1202319 3.3405625 3.0194107 2.6307936 2.6286053 2.7132680 2.4269060 2.5959571 2.2793097 2.8910382 3.4611069 3.2683756 3.6685361 6.1758652 2.8209123 2.4299806 3.6107975 2.2083425 2.4032903 1.9489180 1.7804775 1.8636347 1.8993226 1.8820780 1.4728022 1.9122436 1.7581625 1.8589942 2.0714671 1.9352324 2.1094239 2.3762265 1.2885492 1.5698330 0.0000000 1.6656336 3.2233349 2.4488807 2.1450561 2.1540436 3.5808416 2.0997088 2.1426598 2.1274043 2.2861761 2.2861761 2.3598726 2.1775059 2.0863131 2.5296983 2.2634561 2.3330813 2.5448204 2.1856427 
Acagra_model.g24896.t1.1.5d3b8b37                                   3.7432375 3.0280603 2.1174215 2.6788494 2.6381298 2.8535284 2.7605174 2.4848487 2.6295706 3.0531795 2.7006848 3.0536729 2.4913966 3.2337978 4.0748480 4.6330747 4.7787907 5.6024110 2.8618984 2.8626787 3.5198945 2.2953493 3.2130767 1.5997141 1.8173840 1.8237736 1.7586949 1.7490901 1.5374390 1.6342699 1.7011489 1.7033913 1.8833307 1.9136306 1.9201124 1.9104915 1.8274149 1.6049522 1.6656336 0.0000000 2.5098827 2.6399477 2.2879763 2.5151929 3.4256250 2.2662949 2.2605885 2.1788901 2.2992528 2.2992528 2.3742228 2.5168996 2.1242140 2.2652919 2.1297051 2.2688429 2.8292909 1.7459187 
Morvir_scaffold460.g8.t1                                            2.9763810 3.4270376 2.1270059 4.1615080 3.2906501 3.2834531 3.2203447 3.6748933 4.3824409 5.2420434 4.5397203 3.7214509 4.3669810 4.7527494 2.7353646 4.8547284 4.8388282 5.3198299 4.9404760 3.1293279 2.9155639 3.5504443 4.0537023 2.2393622 2.2797172 2.5703592 2.6534458 2.2747623 2.5052020 2.3331345 2.6308920 2.7883473 2.5963572 3.0274036 3.2765448 2.9215777 2.6478684 2.7015271 3.2233349 2.5098827 0.0000000 3.0603106 3.0171930 2.8773700 2.2328534 2.5094289 2.5094289 2.3917314 3.1929794 3.1929794 3.3506145 2.9530520 2.7728082 2.8006598 2.6763081 3.1878550 3.0882850 3.8709451 
Coemet_Cmet_scaffold15891_01                                        3.6372192 3.2167251 2.5238933 3.4832861 3.3699503 3.4192646 3.3964174 2.1536699 3.3944908 3.5422007 2.5883393 3.7337303 2.9336573 3.6909631 5.4174204 5.3823252 5.7343814 6.9060481 3.4545564 3.0888348 3.7973198 2.7672638 3.5561781 2.2957115 2.8947643 2.5770896 2.4944950 2.9259044 2.0432820 2.6024754 2.3215395 2.4108335 2.1805152 2.5345418 2.0335329 2.4683677 2.2958122 2.8679515 2.4488807 2.6399477 3.0603106 0.0000000 0.0497902 0.4617955 2.1836546 0.8891586 0.8920448 0.7839893 0.7912310 0.7912310 0.7666269 0.8452517 0.8579130 0.9342521 0.8594093 0.8269060 1.1609556 2.5526431 
Coeast_Cast_sb775217                                                3.1021432 2.7409386 2.4873524 3.7471048 3.6093956 3.0836457 3.5221165 2.1113312 3.3377828 3.6472043 2.4540917 3.7049273 2.6906784 3.5013391 5.0212693 4.8604417 5.2874655 6.1907214 3.4064183 3.0216638 3.7239314 2.2627823 2.9625648 2.2212865 2.5566624 2.5095545 2.4026667 2.6279912 2.0950379 2.5586466 2.3970672 2.4295073 2.0717648 2.3389837 2.3536608 2.6045050 1.9894160 2.5546705 2.1450561 2.2879763 3.0171930 0.0497902 0.0000000 0.3756408 1.5522588 0.9431551 0.9470301 0.8061783 0.7820364 0.7820364 0.8082517 0.8312351 0.8582313 0.8949804 0.8159016 0.9132854 1.1539913 2.3462035 
Vmul_sbMO438248                                                     3.1646048 2.8269017 2.3702680 3.3909142 3.1875649 3.3124175 3.1243555 1.9930745 3.1687036 3.1632259 2.3171145 3.3450808 2.7517773 3.2905941 5.3024396 5.4129020 5.6537209 6.5188286 3.8512668 3.3599250 4.2211489 2.6511117 3.3045630 2.3111431 2.6033821 2.4741616 2.3229857 2.7535064 2.0278962 2.3577105 1.9987137 2.0487493 2.0142131 2.1721104 2.0122448 2.3922812 2.0337124 2.5615076 2.1540436 2.5151929 2.8773700 0.4617955 0.3756408 0.0000000 1.7412638 0.8372498 0.8454626 0.7023330 0.7117704 0.7117704 0.6747095 0.7868373 0.7490629 0.9372891 0.8309800 0.7336454 1.2764486 2.6631222 
Pbac_sb2647915                                                      5.4601459 2.3955569 1.5309959 4.5808905 3.0550461 3.5134941 3.6329893 2.9475266 4.4846456 4.2608208 4.7433242 4.1473072 3.6734521 6.0300874 9.0000000 9.0000000 8.9999982 8.1601304 8.9999981 3.7784273 3.4097085 8.9999990 5.9720983 3.6768115 4.8008773 4.0698650 2.9588873 6.1389261 3.1929977 5.9757525 4.0033018 3.5320481 3.2978350 3.4617422 2.8224701 4.3846983 3.1644053 3.8089917 3.5808416 3.4256250 2.2328534 2.1836546 1.5522588 1.7412638 0.0000000 0.3439524 0.3573258 0.4602788 1.4883105 1.4883105 1.8716375 1.3288451 1.2130459 2.7057994 8.3121099 2.0907800 2.2287931 3.0714207 
Pbac_sb2663612                                                      3.6145339 2.6993132 2.5619213 3.4422623 3.1068945 3.1582912 3.0887536 1.9289165 3.1855433 3.1053063 2.4932330 2.8712041 2.7112136 3.1046921 4.8928012 4.2709265 4.6693736 5.2530203 4.4985249 3.4481980 4.4314160 2.7283113 3.3516456 2.0060423 2.4881556 2.2027894 2.2707494 2.7075185 1.8469249 2.6401879 2.1390303 2.0792580 1.9321107 2.3982682 1.8681926 2.2483633 1.9519394 2.1577743 2.0997088 2.2662949 2.5094289 0.8891586 0.9431551 0.8372498 0.3439524 0.0000000 0.0185990 0.0149335 0.5742245 0.5742245 0.5940918 0.6127964 0.6992089 1.0290472 0.7630048 0.8878955 1.0020459 2.4957808 
Horcal_Hcv1.av93.c1.g1534.i1                                        3.5633169 2.7000084 2.5619213 3.1874878 3.0135548 3.1431388 3.0003140 1.8909547 3.1955839 3.1402773 2.4261833 2.7829533 2.6492907 3.0761221 4.8068479 4.3492868 4.6301140 5.0117768 4.5093019 3.3315473 4.2412416 2.6968364 3.2811092 2.0471479 2.4892649 2.1966451 2.2697625 2.7029188 1.8317239 2.6536483 2.0834079 2.0574377 1.9333764 2.3304026 1.8836881 2.2663130 1.9059566 2.1698515 2.1426598 2.2605885 2.5094289 0.8920448 0.9470301 0.8454626 0.3573258 0.0185990 0.0000000 0.0049568 0.5730744 0.5730744 0.5929169 0.6233117 0.6966748 1.0266997 0.7612581 0.8708123 0.9895311 2.4265305 
Horcal_Hcv1.av93.c1.g1534.i2                                        3.5927424 2.6967284 2.5619213 3.0511250 3.0388089 3.0517779 2.8538986 1.8909547 2.7812588 2.8728979 2.1536703 2.7829533 2.5415878 2.7418720 4.7574458 4.2994886 4.5047890 4.7904637 4.5963462 3.3656779 4.2333350 2.6897770 3.2622743 2.0386249 2.2483163 2.0095594 2.2648505 2.3624876 1.5765641 2.2412278 1.7912021 1.8636652 1.7651800 2.1861435 1.8061874 1.8858452 1.8944480 2.0511210 2.1274043 2.1788901 2.3917314 0.7839893 0.8061783 0.7023330 0.4602788 0.0149335 0.0049568 0.0000000 0.4755308 0.4755308 0.4979647 0.5095982 0.5303595 0.8621745 0.7602202 0.7250823 0.9452212 2.4390452 
Bolinf_Binf_sb1295174                                               3.5871992 3.1712250 2.5754622 3.4022972 3.2941890 3.4884449 3.1205571 2.1347254 3.1438292 3.5090655 2.4587926 3.0176673 2.8015559 3.4106079 4.6985019 4.4066772 4.7208339 5.4279819 3.0980167 3.0875578 4.3912232 2.7004072 3.1343442 2.0672890 2.4308178 2.3410416 2.2133377 2.5605411 2.0047880 2.3225705 2.0091555 2.0553265 2.0145069 2.1695137 1.9986266 2.1746990 1.9970046 2.5139228 2.2861761 2.2992528 3.1929794 0.7912310 0.7820364 0.7117704 1.4883105 0.5742245 0.5730744 0.4755308 0.0000000 0.0000010 0.2903361 0.4383299 0.4694497 0.9400471 0.7421874 0.7117310 0.8882046 2.4412041 
Mertsp_Mesp_sb562193                                                3.5871992 3.1712250 2.5754622 3.4022972 3.2941890 3.4884449 3.1205571 2.1347254 3.1438292 3.5090655 2.4587926 3.0176673 2.8015559 3.4106079 4.6985019 4.4066772 4.7208339 5.4279819 3.0980167 3.0875578 4.3912232 2.7004072 3.1343442 2.0672890 2.4308178 2.3410416 2.2133377 2.5605411 2.0047880 2.3225705 2.0091555 2.0553265 2.0145069 2.1695137 1.9986266 2.1746990 1.9970046 2.5139228 2.2861761 2.2992528 3.1929794 0.7912310 0.7820364 0.7117704 1.4883105 0.5742245 0.5730744 0.4755308 0.0000010 0.0000000 0.2903361 0.4383299 0.4694497 0.9400471 0.7421874 0.7117310 0.8882046 2.4412041 
Mlei_ML0120.g18.i1                                                  3.7563078 2.9621075 2.6741735 3.5612931 3.0743761 3.3578819 3.2014989 1.9377373 3.0051314 3.2584923 2.4392743 2.9699805 2.8280390 3.1262934 5.3190134 5.1372133 5.1974140 4.9033633 3.4046620 3.3045387 4.3737507 2.6954072 3.3849223 2.0390573 2.6214640 2.3118843 2.2671475 2.5238054 1.7786532 2.4758892 1.9819665 2.1778155 2.2214074 2.5205949 2.0900425 2.1546711 2.1719935 2.6545793 2.3598726 2.3742228 3.3506145 0.7666269 0.8082517 0.6747095 1.8716375 0.5940918 0.5929169 0.4979647 0.2903361 0.2903361 0.0000000 0.3899311 0.4230907 0.9245559 0.6953914 0.7250829 0.8213287 2.6996003 
Drygla_Dgla_sb279429                                                3.7202232 2.9575645 2.5490198 3.7313487 3.3797059 3.6764264 3.3014097 2.0331079 2.9451540 3.4654647 2.4411652 3.0540363 2.3650468 3.4332333 4.8475673 4.4785379 4.5288788 4.8027936 4.1274138 3.5318592 4.8597464 2.8026712 3.4494901 1.9451576 2.3523056 2.2227126 2.3020353 2.5475503 1.6042811 2.4818954 1.8140459 1.9011262 1.9249567 2.0897543 2.1075218 2.2823154 2.1767630 2.3868477 2.1775059 2.5168996 2.9530520 0.8452517 0.8312351 0.7868373 1.3288451 0.6127964 0.6233117 0.5095982 0.4383299 0.4383299 0.3899311 0.0000000 0.0210863 0.8798272 0.6724138 0.7353682 1.0001330 2.4702679 
Drygla_Dgla_sb279431                                                3.2835177 2.7342776 2.4348156 3.3621333 2.8866439 3.1690657 2.9703839 2.0331079 2.9435129 3.5832961 2.4411652 3.0540363 2.3650468 3.2463684 5.3097974 4.6783552 4.6565507 5.4551820 2.8363347 2.9307344 3.6263749 1.9519348 3.3235672 1.6965402 2.2206128 2.0449338 1.7528246 2.2055054 1.5179767 2.3100936 1.9791473 1.9959553 1.8256550 1.8777111 2.1131622 2.2530003 1.8315051 2.0778247 2.0863131 2.1242140 2.7728082 0.8579130 0.8582313 0.7490629 1.2130459 0.6992089 0.6966748 0.5303595 0.4694497 0.4694497 0.4230907 0.0210863 0.0000000 0.8202790 0.4819195 0.7424724 0.9758017 2.2603283 
Eupdun_Edun_sb10625242                                              3.6294762 3.0548661 2.7717561 3.8415827 3.4527125 3.8993882 3.4232880 1.8803096 2.7967046 3.4216017 2.3198079 2.9463187 2.4746952 3.6861600 5.6266197 5.4826565 5.5303901 6.5351207 4.6654296 3.7424422 4.7884469 2.6592645 3.3124977 2.0262036 2.3057238 2.3077926 2.1086557 2.1940111 1.8338913 2.2999025 1.9555626 1.9912086 1.9194852 1.9902976 1.9564050 2.2465971 2.1169766 2.2376280 2.5296983 2.2652919 2.8006598 0.9342521 0.8949804 0.9372891 2.7057994 1.0290472 1.0266997 0.8621745 0.9400471 0.9400471 0.9245559 0.8798272 0.8202790 0.0000000 0.0211600 0.8723773 1.3808001 2.2708511 
Eupdun_Edun_sb10625243                                              3.6985039 3.1853671 3.3300172 3.4573588 3.3918776 3.8279938 3.1821262 1.2836465 2.0905847 2.9362126 1.5187755 2.6262400 1.9198176 3.0953634 5.4363267 5.3154235 5.2805913 6.4344083 4.6654296 3.8578793 5.4681126 2.6592645 3.2295690 1.8640056 1.8373967 1.9917263 2.1123909 1.9065834 1.6553932 1.9620652 1.5478869 1.5119497 1.6783235 1.9279402 1.8349679 1.9776215 1.8828036 1.9154417 2.2634561 2.1297051 2.6763081 0.8594093 0.8159016 0.8309800 8.3121099 0.7630048 0.7612581 0.7602202 0.7421874 0.7421874 0.6953914 0.6724138 0.4819195 0.0211600 0.0000000 0.7356659 1.1502043 2.3883071 
Lampan_Lpan_C407899_01                                              3.3891149 2.9582044 3.0604515 3.7567261 3.4130194 3.6621915 3.6369119 2.0246003 3.3601979 3.3913989 2.5173217 3.1641979 2.9951505 3.5720455 5.0553056 4.7652347 5.0105504 6.2014588 3.5196295 3.4053749 4.4887326 3.3139269 3.2844334 1.9785782 2.8036188 2.6215971 2.6369120 2.6832610 1.9096473 2.7843112 2.4687529 2.3086915 1.8604665 2.1255707 1.9470138 2.1546629 2.1694054 2.4199240 2.3330813 2.2688429 3.1878550 0.8269060 0.9132854 0.7336454 2.0907800 0.8878955 0.8708123 0.7250823 0.7117310 0.7117310 0.7250829 0.7353682 0.7424724 0.8723773 0.7356659 0.0000000 1.1690188 2.3656582 
Beraby_Baby_sb322644                                                4.1948317 3.1109924 2.5845841 3.4904701 3.3071486 3.6136791 3.0576028 2.2452361 3.5658180 2.9327466 2.6345955 3.1864135 3.0613536 3.0907475 5.3086129 4.9763986 5.3734457 6.6657317 4.0171584 3.4090631 4.6830994 3.1293662 3.3615987 2.5582997 2.9365932 2.7697816 2.5674804 2.7663983 2.1448018 2.4989559 2.3179940 2.6420062 2.4738362 2.7889803 1.9909423 2.2618928 2.4756387 2.9736851 2.5448204 2.8292909 3.0882850 1.1609556 1.1539913 1.2764486 2.2287931 1.0020459 0.9895311 0.9452212 0.8882046 0.8882046 0.8213287 1.0001330 0.9758017 1.3808001 1.1502043 1.1690188 0.0000000 2.6121897 
Ctel_gnl_WGS_AMQN_CAPTEDRAFT_mRNA183518                             3.3203255 3.1814702 2.6304300 3.2930336 3.2692244 3.7256452 3.1530996 3.4414790 2.6114047 3.0197356 3.2553428 2.9304123 3.3820417 3.4079171 3.8549264 3.7195054 3.8794955 5.5733708 3.3905869 2.7846760 3.6349014 2.5196620 3.3209364 2.2098875 2.3940101 2.1108456 2.2938906 2.5436758 1.8649153 1.9331555 1.8902286 2.0033077 1.9069200 2.2674263 2.1250746 2.3031940 2.2758447 2.1128315 2.1856427 1.7459187 3.8709451 2.5526431 2.3462035 2.6631222 3.0714207 2.4957808 2.4265305 2.4390452 2.4412041 2.4412041 2.6996003 2.4702679 2.2603283 2.2708511 2.3883071 2.3656582 2.6121897 0.0000000 
