118
Lcom_lcpid209707                                       0.0000000 0.5106848 1.2145254 1.2502614 1.2508648 1.2424972 1.2556513 1.4569894 1.2365216 1.2440579 1.1687847 1.0730734 1.1425866 1.0931227 1.1491986 1.0829554 1.1236717 1.3658832 1.2219792 1.1069543 1.3046682 1.1385353 1.2588524 1.1754207 1.2200909 1.2088909 1.6464161 0.9898303 1.4564403 1.1862393 1.3318598 1.2942179 1.6318763 1.4985981 1.4701989 4.3855055 1.4174967 1.2639910 1.2446519 1.2255551 1.2398397 1.5926404 1.6809552 1.5195084 1.7211182 1.6158848 1.3780853 1.3780853 2.0149800 1.3780853 1.5328203 1.5212476 2.0138697 1.5965774 1.3082410 1.3441394 1.4382616 4.3975132 1.2243640 1.4061228 1.5760200 1.6401110 1.5093856 1.5093856 1.5899229 1.5899229 1.4417416 1.5180020 1.4639934 1.0975073 1.4200445 1.9707268 1.9784980 1.9857273 2.1204136 1.8263802 2.2298710 1.9729628 1.8481275 2.1780629 1.5686133 1.8507789 1.7912153 1.5553434 2.4763605 1.5913139 1.4997502 1.2021819 1.4700916 1.9538358 1.9956970 2.2973028 1.8983455 2.0924147 2.0682936 2.3823861 1.8964645 1.6012639 1.6204999 2.0762365 1.8287785 1.4195633 1.8623451 1.8520033 2.0422008 1.8319155 2.2688858 2.3858602 2.2882314 1.8624582 2.0539236 2.0655074 1.2655717 1.5983215 1.3057845 0.0000010 2.0068920 1.5329433 
Acagra_model.g5137.t1                                  0.5106848 0.0000000 1.3695787 1.2955360 1.5407312 1.3734945 1.4377717 1.4062789 1.2483168 1.2016065 1.1524076 1.1917535 1.2908935 1.2254751 1.1863071 1.2372146 1.2212429 1.2968621 1.4026766 1.3720230 1.4500611 1.6193710 1.3695113 1.3162105 1.3463103 1.3457086 1.9724220 1.2867484 1.9277899 1.4319865 1.5516490 1.5404982 1.6466483 1.6003071 1.3746899 1.7649744 1.4742258 1.6021668 1.5478977 1.6196261 1.8437279 1.8131860 1.8181263 1.7205295 1.7309752 1.8718309 1.5462853 1.5462853 1.6589660 1.5332941 1.6094719 1.7103230 2.0359703 1.7368192 1.9937833 1.7254995 1.7627196 2.4309929 1.5529824 1.6460131 1.5639710 1.5716016 1.5600780 1.5128023 1.6366612 1.6302922 1.4515872 1.6974161 1.3391403 0.9899860 1.5288739 2.0823075 2.1983255 2.1193130 2.1709732 2.1298856 3.0034655 2.1875666 2.0327157 3.2055298 1.7991246 1.9910635 2.2463538 1.7264081 2.6081234 1.9342623 1.7826306 1.4705588 1.6004478 2.1860703 2.2819076 2.7446945 2.0036298 1.6583483 2.3632071 2.2135925 2.1156859 1.7942634 1.6759634 2.2942619 2.1023694 1.7703119 2.1356436 1.7985191 1.6874280 1.5007716 2.3842666 2.3350768 2.3927183 1.6564762 2.0760298 2.2072493 1.5501102 2.0975571 2.1793344 0.9332459 1.9809136 2.6959487 
Fspp_ffun1.m4.22538.m1                                 1.2145254 1.3695787 0.0000000 0.0787460 0.1862076 0.4622834 0.5943265 0.5557718 0.4596530 0.4743473 0.4878654 0.4875558 0.4613451 0.4873617 0.4564463 0.4132327 0.5773939 0.6205828 0.3521045 0.3624638 0.4118531 0.5244681 0.5001148 0.4435075 0.5303357 0.5993020 1.1541031 0.6588615 1.2398924 1.0579131 0.8550837 1.1402857 1.2571544 1.2174579 1.0564626 1.7844335 1.1535563 1.0712649 1.0305324 1.2450353 1.3618220 1.3581395 1.1768620 1.1602428 1.1674354 1.1275357 1.0083238 1.0083238 1.2169849 0.9192956 1.2511713 0.9642151 1.5356621 1.2957871 1.4113848 1.2752485 1.4026467 1.9908023 0.9880523 1.1002939 1.3763163 1.3546662 1.3203730 1.3414479 1.4048428 1.3857132 1.1212585 1.4028068 1.1678810 1.1248751 1.2280394 1.3746581 1.5063324 1.4256700 1.5303342 1.5216802 1.9233373 1.4172619 1.5551817 2.2019983 1.3938306 1.4727848 1.6224939 1.3563846 1.9816928 1.5074162 1.4275297 1.0809696 1.3538417 2.0933459 2.1468902 1.8587492 2.0258812 1.8403351 2.0295997 1.9568326 1.7612484 1.4878625 1.6999380 2.0150319 1.7816045 1.3522687 1.7550785 1.7638827 1.4124152 1.6700548 2.2278798 2.3736076 1.9490855 1.6532157 1.8364156 2.2824525 0.7375764 2.0032170 2.0324944 2.5221806 2.1182429 2.1779798 
Fspp_ffun1.m4.22535.m1                                 1.2502614 1.2955360 0.0787460 0.0000000 0.1825492 0.4588376 0.5667390 0.5303775 0.4603937 0.4432075 0.4856280 0.5261905 0.4677874 0.4984775 0.4399920 0.4043857 0.5835696 0.5842790 0.3406941 0.3414983 0.3961995 0.4575451 0.5068654 0.4479916 0.5564966 0.6044987 1.1945147 0.6466835 1.1791715 0.9917177 0.8142606 1.0998721 1.1774088 1.1402821 1.0484976 1.7528749 1.1849997 0.9744302 1.0007137 1.2580693 1.3298583 1.2795866 1.1911343 1.1295415 1.1875418 1.1069879 0.9515361 0.9515361 1.0839991 0.8741004 1.2681077 0.9493379 1.4562412 1.2367485 1.3413308 1.2753237 1.3496172 1.9850909 0.9960636 1.0989975 1.3590026 1.3380863 1.2769856 1.3281198 1.3536310 1.3347776 1.1629907 1.3394522 1.1629013 1.1245772 1.1554334 1.3318961 1.4464111 1.3677169 1.4738895 1.4596088 1.8800813 1.3587444 1.4840295 2.1506482 1.3180560 1.4453183 1.5808950 1.3276174 1.8578534 1.5200043 1.4017599 1.0649501 1.3107742 2.0014366 2.0587791 1.7517723 1.9349535 1.8676753 2.0686162 1.9190260 1.6772918 1.4704406 1.6695099 1.9473261 1.7445252 1.3013269 1.7469952 1.6340079 1.2928898 1.5510193 2.2629382 2.2462295 1.9390152 1.5661957 1.7976276 2.2823327 0.8744371 1.9638494 1.9975445 2.8530720 2.2048348 2.0185335 
Gasp_gasp1.m3.22026.m1                                 1.2508648 1.5407312 0.1862076 0.1825492 0.0000000 0.5287358 0.7399060 0.6424315 0.4917571 0.5007193 0.5983003 0.6058989 0.5118430 0.4566656 0.5383923 0.4740860 0.6341107 0.5761606 0.4621655 0.4600067 0.4188407 0.5388288 0.4807576 0.5290322 0.7477314 0.7739296 1.1930011 0.6067196 1.3762964 1.1479273 0.9764295 1.3580226 1.4373038 1.3708700 1.1029864 1.9538722 1.3221441 1.2377705 1.2163008 1.3741757 1.4374104 1.4961496 1.3160172 1.3377513 1.2912739 1.1974286 1.0809550 1.0809550 1.1206902 0.9301229 1.2983712 0.9151679 1.5924821 1.3380262 1.3436334 1.4113849 1.5026405 2.0663820 1.4741421 1.2427428 1.2804829 1.2743057 1.4567492 1.2679992 1.5694313 1.5282973 1.2153460 1.4894898 1.3743806 1.2811235 1.1611164 1.4996272 1.5763711 1.5109615 1.5800442 1.6576244 2.4684500 1.5089240 1.7057411 2.2331126 1.6004992 1.6254178 1.8069379 1.5347194 3.2516993 1.6817506 1.5583393 1.1790972 1.4030971 2.1699864 2.2437538 2.1799338 2.0439566 1.9435257 1.8803152 1.9375582 1.9005000 1.7155792 1.8933187 2.2709850 1.9846042 1.5659206 2.0687927 1.9100147 1.4403401 1.6126787 2.4800830 2.5273198 2.1244332 1.9268783 2.2103611 2.3720828 0.8231088 2.1811469 2.2872176 2.9234552 2.5046815 2.6189516 
Gfas_gfas1.m1.4662.m1                                  1.2424972 1.3734945 0.4622834 0.4588376 0.5287358 0.0000000 0.2713471 0.2709925 0.2737505 0.3124097 0.3446871 0.3429807 0.2806269 0.2924252 0.3914818 0.3210715 0.3000426 0.4400316 0.6404983 0.6475303 0.3982728 0.5949628 0.7128594 0.6997442 0.5535397 0.4153371 0.8183740 0.7206063 1.2965383 1.0107744 0.9481615 1.1107075 1.3233876 1.2123017 1.1016506 1.8572983 1.1071410 1.1445570 1.0592420 1.2481144 1.3817714 1.3112916 1.2677500 1.1831493 1.1916640 1.1143329 1.0824228 1.0824228 1.2075226 0.9434241 1.1698723 0.9439912 1.4685002 1.2406331 1.2086763 1.2365219 1.2894571 2.1347591 1.0380453 1.2621332 1.1446033 1.1733106 1.1907161 1.1190845 1.2919567 1.2734708 1.1442058 1.4621409 1.2502422 1.0455329 1.0580544 1.5608256 1.6181308 1.5524737 1.6434602 1.5634892 1.8984728 1.5588745 1.5893098 2.1643377 1.5909914 1.6811312 1.8051771 1.6334302 2.4134890 1.7073243 1.6071049 1.2396270 1.3295918 1.9754979 1.9578814 1.7248087 1.7182454 1.6891583 1.7413788 1.7593730 1.8005888 1.3243652 1.6043749 1.8921125 1.6866274 1.4562115 1.6175344 1.7118466 1.4861980 1.7349650 2.0780489 1.9652850 1.7563980 1.4589524 1.7418738 2.0388256 0.6701783 1.9637945 2.1050350 2.0685526 2.4119638 2.3863114 
Amil_Amillepora10039-RA                                1.2556513 1.4377717 0.5943265 0.5667390 0.7399060 0.2713471 0.0000000 0.0069863 0.4344383 0.3912799 0.4398865 0.4681520 0.4663096 0.4509584 0.5716678 0.5487359 0.4447954 0.6097836 0.6882563 0.7286306 0.0000010 0.7911740 0.7941249 0.8921568 0.8419997 0.5075442 0.8513076 0.6919329 1.6108442 1.2508065 0.9083322 1.1054553 1.1268054 1.0024163 1.4780485 1.4780485 1.3995509 1.4085022 1.0957656 1.6198930 1.7783845 1.5418892 1.3452732 1.3136059 1.3172337 1.3365721 1.3540799 1.3540799 1.0702233 1.1155852 1.2931996 1.3460955 1.6728270 1.6411088 1.8977785 1.8347871 1.7816774 1.6463545 1.6849385 1.2971757 1.5458576 1.5545599 1.5852894 1.6426590 1.5677567 1.5677567 1.1442391 1.9584334 1.4279419 1.1913637 1.1916629 1.7493972 1.7406062 1.7865995 1.7843210 1.6961477 4.0863093 1.7119709 1.7437828 3.4893328 1.5165731 1.6538236 2.8234995 1.6540135 3.1374850 1.9614073 1.5999069 1.4026865 1.8244432 1.6280451 1.6080548 3.2014130 1.6888315 1.4684299 2.0776920 1.8032307 1.9064315 1.3833554 1.7201508 2.1934104 1.9708146 1.3060118 2.2533617 2.3882274 1.0816136 1.6361367 2.7576323 2.6922556 2.1440709 1.5286350 1.8744819 2.1446273 0.6724171 2.9887704 2.7794492 2.1690535 2.8455265 3.6998796 
Adig_XM_015909539.1                                    1.4569894 1.4062789 0.5557718 0.5303775 0.6424315 0.2709925 0.0069863 0.0000000 0.3666829 0.3895882 0.3746677 0.3970127 0.3786106 0.3946686 0.4702045 0.4761495 0.3886119 0.5509327 0.6800737 0.7249559 0.7629703 0.6648894 0.7892991 0.7268053 0.7669795 0.3925891 0.7028084 0.7529174 1.4014670 1.0676787 0.9366314 1.1323989 1.3560974 1.1726692 1.3018328 1.5555228 1.3253011 1.3664357 1.2504349 1.4937900 1.6090965 1.4416268 1.4184694 1.3360953 1.2830015 1.1980827 1.2089735 1.2089735 1.1407076 1.0593094 1.2493982 1.0823912 1.6450919 1.4205393 1.5483866 1.4755912 1.5155626 2.0821293 1.1842747 1.2465052 1.2827869 1.2911912 1.2928790 1.2246372 1.3705116 1.3631922 1.1269949 1.5253830 1.3199068 1.1222346 1.0969900 1.6932915 1.8475449 1.7271080 1.7831911 1.7528762 2.7468155 1.7415117 1.8003514 2.6581446 1.4965389 1.6096227 1.8816862 1.6006348 2.1757286 1.8538998 1.7759917 1.3093826 1.5264977 2.1209671 2.0833833 2.4632287 1.9926698 1.8892220 2.1201798 1.9402382 1.9504139 1.4459924 1.7598275 1.9731247 1.8124970 1.4896017 1.9348470 2.0675936 1.4550516 1.5933865 2.5947532 2.5707249 2.2507841 1.5763104 2.0962589 2.4607533 0.6801748 2.2861326 2.1060387 2.1815608 2.8113363 2.2137587 
Fspp_ffun1.m4.22536.m1                                 1.2365216 1.2483168 0.4596530 0.4603937 0.4917571 0.2737505 0.4344383 0.3666829 0.0000000 0.1346874 0.2157131 0.2161876 0.2141574 0.2947402 0.3222400 0.2695955 0.3021225 0.2258067 0.6166779 0.6479241 0.3405155 0.5798695 0.6762992 0.6059794 0.6107253 0.4869684 0.8583569 0.6827237 1.3081212 1.0368547 0.9255386 1.0695312 1.2647984 1.1419486 1.1687222 2.0858196 1.1793814 1.1541473 1.0295434 1.3028883 1.3329069 1.3506629 1.2096057 1.1898348 1.1504499 1.0790954 1.1056854 1.1056854 1.4258952 1.0130650 1.2962496 0.9300925 1.5911999 1.2730320 1.3492950 1.3152385 1.3338520 2.0172742 0.9600740 1.2152207 1.1276951 1.1274129 1.1175827 1.1123946 1.1824576 1.1824576 1.0896030 1.4908583 1.1442064 1.0765974 1.1343945 1.5437053 1.5588363 1.5187449 1.5754800 1.6614012 1.8401495 1.5789970 1.6652938 2.1677770 1.4187406 1.5873157 1.4583439 1.4596735 1.7488265 1.5139205 1.4833071 1.1895254 1.2687825 2.0080840 2.0454449 1.6522415 1.9648344 1.7279429 1.7663384 1.8684598 1.8339334 1.3551885 1.6641771 1.8523788 1.6199848 1.4146440 1.8535594 1.7910096 1.4728579 1.7101957 2.2115382 2.0432568 1.8790404 1.5342843 1.8969165 2.3663418 0.6935788 1.9868824 2.1002935 2.0951263 2.4859936 2.3907465 
Gasp_gasp1.m3.30583.m1                                 1.2440579 1.2016065 0.4743473 0.4432075 0.5007193 0.3124097 0.3912799 0.3895882 0.1346874 0.0000000 0.2018586 0.2244812 0.2548613 0.2879042 0.3501682 0.2699574 0.3291354 0.0984316 0.6307565 0.6815306 0.3551139 0.5564733 0.7326468 0.6646624 0.5810184 0.4882915 0.8051791 0.7225050 1.2820984 1.0243652 0.9187058 1.0663136 1.2508488 1.1789518 1.2602983 1.9664750 1.2620517 1.1935004 1.0539958 1.2652522 1.3629990 1.3167074 1.2145205 1.1228120 1.1866828 1.1113898 1.1326109 1.1326109 1.3883529 1.0416213 1.2437601 0.9730656 1.5472144 1.2655028 1.3441804 1.3798346 1.4014964 2.1578292 0.9819591 1.1640119 1.0452799 1.0375534 1.0612194 1.0348251 1.1359318 1.1359318 1.0615923 1.5798096 1.1035719 1.0798941 1.1561021 1.6187536 1.6405273 1.5270820 1.5968657 1.6013694 1.7367005 1.5880566 1.6563795 2.3316603 1.5235970 1.6461107 1.5754604 1.5463430 1.9033734 1.6329716 1.5184556 1.1575269 1.3686970 2.0814607 2.1111485 1.5543409 1.8046014 1.5977178 1.8284147 1.7610328 1.8982524 1.4372481 1.6073987 1.7708409 1.5999711 1.4398397 1.7708163 1.7912382 1.5091466 1.7735425 2.3148478 2.0836986 1.9594885 1.4971004 1.9676478 2.4303722 0.6408041 2.1494972 2.0986125 2.1153068 2.6599840 2.3874701 
Spis_XP_022792467_1                                    1.1687847 1.1524076 0.4878654 0.4856280 0.5983003 0.3446871 0.4398865 0.3746677 0.2157131 0.2018586 0.0000000 0.1081967 0.2958142 0.3859138 0.3770099 0.3312723 0.3485041 0.3213271 0.6342464 0.6649445 0.3444105 0.6152056 0.7577795 0.6626689 0.6019309 0.4590765 0.9669393 0.5952480 1.2564596 0.9282254 0.8679938 1.0657554 1.1694587 1.1466538 1.1819093 1.9954914 1.2129373 1.1839756 0.9777943 1.1878483 1.3412501 1.2531392 1.2293105 1.1262446 1.0371800 0.9949772 1.0405377 1.0405377 1.2905002 0.9491901 1.1465559 0.9342797 1.5479648 1.2493137 1.3833033 1.2248400 1.2920687 1.8979023 0.9228965 1.1553266 1.1116416 1.1155332 1.0869644 1.0784614 1.2040887 1.2040887 1.0963968 1.4977383 1.0443202 1.0555263 1.0652859 1.6219760 1.6121781 1.5819590 1.6658941 1.6051639 1.8228536 1.6192552 1.6707589 2.2802178 1.5076192 1.6564388 1.6419633 1.5221257 1.8562916 1.6730001 1.5538452 1.0928776 1.2267137 1.9565668 1.9932329 1.6910497 1.7796667 1.5992549 1.7632302 1.5026581 1.8985503 1.3231997 1.6048997 1.8500205 1.6544756 1.4444492 1.7828537 1.7871264 1.2817734 1.5418531 2.1245890 1.8220371 1.6940627 1.5194834 1.7814603 2.2794909 0.6958612 1.9121934 1.9227427 2.4382715 2.3968038 2.4434115 
Pocdam_XM_027191838.1                                  1.0730734 1.1917535 0.4875558 0.5261905 0.6058989 0.3429807 0.4681520 0.3970127 0.2161876 0.2244812 0.1081967 0.0000000 0.3114110 0.3836991 0.3875995 0.3298532 0.3701571 0.3542239 0.6620989 0.6957691 0.4019559 0.5918675 0.7230989 0.6475750 0.5990880 0.5414211 1.0395567 0.6028240 1.3055105 0.9399557 0.9147546 1.0759309 1.2286008 1.1968822 1.1494112 2.0974809 1.1571301 1.1604856 1.0082889 1.2103383 1.3754524 1.2443036 1.2211713 1.0254327 1.0366513 0.9877841 1.0049144 1.0049144 1.1886961 0.9123933 1.1606372 0.9138885 1.5612913 1.2597986 1.3842099 1.1993860 1.3219641 1.9601642 0.8813272 1.1215659 1.0621310 1.0808054 1.0939365 1.0859644 1.1813869 1.1813869 1.0737548 1.4878206 1.0091562 1.0437940 1.0302330 1.4610175 1.4436648 1.4317290 1.5150368 1.4621825 1.7421200 1.4723129 1.5236262 2.2060774 1.3988327 1.5470517 1.5433370 1.4987447 1.7266190 1.6140333 1.5005419 1.1147516 1.2370838 1.9012035 1.9884021 1.6067622 1.7665377 1.5907114 1.7470076 1.4980945 1.8219598 1.2672471 1.6237756 1.8332911 1.6568791 1.4001894 1.6611894 1.7255067 1.3036402 1.5954950 2.0360933 1.8185502 1.7522894 1.4646361 1.6973946 2.1556026 0.7872405 1.9125078 1.8753678 2.2971237 2.4369335 2.2622260 
Fspp_ffun1.m4.22545.m1                                 1.1425866 1.2908935 0.4613451 0.4677874 0.5118430 0.2806269 0.4663096 0.3786106 0.2141574 0.2548613 0.2958142 0.3114110 0.0000000 0.1639294 0.2421319 0.1836535 0.2400015 0.3831376 0.6421644 0.6493144 0.3235101 0.5561161 0.6801415 0.5919294 0.5559587 0.4178332 0.7742078 0.6579805 1.1949986 0.9358264 0.9016900 1.1143750 1.2709723 1.1081992 1.0274244 1.6928443 1.1478726 1.1257437 0.9983865 1.2206897 1.2853762 1.2587633 1.2547831 1.1490390 1.1552444 1.0365900 1.0317680 1.0317680 1.3345353 0.9395913 1.1858399 0.9751189 1.5330535 1.2415482 1.3622440 1.2726994 1.4303910 2.0576191 0.9429599 1.1439748 1.0960862 1.1301341 1.1583784 1.1758608 1.1892411 1.1892411 1.1503590 1.3827231 1.1350733 1.1146475 1.1004473 1.5956125 1.5992415 1.5713686 1.6643651 1.5394709 1.7555150 1.5890714 1.5857870 2.3254697 1.4710596 1.6261705 1.5615205 1.4563662 1.8287161 1.5760303 1.5368075 1.0822881 1.3367938 1.8918284 1.8343217 1.6309439 1.7966760 1.6804247 1.6876381 1.6573540 1.8750370 1.3785957 1.7478612 1.7949064 1.5907802 1.4458681 1.8989903 1.9092464 1.4041145 1.7081881 2.1819281 2.0254577 1.9040287 1.5507932 1.7707940 2.3130398 0.7135451 1.9465483 2.0336979 2.7587742 2.5838774 2.2812947 
Gasp_gasp1.m3.30586.m1                                 1.0931227 1.2254751 0.4873617 0.4984775 0.4566656 0.2924252 0.4509584 0.3946686 0.2947402 0.2879042 0.3859138 0.3836991 0.1639294 0.0000000 0.2665833 0.2102829 0.2670995 0.2942225 0.6478013 0.6385736 0.4387604 0.5514477 0.6922538 0.5895122 0.4833601 0.3898985 0.6998229 0.7378554 1.1320557 0.8726122 0.9551798 1.0603754 1.2885784 1.1507956 1.0960558 1.8491867 1.0120294 1.1045437 1.0557213 1.2507007 1.2233675 1.2945027 1.1403381 1.0216847 1.1033726 1.0015014 0.9224526 0.9224526 1.2850040 0.9224526 1.2525766 0.9584556 1.5508719 1.2297010 1.2571852 1.2146859 1.3664995 2.0555598 0.7710740 1.0920985 0.9985959 1.0164038 0.9939698 1.0127038 1.0565808 1.0565808 0.9581696 1.2889601 1.1185852 1.1921296 1.0586635 1.3281901 1.3544928 1.3258931 1.4383433 1.3747062 1.3028677 1.3541366 1.4383546 2.0057413 1.3675326 1.5849590 1.3368881 1.4122524 1.2502927 1.4681551 1.4746410 1.0232279 1.4432605 1.8478758 1.8262148 1.1793299 1.5809296 1.5320004 1.5490292 1.6011265 1.7339808 1.1798465 1.6593050 1.7316474 1.5325059 1.3726702 1.6462335 1.7364769 1.3568886 1.6902034 2.2273077 2.1492968 1.9045058 1.5482923 1.6620920 2.0745206 0.6763768 1.8173669 1.8778716 2.3899552 2.5001913 2.2109401 
Spis_XP_022792474_1                                    1.1491986 1.1863071 0.4564463 0.4399920 0.5383923 0.3914818 0.5716678 0.4702045 0.3222400 0.3501682 0.3770099 0.3875995 0.2421319 0.2665833 0.0000000 0.1133153 0.3318272 0.4713139 0.6441081 0.6229341 0.4273374 0.5320305 0.7518714 0.6223686 0.6577389 0.4369117 0.7887827 0.6663583 1.0914309 0.9577339 0.9832397 1.1054176 1.3045849 1.1590786 1.0562699 1.7815082 1.1393857 1.0766750 1.0032697 1.1780635 1.2834377 1.2192333 1.2267493 1.1588608 1.2133547 1.1331049 1.0420646 1.0420646 1.3240906 0.9434823 1.1993152 1.0106686 1.4886784 1.2292544 1.2368788 1.1824501 1.2854901 1.9292475 0.9870040 1.1078485 1.1812227 1.2048748 1.2339882 1.2275779 1.2893827 1.2893827 1.0967719 1.3971065 1.0708142 1.0979267 1.0803594 1.5242668 1.5375962 1.5282947 1.5351558 1.5401283 1.8794793 1.5186399 1.5992033 2.3534789 1.4373343 1.6652091 1.4768876 1.4630045 1.6378804 1.6179059 1.5734624 1.0866228 1.3156616 2.0183801 2.0473874 1.9311063 1.8377321 1.8253673 1.8746587 1.8510928 1.8424391 1.3118690 1.7097646 1.7809186 1.5642688 1.4294460 1.8769781 1.8774460 1.4055119 1.7882255 2.2482231 2.0436393 1.9058400 1.6468299 1.8047808 2.3098169 0.6892789 1.9275761 1.8679653 2.1594802 2.2763517 2.3841774 
Pocdam_XM_027191820.1                                  1.0829554 1.2372146 0.4132327 0.4043857 0.4740860 0.3210715 0.5487359 0.4761495 0.2695955 0.2699574 0.3312723 0.3298532 0.1836535 0.2102829 0.1133153 0.0000000 0.3138727 0.3870490 0.6004854 0.5913837 0.3656523 0.5264768 0.7014153 0.5933425 0.5851583 0.4605585 0.8113108 0.6447128 1.1546163 0.9292085 0.9036598 1.0647053 1.2818560 1.1427351 1.0349859 1.8188503 1.0909925 1.0229736 0.9324947 1.2081974 1.3128577 1.2259291 1.1737785 1.1005916 1.1105005 1.0281973 0.9926799 0.9926799 1.3316480 0.9040132 1.1911539 0.9420897 1.4577786 1.2051655 1.2455560 1.2174934 1.3215515 1.9531493 0.8850998 1.0985460 1.0887976 1.1152204 1.1508162 1.1554370 1.2161520 1.2161520 1.0762442 1.3039964 1.0849589 1.1133398 1.1187847 1.4737566 1.4969616 1.4804456 1.5177115 1.4350362 1.5869249 1.4578333 1.4970158 2.3106887 1.4139013 1.6462910 1.4133874 1.4759401 1.6015518 1.5373088 1.4772301 1.0276848 1.3038211 1.9036404 1.8980473 1.5441055 1.7210949 1.7064320 1.7663994 1.7436419 1.7711183 1.2224371 1.6831767 1.7724792 1.5588483 1.4237909 1.8115702 1.7930312 1.3749920 1.7617233 2.1046036 1.9590476 1.8029942 1.5371721 1.6918338 2.2211203 0.5196230 1.9222196 1.9351798 2.7320746 2.3403644 2.1838539 
Gfas_gfas1.m1.4653.m1                                  1.1236717 1.2212429 0.5773939 0.5835696 0.6341107 0.3000426 0.4447954 0.3886119 0.3021225 0.3291354 0.3485041 0.3701571 0.2400015 0.2670995 0.3318272 0.3138727 0.0000000 0.4336529 0.7451300 0.7220147 0.3461770 0.6297530 0.7863579 0.6754192 0.4791287 0.3775272 0.7219139 0.6460922 1.3127489 0.9657310 1.0551767 1.1473232 1.4402544 1.3012864 1.1668568 1.9852099 1.1561659 1.1460120 1.0316547 1.2831057 1.3444661 1.4320449 1.3056253 1.1907461 1.2223285 1.1982712 1.1064749 1.1064749 1.4127908 1.0043742 1.2944227 1.0291482 1.6714628 1.3824056 1.4837233 1.3416938 1.3813358 2.1717007 0.9624907 1.1848933 1.1229687 1.1503683 1.1808440 1.1765532 1.2735265 1.2735265 1.2172435 1.3806378 1.0895230 1.0687999 1.0814667 1.6145366 1.6075004 1.6404280 1.6760295 1.6058423 1.7785111 1.5635805 1.6899359 2.3405246 1.5202288 1.7747570 1.7070307 1.6653743 2.1664639 1.6203283 1.6750682 1.1528464 1.3889453 2.0314852 2.0554693 1.6884065 1.9144705 1.7103648 1.7214628 1.8972747 1.9508124 1.3348516 1.5706583 1.7982397 1.5816154 1.4439838 1.9417256 1.8033917 1.6025171 1.9203977 2.1432968 2.0392354 1.8743383 1.4489746 1.7492887 2.2951011 0.8049443 1.9670796 2.0268283 2.5940713 2.5491044 2.5010714 
Gasp_gasp1.m3.30579.m1                                 1.3658832 1.2968621 0.6205828 0.5842790 0.5761606 0.4400316 0.6097836 0.5509327 0.2258067 0.0984316 0.3213271 0.3542239 0.3831376 0.2942225 0.4713139 0.3870490 0.4336529 0.0000000 0.8104628 0.8517440 0.4098013 0.6979848 0.6943749 0.7626627 0.9280525 0.6619734 0.8068390 0.7265132 1.4288347 1.0897189 1.1093606 1.3197503 1.4379201 1.3875539 1.2866800 1.9083230 1.4368197 1.3292724 1.2303309 1.4546349 1.4510991 1.5442520 1.3945125 1.3018961 1.3631152 1.3081241 1.3232113 1.3232113 1.4073179 1.1771434 1.2720714 1.0170020 1.8236143 1.4365055 1.5216602 1.5394299 1.6293186 2.2681265 1.6276714 1.3039272 1.0454603 1.0408701 1.2499059 1.0539375 1.3658291 1.3529782 1.1332739 1.7086785 1.2821008 1.2236433 1.2428931 1.7148274 1.7942054 1.6471952 1.7072342 1.7305648 2.1047174 1.7139130 1.8040599 2.4225075 1.6735007 1.7547596 1.7489293 1.7193385 2.7484007 1.6855056 1.5683018 1.3176725 1.5359595 2.2091697 2.2064797 2.0060509 1.8789743 1.7882252 1.9625869 1.7823437 2.0996876 1.6842084 1.7646271 2.0324910 1.8323001 1.5357419 1.9377891 1.9129658 1.6639487 1.7572915 2.4526902 2.3831094 2.1260862 1.6293865 2.2287777 2.5566195 0.6617668 2.2317469 2.1835485 2.1440673 2.9336961 3.2923873 
Spis_XP_022792476_1                                    1.2219792 1.4026766 0.3521045 0.3406941 0.4621655 0.6404983 0.6882563 0.6800737 0.6166779 0.6307565 0.6342464 0.6620989 0.6421644 0.6478013 0.6441081 0.6004854 0.7451300 0.8104628 0.0000000 0.0996654 0.5367537 0.5307376 0.5887994 0.5587770 0.6429826 0.7299142 1.1775332 0.6424306 1.3298849 1.1805350 0.8368061 1.0511985 1.1024414 1.0410093 1.2628593 1.8803408 1.3577312 1.3163205 1.0512674 1.4071992 1.4882830 1.2860652 1.2738447 1.2369052 1.1893452 1.1930987 1.0650461 1.0650461 1.1128055 0.9729198 1.3452624 1.0904497 1.5795190 1.3355214 1.3829548 1.2971432 1.3768016 1.7618890 0.9460873 1.2068779 1.4175508 1.4079401 1.3225586 1.3809947 1.4144142 1.4128720 1.2322609 1.5039519 1.1909573 1.1749053 1.2135459 1.5737637 1.5854970 1.5019438 1.5330732 1.4964692 1.6906214 1.4399440 1.5131675 2.2650834 1.3842893 1.5019719 1.5057497 1.5477335 1.4730512 1.6727437 1.6441895 1.2002334 1.5313429 1.9346276 1.9880693 1.4396928 1.9167964 1.7953406 1.9829486 1.8699198 1.8331665 1.5549871 1.6351250 1.9244458 1.7517833 1.4253291 1.9410778 1.9232031 1.3110881 1.5624789 2.3721893 2.4375432 2.1484199 1.6159360 1.9402686 2.3809294 0.9681473 2.0432659 2.1028035 2.8615269 2.1166457 2.2963585 
Pocdam_XM_027184360.1                                  1.1069543 1.3720230 0.3624638 0.3414983 0.4600067 0.6475303 0.7286306 0.7249559 0.6479241 0.6815306 0.6649445 0.6957691 0.6493144 0.6385736 0.6229341 0.5913837 0.7220147 0.8517440 0.0996654 0.0000000 0.5075144 0.5669890 0.5368252 0.5037150 0.6323609 0.7151617 1.1760310 0.6237040 1.3214287 1.2104797 0.8320652 1.0686781 1.1269992 1.0053856 1.2416676 1.8892306 1.3270237 1.2233643 0.9929752 1.3424228 1.4145299 1.3390543 1.2715364 1.2511679 1.2164233 1.1776077 1.0747432 1.0747432 1.1135226 0.9891538 1.3924135 1.1391908 1.5894120 1.2431125 1.3521380 1.2285061 1.3416401 1.8685659 0.8895076 1.1554014 1.4031824 1.4147765 1.3097147 1.3895823 1.3915207 1.3915207 1.2702965 1.5598717 1.1486214 1.0734769 1.2578340 1.5154565 1.5373910 1.4806974 1.5057493 1.5223702 1.7575979 1.4246219 1.5425312 2.2241626 1.3762072 1.5052425 1.5560912 1.5760935 1.5234382 1.7210894 1.6342957 1.1925296 1.5818229 1.9073082 1.9783505 1.4247731 1.9605453 1.7818417 1.9952829 1.8092479 1.8670700 1.4369922 1.5133043 1.8695058 1.6815566 1.4186284 1.8753955 1.8317784 1.2755011 1.4976579 2.2511860 2.3491723 2.0677871 1.6227265 1.8949619 2.2834096 0.9596197 2.1414277 2.1289806 3.2073845 2.1304337 2.3400444 
Nvec_v1g4182                                           1.3046682 1.4500611 0.4118531 0.3961995 0.4188407 0.3982728 0.0000010 0.7629703 0.3405155 0.3551139 0.3444105 0.4019559 0.3235101 0.4387604 0.4273374 0.3656523 0.3461770 0.4098013 0.5367537 0.5075144 0.0000000 0.2580342 0.8723426 0.5572548 0.5157994 0.4557931 8.9999990 0.0527963 0.7668384 0.8987262 1.0637955 1.0682809 1.4212480 1.5942873 1.0551118 4.9635952 1.0393681 0.9994667 1.0957371 1.1308279 1.2947796 1.1333169 1.2583647 0.9965591 1.1130273 0.9835009 0.8828799 0.8828799 4.5516911 0.8828799 1.0155771 0.8812819 1.6058146 1.1883488 0.8759097 0.9184120 1.0575143 9.0000000 0.9482263 1.1765932 1.2933883 1.3876375 1.1917280 1.1917280 1.4903945 1.4903945 1.1356632 1.2564425 1.3211793 1.1741691 1.0823004 1.6014674 1.6139867 1.5309846 1.7264835 1.7068518 1.6313748 1.5688216 1.6630072 1.6988248 1.5758256 1.6861209 1.6071177 1.7808469 1.5887772 1.1505138 1.7530808 1.1949447 1.2089473 2.2592344 2.2706012 1.6790096 1.8772252 1.6755499 1.3271148 2.3808894 1.8210784 2.0657572 1.5378794 1.4451930 1.4163203 1.6388724 1.6500700 1.6768585 1.6856676 1.7048184 1.4170768 1.2673124 1.3657139 1.0388022 1.7772411 2.5469113 2.7992894 1.6545736 2.2092011 0.0000010 2.0877278 1.3324677 
Exapal_XM_021054314.2                                  1.1385353 1.6193710 0.5244681 0.4575451 0.5388288 0.5949628 0.7911740 0.6648894 0.5798695 0.5564733 0.6152056 0.5918675 0.5561161 0.5514477 0.5320305 0.5264768 0.6297530 0.6979848 0.5307376 0.5669890 0.2580342 0.0000000 0.6579098 0.6588722 0.7906314 0.6135853 1.0360666 0.5748717 1.3433247 1.1292924 1.0786486 1.1951910 1.3596754 1.2651737 1.2563498 1.9815997 1.4551212 1.4523400 1.2056328 1.4768066 1.6619327 1.4270532 1.3784245 1.3710822 1.2891724 1.2727422 1.1973986 1.1973986 1.2094474 1.0027177 1.3453478 1.0910812 1.6820633 1.4532791 1.3838017 1.3455749 1.4573362 1.6801726 1.1346639 1.2993418 1.3014044 1.3106189 1.3551350 1.2892668 1.5170218 1.5093198 1.1265962 1.4915344 1.4601906 1.2633269 1.3506704 1.6301147 1.6797299 1.5447462 1.6321475 1.6491195 2.0382457 1.6294895 1.7294503 2.3873444 1.4828584 1.5520575 1.3662920 1.4638295 1.8610732 1.5647500 1.5759015 1.2857018 1.6875812 2.3801592 2.3214368 1.8120045 2.1500800 1.8761262 1.9684411 1.9753462 1.9607076 1.6722307 1.8297858 2.1049972 1.9753028 1.5981043 1.9220713 2.0162299 1.5846878 1.8780473 2.1971944 2.2218587 1.9801460 1.8237890 2.2609814 2.4147054 0.9753817 2.0659408 2.1335575 2.7411388 2.4189894 2.6078540 
Adig_XM_015909506.1                                    1.2588524 1.3695113 0.5001148 0.5068654 0.4807576 0.7128594 0.7941249 0.7892991 0.6762992 0.7326468 0.7577795 0.7230989 0.6801415 0.6922538 0.7518714 0.7014153 0.7863579 0.6943749 0.5887994 0.5368252 0.8723426 0.6579098 0.0000000 0.1126713 1.3438306 0.9465000 1.2279695 0.6017976 1.5687832 1.2015514 1.0760203 1.3887221 1.3180416 1.1785822 1.2549839 1.9460993 1.4444211 1.5245053 1.2682541 1.6129730 1.6826315 1.7724017 1.3998104 1.3134828 1.2945991 1.4018260 1.2155212 1.2155212 1.0966131 1.1111896 1.3136544 1.1342764 2.0718713 1.5926914 1.8316579 1.5886179 1.7980235 1.7090676 1.7996835 1.3362720 1.4445748 1.4422328 1.6105211 1.5065662 1.6910539 1.6745762 1.3314255 1.6904616 1.3835308 1.2176694 1.3210251 1.4419895 1.4931316 1.5323806 1.5566355 1.5700404 2.6471391 1.4912187 1.6610411 2.3086794 1.3809421 1.6909512 1.9629167 1.4811866 4.9221516 1.7308529 1.6029084 1.1810938 1.6111565 2.0362327 1.9438482 2.3662048 1.9661303 1.8036875 2.1294879 1.8355268 1.8951466 1.5389138 1.7391811 2.3366510 2.0192246 1.6517437 2.0177038 1.8998687 1.3735732 1.6219462 2.5910481 2.4736187 2.2428307 1.9272436 1.9722933 1.9628324 0.9254811 2.2793405 2.2692098 2.6441032 2.3440639 4.7576932 
Amil_Amillepora10040-RA                                1.1754207 1.3162105 0.4435075 0.4479916 0.5290322 0.6997442 0.8921568 0.7268053 0.6059794 0.6646624 0.6626689 0.6475750 0.5919294 0.5895122 0.6223686 0.5933425 0.6754192 0.7626627 0.5587770 0.5037150 0.5572548 0.6588722 0.1126713 0.0000000 0.8383888 0.7940170 1.3178679 0.6329500 1.5003903 1.1763888 1.0066971 1.2738531 1.4009761 1.2860352 1.0676783 1.8990983 1.2913387 1.3566446 1.2807140 1.5322783 1.6437946 1.6335260 1.2944902 1.2435317 1.2805546 1.2721210 1.1149203 1.1149203 1.1610014 0.9904041 1.3168753 1.0392074 1.7372657 1.4130598 1.5507021 1.4332596 1.5942749 1.8958920 1.3896470 1.2443725 1.2639750 1.2923087 1.3152639 1.2676518 1.4503657 1.4383053 1.2583223 1.5944548 1.2643024 1.0447951 1.2914769 1.5739558 1.6527231 1.5315837 1.6227040 1.6290243 2.2915185 1.6251935 1.7017878 2.3514425 1.4856345 1.6874125 1.9920121 1.6184716 2.0028521 1.6660930 1.6078899 1.1936638 1.5408427 1.9941705 1.9018289 1.8812443 1.9421439 1.7558198 1.9220412 1.8547418 1.8706110 1.5059156 1.8180971 2.1064287 1.8652129 1.5004720 2.0150864 1.9101899 1.4054537 1.5784926 2.3180765 2.2955741 2.0804675 1.7792441 1.9124866 2.2140164 0.9264569 2.3492950 2.3246683 2.4967891 2.3089421 2.4548522 
Nvec_v1g243020                                         1.2200909 1.3463103 0.5303357 0.5564966 0.7477314 0.5535397 0.8419997 0.7669795 0.6107253 0.5810184 0.6019309 0.5990880 0.5559587 0.4833601 0.6577389 0.5851583 0.4791287 0.9280525 0.6429826 0.6323609 0.5157994 0.7906314 1.3438306 0.8383888 0.0000000 0.6412177 5.0284904 0.6965508 0.9878865 0.8928207 1.0143856 1.3252375 1.3032510 1.6314163 0.9043914 3.0038363 0.9701503 0.8957294 1.0800710 1.0925328 1.4063078 1.1779304 1.4024426 1.2853305 1.2425519 1.1683968 1.1396692 1.1396692 4.6575068 0.9970111 1.3695647 1.1106846 1.2031478 1.0747651 1.1135398 0.8949651 1.0004088 4.4798072 0.8511875 0.9990182 1.0099520 1.1052688 0.9676018 0.9633540 1.1682872 1.1682872 1.1064192 1.0813543 1.0455984 0.8584082 1.1127151 1.4714492 1.6325636 1.4706576 1.5705274 1.4591590 1.4708766 1.2729977 1.3856856 1.8982960 1.5651210 1.8385432 1.8513751 1.7436361 1.6866255 1.2335975 1.6079964 1.2161759 1.4393125 1.6362641 1.6771217 1.5756018 1.6287154 1.2670617 1.2744195 1.5478798 1.7942206 1.1904355 1.6813699 1.5048981 1.3690955 1.3477217 1.6716199 1.6640751 1.8043099 2.0005094 1.4777047 1.4008667 1.3679433 1.0038070 1.6008748 2.1437242 1.0342826 1.9006831 2.0302670 0.0000010 1.8112669 1.2239126 
Amil_Amillepora10038-RA                                1.2088909 1.3457086 0.5993020 0.6044987 0.7739296 0.4153371 0.5075442 0.3925891 0.4869684 0.4882915 0.4590765 0.5414211 0.4178332 0.3898985 0.4369117 0.4605585 0.3775272 0.6619734 0.7299142 0.7151617 0.4557931 0.6135853 0.9465000 0.7940170 0.6412177 0.0000000 0.1225809 0.8829014 1.4036908 1.0719654 1.0369474 1.1493485 1.5191173 1.2805850 1.3893418 1.7638456 1.4982415 1.4099790 1.1616825 1.4992063 1.6308993 1.4404411 1.4378386 1.3359638 1.1140176 1.1388312 1.1576178 1.1576178 1.2933411 1.0506191 1.3215086 1.0213314 1.6436919 1.4752048 1.4793672 1.4931041 1.4626057 2.0756257 1.0503058 1.3153473 1.2597577 1.2632407 1.2950279 1.2931437 1.3644208 1.3644208 1.0866761 1.4783337 1.1964494 1.1763981 1.1136674 1.6444227 1.6405112 1.6924118 1.6239641 1.6645295 2.2838406 1.6228841 1.8050464 2.4539365 1.3837976 1.7480306 1.6417150 1.6557231 1.7377465 1.6849723 1.6847097 1.2720292 1.7757142 2.2105335 2.0812609 2.0218398 1.9778559 1.9380720 2.0514806 1.8391144 2.0331949 1.2405750 1.7032534 1.7994298 1.6154912 1.4043441 1.9214380 2.0127974 1.6679376 1.9439901 2.5399914 2.3553138 2.2198384 1.6289379 2.1364908 2.4720052 0.9481911 2.1713487 2.0599440 2.1084776 2.9872739 2.5211016 
Adig_XM_015909538.1                                    1.6464161 1.9724220 1.1541031 1.1945147 1.1930011 0.8183740 0.8513076 0.7028084 0.8583569 0.8051791 0.9669393 1.0395567 0.7742078 0.6998229 0.7887827 0.8113108 0.7219139 0.8068390 1.1775332 1.1760310 8.9999990 1.0360666 1.2279695 1.3178679 5.0284904 0.1225809 0.0000000 1.4216870 2.3037499 1.4311587 1.6109130 1.7239735 2.1373180 1.6331904 2.5143196 2.8323757 2.3445237 2.1578448 2.0363019 2.3847905 2.2758205 2.0554433 2.1088486 2.0423534 1.9709762 2.0447916 1.9106924 1.9106924 1.8273123 1.9106924 1.9969861 1.8515882 2.4779462 2.3164806 2.1712778 2.4657573 2.2963511 3.1083762 6.9291035 1.7089342 1.8817380 1.8490116 1.9578074 2.0059199 2.0466622 2.0466622 1.3652898 2.2016201 1.7110438 1.9754454 1.5534989 2.1794646 2.2036131 2.2066931 2.2307964 2.3363854 8.9999984 2.2696423 2.6353101 2.4762840 1.9433984 2.5634474 1.6553662 2.4501217 3.0594199 2.2970697 2.2123087 1.7745208 2.4339143 3.2368404 3.1248421 4.0117772 2.7229621 2.6876479 2.8208342 2.5914374 2.3488823 1.6720127 2.2451456 2.7673695 2.4150615 2.0687810 2.4193769 2.5566066 2.7091381 2.8705952 4.2460793 4.3912184 3.5192819 2.3030905 3.0454025 2.9205447 1.4561512 2.4704203 2.2521935 3.8944643 4.0012726 4.8819812 
Nvec_v1g93479                                          0.9898303 1.2867484 0.6588615 0.6466835 0.6067196 0.7206063 0.6919329 0.7529174 0.6827237 0.7225050 0.5952480 0.6028240 0.6579805 0.7378554 0.6663583 0.6447128 0.6460922 0.7265132 0.6424306 0.6237040 0.0527963 0.5748717 0.6017976 0.6329500 0.6965508 0.8829014 1.4216870 0.0000000 1.3557576 1.1091152 1.1666624 1.3646676 1.4123748 1.2483748 1.3506157 1.9778504 1.3203439 1.3509612 1.1835663 1.4744448 1.4784061 1.6785183 1.4234000 1.3570813 1.2818444 1.2500823 1.2406634 1.2406634 1.3664111 1.2406634 1.3547143 1.1323692 2.0591019 1.5383281 1.6854041 1.4903366 1.6367472 2.0234568 1.0637485 1.0899657 1.6388382 1.6180166 1.6571777 1.6571777 1.6203520 1.6203520 1.2321564 1.6278277 1.2558206 1.2696032 1.1908503 1.3625752 1.3390947 1.4129552 1.4467333 1.4417701 1.6832872 1.3390947 1.4595580 2.2219823 1.4205935 1.5166977 1.4947966 1.4763634 0.0000010 1.6390137 1.4515664 1.2456158 1.2879293 2.2421853 2.2389013 2.1984518 1.8535318 1.6868793 1.9760446 2.0891830 1.7540740 1.4901465 1.5591644 2.2983572 2.0193847 1.6165557 1.7663769 1.7820647 1.3085140 1.6471948 2.5051619 2.4674933 2.0852198 1.5116558 1.9356742 2.0498975 1.0349063 2.2516663 2.0978180 2.4189089 2.4269328 4.1277812 
Morvir_scaffold15.g121.t3                              1.4564403 1.9277899 1.2398924 1.1791715 1.3762964 1.2965383 1.6108442 1.4014670 1.3081212 1.2820984 1.2564596 1.3055105 1.1949986 1.1320557 1.0914309 1.1546163 1.3127489 1.4288347 1.3298849 1.3214287 0.7668384 1.3433247 1.5687832 1.5003903 0.9878865 1.4036908 2.3037499 1.3557576 0.0000000 1.6489343 1.5882849 1.8809743 1.9090233 1.8107874 1.6056218 2.1654156 1.8298343 1.2238172 1.0494320 1.2797914 1.5437253 1.3818824 1.5777898 1.5797536 1.6956945 1.6842004 1.8007449 1.8007449 1.8938018 1.6412340 1.8650898 1.6437774 1.5480007 1.3773013 1.4586433 1.1978354 1.3850013 1.8604998 1.3391245 1.6788730 1.7077924 1.6767966 1.7725581 1.7062659 1.7788306 1.7634234 1.6949667 1.6760904 1.7355199 1.6838797 1.5611469 2.4254862 2.4993704 2.5057887 2.6064435 2.3277116 2.6752014 2.4664815 2.4565893 3.4272169 2.0146176 2.3421795 2.4020761 2.2274258 2.9185508 2.3734039 2.4068112 1.4522532 2.0850534 2.6390912 2.6513664 2.5635055 2.2421479 2.0206456 2.8371856 2.6634054 2.4227225 1.9875583 2.1182153 2.2726728 2.1125890 2.1780394 2.3948774 2.4692631 1.5010798 2.0073460 2.5456264 2.4238196 2.2558791 2.0324028 2.6653688 2.7862456 1.5127560 2.7831634 2.8570061 3.1834968 3.2443728 3.1485672 
Spur_XM_030976996.1                                    1.1862393 1.4319865 1.0579131 0.9917177 1.1479273 1.0107744 1.2508065 1.0676787 1.0368547 1.0243652 0.9282254 0.9399557 0.9358264 0.8726122 0.9577339 0.9292085 0.9657310 1.0897189 1.1805350 1.2104797 0.8987262 1.1292924 1.2015514 1.1763888 0.8928207 1.0719654 1.4311587 1.1091152 1.6489343 0.0000000 1.1539489 1.4572665 1.4957167 1.5210212 1.3959647 2.0460934 1.4497602 1.3363806 1.3690356 1.6694210 1.8246475 1.6844119 1.6468596 1.4840761 1.4059987 1.3897326 1.1997316 1.1997316 1.4158607 1.1649391 1.2492214 1.1532685 1.7861427 1.6131503 1.7173000 1.3753805 1.4476733 2.2645425 1.1259679 0.9300414 1.2936706 1.2739282 1.3957534 1.2648260 1.4960847 1.4802067 1.0518703 1.3295712 1.1822655 1.0711153 1.0459525 1.6591128 1.8188135 1.6673188 1.6799058 1.6588983 1.9996151 1.7949681 1.7459929 2.6288763 1.5608141 1.8213672 1.8014456 1.7166213 2.0309419 1.7176841 1.6995741 1.1893512 1.3253386 1.9742076 1.9224721 1.7229285 1.6016800 1.4731289 1.8983932 1.8080625 1.6311493 1.4977636 1.7341074 1.8793550 1.7508932 1.3228840 1.8187594 1.4379151 1.2656543 1.6016791 1.9921554 2.0817126 1.9210935 1.3067404 1.8896956 2.0897709 1.3506369 1.8442484 1.6829869 3.4077833 2.4153199 2.2355061 
Dgig_XM_028552682.1                                    1.3318598 1.5516490 0.8550837 0.8142606 0.9764295 0.9481615 0.9083322 0.9366314 0.9255386 0.9187058 0.8679938 0.9147546 0.9016900 0.9551798 0.9832397 0.9036598 1.0551767 1.1093606 0.8368061 0.8320652 1.0637955 1.0786486 1.0760203 1.0066971 1.0143856 1.0369474 1.6109130 1.1666624 1.5882849 1.1539489 0.0000000 0.5694414 0.7177430 0.5951336 1.2726917 1.6631332 1.4466144 1.4304629 1.2107593 1.4242810 1.6473169 1.4799575 1.3056714 1.4693732 1.5318619 1.4484360 1.4787438 1.4787438 1.4646698 1.3615576 1.5725525 1.3327288 1.5673773 1.4520314 1.5258488 1.5259936 1.3794013 1.6417281 1.2485654 1.3630771 1.4919109 1.5237018 1.5015884 1.4415313 1.5913883 1.5653020 1.3628729 1.6387582 1.1617949 1.2582909 1.2316820 2.1810215 2.2992605 2.1210798 2.2118334 1.8278248 2.0243660 2.1506989 1.8572683 2.9964837 1.5684233 1.9075759 2.0927558 1.9095519 1.5665625 1.8726697 1.8407321 1.4007948 1.7713908 2.0701456 2.1331597 1.7926908 1.9328923 1.7875224 2.1684195 2.1935483 1.8552713 1.7782691 1.8946617 2.1573267 1.9181302 1.5619796 1.8935760 2.0011121 1.2772472 1.4491191 2.2431763 2.4245056 2.1015701 1.7795825 2.2160043 2.3868138 1.1482605 2.1405036 2.1691185 2.6696693 2.3177259 2.2981441 
Xesp_021622-T1                                         1.2942179 1.5404982 1.1402857 1.0998721 1.3580226 1.1107075 1.1054553 1.1323989 1.0695312 1.0663136 1.0657554 1.0759309 1.1143750 1.0603754 1.1054176 1.0647053 1.1473232 1.3197503 1.0511985 1.0686781 1.0682809 1.1951910 1.3887221 1.2738531 1.3252375 1.1493485 1.7239735 1.3646676 1.8809743 1.4572665 0.5694414 0.0000000 0.7306940 0.5499222 1.3826894 1.7906400 1.5185212 1.5287582 1.2769332 1.5807783 1.7626888 1.6154311 1.5475538 1.5892455 1.4655233 1.5531193 1.6188114 1.6188114 1.5680482 1.4936771 1.6912127 1.5961986 1.8317278 1.7056797 1.6115293 1.7246484 1.6711629 2.0411648 1.5403155 1.7163929 1.5395251 1.5173512 1.4338247 1.3456055 1.5170687 1.5340445 1.5962299 1.8490076 1.4992606 1.4477461 1.5619460 2.4042949 2.3900055 2.2076997 2.4071979 2.0437216 2.2355842 2.2243925 2.1013575 3.1436517 1.6829542 2.0484965 2.2801422 2.1006328 1.7915070 2.0290365 1.9662773 1.4860140 1.8070224 2.3133278 2.2868808 2.1742267 2.1470569 2.1281877 2.3037766 2.4278412 2.1562331 1.9380087 1.8726112 2.4304951 2.2254609 1.7248580 2.0367095 2.2247987 1.5987002 1.7704877 2.4642358 2.4091081 2.2309380 2.0434431 2.4093330 2.7890963 1.3400033 2.2663245 2.1483216 2.6897528 2.4829611 2.3223822 
