93
Lcom_lcpid227686                                              0.0000000 0.0378899 0.0000010 1.6903467 1.4065034 1.4181370 1.4181370 1.2217254 1.2497406 1.3467757 1.2280687 1.6154297 1.2756218 0.0000010 1.8605762 2.0148467 0.0000010 0.0000010 1.3577139 0.0000010 1.4716808 1.0407113 0.9468125 1.4511874 1.4323705 1.6307569 1.8367419 1.4851664 1.5065451 0.0000010 1.6194848 2.0034659 1.2254393 2.5297373 2.2943966 1.6742117 0.0000010 1.3181805 1.5156953 0.0000010 2.3859975 2.3754834 2.1103475 2.1103475 2.0003378 0.7734773 2.2725547 0.0000010 9.0000000 6.6899361 2.2725061 0.0000010 1.7780823 2.9766287 0.0000010 2.3116360 1.7790284 1.5235243 1.6470512 5.1370762 2.9431658 2.9431658 1.7537826 1.6404626 1.9053596 1.8479899 1.8516741 1.5338035 1.3788068 1.8672673 1.2531108 1.3324778 1.3464908 1.5666168 1.5666168 1.3201062 1.3783999 1.9736711 2.1387065 1.3779164 1.2595195 2.3012971 1.3836277 2.2282653 1.9051684 1.3998082 7.7576565 0.0000010 0.0000010 0.0000010 2.0965529 0.0000010 0.0000010 
Lcom_lcpid64261                                               0.0378899 0.0000000 0.0376343 1.5782984 1.0747091 1.1458009 1.1664955 1.2607416 1.1966631 1.0330296 0.9446885 1.0550706 0.8239320 0.9640714 1.0297550 0.9873937 0.8121427 0.3712317 0.9875090 0.8873848 1.2637716 0.5987350 0.4937275 1.0362667 0.9995438 1.1505064 1.3225221 1.3569349 1.3115504 0.9155074 1.2652572 1.3971339 1.0955066 1.0894971 1.3189489 1.1842606 1.2363298 0.9605385 1.1336274 1.6575451 1.7165504 1.7088703 1.6067107 1.6067107 1.4385187 1.3218406 1.4840824 0.8761396 1.4071842 1.3928777 1.6949290 1.1133863 1.6134028 1.6971226 1.0783446 1.7003504 1.5488138 1.5690269 1.5602628 1.2278602 1.7013557 1.5013451 1.3341466 1.3591783 1.3134538 1.3148958 1.3453089 1.3204323 1.1829562 1.1551356 1.1733646 1.4631962 1.2146033 1.1882252 1.1882252 1.1116476 1.7369669 1.6223868 1.8599753 1.1055378 0.8874305 1.4103017 1.2671415 1.7833618 1.5225119 1.4873630 2.4606351 1.4790298 1.2852137 1.9029426 1.3464037 1.2730165 4.0286398 
Lcom_lcpid153291                                              0.0000010 0.0376343 0.0000000 1.7224371 1.6802742 1.7057689 1.6214553 1.0999045 1.2409527 1.2705673 1.1168697 1.3309721 1.9999599 0.0000010 1.4246404 2.4214904 0.0000010 0.0000010 1.5154793 0.0000010 1.6191249 0.8014013 0.5698763 1.3173765 1.4348357 1.4383611 1.7783341 1.7635325 1.8092324 0.0000010 1.7424675 0.0000010 1.2257628 1.5733666 0.0000010 1.7371463 0.0000010 1.3454158 1.5250930 0.0000010 2.7147477 2.5873601 2.5256670 2.5256670 2.3871333 1.6386061 2.8776137 0.0000010 9.0000000 6.6899361 2.5946515 0.0000010 2.1139976 2.7583744 0.0000010 2.6528448 2.3970289 2.1317644 2.1204567 5.1370762 2.4208411 2.4208411 1.5874822 1.5061908 1.6446194 1.5582290 1.5604722 1.5568390 1.3341205 1.6569926 1.6939771 1.3723271 1.3934835 1.6116717 1.6116717 1.5663950 1.4975024 1.7391555 2.0015074 1.3266038 0.9820184 1.9969784 1.4927183 2.2213449 1.7690195 1.5007207 7.9775146 0.0000010 1.2852137 1.9034866 1.4852443 0.0000010 7.0422538 
Spolac_c104236_g2_i3_m.39057c101628-g1                        1.6903467 1.5782984 1.7224371 0.0000000 0.0483502 0.2418361 0.2425663 1.6029695 1.7966017 1.9227712 1.7085887 2.4504272 1.4216234 0.0000010 2.0894852 2.8500970 0.0000010 0.0000010 2.3657852 0.0000010 1.0856013 1.7508575 1.5688486 1.6228757 1.4724128 1.5723329 2.3447262 2.0520890 2.1391171 0.0000010 2.2949781 0.0000010 1.6720512 2.7280175 3.6621446 1.9763083 0.0000010 1.9529152 2.0507938 0.0000010 2.6771396 2.8210679 3.3382025 3.3382025 4.0896335 3.4335864 4.6963890 0.0000010 9.0000000 6.6899361 3.6145115 0.0000010 4.2046144 3.5031666 0.0000010 3.3688502 3.4960784 2.9371648 2.8971130 8.9999988 4.4734213 4.4734213 2.4291468 2.2882112 2.1224187 2.3126002 2.2656674 1.8618014 1.8606930 1.7899514 1.5702067 1.9773274 1.6407611 1.3607038 1.3607038 1.7147935 1.3342756 1.1974963 1.2494546 1.0319810 1.9975810 2.0601650 1.9980806 3.8899781 1.9626190 1.4996809 8.9999990 0.0000010 0.0000010 0.0000010 2.0533294 0.0000010 0.0000010 
Spolac_c104236_g2_i2_m.39055c101628-g1                        1.4065034 1.0747091 1.6802742 0.0483502 0.0000000 0.1594886 0.1920720 1.1365969 1.1379138 1.0175900 0.9264840 1.0564644 0.6340341 0.8491485 1.1105797 0.7034615 0.5959348 0.2118421 0.8254893 0.5572466 0.8291550 0.9457933 0.9516595 0.9193548 0.9579547 1.0345907 1.1853317 1.0771347 1.0602153 0.8069061 1.1896796 1.5657208 1.0658475 1.2239204 1.1029281 1.0788647 1.2236419 1.0288989 1.0237492 1.3642574 1.5309818 1.5535780 1.5002763 1.5002763 1.4449795 1.2241014 1.4637420 0.7533882 1.3013168 1.2966463 1.5945307 0.8663122 1.6530746 1.5722889 0.9132490 1.5897518 1.5454342 1.5536616 1.5125903 1.2035906 1.8529884 1.5387468 1.2501867 1.2955524 1.1863036 1.2449527 1.2799301 1.2285353 1.1271025 1.1178039 1.1112568 1.4124528 1.0422515 1.0550888 1.0550888 1.1449133 1.4388876 1.1974963 1.2494546 0.7152132 1.4695772 1.3257804 1.0893879 2.1022137 1.6348307 1.4996809 1.8124747 1.1879594 0.0000010 0.0000010 1.2702244 0.8833847 0.6509987 
Emue_Em0023g514a.t1                                           1.4181370 1.1458009 1.7057689 0.2418361 0.1594886 0.0000000 0.0297400 1.2326527 1.5628949 1.4991054 1.4092321 1.5108528 0.6134694 0.8425489 1.5154788 0.6890304 0.6192026 0.2634295 0.7723065 0.5977583 1.1121400 1.2627955 1.2240791 1.1521460 1.4814845 1.0526076 1.6514197 1.6412386 1.6123111 0.7883051 1.7258258 1.4531730 1.5843631 1.5076971 1.0329269 1.4657991 1.2697198 1.1132501 1.4565435 1.3723894 2.2835520 2.3680039 1.5256996 1.5256996 1.4299871 1.2262640 1.4547729 0.8162765 1.3113990 1.3066259 2.0785900 0.8716134 1.5736760 1.4904364 0.9083061 2.1867977 1.6406876 1.8606697 1.9259255 1.1142785 2.1982764 1.8840100 1.6478206 1.6815117 1.2544654 1.6351929 1.6510014 1.6682426 1.1851731 1.3629130 1.7073246 1.3150683 1.4407214 1.2388033 1.2388033 1.1898841 1.7875259 1.0018317 1.0704473 1.2258373 1.7144314 1.9600972 1.6844383 2.6643509 2.6587237 2.5860026 2.6093122 1.1997675 3.3497845 0.7838808 2.6024329 0.9912318 2.8105785 
Emue_Em0023g523a.t1                                           1.4181370 1.1664955 1.6214553 0.2425663 0.1920720 0.0297400 0.0000000 1.3481775 1.6332633 1.5589376 1.4819722 1.5785150 0.6795693 0.8307368 1.4963959 0.7337256 0.6192026 0.2634295 0.8186505 0.5977583 1.0997430 1.2786213 1.2782026 1.1812306 1.5644756 1.0259786 1.6882540 1.6203075 1.5896117 0.7883051 1.7658826 1.4531730 1.6699290 1.5232600 1.0236334 1.4642596 1.2697198 1.1512827 1.5034832 1.3723894 2.3765187 2.4682788 1.5335098 1.5335098 1.4151355 1.2017075 1.4341395 0.8162765 1.2888354 1.2841020 2.0939607 0.8716134 1.5704620 1.5098688 0.8938498 2.2732775 1.6687028 1.9337731 1.9978284 1.1142785 2.3469095 2.0028987 1.6645864 1.7098951 1.2668382 1.6594274 1.6755647 1.6783243 1.1996455 1.3734165 1.8601720 1.2476914 1.4885166 1.2585864 1.2585864 1.2412240 1.6564948 0.9544162 1.0077679 1.1875297 1.7096099 2.0707439 1.7109519 2.8503152 2.6147444 2.3916314 2.7232163 1.3079821 3.2869908 0.6728436 2.5634568 0.9912318 2.4621456 
Fspp_ffun1.m4.33696.m1                                        1.2217254 1.2607416 1.0999045 1.6029695 1.1365969 1.2326527 1.3481775 0.0000000 0.1463391 0.1840518 0.2508328 0.3141011 0.3946063 1.3285795 0.9751262 1.1471145 1.1743448 0.0000010 1.0727352 1.9704281 1.3373560 1.0992645 1.1228252 1.0274940 0.8679682 1.0957495 1.0514748 1.0514553 1.0436733 2.2516683 1.0168310 1.7101408 0.1746858 1.1265739 1.0493423 1.0682900 1.4171858 1.0318859 1.3392727 0.0000010 1.9946533 1.9703268 1.9076072 1.9076072 1.8912825 1.6953869 2.0256329 1.6717784 1.8924232 1.8648582 2.0826686 1.8792983 1.9837149 1.9216348 1.5476188 1.7999998 2.0753821 1.9524837 1.9358543 2.3020345 1.7411222 1.7411222 1.4709428 1.4601992 1.3432092 1.5234094 1.5250067 1.4280437 1.3368238 1.1297162 1.1307088 0.3311918 0.6144658 1.3145713 1.3145713 1.0598478 1.6742082 1.3772492 1.5931130 1.1531959 0.9502567 1.7399422 0.5917080 2.1423497 1.2179811 0.9065902 4.5014309 1.0502899 0.3381844 2.0545844 1.6100781 0.0000010 2.4119653 
Pocdam_XM_027190700.1                                         1.2497406 1.1966631 1.2409527 1.7966017 1.1379138 1.5628949 1.6332633 0.1463391 0.0000000 0.1356715 0.3971177 0.4213398 0.2514034 1.0728006 1.2940582 0.9836536 0.6302289 0.1957018 0.9443346 0.8409909 1.4884734 1.4826083 1.4693706 1.2556930 1.2551408 1.0498523 1.2721163 1.3490243 1.3441471 0.7602009 1.3054874 0.9356800 0.4034963 1.3913447 0.9558329 1.3623029 0.9860051 1.0141426 1.5276270 2.4185163 2.5332257 2.5312229 1.6420173 1.6420173 1.4859294 1.3537400 1.5367254 1.2531653 1.4712521 1.4631444 2.1078689 1.0463258 1.5801892 1.6767771 1.3069300 2.1429655 1.6811696 1.8549327 1.8880475 1.3266381 1.8217516 1.7160071 1.6732437 1.7030661 1.0870600 1.7075850 1.6930797 1.6386881 1.1217120 1.3163981 1.4004505 0.4281637 0.9618425 1.6390334 1.6364800 0.9302532 2.5606957 1.4814874 1.7162479 1.5544934 1.4083300 2.2038759 0.8922900 2.3582414 2.0742657 1.7478265 3.1402949 1.0206291 0.4527641 3.0462416 2.6038213 2.5238024 4.1698394 
Spis_XP_022781077_1                                           1.3467757 1.0330296 1.2705673 1.9227712 1.0175900 1.4991054 1.5589376 0.1840518 0.1356715 0.0000000 0.3784506 0.3991096 0.3098164 0.8275318 1.2436184 0.8505195 0.6449916 0.1714939 0.8202869 0.7593315 1.4534454 1.4254614 1.4080391 1.2633702 1.1446329 0.9001398 1.2346186 1.3246610 1.3048102 0.4933396 1.3253013 0.3478323 0.3808289 1.2895265 0.7753135 1.2545223 0.7789905 0.8829542 1.4898787 1.3809686 2.3063550 2.3819798 1.4882017 1.4882017 1.2725859 1.1375389 1.3120186 0.9202560 1.2172325 1.2124525 1.9594123 0.9333105 1.4744207 1.4898482 0.9752883 1.9942272 1.5123993 1.7354087 1.7914218 1.0418299 1.8626135 1.6280355 1.5750743 1.6786314 1.0409934 1.5941244 1.6404576 1.6140327 0.9964116 1.2088692 1.3239621 0.4485160 0.9237984 1.5044907 1.5018413 0.8376227 2.5686368 1.4665511 1.6922578 1.5684037 1.4462505 2.0633999 0.9114255 2.4650191 2.2162532 1.9079220 2.7569264 1.0423569 0.5462912 3.3510607 2.8529002 1.0199240 4.7982715 
Amil_Amillepora09186-RA                                       1.2280687 0.9446885 1.1168697 1.7085887 0.9264840 1.4092321 1.4819722 0.2508328 0.3971177 0.3784506 0.0000000 0.0385692 0.3035703 0.7362905 1.1006189 0.7960163 0.5639800 0.1689215 0.7637178 0.6525160 1.3094517 1.2451785 1.2275515 1.1383018 1.1109671 0.8712460 1.1830669 1.3014042 1.2558010 0.4310237 1.2443206 0.5087755 0.3403707 1.2422840 0.7392115 1.1461626 0.6856940 0.8275077 1.4027198 1.2169937 2.2447184 2.2556171 1.5160578 1.5160578 1.2303470 1.0945492 1.2833002 0.7944243 1.1783669 1.1736292 1.9477063 0.7634633 1.4137170 1.4441246 0.8395424 2.0289478 1.5122625 1.6436531 1.7069112 1.0060867 1.8836457 1.6456871 1.4191462 1.5028466 0.9670003 1.4385458 1.4809358 1.5266009 0.9131781 1.1464889 1.2884975 0.5462753 0.9114964 1.3969285 1.3907970 0.8167178 2.6284092 1.5031872 1.7500514 1.3594867 1.4320471 1.9563203 0.9697443 2.4042949 2.1940191 1.7146257 2.8299100 0.9885021 0.6884790 2.9241036 2.3248351 1.1158565 3.3763333 
Adig_XM_015925373.1                                           1.6154297 1.0550706 1.3309721 2.4504272 1.0564644 1.5108528 1.5785150 0.3141011 0.4213398 0.3991096 0.0385692 0.0000000 0.3245282 0.7739404 1.1568716 0.7821496 0.5943828 0.1689215 0.7838027 0.7116608 1.3293240 1.2963780 1.2771586 1.1775874 1.1725249 0.9345056 1.2015687 1.3097402 1.2766995 0.4825573 1.2615906 0.3975079 0.3597699 1.2487855 0.7703934 1.1872861 0.7738045 0.9023087 1.4028562 1.4915447 2.3599229 2.3767864 1.5723995 1.5723995 1.3037799 1.1585681 1.3454006 0.9360020 1.2417414 1.2366663 2.0464601 0.9852593 1.4900219 1.5440085 0.9599513 2.0596248 1.5468448 1.6980939 1.7552257 1.1030643 1.9257841 1.7097869 1.4383911 1.5170832 1.0159631 1.4479760 1.4882053 1.5439705 0.9848274 1.2021719 1.3191101 0.5010234 0.9641901 1.4494934 1.4434570 0.8827717 2.9470242 2.1246932 2.4102113 1.4359150 1.5120478 2.0107706 1.0218327 2.5244255 2.3446422 1.8921435 2.6881233 0.9728820 0.6496683 2.9381338 2.2760824 1.1468185 3.3865172 
Nvec_v1g225138                                                1.2756218 0.8239320 1.9999599 1.4216234 0.6340341 0.6134694 0.6795693 0.3946063 0.2514034 0.3098164 0.3035703 0.3245282 0.0000000 0.5454040 0.7611948 0.6948476 0.2935328 0.2935328 0.5321533 0.2659870 0.5743542 0.6651554 0.6744128 0.5482361 0.5264419 0.6835864 0.5777383 0.5862215 0.5762422 0.2628218 0.6115245 4.5271784 0.2992667 0.7231044 0.6175614 0.7697696 0.2535855 0.5575800 0.7564160 0.9080289 0.9965584 1.0336177 1.1196911 1.1196911 1.0709798 0.8471763 1.0709798 0.4983180 0.9475118 0.9522467 1.1015505 0.4806374 1.1015505 1.2871548 0.5545046 1.0288064 1.1471895 1.0293517 0.9753932 0.7011582 1.1569598 1.1569598 0.9791854 1.0097915 0.9455088 1.0472120 1.0472120 0.9794112 0.9143962 0.6512312 0.4943100 0.8488922 0.0869786 0.8156736 0.8156736 0.5270605 1.6811679 1.7823532 1.7898876 0.5135044 0.7702011 1.0670645 0.4212037 1.1584239 1.3275366 0.7425302 1.6401483 0.6095530 0.0000010 0.0000010 1.7235020 0.0000010 0.7211521 
Clacor_Ccor_C533953_01                                        0.0000010 0.9640714 0.0000010 0.0000010 0.8491485 0.8425489 0.8307368 1.3285795 1.0728006 0.8275318 0.7362905 0.7739404 0.5454040 0.0000000 0.8082377 0.6215521 0.5646608 0.1536332 0.8071041 0.7246005 0.9408842 0.8145307 0.7270056 0.8663670 0.8795309 0.9890426 0.8175999 0.8347445 0.9029408 0.5544742 0.9037324 1.1521239 0.8908684 0.8580182 1.0098935 0.8641273 1.0251047 0.9318633 0.9113092 1.4241379 1.1993404 1.2205329 1.1282494 1.1282494 1.1907986 1.1907986 1.1907986 0.9201690 1.1907986 1.1907986 1.1734347 0.8621750 1.3752158 1.2624818 0.9648559 1.2712378 1.3849774 1.3464913 1.3262651 1.1752441 1.4158654 1.1350479 1.1168219 1.2248199 1.0777781 1.0762867 1.1030745 1.1077821 1.0178240 1.0230952 0.9866298 1.1303447 0.9590777 0.9358105 0.9358105 0.9951678 1.7164048 0.0000010 0.0000010 0.8508250 0.0000010 1.2342305 0.9322673 1.6613536 5.2866204 0.0000010 1.2893643 1.4200354 0.0000010 0.0000010 1.2089081 1.0877762 0.7211521 
Cgig_XM_011445006.3                                           1.8605762 1.0297550 1.4246404 2.0894852 1.1105797 1.5154788 1.4963959 0.9751262 1.2940582 1.2436184 1.1006189 1.1568716 0.7611948 0.8082377 0.0000000 0.8405342 0.6523955 0.1478846 0.8471489 0.7463467 1.2917404 1.2554734 1.1620203 1.3039833 1.2607552 0.7305341 1.3970676 1.4375223 1.4322073 0.5762162 1.4614672 0.9900680 1.2383003 0.8896075 0.9217821 0.9274131 0.8668929 0.8461616 1.1507685 1.0820178 2.3474559 2.3579108 1.3183892 1.3183892 1.1440575 0.9997022 1.1847432 0.7394680 1.0503080 1.0484408 1.7917635 0.7674181 1.3047925 1.3002800 0.7790164 1.9746421 1.4386280 1.7008557 1.6969842 0.8519914 1.9728102 1.7132333 1.5495465 1.6168376 1.0601400 1.5563566 1.5951366 1.4911894 0.9635616 1.2400364 1.5888123 1.2437385 1.4200080 1.3901543 1.3901543 0.9513386 2.2702159 1.2246256 1.4016049 1.3385227 1.3485355 2.0738126 1.6175606 2.2677062 2.4325265 1.9177311 3.2464060 1.2085041 2.1389296 2.2916230 2.7107234 1.1049067 3.4031243 
Tetwil_g25574.t1                                              2.0148467 0.9873937 2.4214904 2.8500970 0.7034615 0.6890304 0.7337256 1.1471145 0.9836536 0.8505195 0.7960163 0.7821496 0.6948476 0.6215521 0.8405342 0.0000000 0.4463162 0.1551993 0.6416598 0.5584316 0.7892310 0.9130465 0.8235951 0.7528142 0.9230473 0.9323218 0.8994433 0.8941374 0.8862338 0.6613542 0.9219146 1.1774499 0.8774840 0.9437586 0.8806016 0.8791091 0.9307798 0.8900128 0.8420795 1.2460908 1.3259140 1.4005040 1.1944151 1.1944151 1.2025483 1.1046883 1.2025483 0.8098850 1.1615726 1.1600116 1.2175336 0.7604114 1.3120926 1.4189968 0.8348704 1.2946563 1.2834820 1.3144679 1.2654162 1.0488380 1.4647470 1.1566950 1.1558948 1.2402437 1.1704645 1.1319316 1.1736686 1.2635019 1.1180840 1.0727870 1.0381599 1.1576597 1.0256196 1.0305973 1.0305973 1.0337796 2.0623318 2.1872104 2.3674876 0.7623464 1.2959937 1.3869819 1.1659423 1.8057574 1.8730212 2.5846165 1.5077028 1.0436873 1.8023344 1.7302966 1.4668870 0.9556964 1.6358144 
Stycar_maker-SC_scaffold111433-augustus-gene-0.3-mRNA-1       0.0000010 0.8121427 0.0000010 0.0000010 0.5959348 0.6192026 0.6192026 1.1743448 0.6302289 0.6449916 0.5639800 0.5943828 0.2935328 0.5646608 0.6523955 0.4463162 0.0000000 0.0000010 0.5761298 0.4665566 0.6384337 0.6523241 0.6748741 0.6732661 0.6597558 0.7303784 0.7709898 0.7228871 0.6243280 0.4650876 0.7424031 4.5045876 0.6897542 0.6811971 0.6886552 0.6406594 0.9288943 0.8204942 0.6761905 1.3007973 0.8624221 0.8873321 0.8617854 0.8617854 0.9988383 0.9988383 0.9988383 0.7298974 0.9988383 0.9988383 0.9718015 0.5811202 0.9718015 0.9255338 0.5759017 1.1134185 0.9861633 1.0724188 1.0066588 0.9533630 0.7959708 0.8548668 1.0576468 0.9878145 0.9750037 1.0434405 1.0434405 0.9975316 1.0184560 0.8462899 0.6834440 0.6522054 0.6763678 1.0006421 1.0006421 0.6830444 1.6171483 0.0000010 0.0000010 0.3870836 0.0000010 0.7961098 0.8130710 0.9531462 0.0000010 0.0000010 0.6292936 1.1852576 0.0000010 0.0000010 1.0098106 0.0000010 0.7211521 
Stycar_maker-SC_scaffold6558-snap-gene-0.164-mRNA-1           0.0000010 0.3712317 0.0000010 0.0000010 0.2118421 0.2634295 0.2634295 0.0000010 0.1957018 0.1714939 0.1689215 0.1689215 0.2935328 0.1536332 0.1478846 0.1551993 0.0000010 0.0000000 0.1351501 0.2029473 0.2214552 0.2054066 0.2027559 0.1994345 0.2227302 0.2192325 0.2626377 0.3482154 0.3437386 0.3015065 0.2912386 8.2855878 0.3098059 0.2053156 0.2748999 0.3167671 0.3095384 0.3644834 0.2943425 0.9803469 0.2915086 0.3302009 0.3158495 0.3158495 0.4088418 0.4088418 0.4088418 0.4088418 0.4088418 0.4088418 0.3234533 0.3234533 0.3234533 0.3364870 0.3364870 0.3530230 0.3781026 0.3532639 0.3174698 0.3174698 0.3095107 0.3095107 0.4649423 0.4071557 0.4238031 0.4071557 0.4071557 0.4238031 0.4548019 0.2432719 0.2346108 0.1945160 0.2497303 0.3638410 0.3638410 0.2346108 0.9716588 0.0000010 0.0000010 0.1618999 0.0000010 0.2179080 0.0937215 0.3161519 0.0000010 0.0000010 0.1323633 0.0000010 0.0000010 0.0000010 0.9945639 0.0000010 0.7211521 
Plespi_Pspi_scaffold15473_01                                  1.3577139 0.9875090 1.5154793 2.3657852 0.8254893 0.7723065 0.8186505 1.0727352 0.9443346 0.8202869 0.7637178 0.7838027 0.5321533 0.8071041 0.8471489 0.6416598 0.5761298 0.1351501 0.0000000 0.6793252 0.7742965 0.8452446 0.7706387 0.7402174 0.8212270 0.9218679 0.7688854 0.7703967 0.7891623 0.7024700 0.8040809 1.1501427 0.9109568 0.8441642 0.9233586 0.9592229 1.0681067 0.7700546 0.9499131 1.3025691 1.3640182 1.3841523 1.2704727 1.2704727 1.2073031 1.1293130 1.2073031 0.8626115 1.1800779 1.1783218 1.2728560 0.7441811 1.3750895 1.4400736 0.9478652 1.3199323 1.2677669 1.3199893 1.2763884 1.2086031 1.4703127 1.1851146 1.1115165 1.1643410 1.0552901 1.1176581 1.1155991 1.0919397 0.9932791 0.9783240 0.8849962 1.1558387 0.9242580 1.1117824 1.1117824 0.9202895 1.7177040 2.7953052 3.2169275 0.5908820 1.1212512 1.2458451 1.0639641 1.6535229 1.1097278 1.0212038 1.3267752 0.8284702 0.0000010 0.0000010 1.2679890 1.1499742 0.7211521 
Xestes_maker-XT_scaffold124255-snap-gene-0.5-mRNA-1           0.0000010 0.8873848 0.0000010 0.0000010 0.5572466 0.5977583 0.5977583 1.9704281 0.8409909 0.7593315 0.6525160 0.7116608 0.2659870 0.7246005 0.7463467 0.5584316 0.4665566 0.2029473 0.6793252 0.0000000 0.2713713 0.7494647 0.7689791 0.8174940 0.7455230 0.6898849 0.7820723 0.7198844 0.8222017 0.7352941 0.8391209 1.2811179 0.7433545 0.6457047 0.9439831 0.6465235 0.8616435 0.7916148 0.7516750 1.7213979 1.0288364 1.0362160 0.8959405 0.8959405 0.8001176 0.8001176 0.8001176 0.7698535 0.8001176 0.8001176 0.7878753 0.7508841 0.8571194 0.9557667 0.9078585 0.9866992 0.9590994 1.1219979 1.0574898 1.0574898 1.0888937 0.8784598 0.9332015 0.8981288 0.8566935 0.9212615 0.9216711 0.8297317 0.8433967 0.8624316 0.8101201 0.7769176 0.7995337 0.9430396 0.9430396 0.8222048 2.5694460 0.0000010 0.0000010 0.3837155 0.0000010 0.8842562 0.8942009 1.1855212 0.0000010 0.0000010 0.3838101 1.6243615 0.0000010 0.0000010 1.0744195 0.8511956 0.7211521 
Halamb_c47237_g1_i2mm.2202                                    1.4716808 1.2637716 1.6191249 1.0856013 0.8291550 1.1121400 1.0997430 1.3373560 1.4884734 1.4534454 1.3094517 1.3293240 0.5743542 0.9408842 1.2917404 0.7892310 0.6384337 0.2214552 0.7742965 0.2713713 0.0000000 1.3055869 1.3356006 1.3056998 1.4952649 0.9656222 1.5469791 1.4247545 1.4569364 0.7634428 1.5272565 0.9756235 1.3517143 1.3034678 1.1191404 1.2275199 1.0230917 1.0130251 1.3786296 1.4881421 2.3310114 2.3652100 1.5612308 1.5612308 1.2695664 1.1319188 1.3071638 0.7269571 1.2137632 1.2090230 1.9931915 0.8293807 1.4535049 1.4695142 0.9557827 2.0819418 1.6814959 2.0551917 2.0114421 1.2338924 2.1347752 1.8790033 1.7493565 1.7905149 1.3480853 1.6915173 1.7080970 1.6927351 1.3085026 1.3356095 1.7495094 1.2489040 1.4256093 1.3591566 1.3531099 1.1502919 1.8209876 0.9662468 1.0868173 0.5642998 1.4416886 1.8468519 1.6752270 2.4605505 2.2749386 2.0925137 2.4659747 1.2672929 2.5307896 1.8283252 2.6339183 1.2738512 2.7063370 
Gracom_Gcom_scaffold648_01                                    1.0407113 0.5987350 0.8014013 1.7508575 0.9457933 1.2627955 1.2786213 1.0992645 1.4826083 1.4254614 1.2451785 1.2963780 0.6651554 0.8145307 1.2554734 0.9130465 0.6523241 0.2054066 0.8452446 0.7494647 1.3055869 0.0000000 0.4621902 1.2310515 1.4170790 1.0097709 1.5917577 1.5395195 1.4784514 0.6831457 1.6307978 1.1862446 1.3532765 1.2754355 1.2385475 1.3122939 1.1903462 0.9790560 1.5624823 1.5314629 2.4479482 2.4855016 1.4920032 1.4920032 1.3071876 1.2139975 1.3588100 0.8557723 1.2962183 1.2843970 1.9060408 1.0455323 1.4754130 1.5747369 1.0049620 2.0542622 1.6506506 1.8292482 1.8740834 1.1857319 1.9550977 1.7244150 1.5461321 1.6345333 1.2102324 1.5251221 1.5736301 1.5864138 1.1175441 1.3807214 1.7514808 1.3548517 1.4877210 1.2990982 1.2927118 1.1105065 2.3200362 1.4686723 1.7024631 1.3973546 1.0588583 2.0426031 1.6055374 2.3242526 2.4826843 2.0064331 2.6924539 1.5368149 2.7716632 2.0178868 2.6316358 1.3064043 1.5289237 
Leuniv_Lniv_C815592_01                                        0.9468125 0.4937275 0.5698763 1.5688486 0.9516595 1.2240791 1.2782026 1.1228252 1.4693706 1.4080391 1.2275515 1.2771586 0.6744128 0.7270056 1.1620203 0.8235951 0.6748741 0.2027559 0.7706387 0.7689791 1.3356006 0.4621902 0.0000000 1.1110587 1.3903169 0.9939615 1.5006010 1.5939085 1.5599855 0.5972022 1.6127214 0.8672848 1.3259503 1.3346618 1.1397048 1.3517217 1.1770911 0.9456546 1.4596432 1.4594705 2.4195451 2.4673474 1.4317318 1.4317318 1.2027455 1.1035878 1.2514546 0.8254061 1.2174217 1.2071627 1.8996317 0.9769441 1.3667947 1.4937338 0.9838995 1.9790406 1.5973988 1.8499219 1.8637483 1.0932408 2.0051992 1.7782874 1.3947792 1.4871876 1.0445510 1.4148628 1.4541075 1.3781803 0.9514661 1.3149570 1.6249619 1.2359210 1.5534674 1.2653571 1.2653571 0.9789521 2.1396795 1.4422185 1.6660474 1.3393358 1.1373314 1.9385165 1.6646890 2.2560862 2.3327251 2.0324339 2.7349344 1.5158399 2.6671605 1.9400598 2.7460678 1.0375507 1.4002164 
Plajan_Pjan_scaffold15375_01                                  1.4511874 1.0362667 1.3173765 1.6228757 0.9193548 1.1521460 1.1812306 1.0274940 1.2556930 1.2633702 1.1383018 1.1775874 0.5482361 0.8663670 1.3039833 0.7528142 0.6732661 0.1994345 0.7402174 0.8174940 1.3056998 1.2310515 1.1110587 0.0000000 1.4031245 0.9236116 1.3625961 1.4511849 1.4353835 0.6756746 1.5093338 1.1749093 1.3087967 1.2284776 0.9886101 1.3171552 1.0523598 0.8326575 1.2781979 1.5638684 2.5247670 2.4941704 1.6483059 1.6483059 1.4595230 1.2930296 1.4849214 0.9661837 1.4020222 1.3874632 1.9648777 1.0441634 1.5400961 1.5665769 0.9342699 1.9847879 1.6419962 1.9384377 1.9666350 1.1832382 2.0626406 1.8349983 1.4779747 1.5179465 1.1394025 1.5276515 1.5276079 1.4819840 1.0863639 1.1808569 1.5734704 1.1228655 1.4946419 1.0470236 1.0452608 1.0596192 2.0369081 1.0931315 1.2333292 1.2983512 1.0506143 2.1126379 1.5210789 2.5277012 2.0348103 1.8933691 3.1018583 0.9458597 2.5792415 1.7366807 2.2705910 0.6709638 2.8059059 
Dgig_XM_028536203.1                                           1.4323705 0.9995438 1.4348357 1.4724128 0.9579547 1.4814845 1.5644756 0.8679682 1.2551408 1.1446329 1.1109671 1.1725249 0.5264419 0.8795309 1.2607552 0.9230473 0.6597558 0.2227302 0.8212270 0.7455230 1.4952649 1.4170790 1.3903169 1.4031245 0.0000000 0.8607174 1.3252209 1.4793154 1.3994027 0.6876772 1.3985852 0.9890544 1.1551901 1.4042328 0.8961954 1.4503324 0.9046839 0.9130426 1.4616007 1.4752330 2.2310775 2.2141033 1.3880372 1.3880372 1.0969688 1.0183727 1.1613238 0.8502931 1.0951964 1.0917724 1.8038610 0.9203801 1.3143912 1.2621021 0.9647683 1.9273429 1.4759364 1.7143875 1.7754952 1.1052206 2.0145342 1.7956190 1.7243356 1.7368696 1.1898692 1.6491239 1.6810353 1.7983071 1.1139697 1.3714930 0.6516466 1.1118313 1.2661925 1.5488102 1.5488102 0.4444576 2.4911609 1.4057504 1.5525797 1.6808317 1.6114689 2.0326310 1.2352875 2.1840432 2.2053186 2.0359971 2.9796652 1.0856504 2.5801844 3.1944545 2.9422361 0.9092091 5.8951669 
Ctel_gnl_WGS_AMQN_CAPTEDRAFT_mRNA122874                       1.6307569 1.1505064 1.4383611 1.5723329 1.0345907 1.0526076 1.0259786 1.0957495 1.0498523 0.9001398 0.8712460 0.9345056 0.6835864 0.9890426 0.7305341 0.9323218 0.7303784 0.2192325 0.9218679 0.6898849 0.9656222 1.0097709 0.9939615 0.9236116 0.8607174 0.0000000 0.9857750 1.0419778 1.0724048 0.7351771 1.0455521 0.9632160 1.0228941 0.8663184 0.9635803 0.7777174 0.8847929 0.8888549 1.0199110 1.4881040 1.5254849 1.5144938 1.3637457 1.3637457 1.1555706 1.0513548 1.1885951 0.7671330 1.1048588 1.1024285 1.4699852 0.9519792 1.4202124 1.4665552 0.9824342 1.4687562 1.3652934 1.3064333 1.2719921 0.9629496 1.5470342 1.3439941 1.1266270 1.1362846 1.0381550 1.0422844 1.0545994 1.1279868 1.0514390 0.8861333 1.0113896 1.1310834 1.0555684 1.1019226 1.1019226 1.0229598 1.4326499 1.2448750 1.3906307 0.8707438 1.2069389 1.3066690 1.2201469 1.5637161 1.2373908 1.0841340 2.1900454 1.2387678 1.8676584 1.6910466 1.5040143 1.3063320 2.6533716 
Chem_TCONS_00060777                                           1.8367419 1.3225221 1.7783341 2.3447262 1.1853317 1.6514197 1.6882540 1.0514748 1.2721163 1.2346186 1.1830669 1.2015687 0.5777383 0.8175999 1.3970676 0.8994433 0.7709898 0.2626377 0.7688854 0.7820723 1.5469791 1.5917577 1.5006010 1.3625961 1.3252209 0.9857750 0.0000000 1.0789662 1.1291085 0.4758398 1.1411309 0.8523295 1.3751817 1.4145313 0.5478567 1.2386185 0.9385519 0.8978906 1.5213006 1.4762904 2.2642488 2.3193558 1.6298366 1.6298366 1.3686303 1.1789698 1.4020178 0.9549886 1.2848162 1.2728941 1.9950826 0.9105154 1.5610634 1.6961747 1.0875710 2.0092053 1.7799053 1.8663692 1.9153436 1.1596461 2.1862281 1.8846065 1.5400740 1.5718995 1.0341222 1.5787467 1.6034533 1.4993425 0.9719991 1.3925658 1.6808759 1.0219855 1.4513275 1.5300409 1.5300409 1.1922772 2.6785743 1.4781514 1.6148076 1.6620588 1.7317056 2.1108187 1.4869177 2.5043510 1.2593838 1.4610554 3.1009511 0.9511615 2.3286939 2.9884894 1.7748154 0.8183432 4.0280206 
Nemnom_g18155.t1                                              1.4851664 1.3569349 1.7635325 2.0520890 1.0771347 1.6412386 1.6203075 1.0514553 1.3490243 1.3246610 1.3014042 1.3097402 0.5862215 0.8347445 1.4375223 0.8941374 0.7228871 0.3482154 0.7703967 0.7198844 1.4247545 1.5395195 1.5939085 1.4511849 1.4793154 1.0419778 1.0789662 0.0000000 0.2462409 0.3104796 0.9085027 1.0530334 1.4205349 1.4565543 0.8101591 1.2774128 0.7266059 0.9748303 1.5808579 1.4510566 2.3255725 2.3436260 1.4846869 1.4846869 1.3255297 1.1792822 1.3781409 0.8653234 1.2652552 1.2401106 2.0185019 0.8284880 1.5136350 1.4994143 1.0258776 2.0455219 1.6952359 1.9109458 1.9107932 1.1030492 2.0653098 1.8060726 1.5697057 1.6421755 1.1619618 1.5248139 1.5558746 1.5826602 1.0748147 1.3130650 1.6703601 1.1657873 1.4462100 1.4346392 1.4346392 1.1559329 2.5084391 1.2488089 1.4449546 1.3643705 1.4466047 2.0566675 1.5462843 2.6263501 1.5331617 0.7198019 2.8238983 0.3072026 2.5337241 2.9917080 1.9995407 1.2167298 3.2679513 
Rhoesc_Res_010852-T1                                          1.5065451 1.3115504 1.8092324 2.1391171 1.0602153 1.6123111 1.5896117 1.0436733 1.3441471 1.3048102 1.2558010 1.2766995 0.5762422 0.9029408 1.4322073 0.8862338 0.6243280 0.3437386 0.7891623 0.8222017 1.4569364 1.4784514 1.5599855 1.4353835 1.3994027 1.0724048 1.1291085 0.2462409 0.0000000 0.2665975 0.8962714 0.9673161 1.3772390 1.4300349 0.8040114 1.2173827 0.7758761 0.9782178 1.5561087 1.5198712 2.3497771 2.3509733 1.4914578 1.4914578 1.3003585 1.1940958 1.3526710 0.8933035 1.2933450 1.2799717 2.1291654 0.9167790 1.5444541 1.5009683 1.0282645 2.0913054 1.6630231 1.8873002 1.9495803 1.1269260 2.0589077 1.7983790 1.5277646 1.6071897 1.1486065 1.5198476 1.5417878 1.5457327 1.0397463 1.3066797 1.6833394 1.1758363 1.3668925 1.4589308 1.4589308 1.1523331 2.3517822 1.2601420 1.4555852 1.4297718 1.4740115 2.0553657 1.5180274 2.6637488 1.5272287 0.6821310 2.7605425 0.2842752 2.4341609 3.0256122 2.0443428 1.1797918 3.5289130 
Aaur_scaffold852.g1.t1                                        0.0000010 0.9155074 0.0000010 0.0000010 0.8069061 0.7883051 0.7883051 2.2516683 0.7602009 0.4933396 0.4310237 0.4825573 0.2628218 0.5544742 0.5762162 0.6613542 0.4650876 0.3015065 0.7024700 0.7352941 0.7634428 0.6831457 0.5972022 0.6756746 0.6876772 0.7351771 0.4758398 0.3104796 0.2665975 0.0000000 0.4251792 0.8508291 0.5955109 0.5732802 0.5807284 0.5809102 0.6334397 0.5843060 0.6189471 1.5573602 1.0340697 1.0806805 0.8003934 0.8003934 0.8770940 0.8770940 0.8770940 0.8770940 0.8770940 0.8770940 0.9223840 0.9625521 1.1914201 0.9956229 0.9956229 1.0038285 0.9252453 0.9097639 0.8753981 0.8753981 1.2187076 0.9418286 0.6412945 0.7237103 0.6106913 0.5604820 0.5706272 0.7201394 0.6170637 0.7570574 0.6548243 0.7931118 0.6930512 0.7718378 0.7718378 0.6988561 2.4632778 0.0000010 0.0000010 0.7212293 0.0000010 1.1039625 0.2432775 1.1906977 0.0000010 0.0000010 0.7257236 1.6711955 0.0000010 0.0000010 1.1389260 1.1162818 0.7211521 
Sanmal_Sma_024908-T1                                          1.6194848 1.2652572 1.7424675 2.2949781 1.1896796 1.7258258 1.7658826 1.0168310 1.3054874 1.3253013 1.2443206 1.2615906 0.6115245 0.9037324 1.4614672 0.9219146 0.7424031 0.2912386 0.8040809 0.8391209 1.5272565 1.6307978 1.6127214 1.5093338 1.3985852 1.0455521 1.1411309 0.9085027 0.8962714 0.4251792 0.0000000 1.0441714 1.2890447 1.3909778 0.7786722 1.3628774 0.8497664 0.9947327 1.7303800 1.8652280 2.4201885 2.5195063 1.7146426 1.7146426 1.4668940 1.4031233 1.4951795 1.2020950 1.5431903 1.5099079 2.1363352 1.0477759 1.5931363 1.6060002 1.1669040 2.0869851 1.7568018 2.0391592 2.0115264 1.3811176 2.0544743 1.7937731 1.5005184 1.5217610 1.0499579 1.5465344 1.5332107 1.5692168 1.0560599 1.4332850 1.7040627 1.2126629 1.5140602 1.6120004 1.6094526 1.1812351 2.4405462 1.6536960 1.8790170 1.5625627 1.8230231 2.0316802 1.6156881 2.4516102 1.6161448 1.2292453 2.9623656 0.4852642 2.5114368 3.0169935 2.2765729 1.3363671 3.7977245 
Fspp_ffun1.m4.4621.m1                                         2.0034659 1.3971339 0.0000010 0.0000010 1.5657208 1.4531730 1.4531730 1.7101408 0.9356800 0.3478323 0.5087755 0.3975079 4.5271784 1.1521239 0.9900680 1.1774499 4.5045876 8.2855878 1.1501427 1.2811179 0.9756235 1.1862446 0.8672848 1.1749093 0.9890544 0.9632160 0.8523295 1.0530334 0.9673161 0.8508291 1.0441714 0.0000000 0.4249724 0.8117646 1.4873534 0.7786666 1.2669839 0.9889845 0.8623601 1.9041420 1.7495460 2.0707703 1.4028561 1.4028561 1.3422909 1.3422909 1.3422909 1.3752375 1.3752375 1.3752375 1.6272646 2.1303507 2.4635925 1.7125273 1.8263065 1.6733798 1.3478655 1.4416010 1.4374193 1.4276343 3.9677085 1.5091412 0.9760233 1.2747605 1.0241813 0.9066626 1.0685218 1.1838297 0.8838491 1.4124961 1.1907065 0.8116630 1.0112801 1.1583874 1.1583874 1.1953053 5.0765300 0.0000010 0.0000010 1.2510333 1.7101408 1.7496070 1.1217419 3.6491432 1.7101408 0.0000010 1.0960109 9.0000000 0.0000010 0.0000010 1.6088915 1.0816124 0.0000010 
Gfas_gfas1.m1.1562.m1                                         1.2254393 1.0955066 1.2257628 1.6720512 1.0658475 1.5843631 1.6699290 0.1746858 0.4034963 0.3808289 0.3403707 0.3597699 0.2992667 0.8908684 1.2383003 0.8774840 0.6897542 0.3098059 0.9109568 0.7433545 1.3517143 1.3532765 1.3259503 1.3087967 1.1551901 1.0228941 1.3751817 1.4205349 1.3772390 0.5955109 1.2890447 0.4249724 0.0000000 1.3144981 0.9628501 1.2694432 0.8530995 0.9120024 1.5425845 1.3814952 2.6014570 2.6239377 1.6883644 1.6883644 1.4151256 1.2328844 1.4834059 0.9128571 1.3695177 1.3609727 2.1786733 1.0890615 1.6909841 1.6543780 1.1704566 2.2797634 1.6459001 1.7511125 1.8007908 1.0536576 2.1743659 1.8668870 1.5787635 1.6751839 1.0798186 1.6068129 1.6575536 1.6319494 0.9956762 1.2708798 1.3568489 0.6285791 0.9183242 1.4911007 1.4842728 0.8637964 2.4460809 1.2458675 1.4395164 1.5225015 1.5309569 2.2083889 0.9135286 2.8616212 2.1456608 1.7454403 3.3769491 1.0655316 0.5716681 3.1352421 2.3838971 1.0015305 3.0954343 
Acagra_model.g30834.t1                                        2.5297373 1.0894971 1.5733666 2.7280175 1.2239204 1.5076971 1.5232600 1.1265739 1.3913447 1.2895265 1.2422840 1.2487855 0.7231044 0.8580182 0.8896075 0.9437586 0.6811971 0.2053156 0.8441642 0.6457047 1.3034678 1.2754355 1.3346618 1.2284776 1.4042328 0.8663184 1.4145313 1.4565543 1.4300349 0.5732802 1.3909778 0.8117646 1.3144981 0.0000000 0.8742884 1.1264602 0.7532656 0.8507290 1.3307063 1.3924758 2.1801265 2.2122783 1.4450901 1.4450901 1.3001353 1.1106929 1.3374151 0.8379690 1.1820458 1.1593040 1.7106357 0.7708339 1.3855492 1.5246863 0.9888001 1.8330543 1.4808981 1.7289730 1.7704242 0.9925289 2.0975441 1.8792988 1.4846743 1.5146566 1.0941153 1.5056287 1.5274098 1.5547395 1.0881368 1.1881951 1.6668991 1.2364223 1.4398132 1.3863999 1.3863999 1.0173037 2.4920835 1.7765326 2.0552564 1.2884679 1.3517751 1.9917062 1.5728646 2.3809839 2.5651563 2.0959997 3.1149630 0.8998970 2.6521280 2.4164932 2.6639095 1.0157691 3.2644532 
Hvul_g2652_1                                                  2.2943966 1.3189489 0.0000010 3.6621446 1.1029281 1.0329269 1.0236334 1.0493423 0.9558329 0.7753135 0.7392115 0.7703934 0.6175614 1.0098935 0.9217821 0.8806016 0.6886552 0.2748999 0.9233586 0.9439831 1.1191404 1.2385475 1.1397048 0.9886101 0.8961954 0.9635803 0.5478567 0.8101591 0.8040114 0.5807284 0.7786722 1.4873534 0.9628501 0.8742884 0.0000000 0.8492005 0.8280490 1.0490495 0.9523674 1.6976315 1.4446283 1.5955692 1.4678920 1.4678920 1.4980999 1.4980999 1.4980999 1.2374622 1.4948310 1.4948310 1.4315459 1.0755029 1.5942967 1.4695561 1.2107085 1.5261953 1.4584232 1.5369338 1.5359282 1.2942245 1.6023847 1.4762899 0.9731425 0.9983808 0.9089295 0.9557255 0.9395283 1.1014347 1.0391988 1.1805318 0.9263453 1.1690104 0.8983499 1.1410418 1.1410418 0.9567473 3.5269120 0.0000010 0.0000010 0.9909977 0.4322598 1.1054073 0.9400689 1.6848551 1.9734510 0.0000010 1.4920782 0.8965126 0.0000010 0.0000010 1.3725765 1.8771470 0.7211521 
Skow_XM_006818198.1                                           1.6742117 1.1842606 1.7371463 1.9763083 1.0788647 1.4657991 1.4642596 1.0682900 1.3623029 1.2545223 1.1461626 1.1872861 0.7697696 0.8641273 0.9274131 0.8791091 0.6406594 0.3167671 0.9592229 0.6465235 1.2275199 1.3122939 1.3517217 1.3171552 1.4503324 0.7777174 1.2386185 1.2774128 1.2173827 0.5809102 1.3628774 0.7786666 1.2694432 1.1264602 0.8492005 0.0000000 0.9457339 0.8252204 1.0324424 1.3696024 2.2928722 2.3891939 1.5802149 1.5802149 1.2996188 1.1692507 1.3572352 0.8090564 1.2911580 1.2795631 2.0107341 0.9173744 1.4418076 1.5486103 0.9307141 2.1973328 1.6121111 1.8902788 1.9625225 1.0917715 1.9953260 1.7545249 1.4585225 1.5373571 1.0547035 1.4397234 1.4869278 1.4501854 0.9272639 1.1096041 1.8297510 1.1545142 1.3291739 1.4095510 1.4095510 1.2434007 2.1311598 1.0554481 1.1514051 1.2779485 1.4123978 1.9039637 1.4022218 2.3957200 2.0420052 1.8555748 2.9716632 1.1380857 2.5407238 2.3616207 2.5001620 1.4053904 3.3139145 
Morvir_scaffold226.g1.t1                                      0.0000010 1.2363298 0.0000010 0.0000010 1.2236419 1.2697198 1.2697198 1.4171858 0.9860051 0.7789905 0.6856940 0.7738045 0.2535855 1.0251047 0.8668929 0.9307798 0.9288943 0.3095384 1.0681067 0.8616435 1.0230917 1.1903462 1.1770911 1.0523598 0.9046839 0.8847929 0.9385519 0.7266059 0.7758761 0.6334397 0.8497664 1.2669839 0.8530995 0.7532656 0.8280490 0.9457339 0.0000000 0.9073932 1.1247487 1.7202464 1.4155663 1.4685356 1.3900836 1.3900836 1.3510309 1.3510309 1.3510309 1.0834106 1.3510309 1.3510309 1.3719207 1.0748877 1.6047610 1.4905029 1.2499163 1.5812320 1.4047792 1.4526649 1.4040481 1.2574464 1.5076072 1.2218165 1.2009656 1.2035516 1.1316396 1.0718582 1.0790948 1.2549423 1.1719573 1.1931771 0.9280491 0.9671726 0.8351050 1.2863090 1.2863090 0.9582934 3.4086838 0.0000010 0.0000010 0.7960986 0.0000010 1.2526252 1.1261658 1.6704493 0.0000010 0.0000010 1.0435689 0.8619705 0.0000010 0.0000010 1.0410798 1.5325816 0.7211521 
Bralan_BLAG08000096_1                                         1.3181805 0.9605385 1.3454158 1.9529152 1.0288989 1.1132501 1.1512827 1.0318859 1.0141426 0.8829542 0.8275077 0.9023087 0.5575800 0.9318633 0.8461616 0.8900128 0.8204942 0.3644834 0.7700546 0.7916148 1.0130251 0.9790560 0.9456546 0.8326575 0.9130426 0.8888549 0.8978906 0.9748303 0.9782178 0.5843060 0.9947327 0.9889845 0.9120024 0.8507290 1.0490495 0.8252204 0.9073932 0.0000000 0.8420623 1.3598116 1.5371983 1.4728748 1.3993661 1.3993661 1.1805035 1.1024389 1.2206223 0.8242945 1.1766949 1.1723899 1.4222380 0.9600839 1.4001594 1.4649623 1.0455077 1.4153346 1.3912021 1.4527496 1.4064755 1.1286925 1.5543065 1.3341528 1.1153630 1.1700248 1.1239705 1.1036442 1.1302308 1.1766191 1.0499518 0.9723298 1.0901440 1.1577448 0.8356042 1.1074842 1.1074842 1.0457125 1.5405293 1.0982778 1.2654755 0.9119159 0.9156858 1.2315641 0.9185815 1.7072617 0.9965698 1.1842389 2.2655728 1.1407073 1.6351241 1.5146147 1.5633652 1.0329219 4.3001434 
Spur_XM_030975304.1                                           1.5156953 1.1336274 1.5250930 2.0507938 1.0237492 1.4565435 1.5034832 1.3392727 1.5276270 1.4898787 1.4027198 1.4028562 0.7564160 0.9113092 1.1507685 0.8420795 0.6761905 0.2943425 0.9499131 0.7516750 1.3786296 1.5624823 1.4596432 1.2781979 1.4616007 1.0199110 1.5213006 1.5808579 1.5561087 0.6189471 1.7303800 0.8623601 1.5425845 1.3307063 0.9523674 1.0324424 1.1247487 0.8420623 0.0000000 1.2006168 2.3755845 2.4447797 1.5160499 1.5160499 1.2766855 1.1169815 1.3016989 0.7599684 1.2025867 1.1927262 1.8296739 0.7686762 1.3676501 1.4202335 0.8347299 2.0448053 1.4721024 1.8672333 1.8376783 0.9813905 2.1798103 1.9165630 1.7014223 1.7607336 1.1580509 1.6841599 1.7211160 1.7163301 1.0535196 1.2967528 1.8726077 1.2718325 1.4682425 1.5751021 1.5725259 1.1322098 2.4095126 1.2944974 1.4668089 1.4765877 1.6465474 2.2503193 1.7171885 2.3231747 2.5726224 2.1380597 3.3855418 1.1728063 3.1747028 2.7823954 3.0419908 1.1118468 4.1064826 
Pbac_sb2650118                                                0.0000010 1.6575451 0.0000010 0.0000010 1.3642574 1.3723894 1.3723894 0.0000010 2.4185163 1.3809686 1.2169937 1.4915447 0.9080289 1.4241379 1.0820178 1.2460908 1.3007973 0.9803469 1.3025691 1.7213979 1.4881421 1.5314629 1.4594705 1.5638684 1.4752330 1.4881040 1.4762904 1.4510566 1.5198712 1.5573602 1.8652280 1.9041420 1.3814952 1.3924758 1.6976315 1.3696024 1.7202464 1.3598116 1.2006168 0.0000000 0.0312550 0.0123924 0.5787720 0.5787720 0.4694537 0.4694537 0.4694537 0.4694537 0.4694537 0.4694537 0.3702562 0.4626085 0.6806513 0.5900142 0.5900142 0.3958994 0.5662532 0.6973184 0.6693963 0.6693963 1.5722953 0.6095189 1.3501616 1.5946254 1.4353757 1.3148910 1.3632585 1.5638456 1.2636622 1.4321980 1.4996970 2.4982755 1.3804799 1.4047799 1.4047799 1.6143617 2.3659753 0.0000010 0.0000010 1.4333853 0.0000010 1.0091694 0.7723336 1.5537176 0.0000010 0.0000010 1.3999989 0.0000010 0.0000010 0.0000010 0.0000010 2.5022929 0.0000010 
