123
Eupdun_Edun_sb10599938                                   0.0000000 9.0000000 3.5971698 2.5724466 2.7616583 2.8570717 2.8481712 2.6354007 2.7252530 2.9227000 2.5609083 8.9999989 6.7728505 0.0000010 3.4008674 3.5682866 8.9999982 5.7097339 3.7103500 4.5377648 4.0934165 2.9726304 3.3128133 2.1612478 2.5615239 2.5945509 2.7161419 2.7161419 2.5923024 2.5584877 2.5717097 2.8657461 2.4448018 2.2520633 1.7406029 2.6350749 2.4355734 3.5469882 3.5469882 2.6331379 3.6809098 5.5131661 2.2986540 2.7466174 3.2312403 3.1219579 2.6056529 2.6907263 3.8329014 2.5670618 0.0000010 2.8988095 3.2828427 4.4220862 9.0000000 2.9990566 2.6872384 2.7421189 0.0000010 2.6514844 2.7680411 2.6083140 3.2693581 3.3093746 3.5895591 3.6495720 5.0471718 4.4902866 0.0000010 0.0000010 2.4974846 2.5418223 1.4370451 1.4696495 0.0000010 2.3414462 4.4886439 0.0000010 6.5447804 2.7843339 1.8364048 6.8354624 0.0000010 0.0000010 1.5098687 0.0000010 0.0000010 0.0000010 0.0000010 1.6398101 4.8296418 3.7893429 4.0877462 4.3793451 4.3806192 9.0000000 2.3215465 0.0000010 4.4135642 0.0000010 4.1546028 3.6604476 2.9629017 3.1003258 0.0000010 3.3088344 2.9253790 3.4605076 4.3987622 8.6755880 2.9026871 2.3427885 3.3489920 4.1533106 2.8529196 2.6228696 1.4673902 3.3033011 5.2399115 4.6646058 5.2735917 5.0972766 2.7307608 
Eupdun_Edun_sb10612109                                   9.0000000 0.0000000 3.6504272 3.5048039 3.0103612 2.9998206 2.9998206 3.0039830 3.0006684 1.6387446 3.2462188 1.3178460 3.3752392 1.4147881 2.8287680 3.3860716 4.3443094 3.2917396 3.4368752 9.0000000 9.0000000 3.4331167 2.6102026 2.7603761 3.2243645 2.4601167 1.5858591 3.7594296 2.9579636 1.5858591 1.5858591 1.5858591 2.2507864 3.5118940 4.2236235 2.8358978 3.2796776 2.2955305 4.2776094 3.2026154 1.6624807 6.5169502 3.4429794 3.2022803 3.5937331 3.1558508 2.9409654 2.8472482 0.0000010 2.8738874 3.0237956 0.0000010 6.4252722 6.9776369 6.2466210 3.4264244 3.6533233 2.9746568 3.3961653 3.1891392 2.2489482 3.0422142 2.2138823 3.9140425 4.2465509 3.9285482 4.4422798 3.9698085 5.6901307 0.0000010 1.2711599 2.8019813 1.6156016 9.0000000 8.9999985 2.4183462 3.7857092 1.6890287 3.0593513 2.4147111 1.9453120 3.5514165 0.0000010 0.0000010 2.2821755 2.9473312 0.0000010 0.8499485 1.7392337 0.0000010 3.8126293 2.4523689 3.3335465 5.6563241 5.6563241 1.6929642 3.9515085 3.1672674 3.8723882 0.0000010 5.1551485 2.8631830 3.2434120 3.4268029 4.5135275 3.1954863 1.5809004 2.8992454 2.2323505 3.6459869 2.5511531 3.0062820 3.7059830 6.2017716 3.4699792 3.7543711 3.8461708 4.2450923 1.5398349 3.0132403 2.9287110 3.9669479 3.3968629 
Hvul_g29573_1                                            3.5971698 3.6504272 0.0000000 2.7196334 2.6661735 2.6807409 2.6801094 2.6691883 2.6367391 2.5145254 2.8490864 3.2902862 3.5184887 2.6939240 2.8751577 3.3805274 2.1711588 2.2560277 3.3840788 3.4125972 3.5596842 2.2278853 4.2321129 3.0772378 2.2415682 2.1056295 2.1888058 2.0686470 2.3162954 2.0741623 2.0550752 2.0958237 1.8197035 2.5976379 2.2651557 2.1620304 2.5422974 3.0143083 3.0731381 2.3396651 2.0732389 3.4688633 2.6788403 2.4800141 2.1675612 2.5596405 2.5342456 2.5629527 2.5464766 2.6328817 2.6804671 3.5072529 2.6599834 2.8292154 2.5466437 2.6621367 2.7622512 3.0123959 2.6722757 2.3566134 2.2053383 2.3068540 2.1142187 2.4783159 3.1655016 3.1047539 4.7905018 4.9038759 3.8502684 2.4966044 2.8175639 3.1680446 2.8744935 2.9866843 2.7952698 3.2277042 3.3767082 4.4947800 3.7504295 3.2856145 3.2927255 3.5554196 3.1356792 2.9614635 3.0999619 4.0892093 2.3197193 2.5140352 3.5722927 3.7971997 2.9553120 3.4607927 3.4608966 3.1376106 3.3185974 3.2510239 3.3312514 4.0401858 3.4252366 2.9665171 3.0839823 2.9959257 3.0255430 3.1208667 3.3314455 2.4902613 2.4817766 3.0021201 2.8779858 3.0234156 1.8546159 2.1229551 2.6390093 2.8393359 2.8426827 3.2362512 2.9595726 2.1168176 3.5286291 3.5331788 4.7363362 2.3176289 3.5865328 
HoiH06_mRNA2931                                          2.5724466 3.5048039 2.7196334 0.0000000 0.0283413 0.0632816 0.0627673 0.0966758 0.1677492 0.2068795 0.1593260 0.4402762 0.4613545 0.2633427 1.8478210 2.6929546 2.2159198 0.0000010 2.7471413 2.3985357 2.4407202 2.0592366 2.3460998 2.6212311 1.4300750 2.6388000 1.2776111 1.2256274 1.3998242 1.2319061 1.2209087 1.2785256 1.4541190 1.7142747 2.1369692 1.8079530 1.7338603 1.7201614 1.7129358 1.5238599 1.2341327 2.0905389 1.7908628 1.6444514 1.4910354 1.4328621 1.5133353 1.5535719 2.1001065 1.9289530 1.9135735 1.7098989 2.3446782 2.0518600 1.6854646 1.5327919 1.6737662 2.2238376 1.7766668 1.8205927 1.5489543 1.8793087 1.4677310 1.6365487 2.4130970 2.3800704 3.9087650 3.9530521 1.9096648 2.1661966 2.6838520 2.6833830 2.5315519 2.3814904 2.3572110 2.7370445 3.5843427 4.0533909 0.0000010 2.7605209 2.7675365 0.0000010 2.5518009 2.5514830 2.4548735 3.3461310 2.0997221 3.0109752 2.9104503 2.5367299 3.8717980 3.0989388 3.4428856 2.8493406 3.1985643 2.6297534 2.9974391 3.0749842 3.2945258 2.5706803 3.2410721 2.1353782 2.5822604 2.7275246 2.6210323 2.0073206 1.8134617 3.0085929 3.3735544 3.3635967 2.1305316 2.6734036 2.2000710 2.4889173 2.1874166 2.3958919 2.5905262 2.4606401 3.0703450 3.4112040 3.9640364 3.1871932 2.9713277 
HoiH23_PlH23_005964-RA                                   2.7616583 3.0103612 2.6661735 0.0283413 0.0000000 0.0644429 0.0644479 0.1002374 0.1729840 0.1993071 0.1717200 0.4717047 0.5287294 0.2600840 1.8051646 2.6114871 2.1528787 1.3203731 2.5032144 2.2855116 2.3386555 1.9403233 2.4063162 2.6510589 1.4262895 1.6396393 1.2651733 1.2027423 1.3785645 1.2162421 1.2024882 1.2739695 1.4103182 1.6836237 2.0611992 1.6042197 1.6591350 1.8387075 1.6853385 1.4995295 1.2066234 1.6851054 1.7073146 1.6591492 1.4735058 1.4608468 1.5328915 1.5688422 2.0198691 1.9205506 1.9351901 1.7098989 2.2249451 2.0959167 1.7253413 1.5409241 1.7151052 2.2260121 1.7700875 1.8371262 1.5837304 1.8678054 1.5127330 1.6777651 2.3614045 2.3258022 3.8113901 3.8428660 2.1233508 2.1635152 2.6624253 2.8016917 2.5178883 2.3911277 2.4054335 2.7775530 3.1667463 4.1795414 2.9210438 2.8333459 2.7896645 3.4544491 2.5404511 2.5438083 2.4732228 3.4105020 2.0984199 3.1077436 2.9251902 2.5520943 3.2096789 3.2265922 3.5797360 3.1693814 3.4530721 2.9630591 3.0079281 3.2154147 3.3471221 2.6786684 3.1663733 2.1829668 2.5281417 2.6934255 2.6328957 2.0435073 1.8485472 2.9536865 3.2659625 3.2916779 1.7514810 2.2954924 2.2117935 2.8557164 2.1151717 2.3636711 2.6342890 2.4168223 2.8450885 3.3503049 3.8731164 2.9806563 2.9492013 
HoiH04_mRNA3858                                          2.8570717 2.9998206 2.6807409 0.0632816 0.0644429 0.0000000 0.0017020 0.1016082 0.1773489 0.2082038 0.1669839 0.5028870 0.5626217 0.2885166 1.7664103 2.6279081 2.2474114 1.3899012 2.5293189 2.2691204 2.3472460 2.1274701 2.3319998 2.6818402 1.4221371 1.5685816 1.2597712 1.1657524 1.3770323 1.1879242 1.1787322 1.2276697 1.4229364 1.7008854 2.1811904 1.5924992 1.6690574 1.8461570 1.7156871 1.4821246 1.2087578 1.6845442 1.7227924 1.6665207 1.4638156 1.4627960 1.5173264 1.5741138 2.1120741 1.9488954 1.9709187 1.6133597 2.2267809 2.0977395 1.8114864 1.5357635 1.7123141 2.2263976 1.7795983 1.8274087 1.5722525 1.8605470 1.5015709 1.6754468 2.3334216 2.2985929 3.9889391 3.8668481 2.0595577 2.1520223 2.6963135 2.7489949 2.4754924 2.3253167 2.2758553 2.7656430 3.2040262 4.0890286 2.9502392 2.8195280 2.7585740 3.7010105 2.4525884 2.4548237 2.4434401 3.2867139 2.1058153 3.1787018 2.8274940 2.4965299 3.3212356 3.1997079 3.5964529 3.1973475 3.4826102 3.2116042 2.9849779 3.1888922 3.3022660 3.0163015 3.2733256 2.1899689 2.5397381 2.7123280 2.5143226 2.0507208 1.8471739 3.0213725 3.3689999 3.2152257 1.7007740 2.3064681 2.1906725 2.9203678 2.0962792 2.3249260 2.6338924 2.3973960 2.8886961 3.3514266 3.9181246 2.9712606 2.9251687 
Hhon_g08298.t1                                           2.8481712 2.9998206 2.6801094 0.0627673 0.0644479 0.0017020 0.0000000 0.1016177 0.1769379 0.2049900 0.1671584 0.5028870 0.5664652 0.2885166 1.7664103 2.6279081 2.2474114 1.3899012 2.5307392 2.2764874 2.3543811 2.1274701 2.3319998 2.6818402 1.4214883 1.5500554 1.2608288 1.1679321 1.3762850 1.1868318 1.1821167 1.2249424 1.4228471 1.6993711 2.1811904 1.5876809 1.6662779 1.8461570 1.7156871 1.4815600 1.2048994 1.6845442 1.7245270 1.6659148 1.4651728 1.4602682 1.5146985 1.5746620 2.1309827 1.9576600 2.0022001 1.6437258 2.2808977 2.0977395 1.8114864 1.5340531 1.7113191 2.2250215 1.7795983 1.8254628 1.5710059 1.8619283 1.5014765 1.6754639 2.3407271 2.3039019 3.9683891 3.8621947 2.0595577 2.1520223 2.6963135 2.7431474 2.4629516 2.3023462 2.2464547 2.7687825 3.1991641 4.0890286 2.9419423 2.8211287 2.7611773 3.6887478 2.4525884 2.4548237 2.4479388 3.2867139 2.1058153 3.1787018 2.8274940 2.4892153 3.3212356 3.1998443 3.5885031 3.1939787 3.4782321 3.2116042 2.9877429 3.1888922 3.2999991 3.0163015 3.2618865 2.1878165 2.5371553 2.7094741 2.5143226 2.0459699 1.8424816 3.0213725 3.3689999 3.2152257 1.6880073 2.3104950 2.1902441 2.9203678 2.0968669 2.3217964 2.6338924 2.3977946 2.8886961 3.3452273 3.9181246 2.9592068 2.9210286 
HoiH11_mRNA2130                                          2.6354007 3.0039830 2.6691883 0.0966758 0.1002374 0.1016082 0.1016177 0.0000000 0.1795734 0.2358327 0.1677321 0.4830455 0.5353104 0.3053232 1.7275761 2.5458335 2.2836476 1.3526114 2.5066930 2.3712721 2.4198296 2.1839526 2.3883685 2.5664315 1.4337586 1.6497319 1.2805473 1.1894353 1.3733848 1.2009244 1.1907353 1.2377773 1.4645098 1.6932988 2.0979816 1.6082526 1.6662592 1.8684529 1.7309231 1.4936578 1.2040742 1.8080794 1.7416790 1.6369868 1.4417525 1.4422669 1.5011547 1.5556258 2.0697353 1.9405901 1.9518429 1.6342479 2.2312691 2.1566720 1.7849701 1.5206802 1.7001430 2.2117993 1.7723909 1.8441479 1.5811748 1.8687234 1.5055240 1.6518390 2.3398786 2.3167990 3.5826422 3.8763946 2.1037102 2.1132935 2.6421639 2.7389107 2.4839555 2.3688928 2.4313429 2.7261389 3.1356927 4.0640406 2.7628176 2.8138691 2.7603695 3.4559557 2.4545978 2.4388806 2.4785659 3.2933691 2.0608653 2.8147775 2.9271289 2.5593081 3.0707948 3.1724402 3.4428639 3.1851180 3.4459027 2.9363853 3.0294539 3.1472728 3.2802357 2.9457928 3.0895519 2.2095363 2.5343528 2.6983516 2.5913220 1.9701411 1.8737752 3.0244399 3.4544880 3.3365791 1.6378938 2.2506995 2.2024428 2.7357992 2.0787846 2.2898910 2.6752176 2.3759937 2.9043461 3.3778185 3.9616182 2.8857586 2.9556021 
TrH2_TrispH2_005043-RA                                   2.7252530 3.0006684 2.6367391 0.1677492 0.1729840 0.1773489 0.1769379 0.1795734 0.0000000 0.0132703 0.0046736 0.2483097 0.3424778 0.0637302 1.8893524 2.6599471 2.2956184 1.4200834 2.4612567 2.3547048 2.4475042 2.0573259 2.1981212 2.6468333 1.3964865 1.6396493 1.2874863 1.1952698 1.3523143 1.2109565 1.1914143 1.2511398 1.3985536 1.6332040 1.9254258 1.5314499 1.6095846 1.7215303 1.6270372 1.4729961 1.2294786 1.6866802 1.6659710 1.6338977 1.4726477 1.4234430 1.4875061 1.5305828 2.0746087 1.9062493 1.8753401 1.6682089 2.0806820 2.0094609 1.7770579 1.4950981 1.6885674 2.2289942 1.8058226 1.8213265 1.5979227 1.8425077 1.5093647 1.6894430 2.3664053 2.3265580 3.6867940 3.8671674 2.1322234 2.2730672 2.6237462 2.7828195 2.5046451 2.4455731 2.3100388 2.8104126 3.2568732 4.2250576 2.8572910 2.8582530 2.8212282 3.4582400 2.5525508 2.5339144 2.4382444 3.1902510 2.1570825 3.2037665 2.7743504 2.6212201 3.2462703 3.2770221 3.5176574 3.1881320 3.4045304 3.1009277 3.0735596 3.1782316 3.3214320 2.9459831 3.2726666 2.1606223 2.5022975 2.7196391 2.7486035 2.0859661 1.8103195 2.8354571 3.3759328 3.2594502 1.6383823 2.2242795 2.1317862 2.7454737 2.0507445 2.2928193 2.5212772 2.2987037 3.0457643 3.1840773 3.8702426 2.9193831 2.8391451 
Tadh_TriadT60791                                         2.9227000 1.6387446 2.5145254 0.2068795 0.1993071 0.2082038 0.2049900 0.2358327 0.0132703 0.0000000 0.4085317 1.6015206 1.7432262 0.0000010 0.0000010 3.1454060 0.0000010 0.0000010 3.1432488 3.1432488 3.1432488 0.0000010 0.0000010 0.0000010 1.5634461 0.0000010 1.5334575 1.8132185 1.4151364 1.4095187 1.4123477 1.3999850 0.0000010 0.0000010 0.0000010 0.0000010 0.0000010 0.0000010 0.0000010 1.4068714 1.4902723 0.0000010 1.7245625 1.5780131 1.6088174 1.6012236 1.7155020 1.5495413 3.1811875 1.8183410 0.0000010 1.6682089 1.9987830 1.8538206 1.2448439 1.6244453 1.5127079 2.1637066 0.0000010 1.8626076 1.8468805 1.8609638 1.7605165 1.8354277 2.7687395 2.7149321 7.4312259 3.7219019 1.5671955 1.4898809 2.5686713 2.7189726 2.6144577 2.6412051 9.0000000 2.6916321 9.0000000 0.0000010 9.0000000 2.6199062 2.6163233 9.0000000 0.0000010 0.0000010 2.5531209 0.0000010 1.5393995 3.3330485 0.0000010 2.7502000 0.0000010 9.0000000 9.0000000 9.0000000 9.0000000 0.0000010 2.9680217 0.0000010 9.0000000 0.0000010 9.0000000 2.0944812 2.1823802 2.3418380 0.0000010 0.5265064 1.7393150 3.0375805 3.6777902 3.2913831 9.0000000 9.0000000 2.0863037 0.0000010 2.8534174 9.0000000 0.0000010 2.8650436 2.3516118 1.9999166 0.0000010 9.0000000 1.8320893 
Tadh_TriadT60790                                         2.5609083 3.2462188 2.8490864 0.1593260 0.1717200 0.1669839 0.1671584 0.1677321 0.0046736 0.4085317 0.0000000 1.5349259 1.5412071 0.0000010 1.9138646 2.6704764 2.2956184 1.4200834 2.4956243 1.9309854 2.1282896 2.0573259 2.4359739 2.7203134 1.5379161 1.6464536 1.4456638 1.2314045 1.5180127 1.2947912 1.2301777 1.1962775 1.4288431 1.6507051 1.9079055 1.5368207 1.6372898 1.7330239 1.6768264 1.6880147 1.4619775 1.7610858 1.6578293 1.8571957 2.0426033 1.5514440 1.5797316 1.7623516 2.0403387 1.8923889 1.8769657 2.9726647 2.2450187 2.0375469 1.9942115 1.6689871 1.8529572 2.3067985 0.0000010 2.0195628 1.5907093 2.0607177 1.5023829 1.7668412 2.2078471 2.3023557 3.5497376 3.8591266 2.6136818 0.0000010 3.7363621 2.9655469 2.2016928 2.2956420 2.1884012 3.0573497 3.2053476 4.1145874 2.7070561 3.1343698 3.1557896 3.2473886 0.0000010 0.0000010 1.7368280 0.0000010 0.0000010 0.0000010 0.0000010 1.4562475 3.2273892 3.2413686 3.3012012 3.1738496 3.3694191 2.2589706 3.0369348 3.2178415 3.2917545 2.7754938 3.2126675 2.4902323 2.5830588 2.8791959 0.0000010 2.0512467 1.9390291 2.0011941 2.3373882 2.9990664 1.5594728 2.2195189 2.6723384 2.6395832 2.0782917 2.2277234 2.5526261 2.2789988 2.6609153 3.4402842 4.0581919 2.9713467 2.8696040 
TrH2_TrispH2_011606-RA                                   8.9999989 1.3178460 3.2902862 0.4402762 0.4717047 0.5028870 0.5028870 0.4830455 0.2483097 1.6015206 1.5349259 0.0000000 0.0046538 0.0637302 1.8784951 3.6442618 5.6654580 0.0000010 5.6086042 3.1574429 3.1574429 9.0000000 9.0000000 3.2968967 1.5603142 3.2303140 1.4867085 3.8051078 1.6550906 1.4002822 1.3220598 1.3827478 1.4541190 5.1070992 4.3004170 3.9082100 4.7413964 5.4164770 5.6517396 1.9858767 1.3652289 2.0444050 5.2995181 1.9906505 1.6580028 1.6668885 1.7404062 1.9647430 9.0000000 2.4273298 7.4903849 3.4155264 2.8029105 3.2667077 2.9986206 1.7923047 2.4318449 2.8271794 1.8058226 2.0182223 1.7376433 2.0178826 1.6454742 2.0655365 6.8078170 2.7436422 0.0000010 4.4124184 2.5394477 8.9999984 4.6884629 3.2539178 6.6468171 6.5015481 4.5657631 3.3711067 2.0267575 9.0000000 0.0000010 3.3851505 3.4200580 0.0000010 3.4383084 4.7995659 2.7724559 3.0543592 6.6232419 8.6800381 2.6103980 3.7624692 0.0000010 6.5101398 0.0000010 6.7702466 5.2676040 6.7706718 6.9970801 0.0000010 6.0626627 5.8728763 9.0000000 2.4852515 2.9449970 3.4408502 2.7486035 3.7246154 2.3108817 8.9999987 2.7070135 8.9999984 2.5901212 5.8416774 2.1129727 1.8640582 5.3295127 4.4516718 5.6921433 4.9849852 2.2859959 5.6154014 7.3172782 0.0000010 4.9636270 
Tadh_TriadT60792                                         6.7728505 3.3752392 3.5184887 0.4613545 0.5287294 0.5626217 0.5664652 0.5353104 0.3424778 1.7432262 1.5412071 0.0046538 0.0000000 0.0736913 2.1060007 3.8339627 5.6389857 3.5242466 4.4484426 3.1574429 3.1574429 5.6853375 9.0000000 3.2968967 1.6825448 3.7456361 1.4754697 3.8051078 1.7686349 1.3908648 1.3132716 1.3729858 2.8392024 4.6917411 3.3058358 4.1582379 4.6413091 6.3067973 5.6517396 2.0864642 1.3771437 2.0974732 4.7454334 2.1961041 1.6626934 1.8066679 1.9102208 2.0996748 9.0000000 2.4239638 7.4903849 3.4155264 2.7514700 3.2667077 3.0774346 1.9098023 2.4945685 2.9250208 1.8032275 2.1651588 1.7262989 2.1456772 1.6462816 2.0758769 6.0096406 2.8522099 6.7311607 4.5624304 2.5394477 8.9999984 4.6884629 3.4463706 6.6468171 6.5015481 4.5657631 3.5102886 4.1954691 9.0000000 6.8996094 3.4928972 3.5019495 4.4210090 3.4383084 4.7995659 2.7959468 3.0543592 6.6232419 8.6800381 2.6410654 3.7624692 6.3001919 6.0400802 4.5785113 7.0676885 6.5970242 6.7706718 6.4877931 0.0000010 5.1703917 5.8728763 9.0000000 2.5388484 2.9760465 3.4451252 2.7650063 3.1540557 2.3749906 8.9999985 3.2201118 8.9999982 4.0332030 4.7106379 2.1650972 2.1715633 5.4612642 4.4064182 5.0679691 5.1357341 2.2859959 5.5510873 5.8759175 3.6496455 3.7067913 
Tadh_TriadT62708                                         0.0000010 1.4147881 2.6939240 0.2633427 0.2600840 0.2885166 0.2885166 0.3053232 0.0637302 0.0000010 0.0000010 0.0637302 0.0736913 0.0000000 1.8784951 7.9556271 0.0000010 0.0000010 0.0000010 0.0000010 0.0000010 0.0000010 0.0000010 1.8603941 1.1454097 1.7012132 1.3049760 0.0000010 1.1520373 1.1085655 1.1201057 1.1227831 4.4555421 0.0000010 0.0000010 0.0000010 0.0000010 0.0000010 0.0000010 1.5009364 1.1413703 0.0000010 0.0000010 1.4379232 1.3507121 1.1997688 1.2541758 1.2574340 0.0000010 2.3073036 0.0000010 0.0000010 1.2890743 2.1258887 2.8579744 1.3244114 1.6851221 2.4353973 2.1077224 1.4740083 1.4389493 1.4776356 1.4726019 1.5800914 0.0000010 2.2454961 0.0000010 4.9076811 0.7212054 9.0000000 3.3082902 2.5486921 0.0000010 0.0000010 0.0000010 2.7157775 0.0000010 0.0000010 0.0000010 2.6677463 2.6677463 0.0000010 3.0237137 8.7812379 2.6880029 3.9377616 0.0000010 0.0000010 3.0037223 1.5795465 0.0000010 0.0000010 0.0000010 0.0000010 0.0000010 0.0000010 0.0000010 0.0000010 0.0000010 0.0000010 0.0000010 2.0271411 2.3440331 3.2077847 3.2053497 0.0000010 2.0393245 0.0000010 0.0000010 0.0000010 1.8102380 0.0000010 1.5867572 0.0000010 6.9223304 0.0000010 0.8212086 0.0000010 0.0000010 3.2226191 2.7049247 0.0000010 2.8931943 
Stycar_maker-SC_scaffold109869-snap-gene-0.5-mRNA-1      3.4008674 2.8287680 2.8751577 1.8478210 1.8051646 1.7664103 1.7664103 1.7275761 1.8893524 0.0000010 1.9138646 1.8784951 2.1060007 1.8784951 0.0000000 0.2323800 0.0000010 0.7751383 1.0045513 0.0000010 0.0000010 1.4220630 2.1359792 0.0000010 1.8263054 1.1906019 1.8414102 0.6843641 1.6296561 1.3062950 1.5592027 1.5471944 1.4276394 1.6086127 2.2677869 1.6178682 1.7096275 8.9999989 0.0000010 1.7940881 1.4925790 4.0020465 1.5891211 1.8008378 1.0395493 1.6037201 1.6279447 1.7797766 0.0000010 1.4727244 1.8818218 0.0000010 1.4230953 2.4934270 2.7732564 1.7497416 1.8946518 0.9895830 1.5787964 2.0132980 1.4289199 1.8770526 1.9577439 2.8860053 1.4823045 1.5637847 3.4237927 2.9699439 0.6070005 1.0663363 1.6569932 3.3268187 0.5957683 0.0000010 0.0000010 2.7255291 2.9171731 0.0000010 2.7752538 3.0219529 1.4100507 3.3374310 4.8173020 4.8173020 2.8505915 4.8173020 2.2266834 0.0000010 2.9345094 0.0000010 2.9458585 3.1479500 3.1479500 3.3759384 3.3759384 2.5604421 3.4737844 0.0000010 3.1994604 5.0614198 3.3844329 2.5826007 1.3729937 1.5487520 1.6310903 1.3358808 2.7116521 0.0000010 1.8752616 3.2601093 1.2779480 1.9080848 1.9814995 5.8906872 1.9448968 1.7866208 2.6439200 2.2659179 3.0275488 2.0949395 3.6391403 2.4147687 1.9056997 
Stycar_maker-SC_scaffold144555-augustus-gene-0.17-mRNA-1 3.5682866 3.3860716 3.3805274 2.6929546 2.6114871 2.6279081 2.6279081 2.5458335 2.6599471 3.1454060 2.6704764 3.6442618 3.8339627 7.9556271 0.2323800 0.0000000 0.0482494 1.0758658 1.6458251 2.6672652 3.7935003 0.7770542 2.8278063 4.2443106 2.3040436 3.9311117 2.1202048 1.9961312 2.2799600 2.3017646 2.2339121 2.3807541 2.4614787 2.1715951 1.9653916 2.2837957 2.3174256 3.0034328 2.9022882 2.4716671 2.5963805 4.5296552 2.2984678 2.3886278 2.2740574 2.5075722 2.1842808 2.2665897 8.3228440 2.5805275 0.7089262 0.0000010 4.8354572 1.8560576 2.6037338 2.3547827 2.4316402 1.8521629 2.8312084 2.7012435 2.2681418 2.6413510 2.4808681 2.1943046 2.7498997 2.6647570 2.7198040 3.5145750 1.5995520 1.5965329 2.9612384 3.5143068 3.6089232 3.8397668 9.0000000 3.3632942 2.7111162 4.4626226 2.5669323 3.4562876 3.9322824 3.0730487 0.0000010 0.0000010 3.9081533 5.8571514 2.1267038 4.7789503 3.4786530 2.8882996 2.4527140 3.4720845 2.8651436 2.8048063 2.8048063 2.2599360 3.3788818 3.4500928 3.4755294 2.1921992 2.7254807 2.6844107 2.3275504 2.3195685 5.1611252 1.4668484 2.8622439 4.8223918 3.7456068 4.5587257 1.5717484 2.6366729 3.5981535 2.5744150 2.9613851 2.5080612 2.6082015 3.0878533 3.6904854 3.0515694 3.6061000 2.4740032 2.8550441 
Stycar_maker-SC_scaffold14602-snap-gene-0.3-mRNA-1       8.9999982 4.3443094 2.1711588 2.2159198 2.1528787 2.2474114 2.2474114 2.2836476 2.2956184 0.0000010 2.2956184 5.6654580 5.6389857 0.0000010 0.0000010 0.0482494 0.0000000 0.0000010 1.1200537 0.0000010 0.0000010 0.7113672 0.0000010 0.0000010 1.7746858 0.0000010 0.0000010 0.0000010 1.9501422 0.0000010 0.0000010 0.0000010 0.0000010 1.8044876 1.7912587 1.8685007 1.8740598 2.9209030 1.4559820 2.1528231 0.0000010 0.4971161 1.7149612 2.1204791 0.0000010 1.9529920 1.8441900 1.9551673 0.0000010 0.0000010 0.0000010 0.0000010 0.0000010 1.8262246 1.3314007 2.1015638 2.2314206 1.1201718 0.0000010 2.0403252 0.0000010 1.9605423 0.0000010 4.9843093 2.5334360 2.5423039 0.0000010 2.7554803 0.0000010 0.0000010 0.0000010 3.1327170 0.0000010 0.0000010 0.0000010 2.8083182 2.4875786 0.0000010 0.0000010 2.8003930 3.6750227 0.0000010 0.0000010 0.0000010 0.0000010 0.0000010 0.0000010 0.0000010 0.0000010 0.0000010 1.9602096 3.2174199 1.1395615 2.7038918 2.7038918 0.0000010 2.9433210 0.0000010 2.9074728 0.0000010 1.4995892 2.7614324 1.6796034 1.5247296 0.0000010 1.3188399 0.0000010 5.1138835 0.0000010 0.0000010 0.0000010 1.7441214 4.7478386 3.3343452 2.4527518 2.1810166 1.6798673 2.1774306 0.8913695 2.0427731 2.8223399 1.5576736 2.8940082 
Spolac_c103453_g1_i1_m.34317c103453-g1                   5.7097339 3.2917396 2.2560277 0.0000010 1.3203731 1.3899012 1.3899012 1.3526114 1.4200834 0.0000010 1.4200834 0.0000010 3.5242466 0.0000010 0.7751383 1.0758658 0.0000010 0.0000000 0.1916710 0.0000010 0.0000010 2.2666362 2.2174101 0.0000010 1.5924598 1.3169007 0.0000010 0.0000010 1.4650312 0.0000010 0.0000010 0.0000010 1.4601183 1.4117360 0.7147162 1.5154044 1.4422712 0.0000010 0.0000010 1.4873594 0.0000010 2.7622827 1.3356020 1.6874756 1.5038068 1.3488303 1.4277176 1.5179739 0.0000010 2.1467007 2.1467007 0.0000010 1.5384150 5.2213312 2.2490588 1.2400632 1.5805297 0.9479856 0.0000010 1.7070412 0.0000010 1.6378636 5.9805863 3.7446043 1.2684420 1.3283498 3.7761748 2.1968863 0.0000010 0.0000010 0.0000010 3.5688411 0.0000010 0.0000010 0.0000010 2.7559520 2.7559520 0.0000010 2.9601218 3.4832092 0.0000010 3.4682487 0.0000010 0.0000010 0.0000010 0.0000010 0.0000010 0.0000010 0.0000010 0.0000010 2.9729739 2.8619680 2.8619680 3.7426646 3.7426646 2.5604421 3.6499663 0.0000010 3.5391723 0.0000010 3.7442468 2.7287918 1.3357990 1.7743073 0.0000010 1.3777726 4.4221652 0.0000010 0.0000010 2.7411883 1.2773205 1.4494852 2.2928238 5.5696521 1.8938855 1.2700171 1.2534252 1.6326113 1.3122609 1.9613570 5.1392235 2.1717959 1.7244828 
Emue_Em0013g30a.t1                                       3.7103500 3.4368752 3.3840788 2.7471413 2.5032144 2.5293189 2.5307392 2.5066930 2.4612567 3.1432488 2.4956243 5.6086042 4.4484426 0.0000010 1.0045513 1.6458251 1.1200537 0.1916710 0.0000000 0.0208696 0.0397283 0.4519963 0.4315849 0.3635785 2.2520123 2.4032827 1.9682044 1.4205758 2.2972135 1.8299653 1.8827732 1.9717414 1.9850055 2.3912572 2.4844664 2.1968197 2.3882855 2.6005785 2.3984002 2.3694962 2.9917723 2.2271077 2.1997083 2.3123060 1.7367323 2.2506582 2.1681612 2.3231875 1.4121530 1.9497872 2.1389343 0.0000010 1.9939658 1.9754324 2.3372061 2.2464858 2.4772757 1.4807768 0.0000010 2.7747012 2.4799838 2.7483135 2.7083267 2.7812813 2.6253904 2.6392628 3.6295779 3.6398232 0.4064348 1.2235066 2.1070840 3.6488795 2.1808926 2.8658949 2.1583460 3.3235817 2.9232216 4.4458678 2.9000961 3.5304907 3.6525761 3.1103209 0.0000010 0.0000010 2.4864977 0.0000010 1.2235066 1.8554884 0.0000010 2.9028350 3.1024606 3.5264814 3.0148177 3.2642869 3.4199355 3.2496458 3.7530146 4.4300215 3.8516667 3.9015961 3.3229386 2.7898684 2.1232095 2.2380524 0.0000010 1.4620448 2.0474290 2.9126453 2.5121165 2.7861756 1.7449358 2.5192760 3.1360978 2.6964841 2.5075137 2.6470729 2.9565639 2.8903704 3.1411613 3.1690497 3.8501507 2.4853192 2.7955633 
Emue_Em0637g1a.t1                                        4.5377648 9.0000000 3.4125972 2.3985357 2.2855116 2.2691204 2.2764874 2.3712721 2.3547048 3.1432488 1.9309854 3.1574429 3.1574429 0.0000010 0.0000010 2.6672652 0.0000010 0.0000010 0.0208696 0.0000000 0.0000010 0.4158971 0.0000010 1.4301344 2.0435034 0.0000010 1.9028340 1.4205758 1.8572114 1.8299653 1.8827732 1.9717414 0.0000010 6.0045618 0.0000010 8.9999986 8.9999989 9.0000000 9.0000000 1.9936295 2.9917723 2.0338703 2.6543738 2.0614723 2.2110617 2.0516776 2.0001243 1.9189313 1.4121530 1.7389749 1.5245189 0.0000010 3.5310496 1.2384752 0.4357469 1.9964852 1.9774102 1.8525773 0.0000010 2.5089057 2.4507908 2.7632108 2.5588814 2.4453101 2.0684178 2.0684178 0.0000010 3.5746203 0.3701417 1.2235066 1.5720894 3.5353941 2.1996656 2.8658949 2.1859598 2.7360489 0.0000010 0.0000010 0.0000010 3.0449710 2.9465090 0.0000010 0.0000010 0.0000010 2.4864977 0.0000010 1.2235066 1.8554884 0.0000010 2.9028350 0.0000010 3.2296018 0.0000010 3.7078890 0.0000010 3.8122262 2.9610414 0.0000010 9.0000000 3.7704300 0.0000010 2.4819554 1.9142225 2.2746665 0.0000010 5.9582329 1.7896444 1.9683795 2.4270267 2.7184284 1.1990416 5.7072322 2.8804359 0.0000010 2.2368525 2.1960145 3.4249105 2.5091626 3.6952657 4.4390169 3.0274968 0.0000010 9.0000000 
Emue_Em1078g1a.t1                                        4.0934165 9.0000000 3.5596842 2.4407202 2.3386555 2.3472460 2.3543811 2.4198296 2.4475042 3.1432488 2.1282896 3.1574429 3.1574429 0.0000010 0.0000010 3.7935003 0.0000010 0.0000010 0.0397283 0.0000010 0.0000000 0.4158971 0.0000010 0.0000010 2.0873451 5.2934264 1.8977197 1.4205758 1.9984005 1.8299653 1.8827732 1.9717414 0.0000010 4.7908307 0.0000010 8.4450883 7.1158479 8.4450883 0.0000010 2.1288190 2.9917723 2.0338703 4.2954716 2.2351455 2.2110617 2.3159205 2.0766167 1.9760447 1.4121530 1.7389749 1.5245189 0.0000010 3.5310496 1.2384752 0.4357469 2.1073338 2.1162775 1.8578422 0.0000010 2.6160194 2.4728221 2.9064503 2.6208107 2.4891996 2.1285838 2.1285838 0.0000010 3.7878154 0.4064348 1.2235066 1.5720894 3.5889105 2.1996656 2.8658949 2.1859598 2.9222779 0.0000010 0.0000010 0.0000010 3.1401343 3.0532030 0.0000010 0.0000010 0.0000010 2.4864977 0.0000010 1.2235066 1.8554884 0.0000010 2.9028350 0.0000010 3.4960975 0.0000010 3.4937644 5.0113061 3.5843226 3.0180440 0.0000010 9.0000000 3.8009864 0.0000010 2.7744881 1.9619501 2.2573402 0.0000010 2.9169487 1.7896444 1.9683795 2.4270267 2.7184284 1.4018217 8.9999987 3.0970261 0.0000010 2.4305687 2.2443838 3.8704679 2.6102563 3.6952657 5.5110142 5.7285230 0.0000010 8.5857392 
Spolac_c93401_g1_i1_m.8815c103453-g1                     2.9726304 3.4331167 2.2278853 2.0592366 1.9403233 2.1274701 2.1274701 2.1839526 2.0573259 0.0000010 2.0573259 9.0000000 5.6853375 0.0000010 1.4220630 0.7770542 0.7113672 2.2666362 0.4519963 0.4158971 0.4158971 0.0000000 0.0000010 0.0000010 1.6538927 1.7228207 0.9962804 0.9962804 1.7946485 1.3264692 1.3264692 1.3264692 1.6444359 1.5916711 1.7216614 1.8897266 1.8506739 6.0241246 1.8035648 2.1455322 2.1152597 0.4971161 1.6584856 2.2339463 3.1471480 1.8606328 2.0685426 2.0405556 0.0000010 2.1353789 2.1353789 0.0000010 0.0000010 3.1999273 1.3969162 1.6753433 1.9264713 1.3969953 0.0000010 1.9101541 1.3370210 1.9261330 2.4380243 2.3203000 2.1132957 2.0918574 2.6764413 2.8523957 0.0000010 0.0000010 0.0000010 3.1696510 5.6448176 5.6448176 5.6448176 2.5285107 2.3429605 0.0000010 1.5971862 2.8037779 3.3935604 4.3133637 0.0000010 0.0000010 0.0000010 0.0000010 0.0000010 0.0000010 0.0000010 0.0000010 2.4028400 2.6426383 2.0057303 2.7069386 2.7069386 0.0000010 2.5181262 0.0000010 2.8122058 0.0000010 2.3879094 2.3177441 1.7618207 1.7396105 0.0000010 1.3217799 2.0914403 2.9280913 0.0000010 0.0000010 1.5770845 1.8293788 2.0340308 3.8436849 2.1081328 2.4849260 2.1928782 2.1809520 0.8913695 1.9218140 2.6430823 2.4980454 2.3240380 
Spolac_c94261_g2_i1_m.9847c103453-g1                     3.3128133 2.6102026 4.2321129 2.3460998 2.4063162 2.3319998 2.3319998 2.3883685 2.1981212 0.0000010 2.4359739 9.0000000 9.0000000 0.0000010 2.1359792 2.8278063 0.0000010 2.2174101 0.4315849 0.0000010 0.0000010 0.0000010 0.0000000 0.0000010 2.2089791 6.8541023 1.2949738 1.2949738 2.2531832 1.2949738 1.2949738 1.2949738 2.4994929 2.3156300 0.0000010 2.2866782 2.2109497 8.9999989 2.2191765 2.4665140 1.2949738 9.0000000 2.1349415 2.2202978 1.6590753 2.1167200 2.0512747 2.7965433 0.0000010 0.7696168 0.0000010 0.0000010 0.0000010 0.7696168 0.7696168 2.6142636 2.8923446 1.6758300 0.0000010 3.0917138 1.6889450 2.9038017 2.9123611 2.5688510 3.6923863 3.6948172 0.0000010 4.8514130 0.0000010 0.7696168 0.7696168 3.2332571 0.7696168 0.0000010 0.0000010 3.6921062 2.9781024 3.8329965 3.1154831 3.2189112 3.3033393 2.2548142 0.0000010 0.0000010 0.0000010 0.0000010 0.0000010 0.0000010 0.0000010 0.0000010 3.0530850 3.9065171 2.0553562 2.1043047 2.4532332 0.0000010 4.2114979 4.4284261 4.4218071 5.6859747 2.5791903 3.1892047 3.1189078 3.0206891 0.0000010 3.8844963 1.2949738 0.0000010 0.0000010 0.7696168 1.5646335 3.0269054 2.6424493 2.6293855 2.5522382 2.8946725 2.8118162 3.1425800 1.7727813 3.1585790 4.2101618 3.7869884 2.9447094 
Spolac_c94261_g1_i1_m.9845c103453-g1                     2.1612478 2.7603761 3.0772378 2.6212311 2.6510589 2.6818402 2.6818402 2.5664315 2.6468333 0.0000010 2.7203134 3.2968967 3.2968967 1.8603941 0.0000010 4.2443106 0.0000010 0.0000010 0.3635785 1.4301344 0.0000010 0.0000010 0.0000010 0.0000000 2.1063816 2.7891553 2.3234125 0.9056096 2.2979702 1.1934866 1.1934866 0.8149461 0.0000010 2.2059365 0.0000010 1.9549556 2.1158804 2.2087421 2.1662068 2.3452519 1.0899696 0.0000010 2.0315113 2.3763024 0.9180656 2.0442540 2.4888380 2.1027429 0.0000010 1.1087584 0.0000010 0.0000010 0.0000010 1.5028744 4.5197522 2.3015065 2.8439666 1.5385103 1.3373988 2.8513417 1.5459556 2.8619574 2.9248097 1.2489347 2.2735361 2.4046148 0.0000010 3.8163146 0.0000010 0.7696168 0.7696168 3.2081937 1.2287466 0.0000010 1.7106137 3.2400142 0.0000010 8.4647097 0.0000010 3.2003911 3.2253046 0.0000010 0.0000010 0.0000010 1.1162601 1.1417739 0.0000010 0.0000010 1.1981156 0.0000010 8.9999988 3.2515021 0.0000010 2.7341741 3.9756001 0.0000010 3.7441617 0.0000010 3.8833013 0.0000010 0.0000010 2.9798093 2.3151904 2.1572116 5.2406341 1.2694940 3.1450808 1.9564939 1.4642692 1.5348645 1.8323040 2.8851149 3.5108818 1.6973829 2.5251133 2.7018342 2.9507286 3.1201088 1.8630418 3.7698930 3.8718256 6.6078619 2.7630635 
Amil_Amillepora04725-RA                                  2.5615239 3.2243645 2.2415682 1.4300750 1.4262895 1.4221371 1.4214883 1.4337586 1.3964865 1.5634461 1.5379161 1.5603142 1.6825448 1.1454097 1.8263054 2.3040436 1.7746858 1.5924598 2.2520123 2.0435034 2.0873451 1.6538927 2.2089791 2.1063816 0.0000000 0.1502073 0.0400038 0.0467502 0.2350397 0.1648055 0.1655399 0.1545860 0.4260278 0.2592115 0.0236142 0.2842523 0.2554945 0.0830270 0.0148162 0.5829782 0.4552872 0.8549274 0.6611408 1.0781985 0.9176243 1.1551014 1.2093138 1.2167483 1.8647361 1.8888222 1.9029195 1.4163126 1.9175248 2.0137721 1.9342718 1.2656894 1.3589611 1.9981824 1.6357497 1.3538949 1.0907349 1.3393889 1.0712805 1.2295542 2.1700165 2.1076365 4.4459128 3.6926054 1.6544998 1.9088882 2.4002805 2.7140203 2.3678801 2.3977915 2.3056325 2.6190154 3.3360318 4.0981219 3.5395568 2.6204743 2.5438039 3.6626820 2.4145889 2.1844065 2.2304993 3.1235663 1.6895157 2.7112829 2.7018407 2.5259692 3.1857463 2.8964554 3.1954820 3.0794320 3.2959696 2.5415236 2.8615188 3.1312369 3.3464849 2.6742880 3.1527974 1.8688844 2.3264303 2.5306542 2.4406999 2.0735887 1.6380400 2.4827213 2.5734394 2.4621914 1.6250920 1.7632825 1.7365856 2.5900057 1.4434685 2.1018639 1.8137486 1.9049517 2.9555132 3.0670266 3.6711360 2.2767830 2.6550541 
Adig_XM_015923921.1                                      2.5945509 2.4601167 2.1056295 2.6388000 1.6396393 1.5685816 1.5500554 1.6497319 1.6396493 0.0000010 1.6464536 3.2303140 3.7456361 1.7012132 1.1906019 3.9311117 0.0000010 1.3169007 2.4032827 0.0000010 5.2934264 1.7228207 6.8541023 2.7891553 0.1502073 0.0000000 0.6967576 0.0000010 0.5014892 0.7742528 0.7742528 0.7742528 0.3653113 0.4346604 0.8275005 0.3261016 0.4356789 2.6678584 1.1662476 1.2566316 0.9482328 1.2170212 1.0092040 1.8760693 0.7300274 1.5143282 1.6857827 1.7127093 0.0000010 1.5526880 1.9862351 0.0000010 0.7447106 2.3564567 3.5990035 1.6109911 1.7098036 2.1470946 1.3300694 1.8852303 1.3610208 1.6980488 1.8096968 2.5289663 1.8902720 1.9439973 4.3599564 3.2891080 9.0000000 0.0000010 0.0000010 4.0005129 0.0000010 0.0000010 0.0000010 3.4075654 3.3340615 9.0000000 3.3201592 3.9646302 4.7299277 3.7852436 0.0000010 0.0000010 2.3960437 5.5453018 0.0000010 0.0000010 2.1974396 0.0000010 3.9529482 3.9060004 3.8874585 4.7378626 4.7378626 9.0000000 3.8393090 0.0000010 4.0496975 3.5311666 3.9118397 4.7300879 2.4326963 3.4151774 3.0933361 2.0363604 0.6546856 2.7507263 0.0000010 6.8792869 1.5399131 1.6185660 2.7610111 4.8830070 1.8723448 1.9682499 3.9183016 1.9209757 0.0000010 3.0243805 4.8370238 2.4292659 2.5394341 
Adig_XM_015923205.1                                      2.7161419 1.5858591 2.1888058 1.2776111 1.2651733 1.2597712 1.2608288 1.2805473 1.2874863 1.5334575 1.4456638 1.4867085 1.4754697 1.3049760 1.8414102 2.1202048 0.0000010 0.0000010 1.9682044 1.9028340 1.8977197 0.9962804 1.2949738 2.3234125 0.0400038 0.6967576 0.0000000 0.0337328 0.1930642 0.1664015 0.1715396 0.1692041 1.4919971 0.2315661 0.0000010 1.0622978 0.3142520 0.8882912 0.8882912 0.4298221 0.4249702 0.5968050 0.6205943 0.8544852 0.9042158 0.9732290 1.0110702 0.9571351 2.0100600 1.8542615 2.0389138 1.4533585 2.2456855 2.1749537 1.6623941 0.9944999 1.1045509 1.9540176 1.8103230 1.1250873 1.1016429 1.1232069 1.0123886 1.1413590 2.0821760 2.0110188 2.7282932 3.9880866 1.7385645 2.0553573 2.2535317 2.3923029 2.2742420 2.2939573 2.3332387 2.2634628 0.0000010 0.0000010 0.0000010 2.2721191 2.2675808 0.0000010 2.4016081 2.1954600 2.3184778 3.1235663 1.7606918 2.5518426 2.8981263 2.4510810 0.0000010 2.2172807 0.0000010 2.7049725 0.0000010 2.6797944 2.3178104 0.9155042 4.6905414 2.6722945 0.0000010 1.5423477 2.3790397 2.6542336 2.8660885 2.8919390 1.6051607 2.2747176 2.5830400 2.3720214 2.4389428 9.0000000 1.3713754 1.8413539 1.3265223 1.8834063 2.9406117 1.4136111 3.0903805 2.4017061 2.6203515 0.0000010 6.4069678 
Adig_XM_015918303.1                                      2.7161419 3.7594296 2.0686470 1.2256274 1.2027423 1.1657524 1.1679321 1.1894353 1.1952698 1.8132185 1.2314045 3.8051078 3.8051078 0.0000010 0.6843641 1.9961312 0.0000010 0.0000010 1.4205758 1.4205758 1.4205758 0.9962804 1.2949738 0.9056096 0.0467502 0.0000010 0.0337328 0.0000000 0.1687026 0.1471776 0.1447631 0.1891368 0.0000010 0.5963199 0.0000010 0.0000010 0.0000010 0.0000010 0.0000010 0.3451192 0.5281529 0.0000010 2.2710260 0.7717292 0.9279007 0.8655132 0.9148595 0.8255081 1.9442214 2.0199181 2.0110623 1.5128719 2.2624525 2.1644189 1.8242354 0.8730743 0.9379281 1.8557698 2.0186389 0.9422903 0.9375034 0.9616935 0.8947289 0.8064732 2.1635215 2.1163462 1.4946795 3.8729264 1.4020503 1.8314141 1.9432580 2.1505990 2.3159532 2.2646106 2.2946876 2.2040220 0.0000010 0.0000010 0.0000010 1.9609275 1.9627495 0.0000010 1.2470369 1.2470369 2.1095654 5.3555177 1.7545898 0.4094657 3.8133198 2.2799418 0.0000010 1.4357013 0.0000010 0.0000010 0.0000010 0.7771637 2.3725830 0.0000010 0.0000010 1.8907829 0.0000010 1.4039020 2.3353706 2.6476312 9.0000000 1.8208050 1.6073000 2.5777873 2.9759911 2.7708082 2.1167603 0.0000010 1.2666420 1.8907829 0.5822047 1.2692644 2.1377776 0.7377198 1.7990932 1.3734328 0.7262167 0.0000010 3.0233144 
Spis_XP_022779054_1                                      2.5923024 2.9579636 2.3162954 1.3998242 1.3785645 1.3770323 1.3762850 1.3733848 1.3523143 1.4151364 1.5180127 1.6550906 1.7686349 1.1520373 1.6296561 2.2799600 1.9501422 1.4650312 2.2972135 1.8572114 1.9984005 1.7946485 2.2531832 2.2979702 0.2350397 0.5014892 0.1930642 0.1687026 0.0000000 0.0980071 0.0783960 0.1429205 0.1229021 0.2446469 0.2681094 0.1997129 0.1729665 0.4280641 0.3379061 0.5269079 0.3947546 0.7653692 0.6315480 1.0290228 0.9103017 1.0906950 1.1530235 1.1917730 1.9743103 1.8189425 1.9915143 1.4699785 2.2077008 2.0629929 1.8123594 1.1569384 1.3028594 1.9736974 1.6228956 1.3757113 1.1203432 1.3465083 1.0125323 1.2236818 2.1851373 2.1055519 4.1436112 3.6323199 1.6753567 2.0269503 2.2737305 2.7111974 2.2387083 2.3799963 2.2683645 2.5928844 3.1468838 4.3735380 3.1071124 2.6472040 2.5817356 3.2367821 2.3111623 2.0894014 2.2366498 3.0130848 1.8552115 2.2191444 2.7083673 2.5716410 3.2306750 2.9257878 3.1704272 3.0909485 3.2471163 2.5624998 2.9713895 3.6288501 3.3108185 2.4167084 3.0481508 1.7907012 2.3818747 2.5517563 2.4957749 2.0718057 1.6139977 2.3291251 2.6143269 2.3004196 1.5538574 1.7787891 1.7509124 2.0313252 1.5129452 2.0568065 1.9270934 1.8299510 2.6378833 3.1641409 3.7621263 2.3811184 2.6291816 
Fspp_ffun1.m4.9543.m1                                    2.5584877 1.5858591 2.0741623 1.2319061 1.2162421 1.1879242 1.1868318 1.2009244 1.2109565 1.4095187 1.2947912 1.4002822 1.3908648 1.1085655 1.3062950 2.3017646 0.0000010 0.0000010 1.8299653 1.8299653 1.8299653 1.3264692 1.2949738 1.1934866 0.1648055 0.7742528 0.1664015 0.1471776 0.0980071 0.0000000 0.0544974 0.1134716 1.4919971 1.5603786 0.0000010 0.0000010 0.0000010 0.0000010 0.0000010 0.3441206 0.4094824 0.4168382 1.5725129 0.8086605 0.8751416 0.8598015 0.9325692 0.8657162 2.1276539 1.8579002 2.0334089 1.4326878 2.0500371 2.0667468 1.7526889 0.8921292 1.0319987 1.8657729 1.6207831 1.0494863 1.0439218 1.0422853 0.9794797 1.0508035 2.0919076 1.9512136 2.7282932 3.7473883 1.2119420 2.0785549 2.3350753 2.2418299 2.2646581 2.3779246 2.2964238 2.1360616 0.0000010 0.0000010 0.0000010 2.1479565 2.1465627 0.0000010 2.4366043 2.2399933 2.2284110 2.9749749 1.8596044 2.4520490 2.6759998 2.5071407 0.0000010 1.7723545 0.0000010 0.0000010 0.0000010 2.5116946 2.4508289 0.0000010 0.0000010 2.8767738 0.0000010 1.4302041 2.2993570 2.4460521 2.5828489 2.2314961 1.5884721 2.3869091 2.6355124 2.2909229 1.7907856 0.0000010 1.3281593 0.0000010 0.9992552 1.6923146 2.7094709 1.2100299 2.7764019 2.0509792 1.1372390 0.0000010 2.2119428 
Gasp_gasp1.m3.30148.m1                                   2.5717097 1.5858591 2.0550752 1.2209087 1.2024882 1.1787322 1.1821167 1.1907353 1.1914143 1.4123477 1.2301777 1.3220598 1.3132716 1.1201057 1.5592027 2.2339121 0.0000010 0.0000010 1.8827732 1.8827732 1.8827732 1.3264692 1.2949738 1.1934866 0.1655399 0.7742528 0.1715396 0.1447631 0.0783960 0.0544974 0.0000000 0.1133650 1.4919971 1.3616746 0.0000010 0.0000010 0.0000010 0.0000010 0.0000010 0.3305254 0.3944179 0.4056623 1.3950641 0.7805863 0.8750624 0.8429406 0.9141275 0.8519220 2.0277011 1.8124242 2.0064087 1.3821779 2.1417099 2.0485344 1.7548694 0.8843870 1.0338326 1.8190656 1.5677795 1.0081092 1.0005508 1.0060348 0.9573417 1.0239308 2.0703411 1.9512759 2.7282932 3.7235014 1.2447943 2.0628235 2.2737799 2.2537389 2.2732644 2.3628346 2.2852479 2.1303771 0.0000010 0.0000010 0.0000010 2.1519658 2.1505770 0.0000010 2.3349906 2.1177604 2.1803921 2.9131135 1.8486706 2.5312966 2.6752025 2.5253960 0.0000010 1.9130986 0.0000010 0.0000010 0.0000010 2.6689398 2.4534128 0.0000010 0.0000010 2.9582298 0.0000010 1.4090216 2.3005464 2.4176725 2.3887067 1.8208050 1.5510828 2.1993647 2.5211550 2.3653276 2.0047406 0.0000010 1.3202847 0.0000010 0.8814171 1.7377801 2.6874684 1.1634169 2.7729682 1.8446158 1.1372390 0.0000010 2.4112693 
