101
Lcom_lcpid65303                                        0.0000000 0.6362423 0.6403278 1.2867142 1.1501300 1.1490558 0.8236013 1.2647615 0.7759925 0.9619620 1.0511381 1.3909978 1.1051826 1.2215023 1.0265500 1.1956133 1.1633953 1.2430693 0.7990200 1.2682699 1.2602207 1.2498972 1.2967529 1.2936924 1.2844402 1.3402600 1.3039658 1.3786910 1.4366096 1.5040347 1.4975634 1.1178682 0.9839676 1.0796433 1.1016812 1.1046372 1.1445192 1.1146715 1.1092450 1.1231249 1.1147997 1.2793757 1.2086959 1.3512881 1.2932003 1.2831824 1.2626305 1.4248630 1.2952980 1.2769441 0.9322372 0.9676644 0.9837138 0.9564301 0.7824056 1.0430075 1.2647296 2.3090048 1.0556030 1.2842242 1.2838435 1.2813434 1.2009454 1.2009444 1.2096855 1.5498505 1.2637595 0.9592946 1.2097303 1.2610126 1.2069118 1.2634755 1.5762072 1.2959892 1.2463451 1.1975320 1.3454532 1.3470550 1.2451641 1.3344931 1.3278361 1.2332660 1.2905811 1.2645912 1.1928299 1.0641124 1.5251499 1.0390376 1.2884483 1.5065676 1.4783211 1.5780375 1.4898450 1.5053570 1.5912547 1.5386007 1.5454390 2.0242824 2.1542177 1.9178803 2.6382725 
Scil_scict012900.1                                     0.6362423 0.0000000 0.5250845 1.3183714 1.1192468 1.0906840 0.8744890 1.2140297 0.8303382 0.9903214 1.1534848 1.5453313 0.9574879 1.0320705 0.9022782 1.1384094 1.1042307 1.1393721 0.6502465 1.1436115 1.2295707 1.1080300 1.1417912 1.3027476 1.1707024 1.3017002 1.2647576 1.1523510 1.2116035 1.3540185 1.4174228 0.9888275 0.9031349 1.0919444 1.0680303 1.0639329 1.1413715 1.1062267 1.1008203 1.0217629 1.0858884 1.2384256 1.1376897 1.3290363 1.2353572 1.2212761 1.2427428 1.5344733 1.2161343 1.2529620 1.0608472 1.0215645 1.0721881 1.0446726 0.8556524 0.9969859 1.2404753 2.1911596 0.9277310 1.2553112 1.2824316 1.2824316 1.2918573 1.2365455 1.2343318 1.3055116 1.2257349 0.9679447 1.2041733 1.2521835 1.2343318 1.2521835 1.3231720 1.2339243 1.1855469 1.1889810 1.3392624 1.2711790 1.2798645 1.2701615 1.2789214 1.1521118 1.2872468 1.2545742 1.2164595 1.0947371 1.2996403 1.1939052 1.2412134 1.3991822 1.5063574 1.5600640 1.5048922 1.5087742 1.6086979 1.5703212 1.5771295 1.9543430 2.0973870 1.8701176 1.7354963 
Gracom_Gcom_C554526_01                                 0.6403278 0.5250845 0.0000000 1.4218109 1.0811776 1.0730084 0.8356980 1.1938747 0.7616037 0.9979914 1.0898479 1.3282617 0.9260587 0.9588651 0.9022750 1.0818337 1.0640427 1.1123274 0.6710842 1.0803601 1.2364027 1.2533331 1.2194855 1.2603973 1.1766965 1.2546009 1.2944225 1.2044155 1.2117039 1.3201609 1.4154406 1.0325250 0.9698323 1.0625207 1.0340673 1.0401607 1.0618588 1.0319822 1.0268560 1.0340533 1.1456010 1.1977323 1.1724597 1.2550058 1.1889293 1.1756689 1.2048579 1.5811862 1.1720174 1.2378639 0.9131542 0.9303587 0.9264795 0.9467263 0.7602274 1.0252293 1.2938156 2.3726388 0.9263596 1.2047135 1.2369657 1.2463456 1.2598861 1.1937227 1.1383271 1.2676175 1.1754676 0.8764367 1.1035963 1.2162583 1.1487512 1.2070039 1.3828678 1.1555175 1.1045909 1.0518210 1.2650831 1.1832642 1.2025094 1.2108476 1.2201073 1.1181888 1.2070267 1.2032532 1.2723086 1.0131074 1.3122919 1.3739742 1.1424554 1.2687511 1.4169426 1.5311124 1.4330456 1.4135965 1.4922813 1.3696673 1.3759287 1.8746332 2.0325092 1.7563426 2.1291475 
Emue_Em0022g136a.t1                                    1.2867142 1.3183714 1.4218109 0.0000000 0.9088351 0.8629212 1.8365259 1.2033718 0.4108176 0.6918605 0.3137651 7.2899020 1.0222395 1.4924116 1.0048802 1.1741413 1.0101949 1.0786220 1.1069806 1.1099639 1.0923175 1.0574149 1.1252010 1.1355733 1.2169627 1.0579974 0.9747076 1.1945920 1.1779296 1.2997198 1.2734942 0.5057968 0.8116126 1.0659879 1.0392850 0.9922319 1.0589947 1.0138134 1.0062738 1.1206559 1.1478346 1.1421206 1.2422626 1.2576500 1.2429124 1.2532865 1.1634568 1.1162780 1.1600705 1.2245065 1.0622427 1.1283031 0.9837683 1.0453941 0.9978643 0.7976717 1.0516499 8.9999988 0.7550232 1.0524466 1.0588069 1.0555904 0.7496237 0.7414440 1.0223655 3.9377191 1.0159663 0.7844931 1.0159663 1.0192418 1.0192418 1.0223655 3.9377191 1.0118002 0.9951314 1.1598740 1.1432023 1.0404662 1.0994901 1.0315193 1.0416056 1.0416056 1.0527679 1.0150105 1.0572315 1.1354226 1.5444718 0.3417799 1.1158689 1.9090217 1.4860242 1.5882184 1.5105253 1.4979960 1.5726344 1.5269335 1.5269335 8.9999989 5.3018144 4.4505324 7.6965157 
Aque_Aqu2.1.41190_001                                  1.1501300 1.1192468 1.0811776 0.9088351 0.0000000 0.1508998 0.1281379 0.1731775 0.1978587 0.4718894 0.5576341 0.5815770 0.6610804 0.8026524 0.6047015 0.8486305 0.7431683 0.7639245 0.5867607 0.8033421 0.8269530 0.7789268 0.8196796 0.8430245 0.8219187 0.9122844 0.8062426 0.8328237 0.9115458 0.9475424 1.0433585 1.1116223 0.7057588 0.7828142 0.7567625 0.7439975 0.7597373 0.7655813 0.7622259 0.7627057 0.8006992 0.8611572 0.8171851 0.9125060 0.8273611 0.8275444 0.8149764 1.0622403 0.9312641 0.9556443 0.8204331 0.8085780 0.8018135 0.8562767 0.7162546 0.7052977 0.9837110 2.2698286 0.6600970 0.9591865 0.9504814 0.9477711 0.8152023 0.8291098 0.7979912 1.0162601 0.8833833 0.6610983 0.8056910 0.8731489 0.7953795 0.8756531 1.1458325 0.9060341 0.8800601 0.7727063 0.9652737 0.9226769 0.9417388 0.9838832 0.9741959 0.8268872 0.9697030 0.8923861 0.6624325 0.5851188 1.1465755 0.5179607 0.9854724 0.9811044 1.2147252 1.2589516 1.2302595 1.2186980 1.2340757 1.1696659 1.1754619 1.3149724 1.2489087 1.2912264 1.7418163 
Halamb_c49221_g1_i1m.25714                             1.1490558 1.0906840 1.0730084 0.8629212 0.1508998 0.0000000 0.1079195 0.1434801 0.1110101 0.4717082 0.5544093 0.6417474 0.7012692 0.8789094 0.6545687 0.8098136 0.7070588 0.7770903 0.5355930 0.7735869 0.8588203 0.8045091 0.8415996 0.8380943 0.8377355 0.9198691 0.8386008 0.8653921 0.8932415 0.9483907 1.0507991 1.0872861 0.7225309 0.7961121 0.7849058 0.7662635 0.7957026 0.7875553 0.7841458 0.7326312 0.8154336 0.8338343 0.8610834 0.9854240 0.9294452 0.9296482 0.8650420 1.0816216 0.9247458 0.9556808 0.8676648 0.8762367 0.8541277 0.8959913 0.7359202 0.6966478 1.0132974 2.5279345 0.6492491 0.9617708 0.9452245 0.9425099 0.7457281 0.7711289 0.7818495 1.0492387 0.8940847 0.6424007 0.7972267 0.8763057 0.7792629 0.8788364 1.2188309 0.8974473 0.8727973 0.7745129 0.9766583 0.9051231 0.9242681 0.9753576 0.9788884 0.8369960 0.9543528 0.9082913 0.7187209 0.6623601 1.1483710 0.5337303 0.9504955 1.0315934 1.2834774 1.3289002 1.2588720 1.2476317 1.2907898 1.2670231 1.2609321 1.4929232 1.2871071 1.4173583 1.8670254 
Halamb_c18972_g1_i1m.3319                              0.8236013 0.8744890 0.8356980 1.8365259 0.1281379 0.1079195 0.0000000 0.0990848 0.0000010 0.4438218 0.5323640 0.5326710 0.5281770 0.5151009 0.4745854 0.7537184 0.5717235 0.6365200 0.6003710 0.6583414 0.6073206 0.6323149 0.6733958 0.5937051 0.5771884 0.8530192 0.7275186 0.8733885 0.7411330 0.7718756 0.7890079 0.7114518 2.4677117 0.7478648 0.7964931 0.7253197 0.7723987 0.7356182 0.7356182 0.7839101 0.7813702 0.7903997 0.6158849 0.6921746 0.6834804 0.6834804 0.6431043 7.8682143 0.7930859 0.7536145 0.7101590 0.8081207 0.6783551 0.8183475 0.5804520 0.8552170 0.8552170 1.8536149 0.8772231 0.9371051 0.9371051 0.9371051 9.0000000 9.0000000 0.8056933 0.7255642 0.8056933 0.8056933 0.8056933 0.8056933 0.8056933 0.8056933 0.7255642 0.8407919 0.8407919 0.8870531 0.8870531 0.8821420 0.9002741 0.9556301 0.9311373 0.9311373 0.8980208 0.8788917 0.8385083 0.7238318 0.9377788 0.0000010 0.7940049 0.6385158 0.8901519 0.8901519 0.8901519 0.8901519 0.8901519 0.9131367 0.8955112 1.0418327 0.6630071 0.8925642 0.0000010 
Xestes_maker-XT_scaffold3800-augustus-gene-0.22-mRNA-1 1.2647615 1.2140297 1.1938747 1.2033718 0.1731775 0.1434801 0.0990848 0.0000000 0.2310751 0.4612014 0.5509761 0.5363694 0.6959592 0.8628586 0.7020559 0.9039775 0.7627855 0.8014478 0.6151446 0.8367187 0.8740634 0.7408111 0.8973119 0.8205763 0.8570759 1.0115945 0.9668004 1.0062227 0.9757137 1.0942930 1.1310713 1.1427470 0.8444510 0.8482840 0.8704401 0.8415194 0.8600866 0.8603226 0.8554142 0.8287173 0.8667740 0.8865766 0.8572410 1.0949819 0.9720958 0.9864621 0.9478731 1.1621478 1.0630795 1.0461952 0.8870400 0.8675226 0.8612077 0.8917491 0.8106772 0.8032481 1.1120091 2.2981724 0.8211710 0.9916790 0.9760738 0.9722180 1.1041402 1.1512242 0.9301334 1.0659024 0.9528026 0.7448769 0.9462315 0.9341869 0.9260763 0.9379277 1.0599954 0.9527762 0.9319930 0.9519147 1.0528067 0.9783186 1.0760396 1.0834262 1.0930087 1.0206500 1.0805757 0.9387916 0.8095807 0.7175894 1.4022859 0.5226545 0.9543363 1.0574206 1.3061028 1.3672726 1.3462308 1.3328711 1.3895646 1.3143410 1.3060015 1.5706864 1.0720305 1.2586858 1.5051347 
Halamb_c30412_g1_i1m.6250                              0.7759925 0.8303382 0.7616037 0.4108176 0.1978587 0.1110101 0.0000010 0.2310751 0.0000000 0.3547709 0.4292311 0.0000010 0.6015756 0.7435978 0.4080545 0.5219045 0.4955585 0.4607206 1.4843579 0.5699445 0.5056804 0.5430067 0.4397567 0.5047955 0.5616763 0.4914404 0.4226876 0.5077737 0.5349599 0.6573661 0.6869445 0.6182745 0.5889759 0.6361830 0.5526643 0.5519061 0.5885703 0.5891770 0.5781761 0.4338742 0.6295532 0.5355867 0.5198323 0.5303679 0.4904384 0.4904384 0.5200551 0.6714892 0.4990889 0.5593008 0.6751026 0.6742408 0.6487585 0.7050764 0.5486696 0.5594710 0.5594710 0.0000010 0.5847625 0.5821602 0.5821602 0.5821602 0.6972557 0.6972557 0.5739990 0.0000010 0.5739990 0.5739990 0.5739990 0.5739990 0.5739990 0.5739990 0.0000010 0.5734945 0.5734945 0.5113518 0.5113518 0.5712329 0.5229138 0.6023219 0.6023219 0.6023219 0.5981518 0.6730277 0.5262465 0.4305618 0.6226493 0.0000010 0.4238401 0.6216833 0.9800721 0.9800721 0.9318893 0.8964796 0.9283120 0.9305730 0.9305730 0.0000010 2.9897330 0.3256552 0.0000010 
Tetwil_g3263.t1                                        0.9619620 0.9903214 0.9979914 0.6918605 0.4718894 0.4717082 0.4438218 0.4612014 0.3547709 0.0000000 0.3060008 0.2195198 0.5907902 0.7094882 0.5492635 0.7949486 0.6526262 0.7880803 0.5309272 0.7263517 0.7961411 0.7420979 0.7518430 0.7958517 0.7670305 0.8015089 0.7583388 0.7349285 0.7973068 0.9403941 0.8917773 0.8108352 0.6471347 0.6494004 0.6210820 0.6204130 0.6504565 0.6412081 0.6372566 0.6278557 0.6652710 0.7824288 0.7949343 0.8186948 0.8116381 0.8107920 0.7487630 0.9645436 0.7602918 0.8114246 0.6975704 0.7493335 0.6987789 0.7300562 0.6408948 0.6349609 0.8816074 1.9238309 0.5726045 0.8301000 0.8311874 0.8328649 0.7179651 0.7161487 0.7293784 0.9561797 0.7922052 0.6576523 0.7283372 0.7948498 0.7311957 0.7932162 1.0356189 0.8149150 0.8051589 0.7313609 0.8449087 0.8194354 0.8149640 0.8448793 0.8361654 0.7329310 0.8360109 0.7689196 0.5825729 0.4473727 0.9978200 0.2125657 0.8037822 0.8555725 1.0401338 1.1178613 1.0911937 1.0559191 1.0846899 1.0864643 1.0810017 1.0800890 0.8735930 1.2068112 1.4026835 
Spolac_c94223_g1_i1_m.9783c94223-g1                    1.0511381 1.1534848 1.0898479 0.3137651 0.5576341 0.5544093 0.5323640 0.5509761 0.4292311 0.3060008 0.0000000 0.0182120 0.6338068 0.7026536 0.6618379 0.9039188 0.7244725 0.8123647 0.6453657 0.7902984 0.8590852 0.7993062 0.8028114 0.9159494 0.8734646 0.8857977 0.8003624 0.7868127 0.8854777 0.9167293 0.8761352 0.8775229 0.8113103 0.7311332 0.7022045 0.6996477 0.7312935 0.7433373 0.7391119 0.7757003 0.7645928 0.9237341 0.9419358 0.9672538 0.9578941 0.9667994 0.8940474 1.2816902 0.8740653 0.8946043 0.8025552 0.8102088 0.7200468 0.7799756 0.6838781 0.6538156 0.9029484 2.0320369 0.5143660 0.8720932 0.8762910 0.8819933 0.7685980 0.7603869 0.7580078 0.9997186 0.8217814 0.6340644 0.7532887 0.8316654 0.7646768 0.8259426 1.0886207 0.8159483 0.7884323 0.7456519 0.9077371 0.8698961 0.8660862 0.8579375 0.8598196 0.7619684 0.8530507 0.7915287 0.6914153 0.4445448 1.1710294 0.3768345 0.9020964 1.0553787 1.1962547 1.2642397 1.2418921 1.2292904 1.2620257 1.2211430 1.2153115 1.1299641 0.6534252 1.1754090 1.6651946 
Emue_Em0022g135a.t1                                    1.3909978 1.5453313 1.3282617 7.2899020 0.5815770 0.6417474 0.5326710 0.5363694 0.0000010 0.2195198 0.0182120 0.0000000 0.6627282 0.6089373 0.6936253 1.1303798 0.7821398 0.9934394 0.5956474 0.9067011 1.0593912 0.8954979 0.8847012 1.1335957 0.9410111 1.1790759 0.9557746 0.8181833 1.0263843 0.9838435 0.8419778 4.8761052 3.7173475 0.8182527 0.8107089 0.8357162 0.8167638 0.8932449 0.8932449 0.8661568 0.8328205 1.2806101 1.1268542 1.2929008 1.2973457 1.2973457 1.2003605 4.3352014 1.0976451 1.0583045 0.9652913 0.9142798 0.9002544 0.9252461 0.7720420 0.8663104 1.4718127 2.0392408 0.6470226 1.3039209 1.3039209 1.3039209 3.9294365 3.9294365 1.1725839 1.1725839 1.2283255 0.9338365 1.1725839 1.2283255 1.1725839 1.2283255 1.2283255 1.1898266 1.1898266 0.9866197 1.2805019 1.4028648 1.1996552 1.2615749 1.2492317 1.0452021 1.2412474 1.1079836 0.6770582 0.4154930 1.3061900 0.0000010 1.3812986 1.3635212 1.4763311 1.5095361 1.5282587 1.5282587 1.4865142 1.4124816 1.4124816 1.1333807 0.1092971 1.2390100 1.7357327 
Opea_EP00118_Oscarella_pearsei_P006644                 1.1051826 0.9574879 0.9260587 1.0222395 0.6610804 0.7012692 0.5281770 0.6959592 0.6015756 0.5907902 0.6338068 0.6627282 0.0000000 0.0526916 0.1971452 0.7184000 0.5992867 0.6364329 0.4209551 0.6560227 0.7553099 0.6722571 0.6859279 0.7036243 0.6273713 0.7593280 0.7146544 0.6728642 0.8040555 0.8686280 0.8739182 0.7065479 0.4776218 0.6638702 0.6198883 0.6171602 0.6407700 0.6535130 0.6493675 0.6309454 0.6860898 0.8276530 0.7989388 0.8697932 0.7944187 0.8033651 0.7906594 0.9285271 0.7159330 0.7538594 0.7315774 0.7165272 0.6935069 0.7520875 0.5687082 0.6501052 0.9324359 1.8707546 0.6015790 0.9043193 0.9254691 0.9195121 0.8400304 0.7979987 0.8384081 1.0020318 0.8756255 0.6458138 0.8146281 0.8908058 0.8319376 0.8966660 1.0860350 0.8848579 0.8769243 0.8538296 0.9903052 0.8954528 0.9087097 0.9432054 0.9465543 0.8186194 0.9347573 0.8179026 0.8412761 0.6242020 1.0423169 0.6607434 0.8982459 1.0356767 1.3202572 1.3966128 1.3416374 1.3410398 1.3737745 1.3054006 1.2992337 1.2190279 1.3862039 1.2729416 1.7415172 
Ocar_g4238                                             1.2215023 1.0320705 0.9588651 1.4924116 0.8026524 0.8789094 0.5151009 0.8628586 0.7435978 0.7094882 0.7026536 0.6089373 0.0526916 0.0000000 0.2703260 0.8288182 0.6628973 0.7174321 0.4209551 0.7071623 0.8438874 0.7583149 0.6892001 0.8024301 0.6671079 0.8803604 0.7693005 0.6998438 0.8473256 0.9867579 0.9389153 0.7871748 0.7957723 0.7486651 0.7238011 0.7021689 0.7337918 0.7361792 0.7300332 0.7146071 0.7604477 0.9768235 0.9173870 0.9121345 0.9597713 0.9741644 0.8899376 1.8545018 0.8806314 0.9102273 0.7993809 0.7592200 0.7470545 0.8219287 0.6589871 0.7747798 1.1244101 1.9441277 0.5466690 1.1090745 1.1090961 1.1090961 1.4545597 1.4569696 1.0059429 0.8940391 1.0649829 0.7221842 1.0056121 1.0651113 1.0059429 1.0651113 1.0132917 1.0496165 1.0168796 0.8921621 1.1585878 1.0922711 1.0165408 1.0918650 1.0971065 0.9140349 1.0790580 0.9474143 1.0268828 0.6474933 1.0363945 8.9999981 0.9522566 0.9294152 1.4711447 1.5000089 1.5131809 1.5218202 1.4914582 1.4685325 1.4591695 1.0857612 1.2794308 1.2079834 1.7422839 
Plajan_Pjan_C560722_01                                 1.0265500 0.9022782 0.9022750 1.0048802 0.6047015 0.6545687 0.4745854 0.7020559 0.4080545 0.5492635 0.6618379 0.6936253 0.1971452 0.2703260 0.0000000 0.7520202 0.5688034 0.6385202 0.3817538 0.6607892 0.7358387 0.7052648 0.7136879 0.7186780 0.6619408 0.7697566 0.7006124 0.7013330 0.7693423 0.8942588 0.9317704 0.8541476 0.5870648 0.6665265 0.6441510 0.6350034 0.6407358 0.6572932 0.6531747 0.5829007 0.7023944 0.8530410 0.7872864 0.8525303 0.7961501 0.7966262 0.7727530 1.0303377 0.7027922 0.7702606 0.7303630 0.6962064 0.6815405 0.7004700 0.5655933 0.7261713 0.9557606 1.7636887 0.6513039 0.8774192 0.9051640 0.9084645 0.8338457 0.7791987 0.8038501 0.9528513 0.8367680 0.6253897 0.7738877 0.8670565 0.8077710 0.8637253 1.0437353 0.8667639 0.8472952 0.8254142 0.9773581 0.8928764 0.9107682 0.9279661 0.9188439 0.7928560 0.9110347 0.8535656 0.7972108 0.6463441 0.9959455 0.6515055 0.8999683 0.9794804 1.2646680 1.3589536 1.2903688 1.2803769 1.3342446 1.2460109 1.2399933 1.1165895 1.3823302 1.1810173 1.6913806 
Cgig_XM_011440876.3                                    1.1956133 1.1384094 1.0818337 1.1741413 0.8486305 0.8098136 0.7537184 0.9039775 0.5219045 0.7949486 0.9039188 1.1303798 0.7184000 0.8288182 0.7520202 0.0000000 0.5050484 0.3520021 0.2356116 0.4028924 0.5302233 0.5444831 0.4768405 0.5189518 0.5640874 0.5405502 0.5189258 0.5380451 0.6146018 0.7941445 0.7581635 0.7843020 0.6856061 0.7418895 0.7297689 0.7015059 0.7492332 0.7435665 0.7391783 0.7276078 0.8078978 0.7783384 0.8171183 0.9040079 0.8787787 0.8838233 0.8565305 1.2331840 0.8038091 0.8243276 0.8431730 0.8680030 0.8485885 0.9021442 0.8481941 0.7925144 1.0121711 1.9431920 0.6752818 0.9162076 0.9256106 0.9250343 0.9569185 0.9376210 0.8218942 0.8659628 0.8624921 0.6687053 0.8116371 0.8711474 0.8213903 0.8716548 0.9595882 0.9026578 0.8260954 0.7174210 0.9515973 0.8977263 0.8610419 0.8512712 0.8604664 0.7682510 0.9056262 0.8739136 1.0527917 0.7257560 0.8920686 1.2238949 0.8171517 0.9741697 1.2876033 1.3484638 1.2789774 1.2614247 1.2834764 1.2635273 1.2574209 1.3417418 1.5752022 0.9953573 1.5312193 
Bralan_BLAG06000407_1                                  1.1633953 1.1042307 1.0640427 1.0101949 0.7431683 0.7070588 0.5717235 0.7627855 0.4955585 0.6526262 0.7244725 0.7821398 0.5992867 0.6628973 0.5688034 0.5050484 0.0000000 0.3652448 0.2255199 0.4131156 0.4084458 0.3608237 0.3424481 0.3734850 0.4091650 0.5468051 0.5317900 0.4638740 0.4797170 0.6849333 0.6809515 0.7553517 0.6860797 0.6281887 0.5959980 0.5932312 0.6300900 0.6326767 0.6285189 0.5681485 0.6638551 0.7517589 0.7404547 0.8282066 0.7703221 0.7822606 0.7662216 1.0711190 0.7271967 0.7396715 0.8555361 0.8285929 0.8040451 0.8311829 0.7421884 0.7152990 0.9372328 1.7782841 0.5877598 0.8643521 0.8756913 0.8781498 0.9053013 0.8817441 0.8021268 0.8708410 0.8383833 0.6805569 0.7894784 0.8521875 0.8053837 0.8495980 0.9531371 0.8493015 0.8070930 0.7395094 0.9191921 0.8862137 0.8643419 0.8815552 0.8847872 0.7862679 0.9064346 0.8688788 0.8980223 0.7370218 0.7916133 1.1112842 0.7679919 0.9208268 1.1634163 1.2212943 1.1500552 1.1385562 1.1816448 1.1593008 1.1534375 0.9302522 1.3450650 0.9857908 1.6356077 
Acagra_model.g10120.t1                                 1.2430693 1.1393721 1.1123274 1.0786220 0.7639245 0.7770903 0.6365200 0.8014478 0.4607206 0.7880803 0.8123647 0.9934394 0.6364329 0.7174321 0.6385202 0.3520021 0.3652448 0.0000000 0.1713504 0.3336376 0.4536745 0.4388143 0.3862845 0.4559523 0.4929038 0.5036140 0.4973278 0.4836801 0.5631436 0.6705955 0.6658222 0.9061883 0.6938063 0.7180309 0.7058669 0.6805750 0.7039047 0.7277983 0.7234487 0.6787203 0.7691063 0.7905376 0.7769089 0.9036543 0.8440198 0.8489616 0.8615682 1.1043696 0.7860778 0.7699312 0.8554432 0.8411768 0.8303185 0.8592028 0.8064987 0.7502815 0.9837812 1.7992242 0.6056182 0.8775936 0.8932174 0.8878972 0.9011675 0.8692215 0.8059001 0.8423060 0.8587096 0.6225317 0.7889686 0.8689321 0.8003454 0.8741490 0.9769090 0.8833946 0.8152657 0.6934500 0.8995269 0.8610238 0.8633767 0.8634362 0.8667010 0.7499706 0.8979672 0.8417166 0.9594703 0.7664988 0.8076058 1.2188218 0.7563892 0.9689190 1.2303299 1.2761352 1.2422508 1.2219995 1.2416915 1.2243608 1.2183909 1.3093165 1.4517499 0.9789930 1.7998388 
Lcom_lcpid238181                                       0.7990200 0.6502465 0.6710842 1.1069806 0.5867607 0.5355930 0.6003710 0.6151446 1.4843579 0.5309272 0.6453657 0.5956474 0.4209551 0.4209551 0.3817538 0.2356116 0.2255199 0.1713504 0.0000000 0.2434676 0.2520313 0.3171382 0.2648113 0.2632298 0.2878736 0.2796404 0.3641280 0.3637896 0.3023567 0.5692476 0.5708127 0.4676369 0.4970246 0.5874104 0.6385324 0.5952011 0.5992144 0.6410057 0.6410057 0.5997711 0.7057586 0.5189081 0.6065138 0.5539586 0.5690127 0.5690127 0.5223447 4.7353041 0.5939161 0.6447321 0.7333021 0.7963725 0.7842500 0.8711405 0.5996521 0.5752394 0.5752394 6.0657602 0.5893558 0.6218214 0.6218214 0.6218214 2.1638883 2.1638883 0.5464611 0.5273765 0.5464611 0.5464611 0.5464611 0.5464611 0.5464611 0.5464611 0.5273765 0.5840651 0.5840651 0.5199058 0.5199058 0.5403254 0.5574401 0.5606413 0.5406248 0.5406248 0.5602447 0.5941257 0.9175675 0.7056570 0.5087691 0.0000010 0.4868478 0.5590995 0.6988688 0.6988688 0.6768246 0.6768246 0.6768246 0.7285227 0.7110205 5.1943410 1.1098719 0.7258405 0.0000010 
Ctel_gnl_WGS_AMQN_CAPTEDRAFT_mRNA163246                1.2682699 1.1436115 1.0803601 1.1099639 0.8033421 0.7735869 0.6583414 0.8367187 0.5699445 0.7263517 0.7902984 0.9067011 0.6560227 0.7071623 0.6607892 0.4028924 0.4131156 0.3336376 0.2434676 0.0000000 0.4781859 0.4561477 0.4386166 0.5147705 0.5115056 0.5486639 0.5373792 0.4940020 0.5193527 0.6516032 0.6304411 0.7365109 0.6804754 0.6771116 0.6634285 0.6378326 0.6747750 0.6767086 0.6724817 0.6503176 0.7397178 0.7737487 0.7588949 0.8332682 0.7903127 0.7948470 0.7930711 1.2799055 0.6984690 0.7153929 0.8248658 0.8439886 0.8005810 0.8211344 0.7671492 0.6903546 0.9198708 1.7521743 0.6285006 0.8617926 0.8529400 0.8494414 0.8501487 0.8685402 0.7961064 0.9118783 0.8502266 0.6831452 0.8055413 0.8380495 0.7923111 0.8415091 0.9800181 0.8617833 0.8154841 0.6936002 0.8965442 0.8379056 0.8285724 0.8270366 0.8348561 0.7295679 0.8564110 0.7898367 0.9330197 0.7405045 0.7679654 1.2099485 0.7723856 0.8571186 1.3133840 1.3925150 1.2819162 1.2635112 1.3237060 1.2862740 1.2800996 1.1371733 1.4031178 0.9209878 1.3267347 
Spur_XM_785860.5                                       1.2602207 1.2295707 1.2364027 1.0923175 0.8269530 0.8588203 0.6073206 0.8740634 0.5056804 0.7961411 0.8590852 1.0593912 0.7553099 0.8438874 0.7358387 0.5302233 0.4084458 0.4536745 0.2520313 0.4781859 0.0000000 0.4558075 0.4887916 0.3976382 0.5254226 0.5784725 0.5763713 0.5510682 0.5531183 0.7838276 0.8283816 0.7848878 0.6834718 0.6916841 0.6661226 0.6528216 0.7294589 0.7320987 0.7277387 0.7179757 0.8024686 0.7756964 0.7819367 0.9058310 0.8371516 0.8421640 0.8336751 1.1605300 0.7940002 0.8193737 0.9796972 0.9910097 0.9800211 0.9840732 0.9060223 0.7691041 1.0229698 1.9291513 0.6166693 0.9899152 0.9901893 0.9886778 0.9593653 0.9586521 0.8587354 0.9353199 0.9375718 0.6740343 0.8580802 0.9366453 0.8575289 0.9379682 1.0833180 0.9471621 0.8587678 0.7734774 1.0016214 0.9850227 0.9723175 0.9466820 0.9373382 0.8280327 0.9835345 0.9659458 0.9644856 0.7499748 0.8942062 1.2219141 0.8665254 0.9863828 1.1946610 1.2686634 1.1973582 1.1711310 1.2558730 1.1846658 1.1787309 1.0720411 1.4266671 1.2317092 1.8278091 
Hsap_ENST00000343984                                   1.2498972 1.1080300 1.2533331 1.0574149 0.7789268 0.8045091 0.6323149 0.7408111 0.5430067 0.7420979 0.7993062 0.8954979 0.6722571 0.7583149 0.7052648 0.5444831 0.3608237 0.4388143 0.3171382 0.4561477 0.4558075 0.0000000 0.2521747 0.4257218 0.3423878 0.5629676 0.4999261 0.4937308 0.4356419 0.6796571 0.6800885 0.8123708 0.5518724 0.6618749 0.6210989 0.6148923 0.6642258 0.6810521 0.6768316 0.6201708 0.7100811 0.7823963 0.7160999 0.8579345 0.8232870 0.8325074 0.7958197 0.9572669 0.6968041 0.6759773 0.9258328 0.9395544 0.8934267 0.9326620 0.8615807 0.7500532 0.9447160 1.7045145 0.6270427 0.8612151 0.8852187 0.8794528 0.8682399 0.8201887 0.8411857 0.9447402 0.8712521 0.7152573 0.8142682 0.8897103 0.8347060 0.8955439 1.0325295 0.8584616 0.8205951 0.7780892 0.9375302 0.8530520 0.8642832 0.9232103 0.9282870 0.8291016 0.9388447 0.8750170 0.9749716 0.7638160 0.7423219 1.1837596 0.7556104 1.0246597 1.2937249 1.3656479 1.2947252 1.2690853 1.3725155 1.3279779 1.3342413 1.2154588 1.3779788 1.0789484 1.5197214 
Hsap_ENST00000510515                                   1.2967529 1.1417912 1.2194855 1.1252010 0.8196796 0.8415996 0.6733958 0.8973119 0.4397567 0.7518430 0.8028114 0.8847012 0.6859279 0.6892001 0.7136879 0.4768405 0.3424481 0.3862845 0.2648113 0.4386166 0.4887916 0.2521747 0.0000000 0.4238294 0.2973261 0.5587331 0.5300269 0.4563558 0.4063322 0.7055889 0.6923989 0.7475581 0.6783814 0.6669117 0.6579888 0.6553065 0.7125049 0.7103924 0.7060629 0.6426078 0.7563910 0.8281100 0.7640235 0.8452871 0.8048091 0.8161224 0.8285807 1.2476073 0.7229097 0.7236956 0.8743240 0.8711467 0.8453800 0.8947090 0.8359162 0.7816952 0.9816902 1.7487697 0.5972029 0.9181492 0.9325131 0.9457362 0.9663394 0.9360024 0.8565717 0.9258522 0.9168317 0.6960303 0.8408616 0.9445067 0.8713971 0.9312387 1.0654928 0.9374247 0.8568012 0.7614389 0.9569974 0.9072187 0.8893726 0.9367333 0.9460987 0.8503580 0.9610422 0.8773664 0.9766461 0.7334537 0.6470548 1.2804395 0.7369763 0.9265713 1.2680290 1.3748053 1.3099073 1.2300840 1.3008653 1.3067105 1.3003913 1.1157100 1.4850600 1.2134801 1.6691466 
Skow_XM_002733268.2                                    1.2936924 1.3027476 1.2603973 1.1355733 0.8430245 0.8380943 0.5937051 0.8205763 0.5047955 0.7958517 0.9159494 1.1335957 0.7036243 0.8024301 0.7186780 0.5189518 0.3734850 0.4559523 0.2632298 0.5147705 0.3976382 0.4257218 0.4238294 0.0000000 0.5064705 0.5678222 0.5736562 0.5356345 0.5914289 0.6696503 0.7314406 0.9256747 0.6986381 0.7084828 0.7010796 0.6704644 0.7301417 0.7327105 0.7283572 0.6643509 0.7319642 0.8205273 0.7996268 0.9057758 0.8160751 0.8254084 0.8102402 1.0525970 0.7720517 0.8077062 0.9989440 0.9618943 0.9358177 0.9995583 0.9126441 0.7341664 0.9813840 2.0955456 0.6454806 0.9515586 0.9541496 0.9485968 0.8976733 0.8921625 0.8078050 0.8708297 0.8785564 0.6963158 0.8045754 0.8761476 0.8023890 0.8812587 1.0111262 0.8799780 0.8526608 0.7480983 0.9557437 0.9192057 0.9228442 0.9498781 0.9507484 0.8085528 0.9688633 0.8780262 1.0309024 0.8185867 0.8893524 1.3437425 0.8420504 0.9965278 1.2484256 1.2948472 1.2244710 1.2305774 1.3195583 1.2141409 1.2082330 1.2865224 1.5536691 1.0060712 1.6652839 
Hsap_ENST00000378719                                   1.2844402 1.1707024 1.1766965 1.2169627 0.8219187 0.8377355 0.5771884 0.8570759 0.5616763 0.7670305 0.8734646 0.9410111 0.6273713 0.6671079 0.6619408 0.5640874 0.4091650 0.4929038 0.2878736 0.5115056 0.5254226 0.3423878 0.2973261 0.5064705 0.0000000 0.6022797 0.5775902 0.5215770 0.4096779 0.7928150 0.7680073 0.7186393 0.6266808 0.6531780 0.6270786 0.6365473 0.6828819 0.7011942 0.6968639 0.6631361 0.7477275 0.8398406 0.8422090 0.8715127 0.8801659 0.8900193 0.8503680 1.2459583 0.7722566 0.7509835 0.8440555 0.8698199 0.8007898 0.8541060 0.8353779 0.7498796 0.9691308 1.7676975 0.5459060 0.8521477 0.8700608 0.8643494 0.9737634 0.9352983 0.8036529 0.7758656 0.8464628 0.6630580 0.7831125 0.8587734 0.7973000 0.8645147 0.9053811 0.8423249 0.7908417 0.6931487 0.8942829 0.8394139 0.8398884 0.8996555 0.9029101 0.8116996 0.9104007 0.8490655 1.0470733 0.7576882 0.6979242 1.4650745 0.8194675 0.9619817 1.2014531 1.2668267 1.2351688 1.2100037 1.2788853 1.2283457 1.2223367 0.9853830 1.5429298 1.1592159 1.7409111 
Dpul_mRNA28090                                         1.3402600 1.3017002 1.2546009 1.0579974 0.9122844 0.9198691 0.8530192 1.0115945 0.4914404 0.8015089 0.8857977 1.1790759 0.7593280 0.8803604 0.7697566 0.5405502 0.5468051 0.5036140 0.2796404 0.5486639 0.5784725 0.5629676 0.5587331 0.5678222 0.6022797 0.0000000 0.3690890 0.3907114 0.6330358 0.5924317 0.5957500 0.8329901 0.5449906 0.7778334 0.7742983 0.7431874 0.7934946 0.7644018 0.7691239 0.7366404 0.8124062 0.8585735 0.8112328 1.0088036 0.8963694 0.9017384 0.8903497 1.0189638 0.7792312 0.8134557 0.9886044 0.9884111 0.9824978 0.9979563 0.9301093 0.7487125 1.0267409 2.1756095 0.6868577 0.9337518 0.9347765 0.9347765 0.7927948 0.7909707 0.8410011 1.1078062 0.8849853 0.7290272 0.8399189 0.8859628 0.8410011 0.8859628 1.1325064 0.8772696 0.8857876 0.7932942 0.9267023 0.9008700 0.8458209 0.8892239 0.8895391 0.7817555 0.9381368 0.9355436 1.0303634 0.8380247 0.8322574 0.8868955 0.9143919 1.2052004 1.2156099 1.2300931 1.2158604 1.2031767 1.2343884 1.2280289 1.2231937 1.8383473 1.4914901 1.1513903 1.9434885 
Tcas_TC008188_001                                      1.3039658 1.2647576 1.2944225 0.9747076 0.8062426 0.8386008 0.7275186 0.9668004 0.4226876 0.7583388 0.8003624 0.9557746 0.7146544 0.7693005 0.7006124 0.5189258 0.5317900 0.4973278 0.3641280 0.5373792 0.5763713 0.4999261 0.5300269 0.5736562 0.5775902 0.3690890 0.0000000 0.3890918 0.5871717 0.6191015 0.6236159 0.8815905 0.6494577 0.7791584 0.7569576 0.7244571 0.7390562 0.7254247 0.7210669 0.7482791 0.7855797 0.8049410 0.8265634 0.9465011 0.9236412 0.9290098 0.9036588 1.2402662 0.7877914 0.8096555 0.9159181 0.9557509 0.8949980 0.9123675 0.8440327 0.7885844 0.9702997 1.5811909 0.6504284 0.8731284 0.8873187 0.8815294 0.8787207 0.8492314 0.8463917 0.9522142 0.8545695 0.6622579 0.8300579 0.8629534 0.8398235 0.8686695 0.9681305 0.8473187 0.7910241 0.7349735 0.9556069 0.8590638 0.8775742 0.8647995 0.8679415 0.7839374 0.9072234 0.9112088 1.0191962 0.7180409 0.8251018 1.3587301 0.8255378 1.0835358 1.2141399 1.2902325 1.2335252 1.1786260 1.2307658 1.2713030 1.2773194 1.4769075 1.2835603 0.9611087 1.6539446 
Cscu_XM_023375826.1                                    1.3786910 1.1523510 1.2044155 1.1945920 0.8328237 0.8653921 0.8733885 1.0062227 0.5077737 0.7349285 0.7868127 0.8181833 0.6728642 0.6998438 0.7013330 0.5380451 0.4638740 0.4836801 0.3637896 0.4940020 0.5510682 0.4937308 0.4563558 0.5356345 0.5215770 0.3907114 0.3890918 0.0000000 0.5403741 0.4125402 0.3997156 0.7960097 0.5302279 0.7197064 0.7018686 0.6980537 0.7346974 0.7370941 0.7321441 0.7187999 0.8435484 0.9093821 0.7786442 0.9338518 0.8813303 0.8925616 0.9463078 1.2354397 0.8236515 0.8660598 0.9207371 0.9476329 0.8834203 0.9066672 0.8094455 0.8153899 0.9886239 1.4798476 0.7397482 0.9120162 0.9123165 0.9123165 0.9488985 0.9481740 0.8616887 0.9014235 0.8710484 0.8237573 0.8613470 0.8713400 0.8616887 0.8713400 0.9082662 0.8436244 0.8513317 0.8270426 0.8866115 0.9153254 0.8467337 0.9192253 0.9229903 0.8246512 0.9726487 0.9181887 0.9244378 0.7567243 0.7372160 1.5302731 0.8317057 1.2027993 1.2758196 1.2923069 1.2591936 1.2448675 1.2088415 1.2665649 1.2596412 1.4078818 0.9951345 1.0807537 1.6483663 
Hsap_ENST00000356688                                   1.4366096 1.2116035 1.2117039 1.1779296 0.9115458 0.8932415 0.7411330 0.9757137 0.5349599 0.7973068 0.8854777 1.0263843 0.8040555 0.8473256 0.7693423 0.6146018 0.4797170 0.5631436 0.3023567 0.5193527 0.5531183 0.4356419 0.4063322 0.5914289 0.4096779 0.6330358 0.5871717 0.5403741 0.0000000 0.7643586 0.7460941 0.8859368 0.7472741 0.7996160 0.7693742 0.7628213 0.8164852 0.7904333 0.7859578 0.7870283 0.9040487 0.9532515 0.8580205 0.9220453 0.9225350 0.9279965 0.9115057 1.1332076 0.8236339 0.8212081 0.9707351 1.0671650 0.9843542 1.0010421 0.9443072 0.7919370 1.0667157 2.0606543 0.5838351 0.9434004 0.9705624 0.9643866 0.9816289 0.9266461 0.8894292 0.9560040 0.9190208 0.6531202 0.8596787 0.9399125 0.8827333 0.9460356 1.0614246 0.9341667 0.8560447 0.7565024 0.9460747 0.9455083 0.9510794 0.9667755 0.9706724 0.8598391 0.9619447 0.9610592 1.0454295 0.8323343 0.4433251 1.4497350 0.8828412 1.0514051 1.2110219 1.3072717 1.2093283 1.1715544 1.3103256 1.2243459 1.2183066 1.3525873 1.4303463 1.2994607 1.6941162 
Cscu_XM_023369166.1                                    1.5040347 1.3540185 1.3201609 1.2997198 0.9475424 0.9483907 0.7718756 1.0942930 0.6573661 0.9403941 0.9167293 0.9838435 0.8686280 0.9867579 0.8942588 0.7941445 0.6849333 0.6705955 0.5692476 0.6516032 0.7838276 0.6796571 0.7055889 0.6696503 0.7928150 0.5924317 0.6191015 0.4125402 0.7643586 0.0000000 0.0806819 0.6021234 0.8539843 0.9681632 0.9410331 0.9167337 0.9803714 0.9558601 0.9501706 0.8528111 0.9915734 0.9693933 0.9288785 1.1373451 1.0644557 1.0714497 1.0251831 1.3032930 0.9801960 1.0449532 1.1381986 1.2011511 1.1273636 1.1877776 1.0663618 0.9025031 1.0668400 2.2094660 0.8453246 1.0010896 0.9961150 0.9961150 1.0352497 1.0444660 0.9992413 1.1218756 1.0326026 0.8756392 1.0043212 1.0274613 0.9992413 1.0274613 1.1909227 1.0329931 0.9866929 1.0338774 1.0551669 1.0963738 1.0151927 1.0735143 1.0813424 1.0675166 1.1282689 1.0228654 1.1375755 0.9404277 1.0107516 1.2487918 0.9292135 1.1647210 1.4767258 1.5212964 1.4566426 1.4049578 1.4881215 1.4833923 1.4760171 2.0837285 1.5326554 1.2174398 1.9925783 
Cscu_XM_023356037.1                                    1.4975634 1.4174228 1.4154406 1.2734942 1.0433585 1.0507991 0.7890079 1.1310713 0.6869445 0.8917773 0.8761352 0.8419778 0.8739182 0.9389153 0.9317704 0.7581635 0.6809515 0.6658222 0.5708127 0.6304411 0.8283816 0.6800885 0.6923989 0.7314406 0.7680073 0.5957500 0.6236159 0.3997156 0.7460941 0.0806819 0.0000000 1.0333798 0.8969722 0.9792610 0.9639758 0.9464860 0.9805841 0.9696971 0.9645607 0.9038060 1.0206314 1.0858604 1.0505180 1.1613147 1.1039914 1.1161930 1.0555787 1.3823206 1.0134355 1.0658698 1.1066355 1.1639442 1.0909583 1.1480327 1.0408779 0.9488169 1.1807846 2.1615823 0.8327930 1.0203476 1.0247893 1.0400662 1.0734655 1.0645756 1.0095492 1.1399356 1.0463231 0.8778855 1.0045697 1.0663215 1.0265885 1.0507938 1.2018214 1.0647275 0.9898998 0.9567199 1.1220422 1.1289663 1.0342448 1.1117058 1.1201622 1.0577302 1.1654641 1.0756951 1.1435671 0.9558563 0.9823505 1.4096287 1.0768899 1.2261736 1.4491334 1.5321355 1.4900869 1.4334449 1.5034044 1.5102943 1.5035546 1.8035660 1.4457451 1.0889038 2.3313475 
Fspp_ffun1.m4.27177.m1                                 1.1178682 0.9888275 1.0325250 0.5057968 1.1116223 1.0872861 0.7114518 1.1427470 0.6182745 0.8108352 0.8775229 4.8761052 0.7065479 0.7871748 0.8541476 0.7843020 0.7553517 0.9061883 0.4676369 0.7365109 0.7848878 0.8123708 0.7475581 0.9256747 0.7186393 0.8329901 0.8815905 0.7960097 0.8859368 0.6021234 1.0333798 0.0000000 0.0611126 0.2420593 0.3803065 0.3541896 0.4326650 0.3972865 0.3871735 0.4982634 0.5674337 0.7177454 0.7626655 0.8100522 0.8183866 0.8183866 0.7903713 0.6228174 0.7578919 0.8086165 0.9956151 1.1490654 1.0306114 1.0314132 1.0820117 0.5345036 1.0285478 8.9999985 0.5965809 1.1001274 1.1001274 1.1001274 0.8114046 0.8114046 0.6055497 0.5674082 1.1325963 0.6055497 0.6055497 1.1325963 0.6055497 1.1325963 4.2336140 1.0472072 1.0472072 0.6331522 1.2207335 1.0261496 1.0443859 1.0853045 1.1093305 0.5710962 1.0836842 1.1106768 1.1304336 0.9049587 0.9719493 0.0000010 0.6800343 1.6142421 1.4862628 1.4862628 1.5599016 1.5346362 1.4850749 1.5210302 1.5210302 4.7420675 2.8810934 3.5339655 6.9973582 
Gasp_gasp1.m3.28305.m1                                 0.9839676 0.9031349 0.9698323 0.8116126 0.7057588 0.7225309 2.4677117 0.8444510 0.5889759 0.6471347 0.8113103 3.7173475 0.4776218 0.7957723 0.5870648 0.6856061 0.6860797 0.6938063 0.4970246 0.6804754 0.6834718 0.5518724 0.6783814 0.6986381 0.6266808 0.5449906 0.6494577 0.5302279 0.7472741 0.8539843 0.8969722 0.0611126 0.0000000 0.0616698 0.1101172 0.1081660 0.0986854 0.1228455 0.1169015 0.1982984 0.2476704 0.4956291 0.4449620 0.6402898 0.5633757 0.5835889 0.5722223 0.6989213 0.5006889 0.5750306 0.7275567 0.7863136 0.8332374 0.7715620 0.7515701 0.7243756 0.7983325 8.9999989 0.6126880 0.6948981 0.7165973 0.7174168 0.7196051 0.6970471 0.7541088 1.9287366 0.7321457 0.6627853 0.7321457 0.7549683 0.7549683 0.7541088 1.9287366 0.7437143 0.6760775 0.7604734 0.8741265 0.7104210 0.7314337 0.7681226 0.7681226 0.7681226 0.7620094 0.7600010 0.9168788 0.5460843 0.9548095 0.8463550 0.4806426 0.6582960 1.0963563 1.2427785 1.1732721 1.1209051 1.2935759 1.2059786 1.2059786 1.8244427 3.8253067 2.9638650 1.6753685 
Fspp_ffun1.m4.8553.m1                                  1.0796433 1.0919444 1.0625207 1.0659879 0.7828142 0.7961121 0.7478648 0.8482840 0.6361830 0.6494004 0.7311332 0.8182527 0.6638702 0.7486651 0.6665265 0.7418895 0.6281887 0.7180309 0.5874104 0.6771116 0.6916841 0.6618749 0.6669117 0.7084828 0.6531780 0.7778334 0.7791584 0.7197064 0.7996160 0.9681632 0.9792610 0.2420593 0.0616698 0.0000000 0.1086392 0.0889108 0.1239353 0.1292100 0.1263090 0.2572709 0.3233791 0.6374947 0.5929063 0.7288014 0.6941950 0.7055638 0.6508680 0.8777822 0.6021024 0.5705236 0.7693915 0.8135470 0.7751586 0.7704179 0.7592510 0.7787518 0.9631882 1.7260036 0.7087862 0.8624652 0.8737679 0.8742301 0.8595297 0.8370832 0.7975244 0.9332387 0.8254728 0.7060613 0.7850713 0.8369189 0.7980263 0.8364699 0.9835563 0.8242862 0.7950999 0.8005400 0.9705003 0.8937082 0.8712103 0.9038153 0.9071100 0.8022944 0.8693667 0.8915729 0.9530375 0.6628205 1.0348591 0.8463550 0.6618509 0.7870617 1.2244513 1.3021979 1.3062118 1.2805768 1.3339296 1.3160067 1.3097936 0.1352147 1.6009166 1.3800503 1.6200379 
Spis_XP_022800471_1                                    1.1016812 1.0680303 1.0340673 1.0392850 0.7567625 0.7849058 0.7964931 0.8704401 0.5526643 0.6210820 0.7022045 0.8107089 0.6198883 0.7238011 0.6441510 0.7297689 0.5959980 0.7058669 0.6385324 0.6634285 0.6661226 0.6210989 0.6579888 0.7010796 0.6270786 0.7742983 0.7569576 0.7018686 0.7693742 0.9410331 0.9639758 0.3803065 0.1101172 0.1086392 0.0000000 0.0397311 0.1298174 0.1364173 0.1335433 0.2709126 0.3421503 0.6475194 0.5883905 0.6985599 0.6578026 0.6689825 0.6251418 0.7766495 0.5783719 0.5706342 0.7611914 0.8220073 0.7674816 0.7807776 0.7402780 0.7598547 0.9541737 1.7182237 0.6835006 0.8691291 0.8908121 0.8912751 0.8477530 0.8056440 0.8196429 1.0282194 0.8287559 0.6957160 0.7961291 0.8500596 0.8201537 0.8496081 1.0397647 0.8275602 0.7985305 0.8317513 0.9941580 0.9004698 0.8784424 0.9054579 0.9087557 0.8041869 0.8815899 0.8791108 0.9762397 0.6327092 1.0235154 0.8914517 0.6575397 0.8350361 1.2081744 1.2850622 1.2836232 1.2531698 1.3054017 1.3037722 1.2976119 0.2640307 1.5121250 1.3491239 1.4997416 
Pocdam_XM_027200568.1                                  1.1046372 1.0639329 1.0401607 0.9922319 0.7439975 0.7662635 0.7253197 0.8415194 0.5519061 0.6204130 0.6996477 0.8357162 0.6171602 0.7021689 0.6350034 0.7015059 0.5932312 0.6805750 0.5952011 0.6378326 0.6528216 0.6148923 0.6553065 0.6704644 0.6365473 0.7431874 0.7244571 0.6980537 0.7628213 0.9167337 0.9464860 0.3541896 0.1081660 0.0889108 0.0397311 0.0000000 0.1196072 0.1207730 0.1179306 0.2546234 0.3294072 0.6168246 0.5863599 0.6833069 0.6538766 0.6649506 0.6170215 0.7934218 0.5475434 0.5470918 0.7552477 0.8108911 0.7726881 0.7802781 0.7360881 0.7417744 0.9370002 1.7109252 0.6541312 0.8491994 0.8705863 0.8710467 0.8230191 0.7813000 0.7852034 0.9705697 0.8067092 0.6583576 0.7621666 0.8276982 0.7857019 0.8272522 1.0147753 0.8094076 0.7797547 0.7981451 0.9803077 0.8725766 0.8463013 0.8887910 0.8920617 0.7855300 0.8628346 0.8609238 0.9407668 0.6124605 1.0122601 0.8866967 0.6434983 0.7995293 1.2342592 1.2982088 1.2982658 1.2677317 1.3233373 1.3131601 1.3069556 0.2502169 1.5371038 1.3271742 1.4180572 
Gfas_gfas1.m1.1464.m1                                  1.1445192 1.1413715 1.0618588 1.0589947 0.7597373 0.7957026 0.7723987 0.8600866 0.5885703 0.6504565 0.7312935 0.8167638 0.6407700 0.7337918 0.6407358 0.7492332 0.6300900 0.7039047 0.5992144 0.6747750 0.7294589 0.6642258 0.7125049 0.7301417 0.6828819 0.7934946 0.7390562 0.7346974 0.8164852 0.9803714 0.9805841 0.4326650 0.0986854 0.1239353 0.1298174 0.1196072 0.0000000 0.0566824 0.0539862 0.2873950 0.3219424 0.6438343 0.6006409 0.7025272 0.6632289 0.6744058 0.6346696 0.8175702 0.5902306 0.5917040 0.8149783 0.8436148 0.8256671 0.8272924 0.7734484 0.7796898 0.9686143 1.7894860 0.7233491 0.8664118 0.8775932 0.8780503 0.7924031 0.7702724 0.8273802 1.0451885 0.8470558 0.7171688 0.8149415 0.8583811 0.8278870 0.8579358 1.0538313 0.8338509 0.8055896 0.8262927 0.9801170 0.8829693 0.8706137 0.9069660 0.9102292 0.8172375 0.8757073 0.9030013 0.9750840 0.6253841 1.0763672 0.8760680 0.6401428 0.8106542 1.2113383 1.2923821 1.2852595 1.2550171 1.2886811 1.2865687 1.2804908 0.2963537 1.5410278 1.2042073 1.5557221 
