109
Aque_Aqu2.1.34418_001                                   0.0000000 0.2897501 0.3240498 0.4991581 0.4428219 0.9809608 0.8459342 0.8151781 0.7685898 3.4140615 0.0000010 2.4361467 2.4361467 0.7764665 3.1810153 3.2587666 2.1694910 0.6270125 0.7439298 0.7439298 0.6416948 0.6019233 0.0000010 0.0000010 5.2573876 0.0000010 1.1131344 1.0432226 1.1947226 0.3388420 1.2649255 2.0780444 1.2777784 0.6081359 1.4084195 0.0000010 1.7041021 1.6227222 0.7836092 1.4097451 0.0000010 1.3071112 1.3838095 1.4510982 1.4106046 1.3669667 0.0000010 0.0000010 1.2679376 1.5869652 1.4269377 2.0578764 1.6961877 1.6625090 1.7747115 0.3976421 1.5721155 5.2071205 0.0000010 7.1734382 3.6747910 1.7747160 2.2593506 1.9671427 0.0000010 1.4562203 1.3370550 1.3631686 1.3941176 1.3941176 1.3722072 1.3699761 1.5078511 0.7745373 0.0000010 1.7296484 1.6924954 2.2478880 9.0000000 1.7113697 1.7113697 0.8481273 0.8481273 0.0000010 0.0000010 3.2304015 1.9982343 2.1660376 0.9798608 0.0000010 8.9999985 1.9613953 2.0717552 1.9301616 0.0000010 2.4435860 1.6613071 1.5293684 1.0700132 0.0000010 2.3265145 2.0532206 1.6004704 3.5801119 0.0000010 2.2833705 5.1045377 2.1049073 3.1978218 
Aque_Aqu2.1.34416_001                                   0.2897501 0.0000000 0.5843269 1.2807629 1.3025021 1.1701082 0.9586068 1.5203192 1.6199563 2.2498092 1.8530668 1.8772393 1.9235586 1.4375478 2.0103793 1.6584454 1.9263514 1.6097132 1.6570091 1.6570091 1.3338524 1.5493293 2.3895522 2.4190066 2.3609201 1.2181758 1.8775844 2.0761510 1.9279405 1.9835548 1.8838422 2.1021296 2.2033071 1.7144880 1.8877127 2.4786535 2.2323208 2.3255303 1.6921505 2.4204486 3.1170680 2.2126395 2.0917760 2.0458038 2.2293077 2.4227818 3.1805194 3.0675332 2.0683400 1.6197888 1.9938864 2.1483176 1.8915998 1.9665843 2.1085166 1.5554111 2.0583167 2.3950930 3.5843477 2.8291485 2.5409933 2.5178451 2.6771871 2.4768866 2.6462641 2.1102493 2.3331951 2.3197844 1.7429871 1.5549702 2.3782941 2.1679368 2.1244445 2.0989440 1.9199963 2.1775488 2.2975203 2.3126904 2.3324101 2.1296104 2.1296104 2.3673138 2.3086548 3.0066178 2.9800903 2.0285408 3.2011251 2.2485721 3.7513142 3.8149085 4.7183280 2.9003201 2.6842265 2.5262620 3.8857076 2.9658384 2.8825126 2.8113961 2.8911121 3.4560799 2.3515638 2.6790653 1.9860512 2.3072343 1.8247187 2.4731711 1.2310266 2.4051006 3.3887714 
Halamb_c51871_g3_i5mm.4219                              0.3240498 0.5843269 0.0000000 0.8661968 0.8512018 0.9015317 0.7702989 1.0065792 0.9779607 4.2344818 0.0000010 1.7684279 1.7684279 0.9633013 2.2231103 4.5873560 2.5268270 1.0656541 0.9760561 0.9760561 0.9328854 1.3299347 0.0000010 2.3017738 2.6443838 1.2066551 1.6302767 1.6050327 1.5045590 1.3380305 1.4496475 2.0277256 1.6514451 1.4082047 1.7823025 8.9999988 1.9497948 1.8375801 1.4332328 1.6715391 0.2386920 1.8371389 1.7412595 1.8507052 1.7957352 1.7664821 9.0000000 0.0000010 1.6390691 1.4090096 1.3491404 1.5209127 1.4653236 1.5462041 1.7431644 1.3043544 1.4220122 1.8762540 7.1317502 2.6070211 2.1865421 2.0948352 2.2211940 2.0946779 7.1731938 1.9741463 1.8576470 1.8640455 1.6650978 1.4437768 2.1355077 1.8402188 1.9460037 2.0182062 2.5163457 1.9960718 1.9467452 1.9173715 1.8960154 1.8867253 1.8867253 1.5585890 1.4483844 0.0000010 0.0000010 1.7871355 2.7847372 2.1377440 2.8061292 3.7874476 8.8451035 2.3606673 2.1093138 1.8382130 7.0273051 2.3156075 2.0406262 1.1333251 2.2050337 8.9999985 2.1856855 2.3260778 2.0882569 2.2523953 0.0000010 2.8476706 6.9967616 1.9119418 3.5557701 
Aque_Aqu2.1.26006_001                                   0.4991581 1.2807629 0.8661968 0.0000000 0.3215421 0.8691675 0.8403952 1.0219490 1.1041195 1.5163672 1.3272758 1.3264989 1.3499477 1.1974217 1.4934115 1.2067472 1.4457008 1.1831500 1.0990242 1.0990242 0.7946008 1.1968420 1.5358530 1.3494610 1.5456175 0.7889534 1.2664823 1.4652657 1.4880153 1.4446680 1.3487423 1.5947861 1.5247096 1.3133385 1.5421851 1.5483237 1.9400817 1.9287173 1.3283609 1.7889455 2.0546527 1.5955812 1.5637072 1.4717880 1.6679282 1.7524944 2.3309835 2.1665227 1.6204661 1.1554785 1.5588447 1.7281670 1.4545752 1.5949132 1.6656671 1.2207216 1.6186995 1.7600145 2.0587412 2.2518407 2.4759149 1.9512515 2.0297995 1.9406303 1.7908054 1.7376525 1.9481341 1.9284882 1.6306451 1.3393472 1.9670125 1.8613094 1.8582730 1.9309176 1.3725306 1.7820967 1.8020151 2.0425046 1.9759288 1.7657533 1.7654199 1.9440306 2.0785945 2.0288616 2.1150293 2.0118213 3.1271825 2.0841887 3.5048583 3.6675836 3.8129210 2.5878017 2.4204172 2.4008437 3.1338038 2.5757974 2.5279831 2.4361886 2.4832998 3.0102802 2.0074195 1.9833460 1.8121775 1.6014764 1.5464557 2.1884907 1.4442922 2.0405189 3.4649665 
Halamb_c48817_g1_i1m.24893                              0.4428219 1.3025021 0.8512018 0.3215421 0.0000000 0.9085538 0.8483691 1.0597375 1.0691464 1.3910863 1.1634806 1.1630440 1.1831492 1.1087723 1.3444845 1.1228479 1.2837715 1.1773070 1.1175919 1.1175919 0.8005278 1.2051013 1.8873535 1.5863949 1.6446545 0.8725895 1.2506218 1.4527333 1.4433425 1.3969365 1.3749235 1.6011463 1.5657732 1.3675750 1.5229227 1.4547189 1.9636925 1.9355708 1.3281505 1.9216853 2.4230523 1.5894196 1.5379956 1.4737472 1.7407732 1.8572039 2.4669284 2.3123736 1.5927426 1.2046187 1.5480890 1.7696784 1.4896675 1.6109742 1.7339496 1.1726417 1.7197744 1.7461944 2.0500043 2.3174464 2.5243631 1.8807414 2.0511035 1.9751458 1.9186726 1.7276734 1.8966748 1.8896593 1.6057024 1.2849366 1.9500429 1.7849821 1.8405095 1.9242490 1.4065221 1.6944218 1.7584162 2.1181543 2.0612332 1.8237526 1.8234743 1.8811609 2.0812646 2.1509867 2.2419456 1.9465621 3.0332999 2.0990203 3.4227895 3.5493350 3.6383497 2.6908708 2.4331689 2.3835094 3.2323721 2.4750097 2.4475985 2.4408734 2.5408412 2.8876596 2.1155986 2.0357101 1.8578249 1.5743436 1.6597701 2.2811031 1.4513978 2.0834292 3.5745909 
Spolac_c96420_g1_i1_m.13061c101709-g1                   0.9809608 1.1701082 0.9015317 0.8691675 0.9085538 0.0000000 0.3857716 0.4205844 0.5293233 2.1844442 0.0000010 1.7684279 1.7684279 0.5350384 4.0429967 4.4232899 2.4229274 0.2777283 0.5464560 0.5464560 0.6665417 0.9841864 0.0000010 0.0000010 2.8413087 1.0957606 1.1835679 1.1214719 1.1795624 0.7164165 1.0302903 1.2890287 1.1243645 0.8658290 1.1445957 0.0000010 1.4145683 1.2914765 0.9990171 1.2728394 0.8704796 1.1263275 1.0390905 1.2462062 1.3548828 1.2650223 1.1675601 0.0000010 1.2030115 1.0554501 1.0765729 1.2585773 1.2759076 1.3754772 1.2639470 0.8323014 1.1440380 1.9746842 0.0000010 3.0513354 1.9891758 1.8147280 1.7504676 1.7589766 1.1559587 1.4216438 1.5650137 1.5200126 1.6868970 1.4427414 1.7085712 1.6528698 1.4834169 1.3242432 1.8726597 1.4856781 1.3680724 1.6782807 1.3685603 1.5446654 1.5446654 1.0587636 0.7306749 0.0000010 0.0000010 1.8634785 2.2515202 2.3166008 1.9304008 0.0000010 6.8026879 1.6983515 2.0528079 1.9674186 7.0767793 2.3980269 2.0009006 1.3652782 1.7165441 2.2216370 2.2101701 1.7638016 1.7411471 3.6968209 0.0000010 1.6751121 5.5639034 1.8770815 3.2088281 
Spolac_c101709_g3_i4_m.26491c101709-g3                  0.8459342 0.9586068 0.7702989 0.8403952 0.8483691 0.3857716 0.0000000 0.1668318 0.5116739 2.5268953 0.0000010 1.7684279 1.7684279 0.5028463 5.7409673 4.2750236 2.3003832 0.0000010 0.5098726 0.5098726 0.6931244 0.8633596 0.0000010 0.0000010 3.3715483 0.7466758 1.0221216 1.0686144 1.0082764 0.5408942 1.1484520 1.5278379 1.2033809 0.8500061 1.2095997 0.0000010 1.4186643 1.3387054 0.9522284 1.2993431 0.8704796 1.2321382 1.1553802 1.1378287 1.3584695 1.2970693 1.1675601 0.0000010 1.2802749 0.9712397 0.9687066 1.2083606 1.2491125 1.2500432 1.2945529 0.6798755 1.2726412 1.7803326 0.0000010 3.5292502 1.8186427 1.6776238 1.8511175 1.7533367 1.1559587 1.3567836 1.3995125 1.3948386 1.5326624 1.4650372 1.5143781 1.4015646 1.5164747 1.1345817 2.7026822 1.6492084 1.6616885 1.6297455 1.3333465 1.4068324 1.4068324 0.8892645 0.7257453 0.0000010 0.0000010 1.7072702 2.0852321 2.2350156 1.6436791 0.0000010 8.9999985 1.5569433 1.8332950 1.6116677 7.7731901 2.1735566 1.7078882 1.9509609 1.3842827 3.3394807 1.9801885 1.5777025 1.7110581 4.4253047 0.0000010 1.5718145 5.0767194 1.9043368 3.0016603 
Emue_Em0002g753a.t1                                     0.8151781 1.5203192 1.0065792 1.0219490 1.0597375 0.4205844 0.1668318 0.0000000 0.7235192 0.9624322 0.7272302 0.7860578 0.8245261 0.7128716 0.8859713 0.7493659 0.8112996 0.4884803 0.6340172 0.6340172 1.0251200 1.2784410 0.5053226 0.4219308 0.4156888 1.3324284 1.4493215 1.6040359 1.5749517 1.4386122 1.3412352 1.5701350 1.5439961 1.3268759 1.4895340 1.3154342 1.8139900 1.7899664 1.4273341 1.6693984 1.7429625 1.4634121 1.4555172 1.4371673 1.8286096 1.7040915 1.9970779 1.9227855 1.6901113 1.2467432 1.4422812 1.5955440 1.3779651 1.5324295 1.6313143 1.1565973 1.6015469 1.8311791 1.9607231 2.0206911 2.2831837 1.9864772 2.1690058 2.1636275 1.8455497 1.8316600 1.8075060 1.7684551 1.8810500 1.4738432 1.9459265 1.9221101 1.9429137 1.8710806 1.2959823 1.7126130 1.7889181 1.9058566 1.8558695 1.7464504 1.7460687 1.8615279 1.9630270 1.8710235 1.8468936 1.8115254 2.9090947 2.2851003 3.1048771 3.2315456 3.7044244 2.2460769 2.3152709 2.2688015 2.9905292 2.4437204 2.4295197 2.2300556 2.1822896 2.8046408 2.3522174 1.8161599 1.8508187 1.6197844 1.5120313 1.0853773 1.6632363 2.2697679 3.1055956 
Emue_Em0061g10a.t1                                      0.7685898 1.6199563 0.9779607 1.1041195 1.0691464 0.5293233 0.5116739 0.7235192 0.0000000 0.2451926 0.0290989 0.0560338 0.0878162 0.1841244 0.6006059 3.4627939 0.7804174 0.4047680 0.2267475 0.2267475 0.6964654 1.1119989 0.0000010 1.4280616 1.6698180 1.2473486 1.8019449 1.8052810 1.6690316 1.7106181 1.3846481 1.7640062 1.6481467 1.4703188 1.7863919 1.9296827 2.2299377 2.0701403 1.3476314 1.8306303 0.8091050 1.7159700 1.6921919 1.8019622 1.8117924 2.0097033 2.4642822 0.0000010 1.7196281 1.2222760 1.4166893 1.7146203 1.6729439 1.8402220 1.5445658 1.2401471 1.5992377 1.9505851 4.6743623 2.6070608 2.1981833 2.1834830 2.2113527 2.2282643 1.0632073 1.8755708 2.2738440 2.2418742 1.7860457 1.4351682 2.3260710 2.3181545 2.1059118 2.3342418 1.6901711 1.7646403 1.9866664 2.0779083 2.1214760 1.9994221 1.9994221 1.8432710 1.8371694 3.1363876 3.1363876 2.1149967 3.3498273 2.2190041 3.6858987 4.8065446 6.4191128 2.3001833 2.3737292 2.5267262 5.1680364 2.6655850 2.5720324 3.2860248 2.6916728 5.6598123 2.3648667 2.3512989 2.1306747 2.0841831 0.0000010 2.5379690 3.7801248 1.9635663 3.6461267 
Emue_Em0002g692a.t1                                     3.4140615 2.2498092 4.2344818 1.5163672 1.3910863 2.1844442 2.5268953 0.9624322 0.2451926 0.0000000 0.0103407 0.0100179 0.0067259 0.1889861 0.1595021 0.0234268 0.0979475 0.3304069 0.3574942 0.3574942 3.1673572 2.7117010 1.1575783 0.9913518 0.8662165 0.0000010 1.6773721 1.9632962 1.7993941 4.0172835 1.5880701 1.6071927 1.7957437 1.3250615 1.7414846 1.5862252 2.3104106 2.5521780 6.7129531 2.3685869 2.2079853 1.9142829 2.0049324 1.8412383 3.5312082 1.8183749 1.7147601 1.8197286 2.0804974 2.9860534 1.9766411 1.8594750 1.7986217 1.9431365 1.9201972 1.3344553 2.2425696 1.7791450 1.8335919 2.0875433 3.2526238 2.1011014 2.2049135 2.1952765 2.0658416 2.2894734 2.1602871 2.1210161 4.3003425 4.0058343 2.1631939 2.2723250 2.1648005 2.0632680 1.4393797 1.9323421 2.0929044 2.4034824 2.3150065 2.1256441 2.1257180 2.5804385 2.6038152 2.0354112 2.0253780 2.2316768 3.4769608 7.9203337 3.3207837 3.1550854 3.9227454 2.8115103 2.8287981 2.8964655 2.3905943 2.9354506 2.8420248 2.3205267 2.6307357 2.4460385 6.2723866 1.8402786 2.5861561 2.0231685 1.3336221 1.6054697 1.5794688 4.1727064 4.0429767 
Emue_Em0002g686a.t1                                     0.0000010 1.8530668 0.0000010 1.3272758 1.1634806 0.0000010 0.0000010 0.7272302 0.0290989 0.0103407 0.0000000 0.0107148 0.0145306 0.1185300 0.1185300 0.0233760 0.0782199 0.2505942 0.2505942 0.2505942 3.2703454 1.7388648 1.1201917 0.8477413 0.5918617 0.0000010 1.3458039 1.6774762 1.5829119 3.5039927 1.3234209 1.3207301 1.3651849 1.2064965 1.4199583 1.4891308 1.8170433 2.1081699 0.0000010 1.9777188 2.0841728 1.6780030 1.6495819 1.4758813 0.0000010 1.5302780 1.4954724 1.7405471 1.8138715 0.0000010 1.7455171 1.6032468 1.4539923 1.5741116 1.7103956 1.2103524 1.9638242 1.6820564 1.7282371 1.6995432 3.0245213 1.8289697 1.9738953 1.9820139 1.9752873 2.0853587 1.8309530 1.7733771 2.1709936 1.1296115 1.7075912 1.8052451 1.6898158 1.7925616 1.3981215 1.4475240 1.6826474 2.1416613 2.1690246 1.7997772 1.7987627 2.4173363 2.3792482 1.9390276 1.9298935 2.0005410 2.9376204 0.0000010 3.1075622 3.0310241 3.4839710 2.4488406 2.3931693 2.5404269 2.1606918 2.6001484 2.6001484 2.3937774 2.3815112 2.2170162 4.6467350 1.4076482 1.8911195 1.8695524 1.2451073 1.4855599 1.3755744 3.6622336 2.6083516 
Emue_Em0002g689a.t1                                     2.4361467 1.8772393 1.7684279 1.3264989 1.1630440 1.7684279 1.7684279 0.7860578 0.0560338 0.0100179 0.0107148 0.0000000 0.0167524 0.0850339 0.0718740 0.0186561 0.0625684 0.2519622 0.2552291 0.2552291 3.4415524 1.7748035 1.1256921 0.8586766 0.6108904 0.0000010 1.4078575 1.7282285 1.5678651 3.2209653 1.2654048 1.3082905 1.4540751 1.2628127 1.3699575 1.4455738 1.9058859 2.2210276 0.7384438 2.0331385 2.0975772 1.6494858 1.7340561 1.5284217 1.5910577 1.5510397 1.3212527 1.7882430 1.8050487 1.4410334 1.7570442 1.6213142 1.3945252 1.5536999 1.7527724 1.1759615 1.9493895 1.6364927 1.7085974 1.7257318 3.0245213 1.8414300 2.0529953 2.0293981 2.0125596 2.0414099 1.8261028 1.7829064 1.8723272 1.2695043 1.7160907 1.7612302 1.6760877 1.7624316 1.3626079 1.5431578 1.8123042 2.1765190 2.1719027 1.8248569 1.8239836 2.4292472 2.4449391 1.9587261 1.9494461 2.0025990 3.1116320 9.0000000 3.1301353 3.1297272 3.5618569 2.5577466 2.4476263 2.5934816 2.2822322 2.5765069 2.5765069 2.4257822 2.4190057 2.2559596 1.8110301 1.4180794 1.9791796 1.8095720 1.2831129 1.4903967 1.3515430 3.5867197 2.1399386 
Emue_Em0061g2a.t1                                       2.4361467 1.9235586 1.7684279 1.3499477 1.1831492 1.7684279 1.7684279 0.8245261 0.0878162 0.0067259 0.0145306 0.0167524 0.0000000 0.1028136 0.0893573 0.0234268 0.0665904 0.2631565 0.2665142 0.2665142 3.4415524 1.7748035 1.1640660 0.8722960 0.6294259 0.0000010 1.4354590 1.7810536 1.6127058 3.3593438 1.2898112 1.3368956 1.4641961 1.2896888 1.4093930 1.4841942 1.9518369 2.2769882 0.7384438 2.0615815 2.2079853 1.6166613 1.7615652 1.5631994 1.5910577 1.5945982 1.3445622 1.8197286 1.8555111 1.4410334 1.7904774 1.6503529 1.4458340 1.5961197 1.7849726 1.2053301 2.0051498 1.6364927 1.7085974 1.7781708 3.0245213 1.9101185 2.0949837 2.0711586 2.0658416 2.0511837 1.8422962 1.7983973 1.8723272 1.2695043 1.7489629 1.8073165 1.7174451 1.8153904 1.4001031 1.5762629 1.8299542 2.1502100 2.1356304 1.7916882 1.7907208 2.4397437 2.5140474 2.0354112 2.0253780 2.0025990 3.1884993 9.0000000 3.2036067 3.2173195 3.6881320 2.6312843 2.5156749 2.6722525 2.3473041 2.6471066 2.6471066 2.4588588 2.5036559 2.3575317 2.1214660 1.4568669 2.0188398 1.7955252 1.3336221 1.5431960 1.3764121 3.5867197 2.1399386 
Emue_Em0322g1a.t1                                       0.7764665 1.4375478 0.9633013 1.1974217 1.1087723 0.5350384 0.5028463 0.7128716 0.1841244 0.1889861 0.1185300 0.0850339 0.1028136 0.0000000 0.0184191 0.0662988 0.1101521 0.4093062 0.2848889 0.2848889 0.9205104 1.1597628 1.0957331 0.9922919 1.1701864 1.2473486 1.5604503 1.6506115 1.5864095 1.5162891 1.3811842 1.4864152 1.6302596 1.2834027 1.4741744 1.5728485 1.9155114 1.8492747 1.2422885 1.8400842 2.0186199 1.6895462 1.7023771 1.6481025 1.7635230 1.6893147 1.7781926 1.7882430 1.6607123 1.2630456 1.3879256 1.4964737 1.4076629 1.5236020 1.6216790 1.1681215 1.7885988 1.7754364 1.9829812 2.1003133 2.2547202 1.9511991 2.2016551 2.1550519 1.9938086 1.8949948 1.8910241 1.8675866 1.8905198 1.4915052 1.9663583 1.9296529 1.8340771 1.9169336 1.4786336 1.6720140 1.8066784 2.1206074 2.0616923 1.7279161 1.7274838 2.1304446 2.1512235 1.9587261 1.9494461 1.9342075 3.0635656 2.2858018 3.1768645 3.6739469 3.9666387 2.2947795 2.3416679 2.3501779 2.7682814 2.5880755 2.4795091 2.5264977 2.3771407 2.3967381 2.5299945 1.9428221 2.0897051 1.9756620 1.2831129 1.6140163 1.7356898 2.2794034 3.4915090 
Emue_Em0408g1a.t1                                       3.1810153 2.0103793 2.2231103 1.4934115 1.3444845 4.0429967 5.7409673 0.8859713 0.6006059 0.1595021 0.1185300 0.0718740 0.0893573 0.0184191 0.0000000 0.0186561 0.0651300 0.3998958 0.4079004 0.4079004 2.1900651 1.9284861 1.0957331 0.9922919 0.8103224 1.4102479 1.9647204 1.9436219 1.9098838 3.0870219 1.6811426 1.6620532 1.9600255 1.5425451 1.7063109 1.5728485 2.2728531 2.3536660 2.0061414 2.2471464 2.0975772 2.0579169 2.0469830 1.9324606 2.4152176 1.8345367 1.7881142 1.7882430 1.9178672 1.9327498 1.6869476 1.7236360 1.6026288 1.7219345 1.9344932 1.3231691 2.2709554 1.7459769 1.9829812 1.7821350 2.8063572 2.1696859 2.5937168 2.5739066 2.0125596 2.3556010 2.0719634 2.0061659 3.7066246 3.0312316 2.0473957 2.2110893 2.0610657 2.0034173 1.4720815 1.8213920 1.9995900 2.4974875 2.4070523 2.0663888 2.0663165 2.7005635 3.0330092 1.9587261 1.9494461 2.0085638 3.6333117 2.5952008 3.7207602 3.6739469 3.7346502 2.8382051 2.6979547 2.7978064 2.5525652 2.7778933 2.7662140 2.6237266 2.6163334 2.4126443 4.1582010 2.0416748 2.8679353 1.8350411 1.2831129 1.4836604 1.6210623 3.3347263 3.8844155 
Emue_Em0061g7a.t1                                       3.2587666 1.6584454 4.5873560 1.2067472 1.1228479 4.4232899 4.2750236 0.7493659 3.4627939 0.0234268 0.0233760 0.0186561 0.0234268 0.0662988 0.0186561 0.0000000 0.0566377 0.2514891 0.2459273 0.2459273 3.8480929 2.4634168 1.1256921 0.6698481 0.6594281 0.0000010 1.0516935 1.5389068 1.5079483 4.0804392 1.3788385 1.3850510 1.5020260 1.2510403 1.2803379 1.5021076 1.8001662 2.0165700 3.1646744 1.6542230 2.0975772 1.6338685 1.6600518 1.5431294 4.8557726 1.3268254 1.2960849 1.7882430 1.7739911 4.3863389 1.6934413 1.5658782 1.3426697 1.4503180 1.7898407 1.3954717 2.0032696 1.8838846 1.7149075 1.8096056 3.0746160 1.6952015 2.0576509 2.0020611 2.0125596 2.0451301 1.5112610 1.4907532 3.8622037 3.4894728 1.5738671 1.6019942 1.6782061 1.6427705 1.3798194 1.7485756 1.7425060 2.3404898 2.1085950 1.6915262 1.6896513 2.6103918 2.5095439 1.9020356 1.8926928 1.9075189 2.6230933 3.4104954 2.6853755 2.6195192 3.3358246 2.4066564 2.4202290 2.2979011 2.0558394 2.2927169 2.2927169 1.8359786 2.2651382 1.9297486 5.2609462 1.4590069 1.7536233 1.8493807 1.2831129 1.4903967 1.4282135 4.3116355 3.0000604 
Emue_Em0061g13a.t1                                      2.1694910 1.9263514 2.5268270 1.4457008 1.2837715 2.4229274 2.3003832 0.8112996 0.7804174 0.0979475 0.0782199 0.0625684 0.0665904 0.1101521 0.0651300 0.0566377 0.0000000 0.4040902 0.4082105 0.4082105 4.1124610 2.4780831 1.1256921 0.8798394 0.7454020 0.0000010 1.5307313 1.8334434 1.7507607 4.5120860 1.4601722 1.4893029 1.5988127 1.4012860 1.5537775 1.6248082 1.9626511 2.0562445 2.4919752 2.0208312 2.0975772 1.7793291 1.7731843 1.6357938 3.2266977 1.6448804 1.7167800 1.7882430 1.9491888 3.1977024 1.7485903 1.6858897 1.5851641 1.7177485 1.8338756 1.2832778 2.0890229 1.7302959 1.7375165 1.9173552 3.0245213 1.9795106 2.2724574 2.3225306 2.0125596 2.1431504 1.8978731 1.8429854 2.7570522 2.4527940 1.8434666 1.8974506 1.8269842 1.9011716 1.4720815 1.6514151 1.7235697 2.4609180 2.2827068 2.1314127 2.1315204 2.6603437 2.5793076 1.9587261 1.9494461 2.3379965 3.1477248 8.3210886 3.3348673 3.2434437 3.6053010 2.6168212 2.7641108 2.9498819 2.3614130 2.8336087 2.8635495 2.6572394 2.6727761 2.3184214 5.4918050 1.5598241 2.3418039 1.9164358 1.2831129 1.4679627 1.5126384 3.9299656 4.1126714 
Spolac_c101709_g3_i5_m.26492c101709-g3                  0.6270125 1.6097132 1.0656541 1.1831500 1.1773070 0.2777283 0.0000010 0.4884803 0.4047680 0.3304069 0.2505942 0.2519622 0.2631565 0.4093062 0.3998958 0.2514891 0.4040902 0.0000000 0.1024549 0.1024549 0.9748101 1.3644413 1.1711241 0.9828389 0.9922768 1.3311726 1.4966319 1.6756761 1.5931516 1.7573578 1.3313164 1.5744013 1.4981348 1.3508730 1.5110218 1.5540161 1.9245546 1.9791652 1.4450194 1.8442391 1.9278330 1.5807651 1.5980189 1.5622221 1.6461324 1.6744519 1.9866271 1.8050533 1.7337991 1.2061432 1.4930759 1.5752925 1.4838182 1.5397606 1.6425124 1.2255383 1.6556628 1.9888676 2.1348862 2.0410930 2.4711266 2.0809806 2.2212916 2.1124182 2.0411605 1.9327786 1.8832285 1.8099148 1.8505542 1.3215773 2.0407372 2.0973749 1.9368257 1.9202305 1.4593430 1.7393890 1.8490056 2.0388981 2.1401292 1.8828325 1.8825817 2.0371614 2.0598381 2.0775566 2.1017000 1.9780595 2.8185585 2.2331709 3.1529736 3.2985467 3.7727869 2.3639350 2.2761944 2.3632011 2.9578712 2.4265052 2.3979973 2.4202409 2.2714516 2.6896406 2.2398219 1.8759849 1.9876122 1.9478622 1.2772687 1.5140972 1.7861246 2.0849135 3.0269840 
Spolac_c101709_g3_i2_m.26489c101709-g3                  0.7439298 1.6570091 0.9760561 1.0990242 1.1175919 0.5464560 0.5098726 0.6340172 0.2267475 0.3574942 0.2505942 0.2552291 0.2665142 0.2848889 0.4079004 0.2459273 0.4082105 0.1024549 0.0000000 0.0000010 0.8402508 1.1796801 1.1711241 0.9828389 1.1008318 1.2344947 1.5293148 1.6787569 1.5642764 1.7638222 1.3860118 1.5266412 1.5190123 1.2842254 1.5327690 1.5540161 1.8949972 1.9396438 1.4035039 1.7709482 1.9163903 1.5692554 1.6062595 1.5889126 1.7449389 1.7410893 1.9866271 1.8050533 1.6819141 1.2403290 1.4925148 1.6853771 1.5463605 1.6266441 1.6232426 1.2002258 1.6528621 1.9252193 2.1348862 2.1595188 2.4356327 2.0744324 2.1483172 2.0725027 2.0387926 1.9417265 1.8368323 1.8030954 1.7631010 1.3877273 1.9992305 2.0086251 1.8622401 1.9870524 1.4304889 1.7234091 1.8238260 2.0959439 2.0919942 1.8515871 1.8513244 2.0419962 2.0923741 2.0775566 2.1017000 1.9341140 3.0030793 2.3396982 3.2089742 3.3255782 3.9255628 2.3606130 2.3371514 2.4385899 2.8634150 2.5074512 2.4187179 2.3663105 2.2896403 2.6584501 2.3300549 1.9375626 1.9570708 1.9043666 1.2772687 1.5722516 1.9017371 2.1096404 3.4650755 
Spolac_c101709_g3_i1_m.26487c101709-g3                  0.7439298 1.6570091 0.9760561 1.0990242 1.1175919 0.5464560 0.5098726 0.6340172 0.2267475 0.3574942 0.2505942 0.2552291 0.2665142 0.2848889 0.4079004 0.2459273 0.4082105 0.1024549 0.0000010 0.0000000 0.8402508 1.1796801 1.1711241 0.9828389 1.1008318 1.2344947 1.5293148 1.6787569 1.5642764 1.7638222 1.3860118 1.5266412 1.5190123 1.2842254 1.5327690 1.5540161 1.8949972 1.9396438 1.4035039 1.7709482 1.9163903 1.5692554 1.6062595 1.5889126 1.7449389 1.7410893 1.9866271 1.8050533 1.6819141 1.2403290 1.4925148 1.6853771 1.5463605 1.6266441 1.6232426 1.2002258 1.6528621 1.9252193 2.1348862 2.1595188 2.4356327 2.0744324 2.1483172 2.0725027 2.0387926 1.9417265 1.8368323 1.8030954 1.7631010 1.3877273 1.9992305 2.0086251 1.8622401 1.9870524 1.4304889 1.7234091 1.8238260 2.0959439 2.0919942 1.8515871 1.8513244 2.0419962 2.0923741 2.0775566 2.1017000 1.9341140 3.0030793 2.3396982 3.2089742 3.3255782 3.9255628 2.3606130 2.3371514 2.4385899 2.8634150 2.5074512 2.4187179 2.3663105 2.2896403 2.6584501 2.3300549 1.9375626 1.9570708 1.9043666 1.2772687 1.5722516 1.9017371 2.1096404 3.4650755 
Stycar_maker-SC_scaffold7115-snap-gene-0.121-mRNA-1     0.6416948 1.3338524 0.9328854 0.7946008 0.8005278 0.6665417 0.6931244 1.0251200 0.6964654 3.1673572 3.2703454 3.4415524 3.4415524 0.9205104 2.1900651 3.8480929 4.1124610 0.9748101 0.8402508 0.8402508 0.0000000 0.8569437 1.5638194 2.1779775 2.1803325 0.9468177 1.3725094 1.3852058 1.3088308 1.1914327 1.3734108 1.7150988 1.5657705 1.6211627 1.5281376 2.2309974 2.0116648 1.8436983 1.3593186 1.6604002 1.3795637 1.4463016 1.3922745 1.3150809 1.5758760 1.7113176 3.7181311 2.9874031 1.5567679 1.3446970 1.4372400 1.6809297 1.5685060 1.7390335 1.4533783 1.3203222 1.5543548 2.2216342 5.1501268 2.4548438 2.1247402 1.9771798 1.9081323 1.9446380 2.5168436 1.5941566 2.1411239 2.1534823 1.6526772 1.3134872 2.2669003 2.2130325 2.2499967 2.1233739 3.5572813 2.0069394 1.9069404 2.0731468 2.2568864 2.0490676 2.0489912 1.9868930 1.6730666 1.8961355 1.8848393 1.8613748 2.8203232 2.2089533 3.2055173 4.0103705 3.7483459 2.4894429 2.5087629 2.3354992 4.6765155 2.3921250 2.2673537 4.0870513 2.4695148 5.5338177 2.0800186 2.4530509 1.6920882 1.6605484 1.1517013 2.2466953 4.3020369 2.0754543 3.7710180 
Plespi_Pspi_scaffold13972_01                            0.6019233 1.5493293 1.3299347 1.1968420 1.2051013 0.9841864 0.8633596 1.2784410 1.1119989 2.7117010 1.7388648 1.7748035 1.7748035 1.1597628 1.9284861 2.4634168 2.4780831 1.3644413 1.1796801 1.1796801 0.8569437 0.0000000 2.4346853 2.0287631 2.1788951 1.1506472 1.7632711 1.7054079 1.7037892 1.2412177 1.4786709 1.6514390 1.5050001 1.2794821 1.5843367 2.3894469 1.7432307 1.5698582 1.4943597 1.6294463 0.7154978 1.3838555 1.3443810 1.5793415 1.7185722 1.6786558 1.7189046 9.0000000 1.6349672 1.1211795 1.3287714 1.3248268 1.3113292 1.4345460 1.5390800 1.4138344 1.4618774 1.8109855 4.1346942 2.0651881 2.3153677 1.7646931 1.6142558 1.5744180 1.7892548 1.6976417 2.0061932 2.0202246 1.5167276 1.1192170 2.1560655 1.9915515 1.9997798 2.0049831 1.9696496 1.9750923 1.5612600 1.8526388 1.9638823 1.7582748 1.7582748 1.6062123 1.3912358 9.0000000 9.0000000 1.9107823 2.7254388 1.9914427 3.1196562 3.7284668 3.4043208 2.0740665 2.2575017 1.9772135 3.7349558 2.0840843 2.0444731 2.3455072 2.1152447 3.8370229 1.9112343 2.4248267 1.5978430 1.8366458 1.1396841 2.7335779 3.1015050 1.8713466 3.2009157 
Spolac_c101709_g1_i2_m.26495c101709-g1                  0.0000010 2.3895522 0.0000010 1.5358530 1.8873535 0.0000010 0.0000010 0.5053226 0.0000010 1.1575783 1.1201917 1.1256921 1.1640660 1.0957331 1.0957331 1.1256921 1.1256921 1.1711241 1.1711241 1.1711241 1.5638194 2.4346853 0.0000000 0.0140524 0.3018942 0.0000010 0.8542965 2.5584967 2.5333086 0.0000010 1.4917157 1.5766184 2.0736257 1.5550708 1.3764922 2.5590463 1.7772437 2.4135095 0.3230179 1.7921507 2.0725030 2.0724691 1.8753779 1.9489280 1.4219450 1.9902018 7.6098021 2.3312739 2.3932124 0.6253278 2.0349583 1.8925417 0.8625441 1.3179004 1.9304486 1.0418355 2.2004117 1.9286536 1.8603457 1.9461662 1.8804003 2.2087134 2.4708578 2.4980752 2.9339714 2.6481828 1.1634751 1.2257158 3.2377145 0.6525326 1.4431663 1.4167528 1.4828542 1.7646108 2.2603790 2.5415146 2.0367312 3.4687737 7.7280590 1.2655621 1.2363112 3.6196562 3.1307994 1.7983993 1.7738571 0.9411257 3.1424536 0.0000010 3.4978031 3.2869460 3.7144886 1.8773709 2.2593383 2.1539492 2.4231693 2.0517449 2.0517449 4.4426310 2.4867574 1.8574403 0.5536364 1.8075798 2.9621409 2.6140133 1.8365048 1.0629265 1.5054443 4.2467995 2.3993160 
Spolac_c101709_g1_i1_m.26485c101709-g1                  0.0000010 2.4190066 2.3017738 1.3494610 1.5863949 0.0000010 0.0000010 0.4219308 1.4280616 0.9913518 0.8477413 0.8586766 0.8722960 0.9922919 0.9922919 0.6698481 0.8798394 0.9828389 0.9828389 0.9828389 2.1779775 2.0287631 0.0140524 0.0000000 0.3390974 0.0000010 1.7016141 2.0232776 2.0462175 3.0370980 1.4210141 1.8115983 1.8750339 1.5534912 2.0701971 1.7232265 2.2824202 2.3736903 3.1058029 2.2196115 2.0725030 1.9034440 1.8872667 1.9290835 3.1075953 2.0565626 2.1763952 2.2929112 2.2077831 1.9362700 2.0556922 2.0224617 1.8655719 1.9415860 1.9772697 1.4613252 2.0801598 1.7934912 1.8750073 2.0389077 2.8325738 2.1923367 2.3264120 2.4040016 2.2590980 2.3065826 2.1380434 2.0919418 2.5212435 1.1296115 2.2970234 2.3698377 2.2984634 2.1299624 1.7018068 2.1288894 2.0829079 2.5263703 2.4856572 2.5430202 2.5440998 2.7675387 2.9252576 1.8354720 1.8116788 1.9424068 3.6377177 0.8784093 3.9703859 3.5775773 3.6649153 2.4607400 2.6222431 2.6035573 2.7589442 2.5764298 2.5764298 2.6137071 2.4173985 2.7093029 3.4015180 2.0312932 2.7578872 1.7723710 1.8365048 1.0629265 1.5358381 2.8977160 3.1564794 
Emue_Em0002g613a.t1                                     5.2573876 2.3609201 2.6443838 1.5456175 1.6446545 2.8413087 3.3715483 0.4156888 1.6698180 0.8662165 0.5918617 0.6108904 0.6294259 1.1701864 0.8103224 0.6594281 0.7454020 0.9922768 1.1008318 1.1008318 2.1803325 2.1788951 0.3018942 0.3390974 0.0000000 2.9047129 2.3921799 2.3346673 2.2026359 2.6325849 1.8526860 2.2519547 2.1516955 1.9133784 2.1102218 1.3383669 2.4854621 2.4679759 2.3958600 2.2874902 1.7799976 1.9529812 1.9169973 2.0194021 3.3914671 2.2736931 1.9849788 1.8638230 2.2392729 3.0424162 1.9945290 2.0733346 2.1771660 2.3385815 2.1045442 1.6350270 2.1808158 1.8762920 1.6817866 2.0506090 2.7553540 2.8272349 2.8227336 2.8620083 1.7779359 2.5378380 2.5017231 2.4432658 4.7355034 4.6031720 2.8484394 2.7018309 2.6735734 2.3047817 1.3037477 2.4542120 2.3593686 2.5076386 2.2348925 2.6634460 2.6642211 2.3398647 2.6693765 1.8072453 1.7819348 2.6988065 3.9122516 4.6560900 3.7787890 3.0320444 3.4536862 3.0436767 3.0763297 3.1422406 2.8697474 3.2375854 2.9012984 2.6556663 2.5790040 2.7380614 4.4400316 2.8424829 3.0864667 1.5462742 1.0786147 1.0125568 1.6562044 3.5497659 4.6015332 
Lcom_lcpid237461                                        0.0000010 1.2181758 1.2066551 0.7889534 0.8725895 1.0957606 0.7466758 1.3324284 1.2473486 0.0000010 0.0000010 0.0000010 0.0000010 1.2473486 1.4102479 0.0000010 0.0000010 1.3311726 1.2344947 1.2344947 0.9468177 1.1506472 0.0000010 0.0000010 2.9047129 0.0000000 0.2722582 0.2992228 0.2909115 0.4181617 1.0285254 1.0220664 0.9952890 0.5510454 0.7763234 0.0000010 0.9562729 0.8902587 1.0748916 1.1211999 0.7154978 1.3845915 1.3959018 1.2589812 1.4448145 1.2686625 1.1675601 0.0000010 0.9800487 1.1638607 1.0360129 1.0566414 1.0429222 1.0197439 1.2965432 1.1032175 1.4814000 1.5887080 0.0000010 1.4354782 2.0713032 1.5287293 1.3083816 1.2059403 1.1559587 1.5500592 1.5627921 1.5554327 1.4534801 0.8577367 1.5486746 1.3441144 1.2790870 1.4333196 1.3984360 1.3631333 1.5143045 1.1212266 1.1608198 1.0949671 1.0949671 1.1266383 0.6078338 0.0000010 0.0000010 1.3909047 2.3961170 2.0181724 2.9538818 7.0221244 2.4074527 1.5997429 1.6727978 1.6727978 5.0657813 1.6240461 1.6240461 0.0000010 1.9025245 1.8435310 1.7161591 2.0196620 1.8059716 2.1556750 0.0000010 2.4650430 4.3837244 1.2800373 2.9725099 
Leuniv_Lniv_C814582_01                                  1.1131344 1.8775844 1.6302767 1.2664823 1.2506218 1.1835679 1.0221216 1.4493215 1.8019449 1.6773721 1.3458039 1.4078575 1.4354590 1.5604503 1.9647204 1.0516935 1.5307313 1.4966319 1.5293148 1.5293148 1.3725094 1.7632711 0.8542965 1.7016141 2.3921799 0.2722582 0.0000000 0.3169679 0.3595758 0.7536386 1.1950313 1.5737277 1.2837360 1.2357001 1.4113234 0.5075352 1.6351741 1.5479277 1.4915972 1.6418375 0.7111131 1.4113881 1.2936203 1.2143224 1.8349291 1.5998398 1.7442939 0.8022188 1.3222928 1.3387923 1.3689529 1.6108552 1.4077245 1.4742507 1.5477243 1.2572989 1.5637973 1.7278329 1.5401337 2.2332331 2.3424349 1.7172880 1.6397409 1.6250374 0.9175083 1.5924034 2.0186959 1.9786136 1.5079109 1.3110152 1.8946032 1.8738006 1.7402407 1.8858225 0.7901183 1.6771849 1.5540720 1.7996242 1.7301857 1.6085749 1.6119633 1.5650927 1.7272002 0.5306247 0.6346920 1.7085599 2.8365745 2.0788800 3.0675134 3.7083879 3.3765862 2.5069829 2.4453165 2.3825933 3.1486700 2.4578406 2.4172813 2.4420225 2.2649764 3.3160365 2.4090646 1.9658990 1.8978352 2.1471168 0.0000010 1.0665858 1.9725636 2.0817002 2.9137602 
Scil_scict019856.2                                      1.0432226 2.0761510 1.6050327 1.4652657 1.4527333 1.1214719 1.0686144 1.6040359 1.8052810 1.9632962 1.6774762 1.7282285 1.7810536 1.6506115 1.9436219 1.5389068 1.8334434 1.6756761 1.6787569 1.6787569 1.3852058 1.7054079 2.5584967 2.0232776 2.3346673 0.2992228 0.3169679 0.0000000 0.3895197 0.7670039 1.4386525 1.5549952 1.5248712 1.3908901 1.4054296 0.7550065 1.7590223 1.7385307 1.4871633 1.7047690 1.7802676 1.5255539 1.5181111 1.4456712 1.8082012 1.7287658 1.7348939 2.1019387 1.5442821 1.4200835 1.6731352 1.7799356 1.4287930 1.5576028 1.8724966 1.3118495 1.8230011 2.1400555 2.3837052 2.3977433 2.6645141 1.8668794 1.9433061 1.8542483 1.7893208 1.9110324 1.8456490 1.8258092 1.5461978 1.2325320 1.9329607 1.9701610 1.8611906 1.8588268 1.3180075 1.8633945 1.7998601 2.1727171 2.0228547 1.7024975 1.7061506 1.9339602 2.0326271 2.0170976 2.0388335 1.7768824 2.9350780 2.0846854 2.9968301 3.4177742 3.4851824 2.7244654 2.7269643 2.6692380 3.3588363 2.5159264 2.4962503 2.2546162 2.3007186 2.7937252 2.1857608 2.1413344 1.9734878 2.5772058 2.9758513 2.0796040 2.1082827 2.2569205 3.0977255 
Gracom_Gcom_scaffold11198_01                            1.1947226 1.9279405 1.5045590 1.4880153 1.4433425 1.1795624 1.0082764 1.5749517 1.6690316 1.7993941 1.5829119 1.5678651 1.6127058 1.5864095 1.9098838 1.5079483 1.7507607 1.5931516 1.5642764 1.5642764 1.3088308 1.7037892 2.5333086 2.0462175 2.2026359 0.2909115 0.3595758 0.3895197 0.0000000 0.7106705 1.4451382 1.4658449 1.5928852 1.3342303 1.3778653 0.7553705 1.8380854 1.7362006 1.5752823 1.7993562 1.8453018 1.5511182 1.4596793 1.3064298 1.7457196 1.7215736 1.6127911 2.3357378 1.4643945 1.3530351 1.5734175 1.7454499 1.3447262 1.5040042 1.8416779 1.1967043 1.8189395 2.0553284 2.3484305 2.3247047 2.5169917 1.8656772 1.8356088 1.8332171 1.8729086 1.8903273 1.8207347 1.7883987 1.4663338 1.2123292 1.7716039 1.8150511 1.6914369 1.8025185 1.3551167 1.8732591 1.8522964 2.1619771 2.0152038 1.6921112 1.6957442 1.9499054 1.9963667 1.9748750 2.0290397 1.6483752 3.0582481 2.1022959 3.1249780 3.6807194 3.6462606 2.5858080 2.7042408 2.5641790 3.2794901 2.5110779 2.4930645 2.3772142 2.2028344 2.8427352 2.0864296 2.0713364 1.9295574 2.3751888 2.6765749 2.0676943 2.2645899 2.1513327 2.9516270 
Clacor_Ccor_scaffold11582_01                            0.3388420 1.9835548 1.3380305 1.4446680 1.3969365 0.7164165 0.5408942 1.4386122 1.7106181 4.0172835 3.5039927 3.2209653 3.3593438 1.5162891 3.0870219 4.0804392 4.5120860 1.7573578 1.7638222 1.7638222 1.1914327 1.2412177 0.0000010 3.0370980 2.6325849 0.4181617 0.7536386 0.7670039 0.7106705 0.0000000 1.3485818 1.3171254 1.5649860 1.6071819 1.3841007 1.6066741 1.8954926 1.7140067 1.3333441 1.9037932 0.7154978 1.5997126 1.5615651 1.3788407 1.5744698 1.9786091 2.8751668 0.0000010 1.5030043 0.9023856 1.4966189 1.6233294 1.5778783 1.5992925 1.6831101 1.3487423 1.7479274 1.9470830 4.4472357 2.4729505 2.0469284 1.9342801 1.6692008 1.7392548 1.1559587 1.3656104 2.3208448 2.2710092 0.8331689 0.6214047 2.3633639 2.1915624 2.0765378 2.0757950 1.7672042 1.8555279 1.4685970 1.8953459 2.1459029 1.8774456 1.8774456 1.8676322 2.1769543 1.5092465 1.5092465 1.4591338 3.2265844 1.7001401 3.4192555 4.9330232 5.7606506 2.6180469 2.5813634 2.3035542 5.4905594 2.6360063 2.6364072 4.1206696 2.3379247 6.1678965 1.8944360 1.9234741 1.7354257 2.5382838 0.0000010 2.5317742 3.6455932 1.3869464 3.3004103 
Cgig_XM_034481006.1                                     1.2649255 1.8838422 1.4496475 1.3487423 1.3749235 1.0302903 1.1484520 1.3412352 1.3846481 1.5880701 1.3234209 1.2654048 1.2898112 1.3811842 1.6811426 1.3788385 1.4601722 1.3313164 1.3860118 1.3860118 1.3734108 1.4786709 1.4917157 1.4210141 1.8526860 1.0285254 1.1950313 1.4386525 1.4451382 1.3485818 0.0000000 1.1583064 0.8729578 0.9139521 1.0732125 1.5758004 1.4631596 1.4601474 1.3019519 1.4945118 1.4421684 1.3876806 1.4412708 1.4232650 1.1361074 1.2462070 1.7705746 2.1812103 1.0477701 1.1886506 1.2695340 1.4575955 1.1388944 1.3418272 1.3601776 1.1357963 1.4719094 1.5665714 1.5888191 2.0136239 2.1990720 1.7576052 1.8232074 1.7533144 1.6655030 1.6548869 1.6938319 1.6328767 1.5840882 1.2974123 1.8096239 1.6801224 1.7469104 1.6502260 1.7331519 1.6872231 1.4598085 1.6839998 1.6379614 1.4903262 1.4936099 1.7427421 1.8120969 1.7776982 1.7595898 1.6353908 2.4489673 2.0418161 2.6442797 2.9602994 2.6542942 2.2698229 2.1181371 2.0083288 2.3085947 2.2254620 2.2404885 2.2092469 2.1078074 2.0038742 2.4605772 1.8192445 1.6922769 2.3172154 2.5195872 2.3693491 2.1773127 2.0123465 3.5569364 
Ctel_gnl_WGS_AMQN_CAPTEDRAFT_mRNA98549                  2.0780444 2.1021296 2.0277256 1.5947861 1.6011463 1.2890287 1.5278379 1.5701350 1.7640062 1.6071927 1.3207301 1.3082905 1.3368956 1.4864152 1.6620532 1.3850510 1.4893029 1.5744013 1.5266412 1.5266412 1.7150988 1.6514390 1.5766184 1.8115983 2.2519547 1.0220664 1.5737277 1.5549952 1.4658449 1.3171254 1.1583064 0.0000000 1.3376749 1.1693035 1.1442826 1.3854269 1.6684417 1.4757199 1.5900520 1.7507244 1.5328030 1.5378235 1.6057348 1.5675648 1.6914977 1.3751058 1.1987977 1.4611127 1.3749988 1.7607328 1.6019301 1.6142266 1.5426050 1.7182301 1.5841026 1.3091858 1.5620646 2.0016991 1.9504070 2.1328270 2.4559122 1.8912019 1.7504511 1.7673500 1.3586747 1.7915537 1.7900736 1.7455191 1.7437423 1.4559252 1.9002489 1.8087175 1.6890584 1.8828006 1.3898816 1.6316668 1.4623775 1.7825640 1.8634170 1.6101812 1.6139726 1.6214235 1.4169419 1.1061039 1.1239067 1.7348025 2.9325165 2.4172224 2.9010712 3.2031020 2.9158219 2.3373909 2.3093924 2.1709761 2.6064592 2.2308112 2.0735282 2.7895369 2.0387142 2.0737254 2.8496337 1.7710733 1.7828331 2.3652389 1.6248528 1.5558969 2.1641320 2.4581348 4.3813260 
Acagra_model.g15143.t1                                  1.2777784 2.2033071 1.6514451 1.5247096 1.5657732 1.1243645 1.2033809 1.5439961 1.6481467 1.7957437 1.3651849 1.4540751 1.4641961 1.6302596 1.9600255 1.5020260 1.5988127 1.4981348 1.5190123 1.5190123 1.5657705 1.5050001 2.0736257 1.8750339 2.1516955 0.9952890 1.2837360 1.5248712 1.5928852 1.5649860 0.8729578 1.3376749 0.0000000 0.9430616 1.1825699 1.7690843 1.5510138 1.5604026 1.4303673 1.6948545 1.5607406 1.5292414 1.5552744 1.6649635 1.5554592 1.4263733 2.0582043 2.2545192 1.3263961 1.4306575 1.7092707 1.8494317 1.4597663 1.6244484 1.6591618 1.2823339 1.6820821 2.2148360 2.3372264 2.3661775 2.5420001 1.7977695 1.8647305 1.9016846 1.5156943 1.7388709 2.0134499 1.9425290 1.8161194 1.4735751 2.0227454 2.0930925 2.0411143 2.0578893 1.9622018 1.7852775 1.5417798 2.1442085 2.1055177 1.8079510 1.8076358 2.0567183 2.1458108 2.0883058 2.0506712 1.7708062 2.5967913 2.0407356 2.8545566 3.0410030 3.0495791 2.1019605 2.2736525 2.2002518 2.5798218 2.2389645 2.1908591 2.0621322 2.0912039 2.4968082 2.4215750 1.7921502 1.8826521 2.4843972 2.6255059 2.0825201 2.3635547 2.2894182 3.1537573 
Ctel_gnl_WGS_AMQN_CAPTEDRAFT_mRNA73810                  0.6081359 1.7144880 1.4082047 1.3133385 1.3675750 0.8658290 0.8500061 1.3268759 1.4703188 1.3250615 1.2064965 1.2628127 1.2896888 1.2834027 1.5425451 1.2510403 1.4012860 1.3508730 1.2842254 1.2842254 1.6211627 1.2794821 1.5550708 1.5534912 1.9133784 0.5510454 1.2357001 1.3908901 1.3342303 1.6071819 0.9139521 1.1693035 0.9430616 0.0000000 1.2315169 1.3815531 1.3867701 1.3261492 1.1181280 1.4739528 1.7903349 1.4171082 1.3228975 1.1887547 1.3909424 1.3811079 1.6054424 1.9342530 1.2087761 1.0781378 1.5653272 1.5536315 1.5093567 1.6037435 1.4674743 1.2246019 1.5305325 1.7947751 1.4691534 1.9440262 3.0303670 1.7498373 1.6403840 1.6906646 1.5323603 1.7657880 1.8040164 1.7683558 1.1129175 1.0529449 1.7020451 1.7080631 1.6230326 1.8188580 1.5536901 1.5546942 1.4977776 1.8419118 1.9488746 1.7369805 1.7362909 1.8030201 1.7684125 1.8264266 1.8165223 1.7270230 2.3722284 1.1809775 2.3773498 2.6278809 2.6240177 2.0369837 2.0412162 1.8243970 2.7539328 1.9567510 1.9259688 2.4756115 1.9673893 2.2476646 1.4318238 1.6312491 1.8905854 2.3027864 1.5923648 1.6966801 1.9471274 2.4707023 3.2639483 
