62
Xestes_maker-XT_scaffold3984-snap-gene-0.8-mRNA-1      0.0000000 0.7473295 2.7607796 2.8078887 2.9748244 2.8469364 3.1121767 3.1623942 2.1239078 2.3741439 2.1311591 0.0000010 6.4144021 3.2069199 3.2069199 3.2069199 3.2069199 3.7183700 3.1731562 3.5761861 4.2436431 2.9927942 3.8387625 3.2576633 3.1151520 3.3091245 3.1918540 3.1391697 3.7668351 3.7668351 3.6348903 3.9209298 3.6421847 3.0624567 3.8485466 2.7448466 2.8586123 4.3461640 3.5383882 3.1089960 4.1106378 3.9484785 3.5452761 2.4378492 4.7128400 4.7254773 3.8823283 2.7136980 3.2156240 2.7715978 3.0560345 3.2133203 3.2133203 7.7666999 7.7666999 4.1148097 4.1148097 3.8813189 3.7014530 4.9759260 5.9838983 4.8853483 
Xestes_maker-XT_scaffold3984-snap-gene-0.7-mRNA-1      0.7473295 0.0000000 1.8874434 2.0201635 2.0587740 2.5790872 2.2590681 2.0344386 2.0892715 1.8913764 1.7174756 0.0000010 4.2761212 2.9732772 2.9732772 2.9732772 2.9732772 2.8201085 2.7680650 2.8469821 3.5808821 2.4277058 2.4989855 2.9685872 2.3791305 2.2834319 2.2707802 2.2465023 2.4675595 2.4753007 2.5999928 2.5252097 2.5533091 2.4853515 2.9538051 2.2799560 2.3857256 2.8764073 2.7710461 2.8022842 2.9788722 3.1665827 3.1031018 2.9864336 2.8608280 3.7967464 2.4389252 2.8438358 3.2091848 3.3602816 2.7436125 2.7905668 2.7905668 3.9477967 3.9477967 6.2416588 6.2416588 3.5172244 3.0645985 3.7625020 3.5940647 3.4468506 
Spolac_c101678_g3_i1_m.26396c101678-g2                 2.7607796 1.8874434 0.0000000 0.1681208 0.4564299 1.6571690 0.9442485 1.0233584 1.4502507 1.8574725 2.1006377 3.4141585 5.5603559 2.7934541 2.7934541 2.7934541 2.7934541 2.3492222 2.7181560 2.5578440 3.2833022 1.6125608 1.5183856 2.5394080 1.7943253 1.7745613 1.7909806 1.8385770 1.7127490 1.8706804 2.2732649 1.8531417 1.7530680 2.1276970 2.3561104 1.9764230 1.8447403 2.0055153 2.7770066 1.7553516 2.7535405 2.6054884 3.0458789 2.4789414 2.3633014 3.4796625 2.4960020 2.4682656 2.6001494 6.4677146 2.4048196 2.5407896 2.5407896 2.6799408 2.6799408 4.7832705 4.7832705 2.9487554 2.5028126 3.0021332 3.5989669 3.6317521 
Spolac_c101678_g3_i2_m.26398c101678-g2                 2.8078887 2.0201635 0.1681208 0.0000000 0.2369369 0.6928408 0.6461116 0.7001546 1.2244761 1.9300841 1.9127723 2.2142329 3.0982456 2.7611319 2.7611319 2.5832720 2.5832720 2.4722669 2.5598338 2.4153647 2.9176381 2.2406254 2.2618543 2.4129419 2.1036612 2.2593699 2.3467356 2.5510614 2.3324924 2.6903809 2.4978149 2.1972981 2.3371471 2.4623550 2.3951647 2.4320443 2.2325025 2.5330461 2.5093069 2.4047200 2.6665261 2.6406790 2.5597143 2.6252344 2.6685320 3.3075491 2.8200154 2.3231263 2.2823164 3.7091909 3.0083822 2.6354514 2.6988354 2.7484600 2.8505615 3.7070948 3.5148982 2.7241367 2.1448003 3.2846168 3.9152102 3.4150310 
Emue_Em0023g79a.t1                                     2.9748244 2.0587740 0.4564299 0.2369369 0.0000000 0.6927579 0.6579617 0.6155315 1.1761789 1.8162629 1.8022894 1.9727002 2.8740216 2.5813622 2.5813622 2.4899023 2.4899023 2.3827450 2.4576324 2.4018702 2.9971848 2.2573789 2.2619217 2.5537696 2.1227231 2.3232523 2.2970345 2.6135818 2.3455414 2.7077375 2.4537226 2.1485515 2.3387618 2.5467867 2.3608417 2.3287185 2.0692524 2.5499947 2.4776639 2.4093507 2.6757615 2.6191653 2.5065830 2.5417305 2.6552874 3.2775567 2.9125687 2.2023950 2.4485494 3.7074431 3.1969850 2.6354200 2.7548946 2.7170413 2.9015661 3.9437089 3.6040916 2.7131391 2.0451445 3.3356258 3.7005926 3.2449050 
Spolac_c101678_g2_i3_m.26399c101678-g2                 2.8469364 2.5790872 1.6571690 0.6928408 0.6927579 0.0000000 0.0226115 0.2947224 1.2789060 2.3209318 2.1881545 2.1518959 2.6922981 2.8191391 2.8191391 2.7992213 2.7992213 2.6883569 2.7441425 2.7947709 2.9048164 2.6355209 2.6814869 2.4204869 2.3824532 2.5693946 2.6052348 2.8582064 2.7521586 3.0989565 2.6614163 2.5049398 2.6581245 2.8916000 2.8521711 2.8652840 2.7328932 2.6466691 2.4356261 2.8055129 3.0923490 3.1474917 2.6980011 2.8639642 3.0414460 3.7300526 2.9674735 2.6429226 2.4565349 3.0458487 4.2221972 2.9276649 2.9958920 2.8698887 2.9518459 3.6480075 3.4922302 3.3278661 2.4875292 3.2949935 4.4999696 3.6904475 
Spolac_c101678_g2_i2_m.26397c101678-g2                 3.1121767 2.2590681 0.9442485 0.6461116 0.6579617 0.0226115 0.0000000 0.2799126 1.2611316 2.1666266 2.0386140 2.1518959 3.0290132 2.6541002 2.6541002 2.6390598 2.6390598 2.4717329 2.5912143 2.6005017 2.8767608 2.3333599 2.3278953 2.5365814 2.1048509 2.3532758 2.3567991 2.5493618 2.4879925 2.8208602 2.4235729 2.3029130 2.3781340 2.5516333 2.6464788 2.5562736 2.3520796 2.3844008 2.3238015 2.4533958 2.7314552 2.8168841 2.5976376 2.7055637 2.8017347 3.6081799 2.7432200 2.5394687 2.5068507 3.3570008 3.3182228 2.7706209 2.8211614 2.8373230 2.9151370 3.9723971 3.8069862 3.1113796 2.3170317 3.2104128 4.3276369 3.5839244 
Emue_Em0023g20a.t1                                     3.1623942 2.0344386 1.0233584 0.7001546 0.6155315 0.2947224 0.2799126 0.0000000 1.3710082 2.1549300 2.0720693 1.9821709 2.9585968 2.7614428 2.7614428 2.6413007 2.6413007 2.5072446 2.5713395 2.4747064 3.0307969 2.3883229 2.4077381 2.6386495 2.2029029 2.4339619 2.4213983 2.6851056 2.5772859 2.9848991 2.6774920 2.4116126 2.4704835 2.7222227 2.5087145 2.4014703 2.2023234 2.4453884 2.3250721 2.4243009 2.7980653 2.8485327 2.9364035 2.7528228 2.8764243 3.6461389 2.8588477 2.5227841 2.4426430 3.5031062 3.4917255 2.8265472 2.9025344 2.8829824 2.9973000 3.7358746 3.5526197 3.0386564 2.2732281 3.2304352 3.7514067 3.3656897 
Tetwil_g12965.t1                                       2.1239078 2.0892715 1.4502507 1.2244761 1.1761789 1.2789060 1.2611316 1.3710082 0.0000000 1.7285116 1.7967678 2.1409069 2.8926796 2.5165790 2.5165790 2.4699516 2.4699516 2.4521225 2.5664741 2.4614214 2.7599554 2.1624521 2.3610469 2.5067555 2.1311685 2.3186822 2.1939816 2.3402068 2.2143881 2.5532763 2.3147128 2.2198208 2.1736042 2.4607621 2.5338690 2.1006348 2.2389965 2.6012075 2.3232465 2.3184706 2.5302364 2.6828626 2.6810961 2.3176748 2.9013648 3.5522805 2.6547760 2.1158191 2.5287516 2.9194012 2.5266341 2.2881629 2.2403421 2.4921359 2.4225378 3.1291404 3.2025421 2.4610737 2.3457776 2.8895398 3.9794525 3.0752517 
Halamb_c50644_g1_i2mm.3576                             2.3741439 1.8913764 1.8574725 1.9300841 1.8162629 2.3209318 2.1666266 2.1549300 1.7285116 0.0000000 0.4260232 0.8833780 3.9472546 3.0838534 3.0838534 3.0647978 3.0647978 3.0766425 3.1021029 2.5411025 3.3977825 2.6182271 2.7496043 3.3282041 2.5568345 3.0316727 2.9097484 2.9356887 2.7655274 3.2205975 3.2871068 2.9448508 2.9674818 2.8833547 3.4442271 2.5959696 2.5221727 3.3022109 2.9470474 2.9874249 2.9652087 3.0490500 3.1061320 2.5444864 2.8767846 3.8046355 2.9925221 2.7193737 2.6750527 3.1368624 2.6916205 2.6773932 2.8463693 3.4527615 3.8139246 3.9925830 3.5695646 3.1561315 2.6674915 3.6428567 3.4559314 3.4239806 
Aque_Aqu2.1.44124_001                                  2.1311591 1.7174756 2.1006377 1.9127723 1.8022894 2.1881545 2.0386140 2.0720693 1.7967678 0.4260232 0.0000000 0.8816886 3.4167244 2.9856512 2.9856512 2.9583371 2.9583371 2.8426624 3.0058235 2.7589274 3.2139124 2.4423572 2.4810139 3.0987278 2.4584617 2.8540894 2.7252174 2.6444107 2.4402202 2.8189357 3.0586840 2.7843741 3.0028487 2.5906390 3.1408637 2.5452496 2.3655439 3.0679021 2.9308743 2.7779126 2.6038084 2.9316845 2.8718077 2.6006499 2.7654173 3.7758418 2.8482231 2.9018414 2.7713349 3.0931402 3.0071044 2.7148049 2.9414682 3.1419596 3.5572782 3.8771723 3.3666690 3.0859652 2.6389770 3.4820917 3.5295805 3.5622096 
Xestes_maker-XT_scaffold49053-augustus-gene-0.3-mRNA-1 0.0000010 0.0000010 3.4141585 2.2142329 1.9727002 2.1518959 2.1518959 1.9821709 2.1409069 0.8833780 0.8816886 0.0000000 3.0656859 3.3848755 3.3848755 3.1127547 3.1127547 2.5546029 2.9411974 2.1522800 2.9770889 2.0623085 2.1907862 2.5368656 1.7079331 2.9135057 2.8062518 3.2222727 1.6819748 3.0587782 3.0406227 2.9382179 2.9339538 2.2487733 3.8261872 2.4529040 2.6172101 2.9469308 2.4415842 3.5777269 2.9130458 2.4878623 2.5295874 2.4318766 2.0023229 3.8832993 3.1234418 1.8237170 2.5645582 0.0000010 0.0000010 2.1398583 2.6702116 2.1398583 2.6702116 2.6702116 2.1398583 1.7383280 2.2148719 3.1712979 2.6596370 2.7870197 
Clacor_Ccor_scaffold12648_01                           6.4144021 4.2761212 5.5603559 3.0982456 2.8740216 2.6922981 3.0290132 2.9585968 2.8926796 3.9472546 3.4167244 3.0656859 0.0000000 1.0713443 1.0713443 1.0713443 1.0713443 1.0838436 1.0114399 3.7277542 3.5737232 2.5313342 2.3527953 2.4974980 2.3929326 2.4269650 2.2835721 2.6699948 2.5849051 2.6475047 2.6404662 2.2615963 2.3742045 2.9687826 2.5468363 2.7654327 2.6246692 2.7362652 2.8322120 2.4325140 2.5406143 2.8738922 2.9583551 3.4071108 3.3389671 3.5943077 2.9354985 3.5075601 2.9095839 2.8646906 4.4142354 2.7153167 2.7153167 2.4383801 2.4383801 3.4804152 3.4804152 3.9721846 3.5192824 4.1566711 4.4063290 3.6551520 
Lcom_lcpid33467                                        3.2069199 2.9732772 2.7934541 2.7611319 2.5813622 2.8191391 2.6541002 2.7614428 2.5165790 3.0838534 2.9856512 3.3848755 1.0713443 0.0000000 0.0000010 0.0970418 0.0970418 0.4011807 0.3490738 2.8475380 3.5190892 2.0669097 1.8958650 1.7821135 1.7864137 2.1515748 2.0227529 2.1278676 1.8743568 2.2526037 2.1691842 2.0899007 2.0732153 2.4489663 2.0330177 2.4660034 2.4274079 2.1625980 2.1309290 2.2038598 2.5119116 2.4296409 2.3243017 2.8067848 2.5727064 3.0041104 2.3348442 2.7279872 2.6301545 2.2357660 2.2569510 2.1795170 2.1231306 2.8074381 2.7119696 3.2178355 3.3385243 2.8609041 2.8013200 3.5964794 3.5433606 3.4422394 
Lcom_lcpid43179                                        3.2069199 2.9732772 2.7934541 2.7611319 2.5813622 2.8191391 2.6541002 2.7614428 2.5165790 3.0838534 2.9856512 3.3848755 1.0713443 0.0000010 0.0000000 0.0970418 0.0970418 0.4011807 0.3490738 2.8475380 3.5190892 2.0669097 1.8958650 1.7821135 1.7864137 2.1515748 2.0227529 2.1278676 1.8743568 2.2526037 2.1691842 2.0899007 2.0732153 2.4489663 2.0330177 2.4660034 2.4274079 2.1625980 2.1309290 2.2038598 2.5119116 2.4296409 2.3243017 2.8067848 2.5727064 3.0041104 2.3348442 2.7279872 2.6301545 2.2357660 2.2569510 2.1795170 2.1231306 2.8074381 2.7119696 3.2178355 3.3385243 2.8609041 2.8013200 3.5964794 3.5433606 3.4422394 
Lcom_lcpid65332                                        3.2069199 2.9732772 2.7934541 2.5832720 2.4899023 2.7992213 2.6390598 2.6413007 2.4699516 3.0647978 2.9583371 3.1127547 1.0713443 0.0970418 0.0970418 0.0000000 0.0000010 0.3806245 0.3132518 2.7067586 3.2999198 1.9667691 1.8531453 1.7821135 1.7864137 2.0369550 1.8964108 2.0443162 1.8743568 2.1491623 2.1406915 2.0536684 2.0803594 2.4750641 1.9924405 2.4297833 2.3485144 2.1651948 2.1205329 2.0936989 2.4113597 2.3737915 2.1589360 2.7416122 2.4484884 2.8240126 2.2194194 2.7279872 2.4305256 2.2357660 2.2569510 2.1546165 2.1253144 2.7582067 2.7173318 3.2263095 3.2701726 2.8609041 2.6893450 3.4634013 3.5144339 3.2075460 
Lcom_lcpid61882                                        3.2069199 2.9732772 2.7934541 2.5832720 2.4899023 2.7992213 2.6390598 2.6413007 2.4699516 3.0647978 2.9583371 3.1127547 1.0713443 0.0970418 0.0970418 0.0000010 0.0000000 0.3806245 0.3132518 2.7067586 3.2999198 1.9667691 1.8531453 1.7821135 1.7864137 2.0369550 1.8964108 2.0443162 1.8743568 2.1491623 2.1406915 2.0536684 2.0803594 2.4750641 1.9924405 2.4297833 2.3485144 2.1651948 2.1205329 2.0936989 2.4113597 2.3737915 2.1589360 2.7416122 2.4484884 2.8240126 2.2194194 2.7279872 2.4305256 2.2357660 2.2569510 2.1546165 2.1253144 2.7582067 2.7173318 3.2263095 3.2701726 2.8609041 2.6893450 3.4634013 3.5144339 3.2075460 
Scil_scict001331.1                                     3.7183700 2.8201085 2.3492222 2.4722669 2.3827450 2.6883569 2.4717329 2.5072446 2.4521225 3.0766425 2.8426624 2.5546029 1.0838436 0.4011807 0.4011807 0.3806245 0.3806245 0.0000000 0.2655720 2.8474562 3.5049652 1.9978617 1.8752097 1.8476871 1.6575122 1.9944494 1.8573109 1.8770123 1.7584391 2.0139132 2.1377288 1.9600875 1.9936390 2.4749997 2.1386632 2.3940488 2.3753573 2.1417530 2.2177387 2.2004496 2.5224663 2.4671344 2.2879386 2.9470422 2.2560630 3.0946072 2.3738561 2.6723327 2.6182961 2.3240444 2.0943370 1.9650999 2.0163321 2.4554363 2.5641672 3.1495501 2.9812386 2.8491413 2.8409186 3.6131593 3.3945382 3.1499896 
Gracom_Gcom_scaffold6528_01                            3.1731562 2.7680650 2.7181560 2.5598338 2.4576324 2.7441425 2.5912143 2.5713395 2.5664741 3.1021029 3.0058235 2.9411974 1.0114399 0.3490738 0.3490738 0.3132518 0.3132518 0.2655720 0.0000000 2.8182907 3.4257159 2.0486622 1.8018088 1.8350614 1.7495376 2.0229865 1.8727242 1.9958271 1.8795686 2.1472417 2.1279529 1.9305379 1.9913355 2.3070651 1.9770042 2.4299482 2.2919844 2.0337889 2.0364561 2.0267218 2.5137424 2.4444546 2.2031760 2.7494379 2.3280418 3.0287050 2.2096432 2.6370336 2.5663559 2.3165228 1.9960341 2.0317107 2.0502879 2.7166813 2.7825967 3.3173938 3.2094400 2.8415907 2.9499880 3.6363368 3.6048964 3.1034845 
Ctel_gnl_WGS_AMQN_CAPTEDRAFT_mRNA208981                3.5761861 2.8469821 2.5578440 2.4153647 2.4018702 2.7947709 2.6005017 2.4747064 2.4614214 2.5411025 2.7589274 2.1522800 3.7277542 2.8475380 2.8475380 2.7067586 2.7067586 2.8474562 2.8182907 0.0000000 1.3196779 2.1136162 2.2062954 2.6627463 2.1758058 2.4761100 2.4476498 2.3584860 2.1687266 2.4838000 1.9625783 2.0057052 2.0525843 2.3379167 2.4508671 2.2523158 2.1845309 1.7992943 1.5750386 1.8194313 2.1360360 2.0360525 1.9218514 1.7458172 2.7061979 2.7160067 2.2938691 1.7342533 1.9062024 3.0184885 2.6825039 2.8045048 2.9321688 3.2082048 3.4395053 3.9048139 3.5829614 2.2748356 2.9109948 3.5307794 3.6951849 3.7932699 
Ctel_gnl_WGS_AMQN_CAPTEDRAFT_mRNA217264                4.2436431 3.5808821 3.2833022 2.9176381 2.9971848 2.9048164 2.8767608 3.0307969 2.7599554 3.3977825 3.2139124 2.9770889 3.5737232 3.5190892 3.5190892 3.2999198 3.2999198 3.5049652 3.4257159 1.3196779 0.0000000 2.6745005 2.8775231 2.9453082 2.6220326 2.8364076 2.7915349 2.8458445 3.0454049 3.3054703 2.8436588 2.7672587 2.6343978 2.8223650 2.8314491 3.0258611 2.7917945 2.6273646 2.3406471 2.3728199 2.2697089 2.6121406 2.4524001 1.9074017 2.7369485 3.2943652 2.8068595 2.4520787 1.9871190 2.9269849 3.4856612 3.5716289 3.6943967 3.9747762 4.1888488 4.9233373 4.6103043 2.5153089 3.5037998 3.4557397 4.5099770 4.6012151 
Nvec_v1g131752                                         2.9927942 2.4277058 1.6125608 2.2406254 2.2573789 2.6355209 2.3333599 2.3883229 2.1624521 2.6182271 2.4423572 2.0623085 2.5313342 2.0669097 2.0669097 1.9667691 1.9667691 1.9978617 2.0486622 2.1136162 2.6745005 0.0000000 0.6224884 0.9948583 0.7187659 0.9269282 0.9681436 0.9023854 0.8768298 1.0767244 1.6499353 1.6339777 1.5384033 1.8296333 1.6596485 1.7017221 1.6554454 1.6851247 1.5844754 1.6706111 1.8721829 1.9757506 2.0657302 2.1316255 2.0049682 2.3958158 2.0653593 2.0817810 1.8910077 2.2593407 1.9672372 1.8356771 1.9023915 2.2124154 2.3455005 2.5076965 2.3393247 2.4574054 2.6176355 2.9350019 3.0596048 2.8061921 
Exapal_XM_021057576.2                                  3.8387625 2.4989855 1.5183856 2.2618543 2.2619217 2.6814869 2.3278953 2.4077381 2.3610469 2.7496043 2.4810139 2.1907862 2.3527953 1.8958650 1.8958650 1.8531453 1.8531453 1.8752097 1.8018088 2.2062954 2.8775231 0.6224884 0.0000000 0.9571673 0.7251364 1.0110640 1.0062480 0.9451996 0.9446059 1.1008763 1.9363463 1.7888713 1.6824271 1.6386625 1.7259378 1.7647618 1.7872480 1.6669979 1.6008737 1.8804059 1.8799122 2.0037229 2.0929880 2.4404741 2.0590173 2.0811514 2.0974494 1.9683594 2.1091079 2.6086949 2.2393185 2.0126783 2.1811158 2.3344537 2.6380077 3.1186883 2.6918289 2.3911537 2.4889425 3.1322919 3.2273016 3.0181647 
Gasp_gasp1.m3.9790.m1                                  3.2576633 2.9685872 2.5394080 2.4129419 2.5537696 2.4204869 2.5365814 2.6386495 2.5067555 3.3282041 3.0987278 2.5368656 2.4974980 1.7821135 1.7821135 1.7821135 1.7821135 1.8476871 1.8350614 2.6627463 2.9453082 0.9948583 0.9571673 0.0000000 0.3023172 0.4090192 0.4482981 0.4031010 0.4947254 0.4678600 1.8023818 1.7687751 1.7734975 2.2206939 1.8720408 1.8425412 1.7447569 1.8932785 1.7632888 1.9823810 2.0708606 2.5672834 2.0146786 2.5042247 2.2871861 2.3459636 2.2166302 2.7595195 2.1316751 2.4224311 2.9536659 2.1839775 2.1839775 2.2069086 2.2069086 2.6383368 2.6383368 2.7566587 2.5699370 3.5883801 3.1988623 2.8496113 
Fspp_ffun1.m4.4409.m1                                  3.1151520 2.3791305 1.7943253 2.1036612 2.1227231 2.3824532 2.1048509 2.2029029 2.1311685 2.5568345 2.4584617 1.7079331 2.3929326 1.7864137 1.7864137 1.7864137 1.7864137 1.6575122 1.7495376 2.1758058 2.6220326 0.7187659 0.7251364 0.3023172 0.0000000 0.2346967 0.2432861 0.2570583 0.3944821 0.3957488 1.5957541 1.3756241 1.3814078 1.7399496 1.6490663 1.5668007 1.4368667 1.5306625 1.5438602 1.5911784 1.7447662 2.1342859 1.9487091 2.0749028 1.9689205 2.1193404 2.0434514 2.2159264 1.9960237 2.5558617 2.2062302 1.8114857 1.8114857 1.9947229 1.9947229 2.5661383 2.5661383 2.5913296 2.3954631 3.4168759 3.2570319 2.9484094 
Pocdam_XM_027198658.1                                  3.3091245 2.2834319 1.7745613 2.2593699 2.3232523 2.5693946 2.3532758 2.4339619 2.3186822 3.0316727 2.8540894 2.9135057 2.4269650 2.1515748 2.1515748 2.0369550 2.0369550 1.9944494 2.0229865 2.4761100 2.8364076 0.9269282 1.0110640 0.4090192 0.2346967 0.0000000 0.1097298 0.3807986 0.4726337 0.4882626 1.7930790 1.6574804 1.6895088 1.8223834 1.9144577 1.8634027 1.8102257 1.6593923 1.4489205 1.8589463 2.0776197 2.2246571 1.9636284 2.3307167 2.0292380 2.6020669 2.1543353 2.2669631 2.1139751 2.6311900 2.1391004 2.0402421 2.1069086 2.4048926 2.5385128 3.0948350 2.8874540 2.7907718 2.6091193 3.4956925 3.3179929 3.1429512 
Spis_XP_022799821_1                                    3.1918540 2.2707802 1.7909806 2.3467356 2.2970345 2.6052348 2.3567991 2.4213983 2.1939816 2.9097484 2.7252174 2.8062518 2.2835721 2.0227529 2.0227529 1.8964108 1.8964108 1.8573109 1.8727242 2.4476498 2.7915349 0.9681436 1.0062480 0.4482981 0.2432861 0.1097298 0.0000000 0.3995850 0.4627065 0.4929091 1.7130273 1.6679821 1.6702011 1.8056369 1.9388615 1.7985250 1.8002709 1.7498842 1.4763172 1.8766861 1.9318893 2.2195165 1.9534397 2.2504542 2.0337053 2.6046008 2.2251634 2.1745717 2.0472816 2.4555253 2.1554049 1.9748535 2.0965262 2.3372741 2.5690863 3.1087443 2.7734975 2.7671589 2.5147059 3.4804129 3.3031433 3.1358170 
Gfas_gfas1.m1.671.m1                                   3.1391697 2.2465023 1.8385770 2.5510614 2.6135818 2.8582064 2.5493618 2.6851056 2.3402068 2.9356887 2.6444107 3.2222727 2.6699948 2.1278676 2.1278676 2.0443162 2.0443162 1.8770123 1.9958271 2.3584860 2.8458445 0.9023854 0.9451996 0.4031010 0.2570583 0.3807986 0.3995850 0.0000000 0.2334290 0.2657290 1.7666739 1.6342629 1.6335396 1.8329173 1.9743312 1.7602031 1.7658156 1.6017896 1.5801268 1.8721750 1.9308107 2.2159303 1.9711206 2.3079965 1.9952417 2.5900394 2.0577924 2.3990829 2.1390042 2.5999445 2.1111016 2.0253874 2.1590888 2.3737493 2.6240495 2.9732561 2.6461271 2.6488872 2.7729785 3.5406642 3.2728944 3.1635258 
Adig_XM_015901074.1                                    3.7668351 2.4675595 1.7127490 2.3324924 2.3455414 2.7521586 2.4879925 2.5772859 2.2143881 2.7655274 2.4402202 1.6819748 2.5849051 1.8743568 1.8743568 1.8743568 1.8743568 1.7584391 1.8795686 2.1687266 3.0454049 0.8768298 0.9446059 0.4947254 0.3944821 0.4726337 0.4627065 0.2334290 0.0000000 0.0082438 1.6006340 1.4754306 1.4430771 1.8131621 1.8734092 1.7214923 1.5511313 1.5478457 1.6748221 1.6726755 1.9293432 2.4004585 1.9648220 2.1837763 2.0796747 2.2972406 2.0723961 2.3336180 2.0123742 2.5191874 2.1453270 1.8454866 1.8454866 2.3596946 2.3596946 2.7398206 2.7398206 2.7029114 2.7507846 3.5348730 3.0226581 2.8838807 
Amil_Amillepora23347-RA                                3.7668351 2.4753007 1.8706804 2.6903809 2.7077375 3.0989565 2.8208602 2.9848991 2.5532763 3.2205975 2.8189357 3.0587782 2.6475047 2.2526037 2.2526037 2.1491623 2.1491623 2.0139132 2.1472417 2.4838000 3.3054703 1.0767244 1.1008763 0.4678600 0.3957488 0.4882626 0.4929091 0.2657290 0.0082438 0.0000000 1.8391072 1.7729292 1.7268470 1.9163879 2.1171977 1.9448741 1.8658650 1.7051748 1.6762564 2.1001913 2.1100540 2.3918054 2.0852402 2.4658752 2.0764306 2.6461812 2.3165354 2.3844912 2.2281756 2.5122945 2.1435733 2.0436812 2.2145319 2.5358855 2.8806221 3.2631350 2.8185808 2.7001398 2.8997982 3.7440495 2.9732846 2.9838185 
Sanmal_Sma_007792-T1                                   3.6348903 2.5999928 2.2732649 2.4978149 2.4537226 2.6614163 2.4235729 2.6774920 2.3147128 3.2871068 3.0586840 3.0406227 2.6404662 2.1691842 2.1691842 2.1406915 2.1406915 2.1377288 2.1279529 1.9625783 2.8436588 1.6499353 1.9363463 1.8023818 1.5957541 1.7930790 1.7130273 1.7666739 1.6006340 1.8391072 0.0000000 0.7192049 0.6624495 1.4635101 1.6672295 2.2661533 2.0923955 1.9027887 1.8772487 1.9240522 2.0680898 2.3487744 2.0696600 2.2472011 2.2982155 2.8406747 1.8613175 2.2007325 2.3801875 2.5566540 2.3338638 2.0210783 2.1442791 2.1845504 2.3887407 3.0564600 2.7406693 2.1514171 2.7294062 3.4529232 3.3058882 2.8971387 
Rhoesc_Res_012104-T1                                   3.9209298 2.5252097 1.8531417 2.1972981 2.1485515 2.5049398 2.3029130 2.4116126 2.2198208 2.9448508 2.7843741 2.9382179 2.2615963 2.0899007 2.0899007 2.0536684 2.0536684 1.9600875 1.9305379 2.0057052 2.7672587 1.6339777 1.7888713 1.7687751 1.3756241 1.6574804 1.6679821 1.6342629 1.4754306 1.7729292 0.7192049 0.0000000 0.2609743 1.2803546 1.5717119 2.1117837 1.9712677 1.8358859 1.7519454 1.7200902 2.0797937 2.1563496 2.0721714 2.5586631 2.0841375 2.7486439 1.7860186 2.3034904 2.3867122 2.9102179 2.0987710 1.9701895 2.0178060 2.2114078 2.2966865 2.7087832 2.5818908 2.2619131 2.9328020 3.0038026 3.0468445 2.6670820 
Nemnom_g1813.t1                                        3.6421847 2.5533091 1.7530680 2.3371471 2.3387618 2.6581245 2.3781340 2.4704835 2.1736042 2.9674818 3.0028487 2.9339538 2.3742045 2.0732153 2.0732153 2.0803594 2.0803594 1.9936390 1.9913355 2.0525843 2.6343978 1.5384033 1.6824271 1.7734975 1.3814078 1.6895088 1.6702011 1.6335396 1.4430771 1.7268470 0.6624495 0.2609743 0.0000000 1.2321033 1.5741934 2.0369500 2.0122732 1.7120132 1.6181101 1.7906200 2.0608795 2.0711330 1.9806055 2.4661008 2.1730660 2.5466752 1.8580670 2.1973937 2.4508696 2.5433814 1.9940333 1.8318431 1.8825060 2.2061444 2.3050757 2.6428534 2.5014653 2.1718459 2.6620322 2.6698289 3.0039592 2.6187975 
Morvir_scaffold74.g43.t1                               3.0624567 2.4853515 2.1276970 2.4623550 2.5467867 2.8916000 2.5516333 2.7222227 2.4607621 2.8833547 2.5906390 2.2487733 2.9687826 2.4489663 2.4489663 2.4750641 2.4750641 2.4749997 2.3070651 2.3379167 2.8223650 1.8296333 1.6386625 2.2206939 1.7399496 1.8223834 1.8056369 1.8329173 1.8131621 1.9163879 1.4635101 1.2803546 1.2321033 0.0000000 1.5870730 2.2918565 2.0644145 2.0886403 1.9828196 2.0908961 2.1341997 2.3859470 2.0416131 2.3639008 2.2350149 2.5437111 1.7785744 2.4046176 2.5513064 2.4892336 2.0260932 2.0040486 2.0551643 2.6735546 2.7778088 2.8813397 2.7604874 2.4528617 2.6174963 2.7642906 3.4742014 3.0727368 
Morvir_scaffold125.g49.t1                              3.8485466 2.9538051 2.3561104 2.3951647 2.3608417 2.8521711 2.6464788 2.5087145 2.5338690 3.4442271 3.1408637 3.8261872 2.5468363 2.0330177 2.0330177 1.9924405 1.9924405 2.1386632 1.9770042 2.4508671 2.8314491 1.6596485 1.7259378 1.8720408 1.6490663 1.9144577 1.9388615 1.9743312 1.8734092 2.1171977 1.6672295 1.5717119 1.5741934 1.5870730 0.0000000 2.3028765 2.2234287 2.0530941 1.9604944 1.7153034 2.3006025 2.0505067 2.1598586 2.5153702 2.0444597 2.4180470 2.0111492 2.2260273 2.4941041 2.0867730 1.9562192 1.9997885 2.0052789 2.4467260 2.4720025 2.8655471 2.8174496 2.1148402 2.6655255 2.9392444 2.6424759 2.8105669 
Xesp_000179-T1                                         2.7448466 2.2799560 1.9764230 2.4320443 2.3287185 2.8652840 2.5562736 2.4014703 2.1006348 2.5959696 2.5452496 2.4529040 2.7654327 2.4660034 2.4660034 2.4297833 2.4297833 2.3940488 2.4299482 2.2523158 3.0258611 1.7017221 1.7647618 1.8425412 1.5668007 1.8634027 1.7985250 1.7602031 1.7214923 1.9448741 2.2661533 2.1117837 2.0369500 2.2918565 2.3028765 0.0000000 0.9182342 2.1684523 1.9942111 2.2518840 2.3410489 2.2601573 2.4490663 2.6604763 2.3752413 2.7308021 2.3556964 2.0294939 2.1213157 3.5044928 2.6444205 2.7066279 2.7992657 3.1868148 3.3685252 3.7243804 3.4825660 2.3655992 3.0139590 3.2607015 3.5610793 3.4713924 
Dgig_XM_028550524.1                                    2.8586123 2.3857256 1.8447403 2.2325025 2.0692524 2.7328932 2.3520796 2.2023234 2.2389965 2.5221727 2.3655439 2.6172101 2.6246692 2.4274079 2.4274079 2.3485144 2.3485144 2.3753573 2.2919844 2.1845309 2.7917945 1.6554454 1.7872480 1.7447569 1.4368667 1.8102257 1.8002709 1.7658156 1.5511313 1.8658650 2.0923955 1.9712677 2.0122732 2.0644145 2.2234287 0.9182342 0.0000000 2.0508584 1.9100520 2.2511985 2.2907870 2.2221220 2.3668639 2.4619775 2.1931016 2.9195523 2.3850918 2.1726782 2.2165963 3.0747158 2.4832317 2.5415987 2.6382678 2.9946658 3.1817019 3.6007144 3.3401850 2.4350082 2.6300845 3.0041690 3.2152223 3.1536516 
Skow_XM_006816139.1                                    4.3461640 2.8764073 2.0055153 2.5330461 2.5499947 2.6466691 2.3844008 2.4453884 2.6012075 3.3022109 3.0679021 2.9469308 2.7362652 2.1625980 2.1625980 2.1651948 2.1651948 2.1417530 2.0337889 1.7992943 2.6273646 1.6851247 1.6669979 1.8932785 1.5306625 1.6593923 1.7498842 1.6017896 1.5478457 1.7051748 1.9027887 1.8358859 1.7120132 2.0886403 2.0530941 2.1684523 2.0508584 0.0000000 0.2857411 1.6242821 1.9154128 1.8909439 1.6447724 2.2504497 2.4609632 3.3499358 2.0783088 2.2207063 2.0315196 2.9442804 2.5414775 2.3235697 2.3439389 2.6854234 2.7363764 3.1133301 3.0283889 2.5356541 3.2006829 3.3782155 3.5972031 3.5224388 
Skow_XM_006816143.1                                    3.5383882 2.7710461 2.7770066 2.5093069 2.4776639 2.4356261 2.3238015 2.3250721 2.3232465 2.9470474 2.9308743 2.4415842 2.8322120 2.1309290 2.1309290 2.1205329 2.1205329 2.2177387 2.0364561 1.5750386 2.3406471 1.5844754 1.6008737 1.7632888 1.5438602 1.4489205 1.4763172 1.5801268 1.6748221 1.6762564 1.8772487 1.7519454 1.6181101 1.9828196 1.9604944 1.9942111 1.9100520 0.2857411 0.0000000 1.4720996 1.7555296 1.7145928 1.5689921 2.0789946 2.4062908 2.9805765 1.8967945 2.0459761 1.7043770 2.5918388 2.4410456 2.1533222 2.1996568 2.5560442 2.6317011 2.9282192 2.8405459 2.3580508 2.9959441 3.1081178 3.8085964 3.4726904 
Hsap_ENST00000295962                                   3.1089960 2.8022842 1.7553516 2.4047200 2.4093507 2.8055129 2.4533958 2.4243009 2.3184706 2.9874249 2.7779126 3.5777269 2.4325140 2.2038598 2.2038598 2.0936989 2.0936989 2.2004496 2.0267218 1.8194313 2.3728199 1.6706111 1.8804059 1.9823810 1.5911784 1.8589463 1.8766861 1.8721750 1.6726755 2.1001913 1.9240522 1.7200902 1.7906200 2.0908961 1.7153034 2.2518840 2.2511985 1.6242821 1.4720996 0.0000000 1.6325429 1.9233890 1.8200359 2.0499738 2.4723059 2.6877297 2.1632174 1.9479505 1.6620165 2.1116422 2.0213667 2.2297798 2.2574454 2.8129569 2.8866381 3.6484507 3.5183897 2.1411563 2.6420462 3.4914480 3.5802001 3.6751361 
Bralan_BLAG01001057_1                                  4.1106378 2.9788722 2.7535405 2.6665261 2.6757615 3.0923490 2.7314552 2.7980653 2.5302364 2.9652087 2.6038084 2.9130458 2.5406143 2.5119116 2.5119116 2.4113597 2.4113597 2.5224663 2.5137424 2.1360360 2.2697089 1.8721829 1.8799122 2.0708606 1.7447662 2.0776197 1.9318893 1.9308107 1.9293432 2.1100540 2.0680898 2.0797937 2.0608795 2.1341997 2.3006025 2.3410489 2.2907870 1.9154128 1.7555296 1.6325429 0.0000000 1.3838587 1.7068880 2.0457639 2.2014278 3.0219981 2.2414569 2.0087308 1.7823118 2.3086431 2.6262640 2.5004513 2.5704492 2.9642162 3.1026052 4.0338932 3.7768946 2.3552777 2.9683839 3.6729075 3.9830043 3.4959958 
Bralan_BLAG01001059_1                                  3.9484785 3.1665827 2.6054884 2.6406790 2.6191653 3.1474917 2.8168841 2.8485327 2.6828626 3.0490500 2.9316845 2.4878623 2.8738922 2.4296409 2.4296409 2.3737915 2.3737915 2.4671344 2.4444546 2.0360525 2.6121406 1.9757506 2.0037229 2.5672834 2.1342859 2.2246571 2.2195165 2.2159303 2.4004585 2.3918054 2.3487744 2.1563496 2.0711330 2.3859470 2.0505067 2.2601573 2.2221220 1.8909439 1.7145928 1.9233890 1.3838587 0.0000000 1.7677369 2.1153857 2.2813271 2.8209641 2.0606974 1.8956812 2.0454309 2.7543039 2.5915848 2.4197789 2.5561120 2.8468401 3.0930205 3.4204091 3.0983835 2.2780442 2.7038705 3.4575323 3.8228840 3.4879221 
Bralan_BLAG08000502_2                                  3.5452761 3.1031018 3.0458789 2.5597143 2.5065830 2.6980011 2.5976376 2.9364035 2.6810961 3.1061320 2.8718077 2.5295874 2.9583551 2.3243017 2.3243017 2.1589360 2.1589360 2.2879386 2.2031760 1.9218514 2.4524001 2.0657302 2.0929880 2.0146786 1.9487091 1.9636284 1.9534397 1.9711206 1.9648220 2.0852402 2.0696600 2.0721714 1.9806055 2.0416131 2.1598586 2.4490663 2.3668639 1.6447724 1.5689921 1.8200359 1.7068880 1.7677369 0.0000000 2.1806266 2.4646391 2.6952725 2.1044515 2.2271426 1.9808711 2.6858706 2.2449895 2.4030740 2.5291765 3.3141926 3.6122269 3.9776152 3.5911521 2.4259138 2.9127400 3.3786761 3.4925105 3.6582213 
Cgig_XM_011418438.3                                    2.4378492 2.9864336 2.4789414 2.6252344 2.5417305 2.8639642 2.7055637 2.7528228 2.3176748 2.5444864 2.6006499 2.4318766 3.4071108 2.8067848 2.8067848 2.7416122 2.7416122 2.9470422 2.7494379 1.7458172 1.9074017 2.1316255 2.4404741 2.5042247 2.0749028 2.3307167 2.2504542 2.3079965 2.1837763 2.4658752 2.2472011 2.5586631 2.4661008 2.3639008 2.5153702 2.6604763 2.4619775 2.2504497 2.0789946 2.0499738 2.0457639 2.1153857 2.1806266 0.0000000 2.5577969 2.8979648 2.3027926 1.7573849 1.6006222 2.5681108 2.5312189 2.8276188 2.8337486 3.7610081 3.8123948 4.2029771 4.1220241 2.2018018 3.0346277 3.4725823 3.1471338 3.4683953 
Chem_TCONS_00010778                                    4.7128400 2.8608280 2.3633014 2.6685320 2.6552874 3.0414460 2.8017347 2.8764243 2.9013648 2.8767846 2.7654173 2.0023229 3.3389671 2.5727064 2.5727064 2.4484884 2.4484884 2.2560630 2.3280418 2.7061979 2.7369485 2.0049682 2.0590173 2.2871861 1.9689205 2.0292380 2.0337053 1.9952417 2.0796747 2.0764306 2.2982155 2.0841375 2.1730660 2.2350149 2.0444597 2.3752413 2.1931016 2.4609632 2.4062908 2.4723059 2.2014278 2.2813271 2.4646391 2.5577969 0.0000000 1.5072979 1.5464272 2.5017509 2.1024475 3.2913062 2.5259384 2.2294965 2.2710739 2.8417723 2.9362317 2.5859713 2.5010349 2.7465053 2.8923037 3.4656774 2.8877161 3.3036492 
Chem_TCONS_00049023                                    4.7254773 3.7967464 3.4796625 3.3075491 3.2775567 3.7300526 3.6081799 3.6461389 3.5522805 3.8046355 3.7758418 3.8832993 3.5943077 3.0041104 3.0041104 2.8240126 2.8240126 3.0946072 3.0287050 2.7160067 3.2943652 2.3958158 2.0811514 2.3459636 2.1193404 2.6020669 2.6046008 2.5900394 2.2972406 2.6461812 2.8406747 2.7486439 2.5466752 2.5437111 2.4180470 2.7308021 2.9195523 3.3499358 2.9805765 2.6877297 3.0219981 2.8209641 2.6952725 2.8979648 1.5072979 0.0000000 1.9952488 2.9113115 2.5949349 3.1647808 2.8843226 2.9570814 3.0569765 3.7476372 3.9730693 4.4227709 4.1042049 3.0730291 3.4611449 4.0503781 3.6945409 3.8516511 
Chem_TCONS_00055496                                    3.8823283 2.4389252 2.4960020 2.8200154 2.9125687 2.9674735 2.7432200 2.8588477 2.6547760 2.9925221 2.8482231 3.1234418 2.9354985 2.3348442 2.3348442 2.2194194 2.2194194 2.3738561 2.2096432 2.2938691 2.8068595 2.0653593 2.0974494 2.2166302 2.0434514 2.1543353 2.2251634 2.0577924 2.0723961 2.3165354 1.8613175 1.7860186 1.8580670 1.7785744 2.0111492 2.3556964 2.3850918 2.0783088 1.8967945 2.1632174 2.2414569 2.0606974 2.1044515 2.3027926 1.5464272 1.9952488 0.0000000 2.1141305 2.1287693 2.4412015 2.4499903 2.1492122 2.2265764 2.4759816 2.6105194 2.8776003 2.6981949 2.6124907 3.0226814 3.3305590 3.4533232 3.3192546 
Ctel_gnl_WGS_AMQN_CAPTEDRAFT_mRNA224195                2.7136980 2.8438358 2.4682656 2.3231263 2.2023950 2.6429226 2.5394687 2.5227841 2.1158191 2.7193737 2.9018414 1.8237170 3.5075601 2.7279872 2.7279872 2.7279872 2.7279872 2.6723327 2.6370336 1.7342533 2.4520787 2.0817810 1.9683594 2.7595195 2.2159264 2.2669631 2.1745717 2.3990829 2.3336180 2.3844912 2.2007325 2.3034904 2.1973937 2.4046176 2.2260273 2.0294939 2.1726782 2.2207063 2.0459761 1.9479505 2.0087308 1.8956812 2.2271426 1.7573849 2.5017509 2.9113115 2.1141305 0.0000000 1.4760423 2.8858784 2.6868681 2.4751804 2.4989429 2.7297906 2.7700141 3.4490787 3.3955955 2.1722607 2.5498901 3.0711496 3.1099605 2.9495430 
Acagra_model.g11341.t1                                 3.2156240 3.2091848 2.6001494 2.2823164 2.4485494 2.4565349 2.5068507 2.4426430 2.5287516 2.6750527 2.7713349 2.5645582 2.9095839 2.6301545 2.6301545 2.4305256 2.4305256 2.6182961 2.5663559 1.9062024 1.9871190 1.8910077 2.1091079 2.1316751 1.9960237 2.1139751 2.0472816 2.1390042 2.0123742 2.2281756 2.3801875 2.3867122 2.4508696 2.5513064 2.4941041 2.1213157 2.2165963 2.0315196 1.7043770 1.6620165 1.7823118 2.0454309 1.9808711 1.6006222 2.1024475 2.5949349 2.1287693 1.4760423 0.0000000 2.3616232 2.8373435 2.4104542 2.5350048 2.7254079 2.9171954 2.9286631 2.6984512 2.1397221 2.9333003 2.8567286 3.4261557 3.0116308 
Opea_EP00118_Oscarella_pearsei_P007018                 2.7715978 3.3602816 6.4677146 3.7091909 3.7074431 3.0458487 3.3570008 3.5031062 2.9194012 3.1368624 3.0931402 0.0000010 2.8646906 2.2357660 2.2357660 2.2357660 2.2357660 2.3240444 2.3165228 3.0184885 2.9269849 2.2593407 2.6086949 2.4224311 2.5558617 2.6311900 2.4555253 2.5999445 2.5191874 2.5122945 2.5566540 2.9102179 2.5433814 2.4892336 2.0867730 3.5044928 3.0747158 2.9442804 2.5918388 2.1116422 2.3086431 2.7543039 2.6858706 2.5681108 3.2913062 3.1647808 2.4412015 2.8858784 2.3616232 0.0000000 0.2841386 0.1770810 0.1770810 1.0062531 1.0062531 3.7084039 3.7084039 3.0951907 2.6280156 4.7424299 3.9829043 4.4934479 
Ocar_g10720                                            3.0560345 2.7436125 2.4048196 3.0083822 3.1969850 4.2221972 3.3182228 3.4917255 2.5266341 2.6916205 3.0071044 0.0000010 4.4142354 2.2569510 2.2569510 2.2569510 2.2569510 2.0943370 1.9960341 2.6825039 3.4856612 1.9672372 2.2393185 2.9536659 2.2062302 2.1391004 2.1554049 2.1111016 2.1453270 2.1435733 2.3338638 2.0987710 1.9940333 2.0260932 1.9562192 2.6444205 2.4832317 2.5414775 2.4410456 2.0213667 2.6262640 2.5915848 2.2449895 2.5312189 2.5259384 2.8843226 2.4499903 2.6868681 2.8373435 0.2841386 0.0000000 0.0069767 0.0069767 3.4472971 3.4472971 3.0064118 3.0064118 2.9942661 2.8481248 4.5002930 3.9598010 4.6029132 
Opea_EP00118_Oscarella_pearsei_P007015                 3.2133203 2.7905668 2.5407896 2.6354514 2.6354200 2.9276649 2.7706209 2.8265472 2.2881629 2.6773932 2.7148049 2.1398583 2.7153167 2.1795170 2.1795170 2.1546165 2.1546165 1.9650999 2.0317107 2.8045048 3.5716289 1.8356771 2.0126783 2.1839775 1.8114857 2.0402421 1.9748535 2.0253874 1.8454866 2.0436812 2.0210783 1.9701895 1.8318431 2.0040486 1.9997885 2.7066279 2.5415987 2.3235697 2.1533222 2.2297798 2.5004513 2.4197789 2.4030740 2.8276188 2.2294965 2.9570814 2.1492122 2.4751804 2.4104542 0.1770810 0.0069767 0.0000000 0.0746477 0.2832570 0.5139780 0.8539653 0.5041423 2.6934322 2.5459535 3.6628394 3.6203822 3.4992362 
Opea_EP00118_Oscarella_pearsei_P007021                 3.2133203 2.7905668 2.5407896 2.6988354 2.7548946 2.9958920 2.8211614 2.9025344 2.2403421 2.8463693 2.9414682 2.6702116 2.7153167 2.1231306 2.1231306 2.1253144 2.1253144 2.0163321 2.0502879 2.9321688 3.6943967 1.9023915 2.1811158 2.1839775 1.8114857 2.1069086 2.0965262 2.1590888 1.8454866 2.2145319 2.1442791 2.0178060 1.8825060 2.0551643 2.0052789 2.7992657 2.6382678 2.3439389 2.1996568 2.2574454 2.5704492 2.5561120 2.5291765 2.8337486 2.2710739 3.0569765 2.2265764 2.4989429 2.5350048 0.1770810 0.0069767 0.0746477 0.0000000 0.5139780 0.3008924 0.5383793 0.8539653 2.7207150 2.6651308 3.7236242 3.5847382 3.5718802 
Opea_EP00118_Oscarella_pearsei_P007016                 7.7666999 3.9477967 2.6799408 2.7484600 2.7170413 2.8698887 2.8373230 2.8829824 2.4921359 3.4527615 3.1419596 2.1398583 2.4383801 2.8074381 2.8074381 2.7582067 2.7582067 2.4554363 2.7166813 3.2082048 3.9747762 2.2124154 2.3344537 2.2069086 1.9947229 2.4048926 2.3372741 2.3737493 2.3596946 2.5358855 2.1845504 2.2114078 2.2061444 2.6735546 2.4467260 3.1868148 2.9946658 2.6854234 2.5560442 2.8129569 2.9642162 2.8468401 3.3141926 3.7610081 2.8417723 3.7476372 2.4759816 2.7297906 2.7254079 1.0062531 3.4472971 0.2832570 0.5139780 0.0000000 0.1103928 0.5875046 0.2589275 3.2951956 2.7699882 3.8267968 4.3948630 3.7609502 
Opea_EP00118_Oscarella_pearsei_P007020                 7.7666999 3.9477967 2.6799408 2.8505615 2.9015661 2.9518459 2.9151370 2.9973000 2.4225378 3.8139246 3.5572782 2.6702116 2.4383801 2.7119696 2.7119696 2.7173318 2.7173318 2.5641672 2.7825967 3.4395053 4.1888488 2.3455005 2.6380077 2.2069086 1.9947229 2.5385128 2.5690863 2.6240495 2.3596946 2.8806221 2.3887407 2.2966865 2.3050757 2.7778088 2.4720025 3.3685252 3.1817019 2.7363764 2.6317011 2.8866381 3.1026052 3.0930205 3.6122269 3.8123948 2.9362317 3.9730693 2.6105194 2.7700141 2.9171954 1.0062531 3.4472971 0.5139780 0.3008924 0.1103928 0.0000000 0.2813084 0.5875046 3.3477680 2.9686780 3.9316776 4.3127537 3.8881879 
Opea_EP00118_Oscarella_pearsei_P007017                 4.1148097 6.2416588 4.7832705 3.7070948 3.9437089 3.6480075 3.9723971 3.7358746 3.1291404 3.9925830 3.8771723 2.6702116 3.4804152 3.2178355 3.2178355 3.2263095 3.2263095 3.1495501 3.3173938 3.9048139 4.9233373 2.5076965 3.1186883 2.6383368 2.5661383 3.0948350 3.1087443 2.9732561 2.7398206 3.2631350 3.0564600 2.7087832 2.6428534 2.8813397 2.8655471 3.7243804 3.6007144 3.1133301 2.9282192 3.6484507 4.0338932 3.4204091 3.9776152 4.2029771 2.5859713 4.4227709 2.8776003 3.4490787 2.9286631 3.7084039 3.0064118 0.8539653 0.5383793 0.5875046 0.2813084 0.0000000 0.1236397 3.0388389 4.3654007 4.3605761 4.8307337 4.4943413 
Opea_EP00118_Oscarella_pearsei_P007019                 4.1148097 6.2416588 4.7832705 3.5148982 3.6040916 3.4922302 3.8069862 3.5526197 3.2025421 3.5695646 3.3666690 2.1398583 3.4804152 3.3385243 3.3385243 3.2701726 3.2701726 2.9812386 3.2094400 3.5829614 4.6103043 2.3393247 2.6918289 2.6383368 2.5661383 2.8874540 2.7734975 2.6461271 2.7398206 2.8185808 2.7406693 2.5818908 2.5014653 2.7604874 2.8174496 3.4825660 3.3401850 3.0283889 2.8405459 3.5183897 3.7768946 3.0983835 3.5911521 4.1220241 2.5010349 4.1042049 2.6981949 3.3955955 2.6984512 3.7084039 3.0064118 0.5041423 0.8539653 0.2589275 0.5875046 0.1236397 0.0000000 2.9840891 3.9742723 4.2167250 4.9445051 4.3111998 
Ctel_gnl_WGS_AMQN_CAPTEDRAFT_mRNA224198                3.8813189 3.5172244 2.9487554 2.7241367 2.7131391 3.3278661 3.1113796 3.0386564 2.4610737 3.1561315 3.0859652 1.7383280 3.9721846 2.8609041 2.8609041 2.8609041 2.8609041 2.8491413 2.8415907 2.2748356 2.5153089 2.4574054 2.3911537 2.7566587 2.5913296 2.7907718 2.7671589 2.6488872 2.7029114 2.7001398 2.1514171 2.2619131 2.1718459 2.4528617 2.1148402 2.3655992 2.4350082 2.5356541 2.3580508 2.1411563 2.3552777 2.2780442 2.4259138 2.2018018 2.7465053 3.0730291 2.6124907 2.1722607 2.1397221 3.0951907 2.9942661 2.6934322 2.7207150 3.2951956 3.3477680 3.0388389 2.9840891 0.0000000 2.5965320 3.1550952 3.8513335 3.5961750 
Plespi_Pspi_scaffold5401_01                            3.7014530 3.0645985 2.5028126 2.1448003 2.0451445 2.4875292 2.3170317 2.2732281 2.3457776 2.6674915 2.6389770 2.2148719 3.5192824 2.8013200 2.8013200 2.6893450 2.6893450 2.8409186 2.9499880 2.9109948 3.5037998 2.6176355 2.4889425 2.5699370 2.3954631 2.6091193 2.5147059 2.7729785 2.7507846 2.8997982 2.7294062 2.9328020 2.6620322 2.6174963 2.6655255 3.0139590 2.6300845 3.2006829 2.9959441 2.6420462 2.9683839 2.7038705 2.9127400 3.0346277 2.8923037 3.4611449 3.0226814 2.5498901 2.9333003 2.6280156 2.8481248 2.5459535 2.6651308 2.7699882 2.9686780 4.3654007 3.9742723 2.5965320 0.0000000 3.3637950 3.5246412 3.3156479 
