105
Spolac_c101211_g1_i1_m.24870c101211-g1                  0.0000000 0.2549181 0.1188121 0.0000010 1.2837801 0.0000010 1.4705483 0.0000010 1.3544787 0.0000010 0.2296222 1.9309770 1.3579477 1.3388594 0.7968301 9.0000000 0.9166431 1.9276276 1.4152718 1.8151793 1.4715290 1.4801983 2.7062031 2.6160653 2.5864970 0.0000010 3.2678321 3.1706738 3.1706738 3.1706738 3.1706738 3.0703398 0.0000010 2.7141626 3.3356265 2.3534705 3.1658757 3.1596892 3.7473126 4.6529928 4.4799236 3.2471358 0.0000010 0.0000010 2.1847149 2.2310918 3.0380866 2.2411291 2.5550233 2.7563538 2.7389805 2.5032301 3.2360215 2.6998323 2.9272377 3.4653789 3.2900016 2.7185187 2.5500438 2.3880374 2.5501723 2.5501723 2.7319682 2.8561595 2.8533882 2.6021510 2.4128863 3.1070200 2.7345373 3.1095038 3.5454903 3.0739739 3.4844395 3.2204914 3.1585885 3.2335792 3.2392877 3.1789034 2.7348905 2.6266773 3.2581512 3.1171774 3.1876523 2.9118919 3.0000449 6.4706878 2.6031702 2.5965298 2.9317071 2.9317071 2.4877728 2.4877728 2.8702228 3.6681083 4.0192232 3.7413825 3.9106384 4.7298680 3.4815436 3.3281127 3.4675758 8.9999985 4.6451923 3.4082662 2.1023077 
Spolac_c101211_g1_i2_m.24871c101211-g1                  0.2549181 0.0000000 0.0946270 0.0000010 1.3848444 0.0000010 1.3585009 0.0000010 1.4578712 0.0000010 0.4022461 1.7550398 1.4263007 1.5647449 0.7726608 0.0000010 0.8433306 1.7912327 1.4038200 1.8038788 1.4223567 1.4234876 2.3285470 2.1383354 2.2957275 0.0000010 3.3131769 2.7241393 2.7241393 2.7241393 2.7241393 2.7695338 0.0000010 2.9697890 3.3048189 8.2656642 2.7725548 2.6648660 3.2437792 3.9485692 3.8454447 2.7972036 0.0000010 0.0000010 2.0745302 2.0745302 2.4668024 2.2590708 2.6697013 2.6948301 2.8036724 2.4852570 2.8912012 2.5260129 2.7370534 3.2906791 3.2415415 2.8315139 2.3436018 2.1984268 2.3434920 2.3434920 2.6494260 2.7092891 2.6645908 2.4107972 2.1984661 2.8613257 2.6784854 3.0148851 3.6636438 2.9912141 3.4327965 3.1794704 2.9133754 2.9690314 2.9946785 3.0414650 2.5457567 2.7827952 3.0554510 3.1906287 3.1122861 3.1225099 2.7594754 6.4706878 2.5460627 2.5678305 2.8530361 2.8530361 2.5164989 2.5164989 2.8755091 3.5308046 3.9595436 3.6796130 3.6796130 4.8706061 3.2977166 3.2767047 3.5135020 7.9978209 4.0431793 3.1199312 1.9989534 
Spolac_c101211_g1_i3_m.24872c101211-g1                  0.1188121 0.0946270 0.0000000 0.0000010 1.3788832 0.0000010 1.4456243 0.0000010 1.3136786 0.0000010 0.4022461 1.8815112 1.4761900 1.4564979 0.7831900 9.0000000 0.8819771 1.8377933 1.3709726 1.8009171 1.3794835 1.3876221 2.4835601 2.3867136 2.4762239 0.0000010 3.2152245 2.6976489 2.6976489 2.6976489 2.6976489 2.7233134 0.0000010 3.2109576 3.2208708 8.2656642 2.7389452 2.6881861 3.3517388 4.1101529 3.9786144 2.8279195 0.0000010 0.0000010 2.0398699 2.0850053 2.4668024 2.0744550 2.6693190 2.7310778 2.7102775 2.4240311 3.1880287 2.7848304 2.9369858 3.4811525 3.3166453 2.8500575 2.5156162 2.3618723 2.5140486 2.5140486 2.8198462 2.9302751 2.8658360 2.5854441 2.3624631 3.1086954 2.8572710 3.1769176 3.8583529 3.0359889 3.6140592 3.2609720 3.0410641 3.0784766 3.0285060 3.0431235 2.6478574 2.7406837 3.1671553 3.1451800 2.9917554 3.0302782 2.8917391 6.4706878 2.6017325 2.6239673 3.0110815 3.0110815 2.5885453 2.5885453 2.9609675 3.5036675 3.9342525 3.6812399 3.8435252 4.4563090 3.0849482 3.1113352 3.4178627 8.9999985 4.3406800 3.2848024 2.0349834 
Spolac_c104745_g2_i2_m.42957c104745-g2                  0.0000010 0.0000010 0.0000010 0.0000000 0.0422650 0.0320522 0.0536940 0.0322445 0.0651959 0.0664731 0.1562030 0.1562030 0.2735777 0.1785921 0.1790410 0.1997539 0.0000010 0.3039183 0.7634855 1.2549316 1.3111073 0.6880661 1.9414984 1.7772802 1.7843451 1.9377318 2.1982637 8.9999984 2.1345890 2.1345890 7.3276025 2.1749754 1.9884281 1.8029566 1.8029566 2.0503843 2.0503843 0.0000010 2.1585246 0.0000010 2.1585246 1.8711364 2.1585246 1.8162906 1.6816601 2.0989656 0.0000010 3.2020350 2.2798681 2.6886623 2.2794300 2.0141899 1.8518275 2.0351081 1.6392110 1.7518497 2.0576276 1.6189765 1.6301864 1.6444205 1.7652427 1.8231854 1.7488732 2.0200796 2.0391511 1.6776437 1.4159492 2.1673898 1.9778909 2.0725526 2.2079081 1.6131492 2.1255081 1.7554723 3.4326539 2.1596249 1.8172323 2.1836432 2.1773546 2.3265377 2.4247547 1.8991696 2.6789807 2.2719937 2.5898731 2.3501206 2.7922278 2.7769943 2.5169185 2.5169185 2.6000554 2.9748840 2.9288481 3.5932892 3.3864985 3.3864985 3.3864985 2.9083514 3.0005175 3.2502769 3.0457143 2.1413822 2.8565679 2.2993493 9.0000000 
Spolac_c104745_g2_i4_m.42959c104745-g2                  1.2837801 1.3848444 1.3788832 0.0422650 0.0000000 0.0459841 0.1452504 0.0533992 0.1017289 0.0583657 0.1550374 0.5012201 0.4118016 0.3319074 0.5687763 0.3517715 0.7848379 0.8463401 0.7193943 1.1305330 1.2994182 1.1470092 1.4792960 1.5013358 1.5767473 2.0994091 2.3049249 2.9629763 2.2987985 2.2987985 2.6307612 2.5503156 1.8100748 1.9500985 2.4945458 2.0740592 2.6213191 2.7232453 2.6148233 3.1878615 2.8441914 1.9647939 2.3784963 1.6346197 2.3889569 2.0417910 1.6957719 2.2569951 2.4155016 2.5730926 2.6009022 2.1952949 2.5842569 2.3569723 2.2132707 2.2924931 2.2331917 2.0129548 2.0234098 2.0008716 2.0742053 2.0715547 2.1548675 2.1927851 2.1765876 2.0354641 1.8651018 2.4373385 2.3872358 2.6066625 2.5541281 2.5371996 2.5162879 2.6068099 4.1049793 2.4378152 2.5252714 2.5898932 2.5694396 2.5907980 2.9203442 2.5582461 2.3870914 2.1225852 2.3786518 3.8078510 2.5919274 2.5915619 2.3771050 2.3771050 2.6072573 2.6730714 2.6331387 3.2060674 2.7827364 2.8313834 2.7418141 3.1677733 2.7747426 2.5562502 2.6195502 3.1839308 3.3401778 2.9246934 1.6450334 
Spolac_c104745_g2_i7_m.42963c104745-g2                  0.0000010 0.0000010 0.0000010 0.0320522 0.0459841 0.0000000 0.0716265 0.0131264 0.0844716 0.0458039 0.1364549 0.1354283 0.2213753 0.1298772 0.1691614 0.2145370 0.1906297 0.1652769 0.3879716 0.9117831 1.0940460 0.6399310 1.1380573 1.1424579 1.2929460 2.0941431 1.6663270 2.4774806 1.8135350 1.8135350 1.9300917 1.8471776 1.6521786 1.7233579 1.7233579 1.9404430 1.8728327 1.4870453 1.8324098 1.8183292 1.8324098 1.7492400 2.1530703 1.5012539 1.4206749 1.4786266 1.3607269 1.4820037 1.6516474 1.8798055 1.8578317 1.7166605 1.6819098 1.7541293 1.3783172 1.5222264 1.6176077 1.4574227 1.4415641 1.4178173 1.4151730 1.4485318 1.4825054 1.5590078 1.5510045 1.3830575 1.2704518 1.7347263 1.6389439 1.9085269 1.7805908 1.8581156 1.6975567 1.7566485 9.0000000 1.6654096 1.5572261 1.8926668 1.8650932 1.9867921 2.1697539 1.6993120 1.6133679 1.6988367 1.6078093 2.6933522 1.9807897 2.0410402 1.8770657 1.8770657 2.0351937 2.0517131 2.0635876 2.3139462 2.0831335 2.0831335 2.0831335 2.2064129 2.3212505 2.2511482 2.0631007 2.1602681 2.4974922 2.2393878 0.5653799 
Spolac_c104745_g2_i5_m.42961c104745-g2                  1.4705483 1.3585009 1.4456243 0.0536940 0.1452504 0.0716265 0.0000000 0.0393935 0.0760435 0.0663920 0.1819507 0.5866583 0.4564972 0.3624566 0.6095732 0.3479182 0.8639584 0.8439592 0.7436986 1.1761868 1.3403416 1.1647655 1.4049736 1.3711542 1.5911554 2.0994091 2.1617478 2.7930270 2.1919183 2.1919183 2.5084391 2.5444199 1.8033894 1.9065132 2.4263054 2.0733209 2.5163006 2.4794539 2.5967382 3.1979133 2.8013258 1.8300205 2.3748599 1.5915055 2.3335479 1.9753092 1.6867411 2.2976689 2.4706652 2.5184231 2.7177385 2.1691238 2.6185298 2.3908384 2.2444328 2.3705684 2.2284998 2.0971175 2.1441020 2.0748052 2.1703484 2.1671670 2.1558464 2.2457455 2.2279424 2.1162862 1.8989658 2.4729043 2.4058188 2.7463284 2.7630115 2.6691388 2.6473437 2.6716754 3.9679625 2.4089283 2.4943650 2.5887122 2.5574513 2.6394498 2.9879264 2.5273094 2.5904874 2.0740030 2.6461493 3.7869778 2.7354830 2.7508843 2.5442247 2.5442247 2.7251254 2.8038748 2.7838977 3.1509300 2.7798294 2.7930177 2.8254010 3.5338107 3.0385992 2.8524867 2.7000785 3.1917374 3.4582563 3.0480921 1.8054004 
Spolac_c104745_g2_i1_m.42956c104745-g2                  0.0000010 0.0000010 0.0000010 0.0322445 0.0533992 0.0131264 0.0393935 0.0000000 0.0531380 0.0589865 0.1403264 0.1391270 0.2501929 0.1330618 0.1706697 0.2087849 0.1740560 0.2095863 0.5313692 1.0131418 1.1900613 0.5963787 1.2874834 1.1950080 1.4528321 2.1047636 1.7742247 8.9999984 1.8362741 1.8362741 2.2529791 1.8529584 1.7215266 1.7895494 1.7895494 1.9662060 1.9022325 1.3060755 1.8255430 1.6464557 1.8255430 1.8036293 2.2331370 1.4880505 1.7048899 1.5115359 1.2436042 1.4250452 1.7978297 2.1645968 1.9645740 1.8483418 1.8103592 1.9514536 1.4423995 1.5732842 1.6916152 1.6257140 1.4596822 1.4592196 1.5421483 1.5769515 1.5874293 1.6479575 1.6410799 1.4899481 1.3415537 1.8126803 1.7522387 2.0915089 1.8906634 1.9755990 1.8236885 1.9583995 9.0000000 1.6652223 1.6137559 2.0752843 1.8959077 1.9327412 2.1929172 1.6882202 1.7998988 1.8262662 1.7620440 2.7651869 2.3394370 2.4390979 2.1594735 2.1594735 2.2985095 2.3867872 2.4368545 2.6907518 2.4409378 2.4409378 2.4409378 2.4461424 2.5511598 2.6338234 2.0244214 2.3110455 3.0602735 2.4577696 9.0000000 
Spolac_c104745_g2_i6_m.42962c104745-g2                  1.3544787 1.4578712 1.3136786 0.0651959 0.1017289 0.0844716 0.0760435 0.0531380 0.0000000 0.0743584 0.1868743 0.5471297 0.4428074 0.3230786 0.6028602 0.3656649 0.8666414 0.8089079 0.7397755 1.1101021 1.2902102 1.1489832 1.4391598 1.4115692 1.6384672 2.0720049 2.1490374 2.6890902 2.1399096 2.1399096 2.4408120 2.3896593 1.7893719 1.9007610 2.3814912 1.9863217 2.4106217 2.4496486 2.4898833 3.1247748 2.6909530 1.8200749 2.3522358 1.5703053 2.4029998 2.0598667 1.7153154 2.2593253 2.4571094 2.5491840 2.6816443 2.1562337 2.5252044 2.3723934 2.1827647 2.2981375 2.1807519 2.0746405 2.0929416 2.0181300 2.1407215 2.1369087 2.1366351 2.2389268 2.2207863 2.0816996 1.8578651 2.5206206 2.3960136 2.6816647 2.6298157 2.6007629 2.6138508 2.6519946 4.2691052 2.4012953 2.5725951 2.5761578 2.5349306 2.6291925 2.9569914 2.5373604 2.5101362 2.0801676 2.5234624 3.9047341 2.6104065 2.6396485 2.4290028 2.4290028 2.6504073 2.7203139 2.6837569 3.1254219 2.7455239 2.7513456 2.7513456 3.3771939 2.8556501 2.6964081 2.7096749 3.1595891 3.3541094 2.9536543 1.7380485 
Spolac_c104745_g2_i3_m.42958c104745-g2                  0.0000010 0.0000010 0.0000010 0.0664731 0.0583657 0.0458039 0.0663920 0.0589865 0.0743584 0.0000000 0.1553338 0.1538046 0.2615032 0.1582923 0.1702649 0.1989455 0.1192836 0.3066012 0.6391063 0.9739460 1.2922298 0.5019628 1.3784768 1.2508898 1.4577686 2.2397469 1.9857765 8.9999984 2.0917743 2.0917743 2.8468217 2.0943389 1.9205285 1.9226575 1.9226575 2.1357516 2.0496169 1.2100976 2.0838843 1.7589174 2.0838843 1.9206682 2.4441061 1.6580470 2.0770653 1.6854738 1.4112227 1.6536998 2.0920114 2.2100166 2.1916647 1.9661476 2.0304580 2.0570062 1.6223019 1.6771898 1.7351606 1.5635862 1.5974461 1.6060768 1.6617320 1.7155176 1.7073126 1.7471910 1.7564089 1.6505659 1.4338892 1.8784381 1.8407531 2.2789588 2.0626999 1.8602840 2.0347297 2.2137676 9.0000000 1.8322870 1.7223418 2.1631382 2.0132934 1.9691829 2.1404907 1.6903177 2.0960153 1.8822015 1.9372349 2.9209885 2.3451382 2.5008291 2.2226638 2.2226638 2.3073461 2.4089655 2.4588139 2.7034911 2.5556612 2.5556612 2.5556612 2.5364069 2.5769773 2.7137664 2.0364554 2.4206802 2.5694159 2.5665832 9.0000000 
Emue_Em0020g439a.t1                                     0.2296222 0.4022461 0.4022461 0.1562030 0.1550374 0.1364549 0.1819507 0.1403264 0.1868743 0.1553338 0.0000000 0.0044153 0.1679010 0.1047860 0.1380552 0.2271753 0.1268918 0.2278996 0.4409688 0.8897876 0.9536234 0.5609123 1.1407930 1.1326391 1.3653032 2.1557317 1.7115144 1.6064759 1.8452165 1.8452165 1.8146672 1.8437817 1.8464430 1.6972236 1.6972236 2.0166050 1.7979032 1.4638362 1.7743288 1.5538425 1.7743288 1.7714676 2.2114144 1.7710090 1.3509985 1.5055281 1.6330173 1.6568477 1.8172313 1.9197797 2.0576581 1.8302850 1.9123682 1.7389089 1.5845475 1.7200109 1.8185085 1.5969936 1.5389099 1.4450614 1.4325728 1.4347455 1.5847170 1.6922113 1.6674045 1.4000973 1.2413640 1.8822659 1.7990437 2.0985185 1.9825880 1.8550912 1.8188256 2.1345557 9.0000000 1.7883636 1.8284869 1.8128282 1.9059701 1.9816940 2.2417414 1.7352018 1.9247363 1.8297792 1.9989577 2.7324317 1.9477293 2.0012304 1.8029600 1.8029600 1.9670973 2.0021060 2.0192713 2.4035960 2.2517191 2.2517191 2.2517191 2.4226879 2.1475198 1.9717620 1.9278812 2.4465908 2.2467607 2.0964525 0.4734824 
Emue_Em0020g464a.t1                                     1.9309770 1.7550398 1.8815112 0.1562030 0.5012201 0.1354283 0.5866583 0.1391270 0.5471297 0.1538046 0.0044153 0.0000000 0.5294287 0.4433251 0.4966208 0.2240016 0.7705749 0.7130009 0.9575435 1.2142943 1.3480869 1.1429045 1.4549607 1.4991530 1.7331054 2.1557317 2.2406999 2.5064056 2.2241051 2.2241051 2.3717980 2.3132631 1.8220723 1.8140591 2.0726362 2.1401958 2.2553110 2.1294193 2.4064201 2.7729393 2.6242514 1.8402594 2.2114144 1.7479746 2.1798728 1.9610396 1.6640446 2.3069515 2.1760938 2.2547707 2.3393598 1.9703737 2.3889569 2.1578073 2.1243064 2.2166262 2.1277692 2.0792992 1.9476055 1.8734419 1.9132045 1.9184495 2.0369694 2.1239402 2.0842855 1.8908079 1.7007861 2.3238559 2.3219198 2.5228003 2.6711012 2.2748776 2.2382952 2.5705213 3.8394176 2.2694472 2.1836909 2.2135299 2.3674011 2.3167126 2.6996716 2.2580996 2.3613636 2.2193484 2.3674764 2.9066466 2.2324809 2.2737581 2.0845920 2.0845920 2.2331193 2.2836943 2.3038342 2.9861812 2.8986346 2.9117627 2.8702283 2.6732610 2.3491247 2.2598652 2.2364142 2.6512951 3.1358657 2.7091171 1.6534541 
Emue_Em0020g500a.t1                                     1.3579477 1.4263007 1.4761900 0.2735777 0.4118016 0.2213753 0.4564972 0.2501929 0.4428074 0.2615032 0.1679010 0.5294287 0.0000000 0.2119788 0.9511859 1.2684467 0.7662108 1.1212956 1.2330031 1.2711530 1.4530401 1.1079980 1.5898152 1.5689381 1.7212380 6.6823924 3.2857421 2.7226950 3.3166831 3.3166831 2.5337274 3.4508933 2.6175440 2.9197426 3.2577708 4.3795762 3.3831665 2.4465989 3.3129670 2.9233456 3.5982944 3.1383370 4.9768758 3.4413931 2.9320685 2.2845078 1.7675890 2.0603359 3.2266594 3.3058541 3.4848301 2.7893264 3.3913951 3.0038101 2.9419485 3.1324536 2.7293818 3.0927231 3.0269161 2.9696757 3.0410505 3.0744962 3.0628706 3.2625630 3.1802877 2.8406820 2.6636247 3.2169506 3.1588326 3.9448062 3.2279336 3.2213554 3.1104623 3.5892522 3.8329965 3.2617725 3.3633835 3.3247670 3.3761445 3.5363287 3.8827231 3.5905485 3.6079045 2.9901624 3.5357401 5.3792871 3.5724665 3.5677565 2.6846966 2.5780485 3.4912653 3.6679278 3.7371880 4.1718237 3.3446854 3.4307213 3.3881368 4.0722956 3.4175554 3.2073341 3.1869832 4.1367673 3.0055657 3.5862065 1.5106435 
Emue_Em0020g501a.t1                                     1.3388594 1.5647449 1.4564979 0.1785921 0.3319074 0.1298772 0.3624566 0.1330618 0.3230786 0.1582923 0.1047860 0.4433251 0.2119788 0.0000000 0.4626035 0.1976940 0.7998321 0.6863066 0.8324958 1.1492220 1.3439843 1.2147898 1.4915167 1.4154909 1.6412087 2.2276313 2.2846405 2.7602685 2.2794634 2.2794634 2.6368406 2.4485948 1.8625250 1.8207402 2.3405970 2.0449619 2.4107402 2.4072698 2.5826408 3.2034040 2.7815945 1.8861046 2.2343920 1.7274489 2.5380973 2.0939725 1.7165161 2.2620746 2.2373043 2.3687822 2.4655756 2.1335346 2.4045962 2.1755141 2.1048090 2.2618174 2.1934617 2.0349024 1.9852642 1.8910318 1.9224722 1.9300278 2.0808101 2.1194260 2.0842304 1.8149569 1.6700372 2.2658443 2.1217579 2.7242338 2.5836101 2.3181270 2.2226340 2.6559031 3.6959845 2.1904003 2.1505902 2.3374434 2.3028855 2.4364525 2.7250091 2.3257577 2.3223830 2.2980579 2.2767732 2.8153643 2.3887410 2.4058189 2.3151010 2.3151010 2.3908950 2.4855948 2.4450721 2.8971649 2.7853561 2.7414468 2.7631320 2.9527635 2.5564328 2.4961143 2.3852213 2.7144259 3.3417427 2.7051795 1.5800228 
Emue_Em0020g546a.t1                                     0.7968301 0.7726608 0.7831900 0.1790410 0.5687763 0.1691614 0.6095732 0.1706697 0.6028602 0.1702649 0.1380552 0.4966208 0.9511859 0.4626035 0.0000000 0.1021350 0.1368153 1.0210179 1.0998753 1.1456082 1.1722919 1.0024594 1.4909403 1.5562896 1.6245294 5.9030478 2.8906556 2.0696984 2.8569853 2.8569853 2.2016830 2.9870131 2.1060354 2.7294736 2.7872932 4.0502319 2.9495235 1.9997017 2.9315826 2.4651263 3.1416929 2.8406769 5.0072693 3.0647603 2.1483687 1.9354534 1.7441471 1.7357304 3.1409335 3.1159045 3.2707810 2.7061792 2.9115902 2.8086214 2.7340440 2.8348000 2.4834256 2.7148183 2.6626999 2.5645651 2.6310653 2.6448716 2.5898460 2.9111123 2.8116997 2.4401415 2.3399482 3.0274402 2.8908710 3.1260347 2.7773425 3.0161781 2.9075955 3.4296549 3.2068757 2.9138964 3.0539890 3.0131573 2.9958145 3.1766059 3.4042444 2.9701209 3.1329572 2.5675870 3.0503943 5.0445426 3.1481823 3.1258821 2.2589735 2.2057171 3.0112625 3.1265913 3.3516464 3.9849232 3.0424324 3.0169891 3.0450661 3.8361793 3.3584338 2.8225267 3.0488221 4.1910648 2.7291328 3.1031119 1.3554715 
Emue_Em0020g549a.t1                                     9.0000000 0.0000010 9.0000000 0.1997539 0.3517715 0.2145370 0.3479182 0.2087849 0.3656649 0.1989455 0.2271753 0.2240016 1.2684467 0.1976940 0.1021350 0.0000000 2.2293489 1.1208680 1.6761232 1.3993955 1.3963977 2.3219048 2.0424168 1.8276550 2.0890339 4.9687034 4.3645848 4.6854566 4.0783361 4.0783361 6.1726457 4.0704589 2.2526714 3.8000273 3.8000273 3.9208773 3.8271581 4.2209053 3.8130238 7.5728437 3.9850032 3.5849980 4.2746155 2.9304068 3.0314090 2.8835347 3.0963680 3.2571783 5.8315672 6.9730404 6.8765478 4.9317704 3.9090874 4.1274619 3.8965639 3.7314855 3.4642602 3.6671407 4.1627722 3.9899811 4.3766616 4.4286171 4.1147845 4.5515748 4.5420361 4.1270301 3.5051700 4.6978956 4.4389489 4.4114896 3.7487549 3.9726139 4.0406486 4.8638344 8.9999984 4.9760569 4.6024153 4.5428157 4.0419558 4.3424767 5.2786694 3.9334960 4.7971075 4.2838836 4.8856065 5.0116637 5.2925496 5.1791063 3.3553510 3.1984054 5.0409692 6.1949553 6.0457433 6.8410869 4.2696971 4.2696971 4.0871439 5.9953834 5.8197237 5.6272472 4.3164873 4.4741453 3.4968348 4.4221115 0.7627780 
Emue_Em0020g547a.t1                                     0.9166431 0.8433306 0.8819771 0.0000010 0.7848379 0.1906297 0.8639584 0.1740560 0.8666414 0.1192836 0.1268918 0.7705749 0.7662108 0.7998321 0.1368153 2.2293489 0.0000000 0.8910160 0.7440786 1.1749130 1.1321401 1.0372272 1.4660872 1.6440457 1.5497611 0.0000010 2.0507202 2.0144491 2.0070703 2.0070703 1.9634560 2.2129430 1.3864849 1.8458176 2.2372705 1.4826349 2.1881286 2.0645964 2.2960027 2.4693485 2.5384752 1.8964734 0.0000010 1.6020398 1.7855477 1.5424449 1.8554643 1.7743724 1.7745928 1.8542378 1.8415155 1.6816191 2.0696730 1.8189623 1.8730547 2.1745276 1.9471056 1.9001979 1.7231368 1.6205917 1.6076178 1.6071252 1.7025320 1.8837796 1.8059058 1.4681557 1.5280556 2.0578021 1.9775518 2.3621584 2.2917126 2.2625185 2.1705684 2.4645166 2.9682791 1.8945767 2.0887948 2.1071182 2.1706870 2.3392504 2.0473986 2.3199482 1.9601653 2.0748892 1.8567920 1.8195699 1.9649108 1.9369108 2.0245806 2.0245806 1.9235205 1.9235205 1.9998479 2.4979369 2.2536257 2.2739529 2.3235413 2.3927954 2.2297900 1.8693462 2.1875135 3.6507211 2.6976719 2.4511751 1.5384870 
Emue_Em0020g534a.t1                                     1.9276276 1.7912327 1.8377933 0.3039183 0.8463401 0.1652769 0.8439592 0.2095863 0.8089079 0.3066012 0.2278996 0.7130009 1.1212956 0.6863066 1.0210179 1.1208680 0.8910160 0.0000000 1.2422910 1.3863388 1.5984863 1.2336455 1.7214157 1.8187014 2.0055005 6.0639383 3.2072384 2.1087281 2.7609958 2.7609958 2.2159714 3.0108850 2.2200505 2.8285515 3.1021368 3.5984061 2.9906456 2.1290341 3.2402996 3.1630395 3.4587067 2.8162337 4.0031841 2.9940785 3.2221378 2.4275103 1.6100057 2.6447221 3.9378514 3.7458529 4.0969747 3.1674553 2.9772171 2.9483162 2.9617688 2.9373014 2.3851275 3.0866095 2.8469648 2.8283088 2.8809340 2.8585028 2.9066322 3.0617371 3.0360652 2.7428831 2.5156393 3.1992561 3.5486288 3.2514514 3.3540901 3.5553580 3.2261573 3.5848250 5.8440323 3.5704142 3.3125697 3.4497100 3.1514875 3.3468479 3.4732814 3.4284752 3.2489219 2.6797252 3.3139680 5.3962900 3.6050235 3.7099084 2.8301167 2.7854077 3.5298866 3.7079539 3.7015495 4.1776610 3.2828549 3.2518557 3.1486005 4.3364492 3.7038626 3.3025280 3.6380188 4.3646670 3.5971091 3.5978867 2.1951263 
Emue_Em0020g539a.t1                                     1.4152718 1.4038200 1.3709726 0.7634855 0.7193943 0.3879716 0.7436986 0.5313692 0.7397755 0.6391063 0.4409688 0.9575435 1.2330031 0.8324958 1.0998753 1.6761232 0.7440786 1.2422910 0.0000000 1.3125345 1.5368431 1.1877874 1.5306879 1.6860612 1.8146980 3.5469455 2.5435538 2.5360408 2.4671893 2.4671893 2.3233891 2.5876088 2.0681275 2.2553494 2.5784482 2.8256830 2.7057980 2.3697729 2.7442624 3.1639190 3.0258640 2.2790186 3.0607543 2.2992961 2.5040151 2.2200736 1.6794071 2.4739847 2.8942196 2.9049726 3.1218316 3.0503166 2.8194740 2.8892153 2.7010077 2.7614080 2.6641001 2.9770492 2.5193527 2.4913104 2.4700229 2.4591244 2.5392988 2.7934024 2.8013180 2.4273046 2.2276665 2.6949021 2.7262982 3.3469961 2.9771764 2.9236116 3.0389461 3.1078224 3.8264407 2.9168768 2.7201536 3.0581702 2.7973465 2.7660886 3.2115219 2.8654732 2.9575426 2.8528556 2.9573442 3.7873659 3.2070127 3.2537990 2.5611535 2.5414722 3.2777571 3.3717299 3.3075419 3.5340502 3.3847426 3.3011764 3.2152664 3.6614695 3.5165325 3.2955740 3.0571926 3.4733275 3.4774111 3.5087824 1.4577197 
Tetwil_g26008.t1                                        1.8151793 1.8038788 1.8009171 1.2549316 1.1305330 0.9117831 1.1761868 1.0131418 1.1101021 0.9739460 0.8897876 1.2142943 1.2711530 1.1492220 1.1456082 1.3993955 1.1749130 1.3863388 1.3125345 0.0000000 0.8795998 0.9093766 1.4148344 1.4718307 1.5706558 2.1302965 2.3623565 2.6099703 2.1867934 2.1867934 2.4936111 2.5131271 1.9560466 1.9197973 2.3791684 2.3626156 2.5701637 2.3773497 2.7099513 3.4428938 3.0310006 1.9394565 2.5612251 1.8866566 2.1548468 2.0100167 1.5765837 1.9793672 2.2692583 2.2537024 2.2608105 2.0473164 2.2098803 1.9752353 1.9723340 2.1147124 2.1073583 1.9784762 1.6413470 1.6454364 1.6219280 1.5809580 1.6889307 1.8167942 1.7676616 1.7224130 1.6547983 2.1138271 2.0727755 2.3633485 2.4242347 2.0774351 2.1563417 2.5047138 3.4952409 2.2941541 2.3188810 2.2048156 2.2085730 2.3378120 2.5503336 2.3861063 2.0413278 2.2062181 2.1252234 2.9286005 2.1787355 2.2037733 2.1810197 2.1810197 2.1982440 2.2018163 2.2939580 2.7895554 2.6623143 2.5747952 2.4801940 2.9090341 2.4695090 2.5852581 2.2166094 2.7859252 3.4864224 2.6799152 1.6576909 
Stycar_maker-SC_scaffold3062-augustus-gene-0.72-mRNA-1  1.4715290 1.4223567 1.3794835 1.3111073 1.2994182 1.0940460 1.3403416 1.1900613 1.2902102 1.2922298 0.9536234 1.3480869 1.4530401 1.3439843 1.1722919 1.3963977 1.1321401 1.5984863 1.5368431 0.8795998 0.0000000 0.0584620 1.5987714 1.6850099 1.5791840 2.2472471 2.4033859 2.1496576 2.0322977 2.0322977 2.3368224 2.3772543 2.2759238 2.1772529 2.4543881 2.3460798 2.3159251 2.1936740 2.4609810 3.1103987 2.7527770 1.8984152 2.4065027 2.3527427 2.0291093 2.1466752 1.5748115 1.6899042 2.5037803 2.6317544 2.6370596 2.1760002 2.2776285 2.2267193 2.1338361 2.3474516 2.3878533 1.9562104 1.7822445 1.7993719 1.9248532 1.8578605 1.9156747 1.9953186 1.9330016 1.8381036 1.8374609 2.1333038 2.2804121 2.2148639 2.4494680 2.2277350 2.1582865 2.7353792 3.2232071 2.2151514 2.2240601 2.3287040 2.2939072 2.4782947 2.3960708 2.4860204 2.3873765 2.2689403 2.3816719 3.1608748 2.3436660 2.3540149 2.3010105 2.3010105 2.3092647 2.3782271 2.4013071 2.9000644 2.8247206 2.7386574 2.7339303 2.8437405 2.6738449 2.6411324 2.5433981 3.2521266 2.7708842 2.6183138 1.3992284 
Stycar_maker-SC_scaffold119417-augustus-gene-0.5-mRNA-1 1.4801983 1.4234876 1.3876221 0.6880661 1.1470092 0.6399310 1.1647655 0.5963787 1.1489832 0.5019628 0.5609123 1.1429045 1.1079980 1.2147898 1.0024594 2.3219048 1.0372272 1.2336455 1.1877874 0.9093766 0.0584620 0.0000000 1.1903694 1.2850337 1.3141984 0.6880661 2.0415737 1.9578543 1.7235807 1.7235807 1.7310221 2.1539677 1.0261204 1.6985144 2.2217303 1.6946768 2.1155375 1.9834968 2.2067091 2.5012590 2.5204854 1.4307776 0.6880661 1.2902784 2.1089606 1.7636441 1.4492512 1.6480202 1.9101688 1.9672012 1.9730570 1.7490075 1.9958221 1.9168643 1.7888891 2.0460176 1.9440605 1.7273954 1.7153222 1.6301205 1.7192374 1.7086720 1.7381159 1.8041548 1.7130205 1.5586101 1.5388347 1.9750515 2.1335622 2.3324780 2.2765282 2.1340748 1.9633699 2.4125683 3.1278230 2.0335506 2.0545163 2.1213523 2.3357764 2.4323465 2.1755176 2.2159756 1.9179127 1.8468166 1.9122801 3.2897087 1.9134520 1.8803612 1.8373410 1.8373410 1.8731173 1.8731173 1.9708290 2.5176124 2.4710904 2.4027080 2.3658061 2.5041959 2.3074192 2.1129796 1.9174391 3.5118795 2.6258912 2.4958595 1.3827221 
Aque_Aqu2.1.30895_001                                   2.7062031 2.3285470 2.4835601 1.9414984 1.4792960 1.1380573 1.4049736 1.2874834 1.4391598 1.3784768 1.1407930 1.4549607 1.5898152 1.4915167 1.4909403 2.0424168 1.4660872 1.7214157 1.5306879 1.4148344 1.5987714 1.1903694 0.0000000 0.3971693 0.9323305 2.2485763 1.9310950 2.2687551 1.9139309 1.9139309 2.0834471 2.0820976 1.9100249 1.8635344 2.1821048 2.0233903 2.1861857 2.0899786 2.1833930 2.5993046 2.3443724 1.7865404 2.2102663 1.7789376 2.2149063 2.0625654 1.4350038 1.8320492 2.4351085 2.4549799 2.4414900 2.2211865 2.2231510 2.0919535 1.9606641 2.1422343 2.1001056 2.1961614 1.8038771 1.8227926 1.8019817 1.7973388 1.9366155 1.8634337 1.8341878 1.8555022 1.8995999 2.0796661 2.1623689 2.4376856 2.7434857 2.2478205 2.2576936 2.5161076 3.7704105 2.2974395 2.2609989 2.4990696 2.4881027 2.4796946 2.5162723 2.3736184 2.4297247 2.3525751 2.4220751 2.5945179 2.2527080 2.3143090 2.0707277 2.0707277 2.2926922 2.2984025 2.2115759 2.7124426 2.4895140 2.4834677 2.4553293 2.9291025 2.4471472 2.4952861 2.5083923 2.4431720 3.5970482 3.0582170 1.8522720 
Aque_Aqu2.1.30896_001                                   2.6160653 2.1383354 2.3867136 1.7772802 1.5013358 1.1424579 1.3711542 1.1950080 1.4115692 1.2508898 1.1326391 1.4991530 1.5689381 1.4154909 1.5562896 1.8276550 1.6440457 1.8187014 1.6860612 1.4718307 1.6850099 1.2850337 0.3971693 0.0000000 0.9409709 1.9911441 2.0508002 2.3685927 1.9320312 1.9320312 2.0730679 2.0979399 1.7793672 1.7975373 2.2082724 2.0784415 2.1524170 2.0190485 2.1502995 2.4307188 2.2181171 1.6539596 2.0821409 1.8134855 2.3179153 2.1624992 1.4567628 1.9144782 2.3306793 2.4954446 2.5093035 2.1760417 2.0722599 1.9300277 1.8858450 1.9864193 1.9607210 1.9726673 1.6935270 1.7312051 1.6982797 1.7088905 1.7939209 1.7460208 1.7417273 1.8056029 1.7890155 1.9940997 2.1071503 2.3927576 2.6274202 2.2314645 2.0516400 2.3457582 3.5447205 2.1804157 2.0968578 2.2898321 2.3137191 2.3198696 2.4149238 2.2008432 2.2204517 2.2405043 2.2292891 2.3316852 2.1799220 2.2488564 1.9630709 1.9630709 2.2447831 2.2585733 2.1013824 2.5530002 2.4743936 2.4829102 2.4718508 2.8493150 2.5885677 2.4930953 2.3592308 2.3027898 3.4861345 2.7144632 1.8488945 
Halamb_c38981_g1_i1m.11281                              2.5864970 2.2957275 2.4762239 1.7843451 1.5767473 1.2929460 1.5911554 1.4528321 1.6384672 1.4577686 1.3653032 1.7331054 1.7212380 1.6412087 1.6245294 2.0890339 1.5497611 2.0055005 1.8146980 1.5706558 1.5791840 1.3141984 0.9323305 0.9409709 0.0000000 2.2130060 2.1752061 2.6831235 2.2040640 2.2040640 2.4904058 2.4172889 2.0134453 1.9968142 2.3788213 2.0995639 2.3205234 2.1980204 2.5271938 3.0207969 2.7322730 2.0532839 2.4997124 1.9340190 2.1868791 2.0400234 1.5267441 1.9544278 2.4907070 2.5542405 2.6188175 2.1366623 2.2843689 2.2361478 2.1109032 2.3625851 2.2933676 2.0339064 1.8142989 1.7451354 1.8977541 1.8791314 1.8775876 1.9220422 1.8798035 1.8689733 1.7925557 2.3899471 2.4784895 2.6868826 2.9629005 2.2030613 2.3369547 2.8036867 3.1674430 2.3802649 2.5370831 2.4440734 2.4574841 2.5754143 2.6009711 2.4694550 2.4371663 2.4908072 2.4048331 3.3245206 2.4068155 2.3987180 2.3948108 2.3948108 2.4925456 2.5937166 2.3810160 2.6585613 2.5892217 2.5029525 2.5075879 2.9713398 2.6408311 2.8046585 2.5684675 3.1107111 3.8937571 3.2643130 2.0537739 
Coeast_Cast_sb763237                                    0.0000010 0.0000010 0.0000010 1.9377318 2.0994091 2.0941431 2.0994091 2.1047636 2.0720049 2.2397469 2.1557317 2.1557317 6.6823924 2.2276313 5.9030478 4.9687034 0.0000010 6.0639383 3.5469455 2.1302965 2.2472471 0.6880661 2.2485763 1.9911441 2.2130060 0.0000000 0.0228650 3.5903838 0.7236506 0.7236506 5.6366151 0.7146901 0.3458930 0.7072097 0.7072097 0.7336657 0.7336657 0.0000010 0.7207734 0.0000010 0.7319632 0.6343415 0.7342393 1.0771269 2.8612599 3.7182867 0.0000010 4.8906130 3.4218885 3.7933747 3.5743813 2.4421037 3.3918787 3.6428342 3.7731395 3.8671317 3.5753798 3.7924401 2.9522429 3.2657590 3.2672037 3.3425702 3.1297552 3.1826979 3.3095814 3.6432534 3.5024898 3.8050049 3.9283966 4.1495835 3.9346574 3.9995404 3.0305445 4.1690596 6.1552847 2.9245041 2.8283407 3.1856295 3.2907348 2.8971824 3.2763889 3.7047402 4.6431313 4.2435373 5.5124053 3.6478803 3.9044057 4.1556468 1.9507487 1.6391970 3.8477902 4.1086620 4.4724521 4.6737303 4.0093830 4.0093830 4.0093830 3.9981093 3.4625966 3.6515562 4.8464212 3.5860968 3.5749017 3.4392300 9.0000000 
Coemet_Cmet_C602371_01                                  3.2678321 3.3131769 3.2152245 2.1982637 2.3049249 1.6663270 2.1617478 1.7742247 2.1490374 1.9857765 1.7115144 2.2406999 3.2857421 2.2846405 2.8906556 4.3645848 2.0507202 3.2072384 2.5435538 2.3623565 2.4033859 2.0415737 1.9310950 2.0508002 2.1752061 0.0228650 0.0000000 0.7839819 0.6325958 0.6325958 0.6877197 0.7114632 0.4337170 0.6677436 0.7416858 0.8006232 0.6823531 0.5419771 0.7737561 1.0071406 0.8930920 0.5277192 0.8078738 0.9584818 2.4287438 2.2491185 1.7955460 2.4850804 2.5527703 2.5777936 2.6515925 2.1810837 2.4746555 2.4400285 2.4505223 2.6715013 2.3303756 2.5322223 2.3160368 2.3225925 2.3543156 2.3133432 2.2846558 2.3143565 2.2785835 2.2854608 2.2536318 2.5690833 2.6069755 2.7907332 2.9060547 2.9760441 2.6208144 2.6912174 3.3905693 2.3768921 2.2726607 2.2389828 2.3751383 2.2576115 2.3529553 2.6151826 2.8920381 2.8540665 3.3606293 3.5575666 2.9070117 3.0186758 2.2358322 2.1688851 2.9406035 2.9633767 3.0785452 3.5796067 3.1525999 3.2866926 3.1807007 3.5267964 2.9109182 2.8118140 2.8881097 3.4936931 3.4572299 2.9245206 3.1042896 
Bolinf_Binf_sb1255401                                   3.1706738 2.7241393 2.6976489 8.9999984 2.9629763 2.4774806 2.7930270 8.9999984 2.6890902 8.9999984 1.6064759 2.5064056 2.7226950 2.7602685 2.0696984 4.6854566 2.0144491 2.1087281 2.5360408 2.6099703 2.1496576 1.9578543 2.2687551 2.3685927 2.6831235 3.5903838 0.7839819 0.0000000 0.0671850 0.0671850 0.0070397 0.1947618 2.4905051 0.5473443 0.6207488 2.2843418 0.4417438 0.3355182 0.7253322 0.6504024 0.7756888 0.4660959 2.8561079 4.3088368 1.9215102 2.0982952 1.7509158 2.1289402 2.5523772 2.3193359 2.6496434 2.1039547 2.1726677 2.1086941 2.1749358 2.1322730 2.1585553 2.2205952 2.0579871 1.9472844 1.9577611 1.9323336 2.0598750 2.0595866 1.9197464 1.8269488 1.8495841 2.0815160 1.9796501 2.3395175 2.1969937 2.3593576 2.9181829 2.1576155 2.6029444 2.5155394 2.2345543 2.1737194 2.1902541 2.0800133 2.4008840 2.2511777 2.1522302 2.2841083 2.3566438 3.9609667 2.2498192 2.2919327 2.1312570 2.1312570 2.3557148 2.3322391 2.3948540 3.1182227 3.0353885 3.0004686 2.9208624 3.8695705 2.9829392 2.3938144 2.0442364 8.9999988 2.5404260 2.2953929 2.2964532 
Mertsp_Mesp_sb559699                                    3.1706738 2.7241393 2.6976489 2.1345890 2.2987985 1.8135350 2.1919183 1.8362741 2.1399096 2.0917743 1.8452165 2.2241051 3.3166831 2.2794634 2.8569853 4.0783361 2.0070703 2.7609958 2.4671893 2.1867934 2.0322977 1.7235807 1.9139309 1.9320312 2.2040640 0.7236506 0.6325958 0.0671850 0.0000000 0.0000010 0.1129998 0.1023038 0.2259378 0.3113718 0.3614065 0.3495996 0.3052864 0.2468633 0.5057652 0.5426483 0.5235375 0.3780204 0.6054089 0.8380292 2.2728032 2.0643967 1.5678420 2.0112617 2.3225497 2.3897133 2.6717623 2.0423586 2.4167296 2.5556407 2.2621076 2.4163621 2.3071292 2.4469676 1.9252078 1.9837321 2.0172999 1.9727336 2.0586162 2.0721252 2.0283466 1.8549134 1.9473890 2.4213591 2.4148012 2.8080216 2.5070861 2.8613990 2.5265323 2.6744430 3.1541888 2.4439166 2.1173021 2.2890738 2.1692862 2.1770022 2.3605388 2.5317419 2.8142779 2.7037714 3.0087795 3.3647039 2.6928180 2.6472461 2.1225662 2.0253338 2.6273347 2.7627496 2.8135983 3.1798557 3.0247720 3.0077785 2.9683207 3.4173028 3.0527761 2.6679245 2.3983306 3.2411806 2.8591807 2.6433852 2.3157148 
Bolinf_Binf_sb1255381                                   3.1706738 2.7241393 2.6976489 2.1345890 2.2987985 1.8135350 2.1919183 1.8362741 2.1399096 2.0917743 1.8452165 2.2241051 3.3166831 2.2794634 2.8569853 4.0783361 2.0070703 2.7609958 2.4671893 2.1867934 2.0322977 1.7235807 1.9139309 1.9320312 2.2040640 0.7236506 0.6325958 0.0671850 0.0000010 0.0000000 0.1129998 0.1023038 0.2259378 0.3113718 0.3614065 0.3495996 0.3052864 0.2468633 0.5057652 0.5426483 0.5235375 0.3780204 0.6054089 0.8380292 2.2728032 2.0643967 1.5678420 2.0112617 2.3225497 2.3897133 2.6717623 2.0423586 2.4167296 2.5556407 2.2621076 2.4163621 2.3071292 2.4469676 1.9252078 1.9837321 2.0172999 1.9727336 2.0586162 2.0721252 2.0283466 1.8549134 1.9473890 2.4213591 2.4148012 2.8080216 2.5070861 2.8613990 2.5265323 2.6744430 3.1541888 2.4439166 2.1173021 2.2890738 2.1692862 2.1770022 2.3605388 2.5317419 2.8142779 2.7037714 3.0087795 3.3647039 2.6928180 2.6472461 2.1225662 2.0253338 2.6273347 2.7627496 2.8135983 3.1798557 3.0247720 3.0077785 2.9683207 3.4173028 3.0527761 2.6679245 2.3983306 3.2411806 2.8591807 2.6433852 2.3157148 
Bolinf_Binf_sb1255398                                   3.1706738 2.7241393 2.6976489 7.3276025 2.6307612 1.9300917 2.5084391 2.2529791 2.4408120 2.8468217 1.8146672 2.3717980 2.5337274 2.6368406 2.2016830 6.1726457 1.9634560 2.2159714 2.3233891 2.4936111 2.3368224 1.7310221 2.0834471 2.0730679 2.4904058 5.6366151 0.6877197 0.0070397 0.1129998 0.1129998 0.0000000 0.1989055 0.9226991 0.4847736 0.5501892 1.7039824 0.4069702 0.2468633 0.6182713 0.4704926 0.6506868 0.3900751 4.9311751 1.5440685 2.2134164 2.0152951 1.6462156 1.9144085 2.1300252 1.9958077 2.2241882 1.8771434 2.0575568 2.0309827 1.8854670 2.0958581 2.0472222 2.2688381 1.8266763 1.7040392 1.7297821 1.6512360 1.7115401 1.8308606 1.7477683 1.6193156 1.6058051 2.0636841 2.0451456 2.3766966 2.2750410 2.6147183 2.4474896 2.1889525 2.7707750 1.9974913 2.0340577 2.0065751 2.0030713 2.0247709 2.1570540 2.1276519 1.9254401 2.1633633 2.0789516 4.0146639 2.4157158 2.4319582 2.2658355 2.2658355 2.4845432 2.4845432 2.3781787 2.7007821 2.7412153 2.7180734 2.6683215 3.1621502 2.6107388 2.1179266 1.9445576 3.2660623 2.5450609 2.2250114 2.3157148 
Mlei_ML1236.g10.i1                                      3.0703398 2.7695338 2.7233134 2.1749754 2.5503156 1.8471776 2.5444199 1.8529584 2.3896593 2.0943389 1.8437817 2.3132631 3.4508933 2.4485948 2.9870131 4.0704589 2.2129430 3.0108850 2.5876088 2.5131271 2.3772543 2.1539677 2.0820976 2.0979399 2.4172889 0.7146901 0.7114632 0.1947618 0.1023038 0.1023038 0.1989055 0.0000000 0.2197574 0.3611847 0.4003032 0.3353932 0.2905340 0.2677852 0.5485514 0.7877465 0.6574260 0.4070388 0.5974361 0.8192418 2.5684244 2.3364113 1.5846160 2.4366082 2.4434504 2.5340440 2.7279802 2.1005710 2.5720487 2.7131026 2.4083094 2.5772984 2.4630487 2.5605313 2.0518488 2.1400412 2.2084538 2.1696603 2.1939150 2.1951762 2.1749490 1.9952298 2.0665544 2.4540116 2.4632358 2.8903587 2.6073683 2.9081952 2.5754670 2.7410398 3.1205571 2.4848498 2.2491429 2.3580964 2.2602664 2.2387909 2.4224412 2.5754206 2.9393411 3.0090232 3.3010236 3.5448235 2.9460987 2.8906725 2.3663302 2.2739980 2.8298572 2.9489425 2.9980263 3.4313335 3.3330590 3.2842129 3.1934041 3.6292899 3.0713948 2.7932615 2.6268680 3.4056719 3.2563066 2.7766697 2.5668108 
Beraby_Baby_sb356357                                    0.0000010 0.0000010 0.0000010 1.9884281 1.8100748 1.6521786 1.8033894 1.7215266 1.7893719 1.9205285 1.8464430 1.8220723 2.6175440 1.8625250 2.1060354 2.2526714 1.3864849 2.2200505 2.0681275 1.9560466 2.2759238 1.0261204 1.9100249 1.7793672 2.0134453 0.3458930 0.4337170 2.4905051 0.2259378 0.2259378 0.9226991 0.2197574 0.0000000 0.2549473 0.2549473 0.3566878 0.3152860 0.0781458 0.2807640 0.3311573 0.2807640 0.3294943 0.3617939 0.7274066 2.1261289 1.9443719 1.0389243 1.4768793 1.7309235 1.8861634 1.8654274 1.6621501 2.1955010 2.1444973 1.7339842 2.1766871 2.2457852 2.1806700 1.6989859 1.6565791 1.8125955 1.7294996 1.7776825 1.5600454 1.5695339 1.6818006 1.6987440 1.8780409 2.0110026 2.3142237 2.6802359 2.3851716 2.4788419 2.9357319 0.0000010 1.6151467 1.5471056 1.8499883 1.6053901 1.6397236 1.9773399 2.3427837 2.3881673 2.4846724 2.4488734 2.3550488 2.3530362 2.2413571 2.2167211 2.0397655 2.0568935 2.2717695 2.4276915 3.2816211 2.7563620 2.7563620 2.7563620 2.7674959 2.7100578 2.8638489 2.5041954 2.1936730 4.2270786 1.9796589 9.0000000 
Drygla_Dgla_sb299120                                    2.7141626 2.9697890 3.2109576 1.8029566 1.9500985 1.7233579 1.9065132 1.7895494 1.9007610 1.9226575 1.6972236 1.8140591 2.9197426 1.8207402 2.7294736 3.8000273 1.8458176 2.8285515 2.2553494 1.9197973 2.1772529 1.6985144 1.8635344 1.7975373 1.9968142 0.7072097 0.6677436 0.5473443 0.3113718 0.3113718 0.4847736 0.3611847 0.2549473 0.0000000 0.0087943 0.4067811 0.3879136 0.3397664 0.5362978 0.5614380 0.5371978 0.4306727 0.6039703 0.8405379 2.3209704 2.0983193 1.8737369 2.1233633 2.2664389 2.4772216 2.6590561 1.9829488 2.4738490 2.6143938 2.3405518 2.5180332 2.2756414 2.6875524 2.0651617 2.0976454 2.1832624 2.1199930 2.0665437 2.0056491 2.0258994 2.0403736 2.0238691 2.4888013 2.5372268 2.9011292 2.6311872 3.2150207 2.4564404 2.7189576 4.9343928 2.2425251 2.2301633 2.2273283 2.2777248 2.2872712 2.6279616 2.8416598 2.8869413 2.6263175 3.2916555 3.6008822 3.0532695 3.0374516 2.2599962 2.1310413 2.9714697 3.1801930 2.9820028 3.3198442 2.9616666 2.9821814 2.9642743 3.1455377 2.8433485 2.6291394 2.5046955 3.2529070 3.5090702 2.8254695 2.0981779 
Drygla_Dgla_sb299119                                    3.3356265 3.3048189 3.2208708 1.8029566 2.4945458 1.7233579 2.4263054 1.7895494 2.3814912 1.9226575 1.6972236 2.0726362 3.2577708 2.3405970 2.7872932 3.8000273 2.2372705 3.1021368 2.5784482 2.3791684 2.4543881 2.2217303 2.1821048 2.2082724 2.3788213 0.7072097 0.7416858 0.6207488 0.3614065 0.3614065 0.5501892 0.4003032 0.2549473 0.0087943 0.0000000 0.4193101 0.4119340 0.4127208 0.6393582 0.9489646 0.7384996 0.4496272 0.6039703 0.8405379 2.5406137 2.2794855 1.8737369 2.5935578 2.3548420 2.5338346 2.7614316 2.0479419 2.3377948 2.5141922 2.2125795 2.5191099 2.3479084 2.5617143 2.0751798 2.1047336 2.2026076 2.1520455 2.1067079 2.0308428 2.0526898 2.0466940 2.0757035 2.4234588 2.4804212 2.7975971 2.4976639 2.8886953 2.4053473 2.5274711 2.7249552 2.2064100 2.1872268 2.1873071 2.2373680 2.2612311 2.4456406 2.5732762 2.9637110 2.8562143 3.2987550 3.6008822 2.8671856 2.8480397 2.2515344 2.1563423 2.7855470 2.9190687 2.8726423 3.4266278 3.0752036 3.1206956 3.0938460 3.4329387 3.0143425 2.8019273 2.7487150 3.2751866 3.1930901 2.6920271 3.0356346 
Bolinf_Binf_sb1254813                                   2.3534705 8.2656642 8.2656642 2.0503843 2.0740592 1.9404430 2.0733209 1.9662060 1.9863217 2.1357516 2.0166050 2.1401958 4.3795762 2.0449619 4.0502319 3.9208773 1.4826349 3.5984061 2.8256830 2.3626156 2.3460798 1.6946768 2.0233903 2.0784415 2.0995639 0.7336657 0.8006232 2.2843418 0.3495996 0.3495996 1.7039824 0.3353932 0.3566878 0.4067811 0.4193101 0.0000000 0.0133638 0.2808873 0.5703516 1.0298222 0.5687442 0.4984738 0.6121209 0.8185228 2.8289125 2.4668398 0.8883170 1.9877593 2.6116096 2.9281415 3.3117035 2.2147021 3.3102021 3.5343580 3.0763815 3.1828603 3.0802662 3.1432035 2.3079118 2.4548059 2.6132100 2.6703980 2.6897902 2.3415903 2.4482517 2.4927103 2.6278810 3.0947005 3.3382841 3.6811803 3.2699492 3.5908043 2.7229636 3.9771295 8.8489495 2.9462755 2.5537073 2.9465230 2.5986470 2.5473232 2.9493407 3.5093705 4.2334669 3.9794713 4.4631125 3.4364141 3.3574600 3.2365141 2.3955431 2.1632607 3.1391139 3.5809859 3.5049001 4.3162476 3.7536793 3.7536793 3.7536793 3.5593372 3.2730016 3.0354326 3.3414594 3.2914703 5.1950082 3.3995869 9.0000000 
