73
Lcom_lcpid184293                                       0.0000000 0.0520322 0.0647168 0.0465073 0.0797608 0.0999771 0.0896580 0.1090403 0.1045225 0.1043805 0.1314492 0.1210945 0.1430794 0.2180001 0.2085241 0.2484654 0.0000010 0.1639006 0.2438521 0.2424089 0.1652510 0.2018363 0.2119670 0.2132959 0.1912166 0.2165915 0.2165915 0.2172789 0.2608620 0.1906929 0.1589764 0.1994651 0.1427916 0.1761399 0.1516370 0.1741932 0.1697330 0.1948516 0.2532101 0.1548161 0.1455037 0.1455037 0.1255241 0.1353897 0.1353897 0.1450768 0.2059408 0.1838965 0.1414040 0.1860236 0.2218677 0.2549462 0.2607774 0.2555232 0.3384270 0.2947167 0.2934335 0.2029630 0.2800007 0.2800007 0.2800007 0.2800007 0.2800007 0.2912626 0.2912626 0.2838830 0.2206198 0.0000010 0.1652510 0.2568885 1.7814593 0.0000010 0.4519586 
Acagra_model.g12148.t1                                 0.0520322 0.0000000 0.2185773 0.1229934 0.1617538 0.1446231 0.1819574 0.1983612 0.2320776 0.1854845 0.2399596 0.2095517 0.1901828 0.2818146 0.2761552 0.2965330 0.5069687 0.2972837 0.2443378 0.2439877 0.2172877 0.2557040 0.3260801 0.2832154 0.2859684 0.3416967 0.3416967 0.3246553 0.3569889 0.2532509 0.2661050 0.2765112 0.2695134 0.2844833 0.2820197 0.2996498 0.3154074 0.2807871 0.3824184 0.3042073 0.3012311 0.3049610 0.3042241 0.3021848 0.3036465 0.3314569 0.3048621 0.2606570 0.3054896 0.2915801 0.4499233 0.4165078 0.4025811 0.4474683 0.4150441 0.3964170 0.4073195 0.3366046 0.4501640 0.4523306 0.4685698 0.4836877 0.4127966 0.4787538 0.4787538 0.3867485 0.3245381 0.4651391 0.3100060 0.3713993 0.6458755 0.3898610 0.8251003 
Skow_XM_002741175.2                                    0.0647168 0.2185773 0.0000000 0.2382813 0.2512232 0.1834082 0.3362789 0.2606644 0.3418474 0.2850939 0.2451957 0.2761985 0.2849316 0.3866945 0.3874063 0.4124766 0.6022054 0.3399403 0.2755682 0.2777854 0.2404168 0.2482081 0.3791208 0.3112761 0.3528674 0.3855557 0.3855557 0.3952135 0.4073310 0.2884235 0.3261129 0.3258379 0.3268253 0.3511719 0.3310872 0.3269897 0.3495868 0.2891644 0.4463323 0.3469973 0.3495032 0.3525399 0.3342729 0.3348340 0.3899339 0.3642381 0.3642714 0.3222487 0.3417974 0.3360373 0.4157566 0.4528475 0.4669081 0.5098863 0.4361605 0.4165357 0.4187410 0.3263473 0.4547722 0.4623078 0.4694091 0.4910413 0.3683677 0.4976417 0.4976417 0.4577559 0.3976467 0.6400086 0.2875441 0.3203846 0.8702309 0.5515702 0.8010070 
Cgig_XM_011415827.3                                    0.0465073 0.1229934 0.2382813 0.0000000 0.1995292 0.1445139 0.2045788 0.2611765 0.3039348 0.2580654 0.2776255 0.2498441 0.1891638 0.3021095 0.3074724 0.3255750 0.5223405 0.3077660 0.2432878 0.2428427 0.2158853 0.2149976 0.3554408 0.2659637 0.3173565 0.3700971 0.3700971 0.3484558 0.3730517 0.2474793 0.2984993 0.3052781 0.3148301 0.3357719 0.3280605 0.3286941 0.3302047 0.2709820 0.5029792 0.3666380 0.3578997 0.3590988 0.3670587 0.3635393 0.4343141 0.3916872 0.3299170 0.2974260 0.3239712 0.3291493 0.3967985 0.4734008 0.4661623 0.4801802 0.4428291 0.4331671 0.4114740 0.3660632 0.5102115 0.5252914 0.5327156 0.5339401 0.4203538 0.5339216 0.5339216 0.4378465 0.4932323 0.6780545 0.3075696 0.3477895 0.6931173 0.4468401 0.8299529 
Cscu_XM_023359445.1                                    0.0797608 0.1617538 0.2512232 0.1995292 0.0000000 0.1712033 0.2359743 0.1971207 0.2363539 0.1284671 0.2495139 0.2020612 0.1974000 0.3073259 0.3028490 0.2887028 0.4234900 0.2775169 0.2232724 0.2212957 0.2002430 0.2515400 0.3035904 0.2473023 0.3005016 0.3249140 0.3249140 0.3473390 0.3197092 0.2366291 0.2797665 0.2912782 0.2632273 0.3043164 0.2694686 0.2833542 0.3031014 0.2568089 0.4014974 0.2925138 0.2921588 0.2930018 0.2820164 0.2993948 0.3798986 0.3223231 0.2702277 0.2531618 0.3311755 0.3126368 0.4154526 0.4029052 0.4035791 0.4357173 0.3754558 0.3625676 0.3962691 0.3733637 0.4042443 0.4118493 0.4166860 0.4242409 0.3527012 0.4197716 0.4197716 0.3783576 0.3447068 0.4422207 0.2978808 0.3566736 0.6731741 0.4055153 0.6936801 
Ctel_gnl_WGS_AMQN_CAPTEDRAFT_mRNA103488                0.0999771 0.1446231 0.1834082 0.1445139 0.1712033 0.0000000 0.0460092 0.1912098 0.1762091 0.1764878 0.2318326 0.2102421 0.2130628 0.2773169 0.3106476 0.3616862 0.7269336 0.3127183 0.3473091 0.3777568 0.2621716 0.3065319 0.3785181 0.3708721 0.3578371 0.3758202 0.3758202 0.3616897 0.4306953 0.2904938 0.2626462 0.2813966 0.2796929 0.2990631 0.2685265 0.2859983 0.2833406 0.2779851 0.3939301 0.2652351 0.2542898 0.2542898 0.2227369 0.2553700 0.2553700 0.2737325 0.2982838 0.2665112 0.2839136 0.2776989 0.3292662 0.4040449 0.3997080 0.4035165 0.4183926 0.4042734 0.3691237 0.2934970 0.3764571 0.3852351 0.3877001 0.4033528 0.3764571 0.4063854 0.4063854 0.3622317 0.3279480 0.6584951 0.2621716 0.3803486 2.9893005 0.0000010 0.6004078 
Ctel_gnl_WGS_AMQN_CAPTEDRAFT_mRNA178783                0.0896580 0.1819574 0.3362789 0.2045788 0.2359743 0.0460092 0.0000000 0.2878740 0.3290560 0.2622997 0.3887548 0.3006579 0.2669011 0.3539939 0.3674396 0.3932808 0.4831551 0.4028290 0.3532599 0.3621260 0.3135408 0.3343652 0.4324576 0.3616349 0.4153875 0.4642150 0.4642150 0.3825355 0.4640157 0.3585004 0.3521329 0.3591953 0.3395078 0.3736889 0.3558999 0.3503535 0.3455446 0.3211254 0.4577732 0.3865850 0.3865734 0.3956662 0.3675151 0.3813602 0.4701957 0.4249258 0.3736499 0.3466617 0.3949281 0.3669091 0.4788977 0.4859684 0.4597607 0.5093994 0.4148635 0.4237679 0.4445040 0.4060070 0.5708501 0.5765045 0.5905727 0.5959032 0.4513187 0.5791678 0.5791678 0.4389057 0.4209467 0.6250563 0.4006935 0.4045478 0.8371981 0.5070108 0.8561331 
Hsap_ENST00000444449                                   0.1090403 0.1983612 0.2606644 0.2611765 0.1971207 0.1912098 0.2878740 0.0000000 0.2862096 0.2433246 0.2619394 0.2285678 0.2787754 0.3844646 0.3754928 0.3840046 0.6326563 0.3524354 0.2647211 0.2660639 0.2506299 0.2560157 0.3516211 0.2698840 0.3541212 0.3792683 0.3792683 0.3686371 0.3512270 0.2675776 0.3206221 0.3145013 0.3044662 0.3150584 0.3054264 0.3162966 0.3584308 0.2931688 0.4734033 0.3185374 0.3382873 0.3419849 0.3497939 0.3499188 0.4044556 0.3519583 0.3519691 0.3236713 0.3654289 0.3362104 0.4370668 0.4592258 0.4614465 0.4815631 0.4422838 0.4119837 0.4500264 0.3763998 0.4675242 0.4754414 0.4826519 0.4883092 0.3711620 0.4986801 0.4986801 0.3113046 0.4521749 0.5682893 0.3718625 0.3530497 0.6760654 0.4811056 0.8418063 
Dpul_mRNA27925                                         0.1045225 0.2320776 0.3418474 0.3039348 0.2363539 0.1762091 0.3290560 0.2862096 0.0000000 0.2019555 0.3150122 0.3188491 0.2288613 0.4225719 0.4168591 0.4111349 0.8161015 0.3801248 0.2587115 0.2594818 0.2295952 0.2562731 0.4113387 0.3065855 0.3947783 0.4309254 0.4309254 0.4222389 0.4272561 0.2428622 0.3374749 0.3473072 0.3324839 0.3556300 0.3287849 0.3375431 0.3760621 0.2972895 0.5483830 0.3751402 0.3819237 0.3832011 0.3648931 0.3832085 0.4279304 0.4011547 0.3894438 0.3666538 0.4023452 0.3714222 0.4439916 0.4791515 0.4524019 0.5460732 0.4818021 0.4748767 0.4592952 0.4306440 0.4866086 0.4925657 0.5008403 0.5208422 0.3870920 0.5076589 0.5076589 0.4132422 0.5459808 0.7371435 0.3266806 0.3905318 0.7315096 0.4222998 0.7378810 
Tcas_TC001437_001                                      0.1043805 0.1854845 0.2850939 0.2580654 0.1284671 0.1764878 0.2622997 0.2433246 0.2019555 0.0000000 0.3020354 0.2547841 0.2065684 0.3372869 0.3373464 0.3296459 0.5446675 0.3331062 0.2203143 0.2181129 0.1978308 0.2630965 0.3785566 0.2895590 0.3674243 0.4070321 0.4070321 0.4284268 0.4105682 0.2386662 0.3174871 0.3235018 0.3137364 0.3307915 0.3194717 0.3276279 0.3478071 0.2963860 0.4332103 0.3230877 0.3157539 0.3193071 0.2976495 0.3102440 0.3816355 0.3652905 0.3416082 0.2983016 0.3550820 0.3453188 0.4210399 0.4681571 0.4433942 0.5055865 0.4205371 0.4248032 0.4375591 0.4031483 0.4535185 0.4595213 0.4731786 0.4826312 0.3554507 0.4773570 0.4773570 0.4183894 0.4394406 0.6297594 0.2840016 0.3322469 0.7089723 0.3330405 0.8437212 
Spur_XM_030996249.1                                    0.1314492 0.2399596 0.2451957 0.2776255 0.2495139 0.2318326 0.3887548 0.2619394 0.3150122 0.3020354 0.0000000 0.2853900 0.2704721 0.3598743 0.3448200 0.3443032 0.5511969 0.3138484 0.2679403 0.2695454 0.2442434 0.2768334 0.4229456 0.3279044 0.3684124 0.4334322 0.4334322 0.4066916 0.4043817 0.2646603 0.2967469 0.3156368 0.3140942 0.3244888 0.2998278 0.3146761 0.3695920 0.2920793 0.4977940 0.3545505 0.3614675 0.3626509 0.3512697 0.3622638 0.4029349 0.3607182 0.3349507 0.2904765 0.3667005 0.3516326 0.4072475 0.4377454 0.4493257 0.4735753 0.4581029 0.4276921 0.4391221 0.3772531 0.4453888 0.4533353 0.4535456 0.4642790 0.3782388 0.4426365 0.4426365 0.4339587 0.5304555 0.6711757 0.3202847 0.3666411 0.8395374 0.5896142 0.6751347 
Bralan_BLAG13000475_1                                  0.1210945 0.2095517 0.2761985 0.2498441 0.2020612 0.2102421 0.3006579 0.2285678 0.3188491 0.2547841 0.2853900 0.0000000 0.2541967 0.3692634 0.3693935 0.3640046 0.5573512 0.3638264 0.2410912 0.2296058 0.2308662 0.2631423 0.3961133 0.2943598 0.3918838 0.4174759 0.4174759 0.4129101 0.3867719 0.2160225 0.3082249 0.3203982 0.3283564 0.3466547 0.3266915 0.3241283 0.3387253 0.2848183 0.5179359 0.3507188 0.3417181 0.3476847 0.3662458 0.3740151 0.4348967 0.3796731 0.3464438 0.3280711 0.3493711 0.3355275 0.4023120 0.4677113 0.4833751 0.5083662 0.4363677 0.4137619 0.4175848 0.4002829 0.4722085 0.4799485 0.4979255 0.5002834 0.3763770 0.4951480 0.4951480 0.4099155 0.4109773 0.6598893 0.3264758 0.3965984 0.7406919 0.5846215 0.7979858 
Aaur_scaffold1071.g3.t1                                0.1430794 0.1901828 0.2849316 0.1891638 0.1974000 0.2130628 0.2669011 0.2787754 0.2288613 0.2065684 0.2704721 0.2541967 0.0000000 0.0438532 0.0375162 0.0646694 0.0000010 0.1657042 0.3361453 0.3437168 0.2795075 0.2844237 0.2860377 0.3052837 0.2840547 0.3213609 0.3213609 0.1440125 0.3021171 0.2837942 0.2525134 0.2637601 0.2250006 0.2564126 0.2515031 0.2608931 0.3109809 0.3146045 0.3279319 0.3040823 0.3024852 0.3031651 0.2652407 0.2635783 0.2635783 0.3034642 0.2194438 0.2451456 0.2929422 0.2386485 0.3912215 0.3912215 0.3915912 0.3973623 0.3763429 0.3974968 0.3717595 0.1751158 0.4215265 0.4215265 0.4118436 0.4118436 0.4229755 0.4391737 0.4391737 0.3609096 0.0000010 1.1872629 0.3665918 0.2702108 0.2617448 0.4306324 0.7165816 
Nemnom_g3874.t1                                        0.2180001 0.2818146 0.3866945 0.3021095 0.3073259 0.2773169 0.3539939 0.3844646 0.4225719 0.3372869 0.3598743 0.3692634 0.0438532 0.0000000 0.0215212 0.0794681 0.0756362 0.2326338 0.3274792 0.3343933 0.2800001 0.3091693 0.4699891 0.3599809 0.4331668 0.4808080 0.4808080 0.3851187 0.4759562 0.2755064 0.3210278 0.3226558 0.3113009 0.3313997 0.3201097 0.3284030 0.3307091 0.3175815 0.4014394 0.3465146 0.3431293 0.3442646 0.3124458 0.3279250 0.4098514 0.3705513 0.2817162 0.2848567 0.3758531 0.3614231 0.4893787 0.5245969 0.4982973 0.5238515 0.4269263 0.4280617 0.4351825 0.2798452 0.5493561 0.5575109 0.5584649 0.5777223 0.4766282 0.5678822 0.5678822 0.5240754 0.4877485 0.7118235 0.3680169 0.4849327 0.6395939 0.4162103 0.7563688 
Rhoesc_Res_016177-T1                                   0.2085241 0.2761552 0.3874063 0.3074724 0.3028490 0.3106476 0.3674396 0.3754928 0.4168591 0.3373464 0.3448200 0.3693935 0.0375162 0.0215212 0.0000000 0.0654889 0.0656945 0.2243002 0.3169651 0.3229898 0.2713706 0.2958780 0.4605111 0.3550200 0.4189138 0.4712849 0.4712849 0.3855444 0.4611596 0.2658916 0.3306846 0.3323738 0.2940670 0.3140957 0.3029760 0.3109606 0.3221449 0.3128472 0.3979909 0.3375698 0.3435848 0.3447255 0.3134529 0.3289529 0.4174980 0.3609541 0.2724094 0.2753285 0.3714528 0.3716221 0.4668944 0.5225068 0.4997812 0.5293548 0.4346684 0.4259452 0.4496346 0.2964997 0.5330361 0.5412317 0.5426423 0.5616999 0.4642348 0.5520198 0.5520198 0.5152932 0.4886872 0.7023113 0.3590936 0.4971302 0.6305172 0.4090757 0.7868208 
Sanmal_Sma_011474-T1                                   0.2484654 0.2965330 0.4124766 0.3255750 0.2887028 0.3616862 0.3932808 0.3840046 0.4111349 0.3296459 0.3443032 0.3640046 0.0646694 0.0794681 0.0654889 0.0000000 0.0817664 0.2212552 0.3057004 0.3106167 0.2544770 0.3002937 0.4504891 0.3516875 0.4240973 0.4657090 0.4657090 0.3983872 0.4464813 0.2472417 0.3468168 0.3486459 0.2910004 0.3300468 0.3103638 0.3189948 0.3424014 0.3070403 0.4217995 0.3410032 0.3500371 0.3512370 0.3228455 0.3446143 0.4241315 0.3775774 0.2836249 0.2744234 0.3622080 0.3810825 0.4686779 0.5356196 0.5211673 0.5441239 0.4352856 0.4343422 0.4771535 0.3000044 0.5095654 0.5177657 0.5219118 0.5308776 0.4558002 0.5332388 0.5332388 0.5136651 0.5790280 0.6772507 0.3584437 0.5087831 0.6471752 0.4239800 0.7957732 
Aaur_scaffold1071.g4.t1                                0.0000010 0.5069687 0.6022054 0.5223405 0.4234900 0.7269336 0.4831551 0.6326563 0.8161015 0.5446675 0.5511969 0.5573512 0.0000010 0.0756362 0.0656945 0.0817664 0.0000000 0.2642178 0.0000010 0.0000010 0.0000010 0.0000010 0.7680046 0.4566134 0.7506474 0.7823700 0.7823700 0.4569080 0.7997892 0.0000010 0.5144778 0.5059977 0.3729997 0.4153612 0.3673374 0.3799265 0.4414943 0.2583012 0.4256504 0.4369840 0.4155186 0.4180438 0.4094572 0.4094572 0.7521453 0.5282569 0.3899126 0.3531601 0.5323187 0.6434276 4.0569689 0.7261301 0.6544064 0.7201059 0.4545662 0.4783904 0.5183767 0.4025111 0.7520049 0.7778535 0.7972655 0.8320728 0.5623929 0.7787537 0.7787537 0.8576879 0.5309715 0.7200201 0.0000010 2.7305619 1.3832596 0.0000010 0.9197247 
Morvir_scaffold437.g13.t1                              0.1639006 0.2972837 0.3399403 0.3077660 0.2775169 0.3127183 0.4028290 0.3524354 0.3801248 0.3331062 0.3138484 0.3638264 0.1657042 0.2326338 0.2243002 0.2212552 0.2642178 0.0000000 0.2316464 0.2303072 0.2053698 0.2267324 0.3719401 0.2496294 0.3579559 0.3710976 0.3710976 0.3123599 0.3783858 0.2041302 0.2945283 0.3009175 0.2995048 0.3107100 0.2844373 0.3068776 0.3194937 0.2810696 0.4068909 0.2932733 0.3032600 0.3041704 0.3005287 0.3041291 0.4393994 0.3171350 0.2712723 0.2541430 0.3227719 0.3560183 0.4263244 0.4688571 0.4401524 0.4593091 0.3985307 0.3828712 0.4033985 0.2582181 0.4345281 0.4426193 0.4531966 0.4597499 0.3587414 0.4567423 0.4567423 0.4867706 0.5372110 0.7230209 0.2966226 0.3699377 0.6222434 0.4445822 0.6936712 
Bolinf_Binf_sb1260118                                  0.2438521 0.2443378 0.2755682 0.2432878 0.2232724 0.3473091 0.3532599 0.2647211 0.2587115 0.2203143 0.2679403 0.2410912 0.3361453 0.3274792 0.3169651 0.3057004 0.0000010 0.2316464 0.0000000 0.0000010 0.0074070 0.0149080 0.0396331 0.0377837 0.0469050 0.0387165 0.0387165 0.3454991 0.0980254 0.0723832 0.2147891 0.2458756 0.2451813 0.2988186 0.2663075 0.2780139 0.3228666 0.3642842 1.0703616 0.2496209 0.2573079 0.2578377 0.2352811 0.2321830 0.2321830 0.3053831 0.2423839 0.2274436 0.2996265 0.2959741 0.4236807 0.4236807 0.3893522 0.3671537 0.3277211 0.3187734 0.3595677 0.2484105 0.4254990 0.4254990 0.4281708 0.4281708 0.4170441 0.3903741 0.3903741 0.3488860 0.0000010 0.0000010 0.1055853 0.2634555 0.3210295 0.3750699 0.8617275 
Mertsp_Mesp_sb571387                                   0.2424089 0.2439877 0.2777854 0.2428427 0.2212957 0.3777568 0.3621260 0.2660639 0.2594818 0.2181129 0.2695454 0.2296058 0.3437168 0.3343933 0.3229898 0.3106167 0.0000010 0.2303072 0.0000010 0.0000000 0.0000010 0.0079260 0.0339012 0.0321737 0.0417046 0.0330204 0.0330204 0.0000010 0.0961885 0.0761107 0.2012126 0.2342450 0.2449050 0.2924015 0.2676978 0.2804214 0.3184577 0.3631101 0.0000010 0.2496886 0.2475112 0.2480381 0.2336539 0.2301096 0.2301096 0.2990488 0.2313962 0.2257395 0.2930906 0.2893844 0.4381502 0.4381502 0.4115735 0.3884705 0.3447046 0.3351157 0.3579148 0.2085536 0.4297671 0.4297671 0.4326804 0.4326804 0.4206009 0.3914625 0.3914625 0.3446028 0.0000010 0.0000010 0.1036277 0.2676822 0.3267940 0.3750699 0.8781363 
Bolinf_Binf_sb1260120                                  0.1652510 0.2172877 0.2404168 0.2158853 0.2002430 0.2621716 0.3135408 0.2506299 0.2295952 0.1978308 0.2442434 0.2308662 0.2795075 0.2800001 0.2713706 0.2544770 0.0000010 0.2053698 0.0074070 0.0000010 0.0000000 0.0062774 0.0265056 0.0254024 0.0326783 0.0259275 0.0259275 0.0000010 0.0890863 0.0655169 0.1860311 0.2187032 0.2010914 0.2517249 0.2255585 0.2338508 0.2718796 0.3031392 0.2269573 0.2111622 0.2017971 0.2020520 0.1667093 0.1626490 0.1626490 0.2374648 0.2081346 0.2035845 0.2517854 0.2588737 0.3577109 0.3577109 0.3315990 0.3119004 0.2989674 0.2910037 0.3259722 0.1647487 0.3769846 0.3769846 0.3791014 0.3791014 0.3697018 0.3491075 0.3491075 0.3138851 0.0000010 0.0000010 0.0726328 0.2224469 0.3154119 0.3750699 0.6230472 
Mlei_ML0898.g1.i1                                      0.2018363 0.2557040 0.2482081 0.2149976 0.2515400 0.3065319 0.3343652 0.2560157 0.2562731 0.2630965 0.2768334 0.2631423 0.2844237 0.3091693 0.2958780 0.3002937 0.0000010 0.2267324 0.0149080 0.0079260 0.0062774 0.0000000 0.0194399 0.0285106 0.0390660 0.0345961 0.0345961 0.0244923 0.0755209 0.0579613 0.2430478 0.2696007 0.2229909 0.2880810 0.2621671 0.2786349 0.2587428 0.2926578 0.3943728 0.2478458 0.2472763 0.2475860 0.2401071 0.2393536 0.2393536 0.2698885 0.2822191 0.2636889 0.2491485 0.2787719 0.3516299 0.3803765 0.3518452 0.3412463 0.3406245 0.3099000 0.3441358 0.2376860 0.3891358 0.3891358 0.3907766 0.3907766 0.3836309 0.3675165 0.3675165 0.3299426 0.3722477 0.0000010 0.0726328 0.3199097 0.5480104 0.3929126 0.5375817 
Drygla_Dgla_sb297030                                   0.2119670 0.3260801 0.3791208 0.3554408 0.3035904 0.3785181 0.4324576 0.3516211 0.4113387 0.3785566 0.4229456 0.3961133 0.2860377 0.4699891 0.4605111 0.4504891 0.7680046 0.3719401 0.0396331 0.0339012 0.0265056 0.0194399 0.0000000 0.0287699 0.0581288 0.0589468 0.0589468 0.0581988 0.0690725 0.0650140 0.3981805 0.4106182 0.3450772 0.4091826 0.3875872 0.3948600 0.3719853 0.3462980 0.5489092 0.3582158 0.3749604 0.3762446 0.4214272 0.4162542 0.4972345 0.3784042 0.4149619 0.4042465 0.3678490 0.3778596 0.4156987 0.4784736 0.4848023 0.4882125 0.4485296 0.4213653 0.4912016 0.4693445 0.5448886 0.5445148 0.5582469 0.5671532 0.4113006 0.5528396 0.5528396 0.4304949 0.6424679 0.0953115 0.1058735 0.4271346 0.6434774 0.3603943 0.6688394 
Beraby_Baby_sb336718                                   0.2132959 0.2832154 0.3112761 0.2659637 0.2473023 0.3708721 0.3616349 0.2698840 0.3065855 0.2895590 0.3279044 0.2943598 0.3052837 0.3599809 0.3550200 0.3516875 0.4566134 0.2496294 0.0377837 0.0321737 0.0254024 0.0285106 0.0287699 0.0000000 0.0356466 0.0360877 0.0360877 0.0387343 0.0600312 0.0795785 0.2919708 0.3209260 0.2659619 0.3137497 0.2938052 0.3118332 0.2971569 0.3279895 0.4836575 0.2984924 0.3114551 0.3118874 0.3415793 0.3377251 0.3377251 0.3138953 0.3311752 0.3242412 0.2872505 0.3340298 0.3547791 0.4225231 0.4103284 0.3712771 0.3875856 0.3569472 0.3836579 0.2901400 0.4623991 0.4574544 0.4550599 0.4550599 0.4173427 0.4551637 0.4551637 0.3779594 0.5397761 0.0689224 0.1111277 0.4156667 0.5921982 0.3749000 0.6253561 
Lampan_Lpan_2842_01                                    0.1912166 0.2859684 0.3528674 0.3173565 0.3005016 0.3578371 0.4153875 0.3541212 0.3947783 0.3674243 0.3684124 0.3918838 0.2840547 0.4331668 0.4189138 0.4240973 0.7506474 0.3579559 0.0469050 0.0417046 0.0326783 0.0390660 0.0581288 0.0356466 0.0000000 0.0759028 0.0759028 0.0424392 0.0811361 0.0740501 0.3678555 0.3853845 0.3286236 0.3822726 0.3599953 0.3821927 0.3571702 0.3168146 0.5278516 0.3530384 0.3651178 0.3663371 0.4094973 0.4046962 0.4709401 0.3757474 0.3917899 0.3851764 0.3435465 0.3764273 0.4149279 0.4964021 0.4948498 0.5173501 0.4583631 0.4377306 0.4783902 0.4643123 0.5277668 0.5274232 0.5408438 0.5494378 0.4041946 0.5334314 0.5334314 0.4572844 0.6000394 0.0929285 0.1136127 0.4194997 0.6664965 0.3309149 0.7093755 
Pbac_sb2666552                                         0.2165915 0.3416967 0.3855557 0.3700971 0.3249140 0.3758202 0.4642150 0.3792683 0.4309254 0.4070321 0.4334322 0.4174759 0.3213609 0.4808080 0.4712849 0.4657090 0.7823700 0.3710976 0.0387165 0.0330204 0.0259275 0.0345961 0.0589468 0.0360877 0.0759028 0.0000000 0.0000010 0.0668842 0.1097460 0.0898077 0.4179536 0.4348316 0.3676880 0.4231056 0.3856040 0.4071760 0.3918891 0.3324351 0.5450752 0.3776591 0.3960047 0.3974004 0.4140294 0.4090035 0.5030951 0.4027273 0.4232066 0.4168267 0.3712425 0.4091422 0.4440055 0.5000449 0.5111095 0.5078959 0.4839629 0.4552682 0.5210317 0.4909625 0.5593269 0.5674119 0.5678644 0.5790965 0.4228041 0.5808116 0.5808116 0.4653782 0.6384583 0.1239711 0.0929927 0.4419554 0.6842957 0.3863546 0.7289628 
Horcal_Hcv1.av93.c9.g711.i1                            0.2165915 0.3416967 0.3855557 0.3700971 0.3249140 0.3758202 0.4642150 0.3792683 0.4309254 0.4070321 0.4334322 0.4174759 0.3213609 0.4808080 0.4712849 0.4657090 0.7823700 0.3710976 0.0387165 0.0330204 0.0259275 0.0345961 0.0589468 0.0360877 0.0759028 0.0000010 0.0000000 0.0668842 0.1097460 0.0898077 0.4179536 0.4348316 0.3676880 0.4231056 0.3856040 0.4071760 0.3918891 0.3324351 0.5450752 0.3776591 0.3960047 0.3974004 0.4140294 0.4090035 0.5030951 0.4027273 0.4232066 0.4168267 0.3712425 0.4091422 0.4440055 0.5000449 0.5111095 0.5078959 0.4839629 0.4552682 0.5210317 0.4909625 0.5593269 0.5674119 0.5678644 0.5790965 0.4228041 0.5808116 0.5808116 0.4653782 0.6384583 0.1239711 0.0929927 0.4419554 0.6842957 0.3863546 0.7289628 
Eupdun_Edun_sb10648370                                 0.2172789 0.3246553 0.3952135 0.3484558 0.3473390 0.3616897 0.3825355 0.3686371 0.4222389 0.4284268 0.4066916 0.4129101 0.1440125 0.3851187 0.3855444 0.3983872 0.4569080 0.3123599 0.3454991 0.0000010 0.0000010 0.0244923 0.0581988 0.0387343 0.0424392 0.0668842 0.0668842 0.0000000 0.0949569 0.0000010 0.4164784 0.4164784 0.3396323 0.3780898 0.3477556 0.3774769 0.3074045 0.2929897 0.4906188 0.3800032 0.3930384 0.3930384 0.4038293 0.4045186 0.4086101 0.3784556 0.4683243 0.4643366 0.3310522 0.4092081 0.2284394 0.4900421 0.4460864 0.4384154 0.4726392 0.4405509 0.4616825 0.3550733 0.5349038 0.5261550 0.5349038 0.5349038 0.4610242 0.5420402 0.5420402 0.4176773 0.5729063 0.1100527 0.0000010 0.5175442 2.0799210 0.0000010 0.4599409 
Vmul_SimC401718                                        0.2608620 0.3569889 0.4073310 0.3730517 0.3197092 0.4306953 0.4640157 0.3512270 0.4272561 0.4105682 0.4043817 0.3867719 0.3021171 0.4759562 0.4611596 0.4464813 0.7997892 0.3783858 0.0980254 0.0961885 0.0890863 0.0755209 0.0690725 0.0600312 0.0811361 0.1097460 0.1097460 0.0949569 0.0000000 0.1038249 0.3933518 0.4096521 0.3734999 0.4139287 0.3988793 0.4168510 0.3954942 0.3735748 0.5845911 0.3930584 0.4139499 0.4154462 0.4535715 0.4475409 0.5263515 0.4142563 0.4100999 0.4105370 0.3856275 0.4133349 0.4288342 0.5058663 0.5056234 0.5206809 0.4763749 0.4427487 0.4963191 0.5023679 0.5464616 0.5460944 0.5594796 0.5681944 0.4421721 0.5619437 0.5619437 0.4407440 0.6542462 0.0842065 0.1675200 0.4358291 0.6353244 0.4395491 0.7334873 
Eupdun_Edun_sb10648373                                 0.1906929 0.2532509 0.2884235 0.2474793 0.2366291 0.2904938 0.3585004 0.2675776 0.2428622 0.2386662 0.2646603 0.2160225 0.2837942 0.2755064 0.2658916 0.2472417 0.0000010 0.2041302 0.0723832 0.0761107 0.0655169 0.0579613 0.0650140 0.0795785 0.0740501 0.0898077 0.0898077 0.0000010 0.1038249 0.0000000 0.2054924 0.2276668 0.2167064 0.2627713 0.2424935 0.2445041 0.2682306 0.2836481 0.0000010 0.2260850 0.2357436 0.2361511 0.2298634 0.2269332 0.2269332 0.2706350 0.2275093 0.2208377 0.2568970 0.2118563 0.3216562 0.3216562 0.2754734 0.2944938 0.2507918 0.2426722 0.2896577 0.1480205 0.3710058 0.3710058 0.3595244 0.3595244 0.3750644 0.3309983 0.3309983 0.2995490 0.0000010 0.0000010 0.1777878 0.1987368 0.2591867 0.4098880 0.5846694 
Dgig_XM_028547942.1                                    0.1589764 0.2661050 0.3261129 0.2984993 0.2797665 0.2626462 0.3521329 0.3206221 0.3374749 0.3174871 0.2967469 0.3082249 0.2525134 0.3210278 0.3306846 0.3468168 0.5144778 0.2945283 0.2147891 0.2012126 0.1860311 0.2430478 0.3981805 0.2919708 0.3678555 0.4179536 0.4179536 0.4164784 0.3933518 0.2054924 0.0000000 0.0307063 0.3032085 0.2939938 0.2760474 0.2933295 0.3286156 0.3182160 0.3460921 0.2392050 0.2327455 0.2333199 0.2368594 0.2405089 0.2911762 0.2446942 0.2352372 0.2370489 0.3416702 0.3091971 0.4097415 0.3839906 0.3739665 0.4134566 0.4217666 0.4032924 0.3848314 0.3500025 0.4407488 0.4468272 0.4477249 0.4669606 0.3778053 0.4499346 0.4499346 0.4538160 0.4063936 0.6697526 0.3097017 0.3687382 0.5902030 0.4440700 0.7464109 
Xesp_001189-T1                                         0.1994651 0.2765112 0.3258379 0.3052781 0.2912782 0.2813966 0.3591953 0.3145013 0.3473072 0.3235018 0.3156368 0.3203982 0.2637601 0.3226558 0.3323738 0.3486459 0.5059977 0.3009175 0.2458756 0.2342450 0.2187032 0.2696007 0.4106182 0.3209260 0.3853845 0.4348316 0.4348316 0.4164784 0.4096521 0.2276668 0.0307063 0.0000000 0.3091068 0.2980709 0.2772824 0.3023514 0.3252483 0.3195950 0.3624063 0.2580495 0.2588837 0.2595552 0.2622792 0.2653153 0.3275372 0.2746725 0.2527265 0.2404281 0.3556880 0.3152547 0.4310212 0.4045518 0.4052065 0.4531334 0.4398853 0.4267458 0.4004976 0.3692986 0.4384821 0.4445387 0.4454728 0.4645687 0.3783004 0.4581800 0.4581800 0.4531736 0.3920947 0.6593329 0.3472254 0.3731761 0.6181750 0.4157729 0.7676092 
Lcom_lcpid74968                                        0.1427916 0.2695134 0.3268253 0.3148301 0.2632273 0.2796929 0.3395078 0.3044662 0.3324839 0.3137364 0.3140942 0.3283564 0.2250006 0.3113009 0.2940670 0.2910004 0.3729997 0.2995048 0.2451813 0.2449050 0.2010914 0.2229909 0.3450772 0.2659619 0.3286236 0.3676880 0.3676880 0.3396323 0.3734999 0.2167064 0.3032085 0.3091068 0.0000000 0.0841708 0.0696763 0.0882361 0.1344490 0.1301921 0.4271045 0.3018636 0.2921101 0.2953545 0.3376571 0.3444240 0.4207246 0.3333302 0.3317558 0.2820511 0.2373660 0.2486617 0.3940115 0.4123602 0.4006802 0.4126385 0.3254595 0.3116533 0.3585540 0.3074095 0.4292366 0.4370626 0.4319474 0.4491942 0.4021642 0.4361767 0.4361767 0.4583618 0.4418373 0.5887157 0.2774484 0.3572782 0.6128842 0.4921266 0.6182549 
Gracom_Gcom_scaffold13090_01                           0.1761399 0.2844833 0.3511719 0.3357719 0.3043164 0.2990631 0.3736889 0.3150584 0.3556300 0.3307915 0.3244888 0.3466547 0.2564126 0.3313997 0.3140957 0.3300468 0.4153612 0.3107100 0.2988186 0.2924015 0.2517249 0.2880810 0.4091826 0.3137497 0.3822726 0.4231056 0.4231056 0.3780898 0.4139287 0.2627713 0.2939938 0.2980709 0.0841708 0.0000000 0.0468718 0.0726167 0.1375530 0.1646147 0.4129220 0.3047697 0.2922546 0.2955824 0.3333257 0.3403759 0.4212643 0.3375850 0.3429637 0.3101160 0.2542741 0.2677993 0.3850872 0.4353106 0.4394744 0.4474081 0.3893242 0.3706981 0.3886074 0.2977316 0.4465464 0.4544028 0.4468145 0.4597941 0.4351488 0.4809461 0.4809461 0.5086279 0.4079394 0.6098001 0.3420820 0.3918325 0.6833867 0.4807234 0.7182914 
Scil_scict010230.1                                     0.1516370 0.2820197 0.3310872 0.3280605 0.2694686 0.2685265 0.3558999 0.3054264 0.3287849 0.3194717 0.2998278 0.3266915 0.2515031 0.3201097 0.3029760 0.3103638 0.3673374 0.2844373 0.2663075 0.2676978 0.2255585 0.2621671 0.3875872 0.2938052 0.3599953 0.3856040 0.3856040 0.3477556 0.3988793 0.2424935 0.2760474 0.2772824 0.0696763 0.0468718 0.0000000 0.0423394 0.1365041 0.1526577 0.4306150 0.2967710 0.2875520 0.2907236 0.3175146 0.3236761 0.3995099 0.3436018 0.3382901 0.2953113 0.2627835 0.2640378 0.3789371 0.4159789 0.4115479 0.4198642 0.3653950 0.3513001 0.3770755 0.3193881 0.4344274 0.4423323 0.4332763 0.4532398 0.4106984 0.4519410 0.4519410 0.4985895 0.3937270 0.5995559 0.3039316 0.3635941 0.6754891 0.4680570 0.6953305 
Leuniv_Lniv_C807338_01                                 0.1741932 0.2996498 0.3269897 0.3286941 0.2833542 0.2859983 0.3503535 0.3162966 0.3375431 0.3276279 0.3146761 0.3241283 0.2608931 0.3284030 0.3109606 0.3189948 0.3799265 0.3068776 0.2780139 0.2804214 0.2338508 0.2786349 0.3948600 0.3118332 0.3821927 0.4071760 0.4071760 0.3774769 0.4168510 0.2445041 0.2933295 0.3023514 0.0882361 0.0726167 0.0423394 0.0000000 0.1386427 0.1588594 0.4416442 0.3083972 0.3113501 0.3148345 0.3215421 0.3339654 0.4052899 0.3469847 0.3444962 0.3137086 0.2731114 0.2844855 0.3948555 0.4307987 0.4264304 0.4434613 0.3747818 0.3550796 0.4016439 0.3045448 0.4381894 0.4462602 0.4346292 0.4503184 0.3992349 0.4606422 0.4606422 0.5099650 0.4172958 0.6238143 0.2931253 0.3626456 0.7200790 0.4983047 0.7156142 
Clacor_Ccor_scaffold11351_01                           0.1697330 0.3154074 0.3495868 0.3302047 0.3031014 0.2833406 0.3455446 0.3584308 0.3760621 0.3478071 0.3695920 0.3387253 0.3109809 0.3307091 0.3221449 0.3424014 0.4414943 0.3194937 0.3228666 0.3184577 0.2718796 0.2587428 0.3719853 0.2971569 0.3571702 0.3918891 0.3918891 0.3074045 0.3954942 0.2682306 0.3286156 0.3252483 0.1344490 0.1375530 0.1365041 0.1386427 0.0000000 0.0960366 0.4485533 0.3375740 0.3295308 0.3305472 0.3619813 0.3670356 0.4488377 0.3766892 0.3616604 0.3530024 0.2706082 0.2957149 0.3737565 0.4062054 0.3830391 0.4308358 0.3659831 0.3565396 0.3829684 0.2709571 0.4324988 0.4322509 0.4500496 0.4603002 0.3959555 0.4575924 0.4575924 0.4425417 0.3281085 0.6057669 0.3371253 0.3607203 0.7115999 0.4867290 0.6428160 
Clacor_Ccor_scaffold76_01                              0.1948516 0.2807871 0.2891644 0.2709820 0.2568089 0.2779851 0.3211254 0.2931688 0.2972895 0.2963860 0.2920793 0.2848183 0.3146045 0.3175815 0.3128472 0.3070403 0.2583012 0.2810696 0.3642842 0.3631101 0.3031392 0.2926578 0.3462980 0.3279895 0.3168146 0.3324351 0.3324351 0.2929897 0.3735748 0.2836481 0.3182160 0.3195950 0.1301921 0.1646147 0.1526577 0.1588594 0.0960366 0.0000000 0.3694537 0.2869880 0.2676341 0.2679314 0.2767655 0.2929435 0.2929435 0.3097568 0.2892563 0.3037296 0.2610043 0.2521682 0.3051742 0.3652799 0.3763677 0.3492555 0.3566810 0.3566737 0.3336409 0.2528080 0.4113842 0.4160718 0.4050451 0.4050451 0.4112822 0.4214297 0.4214297 0.3705894 0.3697839 0.4673069 0.3324139 0.3625134 0.7302415 0.6157868 0.6033519 
Gfas_gfas1.m1.22093.m1                                 0.2532101 0.3824184 0.4463323 0.5029792 0.4014974 0.3939301 0.4577732 0.4734033 0.5483830 0.4332103 0.4977940 0.5179359 0.3279319 0.4014394 0.3979909 0.4217995 0.4256504 0.4068909 1.0703616 0.0000010 0.2269573 0.3943728 0.5489092 0.4836575 0.5278516 0.5450752 0.5450752 0.4906188 0.5845911 0.0000010 0.3460921 0.3624063 0.4271045 0.4129220 0.4306150 0.4416442 0.4485533 0.3694537 0.0000000 0.0391537 0.0524778 0.0463695 0.0428972 0.0402697 0.2013746 0.0448564 0.1925269 0.2161303 0.4036207 0.4952938 0.7547697 0.5878831 0.6063441 0.6468645 0.5955747 0.5604679 0.6003902 0.4805171 0.5170195 0.5202513 0.5570775 0.5984448 0.4112967 0.5866370 0.5866370 0.7138188 0.4428552 0.5656337 0.2269573 0.8119613 3.0542190 0.0000010 0.8183281 
Fspp_ffun1.m4.13696.m1                                 0.1548161 0.3042073 0.3469973 0.3666380 0.2925138 0.2652351 0.3865850 0.3185374 0.3751402 0.3230877 0.3545505 0.3507188 0.3040823 0.3465146 0.3375698 0.3410032 0.4369840 0.2932733 0.2496209 0.2496886 0.2111622 0.2478458 0.3582158 0.2984924 0.3530384 0.3776591 0.3776591 0.3800032 0.3930584 0.2260850 0.2392050 0.2580495 0.3018636 0.3047697 0.2967710 0.3083972 0.3375740 0.2869880 0.0391537 0.0000000 0.0443733 0.0408133 0.0636988 0.0586489 0.1521209 0.0545650 0.1746040 0.1885153 0.3260387 0.3434966 0.4235192 0.4695336 0.4596737 0.4628041 0.4473009 0.4337073 0.4443868 0.3358841 0.4521424 0.4541366 0.4688152 0.4892361 0.3918551 0.4690728 0.4690728 0.5067090 0.4105873 0.5556538 0.2960107 0.4269203 0.8033959 0.5679869 0.7460651 
Spis_XP_022797050_1                                    0.1455037 0.3012311 0.3495032 0.3578997 0.2921588 0.2542898 0.3865734 0.3382873 0.3819237 0.3157539 0.3614675 0.3417181 0.3024852 0.3431293 0.3435848 0.3500371 0.4155186 0.3032600 0.2573079 0.2475112 0.2017971 0.2472763 0.3749604 0.3114551 0.3651178 0.3960047 0.3960047 0.3930384 0.4139499 0.2357436 0.2327455 0.2588837 0.2921101 0.2922546 0.2875520 0.3113501 0.3295308 0.2676341 0.0524778 0.0443733 0.0000000 0.0060889 0.0523371 0.0475698 0.1387441 0.0628388 0.1839939 0.1984944 0.3096323 0.3361295 0.4070773 0.4595019 0.4666823 0.4515415 0.4433827 0.4397047 0.4359149 0.3228674 0.4445076 0.4465310 0.4747118 0.4926905 0.3918719 0.4681635 0.4681635 0.5389411 0.3951152 0.5917049 0.2916960 0.4084997 0.8206861 0.5767991 0.7510769 
Pocdam_XM_027193868.1                                  0.1455037 0.3049610 0.3525399 0.3590988 0.2930018 0.2542898 0.3956662 0.3419849 0.3832011 0.3193071 0.3626509 0.3476847 0.3031651 0.3442646 0.3447255 0.3512370 0.4180438 0.3041704 0.2578377 0.2480381 0.2020520 0.2475860 0.3762446 0.3118874 0.3663371 0.3974004 0.3974004 0.3930384 0.4154462 0.2361511 0.2333199 0.2595552 0.2953545 0.2955824 0.2907236 0.3148345 0.3305472 0.2679314 0.0463695 0.0408133 0.0060889 0.0000000 0.0484164 0.0437586 0.1338010 0.0554678 0.1797732 0.1942902 0.3130861 0.3398528 0.4128738 0.4612899 0.4684807 0.4466471 0.4483603 0.4446246 0.4409197 0.3238319 0.4462076 0.4482329 0.4765435 0.4946277 0.3926122 0.4699434 0.4699434 0.5412231 0.3951152 0.5952918 0.2916960 0.4084997 0.8276530 0.5970326 0.7414079 
Amil_Amillepora26002-RA                                0.1255241 0.3042241 0.3342729 0.3670587 0.2820164 0.2227369 0.3675151 0.3497939 0.3648931 0.2976495 0.3512697 0.3662458 0.2652407 0.3124458 0.3134529 0.3228455 0.4094572 0.3005287 0.2352811 0.2336539 0.1667093 0.2401071 0.4214272 0.3415793 0.4094973 0.4140294 0.4140294 0.4038293 0.4535715 0.2298634 0.2368594 0.2622792 0.3376571 0.3333257 0.3175146 0.3215421 0.3619813 0.2767655 0.0428972 0.0636988 0.0523371 0.0484164 0.0000000 0.0076719 0.0916331 0.0697746 0.1754951 0.1696802 0.3137708 0.3736500 0.4946147 0.5148632 0.5095200 0.5002746 0.4463397 0.4309213 0.4716446 0.3283595 0.4158186 0.4231939 0.4512737 0.4750605 0.3362795 0.4607825 0.4607825 0.5387639 0.4589037 0.6020682 0.1703813 0.3662632 0.9552647 0.7495911 0.7311545 
Adig_XM_015894179.1                                    0.1353897 0.3021848 0.3348340 0.3635393 0.2993948 0.2553700 0.3813602 0.3499188 0.3832085 0.3102440 0.3622638 0.3740151 0.2635783 0.3279250 0.3289529 0.3446143 0.4094572 0.3041291 0.2321830 0.2301096 0.1626490 0.2393536 0.4162542 0.3377251 0.4046962 0.4090035 0.4090035 0.4045186 0.4475409 0.2269332 0.2405089 0.2653153 0.3444240 0.3403759 0.3236761 0.3339654 0.3670356 0.2929435 0.0402697 0.0586489 0.0475698 0.0437586 0.0076719 0.0000000 0.0756664 0.0640895 0.1857082 0.1798983 0.3178548 0.3837419 0.4719328 0.5028093 0.4976777 0.4884439 0.4661892 0.4509300 0.4867782 0.3410933 0.4259726 0.4330634 0.4602480 0.4834911 0.3516840 0.4694060 0.4694060 0.5447767 0.4459892 0.6020682 0.1779297 0.4104959 1.1164701 0.7763048 0.7519949 
Adig_XM_015919902.1                                    0.1353897 0.3036465 0.3899339 0.4343141 0.3798986 0.2553700 0.4701957 0.4044556 0.4279304 0.3816355 0.4029349 0.4348967 0.2635783 0.4098514 0.4174980 0.4241315 0.7521453 0.4393994 0.2321830 0.2301096 0.1626490 0.2393536 0.4972345 0.3377251 0.4709401 0.5030951 0.5030951 0.4086101 0.5263515 0.2269332 0.2911762 0.3275372 0.4207246 0.4212643 0.3995099 0.4052899 0.4488377 0.2929435 0.2013746 0.1521209 0.1387441 0.1338010 0.0916331 0.0756664 0.0000000 0.1661892 0.3070417 0.2969673 0.3993150 0.4648177 0.4719328 0.6062532 0.5987512 0.6140174 0.5658218 0.5636495 0.6026747 0.4142353 0.5078998 0.5150920 0.5373509 0.5641449 0.3516840 0.5433398 0.5433398 0.5755036 0.4459892 0.8647063 0.1779297 0.4104959 1.1164701 0.7763048 1.0592684 
Gasp_gasp1.m3.3071.m1                                  0.1450768 0.3314569 0.3642381 0.3916872 0.3223231 0.2737325 0.4249258 0.3519583 0.4011547 0.3652905 0.3607182 0.3796731 0.3034642 0.3705513 0.3609541 0.3775774 0.5282569 0.3171350 0.3053831 0.2990488 0.2374648 0.2698885 0.3784042 0.3138953 0.3757474 0.4027273 0.4027273 0.3784556 0.4142563 0.2706350 0.2446942 0.2746725 0.3333302 0.3375850 0.3436018 0.3469847 0.3766892 0.3097568 0.0448564 0.0545650 0.0628388 0.0554678 0.0697746 0.0640895 0.1661892 0.0000000 0.1802751 0.2203636 0.3561957 0.3510611 0.4013224 0.4558110 0.4635367 0.4772273 0.4769486 0.4563185 0.4744451 0.3234042 0.4707455 0.4727473 0.4878354 0.5095764 0.4046978 0.4943307 0.4943307 0.5515852 0.4198148 0.6488530 0.2795055 0.4152783 0.8281213 0.5534460 0.7651692 
Nvec_v1g162648                                         0.2059408 0.3048621 0.3642714 0.3299170 0.2702277 0.2982838 0.3736499 0.3519691 0.3894438 0.3416082 0.3349507 0.3464438 0.2194438 0.2817162 0.2724094 0.2836249 0.3899126 0.2712723 0.2423839 0.2313962 0.2081346 0.2822191 0.4149619 0.3311752 0.3917899 0.4232066 0.4232066 0.4683243 0.4100999 0.2275093 0.2352372 0.2527265 0.3317558 0.3429637 0.3382901 0.3444962 0.3616604 0.2892563 0.1925269 0.1746040 0.1839939 0.1797732 0.1754951 0.1857082 0.3070417 0.1802751 0.0000000 0.0807335 0.3510586 0.3602540 0.4471601 0.5062806 0.4875890 0.4794193 0.4717532 0.4587952 0.4655625 0.3748100 0.4479586 0.4499588 0.4695163 0.4819843 0.3916428 0.4798570 0.4798570 0.5118434 0.5195906 0.6499575 0.2986879 0.4815219 0.7137597 0.5376597 0.8506607 
Exapal_XM_021041834.2                                  0.1838965 0.2606570 0.3222487 0.2974260 0.2531618 0.2665112 0.3466617 0.3236713 0.3666538 0.2983016 0.2904765 0.3280711 0.2451456 0.2848567 0.2753285 0.2744234 0.3531601 0.2541430 0.2274436 0.2257395 0.2035845 0.2636889 0.4042465 0.3242412 0.3851764 0.4168267 0.4168267 0.4643366 0.4105370 0.2208377 0.2370489 0.2404281 0.2820511 0.3101160 0.2953113 0.3137086 0.3530024 0.3037296 0.2161303 0.1885153 0.1984944 0.1942902 0.1696802 0.1798983 0.2969673 0.2203636 0.0807335 0.0000000 0.3275363 0.3512777 0.4263470 0.4691032 0.4322193 0.4393284 0.4201744 0.3988569 0.4088422 0.3526289 0.4098577 0.4160600 0.4330701 0.4450384 0.3779654 0.4526815 0.4526815 0.4899719 0.4767733 0.6370086 0.3030052 0.4248742 0.7052574 0.5789716 0.7650058 
Opea_EP00118_Oscarella_pearsei_P024946                 0.1414040 0.3054896 0.3417974 0.3239712 0.3311755 0.2839136 0.3949281 0.3654289 0.4023452 0.3550820 0.3667005 0.3493711 0.2929422 0.3758531 0.3714528 0.3622080 0.5323187 0.3227719 0.2996265 0.2930906 0.2517854 0.2491485 0.3678490 0.2872505 0.3435465 0.3712425 0.3712425 0.3310522 0.3856275 0.2568970 0.3416702 0.3556880 0.2373660 0.2542741 0.2627835 0.2731114 0.2706082 0.2610043 0.4036207 0.3260387 0.3096323 0.3130861 0.3137708 0.3178548 0.3993150 0.3561957 0.3510586 0.3275363 0.0000000 0.1584752 0.4468687 0.4480880 0.4438829 0.4306822 0.3314572 0.3348172 0.3640546 0.3274106 0.4560567 0.4637363 0.4744157 0.4819035 0.4138397 0.4878135 0.4878135 0.4900118 0.4648348 0.5733765 0.3236879 0.4031705 0.6446469 0.5635811 0.6137791 
Plajan_Pjan_C565438_01                                 0.1860236 0.2915801 0.3360373 0.3291493 0.3126368 0.2776989 0.3669091 0.3362104 0.3714222 0.3453188 0.3516326 0.3355275 0.2386485 0.3614231 0.3716221 0.3810825 0.6434276 0.3560183 0.2959741 0.2893844 0.2588737 0.2787719 0.3778596 0.3340298 0.3764273 0.4091422 0.4091422 0.4092081 0.4133349 0.2118563 0.3091971 0.3152547 0.2486617 0.2677993 0.2640378 0.2844855 0.2957149 0.2521682 0.4952938 0.3434966 0.3361295 0.3398528 0.3736500 0.3837419 0.4648177 0.3510611 0.3602540 0.3512777 0.1584752 0.0000000 0.3847130 0.3694543 0.3739303 0.4059237 0.3151279 0.3186883 0.3162396 0.4110658 0.4759348 0.4837509 0.4870342 0.4946727 0.3991786 0.4916659 0.4916659 0.4527059 0.4410478 0.5620514 0.3500705 0.4374090 0.6271447 0.4501935 0.6239216 
