59
Eupdun_Edun_sb10691255                  0.0000000 2.3877987 2.4143681 1.9734577 2.1694620 1.9948433 1.7152977 1.9498761 5.3584463 5.5926608 4.8980862 4.8980862 5.3734252 5.3734252 4.6001075 4.4536948 2.3116135 2.9104064 2.5524696 4.4402422 4.2530860 4.1396853 4.1298288 4.0277303 5.7239780 8.9999987 7.4169233 7.3306428 4.6970690 5.3372623 4.9728001 5.7560739 5.7919966 5.3669203 4.5033030 4.3983331 4.5164593 4.4411114 5.0341719 6.1200826 5.1646051 4.5977863 4.8271458 4.9179362 5.6189464 4.4080435 4.7260242 6.3594951 5.0983824 6.9953804 8.7851399 7.3608590 7.4855677 0.0000010 6.6050876 5.4674244 3.8613070 4.3102568 9.0000000 
Horcal_Hcv1.av93.c2.g1394.i1            2.3877987 0.0000000 0.0630794 1.1780338 1.2215128 0.8195740 1.6077779 1.3840539 4.9190340 4.5467914 4.6642616 4.6412003 4.7462637 4.7004827 4.7025267 4.4904461 4.3893919 1.6548617 3.9129670 4.0192426 4.1359692 4.3005694 4.2695173 3.9600414 4.3534676 2.8371207 3.5760844 3.6575858 3.7630275 3.9064031 3.8534320 2.4665446 4.0219444 4.3012527 5.0673456 3.9719635 4.4203532 3.8629229 3.3011449 4.4812753 4.6851510 5.5832249 4.1155648 3.1806159 3.9176258 4.6463423 3.7744917 4.0429827 4.7364173 5.7982514 5.6338808 4.8922506 5.5350197 3.6027925 4.3309645 4.7063987 4.3621764 5.3678528 5.8583067 
Pbac_sb2641593                          2.4143681 0.0630794 0.0000000 1.2282867 1.2912040 0.8263182 1.6329675 1.3993060 5.0185413 4.6076356 4.7893267 4.7651407 5.0160173 4.9665079 4.7826012 4.4576346 4.2684925 1.6548617 3.8255148 4.0997940 4.0428934 4.2795626 4.2130696 4.0128447 4.3685143 2.8340550 3.6488143 3.8347005 3.8443891 3.9725948 4.0205380 2.4511502 3.8261103 4.2346425 5.0915235 3.9599873 4.5054887 3.8788786 3.3077313 4.7429690 4.9423233 5.8806260 4.3495305 3.2012237 3.8740080 4.8502615 3.8025815 4.1831372 4.7020037 5.6533781 5.5819016 4.8788285 5.7248069 3.5745014 4.5753301 4.7272640 4.4716062 5.5969572 5.8206247 
Lampan_Lpan_103_01                      1.9734577 1.1780338 1.2282867 0.0000000 0.8795113 0.6499406 1.3347435 1.2984303 4.1671747 3.6664632 3.7211289 3.8381210 3.5174898 3.5319250 3.6791846 4.1518837 3.2470539 1.3868840 3.0150674 3.5054159 3.6064901 3.7279988 3.8115535 3.2267130 3.4685239 2.5604451 3.2789364 3.2802474 3.0611198 3.7922259 3.7347978 2.2365514 3.2324452 3.8268795 4.1427867 3.2769862 4.0433887 3.5071215 3.3152787 3.9675811 4.1182663 4.4595424 3.4207490 3.4320385 4.1599436 4.3385703 4.3322281 3.5974347 4.5050223 5.0984775 5.9239379 4.4444218 4.8924788 3.1242546 4.5183761 5.6807233 4.9268337 4.2551887 4.2516913 
Beraby_Baby_sb341773                    2.1694620 1.2215128 1.2912040 0.8795113 0.0000000 0.4352270 1.5190909 1.4674958 3.4673507 3.3370874 3.4445915 3.4793236 3.4183559 3.4158922 3.6700706 3.7451192 3.4293865 1.3159341 3.1964860 3.3475447 3.7531550 3.7898278 3.6763217 3.0305432 3.6184338 2.7923661 3.2232816 3.2757042 3.0517340 3.8301850 3.5817270 2.4032673 2.8803414 3.9402637 4.0459508 3.2954194 3.7012510 3.6396989 2.9385575 3.9563738 4.1616206 4.9375765 3.4950669 3.4690307 3.7671525 3.8210375 3.7426650 3.4517869 4.3375850 4.8950602 5.4993751 4.7482849 5.0799350 3.5079759 4.5038331 5.4953801 4.6161190 4.9333212 4.0113644 
Drygla_Dgla_sb283068                    1.9948433 0.8195740 0.8263182 0.6499406 0.4352270 0.0000000 1.0395644 1.2626127 3.5003762 3.5849320 3.3561071 3.3664428 3.3600055 3.4100761 3.4687795 3.1842351 2.1468273 1.5146900 1.9849744 3.1702711 2.9037411 2.9652994 3.2846468 3.0344284 3.3403819 2.8575775 3.2475198 3.2588333 2.9306726 3.3969984 3.0719921 2.3201172 3.0887709 2.8338879 3.3329040 2.9384357 3.4974575 3.1393506 3.2845236 2.7772788 3.5638005 3.6265906 2.9520474 3.0864845 4.1402430 3.6569568 4.0581946 3.2378858 4.0696179 5.3194036 6.2658864 5.6500272 5.0646009 3.9170183 4.0288947 5.1348945 4.2194602 2.8967394 9.0000000 
Vmul_Simscaffold8101_01                 1.7152977 1.6077779 1.6329675 1.3347435 1.5190909 1.0395644 0.0000000 0.8519503 3.8628634 3.7062848 3.9478001 3.9414734 3.7726703 3.6868785 3.4042248 3.3822791 3.3394341 1.3001613 3.0816359 3.2753332 3.5019064 3.8063059 3.6710723 3.1104437 3.3810042 2.8266013 3.4672899 3.2804362 2.9264344 3.3360933 3.7187078 2.4134288 3.6797630 3.4184959 3.6220118 3.5627354 3.5247036 2.5296684 2.7722632 3.8956940 3.7335427 3.8953053 3.3947672 3.2249043 3.8082910 4.1650216 3.6392136 3.6390259 3.5530884 4.3749027 4.8280859 3.9504337 4.8133867 3.2191582 4.7202829 4.8328707 4.2745664 4.5991846 4.0323615 
Coemet_Cmet_scaffold12582_01            1.9498761 1.3840539 1.3993060 1.2984303 1.4674958 1.2626127 0.8519503 0.0000000 4.1445725 4.3128934 4.2712263 4.2712263 4.5136513 4.5136513 3.6341680 3.5135118 1.5062847 1.0984873 1.9659395 3.7452777 3.1187827 3.2010835 4.0171101 3.4886417 4.3639785 4.3633886 4.3605985 4.4044668 3.4043032 3.9506097 3.7601068 3.5178559 3.4463924 3.1946908 3.7147177 3.7166804 3.7026674 3.7833267 3.4271104 3.2325386 3.5997371 3.5905059 3.5678155 3.7311456 5.1681508 4.7113761 4.8051251 4.6837846 4.3339854 5.7138194 5.8599133 4.7669146 5.1355330 0.0000010 5.1341673 5.1122476 4.1176008 1.5143419 8.9999990 
HoiH23_PlH23_000485-RA                  5.3584463 4.9190340 5.0185413 4.1671747 3.4673507 3.5003762 3.8628634 4.1445725 0.0000000 0.1121918 0.2814923 0.2734014 0.7960325 0.7991297 3.4863198 3.2192208 4.1077201 1.5485287 3.6080325 2.9332552 3.1190446 3.1828781 3.1665300 3.0365604 2.7830618 2.1682455 2.6078301 2.8380174 3.1930397 2.7481762 2.9736749 2.4419078 3.2751028 2.8886292 3.6027488 2.8981846 3.3660122 2.8777849 1.9426324 4.0006324 3.2344720 4.4110155 3.4591696 2.3695404 2.7522856 3.6211059 2.9173779 3.5424805 3.3492009 4.3447845 3.7393837 3.5369906 4.0212001 3.3629311 4.1885509 4.2954344 3.1745796 5.3935011 5.4985481 
HoiH06_mRNA7323                         5.5926608 4.5467914 4.6076356 3.6664632 3.3370874 3.5849320 3.7062848 4.3128934 0.1121918 0.0000000 0.2381048 0.2320409 0.7203688 0.7241548 3.1192888 2.9795779 3.6747918 1.6175367 3.3352916 2.7249045 2.8920918 2.9930290 2.9496612 2.8498180 2.6866416 2.1260965 2.3652220 2.6385656 2.9102372 2.5911490 2.8518567 2.4711844 3.3663182 2.6671784 3.3749598 2.6005877 3.2257793 2.8329343 1.8288954 3.8736878 3.0848325 3.8092795 3.3026489 2.3491738 2.7773712 3.5570345 2.9648671 3.4133873 3.1267429 4.1325058 3.4419227 3.5714085 3.6018954 3.1661125 4.1449098 4.4045695 2.9664721 4.8432952 4.4566125 
Hhon_g01192.t1                          4.8980862 4.6642616 4.7893267 3.7211289 3.4445915 3.3561071 3.9478001 4.2712263 0.2814923 0.2381048 0.0000000 0.0111953 0.7739016 0.7769601 3.4579914 3.0302429 4.0620815 1.6729516 3.6007722 2.7645493 2.9580578 3.0579176 3.0219373 3.1305727 2.7423995 2.1461566 2.5151278 2.6774619 3.0681659 2.7133281 2.8039725 2.3494541 3.3838954 2.7628029 3.6444098 2.8446795 3.3012668 2.9038819 1.9971462 4.0020875 3.2006890 4.2213294 3.3695263 2.2896775 2.7036079 3.7388488 2.8954532 3.6820373 3.1755634 4.4150107 3.4511528 3.4964925 3.8526736 3.6465387 4.4250562 4.2992112 2.9172580 5.6354314 5.2834861 
HoiH04_mRNA6868                         4.8980862 4.6412003 4.7651407 3.8381210 3.4793236 3.3664428 3.9414734 4.2712263 0.2734014 0.2320409 0.0111953 0.0000000 0.7720475 0.7751064 3.4501907 3.0184219 3.9938455 1.6729516 3.5481996 2.7585712 2.9465158 3.0576759 3.0102644 3.1536753 2.7905781 2.1470378 2.4876634 2.6628620 3.1234562 2.7124467 2.8387997 2.3565457 3.3838954 2.7648338 3.6296365 2.8549313 3.3368914 2.8812004 1.9971462 4.0073925 3.1810994 4.1558512 3.3033490 2.2905200 2.7043126 3.7652622 2.8954532 3.6864315 3.1755634 4.3451937 3.4511528 3.4429715 3.8006200 3.5163719 4.3166981 4.2992112 2.9172580 5.4627394 5.2279136 
TrH2_TrispH2_009878-RA                  5.3734252 4.7462637 5.0160173 3.5174898 3.4183559 3.3600055 3.7726703 4.5136513 0.7960325 0.7203688 0.7739016 0.7720475 0.0000000 0.0090923 3.6940421 3.1118002 4.0508727 1.6515884 3.7025605 2.9787754 3.1091802 3.1737965 2.9922474 3.0982183 2.7931850 2.0853474 2.4108997 2.6094365 2.9131366 2.7422818 2.7851082 2.2928794 3.4340559 2.9689842 3.9495536 2.9117072 3.2707387 2.9612410 2.0560062 3.6893492 3.2580194 4.2638142 3.6004429 2.3354570 3.0282945 4.1666476 3.1557209 3.4680126 3.4295570 4.3691770 3.6388233 3.7512050 4.0537407 3.6068152 4.2114623 4.6935801 3.4582662 4.8970983 6.3266931 
Tadh_TriadT54639                        5.3734252 4.7004827 4.9665079 3.5319250 3.4158922 3.4100761 3.6868785 4.5136513 0.7991297 0.7241548 0.7769601 0.7751064 0.0090923 0.0000000 3.6845687 3.1073149 4.0291723 1.6961753 3.6848147 2.9700327 3.0994867 3.1640150 2.9767677 3.0963210 2.7720208 2.1047115 2.4048849 2.6040810 2.9119218 2.7315994 2.8182357 2.3225125 3.5526455 2.9850534 3.9406288 2.9143602 3.2135446 3.0010516 2.0926689 3.7056166 3.2617097 4.2437607 3.6100862 2.3558643 3.0540834 4.1830541 3.2107418 3.4767486 3.4647568 4.4031624 3.6247088 3.7482734 4.0682547 3.6068152 4.1575274 4.6935801 3.4582662 4.8960731 6.1618374 
Cgig_XM_034467689.1                     4.6001075 4.7025267 4.7826012 3.6791846 3.6700706 3.4687795 3.4042248 3.6341680 3.4863198 3.1192888 3.4579914 3.4501907 3.6940421 3.6845687 0.0000000 2.6317571 3.1472711 1.0933355 2.9340207 2.7752618 2.5115169 2.7488668 2.5595859 2.5558755 2.2118903 1.5128798 2.1409445 2.2876841 2.3191722 2.2442226 2.2031459 1.7589498 2.5467444 2.3521192 1.7936043 1.6516229 1.9945907 1.5073389 2.2190730 2.5564931 2.8392827 2.6776780 2.5494596 2.6562398 2.9516456 3.7080014 2.7109335 3.3120550 2.9771482 3.9720080 3.5643571 3.7860797 3.7044590 3.3377225 3.6720493 3.9061980 3.1056539 4.4379766 4.1704861 
Fspp_ffun1.m4.1822.m1                   4.4536948 4.4904461 4.4576346 4.1518837 3.7451192 3.1842351 3.3822791 3.5135118 3.2192208 2.9795779 3.0302429 3.0184219 3.1118002 3.1073149 2.6317571 0.0000000 1.1344553 0.3695066 0.9816231 0.3577532 0.5491732 0.5410006 0.6200993 2.1028232 2.3004471 1.3219872 1.8120042 1.8371721 2.0303628 1.8221838 1.9282984 1.3447068 1.8811181 2.6051373 3.3977037 2.5216053 2.8110798 1.8999443 1.2578511 2.9236667 3.0866085 3.5695441 2.8756295 2.1829656 2.1451277 3.4402366 1.9994757 3.5004059 2.6574710 3.4641357 2.7668469 3.3288378 3.4076511 4.2838223 4.0319343 5.0202763 2.9503576 4.2810427 3.7444225 
Amil_Amillepora03078-RA                 2.3116135 4.3893919 4.2684925 3.2470539 3.4293865 2.1468273 3.3394341 1.5062847 4.1077201 3.6747918 4.0620815 3.9938455 4.0508727 4.0291723 3.1472711 1.1344553 0.0000000 0.0518567 0.0381245 1.3527127 1.3466800 1.2657993 0.9956564 2.8702939 2.5449888 1.2221439 2.1075616 2.2973926 2.3633794 2.5745501 2.8670633 1.0629115 1.1397876 3.7478788 4.2508986 2.7682427 3.5318264 1.3962138 0.6896771 3.5615103 3.7571101 3.7237100 3.4111445 2.0520702 1.8174675 3.8338575 1.3191739 4.1180315 1.2287413 3.8391452 1.3858713 3.2977801 3.8363733 3.8863081 3.5099577 3.3796796 1.2156631 5.3303036 4.5977687 
Adig_XM_015903766.1                     2.9104064 1.6548617 1.6548617 1.3868840 1.3159341 1.5146900 1.3001613 1.0984873 1.5485287 1.6175367 1.6729516 1.6729516 1.6515884 1.6961753 1.0933355 0.3695066 0.0518567 0.0000000 0.0441518 0.3870937 0.3577186 0.3776548 0.3809124 0.8779913 0.7244507 0.7991113 0.7726110 0.7215805 0.6776257 0.7999699 0.8848741 0.7268740 0.6195783 1.1042452 1.2488361 0.9350345 1.3070132 1.1276974 0.5116581 1.0996668 1.2273156 1.4197375 1.1529698 1.5309056 1.5309056 1.5715368 1.3096831 1.3103474 0.9174846 2.0160449 1.1296397 2.4275143 2.3569941 4.0190266 2.0123214 5.7109806 0.5836646 1.8044702 0.0000010 
Adig_XM_015911645.1                     2.5524696 3.9129670 3.8255148 3.0150674 3.1964860 1.9849744 3.0816359 1.9659395 3.6080325 3.3352916 3.6007722 3.5481996 3.7025605 3.6848147 2.9340207 0.9816231 0.0381245 0.0441518 0.0000000 1.1726519 1.2129875 1.1296846 0.8960158 2.5122110 2.2896095 1.1367065 1.9623436 2.0682977 2.0842223 2.1795581 2.4051284 0.9317594 0.8485645 3.1675937 3.7940827 2.4767653 3.1812558 1.5455285 0.7696614 3.1477085 3.2772478 3.4870614 3.1566908 1.9616751 1.7594611 3.7597454 1.2741452 3.8697884 1.2733499 3.7159864 1.5746605 3.3502131 3.8766237 3.9515392 3.6365913 6.8076567 1.7045315 4.9526313 4.6704224 
Gasp_gasp1.m3.30796.m1                  4.4402422 4.0192426 4.0997940 3.5054159 3.3475447 3.1702711 3.2753332 3.7452777 2.9332552 2.7249045 2.7645493 2.7585712 2.9787754 2.9700327 2.7752618 0.3577532 1.3527127 0.3870937 1.1726519 0.0000000 0.6640713 0.6263704 0.6482696 2.1442868 2.3216744 1.4074690 1.8339174 1.9115008 2.0169816 1.8232296 1.7484142 1.2982048 1.7752357 2.6465444 3.3091837 2.5764434 2.7616845 1.9966531 1.3240926 3.0988645 3.0575942 3.3725242 2.8462036 2.1585968 2.0775430 3.1879586 2.0170270 3.7921661 2.8302766 3.2182645 2.7122230 3.2312264 3.3068326 3.9293839 4.1252872 5.0430488 3.1097733 4.0473342 3.1514993 
Spis_XP_022799522_1                     4.2530860 4.1359692 4.0428934 3.6064901 3.7531550 2.9037411 3.5019064 3.1187827 3.1190446 2.8920918 2.9580578 2.9465158 3.1091802 3.0994867 2.5115169 0.5491732 1.3466800 0.3577186 1.2129875 0.6640713 0.0000000 0.1402309 0.7351927 2.2267891 2.3214546 1.4528075 1.8495772 1.9738580 2.1513666 1.8559874 2.0107177 1.4435780 2.2532230 2.7160276 3.2366936 2.5849146 2.5978002 2.0547410 1.3236676 2.9873871 2.9702048 3.3077218 2.6504997 2.1634427 2.0909552 3.5394902 1.8914066 3.4444264 2.9364826 3.4954928 2.9407420 3.2842357 3.2547881 3.7881463 3.7626010 4.3838034 2.8642271 4.6127959 3.5592069 
Pocdam_XM_027203163.1                   4.1396853 4.3005694 4.2795626 3.7279988 3.7898278 2.9652994 3.8063059 3.2010835 3.1828781 2.9930290 3.0579176 3.0576759 3.1737965 3.1640150 2.7488668 0.5410006 1.2657993 0.3776548 1.1296846 0.6263704 0.1402309 0.0000000 0.7199380 2.1765222 2.3510133 1.3759431 1.9302837 2.1243677 2.1343661 1.8248248 2.0085653 1.4211123 2.2416885 2.8837006 3.0367962 2.5303073 2.7605108 2.0020981 1.2974704 3.0753608 3.0676736 3.3349422 2.7302527 2.1777910 2.0510298 3.5523501 1.9016786 3.4999498 2.8618548 3.4481551 2.9790937 3.2635260 3.2749651 3.8466218 3.6290168 3.8012698 3.1786679 4.7790606 4.1498048 
Gfas_gfas1.m1.7719.m1                   4.1298288 4.2695173 4.2130696 3.8115535 3.6763217 3.2846468 3.6710723 4.0171101 3.1665300 2.9496612 3.0219373 3.0102644 2.9922474 2.9767677 2.5595859 0.6200993 0.9956564 0.3809124 0.8960158 0.6482696 0.7351927 0.7199380 0.0000000 2.2515210 2.3610772 1.3453819 2.0508986 2.1200659 2.0412528 1.7223411 2.0837398 1.2766957 2.1897041 2.6372816 3.3999709 2.4919575 2.9297737 2.1050391 1.2562236 3.1171023 3.2436105 3.5830470 3.0069968 1.8933292 1.9939027 3.3330855 1.9737775 3.4654353 2.6809314 3.2550771 2.8247578 3.1445175 3.1931395 3.7802904 3.8096560 4.4919296 3.2006316 4.7333188 3.3019867 
Hvul_g12023_1                           4.0277303 3.9600414 4.0128447 3.2267130 3.0305432 3.0344284 3.1104437 3.4886417 3.0365604 2.8498180 3.1305727 3.1536753 3.0982183 3.0963210 2.5558755 2.1028232 2.8702939 0.8779913 2.5122110 2.1442868 2.2267891 2.1765222 2.2515210 0.0000000 1.4035134 0.7043499 1.2248583 1.3528325 1.2706400 2.0338276 1.8741564 1.6447433 2.4341922 1.4071895 2.7030700 2.1759989 2.4453315 1.8821311 1.7111195 2.1367311 2.6371874 2.9914552 2.2297794 2.1676141 2.4741933 3.3243839 2.3245462 3.0793458 2.4464021 3.2913536 2.9202295 3.2785570 3.3826440 3.7161407 3.0529067 3.1459222 3.0698935 4.4091995 3.5579963 
Sanmal_Sma_013802-T1                    5.7239780 4.3534676 4.3685143 3.4685239 3.6184338 3.3403819 3.3810042 4.3639785 2.7830618 2.6866416 2.7423995 2.7905781 2.7931850 2.7720208 2.2118903 2.3004471 2.5449888 0.7244507 2.2896095 2.3216744 2.3214546 2.3510133 2.3610772 1.4035134 0.0000000 0.3018763 0.8170221 0.8483118 1.2096467 2.2131936 2.1577076 1.4592195 2.5451919 1.5224507 2.9157255 2.2657633 2.5035718 1.5651020 1.8886000 2.3219661 2.6998502 3.1069829 2.4299639 2.1155690 2.4310434 3.1014441 2.5859391 2.8126513 2.5829060 3.3083508 3.4464157 3.1766941 3.5018747 3.1086063 3.8090580 3.8513687 3.1294229 4.4930366 2.7054693 
Aaur_scaffold196.g13.t1                 8.9999987 2.8371207 2.8340550 2.5604451 2.7923661 2.8575775 2.8266013 4.3633886 2.1682455 2.1260965 2.1461566 2.1470378 2.0853474 2.1047115 1.5128798 1.3219872 1.2221439 0.7991113 1.1367065 1.4074690 1.4528075 1.3759431 1.3453819 0.7043499 0.3018763 0.0000000 0.3468966 0.3046821 0.5891136 1.5434485 1.3580147 1.1617254 1.5814608 0.8690630 1.7456475 1.4236121 1.8172962 1.4416076 1.6307651 1.3808479 1.7283852 2.5697573 1.5879331 1.9313780 2.0311346 2.1902219 2.2536044 2.2493755 2.3557940 3.3629661 3.3152924 3.2023582 3.3694557 3.1267070 3.1827897 6.2522007 4.9197117 2.6909830 0.5542299 
Nemnom_g1782.t1                         7.4169233 3.5760844 3.6488143 3.2789364 3.2232816 3.2475198 3.4672899 4.3605985 2.6078301 2.3652220 2.5151278 2.4876634 2.4108997 2.4048849 2.1409445 1.8120042 2.1075616 0.7726110 1.9623436 1.8339174 1.8495772 1.9302837 2.0508986 1.2248583 0.8170221 0.3468966 0.0000000 0.2188652 1.0015307 2.0518311 2.0731009 1.3789987 2.9199811 1.4848942 2.6972979 2.0283478 2.2993195 1.5397153 1.6556088 2.0648087 2.6360396 2.9591542 2.2190093 2.1533924 2.4519507 2.9183020 2.6087989 2.8377886 2.7657401 3.2923880 3.0463591 3.0225697 3.4372860 3.0667777 3.8603596 4.9597773 3.5317061 3.7828716 2.0916680 
Rhoesc_Res_008830-T1                    7.3306428 3.6575858 3.8347005 3.2802474 3.2757042 3.2588333 3.2804362 4.4044668 2.8380174 2.6385656 2.6774619 2.6628620 2.6094365 2.6040810 2.2876841 1.8371721 2.2973926 0.7215805 2.0682977 1.9115008 1.9738580 2.1243677 2.1200659 1.3528325 0.8483118 0.3046821 0.2188652 0.0000000 1.0352608 2.1385546 2.0940182 1.3712867 2.8578838 1.5576141 2.9368091 2.0958287 2.4589051 1.5966944 1.7144258 2.2340387 2.7795196 3.2961447 2.3084673 2.0484345 2.4597950 3.0214456 2.6617400 3.0940645 2.9339440 3.5951322 3.2746456 3.3817257 3.8575515 3.3812616 3.6577500 4.7313472 3.3446878 4.1242516 2.2669856 
Morvir_scaffold505.g4.t1                4.6970690 3.7630275 3.8443891 3.0611198 3.0517340 2.9306726 2.9264344 3.4043032 3.1930397 2.9102372 3.0681659 3.1234562 2.9131366 2.9119218 2.3191722 2.0303628 2.3633794 0.6776257 2.0842223 2.0169816 2.1513666 2.1343661 2.0412528 1.2706400 1.2096467 0.5891136 1.0015307 1.0352608 0.0000000 1.7308315 1.8583932 1.2885683 1.8623377 1.5543195 2.4593600 1.9300162 2.5109983 1.5680853 1.4857665 2.3876800 2.9424658 3.1274383 2.2233344 1.9407534 2.3438072 3.2351234 2.4123367 3.0371586 2.2612952 3.0168880 2.4978503 3.0267871 3.3137902 3.6500975 3.3098976 3.9263988 3.2213857 4.7367073 3.2219301 
Dgig_XM_028551065.1                     5.3372623 3.9064031 3.9725948 3.7922259 3.8301850 3.3969984 3.3360933 3.9506097 2.7481762 2.5911490 2.7133281 2.7124467 2.7422818 2.7315994 2.2442226 1.8221838 2.5745501 0.7999699 2.1795581 1.8232296 1.8559874 1.8248248 1.7223411 2.0338276 2.2131936 1.5434485 2.0518311 2.1385546 1.7308315 0.0000000 0.5595405 1.7488346 2.5096230 2.2388342 2.5864820 2.1005863 2.3569142 2.0651054 1.5440642 2.4355323 2.6383279 2.9095706 2.5100106 2.5478777 2.5400529 3.2697548 2.2166743 2.9334409 2.8904846 3.3342048 2.8518010 2.9823501 3.1514515 3.2366438 3.4556018 3.7080115 4.0424033 4.9824599 3.7471892 
Xesp_003110-T1                          4.9728001 3.8534320 4.0205380 3.7347978 3.5817270 3.0719921 3.7187078 3.7601068 2.9736749 2.8518567 2.8039725 2.8387997 2.7851082 2.8182357 2.2031459 1.9282984 2.8670633 0.8848741 2.4051284 1.7484142 2.0107177 2.0085653 2.0837398 1.8741564 2.1577076 1.3580147 2.0731009 2.0940182 1.8583932 0.5595405 0.0000000 1.6234314 2.2266648 2.1432609 2.8383064 2.1295148 2.4030756 2.0562563 1.5542108 2.5616615 2.6149043 3.0979320 2.5044414 2.3609752 2.3455447 3.4623758 2.0691597 3.0854543 2.8781389 3.2534625 2.5808884 3.0638442 3.4911221 3.8726816 3.5804449 4.1456487 3.5466108 5.2208139 4.0981713 
Nvec_NVE11763                           5.7560739 2.4665446 2.4511502 2.2365514 2.4032673 2.3201172 2.4134288 3.5178559 2.4419078 2.4711844 2.3494541 2.3565457 2.2928794 2.3225125 1.7589498 1.3447068 1.0629115 0.7268740 0.9317594 1.2982048 1.4435780 1.4211123 1.2766957 1.6447433 1.4592195 1.1617254 1.3789987 1.3712867 1.2885683 1.7488346 1.6234314 0.0000000 0.3922256 1.5439026 1.8206569 1.5549643 1.7868968 1.9917427 1.4209444 1.8566293 2.2984128 2.9465656 2.0169414 2.0518919 2.1326961 2.3080687 2.3183573 2.1686442 2.3913409 3.2866957 2.8633037 3.5586647 3.2061510 3.4082498 3.4371958 8.9999981 3.5189791 3.0502476 0.9016447 
Nvec_NVE11762                           5.7919966 4.0219444 3.8261103 3.2324452 2.8803414 3.0887709 3.6797630 3.4463924 3.2751028 3.3663182 3.3838954 3.3838954 3.4340559 3.5526455 2.5467444 1.8811181 1.1397876 0.6195783 0.8485645 1.7752357 2.2532230 2.2416885 2.1897041 2.4341922 2.5451919 1.5814608 2.9199811 2.8578838 1.8623377 2.5096230 2.2266648 0.3922256 0.0000000 1.8551541 2.7790223 2.3790377 2.0515078 2.8349626 1.6744151 2.7885369 2.5294026 2.8139280 2.6045668 1.2965546 2.1381294 2.0392354 2.5308973 2.3887931 2.6943642 3.2200182 3.1616844 3.1462682 3.1625162 0.0000010 3.7040036 8.9999986 3.8696672 1.3770955 0.0000010 
Chem_TCONS_00026022                     5.3669203 4.3012527 4.2346425 3.8268795 3.9402637 2.8338879 3.4184959 3.1946908 2.8886292 2.6671784 2.7628029 2.7648338 2.9689842 2.9850534 2.3521192 2.6051373 3.7478788 1.1042452 3.1675937 2.6465444 2.7160276 2.8837006 2.6372816 1.4071895 1.5224507 0.8690630 1.4848942 1.5576141 1.5543195 2.2388342 2.1432609 1.5439026 1.8551541 0.0000000 2.6538082 1.7749106 2.4149085 1.5575488 1.3788851 2.4842752 2.6923154 2.9562051 2.5180361 2.1957103 2.2061966 3.2503069 2.6346171 2.8988151 2.3533248 3.3478562 2.5417519 2.9567441 3.2612081 3.2450428 3.5537975 3.9688640 2.4388755 4.2759251 3.1288368 
Acagra_model.g9813.t1                   4.5033030 5.0673456 5.0915235 4.1427867 4.0459508 3.3329040 3.6220118 3.7147177 3.6027488 3.3749598 3.6444098 3.6296365 3.9495536 3.9406288 1.7936043 3.3977037 4.2508986 1.2488361 3.7940827 3.3091837 3.2366936 3.0367962 3.3999709 2.7030700 2.9157255 1.7456475 2.6972979 2.9368091 2.4593600 2.5864820 2.8383064 1.8206569 2.7790223 2.6538082 0.0000000 1.8258025 2.5181581 1.3829012 2.1495357 2.9154701 2.9711093 2.7887487 3.0115290 2.2924717 2.7245140 4.2729478 2.5832066 3.2118390 3.3045284 4.1597633 3.8150525 4.0564480 4.1528002 3.1168989 4.2287137 4.4910788 3.0655941 6.0776728 4.5455878 
Ctel_gnl_WGS_AMQN_CAPTEDRAFT_mRNA208596 4.3983331 3.9719635 3.9599873 3.2769862 3.2954194 2.9384357 3.5627354 3.7166804 2.8981846 2.6005877 2.8446795 2.8549313 2.9117072 2.9143602 1.6516229 2.5216053 2.7682427 0.9350345 2.4767653 2.5764434 2.5849146 2.5303073 2.4919575 2.1759989 2.2657633 1.4236121 2.0283478 2.0958287 1.9300162 2.1005863 2.1295148 1.5549643 2.3790377 1.7749106 1.8258025 0.0000000 1.7810254 1.3589034 2.1633506 2.0596268 2.4248551 2.6923297 2.3732707 2.2491653 2.4372098 3.1474266 2.4254479 2.5915441 3.3893241 3.5952389 3.4605816 3.5235203 3.7140296 3.2179807 3.6256647 4.0709922 3.2096310 4.3809631 3.8825236 
Cscu_XM_023376890.1                     4.5164593 4.4203532 4.5054887 4.0433887 3.7012510 3.4974575 3.5247036 3.7026674 3.3660122 3.2257793 3.3012668 3.3368914 3.2707387 3.2135446 1.9945907 2.8110798 3.5318264 1.3070132 3.1812558 2.7616845 2.5978002 2.7605108 2.9297737 2.4453315 2.5035718 1.8172962 2.2993195 2.4589051 2.5109983 2.3569142 2.4030756 1.7868968 2.0515078 2.4149085 2.5181581 1.7810254 0.0000000 1.2548628 1.8565401 2.5630972 2.3736762 2.8198532 2.5897788 2.3006188 2.6149527 3.6952308 2.3977588 2.9472903 2.8724662 3.8791223 3.2396547 3.6363400 3.6442830 3.8344051 3.8276558 4.1100005 2.4802157 4.3632202 3.8479740 
Dpul_mRNA20776                          4.4411114 3.8629229 3.8788786 3.5071215 3.6396989 3.1393506 2.5296684 3.7833267 2.8777849 2.8329343 2.9038819 2.8812004 2.9612410 3.0010516 1.5073389 1.8999443 1.3962138 1.1276974 1.5455285 1.9966531 2.0547410 2.0020981 2.1050391 1.8821311 1.5651020 1.4416076 1.5397153 1.5966944 1.5680853 2.0651054 2.0562563 1.9917427 2.8349626 1.5575488 1.3829012 1.3589034 1.2548628 0.0000000 2.0144629 1.9214670 1.8886779 1.3927925 1.7717004 2.2622243 2.9640524 2.7193556 2.7992430 2.1272510 3.2652357 3.7078386 3.5988995 3.6126354 3.3998179 3.3711978 3.5312811 4.3808141 2.4558733 2.5655343 2.9897998 
Exapal_XM_021062010.1                   5.0341719 3.3011449 3.3077313 3.3152787 2.9385575 3.2845236 2.7722632 3.4271104 1.9426324 1.8288954 1.9971462 1.9971462 2.0560062 2.0926689 2.2190730 1.2578511 0.6896771 0.5116581 0.7696614 1.3240926 1.3236676 1.2974704 1.2562236 1.7111195 1.8886000 1.6307651 1.6556088 1.7144258 1.4857665 1.5440642 1.5542108 1.4209444 1.6744151 1.3788851 2.1495357 2.1633506 1.8565401 2.0144629 0.0000000 2.0979793 1.7690909 2.2078387 1.9451188 1.3277218 1.9528637 2.3179701 2.1584560 2.1333139 1.9741515 2.4193686 2.4158599 2.3454416 2.1778036 1.3030671 2.9642078 3.0554109 2.2417158 1.2610494 5.5386167 
Bralan_BLAG02001506_1                   6.1200826 4.4812753 4.7429690 3.9675811 3.9563738 2.7772788 3.8956940 3.2325386 4.0006324 3.8736878 4.0020875 4.0073925 3.6893492 3.7056166 2.5564931 2.9236667 3.5615103 1.0996668 3.1477085 3.0988645 2.9873871 3.0753608 3.1171023 2.1367311 2.3219661 1.3808479 2.0648087 2.2340387 2.3876800 2.4355323 2.5616615 1.8566293 2.7885369 2.4842752 2.9154701 2.0596268 2.5630972 1.9214670 2.0979793 0.0000000 2.8263926 3.2065340 2.2245282 2.7336776 3.1865492 3.6816684 2.5326700 2.7376834 3.1755276 3.6570265 3.5619428 3.6197666 4.0321795 3.3792865 3.6121458 4.3920398 3.0496346 4.2901839 4.9680873 
Skow_XM_002732680.2                     5.1646051 4.6851510 4.9423233 4.1182663 4.1616206 3.5638005 3.7335427 3.5997371 3.2344720 3.0848325 3.2006890 3.1810994 3.2580194 3.2617097 2.8392827 3.0866085 3.7571101 1.2273156 3.2772478 3.0575942 2.9702048 3.0676736 3.2436105 2.6371874 2.6998502 1.7283852 2.6360396 2.7795196 2.9424658 2.6383279 2.6149043 2.2984128 2.5294026 2.6923154 2.9711093 2.4248551 2.3736762 1.8886779 1.7690909 2.8263926 0.0000000 2.9220680 2.8348491 2.6802913 2.9204484 3.5898627 2.8327825 2.8418426 2.9720514 3.7585266 3.5199443 3.6891462 3.8346013 3.4901140 3.9997050 3.5899530 2.8540977 4.7375974 4.4900626 
Tcas_TC004457_001                       4.5977863 5.5832249 5.8806260 4.4595424 4.9375765 3.6265906 3.8953053 3.5905059 4.4110155 3.8092795 4.2213294 4.1558512 4.2638142 4.2437607 2.6776780 3.5695441 3.7237100 1.4197375 3.4870614 3.3725242 3.3077218 3.3349422 3.5830470 2.9914552 3.1069829 2.5697573 2.9591542 3.2961447 3.1274383 2.9095706 3.0979320 2.9465656 2.8139280 2.9562051 2.7887487 2.6923297 2.8198532 1.3927925 2.2078387 3.2065340 2.9220680 0.0000000 3.0020217 3.1004953 3.0782897 4.6151742 3.1372574 3.5276400 3.3965891 4.5595671 3.4810891 4.1453051 4.2785312 4.0981990 4.2076840 3.9467606 3.4175884 5.6373794 6.8992823 
Hsap_ENST00000296783                    4.8271458 4.1155648 4.3495305 3.4207490 3.4950669 2.9520474 3.3947672 3.5678155 3.4591696 3.3026489 3.3695263 3.3033490 3.6004429 3.6100862 2.5494596 2.8756295 3.4111445 1.1529698 3.1566908 2.8462036 2.6504997 2.7302527 3.0069968 2.2297794 2.4299639 1.5879331 2.2190093 2.3084673 2.2233344 2.5100106 2.5044414 2.0169414 2.6045668 2.5180361 3.0115290 2.3732707 2.5897788 1.7717004 1.9451188 2.2245282 2.8348491 3.0020217 0.0000000 2.6757730 2.7133136 3.5077936 2.4793103 3.3550884 2.9915144 3.8016484 3.2220730 3.6061120 4.2553010 3.7783618 3.5334900 3.9974407 3.0281883 4.2330292 4.9333014 
Lcom_lcpid132497                        4.9179362 3.1806159 3.2012237 3.4320385 3.4690307 3.0864845 3.2249043 3.7311456 2.3695404 2.3491738 2.2896775 2.2905200 2.3354570 2.3558643 2.6562398 2.1829656 2.0520702 1.5309056 1.9616751 2.1585968 2.1634427 2.1777910 1.8933292 2.1676141 2.1155690 1.9313780 2.1533924 2.0484345 1.9407534 2.5478777 2.3609752 2.0518919 1.2965546 2.1957103 2.2924717 2.2491653 2.3006188 2.2622243 1.3277218 2.7336776 2.6802913 3.1004953 2.6757730 0.0000000 0.0133139 1.1597195 0.7015539 2.3965222 2.2346794 3.3708228 2.2026255 3.9421975 3.8763137 3.9035278 3.6083252 8.9999990 1.9783238 3.7049274 2.9368564 
Lcom_lcpid125768                        5.6189464 3.9176258 3.8740080 4.1599436 3.7671525 4.1402430 3.8082910 5.1681508 2.7522856 2.7773712 2.7036079 2.7043126 3.0282945 3.0540834 2.9516456 2.1451277 1.8174675 1.5309056 1.7594611 2.0775430 2.0909552 2.0510298 1.9939027 2.4741933 2.4310434 2.0311346 2.4519507 2.4597950 2.3438072 2.5400529 2.3455447 2.1326961 2.1381294 2.2061966 2.7245140 2.4372098 2.6149527 2.9640524 1.9528637 3.1865492 2.9204484 3.0782897 2.7133136 0.0133139 0.0000000 1.1705978 0.9204122 2.6932096 2.5665916 3.0660298 2.9767744 3.2924138 3.1155481 3.3288640 3.5532801 4.6511471 2.8439580 2.7103342 0.4494906 
Gracom_Gcom_C558572_01                  4.4080435 4.6463423 4.8502615 4.3385703 3.8210375 3.6569568 4.1650216 4.7113761 3.6211059 3.5570345 3.7388488 3.7652622 4.1666476 4.1830541 3.7080014 3.4402366 3.8338575 1.5715368 3.7597454 3.1879586 3.5394902 3.5523501 3.3330855 3.3243839 3.1014441 2.1902219 2.9183020 3.0214456 3.2351234 3.2697548 3.4623758 2.3080687 2.0392354 3.2503069 4.2729478 3.1474266 3.6952308 2.7193556 2.3179701 3.6816684 3.5898627 4.6151742 3.5077936 1.1597195 1.1705978 0.0000000 0.7718647 3.3776958 2.2521395 3.7816920 2.5706402 3.6116089 3.6892408 4.6579633 3.9222936 3.9683789 2.7976727 4.5558536 4.0666668 
Leuniv_Lniv_scaffold12953_01            4.7260242 3.7744917 3.8025815 4.3322281 3.7426650 4.0581946 3.6392136 4.8051251 2.9173779 2.9648671 2.8954532 2.8954532 3.1557209 3.2107418 2.7109335 1.9994757 1.3191739 1.3096831 1.2741452 2.0170270 1.8914066 1.9016786 1.9737775 2.3245462 2.5859391 2.2536044 2.6087989 2.6617400 2.4123367 2.2166743 2.0691597 2.3183573 2.5308973 2.6346171 2.5832066 2.4254479 2.3977588 2.7992430 2.1584560 2.5326700 2.8327825 3.1372574 2.4793103 0.7015539 0.9204122 0.7718647 0.0000000 3.1505295 2.5612624 2.9241452 3.2678117 3.0107426 2.9847139 1.3299648 3.5883563 3.6628410 3.3037392 2.0125021 0.4494906 
Spur_XM_030977266.1                     6.3594951 4.0429827 4.1831372 3.5974347 3.4517869 3.2378858 3.6390259 4.6837846 3.5424805 3.4133873 3.6820373 3.6864315 3.4680126 3.4767486 3.3120550 3.5004059 4.1180315 1.3103474 3.8697884 3.7921661 3.4444264 3.4999498 3.4654353 3.0793458 2.8126513 2.2493755 2.8377886 3.0940645 3.0371586 2.9334409 3.0854543 2.1686442 2.3887931 2.8988151 3.2118390 2.5915441 2.9472903 2.1272510 2.1333139 2.7376834 2.8418426 3.5276400 3.3550884 2.3965222 2.6932096 3.3776958 3.1505295 0.0000000 3.4373347 4.0436521 3.6029214 3.5915016 3.9023305 3.2392370 3.4806473 3.6542028 3.5728529 4.2202151 5.9361260 
Clacor_Ccor_scaffold14228_01            5.0983824 4.7364173 4.7020037 4.5050223 4.3375850 4.0696179 3.5530884 4.3339854 3.3492009 3.1267429 3.1755634 3.1755634 3.4295570 3.4647568 2.9771482 2.6574710 1.2287413 0.9174846 1.2733499 2.8302766 2.9364826 2.8618548 2.6809314 2.4464021 2.5829060 2.3557940 2.7657401 2.9339440 2.2612952 2.8904846 2.8781389 2.3913409 2.6943642 2.3533248 3.3045284 3.3893241 2.8724662 3.2652357 1.9741515 3.1755276 2.9720514 3.3965891 2.9915144 2.2346794 2.5665916 2.2521395 2.5612624 3.4373347 0.0000000 1.9994539 2.2580946 2.1575799 2.1931936 1.4241711 3.2431959 3.8200436 3.0728426 1.4276987 1.0395018 
Gracom_Gcom_C555506_01                  6.9953804 5.7982514 5.6533781 5.0984775 4.8950602 5.3194036 4.3749027 5.7138194 4.3447845 4.1325058 4.4150107 4.3451937 4.3691770 4.4031624 3.9720080 3.4641357 3.8391452 2.0160449 3.7159864 3.2182645 3.4954928 3.4481551 3.2550771 3.2913536 3.3083508 3.3629661 3.2923880 3.5951322 3.0168880 3.3342048 3.2534625 3.2866957 3.2200182 3.3478562 4.1597633 3.5952389 3.8791223 3.7078386 2.4193686 3.6570265 3.7585266 4.5595671 3.8016484 3.3708228 3.0660298 3.7816920 2.9241452 4.0436521 1.9994539 0.0000000 0.4775399 0.4007175 0.8180525 0.7405002 4.0903027 5.0281783 4.1257175 3.4679702 5.5491275 
Leuniv_Lniv_scaffold17993_01            8.7851399 5.6338808 5.5819016 5.9239379 5.4993751 6.2658864 4.8280859 5.8599133 3.7393837 3.4419227 3.4511528 3.4511528 3.6388233 3.6247088 3.5643571 2.7668469 1.3858713 1.1296397 1.5746605 2.7122230 2.9407420 2.9790937 2.8247578 2.9202295 3.4464157 3.3152924 3.0463591 3.2746456 2.4978503 2.8518010 2.5808884 2.8633037 3.1616844 2.5417519 3.8150525 3.4605816 3.2396547 3.5988995 2.4158599 3.5619428 3.5199443 3.4810891 3.2220730 2.2026255 2.9767744 2.5706402 3.2678117 3.6029214 2.2580946 0.4775399 0.0000000 0.4206093 0.5875193 1.3030671 4.5531063 5.5962091 3.9867615 1.6904714 2.3415239 
Scil_scict019686.1                      7.3608590 4.8922506 4.8788285 4.4444218 4.7482849 5.6500272 3.9504337 4.7669146 3.5369906 3.5714085 3.4964925 3.4429715 3.7512050 3.7482734 3.7860797 3.3288378 3.2977801 2.4275143 3.3502131 3.2312264 3.2842357 3.2635260 3.1445175 3.2785570 3.1766941 3.2023582 3.0225697 3.3817257 3.0267871 2.9823501 3.0638442 3.5586647 3.1462682 2.9567441 4.0564480 3.5235203 3.6363400 3.6126354 2.3454416 3.6197666 3.6891462 4.1453051 3.6061120 3.9421975 3.2924138 3.6116089 3.0107426 3.5915016 2.1575799 0.4007175 0.4206093 0.0000000 0.6849857 0.4953870 4.0347080 5.7108238 4.3587419 3.3725546 4.3582977 
Lcom_lcpid70033                         7.4855677 5.5350197 5.7248069 4.8924788 5.0799350 5.0646009 4.8133867 5.1355330 4.0212001 3.6018954 3.8526736 3.8006200 4.0537407 4.0682547 3.7044590 3.4076511 3.8363733 2.3569941 3.8766237 3.3068326 3.2547881 3.2749651 3.1931395 3.3826440 3.5018747 3.3694557 3.4372860 3.8575515 3.3137902 3.1514515 3.4911221 3.2061510 3.1625162 3.2612081 4.1528002 3.7140296 3.6442830 3.3998179 2.1778036 4.0321795 3.8346013 4.2785312 4.2553010 3.8763137 3.1155481 3.6892408 2.9847139 3.9023305 2.1931936 0.8180525 0.5875193 0.6849857 0.0000000 1.0111505 4.0178323 5.3799514 3.7973409 3.8440397 5.0155665 
Leuniv_Lniv_scaffold17994_01            0.0000010 3.6027925 3.5745014 3.1242546 3.5079759 3.9170183 3.2191582 0.0000010 3.3629311 3.1661125 3.6465387 3.5163719 3.6068152 3.6068152 3.3377225 4.2838223 3.8863081 4.0190266 3.9515392 3.9293839 3.7881463 3.8466218 3.7802904 3.7161407 3.1086063 3.1267070 3.0667777 3.3812616 3.6500975 3.2366438 3.8726816 3.4082498 0.0000010 3.2450428 3.1168989 3.2179807 3.8344051 3.3711978 1.3030671 3.3792865 3.4901140 4.0981990 3.7783618 3.9035278 3.3288640 4.6579633 1.3299648 3.2392370 1.4241711 0.7405002 1.3030671 0.4953870 1.0111505 0.0000000 3.9608167 4.5260317 0.0000010 3.4702077 4.1899209 
Opea_EP00118_Oscarella_pearsei_P009076  6.6050876 4.3309645 4.5753301 4.5183761 4.5038331 4.0288947 4.7202829 5.1341673 4.1885509 4.1449098 4.4250562 4.3166981 4.2114623 4.1575274 3.6720493 4.0319343 3.5099577 2.0123214 3.6365913 4.1252872 3.7626010 3.6290168 3.8096560 3.0529067 3.8090580 3.1827897 3.8603596 3.6577500 3.3098976 3.4556018 3.5804449 3.4371958 3.7040036 3.5537975 4.2287137 3.6256647 3.8276558 3.5312811 2.9642078 3.6121458 3.9997050 4.2076840 3.5334900 3.6083252 3.5532801 3.9222936 3.5883563 3.4806473 3.2431959 4.0903027 4.5531063 4.0347080 4.0178323 3.9608167 0.0000000 0.0885019 5.2745256 2.9060630 4.4698424 
Opea_EP00118_Oscarella_pearsei_P009077  5.4674244 4.7063987 4.7272640 5.6807233 5.4953801 5.1348945 4.8328707 5.1122476 4.2954344 4.4045695 4.2992112 4.2992112 4.6935801 4.6935801 3.9061980 5.0202763 3.3796796 5.7109806 6.8076567 5.0430488 4.3838034 3.8012698 4.4919296 3.1459222 3.8513687 6.2522007 4.9597773 4.7313472 3.9263988 3.7080115 4.1456487 8.9999981 8.9999986 3.9688640 4.4910788 4.0709922 4.1100005 4.3808141 3.0554109 4.3920398 3.5899530 3.9467606 3.9974407 8.9999990 4.6511471 3.9683789 3.6628410 3.6542028 3.8200436 5.0281783 5.5962091 5.7108238 5.3799514 4.5260317 0.0885019 0.0000000 4.2003940 4.2733009 1.6971299 
Clacor_Ccor_scaffold10596_01            3.8613070 4.3621764 4.4716062 4.9268337 4.6161190 4.2194602 4.2745664 4.1176008 3.1745796 2.9664721 2.9172580 2.9172580 3.4582662 3.4582662 3.1056539 2.9503576 1.2156631 0.5836646 1.7045315 3.1097733 2.8642271 3.1786679 3.2006316 3.0698935 3.1294229 4.9197117 3.5317061 3.3446878 3.2213857 4.0424033 3.5466108 3.5189791 3.8696672 2.4388755 3.0655941 3.2096310 2.4802157 2.4558733 2.2417158 3.0496346 2.8540977 3.4175884 3.0281883 1.9783238 2.8439580 2.7976727 3.3037392 3.5728529 3.0728426 4.1257175 3.9867615 4.3587419 3.7973409 0.0000010 5.2745256 4.2003940 0.0000000 0.8061711 7.1942756 
Plajan_Pjan_scaffold22465_01            4.3102568 5.3678528 5.5969572 4.2551887 4.9333212 2.8967394 4.5991846 1.5143419 5.3935011 4.8432952 5.6354314 5.4627394 4.8970983 4.8960731 4.4379766 4.2810427 5.3303036 1.8044702 4.9526313 4.0473342 4.6127959 4.7790606 4.7333188 4.4091995 4.4930366 2.6909830 3.7828716 4.1242516 4.7367073 4.9824599 5.2208139 3.0502476 1.3770955 4.2759251 6.0776728 4.3809631 4.3632202 2.5655343 1.2610494 4.2901839 4.7375974 5.6373794 4.2330292 3.7049274 2.7103342 4.5558536 2.0125021 4.2202151 1.4276987 3.4679702 1.6904714 3.3725546 3.8440397 3.4702077 2.9060630 4.2733009 0.8061711 0.0000000 4.8922645 
Exapal_XM_021062019.1                   9.0000000 5.8583067 5.8206247 4.2516913 4.0113644 9.0000000 4.0323615 8.9999990 5.4985481 4.4566125 5.2834861 5.2279136 6.3266931 6.1618374 4.1704861 3.7444225 4.5977687 0.0000010 4.6704224 3.1514993 3.5592069 4.1498048 3.3019867 3.5579963 2.7054693 0.5542299 2.0916680 2.2669856 3.2219301 3.7471892 4.0981713 0.9016447 0.0000010 3.1288368 4.5455878 3.8825236 3.8479740 2.9897998 5.5386167 4.9680873 4.4900626 6.8992823 4.9333014 2.9368564 0.4494906 4.0666668 0.4494906 5.9361260 1.0395018 5.5491275 2.3415239 4.3582977 5.0155665 4.1899209 4.4698424 1.6971299 7.1942756 4.8922645 0.0000000 
