65
Nvec_NVE9362                                        0.0000000 0.5229106 1.0188679 0.8996719 0.8996719 0.9220962 1.1537250 0.9753175 0.9331646 0.8627491 0.8688972 1.0701910 1.3053074 1.2573118 1.0311960 1.0311960 1.0337883 1.0209819 1.1314599 1.0906287 1.0683156 1.0597192 1.1479013 1.2064082 1.1366794 0.9544662 0.9544662 1.2410578 0.9001171 1.1715641 1.4769756 1.0650152 1.0650152 1.3053865 1.2535115 0.0000010 1.3651803 1.1983457 1.2273685 1.2396146 1.3142151 1.3538366 1.1649737 1.1649737 0.6194606 1.0916940 1.3008363 0.9483898 0.8515588 1.2944180 1.2414428 1.2984822 2.0192128 2.0510972 2.6475561 2.1685764 2.0314968 2.3829053 1.4353716 1.9312682 2.0361338 2.0361338 2.4739338 2.5884477 1.1458834 
Exapal_XM_021036370.2                               0.5229106 0.0000000 0.7267822 0.8579144 0.7621237 0.6971554 0.7198815 0.6634961 0.7383752 0.9141004 1.0620536 0.8814607 1.2243001 0.9378984 1.0165776 1.0140759 1.0431187 1.0180094 0.9828316 0.9120864 1.1531576 1.0541949 1.0850181 1.0984970 0.9764054 1.0507219 1.0507219 1.0127594 1.2554620 1.5131412 1.3970227 1.5155076 1.4784206 1.4994587 1.1901158 1.9199116 1.6268737 1.4091698 1.2730840 1.3191272 1.3987551 1.1599529 1.5150863 1.4368594 1.1766114 1.3991713 1.3830493 1.0881042 0.9560280 1.4123869 1.3742003 1.4624437 1.9557108 2.7411341 2.6222148 2.7470323 2.6983143 2.7647590 2.4698868 3.2235831 2.6379393 2.6190465 2.8240473 3.0361269 1.4656178 
Fspp_ffun1.m4.5739.m1                               1.0188679 0.7267822 0.0000000 0.4632158 0.3087858 0.2323424 0.1836525 0.2723166 0.2745926 0.7885565 1.1314597 1.0061700 1.0648267 1.0660759 1.1628871 1.1432698 1.2057685 1.1586825 1.0849238 0.8588683 1.5743795 1.4894504 1.5714146 1.5979685 1.4313081 1.3824315 1.3824315 1.0764819 1.2909291 1.5868230 1.3245118 1.6564657 1.6248840 1.8345389 1.2852254 2.2197778 1.4998921 1.3662500 1.4749052 1.3863254 1.4988395 1.3821098 1.5661657 1.5030727 1.1168285 1.2695502 1.1583127 1.0512673 1.0794131 1.6189532 1.5146615 1.5166966 2.1073172 2.9665441 3.1079830 3.1156224 3.1206413 2.5091592 2.7144364 3.1186027 2.6422381 2.6099129 3.2456789 3.4212124 1.6110987 
Amil_Amillepora20505-RA                             0.8996719 0.8579144 0.4632158 0.0000000 0.0051796 0.2997558 0.4657043 0.5018082 0.5487016 0.9049422 1.1161887 1.0694669 1.1144256 1.1853523 1.1676719 0.9824425 1.0785324 1.1642056 1.0391643 0.8026424 1.4110701 1.3252931 1.4117798 1.4150472 1.2243375 1.2990154 1.2990154 1.0371032 1.2008067 1.5222637 1.3963746 1.5055341 1.5055341 1.5372221 0.9850153 3.1166307 1.3895823 1.4327305 1.2780994 1.3370131 1.4926101 1.4392060 1.6196309 1.5751403 0.9346942 1.4763579 1.4633033 1.1613708 1.1787648 1.3827345 1.3752935 1.6600500 1.9353354 5.0446106 3.2068370 3.3085435 2.9389499 2.9533553 3.0029460 3.8622854 3.0200602 3.0050263 3.6362518 3.2424851 1.5819302 
Adig_XM_015908843.1                                 0.8996719 0.7621237 0.3087858 0.0051796 0.0000000 0.1876440 0.2989710 0.3344977 0.3762304 0.7975063 1.0264789 0.8735117 0.9421803 1.0088533 1.0228038 1.0228038 0.9492829 1.0239907 0.9523450 0.7562882 1.6152317 1.5143304 1.5604736 1.5620470 1.3325786 1.3349730 1.3349730 0.8981799 1.1718374 1.5079680 1.4350192 1.6294580 1.5828753 1.4912650 0.9850153 2.9583659 1.4468129 1.3447211 1.3172473 1.2440820 1.4278460 1.3181426 1.4403277 1.3952655 0.9421166 1.2819324 1.2712902 1.0214961 1.0362900 1.3156439 1.3291738 1.4281135 1.9353354 4.2613095 3.0923244 3.6003879 2.9683150 2.8120597 2.6614508 3.4240692 2.9677383 2.9448696 3.5076566 3.4686452 1.5819302 
Gfas_gfas1.m1.7663.m1                               0.9220962 0.6971554 0.2323424 0.2997558 0.1876440 0.0000000 0.2205026 0.2950723 0.3215034 0.7893016 1.0376664 0.9040683 1.0428227 0.9241159 0.9851119 0.9715129 1.0136542 0.9914461 0.9240744 0.7558276 1.3152538 1.2777590 1.3367619 1.3443360 1.2008262 1.1641079 1.1641079 1.0283472 1.1276470 1.4103776 1.2292730 1.4503338 1.4225452 1.5367259 1.0880834 1.8959002 1.3317521 1.1858393 1.1875037 1.2191834 1.2635938 1.1730447 1.4684405 1.4513655 1.0112366 1.2920829 1.2874314 1.0130031 0.9612235 1.3466528 1.3375237 1.4077640 1.9816841 3.0080486 2.7291066 2.9727893 2.8619966 2.4062429 2.6754454 3.1402164 2.6717468 2.6610210 2.9070627 3.5150566 1.6117720 
Gasp_gasp1.m3.12216.m1                              1.1537250 0.7198815 0.1836525 0.4657043 0.2989710 0.2205026 0.0000000 0.2065153 0.2222812 0.8330394 1.2720820 0.9582124 1.0437930 0.8906137 0.9453281 0.8850230 1.1143985 1.0508475 0.9277785 0.7903408 1.0891303 1.0400688 1.1286684 1.1437445 1.0029965 0.9627463 0.9627463 1.0710639 1.0857730 1.2977630 1.0508150 1.3635063 1.3635063 1.5930976 1.4212816 1.6242184 1.2579629 1.1836877 1.2018609 1.2309831 1.1374698 1.2185937 1.6786876 1.6468213 1.4174174 1.5063978 1.5042733 1.0790797 1.0110250 1.3466569 1.4458896 1.5071353 1.5971603 3.0219364 3.0706232 3.5432371 3.0920862 2.6201302 3.0058503 3.8700597 3.0382500 3.0755896 3.0382533 4.0202842 1.5922855 
Spis_XP_022784239_1                                 0.9753175 0.6634961 0.2723166 0.5018082 0.3344977 0.2950723 0.2065153 0.0000000 0.0829876 0.8427570 1.0133873 0.8862917 1.0750284 0.9349687 1.0665174 1.0424798 1.1091109 1.0342000 1.0296590 0.7665839 1.3195309 1.2479504 1.3251422 1.3480021 1.2134411 1.1388439 1.1388439 0.9284678 1.1618387 1.4824304 1.2033484 1.4603705 1.4225885 1.7110086 1.2245817 2.1808386 1.4051868 1.2807437 1.2994094 1.3160193 1.3643614 1.2137570 1.5225386 1.4965052 1.0990656 1.2016009 1.1973289 1.0539171 1.0386259 1.3270494 1.3537826 1.4607556 2.1981716 2.9707778 2.7125893 3.0113581 2.7823698 2.4994725 2.6475256 3.0040985 2.6876053 2.6617652 3.0032535 3.3897102 1.6709920 
Pocdam_XM_027194247.1                               0.9331646 0.7383752 0.2745926 0.5487016 0.3762304 0.3215034 0.2222812 0.0829876 0.0000000 0.8963132 1.1485260 0.9395403 1.1583758 1.0407995 1.0966370 1.0819246 1.1972796 1.1030886 1.0862208 0.8183637 1.3808350 1.3044848 1.3810692 1.4043722 1.2404382 1.1939036 1.1939036 1.0095069 1.1424561 1.5691487 1.2472268 1.5903822 1.5508765 1.7812967 1.3435228 2.1857111 1.4637235 1.2548151 1.2667093 1.3714895 1.4460820 1.2955864 1.6085052 1.5684159 1.0587684 1.2005625 1.1961176 1.1028695 1.0885150 1.4833815 1.4788993 1.4667773 2.2861232 2.9383159 2.7709726 2.9481017 2.9020682 2.5324552 2.7482192 3.2130554 2.6999683 2.6738503 3.0428586 3.4741045 1.7339450 
Dgig_XM_028550037.1                                 0.8627491 0.9141004 0.7885565 0.9049422 0.7975063 0.7893016 0.8330394 0.8427570 0.8963132 0.0000000 0.6053262 1.0586430 0.9252550 0.9855506 1.1421323 1.1834481 1.0992745 1.1436774 0.9751604 0.9131853 1.4948698 1.4436587 1.4202563 1.4576454 1.4212075 1.3729905 1.3729905 1.1071787 1.2360316 1.4373582 1.2616523 1.3208627 1.3002313 1.7261013 1.3162701 2.3505531 1.5522659 1.3095912 1.3024270 1.3813423 1.4495841 1.2812463 1.3023122 1.2188500 1.2933455 1.3349840 1.3246900 1.0770809 1.1709362 1.4034219 1.2803788 1.6341483 2.1635111 3.3337653 2.7798695 2.5325479 2.7236375 2.7151212 2.6784355 3.3395627 2.8166517 2.7514726 3.0365952 2.9738809 0.6404855 
Xesp_002638-T1                                      0.8688972 1.0620536 1.1314597 1.1161887 1.0264789 1.0376664 1.2720820 1.0133873 1.1485260 0.6053262 0.0000000 1.1131309 1.1625719 1.1998503 1.2876348 1.3508041 1.1595193 1.2512555 1.2307638 1.0896123 1.4814714 1.4683447 1.4985604 1.5246029 1.4396596 1.3733135 1.3733135 1.1898206 1.4110694 1.4140731 1.4174815 1.4168427 1.3944569 1.7154174 1.4981840 2.1043015 1.7459695 1.3946319 1.5058792 1.4591217 1.6468487 1.3543965 1.3356754 1.2698023 1.3102490 1.4161066 1.4107864 1.2302359 1.2493518 1.3593745 1.1941159 1.4719548 1.9679574 2.4099527 2.6959033 2.6525500 2.7381748 2.8443088 2.4148497 3.0569505 2.4775176 2.4920421 2.8243258 2.8648269 1.2992448 
Hsap_ENST00000533244                                1.0701910 0.8814607 1.0061700 1.0694669 0.8735117 0.9040683 0.9582124 0.8862917 0.9395403 1.0586430 1.1131309 0.0000000 0.9411731 1.0773221 1.0599138 0.9868377 1.1490372 1.1211473 1.1256297 0.8221457 1.5923875 1.4814553 1.4937758 1.4964224 1.3705289 1.3754835 1.3754835 1.0972045 1.0776174 1.2345571 1.3249734 1.4820387 1.4474628 1.3574292 1.2435628 1.8067866 1.5679116 1.2759996 1.2783295 1.3666101 1.4003647 1.2151043 1.7139419 1.6357672 1.1934711 1.4335238 1.4819734 1.2821048 1.1189474 1.3451699 1.5516978 1.4960307 2.1355598 2.6959360 2.5030074 2.6576129 2.8180472 2.8694132 2.5004320 2.8982742 2.6028931 2.6027938 2.9668102 2.8668096 1.6615102 
Cscu_XM_023354988.1                                 1.3053074 1.2243001 1.0648267 1.1144256 0.9421803 1.0428227 1.0437930 1.0750284 1.1583758 0.9252550 1.1625719 0.9411731 0.0000000 1.0784106 1.1353710 1.1208418 1.2146728 1.2177291 1.1486121 1.0689112 1.7400683 1.7342086 1.6979954 1.7036534 1.5907810 1.7200088 1.7200088 1.1168945 1.3524302 1.2527487 1.3176569 1.4809529 1.4415477 1.9388705 1.5996480 2.2597643 1.7673217 1.5096661 1.7430558 1.4485591 1.6055673 1.5389196 1.5220943 1.4679093 1.3895570 1.4185399 1.3412353 1.2730034 1.2211341 1.3897735 1.5923449 1.4162027 2.2931134 2.9273392 2.7185509 3.0271854 3.0779293 2.7970149 2.3778547 3.0504708 2.7226861 2.7069932 2.9801302 3.0364793 1.8885753 
Skow_XM_006818841.1                                 1.2573118 0.9378984 1.0660759 1.1853523 1.0088533 0.9241159 0.8906137 0.9349687 1.0407995 0.9855506 1.1998503 1.0773221 1.0784106 0.0000000 1.1029785 1.0520340 1.1543508 1.1735305 1.0706110 1.1269429 1.2813276 1.2264431 1.2111460 1.2141467 1.2248485 1.0983859 1.0983859 1.1801888 1.0986651 1.3911181 1.2205321 1.1362030 1.1170932 1.5058154 1.3536329 1.6601418 1.4320177 1.3243043 1.4919914 1.3860931 1.3339496 1.3269927 1.4878085 1.4696450 1.3695599 1.3866143 1.3835266 1.1116699 1.1216150 1.3142077 1.4220738 1.5984763 2.2991931 2.5127575 2.7532972 2.6548600 2.7246292 2.6450787 2.8760269 3.5143396 2.8839094 2.8086245 2.5753669 2.4924228 2.1005906 
Lcom_lcpid92848                                     1.0311960 1.0165776 1.1628871 1.1676719 1.0228038 0.9851119 0.9453281 1.0665174 1.0966370 1.1421323 1.2876348 1.0599138 1.1353710 1.1029785 0.0000000 0.0146453 0.3983175 0.4019842 0.3658760 0.9310969 1.1499097 1.0909428 1.0299085 1.0449842 1.1010915 1.0271707 1.0271707 1.1001077 1.2113968 1.2803499 1.6029505 1.5214576 1.4891595 1.3656367 1.0209593 2.2526196 1.3777051 1.1725224 1.0568967 1.2719542 1.2060533 1.3649032 1.3614294 1.3465472 1.2257058 1.2946660 1.2526381 1.1753964 0.6744785 1.5425961 1.4291757 1.2200841 1.7109922 2.6413471 2.5102162 2.8795812 3.1531605 2.6584944 2.8608463 3.6289297 2.6942783 2.6930580 2.8509456 3.0033163 1.6818198 
Lcom_lcpid127288                                    1.0311960 1.0140759 1.1432698 0.9824425 1.0228038 0.9715129 0.8850230 1.0424798 1.0819246 1.1834481 1.3508041 0.9868377 1.1208418 1.0520340 0.0146453 0.0000000 0.3947004 0.4335296 0.3689112 0.9233033 1.1955077 1.1333733 1.0542595 1.0717127 1.1519724 1.0428998 1.0428998 1.0715834 1.2051570 1.2870591 1.6641697 1.5700912 1.5330787 1.4523037 1.0209593 3.2710926 1.3756041 1.1691731 1.0568967 1.1681325 1.2482267 1.3236837 1.4665049 1.4510108 1.1838212 1.4322020 1.4122707 1.2633734 0.5706322 1.5731032 1.6429825 1.3250105 1.7109922 3.6076942 2.6313686 3.4219636 3.2983720 2.9284960 2.7551310 3.7842226 2.8439435 2.7831940 3.2012559 3.0553736 1.6818198 
Gracom_Gcom_scaffold18443_01                        1.0337883 1.0431187 1.2057685 1.0785324 0.9492829 1.0136542 1.1143985 1.1091109 1.1972796 1.0992745 1.1595193 1.1490372 1.2146728 1.1543508 0.3983175 0.3947004 0.0000000 0.2717106 0.3505251 0.8312157 1.1371665 1.1003163 1.1176936 1.1335771 1.1365602 1.0440978 1.0440978 0.9924625 1.2701183 1.3193718 1.5381167 1.5449190 1.5067393 1.5882560 1.1348376 2.4477053 1.4298257 1.3409165 1.2376416 1.2448256 1.3065439 1.5293291 1.3689737 1.3624431 1.3448905 1.2763021 1.3900358 1.2258029 0.6874122 1.6918169 1.4768019 1.4189779 1.8038745 2.4354500 2.3995651 2.5777175 2.8867733 2.5823748 2.6118763 3.3089271 2.5877230 2.5712177 2.8927848 2.7811888 1.6311238 
Scil_scict000563.1                                  1.0209819 1.0180094 1.1586825 1.1642056 1.0239907 0.9914461 1.0508475 1.0342000 1.1030886 1.1436774 1.2512555 1.1211473 1.2177291 1.1735305 0.4019842 0.4335296 0.2717106 0.0000000 0.3476334 0.9786542 1.1545246 1.1148836 1.1677075 1.1752406 1.1431150 1.0566902 1.0566902 1.1254613 1.2040672 1.3218019 1.4989481 1.5630250 1.5190943 1.4193122 1.0688041 2.1184270 1.5238997 1.3361852 1.2987581 1.2818689 1.3628766 1.4726057 1.4186323 1.4084981 1.3574911 1.3427032 1.3896732 1.1920882 0.6292719 1.5738235 1.4351621 1.3832839 1.8797965 2.8505654 2.5547225 2.5296014 2.8462341 2.4527621 2.5027452 3.1021704 2.5750430 2.4879319 2.7695213 3.1494620 1.6792755 
Leuniv_Lniv_C812834_01                              1.1314599 0.9828316 1.0849238 1.0391643 0.9523450 0.9240744 0.9277785 1.0296590 1.0862208 0.9751604 1.2307638 1.1256297 1.1486121 1.0706110 0.3658760 0.3689112 0.3505251 0.3476334 0.0000000 0.9366285 1.2398125 1.1426116 1.1681716 1.1719775 1.2049123 1.0728366 1.0728366 0.9959418 1.1905787 1.2259792 1.4786678 1.5083959 1.4706130 1.4573307 1.0176335 2.0549957 1.3277074 1.1711588 1.0500645 1.1345324 1.2838364 1.4683223 1.3216398 1.2963594 1.2304961 1.2434358 1.1981166 1.1509904 0.6782154 1.5831619 1.4488321 1.3643034 2.0823746 2.9220211 2.6725473 2.6837413 2.9679135 2.8806112 2.7006725 3.4482630 2.6813368 2.6255172 2.9167122 2.9043770 1.6775474 
Bralan_BLAG04000508_1                               1.0906287 0.9120864 0.8588683 0.8026424 0.7562882 0.7558276 0.7903408 0.7665839 0.8183637 0.9131853 1.0896123 0.8221457 1.0689112 1.1269429 0.9310969 0.9233033 0.8312157 0.9786542 0.9366285 0.0000000 1.4257477 1.3307139 1.3628853 1.3970392 1.3492486 1.1712299 1.1712299 1.1249834 1.1051042 1.6865409 1.3337595 1.1682265 1.1320990 1.6120448 1.0817533 3.4151885 1.4283250 1.3842920 1.2179505 1.2644612 1.4554647 1.2884778 1.4973904 1.4800819 1.2860708 1.3850766 1.4445244 1.2213258 0.9571728 1.2605544 1.6259253 1.4892399 1.8317761 4.7441570 2.9720816 3.4074128 3.3544288 2.7933875 3.0520145 4.1633162 3.1164352 3.1476567 3.2254043 3.4725826 1.2371911 
HoiH23_PlH23_004707-RA                              1.0683156 1.1531576 1.5743795 1.4110701 1.6152317 1.3152538 1.0891303 1.3195309 1.3808350 1.4948698 1.4814714 1.5923875 1.7400683 1.2813276 1.1499097 1.1955077 1.1371665 1.1545246 1.2398125 1.4257477 0.0000000 0.0428126 0.2036012 0.2052504 0.2510825 0.3294314 0.3294314 1.5295213 1.3736295 1.6718092 1.6380120 1.5492487 1.5132890 1.4665497 1.2444734 1.7709161 1.5261485 1.2330415 1.2045778 1.0934022 1.4358732 1.4361945 1.9187278 1.8947562 2.1679002 1.9017628 2.0040921 1.3639158 0.9208431 1.5436768 1.6614307 1.7466952 2.0919310 2.0678438 2.7402774 2.8516050 3.0531363 2.9122986 2.7519266 3.7950615 2.9410344 3.0113521 2.8685648 3.1504769 2.2070886 
HoiH06_mRNA5765                                     1.0597192 1.0541949 1.4894504 1.3252931 1.5143304 1.2777590 1.0400688 1.2479504 1.3044848 1.4436587 1.4683447 1.4814553 1.7342086 1.2264431 1.0909428 1.1333733 1.1003163 1.1148836 1.1426116 1.3307139 0.0428126 0.0000000 0.1811314 0.1825553 0.2393549 0.2968456 0.2968456 1.4562815 1.3363784 1.6217724 1.5795751 1.5534506 1.5183007 1.4044707 1.1643816 1.7895231 1.5130525 1.2334088 1.1884918 1.0572751 1.3324067 1.4026217 1.8572334 1.8330177 2.2020436 1.7623039 1.8995880 1.3158826 0.8939517 1.4482031 1.5690586 1.6436125 1.8163773 2.0082548 2.6944809 2.8525764 3.0229833 2.7950144 2.7454197 3.5695672 2.8366036 2.8914028 2.7110186 2.9455405 2.0617920 
Hhon_g05680.t1                                      1.1479013 1.0850181 1.5714146 1.4117798 1.5604736 1.3367619 1.1286684 1.3251422 1.3810692 1.4202563 1.4985604 1.4937758 1.6979954 1.2111460 1.0299085 1.0542595 1.1176936 1.1677075 1.1681716 1.3628853 0.2036012 0.1811314 0.0000000 0.0124288 0.2049270 0.2833530 0.2833530 1.4825625 1.3772911 1.6085860 1.6715764 1.4457891 1.4160535 1.5482801 1.2403300 2.0548361 1.4992376 1.2693354 1.2353521 1.1926847 1.2949037 1.4162588 1.7212057 1.6956731 2.1349880 1.6832758 1.8159267 1.3386710 0.9009594 1.3869789 1.5575739 1.6153789 1.9849947 2.0549472 2.8141669 3.0667880 3.1733243 2.8007068 2.8704255 3.7026961 2.9842650 3.0032207 2.6842683 3.0184455 1.9899287 
HoiH04_mRNA15830                                    1.2064082 1.0984970 1.5979685 1.4150472 1.5620470 1.3443360 1.1437445 1.3480021 1.4043722 1.4576454 1.5246029 1.4964224 1.7036534 1.2141467 1.0449842 1.0717127 1.1335771 1.1752406 1.1719775 1.3970392 0.2052504 0.1825553 0.0124288 0.0000000 0.1947935 0.2799193 0.2799193 1.4840944 1.3993711 1.5995754 1.6717809 1.4728947 1.4431762 1.5159747 1.1971055 2.0548361 1.5454846 1.2954675 1.2744089 1.2028052 1.3121271 1.4090766 1.7415475 1.7164103 2.2052107 1.7171313 1.8612558 1.3773522 0.9114914 1.3584322 1.5865374 1.6320704 1.9961307 2.0549472 2.8944332 3.0457088 3.1563731 2.7943702 2.8522952 3.6810336 2.9685188 2.9875441 2.6980097 3.0100846 2.0168646 
HoiH11_mRNA6722                                     1.1366794 0.9764054 1.4313081 1.2243375 1.3325786 1.2008262 1.0029965 1.2134411 1.2404382 1.4212075 1.4396596 1.3705289 1.5907810 1.2248485 1.1010915 1.1519724 1.1365602 1.1431150 1.2049123 1.3492486 0.2510825 0.2393549 0.2049270 0.1947935 0.0000000 0.2750604 0.2750604 1.3973055 1.3805716 1.4574932 1.4898441 1.5670036 1.5370209 1.4049009 1.1086714 1.9544918 1.5484311 1.2930141 1.2246278 1.1596351 1.2738345 1.1941834 1.7064832 1.7064832 1.9001593 1.6271452 1.7195013 1.3778070 0.9017159 1.4648170 1.4829120 1.5568450 1.7371566 2.0816716 2.8397172 2.9069773 3.0397730 2.7216989 2.7004046 3.2968718 2.8766557 2.8827805 2.8109331 3.2485874 1.9713503 
TrH2_TrispH2_009170-RA                              0.9544662 1.0507219 1.3824315 1.2990154 1.3349730 1.1641079 0.9627463 1.1388439 1.1939036 1.3729905 1.3733135 1.3754835 1.7200088 1.0983859 1.0271707 1.0428998 1.0440978 1.0566902 1.0728366 1.1712299 0.3294314 0.2968456 0.2833530 0.2799193 0.2750604 0.0000000 0.0000010 1.3371229 1.2496523 1.5789620 1.5496503 1.4108332 1.3971266 1.5172003 1.1854725 1.8690897 1.4419461 1.2188704 1.1705145 1.1561531 1.1667300 1.3223812 1.6602620 1.6440694 1.6101004 1.4847569 1.6029932 1.2829911 0.8725929 1.4306585 1.4828581 1.6423018 1.8870183 2.1062404 2.6043321 2.8046777 2.9561929 2.8005702 2.7933511 3.4478038 2.8970395 2.9164086 2.6710540 2.7642095 1.8971378 
Tadh_TriadT58413                                    0.9544662 1.0507219 1.3824315 1.2990154 1.3349730 1.1641079 0.9627463 1.1388439 1.1939036 1.3729905 1.3733135 1.3754835 1.7200088 1.0983859 1.0271707 1.0428998 1.0440978 1.0566902 1.0728366 1.1712299 0.3294314 0.2968456 0.2833530 0.2799193 0.2750604 0.0000010 0.0000000 1.3371229 1.2496523 1.5789620 1.5496503 1.4108332 1.3971266 1.5172003 1.1854725 1.8690897 1.4419461 1.2188704 1.1705145 1.1561531 1.1667300 1.3223812 1.6602620 1.6440694 1.6101004 1.4847569 1.6029932 1.2829911 0.8725929 1.4306585 1.4828581 1.6423018 1.8870183 2.1062404 2.6043321 2.8046777 2.9561929 2.8005702 2.7933511 3.4478038 2.8970395 2.9164086 2.6710540 2.7642095 1.8971378 
Dpul_mRNA13521                                      1.2410578 1.0127594 1.0764819 1.0371032 0.8981799 1.0283472 1.0710639 0.9284678 1.0095069 1.1071787 1.1898206 1.0972045 1.1168945 1.1801888 1.1001077 1.0715834 0.9924625 1.1254613 0.9959418 1.1249834 1.5295213 1.4562815 1.4825625 1.4840944 1.3973055 1.3371229 1.3371229 0.0000000 1.5335327 1.4857550 1.6074114 1.6884016 1.6471108 2.0413894 1.4598971 2.8104902 1.7393166 1.5185800 1.4213869 1.5401421 1.5777064 1.6288679 1.6488775 1.6071076 1.7379947 1.5127090 1.5284064 1.2711083 1.2114205 1.5037499 1.5755891 1.8683460 2.5239727 2.4779942 2.6345601 2.8238520 2.7554256 2.9125476 2.3717809 3.0978445 2.4827653 2.3268748 2.9099054 3.0892571 1.9249375 
Spur_XM_011675742.2                                 0.9001171 1.2554620 1.2909291 1.2008067 1.1718374 1.1276470 1.0857730 1.1618387 1.1424561 1.2360316 1.4110694 1.0776174 1.3524302 1.0986651 1.2113968 1.2051570 1.2701183 1.2040672 1.1905787 1.1051042 1.3736295 1.3363784 1.3772911 1.3993711 1.3805716 1.2496523 1.2496523 1.5335327 0.0000000 1.1716869 1.2490721 1.1614383 1.1407288 1.2860798 1.0982700 1.9531383 1.4255899 1.2816932 1.1604043 1.1865686 1.3188590 1.3274202 1.6973312 1.6687387 1.4890616 1.4036035 1.4880472 1.3624075 1.3968745 1.3815000 1.4065645 1.5869131 1.6175760 3.0143721 2.3846607 2.4046899 2.5960786 2.6540485 2.6035512 3.2587416 2.8825735 2.8321772 2.8765433 3.0922253 1.6223148 
Tcas_TC010027_001                                   1.1715641 1.5131412 1.5868230 1.5222637 1.5079680 1.4103776 1.2977630 1.4824304 1.5691487 1.4373582 1.4140731 1.2345571 1.2527487 1.3911181 1.2803499 1.2870591 1.3193718 1.3218019 1.2259792 1.6865409 1.6718092 1.6217724 1.6085860 1.5995754 1.4574932 1.5789620 1.5789620 1.4857550 1.1716869 0.0000000 1.2517322 1.3818057 1.3400923 1.2228004 0.8686688 1.6960692 1.3083896 1.3346943 1.2854685 1.3969586 1.4882878 1.3962805 1.6707515 1.6034146 2.4967310 1.6705390 1.7302993 1.7401870 1.3931643 1.4236493 1.7999554 1.7712582 2.1235805 3.0246050 2.3053235 2.4896307 2.6734949 2.7938779 2.2041387 2.6142751 2.1921662 2.1838054 2.2497672 2.3626792 1.8198433 
Cgig_XM_011448476.3                                 1.4769756 1.3970227 1.3245118 1.3963746 1.4350192 1.2292730 1.0508150 1.2033484 1.2472268 1.2616523 1.4174815 1.3249734 1.3176569 1.2205321 1.6029505 1.6641697 1.5381167 1.4989481 1.4786678 1.3337595 1.6380120 1.5795751 1.6715764 1.6717809 1.4898441 1.5496503 1.5496503 1.6074114 1.2490721 1.2517322 0.0000000 1.1477672 1.1288090 1.4780826 1.4260983 1.2975806 1.3828483 1.3314206 1.4847189 1.3351141 1.3995958 1.2309528 1.9290317 1.7934476 1.9044649 1.5885606 1.6190133 1.5637239 1.6797637 1.3176627 1.6748231 1.8805093 2.9010146 2.3179852 2.9825350 2.5896003 2.5652142 2.9302525 2.8278418 3.3029270 2.9776068 2.9384478 2.8966423 3.5319991 1.9710768 
Acagra_model.g15563.t1                              1.0650152 1.5155076 1.6564657 1.5055341 1.6294580 1.4503338 1.3635063 1.4603705 1.5903822 1.3208627 1.4168427 1.4820387 1.4809529 1.1362030 1.5214576 1.5700912 1.5449190 1.5630250 1.5083959 1.1682265 1.5492487 1.5534506 1.4457891 1.4728947 1.5670036 1.4108332 1.4108332 1.6884016 1.1614383 1.3818057 1.1477672 0.0000000 0.0000010 1.4433718 1.0254515 1.8683484 1.5146017 1.5477534 1.5627537 1.4860777 1.6355255 1.3682762 2.0690444 1.9818209 3.0497132 1.9305515 1.7764470 1.7225328 1.6840431 1.0931608 1.6906625 2.1761178 2.5228159 2.8868090 2.6088642 2.4608157 2.6256576 2.5600250 2.2910670 3.0805847 2.4526157 2.4210882 2.9054081 2.6380546 1.6121338 
Acagra_model.g15563.t1.1.5d3b8806                   1.0650152 1.4784206 1.6248840 1.5055341 1.5828753 1.4225452 1.3635063 1.4225885 1.5508765 1.3002313 1.3944569 1.4474628 1.4415477 1.1170932 1.4891595 1.5330787 1.5067393 1.5190943 1.4706130 1.1320990 1.5132890 1.5183007 1.4160535 1.4431762 1.5370209 1.3971266 1.3971266 1.6471108 1.1407288 1.3400923 1.1288090 0.0000010 0.0000000 1.4210101 1.0254515 1.7219898 1.4812012 1.4925736 1.5582098 1.4860777 1.6101527 1.3682762 2.0219631 1.9340844 2.9398854 1.8990034 1.7863853 1.6823656 1.6303663 1.0739013 1.6624644 2.1457851 2.5228159 2.8863726 2.5292956 2.3675700 2.5483005 2.4811038 2.1847462 2.9522288 2.3596045 2.3544845 2.8934314 2.5297859 1.6121338 
Emue_Em0005g1637a.t1                                1.3053865 1.4994587 1.8345389 1.5372221 1.4912650 1.5367259 1.5930976 1.7110086 1.7812967 1.7261013 1.7154174 1.3574292 1.9388705 1.5058154 1.3656367 1.4523037 1.5882560 1.4193122 1.4573307 1.6120448 1.4665497 1.4044707 1.5482801 1.5159747 1.4049009 1.5172003 1.5172003 2.0413894 1.2860798 1.2228004 1.4780826 1.4433718 1.4210101 0.0000000 0.1661249 0.3673214 1.0165636 0.9343159 0.8031322 1.0105610 1.1275852 1.1416468 1.8559486 1.8110211 2.6874151 1.7830850 1.8084024 1.9000349 1.6171701 1.2864682 1.8775680 2.0691878 2.4319866 2.9268893 2.2585859 2.4884955 2.4326222 2.4225871 2.3731640 3.0170694 2.5650990 2.5829688 2.4495847 2.7488835 1.9362852 
Spolac_c87577_g1_i1_m.4325c87577-g1                 1.2535115 1.1901158 1.2852254 0.9850153 0.9850153 1.0880834 1.4212816 1.2245817 1.3435228 1.3162701 1.4981840 1.2435628 1.5996480 1.3536329 1.0209593 1.0209593 1.1348376 1.0688041 1.0176335 1.0817533 1.2444734 1.1643816 1.2403300 1.1971055 1.1086714 1.1854725 1.1854725 1.4598971 1.0982700 0.8686688 1.4260983 1.0254515 1.0254515 0.1661249 0.0000000 0.0000010 0.8182599 0.7815085 0.7432347 0.7687782 1.0460128 1.0953291 1.6110183 1.4958297 1.3225636 1.5000300 1.5211651 1.3532826 1.0764695 1.1677868 1.5273390 1.8907493 2.5141882 2.1720301 2.2869737 3.0343254 2.7783522 2.5468858 2.1772744 3.5744547 2.7960911 2.7578969 2.3861105 2.8186169 1.7802334 
Spolac_c87577_g1_i2_m.4326c87577-g1                 0.0000010 1.9199116 2.2197778 3.1166307 2.9583659 1.8959002 1.6242184 2.1808386 2.1857111 2.3505531 2.1043015 1.8067866 2.2597643 1.6601418 2.2526196 3.2710926 2.4477053 2.1184270 2.0549957 3.4151885 1.7709161 1.7895231 2.0548361 2.0548361 1.9544918 1.8690897 1.8690897 2.8104902 1.9531383 1.6960692 1.2975806 1.8683484 1.7219898 0.3673214 0.0000010 0.0000000 1.0973830 1.0579627 1.7937179 1.2946172 1.1826268 1.0517627 2.4887867 2.4887867 3.1936862 2.4318926 2.2207513 2.6112329 1.8183521 1.8118072 2.3752769 2.4052796 0.0000010 2.7996446 2.9177748 2.1473478 2.4377640 2.9873597 2.6325850 2.5547884 2.3100566 2.4110410 2.4777496 3.8887500 9.0000000 
Aque_Aqu2.1.32608_001                               1.3651803 1.6268737 1.4998921 1.3895823 1.4468129 1.3317521 1.2579629 1.4051868 1.4637235 1.5522659 1.7459695 1.5679116 1.7673217 1.4320177 1.3777051 1.3756041 1.4298257 1.5238997 1.3277074 1.4283250 1.5261485 1.5130525 1.4992376 1.5454846 1.5484311 1.4419461 1.4419461 1.7393166 1.4255899 1.3083896 1.3828483 1.5146017 1.4812012 1.0165636 0.8182599 1.0973830 0.0000000 0.4819301 0.4027170 0.7058471 1.0209868 0.9076103 1.9365273 1.8969226 2.4139833 1.6657294 1.7305107 1.6468394 1.5945186 1.5668492 1.5977525 1.9083824 1.9623767 2.4637208 2.4612601 2.7427113 2.6715633 2.8737926 2.5692155 3.3428972 2.8655477 2.7610730 3.4439020 3.0894626 1.9623722 
Halamb_c48079_g1_i4mm.2502                          1.1983457 1.4091698 1.3662500 1.4327305 1.3447211 1.1858393 1.1836877 1.2807437 1.2548151 1.3095912 1.3946319 1.2759996 1.5096661 1.3243043 1.1725224 1.1691731 1.3409165 1.3361852 1.1711588 1.3842920 1.2330415 1.2334088 1.2693354 1.2954675 1.2930141 1.2188704 1.2188704 1.5185800 1.2816932 1.3346943 1.3314206 1.5477534 1.4925736 0.9343159 0.7815085 1.0579627 0.4819301 0.0000000 0.0369273 0.5943591 0.8745498 0.8129230 1.7932152 1.7832427 1.9016853 1.5010453 1.5850613 1.3450704 1.2524548 1.3821571 1.3794174 1.4250751 1.6945156 2.2896657 2.5376256 2.8615336 2.8022638 2.7761602 2.2392648 2.8062811 2.5268160 2.5134797 2.9236193 2.9323225 2.1448120 
Halamb_c49743_g1_i3mm.3208                          1.2273685 1.2730840 1.4749052 1.2780994 1.3172473 1.1875037 1.2018609 1.2994094 1.2667093 1.3024270 1.5058792 1.2783295 1.7430558 1.4919914 1.0568967 1.0568967 1.2376416 1.2987581 1.0500645 1.2179505 1.2045778 1.1884918 1.2353521 1.2744089 1.2246278 1.1705145 1.1705145 1.4213869 1.1604043 1.2854685 1.4847189 1.5627537 1.5582098 0.8031322 0.7432347 1.7937179 0.4027170 0.0369273 0.0000000 0.3788172 0.8841680 0.7760304 1.8501531 1.8677101 2.3228526 1.6919016 1.8981658 1.2720115 1.4453946 1.3803062 1.3460679 1.4997820 1.6065269 0.9700947 2.8386919 3.5393995 3.0696612 2.8044933 2.4074611 3.6280549 2.8403946 2.8835543 3.1981968 3.1253281 1.7414390 
Xestes_maker-XT_scaffold185315-snap-gene-0.5-mRNA-1 1.2396146 1.3191272 1.3863254 1.3370131 1.2440820 1.2191834 1.2309831 1.3160193 1.3714895 1.3813423 1.4591217 1.3666101 1.4485591 1.3860931 1.2719542 1.1681325 1.2448256 1.2818689 1.1345324 1.2644612 1.0934022 1.0572751 1.1926847 1.2028052 1.1596351 1.1561531 1.1561531 1.5401421 1.1865686 1.3969586 1.3351141 1.4860777 1.4860777 1.0105610 0.7687782 1.2946172 0.7058471 0.5943591 0.3788172 0.0000000 0.9718362 0.8869945 1.8573284 1.8325081 2.1481839 1.8627425 1.8524594 1.5214653 1.2402683 1.4622332 1.5807691 1.7511427 1.6764905 3.2212344 3.1296438 3.1058265 3.1650211 3.1133398 2.8867228 3.7500112 2.8611930 2.9127011 3.2784632 3.1473488 1.7356572 
Plespi_Pspi_C595960_01                              1.3142151 1.3987551 1.4988395 1.4926101 1.4278460 1.2635938 1.1374698 1.3643614 1.4460820 1.4495841 1.6468487 1.4003647 1.6055673 1.3339496 1.2060533 1.2482267 1.3065439 1.3628766 1.2838364 1.4554647 1.4358732 1.3324067 1.2949037 1.3121271 1.2738345 1.1667300 1.1667300 1.5777064 1.3188590 1.4882878 1.3995958 1.6355255 1.6101527 1.1275852 1.0460128 1.1826268 1.0209868 0.8745498 0.8841680 0.9718362 0.0000000 1.0761929 1.6949822 1.6317497 2.4040502 1.7078445 1.6500084 1.5236798 1.3372518 1.4988775 1.5463100 1.8114927 2.0939436 2.2486432 2.5842525 2.6239718 2.5480458 2.7590168 2.7298835 3.3347649 2.9580292 2.8396811 3.0697690 3.4959391 1.9988273 
Tetwil_g5385.t1                                     1.3538366 1.1599529 1.3821098 1.4392060 1.3181426 1.1730447 1.2185937 1.2137570 1.2955864 1.2812463 1.3543965 1.2151043 1.5389196 1.3269927 1.3649032 1.3236837 1.5293291 1.4726057 1.4683223 1.2884778 1.4361945 1.4026217 1.4162588 1.4090766 1.1941834 1.3223812 1.3223812 1.6288679 1.3274202 1.3962805 1.2309528 1.3682762 1.3682762 1.1416468 1.0953291 1.0517627 0.9076103 0.8129230 0.7760304 0.8869945 1.0761929 0.0000000 1.8672981 1.7466886 1.9657040 1.6885887 1.6144699 1.4259322 1.1211246 1.5710338 1.3203691 1.8806895 2.4709221 2.3002422 2.5692656 2.8581957 2.6523876 2.8458455 2.4693766 2.9333403 2.5926947 2.6026398 2.7737341 2.7902729 1.8949847 
Sanmal_Sma_016342-T1                                1.1649737 1.5150863 1.5661657 1.6196309 1.4403277 1.4684405 1.6786876 1.5225386 1.6085052 1.3023122 1.3356754 1.7139419 1.5220943 1.4878085 1.3614294 1.4665049 1.3689737 1.4186323 1.3216398 1.4973904 1.9187278 1.8572334 1.7212057 1.7415475 1.7064832 1.6602620 1.6602620 1.6488775 1.6973312 1.6707515 1.9290317 2.0690444 2.0219631 1.8559486 1.6110183 2.4887867 1.9365273 1.7932152 1.8501531 1.8573284 1.6949822 1.8672981 0.0000000 0.0000010 0.6337617 0.6366882 0.7090543 1.2835130 1.2055951 1.8913350 1.5616350 1.5526958 3.1987873 3.5048862 2.7130774 2.9160311 2.6512937 2.8393552 3.1313066 3.9905793 3.1695004 2.9822808 2.9634943 2.4317021 2.3374627 
Sanmal_Sma_016344-T1                                1.1649737 1.4368594 1.5030727 1.5751403 1.3952655 1.4513655 1.6468213 1.4965052 1.5684159 1.2188500 1.2698023 1.6357672 1.4679093 1.4696450 1.3465472 1.4510108 1.3624431 1.4084981 1.2963594 1.4800819 1.8947562 1.8330177 1.6956731 1.7164103 1.7064832 1.6440694 1.6440694 1.6071076 1.6687387 1.6034146 1.7934476 1.9818209 1.9340844 1.8110211 1.4958297 2.4887867 1.8969226 1.7832427 1.8677101 1.8325081 1.6317497 1.7466886 0.0000010 0.0000000 0.6337617 0.6048161 0.7090543 1.2714652 1.2055951 1.8589330 1.4753503 1.4644774 2.7963764 3.5048862 2.6891583 2.9160311 2.6213545 2.7178602 2.9169754 3.7324118 3.1434941 2.9573329 2.9634943 2.3985930 2.1564614 
Aaur_scaffold1893.g1.t1                             0.6194606 1.1766114 1.1168285 0.9346942 0.9421166 1.0112366 1.4174174 1.0990656 1.0587684 1.2933455 1.3102490 1.1934711 1.3895570 1.3695599 1.2257058 1.1838212 1.3448905 1.3574911 1.2304961 1.2860708 2.1679002 2.2020436 2.1349880 2.2052107 1.9001593 1.6101004 1.6101004 1.7379947 1.4890616 2.4967310 1.9044649 3.0497132 2.9398854 2.6874151 1.3225636 3.1936862 2.4139833 1.9016853 2.3228526 2.1481839 2.4040502 1.9657040 0.6337617 0.6337617 0.0000000 0.6337092 0.5837594 1.1237065 1.3602063 2.7582722 1.4393119 1.2595908 0.0000010 4.6451721 2.5544739 2.8266491 2.7226188 2.5657531 3.5452327 3.6351446 3.5061456 3.2386985 3.6072846 2.8008809 4.1221243 
Nemnom_g11368.t1                                    1.0916940 1.3991713 1.2695502 1.4763579 1.2819324 1.2920829 1.5063978 1.2016009 1.2005625 1.3349840 1.4161066 1.4335238 1.4185399 1.3866143 1.2946660 1.4322020 1.2763021 1.3427032 1.2434358 1.3850766 1.9017628 1.7623039 1.6832758 1.7171313 1.6271452 1.4847569 1.4847569 1.5127090 1.4036035 1.6705390 1.5885606 1.9305515 1.8990034 1.7830850 1.5000300 2.4318926 1.6657294 1.5010453 1.6919016 1.8627425 1.7078445 1.6885887 0.6366882 0.6048161 0.6337092 0.0000000 0.2342401 1.1761071 1.1909179 1.6948591 1.3428674 1.4736523 3.1032282 3.3620265 2.5322723 2.8080151 2.5579229 2.6515078 2.5577577 3.3151698 2.6316620 2.5041632 2.9782702 2.7082876 2.0162176 
Rhoesc_Res_012783-T1                                1.3008363 1.3830493 1.1583127 1.4633033 1.2712902 1.2874314 1.5042733 1.1973289 1.1961176 1.3246900 1.4107864 1.4819734 1.3412353 1.3835266 1.2526381 1.4122707 1.3900358 1.3896732 1.1981166 1.4445244 2.0040921 1.8995880 1.8159267 1.8612558 1.7195013 1.6029932 1.6029932 1.5284064 1.4880472 1.7302993 1.6190133 1.7764470 1.7863853 1.8084024 1.5211651 2.2207513 1.7305107 1.5850613 1.8981658 1.8524594 1.6500084 1.6144699 0.7090543 0.7090543 0.5837594 0.2342401 0.0000000 1.1101985 1.1822542 1.7442084 1.3398859 1.3395403 2.7194203 2.9071362 2.4588796 2.6971250 2.5303101 2.7331673 2.4273844 2.8839241 2.6563525 2.5559472 2.7852968 3.2006346 2.0268589 
Morvir_scaffold7.g33.t1                             0.9483898 1.0881042 1.0512673 1.1613708 1.0214961 1.0130031 1.0790797 1.0539171 1.1028695 1.0770809 1.2302359 1.2821048 1.2730034 1.1116699 1.1753964 1.2633734 1.2258029 1.1920882 1.1509904 1.2213258 1.3639158 1.3158826 1.3386710 1.3773522 1.3778070 1.2829911 1.2829911 1.2711083 1.3624075 1.7401870 1.5637239 1.7225328 1.6823656 1.9000349 1.3532826 2.6112329 1.6468394 1.3450704 1.2720115 1.5214653 1.5236798 1.4259322 1.2835130 1.2714652 1.1237065 1.1761071 1.1101985 0.0000000 1.1768807 1.5555107 1.3628666 1.4750960 2.2694599 2.8919506 2.7783255 2.8043994 2.7236321 2.7088329 3.0534104 3.5903773 2.8375185 2.8324377 2.9519125 3.2548366 1.9697069 
Clacor_Ccor_scaffold9208_01                         0.8515588 0.9560280 1.0794131 1.1787648 1.0362900 0.9612235 1.0110250 1.0386259 1.0885150 1.1709362 1.2493518 1.1189474 1.2211341 1.1216150 0.6744785 0.5706322 0.6874122 0.6292719 0.6782154 0.9571728 0.9208431 0.8939517 0.9009594 0.9114914 0.9017159 0.8725929 0.8725929 1.2114205 1.3968745 1.3931643 1.6797637 1.6840431 1.6303663 1.6171701 1.0764695 1.8183521 1.5945186 1.2524548 1.4453946 1.2402683 1.3372518 1.1211246 1.2055951 1.2055951 1.3602063 1.1909179 1.1822542 1.1768807 0.0000000 1.5261133 1.3878082 1.4511649 2.1383206 2.9904646 1.9148207 1.7260701 1.9929496 1.8500474 1.7536840 1.8722679 1.6620468 1.6713432 2.0466812 2.1030874 1.8272123 
Ctel_gnl_WGS_AMQN_CAPTEDRAFT_mRNA179263             1.2944180 1.4123869 1.6189532 1.3827345 1.3156439 1.3466528 1.3466569 1.3270494 1.4833815 1.4034219 1.3593745 1.3451699 1.3897735 1.3142077 1.5425961 1.5731032 1.6918169 1.5738235 1.5831619 1.2605544 1.5436768 1.4482031 1.3869789 1.3584322 1.4648170 1.4306585 1.4306585 1.5037499 1.3815000 1.4236493 1.3176627 1.0931608 1.0739013 1.2864682 1.1677868 1.8118072 1.5668492 1.3821571 1.3803062 1.4622332 1.4988775 1.5710338 1.8913350 1.8589330 2.7582722 1.6948591 1.7442084 1.5555107 1.5261133 0.0000000 1.6220738 2.0987684 2.6848896 2.6778246 2.4282941 2.6575420 2.7480666 2.6866663 2.4381259 2.9893812 2.5505899 2.5452375 3.1880638 2.8456482 2.0530556 
Hvul_g15678_1                                       1.2414428 1.3742003 1.5146615 1.3752935 1.3291738 1.3375237 1.4458896 1.3537826 1.4788993 1.2803788 1.1941159 1.5516978 1.5923449 1.4220738 1.4291757 1.6429825 1.4768019 1.4351621 1.4488321 1.6259253 1.6614307 1.5690586 1.5575739 1.5865374 1.4829120 1.4828581 1.4828581 1.5755891 1.4065645 1.7999554 1.6748231 1.6906625 1.6624644 1.8775680 1.5273390 2.3752769 1.5977525 1.3794174 1.3460679 1.5807691 1.5463100 1.3203691 1.5616350 1.4753503 1.4393119 1.3428674 1.3398859 1.3628666 1.3878082 1.6220738 0.0000000 1.0385007 1.1933370 2.3659289 2.6400604 2.7995981 2.9281997 2.9286910 2.4965623 2.9840541 2.6475977 2.6842873 2.8558602 3.2824634 1.8531214 
Chem_TCONS_00041194                                 1.2984822 1.4624437 1.5166966 1.6600500 1.4281135 1.4077640 1.5071353 1.4607556 1.4667773 1.6341483 1.4719548 1.4960307 1.4162027 1.5984763 1.2200841 1.3250105 1.4189779 1.3832839 1.3643034 1.4892399 1.7466952 1.6436125 1.6153789 1.6320704 1.5568450 1.6423018 1.6423018 1.8683460 1.5869131 1.7712582 1.8805093 2.1761178 2.1457851 2.0691878 1.8907493 2.4052796 1.9083824 1.4250751 1.4997820 1.7511427 1.8114927 1.8806895 1.5526958 1.4644774 1.2595908 1.4736523 1.3395403 1.4750960 1.4511649 2.0987684 1.0385007 0.0000000 0.1665613 2.4590680 3.4624420 3.3488836 3.7304132 3.8012840 3.1663224 3.8471714 3.5291132 3.5295929 3.5234943 3.4967613 1.9879398 
Chem_TCONS_00042928                                 2.0192128 1.9557108 2.1073172 1.9353354 1.9353354 1.9816841 1.5971603 2.1981716 2.2861232 2.1635111 1.9679574 2.1355598 2.2931134 2.2991931 1.7109922 1.7109922 1.8038745 1.8797965 2.0823746 1.8317761 2.0919310 1.8163773 1.9849947 1.9961307 1.7371566 1.8870183 1.8870183 2.5239727 1.6175760 2.1235805 2.9010146 2.5228159 2.5228159 2.4319866 2.5141882 0.0000010 1.9623767 1.6945156 1.6065269 1.6764905 2.0939436 2.4709221 3.1987873 2.7963764 0.0000010 3.1032282 2.7194203 2.2694599 2.1383206 2.6848896 1.1933370 0.1665613 0.0000000 0.0000010 4.9421598 8.3857227 6.4646210 5.7098766 4.3632037 8.9999990 5.9411448 6.0022961 6.0914088 5.2923823 1.9210395 
Lcom_lcpid217310                                    2.0510972 2.7411341 2.9665441 5.0446106 4.2613095 3.0080486 3.0219364 2.9707778 2.9383159 3.3337653 2.4099527 2.6959360 2.9273392 2.5127575 2.6413471 3.6076942 2.4354500 2.8505654 2.9220211 4.7441570 2.0678438 2.0082548 2.0549472 2.0549472 2.0816716 2.1062404 2.1062404 2.4779942 3.0143721 3.0246050 2.3179852 2.8868090 2.8863726 2.9268893 2.1720301 2.7996446 2.4637208 2.2896657 0.9700947 3.2212344 2.2486432 2.3002422 3.5048862 3.5048862 4.6451721 3.3620265 2.9071362 2.8919506 2.9904646 2.6778246 2.3659289 2.4590680 0.0000010 0.0000000 3.5142265 4.2340038 4.5572693 4.8251344 5.2458264 4.8386453 4.1326178 4.1713690 3.5522168 3.6026137 4.8341034 
Lampan_Lpan_3982_01                                 2.6475561 2.6222148 3.1079830 3.2068370 3.0923244 2.7291066 3.0706232 2.7125893 2.7709726 2.7798695 2.6959033 2.5030074 2.7185509 2.7532972 2.5102162 2.6313686 2.3995651 2.5547225 2.6725473 2.9720816 2.7402774 2.6944809 2.8141669 2.8944332 2.8397172 2.6043321 2.6043321 2.6345601 2.3846607 2.3053235 2.9825350 2.6088642 2.5292956 2.2585859 2.2869737 2.9177748 2.4612601 2.5376256 2.8386919 3.1296438 2.5842525 2.5692656 2.7130774 2.6891583 2.5544739 2.5322723 2.4588796 2.7783255 1.9148207 2.4282941 2.6400604 3.4624420 4.9421598 3.5142265 0.0000000 1.0709457 1.0258252 0.9139293 1.1829873 1.4257337 1.1034810 1.1085749 1.2131825 1.3540510 3.2510051 
Vmul_sbMO378161                                     2.1685764 2.7470323 3.1156224 3.3085435 3.6003879 2.9727893 3.5432371 3.0113581 2.9481017 2.5325479 2.6525500 2.6576129 3.0271854 2.6548600 2.8795812 3.4219636 2.5777175 2.5296014 2.6837413 3.4074128 2.8516050 2.8525764 3.0667880 3.0457088 2.9069773 2.8046777 2.8046777 2.8238520 2.4046899 2.4896307 2.5896003 2.4608157 2.3675700 2.4884955 3.0343254 2.1473478 2.7427113 2.8615336 3.5393995 3.1058265 2.6239718 2.8581957 2.9160311 2.9160311 2.8266491 2.8080151 2.6971250 2.8043994 1.7260701 2.6575420 2.7995981 3.3488836 8.3857227 4.2340038 1.0709457 0.0000000 0.0852870 1.0282259 0.8008655 0.8182391 1.1144575 1.0826774 1.2719275 1.3011050 3.9466841 
