75
Dpul_mRNA20028                                                      0.0000000 0.4485086 0.2986227 1.7573833 2.0047950 2.1570361 2.1398572 2.1398572 1.6764783 2.5926847 2.1664319 2.2211160 2.4748096 2.2885657 2.0740630 3.6182492 2.1392608 1.7213823 2.5714105 2.7882374 0.0000010 2.1947166 2.2981427 2.3831547 2.1953296 2.5248419 6.0930612 2.5047722 3.2569418 2.5817167 2.4481566 2.2556465 2.2695736 2.3974315 2.3460246 3.3971492 2.2283612 2.6106256 3.9452576 3.6375694 2.6966531 2.8552678 2.8552678 2.1786387 2.0786084 0.0000010 2.2103855 3.0103004 3.0103004 2.9536566 2.9615315 2.9288656 2.9057750 3.3499551 5.9377073 2.7257927 7.2327118 8.0641720 4.4311963 4.4311963 4.4265590 4.9526013 4.9526013 4.3949794 4.0256223 4.3285714 4.6632797 4.5320294 3.3219640 3.5644898 3.5463235 5.0152802 7.3589254 3.0878373 2.5784802 
Dpul_mRNA28631                                                      0.4485086 0.0000000 0.2892923 1.7279185 1.7551603 1.8291861 1.9121208 1.9236614 1.7054760 2.0515215 1.5483225 2.0766054 2.0411945 2.1970109 2.1242898 2.3931785 1.7931432 1.8618213 2.3215499 2.3830601 3.7033680 1.9549798 4.2509495 2.1285773 1.9656985 2.0208385 2.7319495 2.0293432 2.3462047 1.8868958 1.6818141 1.8906745 2.1690815 2.3046716 2.3415460 1.6029332 2.1915398 2.3857215 2.5466947 2.6997567 1.8162138 2.1870624 1.8165706 2.3797115 2.5834367 2.9453998 1.8568065 2.6255433 2.6270458 2.7306648 2.6742777 2.6404803 2.6347199 2.7926419 3.6196896 1.9928112 2.8692123 3.3873972 3.9581258 3.5152788 3.2413380 2.9018048 2.8071282 3.3446746 2.9121323 2.8850902 3.2625546 3.1841896 3.0504969 2.6022035 3.1746916 3.8660346 4.2207956 3.0557796 2.8903775 
Dpul_mRNA11680                                                      0.2986227 0.2892923 0.0000000 1.9262555 1.9464936 2.1452516 1.9965179 1.9890065 1.8457360 2.3524752 1.8613928 2.2587096 2.3224006 2.7531442 2.2113257 7.0970141 2.0324375 2.0517418 2.6240286 2.8104235 8.4516201 2.2848535 3.7080990 2.1836166 2.4317096 2.5578652 7.6011045 2.4263650 3.9454373 2.2569077 1.9147093 2.1465898 2.5984975 2.5601659 2.4879432 2.5325171 2.5675594 2.6066397 2.8982530 2.8485572 2.0728085 2.1184522 1.9764860 2.3802409 2.6648800 9.0000000 1.7478746 3.0329192 3.1375950 3.0836514 3.0094083 3.0632885 3.0541009 3.2512153 3.1004917 2.3209978 7.6264201 3.9870148 4.0781669 4.0781669 4.2750824 4.1295764 3.9213766 4.3912403 4.0538877 3.6246535 3.2187519 4.3017671 3.9022233 6.8838909 4.4967895 5.5393867 4.1591983 2.5177893 2.3265670 
Hsap_ENST00000209873                                                1.7573833 1.7279185 1.9262555 0.0000000 1.0599642 1.1052392 1.1484947 1.1394867 1.3271513 1.6390722 1.5732401 1.4535586 1.4794765 1.5042097 1.4589134 1.3438565 1.5571788 1.2246401 1.7317914 1.7569304 3.5660546 1.6964504 3.2265699 1.8254135 1.5358288 1.8860658 2.3312249 1.7464879 1.9720228 1.5220958 2.0691339 1.4480163 2.0362926 1.9665033 2.0153243 1.7657756 1.9220469 2.3038030 2.3609768 2.5028385 1.7209028 2.1282596 1.7692905 2.0940710 2.2249727 2.5984416 1.7639225 2.3461689 2.2664872 2.2028465 2.1866548 2.1881574 2.1965427 2.8713201 2.8263693 2.1503712 2.7061868 3.2445860 4.2206277 3.7400750 3.3305246 3.3324908 3.3000184 3.6106841 3.0628986 3.4966629 3.5209844 3.2731529 3.2350133 2.5118950 3.9275633 3.2263001 3.3367024 3.3899033 3.4577605 
Skow_XM_006825357.1                                                 2.0047950 1.7551603 1.9464936 1.0599642 0.0000000 0.8713399 0.8863875 0.8768216 0.9848216 1.1980718 1.0488466 1.1075182 1.1189298 1.1892584 1.1483841 1.2577711 1.0207899 1.0002965 1.5470330 1.6251665 2.6780452 1.5165629 3.1490312 1.7088058 1.3516357 1.5704781 2.0405699 1.4324770 2.1156261 1.1442273 1.8885651 1.2285453 1.6694541 1.8196564 1.7968086 1.3396001 1.6616241 2.0231968 2.2014654 2.0342845 1.5395851 1.8466485 1.5881853 1.7554942 2.0609659 1.9834971 1.3892698 1.9456500 1.8982734 1.8741389 1.8313325 1.8754523 1.8747361 2.3575359 2.7602740 2.0566332 2.8128799 2.9709183 3.1129025 2.7183295 2.8892844 2.7208862 2.5999501 2.9112235 2.5685123 2.8306398 2.6443724 3.1233522 2.9298554 2.0390474 3.2927517 3.0220021 3.6817222 3.1197443 3.2516541 
Bralan_BLAG10000509_1                                               2.1570361 1.8291861 2.1452516 1.1052392 0.8713399 0.0000000 0.9826715 0.9858607 1.1288974 1.3941262 1.1689250 1.2227393 1.2733445 1.2749992 1.3027340 1.4661666 1.0809137 0.9564921 1.5519201 1.5888424 2.6235475 1.4167489 3.3123660 1.6043663 1.3247417 1.5309510 2.3900302 1.3872300 1.7066091 1.1062615 2.1974815 1.3128171 1.7515705 1.8707719 1.9171138 1.4296290 1.7585091 2.1562875 2.0000692 2.2195311 1.5060289 1.8139506 1.5348099 1.7311877 1.8709910 2.0782779 1.2974805 1.9910438 1.9313152 1.9001961 1.8791448 1.8688701 1.8763878 2.5647041 2.7348988 1.9746981 2.4603373 2.9236478 3.5106652 3.1776884 3.1500095 2.8306071 2.6985923 3.0733107 2.6028885 2.8659638 2.8500127 3.2888266 3.0496490 2.1011793 3.4095419 3.0726686 3.2893188 3.2169891 3.3979054 
Cgig_XM_034454447.1                                                 2.1398572 1.9121208 1.9965179 1.1484947 0.8863875 0.9826715 0.0000000 0.0147590 1.1573679 1.4978076 1.4226661 1.4311404 1.4194729 1.4410869 1.4833768 1.4046606 1.4524907 1.0774119 1.6167379 1.7465402 3.0245206 1.6708174 3.5717176 2.1676586 1.5514137 1.7689532 2.8173477 1.5863262 1.9116936 1.4055404 2.1051308 1.4170774 1.6684608 1.8614717 1.9664036 1.5953942 1.7645044 2.2291216 2.3407476 2.4364352 1.7409412 2.0583332 1.9278420 1.9302480 2.4542378 2.6316349 1.6919711 2.1053143 2.0220955 2.0244000 1.9804437 2.0111656 2.0189305 2.5927495 2.8545824 2.0830118 2.5232205 2.7530830 3.5558740 3.2491733 3.2338636 2.9253187 2.7653913 3.1385688 2.7786698 3.1631176 2.9857217 3.3487460 3.1332322 2.1857907 4.0180831 3.4141282 3.4746532 3.4476545 3.4896515 
Cgig_XM_034454450.1                                                 2.1398572 1.9236614 1.9890065 1.1394867 0.8768216 0.9858607 0.0147590 0.0000000 1.1309230 1.5024877 1.4068599 1.4024004 1.3957465 1.4465129 1.4851973 1.4270297 1.4333999 1.0712594 1.6080151 1.6993947 3.0266552 1.6785812 3.5717176 2.2032303 1.5465687 1.7604561 2.7681480 1.5628083 1.9416606 1.3976761 2.0711970 1.4115975 1.5978734 1.8180931 1.9267498 1.6105679 1.7518061 2.1803496 2.3123116 2.3951731 1.7733856 2.0552086 1.9373826 1.9243357 2.3376054 2.2285492 1.7279524 2.0999677 2.0155426 2.0017453 1.9572489 1.9833802 1.9912394 2.6127000 2.8397575 2.0551047 2.5181716 2.7444418 3.5601202 3.2610293 3.2327599 2.9239147 2.7636284 3.1171361 2.7821292 3.1616766 2.9877666 3.3558805 3.1392468 2.1412162 3.8459881 3.4757790 3.4930232 3.3303208 3.3740882 
Spur_XM_030990088.1                                                 1.6764783 1.7054760 1.8457360 1.3271513 0.9848216 1.1288974 1.1573679 1.1309230 0.0000000 1.3652910 1.3242759 1.3346518 1.2881868 1.2421402 1.2723114 1.3060624 1.1809198 1.2427692 1.7103143 1.6913494 2.7863940 1.5194973 3.3198039 2.0384702 1.3825091 1.6224058 2.1765238 1.4383686 2.1619417 1.3672562 1.2937332 1.4501089 1.6122810 1.9375823 1.8560043 1.3516018 1.8059247 1.9722464 1.9539023 2.1277678 1.5816085 1.8644963 1.6342408 1.8342630 1.9081016 1.9788291 1.4377489 2.0086250 1.9131560 1.9610751 1.9068210 1.9260568 1.9336432 2.3397340 2.8036412 1.8585354 2.4544374 2.8797448 3.5873505 3.1766630 2.9115194 2.9467123 2.7328828 3.2334540 2.6668763 2.8032244 2.9794086 3.3457155 3.0375010 2.2561572 3.6009392 3.0215322 3.5544875 2.8357265 3.0578029 
Exapal_XM_021039446.2                                               2.5926847 2.0515215 2.3524752 1.6390722 1.1980718 1.3941262 1.4978076 1.5024877 1.3652910 0.0000000 0.7473317 0.6922077 0.6797294 0.7265359 0.6659873 0.6901605 0.6738133 1.5755544 1.4667969 1.4938314 3.3114987 1.4686013 3.5203389 1.8289100 1.5027176 1.7226380 2.4563587 1.4997289 1.8857113 1.3328697 1.7129206 1.5630039 1.7245130 1.8935522 1.8721919 1.3125628 1.6946964 2.1249668 2.0748648 2.1334173 1.3695082 1.8488138 1.4260484 1.7524899 1.9757353 1.9100564 1.5709831 1.9998688 1.8783087 1.9396966 1.9159895 1.9522621 1.9515668 2.2125166 2.5254412 2.2854923 3.0423031 3.3954054 3.4553220 3.0842394 3.1902336 3.0536487 2.7906307 3.2088476 2.9041153 3.0201763 3.3900880 3.5220473 3.3569809 2.2243362 3.9137035 3.1066909 3.9827219 3.1254949 3.3031341 
Gfas_gfas1.m1.15558.m1                                              2.1664319 1.5483225 1.8613928 1.5732401 1.0488466 1.1689250 1.4226661 1.4068599 1.3242759 0.7473317 0.0000000 0.3483220 0.3275957 0.3547057 0.3514743 0.3574403 0.5514468 1.2585357 1.0102812 1.2007826 2.8781805 1.3471078 4.0708212 1.3561600 1.3015251 1.6490881 3.0010522 1.4124833 1.9155940 1.1419480 1.7643107 1.5063797 1.3605105 1.3274985 1.2900942 1.2690793 1.3445104 1.9684429 1.9526895 2.1012522 1.4233431 1.4195256 1.3967331 1.5006816 1.8447771 1.9133316 1.3150220 1.8012377 1.6869655 1.7078394 1.6923297 1.6402222 1.6439586 1.9098142 2.5299655 1.8492555 2.5437267 2.4036169 2.6043443 2.5908806 2.6974278 2.6960148 2.5605908 2.6661514 2.4359412 2.7979813 2.7580292 3.3994408 3.1119224 2.0748292 3.4117335 3.3120013 4.0972796 2.7431532 2.8397841 
Spis_XP_022787495_1                                                 2.2211160 2.0766054 2.2587096 1.4535586 1.1075182 1.2227393 1.4311404 1.4024004 1.3346518 0.6922077 0.3483220 0.0000000 0.1074069 0.2473041 0.3709083 0.3936480 0.3363634 1.3497210 1.2386358 1.3755985 3.2004065 1.3393518 3.9830599 1.5757996 1.3275945 1.6432339 2.7972386 1.4687967 1.9498863 1.1038311 1.6835304 1.4751885 1.6362662 1.7667433 1.7268019 1.2334929 1.6561136 2.1758484 2.2022949 2.2692394 1.2826017 1.7144580 1.3329846 1.7198577 1.9121372 2.0233848 1.3116504 1.8618878 1.7588496 1.8004159 1.7530748 1.7717293 1.7737941 2.1289632 2.3738966 2.0436594 3.0399322 3.3247763 3.2962601 2.9203087 3.1826342 2.9522086 2.7259182 3.0912307 2.8217751 2.9961408 3.3237830 3.6847727 3.4217685 2.3123803 3.7512706 3.2258673 3.7033583 3.1645629 3.1598356 
Pocdam_XM_027199997.1                                               2.4748096 2.0411945 2.3224006 1.4794765 1.1189298 1.2733445 1.4194729 1.3957465 1.2881868 0.6797294 0.3275957 0.1074069 0.0000000 0.2228029 0.3495558 0.3865232 0.3130767 1.3522884 1.2876234 1.4136097 3.0092355 1.3411395 3.6347351 1.5660530 1.3370335 1.6495042 2.6388265 1.4822564 1.9013947 1.0919409 1.7961747 1.4360636 1.5956686 1.7321500 1.7205437 1.2802131 1.6507751 2.1377706 2.2272753 2.2944835 1.2909596 1.7092486 1.3275248 1.7733148 1.8828210 2.0817964 1.3298965 1.8324644 1.7328460 1.7778645 1.7232798 1.7373486 1.7393966 2.1717484 2.3517653 2.0852496 3.0495022 3.3150039 3.2139255 2.8454708 3.1860918 2.9932218 2.7312694 3.1659501 2.9010405 3.0420599 3.2445399 3.7178627 3.4426253 2.3346826 3.6987888 3.0100223 3.5658825 3.1643002 3.1900119 
Fspp_ffun1.m4.9786.m1                                               2.2885657 2.1970109 2.7531442 1.5042097 1.1892584 1.2749992 1.4410869 1.4465129 1.2421402 0.7265359 0.3547057 0.2473041 0.2228029 0.0000000 0.2817581 0.2710785 0.2886026 1.4574204 1.3423178 1.4370057 3.4900452 1.5428624 4.5648932 2.0262050 1.4299217 1.8044949 2.8520443 1.6037567 1.7948756 1.1621869 1.8043304 1.4760672 1.5066946 1.7852404 1.7996749 1.2064087 1.7869741 2.1664739 2.2965466 2.3666605 1.3730769 1.7874813 1.3714876 1.8426020 1.4293077 1.8305103 1.5496242 1.8756018 1.7578135 1.8104780 1.7893462 1.7954479 1.7956197 2.1656347 2.6379852 2.2157928 2.5679298 2.9658961 3.4821356 2.9555574 3.0192417 3.0460022 2.8567346 2.9665211 2.8102247 3.1801899 3.3373081 3.6796354 3.3430545 2.4038328 3.5702976 2.9548303 3.6552913 3.5464560 3.6489105 
Amil_Amillepora12587-RA                                             2.0740630 2.1242898 2.2113257 1.4589134 1.1483841 1.3027340 1.4833768 1.4851973 1.2723114 0.6659873 0.3514743 0.3709083 0.3495558 0.2817581 0.0000000 0.0181585 0.3906349 1.4008299 1.2473604 1.4016166 4.0620033 1.4330435 3.3082750 1.6988200 1.4555937 1.7551512 2.8772253 1.5539819 1.9272828 1.1675682 1.7307155 1.4491441 1.5314762 1.8103761 1.7515406 1.1526658 1.8053600 2.1817740 2.1457729 2.1357116 1.2726820 1.6905602 1.3777145 1.7040972 2.0363053 2.1233912 1.6054905 1.9977548 1.8313293 1.8828524 1.8336727 1.8577412 1.8782146 2.2470230 2.2149167 2.2853905 2.7892958 3.3713108 3.3426073 2.9715727 3.2254456 3.0410864 2.8080043 3.0702725 2.8154572 3.0770278 3.3146073 3.9651226 3.5652827 2.1809504 4.0626128 3.0731627 3.9165502 2.9288399 3.1017330 
Adig_XM_015895538.1                                                 3.6182492 2.3931785 7.0970141 1.3438565 1.2577711 1.4661666 1.4046606 1.4270297 1.3060624 0.6901605 0.3574403 0.3936480 0.3865232 0.2710785 0.0181585 0.0000000 0.9145852 1.4910303 1.5099566 1.6743727 2.8623434 1.8207958 3.9145341 1.7767328 1.6472378 1.8321571 2.2606771 1.8145544 1.9738739 0.0000010 3.3374673 1.6523753 1.9058061 2.1138547 2.1790255 1.1504567 2.0250924 2.2965558 2.7533478 2.8563591 1.4818468 2.1783070 1.6321897 2.2778066 1.9932515 2.0360921 4.0126798 2.0810834 2.0839372 2.0887970 2.1094116 2.1250485 2.1598898 2.4092457 5.6450358 2.2982683 2.5455918 2.6790421 9.0000000 0.0000010 2.8745532 2.9526911 2.4539802 2.8933925 2.4550519 2.8158761 3.9943163 2.9635517 2.9547080 2.5151466 4.2574598 3.0339609 4.6065909 4.3514481 4.4978134 
Gasp_gasp1.m3.20706.m1                                              2.1392608 1.7931432 2.0324375 1.5571788 1.0207899 1.0809137 1.4524907 1.4333999 1.1809198 0.6738133 0.5514468 0.3363634 0.3130767 0.2886026 0.3906349 0.9145852 0.0000000 1.2838393 1.1168466 1.2536353 4.1534487 1.2615727 2.2382161 1.4688987 1.3165508 1.5343229 2.5312378 1.2551336 2.4381622 1.0391321 1.6893194 1.3587865 1.3970018 1.4802220 1.4415945 1.5118516 1.6248798 2.0681088 1.9538192 1.9123088 1.3614045 1.4462768 1.4215286 1.4892453 2.0317720 4.0776315 1.1744195 1.8009757 1.6081645 1.6848126 1.6134737 1.6220563 1.6267676 1.9164504 1.8625301 2.0118670 3.6024285 4.0324515 3.4607342 2.9310111 3.2547678 3.2284252 3.0603065 3.3511661 3.1485008 3.2486538 3.4498801 4.3689570 3.8532213 2.5552940 3.7708582 3.2933837 3.7357467 2.5988400 2.7202872 
Ctel_gnl_WGS_AMQN_CAPTEDRAFT_mRNA174161                             1.7213823 1.8618213 2.0517418 1.2246401 1.0002965 0.9564921 1.0774119 1.0712594 1.2427692 1.5755544 1.2585357 1.3497210 1.3522884 1.4574204 1.4008299 1.4910303 1.2838393 0.0000000 1.4630672 1.5975641 3.1206094 1.5770245 3.5938422 1.6894744 1.4924576 1.6470951 2.1126069 1.5387897 2.0896957 1.3321476 1.5218181 1.3549624 1.8595941 2.0411688 2.0006814 1.6293505 1.7932896 2.3033988 2.2912569 2.2913880 1.4631875 1.7503236 1.5583916 1.7431725 1.5923060 3.5394862 1.3331199 1.9248041 1.8620714 1.9077923 1.8926468 1.8927049 1.9004704 2.5263013 2.6695055 1.9684228 2.7620623 3.0855709 3.5742859 3.5360115 3.2818916 2.9701104 2.8384704 3.2130665 2.9811620 3.1020521 3.0815631 3.3390363 3.1755946 1.9261016 3.2631085 3.3788178 3.8119664 3.1523916 3.1449463 
Dgig_XM_028546996.1                                                 2.5714105 2.3215499 2.6240286 1.7317914 1.5470330 1.5519201 1.6167379 1.6080151 1.7103143 1.4667969 1.0102812 1.2386358 1.2876234 1.3423178 1.2473604 1.5099566 1.1168466 1.4630672 0.0000000 0.5243653 3.8652023 1.8230610 5.3006801 2.0922253 1.8177833 2.0598299 3.2255367 1.7627768 1.8740555 1.0922994 1.5449589 1.8271306 1.7925657 1.8127727 1.8380633 1.2495305 1.6773213 2.0396590 2.3922098 2.2745274 1.5930698 2.0360017 1.6710332 2.0712750 2.4283039 2.6700803 1.8266414 2.1133761 1.9795935 1.9647410 1.9680167 1.9763746 1.9587010 2.2012364 1.4499237 2.4555034 2.6600394 2.8354983 3.3960881 3.1798326 3.2701152 2.8725686 2.7663878 3.2067479 2.6027687 2.6945050 2.9065350 3.4230156 3.2135454 2.5295721 3.4343403 3.0474659 3.2214074 3.6208618 3.8257738 
Xesp_010015-T1                                                      2.7882374 2.3830601 2.8104235 1.7569304 1.6251665 1.5888424 1.7465402 1.6993947 1.6913494 1.4938314 1.2007826 1.3755985 1.4136097 1.4370057 1.4016166 1.6743727 1.2536353 1.5975641 0.5243653 0.0000000 3.2613121 1.7446004 4.2440660 2.1074760 1.8503052 2.0370245 2.9879178 1.7536913 2.2248572 1.4179329 1.5228840 1.7410269 1.9009363 1.8040021 1.7733219 1.5261338 1.7825738 2.1844990 2.2942204 2.1621972 1.7407646 1.9834263 1.6579028 1.9147048 2.3234827 3.5275905 1.6177782 2.1743432 2.0634895 2.0219477 2.0275902 2.0202013 2.0231407 2.3056516 1.1993535 2.3066444 3.2065805 3.3459815 3.4167595 3.1049545 3.4138528 3.1657335 2.9252112 3.5685012 2.9425782 2.9363276 3.1203401 3.7389771 3.5127115 2.4948759 3.5444634 3.2837603 3.6732355 3.5868007 3.5964807 
Opea_EP00118_Oscarella_pearsei_P008362                              0.0000010 3.7033680 8.4516201 3.5660546 2.6780452 2.6235475 3.0245206 3.0266552 2.7863940 3.3114987 2.8781805 3.2004065 3.0092355 3.4900452 4.0620033 2.8623434 4.1534487 3.1206094 3.8652023 3.2613121 0.0000000 0.2960657 0.0817913 8.9999986 2.6375779 2.7291557 2.4408490 2.7124933 4.7263686 6.2578390 1.2389742 2.9924840 3.7327594 3.7385286 4.1423089 4.1490818 2.9569100 3.9810145 3.5327643 3.8457313 3.2001459 3.3413531 3.4763836 3.5476674 0.0000010 4.4116155 0.0000010 2.8149457 3.0092884 3.1610874 3.2907107 3.1149076 3.1364938 4.1178700 5.6959443 3.8389203 4.9580150 4.9948472 4.5288758 2.3823979 5.9240278 4.7001984 3.8939235 4.4534236 3.7736244 5.5702180 4.5722145 4.1824846 4.2118064 3.1369637 5.6347674 4.7363683 6.6779488 7.5081262 7.5081262 
Opea_EP00118_Oscarella_pearsei_P008361                              2.1947166 1.9549798 2.2848535 1.6964504 1.5165629 1.4167489 1.6708174 1.6785812 1.5194973 1.4686013 1.3471078 1.3393518 1.3411395 1.5428624 1.4330435 1.8207958 1.2615727 1.5770245 1.8230610 1.7446004 0.2960657 0.0000000 0.1458440 0.3565617 1.0883764 1.4899536 2.5424960 1.3988275 1.8821113 1.1721846 1.5831993 1.6335928 1.7981509 1.7428521 1.7999155 1.4071573 1.7612292 2.0314120 1.9065865 1.9807452 1.4293508 1.6388618 1.5233172 1.6668529 2.5863180 2.4982938 1.2762054 1.7610897 1.6846654 1.7576962 1.7766911 1.7028722 1.7130259 2.2109283 2.6840500 2.3003408 3.2502124 3.5493428 4.2200702 3.7743465 3.6394956 3.4077240 3.1846245 3.3644905 3.3961384 3.2764757 3.6172067 3.4526860 3.3543740 2.1055511 3.7010329 3.1829785 3.8484738 3.3007164 3.2671464 
Opea_EP00118_Oscarella_pearsei_P008360                              2.2981427 4.2509495 3.7080990 3.2265699 3.1490312 3.3123660 3.5717176 3.5717176 3.3198039 3.5203389 4.0708212 3.9830599 3.6347351 4.5648932 3.3082750 3.9145341 2.2382161 3.5938422 5.3006801 4.2440660 0.0817913 0.1458440 0.0000000 0.7659797 3.0426304 3.3694947 3.7409914 3.4472925 4.2450453 1.1682225 1.6101933 3.4374054 4.5316155 3.7503258 4.3905995 1.2920885 3.3638781 3.7436795 3.5271925 3.7320339 2.3162055 2.9818928 2.8332661 3.3309743 0.0000010 0.0000010 3.1318079 4.0027034 4.0527316 4.4156010 4.4803227 4.2574465 4.2994944 5.2404463 7.6445078 4.1716687 8.6760746 8.9999981 2.2099479 2.2099479 8.4702158 7.3584390 4.8729582 4.9383479 6.9263150 4.8763511 1.6070180 5.3329740 5.3329740 3.1683292 8.0221517 6.0232659 7.9912734 5.2751685 5.2751685 
Ocar_g7806                                                          2.3831547 2.1285773 2.1836166 1.8254135 1.7088058 1.6043663 2.1676586 2.2032303 2.0384702 1.8289100 1.3561600 1.5757996 1.5660530 2.0262050 1.6988200 1.7767328 1.4688987 1.6894744 2.0922253 2.1074760 8.9999986 0.3565617 0.7659797 0.0000000 1.1219913 1.7808235 3.8730663 1.6371990 2.7844142 1.4553068 1.3269581 2.0034499 2.2037534 2.1338947 2.1456936 2.9656995 1.8952980 2.2316478 1.8974283 1.9022415 1.6586287 1.6333892 1.6333892 1.9121862 2.5557197 7.4991278 1.2369683 2.3337712 2.2448523 2.2149756 2.2249437 2.0958451 2.1088791 2.8134682 3.0255526 2.4961191 1.9445856 3.5469646 4.1378348 3.7167692 3.7149049 3.4633769 3.4633769 3.8138224 3.7332535 3.6227402 3.3347022 3.8410285 3.6037630 2.7546064 5.0083838 3.8868238 4.2747830 2.6648372 2.6373768 
Plajan_Pjan_C563552_01                                              2.1953296 1.9656985 2.4317096 1.5358288 1.3516357 1.3247417 1.5514137 1.5465687 1.3825091 1.5027176 1.3015251 1.3275945 1.3370335 1.4299217 1.4555937 1.6472378 1.3165508 1.4924576 1.8177833 1.8503052 2.6375779 1.0883764 3.0426304 1.1219913 0.0000000 1.5001162 2.2008097 1.4651811 1.8622986 1.2094184 1.9200711 1.9099506 1.9285143 1.9723140 1.9832629 1.3969458 1.9330278 2.1795397 1.9797719 2.0104734 1.4693771 1.6917835 1.4694292 1.7585227 2.2833166 2.5152644 1.3779968 2.1233583 2.0161866 1.9963197 1.9537291 1.9501358 1.9562297 2.4555604 2.8409271 2.4145809 2.4591988 2.8786049 3.8621480 3.5696419 2.9463747 3.3824933 3.1617259 2.9512774 2.9450939 2.9449565 3.2453524 3.0533658 2.9632467 2.1112448 3.1963154 3.1761012 3.4880408 2.9906702 3.0638009 
Lcom_lcpid39654                                                     2.5248419 2.0208385 2.5578652 1.8860658 1.5704781 1.5309510 1.7689532 1.7604561 1.6224058 1.7226380 1.6490881 1.6432339 1.6495042 1.8044949 1.7551512 1.8321571 1.5343229 1.6470951 2.0598299 2.0370245 2.7291557 1.4899536 3.3694947 1.7808235 1.5001162 0.0000000 0.4901705 0.4670089 0.7694210 1.2204467 1.8501210 1.8777487 2.0232733 2.3362756 2.3700130 1.5633889 1.8718670 2.4435212 2.0517397 2.0940356 1.4967097 1.7099354 1.5215499 1.7478933 2.6344500 2.5491704 0.7743665 2.4109182 2.3042970 2.2624997 2.2478252 2.2425833 2.2429962 2.7868275 3.2391827 2.2082871 2.9486063 3.3171550 3.8327845 3.4110269 3.2929749 3.1926601 3.0208328 3.3457861 3.0824808 3.2241800 3.4416466 3.1403494 3.0988067 2.1153091 3.3288463 3.1964351 3.2228701 3.2788839 3.4441981 
Leuniv_Lniv_C770426_01                                              6.0930612 2.7319495 7.6011045 2.3312249 2.0405699 2.3900302 2.8173477 2.7681480 2.1765238 2.4563587 3.0010522 2.7972386 2.6388265 2.8520443 2.8772253 2.2606771 2.5312378 2.1126069 3.2255367 2.9879178 2.4408490 2.5424960 3.7409914 3.8730663 2.2008097 0.4901705 0.0000000 0.4393703 4.6160573 5.9696029 1.8154309 2.6447524 3.3302079 4.5354362 4.5562224 0.0000010 2.9972449 3.4136544 4.0911163 3.1735128 2.5454878 2.9237685 2.5140407 3.0540828 8.1728860 3.0884959 2.7399567 3.5082163 3.5141479 3.8597693 3.8344251 3.9061955 3.8982980 4.2754758 6.9811144 2.7066863 4.4817038 4.6973259 3.6557246 3.6557246 4.4262891 6.0503269 5.6461372 5.7934226 5.7422139 8.9999982 4.5277454 3.4414958 3.8511514 2.2911145 3.4277307 4.4362679 3.1053668 5.0561812 4.5788626 
Gracom_Gcom_scaffold17134_01                                        2.5047722 2.0293432 2.4263650 1.7464879 1.4324770 1.3872300 1.5863262 1.5628083 1.4383686 1.4997289 1.4124833 1.4687967 1.4822564 1.6037567 1.5539819 1.8145544 1.2551336 1.5387897 1.7627768 1.7536913 2.7124933 1.3988275 3.4472925 1.6371990 1.4651811 0.4670089 0.4393703 0.0000000 0.8318797 1.0995832 1.8593848 1.6784314 1.9881616 2.1284153 2.1340778 1.5192970 1.8536984 2.1937631 1.8847915 2.1630377 1.4711972 1.7277269 1.4476458 1.8031386 2.0744955 2.3884491 0.8164288 2.2132301 2.0964889 2.0331637 2.0286077 2.0083146 2.0114715 2.6454259 2.7083226 2.1923548 2.8296450 3.0573894 3.6201550 3.3239525 3.1432241 3.1828558 2.8639430 3.3226877 2.9096923 2.9997356 3.1391558 3.1755942 3.0598597 2.0936905 3.0786112 2.8088244 2.5909082 3.1902664 3.4648807 
Leuniv_Lniv_scaffold1046_01                                         3.2569418 2.3462047 3.9454373 1.9720228 2.1156261 1.7066091 1.9116936 1.9416606 2.1619417 1.8857113 1.9155940 1.9498863 1.9013947 1.7948756 1.9272828 1.9738739 2.4381622 2.0896957 1.8740555 2.2248572 4.7263686 1.8821113 4.2450453 2.7844142 1.8622986 0.7694210 4.6160573 0.8318797 0.0000000 2.4090947 2.5995260 2.0687734 2.3470331 2.1600113 2.2651336 1.4408761 2.1386874 2.9272577 2.2820826 2.5192458 2.2433062 2.2555058 2.2244708 2.5099651 7.0101587 2.5978494 2.8651106 2.3504452 2.3504452 2.2666312 2.2663429 2.2205086 2.2192726 3.2963897 3.7989058 2.7464987 2.9318261 3.2469874 4.2807545 4.0596329 3.1700177 2.9470415 2.5732081 3.0473686 2.8043616 2.9469880 3.7479062 2.9150253 2.9513791 2.3027111 3.1819171 3.8273965 3.2279610 3.9290971 3.8300552 
Clacor_Ccor_C520923_01                                              2.5817167 1.8868958 2.2569077 1.5220958 1.1442273 1.1062615 1.4055404 1.3976761 1.3672562 1.3328697 1.1419480 1.1038311 1.0919409 1.1621869 1.1675682 0.0000010 1.0391321 1.3321476 1.0922994 1.4179329 6.2578390 1.1721846 1.1682225 1.4553068 1.2094184 1.2204467 5.9696029 1.0995832 2.4090947 0.0000000 1.5694141 1.4317017 1.4989298 1.5911667 1.4299563 1.5224147 1.6523438 1.8194162 1.8200467 1.7094841 1.2415765 1.2671974 1.2671974 1.2060204 1.7926013 0.0000010 1.0489402 1.9639942 1.7533302 1.7453963 1.7596728 1.6589247 1.6658654 1.4913919 1.8820876 1.7804952 0.0000010 2.3175215 2.8207851 2.8504403 2.7613674 2.9698483 2.9698483 2.9032986 2.9411974 3.0759026 2.8876048 3.6599216 3.2337989 1.7828178 3.6570950 2.6173777 3.5734646 2.5888774 2.6204835 
Hvul_g630_1                                                         2.4481566 1.6818141 1.9147093 2.0691339 1.8885651 2.1974815 2.1051308 2.0711970 1.2937332 1.7129206 1.7643107 1.6835304 1.7961747 1.8043304 1.7307155 3.3374673 1.6893194 1.5218181 1.5449589 1.5228840 1.2389742 1.5831993 1.6101933 1.3269581 1.9200711 1.8501210 1.8154309 1.8593848 2.5995260 1.5694141 0.0000000 1.6146412 1.6847304 1.4402601 1.6361404 2.0317824 1.3954117 1.3890990 1.5529625 1.4349767 1.5115790 1.5094180 1.3485288 1.7313520 4.7623661 0.0000010 1.5808195 2.7300653 2.7300653 2.3429131 2.2427447 2.3904433 2.3904433 2.3330786 1.7485833 2.3691000 2.6580760 3.2160229 4.0178327 4.0178327 4.4486662 4.4531391 4.1406148 4.6739950 4.1513032 4.4146885 3.7150103 5.1919930 5.2746128 2.0616010 3.7915331 4.2280923 3.3525379 1.7707752 1.7707752 
Cscu_XM_023367290.1                                                 2.2556465 1.8906745 2.1465898 1.4480163 1.2285453 1.3128171 1.4170774 1.4115975 1.4501089 1.5630039 1.5063797 1.4751885 1.4360636 1.4760672 1.4491441 1.6523753 1.3587865 1.3549624 1.8271306 1.7410269 2.9924840 1.6335928 3.4374054 2.0034499 1.9099506 1.8777487 2.6447524 1.6784314 2.0687734 1.4317017 1.6146412 0.0000000 1.8799747 1.9918997 1.9918460 1.7059108 1.8551511 2.2363546 2.3402577 2.5028902 1.7183448 2.0793774 1.8585571 1.9423046 2.6079391 2.3611079 1.8749739 2.1309533 1.9950242 2.0071818 2.0175507 2.0256557 2.0268055 2.1260780 2.8125366 2.0499640 2.3661990 2.8280327 4.0205014 3.6183991 3.1967176 2.8859295 2.7621831 3.1684167 3.0875715 2.9445966 3.0283509 3.1812298 3.0738266 2.3618669 3.5017189 3.0012738 3.1553208 3.0701480 3.1598355 
Sanmal_Sma_005545-T1                                                2.2695736 2.1690815 2.5984975 2.0362926 1.6694541 1.7515705 1.6684608 1.5978734 1.6122810 1.7245130 1.3605105 1.6362662 1.5956686 1.5066946 1.5314762 1.9058061 1.3970018 1.8595941 1.7925657 1.9009363 3.7327594 1.7981509 4.5316155 2.2037534 1.9285143 2.0232733 3.3302079 1.9881616 2.3470331 1.4989298 1.6847304 1.8799747 0.0000000 0.8909348 0.8756088 0.5267714 1.4031481 1.8131166 2.3289810 2.4377606 1.8616032 2.1222902 1.7993944 2.1382811 2.8126915 2.3046480 2.0272943 2.1748437 2.0993580 2.0199536 2.0157883 1.9734641 1.9851591 1.9531240 3.0183370 2.5212112 3.4714629 3.4752101 3.8328162 3.5289549 3.6446198 3.3207938 3.1603043 3.4232273 3.1641501 3.2495559 3.0878605 4.2904196 3.9629316 2.4917207 3.7805042 3.6792564 3.4955649 3.4554348 3.4993332 
Nemnom_g17767.t1                                                    2.3974315 2.3046716 2.5601659 1.9665033 1.8196564 1.8707719 1.8614717 1.8180931 1.9375823 1.8935522 1.3274985 1.7667433 1.7321500 1.7852404 1.8103761 2.1138547 1.4802220 2.0411688 1.8127727 1.8040021 3.7385286 1.7428521 3.7503258 2.1338947 1.9723140 2.3362756 4.5354362 2.1284153 2.1600113 1.5911667 1.4402601 1.9918997 0.8909348 0.0000000 0.2618593 0.5449599 1.4188904 1.9531860 2.4769016 2.5285387 1.7212863 2.2926279 1.8169467 2.2501088 2.6564348 3.0484656 1.7840413 2.2122021 2.1718940 2.0650590 2.0938645 2.0366554 2.0467987 2.2030420 2.8480320 2.3754064 3.2771148 3.5870236 3.9231035 3.6875445 3.6478928 3.3333728 3.0945329 3.5322644 3.2105180 3.0949640 3.3914689 3.8850583 3.7766442 2.6881152 4.3857156 3.8609180 4.1613079 3.5974487 3.6333750 
Rhoesc_Res_005226-T1                                                2.3460246 2.3415460 2.4879432 2.0153243 1.7968086 1.9171138 1.9664036 1.9267498 1.8560043 1.8721919 1.2900942 1.7268019 1.7205437 1.7996749 1.7515406 2.1790255 1.4415945 2.0006814 1.8380633 1.7733219 4.1423089 1.7999155 4.3905995 2.1456936 1.9832629 2.3700130 4.5562224 2.1340778 2.2651336 1.4299563 1.6361404 1.9918460 0.8756088 0.2618593 0.0000000 0.4379894 1.3935192 1.9753092 2.4267649 2.5206176 1.7626048 2.2674337 1.8413009 2.1347623 2.6102125 3.0880389 1.7804757 2.3805657 2.2533082 2.1743815 2.2264844 2.1708225 2.1783320 2.2008301 3.0245761 2.2924875 3.3362083 3.6279581 3.6182098 3.4100245 3.3723383 3.2097737 2.9482754 3.3144862 2.9773679 2.9328014 3.1305082 3.8950919 3.7121585 2.9910638 3.9816027 3.9893976 3.9645108 3.3758447 3.5270824 
Aaur_scaffold232.g7.t1                                              3.3971492 1.6029332 2.5325171 1.7657756 1.3396001 1.4296290 1.5953942 1.6105679 1.3516018 1.3125628 1.2690793 1.2334929 1.2802131 1.2064087 1.1526658 1.1504567 1.5118516 1.6293505 1.2495305 1.5261338 4.1490818 1.4071573 1.2920885 2.9656995 1.3969458 1.5633889 0.0000010 1.5192970 1.4408761 1.5224147 2.0317824 1.7059108 0.5267714 0.5449599 0.4379894 0.0000000 1.1774998 1.3073956 1.4785957 1.4855285 1.5227039 1.4992032 1.4992032 1.4421220 2.7865785 2.0244192 2.5539415 1.6697474 1.4763498 1.4327723 1.4344038 1.3757606 1.3901627 1.2839265 1.8367177 1.8691518 3.0520535 3.0137587 3.7935427 3.8398465 3.4247593 3.2193493 3.2193493 3.1285585 3.0584686 3.0940647 3.2977719 4.0373176 3.9764847 1.7072391 3.6346102 2.8677253 2.7455642 2.7457191 2.7312051 
Morvir_scaffold7.g99.t1                                             2.2283612 2.1915398 2.5675594 1.9220469 1.6616241 1.7585091 1.7645044 1.7518061 1.8059247 1.6946964 1.3445104 1.6561136 1.6507751 1.7869741 1.8053600 2.0250924 1.6248798 1.7932896 1.6773213 1.7825738 2.9569100 1.7612292 3.3638781 1.8952980 1.9330278 1.8718670 2.9972449 1.8536984 2.1386874 1.6523438 1.3954117 1.8551511 1.4031481 1.4188904 1.3935192 1.1774998 0.0000000 1.6490520 2.4072107 2.2212354 1.7515007 2.0652015 1.7048979 1.8569351 1.9711253 2.6442748 1.5040011 2.2229211 2.1300713 2.0992391 2.0955158 2.0848151 2.0868861 2.1759598 2.9020765 2.2254044 3.0388380 3.5826526 4.0383024 3.7120771 3.5063039 3.2738786 3.1073892 3.5335372 3.1663152 3.3249244 3.4109434 3.7123820 3.6137476 2.6140358 3.6510850 4.1973266 4.8012882 3.1596334 3.1621598 
Chem_TCONS_00033984                                                 2.6106256 2.3857215 2.6066397 2.3038030 2.0231968 2.1562875 2.2291216 2.1803496 1.9722464 2.1249668 1.9684429 2.1758484 2.1377706 2.1664739 2.1817740 2.2965558 2.0681088 2.3033988 2.0396590 2.1844990 3.9810145 2.0314120 3.7436795 2.2316478 2.1795397 2.4435212 3.4136544 2.1937631 2.9272577 1.8194162 1.3890990 2.2363546 1.8131166 1.9531860 1.9753092 1.3073956 1.6490520 0.0000000 2.6823983 2.4873375 2.0561668 2.3712642 2.1719809 2.3800087 2.4342489 2.8822435 2.0881538 2.2392559 2.1615493 2.1862658 2.2220110 2.1755416 2.1865693 1.3454314 3.1259090 2.8186217 3.0520288 3.2499429 3.5459549 3.2998375 3.2018839 3.1612583 2.9432642 3.3530178 3.0523695 3.0739873 3.3094312 3.6873917 3.5674140 2.8093917 3.8317868 3.8058813 3.3661415 3.6924042 4.0822975 
Aque_Aqu2.1.33583_001                                               3.9452576 2.5466947 2.8982530 2.3609768 2.2014654 2.0000692 2.3407476 2.3123116 1.9539023 2.0748648 1.9526895 2.2022949 2.2272753 2.2965466 2.1457729 2.7533478 1.9538192 2.2912569 2.3922098 2.2942204 3.5327643 1.9065865 3.5271925 1.8974283 1.9797719 2.0517397 4.0911163 1.8847915 2.2820826 1.8200467 1.5529625 2.3402577 2.3289810 2.4769016 2.4267649 1.4785957 2.4072107 2.6823983 0.0000000 0.7888834 1.4467500 1.8441512 1.4622138 1.8156754 3.0369133 3.9344309 1.5097936 2.7871511 2.5926132 2.6685044 2.6860894 2.7148854 2.7243401 2.7204896 2.6342048 3.0549466 4.3909945 4.2721454 3.8226432 3.5642465 4.0209023 3.9999374 3.5620416 4.0092420 3.4845759 3.4205813 3.4222110 3.6932271 3.8040740 2.2654764 4.0833043 4.5258036 4.2756030 3.6543063 3.6317830 
Halamb_c44355_g1_i3mm.1431                                          3.6375694 2.6997567 2.8485572 2.5028385 2.0342845 2.2195311 2.4364352 2.3951731 2.1277678 2.1334173 2.1012522 2.2692394 2.2944835 2.3666605 2.1357116 2.8563591 1.9123088 2.2913880 2.2745274 2.1621972 3.8457313 1.9807452 3.7320339 1.9022415 2.0104734 2.0940356 3.1735128 2.1630377 2.5192458 1.7094841 1.4349767 2.5028902 2.4377606 2.5285387 2.5206176 1.4855285 2.2212354 2.4873375 0.7888834 0.0000000 1.4792739 2.0197140 1.5105336 1.8759228 2.4179562 3.9862879 1.6014736 2.7513880 2.5933311 2.6309105 2.6026603 2.5900855 2.5988674 2.9215817 2.8611092 2.8523704 4.6620917 4.5615697 3.6473746 3.2183323 3.7295008 4.0363190 3.4784053 4.1195320 3.3986292 3.4175373 3.5214550 4.1449240 4.0936341 2.5168119 4.3967169 4.0480962 5.0199949 3.8243328 3.8012055 
Emue_Em0004g238a.t1                                                 2.6966531 1.8162138 2.0728085 1.7209028 1.5395851 1.5060289 1.7409412 1.7733856 1.5816085 1.3695082 1.4233431 1.2826017 1.2909596 1.3730769 1.2726820 1.4818468 1.3614045 1.4631875 1.5930698 1.7407646 3.2001459 1.4293508 2.3162055 1.6586287 1.4693771 1.4967097 2.5454878 1.4711972 2.2433062 1.2415765 1.5115790 1.7183448 1.8616032 1.7212863 1.7626048 1.5227039 1.7515007 2.0561668 1.4467500 1.4792739 0.0000000 0.2285712 0.2198919 0.8436993 1.8798431 2.6730802 1.2882149 2.0165493 1.8761883 1.9306067 1.8926804 1.8572511 1.8658941 2.1328471 2.4267117 2.0961507 2.8767631 3.2397917 3.2280275 3.0520861 3.1458392 2.9598244 2.7713305 3.2156360 2.9435675 2.8004756 3.1396063 3.0159834 2.8573251 1.4053350 3.3645219 3.4686454 3.2820885 1.9898051 2.0956731 
Spolac_c92122_g1_i3_m.7518c92122-g1                                 2.8552678 2.1870624 2.1184522 2.1282596 1.8466485 1.8139506 2.0583332 2.0552086 1.8644963 1.8488138 1.4195256 1.7144580 1.7092486 1.7874813 1.6905602 2.1783070 1.4462768 1.7503236 2.0360017 1.9834263 3.3413531 1.6388618 2.9818928 1.6333892 1.6917835 1.7099354 2.9237685 1.7277269 2.2555058 1.2671974 1.5094180 2.0793774 2.1222902 2.2926279 2.2674337 1.4992032 2.0652015 2.3712642 1.8441512 2.0197140 0.2285712 0.0000000 0.0139558 1.1383426 1.9651258 3.1165719 1.2925584 2.3336144 2.1793769 2.3075028 2.2847143 2.2207530 2.2200277 2.7564672 2.7573892 2.4431270 3.1626355 3.4459091 3.4127833 3.1994699 3.4035452 3.2149780 2.9660147 3.4499736 3.1153256 3.1196839 3.1664065 3.2704599 3.1071661 1.9378658 3.5238945 3.8336071 3.4835750 2.7102933 2.7995407 
Spolac_c92122_g1_i1_m.7516c92122-g1                                 2.8552678 1.8165706 1.9764860 1.7692905 1.5881853 1.5348099 1.9278420 1.9373826 1.6342408 1.4260484 1.3967331 1.3329846 1.3275248 1.3714876 1.3777145 1.6321897 1.4215286 1.5583916 1.6710332 1.6579028 3.4763836 1.5233172 2.8332661 1.6333892 1.4694292 1.5215499 2.5140407 1.4476458 2.2244708 1.2671974 1.3485288 1.8585571 1.7993944 1.8169467 1.8413009 1.4992032 1.7048979 2.1719809 1.4622138 1.5105336 0.2198919 0.0139558 0.0000000 0.8817077 1.9651258 2.5874802 1.2925584 1.9958718 1.8667839 1.9291831 1.9062409 1.8382575 1.8389268 2.2677290 2.3218802 2.0833035 3.0209700 3.2828853 3.4127833 3.1994699 3.2606112 3.0989043 2.9660147 3.2663557 3.1153256 3.0621491 3.1664065 3.1047985 2.9559166 1.6673782 3.3383148 3.5203734 3.3440397 2.1304327 2.2205744 
Tetwil_g10999.t2                                                    2.1786387 2.3797115 2.3802409 2.0940710 1.7554942 1.7311877 1.9302480 1.9243357 1.8342630 1.7524899 1.5006816 1.7198577 1.7733148 1.8426020 1.7040972 2.2778066 1.4892453 1.7431725 2.0712750 1.9147048 3.5476674 1.6668529 3.3309743 1.9121862 1.7585227 1.7478933 3.0540828 1.8031386 2.5099651 1.2060204 1.7313520 1.9423046 2.1382811 2.2501088 2.1347623 1.4421220 1.8569351 2.3800087 1.8156754 1.8759228 0.8436993 1.1383426 0.8817077 0.0000000 1.1541031 3.4406425 1.3094182 2.5383196 2.3618057 2.3821182 2.3685965 2.3496173 2.3579181 2.8315978 2.9495382 2.6322590 3.1844697 3.5636684 3.8313428 3.7345819 3.5822656 3.4298097 3.0311927 3.5219030 3.1621506 3.1723541 3.5269679 3.3899069 3.2447878 1.6899749 3.8054103 3.6577051 4.0932823 3.4731381 3.4942273 
Stycar_maker-SC_scaffold18340-snap-gene-0.14-mRNA-1                 2.0786084 2.5834367 2.6648800 2.2249727 2.0609659 1.8709910 2.4542378 2.3376054 1.9081016 1.9757353 1.8447771 1.9121372 1.8828210 1.4293077 2.0363053 1.9932515 2.0317720 1.5923060 2.4283039 2.3234827 0.0000010 2.5863180 0.0000010 2.5557197 2.2833166 2.6344500 8.1728860 2.0744955 7.0101587 1.7926013 4.7623661 2.6079391 2.8126915 2.6564348 2.6102125 2.7865785 1.9711253 2.4342489 3.0369133 2.4179562 1.8798431 1.9651258 1.9651258 1.1541031 0.0000000 0.0000010 2.1948108 2.6509154 2.6482306 2.4485013 2.4241193 2.4775547 2.4971241 1.4559768 4.5261784 3.0615216 9.0000000 9.0000000 3.6119228 3.6119228 3.4934853 5.2798245 5.2798245 4.2673729 3.9954079 4.0968587 3.9168185 5.8330766 3.9340341 3.7645519 6.0864371 3.3358872 6.1435448 3.2882367 3.4438106 
Dpul_mRNA19821                                                      0.0000010 2.9453998 9.0000000 2.5984416 1.9834971 2.0782779 2.6316349 2.2285492 1.9788291 1.9100564 1.9133316 2.0233848 2.0817964 1.8305103 2.1233912 2.0360921 4.0776315 3.5394862 2.6700803 3.5275905 4.4116155 2.4982938 0.0000010 7.4991278 2.5152644 2.5491704 3.0884959 2.3884491 2.5978494 0.0000010 0.0000010 2.3611079 2.3046480 3.0484656 3.0880389 2.0244192 2.6442748 2.8822435 3.9344309 3.9862879 2.6730802 3.1165719 2.5874802 3.4406425 0.0000010 0.0000000 0.0000010 3.0718702 3.0718702 3.1063127 3.0295012 2.9917593 2.9885417 4.5380130 5.7723218 3.1109969 1.9652893 3.5614059 7.1133551 0.0000010 3.1579448 4.1173421 4.1173421 2.4875607 4.1778368 3.7440376 4.2986300 3.2657687 3.1704235 2.6847406 2.6315096 2.9260634 3.8926494 2.4298519 2.6511620 
Leuniv_Lniv_scaffold1048_01                                         2.2103855 1.8568065 1.7478746 1.7639225 1.3892698 1.2974805 1.6919711 1.7279524 1.4377489 1.5709831 1.3150220 1.3116504 1.3298965 1.5496242 1.6054905 4.0126798 1.1744195 1.3331199 1.8266414 1.6177782 0.0000010 1.2762054 3.1318079 1.2369683 1.3779968 0.7743665 2.7399567 0.8164288 2.8651106 1.0489402 1.5808195 1.8749739 2.0272943 1.7840413 1.7804757 2.5539415 1.5040011 2.0881538 1.5097936 1.6014736 1.2882149 1.2925584 1.2925584 1.3094182 2.1948108 0.0000010 0.0000000 2.1947049 2.2000790 2.1617039 2.1806033 2.0771388 2.0801652 2.7771168 2.2347762 1.9862901 8.9999982 8.9999982 3.1499643 3.1499643 3.1653218 3.3567042 3.3567042 3.6365220 3.0709861 3.1720100 2.8995516 3.6844086 3.2119423 2.1216485 3.4681098 2.5924045 3.5443307 2.2671338 2.3747468 
Tadh_TriadT54056                                                    3.0103004 2.6255433 3.0329192 2.3461689 1.9456500 1.9910438 2.1053143 2.0999677 2.0086250 1.9998688 1.8012377 1.8618878 1.8324644 1.8756018 1.9977548 2.0810834 1.8009757 1.9248041 2.1133761 2.1743432 2.8149457 1.7610897 4.0027034 2.3337712 2.1233583 2.4109182 3.5082163 2.2132301 2.3504452 1.9639942 2.7300653 2.1309533 2.1748437 2.2122021 2.3805657 1.6697474 2.2229211 2.2392559 2.7871511 2.7513880 2.0165493 2.3336144 1.9958718 2.5383196 2.6509154 3.0718702 2.1947049 0.0000000 0.0064916 0.2540737 0.2511023 0.2282437 0.2299831 2.3692619 3.9018636 2.7641399 2.8254560 3.5903925 3.9321944 3.6427914 3.2038137 3.1987247 2.9589598 3.2889652 2.9957065 3.2230499 3.7195541 3.1736535 3.1429276 2.7023819 4.0314899 3.6532311 3.4470409 3.9731866 4.1534647 
