162
Xestes_augustus_masked-XT_scaffold119102-processed-gene-0.1-mRNA-1  0.0000000 0.9335456 0.9019493 0.8170452 0.9309311 3.8345538 2.4757575 2.2860121 2.6394910 2.8183690 3.0039344 2.7518818 2.5233761 2.6512795 2.5917885 2.5359296 2.5951681 2.5717033 2.2567171 2.4977805 2.3842980 3.1342553 2.5466582 2.9097928 3.0184142 3.1610710 2.9342257 3.3680188 2.7392630 2.6613141 2.6415014 2.9740982 2.8621756 2.8621756 3.0815048 2.8712783 2.8469999 4.2323304 2.6644272 1.6202889 1.8967000 2.4782601 2.5863107 2.7789390 2.4337447 2.5860353 2.5950849 2.4188009 2.5155925 2.5155925 2.4129536 2.3536668 2.3275458 2.3725063 2.4352135 2.5411067 2.5782035 2.5090251 2.5090251 2.6941798 2.6941798 2.7595646 2.7151553 2.6797913 2.4082524 2.6664505 2.6530954 2.7486528 2.7215732 2.8748210 2.7953361 2.7440104 2.7158251 2.0445748 2.6889130 2.9647478 2.6267733 2.6196320 2.6907530 2.9733050 2.5513555 2.7908484 2.7234397 2.7394378 2.9857581 2.9361396 2.4531304 2.4871090 2.4009024 2.5668909 2.3085008 2.2759666 2.5096423 2.2413703 2.3860126 2.3783248 2.3429918 2.3844330 2.2880780 2.4411711 2.6177034 2.4565214 2.4387406 2.6098592 2.6574502 3.1246383 3.0473946 2.9670052 2.8595999 2.6197758 2.9887512 3.0961591 2.9476896 2.5510321 2.5659982 2.6628623 2.9090037 2.7390309 5.0531535 2.5410284 2.7182447 3.2722098 2.8541629 3.1038556 3.1712630 3.1368916 2.4370654 3.0371136 3.1185112 2.8885660 3.0898702 2.7401494 2.7709780 3.0270419 3.2803911 2.9857708 2.9114187 2.6389004 3.8468122 2.8705727 3.0018082 3.0398576 1.9497766 7.9246868 2.7889561 3.4782589 3.3666095 3.6793972 3.4971086 2.9271070 3.0437211 5.8168173 3.0943808 2.6372916 2.3882279 2.3696818 3.3919807 3.6130592 5.0048064 9.0000000 4.8950537 9.0000000 
Xestes_augustus_masked-XT_scaffold50441-processed-gene-0.0-mRNA-1   0.9335456 0.0000000 0.4572729 0.4919991 0.9945667 2.0951872 2.0219251 2.1632725 2.3826803 2.3343261 2.4481631 2.3788036 2.5113822 2.4285988 2.3396902 2.2910103 2.1933961 2.1680024 2.2379508 2.2706333 2.2916364 2.4010940 2.3608256 2.4771787 2.3809006 1.9995253 2.4148422 2.6824885 2.1994281 2.4166316 2.3443159 2.4832968 2.1471584 2.1471584 2.4760830 2.5984402 2.2400522 1.8615690 2.4329527 1.6169059 2.0243210 1.9868547 2.0967424 2.1421932 2.4355023 2.0678203 2.2056681 2.2213948 2.2572748 2.2572748 2.1497918 2.1497100 2.1313062 2.3141024 2.0464873 2.6911705 3.0216667 2.3385069 2.3385069 2.4298430 2.4298430 2.2805551 2.4149628 2.3781512 2.1948892 2.2382091 2.3902774 2.4289021 2.2037534 2.2316663 2.3822908 2.0364823 1.9986430 1.6718666 2.1401835 2.2271014 2.3642953 2.2496309 2.2086085 2.2142215 1.7350478 2.2594516 2.3102793 2.3358054 2.5108335 2.3844799 2.0404079 2.0909780 1.9211791 2.1049613 2.0491875 1.9777601 2.0192764 2.3867091 2.2123614 2.2008312 2.1511509 2.1497152 2.1506570 2.7680246 2.3745009 2.0949620 2.3193487 2.1976731 2.2013908 2.5909797 2.9600189 2.5361119 2.3795845 2.3412609 2.4686548 2.5179923 2.5786300 2.3593309 2.1964340 2.4639057 2.5088318 2.2763271 3.2696732 1.7200818 2.3925481 2.7348027 2.0191064 2.6492887 2.6974839 2.3300657 2.1823858 2.7267154 2.7115542 2.5607198 2.5321996 2.4305529 2.4068778 2.6529108 3.1675426 2.5357205 2.7048482 2.2729353 3.2904179 2.3869010 3.0392062 2.1574911 2.2603574 6.3967709 2.4537018 2.7981881 2.8134236 2.8267357 2.8146509 2.8606593 3.0474980 3.6244592 2.8401131 2.6999126 2.1824130 1.9852454 3.1725517 3.1648533 4.9048379 4.0713182 3.5757771 0.8609508 
Xestes_augustus_masked-XT_scaffold74518-processed-gene-0.0-mRNA-1   0.9019493 0.4572729 0.0000000 0.4771725 0.9650778 1.6951317 2.0482505 2.5080647 2.5604785 2.1863653 2.2020211 2.7024805 2.8717860 2.6271815 2.4149858 2.7117624 2.4150614 2.4088930 2.1953746 2.1392602 2.2113151 2.4360457 2.4187434 2.4044127 2.1945522 2.1575926 2.2476066 2.8685495 2.2003387 2.2218708 2.1772688 2.3800699 1.9646515 1.9646515 2.2716971 2.2716971 2.0012004 1.7177487 2.2103705 1.5138334 2.0061960 2.0154549 1.9762635 1.9483816 2.7375855 2.0547581 2.2036064 2.1979748 2.2165631 2.2165631 2.0832505 2.0832505 2.0832505 2.4970443 2.0677584 2.5033572 2.7603739 2.1458581 2.1458581 2.2017301 2.2017301 2.1949507 2.3273338 2.2929695 2.3844757 2.2890391 2.1586132 2.3090382 2.1517219 2.2272459 2.6405788 2.2062238 2.2131256 2.0422699 2.1317237 2.3438150 2.4441834 2.3064104 2.2464828 2.2968942 1.8594782 2.2663431 2.2745373 2.0886797 2.4067039 2.2205942 1.9769239 2.2484858 2.2044373 2.2481132 2.0275440 2.1345913 2.2115714 2.6712351 2.2277972 2.2475211 2.2219234 2.2344670 2.2385483 3.5293145 2.4365923 2.3786158 2.1645438 2.1136434 2.1017720 2.3931407 3.4629765 2.4228424 2.3351779 2.2289491 2.2564288 2.0301169 2.1739245 2.2098518 2.1313919 2.4336752 2.3195511 2.3524589 2.7815984 1.7317436 2.1118523 2.5524075 2.0940098 2.3966305 2.6169270 2.1192012 2.4263234 2.5156395 2.8270809 2.6166561 2.3745915 2.2636503 2.2409305 2.6546023 2.7031765 2.6442405 2.8534960 2.2565080 2.7104501 2.2134211 2.8181858 2.2672028 2.3136995 7.2583211 2.3015573 2.3543779 2.5340137 2.9308640 2.5354904 2.6088060 2.6491105 2.7439357 2.7196482 2.5207331 2.1864033 2.1222251 2.9733487 3.0503242 8.9999982 4.4273134 5.1194765 0.5414944 
Xestes_augustus_masked-XT_scaffold34068-processed-gene-0.0-mRNA-1   0.8170452 0.4919991 0.4771725 0.0000000 1.0322403 2.2517129 1.9964736 2.2986564 2.4070734 2.3591127 2.4526646 2.5092113 2.5985425 2.4254829 2.4239728 2.4120517 2.2232205 2.2556034 2.1618870 2.0301212 2.1426797 2.2242302 2.1462008 2.5027747 2.3356502 2.2403137 2.4523982 2.3852389 2.0720701 2.1852777 2.1971267 2.3028708 1.9712947 1.9712947 2.2229659 2.2968034 2.1082499 1.6913512 2.2194225 1.6440783 1.8982620 2.2046506 2.2186780 2.0068050 2.1281868 1.8729323 2.1125930 2.0484083 2.0083479 2.0083479 1.9490628 1.9435027 1.8974335 2.0800668 1.9500183 2.6307018 2.8746231 2.2399787 2.2399787 2.3113353 2.3113353 2.2798262 2.3062298 2.2686305 2.0954374 2.2295507 2.2473471 2.2206180 2.1045084 2.2100608 2.2431626 2.0045769 2.1225133 1.8875862 2.0731639 2.1470907 2.5001581 2.3140276 2.3167047 2.1152718 1.8031184 2.2314303 2.3403708 2.4340524 2.5137083 2.5125177 2.0239371 2.0795951 2.1230391 2.1231639 1.9746046 1.9941362 2.1078232 2.2819931 2.1313550 2.1235982 2.1762328 2.1229283 2.0780223 2.3413602 2.3659601 2.0855041 2.1246451 2.1680871 2.1594245 2.5278328 2.9627980 2.6811172 2.3152102 2.3588233 2.3141481 2.3953510 2.3700561 2.4620102 2.2237161 2.1422017 2.2984654 2.1627515 2.9890604 1.7373644 2.3108212 2.7999193 2.1214560 2.5989115 2.8020096 2.2588009 2.4223420 2.9642570 2.8334369 2.4869093 2.5031081 2.5013027 2.5199736 2.5513946 2.9911711 2.6580423 2.4382829 2.3769887 3.3763972 2.5807088 3.0268167 2.0474033 2.2474465 7.2364412 2.4107917 3.1513446 2.9024463 2.6360871 2.8480500 2.8315554 3.0500191 3.6727418 2.3839383 2.6567330 1.9204371 1.9711678 3.2756950 3.3578782 4.3829773 4.6505380 3.4963557 0.6706690 
Xestes_augustus_masked-XT_scaffold1523-processed-gene-0.2-mRNA-1    0.9309311 0.9945667 0.9650778 1.0322403 0.0000000 2.3883458 1.7124705 1.8011259 2.1336591 2.5349391 2.6604822 2.5202296 2.6720312 2.6804426 2.7881387 2.3041203 2.7085702 2.7035574 2.3759990 2.4604022 2.4772563 2.2450220 2.5049768 2.7972208 2.6069311 2.4303655 2.6857119 2.6216835 2.4716426 2.6769404 2.6159471 2.6563002 2.8303680 2.7896307 2.7035234 2.6577784 2.9787398 3.1288933 2.8166987 1.9477967 2.5253156 2.6608363 2.7188354 2.3963253 2.6190402 2.7512278 2.3076684 2.6055233 2.8099991 2.8099991 2.9404637 2.8762333 2.7312482 2.4839571 2.4700352 2.6382966 2.8642848 2.8811064 2.8811064 2.9704085 2.9704085 2.6378784 2.6034866 2.8670732 2.5514683 2.8148877 2.5922875 3.2470001 3.0401990 2.7987960 2.8705913 2.7213382 2.8123182 2.6352746 2.7985610 2.6833157 2.4839280 2.2313399 2.4333296 2.4670830 2.0900645 2.4721882 2.5499289 2.3856956 2.6753693 2.5042420 2.2026152 2.6811538 2.4814736 2.4550340 2.5492785 2.3438667 2.5142658 2.2229814 2.2605899 2.2540178 2.2175606 2.2305072 2.2745272 2.3752264 2.1065669 2.1258679 2.5674916 2.7033377 2.7361735 2.5053546 3.2879176 2.6476714 2.5929603 3.0482135 2.8430173 2.6466175 2.6149637 2.7876227 2.6100737 2.7749716 2.7746343 2.8054279 4.2158438 2.6061326 2.4952864 2.8086366 2.5744811 3.0268915 3.3201061 2.8237875 2.7527331 2.6402942 3.0426104 2.6451584 3.0973935 3.0715434 3.0836200 2.3031792 2.6193327 2.8408640 2.6751992 2.9916981 3.2696005 2.4926416 3.4909585 2.5972167 2.7504699 7.0489524 2.6326745 2.5538062 2.8348921 2.8362775 2.7928786 2.8310942 2.9483963 3.2802562 2.7656559 2.7458757 2.0488214 2.8021566 2.9746203 3.1194137 5.8105063 5.6578937 4.0322826 5.2915326 
Xestes_maker-XT_scaffold5509-augustus-gene-0.17-mRNA-1              3.8345538 2.0951872 1.6951317 2.2517129 2.3883458 0.0000000 5.2526543 8.9999984 8.9999980 5.0991332 5.4817726 8.9999986 8.9999982 7.6196569 6.4885294 7.3520525 6.5345808 6.0397784 8.9999989 6.1858718 6.2816114 3.9866763 5.8415339 5.8669843 5.5956852 2.9829912 5.7308599 7.1152777 5.5113826 8.3887788 8.1515480 8.9999982 5.3960029 5.6364552 8.9999983 8.9999986 5.0686913 3.2306430 6.0570255 2.1456258 4.2175100 5.9669482 5.8331790 5.9297531 8.9999988 5.3710112 5.9982536 6.1513766 5.5515940 5.6736485 6.5228145 6.0951697 6.1520399 6.5875327 5.0095584 8.9999983 8.9999989 6.1379123 6.3586161 5.8842826 5.8842826 6.0557373 6.2795607 5.8631937 5.8708755 6.0278717 7.0696943 8.0170487 5.7239533 5.9097891 8.3378522 5.6931142 5.5635268 3.1227598 6.1427393 3.7142792 8.9999988 6.8354211 6.2415687 4.0177143 3.0805037 5.5881687 5.9263599 5.6020728 6.0214473 5.6236287 4.7496669 4.6779632 4.6212617 4.7264342 4.7306051 4.4488073 4.8380224 8.4863061 6.1888806 6.2491240 5.9684671 5.8472762 6.0624518 8.9999986 8.9999985 7.2726041 8.9999983 5.2664949 5.4160442 5.2947947 8.9999989 6.9825917 5.6395204 5.5665822 6.8075901 5.7239687 5.1172355 5.6696047 5.1209253 5.6935871 6.6460304 5.5365952 5.6565512 3.0025807 5.0741171 6.2573161 6.4676564 5.8785171 6.0043539 5.7215348 8.9999988 8.9999986 7.4926677 6.4915461 6.2961651 7.3516902 7.2094405 8.9999984 8.9999987 5.7478982 6.8985417 5.9431304 5.6861430 5.8836152 5.6769762 4.3468716 3.0859991 8.9999988 3.7933985 8.9999986 6.8821664 5.6153181 6.6375514 6.5586037 7.2046115 5.5926316 6.4051552 5.5631729 3.2654467 6.8876491 6.1794796 5.8395837 8.9999982 6.0773218 8.9999983 5.2873882 
Xestes_augustus_masked-XT_scaffold186872-processed-gene-0.44-mRNA-1 2.4757575 2.0219251 2.0482505 1.9964736 1.7124705 5.2526543 0.0000000 1.6666780 1.9970891 2.1935721 1.9878035 2.0454615 2.4010369 2.2488219 2.0573363 2.1199064 1.9835558 2.0533779 2.3810910 2.0767346 2.1413706 1.7299000 1.9870559 2.3439073 2.2297764 1.9538238 2.2786139 2.8639542 2.3792569 2.0311001 2.0467582 2.2949412 2.3441926 2.3441926 2.4294312 2.0437736 2.1900692 2.6379792 2.3033749 1.6699881 1.9865006 2.0293821 2.0182408 1.8961242 2.6629662 2.2785106 2.1868595 2.1991085 2.4307012 2.4307012 2.1785828 2.1090912 2.1008659 2.4717158 2.2044065 2.5519009 2.7927349 2.2468527 2.2468527 2.3426910 2.3426910 2.2772640 2.2827888 2.2705209 2.1872914 2.3786383 2.4557850 3.2507858 2.7150804 2.5272073 2.8883021 2.3914011 2.4209974 1.6062699 2.3461292 2.0242510 2.1949266 2.2619921 2.2564499 2.3844969 2.0401963 2.2490759 2.2889806 2.3000825 2.4357039 2.3818512 2.1093439 2.4410228 2.3327238 2.3489293 2.3752531 2.1083110 2.2065007 2.2877634 2.1616491 2.1771367 2.1193928 2.0987315 2.1771795 3.0452936 2.3530993 2.5190690 1.9837759 2.3784575 2.3645365 2.5402541 2.2121523 2.1503718 2.0986538 2.2036925 2.4668180 2.0875612 2.4315786 2.4424563 2.1744873 2.3524042 2.3526207 2.3629445 3.5409186 1.8172350 2.2390133 2.5599656 1.9958151 2.4949354 2.3180243 2.6724233 2.6413212 2.6048098 2.5209240 2.4798248 2.6874829 2.6411814 2.6396919 2.4402171 2.5618235 2.3311661 2.6152557 2.2802903 3.4683341 2.8896759 2.6955372 2.2277507 2.4869274 6.6385819 2.0661122 2.9706419 2.5751289 2.5505765 2.5843517 2.4784098 2.6690354 3.8566115 2.5226189 2.6100576 1.7841795 2.0539517 2.3711761 2.3847313 5.1181990 5.3425118 2.9879643 3.2195868 
Lcom_lcpid165270                                                    2.2860121 2.1632725 2.5080647 2.2986564 1.8011259 8.9999984 1.6666780 0.0000000 0.5248738 0.9238414 0.9706745 1.0178948 1.2612396 1.1966083 1.1651335 0.9939035 1.1818525 1.1394836 1.1471921 1.1092475 1.1444304 3.0966785 1.1358021 0.9955842 0.9083746 0.0000010 0.8428115 1.2158818 1.1239998 1.1235255 1.0768232 0.9554000 1.1558560 1.1558560 1.1659360 1.0696213 1.0959715 2.8849425 1.0804037 0.0000010 0.2208334 1.1457995 1.1655184 1.0293989 0.9858010 1.0210243 0.9720033 1.0604618 1.0452586 1.0452586 1.0004629 1.0335880 1.0477417 0.9780725 0.9088378 1.2012479 1.1861021 1.0911129 1.0911129 1.2152997 1.2152997 1.1284572 1.1951587 1.1495505 0.9316530 1.1565168 1.0177235 1.1239730 1.2108493 1.1385917 0.9955900 1.0493469 1.0000407 0.0000010 1.0154800 0.5929749 0.9272941 0.9147504 0.9605907 1.2725617 0.0000010 0.9437911 0.8737031 0.9686526 1.3931986 1.0211368 0.9378444 1.2117375 0.9614943 1.1476230 1.0791438 0.7875860 1.1190874 1.1876354 1.0778905 1.1116405 1.0362717 1.0288786 1.0710933 1.1503718 0.9724150 0.9720048 0.9459128 0.9137828 0.9199323 1.2300855 1.1606638 1.2204407 1.2311674 1.0407352 1.4500106 0.9856572 1.1486914 1.0749473 1.0761308 0.9399996 1.0597259 1.1649606 2.3526192 0.0000010 1.0897180 1.0281526 0.9897753 1.0678284 1.2381848 1.1985399 1.2013398 1.5240395 1.4776551 1.3678345 1.4405829 1.1926855 1.2142889 1.1160346 1.4289360 1.4716931 1.2270340 1.5990045 4.0838521 1.7826449 1.3268589 1.2285778 0.0000010 5.9070913 1.9444400 1.7395113 1.6598354 1.6114362 1.4766607 1.7021660 1.7278017 1.6473317 1.4585009 1.5205819 1.5880734 1.0496383 1.3433846 1.5565452 2.8219908 2.2535169 1.7933985 2.5640858 
Lcom_lcpid253689                                                    2.6394910 2.3826803 2.5604785 2.4070734 2.1336591 8.9999980 1.9970891 0.5248738 0.0000000 0.5151436 0.5506234 0.5821523 0.6232373 0.7096053 0.6801649 0.6654147 0.8083720 0.7834030 0.7039616 0.6744180 0.7073281 0.0000010 0.6951231 0.6433193 0.7109206 0.0000010 0.6467530 1.0330851 0.8454671 0.7127959 0.7599313 0.7872943 0.8040270 0.8040270 0.8040270 0.8040270 0.7740637 4.7680441 0.7354165 0.0000010 0.0000010 1.0471297 1.0732730 0.7768280 0.8771386 0.8566854 0.7493603 0.7395657 0.9024262 0.9024262 0.8244583 0.8244583 0.8244583 0.6709594 0.6160644 0.8824384 0.8630317 0.8332307 0.8332307 0.8406599 0.8406599 0.8441338 0.8656282 0.8656282 0.8656282 0.8645971 0.8289423 0.9633092 0.9837044 0.8893388 0.8720409 0.8691814 0.8512069 0.0000010 0.8571970 0.3776375 0.7415734 0.7324426 0.7444023 0.7822043 0.0000010 0.8190330 0.7638199 0.8870535 1.2292449 0.9130520 0.6409419 0.7866453 0.6879069 0.8074149 0.8502592 0.6257284 0.8370264 0.7167648 0.7688693 0.6858823 0.7086609 0.7684142 0.7210083 0.9810849 0.6017955 0.6406127 0.9893219 0.9691933 0.9428244 0.8465101 1.3296853 0.7709370 0.7815718 0.6560454 1.6306851 0.8371224 0.7730642 0.7584533 0.8274410 0.7683546 0.7301111 0.6843299 2.7027812 0.0000010 0.6977508 0.5977193 0.7469667 0.7934279 0.8553803 0.9153899 1.0499933 1.4331553 1.3636083 1.0750256 1.2987345 0.7501529 0.7501529 0.7696313 1.0132184 0.8223286 1.0435339 1.4938583 4.3468137 1.0555385 1.3216721 0.9359198 0.0000010 5.1414304 2.0847690 1.8300543 1.4782986 2.1931432 1.3803127 1.7899313 1.8398070 0.0000010 1.3852652 1.7131233 1.3498340 0.7712900 1.1053089 1.4269093 4.2480827 1.7235479 1.8672785 0.5984572 
Ctel_gnl_WGS_AMQN_CAPTEDRAFT_mRNA142357                             2.8183690 2.3343261 2.1863653 2.3591127 2.5349391 5.0991332 2.1935721 0.9238414 0.5151436 0.0000000 0.7374997 0.7266153 0.8901717 0.8921554 0.8247546 0.7332899 0.8667941 0.8378807 1.0030549 0.9048832 0.9106877 0.9684585 0.9572801 0.6849446 0.6705050 0.5866028 0.7039401 1.2248685 1.0070894 1.0546609 1.0144539 1.1119374 1.0588552 1.0588552 1.1228191 0.9947161 1.0865106 1.2663470 0.9523661 0.5712209 0.9276410 1.0923684 1.0984207 1.0237508 1.0385769 0.9633672 0.8322564 0.7361063 0.9730313 0.9730313 0.8945435 0.8587381 0.8378235 0.8152226 0.8251850 0.9982335 1.0479346 0.8306815 0.8306815 0.8667522 0.8667522 0.8209795 0.8203384 0.8239169 0.7208461 0.8644465 0.8342394 1.0300672 0.9598696 0.9326468 0.9350444 0.9108743 0.8983553 0.9621845 0.8683646 0.8111351 0.9356094 0.8786619 0.9213911 0.8978359 0.7630361 0.8894047 0.8686642 0.9059502 1.0619162 0.9235667 0.6753074 0.9292211 0.9277158 0.9384867 0.8059228 0.6310979 1.0207570 1.2025949 1.0742503 1.0698574 1.0540450 1.0734629 1.0653310 1.3076207 0.8951484 1.0084760 1.0104439 1.0022762 0.9961226 1.0892313 1.3609316 1.2010067 1.1289326 1.0280235 1.3009080 0.6904505 0.7848107 0.8154304 0.9975187 1.1302926 1.1561087 0.8863362 1.5345241 0.7415726 0.9731902 1.1552305 0.8960725 1.0514289 1.0155048 1.0437106 1.3371486 2.1129369 1.7697726 1.6688009 1.5023025 1.3227482 1.3099506 1.4076355 1.7976517 1.3232474 1.3948758 1.3585190 1.4034894 1.4778166 1.5170401 0.8557696 1.3410864 3.8548246 1.1405498 2.4496468 2.0545471 1.9466611 1.9358960 2.0481822 2.0389310 2.3012234 1.8380092 1.9610961 2.1258235 0.9793426 1.6320024 1.6776351 2.8155604 1.8144176 1.8431644 1.2597804 
Acagra_model.g23234.t1                                              3.0039344 2.4481631 2.2020211 2.4526646 2.6604822 5.4817726 1.9878035 0.9706745 0.5506234 0.7374997 0.0000000 1.0805027 0.9196081 0.8797482 1.0776167 0.8186627 1.1364065 1.1099539 1.2551993 1.1500158 1.2143099 1.4338410 1.1387352 1.0360931 0.8997764 0.6851145 0.9913550 1.4996063 1.2587228 1.1894689 1.1366899 1.1516039 1.1760166 1.1667315 1.1880301 1.1314901 1.2629824 1.8477534 1.1558318 0.6252725 1.3498544 1.3419577 1.3358348 1.2487304 1.0845716 1.1738049 0.9452450 0.7908825 1.1560717 1.1435665 1.1168315 1.0442148 1.0030885 0.9175068 1.0639145 1.1311809 1.2554794 1.0467629 1.0607081 1.0265684 1.0265684 0.8994974 0.9149086 0.9839472 0.7856285 1.0475438 0.9262915 1.3631071 1.2784477 1.2859183 1.0915858 1.1424566 1.1932932 1.2001831 1.1954104 0.7796230 1.1155928 1.1684350 1.2441238 1.1832774 1.2013344 1.2283720 1.2166892 1.3296803 1.4478709 1.2854117 0.9558840 1.2867098 1.2462383 1.3402500 1.2711962 0.7999866 1.3302304 1.2623195 1.0759614 1.0404481 1.0694027 1.0787475 1.0477562 1.5644742 1.2273376 1.0234733 1.0513402 1.3805536 1.2971967 1.4242914 1.3579927 1.1590799 1.3116765 1.2220876 1.4368740 0.9862662 0.9909185 0.9006070 1.2823834 1.3393277 1.3802693 1.3196300 1.7083500 0.8362059 1.2058247 1.3351607 1.2509734 1.3845715 1.4878305 1.3502839 1.2918489 2.0104353 1.8411146 1.9130038 1.7121273 1.7022941 1.7304192 1.4563005 2.0416907 1.4831977 1.6875129 1.6776043 1.3897001 1.7341760 1.7542618 0.9404058 1.9716614 4.2757865 1.7704680 2.3738231 2.0499456 1.9971876 2.0043964 2.2295365 2.1558511 2.3747528 1.9082771 2.0098720 1.8164957 1.1091009 1.9694230 1.9354926 3.5290901 3.0769117 1.8661219 3.2177251 
Skow_XM_006813869.1                                                 2.7518818 2.3788036 2.7024805 2.5092113 2.5202296 8.9999986 2.0454615 1.0178948 0.5821523 0.7266153 1.0805027 0.0000000 0.9354614 1.0536721 0.9857393 0.7556880 0.8868560 0.8757677 1.0695662 0.8869354 0.9430288 9.0000000 0.8919122 0.7434537 1.0690931 0.7683017 1.0784552 1.5018982 1.3457766 1.2723799 1.2107055 0.9667117 1.1890367 1.1890367 1.1276978 1.0154117 1.2696981 2.0820370 1.2323590 0.0000010 1.1926641 1.2469193 1.2783306 1.1032972 0.8853504 0.8965850 0.8440344 0.7028683 0.8451614 0.8451614 0.8293695 0.7459615 0.7127177 0.8029008 0.8930113 0.9659318 0.9549366 0.9140248 0.9140248 1.0838368 1.0838368 1.0545758 1.0618154 1.0375910 0.7553450 1.0858392 0.9910575 1.1165644 1.2048005 1.1106622 0.9549024 0.9524351 0.9879941 0.0000010 0.8184256 0.6434856 0.9391395 0.9546393 1.0220486 1.0080598 0.0000010 1.0112051 0.9689941 1.0293031 1.2522594 1.1413362 0.8054029 0.8383694 1.0566070 0.9040813 0.9302035 0.8531691 0.9442409 1.1991675 1.0457985 1.1084503 1.0118373 1.0344603 1.0530864 1.0287785 0.9027742 0.9593675 0.9750193 1.0078625 1.0065432 1.1299410 1.1637824 1.5195651 1.3964118 0.9959710 1.6690903 0.9751141 1.2280474 1.2810883 1.2303261 1.0618605 1.0718779 1.2633063 2.0923669 0.0000010 0.9897159 1.1475084 1.2213157 1.1318789 1.2514538 1.3616589 1.4079375 1.7917485 1.6254615 1.5954762 1.5931663 1.4016492 1.3545101 1.2749272 1.7662913 1.3649617 1.5735943 1.6050849 2.9866650 1.7497698 1.6428194 1.2248414 0.0000010 5.5240502 2.4580006 2.2208570 2.1698382 1.9491725 1.9312671 2.1101340 2.0689868 3.7049337 1.6013027 1.6863760 1.7117308 0.8297964 1.6153997 1.5906795 2.5168868 2.2888619 1.8067228 3.2195868 
Chem_TCONS_00036084                                                 2.5233761 2.5113822 2.8717860 2.5985425 2.6720312 8.9999982 2.4010369 1.2612396 0.6232373 0.8901717 0.9196081 0.9354614 0.0000000 0.2909411 0.4591678 0.3885962 0.4297527 0.4628019 1.0912114 0.8817448 0.9353719 0.8188419 0.9498693 1.0291641 0.9631455 0.6341755 1.0013427 1.3257172 1.1468543 1.1131346 1.1568547 1.0726498 1.0761902 1.0761902 1.1654259 1.0580154 1.1876785 4.4541162 1.1486107 0.3072460 0.8870902 1.1933378 1.1449470 1.0857777 0.9228647 0.8875577 0.8606290 0.7726260 0.9186473 0.9186473 0.7365620 0.6985603 0.6715678 0.7552093 0.7760394 1.0465390 0.9799219 0.9438225 0.9438225 1.0066336 1.0066336 0.8655185 1.0451238 1.0117055 0.7710148 1.0364098 0.9663514 0.9809049 1.0216880 1.0737817 0.8989737 0.9509147 0.9976511 0.9260870 0.8413642 1.1311078 0.9536726 0.9149245 0.9846245 0.9737409 0.5462976 0.8943733 0.9431872 0.9528918 1.2462215 0.9821386 0.9731240 0.8198259 0.9357429 0.9929378 0.9753826 0.8982999 1.0967095 1.1631137 1.0145849 1.0949651 1.0794625 1.1232785 1.0507120 1.0481665 1.0273568 0.9520933 0.7648448 0.9729550 0.9841728 0.9721178 1.1139234 1.3186413 1.2747317 0.9095252 1.5278348 0.8987323 1.0856796 1.1221008 1.1365070 1.2122345 1.2469947 0.9968138 1.8945111 0.7905626 1.1597092 1.2263823 1.2332849 1.4496398 1.2318605 1.4151248 1.4350043 1.9466553 1.6734417 1.7052454 1.5104140 1.5189087 1.5206475 1.2608416 1.7922319 1.6444625 1.5046016 1.5956162 1.7671730 1.5016055 1.7516849 1.1606484 1.2029413 6.1397581 2.7111529 2.3125387 2.0182732 2.0001907 1.9670289 2.1477181 2.0883658 2.6678719 1.7804585 1.6618091 1.7988817 0.9158684 1.9221057 1.9685004 2.6243754 2.2535169 2.1580177 3.2195868 
Hvul_g10725_1                                                       2.6512795 2.4285988 2.6271815 2.4254829 2.6804426 7.6196569 2.2488219 1.1966083 0.7096053 0.8921554 0.8797482 1.0536721 0.2909411 0.0000000 0.5049960 0.3832377 0.5002912 0.5138759 1.1996162 0.7831611 0.8378276 0.6185464 0.8391367 0.9630244 0.8958283 0.7818004 0.9244862 1.2564384 1.0248655 1.2531203 1.2426550 1.1319835 1.0506931 1.0506931 1.2945385 1.1400564 1.1711384 1.4433257 0.9928664 0.2796216 0.6651602 0.9970177 0.9910984 0.9674686 1.0147591 0.8780984 0.8307202 0.7508896 0.8689121 0.8689121 0.7295170 0.7046111 0.6658549 0.8303725 0.7692234 1.1330803 1.1738656 0.9073267 0.9073267 0.9779333 0.9779333 0.8973559 0.9927273 0.9654524 0.7664056 0.9690248 0.9421595 1.0683224 1.0528286 1.0252163 0.9175743 0.8665189 0.8979981 0.7608761 0.8006118 0.9607453 1.1462957 0.9502460 1.0345251 1.0961861 0.6594190 1.0325849 0.9681918 1.0079677 1.2591263 1.0349184 0.9818389 0.8161398 0.9019324 0.9689227 0.9305710 0.8510772 1.0092084 1.1305858 0.8681078 0.8939137 0.8833001 0.9077155 0.9167478 1.0852982 1.0957310 0.8591406 0.8478780 0.9152851 0.9191112 0.9690988 1.2224107 1.2138358 1.2102483 0.8352223 1.1546042 0.8648960 0.9594711 1.0925075 1.0591680 1.0949700 1.1457424 0.9912530 1.5151404 0.7800883 1.0574888 1.0651515 1.0537568 1.2669650 1.1881839 1.2612638 1.4554452 1.8988133 1.5922361 1.6542856 1.5498549 1.3205820 1.3353200 1.3050255 1.7601783 1.5263370 1.3785745 1.4728605 1.5435911 1.4932456 1.6360072 0.9747319 1.0871836 5.0891184 0.9445325 2.6839410 2.1217184 2.0814909 2.0456294 2.3557031 2.3141130 2.4977328 1.8099984 1.7688776 1.9730261 0.8721882 1.7583977 1.8124903 2.4610330 2.2530978 2.0149666 9.0000000 
Sanmal_Sma_017120-T1                                                2.5917885 2.3396902 2.4149858 2.4239728 2.7881387 6.4885294 2.0573363 1.1651335 0.6801649 0.8247546 1.0776167 0.9857393 0.4591678 0.5049960 0.0000000 0.3653872 0.2826919 0.2967493 1.2911912 1.0144488 1.0771896 1.1301005 1.0083401 1.1027592 1.0690183 0.8050532 1.1088719 1.4725557 1.2717531 1.1845240 1.1655788 1.1614022 1.1467168 1.1988578 1.2421097 1.2254921 1.3014182 1.8943245 1.1959201 0.5633030 1.2420963 1.2302294 1.1813734 1.3008315 0.9930245 1.1500078 0.8239909 0.7594667 1.1247613 1.1543427 1.0256202 1.0045751 0.9788347 0.8537949 1.0138814 1.0756761 1.1808947 1.0309148 1.1126335 1.0341694 1.0341694 0.8400572 0.8946748 1.0117148 0.7804296 1.1173856 0.9309995 1.2390796 1.1781104 1.0919761 0.9844282 1.1519319 1.1593433 1.2569074 1.0959658 0.8133538 1.0357779 1.1251098 1.2923921 1.4166498 1.4099183 1.1495115 1.0284884 1.2990963 1.4746665 1.3025146 1.0208705 1.1314348 1.0696217 1.1597251 0.9470450 0.7102377 1.3311681 1.1759827 0.8804504 0.9138565 0.9130059 0.9060005 0.9172185 1.0373891 1.0009957 0.9410236 0.9643997 1.2436497 1.1142322 1.2616666 1.2609463 1.2026799 1.4042468 1.2831989 1.1102160 1.0719522 1.2685337 1.1395826 1.2331589 1.2740251 1.4099426 1.2598094 1.7116832 1.3753581 1.1758323 1.6077599 1.1769620 1.4922241 1.4509371 1.4349904 1.4096154 1.6300191 1.6789402 1.5990606 1.6764381 1.7881394 1.7690634 1.3443590 1.7365794 1.6818050 1.7274159 1.5923064 1.5391559 1.6675893 1.9775984 1.1195418 2.1642032 5.0904461 1.7460942 2.3833992 1.8953591 1.9625870 1.9579441 2.0197199 1.9560088 2.3355693 1.7660902 1.8581936 2.1812654 1.3741798 2.0534872 1.9616722 2.7568370 1.8529313 2.0445163 4.0144705 
Morvir_scaffold477.g1.t1                                            2.5359296 2.2910103 2.7117624 2.4120517 2.3041203 7.3520525 2.1199064 0.9939035 0.6654147 0.7332899 0.8186627 0.7556880 0.3885962 0.3832377 0.3653872 0.0000000 0.3535615 0.3208636 1.0939141 0.7514348 0.7751359 0.5670077 0.7632732 0.8431618 0.7972866 0.6396771 0.7998237 1.2364651 1.0012031 1.0759032 1.0705697 1.1523892 1.0223821 1.0223821 1.1908459 1.1596418 1.0740028 1.1683087 0.8604081 0.2046533 0.6848398 1.0152695 0.9924774 0.8486166 0.9675651 0.8503031 0.8017232 0.7648817 0.8510340 0.8510340 0.7783773 0.7478814 0.6921871 0.8394849 0.7781830 1.0787673 1.1021920 0.7970088 0.7970088 0.7970686 0.7970686 0.8218167 0.8939015 0.8816915 0.6925492 0.9136373 0.8338396 1.0273276 0.9873044 0.8983831 0.8888568 0.8229938 0.7870154 0.6355099 0.7482419 0.9141131 0.9236767 0.8818005 0.8949053 0.9039019 0.7753357 0.8926305 0.8413239 0.9663608 1.1698419 0.9751074 0.7845525 0.7356470 0.7154444 0.8128537 0.7283386 0.6472224 0.9039279 1.0605269 0.7457231 0.7698138 0.7413550 0.7484493 0.7941612 0.9891703 0.7388089 0.7794869 0.8825042 0.8679708 0.8771826 0.8544672 1.1940354 1.0996232 1.0811226 0.9425639 1.1759800 0.8022738 0.8855952 0.9852638 1.0116935 1.0497097 1.2075048 0.8737668 1.5667436 0.7007386 0.9828272 0.9414717 0.9278587 1.1031953 0.9454409 1.1400360 1.3251872 1.9227939 1.6552905 1.5556784 1.3890654 1.5168202 1.5139835 1.1544771 1.6182290 1.2454531 1.2656761 1.4429227 1.5512679 1.4744770 1.6684554 0.8071645 1.2606874 5.4712775 0.9609095 2.5348398 1.9074840 1.9387453 1.8888503 2.1198217 2.1115486 2.2217086 1.6643899 1.6349665 2.0608277 0.8740934 1.6833989 1.8412782 2.4612203 2.3966195 1.8803472 3.2195868 
Nemnom_g10838.t1                                                    2.5951681 2.1933961 2.4150614 2.2232205 2.7085702 6.5345808 1.9835558 1.1818525 0.8083720 0.8667941 1.1364065 0.8868560 0.4297527 0.5002912 0.2826919 0.3535615 0.0000000 0.1117708 1.3698195 1.0327715 1.0587857 1.1173067 0.9687488 1.1530771 1.0588778 0.8729244 1.1659054 1.5198595 1.2652570 1.1030488 1.0776552 1.1362708 1.1113385 1.1567170 1.1985275 1.0646760 1.3042324 1.7198372 1.1805053 0.5390054 1.2715829 1.2215582 1.2035970 1.2463686 0.9658014 1.1007085 0.7945192 0.7088503 1.0659267 1.1168798 1.0230655 1.0011529 0.9849061 0.7494177 0.8947921 1.0388649 1.1467979 0.9664310 1.0539506 1.0078436 1.0078436 0.7982502 0.8839701 0.9998585 0.7959007 1.1204411 0.8914848 1.1826820 1.1627179 1.0530847 0.9145022 1.1314653 1.1436894 1.2694517 1.0046967 0.7750033 1.0689354 1.1347186 1.2955023 1.4581875 1.3207149 1.1341753 1.0451998 1.2939201 1.4756859 1.2923172 0.9982555 1.0985209 1.0458806 1.1503278 0.9249457 0.6759693 1.2412103 1.2492667 0.9293182 0.9711711 0.9623796 0.9491397 0.9604882 1.1501441 1.1038144 0.9590018 0.8989176 1.1564615 1.0578496 1.2291610 1.1993211 1.1997245 1.4405282 1.1779783 1.0189114 1.1335484 1.3088689 1.1518097 1.2940329 1.2950859 1.3494566 1.2136666 1.7190941 1.4112131 1.0902316 1.6072873 1.1221188 1.5106558 1.4213734 1.4036384 1.3401896 1.7140471 1.7836307 1.6845887 1.7072837 1.8695135 1.8500210 1.4046284 1.8703550 1.8193216 1.6785021 1.5200461 1.5204917 1.6869714 1.8792879 1.1507972 1.9968754 5.3373584 1.7301555 2.4759974 1.8312541 1.9755613 1.9096816 2.0258877 1.9914112 2.2616520 1.7713761 1.8374546 2.3381179 1.3026761 2.0564535 1.9361713 2.5764316 2.0126782 2.0374350 4.0354732 
Rhoesc_Res_012274-T1                                                2.5717033 2.1680024 2.4088930 2.2556034 2.7035574 6.0397784 2.0533779 1.1394836 0.7834030 0.8378807 1.1099539 0.8757677 0.4628019 0.5138759 0.2967493 0.3208636 0.1117708 0.0000000 1.2829564 1.0249386 1.0396085 1.1115134 0.9805295 1.1025940 1.0953625 0.8709349 1.0930170 1.3899058 1.2226829 1.0359551 1.0387848 1.0866292 1.0841326 1.1391657 1.1139671 1.0274065 1.2694077 1.7305668 1.1500628 0.5083186 1.2721888 1.2354779 1.1993715 1.2154714 0.9328358 1.0717851 0.7883445 0.7261893 1.1155209 1.1499559 1.0355685 1.0144531 0.9963376 0.7814545 0.9374496 1.0532132 1.1503178 0.9534867 1.0371033 0.9748856 0.9748856 0.7933805 0.8663587 0.9884465 0.8014453 1.1157360 0.8652819 1.2185387 1.2061455 1.0268204 0.9686057 1.1441280 1.1603242 1.3017861 0.9896387 0.7093579 1.0720773 1.1270034 1.2537027 1.3465574 1.2715427 1.1064187 1.0136651 1.2999590 1.4460737 1.2641266 0.9526700 1.0648837 1.0078720 1.1369523 0.8516154 0.6304276 1.1895888 1.2537662 0.9313659 0.9708075 0.9526852 0.9508908 0.9459466 1.1196843 1.0354094 0.9805555 0.9785580 1.1726277 1.0890998 1.2241099 1.2976164 1.1931282 1.4205058 1.1897209 1.0683701 1.1193314 1.2737334 1.1185586 1.2418067 1.2975190 1.3991117 1.2202812 1.7451420 1.2977349 1.0794452 1.6631697 1.1110964 1.4804443 1.3431552 1.3742564 1.2958733 1.7635460 1.7603143 1.7210323 1.7472606 1.8886495 1.8688419 1.3746686 1.8328078 1.8504966 1.6752863 1.5474322 1.5333047 1.7507572 1.8385390 1.1031520 2.0748267 5.5697274 1.6525360 2.5997035 1.9063270 1.9408833 1.9678461 2.0466692 2.0215155 2.1741200 1.6941983 1.7832395 2.2502855 1.2839656 1.9863230 1.9442130 2.6502406 1.9913705 1.9987688 3.7633924 
Xesp_009155-T1                                                      2.2567171 2.2379508 2.1953746 2.1618870 2.3759990 8.9999989 2.3810910 1.1471921 0.7039616 1.0030549 1.2551993 1.0695662 1.0912114 1.1996162 1.2911912 1.0939141 1.3698195 1.2829564 0.0000000 0.3387821 0.1742154 3.6302817 0.4624760 1.2334570 1.2842646 2.8678190 1.1741976 1.5316288 1.6350725 1.1667030 1.0659990 1.0562928 1.4479856 1.4479856 1.3305537 1.2602339 1.4361335 3.2843226 1.2486297 3.2148316 3.1244866 1.2424901 1.2715524 1.3227812 0.9242329 1.0700630 1.0120413 1.0149093 1.0202276 1.0202276 0.9706636 0.9706636 0.9514210 1.0392998 1.1461572 1.1146532 1.0978048 1.1612552 1.1612552 1.3032769 1.3032769 1.1316525 1.2411413 1.2615572 0.9805226 1.3779549 1.1339233 1.2596782 1.2977117 1.2311892 1.0662490 1.1166384 1.1211097 4.1308258 1.1824760 1.0260224 0.9958690 1.1003708 1.2629627 1.7182287 3.8866165 1.1723877 1.1738070 1.1799240 1.4971258 1.2889554 1.2067602 1.1508322 1.2645202 1.3691873 1.3855000 0.8843608 1.2967243 1.4847426 1.2726227 1.2015441 1.1585327 1.2268994 1.1432395 1.0172899 0.8744431 0.9358704 0.9313125 1.1150142 1.1018159 1.3495465 1.1443405 1.2974824 1.3164916 1.1118483 1.4965859 1.2080001 1.3639262 1.2739767 1.3124043 1.0719464 1.2670039 1.2965984 2.5788856 6.5554030 1.2999688 1.4251044 1.4460455 1.6848092 1.5190983 1.7355429 1.1608639 1.6267982 1.8956416 1.8190889 1.6477600 1.2403949 1.2116704 1.0182440 1.2711162 1.6630719 1.7019010 1.6767739 3.2692713 1.7478559 1.6174773 1.6416152 9.0000000 6.3251514 2.8867868 1.9352482 1.7861619 1.8427517 1.8924389 1.8423818 1.8392203 8.5841973 1.8939355 1.8666936 1.8426071 1.0978641 2.2548464 2.4113918 3.9336615 2.6584854 1.8318659 4.8701010 
Xesp_002686-T1                                                      2.4977805 2.2706333 2.1392602 2.0301212 2.4604022 6.1858718 2.0767346 1.1092475 0.6744180 0.9048832 1.1500158 0.8869354 0.8817448 0.7831611 1.0144488 0.7514348 1.0327715 1.0249386 0.3387821 0.0000000 0.1739746 0.2119064 0.3009099 1.1270538 1.1159133 0.7417126 1.0894623 1.6641942 1.2675092 1.2976963 1.1561704 1.1735920 1.1233345 1.1518954 1.3286016 1.3275970 1.2691795 1.6452783 1.0479860 0.6667799 1.1909261 1.1904055 1.1178597 1.1811813 0.8727680 1.0445279 0.8145291 0.7619238 1.0239599 1.0484980 1.0483245 1.0389073 1.0106529 0.8666481 0.9464168 1.0559201 1.1394693 0.9468734 1.0493510 1.1108847 1.1108847 0.7897001 0.8599693 1.0025742 0.7527556 1.1054768 0.9395513 1.1262449 1.0745604 1.0433156 0.9320938 1.0324627 1.0332575 1.0764956 1.0691921 0.7798966 0.9994133 0.9633280 1.1010637 1.0491165 0.9698639 1.0937511 1.1216111 1.1932246 1.2349563 1.1524252 1.0810147 1.1124850 1.1181755 1.2145747 0.9862508 0.7275415 1.2372374 1.1217746 0.9150616 0.8825555 0.9176707 0.9170349 0.8875481 1.0272044 0.7929729 0.7997818 0.9142262 1.1711692 1.0571141 1.2196089 1.2870878 1.0555103 1.2226372 1.0815449 1.1571919 1.1968402 1.2686523 1.3213377 1.2324118 1.2504420 1.3980983 1.2952041 1.6878578 1.3978811 1.1772220 1.5878827 1.2285362 1.5999704 1.5067644 1.3794392 1.1543154 1.8340560 1.8850354 1.6112469 1.5313003 1.5310050 1.5112619 1.2750656 1.6706628 1.8264893 1.5301595 1.4936117 1.3486213 1.5129666 1.5524421 1.0487544 1.7446688 4.6491700 1.7537029 2.3046325 1.8867462 1.8950048 1.8054568 1.8924383 1.8916716 2.0979914 1.5210943 1.7139868 2.0202513 1.1461087 1.6888759 1.6374429 2.9979676 2.0891462 2.0566116 3.0688937 
Xesp_009170-T1                                                      2.3842980 2.2916364 2.2113151 2.1426797 2.4772563 6.2816114 2.1413706 1.1444304 0.7073281 0.9106877 1.2143099 0.9430288 0.9353719 0.8378276 1.0771896 0.7751359 1.0587857 1.0396085 0.1742154 0.1739746 0.0000000 0.0569547 0.3871222 1.2644851 1.1391630 0.7807224 1.1200950 1.8436401 1.3192790 1.4052817 1.2814267 1.2587942 1.2045355 1.2339902 1.3872168 1.2290906 1.3202942 1.6782055 1.1217847 0.6506138 1.2183687 1.2676525 1.2013310 1.2442288 0.9615492 1.0968039 0.8538821 0.7636374 1.0455512 1.0973178 1.0855668 1.0550795 1.0260099 0.8726495 0.9805866 1.1354056 1.1980436 1.0112195 1.1039985 1.1726537 1.1726537 0.8920671 0.9269675 1.0734857 0.7760321 1.2113341 1.0052522 1.2245227 1.1374722 1.1014732 1.0080394 1.1193608 1.0462671 1.1043814 1.0986926 0.7683656 1.0281043 0.9868748 1.1164132 1.0531042 1.0114345 1.1253128 1.1268442 1.2050291 1.2020805 1.2080091 1.1229442 1.1394058 1.1447144 1.2020292 1.0188022 0.7332036 1.2697964 1.1981706 0.9896677 0.9517745 0.9887095 0.9960202 0.9721174 1.1576660 0.8672209 0.9170618 0.9462696 1.1758342 1.0857638 1.2669402 1.3639110 1.1173631 1.2928088 1.1398203 1.2931848 1.2447016 1.3722758 1.3087138 1.2877925 1.2922900 1.4831538 1.2929252 1.6006688 1.3733685 1.1538437 1.5458234 1.2550937 1.5675521 1.4798841 1.3982341 1.2004615 1.7253856 1.7742571 1.6454792 1.5730433 1.6639508 1.6387222 1.3226604 1.7453339 1.8180495 1.6495078 1.5159935 1.2882598 1.5882031 1.6737246 1.0845922 1.6374606 4.6772340 1.7823570 2.4142521 1.7576062 1.7509627 1.7792016 1.8582141 1.8195061 2.1183736 1.5037367 1.7493041 1.9033098 1.1412478 1.8662516 1.8031283 3.0443581 2.6563383 2.1174640 3.2675249 
Xesp_009156-T1                                                      3.1342553 2.4010940 2.4360457 2.2242302 2.2450220 3.9866763 1.7299000 3.0966785 0.0000010 0.9684585 1.4338410 9.0000000 0.8188419 0.6185464 1.1301005 0.5670077 1.1173067 1.1115134 3.6302817 0.2119064 0.0569547 0.0000000 0.5303703 1.4101887 1.0344924 0.5979324 1.2583095 7.8498930 1.2968770 9.0000000 9.0000000 7.5530421 0.8740086 0.9452077 9.0000000 0.0000010 1.1350861 1.5236503 1.1009756 0.6698944 1.1649574 1.3324731 1.1117518 1.2716512 1.4869187 1.2325224 0.7483849 0.6621416 1.1897229 1.3422995 1.3787265 1.3092243 1.3092243 0.9059714 0.9211625 2.0167345 1.7142309 0.8968972 1.1366153 1.1417891 1.1417891 0.6327903 0.7227900 1.0155221 0.5900564 1.1815460 0.9364391 1.4642536 1.0687076 1.0259188 1.2286077 1.2159644 1.1140585 1.0210725 1.2348652 0.8854583 6.0480745 1.0899445 1.1617026 1.0087480 1.0048996 1.1121258 1.1837031 1.3232974 1.2291325 1.1802280 1.3310276 1.2304697 1.0930021 1.1704042 0.9097599 0.6756304 1.3348220 1.1525612 0.7582651 0.7417660 0.8249939 0.7576649 0.7508376 3.0558134 5.7542540 1.0849985 9.0000000 1.3874956 1.1782019 1.2754652 3.2322398 0.5578417 1.1356336 1.3444999 1.0250962 1.5176790 1.4086943 1.3725900 1.4589134 1.6362135 1.8593864 1.3735532 1.2074848 1.4230825 1.2622957 1.7654563 1.0509765 1.9873631 1.6711527 1.5169157 1.4378064 6.6886972 2.0101886 1.4816641 1.7230090 2.2845024 2.2807829 8.6865509 9.0000000 2.0859912 1.9888341 1.7134436 0.8238271 1.5685942 1.8207021 1.0197924 1.7884791 4.8169013 1.7346320 9.0000000 1.9974100 1.9270630 1.9422958 1.9841804 2.0489772 1.8709423 1.4463738 1.7978863 2.2069244 1.5768573 1.9690394 1.7821157 2.8817202 6.1874987 9.0000000 5.7040463 
Dgig_XM_028549200.1                                                 2.5466582 2.3608256 2.4187434 2.1462008 2.5049768 5.8415339 1.9870559 1.1358021 0.6951231 0.9572801 1.1387352 0.8919122 0.9498693 0.8391367 1.0083401 0.7632732 0.9687488 0.9805295 0.4624760 0.3009099 0.3871222 0.5303703 0.0000000 1.0943565 1.1845700 0.7985694 1.1410287 1.5673487 1.1821375 1.1785589 1.0861726 1.1197005 1.0628405 1.1144794 1.2293531 1.0890497 1.2376826 1.5933522 1.0196761 0.6684903 0.9799254 1.1283448 1.0915103 1.1688258 0.8343514 0.9867771 0.7685378 0.7712083 1.0035484 0.9723801 1.0083673 1.0215551 0.9684807 0.8545437 0.8956509 1.0506465 1.1105818 1.0220441 1.0700770 1.0501284 1.0501284 0.8034966 0.8245415 0.9595386 0.6947448 1.0486673 0.8902406 1.2166340 1.1665726 1.0691061 0.9290128 0.9994925 1.0023981 0.9912818 1.0850553 0.6885288 0.9783374 0.9764117 1.0182817 0.9879999 0.8645277 0.9800294 1.0537500 1.1121502 1.1381173 1.0800388 0.9710260 1.0669344 1.0590011 1.1962025 0.9931905 0.7009948 1.0681929 1.1203541 0.8956346 0.8787105 0.8786091 0.8707854 0.8639090 1.0351340 0.7789851 0.7811756 0.8500208 1.0697154 1.0285383 1.1117888 1.2694981 1.0834285 1.2557378 1.1146371 1.1542666 1.2071024 1.2937063 1.3074250 1.2855768 1.2148265 1.3376474 1.1888337 1.5209717 1.2444302 1.1154514 1.5328015 1.1792043 1.4585035 1.3650589 1.3179903 1.1129543 1.8078206 1.8451997 1.5559914 1.4420062 1.5661636 1.5444228 1.3670231 1.7051983 1.7083144 1.4653605 1.5193972 1.4311949 1.5171385 1.5637801 1.0106614 1.5382303 4.8337300 1.5626110 2.1784398 1.8439506 1.8624153 1.7375540 1.9749441 2.0099854 1.9792138 1.5977801 1.7835901 1.9699985 1.1459387 1.7855429 1.6640405 3.2757516 1.9540116 1.9894960 2.2097770 
