71
Clacor_Ccor_C524059_01                                 0.0000000 1.2622840 1.1909902 1.0964399 1.4872036 1.5320548 1.4557173 1.4946907 1.1083250 2.5704895 1.1033373 1.2129656 1.2756286 1.2983353 2.5166936 1.2874296 1.1843885 1.2137383 1.1939141 1.2245104 1.1853066 1.1875978 1.2072944 1.7114666 3.2795318 1.1781788 1.2817827 1.1888993 1.0216843 1.0663608 1.0245497 1.3976457 1.2282519 1.2156760 0.0000010 1.1143552 1.7062197 1.6022616 1.8629501 1.6508373 1.6067742 1.6298351 1.4721213 1.7040875 1.7128588 1.5324082 1.5818315 1.4838069 1.1240663 1.4862886 1.4521356 1.4907044 1.3314603 1.3314603 1.7515282 1.2153802 1.2055558 1.2098496 1.2377116 1.2171877 1.2277897 1.2209226 1.1133386 1.2192329 1.3500129 1.2511580 0.0000010 0.0000010 1.4050956 2.2303448 4.4628138 
Emue_Em0008g372a.t1                                    1.2622840 0.0000000 0.1138017 0.3720289 0.4800983 0.6598958 0.6634136 0.6264775 0.7572267 1.4974840 1.0028813 0.9850558 1.0266639 1.0049388 1.6038041 1.1148464 0.9535734 0.9375744 0.9261588 0.9807702 0.8482464 0.8957514 0.9226876 0.8741628 2.5799092 0.9103535 0.9209829 0.9497391 0.9695781 1.0471436 0.9830787 1.1385117 0.8871972 0.9877856 1.0419374 0.9465288 1.1680647 1.2137987 1.2636334 1.1865907 1.1493098 1.1708695 1.0332173 1.2674118 1.3800374 1.3588811 1.3765866 1.2910158 1.2663161 1.3166430 1.1894231 1.2492547 1.2328648 1.2550753 1.7776561 1.2227223 1.3105563 1.3146196 1.3799988 1.3700630 1.3618646 1.3119621 1.4397168 1.4458725 1.5603682 1.7941276 1.3111688 1.5909607 1.3338262 2.2911752 1.3748471 
Spolac_c101081_g1_i1_m.24466c101081-g1                 1.1909902 0.1138017 0.0000000 0.3796002 0.4987848 0.6749107 0.6611853 0.6704871 0.7735453 1.5596667 0.9832736 1.0261199 1.0389216 1.0398388 1.6624409 1.1205181 0.9498244 0.9453780 0.9583810 1.0154423 0.8457755 0.8974172 0.9253036 0.8823956 2.4955903 0.9086103 0.8920771 0.9400936 0.9400011 1.0010812 0.9685938 1.1550730 0.9270163 1.0318155 1.3624472 0.9287801 1.1749427 1.2332236 1.2878518 1.2345456 1.1708616 1.1974963 1.0215015 1.3123234 1.4480045 1.3661819 1.3744062 1.2732523 1.4001188 1.3167041 1.1979622 1.2616490 1.2306978 1.2709263 1.7187624 1.2604799 1.3095902 1.3171416 1.3433394 1.3271914 1.3184941 1.2927133 1.3922763 1.4298811 1.5372944 1.6748057 1.1768333 1.4565908 1.4240821 2.1865925 1.3759975 
Stycar_maker-SC_scaffold2361-augustus-gene-0.14-mRNA-1 1.0964399 0.3720289 0.3796002 0.0000000 0.3024354 0.6166906 0.6035965 0.5549306 0.5873148 1.3482933 0.8612180 0.8801508 0.9418460 0.9963606 1.2348558 0.9603504 0.8843904 0.8324399 0.8593078 0.8988154 0.7073438 0.8028599 0.8734827 0.5837242 2.1377389 0.8879183 0.8409034 0.9052204 0.9323726 0.9461565 0.9511854 1.0067597 0.8342312 0.5830893 1.1377798 0.8966966 0.8524841 1.1353241 1.1197440 1.1213071 1.0723539 1.0829723 1.0012585 1.1742194 1.3360975 1.3571121 1.3413084 1.2898836 1.2815317 1.2361281 1.1447941 1.1976161 1.1198182 1.1719730 1.8850698 1.3381292 1.2893310 1.3178235 1.3122877 1.2999136 1.2999136 1.2706963 1.3337572 1.4647658 1.3815187 1.5196600 1.2353587 1.5974201 1.2256000 1.9054805 1.3033706 
Tetwil_g20616.t1                                       1.4872036 0.4800983 0.4987848 0.3024354 0.0000000 0.6265142 0.6423237 0.6538691 0.7406269 1.5057088 0.9488315 0.9423041 1.0777605 0.9939612 1.6450677 1.0729560 0.9585895 0.9344734 0.9691290 0.9994190 0.7955488 0.8760910 0.9612597 2.8189754 4.4375302 0.9893545 0.9444605 1.0018078 0.9924511 1.0280461 1.0292105 1.1264167 0.8646071 0.8085380 0.9426443 0.9128350 1.3481048 1.3277614 1.2838822 1.1770353 1.2556092 1.2353999 1.0445129 1.3897599 1.4343730 1.3206051 1.3490712 1.2501437 1.2526219 1.1996577 1.1505270 1.2183622 1.0950193 1.1511511 1.6120272 1.3078891 1.4294709 1.4919800 1.5093356 1.4849646 1.4849646 1.4481943 1.4422268 1.4584686 1.5136396 1.4016423 1.2190137 1.5646503 1.3644859 2.2839552 1.4357713 
Aque_Aqu2.1.31008_001                                  1.5320548 0.6598958 0.6749107 0.6166906 0.6265142 0.0000000 0.2270690 0.3104140 0.9164539 1.6847874 1.1172827 1.1542445 1.2430592 1.1246147 1.7114597 1.2290648 1.1379431 1.1606444 1.1795309 1.1943475 1.0672662 1.1077107 1.1990491 1.1110215 3.2089057 1.1613761 1.1614925 1.2230553 1.1601488 1.1766503 1.2195827 1.3133022 1.1897082 1.5344833 1.3581991 1.1329796 1.2639090 1.4686633 1.3277691 1.3133521 1.3334192 1.3292722 1.2589999 1.4800289 1.5769777 1.4028132 1.4109947 1.3740272 1.2987507 1.2690318 1.3076471 1.3608295 1.1841071 1.2180056 1.7936753 1.4059799 1.6150304 1.6744578 1.6603606 1.6221994 1.6113970 1.5947189 1.4933928 1.5999663 1.6559592 1.8896090 1.4620251 1.8149270 1.2995720 2.1932690 1.7143479 
Halamb_c56383_g1_i1m.43191                             1.4557173 0.6634136 0.6611853 0.6035965 0.6423237 0.2270690 0.0000000 0.3100917 0.9838816 1.6599830 1.1927198 1.1583157 1.2242575 1.1129799 1.7297250 1.2221300 1.0595706 1.0719615 1.1148002 1.1453518 1.0001154 1.0138558 1.1041545 1.1506202 2.5376753 1.1070946 1.1318821 1.1984919 1.1336647 1.1820449 1.1612875 1.2556950 1.0783579 1.0494836 1.3238495 1.0470508 1.0088809 1.3476424 1.3163888 1.2926740 1.2309632 1.2459773 1.2553995 1.3756288 1.4718589 1.4037263 1.4012351 1.3838996 1.3206498 1.2937439 1.2919338 1.3217734 1.2381086 1.2441733 1.9107964 1.3482272 1.4302487 1.4697076 1.4870131 1.4540989 1.4452809 1.4334521 1.5515980 1.6239674 1.5574912 1.9498137 1.3999562 1.6755978 1.2681374 2.4101779 1.6939231 
Xestes_maker-XT_scaffold1046-augustus-gene-0.28-mRNA-1 1.4946907 0.6264775 0.6704871 0.5549306 0.6538691 0.3104140 0.3100917 0.0000000 0.9491250 1.6103844 1.1018432 0.9929281 1.1163482 1.0831726 1.6694799 1.1397290 1.1023325 1.0833180 1.1321247 1.1476104 1.0280928 1.0713205 1.1377085 1.1011357 2.8046654 1.0900266 1.0836573 1.1600881 1.0818929 1.1509575 1.1381225 1.2591890 1.0862489 1.2869155 1.3165084 1.0496410 1.2601500 1.4228042 1.3419625 1.3484060 1.3115453 1.3118534 1.1992415 1.3825347 1.4314945 1.2877694 1.3322894 1.2622104 1.1603921 1.2775164 1.2200351 1.3436026 1.1901079 1.1818745 1.8493282 1.2976626 1.4643301 1.4979181 1.4830147 1.4723114 1.4636534 1.4609628 1.6570715 1.6623461 1.7250524 1.8632207 1.3302898 1.7301964 1.2192513 2.4609721 1.5675503 
Plespi_Pspi_C615146_01                                 1.1083250 0.7572267 0.7735453 0.5873148 0.7406269 0.9164539 0.9838816 0.9491250 0.0000000 1.6783908 1.0940181 1.0742946 1.1134379 1.1650074 1.7831980 1.1967106 1.0721078 1.0495664 1.0915683 1.1182834 0.9716563 1.0321730 1.0862499 1.3359977 2.7445643 1.0710553 1.0002027 1.0310068 1.0084184 1.1225740 1.1457895 1.1397817 1.0570332 1.0034726 1.1411795 1.1978589 1.2307114 1.2921889 1.2582504 1.2014054 1.2896688 1.2872434 1.1490495 1.3763996 1.4104680 1.2473770 1.2957933 1.2171027 1.2304479 1.2464066 1.1129982 1.1987383 1.2488264 1.2242818 1.7995477 1.5954588 1.4759076 1.4961175 1.5027397 1.4493644 1.4407472 1.4537359 1.6037642 1.6808674 1.7968913 1.9173477 1.6036460 1.6250030 1.3228682 2.0748770 1.4710308 
Cgig_XM_011458578.3                                    2.5704895 1.4974840 1.5596667 1.3482933 1.5057088 1.6847874 1.6599830 1.6103844 1.6783908 0.0000000 0.4952098 0.9437055 1.0696028 1.0669873 1.1850355 1.0878855 1.3938195 1.3671529 1.4641023 1.4384798 1.3674281 1.3398641 1.4258408 1.0754769 3.5493270 1.1618079 1.4150230 1.1522446 1.1336807 1.1918203 1.2585677 1.1979049 1.4422133 1.7546633 1.0559736 1.5832147 2.2791497 1.7846468 1.6492036 1.6348436 1.8191591 1.8236525 1.3887234 1.7917076 1.8124198 1.7517061 1.7870684 1.8018676 1.3113723 1.8377630 1.7988840 1.8187519 1.8478893 1.7426730 3.5822862 1.1595146 1.6922372 1.7589008 1.7329758 1.7292546 1.7379714 1.6781892 1.9091558 1.9360584 1.9367042 2.1560026 1.2840799 1.5062445 1.7657957 2.3571332 1.3830728 
Acagra_model.g5273.t1                                  1.1033373 1.0028813 0.9832736 0.8612180 0.9488315 1.1172827 1.1927198 1.1018432 1.0940181 0.4952098 0.0000000 0.5190921 0.5457643 0.6149769 0.6320617 0.6277031 0.8997991 0.9496466 0.9743040 0.9342682 0.6814218 0.7676552 0.9419665 0.7996929 1.2492157 0.8980316 0.9203285 0.6808093 0.6459801 0.7946846 0.7898348 0.7386522 1.0978768 0.8485102 1.2074139 1.1252680 0.7988809 1.0201879 1.1148882 1.1539324 1.1652605 1.1564870 1.0171126 1.3358437 1.3451044 1.4065588 1.4065588 1.4606564 1.1877837 1.3048536 1.3056114 1.3131350 1.1669395 1.2777833 3.2549460 1.0971157 1.2076823 1.2616782 1.2529362 1.1973768 1.2054636 1.1997047 1.4642789 1.3762646 1.4001398 1.5258278 1.1814330 1.5650880 1.5703794 2.5215826 1.3319533 
Ctel_gnl_WGS_AMQN_CAPTEDRAFT_mRNA169418                1.2129656 0.9850558 1.0261199 0.8801508 0.9423041 1.1542445 1.1583157 0.9929281 1.0742946 0.9437055 0.5190921 0.0000000 0.6239513 0.6414101 1.0305831 0.7227601 0.8498683 0.8772921 0.8783302 0.8828016 0.7702457 0.8081311 0.8788284 1.2100291 2.7142856 0.9480523 0.8705847 0.6974635 0.6544378 0.7862467 0.7766813 0.7710893 1.0663707 1.0949411 1.0772806 0.9979039 1.1499333 1.2246976 1.2507515 1.2091461 1.2617438 1.2152021 1.0790367 1.2938251 1.2959467 1.3541443 1.3409232 1.3198591 1.3025079 1.2917954 1.3173862 1.3220278 1.2018092 1.2574169 1.6460644 1.1037552 1.2496359 1.2922383 1.2826429 1.2666269 1.2731271 1.2222898 1.5408227 1.4995072 1.4715506 1.6976853 1.2816811 1.5150995 1.4037392 2.4423099 1.2912118 
Dpul_mRNA943                                           1.2756286 1.0266639 1.0389216 0.9418460 1.0777605 1.2430592 1.2242575 1.1163482 1.1134379 1.0696028 0.5457643 0.6239513 0.0000000 0.5656709 1.0139509 0.6152311 0.8876579 0.8952332 0.8973838 0.9260690 0.7726256 0.8572303 0.9138636 1.1664726 2.5686958 0.9452519 0.9014502 0.7427529 0.7482284 0.8754888 0.9171933 0.7591750 1.1023168 1.0401317 1.3763211 1.0748642 1.2212706 1.2327164 1.2647534 1.2824652 1.2752854 1.2804012 1.0368065 1.2842903 1.3845311 1.3475659 1.3729513 1.3220706 1.2388886 1.2750377 1.3151687 1.3370702 1.1566179 1.2369470 1.6922495 1.1451555 1.2057713 1.2411429 1.2596865 1.2449561 1.2374555 1.2162224 1.6897569 1.6972775 1.7009462 1.7842345 1.5797242 1.4972322 1.3173966 2.4964623 1.4297523 
Tcas_TC032195_002                                      1.2983353 1.0049388 1.0398388 0.9963606 0.9939612 1.1246147 1.1129799 1.0831726 1.1650074 1.0669873 0.6149769 0.6414101 0.5656709 0.0000000 0.9860622 0.6719220 0.8898241 0.8714332 0.9460695 0.9391418 0.7705011 0.8169674 0.9098646 1.0429889 2.8345666 0.9109100 0.9138268 0.7410970 0.7615466 0.8233567 0.8245116 0.8489098 1.0746748 1.0527972 1.1348886 1.0838271 1.1314755 1.2394045 1.2521337 1.2754986 1.3210368 1.3067449 1.0921999 1.4302311 1.5053523 1.3368245 1.3272560 1.2896014 1.3141666 1.2180123 1.2896762 1.3143903 1.2599765 1.2654551 1.5863684 1.2664196 1.2681099 1.3180897 1.3332325 1.3228849 1.3149686 1.3045290 1.5857303 1.6431746 1.5628588 1.7297028 1.4301736 1.4559666 1.3070656 2.3554543 1.4922020 
Cscu_XM_023364457.1                                    2.5166936 1.6038041 1.6624409 1.2348558 1.6450677 1.7114597 1.7297250 1.6694799 1.7831980 1.1850355 0.6320617 1.0305831 1.0139509 0.9860622 0.0000000 0.3480012 1.4472557 1.4312623 1.4714842 1.4552372 1.3897041 1.3964941 1.4831962 1.2010261 3.3049398 1.0647571 1.4382541 1.1518769 1.1699153 1.2637010 1.2805393 1.2311340 1.7136278 1.1099691 1.2413384 1.5672743 2.5920028 1.8463401 1.8562309 1.8938755 1.9497371 1.9111018 1.6165418 1.9852124 1.9534989 1.7050877 1.8082759 1.7502146 1.2535696 1.7194310 1.5528686 1.7510247 1.6255252 1.5937824 4.4149096 1.2043404 1.6890433 1.7744352 1.7831798 1.7201972 1.7338648 1.7509062 2.1569517 2.0411589 2.1002273 2.2609494 1.3130944 1.5376451 1.8035742 2.5193564 1.4917951 
Cscu_XM_023366978.1                                    1.2874296 1.1148464 1.1205181 0.9603504 1.0729560 1.2290648 1.2221300 1.1397290 1.1967106 1.0878855 0.6277031 0.7227601 0.6152311 0.6719220 0.3480012 0.0000000 0.9412726 0.9414709 0.9587193 0.9577360 0.7204839 0.8052725 0.9477832 1.0174836 2.5554472 0.9518642 0.9310580 0.7319835 0.7551509 0.8335804 0.8584328 0.8779049 1.1060264 0.9225323 1.2988066 1.0242754 1.3063538 1.2851477 1.3901846 1.3710840 1.4491377 1.4640321 1.1088231 1.3953833 1.4092811 1.2631221 1.2739022 1.2283923 1.2693433 1.1919828 1.2046464 1.2439679 1.0685845 1.2118481 1.4592345 1.2358024 1.2450957 1.2779825 1.3127359 1.2764186 1.2862709 1.2561112 1.6242944 1.5701165 1.6484773 1.7252159 1.3423526 1.5800392 1.5869687 2.2215167 1.5087727 
Fspp_ffun1.m4.14267.m1                                 1.1843885 0.9535734 0.9498244 0.8843904 0.9585895 1.1379431 1.0595706 1.1023325 1.0721078 1.3938195 0.8997991 0.8498683 0.8876579 0.8898241 1.4472557 0.9412726 0.0000000 0.0622073 0.0951015 0.0958968 0.0973000 0.1123966 0.1014444 0.6300368 1.9055708 0.4735703 0.4474583 0.8510550 0.8536110 0.9921521 0.9740272 1.0136316 0.9885571 0.8760188 1.1670840 0.9569789 0.9682245 1.0552054 1.0071496 0.9663769 0.9757883 1.0031342 0.8263041 0.9046685 0.9298377 1.3866829 1.3657388 1.2978401 1.2716426 1.2815295 1.2493035 1.2571327 1.0611505 1.1676311 1.5984252 1.0876644 1.1446543 1.1856549 1.2025217 1.1741951 1.1832071 1.1332997 1.5973546 1.5440505 1.6574821 1.8053176 1.3686818 1.3771880 1.2569713 2.5014581 1.2665470 
Gasp_gasp1.m3.8277.m1                                  1.2137383 0.9375744 0.9453780 0.8324399 0.9344734 1.1606444 1.0719615 1.0833180 1.0495664 1.3671529 0.9496466 0.8772921 0.8952332 0.8714332 1.4312623 0.9414709 0.0622073 0.0000000 0.1045270 0.0982174 0.1017639 0.1160057 0.1065647 0.6921716 1.9030852 0.4722122 0.4799436 0.8540719 0.8773958 1.0014433 0.9908113 1.0081844 1.0127078 0.9474591 1.1690426 0.9689849 0.9345632 1.0377981 0.9957592 0.9508870 0.9520621 0.9966350 0.8067182 0.8666091 0.9224028 1.3689635 1.3536410 1.2944443 1.2635847 1.2686710 1.2482679 1.2769236 1.0958267 1.1854385 1.6440492 1.1506165 1.1506525 1.1765367 1.1963035 1.1814937 1.1745428 1.1256125 1.5805093 1.5374579 1.6234203 1.7895519 1.2827833 1.3480253 1.2068647 2.5885733 1.2588414 
Spis_XP_022798482_1                                    1.1939141 0.9261588 0.9583810 0.8593078 0.9691290 1.1795309 1.1148002 1.1321247 1.0915683 1.4641023 0.9743040 0.8783302 0.8973838 0.9460695 1.4714842 0.9587193 0.0951015 0.1045270 0.0000000 0.0365673 0.1594726 0.1757913 0.1441867 0.6560045 2.0798207 0.4875582 0.5020026 0.8650894 0.8775520 1.0118478 0.9719730 1.0485307 1.0047812 0.8660141 1.1489157 0.9951356 0.9567164 1.0501197 0.9783034 0.9514249 0.9515157 0.9885735 0.8277940 0.9228975 0.9582665 1.4112889 1.3839856 1.3193702 1.2579402 1.3119419 1.2896532 1.2789934 1.1094105 1.2069037 1.6177386 1.0805643 1.1213219 1.1483497 1.1765262 1.1553073 1.1484192 1.0957912 1.6195549 1.5387437 1.6677067 1.8527130 1.3375834 1.4122500 1.2742552 2.6338800 1.3264918 
Pocdam_XM_027191299.1                                  1.2245104 0.9807702 1.0154423 0.8988154 0.9994190 1.1943475 1.1453518 1.1476104 1.1182834 1.4384798 0.9342682 0.8828016 0.9260690 0.9391418 1.4552372 0.9577360 0.0958968 0.0982174 0.0365673 0.0000000 0.1634641 0.1804807 0.1479397 0.6586437 2.0460241 0.5031927 0.4865407 0.8390895 0.8822880 0.9959850 0.9736639 1.0017893 1.0271757 0.9729188 1.1445155 1.0246113 0.9966374 1.0912419 0.9918849 0.9634263 0.9666916 1.0065723 0.8269217 0.9169401 0.9507167 1.3998888 1.3739401 1.3322703 1.2550957 1.3179729 1.2766271 1.2674927 1.1096868 1.2127399 1.6089607 1.0452849 1.1464100 1.1725309 1.1915552 1.1729182 1.1659188 1.1234530 1.6467593 1.5632297 1.6929620 1.8612829 1.3231379 1.4001863 1.2540133 2.5356426 1.3419949 
Adig_XM_015897071.1                                    1.1853066 0.8482464 0.8457755 0.7073438 0.7955488 1.0672662 1.0001154 1.0280928 0.9716563 1.3674281 0.6814218 0.7702457 0.7726256 0.7705011 1.3897041 0.7204839 0.0973000 0.1017639 0.1594726 0.1634641 0.0000000 0.0118771 0.0858897 0.5834013 1.9193190 0.4336421 0.4155737 0.6857965 0.7377117 0.8519597 0.7952008 0.8766979 0.9014707 0.9176743 1.5012076 0.8503324 0.8943149 0.9241041 1.0258097 0.9627901 0.9498455 0.9896047 0.7905952 0.9098514 0.9893151 1.2626634 1.2546295 1.2216618 1.0745120 1.1763432 1.1025539 1.1408871 1.0394606 1.0368729 1.6516277 1.0329790 1.0710704 1.0990945 1.1151753 1.0962924 1.0872582 1.0472572 1.6374653 1.5845792 1.5925455 1.6438524 1.1067743 1.2993990 0.4396470 2.4129352 1.1308484 
Amil_Amillepora01013-RA                                1.1875978 0.8957514 0.8974172 0.8028599 0.8760910 1.1077107 1.0138558 1.0713205 1.0321730 1.3398641 0.7676552 0.8081311 0.8572303 0.8169674 1.3964941 0.8052725 0.1123966 0.1160057 0.1757913 0.1804807 0.0118771 0.0000000 0.1063688 0.5834013 1.9193190 0.4589478 0.4371194 0.7756747 0.7774964 0.9215376 0.8971645 0.9004878 0.8910701 0.9176743 0.9766332 0.8586333 0.9091492 1.0044180 1.0478657 1.0185194 0.9879270 1.0084423 0.8278497 0.9107840 0.9634202 1.2959720 1.2871035 1.2614289 1.1646517 1.2061754 1.1422922 1.1809363 1.0586706 1.0878310 1.6516277 1.1518095 1.1677492 1.1962598 1.2144480 1.1852799 1.1768228 1.1413436 1.5925843 1.5082970 1.5309583 1.6684200 1.0215860 1.4647358 1.6588092 2.5183032 1.2648342 
Gfas_gfas1.m1.4473.m1                                  1.2072944 0.9226876 0.9253036 0.8734827 0.9612597 1.1990491 1.1041545 1.1377085 1.0862499 1.4258408 0.9419665 0.8788284 0.9138636 0.9098646 1.4831962 0.9477832 0.1014444 0.1065647 0.1441867 0.1479397 0.0858897 0.1063688 0.0000000 0.6441690 2.0192024 0.5114458 0.5159743 0.8481878 0.9036254 1.0110810 0.9382020 1.0284479 0.9928545 0.8733959 1.1620480 0.9987919 0.9959869 1.1047803 1.0359852 1.0169445 1.0009110 1.0325834 0.8332998 0.9063341 0.9527248 1.4202914 1.3958361 1.3373859 1.2883896 1.2590820 1.2774533 1.3157502 1.1268521 1.2353368 1.6675582 1.0634730 1.1450934 1.1786137 1.1929100 1.1747254 1.1677695 1.1062825 1.6006877 1.5302196 1.6682910 1.7946724 1.3218665 1.3331533 1.2212627 2.4648555 1.3582444 
Nvec_NVE12277                                          1.7114666 0.8741628 0.8823956 0.5837242 2.8189754 1.1110215 1.1506202 1.1011357 1.3359977 1.0754769 0.7996929 1.2100291 1.1664726 1.0429889 1.2010261 1.0174836 0.6300368 0.6921716 0.6560045 0.6586437 0.5834013 0.5834013 0.6441690 0.0000000 0.0780565 0.0158113 0.5826571 1.1932557 0.8824921 1.3853976 0.9858393 1.3054289 1.1352951 1.0373118 0.0000010 0.8548098 0.9089765 1.0372056 1.3514661 1.0472934 0.9270076 0.9916968 0.8241173 1.0839090 1.1312307 2.1625690 2.2219399 2.0147104 0.0000010 2.2235997 1.6875847 1.8894011 1.2788993 1.2788993 3.7491806 0.8619796 1.2519861 1.2519861 1.2542341 1.2900474 1.2441132 1.2030061 1.9597246 1.7553693 1.8322286 2.1312666 0.0000010 0.0000010 0.0000010 3.4532128 6.8573313 
Nvec_v1g220915                                         3.2795318 2.5799092 2.4955903 2.1377389 4.4375302 3.2089057 2.5376753 2.8046654 2.7445643 3.5493270 1.2492157 2.7142856 2.5686958 2.8345666 3.3049398 2.5554472 1.9055708 1.9030852 2.0798207 2.0460241 1.9193190 1.9193190 2.0192024 0.0780565 0.0000000 0.7646070 1.8903893 2.5678117 2.2615536 2.7122428 2.4978626 2.9128208 2.8839223 1.6876097 8.9999987 2.4305947 2.9553624 3.1477867 3.1415289 2.8067009 2.6483614 2.7082877 2.4115406 3.0956545 3.3114800 3.4281146 3.7557719 3.3199998 4.8264529 3.8313064 3.3216188 3.6309530 2.7814331 2.7814331 5.7523906 2.4269459 3.1016549 3.0642499 3.0069637 3.1650175 3.1164940 3.1003775 3.5831134 3.2217165 3.2904804 3.5527171 3.2277855 4.0012145 1.4973117 3.5601014 6.4162356 
Nvec_v1g195293                                         1.1781788 0.9103535 0.9086103 0.8879183 0.9893545 1.1613761 1.1070946 1.0900266 1.0710553 1.1618079 0.8980316 0.9480523 0.9452519 0.9109100 1.0647571 0.9518642 0.4735703 0.4722122 0.4875582 0.5031927 0.4336421 0.4589478 0.5114458 0.0158113 0.7646070 0.0000000 0.3232910 0.8770913 0.8466816 1.0086399 0.9784669 0.9801621 0.9819441 0.9807839 1.0525722 0.9594168 0.7504085 1.0613174 0.9887858 0.9650120 0.9235381 0.9795408 0.8035765 0.8605834 0.9159438 1.4622749 1.4622749 1.3762293 1.2523050 1.3709784 1.3123076 1.3457574 1.2046326 1.2346116 2.4741657 1.1399513 1.2519566 1.3048256 1.2964323 1.2840834 1.2750813 1.2104955 1.4790418 1.3725468 1.5172978 1.7115419 1.3451806 1.4531462 1.4564441 2.4719497 1.2907521 
Exapal_XM_021047116.2                                  1.2817827 0.9209829 0.8920771 0.8409034 0.9444605 1.1614925 1.1318821 1.0836573 1.0002027 1.4150230 0.9203285 0.8705847 0.9014502 0.9138268 1.4382541 0.9310580 0.4474583 0.4799436 0.5020026 0.4865407 0.4155737 0.4371194 0.5159743 0.5826571 1.8903893 0.3232910 0.0000000 0.8088147 0.8179991 0.9152617 0.9735549 0.9368098 0.9676271 0.9834678 1.1022252 0.9730626 1.0237363 1.1174608 1.0629185 1.0376032 1.0330234 1.0335708 0.8466637 0.8970764 0.9473970 1.3190357 1.2971392 1.2997235 1.2772449 1.2152454 1.2693418 1.2249231 1.1042169 1.1465563 1.5399226 1.0558315 1.1858338 1.2470427 1.2292734 1.2116909 1.2133516 1.1485829 1.4853639 1.5087887 1.5152725 1.5842311 1.3555214 1.3070336 1.1789949 2.3943162 1.2790584 
Bralan_BLAG15000718_2                                  1.1888993 0.9497391 0.9400936 0.9052204 1.0018078 1.2230553 1.1984919 1.1600881 1.0310068 1.1522446 0.6808093 0.6974635 0.7427529 0.7410970 1.1518769 0.7319835 0.8510550 0.8540719 0.8650894 0.8390895 0.6857965 0.7756747 0.8481878 1.1932557 2.5678117 0.8770913 0.8088147 0.0000000 0.5646449 0.6727840 0.6731654 0.6831138 1.0242946 0.9513018 1.0278515 0.9968690 1.1490195 1.1878845 1.2390024 1.2232317 1.3067104 1.2673376 1.0131536 1.1827344 1.2531561 1.3668008 1.3543119 1.3471734 1.3480575 1.2918379 1.2678894 1.2769306 1.2223919 1.2939557 1.5629553 1.0749904 1.1917155 1.2314614 1.2492647 1.2103155 1.2176624 1.2004965 1.4428465 1.5049216 1.5849378 1.6328144 1.3565984 1.2847572 1.3515456 2.2696700 1.3660732 
Skow_XM_002730880.2                                    1.0216843 0.9695781 0.9400011 0.9323726 0.9924511 1.1601488 1.1336647 1.0818929 1.0084184 1.1336807 0.6459801 0.6544378 0.7482284 0.7615466 1.1699153 0.7551509 0.8536110 0.8773958 0.8775520 0.8822880 0.7377117 0.7774964 0.9036254 0.8824921 2.2615536 0.8466816 0.8179991 0.5646449 0.0000000 0.5964989 0.6361737 0.6568063 1.0379149 0.8067402 1.1491504 0.9740752 1.1576267 1.2289855 1.2767722 1.3168063 1.3498514 1.3361962 1.0158645 1.2808108 1.3084755 1.2544448 1.2575298 1.2004491 1.1896866 1.1854985 1.1737223 1.1682122 1.0174151 1.1291708 1.5185210 1.1785207 1.1942234 1.2208073 1.2276738 1.1936265 1.2028802 1.1892958 1.5853067 1.4427605 1.6627786 1.6954103 1.3936876 1.4466462 1.4648051 2.3404011 1.4040915 
Hsap_ENST00000504123                                   1.0663608 1.0471436 1.0010812 0.9461565 1.0280461 1.1766503 1.1820449 1.1509575 1.1225740 1.1918203 0.7946846 0.7862467 0.8754888 0.8233567 1.2637010 0.8335804 0.9921521 1.0014433 1.0118478 0.9959850 0.8519597 0.9215376 1.0110810 1.3853976 2.7122428 1.0086399 0.9152617 0.6727840 0.5964989 0.0000000 0.2697948 0.7965595 1.0827320 1.0239878 1.0941284 1.0004220 1.3047804 1.3768375 1.3992405 1.3970697 1.4928637 1.4626102 1.0703766 1.4078742 1.4321642 1.3046389 1.2998852 1.2860318 1.2764343 1.1947196 1.2380669 1.2896918 1.0259677 1.1902476 1.4589569 1.2859633 1.2445904 1.2421677 1.2908464 1.2652767 1.2663800 1.2363879 1.5250117 1.5650038 1.6763243 1.6212431 1.4542598 1.3884309 1.5699122 2.0164278 1.4997542 
Hsap_ENST00000261951                                   1.0245497 0.9830787 0.9685938 0.9511854 1.0292105 1.2195827 1.1612875 1.1381225 1.1457895 1.2585677 0.7898348 0.7766813 0.9171933 0.8245116 1.2805393 0.8584328 0.9740272 0.9908113 0.9719730 0.9736639 0.7952008 0.8971645 0.9382020 0.9858393 2.4978626 0.9784669 0.9735549 0.6731654 0.6361737 0.2697948 0.0000000 0.8054785 1.0585128 0.8738739 1.2390357 1.0298039 1.2565404 1.3205202 1.4451332 1.4233891 1.4815550 1.4637721 1.0711721 1.3853140 1.4507213 1.4003547 1.3770251 1.3280927 1.3217284 1.2389338 1.2727040 1.2770981 1.0940858 1.2243127 1.4989425 1.3592093 1.2646668 1.2726279 1.2984652 1.2556654 1.2567389 1.2362175 1.5004671 1.4927734 1.7189794 1.6180140 1.5634321 1.4771171 1.6616013 2.5517262 1.4976487 
Spur_XM_030979716.1                                    1.3976457 1.1385117 1.1550730 1.0067597 1.1264167 1.3133022 1.2556950 1.2591890 1.1397817 1.1979049 0.7386522 0.7710893 0.7591750 0.8489098 1.2311340 0.8779049 1.0136316 1.0081844 1.0485307 1.0017893 0.8766979 0.9004878 1.0284479 1.3054289 2.9128208 0.9801621 0.9368098 0.6831138 0.6568063 0.7965595 0.8054785 0.0000000 1.1855368 1.2742807 1.1877452 1.1517272 1.3448948 1.2327742 1.3042636 1.3184101 1.3245977 1.3166180 1.0936236 1.2652009 1.3463411 1.3932890 1.4115251 1.3685388 1.1468145 1.3296288 1.3241448 1.3434863 1.2597668 1.2745693 2.0226644 1.1311571 1.4664690 1.5044943 1.5297083 1.4620967 1.4693315 1.4601942 1.6738947 1.7194967 1.6929825 1.7771755 1.4316946 1.5074462 1.5318117 2.2700722 1.3402762 
Opea_EP00118_Oscarella_pearsei_P008562                 1.2282519 0.8871972 0.9270163 0.8342312 0.8646071 1.1897082 1.0783579 1.0862489 1.0570332 1.4422133 1.0978768 1.0663707 1.1023168 1.0746748 1.7136278 1.1060264 0.9885571 1.0127078 1.0047812 1.0271757 0.9014707 0.8910701 0.9928545 1.1352951 2.8839223 0.9819441 0.9676271 1.0242946 1.0379149 1.0827320 1.0585128 1.1855368 0.0000000 0.0000010 0.0587061 0.5980945 1.5205196 1.3439755 1.3340131 1.2607047 1.3123888 1.3075940 1.1043433 1.3951069 1.4784572 1.4141623 1.4327359 1.4348256 1.5154890 1.3594247 1.2653136 1.3478701 1.2757847 1.2503561 1.6013566 1.3487904 1.3566037 1.4140257 1.3864141 1.3174873 1.3209128 1.3622034 1.4743129 1.5663168 1.6213772 1.8253682 1.1776084 1.4127990 1.4623798 2.9745226 1.2945195 
Ocar_g10581                                            1.2156760 0.9877856 1.0318155 0.5830893 0.8085380 1.5344833 1.0494836 1.2869155 1.0034726 1.7546633 0.8485102 1.0949411 1.0401317 1.0527972 1.1099691 0.9225323 0.8760188 0.9474591 0.8660141 0.9729188 0.9176743 0.9176743 0.8733959 1.0373118 1.6876097 0.9807839 0.9834678 0.9513018 0.8067402 1.0239878 0.8738739 1.2742807 0.0000010 0.0000000 0.0000010 0.6391888 1.3872331 1.2135199 1.3193850 1.2335886 1.2474699 1.2428885 1.2447105 1.4788947 1.5413893 1.4946538 1.4946538 1.6227038 0.0000010 1.6141410 1.3263038 1.4306170 1.3773960 1.3773960 1.6193375 2.9214818 1.4080474 1.3994532 1.4175927 1.3910003 1.4082038 1.4191239 1.7077354 1.9772626 1.8360339 2.2843562 0.0000010 0.0000010 0.0000010 2.5693159 0.0000010 
Ocar_g3194                                             0.0000010 1.0419374 1.3624472 1.1377798 0.9426443 1.3581991 1.3238495 1.3165084 1.1411795 1.0559736 1.2074139 1.0772806 1.3763211 1.1348886 1.2413384 1.2988066 1.1670840 1.1690426 1.1489157 1.1445155 1.5012076 0.9766332 1.1620480 0.0000010 8.9999987 1.0525722 1.1022252 1.0278515 1.1491504 1.0941284 1.2390357 1.1877452 0.0587061 0.0000010 0.0000000 0.7079328 0.0000010 1.3727204 1.0818592 1.1727322 1.2418927 1.1903356 1.1384946 1.2263820 1.2160375 1.2097147 1.2097147 1.2811486 1.2475000 1.1278702 1.1143844 1.2024481 1.5169174 1.1881549 8.9999984 1.3497262 1.6886078 1.6720058 1.7809244 1.6650852 1.6650852 1.6508101 1.4089138 1.2793156 1.4454692 2.1237520 1.2166122 1.3648033 1.5276425 7.4691369 1.3254019 
Plajan_Pjan_C565278_01                                 1.1143552 0.9465288 0.9287801 0.8966966 0.9128350 1.1329796 1.0470508 1.0496410 1.1978589 1.5832147 1.1252680 0.9979039 1.0748642 1.0838271 1.5672743 1.0242754 0.9569789 0.9689849 0.9951356 1.0246113 0.8503324 0.8586333 0.9987919 0.8548098 2.4305947 0.9594168 0.9730626 0.9968690 0.9740752 1.0004220 1.0298039 1.1517272 0.5980945 0.6391888 0.7079328 0.0000000 1.2919890 1.2540458 1.2850629 1.1759865 1.1681856 1.1749894 1.0846943 1.3655798 1.3820952 1.3787622 1.4080148 1.3591861 1.4441333 1.3380698 1.2257674 1.3103968 1.1898817 1.2906351 1.6759720 1.4189904 1.2238120 1.2304355 1.2566616 1.2028839 1.2120485 1.2334775 1.4702743 1.4316051 1.4259113 1.5509567 1.1299198 1.3353691 1.4379565 2.7790662 1.3142246 
Hvul_g21099_1                                          1.7062197 1.1680647 1.1749427 0.8524841 1.3481048 1.2639090 1.0088809 1.2601500 1.2307114 2.2791497 0.7988809 1.1499333 1.2212706 1.1314755 2.5920028 1.3063538 0.9682245 0.9345632 0.9567164 0.9966374 0.8943149 0.9091492 0.9959869 0.9089765 2.9553624 0.7504085 1.0237363 1.1490195 1.1576267 1.3047804 1.2565404 1.3448948 1.5205196 1.3872331 0.0000010 1.2919890 0.0000000 0.4741982 1.1162387 0.9648988 1.0108601 1.0583836 0.9065230 1.2044235 1.3336576 1.5104080 1.7116502 1.5966040 0.8684504 1.6916827 1.2753465 1.5406527 1.2543963 1.2543963 2.2946005 1.0506377 1.4808161 1.5356604 1.5338939 1.5145379 1.4965909 1.5487266 2.0173309 2.0170418 1.9494207 2.2347564 1.7832712 3.3796200 1.0048987 2.2358148 5.1686305 
Chem_TCONS_00053692                                    1.6022616 1.2137987 1.2332236 1.1353241 1.3277614 1.4686633 1.3476424 1.4228042 1.2921889 1.7846468 1.0201879 1.2246976 1.2327164 1.2394045 1.8463401 1.2851477 1.0552054 1.0377981 1.0501197 1.0912419 0.9241041 1.0044180 1.1047803 1.0372056 3.1477867 1.0613174 1.1174608 1.1878845 1.2289855 1.3768375 1.3205202 1.2327742 1.3439755 1.2135199 1.3727204 1.2540458 0.4741982 0.0000000 0.8917696 0.8166021 0.8648808 0.8902713 0.8723769 1.2587646 1.2723626 1.4476162 1.5396036 1.4882050 1.3249287 1.4894029 1.3610838 1.5070012 1.3032765 1.2786883 2.3609155 1.2448400 1.4497837 1.4822080 1.5091396 1.4772863 1.4683771 1.4909676 1.7120911 1.6847610 1.8004055 2.1427927 1.4169909 1.6342229 1.5678636 2.7892501 0.5588859 
Sanmal_Sma_017559-T1                                   1.8629501 1.2636334 1.2878518 1.1197440 1.2838822 1.3277691 1.3163888 1.3419625 1.2582504 1.6492036 1.1148882 1.2507515 1.2647534 1.2521337 1.8562309 1.3901846 1.0071496 0.9957592 0.9783034 0.9918849 1.0258097 1.0478657 1.0359852 1.3514661 3.1415289 0.9887858 1.0629185 1.2390024 1.2767722 1.3992405 1.4451332 1.3042636 1.3340131 1.3193850 1.0818592 1.2850629 1.1162387 0.8917696 0.0000000 0.3291777 0.3975724 0.3872281 0.7705645 1.2213035 1.2957362 1.5214375 1.6034698 1.5963098 1.2628626 1.5677936 1.4369138 1.5805344 1.3803998 1.3638994 2.4879705 1.1993846 1.5459658 1.5587364 1.5851758 1.5177180 1.5086309 1.5050017 1.9601813 1.8703985 1.9394869 2.0470926 1.3153481 1.4988113 1.3415674 2.8787118 0.8345306 
Aaur_scaffold787.g6.t2                                 1.6508373 1.1865907 1.2345456 1.1213071 1.1770353 1.3133521 1.2926740 1.3484060 1.2014054 1.6348436 1.1539324 1.2091461 1.2824652 1.2754986 1.8938755 1.3710840 0.9663769 0.9508870 0.9514249 0.9634263 0.9627901 1.0185194 1.0169445 1.0472934 2.8067009 0.9650120 1.0376032 1.2232317 1.3168063 1.3970697 1.4233891 1.3184101 1.2607047 1.2335886 1.1727322 1.1759865 0.9648988 0.8166021 0.3291777 0.0000000 0.2344768 0.2662564 0.6900833 1.1872896 1.2751966 1.4570811 1.5537309 1.5744384 1.3666664 1.5667751 1.3942927 1.5829483 1.3241833 1.3081304 2.2933619 1.2826371 1.4896253 1.5339565 1.5219422 1.5241622 1.5150535 1.4554931 1.8665176 1.8889289 1.9777321 1.9912070 1.3946152 1.3940281 1.2702210 2.7727743 0.8632941 
Rhoesc_Res_002443-T1                                   1.6067742 1.1493098 1.1708616 1.0723539 1.2556092 1.3334192 1.2309632 1.3115453 1.2896688 1.8191591 1.1652605 1.2617438 1.2752854 1.3210368 1.9497371 1.4491377 0.9757883 0.9520621 0.9515157 0.9666916 0.9498455 0.9879270 1.0009110 0.9270076 2.6483614 0.9235381 1.0330234 1.3067104 1.3498514 1.4928637 1.4815550 1.3245977 1.3123888 1.2474699 1.2418927 1.1681856 1.0108601 0.8648808 0.3975724 0.2344768 0.0000000 0.0766286 0.7090561 1.2473516 1.3588343 1.5166877 1.6115316 1.6126492 1.4507501 1.5887581 1.4187227 1.5806608 1.3281377 1.3397402 2.4023785 1.2962936 1.4689001 1.5369992 1.5099146 1.5122859 1.5033070 1.4584000 1.8424643 1.7972002 1.9332728 1.9973926 1.4648248 1.4192265 1.4364634 2.6405673 0.8533131 
Nemnom_g7031.t1                                        1.6298351 1.1708695 1.1974963 1.0829723 1.2353999 1.3292722 1.2459773 1.3118534 1.2872434 1.8236525 1.1564870 1.2152021 1.2804012 1.3067449 1.9111018 1.4640321 1.0031342 0.9966350 0.9885735 1.0065723 0.9896047 1.0084423 1.0325834 0.9916968 2.7082877 0.9795408 1.0335708 1.2673376 1.3361962 1.4626102 1.4637721 1.3166180 1.3075940 1.2428885 1.1903356 1.1749894 1.0583836 0.8902713 0.3872281 0.2662564 0.0766286 0.0000000 0.7305463 1.2421699 1.3261720 1.5696845 1.6697517 1.6588689 1.4666269 1.6458401 1.4533984 1.6401317 1.3377217 1.3796735 2.4687201 1.3065518 1.4978219 1.5710512 1.5385016 1.5397754 1.5305561 1.4913866 1.8212987 1.7579715 1.8863401 1.9927032 1.4011577 1.4143320 1.4314658 2.6884600 0.8638916 
Morvir_scaffold139.g21.t1                              1.4721213 1.0332173 1.0215015 1.0012585 1.0445129 1.2589999 1.2553995 1.1992415 1.1490495 1.3887234 1.0171126 1.0790367 1.0368065 1.0921999 1.6165418 1.1088231 0.8263041 0.8067182 0.8277940 0.8269217 0.7905952 0.8278497 0.8332998 0.8241173 2.4115406 0.8035765 0.8466637 1.0131536 1.0158645 1.0703766 1.0711721 1.0936236 1.1043433 1.2447105 1.1384946 1.0846943 0.9065230 0.8723769 0.7705645 0.6900833 0.7090561 0.7305463 0.0000000 1.0512414 1.1696944 1.4104036 1.4052388 1.3668798 1.3318151 1.2597217 1.3090367 1.2974104 1.2550610 1.2521007 1.7580250 1.1439161 1.3118865 1.3173213 1.3279184 1.2975257 1.2899389 1.2701345 1.4486616 1.5195264 1.7348899 1.7616929 1.2612170 1.3414562 1.2423120 2.4355732 0.8085342 
Dgig_XM_028552496.1                                    1.7040875 1.2674118 1.3123234 1.1742194 1.3897599 1.4800289 1.3756288 1.3825347 1.3763996 1.7917076 1.3358437 1.2938251 1.2842903 1.4302311 1.9852124 1.3953833 0.9046685 0.8666091 0.9228975 0.9169401 0.9098514 0.9107840 0.9063341 1.0839090 3.0956545 0.8605834 0.8970764 1.1827344 1.2808108 1.4078742 1.3853140 1.2652009 1.3951069 1.4788947 1.2263820 1.3655798 1.2044235 1.2587646 1.2213035 1.1872896 1.2473516 1.2421699 1.0512414 0.0000000 0.1695992 1.5552379 1.6308633 1.5479096 1.4278459 1.5705591 1.4480976 1.5971784 1.4496712 1.3877806 2.4438643 1.0126241 1.6162869 1.6923542 1.6564591 1.6120040 1.6136929 1.5750017 1.7166419 1.6468496 1.8175272 2.0003253 1.6311203 1.6361154 1.2505668 2.8740925 1.2859848 
Xesp_008475-T1                                         1.7128588 1.3800374 1.4480045 1.3360975 1.4343730 1.5769777 1.4718589 1.4314945 1.4104680 1.8124198 1.3451044 1.2959467 1.3845311 1.5053523 1.9534989 1.4092811 0.9298377 0.9224028 0.9582665 0.9507167 0.9893151 0.9634202 0.9527248 1.1312307 3.3114800 0.9159438 0.9473970 1.2531561 1.3084755 1.4321642 1.4507213 1.3463411 1.4784572 1.5413893 1.2160375 1.3820952 1.3336576 1.2723626 1.2957362 1.2751966 1.3588343 1.3261720 1.1696944 0.1695992 0.0000000 1.6253455 1.7015622 1.6359396 1.4459654 1.6580383 1.4888306 1.6467679 1.5077340 1.4329476 2.6261531 1.0987842 1.7286315 1.7824726 1.7506747 1.7218516 1.7237424 1.6912782 1.7862754 1.7446350 1.9185436 2.0949403 1.5996884 1.6385822 1.3074364 2.8054477 1.5684108 
Horcal_Hcv1.av93.c1.g700.i2                            1.5324082 1.3588811 1.3661819 1.3571121 1.3206051 1.4028132 1.4037263 1.2877694 1.2473770 1.7517061 1.4065588 1.3541443 1.3475659 1.3368245 1.7050877 1.2631221 1.3866829 1.3689635 1.4112889 1.3998888 1.2626634 1.2959720 1.4202914 2.1625690 3.4281146 1.4622749 1.3190357 1.3668008 1.2544448 1.3046389 1.4003547 1.3932890 1.4141623 1.4946538 1.2097147 1.3787622 1.5104080 1.4476162 1.5214375 1.4570811 1.5166877 1.5696845 1.4104036 1.5552379 1.6253455 0.0000000 0.0044968 0.3050102 0.2369162 0.3196581 0.3307507 0.3662576 0.5702260 0.3979028 0.5930650 1.6427652 1.5430551 1.5587116 1.5624565 1.5477448 1.5521086 1.5638213 1.8675157 1.7806582 1.8076741 1.9962553 1.4569967 1.5211103 1.4521469 0.7879700 1.6540522 
Pbac_sb2667957                                         1.5818315 1.3765866 1.3744062 1.3413084 1.3490712 1.4109947 1.4012351 1.3322894 1.2957933 1.7870684 1.4065588 1.3409232 1.3729513 1.3272560 1.8082759 1.2739022 1.3657388 1.3536410 1.3839856 1.3739401 1.2546295 1.2871035 1.3958361 2.2219399 3.7557719 1.4622749 1.2971392 1.3543119 1.2575298 1.2998852 1.3770251 1.4115251 1.4327359 1.4946538 1.2097147 1.4080148 1.7116502 1.5396036 1.6034698 1.5537309 1.6115316 1.6697517 1.4052388 1.6308633 1.7015622 0.0044968 0.0000000 0.2976740 0.2369162 0.3115520 0.3239737 0.3455908 0.5639809 0.3941773 0.5139104 1.6427652 1.5479430 1.5665654 1.5697453 1.5555084 1.5597148 1.5715698 1.9333676 1.8604845 1.9040543 2.0503833 1.4569967 1.5211103 1.4262019 0.7879700 1.6491307 
Beraby_Baby_sb341163                                   1.4838069 1.2910158 1.2732523 1.2898836 1.2501437 1.3740272 1.3838996 1.2622104 1.2171027 1.8018676 1.4606564 1.3198591 1.3220706 1.2896014 1.7502146 1.2283923 1.2978401 1.2944443 1.3193702 1.3322703 1.2216618 1.2614289 1.3373859 2.0147104 3.3199998 1.3762293 1.2997235 1.3471734 1.2004491 1.2860318 1.3280927 1.3685388 1.4348256 1.6227038 1.2811486 1.3591861 1.5966040 1.4882050 1.5963098 1.5744384 1.6126492 1.6588689 1.3668798 1.5479096 1.6359396 0.3050102 0.2976740 0.0000000 0.2162436 0.2985052 0.3251393 0.3397795 0.4965835 0.3751146 0.4102618 1.4430512 1.5204292 1.5120889 1.5524905 1.5424208 1.5467212 1.5503466 1.9568816 1.7832630 1.8541214 1.9976157 1.4853631 1.6135592 1.4474793 1.6218844 1.5778050 
Mlei_ML1417.g41.i1                                     1.1240663 1.2663161 1.4001188 1.2815317 1.2526219 1.2987507 1.3206498 1.1603921 1.2304479 1.3113723 1.1877837 1.3025079 1.2388886 1.3141666 1.2535696 1.2693433 1.2716426 1.2635847 1.2579402 1.2550957 1.0745120 1.1646517 1.2883896 0.0000010 4.8264529 1.2523050 1.2772449 1.3480575 1.1896866 1.2764343 1.3217284 1.1468145 1.5154890 0.0000010 1.2475000 1.4441333 0.8684504 1.3249287 1.2628626 1.3666664 1.4507501 1.4666269 1.3318151 1.4278459 1.4459654 0.2369162 0.2369162 0.2162436 0.0000000 0.3285098 0.3165305 0.3542750 0.5461871 0.3786240 3.7629682 1.6569238 1.6609357 1.7103180 1.6590294 1.6732544 1.6732544 1.6831059 1.9816818 1.6248281 1.7332336 1.8933895 1.4446614 1.6622397 1.4236749 1.9278983 1.5644575 
Lampan_Lpan_C418635_01                                 1.4862886 1.3166430 1.3167041 1.2361281 1.1996577 1.2690318 1.2937439 1.2775164 1.2464066 1.8377630 1.3048536 1.2917954 1.2750377 1.2180123 1.7194310 1.1919828 1.2815295 1.2686710 1.3119419 1.3179729 1.1763432 1.2061754 1.2590820 2.2235997 3.8313064 1.3709784 1.2152454 1.2918379 1.1854985 1.1947196 1.2389338 1.3296288 1.3594247 1.6141410 1.1278702 1.3380698 1.6916827 1.4894029 1.5677936 1.5667751 1.5887581 1.6458401 1.2597217 1.5705591 1.6580383 0.3196581 0.3115520 0.2985052 0.3285098 0.0000000 0.3250705 0.3188131 0.4467455 0.3869347 0.4186634 1.5612800 1.5410119 1.5625473 1.5985361 1.5529996 1.5572278 1.5612464 1.8383733 1.7227336 1.8138126 1.8516845 1.3267958 1.5268885 1.2820646 1.4386882 1.5059205 
Vmul_sbMO452504                                        1.4521356 1.1894231 1.1979622 1.1447941 1.1505270 1.3076471 1.2919338 1.2200351 1.1129982 1.7988840 1.3056114 1.3173862 1.3151687 1.2896762 1.5528686 1.2046464 1.2493035 1.2482679 1.2896532 1.2766271 1.1025539 1.1422922 1.2774533 1.6875847 3.3216188 1.3123076 1.2693418 1.2678894 1.1737223 1.2380669 1.2727040 1.3241448 1.2653136 1.3263038 1.1143844 1.2257674 1.2753465 1.3610838 1.4369138 1.3942927 1.4187227 1.4533984 1.3090367 1.4480976 1.4888306 0.3307507 0.3239737 0.3251393 0.3165305 0.3250705 0.0000000 0.1239761 0.4862980 0.3810962 0.5578153 1.6165628 1.4896279 1.5000574 1.5563406 1.4931130 1.4973497 1.5400065 1.8649406 1.7050566 1.7835496 1.8662525 1.4180193 1.5938219 1.2778162 1.6835508 1.6627523 
Coemet_Cmet_scaffold10849_01                           1.4907044 1.2492547 1.2616490 1.1976161 1.2183622 1.3608295 1.3217734 1.3436026 1.1987383 1.8187519 1.3131350 1.3220278 1.3370702 1.3143903 1.7510247 1.2439679 1.2571327 1.2769236 1.2789934 1.2674927 1.1408871 1.1809363 1.3157502 1.8894011 3.6309530 1.3457574 1.2249231 1.2769306 1.1682122 1.2896918 1.2770981 1.3434863 1.3478701 1.4306170 1.2024481 1.3103968 1.5406527 1.5070012 1.5805344 1.5829483 1.5806608 1.6401317 1.2974104 1.5971784 1.6467679 0.3662576 0.3455908 0.3397795 0.3542750 0.3188131 0.1239761 0.0000000 0.5068437 0.3959434 0.5023316 1.5916435 1.5004070 1.5160468 1.5568623 1.5218661 1.5259541 1.5584287 1.9577685 1.7934217 1.8175830 1.8776494 1.4191321 1.5792724 1.3512909 1.8280599 1.6326938 
