71
Leuniv_Lniv_C814202_01                                       0.0000000 1.2748829 0.5495034 0.4793403 1.2603771 2.3364745 2.0768978 2.0946726 3.2233642 9.0000000 3.6260701 2.1185549 2.1557540 2.1994660 2.1099054 2.1866636 2.3749947 1.9759705 1.8401478 1.8488085 1.8047933 1.9147862 1.8875026 1.8058686 1.8545895 1.8002663 1.8321870 1.9798352 1.9547938 3.2256081 2.2274551 2.7980044 3.1000331 3.0356733 3.0069715 2.9610996 2.4540518 3.2054151 4.0818039 2.1555386 3.3820085 2.1195998 2.2801717 1.9112354 2.1827406 2.0397305 8.9999990 2.2935006 2.8376773 2.0949779 1.9370881 2.0261200 2.1982997 2.2032586 2.1720823 2.2951241 1.7774193 2.1789624 2.2154702 1.6913684 2.5174149 2.4919116 2.3158545 2.5755870 2.3053702 2.3466914 2.0878863 4.9835708 4.3910636 1.7789016 2.6788197 
Leuniv_Lniv_C758864_01                                       1.2748829 0.0000000 0.4826873 0.4932326 1.8553165 2.2878387 1.7837137 0.0000010 1.7280891 1.8773304 1.8476043 1.6788468 1.8955338 1.8545119 1.5541473 1.9880284 0.0000010 2.1216685 1.9974320 2.0562388 2.1675384 2.3006781 2.1346896 2.1059980 2.1346896 1.7747542 1.9349892 2.4204197 2.2725049 2.9144279 0.0000010 3.0582079 3.5909479 3.2799421 3.3399374 0.0000010 0.0000010 3.4315558 0.0000010 9.0000000 2.4393597 2.1367471 3.0373318 0.0000010 2.5956539 2.2852579 2.8550660 2.4402039 2.3538071 1.7734796 1.6675057 0.0000010 1.9243746 2.0820903 1.9425453 2.2015706 2.1975866 2.4051338 2.7518866 5.2849974 2.9827183 3.0588922 2.4466305 2.6707622 2.3281379 2.6302954 2.3766172 2.2773364 5.4646317 3.9768981 6.2777255 
Gracom_Gcom_C560512_01                                       0.5495034 0.4826873 0.0000000 0.5328733 1.2562514 2.3436188 2.2865045 2.2574880 1.8224353 1.6222572 2.2513154 2.4318409 2.2045535 2.2301944 1.9363609 2.2442852 2.5781506 2.1972523 2.0847361 2.0920790 2.0509607 2.2158720 2.1622129 2.0960002 2.1696802 1.8730670 1.9576473 2.1923613 2.2986386 3.6089149 1.9620211 3.2613462 3.6528120 3.4565319 3.3770662 2.8499329 2.4384904 3.5024986 4.8806341 2.0688906 3.3446443 2.1614572 2.4010425 2.0356864 2.2348417 2.2662165 2.6290688 2.4219146 2.2044777 2.2270163 1.9510390 2.1656439 2.4318173 2.4624741 2.4148491 2.5057298 2.2837358 2.3977801 2.3616683 1.9328369 2.8697471 2.6927459 2.6281446 2.9111862 2.5353583 2.4297731 2.3211106 2.9001336 4.2383195 2.9860801 2.9930668 
Lcom_lcpid31411                                              0.4793403 0.4932326 0.5328733 0.0000000 1.2873197 2.4158038 2.2098171 2.1679669 1.6970771 1.9076678 2.0145201 2.3766148 2.1587171 2.2053801 1.9295643 2.3353597 2.3347223 2.1175648 1.9742843 2.0351302 1.9950071 2.1630098 2.1024183 2.0045597 2.0999988 1.9201883 1.9830901 2.3212499 2.3225755 3.5353326 1.9669061 3.1723734 3.8405202 3.6228993 3.3357099 2.9612654 2.5374230 3.5805622 4.8757605 2.0373948 3.3738698 2.1421521 2.3638173 2.0319769 2.2239551 2.3187743 2.4187715 2.4126364 2.2992808 2.1698640 1.9132097 1.9885598 2.2427532 2.2901985 2.2728904 2.3800329 2.2237765 2.3414806 2.4823242 1.9282800 2.8217069 2.7329072 2.5009980 2.6921464 2.4937378 2.4563783 2.3270580 2.7902574 4.3168346 3.2677270 2.9870454 
Clacor_Ccor_C535921_01                                       1.2603771 1.8553165 1.2562514 1.2873197 0.0000000 1.7619996 1.6064365 1.6942142 1.7380261 5.6235427 2.1081064 1.8608940 1.7949602 1.7854435 1.6761871 1.8477909 1.8414362 2.0252766 1.7080909 1.7097031 1.7283041 1.6646497 1.7356366 1.7032073 1.8022727 1.4837350 1.6002019 1.6883462 1.6854243 2.5898226 2.0313935 2.1665037 2.4481846 2.4754614 2.4501423 2.5220801 2.3255426 2.3077610 0.0000010 1.9438545 3.0723217 1.7912683 1.7955429 1.8563149 1.4966592 1.5466717 4.2653991 2.1110740 3.0240313 1.7458712 1.5497023 1.8266068 1.8597768 1.8887731 1.8748751 1.8383170 0.4908127 2.0055694 1.5047274 1.6987074 1.9185625 1.8314137 1.8273582 1.9499086 1.8826420 2.0020535 1.7888944 3.6933006 4.2098609 2.2873396 4.2685959 
Tetwil_g7857.t1                                              2.3364745 2.2878387 2.3436188 2.4158038 1.7619996 0.0000000 2.4116098 2.3369009 1.9187039 2.2447883 2.1318604 2.3736856 2.4484404 2.4826500 1.7882247 2.4233693 1.1797902 2.4492729 2.2553533 2.2626940 2.2753814 2.3853004 2.3347242 2.3152890 2.3665048 2.2620446 2.2799484 2.4461950 2.4565540 3.2754861 2.0097787 2.9525268 3.2977057 3.2304414 3.0494874 2.7239350 2.0038889 3.1735181 4.6974714 1.6343887 3.5456022 2.3130207 2.4982213 1.9536746 2.4331345 2.2985606 1.7838103 1.6005172 1.4523327 2.4213457 2.2315572 1.9703208 2.7591245 2.8419208 2.8055343 2.8087925 2.7921529 2.6092799 2.3879469 2.4999819 2.8022214 2.7707218 2.0471409 1.9497844 1.6773849 2.6112900 2.1300163 2.0088431 4.6193938 3.5811190 2.1783598 
Opea_EP00118_Oscarella_pearsei_P010498                       2.0768978 1.7837137 2.2865045 2.2098171 1.6064365 2.4116098 0.0000000 0.0127624 0.1111832 0.1242064 0.3670073 2.2029291 2.0204369 2.1250929 1.5996001 2.1509603 2.2467522 2.0674226 1.9023538 1.9898957 1.9083912 2.0243367 1.9197068 1.8994539 1.9766883 1.8452174 1.7999769 1.8874859 2.0302681 3.5631912 1.4786172 3.0855009 3.5614003 3.2625029 3.4722361 2.3373542 1.7311293 3.2686677 4.5040367 1.7410725 3.1906609 2.0910120 2.3573060 1.9162184 2.2706640 2.1840863 2.4873595 2.6698714 1.8401219 2.0855308 2.0382041 1.5947410 2.2096108 2.2455253 2.2298646 2.1938088 2.5492520 2.3892538 2.2379716 1.2709938 2.5762647 2.8091520 2.4767434 2.6151180 2.5581772 2.3488362 2.3639128 2.5951563 4.1835378 3.4403096 3.5142719 
Ocar_g1919                                                   2.0946726 0.0000010 2.2574880 2.1679669 1.6942142 2.3369009 0.0127624 0.0000000 1.4830535 3.6619630 1.4830535 2.0194962 1.9029558 2.0067837 1.7112283 1.9508759 2.2467522 1.9358123 1.7522863 1.8275065 1.7557903 1.8969909 1.8066982 1.7783837 1.8869996 1.6911854 1.6880480 1.7305171 1.8153615 3.4254247 1.4786172 2.8548643 3.0298637 2.6196696 2.9497417 2.3736528 1.7725009 2.6887094 4.3010632 1.6597136 3.2150661 2.0172268 2.1451762 1.9744716 2.1281737 2.1026751 0.0000010 2.6250409 0.9764456 1.9740418 1.8974013 1.6392695 1.9722971 1.9762951 1.9565322 1.9121900 0.6803640 2.2138418 1.9792048 1.1763254 2.4171819 2.5808505 2.2334684 2.4691932 2.4891496 2.1896062 2.3028337 2.6357751 4.2496217 2.3684704 3.2593551 
Opea_EP00118_Oscarella_pearsei_P010499                       3.2233642 1.7280891 1.8224353 1.6970771 1.7380261 1.9187039 0.1111832 1.4830535 0.0000000 0.1068534 0.0445750 1.8654402 1.7395714 1.7409763 1.4657437 1.7692687 1.7377060 1.7398823 1.7727757 1.7923809 1.8100923 1.7209986 1.6922883 1.6498283 1.6922883 1.8601916 1.5355710 1.8784980 1.9876474 3.5736489 2.6778400 3.4618586 3.9303432 4.2896031 4.1271022 6.5028539 3.0775214 4.1286869 0.0000010 9.0000000 2.6698459 1.8564277 2.4408310 3.6626406 2.1258398 2.1954454 2.2672381 2.3424060 2.0287463 1.7159980 1.7222428 2.8685727 1.9604397 2.1213143 2.0024378 2.0127102 1.7463696 2.5530806 2.3639248 2.9906461 1.9482489 2.3432440 2.4226330 2.4611466 1.8516163 2.1875055 2.0732478 2.5788656 3.7319016 3.3617969 6.5530639 
Opea_EP00118_Oscarella_pearsei_P010500                       9.0000000 1.8773304 1.6222572 1.9076678 5.6235427 2.2447883 0.1242064 3.6619630 0.1068534 0.0000000 1.3396122 1.8647780 1.6936612 1.8310467 1.5633800 1.8097057 0.0000010 1.5967280 1.6853293 1.7247680 1.7939158 1.6963629 1.5352251 1.5188309 1.5352251 1.7324796 1.3221122 1.8477735 1.7401632 2.9909190 0.0000010 2.9447784 2.4371486 3.1116930 3.0515587 0.8732581 2.7074150 3.1908882 0.0000010 9.0000000 2.1921299 1.6622972 2.0715142 4.0874643 1.7487836 2.1466129 2.2560754 2.3548532 3.3806049 1.5141470 1.2714160 3.1250587 1.7906137 2.1347400 2.0554331 2.0268567 1.7218624 1.6835318 1.9311711 5.0181411 1.4866583 2.7000823 2.5438042 2.5718211 3.4080188 1.7397861 2.0529653 2.1595441 3.8409091 9.0000000 6.3035718 
Opea_EP00118_Oscarella_pearsei_P010501                       3.6260701 1.8476043 2.2513154 2.0145201 2.1081064 2.1318604 0.3670073 1.4830535 0.0445750 1.3396122 0.0000000 2.4638076 2.5025011 2.3227590 1.8743248 2.5061415 1.7377060 2.1085805 2.2683745 2.3764725 2.3306413 2.4957891 2.4410054 2.4240380 2.4410054 2.5354415 2.4612212 2.3974793 2.8523101 4.9115607 2.6778400 4.8622192 5.5062582 6.3362757 6.0710561 6.5028539 3.0775214 5.5331878 0.0000010 0.0000010 9.0000000 2.6263158 3.6537824 3.6626406 3.1956152 2.6317959 2.7949625 2.9482981 1.1382509 1.8434673 2.5227354 2.8685727 2.7104323 2.7452540 2.6869142 2.6585689 2.5158966 4.3460658 3.4048970 2.1000299 2.8356425 2.8865187 2.3721516 3.2180889 1.5855328 3.2717406 2.5653064 4.4483188 0.0000010 3.3617969 8.9999988 
Morvir_scaffold149.g9.t1                                     2.1185549 1.6788468 2.4318409 2.3766148 1.8608940 2.3736856 2.2029291 2.0194962 1.8654402 1.8647780 2.4638076 0.0000000 1.1896111 1.2181488 0.7041765 1.1785418 2.2954479 1.7730610 1.5941852 1.6585390 1.6437005 1.7332960 1.7254357 1.6699838 1.7385218 1.6580578 1.7165103 1.7370933 1.7911396 3.5036125 1.7631774 3.1203136 3.3912844 3.0316820 3.1323751 2.3509879 1.7926092 3.1963581 4.5819658 1.6477345 2.9839997 1.9916201 2.1590790 1.9513879 2.0983806 2.1532789 3.2175191 2.3505151 2.5535732 2.0838539 1.8532042 1.6237510 2.0695134 2.0971667 2.1253796 2.1446520 2.0834238 2.3407655 2.1797157 1.9485926 1.6942681 1.8775100 2.5133759 2.6554524 2.2251988 2.3739732 2.3118765 2.4856968 3.9665530 3.1417970 3.5184166 
Nemnom_g12714.t1                                             2.1557540 1.8955338 2.2045535 2.1587171 1.7949602 2.4484404 2.0204369 1.9029558 1.7395714 1.6936612 2.5025011 1.1896111 0.0000000 0.1566467 0.2491949 0.6561020 1.9401113 1.5750859 1.4591562 1.5081504 1.4999693 1.5313025 1.5001988 1.4397485 1.5099690 1.5751029 1.5261050 1.6784014 1.6748630 3.5390595 1.5932911 3.1339075 3.4499889 3.2445469 3.1735755 2.3517402 2.0011581 3.2792532 3.8750461 1.7411602 3.2916166 2.0398981 2.0260232 1.8150406 2.1260514 2.0318690 2.8043172 2.4066393 2.2221349 1.9674755 1.8112501 1.5075754 1.9792817 1.9873789 1.9658462 1.9743811 2.3162816 2.3210275 2.0307178 1.9410748 1.7045609 1.8651365 2.5151394 2.5999627 2.1637382 2.2694256 2.1482477 2.6625213 4.0739534 1.6957783 2.8307476 
Rhoesc_Res_016711-T1                                         2.1994660 1.8545119 2.2301944 2.2053801 1.7854435 2.4826500 2.1250929 2.0067837 1.7409763 1.8310467 2.3227590 1.2181488 0.1566467 0.0000000 0.2204643 0.6652166 1.9004528 1.6676777 1.5291729 1.5938318 1.5847942 1.5724544 1.5602428 1.5023847 1.5637796 1.6139818 1.5783417 1.7523920 1.6948448 3.4890903 1.5932911 3.0842066 3.3908838 3.2561777 3.1496360 2.3497606 1.9181647 3.1739439 3.5894982 1.8148918 3.3096865 2.0548913 2.0458243 1.8236772 2.2184184 2.0773150 2.9673104 2.4363160 2.2810532 2.0179127 1.7651787 1.5246047 1.9722410 1.9932722 1.9835283 1.9913219 2.3313933 2.2859253 2.1034572 1.9299751 1.7062920 1.8186193 2.5952657 2.6797223 2.2903676 2.2803146 2.1354927 2.6305848 4.2267755 1.7013041 2.7882252 
Aaur_scaffold277.g7.t1                                       2.1099054 1.5541473 1.9363609 1.9295643 1.6761871 1.7882247 1.5996001 1.7112283 1.4657437 1.5633800 1.8743248 0.7041765 0.2491949 0.2204643 0.0000000 0.3260025 1.6666064 1.2246884 1.0670017 1.0792436 1.0922831 1.1044904 1.0905653 1.0256419 1.1230277 1.0888987 1.0937209 1.1840528 1.2448788 2.5382279 1.6417044 2.1247267 2.3079008 2.2797707 2.1593409 2.0025971 1.8395282 2.3466645 1.9146941 1.5496563 2.8768711 1.5245041 1.4204592 1.6880183 1.4861406 1.5436444 1.9065037 1.8345010 2.2237124 1.4834239 1.2672328 1.5269332 1.4523452 1.4830944 1.4578713 1.5058090 1.1349954 1.7658530 1.4143432 1.8717721 1.0377932 1.1184123 1.7809781 1.8558276 1.6505356 1.8908964 1.5757899 2.4978345 3.4712129 0.7237530 2.7537115 
Sanmal_Sma_011534-T1                                         2.1866636 1.9880284 2.2442852 2.3353597 1.8477909 2.4233693 2.1509603 1.9508759 1.7692687 1.8097057 2.5061415 1.1785418 0.6561020 0.6652166 0.3260025 0.0000000 1.9108640 1.7513806 1.5603664 1.6076551 1.6223367 1.6152871 1.6180072 1.5610673 1.6481405 1.7173727 1.6318001 1.7039421 1.7253617 3.4808936 1.7703782 3.1030493 3.5553444 3.3183842 3.2024222 2.3823832 1.8352361 3.5530351 4.7285169 1.6784359 3.3169665 2.1388854 2.0813842 1.7478804 2.2608004 2.1203079 3.0940629 2.3929342 1.9488585 2.0447148 1.9022657 1.4841819 2.0477845 2.0619142 2.0119140 2.0451666 2.2936281 2.4511903 2.2587431 2.0242000 1.7417975 1.8162651 2.5835262 2.6734815 2.3287073 2.3118717 2.3204711 2.7976761 3.7883184 1.8914273 3.1138684 
Stycar_snap_masked-SC_scaffold289-processed-gene-0.29-mRNA-1 2.3749947 0.0000010 2.5781506 2.3347223 1.8414362 1.1797902 2.2467522 2.2467522 1.7377060 0.0000010 1.7377060 2.2954479 1.9401113 1.9004528 1.6666064 1.9108640 0.0000000 2.1156499 2.0214619 2.0495872 2.0872799 2.3507152 2.1779310 2.0330270 2.3078349 1.9941504 2.1709759 2.1023340 2.2234424 3.2866391 8.9999989 3.0075344 3.1374489 2.8926970 3.2546359 3.4236635 5.4219619 2.9494343 3.3052168 1.1180350 3.2709096 2.4004410 2.3977347 2.3028603 2.5547298 2.0915272 0.0000010 1.3185858 1.0014233 2.1248085 2.2609339 2.4427297 2.5542923 2.6083764 2.5673637 2.6803620 0.5825250 2.3686054 2.2287111 2.0915221 2.7847078 3.0106993 1.6576214 1.7327396 1.7358452 2.6124734 1.9616122 0.0000010 3.5903749 4.6204971 0.1053040 
Gasp_gasp1.m3.471.m1                                         1.9759705 2.1216685 2.1972523 2.1175648 2.0252766 2.4492729 2.0674226 1.9358123 1.7398823 1.5967280 2.1085805 1.7730610 1.5750859 1.6676777 1.2246884 1.7513806 2.1156499 0.0000000 0.1837042 0.2617258 0.2667734 0.3033411 0.3706798 0.3503037 0.3759541 0.8885506 0.8413177 1.4785696 1.6774967 3.6128355 2.0071508 3.2514751 3.5316729 3.4481777 3.3645985 2.2966423 2.1154588 3.6651334 4.7823135 2.3411595 3.3011671 2.0138906 2.0165787 1.6999982 2.0299307 2.0298694 2.8897890 2.6328769 2.5477012 1.8785382 1.8174975 1.5551015 1.9882379 1.9567208 1.9856258 1.9645724 2.2095008 2.4368693 2.1075645 1.9251496 2.3555160 2.4330453 2.8414195 2.9775101 2.4585580 2.3358949 2.4070169 2.3834184 4.3908730 3.2859146 3.0559851 
Fspp_ffun1.m4.2570.m1                                        1.8401478 1.9974320 2.0847361 1.9742843 1.7080909 2.2553533 1.9023538 1.7522863 1.7727757 1.6853293 2.2683745 1.5941852 1.4591562 1.5291729 1.0670017 1.5603664 2.0214619 0.1837042 0.0000000 0.2084129 0.2194731 0.2395657 0.3338717 0.3139164 0.3362550 0.8176947 0.7722807 1.3334015 1.4918910 3.4202613 2.0037687 3.0965776 3.2876658 3.1713837 3.1023975 2.3101303 2.1401218 3.4194530 5.0682249 1.6946991 3.2719247 1.8192714 1.8157864 1.6084251 1.8485300 1.8250786 3.1243240 2.4481807 2.1137047 1.7619151 1.6311907 1.4343864 1.8946753 1.8605459 1.8980010 1.8571209 2.0916062 2.1538637 1.8683825 1.6879514 2.2101711 2.1917592 2.6242273 2.7194907 2.2566464 2.1007340 2.2045575 2.3140136 4.2328353 3.3063068 3.0176952 
Pocdam_XM_027200082.1                                        1.8488085 2.0562388 2.0920790 2.0351302 1.7097031 2.2626940 1.9898957 1.8275065 1.7923809 1.7247680 2.3764725 1.6585390 1.5081504 1.5938318 1.0792436 1.6076551 2.0495872 0.2617258 0.2084129 0.0000000 0.0855578 0.3280848 0.3981738 0.3843375 0.4015400 0.8486415 0.8035008 1.3454331 1.5021706 3.4292220 2.0037687 3.1093063 3.3350193 3.3250457 3.1790718 2.3159392 2.0383742 3.4915970 5.1144547 1.7484465 3.2091934 1.9556703 1.9403931 1.5698250 1.9177672 1.8512254 3.2049210 2.4843065 2.3474661 1.8606283 1.7031033 1.4490308 1.8905421 1.8852832 1.9104778 1.9072309 2.2085695 2.2089924 1.9494886 1.7177587 2.1364921 2.2545051 2.6661283 2.7488562 2.2745759 2.1365952 2.2583681 2.1806257 4.4065487 3.1188322 3.2568077 
Spis_XP_022782057_1                                          1.8047933 2.1675384 2.0509607 1.9950071 1.7283041 2.2753814 1.9083912 1.7557903 1.8100923 1.7939158 2.3306413 1.6437005 1.4999693 1.5847942 1.0922831 1.6223367 2.0872799 0.2667734 0.2194731 0.0855578 0.0000000 0.3466731 0.3910834 0.3703770 0.3926353 0.8518741 0.8220024 1.3431027 1.5129354 3.4418770 1.9881142 3.1506437 3.3431967 3.3437934 3.2033497 2.2747477 2.0817432 3.5813875 5.0672517 1.6788408 3.1315549 1.9038097 1.9544911 1.6126479 1.9000355 1.8431744 3.2288146 2.4718081 2.1718035 1.8615227 1.6551772 1.4701058 1.9405395 1.9267334 1.9465046 1.9339479 2.2847379 2.2194308 1.9627035 1.6746132 2.0599214 2.2261827 2.6299072 2.6645354 2.2142261 2.1277638 2.2826210 2.1780345 4.2863268 2.9912114 3.2744102 
Gfas_gfas1.m1.2526.m1                                        1.9147862 2.3006781 2.2158720 2.1630098 1.6646497 2.3853004 2.0243367 1.8969909 1.7209986 1.6963629 2.4957891 1.7332960 1.5313025 1.5724544 1.1044904 1.6152871 2.3507152 0.3033411 0.2395657 0.3280848 0.3466731 0.0000000 0.2856646 0.2626626 0.2593145 0.8691459 0.8122688 1.4171793 1.6169489 3.6018152 1.9968242 3.2388354 3.4705181 3.5373577 3.3242759 2.2172815 2.0020741 3.5478301 5.0599986 1.9654959 3.1357469 1.9928912 1.9473342 1.6368844 1.9545092 2.0069339 2.6650578 2.5929986 2.3210676 1.9020696 1.7928660 1.4636601 1.9977190 1.9674034 1.9971698 1.9527326 1.9922735 2.2112862 2.0529893 1.8544111 2.2606802 2.2376309 2.8212582 2.9774230 2.3676571 2.2145387 2.3256877 2.3915242 4.1984855 3.1851240 3.2350946 
Adig_XM_015919964.1                                          1.8875026 2.1346896 2.1622129 2.1024183 1.7356366 2.3347242 1.9197068 1.8066982 1.6922883 1.5352251 2.4410054 1.7254357 1.5001988 1.5602428 1.0905653 1.6180072 2.1779310 0.3706798 0.3338717 0.3981738 0.3910834 0.2856646 0.0000000 0.0212845 0.0297165 0.8619106 0.8215443 1.4156251 1.5583412 3.4807950 1.9092413 3.1475684 3.3935678 3.3594825 3.1961195 2.3670950 2.2034285 3.5561522 5.4171443 1.7023681 3.4374034 1.8897385 1.9180242 1.5544682 1.9194458 1.9826503 2.8161988 2.3776851 2.2694651 1.8874226 1.6703255 1.4558519 1.9080448 1.8783769 1.9029009 1.8538945 2.1379662 2.1790413 1.9738855 1.7201810 2.2506728 2.2800248 2.7316114 2.7949578 2.4130161 2.1929476 2.2285314 2.1872327 4.6371376 3.0061288 3.1602110 
Amil_Amillepora25272-RA                                      1.8058686 2.1059980 2.0960002 2.0045597 1.7032073 2.3152890 1.8994539 1.7783837 1.6498283 1.5188309 2.4240380 1.6699838 1.4397485 1.5023847 1.0256419 1.5610673 2.0330270 0.3503037 0.3139164 0.3843375 0.3703770 0.2626626 0.0212845 0.0000000 0.0215207 0.8084207 0.7745966 1.3967803 1.5333065 3.3390234 1.7707231 3.0899430 3.2959027 3.3046415 3.1567679 2.2492177 2.2348143 3.5378985 4.8946789 1.7023681 3.2567365 1.8469928 1.8893300 1.5474810 1.8787035 1.9545547 2.8466480 2.4122357 2.2338036 1.8202970 1.6182238 1.4325230 1.8808220 1.8559973 1.8736697 1.8426381 2.0787707 2.1601121 1.9644983 1.7386521 2.2276736 2.2138353 2.7529005 2.8590515 2.4135773 2.1488401 2.2461102 2.1727539 4.2440675 2.9774912 3.1128690 
Adig_XM_015921317.1                                          1.8545895 2.1346896 2.1696802 2.0999988 1.8022727 2.3665048 1.9766883 1.8869996 1.6922883 1.5352251 2.4410054 1.7385218 1.5099690 1.5637796 1.1230277 1.6481405 2.3078349 0.3759541 0.3362550 0.4015400 0.3926353 0.2593145 0.0297165 0.0215207 0.0000000 0.8632242 0.8186248 1.4149581 1.5620030 3.6837072 1.8428058 3.2856098 3.4566230 3.4978771 3.3484232 2.4216611 2.0881352 3.6224584 4.9693176 2.3112193 3.3275818 1.9446446 1.9568206 1.5828102 1.9871423 2.0336644 2.8161988 2.4398240 2.2251105 1.8983045 1.7105101 1.5319345 1.9816689 1.9552191 1.9777585 1.9349141 2.1775961 2.1846964 2.0416391 1.8134793 2.2582483 2.2860947 2.7961377 2.8517750 2.4553018 2.2529068 2.3061367 2.1872327 4.4265995 3.1003097 3.1356116 
Nvec_v1g234273                                               1.8002663 1.7747542 1.8730670 1.9201883 1.4837350 2.2620446 1.8452174 1.6911854 1.8601916 1.7324796 2.5354415 1.6580578 1.5751029 1.6139818 1.0888987 1.7173727 1.9941504 0.8885506 0.8176947 0.8486415 0.8518741 0.8691459 0.8619106 0.8084207 0.8632242 0.0000000 0.5665552 1.4313434 1.5200235 3.5085551 1.9031128 3.2081629 3.3072719 3.1910826 2.9593929 2.2448459 1.8969629 3.2901373 5.1128819 1.5045411 2.7700287 1.9514138 1.8702456 1.5059640 1.8013898 1.7086838 3.0038532 2.3960911 2.0518089 1.8045232 1.6620012 1.5028523 1.9644476 1.9903084 1.9479301 1.9216678 2.3305634 2.0938109 1.8542096 1.7106773 2.0694767 2.1248121 2.5311353 2.6653359 2.2238379 2.0895588 2.1613772 2.4609276 3.8097429 3.1875184 2.9428506 
Exapal_XM_021040658.2                                        1.8321870 1.9349892 1.9576473 1.9830901 1.6002019 2.2799484 1.7999769 1.6880480 1.5355710 1.3221122 2.4612212 1.7165103 1.5261050 1.5783417 1.0937209 1.6318001 2.1709759 0.8413177 0.7722807 0.8035008 0.8220024 0.8122688 0.8215443 0.7745966 0.8186248 0.5665552 0.0000000 1.4209838 1.5487923 3.4799174 1.8152376 3.1353166 3.3181929 3.2514102 3.0710439 2.2095033 1.8388767 3.3087303 4.8227343 1.6757575 2.8471576 1.8392498 1.9218925 1.6299194 1.8808688 1.7758933 2.7033029 2.4752463 2.0632995 1.8551052 1.6058930 1.4522231 2.0570477 2.0453302 2.0188406 2.0483137 2.4106716 2.0489346 1.9073993 1.7411593 2.1195288 2.1574011 2.6002242 2.5387447 2.2720239 2.1515599 2.0777244 2.5034908 4.1676698 3.0695439 3.3543294 
Dgig_XM_028557257.1                                          1.9798352 2.4204197 2.1923613 2.3212499 1.6883462 2.4461950 1.8874859 1.7305171 1.8784980 1.8477735 2.3974793 1.7370933 1.6784014 1.7523920 1.1840528 1.7039421 2.1023340 1.4785696 1.3334015 1.3454331 1.3431027 1.4171793 1.4156251 1.3967803 1.4149581 1.4313434 1.4209838 0.0000000 0.5915882 3.5081285 1.7611224 3.1989328 3.3163923 3.2297850 3.0771721 2.5169021 2.0588236 3.4111383 4.5015284 1.7336914 3.3525754 1.9707234 1.9582089 1.5075942 1.9452691 1.9930540 3.2241569 2.5035812 1.9897975 2.1341375 1.8250687 1.4667167 2.1387631 2.1543220 2.1125534 2.1201658 2.4150279 2.2997382 2.1155411 1.7631699 2.2094974 2.2262361 2.6227487 2.6959130 2.4000300 2.4135100 2.2128285 2.3696839 3.8057918 3.1255267 3.0362802 
Xesp_000384-T1                                               1.9547938 2.2725049 2.2986386 2.3225755 1.6854243 2.4565540 2.0302681 1.8153615 1.9876474 1.7401632 2.8523101 1.7911396 1.6748630 1.6948448 1.2448788 1.7253617 2.2234424 1.6774967 1.4918910 1.5021706 1.5129354 1.6169489 1.5583412 1.5333065 1.5620030 1.5200235 1.5487923 0.5915882 0.0000000 3.2456033 1.7225141 2.9637117 3.2662806 3.1643643 2.9685372 2.5817966 2.2210067 3.2750567 4.2828272 1.7335369 3.2782520 2.1330117 1.9775670 1.5904316 2.1309104 1.9586223 3.2686595 2.6440472 2.3694817 2.0876561 1.9114698 1.4465917 2.1266809 2.1695306 2.1129692 2.1463670 2.4939323 2.2519661 2.1324266 1.7945084 2.1748380 2.3131457 2.6582216 2.8685361 2.4111881 2.3832006 2.3830757 2.5756483 3.7085804 3.3436471 3.2681870 
Pbac_sb2644889                                               3.2256081 2.9144279 3.6089149 3.5353326 2.5898226 3.2754861 3.5631912 3.4254247 3.5736489 2.9909190 4.9115607 3.5036125 3.5390595 3.4890903 2.5382279 3.4808936 3.2866391 3.6128355 3.4202613 3.4292220 3.4418770 3.6018152 3.4807950 3.3390234 3.6837072 3.5085551 3.4799174 3.5081285 3.2456033 0.0000000 5.3449723 0.0983850 1.3782782 1.6900457 1.5812606 1.1698453 2.3750531 1.9025927 1.7858023 0.9529859 1.6871809 3.4164917 3.7964652 2.7179399 3.4754302 3.4371112 4.3243488 3.4514393 3.5388563 3.4589091 3.4349123 2.8886514 3.6951173 3.7722571 3.7237712 3.7274828 3.6884375 3.9927607 3.4738126 3.5112180 4.1892648 3.7790143 3.6975267 4.2245052 3.5336003 3.6566516 3.5581838 2.1900286 3.0252273 5.6405791 4.5350227 
Pbac_sb2644891                                               2.2274551 0.0000010 1.9620211 1.9669061 2.0313935 2.0097787 1.4786172 1.4786172 2.6778400 0.0000010 2.6778400 1.7631774 1.5932911 1.5932911 1.6417044 1.7703782 8.9999989 2.0071508 2.0037687 2.0037687 1.9881142 1.9968242 1.9092413 1.7707231 1.8428058 1.9031128 1.8152376 1.7611224 1.7225141 5.3449723 0.0000000 0.0000010 0.3402601 0.3996180 0.3953180 0.4300698 0.4548703 0.4062458 0.0000010 0.0000010 0.0000010 1.2479211 1.3034032 1.0922513 1.6874476 1.7919646 0.0000010 1.7123880 0.0000010 1.2513762 1.6357231 1.3078960 1.3924611 1.3924611 1.3509358 1.3023718 0.0000010 1.3991999 1.8414082 1.8329421 2.1008129 2.0095672 1.1358931 1.3233428 1.6923105 1.4301831 1.5638486 3.0462435 2.6051830 0.6033477 0.0000010 
Horcal_Hcv1.av93.c8.g1013.i1                                 2.7980044 3.0582079 3.2613462 3.1723734 2.1665037 2.9525268 3.0855009 2.8548643 3.4618586 2.9447784 4.8622192 3.1203136 3.1339075 3.0842066 2.1247267 3.1030493 3.0075344 3.2514751 3.0965776 3.1093063 3.1506437 3.2388354 3.1475684 3.0899430 3.2856098 3.2081629 3.1353166 3.1989328 2.9637117 0.0983850 0.0000010 0.0000000 1.1360719 1.4058672 1.3226029 0.8413649 0.8891045 1.5644450 1.7466188 0.9484148 1.6794504 2.9804449 3.3218285 2.1226077 3.1148582 3.1209385 4.3845632 3.1415252 3.8238688 3.0346883 3.0613775 2.3673019 3.2172721 3.3152611 3.2710684 3.2490936 3.5905436 3.4363168 3.1250947 3.0135055 3.7729251 3.3953220 3.2089131 3.7948930 3.0362100 3.2800496 3.2067773 2.0108677 2.9092734 5.3430545 4.6096406 
Beraby_Baby_sb342001                                         3.1000331 3.5909479 3.6528120 3.8405202 2.4481846 3.2977057 3.5614003 3.0298637 3.9303432 2.4371486 5.5062582 3.3912844 3.4499889 3.3908838 2.3079008 3.5553444 3.1374489 3.5316729 3.2876658 3.3350193 3.3431967 3.4705181 3.3935678 3.2959027 3.4566230 3.3072719 3.3181929 3.3163923 3.2662806 1.3782782 0.3402601 1.1360719 0.0000000 1.0418884 0.8774319 0.5864904 0.8441490 1.0940138 1.1927512 1.0822361 1.3484547 2.9862196 3.2432962 2.4485357 3.1846909 3.0542290 3.9561047 3.3878402 4.1841949 3.2669716 3.0823117 2.3523803 3.4025820 3.4228515 3.4141411 3.3030887 3.7617059 3.4447766 3.1699079 3.1894278 4.0349152 3.8034338 3.0650582 3.2541846 2.9537227 3.2137816 3.4763458 1.8915094 2.5850810 5.6390585 4.5288228 
Vmul_Simscaffold15026_01                                     3.0356733 3.2799421 3.4565319 3.6228993 2.4754614 3.2304414 3.2625029 2.6196696 4.2896031 3.1116930 6.3362757 3.0316820 3.2445469 3.2561777 2.2797707 3.3183842 2.8926970 3.4481777 3.1713837 3.3250457 3.3437934 3.5373577 3.3594825 3.3046415 3.4978771 3.1910826 3.2514102 3.2297850 3.1643643 1.6900457 0.3996180 1.4058672 1.0418884 0.0000000 0.9002341 0.8531949 0.7673917 0.4575682 0.6336984 1.0775431 1.5925265 2.9333243 3.3625798 2.1334043 3.2130876 2.7631227 3.9902420 3.2386799 4.1529138 3.0869090 3.2641176 2.2772162 3.4353829 3.5654253 3.4695935 3.2907808 4.9287357 3.2778934 3.2230249 2.8951570 3.8770178 3.5975337 3.2359811 3.3914234 3.0200889 2.9736488 3.6360866 2.2767352 2.9344775 7.0113663 4.6319757 
Lampan_Lpan_16016_01                                         3.0069715 3.3399374 3.3770662 3.3357099 2.4501423 3.0494874 3.4722361 2.9497417 4.1271022 3.0515587 6.0710561 3.1323751 3.1735755 3.1496360 2.1593409 3.2024222 3.2546359 3.3645985 3.1023975 3.1790718 3.2033497 3.3242759 3.1961195 3.1567679 3.3484232 2.9593929 3.0710439 3.0771721 2.9685372 1.5812606 0.3953180 1.3226029 0.8774319 0.9002341 0.0000000 0.8253885 0.7840383 0.8591509 0.9632071 0.8832929 1.3402177 2.9756399 3.2293418 2.0656928 3.2869606 2.9125747 4.2273550 3.3271922 4.5769139 3.0280874 3.0386983 2.2778476 3.3280071 3.3479641 3.2839798 3.2801529 4.6934789 3.0422082 3.2800969 2.8586271 3.6348928 3.5160014 3.0638902 3.4656191 3.1457072 3.1658473 3.3120106 1.8426888 2.7550009 6.3733092 4.6118867 
Drygla_Dgla_sb304714                                         2.9610996 0.0000010 2.8499329 2.9612654 2.5220801 2.7239350 2.3373542 2.3736528 6.5028539 0.8732581 6.5028539 2.3509879 2.3517402 2.3497606 2.0025971 2.3823832 3.4236635 2.2966423 2.3101303 2.3159392 2.2747477 2.2172815 2.3670950 2.2492177 2.4216611 2.2448459 2.2095033 2.5169021 2.5817966 1.1698453 0.4300698 0.8413649 0.5864904 0.8531949 0.8253885 0.0000000 0.7581819 0.8389525 1.0581186 0.9550026 1.0626132 2.3134805 2.3592183 2.5392072 2.4883788 2.3964465 0.0000010 2.5742621 2.2021933 2.3896964 2.2490105 2.3404982 2.3669749 2.4193898 2.4347973 2.3103414 1.0418364 2.6603379 2.4391429 2.5290563 2.8754186 2.8148210 2.2954374 2.7158822 2.4689834 2.5224197 2.7675968 2.5072161 3.0428308 1.7422183 3.6269869 
Eupdun_Edun_sb10653635                                       2.4540518 0.0000010 2.4384904 2.5374230 2.3255426 2.0038889 1.7311293 1.7725009 3.0775214 2.7074150 3.0775214 1.7926092 2.0011581 1.9181647 1.8395282 1.8352361 5.4219619 2.1154588 2.1401218 2.0383742 2.0817432 2.0020741 2.2034285 2.2348143 2.0881352 1.8969629 1.8388767 2.0588236 2.2210067 2.3750531 0.4548703 0.8891045 0.8441490 0.7673917 0.7840383 0.7581819 0.0000000 0.7924975 0.0000010 0.0000010 0.0000010 1.7899044 1.8468383 1.9301057 1.7891184 1.9348080 0.0000010 2.0136909 0.0000010 1.5385382 1.6075678 1.8912619 1.8755995 1.8572334 1.9188542 1.8603199 1.2042942 1.9626532 1.7717853 1.8349059 2.0330612 1.9878629 1.9844604 2.0846558 2.2491142 1.9186003 2.1694510 3.6974498 2.8668414 2.1321855 5.1830415 
Coemet_Cmet_scaffold18832_01                                 3.2054151 3.4315558 3.5024986 3.5805622 2.3077610 3.1735181 3.2686677 2.6887094 4.1286869 3.1908882 5.5331878 3.1963581 3.2792532 3.1739439 2.3466645 3.5530351 2.9494343 3.6651334 3.4194530 3.4915970 3.5813875 3.5478301 3.5561522 3.5378985 3.6224584 3.2901373 3.3087303 3.4111383 3.2750567 1.9025927 0.4062458 1.5644450 1.0940138 0.4575682 0.8591509 0.8389525 0.7924975 0.0000000 0.0622960 1.2263843 1.5336364 2.9826431 3.4529747 2.1872015 3.2643277 2.8106741 4.2437345 3.1889245 4.5972650 3.1431713 3.2283631 2.3149410 3.4610098 3.5627427 3.4335650 3.3982467 4.5949449 3.3518915 3.3235306 3.0909838 3.8595781 3.5990157 3.2027323 3.4405123 3.0562579 3.2431417 3.7034486 1.9880737 2.8638741 7.2533694 4.9841380 
Coeast_Cast_sb779901                                         4.0818039 0.0000010 4.8806341 4.8757605 0.0000010 4.6974714 4.5040367 4.3010632 0.0000010 0.0000010 0.0000010 4.5819658 3.8750461 3.5894982 1.9146941 4.7285169 3.3052168 4.7823135 5.0682249 5.1144547 5.0672517 5.0599986 5.4171443 4.8946789 4.9693176 5.1128819 4.8227343 4.5015284 4.2828272 1.7858023 0.0000010 1.7466188 1.1927512 0.6336984 0.9632071 1.0581186 0.0000010 0.0622960 0.0000000 0.0000010 1.1851733 3.7417712 4.5043944 2.1045706 4.1699718 3.5791887 0.0000010 4.1210661 1.8643897 4.0578220 4.3363730 3.1630612 4.5619388 4.5340962 4.6224758 4.4634750 8.9999988 4.2553103 4.5869241 4.1066047 4.5729821 4.4482820 3.6110594 4.3385663 3.9659097 3.9970015 5.1393654 0.0000010 1.6970558 9.0000000 4.7624664 
Eupdun_Edun_sb10653636                                       2.1555386 9.0000000 2.0688906 2.0373948 1.9438545 1.6343887 1.7410725 1.6597136 9.0000000 9.0000000 0.0000010 1.6477345 1.7411602 1.8148918 1.5496563 1.6784359 1.1180350 2.3411595 1.6946991 1.7484465 1.6788408 1.9654959 1.7023681 1.7023681 2.3112193 1.5045411 1.6757575 1.7336914 1.7335369 0.9529859 0.0000010 0.9484148 1.0822361 1.0775431 0.8832929 0.9550026 0.0000010 1.2263843 0.0000010 0.0000000 2.3289258 1.5469497 1.6314020 1.7769319 1.5562707 1.6121180 3.0922945 2.0782740 9.0000000 1.5454301 1.5208971 2.0113038 1.9982209 2.0378213 2.1397917 2.0485396 0.8968747 1.4550380 1.6502223 1.7279873 1.7526289 2.2108665 1.9976326 2.1218477 1.7603308 2.2223308 1.9589762 2.0875017 7.0936460 1.4089702 4.4945877 
Eupdun_Edun_sb10597624                                       3.3820085 2.4393597 3.3446443 3.3738698 3.0723217 3.5456022 3.1906609 3.2150661 2.6698459 2.1921299 9.0000000 2.9839997 3.2916166 3.3096865 2.8768711 3.3169665 3.2709096 3.3011671 3.2719247 3.2091934 3.1315549 3.1357469 3.4374034 3.2567365 3.3275818 2.7700287 2.8471576 3.3525754 3.2782520 1.6871809 0.0000010 1.6794504 1.3484547 1.5925265 1.3402177 1.0626132 0.0000010 1.5336364 1.1851733 2.3289258 0.0000000 2.8254174 3.0706459 2.4616773 2.8961650 3.1269935 3.5365509 3.1988899 2.3539256 3.4666140 2.9185210 2.8663812 3.2095546 3.1474842 3.3213138 3.2534531 3.7345680 3.0077200 3.5670237 3.0453954 4.0635937 3.2866889 2.8543581 3.6125552 3.1861096 2.9355557 3.3772647 1.8869531 1.2143074 3.5646923 3.1147105 
Acagra_model.g31110.t1                                       2.1195998 2.1367471 2.1614572 2.1421521 1.7912683 2.3130207 2.0910120 2.0172268 1.8564277 1.6622972 2.6263158 1.9916201 2.0398981 2.0548913 1.5245041 2.1388854 2.4004410 2.0138906 1.8192714 1.9556703 1.9038097 1.9928912 1.8897385 1.8469928 1.9446446 1.9514138 1.8392498 1.9707234 2.1330117 3.4164917 1.2479211 2.9804449 2.9862196 2.9333243 2.9756399 2.3134805 1.7899044 2.9826431 3.7417712 1.5469497 2.8254174 0.0000000 1.1543687 1.3954798 1.6112638 1.6099368 2.5562143 2.5233838 2.2418249 1.6833368 1.3992005 1.6499837 2.1033229 2.1657655 2.1383934 2.0950023 2.2755139 1.4824010 1.8664205 1.9498459 2.5355099 2.5310443 2.3806654 2.5020611 2.4675129 2.1198936 2.4427648 2.6698949 4.0865208 3.2879339 3.6030478 
Cgig_XM_011458390.3                                          2.2801717 3.0373318 2.4010425 2.3638173 1.7955429 2.4982213 2.3573060 2.1451762 2.4408310 2.0715142 3.6537824 2.1590790 2.0260232 2.0458243 1.4204592 2.0813842 2.3977347 2.0165787 1.8157864 1.9403931 1.9544911 1.9473342 1.9180242 1.8893300 1.9568206 1.8702456 1.9218925 1.9582089 1.9775670 3.7964652 1.3034032 3.3218285 3.2432962 3.3625798 3.2293418 2.3592183 1.8468383 3.4529747 4.5043944 1.6314020 3.0706459 1.1543687 0.0000000 1.4620988 1.6861374 1.6886247 2.6887116 2.6332338 1.7879919 1.7902429 1.5554182 1.5843504 2.2263242 2.2344892 2.2466740 2.1589193 2.4337602 1.5336635 2.0383462 2.0547185 2.3963662 2.5780505 2.6225778 2.7042279 2.4071303 2.2009594 2.4331244 3.2739185 4.4681898 3.5052858 3.1691774 
Dpul_mRNA10138                                               1.9112354 0.0000010 2.0356864 2.0319769 1.8563149 1.9536746 1.9162184 1.9744716 3.6626406 4.0874643 3.6626406 1.9513879 1.8150406 1.8236772 1.6880183 1.7478804 2.3028603 1.6999982 1.6084251 1.5698250 1.6126479 1.6368844 1.5544682 1.5474810 1.5828102 1.5059640 1.6299194 1.5075942 1.5904316 2.7179399 1.0922513 2.1226077 2.4485357 2.1334043 2.0656928 2.5392072 1.9301057 2.1872015 2.1045706 1.7769319 2.4616773 1.3954798 1.4620988 0.0000000 1.3704747 1.2629191 0.0000010 2.1882622 6.0204148 1.4808670 1.5261319 1.7855538 1.7588782 1.7252372 1.7520038 1.7507599 0.8463264 1.4683865 1.5185676 2.0271073 2.0051780 2.0733053 1.8560011 1.9522340 2.0530218 1.4105515 1.8140656 2.9671861 3.8838240 2.5066893 2.5936667 
Spur_XM_030987246.1                                          2.1827406 2.5956539 2.2348417 2.2239551 1.4966592 2.4331345 2.2706640 2.1281737 2.1258398 1.7487836 3.1956152 2.0983806 2.1260514 2.2184184 1.4861406 2.2608004 2.5547298 2.0299307 1.8485300 1.9177672 1.9000355 1.9545092 1.9194458 1.8787035 1.9871423 1.8013898 1.8808688 1.9452691 2.1309104 3.4754302 1.6874476 3.1148582 3.1846909 3.2130876 3.2869606 2.4883788 1.7891184 3.2643277 4.1699718 1.5562707 2.8961650 1.6112638 1.6861374 1.3704747 0.0000000 1.7083670 2.5513553 2.6291393 2.0934786 1.7603543 1.3329188 1.6689813 2.2303065 2.2533305 2.2927576 2.2671535 2.3989730 1.8747958 1.7971508 2.2066844 2.5511635 2.4975391 2.7235496 2.7651262 2.6068328 2.1049265 2.5711215 2.3342013 3.6643203 3.9149112 3.8026045 
Cscu_XM_023376489.1                                          2.0397305 2.2852579 2.2662165 2.3187743 1.5466717 2.2985606 2.1840863 2.1026751 2.1954454 2.1466129 2.6317959 2.1532789 2.0318690 2.0773150 1.5436444 2.1203079 2.0915272 2.0298694 1.8250786 1.8512254 1.8431744 2.0069339 1.9826503 1.9545547 2.0336644 1.7086838 1.7758933 1.9930540 1.9586223 3.4371112 1.7919646 3.1209385 3.0542290 2.7631227 2.9125747 2.3964465 1.9348080 2.8106741 3.5791887 1.6121180 3.1269935 1.6099368 1.6886247 1.2629191 1.7083670 0.0000000 2.4325281 2.5146635 2.3292269 1.8770047 1.6333378 1.6761318 2.2504647 2.3074758 2.2242488 2.2205753 2.2644290 1.7500589 1.8642613 1.9499586 2.4511332 2.4105849 2.6420992 2.6486217 2.4162715 1.8618102 2.2307431 2.8672222 3.7898590 2.6358922 4.0041560 
Emue_Em0008g1107a.t1                                         8.9999990 2.8550660 2.6290688 2.4187715 4.2653991 1.7838103 2.4873595 0.0000010 2.2672381 2.2560754 2.7949625 3.2175191 2.8043172 2.9673104 1.9065037 3.0940629 0.0000010 2.8897890 3.1243240 3.2049210 3.2288146 2.6650578 2.8161988 2.8466480 2.8161988 3.0038532 2.7033029 3.2241569 3.2686595 4.3243488 0.0000010 4.3845632 3.9561047 3.9902420 4.2273550 0.0000010 0.0000010 4.2437345 0.0000010 3.0922945 3.5365509 2.5562143 2.6887116 0.0000010 2.5513553 2.4325281 0.0000000 0.3880596 1.5753197 2.4967477 2.0047332 0.0000010 3.7026855 3.8592288 3.5663898 3.7472564 2.6041513 2.7567540 2.4355150 7.2325102 3.3191373 3.5921476 2.9177837 2.9750503 2.0429116 2.9511932 2.4701854 2.8305133 4.4707826 5.2369850 4.1961338 
Spolac_c103043_g1_i1_m.32203c103043-g1                       2.2935006 2.4402039 2.4219146 2.4126364 2.1110740 1.6005172 2.6698714 2.6250409 2.3424060 2.3548532 2.9482981 2.3505151 2.4066393 2.4363160 1.8345010 2.3929342 1.3185858 2.6328769 2.4481807 2.4843065 2.4718081 2.5929986 2.3776851 2.4122357 2.4398240 2.3960911 2.4752463 2.5035812 2.6440472 3.4514393 1.7123880 3.1415252 3.3878402 3.2386799 3.3271922 2.5742621 2.0136909 3.1889245 4.1210661 2.0782740 3.1988899 2.5233838 2.6332338 2.1882622 2.6291393 2.5146635 0.3880596 0.0000000 1.4829305 2.3869236 2.3716057 2.2221152 2.8101933 2.9314812 2.8485878 2.8720384 2.9442404 2.5724862 2.5635774 2.2746485 2.8655298 3.1701422 2.0699421 2.1389680 1.9193185 2.7602638 2.3354700 2.5961278 4.1182273 3.8932409 1.9021785 
Stycar_maker-SC_scaffold289-augustus-gene-0.100-mRNA-1       2.8376773 2.3538071 2.2044777 2.2992808 3.0240313 1.4523327 1.8401219 0.9764456 2.0287463 3.3806049 1.1382509 2.5535732 2.2221349 2.2810532 2.2237124 1.9488585 1.0014233 2.5477012 2.1137047 2.3474661 2.1718035 2.3210676 2.2694651 2.2338036 2.2251105 2.0518089 2.0632995 1.9897975 2.3694817 3.5388563 0.0000010 3.8238688 4.1841949 4.1529138 4.5769139 2.2021933 0.0000010 4.5972650 1.8643897 9.0000000 2.3539256 2.2418249 1.7879919 6.0204148 2.0934786 2.3292269 1.5753197 1.4829305 0.0000000 1.6835698 1.7581455 1.2981635 2.3309775 2.4762541 2.4369138 2.2738764 2.4821046 2.5837755 2.6090151 3.7680386 2.4782689 2.6128611 2.5252124 1.8584962 1.8374577 3.1647891 1.6707041 4.0916941 3.3967352 1.2487311 8.9999985 
Bralan_BLAG05001398_1                                        2.0949779 1.7734796 2.2270163 2.1698640 1.7458712 2.4213457 2.0855308 1.9740418 1.7159980 1.5141470 1.8434673 2.0838539 1.9674755 2.0179127 1.4834239 2.0447148 2.1248085 1.8785382 1.7619151 1.8606283 1.8615227 1.9020696 1.8874226 1.8202970 1.8983045 1.8045232 1.8551052 2.1341375 2.0876561 3.4589091 1.2513762 3.0346883 3.2669716 3.0869090 3.0280874 2.3896964 1.5385382 3.1431713 4.0578220 1.5454301 3.4666140 1.6833368 1.7902429 1.4808670 1.7603543 1.8770047 2.4967477 2.3869236 1.6835698 0.0000000 1.6403596 1.5691808 2.1200940 2.1703949 2.1264423 2.1644503 2.2768734 1.9603886 1.9334710 2.0486004 2.3811472 2.4787227 2.6113696 2.6817748 2.3254835 2.2252958 2.2654461 2.7350811 3.8167263 3.1565369 3.3748319 
Skow_XM_002731089.2                                          1.9370881 1.6675057 1.9510390 1.9132097 1.5497023 2.2315572 2.0382041 1.8974013 1.7222428 1.2714160 2.5227354 1.8532042 1.8112501 1.7651787 1.2672328 1.9022657 2.2609339 1.8174975 1.6311907 1.7031033 1.6551772 1.7928660 1.6703255 1.6182238 1.7105101 1.6620012 1.6058930 1.8250687 1.9114698 3.4349123 1.6357231 3.0613775 3.0823117 3.2641176 3.0386983 2.2490105 1.6075678 3.2283631 4.3363730 1.5208971 2.9185210 1.3992005 1.5554182 1.5261319 1.3329188 1.6333378 2.0047332 2.3716057 1.7581455 1.6403596 0.0000000 1.4360256 1.8562264 1.8784826 1.9044981 1.8811477 1.9022929 1.6152241 1.6274287 1.8280389 2.1541556 2.3460370 2.5536368 2.6947069 2.2915056 2.0102034 2.0367863 2.5324082 4.1849204 3.0442047 3.5868342 
