98
Xestes_augustus_masked-XT_scaffold180354-processed-gene-0.20-mRNA-1 0.0000000 1.5946626 3.1898498 3.2552851 3.5253177 3.8181788 4.0672842 4.0709285 4.0709285 4.0262258 4.7632019 4.3238835 3.6752756 2.5971490 4.1927396 3.9882311 4.2975736 4.1345848 3.9172314 3.6804116 4.9028028 4.4657959 4.8151569 4.2785243 4.4082686 4.1822084 0.5985506 4.5561951 3.7358700 3.2192112 3.9661603 3.9476751 1.6626827 3.6838167 3.6000236 4.0716773 3.3474979 9.0000000 3.3673752 3.6586080 3.6952887 9.0000000 9.0000000 3.9989069 0.0000010 4.3185965 4.2122741 3.6669019 3.8284896 3.6721867 4.0413030 3.7741244 4.5737868 3.5868300 3.7059307 5.0173269 4.0159755 3.8925662 3.8763532 4.2797841 3.9829174 4.1041139 3.9747153 4.3653010 5.1839207 3.6219875 3.3414332 3.3329027 4.1334063 4.1456840 3.6774268 3.9931497 3.9894014 3.5423760 3.2456093 3.4360374 3.3690415 3.4064621 3.9569115 3.6184184 4.4068891 6.1269238 4.2691021 4.2383351 4.6161143 4.6409293 3.6970313 4.1224351 3.9206255 3.1318057 4.9521538 3.4405898 0.4217316 5.0694457 5.7801877 7.2654544 3.3173309 8.9999988 
Xestes_augustus_masked-XT_scaffold188098-processed-gene-0.3-mRNA-1  1.5946626 0.0000000 2.6272357 2.5834799 2.8674897 3.3030518 4.1185579 4.4178046 4.4831695 3.7556045 4.0829235 3.7854225 3.6764547 2.1008839 4.0640878 3.8380279 3.8276631 3.5432394 4.4169085 3.8590885 4.2652086 4.3259889 4.6041480 4.2071041 4.0252820 4.1909078 0.5985506 4.5917748 3.8348148 3.8653196 4.0994979 4.3665857 3.3078817 3.9598127 3.9699087 4.0529061 3.5721897 9.0000000 3.4918971 3.9081342 4.3754581 9.0000000 9.0000000 3.8122919 9.0000000 3.8982396 3.8076087 3.6446774 4.3504786 3.7475605 4.5239918 4.2318214 5.8799921 4.2690720 4.9157496 6.7332803 5.0686851 5.0504299 4.9255850 7.0152122 4.4241440 3.7499611 4.2831401 3.6696016 4.3446905 3.6541951 3.4870123 3.4459332 4.4728510 4.1083152 3.7912533 3.6943234 4.5568522 3.9657664 3.9330047 4.4546286 3.8484113 3.9405726 4.4642957 4.3348052 3.7937429 6.0533269 4.0047284 3.9596027 4.5954107 3.7385259 4.2287307 3.8872478 3.9546964 3.6014330 5.5323494 4.7429625 5.9801967 4.1187176 6.2727529 5.2695198 4.9293145 8.5268644 
Fspp_ffun1.m4.32368.m1                                              3.1898498 2.6272357 0.0000000 1.0432170 1.9009822 1.4564734 5.8707543 6.5129058 6.5129058 5.8103567 8.9170229 5.1645915 5.6260806 0.0000010 6.2247280 5.5457876 6.7806972 3.9267592 6.1789865 4.9653249 6.1795611 6.1840053 6.1672207 5.7658078 6.6098491 6.4147928 0.0000010 6.2111151 7.4524033 6.3388898 4.8638521 4.9925199 1.6626827 6.7960940 6.0126261 4.9976730 7.2428389 0.0000010 6.1511298 5.8231853 0.0000010 0.0000010 0.0000010 5.4973799 0.0000010 7.2115042 7.2115042 6.1330899 8.9999983 7.4634667 5.6303029 5.6670975 8.9999988 7.7141844 8.7915016 8.0069188 8.4166800 8.0041394 7.8765402 6.6051504 7.9232023 7.2791286 5.2268032 1.4262941 0.0000010 6.5738927 5.6638509 5.6993112 6.7626981 8.1318060 5.4562321 8.5972807 4.2603204 4.9418946 4.8954488 4.0181395 5.2078468 5.3358604 4.5081625 3.5759883 0.0000010 8.6595687 7.2859714 8.5726115 7.0904847 8.9809809 8.9999986 5.9627969 5.1576637 4.6145822 8.5724281 7.1904239 0.0000010 8.8592899 6.6956209 6.4604281 4.4925354 8.1067935 
Xestes_augustus_masked-XT_scaffold48245-processed-gene-0.0-mRNA-1   3.2552851 2.5834799 1.0432170 0.0000000 1.5015634 1.3587104 4.0093970 4.1117556 4.1275025 3.7257040 4.0312647 3.6926199 3.2849577 2.2041992 3.9342416 3.4310044 3.2404802 3.2228868 3.4229673 3.1890381 4.6384539 3.9237484 4.1620086 3.9178698 4.2231821 3.7890194 2.4940752 3.8674012 3.4226176 3.4013099 3.6077904 3.6688663 2.7518761 4.0046760 3.8446275 3.9342680 3.3778457 3.8271137 4.5069076 5.3740925 4.9621222 2.7547197 3.6572886 4.5646235 4.0551949 4.2261714 4.2838097 4.1002409 4.0112910 4.1713791 4.0758678 4.0536381 4.6028576 3.9194258 4.1711107 5.2671159 4.1119568 4.2416987 4.0604899 4.7199130 3.9605333 3.5407040 4.4581950 3.6850377 3.9059649 3.7975138 3.4952141 3.4841774 4.0535709 4.7932263 3.7763492 4.2334623 4.3902427 4.0699607 4.0586565 4.1590695 3.8190099 4.0192383 3.9512113 4.0254953 4.2445187 5.5256595 3.5216121 4.7347275 5.1520577 4.6005554 4.3965784 3.7970537 3.6938169 3.4066569 6.1876244 5.1438604 2.9614758 5.0431375 4.2141341 6.4754231 4.3356290 6.7431189 
Xestes_augustus_masked-XT_scaffold71025-processed-gene-0.0-mRNA-1   3.5253177 2.8674897 1.9009822 1.5015634 0.0000000 1.3684635 4.8377775 5.0703265 5.0703265 4.5919307 5.2199748 4.9634544 5.0451332 3.1500743 4.4826932 4.3610497 4.8819470 4.3206406 4.8309362 4.5444414 4.8836139 4.2986463 5.4229944 5.0217080 4.7709350 5.2619353 0.0000010 4.0900531 5.2892263 5.1438285 6.0792563 6.1864131 1.4289569 5.8757401 6.2163867 5.7677440 6.4561687 2.4266760 5.1258637 5.5743010 5.2454725 1.1254682 2.2454458 5.1237050 0.0000010 5.2730883 5.2730883 5.4091853 5.0350910 5.4381898 6.1976644 5.4397101 7.2125587 4.7727679 5.5553709 5.1816410 4.7945873 5.3791580 5.4540235 6.9848599 5.1548252 4.8377096 5.3908487 4.4702201 3.2994098 4.6164487 4.6740082 4.6740082 6.0683189 5.2759307 4.5299125 5.4627711 6.2502304 5.9038188 6.4539304 6.4511062 5.4772923 5.6105812 7.3155267 5.6683847 6.3208115 7.4069491 5.3336468 5.4165459 6.5591311 5.9049240 5.2071299 4.5735330 5.2315896 5.3248057 6.3439433 6.3344119 0.0000010 5.1933453 6.1682986 6.1256167 6.2112581 6.8511915 
Xestes_augustus_masked-XT_scaffold54090-processed-gene-0.0-mRNA-1   3.8181788 3.3030518 1.4564734 1.3587104 1.3684635 0.0000000 4.1655685 4.2609429 4.2609429 3.9341691 4.6399368 4.1375528 3.7721995 2.8055406 3.6882902 3.6528903 4.0846302 4.1694796 4.2914122 4.0091474 5.0128711 4.0064975 4.0217975 3.9479481 4.0847458 4.3714985 0.0000010 4.6596955 3.7401601 3.9926818 3.7420443 3.7875408 0.0000010 4.5334265 4.5441980 4.1634097 4.4459088 3.7419479 4.0738985 6.2861218 4.0624128 2.4402070 3.7242504 4.5234254 2.6982626 4.5861730 4.5861730 3.8505556 4.6908883 4.7320306 4.7073087 4.3798492 5.5546859 3.8637314 4.5886728 6.5277134 4.2287455 4.1127042 4.1052757 5.7275068 4.3563985 3.9888123 4.3001738 4.3638480 3.8456587 3.8292221 4.2910865 4.2910865 4.7498995 3.9343183 4.4176225 4.4133522 5.0722871 4.3944643 3.9230560 3.9714798 4.0466376 3.5754112 4.3361880 4.2850815 3.6716835 5.5234730 4.2857594 4.2245286 4.6130237 4.6433305 3.9538917 3.8674713 4.4511214 3.9398225 6.5457236 7.3825854 0.0000010 5.9685046 5.7183068 7.5140872 4.4530941 7.8993546 
Emue_Em0011g876a.t1                                                 4.0672842 4.1185579 5.8707543 4.0093970 4.8377775 4.1655685 0.0000000 0.2905426 0.2225326 0.2487919 0.3004593 0.5531465 0.5667319 0.5663176 0.7355279 0.7548224 1.2747229 0.9229798 1.0209896 1.0089616 1.3458388 1.1668713 1.1904527 1.1301151 1.1843406 1.0440681 1.3197071 1.0693569 1.6249163 1.4607148 1.6383762 1.3338136 1.4954319 1.5519346 1.5189327 1.5491001 1.5756317 1.6601771 1.6673996 1.6991995 2.0789065 1.7436340 1.7268444 1.7751742 2.0761953 1.8021308 1.9185983 1.5202585 1.6014825 1.3924470 1.5681832 1.4865408 1.7599369 1.3619030 1.4382388 2.0103574 1.6644699 1.6859267 1.5414331 1.6488087 1.5199121 1.7205740 1.4411561 1.4562351 1.2919839 1.4595018 1.7583890 1.7383105 1.7310881 1.7695924 1.8381325 1.8672112 1.6971384 1.6708323 1.6998798 1.8729394 1.8882740 1.8509381 1.4777720 1.5613390 1.7833603 2.4234084 1.7691138 1.7890232 1.6914212 1.9153098 1.9880640 1.6835461 1.8461759 1.5897373 1.6354921 2.4305165 1.6128701 1.3358836 2.2719363 1.3921581 2.8245958 3.0147072 
Spolac_c104008_g3_i1_m.37567c104008-g3                              4.0709285 4.4178046 6.5129058 4.1117556 5.0703265 4.2609429 0.2905426 0.0000000 0.1250059 0.1326452 0.3865486 0.5727455 0.6000271 0.6336739 0.7218840 0.5271150 1.2315895 0.8968728 0.9667994 1.0358751 1.4762036 1.2167351 1.2547993 1.1843373 1.2686854 1.0640905 0.8503461 1.1164943 1.7279525 1.5959427 1.6421241 1.3456781 1.4192774 1.6327850 1.6336836 1.7736746 1.6112985 1.5785960 1.5949158 1.5930299 2.0629711 1.6820567 1.7259309 1.7901196 1.8138309 1.7932093 1.9808609 1.6503842 1.7033008 1.5530698 1.7167092 1.5971826 1.9607872 1.5897084 1.5908254 2.2578498 1.8775344 1.7808662 1.7440750 1.8334190 1.6983763 1.8139861 1.6177251 1.6194845 1.2964933 1.5481718 1.8373126 1.8533129 1.8227104 1.8919795 1.8903367 1.9963035 1.6800521 1.6990848 1.7104611 1.7899687 1.8756613 1.8678865 1.5240931 1.5966033 2.0811610 2.3270316 1.9718556 1.8474851 1.7865237 1.8796330 2.2301879 1.7850322 1.8920864 1.6471316 1.6696068 2.3935031 1.7525240 1.3950745 2.4332586 1.2652543 2.8254205 3.4706252 
Spolac_c104008_g3_i7_m.37576c104008-g3                              4.0709285 4.4831695 6.5129058 4.1275025 5.0703265 4.2609429 0.2225326 0.1250059 0.0000000 0.1369790 0.3160054 0.5224093 0.5550789 0.6336739 0.7218840 0.7949996 1.2699745 1.0230974 1.0844141 1.1617914 1.4762036 1.2088942 1.2680228 1.1902183 1.2686854 1.1659766 1.1530138 1.1164943 1.7091052 1.5067657 1.6393880 1.3553749 1.4899439 1.6327850 1.6392324 1.7291271 1.6542800 1.5962890 1.6293148 1.5930299 2.1136914 1.6782558 1.7616499 1.8775598 2.0785865 1.8648080 1.9759791 1.5769843 1.7223935 1.5563692 1.7520536 1.6113912 1.8888530 1.5820884 1.6066649 2.2578498 1.8049669 1.7594781 1.6272887 1.8245623 1.6663555 1.7359704 1.6177251 1.5196391 1.2964933 1.6239494 1.8866436 1.8984767 1.8027684 1.9175500 1.9169881 1.9807816 1.6800521 1.7763165 1.7773030 1.9145415 1.9242285 1.9025844 1.5044396 1.6012789 2.0811610 2.3464401 1.8982957 1.8840476 1.8584787 1.9389339 2.0899033 1.7600176 1.9810046 1.6474676 1.6696068 2.5600891 1.7217897 1.3950745 2.2832761 1.2652543 2.9130603 3.4706252 
Spolac_c104008_g3_i4_m.37573c104008-g3                              4.0262258 3.7556045 5.8103567 3.7257040 4.5919307 3.9341691 0.2487919 0.1326452 0.1369790 0.0000000 0.1787981 0.3878978 0.4303334 0.6831811 0.7377489 0.6095464 1.0328111 0.8140008 0.8561430 0.9196831 1.5046273 1.0242867 1.0739403 0.9827112 1.2824867 0.9580199 0.2625921 1.1296313 1.5520208 1.4619293 1.7050566 1.3470756 0.6231171 1.6105483 1.4377939 1.5056436 1.3727016 1.4597069 1.4632792 1.4492978 1.7252854 1.4012860 1.3962793 1.5955572 1.3083632 1.7724387 1.8286622 1.3850191 1.5208321 1.2907296 1.5348497 1.4112793 1.7312577 1.4369167 1.4126641 2.3594000 1.6076992 1.5571241 1.5279434 1.6033675 1.5114150 1.5899568 1.7208136 1.4399934 1.4171149 1.4220012 1.6451521 1.6341591 1.5638661 1.6433809 1.6995653 1.7995804 1.7260873 1.5825702 1.5554507 1.6754375 1.7106143 1.6352795 1.2420303 1.5659575 2.0517951 2.3641930 1.6747675 1.8632558 1.6935609 1.6364076 1.9423289 1.4535074 1.6241910 1.7403335 1.8618451 2.2447767 1.1119316 1.3272356 2.0714148 1.3508515 2.6698267 3.9803693 
Emue_Em0011g958a.t1                                                 4.7632019 4.0829235 8.9170229 4.0312647 5.2199748 4.6399368 0.3004593 0.3865486 0.3160054 0.1787981 0.0000000 0.6630894 0.6559183 0.8431865 0.8401285 0.8253852 1.3884180 1.1576452 1.0665015 1.1994049 1.4007196 1.3406890 1.4705792 1.3766058 1.6724298 1.2561124 1.2599198 1.3087634 1.8819255 1.6615493 2.1110155 1.7259786 1.2788815 1.8113160 1.7017222 1.8568572 1.7372376 1.8518876 1.8068399 1.9079168 2.2472530 2.0427362 2.0587317 2.1649357 2.4811663 2.0178694 2.1463673 1.7495022 1.8133294 1.7520266 1.8954878 1.7126733 2.0713229 1.6735316 1.7412205 2.5125952 1.9439773 1.9016408 1.8412439 2.1148804 1.7316966 1.7937363 1.8568793 1.7532245 1.3704029 1.5943679 1.9849898 1.9700505 1.9536195 2.0366510 2.0779805 1.9293644 1.8774945 1.8959595 1.9117486 2.0452854 2.0484440 2.0583256 1.5868990 1.6702080 2.2124611 2.9422503 1.8591339 2.1245144 1.9335491 2.2350026 2.0467145 1.9101081 2.1329808 2.0077267 2.0358248 2.8640479 1.5992433 1.1148624 2.1063800 1.0932830 3.1769800 3.7676796 
Spolac_c104008_g3_i9_m.37579c104008-g3                              4.3238835 3.7854225 5.1645915 3.6926199 4.9634544 4.1375528 0.5531465 0.5727455 0.5224093 0.3878978 0.6630894 0.0000000 0.2833886 0.6803217 0.8575984 0.8912409 1.2156217 0.9328243 1.0517319 1.0132653 1.4775595 1.1639365 1.2632637 1.1417531 1.3636885 1.1690609 1.0342033 1.2001348 1.6478828 1.6598296 1.7351206 1.4409582 1.5454437 1.7503307 1.7704340 1.5625044 1.6132004 1.8488922 1.6096336 1.3251449 2.2494128 1.8508723 2.0036236 1.9307073 2.1716573 1.7279764 1.8760054 1.6851356 1.7082732 1.6054630 1.6055372 1.5796266 1.7949613 1.5198310 1.6211588 2.1960550 1.7796587 1.7367138 1.5933597 1.8974187 1.7641784 1.8417875 1.6879517 1.7531740 1.6368476 1.7446738 1.9253669 1.9140120 1.7873286 1.8542065 1.8395191 1.9059868 1.6423624 1.7792249 1.7632849 1.8267666 1.9480525 1.9555708 1.4996072 1.7340774 1.7533141 2.3258744 2.0451267 2.0650094 1.9469429 2.0499838 2.2187870 1.6759499 2.0058932 1.6457671 1.8651901 2.4478305 2.0213516 1.4177214 2.6589580 1.0613422 2.9061690 4.1078155 
Emue_Em0011g874a.t1                                                 3.6752756 3.6764547 5.6260806 3.2849577 5.0451332 3.7721995 0.5667319 0.6000271 0.5550789 0.4303334 0.6559183 0.2833886 0.0000000 0.5554172 0.7722991 0.8239607 1.2947807 0.9357001 1.0545577 0.9731520 1.4401517 1.2678382 1.3787586 1.2628046 1.3348623 1.2323956 1.1650549 1.2423636 1.6565772 1.6139126 1.7513149 1.4972350 1.4628515 1.6609504 1.7668418 1.5897039 1.5395052 1.7582450 1.6905174 1.5114164 2.2079639 1.7850131 1.7691327 1.9389689 2.1576125 1.7838026 1.9157769 1.6409237 1.7222655 1.6748264 1.7038383 1.6739266 1.9578518 1.5653601 1.6361307 2.2627115 1.9009413 1.8287075 1.6299103 2.1667944 1.8058701 1.8124266 1.5652630 1.5658888 1.5349263 1.6147960 1.9519655 1.9479131 1.9358766 2.0021681 2.0801849 2.0406274 1.6702421 1.7890415 1.7843646 1.8342771 1.9388840 1.8721892 1.4329048 1.5550961 1.5697361 2.3402834 1.8779733 2.1006916 2.0855722 2.0290717 2.3314698 1.6615890 2.0440512 1.6373439 2.0384664 2.3837624 1.9039867 1.2997397 2.7003560 1.3285344 2.7816140 3.8079487 
Stycar_augustus_masked-SC_scaffold44951-processed-gene-0.1-mRNA-1   2.5971490 2.1008839 0.0000010 2.2041992 3.1500743 2.8055406 0.5663176 0.6336739 0.6336739 0.6831811 0.8431865 0.6803217 0.5554172 0.0000000 0.4859389 0.4937920 0.5849744 0.7275788 0.7631411 0.7535473 0.6508256 0.6585016 0.7785742 0.6976965 1.3480251 1.2101311 0.0000010 1.2646501 0.9708122 0.9441178 1.0498051 1.0616282 0.0000010 1.3649525 1.0339273 1.0132896 1.4368286 1.2917037 0.9980460 0.0000010 0.9980460 1.2287988 1.3540673 0.9940195 1.4219277 1.3223671 1.3223671 1.4263533 1.2681667 1.2906999 1.3847559 1.1357457 2.1453553 1.1597277 1.0735098 0.0000010 1.3136222 1.2021878 1.2774126 3.4410648 1.1931809 1.1596287 1.1282188 0.2286265 0.0000010 1.2631673 1.7555896 1.7555896 1.3543993 1.2067055 1.2690543 1.4592011 1.4118202 1.5295450 1.6040668 1.9449345 1.6361598 1.8265199 1.2103152 1.5140821 1.6041474 1.6125346 1.9001733 1.3491165 1.2327112 1.9154702 1.4072138 1.2336303 1.5110307 1.8308614 0.8838332 3.1428245 0.3344827 0.4401173 1.6591540 4.9740785 2.1068221 3.1476211 
Spolac_c100364_g1_i1_m.22232c100364-g1                              4.1927396 4.0640878 6.2247280 3.9342416 4.4826932 3.6882902 0.7355279 0.7218840 0.7218840 0.7377489 0.8401285 0.8575984 0.7722991 0.4859389 0.0000000 0.1532870 1.0842380 0.7947537 1.0581157 0.8669054 1.2310968 1.0764123 1.2136307 1.0385247 0.9823345 0.9320396 0.0000010 1.0801312 1.6584017 1.6976150 1.4917351 1.3599784 0.8921346 1.6959988 1.6557863 1.4955776 1.3884375 1.0271463 1.4322665 1.8291396 1.5653458 0.9834740 0.9458833 1.5874861 0.5880009 1.8529614 1.8529614 1.5574104 1.3788838 1.5631862 1.6259542 1.3506583 1.8336258 1.4653227 1.4283961 2.1122844 1.6058101 1.6200077 1.5944633 1.9118557 1.5493074 1.5150196 1.5509252 0.6883478 0.3755534 1.4629150 1.9967014 1.9983169 1.8340937 1.8724260 1.8981654 1.8224893 1.6812404 1.7099379 1.8149709 1.9634741 2.0764547 1.8409010 1.4794463 1.7626837 1.6794365 2.3710092 1.9494515 2.0672651 1.7937175 1.9405003 1.9711503 1.6555743 1.6066714 1.8440622 1.5606811 2.0230726 0.6050816 1.4531933 2.5070189 1.9063619 2.8254867 4.4100403 
Emue_Em0011g959a.t1                                                 3.9882311 3.8380279 5.5457876 3.4310044 4.3610497 3.6528903 0.7548224 0.5271150 0.7949996 0.6095464 0.8253852 0.8912409 0.8239607 0.4937920 0.1532870 0.0000000 1.1897577 0.7966948 1.0451969 0.9036456 1.3247099 1.1104225 1.2324082 1.1071821 0.9643279 0.9322821 0.8927853 1.0934774 1.8178060 1.8487804 1.8494820 1.5266482 1.3292474 1.6901324 1.6188969 1.6824192 1.5256845 1.6704145 1.7011310 1.9056762 2.2913227 1.7414674 1.7579441 1.9576779 1.8005149 1.9531975 2.1227680 1.7534582 1.6912474 1.7010105 1.7035993 1.5563435 1.9976787 1.5990624 1.5339470 2.1609908 1.8477456 1.8017731 1.8168668 2.1499530 1.7759466 1.7019180 1.6606087 1.2472608 0.6937637 1.5282277 2.0402900 2.0416029 2.0497008 2.0401124 2.0688904 2.0149325 1.7326499 1.7463094 1.8778859 1.9870147 2.1550225 2.0330517 1.6623985 1.6261636 1.7488097 2.5471583 2.1298746 2.1358192 1.9174417 2.1509772 2.2494194 1.8444934 1.8464527 1.8868767 1.7707758 2.3283853 1.7769888 1.5153150 2.4251834 1.9219680 2.6205965 4.2121006 
Plespi_Pspi_scaffold16801_01                                        4.2975736 3.8276631 6.7806972 3.2404802 4.8819470 4.0846302 1.2747229 1.2315895 1.2699745 1.0328111 1.3884180 1.2156217 1.2947807 0.5849744 1.0842380 1.1897577 0.0000000 1.3298755 1.2521390 1.3565209 1.5271152 1.3825673 1.6345685 1.4522540 1.5370660 1.4024944 2.0901422 1.1511889 1.7536586 1.6429336 1.9217641 1.6250743 1.9338194 2.0549071 1.8349588 1.7019545 1.6455363 1.3947024 1.8815324 2.3031921 2.0755093 1.5774840 1.3675347 1.9765966 1.6483721 1.7206863 1.7742522 2.0105391 1.9622136 2.0197237 1.8090324 1.7479081 2.2451271 1.7729452 1.8137642 2.5604969 1.9548719 1.7908636 1.8007078 2.6263038 1.8149796 2.0062214 2.0292839 1.5626511 1.3403563 1.9731807 2.0615082 2.0667137 2.1423685 2.3153091 2.0905747 1.9955302 1.7472871 2.1953785 2.2836800 2.4145490 2.2724948 2.5764351 2.1306914 1.9328424 1.9714339 2.5241832 2.2940056 2.5581159 2.5184021 2.1631088 2.2018144 1.9603968 2.4075625 1.9929825 2.0641260 2.4032222 2.5237821 0.7340898 2.4585386 1.9629176 2.7797611 4.3484490 
Tetwil_g18998.t2                                                    4.1345848 3.5432394 3.9267592 3.2228868 4.3206406 4.1694796 0.9229798 0.8968728 1.0230974 0.8140008 1.1576452 0.9328243 0.9357001 0.7275788 0.7947537 0.7966948 1.3298755 0.0000000 0.6848535 0.9704363 1.4880468 1.0979900 1.1320694 1.0518673 1.2191906 1.1315962 1.0342985 1.0632333 1.6736329 1.6471310 1.6568841 1.4611371 1.3811524 1.7494310 1.6782872 1.6431522 1.7125007 1.8374121 1.8758071 2.0053633 2.4662682 1.7189715 1.6236248 2.1484143 2.0481858 1.7479164 1.8809533 1.7219578 1.8764513 1.6494961 1.7310221 1.7351178 2.1727024 1.6787191 1.7326598 2.2694316 1.9489214 1.7937238 1.7818703 1.8978494 1.7064215 1.6962989 1.6465857 1.6193060 1.3970804 1.7886009 1.8100345 1.8034348 1.7764375 1.9274347 1.8518483 1.7532223 1.9863506 1.9081831 1.9870894 2.1113981 2.1170410 2.3097555 1.6429899 1.6635980 1.6232870 2.2369828 1.9940571 2.0664839 1.8498272 2.1609466 2.1963591 1.8109523 1.8115337 1.7907556 1.5981224 2.3612747 2.2294236 1.3404405 2.5593098 2.1933302 2.8159906 4.1681653 
Tetwil_g18997.t1                                                    3.9172314 4.4169085 6.1789865 3.4229673 4.8309362 4.2914122 1.0209896 0.9667994 1.0844141 0.8561430 1.0665015 1.0517319 1.0545577 0.7631411 1.0581157 1.0451969 1.2521390 0.6848535 0.0000000 1.2995511 1.5119220 1.1758217 1.3612079 1.2492121 1.4537656 1.2172611 0.9558155 1.2492109 1.8983675 1.8223219 2.0443004 1.6753311 1.3862739 1.6557430 1.8470219 1.7896890 1.6618739 1.8166537 1.9269428 1.9906803 2.4478412 1.6134141 1.5218139 2.0718819 1.8110387 1.7426502 1.9969340 1.7467719 1.9164354 1.7171985 1.8776915 1.8390768 2.1063387 1.6000992 1.7507943 2.6540568 2.0019468 1.8511631 1.8957946 2.0280279 1.6310385 1.9356277 2.2436981 1.8428573 1.3506059 1.7068040 1.9400633 1.9095298 1.8248969 1.9385560 2.0132406 1.9579499 1.9269221 1.9072329 2.0988063 2.1175459 2.0888958 2.3784898 1.7813664 1.6177148 1.6182831 2.6255853 2.1291266 2.1744950 2.0428322 2.4669164 2.2476312 1.8704784 1.9568253 1.9617279 2.1074394 2.3979939 1.9310817 1.5493908 2.6706590 2.2599555 3.0374590 5.3248727 
Tetwil_g24952.t1                                                    3.6804116 3.8590885 4.9653249 3.1890381 4.5444414 4.0091474 1.0089616 1.0358751 1.1617914 0.9196831 1.1994049 1.0132653 0.9731520 0.7535473 0.8669054 0.9036456 1.3565209 0.9704363 1.2995511 0.0000000 1.1867360 1.1586463 1.2766236 1.1681917 1.1240104 0.9865508 1.2058218 1.1754240 1.7331082 1.7116068 1.6292329 1.4652443 1.4382593 1.6482115 1.5723539 1.6291135 1.4499458 1.5672452 1.7616228 2.1529029 2.1930827 1.6516870 1.3326928 2.0430618 1.6403008 2.0211119 2.0419096 1.8242576 1.5810759 1.6177540 1.6149926 1.5439745 2.0227833 1.6846886 1.7320738 2.2128131 1.9677514 1.9153122 1.8464976 1.9293432 1.6701455 1.7168246 1.6874214 1.6400943 1.2463680 1.4653504 1.9191742 1.9258749 1.9212935 1.6706636 1.8607026 1.8705170 1.8036521 1.8331558 1.7482998 1.9489940 2.0668857 1.8038338 1.7304976 1.7421832 1.5700358 2.3812160 1.9199191 2.1339055 1.7101285 2.1540869 2.2479021 1.8714425 1.9902776 1.8760700 1.6227410 2.2109060 1.6692795 1.9067925 2.4408424 2.4129103 2.5136003 5.1159658 
Halamb_c44549_g1_i1mm.1477                                          4.9028028 4.2652086 6.1795611 4.6384539 4.8836139 5.0128711 1.3458388 1.4762036 1.4762036 1.5046273 1.4007196 1.4775595 1.4401517 0.6508256 1.2310968 1.3247099 1.5271152 1.4880468 1.5119220 1.1867360 0.0000000 0.6641044 0.5687391 0.4304499 1.0493627 1.0556950 0.0000010 1.2353232 1.7780754 1.5704279 1.4834068 1.5046234 0.0000010 1.8808980 1.7794659 2.0331493 2.2645654 1.7027868 1.7505247 1.7016400 2.5891529 0.9659943 1.7559511 1.9867594 0.0000010 2.1472848 2.1472848 1.8655284 1.8294671 1.6449419 2.0562826 1.8567114 2.4670586 1.6407810 1.8360839 2.3093020 2.3188519 2.2248872 2.0938851 2.7946558 1.9664622 1.8290146 1.8139054 0.9560078 0.7796008 1.6203029 1.7682155 1.7682155 1.7116153 1.8101171 1.7075605 1.9066483 1.9104075 2.0428304 2.0587334 2.1769196 1.9886487 2.0124377 1.9551939 2.0787030 1.9102996 3.1385380 1.9930378 2.2630774 1.8960877 2.2911717 2.0411007 1.8308056 2.0241046 2.5035669 0.7903371 2.0893462 0.0000010 1.5807044 2.4770394 1.7670502 3.5500403 3.9430798 
Aque_Aqu2.1.23903_001                                               4.4657959 4.3259889 6.1840053 3.9237484 4.2986463 4.0064975 1.1668713 1.2167351 1.2088942 1.0242867 1.3406890 1.1639365 1.2678382 0.6585016 1.0764123 1.1104225 1.3825673 1.0979900 1.1758217 1.1586463 0.6641044 0.0000000 0.4629138 0.3879599 0.9071996 0.7625363 1.2326855 0.7866187 1.8097265 1.6727254 1.8109058 1.4595488 1.3248804 1.9465637 1.7476808 1.5461720 1.6836528 1.6571809 1.8719167 2.0819392 2.1806053 1.6733684 1.3746717 2.1406389 1.8570659 1.9538379 2.0238780 1.7919714 1.9396791 1.6346407 1.8830249 1.8851739 1.9893894 1.5340507 1.6842451 1.8920801 1.7766415 1.6845851 1.6648458 1.8520836 1.5898285 1.6626609 1.9019900 1.6666351 0.9884582 1.8600308 1.9792892 1.9811590 1.7173087 1.7097122 1.8093272 1.9934212 1.8763012 1.8960659 2.0202781 2.0910183 2.0709965 2.5005872 1.8555115 1.9998114 1.6711312 2.3646105 2.0926999 1.9403296 1.8906796 2.1809486 2.2333703 1.9337044 1.9895258 1.8327767 0.9323781 2.4706168 1.8744133 1.7634923 2.4383518 2.5120094 2.7306391 4.6551157 
Halamb_c53704_g2_i4mm.5377                                          4.8151569 4.6041480 6.1672207 4.1620086 5.4229944 4.0217975 1.1904527 1.2547993 1.2680228 1.0739403 1.4705792 1.2632637 1.3787586 0.7785742 1.2136307 1.2324082 1.6345685 1.1320694 1.3612079 1.2766236 0.5687391 0.4629138 0.0000000 0.0724201 0.8687788 0.8368333 1.1809928 0.9018084 1.9154140 1.8069558 1.8182665 1.4942426 1.2862143 2.0056139 1.6297417 1.7444074 1.9674811 1.7272874 1.8760284 1.9311162 2.0994174 1.7748922 1.5101042 2.2826235 2.1135040 2.0611290 2.0741241 1.8820514 1.9832765 1.7328562 1.7960860 1.8068158 2.1520875 1.7328396 1.7931648 2.3065465 1.8796709 1.8151782 1.7740085 1.7926877 1.8763742 1.7488231 1.9253797 2.0470702 1.5846256 1.8813519 1.9576705 1.9534163 1.7829069 1.7911554 2.0261077 1.9585600 1.8315440 1.7960959 1.9015682 2.0177003 2.0096333 2.1611914 1.7909257 1.8425191 1.9822350 2.5391418 2.1725837 2.0034031 1.9886091 2.3138105 2.0872070 1.8864871 2.0088349 1.9477229 0.7863702 2.5096880 1.8813803 2.0732811 2.3623761 2.9701023 2.7835598 5.1880966 
Halamb_c53844_g2_i3m.36618                                          4.2785243 4.2071041 5.7658078 3.9178698 5.0217080 3.9479481 1.1301151 1.1843373 1.1902183 0.9827112 1.3766058 1.1417531 1.2628046 0.6976965 1.0385247 1.1071821 1.4522540 1.0518673 1.2492121 1.1681917 0.4304499 0.3879599 0.0724201 0.0000000 0.7843957 0.7741866 1.1705606 0.8307335 1.7920458 1.6876752 1.6707150 1.3924257 1.2481430 1.7799834 1.5236165 1.6039965 1.8795723 1.7272874 1.7731267 1.8317119 2.0793651 1.7748922 1.5101042 2.1173482 2.1135040 1.8726867 1.8991525 1.7626209 1.8408977 1.5960794 1.7126972 1.7152710 2.0079342 1.5995668 1.6725942 2.2020030 1.8312064 1.7346160 1.6880776 1.8155420 1.6929416 1.6634635 1.7235933 1.7336597 0.9680652 1.8093813 1.8712090 1.8669611 1.6694522 1.6484724 1.8210673 1.8354306 1.6430306 1.7026942 1.8438071 1.9185187 1.9218966 2.0672910 1.6837650 1.7561016 1.7018677 2.3529888 2.0338474 1.8962143 1.8897342 2.2316043 2.0198842 1.7627500 1.8760046 1.8184585 0.7398373 2.3220637 1.8813803 1.8127257 2.3753559 2.8936542 2.6294124 4.5480504 
Halamb_c53844_g3_i2mm.5478                                          4.4082686 4.0252820 6.6098491 4.2231821 4.7709350 4.0847458 1.1843406 1.2686854 1.2686854 1.2824867 1.6724298 1.3636885 1.3348623 1.3480251 0.9823345 0.9643279 1.5370660 1.2191906 1.4537656 1.1240104 1.0493627 0.9071996 0.8687788 0.7843957 0.0000000 0.4168375 0.0000010 0.9366539 2.0094837 1.8432994 1.4990046 1.5153769 1.3102073 1.8384709 1.8621807 1.8374518 2.5236742 4.2974469 1.6957911 1.7570581 2.3922996 3.2950418 2.5902931 2.0017485 5.1238363 2.3171426 2.3171426 1.8345174 1.5936464 1.7126574 2.0433261 1.7507278 2.1908540 1.8047571 1.7940675 2.0781256 2.2072497 2.1612513 2.0162120 2.2169388 1.8104538 1.7617213 1.7164126 1.1588554 0.9165435 1.9630636 1.9569561 1.9597049 1.7485065 1.9640702 1.8223858 2.1529745 2.1075880 2.0500275 1.9110576 2.2099432 2.3061027 2.2344854 1.7805284 2.1896137 2.0984018 2.5579151 2.2816514 2.3898161 1.9503156 2.0730890 2.3585279 2.0790574 1.8216218 2.2033233 1.2896762 1.8871246 0.0000010 1.7502565 2.9130673 2.3560393 3.3633725 4.5138125 
Aque_Aqu2.1.23906_001                                               4.1822084 4.1909078 6.4147928 3.7890194 5.2619353 4.3714985 1.0440681 1.0640905 1.1659766 0.9580199 1.2561124 1.1690609 1.2323956 1.2101311 0.9320396 0.9322821 1.4024944 1.1315962 1.2172611 0.9865508 1.0556950 0.7625363 0.8368333 0.7741866 0.4168375 0.0000000 1.2387278 0.8750025 1.9605512 1.7588653 1.6488295 1.4514514 1.3163432 1.8287160 1.6021183 1.7418333 1.5034348 1.7269712 1.7300512 1.7927075 2.2073162 1.9241622 1.6568330 2.0681611 2.1159453 2.1012477 2.1433369 1.7744551 1.7325484 1.6044543 1.7067088 1.5900877 1.9736862 1.6489715 1.6218050 2.0322466 1.8846719 1.8632362 1.8931688 1.8704917 1.7294127 1.6565393 1.8516362 1.9939166 1.3727318 1.5724266 1.7714571 1.7730707 1.7111751 1.9512669 1.9780794 1.9624365 1.7889246 1.9157028 1.7812995 1.9876125 2.0874293 2.3167836 1.7963348 2.0404600 1.8654059 2.6451438 1.9800869 2.2677762 1.8149472 2.2095636 2.1704971 1.8485629 2.0064352 1.9506175 1.3692481 2.3255025 1.8711714 1.7021750 2.4144446 2.4746382 3.0584274 4.8170982 
Stycar_maker-SC_scaffold34093-snap-gene-0.1-mRNA-1                  0.5985506 0.5985506 0.0000010 2.4940752 0.0000010 0.0000010 1.3197071 0.8503461 1.1530138 0.2625921 1.2599198 1.0342033 1.1650549 0.0000010 0.0000010 0.8927853 2.0901422 1.0342985 0.9558155 1.2058218 0.0000010 1.2326855 1.1809928 1.1705606 0.0000010 1.2387278 0.0000000 0.0000010 2.6170804 2.6609651 3.4164465 2.3982356 2.2811492 0.0000010 2.3764640 3.9639801 2.7405376 3.2547508 4.1225219 0.0000010 8.6876736 3.9324078 4.0147258 5.7792339 6.1061986 3.8858632 3.2187178 3.4780438 3.7604247 2.7244622 2.3604457 3.5678908 3.1383632 2.8450552 2.7829494 0.0000010 2.9919715 2.5478107 2.6293413 2.4188900 2.4367957 3.0953083 0.0000010 5.7764290 2.2364125 1.6607005 3.0519085 3.0265758 2.4918953 4.8356116 2.8745023 2.8830434 0.0000010 2.2161726 2.2849271 2.2861509 2.8780191 3.5224406 2.2241488 0.8217871 1.6565637 4.1538045 2.6551664 5.0700711 3.8494454 4.7402095 3.1360584 2.7594062 3.0459813 2.0435864 0.0000010 3.4659457 4.0803483 0.0000010 2.5676763 0.0000010 2.9572177 0.0000010 
Xestes_maker-XT_scaffold2905-augustus-gene-0.5-mRNA-1               4.5561951 4.5917748 6.2111151 3.8674012 4.0900531 4.6596955 1.0693569 1.1164943 1.1164943 1.1296313 1.3087634 1.2001348 1.2423636 1.2646501 1.0801312 1.0934774 1.1511889 1.0632333 1.2492109 1.1754240 1.2353232 0.7866187 0.9018084 0.8307335 0.9366539 0.8750025 0.0000010 0.0000000 1.7959861 1.7065474 2.0032296 1.7528552 0.5929494 2.1461605 1.7327056 1.6312078 1.7892656 1.2730604 1.8549483 2.3390697 1.4783277 1.1611928 1.1710344 1.8646451 0.7277674 1.7311792 1.7311792 1.7742173 1.7196723 1.6770838 1.7190127 1.6115596 2.1778009 1.6993002 1.9409979 2.6261390 2.1018274 2.0545487 2.0103422 1.7818833 1.6138051 1.6870833 2.1569829 1.6888590 1.5526012 1.8987214 2.0191232 2.0313183 1.7884124 1.7516405 1.7786139 1.9083067 1.8259643 1.9552005 1.9150207 2.2192602 2.0400378 2.1832001 1.6214601 2.0078527 2.3683724 2.5597593 2.2496488 2.0343172 1.8430893 1.8057155 2.1011757 2.1680785 1.8436320 1.8143179 1.5816427 2.1210737 0.6597137 1.7334710 2.4871704 2.6446319 2.9267612 8.2446444 
Bralan_BLAG11000216_1                                               3.7358700 3.8348148 7.4524033 3.4226176 5.2892263 3.7401601 1.6249163 1.7279525 1.7091052 1.5520208 1.8819255 1.6478828 1.6565772 0.9708122 1.6584017 1.8178060 1.7536586 1.6736329 1.8983675 1.7331082 1.7780754 1.8097265 1.9154140 1.7920458 2.0094837 1.9605512 2.6170804 1.7959861 0.0000000 0.3385924 1.4411124 1.2022162 1.9167619 1.5858649 1.4099528 1.5766299 1.5986552 1.9184542 1.6084644 1.6826884 2.0340319 1.9044557 1.8627505 1.7120935 2.0991871 1.5872738 1.7132314 1.4851305 1.5203749 1.6778301 1.6641840 1.5429662 1.7965070 1.5084146 1.6017843 2.0553144 1.6678136 1.5979564 1.5866638 1.8656030 1.6084088 1.8280096 1.1743368 1.8425040 1.8188680 1.4893446 1.8431584 1.8290325 1.8402212 1.8234375 1.7753283 1.9993500 1.7035115 1.8876136 1.9654402 2.1067356 2.1839025 2.2422382 1.7976762 1.6698256 1.6573434 2.3891229 1.8580955 2.2000634 2.0244630 2.3664571 2.4189821 1.4669658 1.9006394 1.7033336 2.3757238 2.2561120 2.0936711 2.1990640 2.5443072 3.5697281 2.6574307 3.7335680 
Bralan_BLAG13000683_1                                               3.2192112 3.8653196 6.3388898 3.4013099 5.1438285 3.9926818 1.4607148 1.5959427 1.5067657 1.4619293 1.6615493 1.6598296 1.6139126 0.9441178 1.6976150 1.8487804 1.6429336 1.6471310 1.8223219 1.7116068 1.5704279 1.6727254 1.8069558 1.6876752 1.8432994 1.7588653 2.6609651 1.7065474 0.3385924 0.0000000 1.3423248 1.1840880 1.6770326 1.3917730 1.2963142 1.4706655 1.4511289 1.8403421 1.6494716 1.6481653 2.0921155 1.9312903 1.8920468 1.8204423 2.1078706 1.6014302 1.6946163 1.4578808 1.5873985 1.5343510 1.6115320 1.5706507 1.7129749 1.4447053 1.4879350 2.1158121 1.5943585 1.5877268 1.4932467 1.7449999 1.4050588 1.7187904 1.0200652 1.8101053 1.8090905 1.3873293 1.6171945 1.6205825 1.5729417 1.6860577 1.5957483 1.7614405 1.5680717 1.7571276 1.8009609 2.1013952 1.9781058 2.0232546 1.7553107 1.6734306 1.4270329 2.2275336 1.6982048 2.0720181 1.9583834 2.2768636 2.4872077 1.4243366 1.8879432 1.4448431 2.3501856 2.1629435 2.0980266 1.9571814 2.5264550 3.7938864 2.5470628 4.1389134 
Skow_XM_006820570.1                                                 3.9661603 4.0994979 4.8638521 3.6077904 6.0792563 3.7420443 1.6383762 1.6421241 1.6393880 1.7050566 2.1110155 1.7351206 1.7513149 1.0498051 1.4917351 1.8494820 1.9217641 1.6568841 2.0443004 1.6292329 1.4834068 1.8109058 1.8182665 1.6707150 1.4990046 1.6488295 3.4164465 2.0032296 1.4411124 1.3423248 0.0000000 0.1444703 3.2239706 1.4092077 1.7552304 1.7033363 1.7333283 3.1601069 1.7440042 1.5818049 2.5862770 4.0695499 2.9306087 1.7448308 3.9073814 1.8203902 1.9667040 1.5433471 1.5950337 1.5616266 1.7878214 1.7802159 1.9570658 1.5708039 1.7783235 1.7427734 1.7967404 1.7169308 1.6835655 2.1979386 1.6193691 1.5855637 1.3590946 1.5543995 1.7565804 1.9291319 1.7798097 1.7785308 1.6870650 1.8714036 1.5517737 1.9866965 1.9398131 1.9677611 2.0359906 2.1580159 2.2940421 2.2052372 1.8985542 2.0101298 1.1107683 2.1238961 1.7161396 2.0666221 1.8146756 2.2419118 2.3795933 1.8349297 2.2004886 1.6740594 1.7959966 2.4143937 4.1348670 1.9676973 2.7727926 3.1230606 2.8578521 3.5750314 
Skow_XM_002740377.2                                                 3.9476751 4.3665857 4.9925199 3.6688663 6.1864131 3.7875408 1.3338136 1.3456781 1.3553749 1.3470756 1.7259786 1.4409582 1.4972350 1.0616282 1.3599784 1.5266482 1.6250743 1.4611371 1.6753311 1.4652443 1.5046234 1.4595488 1.4942426 1.3924257 1.5153769 1.4514514 2.3982356 1.7528552 1.2022162 1.1840880 0.1444703 0.0000000 1.7430981 1.4497947 1.5251027 1.4295317 1.2487722 1.8135855 1.5850432 1.5839400 1.8399682 1.8085555 1.5912235 1.6203510 1.9107980 1.5689784 1.7282274 1.3937059 1.4115752 1.3357477 1.4217245 1.4785977 1.5631461 1.2373849 1.3755199 1.7475909 1.4217705 1.3590622 1.3217927 1.5592070 1.2663196 1.3216322 1.3564501 1.6067929 1.7935376 1.6097973 1.5921855 1.5912407 1.6492809 1.6367471 1.5136238 1.8834556 1.6041930 1.6867967 1.7468394 1.8191950 1.9373580 1.9932639 1.6883239 1.6612684 1.2023127 1.8019898 1.6144604 1.7586274 1.5804043 2.0171654 2.0481225 1.5687584 1.8743386 1.5329687 1.8271213 2.4400891 1.8497802 1.9385669 2.4394585 3.0979563 2.6318276 3.5165388 
Nvec_NVE6264                                                        1.6626827 3.3078817 1.6626827 2.7518761 1.4289569 0.0000010 1.4954319 1.4192774 1.4899439 0.6231171 1.2788815 1.5454437 1.4628515 0.0000010 0.8921346 1.3292474 1.9338194 1.3811524 1.3862739 1.4382593 0.0000010 1.3248804 1.2862143 1.2481430 1.3102073 1.3163432 2.2811492 0.5929494 1.9167619 1.6770326 3.2239706 1.7430981 0.0000000 2.0764354 1.3269574 1.7336155 1.2580534 1.4822879 1.7209661 1.4539304 2.3567943 1.8402121 2.0987841 2.3342468 2.8135518 2.0773809 2.3470736 1.8416053 2.2369100 1.8739792 1.9141260 1.7826497 1.5893713 1.4713301 1.4313895 6.6868640 1.7175331 1.6021556 1.7143101 1.6734474 1.6427961 1.9839782 2.0187361 4.8477789 2.5287429 1.8168740 2.3460917 2.3460917 2.5046374 2.5637715 2.2567406 2.1607132 0.6038502 1.4343615 1.6777427 1.5403874 1.8052793 2.3076714 1.6415840 0.7130267 2.6608726 2.5928937 1.9945194 2.3172471 1.7990029 2.6256380 2.0384241 1.8177170 2.4644138 1.9127332 3.6077401 2.9453297 1.7238141 9.0000000 2.1593369 2.8989250 2.6042519 5.0710091 
Nvec_v1g87790                                                       3.6838167 3.9598127 6.7960940 4.0046760 5.8757401 4.5334265 1.5519346 1.6327850 1.6327850 1.6105483 1.8113160 1.7503307 1.6609504 1.3649525 1.6959988 1.6901324 2.0549071 1.7494310 1.6557430 1.6482115 1.8808980 1.9465637 2.0056139 1.7799834 1.8384709 1.8287160 0.0000010 2.1461605 1.5858649 1.3917730 1.4092077 1.4497947 2.0764354 0.0000000 0.5978200 1.5328518 1.3727784 1.9536132 1.8080800 2.0169167 2.2195930 2.2894916 2.0742392 1.9321702 2.0359428 2.0882402 2.0882402 1.3946976 1.8178755 1.6794962 1.5830496 1.5367038 1.5410751 1.2986755 1.3340280 1.6250126 1.4282835 1.3943283 1.3676733 1.6280807 1.3368201 1.7818427 1.5770182 1.7962438 1.9004909 1.5886675 1.6318512 1.6180092 1.6886687 1.8394900 1.7983729 1.6814359 2.2254235 2.0948436 2.2618200 2.3077983 2.3910750 1.8373961 2.0198824 2.1649660 1.5135780 2.5960806 2.0443556 1.9244914 1.9676415 1.9004022 2.2908868 1.9794911 1.9619674 2.0268638 1.8934211 1.4714309 0.0000010 2.0872829 2.2767541 3.4487111 3.1488972 4.6714523 
Exapal_XM_028656681.1                                               3.6000236 3.9699087 6.0126261 3.8446275 6.2163867 4.5441980 1.5189327 1.6336836 1.6392324 1.4377939 1.7017222 1.7704340 1.7668418 1.0339273 1.6557863 1.6188969 1.8349588 1.6782872 1.8470219 1.5723539 1.7794659 1.7476808 1.6297417 1.5236165 1.8621807 1.6021183 2.3764640 1.7327056 1.4099528 1.2963142 1.7552304 1.5251027 1.3269574 0.5978200 0.0000000 1.6260363 1.6184335 1.8982484 1.8479909 2.0087058 2.2793056 2.1507678 1.8892094 2.0859449 2.6220759 2.1072993 2.0265206 1.4448472 1.6686096 1.6115011 1.5958661 1.4257380 1.6502151 1.3736068 1.3058253 1.7711225 1.5529825 1.5365174 1.5014886 1.7035702 1.4112537 1.7549410 1.3148726 2.0207387 1.9482937 1.6296729 1.9688292 1.9496641 1.8056213 1.8976011 2.0336667 1.8718028 1.6406162 1.8159546 2.0159838 2.0587641 2.0455371 1.8752979 1.9915708 1.7674246 1.7406696 2.6472857 2.0571204 1.9154043 1.8084402 2.1717329 2.0970471 1.7612642 2.1250179 1.9658902 2.1554940 2.1425350 2.5054115 2.0430573 1.9435593 3.5173864 2.6582019 5.2177959 
Dgig_XM_028548806.1                                                 4.0716773 4.0529061 4.9976730 3.9342680 5.7677440 4.1634097 1.5491001 1.7736746 1.7291271 1.5056436 1.8568572 1.5625044 1.5897039 1.0132896 1.4955776 1.6824192 1.7019545 1.6431522 1.7896890 1.6291135 2.0331493 1.5461720 1.7444074 1.6039965 1.8374518 1.7418333 3.9639801 1.6312078 1.5766299 1.4706655 1.7033363 1.4295317 1.7336155 1.5328518 1.6260363 0.0000000 0.6766329 1.7000079 1.6347109 1.7018577 2.0202114 1.5244560 1.6888139 1.6390711 1.9437102 1.7962866 1.9609166 1.5388031 1.6882610 1.6651941 1.4007331 1.4555037 1.6151962 1.4447212 1.5284925 1.8621120 1.4818426 1.4230984 1.3030746 1.6924370 1.4595508 1.5871917 1.6072601 1.9572321 1.5190219 1.8562923 1.9247207 1.9038117 1.9379389 2.0523259 1.7917615 2.1248126 1.6725167 1.9390094 2.1312685 2.3805895 2.2671057 2.1924722 1.9338892 1.8435391 1.5596679 2.3033300 2.1933016 2.2717622 2.1353288 2.3613667 2.4334903 1.7838296 2.0743313 1.9446990 2.4217894 2.2217919 2.6578109 2.1803893 2.3952344 3.0986403 2.6618454 4.7274301 
Xesp_000785-T1                                                      3.3474979 3.5721897 7.2428389 3.3778457 6.4561687 4.4459088 1.5756317 1.6112985 1.6542800 1.3727016 1.7372376 1.6132004 1.5395052 1.4368286 1.3884375 1.5256845 1.6455363 1.7125007 1.6618739 1.4499458 2.2645654 1.6836528 1.9674811 1.8795723 2.5236742 1.5034348 2.7405376 1.7892656 1.5986552 1.4511289 1.7333283 1.2487722 1.2580534 1.3727784 1.6184335 0.6766329 0.0000000 1.6038081 1.8621433 3.4964531 1.9954031 1.7734791 1.7042055 2.0310608 2.0015358 1.7929349 2.0956680 1.6491117 1.7156486 1.7681962 1.2536098 1.3509884 1.5926971 1.3166815 1.2862139 2.2329636 1.4674105 1.3599091 1.2867777 1.5923437 1.2755766 1.4858720 1.4252383 2.4807683 2.5180197 1.6261637 1.8200740 1.8189551 2.0299848 2.0259491 1.8110633 1.8800382 1.9786913 2.1600685 2.2704542 2.5674298 2.3489621 2.4918972 2.2682017 1.8361528 1.7507536 2.5195023 2.0998072 2.1373776 2.0184322 2.2105988 1.8546392 1.8759155 2.2553460 1.9925843 2.4428673 3.1640976 2.1157877 2.2122760 2.4058512 5.0297391 2.9551405 6.1204036 
Tadh_TriadT62743                                                    9.0000000 9.0000000 0.0000010 3.8271137 2.4266760 3.7419479 1.6601771 1.5785960 1.5962890 1.4597069 1.8518876 1.8488922 1.7582450 1.2917037 1.0271463 1.6704145 1.3947024 1.8374121 1.8166537 1.5672452 1.7027868 1.6571809 1.7272874 1.7272874 4.2974469 1.7269712 3.2547508 1.2730604 1.9184542 1.8403421 3.1601069 1.8135855 1.4822879 1.9536132 1.8982484 1.7000079 1.6038081 0.0000000 0.0409919 0.0000010 0.1900348 0.3029190 0.3202675 0.5250136 0.4837403 0.8997307 1.0224977 1.4890733 1.8851376 2.0317289 2.1617421 1.8529711 1.9384232 1.8676350 2.0804866 0.0000010 2.2059770 2.0489697 2.0697020 1.8330262 1.8348736 1.7747069 1.2547024 3.5719019 2.8533585 1.8632681 2.0032095 2.0032095 2.2864741 2.1747660 2.1375516 2.4082383 1.3724842 1.6814307 2.0829363 2.1304010 1.9811515 2.3930957 1.9403134 1.7149499 2.3574852 2.4305472 2.0246063 1.9605074 1.7624156 2.1593497 1.6724471 2.0195316 2.3233116 1.9819768 0.0000010 4.7144250 2.1379472 0.0000010 2.3419928 9.0000000 2.6086501 1.5398585 
