67
Lcom_lcpid253582                                         0.0000000 0.8997281 0.9070327 0.8608241 0.8552778 0.7302820 0.7792648 0.7037803 0.8011439 0.7602652 0.7596458 0.7596458 0.7523055 0.6599951 0.6946362 0.7697291 0.7552834 0.8170349 0.8170349 0.8063648 0.8363938 0.8363938 0.7925150 0.8111215 0.7079602 0.8521015 0.9334526 1.0164863 0.8061869 0.9138186 0.8467568 0.8210656 0.9451338 0.8050668 0.9213344 0.8563539 0.7247053 0.7247053 0.7025576 0.7675714 0.7618112 0.7329427 0.7923962 0.8147914 0.8264578 0.7997222 0.8219698 0.8147914 0.7799168 1.2120732 0.7529109 0.8041012 1.0066261 0.9270866 0.9428879 0.7647766 0.7840187 1.0010114 1.0211827 0.9692973 1.0547514 1.2409384 0.8625465 1.0396946 1.2488995 1.2851489 1.6617936 
Lcom_lcpid184470                                         0.8997281 0.0000000 0.8112862 0.7251478 0.6893910 0.6584265 0.6857971 0.6564681 0.6664625 0.6153855 0.6405142 0.6405142 0.5534201 0.6079190 0.6594216 0.6683380 0.7059527 0.7107964 0.7107964 0.7430368 0.6475981 0.6475981 0.7137901 0.6740614 0.6671688 0.8331630 0.8428746 0.8082568 0.6322440 0.7857887 0.7382724 0.6356230 0.7178812 0.7027821 0.7323369 0.8432330 0.8973230 0.8973230 0.8954723 0.9309095 0.9423358 0.9329421 0.9706729 0.7411459 0.7528765 0.7394331 0.7598764 0.7411459 0.7782119 1.1218247 0.8218477 0.6757353 0.8472818 0.7845496 0.8346781 0.7315768 0.7717701 0.7800675 0.9341127 0.6069234 0.9180975 0.9185266 0.9133840 1.0514569 1.4115834 1.2310977 1.4478266 
Lcom_lcpid10273                                          0.9070327 0.8112862 0.0000000 0.5634989 0.5407551 0.4414100 0.4047854 0.4056748 0.4275274 0.3975193 0.3667388 0.3667388 0.4242900 0.3588133 0.3538077 0.3626242 0.3695780 0.3801714 0.3801714 0.4238242 0.4903748 0.4903748 0.5068867 0.4640933 0.4151170 0.4166830 0.4986077 0.5036164 0.4333934 0.4487220 0.5727859 0.2960556 0.3886093 0.5287799 0.5453668 0.4569820 0.5059342 0.5059342 0.5273083 0.5296826 0.5365475 0.5533357 0.5588500 0.5687467 0.5798500 0.5744178 0.5886157 0.5687467 0.6203803 0.7563026 0.6438520 0.4571434 0.5727508 0.5859613 0.6371784 0.6404080 0.6758219 0.6395640 0.6460034 0.8349780 0.7143601 0.7824473 0.6794875 0.9981120 1.1380048 0.9964499 1.3826031 
Emue_Em0018g51a.t1                                       0.8608241 0.7251478 0.5634989 0.0000000 0.0235457 0.4642197 0.4349290 0.3934023 0.4360225 0.3822392 0.3534368 0.3534368 0.4098103 0.3601915 0.3443239 0.4158850 0.4227859 0.3866961 0.3866961 0.3712103 0.2843280 0.2843280 0.3303971 0.4660299 0.4884626 0.4149605 0.3498395 0.3387380 0.2782041 0.2732435 0.2821042 0.4487128 0.4098584 0.4165740 0.5113590 0.4706278 0.5636906 0.5636906 0.5857046 0.5883531 0.5957699 0.6129417 0.6190719 0.4364944 0.4479993 0.4443568 0.4550463 0.4364944 0.4378211 0.6335641 0.4981139 0.4656069 0.5014538 0.6644790 0.5418089 0.5865793 0.6201729 0.6003000 0.6502535 0.5589234 0.7718122 0.7938982 0.4950982 0.7945003 1.2034686 0.8905711 1.2658557 
Spolac_c9264_g1_i1_m.322c9264-g1                         0.8552778 0.6893910 0.5407551 0.0235457 0.0000000 0.4452582 0.4419462 0.3768214 0.4260669 0.3599925 0.3493223 0.3493223 0.3878541 0.3363027 0.3243499 0.3940220 0.4010303 0.3769087 0.3769087 0.3614236 0.2682602 0.2682602 0.3199799 0.4522457 0.4808779 0.3835463 0.3666348 0.3708271 0.2711106 0.2849894 0.2808627 0.4603056 0.4146821 0.3953377 0.5092241 0.4696665 0.5572925 0.5572925 0.5790880 0.6157099 0.5889953 0.6060105 0.6261890 0.4315097 0.4429551 0.4393985 0.4498859 0.4315097 0.4330112 0.6240875 0.4853273 0.4628069 0.5112810 0.6356175 0.5524717 0.6269480 0.6535618 0.5970783 0.6475235 0.5676884 0.7735707 0.7890448 0.4721293 0.7783560 1.2118560 0.9268263 1.2225655 
Cgig_XM_011450537.3                                      0.7302820 0.6584265 0.4414100 0.4642197 0.4452582 0.0000000 0.3269511 0.2628011 0.2183547 0.2355687 0.1971171 0.1971171 0.2243979 0.2253035 0.1835260 0.1971770 0.2117197 0.2839556 0.2839556 0.2564537 0.3515014 0.3515014 0.3822149 0.3246394 0.3112324 0.2960405 0.4447858 0.4331567 0.2856363 0.3963372 0.4598503 0.2491724 0.2764012 0.3516323 0.4495539 0.3808617 0.3667992 0.3667992 0.3498346 0.3868627 0.3918983 0.3706193 0.3964444 0.4341522 0.4455327 0.4280933 0.4383118 0.4341522 0.4830463 0.6178284 0.4171537 0.3400608 0.3940384 0.4728640 0.3673670 0.4907094 0.5200754 0.4938449 0.5775827 0.5336797 0.7112852 0.6755931 0.4465196 0.7909058 0.9466619 0.8486634 1.3030957 
Fspp_ffun1.m4.3534.m1                                    0.7792648 0.6857971 0.4047854 0.4349290 0.4419462 0.3269511 0.0000000 0.2479741 0.2536848 0.2380922 0.1865816 0.1865816 0.2087028 0.1972018 0.2061346 0.2332556 0.2268535 0.2329445 0.2329445 0.2807798 0.2581025 0.2581025 0.3410981 0.1941317 0.1580816 0.1880560 0.3503197 0.3875154 0.3236657 0.2820008 0.3937663 0.0794033 0.2888016 0.3703413 0.2660162 0.1881942 0.3283008 0.3283008 0.3453114 0.3262399 0.3374362 0.3598103 0.3716188 0.3724492 0.3655677 0.4002210 0.3892633 0.3724492 0.4382406 0.6349020 0.5312474 0.4789591 0.4654479 0.3491806 0.4329913 0.4938057 0.5041841 0.4405949 0.5080326 0.6630492 0.6776651 0.6336018 0.5017326 0.8934924 0.9400850 0.9480516 1.2359443 
Bralan_BLAG07000869_1                                    0.7037803 0.6564681 0.4056748 0.3934023 0.3768214 0.2628011 0.2479741 0.0000000 0.2114774 0.1689667 0.1427382 0.1427382 0.1496305 0.1495155 0.1345978 0.1546382 0.1606011 0.1600169 0.1600169 0.2126532 0.2287656 0.2287656 0.2707207 0.1932630 0.2416655 0.2250779 0.3644375 0.3875154 0.3231618 0.3386345 0.3467274 0.1693825 0.2238038 0.3175385 0.2837018 0.2655107 0.2723487 0.2723487 0.2720858 0.2900417 0.2938305 0.2904301 0.3046651 0.3580048 0.3695662 0.3615853 0.3700185 0.3580048 0.3752836 0.4837193 0.3511492 0.2592461 0.3724111 0.3268049 0.3156922 0.3454891 0.3695717 0.4379756 0.4613045 0.5021781 0.6403979 0.6023090 0.4383281 0.6789850 0.8743256 0.7569749 1.2409184 
Acagra_model.g28919.t1                                   0.8011439 0.6664625 0.4275274 0.4360225 0.4260669 0.2183547 0.2536848 0.2114774 0.0000000 0.0388762 0.1902553 0.1902553 0.2017489 0.2173723 0.1803939 0.2072846 0.2008321 0.1802644 0.1802644 0.2151018 0.2752868 0.2752868 0.3367428 0.2913184 0.2656257 0.1900502 0.3387906 0.3431474 0.2650306 0.2923378 0.3735057 0.1667724 0.2662310 0.3967963 0.3937143 0.3209683 0.3403050 0.3403050 0.3579649 0.3593817 0.3639883 0.3783841 0.3817555 0.3864301 0.3977378 0.3947940 0.4038720 0.3864301 0.4334573 0.6057656 0.4153485 0.3578593 0.4042064 0.4288106 0.3768953 0.4019262 0.4271197 0.5075725 0.5479137 0.6015597 0.7537268 0.7146179 0.5496422 0.8397373 0.8951387 0.7721098 1.3814844 
Acagra_model.g28919.t1.1.5d3b8c72                        0.7602652 0.6153855 0.3975193 0.3822392 0.3599925 0.2355687 0.2380922 0.1689667 0.0388762 0.0000000 0.1648305 0.1648305 0.1731066 0.1771742 0.1476098 0.1969557 0.1903592 0.1533249 0.1533249 0.1877463 0.2269838 0.2269838 0.3060994 0.2515040 0.2235559 0.1900502 0.3087407 0.3073309 0.2650306 0.2584464 0.3288696 0.1667724 0.2281664 0.3684377 0.3184919 0.2508422 0.3151921 0.3151921 0.3329893 0.3343280 0.3387756 0.3534118 0.3566262 0.3502098 0.3620581 0.3594116 0.3678895 0.3502098 0.3982208 0.5576441 0.3659958 0.3063855 0.3748397 0.3648486 0.3567789 0.3770525 0.4028265 0.4701435 0.4706298 0.5660015 0.7158287 0.6742975 0.5235548 0.8295547 0.8553720 0.7116494 1.2872782 
Dgig_XM_028536243.1                                      0.7596458 0.6405142 0.3667388 0.3534368 0.3493223 0.1971171 0.1865816 0.1427382 0.1902553 0.1648305 0.0000000 0.0000010 0.1212713 0.1152063 0.1047701 0.1323427 0.1170220 0.1064136 0.1064136 0.1213687 0.1365251 0.1365251 0.2203244 0.1748993 0.1800616 0.1457520 0.2744508 0.2893284 0.2529543 0.2374908 0.3335471 0.1431441 0.1959335 0.2625449 0.2969309 0.2253068 0.2262925 0.2262925 0.2111448 0.2434134 0.2467057 0.2284936 0.2491845 0.2817854 0.2931854 0.2784447 0.2845264 0.2817854 0.3256393 0.4469664 0.4396100 0.3790073 0.3426829 0.3059164 0.3173126 0.3404647 0.3642351 0.4217000 0.4185740 0.5244591 0.6035479 0.5278091 0.3755794 0.7315124 0.9485241 0.9017645 1.2165883 
Xesp_028504-T1                                           0.7596458 0.6405142 0.3667388 0.3534368 0.3493223 0.1971171 0.1865816 0.1427382 0.1902553 0.1648305 0.0000010 0.0000000 0.1212713 0.1152063 0.1047701 0.1323427 0.1170220 0.1064136 0.1064136 0.1213687 0.1365251 0.1365251 0.2203244 0.1748993 0.1800616 0.1457520 0.2744508 0.2893284 0.2529543 0.2374908 0.3335471 0.1431441 0.1959335 0.2625449 0.2969309 0.2253068 0.2262925 0.2262925 0.2111448 0.2434134 0.2467057 0.2284936 0.2491845 0.2817854 0.2931854 0.2784447 0.2845264 0.2817854 0.3256393 0.4469664 0.4396100 0.3790073 0.3426829 0.3059164 0.3173126 0.3404647 0.3642351 0.4217000 0.4185740 0.5244591 0.6035479 0.5278091 0.3755794 0.7315124 0.9485241 0.9017645 1.2165883 
Nvec_v1g237378                                           0.7523055 0.5534201 0.4242900 0.4098103 0.3878541 0.2243979 0.2087028 0.1496305 0.2017489 0.1731066 0.1212713 0.1212713 0.0000000 0.1780180 0.1550297 0.1651876 0.1711696 0.1432222 0.1432222 0.1754185 0.1836008 0.1836008 0.2572291 0.1972738 0.2036531 0.2269997 0.3643484 0.3801455 0.3055193 0.3087375 0.3532357 0.1958924 0.2082103 0.3637698 0.3252471 0.2837203 0.3360003 0.3360003 0.3356308 0.3551675 0.3597669 0.3556972 0.3722769 0.3719610 0.3832789 0.3753597 0.3839943 0.3719610 0.3944676 0.5493556 0.4720900 0.3669426 0.3692328 0.3312841 0.2860663 0.3399073 0.3640981 0.4240916 0.4320839 0.5127876 0.7006972 0.5860011 0.4878217 0.7149432 0.9896935 0.9326246 1.2353324 
Sanmal_Sma_025577-T1                                     0.6599951 0.6079190 0.3588133 0.3601915 0.3363027 0.2253035 0.1972018 0.1495155 0.2173723 0.1771742 0.1152063 0.1152063 0.1780180 0.0000000 0.0926058 0.0914301 0.0842681 0.1782425 0.1782425 0.2117591 0.2240759 0.2240759 0.2476579 0.1310075 0.1920353 0.1486431 0.2945751 0.3300055 0.2675406 0.2438021 0.3354984 0.1467151 0.2161716 0.2303882 0.2896505 0.2395370 0.2377300 0.2377300 0.2538149 0.2547555 0.2581237 0.2717626 0.2740801 0.2559872 0.2674998 0.2658923 0.2716306 0.2559872 0.2994116 0.4154984 0.3438294 0.3224379 0.3066432 0.2370979 0.3301374 0.3047615 0.3267025 0.3717736 0.4173782 0.4765798 0.5584196 0.6015890 0.4123247 0.7195942 0.8779722 0.8723855 1.0955539 
Skow_XM_002741625.2                                      0.6946362 0.6594216 0.3538077 0.3443239 0.3243499 0.1835260 0.2061346 0.1345978 0.1803939 0.1476098 0.1047701 0.1047701 0.1550297 0.0926058 0.0000000 0.1550632 0.1484025 0.1224460 0.1224460 0.1675208 0.2022296 0.2022296 0.2257100 0.1916056 0.1971642 0.1469968 0.3117885 0.3272905 0.2435121 0.2584824 0.3674527 0.1214336 0.1476710 0.2842142 0.3169328 0.2364983 0.2321999 0.2321999 0.2485375 0.2494736 0.2528450 0.2667183 0.2690312 0.2687256 0.2806937 0.2788978 0.2852106 0.2687256 0.3143391 0.4720019 0.3577520 0.3046054 0.3159305 0.3571442 0.3246759 0.3430247 0.3676942 0.3684242 0.4302076 0.5110671 0.6469625 0.5814968 0.4063300 0.7429746 0.8919637 0.7948426 1.1513093 
Nemnom_g18174.t1                                         0.7697291 0.6683380 0.3626242 0.4158850 0.3940220 0.1971770 0.2332556 0.1546382 0.2072846 0.1969557 0.1323427 0.1323427 0.1651876 0.0914301 0.1550632 0.0000000 0.0253214 0.1637590 0.1637590 0.2141173 0.2328306 0.2328306 0.2966498 0.1519140 0.2158635 0.1999245 0.3411645 0.3566855 0.3172222 0.2651454 0.3207840 0.1886023 0.2150646 0.3057352 0.3074663 0.2914306 0.2999283 0.2999283 0.2996140 0.3186857 0.3229277 0.3191447 0.3347701 0.3180162 0.3296050 0.3218721 0.3292218 0.3180162 0.3638537 0.4491210 0.3933576 0.3495476 0.3486158 0.2709903 0.3755531 0.3706770 0.3959008 0.4521485 0.4058065 0.4921914 0.5911246 0.5854947 0.4022267 0.7359141 0.9364089 0.9232172 1.2328150 
Rhoesc_Res_010867-T1                                     0.7552834 0.7059527 0.3695780 0.4227859 0.4010303 0.2117197 0.2268535 0.1606011 0.2008321 0.1903592 0.1170220 0.1170220 0.1711696 0.0842681 0.1484025 0.0253214 0.0000000 0.1572646 0.1572646 0.1962994 0.2414117 0.2414117 0.3038539 0.1577663 0.1989669 0.1903275 0.3337214 0.3491263 0.3076456 0.2582367 0.3309225 0.1807212 0.2084676 0.2856718 0.3174476 0.2844556 0.2927496 0.2927496 0.2796209 0.3113351 0.3154809 0.2985671 0.3027386 0.3251081 0.3365575 0.3055638 0.3123595 0.3251081 0.3706191 0.4491210 0.3852269 0.3570154 0.3410392 0.2808202 0.3539392 0.3512841 0.3757826 0.4430239 0.3890567 0.5229925 0.5797602 0.5568379 0.4192862 0.7578130 0.9207261 0.9158981 1.2129446 
Pbac_sb2663345                                           0.8170349 0.7107964 0.3801714 0.3866961 0.3769087 0.2839556 0.2329445 0.1600169 0.1802644 0.1533249 0.1064136 0.1064136 0.1432222 0.1782425 0.1224460 0.1637590 0.1572646 0.0000000 0.0000010 0.0743173 0.2036152 0.2036152 0.2619260 0.2535186 0.2397327 0.1970252 0.3238751 0.3279692 0.2930081 0.2867050 0.3541533 0.1853230 0.1549961 0.3288425 0.3584054 0.2603608 0.2335739 0.2335739 0.2501544 0.2511105 0.2545489 0.2686253 0.2709893 0.3754368 0.3869026 0.3840501 0.3929469 0.3754368 0.3870091 0.5297391 0.4055214 0.2879503 0.3471323 0.4179254 0.3624173 0.3902401 0.4162832 0.3904361 0.4226459 0.5357250 0.6568290 0.4958162 0.4202509 0.6930344 0.9587463 0.8218149 1.3050177 
Horcal_Hcv1.av93.c8.g163.i1                              0.8170349 0.7107964 0.3801714 0.3866961 0.3769087 0.2839556 0.2329445 0.1600169 0.1802644 0.1533249 0.1064136 0.1064136 0.1432222 0.1782425 0.1224460 0.1637590 0.1572646 0.0000010 0.0000000 0.0743173 0.2036152 0.2036152 0.2619260 0.2535186 0.2397327 0.1970252 0.3238751 0.3279692 0.2930081 0.2867050 0.3541533 0.1853230 0.1549961 0.3288425 0.3584054 0.2603608 0.2335739 0.2335739 0.2501544 0.2511105 0.2545489 0.2686253 0.2709893 0.3754368 0.3869026 0.3840501 0.3929469 0.3754368 0.3870091 0.5297391 0.4055214 0.2879503 0.3471323 0.4179254 0.3624173 0.3902401 0.4162832 0.3904361 0.4226459 0.5357250 0.6568290 0.4958162 0.4202509 0.6930344 0.9587463 0.8218149 1.3050177 
Mlei_ML0117.g27.i1                                       0.8063648 0.7430368 0.4238242 0.3712103 0.3614236 0.2564537 0.2807798 0.2126532 0.2151018 0.1877463 0.1213687 0.1213687 0.1754185 0.2117591 0.1675208 0.2141173 0.1962994 0.0743173 0.0743173 0.0000000 0.2655877 0.2655877 0.3272657 0.2666497 0.2569765 0.2671800 0.3510790 0.3700031 0.2479298 0.2842745 0.3536516 0.2427646 0.2337573 0.2847392 0.4105869 0.3301084 0.2841533 0.2841533 0.2681276 0.3026171 0.3066702 0.2870287 0.3099858 0.4116444 0.4229713 0.4060515 0.4155809 0.4116444 0.4595684 0.6368932 0.4390089 0.3913059 0.3636355 0.4325770 0.3796926 0.4111932 0.4375818 0.3908972 0.5037851 0.6056454 0.6218585 0.5537183 0.3986901 0.6619096 0.9616008 0.7624541 1.3576337 
Pbac_sb2638267                                           0.8363938 0.6475981 0.4903748 0.2843280 0.2682602 0.3515014 0.2581025 0.2287656 0.2752868 0.2269838 0.1365251 0.1365251 0.1836008 0.2240759 0.2022296 0.2328306 0.2414117 0.2036152 0.2036152 0.2655877 0.0000000 0.0000010 0.1172706 0.2984012 0.3134275 0.2462227 0.3222523 0.3296244 0.3201586 0.3023508 0.3505974 0.2260603 0.2329757 0.3415412 0.3684454 0.3261232 0.3793807 0.3793807 0.3981186 0.3997692 0.4049696 0.4200764 0.4239749 0.3314070 0.3427155 0.3403999 0.3479696 0.3314070 0.3612832 0.5112987 0.5174129 0.4292556 0.4540763 0.4158160 0.4016817 0.4186730 0.4449099 0.4374402 0.5095072 0.5344010 0.7314891 0.6989247 0.3451851 0.8075689 1.0610974 0.9275444 1.2827383 
Horcal_Hcv1.av93.c1.g244.i1                              0.8363938 0.6475981 0.4903748 0.2843280 0.2682602 0.3515014 0.2581025 0.2287656 0.2752868 0.2269838 0.1365251 0.1365251 0.1836008 0.2240759 0.2022296 0.2328306 0.2414117 0.2036152 0.2036152 0.2655877 0.0000010 0.0000000 0.1172706 0.2984012 0.3134275 0.2462227 0.3222523 0.3296244 0.3201586 0.3023508 0.3505974 0.2260603 0.2329757 0.3415412 0.3684454 0.3261232 0.3793807 0.3793807 0.3981186 0.3997692 0.4049696 0.4200764 0.4239749 0.3314070 0.3427155 0.3403999 0.3479696 0.3314070 0.3612832 0.5112987 0.5174129 0.4292556 0.4540763 0.4158160 0.4016817 0.4186730 0.4449099 0.4374402 0.5095072 0.5344010 0.7314891 0.6989247 0.3451851 0.8075689 1.0610974 0.9275444 1.2827383 
Mlei_ML2582.g47.i1                                       0.7925150 0.7137901 0.5068867 0.3303971 0.3199799 0.3822149 0.3410981 0.2707207 0.3367428 0.3060994 0.2203244 0.2203244 0.2572291 0.2476579 0.2257100 0.2966498 0.3038539 0.2619260 0.2619260 0.3272657 0.1172706 0.1172706 0.0000000 0.3673546 0.3801613 0.3377239 0.4458392 0.4376801 0.4605166 0.4006837 0.4533828 0.2998069 0.2970705 0.3695395 0.4966822 0.4088127 0.4260293 0.4260293 0.4456479 0.4475504 0.4533426 0.4689869 0.4734455 0.3635180 0.3749022 0.3722108 0.3807086 0.3635180 0.3588368 0.5648160 0.5295239 0.4562713 0.4839789 0.5007496 0.4889393 0.3863964 0.4115485 0.5259036 0.5790416 0.5957512 0.7455281 0.6915363 0.4351848 0.8456298 1.0093071 0.9266337 1.3301315 
Amil_Amillepora10840-RA                                  0.8111215 0.6740614 0.4640933 0.4660299 0.4522457 0.3246394 0.1941317 0.1932630 0.2913184 0.2515040 0.1748993 0.1748993 0.1972738 0.1310075 0.1916056 0.1519140 0.1577663 0.2535186 0.2535186 0.2666497 0.2984012 0.2984012 0.3673546 0.0000000 0.1401300 0.2541218 0.3528851 0.3864559 0.3044213 0.3176359 0.3927724 0.1865850 0.2800533 0.3391426 0.2926119 0.2452310 0.3784080 0.3784080 0.3779489 0.4093488 0.3849962 0.3845469 0.4255820 0.2698147 0.2831018 0.2953016 0.2802462 0.2698147 0.3334516 0.4027608 0.5039006 0.4302429 0.4154488 0.1684506 0.3939526 0.3861455 0.3710924 0.4664831 0.5330334 0.6058513 0.6331494 0.5913259 0.5147044 0.7807469 1.0108758 0.9458833 1.1794533 
Gfas_gfas1.m1.23595.m1                                   0.7079602 0.6671688 0.4151170 0.4884626 0.4808779 0.3112324 0.1580816 0.2416655 0.2656257 0.2235559 0.1800616 0.1800616 0.2036531 0.1920353 0.1971642 0.2158635 0.1989669 0.2397327 0.2397327 0.2569765 0.3134275 0.3134275 0.3801613 0.1401300 0.0000000 0.2348110 0.3519834 0.3484096 0.3733559 0.3504808 0.4509052 0.1638150 0.3038282 0.3617823 0.3247871 0.2566832 0.3419539 0.3419539 0.3256404 0.3830503 0.3657324 0.3454088 0.3887985 0.3335508 0.3446074 0.3294796 0.3366851 0.3335508 0.3733968 0.5307422 0.5455187 0.4364762 0.4955829 0.3076283 0.4509600 0.4446837 0.4684037 0.4590664 0.4940438 0.6377440 0.6394848 0.6602990 0.4693705 0.8456974 1.0180348 1.0515129 1.1842783 
Hvul_g6104_1                                             0.8521015 0.8331630 0.4166830 0.4149605 0.3835463 0.2960405 0.1880560 0.2250779 0.1900502 0.1900502 0.1457520 0.1457520 0.2269997 0.1486431 0.1469968 0.1999245 0.1903275 0.1970252 0.1970252 0.2671800 0.2462227 0.2462227 0.3377239 0.2541218 0.2348110 0.0000000 0.3300628 0.3002073 0.2814259 0.2177114 0.2936136 0.1574548 0.2905574 0.4283987 0.3554183 0.2418309 0.3942040 0.3942040 0.4215039 0.4240424 0.4319477 0.4540733 0.4602316 0.4523493 0.4682770 0.4628855 0.4784988 0.4523493 0.4907690 0.8426969 0.5650038 0.4703623 0.5359364 0.2250854 0.4918911 0.4493927 0.4909027 0.5852957 0.4521927 0.5891155 0.9814971 0.8173148 0.5541526 0.8900096 1.2053475 1.0542703 1.7233250 
Aque_Aqu2.1.38447_001                                    0.9334526 0.8428746 0.4986077 0.3498395 0.3666348 0.4447858 0.3503197 0.3644375 0.3387906 0.3087407 0.2744508 0.2744508 0.3643484 0.2945751 0.3117885 0.3411645 0.3337214 0.3238751 0.3238751 0.3510790 0.3222523 0.3222523 0.4458392 0.3528851 0.3519834 0.3300628 0.0000000 0.0634995 0.2113729 0.1550249 0.3198313 0.3206423 0.3523668 0.3677932 0.4287334 0.3596180 0.4340136 0.4340136 0.4541452 0.4561274 0.4621305 0.4781484 0.4827924 0.4330917 0.4442427 0.4407591 0.4510149 0.4330917 0.4605992 0.6364004 0.4840214 0.4546448 0.4971732 0.5243069 0.4637884 0.5962541 0.6300259 0.4860576 0.5744924 0.5851157 0.7491465 0.7644512 0.5242735 0.9066460 1.1389613 1.0080055 1.3250663 
Halamb_c33449_g1_i1m.7661                                1.0164863 0.8082568 0.5036164 0.3387380 0.3708271 0.4331567 0.3875154 0.3875154 0.3431474 0.3073309 0.2893284 0.2893284 0.3801455 0.3300055 0.3272905 0.3566855 0.3491263 0.3279692 0.3279692 0.3700031 0.3296244 0.3296244 0.4376801 0.3864559 0.3484096 0.3002073 0.0634995 0.0000000 0.2131986 0.1330642 0.3111963 0.3374735 0.3891046 0.4161871 0.4580469 0.3882824 0.4513148 0.4513148 0.4716561 0.5000284 0.4799089 0.4960443 0.5226163 0.4474143 0.4584837 0.4548381 0.4654257 0.4474143 0.4748419 0.6830879 0.5282338 0.4487350 0.5552638 0.5373392 0.5145797 0.6594021 0.6936249 0.5621990 0.5436118 0.5762685 0.7780291 0.7696243 0.5347450 0.9620533 1.1957337 1.0516186 1.3099325 
Stycar_maker-SC_scaffold13501-snap-gene-0.7-mRNA-1       0.8061869 0.6322440 0.4333934 0.2782041 0.2711106 0.2856363 0.3236657 0.3231618 0.2650306 0.2650306 0.2529543 0.2529543 0.3055193 0.2675406 0.2435121 0.3172222 0.3076456 0.2930081 0.2930081 0.2479298 0.3201586 0.3201586 0.4605166 0.3044213 0.3733559 0.2814259 0.2113729 0.2131986 0.0000000 0.1195744 0.2134393 0.2871720 0.3368854 0.3554532 0.4236478 0.3545423 0.4368303 0.4368303 0.4630762 0.4368303 0.4368303 0.4630762 0.4613287 0.4740196 0.4740196 0.4981372 0.4981372 0.4740196 0.5249903 0.7427674 0.3472542 0.3770506 0.4875030 0.3044213 0.4060441 0.4598945 0.4598945 0.5150023 0.6943348 0.6063019 0.7920203 0.7992247 0.6066274 0.8394547 0.9102386 0.6057558 1.1231727 
Xestes_maker-XT_scaffold135647-augustus-gene-0.14-mRNA-1 0.9138186 0.7857887 0.4487220 0.2732435 0.2849894 0.3963372 0.2820008 0.3386345 0.2923378 0.2584464 0.2374908 0.2374908 0.3087375 0.2438021 0.2584824 0.2651454 0.2582367 0.2867050 0.2867050 0.2842745 0.3023508 0.3023508 0.4006837 0.3176359 0.3504808 0.2177114 0.1550249 0.1330642 0.1195744 0.0000000 0.2034062 0.2626822 0.3473615 0.3413916 0.4101747 0.3451490 0.4257366 0.4257366 0.4451711 0.4470529 0.4527824 0.4682610 0.4726640 0.4055081 0.4169279 0.4137174 0.4234283 0.4055081 0.4536032 0.6591490 0.4552515 0.4682420 0.4360879 0.4517462 0.4766359 0.4977315 0.5274097 0.4875148 0.5555785 0.6383955 0.7059886 0.6930722 0.5097196 0.8375389 1.0324218 0.8891251 1.2795364 
Tetwil_g4965.t1                                          0.8467568 0.7382724 0.5727859 0.2821042 0.2808627 0.4598503 0.3937663 0.3467274 0.3735057 0.3288696 0.3335471 0.3335471 0.3532357 0.3354984 0.3674527 0.3207840 0.3309225 0.3541533 0.3541533 0.3536516 0.3505974 0.3505974 0.4533828 0.3927724 0.4509052 0.2936136 0.3198313 0.3111963 0.2134393 0.2034062 0.0000000 0.3568509 0.4197313 0.3811063 0.4004211 0.4160835 0.5021085 0.5021085 0.5014300 0.5239805 0.5302738 0.5248785 0.5462563 0.4972303 0.5082861 0.4992945 0.5112661 0.4972303 0.5218489 0.7237054 0.4699711 0.4632249 0.4414845 0.5093791 0.5042875 0.5216662 0.5520702 0.5335811 0.6317935 0.5882414 0.7079799 0.6637126 0.4648505 0.7555144 1.1045976 0.8920377 1.1317195 
Gasp_gasp1.m3.14868.m1                                   0.8210656 0.6356230 0.2960556 0.4487128 0.4603056 0.2491724 0.0794033 0.1693825 0.1667724 0.1667724 0.1431441 0.1431441 0.1958924 0.1467151 0.1214336 0.1886023 0.1807212 0.1853230 0.1853230 0.2427646 0.2260603 0.2260603 0.2998069 0.1865850 0.1638150 0.1574548 0.3206423 0.3374735 0.2871720 0.2626822 0.3568509 0.0000000 0.2137804 0.3179848 0.2169400 0.1600574 0.2848147 0.2848147 0.3053749 0.3134357 0.2948625 0.3222060 0.3480640 0.3680402 0.3597815 0.4018742 0.3885305 0.3680402 0.4238649 0.5556268 0.4893162 0.3678253 0.4736030 0.1607410 0.4273914 0.4170466 0.4125299 0.4022433 0.4230850 0.5600361 0.8237928 0.6547322 0.5008442 0.9424002 0.8595545 0.7903481 1.3904223 
Hsap_ENST00000562982                                     0.9451338 0.7178812 0.3886093 0.4098584 0.4146821 0.2764012 0.2888016 0.2238038 0.2662310 0.2281664 0.1959335 0.1959335 0.2082103 0.2161716 0.1476710 0.2150646 0.2084676 0.1549961 0.1549961 0.2337573 0.2329757 0.2329757 0.2970705 0.2800533 0.3038282 0.2905574 0.3523668 0.3891046 0.3368854 0.3473615 0.4197313 0.2137804 0.0000000 0.3507772 0.3792646 0.3071329 0.3277936 0.3277936 0.3460025 0.3512318 0.3375761 0.3615479 0.3806993 0.3846727 0.3771481 0.4140201 0.4025319 0.3846727 0.4483736 0.5310733 0.5034940 0.3852140 0.4056811 0.4744544 0.3789408 0.5277429 0.5348123 0.3948875 0.4222060 0.6005918 0.6415021 0.5904907 0.5256742 0.8574712 1.0897789 0.9662085 1.3158386 
Morvir_scaffold243.g28.t1                                0.8050668 0.7027821 0.5287799 0.4165740 0.3953377 0.3516323 0.3703413 0.3175385 0.3967963 0.3684377 0.2625449 0.2625449 0.3637698 0.2303882 0.2842142 0.3057352 0.2856718 0.3288425 0.3288425 0.2847392 0.3415412 0.3415412 0.3695395 0.3391426 0.3617823 0.4283987 0.3677932 0.4161871 0.3554532 0.3413916 0.3811063 0.3179848 0.3507772 0.0000000 0.4559410 0.4060372 0.3826878 0.3826878 0.3654347 0.4031607 0.4084024 0.3867139 0.4132137 0.4752030 0.4864181 0.4684084 0.4796616 0.4752030 0.5246425 0.6924118 0.5097941 0.5416454 0.5417064 0.4607767 0.4652388 0.5035568 0.5320762 0.4327915 0.6431820 0.6926660 0.6382630 0.6813374 0.3733050 0.8005390 1.2161805 0.8764928 1.2179768 
Spis_XP_022803007_1                                      0.9213344 0.7323369 0.5453668 0.5113590 0.5092241 0.4495539 0.2660162 0.2837018 0.3937143 0.3184919 0.2969309 0.2969309 0.3252471 0.2896505 0.3169328 0.3074663 0.3174476 0.3584054 0.3584054 0.4105869 0.3684454 0.3684454 0.4966822 0.2926119 0.3247871 0.3554183 0.4287334 0.4580469 0.4236478 0.4101747 0.4004211 0.2169400 0.3792646 0.4559410 0.0000000 0.0729837 0.4597123 0.4597123 0.4590889 0.4940849 0.4675814 0.4671888 0.5100206 0.4486733 0.4618598 0.4789332 0.4622778 0.4486733 0.4926860 0.6032917 0.5565216 0.5193773 0.4769473 0.4627778 0.3862725 0.5311096 0.5144937 0.5457414 0.5685642 0.5744488 0.7475756 0.7263324 0.4995094 1.0231009 1.0233313 1.1583019 1.3800101 
Pocdam_XM_027191793.1                                    0.8563539 0.8432330 0.4569820 0.4706278 0.4696665 0.3808617 0.1881942 0.2655107 0.3209683 0.2508422 0.2253068 0.2253068 0.2837203 0.2395370 0.2364983 0.2914306 0.2844556 0.2603608 0.2603608 0.3301084 0.3261232 0.3261232 0.4088127 0.2452310 0.2566832 0.2418309 0.3596180 0.3882824 0.3545423 0.3451490 0.4160835 0.1600574 0.3071329 0.4060372 0.0729837 0.0000000 0.3759844 0.3759844 0.3942989 0.4058319 0.3823225 0.4009871 0.4265774 0.3915295 0.4045780 0.4249024 0.4091437 0.3915295 0.4282496 0.5478136 0.5740119 0.4773377 0.4127866 0.4384219 0.3966505 0.5107829 0.4947321 0.4809371 0.5065171 0.6615212 0.7596418 0.6979795 0.4821082 1.0378207 0.9659825 1.0346083 1.2961106 
HoiH23_PlH23_001635-RA                                   0.7247053 0.8973230 0.5059342 0.5636906 0.5572925 0.3667992 0.3283008 0.2723487 0.3403050 0.3151921 0.2262925 0.2262925 0.3360003 0.2377300 0.2321999 0.2999283 0.2927496 0.2335739 0.2335739 0.2841533 0.3793807 0.3793807 0.4260293 0.3784080 0.3419539 0.3942040 0.4340136 0.4513148 0.4368303 0.4257366 0.5021085 0.2848147 0.3277936 0.3826878 0.4597123 0.3759844 0.0000000 0.0000010 0.0117880 0.0118208 0.0119845 0.0238634 0.0240309 0.4782310 0.4892066 0.4851765 0.4965535 0.4782310 0.5267256 0.7318383 0.5178736 0.4306742 0.4478934 0.5545015 0.4817234 0.4761584 0.5050207 0.4278097 0.5064590 0.6451297 0.6263756 0.6644197 0.5981616 0.7548057 1.0275348 0.9657172 1.3135613 
TrH2_TrispH2_005332-RA                                   0.7247053 0.8973230 0.5059342 0.5636906 0.5572925 0.3667992 0.3283008 0.2723487 0.3403050 0.3151921 0.2262925 0.2262925 0.3360003 0.2377300 0.2321999 0.2999283 0.2927496 0.2335739 0.2335739 0.2841533 0.3793807 0.3793807 0.4260293 0.3784080 0.3419539 0.3942040 0.4340136 0.4513148 0.4368303 0.4257366 0.5021085 0.2848147 0.3277936 0.3826878 0.4597123 0.3759844 0.0000010 0.0000000 0.0117880 0.0118208 0.0119845 0.0238634 0.0240309 0.4782310 0.4892066 0.4851765 0.4965535 0.4782310 0.5267256 0.7318383 0.5178736 0.4306742 0.4478934 0.5545015 0.4817234 0.4761584 0.5050207 0.4278097 0.5064590 0.6451297 0.6263756 0.6644197 0.5981616 0.7548057 1.0275348 0.9657172 1.3135613 
Hhon_g00980.t1                                           0.7025576 0.8954723 0.5273083 0.5857046 0.5790880 0.3498346 0.3453114 0.2720858 0.3579649 0.3329893 0.2111448 0.2111448 0.3356308 0.2538149 0.2485375 0.2996140 0.2796209 0.2501544 0.2501544 0.2681276 0.3981186 0.3981186 0.4456479 0.3779489 0.3256404 0.4215039 0.4541452 0.4716561 0.4630762 0.4451711 0.5014300 0.3053749 0.3460025 0.3654347 0.4590889 0.3942989 0.0117880 0.0117880 0.0000000 0.0238387 0.0241672 0.0118795 0.0243195 0.4979481 0.5088655 0.4908756 0.5024752 0.4979481 0.5467662 0.7318383 0.5388954 0.4507652 0.4671084 0.5535917 0.4631010 0.4769003 0.5058227 0.4478649 0.5023951 0.6440539 0.6054415 0.6427109 0.5779776 0.7534213 1.0591469 0.9695300 1.3528610 
Tadh_TriadT63883                                         0.7675714 0.9309095 0.5296826 0.5883531 0.6157099 0.3868627 0.3262399 0.2900417 0.3593817 0.3343280 0.2434134 0.2434134 0.3551675 0.2547555 0.2494736 0.3186857 0.3113351 0.2511105 0.2511105 0.3026171 0.3997692 0.3997692 0.4475504 0.4093488 0.3830503 0.4240424 0.4561274 0.5000284 0.4368303 0.4470529 0.5239805 0.3134357 0.3512318 0.4031607 0.4940849 0.4058319 0.0118208 0.0118208 0.0238387 0.0000000 0.0120165 0.0239163 0.0360137 0.4782310 0.4947322 0.5066627 0.4965535 0.4782310 0.5490548 0.7318383 0.5577139 0.4509342 0.4755840 0.5807907 0.5169330 0.5211715 0.5475591 0.4465809 0.5298901 0.6715889 0.6525023 0.6916624 0.6232883 0.8315543 1.0417170 0.9559952 1.3135613 
HoiH06_mRNA5269                                          0.7618112 0.9423358 0.5365475 0.5957699 0.5889953 0.3918983 0.3374362 0.2938305 0.3639883 0.3387756 0.2467057 0.2467057 0.3597669 0.2581237 0.2528450 0.3229277 0.3154809 0.2545489 0.2545489 0.3066702 0.4049696 0.4049696 0.4533426 0.3849962 0.3657324 0.4319477 0.4621305 0.4799089 0.4368303 0.4527824 0.5302738 0.2948625 0.3375761 0.4084024 0.4675814 0.3823225 0.0119845 0.0119845 0.0241672 0.0120165 0.0000000 0.0237163 0.0238846 0.4782310 0.5026738 0.5127587 0.4965535 0.4782310 0.5555954 0.7318383 0.5286043 0.4366677 0.4485354 0.5886673 0.4899168 0.5049363 0.5136701 0.4248348 0.5366646 0.6798966 0.6606364 0.7002954 0.6310048 0.7936195 1.0448295 0.9702477 1.3135613 
HoiH04_mRNA13266                                         0.7329427 0.9329421 0.5533357 0.6129417 0.6060105 0.3706193 0.3598103 0.2904301 0.3783841 0.3534118 0.2284936 0.2284936 0.3556972 0.2717626 0.2667183 0.3191447 0.2985671 0.2686253 0.2686253 0.2870287 0.4200764 0.4200764 0.4689869 0.3845469 0.3454088 0.4540733 0.4781484 0.4960443 0.4630762 0.4682610 0.5248785 0.3222060 0.3615479 0.3867139 0.4671888 0.4009871 0.0238634 0.0238634 0.0118795 0.0239163 0.0237163 0.0000000 0.0253121 0.4979481 0.5279191 0.5141849 0.5024752 0.4979481 0.5712876 0.7318383 0.5430825 0.4616878 0.4718744 0.5819726 0.4712973 0.5009815 0.5148986 0.4554986 0.5273429 0.6729192 0.6334912 0.6720827 0.6048199 0.7856600 1.0775984 0.9854534 1.3528610 
HoiH11_mRNA7080                                          0.7923962 0.9706729 0.5588500 0.6190719 0.6261890 0.3964444 0.3716188 0.3046651 0.3817555 0.3566262 0.2491845 0.2491845 0.3722769 0.2740801 0.2690312 0.3347701 0.3027386 0.2709893 0.2709893 0.3099858 0.4239749 0.4239749 0.4734455 0.4255820 0.3887985 0.4602316 0.4827924 0.5226163 0.4613287 0.4726640 0.5462563 0.3480640 0.3806993 0.4132137 0.5100206 0.4265774 0.0240309 0.0240309 0.0243195 0.0360137 0.0238846 0.0253121 0.0000000 0.4965535 0.5272304 0.4963847 0.4787978 0.4965535 0.5765775 0.7318383 0.5454379 0.4526369 0.4831320 0.6084938 0.5229683 0.5281614 0.5574497 0.4789770 0.5363532 0.7005544 0.6697412 0.7101911 0.6394883 0.8465854 1.0654254 0.9546230 1.3475357 
HoiH23_PlH23_001634-RA                                   0.8147914 0.7411459 0.5687467 0.4364944 0.4315097 0.4341522 0.3724492 0.3580048 0.3864301 0.3502098 0.2817854 0.2817854 0.3719610 0.2559872 0.2687256 0.3180162 0.3251081 0.3754368 0.3754368 0.4116444 0.3314070 0.3314070 0.3635180 0.2698147 0.3335508 0.4523493 0.4330917 0.4474143 0.4740196 0.4055081 0.4972303 0.3680402 0.3846727 0.4752030 0.4486733 0.3915295 0.4782310 0.4782310 0.4979481 0.4782310 0.4782310 0.4979481 0.4965535 0.0000000 0.0000010 0.0122269 0.0122269 0.0000010 0.0501252 0.2013751 0.4968319 0.5027013 0.4680957 0.5042323 0.4637923 0.3935835 0.3935835 0.5358247 0.5859027 0.6291727 0.5761877 0.6822780 0.4905476 0.8233235 0.9609850 0.9885289 1.2367544 
HoiH06_mRNA5267                                          0.8264578 0.7528765 0.5798500 0.4479993 0.4429551 0.4455327 0.3655677 0.3695662 0.3977378 0.3620581 0.2931854 0.2931854 0.3832789 0.2674998 0.2806937 0.3296050 0.3365575 0.3869026 0.3869026 0.4229713 0.3427155 0.3427155 0.3749022 0.2831018 0.3446074 0.4682770 0.4442427 0.4584837 0.4740196 0.4169279 0.5082861 0.3597815 0.3771481 0.4864181 0.4618598 0.4045780 0.4892066 0.4892066 0.5088655 0.4947322 0.5026738 0.5279191 0.5272304 0.0000010 0.0000000 0.0242497 0.0122269 0.0000010 0.0621213 0.2013751 0.5122906 0.5190029 0.4849959 0.5165419 0.4770329 0.4057000 0.4074985 0.5471707 0.5977637 0.6405431 0.5875003 0.6942554 0.5018716 0.8350417 0.9668785 1.0093139 1.2367544 
Hhon_g00981.t1                                           0.7997222 0.7394331 0.5744178 0.4443568 0.4393985 0.4280933 0.4002210 0.3615853 0.3947940 0.3594116 0.2784447 0.2784447 0.3753597 0.2658923 0.2788978 0.3218721 0.3055638 0.3840501 0.3840501 0.4060515 0.3403999 0.3403999 0.3722108 0.2953016 0.3294796 0.4628855 0.4407591 0.4548381 0.4981372 0.4137174 0.4992945 0.4018742 0.4140201 0.4684084 0.4789332 0.4249024 0.4851765 0.4851765 0.4908756 0.5066627 0.5127587 0.5141849 0.4963847 0.0122269 0.0242497 0.0000000 0.0000010 0.0122269 0.0618697 0.2013751 0.5370470 0.5446818 0.4993272 0.5064347 0.4850655 0.3846054 0.4108643 0.5820928 0.5682141 0.6294132 0.5671528 0.6701204 0.4833701 0.8200568 1.0202159 1.0144737 1.2685445 
HoiH04_mRNA13264                                         0.8219698 0.7598764 0.5886157 0.4550463 0.4498859 0.4383118 0.3892633 0.3700185 0.4038720 0.3678895 0.2845264 0.2845264 0.3839943 0.2716306 0.2852106 0.3292218 0.3123595 0.3929469 0.3929469 0.4155809 0.3479696 0.3479696 0.3807086 0.2802462 0.3366851 0.4784988 0.4510149 0.4654257 0.4981372 0.4234283 0.5112661 0.3885305 0.4025319 0.4796616 0.4622778 0.4091437 0.4965535 0.4965535 0.5024752 0.4965535 0.4965535 0.5024752 0.4787978 0.0122269 0.0122269 0.0000010 0.0000000 0.0122269 0.0630752 0.2013751 0.5160516 0.5219095 0.4871930 0.5200178 0.4682409 0.3941168 0.3941168 0.5554672 0.5831833 0.6457770 0.5815290 0.6887754 0.4951827 0.8430087 0.9886165 0.9833434 1.2685445 
HoiH11_mRNA7082                                          0.8147914 0.7411459 0.5687467 0.4364944 0.4315097 0.4341522 0.3724492 0.3580048 0.3864301 0.3502098 0.2817854 0.2817854 0.3719610 0.2559872 0.2687256 0.3180162 0.3251081 0.3754368 0.3754368 0.4116444 0.3314070 0.3314070 0.3635180 0.2698147 0.3335508 0.4523493 0.4330917 0.4474143 0.4740196 0.4055081 0.4972303 0.3680402 0.3846727 0.4752030 0.4486733 0.3915295 0.4782310 0.4782310 0.4979481 0.4782310 0.4782310 0.4979481 0.4965535 0.0000010 0.0000010 0.0122269 0.0122269 0.0000000 0.0501252 0.2013751 0.4968319 0.5027013 0.4680957 0.5042323 0.4637923 0.3935835 0.3935835 0.5358247 0.5859027 0.6291727 0.5761877 0.6822780 0.4905476 0.8233235 0.9609850 0.9885289 1.2367544 
TrH2_TrispH2_005331-RA                                   0.7799168 0.7782119 0.6203803 0.4378211 0.4330112 0.4830463 0.4382406 0.3752836 0.4334573 0.3982208 0.3256393 0.3256393 0.3944676 0.2994116 0.3143391 0.3638537 0.3706191 0.3870091 0.3870091 0.4595684 0.3612832 0.3612832 0.3588368 0.3334516 0.3733968 0.4907690 0.4605992 0.4748419 0.5249903 0.4536032 0.5218489 0.4238649 0.4483736 0.5246425 0.4926860 0.4282496 0.5267256 0.5267256 0.5467662 0.5490548 0.5555954 0.5712876 0.5765775 0.0501252 0.0621213 0.0618697 0.0630752 0.0501252 0.0000000 0.1177553 0.5142421 0.5404998 0.4884131 0.5516531 0.5084305 0.4122246 0.4398068 0.5900134 0.6111760 0.6214887 0.6156617 0.6938300 0.4979547 0.7589182 0.9944659 1.0904011 1.2552293 
Tadh_wf_g4578.t1                                         1.2120732 1.1218247 0.7563026 0.6335641 0.6240875 0.6178284 0.6349020 0.4837193 0.6057656 0.5576441 0.4469664 0.4469664 0.5493556 0.4154984 0.4720019 0.4491210 0.4491210 0.5297391 0.5297391 0.6368932 0.5112987 0.5112987 0.5648160 0.4027608 0.5307422 0.8426969 0.6364004 0.6830879 0.7427674 0.6591490 0.7237054 0.5556268 0.5310733 0.6924118 0.6032917 0.5478136 0.7318383 0.7318383 0.7318383 0.7318383 0.7318383 0.7318383 0.7318383 0.2013751 0.2013751 0.2013751 0.2013751 0.2013751 0.1177553 0.0000000 0.7624970 0.6746055 0.6748099 0.7947505 0.6152367 0.6593187 0.6593187 0.7248213 0.7350949 0.8522789 0.7643399 0.8148812 0.6369574 1.1462145 1.4518044 1.2490597 1.2521167 
Dpul_mRNA1553                                            0.7529109 0.8218477 0.6438520 0.4981139 0.4853273 0.4171537 0.5312474 0.3511492 0.4153485 0.3659958 0.4396100 0.4396100 0.4720900 0.3438294 0.3577520 0.3933576 0.3852269 0.4055214 0.4055214 0.4390089 0.5174129 0.5174129 0.5295239 0.5039006 0.5455187 0.5650038 0.4840214 0.5282338 0.3472542 0.4552515 0.4699711 0.4893162 0.5034940 0.5097941 0.5565216 0.5740119 0.5178736 0.5178736 0.5388954 0.5577139 0.5286043 0.5430825 0.5454379 0.4968319 0.5122906 0.5370470 0.5160516 0.4968319 0.5142421 0.7624970 0.0000000 0.3269216 0.4366344 0.6653931 0.5356108 0.6253908 0.6098840 0.6611971 0.8336151 0.6998448 0.7530762 0.9376432 0.5840950 0.6363293 0.9176556 0.8873540 1.3150175 
Tcas_TC030050_001                                        0.8041012 0.6757353 0.4571434 0.4656069 0.4628069 0.3400608 0.4789591 0.2592461 0.3578593 0.3063855 0.3790073 0.3790073 0.3669426 0.3224379 0.3046054 0.3495476 0.3570154 0.2879503 0.2879503 0.3913059 0.4292556 0.4292556 0.4562713 0.4302429 0.4364762 0.4703623 0.4546448 0.4487350 0.3770506 0.4682420 0.4632249 0.3678253 0.3852140 0.5416454 0.5193773 0.4773377 0.4306742 0.4306742 0.4507652 0.4509342 0.4366677 0.4616878 0.4526369 0.5027013 0.5190029 0.5446818 0.5219095 0.5027013 0.5404998 0.6746055 0.3269216 0.0000000 0.3944563 0.5627848 0.4956118 0.6115861 0.6107439 0.5430458 0.6562291 0.5796976 0.8663607 0.8051265 0.5793888 0.7502994 0.8917357 0.7523977 1.1613651 
Cscu_XM_023385450.1                                      1.0066261 0.8472818 0.5727508 0.5014538 0.5112810 0.3940384 0.4654479 0.3724111 0.4042064 0.3748397 0.3426829 0.3426829 0.3692328 0.3066432 0.3159305 0.3486158 0.3410392 0.3471323 0.3471323 0.3636355 0.4540763 0.4540763 0.4839789 0.4154488 0.4955829 0.5359364 0.4971732 0.5552638 0.4875030 0.4360879 0.4414845 0.4736030 0.4056811 0.5417064 0.4769473 0.4127866 0.4478934 0.4478934 0.4671084 0.4755840 0.4485354 0.4718744 0.4831320 0.4680957 0.4849959 0.4993272 0.4871930 0.4680957 0.4884131 0.6748099 0.4366344 0.3944563 0.0000000 0.6526162 0.4534275 0.5862534 0.5934335 0.4543809 0.6094059 0.6418097 0.7764801 0.6815060 0.5992049 0.6745888 0.6415225 0.9410099 1.0356696 
Adig_XM_015899369.1                                      0.9270866 0.7845496 0.5859613 0.6644790 0.6356175 0.4728640 0.3491806 0.3268049 0.4288106 0.3648486 0.3059164 0.3059164 0.3312841 0.2370979 0.3571442 0.2709903 0.2808202 0.4179254 0.4179254 0.4325770 0.4158160 0.4158160 0.5007496 0.1684506 0.3076283 0.2250854 0.5243069 0.5373392 0.3044213 0.4517462 0.5093791 0.1607410 0.4744544 0.4607767 0.4627778 0.4384219 0.5545015 0.5545015 0.5535917 0.5807907 0.5886673 0.5819726 0.6084938 0.5042323 0.5165419 0.5064347 0.5200178 0.5042323 0.5516531 0.7947505 0.6653931 0.5627848 0.6526162 0.0000000 0.5895965 0.4795238 0.5116015 0.6831437 0.7003647 0.7935623 0.8519989 0.8233579 0.6801218 1.0067156 1.2555571 1.1002848 1.6340467 
