87
Spolac_c98138_g1_i1_m.16530c98138-g1                   0.0000000 0.0919826 0.1510524 0.1306329 0.1579544 0.1415096 0.1415096 0.0000010 0.2370506 0.0960500 0.1650847 0.3733498 0.4895194 0.6216192 0.4880536 0.4609915 0.5819365 0.5819365 0.6102418 0.5250238 0.4805348 0.5480663 0.4665998 0.4636226 0.5480663 0.4362232 0.4937562 0.4942422 0.5676485 0.5436018 0.5947427 0.5772395 0.5734613 0.6235554 0.6324670 0.3782488 0.5792464 0.5820023 1.0950078 0.6295213 0.4828496 0.4819878 0.4876843 0.4876843 0.5004779 0.8064055 0.4512462 0.5413223 0.5708928 0.5137092 0.5810143 0.3256350 0.5870294 0.5878817 0.6531517 0.6050294 0.6517244 0.5356384 0.8360757 0.8713035 0.7783769 0.6427472 0.6427472 0.5911421 0.8367961 0.6941899 3.4180235 0.7560909 0.7560909 0.7598354 0.7598354 0.7370384 0.7598354 0.7646288 0.6915234 0.5888202 0.5147380 0.6056054 0.8431012 0.5435327 0.6319966 0.5526175 0.7596759 0.6739188 0.0000010 1.6137435 0.0000010 
Spolac_c98138_g1_i3_m.16532c98138-g1                   0.0919826 0.0000000 0.1626566 0.2560252 0.2549495 0.2819771 0.2891864 0.1286498 0.4849223 0.2317679 0.2710902 0.3409856 0.3881855 0.4720754 0.3097938 0.7290966 0.7042646 0.7417222 0.6975956 0.7424947 0.7041692 0.7924658 0.7462026 0.7236713 0.7698381 0.7275633 0.7123818 0.7241618 0.7668441 0.7144176 0.7083304 0.7770765 0.7364900 0.8456729 0.8246087 0.5972333 0.7990581 0.8678171 0.8854193 0.7584347 0.6723870 0.7056412 0.7276448 0.7470433 0.7234725 0.8602315 0.7158294 0.7341139 0.7875276 0.7868167 0.7357313 0.5238411 0.7216249 0.7365821 0.8511620 0.9605243 0.7866893 0.8368196 0.9623272 0.9610164 0.9683769 0.8444563 0.8444563 0.8274731 0.9513094 0.9039329 0.8889772 1.0096860 0.8968207 0.9559402 0.9358872 0.9413748 1.0745626 0.9346556 0.9911053 0.8528332 0.8648540 0.7919162 0.9553322 0.8800100 0.8819375 0.9072336 0.9999183 1.2223660 1.0521198 1.0122285 0.6189233 
Emue_Em0018g480a.t1                                    0.1510524 0.1626566 0.0000000 0.1534759 0.1527899 0.1742997 0.1867904 0.1776077 0.2619086 0.1714715 0.2277003 0.3327515 0.4079844 0.4998666 0.2960322 0.6894733 0.7191266 0.7348102 0.7347533 0.7553235 0.7231193 0.7534699 0.7111343 0.6865232 0.7315221 0.6857675 0.6854407 0.7016815 0.7655112 0.7397377 0.7148876 0.8107567 0.7361379 0.8151701 0.8008284 0.5882822 0.7992641 0.8273591 0.8354199 0.7322919 0.7296427 0.7526151 0.7766450 0.8038399 0.7742909 0.8908518 0.7409834 0.7601949 0.7676581 0.7073325 0.7216055 0.5797586 0.7483235 0.7258519 0.8513084 0.9520138 0.7811451 0.8677476 0.9164101 0.9124788 0.9285350 0.7936918 0.7936918 0.7911677 0.9007007 0.8711324 0.8593642 0.9403610 0.8278538 0.9077305 0.9073684 0.9157733 1.0189072 0.9078140 0.9704416 0.8296034 0.8773172 0.9164687 0.9155126 0.8604099 0.9163092 0.9092960 0.9436557 1.1683841 0.9805748 1.0435773 0.6677414 
Emue_Em0018g439a.t1                                    0.1306329 0.2560252 0.1534759 0.0000000 0.0200589 0.0235886 0.0204696 0.2605478 0.4374143 0.1927434 0.2397601 0.4216636 0.5004058 0.6131263 0.3151653 0.7960474 0.8305678 0.8359329 0.8017833 0.8782961 0.7948986 0.8304482 0.7831651 0.7732183 0.8055855 0.7306527 0.7625039 0.8238028 0.8873204 0.8621606 0.8647836 0.8814366 0.8462300 0.9108475 0.8842414 0.6448855 0.8949353 0.9073739 0.9208127 0.8280970 0.7625504 0.7872517 0.8132450 0.8426032 0.8067463 0.9507854 0.8116752 0.8074588 0.9042137 0.7877709 0.8719817 0.6568698 0.8533073 0.8901647 1.0423336 1.1588656 0.9490583 1.0049001 1.0688902 1.0730198 1.0559682 0.9342613 0.9342613 0.8739293 1.0261150 1.0140798 0.9395081 1.0744674 0.9670824 1.0453941 1.0452806 1.0543527 1.1405447 1.0574369 1.0853332 0.9729443 0.9701207 0.9648639 1.0021733 0.9371755 0.9681753 1.0289514 1.0656763 1.2694806 1.1338486 1.1686989 0.7688977 
Emue_Em0018g455a.t1                                    0.1579544 0.2549495 0.1527899 0.0200589 0.0000000 0.0323554 0.0414290 0.2605478 0.4367468 0.2012397 0.2363970 0.4193269 0.5003522 0.6134204 0.3437498 0.8237551 0.8596229 0.8593020 0.8246681 0.9024132 0.8249885 0.8651932 0.8168496 0.8074157 0.8396396 0.7591063 0.7864980 0.8459417 0.9103453 0.8871758 0.8898469 0.9047937 0.8679735 0.9262886 0.8996442 0.6588913 0.9103885 0.9227856 0.9377813 0.8436373 0.7662258 0.7907934 0.8166010 0.8457852 0.8101688 0.9498852 0.8121956 0.8301743 0.9185767 0.8023014 0.8899509 0.6825922 0.8745695 0.9188277 1.0647973 1.1663920 0.9684734 1.0461278 1.0767034 1.0808361 1.0577240 0.9367172 0.9367172 0.8938580 1.0278011 1.0158567 0.9560191 1.0845486 0.9782555 1.0473577 1.0472487 1.0562288 1.1502697 1.0592886 1.0864634 0.9846402 0.9834336 0.9839464 1.0362853 0.9463633 1.0122351 1.0662537 1.0728962 1.2827724 1.1751508 1.1662022 0.7688977 
Emue_Em0018g435a.t1                                    0.1415096 0.2819771 0.1742997 0.0235886 0.0323554 0.0000000 0.0456570 0.2605478 0.4632921 0.2110493 0.2578229 0.4504250 0.5290238 0.6546206 0.3342031 0.8399091 0.8674272 0.8817506 0.8528684 0.9175659 0.8407783 0.8743657 0.8297071 0.8237329 0.8376198 0.7765669 0.8045744 0.8755032 0.8958487 0.9095023 0.9122715 0.9062957 0.9048895 0.9469729 0.9196947 0.6971321 0.9326840 0.9407578 0.9813145 0.8519205 0.8021757 0.8236509 0.8545739 0.8707304 0.8235024 0.9851253 0.8446106 0.8429320 0.9372045 0.8196943 0.9097967 0.7174728 0.8945300 0.9454538 1.0778674 1.1428160 1.0044763 1.0461715 1.1147293 1.1190671 1.0807801 0.9581079 0.9581079 0.9584142 1.0509253 1.0506432 1.0240790 1.1219063 0.9869525 1.0715209 1.0854632 1.0947211 1.2049173 1.0903979 1.1127291 1.0022443 0.9970035 1.0000682 1.0381812 0.9734842 1.0377831 1.0912181 1.0894489 1.2794052 1.2314550 1.2094844 0.7688977 
Emue_Em0297g2a.t1                                      0.1415096 0.2891864 0.1867904 0.0204696 0.0414290 0.0456570 0.0000000 0.2605478 0.4893572 0.2263000 0.2823020 0.4529724 0.5414489 0.6630135 0.3342031 0.8695198 0.8338333 0.8924635 0.8649968 0.9449535 0.8572945 0.9005553 0.8505509 0.8415274 0.8739945 0.7993833 0.8329326 0.8938438 0.8900606 0.9355975 0.9384569 0.9426835 0.9200683 0.9537978 0.9264170 0.6970268 0.9375171 0.9501585 0.9842771 0.8851909 0.8258058 0.8451512 0.8708907 0.9019677 0.8645245 1.0260005 0.8806836 0.8781021 0.9757590 0.8536509 0.9260685 0.7205201 0.9073938 0.9551270 1.1160091 1.1384858 1.0254496 1.0836990 1.1445758 1.1490907 1.1301102 1.0032040 1.0032040 1.0101343 1.0886075 1.0960584 1.0683800 1.1550475 1.0450611 1.1157681 1.1157629 1.1253008 1.2278731 1.1326996 1.1610720 1.0083929 1.0055442 1.0529640 1.0719587 0.9945255 1.0186459 1.0538209 1.1267914 1.2690073 1.2508269 1.1588412 0.7688977 
Spolac_c98138_g1_i2_m.16531c98138-g1                   0.0000010 0.1286498 0.1776077 0.2605478 0.2605478 0.2605478 0.2605478 0.0000000 0.1776077 0.2362289 0.2699403 0.2366440 0.3019594 0.3144581 0.3044915 0.5731921 0.4711005 0.4711005 0.5332537 0.6520075 0.5387257 0.6095717 0.6095717 0.6095717 0.6095717 0.5291607 0.5623556 0.5853731 0.4508192 0.4349890 0.4278357 0.3884749 0.5347115 0.6291372 0.6291372 0.5695212 0.6247442 0.6357666 0.6115297 0.5453552 0.5261926 0.5261926 0.5624534 0.5624534 0.5783651 0.6016964 0.6016964 0.5987270 0.6219000 0.6117437 0.6142817 0.5775128 0.6662258 0.6856389 0.6284235 0.6565910 0.6953848 1.0655508 0.8140519 0.8140519 0.7070194 0.6542659 0.6542659 0.6626100 0.7053864 0.8464485 0.6749821 0.6494848 0.6494848 0.7048471 0.7048471 0.7048471 0.7048471 0.6978418 0.7636535 0.5888330 0.6687544 0.7512599 0.6896234 0.6518083 0.6545839 0.7711625 0.6721275 0.6057819 0.6902250 0.8871122 0.5304844 
Emue_Em0018g469a.t1                                    0.2370506 0.4849223 0.2619086 0.4374143 0.4367468 0.4632921 0.4893572 0.1776077 0.0000000 0.5292931 0.3980085 0.5657920 0.8065901 0.8887207 0.3236926 1.0245886 1.0040974 1.0411316 1.1048400 1.0258775 0.9762068 1.0566806 1.0144352 0.9728785 1.0235056 1.0193218 0.9816390 0.9902050 1.1619132 1.0011366 0.9766517 1.0884142 0.9551744 1.1585305 1.1650708 0.6085157 1.1754293 1.1585723 1.0368947 1.0291151 1.0395522 1.0760200 1.1028952 1.1170109 1.0924363 1.2229931 1.0147675 1.1052771 1.0897803 1.0690128 0.9785536 0.5998424 1.0379158 1.0421489 1.1448601 1.3935964 1.1044860 1.2710762 1.3467238 1.3439256 1.3628303 1.2014920 1.2014920 0.7857324 1.3386587 1.2356952 0.8536831 1.1244233 1.0297250 1.3515277 1.3432461 1.3537753 1.1591199 1.3238191 1.3202848 1.2025048 1.1520417 1.2775845 1.2070992 1.1841850 1.0572333 1.1335598 1.4144978 1.5567348 0.9733603 1.4995056 0.6677414 
Emue_Em0018g445a.t1                                    0.0960500 0.2317679 0.1714715 0.1927434 0.2012397 0.2110493 0.2263000 0.2362289 0.5292931 0.0000000 0.0827548 0.4195000 0.4283055 0.5809540 0.3199415 0.7496180 0.7969335 0.8033851 0.7504694 0.8508798 0.7601460 0.8053279 0.7681119 0.7491445 0.7976174 0.7152787 0.7268187 0.7923392 0.8614221 0.8438817 0.8440410 0.8496202 0.7842317 0.8684943 0.8510488 0.6183352 0.8367465 0.8857712 0.8806885 0.8328736 0.7246449 0.7514972 0.7649727 0.7918884 0.7749495 0.8948616 0.7562431 0.7843714 0.8727352 0.8067782 0.8320146 0.6580498 0.8356289 0.8719520 0.9622628 1.0860639 0.8988040 0.9701822 1.0053753 1.0230184 0.9702228 0.8325454 0.8325454 0.7679532 0.9219771 0.9390844 0.9076476 1.0004826 0.8905977 0.9876350 0.9874236 0.9959623 1.1238930 0.9719394 1.0325766 0.9259268 0.9716139 0.9203401 0.9787205 0.8908156 0.9177396 0.9848982 1.0845864 1.2938102 1.1504664 1.0961360 0.6836148 
Emue_Em0018g478a.t1                                    0.1650847 0.2710902 0.2277003 0.2397601 0.2363970 0.2578229 0.2823020 0.2699403 0.3980085 0.0827548 0.0000000 0.4393138 0.4587860 0.6065238 0.3104966 0.6770988 0.7471482 0.7925728 0.6851405 0.8614292 0.7334912 0.7895431 0.7578605 0.7358594 0.7843093 0.6868518 0.6602138 0.7144815 0.7746307 0.7722237 0.7608949 0.7703128 0.7149704 0.8350202 0.8196320 0.6172343 0.8013936 0.8251370 0.8904298 0.7662423 0.7183496 0.7339608 0.7494822 0.7494822 0.7384866 0.8553755 0.6966659 0.7532428 0.8183974 0.7932576 0.7671431 0.6172324 0.7851510 0.8448563 0.8868760 1.0679412 0.8604503 0.9391782 1.0020697 1.0221219 0.9835821 0.8518401 0.8518401 0.8164196 0.9376098 0.9638580 0.9382489 0.9421611 0.9508078 0.9769899 0.9838141 0.9962179 1.0733197 0.9623410 1.0580842 0.8827832 0.9281587 0.8844602 0.9553030 0.8471806 0.8266581 0.9400647 1.1471986 1.1825385 1.1147031 1.2251355 0.7017413 
Emue_Em0018g482a.t1                                    0.3733498 0.3409856 0.3327515 0.4216636 0.4193269 0.4504250 0.4529724 0.2366440 0.5657920 0.4195000 0.4393138 0.0000000 0.4656142 0.5725476 0.3790575 0.8595380 0.7842931 0.8192630 0.7498191 0.8200219 0.7240224 0.8557750 0.8409044 0.8409044 0.8325835 0.7926442 0.8316625 0.8424535 0.9429489 0.8866141 0.8266172 0.9005990 0.8177748 0.7924030 0.7736037 0.5744339 0.7646548 0.8407468 0.8518661 0.7153051 0.7556579 0.7738752 0.8029477 0.8119019 0.8171792 0.9144154 0.8143982 0.7517998 0.7880848 0.8146697 0.7813885 0.6213105 0.7644494 0.8190803 0.8564403 0.9748503 0.8545949 0.9104482 0.9442212 0.9379220 0.9926728 0.9158219 0.9158219 0.8907150 0.9558361 0.9699521 0.9424274 1.0110356 0.9264604 1.0292219 1.0517492 1.0405503 1.0685300 0.9534090 1.0220986 0.8700424 0.9373707 1.0154372 0.9285212 0.8681606 0.8987529 0.9755410 1.0645057 1.2434140 1.2113481 1.0175074 0.7580663 
Stycar_maker-SC_scaffold4147-snap-gene-0.57-mRNA-1     0.4895194 0.3881855 0.4079844 0.5004058 0.5003522 0.5290238 0.5414489 0.3019594 0.8065901 0.4283055 0.4587860 0.4656142 0.0000000 0.3161260 0.3189613 0.6267166 0.6811303 0.6878878 0.6087662 0.7229860 0.6536510 0.7574529 0.7264813 0.6891334 0.7207865 0.6773154 0.6308808 0.7203969 0.7526690 0.7177233 0.6882061 0.7158038 0.7108538 0.6620052 0.6891346 0.4740993 0.6894764 0.7008490 0.7440730 0.6363540 0.6593355 0.6706926 0.6652296 0.6824647 0.6850903 0.7876439 0.6570287 0.7142501 0.7611050 0.7324336 0.6960949 0.5781539 0.6849862 0.7410786 0.7452554 0.9365751 0.6792530 0.7199183 0.9123723 0.9020640 0.9802800 0.8163042 0.8163042 0.8076703 0.8965654 0.8363747 0.9231080 0.9995151 0.8689143 0.8525008 0.8622715 0.8650903 0.9907772 0.8266014 0.9276162 0.7710179 0.7628605 0.8560447 0.7899577 0.7356188 0.8261513 0.8279193 0.9453939 1.0932315 1.0141228 0.7297092 0.8804790 
Tetwil_g11575.t1                                       0.6216192 0.4720754 0.4998666 0.6131263 0.6134204 0.6546206 0.6630135 0.3144581 0.8887207 0.5809540 0.6065238 0.5725476 0.3161260 0.0000000 0.3686516 0.7182298 0.7191299 0.7308019 0.7401304 0.8036936 0.7748461 0.8133851 0.7743587 0.7267696 0.8013805 0.7103268 0.6588872 0.7002038 0.7668204 0.7634276 0.7291117 0.7896061 0.7789767 0.7767661 0.7750534 0.5420400 0.7990199 0.7902534 0.8804299 0.6890733 0.6894832 0.7076772 0.7050164 0.7418141 0.7445305 0.8056613 0.6983842 0.8331556 0.7208562 0.7741952 0.6653184 0.5321778 0.7112276 0.6988922 0.7972042 0.9458813 0.8153896 0.8847033 0.9060691 0.8861080 1.0085694 0.9543898 0.9543898 0.9428523 0.9749143 0.8815184 0.9399535 1.0749565 0.9126584 0.8855940 0.8654935 0.8874347 1.0407762 0.8071121 0.9642397 0.8536967 0.8897307 0.9467778 0.8959729 0.7957016 0.9417238 0.9518367 0.9479542 1.0787382 0.9799919 0.5127182 0.8585841 
Lcom_lcpid184046                                       0.4880536 0.3097938 0.2960322 0.3151653 0.3437498 0.3342031 0.3342031 0.3044915 0.3236926 0.3199415 0.3104966 0.3790575 0.3189613 0.3686516 0.0000000 0.2445678 0.2481688 0.2481688 0.2605394 0.2708104 0.2799086 0.3013154 0.3013154 0.3013154 0.3013154 0.2674287 0.2785413 0.3270724 0.2947740 0.2863997 0.3263835 0.3496461 0.3018830 0.2523087 0.2523087 0.2568029 0.2634487 0.2850502 0.5118536 0.2832886 0.3220302 0.3220302 0.3220302 0.3220302 0.3347521 0.3220302 0.3220302 0.3168964 0.3423715 0.3553162 0.3216000 0.3235593 0.3232407 0.3248422 0.3144276 0.3237132 0.4333921 0.2429929 0.4075004 0.3931997 0.4063539 0.3646033 0.3646033 0.3493508 0.3884826 0.3643518 0.3210702 0.3505093 0.3505093 0.3264052 0.3264052 0.3264052 0.3264052 0.3480994 0.3689012 0.3386696 0.3112079 0.3614041 0.3232693 0.2768545 0.4949702 0.4276474 0.4615518 0.4720217 0.2387501 0.7794309 0.7196255 
Bralan_BLAG07000055_1                                  0.4609915 0.7290966 0.6894733 0.7960474 0.8237551 0.8399091 0.8695198 0.5731921 1.0245886 0.7496180 0.6770988 0.8595380 0.6267166 0.7182298 0.2445678 0.0000000 0.4361281 0.4162743 0.3921483 0.4225699 0.3837453 0.3961122 0.3822080 0.3760353 0.4087213 0.4602621 0.4230971 0.4225586 0.4699888 0.4715383 0.4369787 0.4529843 0.4194419 0.5497656 0.5515516 0.4910308 0.6027765 0.5313377 0.6851161 0.4959999 0.4467944 0.4765434 0.4536313 0.4859066 0.4814619 0.5717927 0.4745371 0.4863898 0.5202822 0.5796579 0.6025355 0.4854768 0.5638896 0.6096688 0.6060582 0.7087200 0.4114277 0.4604112 0.5635496 0.5624789 0.6054845 0.5809334 0.5809334 0.6017889 0.6048878 0.6108815 0.6090367 0.7593973 0.6492729 0.6133788 0.6030939 0.5849247 0.7554740 0.5573904 0.7020884 0.6522252 0.6225016 0.6510459 0.6355999 0.5878024 0.6871892 0.5989639 1.0453540 1.1445527 0.6957905 1.2812410 1.1514506 
Hsap_ENST00000570054                                   0.5819365 0.7042646 0.7191266 0.8305678 0.8596229 0.8674272 0.8338333 0.4711005 1.0040974 0.7969335 0.7471482 0.7842931 0.6811303 0.7191299 0.2481688 0.4361281 0.0000000 0.0229089 0.3905916 0.4250962 0.4493794 0.4788096 0.4642469 0.4558217 0.4726580 0.4946392 0.4452680 0.4883618 0.6259618 0.4752026 0.4936060 0.4733460 0.3158326 0.5168350 0.5329641 0.3746065 0.5338144 0.5171423 0.6108026 0.4534587 0.5091960 0.5308066 0.5044049 0.5098383 0.5541683 0.5896299 0.5022413 0.4557130 0.5830751 0.5892365 0.6198867 0.4101630 0.6223302 0.5923244 0.6268780 0.6644336 0.4471071 0.4831753 0.6822899 0.6787709 0.7060939 0.7278475 0.7278475 0.5973295 0.7179534 0.6959928 0.5845128 0.8548264 0.7244786 0.6656319 0.6593536 0.6646451 0.8066171 0.6863716 0.7262958 0.6412182 0.6846739 0.6568878 0.6463804 0.5435589 0.6720488 0.6114016 1.0768564 0.9592941 0.6900951 1.1250249 1.1546028 
Hsap_ENST00000254950                                   0.5819365 0.7417222 0.7348102 0.8359329 0.8593020 0.8817506 0.8924635 0.4711005 1.0411316 0.8033851 0.7925728 0.8192630 0.6878878 0.7308019 0.2481688 0.4162743 0.0229089 0.0000000 0.3761076 0.4263992 0.4562675 0.4800686 0.4647236 0.4570725 0.4811638 0.4760166 0.4322801 0.4560070 0.5792581 0.4506957 0.4668375 0.4673646 0.3075240 0.5050647 0.5206919 0.4153947 0.5403881 0.5164469 0.6141367 0.4307946 0.4866114 0.5071742 0.4836371 0.5051057 0.5443229 0.5730345 0.4920931 0.4326965 0.5378706 0.5473429 0.6396857 0.4764154 0.6205190 0.6079722 0.6189963 0.7222410 0.4413429 0.5101912 0.6738667 0.6706647 0.6769652 0.7080082 0.7080082 0.6726565 0.7244357 0.7002023 0.6260650 0.8377961 0.7525180 0.6942961 0.7020344 0.6784590 0.8618820 0.6771728 0.7337042 0.6424717 0.6906784 0.6753129 0.6849425 0.5184695 0.7378801 0.6449641 1.0947832 1.0379316 0.7614170 1.1210018 1.1546028 
Tcas_TC003829_001                                      0.6102418 0.6975956 0.7347533 0.8017833 0.8246681 0.8528684 0.8649968 0.5332537 1.1048400 0.7504694 0.6851405 0.7498191 0.6087662 0.7401304 0.2605394 0.3921483 0.3905916 0.3761076 0.0000000 0.4540299 0.3945359 0.4612707 0.4338168 0.4198485 0.4601786 0.5225127 0.4128605 0.4293720 0.5101967 0.4498083 0.4415578 0.4777321 0.3756399 0.5326295 0.5332369 0.4217564 0.5535897 0.5385877 0.6797352 0.4638739 0.4474505 0.4684877 0.4432710 0.4672051 0.4600109 0.5100294 0.4210521 0.3123336 0.5398980 0.5852845 0.6227814 0.4741072 0.5808756 0.6306444 0.6383345 0.7949988 0.4179807 0.4092952 0.6614169 0.6634139 0.7092776 0.7310848 0.7310848 0.7355632 0.6916481 0.6694292 0.7142796 0.8709022 0.7740736 0.6927414 0.6956066 0.6947056 0.8567494 0.6609586 0.7717185 0.6847681 0.7384051 0.6249276 0.5766852 0.5651738 0.6436946 0.6666998 1.0939714 1.1219821 0.7374804 1.1960733 1.1316521 
Lcom_lcpid86784                                        0.5250238 0.7424947 0.7553235 0.8782961 0.9024132 0.9175659 0.9449535 0.6520075 1.0258775 0.8508798 0.8614292 0.8200219 0.7229860 0.8036936 0.2708104 0.4225699 0.4250962 0.4263992 0.4540299 0.0000000 0.2640902 0.3768390 0.3485479 0.3139646 0.3743786 0.5052292 0.4421324 0.4820638 0.5199046 0.4942685 0.4626856 0.5085690 0.4380303 0.5128297 0.5393769 0.3837423 0.5154966 0.5067045 0.6359339 0.5058678 0.4727800 0.4951719 0.5019391 0.5235256 0.5271334 0.5832218 0.4870931 0.4331222 0.5847534 0.6224993 0.5403149 0.4407752 0.5219531 0.6007286 0.5663127 0.6988545 0.4694767 0.4913276 0.7013007 0.6766201 0.7166099 0.7016164 0.7016164 0.6642396 0.7389739 0.6753629 0.6249226 0.8862137 0.7924377 0.7294154 0.7153145 0.7095752 0.8578590 0.7003005 0.8153891 0.7101436 0.7156803 0.7248761 0.6707336 0.4938964 0.5325203 0.4952848 1.1534678 1.3577608 0.6096884 1.2649215 1.2049196 
Cgig_XM_011433873.3                                    0.4805348 0.7041692 0.7231193 0.7948986 0.8249885 0.8407783 0.8572945 0.5387257 0.9762068 0.7601460 0.7334912 0.7240224 0.6536510 0.7748461 0.2799086 0.3837453 0.4493794 0.4562675 0.3945359 0.2640902 0.0000000 0.2932391 0.2670645 0.2445312 0.2955291 0.4007353 0.4159548 0.4092739 0.4610193 0.4480882 0.4245542 0.4591635 0.3897468 0.4382725 0.4413901 0.3452553 0.4529632 0.4347886 0.5763205 0.4628400 0.4513948 0.4670275 0.4626783 0.4887910 0.4584928 0.5367113 0.4473397 0.4412696 0.5016518 0.5324020 0.5346274 0.4628817 0.4984741 0.6074602 0.5382773 0.6522501 0.4421873 0.4401233 0.6789736 0.6664055 0.7157581 0.6667155 0.6667155 0.6439455 0.6567832 0.6807742 0.6363816 0.8279064 0.7412595 0.6764732 0.6543105 0.6612929 0.7867295 0.6111795 0.7595891 0.6632381 0.6511859 0.6754071 0.6303809 0.4490621 0.2715361 0.2352533 1.0935709 1.2115933 0.5644984 1.1860454 1.0876850 
Acagra_model.g29872.t1.3.5d3b8cc5                      0.5480663 0.7924658 0.7534699 0.8304482 0.8651932 0.8743657 0.9005553 0.6095717 1.0566806 0.8053279 0.7895431 0.8557750 0.7574529 0.8133851 0.3013154 0.3961122 0.4788096 0.4800686 0.4612707 0.3768390 0.2932391 0.0000000 0.0171591 0.0176184 0.0201832 0.4637964 0.4682548 0.4112505 0.4865516 0.4805860 0.4521579 0.4624268 0.4537404 0.4928548 0.5071943 0.3882392 0.5345019 0.4975656 0.6058183 0.5325659 0.5061920 0.5209695 0.5320046 0.5605078 0.5129254 0.5875089 0.5190773 0.4587653 0.5226452 0.6116847 0.5964547 0.4779818 0.5666682 0.6004279 0.5852007 0.6765230 0.4879904 0.4508384 0.7390131 0.7291533 0.7556155 0.7786150 0.7786150 0.7521097 0.7668178 0.7780118 0.7235872 0.9284519 0.8067312 0.7611229 0.7538888 0.7491205 0.8743685 0.7157660 0.7960775 0.7212550 0.7168391 0.6857690 0.6779286 0.4770627 0.5381708 0.5149636 1.1447462 1.2796322 0.6466934 1.2432967 1.1312319 
Acagra_model.g29872.t1.1.5d3b8cc5                      0.4665998 0.7462026 0.7111343 0.7831651 0.8168496 0.8297071 0.8505509 0.6095717 1.0144352 0.7681119 0.7578605 0.8409044 0.7264813 0.7743587 0.3013154 0.3822080 0.4642469 0.4647236 0.4338168 0.3485479 0.2670645 0.0171591 0.0000000 0.0000010 0.0205456 0.4354506 0.4333046 0.3896846 0.4642531 0.4614404 0.4336427 0.4506874 0.4338547 0.4734999 0.4939545 0.3882392 0.4949592 0.4866086 0.5958090 0.5113292 0.4782786 0.4987265 0.5032422 0.5304636 0.4976905 0.5725495 0.5151495 0.4330190 0.5029981 0.5887156 0.5563089 0.4779818 0.5380607 0.5759173 0.5722420 0.6482633 0.4806965 0.4462899 0.6988190 0.6907407 0.7180590 0.7352368 0.7352368 0.7521097 0.7134414 0.7358232 0.7235872 0.8863342 0.7871496 0.7320202 0.7246295 0.7291812 0.8724496 0.6969038 0.7927788 0.6822433 0.6757892 0.6630671 0.6581867 0.4739553 0.5133865 0.5004566 1.1149604 1.2471298 0.6466934 1.2118446 1.1312319 
Acagra_model.g29872.t1.2.5d3b8cc5                      0.4636226 0.7236713 0.6865232 0.7732183 0.8074157 0.8237329 0.8415274 0.6095717 0.9728785 0.7491445 0.7358594 0.8409044 0.6891334 0.7267696 0.3013154 0.3760353 0.4558217 0.4570725 0.4198485 0.3139646 0.2445312 0.0176184 0.0000010 0.0000000 0.0211080 0.4176290 0.4263231 0.3896846 0.4586953 0.4601727 0.4270625 0.4458547 0.4126354 0.4491670 0.4673043 0.3882392 0.4685253 0.4722893 0.5753462 0.4765997 0.4672135 0.4889368 0.4935440 0.5207813 0.4806470 0.5626956 0.5151495 0.4125821 0.4881610 0.5609250 0.5538096 0.4779818 0.5380607 0.5727101 0.5638442 0.6381522 0.4754781 0.4375310 0.6549590 0.6468531 0.6998613 0.6990979 0.6990979 0.7521097 0.6725644 0.7022577 0.7235872 0.8305618 0.7332333 0.7128199 0.7053792 0.7058965 0.8489900 0.6680992 0.7543090 0.6500229 0.6579113 0.6445540 0.6386735 0.4739553 0.5033787 0.4922637 1.0737844 1.2088508 0.6466934 1.2118446 1.1312319 
Acagra_model.g29872.t1                                 0.5480663 0.7698381 0.7315221 0.8055855 0.8396396 0.8376198 0.8739945 0.6095717 1.0235056 0.7976174 0.7843093 0.8325835 0.7207865 0.8013805 0.3013154 0.4087213 0.4726580 0.4811638 0.4601786 0.3743786 0.2955291 0.0201832 0.0205456 0.0211080 0.0000000 0.4707851 0.4787360 0.4316254 0.5122549 0.5025269 0.4732293 0.4749235 0.4518073 0.5162619 0.5326468 0.3882392 0.5519664 0.5196912 0.6058183 0.5564036 0.5265210 0.5178365 0.5531330 0.5494815 0.5264423 0.5709474 0.5074889 0.4576948 0.5451058 0.6346096 0.6128426 0.4779818 0.5743779 0.5910796 0.6068180 0.7102540 0.4987594 0.4507228 0.7360627 0.7262954 0.7451410 0.7675346 0.7675346 0.7521097 0.7717471 0.7718624 0.7235872 0.9223439 0.8067312 0.7283598 0.7614606 0.7630302 0.8743685 0.7352171 0.7974113 0.7475663 0.7445840 0.7107928 0.6646860 0.5055098 0.5327807 0.5129891 1.1612733 1.2659774 0.6466934 1.1992181 1.1312319 
Chem_TCONS_00070951                                    0.4362232 0.7275633 0.6857675 0.7306527 0.7591063 0.7765669 0.7993833 0.5291607 1.0193218 0.7152787 0.6868518 0.7926442 0.6773154 0.7103268 0.2674287 0.4602621 0.4946392 0.4760166 0.5225127 0.5052292 0.4007353 0.4637964 0.4354506 0.4176290 0.4707851 0.0000000 0.3160060 0.4316505 0.4946401 0.4769626 0.4384868 0.4800824 0.4685396 0.4830853 0.5300734 0.4396664 0.5585959 0.5087347 0.6337227 0.4850474 0.4911505 0.5145704 0.4857590 0.5201185 0.5330616 0.5967142 0.5147946 0.5584144 0.5124798 0.5385887 0.5441898 0.4407036 0.5566456 0.5996304 0.5645415 0.6779826 0.5419626 0.6040846 0.7216249 0.7270250 0.7589814 0.7177798 0.7177798 0.6894325 0.6799510 0.7036995 0.6422526 0.8215876 0.7474180 0.7472369 0.7372824 0.7424949 0.8511269 0.6776176 0.8059481 0.7166231 0.7271586 0.6914424 0.7323913 0.5443323 0.6509757 0.6190683 1.1933989 1.3759013 0.6283891 1.1899202 1.0559413 
Hvul_g20082_1                                          0.4937562 0.7123818 0.6854407 0.7625039 0.7864980 0.8045744 0.8329326 0.5623556 0.9816390 0.7268187 0.6602138 0.8316625 0.6308808 0.6588872 0.2785413 0.4230971 0.4452680 0.4322801 0.4128605 0.4421324 0.4159548 0.4682548 0.4333046 0.4263231 0.4787360 0.3160060 0.0000000 0.2964636 0.3928851 0.3389060 0.3275415 0.3991309 0.4468735 0.5360695 0.5499634 0.4637252 0.5146904 0.5334021 0.6516056 0.4239232 0.4267334 0.4536608 0.4513925 0.4862868 0.4821426 0.4986577 0.4512080 0.4684905 0.4757054 0.5324933 0.5390818 0.5072388 0.5252499 0.5877293 0.6522272 0.6891056 0.5039021 0.4971422 0.5846796 0.5860748 0.6527488 0.6053789 0.6053789 0.6312542 0.5887604 0.5988371 0.5905640 0.7522914 0.6745740 0.6245618 0.6163071 0.6156533 0.7233631 0.5908474 0.6607748 0.6398585 0.6892114 0.6177124 0.6884166 0.5559648 0.7059314 0.6735196 1.0943921 1.1783148 0.6159512 1.2270943 0.9874693 
Morvir_scaffold64.g82.t1                               0.4942422 0.7241618 0.7016815 0.8238028 0.8459417 0.8755032 0.8938438 0.5853731 0.9902050 0.7923392 0.7144815 0.8424535 0.7203969 0.7002038 0.3270724 0.4225586 0.4883618 0.4560070 0.4293720 0.4820638 0.4092739 0.4112505 0.3896846 0.3896846 0.4316254 0.4316505 0.2964636 0.0000000 0.3024171 0.2838446 0.2602674 0.3195320 0.4725061 0.4871231 0.4856986 0.4705319 0.5130740 0.4496085 0.5883011 0.3794258 0.4492412 0.4787604 0.4746607 0.5199366 0.5037685 0.5451719 0.4751047 0.4886380 0.4260583 0.4575544 0.5558767 0.4482536 0.5455384 0.5368513 0.5113235 0.6171975 0.5137386 0.5024558 0.6873408 0.6941506 0.7041896 0.7307476 0.7307476 0.7850775 0.7320586 0.7156135 0.7781549 0.9022775 0.8057588 0.7621256 0.7458304 0.7329317 0.9209949 0.6347216 0.7712162 0.7330502 0.7513807 0.6724861 0.7368526 0.4475255 0.7347232 0.6648698 1.0295500 1.0603884 0.8173976 1.2243230 1.0614584 
Aaur_scaffold11.g22.t1                                 0.5676485 0.7668441 0.7655112 0.8873204 0.9103453 0.8958487 0.8900606 0.4508192 1.1619132 0.8614221 0.7746307 0.9429489 0.7526690 0.7668204 0.2947740 0.4699888 0.6259618 0.5792581 0.5101967 0.5199046 0.4610193 0.4865516 0.4642531 0.4586953 0.5122549 0.4946401 0.3928851 0.3024171 0.0000000 0.2235512 0.1859357 0.2429186 0.5904468 0.5223463 0.5235527 0.4493309 0.5391762 0.5009493 0.6528241 0.4673733 0.4786792 0.5067181 0.4921745 0.5465655 0.5400903 0.6173402 0.5373993 0.6088016 0.5031517 0.5425861 0.5968918 0.4670446 0.5782250 0.6466084 0.6284037 0.5835256 0.6223594 0.6275499 0.7152216 0.7106843 0.7508201 0.8088250 0.8088250 0.9216381 0.7383945 0.7712928 0.8770395 0.9727845 0.8552384 0.8440649 0.8242791 0.8081454 1.0231024 0.7309588 0.8777124 0.7486477 0.7426941 0.7295855 0.7713789 0.5149560 0.7595869 0.6604177 1.0364658 1.0308985 0.6470964 1.3024026 0.9609206 
Nemnom_g7295.t1                                        0.5436018 0.7144176 0.7397377 0.8621606 0.8871758 0.9095023 0.9355975 0.4349890 1.0011366 0.8438817 0.7722237 0.8866141 0.7177233 0.7634276 0.2863997 0.4715383 0.4752026 0.4506957 0.4498083 0.4942685 0.4480882 0.4805860 0.4614404 0.4601727 0.5025269 0.4769626 0.3389060 0.2838446 0.2235512 0.0000000 0.0534059 0.2297841 0.4637377 0.4803960 0.4784510 0.4372046 0.5091376 0.4471974 0.5775316 0.4651194 0.4621803 0.4961441 0.4864245 0.5323696 0.5182248 0.5755506 0.5291871 0.5230620 0.4495584 0.4874970 0.5737620 0.5176840 0.5680696 0.6131739 0.6175958 0.6520302 0.5313986 0.5451490 0.7597588 0.7621802 0.7395678 0.7791136 0.7791136 0.8350402 0.7749972 0.6966117 0.7672615 0.9121624 0.8156233 0.7736085 0.7574103 0.7451414 0.8950978 0.6783610 0.7978342 0.6759335 0.6908645 0.7087429 0.6702944 0.4723470 0.7958134 0.7001595 1.0732312 1.2079626 0.7986688 1.2800112 0.8901330 
Rhoesc_Res_010936-T1                                   0.5947427 0.7083304 0.7148876 0.8647836 0.8898469 0.9122715 0.9384569 0.4278357 0.9766517 0.8440410 0.7608949 0.8266172 0.6882061 0.7291117 0.3263835 0.4369787 0.4936060 0.4668375 0.4415578 0.4626856 0.4245542 0.4521579 0.4336427 0.4270625 0.4732293 0.4384868 0.3275415 0.2602674 0.1859357 0.0534059 0.0000000 0.2171353 0.4499437 0.4537604 0.4650184 0.4350699 0.4986887 0.4395881 0.5542963 0.4491361 0.4455426 0.4751593 0.4658681 0.5109553 0.5068679 0.5550576 0.5016767 0.5020925 0.4169098 0.4630789 0.5298621 0.4801258 0.5364274 0.5823065 0.5852515 0.6298114 0.5185280 0.5111686 0.7153182 0.7175691 0.7267350 0.7716563 0.7716563 0.8091496 0.7290794 0.6885207 0.7473627 0.8847378 0.7888988 0.7483578 0.7323664 0.7190223 0.8710692 0.6514015 0.7669009 0.7093384 0.6846993 0.7163808 0.6594955 0.4492959 0.7474940 0.6715847 1.0960826 1.1690227 0.7500142 1.2217871 0.9804414 
Sanmal_Sma_025181-T1                                   0.5772395 0.7770765 0.8107567 0.8814366 0.9047937 0.9062957 0.9426835 0.3884749 1.0884142 0.8496202 0.7703128 0.9005990 0.7158038 0.7896061 0.3496461 0.4529843 0.4733460 0.4673646 0.4777321 0.5085690 0.4591635 0.4624268 0.4506874 0.4458547 0.4749235 0.4800824 0.3991309 0.3195320 0.2429186 0.2297841 0.2171353 0.0000000 0.5170409 0.5098940 0.5165507 0.4527154 0.5120901 0.4721682 0.5997244 0.4879322 0.4856174 0.5011811 0.5108458 0.5346211 0.5191917 0.6205120 0.5528371 0.5367838 0.4972971 0.5247288 0.5986421 0.5232308 0.5905094 0.6855733 0.6839151 0.7639004 0.5436715 0.5639552 0.7124985 0.7179300 0.7004559 0.7502146 0.7502146 0.7925554 0.6847142 0.7188264 0.7417665 0.8693607 0.7735684 0.7457465 0.7536958 0.7339933 0.8563003 0.7123736 0.7673717 0.7334943 0.7357090 0.7698421 0.6889155 0.5200791 0.8178449 0.7372009 1.1281785 1.1722245 0.7550241 1.3126838 0.9946617 
Hsap_ENST00000238497                                   0.5734613 0.7364900 0.7361379 0.8462300 0.8679735 0.9048895 0.9200683 0.5347115 0.9551744 0.7842317 0.7149704 0.8177748 0.7108538 0.7789767 0.3018830 0.4194419 0.3158326 0.3075240 0.3756399 0.4380303 0.3897468 0.4537404 0.4338547 0.4126354 0.4518073 0.4685396 0.4468735 0.4725061 0.5904468 0.4637377 0.4499437 0.5170409 0.0000000 0.5159102 0.5315483 0.3815002 0.5359972 0.5006516 0.6031882 0.4324139 0.4734282 0.4990037 0.4746316 0.4859614 0.5046007 0.5549552 0.4517582 0.4387300 0.5324308 0.5909385 0.5648602 0.4023741 0.5325721 0.5585391 0.5729067 0.6566809 0.4176578 0.5045757 0.7744229 0.7711089 0.7620620 0.7346297 0.7346297 0.5905757 0.7630375 0.7601849 0.6030205 0.9172050 0.8012721 0.7724588 0.7772374 0.7788895 0.8917576 0.7428102 0.8085281 0.6494964 0.7231380 0.6387601 0.7128894 0.5563876 0.5741763 0.6254932 1.1220337 1.1765024 0.6705611 1.2103499 1.1068379 
Fspp_ffun1.m4.8008.m1                                  0.6235554 0.8456729 0.8151701 0.9108475 0.9262886 0.9469729 0.9537978 0.6291372 1.1585305 0.8684943 0.8350202 0.7924030 0.6620052 0.7767661 0.2523087 0.5497656 0.5168350 0.5050647 0.5326295 0.5128297 0.4382725 0.4928548 0.4734999 0.4491670 0.5162619 0.4830853 0.5360695 0.4871231 0.5223463 0.4803960 0.4537604 0.5098940 0.5159102 0.0000000 0.0564149 0.0652218 0.0962428 0.1006595 0.2319345 0.3782895 0.5382995 0.5585110 0.5432445 0.5838945 0.5848669 0.6168161 0.5410220 0.5844336 0.4115534 0.4345126 0.6008812 0.4667281 0.6094976 0.6243983 0.5094588 0.6326707 0.5538491 0.6179160 0.8163856 0.8020462 0.7552380 0.7727816 0.7727816 0.8110672 0.7539431 0.7792748 0.7415982 0.9327020 0.8387688 0.7363612 0.7199683 0.7118013 0.8924240 0.6741450 0.8756589 0.6952260 0.6844774 0.6933246 0.7186683 0.1662127 0.7221694 0.6434487 1.1011761 1.1959963 0.7863848 1.0874503 1.2211054 
Gasp_gasp1.m3.3374.m1                                  0.6324670 0.8246087 0.8008284 0.8842414 0.8996442 0.9196947 0.9264170 0.6291372 1.1650708 0.8510488 0.8196320 0.7736037 0.6891346 0.7750534 0.2523087 0.5515516 0.5329641 0.5206919 0.5332369 0.5393769 0.4413901 0.5071943 0.4939545 0.4673043 0.5326468 0.5300734 0.5499634 0.4856986 0.5235527 0.4784510 0.4650184 0.5165507 0.5315483 0.0564149 0.0000000 0.0796471 0.1100001 0.0993240 0.2157896 0.3970720 0.5567693 0.5926178 0.5745616 0.6168225 0.6120573 0.6202562 0.5452457 0.5878286 0.4004121 0.4046398 0.6014677 0.4683898 0.6044641 0.6158107 0.5239754 0.6505843 0.5057297 0.6280130 0.8100444 0.7980461 0.7820282 0.7827460 0.7827460 0.8229903 0.7788245 0.8004931 0.7436229 0.9118580 0.8211391 0.7548814 0.7435903 0.7320298 0.8953575 0.6655156 0.8998528 0.7394281 0.6848192 0.6939882 0.7373290 0.1620884 0.7115719 0.6473385 1.0648009 1.1752238 0.8206931 1.0901702 1.2211054 
Pocdam_XM_027202827.1                                  0.3782488 0.5972333 0.5882822 0.6448855 0.6588913 0.6971321 0.6970268 0.5695212 0.6085157 0.6183352 0.6172343 0.5744339 0.4740993 0.5420400 0.2568029 0.4910308 0.3746065 0.4153947 0.4217564 0.3837423 0.3452553 0.3882392 0.3882392 0.3882392 0.3882392 0.4396664 0.4637252 0.4705319 0.4493309 0.4372046 0.4350699 0.4527154 0.3815002 0.0652218 0.0796471 0.0000000 0.0707462 0.1060368 0.2234801 0.3040740 0.4023272 0.4016863 0.4316324 0.4316324 0.4349201 0.4541278 0.4509246 0.4125762 0.3788355 0.3948655 0.4857359 0.4996212 0.5238662 0.4993654 0.4606763 0.6010766 0.4903305 0.5393378 0.6646098 0.6594745 0.6672320 0.6826571 0.6826571 0.8698051 0.6079767 0.6731393 0.7670376 0.6946282 0.6946282 0.6355559 0.6355559 0.6394679 0.6355559 0.6222883 0.7195250 0.5230995 0.4965401 0.5497131 0.5118333 0.1771756 0.5863998 0.5597153 0.9756503 1.0582056 0.8201979 0.8700780 1.1822244 
Spis_XP_022798051_1                                    0.5792464 0.7990581 0.7992641 0.8949353 0.9103885 0.9326840 0.9375171 0.6247442 1.1754293 0.8367465 0.8013936 0.7646548 0.6894764 0.7990199 0.2634487 0.6027765 0.5338144 0.5403881 0.5535897 0.5154966 0.4529632 0.5345019 0.4949592 0.4685253 0.5519664 0.5585959 0.5146904 0.5130740 0.5391762 0.5091376 0.4986887 0.5120901 0.5359972 0.0962428 0.1100001 0.0707462 0.0000000 0.1597256 0.2651688 0.3875944 0.5541831 0.5761018 0.5779511 0.6104825 0.6094107 0.6689917 0.5950954 0.6276191 0.4132161 0.4268844 0.6026646 0.4743260 0.6132960 0.6541441 0.5682664 0.6599272 0.5938739 0.6719899 0.8134514 0.7928689 0.7773468 0.7855155 0.7855155 0.8732703 0.7524417 0.7843321 0.7560201 0.9454139 0.8588578 0.7623899 0.7472595 0.7552941 0.8982795 0.7395960 0.8427247 0.7183185 0.6712605 0.7216149 0.7554809 0.2277880 0.7653041 0.6963326 1.0577810 1.2344052 0.8758265 1.1400205 1.2211054 
Gfas_gfas1.m1.17335.m1                                 0.5820023 0.8678171 0.8273591 0.9073739 0.9227856 0.9407578 0.9501585 0.6357666 1.1585723 0.8857712 0.8251370 0.8407468 0.7008490 0.7902534 0.2850502 0.5313377 0.5171423 0.5164469 0.5385877 0.5067045 0.4347886 0.4975656 0.4866086 0.4722893 0.5196912 0.5087347 0.5334021 0.4496085 0.5009493 0.4471974 0.4395881 0.4721682 0.5006516 0.1006595 0.0993240 0.1060368 0.1597256 0.0000000 0.1892541 0.3666344 0.5561156 0.5847777 0.5619044 0.5982532 0.5830041 0.6202832 0.5464094 0.5823642 0.4064644 0.4045492 0.6064420 0.4776462 0.5986713 0.6111688 0.5130488 0.6322046 0.5627543 0.6030540 0.7688570 0.7689042 0.7249211 0.7402187 0.7402187 0.7893013 0.7191561 0.7789385 0.7172120 0.8564339 0.7715840 0.6917525 0.6748162 0.6696914 0.8346039 0.6417081 0.8274829 0.6566948 0.6544374 0.7208888 0.7299514 0.1586513 0.7010504 0.6492176 1.1087206 1.2120600 0.7938425 1.1435231 1.1976713 
Adig_XM_015918537.1                                    1.0950078 0.8854193 0.8354199 0.9208127 0.9377813 0.9813145 0.9842771 0.6115297 1.0368947 0.8806885 0.8904298 0.8518661 0.7440730 0.8804299 0.5118536 0.6851161 0.6108026 0.6141367 0.6797352 0.6359339 0.5763205 0.6058183 0.5958090 0.5753462 0.6058183 0.6337227 0.6516056 0.5883011 0.6528241 0.5775316 0.5542963 0.5997244 0.6031882 0.2319345 0.2157896 0.2234801 0.2651688 0.1892541 0.0000000 0.4991795 0.6470440 0.6540434 0.6763934 0.6763934 0.6687244 0.7573672 0.6492930 0.6747509 0.5558324 0.5295772 0.7030857 0.6182393 0.7334171 0.6802440 0.6394265 0.8713927 0.6813966 0.8330605 0.9252734 0.9421596 0.8974713 0.9232917 0.9232917 0.8016072 0.8804536 0.9458485 0.7268545 0.9151607 0.9407840 0.8262924 0.8262924 0.8436131 0.9838887 0.7762524 0.9760457 0.8374101 0.8630332 0.8452290 0.8742747 0.1045455 0.7757241 0.8401544 1.2805535 1.3186595 0.7525780 1.2684489 1.2182845 
Nvec_v1g245819                                         0.6295213 0.7584347 0.7322919 0.8280970 0.8436373 0.8519205 0.8851909 0.5453552 1.0291151 0.8328736 0.7662423 0.7153051 0.6363540 0.6890733 0.2832886 0.4959999 0.4534587 0.4307946 0.4638739 0.5058678 0.4628400 0.5325659 0.5113292 0.4765997 0.5564036 0.4850474 0.4239232 0.3794258 0.4673733 0.4651194 0.4491361 0.4879322 0.4324139 0.3782895 0.3970720 0.3040740 0.3875944 0.3666344 0.4991795 0.0000000 0.4638853 0.4988059 0.4511425 0.4951970 0.4882475 0.5863343 0.4658358 0.5500685 0.3823832 0.4045599 0.5111077 0.3948453 0.5203738 0.5807056 0.4726302 0.5475237 0.5134905 0.6156296 0.8090526 0.8052878 0.7970720 0.7475442 0.7475442 0.7997031 0.7378159 0.7132182 0.7742064 0.9587605 0.8700244 0.7779360 0.7617728 0.7498242 0.9430082 0.7140893 0.8205775 0.6311734 0.6763268 0.6831344 0.7179476 0.3863316 0.7711886 0.6932822 1.0592406 1.0814174 0.9397015 1.1262421 1.1887460 
HoiH23_PlH23_000749-RA                                 0.4828496 0.6723870 0.7296427 0.7625504 0.7662258 0.8021757 0.8258058 0.5261926 1.0395522 0.7246449 0.7183496 0.7556579 0.6593355 0.6894832 0.3220302 0.4467944 0.5091960 0.4866114 0.4474505 0.4727800 0.4513948 0.5061920 0.4782786 0.4672135 0.5265210 0.4911505 0.4267334 0.4492412 0.4786792 0.4621803 0.4455426 0.4856174 0.4734282 0.5382995 0.5567693 0.4023272 0.5541831 0.5561156 0.6470440 0.4638853 0.0000000 0.0204111 0.0429848 0.0627846 0.0846961 0.1376724 0.0872555 0.4441197 0.4736351 0.5261343 0.6216798 0.4817308 0.5844886 0.6922650 0.6232644 0.7411851 0.5063204 0.5270559 0.7193828 0.7221777 0.7473385 0.6689872 0.6689872 0.6289483 0.7105124 0.6609610 0.6571444 0.8665303 0.7627744 0.7061389 0.6834103 0.6609613 0.7810107 0.6362378 0.7820605 0.6580865 0.6652200 0.7200153 0.7485046 0.5379486 0.7086599 0.6801706 1.0644600 1.2823536 0.7292633 1.0959301 1.0502951 
HoiH06_mRNA1374                                        0.4819878 0.7056412 0.7526151 0.7872517 0.7907934 0.8236509 0.8451512 0.5261926 1.0760200 0.7514972 0.7339608 0.7738752 0.6706926 0.7076772 0.3220302 0.4765434 0.5308066 0.5071742 0.4684877 0.4951719 0.4670275 0.5209695 0.4987265 0.4889368 0.5178365 0.5145704 0.4536608 0.4787604 0.5067181 0.4961441 0.4751593 0.5011811 0.4990037 0.5585110 0.5926178 0.4016863 0.5761018 0.5847777 0.6540434 0.4988059 0.0204111 0.0000000 0.0570554 0.0637240 0.0874843 0.1414638 0.0913539 0.4672977 0.5039385 0.5582623 0.6606777 0.4865155 0.6277326 0.7196708 0.6777244 0.7886542 0.5397547 0.5369967 0.7273144 0.7301319 0.7653823 0.6970907 0.6970907 0.6492577 0.7312982 0.7128490 0.6752350 0.8566829 0.7668927 0.7310575 0.7311023 0.7186372 0.7913850 0.6809322 0.7852849 0.6898168 0.7004606 0.7534909 0.7499524 0.5771340 0.7070204 0.6982857 1.1068011 1.2565277 0.7191854 1.1223182 1.0502951 
Hhon_g04496.t1                                         0.4876843 0.7276448 0.7766450 0.8132450 0.8166010 0.8545739 0.8708907 0.5624534 1.1028952 0.7649727 0.7494822 0.8029477 0.6652296 0.7050164 0.3220302 0.4536313 0.5044049 0.4836371 0.4432710 0.5019391 0.4626783 0.5320046 0.5032422 0.4935440 0.5531330 0.4857590 0.4513925 0.4746607 0.4921745 0.4864245 0.4658681 0.5108458 0.4746316 0.5432445 0.5745616 0.4316324 0.5779511 0.5619044 0.6763934 0.4511425 0.0429848 0.0570554 0.0000000 0.0170726 0.0984225 0.1205789 0.0781725 0.4723964 0.4877961 0.5319488 0.6423293 0.4859317 0.6154783 0.7019237 0.6333571 0.7368689 0.5065940 0.5338981 0.7380290 0.7377922 0.7612992 0.6984527 0.6984527 0.6532006 0.7170715 0.6856629 0.6865118 0.8851061 0.7788463 0.7195922 0.6964852 0.6851048 0.7964218 0.6676825 0.7889901 0.6551203 0.6659407 0.7354176 0.7644913 0.5507826 0.7178691 0.6932376 1.0639572 1.2463728 0.6933883 1.1192585 1.0502951 
