95
Rhoesc_Res_012385-T1                                    0.0000000 0.2031763 0.0000010 0.0000010 0.0000010 1.0992788 0.7678623 0.8750483 1.0947721 2.0557900 1.9893029 2.4810019 1.7751547 2.6071020 0.0000010 1.9327904 0.0000010 1.4800638 1.2823102 4.4217114 0.0000010 1.2200439 1.2200439 1.2969618 1.3905263 1.3741644 0.0000010 1.8948380 1.5859721 2.0067454 1.7201128 1.8646349 1.3777929 2.0358401 8.2887549 2.2663619 2.7954490 2.4571381 2.2311488 2.1932742 1.8975718 2.3794135 2.4863844 2.6042234 2.4863844 2.4863844 0.0000010 0.0000010 1.6179714 1.6313612 1.9428204 2.4308819 3.0027750 3.0735448 3.1282811 2.7629177 2.7629177 2.4108229 2.4108229 2.3905866 2.3905866 2.3925747 3.2411738 3.2411738 2.6295739 2.6295739 2.6295739 3.4807211 3.1030533 3.0323239 2.9328316 0.0000010 0.0000010 0.0000010 0.0000010 0.0000010 0.0000010 1.5761712 1.5761712 1.5730611 1.6366098 1.4719701 1.6054998 1.5588470 1.8419537 2.4434863 8.9999989 1.9600661 1.9935022 0.0000010 2.4200046 0.0000010 0.0000010 4.0339261 1.2985035 
Nemnom_g13866.t1                                        0.2031763 0.0000000 1.0677473 0.4372350 0.3483261 0.8252460 0.9058782 1.1592138 1.8182863 1.8778607 1.6083847 1.8790432 1.6314149 1.9900111 1.0387406 1.7695726 1.3902936 1.2955654 1.4556298 1.3450727 1.3464222 1.3358679 1.3655258 1.3668437 1.3145460 1.2961444 1.2626195 1.4949307 1.6380524 1.8851267 1.5832634 1.6214863 1.6128315 1.6451284 1.8540980 1.6044852 2.2971285 1.9144962 2.2731864 2.3220622 1.8913304 2.3288246 2.2405590 2.2498112 2.4428773 2.4701096 2.4734090 1.7100322 1.9451909 1.9651392 2.0595088 1.9645177 2.5318235 2.4823997 3.0741684 2.6379865 2.4010475 2.3717599 2.2594183 2.3192042 2.4674967 2.3964790 2.4839557 2.5447966 2.4369641 2.4972054 2.5325631 2.4860767 2.5120800 2.3791952 2.3944585 2.1145738 2.5120362 2.8129279 2.4512629 2.4549326 2.6007411 1.8828581 1.9254731 1.9077853 1.9170104 2.0198924 1.9264087 1.9021273 2.4620641 2.2928135 1.9614425 1.5922008 1.8011983 1.5932083 2.2981989 0.8250204 1.7152096 1.2042263 3.0377291 
Morvir_scaffold31.g8.t1                                 0.0000010 1.0677473 0.0000000 0.0000010 1.0718305 1.1789325 2.1272022 1.6370231 2.2369966 1.3894856 0.7526282 1.2833388 1.2041592 1.3471476 0.5735553 1.5111136 1.1640160 1.0163505 1.1564691 0.9893223 1.2950118 1.0684616 1.0959215 1.0542082 1.0345839 1.0242263 1.1077963 1.3066461 1.5035083 1.6416909 1.2687239 1.5160113 1.5246478 1.3860252 1.4085736 0.7526282 1.7070476 1.5994621 1.8471326 1.8173622 1.5209352 1.8354798 1.7536828 1.7536828 2.1145473 2.1867459 1.6335968 1.5828108 1.9707050 1.6782264 1.6979527 2.1120350 2.0272265 2.0583495 2.7962001 3.3415432 3.3415432 1.5305335 2.9563833 1.9131183 2.9368535 2.0761983 2.2113320 1.9729616 2.1275734 3.2915152 1.9618448 2.0728714 2.7410401 2.1255500 2.1255500 2.0128643 2.3250381 2.6043688 1.9750180 2.1866415 2.4466165 1.9721783 1.9500372 2.0304639 2.0304639 2.1024773 2.0071351 2.0498356 2.1758279 1.8050792 1.5735535 1.0363824 0.9325762 1.4412163 2.1519193 1.1075432 1.8519214 1.5840337 2.3686033 
Morvir_scaffold31.g9.t1                                 0.0000010 0.4372350 0.0000010 0.0000000 0.4654511 0.4621203 2.4478751 0.0000010 0.0000010 1.1794642 0.0000010 0.0000010 0.7663128 0.5492291 0.6153566 0.8781039 0.7437604 0.5350013 0.6840927 0.0000010 0.0000010 0.5626084 0.5626084 0.5345055 0.5942839 0.5919343 0.5591254 0.6530506 0.8856844 1.4998971 0.0000010 0.8736719 1.2598615 1.3849374 1.5623367 0.0000010 1.7848082 0.0000010 1.3406807 4.7790569 0.9168436 1.2724549 1.2472641 1.2472641 0.0000010 0.0000010 1.2472641 1.3280040 1.2145993 1.4023049 1.5088126 1.4471910 0.0000010 1.3414138 6.8874589 0.0000010 0.0000010 0.0000010 0.0000010 1.2362839 0.0000010 1.2160559 3.0391175 0.0000010 0.0000010 0.0000010 0.0000010 0.0000010 0.0000010 0.0000010 0.0000010 1.4147051 2.3324911 9.0000000 1.1438287 1.1755882 2.2071191 1.4078306 1.4078306 1.4078306 1.4078306 1.3736953 1.4527020 1.4527020 1.3149229 2.3510186 0.0000010 0.5974600 0.0000010 0.8569571 0.0000010 0.0000010 2.0896213 1.6090818 2.8528825 
Rhoesc_Res_012388-T1                                    0.0000010 0.3483261 1.0718305 0.4654511 0.0000000 0.6774361 1.9320278 1.3644660 3.3982496 1.7517998 6.9501263 3.1877422 1.4590604 1.6998767 1.0781663 1.6621616 1.3337708 1.2480138 1.3930141 1.2301380 1.2808970 1.3013355 1.3853436 1.3100419 1.2694796 1.2409830 1.2978898 1.3148992 1.6093787 1.6974762 1.4975987 1.4866294 1.5687381 1.6931005 1.7232189 0.9645957 2.0539161 1.6137153 2.0922028 2.2439822 1.8011687 2.1108939 2.0945547 2.0945547 2.3765057 2.4125898 1.9573557 1.8641826 1.9343241 1.9378295 1.9879191 1.8776143 2.3848693 2.3393293 3.0903176 2.7045469 2.7045469 2.2421854 2.7663804 2.2828075 2.8232484 2.3532903 2.4187624 2.7618824 2.5534998 2.5193366 2.1349720 2.5671111 3.0370053 2.4235994 2.4428822 2.2521541 2.5098735 2.8418240 2.2726080 2.4679924 2.6408769 2.0685511 2.0783559 2.0923094 2.0923094 2.1946036 2.0807289 2.0665893 2.6839194 1.9918149 1.1536190 1.2084160 1.8450749 1.5760778 2.2185155 0.7845095 1.7635291 2.1172222 2.3883226 
Sanmal_Sma_016547-T1                                    1.0992788 0.8252460 1.1789325 0.4621203 0.6774361 0.0000000 0.9075727 1.0428048 1.7390268 1.7916472 1.2260615 1.5888185 1.3965853 1.8074248 0.9829180 1.5745938 1.4007066 1.1361858 1.2776234 1.1461327 1.2291506 1.2217362 1.2230678 1.2240079 1.1912432 1.1734066 1.3035099 1.3086090 1.5895361 1.7847862 1.5280017 1.6261127 1.5169969 1.4789147 1.7072405 1.2309357 2.1359541 1.8375012 2.0033287 2.2121654 1.7252344 2.2112653 2.0824243 2.0762287 2.3018014 2.3310487 2.4112306 1.7712984 1.8927955 1.7502699 1.9482869 1.7003163 2.1601397 2.1752571 2.6523161 1.6837739 1.6187708 2.0482809 1.9729855 2.2105594 2.0978019 2.2193092 2.2555927 2.1789790 2.0182371 2.1791445 2.3210219 2.2327790 2.1073554 2.2898053 2.3239791 2.2532336 2.6455020 2.8921125 2.3923663 2.6637527 2.8644987 1.9229129 1.9520207 1.9749189 1.9759029 2.0107063 2.0154024 2.0527314 2.3302814 2.1087598 1.8050971 1.4244142 1.5700615 1.5568520 2.0551064 0.9878108 1.8720838 1.5899630 2.6644390 
Aaur_scaffold31.g6.t1                                   0.7678623 0.9058782 2.1272022 2.4478751 1.9320278 0.9075727 0.0000000 1.0061218 1.5307376 1.6994731 1.3563600 1.5522034 1.5116265 3.9268106 2.5361011 1.5895057 2.1276510 1.1637860 1.3295094 1.2661126 1.3390532 1.2053732 1.1101318 1.2737511 1.1972715 1.1383099 1.9336527 1.4547191 1.5969075 2.1128522 1.5580751 1.7485149 1.6220104 1.5310132 2.0237089 1.5072725 2.5498205 1.7943800 2.1075503 1.9176291 1.7765545 2.4967608 2.2314006 2.2203232 2.2436142 2.2436142 6.2603933 1.3969882 2.1662455 1.7840403 2.1979117 1.8295874 2.0891767 2.1874336 2.2822282 1.9925432 1.9982213 2.2056738 2.0872767 2.1877374 2.0757120 2.1637723 2.2761766 2.2991163 2.2411599 2.1685864 2.3780157 2.3646924 2.1387756 2.1169019 2.1024656 1.6020914 4.2175668 0.0000010 3.2014734 3.1522081 2.8815332 1.8116405 1.9060769 1.9613434 1.9636447 1.8580038 1.7811162 1.8096183 2.2086597 2.4849490 1.6921126 1.9164305 1.5436059 3.0522619 2.2804664 3.2877310 2.8433658 1.2939126 3.8011457 
Morvir_scaffold31.g7.t1                                 0.8750483 1.1592138 1.6370231 0.0000010 1.3644660 1.0428048 1.0061218 0.0000000 1.6544493 1.5906009 1.2140765 1.5641933 1.5127659 3.3505201 0.0000010 1.5556178 1.4298886 1.0628443 1.0704366 1.3411376 1.4090896 1.0865262 1.0254437 1.3026187 1.0687676 1.0581453 1.5021631 1.3326188 1.4077479 1.9457044 1.3614158 1.6594094 1.5914555 1.1869813 1.5958413 1.2494200 2.2304390 1.8349905 2.1596786 2.1699901 1.7562242 2.4548747 2.1991371 2.1925699 2.2463506 2.2588553 6.1234066 0.8921596 1.5336058 1.6931108 2.2778958 1.7320216 2.2023568 2.2007772 2.2028515 2.0154270 1.9631013 2.0076346 1.8946740 1.9717667 1.8928195 2.0281784 2.1807534 2.1944197 2.0691342 1.7541712 1.9600369 2.2774620 2.0771212 2.1641505 2.0528340 1.7137311 2.2604100 2.2604100 3.1676539 3.0131677 3.1755858 1.7963683 1.9050427 1.9000029 1.9298299 1.8905572 1.8672480 1.9200085 1.9724178 2.2334445 1.6385860 1.4795810 1.4962721 2.0984992 2.1659103 2.1076671 1.5079642 1.6325885 2.9490694 
Lcom_lcpid143540                                        1.0947721 1.8182863 2.2369966 0.0000010 3.3982496 1.7390268 1.5307376 1.6544493 0.0000000 1.2510968 1.0185443 1.2011309 1.1859842 3.4162501 0.0000010 1.3548358 4.5770609 1.4143364 1.7242032 1.9967109 2.0420335 1.4873238 1.4839985 1.4334575 1.4269781 1.4124098 1.4172425 1.2657557 1.2162117 1.1775702 1.1269970 1.1396673 1.3260337 1.8359628 2.4184696 1.3249668 2.4087820 1.8741899 2.2253568 2.2549336 1.8306345 2.2012142 2.0648021 2.0648021 2.0648021 2.0648021 6.7555863 0.4496069 0.8786959 1.8746629 1.9427153 1.8892630 2.1945079 2.1640597 2.2257713 1.7232062 1.8948093 2.2571764 2.1436425 2.1948370 2.1967792 2.1682316 2.3576838 2.3474290 2.1856850 1.8847222 2.2545810 2.1646114 2.1891261 2.2012905 2.3162399 1.2021852 0.0000010 0.0000010 3.1478533 0.0000010 0.0000010 1.6584932 1.6917492 1.6814432 1.6958879 1.7367898 1.8568491 1.8599363 2.0637948 2.0162599 1.7077135 1.8920047 1.9049541 2.5876387 2.1945889 3.8748059 1.1216533 1.9619467 3.9875807 
Cgig_XM_011426875.3                                     2.0557900 1.8778607 1.3894856 1.1794642 1.7517998 1.7916472 1.6994731 1.5906009 1.2510968 0.0000000 1.0241081 0.9298688 0.9512316 1.3128755 0.8461123 1.2798987 1.0278520 1.2604607 1.3045899 1.2282521 1.4458650 1.3375644 1.3859301 1.3584402 1.3435173 1.2965716 1.2333540 1.0619131 0.6775256 0.9759150 0.8634555 1.0235095 1.0418849 1.5116893 1.7504419 1.3143118 1.8865449 1.9605355 1.9563679 2.1106981 1.7519593 2.0791915 1.9633138 1.9748566 2.1761876 2.2055331 2.2847255 1.2839090 1.5549230 1.6571562 1.7804876 1.5979239 2.1004334 2.1165397 2.5263638 1.8748786 1.8619529 2.0129662 1.8902358 2.0445584 2.0268797 2.0936032 2.2799888 2.2526924 2.1126679 2.1346974 2.2649362 2.1310428 2.1734361 2.1101995 2.0720900 1.9447070 2.4253926 2.7410182 2.1623044 2.2885212 2.4344857 1.7662372 1.7736495 1.8027654 1.8127603 1.7399026 1.8077082 1.8439287 2.0127184 2.1431261 1.0805244 1.7004543 2.0227974 1.9299628 2.1495215 1.6174810 2.0183645 2.0301111 2.5831687 
Bralan_BLAG16000004_1                                   1.9893029 1.6083847 0.7526282 0.0000010 6.9501263 1.2260615 1.3563600 1.2140765 1.0185443 1.0241081 0.0000000 0.1414663 0.8994894 3.7395712 0.0000010 1.0377779 0.0000010 0.9863444 1.1100927 7.1939407 9.0000000 1.1908079 1.2336261 1.6275007 1.0865520 1.1092448 1.3322285 0.9548533 0.8530966 1.3013827 1.0057671 1.4438654 1.1571140 1.0854952 8.9999988 0.9720431 9.0000000 1.7526810 1.9514192 1.8168685 2.0123995 2.3047982 1.8971625 1.8912716 1.8971625 1.8971625 9.0000000 0.8258757 1.0447104 1.4529342 2.0868126 1.7379011 2.0504693 2.0556116 1.9023522 1.7578105 1.9162311 1.9384389 1.9384389 1.8874438 1.8874438 1.8555964 2.1168502 2.1168502 2.1543105 1.9349113 2.1543105 1.9377195 1.6141524 1.9892023 1.9221810 0.0000010 0.0000010 0.0000010 0.0000010 0.0000010 0.0000010 1.7642017 1.7962803 1.7807010 1.8198049 1.6426660 1.7172745 1.5819569 1.7598980 2.2839379 1.4968735 1.3981556 1.3199942 2.1555448 1.6842576 3.3245734 2.6610970 3.1081359 2.8984597 
Bralan_BLAG16000005_1                                   2.4810019 1.8790432 1.2833388 0.0000010 3.1877422 1.5888185 1.5522034 1.5641933 1.2011309 0.9298688 0.1414663 0.0000000 0.7902977 2.9944721 0.0000010 1.0205998 1.6665775 1.0986404 1.2305025 1.2366407 1.3168884 1.1959711 1.1241206 1.3040048 1.1648590 1.1578732 1.1246362 0.8729571 0.8662883 1.1464313 0.8219892 1.1322783 1.0690494 1.3879199 2.1207248 1.3117302 2.2472453 1.8096432 2.0924281 1.9769352 1.8256335 2.0349277 1.8669972 1.8649165 1.8772499 1.8745879 6.9681073 0.5681687 2.4389483 1.7305868 2.2990541 1.6926543 2.1562457 2.1390418 2.1216595 1.8752032 1.9184078 1.9272369 1.9041859 1.8670401 1.8057630 1.9341492 2.0892893 2.0578392 2.0668876 2.2886741 2.4123275 2.2059762 2.0484483 2.3072620 2.1215260 1.9048824 2.7489151 2.7489151 3.6521821 3.6425743 4.0206156 1.6642882 1.7862946 1.7503857 1.7790281 1.7056900 1.6864244 1.6438502 2.2835581 2.3127236 1.2697008 1.8319844 1.8083479 1.5704938 2.2591517 1.9590397 5.4561517 2.1785066 3.2547141 
Skow_XM_006819413.1                                     1.7751547 1.6314149 1.2041592 0.7663128 1.4590604 1.3965853 1.5116265 1.5127659 1.1859842 0.9512316 0.8994894 0.7902977 0.0000000 1.0400264 1.3512568 0.9589288 0.5785412 1.0797589 1.1349872 1.0931152 1.2090922 1.1224890 1.1737222 1.1482568 1.1148032 1.0921523 0.8030620 0.9136991 0.8276026 1.1613871 0.9457642 1.1914869 1.0171214 1.3518777 1.6683977 1.2036770 1.7102897 1.8607447 1.7460980 1.8957707 1.5912317 1.9100701 1.8433398 1.8425789 2.0620183 2.0520916 2.2674468 0.8620361 1.8552889 1.7116592 1.8989826 1.6660475 2.1296172 2.1247255 2.1021982 2.1254323 2.1500435 2.0932943 2.0915756 1.9655550 2.1261423 2.0465529 2.1380426 2.2866268 1.9600672 2.0524754 2.1440556 2.0578555 2.2892765 2.1028751 1.9947137 1.8309897 1.5835129 2.2527133 2.0934784 2.0092116 2.0245041 1.6400924 1.6785276 1.7100989 1.7116334 1.7167158 1.7211490 1.7699640 1.9266103 2.0181031 1.5522080 1.7219192 1.7848202 2.0365707 2.1083971 1.3717501 1.8857903 2.0617651 2.5672379 
Bralan_BLAG16000007_1                                   2.6071020 1.9900111 1.3471476 0.5492291 1.6998767 1.8074248 3.9268106 3.3505201 3.4162501 1.3128755 3.7395712 2.9944721 1.0400264 0.0000000 0.1931882 1.0979998 0.7781144 1.1418023 1.3629561 1.2909739 1.2676796 1.2106793 1.3229494 1.2353737 1.2910275 1.2627233 0.7607410 0.9595793 1.2263263 1.4202137 1.3300806 1.4045908 1.5585693 1.6700694 1.6383102 3.9178224 1.8174259 5.5816196 2.0879019 2.3803225 1.9903012 1.9349769 1.9059491 1.9206907 2.5177574 2.5153280 1.7792831 1.1469210 1.7760571 1.6903925 1.6868606 1.8060955 2.3616960 2.1767966 2.7346262 4.9513121 4.7678042 2.8336180 5.2080467 2.0172571 3.8491439 2.1011205 2.5966805 4.3850560 2.7332684 3.5662023 4.3492689 2.5366357 3.1334421 2.2267169 2.1214226 1.7515233 1.8562255 2.1849806 1.8584259 1.9589100 2.0318858 1.7834514 1.8373343 1.8258391 1.8258391 1.7568148 1.8356651 1.8148347 2.2659260 2.4577435 3.6861254 1.5923747 3.1739250 1.8754737 2.4264493 1.8044307 2.0710325 3.9457474 2.2252997 
Skow_XM_006817591.1                                     0.0000010 1.0387406 0.5735553 0.6153566 1.0781663 0.9829180 2.5361011 0.0000010 0.0000010 0.8461123 0.0000010 0.0000010 1.3512568 0.1931882 0.0000000 0.4262340 0.3747177 0.3147797 0.4317874 0.0000010 0.0000010 0.3532320 0.3532320 0.3759036 0.3706068 0.4171776 0.4165049 0.3388549 0.6135307 0.7025373 0.0000010 0.9637864 1.2003924 1.0536448 1.2238563 0.0000010 1.1441947 0.0000010 1.1550230 5.5193967 0.9998225 1.1504730 1.1309375 1.1309375 0.0000010 0.0000010 1.1309375 0.7624547 0.9397208 1.0294679 1.1050946 0.9621995 0.0000010 1.0889413 6.8569539 0.0000010 0.0000010 0.0000010 0.0000010 0.8454507 0.0000010 0.8619309 4.0583885 0.0000010 0.0000010 0.0000010 0.0000010 8.9999988 0.0000010 2.7767851 2.7767851 1.2173883 1.4116870 4.9869192 1.0251706 1.4832431 9.0000000 1.1686786 1.1686786 1.1686786 1.1686786 1.1657440 1.2268158 1.2268158 1.2079534 2.4916633 0.0000010 0.8800762 0.0000010 1.3194893 0.0000010 0.0000010 2.3100055 2.6379612 3.3285304 
Spur_XM_030973994.1                                     1.9327904 1.7695726 1.5111136 0.8781039 1.6621616 1.5745938 1.5895057 1.5556178 1.3548358 1.2798987 1.0377779 1.0205998 0.9589288 1.0979998 0.4262340 0.0000000 1.1159648 1.2409755 1.3300025 1.2357612 1.2775167 1.2477128 1.3202965 1.3436551 1.2728179 1.2475167 1.1475581 1.0448506 1.2266351 1.4203875 1.1597450 1.3740354 1.3522903 1.4686074 1.7968352 1.2895221 1.9692303 2.0780400 2.1154128 2.2641451 1.8834372 1.9791698 1.9601823 1.9702737 2.1708250 2.1840636 2.3636742 1.1937453 1.7932333 1.8257281 1.9810331 1.9111906 2.1535930 2.1964601 2.5012062 1.9536163 1.9180248 2.1941530 2.0932125 2.0957680 2.1927677 2.1590347 2.3049785 2.3294965 2.2898779 2.2013988 2.3517009 2.3801929 2.3580532 2.3755553 2.2998773 2.0765623 2.1484013 2.8272761 2.2628638 2.4075220 2.5373543 1.7403943 1.7494291 1.7439324 1.7452904 1.7586279 1.7926071 1.8118601 2.1560514 2.0502283 1.1349665 1.7001855 1.8240158 1.8120528 2.1294755 1.7610847 2.0539837 1.8859782 2.6768557 
Cscu_XM_023373777.1                                     0.0000010 1.3902936 1.1640160 0.7437604 1.3337708 1.4007066 2.1276510 1.4298886 4.5770609 1.0278520 0.0000010 1.6665775 0.5785412 0.7781144 0.3747177 1.1159648 0.0000000 1.0177880 1.2307729 0.7176367 3.5165455 1.0560438 1.0560438 1.1333566 0.9496435 0.9817117 1.0436892 0.9548252 0.8876295 1.0017239 0.1234939 0.9845081 1.1325419 1.4385977 1.4553421 0.0000010 1.4473737 8.8638541 1.7553576 4.7229036 2.3526034 1.5268407 1.5805903 1.5805903 8.9999990 5.0254388 1.5759137 1.2502157 1.6568160 1.7245794 1.7723652 1.4310668 1.9446119 2.1730288 3.9619566 0.0000010 0.0000010 3.2897353 3.2897353 2.1656196 2.7002295 2.1993417 2.8520734 3.7847855 3.5602392 0.0000010 0.0000010 8.7933969 4.3695510 3.0532532 3.0532532 2.1563302 2.7106325 3.3586698 2.0760651 1.9541145 2.2435653 1.8419435 1.8722699 1.8297924 1.8297924 1.8108121 2.0377613 2.0377613 2.0883255 2.7362091 0.0000010 1.2515040 4.4304537 1.3393276 6.2162820 0.9666412 2.0119742 4.6430241 1.3000441 
Exapal_XM_021040516.2                                   1.4800638 1.2955654 1.0163505 0.5350013 1.2480138 1.1361858 1.1637860 1.0628443 1.4143364 1.2604607 0.9863444 1.0986404 1.0797589 1.1418023 0.3147797 1.2409755 1.0177880 0.0000000 0.4582584 0.5516756 0.6475425 0.5235432 0.5098411 0.5412048 0.5057927 0.5187020 0.4376599 1.0053128 1.1832408 1.4131367 1.2055215 1.3097802 1.3247308 1.1913188 1.3972593 1.4131993 1.6358705 1.5332120 1.7746708 1.7534994 1.4166086 1.9001934 1.7515084 1.7512820 1.9265490 1.9602257 2.2477227 1.2835268 1.3437239 1.5604362 1.7186938 1.5951743 1.9535812 2.0323747 2.4313353 1.8878090 1.8192973 1.8886606 1.8808506 1.9218828 1.9106184 1.9857856 2.1002766 2.1078488 1.9131436 2.0539090 2.1831756 2.1047198 2.0245418 2.1420559 2.0748595 1.9874086 2.4189146 2.9335825 2.1000042 2.2505557 2.2670393 1.5816852 1.6183492 1.6133952 1.6229607 1.5807490 1.5812174 1.5969617 1.8459651 1.8903909 1.1646566 1.3867998 1.4403963 1.8620925 1.8179788 1.1878725 1.5820784 1.6588779 2.3751516 
Nvec_v1g239938                                          1.2823102 1.4556298 1.1564691 0.6840927 1.3930141 1.2776234 1.3295094 1.0704366 1.7242032 1.3045899 1.1100927 1.2305025 1.1349872 1.3629561 0.4317874 1.3300025 1.2307729 0.4582584 0.0000000 0.5771177 0.6782695 0.5810100 0.5917731 0.6074368 0.6003179 0.6002310 0.6154501 0.9995067 1.3235548 1.5945568 1.3434697 1.3464141 1.4164461 1.3667750 1.5933948 1.1921760 1.7533894 1.6156703 1.7790761 1.8291084 1.4790326 2.2253112 2.0575391 2.0558088 2.2376566 2.2594367 2.5154779 1.2273959 1.6289797 1.7555527 1.9219531 1.7477221 1.9921274 2.0682948 2.4073558 2.1356588 2.0529977 1.9915341 1.9670309 1.9814750 1.9921866 2.0764695 2.2475575 2.2925312 1.9906957 1.9418853 2.1122299 2.2324042 2.1673903 2.2192714 2.1823735 1.9786027 2.4026839 2.8289467 2.1883697 2.3269906 2.3154231 1.7503203 1.7620817 1.7678136 1.7738577 1.7256146 1.7074749 1.7734003 2.0483720 1.9856068 1.3588006 1.4626538 1.5052023 1.8967305 1.9542573 1.3538377 1.7535697 1.6473546 2.5387341 
Fspp_ffun1.m4.33163.m1                                  4.4217114 1.3450727 0.9893223 0.0000010 1.2301380 1.1461327 1.2661126 1.3411376 1.9967109 1.2282521 7.1939407 1.2366407 1.0931152 1.2909739 0.0000010 1.2357612 0.7176367 0.5516756 0.5771177 0.0000000 0.2028443 0.2489371 0.2442340 0.1635523 0.2349599 0.2061268 0.1884022 1.0655379 1.2575877 1.4812298 1.2452274 1.3027872 1.3887475 1.2437259 1.3302377 1.6443126 1.7670476 2.1287118 1.9122625 1.7858852 1.4521828 1.9591607 1.8797313 1.8721086 2.1025586 2.1280391 2.1225699 0.8327055 1.4654532 1.6455679 1.7124768 1.6593150 1.9642504 1.9272529 1.9597590 2.6959782 2.0598330 1.9589386 2.0427311 2.0009779 2.1265620 1.9852812 2.0832334 2.3419713 2.0296535 3.3177691 2.3131539 2.1608242 2.2858738 2.0097310 2.0203393 1.8617587 1.6951905 2.1686759 2.0967988 2.0402992 2.1128045 1.7105781 1.7513447 1.6942121 1.7002772 1.7476229 1.7403966 1.8016558 2.1426879 1.8731328 1.4319438 1.4454083 1.8533075 1.6057418 2.0715371 1.1020654 1.6497581 1.1645387 2.2649097 
Gasp_gasp1.m3.19175.m1                                  0.0000010 1.3464222 1.2950118 0.0000010 1.2808970 1.2291506 1.3390532 1.4090896 2.0420335 1.4458650 9.0000000 1.3168884 1.2090922 1.2676796 0.0000010 1.2775167 3.5165455 0.6475425 0.6782695 0.2028443 0.0000000 0.3431981 0.4093773 0.2740541 0.3731502 0.3454141 2.2428693 1.1223008 1.4450522 1.5782575 1.3231475 1.3863945 1.4161544 1.5145902 1.5688713 0.0000010 2.3237312 1.9271490 2.3723387 2.1282407 1.8338989 2.4923299 2.4990360 2.4990360 2.4171125 2.4498836 5.7838468 2.3903064 3.3009902 1.8661303 1.9988876 1.9451984 2.0006422 2.0307199 2.0639470 0.0000010 1.5330903 1.8476586 1.7282604 2.0248639 2.0425401 1.9596385 2.1798783 2.2984889 1.8402891 2.2598554 2.1565093 2.0831760 2.1218666 2.0805505 2.0805505 2.0896353 5.8024865 4.2868309 2.3152490 2.3748696 2.2017786 1.7732648 1.8501769 1.7618584 1.7714768 1.8456116 1.9362228 1.9386407 2.6750303 1.9537971 1.3234570 1.6067517 1.8241549 3.7256234 2.0126077 1.4055368 1.6033509 1.2890641 4.6039655 
Amil_Amillepora21544-RA                                 1.2200439 1.3358679 1.0684616 0.5626084 1.3013355 1.2217362 1.2053732 1.0865262 1.4873238 1.3375644 1.1908079 1.1959711 1.1224890 1.2106793 0.3532320 1.2477128 1.0560438 0.5235432 0.5810100 0.2489371 0.3431981 0.0000000 0.0235106 0.1808302 0.2770663 0.2573386 0.3313646 1.0189056 1.3094412 1.4256549 1.2089294 1.2988285 1.2651072 1.2642165 1.4921977 1.2769539 1.7520645 1.6366423 1.7727090 1.6914143 1.4805403 1.9359224 1.8196151 1.8190537 1.9770630 2.0248503 2.2485275 1.3038017 1.6557507 1.5448086 1.7213101 1.6226962 1.9821855 1.9991103 2.4228754 1.9646102 1.9470308 1.8829961 1.8698435 1.9838743 1.9750058 1.9833282 2.1670311 2.1063092 1.9478230 2.0594965 2.0949371 2.3321736 2.0371622 2.1707755 2.1522266 1.9964059 2.4001448 2.7416431 2.0370839 2.1146494 2.1901834 1.6047600 1.6370093 1.6332017 1.6431559 1.6857672 1.6839088 1.6897504 2.0294835 1.8978745 1.0319298 1.4634777 1.4843489 1.5974726 1.8352936 1.2350452 1.8430981 1.6557666 2.4191227 
Adig_XM_015897818.1                                     1.2200439 1.3655258 1.0959215 0.5626084 1.3853436 1.2230678 1.1101318 1.0254437 1.4839985 1.3859301 1.2336261 1.1241206 1.1737222 1.3229494 0.3532320 1.3202965 1.0560438 0.5098411 0.5917731 0.2442340 0.4093773 0.0235106 0.0000000 0.1799006 0.2648716 0.2529181 0.3225743 1.0463575 1.3441501 1.4723798 1.2297484 1.3453481 1.3341749 1.2330928 1.4969918 1.2565650 1.6323137 1.6485230 1.6795852 1.6323599 1.4088159 1.8912080 1.7612925 1.7609710 1.9234232 1.9801414 2.3295941 1.3038017 1.6016425 1.6050117 1.8142755 1.5908648 2.0364563 2.0313522 2.5096799 2.0771294 2.0255299 1.9047985 1.8511420 1.9728820 1.9117441 2.0193077 2.2440813 2.1876333 2.0095691 2.2410327 2.2252770 2.3714676 2.0668776 2.2304188 2.2199281 2.0633629 2.4001448 2.7181569 2.0366537 2.1920286 2.3791150 1.5357210 1.5807647 1.5608747 1.5716700 1.6108738 1.5928073 1.6218389 1.9456174 1.9836643 1.0799048 1.5194743 1.4863136 1.5673588 1.8991190 1.1957590 1.8148346 1.5921773 2.4306381 
Gfas_gfas1.m1.7973.m1                                   1.2969618 1.3668437 1.0542082 0.5345055 1.3100419 1.2240079 1.2737511 1.3026187 1.4334575 1.3584402 1.6275007 1.3040048 1.1482568 1.2353737 0.3759036 1.3436551 1.1333566 0.5412048 0.6074368 0.1635523 0.2740541 0.1808302 0.1799006 0.0000000 0.2601107 0.2477412 0.2586148 1.0791280 1.3328691 1.4940808 1.2910095 1.3421640 1.3646625 1.3245341 1.4355024 1.4913844 1.7048191 1.8114054 1.8115556 1.7234360 1.4752369 2.0106933 1.9200542 1.9190158 2.1085894 2.1507986 2.2260010 1.3151993 1.6086021 1.5527855 1.6668828 1.5760307 2.0183840 2.0488686 2.3642684 2.2487981 2.1147542 1.9780588 1.9638874 2.0054888 2.0979869 2.0237036 2.1828217 2.2409180 2.0251914 2.4564359 2.2705766 2.3863603 2.0107616 2.1996245 2.1775518 1.9468750 2.5064816 2.7815757 2.0293753 2.0659427 2.1710713 1.6838864 1.7088821 1.7031750 1.7032895 1.7410841 1.7456429 1.6552195 2.1709477 2.0527574 1.2254578 1.5165721 1.6651622 1.6210551 2.0697058 1.1395464 1.6865622 1.6462440 2.4160255 
Spis_XP_022788107_1                                     1.3905263 1.3145460 1.0345839 0.5942839 1.2694796 1.1912432 1.1972715 1.0687676 1.4269781 1.3435173 1.0865520 1.1648590 1.1148032 1.2910275 0.3706068 1.2728179 0.9496435 0.5057927 0.6003179 0.2349599 0.3731502 0.2770663 0.2648716 0.2601107 0.0000000 0.0548969 0.2520468 1.0224075 1.2930652 1.4730193 1.2239669 1.3417013 1.3907492 1.2585135 1.4484098 1.1855109 1.8050978 1.8395949 1.9063271 1.7932211 1.5228580 1.9930874 1.8819571 1.8811219 2.0960503 2.1232631 2.2058715 1.2332835 1.5275637 1.5627378 1.7546182 1.6018516 2.0273780 2.0778219 2.4920803 1.7982709 1.8085634 1.8072714 1.7861013 1.8785239 1.8242207 1.9366357 2.0763531 2.0168824 1.8298323 1.8401395 1.8402493 2.1921337 2.0048871 2.1246494 2.1329770 1.9519350 2.2175326 2.4738285 1.9617923 2.1298764 2.2793527 1.6542104 1.6894958 1.6879639 1.6880831 1.6834066 1.6657088 1.6833092 2.0517138 1.8614632 1.2275254 1.4351580 1.5287750 1.7050654 1.9291599 1.1930456 1.7727848 1.4838712 2.1860825 
Pocdam_XM_027191627.1                                   1.3741644 1.2961444 1.0242263 0.5919343 1.2409830 1.1734066 1.1383099 1.0581453 1.4124098 1.2965716 1.1092448 1.1578732 1.0921523 1.2627233 0.4171776 1.2475167 0.9817117 0.5187020 0.6002310 0.2061268 0.3454141 0.2573386 0.2529181 0.2477412 0.0548969 0.0000000 0.2745234 1.0241433 1.2671810 1.4693228 1.2115663 1.3395625 1.3536206 1.2307330 1.4383555 1.2079753 1.7592064 1.8408220 1.8606552 1.7870333 1.5035502 1.9943757 1.8975710 1.8966579 2.0734399 2.1010490 2.2493811 1.3043228 1.5371298 1.5635099 1.7456813 1.5839149 2.0265522 2.0736670 2.5040450 1.8056705 1.8053569 1.7979028 1.7557207 1.8902554 1.8298896 1.9498277 2.1091643 2.0229730 1.8469868 1.8465932 1.8429941 2.2323737 2.0556699 2.1586938 2.1631785 1.9797048 2.2899766 2.5523368 1.9966017 2.1330900 2.2282362 1.6144271 1.6714665 1.6680497 1.6681782 1.6550875 1.6397770 1.6589956 2.0096272 1.8488200 1.1659619 1.4374468 1.5201449 1.6872838 1.9149092 1.1365866 1.7607238 1.5223537 2.2695067 
Gasp_gasp1.m3.19174.m1                                  0.0000010 1.2626195 1.1077963 0.5591254 1.2978898 1.3035099 1.9336527 1.5021631 1.4172425 1.2333540 1.3322285 1.1246362 0.8030620 0.7607410 0.4165049 1.1475581 1.0436892 0.4376599 0.6154501 0.1884022 2.2428693 0.3313646 0.3225743 0.2586148 0.2520468 0.2745234 0.0000000 0.8981543 1.1193262 1.1759692 0.8739163 1.2464615 1.2224424 1.2224596 1.3433743 1.8892555 1.6449723 2.4041411 1.6517642 3.6896728 1.7348344 1.5795766 1.5355976 1.5355976 3.0481726 2.9871825 1.6928515 1.3273214 1.4211141 1.6826069 1.7236347 1.3302473 2.0612401 2.0990130 4.0748727 8.9999985 8.9999985 6.4558411 8.5924549 1.9382752 8.5924549 1.9743544 2.8591121 4.7100823 8.9999985 8.9999985 8.9999985 4.0500034 5.1047081 2.2058549 2.2058549 1.7620180 2.6786922 2.8377891 1.7577577 1.9470070 1.7566014 1.3765327 1.3805195 1.3851189 1.3851189 1.3646889 1.3374259 1.3374259 1.7773994 2.2765720 2.2722156 1.2806970 1.0448715 1.4325636 1.1117155 0.9488508 1.9618429 1.5046023 1.4659779 
Hsap_ENST00000611405                                    1.8948380 1.4949307 1.3066461 0.6530506 1.3148992 1.3086090 1.4547191 1.3326188 1.2657557 1.0619131 0.9548533 0.8729571 0.9136991 0.9595793 0.3388549 1.0448506 0.9548252 1.0053128 0.9995067 1.0655379 1.1223008 1.0189056 1.0463575 1.0791280 1.0224075 1.0241433 0.8981543 0.0000000 0.9623313 1.2138945 0.8931230 1.0904359 1.1346127 1.3747445 1.6173241 1.1878801 1.6718636 1.6598867 1.7755671 1.8569349 1.6320568 1.9664222 1.7874508 1.7870355 1.9634526 2.0115878 2.0402378 1.1301371 1.5679981 1.6093038 1.7773209 1.4884373 1.9106831 1.8636982 2.2650517 1.7333075 1.7791615 1.8748186 1.7758646 1.7799213 1.8802069 1.9127692 1.9914181 1.9651678 1.8528453 1.6779257 1.9873149 2.1108924 2.0389426 2.0297201 1.9579691 1.7485930 1.8034941 2.4026383 1.9285408 1.9788555 2.0841233 1.6811763 1.6901838 1.7093233 1.7197830 1.7154296 1.6702374 1.7012062 2.0083518 1.9683981 1.0957432 1.5709647 1.7526117 1.7592676 1.9609187 1.4144849 1.8581629 1.9850898 2.4001006 
Acagra_model.g19168.t1                                  1.5859721 1.6380524 1.5035083 0.8856844 1.6093787 1.5895361 1.5969075 1.4077479 1.2162117 0.6775256 0.8530966 0.8662883 0.8276026 1.2263263 0.6135307 1.2266351 0.8876295 1.1832408 1.3235548 1.2575877 1.4450522 1.3094412 1.3441501 1.3328691 1.2930652 1.2671810 1.1193262 0.9623313 0.0000000 0.9013804 0.8904469 1.0254242 1.0890154 1.4800021 1.7006150 1.2446227 1.7793207 1.6337755 1.8252144 1.9854555 1.7896741 1.8579596 1.7787093 1.7860085 2.0356765 2.0605222 2.0785538 1.0791802 1.5696270 1.6619370 1.8891783 1.5660664 2.0594302 2.0531649 2.4332187 1.7885657 1.7648580 1.8593039 1.7755545 1.9204668 1.8616455 2.0604483 2.0622854 2.0927292 1.7815287 1.9188287 1.9204054 2.0691699 1.9565093 2.0815960 2.0400056 2.0251879 2.3600397 2.5919316 2.0719898 2.1989746 2.3122188 1.6919284 1.7045712 1.7386819 1.7493543 1.7268220 1.7677802 1.8135494 1.9317856 2.0693527 1.3616556 1.6188011 1.8077579 1.7679792 2.1607126 1.5386795 1.7002907 1.8111539 2.6040829 
Ctel_gnl_WGS_AMQN_CAPTEDRAFT_mRNA228264                 2.0067454 1.8851267 1.6416909 1.4998971 1.6974762 1.7847862 2.1128522 1.9457044 1.1775702 0.9759150 1.3013827 1.1464313 1.1613871 1.4202137 0.7025373 1.4203875 1.0017239 1.4131367 1.5945568 1.4812298 1.5782575 1.4256549 1.4723798 1.4940808 1.4730193 1.4693228 1.1759692 1.2138945 0.9013804 0.0000000 1.1455396 1.1511751 1.2032910 1.7656324 1.9484946 1.6239056 1.9644401 1.9104120 2.0273240 2.1911143 1.8005922 2.1688755 2.0462119 2.0637920 2.2644456 2.2602028 2.3659115 1.0815200 1.5551260 1.6461191 1.7973658 1.6722412 2.2230556 2.2147566 2.5303522 2.2349939 2.2717296 2.2790167 2.2214435 2.1653215 2.4137348 2.2385639 2.3455929 2.5311739 2.2407382 2.1637291 2.3902948 2.3293628 2.4411350 2.1537121 2.0734908 1.9122157 2.3334284 2.6078964 2.1895365 2.0931676 2.0046901 1.8546961 1.8962132 1.9128880 1.9248401 1.9075737 1.9407043 1.9217424 2.2661524 2.2308873 1.3204568 1.8864389 2.1032664 1.8907756 2.1507778 1.7199585 2.3146780 2.4745762 2.6369830 
Cscu_XM_023376465.1                                     1.7201128 1.5832634 1.2687239 0.0000010 1.4975987 1.5280017 1.5580751 1.3614158 1.1269970 0.8634555 1.0057671 0.8219892 0.9457642 1.3300806 0.0000010 1.1597450 0.1234939 1.2055215 1.3434697 1.2452274 1.3231475 1.2089294 1.2297484 1.2910095 1.2239669 1.2115663 0.8739163 0.8931230 0.8904469 1.1455396 0.0000000 0.8349077 0.8541665 1.4592838 1.5996794 1.3429990 1.8906667 1.8231227 1.9567886 2.1161204 1.6906448 1.9301334 1.7747410 1.7747410 1.9523825 1.9614692 2.3389921 0.8739538 1.5961482 1.5237742 1.6502495 1.6476731 1.9773775 1.9979908 2.0543568 1.5964414 1.6145351 1.7972495 1.6967840 1.8871261 1.7794718 1.9374077 2.0219291 1.8814799 1.7843655 1.6571558 1.8087501 1.9348659 1.9435532 1.9353913 1.9586508 1.9438744 2.1788515 2.5822864 2.3584109 2.2193181 2.2387420 1.5717520 1.5641157 1.5991132 1.6106874 1.6179737 1.6377261 1.6607548 1.9251845 1.9595037 1.0560967 1.6022919 1.8206277 1.8064375 2.0380177 1.4668411 1.8455707 1.7925126 2.3872379 
Dpul_mRNA2035                                           1.8646349 1.6214863 1.5160113 0.8736719 1.4866294 1.6261127 1.7485149 1.6594094 1.1396673 1.0235095 1.4438654 1.1322783 1.1914869 1.4045908 0.9637864 1.3740354 0.9845081 1.3097802 1.3464141 1.3027872 1.3863945 1.2988285 1.3453481 1.3421640 1.3417013 1.3395625 1.2464615 1.0904359 1.0254242 1.1511751 0.8349077 0.0000000 0.9533720 1.6763171 1.8046922 1.6313624 1.9428261 1.8323400 1.8498557 2.0503582 1.7881749 2.1172939 2.0643453 2.0779772 2.2333987 2.2508455 2.3916867 1.4350106 1.8980404 1.7821856 1.8835872 1.7496561 1.9989186 2.0718898 2.4009368 2.2353478 2.1486941 1.9902885 2.0204007 2.1751105 2.1111461 2.2370776 2.2803023 2.3087650 2.0159988 2.2712269 2.3830528 2.3982532 2.0836976 2.2936316 2.2025338 2.1845016 2.7537567 3.4464759 2.2133456 2.3651937 2.5360397 1.8022367 1.8568349 1.7972389 1.8084404 1.9175641 1.8343242 1.7868952 2.2618973 1.9925477 1.2880007 1.7862528 1.8570161 1.9521489 2.0900859 1.6846275 2.2648058 1.8954268 2.8791516 
Tcas_TC003562_001                                       1.3777929 1.6128315 1.5246478 1.2598615 1.5687381 1.5169969 1.6220104 1.5914555 1.3260337 1.0418849 1.1571140 1.0690494 1.0171214 1.5585693 1.2003924 1.3522903 1.1325419 1.3247308 1.4164461 1.3887475 1.4161544 1.2651072 1.3341749 1.3646625 1.3907492 1.3536206 1.2224424 1.1346127 1.0890154 1.2032910 0.8541665 0.9533720 0.0000000 1.7366230 1.9376218 1.2761009 2.2683974 1.9572677 2.1019390 2.3035429 1.9320691 2.1838992 2.1653849 2.1657711 2.3119172 2.3038471 2.6055922 1.5188552 1.8927440 1.8118913 1.8852387 1.7578495 2.2028429 2.1855923 2.5056392 1.9707388 1.9544654 2.1413579 2.0575436 2.1481206 2.1633442 2.1722987 2.3539378 2.2950794 2.1070463 1.9845180 2.3111302 2.3113799 2.1787873 2.2181380 2.1835228 2.0192718 2.1851985 2.6246376 2.2451037 2.4361350 2.6971006 1.7937239 1.8322508 1.8180526 1.8227125 1.8492607 1.8622749 1.8376749 2.1299173 1.9614976 1.4947866 1.7215377 1.9841774 2.0660695 2.0693361 1.4538426 2.1116432 2.0291281 2.7274662 
Dgig_XM_028550139.1                                     2.0358401 1.6451284 1.3860252 1.3849374 1.6931005 1.4789147 1.5310132 1.1869813 1.8359628 1.5116893 1.0854952 1.3879199 1.3518777 1.6700694 1.0536448 1.4686074 1.4385977 1.1913188 1.3667750 1.2437259 1.5145902 1.2642165 1.2330928 1.3245341 1.2585135 1.2307330 1.2224596 1.3747445 1.4800021 1.7656324 1.4592838 1.6763171 1.7366230 0.0000000 0.4183876 0.4863768 1.7865930 1.8106499 1.8432448 2.0720612 1.7264495 2.1181202 1.8673558 1.8665790 2.0575859 2.0560846 2.3019570 1.5626050 1.6916670 1.8020876 1.9848384 1.7135691 2.3395207 2.3380821 2.6973914 2.0404411 1.8830738 2.1925948 2.1534450 2.2013892 2.2052928 2.2840184 2.3634887 2.2688990 2.2793258 2.0311204 2.1643581 2.4905585 2.3463933 2.4117524 2.4656169 2.3535572 2.5344859 2.8191900 2.5531666 2.5350371 2.6482084 1.7750907 1.8215908 1.7982986 1.7919060 1.7942718 1.8225743 1.8392669 2.1005672 1.9565722 1.2453752 1.6500963 1.6101049 1.8435308 1.8454142 1.4723497 1.7474619 1.7753214 2.4846969 
Xesp_002497-T1                                          8.2887549 1.8540980 1.4085736 1.5623367 1.7232189 1.7072405 2.0237089 1.5958413 2.4184696 1.7504419 8.9999988 2.1207248 1.6683977 1.6383102 1.2238563 1.7968352 1.4553421 1.3972593 1.5933948 1.3302377 1.5688713 1.4921977 1.4969918 1.4355024 1.4484098 1.4383555 1.3433743 1.6173241 1.7006150 1.9484946 1.5996794 1.8046922 1.9376218 0.4183876 0.0000000 9.0000000 1.8894997 2.0807499 2.0192966 2.2919728 1.9174576 2.3358447 2.1099209 2.1099209 2.4280732 2.4265991 2.2585848 1.6465420 1.6730299 1.9580157 2.0688802 1.9330172 2.3679617 2.4152988 2.8495135 2.9460770 2.0031620 2.3940519 2.6243046 2.3692103 2.7720599 2.4164040 2.4559997 3.0187083 2.6939610 3.5567227 3.0643008 2.8270969 3.0924887 2.5207834 2.5332285 2.1726709 2.5548354 2.8941779 2.5256757 2.5904348 2.6552224 1.8888429 1.9344048 1.9339059 1.9319672 1.9359044 2.0124178 2.0416255 2.2978461 2.2306786 1.9603061 1.7609286 2.2737152 2.1219231 2.1831375 1.5727811 1.9363554 1.8673956 2.3951502 
Xesp_002498-T1                                          2.2663619 1.6044852 0.7526282 0.0000010 0.9645957 1.2309357 1.5072725 1.2494200 1.3249668 1.3143118 0.9720431 1.3117302 1.2036770 3.9178224 0.0000010 1.2895221 0.0000010 1.4131993 1.1921760 1.6443126 0.0000010 1.2769539 1.2565650 1.4913844 1.1855109 1.2079753 1.8892555 1.1878801 1.2446227 1.6239056 1.3429990 1.6313624 1.2761009 0.4863768 9.0000000 0.0000000 1.9074693 1.8897774 1.8603794 1.9500641 1.4687942 2.1523186 1.7085025 1.6811492 1.7085025 1.7085025 6.1309315 0.8258757 0.9463594 1.7421539 2.0391458 1.7997800 2.2137033 2.1812671 1.9707676 2.2506165 2.2506165 1.8668402 1.8668402 1.8842819 1.8842819 1.9742406 2.1557290 2.1557290 2.0949502 2.0949502 2.0949502 1.7834483 1.4838426 1.8412170 1.5543859 0.0000010 0.0000010 0.0000010 0.0000010 0.0000010 0.0000010 1.5865087 1.6509272 1.6512143 1.6244635 1.6034848 1.4980955 1.3600309 1.2622236 1.6505681 0.9790853 1.7461124 1.4602437 0.6189002 1.8086955 3.3245734 1.1216533 2.6877962 2.9251430 
Lcom_lcpid59510                                         2.7954490 2.2971285 1.7070476 1.7848082 2.0539161 2.1359541 2.5498205 2.2304390 2.4087820 1.8865449 9.0000000 2.2472453 1.7102897 1.8174259 1.1441947 1.9692303 1.4473737 1.6358705 1.7533894 1.7670476 2.3237312 1.7520645 1.6323137 1.7048191 1.8050978 1.7592064 1.6449723 1.6718636 1.7793207 1.9644401 1.8906667 1.9428261 2.2683974 1.7865930 1.8894997 1.9074693 0.0000000 3.4877982 0.4772534 0.5261153 0.9569408 2.1322403 2.0839514 2.0839514 2.4568774 2.4338251 1.9919672 1.3946356 1.7573868 1.9798575 1.9853666 1.9278615 1.8167946 1.9759556 2.3718285 2.8378037 2.8237850 2.2618088 3.2495623 2.0304713 2.6784153 2.1104915 2.0789057 3.3215340 2.3932718 4.0065542 4.5379871 2.2454400 2.7021713 2.2019638 2.1671971 1.9753064 2.3520927 2.6196450 2.0015498 2.3599118 2.2918943 2.0355487 2.0333900 2.0633377 2.0555828 2.1425709 2.1054023 2.1116115 2.5533067 2.0827017 4.3933276 2.0511465 2.5301054 1.8076886 2.2359301 1.9856009 1.9157062 3.6334028 2.1299355 
Lcom_lcpid99144                                         2.4571381 1.9144962 1.5994621 0.0000010 1.6137153 1.8375012 1.7943800 1.8349905 1.8741899 1.9605355 1.7526810 1.8096432 1.8607447 5.5816196 0.0000010 2.0780400 8.8638541 1.5332120 1.6156703 2.1287118 1.9271490 1.6366423 1.6485230 1.8114054 1.8395949 1.8408220 2.4041411 1.6598867 1.6337755 1.9104120 1.8231227 1.8323400 1.9572677 1.8106499 2.0807499 1.8897774 3.4877982 0.0000000 0.3872298 0.3959278 0.9996868 2.1508035 2.0056670 2.0232530 2.0056670 2.0056670 7.2501456 3.2789282 3.5736247 1.6829549 2.1272417 1.5920727 2.1718538 2.1717892 2.1346210 2.0254418 2.0706593 2.0333155 2.0333155 2.0267759 2.0267759 2.0877057 2.1777919 2.1777919 2.1894415 1.9946389 2.2860990 2.2070521 2.3553317 2.4338402 2.0991019 0.8657306 0.0000010 0.0000010 9.0000000 0.0000010 0.0000010 1.8825028 1.9452717 1.9911162 1.9780681 1.9447090 1.9388079 1.9873596 1.7526907 1.9943719 1.6358252 2.1020899 1.8503894 2.3823043 1.6601620 3.3245734 1.0335980 2.3335645 3.5754976 
Gracom_Gcom_C560220_01                                  2.2311488 2.2731864 1.8471326 1.3406807 2.0922028 2.0033287 2.1075503 2.1596786 2.2253568 1.9563679 1.9514192 2.0924281 1.7460980 2.0879019 1.1550230 2.1154128 1.7553576 1.7746708 1.7790761 1.9122625 2.3723387 1.7727090 1.6795852 1.8115556 1.9063271 1.8606552 1.6517642 1.7755671 1.8252144 2.0273240 1.9567886 1.8498557 2.1019390 1.8432448 2.0192966 1.8603794 0.4772534 0.3872298 0.0000000 0.4325785 1.0333732 2.2969193 2.1634631 2.1800268 2.4012601 2.4100193 2.4963885 1.5274003 1.7649476 1.8752214 2.0276455 1.8756491 2.0598796 2.1010138 2.3671572 1.9200023 2.0632322 2.1813758 2.2460285 2.0384028 2.1514540 2.1480045 2.1233016 2.3687554 2.1706277 1.8230315 2.2470908 2.3662375 2.5148285 2.3326354 2.2331499 1.9901706 2.4187263 2.7302367 2.2832341 2.4070568 2.3625786 2.0659688 2.1009775 2.0772224 2.0709111 2.1232843 2.1066912 2.1491642 2.4293613 2.0377570 2.0291270 2.0936964 2.1246480 1.9562176 2.0591730 2.1858360 2.0108812 2.9311684 2.7270222 
