177
Hvul_g28952_1                                                     0.0000000 0.4936428 0.9510165 0.0000010 1.1445524 1.1372530 1.1506833 1.1904276 1.2668736 4.7057378 1.0929090 9.0000000 0.0000010 9.0000000 2.0490407 1.8326136 1.9595107 1.8928570 2.1140047 0.0000010 0.0000010 1.9618983 2.2437944 0.8656711 5.4662365 2.0283577 0.0000010 0.0000010 2.0023213 0.0000010 0.0000010 1.7207733 0.0000010 2.0605733 1.4618990 1.7577433 3.0448010 1.7039996 1.6624147 1.8666014 1.8058076 1.6479172 1.7108761 2.5025335 2.3747414 3.0122662 1.7775866 0.0000010 0.0000010 0.0000010 2.5174257 0.0000010 1.7972102 2.2379571 2.2014227 2.2014227 1.4637705 1.4637705 1.4637705 1.4637705 1.4637705 2.2618297 2.2618297 2.2618297 3.1944194 3.1944194 0.0000010 2.0756120 2.0756120 2.1292197 0.0000010 2.1292197 2.1292197 2.1292197 2.1292197 0.0000010 0.0000010 0.0000010 0.0000010 0.0000010 2.2047452 0.0000010 0.0000010 0.0000010 3.3168618 3.3168618 0.0000010 0.0000010 2.7421532 2.6630732 8.9999983 2.2856347 9.0000000 2.5467506 2.9522709 3.0466410 3.0466410 2.6248036 2.6505035 2.6505035 9.0000000 2.4807437 2.5520378 2.5520378 2.5520378 2.4756337 2.4860401 2.4860401 2.4860401 9.0000000 0.0000010 2.1830881 2.4137300 2.4137300 2.4137300 0.0000010 0.0000010 0.0000010 2.4648007 2.2974367 0.0000010 0.0000010 0.0000010 2.1749519 4.9155281 2.1604189 2.2627079 2.2627079 2.2627079 2.2627079 2.2627079 0.0000010 2.1214555 0.0000010 0.0000010 0.0000010 0.0000010 1.9475825 0.0000010 9.0000000 1.6450328 0.0000010 0.0000010 0.0000010 0.0000010 0.0000010 0.0000010 0.0000010 0.0000010 0.0000010 2.4337555 0.0000010 0.0000010 2.6961278 2.8071419 2.7024269 2.4391273 2.6698574 2.5228131 2.1492090 0.0000010 2.9698557 2.9947359 2.9597228 3.1254066 2.4886445 2.1577048 0.0000010 5.0199834 3.7411052 4.5952258 0.0000010 4.0019284 4.2500298 0.0000010 3.6619332 5.7655091 
Hvul_g28947_1                                                     0.4936428 0.0000000 0.5017200 0.0000010 0.7607543 0.7581384 0.7333968 0.7088782 0.8395873 1.8736585 0.6809906 7.0269831 0.0000010 0.9357859 1.1858188 1.0741888 1.1840144 1.1607281 1.2405945 0.0000010 0.0000010 1.0677245 1.2879754 0.8656711 4.1594217 1.3144366 0.0000010 0.0000010 1.2543295 0.0000010 3.9365505 1.2043321 0.0000010 1.2949547 1.0256251 1.1075531 2.9839570 1.1528121 1.1250779 1.2435784 1.1076393 1.0809008 1.1230643 1.3211134 1.2453310 1.4215322 0.8761360 0.0000010 0.0000010 0.0000010 1.4817549 0.0000010 1.5649816 2.0306381 1.9943699 1.9943699 3.3964374 3.3964374 3.3964374 3.3964374 3.3964374 1.9923305 1.9923305 1.9923305 2.3605569 2.3605569 0.0000010 1.9637751 1.9637751 1.9852989 0.0000010 1.9852989 1.9852989 1.9852989 1.9852989 0.0000010 0.0000010 0.0000010 3.6929529 3.6929529 1.9795919 0.0000010 0.0000010 0.0000010 2.7839661 2.7839661 0.0000010 0.0000010 1.9097489 1.9150514 8.0477411 1.7059090 1.0180723 1.5127315 1.8164007 2.2180926 2.1770860 1.7775764 1.9442092 1.9442092 1.4538376 1.8891346 1.8924566 1.8924566 1.8924566 1.8590807 1.8917841 1.8917841 1.8917841 2.7180637 0.0000010 1.8971733 1.7566648 1.7566648 1.7566648 0.0000010 0.0000010 0.0000010 1.8786062 1.8974151 0.0000010 0.0000010 0.0000010 1.6970371 1.6115501 1.6284428 1.6705649 1.6705649 1.6705649 1.6705649 1.6705649 0.0000010 1.8032780 0.0000010 0.0000010 0.0000010 0.0000010 1.7695535 0.0000010 9.0000000 1.5599637 0.0000010 0.0000010 0.0000010 0.0000010 0.0000010 0.0000010 0.0000010 0.0000010 0.0000010 1.8529499 0.0000010 1.2131489 1.9730039 1.9797803 2.0632328 1.9743630 2.1143380 2.2472174 1.8875750 0.0000010 1.8690759 2.5779481 2.3625069 2.5278900 1.7346973 2.9879826 0.0000010 3.5177048 2.9714049 3.1337277 0.0000010 3.3946343 3.5982279 0.0000010 3.8694441 5.0662741 
Chem_TCONS_00000002                                               0.9510165 0.5017200 0.0000000 0.7149685 0.5512487 0.5917148 0.5382776 0.6067439 0.6488607 0.7533778 0.5126332 0.6454548 1.9203551 0.7458084 1.0890391 1.2364691 1.1135273 1.1109541 1.0797229 0.9004558 0.8387734 1.1657291 1.0637874 1.0299510 1.4566099 1.1987668 1.2780690 1.6283710 1.2206689 2.2960424 1.9745078 1.2778012 1.3052328 1.2856902 1.1971618 1.2972967 1.2999953 1.3303909 1.3218419 1.3127202 1.2362589 1.2846672 1.3586609 1.2748158 1.2015116 1.2752570 1.0004650 1.2562810 0.9351023 0.8924268 1.5444219 2.7038525 3.1646467 2.3257031 1.9632857 1.9546003 2.0561349 2.0633888 1.7215822 1.9102892 1.9025846 2.2573708 2.2398189 2.2560283 2.0571733 1.9837689 2.5238200 2.2493817 2.2493817 2.2615346 1.4615139 2.2667581 2.2388756 2.2756399 2.2721888 3.0915285 2.5954246 2.4055031 2.6271938 2.6271938 1.8473775 2.5420471 2.7407435 2.8135996 3.0277118 2.8805584 6.1852384 2.0269852 2.0668176 2.3077158 2.8832933 2.0482664 1.0668304 1.1308581 1.9329922 1.8941642 1.9584748 1.6657884 1.8514462 2.3237539 1.5520557 2.3478619 1.8106441 1.9909228 1.9324717 1.9077010 2.2984062 2.3222618 2.3045661 2.3923091 3.1284068 2.6473946 2.3253988 2.3230564 2.3462044 2.8023361 2.2508295 2.1402433 2.1965139 2.3704845 2.2767075 2.4560597 2.6054660 1.7206047 1.6264035 2.1611350 2.2723536 2.3570864 2.4061392 2.3722649 2.4051724 2.5474721 2.8550056 2.9619547 2.6864877 2.6716841 2.5395871 2.6905328 2.5368241 2.6896149 2.6745286 2.8559811 2.7954257 2.5369201 2.8169820 3.1268694 2.3456352 2.5300985 2.5300985 1.9092914 2.1887489 2.8175484 2.7957017 2.4255450 2.5634469 2.5523749 2.4595694 2.4375709 2.3760107 2.3233621 1.5319211 2.1694209 3.1145171 2.4747813 2.7918364 1.4142563 0.6833885 3.5117695 3.7576968 3.6570735 3.9902755 3.5471931 3.8835261 4.6544927 2.8168570 4.8061735 4.6728935 
Nemnom_g807.t1                                                    0.0000010 0.0000010 0.7149685 0.0000000 3.1536958 0.0605904 3.6316604 0.1870689 0.1868949 0.1226990 2.3858346 1.5226249 0.8467226 1.4000410 1.2064669 1.1434636 1.0556639 1.0214769 1.0443310 0.0000010 0.0000010 1.1157886 1.1231420 0.5794403 1.2699872 1.0914445 0.0000010 2.2406634 1.0193976 0.0000010 3.0400276 1.1148141 1.2578996 1.2573130 1.1619736 1.3847591 4.2564105 1.5081703 1.2285486 1.3159744 1.2306145 1.3185655 1.3973567 1.3017450 0.9246664 0.9262638 1.1435835 1.2236994 2.7657706 1.4530776 1.3646609 0.0000010 1.7450695 1.8767054 1.5133138 1.4994569 1.7804674 1.7885577 1.5262395 1.7139929 1.7052159 2.1622281 1.8030671 2.0512631 2.1581779 2.0030603 0.0000010 1.6627367 1.6627367 1.8050006 1.2179995 1.8172161 1.8029354 1.8482067 1.8407957 2.4045199 0.0000010 0.0000010 0.0000010 0.0000010 1.4676736 2.1789589 2.1584159 2.2058613 2.2294908 2.1456269 5.7230616 0.0000010 1.7275595 1.5112814 4.3834830 1.6359052 1.1117764 1.2348681 1.4344971 1.2856507 1.6876773 2.0697503 1.9301512 2.3283807 1.7384585 2.3601987 4.7589015 2.2095347 3.6766574 3.3655440 2.3986529 2.3986529 2.3986529 0.0000010 0.0000010 8.9999982 2.2569921 2.2514928 2.3282877 0.0000010 0.0000010 0.0000010 2.0907871 2.3064268 0.0000010 0.0000010 0.9163734 1.7459826 2.4289796 1.9818613 2.7365925 2.3809300 2.3403467 2.3403467 2.4980527 0.9163734 3.3682154 0.0000010 0.9163734 0.0000010 0.9163734 2.5060083 0.0000010 2.9011921 6.9290826 0.0000010 0.0000010 0.0000010 0.0000010 0.0000010 0.0000010 0.0000010 0.0000010 1.8749304 9.0000000 2.8352587 2.6052566 2.3079313 2.3969160 2.3919120 2.3221042 2.3659469 2.1230958 2.0790549 1.5307773 1.9480235 8.9999983 1.9469191 1.9614241 7.2975913 2.0849879 3.0556688 3.3761379 3.1236886 3.5417359 4.0623081 9.0000000 9.0000000 3.2299112 5.2520284 4.5676624 
Nemnom_g809.t1                                                    1.1445524 0.7607543 0.5512487 3.1536958 0.0000000 0.0525608 0.1545866 0.1811820 0.2320071 1.4669339 0.4312704 0.8975802 0.4721832 0.5789993 0.8986023 1.1811863 1.1592723 1.0816765 1.0588413 0.8867722 0.8234819 1.0679412 0.9013030 0.9468637 1.1225350 1.0724662 1.0574852 1.3808820 1.2635569 1.6489192 1.7762745 1.1343311 0.0000010 1.1569094 1.1238986 1.1825812 1.0618489 1.1952576 1.2515829 1.1019206 1.0816843 1.0724120 1.1774058 1.2310104 1.2476010 1.3675700 1.2102223 0.0000010 1.1433791 1.1361009 1.5669411 3.2814034 2.9561187 2.3369759 2.1416488 2.1416488 1.0186559 1.0186559 1.0186559 1.0186559 1.0186559 2.0985545 2.1659449 2.0985545 1.7222052 1.7222052 2.6767910 2.4466553 2.4466553 2.3294762 0.0000010 2.3294762 2.2783788 2.3010366 2.3010366 0.0000010 2.7218740 2.5392978 2.6435900 2.6435900 1.7500960 0.0000010 9.0000000 9.0000000 3.9490824 3.9490824 4.6486459 2.3763898 2.2828058 2.4770176 2.7654048 2.0841721 1.1737320 1.0421935 2.2118842 1.9181224 1.9292183 1.4067151 1.6379387 2.3400350 1.1359539 2.4008919 1.8311907 1.8311907 1.8311907 1.8147730 2.4476512 2.4334370 2.4006428 2.5433781 3.0745509 3.0369038 2.3461872 2.3461872 2.3461872 2.8571222 2.4054574 2.2750389 2.2957785 2.3787743 2.3352103 2.5709607 2.7189324 1.5296938 1.2969750 2.1155127 2.0862640 2.2918647 2.3445732 2.2918647 2.2798359 2.2893843 2.4531535 2.9208671 2.6490587 2.7932628 2.5357176 2.6023183 2.5061632 2.6554614 2.6365185 2.7479254 2.6526289 2.4747110 2.8237855 3.0448103 2.2884565 2.4328664 2.4328664 1.0765542 2.5744590 0.0000010 2.1794770 2.3873688 2.5192166 2.4892781 2.4891830 2.3425532 2.3080397 2.3083414 1.5881575 2.0450653 2.8447960 2.6346699 3.0506336 1.4879691 0.7645546 2.4175678 3.9246115 3.9529639 4.1717046 3.6625924 4.0086855 4.8024741 0.9548217 4.4949930 4.8749073 
Rhoesc_Res_012950-T1                                              1.1372530 0.7581384 0.5917148 0.0605904 0.0525608 0.0000000 0.1444630 0.1840751 0.2138785 0.1705672 0.4186328 0.8797395 0.8039054 0.7387595 1.0102627 1.1582127 1.1102601 1.0594878 1.0605279 0.8551343 0.8050885 1.0806572 1.0396090 0.9524365 1.1137081 1.0654922 1.0685490 1.5032532 1.1253866 1.8038586 1.8529715 1.1147038 1.2925697 1.1831162 1.1320324 1.2500350 1.2705009 1.3118181 1.2405062 1.1701787 1.1243915 1.1624742 1.2653543 1.2106739 1.1023033 1.1820227 1.1657324 1.2745010 1.1520177 1.1378831 1.5037350 3.0511270 2.9674142 2.1483724 1.7615351 1.7532960 1.6664539 1.6732821 1.4119741 1.6198128 1.6125053 2.1304554 2.0728374 2.1145576 1.8757908 1.7639298 2.6262885 2.2380159 2.2380159 2.1050651 1.1772743 2.1101271 2.0903075 2.1070088 2.1037603 2.5462240 2.6632131 2.3974064 2.5955799 2.5955799 1.6818289 2.1862626 2.3803626 2.4241167 2.5280182 2.4544254 5.3393128 2.3227809 2.0186337 2.2114250 2.7593759 1.8728899 1.1225089 1.1783626 1.8893951 1.7036668 1.7821577 1.6510052 1.7828802 2.3261868 1.4777263 2.3623743 1.8279539 1.9155810 1.9091900 1.8804199 2.3878254 2.3758372 2.3545401 2.4437754 3.0572548 3.0605334 2.3280789 2.3229261 2.3555818 2.8222434 2.4220037 2.2773788 2.2126387 2.3535033 2.3074719 2.4336767 2.6385432 1.6339620 1.5236516 2.0641881 2.2314295 2.3108749 2.3334448 2.3002762 2.3378779 2.3320878 2.7252505 2.8036415 2.6205695 2.7093764 2.4690321 2.6013259 2.4724257 2.6096244 2.6266758 2.6686870 2.5817962 2.3837236 2.7255801 2.9332016 2.2557506 2.3785678 2.3785678 1.8474145 2.5984828 2.8441199 2.5752360 2.3263882 2.4402489 2.4101543 2.3932217 2.3011045 2.2628608 2.2086612 1.5876830 2.0112003 2.8666440 2.3296237 2.7165545 1.4360772 0.8001751 3.1378514 3.7189039 3.6162034 3.9085827 3.6440974 3.9896062 4.9270072 3.0023372 4.6722561 4.8210278 
Aaur_scaffold204.g5.t2                                            1.1506833 0.7333968 0.5382776 3.6316604 0.1545866 0.1444630 0.0000000 0.1556537 0.2077201 1.4669339 0.4119662 0.9218936 0.6876146 0.6182208 0.9188206 1.2918838 1.2219512 1.1620919 1.1233886 0.9443459 0.8755520 1.1490013 0.9189589 1.0636763 1.2098445 1.1699944 1.2845525 1.5783256 1.3083588 1.7793133 1.8738474 1.1398293 0.0000010 1.1534497 1.1279938 1.1849409 1.1244853 1.2393569 1.2990524 1.1555413 1.1422178 1.1380549 1.2009715 1.2267946 1.2993478 1.4000505 1.2487924 0.0000010 1.1977459 1.1059110 1.5572030 3.1801408 2.8324056 2.3206180 2.1081610 2.1081610 1.0754138 1.0754138 1.0754138 1.0754138 1.0754138 2.1132265 2.1703769 2.1132265 1.7582853 1.7582853 2.7317799 2.4612338 2.4612338 2.3227349 0.0000010 2.3227349 2.2801395 2.2944129 2.2944129 0.0000010 2.6911709 2.4110735 2.6415111 2.6415111 1.6822049 0.0000010 9.0000000 9.0000000 4.8626625 4.8626625 4.6035391 2.4223443 2.3868834 2.5292708 2.7646890 2.1225047 1.0963000 1.0497884 2.3550638 1.9834831 1.9931855 1.4040224 1.6244202 2.3244762 1.1378976 2.3792766 1.8190525 1.8190525 1.8190525 1.8026082 2.4532761 2.4113976 2.4043793 2.5312026 2.8923217 2.9457675 2.3412589 2.3412589 2.3412589 2.9733619 2.4566398 2.3078312 2.2514327 2.3832182 2.4449933 2.6620702 2.6454659 1.5574506 1.3178598 2.1919138 2.1445467 2.2823584 2.3349637 2.2823584 2.2446230 2.4782620 2.4709538 2.7434310 2.6554680 2.6563550 2.4672321 2.5380740 2.5011268 2.6491662 2.5870819 2.7768039 2.6792333 2.4981890 2.6560903 2.8316561 2.2341583 2.3369172 2.3369172 1.0775189 2.6384941 0.0000010 2.0342695 2.4317904 2.5443890 2.4875960 2.4881497 2.4133641 2.3561942 2.3747838 2.4616271 2.0324973 2.9455703 2.7337656 3.1300915 1.5216621 0.7399586 2.5718181 3.9648821 4.0015696 4.3150711 3.6952418 4.2474529 4.7717970 0.9548217 4.5062472 5.1274320 
Sanmal_Sma_016868-T1                                              1.1904276 0.7088782 0.6067439 0.1870689 0.1811820 0.1840751 0.1556537 0.0000000 0.0236192 0.2379095 0.3861899 0.8955010 0.6850420 0.6898819 0.9715032 1.1736247 1.0720077 1.0632399 1.0519032 0.9603543 0.8807343 1.0773436 0.9632063 1.0619768 1.1548015 1.1091880 1.1697015 1.6162494 1.1644727 1.7848969 1.9603625 1.1227642 1.1599641 1.1957137 1.1291927 1.2338435 1.2373658 1.3057882 1.2702887 1.2447044 1.1938643 1.2216853 1.2329585 1.2216232 1.1692819 1.2316119 1.2101808 1.2406989 0.9969255 1.1329695 1.5050039 3.1697200 3.0111533 2.2002822 1.7985728 1.7879149 1.7824814 1.7908962 1.4727374 1.7509227 1.7416246 2.1089589 2.0182694 2.0806890 1.9028386 1.7942400 2.6671004 2.2123627 2.2123627 2.1853471 1.2155395 2.1912173 2.1640174 2.1830613 2.1792568 2.5750740 2.5988677 2.3509489 2.5760817 2.5760817 1.5810232 2.6076137 2.6386375 2.6577154 2.7055383 2.7082520 5.6241803 2.5635500 1.9682370 2.2582727 2.5807064 1.9598759 1.2232827 1.2495169 2.0385698 1.8222095 1.8626045 1.7535432 1.7185264 2.3275937 1.5249175 2.3703742 1.8405426 1.9496846 1.9384994 1.8952955 2.4209057 2.4022996 2.3957350 2.5318481 3.2722576 3.1246765 2.3788915 2.3838860 2.4069085 3.0677996 2.4864169 2.2359182 2.2173472 2.4005073 2.3828414 2.4967308 2.5889011 1.6845587 1.5820262 2.0872125 2.2034884 2.2948374 2.3373214 2.2998615 2.3269636 2.2640707 2.7489928 2.8040364 2.5751167 2.6673039 2.3991810 2.5093122 2.4135553 2.5755965 2.5820305 2.8471998 2.7399612 2.5452324 2.6731392 2.8096181 2.2960000 2.3973590 2.3973590 1.8160836 2.7155012 2.8869886 2.7939496 2.2512035 2.2743727 2.2585276 2.2958511 2.2795850 2.3209366 2.2560334 1.7098993 2.0993400 3.1193073 2.5377965 2.8337168 1.5328556 0.8440555 2.7553905 3.6377623 3.5318383 3.8594189 3.7243190 3.2174092 4.2963459 3.8363948 4.6236782 4.8701415 
Sanmal_Sma_016870-T1                                              1.2668736 0.8395873 0.6488607 0.1868949 0.2320071 0.2138785 0.2077201 0.0236192 0.0000000 0.2336113 0.4409692 0.9807626 0.6850420 0.6898819 1.0340088 1.1919866 1.1037878 1.1046047 1.0929758 0.9603543 0.8807343 1.1178329 0.9423768 1.0619768 1.1893988 1.1579093 1.1225210 1.7799809 1.2142756 2.2623253 2.0871685 1.1690472 1.1566453 1.2415312 1.1825390 1.2898766 1.3586652 1.3690521 1.3573226 1.3088603 1.2591050 1.2629344 1.2978245 1.2826276 1.2203566 1.2804599 1.2705669 1.1696956 1.3771320 1.2797250 1.5586160 3.1697200 3.9956944 2.2729377 1.8229958 1.8127622 1.7532411 1.7610055 1.4662214 1.7217917 1.7132835 2.3087382 2.1647069 2.3393037 1.9416295 1.8449796 2.6671004 2.2937120 2.2937120 2.2343823 1.2607551 2.2402317 2.2125293 2.2316769 2.2278582 2.5750740 2.5988677 2.3509489 2.5760817 2.5760817 1.7011973 2.6076137 2.6386375 2.6577154 2.7372302 2.7382377 5.6241803 2.5635500 2.0066968 2.3416365 2.6035269 2.0084835 1.1862532 1.1973611 2.0924726 1.8821069 1.9261641 1.7535432 1.8291057 2.4483061 1.5563113 2.4989503 2.0272650 2.0737623 2.1212289 2.0889261 2.6544297 2.5673608 2.5614764 2.5318481 3.2722576 5.1262755 2.5002756 2.5055675 2.5297603 3.0677996 2.4864169 2.2359182 2.3844887 2.5346251 2.4133186 2.5766858 2.7497831 1.7618119 1.5820262 2.3266461 2.3831095 2.4058944 2.4498044 2.4109504 2.4689089 2.6344322 3.0217599 2.8040364 2.7452103 2.6673039 2.5617586 2.8060079 2.4403109 2.7396359 2.9029116 2.8471998 2.7399612 2.5452324 2.6731392 2.8096181 2.2960000 2.3973590 2.3973590 1.7995143 3.2702923 2.9053647 2.6688184 2.3079870 2.3456717 2.3278557 2.3892899 2.3858930 2.4551532 2.2975866 1.6446743 2.1686574 3.4030014 2.5552241 2.9463149 1.6634068 0.8455000 2.5914295 3.5907363 3.4770744 3.8146397 3.7243190 3.5440263 4.7145847 3.5305755 4.8603315 4.9258269 
Aaur_scaffold204.g7.t1                                            4.7057378 1.8736585 0.7533778 0.1226990 1.4669339 0.1705672 1.4669339 0.2379095 0.2336113 0.0000000 1.4046750 0.0000010 0.8648586 1.3682345 1.3778624 1.1391151 1.0751644 1.0558182 1.0410075 0.0000010 0.0000010 1.1203633 1.2095621 0.5794403 1.2699872 1.1112199 0.0000010 2.2057017 1.0737936 0.0000010 4.7803142 1.2089327 1.1793529 1.3348174 1.2615358 1.3378692 4.6870701 1.5311387 1.2637484 1.3488223 1.1814598 1.3237566 1.4024292 1.3745890 0.9098258 0.8915887 1.0865001 1.0261664 0.0000010 0.0000010 1.4971406 0.0000010 1.1548199 1.8282080 1.5702005 1.5565353 1.7546191 1.7636150 1.6618617 1.6500461 1.6401694 2.2942805 1.9644926 2.2960973 2.2942805 2.2960973 0.0000010 1.7556699 1.7556699 1.7941361 1.3542552 1.8072927 1.8294825 1.8374767 1.8294825 2.0239209 4.2311506 0.0000010 0.0000010 0.0000010 1.7075346 1.9429339 2.0104412 2.0729616 2.1049362 1.9772926 7.1256999 0.0000010 1.6745163 1.5899903 2.7959974 1.6168989 1.2210165 1.2128403 1.4192962 1.3162653 1.6386215 2.0884253 1.9745344 2.2306182 1.8208859 2.2338641 1.8103343 2.1286215 2.3313353 2.2278127 2.3479429 2.3479429 2.3479429 0.0000010 0.0000010 1.2857415 2.2229954 2.2201788 2.3270309 0.0000010 0.0000010 0.0000010 1.9025648 2.0913609 0.0000010 0.0000010 0.0000010 1.7683388 2.2318596 1.7743283 2.4844759 2.2221006 2.2030729 2.2030729 2.3457312 0.0000010 3.1291662 0.0000010 0.0000010 0.0000010 0.0000010 0.9643103 0.0000010 0.0000010 1.3338422 0.0000010 0.0000010 0.0000010 0.0000010 0.0000010 0.0000010 0.0000010 0.0000010 1.9990035 1.8081343 2.8905060 2.3474153 2.1351219 2.1242127 2.1113163 2.1417914 1.9084271 2.0296510 1.9562445 1.4488893 2.0273514 3.0029883 1.9267291 1.7991640 0.0000010 2.9577361 3.0655361 3.4911986 3.1233021 3.4792101 4.0623081 7.5396071 5.3305908 3.0396530 5.2941223 4.9779982 
Morvir_scaffold2.g74.t1                                           1.0929090 0.6809906 0.5126332 2.3858346 0.4312704 0.4186328 0.4119662 0.3861899 0.4409692 1.4046750 0.0000000 0.8403935 0.9484964 0.5077254 1.0344973 1.2937033 1.2027153 1.0630577 1.1076776 0.9143349 0.8167233 1.1226304 1.0969198 1.0170058 1.1021596 1.1572425 1.0654774 1.3478500 1.4239909 1.7583962 1.7847011 1.1638864 0.0000010 1.2133854 1.1174116 1.2400071 1.0270122 1.2757701 1.3348191 1.2471449 1.2290875 1.1721096 1.4648908 1.3018591 1.3596832 1.5180348 1.3312947 0.0000010 1.0327742 1.0315771 1.6953791 3.1896182 2.5236657 2.3485368 2.4504015 2.4504015 1.9439766 1.9439766 1.9439766 1.9439766 1.9439766 2.4089601 2.4107489 2.4089601 2.3371003 2.3371003 2.5078052 2.4090500 2.4090500 2.3873176 0.0000010 2.3873176 2.3598785 2.3610395 2.3610395 0.0000010 2.4643064 2.2867249 2.3767440 2.3767440 1.9974954 0.0000010 9.0000000 9.0000000 4.6907751 4.6907751 3.3669878 2.0235031 2.3591423 2.5818564 2.7350278 2.1269504 1.4768260 1.4502137 2.4100168 2.1532994 2.1697078 1.6584430 1.9099372 2.4135988 1.4859691 2.5053808 2.0994790 2.0994790 2.0994790 2.0754858 2.6379426 2.5194689 2.5209265 2.4793781 3.0384519 2.8224640 2.5222315 2.5222315 2.5222315 3.0664737 2.2384052 2.2588798 2.4267373 2.4820267 2.3018903 2.4976601 2.4997309 1.7705054 1.7193015 2.3490434 2.2565427 2.3955209 2.4555695 2.3955209 2.3948485 2.3789569 2.4639335 2.5355755 2.4598361 2.4123511 2.3024749 2.3553084 2.3003784 2.4839795 2.5406327 2.7261968 2.7334973 2.4902759 2.5997620 2.5952880 2.2329048 2.3991888 2.3991888 0.0000010 2.4802609 0.0000010 2.4155542 2.4451227 2.5548498 2.4906518 2.5048259 2.3935917 2.4269025 2.3907122 2.4169453 2.1855419 3.1521803 2.6641779 3.2110631 1.4844988 0.7587292 0.0000010 4.3456430 4.1836500 4.7158095 3.7167461 4.2396716 4.6327124 0.9548217 4.3433798 4.9615732 
Hvul_g28942_1                                                     9.0000000 7.0269831 0.6454548 1.5226249 0.8975802 0.8797395 0.9218936 0.8955010 0.9807626 0.0000010 0.8403935 0.0000000 0.6352765 0.0000010 8.9999986 1.7533711 3.0626705 1.5925775 1.5639836 1.3735666 1.2389335 1.5884455 0.0000010 1.3280867 1.4231754 1.6683773 1.4208352 1.6942299 2.0917994 2.1023368 2.2990329 1.4774637 0.0000010 1.6443331 1.5107463 1.7259726 1.3688031 1.7628903 1.9262598 1.7021313 1.6651415 1.6392590 2.8379171 1.7711650 1.7007354 2.0925636 1.3629161 0.0000010 0.4898809 0.5734579 2.1079778 3.4682196 4.3702488 3.3300228 6.4979058 6.4979058 9.0000000 9.0000000 9.0000000 9.0000000 9.0000000 4.7988538 4.5625261 4.7988538 3.3295115 3.3295115 3.3833610 3.4444392 3.4444392 3.3527946 0.0000010 3.3527946 3.2860432 3.3527946 3.3527946 0.0000010 3.1310626 3.1179353 3.0630213 3.0630213 3.8766590 0.0000010 9.0000000 9.0000000 6.5410810 6.5410810 9.0000000 2.7256901 2.9911486 3.4352544 2.7251230 2.7110594 0.0000010 0.0000010 2.9312672 2.5014213 2.5132413 0.0000010 3.9844377 2.9552967 0.0000010 3.2416399 3.5688729 3.5688729 3.5688729 3.5790976 3.7066305 3.1537768 3.1449678 2.9145105 3.2218123 3.3132274 2.9936877 2.9936877 2.9936877 4.0261610 2.0847924 2.5691069 2.8005925 2.8794908 2.6257823 2.3602942 2.8196732 7.3386382 0.0000010 3.4704186 2.8475497 3.0336687 3.1284414 3.0336687 3.0336687 2.3771126 2.8498840 3.0043534 2.8387995 3.0866636 2.5575118 3.0341447 2.7102771 2.6700477 3.0132759 2.9086518 2.7983390 3.0330281 3.0647564 3.0004078 2.7198089 2.8019732 2.8019732 0.0000010 4.1087682 0.0000010 2.9203681 3.1541575 3.4466093 3.3784442 3.0401474 2.8889184 2.8634794 3.0245863 0.0000010 2.8025454 4.4254028 3.4282995 4.2044128 1.5651342 0.4595367 0.0000010 5.4987760 5.3754824 5.6719072 4.2888888 8.9999990 6.1310547 0.9548217 6.1554075 5.6738880 
Sanmal_Sma_016867-T1                                              0.0000010 0.0000010 1.9203551 0.8467226 0.4721832 0.8039054 0.6876146 0.6850420 0.6850420 0.8648586 0.9484964 0.6352765 0.0000000 9.0000000 1.4442869 2.4314004 2.5268401 2.5733288 2.7205953 1.6699107 5.1580450 2.3716930 2.6156150 9.0000000 5.4566698 2.4406641 0.0000010 0.0000010 2.1809469 0.0000010 9.0000000 2.3881110 2.8409559 2.5959675 2.5053204 2.7661479 4.6389654 3.1172829 3.2281731 3.4346857 3.6382764 3.2712803 2.6161654 1.9846340 2.4202725 2.2272985 2.2842423 5.0954606 0.0000010 0.4315345 3.4446965 8.9999982 0.0000010 3.7686760 3.0584052 3.0584052 3.0584052 3.0584052 3.5544620 3.0584052 3.0584052 2.7819113 2.6628895 2.1826723 2.7819113 2.1826723 8.9999986 4.1508748 4.1508748 3.7825956 5.3324555 3.7825956 3.7825956 3.7825956 3.7825956 0.0000010 8.9999982 8.9999981 8.9999986 8.9999986 1.8722594 0.3288311 0.3288311 0.3288311 1.3974699 1.3974699 3.0177214 9.0000000 3.6493004 3.0122135 3.9479336 2.9345396 3.0651912 2.3274822 3.3542336 3.0461370 2.9376756 3.1891966 4.1728758 4.2142802 4.1043478 3.8824849 0.4192809 3.9069212 2.8024161 2.8024161 3.2229120 3.6948255 3.6948255 8.9999987 4.7869385 0.0000010 4.5086297 4.5086297 4.7085532 9.0000000 9.0000000 0.0000010 3.4264589 4.0050529 9.0000000 0.0000010 8.9999987 3.8226858 3.0351181 2.9845184 6.6814393 5.3877092 4.8990659 4.8990659 3.3342327 0.0000010 4.6828398 8.0626115 8.0626115 8.0626115 8.9999984 8.9999983 8.9999983 8.9999983 8.9999984 8.9999987 8.9999987 8.9999987 8.9999983 7.0614831 8.9999987 8.9999987 8.9999987 4.5257655 0.0000010 1.9645087 3.0824558 3.1327775 3.4704617 3.2996467 3.0716403 2.3690640 3.0751911 3.9664135 8.9999983 4.3014037 0.0000010 3.0337849 4.4294942 3.4647680 0.9140061 4.2828913 5.3256551 4.8606197 5.1528334 7.4057863 0.0000010 9.0000000 1.7857783 9.0000000 9.0000000 
Gasp_gasp1.m3.31690.m1                                            9.0000000 0.9357859 0.7458084 1.4000410 0.5789993 0.7387595 0.6182208 0.6898819 0.6898819 1.3682345 0.5077254 0.0000010 9.0000000 0.0000000 0.0402260 0.1345824 0.1750201 0.1585138 0.1284633 0.0000010 0.0000010 0.1345824 0.1465254 1.1359554 0.0000010 0.3443832 0.0000010 0.0000010 0.3347801 0.0000010 4.1406544 0.6456480 0.0000010 0.5827519 0.6679070 0.6302868 2.5500819 0.5971518 0.6726363 0.6780760 0.6660794 0.6188650 0.6085297 0.5736574 0.6898834 0.8088360 1.1403675 0.0000010 0.0000010 0.0000010 0.9555563 0.0000010 0.0000010 1.2100840 1.1908579 1.1908579 1.4261429 1.4261429 1.4261429 1.4261429 1.4261429 1.2121698 1.2121698 0.9916790 1.2121698 0.9916790 0.0000010 1.2101391 1.2101391 1.2773317 2.0163875 1.2773317 1.2773317 1.2773317 1.2773317 0.0000010 0.0000010 0.0000010 1.9694005 1.9694005 0.9438777 0.0000010 0.0000010 0.0000010 0.0000010 0.0000010 0.0000010 0.0000010 1.0055191 1.2269126 1.9023747 1.2858323 0.9037437 1.0078432 0.9366136 0.9653509 1.0305318 1.1722680 1.1791751 1.1791751 1.1614086 1.1940592 0.9502855 1.1620289 0.9502855 0.9502855 1.1940592 1.1940592 1.1940592 0.0000010 0.0000010 0.0000010 1.1850367 1.1850367 1.1850367 0.0000010 0.0000010 0.0000010 1.1620289 1.3123974 0.0000010 0.0000010 0.0000010 1.1708275 0.9142372 1.1708275 0.9452885 1.1704631 1.1704631 1.1704631 1.1704631 0.0000010 4.0325627 0.0000010 0.0000010 0.0000010 0.0000010 0.0000010 0.0000010 7.8766903 0.0000010 0.0000010 0.0000010 0.0000010 0.0000010 0.0000010 0.0000010 0.0000010 0.0000010 1.8197469 0.8427952 0.0000010 0.9856696 1.3508178 1.4515416 1.4576848 1.5907789 1.6191982 1.7511158 1.7397153 0.0000010 1.4974697 1.5916251 1.5381562 1.9171890 0.0000010 3.5587744 3.4793864 2.0299434 2.0910543 1.9483244 0.0000010 0.9954178 0.0000010 0.0000010 6.4323522 3.8364123 
Gasp_gasp1.m3.3105.m1                                             2.0490407 1.1858188 1.0890391 1.2064669 0.8986023 1.0102627 0.9188206 0.9715032 1.0340088 1.3778624 1.0344973 8.9999986 1.4442869 0.0402260 0.0000000 0.1816624 0.1899748 0.1679767 0.1082800 0.0000010 0.0000010 0.1708292 0.1587807 0.7588742 2.9383583 0.5116523 0.0000010 1.6335034 0.5346234 0.0000010 4.1406544 0.9700452 1.6732615 0.9064543 0.9592523 0.8634440 2.0812440 0.8926224 0.9684174 1.0273577 1.0208487 0.9371747 0.9031963 0.8980585 0.9979028 1.0262174 1.3120029 0.0000010 0.0000010 0.0000010 1.3810755 0.0000010 1.4105237 1.4150353 1.4000444 1.4000444 1.3577913 1.3577913 1.3577913 1.3577913 1.3577913 1.4556199 1.3960252 1.4184610 1.5508011 1.5416162 0.0000010 1.3897190 1.3897190 1.4127307 1.5000009 1.4127307 1.4127307 1.4127307 1.4127307 0.0000010 2.3499451 0.0000010 1.9694005 1.9694005 1.2540269 0.0000010 0.0000010 0.0000010 3.9571290 3.9571290 0.0000010 0.0000010 1.4755348 1.7284622 6.8124336 1.6950386 1.2035647 1.2712074 1.5513061 1.7986594 1.7594591 1.6842000 1.7516094 1.7516094 1.4236859 1.6780097 1.4761899 1.7289830 1.6193227 1.5969002 1.7205400 1.7205400 1.7205400 2.0783477 0.0000010 2.3937531 1.7205807 1.7205807 1.7205807 0.0000010 0.0000010 0.0000010 1.6300691 1.8172670 0.0000010 0.0000010 0.0000010 1.6677621 1.4088944 1.6017589 1.9565566 1.8507797 1.8180544 1.8180544 1.8180544 0.0000010 2.5051773 0.0000010 0.0000010 0.0000010 0.0000010 2.6106921 0.0000010 8.9999987 2.2504559 0.0000010 0.0000010 0.0000010 0.0000010 0.0000010 0.0000010 0.0000010 0.0000010 1.8482339 1.9373604 0.0000010 0.9856696 1.8319315 1.9032430 1.9501198 1.9486699 1.9337439 2.0893154 2.1842146 0.0000010 1.8031544 1.8901557 2.1704797 2.2223457 1.3171896 3.1986823 3.0731491 2.7468787 2.8030526 2.7668794 2.9974608 2.7099414 4.8946827 0.0000010 4.8325419 4.3224028 
Adig_XM_015915114.1                                               1.8326136 1.0741888 1.2364691 1.1434636 1.1811863 1.1582127 1.2918838 1.1736247 1.1919866 1.1391151 1.2937033 1.7533711 2.4314004 0.1345824 0.1816624 0.0000000 0.3165587 0.3372671 0.3072927 0.4789952 0.3406227 0.0536170 0.1512310 0.3745664 0.6127285 0.6858752 0.4587656 0.7749786 0.7668852 0.6831793 1.1896293 1.2278954 1.2107307 1.1906723 1.2283150 1.2118682 1.6828915 1.3251445 1.3350134 1.2983978 1.2391587 1.2699337 1.1061400 1.2462158 1.1639999 1.2772453 1.7376553 0.5922163 2.1907896 2.2057326 1.7148762 3.2482111 2.5476127 2.1586361 1.5723354 1.5663463 1.6671560 1.6722200 1.4194837 1.6539006 1.6484664 1.7468943 1.7355370 1.8145079 1.6089093 1.6488887 3.3136457 2.1110450 2.1110450 2.2175310 1.3448588 2.2214159 2.2051862 2.2196903 2.2096348 2.8058059 3.1813635 3.3907517 3.0766980 3.0766980 1.3503601 2.3070504 2.4798235 2.5342904 2.6757132 2.4704613 4.3953596 3.0233586 1.9669258 2.3937021 3.3449764 1.9804126 1.5923686 1.5186220 2.0689442 2.1393640 2.1130115 1.6779779 1.8093899 2.2210125 1.4059743 2.3094863 1.7244588 1.9051825 1.7861387 1.7539674 2.1890515 2.3562464 2.3562464 3.1973925 3.0506336 2.9401076 2.2235672 2.2204556 2.2593904 4.0068296 1.5067030 2.2839213 2.2456102 2.2643846 2.4126065 1.9885677 2.6029983 1.6810841 1.3886409 1.9176848 2.1115772 2.2612186 2.2983549 2.2520494 2.3027036 1.7068081 2.6897306 3.1048351 2.6078878 3.1316614 2.5701143 2.6353727 2.4948013 2.6009524 2.6723456 3.3406020 3.2977854 3.2725682 3.2096472 3.0208752 3.0457209 3.0865526 3.0865526 1.8925123 2.2885971 2.5596701 2.3717316 2.4539573 2.6373206 2.6282785 2.5739221 2.5657184 2.5801320 2.5398303 1.4920199 2.3696979 2.4977640 2.5465903 2.7833260 2.2093271 1.8567899 3.2314695 3.5972472 3.6681686 3.6450695 3.7627852 3.8207646 4.9079413 3.7214088 5.5411458 4.8452177 
Spis_XP_022798228_1                                               1.9595107 1.1840144 1.1135273 1.0556639 1.1592723 1.1102601 1.2219512 1.0720077 1.1037878 1.0751644 1.2027153 3.0626705 2.5268401 0.1750201 0.1899748 0.3165587 0.0000000 0.0467782 0.2234738 0.0000010 3.3565077 0.3162062 0.2251175 1.3753679 1.5733789 0.5807263 0.0000010 1.9129650 0.5770274 0.0000010 3.8018002 1.0804831 1.2200592 1.0981609 1.0889401 1.0983004 3.9540746 1.1725251 1.0998321 1.1739729 1.1121908 1.1209903 0.9359733 1.0532942 0.9360155 1.0161328 1.5413139 0.3973419 3.2592361 2.7834107 1.2774723 1.2219853 1.9720454 1.7635757 1.5805433 1.5743732 1.6985843 1.7037285 1.4966005 1.6854111 1.6798640 1.6876308 1.5829401 1.6957857 1.5975166 1.5727027 2.0475802 1.4725132 1.4725132 1.7527600 1.4160713 1.7582753 1.7423851 1.7963134 1.7837237 2.5968669 1.4888201 2.4838404 1.9651855 1.9651855 1.3131911 2.3742951 2.0280433 2.0339136 2.2166744 2.1820384 4.1862915 0.0000010 1.6404197 1.8546617 7.7282856 1.7149955 1.5790052 1.4581871 1.5690283 1.7162000 1.7531591 1.5843025 1.6862161 1.8981366 1.4352074 1.8956538 1.6207524 1.8259898 1.6616938 1.6300602 1.7819250 1.8305360 1.8305360 3.4430003 7.8241778 2.3361719 1.8830068 1.8802368 1.9155936 0.0000010 0.0000010 0.0000010 1.7499138 1.9852604 0.0000010 0.0000010 3.5114929 1.6000132 1.3538239 1.6663220 1.8118385 1.9620068 1.9643922 1.9643922 2.0168851 0.0000010 2.5977358 3.9779611 3.9779611 3.9779611 3.9779611 2.4153652 3.9779611 8.5347651 2.3240549 7.6217934 7.6217934 7.6217934 3.9779611 3.9779611 7.6217934 7.6217934 7.6217934 1.7891324 1.9560288 2.4134378 2.1529697 2.0743718 2.2425922 2.3249888 2.2894629 2.0501994 2.0453463 2.2612995 1.4895575 1.8523595 1.9517493 2.1356776 2.2781430 1.9299782 3.6472566 2.9377575 3.2531940 3.2074359 3.2630408 5.7610942 3.1603696 5.0023986 2.9539616 4.4759319 4.2437464 
Pocdam_XM_027187592.1                                             1.8928570 1.1607281 1.1109541 1.0214769 1.0816765 1.0594878 1.1620919 1.0632399 1.1046047 1.0558182 1.0630577 1.5925775 2.5733288 0.1585138 0.1679767 0.3372671 0.0467782 0.0000000 0.1615271 0.0889921 0.0959418 0.2722301 0.2008057 0.3022729 0.6093966 0.5491748 0.3800829 0.7289387 0.6752068 0.4843632 0.5651174 1.1082288 1.2562907 1.0919089 1.0978583 1.1152274 1.3351497 1.2166644 1.1946896 1.1861469 1.1245253 1.1423865 1.0348660 1.1211025 1.0250405 1.1558448 1.5932579 0.3960707 2.3515174 1.8411265 1.4602449 3.3125001 2.4312577 2.0224890 1.6786584 1.6725317 1.7122769 1.7174564 1.4937533 1.7067051 1.7011066 1.8536915 1.7807533 1.8769807 1.6301824 1.5894167 2.4311882 1.9669910 1.9669910 2.0310445 1.3533263 2.0347246 2.0253808 2.0581097 2.0489683 2.5416589 2.4589191 2.2612884 2.3914876 2.3914876 1.4001273 2.3914244 2.2584237 2.2577167 2.4312161 2.4494026 4.5662092 2.0234312 1.8381261 2.1119263 2.6356211 1.9666740 1.5788714 1.4308433 1.8731617 1.9595838 1.9254428 1.6296293 1.7426810 2.1554771 1.4713074 2.1648878 1.7197020 1.9368816 1.7524400 1.7207053 2.1645551 2.2125327 2.2125327 2.6310624 2.9382615 2.5960677 2.0845005 2.0798148 2.1180959 2.9829684 1.6555384 2.1646593 2.0892949 2.1830478 2.2342907 2.0613557 2.3401975 1.6677285 1.3401374 2.0402744 2.0688854 2.2872093 2.2924303 2.2830002 2.3394061 2.1774143 2.5732317 3.0301987 2.5896932 2.7772029 2.4255686 2.5868334 2.4115151 2.5274322 2.6056268 2.8274546 2.7495691 2.6477083 2.7735477 2.9656741 2.4484394 2.4824489 2.4824489 1.8942190 2.2088429 2.5205228 2.2776277 2.2954111 2.4625463 2.4962229 2.3959900 2.2639804 2.2499609 2.3845471 1.4438302 2.2032471 2.6682352 2.3186715 2.6961876 1.9832270 1.3782892 2.8259253 3.4355799 3.5140677 3.3872752 3.2849140 3.9723406 4.6009664 2.8604538 4.8420362 4.5226857 
Fspp_ffun1.m4.11651.m1                                            2.1140047 1.2405945 1.0797229 1.0443310 1.0588413 1.0605279 1.1233886 1.0519032 1.0929758 1.0410075 1.1076776 1.5639836 2.7205953 0.1284633 0.1082800 0.3072927 0.2234738 0.1615271 0.0000000 0.0666013 0.0979711 0.2339086 0.1879652 0.3105848 0.6594442 0.5836648 0.3950147 0.6744517 0.6983927 0.3358626 0.5294863 1.0307245 1.1113985 1.0010671 1.0142422 1.0134024 1.2066448 1.1325160 1.1779664 1.1257421 1.1095365 1.0749745 1.0406793 1.0958617 1.0641707 1.1961686 1.6111219 0.1412605 2.1814900 1.7750207 1.5024492 3.3904012 2.5609437 1.9337680 1.6338114 1.6272897 1.3720127 1.3787841 1.3908942 1.3787841 1.3720127 1.7941201 1.7263053 1.9019335 1.6377678 1.7385512 2.4622382 1.9781648 1.9781648 1.9598515 1.2237745 1.9639847 1.9311898 1.9529352 1.9429385 1.7721209 2.5657360 2.2859483 2.3772971 2.3772971 1.5113392 1.6131893 2.1947364 2.1947364 2.7176498 2.7176498 6.1453878 2.0186033 1.8376166 2.1865536 2.6895535 1.9278030 1.2248559 1.2318663 1.8738992 2.0033452 2.0024794 1.7245239 1.7658597 2.0217071 1.4545151 2.0159754 1.8885632 2.0104189 1.9571637 1.9216210 2.1672923 2.1784829 2.1784829 2.5115336 2.8482452 2.8823541 2.0029024 2.0029024 2.0271071 2.7575763 1.4636251 1.9655439 2.0781027 2.0621800 2.0707112 1.9564834 2.2487498 1.7383959 1.4440236 2.0530741 2.0845193 2.1736234 2.1732697 2.1631165 2.2370845 1.9908743 2.4026895 2.8219946 2.4411669 2.6322179 2.2740727 2.5496291 2.2827414 2.3741078 2.5497403 2.7248789 2.6883034 2.4999703 2.6453143 2.8279486 2.3327880 2.3759174 2.3759174 1.7438534 2.5564213 1.9764495 1.5588477 2.1919247 2.3748088 2.3562396 2.3263681 2.3135556 2.3859878 2.2664016 1.1486016 2.1557800 2.8156100 2.3857909 2.6409970 2.0071653 1.3761085 3.0474040 3.4704547 3.5556257 3.3721455 3.2846236 4.3212445 4.8080129 1.9079444 4.7703068 4.7831776 
Gasp_gasp1.m3.3106.m1                                             0.0000010 0.0000010 0.9004558 0.0000010 0.8867722 0.8551343 0.9443459 0.9603543 0.9603543 0.0000010 0.9143349 1.3735666 1.6699107 0.0000010 0.0000010 0.4789952 0.0000010 0.0889921 0.0666013 0.0000000 0.1243459 0.1466200 0.0000010 1.3343988 0.2883192 0.3840083 0.2256043 0.3589178 1.9561860 0.0000010 0.2397028 0.8427235 0.0000010 0.7439735 0.7312922 0.7662591 0.7952748 0.9332861 0.7407322 0.7811573 0.7761465 0.7696333 0.0000010 0.7680151 0.9334747 1.1140030 1.3804652 0.0000010 2.1023983 1.4731209 1.1344537 3.2724448 0.0000010 1.9616735 0.0000010 0.0000010 0.0000010 0.0000010 0.0000010 0.0000010 0.0000010 0.0000010 0.0000010 0.0000010 0.0000010 0.0000010 1.9645835 2.1173606 2.1173606 2.1202337 0.0000010 2.1202337 2.1202337 2.1202337 2.1202337 0.0000010 2.1202337 1.9115633 2.0705507 2.0705507 3.0798686 0.0000010 0.0000010 0.0000010 9.0000000 9.0000000 8.9999981 1.6824454 1.7879489 1.8921735 1.8370533 2.2146116 0.0000010 0.0000010 2.0024165 1.7521483 1.7521483 0.0000010 0.0000010 2.6557975 0.0000010 2.4688838 9.0000000 9.0000000 9.0000000 9.0000000 3.9649393 3.0792443 3.0792443 2.9077009 8.9999981 0.0000010 2.5519979 2.5519979 2.5519979 2.8343388 1.4508382 2.3098193 2.6084974 2.5716812 2.5716812 2.4487166 2.3653323 0.0000010 0.0000010 3.7220236 2.3043326 2.6634022 2.7243744 2.6634022 2.6634022 1.5776556 2.3834956 3.7639986 2.6329780 2.7958465 2.7002894 2.6013943 2.6013943 2.5586547 2.5186170 3.5912595 3.2855400 2.8666134 2.9594022 5.8505362 2.5350845 2.5350845 2.5350845 0.0000010 0.0000010 0.0000010 1.7585465 1.7775738 1.8938339 1.8468492 1.7780579 1.8422680 2.1508147 1.9878378 0.0000010 2.4087359 2.4453778 2.4638144 2.8045308 1.6935350 1.4404451 0.0000010 3.4405394 3.6521103 3.4651041 3.4645741 0.0000010 3.2455965 1.3568591 4.3296743 4.7551188 
Gfas_gfas1.m1.21004.m1                                            0.0000010 0.0000010 0.8387734 0.0000010 0.8234819 0.8050885 0.8755520 0.8807343 0.8807343 0.0000010 0.8167233 1.2389335 5.1580450 0.0000010 0.0000010 0.3406227 3.3565077 0.0959418 0.0979711 0.1243459 0.0000000 0.1251594 0.0000010 0.1951832 0.2538146 0.4353899 0.2140192 0.3481333 1.5528747 0.0000010 0.6353746 0.9425715 0.0000010 0.8393253 0.9095706 0.8606270 0.9184520 0.9375761 0.9897947 0.8526473 0.8140806 0.8474487 4.6418031 0.8255008 1.0940668 1.2816963 1.5418647 0.0000010 2.7359677 1.3278162 1.5221484 3.2731846 0.0000010 2.4089977 0.0000010 0.0000010 0.0000010 0.0000010 0.0000010 0.0000010 0.0000010 0.0000010 0.0000010 0.0000010 0.0000010 0.0000010 2.5035629 2.5651914 2.5651914 2.6494205 0.0000010 2.6494205 2.6494205 2.6494205 2.6494205 0.0000010 2.6494205 2.3254289 2.5563878 2.5563878 3.6722427 0.0000010 0.0000010 0.0000010 5.0574698 5.0574698 8.9999981 2.0387985 1.8961102 2.6244828 1.8643419 2.6061663 0.0000010 0.0000010 2.0384810 1.9196908 1.9196908 0.0000010 0.0000010 2.5418327 0.0000010 2.9040293 9.0000000 9.0000000 9.0000000 9.0000000 4.5587201 2.7430271 2.7430271 2.5361681 2.9494701 0.0000010 2.4676174 2.4676174 2.4676174 2.6612456 1.5167271 2.2195682 2.4925620 2.4837336 2.3257914 2.4591157 2.3296718 0.0000010 0.0000010 7.8311862 2.2695143 2.7235382 2.7811262 2.7235382 2.7235382 1.6265982 2.3246098 2.9368359 2.5947791 2.6203075 2.5999906 2.5741422 2.5741422 2.4148245 2.6828868 2.7361190 2.6834678 2.4895218 2.6262584 2.9393207 2.2669334 2.3356670 2.3356670 0.0000010 0.0000010 0.0000010 3.0513620 2.1597834 2.3244702 2.1657589 2.2420242 2.1507635 2.4540928 2.4996411 0.0000010 2.3749785 2.4272843 2.6548906 3.0499365 1.7278650 1.2130836 0.0000010 3.3766908 3.5719015 3.3071538 3.3446788 0.0000010 3.4894762 1.3568591 4.8778980 4.6618338 
