68
Stycar_maker-SC_scaffold52372-snap-gene-0.4-mRNA-1     0.0000000 0.1158325 2.0995118 1.4249207 1.4831769 1.7250023 2.5244937 3.9018847 5.3272093 4.3956481 5.5856905 0.0000010 0.0000010 3.7989881 4.3491911 5.4865652 0.7466773 4.9743570 3.4092494 4.5441963 0.0000010 5.0729861 3.5037943 3.9128735 3.6673910 3.3663702 3.0985508 3.4024389 3.7224388 3.4364012 6.5639040 6.4426059 6.4415435 3.8301981 4.4658938 5.4145822 3.7644300 4.6343117 8.2447077 6.0094221 4.3792568 5.5134215 1.5195952 6.3824911 8.9999986 6.9339813 6.9339813 7.7433812 7.4278508 7.1410519 8.9424127 8.9999984 0.0000010 6.9354094 8.9999984 5.8805868 5.4239896 3.8276345 3.5810310 3.9158968 3.6174271 9.0000000 4.3401020 0.0000010 0.0000010 0.0000010 0.0000010 4.9910814 
Stycar_maker-SC_scaffold7190-augustus-gene-0.39-mRNA-1 0.1158325 0.0000000 0.3529154 1.3586537 1.4788422 1.6112742 1.9841986 2.8720421 2.8101495 2.9279296 3.8871252 1.4293688 1.8681379 3.0843499 2.6903381 2.8635478 1.9122409 2.9449878 2.4241390 2.3488739 1.5298779 2.5754057 2.6563711 2.4988976 2.7221510 2.5154341 2.2508966 2.6048980 2.5664887 2.5419853 3.6093374 3.6022406 3.5784757 3.1866537 3.1066434 3.3065252 2.7401149 2.8926277 2.9176917 3.1165712 2.8135044 3.4773233 1.4859768 4.0741783 5.2253762 5.8739292 6.6768395 6.1619882 4.7144819 4.8291219 6.3058372 6.7894104 3.9923445 5.1734780 5.3778941 4.1197339 5.1277359 3.8326428 3.3074532 3.4502344 4.6411123 4.2180358 4.1004106 2.6797025 3.5868198 2.5990682 3.0010854 4.3109191 
Tetwil_g2922.t2                                        2.0995118 0.3529154 0.0000000 0.7662890 0.6479118 0.9062738 1.1354061 1.4681124 1.7492005 1.7492005 0.0000010 0.1495116 2.1636334 1.4721359 1.3193033 1.4861559 1.4488506 1.5517985 1.5687488 1.5283282 0.0000010 1.5408659 1.7645610 1.6367766 1.4921932 1.1309188 1.4801939 1.4169945 1.1667063 1.3492320 2.2123023 2.1471675 2.1631430 1.6185573 1.9250481 1.8311557 1.6726109 2.0624647 0.0000010 2.2208795 1.6570299 1.9409140 2.3933420 2.7511054 0.0000010 0.0000010 0.0000010 0.0000010 0.0000010 3.2899033 3.4116893 6.6511891 3.5562848 3.7760482 4.5322474 2.9207012 2.4330654 4.1205836 4.1205836 3.4024991 1.7774494 9.0000000 9.0000000 0.0000010 0.0000010 5.6950645 0.0000010 3.7553419 
Xestes_maker-XT_scaffold9863-augustus-gene-0.6-mRNA-1  1.4249207 1.3586537 0.7662890 0.0000000 0.6556967 0.8617469 1.6616285 2.3921769 2.2824487 2.2936448 1.8995017 1.3320004 1.9248746 2.4739712 2.3288012 2.3327930 1.5467518 2.4149185 2.2090113 2.3707712 1.5703411 2.1762890 2.3217779 2.2031421 2.3208962 2.3278254 1.9499390 2.0327644 2.1480605 2.0757055 3.0837856 3.2208963 3.2203966 2.3358043 2.6459029 2.8225797 2.1381110 2.7490224 2.8738341 2.7876723 2.1334915 2.8181880 1.1518936 3.1698740 4.2437942 5.0857627 5.7103319 5.6884501 4.7530876 4.7421034 5.3398853 5.5358149 4.1252991 4.4546724 4.6814602 3.7150437 3.7660454 2.8566792 2.5601519 2.6202106 2.8745788 3.8289139 2.9265487 2.5186916 2.9499666 2.0445560 2.2207447 3.5861985 
Halamb_c48069_g1_i1m.23475                             1.4831769 1.4788422 0.6479118 0.6556967 0.0000000 0.5180027 1.6535320 2.2940981 2.3493190 2.2807223 2.0844678 1.6382291 1.7339725 2.4222814 2.4262028 2.4858583 1.6654946 2.4201163 2.2973320 2.3109293 1.7966594 2.1577984 2.4307954 2.1737800 2.3347400 2.2660011 1.8751245 2.0254226 2.1553507 2.0403222 3.2531979 3.2467207 3.2662908 2.4000176 2.5509659 2.8408414 2.0976179 2.8662329 2.7534463 2.9353351 2.1689802 2.8462527 1.2030887 3.2762672 4.0581576 4.9893700 5.6820952 5.3677271 4.5170633 4.5107576 5.1508966 5.8027078 3.6707441 4.4767491 4.5335795 3.5409355 4.3012928 2.8622582 2.3401695 2.5571421 3.1751260 4.3079648 2.7155763 2.8597528 2.5875489 2.1065539 2.6871041 3.7000674 
Aque_Aqu2.1.36407_001                                  1.7250023 1.6112742 0.9062738 0.8617469 0.5180027 0.0000000 1.9584933 2.5986724 2.5408838 2.4588777 2.3946851 1.5663614 2.0875338 2.6251218 2.5166445 2.6821761 1.8046031 2.7360841 2.4839391 2.4709312 1.9896473 2.4851806 2.6376079 2.4151520 2.4378413 2.5513717 2.1416690 2.0785804 2.4600415 2.2525896 3.3757694 3.2839926 3.2869418 2.6511066 2.6952374 2.9596121 2.3239946 3.2361109 2.7439365 3.1903053 2.4550286 3.0516887 1.2783381 3.3634811 4.5700472 5.4693464 6.2665880 5.7137939 4.8557366 4.5315938 5.6257691 6.3967185 3.8018841 4.7795876 4.8712662 3.7031865 4.6625142 3.1099712 2.4463120 2.7655883 2.9880082 4.1789890 3.1522422 3.1018368 3.4971908 2.5911937 2.8665520 3.7896166 
Plespi_Pspi_scaffold14058_01                           2.5244937 1.9841986 1.1354061 1.6616285 1.6535320 1.9584933 0.0000000 2.5602775 2.5535529 2.3883004 2.0353434 1.3427948 2.3665462 2.7980371 2.6130126 2.6922843 1.8374344 2.6920412 2.2251953 2.4730934 2.2587760 2.4628686 2.4631650 2.3270600 2.1917689 2.4039041 2.1043378 2.2302155 2.3407320 2.4310729 2.8848915 2.8852348 2.8934144 2.4767562 2.5693068 2.7299527 2.3849151 3.0678526 2.8616008 3.2847017 2.3196997 2.9334858 1.7140962 3.1190859 4.0535894 4.8280957 5.3458876 5.7438003 5.2366085 4.8065138 5.9949238 6.3672694 4.3504021 5.3759548 5.3687321 4.0943443 4.6104699 3.0389709 2.4892783 2.7917584 3.3057851 4.3071686 4.1021302 3.5476014 3.7256184 2.7172880 2.4007096 4.0481657 
Hsap_ENST00000295500                                   3.9018847 2.8720421 1.4681124 2.3921769 2.2940981 2.5986724 2.5602775 0.0000000 2.7388421 2.6168673 2.1830111 1.5443570 2.0086213 2.2725023 2.3184780 2.4056585 1.3149588 2.3410825 2.1506521 2.4096592 2.6016586 2.1309970 2.0459980 2.1111084 1.9411676 1.7430730 1.7975075 1.9495970 1.8091369 1.9280981 3.0516489 3.0875339 3.0621895 2.1923301 2.5147868 2.6809836 2.0206764 2.7085211 2.5547251 2.8353641 2.1684966 2.8816970 2.8184836 2.9929343 4.7051916 5.4865457 5.6431368 7.5518461 5.8990266 4.6827571 4.9926109 6.1345554 3.7899035 4.2437497 4.4967616 4.6571911 5.4741306 3.8397992 3.0095514 3.9249906 3.8742288 3.1592964 3.4899522 2.8281625 3.0631420 2.5190727 3.1318958 3.8387684 
Ocar_g6517                                             5.3272093 2.8101495 1.7492005 2.2824487 2.3493190 2.5408838 2.5535529 2.7388421 0.0000000 0.0175845 0.6307337 0.6814221 0.8338016 2.4935219 2.4493514 2.5937989 1.5578551 2.5334637 2.3227842 2.5084984 1.7682449 2.2658234 2.5486106 2.1780599 2.3933093 2.2456713 2.0291377 2.2172126 2.1701345 2.3624121 3.1755565 3.0643351 3.1267190 2.7073250 2.6286734 2.7701953 2.4196138 2.5858485 2.2397529 2.9684259 2.4235951 2.7398046 2.6546394 2.7910471 4.4505307 6.0867761 6.5951202 6.4374251 4.3993697 4.2764607 4.7155680 5.7539105 3.7458763 4.1436731 3.9010388 3.8575197 4.5871936 1.7740861 1.8036427 1.4553107 2.4960404 4.0768082 3.6565072 2.6020598 3.3611533 2.5320549 3.4221466 3.9560563 
Opea_EP00118_Oscarella_pearsei_P014140                 4.3956481 2.9279296 1.7492005 2.2936448 2.2807223 2.4588777 2.3883004 2.6168673 0.0175845 0.0000000 0.6307337 0.6814221 0.8338016 2.4508404 2.4075189 2.5283116 1.5523440 2.5001684 2.2500759 2.6587332 1.7682449 2.2174865 2.5178269 2.1385931 2.2855930 2.2320195 1.9440908 2.1183243 2.1265305 2.2649266 3.1029199 3.0497333 3.1075875 2.6433297 2.5525777 2.7109660 2.3062829 2.6951911 2.2397529 2.9420088 2.4039728 2.7806056 2.5224170 2.7866052 5.0883201 6.3053366 6.7709725 6.6079758 4.7924833 4.3687097 4.9296799 5.8662771 3.7458763 4.2465646 3.9010388 4.1001689 4.4785654 1.7740861 1.4720677 1.1825508 2.5739194 4.0768082 3.6565072 2.6020598 3.3611533 2.5320549 3.4221466 4.0062957 
Opea_EP00118_Oscarella_pearsei_P000587                 5.5856905 3.8871252 0.0000010 1.8995017 2.0844678 2.3946851 2.0353434 2.1830111 0.6307337 0.6307337 0.0000000 0.0000010 0.0000010 2.3539156 1.7677709 1.9857347 1.5345123 1.8448089 1.8007702 2.2864625 0.0000010 1.7766737 1.8279631 1.8422362 1.9650544 1.8182299 1.5218414 1.5968471 2.0349728 1.8277695 1.9619478 2.3007350 2.2325244 1.9467553 2.2395065 2.0727870 1.7777674 2.5031030 2.5234608 2.6590584 1.6656079 2.0908027 2.0896756 2.5635687 0.0000010 0.0000010 0.0000010 0.0000010 0.0000010 4.0153774 4.8602483 4.1421235 4.0538328 3.9303237 3.9472870 5.9980666 3.6903024 1.0518231 1.0518231 8.7346783 9.0000000 2.1947699 4.2221928 2.6571996 6.8926483 0.0000010 0.0000010 4.4305952 
Opea_EP00118_Oscarella_pearsei_P002493                 0.0000010 1.4293688 0.1495116 1.3320004 1.6382291 1.5663614 1.3427948 1.5443570 0.6814221 0.6814221 0.0000010 0.0000000 0.0000010 1.7265168 1.6740318 1.6023382 1.6023382 1.8756275 1.5263401 0.9846168 0.0000010 1.4348862 1.7489923 1.4691193 1.3373250 1.5008263 1.5571609 1.4544645 1.7694150 1.7263398 3.5877990 3.5327885 3.2627394 2.3624110 1.6604006 1.4513228 1.6914198 1.6231602 1.6590854 2.0523083 1.3977022 1.5001408 2.0462972 1.5016907 0.0000010 0.0000010 0.0000010 0.0000010 0.0000010 4.6846429 4.5141899 0.0000010 4.2368537 3.1921296 3.2798611 9.0000000 3.1360342 0.0000010 0.0000010 0.0000010 0.0000010 0.0000010 0.0000010 0.0000010 0.0000010 0.0000010 0.0000010 3.7147345 
Opea_EP00118_Oscarella_pearsei_P017165                 0.0000010 1.8681379 2.1636334 1.9248746 1.7339725 2.0875338 2.3665462 2.0086213 0.8338016 0.8338016 0.0000010 0.0000010 0.0000000 1.6464789 1.9197113 1.9326970 1.9326970 2.3181745 2.0746443 2.1116382 0.0000010 1.6492468 1.8607398 1.6782310 2.1375303 2.0720162 2.1157274 2.0722396 1.5232080 1.5369825 1.7485615 2.1838973 2.0677047 2.2449720 2.0510555 2.6908500 2.1738822 2.5564001 0.0000010 2.4078611 2.4863785 2.5019880 0.0000010 2.9638310 0.0000010 0.0000010 0.0000010 0.0000010 0.0000010 3.0886141 3.9029579 0.0000010 3.8286398 3.3977999 3.9976969 4.7685505 7.0096904 2.7847718 2.7847718 0.0000010 2.4655170 0.0000010 0.0000010 0.0000010 0.0000010 8.9999990 0.0000010 3.1783339 
Dpul_mRNA22094                                         3.7989881 3.0843499 1.4721359 2.4739712 2.4222814 2.6251218 2.7980371 2.2725023 2.4935219 2.4508404 2.3539156 1.7265168 1.6464789 0.0000000 2.4701570 2.5049743 1.6342933 2.5771215 2.1974024 2.2880877 1.9202522 2.2570509 2.2119938 2.2622471 1.9335812 1.7426881 1.7867432 2.0022017 1.2488768 1.4743418 2.9433084 3.0800023 3.0919121 1.9771215 2.5160279 2.4145726 2.0978609 2.6001793 2.3810750 2.7267223 2.1100627 2.8837231 2.7346889 3.0348786 4.1189934 5.3177481 6.0007360 5.7295112 4.5686882 4.4443821 5.2417261 5.3292588 3.8826995 4.2780650 4.2045957 3.6971535 5.2256025 3.5929202 3.1455186 3.1354036 2.7875970 3.8357028 2.9952683 2.4505730 3.5012786 2.5495043 3.3143658 3.5377882 
Aaur_scaffold1907.g4.t2                                4.3491911 2.6903381 1.3193033 2.3288012 2.4262028 2.5166445 2.6130126 2.3184780 2.4493514 2.4075189 1.7677709 1.6740318 1.9197113 2.4701570 0.0000000 0.6467691 0.4729620 0.8349514 1.7575230 1.9482277 1.3409174 1.9003735 1.8532735 1.7941451 2.0525371 2.1317374 1.9099055 2.1723475 2.2121801 2.3044879 2.5972609 2.5732748 2.5871803 2.4095243 1.8443596 2.7098166 2.0945255 2.7565652 2.4590602 3.0541519 2.3558109 2.0565968 2.6189801 2.3310649 4.2709076 5.2881266 5.4922257 5.8930698 4.5747527 4.0593672 4.7425147 5.6935179 3.5819430 4.3870292 4.3928123 4.5542881 5.1846355 3.7931688 3.0927977 2.9383815 3.1610034 4.0262975 3.8741885 2.6834901 3.6053013 2.7583780 3.6372945 4.1456337 
Rhoesc_Res_005934-T1                                   5.4865652 2.8635478 1.4861559 2.3327930 2.4858583 2.6821761 2.6922843 2.4056585 2.5937989 2.5283116 1.9857347 1.6023382 1.9326970 2.5049743 0.6467691 0.0000000 0.0100251 0.8567150 1.7683516 1.9661120 0.9904711 2.0029366 2.0081687 2.0861896 2.1066709 2.3995125 2.0597039 2.2467866 2.3940324 2.3686663 2.7879646 2.6618766 2.6460820 2.5679264 1.7632585 2.7842710 2.2340451 2.9817894 2.5236587 3.0811936 2.3837418 2.1451317 2.8844840 2.5924669 4.6931582 5.4185933 5.9507620 6.3196925 4.8833970 4.3640813 4.9868545 6.2607391 3.7186699 4.5259324 4.2876237 4.3656016 4.5935175 3.8251095 3.1527214 3.1607193 2.7268753 3.7184878 3.2667142 2.8441688 3.2207810 2.4845498 2.9979804 4.2553470 
Rhoesc_Res_013853-T1                                   0.7466773 1.9122409 1.4488506 1.5467518 1.6654946 1.8046031 1.8374344 1.3149588 1.5578551 1.5523440 1.5345123 1.6023382 1.9326970 1.6342933 0.4729620 0.0100251 0.0000000 0.6653182 1.1743002 1.3266636 0.0000010 1.2465103 1.2876770 1.3354371 1.4035379 1.4393158 1.2729526 1.4434547 1.4787636 1.4994929 2.1403494 2.1076158 2.0689627 1.6886521 1.2143853 1.6656482 1.4728583 2.3860624 2.4488122 2.2713911 1.7281632 1.7060023 1.8223344 1.6535828 0.0000010 5.5373454 5.5373454 9.0000000 9.0000000 3.4262869 3.6996911 7.8655344 3.7072786 3.4560069 3.6769447 5.0398217 3.1510458 1.4922905 1.3300439 2.0837643 1.3750202 2.6776783 6.2626801 2.9185616 2.6085731 3.8151980 0.0000010 3.3313093 
Sanmal_Sma_005635-T1                                   4.9743570 2.9449878 1.5517985 2.4149185 2.4201163 2.7360841 2.6920412 2.3410825 2.5334637 2.5001684 1.8448089 1.8756275 2.3181745 2.5771215 0.8349514 0.8567150 0.6653182 0.0000000 1.7452734 1.8968574 1.3929621 1.8577939 1.8354729 1.8037844 1.9778045 2.1207499 1.9658653 2.1579777 2.2447190 2.2792832 2.5871201 2.5798050 2.5727633 2.5128849 1.8058081 2.7923941 2.2051766 2.6615398 2.4085770 2.9264315 2.3490645 2.2443065 2.7674063 2.4355846 4.6389037 5.4803654 5.9994329 6.7293207 4.9712849 4.0474053 4.8122984 5.5030530 3.3794152 4.1435004 4.0614263 4.5010377 4.9644541 3.9289677 3.2308615 2.9168325 2.7749009 3.5165209 3.4337098 3.4347715 3.4605501 2.9893691 3.6647048 4.5380191 
Amil_Amillepora14734-RA                                3.4092494 2.4241390 1.5687488 2.2090113 2.2973320 2.4839391 2.2251953 2.1506521 2.3227842 2.2500759 1.8007702 1.5263401 2.0746443 2.1974024 1.7575230 1.7683516 1.1743002 1.7452734 0.0000000 0.1583321 0.5407337 1.1817342 0.4765209 1.3358207 1.6328636 1.6941984 1.6792239 1.7694416 1.6926406 1.8340030 2.1508859 2.2487486 2.1908907 2.1087285 1.9488656 2.2726759 1.8236732 2.7358537 2.2084593 2.7140303 1.8405372 2.2070846 2.3916337 2.6700420 3.4846194 4.1365202 4.5399649 5.2117769 4.3418305 3.9493877 4.8063693 5.6602995 4.0053847 4.0888531 4.5658925 3.6952392 4.3488805 2.6650681 2.4571168 2.3746387 2.9761294 4.1236326 3.9431871 3.3149771 3.8285693 3.3588279 4.0737272 3.6722323 
Adig_XM_015900487.1                                    4.5441963 2.3488739 1.5283282 2.3707712 2.3109293 2.4709312 2.4730934 2.4096592 2.5084984 2.6587332 2.2864625 0.9846168 2.1116382 2.2880877 1.9482277 1.9661120 1.3266636 1.8968574 0.1583321 0.0000000 0.5361347 1.4051015 0.7170087 1.6020859 1.8238678 1.8403380 1.8202831 2.0925261 1.8894701 1.9222182 2.1183262 2.4372288 2.3611144 2.0094100 2.1790076 2.7180975 2.0489106 3.0790706 3.3043022 2.8224460 1.9845278 2.4592040 2.6057625 3.2854884 3.6790952 4.0456267 4.8662369 6.9754179 4.5857724 3.8440015 4.9311517 5.7180880 3.7923400 4.3668821 5.0136815 3.4261969 4.8539775 2.8837675 2.7354497 3.0246532 3.1998993 4.3143611 4.0203720 3.3410341 3.7246445 3.4056321 4.0423620 3.7482392 
Gfas_gfas1.m1.22137.m1                                 0.0000010 1.5298779 0.0000010 1.5703411 1.7966594 1.9896473 2.2587760 2.6016586 1.7682449 1.7682449 0.0000010 0.0000010 0.0000010 1.9202522 1.3409174 0.9904711 0.0000010 1.3929621 0.5407337 0.5361347 0.0000000 0.6075713 0.0000010 0.9285955 1.1853490 6.8775633 1.7113869 1.9225804 1.6970665 1.7053373 1.9609322 2.4202168 2.3281637 1.4588340 1.5527101 2.1564661 1.7094365 1.8194806 0.0000010 3.8437699 1.8443912 1.8983537 1.2897703 4.0999655 2.4649536 2.4621771 2.5685755 2.3463681 1.9267730 1.7086588 1.9237609 1.9879936 0.0000010 1.5102232 0.0000010 2.1744699 7.4989077 8.9999988 1.8023695 1.6648842 2.7351323 3.3190522 3.5624084 3.0633927 3.3634494 3.3584357 3.6496383 5.0064853 
Nvec_v1g241468                                         5.0729861 2.5754057 1.5408659 2.1762890 2.1577984 2.4851806 2.4628686 2.1309970 2.2658234 2.2174865 1.7766737 1.4348862 1.6492468 2.2570509 1.9003735 2.0029366 1.2465103 1.8577939 1.1817342 1.4051015 0.6075713 0.0000000 1.3072058 0.8673696 1.6787191 1.7885425 1.6631330 1.7380756 1.7507144 1.8071811 2.1290345 2.1711296 2.1706546 2.2404302 2.0641625 2.4608961 1.7105165 2.7799279 1.8675563 3.2103118 2.0155055 2.4173531 2.3947539 2.7090949 3.2306458 4.4902786 5.1688115 5.5977278 4.1030611 3.9276450 5.0752091 5.5886724 3.4721272 4.4153373 4.6108888 3.7364668 4.6521600 3.2253108 2.6273329 2.6018679 2.7629462 3.0266476 3.1015551 2.6335993 2.9532011 2.3958440 2.4699887 3.5717671 
Gfas_gfas1.m1.20225.m1                                 3.5037943 2.6563711 1.7645610 2.3217779 2.4307954 2.6376079 2.4631650 2.0459980 2.5486106 2.5178269 1.8279631 1.7489923 1.8607398 2.2119938 1.8532735 2.0081687 1.2876770 1.8354729 0.4765209 0.7170087 0.0000010 1.3072058 0.0000000 1.2896549 1.8583141 1.7556865 1.8179753 2.0063265 1.8498182 1.9321011 2.3501992 2.4628214 2.3662693 2.1659296 2.1616626 2.3626942 1.9016292 2.6042712 2.1594812 2.7459017 1.9564582 2.3824452 2.6070326 2.8176204 8.9999984 8.7697995 8.7697995 8.1591095 8.5908999 4.5563578 5.9908575 8.4309550 4.2129010 4.7373371 4.6727162 5.7832593 4.0804257 3.8626062 3.5803222 3.8358761 2.9658033 4.2607678 6.6686458 2.6571996 9.0000000 2.4991473 0.0000010 3.3274368 
Exapal_XM_021059695.1                                  3.9128735 2.4988976 1.6367766 2.2031421 2.1737800 2.4151520 2.3270600 2.1111084 2.1780599 2.1385931 1.8422362 1.4691193 1.6782310 2.2622471 1.7941451 2.0861896 1.3354371 1.8037844 1.3358207 1.6020859 0.9285955 0.8673696 1.2896549 0.0000000 1.7183309 1.7895052 1.5755654 1.6761479 1.8072957 1.8768797 2.0859742 2.0313626 2.0124953 2.1653933 2.0040094 2.3162669 1.6064201 2.6039650 2.2045965 3.0735302 1.8316399 2.3151703 2.2669359 2.4765448 2.7416570 3.6684831 4.1396940 5.7135015 4.0318351 3.8701039 5.0202917 5.1127484 3.8712529 4.2608508 4.7038294 3.4538185 5.1107453 3.0953476 2.6760196 2.6579364 2.9436381 3.2993177 2.8180332 3.0867704 3.2497124 2.6317053 2.6848200 3.5796309 
Skow_XM_006818466.1                                    3.6673910 2.7221510 1.4921932 2.3208962 2.3347400 2.4378413 2.1917689 1.9411676 2.3933093 2.2855930 1.9650544 1.3373250 2.1375303 1.9335812 2.0525371 2.1066709 1.4035379 1.9778045 1.6328636 1.8238678 1.1853490 1.6787191 1.8583141 1.7183309 0.0000000 1.4615259 1.1761403 1.3571785 1.4541464 1.5655158 2.4211857 2.5273261 2.5603446 1.8458946 2.1029644 2.1255661 1.2911706 2.3539323 2.1063985 2.7199736 1.6541253 2.3378824 2.4118975 2.5886238 3.2316308 4.1281496 4.7366359 4.8046078 3.4860779 3.9688999 4.9835354 4.9249557 4.1905719 4.3506323 4.7007640 3.6850967 5.4271007 3.6822008 2.4393825 2.7439566 2.7265705 3.1406391 3.6174679 2.9027552 3.0693632 2.6323340 3.2891457 3.8192190 
Bralan_BLAG10101157_1                                  3.3663702 2.5154341 1.1309188 2.3278254 2.2660011 2.5513717 2.4039041 1.7430730 2.2456713 2.2320195 1.8182299 1.5008263 2.0720162 1.7426881 2.1317374 2.3995125 1.4393158 2.1207499 1.6941984 1.8403380 6.8775633 1.7885425 1.7556865 1.7895052 1.4615259 0.0000000 1.3528724 1.5721032 1.5867698 1.6824563 2.3034930 2.3706558 2.3739545 1.9896349 2.1649434 2.3966480 1.7524732 2.3663163 1.9987001 2.7032708 1.6601451 2.4889797 2.4526481 2.4579465 6.2367605 7.4744916 7.7577920 8.6409283 6.2096090 4.4770964 5.9891011 8.2237071 3.7289232 4.7279843 4.4130555 5.2037483 4.6873175 2.5356719 2.7796819 3.0134161 3.4267592 9.0000000 3.9659657 8.9999987 5.0929666 4.4726641 8.9999987 3.4497875 
Acagra_model.g22506.t1                                 3.0985508 2.2508966 1.4801939 1.9499390 1.8751245 2.1416690 2.1043378 1.7975075 2.0291377 1.9440908 1.5218414 1.5571609 2.1157274 1.7867432 1.9099055 2.0597039 1.2729526 1.9658653 1.6792239 1.8202831 1.7113869 1.6631330 1.8179753 1.5755654 1.1761403 1.3528724 0.0000000 0.8921097 1.3017196 1.4178301 2.4462162 2.3863849 2.4099286 1.6734453 2.0990104 1.9422309 1.5276996 2.1193982 1.8502069 2.4834797 1.5023830 2.4345467 2.0773203 2.3588820 3.4691054 4.4317261 4.7617831 5.3617861 4.5715100 4.0050657 5.0310151 6.0545937 3.8502059 4.3935786 4.7860941 4.1453536 4.4311372 2.9511998 1.9024446 2.4028061 3.2256895 3.2985847 3.3639539 2.9190367 2.8118329 2.9399029 3.3939236 3.6286999 
Cgig_XM_034454571.1                                    3.4024389 2.6048980 1.4169945 2.0327644 2.0254226 2.0785804 2.2302155 1.9495970 2.2172126 2.1183243 1.5968471 1.4544645 2.0722396 2.0022017 2.1723475 2.2467866 1.4434547 2.1579777 1.7694416 2.0925261 1.9225804 1.7380756 2.0063265 1.6761479 1.3571785 1.5721032 0.8921097 0.0000000 1.5405098 1.5612488 2.5606887 2.5319271 2.4622695 1.8410759 2.2587566 2.1146839 1.6832914 2.4085363 2.2510143 2.6931305 1.6422749 2.4767247 2.2935656 2.3125381 3.3421423 4.1573292 4.4454303 4.7755173 4.2673761 4.0587388 5.1004920 5.2546772 3.7485507 4.4330445 4.6977060 4.8393394 4.8702331 3.6295751 2.2529217 2.5984648 3.2748529 4.3267982 3.6163734 3.0492888 2.8758669 2.4886439 3.7500609 3.7030609 
Dpul_mRNA21750                                         3.7224388 2.5664887 1.1667063 2.1480605 2.1553507 2.4600415 2.3407320 1.8091369 2.1701345 2.1265305 2.0349728 1.7694150 1.5232080 1.2488768 2.2121801 2.3940324 1.4787636 2.2447190 1.6926406 1.8894701 1.6970665 1.7507144 1.8498182 1.8072957 1.4541464 1.5867698 1.3017196 1.5405098 0.0000000 0.9815983 2.4973401 2.5731653 2.5566513 1.6323117 2.1523995 2.0445850 1.7679543 2.0517706 1.8513021 2.2756904 1.7714882 2.7785729 2.4409845 3.0015315 3.3293050 4.6667289 5.1317992 4.8594783 4.1582265 4.0454382 4.8676003 5.8837851 3.6034697 4.3174035 4.5331318 4.0263336 4.6795809 3.3943896 2.6440091 2.7492053 2.8883968 3.6496749 3.0435099 2.5381137 3.3718727 2.5078423 3.3833842 3.4167452 
Tcas_TC015971_001                                      3.4364012 2.5419853 1.3492320 2.0757055 2.0403222 2.2525896 2.4310729 1.9280981 2.3624121 2.2649266 1.8277695 1.7263398 1.5369825 1.4743418 2.3044879 2.3686663 1.4994929 2.2792832 1.8340030 1.9222182 1.7053373 1.8071811 1.9321011 1.8768797 1.5655158 1.6824563 1.4178301 1.5612488 0.9815983 0.0000000 2.4871756 2.5526897 2.5250987 1.7630994 2.1886090 1.9351085 1.8235694 2.0241621 1.6841370 2.3830881 1.6948644 2.9418916 2.4178139 2.7398998 3.2912805 4.2107394 4.3426867 3.8393297 3.3651700 3.8462137 4.3446672 4.6494807 3.8619699 4.0926467 4.3463418 3.6062687 4.6592045 3.6109824 2.7314287 2.9563014 2.6250069 3.4400836 3.1901173 2.7749356 2.8921042 2.7251795 4.3030513 3.2003023 
Dgig_XM_028543638.1                                    6.5639040 3.6093374 2.2123023 3.0837856 3.2531979 3.3757694 2.8848915 3.0516489 3.1755565 3.1029199 1.9619478 3.5877990 1.7485615 2.9433084 2.5972609 2.7879646 2.1403494 2.5871201 2.1508859 2.1183262 1.9609322 2.1290345 2.3501992 2.0859742 2.4211857 2.3034930 2.4462162 2.5606887 2.4973401 2.4871756 0.0000000 0.7465070 0.7107781 2.8782082 2.7309969 2.8503616 2.5642579 3.5939071 3.0344922 3.5049784 2.6530699 3.3243757 3.3448296 3.1249868 4.2529509 4.5667547 4.6182263 5.0891111 4.6643725 4.2537494 4.7458454 5.5715092 4.1692229 4.3764604 4.7652885 4.3560958 4.6956297 4.4169007 3.5357181 3.6848925 3.7834927 3.8173298 4.5938324 4.5625711 4.7747813 3.7664644 4.4622433 3.9456516 
Xesp_009230-T1                                         6.4426059 3.6022406 2.1471675 3.2208963 3.2467207 3.2839926 2.8852348 3.0875339 3.0643351 3.0497333 2.3007350 3.5327885 2.1838973 3.0800023 2.5732748 2.6618766 2.1076158 2.5798050 2.2487486 2.4372288 2.4202168 2.1711296 2.4628214 2.0313626 2.5273261 2.3706558 2.3863849 2.5319271 2.5731653 2.5526897 0.7465070 0.0000000 0.0677205 2.8574456 2.5958960 2.8859078 2.7489020 3.5925710 3.3344658 3.4563253 2.5897042 3.2354414 3.5236517 3.0220325 3.5515797 4.4461900 4.5008676 5.3438220 4.7593374 4.5364635 5.2819967 5.9682856 4.3858663 4.6421821 5.0037278 4.7615752 5.1346315 3.8398288 3.1985918 4.0437926 3.5707822 3.3061389 4.8112454 4.7235027 4.8321006 3.8148548 5.4148304 4.1830095 
Xesp_025197-T1                                         6.4415435 3.5784757 2.1631430 3.2203966 3.2662908 3.2869418 2.8934144 3.0621895 3.1267190 3.1075875 2.2325244 3.2627394 2.0677047 3.0919121 2.5871803 2.6460820 2.0689627 2.5727633 2.1908907 2.3611144 2.3281637 2.1706546 2.3662693 2.0124953 2.5603446 2.3739545 2.4099286 2.4622695 2.5566513 2.5250987 0.7107781 0.0677205 0.0000000 2.8960406 2.5962324 2.9027840 2.7620069 3.5770863 3.3388955 3.4855872 2.5849554 3.3284441 3.5088524 3.0372692 3.7720477 4.5024495 4.5551798 5.1489554 4.6348910 4.4418855 4.9646177 6.0525202 4.0904370 4.3095144 4.6538996 4.8068222 5.0170967 3.8262286 3.2304604 4.0207377 3.5127227 3.2136540 4.8406943 4.7235027 4.7304189 4.0137659 5.4963410 4.1185470 
Cscu_XM_023371233.1                                    3.8301981 3.1866537 1.6185573 2.3358043 2.4000176 2.6511066 2.4767562 2.1923301 2.7073250 2.6433297 1.9467553 2.3624110 2.2449720 1.9771215 2.4095243 2.5679264 1.6886521 2.5128849 2.1087285 2.0094100 1.4588340 2.2404302 2.1659296 2.1653933 1.8458946 1.9896349 1.6734453 1.8410759 1.6323117 1.7630994 2.8782082 2.8574456 2.8960406 0.0000000 2.5360970 1.5046231 1.9573628 2.3128681 1.8357838 2.3652868 1.9912517 2.9511227 2.8061875 2.7263941 3.7560403 5.1224880 5.6346440 6.3168251 4.9514687 4.2406174 5.0630640 5.4252330 3.6373665 4.6193990 4.7135743 4.2467470 4.5984736 4.4388262 3.4566085 3.9341780 3.6120597 3.8681915 3.8235357 2.9638769 3.3363581 3.1604130 3.6093591 3.6391536 
Morvir_scaffold218.g7.t2                               4.4658938 3.1066434 1.9250481 2.6459029 2.5509659 2.6952374 2.5693068 2.5147868 2.6286734 2.5525777 2.2395065 1.6604006 2.0510555 2.5160279 1.8443596 1.7632585 1.2143853 1.8058081 1.9488656 2.1790076 1.5527101 2.0641625 2.1616626 2.0040094 2.1029644 2.1649434 2.0990104 2.2587566 2.1523995 2.1886090 2.7309969 2.5958960 2.5962324 2.5360970 0.0000000 2.7507178 2.2194596 2.8570045 2.2964788 2.9312260 2.3316338 2.4791154 2.5419462 2.6864078 4.7243046 6.0248627 6.5182788 5.6372728 4.6540801 4.4539110 4.7776283 6.1341209 3.4946921 4.8231002 4.5033164 4.8456008 4.1598494 4.3413654 3.3111343 3.2890783 2.8628129 3.8865750 3.2999746 2.4141098 3.5811041 2.9004383 3.4909483 4.0802012 
Cscu_XM_023381621.1                                    5.4145822 3.3065252 1.8311557 2.8225797 2.8408414 2.9596121 2.7299527 2.6809836 2.7701953 2.7109660 2.0727870 1.4513228 2.6908500 2.4145726 2.7098166 2.7842710 1.6656482 2.7923941 2.2726759 2.7180975 2.1564661 2.4608961 2.3626942 2.3162669 2.1255661 2.3966480 1.9422309 2.1146839 2.0445850 1.9351085 2.8503616 2.8859078 2.9027840 1.5046231 2.7507178 0.0000000 2.2110544 2.3462242 2.0348169 2.5081717 2.2737431 3.1515036 3.0959029 2.8852609 3.4386087 4.3270723 5.2461384 5.6404707 4.3493495 4.2872338 4.9951337 5.2904312 4.5705562 4.5115860 4.9327932 3.7833836 5.4676351 4.1154463 3.4401351 4.0506180 3.1253459 4.1126501 3.7321050 4.0440352 4.4396711 3.8417721 3.6967071 3.7087738 
Spur_XM_030993512.1                                    3.7644300 2.7401149 1.6726109 2.1381110 2.0976179 2.3239946 2.3849151 2.0206764 2.4196138 2.3062829 1.7777674 1.6914198 2.1738822 2.0978609 2.0945255 2.2340451 1.4728583 2.2051766 1.8236732 2.0489106 1.7094365 1.7105165 1.9016292 1.6064201 1.2911706 1.7524732 1.5276996 1.6832914 1.7679543 1.8235694 2.5642579 2.7489020 2.7620069 1.9573628 2.2194596 2.2110544 0.0000000 2.6422239 2.4792103 2.8529347 1.8626491 2.6379733 2.2862006 2.7229437 3.3013216 3.8126302 4.1669567 4.6849763 4.0468108 4.3391269 4.9797899 4.9920447 4.1185277 4.4166734 5.1846709 3.8216006 4.6819871 3.1989620 2.4487891 2.6799754 2.7867568 3.3012060 3.0267029 3.0683106 2.9024114 2.4983494 3.2543516 3.5271581 
Cscu_XM_023378298.1                                    4.6343117 2.8926277 2.0624647 2.7490224 2.8662329 3.2361109 3.0678526 2.7085211 2.5858485 2.6951911 2.5031030 1.6231602 2.5564001 2.6001793 2.7565652 2.9817894 2.3860624 2.6615398 2.7358537 3.0790706 1.8194806 2.7799279 2.6042712 2.6039650 2.3539323 2.3663163 2.1193982 2.4085363 2.0517706 2.0241621 3.5939071 3.5925710 3.5770863 2.3128681 2.8570045 2.3462242 2.6422239 0.0000000 0.0508488 1.9613852 2.4326932 3.1171521 3.0262075 3.5853330 3.4791085 4.7189214 5.8880721 5.5879960 4.0801603 4.1938994 5.0356409 6.0584024 4.1736684 4.9084377 5.5054963 4.6124378 5.2122363 3.8262775 3.4057530 3.5697445 3.1634648 3.5401995 3.4821614 2.5473230 3.7756487 3.3689606 3.6764187 3.6528014 
Cscu_XM_023387767.1                                    8.2447077 2.9176917 0.0000010 2.8738341 2.7534463 2.7439365 2.8616008 2.5547251 2.2397529 2.2397529 2.5234608 1.6590854 0.0000010 2.3810750 2.4590602 2.5236587 2.4488122 2.4085770 2.2084593 3.3043022 0.0000010 1.8675563 2.1594812 2.2045965 2.1063985 1.9987001 1.8502069 2.2510143 1.8513021 1.6841370 3.0344922 3.3344658 3.3388955 1.8357838 2.2964788 2.0348169 2.4792103 0.0508488 0.0000000 1.5040352 1.9175805 2.8555552 2.4721704 2.9136052 0.0000010 8.9999987 8.9999987 7.6042940 8.5232122 4.8418695 5.3715022 8.9999980 4.3344811 5.1541759 5.1555860 5.8388284 5.0905457 3.6009590 2.8456768 8.9999982 0.0000010 5.1884244 6.7292022 0.0000010 8.1834891 0.0000010 0.0000010 3.4829716 
Cscu_XM_023361584.1                                    6.0094221 3.1165712 2.2208795 2.7876723 2.9353351 3.1903053 3.2847017 2.8353641 2.9684259 2.9420088 2.6590584 2.0523083 2.4078611 2.7267223 3.0541519 3.0811936 2.2713911 2.9264315 2.7140303 2.8224460 3.8437699 3.2103118 2.7459017 3.0735302 2.7199736 2.7032708 2.4834797 2.6931305 2.2756904 2.3830881 3.5049784 3.4563253 3.4855872 2.3652868 2.9312260 2.5081717 2.8529347 1.9613852 1.5040352 0.0000000 2.5630803 3.1049583 3.4518717 3.1976415 4.7997656 7.0167575 7.3526443 6.3989729 5.5486605 4.7450525 4.9640100 7.6141056 4.1258891 4.6664275 4.9442762 5.0345645 4.5289655 4.2157935 4.0622666 4.9543091 2.9941341 8.9999987 5.6218581 5.2766233 9.0000000 3.1315304 4.7892541 3.3076030 
Ctel_gnl_WGS_AMQN_CAPTEDRAFT_mRNA121915                4.3792568 2.8135044 1.6570299 2.1334915 2.1689802 2.4550286 2.3196997 2.1684966 2.4235951 2.4039728 1.6656079 1.3977022 2.4863785 2.1100627 2.3558109 2.3837418 1.7281632 2.3490645 1.8405372 1.9845278 1.8443912 2.0155055 1.9564582 1.8316399 1.6541253 1.6601451 1.5023830 1.6422749 1.7714882 1.6948644 2.6530699 2.5897042 2.5849554 1.9912517 2.3316338 2.2737431 1.8626491 2.4326932 1.9175805 2.5630803 0.0000000 2.5296507 2.5049057 2.3959496 3.6406605 4.2961501 4.6261189 4.8334825 4.0076130 4.0778035 4.9819777 4.5261328 4.0470743 4.2602674 4.2138034 3.9308789 4.0878805 4.0808247 3.0164643 3.1133715 2.6754043 3.9432635 3.7461456 3.0769396 3.3853556 3.2218348 5.3852387 3.5311103 
Chem_TCONS_00056852                                    5.5134215 3.4773233 1.9409140 2.8181880 2.8462527 3.0516887 2.9334858 2.8816970 2.7398046 2.7806056 2.0908027 1.5001408 2.5019880 2.8837231 2.0565968 2.1451317 1.7060023 2.2443065 2.2070846 2.4592040 1.8983537 2.4173531 2.3824452 2.3151703 2.3378824 2.4889797 2.4345467 2.4767247 2.7785729 2.9418916 3.3243757 3.2354414 3.3284441 2.9511227 2.4791154 3.1515036 2.6379733 3.1171521 2.8555552 3.1049583 2.5296507 0.0000000 3.0650573 1.7887561 4.5229497 5.5612073 6.2768951 6.6148412 5.1826973 4.2060848 5.1354656 5.6639563 3.9726314 4.9298835 4.7303570 5.5980993 4.7089885 4.8824521 4.3088133 3.5059879 3.4229483 4.7095991 4.8975105 3.9288128 4.3177794 4.0501259 4.2155415 4.2237819 
Tetwil_g12548.t2                                       1.5195952 1.4859768 2.3933420 1.1518936 1.2030887 1.2783381 1.7140962 2.8184836 2.6546394 2.5224170 2.0896756 2.0462972 0.0000010 2.7346889 2.6189801 2.8844840 1.8223344 2.7674063 2.3916337 2.6057625 1.2897703 2.3947539 2.6070326 2.2669359 2.4118975 2.4526481 2.0773203 2.2935656 2.4409845 2.4178139 3.3448296 3.5236517 3.5088524 2.8061875 2.5419462 3.0959029 2.2862006 3.0262075 2.4721704 3.4518717 2.5049057 3.0650573 0.0000000 3.1506511 3.8907638 5.0676603 5.7694086 5.3463954 4.3847402 4.6468503 5.7408523 6.8325810 4.4756321 5.3771807 5.0100936 4.2317475 4.7252094 3.5029346 2.5213811 2.6879184 3.4303292 3.4686688 3.7704234 2.7148223 3.6544383 1.8791943 2.3672610 4.3995805 
Hvul_g3474_1                                           6.3824911 4.0741783 2.7511054 3.1698740 3.2762672 3.3634811 3.1190859 2.9929343 2.7910471 2.7866052 2.5635687 1.5016907 2.9638310 3.0348786 2.3310649 2.5924669 1.6535828 2.4355846 2.6700420 3.2854884 4.0999655 2.7090949 2.8176204 2.4765448 2.5886238 2.4579465 2.3588820 2.3125381 3.0015315 2.7398998 3.1249868 3.0220325 3.0372692 2.7263941 2.6864078 2.8852609 2.7229437 3.5853330 2.9136052 3.1976415 2.3959496 1.7887561 3.1506511 0.0000000 6.2863936 8.3537221 8.3537221 7.3328344 7.6244336 5.1718428 5.6885814 8.9999987 4.1177474 5.2704963 5.1657626 5.2794634 5.1030643 4.7606484 4.0221507 4.5653812 3.0098557 3.4516289 4.6619731 3.9622019 3.4356914 4.6133184 4.7861484 4.6372267 
Coemet_Cmet_C585733_01                                 8.9999986 5.2253762 0.0000010 4.2437942 4.0581576 4.5700472 4.0535894 4.7051916 4.4505307 5.0883201 0.0000010 0.0000010 0.0000010 4.1189934 4.2709076 4.6931582 0.0000010 4.6389037 3.4846194 3.6790952 2.4649536 3.2306458 8.9999984 2.7416570 3.2316308 6.2367605 3.4691054 3.3421423 3.3293050 3.2912805 4.2529509 3.5515797 3.7720477 3.7560403 4.7243046 3.4386087 3.3013216 3.4791085 0.0000010 4.7997656 3.6406605 4.5229497 3.8907638 6.2863936 0.0000000 0.0750011 0.1630077 1.2177660 1.2582521 1.1665007 1.1509707 1.1686586 0.0000010 1.5311865 0.0000010 2.4679549 6.3806621 8.9999990 5.0242531 4.3531966 4.0597678 3.5549897 4.7561337 4.2795305 4.8746126 3.9967153 4.0194189 5.3780009 
Coeast_Cast_sb780062                                   6.9339813 5.8739292 0.0000010 5.0857627 4.9893700 5.4693464 4.8280957 5.4865457 6.0867761 6.3053366 0.0000010 0.0000010 0.0000010 5.3177481 5.2881266 5.4185933 5.5373454 5.4803654 4.1365202 4.0456267 2.4621771 4.4902786 8.7697995 3.6684831 4.1281496 7.4744916 4.4317261 4.1573292 4.6667289 4.2107394 4.5667547 4.4461900 4.5024495 5.1224880 6.0248627 4.3270723 3.8126302 4.7189214 8.9999987 7.0167575 4.2961501 5.5612073 5.0676603 8.3537221 0.0750011 0.0000000 0.0345420 1.3566908 1.3790507 1.4286973 1.6498607 1.1800268 0.0000010 1.6580852 0.0000010 2.1330115 6.1793856 8.9999984 6.0574104 5.9209817 4.0072400 3.6876257 4.9861878 4.3335977 4.9341049 4.0819258 3.9802228 6.8093594 
Coeast_Cast_sb780064                                   6.9339813 6.6768395 0.0000010 5.7103319 5.6820952 6.2665880 5.3458876 5.6431368 6.5951202 6.7709725 0.0000010 0.0000010 0.0000010 6.0007360 5.4922257 5.9507620 5.5373454 5.9994329 4.5399649 4.8662369 2.5685755 5.1688115 8.7697995 4.1396940 4.7366359 7.7577920 4.7617831 4.4454303 5.1317992 4.3426867 4.6182263 4.5008676 4.5551798 5.6346440 6.5182788 5.2461384 4.1669567 5.8880721 8.9999987 7.3526443 4.6261189 6.2768951 5.7694086 8.3537221 0.1630077 0.0345420 0.0000000 1.3566908 1.4945016 1.4804735 1.7350950 1.3079024 0.0000010 1.6580852 0.0000010 2.2317442 5.8151898 8.9999984 6.4100774 6.8341462 5.2628962 4.2100107 5.7482631 3.9713598 4.9921496 5.1275214 5.3075877 6.8617311 
Mertsp_Mesp_sb533286                                   7.7433812 6.1619882 0.0000010 5.6884501 5.3677271 5.7137939 5.7438003 7.5518461 6.4374251 6.6079758 0.0000010 0.0000010 0.0000010 5.7295112 5.8930698 6.3196925 9.0000000 6.7293207 5.2117769 6.9754179 2.3463681 5.5977278 8.1591095 5.7135015 4.8046078 8.6409283 5.3617861 4.7755173 4.8594783 3.8393297 5.0891111 5.3438220 5.1489554 6.3168251 5.6372728 5.6404707 4.6849763 5.5879960 7.6042940 6.3989729 4.8334825 6.6148412 5.3463954 7.3328344 1.2177660 1.3566908 1.3566908 0.0000000 0.0000010 0.7700266 1.2832332 1.0990542 0.0000010 1.2093777 0.0000010 1.6877469 2.1069205 8.9999983 5.3628163 6.4490255 5.0287628 3.9524361 4.3072966 5.5138663 4.4402215 4.1953524 2.4054415 3.8875807 
Bolinf_Binf_sb1212071                                  7.4278508 4.7144819 0.0000010 4.7530876 4.5170633 4.8557366 5.2366085 5.8990266 4.3993697 4.7924833 0.0000010 0.0000010 0.0000010 4.5686882 4.5747527 4.8833970 9.0000000 4.9712849 4.3418305 4.5857724 1.9267730 4.1030611 8.5908999 4.0318351 3.4860779 6.2096090 4.5715100 4.2673761 4.1582265 3.3651700 4.6643725 4.7593374 4.6348910 4.9514687 4.6540801 4.3493495 4.0468108 4.0801603 8.5232122 5.5486605 4.0076130 5.1826973 4.3847402 7.6244336 1.2582521 1.3790507 1.4945016 0.0000010 0.0000000 0.7257701 1.1576505 1.0295086 0.0000010 1.2500540 0.0000010 1.4954862 5.8203766 7.5138835 4.9761919 5.0523890 3.7776654 3.1466556 4.5888783 3.9709237 4.7814646 3.4822138 4.0450314 4.2912125 
Mlei_ML0975.g28.i1                                     7.1410519 4.8291219 3.2899033 4.7421034 4.5107576 4.5315938 4.8065138 4.6827571 4.2764607 4.3687097 4.0153774 4.6846429 3.0886141 4.4443821 4.0593672 4.3640813 3.4262869 4.0474053 3.9493877 3.8440015 1.7086588 3.9276450 4.5563578 3.8701039 3.9688999 4.4770964 4.0050657 4.0587388 4.0454382 3.8462137 4.2537494 4.5364635 4.4418855 4.2406174 4.4539110 4.2872338 4.3391269 4.1938994 4.8418695 4.7450525 4.0778035 4.2060848 4.6468503 5.1718428 1.1665007 1.4286973 1.4804735 0.7700266 0.7257701 0.0000000 0.7763292 1.3000103 0.9792233 1.4034426 1.5005966 2.1411050 1.7466800 6.3651983 5.1833406 5.6957526 3.5495306 3.2332410 4.1610245 2.9448182 4.0541090 3.4256900 3.9487736 5.6346456 
Beraby_Baby_sb349803                                   8.9424127 6.3058372 3.4116893 5.3398853 5.1508966 5.6257691 5.9949238 4.9926109 4.7155680 4.9296799 4.8602483 4.5141899 3.9029579 5.2417261 4.7425147 4.9868545 3.6996911 4.8122984 4.8063693 4.9311517 1.9237609 5.0752091 5.9908575 5.0202917 4.9835354 5.9891011 5.0310151 5.1004920 4.8676003 4.3446672 4.7458454 5.2819967 4.9646177 5.0630640 4.7776283 4.9951337 4.9797899 5.0356409 5.3715022 4.9640100 4.9819777 5.1354656 5.7408523 5.6885814 1.1509707 1.6498607 1.7350950 1.2832332 1.1576505 0.7763292 0.0000000 1.4157844 0.9656551 1.6169736 1.5120391 2.2833974 1.6588312 6.3738327 5.3640921 5.9222353 3.7597971 2.7983697 4.1400522 3.2751107 4.2864364 3.7221871 4.8395794 6.2996632 
Lampan_Lpan_C413771_01                                 8.9999984 6.7894104 6.6511891 5.5358149 5.8027078 6.3967185 6.3672694 6.1345554 5.7539105 5.8662771 4.1421235 0.0000010 0.0000010 5.3292588 5.6935179 6.2607391 7.8655344 5.5030530 5.6602995 5.7180880 1.9879936 5.5886724 8.4309550 5.1127484 4.9249557 8.2237071 6.0545937 5.2546772 5.8837851 4.6494807 5.5715092 5.9682856 6.0525202 5.4252330 6.1341209 5.2904312 4.9920447 6.0584024 8.9999980 7.6141056 4.5261328 5.6639563 6.8325810 8.9999987 1.1686586 1.1800268 1.3079024 1.0990542 1.0295086 1.3000103 1.4157844 0.0000000 0.0000010 1.6925621 2.1470794 1.7500101 2.3961796 8.0107100 6.1373296 6.0908167 3.6620714 3.2170945 4.3978262 3.9304848 3.7789895 3.7747533 4.2406780 8.3742689 
Lampan_Lpan_C406247_01                                 0.0000010 3.9923445 3.5562848 4.1252991 3.6707441 3.8018841 4.3504021 3.7899035 3.7458763 3.7458763 4.0538328 4.2368537 3.8286398 3.8826995 3.5819430 3.7186699 3.7072786 3.3794152 4.0053847 3.7923400 0.0000010 3.4721272 4.2129010 3.8712529 4.1905719 3.7289232 3.8502059 3.7485507 3.6034697 3.8619699 4.1692229 4.3858663 4.0904370 3.6373665 3.4946921 4.5705562 4.1185277 4.1736684 4.3344811 4.1258891 4.0470743 3.9726314 4.4756321 4.1177474 0.0000010 0.0000010 0.0000010 0.0000010 0.0000010 0.9792233 0.9656551 0.0000010 0.0000000 1.6409149 1.7269831 5.4229672 0.9982962 8.3476876 8.3476876 9.0000000 8.9999981 5.6352190 8.9999982 9.0000000 3.8746425 8.9999988 0.0000010 5.1179713 
Horcal_Hcv1.av93.c13.g480.i1                           6.9354094 5.1734780 3.7760482 4.4546724 4.4767491 4.7795876 5.3759548 4.2437497 4.1436731 4.2465646 3.9303237 3.1921296 3.3977999 4.2780650 4.3870292 4.5259324 3.4560069 4.1435004 4.0888531 4.3668821 1.5102232 4.4153373 4.7373371 4.2608508 4.3506323 4.7279843 4.3935786 4.4330445 4.3174035 4.0926467 4.3764604 4.6421821 4.3095144 4.6193990 4.8231002 4.5115860 4.4166734 4.9084377 5.1541759 4.6664275 4.2602674 4.9298835 5.3771807 5.2704963 1.5311865 1.6580852 1.6580852 1.2093777 1.2500540 1.4034426 1.6169736 1.6925621 1.6409149 0.0000000 0.0556988 1.0428915 2.1905924 4.8023761 4.5679735 6.0370152 3.5656965 2.2709872 3.3824051 2.5678890 2.5323365 3.1066351 2.8088319 6.2242116 
