59
Spolac_c99113_g1_i1_m.18842c99113-g1NA  0.0000000 8.7525214 6.8721286 7.5549395 3.1767309 4.9323525 7.8631032 5.6630207 5.3451433 4.7312309 2.2435693 2.2566554 2.3832164 4.8776923 2.9411498 5.4452960 5.0575473 2.9481623 5.7556986 4.5141700 5.1409543 3.7914068 4.8835728 3.6823893 3.6823893 6.5436086 3.8784677 5.2888843 6.3109226 3.2063077 3.1419378 3.8589901 3.8589901 4.7939709 3.0651336 4.2736606 5.6946760 5.3980484 4.1861736 4.5070994 3.8414272 3.9514809 4.8052255 3.5123777 5.7088008 6.1730519 4.9153151 5.9350683 1.7790278 5.1154718 3.6542920 8.9999984 7.6505367 6.0963397 5.8490806 5.8490806 5.5408899 5.9176635 7.6548723 
Scil_scict007855.3                      8.7525214 0.0000000 2.0217386 1.4072263 0.7466111 2.2767579 3.2681930 3.5333302 3.7155756 5.1761394 2.2931695 3.0648329 3.4562883 4.4289151 3.5171169 4.5875810 4.6423262 3.9092214 4.6159211 5.6575622 5.6959640 5.2873980 4.5007536 3.6737143 3.6844868 5.1819162 5.5371114 5.1167659 4.9353302 3.0718427 2.8238967 3.3264832 2.6354745 3.4237994 3.3441552 5.4259794 3.4942156 5.4140357 5.4791224 4.3037514 3.8322068 3.8947445 6.0064164 3.2088338 6.5242229 7.3958268 3.9027956 4.5404760 8.9999985 5.9106370 5.4733415 6.2390372 6.0596998 5.7235512 5.3373684 5.3431646 4.8261022 6.7758555 5.8571741 
Lcom_lcpid95730                         6.8721286 2.0217386 0.0000000 0.9638048 0.6520872 1.3976996 3.2781725 2.9009656 3.3193653 4.4034917 2.5791607 3.5827683 3.1418168 3.5366800 2.6462720 3.1944406 3.3728436 3.0277839 3.5399565 3.1124706 3.5804822 3.4436551 2.7694944 2.4632242 2.4705762 3.2616700 3.8888055 3.8558852 5.0133011 3.2553733 2.8880196 3.3379972 3.1927528 3.1451701 3.2065346 3.6494436 3.1532601 4.5465557 4.1285820 4.4660846 2.8600903 2.9068734 4.7854571 3.7445709 5.0661536 4.8290410 3.5035528 4.2247597 6.5138991 5.7697776 4.7639196 4.6141994 5.0900479 4.6527587 4.4619299 4.3725002 4.6594923 4.5961893 3.9366152 
Gracom_Gcom_scaffold15122_01            7.5549395 1.4072263 0.9638048 0.0000000 0.6721458 1.9124170 3.0864258 3.0576928 3.6841850 4.9000220 2.4930689 3.7050869 3.4388187 3.2374636 2.5327190 2.6699029 3.3317515 2.4452009 3.5272691 3.1119870 3.4352624 3.8847188 3.0621672 2.5890166 2.5971772 3.9233022 4.4464993 4.4935418 5.9909677 3.4542670 3.2288733 3.5122840 3.3993592 3.9319337 3.6373529 4.2723046 3.3344385 4.5568309 5.0930652 4.7239664 3.6965111 3.7531007 5.9707765 4.0930618 6.6629233 4.9838921 3.6820462 4.7250343 7.7251419 5.5724530 5.2296399 6.4898611 6.1626910 6.0038935 5.2517879 5.0952523 5.6326921 6.6677630 5.5313520 
Leuniv_Lniv_scaffold15408_01            3.1767309 0.7466111 0.6520872 0.6721458 0.0000000 1.1452565 1.6333359 1.4821626 1.5289646 2.3982843 1.7907151 2.0237627 2.3258536 2.1545935 2.0912036 2.2096732 2.1914545 2.4203822 1.9687758 2.0051393 2.0004402 2.1583039 2.3638806 2.1241061 2.1318613 2.5041691 2.9428831 2.4922415 2.8897741 2.6309697 2.3787757 2.9446634 2.7648640 2.9536184 3.0565876 2.4351096 2.5757735 3.3824986 3.4784404 3.5739868 2.7124437 2.7124437 2.5953452 2.6762089 3.3089334 3.3438985 2.7498080 2.8976170 4.1463192 4.0348511 3.2570332 4.4300917 4.6043923 4.0664682 3.6533011 3.4691447 4.1356776 5.0354234 3.3655644 
Clacor_Ccor_scaffold12702_01            4.9323525 2.2767579 1.3976996 1.9124170 1.1452565 0.0000000 1.7874625 1.4960833 1.5630220 2.9461377 1.6377829 2.4405010 2.5904305 2.1671524 1.8056559 2.1705157 2.2209423 2.2021692 2.3578922 2.3684048 2.6176646 2.7566568 2.3277649 1.6867354 1.6436960 2.7921584 2.7780198 2.3798848 3.6667891 2.5741529 2.5226451 2.6265966 2.6909882 3.3352637 2.5981815 2.6432404 2.8292045 3.2572409 3.3020186 3.5953680 2.0088386 2.0649512 3.7248096 2.9653110 3.4258692 3.0896151 3.2095457 3.1753849 4.1898957 3.9247163 3.1724003 5.0034837 5.3016899 5.3058407 4.1999593 4.2274497 4.2782729 4.3194081 3.9495493 
Leuniv_Lniv_scaffold4912_01             7.8631032 3.2681930 3.2781725 3.0864258 1.6333359 1.7874625 0.0000000 1.0030393 1.2830190 3.7314856 1.5784323 2.8951133 1.9837895 3.4388784 2.7551266 2.9306692 3.2975775 2.5887731 3.3945488 3.3691582 3.9583483 3.3726969 3.0854570 2.3222970 2.2743542 3.1087435 3.1611051 3.0897809 3.7911340 2.0497580 1.9299394 2.1763112 2.0625617 3.0403805 2.1670770 3.5311709 2.5300930 3.2158943 3.4582933 3.9353401 2.4339130 2.4761600 4.6776150 2.8943437 4.9821166 3.6193106 3.1156184 3.0507505 5.4609244 4.8122109 3.8737569 5.1654658 5.3246414 5.0994062 4.9309348 4.8611465 5.0569699 5.1941992 5.1960415 
Scil_scict023571.1                      5.6630207 3.5333302 2.9009656 3.0576928 1.4821626 1.4960833 1.0030393 0.0000000 1.2136978 3.2246772 1.5429463 2.6453295 1.7667844 2.9615975 2.2678622 2.3500958 2.8229495 2.3312992 3.1764227 3.3893932 3.4337875 3.2312340 2.4710707 2.3809727 2.3336884 3.3644378 3.1540268 3.3481102 3.6264626 2.2189769 2.0809322 2.2981759 2.2524230 2.9494278 2.3254583 3.0163322 2.7257587 2.9744589 3.0040165 3.5357486 2.5776178 2.6572955 4.3256704 2.6532667 4.3110097 3.4682710 2.7936801 2.7546633 3.9300869 4.5023595 3.3693593 6.0569202 5.3903199 5.6212850 5.1599473 5.0855922 5.1321473 5.4315493 4.7226708 
Lcom_lcpid69506                         5.3451433 3.7155756 3.3193653 3.6841850 1.5289646 1.5630220 1.2830190 1.2136978 0.0000000 3.5293314 1.6345794 3.0092061 2.1406803 3.0031218 2.5535207 3.0123129 2.7862055 2.6361075 2.9394263 3.1472335 3.3781332 2.8353645 2.9824425 2.2880872 2.2416813 3.7501552 3.2175010 3.0424286 3.6574434 2.1187629 1.9723987 2.1463218 2.1195738 3.1571665 2.2168372 3.5673131 2.5650344 2.9978778 2.6094897 3.2637925 2.5385355 2.5823633 5.1173046 3.4508723 4.7693497 4.0931382 3.0762057 3.4234562 3.9588898 5.4369034 3.8725770 5.5706104 5.2637883 5.9114562 5.1360313 5.0628521 5.1910807 5.0635626 4.9582900 
Cgig_XM_011416084.3                     4.7312309 5.1761394 4.4034917 4.9000220 2.3982843 2.9461377 3.7314856 3.2246772 3.5293314 0.0000000 0.8011116 1.1726229 0.5980971 3.5293117 2.7144786 3.5041627 3.0914211 2.4480903 3.1287659 3.0240227 3.0796771 2.9269572 2.6121816 1.8572330 1.8209294 3.3339977 2.0969395 2.5877492 2.4394858 1.8697698 2.0234501 1.9673002 1.9512102 2.3858368 2.0690911 2.5104072 3.0210048 3.5153428 2.9524831 2.5628095 2.4647754 2.5172220 3.0432007 1.8392360 2.7629697 3.0112322 3.3696141 3.8674385 4.4524792 4.6115265 3.3620866 4.1889363 4.0991355 4.2649890 3.3061771 3.3330013 3.0714666 3.1784172 4.8496580 
Ctel_gnl_WGS_AMQN_CAPTEDRAFT_mRNA212084 2.2435693 2.2931695 2.5791607 2.4930689 1.7907151 1.6377829 1.5784323 1.5429463 1.6345794 0.8011116 0.0000000 0.0124951 1.0387528 1.1130489 1.0954471 1.1314996 1.1898063 1.1927368 1.0929091 1.2343278 1.2678192 1.5194559 1.4620455 1.9236455 1.8685366 1.9463130 1.3998929 1.5693596 1.4440768 1.7259956 1.9444285 1.9760472 1.8637696 2.0548705 2.3995553 1.8028482 1.9782288 2.0672752 2.4220948 1.8231611 2.0077494 2.0077494 1.4583732 1.4583732 1.5656916 1.9407178 2.1274180 2.5718612 2.1108014 2.5162844 2.1411331 3.0406605 3.6705709 3.3043988 3.4993020 3.5302176 2.7667759 2.5350293 3.2407069 
Ctel_gnl_WGS_AMQN_CAPTEDRAFT_mRNA167972 2.2566554 3.0648329 3.5827683 3.7050869 2.0237627 2.4405010 2.8951133 2.6453295 3.0092061 1.1726229 0.0124951 0.0000000 1.1825867 2.3761211 2.1449224 2.1856411 2.3164217 2.1851672 2.1307029 2.2500366 2.2075348 2.0658774 2.2906148 1.7287995 1.7803465 2.8310484 1.4532999 1.7744442 1.9430897 1.8832059 2.0861062 2.2223491 2.1488445 2.6038749 2.3363952 1.6810478 2.6832760 3.0287488 3.0684343 2.1753378 2.2008772 2.2623733 1.4762192 1.6571268 2.0156609 2.1484120 3.0256963 3.4031777 2.5726494 3.8961247 3.0777719 3.6416736 4.4956737 3.9018686 3.4205358 3.4437769 3.2391912 2.8406577 4.0641746 
Acagra_model.g7777.t1                   2.3832164 3.4562883 3.1418168 3.4388187 2.3258536 2.5904305 1.9837895 1.7667844 2.1406803 0.5980971 1.0387528 1.1825867 0.0000000 1.9884057 1.9682369 2.0432869 1.7330828 1.7832659 1.8829371 1.9076753 1.8362638 2.0363648 1.6500469 1.4281992 1.3941449 2.1169937 1.2359925 1.7422006 1.6895817 1.9282908 1.9096934 1.9442451 1.8450439 2.3217671 2.1695205 1.4152982 2.6847020 3.1065700 2.9076593 2.3757935 2.3850840 2.3610385 1.7988404 1.8557918 1.7876040 1.8512380 2.8723011 3.1255650 3.1092655 4.0868576 3.5319138 4.0536241 4.8650785 4.1631548 3.7241821 3.7594211 3.5890099 3.8923262 4.4635465 
Fspp_ffun1.m4.2874.m1                   4.8776923 4.4289151 3.5366800 3.2374636 2.1545935 2.1671524 3.4388784 2.9615975 3.0031218 3.5293117 1.1130489 2.3761211 1.9884057 0.0000000 0.0671568 0.4290546 0.6228051 0.4472003 0.7741588 1.0909346 1.1149355 1.4949775 1.4885491 2.3051498 2.2827165 3.0069570 4.0283100 3.2718187 4.2523288 1.9355356 1.8934396 2.2159748 2.2491277 2.8629651 2.1341854 3.3715318 2.2394420 2.1887658 2.6774285 2.4524243 1.9768941 2.0091743 4.2195407 2.3253696 3.5857018 3.5230436 3.0919558 3.4288548 3.6303400 3.6752497 3.1631542 4.1363790 4.1756191 4.0525810 3.3233889 3.2453671 3.2580651 3.5527324 4.0257020 
Fspp_ffun1.m4.2876.m1                   2.9411498 3.5171169 2.6462720 2.5327190 2.0912036 1.8056559 2.7551266 2.2678622 2.5535207 2.7144786 1.0954471 2.1449224 1.9682369 0.0671568 0.0000000 0.2608407 0.4162541 0.4559735 0.4907074 0.6954021 0.7019319 0.8829263 1.1453465 1.8675824 1.8479152 2.1706007 2.6030713 2.2048504 2.9190080 1.8747227 1.8333461 2.1591882 2.1823919 2.6458963 2.0770041 2.2971640 2.3019622 2.1724316 2.5190241 2.4668188 1.9759588 2.0082728 2.7693398 2.3027890 2.7075102 2.6048272 3.0659351 3.2238016 2.8717035 3.5450748 2.8844046 4.0013318 4.0552011 3.9276548 3.2140533 3.1386933 3.1644901 3.4462960 3.8674576 
Gasp_gasp1.m3.3751.m1                   5.4452960 4.5875810 3.1944406 2.6699029 2.2096732 2.1705157 2.9306692 2.3500958 3.0123129 3.5041627 1.1314996 2.1856411 2.0432869 0.4290546 0.2608407 0.0000000 0.6349892 0.4955514 0.7984503 0.9540719 1.0402740 1.4779998 1.6002521 2.4997922 2.4758856 2.8172443 3.2738342 2.9964450 3.7544379 1.7800828 1.8435244 2.2026345 2.1728226 2.8598550 2.1923167 3.1047962 2.4052843 2.0261998 2.5406925 2.9390448 2.0667824 2.1006606 3.7890987 2.6124210 3.2284517 3.3879239 2.7682279 3.0188823 3.4584977 3.9659778 3.1078707 3.5328536 3.5912102 3.7666667 3.7040706 3.6125070 3.4773094 3.5294653 4.0103261 
Spis_XP_022802272_1                     5.0575473 4.6423262 3.3728436 3.3317515 2.1914545 2.2209423 3.2975775 2.8229495 2.7862055 3.0914211 1.1898063 2.3164217 1.7330828 0.6228051 0.4162541 0.6349892 0.0000000 0.1490545 0.7659495 0.9121887 0.8905024 1.8831886 1.7400181 2.1534371 2.1328531 2.4930829 3.2542140 3.1057071 3.9812426 1.8613083 1.8474453 2.0584918 2.0361248 2.7080810 1.9878472 3.2821733 2.4282758 2.1171303 2.7127675 2.7543785 2.1921488 2.2395664 4.6132611 2.4601215 3.2783205 3.1519885 2.8607940 2.9301215 3.5731349 3.7598599 2.7120195 4.0853523 3.7391958 3.3188256 3.2013751 3.2933748 3.1629214 3.0956079 4.2545233 
Pocdam_XM_027189804.1                   2.9481623 3.9092214 3.0277839 2.4452009 2.4203822 2.2021692 2.5887731 2.3312992 2.6361075 2.4480903 1.1927368 2.1851672 1.7832659 0.4472003 0.4559735 0.4955514 0.1490545 0.0000000 0.4536643 0.5810298 0.5709311 0.9865494 1.1540067 1.8131780 1.7943601 2.0404089 2.1991954 2.1074778 2.8902525 1.8417715 1.8279891 2.1343547 2.1230390 2.6429925 2.0798758 2.2716989 2.4233785 2.2312657 2.6112945 2.7204692 2.1421785 2.1774248 2.6930744 2.3020535 2.2894485 2.1041496 2.8335118 2.9014319 2.9803821 3.6970436 2.7153751 4.2779798 3.9589356 3.5784669 3.3762649 3.3401922 3.1872219 3.2026815 4.3498646 
Gfas_gfas1.m1.15790.m1                  5.7556986 4.6159211 3.5399565 3.5272691 1.9687758 2.3578922 3.3945488 3.1764227 2.9394263 3.1287659 1.0929091 2.1307029 1.8829371 0.7741588 0.4907074 0.7984503 0.7659495 0.4536643 0.0000000 0.8551509 0.9222725 1.6562247 1.6235826 2.3618752 2.3391543 2.9633115 3.3107816 2.9157817 4.0703033 2.0284985 1.9534620 2.2304415 2.3067603 2.8257312 2.0645016 3.2556868 2.4053334 2.4034847 2.7291499 2.6101156 2.0700053 2.1045018 3.8804351 2.3046248 3.5742675 3.5023121 3.0588261 3.3168666 3.7310248 3.6235140 3.4230498 4.2073321 3.7474335 3.3485362 3.1158230 3.0672703 3.1620510 3.3022911 3.8770307 
Amil_Amillepora17894-RA                 4.5141700 5.6575622 3.1124706 3.1119870 2.0051393 2.3684048 3.3691582 3.3893932 3.1472335 3.0240227 1.2343278 2.2500366 1.9076753 1.0909346 0.6954021 0.9540719 0.9121887 0.5810298 0.8551509 0.0000000 0.0683355 1.4188526 1.6535921 2.3956193 2.3449751 3.1512284 3.1938509 2.9408890 4.3641428 1.7880548 1.9449340 2.3674159 2.3583452 2.4641409 1.9145042 2.9216031 2.6887363 2.4488483 2.7656138 2.7939067 2.1729664 2.2098046 4.4548348 2.4782705 4.2129070 3.0651991 2.9337604 3.2552651 3.5561124 3.6059070 3.0469005 3.7397456 4.0223143 3.9469707 3.4133713 3.3607289 3.3441374 3.6122942 3.9047432 
Adig_XM_015921247.1                     5.1409543 5.6959640 3.5804822 3.4352624 2.0004402 2.6176646 3.9583483 3.4337875 3.3781332 3.0796771 1.2678192 2.2075348 1.8362638 1.1149355 0.7019319 1.0402740 0.8905024 0.5709311 0.9222725 0.0683355 0.0000000 1.6772879 1.8127388 2.6718273 2.6161397 3.6049127 3.6246523 3.2874766 4.7507926 1.7818651 1.9379782 2.3599710 2.3497024 2.6639848 1.9087638 3.2173377 3.0336129 2.8276045 2.8964861 2.9074959 2.3083762 2.3458372 4.6080461 2.4215129 4.2358612 3.2878763 2.8593667 3.2217502 3.4361068 3.9812300 3.1758328 4.1661038 4.0859608 4.2712697 3.8046196 3.7502096 3.6726596 3.8609159 4.1087050 
Nvec_v1g84626                           3.7914068 5.2873980 3.4436551 3.8847188 2.1583039 2.7566568 3.3726969 3.2312340 2.8353645 2.9269572 1.5194559 2.0658774 2.0363648 1.4949775 0.8829263 1.4779998 1.8831886 0.9865494 1.6562247 1.4188526 1.6772879 0.0000000 1.5347544 2.1811773 2.1357369 3.0736880 2.6239760 2.7791026 4.0735546 1.8734997 1.7859942 2.0436489 1.9552552 2.2689815 2.0028744 2.6958940 2.7725183 2.3431427 2.6733386 2.7726298 2.4319207 2.3993004 4.1469820 2.4144107 3.6293293 3.6881892 2.9044365 3.0809115 4.5483733 4.2312462 3.7084185 4.3942501 3.5930237 2.9528102 2.8490638 2.8050550 2.7185144 2.8978857 4.0802489 
Exapal_XM_021042301.2                   4.8835728 4.5007536 2.7694944 3.0621672 2.3638806 2.3277649 3.0854570 2.4710707 2.9824425 2.6121816 1.4620455 2.2906148 1.6500469 1.4885491 1.1453465 1.6002521 1.7400181 1.1540067 1.6235826 1.6535921 1.8127388 1.5347544 0.0000000 2.1978329 2.1516805 3.1602503 2.6089691 2.6994178 3.4110627 1.8225701 1.6840944 1.8670426 1.7711407 2.2732926 1.7967976 2.6655897 2.5420628 2.5064781 2.9936619 2.9506571 2.0616511 2.1051473 2.9561586 2.2628996 3.2322164 3.1416246 2.7249509 2.4068974 3.5156305 3.9530734 3.7879578 4.7259943 4.3328691 4.2112071 3.9451258 3.9231593 3.8869546 4.3870714 4.2643324 
Opea_EP00118_Oscarella_pearsei_P001621  3.6823893 3.6737143 2.4632242 2.5890166 2.1241061 1.6867354 2.3222970 2.3809727 2.2880872 1.8572330 1.9236455 1.7287995 1.4281992 2.3051498 1.8675824 2.4997922 2.1534371 1.8131780 2.3618752 2.3956193 2.6718273 2.1811773 2.1978329 0.0000000 0.0075039 0.9874286 1.3195020 2.0407928 3.3032919 2.0138261 1.8699759 2.0864720 1.9375314 2.2216520 2.6064484 1.9952228 2.2128220 2.0446724 2.6607260 2.7511526 2.1623364 2.1623364 2.8326077 1.9528019 2.5296474 2.7902852 2.2826506 2.5632628 2.7351165 3.4336155 2.4731220 4.5775500 3.9211422 3.7080919 2.6658436 2.6472829 2.7987825 3.5746410 4.3475380 
Opea_EP00118_Oscarella_pearsei_P001622  3.6823893 3.6844868 2.4705762 2.5971772 2.1318613 1.6436960 2.2743542 2.3336884 2.2416813 1.8209294 1.8685366 1.7803465 1.3941449 2.2827165 1.8479152 2.4758856 2.1328531 1.7943601 2.3391543 2.3449751 2.6161397 2.1357369 2.1516805 0.0075039 0.0000000 0.9776649 1.2919338 2.0011439 3.2700645 2.0821354 1.9324026 2.0347411 2.0022320 2.2981384 2.5363054 1.9559121 2.1896672 2.0214312 2.6312787 2.6864842 2.1392065 2.1392065 2.9049749 2.0114507 2.4775442 2.7633783 2.2588445 2.5714761 2.6747581 3.3930439 2.4151447 4.5956420 3.9362013 3.7223645 2.6754868 2.6569113 2.8093017 3.5883429 4.3645588 
Plajan_Pjan_scaffold15224_01            6.5436086 5.1819162 3.2616700 3.9233022 2.5041691 2.7921584 3.1087435 3.3644378 3.7501552 3.3339977 1.9463130 2.8310484 2.1169937 3.0069570 2.1706007 2.8172443 2.4930829 2.0404089 2.9633115 3.1512284 3.6049127 3.0736880 3.1602503 0.9874286 0.9776649 0.0000000 2.6005162 2.6621430 3.2308222 2.2661404 2.0063153 2.5113330 2.2913620 4.1712226 2.8141005 2.3022283 3.2531283 2.7620458 3.2642547 3.5975324 2.4077713 2.3739598 3.4700617 2.4811660 3.6596103 3.1031238 3.4121498 3.3149159 4.4239460 4.8776101 3.6127163 6.9237196 5.9349603 5.5108284 4.6184071 4.5998085 4.4061066 5.2695546 5.3133092 
Skow_XM_006820438.1                     3.8784677 5.5371114 3.8888055 4.4464993 2.9428831 2.7780198 3.1611051 3.1540268 3.2175010 2.0969395 1.3998929 1.4532999 1.2359925 4.0283100 2.6030713 3.2738342 3.2542140 2.1991954 3.3107816 3.1938509 3.6246523 2.6239760 2.6089691 1.3195020 1.2919338 2.6005162 0.0000000 1.9958191 2.7264201 1.8080965 1.7137560 1.7914735 1.7285685 2.4510970 2.1844310 2.0095350 2.7541291 2.5724899 2.8332956 2.5711508 2.1855069 2.1855069 3.6155241 2.1289435 2.6534472 2.5509340 2.3037257 3.1716927 3.3141509 3.6174574 3.3248928 4.3601894 4.4468271 4.0136288 3.1914496 3.2152034 3.6708311 3.7213480 4.7763249 
Bralan_BLAG05000717_1                   5.2888843 5.1167659 3.8558852 4.4935418 2.4922415 2.3798848 3.0897809 3.3481102 3.0424286 2.5877492 1.5693596 1.7744442 1.7422006 3.2718187 2.2048504 2.9964450 3.1057071 2.1074778 2.9157817 2.9408890 3.2874766 2.7791026 2.6994178 2.0407928 2.0011439 2.6621430 1.9958191 0.0000000 3.0184322 2.1160035 2.0721165 2.1931241 2.2182645 3.3598989 2.6042616 2.1606652 3.0724851 2.3995005 2.7173468 3.0985236 2.2971863 2.3390689 3.3894158 2.3981444 3.3278791 2.5463876 2.5311042 2.9008379 4.1724663 3.5734545 2.3980257 4.4472196 4.1909256 4.0761465 3.3158475 3.3562929 3.1600772 3.7216670 3.6328949 
Dpul_mRNA11059                          6.3109226 4.9353302 5.0133011 5.9909677 2.8897741 3.6667891 3.7911340 3.6264626 3.6574434 2.4394858 1.4440768 1.9430897 1.6895817 4.2523288 2.9190080 3.7544379 3.9812426 2.8902525 4.0703033 4.3641428 4.7507926 4.0735546 3.4110627 3.3032919 3.2700645 3.2308222 2.7264201 3.0184322 0.0000000 2.0957239 2.2574499 2.5479817 2.4647942 2.6694045 2.3810125 3.4640198 3.1191983 3.1416570 3.0988147 2.6013851 2.1549695 2.1549695 3.1100030 1.9424994 2.5991106 3.2701935 3.3243186 3.6862359 5.2549658 4.2657226 3.8309946 4.3184811 4.4615896 4.7586665 4.3851739 4.4461672 4.6027985 4.8139311 4.3133339 
HoiH23_PlH23_005485-RA                  3.2063077 3.0718427 3.2553733 3.4542670 2.6309697 2.5741529 2.0497580 2.2189769 2.1187629 1.8697698 1.7259956 1.8832059 1.9282908 1.9355356 1.8747227 1.7800828 1.8613083 1.8417715 2.0284985 1.7880548 1.7818651 1.8734997 1.8225701 2.0138261 2.0821354 2.2661404 1.8080965 2.1160035 2.0957239 0.0000000 0.0681220 0.1730745 0.1589872 0.3569218 0.3754158 2.3079729 2.0258495 2.0285439 2.3919032 2.6177718 2.1106101 2.1106101 1.6591033 1.6591033 2.4918714 2.4869435 2.0135970 2.1478628 3.0865403 2.9251115 2.6824634 3.2774822 3.0296975 3.6151260 3.7005115 3.7788175 2.9418726 3.8388572 3.4713338 
HoiH06_mRNA5148                         3.1419378 2.8238967 2.8880196 3.2288733 2.3787757 2.5226451 1.9299394 2.0809322 1.9723987 2.0234501 1.9444285 2.0861062 1.9096934 1.8934396 1.8333461 1.8435244 1.8474453 1.8279891 1.9534620 1.9449340 1.9379782 1.7859942 1.6840944 1.8699759 1.9324026 2.0063153 1.7137560 2.0721165 2.2574499 0.0681220 0.0000000 0.1534628 0.1401563 0.3497162 0.3678755 2.3630710 1.9305987 2.0218853 2.3239035 2.7240194 2.2101122 2.2101122 1.9130370 1.9130370 2.7395886 2.6528817 1.8936154 2.0582907 3.1622858 2.8758124 2.6078172 3.4412110 3.0172905 3.3935943 3.6137482 3.6900646 2.9823378 4.1800757 3.5878625 
Hhon_g02150.t1                          3.8589901 3.3264832 3.3379972 3.5122840 2.9446634 2.6265966 2.1763112 2.2981759 2.1463218 1.9673002 1.9760472 2.2223491 1.9442451 2.2159748 2.1591882 2.2026345 2.0584918 2.1343547 2.2304415 2.3674159 2.3599710 2.0436489 1.8670426 2.0864720 2.0347411 2.5113330 1.7914735 2.1931241 2.5479817 0.1730745 0.1534628 0.0000000 0.0104481 0.4377087 0.5592888 2.4204224 2.4250965 2.8258041 2.6724944 2.9627891 2.4419051 2.4419051 2.2902995 2.2902995 3.1221307 2.8751126 2.3204308 2.4101829 3.8963802 3.5282618 3.1263990 3.3188160 2.7411571 3.3227399 3.2270981 3.2815116 2.9415541 3.7565498 3.8498479 
HoiH04_mRNA10190                        3.8589901 2.6354745 3.1927528 3.3993592 2.7648640 2.6909882 2.0625617 2.2524230 2.1195738 1.9512102 1.8637696 2.1488445 1.8450439 2.2491277 2.1823919 2.1728226 2.0361248 2.1230390 2.3067603 2.3583452 2.3497024 1.9552552 1.7711407 1.9375314 2.0022320 2.2913620 1.7285685 2.2182645 2.4647942 0.1589872 0.1401563 0.0104481 0.0000000 0.4184774 0.4256712 2.3987720 2.2228166 2.5312632 2.7220476 2.8462825 2.4606753 2.4606753 1.8786397 1.8786397 3.0556173 2.9407126 2.2867970 2.4657681 4.0469082 3.2882019 3.1693178 3.2467509 2.7017268 3.1804184 3.1023750 3.1632193 2.8811926 3.8276824 3.9638555 
TrH2_TrispH2_001797-RA                  4.7939709 3.4237994 3.1451701 3.9319337 2.9536184 3.3352637 3.0403805 2.9494278 3.1571665 2.3858368 2.0548705 2.6038749 2.3217671 2.8629651 2.6458963 2.8598550 2.7080810 2.6429925 2.8257312 2.4641409 2.6639848 2.2689815 2.2732926 2.2216520 2.2981384 4.1712226 2.4510970 3.3598989 2.6694045 0.3569218 0.3497162 0.4377087 0.4184774 0.0000000 0.0106349 2.6351105 2.6543076 3.6695997 3.4835378 2.8621401 2.6384003 2.7485975 2.0087298 1.8702735 2.9375826 3.4982304 3.2874082 2.7223943 4.1719937 4.2944681 4.2388599 4.7894656 4.3522749 4.5618429 4.5658223 4.6482698 3.8683581 4.8508814 4.3456805 
Tadh_TriadT55300                        3.0651336 3.3441552 3.2065346 3.6373529 3.0565876 2.5981815 2.1670770 2.3254583 2.2168372 2.0690911 2.3995553 2.3363952 2.1695205 2.1341854 2.0770041 2.1923167 1.9878472 2.0798758 2.0645016 1.9145042 1.9087638 2.0028744 1.7967976 2.6064484 2.5363054 2.8141005 2.1844310 2.6042616 2.3810125 0.3754158 0.3678755 0.5592888 0.4256712 0.0106349 0.0000000 2.4370623 2.2932781 2.8064285 2.8938248 2.6069292 2.6327541 2.6327541 1.9268212 1.9268212 2.8479954 2.7346959 2.5732681 2.4892900 4.0527188 3.3717594 3.5810886 3.9534466 3.7975788 4.1620166 4.4591866 4.5400804 3.4662316 4.5160911 4.2490192 
Spur_XM_001175635.4                     4.2736606 5.4259794 3.6494436 4.2723046 2.4351096 2.6432404 3.5311709 3.0163322 3.5673131 2.5104072 1.8028482 1.6810478 1.4152982 3.3715318 2.2971640 3.1047962 3.2821733 2.2716989 3.2556868 2.9216031 3.2173377 2.6958940 2.6655897 1.9952228 1.9559121 2.3022283 2.0095350 2.1606652 3.4640198 2.3079729 2.3630710 2.4204224 2.3987720 2.6351105 2.4370623 0.0000000 2.6190522 2.7746888 2.8468323 2.3891501 2.1853694 2.2629345 2.7278846 2.1062664 3.4648470 2.4291240 2.6026836 2.6461297 4.1684912 4.2675177 3.3626882 4.1625225 4.1570942 3.9619955 3.2779372 3.2430368 3.4942443 3.7604964 3.9205133 
Morvir_scaffold12.g113.t1               5.6946760 3.4942156 3.1532601 3.3344385 2.5757735 2.8292045 2.5300930 2.7257587 2.5650344 3.0210048 1.9782288 2.6832760 2.6847020 2.2394420 2.3019622 2.4052843 2.4282758 2.4233785 2.4053334 2.6887363 3.0336129 2.7725183 2.5420628 2.2128220 2.1896672 3.2531283 2.7541291 3.0724851 3.1191983 2.0258495 1.9305987 2.4250965 2.2228166 2.6543076 2.2932781 2.6190522 0.0000000 2.7782736 1.9218674 2.3575835 2.0158663 2.0561487 3.7827404 3.2995410 3.4711475 3.4233337 2.3476226 2.9244548 4.1652562 4.7994434 4.1276207 5.1607982 4.9067119 4.3601884 3.8689415 4.0271343 4.2788505 5.4499387 5.6845166 
Hvul_g8433_1                            5.3980484 5.4140357 4.5465557 4.5568309 3.3824986 3.2572409 3.2158943 2.9744589 2.9978778 3.5153428 2.0672752 3.0287488 3.1065700 2.1887658 2.1724316 2.0261998 2.1171303 2.2312657 2.4034847 2.4488483 2.8276045 2.3431427 2.5064781 2.0446724 2.0214312 2.7620458 2.5724899 2.3995005 3.1416570 2.0285439 2.0218853 2.8258041 2.5312632 3.6695997 2.8064285 2.7746888 2.7782736 0.0000000 1.6053699 2.1586185 1.8452274 1.8768601 3.3840764 3.0506989 2.9484204 3.1625893 3.1746992 3.2071576 3.2256764 4.4105707 3.5681532 5.2322679 5.5764157 4.4356352 4.1365580 4.0990275 4.5655508 3.8039081 4.1472526 
Chem_TCONS_00011659                     4.1861736 5.4791224 4.1285820 5.0930652 3.4784404 3.3020186 3.4582933 3.0040165 2.6094897 2.9524831 2.4220948 3.0684343 2.9076593 2.6774285 2.5190241 2.5406925 2.7127675 2.6112945 2.7291499 2.7656138 2.8964861 2.6733386 2.9936619 2.6607260 2.6312787 3.2642547 2.8332956 2.7173468 3.0988147 2.3919032 2.3239035 2.6724944 2.7220476 3.4835378 2.8938248 2.8468323 1.9218674 1.6053699 0.0000000 1.7778291 1.6192230 1.6441196 3.6086160 4.1803183 2.5790957 2.9187965 3.6102446 3.8219451 2.8798603 3.9240237 3.8375038 4.1787770 4.9179252 3.5899339 4.2719797 4.2246658 3.8653922 4.0803269 3.7048435 
Sanmal_Sma_005406-T1                    4.5070994 4.3037514 4.4660846 4.7239664 3.5739868 3.5953680 3.9353401 3.5357486 3.2637925 2.5628095 1.8231611 2.1753378 2.3757935 2.4524243 2.4668188 2.9390448 2.7543785 2.7204692 2.6101156 2.7939067 2.9074959 2.7726298 2.9506571 2.7511526 2.6864842 3.5975324 2.5711508 3.0985236 2.6013851 2.6177718 2.7240194 2.9627891 2.8462825 2.8621401 2.6069292 2.3891501 2.3575835 2.1586185 1.7778291 0.0000000 1.2153771 1.2058414 2.9136613 3.1694822 2.8728017 3.9390864 3.5723482 4.3423921 4.6125756 4.1427877 4.5360445 5.3890689 5.0699755 5.2012937 4.3840328 4.3594739 4.3139869 5.2703343 5.9050102 
Aaur_scaffold460.g8.t1                  3.8414272 3.8322068 2.8600903 3.6965111 2.7124437 2.0088386 2.4339130 2.5776178 2.5385355 2.4647754 2.0077494 2.2008772 2.3850840 1.9768941 1.9759588 2.0667824 2.1921488 2.1421785 2.0700053 2.1729664 2.3083762 2.4319207 2.0616511 2.1623364 2.1392065 2.4077713 2.1855069 2.2971863 2.1549695 2.1106101 2.2101122 2.4419051 2.4606753 2.6384003 2.6327541 2.1853694 2.0158663 1.8452274 1.6192230 1.2153771 0.0000000 0.0139038 2.7919031 2.7837496 2.7480186 2.8914276 2.5963211 3.0215831 3.6061779 4.2461558 3.7653429 4.4296339 3.8260900 3.9949691 3.5615512 3.4748407 3.3836260 4.1548546 4.2280459 
Aaur_scaffold460.g10.t1                 3.9514809 3.8947445 2.9068734 3.7531007 2.7124437 2.0649512 2.4761600 2.6572955 2.5823633 2.5172220 2.0077494 2.2623733 2.3610385 2.0091743 2.0082728 2.1006606 2.2395664 2.1774248 2.1045018 2.2098046 2.3458372 2.3993004 2.1051473 2.1623364 2.1392065 2.3739598 2.1855069 2.3390689 2.1549695 2.1106101 2.2101122 2.4419051 2.4606753 2.7485975 2.6327541 2.2629345 2.0561487 1.8768601 1.6441196 1.2058414 0.0139038 0.0000000 2.9073383 2.8934598 2.8038199 2.8914276 2.6751824 3.0656242 3.6719664 4.2609630 3.7653429 4.4836871 3.8970528 4.0469723 3.6060947 3.5183250 3.4388350 4.2096158 4.2849166 
Cscu_XM_023377444.1                     4.8052255 6.0064164 4.7854571 5.9707765 2.5953452 3.7248096 4.6776150 4.3256704 5.1173046 3.0432007 1.4583732 1.4762192 1.7988404 4.2195407 2.7693398 3.7890987 4.6132611 2.6930744 3.8804351 4.4548348 4.6080461 4.1469820 2.9561586 2.8326077 2.9049749 3.4700617 3.6155241 3.3894158 3.1100030 1.6591033 1.9130370 2.2902995 1.8786397 2.0087298 1.9268212 2.7278846 3.7827404 3.3840764 3.6086160 2.9136613 2.7919031 2.9073383 0.0000000 0.0589777 2.9323339 3.4036322 3.4977163 3.5691599 5.7501873 5.7558865 4.8602129 6.3124681 6.2657697 6.5986820 6.2506854 6.1759080 6.1750344 5.8014025 5.6295667 
Cscu_XM_023377449.1                     3.5123777 3.2088338 3.7445709 4.0930618 2.6762089 2.9653110 2.8943437 2.6532667 3.4508723 1.8392360 1.4583732 1.6571268 1.8557918 2.3253696 2.3027890 2.6124210 2.4601215 2.3020535 2.3046248 2.4782705 2.4215129 2.4144107 2.2628996 1.9528019 2.0114507 2.4811660 2.1289435 2.3981444 1.9424994 1.6591033 1.9130370 2.2902995 1.8786397 1.8702735 1.9268212 2.1062664 3.2995410 3.0506989 4.1803183 3.1694822 2.7837496 2.8934598 0.0589777 0.0000000 1.7687066 2.6613055 3.1247765 2.5757016 3.9534816 5.1692921 4.6261286 5.3790837 6.0354038 6.5848678 5.6565593 5.5852870 5.6300044 5.4382431 6.3162370 
Tcas_TC014167_001                       5.7088008 6.5242229 5.0661536 6.6629233 3.3089334 3.4258692 4.9821166 4.3110097 4.7693497 2.7629697 1.5656916 2.0156609 1.7876040 3.5857018 2.7075102 3.2284517 3.2783205 2.2894485 3.5742675 4.2129070 4.2358612 3.6293293 3.2322164 2.5296474 2.4775442 3.6596103 2.6534472 3.3278791 2.5991106 2.4918714 2.7395886 3.1221307 3.0556173 2.9375826 2.8479954 3.4648470 3.4711475 2.9484204 2.5790957 2.8728017 2.7480186 2.8038199 2.9323339 1.7687066 0.0000000 2.9104377 4.1791985 3.7385621 5.5572313 6.2526154 4.6636959 4.6237386 5.0659818 4.5614501 4.8735953 5.0858312 4.0756081 4.0561656 4.2471642 
Hsap_ENST00000389017                    6.1730519 7.3958268 4.8290410 4.9838921 3.3438985 3.0896151 3.6193106 3.4682710 4.0931382 3.0112322 1.9407178 2.1484120 1.8512380 3.5230436 2.6048272 3.3879239 3.1519885 2.1041496 3.5023121 3.0651991 3.2878763 3.6881892 3.1416246 2.7902852 2.7633783 3.1031238 2.5509340 2.5463876 3.2701935 2.4869435 2.6528817 2.8751126 2.9407126 3.4982304 2.7346959 2.4291240 3.4233337 3.1625893 2.9187965 3.9390864 2.8914276 2.8914276 3.4036322 2.6613055 2.9104377 0.0000000 3.5883069 4.1760519 4.4064974 4.4921864 2.7407550 4.1317408 5.0653634 4.7126847 4.5709290 4.6125737 4.2917199 4.6070425 4.0120944 
Dgig_XM_028538352.1                     4.9153151 3.9027956 3.5035528 3.6820462 2.7498080 3.2095457 3.1156184 2.7936801 3.0762057 3.3696141 2.1274180 3.0256963 2.8723011 3.0919558 3.0659351 2.7682279 2.8607940 2.8335118 3.0588261 2.9337604 2.8593667 2.9044365 2.7249509 2.2826506 2.2588445 3.4121498 2.3037257 2.5311042 3.3243186 2.0135970 1.8936154 2.3204308 2.2867970 3.2874082 2.5732681 2.6026836 2.3476226 3.1746992 3.6102446 3.5723482 2.5963211 2.6751824 3.4977163 3.1247765 4.1791985 3.5883069 0.0000000 0.8867378 3.8021335 5.7779450 5.1724124 4.3417899 4.4543716 4.3168503 4.0792976 4.1156112 4.2282819 4.9959021 4.2090780 
Xesp_010160-T1                          5.9350683 4.5404760 4.2247597 4.7250343 2.8976170 3.1753849 3.0507505 2.7546633 3.4234562 3.8674385 2.5718612 3.4031777 3.1255650 3.4288548 3.2238016 3.0188823 2.9301215 2.9014319 3.3168666 3.2552651 3.2217502 3.0809115 2.4068974 2.5632628 2.5714761 3.3149159 3.1716927 2.9008379 3.6862359 2.1478628 2.0582907 2.4101829 2.4657681 2.7223943 2.4892900 2.6461297 2.9244548 3.2071576 3.8219451 4.3423921 3.0215831 3.0656242 3.5691599 2.5757016 3.7385621 4.1760519 0.8867378 0.0000000 3.8515160 5.4052596 5.2608237 4.7836474 5.2650917 5.3900733 5.4428200 5.5047535 5.4938240 5.9543735 5.7436030 
Emue_Em0001g622a.t1                     1.7790278 8.9999985 6.5138991 7.7251419 4.1463192 4.1898957 5.4609244 3.9300869 3.9588898 4.4524792 2.1108014 2.5726494 3.1092655 3.6303400 2.8717035 3.4584977 3.5731349 2.9803821 3.7310248 3.5561124 3.4361068 4.5483733 3.5156305 2.7351165 2.6747581 4.4239460 3.3141509 4.1724663 5.2549658 3.0865403 3.1622858 3.8963802 4.0469082 4.1719937 4.0527188 4.1684912 4.1652562 3.2256764 2.8798603 4.6125756 3.6061779 3.6719664 5.7501873 3.9534816 5.5572313 4.4064974 3.8021335 3.8515160 0.0000000 2.6987324 2.2866106 7.0094231 7.2661124 5.5658330 4.9245357 4.9072445 5.1338753 5.4687207 4.1592046 
Aque_Aqu2.1.34144_001                   5.1154718 5.9106370 5.7697776 5.5724530 4.0348511 3.9247163 4.8122109 4.5023595 5.4369034 4.6115265 2.5162844 3.8961247 4.0868576 3.6752497 3.5450748 3.9659778 3.7598599 3.6970436 3.6235140 3.6059070 3.9812300 4.2312462 3.9530734 3.4336155 3.3930439 4.8776101 3.6174574 3.5734545 4.2657226 2.9251115 2.8758124 3.5282618 3.2882019 4.2944681 3.3717594 4.2675177 4.7994434 4.4105707 3.9240237 4.1427877 4.2461558 4.2609630 5.7558865 5.1692921 6.2526154 4.4921864 5.7779450 5.4052596 2.6987324 0.0000000 1.4180039 6.2551499 5.8095318 4.6406527 4.5616896 4.5687902 4.6556923 4.9976457 5.2772775 
Halamb_c42726_g1_i1m.15254              3.6542920 5.4733415 4.7639196 5.2296399 3.2570332 3.1724003 3.8737569 3.3693593 3.8725770 3.3620866 2.1411331 3.0777719 3.5319138 3.1631542 2.8844046 3.1078707 2.7120195 2.7153751 3.4230498 3.0469005 3.1758328 3.7084185 3.7879578 2.4731220 2.4151447 3.6127163 3.3248928 2.3980257 3.8309946 2.6824634 2.6078172 3.1263990 3.1693178 4.2388599 3.5810886 3.3626882 4.1276207 3.5681532 3.8375038 4.5360445 3.7653429 3.7653429 4.8602129 4.6261286 4.6636959 2.7407550 5.1724124 5.2608237 2.2866106 1.4180039 0.0000000 6.5486866 5.9806395 4.3135902 4.5267761 4.5034125 3.8485599 4.5212437 4.2283465 
Vmul_SimC374420                         8.9999984 6.2390372 4.6141994 6.4898611 4.4300917 5.0034837 5.1654658 6.0569202 5.5706104 4.1889363 3.0406605 3.6416736 4.0536241 4.1363790 4.0013318 3.5328536 4.0853523 4.2779798 4.2073321 3.7397456 4.1661038 4.3942501 4.7259943 4.5775500 4.5956420 6.9237196 4.3601894 4.4472196 4.3184811 3.2774822 3.4412110 3.3188160 3.2467509 4.7894656 3.9534466 4.1625225 5.1607982 5.2322679 4.1787770 5.3890689 4.4296339 4.4836871 6.3124681 5.3790837 4.6237386 4.1317408 4.3417899 4.7836474 7.0094231 6.2551499 6.5486866 0.0000000 0.7502754 1.2514793 1.3899270 1.4051319 1.3584810 1.6681418 1.8556380 
Coemet_Cmet_C584277_01                  7.6505367 6.0596998 5.0900479 6.1626910 4.6043923 5.3016899 5.3246414 5.3903199 5.2637883 4.0991355 3.6705709 4.4956737 4.8650785 4.1756191 4.0552011 3.5912102 3.7391958 3.9589356 3.7474335 4.0223143 4.0859608 3.5930237 4.3328691 3.9211422 3.9362013 5.9349603 4.4468271 4.1909256 4.4615896 3.0296975 3.0172905 2.7411571 2.7017268 4.3522749 3.7975788 4.1570942 4.9067119 5.5764157 4.9179252 5.0699755 3.8260900 3.8970528 6.2657697 6.0354038 5.0659818 5.0653634 4.4543716 5.2650917 7.2661124 5.8095318 5.9806395 0.7502754 0.0000000 0.9954496 1.4569334 1.4086124 1.3019427 1.4866828 1.9915084 
Lampan_Lpan_C398187_01                  6.0963397 5.7235512 4.6527587 6.0038935 4.0664682 5.3058407 5.0994062 5.6212850 5.9114562 4.2649890 3.3043988 3.9018686 4.1631548 4.0525810 3.9276548 3.7666667 3.3188256 3.5784669 3.3485362 3.9469707 4.2712697 2.9528102 4.2112071 3.7080919 3.7223645 5.5108284 4.0136288 4.0761465 4.7586665 3.6151260 3.3935943 3.3227399 3.1804184 4.5618429 4.1620166 3.9619955 4.3601884 4.4356352 3.5899339 5.2012937 3.9949691 4.0469723 6.5986820 6.5848678 4.5614501 4.7126847 4.3168503 5.3900733 5.5658330 4.6406527 4.3135902 1.2514793 0.9954496 0.0000000 0.8349697 0.8639484 0.9888329 1.2347466 1.5379815 
Bolinf_Binf_sb1204602                   5.8490806 5.3373684 4.4619299 5.2517879 3.6533011 4.1999593 4.9309348 5.1599473 5.1360313 3.3061771 3.4993020 3.4205358 3.7241821 3.3233889 3.2140533 3.7040706 3.2013751 3.3762649 3.1158230 3.4133713 3.8046196 2.8490638 3.9451258 2.6658436 2.6754868 4.6184071 3.1914496 3.3158475 4.3851739 3.7005115 3.6137482 3.2270981 3.1023750 4.5658223 4.4591866 3.2779372 3.8689415 4.1365580 4.2719797 4.3840328 3.5615512 3.6060947 6.2506854 5.6565593 4.8735953 4.5709290 4.0792976 5.4428200 4.9245357 4.5616896 4.5267761 1.3899270 1.4569334 0.8349697 0.0000000 0.0150864 0.6474932 0.8574666 1.6645209 
Mertsp_Mesp_sb537730                    5.8490806 5.3431646 4.3725002 5.0952523 3.4691447 4.2274497 4.8611465 5.0855922 5.0628521 3.3330013 3.5302176 3.4437769 3.7594211 3.2453671 3.1386933 3.6125070 3.2933748 3.3401922 3.0672703 3.3607289 3.7502096 2.8050550 3.9231593 2.6472829 2.6569113 4.5998085 3.2152034 3.3562929 4.4461672 3.7788175 3.6900646 3.2815116 3.1632193 4.6482698 4.5400804 3.2430368 4.0271343 4.0990275 4.2246658 4.3594739 3.4748407 3.5183250 6.1759080 5.5852870 5.0858312 4.6125737 4.1156112 5.5047535 4.9072445 4.5687902 4.5034125 1.4051319 1.4086124 0.8639484 0.0150864 0.0000000 0.6492795 0.8735205 1.5851277 
Mlei_ML0380.g36.i1                      5.5408899 4.8261022 4.6594923 5.6326921 4.1356776 4.2782729 5.0569699 5.1321473 5.1910807 3.0714666 2.7667759 3.2391912 3.5890099 3.2580651 3.1644901 3.4773094 3.1629214 3.1872219 3.1620510 3.3441374 3.6726596 2.7185144 3.8869546 2.7987825 2.8093017 4.4061066 3.6708311 3.1600772 4.6027985 2.9418726 2.9823378 2.9415541 2.8811926 3.8683581 3.4662316 3.4942443 4.2788505 4.5655508 3.8653922 4.3139869 3.3836260 3.4388350 6.1750344 5.6300044 4.0756081 4.2917199 4.2282819 5.4938240 5.1338753 4.6556923 3.8485599 1.3584810 1.3019427 0.9888329 0.6474932 0.6492795 0.0000000 0.6037284 1.6341266 
Beraby_Baby_sb325565                    5.9176635 6.7758555 4.5961893 6.6677630 5.0354234 4.3194081 5.1941992 5.4315493 5.0635626 3.1784172 2.5350293 2.8406577 3.8923262 3.5527324 3.4462960 3.5294653 3.0956079 3.2026815 3.3022911 3.6122942 3.8609159 2.8978857 4.3870714 3.5746410 3.5883429 5.2695546 3.7213480 3.7216670 4.8139311 3.8388572 4.1800757 3.7565498 3.8276824 4.8508814 4.5160911 3.7604964 5.4499387 3.8039081 4.0803269 5.2703343 4.1548546 4.2096158 5.8014025 5.4382431 4.0561656 4.6070425 4.9959021 5.9543735 5.4687207 4.9976457 4.5212437 1.6681418 1.4866828 1.2347466 0.8574666 0.8735205 0.6037284 0.0000000 1.8755816 
Pbac_sb2658063                          7.6548723 5.8571741 3.9366152 5.5313520 3.3655644 3.9495493 5.1960415 4.7226708 4.9582900 4.8496580 3.2407069 4.0641746 4.4635465 4.0257020 3.8674576 4.0103261 4.2545233 4.3498646 3.8770307 3.9047432 4.1087050 4.0802489 4.2643324 4.3475380 4.3645588 5.3133092 4.7763249 3.6328949 4.3133339 3.4713338 3.5878625 3.8498479 3.9638555 4.3456805 4.2490192 3.9205133 5.6845166 4.1472526 3.7048435 5.9050102 4.2280459 4.2849166 5.6295667 6.3162370 4.2471642 4.0120944 4.2090780 5.7436030 4.1592046 5.2772775 4.2283465 1.8556380 1.9915084 1.5379815 1.6645209 1.5851277 1.6341266 1.8755816 0.0000000 
