69
Pbac_sb2648563                                  0.0000000 0.0193578 0.0000010 0.6210964 0.6849851 1.0604519 0.6674536 0.8813437 0.5480904 0.5480904 0.5480904 0.5480904 3.3221355 3.3221355 0.6948501 0.7484317 0.8740650 0.8740650 1.1583458 2.4040046 2.3097503 3.2802615 3.1482373 2.9649366 2.9801293 2.1268003 2.2092339 2.1481453 2.4169284 2.1325361 2.1821305 2.5416129 2.2339997 2.3214809 2.5862039 2.6549399 2.6077195 2.4553084 2.6468677 2.4295938 1.7244476 3.2183894 3.0403397 3.0192215 4.5383160 3.1487080 3.1487080 3.0966733 4.2020085 2.4728110 2.6252365 2.8719904 2.5215142 3.5968065 1.3851116 2.3470470 2.8453912 3.0732174 2.5409127 2.5358595 2.2874042 2.4182053 1.9199683 2.7738073 2.6714117 2.0566698 2.1772546 1.9550684 3.5075967 
Horcal_Hcv1.av93.c2.g246.i1                     0.0193578 0.0000000 0.0512541 0.8040141 0.6599930 1.1018211 0.8902670 0.7798399 0.7780464 0.7738874 0.6008209 0.7820073 1.3244212 1.1510853 0.6390647 0.7149827 1.0225566 0.9230074 0.9865732 2.4923434 3.0537009 3.0011580 2.9232761 2.7444891 2.8950019 2.2277954 2.6067640 2.8150090 2.9961347 2.7508391 2.7452840 2.9575393 2.7985052 2.9302311 2.9122303 3.2225284 3.2868681 2.9895948 2.9840396 2.7173107 2.6186878 2.6694262 2.6096648 2.5016011 3.2127056 2.5822312 2.7180471 3.4973737 3.0511193 2.9191787 3.0961657 2.5301531 2.9448747 3.5751227 3.3137135 2.6909270 3.0016576 3.2220883 3.3714410 3.7117658 3.1846444 3.2463723 2.9626766 3.8007379 5.0590551 3.2233214 2.7289732 3.1936897 3.1110829 
Pbac_sb2647574                                  0.0000010 0.0512541 0.0000000 1.4282570 0.6761375 1.4466515 1.4466515 1.5572450 1.1068815 1.1466149 0.9206311 1.0711811 1.1068815 1.0711811 1.1993291 1.1515008 1.9033345 1.9033345 2.0648498 0.0000010 4.3096464 4.0387805 4.7150839 3.6236828 3.7027577 7.9924423 5.9619844 4.5307552 4.5348115 4.3129235 4.2957589 3.8375028 4.3812926 4.0998238 3.7582873 4.1807562 5.5700758 5.5883764 5.2904431 3.9100251 5.7006518 3.4140945 3.1722431 2.9852484 3.3933465 2.8943276 3.9263686 3.9309274 4.5561914 4.4688096 5.2699826 1.4018142 6.7989023 3.2440301 5.4336345 3.3805795 3.8649038 5.8802087 6.1267591 5.7717589 4.7732952 5.4594151 5.0157449 5.6288404 5.3526438 4.8802536 3.8370176 5.2461736 3.8805675 
Vmul_sbMO460021                                 0.6210964 0.8040141 1.4282570 0.0000000 0.2296081 0.8320888 0.5663223 0.8741171 1.1081237 1.0600247 0.7811908 1.1063971 1.9107960 1.7059920 0.9955108 0.9000406 1.2204802 1.2258440 1.4258332 2.5444229 3.4677236 2.8611200 2.8356468 2.6069849 2.2765363 2.1154957 2.9946499 3.1670941 2.5781766 2.4014318 2.4779813 2.6385378 2.4796190 2.6249960 2.5886242 2.8537089 3.1644042 2.9900916 2.8238478 2.7785084 3.0220687 2.5191758 2.4587315 2.3597183 2.9814864 2.3895718 2.5357972 3.8179387 3.1299492 4.2085214 4.1030998 2.9492887 3.4971917 3.8752277 3.4338892 3.0500343 3.7557800 4.0974401 3.8583728 4.5360841 4.2143046 4.2041225 3.7008216 3.9208417 5.3277311 3.6205014 2.4470456 3.5640764 3.1976743 
Coemet_Cmet_scaffold6244_01                     0.6849851 0.6599930 0.6761375 0.2296081 0.0000000 0.2012376 0.0603489 0.6004534 0.6560045 0.5885087 0.5344692 0.6681290 1.5843322 1.5493874 0.6633028 0.5260916 0.6987865 0.7389339 1.0027405 2.3563168 2.4995164 2.3883843 2.3703170 2.1810906 1.9269202 2.0644499 2.0681804 2.0304274 2.0199241 1.8697680 1.8953567 1.9402572 1.9254349 1.9953141 2.1157860 2.2502377 2.3697245 2.2875656 2.1828489 1.9594556 2.1520372 2.3726067 2.2797826 2.2147925 2.7818997 2.3138628 2.4347842 3.0525051 2.5584013 2.9822988 2.8974484 2.6039501 2.5009100 2.8433092 2.4405868 2.5280877 2.8686001 3.4952057 2.6457162 3.0211743 2.4883640 2.5723868 2.0137255 3.3808272 3.3517012 2.2623035 2.0882187 1.9753991 3.2550081 
Coeast_Cast_sb787065                            1.0604519 1.1018211 1.4466515 0.8320888 0.2012376 0.0000000 0.0551051 0.9872916 1.1515754 1.0809016 0.9617227 1.3067587 2.3007777 2.6180285 1.2686930 1.0377675 1.4576422 1.4692087 1.6843500 3.5236291 3.6537902 2.4410696 2.3438205 2.2103713 2.1527216 2.3309769 2.9057272 3.7851051 2.0221522 1.9109735 1.8890154 1.9775065 2.0033888 2.0096820 2.5198506 2.6298495 3.6042019 2.5534157 2.6094951 3.0187442 3.5371054 2.4392931 2.3377108 2.2659604 3.0612247 2.3531980 2.6227701 3.8126327 2.8271262 3.9958891 3.9639691 2.7396617 3.3413640 3.5208425 3.0502682 3.0985643 3.5134298 3.5382544 4.0486115 5.2240070 4.5007627 4.3031046 4.0874612 3.6526580 4.9107070 3.1735496 2.4960406 3.5091709 3.3710760 
Coeast_Cast_sb787067                            0.6674536 0.8902670 1.4466515 0.5663223 0.0603489 0.0551051 0.0000000 0.7737103 1.1515754 1.0809016 0.9617227 1.3067587 2.3007777 2.6180285 1.0775734 0.9328026 1.1779606 1.2021236 1.4626677 2.3563168 3.1114035 2.5081229 2.5158492 2.3281991 2.0220596 2.1084156 2.4143506 2.9067026 1.9381274 1.8160817 1.8238366 1.8442570 1.8505124 1.9199466 2.2554194 2.2735818 3.1442525 2.3123393 2.3017277 2.4840843 2.8466597 2.3358077 2.2445419 2.1806652 2.7363392 2.2782509 2.4581950 3.5219538 2.5740084 3.6361139 3.4905911 2.6665693 2.9096456 3.3522304 3.0502682 3.0066445 3.3285099 3.5302580 3.3671608 4.1966841 3.6496066 3.6984177 3.2218717 3.6526580 4.9107070 2.9059921 2.2421304 3.3804982 3.2548601 
Lampan_Lpan_2491_01                             0.8813437 0.7798399 1.5572450 0.8741171 0.6004534 0.9872916 0.7737103 0.0000000 0.7523909 0.7652657 0.5889204 0.7458176 1.3053853 1.1271242 0.5941246 0.7229541 0.8157893 0.7310519 1.0238101 1.9486527 2.8683682 3.2614754 2.8417046 2.7795321 2.8249699 2.1409050 2.8945531 2.7571946 2.7180486 2.5853521 2.5669206 2.7058937 2.6046862 2.7466298 2.9186234 3.0106423 3.1505463 3.0020626 2.9002227 2.5501006 2.5099869 2.1056399 2.1161100 2.0246891 2.5316253 2.0923060 2.1859556 3.4285683 2.8760803 3.2172687 3.2260071 2.5394594 3.1011146 3.4233727 3.4764816 3.0262439 3.6150845 3.8845257 3.1852593 3.6808335 3.2956572 3.3336819 2.9569294 4.0612874 4.7299432 2.8630617 2.6607482 3.3442310 3.7558915 
Bolinf_Binf_sb1241805                           0.5480904 0.7780464 1.1068815 1.1081237 0.6560045 1.1515754 1.1515754 0.7523909 0.0000000 0.0101199 0.0119068 0.0133246 0.0414135 0.0633042 0.3312842 0.3896658 0.8382319 0.8739101 1.2564278 2.0568278 2.6671781 2.2418018 2.0319608 1.9519074 2.0835488 2.1557449 2.6338124 2.5341688 2.1161498 2.0588935 1.9540404 2.0418040 2.0693257 1.9362055 2.1469253 2.2542289 2.8794633 2.1098376 2.1817957 2.2826380 2.8447049 2.0030177 1.9640043 1.8945935 2.5379859 2.0467879 2.0902198 3.2634853 2.6655826 3.0032004 2.9290459 2.1585538 2.7445214 2.9042094 2.7900308 2.9355152 3.2403533 3.4101697 2.7449600 4.1284305 3.8868990 3.8835958 3.3280930 3.4844136 3.5623530 2.6137325 2.4449339 3.0345862 2.6596427 
Mertsp_Mesp_sb564163                            0.5480904 0.7738874 1.1466149 1.0600247 0.5885087 1.0809016 1.0809016 0.7652657 0.0101199 0.0000000 0.0179297 0.0311638 0.0696727 0.1082041 0.3615187 0.3808788 0.7973942 0.8510409 1.2731771 2.0568278 2.7234262 2.1397560 1.9292816 1.8502438 2.0008762 2.1557449 2.4372097 2.4213724 2.0900031 2.0879201 1.9380769 2.0383144 2.0951281 1.9267708 2.0825913 2.2061843 2.6957477 2.3379027 2.4219285 2.1534026 2.5346256 1.9811237 1.9423381 1.8740020 2.5078437 2.0244716 2.0879796 2.9762571 2.7472253 2.7599600 2.6405242 2.1501693 2.7593430 2.7588975 2.5912520 2.8244238 2.9272924 3.4101697 2.7487747 4.0060325 3.6391747 3.6345818 3.1016954 3.3746721 3.4225350 2.3668455 2.4680351 2.7197272 2.6596427 
Bolinf_Binf_sb1241807                           0.5480904 0.6008209 0.9206311 0.7811908 0.5344692 0.9617227 0.9617227 0.5889204 0.0119068 0.0179297 0.0000000 0.0119068 0.0929584 0.0929584 0.3647348 0.3599514 0.8865733 0.8865733 1.2764344 2.0568278 2.6581929 2.1629316 1.9499556 1.8697727 2.0219271 2.1557449 2.4135023 2.2801871 1.9453549 1.8306175 1.7380976 1.8089370 1.8980031 1.8437519 1.8664652 1.9516101 2.5076944 2.1574498 2.2318034 1.9960927 2.1327407 2.0030177 1.9640043 1.8945935 2.5379859 2.0467879 2.0902198 2.8795167 2.6924734 2.5722640 2.4761841 2.1501693 2.6290498 2.5129042 2.3801238 2.5932159 2.7976953 3.2668512 2.5153380 3.7457417 3.0630174 3.4042930 2.5790361 3.4536549 3.4049523 2.2162897 2.4449339 2.3055203 2.6596427 
Bolinf_Binf_sb1241804                           0.5480904 0.7820073 1.0711811 1.1063971 0.6681290 1.3067587 1.3067587 0.7458176 0.0133246 0.0311638 0.0119068 0.0000000 0.0633042 0.0311902 0.3482627 0.3896658 0.7083441 0.8256553 1.1036709 2.0568278 2.6750366 2.2786192 2.1720898 2.0914315 2.1385055 2.1557449 2.7767552 2.4746646 2.3233578 2.2677905 2.1054317 2.2576059 2.2264948 2.1506758 2.2817633 2.3663760 2.7546429 2.1603819 2.2884778 2.3286973 2.7440491 2.0030177 1.9640043 1.8945935 2.5379859 2.0467879 2.0902198 3.1394371 2.6655826 2.8448965 2.8770326 2.1585538 2.9144986 3.0156171 2.8685412 2.9000873 3.0989526 3.4101697 2.7324861 3.8988308 3.7832499 3.6442175 3.3109115 3.5878080 3.8841324 2.5907150 2.3627204 2.9668939 2.6596427 
Bolinf_Binf_sb1241803                           3.3221355 1.3244212 1.1068815 1.9107960 1.5843322 2.3007777 2.3007777 1.3053853 0.0414135 0.0696727 0.0929584 0.0633042 0.0000000 0.0189133 0.5208675 0.7705446 1.4868579 1.5512348 2.2624950 5.6319098 3.8722733 5.0820407 5.4764452 4.5567832 3.9343832 6.7215986 7.8216256 3.8845783 3.9177209 4.1634770 4.0435590 3.6576545 3.8393641 3.4691967 3.4278934 4.2739280 4.4155132 4.1297742 4.0189674 3.8547166 6.4060491 4.4030655 4.4525530 3.7229059 4.1852096 3.9950762 4.6438709 5.2007682 3.6167632 6.7408129 6.7308068 3.6154704 5.8505545 5.7370616 4.9325002 4.9768430 5.9396920 7.2076956 3.9609985 5.9839847 6.8225911 6.5256986 6.0182188 5.7844844 5.4908877 4.0313812 5.2367346 6.2642519 4.0380614 
Bolinf_Binf_sb1241802                           3.3221355 1.1510853 1.0711811 1.7059920 1.5493874 2.6180285 2.6180285 1.1271242 0.0633042 0.1082041 0.0929584 0.0311902 0.0189133 0.0000000 0.5050098 0.7705446 1.0884897 1.2823803 1.6529218 5.6319098 3.5872122 4.5025757 5.5130513 4.7044021 3.7130889 6.7215986 7.4025776 3.3870952 4.0954605 4.2862541 3.9995427 3.7991682 3.8709348 3.7164132 3.4601731 3.9974311 3.7429943 3.4856226 3.7204405 3.6427039 4.8368623 4.4030655 4.4525530 3.7229059 4.1852096 3.9950762 4.6438709 4.2497539 3.6167632 4.6363989 5.1795072 3.6154704 5.9796282 4.9893883 4.4055246 4.2077606 4.6524478 7.2076956 3.5644232 5.0208524 5.7048481 5.1904862 5.3036660 5.6215738 5.4508281 3.5406042 4.5575507 4.9873303 4.0380614 
Mlei_ML0332.g6.i1                               0.6948501 0.6390647 1.1993291 0.9955108 0.6633028 1.2686930 1.0775734 0.5941246 0.3312842 0.3615187 0.3647348 0.3482627 0.5208675 0.5050098 0.0000000 0.0395860 0.7478382 0.6901921 1.1517705 1.9553042 3.3113860 2.6878422 2.7487919 2.6939099 3.0262048 2.5962127 2.9797416 2.8398781 2.8287688 2.7703752 2.7045556 2.8882592 2.7797251 2.7048895 2.8558993 2.9288362 3.2336314 2.9030351 2.7328429 2.6309899 2.8299339 2.8775289 2.8360344 2.6397990 3.3765732 2.7040547 2.9116581 3.4785960 2.8223559 3.2411906 3.2130086 2.5175822 2.9919988 3.3256114 3.0140465 2.9678709 3.3309233 3.8376362 2.8626396 4.2244691 3.9304133 3.6566253 3.3822717 3.8393505 3.9568280 3.2620497 2.7080107 3.7098708 3.4242110 
Vmul_sbMO493566                                 0.7484317 0.7149827 1.1515008 0.9000406 0.5260916 1.0377675 0.9328026 0.7229541 0.3896658 0.3808788 0.3599514 0.3896658 0.7705446 0.7705446 0.0395860 0.0000000 0.9559192 0.9559192 1.3909222 2.3683307 3.1963484 2.0793023 2.1698917 2.1058994 2.5488187 2.4196082 2.6548699 2.6170164 2.4324195 2.3007186 2.1941134 2.3901009 2.4201288 2.3474329 2.4709531 2.3577819 2.9249063 2.7115768 2.6033826 2.4246876 2.1660088 2.4688847 2.4594723 2.2782246 3.0278768 2.3636331 2.5904571 3.0243377 2.8733718 2.8326931 2.7107447 2.3710818 2.8143544 2.6615817 2.3670964 2.5959143 3.2300125 3.4721941 2.8967154 4.2687307 3.6089492 3.6144567 2.8855551 3.8385935 3.4202439 2.5907101 2.7272248 2.6818081 2.8114835 
Beraby_Baby_sb343695                            0.8740650 1.0225566 1.9033345 1.2204802 0.6987865 1.4576422 1.1779606 0.8157893 0.8382319 0.7973942 0.8865733 0.7083441 1.4868579 1.0884897 0.7478382 0.9559192 0.0000000 0.0124921 1.3472510 1.8695762 3.0504175 2.8506434 2.8034879 2.5991581 2.3953306 2.3072887 2.4573499 2.5609807 2.4554703 2.3749497 2.3767865 2.5039817 2.3978475 2.3757765 2.4286553 2.5962557 3.2842096 2.4590800 2.5041059 3.0080749 2.5292771 3.0227507 3.0116045 2.6579778 3.5975111 2.7179838 2.7849996 3.6051232 2.6953532 3.5141280 3.2648000 2.8462693 3.1038921 3.7647887 3.3446190 3.0793704 3.0534187 3.6447863 2.9011252 3.6913427 3.4169573 3.4788709 3.4034372 3.5914912 4.0149078 2.8361349 2.3362580 3.5483202 3.6151488 
Beraby_Baby_sb343696                            0.8740650 0.9230074 1.9033345 1.2258440 0.7389339 1.4692087 1.2021236 0.7310519 0.8739101 0.8510409 0.8865733 0.8256553 1.5512348 1.2823803 0.6901921 0.9559192 0.0124921 0.0000000 1.2410755 1.8695762 3.2030361 2.9664364 2.8587111 2.6892819 2.5023274 2.3072887 2.5895935 2.7708194 2.6091060 2.5362618 2.5454393 2.6957178 2.5531813 2.5652637 2.5545269 2.8417976 3.3013365 2.6844912 2.5460969 3.0247715 2.7337895 3.0227507 3.0116045 2.6579778 3.5975111 2.7179838 2.7849996 3.7082930 2.6953532 3.5528942 3.2648000 2.8462693 3.1038921 3.8041897 3.4962528 3.1082923 3.0834432 3.6447863 3.0296775 3.8504718 3.4588833 3.5499042 3.4813567 3.5443443 4.3085192 3.0781752 2.6089920 3.7884796 3.6151488 
Eupdun_Edun_sb10674203                          1.1583458 0.9865732 2.0648498 1.4258332 1.0027405 1.6843500 1.4626677 1.0238101 1.2564278 1.2731771 1.2764344 1.1036709 2.2624950 1.6529218 1.1517705 1.3909222 1.3472510 1.2410755 0.0000000 2.3412493 2.6911299 2.5039857 2.8633045 2.6961689 2.6597722 2.9723239 3.2695975 3.0897169 2.7871529 2.8952263 2.6532798 2.8033238 2.7118863 2.7092666 2.5724980 2.9389574 2.6645568 2.4690212 2.4495586 2.7283677 2.5077907 2.6285076 2.4741381 2.3096042 3.1246127 2.5617985 2.6329800 3.9255556 3.0630254 3.8933699 3.8433195 2.7962089 3.7878312 3.8696786 3.3306570 3.2090360 3.2746183 3.9651408 2.7856975 3.9373275 3.2419496 3.3858643 2.9320982 3.5789358 3.4634032 2.5713439 2.2829586 2.8035364 2.9893034 
Lcom_lcpid189183                                2.4040046 2.4923434 0.0000010 2.5444229 2.3563168 3.5236291 2.3563168 1.9486527 2.0568278 2.0568278 2.0568278 2.0568278 5.6319098 5.6319098 1.9553042 2.3683307 1.8695762 1.8695762 2.3412493 0.0000000 1.9201255 2.3728505 2.3991481 2.3566763 2.8779340 2.0887612 1.9975463 2.0347827 2.1417070 2.2672654 2.0243821 2.0569524 2.1575290 1.9387088 2.5979343 2.4844042 2.8734839 2.3449337 2.3395891 2.2048396 2.6577706 3.4368162 3.5282718 2.9034925 5.3482875 3.3189047 3.3189047 4.1466603 3.6397502 3.6440811 3.4345295 3.7684208 3.6967844 4.5021258 2.3098149 3.2518782 3.4684592 4.6227031 2.2193370 3.0445537 2.7665178 2.5577712 2.7794198 2.6004215 2.8545998 2.4373900 3.3112584 1.3385547 4.3652283 
Bralan_BLAG12000154_1                           2.3097503 3.0537009 4.3096464 3.4677236 2.4995164 3.6537902 3.1114035 2.8683682 2.6671781 2.7234262 2.6581929 2.6750366 3.8722733 3.5872122 3.3113860 3.1963484 3.0504175 3.2030361 2.6911299 1.9201255 0.0000000 1.5566131 1.7157273 1.7150938 1.9673807 1.9662382 2.1896672 2.4252203 2.0435443 2.0386722 1.9432201 1.9308479 1.9514446 2.1039866 2.1634491 2.1843667 2.5081894 2.1840366 2.0529407 2.1105936 2.6466710 2.1536058 2.2560171 2.1496181 2.5382440 2.2691371 2.4070183 3.4474965 3.3774731 3.7709225 3.8656963 3.1693642 3.4618600 3.2956237 2.9374052 3.6577361 3.8164656 3.2458938 3.0140941 3.3926133 2.9514617 2.8421128 2.7727643 3.3463379 3.5411101 2.6189710 2.1801396 2.5979546 3.3382741 
Sanmal_Sma_005839-T1                            3.2802615 3.0011580 4.0387805 2.8611200 2.3883843 2.4410696 2.5081229 3.2614754 2.2418018 2.1397560 2.1629316 2.2786192 5.0820407 4.5025757 2.6878422 2.0793023 2.8506434 2.9664364 2.5039857 2.3728505 1.5566131 0.0000000 0.4305860 0.4017711 1.1506683 1.7863717 1.8550484 2.0132226 1.8731217 1.8771577 1.8926844 1.9216869 1.6396392 1.6815106 1.6691308 1.5280346 1.8745608 2.0659203 2.0662793 2.2827809 2.1210225 2.4912721 2.3719924 2.5269033 2.9397289 2.4728029 2.7484081 3.2335844 3.2881910 3.7747398 3.6495408 2.8917514 3.3237855 3.1199591 2.9336049 3.0617029 3.2423117 3.2483663 2.5809080 2.6067834 2.2069098 2.2530235 2.3895621 2.7318168 3.0837388 2.0702754 2.2633031 1.5879783 4.0282037 
Nemnom_g2060.t1                                 3.1482373 2.9232761 4.7150839 2.8356468 2.3703170 2.3438205 2.5158492 2.8417046 2.0319608 1.9292816 1.9499556 2.1720898 5.4764452 5.5130513 2.7487919 2.1698917 2.8034879 2.8587111 2.8633045 2.3991481 1.7157273 0.4305860 0.0000000 0.1141986 1.2373573 1.7211410 1.8704029 2.0060766 1.7613385 1.6851561 1.7716720 1.8254030 1.5963367 1.6095533 1.6407799 1.6089119 1.9628408 2.3817394 2.2791698 2.3234154 1.9800132 2.5604819 2.6080709 2.5845233 3.0480958 2.5514655 2.7769138 3.6290094 2.7069217 3.5620884 3.4337730 2.9465995 3.0403163 2.9012388 2.9557556 3.0150086 3.0488353 3.0970860 2.4437994 2.6663895 2.1938696 2.3274416 2.2620272 2.7185468 2.9878584 2.1805408 2.5387187 1.6311686 3.8335198 
Rhoesc_Res_005017-T1                            2.9649366 2.7444891 3.6236828 2.6069849 2.1810906 2.2103713 2.3281991 2.7795321 1.9519074 1.8502438 1.8697727 2.0914315 4.5567832 4.7044021 2.6939099 2.1058994 2.5991581 2.6892819 2.6961689 2.3566763 1.7150938 0.4017711 0.1141986 0.0000000 1.2061187 1.5815657 1.7466858 1.8808908 1.6763637 1.6109849 1.6945486 1.7455922 1.5559661 1.5585976 1.5461857 1.5445377 1.8840131 2.4212854 2.2751446 2.3621133 1.9638710 2.4057539 2.4814903 2.4408545 2.8463189 2.4730527 2.7164301 3.7406998 2.9108644 3.5395847 3.4130333 3.1181109 3.0906220 2.9186347 2.9170257 3.1203435 3.0540062 3.2826664 2.3361772 2.7095526 2.1999539 2.2925839 2.2418795 2.5525991 2.8132006 2.1465055 2.5235780 1.6184922 3.6383429 
Morvir_scaffold112.g17.t1                       2.9801293 2.8950019 3.7027577 2.2765363 1.9269202 2.1527216 2.0220596 2.8249699 2.0835488 2.0008762 2.0219271 2.1385055 3.9343832 3.7130889 3.0262048 2.5488187 2.3953306 2.5023274 2.6597722 2.8779340 1.9673807 1.1506683 1.2373573 1.2061187 0.0000000 1.5373313 1.9541175 2.2447529 1.7826265 1.7974864 1.8645896 1.8783750 1.7395632 1.7158169 1.8453841 1.7738973 1.9786976 2.1547434 2.2682357 2.3622091 1.9228169 2.6158210 2.6294532 2.5793171 3.1171762 2.6072678 2.7781713 3.6633197 3.7010824 3.7560303 3.8122522 3.1598209 3.2786832 2.9540465 2.8101771 2.8528803 2.7957445 3.4953978 2.5663239 2.4200476 2.3758795 2.4550245 2.3417944 2.6111206 2.9192398 2.1644261 2.5335886 1.5198526 4.1876075 
Hvul_g1682_1                                    2.1268003 2.2277954 7.9924423 2.1154957 2.0644499 2.3309769 2.1084156 2.1409050 2.1557449 2.1557449 2.1557449 2.1557449 6.7215986 6.7215986 2.5962127 2.4196082 2.3072887 2.3072887 2.9723239 2.0887612 1.9662382 1.7863717 1.7211410 1.5815657 1.5373313 0.0000000 0.9423441 1.8807864 1.8329949 1.8246680 1.7914668 1.7377037 1.7218452 1.8294004 1.9755606 1.8880915 2.1959706 2.6520585 2.5278358 1.9448887 2.0598553 2.3946758 2.3634590 2.6311337 3.1367683 2.3855143 2.3855143 3.2785906 3.6178711 3.4547786 3.2345158 3.6289713 3.1448797 3.2265728 2.4464031 2.7588575 2.7365085 3.7762986 2.5605739 2.4409438 2.2846079 2.1459893 2.1979581 2.3784612 2.7106471 1.7531030 2.6127250 1.5294906 4.2884369 
Chem_TCONS_00070833                             2.2092339 2.6067640 5.9619844 2.9946499 2.0681804 2.9057272 2.4143506 2.8945531 2.6338124 2.4372097 2.4135023 2.7767552 7.8216256 7.4025776 2.9797416 2.6548699 2.4573499 2.5895935 3.2695975 1.9975463 2.1896672 1.8550484 1.8704029 1.7466858 1.9541175 0.9423441 0.0000000 1.9810434 1.8617801 1.8612890 1.7507869 1.8070412 1.7281570 1.7441053 2.2936859 2.2086671 2.2432287 2.2293672 2.2355243 2.1118324 2.3099411 2.2537042 2.2005608 2.1538615 2.6354378 2.0478014 2.1173521 3.3207351 3.9593785 3.4989768 3.4065587 3.3202827 3.3191612 3.5174198 4.0263364 2.7599422 3.0190312 3.4017814 2.9739748 2.9679049 2.4170608 2.3578327 2.5311193 3.6447904 3.7922611 2.4690522 2.8212251 2.0938822 3.3188410 
Spur_XM_003724761.3                             2.1481453 2.8150090 4.5307552 3.1670941 2.0304274 3.7851051 2.9067026 2.7571946 2.5341688 2.4213724 2.2801871 2.4746646 3.8845783 3.3870952 2.8398781 2.6170164 2.5609807 2.7708194 3.0897169 2.0347827 2.4252203 2.0132226 2.0060766 1.8808908 2.2447529 1.8807864 1.9810434 0.0000000 1.8788257 1.9276924 1.9611881 2.0493587 1.9432688 2.0190843 2.0112346 2.3103940 2.4356716 2.1704374 2.1695708 2.0119872 2.6803863 2.2547796 2.3522127 2.2189192 2.6939870 2.1730391 2.3373540 3.5381583 3.2512237 3.5392870 3.5737462 3.1054422 3.2504917 3.2781485 3.3504577 3.2606382 3.5323107 3.4056380 3.1068837 3.5331077 3.3321769 3.0749853 3.1726447 3.6539516 4.6506099 2.5149293 2.3906118 2.1776968 3.0559655 
Fspp_ffun1.m4.21976.m1                          2.4169284 2.9961347 4.5348115 2.5781766 2.0199241 2.0221522 1.9381274 2.7180486 2.1161498 2.0900031 1.9453549 2.3233578 3.9177209 4.0954605 2.8287688 2.4324195 2.4554703 2.6091060 2.7871529 2.1417070 2.0435443 1.8731217 1.7613385 1.6763637 1.7826265 1.8329949 1.8617801 1.8788257 0.0000000 0.1403130 0.1455490 0.1690668 0.2030654 0.1761109 0.6878856 0.6168165 1.8092233 1.7419113 1.7443281 1.8960123 2.2505151 2.0445758 1.9187963 1.9635132 2.3434839 1.9293891 2.0681175 3.7236397 3.2534000 4.0204350 3.9116731 3.4004392 3.1658132 3.2526510 3.1294533 3.6395370 4.0411745 3.2671610 2.6469885 2.5835667 2.7952975 2.2479403 2.3239121 2.4615170 3.0151288 2.0715927 1.9526937 1.6421697 3.3117993 
Gasp_gasp1.m3.10587.m1                          2.1325361 2.7508391 4.3129235 2.4014318 1.8697680 1.9109735 1.8160817 2.5853521 2.0588935 2.0879201 1.8306175 2.2677905 4.1634770 4.2862541 2.7703752 2.3007186 2.3749497 2.5362618 2.8952263 2.2672654 2.0386722 1.8771577 1.6851561 1.6109849 1.7974864 1.8246680 1.8612890 1.9276924 0.1403130 0.0000000 0.1603244 0.1930463 0.2176542 0.2165389 0.7325130 0.6406131 1.8265373 1.7460662 1.7265755 1.9634369 2.1791414 2.0655553 1.9547187 2.0261057 2.3982482 1.9456962 2.0757312 3.4234971 3.0204113 3.7232146 3.6320872 3.0434183 2.9434235 3.1728978 2.6463866 3.3848798 4.0608683 3.2226018 2.5630014 2.5977607 2.7100877 2.2501140 2.2658750 2.5619908 3.1290922 2.1015832 1.9733981 1.7022510 3.1773493 
Spis_XP_022782535_1                             2.1821305 2.7452840 4.2957589 2.4779813 1.8953567 1.8890154 1.8238366 2.5669206 1.9540404 1.9380769 1.7380976 2.1054317 4.0435590 3.9995427 2.7045556 2.1941134 2.3767865 2.5454393 2.6532798 2.0243821 1.9432201 1.8926844 1.7716720 1.6945486 1.8645896 1.7914668 1.7507869 1.9611881 0.1455490 0.1603244 0.0000000 0.0463291 0.2216252 0.2115384 0.6769432 0.6407316 1.8881395 1.8087949 1.7250304 1.8657349 2.2714445 2.0077184 1.8717569 1.9658834 2.3528615 2.0036323 2.1479806 3.4449922 3.1251633 3.9881791 3.8543157 3.5353926 2.9276153 3.3766689 2.7842993 3.5014023 3.9262944 3.2025195 2.5683464 2.5245460 2.5891521 2.2854161 2.2604329 2.4681869 3.0117341 2.1370768 1.8734338 1.6807898 3.2130375 
Pocdam_XM_027192617.1                           2.5416129 2.9575393 3.8375028 2.6385378 1.9402572 1.9775065 1.8442570 2.7058937 2.0418040 2.0383144 1.8089370 2.2576059 3.6576545 3.7991682 2.8882592 2.3901009 2.5039817 2.6957178 2.8033238 2.0569524 1.9308479 1.9216869 1.8254030 1.7455922 1.8783750 1.7377037 1.8070412 2.0493587 0.1690668 0.1930463 0.0463291 0.0000000 0.2436343 0.2236135 0.6941358 0.6961230 1.8184164 2.0035837 1.9165052 1.8786894 2.4691351 2.1748767 2.0062474 2.1490271 2.0347736 2.1268475 2.3095724 3.5716662 3.1213325 4.3729939 4.2775594 3.9106122 3.2403383 3.7650452 3.3172825 3.8026505 4.1807826 3.4755144 2.7369020 2.6136840 2.7876030 2.4338374 2.3224797 2.7020547 3.6416820 2.3228525 1.8203514 1.6434219 3.1797507 
Amil_Amillepora08559-RA                         2.2339997 2.7985052 4.3812926 2.4796190 1.9254349 2.0033888 1.8505124 2.6046862 2.0693257 2.0951281 1.8980031 2.2264948 3.8393641 3.8709348 2.7797251 2.4201288 2.3978475 2.5531813 2.7118863 2.1575290 1.9514446 1.6396392 1.5963367 1.5559661 1.7395632 1.7218452 1.7281570 1.9432688 0.2030654 0.2176542 0.2216252 0.2436343 0.0000000 0.1720911 0.7019860 0.6309750 1.7509434 1.7212229 1.6676335 1.8228167 2.1291696 1.9690096 1.8849210 1.9205457 2.2902082 1.8534187 2.0035030 3.6331029 3.2394473 3.8416336 3.7497661 3.4941529 3.0688390 3.3397184 2.8788370 3.4088829 3.9110066 3.3225248 2.5793032 2.4963024 2.3682549 2.0877322 2.1004374 2.3267352 2.8894707 2.0466090 2.0138219 1.6339215 3.2389510 
Gfas_gfas1.m1.15571.m1                          2.3214809 2.9302311 4.0998238 2.6249960 1.9953141 2.0096820 1.9199466 2.7466298 1.9362055 1.9267708 1.8437519 2.1506758 3.4691967 3.7164132 2.7048895 2.3474329 2.3757765 2.5652637 2.7092666 1.9387088 2.1039866 1.6815106 1.6095533 1.5585976 1.7158169 1.8294004 1.7441053 2.0190843 0.1761109 0.2165389 0.2115384 0.2236135 0.1720911 0.0000000 0.7337022 0.6962470 1.8249305 1.6340760 1.5887075 1.9071962 2.2933070 1.9210902 1.8631236 1.8922553 2.2808080 1.8554136 1.9795793 3.6644978 3.2184438 4.0604933 4.0179313 3.4262153 3.1980039 3.4773526 3.2191869 3.7845790 4.0714188 3.3960320 2.6258338 2.6060131 2.6155536 2.1716698 2.2602138 2.4315882 2.9035273 2.1847219 2.0625043 1.6329208 3.2932820 
Nvec_v1g241923                                  2.5862039 2.9122303 3.7582873 2.5886242 2.1157860 2.5198506 2.2554194 2.9186234 2.1469253 2.0825913 1.8664652 2.2817633 3.4278934 3.4601731 2.8558993 2.4709531 2.4286553 2.5545269 2.5724980 2.5979343 2.1634491 1.6691308 1.6407799 1.5461857 1.8453841 1.9755606 2.2936859 2.0112346 0.6878856 0.7325130 0.6769432 0.6941358 0.7019860 0.7337022 0.0000000 0.4541020 2.1328082 2.1376828 1.9115093 2.0916578 2.3585869 2.1119317 1.9979747 1.9512450 2.3629505 2.0994782 2.1931677 3.7462034 3.0269125 3.9018543 3.9738176 3.0449801 3.3850275 3.4185773 3.0475004 3.4212242 4.5223433 3.4979197 2.7560378 3.0093529 2.6698804 2.4712062 2.2957730 2.2439329 3.2753479 2.3507669 2.1109685 1.7907575 3.1232135 
Exapal_XM_021036481.1                           2.6549399 3.2225284 4.1807562 2.8537089 2.2502377 2.6298495 2.2735818 3.0106423 2.2542289 2.2061843 1.9516101 2.3663760 4.2739280 3.9974311 2.9288362 2.3577819 2.5962557 2.8417976 2.9389574 2.4844042 2.1843667 1.5280346 1.6089119 1.5445377 1.7738973 1.8880915 2.2086671 2.3103940 0.6168165 0.6406131 0.6407316 0.6961230 0.6309750 0.6962470 0.4541020 0.0000000 2.0374533 1.9819406 1.8306508 2.0989252 2.4339884 1.8851265 1.8633343 1.9157437 2.1699882 1.7784610 1.9230235 3.9332808 3.2598279 3.5618994 3.7894790 2.9412121 3.1867357 3.2353558 2.7651189 3.8435031 4.2249568 3.4292042 2.5894046 2.8211327 2.5322417 2.4146534 2.2559537 2.1646775 2.8945719 2.3783458 2.0167228 1.9747581 3.1963738 
Acagra_model.g6370.t1_model.g6371.t1.1.5d40090a 2.6077195 3.2868681 5.5700758 3.1644042 2.3697245 3.6042019 3.1442525 3.1505463 2.8794633 2.6957477 2.5076944 2.7546429 4.4155132 3.7429943 3.2336314 2.9249063 3.2842096 3.3013365 2.6645568 2.8734839 2.5081894 1.8745608 1.9628408 1.8840131 1.9786976 2.1959706 2.2432287 2.4356716 1.8092233 1.8265373 1.8881395 1.8184164 1.7509434 1.8249305 2.1328082 2.0374533 0.0000000 2.5781832 2.5666686 1.9481393 2.4657667 2.2363231 2.2314979 2.2544560 2.6659973 2.1524821 2.3152997 3.4121241 3.5444110 3.6969859 3.6519299 2.5558472 3.3714398 3.5381702 4.0375353 3.4978090 3.8710154 2.7214837 2.8242131 3.2204504 3.1906588 3.0607282 3.0589794 3.1650285 4.0371096 2.2978222 2.3074940 2.8254658 3.3403532 
Dgig_XM_028539141.1                             2.4553084 2.9895948 5.5883764 2.9900916 2.2875656 2.5534157 2.3123393 3.0020626 2.1098376 2.3379027 2.1574498 2.1603819 4.1297742 3.4856226 2.9030351 2.7115768 2.4590800 2.6844912 2.4690212 2.3449337 2.1840366 2.0659203 2.3817394 2.4212854 2.1547434 2.6520585 2.2293672 2.1704374 1.7419113 1.7460662 1.8087949 2.0035837 1.7212229 1.6340760 2.1376828 1.9819406 2.5781832 0.0000000 0.2889925 2.3421426 2.0149346 2.3085058 2.1973270 2.1486542 2.7975591 2.2633558 2.2656060 3.2433565 3.3282622 3.3153920 3.3399477 2.9611898 2.8987433 3.1261124 3.0637113 3.4932540 3.3415475 3.0370650 2.8741900 3.2031133 3.1884912 2.8131090 2.7930989 3.1892318 3.6575582 2.3037052 2.7081234 1.7718472 3.6629958 
Xesp_009527-T1                                  2.6468677 2.9840396 5.2904431 2.8238478 2.1828489 2.6094951 2.3017277 2.9002227 2.1817957 2.4219285 2.2318034 2.2884778 4.0189674 3.7204405 2.7328429 2.6033826 2.5041059 2.5460969 2.4495586 2.3395891 2.0529407 2.0662793 2.2791698 2.2751446 2.2682357 2.5278358 2.2355243 2.1695708 1.7443281 1.7265755 1.7250304 1.9165052 1.6676335 1.5887075 1.9115093 1.8306508 2.5666686 0.2889925 0.0000000 2.4954373 2.0888654 2.3870505 2.3503627 2.2823819 2.8774640 2.2949747 2.3068251 3.2688903 3.2061097 3.3565810 3.3844273 2.7781053 2.9810752 3.1046319 3.2190575 3.3531997 3.5166822 3.0649038 2.4603086 3.1492624 3.0090930 2.7642511 2.7276738 3.1320697 3.2924679 2.4945616 2.8541860 1.7154278 3.7497392 
Ctel_gnl_WGS_AMQN_CAPTEDRAFT_mRNA218874         2.4295938 2.7173107 3.9100251 2.7785084 1.9594556 3.0187442 2.4840843 2.5501006 2.2826380 2.1534026 1.9960927 2.3286973 3.8547166 3.6427039 2.6309899 2.4246876 3.0080749 3.0247715 2.7283677 2.2048396 2.1105936 2.2827809 2.3234154 2.3621133 2.3622091 1.9448887 2.1118324 2.0119872 1.8960123 1.9634369 1.8657349 1.8786894 1.8228167 1.9071962 2.0916578 2.0989252 1.9481393 2.3421426 2.4954373 0.0000000 2.0014281 2.0043998 1.9222157 1.9420964 2.1962580 1.9391509 2.0356785 3.7115662 3.4085366 3.8768123 3.9760314 4.2232371 3.6345577 3.5612216 3.3542830 3.3310127 3.3895109 3.4447318 2.2779818 3.1308869 2.5432564 2.6835221 2.5886789 2.6049525 3.0007304 1.9296834 2.0382618 2.0037159 2.7661457 
Cscu_XM_023369620.1                             1.7244476 2.6186878 5.7006518 3.0220687 2.1520372 3.5371054 2.8466597 2.5099869 2.8447049 2.5346256 2.1327407 2.7440491 6.4060491 4.8368623 2.8299339 2.1660088 2.5292771 2.7337895 2.5077907 2.6577706 2.6466710 2.1210225 1.9800132 1.9638710 1.9228169 2.0598553 2.3099411 2.6803863 2.2505151 2.1791414 2.2714445 2.4691351 2.1291696 2.2933070 2.3585869 2.4339884 2.4657667 2.0149346 2.0888654 2.0014281 0.0000000 2.1394188 1.9631342 2.0612314 2.4367645 2.2243065 2.3880214 3.3196513 3.1292083 3.1544112 3.4798367 2.3796049 3.0095188 3.0612389 3.1809443 2.8742353 3.3041290 3.1887195 1.9527631 2.9279270 2.6606068 2.8268424 2.6113230 3.9792553 4.2189664 2.0022382 2.5782744 2.2028204 3.4249339 
HoiH23_PlH23_009587-RA                          3.2183894 2.6694262 3.4140945 2.5191758 2.3726067 2.4392931 2.3358077 2.1056399 2.0030177 1.9811237 2.0030177 2.0030177 4.4030655 4.4030655 2.8775289 2.4688847 3.0227507 3.0227507 2.6285076 3.4368162 2.1536058 2.4912721 2.5604819 2.4057539 2.6158210 2.3946758 2.2537042 2.2547796 2.0445758 2.0655553 2.0077184 2.1748767 1.9690096 1.9210902 2.1119317 1.8851265 2.2363231 2.3085058 2.3870505 2.0043998 2.1394188 0.0000000 0.1115419 0.1381325 0.1357903 0.2331755 0.2563563 3.4806142 3.3686861 3.4441517 3.5150095 3.0200997 3.6317562 3.2056434 2.7365221 3.4883233 4.0897323 3.8421872 2.4993779 2.8311387 2.8529143 2.6178115 2.7317619 2.5046289 2.7159695 2.0517143 2.7339096 1.6901213 3.3075237 
Hhon_g07014.t1                                  3.0403397 2.6096648 3.1722431 2.4587315 2.2797826 2.3377108 2.2445419 2.1161100 1.9640043 1.9423381 1.9640043 1.9640043 4.4525530 4.4525530 2.8360344 2.4594723 3.0116045 3.0116045 2.4741381 3.5282718 2.2560171 2.3719924 2.6080709 2.4814903 2.6294532 2.3634590 2.2005608 2.3522127 1.9187963 1.9547187 1.8717569 2.0062474 1.8849210 1.8631236 1.9979747 1.8633343 2.2314979 2.1973270 2.3503627 1.9222157 1.9631342 0.1115419 0.0000000 0.1401222 0.2282510 0.2701497 0.3005633 3.5894383 3.5134329 3.6045024 3.5883046 3.2603943 3.5320700 3.2073036 2.5839326 3.5787848 4.0979829 3.6279149 2.5199613 2.8032353 2.7220668 2.4440110 2.6179070 2.4095438 2.6526630 1.9960378 2.4715548 1.7023040 3.5689735 
HoiH11_mRNA7139                                 3.0192215 2.5016011 2.9852484 2.3597183 2.2147925 2.2659604 2.1806652 2.0246891 1.8945935 1.8740020 1.8945935 1.8945935 3.7229059 3.7229059 2.6397990 2.2782246 2.6579778 2.6579778 2.3096042 2.9034925 2.1496181 2.5269033 2.5845233 2.4408545 2.5793171 2.6311337 2.1538615 2.2189192 1.9635132 2.0261057 1.9658834 2.1490271 1.9205457 1.8922553 1.9512450 1.9157437 2.2544560 2.1486542 2.2823819 1.9420964 2.0612314 0.1381325 0.1401222 0.0000000 0.2584069 0.2200804 0.2473297 3.6850809 3.5994904 3.8172172 3.7683981 3.3133177 3.7523444 3.0752766 2.4343931 3.6004397 4.1361839 4.0285602 2.7120612 2.7462936 2.8841149 2.6619676 2.7400585 2.5469200 2.9673352 1.9796521 2.5517435 1.6234539 3.4140646 
HoiH06_mRNA1999                                 4.5383160 3.2127056 3.3933465 2.9814864 2.7818997 3.0612247 2.7363392 2.5316253 2.5379859 2.5078437 2.5379859 2.5379859 4.1852096 4.1852096 3.3765732 3.0278768 3.5975111 3.5975111 3.1246127 5.3482875 2.5382440 2.9397289 3.0480958 2.8463189 3.1171762 3.1367683 2.6354378 2.6939870 2.3434839 2.3982482 2.3528615 2.0347736 2.2902082 2.2808080 2.3629505 2.1699882 2.6659973 2.7975591 2.8774640 2.1962580 2.4367645 0.1357903 0.2282510 0.2584069 0.0000000 0.3568927 0.3915001 4.6843509 4.3218931 4.0274487 4.1897975 3.9260526 4.4513783 3.6726943 3.6371548 4.4596086 5.3277966 4.5885273 2.8779181 3.1004740 3.0923253 2.7613605 2.8829633 2.9130787 3.3025135 2.3498258 2.9256575 2.1704988 3.7726548 
TrH2_TrispH2_009500-RA                          3.1487080 2.5822312 2.8943276 2.3895718 2.3138628 2.3531980 2.2782509 2.0923060 2.0467879 2.0244716 2.0467879 2.0467879 3.9950762 3.9950762 2.7040547 2.3636331 2.7179838 2.7179838 2.5617985 3.3189047 2.2691371 2.4728029 2.5514655 2.4730527 2.6072678 2.3855143 2.0478014 2.1730391 1.9293891 1.9456962 2.0036323 2.1268475 1.8534187 1.8554136 2.0994782 1.7784610 2.1524821 2.2633558 2.2949747 1.9391509 2.2243065 0.2331755 0.2701497 0.2200804 0.3568927 0.0000000 0.0166900 3.4100688 3.4190036 3.5078655 3.4953585 3.0683331 3.2544183 3.1023915 2.4362180 3.3355190 4.0201783 3.7242794 2.6741964 2.9855653 3.0597530 2.7760843 2.9071450 2.6953006 2.8494883 2.0594019 2.6630041 1.8967005 3.0426777 
Tadh_TriadT60595                                3.1487080 2.7180471 3.9263686 2.5357972 2.4347842 2.6227701 2.4581950 2.1859556 2.0902198 2.0879796 2.0902198 2.0902198 4.6438709 4.6438709 2.9116581 2.5904571 2.7849996 2.7849996 2.6329800 3.3189047 2.4070183 2.7484081 2.7769138 2.7164301 2.7781713 2.3855143 2.1173521 2.3373540 2.0681175 2.0757312 2.1479806 2.3095724 2.0035030 1.9795793 2.1931677 1.9230235 2.3152997 2.2656060 2.3068251 2.0356785 2.3880214 0.2563563 0.3005633 0.2473297 0.3915001 0.0166900 0.0000000 3.4100276 3.3015229 3.4637768 3.4507455 3.0683331 3.2221700 3.1867397 2.5181661 3.3678313 3.9221939 3.6598987 2.8266089 3.1654480 3.2995780 2.9721199 3.1178104 2.6281965 2.7739592 2.2093101 2.7460389 2.0209127 3.0426777 
Lampan_Lpan_12910_01                            3.0966733 3.4973737 3.9309274 3.8179387 3.0525051 3.8126327 3.5219538 3.4285683 3.2634853 2.9762571 2.8795167 3.1394371 5.2007682 4.2497539 3.4785960 3.0243377 3.6051232 3.7082930 3.9255556 4.1466603 3.4474965 3.2335844 3.6290094 3.7406998 3.6633197 3.2785906 3.3207351 3.5381583 3.7236397 3.4234971 3.4449922 3.5716662 3.6331029 3.6644978 3.7462034 3.9332808 3.4121241 3.2433565 3.2688903 3.7115662 3.3196513 3.4806142 3.5894383 3.6850809 4.6843509 3.4100688 3.4100276 0.0000000 0.8805286 1.2109294 1.2527107 0.8191357 0.8369778 0.9853578 1.1337748 0.8966398 1.0847401 1.1517545 3.3280903 3.9532583 3.6133654 3.5457238 3.4390936 3.5584771 3.8293819 3.1565387 3.2290255 3.3266981 5.3654954 
Mertsp_Mesp_sb521262                            4.2020085 3.0511193 4.5561914 3.1299492 2.5584013 2.8271262 2.5740084 2.8760803 2.6655826 2.7472253 2.6924734 2.6655826 3.6167632 3.6167632 2.8223559 2.8733718 2.6953532 2.6953532 3.0630254 3.6397502 3.3774731 3.2881910 2.7069217 2.9108644 3.7010824 3.6178711 3.9593785 3.2512237 3.2534000 3.0204113 3.1251633 3.1213325 3.2394473 3.2184438 3.0269125 3.2598279 3.5444110 3.3282622 3.2061097 3.4085366 3.1292083 3.3686861 3.5134329 3.5994904 4.3218931 3.4190036 3.3015229 0.8805286 0.0000000 0.7444506 0.7034339 0.6127614 0.6143381 0.8266689 0.6170574 1.1255847 0.9242526 1.4717651 3.2622115 3.4973080 3.0828321 3.3319343 3.1969043 3.4303459 3.2983112 2.5890261 2.6727091 2.6941184 3.6533017 
Horcal_Hcv1.av93.c1.g1216.i1                    2.4728110 2.9191787 4.4688096 4.2085214 2.9822988 3.9958891 3.6361139 3.2172687 3.0032004 2.7599600 2.5722640 2.8448965 6.7408129 4.6363989 3.2411906 2.8326931 3.5141280 3.5528942 3.8933699 3.6440811 3.7709225 3.7747398 3.5620884 3.5395847 3.7560303 3.4547786 3.4989768 3.5392870 4.0204350 3.7232146 3.9881791 4.3729939 3.8416336 4.0604933 3.9018543 3.5618994 3.6969859 3.3153920 3.3565810 3.8768123 3.1544112 3.4441517 3.6045024 3.8172172 4.0274487 3.5078655 3.4637768 1.2109294 0.7444506 0.0000000 0.0751249 0.5689966 0.7765486 0.9842886 1.0042830 1.1330684 1.1497282 1.1902010 2.8977365 4.3683373 3.6674201 3.7336077 3.4537217 3.9968571 3.7054334 2.9069169 3.2469510 3.1451322 4.7155835 
Pbac_sb2647394                                  2.6252365 3.0961657 5.2699826 4.1030998 2.8974484 3.9639691 3.4905911 3.2260071 2.9290459 2.6405242 2.4761841 2.8770326 6.7308068 5.1795072 3.2130086 2.7107447 3.2648000 3.2648000 3.8433195 3.4345295 3.8656963 3.6495408 3.4337730 3.4130333 3.8122522 3.2345158 3.4065587 3.5737462 3.9116731 3.6320872 3.8543157 4.2775594 3.7497661 4.0179313 3.9738176 3.7894790 3.6519299 3.3399477 3.3844273 3.9760314 3.4798367 3.5150095 3.5883046 3.7683981 4.1897975 3.4953585 3.4507455 1.2527107 0.7034339 0.0751249 0.0000000 0.5621632 0.7661639 0.9925063 0.8893163 1.2260236 1.2797695 1.2018342 2.8508032 4.2341051 3.7136752 3.8096367 3.5279523 4.2260416 3.9442197 2.8977787 3.2712059 3.1274807 4.7782404 
Drygla_Dgla_sb277489                            2.8719904 2.5301531 1.4018142 2.9492887 2.6039501 2.7396617 2.6665693 2.5394594 2.1585538 2.1501693 2.1501693 2.1585538 3.6154704 3.6154704 2.5175822 2.3710818 2.8462693 2.8462693 2.7962089 3.7684208 3.1693642 2.8917514 2.9465995 3.1181109 3.1598209 3.6289713 3.3202827 3.1054422 3.4004392 3.0434183 3.5353926 3.9106122 3.4941529 3.4262153 3.0449801 2.9412121 2.5558472 2.9611898 2.7781053 4.2232371 2.3796049 3.0200997 3.2603943 3.3133177 3.9260526 3.0683331 3.0683331 0.8191357 0.6127614 0.5689966 0.5621632 0.0000000 0.4757095 0.6681513 0.4401934 0.8981736 1.1969503 0.9504908 2.8389963 3.5098464 3.3814101 3.4325635 3.0270262 3.7055169 3.4533281 2.9779920 3.0202089 2.0657304 5.0465241 
Beraby_Baby_sb334925                            2.5215142 2.9448747 6.7989023 3.4971917 2.5009100 3.3413640 2.9096456 3.1011146 2.7445214 2.7593430 2.6290498 2.9144986 5.8505545 5.9796282 2.9919988 2.8143544 3.1038921 3.1038921 3.7878312 3.6967844 3.4618600 3.3237855 3.0403163 3.0906220 3.2786832 3.1448797 3.3191612 3.2504917 3.1658132 2.9434235 2.9276153 3.2403383 3.0688390 3.1980039 3.3850275 3.1867357 3.3714398 2.8987433 2.9810752 3.6345577 3.0095188 3.6317562 3.5320700 3.7523444 4.4513783 3.2544183 3.2221700 0.8369778 0.6143381 0.7765486 0.7661639 0.4757095 0.0000000 0.6776305 0.5903389 1.0037030 1.0326530 1.0437246 2.8758765 3.7891685 3.0888194 3.1445534 3.2330616 3.5136422 3.3440839 2.7080614 2.8590250 2.7252144 4.6456727 
Mlei_ML1430.g15.i1                              3.5968065 3.5751227 3.2440301 3.8752277 2.8433092 3.5208425 3.3522304 3.4233727 2.9042094 2.7588975 2.5129042 3.0156171 5.7370616 4.9893883 3.3256114 2.6615817 3.7647887 3.8041897 3.8696786 4.5021258 3.2956237 3.1199591 2.9012388 2.9186347 2.9540465 3.2265728 3.5174198 3.2781485 3.2526510 3.1728978 3.3766689 3.7650452 3.3397184 3.4773526 3.4185773 3.2353558 3.5381702 3.1261124 3.1046319 3.5612216 3.0612389 3.2056434 3.2073036 3.0752766 3.6726943 3.1023915 3.1867397 0.9853578 0.8266689 0.9842886 0.9925063 0.6681513 0.6776305 0.0000000 0.3879326 1.0229446 1.1935433 1.1407173 3.5222476 4.2017593 3.5829233 3.7026131 3.4129575 3.7280206 3.2207968 2.9839867 3.0590388 3.3551930 4.7549984 
