72
Pbac_sb2660213                          0.0000000 0.2038523 0.4569875 0.9408475 0.9523998 0.9877757 1.2483185 1.4086502 1.4602169 1.5122662 1.2513879 2.9451349 2.5566684 2.9565426 3.7361698 2.7498342 3.1084190 2.4016086 2.9324003 3.3354065 3.1666258 3.2836588 3.5302203 3.1241033 2.8523906 6.5620815 2.7683431 2.3523971 2.5457562 2.6728744 2.5519029 2.5704187 2.6422234 2.6422234 2.4163093 2.4268908 2.2269216 2.2924016 2.8893159 2.8906959 3.2787059 2.6400947 2.7366794 3.3176176 3.4923098 3.4393327 2.7387785 3.0745744 3.2727482 3.7231756 3.0070213 2.9269080 2.3530310 3.1112921 3.4729738 3.5533160 2.9471996 3.1184783 3.2494605 3.0990538 2.8241889 3.1521518 3.8049756 3.9204729 3.5221024 1.7481969 1.6852359 4.0866409 3.4040103 4.0374395 3.0532283 3.6300955 
Pbac_sb2657859                          0.2038523 0.0000000 0.0000010 0.6139775 0.5917520 0.6218080 0.6192833 1.0579409 0.8955311 0.9205621 0.8821002 1.9679508 1.8485737 1.9512337 2.2281981 1.7752885 1.9020244 1.8695609 1.8691523 1.8794511 1.8266345 1.7108577 1.6422454 2.1345519 2.8731321 2.3817520 2.0358452 1.7184183 1.7103156 1.6833645 1.6160354 1.5843988 1.7306885 1.7306885 1.7255537 1.7309933 1.7485444 1.7558611 2.0107196 2.0742499 2.0529500 1.7640227 1.7929903 1.8818986 2.4139579 2.0762069 1.8813971 1.9299947 1.9089604 2.0341776 1.7205102 2.1216426 1.6094247 1.8451924 1.8583762 1.9188139 1.7335839 1.9268182 2.2531854 2.2146658 2.0978637 2.1755895 2.4542896 2.6036321 1.7774392 1.3631982 1.3631982 3.3807615 2.4882027 3.1358458 2.5688644 2.5530986 
Horcal_Hcv1.av93.c8.g797.i1             0.4569875 0.0000010 0.0000000 0.5890959 0.5679475 0.6110927 0.7064508 1.0372529 1.0079477 1.0572994 0.8451106 2.0127518 1.8748333 1.9942232 2.2745481 1.8331690 2.1440902 1.8696817 2.0290466 2.0743585 2.0221286 1.6759082 1.8789761 2.3015428 3.4041143 2.3817520 2.2765571 1.7657482 1.7978736 1.6384585 1.5744117 1.5113164 1.6923637 1.6923637 1.6591929 1.6643570 1.7536955 1.7611495 2.0107196 2.0742499 2.0529500 1.9812790 1.8234212 2.0033985 2.6031722 2.2008346 2.2804125 1.9577773 2.1397841 2.2463043 2.0255711 2.5334090 1.7071944 2.0865881 1.7349425 2.0472919 1.9483795 1.9734332 2.3589439 2.2047062 2.1899446 2.2407511 2.7477727 2.8961045 1.8943843 1.5689409 1.5717526 3.2703686 2.4882027 3.1498197 2.6353780 2.6494795 
Bolinf_Binf_sb1297387                   0.9408475 0.6139775 0.5890959 0.0000000 0.0140971 0.0285766 0.4593914 0.8850227 0.8667820 0.8107314 0.6857665 1.8849523 1.8816507 2.0188418 2.1983848 1.9000370 1.8235578 1.6339352 1.7657694 1.8191579 1.8177863 1.3531704 1.9601726 1.9770897 2.6655033 2.2875065 1.6217508 1.8027500 1.9141433 1.7426199 1.6114859 1.6283454 1.6351716 1.6351716 1.6046998 1.6096137 1.7108874 1.7491930 1.8716175 1.9154233 1.9111894 1.9195338 1.6237139 1.8743817 1.9709291 1.7985245 1.7139367 1.7799604 1.5750027 2.0238805 1.7419636 1.8426160 1.5760089 1.6772264 1.6751353 1.5979161 1.6576466 1.7387525 2.1835592 1.9251978 1.8097119 2.1680137 2.4157621 2.5513847 1.6791346 1.0809191 1.0809191 3.1295734 2.1128471 2.7835524 2.3699154 2.7916217 
Beraby_Baby_sb329551                    0.9523998 0.5917520 0.5679475 0.0140971 0.0000000 0.0286545 0.4427321 0.9075303 0.8422875 0.7832013 0.6739485 1.8034963 1.7999330 1.9302861 2.0979873 1.8024205 1.7527030 1.6536122 1.7610757 1.7782305 1.7769388 1.3531704 1.9167164 1.9695359 2.6188710 2.2875065 1.6211747 1.7613704 1.8689143 1.7540025 1.5831207 1.5574933 1.6113664 1.6113664 1.5465770 1.5513502 1.6542351 1.6861165 1.8716175 1.9154233 1.9111894 1.8715938 1.6447999 1.8811600 2.0570235 1.8345930 1.7233381 1.7041996 1.5946218 1.9730787 1.6672590 1.7535464 1.5809720 1.6222866 1.6106790 1.5775934 1.5859835 1.6437383 2.1790945 1.9792499 1.8527438 2.0696981 2.3136679 2.4417107 1.6060608 1.0876027 1.0876027 3.0281744 2.1128471 2.7835524 2.3699154 2.8002494 
Beraby_Baby_sb329552                    0.9877757 0.6218080 0.6110927 0.0285766 0.0286545 0.0000000 0.4714577 0.8854181 0.8775694 0.8211725 0.7222726 1.8408219 1.8045782 1.9641904 2.1401158 1.8525423 1.9214637 1.6984939 1.7573918 1.8031139 1.7876696 1.3531704 1.9221072 1.9529903 2.6703243 2.2875065 1.6440572 1.7840896 1.8609922 1.8255438 1.7275943 1.7025687 1.7318545 1.7318545 1.6643465 1.6695149 1.7855439 1.7755177 1.8716175 1.9154233 1.9111894 1.9431498 1.6982389 1.9688652 2.0733895 1.8709390 1.8050886 1.8578715 1.5338599 2.0542437 1.8496489 1.8865243 1.6762939 1.7249048 1.7401811 1.7173860 1.7311973 1.8481781 2.2297871 2.0429425 1.8522484 2.2353245 2.4583457 2.5992480 1.7483085 1.1552077 1.1552077 3.1517369 2.1128471 2.6930192 2.3954034 2.7623737 
Drygla_Dgla_sb290668                    1.2483185 0.6192833 0.7064508 0.4593914 0.4427321 0.4714577 0.0000000 0.8757379 0.8722052 0.8952711 0.7002710 1.7979196 1.7871490 1.8506523 2.3846476 1.7498868 1.8292172 1.5914415 1.7320144 1.8343205 1.8025011 1.4205053 1.7930683 1.9916556 2.3903113 2.3144191 1.6687567 1.4178851 1.4123484 1.4974833 1.4340948 1.4170109 1.5248510 1.5248510 1.4988825 1.5035508 1.4818393 1.5504701 1.7147166 1.8584123 1.7706370 1.8118259 1.6908717 1.6628735 1.9363813 1.9510834 2.0770273 1.5479403 1.5820037 1.7990119 1.5959056 2.0873062 1.4633127 1.5617043 1.6891941 1.8278801 1.7114000 1.8785314 2.1904797 2.0537670 2.1450346 1.9057577 2.0460010 2.1639062 1.8828486 1.4153972 1.3925277 2.5979312 1.9194835 2.8908500 3.1377253 2.9893971 
Vmul_Simscaffold11422_01                1.4086502 1.0579409 1.0372529 0.8850227 0.9075303 0.8854181 0.8757379 0.0000000 0.5001525 0.5039161 0.6625812 2.0522646 1.8796645 2.0630766 2.4164395 1.6797258 1.9686119 1.7416219 1.9963457 2.0218237 1.9595053 1.3047953 1.7918162 2.0268292 3.7857735 1.8715079 1.6474857 1.6442958 1.6979337 1.3692532 1.3175824 1.3432073 1.4784598 1.4784598 1.3356818 1.3244325 1.7508772 1.4498183 1.4381357 1.4698646 1.4490675 1.8057608 1.6831859 1.8314539 2.2708922 1.8550069 1.9614951 1.5627783 1.7640603 2.3914950 1.6452953 2.0902592 1.5517164 2.0394052 1.8197976 1.9321735 1.9406707 1.8625323 2.0170401 1.9341766 1.6763239 1.9134887 2.0995873 2.2161585 2.2324205 1.2659177 1.2409245 3.1540275 1.7434254 3.1177943 2.8014913 3.2951512 
Coemet_Cmet_scaffold3759_01             1.4602169 0.8955311 1.0079477 0.8667820 0.8422875 0.8775694 0.8722052 0.5001525 0.0000000 0.1894106 0.5822155 2.0737963 1.9568990 2.2692989 2.4005715 1.9654049 2.0879769 1.6455337 2.3098819 2.2130580 2.2738056 1.5673140 2.0947404 2.2512992 3.5549675 2.2883473 1.7317910 1.9544321 1.7709405 1.6994004 1.5986682 1.4319222 1.7671375 1.7671375 1.5146960 1.5029086 2.0510418 1.6604393 1.8207593 1.8875043 1.8113651 1.8558774 2.0331941 2.0824847 2.3292900 2.2115343 2.0590439 1.8405662 2.0267046 2.5106139 1.9602955 2.1909883 1.3780253 2.2522714 2.1332441 2.2481699 1.8977169 1.9241375 2.4055432 2.1697039 1.9360141 2.0154707 2.3359538 2.4237857 2.4124051 1.2807261 1.2807261 3.1795445 2.0692055 3.4255400 3.0676741 3.4789765 
Coeast_Cast_sb779571                    1.5122662 0.9205621 1.0572994 0.8107314 0.7832013 0.8211725 0.8952711 0.5039161 0.1894106 0.0000000 0.6259142 2.0453998 1.9237246 2.3525610 2.3763623 1.9658341 2.0848393 1.7660579 2.4450724 2.4134837 2.4907219 1.2873708 2.3157744 2.4236736 3.8065250 2.3239430 1.9215361 1.8539307 1.6623103 1.7054583 1.6681427 1.5786071 1.5944039 1.5944039 1.3937460 1.3810311 2.0155871 1.6679436 1.8697202 1.9452655 1.8772764 2.0241386 1.9621506 2.0726036 2.3708060 2.2948260 2.1393082 1.5951638 1.8941100 2.5884236 1.8575191 1.9000512 1.5150219 2.1547650 2.0075732 2.1538450 2.0558949 2.1250669 2.3885282 2.1483129 2.0311414 1.9525632 2.2759016 2.3679327 2.2487386 1.3067542 1.2848890 2.9728496 1.7377366 3.6796450 3.0745984 3.3866876 
Lampan_Lpan_1988_01                     1.2513879 0.8821002 0.8451106 0.6857665 0.6739485 0.7222726 0.7002710 0.6625812 0.5822155 0.6259142 0.0000000 1.8504155 1.9439604 2.0465476 2.0520459 1.7664623 1.4752844 1.5382119 1.7639032 1.8850290 1.8933418 1.4289456 2.0120745 1.8805801 3.0190978 1.9320601 1.6075967 1.7914297 1.7009561 1.6262376 1.4932359 1.6235760 1.5066183 1.5066183 1.4567690 1.4269960 1.6947084 1.5168573 1.6076243 1.6945146 1.6275842 1.6993949 1.6909776 1.8797937 1.8647282 1.7741066 1.4041778 1.3628619 1.6879877 1.9635824 1.4771488 1.8026108 1.6991319 1.7817081 1.7896096 1.7582803 1.6947183 1.8434010 1.9490655 1.9009528 1.8259832 1.7458552 1.9909968 2.0872175 1.7066779 1.1459162 1.1459162 2.8246691 1.7689823 2.7545985 2.3666799 2.8411566 
Lcom_lcpid82320                         2.9451349 1.9679508 2.0127518 1.8849523 1.8034963 1.8408219 1.7979196 2.0522646 2.0737963 2.0453998 1.8504155 0.0000000 0.5530397 0.4287166 0.6294931 1.1458126 1.5670898 1.4910527 1.7833149 1.7795337 1.7564290 1.1422338 1.5889337 1.9883756 3.1435673 1.4277022 1.5723393 1.6553336 1.6555250 1.8734291 1.7103060 1.5789687 1.7650049 1.7650049 1.8128802 1.8179770 1.7029522 1.4877734 1.3643351 1.4023883 1.1872095 1.7545505 1.9101742 1.9577167 1.8901662 1.7989132 1.6782035 1.3415307 1.6139385 1.7679736 1.4818030 1.8717271 1.5875350 1.4986801 1.8546872 1.9616541 1.4282699 1.5184722 1.6733981 1.8060616 1.7350420 1.6818851 1.6797877 1.7848717 1.9664927 2.4616052 2.4616052 2.8572301 1.5948508 2.5138566 3.1403091 3.7387277 
Gracom_Gcom_scaffold17655_01            2.5566684 1.8485737 1.8748333 1.8816507 1.7999330 1.8045782 1.7871490 1.8796645 1.9568990 1.9237246 1.9439604 0.5530397 0.0000000 0.3907071 0.4855270 1.0570156 1.4076757 1.3942005 1.8512810 1.7474071 1.7528349 1.2778054 1.7795700 1.7054327 3.1567069 1.5084978 1.8467643 1.6539510 1.5868766 1.7080731 1.5573525 1.4624186 1.5523786 1.5523786 1.7310333 1.7182067 1.5160877 1.3821573 1.3305127 1.3795174 1.1924077 1.7160452 1.6497147 1.3974641 1.9221011 1.7226273 1.7090895 1.3545878 1.5944756 1.6542788 1.3661583 1.4467372 1.4503078 1.6323085 1.8826610 1.9321119 1.5297521 1.5262145 1.8512366 1.7440480 1.6335875 1.6884222 1.6799812 1.7785729 1.9827190 2.5026686 2.5026686 2.8750641 1.5622666 2.8679803 3.1312287 4.3215352 
Scil_scict017166.1                      2.9565426 1.9512337 1.9942232 2.0188418 1.9302861 1.9641904 1.8506523 2.0630766 2.2692989 2.3525610 2.0465476 0.4287166 0.3907071 0.0000000 0.4541002 1.0170383 1.4117305 1.3066774 1.5337195 1.5752707 1.5399795 1.1567803 1.4332897 1.5731555 2.4864501 1.1914411 1.4796878 1.3209801 1.3912736 1.6541913 1.5031008 1.4317453 1.5403406 1.5403406 1.4909101 1.4952126 1.4303933 1.3312102 1.2195634 1.2540013 1.1068949 1.9800111 1.7964246 1.5997481 1.8101996 1.6521024 1.4395789 1.3147045 1.4041026 1.7089525 1.2993711 1.4173409 1.4923131 1.3937201 1.7407791 1.8684434 1.4067409 1.4371129 1.6484140 1.5682301 1.5435198 1.4676507 1.6078032 1.7562095 1.7503126 2.5561394 2.5561394 2.9070492 1.5157236 2.7915357 3.5093292 3.5010275 
Leuniv_Lniv_scaffold25371_01            3.7361698 2.2281981 2.2745481 2.1983848 2.0979873 2.1401158 2.3846476 2.4164395 2.4005715 2.3763623 2.0520459 0.6294931 0.4855270 0.4541002 0.0000000 1.0731039 1.4952067 1.4420568 1.8594760 1.6987397 1.6517816 1.1939439 1.7306521 1.7753423 2.7340930 1.6672951 1.6518805 1.7255141 1.7026949 2.0246594 1.8372398 1.7846015 1.8593459 1.8593459 1.8680502 1.8338607 1.4938320 1.5744035 1.4658234 1.5192850 1.2525252 1.9578482 1.9174404 1.6940268 1.8849923 1.6546897 1.5997420 1.4359692 1.6481405 1.8498760 1.4605266 1.5842696 1.6097851 1.4873798 1.8127919 1.8627767 1.7258673 1.4799524 1.6786869 1.6606447 1.5440293 1.5359165 1.5678307 1.6689366 2.0452628 3.2965611 3.2965611 3.1255815 1.7137326 2.8163067 3.2160269 3.4887098 
Clacor_Ccor_scaffold9185_01             2.7498342 1.7752885 1.8331690 1.9000370 1.8024205 1.8525423 1.7498868 1.6797258 1.9654049 1.9658341 1.7664623 1.1458126 1.0570156 1.0170383 1.0731039 0.0000000 1.7043143 1.7307408 1.5442165 1.5522317 1.4839815 1.2237726 1.3399248 1.7349168 2.4043000 1.5540433 1.5993074 1.5491755 1.5093561 1.4968746 1.5539668 1.6411197 1.7026650 1.7026650 1.5882233 1.5928433 1.8438057 1.4440056 1.5177304 1.4646232 1.3044946 1.7082596 2.0340497 1.6413597 2.0599640 1.8459846 1.7515974 1.4400487 1.6599178 2.0278190 1.4660852 1.6578678 1.6496246 1.2695356 1.2939265 1.5157577 1.5771439 1.5583459 1.7192330 1.5375896 1.5816559 1.5223187 1.7020268 1.8037767 1.8972940 3.2347027 3.2347027 2.9838639 1.6395906 3.3258032 3.6325034 3.9977180 
Cgig_XM_011456347.3                     3.1084190 1.9020244 2.1440902 1.8235578 1.7527030 1.9214637 1.8292172 1.9686119 2.0879769 2.0848393 1.4752844 1.5670898 1.4076757 1.4117305 1.4952067 1.7043143 0.0000000 0.7833898 1.3967465 1.3894654 1.4101259 1.2859383 1.3484003 1.7242364 1.9155706 1.0556015 0.9547058 1.2035825 1.2115822 1.2714149 1.1809826 1.3215659 1.3259938 1.3259938 1.5538119 1.5253526 1.3307220 1.3254251 1.4811554 1.4983437 1.3113329 1.6136522 1.5556382 1.3540120 1.7395713 1.5315359 1.2699018 1.0700851 1.2237486 1.2719237 1.2328567 1.5841290 1.3048798 1.7425625 1.5619836 1.6949182 1.3730275 1.5146255 1.6368178 1.6408230 1.5557212 1.7346915 1.5881503 1.6955670 1.5150645 2.8177854 2.7956076 2.2634274 1.4052282 2.2735822 2.2472941 2.3969005 
Ctel_gnl_WGS_AMQN_CAPTEDRAFT_mRNA169726 2.4016086 1.8695609 1.8696817 1.6339352 1.6536122 1.6984939 1.5914415 1.7416219 1.6455337 1.7660579 1.5382119 1.4910527 1.3942005 1.3066774 1.4420568 1.7307408 0.7833898 0.0000000 1.6267589 1.7302507 1.7006696 1.5748480 1.3785755 1.9359229 2.2205639 1.3041502 1.1054215 1.4581630 1.2204556 1.4885145 1.3852086 1.4140031 1.4463632 1.4463632 1.4744141 1.4633558 1.3255976 1.1947435 1.2609030 1.3169725 1.1248639 1.6472543 1.2460181 1.2916511 1.4851620 1.2644477 0.9779662 0.8943664 1.0672912 1.3331964 1.0854282 1.3943904 1.4322547 1.4341124 1.5879116 1.6523418 1.3200080 1.8586653 1.7520840 1.5156020 1.6973309 1.6731183 1.1917739 1.2715024 1.3533135 1.9618026 1.9618026 2.3696633 1.5472097 2.1860013 2.0679232 2.2857896 
Fspp_ffun1.m4.9584.m1                   2.9324003 1.8691523 2.0290466 1.7657694 1.7610757 1.7573918 1.7320144 1.9963457 2.3098819 2.4450724 1.7639032 1.7833149 1.8512810 1.5337195 1.8594760 1.5442165 1.3967465 1.6267589 0.0000000 0.2725763 0.2332621 0.3124179 0.4319386 0.2782373 0.2467524 0.7360176 1.3253527 0.7209404 0.7285614 1.1114488 1.1062645 1.1021591 1.2827637 1.2827637 1.2339335 1.2375933 1.1759338 1.1820070 1.6309086 1.6200083 1.3602981 1.2058382 1.3116932 1.2449367 1.2440595 1.1778112 1.6166242 1.6059919 1.5495438 1.5438517 1.4669693 1.5147652 1.6161155 1.5991490 1.3595607 1.3454473 1.4589103 1.3955221 1.5445790 1.8034857 1.8552190 1.7120007 1.9411344 2.0693014 1.8088586 2.4252710 2.3897995 2.6076332 1.7522603 2.2290775 2.8263879 2.9566072 
Spis_XP_022782502_1                     3.3354065 1.8794511 2.0743585 1.8191579 1.7782305 1.8031139 1.8343205 2.0218237 2.2130580 2.4134837 1.8850290 1.7795337 1.7474071 1.5752707 1.6987397 1.5522317 1.3894654 1.7302507 0.2725763 0.0000000 0.0467885 0.3784947 0.5060857 0.4551243 0.6411783 0.8612004 1.3628313 0.7133891 0.7231139 1.1141717 1.1168954 1.0237433 1.1866676 1.1866676 1.2614053 1.2650155 1.1995523 1.1929512 1.6410161 1.6233630 1.3948369 1.1956776 1.2715189 1.1080856 1.3397430 1.3025508 1.6223634 1.5591875 1.5602254 1.5657667 1.5228495 1.4686273 1.5124396 1.5039617 1.3077507 1.3629593 1.4412348 1.4965028 1.6280042 1.7072361 1.7527446 1.5676791 1.9449949 2.0698486 1.7782964 2.6996592 2.6627596 2.2614120 1.7988468 2.1761907 2.9695723 2.8632775 
Pocdam_XM_027189095.1                   3.1666258 1.8266345 2.0221286 1.8177863 1.7769388 1.7876696 1.8025011 1.9595053 2.2738056 2.4907219 1.8933418 1.7564290 1.7528349 1.5399795 1.6517816 1.4839815 1.4101259 1.7006696 0.2332621 0.0467885 0.0000000 0.3628655 0.4623246 0.4244925 0.6186566 0.8085200 1.3172927 0.7258934 0.7264945 1.0645714 1.0502701 1.0050694 1.2123746 1.2123746 1.2357127 1.2393287 1.1967750 1.2014706 1.6275838 1.6098211 1.3794618 1.2329239 1.2666509 1.1325692 1.3938621 1.3171554 1.5857678 1.6048454 1.4879820 1.5002151 1.5217206 1.4688842 1.6076542 1.4094215 1.2864604 1.3383120 1.4282577 1.5056342 1.6174281 1.8029257 1.7661827 1.5922751 1.8420505 1.9600472 1.7010136 2.7837430 2.7458659 2.2118187 1.6761972 2.1804575 2.8443661 2.8248145 
Gfas_gfas1.m1.3279.m1                   3.2836588 1.7108577 1.6759082 1.3531704 1.3531704 1.3531704 1.4205053 1.3047953 1.5673140 1.2873708 1.4289456 1.1422338 1.2778054 1.1567803 1.1939439 1.2237726 1.2859383 1.5748480 0.3124179 0.3784947 0.3628655 0.0000000 0.4269625 0.4664959 4.2559064 0.2627244 1.0955037 0.8734892 0.8042506 0.8256889 0.8294973 0.7403752 1.1636000 1.1636000 1.2355044 1.2435323 1.2469219 1.0152335 1.0394868 1.0135628 1.0152335 1.1996940 1.2325972 1.1223980 1.4237285 1.2085419 1.2701429 1.5416328 1.4295538 1.4484113 1.3133334 1.2979439 1.4343672 1.2834444 1.1585325 1.1585325 1.2247125 1.3014404 1.2290104 1.4987582 1.2721301 1.5349381 1.7067417 1.9188218 1.4923156 1.9187947 1.9187947 2.8992511 1.5830549 2.5977863 3.4764028 3.5766136 
Amil_Amillepora09811-RA                 3.5302203 1.6422454 1.8789761 1.9601726 1.9167164 1.9221072 1.7930683 1.7918162 2.0947404 2.3157744 2.0120745 1.5889337 1.7795700 1.4332897 1.7306521 1.3399248 1.3484003 1.3785755 0.4319386 0.5060857 0.4623246 0.4269625 0.0000000 0.6307266 0.9278045 0.7292551 1.4620577 0.5595991 0.6575276 0.9004945 0.8886116 0.8296132 1.1147046 1.1147046 1.1378297 1.1378297 1.2516261 1.1417053 1.5784359 1.6279109 1.3952765 1.4136554 1.2804662 1.1820389 1.3274580 1.1554013 1.7341991 1.3057346 1.4937402 1.7736140 1.2255887 1.3278545 1.4538656 1.5539893 1.2837427 1.4181417 1.4160709 1.3005449 1.5387803 1.4765265 1.4071436 1.5726705 1.7208582 1.8357945 1.8153999 2.5539310 2.5182242 2.4336419 1.5360446 2.3596118 2.8369309 3.2248759 
Gasp_gasp1.m1b.767.m1                   3.1241033 2.1345519 2.3015428 1.9770897 1.9695359 1.9529903 1.9916556 2.0268292 2.2512992 2.4236736 1.8805801 1.9883756 1.7054327 1.5731555 1.7753423 1.7349168 1.7242364 1.9359229 0.2782373 0.4551243 0.4244925 0.4664959 0.6307266 0.0000000 0.5276890 0.7677138 1.5904070 0.9180398 0.8089213 1.0640084 1.0432921 1.0327426 1.2187784 1.2187784 1.2390350 1.2404521 1.2895070 1.1254728 1.5820110 1.5643099 1.3269476 1.2035459 1.2953209 1.2547470 1.2447966 1.1640518 1.9387775 1.7213584 1.9069786 1.7802353 1.7487677 1.6870368 1.6218676 1.7209398 1.6331647 1.7316097 1.7409030 1.4135262 1.6617012 1.8768447 1.7665163 1.7061362 2.0837263 2.2274590 1.8787069 2.9153485 2.8758021 3.1531317 2.1849241 2.5764725 2.8591658 3.4329345 
Fspp_ffun1.m4.30047.m1                  2.8523906 2.8731321 3.4041143 2.6655033 2.6188710 2.6703243 2.3903113 3.7857735 3.5549675 3.8065250 3.0190978 3.1435673 3.1567069 2.4864501 2.7340930 2.4043000 1.9155706 2.2205639 0.2467524 0.6411783 0.6186566 4.2559064 0.9278045 0.5276890 0.0000000 2.0727706 2.0692056 1.0163927 1.1620146 1.8351109 1.6434781 1.6042786 1.5474303 1.5474303 1.5256035 1.5256035 1.1768358 1.1750907 3.8140925 4.4922872 4.4922872 1.4732846 1.5202236 1.5830999 0.9901211 1.3837506 2.3381684 2.2523521 2.0303996 2.1145052 1.8502976 2.5087300 1.7987070 2.2579503 2.0859060 1.7872660 2.5033507 2.0491395 2.1237539 2.2647049 2.6854157 2.0588332 2.2774507 2.3482070 2.3253964 2.9020074 2.8230148 2.5598732 3.3306841 2.0677782 2.5092608 3.6652322 
Fspp_ffun1.m4.30046.m1                  6.5620815 2.3817520 2.3817520 2.2875065 2.2875065 2.2875065 2.3144191 1.8715079 2.2883473 2.3239430 1.9320601 1.4277022 1.5084978 1.1914411 1.6672951 1.5540433 1.0556015 1.3041502 0.7360176 0.8612004 0.8085200 0.2627244 0.7292551 0.7677138 2.0727706 0.0000000 1.1362883 1.1965731 1.0152205 1.1087471 1.1087471 1.1336357 1.0242432 1.0242432 1.2930927 1.2930927 1.2035410 1.0194382 1.0168842 0.9600496 0.9628053 1.0131824 1.0763481 1.0965932 1.2741986 1.0242086 1.2086578 1.5094687 1.3802840 1.5795396 1.5551900 1.3308528 1.5804584 1.6987850 1.5033096 1.5033096 1.4310884 1.5912245 1.5805856 1.7104190 1.8014148 1.8442905 1.4153295 1.7259603 1.5988882 4.0656182 4.0656182 2.5656549 1.4544183 3.2121326 3.1462490 3.8020413 
Acagra_model.g1139.t1                   2.7683431 2.0358452 2.2765571 1.6217508 1.6211747 1.6440572 1.6687567 1.6474857 1.7317910 1.9215361 1.6075967 1.5723393 1.8467643 1.4796878 1.6518805 1.5993074 0.9547058 1.1054215 1.3253527 1.3628313 1.3172927 1.0955037 1.4620577 1.5904070 2.0692056 1.1362883 0.0000000 1.2066719 1.2262039 1.4527228 1.3887627 1.5025871 1.4424549 1.4424549 1.7681962 1.7732219 1.6773071 1.3095729 1.3776590 1.3275540 1.1014276 1.4788479 1.5509724 1.5398612 1.8088495 1.6069079 1.3662754 1.2550836 1.0284352 1.4061524 1.2301893 1.6304709 1.5575009 1.6715216 1.6781819 1.7809716 1.2660059 1.9178724 1.9674921 1.9356309 1.7001328 2.1113542 1.6286208 1.7269389 1.5420982 2.4882785 2.4281633 2.4529125 1.5128349 2.0753061 2.0737214 2.6241599 
Nvec_v1g116591                          2.3523971 1.7184183 1.7657482 1.8027500 1.7613704 1.7840896 1.4178851 1.6442958 1.9544321 1.8539307 1.7914297 1.6553336 1.6539510 1.3209801 1.7255141 1.5491755 1.2035825 1.4581630 0.7209404 0.7133891 0.7258934 0.8734892 0.5595991 0.9180398 1.0163927 1.1965731 1.2066719 0.0000000 0.4703838 1.2031386 1.2037876 1.0534042 1.2876111 1.2876111 1.1672893 1.1706820 1.0825656 0.9979801 1.2766966 1.2867255 1.1356174 1.1296468 1.0163128 1.1934703 1.1299600 1.1023532 1.5757220 1.2787062 1.3014611 1.4312745 1.0465384 1.1890504 1.2942389 1.4687196 1.4745089 1.6453572 1.1203092 1.3049632 1.5862531 1.5980032 1.4381122 1.6940814 1.5326486 1.5902312 1.6013196 2.2015673 2.1790703 2.4211829 1.6853336 2.1889896 2.9469405 3.1690112 
Exapal_XM_021044489.2                   2.5457562 1.7103156 1.7978736 1.9141433 1.8689143 1.8609922 1.4123484 1.6979337 1.7709405 1.6623103 1.7009561 1.6555250 1.5868766 1.3912736 1.7026949 1.5093561 1.2115822 1.2204556 0.7285614 0.7231139 0.7264945 0.8042506 0.6575276 0.8089213 1.1620146 1.0152205 1.2262039 0.4703838 0.0000000 1.0543903 1.0374158 0.9499749 1.1370712 1.1370712 1.1144617 1.1177053 1.2022174 1.0850570 1.4238287 1.4738771 1.2505471 1.1267378 0.9421676 1.0579959 1.1640068 1.1602260 1.4602184 1.4492725 1.4221470 1.4355786 1.0651954 1.2247785 1.3216547 1.5299389 1.2751251 1.4221358 1.2641541 1.4268509 1.6646791 1.3511703 1.4712417 1.5794376 1.4262338 1.4907572 1.7284789 2.3346421 2.3346421 2.4301740 1.6401645 2.3843698 2.6504235 3.3309016 
HoiH23_PlH23_007550-RA                  2.6728744 1.6833645 1.6384585 1.7426199 1.7540025 1.8255438 1.4974833 1.3692532 1.6994004 1.7054583 1.6262376 1.8734291 1.7080731 1.6541913 2.0246594 1.4968746 1.2714149 1.4885145 1.1114488 1.1141717 1.0645714 0.8256889 0.9004945 1.0640084 1.8351109 1.1087471 1.4527228 1.2031386 1.0543903 0.0000000 0.0977022 0.2751388 0.3098775 0.3098775 0.4578338 0.4541259 1.2748228 1.2085533 1.5384137 1.5749679 1.3547612 1.2781358 1.1825603 1.0605103 1.3944744 1.1634826 1.2938520 1.2023859 1.1264107 1.2787326 1.3282987 1.2275620 1.3870186 1.1572978 1.1421181 1.2408615 1.2714841 1.5237064 1.6441721 1.3489931 1.3937251 1.3248659 1.5942513 1.7259750 1.4279227 2.2343101 2.2343101 2.9512924 1.4489383 2.9814940 2.7475017 3.1395273 
HoiH06_mRNA2753                         2.5519029 1.6160354 1.5744117 1.6114859 1.5831207 1.7275943 1.4340948 1.3175824 1.5986682 1.6681427 1.4932359 1.7103060 1.5573525 1.5031008 1.8372398 1.5539668 1.1809826 1.3852086 1.1062645 1.1168954 1.0502701 0.8294973 0.8886116 1.0432921 1.6434781 1.1087471 1.3887627 1.2037876 1.0374158 0.0977022 0.0000000 0.2170734 0.2510282 0.2510282 0.3785724 0.3754372 1.1706975 1.0981008 1.4628145 1.4761847 1.2544224 1.3035756 1.1382689 1.0645418 1.3311639 1.1097204 1.2884128 1.1577988 1.2008402 1.2067858 1.2891836 1.1680183 1.4394016 1.0977676 1.1044344 1.2006008 1.2182130 1.4373949 1.5392654 1.2573829 1.4075673 1.2632994 1.5174082 1.6415072 1.3435474 2.0841530 2.0841530 2.9139834 1.4285367 3.1160250 2.8637798 3.0154293 
HoiH11_mRNA1808                         2.5704187 1.5843988 1.5113164 1.6283454 1.5574933 1.7025687 1.4170109 1.3432073 1.4319222 1.5786071 1.6235760 1.5789687 1.4624186 1.4317453 1.7846015 1.6411197 1.3215659 1.4140031 1.1021591 1.0237433 1.0050694 0.7403752 0.8296132 1.0327426 1.6042786 1.1336357 1.5025871 1.0534042 0.9499749 0.2751388 0.2170734 0.0000000 0.3320221 0.3320221 0.3358197 0.3329874 1.3013193 1.0708496 1.5069020 1.6038453 1.2967824 1.2475828 1.1113142 1.0178105 1.4326002 1.1898498 1.2637173 1.2314891 1.3612664 1.4368741 1.2724958 1.0146949 1.2274395 1.3119547 1.1054613 1.2309895 1.2483067 1.3097555 1.4763015 1.2634758 1.6080866 1.2965224 1.4954099 1.6294813 1.5662087 2.0813980 2.0813980 2.7696575 1.2729901 3.7032551 3.4730358 3.6114138 
Hhon_g04839.t1                          2.6422234 1.7306885 1.6923637 1.6351716 1.6113664 1.7318545 1.5248510 1.4784598 1.7671375 1.5944039 1.5066183 1.7650049 1.5523786 1.5403406 1.8593459 1.7026650 1.3259938 1.4463632 1.2827637 1.1866676 1.2123746 1.1636000 1.1147046 1.2187784 1.5474303 1.0242432 1.4424549 1.2876111 1.1370712 0.3098775 0.2510282 0.3320221 0.0000000 0.0000010 0.4500572 0.4386507 1.3195501 1.1228035 1.4169374 1.4436556 1.2728864 1.3815149 1.2196884 1.0755982 1.2362885 1.0807407 1.2109351 1.2331740 1.2376139 1.4283479 1.3213809 1.2357708 1.3319357 1.3243558 1.2700873 1.3296797 1.1966446 1.6784213 1.8573386 1.4355938 1.8105297 1.3698331 1.7040869 1.8195150 1.7324773 1.9518218 1.9518218 2.8359027 1.6625653 2.9155419 2.8777593 3.4056629 
HoiH04_mRNA2405                         2.6422234 1.7306885 1.6923637 1.6351716 1.6113664 1.7318545 1.5248510 1.4784598 1.7671375 1.5944039 1.5066183 1.7650049 1.5523786 1.5403406 1.8593459 1.7026650 1.3259938 1.4463632 1.2827637 1.1866676 1.2123746 1.1636000 1.1147046 1.2187784 1.5474303 1.0242432 1.4424549 1.2876111 1.1370712 0.3098775 0.2510282 0.3320221 0.0000010 0.0000000 0.4500572 0.4386507 1.3195501 1.1228035 1.4169374 1.4436556 1.2728864 1.3815149 1.2196884 1.0755982 1.2362885 1.0807407 1.2109351 1.2331740 1.2376139 1.4283479 1.3213809 1.2357708 1.3319357 1.3243558 1.2700873 1.3296797 1.1966446 1.6784213 1.8573386 1.4355938 1.8105297 1.3698331 1.7040869 1.8195150 1.7324773 1.9518218 1.9518218 2.8359027 1.6625653 2.9155419 2.8777593 3.4056629 
TrH2_TrispH2_003335-RA                  2.4163093 1.7255537 1.6591929 1.6046998 1.5465770 1.6643465 1.4988825 1.3356818 1.5146960 1.3937460 1.4567690 1.8128802 1.7310333 1.4909101 1.8680502 1.5882233 1.5538119 1.4744141 1.2339335 1.2614053 1.2357127 1.2355044 1.1378297 1.2390350 1.5256035 1.2930927 1.7681962 1.1672893 1.1144617 0.4578338 0.3785724 0.3358197 0.4500572 0.4500572 0.0000000 0.0069775 1.2072919 1.0904665 1.4493987 1.4620005 1.3221900 1.3315826 1.2752136 1.0825113 1.3006858 1.1437975 1.6036006 1.3835657 1.5134128 1.5856528 1.3296988 1.2206758 1.2844765 1.3205239 1.3181826 1.4586172 1.3814668 1.3969840 1.4906742 1.5547135 1.7688971 1.3106496 1.4607213 1.5659489 1.9919331 1.7613414 1.7613414 2.4991335 1.9107543 2.6424646 2.8298566 3.8288554 
Tadh_TriadT63479                        2.4268908 1.7309933 1.6643570 1.6096137 1.5513502 1.6695149 1.5035508 1.3244325 1.5029086 1.3810311 1.4269960 1.8179770 1.7182067 1.4952126 1.8338607 1.5928433 1.5253526 1.4633558 1.2375933 1.2650155 1.2393287 1.2435323 1.1378297 1.2404521 1.5256035 1.2930927 1.7732219 1.1706820 1.1177053 0.4541259 0.3754372 0.3329874 0.4386507 0.4386507 0.0069775 0.0000000 1.2109024 1.0937450 1.4547251 1.4674042 1.3277356 1.3354216 1.2660785 1.0745588 1.2884656 1.1353362 1.5737890 1.3577339 1.5179591 1.5905119 1.3335444 1.2242446 1.2606948 1.3242986 1.3221038 1.4628174 1.3855209 1.4016389 1.4949401 1.5590942 1.7556538 1.3012853 1.4937963 1.6017207 1.9977998 1.7694996 1.7694996 2.4762171 1.8937574 2.6524085 2.7623092 3.8448253 
Dgig_XM_028538097.1                     2.2269216 1.7485444 1.7536955 1.7108874 1.6542351 1.7855439 1.4818393 1.7508772 2.0510418 2.0155871 1.6947084 1.7029522 1.5160877 1.4303933 1.4938320 1.8438057 1.3307220 1.3255976 1.1759338 1.1995523 1.1967750 1.2469219 1.2516261 1.2895070 1.1768358 1.2035410 1.6773071 1.0825656 1.2022174 1.2748228 1.1706975 1.3013193 1.3195501 1.3195501 1.2072919 1.2109024 0.0000000 0.7001951 0.9079232 0.9295708 0.7691626 1.0614499 1.0313681 1.0234947 1.5233084 1.0864167 1.6029539 1.1585224 1.3492376 1.3850849 1.4340113 1.4378200 1.4173145 1.3842049 1.5704104 1.6732392 1.6128128 1.5338611 1.7212826 1.6863257 1.6991016 1.6374279 1.5816588 1.6806486 1.8408520 2.1384885 2.1384885 2.4419423 1.8608371 2.4169346 2.9017135 2.9275712 
Xesp_010383-T1                          2.2924016 1.7558611 1.7611495 1.7491930 1.6861165 1.7755177 1.5504701 1.4498183 1.6604393 1.6679436 1.5168573 1.4877734 1.3821573 1.3312102 1.5744035 1.4440056 1.3254251 1.1947435 1.1820070 1.1929512 1.2014706 1.0152335 1.1417053 1.1254728 1.1750907 1.0194382 1.3095729 0.9979801 1.0850570 1.2085533 1.0981008 1.0708496 1.1228035 1.1228035 1.0904665 1.0937450 0.7001951 0.0000000 0.1178566 0.1176172 0.1266657 0.8845900 0.9792480 0.9280382 1.0947091 0.9832568 1.4263674 1.0095607 1.3158665 1.4862384 1.3572979 1.4126639 1.1272932 1.3419570 1.6003706 1.6693006 1.2272989 1.6348221 1.5731306 1.5199702 1.7299957 1.4729279 1.1915071 1.2599815 1.7883908 2.2074984 2.2074984 2.3146653 1.6499833 2.4312019 2.7238226 3.0698257 
Xesp_028175-T1                          2.8893159 2.0107196 2.0107196 1.8716175 1.8716175 1.8716175 1.7147166 1.4381357 1.8207593 1.8697202 1.6076243 1.3643351 1.3305127 1.2195634 1.4658234 1.5177304 1.4811554 1.2609030 1.6309086 1.6410161 1.6275838 1.0394868 1.5784359 1.5820110 3.8140925 1.0168842 1.3776590 1.2766966 1.4238287 1.5384137 1.4628145 1.5069020 1.4169374 1.4169374 1.4493987 1.4547251 0.9079232 0.1178566 0.0000000 0.0581288 0.0573754 1.2334433 1.2351589 1.2086564 1.5050526 1.2798835 1.6422821 1.0858184 1.2787100 1.6575554 1.4864080 1.6503162 1.3416930 1.4848996 1.8953159 1.8913623 1.3249374 1.9408135 1.7054038 1.7717219 1.7943055 1.6498139 1.2106233 1.2841906 2.0059543 2.4017653 2.4017653 2.6149871 1.8462952 2.1979440 2.7938740 2.9424230 
Xesp_028186-T1                          2.8906959 2.0742499 2.0742499 1.9154233 1.9154233 1.9154233 1.8584123 1.4698646 1.8875043 1.9452655 1.6945146 1.4023883 1.3795174 1.2540013 1.5192850 1.4646232 1.4983437 1.3169725 1.6200083 1.6233630 1.6098211 1.0135628 1.6279109 1.5643099 4.4922872 0.9600496 1.3275540 1.2867255 1.4738771 1.5749679 1.4761847 1.6038453 1.4436556 1.4436556 1.4620005 1.4674042 0.9295708 0.1176172 0.0581288 0.0000000 0.0185684 1.3325909 1.3213383 1.2291467 1.4599776 1.2510713 1.6775553 1.1905326 1.3650976 1.7133323 1.5544024 1.7485211 1.3956317 1.4126167 1.9819662 1.9749952 1.3317943 2.1010724 1.7848252 1.8940087 1.8658248 1.7056637 1.3403419 1.4221612 2.0241218 2.6305378 2.6305378 2.7054791 1.9290431 2.2217719 2.8344165 2.9150289 
Xesp_028223-T1                          3.2787059 2.0529500 2.0529500 1.9111894 1.9111894 1.9111894 1.7706370 1.4490675 1.8113651 1.8772764 1.6275842 1.1872095 1.1924077 1.1068949 1.2525252 1.3044946 1.3113329 1.1248639 1.3602981 1.3948369 1.3794618 1.0152335 1.3952765 1.3269476 4.4922872 0.9628053 1.1014276 1.1356174 1.2505471 1.3547612 1.2544224 1.2967824 1.2728864 1.2728864 1.3221900 1.3277356 0.7691626 0.1266657 0.0573754 0.0185684 0.0000000 1.2539113 1.1222962 0.9626939 1.1657011 1.0257929 1.3594567 1.0376982 1.1693450 1.5441180 1.4083288 1.4622511 1.1692387 1.2703031 1.6145330 1.6145330 1.1264984 1.7228123 1.5685567 1.7541496 1.8199217 1.6599216 1.1914407 1.2734667 2.0083687 2.4161519 2.4161519 2.8359062 1.7684748 2.2485241 2.7983919 2.7973476 
Morvir_scaffold15.g117.t1               2.6400947 1.7640227 1.9812790 1.9195338 1.8715938 1.9431498 1.8118259 1.8057608 1.8558774 2.0241386 1.6993949 1.7545505 1.7160452 1.9800111 1.9578482 1.7082596 1.6136522 1.6472543 1.2058382 1.1956776 1.2329239 1.1996940 1.4136554 1.2035459 1.4732846 1.0131824 1.4788479 1.1296468 1.1267378 1.2781358 1.3035756 1.2475828 1.3815149 1.3815149 1.3315826 1.3354216 1.0614499 0.8845900 1.2334433 1.3325909 1.2539113 0.0000000 0.8606703 0.8586576 1.0649820 0.9658116 1.6501281 1.2721365 1.5139718 1.7024554 1.7053835 1.4804315 1.3206055 1.8809113 1.7335485 2.0972652 1.6398385 1.9138741 2.2215176 1.8876075 2.2515639 1.6812024 1.6144760 1.6698915 1.7615525 2.9501223 2.8611436 2.9863365 1.9977397 2.9064570 2.8494101 4.2615649 
Sanmal_Sma_022804-T1                    2.7366794 1.7929903 1.8234212 1.6237139 1.6447999 1.6982389 1.6908717 1.6831859 2.0331941 1.9621506 1.6909776 1.9101742 1.6497147 1.7964246 1.9174404 2.0340497 1.5556382 1.2460181 1.3116932 1.2715189 1.2666509 1.2325972 1.2804662 1.2953209 1.5202236 1.0763481 1.5509724 1.0163128 0.9421676 1.1825603 1.1382689 1.1113142 1.2196884 1.2196884 1.2752136 1.2660785 1.0313681 0.9792480 1.2351589 1.3213383 1.1222962 0.8606703 0.0000000 0.5404566 0.6066027 0.5393469 1.4967440 1.4311926 1.5323759 1.6091888 1.3997459 1.5099295 1.1705196 1.8119806 1.7454893 1.8456997 1.5459293 1.6717634 2.0892410 1.8632933 1.7723868 1.6284122 1.5548688 1.6357108 1.7554116 2.5003917 2.5003917 2.0899331 1.4880282 2.1572815 2.4798060 3.5552688 
Aaur_scaffold105.g21.t1                 3.3176176 1.8818986 2.0033985 1.8743817 1.8811600 1.9688652 1.6628735 1.8314539 2.0824847 2.0726036 1.8797937 1.9577167 1.3974641 1.5997481 1.6940268 1.6413597 1.3540120 1.2916511 1.2449367 1.1080856 1.1325692 1.1223980 1.1820389 1.2547470 1.5830999 1.0965932 1.5398612 1.1934703 1.0579959 1.0605103 1.0645418 1.0178105 1.0755982 1.0755982 1.0825113 1.0745588 1.0234947 0.9280382 1.2086564 1.2291467 0.9626939 0.8586576 0.5404566 0.0000000 0.6765991 0.4968008 1.5114969 1.4486651 1.5801077 1.7093559 1.3497594 1.4391298 0.9537697 1.6104365 1.8432931 1.9723406 1.5779555 1.6479783 2.0780118 1.8304226 1.6626354 1.7074404 1.5657813 1.6612594 1.7527670 2.6160258 2.6160258 2.4795998 1.7116195 2.6940804 2.7657914 3.4846394 
Nemnom_g2594.t1                         3.4923098 2.4139579 2.6031722 1.9709291 2.0570235 2.0733895 1.9363813 2.2708922 2.3292900 2.3708060 1.8647282 1.8901662 1.9221011 1.8101996 1.8849923 2.0599640 1.7395713 1.4851620 1.2440595 1.3397430 1.3938621 1.4237285 1.3274580 1.2447966 0.9901211 1.2741986 1.8088495 1.1299600 1.1640068 1.3944744 1.3311639 1.4326002 1.2362885 1.2362885 1.3006858 1.2884656 1.5233084 1.0947091 1.5050526 1.4599776 1.1657011 1.0649820 0.6066027 0.6765991 0.0000000 0.2426236 1.8314613 1.7261626 2.0358237 2.1732860 1.6228526 1.6654140 1.3521720 1.6038590 1.9064040 2.0809269 1.7103360 1.7872432 1.8574370 1.7549626 2.1014506 1.8442692 1.9218537 2.0002682 2.0858357 2.8046263 2.8046263 2.7955375 1.7943308 2.8673975 3.5987831 3.7707581 
Rhoesc_Res_003743-T1                    3.4393327 2.0762069 2.2008346 1.7985245 1.8345930 1.8709390 1.9510834 1.8550069 2.2115343 2.2948260 1.7741066 1.7989132 1.7226273 1.6521024 1.6546897 1.8459846 1.5315359 1.2644477 1.1778112 1.3025508 1.3171554 1.2085419 1.1554013 1.1640518 1.3837506 1.0242086 1.6069079 1.1023532 1.1602260 1.1634826 1.1097204 1.1898498 1.0807407 1.0807407 1.1437975 1.1353362 1.0864167 0.9832568 1.2798835 1.2510713 1.0257929 0.9658116 0.5393469 0.4968008 0.2426236 0.0000000 1.5041618 1.4595070 1.8466072 1.7473239 1.4899821 1.6266991 1.1738930 1.6187967 1.8255459 1.9455569 1.5334339 1.5769008 1.9127732 1.8691126 1.7728836 1.6625134 1.7014573 1.7926460 1.9624825 2.8570130 2.8570130 2.4736604 1.7324999 2.4633279 2.7142871 3.2819291 
Dpul_mRNA22911                          2.7387785 1.8813971 2.2804125 1.7139367 1.7233381 1.8050886 2.0770273 1.9614951 2.0590439 2.1393082 1.4041778 1.6782035 1.7090895 1.4395789 1.5997420 1.7515974 1.2699018 0.9779662 1.6166242 1.6223634 1.5857678 1.2701429 1.7341991 1.9387775 2.3381684 1.2086578 1.3662754 1.5757220 1.4602184 1.2938520 1.2884128 1.2637173 1.2109351 1.2109351 1.6036006 1.5737890 1.6029539 1.4263674 1.6422821 1.6775553 1.3594567 1.6501281 1.4967440 1.5114969 1.8314613 1.5041618 0.0000000 1.0185488 1.3077923 1.2418513 1.3064391 1.8744718 1.4247185 1.6190569 1.9500878 2.2453429 1.5088404 1.7077199 1.9209054 1.7402001 1.7002076 1.8168422 1.7719798 1.8636369 1.5824663 2.8891433 2.7983606 2.7653250 1.4662071 2.6383163 2.4816309 2.7910997 
Cscu_XM_023362933.1                     3.0745744 1.9299947 1.9577773 1.7799604 1.7041996 1.8578715 1.5479403 1.5627783 1.8405662 1.5951638 1.3628619 1.3415307 1.3545878 1.3147045 1.4359692 1.4400487 1.0700851 0.8943664 1.6059919 1.5591875 1.6048454 1.5416328 1.3057346 1.7213584 2.2523521 1.5094687 1.2550836 1.2787062 1.4492725 1.2023859 1.1577988 1.2314891 1.2331740 1.2331740 1.3835657 1.3577339 1.1585224 1.0095607 1.0858184 1.1905326 1.0376982 1.2721365 1.4311926 1.4486651 1.7261626 1.4595070 1.0185488 0.0000000 0.9243038 1.0118725 1.0522619 1.3249961 1.3780924 1.4093464 1.4231743 1.5574639 1.0972287 1.4025234 1.5516682 1.2138488 1.6274343 1.3776051 1.4217182 1.4998324 1.2488955 2.4759209 2.4759209 2.4284896 1.5169136 2.5953777 2.3314400 2.7767044 
Tcas_TC006037_001                       3.2727482 1.9089604 2.1397841 1.5750027 1.5946218 1.5338599 1.5820037 1.7640603 2.0267046 1.8941100 1.6879877 1.6139385 1.5944756 1.4041026 1.6481405 1.6599178 1.2237486 1.0672912 1.5495438 1.5602254 1.4879820 1.4295538 1.4937402 1.9069786 2.0303996 1.3802840 1.0284352 1.3014611 1.4221470 1.1264107 1.2008402 1.3612664 1.2376139 1.2376139 1.5134128 1.5179591 1.3492376 1.3158665 1.2787100 1.3650976 1.1693450 1.5139718 1.5323759 1.5801077 2.0358237 1.8466072 1.3077923 0.9243038 0.0000000 1.1350806 1.0073770 1.2890531 1.4405548 1.6452933 1.5450853 1.6861907 1.0727702 1.8589448 1.7005632 1.4572724 1.6420898 1.7645446 1.4370875 1.5088606 1.4587339 2.8816873 2.8816873 2.3663574 1.5753920 2.2820999 2.1246750 2.4792483 
Cscu_XM_023373843.1                     3.7231756 2.0341776 2.2463043 2.0238805 1.9730787 2.0542437 1.7990119 2.3914950 2.5106139 2.5884236 1.9635824 1.7679736 1.6542788 1.7089525 1.8498760 2.0278190 1.2719237 1.3331964 1.5438517 1.5657667 1.5002151 1.4484113 1.7736140 1.7802353 2.1145052 1.5795396 1.4061524 1.4312745 1.4355786 1.2787326 1.2067858 1.4368741 1.4283479 1.4283479 1.5856528 1.5905119 1.3850849 1.4862384 1.6575554 1.7133323 1.5441180 1.7024554 1.6091888 1.7093559 2.1732860 1.7473239 1.2418513 1.0118725 1.1350806 0.0000000 1.3623405 1.6419421 2.0262072 1.3319969 1.5180457 1.8553910 1.4002025 1.8470036 2.2123490 2.1719868 2.1347498 1.8253209 1.8285103 1.9755120 1.0757072 3.1086214 3.1086214 3.0530955 1.9734812 1.6923334 1.8788951 2.2598171 
Bralan_BLAG12000459_1                   3.0070213 1.7205102 2.0255711 1.7419636 1.6672590 1.8496489 1.5959056 1.6452953 1.9602955 1.8575191 1.4771488 1.4818030 1.3661583 1.2993711 1.4605266 1.4660852 1.2328567 1.0854282 1.4669693 1.5228495 1.5217206 1.3133334 1.2255887 1.7487677 1.8502976 1.5551900 1.2301893 1.0465384 1.0651954 1.3282987 1.2891836 1.2724958 1.3213809 1.3213809 1.3296988 1.3335444 1.4340113 1.3572979 1.4864080 1.5544024 1.4083288 1.7053835 1.3997459 1.3497594 1.6228526 1.4899821 1.3064391 1.0522619 1.0073770 1.3623405 0.0000000 1.3017683 1.4493601 1.3222318 1.5622646 1.5887467 1.2234274 1.3430210 1.5197372 1.3988133 1.0662758 1.6507524 1.5128711 1.6027650 1.5128491 2.2380220 2.2082453 2.4761725 1.6447427 2.5527965 2.4338482 2.8048843 
Spur_XM_030993350.1                     2.9269080 2.1216426 2.5334090 1.8426160 1.7535464 1.8865243 2.0873062 2.0902592 2.1909883 1.9000512 1.8026108 1.8717271 1.4467372 1.4173409 1.5842696 1.6578678 1.5841290 1.3943904 1.5147652 1.4686273 1.4688842 1.2979439 1.3278545 1.6870368 2.5087300 1.3308528 1.6304709 1.1890504 1.2247785 1.2275620 1.1680183 1.0146949 1.2357708 1.2357708 1.2206758 1.2242446 1.4378200 1.4126639 1.6503162 1.7485211 1.4622511 1.4804315 1.5099295 1.4391298 1.6654140 1.6266991 1.8744718 1.3249961 1.2890531 1.6419421 1.3017683 0.0000000 1.3356083 1.8775037 1.5889049 1.8189695 1.2243862 1.6162060 1.8805969 1.5311172 1.7994701 1.9845001 1.6930024 1.7838267 1.7094669 2.2777440 2.2522853 2.7187620 1.3703282 2.7771106 2.9800926 3.5821266 
