65
Lcom_lcpid97370                                               0.0000000 0.2565836 0.2363210 0.4037358 0.4911692 1.5217162 1.0549020 0.7434413 1.3690760 0.9460864 1.2105950 0.6962950 1.3600097 1.0191494 1.1742293 1.7501321 1.0546391 1.1956305 1.2611875 1.2796285 1.4791226 0.7725377 1.4710926 1.5683337 1.4201142 1.8823604 1.2778672 1.5197908 1.2318815 1.4056043 1.3607375 1.3445870 1.1390157 1.5941697 1.1517364 1.2763794 1.5845221 1.4756593 1.4679364 1.4899308 1.5802725 1.5802725 2.2121776 1.3346691 1.7123499 1.5242073 1.6170428 0.9190066 0.8883131 1.7245191 0.9681511 1.5246385 1.7404553 1.2758242 1.4576964 1.6574992 1.5682343 1.9494877 1.5433143 1.5446096 2.1452505 1.9240407 1.4499716 1.7614554 0.5546028 
Scil_scict026101.2                                            0.2565836 0.0000000 0.2652710 0.3884535 0.4134167 1.4474766 1.1028241 0.7170319 1.3007197 0.8844217 1.3079504 0.8027856 1.4162924 1.0769665 1.1927260 1.6982769 1.0245287 1.2516484 1.2603609 1.2790852 1.4137506 0.7784525 1.4013692 1.6341733 1.3724824 1.8241313 1.4068519 1.7599433 1.2998447 1.4181931 1.4246392 1.3379575 1.1354151 1.5923618 1.1378756 1.3666399 1.6788168 1.6137195 1.6371911 1.6501227 1.6838063 1.6838063 2.4141065 1.4845138 1.7829668 1.4980269 1.8069387 0.9156879 0.8846846 1.8738988 1.0111081 1.6643804 1.7178384 1.4344929 1.5945121 1.7854446 1.6847789 2.1592416 1.6578144 1.7146475 2.2877511 2.0754732 1.4880019 1.8705930 0.4930202 
Leuniv_Lniv_C802740_01                                        0.2363210 0.2652710 0.0000000 0.4088243 0.4913886 1.6362500 1.1696037 0.8217012 1.5477895 1.0404888 1.2450812 0.8025031 1.3798399 0.9975265 1.1192838 1.5972566 1.0112103 1.3205831 1.3379911 1.3576573 1.5706869 0.7993405 1.4524229 1.6557478 1.4965550 1.8422529 1.3002000 1.7674996 1.4126274 1.4530177 1.2799615 1.3091465 1.1660366 1.6262429 1.2075021 1.2402196 1.5374145 1.5280940 1.5575404 1.5505303 1.6448930 1.6448930 2.4658898 1.3279344 1.6289132 1.3950056 1.8009633 0.9124861 0.8812878 1.7896358 0.9768944 1.5281657 1.7342488 1.2559867 1.4197786 1.7584820 1.6784868 2.1546615 1.6513788 1.6636329 2.3367865 1.9004508 1.4593115 1.7805559 0.5324075 
Clacor_Ccor_scaffold12591_01                                  0.4037358 0.3884535 0.4088243 0.0000000 0.3509262 0.9106054 0.7715724 0.5201295 0.9780391 0.6318199 0.8731910 0.7581306 1.0302752 0.6957371 0.7183133 1.2610947 0.6677617 0.7643130 0.8878704 0.8878704 1.0336931 0.7757066 0.9821475 1.1205198 0.9608224 1.1257377 0.9039794 0.9197779 0.9072541 0.8621131 0.8153369 0.8975166 0.6960136 0.9037830 0.7963413 0.7514856 0.9805905 0.9841509 0.9799796 1.0019057 1.0255755 1.0255755 1.5352568 0.9424421 1.1646618 1.4427552 1.2224610 1.0339778 1.0001380 1.3627861 1.0026218 1.1439203 1.0013954 1.0550486 1.1968105 1.1948420 1.0137614 1.2223048 1.0137614 0.9969896 1.6743692 1.5254609 1.1945293 1.6144523 0.4581432 
Gracom_Gcom_scaffold8516_01                                   0.4911692 0.4134167 0.4913886 0.3509262 0.0000000 1.6751068 1.1952831 0.7660373 1.3919487 0.9295524 1.4588744 0.9034773 1.3723708 1.0525913 1.1712533 1.7020858 1.0163875 1.1728935 1.1923456 1.2103355 1.5033260 0.7413276 1.4771416 1.7147506 1.4623738 1.9463758 1.3743265 1.6793530 1.2971002 1.4522665 1.3709382 1.3350146 1.1257668 1.6157540 1.1186467 1.2587940 1.8945268 1.8351709 1.7490196 1.7762642 1.9099572 1.9099572 2.9159301 1.5584717 1.6144418 1.8296716 1.7304061 0.8670120 0.8378099 1.7699029 0.9349264 1.4660219 1.6885941 1.2140451 1.3473491 1.6122589 1.7842683 2.3175531 1.7715806 1.5750710 2.1302075 2.1099124 1.6203110 1.7046537 0.4883038 
Emue_Em0001g2503a.t1                                          1.5217162 1.4474766 1.6362500 0.9106054 1.6751068 0.0000000 0.8153077 0.5893498 0.2463103 0.2463103 1.2998052 0.6908727 1.7910612 1.2834423 1.3854479 1.7341682 1.3813426 1.5552255 1.7378612 1.7683370 2.1292232 0.8973145 1.8358108 2.1107477 1.6284475 2.0683247 1.3775340 1.9307444 1.4573039 1.6057610 1.6269428 1.9039386 1.1966159 1.4970686 1.2496383 1.7612190 2.0871021 1.9157624 1.9204458 1.9532741 1.7649969 1.7914779 2.6774819 2.0663451 1.9860466 1.1610512 2.5445012 1.0409929 0.9932367 1.9621627 1.2872639 2.2026212 2.0377945 1.4721596 1.7714868 2.0423779 2.1952871 2.1826099 2.1826099 2.0973642 2.9200009 1.8119230 1.9406130 2.1776636 0.4024484 
Tetwil_g7935.t1                                               1.0549020 1.1028241 1.1696037 0.7715724 1.1952831 0.8153077 0.0000000 0.4161819 0.7603427 0.5617551 0.8839763 0.7124998 1.2059120 1.0840692 1.1974335 1.8132773 1.0412453 1.2634295 1.2487074 1.2659231 1.5748273 0.7299195 1.4881447 1.5637702 1.3279926 1.3547218 1.0516746 1.2381761 1.1118139 1.6337931 1.3618725 1.3090796 0.9089294 1.2318090 1.0117468 1.4891088 1.6915912 1.6518039 1.6111251 1.6347132 1.4867080 1.5028423 2.2943493 1.4646461 1.5444851 1.1493231 1.9715313 1.0177660 0.9758644 1.7459420 1.1815449 1.7358171 1.7370692 1.4160760 1.6409242 1.7977809 1.9106796 2.2509962 1.9003000 1.7216786 2.7657857 1.8918303 1.6304166 1.7852244 0.4178625 
Stycar_maker-SC_scaffold1870-augustus-gene-0.14-mRNA-1        0.7434413 0.7170319 0.8217012 0.5201295 0.7660373 0.5893498 0.4161819 0.0000000 0.7465259 0.4865332 0.5696865 0.7236040 0.9140670 0.6775532 0.7421038 1.2001943 0.7166597 0.7586040 0.8514625 0.8647787 1.0840617 0.7305938 1.0471375 1.0512540 0.9115774 1.1579397 0.7456274 1.0858927 0.8014711 0.8685940 0.7975604 0.8043868 0.7489275 1.0218353 0.7500093 0.9827831 0.9420952 0.9534779 0.9002124 0.9193400 1.0807149 1.0807149 1.4111108 0.9233095 1.1610927 0.7362829 1.0737362 0.8563737 0.8263523 1.0897022 0.9239724 1.0328582 0.8555565 0.9779568 0.9779568 0.9519234 0.9708406 1.1800790 0.9708406 0.9029629 1.3793296 1.4232141 1.1173536 1.3878042 0.3878840 
Spolac_c103584_g2_i1_m.34995c103584-g2                        1.3690760 1.3007197 1.5477895 0.9780391 1.3919487 0.2463103 0.7603427 0.7465259 0.0000000 0.0849399 1.1529825 1.1525225 1.3460127 1.0491293 1.1630479 1.0693285 1.0479763 1.2634796 1.2029731 1.2029731 1.5728643 1.2196903 1.5008200 1.6613000 1.3509880 1.5256713 1.1406268 1.7237674 1.1429812 1.1612541 1.1671405 1.2618249 1.2838494 1.4160861 1.1980518 1.2997622 1.7919667 1.7511926 1.6920743 1.7293769 1.7333842 1.6974350 2.5399246 1.3658691 1.7473957 0.9689786 1.6592098 1.2956977 1.2490100 1.4465786 1.5687260 1.6075339 1.4694898 1.3081070 1.3741703 1.4546512 1.5680504 1.2831437 1.5680504 1.5440085 1.8046872 1.4781364 1.5882131 1.6460601 0.9198294 
Spolac_c103584_g2_i2_m.34996c103584-g2                        0.9460864 0.8844217 1.0404888 0.6318199 0.9295524 0.2463103 0.5617551 0.4865332 0.0849399 0.0000000 0.8378129 0.8378045 0.9027855 0.7261424 0.8011954 1.1199147 0.7280870 0.7928047 0.8328464 0.8328464 1.0531519 0.7914238 1.0032595 1.1163765 0.9599232 1.0711961 0.7964427 1.0035621 0.8258462 0.7956364 0.8027676 0.8810162 0.9349523 1.4160861 0.8798835 0.9179209 1.2189671 1.1932731 1.1577846 1.1814983 1.2502508 1.2211714 1.7794629 0.9929396 1.3001207 0.9689786 1.1071182 0.7911966 0.7621667 0.9511163 1.0467399 1.0856675 0.9723802 0.8632620 0.9186841 0.9655591 1.0450957 1.2926949 1.0450957 1.0218883 1.4487807 1.4174448 1.1263159 1.4322173 0.4220671 
Aque_Aqu2.1.31922_001                                         1.2105950 1.3079504 1.2450812 0.8731910 1.4588744 1.2998052 0.8839763 0.5696865 1.1529825 0.8378129 0.0000000 0.3167239 1.3471402 1.3258545 1.5478090 2.2628907 1.4195665 1.5143467 1.6084748 1.5822477 1.9724181 0.9653961 1.9032204 2.0149276 1.5362569 2.0657240 1.2831973 1.6099360 1.4310618 1.6195120 1.4848840 1.4006422 1.0584792 1.2840193 1.0792216 1.6378818 1.6560930 1.5684608 1.5945113 1.6176703 1.6126123 1.6313155 2.0110684 1.7441831 1.6755934 0.8993363 1.7704755 1.0450222 1.0112873 1.7033253 1.1417368 1.8902928 1.5246601 1.2140393 1.3770117 1.7215465 1.9764171 2.4445544 1.9662386 1.8900539 2.3659175 2.4387909 1.6686406 1.7942129 0.6517578 
Halamb_c40132_g1_i2mm.781                                     0.6962950 0.8027856 0.8025031 0.7581306 0.9034773 0.6908727 0.7124998 0.7236040 1.1525225 0.8378045 0.3167239 0.0000000 0.9026272 0.7519665 0.8691919 1.1040226 0.7354048 0.7181701 0.9895567 1.0067343 1.0890758 0.8495095 1.0586902 1.1112602 1.0223504 0.9048325 0.9182536 0.8897923 0.8631598 0.8862645 0.7386197 0.9510559 0.8305173 0.9595484 0.9324894 0.9109910 0.9882959 0.9805853 0.9596343 0.9808945 1.0542266 1.0542266 1.6943389 1.0306277 1.2095088 0.4846428 1.1986520 1.0669916 1.0328960 1.3135501 1.2714285 1.1290394 1.0186082 0.9957837 0.9957837 1.0882892 1.1110876 1.3998872 1.1110876 1.1219996 1.5714050 1.6703381 1.0908212 1.5145808 0.5928826 
Cgig_XM_011416956.3                                           1.3600097 1.4162924 1.3798399 1.0302752 1.3723708 1.7910612 1.2059120 0.9140670 1.3460127 0.9027855 1.3471402 0.9026272 0.0000000 1.0235671 1.0661406 1.7296590 1.0944402 1.1488121 1.2359480 1.2498336 1.2686694 0.6008022 1.1139021 1.2717355 1.1859082 1.2615930 1.0266358 1.3997153 1.1932198 0.7946834 0.8496504 0.8067784 1.1594134 1.5334362 1.3504537 0.8888961 1.6812040 1.5919807 1.5329615 1.5552651 1.4581981 1.4257355 2.1918909 1.0741395 1.0829007 1.9900080 1.5187177 0.9054163 0.8752291 1.5809256 0.9324441 1.5411962 1.6634027 1.4263558 1.5461942 1.5304938 1.6469021 2.0929308 1.6371055 1.5064407 2.1691854 1.3270606 1.1042690 1.5243583 0.5078932 
Fspp_ffun1.m4.7673.m1                                         1.0191494 1.0769665 0.9975265 0.6957371 1.0525913 1.2834423 1.0840692 0.6775532 1.0491293 0.7261424 1.3258545 0.7519665 1.0235671 0.0000000 0.1073387 0.2708518 0.1820197 0.2303354 0.3665580 0.3692887 0.9311865 0.4389846 0.9812540 1.0294752 1.0091473 0.9898057 0.6127395 0.9125533 0.5746618 1.1812365 1.0410750 1.1928729 0.9936222 1.5907020 0.9308032 1.1357497 1.1833099 1.2078754 1.1943720 1.2129013 1.1351300 1.1288081 1.7299540 1.2203494 1.2533144 1.8740167 1.4771488 0.8537802 0.8252028 1.3501576 0.7491614 1.2936103 1.5150856 1.2572589 1.4181003 1.4669526 1.4009611 1.7612643 1.3895148 1.3420686 1.9786741 1.5533610 1.2186156 1.6729523 0.0959159 
Gasp_gasp1.m3.3476.m1                                         1.1742293 1.1927260 1.1192838 0.7183133 1.1712533 1.3854479 1.1974335 0.7421038 1.1630479 0.8011954 1.5478090 0.8691919 1.0661406 0.1073387 0.0000000 0.2809324 0.1921703 0.2283149 0.3507231 0.3534287 0.9816466 0.5181650 1.0656280 1.1609487 1.0018286 1.1041899 0.6749471 0.9963656 0.6178393 1.3018362 1.1204990 1.2367924 1.0858296 1.5569949 1.1069555 1.2159541 1.2063734 1.2522294 1.2045439 1.2242518 1.2149806 1.2088609 1.9610827 1.3719986 1.4599159 1.8651288 1.4818102 0.8763229 0.8448356 1.4231210 0.8526838 1.3176402 1.4907777 1.3886396 1.5587211 1.5078992 1.3906640 1.7453815 1.3785297 1.3378079 2.0275926 1.6567213 1.3651350 1.8568406 0.1218897 
Spis_XP_022804412_1                                           1.7501321 1.6982769 1.5972566 1.2610947 1.7020858 1.7341682 1.8132773 1.2001943 1.0693285 1.1199147 2.2628907 1.1040226 1.7296590 0.2708518 0.2809324 0.0000000 0.1098225 0.3392312 0.4881883 0.4943390 1.5773201 0.6880372 1.4712658 1.6958714 1.6336530 1.3553228 0.9940125 1.9450090 0.6979975 1.8177465 1.5512918 1.7688211 1.6501577 1.6375453 1.6502145 1.7285605 1.7359193 1.7776731 1.7963665 1.8352045 1.6876000 1.6846989 3.2986547 1.7149416 1.9379563 1.8916394 2.0272215 0.8533253 0.7926895 1.8769543 1.0529403 1.6603314 1.9757962 1.6463421 1.9172825 1.9418252 1.8946017 1.7881922 1.8761231 1.8350568 2.1868393 1.9022476 2.3898346 2.1140614 1.8602560 
Pocdam_XM_027184550.1                                         1.0546391 1.0245287 1.0112103 0.6677617 1.0163875 1.3813426 1.0412453 0.7166597 1.0479763 0.7280870 1.4195665 0.7354048 1.0944402 0.1820197 0.1921703 0.1098225 0.0000000 0.2200433 0.3437579 0.3462476 0.9908677 0.4969998 0.9740389 1.1140700 1.0836322 1.0316827 0.6705094 0.9323607 0.5723076 1.1769008 1.0234649 1.1073296 1.0035421 1.5475655 1.0178641 1.0525115 1.0543861 1.0987949 1.0828335 1.1001723 1.1344304 1.1281319 1.8091796 1.2767288 1.4232055 1.7018318 1.5374148 0.7814369 0.7538753 1.3774127 0.8540727 1.3150811 1.4477988 1.2906961 1.4895545 1.4362797 1.4652534 1.8547445 1.4536808 1.3772547 1.9674088 1.5375824 1.2569479 1.7375089 0.0629642 
Gfas_gfas1.m1.3212.m1                                         1.1956305 1.2516484 1.3205831 0.7643130 1.1728935 1.5552255 1.2634295 0.7586040 1.2634796 0.7928047 1.5143467 0.7181701 1.1488121 0.2303354 0.2283149 0.3392312 0.2200433 0.0000000 0.2970856 0.2995021 0.9793833 0.4340170 1.0331404 1.1997959 0.9476068 1.0233417 0.7031603 0.9782376 0.5785964 1.1441223 1.0761688 1.1920005 1.2232968 1.7576796 1.1240475 1.1033079 1.1227216 1.1036467 1.1491913 1.1696083 1.1828550 1.1761596 1.8380029 1.2990995 1.2818512 1.9013968 1.5202993 0.7211298 0.6886211 1.3674433 0.7453497 1.3622385 1.5613168 1.1920258 1.3752775 1.4930296 1.3503639 1.7330949 1.3372104 1.3350123 2.1012163 1.7255125 1.5083226 1.7882481 0.1045639 
Amil_Amillepora20276-RA                                       1.2611875 1.2603609 1.3379911 0.8878704 1.1923456 1.7378612 1.2487074 0.8514625 1.2029731 0.8328464 1.6084748 0.9895567 1.2359480 0.3665580 0.3507231 0.4881883 0.3437579 0.2970856 0.0000000 0.0054206 0.9918980 0.5446610 1.1260592 1.2242806 1.1045270 1.2370451 0.7526267 1.0401221 0.6281513 1.3929790 1.3169344 1.3013236 1.3039546 2.1928421 1.0909914 1.2327168 1.3112320 1.3951719 1.3540042 1.3750629 1.4630948 1.4248204 2.0557523 1.4681681 1.4466640 2.1877959 1.7157702 0.9811106 0.9477943 1.6046304 0.9671237 1.6366805 1.9056926 1.4158718 1.7164106 1.6946728 1.7122844 2.1397963 1.7002016 1.6960171 2.1212118 1.8120265 1.6796653 1.7642811 0.1955141 
Adig_XM_015917707.1                                           1.2796285 1.2790852 1.3576573 0.8878704 1.2103355 1.7683370 1.2659231 0.8647787 1.2029731 0.8328464 1.5822477 1.0067343 1.2498336 0.3692887 0.3534287 0.4943390 0.3462476 0.2995021 0.0054206 0.0000000 1.0178968 0.5446610 1.1561767 1.2242806 1.1343533 1.2543640 0.7726039 1.0573483 0.6344745 1.4286488 1.3355298 1.2753257 1.3222384 2.2420998 1.1061138 1.2471927 1.2839629 1.3658757 1.3256692 1.3463535 1.4389087 1.4009650 2.0229421 1.5050653 1.4829141 2.2319978 1.7157702 0.9811106 0.9477943 1.6046304 0.9671237 1.6366805 1.9056926 1.4158718 1.7164106 1.6946728 1.7122844 2.1397963 1.7002016 1.6960171 2.1212118 1.8383290 1.7195505 1.7642811 0.1955141 
Sanmal_Sma_001340-T1                                          1.4791226 1.4137506 1.5706869 1.0336931 1.5033260 2.1292232 1.5748273 1.0840617 1.5728643 1.0531519 1.9724181 1.0890758 1.2686694 0.9311865 0.9816466 1.5773201 0.9908677 0.9793833 0.9918980 1.0178968 0.0000000 0.2151372 0.3273535 0.3757588 0.6328822 0.9790085 0.9989894 1.2952592 0.9536543 1.3173798 1.2244800 1.2530262 1.3788146 2.2088407 1.4837591 1.1700951 1.4727433 1.4687118 1.4823750 1.4638035 1.5016190 1.4945365 2.1664880 1.4759296 1.2907542 2.5111406 1.7955819 1.1347754 1.0988242 2.0494190 1.0575544 1.8019376 1.8506541 1.6111299 1.6704756 1.9694403 1.7733030 2.2199652 1.7652053 1.7956409 2.4831125 1.7239938 1.4467185 1.7421687 0.3495524 
Aaur_scaffold142.g12.t1                                       0.7725377 0.7784525 0.7993405 0.7757066 0.7413276 0.8973145 0.7299195 0.7305938 1.2196903 0.7914238 0.9653961 0.8495095 0.6008022 0.4389846 0.5181650 0.6880372 0.4969998 0.4340170 0.5446610 0.5446610 0.2151372 0.0000000 0.1207341 0.1565278 0.4055674 0.4346173 0.5218486 0.5146057 0.5235593 0.7121178 0.7081576 0.8274755 0.6429970 0.8607238 0.7411591 0.5848779 0.6289424 0.6305730 0.6358625 0.6538136 0.6287628 0.6287628 1.0525760 0.7375214 0.7426901 1.5211028 1.1314731 1.0215804 0.9901312 1.0023394 0.9187489 0.8790615 0.8400623 0.9578481 0.9578481 0.8848134 0.9162135 1.1768683 0.9162135 0.8611532 1.4813895 1.1836521 1.0547846 1.4639594 0.3953398 
Rhoesc_Res_008391-T1                                          1.4710926 1.4013692 1.4524229 0.9821475 1.4771416 1.8358108 1.4881447 1.0471375 1.5008200 1.0032595 1.9032204 1.0586902 1.1139021 0.9812540 1.0656280 1.4712658 0.9740389 1.0331404 1.1260592 1.1561767 0.3273535 0.1207341 0.0000000 0.1671133 0.6162563 0.9577346 0.9617193 1.4005349 0.9972445 1.2168957 1.2080366 1.3080995 1.4428119 2.1414839 1.5336047 1.0452943 1.4329413 1.3695602 1.3706536 1.3916386 1.3645102 1.3563294 2.0320749 1.5312934 1.2805707 2.6735083 1.8107955 1.0279974 0.9942311 1.9689231 0.9816375 1.7149739 1.7472929 1.4952537 1.5283117 1.8871643 1.6396536 2.0558873 1.6138599 1.6214955 2.5128388 2.0900187 1.4325706 1.9363472 0.4012935 
Nemnom_g5995.t1                                               1.5683337 1.6341733 1.6557478 1.1205198 1.7147506 2.1107477 1.5637702 1.0512540 1.6613000 1.1163765 2.0149276 1.1112602 1.2717355 1.0294752 1.1609487 1.6958714 1.1140700 1.1997959 1.2242806 1.2242806 0.3757588 0.1565278 0.1671133 0.0000000 0.6837806 1.0721498 1.0669201 1.5412341 1.1998270 1.3994066 1.3054478 1.3920224 1.5868694 2.5291580 1.6389853 1.2525960 1.5001396 1.4417852 1.4616400 1.4847846 1.5468069 1.5396554 2.0286370 1.6172814 1.4073315 2.8603937 1.9063979 1.0163137 0.9830044 2.0723244 0.9531851 1.8130594 1.8240825 1.5893218 1.6316170 1.9543752 1.7422200 2.1995391 1.7151000 1.7453578 2.7029918 2.1352733 1.5742286 1.8989849 0.4662370 
Morvir_scaffold32.g76.t2                                      1.4201142 1.3724824 1.4965550 0.9608224 1.4623738 1.6284475 1.3279926 0.9115774 1.3509880 0.9599232 1.5362569 1.0223504 1.1859082 1.0091473 1.0018286 1.6336530 1.0836322 0.9476068 1.1045270 1.1343533 0.6328822 0.4055674 0.6162563 0.6837806 0.0000000 0.7570063 0.9243355 1.2634040 0.9195387 1.4621475 1.1845357 1.2874036 1.4094289 2.1743514 1.4523024 1.1245851 1.4547007 1.4967549 1.4182864 1.4400586 1.4187738 1.4062856 2.1390300 1.1836595 1.3521902 2.3069393 1.7783969 0.9622124 0.9309772 1.5364547 0.9767717 1.2963410 1.5989586 1.4461723 1.6120960 1.5125806 1.5522537 1.9900745 1.5416454 1.5213467 2.4301965 1.6995478 1.2782469 1.8289967 0.4367817 
Chem_TCONS_00073318                                           1.8823604 1.8241313 1.8422529 1.1257377 1.9463758 2.0683247 1.3547218 1.1579397 1.5256713 1.0711961 2.0657240 0.9048325 1.2615930 0.9898057 1.1041899 1.3553228 1.0316827 1.0233417 1.2370451 1.2543640 0.9790085 0.4346173 0.9577346 1.0721498 0.7570063 0.0000000 1.1044953 1.3678219 1.1051717 1.4155582 1.2762035 1.4994640 1.3004215 1.7685898 1.6813291 1.2782076 1.5288777 1.5216386 1.3245307 1.3443454 1.5031053 1.4995521 2.2516491 1.3555192 1.4290539 2.4657139 1.7853515 0.9597180 0.9335037 1.4774029 0.9869686 1.6426211 1.6386019 1.4031833 1.5329659 1.6723937 1.7226854 2.2206703 1.7257476 1.8163048 2.5128298 2.0479826 1.6894076 1.5532053 0.5508902 
Dgig_XM_028557519.1                                           1.2778672 1.4068519 1.3002000 0.9039794 1.3743265 1.3775340 1.0516746 0.7456274 1.1406268 0.7964427 1.2831973 0.9182536 1.0266358 0.6127395 0.6749471 0.9940125 0.6705094 0.7031603 0.7526267 0.7726039 0.9989894 0.5218486 0.9617193 1.0669201 0.9243355 1.1044953 0.0000000 0.3924169 0.8140960 1.0199678 1.0135768 1.2669525 1.2365571 1.9607407 1.3457048 1.0194915 1.4066905 1.4341560 1.3763370 1.3973373 1.3449267 1.3505337 1.9667688 1.2666136 1.2047453 2.0192336 1.6243794 0.9058732 0.8761370 1.3811602 0.9208934 1.2944484 1.2873553 1.2697744 1.4222089 1.3969689 1.4561020 1.8347445 1.4503637 1.3390156 2.1788711 1.6312113 1.3389782 1.7267186 0.1983090 
Xesp_011407-T1                                                1.5197908 1.7599433 1.7674996 0.9197779 1.6793530 1.9307444 1.2381761 1.0858927 1.7237674 1.0035621 1.6099360 0.8897923 1.3997153 0.9125533 0.9963656 1.9450090 0.9323607 0.9782376 1.0401221 1.0573483 1.2952592 0.5146057 1.4005349 1.5412341 1.2634040 1.3678219 0.3924169 0.0000000 1.1954340 1.5969480 1.3923789 1.3537734 1.5440583 3.6028346 1.6826498 1.2099962 1.6495170 1.6550760 1.5706829 1.5706829 1.6850153 1.7397182 2.8958373 1.6152345 1.5182754 3.6451502 2.0182762 1.1550468 1.1036908 1.8561543 1.2029011 1.6048084 1.8643105 1.5653288 1.8067485 1.9417792 1.9493873 2.9067590 1.9396722 1.7918093 3.0225914 2.3388455 1.8403873 2.1421075 0.1312445 
Exapal_XM_021056631.2                                         1.2318815 1.2998447 1.4126274 0.9072541 1.2971002 1.4573039 1.1118139 0.8014711 1.1429812 0.8258462 1.4310618 0.8631598 1.1932198 0.5746618 0.6178393 0.6979975 0.5723076 0.5785964 0.6281513 0.6344745 0.9536543 0.5235593 0.9972445 1.1998270 0.9195387 1.1051717 0.8140960 1.1954340 0.0000000 1.1368897 1.0580958 1.2342993 1.1804594 1.7356413 0.9004188 1.0847007 1.3002105 1.3145622 1.2948562 1.3147637 1.3763434 1.3716596 1.9137187 1.3669847 1.2476228 1.8900117 1.5788469 0.9664105 0.9345489 1.4681194 0.9875924 1.3841347 1.6150691 1.3214680 1.4959335 1.5519849 1.5113728 1.7545060 1.4998114 1.4662317 2.0845921 1.7010280 1.3143768 1.7339328 0.3227575 
Acagra_model.g7926.t1.1.5d3b84f7                              1.4056043 1.4181931 1.4530177 0.8621131 1.4522665 1.6057610 1.6337931 0.8685940 1.1612541 0.7956364 1.6195120 0.8862645 0.7946834 1.1812365 1.3018362 1.8177465 1.1769008 1.1441223 1.3929790 1.4286488 1.3173798 0.7121178 1.2168957 1.3994066 1.4621475 1.4155582 1.0199678 1.5969480 1.1368897 0.0000000 0.8970336 0.9810281 1.2326581 1.7995292 1.3260687 0.9314680 1.4777191 1.3690467 1.3777307 1.3982533 1.3552451 1.3470639 1.8486478 1.0388136 1.2377636 1.7576769 1.6220414 1.0097113 0.9768883 1.5488133 0.9946422 1.4682365 1.5935593 1.2928314 1.3728043 1.5096706 1.6154001 2.0022592 1.6054860 1.4629135 2.2511207 1.4188257 1.4602320 1.4182530 0.5143625 
Bralan_BLAG05000237_1                                         1.3607375 1.4246392 1.2799615 0.8153369 1.3709382 1.6269428 1.3618725 0.7975604 1.1671405 0.8027676 1.4848840 0.7386197 0.8496504 1.0410750 1.1204990 1.5512918 1.0234649 1.0761688 1.3169344 1.3355298 1.2244800 0.7081576 1.2080366 1.3054478 1.1845357 1.2762035 1.0135768 1.3923789 1.0580958 0.8970336 0.0000000 0.7482648 1.1538194 1.8194074 1.1389389 0.6813766 1.6529511 1.5772532 1.5723370 1.5693131 1.5716912 1.5422776 2.1616671 0.8760737 1.1386850 1.7946612 1.6300797 0.9381734 0.9050820 1.8890427 1.0246075 1.7707842 1.7891413 1.5146071 1.6089397 1.9022715 1.8615079 2.4307717 1.8547345 1.6857661 2.3298539 1.0076400 1.0253970 1.2699809 0.4816341 
Ctel_gnl_WGS_AMQN_CAPTEDRAFT_mRNA212631                       1.3445870 1.3379575 1.3091465 0.8975166 1.3350146 1.9039386 1.3090796 0.8043868 1.2618249 0.8810162 1.4006422 0.9510559 0.8067784 1.1928729 1.2367924 1.7688211 1.1073296 1.1920005 1.3013236 1.2753257 1.2530262 0.8274755 1.3080995 1.3920224 1.2874036 1.4994640 1.2669525 1.3537734 1.2342993 0.9810281 0.7482648 0.0000000 1.1915730 1.8817333 1.1466036 0.7949568 1.5512096 1.4720398 1.4445153 1.4657539 1.6226782 1.6164756 2.2055065 1.1883171 1.1791889 1.7235512 1.4358026 0.9358318 0.9043122 1.5920453 0.9996221 1.3904995 1.6353533 1.4707002 1.5515592 1.3956172 1.4555214 1.8342867 1.4460913 1.5075586 2.1047484 1.3672726 1.2457375 1.3733328 0.4482489 
Opea_EP00118_Oscarella_pearsei_P015345                        1.1390157 1.1354151 1.1660366 0.6960136 1.1257668 1.1966159 0.9089294 0.7489275 1.2838494 0.9349523 1.0584792 0.8305173 1.1594134 0.9936222 1.0858296 1.6501577 1.0035421 1.2232968 1.3039546 1.3222384 1.3788146 0.6429970 1.4428119 1.5868694 1.4094289 1.3004215 1.2365571 1.5440583 1.1804594 1.2326581 1.1538194 1.1915730 0.0000000 0.0000010 0.7375292 1.3490062 1.3335933 1.3370155 1.2707393 1.2807917 1.3262957 1.3394083 2.0207564 1.3793863 1.4753782 1.1205151 1.5140865 0.9298394 0.8993390 1.6750165 0.9117777 1.6263118 1.4266872 1.2764382 1.4618192 1.6180168 1.6540621 2.0011565 1.6409955 1.3778225 1.9618448 1.8465688 1.5324007 1.6494601 0.4704976 
Ocar_g4121                                                    1.5941697 1.5923618 1.6262429 0.9037830 1.6157540 1.4970686 1.2318090 1.0218353 1.4160861 1.4160861 1.2840193 0.9595484 1.5334362 1.5907020 1.5569949 1.6375453 1.5475655 1.7576796 2.1928421 2.2420998 2.2088407 0.8607238 2.1414839 2.5291580 2.1743514 1.7685898 1.9607407 3.6028346 1.7356413 1.7995292 1.8194074 1.8817333 0.0000010 0.0000000 1.1532736 2.3636805 2.0634182 2.0626927 2.0149414 2.0388808 2.0776567 2.1234949 3.8248028 2.1022181 2.0933576 1.1784222 1.9233970 0.8008725 0.7383250 2.2321481 0.8964623 2.1517957 1.8406378 1.5818557 1.9044450 2.1446104 2.1984693 2.1766279 2.1766279 1.7579928 2.1122313 2.2891697 2.4819410 1.8350484 9.0000000 
Plajan_Pjan_C541836_01                                        1.1517364 1.1378756 1.2075021 0.7963413 1.1186467 1.2496383 1.0117468 0.7500093 1.1980518 0.8798835 1.0792216 0.9324894 1.3504537 0.9308032 1.1069555 1.6502145 1.0178641 1.1240475 1.0909914 1.1061138 1.4837591 0.7411591 1.5336047 1.6389853 1.4523024 1.6813291 1.3457048 1.6826498 0.9004188 1.3260687 1.1389389 1.1466036 0.7375292 1.1532736 0.0000000 1.3620874 1.5627147 1.4992476 1.4574788 1.4799862 1.5235042 1.5413063 2.0093615 1.4590834 1.4059435 1.2472866 1.4900908 0.9229049 0.8909574 1.4313165 0.9779539 1.5020461 1.5319023 1.1818897 1.3664314 1.4216719 1.4752391 1.7632564 1.4651722 1.5370269 1.9210736 1.7490292 1.5241391 1.7454421 0.4347029 
Hsap_ENST00000552235                                          1.2763794 1.3666399 1.2402196 0.7514856 1.2587940 1.7612190 1.4891088 0.9827831 1.2997622 0.9179209 1.6378818 0.9109910 0.8888961 1.1357497 1.2159541 1.7285605 1.0525115 1.1033079 1.2327168 1.2471927 1.1700951 0.5848779 1.0452943 1.2525960 1.1245851 1.2782076 1.0194915 1.2099962 1.0847007 0.9314680 0.6813766 0.7949568 1.3490062 2.3636805 1.3620874 0.0000000 1.3673896 1.2975045 1.3707557 1.3915176 1.3532321 1.3164996 2.1393308 0.9127338 1.2300256 2.2776134 1.6686300 1.0453832 1.0132682 1.7860730 1.0919005 1.5280316 1.8915584 1.5155786 1.6925698 1.6834372 1.6625994 2.1114075 1.6562778 1.6639000 2.2540173 1.1081377 1.1108161 1.4951036 0.4292155 
HoiH23_PlH23_004271-RA                                        1.5845221 1.6788168 1.5374145 0.9805905 1.8945268 2.0871021 1.6915912 0.9420952 1.7919667 1.2189671 1.6560930 0.9882959 1.6812040 1.1833099 1.2063734 1.7359193 1.0543861 1.1227216 1.3112320 1.2839629 1.4727433 0.6289424 1.4329413 1.5001396 1.4547007 1.5288777 1.4066905 1.6495170 1.3002105 1.4777191 1.6529511 1.5512096 1.3335933 2.0634182 1.5627147 1.3673896 0.0000000 0.0604951 0.1059725 0.1125837 0.3083094 0.3127726 0.4554247 1.5639537 1.6981983 2.1906562 2.0495394 1.0582024 1.0257225 1.9066656 1.1707076 1.9798346 1.7927256 1.4935655 1.7199479 1.8268152 1.7672783 2.1422225 1.7573961 1.8301579 2.5583904 2.2952708 2.0983878 2.1758589 0.4229618 
HoiH06_mRNA3237                                               1.4756593 1.6137195 1.5280940 0.9841509 1.8351709 1.9157624 1.6518039 0.9534779 1.7511926 1.1932731 1.5684608 0.9805853 1.5919807 1.2078754 1.2522294 1.7776731 1.0987949 1.1036467 1.3951719 1.3658757 1.4687118 0.6305730 1.3695602 1.4417852 1.4967549 1.5216386 1.4341560 1.6550760 1.3145622 1.3690467 1.5772532 1.4720398 1.3370155 2.0626927 1.4992476 1.2975045 0.0604951 0.0000000 0.0703684 0.0766772 0.2963571 0.3005647 0.4050935 1.5105111 1.6907920 2.2226655 1.9603714 1.0499710 1.0174103 1.8610882 1.1188115 1.9532917 1.7608314 1.4853902 1.7125958 1.7805214 1.7586855 2.1347401 1.7487119 1.7575899 2.4329348 2.3814859 2.1042846 2.1404172 0.4307177 
Hhon_g09861.t1                                                1.4679364 1.6371911 1.5575404 0.9799796 1.7490196 1.9204458 1.6111251 0.9002124 1.6920743 1.1577846 1.5945113 0.9596343 1.5329615 1.1943720 1.2045439 1.7963665 1.0828335 1.1491913 1.3540042 1.3256692 1.4823750 0.6358625 1.3706536 1.4616400 1.4182864 1.3245307 1.3763370 1.5706829 1.2948562 1.3777307 1.5723370 1.4445153 1.2707393 2.0149414 1.4574788 1.3707557 0.1059725 0.0703684 0.0000000 0.0051067 0.3280151 0.3327205 0.4571747 1.6110730 1.6564677 2.1609693 1.9878516 1.0338638 1.0016039 1.8043146 1.1029205 1.8706603 1.7395730 1.5183692 1.7407051 1.7265292 1.8041375 2.1940635 1.7942006 1.7467356 2.6155339 2.4474614 2.2182193 2.0573956 0.3958703 
HoiH04_mRNA3489                                               1.4899308 1.6501227 1.5505303 1.0019057 1.7762642 1.9532741 1.6347132 0.9193400 1.7293769 1.1814983 1.6176703 0.9808945 1.5552651 1.2129013 1.2242518 1.8352045 1.1001723 1.1696083 1.3750629 1.3463535 1.4638035 0.6538136 1.3916386 1.4847846 1.4400586 1.3443454 1.3973373 1.5706829 1.3147637 1.3982533 1.5693131 1.4657539 1.2807917 2.0388808 1.4799862 1.3915176 0.1125837 0.0766772 0.0051067 0.0000000 0.3366941 0.3415408 0.4683920 1.6342409 1.6805365 2.1840421 2.0175619 1.0597618 1.0270168 1.8333877 1.0996151 1.8667197 1.7663943 1.5101048 1.7324178 1.7529938 1.8309320 2.2318271 1.8209639 1.7733350 2.6566288 2.4830220 2.2496137 2.0915248 0.3958703 
TrH2_TrispH2_007380-RA                                        1.5802725 1.6838063 1.6448930 1.0255755 1.9099572 1.7649969 1.4867080 1.0807149 1.7333842 1.2502508 1.6126123 1.0542266 1.4581981 1.1351300 1.2149806 1.6876000 1.1344304 1.1828550 1.4630948 1.4389087 1.5016190 0.6287628 1.3645102 1.5468069 1.4187738 1.5031053 1.3449267 1.6850153 1.3763434 1.3552451 1.5716912 1.6226782 1.3262957 2.0776567 1.5235042 1.3532321 0.3083094 0.2963571 0.3280151 0.3366941 0.0000000 0.0000010 0.5247099 1.6657803 1.6460000 1.8702083 2.1556279 1.1464087 1.1122016 2.0203466 1.2331421 2.0109514 1.7572421 1.5939089 1.7939813 1.8963964 1.7987998 2.1828856 1.7887359 1.6798447 2.7928135 2.2565154 2.0981648 2.2068454 0.5566316 
Tadh_TriadT35408                                              1.5802725 1.6838063 1.6448930 1.0255755 1.9099572 1.7914779 1.5028423 1.0807149 1.6974350 1.2211714 1.6313155 1.0542266 1.4257355 1.1288081 1.2088609 1.6846989 1.1281319 1.1761596 1.4248204 1.4009650 1.4945365 0.6287628 1.3563294 1.5396554 1.4062856 1.4995521 1.3505337 1.7397182 1.3716596 1.3470639 1.5422776 1.6164756 1.3394083 2.1234949 1.5413063 1.3164996 0.3127726 0.3005647 0.3327205 0.3415408 0.0000010 0.0000000 0.5218082 1.6365778 1.6655141 1.9050872 2.1246886 1.1464087 1.1122016 1.9878987 1.2331421 1.9796446 1.7515314 1.5939089 1.7883896 1.8661331 1.7935704 2.1807926 1.7834036 1.6513301 2.6925494 2.1992861 2.0805860 2.1656271 0.5566316 
HoiH11_mRNA7725                                               2.2121776 2.4141065 2.4658898 1.5352568 2.9159301 2.6774819 2.2943493 1.4111108 2.5399246 1.7794629 2.0110684 1.6943389 2.1918909 1.7299540 1.9610827 3.2986547 1.8091796 1.8380029 2.0557523 2.0229421 2.1664880 1.0525760 2.0320749 2.0286370 2.1390300 2.2516491 1.9667688 2.8958373 1.9137187 1.8486478 2.1616671 2.2055065 2.0207564 3.8248028 2.0093615 2.1393308 0.4554247 0.4050935 0.4571747 0.4683920 0.5247099 0.5218082 0.0000000 2.1834888 2.1350796 2.6907894 2.6009851 1.4326681 1.3711192 2.6126625 1.7744422 2.8193763 2.3577196 2.1954375 2.3851248 2.4770008 2.5472372 3.2296296 2.5361393 2.5115789 3.3736008 3.2146227 2.3515214 2.8510462 0.5312448 
Spur_XM_791126.4                                              1.3346691 1.4845138 1.3279344 0.9424421 1.5584717 2.0663451 1.4646461 0.9233095 1.3658691 0.9929396 1.7441831 1.0306277 1.0741395 1.2203494 1.3719986 1.7149416 1.2767288 1.2990995 1.4681681 1.5050653 1.4759296 0.7375214 1.5312934 1.6172814 1.1836595 1.3555192 1.2666136 1.6152345 1.3669847 1.0388136 0.8760737 1.1883171 1.3793863 2.1022181 1.4590834 0.9127338 1.5639537 1.5105111 1.6110730 1.6342409 1.6657803 1.6365778 2.1834888 0.0000000 1.4822446 2.0789410 2.0213492 0.9352220 0.9054951 1.5936921 0.9891890 1.6606588 2.0332109 1.3953441 1.6814295 1.7501610 2.1597127 2.6069251 2.1495785 1.9003629 2.5387285 0.9887319 1.2200845 1.7356651 0.6932968 
Tcas_TC006105_001                                             1.7123499 1.7829668 1.6289132 1.1646618 1.6144418 1.9860466 1.5444851 1.1610927 1.7473957 1.3001207 1.6755934 1.2095088 1.0829007 1.2533144 1.4599159 1.9379563 1.4232055 1.2818512 1.4466640 1.4829141 1.2907542 0.7426901 1.2805707 1.4073315 1.3521902 1.4290539 1.2047453 1.5182754 1.2476228 1.2377636 1.1386850 1.1791889 1.4753782 2.0933576 1.4059435 1.2300256 1.6981983 1.6907920 1.6564677 1.6805365 1.6460000 1.6655141 2.1350796 1.4822446 0.0000000 2.7486486 1.8930060 1.1153767 1.0806583 1.9283258 1.0479697 1.8130348 1.9656508 1.4630616 1.7277492 1.9363343 1.8276495 2.2221985 1.8174873 1.9860578 2.5905988 1.6400812 1.9306217 1.3903426 0.6789097 
Xestes_snap_masked-XT_scaffold21660-processed-gene-0.5-mRNA-1 1.5242073 1.4980269 1.3950056 1.4427552 1.8296716 1.1610512 1.1493231 0.7362829 0.9689786 0.9689786 0.8993363 0.4846428 1.9900080 1.8740167 1.8651288 1.8916394 1.7018318 1.9013968 2.1877959 2.2319978 2.5111406 1.5211028 2.6735083 2.8603937 2.3069393 2.4657139 2.0192336 3.6451502 1.8900117 1.7576769 1.7946612 1.7235512 1.1205151 1.1784222 1.2472866 2.2776134 2.1906562 2.2226655 2.1609693 2.1840421 1.8702083 1.9050872 2.6907894 2.0789410 2.7486486 0.0000000 2.2312636 1.2676502 1.1998590 2.5596225 1.5466817 2.3177448 2.1491079 1.9573153 2.1717290 1.9961162 2.6905380 2.6747848 2.6747848 2.4287569 2.5755959 2.2846640 2.1272181 2.3433714 0.9215530 
Horcal_Hcv1.av93.c8.g816.i1                                   1.6170428 1.8069387 1.8009633 1.2224610 1.7304061 2.5445012 1.9715313 1.0737362 1.6592098 1.1071182 1.7704755 1.1986520 1.5187177 1.4771488 1.4818102 2.0272215 1.5374148 1.5202993 1.7157702 1.7157702 1.7955819 1.1314731 1.8107955 1.9063979 1.7783969 1.7853515 1.6243794 2.0182762 1.5788469 1.6220414 1.6300797 1.4358026 1.5140865 1.9233970 1.4900908 1.6686300 2.0495394 1.9603714 1.9878516 2.0175619 2.1556279 2.1246886 2.6009851 2.0213492 1.8930060 2.2312636 0.0000000 0.2609292 0.2456048 0.6490179 0.3061229 0.5775359 0.4971370 0.5242762 0.5652804 0.5439486 0.6675414 0.8639819 0.6657978 0.5849981 0.2868705 2.4815087 1.7638927 2.5524692 0.9547309 
Bolinf_Binf_sb1193696                                         0.9190066 0.9156879 0.9124861 1.0339778 0.8670120 1.0409929 1.0177660 0.8563737 1.2956977 0.7911966 1.0450222 1.0669916 0.9054163 0.8537802 0.8763229 0.8533253 0.7814369 0.7211298 0.9811106 0.9811106 1.1347754 1.0215804 1.0279974 1.0163137 0.9622124 0.9597180 0.9058732 1.1550468 0.9664105 1.0097113 0.9381734 0.9358318 0.9298394 0.8008725 0.9229049 1.0453832 1.0582024 1.0499710 1.0338638 1.0597618 1.1464087 1.1464087 1.4326681 0.9352220 1.1153767 1.2676502 0.2609292 0.0000000 0.0000010 0.1153591 0.2110923 0.1709602 0.1844037 0.1891468 0.1891468 0.2018584 0.2625288 0.4122183 0.2625288 0.2554372 0.4521852 1.3212944 1.1179932 1.9497166 0.8851154 
Mertsp_Mesp_sb537139                                          0.8883131 0.8846846 0.8812878 1.0001380 0.8378099 0.9932367 0.9758644 0.8263523 1.2490100 0.7621667 1.0112873 1.0328960 0.8752291 0.8252028 0.8448356 0.7926895 0.7538753 0.6886211 0.9477943 0.9477943 1.0988242 0.9901312 0.9942311 0.9830044 0.9309772 0.9335037 0.8761370 1.1036908 0.9345489 0.9768883 0.9050820 0.9043122 0.8993390 0.7383250 0.8909574 1.0132682 1.0257225 1.0174103 1.0016039 1.0270168 1.1122016 1.1122016 1.3711192 0.9054951 1.0806583 1.1998590 0.2456048 0.0000010 0.0000000 0.1036425 0.1973117 0.1577393 0.1711960 0.1756264 0.1756264 0.1883220 0.2467576 0.3888503 0.2467576 0.2403959 0.4316456 1.2825441 1.0835973 1.9031497 0.8851154 
Beraby_Baby_sb330272                                          1.7245191 1.8738988 1.7896358 1.3627861 1.7699029 1.9621627 1.7459420 1.0897022 1.4465786 0.9511163 1.7033253 1.3135501 1.5809256 1.3501576 1.4231210 1.8769543 1.3774127 1.3674433 1.6046304 1.6046304 2.0494190 1.0023394 1.9689231 2.0723244 1.5364547 1.4774029 1.3811602 1.8561543 1.4681194 1.5488133 1.8890427 1.5920453 1.6750165 2.2321481 1.4313165 1.7860730 1.9066656 1.8610882 1.8043146 1.8333877 2.0203466 1.9878987 2.6126625 1.5936921 1.9283258 2.5596225 0.6490179 0.1153591 0.1036425 0.0000000 0.2215741 0.3097087 0.3766362 0.3760853 0.4589596 0.3198140 0.5270140 0.6779758 0.5212360 0.4942788 0.9756801 2.0932101 1.8239692 2.6710473 0.8057161 
Bolinf_Binf_sb1297303                                         0.9681511 1.0111081 0.9768944 1.0026218 0.9349264 1.2872639 1.1815449 0.9239724 1.5687260 1.0467399 1.1417368 1.2714285 0.9324441 0.7491614 0.8526838 1.0529403 0.8540727 0.7453497 0.9671237 0.9671237 1.0575544 0.9187489 0.9816375 0.9531851 0.9767717 0.9869686 0.9208934 1.2029011 0.9875924 0.9946422 1.0246075 0.9996221 0.9117777 0.8964623 0.9779539 1.0919005 1.1707076 1.1188115 1.1029205 1.0996151 1.2331421 1.2331421 1.7744422 0.9891890 1.0479697 1.5466817 0.3061229 0.2110923 0.1973117 0.2215741 0.0000000 0.1374570 0.2115794 0.2175561 0.2175561 0.2054566 0.2100285 0.3302999 0.2100285 0.2636992 0.5216788 1.5565236 1.2213709 1.8453769 0.8284178 
Mlei_ML1496.g50.i1                                            1.5246385 1.6643804 1.5281657 1.1439203 1.4660219 2.2026212 1.7358171 1.0328582 1.6075339 1.0856675 1.8902928 1.1290394 1.5411962 1.2936103 1.3176402 1.6603314 1.3150811 1.3622385 1.6366805 1.6366805 1.8019376 0.8790615 1.7149739 1.8130594 1.2963410 1.6426211 1.2944484 1.6048084 1.3841347 1.4682365 1.7707842 1.3904995 1.6263118 2.1517957 1.5020461 1.5280316 1.9798346 1.9532917 1.8706603 1.8667197 2.0109514 1.9796446 2.8193763 1.6606588 1.8130348 2.3177448 0.5775359 0.1709602 0.1577393 0.3097087 0.1374570 0.0000000 0.4593992 0.3202539 0.3824014 0.3369686 0.4923787 0.6449011 0.4872446 0.4665957 1.0040375 2.0761192 1.6345631 2.6625337 0.8866337 
Lampan_Lpan_11351_01                                          1.7404553 1.7178384 1.7342488 1.0013954 1.6885941 2.0377945 1.7370692 0.8555565 1.4694898 0.9723802 1.5246601 1.0186082 1.6634027 1.5150856 1.4907777 1.9757962 1.4477988 1.5613168 1.9056926 1.9056926 1.8506541 0.8400623 1.7472929 1.8240825 1.5989586 1.6386019 1.2873553 1.8643105 1.6150691 1.5935593 1.7891413 1.6353533 1.4266872 1.8406378 1.5319023 1.8915584 1.7927256 1.7608314 1.7395730 1.7663943 1.7572421 1.7515314 2.3577196 2.0332109 1.9656508 2.1491079 0.4971370 0.1844037 0.1711960 0.3766362 0.2115794 0.4593992 0.0000000 0.3152153 0.3709615 0.3675641 0.3709263 0.4925684 0.3702297 0.3286639 0.9001051 2.8856457 2.0916711 2.7964275 0.7911470 
Eupdun_Edun_sb10642221                                        1.2758242 1.4344929 1.2559867 1.0550486 1.2140451 1.4721596 1.4160760 0.9779568 1.3081070 0.8632620 1.2140393 0.9957837 1.4263558 1.2572589 1.3886396 1.6463421 1.2906961 1.1920258 1.4158718 1.4158718 1.6111299 0.9578481 1.4952537 1.5893218 1.4461723 1.4031833 1.2697744 1.5653288 1.3214680 1.2928314 1.5146071 1.4707002 1.2764382 1.5818557 1.1818897 1.5155786 1.4935655 1.4853902 1.5183692 1.5101048 1.5939089 1.5939089 2.1954375 1.3953441 1.4630616 1.9573153 0.5242762 0.1891468 0.1756264 0.3760853 0.2175561 0.3202539 0.3152153 0.0000000 0.0136203 0.3700475 0.4136802 0.5521940 0.4027603 0.3696177 0.7312885 2.1325789 1.5483076 2.3551168 0.9328151 
Eupdun_Edun_sb10642223                                        1.4576964 1.5945121 1.4197786 1.1968105 1.3473491 1.7714868 1.6409242 0.9779568 1.3741703 0.9186841 1.3770117 0.9957837 1.5461942 1.4181003 1.5587211 1.9172825 1.4895545 1.3752775 1.7164106 1.7164106 1.6704756 0.9578481 1.5283117 1.6316170 1.6120960 1.5329659 1.4222089 1.8067485 1.4959335 1.3728043 1.6089397 1.5515592 1.4618192 1.9044450 1.3664314 1.6925698 1.7199479 1.7125958 1.7407051 1.7324178 1.7939813 1.7883896 2.3851248 1.6814295 1.7277492 2.1717290 0.5652804 0.1891468 0.1756264 0.4589596 0.2175561 0.3824014 0.3709615 0.0136203 0.0000000 0.4282780 0.4536754 0.5865945 0.4434523 0.4363126 0.9787406 2.4613981 1.6712964 2.4565457 0.9328151 
Drygla_Dgla_sb303309                                          1.6574992 1.7854446 1.7584820 1.1948420 1.6122589 2.0423779 1.7977809 0.9519234 1.4546512 0.9655591 1.7215465 1.0882892 1.5304938 1.4669526 1.5078992 1.9418252 1.4362797 1.4930296 1.6946728 1.6946728 1.9694403 0.8848134 1.8871643 1.9543752 1.5125806 1.6723937 1.3969689 1.9417792 1.5519849 1.5096706 1.9022715 1.3956172 1.6180168 2.1446104 1.4216719 1.6834372 1.8268152 1.7805214 1.7265292 1.7529938 1.8963964 1.8661331 2.4770008 1.7501610 1.9363343 1.9961162 0.5439486 0.2018584 0.1883220 0.3198140 0.2054566 0.3369686 0.3675641 0.3700475 0.4282780 0.0000000 0.4642083 0.6094036 0.4593115 0.4258038 0.9083090 2.4223298 1.8153317 2.4789855 0.8286429 
