50
Leuniv_Lniv_scaffold20451_01                                       0.0000000 1.2403914 1.8312603 1.7436980 1.9146804 2.0929360 2.0343097 1.1854706 1.9273674 1.5153214 1.3957779 1.5340313 0.0000010 1.3691933 0.0000010 1.0948315 0.0000010 1.4323721 2.4878508 1.9162660 1.9050811 2.1140804 1.7127370 2.2304067 2.1462074 2.3584386 1.8234080 2.1052920 2.5614668 2.6363446 3.4766280 1.1460242 2.0720744 1.9649981 1.8054606 1.6488331 1.8892648 2.6847430 2.6847430 2.5642891 2.5459587 2.5187919 2.4726676 2.1466418 1.8635860 0.0000010 0.0000010 2.0408514 1.4313105 3.3371796 
Gracom_Gcom_C556196_01                                             1.2403914 0.0000000 1.7690769 1.8096607 1.8191844 1.8117140 1.9095065 1.8555691 2.1503690 2.1236724 1.7464656 1.6996549 1.3145506 1.0454877 0.9334763 1.1007691 1.5508832 1.9468310 2.1973609 1.9603550 1.9494282 1.8998713 1.9677742 2.0273646 2.2205384 1.9959620 1.8056423 2.0704151 2.5230939 2.3902808 2.5049137 2.1279737 2.2406965 2.3084613 3.2816526 2.0379132 2.0314661 2.6289500 2.6224467 2.6251623 2.6306531 2.6296795 2.5052313 2.2207038 2.3723170 1.4844389 2.2793288 2.0996960 2.5696211 4.9648593 
Bralan_BLAG14101200_1                                              1.8312603 1.7690769 0.0000000 1.3483820 1.3803732 1.4017573 1.3661913 1.5818435 1.5654339 1.4320489 1.2702431 1.3856039 1.3619670 1.6056780 1.6457604 1.6638476 1.3978225 1.7354314 1.5818944 1.7759346 1.3689984 1.2979203 1.3087250 1.3987041 1.7940412 1.7807651 1.4631157 1.5183390 1.8943629 1.7375511 2.1993031 1.6727081 1.8384932 1.8728592 1.7646705 1.3626718 1.8336703 2.2981025 2.3300662 2.3040908 2.2800966 2.3174566 2.2914063 1.8196198 1.9939802 1.4989621 2.8748203 1.8200802 1.9394670 3.4292669 
Spis_XP_022793601_1                                                1.7436980 1.8096607 1.3483820 0.0000000 0.1376323 0.3595025 0.3959757 0.6673658 0.6780351 0.5655509 1.1522862 1.4987611 1.2995970 1.8159834 1.8599393 1.8399776 1.3593632 1.9763910 1.6453262 1.1678117 1.6092900 1.3565857 1.5207764 1.6157905 1.7167628 1.9172661 1.5293973 1.6789417 2.0567463 1.9284795 2.0267276 1.8545428 1.9103306 1.8662910 2.1233932 0.8599196 1.8751028 2.1870130 2.2107718 2.1662208 2.1483507 2.1268751 2.1300188 1.8889040 1.7969889 1.9067605 2.4129170 1.8259625 2.1802124 4.2086457 
Pocdam_XM_027202600.1                                              1.9146804 1.8191844 1.3803732 0.1376323 0.0000000 0.3589724 0.3738795 0.6679142 0.6562570 0.5805066 1.1300744 1.4992298 1.3362458 1.9196555 1.8888279 1.8502711 1.3643822 1.9826938 1.6398294 1.1071964 1.5603460 1.3775217 1.5185224 1.6046080 1.7374436 1.9374928 1.6015463 1.7588952 2.0466571 1.8767650 1.9896869 1.8850357 1.9259123 1.8872305 2.1953839 0.8581958 1.8435548 2.0511957 2.0692016 2.0529275 2.0441085 2.0153983 1.9595480 1.8891104 1.8667054 1.9123073 2.4501108 1.9639799 2.0820177 4.0968393 
Fspp_ffun1.m4.19689.m1                                             2.0929360 1.8117140 1.4017573 0.3595025 0.3589724 0.0000000 0.2584232 0.4798207 0.5638378 0.4593155 1.2396458 1.4670951 1.3701908 1.8891636 1.7613441 1.8383661 1.4717928 1.6756445 1.6084386 1.2285952 1.5406865 1.3170511 1.4356028 1.6284701 1.5348665 1.7764373 1.5672584 1.6437426 1.7714950 1.7780540 2.2276865 1.6555481 1.7702703 1.7265512 1.8923471 1.0302673 1.7842763 1.9616869 1.9743442 1.9619687 1.9622516 1.9404216 1.8979071 1.9717076 1.9016239 1.7035911 2.1939535 1.9074326 2.2532712 4.1413415 
Gasp_gasp1.m3.25983.m1                                             2.0343097 1.9095065 1.3661913 0.3959757 0.3738795 0.2584232 0.0000000 0.5682779 0.6236032 0.4822742 1.1189847 1.4133586 1.2367819 1.9425777 1.9054636 1.8757697 1.3127228 1.9090063 1.6960110 1.1254844 1.6399440 1.4566363 1.5306958 1.6119618 1.6926840 1.9002198 1.5212880 1.6758318 1.9736635 1.8552300 2.0343238 1.6789092 1.8771695 1.8315486 2.0790314 0.9229325 1.7913241 2.1806414 2.1914965 2.0980534 2.0865103 2.0682488 2.0263457 1.9708688 1.9622155 1.8139075 2.5470176 1.8697887 2.2282639 4.1654547 
Amil_Amillepora24725-RA                                            1.1854706 1.8555691 1.5818435 0.6673658 0.6679142 0.4798207 0.5682779 0.0000000 0.1150162 0.4648414 1.1105460 1.3410277 1.8416297 1.9317883 2.9429535 1.9849893 1.5721451 1.6207289 1.6972845 1.2072185 1.7187026 1.6194926 1.7552982 1.6929064 1.6227265 1.8261335 1.5224486 1.7610057 1.9150517 1.7696507 1.9570376 1.7091533 1.8767671 1.7797220 2.1738998 1.0570158 1.8860600 2.3475670 2.3580811 2.2109579 2.1986578 2.2470872 2.2371243 2.1937761 2.0339973 3.2444119 2.8603127 2.1007564 2.1111481 4.7290741 
Adig_XM_015897216.1                                                1.9273674 2.1503690 1.5654339 0.6780351 0.6562570 0.5638378 0.6236032 0.1150162 0.0000000 0.5009756 1.1269728 1.4798236 1.3132831 2.1965708 2.7904702 2.2284087 1.6273000 2.0950428 1.6295037 1.2309383 1.8090316 1.5086724 1.7339037 1.8572043 1.7748295 2.0006182 1.5899931 1.8334421 2.0718374 1.9513201 2.0888384 1.7009202 2.0247946 1.9161682 2.1779226 1.0824165 2.0339639 2.3437392 2.3539550 2.2674526 2.2592850 2.2782337 2.3077992 2.0815421 2.0309069 2.1852922 2.8581767 2.0187937 2.4437104 4.6269895 
Gfas_gfas1.m1.2600.m1                                              1.5153214 2.1236724 1.4320489 0.5655509 0.5805066 0.4593155 0.4822742 0.4648414 0.5009756 0.0000000 1.0640837 1.4476124 1.7824233 2.1254437 2.5792440 2.1632555 1.5275986 2.0760104 1.6565302 1.1127677 1.7515890 1.4549591 1.6476343 1.6613045 1.7137398 1.9475937 1.5138044 1.5987430 2.0263337 1.9283449 1.9283373 1.8150636 1.9620789 1.8814830 1.8256353 1.0668779 1.9244095 2.1879915 2.1916513 2.1292191 2.1211781 2.2032577 2.1194705 1.9385914 1.9432808 2.2594283 2.6571656 2.0146515 2.1383482 4.7010842 
Skow_XM_006817879.1                                                1.3957779 1.7464656 1.2702431 1.1522862 1.1300744 1.2396458 1.1189847 1.1105460 1.1269728 1.0640837 0.0000000 1.4942013 0.0000010 1.6217593 0.0000010 1.6156621 0.0000010 1.4445487 1.0891874 1.1702456 1.3580812 1.1617170 1.3189358 1.2155588 1.1904125 1.6702846 1.2994278 1.1304768 1.1965919 1.2475308 2.0419865 0.4252843 1.4867630 1.3894840 1.4479636 0.5298766 1.9602818 2.3182697 2.3106480 1.9437653 1.9437653 1.8620875 1.8997383 1.3867465 1.7222875 0.0000010 3.0008829 1.5779582 0.5486483 3.6545270 
Tetwil_g11201.t1                                                   1.5340313 1.6996549 1.3856039 1.4987611 1.4992298 1.4670951 1.4133586 1.3410277 1.4798236 1.4476124 1.4942013 0.0000000 0.5036863 1.4589075 1.5379387 1.5245544 0.8021402 1.1363857 1.2879259 1.4293958 1.5660832 1.4836928 1.4876137 1.5496905 1.7157362 1.2857530 1.3372429 1.6332401 1.9589869 2.2760837 2.0403382 1.6450153 1.9858174 1.9366202 2.8184345 1.3096334 1.1503481 1.8401752 1.8395608 1.8196535 1.8010434 1.7342924 1.7590528 1.8622502 1.8006055 2.4696480 1.8802354 1.7473284 1.8688376 4.5109888 
Stycar_maker-SC_scaffold1426-snap-gene-0.104-mRNA-1                0.0000010 1.3145506 1.3619670 1.2995970 1.3362458 1.3701908 1.2367819 1.8416297 1.3132831 1.7824233 0.0000010 0.5036863 0.0000000 0.9019378 0.9974454 0.9440061 1.0378912 0.9438157 0.9748122 1.6130755 1.3255056 1.4705602 1.7316488 1.8350217 3.3121526 1.2164299 1.3290059 1.4481713 1.7613378 1.9585404 1.7682349 3.5875267 1.8492603 1.7943527 0.5828872 1.6721073 1.1187310 1.6415433 1.6415433 1.5955760 1.5167200 1.5118519 1.5213478 2.2573010 1.8930645 3.0090666 0.0000010 2.0138164 3.5614839 4.8379409 
Scil_scict001224.1                                                 1.3691933 1.0454877 1.6056780 1.8159834 1.9196555 1.8891636 1.9425777 1.9317883 2.1965708 2.1254437 1.6217593 1.4589075 0.9019378 0.0000000 0.6612423 1.0552605 1.2377330 1.6093553 1.9917531 1.7940052 1.8377434 1.6980270 1.9401134 1.8059687 1.9543561 1.8472805 1.6167874 2.0366930 2.4897081 2.5073077 2.4405483 1.9357068 2.1043865 2.1752980 2.6998910 1.8215897 1.7478016 2.5371888 2.5311216 2.4978672 2.4764696 2.3968446 2.3209941 2.0618938 2.1584612 1.4782865 1.8563950 2.1451044 2.1482533 5.1044273 
Leuniv_Lniv_C804812_01                                             0.0000010 0.9334763 1.6457604 1.8599393 1.8888279 1.7613441 1.9054636 2.9429535 2.7904702 2.5792440 0.0000010 1.5379387 0.9974454 0.6612423 0.0000000 0.8067391 1.5058383 1.8761576 2.3571176 2.3303503 2.1419798 1.8240796 2.1581731 2.0596125 2.2230265 2.0488250 1.5814114 1.8813553 2.3497696 2.4952787 2.3248335 2.7509939 2.2135573 2.2267984 4.5726570 2.1241855 1.8348488 2.2437400 2.2324995 2.2308476 2.2063531 2.2055996 2.1498672 2.2323238 2.2708584 1.4461357 0.0000010 2.3917417 3.3959407 5.5818481 
Lcom_lcpid11810                                                    1.0948315 1.1007691 1.6638476 1.8399776 1.8502711 1.8383661 1.8757697 1.9849893 2.2284087 2.1632555 1.6156621 1.5245544 0.9440061 1.0552605 0.8067391 0.0000000 1.5596164 1.7805882 2.0159184 1.9348607 1.8043641 1.8067916 1.9114552 2.0026349 1.9558988 1.9534028 1.8744175 1.9908369 2.3876768 2.5216766 2.4809588 2.2060975 2.3808802 2.4891393 3.2183782 1.9988702 1.9621854 2.3237461 2.3130177 2.3860342 2.3737633 2.3294228 2.2950169 1.9895148 2.2254793 1.1807977 2.1093766 2.3461021 2.0823642 5.3502520 
Spolac_c94679_g1_i1_m.10398c108516-g1                              0.0000010 1.5508832 1.3978225 1.3593632 1.3643822 1.4717928 1.3127228 1.5721451 1.6273000 1.5275986 0.0000010 0.8021402 1.0378912 1.2377330 1.5058383 1.5596164 0.0000000 0.2867811 1.2894547 1.5426151 1.2157544 1.2651807 1.5253248 1.3819462 1.7000353 1.3364392 1.4161802 1.5114789 1.9877204 1.7739121 1.7021680 1.5779527 1.7219686 1.8250058 3.5230604 1.3405722 1.2509636 1.5424421 1.5500547 1.6445005 1.6227548 1.6811423 1.6177132 1.7567234 1.9772254 2.0770272 0.0000010 1.9792989 2.0700019 4.3800221 
Emue_Em0022g698a.t1                                                1.4323721 1.9468310 1.7354314 1.9763910 1.9826938 1.6756445 1.9090063 1.6207289 2.0950428 2.0760104 1.4445487 1.1363857 0.9438157 1.6093553 1.8761576 1.7805882 0.2867811 0.0000000 2.1192159 2.1356232 1.9626568 1.9705151 1.9788162 2.1118525 2.2955689 1.9413055 1.8329736 2.2223338 2.6671216 2.3435555 2.5667624 2.2419055 2.3463027 2.3013317 2.6589342 2.0781315 1.9001858 2.2971037 2.3175162 2.2472995 2.2418932 2.2110970 2.1238456 2.5523184 2.2811223 3.2724952 0.7162286 2.4393334 1.8236913 5.7525089 
Spur_XM_030981692.1                                                2.4878508 2.1973609 1.5818944 1.6453262 1.6398294 1.6084386 1.6960110 1.6972845 1.6295037 1.6565302 1.0891874 1.2879259 0.9748122 1.9917531 2.3571176 2.0159184 1.2894547 2.1192159 0.0000000 1.6720285 1.5678643 1.4612522 1.3912815 1.6059882 1.7418233 1.8732056 1.6602900 1.6121304 2.0277559 2.1946992 1.9502989 1.8692769 1.9855865 1.9613106 2.5641524 1.5720375 1.8390323 2.2719358 2.2996547 2.2597963 2.2463386 2.2863213 2.1505543 1.6912574 1.9150372 2.2044566 3.1948249 1.9142351 1.8054714 5.3590869 
Exapal_XM_021046924.2                                              1.9162660 1.9603550 1.7759346 1.1678117 1.1071964 1.2285952 1.1254844 1.2072185 1.2309383 1.1127677 1.1702456 1.4293958 1.6130755 1.7940052 2.3303503 1.9348607 1.5426151 2.1356232 1.6720285 0.0000000 1.8056792 1.6151254 1.6358805 1.5746935 1.8509227 1.9114032 1.6549108 1.7822652 1.9699471 1.9845722 2.0259942 1.8263732 1.9498524 1.9283280 1.8884343 0.6360394 1.9631793 2.3741727 2.3826328 2.3579138 2.3440750 2.3413729 2.2394906 2.0591544 1.9927169 2.3037622 2.2869166 1.8933195 2.1540211 4.5375248 
Acagra_model.g16787.t1_model.g16788.t1                             1.9050811 1.9494282 1.3689984 1.6092900 1.5603460 1.5406865 1.6399440 1.7187026 1.8090316 1.7515890 1.3580812 1.5660832 1.3255056 1.8377434 2.1419798 1.8043641 1.2157544 1.9626568 1.5678643 1.8056792 0.0000000 1.0065050 1.4371909 1.5163524 1.6210490 1.8973475 1.4999771 1.4131198 2.1119399 2.0141465 2.3477633 2.0087639 2.0186527 1.8244605 1.9170213 1.6253863 1.9774213 2.4051321 2.4483189 2.5251588 2.4986112 2.4756740 2.3594297 1.8589549 2.0907372 2.1926264 2.8380599 1.9111264 2.0682836 5.1085461 
Cgig_XM_011424647.3                                                2.1140804 1.8998713 1.2979203 1.3565857 1.3775217 1.3170511 1.4566363 1.6194926 1.5086724 1.4549591 1.1617170 1.4836928 1.4705602 1.6980270 1.8240796 1.8067916 1.2651807 1.9705151 1.4612522 1.6151254 1.0065050 0.0000000 1.2590792 1.4099044 1.3216081 1.6516364 1.4373531 1.2949019 1.9933239 2.1132232 2.0206128 1.8607347 1.9372642 1.8227630 1.9659188 1.4842402 1.8868477 2.2896201 2.2976012 2.2241185 2.2183325 2.3013374 2.2316709 1.6284694 1.8474772 1.7240470 2.4875799 1.9208892 1.8229199 5.3241950 
Skow_XM_006819531.1                                                1.7127370 1.9677742 1.3087250 1.5207764 1.5185224 1.4356028 1.5306958 1.7552982 1.7339037 1.6476343 1.3189358 1.4876137 1.7316488 1.9401134 2.1581731 1.9114552 1.5253248 1.9788162 1.3912815 1.6358805 1.4371909 1.2590792 0.0000000 1.3802369 1.5137642 1.7541162 1.5528401 1.5022834 1.9425975 1.9908333 2.0784042 1.6898444 1.7902581 1.7642536 2.0950311 1.6098043 1.7169513 2.4200446 2.4314387 2.4001437 2.3893848 2.4207570 2.2847465 1.7434944 1.8050795 2.0491649 2.5580858 1.7736875 1.9115282 5.6787490 
Hsap_ENST00000342624                                               2.2304067 2.0273646 1.3987041 1.6157905 1.6046080 1.6284701 1.6119618 1.6929064 1.8572043 1.6613045 1.2155588 1.5496905 1.8350217 1.8059687 2.0596125 2.0026349 1.3819462 2.1118525 1.6059882 1.5746935 1.5163524 1.4099044 1.3802369 0.0000000 1.5337478 1.7630063 1.5990795 1.5603565 2.0383869 2.0958256 1.9531631 1.8527610 1.8005611 1.8523354 1.8929841 1.4918498 1.8766618 2.1114410 2.1295940 2.1179529 2.1013230 2.0771342 1.9278609 1.6504771 1.9456791 1.7548092 2.0596239 1.9479466 1.9020635 5.1761103 
Cscu_XM_023374966.1                                                2.1462074 2.2205384 1.7940412 1.7167628 1.7374436 1.5348665 1.6926840 1.6227265 1.7748295 1.7137398 1.1904125 1.7157362 3.3121526 1.9543561 2.2230265 1.9558988 1.7000353 2.2955689 1.7418233 1.8509227 1.6210490 1.3216081 1.5137642 1.5337478 0.0000000 1.8274884 1.8631199 1.7766352 2.1417592 2.1849616 2.1677945 1.9301068 1.9971199 1.9643718 2.2223168 1.6542387 1.8558114 1.9993687 2.0159571 2.0121943 2.0084018 1.9906891 1.9315755 1.5690062 1.8414457 1.6676529 2.2359410 1.9596970 2.1723786 5.1529422 
Opea_EP00118_Oscarella_pearsei_P005422                             2.3584386 1.9959620 1.7807651 1.9172661 1.9374928 1.7764373 1.9002198 1.8261335 2.0006182 1.9475937 1.6702846 1.2857530 1.2164299 1.8472805 2.0488250 1.9534028 1.3364392 1.9413055 1.8732056 1.9114032 1.8973475 1.6516364 1.7541162 1.7630063 1.8274884 0.0000000 1.0582081 1.8312754 2.5097707 2.3379046 2.3258978 2.1286596 2.0676574 2.0574641 3.2178707 1.7001900 1.9080463 2.3770121 2.3569866 2.3846955 2.3604501 2.3807742 2.2698483 2.1704260 2.0617564 2.1482855 1.9263142 2.2856314 2.4508408 5.0790136 
Plajan_Pjan_C567428_01                                             1.8234080 1.8056423 1.4631157 1.5293973 1.6015463 1.5672584 1.5212880 1.5224486 1.5899931 1.5138044 1.2994278 1.3372429 1.3290059 1.6167874 1.5814114 1.8744175 1.4161802 1.8329736 1.6602900 1.6549108 1.4999771 1.4373531 1.5528401 1.5990795 1.8631199 1.0582081 0.0000000 1.7352875 2.2999932 2.2318510 2.1490522 1.8529507 2.0364463 1.9882958 2.6830646 1.4665007 1.7709110 2.3596240 2.3427099 2.3048052 2.3004356 2.3015443 2.2919174 1.8188418 2.0070032 1.7079860 2.1390640 1.9607166 2.0080933 4.9870663 
Ctel_gnl_WGS_AMQN_CAPTEDRAFT_mRNA123644                            2.1052920 2.0704151 1.5183390 1.6789417 1.7588952 1.6437426 1.6758318 1.7610057 1.8334421 1.5987430 1.1304768 1.6332401 1.4481713 2.0366930 1.8813553 1.9908369 1.5114789 2.2223338 1.6121304 1.7822652 1.4131198 1.2949019 1.5022834 1.5603565 1.7766352 1.8312754 1.7352875 0.0000000 2.1593160 2.1156592 2.1925658 2.4097204 2.1095418 2.1309273 2.1726224 1.7600598 1.9175969 2.3345632 2.3254099 2.3495004 2.3520418 2.3189226 2.3221016 1.6294430 1.9282863 1.9272758 2.6660486 1.8318717 2.3779765 4.6965096 
Hvul_g13141_1                                                      2.5614668 2.5230939 1.8943629 2.0567463 2.0466571 1.7714950 1.9736635 1.9150517 2.0718374 2.0263337 1.1965919 1.9589869 1.7613378 2.4897081 2.3497696 2.3876768 1.9877204 2.6671216 2.0277559 1.9699471 2.1119399 1.9933239 1.9425975 2.0383869 2.1417592 2.5097707 2.2999932 2.1593160 0.0000000 1.4200887 2.0439730 2.0322498 1.7531311 1.7585668 2.0461919 2.1010889 2.4681056 2.7073892 2.7009467 2.5786356 2.5551059 2.5342934 2.4477293 2.3289943 2.4677139 2.6129776 3.3326602 1.9708512 2.6398013 6.1443339 
Chem_TCONS_00029663                                                2.6363446 2.3902808 1.7375511 1.9284795 1.8767650 1.7780540 1.8552300 1.7696507 1.9513201 1.9283449 1.2475308 2.2760837 1.9585404 2.5073077 2.4952787 2.5216766 1.7739121 2.3435555 2.1946992 1.9845722 2.0141465 2.1132232 1.9908333 2.0958256 2.1849616 2.3379046 2.2318510 2.1156592 1.4200887 0.0000000 1.9823718 1.8325943 1.9415479 1.9044367 2.2177462 2.0178693 2.3884139 2.7982663 2.7660506 2.5307289 2.5261891 2.5582238 2.5604001 2.1781409 2.5209204 2.4006287 2.3708869 1.8616926 2.4036737 6.1076388 
Morvir_scaffold2.g179.t1                                           3.4766280 2.5049137 2.1993031 2.0267276 1.9896869 2.2276865 2.0343238 1.9570376 2.0888384 1.9283373 2.0419865 2.0403382 1.7682349 2.4405483 2.3248335 2.4809588 1.7021680 2.5667624 1.9502989 2.0259942 2.3477633 2.0206128 2.0784042 1.9531631 2.1677945 2.3258978 2.1490522 2.1925658 2.0439730 1.9823718 0.0000000 1.4063317 1.7394971 1.7264336 2.9435601 1.8569389 2.1007528 2.5209269 2.5316229 2.3241023 2.3054284 2.3381100 2.2146961 2.0555850 2.0988781 2.0753965 0.0000010 1.6441203 2.1657269 5.4278859 
Aaur_scaffold1608.g2.t1                                            1.1460242 2.1279737 1.6727081 1.8545428 1.8850357 1.6555481 1.6789092 1.7091533 1.7009202 1.8150636 0.4252843 1.6450153 3.5875267 1.9357068 2.7509939 2.2060975 1.5779527 2.2419055 1.8692769 1.8263732 2.0087639 1.8607347 1.6898444 1.8527610 1.9301068 2.1286596 1.8529507 2.4097204 2.0322498 1.8325943 1.4063317 0.0000000 0.8381340 0.8229373 3.3339431 1.6842414 2.0372330 2.5413997 2.5439211 2.3796663 2.3667111 2.5341560 2.3235114 2.1958923 2.3247811 2.1164997 0.0000010 0.9166986 2.0205829 7.3426581 
Nemnom_g17439.t1                                                   2.0720744 2.2406965 1.8384932 1.9103306 1.9259123 1.7702703 1.8771695 1.8767671 2.0247946 1.9620789 1.4867630 1.9858174 1.8492603 2.1043865 2.2135573 2.3808802 1.7219686 2.3463027 1.9855865 1.9498524 2.0186527 1.9372642 1.7902581 1.8005611 1.9971199 2.0676574 2.0364463 2.1095418 1.7531311 1.9415479 1.7394971 0.8381340 0.0000000 0.2135583 0.9980513 1.7282202 2.0598195 2.5903027 2.5756743 2.5243789 2.5219029 2.5093238 2.4608054 2.2717211 2.2446928 2.5513652 2.2147196 0.9971644 2.2071541 5.6484370 
Rhoesc_Res_007482-T1                                               1.9649981 2.3084613 1.8728592 1.8662910 1.8872305 1.7265512 1.8315486 1.7797220 1.9161682 1.8814830 1.3894840 1.9366202 1.7943527 2.1752980 2.2267984 2.4891393 1.8250058 2.3013317 1.9613106 1.9283280 1.8244605 1.8227630 1.7642536 1.8523354 1.9643718 2.0574641 1.9882958 2.1309273 1.7585668 1.9044367 1.7264336 0.8229373 0.2135583 0.0000000 1.0226362 1.7975314 2.0938110 2.5952750 2.6046351 2.4860686 2.4882905 2.4656276 2.4394967 2.2450374 2.2117508 2.4924990 2.0571987 0.9425082 2.1992693 5.8105254 
Aaur_scaffold1608.g1.t1                                            1.8054606 3.2816526 1.7646705 2.1233932 2.1953839 1.8923471 2.0790314 2.1738998 2.1779226 1.8256353 1.4479636 2.8184345 0.5828872 2.6998910 4.5726570 3.2183782 3.5230604 2.6589342 2.5641524 1.8884343 1.9170213 1.9659188 2.0950311 1.8929841 2.2223168 3.2178707 2.6830646 2.1726224 2.0461919 2.2177462 2.9435601 3.3339431 0.9980513 1.0226362 0.0000000 2.2454150 2.3782347 2.6545181 2.6545181 2.9464617 2.9464617 2.8056772 2.8187604 2.2890382 2.5209030 4.1565293 0.0000010 0.8377443 4.0611900 5.4272694 
Nvec_v1g164242                                                     1.6488331 2.0379132 1.3626718 0.8599196 0.8581958 1.0302673 0.9229325 1.0570158 1.0824165 1.0668779 0.5298766 1.3096334 1.6721073 1.8215897 2.1241855 1.9988702 1.3405722 2.0781315 1.5720375 0.6360394 1.6253863 1.4842402 1.6098043 1.4918498 1.6542387 1.7001900 1.4665007 1.7600598 2.1010889 2.0178693 1.8569389 1.6842414 1.7282202 1.7975314 2.2454150 0.0000000 1.9284669 2.0283242 2.0375450 2.0772179 2.0665805 2.0648708 1.9955659 1.9556161 1.9355488 2.0724973 0.0000010 1.6445070 2.0839788 5.5310965 
Xestes_maker-XT_scaffold193-snap-gene-0.23-mRNA-1                  1.8892648 2.0314661 1.8336703 1.8751028 1.8435548 1.7842763 1.7913241 1.8860600 2.0339639 1.9244095 1.9602818 1.1503481 1.1187310 1.7478016 1.8348488 1.9621854 1.2509636 1.9001858 1.8390323 1.9631793 1.9774213 1.8868477 1.7169513 1.8766618 1.8558114 1.9080463 1.7709110 1.9175969 2.4681056 2.3884139 2.1007528 2.0372330 2.0598195 2.0938110 2.3782347 1.9284669 0.0000000 1.9782497 1.9674719 2.0492468 2.0359806 2.0307457 1.9715469 1.8721292 1.9520119 2.1943838 1.7655163 1.8830610 2.2807735 5.2100604 
TrH2_TrispH2_006931-RA                                             2.6847430 2.6289500 2.2981025 2.1870130 2.0511957 1.9616869 2.1806414 2.3475670 2.3437392 2.1879915 2.3182697 1.8401752 1.6415433 2.5371888 2.2437400 2.3237461 1.5424421 2.2971037 2.2719358 2.3741727 2.4051321 2.2896201 2.4200446 2.1114410 1.9993687 2.3770121 2.3596240 2.3345632 2.7073892 2.7982663 2.5209269 2.5413997 2.5903027 2.5952750 2.6545181 2.0283242 1.9782497 0.0000000 0.0043870 0.3487947 0.3425756 0.3346158 0.3414957 2.2150404 2.4674462 2.9840487 2.5433386 2.7394261 2.2630664 4.3263247 
Tadh_TriadT59629                                                   2.6847430 2.6224467 2.3300662 2.2107718 2.0692016 1.9743442 2.1914965 2.3580811 2.3539550 2.1916513 2.3106480 1.8395608 1.6415433 2.5311216 2.2324995 2.3130177 1.5500547 2.3175162 2.2996547 2.3826328 2.4483189 2.2976012 2.4314387 2.1295940 2.0159571 2.3569866 2.3427099 2.3254099 2.7009467 2.7660506 2.5316229 2.5439211 2.5756743 2.6046351 2.6545181 2.0375450 1.9674719 0.0043870 0.0000000 0.3483569 0.3433147 0.3341846 0.3434517 2.2464320 2.4771940 2.9769148 2.6619173 2.7464484 2.2732565 4.3020083 
Hhon_g07754.t1                                                     2.5642891 2.6251623 2.3040908 2.1662208 2.0529275 1.9619687 2.0980534 2.2109579 2.2674526 2.1292191 1.9437653 1.8196535 1.5955760 2.4978672 2.2308476 2.3860342 1.6445005 2.2472995 2.2597963 2.3579138 2.5251588 2.2241185 2.4001437 2.1179529 2.0121943 2.3846955 2.3048052 2.3495004 2.5786356 2.5307289 2.3241023 2.3796663 2.5243789 2.4860686 2.9464617 2.0772179 2.0492468 0.3487947 0.3483569 0.0000000 0.0057731 0.0910747 0.1035572 2.2611942 2.5481480 2.8443643 2.2645383 2.5317883 2.3419697 4.5333942 
HoiH04_mRNA4525                                                    2.5459587 2.6306531 2.2800966 2.1483507 2.0441085 1.9622516 2.0865103 2.1986578 2.2592850 2.1211781 1.9437653 1.8010434 1.5167200 2.4764696 2.2063531 2.3737633 1.6227548 2.2418932 2.2463386 2.3440750 2.4986112 2.2183325 2.3893848 2.1013230 2.0084018 2.3604501 2.3004356 2.3520418 2.5551059 2.5261891 2.3054284 2.3667111 2.5219029 2.4882905 2.9464617 2.0665805 2.0359806 0.3425756 0.3433147 0.0057731 0.0000000 0.0908817 0.1033278 2.2564853 2.5470988 2.8443643 2.2172042 2.5186490 2.2905046 4.5175425 
HoiH23_PlH23_006496-RA                                             2.5187919 2.6296795 2.3174566 2.1268751 2.0153983 1.9404216 2.0682488 2.2470872 2.2782337 2.2032577 1.8620875 1.7342924 1.5118519 2.3968446 2.2055996 2.3294228 1.6811423 2.2110970 2.2863213 2.3413729 2.4756740 2.3013374 2.4207570 2.0771342 1.9906891 2.3807742 2.3015443 2.3189226 2.5342934 2.5582238 2.3381100 2.5341560 2.5093238 2.4656276 2.8056772 2.0648708 2.0307457 0.3346158 0.3341846 0.0910747 0.0908817 0.0000000 0.0348027 2.2737446 2.4947181 2.8070625 1.9061190 2.5446199 2.3360880 4.5709068 
HoiH06_mRNA9016                                                    2.4726676 2.5052313 2.2914063 2.1300188 1.9595480 1.8979071 2.0263457 2.2371243 2.3077992 2.1194705 1.8997383 1.7590528 1.5213478 2.3209941 2.1498672 2.2950169 1.6177132 2.1238456 2.1505543 2.2394906 2.3594297 2.2316709 2.2847465 1.9278609 1.9315755 2.2698483 2.2919174 2.3221016 2.4477293 2.5604001 2.2146961 2.3235114 2.4608054 2.4394967 2.8187604 1.9955659 1.9715469 0.3414957 0.3434517 0.1035572 0.1033278 0.0348027 0.0000000 2.2599793 2.4866310 2.9117555 1.8520323 2.5426756 2.3323837 4.7051139 
Dpul_mRNA8890                                                      2.1466418 2.2207038 1.8196198 1.8889040 1.8891104 1.9717076 1.9708688 2.1937761 2.0815421 1.9385914 1.3867465 1.8622502 2.2573010 2.0618938 2.2323238 1.9895148 1.7567234 2.5523184 1.6912574 2.0591544 1.8589549 1.6284694 1.7434944 1.6504771 1.5690062 2.1704260 1.8188418 1.6294430 2.3289943 2.1781409 2.0555850 2.1958923 2.2717211 2.2450374 2.2890382 1.9556161 1.8721292 2.2150404 2.2464320 2.2611942 2.2564853 2.2737446 2.2599793 0.0000000 1.7658981 1.9995944 2.4417633 2.1933550 2.1301521 4.5037092 
Tcas_TC014151_001                                                  1.8635860 2.3723170 1.9939802 1.7969889 1.8667054 1.9016239 1.9622155 2.0339973 2.0309069 1.9432808 1.7222875 1.8006055 1.8930645 2.1584612 2.2708584 2.2254793 1.9772254 2.2811223 1.9150372 1.9927169 2.0907372 1.8474772 1.8050795 1.9456791 1.8414457 2.0617564 2.0070032 1.9282863 2.4677139 2.5209204 2.0988781 2.3247811 2.2446928 2.2117508 2.5209030 1.9355488 1.9520119 2.4674462 2.4771940 2.5481480 2.5470988 2.4947181 2.4866310 1.7658981 0.0000000 2.4435496 1.8342754 2.3298895 2.5711669 5.3438211 
Clacor_Ccor_C524717_01                                             0.0000010 1.4844389 1.4989621 1.9067605 1.9123073 1.7035911 1.8139075 3.2444119 2.1852922 2.2594283 0.0000010 2.4696480 3.0090666 1.4782865 1.4461357 1.1807977 2.0770272 3.2724952 2.2044566 2.3037622 2.1926264 1.7240470 2.0491649 1.7548092 1.6676529 2.1482855 1.7079860 1.9272758 2.6129776 2.4006287 2.0753965 2.1164997 2.5513652 2.4924990 4.1565293 2.0724973 2.1943838 2.9840487 2.9769148 2.8443643 2.8443643 2.8070625 2.9117555 1.9995944 2.4435496 0.0000000 0.0000010 2.4696186 2.9597283 6.6796317 
Spolac_c108516_g1_i1_m.45439c108516-g1                             0.0000010 2.2793288 2.8748203 2.4129170 2.4501108 2.1939535 2.5470176 2.8603127 2.8581767 2.6571656 3.0008829 1.8802354 0.0000010 1.8563950 0.0000010 2.1093766 0.0000010 0.7162286 3.1948249 2.2869166 2.8380599 2.4875799 2.5580858 2.0596239 2.2359410 1.9263142 2.1390640 2.6660486 3.3326602 2.3708869 0.0000010 0.0000010 2.2147196 2.0571987 0.0000010 0.0000010 1.7655163 2.5433386 2.6619173 2.2645383 2.2172042 1.9061190 1.8520323 2.4417633 1.8342754 0.0000010 0.0000000 1.8421468 0.0000010 6.1169991 
Sanmal_Sma_015710-T1                                               2.0408514 2.0996960 1.8200802 1.8259625 1.9639799 1.9074326 1.8697887 2.1007564 2.0187937 2.0146515 1.5779582 1.7473284 2.0138164 2.1451044 2.3917417 2.3461021 1.9792989 2.4393334 1.9142351 1.8933195 1.9111264 1.9208892 1.7736875 1.9479466 1.9596970 2.2856314 1.9607166 1.8318717 1.9708512 1.8616926 1.6441203 0.9166986 0.9971644 0.9425082 0.8377443 1.6445070 1.8830610 2.7394261 2.7464484 2.5317883 2.5186490 2.5446199 2.5426756 2.1933550 2.3298895 2.4696186 1.8421468 0.0000000 2.2687419 6.0295035 
Skow_XM_006817888.1                                                1.4313105 2.5696211 1.9394670 2.1802124 2.0820177 2.2532712 2.2282639 2.1111481 2.4437104 2.1383482 0.5486483 1.8688376 3.5614839 2.1482533 3.3959407 2.0823642 2.0700019 1.8236913 1.8054714 2.1540211 2.0682836 1.8229199 1.9115282 1.9020635 2.1723786 2.4508408 2.0080933 2.3779765 2.6398013 2.4036737 2.1657269 2.0205829 2.2071541 2.1992693 4.0611900 2.0839788 2.2807735 2.2630664 2.2732565 2.3419697 2.2905046 2.3360880 2.3323837 2.1301521 2.5711669 2.9597283 0.0000010 2.2687419 0.0000000 5.2906447 
Xestes_augustus_masked-XT_scaffold113370-processed-gene-0.2-mRNA-1 3.3371796 4.9648593 3.4292669 4.2086457 4.0968393 4.1413415 4.1654547 4.7290741 4.6269895 4.7010842 3.6545270 4.5109888 4.8379409 5.1044273 5.5818481 5.3502520 4.3800221 5.7525089 5.3590869 4.5375248 5.1085461 5.3241950 5.6787490 5.1761103 5.1529422 5.0790136 4.9870663 4.6965096 6.1443339 6.1076388 5.4278859 7.3426581 5.6484370 5.8105254 5.4272694 5.5310965 5.2100604 4.3263247 4.3020083 4.5333942 4.5175425 4.5709068 4.7051139 4.5037092 5.3438211 6.6796317 6.1169991 6.0295035 5.2906447 0.0000000 
