99
Drygla_Dgla_sb308827                                             0.0000000 0.0000010 0.0640054 0.0000010 0.0641625 0.3305844 0.1496363 0.2586745 0.2322443 0.2318351 0.5918545 0.5918545 0.6372609 0.3730753 0.4647534 0.4620278 0.4519310 0.4519310 0.4587498 0.6360728 0.5926432 3.7507253 0.5926432 0.3491376 2.7308457 0.6471360 1.3016581 0.7108098 0.6252507 0.6252507 0.6502742 3.2747334 0.9808461 3.0116013 0.8841766 2.5095720 2.8726582 2.4322336 2.4397616 2.5054570 2.5193256 2.4674264 2.7721635 2.3620943 2.5101161 2.4711456 2.3804651 2.3890316 2.4276026 2.7312858 2.4212496 2.3221083 2.3741083 2.6072518 2.3648045 2.2957318 2.4561078 2.4826045 2.7036107 2.1533964 2.3948173 2.3247600 0.0000010 2.4314194 2.4017733 3.0383428 2.6180980 2.6501114 2.4861546 2.1984247 0.0000010 3.3676594 3.3928087 3.3414668 4.2798116 3.1331286 3.0790029 3.4987059 2.8778759 2.6257566 3.3259782 3.2407602 3.3758885 3.3572161 3.5204731 3.2451729 3.1898286 2.7189291 2.9814975 3.0262854 3.1966225 4.5888515 3.4246565 3.3639245 3.3811496 3.6242185 3.2354155 2.7103302 3.1815516 
Drygla_Dgla_sb308831                                             0.0000010 0.0000000 0.0266923 0.0000010 0.0268284 0.3305844 0.3305844 0.3305844 0.3723718 0.3714042 0.6292551 0.6292551 0.6401151 0.3747421 0.3892857 0.3848064 0.5646252 0.5646252 0.5886217 7.3855685 0.6367009 3.7507253 0.6367009 0.2625861 2.7308457 0.6344564 5.1820786 0.8008688 0.6571691 0.6571691 0.7328625 0.0000010 0.9885820 3.0116013 9.0000000 2.9782498 2.8726582 2.7795425 2.7995303 2.8551803 4.0237290 2.7966937 4.1845156 2.6975312 2.7942785 2.7612754 2.6451929 2.8527331 2.8580060 2.7312858 2.8585143 9.0000000 2.6233843 3.3300655 2.7997891 2.7576960 2.6897138 2.7029345 3.3511623 2.3883655 2.8751343 2.7064385 0.0000010 2.9393361 2.3538974 3.5450333 3.1179131 3.2891353 2.7715573 9.0000000 0.0000010 3.4126558 9.0000000 3.2998120 3.8022605 3.8022605 3.6899207 0.0000010 2.6490120 3.4466815 3.9399830 3.7354728 3.8858499 3.8858499 4.2136783 3.9535673 3.8351139 2.9378334 3.0662891 2.9411409 3.1499932 5.2271542 3.6509330 3.6411837 3.9092924 3.8652748 3.4684575 3.0426928 3.6129628 
Drygla_Dgla_sb308821                                             0.0640054 0.0266923 0.0000000 0.0000010 0.0025481 0.3585714 0.2259607 0.2527949 0.1395953 0.0910379 0.4391514 0.4391514 0.6195641 0.2602580 0.3855045 0.3915896 0.3607207 0.3607207 0.3822294 0.5471595 0.5484625 3.7507253 0.5484625 0.3756215 2.7308457 0.5358839 0.7408596 0.6221134 0.5616386 0.5616386 0.5748814 0.6771869 0.9808461 2.6768974 0.7433845 2.0593255 2.8726582 2.0489577 2.0460985 2.0671080 1.9598769 2.1347440 2.5235305 1.9728404 1.9971932 2.0130301 1.9854935 1.9785524 2.0020335 2.7312858 2.0283324 1.7869400 1.9494472 2.2151345 1.9762267 1.8765545 2.0526828 2.0845881 2.2109724 1.8768207 2.0358119 1.9368960 2.1783193 2.0860681 1.6133198 2.4153708 2.0677357 2.2393736 1.9916633 1.5614005 1.5133502 2.8109449 3.0784143 3.3253961 3.1019646 2.5555769 2.4931448 3.4987059 2.6978142 2.8500181 2.7410921 2.6808607 2.7501632 2.7404437 2.7862945 2.6799327 2.6458490 2.7986278 2.5360158 2.6347886 3.1966225 4.5888515 2.9429832 3.0148760 2.9340284 3.5882245 2.6726543 2.2769034 3.0495945 
Drygla_Dgla_sb308830                                             0.0000010 0.0000010 0.0000010 0.0000000 0.0000010 0.3305844 0.2586745 0.2527949 0.2527949 0.2527949 0.6796129 0.6796129 0.6124878 0.3499204 0.3877901 0.4008893 0.5022964 0.5022964 0.4860462 1.2809072 0.6390244 3.7507253 0.6390244 0.3756215 2.7308457 0.6069947 3.9814147 0.7792490 0.5834461 0.5834461 0.6347450 1.0214463 0.9808461 2.4013849 0.0000010 2.6506740 2.8726582 2.5146770 2.5403006 2.5315995 2.7464392 2.4840076 3.6052665 2.4048884 2.5456414 2.7914624 2.6887243 2.6323004 2.6746914 2.7312858 2.6755888 3.7614774 2.5281375 3.0104122 2.5552942 2.5207000 2.6093851 2.4886187 3.0322738 2.2154830 2.6302622 2.5351273 0.0000010 2.7677885 2.0203229 3.1237724 2.8664319 2.9892811 2.7019252 1.6511897 0.9117115 3.0471845 3.0108274 2.8994413 3.0518814 3.0025481 3.0322398 0.0000010 2.4457131 3.3085991 3.5057508 3.3768755 3.4101344 3.4101344 3.7529226 3.5273446 3.4297392 2.8374203 2.7996640 2.8524012 3.1761972 5.2271542 3.3625341 3.2840241 3.4330300 3.5882245 3.2243645 2.8867262 3.2929728 
Drygla_Dgla_sb308826                                             0.0641625 0.0268284 0.0025481 0.0000010 0.0000000 0.3305844 0.1656011 0.2527949 0.1361726 0.1395953 0.4778675 0.4778675 0.6223718 0.2528469 0.3263422 0.3377720 0.3194945 0.3194945 0.3076599 0.4221340 0.4856545 3.7507253 0.4856545 0.3756215 2.7308457 0.5295493 0.8324176 0.6014180 0.4764032 0.4764032 0.4943451 2.3059893 0.9808461 2.5611238 0.3863954 2.2284354 2.8726582 2.1630556 2.1573067 2.1815458 2.0457683 2.1513989 2.7396601 2.0900104 2.1804859 2.1838114 2.1058012 2.1508529 2.1923863 2.7312858 2.1867544 1.8812962 2.1567393 2.3718384 2.1948162 2.0797716 2.2583308 2.2420972 2.4809263 1.9563488 2.1924632 2.1511966 0.0000010 2.2538137 2.3119886 2.7464180 2.3499455 2.3737312 2.2158287 1.5234748 1.5133502 3.1365360 2.7819580 3.1007455 3.8283481 2.8364765 2.7843332 3.4987059 2.6682239 2.4640502 3.0562803 3.0061995 3.1226241 3.1059354 3.2378842 2.9785550 2.9264226 2.7146412 2.7635949 2.7819398 3.1966225 4.5888515 3.1025252 3.0885883 3.1417113 3.5882245 3.1060756 2.4267083 3.1815516 
Drygla_Dgla_sb308823                                             0.3305844 0.3305844 0.3585714 0.3305844 0.3305844 0.0000000 0.0000010 0.0000010 0.0000010 0.0170957 0.2246740 0.2246740 0.2152293 0.3184083 0.3727258 0.3691524 0.5389141 0.5389141 0.5298705 4.3436220 0.2707864 0.3565079 0.2707864 0.2625861 0.3611643 0.5071098 4.0930554 0.3469958 0.6265990 0.6265990 0.6976121 2.5842481 0.3979303 3.0116013 4.5033472 1.7928183 1.5907321 1.6674578 1.7268851 1.7035724 3.7963334 1.7626175 3.3832895 1.7190260 1.7073158 1.6527877 1.6263005 1.7927176 1.7819825 1.0622384 1.9874036 6.8201782 1.5937629 2.0851244 1.6857398 1.7284751 1.7999079 1.7325009 1.9566691 2.4183803 1.9365233 1.7307164 8.4875576 1.7587577 3.2908964 2.4065371 2.0411425 2.2960919 1.8078946 4.5943196 0.0000010 1.9084077 3.6443961 1.8874183 2.4188276 2.4188276 2.3530305 9.0000000 1.5963280 2.2027705 2.7684574 2.6436634 2.6817447 2.6817447 2.8163562 2.6851331 2.7240467 2.1580796 2.2183730 2.0754454 2.2449211 2.7163991 2.7613045 2.7284778 2.8948784 2.3647751 2.2298705 2.3001620 2.1869209 
Drygla_Dgla_sb308819                                             0.1496363 0.3305844 0.2259607 0.2586745 0.1656011 0.0000010 0.0000000 0.0000010 0.0100186 0.0540123 0.3484742 0.3484742 0.3313337 0.2829329 0.4441518 0.4418244 0.4284541 0.4284541 0.3620926 0.7141634 0.3615942 0.3565079 0.3615942 0.3491376 0.3611643 0.5615347 1.1304555 0.4370093 0.5859353 0.5859353 0.6087974 2.8846469 0.4212593 3.0116013 0.7595446 1.9001730 1.5907321 1.8108597 1.8345522 1.8405004 2.4484197 1.9272355 2.7025992 1.8082091 1.8228991 1.8299262 1.7983122 1.8588997 1.8704721 1.0622384 1.9520958 2.2232781 1.7627495 2.0513858 1.7616643 1.7432784 1.9599851 1.9287178 2.0566763 2.0949440 1.9066541 1.8329353 5.1279921 1.8709143 4.2061985 2.4189473 2.0621594 2.1871171 1.9423910 2.0202399 0.0000010 2.5084065 3.0645739 2.5191085 3.3055995 2.5624324 2.5179151 3.9975335 2.1550904 2.1110244 2.7521797 2.6831367 2.7431821 2.7296692 2.8433340 2.6582864 2.6780866 2.2757521 2.4231205 2.3975198 2.3693390 2.6952436 2.9093539 2.8227637 2.8571373 2.3695953 2.5004076 2.3552484 2.1553477 
Drygla_Dgla_sb308822                                             0.2586745 0.3305844 0.2527949 0.2527949 0.2527949 0.0000010 0.0000010 0.0000000 0.0000010 0.0000010 0.3010096 0.3010096 0.2498821 0.3590781 0.3877901 0.4008893 0.5022964 0.5022964 0.5059804 1.8085904 0.3107428 0.3565079 0.3107428 0.3756215 0.3611643 0.5189018 3.9814147 0.3893768 0.5834461 0.5834461 0.6347450 1.0214463 0.4212593 2.4013849 0.0000010 1.7436280 1.5907321 1.6438101 1.6886465 1.6520992 2.7464392 1.7113665 3.0405146 1.6611707 1.7074766 1.7906304 1.7620542 1.7894076 1.8090732 1.0622384 1.9928363 3.7614774 1.6568921 2.0390978 1.6825771 1.7157877 1.8485411 1.7402269 1.9573751 2.2631394 1.9057911 1.7539439 0.0000010 1.8042113 2.0203229 2.3143435 2.0590178 2.2723885 1.9038485 2.8155678 0.9117115 1.9404022 2.4300939 1.9429897 2.2214520 2.1993875 2.1967628 6.8874023 1.6907272 2.2254326 2.6225563 2.5501619 2.5105183 2.5105183 2.6903983 2.5584887 2.5841966 2.1569134 2.1459524 2.1134556 2.3379946 2.7163991 2.7430452 2.6823289 2.7856732 2.3632001 2.2650675 2.2800143 2.1086767 
Drygla_Dgla_sb308818                                             0.2322443 0.3723718 0.1395953 0.2527949 0.1361726 0.0000010 0.0100186 0.0000010 0.0000000 0.0023047 0.2865284 0.2865284 0.3285690 0.2544825 0.3297473 0.3411430 0.3236222 0.3236222 0.3211018 0.5293078 0.3058778 0.3565079 0.3058778 0.3756215 0.3611643 0.4840533 0.8324176 0.3917335 0.4764032 0.4764032 0.4943451 2.3059893 0.4212593 2.5611238 0.3863954 1.7458087 1.5907321 1.6815752 1.7001426 1.6751175 2.0455110 1.7422790 2.5388909 1.6799385 1.7052183 1.7203196 1.6815769 1.7355177 1.7591592 1.0622384 1.8655139 1.9081408 1.6861398 1.9172768 1.7192355 1.6499323 1.8469155 1.8148540 1.9237414 1.9759605 1.8272911 1.7438062 0.0000010 1.7631326 2.3119886 2.2755655 1.9728130 2.0857802 1.8237228 1.6060514 1.5133502 2.3877096 2.7204149 2.4220637 3.0600287 2.3840112 2.3391556 3.9975335 2.1469343 1.9901156 2.6191568 2.5792111 2.6140666 2.6015372 2.6915836 2.5120762 2.5257830 2.2725756 2.3414036 2.3041389 2.3693390 2.6952436 2.7645203 2.7380885 2.7887877 2.3632001 2.4897438 2.1750222 2.0603607 
Drygla_Dgla_sb308817                                             0.2318351 0.3714042 0.0910379 0.2527949 0.1395953 0.0170957 0.0540123 0.0000010 0.0023047 0.0000000 0.3066832 0.3066832 0.3291570 0.2617183 0.3878465 0.3938891 0.3635448 0.3635448 0.3926302 0.6068967 0.4022198 0.3565079 0.4022198 0.3756215 0.3611643 0.5029878 0.7408596 0.4627898 0.5616386 0.5616386 0.5748814 0.6771869 0.4212593 2.6768974 0.7433845 1.7415279 1.5907321 1.7198911 1.7352554 1.7250271 1.9597315 1.8140963 2.4070487 1.6984676 1.6934382 1.7115386 1.7015273 1.7111637 1.7273488 1.0622384 1.8232280 1.7997087 1.6505745 1.9141837 1.6772308 1.6059189 1.7930854 1.7991193 1.8659112 1.8891803 1.7997743 1.6818424 2.1783193 1.7660574 1.6133198 2.1372985 1.8486071 2.0463899 1.7508419 1.5941881 1.5133502 2.3578724 3.0344063 2.7309040 2.7074658 2.2898607 2.2361355 3.9975335 2.2406508 2.3804524 2.4867440 2.4326997 2.4576515 2.4496088 2.4826262 2.4013450 2.4081499 2.3396371 2.2767867 2.3220634 2.3693390 2.6952436 2.7233270 2.7750830 2.7102425 2.3632001 2.3267928 2.1203592 2.0428383 
Beraby_Baby_sb348361                                             0.5918545 0.6292551 0.4391514 0.6796129 0.4778675 0.2246740 0.3484742 0.3010096 0.2865284 0.3066832 0.0000000 0.0000010 0.3588698 0.2991531 0.3347265 0.3319905 0.2985634 0.2985634 0.3738210 0.5687787 0.3982122 0.4289269 0.3982122 0.3868865 0.3463815 0.4380980 0.5669782 0.3819532 0.4702071 0.4779067 0.4770519 0.4910659 0.4096474 1.8618095 0.6134262 1.5871597 1.5244997 1.5549540 1.6187410 1.6100048 1.7335158 1.5777914 2.0773756 1.5709210 1.5785936 1.6237383 1.6482617 1.6058546 1.6691869 0.9751630 1.7879682 1.6535026 1.5652553 1.7518751 1.6149918 1.5657715 1.6631036 1.6750279 1.7849341 1.8531879 1.7610706 1.5984349 2.1618493 1.6592610 1.3941507 2.0669473 1.7282074 2.0958473 1.7325832 1.5739220 1.7125706 2.2060100 2.8567468 2.5157877 2.6928945 2.2771832 2.2202339 4.7245544 2.1413511 2.4671435 2.4208724 2.3462371 2.3211335 2.3122732 2.2740216 2.2748358 2.2781646 2.3385393 2.0911336 2.0672766 2.3435903 2.7462394 2.5838144 2.5835429 2.5176378 2.1939254 2.1272757 1.9685063 1.9690225 
Beraby_Baby_sb348362                                             0.5918545 0.6292551 0.4391514 0.6796129 0.4778675 0.2246740 0.3484742 0.3010096 0.2865284 0.3066832 0.0000010 0.0000000 0.3588698 0.2991531 0.3347265 0.3319905 0.2985634 0.2985634 0.3738210 0.5687787 0.3982122 0.4289269 0.3982122 0.3868865 0.3463815 0.4380980 0.5669782 0.3819532 0.4702071 0.4779067 0.4770519 0.4910659 0.4096474 1.8618095 0.6134262 1.5871597 1.5244997 1.5549540 1.6187410 1.6100048 1.7335158 1.5777914 2.0773756 1.5709210 1.5785936 1.6237383 1.6482617 1.6058546 1.6691869 0.9751630 1.7879682 1.6535026 1.5652553 1.7518751 1.6149918 1.5657715 1.6631036 1.6750279 1.7849341 1.8531879 1.7610706 1.5984349 2.1618493 1.6592610 1.3941507 2.0669473 1.7282074 2.0958473 1.7325832 1.5739220 1.7125706 2.2060100 2.8567468 2.5157877 2.6928945 2.2771832 2.2202339 4.7245544 2.1413511 2.4671435 2.4208724 2.3462371 2.3211335 2.3122732 2.2740216 2.2748358 2.2781646 2.3385393 2.0911336 2.0672766 2.3435903 2.7462394 2.5838144 2.5835429 2.5176378 2.1939254 2.1272757 1.9685063 1.9690225 
Mlei_ML0259.g2.i1                                                0.6372609 0.6401151 0.6195641 0.6124878 0.6223718 0.2152293 0.3313337 0.2498821 0.3285690 0.3291570 0.3588698 0.3588698 0.0000000 0.1284201 0.5510665 0.5519006 0.3635117 0.3635117 0.4099489 0.9582019 0.3657068 0.2989789 0.3657068 0.3466664 0.2892512 0.6044701 3.1058190 0.4674246 0.7194794 0.7194794 0.7844257 0.0000010 0.3541265 2.9428279 3.3509388 1.9307653 1.5553601 1.8320184 1.8727163 1.8879280 2.8756102 1.9525938 2.9654404 1.8633292 1.8834413 2.0946102 2.0778167 1.9992591 1.9733962 0.9943684 2.1186600 2.6369432 1.8831363 2.0629707 1.8952296 1.9069865 1.9902094 2.0151202 2.1333069 2.4765431 2.0585931 1.9445362 8.2089341 2.0018415 4.1465385 2.5424233 2.3087944 2.4749255 2.2208995 6.0178672 0.0000010 2.4590368 5.6400686 2.7112814 2.7805055 2.6009124 2.6242027 4.5630673 2.2732092 2.2952357 2.9315612 2.8934328 2.9553498 2.9381473 3.0215712 2.8086185 2.8579657 2.4881565 2.5325879 2.3556260 2.3330881 2.6092745 3.1390893 3.1128624 3.2088591 2.3510887 2.5278227 2.5552003 1.9428394 
Vmul_sbMO418855                                                  0.3730753 0.3747421 0.2602580 0.3499204 0.2528469 0.3184083 0.2829329 0.3590781 0.2544825 0.2617183 0.2991531 0.2991531 0.1284201 0.0000000 0.3030931 0.3124753 0.1837444 0.1837444 0.1857763 0.3426189 0.3499663 3.6607012 0.3499663 0.3934624 2.9095098 0.3760317 0.7050348 0.4334054 0.4255279 0.4316083 0.4541757 1.8791403 0.6509929 2.7904042 0.4789128 1.8906077 2.5141551 1.8516276 1.8368469 1.9063366 1.9437223 1.9188295 2.2967236 1.7948404 1.8537589 2.0105971 2.0090998 1.9639221 1.9543576 1.3801753 1.8959578 1.7333312 1.8368932 1.9536681 1.8381557 1.8328409 1.9360620 1.9675255 1.9949586 1.9122673 1.9362973 1.8008480 9.0000000 1.8817071 2.7030014 2.3329432 1.9609492 1.9372360 1.9579217 1.4804266 1.1934491 2.8402641 2.6888620 3.0256658 3.9935472 2.7738161 2.8349271 3.4914508 2.4528818 2.3140020 3.2382032 3.1927200 3.2943281 3.2741581 3.3679831 3.0942527 3.0942527 2.6475525 2.6363598 2.5210546 2.8469362 3.8373668 2.9459539 2.9628224 2.8622131 4.1958016 2.5380368 2.2712622 2.5927028 
Bolinf_Binf_sb1212724                                            0.4647534 0.3892857 0.3855045 0.3877901 0.3263422 0.3727258 0.4441518 0.3877901 0.3297473 0.3878465 0.3347265 0.3347265 0.5510665 0.3030931 0.0000000 0.0022538 0.3275956 0.3275956 0.3380373 0.4835986 0.4614448 0.0000010 0.4614448 0.4940176 0.0000010 0.3930919 0.6307685 0.4625590 0.4183787 0.4183787 0.4190612 0.6418830 1.0843340 2.5581122 0.6311462 1.8989646 5.5540696 1.8743435 1.8653847 1.9757000 1.8506799 2.0017020 2.0990920 1.8666802 1.8112059 1.9315388 1.9417373 1.9626332 1.9906046 0.0000010 2.0139037 1.7856260 1.8995110 2.1288356 1.8668473 1.8575104 2.0654650 2.0144454 2.0394859 1.8256165 1.8256165 1.8721055 2.3536067 1.8815704 1.6065142 2.3114762 1.9594330 2.1045815 1.9583294 1.7021921 0.0000010 2.7888771 3.1006468 3.4196501 3.4335356 2.7008773 2.6761819 4.2562741 2.6531446 2.9740796 2.9234910 2.8744787 2.8630800 2.8467812 2.9263709 2.8955286 2.8919195 2.9299993 2.5141105 2.5611024 3.3658006 2.3912239 2.8504293 3.0390839 2.9100015 4.5924197 2.3394905 2.2190300 2.3928588 
Mertsp_Mesp_sb565476                                             0.4620278 0.3848064 0.3915896 0.4008893 0.3377720 0.3691524 0.4418244 0.4008893 0.3411430 0.3938891 0.3319905 0.3319905 0.5519006 0.3124753 0.0022538 0.0000000 0.3204551 0.3204551 0.3448451 0.5399090 0.5119185 9.0000000 0.5119185 0.5233994 0.0000010 0.3908721 0.6307685 0.4629126 0.4114205 0.4306736 0.4092038 0.5500690 1.0751339 2.3085109 0.6484328 1.7531008 3.9448079 1.7244358 1.7895828 1.8101457 1.7328420 1.7846349 1.8735449 1.6796969 1.6943500 1.7473875 1.7714794 1.8021991 1.8405005 0.0000010 1.8463715 1.6774420 1.7355348 1.8836094 1.7787856 1.6596810 1.8303294 1.8516204 1.8897534 1.7600317 1.7610529 1.7014106 2.3536067 1.7353890 1.4110753 2.1203379 1.7391073 2.0979187 1.7662185 1.5460916 2.0775331 2.5507014 3.0338587 3.0281141 3.2506504 2.6740155 2.6593627 4.2562741 2.6539765 2.9176142 2.8711213 2.6169090 2.6013538 2.5894711 2.6198320 2.6832122 2.7183882 2.9432425 2.2493779 2.2948028 3.3625819 2.6698729 2.6023254 2.7852526 2.6375010 3.9508631 2.1739083 2.1005940 2.3806531 
Bolinf_Binf_sb1254867                                            0.4519310 0.5646252 0.3607207 0.5022964 0.3194945 0.5389141 0.4284541 0.5022964 0.3236222 0.3635448 0.2985634 0.2985634 0.3635117 0.1837444 0.3275956 0.3204551 0.0000000 0.0000010 0.0243007 0.4577645 0.4686189 0.0000010 0.4686189 0.6040862 0.0000010 0.4261982 0.6271278 0.5143382 0.4882925 0.5051034 0.4814667 0.6061865 0.9222066 2.4595014 0.6416088 1.8057231 3.6130512 1.7538597 1.8397773 1.8021543 1.7452589 1.7684145 1.8770867 1.7242059 1.6898588 1.7754420 1.8144625 1.7493275 1.8225029 0.0000010 1.8469671 1.6582370 1.7280491 1.8677119 1.7369634 1.6908284 1.7655087 1.8067452 1.9244756 1.8246491 1.8246491 1.6939553 2.3059619 1.8281133 1.4022567 2.2527591 1.7521857 2.0570872 1.7797387 1.5374580 1.8997018 2.3450509 2.8369453 2.8727532 3.0020657 2.4705266 2.4473960 3.7388586 2.6381304 2.8799852 2.8255568 2.6442612 2.6629404 2.6504264 2.6793158 2.7252736 2.7224122 2.9306899 2.3066442 2.3378443 3.1397369 2.3662593 2.6710710 2.7994451 2.6960470 3.8052309 2.2130189 2.0069308 2.3303896 
Bolinf_Binf_sb1254868                                            0.4519310 0.5646252 0.3607207 0.5022964 0.3194945 0.5389141 0.4284541 0.5022964 0.3236222 0.3635448 0.2985634 0.2985634 0.3635117 0.1837444 0.3275956 0.3204551 0.0000010 0.0000000 0.0243007 0.4577645 0.4686189 0.0000010 0.4686189 0.6040862 0.0000010 0.4261982 0.6271278 0.5143382 0.4882925 0.5051034 0.4814667 0.6061865 0.9222066 2.4595014 0.6416088 1.8057231 3.6130512 1.7538597 1.8397773 1.8021543 1.7452589 1.7684145 1.8770867 1.7242059 1.6898588 1.7754420 1.8144625 1.7493275 1.8225029 0.0000010 1.8469671 1.6582370 1.7280491 1.8677119 1.7369634 1.6908284 1.7655087 1.8067452 1.9244756 1.8246491 1.8246491 1.6939553 2.3059619 1.8281133 1.4022567 2.2527591 1.7521857 2.0570872 1.7797387 1.5374580 1.8997018 2.3450509 2.8369453 2.8727532 3.0020657 2.4705266 2.4473960 3.7388586 2.6381304 2.8799852 2.8255568 2.6442612 2.6629404 2.6504264 2.6793158 2.7252736 2.7224122 2.9306899 2.3066442 2.3378443 3.1397369 2.3662593 2.6710710 2.7994451 2.6960470 3.8052309 2.2130189 2.0069308 2.3303896 
Mertsp_Mesp_sb575120                                             0.4587498 0.5886217 0.3822294 0.4860462 0.3076599 0.5298705 0.3620926 0.5059804 0.3211018 0.3926302 0.3738210 0.3738210 0.4099489 0.1857763 0.3380373 0.3448451 0.0243007 0.0243007 0.0000000 0.4064947 0.4518104 9.0000000 0.4518104 0.6536225 9.0000000 0.4776161 0.7386619 0.5776351 0.5310110 0.5310110 0.5184455 1.3183626 0.9533444 2.6501628 0.6494347 2.1154149 4.2682458 2.0799630 2.0525126 2.0816319 1.9747028 2.1196491 2.2460576 2.0198902 2.0010281 2.1408101 2.1830595 2.0737991 2.2446012 0.0000010 2.2011536 1.9715436 2.0480451 2.2488564 1.9900470 1.9409532 2.0897819 2.1665048 2.1409629 2.1137777 2.1344166 1.9434790 2.6978826 2.0970601 1.9225857 2.5906341 2.2229229 2.1951376 2.1085442 1.7621865 2.3061081 2.9785766 2.7500703 3.3223293 3.7636632 2.7280156 2.7707958 3.7388586 2.6796035 2.6590599 3.3567653 3.2990626 3.4629146 3.4397620 3.5076044 3.3744727 3.3693441 2.9554860 2.7589025 2.6634443 3.3454105 2.3344790 2.9789965 3.1404532 3.0752615 4.5395811 2.7049992 2.3874037 2.9724386 
Pbac_sb2660377                                                   0.6360728 7.3855685 0.5471595 1.2809072 0.4221340 4.3436220 0.7141634 1.8085904 0.5293078 0.6068967 0.5687787 0.5687787 0.9582019 0.3426189 0.4835986 0.5399090 0.4577645 0.4577645 0.4064947 0.0000000 0.0694242 6.8311561 0.0694242 1.1032570 4.0868784 0.6276032 0.5443486 0.6968527 0.5580862 0.5819665 0.5749890 0.8250546 3.2160417 0.2417633 0.7923533 1.7810042 6.6100854 1.7594992 1.8430693 1.7938990 1.5806872 1.7712555 1.9059386 1.7158896 1.7103314 1.6802214 1.6934009 1.6634609 1.8882292 2.3647501 1.9571123 1.7208563 1.7446548 1.8437154 1.7313026 1.5403844 1.7581615 1.8427810 1.8648912 1.6659019 1.8225984 1.7453310 2.2734330 1.6985845 1.5906152 2.1852271 1.8149578 2.1314239 1.8149969 1.5657676 2.1587157 2.7070100 2.9187595 3.0840078 3.0642847 2.4330966 2.3530716 4.4783172 3.0617803 2.6920885 2.7581242 2.4695749 2.4689157 2.4620445 2.4396535 2.5233002 2.5686536 2.8812094 2.3090631 2.3384915 4.3512931 4.8290685 2.7385619 2.6907830 2.7038662 3.2265139 2.2784992 2.1386065 3.6640282 
Horcal_Hcv1.av93.c4.g620.i1                                      0.5926432 0.6367009 0.5484625 0.6390244 0.4856545 0.2707864 0.3615942 0.3107428 0.3058778 0.4022198 0.3982122 0.3982122 0.3657068 0.3499663 0.4614448 0.5119185 0.4686189 0.4686189 0.4518104 0.0694242 0.0000000 0.0000010 0.0000010 0.0604419 0.1491023 0.5383523 0.8176236 0.5025740 0.5608648 0.5796421 0.5865241 0.8255305 0.4277557 0.6225938 0.7686481 1.6530761 1.5619391 1.6016364 1.6450234 1.6400354 1.7304705 1.6222849 2.0827900 1.5785946 1.5606932 1.5470114 1.5628821 1.6537102 1.7104290 1.0561962 1.8156892 1.7009088 1.5809903 1.7609794 1.6026760 1.5083506 1.6059325 1.6525917 1.7690173 1.7734492 1.7163796 1.6350466 2.2891059 1.5873858 1.5826040 2.1090099 1.7471431 2.0441348 1.7147313 1.5268643 2.1524934 2.3294481 2.8838332 2.5524250 2.7194606 2.3197497 2.2583304 4.3838786 2.2136928 2.3900625 2.5571131 2.3422297 2.3359751 2.3313724 2.3785906 2.3814084 2.4256674 2.3591896 2.2031008 2.1420070 2.3179644 2.4300770 2.6332299 2.5852197 2.6206198 2.1702300 2.1215628 2.0295059 2.1834312 
Pbac_sb2667856                                                   3.7507253 3.7507253 3.7507253 3.7507253 3.7507253 0.3565079 0.3565079 0.3565079 0.3565079 0.3565079 0.4289269 0.4289269 0.2989789 3.6607012 0.0000010 9.0000000 0.0000010 0.0000010 9.0000000 6.8311561 0.0000010 0.0000000 0.0000010 0.0000010 2.3989518 1.6921516 0.0000010 0.4907222 0.0000010 0.0000010 0.0000010 0.0000010 0.4964105 0.0000010 0.0000010 2.3695671 2.1581821 1.9133076 2.4021125 2.2101471 0.0000010 2.0350175 2.0350175 2.5257059 2.3855956 2.4401829 2.2858296 0.0000010 2.5779396 0.0000010 2.8483789 0.0000010 1.2394141 3.0548260 2.5963004 2.0163848 2.2460427 2.4541812 1.6313577 0.0000010 3.2916045 2.6747410 0.0000010 2.3974887 0.0000010 3.3823746 2.6309164 7.8712078 2.6447508 5.4265546 0.0000010 1.6457142 1.8556183 1.7339853 3.0336292 3.0336292 2.7941518 0.0000010 4.2776421 0.0000010 2.2837477 2.2837477 2.8751167 2.8751167 2.5021937 2.5262519 2.5262519 2.6229951 2.6229951 2.0381707 2.8056443 3.5149004 3.0654396 2.1841700 2.1313537 2.4376721 2.9011195 2.9412381 3.0097448 
Horcal_Hcv1.av93.c4.g620.i2                                      0.5926432 0.6367009 0.5484625 0.6390244 0.4856545 0.2707864 0.3615942 0.3107428 0.3058778 0.4022198 0.3982122 0.3982122 0.3657068 0.3499663 0.4614448 0.5119185 0.4686189 0.4686189 0.4518104 0.0694242 0.0000010 0.0000010 0.0000000 0.0604419 0.1491023 0.5383523 0.8176236 0.5025740 0.5608648 0.5796421 0.5865241 0.8255305 0.4277557 0.6225938 0.7686481 1.6530761 1.5619391 1.6016364 1.6450234 1.6400354 1.7304705 1.6222849 2.0827900 1.5785946 1.5606932 1.5470114 1.5628821 1.6537102 1.7104290 1.0561962 1.8156892 1.7009088 1.5809903 1.7609794 1.6026760 1.5083506 1.6059325 1.6525917 1.7690173 1.7734492 1.7163796 1.6350466 2.2891059 1.5873858 1.5826040 2.1090099 1.7471431 2.0441348 1.7147313 1.5268643 2.1524934 2.3294481 2.8838332 2.5524250 2.7194606 2.3197497 2.2583304 4.3838786 2.2136928 2.3900625 2.5571131 2.3422297 2.3359751 2.3313724 2.3785906 2.3814084 2.4256674 2.3591896 2.2031008 2.1420070 2.3179644 2.4300770 2.6332299 2.5852197 2.6206198 2.1702300 2.1215628 2.0295059 2.1834312 
Pbac_sb2660378                                                   0.3491376 0.2625861 0.3756215 0.3756215 0.3756215 0.2625861 0.3491376 0.3756215 0.3756215 0.3756215 0.3868865 0.3868865 0.3466664 0.3934624 0.4940176 0.5233994 0.6040862 0.6040862 0.6536225 1.1032570 0.0604419 0.0000010 0.0604419 0.0000000 0.0000010 0.3918209 4.4126530 0.4402866 0.5907491 0.5937141 0.6527490 1.3294146 0.6256766 2.4105510 0.0000010 2.1384242 1.9556254 1.9735058 2.0102380 2.0777271 2.9236495 2.1336913 2.9350853 1.8820867 1.9768922 1.9491093 2.0555800 2.0943652 2.0693583 0.9642382 2.0190746 1.3792966 1.8124066 2.2919333 1.9830820 2.3009976 1.9671993 1.7366122 2.2683531 2.1683156 2.1683156 1.9910015 0.0000010 2.1218883 1.5471893 2.7151855 2.0925176 2.1719721 1.9516771 1.0869064 1.8810953 2.4476968 3.0015696 2.5427508 3.2551753 3.1844302 3.1406600 0.0000010 1.6341939 2.7127555 3.7712887 3.2629362 3.2458933 3.2458933 3.6346839 3.4417295 3.4497581 2.3529612 2.2828537 2.2214534 2.4082562 2.1749214 2.9340234 2.9651622 3.1552033 3.2121379 2.3804016 2.5034724 2.7409527 
Pbac_sb2639271                                                   2.7308457 2.7308457 2.7308457 2.7308457 2.7308457 0.3611643 0.3611643 0.3611643 0.3611643 0.3611643 0.3463815 0.3463815 0.2892512 2.9095098 0.0000010 0.0000010 0.0000010 0.0000010 9.0000000 4.0868784 0.1491023 2.3989518 0.1491023 0.0000010 0.0000000 1.0030306 0.0000010 0.3661480 0.0000010 0.0000010 0.0000010 0.0000010 0.3365970 0.0000010 0.0000010 1.2864844 1.2987037 1.2344664 1.2709496 1.2316091 0.0000010 1.1717805 3.4782741 1.3091997 1.2655747 1.2735257 1.2209271 1.0497603 1.2976868 1.1027144 1.8690077 0.0000010 1.3990899 1.4552710 1.2964222 1.3335677 1.2356815 1.4120258 1.6072762 8.4974176 1.5398277 1.3912992 0.0000010 1.1221037 0.0000010 1.8451138 1.7875800 1.9305994 1.8586566 0.0000010 0.0000010 1.7682774 1.6418768 1.7458348 2.0617354 2.0617354 1.9490833 9.0000000 1.6373596 1.2751048 1.5020718 1.4749314 1.4287199 1.4287199 1.4300495 1.4502788 1.4122955 1.8651898 1.8651898 1.8127971 2.1313544 2.5602415 2.5067594 2.9473225 2.7142955 1.3894066 1.8785293 1.9700901 2.0554408 
Lampan_Lpan_14476_01                                             0.6471360 0.6344564 0.5358839 0.6069947 0.5295493 0.5071098 0.5615347 0.5189018 0.4840533 0.5029878 0.4380980 0.4380980 0.6044701 0.3760317 0.3930919 0.3908721 0.4261982 0.4261982 0.4776161 0.6276032 0.5383523 1.6921516 0.5383523 0.3918209 1.0030306 0.0000000 0.5659394 0.4403387 0.4072168 0.4272294 0.4231916 0.5169990 0.6905997 1.6465473 0.6921421 1.6855754 1.9280612 1.6496279 1.7295571 1.6685670 1.7089471 1.7398699 2.0641150 1.6790420 1.6527337 1.6966625 1.7475470 1.7288023 1.7702360 1.4070233 1.8191322 1.6887239 1.7608697 1.8678681 1.7190648 1.6645019 1.7443990 1.7362829 1.9439743 1.8366442 1.8278647 1.7809110 2.2881715 1.7256828 1.3228808 2.1523334 1.9118103 2.3101181 1.8038979 1.6139453 1.8974738 2.5397828 3.1200039 2.8541360 3.0182964 2.5788171 2.5698294 4.7135583 2.5737214 2.7759174 2.7812815 2.5104341 2.4975419 2.4815292 2.5010699 2.4958731 2.5267311 2.6627192 2.1489240 2.1539654 2.7289464 2.9439265 2.7442549 2.7257031 2.6987532 2.5767540 2.3224298 2.0765492 2.3333588 
Vmul_sbMO461163                                                  1.3016581 5.1820786 0.7408596 3.9814147 0.8324176 4.0930554 1.1304555 3.9814147 0.8324176 0.7408596 0.5669782 0.5669782 3.1058190 0.7050348 0.6307685 0.6307685 0.6271278 0.6271278 0.7386619 0.5443486 0.8176236 0.0000010 0.8176236 4.4126530 0.0000010 0.5659394 0.0000000 0.1878324 0.3015388 0.3015388 0.3015388 0.2442830 4.7658174 4.8519815 0.6769673 2.2869924 9.0000000 2.2084596 2.1921979 2.2444468 2.2298391 2.3538983 2.4480390 2.1474457 2.0711946 1.9101220 1.9864343 1.9322504 1.9910361 0.0000010 1.9949215 1.5192752 1.8315817 2.2163729 1.9807272 1.9283040 2.1292508 2.0998467 2.1477276 1.8841716 1.8841716 2.0530576 2.0935766 1.9572446 1.6008970 2.5497854 1.9107232 2.0982346 1.9911452 1.5510999 0.0000010 2.6086847 2.8449569 2.9487639 3.8166720 2.6650348 2.6664644 2.1803806 2.4009147 3.4225442 2.8780249 2.9876004 2.8473612 2.8665951 2.8571874 2.9540055 2.9487753 3.7402409 2.5393888 2.5902697 8.9999982 0.0000010 3.2191421 3.4489344 3.1070988 8.9999988 2.6829748 2.4230788 2.2668034 
Vmul_Simscaffold15035_01                                         0.7108098 0.8008688 0.6221134 0.7792490 0.6014180 0.3469958 0.4370093 0.3893768 0.3917335 0.4627898 0.3819532 0.3819532 0.4674246 0.4334054 0.4625590 0.4629126 0.5143382 0.5143382 0.5776351 0.6968527 0.5025740 0.4907222 0.5025740 0.4402866 0.3661480 0.4403387 0.1878324 0.0000000 0.1956181 0.2102849 0.2123751 0.2332795 0.3584998 2.3132840 0.6627818 1.6547413 1.5183536 1.6041005 1.6423512 1.6281018 1.7960379 1.6538165 2.1001302 1.6407153 1.5820820 1.5763326 1.5917286 1.6041646 1.6227542 0.9797732 1.6867261 1.6403740 1.6646940 1.7760546 1.5849817 1.6037698 1.7310051 1.7450529 1.7824635 1.8465149 1.7516782 1.7068910 2.0935766 1.6715032 1.3841076 2.1201969 1.7449324 2.1306247 1.7439462 1.4777859 2.1531154 2.3095949 3.0255931 2.5068315 2.7996207 2.3872839 2.2982788 4.7385052 2.2058461 2.6341306 2.5454804 2.4097501 2.3784676 2.3787757 2.3945481 2.4305542 2.4600831 2.3377592 2.0947424 2.0693231 2.2819347 2.5920599 2.5243222 2.4663828 2.5679041 2.3808760 2.1686459 2.0391071 2.1022503 
Coeast_Cast_sb801030                                             0.6252507 0.6571691 0.5616386 0.5834461 0.4764032 0.6265990 0.5859353 0.5834461 0.4764032 0.5616386 0.4702071 0.4702071 0.7194794 0.4255279 0.4183787 0.4114205 0.4882925 0.4882925 0.5310110 0.5580862 0.5608648 0.0000010 0.5608648 0.5907491 0.0000010 0.4072168 0.3015388 0.1956181 0.0000000 0.0124562 0.0147660 0.0790470 0.9171020 2.1637173 0.7021595 1.9002552 5.1768397 1.8857790 1.9825124 1.9103116 1.8236037 1.9398490 2.0170027 1.8927870 1.7784249 1.7876579 1.8115330 1.7484804 1.8123797 0.0000010 1.7809852 1.6088818 1.7919636 1.9311014 1.7779240 1.7042057 1.8766340 1.9223042 1.9256716 1.7969006 1.7969006 1.7609703 1.9408885 1.7184028 1.3744264 2.2191061 1.8473785 2.1493432 1.8349160 1.5119043 1.5883318 2.5034303 2.9115608 2.8770000 3.1368719 2.5381128 2.4995309 5.1174795 2.7195422 3.0961768 2.7790343 2.6008734 2.5631546 2.5636492 2.5880571 2.6754696 2.6725475 2.6926545 2.2158684 2.2533314 2.5029120 3.7435530 2.5448956 2.6297716 2.5901147 4.1193870 2.2899960 1.9699890 2.8282960 
Coeast_Cast_sb801033                                             0.6252507 0.6571691 0.5616386 0.5834461 0.4764032 0.6265990 0.5859353 0.5834461 0.4764032 0.5616386 0.4779067 0.4779067 0.7194794 0.4316083 0.4183787 0.4306736 0.5051034 0.5051034 0.5310110 0.5819665 0.5796421 0.0000010 0.5796421 0.5937141 0.0000010 0.4272294 0.3015388 0.2102849 0.0124562 0.0000000 0.0149375 0.1184070 0.9171020 2.7676457 0.7021595 1.9604786 5.1768397 1.9503152 1.9825124 1.9724832 1.8864151 2.0088383 2.0912367 1.9709577 1.8422208 1.8549272 1.8639894 1.8255751 1.8906222 0.0000010 1.8654945 1.6689427 1.8625504 2.0482599 1.8084614 1.8015069 1.9410747 1.9550763 2.0295053 1.8152847 1.8152847 1.8108074 1.9408885 1.7516354 1.5117001 2.2927860 1.9568393 2.1493432 1.8914526 1.5579578 1.3756510 2.5365358 2.9343313 3.0052178 3.1567680 2.5284579 2.5045614 5.1174795 2.7195422 3.0737958 2.7790343 2.6652030 2.6290536 2.6296060 2.6562739 2.7539195 2.7507486 2.6926545 2.2723200 2.3071112 2.5029120 3.7435530 2.5664696 2.7209003 2.6421265 4.1193870 2.3229187 2.0254496 2.8282960 
Coeast_Cast_sb801034                                             0.6502742 0.7328625 0.5748814 0.6347450 0.4943451 0.6976121 0.6087974 0.6347450 0.4943451 0.5748814 0.4770519 0.4770519 0.7844257 0.4541757 0.4190612 0.4092038 0.4814667 0.4814667 0.5184455 0.5749890 0.5865241 0.0000010 0.5865241 0.6527490 0.0000010 0.4231916 0.3015388 0.2123751 0.0147660 0.0149375 0.0000000 0.0973052 1.0946571 2.7095538 0.7021595 1.8714497 4.1317456 1.8623903 1.9316169 1.8794077 1.8434408 1.9101862 1.9915376 1.8768361 1.7532120 1.7590881 1.7750190 1.7416118 1.8218484 0.0000010 1.7978416 1.6596090 1.7878104 1.9542060 1.7250098 1.7068020 1.8605641 1.8787137 1.9451113 1.7798214 1.7798214 1.7424541 1.9408885 1.7216419 1.4151033 2.2219117 1.8963662 2.1579157 1.8161997 1.4830851 1.2199107 2.4461347 2.8930323 2.9120072 3.1368719 2.5227618 2.4827394 5.1174795 2.6907566 3.0107384 2.7898496 2.6296567 2.5893457 2.5898797 2.6198914 2.7364145 2.7332661 2.7535818 2.2497834 2.2767142 2.7189160 3.7435530 2.5337998 2.6824451 2.6221375 3.8929087 2.2728125 1.9923668 2.6957164 
Coemet_Cmet_scaffold19812_01                                     3.2747334 0.0000010 0.6771869 1.0214463 2.3059893 2.5842481 2.8846469 1.0214463 2.3059893 0.6771869 0.4910659 0.4910659 0.0000010 1.8791403 0.6418830 0.5500690 0.6061865 0.6061865 1.3183626 0.8250546 0.8255305 0.0000010 0.8255305 1.3294146 0.0000010 0.5169990 0.2442830 0.2332795 0.0790470 0.1184070 0.0973052 0.0000000 0.0000010 1.8961727 0.7903253 1.5721830 0.0000010 1.5402090 1.5677924 1.5550390 1.5487637 1.6125976 1.6558341 1.5086654 1.4534162 1.2679586 1.3072129 1.4038420 1.4077648 0.0000010 1.3507157 1.4554554 1.4445078 1.4487737 1.3710108 1.2473379 1.3481494 1.4048842 1.4634654 1.3838778 1.3838778 1.3644660 1.5973790 1.3049904 1.3110588 1.5647320 1.2584280 1.7552153 1.4435966 1.4435966 1.9806623 1.9804832 3.1957605 2.3650150 2.0977670 2.0480363 1.9176059 0.0000010 4.7820375 5.2031260 1.9299727 1.8500044 1.7186779 1.7186779 1.7376368 1.8834196 2.0256380 2.7479663 1.6378453 1.7442323 0.0000010 0.0000010 2.4915835 2.2924422 2.4005673 1.4680959 1.8033357 1.8405335 1.2983004 
Eupdun_Edun_sb10656828                                           0.9808461 0.9885820 0.9808461 0.9808461 0.9808461 0.3979303 0.4212593 0.4212593 0.4212593 0.4212593 0.4096474 0.4096474 0.3541265 0.6509929 1.0843340 1.0751339 0.9222066 0.9222066 0.9533444 3.2160417 0.4277557 0.4964105 0.4277557 0.6256766 0.3365970 0.6905997 4.7658174 0.3584998 0.9171020 0.9171020 1.0946571 0.0000010 0.0000000 3.1842360 0.0000010 1.4416230 1.3960013 1.3958920 1.4400430 1.4881352 2.5047048 1.4788309 2.7052652 1.3973942 1.3960004 1.4337989 1.4361497 1.4593725 1.4970229 0.9693564 1.7054253 0.0000010 1.3874724 1.7734044 1.3758994 1.4523343 1.5960315 1.5521363 1.7320329 1.9349066 1.5847790 1.5075026 0.0000010 1.4631460 2.3945614 2.0006885 1.7709972 2.0181005 1.5989403 6.6999634 0.0000010 1.7839257 2.9304382 1.7634797 2.2646339 2.2646339 2.1671807 9.0000000 1.5490089 1.8096254 2.3639318 2.3882242 2.3325264 2.3325264 2.4820360 2.3619609 2.4244276 2.0093086 2.0093086 1.8496871 1.9902025 2.4070823 2.3454141 2.2843709 2.7183017 2.0800045 1.7831271 2.1386359 2.0483304 
Pbac_sb2660376                                                   3.0116013 3.0116013 2.6768974 2.4013849 2.5611238 3.0116013 3.0116013 2.4013849 2.5611238 2.6768974 1.8618095 1.8618095 2.9428279 2.7904042 2.5581122 2.3085109 2.4595014 2.4595014 2.6501628 0.2417633 0.6225938 0.0000010 0.6225938 2.4105510 0.0000010 1.6465473 4.8519815 2.3132840 2.1637173 2.7676457 2.7095538 1.8961727 3.1842360 0.0000000 2.7885923 3.8508836 8.9999983 3.6814016 8.9999987 3.8470743 3.6907698 3.4889983 3.7318519 3.3056397 3.1701845 2.9714153 3.5755069 3.2544533 2.9750586 0.0000010 3.1002370 3.0902448 2.8511554 2.9879137 3.1793422 2.6446176 2.8845180 2.5978885 2.8030240 2.5691381 2.5691381 2.5176004 3.1471907 2.3563943 2.1831115 2.6414746 2.7864991 4.8981339 2.5690670 2.2707335 3.4766763 3.2517136 4.1329751 3.8281534 4.4386091 3.7821916 4.3380374 0.0000010 0.0000010 8.9999985 9.0000000 3.4790436 3.5218042 3.5218042 3.3725479 3.5969201 4.1998484 6.0083108 3.0211932 2.9219965 6.1497369 0.0000010 4.0936314 2.8774727 4.4222692 4.3296630 3.2444247 3.3817222 9.0000000 
Eupdun_Edun_sb10637473                                           0.8841766 9.0000000 0.7433845 0.0000010 0.3863954 4.5033472 0.7595446 0.0000010 0.3863954 0.7433845 0.6134262 0.6134262 3.3509388 0.4789128 0.6311462 0.6484328 0.6416088 0.6416088 0.6494347 0.7923533 0.7686481 0.0000010 0.7686481 0.0000010 0.0000010 0.6921421 0.6769673 0.6627818 0.7021595 0.7021595 0.7021595 0.7903253 0.0000010 2.7885923 0.0000000 1.8317470 0.0000010 1.8257757 1.8205831 1.8457452 1.9090335 1.8454698 1.8215220 1.7042881 1.7405047 1.5704734 1.5485720 1.5372339 1.5830759 0.0000010 1.6790391 1.5881451 1.6727765 1.7826169 1.6789540 1.4556504 1.5486152 1.7943323 1.7105733 1.6061514 1.6061514 1.6227979 2.0690972 1.6462249 1.4587040 2.0235195 1.6011020 1.7621307 1.4438460 1.4438460 1.3422523 2.4505243 2.7482996 2.8835758 2.9970479 2.0333068 2.0285938 2.9349435 2.2912977 2.4811479 2.4555579 2.4610134 2.4835216 2.5020137 2.5020729 2.4951373 2.5080450 2.5440126 2.3557607 2.3809833 0.0000010 0.0000010 2.5325224 2.4500822 2.4780383 1.8867548 2.1225748 2.0346519 5.3975802 
Fspp_ffun1.m4.15884.m1                                           2.5095720 2.9782498 2.0593255 2.6506740 2.2284354 1.7928183 1.9001730 1.7436280 1.7458087 1.7415279 1.5871597 1.5871597 1.9307653 1.8906077 1.8989646 1.7531008 1.8057231 1.8057231 2.1154149 1.7810042 1.6530761 2.3695671 1.6530761 2.1384242 1.2864844 1.6855754 2.2869924 1.6547413 1.9002552 1.9604786 1.8714497 1.5721830 1.4416230 3.8508836 1.8317470 0.0000000 0.0457678 0.0848018 0.0845151 0.1150265 0.0937071 0.1473734 0.3130184 0.3472288 0.3723736 0.5530111 0.5446309 0.8741606 0.8271871 0.4476918 0.9201023 0.9004903 0.7649156 0.9829062 0.8353118 0.8724538 0.8688797 0.8897975 1.1577121 1.1336705 1.0436928 0.9665652 1.1898361 0.9234028 1.1672284 1.3549336 1.2848630 1.5098168 1.2017721 0.9492442 1.9906952 1.8739580 2.1099239 2.0088046 2.3836383 1.9163688 1.8869124 4.7833144 1.6871531 1.4108430 1.9586293 1.7248767 1.6835485 1.6788918 1.7046160 1.7434026 1.7671082 1.4944113 1.3714247 1.4421611 1.7301978 1.5607440 2.2328598 2.3229540 2.2503769 1.5395486 1.5851694 1.5533630 1.7702776 
Gasp_gasp1.m3.29750.m1                                           2.8726582 2.8726582 2.8726582 2.8726582 2.8726582 1.5907321 1.5907321 1.5907321 1.5907321 1.5907321 1.5244997 1.5244997 1.5553601 2.5141551 5.5540696 3.9448079 3.6130512 3.6130512 4.2682458 6.6100854 1.5619391 2.1581821 1.5619391 1.9556254 1.2987037 1.9280612 9.0000000 1.5183536 5.1768397 5.1768397 4.1317456 0.0000010 1.3960013 8.9999983 0.0000010 0.0457678 0.0000000 0.0830762 0.0830733 0.0743824 0.0000010 0.0937241 0.7791267 0.2824583 0.3038755 0.4465615 0.4208711 0.7443386 0.6783782 0.4518300 0.9070484 0.0000010 0.7055082 0.8695992 0.5656885 0.7495248 0.6824041 0.7619064 1.1404175 1.9300546 1.1233334 1.0395682 0.0000010 0.9751476 3.2588074 1.2614698 1.6277608 1.8423978 1.3988008 2.0838496 0.0000010 1.6555417 2.6830447 1.6766715 1.7604876 1.7604876 1.6356418 9.0000000 1.2683567 1.0861827 1.6720975 1.6540996 1.6664190 1.6664190 1.6701221 1.6108894 1.5627405 1.5070573 1.5070573 1.4327026 1.5980502 1.6412238 2.0443831 2.3731337 2.3573579 1.4681865 1.4181808 1.5520014 1.8048108 
