54
Xestes_augustus_masked-XT_scaffold33945-processed-gene-0.1-mRNA-1  0.0000000 2.9842781 2.9518209 2.9828735 3.6962674 3.8257862 2.5022328 3.5053090 3.5396192 3.8216808 3.7273227 1.6305699 6.7951763 3.7933148 4.0493619 3.3845369 2.5491925 3.8951988 3.5759760 3.5813701 3.6759157 3.4681209 3.5841587 3.6642304 3.3477441 3.8848396 3.8069003 3.6754524 3.7675033 3.7906224 3.9996610 3.9836376 4.3566934 4.3566934 3.0075310 2.5021182 3.0534913 4.4351476 4.5748592 3.6812501 3.0871209 3.2943954 3.3685676 2.9318935 2.9638638 2.5079624 2.9607000 3.2836615 3.0322660 3.3057892 3.0893892 3.5170610 3.8255027 5.0660207 
Lcom_lcpid77471                                                    2.9842781 0.0000000 0.4861129 0.6264359 0.9743507 1.0191153 0.6311364 0.9727850 1.0214286 0.9977854 0.9549375 0.6879184 1.2593170 0.9622999 1.0574909 1.0712482 0.8542378 1.0777156 0.9917821 0.9962824 1.1751311 0.9136528 1.0589059 1.1442269 1.3169955 1.4318503 1.2010170 1.0814104 1.2224965 1.2525264 1.3122204 1.3280348 1.1287923 1.1287923 1.0307184 0.6802715 1.1234398 1.4478754 1.4214106 2.1785745 1.7131267 2.8648669 3.0108460 2.6788297 2.6388370 2.2215918 2.4074278 2.8587634 2.4146613 2.6876457 2.6351522 2.6475504 2.4093778 4.0322303 
Leuniv_Lniv_C805268_01                                             2.9518209 0.4861129 0.0000000 0.5836569 0.9601547 0.9902149 0.5452573 1.0018555 1.0271522 1.0413944 1.0189735 0.6875622 1.5707528 1.0906105 1.2801027 1.0782739 0.8700140 1.0556823 1.1040193 1.1284937 1.1095757 0.8383772 1.1855439 1.1674725 1.3165235 1.4612295 1.1311427 1.0097813 1.2169334 1.2463949 1.3446270 1.3527583 1.1979335 1.1979335 0.9044759 0.6035458 1.0835217 1.3740765 1.2756575 2.0134450 1.6915921 2.5947216 3.0474807 2.4690642 2.6502246 2.0238040 2.5786149 2.8663049 2.5290116 3.1108420 2.8917135 2.9112131 2.4252732 4.4656332 
Gracom_Gcom_C540852_01                                             2.9828735 0.6264359 0.5836569 0.0000000 1.1420943 1.1855447 0.8232576 0.9791662 0.9927470 1.0155478 1.0692153 0.8448870 1.6001308 1.1629823 1.2764317 1.1119262 0.8388508 1.0340541 1.2191809 1.2374191 1.1518869 1.0418621 1.1233857 1.1838019 1.3135477 1.5264744 1.3024138 1.0892126 1.2719192 1.3116700 1.4698860 1.4787375 1.2161859 1.2161859 1.1897172 0.8272505 1.1712032 1.6800051 1.3239369 2.1514714 1.5853962 3.3461963 3.4549593 2.9795640 2.5546588 2.2916336 2.5225424 2.8998819 2.3822392 3.0281773 2.9850710 2.9781221 2.6108752 4.4471828 
Spur_XM_030982548.1                                                3.6962674 0.9743507 0.9601547 1.1420943 0.0000000 0.0411813 0.5476309 1.1827135 1.2416493 1.2653102 1.2641531 0.5219501 1.9692351 1.2664063 1.4564651 1.1403658 0.6965720 1.0216746 1.2111588 1.2076772 1.1890481 1.0691094 1.2313687 1.2619674 1.3456842 1.5384624 1.2985801 1.2836371 1.5655796 1.5776964 1.5572526 1.5741667 1.3392947 1.3392947 0.9228407 0.5833140 1.3774785 1.5694222 1.6427206 2.2045790 1.7572667 3.1543238 3.1900715 2.6222775 2.8698098 2.3931943 2.5467812 3.1403128 2.6871205 3.0026862 2.6597108 2.7276341 2.3888255 4.7444685 
Spur_XM_030985180.1                                                3.8257862 1.0191153 0.9902149 1.1855447 0.0411813 0.0000000 0.5476309 1.2236987 1.2745857 1.3380517 1.3022174 0.5219501 2.0893344 1.3148221 1.5453433 1.1532061 0.6965720 1.0227806 1.2416220 1.2363432 1.2266225 1.0765419 1.2415644 1.2499414 1.3867019 1.5855490 1.3196279 1.3426299 1.5634355 1.5986072 1.5581542 1.5750989 1.3722606 1.3722606 0.9354239 0.5939779 1.4130960 1.6184736 1.7321777 2.2444388 1.7708002 3.1498377 3.1855452 2.6188502 2.9155526 2.3931943 2.5861497 3.1833490 2.6871205 3.0534222 2.6806444 2.7276341 2.3888255 4.8010534 
Clacor_Ccor_C514943_01                                             2.5022328 0.6311364 0.5452573 0.8232576 0.5476309 0.5476309 0.0000000 0.5999454 0.7576482 0.6122273 0.6531760 0.7206043 0.5136756 0.6757456 1.0028530 0.6616250 0.7513990 0.7700788 0.7283077 0.7583994 0.7195856 0.6784733 0.8568349 0.8104391 0.8977114 0.8194188 0.7303757 0.6843253 0.8867671 0.9121886 0.9004756 0.9004756 0.8321873 0.8321873 0.7392874 0.7242145 0.8573633 0.9129037 0.9610708 1.2556313 0.9680713 2.8760803 3.0625621 2.7380750 2.8516972 2.6754197 2.7609272 2.3749352 2.6463020 2.0397267 2.3698615 2.4142259 1.9533284 4.0610337 
Fspp_ffun1.m4.7472.m1                                              3.5053090 0.9727850 1.0018555 0.9791662 1.1827135 1.2236987 0.5999454 0.0000000 0.2660474 0.3843180 0.3502636 0.3488365 0.7589871 0.5749040 0.7379354 0.4631689 0.4588537 0.8126395 0.8208296 0.8590387 1.1931205 1.0279919 0.9858600 1.0240587 1.0643329 1.2294882 1.2238460 1.3276923 1.3038399 1.2950871 1.3303866 1.3357266 1.0901574 1.0901574 0.9835658 0.7333788 1.2300618 1.4437110 1.6142901 2.1788613 1.8352927 3.5024143 3.4863066 2.9454573 2.8757225 2.7971486 2.5800822 2.9218829 2.8050509 3.0057015 2.8535537 3.0286109 2.2173345 4.5779317 
Gasp_gasp1.m3.19823.m1                                             3.5396192 1.0214286 1.0271522 0.9927470 1.2416493 1.2745857 0.7576482 0.2660474 0.0000000 0.4543946 0.4131638 0.3810151 0.7929847 0.5948218 0.7601741 0.4818795 0.4222360 0.8790385 0.8436081 0.8892395 1.1730765 1.0691969 0.9678516 1.0173395 0.9982868 1.2071255 1.2201466 1.3668880 1.2838549 1.3000587 1.2871970 1.2923908 1.1076933 1.1076933 1.0158884 0.7279162 1.2619792 1.5611059 1.5589995 2.2372227 1.9551285 3.3040375 3.2612294 2.7421436 2.6523829 2.4813745 2.3043298 2.4905939 2.9202580 2.7608072 2.6952928 2.8894715 2.1248828 4.0844643 
Spis_XP_022784141_1                                                3.8216808 0.9977854 1.0413944 1.0155478 1.2653102 1.3380517 0.6122273 0.3843180 0.4543946 0.0000000 0.1491993 0.3615838 1.0028755 0.6978412 0.8923686 0.5403570 0.4348392 0.8630511 0.8496894 0.9017608 1.2380954 1.0290319 0.9315012 1.0368407 1.0332615 1.2723237 1.3246366 1.4898940 1.3515613 1.3803067 1.3961253 1.4017218 1.0808288 1.0808288 1.0791722 0.7799364 1.3140996 1.6214319 1.6144346 2.1910575 1.6712335 3.1639798 3.2004368 2.8494982 2.7510938 2.6088140 2.4363690 2.8178961 2.5671705 3.1082875 2.7688369 2.9386757 2.2141267 4.1972302 
Pocdam_XM_027182485.1                                              3.7273227 0.9549375 1.0189735 1.0692153 1.2641531 1.3022174 0.6531760 0.3502636 0.4131638 0.1491993 0.0000000 0.3558663 0.8996673 0.6515274 0.8134540 0.5088305 0.4362398 0.7601920 0.8448319 0.8970774 1.1829863 1.0379935 0.9288949 1.0086091 1.0005127 1.3289645 1.2424608 1.4193391 1.3614286 1.4003685 1.3678578 1.3725192 1.1027453 1.1027453 0.9988706 0.7047072 1.3081922 1.5599865 1.5133772 2.1947594 1.8403061 3.3179486 3.1231628 2.8962679 2.7729975 2.6499373 2.4191613 2.9689054 2.6461006 2.9568523 2.7381557 2.8851922 2.4070618 4.3749003 
Amil_Amillepora14131-RA                                            1.6305699 0.6879184 0.6875622 0.8448870 0.5219501 0.5219501 0.7206043 0.3488365 0.3810151 0.3615838 0.3558663 0.0000000 0.4149450 0.0239148 0.1182817 0.2982282 0.4913558 0.5162923 0.5631295 0.6025199 0.5049359 0.5215260 0.5650457 0.5893948 0.6307883 0.6856689 0.7023147 0.6023802 0.7420486 0.7291774 0.7431998 0.7431998 0.5570857 0.5570857 0.8182592 0.8762544 0.8296110 1.0102438 0.8681248 1.0920834 0.5132853 2.9583766 2.7927244 2.3488902 2.1926781 2.0620799 2.0224310 1.7788134 1.6868594 1.7241190 2.2485518 2.2786506 1.7455390 2.7444391 
Amil_Amillepora37837-RA                                            6.7951763 1.2593170 1.5707528 1.6001308 1.9692351 2.0893344 0.5136756 0.7589871 0.7929847 1.0028755 0.8996673 0.4149450 0.0000000 0.0246167 0.0386248 0.8884768 0.4389018 1.1896990 1.4690625 1.4971751 2.1340547 1.5141555 1.4976694 1.4592388 1.6696793 2.0491098 1.7918053 1.9109090 1.8841178 1.8307617 1.9674224 2.0007054 1.6428050 1.6428050 1.2891999 0.8486177 1.8333998 2.4316750 2.1502557 3.7328399 2.6530769 3.4593084 4.0655301 3.2266346 3.6268985 7.4276930 3.7200579 4.7847874 7.3158031 3.8091014 3.6171292 3.9600271 3.6647700 7.3853083 
Adig_XM_015911350.1                                                3.7933148 0.9622999 1.0906105 1.1629823 1.2664063 1.3148221 0.6757456 0.5749040 0.5948218 0.6978412 0.6515274 0.0239148 0.0246167 0.0000000 0.0991689 0.6086514 0.4279154 0.8623260 0.9897006 1.0133255 1.2925391 1.0127034 1.0134928 1.0414659 1.1267870 1.3833569 1.2569779 1.3140885 1.3346142 1.3084049 1.3629078 1.3770685 1.1316835 1.1316835 1.0074943 0.8016791 1.3492530 1.7002929 1.5914061 2.2286484 1.7833463 3.0955289 3.2083425 2.6215766 2.8155214 2.7476658 2.6474093 2.9109246 2.5001561 2.7619467 2.9151090 3.0057151 2.3792552 4.0632988 
Amil_Amillepora38081-RA                                            4.0493619 1.0574909 1.2801027 1.2764317 1.4564651 1.5453433 1.0028530 0.7379354 0.7601741 0.8923686 0.8134540 0.1182817 0.0386248 0.0991689 0.0000000 0.7458231 0.5794022 1.0717683 1.2366147 1.2673986 1.5942529 1.3234543 1.1928589 1.2802753 1.3924418 1.7628695 1.6394303 1.6792116 1.5792762 1.5824239 1.6734044 1.6923906 1.3070729 1.3070729 1.2384988 0.9647459 1.5615506 2.0381497 1.9941851 2.6951376 2.2453760 3.2309036 3.2216514 2.6878500 2.6705821 2.5154302 2.3921677 2.8559414 2.4382008 3.0175230 2.8564927 2.8596488 2.4467697 3.9714984 
Gfas_gfas1.m1.16596.m1                                             3.3845369 1.0712482 1.0782739 1.1119262 1.1403658 1.1532061 0.6616250 0.4631689 0.4818795 0.5403570 0.5088305 0.2982282 0.8884768 0.6086514 0.7458231 0.0000000 0.5102804 0.7397232 0.8956401 0.9237639 1.0849608 0.9761491 0.9328112 0.9493635 1.0241088 1.1842480 1.0962811 1.3324587 1.3775281 1.3877283 1.4852494 1.5011255 1.0543813 1.0543813 1.0673472 0.7596278 1.3978004 1.6116785 1.4916892 2.2746306 1.9189190 3.1858961 3.2490188 2.7046748 2.5653884 2.5254337 2.3559981 2.6482433 2.7920667 2.8273792 2.6083556 2.6666647 2.2005856 4.2167721 
Nvec_v1g129329                                                     2.5491925 0.8542378 0.8700140 0.8388508 0.6965720 0.6965720 0.7513990 0.4588537 0.4222360 0.4348392 0.4362398 0.4913558 0.4389018 0.4279154 0.5794022 0.5102804 0.0000000 0.4500860 0.5514464 0.5710302 0.6459709 0.6810009 0.6368161 0.6456999 0.6770450 0.6655727 0.7596248 0.7241115 0.8316205 0.8284975 0.8379582 0.8455245 0.7554804 0.7554804 0.7951843 0.7882786 0.7905088 1.1230167 0.7952710 1.5888394 1.6464066 3.0765939 3.2670281 3.0406011 2.9116824 2.7325324 2.5578830 2.6788628 2.5961509 2.2723182 2.8760185 2.9603800 2.2572559 3.8640947 
Exapal_XM_021045844.2                                              3.8951988 1.0777156 1.0556823 1.0340541 1.0216746 1.0227806 0.7700788 0.8126395 0.8790385 0.8630511 0.7601920 0.5162923 1.1896990 0.8623260 1.0717683 0.7397232 0.4500860 0.0000000 0.8327121 0.8512315 1.0428158 1.0441149 1.0106171 1.0363367 1.0754695 1.3496438 1.2146550 1.1378657 1.2874790 1.3083109 1.2757426 1.2824307 1.0533588 1.0533588 0.9512728 0.6672161 1.2791804 1.7368340 1.2694240 2.5060854 1.8548269 3.2789237 3.0146748 2.4777086 2.6667597 2.5135126 2.3930635 2.8537058 2.8924552 2.9708439 2.7045331 2.7880076 2.4338741 4.0810361 
Dgig_XM_028547664.1                                                3.5759760 0.9917821 1.1040193 1.2191809 1.2111588 1.2416220 0.7283077 0.8208296 0.8436081 0.8496894 0.8448319 0.5631295 1.4690625 0.9897006 1.2366147 0.8956401 0.5514464 0.8327121 0.0000000 0.0299875 1.1593791 0.9684450 1.1314020 1.1766002 1.0674916 1.2447737 1.2061280 1.2278032 1.3619671 1.3191048 1.4222915 1.4302801 1.3390831 1.3390831 1.2397437 0.8523112 1.2584000 1.6971248 1.4948882 2.2715420 1.8476105 3.5085352 3.3548073 2.9473745 2.7097345 2.3472613 2.3879338 2.9069308 3.0967948 3.1800326 2.8811090 3.0195203 2.4376634 4.3436818 
Dgig_XM_028553096.1                                                3.5813701 0.9962824 1.1284937 1.2374191 1.2076772 1.2363432 0.7583994 0.8590387 0.8892395 0.9017608 0.8970774 0.6025199 1.4971751 1.0133255 1.2673986 0.9237639 0.5710302 0.8512315 0.0299875 0.0000000 1.1831880 0.9973477 1.1268363 1.2031570 1.0988737 1.2830820 1.2187787 1.2399549 1.3612182 1.3254062 1.3861067 1.3938970 1.3292579 1.3292579 1.2772971 0.8700319 1.2939526 1.7062231 1.5020355 2.2756753 1.8456097 3.5714329 3.3244039 2.9199718 2.7217178 2.2850787 2.3974313 2.9811199 3.1307749 3.1985000 2.8651991 3.0018919 2.3839716 4.3344942 
Cgig_XM_034455392.1                                                3.6759157 1.1751311 1.1095757 1.1518869 1.1890481 1.2266225 0.7195856 1.1931205 1.1730765 1.2380954 1.1829863 0.5049359 2.1340547 1.2925391 1.5942529 1.0849608 0.6459709 1.0428158 1.1593791 1.1831880 0.0000000 1.1479347 1.2458609 1.4678515 1.4002850 1.6391469 1.4591276 1.3132366 1.4572588 1.4645509 1.5718436 1.5766106 1.4626016 1.4626016 1.2053739 0.7895961 1.4686118 1.8591499 1.5933808 2.2102892 1.8010046 3.1262776 3.1950105 2.7021608 2.7141586 2.3516685 2.5040398 2.8319298 2.6246754 2.9212359 2.4741869 2.4200483 1.9175962 4.3237599 
Bralan_BLAG09000621_1                                              3.4681209 0.9136528 0.8383772 1.0418621 1.0691094 1.0765419 0.6784733 1.0279919 1.0691969 1.0290319 1.0379935 0.5215260 1.5141555 1.0127034 1.3234543 0.9761491 0.6810009 1.0441149 0.9684450 0.9973477 1.1479347 0.0000000 1.1789590 1.1656508 1.3140675 1.4335957 0.9292650 1.1789404 1.3757914 1.3852810 1.3841074 1.3997359 1.2332595 1.2332595 1.0575354 0.5911689 1.1448188 1.7623395 1.4201541 2.2925787 1.5506602 2.7282610 2.6510418 2.3117451 2.8971833 2.4790244 2.5210786 3.1737292 2.7350336 2.8231474 2.5102042 2.5110931 2.2014596 4.2620001 
Ctel_gnl_WGS_AMQN_CAPTEDRAFT_mRNA212711                            3.5841587 1.0589059 1.1855439 1.1233857 1.2313687 1.2415644 0.8568349 0.9858600 0.9678516 0.9315012 0.9288949 0.5650457 1.4976694 1.0134928 1.1928589 0.9328112 0.6368161 1.0106171 1.1314020 1.1268363 1.2458609 1.1789590 0.0000000 1.0663927 1.2653610 1.4394329 1.1291272 1.1988627 1.4046930 1.4056485 1.3899401 1.3819071 1.2376231 1.2376231 1.1260385 0.8899912 1.5178981 1.8241864 1.6006595 2.0649937 1.7435548 3.1659554 3.3965785 2.8957418 3.0712764 2.6579109 2.6621370 3.0680868 2.5540592 2.7303557 2.8054200 2.8525356 2.6804950 4.6725968 
Sanmal_Sma_012691-T1                                               3.6642304 1.1442269 1.1674725 1.1838019 1.2619674 1.2499414 0.8104391 1.0240587 1.0173395 1.0368407 1.0086091 0.5893948 1.4592388 1.0414659 1.2802753 0.9493635 0.6456999 1.0363367 1.1766002 1.2031570 1.4678515 1.1656508 1.0663927 0.0000000 0.7935527 0.9542121 1.1525865 1.4056807 1.4972546 1.5103086 1.5375277 1.5426244 1.0977773 1.0977773 1.2174314 0.8887375 1.4018731 1.9657744 1.7619295 2.2078756 1.6923665 2.8167009 2.9818766 2.7678134 2.5221679 2.2679626 2.3155457 2.7818246 2.5899773 2.4213223 2.9987703 3.2261349 2.5872745 4.1599961 
Nemnom_g9264.t1                                                    3.3477441 1.3169955 1.3165235 1.3135477 1.3456842 1.3867019 0.8977114 1.0643329 0.9982868 1.0332615 1.0005127 0.6307883 1.6696793 1.1267870 1.3924418 1.0241088 0.6770450 1.0754695 1.0674916 1.0988737 1.4002850 1.3140675 1.2653610 0.7935527 0.0000000 0.4095003 1.2586636 1.4311872 1.5688033 1.5482353 1.5548931 1.5633902 1.3584639 1.3584639 1.2123590 0.9547927 1.4539852 1.9345986 1.7002490 2.0296165 1.8452156 2.9379538 2.9312444 2.6953493 2.3780952 2.3472301 2.1667345 2.7860584 2.6244753 2.9659619 2.9524094 3.1545866 2.8739603 4.0802564 
Rhoesc_Res_014515-T1                                               3.8848396 1.4318503 1.4612295 1.5264744 1.5384624 1.5855490 0.8194188 1.2294882 1.2071255 1.2723237 1.3289645 0.6856689 2.0491098 1.3833569 1.7628695 1.1842480 0.6655727 1.3496438 1.2447737 1.2830820 1.6391469 1.4335957 1.4394329 0.9542121 0.4095003 0.0000000 1.3349168 1.6061118 1.6882044 1.6983570 1.6861615 1.6949171 1.4750262 1.4750262 1.5254720 1.0034265 1.5832111 2.0974070 2.1673262 2.3807112 2.0234221 3.0251866 2.8793672 2.6673056 2.3472674 2.2466208 2.1674899 2.7154577 2.9242207 3.3314722 2.7549949 2.9607989 2.8292826 3.8107490 
Cscu_XM_023384307.1                                                3.8069003 1.2010170 1.1311427 1.3024138 1.2985801 1.3196279 0.7303757 1.2238460 1.2201466 1.3246366 1.2424608 0.7023147 1.7918053 1.2569779 1.6394303 1.0962811 0.7596248 1.2146550 1.2061280 1.2187787 1.4591276 0.9292650 1.1291272 1.1525865 1.2586636 1.3349168 0.0000000 1.4271415 1.5284779 1.5084808 1.6110502 1.6163625 1.1015416 1.1015416 1.1307764 0.7382985 1.4860666 1.7677938 1.5324879 2.1496414 1.5727648 3.0781741 3.0670078 2.6733982 2.8689106 2.5492391 2.6495892 3.0177607 2.5045801 2.8582126 2.6386426 2.7222559 2.3844190 4.3865858 
Acagra_model.g3492.t1.3.5d3b827e                                   3.6754524 1.0814104 1.0097813 1.0892126 1.2836371 1.3426299 0.6843253 1.3276923 1.3668880 1.4898940 1.4193391 0.6023802 1.9109090 1.3140885 1.6792116 1.3324587 0.7241115 1.1378657 1.2278032 1.2399549 1.3132366 1.1789404 1.1988627 1.4056807 1.4311872 1.6061118 1.4271415 0.0000000 1.4079851 1.4302985 1.4807436 1.4960573 1.3204402 1.3204402 1.0957535 0.6687905 1.3362683 1.9320206 1.7502484 2.6362878 1.9404049 3.0611111 2.8863456 2.7479286 2.6633889 2.2107904 2.4075148 2.6229737 2.5466484 2.9947923 2.6850722 2.6758290 2.4908072 3.8529727 
HoiH23_PlH23_001944-RA                                             3.7675033 1.2224965 1.2169334 1.2719192 1.5655796 1.5634355 0.8867671 1.3038399 1.2838549 1.3515613 1.3614286 0.7420486 1.8841178 1.3346142 1.5792762 1.3775281 0.8316205 1.2874790 1.3619671 1.3612182 1.4572588 1.3757914 1.4046930 1.4972546 1.5688033 1.6882044 1.5284779 1.4079851 0.0000000 0.0787923 0.2326009 0.2396921 0.6832800 0.6832800 1.2111840 0.8695588 1.5837209 1.6803796 1.9503942 2.1910350 1.8528954 3.2730107 3.2165026 2.6854520 2.5152540 2.2605573 2.2465923 2.8418558 2.4262089 2.7644047 2.9101075 2.8985773 2.6776143 3.9732316 
HoiH06_mRNA7294                                                    3.7906224 1.2525264 1.2463949 1.3116700 1.5776964 1.5986072 0.9121886 1.2950871 1.3000587 1.3803067 1.4003685 0.7291774 1.8307617 1.3084049 1.5824239 1.3877283 0.8284975 1.3083109 1.3191048 1.3254062 1.4645509 1.3852810 1.4056485 1.5103086 1.5482353 1.6983570 1.5084808 1.4302985 0.0787923 0.0000000 0.2553296 0.2597679 0.6938326 0.6938326 1.2387347 0.8724223 1.6441708 1.7015073 1.9056796 2.1777105 1.8991287 3.1665599 3.1972978 2.6452542 2.4810905 2.2726466 2.2950663 2.8722271 2.4125792 2.8321235 2.8815052 2.8139052 2.5834856 3.9971598 
Hhon_g01502.t1                                                     3.9996610 1.3122204 1.3446270 1.4698860 1.5572526 1.5581542 0.9004756 1.3303866 1.2871970 1.3961253 1.3678578 0.7431998 1.9674224 1.3629078 1.6734044 1.4852494 0.8379582 1.2757426 1.4222915 1.3861067 1.5718436 1.3841074 1.3899401 1.5375277 1.5548931 1.6861615 1.6110502 1.4807436 0.2326009 0.2553296 0.0000000 0.0051314 0.6982679 0.6982679 1.2430090 0.8613403 1.6564253 1.6780205 1.9946177 2.3324663 1.9352745 3.1459566 3.0987291 2.7400118 2.6493643 2.3465408 2.4501265 3.0478519 2.4839760 2.8436608 2.9485736 2.9459957 2.5714691 4.2158440 
HoiH04_mRNA3051                                                    3.9836376 1.3280348 1.3527583 1.4787375 1.5741667 1.5750989 0.9004756 1.3357266 1.2923908 1.4017218 1.3725192 0.7431998 2.0007054 1.3770685 1.6923906 1.5011255 0.8455245 1.2824307 1.4302801 1.3938970 1.5766106 1.3997359 1.3819071 1.5426244 1.5633902 1.6949171 1.6163625 1.4960573 0.2396921 0.2597679 0.0051314 0.0000000 0.7030393 0.7030393 1.2576279 0.8686935 1.6752798 1.6958056 2.0250878 2.3446319 1.9428013 3.1386940 3.0916247 2.7336510 2.6304544 2.3465408 2.4327572 3.0274665 2.4839760 2.8272784 2.9275004 2.9233941 2.5714691 4.2271056 
TrH2_TrispH2_002337-RA                                             4.3566934 1.1287923 1.1979335 1.2161859 1.3392947 1.3722606 0.8321873 1.0901574 1.1076933 1.0808288 1.1027453 0.5570857 1.6428050 1.1316835 1.3070729 1.0543813 0.7554804 1.0533588 1.3390831 1.3292579 1.4626016 1.2332595 1.2376231 1.0977773 1.3584639 1.4750262 1.1015416 1.3204402 0.6832800 0.6938326 0.6982679 0.7030393 0.0000000 0.0000010 1.2313341 0.9110224 1.6899193 1.6435604 1.6804989 2.2102335 2.0855792 3.2878820 3.0509776 2.6662281 2.8053016 2.4034161 2.3802679 2.9480199 2.8483692 2.5824047 2.8634871 2.9875060 2.5587098 4.2964782 
Tadh_TriadT21078                                                   4.3566934 1.1287923 1.1979335 1.2161859 1.3392947 1.3722606 0.8321873 1.0901574 1.1076933 1.0808288 1.1027453 0.5570857 1.6428050 1.1316835 1.3070729 1.0543813 0.7554804 1.0533588 1.3390831 1.3292579 1.4626016 1.2332595 1.2376231 1.0977773 1.3584639 1.4750262 1.1015416 1.3204402 0.6832800 0.6938326 0.6982679 0.7030393 0.0000010 0.0000000 1.2313341 0.9110224 1.6899193 1.6435604 1.6804989 2.2102335 2.0855792 3.2878820 3.0509776 2.6662281 2.8053016 2.4034161 2.3802679 2.9480199 2.8483692 2.5824047 2.8634871 2.9875060 2.5587098 4.2964782 
Opea_EP00118_Oscarella_pearsei_P001100                             3.0075310 1.0307184 0.9044759 1.1897172 0.9228407 0.9354239 0.7392874 0.9835658 1.0158884 1.0791722 0.9988706 0.8182592 1.2891999 1.0074943 1.2384988 1.0673472 0.7951843 0.9512728 1.2397437 1.2772971 1.2053739 1.0575354 1.1260385 1.2174314 1.2123590 1.5254720 1.1307764 1.0957535 1.2111840 1.2387347 1.2430090 1.2576279 1.2313341 1.2313341 0.0000000 0.0079318 0.8075779 1.3589086 1.3187397 2.1966748 1.6732338 2.6050852 2.9375528 2.5625158 2.5169529 2.5958413 2.3205201 2.8517162 2.4391770 2.9511640 2.7003461 2.9877387 2.5731342 4.0031681 
Ocar_g3128                                                         2.5021182 0.6802715 0.6035458 0.8272505 0.5833140 0.5939779 0.7242145 0.7333788 0.7279162 0.7799364 0.7047072 0.8762544 0.8486177 0.8016791 0.9647459 0.7596278 0.7882786 0.6672161 0.8523112 0.8700319 0.7895961 0.5911689 0.8899912 0.8887375 0.9547927 1.0034265 0.7382985 0.6687905 0.8695588 0.8724223 0.8613403 0.8686935 0.9110224 0.9110224 0.0079318 0.0000000 0.5246430 0.9784686 0.8215424 1.6618222 1.6732338 2.5991380 3.0534238 2.6947607 2.6991952 2.6037427 2.5743119 2.6268562 2.4391770 2.4648810 2.8118518 2.9721630 2.5731342 4.0569272 
Plajan_Pjan_C555293_01                                             3.0534913 1.1234398 1.0835217 1.1712032 1.3774785 1.4130960 0.8573633 1.2300618 1.2619792 1.3140996 1.3081922 0.8296110 1.8333998 1.3492530 1.5615506 1.3978004 0.7905088 1.2791804 1.2584000 1.2939526 1.4686118 1.1448188 1.5178981 1.4018731 1.4539852 1.5832111 1.4860666 1.3362683 1.5837209 1.6441708 1.6564253 1.6752798 1.6899193 1.6899193 0.8075779 0.5246430 0.0000000 1.7669371 1.4165428 2.4288028 1.7611615 2.7799754 3.0114240 2.6758218 2.6925407 2.4136621 2.4108838 2.9558143 2.6608043 3.0185463 2.5994795 2.8925156 2.5411195 4.4723983 
Dpul_mRNA19084                                                     4.4351476 1.4478754 1.3740765 1.6800051 1.5694222 1.6184736 0.9129037 1.4437110 1.5611059 1.6214319 1.5599865 1.0102438 2.4316750 1.7002929 2.0381497 1.6116785 1.1230167 1.7368340 1.6971248 1.7062231 1.8591499 1.7623395 1.8241864 1.9657744 1.9345986 2.0974070 1.7677938 1.9320206 1.6803796 1.7015073 1.6780205 1.6958056 1.6435604 1.6435604 1.3589086 0.9784686 1.7669371 0.0000000 1.8700059 2.3380676 1.8257411 3.0113259 3.1507093 2.9307706 3.0481814 2.6092531 2.7370710 3.0382349 2.3026254 3.0219793 2.8745324 3.0050822 2.3161849 4.5038229 
Skow_XM_006821756.1                                                4.5748592 1.4214106 1.2756575 1.3239369 1.6427206 1.7321777 0.9610708 1.6142901 1.5589995 1.6144346 1.5133772 0.8681248 2.1502557 1.5914061 1.9941851 1.4916892 0.7952710 1.2694240 1.4948882 1.5020355 1.5933808 1.4201541 1.6006595 1.7619295 1.7002490 2.1673262 1.5324879 1.7502484 1.9503942 1.9056796 1.9946177 2.0250878 1.6804989 1.6804989 1.3187397 0.8215424 1.4165428 1.8700059 0.0000000 2.3400760 1.6290715 3.3885544 3.3811715 3.3335214 2.7558449 2.8395656 2.5712280 3.3346195 3.3940560 3.0187006 2.9627764 3.0343182 2.5806869 5.2470042 
Coemet_Cmet_C595841_01                                             3.6812501 2.1785745 2.0134450 2.1514714 2.2045790 2.2444388 1.2556313 2.1788613 2.2372227 2.1910575 2.1947594 1.0920834 3.7328399 2.2286484 2.6951376 2.2746306 1.5888394 2.5060854 2.2715420 2.2756753 2.2102892 2.2925787 2.0649937 2.2078756 2.0296165 2.3807112 2.1496414 2.6362878 2.1910350 2.1777105 2.3324663 2.3446319 2.2102335 2.2102335 2.1966748 1.6618222 2.4288028 2.3380676 2.3400760 0.0000000 0.0844681 3.2194791 3.5758316 3.0917347 3.0972099 2.3841167 2.9593203 3.1441909 2.1429001 3.5599948 3.3559566 3.5287472 2.5819374 4.3724369 
Coeast_Cast_sb770414                                               3.0871209 1.7131267 1.6915921 1.5853962 1.7572667 1.7708002 0.9680713 1.8352927 1.9551285 1.6712335 1.8403061 0.5132853 2.6530769 1.7833463 2.2453760 1.9189190 1.6464066 1.8548269 1.8476105 1.8456097 1.8010046 1.5506602 1.7435548 1.6923665 1.8452156 2.0234221 1.5727648 1.9404049 1.8528954 1.8991287 1.9352745 1.9428013 2.0855792 2.0855792 1.6732338 1.6732338 1.7611615 1.8257411 1.6290715 0.0844681 0.0000000 3.6289784 4.3566354 3.5304125 5.3328668 3.5260488 4.5499784 4.0393056 2.3630482 2.8502657 4.0504786 4.1669862 3.0643165 4.9727586 
Stycar_augustus_masked-SC_scaffold72952-processed-gene-0.3-mRNA-1  3.2943954 2.8648669 2.5947216 3.3461963 3.1543238 3.1498377 2.8760803 3.5024143 3.3040375 3.1639798 3.3179486 2.9583766 3.4593084 3.0955289 3.2309036 3.1858961 3.0765939 3.2789237 3.5085352 3.5714329 3.1262776 2.7282610 3.1659554 2.8167009 2.9379538 3.0251866 3.0781741 3.0611111 3.2730107 3.1665599 3.1459566 3.1386940 3.2878820 3.2878820 2.6050852 2.5991380 2.7799754 3.0113259 3.3885544 3.2194791 3.6289784 0.0000000 0.9309233 0.9159364 2.9231853 2.6129639 2.8146631 2.7128429 2.5451643 3.6873880 2.9182395 3.0448165 2.9257652 3.6236773 
Xestes_augustus_masked-XT_scaffold149440-processed-gene-0.2-mRNA-1 3.3685676 3.0108460 3.0474807 3.4549593 3.1900715 3.1855452 3.0625621 3.4863066 3.2612294 3.2004368 3.1231628 2.7927244 4.0655301 3.2083425 3.2216514 3.2490188 3.2670281 3.0146748 3.3548073 3.3244039 3.1950105 2.6510418 3.3965785 2.9818766 2.9312444 2.8793672 3.0670078 2.8863456 3.2165026 3.1972978 3.0987291 3.0916247 3.0509776 3.0509776 2.9375528 3.0534238 3.0114240 3.1507093 3.3811715 3.5758316 4.3566354 0.9309233 0.0000000 0.4046657 2.4745717 2.1923740 2.3351264 2.6110860 2.3313409 3.2977144 3.3924428 3.3203400 3.3128298 3.7266124 
Xestes_augustus_masked-XT_scaffold17123-processed-gene-0.1-mRNA-1  2.9318935 2.6788297 2.4690642 2.9795640 2.6222775 2.6188502 2.7380750 2.9454573 2.7421436 2.8494982 2.8962679 2.3488902 3.2266346 2.6215766 2.6878500 2.7046748 3.0406011 2.4777086 2.9473745 2.9199718 2.7021608 2.3117451 2.8957418 2.7678134 2.6953493 2.6673056 2.6733982 2.7479286 2.6854520 2.6452542 2.7400118 2.7336510 2.6662281 2.6662281 2.5625158 2.6947607 2.6758218 2.9307706 3.3335214 3.0917347 3.5304125 0.9159364 0.4046657 0.0000000 2.4137049 2.1129394 2.3345930 2.4014634 2.5277185 3.1913982 3.0386220 3.3461993 3.1066321 3.8459830 
Xestes_augustus_masked-XT_scaffold30603-processed-gene-0.3-mRNA-1  2.9638638 2.6388370 2.6502246 2.5546588 2.8698098 2.9155526 2.8516972 2.8757225 2.6523829 2.7510938 2.7729975 2.1926781 3.6268985 2.8155214 2.6705821 2.5653884 2.9116824 2.6667597 2.7097345 2.7217178 2.7141586 2.8971833 3.0712764 2.5221679 2.3780952 2.3472674 2.8689106 2.6633889 2.5152540 2.4810905 2.6493643 2.6304544 2.8053016 2.8053016 2.5169529 2.6991952 2.6925407 3.0481814 2.7558449 3.0972099 5.3328668 2.9231853 2.4745717 2.4137049 0.0000000 0.2687293 0.2774267 0.4022757 2.3110942 2.5391255 2.6146167 2.9245536 3.2465878 3.6861385 
Xestes_augustus_masked-XT_scaffold28508-processed-gene-0.0-mRNA-1  2.5079624 2.2215918 2.0238040 2.2916336 2.3931943 2.3931943 2.6754197 2.7971486 2.4813745 2.6088140 2.6499373 2.0620799 7.4276930 2.7476658 2.5154302 2.5254337 2.7325324 2.5135126 2.3472613 2.2850787 2.3516685 2.4790244 2.6579109 2.2679626 2.3472301 2.2466208 2.5492391 2.2107904 2.2605573 2.2726466 2.3465408 2.3465408 2.4034161 2.4034161 2.5958413 2.6037427 2.4136621 2.6092531 2.8395656 2.3841167 3.5260488 2.6129639 2.1923740 2.1129394 0.2687293 0.0000000 0.2713238 0.3538966 2.3607997 2.4910531 2.6121860 2.6200191 3.1610167 3.3336756 
Xestes_maker-XT_scaffold19369-augustus-gene-0.15-mRNA-1            2.9607000 2.4074278 2.5786149 2.5225424 2.5467812 2.5861497 2.7609272 2.5800822 2.3043298 2.4363690 2.4191613 2.0224310 3.7200579 2.6474093 2.3921677 2.3559981 2.5578830 2.3930635 2.3879338 2.3974313 2.5040398 2.5210786 2.6621370 2.3155457 2.1667345 2.1674899 2.6495892 2.4075148 2.2465923 2.2950663 2.4501265 2.4327572 2.3802679 2.3802679 2.3205201 2.5743119 2.4108838 2.7370710 2.5712280 2.9593203 4.5499784 2.8146631 2.3351264 2.3345930 0.2774267 0.2713238 0.0000000 0.4247752 2.3029674 2.3290216 2.5826188 2.8469069 2.9695830 3.6611233 
Xestes_augustus_masked-XT_scaffold161416-processed-gene-0.3-mRNA-1 3.2836615 2.8587634 2.8663049 2.8998819 3.1403128 3.1833490 2.3749352 2.9218829 2.4905939 2.8178961 2.9689054 1.7788134 4.7847874 2.9109246 2.8559414 2.6482433 2.6788628 2.8537058 2.9069308 2.9811199 2.8319298 3.1737292 3.0680868 2.7818246 2.7860584 2.7154577 3.0177607 2.6229737 2.8418558 2.8722271 3.0478519 3.0274665 2.9480199 2.9480199 2.8517162 2.6268562 2.9558143 3.0382349 3.3346195 3.1441909 4.0393056 2.7128429 2.6110860 2.4014634 0.4022757 0.3538966 0.4247752 0.0000000 2.3024811 2.4494662 2.5818984 2.8136479 3.2185898 3.3084679 
Cscu_XM_023370714.1                                                3.0322660 2.4146613 2.5290116 2.3822392 2.6871205 2.6871205 2.6463020 2.8050509 2.9202580 2.5671705 2.6461006 1.6868594 7.3158031 2.5001561 2.4382008 2.7920667 2.5961509 2.8924552 3.0967948 3.1307749 2.6246754 2.7350336 2.5540592 2.5899773 2.6244753 2.9242207 2.5045801 2.5466484 2.4262089 2.4125792 2.4839760 2.4839760 2.8483692 2.8483692 2.4391770 2.4391770 2.6608043 2.3026254 3.3940560 2.1429001 2.3630482 2.5451643 2.3313409 2.5277185 2.3110942 2.3607997 2.3029674 2.3024811 0.0000000 2.5414475 3.0091804 2.8316022 2.4934226 2.3925274 
Morvir_scaffold121.g183.t1                                         3.3057892 2.6876457 3.1108420 3.0281773 3.0026862 3.0534222 2.0397267 3.0057015 2.7608072 3.1082875 2.9568523 1.7241190 3.8091014 2.7619467 3.0175230 2.8273792 2.2723182 2.9708439 3.1800326 3.1985000 2.9212359 2.8231474 2.7303557 2.4213223 2.9659619 3.3314722 2.8582126 2.9947923 2.7644047 2.8321235 2.8436608 2.8272784 2.5824047 2.5824047 2.9511640 2.4648810 3.0185463 3.0219793 3.0187006 3.5599948 2.8502657 3.6873880 3.2977144 3.1913982 2.5391255 2.4910531 2.3290216 2.4494662 2.5414475 0.0000000 3.0526676 3.1171000 3.9276817 4.2492818 
Xestes_augustus_masked-XT_scaffold4675-processed-gene-0.0-mRNA-1   3.0893892 2.6351522 2.8917135 2.9850710 2.6597108 2.6806444 2.3698615 2.8535537 2.6952928 2.7688369 2.7381557 2.2485518 3.6171292 2.9151090 2.8564927 2.6083556 2.8760185 2.7045331 2.8811090 2.8651991 2.4741869 2.5102042 2.8054200 2.9987703 2.9524094 2.7549949 2.6386426 2.6850722 2.9101075 2.8815052 2.9485736 2.9275004 2.8634871 2.8634871 2.7003461 2.8118518 2.5994795 2.8745324 2.9627764 3.3559566 4.0504786 2.9182395 3.3924428 3.0386220 2.6146167 2.6121860 2.5826188 2.5818984 3.0091804 3.0526676 0.0000000 0.0659419 1.1026829 4.3675650 
Xestes_augustus_masked-XT_scaffold91512-processed-gene-0.0-mRNA-1  3.5170610 2.6475504 2.9112131 2.9781221 2.7276341 2.7276341 2.4142259 3.0286109 2.8894715 2.9386757 2.8851922 2.2786506 3.9600271 3.0057151 2.8596488 2.6666647 2.9603800 2.7880076 3.0195203 3.0018919 2.4200483 2.5110931 2.8525356 3.2261349 3.1545866 2.9607989 2.7222559 2.6758290 2.8985773 2.8139052 2.9459957 2.9233941 2.9875060 2.9875060 2.9877387 2.9721630 2.8925156 3.0050822 3.0343182 3.5287472 4.1669862 3.0448165 3.3203400 3.3461993 2.9245536 2.6200191 2.8469069 2.8136479 2.8316022 3.1171000 0.0659419 0.0000000 1.1219702 4.2798160 
Xestes_augustus_masked-XT_scaffold59286-processed-gene-0.3-mRNA-1  3.8255027 2.4093778 2.4252732 2.6108752 2.3888255 2.3888255 1.9533284 2.2173345 2.1248828 2.2141267 2.4070618 1.7455390 3.6647700 2.3792552 2.4467697 2.2005856 2.2572559 2.4338741 2.4376634 2.3839716 1.9175962 2.2014596 2.6804950 2.5872745 2.8739603 2.8292826 2.3844190 2.4908072 2.6776143 2.5834856 2.5714691 2.5714691 2.5587098 2.5587098 2.5731342 2.5731342 2.5411195 2.3161849 2.5806869 2.5819374 3.0643165 2.9257652 3.3128298 3.1066321 3.2465878 3.1610167 2.9695830 3.2185898 2.4934226 3.9276817 1.1026829 1.1219702 0.0000000 4.0964960 
Hvul_g20200_1                                                      5.0660207 4.0322303 4.4656332 4.4471828 4.7444685 4.8010534 4.0610337 4.5779317 4.0844643 4.1972302 4.3749003 2.7444391 7.3853083 4.0632988 3.9714984 4.2167721 3.8640947 4.0810361 4.3436818 4.3344942 4.3237599 4.2620001 4.6725968 4.1599961 4.0802564 3.8107490 4.3865858 3.8529727 3.9732316 3.9971598 4.2158440 4.2271056 4.2964782 4.2964782 4.0031681 4.0569272 4.4723983 4.5038229 5.2470042 4.3724369 4.9727586 3.6236773 3.7266124 3.8459830 3.6861385 3.3336756 3.6611233 3.3084679 2.3925274 4.2492818 4.3675650 4.2798160 4.0964960 0.0000000 
