69
Lcom_lcpid217224                                       0.0000000 1.8296334 1.7237006 1.4615472 1.7673061 1.6248650 2.8679246 2.6498072 1.5315255 2.3971497 2.3971497 2.4040399 2.1007727 2.3724440 2.4256660 2.4445579 1.5419479 1.9215754 2.6190657 3.0912513 2.5985358 2.5582012 1.8057049 2.3879682 3.1241114 1.9210668 2.5978601 2.6476293 3.5642362 2.8143082 2.5093440 2.4677963 2.4816373 1.8078272 3.3381940 2.8532866 6.7952716 4.9640221 4.9640221 4.6517267 3.5571039 3.5844644 9.0000000 0.0000010 4.0331306 0.0000010 5.1335829 4.4053070 3.4887079 3.1146918 4.7315696 4.4244512 1.8131393 3.5174150 4.3684256 4.3772641 3.4467863 3.4110014 2.1577984 2.0390358 0.0000010 3.6460887 4.3006047 3.2759074 0.0000010 0.0000010 4.0762488 3.9419601 3.2253611 
Bralan_BLAG02001733_4                                  1.8296334 0.0000000 1.4475844 1.6735894 1.6020650 1.7715189 1.9964230 1.8841778 1.6161443 2.0430646 1.8882708 1.7241427 1.8844437 1.8216595 1.8272878 1.8126763 1.6851568 1.8054728 1.9072635 1.8714934 1.8639789 2.2267954 1.8580744 1.9142640 2.1898056 1.8300640 2.3302628 2.3708239 2.2734592 2.5718318 2.3412934 2.6632985 2.4513771 2.8510529 2.7436343 2.3354449 6.7286347 3.2755750 3.4297574 3.0262197 3.1449074 3.1104874 2.5744123 3.2573691 2.9886290 2.9477305 2.8722058 3.2721247 3.3097294 3.0531553 5.0894977 2.6335903 1.9303602 2.8418967 2.9147391 2.6748118 2.5771827 2.5178984 2.0157313 1.9594660 2.4517411 2.4809917 2.9941054 3.0566360 3.0068993 2.5284698 3.0084064 3.0833982 1.9479321 
Skow_XM_006819666.1                                    1.7237006 1.4475844 0.0000000 1.6977816 1.7287295 1.8146800 1.8686514 1.8773535 1.4948266 1.9529448 1.7797121 1.6283952 1.7584180 1.8742623 1.8033977 1.7780654 1.7318695 2.0029278 1.9897791 2.1262994 2.0382378 2.0080977 2.0156429 2.1636686 2.2167143 1.9712838 2.2026860 2.4736244 2.1138164 2.5121149 2.5016266 2.8996340 2.6306712 2.8951354 2.6231947 2.2640092 7.2462795 3.1560513 3.4386226 2.8477272 3.0770528 3.0657182 2.2637512 2.8138995 2.9983876 3.2627438 2.8031090 2.9695313 3.3434177 3.1363385 5.1859222 3.1537142 2.0281793 3.0938968 2.8610132 2.7140217 2.4807237 2.5090688 1.9621055 1.9186874 2.8717925 3.0314170 3.0447869 3.2179592 3.2110187 2.9611823 3.2917045 3.1081906 2.0531203 
Acagra_model.g5864.t1                                  1.4615472 1.6735894 1.6977816 0.0000000 1.6642616 1.5864501 2.0796988 1.7553475 1.7334983 1.9466870 1.8220430 1.7502718 1.8131631 1.9321274 1.9134256 1.9397744 2.0240765 2.1699312 2.3209545 2.2965015 2.1999357 1.9586789 1.9520852 2.0538091 2.3391432 2.0956098 2.2927297 2.4216702 2.2998761 2.7548765 2.5227418 2.5267629 2.7601834 2.7615470 2.4399643 2.6071306 6.0018947 3.0520803 3.2493512 2.9859034 2.8555085 2.8535632 2.4932961 2.5816060 2.9605442 2.8523357 3.1793978 3.0876979 3.4698418 3.2094173 4.7640352 2.9478732 2.1489459 2.9724383 2.7144203 2.6686635 2.7135088 2.7031596 2.1626038 2.1191354 2.5732070 2.8054217 3.2383998 3.1916963 3.0833198 2.7817228 3.2941849 2.8432472 2.2028077 
Cscu_XM_023362615.1                                    1.7673061 1.6020650 1.7287295 1.6642616 0.0000000 1.3817303 2.2504961 2.0264915 1.6418340 2.0880137 1.9154008 1.8823080 1.8638917 1.8622117 1.8042731 1.8067260 1.9509123 2.1391370 2.2578901 2.4225022 2.4622990 2.0545601 2.1245769 1.8946882 2.2637411 1.9501381 2.2358880 2.4388601 2.1954616 2.7310829 2.4496849 2.8849887 2.6345962 2.9230853 2.9864255 2.7583983 8.9999981 3.5999921 4.0071904 3.3559785 3.1455538 3.0925720 2.9309242 2.8365765 3.3963080 3.8784145 3.5555162 3.5997909 3.8459370 3.6457785 6.0864071 2.7746200 1.9936955 2.3250327 2.3978533 2.5799306 2.5754970 2.5235835 2.1920594 2.1633452 2.5411737 2.9739998 3.3490774 2.9801193 2.8180783 2.5731855 3.2746170 3.4575677 2.3521709 
Tcas_TC007700_001                                      1.6248650 1.7715189 1.8146800 1.5864501 1.3817303 0.0000000 1.9649066 1.7725964 1.6213138 1.8916898 1.7759804 1.8502401 1.9328169 1.9704743 1.8983555 1.8747145 1.9547241 2.0556696 2.0955534 2.2214665 2.0825209 2.0348897 1.8998648 1.9394328 2.3569283 1.8822278 2.2814034 2.2822754 2.3363886 2.5520077 2.2879880 2.5635967 2.4465210 2.5929727 3.0463586 2.8098208 5.9909869 3.0779507 3.3731541 2.9374444 2.9985934 3.0056990 2.7560062 2.9716998 3.0303443 3.1643402 3.2167655 3.0088583 3.4332041 3.1706968 4.8535294 2.8981514 1.8682822 2.2706846 2.2979750 2.4523587 2.4703887 2.5488458 2.2632443 2.2365931 2.1592331 2.6870126 2.8280980 2.7918995 2.7123432 2.3521168 3.1000014 2.7906208 2.1287104 
Dgig_XM_028546164.1                                    2.8679246 1.9964230 1.8686514 2.0796988 2.2504961 1.9649066 0.0000000 0.8321307 1.7419761 2.0064302 1.7844392 1.7560077 1.8934621 1.9737003 1.7888336 1.8644746 1.9888201 1.8239304 1.8299973 2.2369372 2.0780484 2.2750567 2.4278381 1.8679720 2.6087391 2.1194469 2.7905228 2.6153460 2.4475618 2.2826466 2.4314133 2.6125790 2.4989842 2.7788392 2.8370709 2.3361057 5.7282417 2.9319331 3.0155612 2.6812409 3.0088660 2.9339261 3.1560669 2.7042327 2.8920658 3.1527546 2.7237807 2.9820491 3.1777072 2.9473717 3.8753498 2.9722854 2.3564727 2.4431822 2.2523921 2.5136953 2.1328421 2.2154681 2.4694261 2.4380555 2.1993610 2.6562694 3.0699862 3.1725871 2.9830700 2.3662102 2.9575815 3.2196806 2.2399039 
Xesp_014341-T1                                         2.6498072 1.8841778 1.8773535 1.7553475 2.0264915 1.7725964 0.8321307 0.0000000 1.4426391 1.7808537 1.7499768 1.6541119 1.8634492 1.9993558 1.8096445 1.8203748 1.7670542 1.8617999 1.8460118 2.2240649 2.0949713 2.1250576 2.3316818 1.9892206 2.1701891 2.1547574 2.5726675 2.4891297 2.4088295 2.2646383 2.5227942 2.4169467 2.4287228 2.1493854 2.6837455 2.4025716 5.0073369 3.1907115 3.1292186 2.9350003 3.2487826 3.1214369 2.4136056 3.1513583 3.1480202 3.0363113 3.1763005 3.1196073 3.5293604 3.2754385 5.0467464 3.4384197 2.3360640 2.9573517 2.3976765 2.1567183 2.5102316 2.4079051 2.2163282 2.2568567 2.2782523 2.7889893 3.1014747 3.3054074 2.8523761 2.5252825 3.1370444 3.1605114 2.2235769 
Hsap_ENST00000422003                                   1.5315255 1.6161443 1.4948266 1.7334983 1.6418340 1.6213138 1.7419761 1.4426391 0.0000000 1.8316817 1.5933602 1.7205580 1.7388626 1.8303334 1.7346353 1.7680572 1.5643143 1.8631719 2.2241438 2.2081144 2.0187432 2.1175490 2.0837130 1.9061507 2.3743126 1.8777722 2.2285790 2.3909288 2.2471780 2.2297933 2.1652715 2.6306449 2.6785218 2.7300081 2.6741301 2.3052461 6.0851475 3.1905393 3.1633562 2.9352884 3.1012032 3.0955033 2.9856283 3.0409091 3.1808046 3.2890112 2.9020438 3.3783489 3.1057492 3.0203403 4.9975315 2.6652590 1.9130956 2.2862020 2.4709698 2.1075407 2.2040473 2.3696200 1.8503189 1.8391980 2.5708522 2.7386456 2.9055229 3.0011745 3.0847459 2.1804436 3.3433549 2.8854549 2.1537623 
Amil_Amillepora24382-RA                                2.3971497 2.0430646 1.9529448 1.9466870 2.0880137 1.8916898 2.0064302 1.7808537 1.8316817 0.0000000 0.0192219 0.2632838 0.3863240 0.4293367 0.4778019 0.4926347 1.4795767 1.3305523 1.9730181 2.0558865 1.9852756 1.8960843 2.4525944 2.1464051 2.3615334 2.0636310 1.6899666 2.1244106 1.8362809 2.4244859 2.2191480 2.5092559 2.3008286 2.5320265 2.6409852 2.6543560 6.5421502 3.6544255 3.5432040 3.3283794 3.2646449 3.1899586 2.7350686 3.5457501 3.4751609 3.7689241 3.3418235 3.4048885 3.4573251 3.2403696 5.6416253 3.2118936 2.2317109 3.0599717 2.5077434 2.5932295 2.4639518 2.2276541 2.3955158 2.3795120 2.7885300 2.8262403 3.1204800 3.3832260 3.3027227 2.5861816 3.0912770 2.5425570 1.6664689 
Adig_XM_015913563.1                                    2.3971497 1.8882708 1.7797121 1.8220430 1.9154008 1.7759804 1.7844392 1.7499768 1.5933602 0.0192219 0.0000000 0.2584246 0.3585213 0.4192017 0.4714638 0.4916415 1.2679503 1.2029992 1.8682878 2.0578554 1.9208174 1.7465683 2.3783126 2.0805380 2.1722999 2.0776421 1.6873127 2.0373180 1.8354062 2.4800014 2.2405815 2.3443801 1.9783293 2.2134299 2.6973346 2.5509501 6.7787642 3.5718831 3.5232134 3.2152638 3.3287452 3.2354900 2.7247782 3.8273972 3.5714691 3.7789030 3.3798133 3.3857216 3.4883412 3.2426230 5.6416253 3.7695405 2.1611061 2.9400794 2.4489474 2.6686372 2.3827465 2.1579289 2.1131648 2.0882200 2.7819754 2.8209739 2.8903709 3.2317892 3.0879076 2.6493611 2.9999206 2.4838543 1.7050225 
Gfas_gfas1.m1.4612.m1                                  2.4040399 1.7241427 1.6283952 1.7502718 1.8823080 1.8502401 1.7560077 1.6541119 1.7205580 0.2632838 0.2584246 0.0000000 0.3577454 0.3461095 0.3797578 0.4195067 1.2654566 1.2540456 1.8356746 1.8841867 1.6837119 1.6980197 2.2417347 1.9480170 2.2043226 2.0701926 1.7239399 2.0424221 1.9067158 2.4697460 2.2145072 2.4975124 2.2123407 2.3276855 2.6078024 2.4943795 8.8008687 3.5481723 3.6447984 3.1758667 3.1438429 3.0540638 2.8094275 3.2068793 3.3633380 3.3045789 3.2904585 3.3074651 3.3955680 3.1074890 5.8017378 3.5083366 2.1684962 3.0220612 2.4807297 2.4763863 2.4696577 2.3090183 2.4491276 2.4500470 3.3344527 3.0439388 3.1646758 3.3437153 3.3252282 2.6166445 3.1314681 2.7176657 1.5810028 
Fspp_ffun1.m4.11337.m1                                 2.1007727 1.8844437 1.7584180 1.8131631 1.8638917 1.9328169 1.8934621 1.8634492 1.7388626 0.3863240 0.3585213 0.3577454 0.0000000 0.2121399 0.2808978 0.2908611 1.2815608 1.3445036 1.7543755 1.9661131 1.8262046 1.8304578 2.3708846 2.0450710 2.1206961 2.0549033 1.5472677 2.0218109 1.9588525 2.4697393 2.0990680 2.4824774 2.1992139 2.4536885 2.5835694 2.3589189 8.5274903 3.2601512 3.5536215 3.0045395 3.0636337 2.9666979 2.3990029 3.2884702 3.2029207 3.4630559 3.1329019 3.0231000 3.3486298 3.1285090 5.2989951 2.8483198 2.2069082 2.8267965 2.4833171 2.5961865 2.3106936 2.3545251 2.3846103 2.4068124 3.0146170 3.0766263 3.2220607 3.4136886 3.2420693 2.6843849 3.4401200 2.7013335 1.7155266 
Gasp_gasp1.m3.27590.m1                                 2.3724440 1.8216595 1.8742623 1.9321274 1.8622117 1.9704743 1.9737003 1.9993558 1.8303334 0.4293367 0.4192017 0.3461095 0.2121399 0.0000000 0.2934767 0.3021801 1.2754319 1.2991031 1.8203998 1.9341850 1.8228022 1.8605824 2.3452160 1.9689357 2.2602303 1.9498515 1.6254649 2.0376398 2.0104008 2.4416677 2.1237472 2.4889179 2.3621913 2.5850611 2.4760912 2.5459833 8.9974294 3.3654439 3.8027649 3.0991814 3.0059185 2.9204514 2.6279805 3.2483470 3.3625117 3.5749248 3.2198410 3.1667612 3.4196694 3.1824981 5.6364125 2.8212939 2.2587640 2.6616090 2.3794266 2.5191783 2.3222294 2.3534678 2.3232126 2.3393377 2.8716349 3.0694848 3.2672308 3.3746321 3.2930172 2.6782097 3.1712441 2.7707290 1.8527680 
Spis_XP_022790378_1                                    2.4256660 1.8272878 1.8033977 1.9134256 1.8042731 1.8983555 1.7888336 1.8096445 1.7346353 0.4778019 0.4714638 0.3797578 0.2808978 0.2934767 0.0000000 0.0755302 1.2027201 1.3232638 1.7637070 1.9272218 1.8644210 1.8107552 2.3333790 2.0283011 2.2145271 1.9619817 1.6451570 2.0156507 1.9233767 2.3644137 2.0675390 2.4331839 2.3287552 2.4191474 2.3229455 2.3517004 8.8349853 3.3171160 3.6434004 2.9822596 3.0680700 2.9606788 2.6654281 3.1427673 3.1021071 3.3047477 2.9848961 3.1692866 3.0748239 2.9091109 5.5377414 3.1830983 2.0605346 2.6737724 2.3888264 2.4625638 2.2895292 2.3680325 2.2661059 2.2774663 3.3512647 2.9810810 3.3629762 3.4852489 3.3019996 2.8735995 3.1751622 2.7874681 1.6105726 
Pocdam_XM_027186293.1                                  2.4445579 1.8126763 1.7780654 1.9397744 1.8067260 1.8747145 1.8644746 1.8203748 1.7680572 0.4926347 0.4916415 0.4195067 0.2908611 0.3021801 0.0755302 0.0000000 1.1732456 1.3577097 1.8031640 1.9113975 1.8619784 1.8704452 2.3774361 2.0282552 2.2664634 2.0222046 1.6951977 2.0279231 1.9459612 2.4314894 2.1151278 2.4695363 2.3766552 2.5717086 2.4207514 2.3645972 8.7722967 3.3173439 3.6241764 2.9912730 3.0448501 2.9726021 2.6184388 3.2028169 3.2279635 3.5593594 3.1087167 3.2403187 3.1685643 2.9939497 5.3633554 3.0872287 2.1038736 2.6730234 2.4034525 2.4790312 2.2773108 2.3481812 2.2715878 2.2728095 3.5502196 3.1191728 3.2973364 3.2523936 3.0769115 2.9717953 3.1831739 2.8486145 1.7403850 
Nvec_v1g193641                                         1.5419479 1.6851568 1.7318695 2.0240765 1.9509123 1.9547241 1.9888201 1.7670542 1.5643143 1.4795767 1.2679503 1.2654566 1.2815608 1.2754319 1.2027201 1.1732456 0.0000000 0.9961240 1.7893397 1.8671368 1.8566822 2.0315180 2.0607220 1.9863590 2.2953673 1.9693986 2.0245931 2.2062639 2.3340398 2.3578507 2.4799126 2.6435369 2.4609553 2.6931481 2.7736394 1.9148534 5.9171939 3.2100533 3.5223170 3.0390945 3.0269701 2.9773082 2.5281100 3.0448152 3.1049080 3.1798445 3.2007702 3.0601008 3.0617210 3.0254930 4.8694844 2.7097895 2.1758930 2.8942362 2.6245891 2.5055030 2.3880805 2.2858414 2.3657342 2.3379497 3.0273892 2.9067299 2.8398262 3.1971785 3.0268408 2.2608944 2.8224025 2.7573469 1.8529804 
Exapal_XM_021046887.2                                  1.9215754 1.8054728 2.0029278 2.1699312 2.1391370 2.0556696 1.8239304 1.8617999 1.8631719 1.3305523 1.2029992 1.2540456 1.3445036 1.2991031 1.3232638 1.3577097 0.9961240 0.0000000 1.6847037 1.8766723 1.7333094 1.9988972 2.0863848 2.1172354 2.4254941 2.0182037 2.0659798 2.2668818 2.2594064 2.3337304 2.2237873 2.4267415 2.2661161 2.5698789 3.0033517 2.2349506 8.7251203 3.5129847 3.8738791 3.0586461 3.1273802 3.1080391 2.3801182 3.3961000 3.1933072 2.7270142 3.2291697 3.3738720 3.5339082 3.3537245 6.2548539 3.1134293 2.1338979 2.6484641 2.6402618 2.6584205 2.3964435 2.1566172 2.1890795 2.2440766 3.3715656 3.1874950 2.9542194 3.0244681 2.8912187 2.4651445 3.2511813 2.7777797 1.9939256 
Sanmal_Sma_015652-T1                                   2.6190657 1.9072635 1.9897791 2.3209545 2.2578901 2.0955534 1.8299973 1.8460118 2.2241438 1.9730181 1.8682878 1.8356746 1.7543755 1.8203998 1.7637070 1.8031640 1.7893397 1.6847037 0.0000000 0.8905661 0.8483858 1.7291300 2.4854114 2.2204434 2.5267478 2.2726757 2.3926216 2.5527605 2.6044468 2.6425636 2.5960203 2.6908569 2.4792370 2.5526038 2.8968733 1.9268802 6.0256011 3.2611306 3.4292029 3.1069210 3.3763781 3.3658632 2.7465274 3.4065500 3.3203529 3.3651480 2.8531017 3.5492830 3.4331906 3.3063186 4.2384714 3.0654091 2.3429048 2.7648114 2.4797512 2.9254040 2.6294016 2.0086750 2.4175207 2.4315257 2.9202738 2.8123600 2.9412793 3.4114656 3.1302340 2.4232929 3.4889376 3.3054438 1.9982375 
Nemnom_g5644.t1                                        3.0912513 1.8714934 2.1262994 2.2965015 2.4225022 2.2214665 2.2369372 2.2240649 2.2081144 2.0558865 2.0578554 1.8841867 1.9661131 1.9341850 1.9272218 1.9113975 1.8671368 1.8766723 0.8905661 0.0000000 0.3620965 1.8142796 2.1100904 2.1837594 2.5915093 2.1949363 2.4311573 2.4727354 2.2555121 2.7910773 2.5569014 2.9649610 2.8915707 2.7697698 3.0212316 2.3842987 5.1888154 3.2752942 3.5986016 3.1270155 3.4543629 3.3247061 3.1126390 3.1443472 3.1722964 3.4110935 3.1472151 3.1343031 3.5600980 3.3159646 4.8551443 2.6665043 2.3698356 2.7982162 2.4565787 2.4513992 2.8629254 1.9818782 2.2181330 2.2377701 2.5318751 3.3075650 2.9790319 2.9908893 2.7675601 2.3426189 3.4283907 3.4812129 1.9582681 
Rhoesc_Res_007606-T1                                   2.5985358 1.8639789 2.0382378 2.1999357 2.4622990 2.0825209 2.0780484 2.0949713 2.0187432 1.9852756 1.9208174 1.6837119 1.8262046 1.8228022 1.8644210 1.8619784 1.8566822 1.7333094 0.8483858 0.3620965 0.0000000 1.6893449 2.2648542 2.1865510 2.6512356 2.2899370 2.4347884 2.5613831 2.2276469 2.7872183 2.3814972 2.8018283 2.6642890 2.3914592 3.0391897 2.2957795 5.2919146 3.1258236 3.4991726 3.0714289 3.3457654 3.2979060 3.0207707 3.0606616 3.2053864 3.4238389 3.1089302 3.2275669 3.4927039 3.2861672 5.3901356 2.6903807 2.2555094 2.7318409 2.6156033 2.5159009 2.6137484 1.9261331 2.2439919 2.2548498 2.6901633 3.2556034 3.2476922 3.1352166 2.8826644 2.5620329 3.3654074 3.2299563 1.9203894 
Morvir_scaffold18.g125.t1                              2.5582012 2.2267954 2.0080977 1.9586789 2.0545601 2.0348897 2.2750567 2.1250576 2.1175490 1.8960843 1.7465683 1.6980197 1.8304578 1.8605824 1.8107552 1.8704452 2.0315180 1.9988972 1.7291300 1.8142796 1.6893449 0.0000000 2.3221308 2.2966083 2.5009295 2.5363654 2.5743273 2.7815498 2.3349044 2.9643605 2.6724889 2.8383040 2.6908184 2.7297953 3.1533379 2.4187812 6.2647610 3.4002779 3.9148084 3.2468360 3.7531314 3.6066391 3.7174365 3.5654844 3.4850877 3.3359779 3.4374974 3.8609380 3.5705055 3.4636276 5.9366609 3.2612126 2.0394544 2.5995141 2.2385443 2.7615250 2.5086602 2.3596517 2.5121344 2.5056431 3.0698222 3.1450282 3.0893818 3.2507764 3.0272780 2.8132551 3.2063030 3.3367795 2.2653466 
Ctel_gnl_WGS_AMQN_CAPTEDRAFT_mRNA44184                 1.8057049 1.8580744 2.0156429 1.9520852 2.1245769 1.8998648 2.4278381 2.3316818 2.0837130 2.4525944 2.3783126 2.2417347 2.3708846 2.3452160 2.3333790 2.3774361 2.0607220 2.0863848 2.4854114 2.1100904 2.2648542 2.3221308 0.0000000 1.9212755 2.7395511 2.4136245 2.6943487 2.5609318 2.5480116 3.0636588 2.9817715 3.1120521 2.9219410 2.8317435 3.5135871 2.9161407 5.3876955 3.2005579 3.2710709 3.0015929 3.3237567 3.2967570 2.5807219 3.7313016 3.4119667 3.2176059 3.1694348 3.4926934 3.2451613 3.0608691 5.7599508 3.5355828 2.2318703 3.0208144 2.7657768 2.9707081 2.9867465 2.6330776 2.3909600 2.3962408 3.0597993 3.4553995 3.1719190 4.1466390 3.7707111 2.5728445 3.5632537 3.0778051 2.1418409 
Cgig_XM_034447781.1                                    2.3879682 1.9142640 2.1636686 2.0538091 1.8946882 1.9394328 1.8679720 1.9892206 1.9061507 2.1464051 2.0805380 1.9480170 2.0450710 1.9689357 2.0283011 2.0282552 1.9863590 2.1172354 2.2204434 2.1837594 2.1865510 2.2966083 1.9212755 0.0000000 2.3209589 2.2641557 2.3130608 2.4510063 2.5316711 2.5576987 2.5952791 2.6735845 2.7443325 2.6260042 3.0336208 2.6758203 6.1185405 3.4609112 3.8765436 3.3640892 3.1628687 3.1286881 2.9806275 2.7926703 3.4641053 3.4289451 3.5403494 3.2828293 3.5362197 3.2289628 6.1368294 2.3707930 2.1193381 2.9273662 2.6153819 2.5210617 2.3782234 2.5253553 2.2687416 2.2989854 2.2047129 3.0662308 2.6978593 2.8882199 2.6918835 2.6658617 3.3031968 3.1174531 2.1320513 
Opea_EP00118_Oscarella_pearsei_P003144                 3.1241114 2.1898056 2.2167143 2.3391432 2.2637411 2.3569283 2.6087391 2.1701891 2.3743126 2.3615334 2.1722999 2.2043226 2.1206961 2.2602303 2.2145271 2.2664634 2.2953673 2.4254941 2.5267478 2.5915093 2.6512356 2.5009295 2.7395511 2.3209589 0.0000000 1.5237069 2.2944196 2.3937341 2.2856401 2.4317213 2.6625389 2.8967859 3.0487545 2.4475716 3.0435656 3.0198355 6.1046500 4.1255799 4.7868119 3.9346065 3.5444126 3.5630970 3.2297716 3.2668918 4.0950816 3.3672850 3.7750663 3.7467838 4.4242020 4.1910775 7.6428603 2.9495042 2.4306120 3.4066409 2.8442882 2.9078143 2.8432079 3.0030499 2.6788123 2.7001579 2.3544244 2.8293405 2.8314047 2.8265580 2.6115906 1.8467161 3.4158169 3.2900561 2.0969491 
Plajan_Pjan_scaffold19978_01                           1.9210668 1.8300640 1.9712838 2.0956098 1.9501381 1.8822278 2.1194469 2.1547574 1.8777722 2.0636310 2.0776421 2.0701926 2.0549033 1.9498515 1.9619817 2.0222046 1.9693986 2.0182037 2.2726757 2.1949363 2.2899370 2.5363654 2.4136245 2.2641557 1.5237069 0.0000000 2.1974543 2.2074280 2.1881462 2.2906086 2.3127073 2.4106719 2.5830485 2.2907053 2.9754902 2.9473430 7.8252293 3.8063603 3.8587633 3.5683922 3.1385430 3.2047897 2.6475892 2.8269595 3.5835941 3.4325308 3.5884715 3.5411940 3.5242591 3.3337383 6.6819632 4.0400721 2.2428766 2.5399495 2.8303973 2.5430205 2.4766385 2.6805591 2.3545859 2.2992111 2.2618579 2.7526262 2.8120099 3.3828234 2.8548080 2.0129351 3.1266240 2.6970692 2.2898923 
Tetwil_g15827.t1                                       2.5978601 2.3302628 2.2026860 2.2927297 2.2358880 2.2814034 2.7905228 2.5726675 2.2285790 1.6899666 1.6873127 1.7239399 1.5472677 1.6254649 1.6451570 1.6951977 2.0245931 2.0659798 2.3926216 2.4311573 2.4347884 2.5743273 2.6943487 2.3130608 2.2944196 2.1974543 0.0000000 0.0048749 1.3818843 1.3835009 1.3699893 1.6423770 1.5699924 1.0311999 1.8942379 3.0578715 7.4501023 4.7916544 4.7916544 4.2033089 3.9820328 3.9800419 2.8800245 9.0000000 4.0587512 4.4968767 4.5973828 4.4872889 4.2590334 3.6003327 6.1375776 3.0153857 2.3631274 3.7035840 3.8748437 2.9327254 2.8116698 3.1950936 2.7389047 2.6296914 0.0000010 2.9396359 2.6814595 5.6587142 5.0398456 2.6577460 3.2054279 3.0976570 1.5949333 
Tetwil_g17749.t1                                       2.6476293 2.3708239 2.4736244 2.4216702 2.4388601 2.2822754 2.6153460 2.4891297 2.3909288 2.1244106 2.0373180 2.0424221 2.0218109 2.0376398 2.0156507 2.0279231 2.2062639 2.2668818 2.5527605 2.4727354 2.5613831 2.7815498 2.5609318 2.4510063 2.3937341 2.2074280 0.0048749 0.0000000 1.3869431 1.5525514 1.4841340 1.9532333 1.7792031 1.8377210 1.8372728 2.9537126 5.6853778 3.6143130 4.2762918 3.3866848 3.3090549 3.2399701 2.8800245 2.8654036 3.4771432 3.3315267 3.7766389 3.8776867 3.5704526 3.2935700 5.9994483 2.5778505 2.2684021 2.8080260 3.0557791 2.4873152 2.5971064 3.2911653 2.8604657 2.8144908 2.0274425 2.6886254 2.6935508 2.8652393 2.5244555 3.5023107 3.3110034 3.1332971 1.7428203 
Stycar_maker-SC_scaffold844-snap-gene-0.15-mRNA-1      3.5642362 2.2734592 2.1138164 2.2998761 2.1954616 2.3363886 2.4475618 2.4088295 2.2471780 1.8362809 1.8354062 1.9067158 1.9588525 2.0104008 1.9233767 1.9459612 2.3340398 2.2594064 2.6044468 2.2555121 2.2276469 2.3349044 2.5480116 2.5316711 2.2856401 2.1881462 1.3818843 1.3869431 0.0000000 1.5706724 1.6042966 1.7706078 1.6445158 1.4775958 1.9498281 3.1674086 7.3601412 4.0264502 4.1390737 3.6769955 3.8391024 3.7522208 2.9315280 3.0452735 3.3929242 3.0484293 3.4284649 3.3349350 3.9379915 3.5198912 6.1623777 3.6798279 2.6574058 3.0977566 2.8963237 2.3016905 2.5685985 2.9915036 2.4104995 2.3915724 1.4955826 2.8418340 2.7661310 2.8526751 2.4276579 2.5648861 3.3970850 3.1199860 1.5831460 
Emue_Em0005g91a.t1                                     2.8143082 2.5718318 2.5121149 2.7548765 2.7310829 2.5520077 2.2826466 2.2646383 2.2297933 2.4244859 2.4800014 2.4697460 2.4697393 2.4416677 2.3644137 2.4314894 2.3578507 2.3337304 2.6425636 2.7910773 2.7872183 2.9643605 3.0636588 2.5576987 2.4317213 2.2906086 1.3835009 1.5525514 1.5706724 0.0000000 0.4102097 2.1251668 1.9415082 1.6562014 0.5407293 3.1889297 6.0281693 3.4823919 3.8963804 3.2950862 3.3679103 3.4553714 2.7277592 3.4397268 3.3205333 3.7965406 3.4049800 3.2388787 3.6657867 3.4607762 4.5871091 2.8430062 2.5617920 3.1006455 3.1827160 2.9722381 2.9181478 3.0277178 3.0484926 2.9865919 2.5793676 2.9058479 2.6371000 3.1482825 2.9455430 2.6942071 3.3378041 3.2176544 1.6520802 
Spolac_c77983_g1_i1_m.1987c77983-g1                    2.5093440 2.3412934 2.5016266 2.5227418 2.4496849 2.2879880 2.4314133 2.5227942 2.1652715 2.2191480 2.2405815 2.2145072 2.0990680 2.1237472 2.0675390 2.1151278 2.4799126 2.2237873 2.5960203 2.5569014 2.3814972 2.6724889 2.9817715 2.5952791 2.6625389 2.3127073 1.3699893 1.4841340 1.6042966 0.4102097 0.0000000 1.8672555 1.8383384 1.6058874 0.9608167 3.3970167 8.9453319 4.1383711 4.2935236 3.7206492 4.0829825 4.0670318 3.5183870 3.5724362 3.6835291 3.6949776 3.9831087 3.6252420 4.1362140 3.9430626 5.4976509 2.6110257 2.6285604 3.4163708 3.4710555 3.0518889 2.9535240 3.3348139 2.6298878 2.6555351 2.0819148 2.7309363 2.4756282 2.7903536 2.4460989 2.7360261 2.7606925 2.8488651 1.5969712 
Aque_Aqu2.1.33744_001                                  2.4677963 2.6632985 2.8996340 2.5267629 2.8849887 2.5635967 2.6125790 2.4169467 2.6306449 2.5092559 2.3443801 2.4975124 2.4824774 2.4889179 2.4331839 2.4695363 2.6435369 2.4267415 2.6908569 2.9649610 2.8018283 2.8383040 3.1120521 2.6735845 2.8967859 2.4106719 1.6423770 1.9532333 1.7706078 2.1251668 1.8672555 0.0000000 0.8170934 1.2370894 2.3083732 3.0879586 5.8492135 3.9632128 4.1153623 3.6421068 3.5041251 3.5182202 3.0127248 3.2948490 3.6502267 3.9451862 3.4128861 3.6910601 3.8628632 3.6889634 5.1565318 3.3410974 2.5042746 3.1607745 3.3363854 2.9801698 2.8058108 3.2139509 2.8675745 2.8871754 2.7105274 3.0527464 3.4507764 3.2644363 3.0155127 2.9007572 2.9902562 3.1317077 2.0260975 
Halamb_c47678_g1_i1mm.2348                             2.4816373 2.4513771 2.6306712 2.7601834 2.6345962 2.4465210 2.4989842 2.4287228 2.6785218 2.3008286 1.9783293 2.2123407 2.1992139 2.3621913 2.3287552 2.3766552 2.4609553 2.2661161 2.4792370 2.8915707 2.6642890 2.6908184 2.9219410 2.7443325 3.0487545 2.5830485 1.5699924 1.7792031 1.6445158 1.9415082 1.8383384 0.8170934 0.0000000 0.9661502 2.3063741 2.9918256 6.0538195 3.6422608 3.8382422 3.2887379 3.2503646 3.2086673 3.3172076 2.7160513 3.6793517 3.4767924 3.6821575 3.4910679 3.8614971 3.6958650 5.2547786 2.8545992 2.5893320 3.0849375 3.0270201 2.9602815 2.6247040 3.0821236 2.8335075 2.7827969 2.4934193 2.9713253 3.4110033 3.0041521 2.6823120 2.5504516 3.1392312 3.3474117 1.7544879 
Xestes_maker-XT_scaffold1508-augustus-gene-0.54-mRNA-1 1.8078272 2.8510529 2.8951354 2.7615470 2.9230853 2.5929727 2.7788392 2.1493854 2.7300081 2.5320265 2.2134299 2.3276855 2.4536885 2.5850611 2.4191474 2.5717086 2.6931481 2.5698789 2.5526038 2.7697698 2.3914592 2.7297953 2.8317435 2.6260042 2.4475716 2.2907053 1.0311999 1.8377210 1.4775958 1.6562014 1.6058874 1.2370894 0.9661502 0.0000000 0.8656003 2.4952862 3.5132899 2.9312720 2.2171571 2.9312720 2.7694897 2.7688542 2.2828290 3.0029437 3.3381098 4.2414557 2.9085548 3.4099311 3.4988957 3.4988957 9.0000000 3.1218459 2.7654873 2.9295131 2.7002695 2.9547704 2.5710107 2.5417508 2.9211420 2.8378627 2.5192174 2.8934800 3.1868611 3.2361795 3.1305456 2.7796626 3.0171052 2.5300500 1.8441879 
Emue_Em0005g79a.t1                                     3.3381940 2.7436343 2.6231947 2.4399643 2.9864255 3.0463586 2.8370709 2.6837455 2.6741301 2.6409852 2.6973346 2.6078024 2.5835694 2.4760912 2.3229455 2.4207514 2.7736394 3.0033517 2.8968733 3.0212316 3.0391897 3.1533379 3.5135871 3.0336208 3.0435656 2.9754902 1.8942379 1.8372728 1.9498281 0.5407293 0.9608167 2.3083732 2.3063741 0.8656003 0.0000000 3.2185032 8.9999988 4.1407824 4.1407824 3.8244215 3.4274623 3.4601970 2.7274240 0.0000010 3.2294198 2.8115863 3.5703173 3.4366833 3.9610558 3.7067511 4.3961829 9.0000000 2.6922199 3.7475760 3.5087366 3.5680760 3.0824131 3.7203274 2.8139009 2.7238889 0.0000010 3.4453606 3.1260381 3.3780609 1.6207238 3.6029570 3.4748783 3.5296573 1.4056289 
Chem_TCONS_00051733                                    2.8532866 2.3354449 2.2640092 2.6071306 2.7583983 2.8098208 2.3361057 2.4025716 2.3052461 2.6543560 2.5509501 2.4943795 2.3589189 2.5459833 2.3517004 2.3645972 1.9148534 2.2349506 1.9268802 2.3842987 2.2957795 2.4187812 2.9161407 2.6758203 3.0198355 2.9473430 3.0578715 2.9537126 3.1674086 3.1889297 3.3970167 3.0879586 2.9918256 2.4952862 3.2185032 0.0000000 8.9999983 3.5025783 4.1259628 3.2336023 3.2981058 3.3413799 3.2757953 2.6881273 3.4386457 2.8819496 2.9721187 3.4836175 3.8839462 3.5976715 5.8945758 2.8157432 2.6627883 3.9385169 3.1510646 3.0225953 3.0049807 2.1192038 2.7040106 2.6605583 3.7238585 3.8563167 3.3759352 3.7288131 3.4992616 3.1738489 3.6716575 3.8337765 2.3699490 
Mertsp_Mesp_sb583404                                   6.7952716 6.7286347 7.2462795 6.0018947 8.9999981 5.9909869 5.7282417 5.0073369 6.0851475 6.5421502 6.7787642 8.8008687 8.5274903 8.9974294 8.8349853 8.7722967 5.9171939 8.7251203 6.0256011 5.1888154 5.2919146 6.2647610 5.3876955 6.1185405 6.1046500 7.8252293 7.4501023 5.6853778 7.3601412 6.0281693 8.9453319 5.8492135 6.0538195 3.5132899 8.9999988 8.9999983 0.0000000 0.1746553 0.1105179 3.4711082 2.0990984 2.1106149 0.0000010 1.3494568 1.5696182 1.5000324 3.1823330 1.8095964 2.2102911 1.8473487 1.4601242 1.8120800 4.7022168 8.9999981 8.6786242 6.2767130 5.4761759 6.0336130 4.5866199 4.5771264 0.0000010 7.3686019 6.6462505 4.3284272 3.2380799 3.5691696 6.3663916 8.3110344 5.1929803 
Mertsp_Mesp_sb583401                                   4.9640221 3.2755750 3.1560513 3.0520803 3.5999921 3.0779507 2.9319331 3.1907115 3.1905393 3.6544255 3.5718831 3.5481723 3.2601512 3.3654439 3.3171160 3.3173439 3.2100533 3.5129847 3.2611306 3.2752942 3.1258236 3.4002779 3.2005579 3.4609112 4.1255799 3.8063603 4.7916544 3.6143130 4.0264502 3.4823919 4.1383711 3.9632128 3.6422608 2.9312720 4.1407824 3.5025783 0.1746553 0.0000000 0.0000010 0.1235872 0.9853116 0.9565664 0.5484865 0.9017561 0.5912085 0.7374700 0.6983721 0.6908316 0.9728002 0.9148067 0.8565058 1.2195182 2.5881969 3.9415831 3.2377603 3.2573023 3.1189194 3.1880014 3.2119380 3.2543839 3.6436556 4.1818829 3.7524519 4.0829884 3.6620822 4.3636314 4.4413027 4.8621358 3.2662379 
Bolinf_Binf_sb1257457                                  4.9640221 3.4297574 3.4386226 3.2493512 4.0071904 3.3731541 3.0155612 3.1292186 3.1633562 3.5432040 3.5232134 3.6447984 3.5536215 3.8027649 3.6434004 3.6241764 3.5223170 3.8738791 3.4292029 3.5986016 3.4991726 3.9148084 3.2710709 3.8765436 4.7868119 3.8587633 4.7916544 4.2762918 4.1390737 3.8963804 4.2935236 4.1153623 3.8382422 2.2171571 4.1407824 4.1259628 0.1105179 0.0000010 0.0000000 0.2727974 0.9446079 0.9333244 0.5484865 0.4540571 0.5103080 0.4334394 0.6733986 0.6936345 0.8756143 0.7763522 0.8565058 2.3441454 3.0607598 5.2485246 3.6769903 3.4345903 3.4329920 3.4315331 3.4849582 3.4972728 4.1827425 4.3327864 4.0258848 5.1017984 3.2601002 3.9341040 4.1582686 4.8621358 3.2989372 
Mertsp_Mesp_sb583400                                   4.6517267 3.0262197 2.8477272 2.9859034 3.3559785 2.9374444 2.6812409 2.9350003 2.9352884 3.3283794 3.2152638 3.1758667 3.0045395 3.0991814 2.9822596 2.9912730 3.0390945 3.0586461 3.1069210 3.1270155 3.0714289 3.2468360 3.0015929 3.3640892 3.9346065 3.5683922 4.2033089 3.3866848 3.6769955 3.2950862 3.7206492 3.6421068 3.2887379 2.9312720 3.8244215 3.2336023 3.4711082 0.1235872 0.2727974 0.0000000 1.0555208 1.0224830 0.5484865 0.9017561 0.6437887 0.7374700 0.5537492 0.7660209 1.0162570 0.9569742 1.2499152 1.2964487 2.5187436 3.4916789 2.8907103 3.0709564 3.0235921 3.1226685 3.2675190 3.2680749 3.6436556 4.0200714 3.7728766 4.0474368 3.6620822 4.3636314 4.0440919 4.5733268 3.1359834 
Horcal_Hcv1.av93.c5.g124.i1                            3.5571039 3.1449074 3.0770528 2.8555085 3.1455538 2.9985934 3.0088660 3.2487826 3.1012032 3.2646449 3.3287452 3.1438429 3.0636337 3.0059185 3.0680700 3.0448501 3.0269701 3.1273802 3.3763781 3.4543629 3.3457654 3.7531314 3.3237567 3.1628687 3.5444126 3.1385430 3.9820328 3.3090549 3.8391024 3.3679103 4.0829825 3.5041251 3.2503646 2.7694897 3.4274623 3.2981058 2.0990984 0.9853116 0.9446079 1.0555208 0.0000000 0.0413688 0.0225112 0.0603145 0.9766693 1.1625602 1.0828524 1.0156196 1.1763082 1.1476243 1.3046529 1.3027402 2.6343460 3.6779708 3.3134101 3.0819003 3.0054852 3.2933723 3.2795432 3.3001685 4.3448606 4.1736426 3.4424534 3.7657800 3.4815076 4.3109702 4.3024199 4.0588011 2.8852169 
Pbac_sb2663566                                         3.5844644 3.1104874 3.0657182 2.8535632 3.0925720 3.0056990 2.9339261 3.1214369 3.0955033 3.1899586 3.2354900 3.0540638 2.9666979 2.9204514 2.9606788 2.9726021 2.9773082 3.1080391 3.3658632 3.3247061 3.2979060 3.6066391 3.2967570 3.1286881 3.5630970 3.2047897 3.9800419 3.2399701 3.7522208 3.4553714 4.0670318 3.5182202 3.2086673 2.7688542 3.4601970 3.3413799 2.1106149 0.9565664 0.9333244 1.0224830 0.0413688 0.0000000 0.0000010 0.0408614 0.9493402 1.1394804 1.0646058 0.9718295 1.1272587 1.0976943 1.2356641 1.2729116 2.6082236 3.6731617 3.1860138 3.0108350 2.9137427 3.2103899 3.2489548 3.2691285 4.0382472 3.9704784 3.4406375 3.7520987 3.4667106 4.2625520 4.2487758 3.9196089 2.9257863 
Pbac_sb2641578                                         9.0000000 2.5744123 2.2637512 2.4932961 2.9309242 2.7560062 3.1560669 2.4136056 2.9856283 2.7350686 2.7247782 2.8094275 2.3990029 2.6279805 2.6654281 2.6184388 2.5281100 2.3801182 2.7465274 3.1126390 3.0207707 3.7174365 2.5807219 2.9806275 3.2297716 2.6475892 2.8800245 2.8800245 2.9315280 2.7277592 3.5183870 3.0127248 3.3172076 2.2828290 2.7274240 3.2757953 0.0000010 0.5484865 0.5484865 0.5484865 0.0225112 0.0000010 0.0000000 0.0000010 0.5516843 0.6532420 0.5033619 0.6925848 0.6320201 0.6320201 2.0959110 0.0000010 2.6110978 2.9854873 2.8808496 2.3904738 2.5787151 2.9770595 4.1007650 4.1383514 0.0000010 3.7786468 3.1759197 8.9999982 9.0000000 4.4146497 3.4295495 3.3558447 3.0091731 
Pbac_sb2639250                                         0.0000010 3.2573691 2.8138995 2.5816060 2.8365765 2.9716998 2.7042327 3.1513583 3.0409091 3.5457501 3.8273972 3.2068793 3.2884702 3.2483470 3.1427673 3.2028169 3.0448152 3.3961000 3.4065500 3.1443472 3.0606616 3.5654844 3.7313016 2.7926703 3.2668918 2.8269595 9.0000000 2.8654036 3.0452735 3.4397268 3.5724362 3.2948490 2.7160513 3.0029437 0.0000010 2.6881273 1.3494568 0.9017561 0.4540571 0.9017561 0.0603145 0.0408614 0.0000010 0.0000000 1.1553702 1.1886335 1.0250795 1.0202047 1.3704986 1.3704986 0.0000010 1.2039340 2.2879767 3.4901740 3.2746750 2.8573514 2.7739587 2.8747652 2.8990846 2.9022786 3.9524301 3.6924035 3.4258951 3.6516746 3.6516746 4.0238354 3.9111112 0.0000010 2.5272318 
Mlei_ML0576.g7.i1                                      4.0331306 2.9886290 2.9983876 2.9605442 3.3963080 3.0303443 2.8920658 3.1480202 3.1808046 3.4751609 3.5714691 3.3633380 3.2029207 3.3625117 3.1021071 3.2279635 3.1049080 3.1933072 3.3203529 3.1722964 3.2053864 3.4850877 3.4119667 3.4641053 4.0950816 3.5835941 4.0587512 3.4771432 3.3929242 3.3205333 3.6835291 3.6502267 3.6793517 3.3381098 3.2294198 3.4386457 1.5696182 0.5912085 0.5103080 0.6437887 0.9766693 0.9493402 0.5516843 1.1553702 0.0000000 0.0210356 0.4697374 0.5502892 0.8956551 0.8550921 0.4310663 1.5943254 2.4685791 4.0558903 3.4502215 3.1174943 3.0794055 3.1904643 3.2904603 3.3007150 3.8260721 3.9986023 3.4684668 4.1081994 3.7063173 4.3284159 3.8142707 4.2074711 2.9086518 
Vmul_sbMO503129                                        0.0000010 2.9477305 3.2627438 2.8523357 3.8784145 3.1643402 3.1527546 3.0363113 3.2890112 3.7689241 3.7789030 3.3045789 3.4630559 3.5749248 3.3047477 3.5593594 3.1798445 2.7270142 3.3651480 3.4110935 3.4238389 3.3359779 3.2176059 3.4289451 3.3672850 3.4325308 4.4968767 3.3315267 3.0484293 3.7965406 3.6949776 3.9451862 3.4767924 4.2414557 2.8115863 2.8819496 1.5000324 0.7374700 0.4334394 0.7374700 1.1625602 1.1394804 0.6532420 1.1886335 0.0210356 0.0000000 0.4133727 0.6355173 1.2402217 1.2402217 0.0000010 1.9623223 2.7346266 3.6821234 3.1922893 3.3974785 2.8282940 2.5249553 2.8702575 2.9168921 3.8260721 4.0276853 3.6679877 4.0859967 4.0859967 3.9041066 5.5752860 4.6561664 2.6883458 
Beraby_Baby_sb337331                                   5.1335829 2.8722058 2.8031090 3.1793978 3.5555162 3.2167655 2.7237807 3.1763005 2.9020438 3.3418235 3.3798133 3.2904585 3.1329019 3.2198410 2.9848961 3.1087167 3.2007702 3.2291697 2.8531017 3.1472151 3.1089302 3.4374974 3.1694348 3.5403494 3.7750663 3.5884715 4.5973828 3.7766389 3.4284649 3.4049800 3.9831087 3.4128861 3.6821575 2.9085548 3.5703173 2.9721187 3.1823330 0.6983721 0.6733986 0.5537492 1.0828524 1.0646058 0.5033619 1.0250795 0.4697374 0.4133727 0.0000000 0.7142192 1.0421895 0.9776156 0.9318502 1.7379311 2.6527909 3.6921138 2.9774869 3.1685749 3.0321353 2.9120871 2.9791555 3.0420433 3.1146994 3.9667724 3.7157816 4.3816192 4.0672127 4.4582399 3.7858254 4.1812242 3.2026566 
Beraby_Baby_sb325177                                   4.4053070 3.2721247 2.9695313 3.0876979 3.5997909 3.0088583 2.9820491 3.1196073 3.3783489 3.4048885 3.3857216 3.3074651 3.0231000 3.1667612 3.1692866 3.2403187 3.0601008 3.3738720 3.5492830 3.1343031 3.2275669 3.8609380 3.4926934 3.2828293 3.7467838 3.5411940 4.4872889 3.8776867 3.3349350 3.2388787 3.6252420 3.6910601 3.4910679 3.4099311 3.4366833 3.4836175 1.8095964 0.6908316 0.6936345 0.7660209 1.0156196 0.9718295 0.6925848 1.0202047 0.5502892 0.6355173 0.7142192 0.0000000 0.9355758 0.9271809 0.8736623 1.4966958 2.4233617 4.5107353 3.7110887 3.3105169 3.2353296 3.4250645 3.3857729 3.3565486 3.9983426 3.9857709 3.6384207 4.4353047 4.0124664 3.8745443 4.0961658 4.0780280 2.8978147 
Drygla_Dgla_sb297025                                   3.4887079 3.3097294 3.3434177 3.4698418 3.8459370 3.4332041 3.1777072 3.5293604 3.1057492 3.4573251 3.4883412 3.3955680 3.3486298 3.4196694 3.0748239 3.1685643 3.0617210 3.5339082 3.4331906 3.5600980 3.4927039 3.5705055 3.2451613 3.5362197 4.4242020 3.5242591 4.2590334 3.5704526 3.9379915 3.6657867 4.1362140 3.8628632 3.8614971 3.4988957 3.9610558 3.8839462 2.2102911 0.9728002 0.8756143 1.0162570 1.1763082 1.1272587 0.6320201 1.3704986 0.8956551 1.2402217 1.0421895 0.9355758 0.0000000 0.0531575 1.2421004 1.6252629 2.7560895 4.4684322 3.6713461 3.5012676 3.4762798 3.3511406 3.2697108 3.3249110 4.7036667 4.2103225 3.7393360 4.1608937 3.8302412 3.8024862 4.2788463 4.2138078 3.3002935 
Drygla_Dgla_sb297026                                   3.1146918 3.0531553 3.1363385 3.2094173 3.6457785 3.1706968 2.9473717 3.2754385 3.0203403 3.2403696 3.2426230 3.1074890 3.1285090 3.1824981 2.9091109 2.9939497 3.0254930 3.3537245 3.3063186 3.3159646 3.2861672 3.4636276 3.0608691 3.2289628 4.1910775 3.3337383 3.6003327 3.2935700 3.5198912 3.4607762 3.9430626 3.6889634 3.6958650 3.4988957 3.7067511 3.5976715 1.8473487 0.9148067 0.7763522 0.9569742 1.1476243 1.0976943 0.6320201 1.3704986 0.8550921 1.2402217 0.9776156 0.9271809 0.0531575 0.0000000 1.1160626 1.6051219 2.6315147 4.0700159 3.4156266 3.2263117 3.2388114 3.2749022 3.2606593 3.3165943 4.7036667 3.9147736 3.4588995 4.1608937 3.8302412 3.8024862 4.0172156 4.0501639 3.3204114 
Mertsp_Mesp_sb534469                                   4.7315696 5.0894977 5.1859222 4.7640352 6.0864071 4.8535294 3.8753498 5.0467464 4.9975315 5.6416253 5.6416253 5.8017378 5.2989951 5.6364125 5.5377414 5.3633554 4.8694844 6.2548539 4.2384714 4.8551443 5.3901356 5.9366609 5.7599508 6.1368294 7.6428603 6.6819632 6.1375776 5.9994483 6.1623777 4.5871091 5.4976509 5.1565318 5.2547786 9.0000000 4.3961829 5.8945758 1.4601242 0.8565058 0.8565058 1.2499152 1.3046529 1.2356641 2.0959110 0.0000010 0.4310663 0.0000010 0.9318502 0.8736623 1.2421004 1.1160626 0.0000000 3.0126163 3.7666548 7.2054828 6.0739105 4.8820043 5.7538524 5.7783730 5.0292954 4.8935401 0.0000010 6.0087296 4.9879917 6.2659832 0.0000010 9.0000000 4.8882228 5.8336204 6.7475415 
Eupdun_Edun_sb10699580                                 4.4244512 2.6335903 3.1537142 2.9478732 2.7746200 2.8981514 2.9722854 3.4384197 2.6652590 3.2118936 3.7695405 3.5083366 2.8483198 2.8212939 3.1830983 3.0872287 2.7097895 3.1134293 3.0654091 2.6665043 2.6903807 3.2612126 3.5355828 2.3707930 2.9495042 4.0400721 3.0153857 2.5778505 3.6798279 2.8430062 2.6110257 3.3410974 2.8545992 3.1218459 9.0000000 2.8157432 1.8120800 1.2195182 2.3441454 1.2964487 1.3027402 1.2729116 0.0000010 1.2039340 1.5943254 1.9623223 1.7379311 1.4966958 1.6252629 1.6051219 3.0126163 0.0000000 2.4169479 3.1233078 3.0509122 2.9378685 2.6472202 2.4716931 2.7560780 2.7076937 2.8548885 4.1463291 3.2753784 3.5543895 3.5543895 4.2248493 7.0718267 5.4314787 2.5658573 
Dpul_mRNA29646                                         1.8131393 1.9303602 2.0281793 2.1489459 1.9936955 1.8682822 2.3564727 2.3360640 1.9130956 2.2317109 2.1611061 2.1684962 2.2069082 2.2587640 2.0605346 2.1038736 2.1758930 2.1338979 2.3429048 2.3698356 2.2555094 2.0394544 2.2318703 2.1193381 2.4306120 2.2428766 2.3631274 2.2684021 2.6574058 2.5617920 2.6285604 2.5042746 2.5893320 2.7654873 2.6922199 2.6627883 4.7022168 2.5881969 3.0607598 2.5187436 2.6343460 2.6082236 2.6110978 2.2879767 2.4685791 2.7346266 2.6527909 2.4233617 2.7560895 2.6315147 3.7666548 2.4169479 0.0000000 2.5717039 2.5481721 2.5894526 2.4889668 2.5735039 2.3830484 2.3728918 3.2350085 3.1308949 2.7185972 2.7957803 2.7599662 2.8947560 3.0011096 3.2090230 2.3404646 
