63
Cgig_XM_011452000.3                                                0.0000000 1.4690103 0.8615369 1.4025107 1.5419564 1.4733658 1.6581419 1.4464234 1.0909344 1.4127917 1.5611243 1.4118858 1.0435053 0.7216056 3.1418435 3.2648602 3.4617608 2.9213010 3.5858804 3.6115162 3.1300642 3.5388208 3.5929336 3.7345314 3.2666213 3.2954112 3.6600188 4.1728244 3.6239132 2.5872507 3.3834671 4.1108958 3.7265687 3.4610061 3.2758095 3.2932859 3.5651222 4.1223154 3.7986588 4.1822957 3.8828750 3.5782724 3.4542422 3.5549621 3.3133137 3.9138528 2.8465414 2.5076818 4.7697269 5.3306715 3.4955590 3.2424923 3.2361107 3.9780189 4.0360805 2.9148912 3.3540091 4.9045443 4.7289574 3.7089971 3.7962573 4.4027108 4.5733205 
Fspp_ffun1.m4.27515.m1                                             1.4690103 0.0000000 0.0886567 0.3081322 0.3048096 0.9140563 1.0727955 0.9412678 0.9927596 1.7191341 1.2509347 1.3631234 1.1501622 0.8377708 3.7736499 3.7570182 3.2883266 2.8935556 3.7307151 3.7358554 3.4288880 2.9396486 3.0719661 3.1461867 2.7208949 3.3909514 3.9027702 4.4289113 3.5366977 2.8216496 3.7973893 4.3797168 2.8029916 2.8120155 3.7033199 3.8657112 3.2684454 4.0915149 3.7986491 4.0285428 3.5587888 3.7274331 4.1553289 4.2869670 3.5371895 3.9283350 3.6354616 3.1715344 8.0504796 7.6440614 3.6953477 3.0194941 2.9415133 4.2769660 4.3951020 2.9731597 5.0255988 6.2220581 3.7985599 3.6337467 4.2541339 4.3070337 4.2568835 
Gasp_gasp1.m3.27817.m1                                             0.8615369 0.0886567 0.0000000 0.0955034 0.1330767 0.5710875 0.6990151 0.5180438 1.0536342 1.0499669 1.0294515 0.8650240 1.0490810 0.8684716 2.7085167 2.7085167 2.0433149 2.8331647 2.8325916 2.8620483 2.6161910 2.4303215 2.5744395 2.6640694 2.2114686 2.3382534 2.5253349 2.7387407 2.9537266 1.9662132 2.8640016 3.7384581 2.1875508 1.7225786 2.9913123 3.0798473 3.3929337 3.3929337 3.6997073 2.9846652 2.5949537 2.8817608 3.0735011 3.1977032 3.1977032 2.7435919 2.7312777 2.3299222 4.1509093 4.0147039 3.0001853 1.9844730 1.9935538 3.4972575 3.0790051 2.7482570 3.4776578 3.9350730 2.6055924 2.3964359 2.5594032 2.6553445 3.3700924 
Spis_XP_022787853_1                                                1.4025107 0.3081322 0.0955034 0.0000000 0.1346702 0.7368533 0.9719617 0.8702389 0.9239580 1.7546810 1.0942894 1.2827326 1.2011616 0.9393120 3.5905979 3.4073465 3.0244715 2.6602018 3.0264280 2.9460484 2.8115504 2.5599768 2.6694377 2.7355595 2.6444639 2.9229437 3.8247311 4.3301453 3.4922072 2.3312638 3.5297867 4.3027260 2.6328287 2.5928514 3.6167872 3.8620513 3.0279375 3.7201188 3.4419011 3.8502371 3.1821703 3.4189633 3.7367479 3.8524306 3.1979935 3.5560683 3.2505734 2.8382677 6.7748320 5.8116824 3.2878767 2.6483236 2.5922375 4.0395974 3.8267557 2.8052433 4.9874742 5.2239704 3.7498750 3.1955618 3.6692370 4.0776401 4.5091624 
Pocdam_XM_027200839.1                                              1.5419564 0.3048096 0.1330767 0.1346702 0.0000000 0.8170826 1.0021292 0.9462189 0.9771864 1.5550716 1.1160732 1.2552049 1.3503003 0.9994863 3.7067566 3.6379995 3.0200039 2.9980676 3.5793718 3.4528322 3.2581590 3.0891993 3.2301345 3.3067853 3.0079708 3.1512992 3.6847929 4.3515307 3.9128328 2.7098603 3.7458093 5.0286619 2.9454005 2.5568690 4.0446344 4.2290387 3.6037269 4.3847985 4.0514148 4.1389789 3.6637541 3.5499794 3.8254519 3.9481793 3.2907271 3.7785812 3.3603118 2.9185430 7.3400572 6.5320046 3.5113373 2.6741438 2.6174062 4.3307975 3.9232918 3.0480785 5.5703089 5.8731860 3.7618034 3.5766024 4.1454860 3.9941885 4.4160867 
Nvec_v1g241148                                                     1.4733658 0.9140563 0.5710875 0.7368533 0.8170826 0.0000000 0.5625356 0.9175803 0.8311851 1.4870558 1.0058731 1.1018515 1.2352951 0.9683644 2.7815596 2.7793300 2.7002772 2.9089839 3.4157274 3.5210803 3.4236784 2.9833134 3.0819302 3.0547530 3.0600984 2.6258889 2.9276464 3.1104484 3.5344987 2.3863043 2.9556542 3.2809457 2.4784103 3.0020022 3.9094213 4.0683747 3.4445690 3.9051777 4.1232949 3.3500229 3.2536038 3.6133501 3.6625853 3.7793834 3.5753639 3.8124701 3.7041244 2.9451322 5.6583464 6.6490593 3.5669751 2.8438324 2.8400974 3.9548852 3.2395071 2.9226122 3.4424662 4.7359762 3.2864191 3.5509932 3.4867584 3.4029380 3.0702349 
Exapal_XM_021051095.2                                              1.6581419 1.0727955 0.6990151 0.9719617 1.0021292 0.5625356 0.0000000 1.0821652 1.2973669 1.8308423 1.3894154 1.2599528 1.3262756 1.1568258 3.0791758 3.0863172 2.9025652 2.4525667 3.4450684 3.3292252 3.4576894 3.1450872 3.2463487 3.3026722 2.8564200 2.8054887 2.8891178 3.3203415 4.0989122 2.5153845 3.1695837 3.9863452 2.8749560 3.3781911 4.1527359 4.4296438 3.5441198 4.0084079 4.0745463 3.8172693 3.2265780 3.9415927 4.0753658 4.2002032 4.1936118 4.2297202 4.2025249 3.1530891 5.7056304 6.8295835 4.0807680 3.6053987 3.3315676 5.5303987 4.0834995 3.2747540 3.7665345 5.4384396 3.8922299 4.0437900 3.8634113 3.1664047 3.5025043 
Spur_XM_030997057.1                                                1.4464234 0.9412678 0.5180438 0.8702389 0.9462189 0.9175803 1.0821652 0.0000000 0.8118743 1.5075608 1.1316419 1.4691102 1.0698574 1.0564525 3.5033277 3.4509981 3.1021919 2.5572068 3.5484742 3.7926964 2.8612454 3.2711493 3.3716513 3.4762409 3.5481500 3.0926526 3.5255313 4.1882553 4.5822213 2.5831062 3.6144258 3.8613613 2.8038556 2.5265958 5.8238220 5.2531467 4.5386634 5.1223734 5.0790860 5.5821852 4.9577990 5.1644468 5.1941439 5.3272965 5.2047141 4.8762929 4.0458092 3.7225917 7.3328470 8.7686095 3.3533554 3.5619611 3.5934060 4.6274712 3.5545120 2.8615547 3.5594928 5.2866175 3.4862352 3.5056299 3.3161681 3.8613367 5.0612935 
Aaur_scaffold170.g15.t1                                            1.0909344 0.9927596 1.0536342 0.9239580 0.9771864 0.8311851 1.2973669 0.8118743 0.0000000 0.3450057 0.2946445 0.6892340 1.1834622 0.9973221 1.8487680 1.8487680 1.9821750 2.3608452 2.3791065 2.3273645 2.3180060 2.3663303 2.4750153 2.2280996 2.9755700 2.5594533 2.5225354 2.9308215 3.4947527 2.3068546 2.7767046 3.0871791 2.4583582 2.4156422 2.7018101 2.7141463 2.6590785 2.6590785 3.2989462 2.3552606 2.9240723 2.8646309 2.7089032 2.9344487 2.9344487 2.7043704 2.5214421 2.1270715 3.3495273 3.2987896 3.1678428 2.2577032 2.2608395 3.5871605 2.6968734 2.4845281 2.8217313 3.6318485 2.5960870 3.4091807 2.3550021 2.2062871 2.5377547 
Nemnom_g14429.t1                                                   1.4127917 1.7191341 1.0499669 1.7546810 1.5550716 1.4870558 1.8308423 1.5075608 0.3450057 0.0000000 0.7542790 1.4639918 1.5391787 1.2029395 2.6501691 2.7622598 3.0470547 3.2708068 4.8424486 5.0919221 3.9743185 4.0335684 4.0966195 3.8927890 3.7868332 3.9082430 3.5501553 5.1982055 4.4699067 3.8366936 4.0684253 4.4601941 4.1758159 3.6799383 3.3563479 3.4142071 3.6590273 4.1209488 4.6875380 3.7581734 4.5460282 4.0701699 4.0827149 4.3261493 4.1510142 4.4812475 3.8091082 2.9792665 7.1093376 7.4668353 4.7368336 3.9331862 3.8854865 5.6334705 4.5169285 2.7691335 3.4818308 5.2470791 3.3416049 3.6090794 3.3707016 3.5294986 5.0821398 
Rhoesc_Res_015417-T1                                               1.5611243 1.2509347 1.0294515 1.0942894 1.1160732 1.0058731 1.3894154 1.1316419 0.2946445 0.7542790 0.0000000 1.0001778 1.1906819 0.9301524 2.8365345 2.8205408 3.0494500 3.0553174 3.2925306 3.7127495 3.2323533 3.2582178 3.2513918 3.0783448 3.2213350 3.9852319 3.6632826 4.3906185 4.4366804 3.3488724 3.3845407 3.9681413 3.1855842 3.5201697 3.2956373 3.4159315 3.5352771 3.8086425 4.4469423 3.0332842 3.3288578 3.1382896 3.2903281 3.4733838 3.2757370 3.5621933 3.2084726 2.7398437 5.5305659 5.5145099 3.7374438 2.7240714 2.7910083 4.0958989 3.1381043 2.7181362 3.6607249 4.9847922 2.8123524 3.5262077 3.5472581 3.1927614 4.2286356 
Skow_XM_006812260.1                                                1.4118858 1.3631234 0.8650240 1.2827326 1.2552049 1.1018515 1.2599528 1.4691102 0.6892340 1.4639918 1.0001778 0.0000000 1.0752593 0.8983405 3.0013083 3.0263025 3.1596886 3.2080631 5.0725956 5.4053372 4.8415613 4.4450681 4.6485358 4.7651047 3.7603993 4.2527846 3.9751915 4.3663469 3.7632779 3.9929210 3.4007602 3.5472996 3.3033646 3.5449204 4.2051678 4.5593051 3.3982707 3.9793041 3.7600252 4.4086706 3.6339848 3.7393856 4.0137772 4.2242426 3.6910644 3.9775167 4.0795231 2.8630223 7.7023312 7.8533404 3.5940865 4.9202004 4.7699238 4.9407610 4.4970159 2.8130270 3.9585743 6.1494671 4.3202471 5.1565732 4.4674893 4.0308630 5.0847645 
Ctel_gnl_WGS_AMQN_CAPTEDRAFT_mRNA174450                            1.0435053 1.1501622 1.0490810 1.2011616 1.3503003 1.2352951 1.3262756 1.0698574 1.1834622 1.5391787 1.1906819 1.0752593 0.0000000 1.1075948 3.4494453 3.4494453 3.1654609 2.8568794 3.1631246 3.2548017 3.6597195 3.1974981 3.3656647 3.4672510 2.7474632 3.0205712 2.9000184 3.3685800 3.6420002 2.6750950 2.4722484 3.9561479 2.6319594 3.4424144 2.5673275 2.7138358 3.5108048 3.5108048 3.4587142 3.0667737 2.3744701 2.8612136 3.0181927 3.1876219 3.3576033 2.5258666 4.1872512 3.9355666 5.6005507 6.0712409 3.5894402 3.6437604 3.5213306 3.8080628 4.0669430 2.5602723 2.8519473 6.6632660 4.5573885 3.8607180 4.3607350 3.5090345 3.8112152 
Bralan_BLAG08001456_1                                              0.7216056 0.8377708 0.8684716 0.9393120 0.9994863 0.9683644 1.1568258 1.0564525 0.9973221 1.2029395 0.9301524 0.8983405 1.1075948 0.0000000 2.1122812 2.1122812 2.8156645 3.1827658 3.4651392 3.5019689 3.1769358 3.2336959 3.4008880 3.6095960 3.0815631 2.5499216 3.2323763 3.2019115 2.8863591 2.9830500 2.3860513 4.0304644 2.3986235 3.3324559 3.7034033 3.9916029 3.8660877 3.8660877 4.9426588 3.8850677 4.0992373 3.5119185 3.6666934 3.7731147 3.9886991 3.4832627 3.7864052 3.3303621 5.6716883 6.0877000 4.1063130 3.2269497 3.1098626 4.3133281 4.4429296 2.7289210 3.6372410 5.6372417 4.2533938 4.0081871 3.7202828 2.8234435 3.1715158 
Tetwil_g21508.t1                                                   3.1418435 3.7736499 2.7085167 3.5905979 3.7067566 2.7815596 3.0791758 3.5033277 1.8487680 2.6501691 2.8365345 3.0013083 3.4494453 2.1122812 0.0000000 0.0203124 1.3566706 1.3977755 1.6558283 1.6913427 1.6186259 2.0375119 2.0733053 2.1750001 1.6493163 1.9584516 1.9910011 2.1537501 2.0615196 2.0464781 1.2831681 1.9230781 2.8128202 2.3456007 2.9076969 2.9697280 2.7114014 3.0987855 2.9804570 3.2516078 3.5056638 2.9850591 3.2054766 3.3647982 3.2677688 3.5385762 2.5614089 2.2664734 3.3716822 3.4208338 2.4885477 2.5162698 2.3585275 2.3987319 2.0839018 1.6952048 2.3281273 3.2981213 2.4536604 2.0768405 2.4582417 2.5198029 2.8791455 
Tetwil_g23769.t1                                                   3.2648602 3.7570182 2.7085167 3.4073465 3.6379995 2.7793300 3.0863172 3.4509981 1.8487680 2.7622598 2.8205408 3.0263025 3.4494453 2.1122812 0.0203124 0.0000000 1.3711476 1.3977755 1.5831200 1.7504248 1.6775653 1.9701472 2.0034869 2.0980355 1.7809336 1.9607984 2.0943674 2.2668967 2.0325881 2.1101121 1.2755894 1.9673596 2.8587294 2.4006299 3.0668873 3.1260129 2.7114014 3.1572692 2.9804570 3.3134483 3.5408383 3.0358471 3.2398128 3.4010063 3.2677688 3.5147208 2.5614089 2.2664734 3.3629165 3.5307966 2.4885477 2.5004919 2.3443357 2.4452960 2.0686015 1.6952048 2.4206214 3.4650676 2.4136098 2.1562353 2.5230712 2.6054679 2.9229265 
Emue_Em0010g67a.t1                                                 3.4617608 3.2883266 2.0433149 3.0244715 3.0200039 2.7002772 2.9025652 3.1021919 1.9821750 3.0470547 3.0494500 3.1596886 3.1654609 2.8156645 1.3566706 1.3711476 0.0000000 1.0046558 1.5248248 1.5321381 1.1836473 1.2813454 1.3308994 1.4241744 1.6251198 1.3091682 1.3951490 1.4789712 1.4986328 1.7323870 1.3187000 1.7186778 1.7666461 1.8474608 2.1442920 2.1361600 2.4886630 2.9962980 2.4477352 2.5410019 2.5725154 2.4450231 2.7667079 2.9260450 2.5720931 2.4159746 2.5349643 2.3139546 2.9703824 3.2110895 2.1605245 2.5833767 2.3675686 2.2861427 2.6260222 1.6165920 1.5688130 2.4587822 1.8213479 2.0757884 1.7368172 2.0664855 2.9539773 
Gasp_gasp1.m3.23658.m1                                             2.9213010 2.8935556 2.8331647 2.6602018 2.9980676 2.9089839 2.4525667 2.5572068 2.3608452 3.2708068 3.0553174 3.2080631 2.8568794 3.1827658 1.3977755 1.3977755 1.0046558 0.0000000 0.2232951 0.2530545 0.2237194 0.4833529 0.4848692 0.4482676 0.8057758 1.0236591 1.0559873 1.2507364 1.2104207 1.1324450 0.9561464 1.3541032 1.2761654 2.3032314 1.9706389 1.8655019 2.0173244 2.0173244 1.8884160 1.9422829 1.8204004 1.8920791 1.9387322 2.0022004 1.8194439 2.1616430 2.2802526 2.2186969 2.3064689 2.2782098 1.9796811 1.6482896 1.5230115 1.5991909 1.5180055 1.2603593 0.5477498 2.2669211 1.7107092 1.5823369 1.8273788 2.0126189 2.9130081 
Spis_XP_022785892_1                                                3.5858804 3.7307151 2.8325916 3.0264280 3.5793718 3.4157274 3.4450684 3.5484742 2.3791065 4.8424486 3.2925306 5.0725956 3.1631246 3.4651392 1.6558283 1.5831200 1.5248248 0.2232951 0.0000000 0.1090477 0.2630932 0.5239759 0.5444988 0.5310483 1.3739037 1.4901289 1.6499111 1.8698396 2.0114844 1.4162672 1.4075611 1.7196866 2.0992803 2.4477638 2.3644542 2.2855466 2.5274842 2.9628602 2.1945992 2.3556277 2.3991416 2.3925745 2.4054624 2.3794717 2.0872688 2.4469597 2.6027378 2.6404960 2.6741700 2.5681782 1.8042314 2.0077791 1.8654319 2.1902345 1.8451489 1.2225399 0.9689836 2.8622052 2.0177514 2.0668452 2.4541519 2.8824795 3.9226621 
Pocdam_XM_027196363.1                                              3.6115162 3.7358554 2.8620483 2.9460484 3.4528322 3.5210803 3.3292252 3.7926964 2.3273645 5.0919221 3.7127495 5.4053372 3.2548017 3.5019689 1.6913427 1.7504248 1.5321381 0.2530545 0.1090477 0.0000000 0.2819549 0.5874045 0.5892654 0.5098842 1.4481980 1.5429838 1.6971721 1.9516055 2.0439704 1.4187709 1.4419220 1.7433015 2.2104778 2.5026157 2.5695570 2.4716498 2.7336442 3.1333280 2.4131068 2.7513730 2.6355491 2.9054932 2.7989447 2.7639939 2.2307017 3.0362335 2.5121011 2.5671377 2.7133141 2.5752301 1.9525087 2.1310750 2.0042413 2.2958556 1.8994974 1.4610182 1.1193211 2.7753829 2.1627030 2.0577177 2.7484420 3.1190032 4.2705610 
Gfas_gfas1.m1.8998.m1                                              3.1300642 3.4288880 2.6161910 2.8115504 3.2581590 3.4236784 3.4576894 2.8612454 2.3180060 3.9743185 3.2323533 4.8415613 3.6597195 3.1769358 1.6186259 1.6775653 1.1836473 0.2237194 0.2630932 0.2819549 0.0000000 0.5026597 0.5224601 0.5243340 1.3141306 1.4106579 1.5640957 1.7554168 2.0834163 1.3601001 1.3685158 1.4978845 1.8071611 2.1594532 2.2564144 2.1253366 2.3646739 2.6792581 2.2448166 2.1068537 2.3685732 2.4845701 2.5678457 2.6344768 2.3381655 2.5282788 2.7593142 2.7558038 2.8096046 2.6677827 2.1707153 2.0238230 1.8764145 2.3123785 1.8385312 1.3773614 1.1211036 2.6725820 2.0855878 1.7313189 2.2538574 3.3590854 3.5217155 
Amil_Amillepora12653-RA                                            3.5388208 2.9396486 2.4303215 2.5599768 3.0891993 2.9833134 3.1450872 3.2711493 2.3663303 4.0335684 3.2582178 4.4450681 3.1974981 3.2336959 2.0375119 1.9701472 1.2813454 0.4833529 0.5239759 0.5874045 0.5026597 0.0000000 0.0185099 0.0692294 1.2383942 1.2941905 1.4335995 1.7399132 1.6794996 1.5516282 1.3808007 1.6133490 1.6530459 2.7817858 2.1485911 2.1027110 2.3792634 2.7899004 2.2760650 2.7174957 2.5011269 2.6593735 2.7331357 2.6556487 2.3687310 2.8223013 2.5523116 2.2406524 2.9100887 2.8520791 1.9778267 2.1444949 2.1352333 2.1885897 2.2086379 1.4761288 1.2758827 2.9378826 2.4003212 2.3639996 2.4141211 3.1244982 3.3752964 
Adig_XM_015917765.1                                                3.5929336 3.0719661 2.5744395 2.6694377 3.2301345 3.0819302 3.2463487 3.3716513 2.4750153 4.0966195 3.2513918 4.6485358 3.3656647 3.4008880 2.0733053 2.0034869 1.3308994 0.4848692 0.5444988 0.5892654 0.5224601 0.0185099 0.0000000 0.0705907 1.2811434 1.3066949 1.4362145 1.7433457 1.7412757 1.6051385 1.4348567 1.6557843 1.7169731 2.8956662 2.1839966 2.1361049 2.4599241 2.8730421 2.3803802 2.7052847 2.5136610 2.7020169 2.7461819 2.6674855 2.4448667 3.0316839 2.6779506 2.3468485 2.9713830 2.9053461 2.0706776 2.2285180 2.2188658 2.2743406 2.2693807 1.5465519 1.3278053 3.0234033 2.4762043 2.4556143 2.4822857 3.2333300 3.3732331 
Adig_XM_015916473.1                                                3.7345314 3.1461867 2.6640694 2.7355595 3.3067853 3.0547530 3.3026722 3.4762409 2.2280996 3.8927890 3.0783448 4.7651047 3.4672510 3.6095960 2.1750001 2.0980355 1.4241744 0.4482676 0.5310483 0.5098842 0.5243340 0.0692294 0.0705907 0.0000000 1.3001893 1.3914037 1.4863335 1.7526078 1.8595844 1.6584862 1.4987303 1.6320386 1.7999282 2.9685259 2.1041571 2.0613580 2.2725934 2.6792637 2.2999237 2.4188774 2.5143518 2.5377644 2.5695320 2.5402753 2.2903421 2.8994548 2.4739745 2.3705975 2.9059403 2.6895484 2.0382360 2.1269765 2.1177678 2.2397994 2.2015389 1.5616634 1.3608124 3.3169940 2.3272576 2.4732308 2.4052385 3.3028798 3.2279809 
Bralan_BLAG10000756_1                                              3.2666213 2.7208949 2.2114686 2.6444639 3.0079708 3.0600984 2.8564200 3.5481500 2.9755700 3.7868332 3.2213350 3.7603993 2.7474632 3.0815631 1.6493163 1.7809336 1.6251198 0.8057758 1.3739037 1.4481980 1.3141306 1.2383942 1.2811434 1.3001893 0.0000000 1.2985122 1.3051313 1.6974737 1.6015328 1.3636964 1.8388100 1.6211657 1.3557299 2.7698334 2.4808548 2.5497323 2.1720378 2.4173971 2.2461874 2.7492152 2.5996110 2.6620227 2.6096342 2.6736496 2.5252614 2.7618315 2.7876790 2.5666041 3.4394009 3.4769110 2.8973715 2.5557607 2.5092016 2.2787761 2.3204685 1.5086609 1.8268052 2.6588070 1.9736096 2.0135967 2.2270531 2.6317680 3.5438835 
Aaur_scaffold68.g14.t1                                             3.2954112 3.3909514 2.3382534 2.9229437 3.1512992 2.6258889 2.8054887 3.0926526 2.5594533 3.9082430 3.9852319 4.2527846 3.0205712 2.5499216 1.9584516 1.9607984 1.3091682 1.0236591 1.4901289 1.5429838 1.4106579 1.2941905 1.3066949 1.3914037 1.2985122 0.0000000 0.7381734 0.7821124 0.9435575 1.3047802 1.5511430 1.7384360 1.4985270 2.3193431 3.1558937 3.2751693 2.6275979 3.4420986 2.7988001 3.4554067 2.9982572 3.1595830 3.2883245 3.3543228 2.6637719 3.2975398 2.2869212 2.3644588 3.1849631 3.7072515 2.6279113 3.0032741 2.9618529 2.2981096 3.1005403 1.5433837 2.1797066 3.2647182 2.6983519 2.2968536 2.6628948 2.9232659 4.8986968 
Nemnom_g12935.t1                                                   3.6600188 3.9027702 2.5253349 3.8247311 3.6847929 2.9276464 2.8891178 3.5255313 2.5225354 3.5501553 3.6632826 3.9751915 2.9000184 3.2323763 1.9910011 2.0943674 1.3951490 1.0559873 1.6499111 1.6971721 1.5640957 1.4335995 1.4362145 1.4863335 1.3051313 0.7381734 0.0000000 0.3557056 1.1876401 1.6691875 1.8153814 1.3718880 1.7544935 2.6461751 2.6481957 2.8406942 2.6505172 3.2300944 3.0886645 3.4360865 2.9868996 3.0595748 2.9651510 3.0241887 2.6538373 3.1378574 2.9182560 2.5957740 3.5947363 3.8855216 3.4542188 3.2516599 3.1596408 2.6204475 2.7473650 1.8478093 2.2784992 2.8615179 2.1696079 2.5239288 2.4374349 3.5134413 4.4060904 
Rhoesc_Res_005772-T1                                               4.1728244 4.4289113 2.7387407 4.3301453 4.3515307 3.1104484 3.3203415 4.1882553 2.9308215 5.1982055 4.3906185 4.3663469 3.3685800 3.2019115 2.1537501 2.2668967 1.4789712 1.2507364 1.8698396 1.9516055 1.7554168 1.7399132 1.7433457 1.7526078 1.6974737 0.7821124 0.3557056 0.0000000 1.1417844 1.4264766 1.9168418 1.5071139 1.9385568 3.0407149 3.4022374 3.5041963 2.7321484 3.4087166 3.1997421 3.4079243 3.3659498 3.3077581 3.1631274 3.2280493 2.6623259 3.0250316 2.9624099 2.6124567 3.6587111 3.8099930 3.4349951 3.4087391 3.3233670 2.7530799 2.5960459 1.6279364 2.6647619 3.1295561 2.4657756 2.9028151 2.6278020 3.3440898 4.5421580 
Sanmal_Sma_005747-T1                                               3.6239132 3.5366977 2.9537266 3.4922072 3.9128328 3.5344987 4.0989122 4.5822213 3.4947527 4.4699067 4.4366804 3.7632779 3.6420002 2.8863591 2.0615196 2.0325881 1.4986328 1.2104207 2.0114844 2.0439704 2.0834163 1.6794996 1.7412757 1.8595844 1.6015328 0.9435575 1.1876401 1.1417844 0.0000000 1.9463513 1.4818246 1.5288995 1.5267249 3.5794750 3.2819416 3.4737072 2.8579852 3.5855061 3.2533303 3.9827101 3.5373414 3.2433669 3.6907097 3.7714147 3.3472073 3.5296267 2.8368529 2.5937035 4.3101509 4.5962822 2.9435216 3.4039775 3.3774991 2.3637035 4.2561726 1.8367165 2.3735959 3.3874529 2.8479019 2.7246750 2.8917465 3.2271713 4.3904750 
Dgig_XM_028539729.1                                                2.5872507 2.8216496 1.9662132 2.3312638 2.7098603 2.3863043 2.5153845 2.5831062 2.3068546 3.8366936 3.3488724 3.9929210 2.6750950 2.9830500 2.0464781 2.1101121 1.7323870 1.1324450 1.4162672 1.4187709 1.3601001 1.5516282 1.6051385 1.6584862 1.3636964 1.3047802 1.6691875 1.4264766 1.9463513 0.0000000 1.3864061 1.7136187 1.4289427 2.7218265 2.4195554 2.5023632 2.1421977 2.3333112 2.3115272 2.5565499 2.4945898 2.6846079 2.5862421 2.6494367 2.6003963 2.4247384 3.1450421 2.9519599 3.4762222 3.7255806 2.4595010 2.2908141 2.2653746 2.2623110 2.4034220 1.7579377 2.3731765 3.4186361 2.2785726 2.4846595 2.6808464 2.4430288 3.1050858 
Nvec_v1g81828                                                      3.3834671 3.7973893 2.8640016 3.5297867 3.7458093 2.9556542 3.1695837 3.6144258 2.7767046 4.0684253 3.3845407 3.4007602 2.4722484 2.3860513 1.2831681 1.2755894 1.3187000 0.9561464 1.4075611 1.4419220 1.3685158 1.3808007 1.4348567 1.4987303 1.8388100 1.5511430 1.8153814 1.9168418 1.4818246 1.3864061 0.0000000 1.5622052 1.6803049 3.7768915 2.7309375 2.7663698 2.1269134 2.8525631 2.3807911 3.0094996 3.0464818 3.1890837 3.0780370 3.1536663 2.8960637 3.2122031 3.4471214 3.1628989 4.3514993 4.5613006 2.4767304 2.9583151 2.7531583 2.9143343 2.8294659 1.7333482 2.4224376 4.2905147 3.9483287 3.0165918 3.3473122 3.4322773 3.1735211 
Chem_TCONS_00046918                                                4.1108958 4.3797168 3.7384581 4.3027260 5.0286619 3.2809457 3.9863452 3.8613613 3.0871791 4.4601941 3.9681413 3.5472996 3.9561479 4.0304644 1.9230781 1.9673596 1.7186778 1.3541032 1.7196866 1.7433015 1.4978845 1.6133490 1.6557843 1.6320386 1.6211657 1.7384360 1.3718880 1.5071139 1.5288995 1.7136187 1.5622052 0.0000000 1.8422271 3.8322070 2.5488419 2.6258969 2.1454964 2.5507209 2.1025210 2.3267809 2.4454577 2.3669824 2.3041069 2.3647133 2.3232220 2.6754044 3.1885284 3.0228614 4.7827477 4.6330730 3.1125954 3.9895321 3.9077596 2.9257058 1.8008844 2.2615134 1.9913125 3.5852387 2.4537339 3.1999495 2.3316905 3.0118192 3.8548092 
Hsap_ENST00000613478                                               3.7265687 2.8029916 2.1875508 2.6328287 2.9454005 2.4784103 2.8749560 2.8038556 2.4583582 4.1758159 3.1855842 3.3033646 2.6319594 2.3986235 2.8128202 2.8587294 1.7666461 1.2761654 2.0992803 2.2104778 1.8071611 1.6530459 1.7169731 1.7999282 1.3557299 1.4985270 1.7544935 1.9385568 1.5267249 1.4289427 1.6803049 1.8422271 0.0000000 3.4588344 2.2262427 2.2956103 1.8200114 2.2623857 2.1009490 2.3411529 2.1992574 2.2274414 2.1774255 2.2514866 2.1809536 2.1672613 2.8740107 2.5231031 4.3931065 4.5997640 2.8711639 3.0122467 2.9446394 2.5917977 2.6390996 1.4418144 2.9084316 3.7677269 2.5440123 2.8910753 2.6556679 1.9414598 3.1700889 
Cgig_XM_011429539.3                                                3.4610061 2.8120155 1.7225786 2.5928514 2.5568690 3.0020022 3.3781911 2.5265958 2.4156422 3.6799383 3.5201697 3.5449204 3.4424144 3.3324559 2.3456007 2.4006299 1.8474608 2.3032314 2.4477638 2.5026157 2.1594532 2.7817858 2.8956662 2.9685259 2.7698334 2.3193431 2.6461751 3.0407149 3.5794750 2.7218265 3.7768915 3.8322070 3.4588344 0.0000000 3.1409307 3.0718642 2.6762967 3.0807168 2.7872701 2.6308153 2.8008129 3.4079945 3.2528934 3.3189560 2.9572636 2.7541494 3.0434402 3.0800639 4.2515909 4.0585354 2.9625268 2.8666516 2.8980576 2.4238319 3.1662147 1.8318116 3.2327448 2.0919190 1.4839572 1.5444347 2.0197967 2.7958958 5.7810235 
Pbac_sb2643095                                                     3.2758095 3.7033199 2.9913123 3.6167872 4.0446344 3.9094213 4.1527359 5.8238220 2.7018101 3.3563479 3.2956373 4.2051678 2.5673275 3.7034033 2.9076969 3.0668873 2.1442920 1.9706389 2.3644542 2.5695570 2.2564144 2.1485911 2.1839966 2.1041571 2.4808548 3.1558937 2.6481957 3.4022374 3.2819416 2.4195554 2.7309375 2.5488419 2.2262427 3.1409307 0.0000000 0.0557511 0.6590978 0.6388356 0.6489248 0.5838582 0.7003160 0.7453058 0.6897492 0.7197158 0.7309379 0.7941896 2.7368661 2.2649690 3.5452509 3.6231015 2.7830700 2.5286535 2.5807997 2.7935151 2.8591661 1.8628954 2.5569214 4.0914025 2.6377532 2.7267400 2.6135131 3.4061347 4.3227395 
Horcal_Hcv1.av93.c9.g220.i1                                        3.2932859 3.8657112 3.0798473 3.8620513 4.2290387 4.0683747 4.4296438 5.2531467 2.7141463 3.4142071 3.4159315 4.5593051 2.7138358 3.9916029 2.9697280 3.1260129 2.1361600 1.8655019 2.2855466 2.4716498 2.1253366 2.1027110 2.1361049 2.0613580 2.5497323 3.2751693 2.8406942 3.5041963 3.4737072 2.5023632 2.7663698 2.6258969 2.2956103 3.0718642 0.0557511 0.0000000 0.6520229 0.6259966 0.6503851 0.5372365 0.7023966 0.7426973 0.6728467 0.7005427 0.7846636 0.7896788 2.7362504 2.2609203 3.6221912 3.7051238 2.8648339 2.7720334 2.8286914 3.0663350 2.9015227 1.8856537 2.8095822 4.1978751 2.8833829 3.0038589 2.6584301 3.2870884 4.0499590 
Bolinf_Binf_sb1211594                                              3.5651222 3.2684454 3.3929337 3.0279375 3.6037269 3.4445690 3.5441198 4.5386634 2.6590785 3.6590273 3.5352771 3.3982707 3.5108048 3.8660877 2.7114014 2.7114014 2.4886630 2.0173244 2.5274842 2.7336442 2.3646739 2.3792634 2.4599241 2.2725934 2.1720378 2.6275979 2.6505172 2.7321484 2.8579852 2.1421977 2.1269134 2.1454964 1.8200114 2.6762967 0.6590978 0.6520229 0.0000000 0.0000010 0.3131873 0.3936798 0.6450750 0.6380671 0.6142900 0.6452553 0.6452553 0.7463135 2.7168171 2.6637455 3.1539786 3.1175880 2.6128939 2.6231692 2.5778130 2.5842407 2.4275107 1.4006997 2.2438158 3.5697487 2.1830496 2.4443610 2.3861701 2.2438368 3.6221679 
Mertsp_Mesp_sb573158                                               4.1223154 4.0915149 3.3929337 3.7201188 4.3847985 3.9051777 4.0084079 5.1223734 2.6590785 4.1209488 3.8086425 3.9793041 3.5108048 3.8660877 3.0987855 3.1572692 2.9962980 2.0173244 2.9628602 3.1333280 2.6792581 2.7899004 2.8730421 2.6792637 2.4173971 3.4420986 3.2300944 3.4087166 3.5855061 2.3333112 2.8525631 2.5507209 2.2623857 3.0807168 0.6388356 0.6259966 0.0000010 0.0000000 0.3131873 0.3987249 0.5991996 0.5714500 0.5614693 0.5854529 0.7061022 0.6396774 2.7168171 2.6637455 3.2728888 3.4236553 2.6128939 2.8384541 2.7947132 2.8764504 2.7437551 1.4006997 3.3001058 4.1302567 2.4705721 3.0103830 2.6925489 2.6894387 4.2386585 
Bolinf_Binf_sb1240218                                              3.7986588 3.7986491 3.6997073 3.4419011 4.0514148 4.1232949 4.0745463 5.0790860 3.2989462 4.6875380 4.4469423 3.7600252 3.4587142 4.9426588 2.9804570 2.9804570 2.4477352 1.8884160 2.1945992 2.4131068 2.2448166 2.2760650 2.3803802 2.2999237 2.2461874 2.7988001 3.0886645 3.1997421 3.2533303 2.3115272 2.3807911 2.1025210 2.1009490 2.7872701 0.6489248 0.6503851 0.3131873 0.3131873 0.0000000 0.3060923 0.4828546 0.5286832 0.4767117 0.5197367 0.5197367 0.5838267 2.7313258 2.8619534 3.4406067 3.3609076 2.7766071 2.9527109 2.8908849 2.2570797 2.4170016 1.7353314 2.1235029 3.8394745 2.3337722 2.7436789 2.1919625 2.5370997 5.5610761 
Beraby_Baby_sb329164                                               4.1822957 4.0285428 2.9846652 3.8502371 4.1389789 3.3500229 3.8172693 5.5821852 2.3552606 3.7581734 3.0332842 4.4086706 3.0667737 3.8850677 3.2516078 3.3134483 2.5410019 1.9422829 2.3556277 2.7513730 2.1068537 2.7174957 2.7052847 2.4188774 2.7492152 3.4554067 3.4360865 3.4079243 3.9827101 2.5565499 3.0094996 2.3267809 2.3411529 2.6308153 0.5838582 0.5372365 0.3936798 0.3987249 0.3060923 0.0000000 0.5604596 0.6961477 0.5289983 0.5669545 0.5927962 0.6137487 2.7827595 2.3626824 3.5969399 4.3151687 3.1559580 3.0837621 2.9870605 2.6040006 2.8172742 1.5841961 2.9796477 3.3807786 2.2783658 2.9731481 2.3181284 2.7953421 6.0696219 
Drygla_Dgla_sb294346                                               3.8828750 3.5587888 2.5949537 3.1821703 3.6637541 3.2536038 3.2265780 4.9577990 2.9240723 4.5460282 3.3288578 3.6339848 2.3744701 4.0992373 3.5056638 3.5408383 2.5725154 1.8204004 2.3991416 2.6355491 2.3685732 2.5011269 2.5136610 2.5143518 2.5996110 2.9982572 2.9868996 3.3659498 3.5373414 2.4945898 3.0464818 2.4454577 2.1992574 2.8008129 0.7003160 0.7023966 0.6450750 0.5991996 0.4828546 0.5604596 0.0000000 0.6996638 0.6189885 0.6311219 0.6754614 0.7015916 2.3845797 2.1581416 3.2587546 3.8394764 2.5581233 2.9115616 2.8019130 2.5233968 3.0036753 1.9015266 3.4405251 4.8029725 2.6290769 3.2887136 2.9631759 3.1893577 5.5416447 
Vmul_Simscaffold1973_01                                            3.5782724 3.7274331 2.8817608 3.4189633 3.5499794 3.6133501 3.9415927 5.1644468 2.8646309 4.0701699 3.1382896 3.7393856 2.8612136 3.5119185 2.9850591 3.0358471 2.4450231 1.8920791 2.3925745 2.9054932 2.4845701 2.6593735 2.7020169 2.5377644 2.6620227 3.1595830 3.0595748 3.3077581 3.2433669 2.6846079 3.1890837 2.3669824 2.2274414 3.4079945 0.7453058 0.7426973 0.6380671 0.5714500 0.5286832 0.6961477 0.6996638 0.0000000 0.2313882 0.2461938 0.2677829 0.3568178 2.1185923 2.0977394 3.0159017 3.2319853 2.3787578 2.8207400 2.7433613 2.5464485 2.5887553 1.7571775 2.6944173 4.5145587 2.7673664 3.0951218 2.4518286 2.4346358 4.1284594 
Coemet_Cmet_scaffold6651_01                                        3.4542422 4.1553289 3.0735011 3.7367479 3.8254519 3.6625853 4.0753658 5.1941439 2.7089032 4.0827149 3.2903281 4.0137772 3.0181927 3.6666934 3.2054766 3.2398128 2.7667079 1.9387322 2.4054624 2.7989447 2.5678457 2.7331357 2.7461819 2.5695320 2.6096342 3.2883245 2.9651510 3.1631274 3.6907097 2.5862421 3.0780370 2.3041069 2.1774255 3.2528934 0.6897492 0.6728467 0.6142900 0.5614693 0.4767117 0.5289983 0.6189885 0.2313882 0.0000000 0.0177901 0.0553315 0.4145602 2.3046731 2.1182361 2.9234554 3.1348603 2.5458001 2.7967590 2.7433930 2.3342680 2.5088090 1.5610119 2.9351506 3.7507354 2.5990705 3.2807642 2.6919308 2.4607701 4.5955534 
Coeast_Cast_sb787445                                               3.5549621 4.2869670 3.1977032 3.8524306 3.9481793 3.7793834 4.2002032 5.3272965 2.9344487 4.3261493 3.4733838 4.2242426 3.1876219 3.7731147 3.3647982 3.4010063 2.9260450 2.0022004 2.3794717 2.7639939 2.6344768 2.6556487 2.6674855 2.5402753 2.6736496 3.3543228 3.0241887 3.2280493 3.7714147 2.6494367 3.1536663 2.3647133 2.2514866 3.3189560 0.7197158 0.7005427 0.6452553 0.5854529 0.5197367 0.5669545 0.6311219 0.2461938 0.0177901 0.0000000 0.0327177 0.4189579 2.4046729 2.2322070 3.0724115 3.3043031 2.5317596 2.8632803 2.8082898 2.3908241 2.6234376 1.6349735 2.8874918 3.6320998 2.5513195 3.3664419 2.6478194 2.5714973 4.7336771 
Coeast_Cast_sb787446                                               3.3133137 3.5371895 3.1977032 3.1979935 3.2907271 3.5753639 4.1936118 5.2047141 2.9344487 4.1510142 3.2757370 3.6910644 3.3576033 3.9886991 3.2677688 3.2677688 2.5720931 1.8194439 2.0872688 2.2307017 2.3381655 2.3687310 2.4448667 2.2903421 2.5252614 2.6637719 2.6538373 2.6623259 3.3472073 2.6003963 2.8960637 2.3232220 2.1809536 2.9572636 0.7309379 0.7846636 0.6452553 0.7061022 0.5197367 0.5927962 0.6754614 0.2677829 0.0553315 0.0327177 0.0000000 0.4207931 2.4046729 2.3224894 3.0484711 2.9609230 2.5269101 2.8699504 2.8081090 2.2354293 2.4846573 1.6349735 2.3414980 3.3631073 2.4268251 2.9172402 2.6320356 2.4056206 4.7689523 
Lampan_Lpan_14632_01                                               3.9138528 3.9283350 2.7435919 3.5560683 3.7785812 3.8124701 4.2297202 4.8762929 2.7043704 4.4812475 3.5621933 3.9775167 2.5258666 3.4832627 3.5385762 3.5147208 2.4159746 2.1616430 2.4469597 3.0362335 2.5282788 2.8223013 3.0316839 2.8994548 2.7618315 3.2975398 3.1378574 3.0250316 3.5296267 2.4247384 3.2122031 2.6754044 2.1672613 2.7541494 0.7941896 0.7896788 0.7463135 0.6396774 0.5838267 0.6137487 0.7015916 0.3568178 0.4145602 0.4189579 0.4207931 0.0000000 2.2261816 2.1884910 3.1353228 3.3824824 2.1069412 2.6056827 2.5341401 2.3336663 2.3179394 1.3856066 2.5642432 3.9090875 2.4407236 2.8093236 2.3929010 2.3210038 5.0824822 
HoiH23_PlH23_001333-RA                                             2.8465414 3.6354616 2.7312777 3.2505734 3.3603118 3.7041244 4.2025249 4.0458092 2.5214421 3.8091082 3.2084726 4.0795231 4.1872512 3.7864052 2.5614089 2.5614089 2.5349643 2.2802526 2.6027378 2.5121011 2.7593142 2.5523116 2.6779506 2.4739745 2.7876790 2.2869212 2.9182560 2.9624099 2.8368529 3.1450421 3.4471214 3.1885284 2.8740107 3.0434402 2.7368661 2.7362504 2.7168171 2.7168171 2.7313258 2.7827595 2.3845797 2.1185923 2.3046731 2.4046729 2.4046729 2.2261816 0.0000000 0.3288609 0.6533962 0.6600018 2.1844141 1.2636062 1.3281009 1.3820949 2.9135155 2.0964375 3.0761608 4.5598290 3.0199925 3.1889329 2.7203163 2.2719047 3.4054137 
TrH2_TrispH2_005704-RA                                             2.5076818 3.1715344 2.3299222 2.8382677 2.9185430 2.9451322 3.1530891 3.7225917 2.1270715 2.9792665 2.7398437 2.8630223 3.9355666 3.3303621 2.2664734 2.2664734 2.3139546 2.2186969 2.6404960 2.5671377 2.7558038 2.2406524 2.3468485 2.3705975 2.5666041 2.3644588 2.5957740 2.6124567 2.5937035 2.9519599 3.1628989 3.0228614 2.5231031 3.0800639 2.2649690 2.2609203 2.6637455 2.6637455 2.8619534 2.3626824 2.1581416 2.0977394 2.1182361 2.2322070 2.3224894 2.1884910 0.3288609 0.0000000 0.7289035 0.7855014 2.3688374 1.3518832 1.2941274 1.5901272 3.1173528 1.9046461 2.5103393 3.6699213 2.9160393 2.8993394 2.5183522 2.4675778 3.4000745 
Hhon_g06300.t1                                                     4.7697269 8.0504796 4.1509093 6.7748320 7.3400572 5.6583464 5.7056304 7.3328470 3.3495273 7.1093376 5.5305659 7.7023312 5.6005507 5.6716883 3.3716822 3.3629165 2.9703824 2.3064689 2.6741700 2.7133141 2.8096046 2.9100887 2.9713830 2.9059403 3.4394009 3.1849631 3.5947363 3.6587111 4.3101509 3.4762222 4.3514993 4.7827477 4.3931065 4.2515909 3.5452509 3.6221912 3.1539786 3.2728888 3.4406067 3.5969399 3.2587546 3.0159017 2.9234554 3.0724115 3.0484711 3.1353228 0.6533962 0.7289035 0.0000000 0.1205307 2.8257467 2.6572216 2.5548999 2.7941003 4.4909694 2.8719658 3.9441923 7.0437499 4.7493404 5.2425417 3.4454611 2.7106088 3.7875579 
HoiH04_mRNA1526                                                    5.3306715 7.6440614 4.0147039 5.8116824 6.5320046 6.6490593 6.8295835 8.7686095 3.2987896 7.4668353 5.5145099 7.8533404 6.0712409 6.0877000 3.4208338 3.5307966 3.2110895 2.2782098 2.5681782 2.5752301 2.6677827 2.8520791 2.9053461 2.6895484 3.4769110 3.7072515 3.8855216 3.8099930 4.5962822 3.7255806 4.5613006 4.6330730 4.5997640 4.0585354 3.6231015 3.7051238 3.1175880 3.4236553 3.3609076 4.3151687 3.8394764 3.2319853 3.1348603 3.3043031 2.9609230 3.3824824 0.6600018 0.7855014 0.1205307 0.0000000 2.7973490 2.4789642 2.3840211 2.7831241 3.8731682 2.8029493 3.3819496 7.4550669 4.2815716 4.9371216 3.1648870 2.9219927 3.8193752 
Spur_XM_030978289.1                                                3.4955590 3.6953477 3.0001853 3.2878767 3.5113373 3.5669751 4.0807680 3.3533554 3.1678428 4.7368336 3.7374438 3.5940865 3.5894402 4.1063130 2.4885477 2.4885477 2.1605245 1.9796811 1.8042314 1.9525087 2.1707153 1.9778267 2.0706776 2.0382360 2.8973715 2.6279113 3.4542188 3.4349951 2.9435216 2.4595010 2.4767304 3.1125954 2.8711639 2.9625268 2.7830700 2.8648339 2.6128939 2.6128939 2.7766071 3.1559580 2.5581233 2.3787578 2.5458001 2.5317596 2.5269101 2.1069412 2.1844141 2.3688374 2.8257467 2.7973490 0.0000000 0.7893357 0.7684275 1.8729884 3.3366149 2.3211885 2.6427889 5.2090674 3.1218148 2.7756022 2.9466727 2.0664921 3.8638372 
Spur_XM_030974052.1                                                3.2424923 3.0194941 1.9844730 2.6483236 2.6741438 2.8438324 3.6053987 3.5619611 2.2577032 3.9331862 2.7240714 4.9202004 3.6437604 3.2269497 2.5162698 2.5004919 2.5833767 1.6482896 2.0077791 2.1310750 2.0238230 2.1444949 2.2285180 2.1269765 2.5557607 3.0032741 3.2516599 3.4087391 3.4039775 2.2908141 2.9583151 3.9895321 3.0122467 2.8666516 2.5286535 2.7720334 2.6231692 2.8384541 2.9527109 3.0837621 2.9115616 2.8207400 2.7967590 2.8632803 2.8699504 2.6056827 1.2636062 1.3518832 2.6572216 2.4789642 0.7893357 0.0000000 0.0361652 1.7018072 2.5833716 2.2561679 2.5697966 3.9050071 2.5085892 1.9420641 2.8474690 3.0338840 4.4234269 
Spur_XM_789096.5                                                   3.2361107 2.9415133 1.9935538 2.5922375 2.6174062 2.8400974 3.3315676 3.5934060 2.2608395 3.8854865 2.7910083 4.7699238 3.5213306 3.1098626 2.3585275 2.3443357 2.3675686 1.5230115 1.8654319 2.0042413 1.8764145 2.1352333 2.2188658 2.1177678 2.5092016 2.9618529 3.1596408 3.3233670 3.3774991 2.2653746 2.7531583 3.9077596 2.9446394 2.8980576 2.5807997 2.8286914 2.5778130 2.7947132 2.8908849 2.9870605 2.8019130 2.7433613 2.7433930 2.8082898 2.8081090 2.5341401 1.3281009 1.2941274 2.5548999 2.3840211 0.7684275 0.0361652 0.0000000 1.6433824 2.6607106 2.2013505 2.4481018 3.9472397 2.5634079 1.9750764 2.8285249 2.8154816 4.4062625 
Cscu_XM_023364519.1                                                3.9780189 4.2769660 3.4972575 4.0395974 4.3307975 3.9548852 5.5303987 4.6274712 3.5871605 5.6334705 4.0958989 4.9407610 3.8080628 4.3133281 2.3987319 2.4452960 2.2861427 1.5991909 2.1902345 2.2958556 2.3123785 2.1885897 2.2743406 2.2397994 2.2787761 2.2981096 2.6204475 2.7530799 2.3637035 2.2623110 2.9143343 2.9257058 2.5917977 2.4238319 2.7935151 3.0663350 2.5842407 2.8764504 2.2570797 2.6040006 2.5233968 2.5464485 2.3342680 2.3908241 2.2354293 2.3336663 1.3820949 1.5901272 2.7941003 2.7831241 1.8729884 1.7018072 1.6433824 0.0000000 2.9532827 2.2811697 2.2692791 3.7495288 2.2517480 2.2517524 2.7712855 3.2330375 4.3434931 
Hvul_g1694_1                                                       4.0360805 4.3951020 3.0790051 3.8267557 3.9232918 3.2395071 4.0834995 3.5545120 2.6968734 4.5169285 3.1381043 4.4970159 4.0669430 4.4429296 2.0839018 2.0686015 2.6260222 1.5180055 1.8451489 1.8994974 1.8385312 2.2086379 2.2693807 2.2015389 2.3204685 3.1005403 2.7473650 2.5960459 4.2561726 2.4034220 2.8294659 1.8008844 2.6390996 3.1662147 2.8591661 2.9015227 2.4275107 2.7437551 2.4170016 2.8172742 3.0036753 2.5887553 2.5088090 2.6234376 2.4846573 2.3179394 2.9135155 3.1173528 4.4909694 3.8731682 3.3366149 2.5833716 2.6607106 2.9532827 0.0000000 2.1724881 2.8336350 3.5148241 2.3254557 2.6239322 3.1969296 3.8736687 4.1408996 
Aaur_scaffold738.g31.t1                                            2.9148912 2.9731597 2.7482570 2.8052433 3.0480785 2.9226122 3.2747540 2.8615547 2.4845281 2.7691335 2.7181362 2.8130270 2.5602723 2.7289210 1.6952048 1.6952048 1.6165920 1.2603593 1.2225399 1.4610182 1.3773614 1.4761288 1.5465519 1.5616634 1.5086609 1.5433837 1.8478093 1.6279364 1.8367165 1.7579377 1.7333482 2.2615134 1.4418144 1.8318116 1.8628954 1.8856537 1.4006997 1.4006997 1.7353314 1.5841961 1.9015266 1.7571775 1.5610119 1.6349735 1.6349735 1.3856066 2.0964375 1.9046461 2.8719658 2.8029493 2.3211885 2.2561679 2.2013505 2.2811697 2.1724881 0.0000000 1.9025278 2.3881424 2.0631042 1.5688846 1.7440678 1.2459815 2.3735695 
Fspp_ffun1.m4.33296.m1                                             3.3540091 5.0255988 3.4776578 4.9874742 5.5703089 3.4424662 3.7665345 3.5594928 2.8217313 3.4818308 3.6607249 3.9585743 2.8519473 3.6372410 2.3281273 2.4206214 1.5688130 0.5477498 0.9689836 1.1193211 1.1211036 1.2758827 1.3278053 1.3608124 1.8268052 2.1797066 2.2784992 2.6647619 2.3735959 2.3731765 2.4224376 1.9913125 2.9084316 3.2327448 2.5569214 2.8095822 2.2438158 3.3001058 2.1235029 2.9796477 3.4405251 2.6944173 2.9351506 2.8874918 2.3414980 2.5642432 3.0761608 2.5103393 3.9441923 3.3819496 2.6427889 2.5697966 2.4481018 2.2692791 2.8336350 1.9025278 0.0000000 3.1901990 2.5253638 2.0861997 1.8286471 3.5951002 4.0446437 
