89
Spolac_c103309_g1_i1_m.33603c103309-g1                0.0000000 0.0180080 0.0370775 0.4970466 0.4758209 0.0000010 0.7934002 0.9100868 2.4177631 1.5030413 2.1729888 2.2072787 2.4655659 2.2718594 2.0711672 2.8037460 2.2500852 2.2928449 2.2949547 2.4294757 2.3544086 2.2033021 2.2059336 2.1271738 2.2014749 2.4402030 2.5276483 2.7614363 2.6018643 2.3112735 2.2849256 2.4827827 2.4505265 2.5087998 3.7700806 2.9639009 2.8437313 2.7272412 2.7811874 3.2185149 2.8142349 2.8142349 2.9417243 3.2821750 1.9127791 2.9392290 3.5956790 2.3343466 3.2606664 3.1231198 3.2180862 3.2643891 2.6746972 3.0608598 4.5367621 3.0337889 4.5367621 2.7480926 2.7855474 3.3110929 3.1491401 3.6971074 2.7139750 3.2252536 3.2252536 3.9162080 2.4874458 3.1691142 3.1253649 3.3423505 2.6560212 2.9368370 3.0720292 2.9969170 3.2872195 3.2888680 2.6893565 2.0489358 2.0613806 2.2578954 2.2467534 2.2137752 2.4592570 2.4592570 2.7141680 2.6089015 3.5881607 2.9993671 4.1694982 
Spolac_c103309_g1_i2_m.33604c103309-g1                0.0180080 0.0000000 0.0592741 0.6014997 0.5845396 0.8331933 0.7443358 0.7846946 2.3773142 1.2180159 2.3924808 2.2204456 2.2855179 2.0476023 2.0728216 2.3240939 2.2026645 2.2143457 2.0850839 2.2493276 2.2242275 2.0957031 2.1037406 2.1490856 2.1785626 2.1541703 2.2901793 2.4572724 2.4014521 2.3427638 2.3938461 2.4325754 2.4496975 2.5052789 2.8693477 2.7220260 2.4616837 2.5208698 2.5434042 2.6194259 2.4333469 2.4333469 2.7526530 2.5538077 2.9026583 2.6186915 2.8015449 2.4839907 2.6632905 2.8962302 2.8446439 2.7562261 2.6017257 2.6682084 3.5557863 2.8015812 3.8844747 2.5113480 2.5245360 3.5946492 4.8154396 5.2186741 3.1201258 2.6898057 2.7627369 3.0702523 2.9820761 3.1564033 3.2171260 3.1805098 2.8227549 3.1707370 2.9287830 2.9307856 2.7123576 2.9298521 3.4055232 2.7264919 2.6951266 2.9782138 2.7394974 3.3345681 2.8185218 2.7933246 3.1440694 2.9359661 3.0568590 2.8216627 3.5054452 
Emue_Em0018g1025a.t1                                  0.0370775 0.0592741 0.0000000 0.6249514 0.6031626 0.8550603 0.7539751 0.7918577 2.3995126 1.2322276 2.3893272 2.1999330 2.2574450 2.0828604 2.0762053 2.3559174 2.2256880 2.2334093 2.1054873 2.2550873 2.2688523 2.1253742 2.1334826 2.1390099 2.1620044 2.1600962 2.3068298 2.4656027 2.4712108 2.3278526 2.3567420 2.4657061 2.5086594 2.5204859 2.8762748 2.7521312 2.5270354 2.6102138 2.5910092 2.6587628 2.4981580 2.4981580 2.8283813 2.6179913 3.0078821 2.6851077 2.8339992 2.4421349 2.6507962 2.9050682 2.8471688 2.7791661 2.6162312 2.6944992 3.5423415 2.6634529 4.0319589 2.4657199 2.5188147 3.5025270 4.5505303 4.8910712 3.0385373 2.7169378 2.7871333 3.0792027 3.0421068 3.1974188 3.2715504 3.1950382 2.8892753 3.1208042 2.9341041 2.9357210 2.7168368 2.8712313 3.3810360 2.6479334 2.6179393 2.8982702 2.6589867 3.2095088 2.7369979 2.7126352 3.1099685 2.9194642 3.1316430 2.9094682 3.4966461 
Stycar_maker-SC_scaffold3630-snap-gene-0.17-mRNA-1    0.4970466 0.6014997 0.6249514 0.0000000 0.3857384 1.1677140 0.7691220 0.7725980 2.5846129 1.3084932 2.5904839 2.4523967 2.3360477 2.4207140 2.4216279 2.6948640 2.6209890 2.6696924 2.4267010 2.6291603 2.5582173 2.4562732 2.4750300 2.4746013 2.4154945 2.5106107 2.5998947 2.9953524 2.7246792 2.7740707 2.7966163 2.6716593 3.0115427 2.7778353 3.2041546 3.0934123 2.9453848 2.9473976 2.9456902 2.9541449 2.8207381 2.8207381 2.9024034 2.8390305 3.1325444 3.2026344 3.2453369 3.0945555 3.1385226 3.3491731 3.3575614 3.2651587 3.1630509 3.3916944 3.6433623 2.6156563 4.4098738 2.6921997 2.7782419 3.8163036 4.5152363 4.6697043 3.4200494 3.0003595 2.8798988 3.2697231 2.9819317 3.4039668 3.5746931 3.9110336 3.1240261 3.3805857 3.1342715 3.1476893 2.9533384 3.0687091 3.5536441 3.1856795 3.1242251 3.4277538 3.1750699 3.4660274 3.2699056 3.2630129 3.4966769 3.2444459 3.0046141 2.7492022 3.8377856 
Tetwil_g20600.t1                                      0.4758209 0.5845396 0.6031626 0.3857384 0.0000000 2.9494353 0.8163908 0.8572169 2.8663442 1.2894940 2.3856097 2.5688828 2.4577229 2.5460129 2.5288005 2.9171836 2.6755016 2.6749958 2.4407940 2.6115622 2.5285484 2.5570166 2.5465562 2.6780957 2.5680029 2.6224656 2.7480224 3.1768820 2.7623150 2.7509370 2.8653053 2.5600242 2.7875053 2.8401485 3.3549096 3.0829643 2.8001153 2.8426013 2.8359976 2.9116333 2.7738179 2.7738179 2.8612953 2.8259409 3.1014513 2.9646459 3.0343596 2.9160685 3.1802172 3.3938792 3.4552865 3.3831677 3.2325038 3.5447511 4.0461721 3.4372816 4.1586376 2.8420547 2.9162592 3.9938182 4.5251472 4.7190732 3.2449480 2.8989017 2.8642367 3.4905638 3.1771947 3.4519369 3.7054727 3.7657033 3.1951090 3.5241157 3.3704274 3.3069407 3.2069426 3.1332742 3.8725979 3.0956261 3.0828051 3.1687455 3.1245848 3.3206566 3.1783382 3.1705539 3.6425712 3.1869178 3.5314252 2.9784795 4.0869001 
Tetwil_g20598.t1                                      0.0000010 0.8331933 0.8550603 1.1677140 2.9494353 0.0000000 0.9220489 0.9333596 1.8988883 1.3201578 2.7311255 1.7067805 1.9245885 1.8847367 1.7499900 1.4708128 2.0563699 2.2886930 2.1755736 2.2917452 2.0872465 2.0820947 2.0820947 2.2900390 1.9834605 1.9090892 2.0622654 2.3921241 2.4352271 2.2240856 2.1885469 2.2637199 2.3466955 2.4950247 2.5217357 2.1584125 2.2781316 2.3966060 2.3630040 2.2727360 2.2960830 2.2960830 3.2317098 2.2898313 4.4802580 2.6755876 2.5183574 2.3614362 2.1116393 2.2866913 2.1531656 2.2029379 2.5140711 2.0330312 2.7251437 2.6355777 3.3227319 1.4676667 2.1416248 2.4347648 7.3598087 8.9999984 0.0000010 2.7247783 2.9926883 2.5406063 8.2791937 3.2996138 3.5045613 2.7758240 2.6500440 2.5760279 2.0051866 1.9191553 2.1565425 2.9140825 2.5695855 2.8480664 2.6283688 3.3817875 2.6283067 8.9999990 2.4995627 2.4951214 2.6185711 2.6650175 2.3009874 2.3598685 3.5333665 
Xestes_maker-XT_scaffold5198-augustus-gene-0.8-mRNA-1 0.7934002 0.7443358 0.7539751 0.7691220 0.8163908 0.9220489 0.0000000 0.2747083 2.3577569 1.3717203 2.6563169 2.4726896 2.4577225 2.3550050 2.3516836 2.7218492 2.4741700 2.5520280 2.4038999 2.4646682 2.4942300 2.3591438 2.3597271 2.5020470 2.3388238 2.4628987 2.7997662 2.7234151 2.7897337 2.5288203 2.5939090 2.6412341 2.6389351 2.7086220 3.0047178 2.8572301 2.9864856 2.9866986 2.9842697 3.0577767 2.9416498 2.9353206 3.2915209 2.8649246 3.4096591 3.0237788 3.1530705 3.0458242 2.9599506 3.4246424 3.2542183 3.3283497 3.1194542 3.3026192 3.8205233 3.0551368 4.2692895 2.8109752 2.8193116 3.7655208 4.2858315 4.3842092 3.1372356 3.1193987 3.1273321 3.1212822 3.1037418 3.3137906 3.5662589 3.2690497 3.1579825 3.2210927 3.0810693 3.3633467 2.7887109 2.8260637 3.6787026 3.0269079 2.9413030 3.1626175 3.0049500 3.5192797 3.0361202 2.9974891 3.1999952 2.9916655 3.4255851 2.8933305 3.9637765 
Aque_Aqu2.1.37880_001                                 0.9100868 0.7846946 0.7918577 0.7725980 0.8572169 0.9333596 0.2747083 0.0000000 2.4753066 1.3587197 2.6387693 2.4082203 2.3542918 2.3252768 2.3564015 2.6107373 2.3385267 2.4778847 2.3669817 2.4344603 2.4584145 2.3366060 2.3543512 2.3318164 2.2659850 2.3436118 2.5826415 2.6936307 2.5218732 2.5108929 2.4773410 2.6100363 2.6081741 2.6112070 2.8573865 2.6577127 2.8268291 2.8414435 2.8342459 2.8511201 2.7406173 2.7346055 3.0835180 2.6838673 2.9020135 2.9798854 3.1246952 2.8979354 2.8479773 3.0627179 3.1188312 3.0665377 2.9822461 3.1163418 3.5201429 2.9407972 3.9456205 2.4543706 2.6216221 3.5882132 4.3932750 4.7124560 3.3522666 3.0268240 3.0348039 3.0978206 3.1529218 3.1481735 3.3323872 2.9822547 3.0282049 3.2235248 2.7869832 3.1053895 2.6984797 2.8319500 3.4479123 2.9528577 2.9205360 3.1553910 2.9299675 3.4676743 2.9694658 2.9605240 3.3054621 2.9942008 3.2806411 2.9202883 3.8209207 
Skow_XM_006820349.1                                   2.4177631 2.3773142 2.3995126 2.5846129 2.8663442 1.8988883 2.3577569 2.4753066 0.0000000 2.2579546 2.6414165 2.2700404 2.0894801 2.1771529 2.2703392 2.4124766 2.2030879 2.2228818 2.1569942 2.1535077 2.2673494 2.1706841 2.1588456 2.3604229 2.4203940 2.3835903 2.5075872 2.9313242 2.5193907 2.4484504 2.5102282 2.7721097 2.5821391 2.5315415 2.8792679 2.5596893 2.4722857 2.4552650 2.4502860 2.3477394 2.2749509 2.2701123 2.7018695 2.4772265 3.5932041 2.7090049 2.6111687 2.8601999 2.5612554 3.1084226 3.0531418 2.9809285 3.0725651 2.7158216 3.3424434 2.3495328 3.6865944 2.3282229 2.4436002 3.3300670 5.4988940 5.5264778 3.3422092 3.1114170 3.0467674 2.8643538 4.1319775 3.2699159 3.2668389 2.4291526 3.1290941 3.0038872 2.9900010 3.0099395 2.8899134 3.1420442 3.8095031 2.9363089 2.8940796 3.1772597 2.9954189 4.0914714 3.0648978 3.0571936 2.9106538 2.9647587 3.2720478 2.5635083 3.7385790 
Plespi_Pspi_scaffold115_01                            1.5030413 1.2180159 1.2322276 1.3084932 1.2894940 1.3201578 1.3717203 1.3587197 2.2579546 0.0000000 2.6397319 2.2778103 2.0473389 2.1370077 2.0554380 2.5018812 2.3069468 2.3331262 2.2374438 2.2755536 2.2180538 2.1825837 2.1888188 2.3142222 2.3243260 2.2249728 2.5249701 2.7166438 2.7064255 2.3779258 2.5711501 2.6339849 2.7193246 2.6472588 2.8577221 2.7189600 2.4316589 2.3657547 2.3983538 2.4700452 2.3922854 2.3814853 2.5148882 2.5004710 3.0819055 2.7195711 2.7814258 2.6115930 2.9076697 2.9742730 3.1134224 3.1598978 3.1933395 3.0699347 3.9304602 2.5702097 4.9179276 2.1539802 2.4661924 3.3718289 4.6717055 4.6115552 3.9352806 2.4860372 2.5110439 3.1929223 3.1173975 2.9943343 3.2375511 2.7782743 2.9762317 3.2242789 2.8110200 2.8340344 3.0808568 3.0162865 3.7344328 3.0125277 2.9389634 3.0383765 3.0875302 3.5766574 3.0565222 3.0553025 3.2466123 3.1020600 3.0939274 2.7819020 3.6017454 
Cgig_XM_034480198.1                                   2.1729888 2.3924808 2.3893272 2.5904839 2.3856097 2.7311255 2.6563169 2.6387693 2.6414165 2.6397319 0.0000000 0.1371297 1.7515605 1.7645453 1.7048694 1.6786901 1.8617388 1.8661443 2.0530602 1.9272743 1.8479944 2.0341503 2.0245249 2.0812605 1.9021096 1.7837720 2.0507232 2.3712676 2.1503454 2.0771450 2.0137750 2.0986974 2.4235620 2.4132909 2.5521127 2.2788677 2.9392978 3.0266608 2.9282784 3.0509703 2.8484925 2.8484925 2.9951677 2.9563445 2.4612082 3.2167411 3.1990501 3.0742155 3.4009240 3.4153010 3.4912820 3.4720649 3.2415156 3.1805906 4.3202350 3.6601432 4.5719942 2.5864599 2.7636875 3.7756542 4.0889051 4.3427588 3.1598174 3.8055445 3.8055445 3.0970863 3.6890271 3.6219101 3.6483745 3.7418196 3.7688061 4.1070440 3.2241730 3.3840180 3.0982544 3.0582829 3.4803668 3.1647082 3.2017844 2.8089198 3.0084226 3.9555926 3.2464571 3.2513564 3.2981163 3.6053432 3.3159641 3.2730337 4.3541892 
Cgig_XM_034480118.1                                   2.2072787 2.2204456 2.1999330 2.4523967 2.5688828 1.7067805 2.4726896 2.4082203 2.2700404 2.2778103 0.1371297 0.0000000 1.3563634 1.2983394 1.3515191 1.1813579 1.5381251 1.5900989 1.6167899 1.5967400 1.5405251 1.6862333 1.6899531 1.6033975 1.5177217 1.3812613 1.4968346 1.6883970 1.7938318 1.7105052 1.6778498 1.6847883 2.0642911 2.1211286 1.9054804 1.8322602 2.1747724 2.2385148 2.2048149 2.2166795 2.1402951 2.1402951 2.4638941 2.1289011 2.3206675 2.5079233 2.4125676 2.2989031 2.4909074 2.6678057 2.5049196 2.4990247 2.0620426 2.3620642 3.1864303 2.0463773 4.0745996 2.0151819 2.2101181 3.1326872 4.2371309 4.2053952 3.3330339 2.9431747 3.0713636 2.6495681 3.1989940 2.7357834 2.8925163 2.6043600 2.9656142 2.9356395 2.7480262 2.6781305 2.3257337 2.8215012 3.0557680 2.8976107 2.8813831 2.9220146 2.8383339 3.6709116 2.8574591 2.8674141 3.0548022 3.1346864 2.9437268 2.9846197 3.9963273 
Skow_XM_002733772.2                                   2.4655659 2.2855179 2.2574450 2.3360477 2.4577229 1.9245885 2.4577225 2.3542918 2.0894801 2.0473389 1.7515605 1.3563634 0.0000000 0.8604858 1.0408114 1.2573413 1.3026484 1.3500772 1.3109395 1.2982425 1.3000778 1.2867340 1.3075881 1.2354304 1.2228051 1.2895162 1.3651153 1.3990986 1.7370987 1.6773927 1.7002401 1.6850709 1.8327287 1.7171978 1.7528985 1.6909046 1.8400078 1.8156665 1.8091547 1.7657220 1.8162698 1.8162698 1.9409574 1.8803102 1.8912065 2.1505759 2.0907026 2.1544133 2.4908563 2.1723530 2.2462671 2.1524678 1.9693781 2.0747287 2.6641195 1.9684540 3.1259200 1.8533890 2.0287066 3.0547025 3.5550876 3.5692745 2.7569236 2.6541072 2.6376404 2.7877258 3.0772221 2.4676155 2.6704559 2.1538636 2.7188231 2.6114112 2.1496158 2.2114843 1.9201584 2.5189758 2.7774508 2.6542536 2.6109750 2.7061984 2.5908126 3.0047147 2.5610169 2.5546053 2.5630212 2.6891380 3.0732913 3.0169033 3.5890695 
Bralan_BLAG07001123_1                                 2.2718594 2.0476023 2.0828604 2.4207140 2.5460129 1.8847367 2.3550050 2.3252768 2.1771529 2.1370077 1.7645453 1.2983394 0.8604858 0.0000000 1.0091646 1.0943153 1.1778132 1.2141232 1.1838331 1.1894681 1.2454173 1.2485210 1.2597520 1.1328578 1.1257605 1.3829605 1.4022484 1.3925595 1.7462305 1.7464039 1.7594500 1.8205035 1.8831689 1.8619404 1.7639151 1.6886048 1.9462480 1.9657601 1.9609499 1.8922841 1.8995105 1.8995105 2.1766843 1.8412456 2.0938759 1.9169242 1.9252308 2.1148681 2.4401011 2.3047769 2.2862912 2.2815305 1.9773765 2.1270727 2.5294945 1.7939571 2.9049062 1.9880251 1.9849746 3.0615712 3.7397430 3.6638820 3.3978058 2.5409290 2.6005363 2.6579611 3.2586597 2.5951173 2.7777950 2.1689736 2.5862022 2.4874591 2.3469940 2.2669509 1.8703707 2.5791982 2.5828258 2.7212681 2.7165633 2.7543479 2.6254141 3.3919604 2.7309602 2.7240097 2.7377932 2.8459317 2.7333038 3.0342463 3.7088843 
Hsap_ENST00000356840                                  2.0711672 2.0728216 2.0762053 2.4216279 2.5288005 1.7499900 2.3516836 2.3564015 2.2703392 2.0554380 1.7048694 1.3515191 1.0408114 1.0091646 0.0000000 1.1733560 1.2858314 1.3012532 1.3324426 1.2620680 1.3344425 1.3081740 1.3030692 1.3005187 1.2244989 1.2606976 1.5015706 1.6036348 1.7646911 1.6689192 1.7512960 1.7577455 1.9006395 1.9132201 1.8687315 1.8657859 2.1186422 2.1824568 2.1521983 2.1313508 2.0943174 2.0943174 2.3172393 2.1898613 2.1733485 2.3078676 2.3054096 2.4501053 2.3735719 2.4068799 2.4439851 2.4181957 2.1771432 2.2500784 2.4622770 1.9513538 2.7834045 2.0117422 2.0340478 3.2103098 3.6855086 3.5937550 3.6835392 2.6261899 2.6483163 2.7742179 2.8673476 2.4952652 2.6867536 2.4327818 2.6623955 2.7323636 2.4748760 2.4230471 2.1726752 2.8296525 3.0871758 3.0795973 3.0013108 3.0998341 2.8596025 3.4334869 2.8629245 2.8660207 3.0537715 3.0555761 2.6222772 2.5037358 3.1842039 
Acagra_model.g29724.t1                                2.8037460 2.3240939 2.3559174 2.6948640 2.9171836 1.4708128 2.7218492 2.6107373 2.4124766 2.5018812 1.6786901 1.1813579 1.2573413 1.0943153 1.1733560 0.0000000 1.4048317 1.4410630 1.3895991 1.4109300 1.4216550 1.4313026 1.4215983 1.4178039 1.3810830 1.3866300 1.5184704 1.5349705 1.9630485 1.7897319 1.8178947 1.8037835 2.1136418 1.9689491 1.7935771 1.7430940 2.0809609 2.1635741 2.1127392 2.2054723 2.0726270 2.0726270 2.4488110 2.1176865 2.1544540 2.3223063 2.3318045 2.3317584 2.5593275 2.2510345 2.2623483 2.2388867 1.8873981 2.1991477 2.7316814 2.0334194 3.2044098 2.1058333 2.0138345 3.3239073 4.1880546 4.1011857 5.0448029 2.7321796 2.7802466 2.4789659 3.7769335 3.0162756 3.2043738 2.5994518 3.0555608 2.7171975 2.6420299 2.5389625 1.9957650 3.0811678 3.1724067 3.0607664 2.9824766 2.8849446 2.8070374 3.4958411 2.7464719 2.7090512 3.1277921 3.1871863 3.2211478 3.0474828 3.7325793 
Fspp_ffun1.m4.29900.m1                                2.2500852 2.2026645 2.2256880 2.6209890 2.6755016 2.0563699 2.4741700 2.3385267 2.2030879 2.3069468 1.8617388 1.5381251 1.3026484 1.1778132 1.2858314 1.4048317 0.0000000 0.1108558 0.2180471 0.1433287 0.1891837 0.2477006 0.2536674 0.7507427 0.6989934 1.4360540 1.6620861 1.6742168 1.4240287 1.3859025 1.4003617 1.3989513 1.5934388 1.4973677 1.4904399 1.4337879 2.0945115 2.1109125 2.0790872 2.0514667 2.0345023 2.0345023 2.2288663 2.1059335 2.1195378 2.2086212 2.1759300 2.2822167 2.7537787 2.2730466 2.4936313 2.3836191 2.1385501 2.4640613 3.0241918 2.1276319 3.4880771 2.1757354 2.3229933 3.3673087 3.7799946 3.6553616 2.8411222 2.7076655 2.7302093 2.5436885 2.7076863 2.5251157 2.6690590 2.5836245 2.7132473 2.6272645 2.3493272 2.5210705 2.1163898 2.9302235 3.1092355 2.9511800 2.9322574 2.9196297 2.7684372 3.3969766 2.8766503 2.8844528 2.8651159 2.8810119 3.0609257 2.6531651 4.4372471 
Gasp_gasp1.m3.12464.m1                                2.2928449 2.2143457 2.2334093 2.6696924 2.6749958 2.2886930 2.5520280 2.4778847 2.2228818 2.3331262 1.8661443 1.5900989 1.3500772 1.2141232 1.3012532 1.4410630 0.1108558 0.0000000 0.2616814 0.1887527 0.1790553 0.2838746 0.2900791 0.7367220 0.6698278 1.4224495 1.7110298 1.6729931 1.4400018 1.3938013 1.4432353 1.4628793 1.6248522 1.5130353 1.4798576 1.4695072 2.1016496 2.1437043 2.1113420 2.1013666 2.0300133 2.0300133 2.2205318 2.1197367 2.1736332 2.3251418 2.2262578 2.3898996 2.7829526 2.3436284 2.5682675 2.4685307 2.2165324 2.5123822 3.1193723 2.1841860 3.5271096 2.2301965 2.2952529 3.4293405 3.4860904 3.4600209 2.4067139 2.8365168 2.8542609 2.5348932 2.6795955 2.4542897 2.6285080 2.5186796 2.6490988 2.5665451 2.3920346 2.5055273 2.1553631 2.8128723 3.1383919 2.9541458 2.9105261 2.8932869 2.7097755 3.2722728 2.9076703 2.8776979 2.8406357 2.8199691 3.0888590 2.6752932 4.3670017 
Spis_XP_022790050_1                                   2.2949547 2.0850839 2.1054873 2.4267010 2.4407940 2.1755736 2.4038999 2.3669817 2.1569942 2.2374438 2.0530602 1.6167899 1.3109395 1.1838331 1.3324426 1.3895991 0.2180471 0.2616814 0.0000000 0.1217533 0.3344475 0.3438303 0.3505141 0.7423975 0.7295887 1.4548109 1.6875513 1.6996754 1.5924475 1.4827680 1.5070250 1.5314279 1.7278918 1.6284841 1.5164143 1.5000736 2.0409056 2.0964767 2.0552809 2.0021640 1.9960635 1.9960635 2.2437638 2.0605037 2.1049402 2.1662671 2.0758914 2.2598669 2.7236742 2.3578243 2.6223332 2.5498945 2.1886635 2.4894046 3.0013151 2.0533907 3.4903772 2.0906317 2.3036919 3.3230099 3.7483809 3.6485928 2.8663600 2.6527081 2.6809244 2.4760226 2.7800647 2.4614150 2.6190202 2.4051109 2.6296059 2.5979263 2.3567294 2.4321400 2.1117479 2.9854349 3.2602839 2.8537317 2.8819689 2.8522468 2.7178114 3.2879126 2.8227854 2.8182708 2.6989297 2.7932468 3.0730408 2.6341439 4.4519630 
Pocdam_XM_027190451.1                                 2.4294757 2.2493276 2.2550873 2.6291603 2.6115622 2.2917452 2.4646682 2.4344603 2.1535077 2.2755536 1.9272743 1.5967400 1.2982425 1.1894681 1.2620680 1.4109300 0.1433287 0.1887527 0.1217533 0.0000000 0.2367059 0.2700644 0.2762397 0.6865728 0.6978963 1.4268927 1.6349766 1.6476278 1.4931576 1.4036680 1.4065140 1.4789928 1.6427419 1.5481586 1.4339228 1.4227948 1.9868700 2.0205108 1.9902932 1.9714072 1.9537036 1.9537036 2.1538903 2.0360152 2.1135037 2.1353462 2.0691443 2.2193426 2.6083533 2.2397957 2.4763607 2.3895627 2.0967126 2.4082565 2.9006918 2.0426755 3.3452752 2.1295891 2.2605920 3.2883690 3.6079863 3.4666091 3.0098253 2.6681893 2.6492058 2.5499791 2.8491116 2.4501369 2.6310405 2.3524243 2.6470355 2.5380206 2.3448655 2.4802566 2.1038066 2.9236263 3.2122244 3.0183093 2.9724221 2.9820668 2.8534523 3.4099708 2.9538967 2.9618600 2.7765063 2.8819960 3.0694919 2.5614948 4.5588916 
Gfas_gfas1.m1.15118.m1                                2.3544086 2.2242275 2.2688523 2.5582173 2.5285484 2.0872465 2.4942300 2.4584145 2.2673494 2.2180538 1.8479944 1.5405251 1.3000778 1.2454173 1.3344425 1.4216550 0.1891837 0.1790553 0.3344475 0.2367059 0.0000000 0.2277035 0.2335435 0.7528654 0.6923454 1.4150567 1.6185509 1.6285334 1.4368558 1.3973499 1.4130632 1.4167535 1.6434126 1.5684318 1.5606614 1.5105081 2.0654487 2.0700352 2.0537486 2.0877734 2.0379520 2.0379520 2.2368107 2.0884928 2.1686843 2.2661168 2.2457873 2.4505211 2.6256383 2.3023484 2.4424945 2.3545479 2.1000986 2.5775859 2.9814947 2.2176805 3.3732602 2.1083513 2.3172863 3.4904542 3.7675221 3.6151116 2.9050400 2.7771159 2.7879098 2.5224863 2.8014622 2.4387733 2.6353247 2.4093106 2.7071880 2.6199452 2.2912504 2.4463596 2.0796840 2.9669530 3.1359248 2.8576452 2.8150814 2.8263392 2.7017582 3.3352779 2.7925863 2.8016558 2.7719165 2.7736921 2.9496696 2.5691102 4.3676550 
Amil_Amillepora34057-RA                               2.2033021 2.0957031 2.1253742 2.4562732 2.5570166 2.0820947 2.3591438 2.3366060 2.1706841 2.1825837 2.0341503 1.6862333 1.2867340 1.2485210 1.3081740 1.4313026 0.2477006 0.2838746 0.3438303 0.2700644 0.2277035 0.0000000 0.0072266 0.8222858 0.7635064 1.5047954 1.6540965 1.6919499 1.4718131 1.4410376 1.4291199 1.4697145 1.7055494 1.5811647 1.5620387 1.4782090 2.0876573 2.1544083 2.1291678 2.1126292 2.0733559 2.0733559 2.2673554 2.1127914 2.2207951 2.2665279 2.1996569 2.3192632 2.8094060 2.2965549 2.5693843 2.4670990 2.1343987 2.5097161 2.8815004 2.2320052 3.1183452 2.2347760 2.3736920 3.6084706 4.0453158 3.9207526 2.9774202 2.7611130 2.7407362 2.5198737 2.9178929 2.5150447 2.7100369 2.4042604 2.8019500 2.6319736 2.3087379 2.4296806 2.1344502 3.0556994 3.1687654 2.8879104 2.8269515 2.8689645 2.7803609 3.3873935 2.8407831 2.8407666 2.7100704 2.7947627 3.0240420 2.6534154 4.5718789 
Adig_XM_015919341.1                                   2.2059336 2.1037406 2.1334826 2.4750300 2.5465562 2.0820947 2.3597271 2.3543512 2.1588456 2.1888188 2.0245249 1.6899531 1.3075881 1.2597520 1.3030692 1.4215983 0.2536674 0.2900791 0.3505141 0.2762397 0.2335435 0.0072266 0.0000000 0.8325416 0.7622858 1.5086338 1.6657891 1.6989332 1.4778991 1.4515912 1.4398727 1.4750262 1.6873585 1.6005438 1.5687481 1.4965957 2.0896547 2.1485537 2.1233830 2.1166925 2.0749697 2.0749697 2.2611648 2.1245432 2.2359176 2.2460481 2.1797754 2.3188072 2.8105133 2.3162403 2.5787744 2.4761112 2.1392559 2.5189423 2.8497798 2.2684432 3.0703741 2.2537036 2.3825703 3.5978709 4.0291172 3.9033609 2.9540831 2.7655049 2.7452819 2.5141238 2.9482612 2.5465531 2.7444528 2.4356545 2.8325748 2.6495494 2.3063063 2.4393624 2.1313308 3.0430371 3.1756195 2.8448887 2.7847947 2.8226516 2.7574620 3.4067030 2.8085916 2.8086043 2.7136054 2.7720967 2.9947412 2.6331195 4.5847500 
Exapal_XM_021047407.2                                 2.1271738 2.1490856 2.1390099 2.4746013 2.6780957 2.2900390 2.5020470 2.3318164 2.3604229 2.3142222 2.0812605 1.6033975 1.2354304 1.1328578 1.3005187 1.4178039 0.7507427 0.7367220 0.7423975 0.6865728 0.7528654 0.8222858 0.8325416 0.0000000 0.5341526 1.6069212 1.5215278 1.5392441 1.4570409 1.4303407 1.5217476 1.4452497 1.6949651 1.5418378 1.4830364 1.4171475 2.0676494 2.0964104 2.0811130 2.1022869 2.0603260 2.0603260 2.3013124 2.1147958 2.2324393 2.2042738 2.2091584 2.3087565 2.4586667 2.2338590 2.3531399 2.3318680 2.0370198 2.2771177 2.7038816 1.8908296 3.3773592 2.2436761 2.1595366 3.3533661 3.4889247 3.3325673 2.5990972 2.7385443 2.7204196 2.5650248 2.8310210 2.5065096 2.6391576 2.4368032 2.6658674 2.7250739 2.3117814 2.3462564 2.2081871 3.0334759 3.1739779 2.8787818 2.9493696 3.0475552 2.8741627 3.3200855 2.9309576 2.9250782 2.9627575 2.9249605 3.2581094 2.7234405 4.2779279 
Nvec_v1g185341                                        2.2014749 2.1785626 2.1620044 2.4154945 2.5680029 1.9834605 2.3388238 2.2659850 2.4203940 2.3243260 1.9021096 1.5177217 1.2228051 1.1257605 1.2244989 1.3810830 0.6989934 0.6698278 0.7295887 0.6978963 0.6923454 0.7635064 0.7622858 0.5341526 0.0000000 1.6644548 1.6740513 1.5704824 1.3757709 1.4733802 1.5017254 1.3877589 1.6579910 1.5072905 1.4719279 1.4218776 2.1472301 2.1872483 2.1696146 2.1633726 2.1465937 2.1465937 2.4350323 2.2916705 2.3597004 2.2137434 2.2442270 2.3092417 2.5789108 2.4440236 2.6587312 2.5784203 2.2436607 2.5325788 3.2634509 2.1829823 4.2427876 2.2688642 2.4037339 3.1595396 3.5321792 3.4221769 2.5905845 2.8171950 2.9050879 2.5367541 2.7302602 2.4951525 2.6602652 2.4834392 2.7465343 2.8402991 2.4316600 2.5515656 2.1896623 3.2658823 3.1028920 2.8819800 2.8283005 2.8854709 2.7648009 3.2728826 2.9181767 2.9077476 3.0511380 2.9199208 3.0591486 2.7095106 4.6617647 
Ctel_gnl_WGS_AMQN_CAPTEDRAFT_mRNA114473               2.4402030 2.1541703 2.1600962 2.5106107 2.6224656 1.9090892 2.4628987 2.3436118 2.3835903 2.2249728 1.7837720 1.3812613 1.2895162 1.3829605 1.2606976 1.3866300 1.4360540 1.4224495 1.4548109 1.4268927 1.4150567 1.5047954 1.5086338 1.6069212 1.6644548 0.0000000 1.5915311 1.6079990 1.7338514 1.8177114 1.8688690 1.7900285 1.8588107 1.9304617 1.9841479 1.9016710 2.1031366 2.0681346 2.0237532 2.1591513 2.0477376 2.0498367 2.3843637 2.0801072 2.1020385 2.3082743 2.3127059 2.4638795 2.3490123 2.4741645 2.3827858 2.3435639 2.1528517 2.3791824 2.6081906 2.0629413 2.9521183 2.1660964 2.2347447 3.1161009 4.2804791 4.1934995 3.3286488 2.5532486 2.6450121 2.6022966 2.9797476 2.5753088 2.8558223 2.3364698 2.9914999 2.9073950 2.6122323 2.4780370 2.2312457 2.7134566 3.0794279 2.8317286 2.7732582 2.8883274 2.7230695 3.2856807 2.8390858 2.8432703 2.8613226 3.0410852 2.9407446 3.1534066 3.3634599 
Dpul_mRNA918                                          2.5276483 2.2901793 2.3068298 2.5998947 2.7480224 2.0622654 2.7997662 2.5826415 2.5075872 2.5249701 2.0507232 1.4968346 1.3651153 1.4022484 1.5015706 1.5184704 1.6620861 1.7110298 1.6875513 1.6349766 1.6185509 1.6540965 1.6657891 1.5215278 1.6740513 1.5915311 0.0000000 1.2401199 1.8362344 1.7800757 1.8783549 1.7762960 2.1902755 1.9390050 2.1698768 2.0134511 2.3331296 2.3641656 2.3433384 2.2949240 2.2465931 2.2465931 2.5868775 2.2440774 2.1881492 2.4770063 2.3215105 2.5454972 3.1651757 2.4359610 2.5491328 2.4646677 2.0977036 2.4418476 3.0812069 2.2646344 3.2373112 2.2673181 2.0982538 3.3437551 4.2769740 4.2398194 4.6519377 2.5566458 2.6318324 2.8391432 3.3580659 2.6623368 2.8954380 2.3455021 2.7486715 2.8916007 2.5758490 2.6388120 2.0969828 2.8811137 3.0939131 2.8028068 2.7785751 2.8296540 2.8357759 3.4186839 2.8109670 2.7939761 2.9976693 2.9750775 3.1737998 2.9683314 4.0925712 
Tcas_TC008849_001                                     2.7614363 2.4572724 2.4656027 2.9953524 3.1768820 2.3921241 2.7234151 2.6936307 2.9313242 2.7166438 2.3712676 1.6883970 1.3990986 1.3925595 1.6036348 1.5349705 1.6742168 1.6729931 1.6996754 1.6476278 1.6285334 1.6919499 1.6989332 1.5392441 1.5704824 1.6079990 1.2401199 0.0000000 2.0384544 2.0755406 2.1041168 2.0231336 2.0841596 1.8171927 2.2543471 2.0367603 2.1254280 2.1808542 2.1791621 2.0977301 2.0967886 2.0967886 2.4960276 2.1308608 2.0678363 2.2572010 2.2281397 2.4077437 2.5350308 2.6132382 2.3743741 2.3591854 2.0348905 2.4355114 3.3202703 2.7324462 3.5820147 2.1654700 2.1721932 3.3693490 3.9084017 3.8425629 3.8501799 2.9359919 3.0435750 2.9841677 3.3033578 2.7393634 3.0512396 2.5973589 3.1306739 3.0736487 2.5801300 2.5315984 1.9674083 3.0982243 2.9926741 3.1085751 2.9607491 3.0481735 3.0434747 3.3002183 2.9728785 2.9445656 2.9409633 3.0722803 3.1164018 3.0526717 3.9598556 
Morvir_scaffold159.g18.t1                             2.6018643 2.4014521 2.4712108 2.7246792 2.7623150 2.4352271 2.7897337 2.5218732 2.5193907 2.7064255 2.1503454 1.7938318 1.7370987 1.7462305 1.7646911 1.9630485 1.4240287 1.4400018 1.5924475 1.4931576 1.4368558 1.4718131 1.4778991 1.4570409 1.3757709 1.7338514 1.8362344 2.0384544 0.0000000 0.8658052 0.8872142 0.8432748 0.8434153 0.9277363 1.9561134 1.7983290 2.6535757 2.6226220 2.5517192 2.6469126 2.5174285 2.5174285 2.8771233 2.6163348 2.7333498 2.5901879 2.6407521 2.8060690 3.1451806 2.9353028 3.0382688 2.9294683 2.4494483 2.7858667 3.5210635 2.6427187 4.2446009 2.4553825 2.4268647 4.0329004 3.7328681 3.7762428 2.6639779 2.7971220 2.8250296 2.7389353 3.3250918 2.9560507 3.0688278 2.5039212 2.9074046 2.9533055 2.9875151 2.7250300 2.4986732 2.8656020 3.3823229 3.2348175 3.1940226 3.3654743 3.1316402 3.7351151 3.2775945 3.2510618 3.3736052 3.2878973 3.1205974 3.0526904 4.0806949 
Rhoesc_Res_011373-T1                                  2.3112735 2.3427638 2.3278526 2.7740707 2.7509370 2.2240856 2.5288203 2.5108929 2.4484504 2.3779258 2.0771450 1.7105052 1.6773927 1.7464039 1.6689192 1.7897319 1.3859025 1.3938013 1.4827680 1.4036680 1.3973499 1.4410376 1.4515912 1.4303407 1.4733802 1.8177114 1.7800757 2.0755406 0.8658052 0.0000000 0.1322870 0.4881476 0.9337550 1.0883740 2.0327773 1.9154722 2.5072489 2.5187453 2.4911963 2.4965421 2.4608387 2.4608387 2.7149951 2.4914809 2.5628979 2.3710283 2.4779276 2.5602718 2.7459530 2.7571330 2.7632040 2.6652031 2.4522906 2.5314197 3.3269629 2.6079783 3.7041209 2.3568705 2.2774176 4.0162082 4.0700642 4.0653071 2.8523150 2.7244369 2.8247073 2.6239432 3.0874915 2.8479336 2.9692465 2.5568560 2.9725941 3.0359111 2.6056448 2.5514606 2.6632659 2.6810087 3.5308936 3.1002537 3.0040494 3.3508895 3.0758750 3.6755195 3.0740099 3.0267151 3.2457912 3.1844849 3.3018088 3.0780395 3.7268226 
Nemnom_g12491.t1                                      2.2849256 2.3938461 2.3567420 2.7966163 2.8653053 2.1885469 2.5939090 2.4773410 2.5102282 2.5711501 2.0137750 1.6778498 1.7002401 1.7594500 1.7512960 1.8178947 1.4003617 1.4432353 1.5070250 1.4065140 1.4130632 1.4291199 1.4398727 1.5217476 1.5017254 1.8688690 1.8783549 2.1041168 0.8872142 0.1322870 0.0000000 0.5070992 0.9717892 1.0366475 2.0759977 1.9404746 2.5404191 2.5889910 2.5670409 2.5393179 2.5386178 2.5386178 2.7050362 2.4989335 2.5418613 2.4643127 2.6268525 2.6388949 2.8068508 2.8276562 2.9406190 2.8337376 2.5862280 2.6580923 3.1967477 2.6040485 3.6022393 2.3960262 2.3424109 4.1308936 4.1360700 4.0923723 2.5747394 2.7997416 2.8355806 2.6992991 3.2877200 2.9727638 3.0616980 2.6972262 3.1739054 3.1694597 2.7481178 2.6996858 2.4923844 2.9537151 3.4197877 3.1054246 2.9817264 3.3663750 3.0365238 3.5994502 3.0954287 3.0290038 3.1513150 3.1340107 3.2966125 3.1240370 3.5349649 
Sanmal_Sma_025507-T1                                  2.4827827 2.4325754 2.4657061 2.6716593 2.5600242 2.2637199 2.6412341 2.6100363 2.7721097 2.6339849 2.0986974 1.6847883 1.6850709 1.8205035 1.7577455 1.8037835 1.3989513 1.4628793 1.5314279 1.4789928 1.4167535 1.4697145 1.4750262 1.4452497 1.3877589 1.7900285 1.7762960 2.0231336 0.8432748 0.4881476 0.5070992 0.0000000 0.9343002 1.0493256 1.9798914 1.7931278 2.5342646 2.5478138 2.5164353 2.4685899 2.5119843 2.5089530 2.6807675 2.4745326 2.4483956 2.4509196 2.5585978 2.7022807 2.9474239 2.6647095 2.8306488 2.7091644 2.5651534 2.6239785 3.6185012 2.5832000 4.4258572 2.5193927 2.5061445 3.9437275 4.0714375 3.9596765 3.3758911 2.7889687 2.8911201 2.6877089 3.2344083 2.8887337 3.0677157 2.4945150 3.0346490 3.0579519 2.8891593 2.8604144 2.4063465 2.7984277 3.6660536 3.4964165 3.4031613 3.5662454 3.3944227 4.3050709 3.4839613 3.4074065 3.6310524 3.5196399 3.3732970 2.9079445 4.2612193 
Hvul_g28121_1                                         2.4505265 2.4496975 2.5086594 3.0115427 2.7875053 2.3466955 2.6389351 2.6081741 2.5821391 2.7193246 2.4235620 2.0642911 1.8327287 1.8831689 1.9006395 2.1136418 1.5934388 1.6248522 1.7278918 1.6427419 1.6434126 1.7055494 1.6873585 1.6949651 1.6579910 1.8588107 2.1902755 2.0841596 0.8434153 0.9337550 0.9717892 0.9343002 0.0000000 0.7632608 2.2865728 2.2369903 2.6969427 2.7351848 2.7072282 2.7517164 2.6132389 2.6132389 2.8873730 2.8387605 3.1327459 2.7328002 2.7973307 2.9156763 2.8136935 2.8747669 2.9600489 2.8259613 2.7906854 2.7513884 3.0265161 2.2123897 3.7525806 2.6203879 2.8150516 4.0562000 4.5776602 4.7149323 3.3104472 2.9597092 2.9824701 2.8264460 3.8077100 3.2064864 3.3158705 2.5796021 3.3062854 3.3319312 3.0736764 3.0643675 2.6736810 3.0537006 3.7230109 3.3834768 3.3143253 3.6450869 3.2950002 4.4475848 3.4695123 3.4417026 3.6566132 3.5863029 3.1417801 3.0467027 3.8033998 
Chem_TCONS_00016526                                   2.5087998 2.5052789 2.5204859 2.7778353 2.8401485 2.4950247 2.7086220 2.6112070 2.5315415 2.6472588 2.4132909 2.1211286 1.7171978 1.8619404 1.9132201 1.9689491 1.4973677 1.5130353 1.6284841 1.5481586 1.5684318 1.5811647 1.6005438 1.5418378 1.5072905 1.9304617 1.9390050 1.8171927 0.9277363 1.0883740 1.0366475 1.0493256 0.7632608 0.0000000 2.0582053 2.0171959 2.4611798 2.5580562 2.5148788 2.3743090 2.3755325 2.3755325 2.6013509 2.4150083 2.4916678 2.4757850 2.5689534 2.6597401 2.9627500 2.4437051 2.4941769 2.4105039 2.3584946 2.3437470 3.3315994 2.2459427 4.2292464 2.5431530 2.6291471 3.7001781 4.0109625 3.9087002 3.3017760 2.6190315 2.5382985 2.8571359 3.5538699 3.0165207 3.3137669 2.4342591 3.1088761 3.0992827 2.8623185 2.8687165 2.1745882 2.9068911 3.7860156 3.1525552 3.1132125 3.3935379 3.0759766 4.0820905 3.1635493 3.1300643 3.3653030 3.2370689 3.1187277 2.9170330 3.8513134 
Xesp_005676-T1                                        3.7700806 2.8693477 2.8762748 3.2041546 3.3549096 2.5217357 3.0047178 2.8573865 2.8792679 2.8577221 2.5521127 1.9054804 1.7528985 1.7639151 1.8687315 1.7935771 1.4904399 1.4798576 1.5164143 1.4339228 1.5606614 1.5620387 1.5687481 1.4830364 1.4719279 1.9841479 2.1698768 2.2543471 1.9561134 2.0327773 2.0759977 1.9798914 2.2865728 2.0582053 0.0000000 0.4455861 2.3358601 2.4826712 2.4059997 2.4267841 2.4139945 2.4139945 2.5343564 2.3595612 2.2662414 2.7332833 2.6074596 2.7571436 3.1481022 2.7515681 2.7635395 2.6179183 2.3551612 2.6293566 3.5649443 2.6319004 4.1459481 2.7664320 2.6112647 4.0076041 4.8668146 4.8150877 4.5911667 3.1890276 3.2473690 3.0578521 3.1981175 2.8243443 2.9890819 2.7986383 3.4152157 3.4596933 2.6647426 2.5844002 2.1724473 3.4518983 3.4512014 3.2600767 3.2496426 3.1900675 3.0192061 3.2947114 3.2216472 3.1611146 3.1671027 3.3817913 4.1879915 3.2952053 4.1453395 
Dgig_XM_028536371.1                                   2.9639009 2.7220260 2.7521312 3.0934123 3.0829643 2.1584125 2.8572301 2.6577127 2.5596893 2.7189600 2.2788677 1.8322602 1.6909046 1.6886048 1.8657859 1.7430940 1.4337879 1.4695072 1.5000736 1.4227948 1.5105081 1.4782090 1.4965957 1.4171475 1.4218776 1.9016710 2.0134511 2.0367603 1.7983290 1.9154722 1.9404746 1.7931278 2.2369903 2.0171959 0.4455861 0.0000000 2.3336312 2.4368332 2.3902793 2.4685390 2.4180745 2.4180745 2.6455993 2.2864437 2.5361226 2.5434779 2.4764176 2.5150399 2.8502517 2.5282332 2.7731087 2.6624291 2.4668109 2.4620422 3.2177153 2.5627997 3.5408601 2.4975820 2.4533912 3.7051256 4.5846729 4.7435057 3.1914962 3.1710014 3.2692085 2.9732926 3.2357234 2.7930135 2.8885607 2.4650564 2.9724223 3.2008548 2.6619686 2.6947001 2.2706835 3.1441667 3.3132056 3.0747406 3.0281768 3.0490095 3.0178128 3.2583291 3.0700761 3.0261453 3.1073077 3.1774033 4.0145468 3.1228133 4.0517191 
Fspp_ffun1.m4.24584.m1                                2.8437313 2.4616837 2.5270354 2.9453848 2.8001153 2.2781316 2.9864856 2.8268291 2.4722857 2.4316589 2.9392978 2.1747724 1.8400078 1.9462480 2.1186422 2.0809609 2.0945115 2.1016496 2.0409056 1.9868700 2.0654487 2.0876573 2.0896547 2.0676494 2.1472301 2.1031366 2.3331296 2.1254280 2.6535757 2.5072489 2.5404191 2.5342646 2.6969427 2.4611798 2.3358601 2.3336312 0.0000000 0.1307225 0.1167339 0.1554333 0.1682544 0.1709218 0.1232521 0.4280989 0.4667850 0.9575644 0.9174364 1.2969421 1.5609956 1.4938867 1.2872253 1.2578335 1.0639260 1.2121392 3.2768485 1.9713506 4.4865222 1.7847018 1.9071787 3.1907975 4.6427920 4.3596275 4.7866205 2.4114950 2.5253415 2.5475948 2.9732423 2.6154490 2.9008396 2.3724415 2.8468719 2.9181012 2.3873045 2.4321939 2.4107118 2.6012247 2.8180894 2.4383598 2.3870956 2.4476618 2.3415005 3.1481571 2.3325585 2.3311233 2.4958751 2.5566459 3.4761706 2.9649775 4.2475245 
Spis_XP_022786567_1                                   2.7272412 2.5208698 2.6102138 2.9473976 2.8426013 2.3966060 2.9866986 2.8414435 2.4552650 2.3657547 3.0266608 2.2385148 1.8156665 1.9657601 2.1824568 2.1635741 2.1109125 2.1437043 2.0964767 2.0205108 2.0700352 2.1544083 2.1485537 2.0964104 2.1872483 2.0681346 2.3641656 2.1808542 2.6226220 2.5187453 2.5889910 2.5478138 2.7351848 2.5580562 2.4826712 2.4368332 0.1307225 0.0000000 0.0271479 0.1736964 0.1855890 0.1852550 0.1779605 0.4849748 0.5161731 0.9555903 0.9257519 1.3380456 1.6675949 1.4646847 1.3297710 1.3221075 1.0384118 1.2194637 3.2261441 1.9831289 4.3635504 1.9259798 1.9911170 3.2565294 4.5912796 4.3678149 4.6789433 2.3918961 2.5081054 2.5759241 2.8452687 2.5665340 2.8482788 2.4676049 2.9319084 2.9208059 2.4610768 2.4668313 2.4613838 2.6595768 2.7535443 2.5229421 2.4813605 2.5578690 2.4625304 3.2677143 2.4341380 2.4326024 2.5419233 2.5993872 3.5312421 2.9962451 4.2173314 
Pocdam_XM_027189893.1                                 2.7811874 2.5434042 2.5910092 2.9456902 2.8359976 2.3630040 2.9842697 2.8342459 2.4502860 2.3983538 2.9282784 2.2048149 1.8091547 1.9609499 2.1521983 2.1127392 2.0790872 2.1113420 2.0552809 1.9902932 2.0537486 2.1291678 2.1233830 2.0811130 2.1696146 2.0237532 2.3433384 2.1791621 2.5517192 2.4911963 2.5670409 2.5164353 2.7072282 2.5148788 2.4059997 2.3902793 0.1167339 0.0271479 0.0000000 0.1614472 0.1781997 0.1778827 0.1624843 0.4691892 0.4861313 0.9293891 0.8981426 1.3101863 1.6074786 1.4471743 1.2936287 1.2885723 1.0223975 1.1925087 3.2008363 1.9265028 4.3528960 1.8689819 1.9481098 3.1828279 4.4656380 4.2752529 4.7354497 2.3625353 2.4753347 2.5474361 2.8149559 2.5584652 2.8406860 2.4567089 2.9475957 2.9320170 2.4528895 2.4514265 2.4478641 2.6203802 2.7618966 2.5137450 2.4723637 2.5432308 2.4494538 3.2650802 2.4045112 2.4030025 2.5420108 2.5913838 3.5135757 2.9805576 4.1911864 
Gfas_gfas1.m1.7166.m1                                 3.2185149 2.6194259 2.6587628 2.9541449 2.9116333 2.2727360 3.0577767 2.8511201 2.3477394 2.4700452 3.0509703 2.2166795 1.7657220 1.8922841 2.1313508 2.2054723 2.0514667 2.1013666 2.0021640 1.9714072 2.0877734 2.1126292 2.1166925 2.1022869 2.1633726 2.1591513 2.2949240 2.0977301 2.6469126 2.4965421 2.5393179 2.4685899 2.7517164 2.3743090 2.4267841 2.4685390 0.1554333 0.1736964 0.1614472 0.0000000 0.1533822 0.1521727 0.1957335 0.4799010 0.4810353 0.9580194 0.9251936 1.3458319 1.6535460 1.4654646 1.3114710 1.2698821 1.0326781 1.2020468 3.3186210 2.1135850 4.4591451 1.8425781 1.8712301 3.1641483 4.8112110 4.4437860 5.8432296 2.3880697 2.4548540 2.5521178 3.0112562 2.7085050 2.8972972 2.5992648 3.0031835 3.0168516 2.5389589 2.4727351 2.3993148 2.6733423 2.8648118 2.5001857 2.4559262 2.5418779 2.4559740 3.2533491 2.3276977 2.3262675 2.5491827 2.5733769 3.5076954 2.9742032 4.4084945 
Amil_Amillepora04946-RA                               2.8142349 2.4333469 2.4981580 2.8207381 2.7738179 2.2960830 2.9416498 2.7406173 2.2749509 2.3922854 2.8484925 2.1402951 1.8162698 1.8995105 2.0943174 2.0726270 2.0345023 2.0300133 1.9960635 1.9537036 2.0379520 2.0733559 2.0749697 2.0603260 2.1465937 2.0477376 2.2465931 2.0967886 2.5174285 2.4608387 2.5386178 2.5119843 2.6132389 2.3755325 2.4139945 2.4180745 0.1682544 0.1855890 0.1781997 0.1533822 0.0000000 0.0022484 0.2222703 0.4565433 0.4326854 0.9514172 0.9058342 1.2915598 1.5396363 1.4650259 1.2595314 1.2491865 1.0310637 1.2128779 3.2015939 1.9118379 4.4135744 1.7802193 1.8499924 3.0822055 4.5832301 4.2876795 4.7636249 2.3748928 2.4572158 2.4087016 3.0284195 2.6607023 2.8991903 2.5877401 2.9430994 2.9085141 2.4926358 2.4388646 2.4186705 2.5958178 2.7033662 2.3118721 2.3025074 2.3491486 2.2457037 3.0114365 2.2313993 2.2300706 2.3656784 2.4607820 3.4051345 2.9085980 4.0140122 
Adig_XM_015901753.1                                   2.8142349 2.4333469 2.4981580 2.8207381 2.7738179 2.2960830 2.9353206 2.7346055 2.2701123 2.3814853 2.8484925 2.1402951 1.8162698 1.8995105 2.0943174 2.0726270 2.0345023 2.0300133 1.9960635 1.9537036 2.0379520 2.0733559 2.0749697 2.0603260 2.1465937 2.0498367 2.2465931 2.0967886 2.5174285 2.4608387 2.5386178 2.5089530 2.6132389 2.3755325 2.4139945 2.4180745 0.1709218 0.1852550 0.1778827 0.1521727 0.0022484 0.0000000 0.2205169 0.4601721 0.4328137 0.9514172 0.9058342 1.2886568 1.5396363 1.4587512 1.2567860 1.2464957 1.0249847 1.2102517 3.2015939 1.9118379 4.4135744 1.7664686 1.8499924 3.0822055 4.5832301 4.2876795 4.7636249 2.3748928 2.4572158 2.4087016 2.9889726 2.6513443 2.8891346 2.5877401 2.9209644 2.8985217 2.4837589 2.4257154 2.4186705 2.5958178 2.7074034 2.3118721 2.3025074 2.3491486 2.2457037 3.0114365 2.2313993 2.2300706 2.3656784 2.4607820 3.4051345 2.9085980 4.0140122 
