54
Dgig_XM_028540362.1                                   0.0000000 1.1294087 1.5985428 2.1977818 1.4127848 1.1271375 1.9289605 1.5816762 1.6328113 1.6088226 1.6184534 2.0111693 1.9576678 5.5309343 2.5591975 1.4295266 2.9344408 1.9793260 2.8329684 1.8806307 2.1360366 2.2405018 2.4887766 2.4817239 2.0876183 2.1616693 1.3354045 3.0393205 3.8779464 3.7983735 3.8867788 3.9937206 3.8867788 4.1045722 2.9048530 3.8372767 3.7609686 4.2284407 3.2431959 3.3317909 3.6720812 3.6607323 2.4801207 3.5771096 3.8614741 2.6085107 1.7396120 2.6722895 2.9006699 3.8516402 3.4889837 3.0357960 2.6173630 3.0328338 
Xesp_011821-T1                                        1.1294087 0.0000000 1.6743333 2.6301324 1.4442770 1.3409021 1.5825395 2.3877179 2.2574150 2.1366676 2.1516865 2.3249138 1.7070305 5.8945520 2.3166477 2.0247077 2.3753052 2.4048964 3.0975922 1.7640120 2.7624885 2.7323348 2.4588508 2.4545357 2.1686576 2.2619934 1.2707990 3.3711875 3.8812848 4.1878623 4.1719678 4.0219840 4.1719678 4.8367904 4.5716131 3.9184037 3.6670497 5.0698954 3.9247122 3.7319887 3.8225831 3.3667632 3.3271775 3.1768997 4.3292707 3.0708962 1.8009065 2.5799824 3.3111649 3.8635773 2.5977599 2.7333065 2.8218097 3.6482401 
Adig_XM_015896666.1                                   1.5985428 1.6743333 0.0000000 0.0349614 0.5355928 1.5061709 1.7333000 1.6156367 1.3296727 1.5513264 1.4774745 2.0177793 1.2389268 2.0895456 1.3251660 1.6936200 2.6279334 2.4607994 2.8745438 2.9878625 2.4588527 2.5776024 2.8531995 2.8411563 2.6978078 2.6709168 1.6884744 3.1899177 4.5293886 4.6413086 4.1379615 4.1838115 4.1764925 4.5042953 3.0968430 4.5774015 4.0915470 4.1084467 3.3984809 3.8094608 3.9417495 3.9988369 3.0012529 3.4842095 4.2283885 3.6237519 1.5461243 3.4575604 3.0847371 5.1127122 3.8927014 3.9672489 3.1541385 3.7847320 
Amil_Amillepora16238-RA                               2.1977818 2.6301324 0.0349614 0.0000000 0.6692473 2.1592344 2.3679228 1.9836772 1.5495415 1.9094760 1.7479737 2.3301680 1.6750575 1.9216208 1.4282349 1.8816671 3.4316992 2.8456082 3.4283546 4.3639064 2.8754456 3.0473954 3.4687585 3.4519901 3.4161341 3.4314846 2.2149879 3.9563724 5.2437761 5.3058793 4.8229888 4.9178026 5.0256536 5.0630085 3.5051475 5.6435051 4.9450405 4.7352863 4.5311445 4.6835338 4.5676770 4.5994208 3.4178886 3.9206504 4.3768606 4.6385241 1.7617904 4.2474625 3.9310935 6.0088383 4.6625405 4.8958452 3.7084086 4.1866574 
Gfas_gfas1.m1.13777.m1                                1.4127848 1.4442770 0.5355928 0.6692473 0.0000000 1.3735432 1.6084726 1.4580382 1.1806270 1.4140590 1.4699166 1.8524403 1.1313412 2.3224413 1.0751185 1.5521924 2.8656698 2.1966349 3.0582723 2.9718434 2.4770679 2.5624921 2.7625986 2.8278001 2.2485595 2.2627362 1.7240800 2.9832565 3.8403230 4.1490377 4.0717960 4.0671333 4.1997806 3.5516901 3.0577027 3.8935529 3.9442411 4.5559964 3.3316049 3.8056071 3.5081095 3.5840420 2.7024282 3.4226669 4.4486072 3.2619147 1.6548900 3.1764035 2.9180570 4.5130397 3.6042584 3.7646795 2.9795029 3.3389418 
Aque_Aqu2.1.24547_001                                 1.1271375 1.3409021 1.5061709 2.1592344 1.3735432 0.0000000 1.6531239 2.3164712 2.2500495 2.2172040 2.0037597 2.3572686 1.3492029 4.0432935 2.0401204 1.1673310 1.6667597 1.6373948 1.6178734 0.9404062 2.0297426 2.0708388 2.1609777 2.1572520 2.0759575 2.0904250 1.3750756 3.0472794 2.9967115 2.7747557 3.1977327 3.2111349 3.1977327 3.0688938 2.9052063 3.2356218 2.7892685 3.9054618 3.3229677 3.1623931 3.6194073 3.0300518 2.7114123 2.5449820 4.1533901 3.2787369 2.2541615 3.1689993 2.9754734 2.9310162 2.9023626 3.2213232 2.7396604 4.0253864 
Exapal_XM_021053572.2                                 1.9289605 1.5825395 1.7333000 2.3679228 1.6084726 1.6531239 0.0000000 1.3952583 1.4020101 1.6318156 1.5359236 1.8916506 1.8442180 3.6836761 2.5982140 1.6199366 3.0980651 2.4574920 2.7088110 2.6029358 2.4299851 2.4637362 2.5307209 2.5083363 2.3815098 2.3620066 1.6043437 2.5447721 4.1179961 3.9227702 3.8930365 3.7626782 3.8930365 4.2491818 2.8016075 3.7247133 3.4570934 4.4451637 2.7018896 3.3996483 3.5992906 3.2174197 3.3969240 4.0391488 4.6037355 3.0248105 1.4261650 2.6820975 2.4307986 3.6967334 3.3998149 3.2712314 2.6774681 2.7533192 
Sanmal_Sma_026558-T1                                  1.5816762 2.3877179 1.6156367 1.9836772 1.4580382 2.3164712 1.3952583 0.0000000 0.6848422 0.6346080 0.6501744 1.1461962 1.7583053 2.4957249 1.8157512 1.8681552 2.6894978 2.4710255 2.1619928 2.5155124 2.6417511 2.6690989 2.6357969 2.7152492 2.4810689 2.5003130 1.3069928 2.3481817 4.9197898 4.8000222 4.2955690 4.3251388 4.2955690 3.8366399 3.3625344 3.7114153 3.6282914 4.6253204 2.8571336 3.8808836 4.3818621 3.1722746 3.0477971 3.3458083 3.6712562 3.3706908 2.1200221 2.0863735 2.6146812 3.8408833 3.2684508 2.7859668 1.8726384 2.0799302 
Aaur_scaffold307.g8.t1                                1.6328113 2.2574150 1.3296727 1.5495415 1.1806270 2.2500495 1.4020101 0.6848422 0.0000000 0.6700249 0.5591012 1.2907672 1.3935840 2.1349286 1.2402288 1.7424625 2.3121520 2.4087125 2.0736731 2.6549079 2.3277993 2.2513683 2.4428819 2.4421643 2.3465501 2.4671993 1.2958368 2.1816586 4.6243151 4.5179956 4.0060014 4.1889456 4.0060014 5.1184127 3.6583838 3.6788461 3.7125013 4.5405864 3.0041839 3.4661349 3.6771242 3.4520421 3.3202030 3.0763529 3.2428081 2.6717691 1.9237340 2.0939255 2.1635087 3.3678750 2.5538174 2.8402014 2.2291150 2.0840232 
Nemnom_g8863.t1                                       1.6088226 2.1366676 1.5513264 1.9094760 1.4140590 2.2172040 1.6318156 0.6346080 0.6700249 0.0000000 0.2831363 1.3219226 1.5239128 2.3930113 1.4732382 1.5015934 2.3298290 2.4183564 2.2448442 2.3825217 2.2744557 2.3540992 2.3207190 2.3143776 2.5856628 2.5328297 1.2613044 2.1134357 4.1896529 4.1514429 4.6154623 4.2725287 4.6154623 4.9128131 3.7482856 3.9518085 3.8091789 4.9699942 2.8913641 3.5141490 4.1279356 3.3129643 3.4176706 3.0615514 3.6600847 2.7638950 2.2505656 2.2720305 2.1969064 2.8542884 2.6815351 2.6298123 2.1557370 2.3451184 
Rhoesc_Res_001243-T1                                  1.6184534 2.1516865 1.4774745 1.7479737 1.4699166 2.0037597 1.5359236 0.6501744 0.5591012 0.2831363 0.0000000 1.2837108 1.6574037 2.0553665 1.5786407 1.6241293 2.3263138 2.3992070 2.2349532 2.3902222 2.3468500 2.2236591 2.3959303 2.3891794 2.6030486 2.5483167 1.0315866 2.0019602 4.2035360 4.1480538 4.1290633 3.7947686 4.1290633 4.5556845 3.4423213 3.6661123 3.5964487 4.2447760 2.5189526 3.0913704 3.7489039 2.9230662 3.6768966 2.9849617 3.7924332 2.7300673 2.0422119 2.0963607 2.2802492 2.9495540 2.8257135 2.5666012 2.0569871 2.3130591 
Hvul_g9881_1                                          2.0111693 2.3249138 2.0177793 2.3301680 1.8524403 2.3572686 1.8916506 1.1461962 1.2907672 1.3219226 1.2837108 0.0000000 2.1254011 3.5261515 2.2482293 1.7292657 3.0545605 3.0214226 3.1612172 3.1951431 3.4870191 3.2603734 3.0615089 3.0534953 2.7609891 2.8275084 1.4794756 3.5397975 5.2256828 5.0388554 4.6448309 4.7453310 4.5591185 4.7193530 4.4176007 4.2192055 4.4452248 5.6943120 3.8809827 4.8298018 5.0125236 3.6237803 3.9898650 3.9768616 5.2890139 4.3370033 2.0254847 3.6950765 2.9220859 4.2754521 3.9736171 3.5850150 3.1515060 3.9874648 
Spis_XP_022777658_1                                   1.9576678 1.7070305 1.2389268 1.6750575 1.1313412 1.3492029 1.8442180 1.7583053 1.3935840 1.5239128 1.6574037 2.1254011 0.0000000 0.5491605 0.6759657 1.3985292 2.8814634 2.4916304 2.7261850 3.1131222 2.9987276 2.9804133 2.7460952 2.7431983 2.4792676 2.5928997 1.7316306 3.3169728 3.5098326 3.6747018 3.8726675 3.7195759 3.8726675 4.5423181 2.4047024 3.8564806 3.8327340 4.7240149 3.0453105 3.6171491 4.0365668 4.2045168 3.0533705 4.1434772 4.5932463 3.4812532 1.5416484 3.3612527 2.6765960 4.8720700 3.2773829 4.0006516 3.1135540 3.2504051 
Pocdam_XM_027198514.1                                 5.5309343 5.8945520 2.0895456 1.9216208 2.3224413 4.0432935 3.6836761 2.4957249 2.1349286 2.3930113 2.0553665 3.5261515 0.5491605 0.0000000 1.0487967 2.9267732 5.6949966 5.6748392 5.3153779 4.9155040 4.4349208 4.4867151 4.3938093 4.3938093 3.5233565 3.5833909 2.8609368 4.1322718 4.6251282 4.8213125 4.3459897 4.3459897 4.3459897 5.0662272 3.7526317 5.6069027 5.6612074 4.7901409 4.7300956 4.7070022 5.3189521 6.4652705 4.2836487 7.3161852 5.3032962 6.8541480 5.5434301 6.6040319 3.7205017 8.9999985 7.6070647 8.9105887 4.3451164 5.1344527 
Fspp_ffun1.m4.28521.m1                                2.5591975 2.3166477 1.3251660 1.4282349 1.0751185 2.0401204 2.5982140 1.8157512 1.2402288 1.4732382 1.5786407 2.2482293 0.6759657 1.0487967 0.0000000 1.5474063 3.7048328 2.5028876 3.8377946 4.9977063 3.1871450 3.2680899 3.1056437 3.1072683 2.9578064 3.3320525 2.6319628 4.0848888 4.5058784 4.4116102 4.4489457 4.4444617 4.4489457 4.5349442 2.7077059 4.1314076 4.4593114 5.3703083 3.9635093 4.1585157 4.7872895 4.4449830 3.4151323 4.6321433 5.0678102 4.6486334 1.6315350 3.8892169 3.4577495 5.5422878 3.9503517 4.5124925 3.4853275 3.5286763 
Stycar_maker-SC_scaffold4126-augustus-gene-0.7-mRNA-1 1.4295266 2.0247077 1.6936200 1.8816671 1.5521924 1.1673310 1.6199366 1.8681552 1.7424625 1.5015934 1.6241293 1.7292657 1.3985292 2.9267732 1.5474063 0.0000000 0.8223636 0.7182350 1.0254258 0.9844505 1.2241053 1.3898854 1.4102933 1.4102933 1.3568281 1.3568281 1.5060976 2.1586879 1.9863365 2.0724704 1.8234899 1.8234899 1.8234899 1.9675859 1.5018293 1.8212664 1.6354612 2.1210376 2.0143087 2.1360703 2.1328066 2.1985762 2.1473634 2.1010483 2.3743237 2.1236709 0.9622805 1.8257612 2.0763980 2.9264490 2.4889690 2.1455261 2.2661361 1.8437420 
Tetwil_g20446.t1                                      2.9344408 2.3753052 2.6279334 3.4316992 2.8656698 1.6667597 3.0980651 2.6894978 2.3121520 2.3298290 2.3263138 3.0545605 2.8814634 5.6949966 3.7048328 0.8223636 0.0000000 0.9381551 1.3844764 1.6067205 1.8700294 2.0282098 1.9235432 1.9260515 1.8540099 2.0058263 2.6471802 2.7759688 3.3565840 3.5625893 3.5481461 3.5623231 3.5481461 3.5363995 2.4723727 3.3327881 2.9820506 4.1980202 2.6562911 3.8907719 3.8678648 3.1457614 2.6902178 2.6054752 3.1203645 3.4463838 1.4778989 2.8757252 2.8105914 4.1662093 3.3723461 3.3252229 3.3477557 4.0142189 
Spolac_c101642_g1_i1_m.26282c101642-g1                1.9793260 2.4048964 2.4607994 2.8456082 2.1966349 1.6373948 2.4574920 2.4710255 2.4087125 2.4183564 2.3992070 3.0214226 2.4916304 5.6748392 2.5028876 0.7182350 0.9381551 0.0000000 1.6724452 1.3708575 1.8175245 1.7959073 1.9104116 1.9104116 1.7822015 1.9245890 1.9805203 2.5668176 3.3209453 3.4650539 3.3048742 3.2765224 3.3048742 3.8954470 2.6600766 3.1990948 2.9362761 3.8777208 2.7847144 3.1621928 3.1998482 2.6282977 2.6975262 2.6399763 2.4022299 2.5549936 1.7027383 2.3103735 2.7616782 3.1631675 3.0600360 2.8227195 3.2797127 2.9747692 
Opea_EP00118_Oscarella_pearsei_P026565                2.8329684 3.0975922 2.8745438 3.4283546 3.0582723 1.6178734 2.7088110 2.1619928 2.0736731 2.2448442 2.2349532 3.1612172 2.7261850 5.3153779 3.8377946 1.0254258 1.3844764 1.6724452 0.0000000 2.5325454 2.1682815 2.2935128 2.2965029 2.2965029 2.3605523 2.3942678 2.6507750 3.8554374 4.1053798 3.8835334 4.6899621 4.6855767 4.6899621 4.3646807 2.7239537 4.3433852 3.7012108 4.6963718 3.0497612 4.4139541 4.3014960 3.3190479 2.5896305 2.9461749 3.1601273 3.5706212 1.7102878 3.7051195 3.0644659 4.7701320 4.2023669 3.6064716 3.7543243 4.3691637 
Halamb_c36365_g1_i1m.9281                             1.8806307 1.7640120 2.9878625 4.3639064 2.9718434 0.9404062 2.6029358 2.5155124 2.6549079 2.3825217 2.3902222 3.1951431 3.1131222 4.9155040 4.9977063 0.9844505 1.6067205 1.3708575 2.5325454 0.0000000 2.1340063 2.2581371 2.0084169 2.0035984 2.1848778 2.2781153 2.7794481 3.2289366 2.7166198 2.8941692 3.2598255 3.2704537 3.2598255 2.7236240 1.5977350 2.4250361 2.2270146 3.6666995 2.0426979 2.8813895 3.0809701 2.8166014 3.2515991 3.3304622 4.5069860 3.9789908 1.5692785 3.3852989 2.8998149 4.2845417 3.9405919 3.1450395 3.8245144 3.6662282 
HoiH23_PlH23_003743-RA                                2.1360366 2.7624885 2.4588527 2.8754456 2.4770679 2.0297426 2.4299851 2.6417511 2.3277993 2.2744557 2.3468500 3.4870191 2.9987276 4.4349208 3.1871450 1.2241053 1.8700294 1.8175245 2.1682815 2.1340063 0.0000000 0.1555273 0.3016759 0.2897527 0.6383818 0.6244857 2.5126198 3.9496183 3.9464071 4.1550975 4.5801595 4.6074863 4.5801595 4.0935106 3.0163582 4.0058412 3.8435217 4.7895261 3.2961206 4.1757471 3.9919977 2.5338931 3.2443834 3.5439463 3.8326699 4.1507659 2.1502132 4.2177708 3.9445372 4.5920265 4.4964137 3.6684657 4.1619261 3.0987726 
HoiH06_mRNA9994                                       2.2405018 2.7323348 2.5776024 3.0473954 2.5624921 2.0708388 2.4637362 2.6690989 2.2513683 2.3540992 2.2236591 3.2603734 2.9804133 4.4867151 3.2680899 1.3898854 2.0282098 1.7959073 2.2935128 2.2581371 0.1555273 0.0000000 0.2663843 0.2551666 0.5236954 0.5512087 2.4950481 3.6700749 4.0455403 4.2580040 4.8809226 4.9124918 4.8809226 4.3217880 3.1886398 4.1827457 3.8367171 5.1308503 3.4192251 4.1919120 3.9513302 2.7196614 3.3222943 3.4453611 4.1497437 3.9995721 2.2078166 4.5904178 3.6282398 4.4986843 5.4814545 3.6944861 4.0398625 3.2863435 
Hhon_g00340.t1                                        2.4887766 2.4588508 2.8531995 3.4687585 2.7625986 2.1609777 2.5307209 2.6357969 2.4428819 2.3207190 2.3959303 3.0615089 2.7460952 4.3938093 3.1056437 1.4102933 1.9235432 1.9104116 2.2965029 2.0084169 0.3016759 0.2663843 0.0000000 0.0071561 0.5862121 0.6016904 2.3036949 3.8435253 3.8756091 4.0418579 4.1575122 4.1777610 4.1575122 3.5807148 2.8322401 3.7993384 3.5834458 4.6624799 3.0504579 4.1145569 3.6379457 2.5668253 3.3697790 3.6804268 4.1463101 4.4557129 2.3791103 4.2537138 3.8059529 4.5125352 4.8229586 3.9452570 3.7511624 3.3347545 
HoiH04_mRNA8666                                       2.4817239 2.4545357 2.8411563 3.4519901 2.8278001 2.1572520 2.5083363 2.7152492 2.4421643 2.3143776 2.3891794 3.0534953 2.7431983 4.3938093 3.1072683 1.4102933 1.9260515 1.9104116 2.2965029 2.0035984 0.2897527 0.2551666 0.0071561 0.0000000 0.5850703 0.6004388 2.3036949 3.9581766 3.7590976 3.9183047 4.1528483 4.1730403 4.1528483 3.6859752 2.8322401 3.9033795 3.5788324 4.6562196 3.0504579 4.1092021 3.6333243 2.6023907 3.3780432 3.6804268 4.1463101 4.5115782 2.3791103 4.1059748 3.8018105 4.4736296 4.7818962 3.9328193 3.8567434 3.2331710 
TrH2_TrispH2_005699-RA                                2.0876183 2.1686576 2.6978078 3.4161341 2.2485595 2.0759575 2.3815098 2.4810689 2.3465501 2.5856628 2.6030486 2.7609891 2.4792676 3.5233565 2.9578064 1.3568281 1.8540099 1.7822015 2.3605523 2.1848778 0.6383818 0.5236954 0.5862121 0.5850703 0.0000000 0.0085046 2.2728850 3.5388626 3.8831110 4.0888064 4.4145354 4.4394541 4.4145354 3.8717046 3.0387282 3.2596503 3.5620106 4.5425160 3.4369623 3.8135697 3.6285439 2.2977391 2.9426881 3.5398187 3.9866995 3.4099335 2.2730169 3.3217813 3.1341158 3.6662116 4.3837530 2.9907591 3.3947046 2.8791784 
Tadh_TriadT53948                                      2.1616693 2.2619934 2.6709168 3.4314846 2.2627362 2.0904250 2.3620066 2.5003130 2.4671993 2.5328297 2.5483167 2.8275084 2.5928997 3.5833909 3.3320525 1.3568281 2.0058263 1.9245890 2.3942678 2.2781153 0.6244857 0.5512087 0.6016904 0.6004388 0.0085046 0.0000000 2.2637415 3.7902902 4.0808172 4.3128985 4.2589740 4.2589740 4.2589740 3.8274306 3.0387282 3.4281930 3.8536888 4.3045711 3.4369623 3.9902408 3.7649725 2.5106327 2.9558928 3.4549830 3.6934634 3.7171879 2.2730169 3.6166409 3.2174249 3.7017378 4.3664435 2.9335661 3.3888419 3.0107068 
Nvec_v1g245470                                        1.3354045 1.2707990 1.6884744 2.2149879 1.7240800 1.3750756 1.6043437 1.3069928 1.2958368 1.2613044 1.0315866 1.4794756 1.7316306 2.8609368 2.6319628 1.5060976 2.6471802 1.9805203 2.6507750 2.7794481 2.5126198 2.4950481 2.3036949 2.3036949 2.2728850 2.2637415 0.0000000 2.3360153 3.7420463 3.9338321 3.7284997 3.5905444 3.7284997 3.8821654 2.7099238 3.5877699 2.9704187 4.7119508 2.7567308 3.6477809 3.2781814 3.4831956 3.2492238 3.8271293 4.8714264 2.4917189 1.3240456 2.8317549 2.4917402 3.5990646 3.4699583 3.0647079 2.4024763 2.6086051 
Skow_XM_006823683.1                                   3.0393205 3.3711875 3.1899177 3.9563724 2.9832565 3.0472794 2.5447721 2.3481817 2.1816586 2.1134357 2.0019602 3.5397975 3.3169728 4.1322718 4.0848888 2.1586879 2.7759688 2.5668176 3.8554374 3.2289366 3.9496183 3.6700749 3.8435253 3.9581766 3.5388626 3.7902902 2.3360153 0.0000000 4.4330506 4.3121561 4.6099505 4.6397848 4.5435292 3.9560246 3.7440727 3.6571625 4.1821697 5.6245605 3.4786002 4.3473480 4.2314298 3.7989540 4.9381862 5.1912858 5.0309286 2.0009026 1.2332204 2.2754229 1.8406991 2.4084894 2.7206049 2.1609823 1.6909741 2.2543850 
Horcal_Hcv1.av93.c5.g1142.i1                          3.8779464 3.8812848 4.5293886 5.2437761 3.8403230 2.9967115 4.1179961 4.9197898 4.6243151 4.1896529 4.2035360 5.2256828 3.5098326 4.6251282 4.5058784 1.9863365 3.3565840 3.3209453 4.1053798 2.7166198 3.9464071 4.0455403 3.8756091 3.7590976 3.8831110 4.0808172 3.7420463 4.4330506 0.0000000 0.0756152 0.9929035 0.9868265 1.0379916 1.1054809 0.9831023 1.2110718 0.9942610 0.9151245 0.9738318 0.8308640 0.8448811 1.4924476 3.8887589 3.9708400 4.3802598 5.6791914 2.9099519 5.2454101 4.9790692 5.5954774 4.2969900 4.2174953 5.9669966 4.8062944 
Pbac_sb2644579                                        3.7983735 4.1878623 4.6413086 5.3058793 4.1490377 2.7747557 3.9227702 4.8000222 4.5179956 4.1514429 4.1480538 5.0388554 3.6747018 4.8213125 4.4116102 2.0724704 3.5625893 3.4650539 3.8835334 2.8941692 4.1550975 4.2580040 4.0418579 3.9183047 4.0888064 4.3128985 3.9338321 4.3121561 0.0756152 0.0000000 0.9708226 0.9646821 1.0151259 1.1018779 0.9526157 1.2147785 0.9914766 0.8747146 0.9700985 0.8409135 0.8740189 1.4460460 3.7364955 3.7167224 4.0534773 5.3954836 3.0971681 5.2168571 4.9827813 5.2823044 4.1539558 4.0924270 5.1771210 4.2655279 
Bolinf_Binf_sb1228320                                 3.8867788 4.1719678 4.1379615 4.8229888 4.0717960 3.1977327 3.8930365 4.2955690 4.0060014 4.6154623 4.1290633 4.6448309 3.8726675 4.3459897 4.4489457 1.8234899 3.5481461 3.3048742 4.6899621 3.2598255 4.5801595 4.8809226 4.1575122 4.1528483 4.4145354 4.2589740 3.7284997 4.6099505 0.9929035 0.9708226 0.0000000 0.0000010 0.0258765 0.9722489 0.7890537 1.0587174 0.9865434 0.7221099 0.7521785 0.8121684 0.7872165 1.2625972 5.4899251 4.4184345 4.5219567 5.0083794 3.2268614 5.7335492 4.6067290 6.0342258 5.3481679 5.0517525 5.7029454 4.2666189 
Mertsp_Mesp_sb570092                                  3.9937206 4.0219840 4.1838115 4.9178026 4.0671333 3.2111349 3.7626782 4.3251388 4.1889456 4.2725287 3.7947686 4.7453310 3.7195759 4.3459897 4.4444617 1.8234899 3.5623231 3.2765224 4.6855767 3.2704537 4.6074863 4.9124918 4.1777610 4.1730403 4.4394541 4.2589740 3.5905444 4.6397848 0.9868265 0.9646821 0.0000010 0.0000000 0.0269508 0.9722489 0.7890537 0.9935574 0.9429360 0.7221099 0.7521785 0.7697979 0.7415806 1.2559262 5.3729841 4.3362921 4.5875610 5.0191758 3.2268614 5.4799808 4.3908130 5.7984020 5.1300128 4.7526953 5.6308825 3.9596850 
Bolinf_Binf_sb1228322                                 3.8867788 4.1719678 4.1764925 5.0256536 4.1997806 3.1977327 3.8930365 4.2955690 4.0060014 4.6154623 4.1290633 4.5591185 3.8726675 4.3459897 4.4489457 1.8234899 3.5481461 3.3048742 4.6899621 3.2598255 4.5801595 4.8809226 4.1575122 4.1528483 4.4145354 4.2589740 3.7284997 4.5435292 1.0379916 1.0151259 0.0258765 0.0269508 0.0000000 0.9756813 0.7919531 1.0559518 1.0359333 0.7804243 0.8333133 0.8745484 0.8480471 1.2808749 5.3707675 4.3504036 4.4737782 4.9320033 2.9953653 5.4378046 4.4576125 5.6968588 5.0550403 5.2587064 5.5906855 4.2666189 
Coemet_Cmet_scaffold19804_01                          4.1045722 4.8367904 4.5042953 5.0630085 3.5516901 3.0688938 4.2491818 3.8366399 5.1184127 4.9128131 4.5556845 4.7193530 4.5423181 5.0662272 4.5349442 1.9675859 3.5363995 3.8954470 4.3646807 2.7236240 4.0935106 4.3217880 3.5807148 3.6859752 3.8717046 3.8274306 3.8821654 3.9560246 1.1054809 1.1018779 0.9722489 0.9722489 0.9756813 0.0000000 0.0306905 0.5956062 0.8075450 0.9082082 0.8153449 1.0181238 0.9650206 1.2215832 5.2939752 5.6895227 6.5351678 5.8588635 2.9862756 5.0653995 5.0112299 7.3739632 4.4810156 5.0424308 5.4598164 5.2788714 
Coeast_Cast_sb757733                                  2.9048530 4.5716131 3.0968430 3.5051475 3.0577027 2.9052063 2.8016075 3.3625344 3.6583838 3.7482856 3.4423213 4.4176007 2.4047024 3.7526317 2.7077059 1.5018293 2.4723727 2.6600766 2.7239537 1.5977350 3.0163582 3.1886398 2.8322401 2.8322401 3.0387282 3.0387282 2.7099238 3.7440727 0.9831023 0.9526157 0.7890537 0.7890537 0.7919531 0.0306905 0.0000000 0.4130410 0.5171134 0.6731820 0.7659041 0.8019751 0.8692599 0.9832405 4.6637322 4.5205347 4.7852340 5.1538468 2.9111390 3.8261173 3.5623223 5.5474324 3.4488593 4.0981857 4.7623302 3.3301250 
Vmul_SimC387778                                       3.8372767 3.9184037 4.5774015 5.6435051 3.8935529 3.2356218 3.7247133 3.7114153 3.6788461 3.9518085 3.6661123 4.2192055 3.8564806 5.6069027 4.1314076 1.8212664 3.3327881 3.1990948 4.3433852 2.4250361 4.0058412 4.1827457 3.7993384 3.9033795 3.2596503 3.4281930 3.5877699 3.6571625 1.2110718 1.2147785 1.0587174 0.9935574 1.0559518 0.5956062 0.4130410 0.0000000 0.7764002 0.9490797 0.6528870 0.8570624 0.9417742 1.1151364 4.9952438 4.6901468 4.9345506 4.2701111 2.8185993 4.1949835 4.5720239 6.1020166 4.0403982 4.5523429 5.4241324 4.1825618 
Lampan_Lpan_8615_01                                   3.7609686 3.6670497 4.0915470 4.9450405 3.9442411 2.7892685 3.4570934 3.6282914 3.7125013 3.8091789 3.5964487 4.4452248 3.8327340 5.6612074 4.4593114 1.6354612 2.9820506 2.9362761 3.7012108 2.2270146 3.8435217 3.8367171 3.5834458 3.5788324 3.5620106 3.8536888 2.9704187 4.1821697 0.9942610 0.9914766 0.9865434 0.9429360 1.0359333 0.8075450 0.5171134 0.7764002 0.0000000 0.7554598 0.6503052 0.7331457 0.8847565 1.2287219 4.0948153 4.0541254 4.6952533 5.7902361 2.8583045 4.6084063 4.2396677 5.7278745 4.9396953 5.2027237 5.5327679 3.7229215 
Drygla_Dgla_sb292747                                  4.2284407 5.0698954 4.1084467 4.7352863 4.5559964 3.9054618 4.4451637 4.6253204 4.5405864 4.9699942 4.2447760 5.6943120 4.7240149 4.7901409 5.3703083 2.1210376 4.1980202 3.8777208 4.6963718 3.6666995 4.7895261 5.1308503 4.6624799 4.6562196 4.5425160 4.3045711 4.7119508 5.6245605 0.9151245 0.8747146 0.7221099 0.7221099 0.7804243 0.9082082 0.6731820 0.9490797 0.7554598 0.0000000 0.3471354 0.4775248 0.5238387 1.3281930 5.1905947 4.7502113 5.6657730 6.3304703 3.4937108 4.6631725 4.5329068 6.3659491 5.0706752 5.7087769 6.1185209 5.1674085 
Bolinf_Binf_sb1225616                                 3.2431959 3.9247122 3.3984809 4.5311445 3.3316049 3.3229677 2.7018896 2.8571336 3.0041839 2.8913641 2.5189526 3.8809827 3.0453105 4.7300956 3.9635093 2.0143087 2.6562911 2.7847144 3.0497612 2.0426979 3.2961206 3.4192251 3.0504579 3.0504579 3.4369623 3.4369623 2.7567308 3.4786002 0.9738318 0.9700985 0.7521785 0.7521785 0.8333133 0.8153449 0.7659041 0.6528870 0.6503052 0.3471354 0.0000000 0.2361883 0.3970659 1.0354164 3.9249633 3.7274892 4.2875091 4.7886934 3.1600312 3.7743665 3.4205807 4.0152840 3.5321997 3.7292188 4.1531815 3.3109797 
Mlei_ML0400.g18.i1                                    3.3317909 3.7319887 3.8094608 4.6835338 3.8056071 3.1623931 3.3996483 3.8808836 3.4661349 3.5141490 3.0913704 4.8298018 3.6171491 4.7070022 4.1585157 2.1360703 3.8907719 3.1621928 4.4139541 2.8813895 4.1757471 4.1919120 4.1145569 4.1092021 3.8135697 3.9902408 3.6477809 4.3473480 0.8308640 0.8409135 0.8121684 0.7697979 0.8745484 1.0181238 0.8019751 0.8570624 0.7331457 0.4775248 0.2361883 0.0000000 0.4559746 1.1446984 4.2577228 3.9900557 5.2539536 4.8361195 2.8872318 4.1058654 3.7639334 4.9380126 4.2765732 5.0440561 5.0682133 4.5166401 
Beraby_Baby_sb322894                                  3.6720812 3.8225831 3.9417495 4.5676770 3.5081095 3.6194073 3.5992906 4.3818621 3.6771242 4.1279356 3.7489039 5.0125236 4.0365668 5.3189521 4.7872895 2.1328066 3.8678648 3.1998482 4.3014960 3.0809701 3.9919977 3.9513302 3.6379457 3.6333243 3.6285439 3.7649725 3.2781814 4.2314298 0.8448811 0.8740189 0.7872165 0.7415806 0.8480471 0.9650206 0.8692599 0.9417742 0.8847565 0.5238387 0.3970659 0.4559746 0.0000000 1.4159450 4.1023513 3.7469113 4.5142888 5.1618561 3.0176186 4.3752563 4.1813335 4.8380372 4.6676301 4.6418793 5.8306031 4.4155070 
Eupdun_Edun_sb10628346                                3.6607323 3.3667632 3.9988369 4.5994208 3.5840420 3.0300518 3.2174197 3.1722746 3.4520421 3.3129643 2.9230662 3.6237803 4.2045168 6.4652705 4.4449830 2.1985762 3.1457614 2.6282977 3.3190479 2.8166014 2.5338931 2.7196614 2.5668253 2.6023907 2.2977391 2.5106327 3.4831956 3.7989540 1.4924476 1.4460460 1.2625972 1.2559262 1.2808749 1.2215832 0.9832405 1.1151364 1.2287219 1.3281930 1.0354164 1.1446984 1.4159450 0.0000000 3.8364063 3.6941098 3.9960859 4.8649094 3.2131604 4.7402699 3.9299835 5.5062045 4.2831862 4.1201838 4.0385976 4.0285143 
Gracom_Gcom_scaffold15181_01                          2.4801207 3.3271775 3.0012529 3.4178886 2.7024282 2.7114123 3.3969240 3.0477971 3.3202030 3.4176706 3.6768966 3.9898650 3.0533705 4.2836487 3.4151323 2.1473634 2.6902178 2.6975262 2.5896305 3.2515991 3.2443834 3.3222943 3.3697790 3.3780432 2.9426881 2.9558928 3.2492238 4.9381862 3.8887589 3.7364955 5.4899251 5.3729841 5.3707675 5.2939752 4.6637322 4.9952438 4.0948153 5.1905947 3.9249633 4.2577228 4.1023513 3.8364063 0.0000000 1.0253242 1.5766625 4.7679120 4.1695929 5.9515516 3.9543159 4.9950847 5.0931100 4.0926098 3.6609300 3.9970462 
Leuniv_Lniv_C797038_01                                3.5771096 3.1768997 3.4842095 3.9206504 3.4226669 2.5449820 4.0391488 3.3458083 3.0763529 3.0615514 2.9849617 3.9768616 4.1434772 7.3161852 4.6321433 2.1010483 2.6054752 2.6399763 2.9461749 3.3304622 3.5439463 3.4453611 3.6804268 3.6804268 3.5398187 3.4549830 3.8271293 5.1912858 3.9708400 3.7167224 4.4184345 4.3362921 4.3504036 5.6895227 4.5205347 4.6901468 4.0541254 4.7502113 3.7274892 3.9900557 3.7469113 3.6941098 1.0253242 0.0000000 1.6942120 5.4259739 3.0431622 5.3190798 3.8266739 5.3015765 5.5070127 4.0267176 4.6583960 4.9356671 
Lcom_lcpid105629                                      3.8614741 4.3292707 4.2283885 4.3768606 4.4486072 4.1533901 4.6037355 3.6712562 3.2428081 3.6600847 3.7924332 5.2890139 4.5932463 5.3032962 5.0678102 2.3743237 3.1203645 2.4022299 3.1601273 4.5069860 3.8326699 4.1497437 4.1463101 4.1463101 3.9866995 3.6934634 4.8714264 5.0309286 4.3802598 4.0534773 4.5219567 4.5875610 4.4737782 6.5351678 4.7852340 4.9345506 4.6952533 5.6657730 4.2875091 5.2539536 4.5142888 3.9960859 1.5766625 1.6942120 0.0000000 5.6267172 3.3320779 5.0239706 5.0356436 5.9033183 5.9159727 4.3181183 4.6158661 3.8386952 
Hsap_ENST00000427312                                  2.6085107 3.0708962 3.6237519 4.6385241 3.2619147 3.2787369 3.0248105 3.3706908 2.6717691 2.7638950 2.7300673 4.3370033 3.4812532 6.8541480 4.6486334 2.1236709 3.4463838 2.5549936 3.5706212 3.9789908 4.1507659 3.9995721 4.4557129 4.5115782 3.4099335 3.7171879 2.4917189 2.0009026 5.6791914 5.3954836 5.0083794 5.0191758 4.9320033 5.8588635 5.1538468 4.2701111 5.7902361 6.3304703 4.7886934 4.8361195 5.1618561 4.8649094 4.7679120 5.4259739 5.6267172 0.0000000 2.0465937 2.3212740 2.2722879 2.7901086 2.6503549 2.4769389 2.2905638 2.7400728 
Ctel_gnl_WGS_AMQN_CAPTEDRAFT_mRNA28376                1.7396120 1.8009065 1.5461243 1.7617904 1.6548900 2.2541615 1.4261650 2.1200221 1.9237340 2.2505656 2.0422119 2.0254847 1.5416484 5.5434301 1.6315350 0.9622805 1.4778989 1.7027383 1.7102878 1.5692785 2.1502132 2.2078166 2.3791103 2.3791103 2.2730169 2.2730169 1.3240456 1.2332204 2.9099519 3.0971681 3.2268614 3.2268614 2.9953653 2.9862756 2.9111390 2.8185993 2.8583045 3.4937108 3.1600312 2.8872318 3.0176186 3.2131604 4.1695929 3.0431622 3.3320779 2.0465937 0.0000000 0.7005272 1.1421669 1.3677987 0.9007500 1.1852331 2.2054099 1.7752755 
Tcas_TC030560_001                                     2.6722895 2.5799824 3.4575604 4.2474625 3.1764035 3.1689993 2.6820975 2.0863735 2.0939255 2.2720305 2.0963607 3.6950765 3.3612527 6.6040319 3.8892169 1.8257612 2.8757252 2.3103735 3.7051195 3.3852989 4.2177708 4.5904178 4.2537138 4.1059748 3.3217813 3.6166409 2.8317549 2.2754229 5.2454101 5.2168571 5.7335492 5.4799808 5.4378046 5.0653995 3.8261173 4.1949835 4.6084063 4.6631725 3.7743665 4.1058654 4.3752563 4.7402699 5.9515516 5.3190798 5.0239706 2.3212740 0.7005272 0.0000000 1.8355374 2.3416361 1.0985808 1.7714173 2.9917152 2.4132021 
Cgig_XM_034447839.1                                   2.9006699 3.3111649 3.0847371 3.9310935 2.9180570 2.9754734 2.4307986 2.6146812 2.1635087 2.1969064 2.2802492 2.9220859 2.6765960 3.7205017 3.4577495 2.0763980 2.8105914 2.7616782 3.0644659 2.8998149 3.9445372 3.6282398 3.8059529 3.8018105 3.1341158 3.2174249 2.4917402 1.8406991 4.9790692 4.9827813 4.6067290 4.3908130 4.4576125 5.0112299 3.5623223 4.5720239 4.2396677 4.5329068 3.4205807 3.7639334 4.1813335 3.9299835 3.9543159 3.8266739 5.0356436 2.2722879 1.1421669 1.8355374 0.0000000 2.3540882 1.8840872 1.7600405 2.3918100 2.8925784 
Acagra_model.g16487.t1                                3.8516402 3.8635773 5.1127122 6.0088383 4.5130397 2.9310162 3.6967334 3.8408833 3.3678750 2.8542884 2.9495540 4.2754521 4.8720700 8.9999985 5.5422878 2.9264490 4.1662093 3.1631675 4.7701320 4.2845417 4.5920265 4.4986843 4.5125352 4.4736296 3.6662116 3.7017378 3.5990646 2.4084894 5.5954774 5.2823044 6.0342258 5.7984020 5.6968588 7.3739632 5.5474324 6.1020166 5.7278745 6.3659491 4.0152840 4.9380126 4.8380372 5.5062045 4.9950847 5.3015765 5.9033183 2.7901086 1.3677987 2.3416361 2.3540882 0.0000000 2.0915334 2.1374386 2.9550514 2.8638167 
Dpul_mRNA29113                                        3.4889837 2.5977599 3.8927014 4.6625405 3.6042584 2.9023626 3.3998149 3.2684508 2.5538174 2.6815351 2.8257135 3.9736171 3.2773829 7.6070647 3.9503517 2.4889690 3.3723461 3.0600360 4.2023669 3.9405919 4.4964137 5.4814545 4.8229586 4.7818962 4.3837530 4.3664435 3.4699583 2.7206049 4.2969900 4.1539558 5.3481679 5.1300128 5.0550403 4.4810156 3.4488593 4.0403982 4.9396953 5.0706752 3.5321997 4.2765732 4.6676301 4.2831862 5.0931100 5.5070127 5.9159727 2.6503549 0.9007500 1.0985808 1.8840872 2.0915334 0.0000000 1.6479352 3.0218174 2.7844980 
Cscu_XM_023376814.1                                   3.0357960 2.7333065 3.9672489 4.8958452 3.7646795 3.2213232 3.2712314 2.7859668 2.8402014 2.6298123 2.5666012 3.5850150 4.0006516 8.9105887 4.5124925 2.1455261 3.3252229 2.8227195 3.6064716 3.1450395 3.6684657 3.6944861 3.9452570 3.9328193 2.9907591 2.9335661 3.0647079 2.1609823 4.2174953 4.0924270 5.0517525 4.7526953 5.2587064 5.0424308 4.0981857 4.5523429 5.2027237 5.7087769 3.7292188 5.0440561 4.6418793 4.1201838 4.0926098 4.0267176 4.3181183 2.4769389 1.1852331 1.7714173 1.7600405 2.1374386 1.6479352 0.0000000 2.2739056 3.2166063 
Bralan_BLAG04000996_1                                 2.6173630 2.8218097 3.1541385 3.7084086 2.9795029 2.7396604 2.6774681 1.8726384 2.2291150 2.1557370 2.0569871 3.1515060 3.1135540 4.3451164 3.4853275 2.2661361 3.3477557 3.2797127 3.7543243 3.8245144 4.1619261 4.0398625 3.7511624 3.8567434 3.3947046 3.3888419 2.4024763 1.6909741 5.9669966 5.1771210 5.7029454 5.6308825 5.5906855 5.4598164 4.7623302 5.4241324 5.5327679 6.1185209 4.1531815 5.0682133 5.8306031 4.0385976 3.6609300 4.6583960 4.6158661 2.2905638 2.2054099 2.9917152 2.3918100 2.9550514 3.0218174 2.2739056 0.0000000 2.3200664 
Spur_XM_030999491.1                                   3.0328338 3.6482401 3.7847320 4.1866574 3.3389418 4.0253864 2.7533192 2.0799302 2.0840232 2.3451184 2.3130591 3.9874648 3.2504051 5.1344527 3.5286763 1.8437420 4.0142189 2.9747692 4.3691637 3.6662282 3.0987726 3.2863435 3.3347545 3.2331710 2.8791784 3.0107068 2.6086051 2.2543850 4.8062944 4.2655279 4.2666189 3.9596850 4.2666189 5.2788714 3.3301250 4.1825618 3.7229215 5.1674085 3.3109797 4.5166401 4.4155070 4.0285143 3.9970462 4.9356671 3.8386952 2.7400728 1.7752755 2.4132021 2.8925784 2.8638167 2.7844980 3.2166063 2.3200664 0.0000000 
