72
Eupdun_Edun_sb10623031                             0.0000000 0.0568613 0.4860007 0.4860007 0.7974128 0.7974128 1.0094515 0.8245674 0.8381270 0.6652484 0.7921175 0.7921175 0.7921175 0.8285358 0.7257391 1.0314874 1.0199765 1.5524942 2.9045330 3.0104697 3.1808264 3.0211627 2.7870790 9.0000000 2.7231761 3.0855806 2.8381341 2.6894496 2.7537230 2.5975790 2.8331880 2.8823755 2.8754219 3.0687132 2.9882309 2.5881749 2.5763966 2.5445900 2.5484417 2.7428925 2.6119051 3.3960953 2.7387345 3.3586565 3.3709776 3.3241963 3.3241963 3.3358188 3.3336612 3.6082068 3.8151520 8.9999990 3.9740352 4.3450319 4.6780127 0.0000010 4.7063260 3.7253438 2.6721355 3.6875512 3.7821633 4.8298091 3.6247525 3.7950726 3.3638722 4.3995162 3.8017656 3.1460135 3.2312291 3.3422679 3.6680365 2.8003694 
Eupdun_Edun_sb10623030                             0.0568613 0.0000000 0.5232750 0.5311339 0.6891094 0.6891094 1.0094515 0.7370576 0.7520314 0.6019247 0.6657564 0.6657564 0.6657564 0.6829579 0.6276481 0.9490046 0.9513597 1.5524942 2.4983332 2.6475408 2.6598302 2.8873067 2.4935009 5.5756031 2.5278507 2.4802940 2.6272788 2.3475754 2.4210057 2.2543502 2.4740589 2.4611466 2.5636292 2.6676176 2.5411363 2.2230524 2.2694178 2.2132473 2.1186683 2.4565490 2.1800861 3.3960953 2.5820486 3.1303808 3.1193273 2.9962571 2.9962571 3.0567734 3.0323233 2.7352885 3.1925660 3.2895556 3.5093058 3.2481836 3.3248786 0.0000010 4.7063260 2.7283941 2.6721355 3.0025855 2.7981744 3.0554184 3.2145050 4.1705146 2.9043151 3.4361784 3.3410030 2.8683324 2.7935314 2.8839888 2.8911139 2.3627404 
Mertsp_Mesp_sb535678                               0.4860007 0.5232750 0.0000000 0.0127523 0.4544209 0.4544209 0.4873097 0.4856587 0.4773869 0.4138316 0.6237117 0.6237117 0.6237117 0.6174380 0.6452536 0.6676078 0.6700392 1.6545906 2.6376462 2.8392423 2.9257542 2.7304193 2.6835080 9.0000000 2.6501118 2.5583118 2.5411287 2.2013724 2.3684144 1.5973814 2.4100641 2.3590940 2.3966154 2.3504855 2.4839280 2.4433611 2.4017470 2.1105518 2.2485443 2.5038810 2.6738488 3.3013102 2.3478958 2.7113372 2.7022596 2.6876215 2.6876215 2.6619495 2.5025775 3.1641953 3.5917386 4.3705410 3.3616694 3.6184061 3.6752145 0.0000010 4.7999873 3.0305353 2.6828833 3.4060326 3.1079454 2.5254073 3.2518223 3.7471307 3.4274129 3.5309144 3.5785204 2.7659812 2.9357439 3.1229639 2.8610813 2.7086444 
Mertsp_Mesp_sb535679                               0.4860007 0.5311339 0.0127523 0.0000000 0.4395979 0.4395979 0.4873097 0.4454866 0.4750856 0.4343327 0.6331148 0.6331148 0.6331148 0.6263477 0.6346884 0.6425327 0.6497442 1.6545906 2.4550565 2.6399049 2.7366415 2.6176839 2.5860153 9.0000000 2.4649474 2.5300233 2.4120480 2.1941001 2.3058292 1.7023188 2.4310671 2.3673900 2.4786109 2.3886832 2.5202666 2.4868436 2.2956154 2.0567165 2.2058407 2.4335318 2.6738488 3.3013102 2.2595706 2.6089751 2.5997292 2.6091153 2.6091153 2.5938226 2.5025775 3.1641953 3.5917386 4.1143490 3.2747259 3.5327130 3.6017409 0.0000010 4.7999873 2.9945844 2.6828833 3.3568237 3.2191192 2.4035493 3.2556195 3.7471307 3.3198789 3.4261264 3.4979857 2.6926017 2.8698290 3.0563400 2.8981784 2.6005615 
Vmul_sbMO401882                                    0.7974128 0.6891094 0.4544209 0.4395979 0.0000000 0.0165061 0.2753729 0.4644567 0.5307523 0.5309547 0.6047102 0.6047102 0.6047102 0.5859340 0.6159257 0.7184699 0.6994422 1.3778088 2.5454073 2.6821004 2.6917566 2.7484216 2.5333421 3.8508210 2.5796056 2.4005186 2.5595063 2.4145264 2.4574240 2.1615263 2.3139119 2.3425009 2.4802511 2.4874489 2.4483470 2.4512320 2.2416759 2.0883963 2.3533960 2.3392859 2.4891235 2.9571997 2.5134713 2.7253253 2.7434884 2.6621351 2.6689289 2.7483545 2.6116539 2.7496644 3.3258894 3.0749466 3.1438994 3.3030523 3.3112542 6.6505957 3.8959656 2.9146455 3.1461692 3.1995024 2.7072950 2.9176992 3.3840797 4.8037021 3.1426471 3.0943148 3.6590059 2.8332550 2.7819364 2.9519374 2.9577811 2.6026327 
Mlei_ML0156.g32.i1                                 0.7974128 0.6891094 0.4544209 0.4395979 0.0165061 0.0000000 0.1001928 0.4489915 0.5076437 0.5357700 0.4891268 0.4843042 0.5508697 0.5571877 0.5591726 0.6536763 0.6423067 0.4100062 2.2943933 2.2526994 2.2811847 2.3155745 1.9690746 1.3668064 2.2993246 2.4005186 2.2797772 2.1161321 2.3818004 2.1615263 2.3192775 2.2957036 2.3114839 2.3430728 2.2497486 2.3271903 2.2217294 2.0498103 2.2888889 2.3365203 2.5688749 2.5283580 2.2040854 2.1924766 2.1574725 2.1826176 2.2439877 2.1903622 1.9770387 2.6979050 2.8751877 3.0749466 3.6686505 3.7705113 3.7902288 2.9856395 3.9861057 3.4563278 4.4419425 3.9627688 3.0617094 3.2239880 3.2356068 3.7979798 2.9810714 3.2491904 3.5825848 2.4681298 2.7190464 2.7322876 3.1233334 2.8236249 
Bolinf_Binf_sb1219426                              1.0094515 1.0094515 0.4873097 0.4873097 0.2753729 0.1001928 0.0000000 0.1874411 0.2356784 0.3352858 0.4595427 0.3744903 0.3744903 0.3659811 0.3757603 0.3751910 0.3680730 0.4326862 1.7176269 1.7872387 1.7655415 1.7584600 1.7102722 1.3793534 1.6522177 2.1602467 1.8229985 1.7389281 2.3251302 0.0000010 1.9291692 1.8534913 1.7799369 1.8617814 1.8366490 1.8198643 1.8419862 1.7759392 1.9326994 1.9601960 1.9977547 1.9523252 1.8188263 1.6895781 1.6836538 1.8035424 1.9260704 1.7135840 1.7135840 2.2495541 2.1332778 0.0000010 2.7005671 3.5432573 3.4442052 3.1637655 3.2589200 2.9494671 2.8019537 3.6153255 2.3448762 6.6951191 2.3364395 2.3364395 2.3249325 2.5816448 2.3525540 2.1976233 2.5291477 2.2011499 2.2070928 2.1096727 
Beraby_Baby_sb342396                               0.8245674 0.7370576 0.4856587 0.4454866 0.4644567 0.4489915 0.1874411 0.0000000 0.4837944 0.5266474 0.5388278 0.5311589 0.5967780 0.6013642 0.6575749 0.6213054 0.6208604 0.4519102 2.1099042 2.1154371 2.1385057 2.2109669 1.9069315 1.4382211 2.1216593 2.3434836 2.0272637 2.1187008 2.3957649 2.0406277 2.5085867 2.3024888 2.2309664 2.2946166 2.3058862 2.3097684 2.3600959 2.1749023 2.2454731 2.4267021 2.5978321 2.7879273 2.0968885 2.2332948 2.2507880 2.2432567 2.2905046 2.1953957 1.9903530 2.8953874 3.0296421 3.2089793 3.5569517 3.8470451 3.9251981 3.1090020 3.8806692 3.3095191 3.9918025 4.2051877 3.1260549 3.5857449 3.0618261 3.2916109 2.9469875 3.3389451 3.2968851 2.4692622 2.8088552 2.5583699 2.8822144 2.9265296 
Drygla_Dgla_sb295424                               0.8381270 0.7520314 0.4773869 0.4750856 0.5307523 0.5076437 0.2356784 0.4837944 0.0000000 0.5757810 0.5538943 0.5795044 0.6538757 0.6667530 0.6863447 0.7470052 0.7356866 0.5556972 2.2150057 2.2539503 2.2688920 2.3109159 1.9040043 1.4860571 2.1685553 2.2746630 2.1746349 2.1916295 2.5364503 2.2145620 2.4988213 2.2892553 2.4386686 2.3577410 2.4145756 2.3263247 2.4135956 2.3182612 2.4317561 2.4833865 2.6487455 2.7357141 2.2200834 2.3240123 2.3239486 2.3126642 2.4104191 2.2695967 2.1439789 2.7484689 2.8790009 2.8194849 3.5246959 3.7727006 3.8288016 3.1248729 4.0036546 3.2573653 3.9689693 3.8443078 3.1642600 3.1834129 3.1216554 3.7623586 3.2017273 3.2308239 3.3170738 2.4420511 2.8269771 2.7768176 3.3720911 2.8818739 
Lampan_Lpan_14615_01                               0.6652484 0.6019247 0.4138316 0.4343327 0.5309547 0.5357700 0.3352858 0.5266474 0.5757810 0.0000000 0.4325941 0.4762182 0.5400120 0.5366476 0.5436428 0.6864108 0.6730397 0.4818921 2.0909964 2.2141292 2.1650111 2.0785893 1.8876167 1.3618057 2.1208080 2.3471580 2.1809854 2.1028419 2.3540268 2.1328466 2.4722108 2.3144591 2.5068640 2.4029975 2.3546885 2.4064009 2.4276479 2.1720334 2.1335276 2.2670382 2.5211877 2.6855347 2.2237344 2.3600730 2.3315531 2.3547763 2.4289573 2.3639696 2.1507450 2.5909774 2.9050688 3.1035913 3.5493386 3.9406535 4.0811588 2.8052421 3.9438276 3.1310763 3.9502125 3.9109375 2.9243714 3.0747274 3.0643933 3.4682716 2.9607900 3.0181283 3.2230062 2.1944588 2.7750328 2.6246350 3.0033004 2.8622440 
Coeast_Cast_sb794363                               0.7921175 0.6657564 0.6237117 0.6331148 0.6047102 0.4891268 0.4595427 0.5388278 0.5538943 0.4325941 0.0000000 0.0029871 0.0029871 0.0302554 0.2014274 0.6982663 0.6767529 0.6194243 2.1335057 2.1673199 2.1456224 2.1819122 2.0191952 1.5318907 2.0887779 2.3737270 2.0886896 2.0536879 2.5017678 2.0380480 2.1157149 2.0531729 2.1468792 2.1279826 2.1117465 2.1347645 2.1413179 2.0968241 2.1066697 2.2417289 2.3350413 2.3915488 2.2013451 2.2704652 2.2627648 2.2649751 2.2667135 2.2815266 2.1722049 2.3404445 2.5362330 2.6515072 3.0151544 3.0665033 2.9933535 2.7930315 3.1592858 2.9001942 2.7930786 3.2614891 2.4959108 2.8790690 2.7320879 3.4514527 2.6538197 2.6797330 2.7233584 2.2090892 2.5181475 2.6542317 2.6032954 2.4176689 
Coeast_Cast_sb794359                               0.7921175 0.6657564 0.6237117 0.6331148 0.6047102 0.4843042 0.3744903 0.5311589 0.5795044 0.4762182 0.0029871 0.0000000 0.0000010 0.0244422 0.2113851 0.6892772 0.6697967 0.5423584 2.3452692 2.2622015 2.2892450 2.3185528 1.9306592 1.4413006 2.1999129 2.3737270 2.2304271 2.0898305 2.4374340 2.0380480 2.2762509 2.1559815 2.2635965 2.2242671 2.3781593 2.3214224 2.2311791 2.2535043 2.2394460 2.4294457 2.5615540 2.7985528 2.3283532 2.1579428 2.1431898 2.1754946 2.2525917 2.1688506 2.0613620 2.5152514 2.7798086 2.6515072 3.3241069 3.4762896 3.3352851 2.7930315 3.4718563 3.0770759 3.7032480 3.6371019 2.7913189 3.0316919 3.0333224 3.7262163 2.9476129 2.9789380 3.1180704 2.2090892 2.5943546 2.6214435 3.0046085 2.8640998 
Coeast_Cast_sb794357                               0.7921175 0.6657564 0.6237117 0.6331148 0.6047102 0.5508697 0.3744903 0.5967780 0.6538757 0.5400120 0.0029871 0.0000010 0.0000000 0.0406775 0.2532125 0.7274166 0.7225576 0.5571486 2.4856401 2.3887066 2.4136359 2.4646371 1.9306592 1.4413006 2.3136752 2.3737270 2.2833569 2.1337324 2.4871291 2.0380480 2.4374817 2.2672515 2.3751745 2.3280933 2.4727393 2.5123113 2.3724390 2.2828409 2.3881828 2.5302499 2.6934553 2.8827045 2.4002286 2.1579428 2.1431898 2.1754946 2.2525917 2.1688506 2.0613620 2.6084952 2.8913647 2.6515072 3.4445657 3.5298087 3.4095346 2.7930315 3.5093677 3.2220103 4.0989622 3.7076038 2.9741129 3.0316919 3.1568196 3.8749113 3.0811857 3.0600535 3.2613894 2.2090892 2.5943546 2.6570530 3.1201552 2.9305522 
Coemet_Cmet_scaffold21920_01                       0.8285358 0.6829579 0.6174380 0.6263477 0.5859340 0.5571877 0.3659811 0.6013642 0.6667530 0.5366476 0.0302554 0.0244422 0.0406775 0.0000000 0.2338226 0.7387506 0.7280056 0.5522116 2.5158772 2.3915413 2.4137279 2.4527522 1.9307096 1.4344452 2.3295978 2.4089395 2.3347228 2.1848191 2.5271290 1.9785369 2.4608890 2.3114567 2.4461853 2.3644067 2.4964690 2.5011512 2.3600125 2.3316629 2.3918900 2.5356223 2.6740709 2.9722686 2.4294433 2.2359538 2.2538225 2.2629397 2.2910559 2.2698159 2.0924314 2.6723289 2.9755283 2.6383163 3.5706424 3.6147637 3.5632583 2.7930315 3.7395036 3.2278285 4.1097829 3.8845620 2.9399267 3.1981691 3.2523172 3.9130226 3.0535928 3.1497401 3.3230186 2.2217972 2.6280077 2.6549864 2.9582722 2.9102561 
Vmul_sbMO450091                                    0.7257391 0.6276481 0.6452536 0.6346884 0.6159257 0.5591726 0.3757603 0.6575749 0.6863447 0.5436428 0.2014274 0.2113851 0.2532125 0.2338226 0.0000000 0.6809699 0.6768154 0.5218682 2.3137175 2.2634612 2.3190208 2.3919089 1.9257496 1.5192636 2.2263549 2.4093073 2.3053607 2.1703283 2.5224953 1.8417738 2.4050245 2.2907986 2.3460759 2.2984399 2.3936093 2.3039804 2.3802769 2.3310633 2.3470807 2.5740025 2.6182616 2.8295686 2.4476361 2.2167647 2.2187558 2.2651263 2.3605387 2.2499039 2.1934498 2.6067481 2.7468565 3.0246737 3.1454952 3.5825391 3.3800446 2.9878146 3.4772456 3.2440792 3.4309554 3.5686918 2.8323118 3.2218762 3.2107546 3.8470507 2.9585227 3.2185253 3.3054349 2.4149414 2.5971335 2.5890901 2.9304063 2.9551823 
Pbac_sb2655889                                     1.0314874 0.9490046 0.6676078 0.6425327 0.7184699 0.6536763 0.3751910 0.6213054 0.7470052 0.6864108 0.6982663 0.6892772 0.7274166 0.7387506 0.6809699 0.0000000 0.0360047 0.6023140 2.1549530 2.1977088 2.1698536 2.1650087 1.9817874 1.4757338 2.2246706 2.5434039 2.2251914 2.1028334 2.4390117 1.8485480 2.6037689 2.3912344 2.4288686 2.4311131 2.4381373 2.2218548 2.2039864 2.1956548 2.1152157 2.3462062 2.5707895 2.9162420 2.2529770 2.2945624 2.3145249 2.3253110 2.3680288 2.3207049 2.1674127 2.5505463 2.6583678 3.0506171 3.2520831 3.8268155 3.8219652 2.8488328 3.3621447 3.0571484 3.3113862 3.7194766 2.9500676 3.0083495 3.1565697 3.6672752 2.8997627 3.0527335 3.3999862 2.4591322 2.8026175 2.6455834 2.7529099 2.5750312 
Horcal_Hcv1.av93.c2.g839.i1                        1.0199765 0.9513597 0.6700392 0.6497442 0.6994422 0.6423067 0.3680730 0.6208604 0.7356866 0.6730397 0.6767529 0.6697967 0.7225576 0.7280056 0.6768154 0.0360047 0.0000000 0.6027107 2.1738755 2.2318744 2.1940016 2.1773828 1.9597664 1.4757338 2.2175839 2.5080303 2.2870522 2.0789888 2.4112844 1.8251533 2.5471409 2.3278839 2.3754822 2.3754541 2.4074030 2.1827528 2.1654631 2.1516118 2.1249741 2.2963064 2.5989376 2.8138757 2.2080223 2.2577178 2.2743982 2.2911919 2.3349457 2.2898947 2.1432169 2.5442475 2.6614816 3.0302325 3.3638118 3.7888891 3.7959820 2.8488328 3.3022996 3.0080248 3.3089049 3.6648357 2.8831682 2.9722997 3.1071445 3.6133557 2.8373217 3.0006492 3.3792426 2.4679081 2.7575348 2.6765584 2.7422122 2.5728365 
Eupdun_Edun_sb10623033                             1.5524942 1.5524942 1.6545906 1.6545906 1.3778088 0.4100062 0.4326862 0.4519102 0.5556972 0.4818921 0.6194243 0.5423584 0.5571486 0.5522116 0.5218682 0.6023140 0.6027107 0.0000000 1.9584703 1.7573350 1.7785790 1.8154233 1.5278791 1.1598019 1.7349733 0.0000010 1.8195480 1.8919744 2.7613168 0.0000010 2.1870705 2.0161334 2.1023676 2.0717120 1.9896632 1.8754958 1.8245970 2.0879274 1.8264232 2.0284619 2.2495536 2.1135163 1.8204253 1.7460788 1.7440794 1.8453406 1.9477207 1.7605121 1.7605121 2.5416122 2.2836204 0.0000010 3.1087195 3.9380477 3.7339604 2.5902508 3.9083604 3.5382499 3.7255223 4.3454606 2.9444701 8.9999989 2.7723767 2.7723767 2.7786763 2.8027886 2.8963685 2.2749443 2.6591013 2.2792766 2.8976637 2.7373309 
Fspp_ffun1.m4.446.m1                               2.9045330 2.4983332 2.6376462 2.4550565 2.5454073 2.2943933 1.7176269 2.1099042 2.2150057 2.0909964 2.1335057 2.3452692 2.4856401 2.5158772 2.3137175 2.1549530 2.1738755 1.9584703 0.0000000 0.1668581 0.1394200 0.1706907 0.1827308 0.2652775 0.1802915 0.5110210 0.5401248 0.8598437 1.0768126 1.2735575 1.1997906 1.1785197 1.2621218 1.2205995 1.1267182 1.4243025 1.1780502 1.2177051 1.2157724 1.2571801 1.1939760 1.3416871 1.5368048 1.4867034 1.4658265 1.4160018 1.3982431 1.4467326 1.3856311 1.6015436 1.8527758 2.5141485 2.4701240 2.7108463 2.8214337 1.7893527 2.5923494 2.2432826 2.3719117 2.7065429 2.1777074 2.4274289 2.1008690 2.4341190 2.1304653 2.2515777 2.7784857 1.8026046 1.7254740 2.0566480 2.4148268 1.9651427 
Spis_XP_022799940_1                                3.0104697 2.6475408 2.8392423 2.6399049 2.6821004 2.2526994 1.7872387 2.1154371 2.2539503 2.2141292 2.1673199 2.2622015 2.3887066 2.3915413 2.2634612 2.1977088 2.2318744 1.7573350 0.1668581 0.0000000 0.0755049 0.2004891 0.2132407 0.2663607 0.2328319 0.5362791 0.5341275 0.7651869 0.9608886 1.4378390 1.1538599 1.0980103 1.1683214 1.1349111 1.0412952 1.3357216 1.1487832 1.1482721 1.1651877 1.2172508 1.2087420 1.3328436 1.4520191 1.4177382 1.4104969 1.3486619 1.3302867 1.3447974 1.2478353 1.4599094 1.6647377 2.5831434 2.4120010 2.8714019 2.8598757 1.8827533 2.3596507 2.2841173 2.2959531 2.9080192 2.3068450 2.6316381 2.0224427 2.2677962 2.1269784 2.1835377 2.5180940 1.7992635 1.7101508 2.0854343 2.3395436 1.8962220 
Pocdam_XM_027181625.1                              3.1808264 2.6598302 2.9257542 2.7366415 2.6917566 2.2811847 1.7655415 2.1385057 2.2688920 2.1650111 2.1456224 2.2892450 2.4136359 2.4137279 2.3190208 2.1698536 2.1940016 1.7785790 0.1394200 0.0755049 0.0000000 0.1773572 0.2049135 0.2639732 0.2150441 0.5619942 0.5440356 0.8390126 1.0383133 1.4030840 1.2210252 1.1548643 1.2062736 1.1733570 1.1050451 1.4425197 1.2123736 1.2113917 1.2118808 1.2460780 1.2890524 1.3725753 1.4983792 1.4402692 1.4263326 1.3841042 1.3638822 1.4120308 1.3180605 1.5045167 1.7220372 2.4566530 2.4871590 2.9167186 2.9216978 1.9299276 2.5716242 2.3668669 2.4531272 3.0396554 2.3175363 2.5906919 2.0511012 2.3174734 2.1999636 2.1942515 2.6161120 1.8386027 1.7723781 2.1375164 2.3813086 1.9304253 
Gasp_gasp1.m3.7276.m1                              3.0211627 2.8873067 2.7304193 2.6176839 2.7484216 2.3155745 1.7584600 2.2109669 2.3109159 2.0785893 2.1819122 2.3185528 2.4646371 2.4527522 2.3919089 2.1650087 2.1773828 1.8154233 0.1706907 0.2004891 0.1773572 0.0000000 0.1790412 0.1986863 0.1870166 0.5502458 0.5570580 0.8105732 0.9740804 1.5934470 1.1890222 1.1567459 1.1609787 1.1231056 1.1080659 1.3733575 1.2601402 1.2087639 1.2157506 1.2662968 1.3341026 1.2625867 1.5623470 1.3670867 1.3609436 1.3193474 1.3257804 1.3770190 1.2417049 1.6448498 1.7390854 2.8023458 2.5712776 2.7592405 2.8785048 1.8105085 2.5286031 2.4043787 2.4204697 3.0375078 2.3149463 2.8302939 1.9797028 2.1009712 2.1238858 2.1980437 2.4828557 1.8196558 1.8280783 2.1187556 2.5114480 2.1283151 
Amil_Amillepora00064-RA                            2.7870790 2.4935009 2.6835080 2.5860153 2.5333421 1.9690746 1.7102722 1.9069315 1.9040043 1.8876167 2.0191952 1.9306592 1.9306592 1.9307096 1.9257496 1.9817874 1.9597664 1.5278791 0.1827308 0.2132407 0.2049135 0.1790412 0.0000000 0.1085093 0.1291487 0.6075254 0.4098535 0.7033648 0.8758784 1.6368818 1.0096665 0.9691123 1.0410789 1.0070537 0.9012924 1.2128527 1.0445061 1.0744472 1.0949025 1.0982992 1.0051256 1.0406897 1.3253093 1.3092183 1.2957409 1.2711636 1.3177207 1.3465934 1.3158409 1.3425457 1.4364697 2.7664465 2.2614516 2.4944057 2.4297459 1.8130066 2.0813651 2.1971761 1.9910049 2.8260550 2.0509947 2.5082784 1.9550269 2.2358324 1.9287216 2.0382637 2.3954139 1.7662443 1.5944747 1.9877030 2.0887688 1.5782740 
Adig_XM_015900209.1                                9.0000000 5.5756031 9.0000000 9.0000000 3.8508210 1.3668064 1.3793534 1.4382211 1.4860571 1.3618057 1.5318907 1.4413006 1.4413006 1.4344452 1.5192636 1.4757338 1.4757338 1.1598019 0.2652775 0.2663607 0.2639732 0.1986863 0.1085093 0.0000000 0.1685924 2.4318821 0.5027004 0.5955863 0.9350036 2.2175528 0.8667691 0.7533512 0.7472535 0.7180320 0.5703381 0.8239369 0.6988165 0.7484078 0.7966522 0.7795805 1.0002825 1.0063292 0.8423015 1.1724593 1.1360804 1.1292822 1.2340448 1.2654121 1.2654121 1.0801335 1.2008223 1.9777638 2.0080829 2.4956271 2.2871161 1.7065339 1.7171467 2.0138301 1.9234394 2.7845984 1.9123773 2.3742594 1.3607649 1.3504649 1.2569538 1.3879803 1.5774061 1.2328206 1.3719176 1.5788147 1.6128093 1.4253587 
Gfas_gfas1.m1.532.m1                               2.7231761 2.5278507 2.6501118 2.4649474 2.5796056 2.2993246 1.6522177 2.1216593 2.1685553 2.1208080 2.0887779 2.1999129 2.3136752 2.3295978 2.2263549 2.2246706 2.2175839 1.7349733 0.1802915 0.2328319 0.2150441 0.1870166 0.1291487 0.1685924 0.0000000 0.5541604 0.5159014 0.7952167 0.9369772 1.5219834 1.0754663 1.0765809 1.0911456 1.0483106 1.0035585 1.3214664 1.1611286 1.2396251 1.2139911 1.2020856 1.1958536 1.1595302 1.4404178 1.4066384 1.4143835 1.3491870 1.3266140 1.4068336 1.3306666 1.5177946 1.6718628 2.5628666 2.5026630 2.8548530 2.8622999 1.7728186 2.5538830 2.4327862 2.3672310 2.7988906 2.3102718 2.9924296 2.0623334 2.2945025 2.1321097 2.2877267 2.5302302 1.8438314 1.7107939 2.0571865 2.3776462 1.8333731 
Nvec_v1g87802                                      3.0855806 2.4802940 2.5583118 2.5300233 2.4005186 2.4005186 2.1602467 2.3434836 2.2746630 2.3471580 2.3737270 2.3737270 2.3737270 2.4089395 2.4093073 2.5434039 2.5080303 0.0000010 0.5110210 0.5362791 0.5619942 0.5502458 0.6075254 2.4318821 0.5541604 0.0000000 0.4145160 1.0717370 1.0844274 1.6022365 1.3197483 1.2889611 1.3046059 1.3112113 1.3479912 1.4303387 1.3293617 1.6536736 1.4772191 1.4728983 1.3002231 1.2181337 1.9840625 1.7698251 1.6938979 1.7272963 1.7272963 1.7090107 1.5146752 1.6766891 2.1891705 3.0699579 2.5148133 2.7138447 2.7263505 0.0000010 2.4703638 2.6234653 2.4708688 2.9881379 2.2846885 2.5279163 2.7401620 3.6145049 2.6586883 2.7421380 3.4432432 2.2355029 1.9761677 1.9889592 2.4350131 1.7304189 
Exapal_XM_021062190.2                              2.8381341 2.6272788 2.5411287 2.4120480 2.5595063 2.2797772 1.8229985 2.0272637 2.1746349 2.1809854 2.0886896 2.2304271 2.2833569 2.3347228 2.3053607 2.2251914 2.2870522 1.8195480 0.5401248 0.5341275 0.5440356 0.5570580 0.4098535 0.5027004 0.5159014 0.4145160 0.0000000 0.8244799 0.9444094 1.5938782 1.1617135 1.1197890 1.1836723 1.1280436 1.1028673 1.2689784 1.1210173 1.1074792 1.1422417 1.2044908 1.1350464 1.2351574 1.4099234 1.3904038 1.3601772 1.3011333 1.3235598 1.3577910 1.3266226 1.4775720 1.6987291 2.9383771 2.3688362 2.7705629 2.6503898 1.8626418 2.4533258 2.2750455 2.5091953 2.9103043 2.3190649 2.6362133 2.1864620 2.4515718 2.0438338 2.2502762 2.4956942 1.7965055 1.7360418 2.1434574 2.2696090 1.7682757 
Dgig_XM_028548627.1                                2.6894496 2.3475754 2.2013724 2.1941001 2.4145264 2.1161321 1.7389281 2.1187008 2.1916295 2.1028419 2.0536879 2.0898305 2.1337324 2.1848191 2.1703283 2.1028334 2.0789888 1.8919744 0.8598437 0.7651869 0.8390126 0.8105732 0.7033648 0.5955863 0.7952167 1.0717370 0.8244799 0.0000000 0.2657943 1.3951629 1.2354596 1.1358305 1.1813062 1.1592897 1.0940289 1.4014242 1.1118801 1.1905592 1.2000128 1.1826569 1.2928915 1.2707037 1.3038987 1.6029296 1.5848922 1.5075063 1.5092880 1.5688860 1.5087884 1.6505286 1.7662557 2.2561223 2.2483779 2.7679007 2.6347832 1.9458200 2.4077774 2.3594059 2.1900821 3.0814058 2.5582144 2.3934288 2.1103478 2.4877610 2.1417997 2.1570327 2.6854619 1.7646181 1.8154001 2.0200680 2.0055247 1.8956503 
Xesp_000563-T1                                     2.7537230 2.4210057 2.3684144 2.3058292 2.4574240 2.3818004 2.3251302 2.3957649 2.5364503 2.3540268 2.5017678 2.4374340 2.4871291 2.5271290 2.5224953 2.4390117 2.4112844 2.7613168 1.0768126 0.9608886 1.0383133 0.9740804 0.8758784 0.9350036 0.9369772 1.0844274 0.9444094 0.2657943 0.0000000 1.3750590 1.4011346 1.2393638 1.3113100 1.2909045 1.2635901 1.4399718 1.3295568 1.3328151 1.2965331 1.4141641 1.3931437 1.3507379 1.4669296 1.7573330 1.6668974 1.6635066 1.6562216 1.6513318 1.5281464 1.8597509 1.8668215 2.5897510 2.4333586 2.9380459 2.8577614 2.4949765 2.9200155 2.5365158 2.6432754 3.1587897 2.6990547 2.7057797 2.4083895 2.8366607 2.4713917 2.4728925 3.0893627 1.9577358 1.9715705 2.3291028 2.2280759 1.9688787 
Hvul_g29089_1                                      2.5975790 2.2543502 1.5973814 1.7023188 2.1615263 2.1615263 0.0000010 2.0406277 2.2145620 2.1328466 2.0380480 2.0380480 2.0380480 1.9785369 1.8417738 1.8485480 1.8251533 0.0000010 1.2735575 1.4378390 1.4030840 1.5934470 1.6368818 2.2175528 1.5219834 1.6022365 1.5938782 1.3951629 1.3750590 0.0000000 0.7729194 0.7149206 0.8040655 0.7990108 0.7020162 0.7033575 1.1595419 1.5318408 1.4022891 1.4507414 1.3148486 0.0000010 1.7471533 2.1044515 1.9763020 2.0666813 2.0666813 2.0653994 2.2465540 2.1600614 2.1272488 2.8768905 2.3686819 2.6472322 2.6055675 0.0000010 0.0000010 2.5890662 0.0000010 2.3942944 2.8261966 2.5228024 2.2570011 4.2281633 2.1016297 1.9719172 3.3952595 1.9348070 1.9468176 2.1583334 1.9840523 1.9619557 
Sanmal_Sma_011923-T1                               2.8331880 2.4740589 2.4100641 2.4310671 2.3139119 2.3192775 1.9291692 2.5085867 2.4988213 2.4722108 2.1157149 2.2762509 2.4374817 2.4608890 2.4050245 2.6037689 2.5471409 2.1870705 1.1997906 1.1538599 1.2210252 1.1890222 1.0096665 0.8667691 1.0754663 1.3197483 1.1617135 1.2354596 1.4011346 0.7729194 0.0000000 0.3741059 0.4198165 0.3896625 0.5815073 0.9578262 1.4313290 1.5398936 1.4505672 1.3778416 1.5897080 0.9200679 1.7023999 1.6764214 1.6759998 1.5811089 1.6451548 1.6883509 1.6894254 1.8400817 1.9767268 2.9791486 2.7637545 2.9045753 2.9758826 1.8016980 2.8583925 2.7602526 2.7343590 3.1775801 3.0070482 2.3136203 2.3912721 2.8689519 2.4563147 2.5668543 2.8814656 1.8662201 1.9221305 2.1214588 2.4754739 2.3539145 
Aaur_scaffold451.g11.t1                            2.8823755 2.4611466 2.3590940 2.3673900 2.3425009 2.2957036 1.8534913 2.3024888 2.2892553 2.3144591 2.0531729 2.1559815 2.2672515 2.3114567 2.2907986 2.3912344 2.3278839 2.0161334 1.1785197 1.0980103 1.1548643 1.1567459 0.9691123 0.7533512 1.0765809 1.2889611 1.1197890 1.1358305 1.2393638 0.7149206 0.3741059 0.0000000 0.2383760 0.2056841 0.5030060 0.8716589 1.3643790 1.4078190 1.3475220 1.3549982 1.5608074 0.9003978 1.5498107 1.7041640 1.7153382 1.5874367 1.7003532 1.6940768 1.6847189 1.7196322 1.9254629 2.7621751 2.7353572 2.8985657 2.8791344 2.0053812 2.9195584 2.7107339 3.0259490 3.1435302 2.8768989 2.8003928 2.3698172 2.5525613 2.5635283 2.4738457 2.7292958 1.8797934 1.9156692 2.1497821 2.2158071 2.1370575 
Nemnom_g6567.t1                                    2.8754219 2.5636292 2.3966154 2.4786109 2.4802511 2.3114839 1.7799369 2.2309664 2.4386686 2.5068640 2.1468792 2.2635965 2.3751745 2.4461853 2.3460759 2.4288686 2.3754822 2.1023676 1.2621218 1.1683214 1.2062736 1.1609787 1.0410789 0.7472535 1.0911456 1.3046059 1.1836723 1.1813062 1.3113100 0.8040655 0.4198165 0.2383760 0.0000000 0.0995062 0.5269021 0.9007273 1.4650697 1.5076688 1.4094791 1.4165733 1.6086194 0.9143596 1.6854487 1.6949474 1.6732740 1.6074335 1.7111375 1.6454704 1.6344342 1.8195315 1.9785405 2.8965726 2.8370592 3.1221233 3.1175834 2.0207617 2.8951800 2.8281092 2.9891429 3.2073627 3.0243831 2.6553344 2.4288458 2.6992896 2.4710227 2.5635626 2.9166291 1.8513217 1.8799774 2.1955649 2.2599559 2.3090322 
Rhoesc_Res_016222-T1                               3.0687132 2.6676176 2.3504855 2.3886832 2.4874489 2.3430728 1.8617814 2.2946166 2.3577410 2.4029975 2.1279826 2.2242671 2.3280933 2.3644067 2.2984399 2.4311131 2.3754541 2.0717120 1.2205995 1.1349111 1.1733570 1.1231056 1.0070537 0.7180320 1.0483106 1.3112113 1.1280436 1.1592897 1.2909045 0.7990108 0.3896625 0.2056841 0.0995062 0.0000000 0.5538908 0.8788942 1.4673883 1.4948066 1.4289228 1.4024789 1.5920001 0.8771199 1.7043913 1.6511913 1.6434330 1.5806571 1.6694467 1.6459279 1.6298936 1.7816738 1.9281953 2.7464018 2.8170367 3.0531338 3.0582089 1.9525624 2.8312334 2.7906750 2.9905284 3.1475356 2.9416964 2.5415811 2.3615567 2.6535642 2.4325793 2.4547023 2.8221993 1.9013657 1.8783138 2.2513811 2.2631283 2.2429962 
Morvir_scaffold559.g4.t1                           2.9882309 2.5411363 2.4839280 2.5202666 2.4483470 2.2497486 1.8366490 2.3058862 2.4145756 2.3546885 2.1117465 2.3781593 2.4727393 2.4964690 2.3936093 2.4381373 2.4074030 1.9896632 1.1267182 1.0412952 1.1050451 1.1080659 0.9012924 0.5703381 1.0035585 1.3479912 1.1028673 1.0940289 1.2635901 0.7020162 0.5815073 0.5030060 0.5269021 0.5538908 0.0000000 0.9176025 1.4507845 1.4893005 1.3865329 1.4325342 1.5884523 0.9279444 1.6602891 1.5260886 1.5189711 1.4559650 1.5323057 1.5222921 1.5377860 1.8672736 1.9387511 2.7526547 2.7847862 3.0930787 3.0521819 2.0784896 2.9652864 2.9029647 2.7627123 3.1134245 2.8667294 2.4776655 2.3104591 2.6929921 2.3483702 2.4929244 2.7335990 1.8450479 1.9902537 2.0813744 2.4021317 2.3957490 
Chem_TCONS_00010000                                2.5881749 2.2230524 2.4433611 2.4868436 2.4512320 2.3271903 1.8198643 2.3097684 2.3263247 2.4064009 2.1347645 2.3214224 2.5123113 2.5011512 2.3039804 2.2218548 2.1827528 1.8754958 1.4243025 1.3357216 1.4425197 1.3733575 1.2128527 0.8239369 1.3214664 1.4303387 1.2689784 1.4014242 1.4399718 0.7033575 0.9578262 0.8716589 0.9007273 0.8788942 0.9176025 0.0000000 1.4996211 1.6305007 1.5818758 1.6434051 1.6450060 0.7531312 1.8794142 1.6068332 1.5975461 1.5636444 1.5716023 1.6520513 1.5790225 1.8847538 2.1290247 2.9758633 3.0101944 2.9930170 2.9782890 2.2805820 2.8575894 2.7759497 3.0164720 3.1993066 2.8767081 2.8283547 2.4405852 2.7916858 2.4530903 2.5758711 2.9625990 2.0003527 2.2155738 2.3087765 2.4380217 2.5174997 
Bralan_BLAG13000587_1                              2.5763966 2.2694178 2.4017470 2.2956154 2.2416759 2.2217294 1.8419862 2.3600959 2.4135956 2.4276479 2.1413179 2.2311791 2.3724390 2.3600125 2.3802769 2.2039864 2.1654631 1.8245970 1.1780502 1.1487832 1.2123736 1.2601402 1.0445061 0.6988165 1.1611286 1.3293617 1.1210173 1.1118801 1.3295568 1.1595419 1.4313290 1.3643790 1.4650697 1.4673883 1.4507845 1.4996211 0.0000000 0.8135003 0.8420909 0.8797868 0.8901091 1.5472460 0.9701063 1.5591064 1.5088921 1.4930565 1.5078413 1.5574473 1.4559714 1.2312368 1.4152320 3.0102666 2.6708344 2.5163400 2.5043022 2.0159588 2.4826458 2.3217698 2.6086075 2.8556214 2.4830226 2.4126937 2.1545325 2.4177213 2.1386000 2.1878035 2.4535163 1.7826851 1.6334602 1.8295652 2.0136702 1.7915377 
Skow_XM_006813029.1                                2.5445900 2.2132473 2.1105518 2.0567165 2.0883963 2.0498103 1.7759392 2.1749023 2.3182612 2.1720334 2.0968241 2.2535043 2.2828409 2.3316629 2.3310633 2.1956548 2.1516118 2.0879274 1.2177051 1.1482721 1.2113917 1.2087639 1.0744472 0.7484078 1.2396251 1.6536736 1.1074792 1.1905592 1.3328151 1.5318408 1.5398936 1.4078190 1.5076688 1.4948066 1.4893005 1.6305007 0.8135003 0.0000000 0.8795107 0.8799607 1.0490050 1.5814980 0.9526470 1.4429849 1.4394960 1.4087487 1.4129120 1.5067466 1.4335917 1.0962376 1.4932773 2.3759364 2.4464150 2.5266462 2.5087504 2.0945066 2.5630458 2.2016684 2.5551865 2.8696189 2.5224911 2.5375078 2.0310763 2.2677048 2.0552083 2.1321219 2.3994407 1.7398058 1.8831050 2.0964151 2.0637343 1.9042294 
Acagra_model.g24227.t1                             2.5484417 2.1186683 2.2485443 2.2058407 2.3533960 2.2888889 1.9326994 2.2454731 2.4317561 2.1335276 2.1066697 2.2394460 2.3881828 2.3918900 2.3470807 2.1152157 2.1249741 1.8264232 1.2157724 1.1651877 1.2118808 1.2157506 1.0949025 0.7966522 1.2139911 1.4772191 1.1422417 1.2000128 1.2965331 1.4022891 1.4505672 1.3475220 1.4094791 1.4289228 1.3865329 1.5818758 0.8420909 0.8795107 0.0000000 0.5261213 0.7659390 1.4843221 1.1004070 1.5534011 1.5256529 1.4734603 1.4257297 1.4866817 1.4084960 1.2593529 1.6051865 3.3086988 2.5740681 2.7230204 2.6911385 2.0960574 2.7284746 2.2897761 2.3421496 2.6823468 2.3929249 2.2321205 1.9638677 2.2250795 2.3520468 2.1875127 2.5840226 1.7584058 1.5522521 1.7790109 1.9386991 1.8117852 
Cgig_XM_011433783.3                                2.7428925 2.4565490 2.5038810 2.4335318 2.3392859 2.3365203 1.9601960 2.4267021 2.4833865 2.2670382 2.2417289 2.4294457 2.5302499 2.5356223 2.5740025 2.3462062 2.2963064 2.0284619 1.2571801 1.2172508 1.2460780 1.2662968 1.0982992 0.7795805 1.2020856 1.4728983 1.2044908 1.1826569 1.4141641 1.4507414 1.3778416 1.3549982 1.4165733 1.4024789 1.4325342 1.6434051 0.8797868 0.8799607 0.5261213 0.0000000 0.8337443 1.5205020 1.0998036 1.4344168 1.4320097 1.3718698 1.3763289 1.4384377 1.3789609 1.2277724 1.5881454 2.6540491 2.5610008 2.6940195 2.6451629 2.0521239 2.5458010 2.1987339 2.4667589 2.7836643 2.4007759 2.2526005 1.9494246 2.2245913 2.2346338 2.2932857 2.6581061 1.8157682 1.5990096 1.8674622 2.1192713 1.8923540 
Ctel_gnl_WGS_AMQN_CAPTEDRAFT_mRNA21975             2.6119051 2.1800861 2.6738488 2.6738488 2.4891235 2.5688749 1.9977547 2.5978321 2.6487455 2.5211877 2.3350413 2.5615540 2.6934553 2.6740709 2.6182616 2.5707895 2.5989376 2.2495536 1.1939760 1.2087420 1.2890524 1.3341026 1.0051256 1.0002825 1.1958536 1.3002231 1.1350464 1.2928915 1.3931437 1.3148486 1.5897080 1.5608074 1.6086194 1.5920001 1.5884523 1.6450060 0.8901091 1.0490050 0.7659390 0.8337443 0.0000000 1.5972788 1.2903898 1.4145214 1.4149620 1.4009790 1.3699735 1.4232736 1.4258101 1.3477792 1.6491325 2.5357050 2.2932767 2.6742083 2.5590858 2.0139150 2.6490739 2.2974839 2.2732644 2.9036335 2.6215622 2.1363854 2.3119031 2.6890182 2.2986033 2.2888441 2.5723087 1.7801128 1.4230720 1.6263944 2.0334478 1.8939769 
Hvul_g29091_1                                      3.3960953 3.3960953 3.3013102 3.3013102 2.9571997 2.5283580 1.9523252 2.7879273 2.7357141 2.6855347 2.3915488 2.7985528 2.8827045 2.9722686 2.8295686 2.9162420 2.8138757 2.1135163 1.3416871 1.3328436 1.3725753 1.2625867 1.0406897 1.0063292 1.1595302 1.2181337 1.2351574 1.2707037 1.3507379 0.0000010 0.9200679 0.9003978 0.9143596 0.8771199 0.9279444 0.7531312 1.5472460 1.5814980 1.4843221 1.5205020 1.5972788 0.0000000 1.8465165 1.3791485 1.3729004 1.3402158 1.3544924 1.3829120 1.3754640 1.9919341 2.0401984 0.0000010 2.9351781 3.4686735 3.6230841 2.2095571 3.0309116 3.0931217 2.8195948 3.6045961 2.7506185 3.4716039 2.7894818 2.7894818 2.5282851 2.7925973 2.8599616 2.0232985 2.1122379 1.9303792 2.5647845 2.5679892 
Spur_XM_030996402.1                                2.7387345 2.5820486 2.3478958 2.2595706 2.5134713 2.2040854 1.8188263 2.0968885 2.2200834 2.2237344 2.2013451 2.3283532 2.4002286 2.4294433 2.4476361 2.2529770 2.2080223 1.8204253 1.5368048 1.4520191 1.4983792 1.5623470 1.3253093 0.8423015 1.4404178 1.9840625 1.4099234 1.3038987 1.4669296 1.7471533 1.7023999 1.5498107 1.6854487 1.7043913 1.6602891 1.8794142 0.9701063 0.9526470 1.1004070 1.0998036 1.2903898 1.8465165 0.0000000 1.9858178 1.9087117 1.9030209 1.8722733 1.8633850 1.6437906 1.3590738 1.6146968 2.9928051 2.7969775 2.7711883 2.6860566 2.0739075 2.8882833 2.4669803 2.5936957 3.0474764 2.6317636 3.1459735 2.1190438 2.2225981 2.0291934 2.1370466 2.3615787 1.9344021 1.9696329 2.1450541 2.2051247 2.0879420 
HoiH23_PlH23_008112-RA                             3.3586565 3.1303808 2.7113372 2.6089751 2.7253253 2.1924766 1.6895781 2.2332948 2.3240123 2.3600730 2.2704652 2.1579428 2.1579428 2.2359538 2.2167647 2.2945624 2.2577178 1.7460788 1.4867034 1.4177382 1.4402692 1.3670867 1.3092183 1.1724593 1.4066384 1.7698251 1.3904038 1.6029296 1.7573330 2.1044515 1.6764214 1.7041640 1.6949474 1.6511913 1.5260886 1.6068332 1.5591064 1.4429849 1.5534011 1.4344168 1.4145214 1.3791485 1.9858178 0.0000000 0.0369666 0.0781461 0.0617079 0.1554910 0.1525743 1.7936196 1.6648792 3.0088845 2.6388682 3.0382605 2.8133949 2.4821208 2.5295359 2.5325470 2.3167039 3.4486879 2.5415406 2.9512252 2.3499529 2.7434276 2.3248061 2.4798524 3.0137948 2.1806216 2.1043193 2.1820558 2.2611727 2.1772187 
HoiH06_mRNA7197                                    3.3709776 3.1193273 2.7022596 2.5997292 2.7434884 2.1574725 1.6836538 2.2507880 2.3239486 2.3315531 2.2627648 2.1431898 2.1431898 2.2538225 2.2187558 2.3145249 2.2743982 1.7440794 1.4658265 1.4104969 1.4263326 1.3609436 1.2957409 1.1360804 1.4143835 1.6938979 1.3601772 1.5848922 1.6668974 1.9763020 1.6759998 1.7153382 1.6732740 1.6434330 1.5189711 1.5975461 1.5088921 1.4394960 1.5256529 1.4320097 1.4149620 1.3729004 1.9087117 0.0369666 0.0000000 0.1027147 0.0853657 0.1713605 0.1493848 1.7919774 1.5868170 3.3532553 2.7099372 3.1202559 2.8794639 2.5767108 2.5290647 2.6562986 2.2985034 3.4393185 2.5060034 3.3930481 2.4156540 2.6261462 2.3503206 2.4136214 2.8177154 2.2066424 2.0517206 2.0846591 2.3152331 2.1991842 
Hhon_g02089.t1                                     3.3241963 2.9962571 2.6876215 2.6091153 2.6621351 2.1826176 1.8035424 2.2432567 2.3126642 2.3547763 2.2649751 2.1754946 2.1754946 2.2629397 2.2651263 2.3253110 2.2911919 1.8453406 1.4160018 1.3486619 1.3841042 1.3193474 1.2711636 1.1292822 1.3491870 1.7272963 1.3011333 1.5075063 1.6635066 2.0666813 1.5811089 1.5874367 1.6074335 1.5806571 1.4559650 1.5636444 1.4930565 1.4087487 1.4734603 1.3718698 1.4009790 1.3402158 1.9030209 0.0781461 0.1027147 0.0000000 0.0061422 0.1496365 0.1609335 1.7083952 1.5866179 2.9911441 2.6011010 2.9833217 2.7593471 2.5241687 2.5168740 2.5158446 2.2644731 3.4085597 2.4601043 2.8483639 2.2624624 2.6435218 2.2506409 2.4670900 2.9535175 2.1960949 2.0796750 2.1572251 2.2732285 2.1317956 
HoiH04_mRNA10652                                   3.3241963 2.9962571 2.6876215 2.6091153 2.6689289 2.2439877 1.9260704 2.2905046 2.4104191 2.4289573 2.2667135 2.2525917 2.2525917 2.2910559 2.3605387 2.3680288 2.3349457 1.9477207 1.3982431 1.3302867 1.3638822 1.3257804 1.3177207 1.2340448 1.3266140 1.7272963 1.3235598 1.5092880 1.6562216 2.0666813 1.6451548 1.7003532 1.7111375 1.6694467 1.5323057 1.5716023 1.5078413 1.4129120 1.4257297 1.3763289 1.3699735 1.3544924 1.8722733 0.0617079 0.0853657 0.0061422 0.0000000 0.1327206 0.1530714 1.6235923 1.5762850 2.9911441 2.4965218 2.7889987 2.6301569 2.5318817 2.4541653 2.4982675 2.1244584 3.2974430 2.3491227 2.6741964 2.2929091 2.7574383 2.2475046 2.4615630 3.0907575 2.1991266 2.1557687 2.1980479 2.1468533 2.0819332 
TrH2_TrispH2_006814-RA                             3.3358188 3.0567734 2.6619495 2.5938226 2.7483545 2.1903622 1.7135840 2.1953957 2.2695967 2.3639696 2.2815266 2.1688506 2.1688506 2.2698159 2.2499039 2.3207049 2.2898947 1.7605121 1.4467326 1.3447974 1.4120308 1.3770190 1.3465934 1.2654121 1.4068336 1.7090107 1.3577910 1.5688860 1.6513318 2.0653994 1.6883509 1.6940768 1.6454704 1.6459279 1.5222921 1.6520513 1.5574473 1.5067466 1.4866817 1.4384377 1.4232736 1.3829120 1.8633850 0.1554910 0.1713605 0.1496365 0.1327206 0.0000000 0.0153735 1.8008235 1.6702700 3.0549840 2.5272741 3.0733217 2.7978783 2.6597499 2.3858330 2.5506978 2.1473626 3.2928847 2.5181034 2.7030696 2.3199061 2.7612364 2.2347013 2.3907583 2.9208481 2.1648889 2.0798261 2.1544910 2.3009053 2.1729871 
Tadh_TriadT29364                                   3.3336612 3.0323233 2.5025775 2.5025775 2.6116539 1.9770387 1.7135840 1.9903530 2.1439789 2.1507450 2.1722049 2.0613620 2.0613620 2.0924314 2.1934498 2.1674127 2.1432169 1.7605121 1.3856311 1.2478353 1.3180605 1.2417049 1.3158409 1.2654121 1.3306666 1.5146752 1.3266226 1.5087884 1.5281464 2.2465540 1.6894254 1.6847189 1.6344342 1.6298936 1.5377860 1.5790225 1.4559714 1.4335917 1.4084960 1.3789609 1.4258101 1.3754640 1.6437906 0.1525743 0.1493848 0.1609335 0.1530714 0.0153735 0.0000000 1.7437747 1.6029504 3.2575088 2.5037827 3.0527471 2.6893135 2.6597499 2.4171628 2.4790357 2.1423017 3.1970128 2.5196435 2.7921576 2.3192666 2.6438221 2.1743211 2.3225407 2.7107910 2.1242869 1.9873781 1.9937352 2.1844626 2.0405474 
Hsap_ENST00000374232                               3.6082068 2.7352885 3.1641953 3.1641953 2.7496644 2.6979050 2.2495541 2.8953874 2.7484689 2.5909774 2.3404445 2.5152514 2.6084952 2.6723289 2.6067481 2.5505463 2.5442475 2.5416122 1.6015436 1.4599094 1.5045167 1.6448498 1.3425457 1.0801335 1.5177946 1.6766891 1.4775720 1.6505286 1.8597509 2.1600614 1.8400817 1.7196322 1.8195315 1.7816738 1.8672736 1.8847538 1.2312368 1.0962376 1.2593529 1.2277724 1.3477792 1.9919341 1.3590738 1.7936196 1.7919774 1.7083952 1.6235923 1.8008235 1.7437747 0.0000000 1.2056163 2.6328337 2.7456171 2.7772990 2.8107027 2.1557911 2.9658649 2.3819200 2.7460797 3.2380713 2.7033584 2.8901052 2.4036258 2.7114051 2.3683134 2.2993472 2.8736124 1.9113414 1.7328646 1.9359027 2.2221587 2.3574941 
Hsap_ENST00000306121                               3.8151520 3.1925660 3.5917386 3.5917386 3.3258894 2.8751877 2.1332778 3.0296421 2.8790009 2.9050688 2.5362330 2.7798086 2.8913647 2.9755283 2.7468565 2.6583678 2.6614816 2.2836204 1.8527758 1.6647377 1.7220372 1.7390854 1.4364697 1.2008223 1.6718628 2.1891705 1.6987291 1.7662557 1.8668215 2.1272488 1.9767268 1.9254629 1.9785405 1.9281953 1.9387511 2.1290247 1.4152320 1.4932773 1.6051865 1.5881454 1.6491325 2.0401984 1.6146968 1.6648792 1.5868170 1.5866179 1.5762850 1.6702700 1.6029504 1.2056163 0.0000000 3.5982119 3.1122334 3.4892125 3.1466358 2.2219680 2.8881146 2.9488544 2.6950373 3.5458218 3.1407352 3.3448318 2.7460970 3.1616875 2.8097859 2.7831762 3.2099649 2.1910902 1.9591554 2.3682780 2.6208067 2.7301463 
