74
Lcom_lcpid80301                                        0.0000000 0.1643028 0.1918747 0.2217386 0.3764876 1.0461476 1.0079969 0.9880550 1.1769443 0.9420861 0.8277718 1.1624284 0.7770466 0.8402831 1.1496915 1.2453528 0.8173139 0.5946506 0.8837843 1.4580504 1.0117667 0.8749173 1.0468709 1.0165327 1.0271148 1.2998825 1.1157219 0.8615173 1.0144671 0.8300164 2.0702717 1.6479752 1.1803712 1.2544388 1.1826056 1.3593715 1.2613700 1.0658512 1.0390079 1.3028427 1.2635691 1.4178665 1.1499169 1.4092258 1.2834863 1.2436030 1.2416616 1.2280297 1.2311462 1.2527416 1.2694411 1.2905589 1.4864074 1.3638586 1.4398581 1.6288082 1.7601605 1.7498390 1.4291864 1.3414027 1.8605364 1.3393821 1.4796761 1.8770670 1.8273445 1.6439143 1.6489731 1.9340079 2.1208069 1.9015965 1.5782974 2.0260370 1.9093447 1.6510426 
Leuniv_Lniv_scaffold6350_01                            0.1643028 0.0000000 0.1300345 0.1706633 0.3927835 1.0770727 1.0041509 1.0180278 1.2297424 0.9265725 0.8137926 1.2134062 0.8392319 0.8721361 1.1871343 1.2463655 0.8430571 0.5511605 0.9085989 1.5799633 1.0406282 0.8276434 1.0365532 1.0438288 1.0822376 1.3549648 1.0749102 0.7893659 0.9520601 0.9600069 2.2516927 1.7673804 1.1937602 1.3141687 1.1997879 1.3123049 1.2605127 1.0554177 1.0503080 1.2846579 1.2646734 1.4201890 1.1328588 1.4485516 1.2985738 1.3474603 1.3351906 1.2668055 1.2603719 1.2809787 1.2898563 1.2997195 1.5681640 1.3779717 1.5329414 1.7214835 1.7549462 1.7443488 1.5232851 1.4461632 2.0164518 1.4198202 1.4724719 1.8772663 1.9342934 1.6810722 1.6385841 2.2291512 2.1597811 1.9446025 1.5911874 2.1020214 1.9180772 1.7609615 
Scil_scict010932.1                                     0.1918747 0.1300345 0.0000000 0.1724740 0.3274104 0.8453465 0.7314707 0.7720882 0.8525549 0.6852221 0.8214306 0.9094607 0.8093252 0.8127728 0.7395942 0.8454441 0.7119991 0.5725102 0.7033937 1.7686904 0.7578835 0.8052994 0.7844528 0.7866272 0.8128982 1.1362669 0.8544836 0.8390548 0.9735534 0.0000010 4.2640823 1.7523001 0.8374449 0.8854091 0.9476035 0.8489277 0.8276833 1.0881855 1.0431668 0.9328126 0.9590910 1.0237887 0.9061564 1.0355920 0.9715778 1.0877656 1.0766208 1.0790122 1.0790122 1.0609866 1.0695270 1.0695270 0.0000010 1.0691224 1.0696854 1.2494046 1.2182383 1.2056634 1.5204602 1.4522432 1.3871028 1.3641296 1.1715792 1.2147837 1.2184902 1.3080416 1.3050802 1.3758963 1.6633367 1.2813471 1.1826106 1.1031614 1.4951462 1.5704036 
Gracom_Gcom_scaffold1958_01                            0.2217386 0.1706633 0.1724740 0.0000000 0.4639925 1.1403452 1.1116269 1.0292467 1.2372367 1.0267917 0.7955713 1.1874267 0.9568482 0.9810967 1.1992075 1.2799596 0.9087711 0.5799524 0.9439796 1.3403774 1.1246956 0.9045006 1.0935196 1.0995335 1.1204225 1.3710760 1.1562026 0.8459400 1.0089916 1.0008217 2.1885870 1.7870377 1.2177983 1.3593154 1.2375486 1.3618343 1.2611304 0.9956918 1.0173338 1.2397463 1.2366938 1.3705421 1.1565631 1.4197456 1.3322496 1.2738478 1.2579298 1.2615274 1.2654020 1.2908482 1.2099966 1.2152158 1.5473273 1.3161144 1.5684385 1.7216652 1.7292306 1.7187054 1.6280231 1.5186892 1.9672849 1.4439973 1.5148344 1.8619557 1.8434846 1.8501608 1.7795424 1.9721703 2.1893473 1.9483559 1.5532834 2.0273121 2.0534859 1.8856778 
Clacor_Ccor_C535905_01                                 0.3764876 0.3927835 0.3274104 0.4639925 0.0000000 0.9747579 0.9628525 0.8119611 1.0350303 0.8908308 0.6241505 1.1031921 0.6874002 0.7665546 1.0338630 1.1803769 0.7914636 0.4880428 0.8224528 2.8988621 1.0348677 0.7979667 1.0037939 1.0463551 1.0759019 1.3535176 1.1174743 0.7172375 0.8959835 0.8457785 2.4708125 1.7196598 1.0974996 1.2038756 1.1636344 1.2582435 1.0845513 0.9852138 0.9437865 1.2346060 1.1838822 1.3502840 1.0799133 1.2806524 1.1934540 1.1980888 1.2108602 1.1656205 1.1695472 1.1714434 1.1879561 1.1816584 1.5665481 1.2585261 1.4540052 1.4330253 1.6097147 1.5990949 1.5081312 1.4307653 1.8019271 1.3115350 1.4143627 1.8056392 1.6816460 1.8674916 1.7955995 1.9384806 2.2074370 1.9627991 1.6969785 2.0294282 1.9804180 1.7374220 
Emue_Em0022g696a.t1                                    1.0461476 1.0770727 0.8453465 1.1403452 0.9747579 0.0000000 0.1259602 0.7256336 0.7418255 0.5533475 0.2251920 0.7078882 0.4788149 0.5514780 1.0369818 1.1417709 0.8552108 0.5239238 0.9170484 1.6671604 0.9758480 0.7668500 1.0096155 1.0018891 1.0428014 1.2180416 1.0473843 0.7209689 0.7467071 1.8938129 2.4255773 1.7155405 1.1111393 1.3059999 1.2292615 1.0917220 1.2067824 0.9958938 0.9113198 1.2869550 1.3152893 1.3183693 1.2789249 1.2367303 1.3080370 1.1440541 1.1805858 1.1657121 1.1694252 1.0870074 1.1541218 1.1629029 1.8228520 1.4203701 1.4903541 1.6217336 1.7170105 1.7069245 1.7080103 1.7049645 1.9749687 1.7028761 1.6258781 1.7897649 2.0079221 1.6692814 1.7274482 1.8785426 2.1117777 1.7979647 1.7656695 2.0912330 1.8096879 1.3108601 
Spolac_c102993_g3_i2_m.32011c102993-g3                 1.0079969 1.0041509 0.7314707 1.1116269 0.9628525 0.1259602 0.0000000 0.6953996 0.7209927 0.5633421 0.2522377 0.7249551 0.5086399 0.5389821 0.9666584 1.0693947 0.8215127 0.4545622 0.9028838 1.5397134 1.0006260 0.7391054 1.0166153 0.9858772 1.0717724 1.2356465 1.0716208 0.7192682 0.7365242 2.0282604 2.4466962 1.6791459 1.1512568 1.3138351 1.2046613 1.0826475 1.1873866 0.9289779 0.8691174 1.2404754 1.2564997 1.3395659 1.2675392 1.2522773 1.2512768 1.1903948 1.2295648 1.1998131 1.1899898 1.1064062 1.1918284 1.2008692 2.0188216 1.4348718 1.5284247 1.5869428 1.7807670 1.7703457 1.5918794 1.6337808 1.9221014 1.5879197 1.6088103 1.8555805 2.0171579 1.7069432 1.7762514 1.9835805 2.1584590 1.8309378 1.7880591 2.2286242 1.8057387 1.4827849 
Aque_Aqu2.1.34458_001                                  0.9880550 1.0180278 0.7720882 1.0292467 0.8119611 0.7256336 0.6953996 0.0000000 0.2517490 0.5720050 0.0000010 0.4215970 0.6210149 0.6001437 1.0848661 1.1458788 1.0734305 1.6984531 0.9329653 1.8914463 0.8202404 0.7424250 0.8867798 0.8130055 0.8165095 0.9396441 0.9376637 0.9859737 0.7541448 1.2066078 2.4303832 2.0442783 1.2003543 1.2374087 1.3142872 1.2283872 1.0990390 1.0363662 1.2336517 1.2635155 1.2972642 1.4073248 1.1766223 1.2780302 1.0336435 1.2448074 1.2321198 1.2117473 1.2117473 1.0644041 1.2008402 1.2008402 1.7668605 1.6209986 1.2837120 1.3001118 1.7606978 1.7300761 1.7893378 1.7533379 1.9578641 1.7917249 1.8338715 1.7885900 2.0662024 1.8069608 1.7028210 2.4040211 2.6892348 1.8297938 1.7908424 3.1439503 1.5894017 0.5883007 
Halamb_c47272_g1_i1mm.2211                             1.1769443 1.2297424 0.8525549 1.2372367 1.0350303 0.7418255 0.7209927 0.2517490 0.0000000 0.6990895 0.2677117 0.3275814 0.5932863 0.6515339 1.1150657 1.2215278 1.0147807 0.5405258 0.9423313 1.8763028 1.0127435 0.7088361 1.0600279 1.0382188 1.0381625 1.3187856 1.1140833 0.9178892 0.8553590 1.3889784 2.3517931 1.7066386 1.2310474 1.3060759 1.3749711 1.2195646 1.2848831 1.0516926 1.0585375 1.3072542 1.3607342 1.3702514 1.3699634 1.4321176 1.3080564 1.2584286 1.2508464 1.2280175 1.2352033 1.1709474 1.1905624 1.1798739 1.6452494 1.5377331 1.4417403 1.5223875 1.6851661 1.6809951 1.4665115 1.4992310 1.8571883 1.4410549 1.6215458 1.7304575 1.8158214 1.6924400 1.6724139 1.9414600 2.0548242 1.7256398 1.6289076 2.4238108 1.8990370 1.0126272 
Tetwil_g11205.t1                                       0.9420861 0.9265725 0.6852221 1.0267917 0.8908308 0.5533475 0.5633421 0.5720050 0.6990895 0.0000000 0.1544728 0.7018527 0.3916288 0.4191134 0.9822318 1.1393739 0.8460984 0.4533997 0.8127919 1.9939790 0.9452259 0.6600017 1.0464627 0.9643603 1.0082935 1.3193877 1.0914485 0.7588970 0.6766272 1.4200638 2.5782181 1.7981315 1.0389675 1.2619827 1.2299199 1.0883733 1.1662464 0.8452736 0.7569762 1.1956883 1.1882864 1.2695326 1.0813460 1.1967357 1.2918871 1.1607136 1.1671743 1.1523682 1.1466396 1.0612342 1.2098715 1.2151734 1.6786150 1.3277369 1.3722656 1.5615795 1.7155024 1.7050309 1.4644579 1.5008626 1.8944718 1.4462970 1.6094292 1.8055579 1.8836419 1.7731888 1.7405884 2.1113985 2.0189203 1.7248685 1.8113514 2.2565161 1.7633288 1.0673922 
Stycar_maker-SC_scaffold7364-snap-gene-0.4-mRNA-1      0.8277718 0.8137926 0.8214306 0.7955713 0.6241505 0.2251920 0.2522377 0.0000010 0.2677117 0.1544728 0.0000000 0.2586000 0.0000010 0.0000010 0.4825078 0.5527370 0.4927069 0.4405313 0.5907332 2.5068432 0.6002737 0.0000010 0.6658343 0.6558847 0.4050417 1.6466304 0.7471086 0.5897261 0.0000010 0.0000010 0.0000010 0.6337518 0.7603624 1.1345079 0.8490602 0.8260994 0.8921281 1.1206192 1.2574319 0.8471785 0.8929280 0.8651036 1.0474729 0.8077246 0.9286344 0.6929468 0.6929468 0.7227094 0.7227094 0.7302530 0.6988201 0.6988201 0.0000010 1.2138517 0.7479640 0.9866989 1.2260012 1.2260012 0.0000010 2.5593409 1.6413881 2.0390590 1.3370815 1.3940533 1.0760672 1.3602118 1.3580377 1.8323603 1.4037749 1.4037749 1.5133373 0.8297377 1.3507886 0.0000010 
Xestes_maker-XT_scaffold35652-augustus-gene-0.6-mRNA-1 1.1624284 1.2134062 0.9094607 1.1874267 1.1031921 0.7078882 0.7249551 0.4215970 0.3275814 0.7018527 0.2586000 0.0000000 0.6977174 0.7776460 1.1410841 1.2506322 0.9792982 0.5532294 1.0040257 1.6339744 1.0812394 0.8726528 1.1484512 1.1013828 1.0898410 1.4390534 1.1073911 0.8226435 0.9260231 1.3205547 2.4870763 1.8206815 1.2775106 1.4357144 1.3189682 1.2339429 1.3281975 0.9628634 0.9524204 1.3452471 1.3452338 1.3848556 1.2843393 1.3813796 1.4052286 1.2343372 1.2389263 1.2465286 1.2333612 1.1348764 1.2153772 1.2010600 1.8202628 1.6041928 1.3682340 1.5336635 1.6704986 1.6663441 1.4739773 1.5205785 1.8077741 1.4745315 1.6618079 1.7887809 1.7710333 1.7445907 1.7381808 1.8327381 2.0413082 1.6642640 1.7216790 2.5678573 1.8934534 1.2238633 
Stycar_maker-SC_scaffold116366-snap-gene-0.13-mRNA-1   0.7770466 0.8392319 0.8093252 0.9568482 0.6874002 0.4788149 0.5086399 0.6210149 0.5932863 0.3916288 0.0000010 0.6977174 0.0000000 0.0421913 0.5950658 0.7831680 0.6879940 5.4234750 0.6734458 1.3632820 0.5914505 0.7294694 0.6798889 0.6480332 0.5816402 0.5778166 0.5402192 0.6626618 0.5967019 0.0000010 4.4181947 2.2180374 0.6046806 0.8523423 0.9963793 0.6940513 0.8875478 0.9342963 0.8282091 0.7955504 0.8303507 1.0153006 0.8023784 0.7422362 0.7073169 0.9755052 0.9708229 0.9860920 0.9860920 0.9021919 1.0336886 1.0336886 0.5428490 1.1037800 1.1160208 1.0321391 1.7586262 1.7287386 1.7937925 1.7604355 1.8808692 1.8755263 1.9200769 1.6302391 1.9920881 1.6952756 1.5855250 0.5213668 2.8209781 1.5968403 1.6584281 1.8360060 1.6322419 0.6191679 
Stycar_maker-SC_scaffold3851-augustus-gene-0.24-mRNA-1 0.8402831 0.8721361 0.8127728 0.9810967 0.7665546 0.5514780 0.5389821 0.6001437 0.6515339 0.4191134 0.0000010 0.7776460 0.0421913 0.0000000 0.6414598 0.8172844 0.7135110 1.5560257 0.6904254 1.3632820 0.6427388 0.7929688 0.7397053 0.7218457 0.7605274 0.5993301 0.6532849 0.8142598 0.7104683 0.0000010 4.1683123 2.0182526 0.6074743 0.8252391 1.0201232 0.7669682 0.9223336 0.9887988 0.8947987 0.8516562 0.8964821 1.1052618 0.8460933 0.8304709 0.7370098 1.0454126 1.0363026 1.0439134 1.0439134 1.0034629 1.0867234 1.0867234 0.5428490 1.0905605 1.1352350 1.1410754 1.7586503 1.7332853 1.9297818 1.7876656 1.8017718 1.7971938 1.7875109 1.5307586 1.8709378 1.7035692 1.5952143 1.6536431 2.5378671 1.5785915 1.6543316 1.2003204 1.6085536 0.8649813 
Dgig_XM_028542148.1                                    1.1496915 1.1871343 0.7395942 1.1992075 1.0338630 1.0369818 0.9666584 1.0848661 1.1150657 0.9822318 0.4825078 1.1410841 0.5950658 0.6414598 0.0000000 0.3757798 0.9209631 0.4970755 0.9388443 0.8652751 0.7657347 0.6286036 0.7630899 0.7574007 0.7979990 1.0058166 0.7682864 0.5238661 0.5793507 1.2961608 1.9390304 1.3806281 1.0291602 0.9735558 1.1428146 1.0989916 1.2211542 0.8644208 0.6723588 0.8818786 0.9430147 1.0082116 1.1703795 1.0382314 1.1929540 1.0583491 1.0748770 1.0798137 1.0710534 1.0515378 1.0477141 1.0452650 1.1727211 1.2435359 1.2534467 1.4654885 1.7285724 1.7243433 1.6146566 1.5344753 1.8369498 1.5149072 1.6520812 1.7238876 1.8299344 1.9044066 1.9953519 1.9449949 2.0439080 1.8009740 1.8374040 1.5790899 1.9538917 1.3466693 
Xesp_015926-T1                                         1.2453528 1.2463655 0.8454441 1.2799596 1.1803769 1.1417709 1.0693947 1.1458788 1.2215278 1.1393739 0.5527370 1.2506322 0.7831680 0.8172844 0.3757798 0.0000000 1.1219774 0.5767229 1.1302940 1.4673533 0.8047546 0.6696350 0.8355250 0.8059475 0.8587893 1.0757357 0.9407764 0.6747462 0.6905142 1.7208455 1.8063092 1.4287320 1.1297664 1.1576195 1.2218147 1.3340283 1.2744701 0.9361328 0.9126450 1.1274738 1.1828232 1.2084693 1.3389483 1.2334675 1.3368078 1.2039058 1.2400755 1.2587518 1.2655996 1.1531079 1.2093710 1.2300504 1.5249901 1.4449358 1.4438948 1.6227262 1.7093115 1.6992836 1.5561700 1.4731294 1.8461540 1.4539590 1.6664868 1.7674893 1.8471215 1.8755214 1.9799577 1.8857742 2.1586112 1.8798885 1.9183389 1.8004573 1.9957157 1.5084349 
Opea_EP00118_Oscarella_pearsei_P005111                 0.8173139 0.8430571 0.7119991 0.9087711 0.7914636 0.8552108 0.8215127 1.0734305 1.0147807 0.8460984 0.4927069 0.9792982 0.6879940 0.7135110 0.9209631 1.1219774 0.0000000 0.0193184 0.5170545 0.3931604 0.8557777 0.8834056 0.8920033 0.8967174 0.9451034 1.2114369 0.9248883 0.8027628 0.9076727 0.8160356 1.6856667 1.4823278 0.9052790 1.0620139 1.1731243 1.1894332 1.2134649 0.8595878 0.7271608 1.0799982 1.0642428 1.0874235 1.0227465 1.1992718 1.2436768 0.9694519 0.9970026 0.9745328 0.9866867 0.9714918 0.9703698 0.9778300 1.3560401 1.2460595 1.4454947 1.4026074 1.5885051 1.5791399 1.5100871 1.4200735 1.7773768 1.3711547 1.6344398 1.7172479 1.8242432 1.6062740 1.7369481 1.7889836 1.8374867 1.5615696 1.6427459 1.8547587 1.6796041 1.5482419 
Ocar_g4340                                             0.5946506 0.5511605 0.5725102 0.5799524 0.4880428 0.5239238 0.4545622 1.6984531 0.5405258 0.4533997 0.4405313 0.5532294 5.4234750 1.5560257 0.4970755 0.5767229 0.0193184 0.0000000 0.2923767 2.3217753 0.4365923 0.6147189 0.5578564 0.5700637 0.6463662 2.0376164 0.7690397 0.7128701 1.2332138 0.0000010 5.4064357 0.7383491 0.7652904 0.7438287 0.6439425 0.7322957 0.6472924 0.7244397 0.7318622 0.6774877 0.6769687 0.7509393 0.8196137 0.9043994 0.8376242 0.7587139 0.7662029 0.7769636 0.7769636 0.7548801 0.7341037 0.7341037 0.0000010 0.9447651 0.8629261 1.0339100 1.0623944 1.0623944 1.3933247 1.2741747 1.1414536 1.1028617 1.1527229 1.1270075 1.1166802 1.0199825 1.1423059 1.1060672 1.1269027 1.0526018 1.1680728 0.8462317 1.3030367 2.9704671 
Plajan_Pjan_C555225_01                                 0.8837843 0.9085989 0.7033937 0.9439796 0.8224528 0.9170484 0.9028838 0.9329653 0.9423313 0.8127919 0.5907332 1.0040257 0.6734458 0.6904254 0.9388443 1.1302940 0.5170545 0.2923767 0.0000000 1.2211301 0.9790708 0.7994974 1.0125034 0.9488737 1.0117161 1.2963364 0.9995387 0.8136457 0.7696455 1.1419271 2.0598927 1.7315868 0.9144315 1.1594293 1.1656596 1.1121687 1.1652138 0.8278570 0.8049463 1.1955280 1.1995295 1.2561805 1.0370099 1.1272087 1.2151955 1.1270983 1.1574857 1.1194120 1.1282264 1.1240364 1.1973073 1.2076923 1.7289541 1.2198820 1.2881185 1.4009400 1.7290365 1.7188002 1.5982169 1.5085692 1.9806022 1.4431804 1.7090261 1.7629854 1.9252807 1.6606226 1.7210107 2.0651882 1.9425428 1.6840315 1.7695625 2.0413822 1.5609074 1.4422878 
Opea_EP00118_Oscarella_pearsei_P005112                 1.4580504 1.5799633 1.7686904 1.3403774 2.8988621 1.6671604 1.5397134 1.8914463 1.8763028 1.9939790 2.5068432 1.6339744 1.3632820 1.3632820 0.8652751 1.4673533 0.3931604 2.3217753 1.2211301 0.0000000 1.6424590 3.0536359 1.6285765 1.4955980 1.5432885 1.5205030 1.7152630 2.8218221 2.5683888 1.0064072 2.1477716 1.6304463 2.5870390 1.6348089 2.7851162 2.4888642 2.3398692 2.1321011 2.0837634 1.7091222 1.8956928 1.8607353 2.1833612 2.3824861 1.8166793 1.5566496 1.6669606 1.5128195 1.5128195 2.4104884 1.7304745 1.7304745 1.6774859 2.5497319 2.6035459 2.1258569 2.3556501 2.3556501 8.6564798 4.6694430 3.4222663 4.5802642 3.9653876 4.9943224 3.3195721 5.3660210 3.8666418 3.1862634 2.7496915 2.7496915 5.3122706 1.5507845 2.1248044 0.0000010 
Fspp_ffun1.m4.20676.m1                                 1.0117667 1.0406282 0.7578835 1.1246956 1.0348677 0.9758480 1.0006260 0.8202404 1.0127435 0.9452259 0.6002737 1.0812394 0.5914505 0.6427388 0.7657347 0.8047546 0.8557777 0.4365923 0.9790708 1.6424590 0.0000000 0.1471656 0.1395486 0.1387906 0.1307114 0.3297090 0.3938239 0.4345479 0.3719604 0.4203554 0.6468726 0.6230271 1.0868532 1.1182677 1.1251355 1.1538692 1.1375012 0.7836219 0.6562090 0.9468072 0.9363457 0.9321599 1.0973059 1.1408746 1.1688031 1.0318961 1.0082531 1.0197577 1.0256181 1.0437835 1.0262786 1.0452942 1.0324893 1.4099975 1.2564201 1.4014745 1.7537876 1.7430209 1.6412784 1.5365154 1.8812100 1.4531348 1.6520419 1.8249200 1.9642799 1.8560656 1.7997253 1.8334186 2.0479875 1.7772956 1.9223944 1.9908921 1.9473984 1.2605900 
Spis_XP_022787933_1                                    0.8749173 0.8276434 0.8052994 0.9045006 0.7979667 0.7668500 0.7391054 0.7424250 0.7088361 0.6600017 0.0000010 0.8726528 0.7294694 0.7929688 0.6286036 0.6696350 0.8834056 0.6147189 0.7994974 3.0536359 0.1471656 0.0000000 0.0271685 0.2302736 0.1982694 0.3029478 0.4064086 0.6016895 0.3792403 0.0000010 3.6817490 1.6985231 0.8031192 0.8314106 0.9485636 0.7828392 0.7335024 0.8760298 0.7263323 0.7146514 0.7645937 0.7933826 0.8934472 0.9128222 0.8638187 1.2011903 1.1325779 1.2135175 1.2135175 1.2122966 1.1820111 1.1820111 9.0000000 1.2122343 1.1942245 1.1542159 1.6568489 1.6332977 1.7883857 1.7284507 1.6974348 1.6762808 1.6602480 1.6157682 1.8925141 1.7372530 1.5267769 0.7635935 2.1329733 1.4864501 1.6696625 2.8185757 1.4847326 0.8868066 
Pocdam_XM_027202197.1                                  1.0468709 1.0365532 0.7844528 1.0935196 1.0037939 1.0096155 1.0166153 0.8867798 1.0600279 1.0464627 0.6658343 1.1484512 0.6798889 0.7397053 0.7630899 0.8355250 0.8920033 0.5578564 1.0125034 1.6285765 0.1395486 0.0271685 0.0000000 0.1761200 0.1818982 0.2983375 0.3923224 0.4483110 0.3903028 0.3251088 0.6108175 0.5274762 1.0499580 1.0406956 1.1075527 1.1578506 1.1416348 0.8213305 0.7042801 0.9413459 0.9235331 0.9769866 1.1191241 1.1229854 1.1180220 1.0603758 1.0589616 1.0540043 1.0596288 1.1038070 1.0858339 1.1042824 1.0766137 1.4072798 1.2804061 1.3808271 1.7821001 1.7718611 1.7776225 1.6372187 1.9491884 1.5562548 1.7852832 1.9441606 2.0706566 1.9396254 1.8614719 1.8863723 2.1129806 1.8904605 1.9594174 1.8218847 1.8453120 1.1961813 
Gfas_gfas1.m1.4180.m1                                  1.0165327 1.0438288 0.7866272 1.0995335 1.0463551 1.0018891 0.9858772 0.8130055 1.0382188 0.9643603 0.6558847 1.1013828 0.6480332 0.7218457 0.7574007 0.8059475 0.8967174 0.5700637 0.9488737 1.4955980 0.1387906 0.2302736 0.1761200 0.0000000 0.1707568 0.2690659 0.3694817 0.3645717 0.3493909 0.3694273 0.5660973 0.5434948 1.0148435 1.0740965 1.0732613 1.1225172 1.1504320 0.7629659 0.6500098 0.9636469 0.9465993 0.9734197 1.1032449 1.0563540 1.1108157 0.9710437 0.9586778 0.9727122 0.9806683 1.0338081 0.9495968 0.9597506 1.1578814 1.3433458 1.2737631 1.3650676 1.7279287 1.7178058 1.5712628 1.4920794 1.8427726 1.4481745 1.6626203 1.8408841 1.9596343 1.8488709 1.9283459 1.8173966 2.1861223 1.8957796 1.8949378 1.7614816 1.8843725 1.2894906 
Gasp_gasp1.m3.9276.m1                                  1.0271148 1.0822376 0.8128982 1.1204225 1.0759019 1.0428014 1.0717724 0.8165095 1.0381625 1.0082935 0.4050417 1.0898410 0.5816402 0.7605274 0.7979990 0.8587893 0.9451034 0.6463662 1.0117161 1.5432885 0.1307114 0.1982694 0.1818982 0.1707568 0.0000000 0.3190306 0.4296637 0.5259235 0.4298552 0.4154196 0.5775708 0.6169337 1.0928595 1.1573380 1.2158042 1.1502961 1.2183909 0.9184865 0.7831120 0.9740101 0.9755859 1.0222034 1.1838642 1.1762131 1.2004072 1.0584450 1.0287957 1.0393793 1.0454254 1.1165058 1.0493181 1.0688010 1.1536997 1.4643260 1.3492121 1.4721854 1.8599516 1.8483019 1.7585317 1.7811751 2.0186479 1.7231482 1.8209175 1.9261086 2.1522848 1.9389274 1.8194436 1.9833700 2.1321853 1.8456828 1.9708137 1.8027101 2.0483941 1.2188991 
Adig_XM_015920623.1                                    1.2998825 1.3549648 1.1362669 1.3710760 1.3535176 1.2180416 1.2356465 0.9396441 1.3187856 1.3193877 1.6466304 1.4390534 0.5778166 0.5993301 1.0058166 1.0757357 1.2114369 2.0376164 1.2963364 1.5205030 0.3297090 0.3029478 0.2983375 0.2690659 0.3190306 0.0000000 0.5276871 0.7477009 0.3709792 0.5406982 0.2955352 0.4049978 1.2672180 1.3039385 1.3400443 1.4242759 1.3568667 0.9982564 0.8629349 1.2163188 1.2376968 1.2513746 1.4090262 1.2166428 1.2551880 1.2626426 1.2764135 1.2740611 1.2823550 1.3542057 1.3341412 1.3612058 1.0424486 1.5374043 1.4671454 1.3716156 2.1797244 2.1643150 1.8693095 2.0179903 2.3983954 2.1096206 2.4329894 2.3656736 2.5129634 2.2769844 2.3048323 2.5397424 2.7901109 2.3761307 2.3930261 2.0857246 2.1803785 1.0746212 
Nvec_v1g87710                                          1.1157219 1.0749102 0.8544836 1.1562026 1.1174743 1.0473843 1.0716208 0.9376637 1.1140833 1.0914485 0.7471086 1.1073911 0.5402192 0.6532849 0.7682864 0.9407764 0.9248883 0.7690397 0.9995387 1.7152630 0.3938239 0.4064086 0.3923224 0.3694817 0.4296637 0.5276871 0.0000000 0.0676771 0.2133006 0.4085216 1.0455405 0.8460685 1.0337304 1.0632936 1.0709572 1.1106670 1.1300324 0.8150842 0.6233745 0.9505071 0.9209833 1.0152317 1.1198092 1.1161315 1.0499487 1.0408994 1.0499328 1.0246776 1.0303664 1.0681110 1.0216638 1.0326494 1.0835218 1.3979715 1.3062979 1.3874863 1.8481215 1.8374861 1.7960117 1.6975392 1.9467516 1.6784178 1.8173678 1.8302867 1.9942738 1.8938990 1.9517562 1.8483577 2.1295647 1.9055222 1.8628454 1.6347965 1.7228330 1.2395218 
Nvec_v1g224052                                         0.8615173 0.7893659 0.8390548 0.8459400 0.7172375 0.7209689 0.7192682 0.9859737 0.9178892 0.7588970 0.5897261 0.8226435 0.6626618 0.8142598 0.5238661 0.6747462 0.8027628 0.7128701 0.8136457 2.8218221 0.4345479 0.6016895 0.4483110 0.3645717 0.5259235 0.7477009 0.0676771 0.0000000 0.2691964 0.0000010 4.2308266 1.9573246 0.8410235 0.9324729 0.8777758 0.7281615 0.8317902 0.8948217 0.6911223 0.6909405 0.6883549 0.8116615 0.9508971 0.9767992 0.8377907 1.0096720 1.0028830 0.9377044 0.9377044 0.9567124 0.8745009 0.8745009 0.0000010 1.3885966 1.2351318 1.3273302 1.6035599 1.6035599 1.7064970 1.6361525 1.5983007 1.5784345 1.5479892 1.4338128 1.5623300 1.5608772 1.6653380 1.2967013 1.5907590 1.5114707 1.5125249 0.7963786 1.4030719 2.4594399 
Exapal_XM_021061831.2                                  1.0144671 0.9520601 0.9735534 1.0089916 0.8959835 0.7467071 0.7365242 0.7541448 0.8553590 0.6766272 0.0000010 0.9260231 0.5967019 0.7104683 0.5793507 0.6905142 0.9076727 1.2332138 0.7696455 2.5683888 0.3719604 0.3792403 0.3903028 0.3493909 0.4298552 0.3709792 0.2133006 0.2691964 0.0000000 0.0000010 3.8374317 2.1425095 0.7127869 0.9152093 0.8576753 0.7591179 0.7644891 0.8858146 0.7096494 0.7468180 0.7695119 0.9150144 0.8471829 0.7896715 0.8161882 1.0504428 0.9820507 1.0706838 1.0706838 1.0601884 1.0381094 1.0381094 9.0000000 1.2060909 1.1673072 1.0541365 1.6796338 1.6570550 1.6625322 1.6598624 1.7380509 1.7175829 1.7670057 1.5815324 2.0104182 1.8342268 1.7470759 1.1887869 2.2108026 1.6372891 1.7672602 1.7545110 1.5186366 1.1781967 
Exapal_XM_021036852.1                                  0.8300164 0.9600069 0.0000010 1.0008217 0.8457785 1.8938129 2.0282604 1.2066078 1.3889784 1.4200638 0.0000010 1.3205547 0.0000010 0.0000010 1.2961608 1.7208455 0.8160356 0.0000010 1.1419271 1.0064072 0.4203554 0.0000010 0.3251088 0.3694273 0.4154196 0.5406982 0.4085216 0.0000010 0.0000010 0.0000000 0.5406982 0.5007357 1.8868063 1.5812588 1.4869634 2.0476521 1.6429540 0.0000010 0.0000010 1.3060569 1.4092325 1.3743268 1.4470187 1.6364282 1.3837866 0.9677373 1.1013690 0.8926018 0.8926018 1.0514652 1.4477065 1.4477065 1.3260459 1.6864968 1.7570184 2.0346926 2.1175981 2.0869825 0.0000010 0.0000010 2.7070801 0.0000010 0.0000010 9.0000000 2.7052902 3.9479139 8.9999984 2.5951556 2.1912889 2.1912889 0.0000010 2.0514268 0.4805852 0.0000010 
Amil_Amillepora06717-RA                                2.0702717 2.2516927 4.2640823 2.1885870 2.4708125 2.4255773 2.4466962 2.4303832 2.3517931 2.5782181 0.0000010 2.4870763 4.4181947 4.1683123 1.9390304 1.8063092 1.6856667 5.4064357 2.0598927 2.1477716 0.6468726 3.6817490 0.6108175 0.5660973 0.5775708 0.2955352 1.0455405 4.2308266 3.8374317 0.5406982 0.0000000 0.3106180 2.2157438 2.0524022 2.1932233 2.4034801 2.6298114 4.0410530 4.1455665 2.0177981 1.9750277 2.1417562 2.2080458 2.2318876 2.3154401 1.6935057 1.6980390 1.6769585 1.6943180 2.0042592 1.8622123 1.9229911 1.0162183 2.1155461 2.2463691 2.1328872 2.8625191 2.8639195 6.4637636 6.7338706 3.1927355 5.5843815 6.0842015 3.8968727 3.6207446 3.6594118 3.9758566 2.4724760 3.4548091 3.2706595 4.7189211 2.3208571 3.6828638 1.9937829 
Adig_XM_015895154.1                                    1.6479752 1.7673804 1.7523001 1.7870377 1.7196598 1.7155405 1.6791459 2.0442783 1.7066386 1.7981315 0.6337518 1.8206815 2.2180374 2.0182526 1.3806281 1.4287320 1.4823278 0.7383491 1.7315868 1.6304463 0.6230271 1.6985231 0.5274762 0.5434948 0.6169337 0.4049978 0.8460685 1.9573246 2.1425095 0.5007357 0.3106180 0.0000000 1.9076780 1.7384365 1.8508099 1.9450384 1.8969557 2.6294259 2.1268663 1.6096947 1.5973185 1.6703904 1.9745089 1.8897944 1.8548154 1.4384410 1.4443924 1.4252288 1.4336637 1.5760152 1.5122659 1.5400990 1.0509255 2.1018307 1.8579570 1.9239515 2.5642241 2.5743694 4.6972643 3.6599314 2.8470410 3.4508588 3.2705584 3.0047371 2.9865893 2.7527643 2.8542811 2.0750619 2.8990114 2.3968314 3.1980185 1.8452048 2.7494211 1.7292379 
Bralan_BLAG03000975_1                                  1.1803712 1.1937602 0.8374449 1.2177983 1.0974996 1.1111393 1.1512568 1.2003543 1.2310474 1.0389675 0.7603624 1.2775106 0.6046806 0.6074743 1.0291602 1.1297664 0.9052790 0.7652904 0.9144315 2.5870390 1.0868532 0.8031192 1.0499580 1.0148435 1.0928595 1.2672180 1.0337304 0.8410235 0.7127869 1.8868063 2.2157438 1.9076780 0.0000000 0.5927410 0.8427087 1.2098868 1.3430999 1.0245641 0.9844823 1.1651468 1.1492780 1.3005261 0.8576676 0.7478768 0.8907174 1.1917098 1.1993415 1.1958001 1.1899076 1.1537807 1.1931756 1.2056231 1.6733261 0.9190929 1.1180853 1.2417207 1.7937596 1.7834927 1.5781407 1.5199701 1.8253929 1.5228902 1.6665836 1.7454136 1.7855663 1.8912987 1.9057705 1.8874508 2.0723270 1.8629125 1.7084119 2.0562142 1.4315761 1.3212774 
Hsap_ENST00000378060                                   1.2544388 1.3141687 0.8854091 1.3593154 1.2038756 1.3059999 1.3138351 1.2374087 1.3060759 1.2619827 1.1345079 1.4357144 0.8523423 0.8252391 0.9735558 1.1576195 1.0620139 0.7438287 1.1594293 1.6348089 1.1182677 0.8314106 1.0406956 1.0740965 1.1573380 1.3039385 1.0632936 0.9324729 0.9152093 1.5812588 2.0524022 1.7384365 0.5927410 0.0000000 0.8260065 1.1517118 1.3995032 1.0582993 0.8582294 1.1953743 1.1329546 1.3274728 0.9297780 0.8321535 0.8940089 1.2357967 1.2343377 1.2353354 1.2291468 1.2307625 1.2321343 1.2449730 1.6948437 0.9998100 1.1901146 1.1525227 1.8520110 1.8646801 1.6374141 1.5474562 1.8508967 1.4818661 1.6699270 1.7360015 1.8299834 1.8502471 1.9408868 1.9971273 2.3289694 2.0686594 1.6392339 2.1672121 1.7547307 1.4270806 
Skow_XM_006824413.1                                    1.1826056 1.1997879 0.9476035 1.2375486 1.1636344 1.2292615 1.2046613 1.3142872 1.3749711 1.2299199 0.8490602 1.3189682 0.9963793 1.0201232 1.1428146 1.2218147 1.1731243 0.6439425 1.1656596 2.7851162 1.1251355 0.9485636 1.1075527 1.0732613 1.2158042 1.3400443 1.0709572 0.8777758 0.8576753 1.4869634 2.1932233 1.8508099 0.8427087 0.8260065 0.0000000 1.4700282 1.5927519 1.0526865 1.0312505 1.4299534 1.3897971 1.4460556 1.0190780 0.9014203 0.8126336 1.3222434 1.3355328 1.2808900 1.2744087 1.3105996 1.3083805 1.3306996 2.2203094 0.9724239 1.1817013 1.2062129 1.9598767 1.9486538 1.6453755 1.6361978 1.9075812 1.6004466 1.8356381 2.0040713 2.0400726 1.9882937 2.1140792 1.9801106 2.3627264 2.1642810 1.9655881 2.0305562 1.6169799 1.6817001 
Hvul_g27063_1                                          1.3593715 1.3123049 0.8489277 1.3618343 1.2582435 1.0917220 1.0826475 1.2283872 1.2195646 1.0883733 0.8260994 1.2339429 0.6940513 0.7669682 1.0989916 1.3340283 1.1894332 0.7322957 1.1121687 2.4888642 1.1538692 0.7828392 1.1578506 1.1225172 1.1502961 1.4242759 1.1106670 0.7281615 0.7591179 2.0476521 2.4034801 1.9450384 1.2098868 1.1517118 1.4700282 0.0000000 0.6742766 0.7296730 0.5843088 0.9350534 0.9247336 0.9960249 1.2913750 1.3916824 1.4229339 1.2759892 1.2702936 1.2532360 1.2693297 1.2396744 1.2231964 1.1989219 1.3202490 1.4222513 1.4597508 1.4277735 1.7261697 1.7442955 1.6251889 1.6167984 1.8874563 1.5889978 1.7807202 1.8517665 1.9281375 1.9740282 1.9972483 1.9512535 2.1960656 1.9107585 1.8065822 1.6642907 1.9478378 1.3954403 
Chem_TCONS_00014248                                    1.2613700 1.2605127 0.8276833 1.2611304 1.0845513 1.2067824 1.1873866 1.0990390 1.2848831 1.1662464 0.8921281 1.3281975 0.8875478 0.9223336 1.2211542 1.2744701 1.2134649 0.6472924 1.1652138 2.3398692 1.1375012 0.7335024 1.1416348 1.1504320 1.2183909 1.3568667 1.1300324 0.8317902 0.7644891 1.6429540 2.6298114 1.8969557 1.3430999 1.3995032 1.5927519 0.6742766 0.0000000 0.5428521 0.6474549 0.9303183 0.8997097 0.9786053 1.4052270 1.4985450 1.4299894 1.3373497 1.3621734 1.2742166 1.2845239 1.2564683 1.3499032 1.3414215 1.3551320 1.4104291 1.5687569 1.5374462 2.0286308 2.0421497 1.8939618 1.7423157 2.1461119 1.7351111 1.8041282 2.2234315 2.1145635 2.2308918 2.2132255 2.0247721 2.5461515 2.2572994 1.9983652 1.5984275 1.9041422 1.7645531 
Morvir_scaffold53.g40.t1                               1.0658512 1.0554177 1.0881855 0.9956918 0.9852138 0.9958938 0.9289779 1.0363662 1.0516926 0.8452736 1.1206192 0.9628634 0.9342963 0.9887988 0.8644208 0.9361328 0.8595878 0.7244397 0.8278570 2.1321011 0.7836219 0.8760298 0.8213305 0.7629659 0.9184865 0.9982564 0.8150842 0.8948217 0.8858146 0.0000010 4.0410530 2.6294259 1.0245641 1.0582993 1.0526865 0.7296730 0.5428521 0.0000000 0.5786383 0.5606552 0.5446063 0.5758932 1.1447218 1.0894486 0.9878991 1.0952316 1.0738931 1.0749840 1.0749840 1.0537061 1.1149506 1.1149506 0.0000010 1.3332625 1.1625734 1.1473319 1.6278116 1.6076969 1.9133027 1.7899559 1.7681432 1.7488931 1.7603239 1.7170004 1.7141885 1.6816761 1.8227157 1.3620376 2.3860523 1.7573031 1.7223524 3.0231062 1.6419905 1.4190456 
Aaur_scaffold284.g2.t2                                 1.0390079 1.0503080 1.0431668 1.0173338 0.9437865 0.9113198 0.8691174 1.2336517 1.0585375 0.7569762 1.2574319 0.9524204 0.8282091 0.8947987 0.6723588 0.9126450 0.7271608 0.7318622 0.8049463 2.0837634 0.6562090 0.7263323 0.7042801 0.6500098 0.7831120 0.8629349 0.6233745 0.6911223 0.7096494 0.0000010 4.1455665 2.1268663 0.9844823 0.8582294 1.0312505 0.5843088 0.6474549 0.5786383 0.0000000 0.2597346 0.2070530 0.3641826 0.9377464 1.0129451 0.8490572 0.9483604 0.9246075 0.8810472 0.8810472 0.9186817 0.9645149 0.9645149 0.0000010 1.1914593 1.2102432 1.0624040 1.5591819 1.5800460 1.8402292 1.6904111 1.6681223 1.6368148 1.7151242 1.4844895 1.6009800 1.7038146 1.6207519 1.0325759 1.9567615 1.4474649 1.5168903 2.6574560 1.6397793 1.2180712 
Nemnom_g1386.t1                                        1.3028427 1.2846579 0.9328126 1.2397463 1.2346060 1.2869550 1.2404754 1.2635155 1.3072542 1.1956883 0.8471785 1.3452471 0.7955504 0.8516562 0.8818786 1.1274738 1.0799982 0.6774877 1.1955280 1.7091222 0.9468072 0.7146514 0.9413459 0.9636469 0.9740101 1.2163188 0.9505071 0.6909405 0.7468180 1.3060569 2.0177981 1.6096947 1.1651468 1.1953743 1.4299534 0.9350534 0.9303183 0.5606552 0.2597346 0.0000000 0.1323782 0.4375932 1.4006577 1.2930102 1.3149009 1.1956827 1.1793719 1.1432239 1.1376310 1.1724524 1.1885854 1.1848180 0.3702138 1.3806012 1.3464351 1.5554358 1.9246124 1.9104798 1.9912379 1.7654780 1.9918492 1.7149773 1.8759837 2.0280709 1.9847178 2.1162878 2.0295052 1.7834879 2.1637442 1.8862240 1.9006732 1.2416218 1.9972453 1.5387319 
Rhoesc_Res_000588-T1                                   1.2635691 1.2646734 0.9590910 1.2366938 1.1838822 1.3152893 1.2564997 1.2972642 1.3607342 1.1882864 0.8929280 1.3452338 0.8303507 0.8964821 0.9430147 1.1828232 1.0642428 0.6769687 1.1995295 1.8956928 0.9363457 0.7645937 0.9235331 0.9465993 0.9755859 1.2376968 0.9209833 0.6883549 0.7695119 1.4092325 1.9750277 1.5973185 1.1492780 1.1329546 1.3897971 0.9247336 0.8997097 0.5446063 0.2070530 0.1323782 0.0000000 0.3982178 1.4198895 1.2729369 1.2544184 1.1799982 1.1745185 1.1427570 1.1371690 1.1298419 1.1552986 1.1516471 0.3585631 1.3687255 1.3402108 1.5373638 1.8328228 1.8424967 1.9189231 1.7316784 1.9333220 1.6577054 1.8719496 2.0378540 1.8871554 2.1439487 2.0869368 1.7682277 2.1978218 1.9127397 2.0329466 1.2247121 2.0111438 1.3816222 
Sanmal_Sma_011265-T1                                   1.4178665 1.4201890 1.0237887 1.3705421 1.3502840 1.3183693 1.3395659 1.4073248 1.3702514 1.2695326 0.8651036 1.3848556 1.0153006 1.1052618 1.0082116 1.2084693 1.0874235 0.7509393 1.2561805 1.8607353 0.9321599 0.7933826 0.9769866 0.9734197 1.0222034 1.2513746 1.0152317 0.8116615 0.9150144 1.3743268 2.1417562 1.6703904 1.3005261 1.3274728 1.4460556 0.9960249 0.9786053 0.5758932 0.3641826 0.4375932 0.3982178 0.0000000 1.4884933 1.4312595 1.4212220 1.1594694 1.1648209 1.1527807 1.1564171 1.1883862 1.1613302 1.1582811 0.4467466 1.3867451 1.5528843 1.6405567 1.9358117 1.9430819 1.8908496 1.6696191 1.9451867 1.6648482 1.7616748 1.8280300 2.0343751 1.9543562 1.9880518 1.8337261 2.4099466 2.0340683 1.8544752 1.1587382 2.2242985 1.7875258 
Cgig_XM_011458392.3                                    1.1499169 1.1328588 0.9061564 1.1565631 1.0799133 1.2789249 1.2675392 1.1766223 1.3699634 1.0813460 1.0474729 1.2843393 0.8023784 0.8460933 1.1703795 1.3389483 1.0227465 0.8196137 1.0370099 2.1833612 1.0973059 0.8934472 1.1191241 1.1032449 1.1838642 1.4090262 1.1198092 0.9508971 0.8471829 1.4470187 2.2080458 1.9745089 0.8576676 0.9297780 1.0190780 1.2913750 1.4052270 1.1447218 0.9377464 1.4006577 1.4198895 1.4884933 0.0000000 0.6155935 1.0530492 1.3794892 1.3529797 1.3929198 1.3856800 1.3452778 1.4205911 1.4174647 1.7698808 1.0529700 1.1634476 1.2823920 2.0161561 2.0044194 1.8400472 1.7356867 2.0718790 1.7756193 1.8483969 1.9881983 1.9879383 1.9858972 2.1283245 2.1640347 2.3758195 2.0498499 1.7915105 2.5457719 1.6403701 1.2515119 
Acagra_model.g13584.t1                                 1.4092258 1.4485516 1.0355920 1.4197456 1.2806524 1.2367303 1.2522773 1.2780302 1.4321176 1.1967357 0.8077246 1.3813796 0.7422362 0.8304709 1.0382314 1.2334675 1.1992718 0.9043994 1.1272087 2.3824861 1.1408746 0.9128222 1.1229854 1.0563540 1.1762131 1.2166428 1.1161315 0.9767992 0.7896715 1.6364282 2.2318876 1.8897944 0.7478768 0.8321535 0.9014203 1.3916824 1.4985450 1.0894486 1.0129451 1.2930102 1.2729369 1.4312595 0.6155935 0.0000000 0.9633597 1.4334690 1.4384080 1.4411287 1.4335599 1.4247507 1.4724157 1.4691886 1.6904185 1.0071533 1.1551410 1.2234224 2.0220190 2.0102959 1.8571053 1.8192629 2.0050386 1.8521008 1.9072658 1.9653099 1.9649663 1.9363536 2.0922374 1.9189199 2.2808485 2.0774439 1.7995055 2.0521956 1.6171198 1.1065947 
Spur_XM_030980879.1                                    1.2834863 1.2985738 0.9715778 1.3322496 1.1934540 1.3080370 1.2512768 1.0336435 1.3080564 1.2918871 0.9286344 1.4052286 0.7073169 0.7370098 1.1929540 1.3368078 1.2436768 0.8376242 1.2151955 1.8166793 1.1688031 0.8638187 1.1180220 1.1108157 1.2004072 1.2551880 1.0499487 0.8377907 0.8161882 1.3837866 2.3154401 1.8548154 0.8907174 0.8940089 0.8126336 1.4229339 1.4299894 0.9878991 0.8490572 1.3149009 1.2544184 1.4212220 1.0530492 0.9633597 0.0000000 1.4277959 1.4434593 1.3810914 1.3695894 1.4048052 1.4009806 1.3978657 2.2127644 1.1962269 1.1538704 1.2972386 2.1009639 2.0886637 1.9210306 1.8176954 2.2317336 1.7586388 1.8623108 2.0949182 2.0488104 2.1090950 2.1331657 2.4108592 2.3746014 2.1869084 1.7722460 2.4203906 1.8596493 1.2872773 
HoiH23_PlH23_006031-RA                                 1.2436030 1.3474603 1.0877656 1.2738478 1.1980888 1.1440541 1.1903948 1.2448074 1.2584286 1.1607136 0.6929468 1.2343372 0.9755052 1.0454126 1.0583491 1.2039058 0.9694519 0.7587139 1.1270983 1.5566496 1.0318961 1.2011903 1.0603758 0.9710437 1.0584450 1.2626426 1.0408994 1.0096720 1.0504428 0.9677373 1.6935057 1.4384410 1.1917098 1.2357967 1.3222434 1.2759892 1.3373497 1.0952316 0.9483604 1.1956827 1.1799982 1.1594694 1.3794892 1.4334690 1.4277959 0.0000000 0.0590726 0.1142545 0.1178162 0.1216204 0.2256919 0.2294749 1.1621195 1.4866402 1.4453190 1.5189407 1.8460626 1.8352740 1.8800045 1.7086842 2.1688915 1.6490211 1.9361966 2.1291113 2.1671148 1.8738020 2.0845996 2.1598543 2.4166263 2.1465247 2.0799628 1.8272794 1.9032148 1.8284784 
HoiH06_mRNA7668                                        1.2416616 1.3351906 1.0766208 1.2579298 1.2108602 1.1805858 1.2295648 1.2321198 1.2508464 1.1671743 0.6929468 1.2389263 0.9708229 1.0363026 1.0748770 1.2400755 0.9970026 0.7662029 1.1574857 1.6669606 1.0082531 1.1325779 1.0589616 0.9586778 1.0287957 1.2764135 1.0499328 1.0028830 0.9820507 1.1013690 1.6980390 1.4443924 1.1993415 1.2343377 1.3355328 1.2702936 1.3621734 1.0738931 0.9246075 1.1793719 1.1745185 1.1648209 1.3529797 1.4384080 1.4434593 0.0590726 0.0000000 0.1213704 0.1249900 0.1373824 0.2191839 0.2269540 1.2145965 1.4631176 1.4094928 1.5206187 1.8580284 1.8471213 1.8021581 1.6518804 2.1367209 1.5991661 1.9518190 2.1177778 2.1035550 1.8683363 2.0219322 2.1562673 2.4257242 2.1680513 2.0546878 1.8029307 1.8202530 1.7804148 
Hhon_g03224.t1                                         1.2280297 1.2668055 1.0790122 1.2615274 1.1656205 1.1657121 1.1998131 1.2117473 1.2280175 1.1523682 0.7227094 1.2465286 0.9860920 1.0439134 1.0798137 1.2587518 0.9745328 0.7769636 1.1194120 1.5128195 1.0197577 1.2135175 1.0540043 0.9727122 1.0393793 1.2740611 1.0246776 0.9377044 1.0706838 0.8926018 1.6769585 1.4252288 1.1958001 1.2353354 1.2808900 1.2532360 1.2742166 1.0749840 0.8810472 1.1432239 1.1427570 1.1527807 1.3929198 1.4411287 1.3810914 0.1142545 0.1213704 0.0000000 0.0028083 0.1396284 0.2212827 0.2250827 1.1259805 1.4406642 1.4138423 1.4774967 1.8806842 1.8697532 1.8817579 1.7156812 2.1908183 1.6786303 1.9538604 2.1054876 2.1715421 1.9074800 2.0315090 2.1894937 2.3824529 2.1627323 2.1325291 1.7597282 1.8778692 1.9496768 
HoiH04_mRNA2423                                        1.2311462 1.2603719 1.0790122 1.2654020 1.1695472 1.1694252 1.1899898 1.2117473 1.2352033 1.1466396 0.7227094 1.2333612 0.9860920 1.0439134 1.0710534 1.2655996 0.9866867 0.7769636 1.1282264 1.5128195 1.0256181 1.2135175 1.0596288 0.9806683 1.0454254 1.2823550 1.0303664 0.9377044 1.0706838 0.8926018 1.6943180 1.4336637 1.1899076 1.2291468 1.2744087 1.2693297 1.2845239 1.0749840 0.8810472 1.1376310 1.1371690 1.1564171 1.3856800 1.4335599 1.3695894 0.1178162 0.1249900 0.0028083 0.0000000 0.1436712 0.2255814 0.2294081 1.1380628 1.4287451 1.4055189 1.4696469 1.8860361 1.8750842 1.8817579 1.7156812 2.1768708 1.6786303 1.9538604 2.1122377 2.1909209 1.9327763 2.0640153 2.1988414 2.4217740 2.2019648 2.1325291 1.7692345 1.8650667 1.9496768 
HoiH11_mRNA243                                         1.2527416 1.2809787 1.0609866 1.2908482 1.1714434 1.0870074 1.1064062 1.0644041 1.1709474 1.0612342 0.7302530 1.1348764 0.9021919 1.0034629 1.0515378 1.1531079 0.9714918 0.7548801 1.1240364 2.4104884 1.0437835 1.2122966 1.1038070 1.0338081 1.1165058 1.3542057 1.0681110 0.9567124 1.0601884 1.0514652 2.0042592 1.5760152 1.1537807 1.2307625 1.3105996 1.2396744 1.2564683 1.0537061 0.9186817 1.1724524 1.1298419 1.1883862 1.3452778 1.4247507 1.4048052 0.1216204 0.1373824 0.1396284 0.1436712 0.0000000 0.2091545 0.2132823 1.1963427 1.4607533 1.4860322 1.4746703 1.8320331 1.8205314 1.9372194 1.7143451 2.0592964 1.6492760 1.9448811 2.1136005 2.0018231 1.9325902 2.0978623 1.9872449 2.2949996 2.0214618 2.1495719 1.6224747 1.9343122 1.8537885 
