150
Mertsp_Mesp_sb583229                                               0.0000000 0.0075204 0.0234768 0.0234768 0.0234768 0.2438659 0.1379199 0.1379199 0.1379199 0.1379199 0.1133884 0.9672433 1.0885734 0.9958987 1.1663799 1.0319314 1.0544035 1.2836150 0.6583442 1.2015549 2.9855433 2.3108057 2.3231815 2.3231815 2.1921679 2.2428616 2.1371467 2.3093477 2.2794588 2.4509391 2.0025653 1.6090775 1.1849607 2.6614588 2.7669931 3.2963441 4.5053235 3.4489150 3.3235617 3.6624932 3.5074766 3.5303952 3.3608124 3.3919528 4.0367795 4.4712891 4.1050795 3.6417195 3.6417195 3.7564333 4.7690416 4.2973628 4.3282125 3.9782198 3.5562237 4.2147834 4.4362866 7.1077987 3.6791354 3.5129379 4.0582813 3.9893364 4.0150752 4.1460994 3.9877967 4.0356256 3.9113116 5.9383699 5.2559342 4.1540862 4.4169715 3.9683526 2.2929347 3.3602130 3.1781947 2.9943934 3.4539116 3.6155070 3.4774196 2.8371653 3.3155703 3.4398428 3.5916909 3.6448999 3.4120855 3.5631151 2.9184309 3.0263405 4.4281477 4.0176471 4.0315065 3.8583482 3.5877403 6.8591456 3.5135302 4.3490314 4.5079231 4.1027065 4.4567402 3.9256844 5.1731534 4.6777352 4.3602546 4.4610358 3.3010079 4.1535487 3.6733682 4.0832092 4.6352347 3.2059137 5.4744214 3.7796733 3.4447073 3.7549432 4.0187470 3.4127030 3.6640332 3.8769577 5.2146895 4.1006798 4.3978965 3.5635926 3.7851401 4.0594564 3.6526378 3.1494964 3.4227898 3.4938191 5.8931461 3.1544631 3.7123417 3.7123417 3.1535369 3.1535369 3.4139509 2.9770765 3.8008005 3.9990199 4.5962365 4.3186417 4.4130195 4.6464364 3.3874534 5.2464055 2.9616777 3.9832353 4.1300682 3.6899779 4.1213428 2.0303524 
Mertsp_Mesp_sb583226                                               0.0075204 0.0000000 0.0188873 0.0188873 0.0188873 0.1871731 0.1061924 0.1061924 0.1061924 0.1061924 0.0797151 0.7554623 0.9148997 0.8468421 1.0879416 0.9289351 0.9537998 1.0187004 0.5150070 1.0381742 1.1983367 2.3532992 2.4402048 2.4402048 2.3282631 2.2877639 2.2285579 2.4367474 2.4207217 2.4135692 1.9510045 1.6090775 1.1849607 2.3390698 2.7669931 2.9643906 3.9923843 3.3597419 3.2512444 3.6008561 3.3497212 3.3673018 3.2341974 3.5721524 3.6799407 4.2081297 4.2489526 3.6417195 3.6417195 3.7564333 3.9141407 4.0999996 4.2808988 4.0201314 3.6640522 4.2385319 4.3865676 7.2491528 3.2810231 2.9915024 3.2654360 3.2012939 3.3024907 3.5042569 3.4169250 3.3343438 3.3611935 4.1528048 4.3972829 3.4974118 3.7270548 3.2963649 2.1345898 2.9551338 2.9131830 2.9943934 3.0466433 3.1860838 3.0635782 2.8925492 2.8096800 3.0090828 3.2243267 3.0460964 3.2588348 3.3204228 2.8454496 2.8116316 4.0024586 3.4054378 3.5090038 3.3936961 3.4710065 4.8616331 3.1316374 3.8621287 4.0324406 3.6271575 3.9806556 3.5113556 4.1817333 3.1250587 4.3395803 3.9838209 3.3010079 3.9504932 3.3974391 3.5688037 3.1823520 2.8334557 2.8296605 3.1344176 3.0904862 3.4956162 3.6272159 3.0928103 3.1087003 3.3231990 3.3448903 3.7757009 3.8980604 3.3507100 3.5751506 3.7988633 3.4315508 2.7350925 3.3782569 3.2695321 5.8931461 2.6978200 3.1968824 3.1968824 3.0435830 3.0435830 3.4497518 2.7835959 3.3181945 3.9990199 3.8618349 3.6397770 4.4130195 3.9117764 3.2266800 4.8386386 2.8091456 3.7882761 3.7462473 3.3086728 3.6253498 1.6553237 
Mertsp_Mesp_sb583219                                               0.0234768 0.0188873 0.0000000 0.0000010 0.0000010 0.0946225 0.0485522 0.0485522 0.0579594 0.0606657 0.1061924 0.6623976 0.8102720 0.7509871 1.0879416 0.7595146 0.7642478 0.8757941 0.4637679 0.8808917 0.7589268 2.0355748 2.0792663 2.0957857 2.2291221 2.0188539 2.0871932 2.1435457 2.0719920 1.9613812 1.8369274 1.6090775 1.1849607 2.0497945 2.7720176 2.5560223 3.1847227 2.9696488 3.0647885 3.3128387 2.9964415 2.8977424 3.1958112 3.3882758 3.0546731 3.3856701 3.5991547 1.5496409 1.5748825 1.3811174 2.7599011 2.9609994 2.8551454 2.7809082 2.5630655 2.8239003 2.8424450 3.8263687 2.6769453 2.5202762 2.3122235 3.1199347 2.6943386 3.3626535 2.8757228 2.6339682 2.6594976 2.8552663 3.0139829 2.8244161 2.9308474 2.6404043 1.9377304 2.4797786 2.4591687 2.9943934 2.6359568 2.7411802 2.6198900 2.3948633 2.2903251 2.4514342 2.5056578 2.3950065 2.4770877 2.6078628 2.4063707 2.4164831 2.5982862 3.1456172 2.8088066 2.7546315 2.8395427 4.0843419 2.5990421 2.9142221 3.2091099 3.0123037 3.3440538 3.0426037 3.1317924 2.4133036 2.9827814 3.0798819 3.3010079 3.9504932 3.0980235 2.6669826 2.0081789 2.2353906 1.8696248 2.3400503 2.3616976 3.1528057 2.6768257 2.2761159 2.8474117 2.5863197 2.4168610 3.0206637 3.0613746 2.8551090 2.7803077 2.9552238 2.7151827 2.5699779 2.7911992 2.6929512 3.2126581 2.3425716 2.5335477 2.5433975 2.5213130 2.5535013 2.7774243 2.4357554 2.5574157 3.9990199 3.4688398 3.3124376 4.4130195 3.9117764 3.1168104 3.1597277 2.2958464 2.8434440 2.8302409 3.1005167 2.9816881 2.8841096 
Mertsp_Mesp_sb583221                                               0.0234768 0.0188873 0.0000010 0.0000000 0.0000010 0.1133780 0.0579594 0.0579594 0.0579594 0.0606657 0.1061924 0.6366788 0.8102720 0.7509871 1.0879416 0.8450874 0.8508588 0.9053595 0.4333262 0.9092155 0.7480326 2.0155001 2.1270484 2.1470713 2.2291221 2.0773001 2.0871932 2.0956386 2.0141320 1.9835023 1.7847805 1.6090775 1.1849607 2.0497945 2.7669931 2.7731808 3.3418863 3.0688333 3.0692031 3.3650035 2.8762532 2.8852844 3.1444537 3.3439309 3.2454822 3.4176930 3.5474359 1.4654184 1.2631109 1.1889508 3.0051652 3.2413366 3.1651131 2.9838822 2.7403753 3.0801484 3.2186758 4.5544781 2.7041067 2.5386434 2.5881798 2.6017726 2.7456123 3.3626535 2.9579874 2.6958174 2.6827351 2.9441023 3.2260676 2.9662880 3.0637795 2.6920193 1.6120120 2.5069460 2.4458759 2.9943934 2.6902940 2.7036295 2.6363913 2.4349563 2.3054430 2.4855496 2.5480871 2.5567881 2.5843856 2.6082221 2.3690837 2.3313831 2.5444555 3.1456172 2.9432643 2.8737636 2.8284202 4.0843419 2.6567565 3.1886502 3.2899091 3.0476035 3.4797678 3.0746433 3.2165741 2.3133147 3.3258072 3.0939944 3.3010079 3.9504932 3.0980235 2.7969268 2.0081789 2.2782555 1.7821425 2.4518125 2.4269566 3.1528057 2.8344407 2.3466481 2.8474117 2.6892706 2.3648305 3.3840314 3.3803210 3.0071232 3.0081748 3.0438216 2.7972694 2.5339618 2.8966139 2.8301011 4.0349067 2.4233441 2.6650138 2.6775896 2.6483072 2.6892065 2.9037366 2.5458635 2.6719435 3.9990199 3.4688398 3.3124376 4.4130195 3.9117764 3.1997072 3.7222329 2.2258777 2.9603378 3.0201199 3.1005167 3.1279431 2.7129616 
Mertsp_Mesp_sb583222                                               0.0234768 0.0188873 0.0000010 0.0000010 0.0000000 0.1187998 0.0606657 0.0606657 0.0606657 0.0606657 0.1061924 0.6320407 0.8102720 0.7509871 1.0879416 0.8818499 0.8879638 0.9438130 0.4205909 0.9268951 0.7738639 2.0508815 2.1498735 2.1709419 2.2291221 2.0772886 2.0871932 2.1476423 2.0613107 1.9763694 1.7763514 1.6090775 1.1849607 2.0928995 2.7669931 2.7985147 3.1843150 2.9576769 2.9079718 3.2538759 2.7910196 2.7996958 3.1444537 3.0825796 3.1490458 3.4707084 3.4010653 1.4671046 1.2209324 1.1258883 3.1094615 3.3989818 3.3089361 3.1063335 2.8554472 3.2114248 3.3128102 4.9433517 2.7885648 2.6144933 2.6994786 2.6157144 2.7822384 3.3626535 2.9489177 2.7464775 2.6628999 2.9312581 3.2996389 2.9929641 3.0959840 2.7982968 1.6120120 2.5388495 2.5080845 2.9943934 2.6167948 2.8109237 2.7394881 2.4429605 2.3279116 2.4613896 2.5663619 2.5600947 2.6102791 2.7047289 2.4372617 2.3458903 2.6646781 3.1456172 2.9918806 2.9177328 2.8690695 4.0843419 2.7196207 3.2054542 3.4236279 3.1562631 3.6026152 3.1302130 3.3103611 2.3272554 3.4402029 3.1808591 3.3010079 3.9504932 3.0980235 2.8861901 2.0103758 2.2723441 1.7225716 2.4550060 2.4652537 3.1528057 2.9205356 2.3965900 2.8474117 2.7226279 2.3618819 3.5493329 3.5240794 3.0277279 3.1116906 3.1835976 2.8510776 2.5632398 3.0003662 2.8838258 4.9840764 2.4435847 2.7269404 2.7405535 2.6474557 2.6902574 2.9333623 2.5827634 2.7162730 3.9990199 3.4688398 3.3124376 4.4130195 3.9117764 3.2266800 3.9121407 2.2462902 3.0627552 3.1174057 3.1621700 3.1835645 2.4365992 
Bolinf_Binf_sb1230364                                              0.2438659 0.1871731 0.0946225 0.1133780 0.1187998 0.0000000 0.0039619 0.0041432 0.0048880 0.0050996 0.0275244 0.5804430 0.5887108 0.5880139 0.9317177 0.7338198 0.7549906 0.8670063 0.4822023 0.8692985 0.7599342 2.2607932 2.2279449 2.2443330 2.3909869 2.0803978 2.1599676 2.2502292 2.1011924 2.1323838 2.0198556 1.6128610 1.1273344 2.2165694 2.9905640 2.7328939 3.1884398 3.0354689 3.1387963 3.5508418 3.0381759 2.9192500 3.2230410 3.4673114 3.0546731 3.5110865 3.4785503 1.7555538 1.8123764 1.3811174 2.7926199 3.0262191 2.9245965 2.7893986 2.6534011 2.8458209 2.8526121 4.2277393 2.7246073 2.6565189 2.4114344 2.9726363 2.7614007 3.0930113 2.8901394 2.6625489 2.5362490 3.0549614 3.0100246 2.9176080 2.9585533 2.7634765 1.9679325 2.6135927 2.5804745 3.0690790 2.6659473 2.8662001 2.7619175 2.5093875 2.3590373 2.5342952 2.6338678 2.5030833 2.4734667 2.7688565 2.4913409 2.5334674 2.8214395 3.3062707 2.9722012 2.9199863 3.0091154 4.0843419 2.5851173 2.8316779 3.0678509 2.8877622 3.1741299 2.9753348 3.1365145 2.5521931 2.8944650 3.0073463 3.7481708 4.0855025 2.9216336 2.8360330 2.0081789 2.3445517 2.0560078 2.3400503 2.4859258 3.0644996 2.7105883 2.4016920 2.7366129 2.5995182 2.3591415 3.0482668 3.0256881 2.9754627 2.7887381 3.0661721 2.7072395 2.6618676 2.9678709 2.7552154 3.7431865 2.4558363 2.6328621 2.6428195 2.5994391 2.6317213 2.7983038 2.5056895 2.8203322 4.2814919 3.1349601 3.1449716 4.1746537 3.7187845 3.1248409 3.0429268 2.5036307 2.9205386 2.8257223 3.0612936 3.0819077 3.0625005 
Bolinf_Binf_sb1230365                                              0.1379199 0.1061924 0.0485522 0.0579594 0.0606657 0.0039619 0.0000000 0.0000010 0.0000010 0.0000010 0.0204225 0.5413842 0.5550425 0.5550425 0.8661052 0.6996193 0.7166805 0.8314688 0.4822023 0.8158612 0.7599342 2.1953776 2.1686327 2.1853367 2.3003612 2.0639120 2.0767448 2.2145071 2.0748166 2.1323838 1.9750205 1.6128610 1.0331224 2.2331716 2.8555343 2.6719964 3.1608817 3.0124489 3.1208732 3.4358234 3.0123749 2.8874217 3.1889623 3.4673114 3.0546731 3.4292462 3.5051840 1.7555538 1.8123764 1.3811174 2.7439590 2.9518878 2.8356089 2.7862279 2.6399288 2.7900258 2.8421438 4.0666454 2.6604415 2.6565189 2.3721670 2.9693505 2.6935119 3.0416103 2.8565164 2.5748933 2.5404920 2.8929727 2.9911615 2.8453107 2.8861364 2.7247677 1.9679325 2.5635673 2.5250107 2.9121162 2.5937948 2.8361858 2.6959073 2.5086489 2.2752695 2.4477405 2.5853295 2.3958858 2.4203820 2.7688565 2.4304659 2.4680942 2.8214395 3.1905076 2.9151403 2.8515909 2.9384386 4.0843419 2.5559616 2.8209545 2.9696163 2.7907226 3.1114254 2.8765416 2.9703439 2.4032476 2.8398171 2.9826747 3.5670171 3.9490588 2.8225156 2.7951738 2.0081789 2.3445517 2.0560078 2.3400503 2.4510308 2.9066402 2.6127809 2.2712983 2.7106378 2.5409722 2.3497918 2.9864564 2.9613588 2.8588086 2.7231019 2.9915455 2.6681026 2.5954365 2.9323370 2.7077576 3.7431865 2.3928339 2.5986364 2.6086250 2.5565298 2.5888434 2.7557321 2.5056895 2.7186158 3.9284142 3.1390278 3.0503210 3.9518776 3.5405998 3.0495244 3.0863851 2.4894684 2.8564033 2.7666296 2.9993696 2.9769776 2.9194409 
Mertsp_Mesp_sb583220                                               0.1379199 0.1061924 0.0485522 0.0579594 0.0606657 0.0041432 0.0000010 0.0000000 0.0000010 0.0000010 0.0204225 0.5413842 0.5550425 0.5550425 0.8661052 0.6784176 0.6959287 0.8070136 0.4637679 0.8160271 0.7589268 2.0567353 2.0875018 2.1046223 2.2504973 1.9901445 2.0767448 2.1604452 2.0329785 2.0185914 1.8481505 1.6128610 1.0331224 2.2331716 2.5940221 2.5419863 3.1608817 3.0124489 3.1059830 3.3670415 2.9889255 2.8874217 3.1889623 3.3882758 3.0546731 3.4292462 3.4654117 1.5496409 1.5748825 1.3811174 2.6695845 2.7972717 2.6782577 2.6459201 2.4727908 2.6894169 2.7084473 3.8563772 2.5808058 2.5007371 2.2173309 2.8767980 2.5385763 3.0416103 2.7299865 2.3933501 2.3812454 2.6752019 2.9911615 2.7007318 2.7440859 2.5333341 1.9377304 2.4068932 2.3704007 2.9121162 2.5937948 2.7043213 2.5788999 2.3690159 2.1539025 2.3081989 2.4700955 2.2506539 2.3820986 2.6294264 2.3016768 2.3614004 2.5982862 3.1905076 2.8185194 2.7538658 2.8409794 4.0843419 2.4539219 2.7161594 2.8885185 2.7083343 3.0333737 2.7834786 2.8411164 2.2494472 2.7334339 2.9458636 3.5670171 3.9490588 2.8225156 2.6990561 2.0081789 2.2353906 1.8696248 2.3400503 2.3247099 2.9066402 2.5370858 2.1955203 2.7106378 2.5140434 2.3497918 2.8523863 2.9014164 2.7023353 2.5966562 2.9215386 2.5627024 2.4765752 2.9255806 2.6877635 3.2126581 2.3136736 2.5210789 2.5310835 2.4453215 2.4771315 2.5991094 2.4357554 2.5147164 3.9284142 3.1390278 3.0503210 3.9518776 3.5405998 3.0495244 2.9771434 2.3215769 2.7176096 2.6160828 2.9993696 2.8222359 2.9032858 
Mertsp_Mesp_sb583223                                               0.1379199 0.1061924 0.0579594 0.0579594 0.0606657 0.0048880 0.0000010 0.0000010 0.0000000 0.0000010 0.0204225 0.5005519 0.5550425 0.5550425 0.8661052 0.7430405 0.7654222 0.8220889 0.4333262 0.8324037 0.7480326 2.0398300 2.1391685 2.1600703 2.2504973 2.0441738 2.0767448 2.1133900 1.9673762 2.0565277 1.7962770 1.6128610 1.0331224 2.2331716 2.5792869 2.7631280 3.3183907 3.1155814 3.1202642 3.4348289 2.8650945 2.8742218 3.1363727 3.3439309 3.2454822 3.4639273 3.3953707 1.4654184 1.2631109 1.1889508 2.8928837 3.0316050 2.9365242 2.8134094 2.6265005 2.9048391 3.0371321 4.6358454 2.5878371 2.5149140 2.4712385 2.3431032 2.5556737 3.0416103 2.7786909 2.3939910 2.3432561 2.7107000 3.2003182 2.8152966 2.8332748 2.5617643 1.6120120 2.4191309 2.3519273 2.9121162 2.6465987 2.6590258 2.5869730 2.4045926 2.1420596 2.3123563 2.5052328 2.3789074 2.4692250 2.6344845 2.2444700 2.2645993 2.5444555 3.1905076 2.9585210 2.8765703 2.8297967 4.0843419 2.4796215 2.9311946 2.8983160 2.6811687 3.0953750 2.7599907 2.8509025 2.0932863 2.9986276 2.9322296 3.5670171 3.9490588 2.8225156 2.8423553 2.0081789 2.2782555 1.7821425 2.4518125 2.3831818 2.9066402 2.6614715 2.2497047 2.7106378 2.6015362 2.2847201 3.1602609 3.1697516 2.8179012 2.7752176 3.0048108 2.6096990 2.4229922 3.0700907 2.8263706 4.0349067 2.3902912 2.6528229 2.6656556 2.5567725 2.5971167 2.6835980 2.5458635 2.6225207 3.9284142 3.1390278 3.0503210 3.9518776 3.5405998 3.1328154 3.4797995 2.2570817 2.8046726 2.7518905 2.9993696 2.9307449 2.7285517 
Mertsp_Mesp_sb583224                                               0.1379199 0.1061924 0.0606657 0.0606657 0.0606657 0.0050996 0.0000010 0.0000010 0.0000010 0.0000000 0.0204225 0.4901747 0.5550425 0.5550425 0.8661052 0.7725462 0.7967012 0.8553416 0.4205909 0.8460434 0.7738639 2.0785824 2.1636807 2.1857180 2.2504973 2.0425764 2.0767448 2.1692090 2.0124653 2.0533469 1.7880303 1.6128610 1.0331224 2.2848211 2.5792869 2.7888610 3.1585227 3.0025595 2.9559180 3.3192579 2.7779796 2.7867356 3.1363727 3.0825796 3.1490458 3.5203586 3.2464622 1.4671046 1.2209324 1.1258883 2.9907814 3.1729679 3.0621563 2.9229445 2.7328262 3.0209215 3.1174438 5.0571581 2.6671293 2.5888021 2.5763729 2.3437068 2.5818368 3.0416103 2.7626654 2.4258947 2.3112857 2.6855133 3.2733245 2.8348138 2.8538787 2.6591170 1.6120120 2.4470335 2.4092120 2.9121162 2.5711771 2.7658359 2.6887220 2.4114603 2.1573497 2.2817584 2.5218641 2.3740542 2.4903440 2.7332007 2.3058072 2.2763731 2.6646781 3.1905076 3.0091581 2.9221319 2.8718520 4.0843419 2.5324692 2.9359813 2.9994333 2.7619847 3.1904648 2.7977245 2.9145657 2.0841331 3.0891990 3.0095956 3.5670171 3.9490588 2.8225156 2.9385757 2.0103758 2.2723441 1.7225716 2.4550060 2.4202030 2.9066402 2.7377261 2.2957234 2.7106378 2.6312404 2.2747009 3.3060449 3.2966236 2.8291222 2.8621501 3.1455439 2.6518403 2.4469016 3.1928208 2.8809800 4.9840764 2.4092563 2.7155390 2.7294559 2.5516254 2.5938188 2.7032721 2.5827634 2.6652789 3.9284142 3.1390278 3.0503210 3.9518776 3.5405998 3.1587078 3.6494597 2.2796954 2.8965515 2.8300755 3.0587020 2.9747897 2.4342996 
Mertsp_Mesp_sb583228                                               0.1133884 0.0797151 0.1061924 0.1061924 0.1061924 0.0275244 0.0204225 0.0204225 0.0204225 0.0204225 0.0000000 0.5620568 0.6239811 0.6239811 0.8661052 0.7905753 0.8375546 0.9042433 0.5150070 0.9348694 1.1983367 2.4142797 2.4754422 2.4754422 2.3568151 2.2519766 2.2260740 2.4845308 2.3614165 2.5326401 1.9742136 1.6128610 1.0331224 2.6642998 2.5792869 2.9597737 3.9683313 3.4307102 3.3238029 3.7117944 3.3459105 3.3639072 3.2275717 3.5721524 3.6799407 4.3184548 4.0366561 3.6417195 3.6417195 3.7564333 3.7574269 3.7857058 3.9192623 3.7485573 3.4851868 3.9332010 4.0670184 7.6053469 3.1303416 2.9546201 3.1092831 2.8084010 3.0240610 3.1594521 3.1626898 2.8656485 2.8355567 3.7470150 4.3797124 3.2973050 3.4034392 3.1117626 2.1345898 2.8378238 2.7856942 2.9121162 2.9968763 3.1374819 3.0041345 2.8713590 2.5807922 2.7675352 3.1825037 2.7928920 3.1027343 3.3637605 2.6737395 2.7272849 4.0024586 3.4687882 3.5492598 3.4202659 3.5009548 4.8616331 2.8801439 3.4772350 3.4346881 3.0871095 3.4398461 3.0743296 3.5738001 2.6710389 3.8091157 3.7482231 3.5670171 3.9490588 3.0956581 3.6852116 3.1823520 2.8334557 2.8296605 3.1344176 3.0510238 3.2213523 3.3839979 2.9778243 2.9632495 3.2212865 3.1969279 3.4605530 3.5911702 3.0966975 3.2332967 3.7705998 3.1497190 2.5861464 3.6680935 3.2757131 5.8931461 2.6614270 3.1975035 3.1975035 2.9219010 2.9219010 3.1394730 2.7835959 3.2738376 3.9284142 3.4822978 3.3401154 3.9518776 3.5405998 3.1587078 4.4787342 2.8643758 3.5598234 3.3438292 3.2045227 3.3481278 1.5698501 
Beraby_Baby_sb331749                                               0.9672433 0.7554623 0.6623976 0.6366788 0.6320407 0.5804430 0.5413842 0.5413842 0.5005519 0.4901747 0.5620568 0.0000000 0.5682124 0.5245955 0.7577325 0.9296777 0.9461988 0.9434241 0.4112780 1.0837796 0.8479527 2.3395537 2.3685926 2.3685926 2.4362224 2.2171761 2.5352175 2.2714237 2.3405207 2.1916274 2.0480883 2.1288214 1.5439075 2.4619953 3.5205055 2.5446803 3.2199177 3.0913508 3.1643793 3.5395145 3.2448152 3.1959451 3.3804009 3.3462929 3.1405798 3.2418405 3.6185192 1.8116629 1.7345046 1.5078090 2.7086967 2.8484490 2.6014980 2.5044227 2.4123709 2.6485132 2.8006673 3.9205725 2.6808043 2.4868514 2.4043210 2.7974944 2.5973379 2.8541325 2.6594466 2.4642067 2.4518744 2.6271599 2.9640100 2.7041125 2.6503196 2.4819542 1.8573337 2.5466500 2.5040587 3.2455569 2.5721233 2.7035845 2.4362908 2.4339470 2.1152319 2.2986898 2.6443298 2.5187609 2.3737499 2.7014348 2.3580318 2.4606622 2.3209732 2.9171889 2.7952361 2.6215726 2.7700384 3.8333155 2.4967519 2.7052001 2.8420284 2.6974638 3.0925665 2.6920616 2.9132345 2.3469646 2.7559545 2.6694009 4.1418084 3.8958184 3.3812160 2.7725948 2.1863064 2.2343526 1.8861385 2.1047030 2.6063596 3.3310946 2.7197545 2.2851046 3.3070884 2.5647260 2.5337665 2.9956763 3.1177034 2.8714850 2.9312499 2.9047225 2.6445311 2.5885241 3.1394462 2.7139588 3.5359845 2.3180832 2.3925777 2.4020067 2.5082029 2.5411622 2.5509502 2.5030821 2.8179535 4.6872761 3.2700350 3.2771043 4.2618240 3.6517146 3.5739005 3.1991907 2.5678251 3.2332472 3.0107843 3.1503052 3.3254985 3.5734107 
Bolinf_Binf_sb1221053                                              1.0885734 0.9148997 0.8102720 0.8102720 0.8102720 0.5887108 0.5550425 0.5550425 0.5550425 0.5550425 0.6239811 0.5682124 0.0000000 0.0265945 0.5995449 0.9701053 1.0305334 1.2200872 0.5835441 0.9132315 0.4273640 2.5604535 2.6776007 2.6776007 2.7793864 2.2393549 2.8549934 2.3772174 2.5213651 2.1543315 2.0538700 2.6180640 1.5156814 2.2866566 2.5422322 2.5104882 3.6560521 3.3452759 3.1842712 3.7325813 3.5432332 3.5687613 3.5432332 3.1347833 3.4352415 4.0731244 3.7798079 0.0000010 0.0000010 0.0000010 3.5494130 3.5158243 3.4337500 3.3518556 3.3106932 3.4114693 3.7570412 7.3780054 3.0985799 3.3585716 2.9592758 2.9034425 2.9091840 3.2186252 2.9159906 2.8026537 2.6944700 3.0178437 3.6398923 2.9157886 2.9865606 2.6257474 1.5143341 2.8964516 2.9158083 3.6246550 2.7906250 2.8165038 2.5470931 3.1817337 2.8997488 3.1349719 3.1705010 2.8786213 3.1693250 3.6469878 3.0003666 2.9150945 3.3735740 3.6912811 3.3828666 3.0741695 3.3186683 3.9637306 3.1227506 3.4450828 3.4932623 3.2110738 3.6952817 3.4286637 3.6814733 2.2197955 3.8644678 3.5119322 3.8795701 3.7035367 3.1642961 3.4775493 2.5097184 2.6675120 1.9896176 2.1169088 3.0033082 3.1454135 3.1047203 2.9733658 3.2594398 3.1169265 2.2402297 4.1676763 4.2002707 4.0449198 3.6873779 3.5272570 3.2334084 3.0652683 4.0925129 3.2040208 5.8406368 2.8346076 3.0030141 3.0030141 3.1628296 3.2280908 3.5576094 3.0392580 3.3347743 5.3310682 3.4537511 3.3046214 4.6531514 3.8832452 3.4074613 3.6144648 2.9615067 3.3707664 3.2297610 3.6473557 3.6615892 1.9962384 
Bolinf_Binf_sb1221054                                              0.9958987 0.8468421 0.7509871 0.7509871 0.7509871 0.5880139 0.5550425 0.5550425 0.5550425 0.5550425 0.6239811 0.5245955 0.0265945 0.0000000 0.5633512 0.9665690 1.0228307 1.2333221 0.5835441 0.9048125 0.4273640 2.3956566 2.5058474 2.5058474 2.6001778 2.2203309 2.6486804 2.2806605 2.4402998 2.1543315 2.0741596 2.6180640 1.5023865 2.2932869 2.5756870 2.5811064 3.6382243 3.3570777 3.1958525 3.6842892 3.4879148 3.5128142 3.4879148 3.1347833 3.4352415 4.1223423 3.8927034 0.0000010 0.0000010 0.0000010 3.4415588 3.3796183 3.4504278 3.3450576 3.3099151 3.4927589 3.7544279 6.5665396 2.9385643 3.3585716 2.8645912 2.7056049 2.8693356 3.0930603 2.8064967 2.6600675 2.5492000 2.9104934 3.6986836 2.8075367 2.8765452 2.6069241 1.5143341 2.8834954 2.9030194 3.5519754 2.7593715 2.8052702 2.5236604 3.1805923 2.7759007 3.0031308 3.1415861 2.7423170 3.0743118 3.6469878 2.8636011 2.9607376 3.3735740 3.6038927 3.3451660 3.0390906 3.2795206 3.9637306 3.0556234 3.3580912 3.4560931 3.1718437 3.5256936 3.2924087 3.5933553 1.9124022 3.8263416 3.3309255 3.8182103 3.5945144 3.1701343 3.3909558 2.5097184 2.6675120 1.9896176 2.1169088 2.8787942 3.0162162 2.9779263 2.7399832 3.2261855 2.9520716 2.2795660 4.0604812 4.1618971 3.8312017 3.5892080 3.3496421 3.1564099 2.9746523 4.2337713 3.1959507 5.8406368 2.7544624 2.9538038 2.9538038 3.1232990 3.1873916 3.2893464 3.0392580 3.2820537 4.9965919 3.4225596 3.4051654 4.4909029 3.8069256 3.3629265 3.6053160 2.9615067 3.4530101 3.1600156 3.7222474 3.6239209 1.9497597 
Mlei_ML0737.g6.i1                                                  1.1663799 1.0879416 1.0879416 1.0879416 1.0879416 0.9317177 0.8661052 0.8661052 0.8661052 0.8661052 0.8661052 0.7577325 0.5995449 0.5633512 0.0000000 1.0499682 1.0713728 1.3421992 0.7329806 1.1231318 0.0000010 2.4765410 2.7201721 2.7201721 2.7201721 2.2335230 2.5764733 2.6167465 2.8269056 2.5538343 2.4201247 2.5368549 1.5829603 3.1996221 2.7398335 2.8938600 4.5750433 3.8186947 3.7251483 3.9064898 4.1062526 4.1332670 4.1062526 3.7803929 3.8547642 4.6343268 4.3875932 0.0000010 0.0000010 0.0000010 4.3296633 4.6306785 4.4414707 4.0884615 3.8898584 4.0187944 4.4245556 7.5907171 3.5077608 4.2115152 3.9536807 3.3813934 3.2506625 3.5035211 3.4177701 3.4226964 3.1075087 4.0689712 4.6127717 3.5105336 3.6045673 3.3144699 2.3029166 3.2385647 3.1842651 3.0940587 3.0610431 2.9078155 2.5338579 3.7941077 3.7087924 3.7824015 3.7992659 3.3350392 3.3333900 3.8766286 2.9603008 3.7404585 3.4259343 4.3538212 3.6647552 3.1993115 3.2275066 4.9475333 3.5598731 3.5409668 4.5077275 4.0158374 3.9694299 3.5187383 3.5711055 4.2588155 4.1233882 3.8011093 3.2520374 3.6818522 3.9148245 3.7601454 4.6806186 2.7799236 8.9999981 2.8352168 3.7102872 3.6518661 3.8740057 3.4754878 3.3136653 3.4366597 5.0861249 4.1827598 4.1871538 3.4997110 3.5665195 3.8041156 3.7675330 3.4733974 4.2844216 3.9069869 4.9446898 3.5028507 3.7166515 3.7166515 3.5522033 3.5522033 3.7993457 3.9255451 4.6377529 4.6379026 4.4085276 3.8973969 4.3480697 4.2895511 3.1169790 5.3196689 3.4560421 4.0555582 3.7478614 4.2067864 4.2084242 2.7634571 
Coemet_Cmet_scaffold7257_01                                        1.0319314 0.9289351 0.7595146 0.8450874 0.8818499 0.7338198 0.6996193 0.6784176 0.7430405 0.7725462 0.7905753 0.9296777 0.9701053 0.9665690 1.0499682 0.0000000 0.0697342 0.5696555 0.7881964 0.9883252 0.8779864 2.3148890 2.0920965 2.0920965 2.5383851 2.0915871 2.5167689 2.0882829 2.0631903 2.0768115 2.1993516 2.3704285 1.4889533 2.0646281 2.8640413 2.4334626 3.9469478 3.4329362 3.5384878 3.7688060 3.8387013 3.8271150 3.8926713 3.5987022 3.5297013 3.5036786 3.9135896 1.7664832 1.9434423 1.4037651 2.7359190 2.8353139 2.6968195 2.6303651 2.6417616 2.5729671 2.7764429 3.6681706 2.7214550 2.5658780 2.3858992 3.0949202 2.6693671 3.0602031 2.6187481 2.2968952 2.3480083 2.6293779 2.7706636 2.7973561 2.8212575 2.5936966 1.9155676 2.5653835 2.7136960 3.2434162 3.0107989 2.6081949 2.5419624 2.7460186 2.3833740 2.6036658 3.0097390 2.6206047 2.7302124 2.5824819 2.3427249 2.6140334 2.5279610 3.5738619 2.7824696 2.6524801 2.6781877 3.5474876 2.7047478 2.7033535 3.0548969 2.9004810 3.0796210 2.7371411 3.0133727 2.4975222 2.7589542 2.7909853 3.2691632 3.9697680 3.1982692 2.5637806 2.0401529 2.3005595 2.0096717 2.3732333 2.5965457 3.5115361 2.7932668 2.6021520 3.3365401 2.8200999 2.3619550 3.0966927 3.1660432 3.0310290 2.9253520 2.8401383 2.6407889 2.6963979 2.8606968 2.5689207 4.0445787 2.7811042 2.8667000 2.8778587 2.9368452 2.9746287 2.9230632 2.4256610 2.6110696 3.8606783 3.5859388 3.4256285 4.0661377 3.6892841 3.3118481 3.1882626 2.5292840 3.0086802 2.8487089 3.5009406 3.4281213 3.6674621 
Coeast_Cast_sb782401                                               1.0544035 0.9537998 0.7642478 0.8508588 0.8879638 0.7549906 0.7166805 0.6959287 0.7654222 0.7967012 0.8375546 0.9461988 1.0305334 1.0228307 1.0713728 0.0697342 0.0000000 0.5947169 0.7349828 0.9866155 0.8968701 2.2525657 2.0645649 2.0645649 2.5160514 2.0512053 2.5805407 2.0976149 2.0556431 2.0993233 2.1084504 2.4543134 1.5882644 2.0187986 2.9876002 2.4120576 3.9258507 3.4263424 3.5022646 3.7744458 3.7258597 3.6959491 3.8558587 3.6559091 3.4243810 3.3547827 3.9436623 1.6492680 1.8141943 1.3045741 2.5464439 2.6872583 2.5862160 2.4801220 2.5152200 2.4642772 2.6110006 3.4238589 2.5187324 2.4248631 2.2411829 3.1099094 2.6186126 3.0164008 2.6127963 2.3045650 2.3410280 2.6705824 2.7227599 2.6671285 2.6995967 2.4950907 1.9402624 2.5085516 2.6196714 2.8327135 2.8021071 2.4341316 2.4778764 2.6848966 2.3153979 2.5371650 2.8889886 2.5190983 2.6801597 2.4272947 2.1984132 2.4764370 2.4164080 3.2673069 2.6914524 2.5683848 2.5641777 3.4908240 2.5771591 2.6057367 3.0868831 2.9145877 2.9733187 2.7067455 3.0609374 2.5884566 2.6923304 2.6740261 3.0899070 3.7075067 2.8971179 2.5314663 1.9302183 2.2083946 1.9881454 2.3727639 2.4468703 3.3212659 2.6175516 2.4862353 3.1553939 2.5787750 2.2603882 3.0466965 3.0139111 2.8734363 2.8447257 2.7936639 2.5908122 2.5819340 2.7329693 2.5067290 3.6556170 2.7092344 2.7634054 2.7741234 2.7842997 2.8195258 2.8468742 2.4525811 2.5255159 3.3028269 3.4724470 3.3249762 3.7263703 3.3703460 3.3068227 3.0977252 2.5456864 2.9934047 2.8427997 3.6569382 3.3554494 3.6173477 
Vmul_sbMO445036                                                    1.2836150 1.0187004 0.8757941 0.9053595 0.9438130 0.8670063 0.8314688 0.8070136 0.8220889 0.8553416 0.9042433 0.9434241 1.2200872 1.2333221 1.3421992 0.5696555 0.5947169 0.0000000 0.7330474 1.0948436 0.8524787 2.2645269 2.1583719 2.2005563 2.4140990 2.1225453 2.4584169 2.1168247 2.1077971 2.2585949 2.1459912 2.1132846 1.6271793 2.1660555 3.0631966 2.4980142 3.1826453 2.9846657 3.0633993 3.3285734 3.5621865 3.5137173 3.5126875 3.5441690 2.9742186 3.0577207 3.5801344 2.0302170 2.4277251 1.7772516 2.9652107 3.3760200 2.9591018 2.7804052 2.9418230 2.8667883 2.9443769 4.3504237 2.9136424 2.7959083 2.7695821 3.3943631 2.7675688 3.3516729 2.8912636 2.6103403 2.6819538 2.7527904 2.9670324 3.0399481 3.0969378 2.8238239 1.8765335 2.7045659 2.8591069 2.8621417 2.6319885 3.0250570 2.8717249 2.8378834 2.5541141 2.8409175 3.1361452 2.7323334 2.6322132 2.7421936 2.5993165 2.9056477 3.0554492 3.3330853 3.0960380 2.8278128 2.7714685 3.3313641 2.6986585 2.8523498 3.2225211 2.9687913 3.2948994 2.8756698 3.0368556 2.5953607 2.9875056 3.0806162 3.2368114 3.6375870 3.1703626 2.6010357 2.3011409 2.4080384 2.3116428 2.3505975 2.8062949 3.1353460 2.5567800 2.6269640 3.2086813 2.9592748 2.3709743 3.0879613 3.0514643 3.0637630 3.1720112 3.0739218 2.7391038 2.8105878 3.2861281 2.7959522 3.9267615 2.8766601 2.9556296 2.9670392 2.9400977 2.9773173 3.1740815 2.6000764 2.7777386 4.2319967 3.4941909 2.8142328 3.6212761 3.3303710 3.0197461 3.4219295 2.5917558 3.0023577 2.9429779 3.6637999 3.1889836 3.8239645 
Drygla_Dgla_sb284774                                               0.6583442 0.5150070 0.4637679 0.4333262 0.4205909 0.4822023 0.4822023 0.4637679 0.4333262 0.4205909 0.5150070 0.4112780 0.5835441 0.5835441 0.7329806 0.7881964 0.7349828 0.7330474 0.0000000 0.7550754 0.8060672 1.8781994 1.7547383 1.7547383 1.9399360 1.6421240 1.9548433 1.9594540 1.9173134 1.8387820 1.7733577 0.6480088 0.7101344 1.5321374 3.6574477 2.2889662 2.2454147 2.2454147 2.6467122 2.7399206 3.2574109 2.8308204 2.7552224 3.1663783 3.1133738 2.7167849 3.3337162 1.7571447 1.7655282 1.4887418 2.1698693 2.3892482 2.2082941 2.1009550 2.1408521 2.1911333 2.1072092 2.8096675 2.1842730 2.4353686 1.9340049 3.1632722 2.5597631 2.9825316 2.7336330 2.2886279 2.4550818 2.5927335 2.2730650 2.4920611 2.4615286 2.1596309 2.1368303 2.3932986 2.3970862 1.4852870 2.2827375 2.4679828 2.2696455 2.2618377 2.1092241 2.4856654 2.4247732 1.9858254 2.2779001 2.2256332 2.2256332 2.2901642 2.6179803 2.5010534 2.6658962 2.4890392 2.6705376 2.8740007 2.2458796 2.1250765 2.5596217 2.4325492 2.7887634 2.9030872 2.2297347 2.0429448 2.4703604 2.6678874 9.0000000 4.8320121 2.7644202 2.4529916 1.9912137 2.1270271 2.0464949 2.1996895 2.1514030 3.1590380 2.5601501 2.0510696 2.5655147 2.3213416 1.9115784 2.6916830 2.5918916 2.7402917 2.6282319 2.3892127 2.2459096 2.4911550 2.8216498 2.3807812 3.3896700 2.3519762 2.4071992 2.4220473 2.7193896 2.7779258 2.7373793 2.4129555 2.3647235 7.8448681 3.2519913 3.3407414 2.7846548 2.6606295 2.8022918 2.3931256 2.4009838 2.4290565 2.2616013 2.2150463 2.5966179 4.0221970 
Pbac_sb2649050                                                     1.2015549 1.0381742 0.8808917 0.9092155 0.9268951 0.8692985 0.8158612 0.8160271 0.8324037 0.8460434 0.9348694 1.0837796 0.9132315 0.9048125 1.1231318 0.9883252 0.9866155 1.0948436 0.7550754 0.0000000 0.0264896 2.1881020 2.1463454 2.1463454 2.2924201 2.2521313 2.4936757 2.1687335 2.2162238 2.1470005 2.1269134 2.5900389 1.4685896 2.4588971 3.8145218 2.6949474 3.4968069 3.5836079 3.5092840 3.9038481 3.5730397 3.5327704 3.6374692 3.9468522 3.7011416 3.3542287 3.6681650 1.6643732 1.9117301 1.5823334 2.8842527 3.4034387 3.2543154 2.9508333 3.2273500 2.9419667 3.1050765 4.4859035 3.0801855 3.0887964 2.9509826 3.5761458 2.9221892 3.3869951 3.0228265 2.8220840 2.9147416 3.3701906 3.0068241 3.0996525 3.1895854 2.7357299 2.1339937 2.7388294 2.8837246 3.4304326 2.6497102 3.1983581 2.7328187 3.0404399 2.7247670 3.0988610 3.0062636 2.8538425 2.8315962 2.9293342 2.7922766 2.9944121 3.0322844 3.8474469 3.0940976 2.9241021 2.8784562 3.4916938 2.9491914 3.4140539 3.1814980 3.1707456 3.5421937 3.4801746 3.6320536 3.0079940 3.5995307 3.5016351 3.7345268 4.3721756 3.5586555 2.9552814 2.1026534 2.1756249 2.0050155 2.4031440 2.6699462 3.4737691 3.1533580 2.7571932 2.9273541 3.0942008 2.3307505 3.2485684 3.3687941 3.5405934 3.4587218 3.2675868 3.1500085 3.0033322 3.1800387 3.0868271 3.8722247 3.0273941 3.0832698 3.0958753 3.3565652 3.4036043 3.5500353 2.7776844 2.6712269 3.5187361 4.0157408 3.8043607 5.2326179 4.3947821 3.3551864 3.7234843 2.9694939 3.2174587 3.3070599 3.6550369 3.7431240 3.7265358 
Pbac_sb2655662                                                     2.9855433 1.1983367 0.7589268 0.7480326 0.7738639 0.7599342 0.7599342 0.7589268 0.7480326 0.7738639 1.1983367 0.8479527 0.4273640 0.4273640 0.0000010 0.8779864 0.8968701 0.8524787 0.8060672 0.0264896 0.0000000 1.7916078 1.8369074 1.8369074 1.6914098 1.9449897 0.9562837 1.9294230 1.9826718 1.8661146 1.8843413 0.0000010 0.0000010 1.7971493 5.6611823 1.9531367 3.1420174 3.1420174 3.4894659 3.8433585 3.3806243 3.0449604 3.0323260 4.1950463 3.4949765 2.8234250 3.8552359 1.6814147 1.9221634 1.6007416 1.7214812 2.0489815 1.8053119 1.7969746 2.0390796 1.8586938 1.8018639 2.7776720 2.1452121 2.0746685 1.9228276 3.5018802 2.4159340 1.9094978 2.4745801 2.2757456 2.4741125 2.5327140 1.7708238 2.3425790 2.3012512 2.1670978 1.9546952 2.1493092 2.0693226 0.0000010 1.8370941 2.4139531 2.2435508 2.5255274 1.9758828 2.4374882 2.3475135 2.0524424 1.9864734 2.1110859 2.1110859 2.2831232 2.4785742 1.8010183 2.3649000 2.3649000 2.1600146 1.6481041 2.2538103 2.1556376 2.1712667 2.1923375 2.5550378 2.4332512 2.5054317 2.5517857 2.3719339 2.0407559 0.0000010 1.0382659 2.0368080 1.8637062 1.7902987 1.8387623 1.9118932 1.6984724 1.8099450 1.3414606 2.0302433 1.8001689 1.6503325 1.9038516 1.8937267 2.4912542 2.5816423 2.7381527 2.8417628 2.2508026 2.2259761 2.9007621 2.4586607 2.3250581 3.7998696 2.4853689 2.4463552 2.4656760 2.7890064 2.8671685 2.7510943 2.5731605 1.7900751 0.0000010 1.1880560 1.6478381 0.0000010 1.0982601 2.4616404 2.4448998 2.6904154 2.3564576 2.5416821 1.3181371 2.7730410 3.9291903 
Drygla_Dgla_sb291146                                               2.3108057 2.3532992 2.0355748 2.0155001 2.0508815 2.2607932 2.1953776 2.0567353 2.0398300 2.0785824 2.4142797 2.3395537 2.5604535 2.3956566 2.4765410 2.3148890 2.2525657 2.2645269 1.8781994 2.1881020 1.7916078 0.0000000 0.3757151 0.3727718 0.3730350 0.4797721 0.4482550 0.5358055 0.5445459 0.4809678 0.6361247 0.6404450 2.3252881 3.0097062 3.0670477 2.9269878 3.9338924 3.0664875 2.9849266 3.2829244 2.9593562 3.1721421 3.0654623 3.0362850 2.8407679 3.3548313 3.7226753 1.5372795 2.0126963 1.2216538 2.3946282 2.5299160 2.8035101 2.4966758 2.4904693 2.5305325 2.7070972 4.4492307 2.6694676 2.8598621 2.2601182 3.1633516 2.3063697 3.0102374 2.3044823 2.2634241 2.2303806 2.4200616 2.3175582 2.1937822 2.1616868 2.1847293 1.6243493 2.1414893 2.3119164 2.5977594 2.3700840 2.2401482 2.0961306 2.3434185 2.1777657 2.2782137 2.3449390 2.2618665 2.2507409 2.4272668 2.3524551 2.2007410 1.9825009 2.6015755 2.3367791 2.2511821 2.2156076 3.1240815 2.2456658 2.4891244 2.7121835 2.7603768 2.9452879 2.8438915 2.6641718 1.8787432 2.6572175 2.6837795 3.5392234 4.4747585 3.7861182 2.3319186 2.5901742 2.4044073 1.9082233 2.3816580 2.4124169 3.7846316 2.6881157 2.6907322 3.9549529 2.4938999 2.4022730 2.5880498 2.5166240 2.7262728 2.5917824 2.5549542 2.5774441 2.2469537 2.9784622 2.4722332 1.9805587 2.5181150 2.5436662 2.5467834 2.2599078 2.2864086 2.4959377 2.7275583 2.2133106 3.5680117 2.6607098 2.7753449 3.5361405 2.9920606 3.0153161 3.1086792 2.1947380 2.4714202 2.2977253 2.9482353 2.7434585 4.1822226 
Bolinf_Binf_sb1229452                                              2.3231815 2.4402048 2.0792663 2.1270484 2.1498735 2.2279449 2.1686327 2.0875018 2.1391685 2.1636807 2.4754422 2.3685926 2.6776007 2.5058474 2.7201721 2.0920965 2.0645649 2.1583719 1.7547383 2.1463454 1.8369074 0.3757151 0.0000000 0.0037360 0.0170042 0.4274579 0.4302558 0.5291056 0.4629471 0.4175341 0.6609687 0.7233389 2.3977338 3.1716046 3.2994696 2.9850449 4.1089002 3.2289674 3.3983380 3.8603109 3.2311808 3.2873357 3.1694177 3.1051957 3.1028449 3.2116743 3.7186179 1.9069361 2.0169998 1.4479246 2.3691338 2.7073422 2.8326328 2.5946926 2.6190838 2.7514883 2.7052730 4.4837905 2.6478840 2.7844473 2.1779011 2.8188691 2.1937301 2.7390247 2.1955480 2.1072336 2.0829195 2.2372548 2.5185082 2.3652345 2.2644021 2.3155425 1.5372168 2.2039257 2.4486487 2.7624392 2.5239055 2.4526461 2.1828686 2.4310219 2.2984203 2.5156298 2.6527685 2.4372829 2.1143687 2.6036698 2.4017568 2.1263154 1.9388723 2.6157989 2.3551272 2.2747010 2.2579026 2.8595002 2.4182807 2.4793865 2.8421628 2.9180537 3.1273875 2.9880716 2.7150605 1.9223642 2.8681815 2.7499680 4.0536341 4.6359123 3.7152696 2.3212345 2.4298508 2.3838981 1.7583817 2.6363337 2.4257783 3.8212706 2.6850022 2.8080662 3.9484133 2.6147158 2.9905776 2.6625831 2.4927813 2.9021302 2.7391097 2.5987907 2.6200426 2.4727206 2.9435398 2.3762329 2.2557664 2.5819830 2.6023989 2.6057392 2.3600815 2.3882849 2.3128250 2.6751579 2.4761315 3.5645108 2.6921065 2.9926656 3.5450293 3.0232416 3.1595156 3.0392017 2.1721607 2.3508104 2.4063020 2.7211039 2.6480279 3.9751052 
Mertsp_Mesp_sb564668                                               2.3231815 2.4402048 2.0957857 2.1470713 2.1709419 2.2443330 2.1853367 2.1046223 2.1600703 2.1857180 2.4754422 2.3685926 2.6776007 2.5058474 2.7201721 2.0920965 2.0645649 2.2005563 1.7547383 2.1463454 1.8369074 0.3727718 0.0037360 0.0000000 0.0170042 0.4463468 0.4411617 0.5541347 0.4909436 0.4180816 0.6930033 0.7233389 2.3977338 3.3298789 3.4835677 3.0721904 4.1089002 3.2289674 3.4518743 3.9007873 3.2230304 3.2769812 3.1694177 3.1051957 3.1107784 3.2116743 3.7186179 1.9069361 2.1616019 1.4479246 2.4533486 2.7875079 2.9529984 2.6446169 2.7272364 2.7978019 2.7577632 4.6227775 2.6659483 2.8987982 2.2323016 2.9328578 2.2071934 2.7390247 2.2340480 2.1673665 2.1414974 2.3043555 2.5185082 2.4709019 2.3574342 2.4352424 1.7483293 2.3128816 2.5553418 2.7624392 2.5585189 2.5879667 2.2411256 2.5459276 2.3776818 2.5946020 2.7325631 2.5051053 2.2564087 2.6139052 2.4098205 2.2345058 2.1072193 2.6157989 2.4057081 2.3249144 2.3072546 2.8595002 2.5044311 2.5283322 2.8762140 2.9509706 3.1556690 3.0332124 2.8466200 2.1001290 2.9095508 2.8155178 4.0536341 4.6359123 3.7152696 2.4296401 2.4298508 2.5080936 1.9424982 2.6363337 2.4589016 3.8212706 2.7903519 2.8359771 3.9484133 2.6529873 2.9905776 2.7894932 2.5868499 3.0237019 2.8404345 2.7369585 2.7019056 2.4710142 2.9405154 2.5306851 2.2557664 2.6048431 2.5834627 2.5866762 2.4419282 2.4707613 2.3866700 2.8270409 2.4761315 3.5645108 2.6921065 2.9926656 3.5450293 3.0232416 3.1595156 3.1841901 2.2516992 2.3609558 2.5126390 2.7211039 2.7948220 4.0173302 
Mertsp_Mesp_sb564670                                               2.1921679 2.3282631 2.2291221 2.2291221 2.2291221 2.3909869 2.3003612 2.2504973 2.2504973 2.2504973 2.3568151 2.4362224 2.7793864 2.6001778 2.7201721 2.5383851 2.5160514 2.4140990 1.9399360 2.2924201 1.6914098 0.3730350 0.0170042 0.0170042 0.0000000 0.4870187 0.4094266 0.4783667 0.4180620 0.4365967 0.7036579 0.7233389 2.3977338 3.3011116 3.3111538 3.4901590 4.4870401 3.2145795 3.2915237 3.5494968 3.0500005 3.0649882 3.0285839 3.2410744 3.4188845 3.4838175 3.8429587 6.8298507 3.0400394 1.3693431 2.8841800 3.3540889 3.6757013 3.1988464 3.1426425 3.5789632 3.6012738 8.8646704 2.9280771 2.9803612 2.8144254 2.6852111 2.7831461 2.7568333 2.7227792 2.7576802 2.5250442 2.9988422 3.4652968 2.9455689 2.8127411 2.9352930 1.6062988 2.7726930 2.9009968 2.7624392 2.5002621 3.0846213 2.4655523 2.9581992 2.7963584 2.9908539 3.1948341 2.9715551 2.5830278 3.2308574 2.7741567 2.8958050 3.8124095 2.6157989 2.7607368 2.5996185 2.8060135 2.8595002 3.0672152 3.0484214 3.7228894 3.9029457 3.9690203 3.6552885 3.3736540 1.9664058 3.7659071 3.6446829 4.0536341 4.6359123 3.7152696 3.1348899 3.2853711 3.5946590 3.1777792 3.8212197 3.3749695 3.8134639 3.8437448 4.1043017 3.9484133 3.7750738 4.9729789 3.1688760 3.0302666 3.6056896 3.4363102 3.0047373 3.2472563 3.0394407 3.8935987 3.0915998 4.8734459 3.1692146 3.1612805 3.1612805 2.8390805 2.8941088 2.8582366 3.4806320 3.3760023 3.5645108 2.7039327 3.0150459 3.5450293 3.0232416 3.2956049 3.6253707 2.6353837 2.8303202 2.7292676 2.7060201 3.3980070 3.4047483 
