83
Halamb_c55011_g1_i1m.39771                                        0.0000000 0.8255936 0.7759456 0.4823904 0.8621774 2.3417068 2.1681008 2.1846761 1.9456769 1.8740703 2.3616779 2.2309150 1.5829657 1.2562124 2.1838609 2.1136647 1.8284268 2.1867153 2.2834765 2.2667070 1.8305782 1.9805596 2.4598830 2.4282658 2.6293080 2.2427622 2.3103092 2.4463040 2.6299694 2.2503831 2.3397526 2.3719341 2.4441446 2.4061429 2.4130176 2.4588941 2.4588941 2.2399040 2.3226153 3.2703337 2.2534624 2.0125586 2.3096110 2.2884811 2.4235332 2.6440886 2.2583672 2.0776678 2.3715831 2.4484932 2.0729955 2.4802481 2.2146652 2.2302894 3.0542646 2.6707103 2.7192428 2.7776270 3.0015195 2.9893770 3.0222825 2.8969591 2.9067620 2.6346667 2.5335127 2.9067620 2.5742965 2.8520052 2.0821686 2.9731756 2.9210179 3.2215148 3.1643955 2.6209513 2.3987309 2.5465091 2.2376761 0.9314135 1.4621240 3.5178015 2.4533898 2.6930385 5.9028956 
Aque_Aqu2.1.05351_001                                             0.8255936 0.0000000 0.1587319 0.0000010 0.0000010 3.9921214 3.2636131 3.5898350 2.4860298 0.0000010 3.2151332 3.1481504 2.5079413 0.0000010 2.6881957 3.6815190 0.0000010 3.1588332 3.7780219 3.5241597 2.7334434 2.2523032 2.8482550 1.4416312 4.2853383 3.6053052 3.2264248 2.7912247 2.6743007 2.8704916 3.0536225 3.0423629 2.9894720 3.0086036 3.4190278 3.2828843 3.0906654 3.4350138 3.3293802 4.8056133 3.3736032 3.6016124 3.4504152 3.2783066 4.4012345 3.0760125 3.2158445 3.2158445 3.4557200 3.3792474 0.0000010 3.1469208 4.2555933 0.0000010 4.4041654 0.0000010 3.2979362 3.6961904 0.0000010 4.2771225 5.4742921 4.9786086 5.5407095 9.0000000 9.0000000 5.2589379 2.8027784 3.8239752 0.0000010 4.6536457 4.0507474 4.6100550 4.5339828 3.0730977 4.1392728 2.9240534 8.9945331 0.0000010 1.7908340 3.4757637 2.7756747 2.7756747 6.0481119 
Aque_Aqu2.1.26565_001                                             0.7759456 0.1587319 0.0000000 0.0327918 0.8220411 2.6749688 2.2981370 2.2305788 1.9049842 1.1188918 2.7269229 2.5616780 1.9833459 2.2211899 2.5972830 2.6145837 1.0666332 2.4921340 2.7716024 2.7366341 2.1668757 1.8139542 2.4936949 1.9557660 3.1771036 2.4697144 2.6155989 2.4247848 2.7668502 2.5797038 2.9842915 3.0010852 3.0089602 2.9811466 3.0926583 2.9520761 2.8411126 2.8298201 2.6297749 5.2480630 2.4871792 2.3721984 2.7053057 2.6244061 3.3128073 2.4907857 2.7849600 2.8042883 3.2588495 2.7191704 1.8355472 2.8225993 3.3257666 2.6539980 3.6659134 2.8855950 2.4387285 2.4338456 2.8855950 3.5007072 4.1731133 3.7077285 3.2657468 2.2235401 1.7149313 3.1405800 2.2426892 3.2040157 2.4823865 3.2989687 3.4371191 3.9323289 3.9155929 2.8090825 3.3055209 2.7517122 3.0977166 3.2550181 1.7834305 3.9545327 2.3352246 2.3904820 7.5442875 
Aque_Aqu2.1.02853_001                                             0.4823904 0.0000010 0.0327918 0.0000000 0.6801583 0.8532636 1.2096846 1.1691737 1.1596853 0.0000010 1.2646545 1.0643460 0.7746453 0.0000010 1.4066220 1.1450906 1.0242248 1.1846052 1.1033681 1.3321436 1.0086146 0.8668700 1.3023691 1.5732003 1.3555536 1.4989830 1.4989830 1.2886858 2.2947815 1.5102232 2.1431288 2.2012020 2.1189648 2.0393890 1.9905128 1.8688063 1.8688063 1.6800278 1.5512853 5.3103974 1.0668591 1.3536323 1.2809367 1.2974736 1.9737814 1.6425877 1.6998872 1.6998872 2.1756044 1.3493295 1.8463512 1.8642131 1.3007104 0.0000010 2.2014173 0.0000010 1.9375754 1.9375754 0.0000010 1.9387503 2.2199249 1.7799475 1.8609829 1.9575813 1.3219283 1.8609829 2.0349820 1.9908243 0.0000010 1.6625397 1.9158480 2.1295180 2.1962570 2.0780329 1.8820606 1.6287739 1.1539160 3.8572010 0.6920585 1.3946567 1.1895014 1.2202275 3.8558369 
Spolac_c80245_g1_i1_m.2574c103454-g4                              0.8621774 0.0000010 0.8220411 0.6801583 0.0000000 0.7875926 0.8923495 0.8676818 0.7995769 1.2525048 0.8994624 0.8507202 0.6430215 1.7171373 0.9110337 0.8630762 0.9864884 1.0553260 0.9770792 1.1564955 1.3402683 0.0000010 0.9023058 1.8688891 1.1147427 1.1371839 1.1371839 1.0552811 1.3667190 0.9178161 1.4605546 1.4976691 1.4031988 1.3899729 1.4362830 1.5316071 1.5316071 1.0223457 1.1097874 4.4596720 0.9944529 0.7708894 1.0889188 1.1178673 1.0408495 0.0000010 1.2495809 1.2495809 1.4001094 1.4233025 1.6983087 1.9044494 0.0000010 1.4872584 1.7605607 0.5504413 1.5041898 1.5971395 0.5504413 1.4291138 1.7519636 1.5171134 1.5816902 1.5816902 1.5816902 1.5816902 1.5107485 1.5108194 0.5504413 1.5909253 1.4687584 1.7928776 1.8224433 1.5437111 1.3057043 1.1863621 0.5249037 0.9357572 0.9877281 1.7728615 0.5552116 0.7339686 2.6082446 
Skow_XM_006814130.1                                               2.3417068 3.9921214 2.6749688 0.8532636 0.7875926 0.0000000 1.5491768 1.5521357 1.2746403 1.4108856 2.0461751 1.9659213 1.6887594 1.1960955 1.6487677 1.4276783 1.1689533 1.7209999 1.6841518 1.9072362 2.1194502 3.4368556 1.3672029 1.3382008 1.9460323 1.3386482 1.3617721 1.4071118 1.7212699 1.7291591 1.9302444 1.9015441 1.8895903 1.8808310 1.9614518 1.8362471 1.8061183 1.4872703 1.5204002 2.0091702 1.4865826 1.1719087 1.4309526 1.4426998 2.1117605 3.2386577 1.6375165 1.6594938 1.6295920 2.2096838 2.0419340 2.3375742 3.8892450 1.5731469 2.6108796 2.1721296 2.0010759 1.6742310 2.3372222 2.6254075 2.5224387 2.3457608 2.3519649 1.8273823 1.8042991 2.1488643 1.7130586 2.2424592 1.5939224 2.4209623 2.2429510 2.3134829 2.2382039 1.5858394 1.6642437 2.0484019 1.1701482 2.3505279 2.1678190 3.4668719 2.5527355 2.7702720 3.5152775 
Amil_Amillepora30347-RA                                           2.1681008 3.2636131 2.2981370 1.2096846 0.8923495 1.5491768 0.0000000 0.0177837 0.3524216 0.5025330 1.0218180 0.9619793 1.6151993 0.9375524 1.1406532 1.5507950 1.0688840 1.5145476 1.6071473 1.8174716 1.7480396 1.6268764 1.6832482 1.4994605 1.9602732 1.6830655 1.8180907 1.7215900 1.9018710 1.3128070 1.8491893 1.8602572 1.9268136 1.8677173 1.9263681 1.8603376 1.8710694 1.5649675 1.6536484 1.3538576 1.8366807 1.5277508 1.9421775 1.9607301 1.1064984 1.0588723 1.9636430 1.9370047 1.8632206 2.3643276 2.2036094 2.4413594 2.7974907 1.5601821 2.9950307 1.9999298 2.0973331 2.1231180 2.0852992 2.7886082 2.8607521 2.8908847 2.4828015 2.0480640 1.9692995 2.3235039 1.9639623 2.7196230 1.6392565 2.8027953 2.7414705 2.4827772 2.5110108 1.7634018 2.0835375 2.1850075 2.3361501 2.0493341 1.8500244 3.3884594 2.5492128 2.6848237 4.3525567 
Adig_XM_015923369.1                                               2.1846761 3.5898350 2.2305788 1.1691737 0.8676818 1.5521357 0.0177837 0.0000000 0.3119516 0.5530125 0.9792447 0.9249386 1.5754881 1.0080604 1.1027445 1.4030835 1.0784975 1.3653908 1.4217668 1.6300345 1.7075433 1.5554811 1.6428864 1.6127338 1.8060434 1.6584160 1.6584160 1.7195085 1.7356545 1.2002167 1.7799586 1.7895719 1.8830883 1.8790736 1.8530290 1.8501325 1.8417068 1.3973668 1.4975576 1.2523524 1.6133890 1.4424144 1.7921601 1.8120933 0.8347705 0.9183083 1.8351304 1.6874515 1.9137509 2.3052129 2.3062959 2.3398247 2.2844456 1.6486304 2.6783303 2.0338356 2.1473865 2.1851011 2.1400674 2.5506632 2.5127368 2.5166529 2.4047799 2.0264896 1.9402452 2.3236318 1.9591839 2.3330104 1.5241627 2.6237130 2.4470137 2.2964058 2.2924386 1.7614781 1.9414395 2.1991886 2.3069095 2.1681023 1.8082168 3.1170601 2.0393759 2.2484501 4.4152236 
Gfas_gfas1.m1.16910.m1                                            1.9456769 2.4860298 1.9049842 1.1596853 0.7995769 1.2746403 0.3524216 0.3119516 0.0000000 0.3949580 0.6197704 0.5833701 1.2387971 0.7775935 0.8117783 1.1515239 1.0219386 1.1267742 1.2244557 1.3257737 1.3231180 1.1429107 1.3690158 1.4774308 1.6229669 1.4302789 1.4968174 1.4462773 1.5815322 0.9997117 1.3968335 1.4034782 1.5026529 1.4653393 1.4205487 1.5153273 1.5153273 1.1431714 1.2841302 0.9685867 1.5513742 1.4899027 1.5258627 1.5349441 0.7875653 0.8017162 1.6113801 1.5591804 1.5603219 1.8755649 1.9701268 2.0719728 2.2089695 1.5329206 2.3177717 1.8265725 2.0336777 2.2226762 1.8326641 2.1408080 2.2884930 2.2106389 2.1019057 1.9696582 1.8391915 2.0496138 1.8130600 2.0893546 1.3263833 2.2444505 2.0899578 2.1556191 2.1181634 1.6481059 1.6742557 2.0643550 1.7059554 1.9949797 1.7464122 2.7917818 2.0095907 2.2367693 4.1976568 
Fspp_ffun1.m4.16415.m1                                            1.8740703 0.0000010 1.1188918 0.0000010 1.2525048 1.4108856 0.5025330 0.5530125 0.3949580 0.0000000 0.4848041 0.4597126 1.2714972 0.8291564 0.7469968 1.1714635 1.0396689 1.0773813 1.0757372 1.5260647 0.9028255 0.0000010 1.5440427 1.2976819 1.2923427 1.4726423 1.4726423 1.5459439 1.4748472 1.0688996 1.2800757 1.2779115 1.3217649 1.2883261 1.3002429 1.3785275 1.3785275 1.1161495 1.2359641 0.1786250 1.4034495 0.0000010 1.7432361 1.7782472 0.0000010 4.5565142 1.5547352 0.9740954 1.3283761 1.8695646 2.0403639 2.2286873 0.0000010 1.3769444 2.0763507 2.0465782 2.0465782 0.0000010 2.0596787 2.0259602 2.1698510 1.9630862 1.9773889 1.9773889 1.9773889 1.9773889 1.9038489 1.9038489 1.7314818 2.1686799 1.8282481 2.1085687 2.1583359 1.5633467 1.6587110 2.2514944 6.0828460 1.8625612 1.6459252 2.3697698 6.3545202 3.8560654 4.4751371 
Spis_XP_022808613_1                                               2.3616779 3.2151332 2.7269229 1.2646545 0.8994624 2.0461751 1.0218180 0.9792447 0.6197704 0.4848041 0.0000000 0.1926430 1.9511474 0.8777610 1.3790195 1.7223833 1.2682853 1.8069567 1.8494361 1.9506345 1.9633381 2.0981279 2.0137340 1.5813415 2.1148744 1.9274262 2.1494423 2.0027961 2.2541115 1.6307253 2.2306573 2.2225014 2.2100635 2.0924478 2.1298540 2.0875628 2.1326673 1.9158520 1.8926449 1.3060671 2.1524162 1.6344987 2.1700652 2.1933741 1.3184845 1.1904947 2.0868796 2.1182719 1.8877766 2.4366305 2.0350472 2.5077757 2.7636731 1.6244985 3.1327375 1.9972639 2.1664036 2.2219954 2.1041140 2.9391857 3.1326709 2.8754736 2.7261391 2.2302675 2.0756336 2.5551838 2.0516010 2.8697634 1.5869786 2.9739915 3.0225450 2.8898963 2.9795834 2.3396010 2.4968969 2.5182307 2.5059452 2.2764473 2.2005563 4.5554877 2.9381577 3.0093694 4.4900256 
Pocdam_XM_027182338.1                                             2.2309150 3.1481504 2.5616780 1.0643460 0.8507202 1.9659213 0.9619793 0.9249386 0.5833701 0.4597126 0.1926430 0.0000000 1.8690855 0.8949151 1.2393938 1.5430557 1.1769450 1.6598162 1.7470659 1.8154534 1.7992143 1.8663107 1.8742936 1.4423302 2.0704434 1.8388260 2.0561612 1.9352404 2.1420629 1.4439534 2.1175151 2.1208802 2.1121573 2.0061251 2.0329668 2.0340353 2.0829095 1.7877055 1.8331784 1.2344333 2.0786551 1.6084016 2.0431281 2.0813198 1.2134333 1.0179791 2.0386344 2.0431073 1.7999327 2.3386054 2.0603873 2.3803390 2.5397675 1.6231368 3.0567409 2.0336533 2.1791325 2.2143704 2.1549080 2.8541780 3.1372969 2.9009676 2.5948457 2.1690224 2.0166700 2.4439725 2.0622821 2.8325319 1.6953963 2.8991097 2.9789187 2.8269591 2.9003754 2.1504511 2.4393285 2.3408405 2.3351510 2.2322587 2.1137973 3.8764743 2.6200303 2.7073291 4.1530239 
Tetwil_g5770.t2                                                   1.5829657 2.5079413 1.9833459 0.7746453 0.6430215 1.6887594 1.6151993 1.5754881 1.2387971 1.2714972 1.9511474 1.8690855 0.0000000 0.4791620 1.6542588 1.6929687 1.1703155 1.5384186 1.7365784 1.8550273 1.2749496 1.1174251 1.6442958 1.4486770 2.0892161 1.7281367 1.8541925 1.6027964 2.1271248 1.7907669 2.0270680 2.0599718 1.9578329 1.9503381 1.9203635 1.9179085 1.9304805 1.7852780 1.8462476 1.5234410 1.6213753 1.4973196 1.7540711 1.8155360 2.0509587 1.9471768 1.7871883 1.8746802 1.7299884 2.1827097 1.8868668 2.1968515 2.3841166 1.5912538 2.7169997 1.7596378 1.8889679 2.0562569 1.8478944 2.7670807 2.8994775 2.6360559 2.4144888 1.8865809 1.7475991 2.2529009 1.6132821 2.3164351 1.2912225 2.4303366 2.3993158 2.5259910 2.6005905 1.8667231 2.0136010 2.0626760 1.0781918 1.7188201 1.3743990 3.6330034 1.8553105 1.9841445 4.0595360 
Stycar_maker-SC_scaffold34581-snap-gene-0.5-mRNA-1                1.2562124 0.0000010 2.2211899 0.0000010 1.7171373 1.1960955 0.9375524 1.0080604 0.7775935 0.8291564 0.8777610 0.8949151 0.4791620 0.0000000 0.8480033 0.9314854 0.9946244 0.9756234 1.0017552 1.1702041 0.6260978 0.0000010 1.1022790 1.1702193 1.2595986 1.1137973 1.1137973 0.9830589 1.0802218 0.9709348 1.0229738 1.0062295 1.0659157 1.0783580 1.0628326 1.1212644 1.1212644 1.0968679 1.2189917 0.3723837 1.1052643 0.0000010 1.3548516 1.3639551 0.0000010 3.2748432 1.0811770 0.5250828 1.2040021 1.5155006 1.6451365 2.0574893 0.0000010 1.1996127 1.7693115 1.6483610 1.6483610 0.0000010 1.6968744 1.6456030 1.5576455 1.5404805 1.5774885 1.5774885 1.5774885 1.5774885 1.3630726 1.3630726 1.2388371 1.6383311 1.6014702 1.7645040 1.8005092 1.3580120 1.2373044 1.9598847 6.1069455 1.2802939 1.1152858 1.4578160 5.2546369 4.0688586 4.5683723 
Nvec_v1g28532                                                     2.1838609 2.6881957 2.5972830 1.4066220 0.9110337 1.6487677 1.1406532 1.1027445 0.8117783 0.7469968 1.3790195 1.2393938 1.6542588 0.8480033 0.0000000 1.4872359 0.9948419 1.6705482 1.6381441 1.7048423 1.7926796 2.0626576 1.6468263 1.3114280 1.7689449 1.6316893 1.8024335 1.4342756 1.8930218 0.9715273 2.0234006 2.0491702 2.0135319 1.9704435 2.0669164 1.8875760 1.9273749 1.5207064 1.6093183 1.3940754 1.8195890 1.3668902 1.7912665 1.7813667 1.3389016 1.4382518 1.7835016 1.8594323 1.6577540 2.2674202 1.8712949 2.3176760 2.7265553 1.4839223 2.6981677 1.6476106 1.8490081 2.0612972 1.7369861 2.5851455 2.5683389 2.6407348 2.2560865 1.7376049 1.6612124 2.1161572 1.7492993 2.5654956 1.5017154 2.5057650 2.6662436 2.4870418 2.5342060 1.7502526 1.9664664 1.9830035 2.1215551 2.0489032 2.0750619 3.6091774 2.4417495 2.5484144 3.8607594 
Sanmal_Sma_005523-T1                                              2.1136647 3.6815190 2.6145837 1.1450906 0.8630762 1.4276783 1.5507950 1.4030835 1.1515239 1.1714635 1.7223833 1.5430557 1.6929687 0.9314854 1.4872359 0.0000000 0.3729948 0.8419837 0.7792748 1.2976247 2.0075512 1.8910959 1.6952923 1.0265993 1.5180769 1.8123382 1.9555266 1.5997131 1.9094414 1.6638419 2.0727319 2.0760452 2.1004439 2.0392192 2.0247693 1.8177556 1.9307323 1.4385146 1.4974494 1.9324645 1.7254202 1.1357202 1.7044050 1.7264179 1.4766343 1.5966197 1.6737318 1.7945473 1.6114135 2.3062149 1.9948434 2.4386480 2.1202456 1.5981724 2.4685623 1.6731352 1.8606584 2.0968422 1.7295549 2.3575660 2.5399907 2.4237378 2.2814252 1.8460740 1.7537378 2.2167656 1.6986694 2.3064858 1.3053178 2.4380273 2.2618366 2.4171001 2.3843398 1.7711592 2.0858704 2.1245781 1.9124907 2.1489189 2.0140248 3.2187825 2.1395420 2.2863786 3.4543164 
Aaur_scaffold9.g48.t1                                             1.8284268 0.0000010 1.0666332 1.0242248 0.9864884 1.1689533 1.0688840 1.0784975 1.0219386 1.0396689 1.2682853 1.1769450 1.1703155 0.9946244 0.9948419 0.3729948 0.0000000 0.2892184 0.3226197 0.8298417 1.3662977 2.0797638 1.3157405 0.9429459 0.9649618 1.3130639 1.3130639 1.2711596 1.5194797 1.1428298 1.5421372 1.5434101 1.6071048 1.5545689 1.5159804 1.5459725 1.5459725 0.9683859 1.1237003 1.1369026 1.2443696 0.9038286 1.3011077 1.3245553 1.2804656 1.5643311 1.3519691 1.2731950 1.3572434 1.8768790 2.1029521 2.1060266 1.4413688 1.5676361 1.8630495 1.7049661 1.8087816 2.0289684 1.7140658 1.7378112 1.7784246 1.7985443 1.7953425 1.8187218 1.7555000 1.7953425 1.7158430 1.7236999 1.3669027 1.8210417 1.7803590 1.9467668 1.9831860 1.5934403 1.5149481 1.8591687 1.1724493 2.2303618 1.7680326 1.4620425 1.3368291 1.8592168 3.9053536 
Nemnom_g16832.t1                                                  2.1867153 3.1588332 2.4921340 1.1846052 1.0553260 1.7209999 1.5145476 1.3653908 1.1267742 1.0773813 1.8069567 1.6598162 1.5384186 0.9756234 1.6705482 0.8419837 0.2892184 0.0000000 0.3125980 1.4466397 1.8497164 1.9816398 1.8869042 0.9949066 1.6224407 1.8354748 1.9887873 1.7474709 2.0461478 1.7643591 2.0921648 2.0920013 2.1300305 2.0508813 2.0956514 1.9749440 2.1080414 1.5633790 1.6037688 1.8554562 1.6673807 1.2968594 1.8255244 1.8549005 1.7020481 1.7499517 1.4202788 1.3923696 1.6324343 2.3321477 2.1312758 2.3710805 2.4450337 1.6647858 2.7110658 1.7495336 2.1137320 2.6171195 1.7771972 2.8406500 2.7591812 2.7789178 2.3600033 1.9401913 1.8566214 2.2609650 1.7433167 2.4964764 1.2217985 2.3792677 2.4980334 2.4852902 2.4513142 1.8288208 2.0631382 2.2294524 2.0430001 2.1681926 1.8626286 2.8115623 2.3173656 2.4597576 3.6977517 
Rhoesc_Res_005185-T1                                              2.2834765 3.7780219 2.7716024 1.1033681 0.9770792 1.6841518 1.6071473 1.4217668 1.2244557 1.0757372 1.8494361 1.7470659 1.7365784 1.0017552 1.6381441 0.7792748 0.3226197 0.3125980 0.0000000 1.3867004 1.9236434 2.1318425 1.9175198 1.0326320 1.7050236 1.8125756 1.9303330 1.7094540 2.0864248 1.8835255 2.1093343 2.0987769 2.1554389 2.0897978 2.1724848 2.0079888 2.1355443 1.6783702 1.7175724 1.8603537 1.8811323 1.2343697 1.8407613 1.8974912 1.7458228 1.6874140 1.5641145 1.5902517 1.6680697 2.4144647 2.2230789 2.4111868 2.3000668 1.6422819 2.8550090 1.7679716 2.1025607 2.5540474 1.8169058 2.8318482 2.7767519 2.8101289 2.3483818 2.0338746 1.9112497 2.2289725 1.7751756 2.5089456 1.2594577 2.6095791 2.6717415 2.6240811 2.6633324 1.9007084 2.2549253 2.3627734 1.9579510 2.3081196 1.9532634 3.3636085 2.4504766 2.5620958 3.8219549 
Morvir_scaffold51.g55.t2                                          2.2667070 3.5241597 2.7366341 1.3321436 1.1564955 1.9072362 1.8174716 1.6300345 1.3257737 1.5260647 1.9506345 1.8154534 1.8550273 1.1702041 1.7048423 1.2976247 0.8298417 1.4466397 1.3867004 0.0000000 2.1158039 1.9577971 1.8795289 1.2416259 1.6095629 1.7891704 1.9670159 1.7208001 2.1059756 1.8525432 2.0805091 2.0885234 2.1644246 2.0869085 2.0439872 2.1072401 2.1799207 1.7645042 1.7432373 1.8565400 2.0303546 1.2791896 1.9434119 1.9523436 1.7198114 1.7481638 1.8568031 1.9770508 1.9900524 2.3925470 1.9344861 2.4386968 2.7616721 1.7194660 2.8202976 1.8592008 1.8838461 1.8917296 1.9362856 2.7572840 2.7869803 2.6078704 2.3509236 1.9467588 1.8918162 2.2217135 1.7395578 2.6015382 1.5532445 2.7546289 2.6994020 2.6803460 2.6739256 2.0601912 2.0876087 2.2465590 2.3577310 2.3219376 2.0799426 3.6526307 2.5344155 2.6542858 2.8837058 
Emue_Em0016g156a.t1                                               1.8305782 2.7334434 2.1668757 1.0086146 1.3402683 2.1194502 1.7480396 1.7075433 1.3231180 0.9028255 1.9633381 1.7992143 1.2749496 0.6260978 1.7926796 2.0075512 1.3662977 1.8497164 1.9236434 2.1158039 0.0000000 0.5930397 1.8071359 1.4368982 2.3768088 2.1281994 2.1832771 1.9956578 2.2185098 1.9121164 2.2414670 2.2605981 2.2409284 2.2107749 2.1956998 2.1849286 2.1734198 2.1251738 2.1569400 1.7310553 1.8492576 2.1445860 2.1508759 2.1586428 2.3041693 1.7485342 2.1022145 2.1377178 2.0405931 2.3130392 2.0997573 2.3139988 2.7503906 1.2657461 3.3092447 1.8479342 2.3318793 2.9711931 2.0284435 2.9471147 3.0248853 3.0087024 2.8795124 2.2630079 2.1172897 2.7343179 2.0681366 2.6093024 1.5015797 3.1655703 2.8808707 2.8882755 3.0043567 2.2572157 2.5854603 2.5268613 2.0411448 2.0246340 1.7550675 3.6108062 1.8236743 1.9911715 5.3135312 
Spolac_c92551_g1_i1_m.7934c103454-g4                              1.9805596 2.2523032 1.8139542 0.8668700 0.0000010 3.4368556 1.6268764 1.5554811 1.1429107 0.0000010 2.0981279 1.8663107 1.1174251 0.0000010 2.0626576 1.8910959 2.0797638 1.9816398 2.1318425 1.9577971 0.5930397 0.0000000 1.4497127 2.1999730 2.7882795 2.1444081 2.1444081 2.0987229 2.1323530 2.0083218 2.7036312 2.7129100 2.4480085 2.4927756 2.3738601 2.3937535 2.3937535 2.0666194 2.1380214 6.1722665 1.6485021 2.1111511 1.8021273 1.9202956 1.8537727 1.7161333 1.8845857 1.8845857 2.2410311 2.6758873 9.0000000 2.1060387 2.5490998 0.0000010 3.4804675 9.0000000 3.0057472 2.9458535 9.0000000 3.3220189 3.3745220 2.9482474 3.7725145 4.8008987 6.0936143 3.8040013 2.9475665 2.6116117 9.0000000 3.3003671 2.8437340 2.8139882 2.7177296 2.0355575 2.8371264 2.0446893 6.0817071 0.0000010 1.4355883 2.7127744 1.8144148 1.8144148 4.8983530 
Bralan_BLAG10000650_1                                             2.4598830 2.8482550 2.4936949 1.3023691 0.9023058 1.3672029 1.6832482 1.6428864 1.3690158 1.5440427 2.0137340 1.8742936 1.6442958 1.1022790 1.6468263 1.6952923 1.3157405 1.8869042 1.9175198 1.8795289 1.8071359 1.4497127 0.0000000 1.5327187 2.0664208 1.3725757 1.5101548 1.3839585 1.7346493 1.7353340 2.1223991 2.1333697 2.0850188 2.0244804 2.1020907 1.8985115 1.9929399 1.7682716 1.8558546 2.0915101 1.5010286 1.7749205 1.4755518 1.5227927 1.6723215 1.6884535 1.7862624 1.7900044 1.7775638 2.2360804 2.2217957 2.3698376 2.5791497 1.7078361 2.8279520 2.1896811 2.2224242 2.1731875 2.3204308 2.7840529 2.7549874 2.7711715 2.6876853 2.0618337 2.0070290 2.5544590 1.8649935 2.5099193 1.7433631 2.6759879 2.6522393 2.4192404 2.3970854 1.5308023 1.8082329 2.1876612 2.0147547 2.4751442 1.8525938 2.9925547 2.5284353 2.6632039 4.4862481 
Hvul_g32775_1                                                     2.4282658 1.4416312 1.9557660 1.5732003 1.8688891 1.3382008 1.4994605 1.6127338 1.4774308 1.2976819 1.5813415 1.4423302 1.4486770 1.1702193 1.3114280 1.0265993 0.9429459 0.9949066 1.0326320 1.2416259 1.4368982 2.1999730 1.5327187 0.0000000 0.9167244 1.5395321 1.4977372 1.6200846 1.6316228 1.3522753 1.7206865 1.7286052 1.7790362 1.7075680 1.6938981 1.6356550 1.6074285 1.3048613 1.4933157 1.2873922 1.2689032 2.2394020 1.7199135 1.7290366 2.2291857 2.0060319 1.5394780 1.2750585 1.5252422 1.7517125 2.2730105 2.1595251 1.9006142 1.7218255 2.0581151 1.9024138 2.0346134 3.2570139 1.8565484 2.0100399 2.0358276 1.9684721 1.9988339 1.8843291 1.8834388 1.9839470 1.6873676 1.6959936 1.3225359 2.0369978 1.9831402 1.9953351 2.0418959 1.5582649 1.6017900 2.1534980 2.9470403 2.5123262 2.1138121 1.7495713 2.0253132 2.7743144 3.0268596 
Chem_TCONS_00015265                                               2.6293080 4.2853383 3.1771036 1.3555536 1.1147427 1.9460323 1.9602732 1.8060434 1.6229669 1.2923427 2.1148744 2.0704434 2.0892161 1.2595986 1.7689449 1.5180769 0.9649618 1.6224407 1.7050236 1.6095629 2.3768088 2.7882795 2.0664208 0.9167244 0.0000000 2.0007836 2.1445619 1.6861049 2.1898460 1.8954999 2.3520471 2.3137073 2.3097220 2.2386291 2.2261982 2.1222366 2.2029715 1.7728248 1.9541426 1.9523309 1.9521304 1.1825896 2.2440671 2.2513886 2.4970589 2.9020351 1.9836639 2.0360584 2.0197204 2.4340011 2.0330797 2.3756927 2.8295918 1.8512915 2.6817831 1.8671101 2.1181373 2.3163007 2.0509245 2.6682814 2.7524949 2.6739068 2.2719074 1.8521217 1.7497356 2.1790838 1.9474451 2.5771786 1.5477719 2.6582887 2.5347458 2.6882528 2.6622440 2.1051733 2.0230212 2.2755762 2.1787732 2.5137802 2.4857682 3.2656323 2.7761835 2.8822172 3.2974630 
Acagra_model.g26742.t1_model.g26744.t1.1.5d401086                 2.2427622 3.6053052 2.4697144 1.4989830 1.1371839 1.3386482 1.6830655 1.6584160 1.4302789 1.4726423 1.9274262 1.8388260 1.7281367 1.1137973 1.6316893 1.8123382 1.3130639 1.8354748 1.8125756 1.7891704 2.1281994 2.1444081 1.3725757 1.5395321 2.0007836 0.0000000 0.0098771 1.1191702 1.2015686 1.6336481 2.1297015 2.1115281 2.0860780 2.0466432 2.1024208 2.1034772 2.1087407 1.6779894 1.6735757 1.8108448 1.4259324 1.7076386 1.5547657 1.5912500 2.0050938 2.2463100 1.7754441 1.8044855 1.8478623 2.3933735 2.2113169 2.4355486 2.3921404 1.7121727 2.5532305 2.0595524 2.0709233 2.0555464 2.1252638 2.5360317 2.5504688 2.5139286 2.4277938 2.0226433 1.9339947 2.3397725 1.8791301 2.4310114 1.6385976 2.5649799 2.4382562 2.5132064 2.4994754 1.5241441 1.5185325 1.7339638 2.0406549 2.1458966 2.1750882 3.1780269 2.4727832 2.5882203 4.6746800 
Acagra_model.g26742.t1_model.g26744.t1                            2.3103092 3.2264248 2.6155989 1.4989830 1.1371839 1.3617721 1.8180907 1.6584160 1.4968174 1.4726423 2.1494423 2.0561612 1.8541925 1.1137973 1.8024335 1.9555266 1.3130639 1.9887873 1.9303330 1.9670159 2.1832771 2.1444081 1.5101548 1.4977372 2.1445619 0.0098771 0.0000000 1.1095478 1.3023454 1.8051224 2.2927028 2.2347650 2.2448477 2.1314180 2.2594050 2.1595093 2.2451908 1.8670809 1.8522445 2.0293934 1.6226002 1.7906246 1.6378834 1.6692453 2.1736143 2.2286489 1.9293952 2.0055382 1.8167671 2.2557358 2.2113169 2.3875993 2.8061781 1.7121727 2.7222834 2.0595524 2.0709233 2.0555464 2.1252638 2.6633866 2.7476387 2.7416906 2.4685804 2.0226433 1.9339947 2.3397725 1.8791301 2.5409757 1.6385976 2.8079009 2.5745722 2.6526789 2.6450982 1.6551146 1.7036597 1.7982636 2.0359834 2.1458966 2.2075115 2.8362764 2.8171676 2.8829224 4.0974114 
Ctel_gnl_WGS_AMQN_CAPTEDRAFT_mRNA52405                            2.4463040 2.7912247 2.4247848 1.2886858 1.0552811 1.4071118 1.7215900 1.7195085 1.4462773 1.5459439 2.0027961 1.9352404 1.6027964 0.9830589 1.4342756 1.5997131 1.2711596 1.7474709 1.7094540 1.7208001 1.9956578 2.0987229 1.3839585 1.6200846 1.6861049 1.1191702 1.1095478 0.0000000 1.0918516 1.6423460 1.9054259 1.9076918 1.8146742 1.8107445 1.8754886 1.9340566 1.9340566 1.5864639 1.5474831 1.9041741 1.1608242 1.7931451 1.5681937 1.5868311 1.9912640 2.5095704 1.8382536 1.7586084 2.0324655 2.2587416 2.1021995 2.2469321 2.4514115 1.6366070 2.4095818 1.9291635 2.2038014 2.6073224 2.0306709 2.3736362 2.3501529 2.3155897 2.4244829 1.9437407 1.8603853 2.3429602 1.7790386 2.0983756 1.3830692 2.2907939 2.2967205 2.2930235 2.2547027 1.4305007 1.4267211 1.8140815 2.3648783 2.6398410 2.0087849 2.8273154 2.4574718 2.6851853 3.4964101 
Cgig_XM_020068263.2                                               2.6299694 2.6743007 2.7668502 2.2947815 1.3667190 1.7212699 1.9018710 1.7356545 1.5815322 1.4748472 2.2541115 2.1420629 2.1271248 1.0802218 1.8930218 1.9094414 1.5194797 2.0461478 2.0864248 2.1059756 2.2185098 2.1323530 1.7346493 1.6316228 2.1898460 1.2015686 1.3023454 1.0918516 0.0000000 2.0251243 2.1482918 2.1427190 2.0615819 1.9928886 2.1054622 2.0825924 2.1061354 1.8571234 1.9445673 1.9910942 1.8388239 2.0076293 1.8581350 1.8975633 2.0982777 2.6909978 1.9949337 1.9570184 1.8970674 2.4281313 2.1869207 2.4512012 2.7472194 1.7041192 2.8163404 2.0431432 2.0989413 2.1922183 2.0441708 2.8264058 2.8836588 2.7225985 2.3660442 1.9428367 1.8680682 2.2411889 1.9076866 2.6475909 1.6195357 2.9845438 2.5391011 2.6425600 2.6826937 1.5577367 1.7672824 1.8279668 2.5106068 2.6340338 2.1395983 2.9770387 2.5921950 2.6935960 4.3242914 
Exapal_XM_021055676.2                                             2.2503831 2.8704916 2.5797038 1.5102232 0.9178161 1.7291591 1.3128070 1.2002167 0.9997117 1.0688996 1.6307253 1.4439534 1.7907669 0.9709348 0.9715273 1.6638419 1.1428298 1.7643591 1.8835255 1.8525432 1.9121164 2.0083218 1.7353340 1.3522753 1.8954999 1.6336481 1.8051224 1.6423460 2.0251243 0.0000000 2.1371684 2.1249867 2.0885717 2.0806053 2.1205206 2.0549535 2.1344374 1.8060271 1.8327544 1.6054887 1.9780514 1.5573435 1.8899752 1.8853987 1.4495841 1.4514623 1.7451755 1.7534277 1.7890799 2.1834436 1.8648173 2.2436087 3.2788410 1.7883270 2.7365720 1.7998535 1.9441122 2.0768287 1.9303210 2.6110820 2.5759298 2.6777255 2.4605120 1.9143439 1.8481065 2.3176356 1.8090433 2.5614788 1.5763265 2.8544861 2.5780824 2.6330385 2.6905907 1.9180267 2.0215707 2.1597932 1.9828473 2.1457119 2.1887896 3.6986405 2.6479522 2.7819806 3.7972309 
HoiH04_mRNA13508                                                  2.3397526 3.0536225 2.9842915 2.1431288 1.4605546 1.9302444 1.8491893 1.7799586 1.3968335 1.2800757 2.2306573 2.1175151 2.0270680 1.0229738 2.0234006 2.0727319 1.5421372 2.0921648 2.1093343 2.0805091 2.2414670 2.7036312 2.1223991 1.7206865 2.3520471 2.1297015 2.2927028 1.9054259 2.1482918 2.1371684 0.0000000 0.0244138 0.1718095 0.1663747 0.2647151 0.4128148 0.4512318 2.2187780 2.0947772 1.8442203 2.2415686 2.1528899 2.1529849 2.1616385 2.4514292 2.1710294 1.9844318 2.1846958 2.0047859 2.6520021 2.1865711 2.3822129 3.4631033 1.5324298 3.0939874 1.9430996 2.2799683 2.7050205 1.9327592 3.1117313 2.8583514 2.9900893 2.5721819 2.1473016 1.9850736 2.5079810 1.9726541 2.7855737 1.4574569 2.7669501 2.6603403 2.7173019 2.7478384 2.0819261 2.0926748 2.4707992 2.6014599 2.0201686 2.3279741 3.8157481 2.9777770 3.0150957 4.3488847 
Hhon_g10234.t1                                                    2.3719341 3.0423629 3.0010852 2.2012020 1.4976691 1.9015441 1.8602572 1.7895719 1.4034782 1.2779115 2.2225014 2.1208802 2.0599718 1.0062295 2.0491702 2.0760452 1.5434101 2.0920013 2.0987769 2.0885234 2.2605981 2.7129100 2.1333697 1.7286052 2.3137073 2.1115281 2.2347650 1.9076918 2.1427190 2.1249867 0.0244138 0.0000000 0.1798031 0.1615766 0.2760337 0.4151321 0.4502491 2.2681511 2.0983559 1.9267083 2.2424518 2.2033488 2.1584953 2.1671532 2.4530840 2.1710362 2.0020272 2.1942602 2.0058285 2.6643550 2.2493081 2.3775907 3.4552478 1.5541477 3.0758930 1.9171726 2.2760252 2.7357077 1.9052027 3.0773862 2.7974390 2.9296014 2.5596136 2.1413027 1.9787664 2.4944994 1.9672318 2.7697051 1.4291362 2.7590099 2.6412846 2.7183717 2.7585671 2.0649366 2.0896434 2.4745983 2.6057384 2.0687767 2.3417195 3.7156202 2.8604162 2.9060321 4.4056125 
HoiH06_mRNA3813                                                   2.4441446 2.9894720 3.0089602 2.1189648 1.4031988 1.8895903 1.9268136 1.8830883 1.5026529 1.3217649 2.2100635 2.1121573 1.9578329 1.0659157 2.0135319 2.1004439 1.6071048 2.1300305 2.1554389 2.1644246 2.2409284 2.4480085 2.0850188 1.7790362 2.3097220 2.0860780 2.2448477 1.8146742 2.0615819 2.0885717 0.1718095 0.1798031 0.0000000 0.0547207 0.2716886 0.4314025 0.4704735 2.2326423 2.1636494 1.9312974 2.2646373 2.1527211 2.1780230 2.1870839 2.4223771 2.1745248 1.9935162 2.1435553 1.9286539 2.6520675 2.2212028 2.3670610 3.3796364 1.5957641 2.9996002 2.0322498 2.3253161 2.7743297 1.9835434 3.0974695 2.8784389 3.1069665 2.5800506 2.2041057 2.0488234 2.4817905 2.0545041 2.8602249 1.5691726 2.8278206 2.7274688 2.7544006 2.8473101 2.0555106 2.0498744 2.3568069 2.5798509 2.0297176 2.2864607 3.7321620 2.8433608 2.8903573 4.3648794 
HoiH23_PlH23_008443-RA                                            2.4061429 3.0086036 2.9811466 2.0393890 1.3899729 1.8808310 1.8677173 1.8790736 1.4653393 1.2883261 2.0924478 2.0061251 1.9503381 1.0783580 1.9704435 2.0392192 1.5545689 2.0508813 2.0897978 2.0869085 2.2107749 2.4927756 2.0244804 1.7075680 2.2386291 2.0466432 2.1314180 1.8107445 1.9928886 2.0806053 0.1663747 0.1615766 0.0547207 0.0000000 0.2639569 0.4176579 0.4244540 2.2015220 2.1086130 1.9037362 2.1865223 2.1434569 2.0986358 2.1081322 2.3561977 2.1350623 1.9897633 2.1592125 1.8895694 2.6045190 2.1678790 2.3493491 3.3577538 1.5929255 2.8935143 2.0119850 2.3110774 2.7664241 1.9466567 3.0304149 2.8869213 3.0350715 2.5385574 2.1670190 2.0110569 2.4653404 2.0226505 2.8324085 1.5279238 2.7583134 2.6097218 2.6572087 2.7494132 2.0367415 2.0230027 2.3426250 2.5447667 1.9942785 2.2204842 3.6338696 2.6713180 2.7313221 4.3155609 
HoiH11_mRNA8634                                                   2.4130176 3.4190278 3.0926583 1.9905128 1.4362830 1.9614518 1.9263681 1.8530290 1.4205487 1.3002429 2.1298540 2.0329668 1.9203635 1.0628326 2.0669164 2.0247693 1.5159804 2.0956514 2.1724848 2.0439872 2.1956998 2.3738601 2.1020907 1.6938981 2.2261982 2.1024208 2.2594050 1.8754886 2.1054622 2.1205206 0.2647151 0.2760337 0.2716886 0.2639569 0.0000000 0.4046989 0.4347892 2.1723329 2.0469670 1.7875678 2.2524512 2.0301243 2.1575667 2.1983392 2.3100279 2.0346663 1.9548007 2.1127340 1.9019796 2.5969108 2.1850616 2.4441167 3.0239102 1.6698032 2.8724763 1.9690822 2.2315859 2.5441088 1.9665249 3.1285141 2.9533241 3.0579371 2.4773660 2.1068631 1.9577994 2.3498047 1.9844659 2.8135928 1.5363946 2.8352697 2.7537133 2.6587873 2.7882875 2.0312243 2.1876320 2.4060424 2.4023969 2.1122919 2.1290480 3.5658260 2.7537882 2.8073775 4.2641153 
Tadh_wf_g3715.t1                                                  2.4588941 3.2828843 2.9520761 1.8688063 1.5316071 1.8362471 1.8603376 1.8501325 1.5153273 1.3785275 2.0875628 2.0340353 1.9179085 1.1212644 1.8875760 1.8177556 1.5459725 1.9749440 2.0079888 2.1072401 2.1849286 2.3937535 1.8985115 1.6356550 2.1222366 2.1034772 2.1595093 1.9340566 2.0825924 2.0549535 0.4128148 0.4151321 0.4314025 0.4176579 0.4046989 0.0000000 0.0014518 2.1267060 1.9983717 2.0029035 2.0283382 2.0608150 2.0676415 2.1026461 2.4787608 2.1510291 1.9007999 2.0587109 1.8309152 2.5926493 2.2561715 2.4386898 3.4256408 1.7246992 2.9352258 1.8786706 2.1778781 2.5582824 1.9341559 2.7990136 2.7623438 2.7336643 2.5550883 2.2190600 2.0704773 2.4153627 2.0383878 2.6769483 1.5217576 2.6696796 2.6304543 2.5838500 2.6281910 2.0507940 2.0181849 2.4769075 2.5626497 2.1354846 2.2146997 3.2228812 2.5887544 2.6905878 3.7224023 
TrH2_TrispH2_010686-RA                                            2.4588941 3.0906654 2.8411126 1.8688063 1.5316071 1.8061183 1.8710694 1.8417068 1.5153273 1.3785275 2.1326673 2.0829095 1.9304805 1.1212644 1.9273749 1.9307323 1.5459725 2.1080414 2.1355443 2.1799207 2.1734198 2.3937535 1.9929399 1.6074285 2.2029715 2.1087407 2.2451908 1.9340566 2.1061354 2.1344374 0.4512318 0.4502491 0.4704735 0.4244540 0.4347892 0.0014518 0.0000000 2.1803335 2.0381328 1.9324215 2.1268612 2.0608150 2.1072686 2.1409844 2.4446938 2.1023340 1.8859935 2.0304189 1.8192009 2.5579530 2.2561715 2.3629819 3.4256408 1.7246992 2.9965661 1.8786706 2.1778781 2.5582824 1.9341559 2.9135687 2.8669035 2.8797453 2.5480205 2.2190600 2.0704773 2.4083541 2.0383878 2.7881083 1.5217576 2.6828797 2.7074672 2.6726547 2.7158551 2.0611877 2.0789904 2.4669042 2.5626497 2.1354846 2.2086270 3.3516192 2.6654490 2.7543184 3.8350473 
Dgig_XM_028548869.1                                               2.2399040 3.4350138 2.8298201 1.6800278 1.0223457 1.4872703 1.5649675 1.3973668 1.1431714 1.1161495 1.9158520 1.7877055 1.7852780 1.0968679 1.5207064 1.4385146 0.9683859 1.5633790 1.6783702 1.7645042 2.1251738 2.0666194 1.7682716 1.3048613 1.7728248 1.6779894 1.8670809 1.5864639 1.8571234 1.8060271 2.2187780 2.2681511 2.2326423 2.2015220 2.1723329 2.1267060 2.1803335 0.0000000 0.6112360 1.6344610 1.8498388 1.5863655 2.0001562 1.9807489 1.8537010 1.6272583 1.9644229 2.1189690 1.8331094 2.3427514 1.9881191 2.6206572 2.4872982 1.5641057 2.6989341 1.5903166 1.8486637 2.1219850 1.6194601 2.5159473 2.5785036 2.5617837 2.0300703 1.7136496 1.6867856 1.9292624 1.4755742 2.2391109 1.2466976 2.5079539 2.3738811 2.4592864 2.3817929 2.0618773 2.1366673 2.0817615 2.1167079 2.1838629 2.1909885 3.7076234 2.8445885 2.9146191 4.5240972 
Xesp_000425-T1                                                    2.3226153 3.3293802 2.6297749 1.5512853 1.1097874 1.5204002 1.6536484 1.4975576 1.2841302 1.2359641 1.8926449 1.8331784 1.8462476 1.2189917 1.6093183 1.4974494 1.1237003 1.6037688 1.7175724 1.7432373 2.1569400 2.1380214 1.8558546 1.4933157 1.9541426 1.6735757 1.8522445 1.5474831 1.9445673 1.8327544 2.0947772 2.0983559 2.1636494 2.1086130 2.0469670 1.9983717 2.0381328 0.6112360 0.0000000 1.8938785 1.8894396 1.4890451 1.8770311 1.8850230 2.0262129 2.0006223 1.8922872 1.9475005 1.8461018 2.2665326 2.1644385 2.4359225 2.6239556 1.9501093 2.7630360 1.9459644 2.0227156 2.0694143 2.0077894 2.4441733 2.5875101 2.4443926 2.2062768 1.8577499 1.8214443 2.0915945 1.6811006 2.1824505 1.3836467 2.6111039 2.3247143 2.4473104 2.3631649 1.9464259 2.0116072 2.0669029 2.2178221 2.2781018 2.1636748 3.0723123 2.1658852 2.2814214 4.7081306 
Gasp_gasp1.m1b.2641.m1                                            3.2703337 4.8056133 5.2480630 5.3103974 4.4596720 2.0091702 1.3538576 1.2523524 0.9685867 0.1786250 1.3060671 1.2344333 1.5234410 0.3723837 1.3940754 1.9324645 1.1369026 1.8554562 1.8603537 1.8565400 1.7310553 6.1722665 2.0915101 1.2873922 1.9523309 1.8108448 2.0293934 1.9041741 1.9910942 1.6054887 1.8442203 1.9267083 1.9312974 1.9037362 1.7875678 2.0029035 1.9324215 1.6344610 1.8938785 0.0000000 2.1062543 6.0886198 2.2604213 2.2648622 4.1794230 3.6362224 2.2214419 2.1591564 2.0559988 2.0900272 1.7460736 2.0603610 5.1388352 1.0226838 2.8821868 1.5211862 2.1545533 6.6982103 1.3864090 2.4551668 2.6420427 2.5250273 2.4363082 2.2281235 2.2281235 2.4387482 1.9363052 2.1556949 0.8995782 2.8625698 2.3941803 2.4913306 2.5570470 2.0585212 2.0536426 2.3812358 3.4507751 2.2541579 2.1277482 2.9296670 3.0049743 3.1935856 4.9837724 
Hsap_ENST00000275820                                              2.2534624 3.3736032 2.4871792 1.0668591 0.9944529 1.4865826 1.8366807 1.6133890 1.5513742 1.4034495 2.1524162 2.0786551 1.6213753 1.1052643 1.8195890 1.7254202 1.2443696 1.6673807 1.8811323 2.0303546 1.8492576 1.6485021 1.5010286 1.2689032 1.9521304 1.4259324 1.6226002 1.1608242 1.8388239 1.9780514 2.2415686 2.2424518 2.2646373 2.1865223 2.2524512 2.0283382 2.1268612 1.8498388 1.8894396 2.1062543 0.0000000 1.6419434 1.7859863 1.8523403 2.1539858 1.8151194 1.9550085 1.9209427 1.7299197 2.3668986 2.1964562 2.3647235 2.3899418 1.6907196 2.9341943 1.9833720 2.1733285 2.2985357 1.9872574 2.7597742 2.8655091 2.6937675 2.5220352 2.1274700 2.0595854 2.3819903 1.8419823 2.4211963 1.4798955 2.5990382 2.7453959 2.5643095 2.5419426 1.5945423 1.9482096 2.1435490 2.3164610 2.3914929 2.1167892 3.3197057 2.2785176 2.4006217 4.8440389 
Hvul_g32773_1                                                     2.0125586 3.6016124 2.3721984 1.3536323 0.7708894 1.1719087 1.5277508 1.4424144 1.4899027 0.0000010 1.6344987 1.6084016 1.4973196 0.0000010 1.3668902 1.1357202 0.9038286 1.2968594 1.2343697 1.2791896 2.1445860 2.1111511 1.7749205 2.2394020 1.1825896 1.7076386 1.7906246 1.7931451 2.0076293 1.5573435 2.1528899 2.2033488 2.1527211 2.1434569 2.0301243 2.0608150 2.0608150 1.5863655 1.4890451 6.0886198 1.6419434 0.0000000 1.5850412 1.6095594 1.5732631 2.4799203 2.1296403 2.1296403 2.0271411 1.8618572 1.7865099 2.0771034 2.8647930 0.0000010 2.1368881 1.2579129 2.2459591 2.3395800 0.0000010 2.3578918 2.3083633 2.2819529 2.1867313 1.8422790 1.6233576 2.1867313 2.0507428 2.3587559 0.0000010 2.3973433 1.9875732 2.3691671 2.3446615 1.8926922 1.8515753 1.8645417 1.8293559 1.7397210 2.0413958 3.2140354 1.9145701 1.9886478 4.6263923 
Spur_XM_030974058.1                                               2.3096110 3.4504152 2.7053057 1.2809367 1.0889188 1.4309526 1.9421775 1.7921601 1.5258627 1.7432361 2.1700652 2.0431281 1.7540711 1.3548516 1.7912665 1.7044050 1.3011077 1.8255244 1.8407613 1.9434119 2.1508759 1.8021273 1.4755518 1.7199135 2.2440671 1.5547657 1.6378834 1.5681937 1.8581350 1.8899752 2.1529849 2.1584953 2.1780230 2.0986358 2.1575667 2.0676415 2.1072686 2.0001562 1.8770311 2.2604213 1.7859863 1.5850412 0.0000000 0.0287840 1.9977346 1.8565979 1.8776729 1.9311795 1.9035691 2.5143906 2.5489805 2.4868647 2.4344959 2.0619366 2.8575105 2.1721036 2.2262861 2.1863890 2.2741636 2.9021133 2.9940580 2.9645973 2.4696950 2.0564785 1.9689723 2.3490078 2.0528527 2.6375890 1.9127239 2.9310197 2.6520878 2.6677845 2.6584571 1.8410054 1.9068303 2.0534843 1.9613901 2.3435811 2.2308060 3.5614138 2.4032626 2.5531400 4.4332222 
Spur_XM_030990470.1                                               2.2884811 3.2783066 2.6244061 1.2974736 1.1178673 1.4426998 1.9607301 1.8120933 1.5349441 1.7782472 2.1933741 2.0813198 1.8155360 1.3639551 1.7813667 1.7264179 1.3245553 1.8549005 1.8974912 1.9523436 2.1586428 1.9202956 1.5227927 1.7290366 2.2513886 1.5912500 1.6692453 1.5868311 1.8975633 1.8853987 2.1616385 2.1671532 2.1870839 2.1081322 2.1983392 2.1026461 2.1409844 1.9807489 1.8850230 2.2648622 1.8523403 1.6095594 0.0287840 0.0000000 1.9511637 1.8463418 1.8939734 1.9480838 1.9276625 2.5278339 2.6028007 2.5124898 2.4966213 2.0908604 2.9115209 2.1178122 2.2197190 2.2357259 2.2578593 2.8753370 3.0416549 2.9417848 2.4658104 2.0869878 1.9570000 2.3452367 2.1209821 2.7010367 2.0000221 2.9814312 2.6578651 2.7024398 2.6886584 1.8617240 1.9866091 2.0434523 1.9666637 2.3963528 2.2520860 3.5676469 2.4262418 2.5760240 4.2831547 
