83
Dgig_XM_028536529.1                                           0.0000000 0.5031458 1.5161812 1.3960388 1.8888594 0.8461835 1.7325970 1.5639065 1.0599489 1.6099980 1.9228113 2.4509907 2.1708497 1.9706099 1.7949760 1.5567847 1.8428816 1.2066573 1.2915528 1.2907372 1.2653679 1.3770011 1.4188019 1.5256403 1.4036197 1.7287287 1.6231570 1.6945145 1.8249893 1.4845130 1.9414360 1.9021288 1.6746284 1.6668833 1.7470659 1.7035183 1.0834584 1.7088665 1.6618190 1.8618280 1.1775948 1.8224230 1.7678408 1.3429678 1.9513336 1.7576732 1.8463311 1.8448222 1.6333414 1.5191769 1.4622695 1.3675417 1.3552419 1.6444263 1.8607639 2.0234154 1.9828700 2.0195417 1.9677753 2.0996983 1.9883701 1.9568865 1.6824368 1.2881860 1.4125163 2.0978063 1.7468821 1.7771907 1.9583465 2.0049144 1.9936866 1.9337514 1.5065599 1.9250991 1.9277700 1.5390970 1.6842004 2.0351379 1.8034231 2.6147561 2.3928634 2.3583211 2.8133536 
Xesp_005776-T1                                                0.5031458 0.0000000 1.3576350 1.1901721 1.4823944 0.7394453 1.6632592 1.4594992 1.2160719 1.6033162 2.0614410 2.3206905 1.9566873 1.8976578 1.6743301 1.5941098 1.7447465 1.1505440 1.2621404 1.1851649 1.1684930 1.2645367 1.2510819 1.3659755 1.2750995 1.4485616 1.4052576 1.5163582 1.5051432 1.5149182 1.7779212 1.7558274 1.5422299 1.5460621 1.5913254 1.5569012 1.1283675 1.6070763 1.4790989 1.7746690 1.1947114 1.8080977 1.7535993 1.3080508 1.7248222 1.7104312 1.5421530 1.5557553 1.3753934 1.3519373 1.3717312 1.2740072 1.1204502 1.5627879 1.5942864 1.8524671 1.8170953 1.6444256 1.5737180 1.7626824 1.7171559 1.6933476 1.5019883 1.2552144 1.3794101 1.8278330 1.6513389 1.5843448 1.9681190 1.8743191 1.9882102 1.9634858 1.5280062 1.4496373 1.4590517 1.4584044 1.5671370 2.0852283 1.7128143 3.3146570 2.9434980 2.4206694 2.8340409 
Bralan_BLAG07001369_1                                         1.5161812 1.3576350 0.0000000 1.5242839 1.9305570 1.1698498 1.7906363 1.6863602 1.1659681 1.9850451 1.6702367 2.3262250 2.1340254 2.3928047 1.8756684 1.4523635 1.7371184 1.3578265 1.3122790 1.3412784 1.3875357 1.3362078 1.6950619 1.3107039 1.0390516 1.4998147 1.3845483 1.6058551 1.4556807 1.3557769 1.9305200 1.9281695 1.5798214 1.5743074 1.6362891 1.6259578 1.0788231 1.6170006 1.6227427 1.7710296 1.1136649 1.8725288 1.6454441 0.6831324 1.9148505 1.7418660 2.0091701 2.0736357 1.6276194 1.5870413 1.5769247 1.4546987 1.3614433 1.2422980 1.5974420 1.8058655 1.9015982 1.6537196 1.5816729 1.6917215 1.7348913 1.7133062 1.4010924 1.1354312 1.4653774 2.0139786 1.6463595 1.7167566 1.9688113 1.9327827 1.8454599 1.7882852 1.3591810 2.2061675 2.1777830 1.7455732 1.7518143 2.3058365 2.0522238 2.5093743 2.3175842 2.0163882 2.7591947 
Nvec_v1g117769                                                1.3960388 1.1901721 1.5242839 0.0000000 0.4908612 0.8470003 1.7180595 1.5265767 1.1780440 1.6140950 1.3308666 2.2816060 1.9501828 2.1651319 1.7153442 1.4870515 1.7804781 0.8687652 0.8897861 0.9955061 1.0233546 1.0163135 1.3380775 0.8100206 1.1939176 1.6232314 1.5275232 1.6110894 1.5575225 1.4102434 1.6417061 1.6203047 1.3734449 1.3626929 1.3672792 1.3790032 0.9557440 1.4188824 1.4354368 1.6262221 1.0492086 1.7501221 1.5785483 1.2489070 1.8748809 2.0239626 2.1571135 2.1811068 1.4762025 1.5006354 1.5326123 1.4311950 1.1846456 1.5239340 1.7108592 1.7520071 1.8689183 1.8896885 1.8578250 2.0211270 2.0086715 1.9778837 1.5217906 1.1311282 1.3876811 1.9333075 1.6479899 1.6922372 2.0465388 2.0815311 2.0688317 1.9687269 1.4135302 2.1128358 2.1337650 1.5826710 1.6055178 1.8608403 1.7328314 2.8818091 2.7011704 2.5420180 3.1357594 
Nvec_v1g117798                                                1.8888594 1.4823944 1.9305570 0.4908612 0.0000000 0.6764672 2.0138926 1.8065122 1.1318265 1.9162483 1.0278481 2.3009294 1.8861917 4.0702188 2.2376735 1.4718821 2.1605599 1.1470279 1.1229659 1.1296360 1.2097282 1.3272485 2.3249693 1.3142840 1.2486674 1.9564025 1.8033978 1.7485028 1.7468490 1.6562713 1.6627010 1.5810319 1.6675488 1.6447287 1.6976807 1.7260261 1.3230066 1.7351876 1.7045625 1.8350093 1.2521864 1.9808295 1.4486833 0.9116352 2.1424200 1.9961576 2.0380395 2.0608390 1.7312799 2.3544601 2.2973356 2.2683422 0.7881472 1.9391022 2.6641527 2.5404494 2.3864820 2.2947571 2.2914394 2.6007711 2.4177877 2.3733059 2.0647641 1.5086221 1.7172402 2.5291909 1.8257692 2.0546351 2.1795309 2.2482999 2.0793074 2.0249816 1.5379562 4.5950444 4.6678218 2.2666258 2.9282225 1.7475842 1.7338407 2.6027216 2.4438394 2.6785362 4.8672541 
Morvir_scaffold1564.g1.t1                                     0.8461835 0.7394453 1.1698498 0.8470003 0.6764672 0.0000000 1.5023355 1.4121586 1.2992349 1.3372248 1.3856651 2.0726998 2.0062157 2.1357684 1.3183510 1.3706360 1.4357345 0.9329848 0.9974675 0.8737930 0.9309273 1.2813786 1.0884713 0.9448853 1.0401300 1.1679548 1.0808971 1.0623407 1.1755459 1.3213523 1.4656719 1.4656719 1.4583688 1.4583688 1.5439378 1.4075387 1.3128297 1.3795262 1.3264955 1.4467793 1.3951746 1.4703911 1.4655311 0.7784407 1.2753814 1.5139996 1.9614056 1.9655927 1.3735228 1.2167836 0.9586689 1.3304217 0.1001750 1.2896356 1.6487909 1.4817730 1.7417225 1.8519165 1.8495052 1.5141733 1.6964392 1.6967117 1.8469493 1.8105924 1.5452321 1.7244687 1.3149459 1.2906079 1.4476469 1.2713219 1.4723370 1.4484124 1.4375030 1.8051629 1.8078825 1.6788441 1.9599245 1.4718233 1.2854586 1.6382766 2.3189266 2.3715870 3.6908322 
Tetwil_g1426.t1                                               1.7325970 1.6632592 1.7906363 1.7180595 2.0138926 1.5023355 0.0000000 0.8003761 0.5358153 0.8975784 1.1188263 1.5420037 1.3503888 1.3934112 0.8358423 0.7650523 0.9126490 1.4931927 1.5527859 1.6505241 1.6655454 1.6402394 1.8299006 1.6191233 1.3581107 1.9713505 1.8128429 1.9659800 1.9448845 1.6143821 2.0206174 2.0117820 1.7323534 1.7384655 1.7465147 1.7534700 1.1682693 1.7525676 1.8160100 1.9422924 1.2985330 2.0240611 1.6573953 1.5489790 1.4356288 1.2868706 1.3061418 1.3044909 1.6653515 1.8839385 1.7661424 1.9423462 1.4455758 1.7115518 1.6600982 1.8454530 1.8202349 1.6553035 1.6079491 1.7029228 1.9946740 1.9478318 1.6266125 1.2776702 1.5180181 1.9438913 1.5167564 1.8213245 1.6216822 1.6150282 1.6366662 1.6588618 1.8918588 2.5398026 2.5416229 1.8344392 2.0169032 2.2690558 2.1757565 2.0687679 2.5836454 2.3392822 2.8431233 
Halamb_c53574_g1_i2mm.5308                                    1.5639065 1.4594992 1.6863602 1.5265767 1.8065122 1.4121586 0.8003761 0.0000000 0.3202533 0.4706601 0.9188720 1.1693660 1.0730300 0.8698629 0.8884818 0.8983236 1.0010941 1.3925494 1.3209472 1.3777084 1.4479226 1.4070114 1.7195098 1.4907404 1.3786748 1.5932832 1.5820924 1.6067606 1.7957895 1.6078148 1.8215141 1.8286847 1.4873413 1.4919770 1.4727212 1.4973352 1.0659122 1.4025392 1.4941602 1.5484097 1.1363438 1.7685187 1.6323814 1.5911363 1.3091671 1.2063918 1.2882884 1.2733376 1.7494876 1.6209218 1.6835822 1.5985569 1.2670609 1.4814495 1.3797796 1.6342384 1.5625285 1.4710856 1.4326096 1.5145996 1.8003999 1.8127915 1.3339386 1.2309526 1.5411709 1.7192297 1.5377577 1.5498506 1.5280714 1.6263491 1.5008226 1.5462287 1.7586734 2.3206218 2.3308850 1.4842560 1.7240325 2.0515771 1.9275693 1.6314259 1.9839487 2.3926123 2.7329263 
Xestes_maker-XT_scaffold71359-snap-gene-0.8-mRNA-1            1.0599489 1.2160719 1.1659681 1.1780440 1.1318265 1.2992349 0.5358153 0.3202533 0.0000000 0.5092876 0.7219986 0.9862743 1.0831424 1.2266495 0.5119532 0.6985095 0.6985095 1.0490056 1.0371311 1.1288055 1.2148791 1.3069270 1.0859176 1.2488800 1.2055771 1.3785295 1.3785295 1.4879603 1.3333292 1.1508259 1.4919152 1.4919152 1.2398709 1.2398709 1.3324815 1.4232669 1.2259402 1.2259402 1.2925361 1.3804240 1.3804240 1.4807128 1.4695484 1.0011851 0.7876567 0.9311139 1.1834263 1.1837999 1.6464438 1.6809321 1.5886987 1.5990036 1.1599476 1.2191243 1.2163016 1.1360092 1.2827523 1.3757963 1.3311102 1.4784076 1.4607967 1.4400463 1.2963273 1.2963273 1.4465736 1.7306552 0.9335081 1.3294995 1.0255087 1.0750386 1.0918696 1.0138608 1.7335417 2.1637793 2.1183759 1.5421347 2.1288653 1.6138677 1.9345378 1.0681366 2.1059879 2.5871151 3.6931007 
Aque_Aqu2.1.14266_001                                         1.6099980 1.6033162 1.9850451 1.6140950 1.9162483 1.3372248 0.8975784 0.4706601 0.5092876 0.0000000 0.8550357 1.2235059 1.0645005 0.5954946 1.0132085 0.9292669 1.1139739 1.5580810 1.4958476 1.5397707 1.5637041 1.5967764 1.8612762 1.6626978 1.4631360 1.8920713 1.7802886 1.9348908 2.0661056 1.7169744 2.0533655 2.0228797 1.7173557 1.7188060 1.7172311 1.7116950 1.1204187 1.6621882 1.7400524 1.8063380 1.1942965 1.9742917 1.7490256 1.5715271 1.4282217 1.0512947 1.1613681 1.1557275 1.8035976 1.8874413 2.0387364 1.7811447 1.4206875 1.7146092 1.5839175 1.7849240 1.7561008 1.8600267 1.8325937 1.9789259 1.9752069 1.9920028 1.6460797 1.2259530 1.4929195 1.8789583 1.6962800 1.8397819 1.8026334 1.8830413 1.7860862 1.8038807 1.7487248 2.5217862 2.5275007 1.6576320 1.9319650 2.0589214 2.1703488 2.3961834 2.3647448 2.4525038 2.6881880 
Aque_Aqu2.1.08403_001                                         1.9228113 2.0614410 1.6702367 1.3308666 1.0278481 1.3856651 1.1188263 0.9188720 0.7219986 0.8550357 0.0000000 0.0619710 0.1928194 0.8520575 1.1574888 1.2443185 1.2443185 1.2113163 1.1893348 1.2897450 1.2105178 1.4641754 1.2651205 1.5302497 1.8328969 1.8251884 1.8251884 1.6182561 1.4831742 1.1560405 2.0942552 2.0942552 1.8471879 1.8471879 1.8077294 1.6918222 1.4334648 1.4831232 1.6970122 1.8340171 1.6780618 1.7425420 1.8848939 1.6053714 1.2743392 0.9660419 1.1218787 1.1590244 1.8207879 1.2193950 1.3507464 1.4240953 1.4996219 1.2714068 1.7958238 1.7495622 2.3078639 1.5305118 1.5305118 1.9010037 2.1155857 2.1006866 1.4545435 1.4545435 2.0470267 1.9317262 1.2926787 1.3253863 1.3301788 1.5801066 1.4117420 1.4688341 1.5348201 1.3224928 1.3224928 2.8561271 1.8957690 1.9212561 1.4976542 0.0000010 1.1306171 9.0000000 3.0978105 
Aque_Aqu2.1.11284_001                                         2.4509907 2.3206905 2.3262250 2.2816060 2.3009294 2.0726998 1.5420037 1.1693660 0.9862743 1.2235059 0.0619710 0.0000000 0.2097216 2.6908108 1.7580602 1.6347383 1.7677680 1.8692219 2.0176175 1.9542345 1.9944111 2.1060416 3.6478459 2.2335029 1.9988816 2.2694015 1.9824020 2.0673630 2.0481715 1.9157077 2.5481071 2.4872835 2.1778192 2.1778192 2.2271643 2.1809418 1.7201016 2.0249526 2.2728052 2.2332124 1.9927617 2.3382275 2.1198172 1.6823103 1.8038391 1.0538628 1.0391358 1.0258472 2.0979775 2.4272880 2.7715496 2.5671156 1.8002265 1.8832443 1.8847884 1.9676968 2.5884095 2.3750764 2.3645328 2.3919021 2.5551858 2.5386406 1.9410567 1.7509722 2.1727224 2.5955952 2.1003065 2.0643778 2.0740157 2.1410864 2.0064156 2.1164721 1.8803970 3.0458326 3.0453713 2.7495635 2.4700496 2.5734840 2.3594094 2.6413980 2.8095739 3.0140377 4.7390899 
Aque_Aqu2.1.12101_001                                         2.1708497 1.9566873 2.1340254 1.9501828 1.8861917 2.0062157 1.3503888 1.0730300 1.0831424 1.0645005 0.1928194 0.2097216 0.0000000 2.4536378 1.5374042 1.4709342 1.4950641 1.7128211 1.8424579 1.8064206 1.8650246 1.9382218 3.2097007 1.8744525 1.7406036 2.0387303 1.9061922 1.8778117 1.7782701 1.7660347 2.0831569 2.0831569 1.8513492 1.8513492 1.8677339 1.8305263 1.6126562 1.7544279 1.9107238 2.0798863 1.9282101 2.0355475 1.9088180 1.4442738 1.6662919 0.8820222 0.8758604 0.8642406 1.9416547 1.7049991 2.1639619 2.0806130 1.7860789 1.6716228 1.6852664 1.7506411 2.3237894 2.0916155 2.0826184 2.2078894 2.3637802 2.3390560 1.9029527 1.6585173 1.9650907 2.2272318 1.7608543 1.9072558 1.8259376 1.7421455 1.7275424 1.6550477 1.6682902 2.7985887 2.8627070 2.4679421 2.1432238 2.2770027 2.0215083 2.3460620 2.3860928 2.7869601 4.6062943 
Aque_Aqu2.1.11490_001                                         1.9706099 1.8976578 2.3928047 2.1651319 4.0702188 2.1357684 1.3934112 0.8698629 1.2266495 0.5954946 0.8520575 2.6908108 2.4536378 0.0000000 1.4234271 1.1693865 1.6941192 2.2012955 2.0230917 2.1896594 2.2156931 2.1374810 2.1118014 2.2591118 1.6898067 2.3506055 2.1873383 2.4640075 2.5603238 2.3602028 2.6447471 2.6190543 2.3710387 2.3702366 2.2918391 2.3257861 1.6037811 2.2509038 2.3153425 2.4836913 1.7270843 2.6110172 2.1914701 1.5715906 2.1426986 2.1456269 3.5478273 3.5727977 2.2844934 2.0590444 2.0926503 1.8808639 1.4123565 2.1763537 2.2697188 2.4171233 2.2416181 3.2005443 3.1389997 3.4031187 2.7714703 2.7465461 2.4501159 1.8225020 1.9926039 2.1550798 2.3038935 2.4498110 2.3675876 2.4634147 2.5015037 2.4648571 1.8693969 2.5350634 2.5315828 1.9945235 2.1970644 2.2282385 2.5471310 5.8841368 4.6538817 4.9125927 2.6977101 
Stycar_snap_masked-SC_scaffold6433-processed-gene-0.18-mRNA-1 1.7949760 1.6743301 1.8756684 1.7153442 2.2376735 1.3183510 0.8358423 0.8884818 0.5119532 1.0132085 1.1574888 1.7580602 1.5374042 1.4234271 0.0000000 0.7754154 0.9537221 1.6181091 1.6515615 1.6713937 1.7023551 1.7566468 1.7062711 1.7934998 1.4326552 2.0641534 1.8977842 2.1015805 1.9154229 1.7563059 2.1546617 2.1190779 1.8356956 1.8512684 1.8206717 1.8420788 1.1528131 1.8764396 1.8509845 2.0863809 1.2842077 2.1017598 1.8673558 1.4855625 1.5273583 1.6123891 1.6910909 1.6507747 1.9189368 1.9843450 1.8374267 1.8713048 1.5300852 1.7625720 1.8585378 2.1171218 1.8962994 2.0338949 1.9783934 2.0509602 2.2062192 2.1775638 1.9345549 1.4813657 1.6516178 2.1633123 1.6220428 1.7367389 1.8434427 1.7592921 1.7173434 1.8420374 1.9384983 2.4521497 2.4469725 1.7777103 2.0564711 2.1418011 2.2936499 2.7647791 2.9158076 2.2909129 2.6704511 
Spolac_c103125_g1_i1_m.32583c103125-g1                        1.5567847 1.5941098 1.4523635 1.4870515 1.4718821 1.3706360 0.7650523 0.8983236 0.6985095 0.9292669 1.2443185 1.6347383 1.4709342 1.1693865 0.7754154 0.0000000 0.0335359 1.4220083 1.3622177 1.4590629 1.4559596 1.4086749 1.3989961 1.4480881 1.4184554 1.7322094 1.6337301 1.8825817 1.6282920 1.5778995 1.7474076 1.7555731 1.4436358 1.4362306 1.4469237 1.4416190 1.0210561 1.4143626 1.4283015 1.5624867 1.1813421 1.6820677 1.6390269 1.4857773 1.3038189 1.1018916 1.0426398 1.0224113 1.6303212 1.6513226 1.5839549 1.6884814 1.3917028 1.5702937 1.2454035 1.7068571 1.7093220 1.3976744 1.3732624 1.4677996 1.7769893 1.7994596 1.3382534 1.2272122 1.5248105 1.7709167 1.4901564 1.5888698 1.5940793 1.5994204 1.6470034 1.6411713 1.8265601 2.2079195 2.2142391 1.7818684 2.1199590 2.5094052 2.2082486 1.9217562 2.6769260 2.4098258 2.3326339 
Spolac_c103125_g1_i2_m.32584c103125-g1                        1.8428816 1.7447465 1.7371184 1.7804781 2.1605599 1.4357345 0.9126490 1.0010941 0.6985095 1.1139739 1.2443185 1.7677680 1.4950641 1.6941192 0.9537221 0.0335359 0.0000000 1.7478370 1.6151095 1.7561851 1.7933419 1.7040418 2.0190700 1.7262011 1.4184554 1.9403338 1.7411132 2.0594299 1.8682433 1.7745691 1.9030598 1.8923594 1.7112567 1.7035385 1.7141706 1.7137316 1.1487163 1.6909900 1.7458059 1.9594996 1.2671046 1.9197769 1.6546390 1.4857773 1.5105190 1.3021405 1.2794323 1.2704398 1.8864188 1.8278066 1.7810565 1.8954473 1.4204894 1.6806844 1.7633528 2.0321595 1.9446955 1.8959890 1.8521278 1.9551851 2.0999534 2.1065835 1.7712549 1.3846918 1.5951459 1.9241446 1.6398178 1.7858247 1.7518919 1.6944196 1.8476818 1.6779049 1.8507274 2.6732966 2.6899320 2.0037719 2.2292882 2.5306696 2.3234552 2.2089573 2.9958805 2.3791767 3.2795394 
Fspp_ffun1.m4.10555.m1                                        1.2066573 1.1505440 1.3578265 0.8687652 1.1470279 0.9329848 1.4931927 1.3925494 1.0490056 1.5580810 1.2113163 1.8692219 1.7128211 2.2012955 1.6181091 1.4220083 1.7478370 0.0000000 0.2780227 0.3543432 0.3610440 0.4287046 0.7675169 0.9690896 1.1556916 1.3581010 1.3325626 1.3487238 1.3885466 1.3155505 1.6205288 1.5956184 1.3363905 1.3343232 1.3547087 1.3543070 0.9783911 1.3508289 1.3757995 1.5634852 1.0642956 1.6691770 1.5496578 1.2136757 1.8641512 1.9712129 2.0994923 2.1358205 1.3920722 1.4570182 1.4525887 1.3485988 1.1812061 1.4079211 1.6785452 1.8562458 1.7978576 1.8637361 1.8289368 1.8946571 2.0660668 2.0328210 1.6540513 1.2695597 1.5511134 2.0727595 1.5966045 1.8070491 2.1313250 1.9546107 1.9888718 1.8862385 1.3215734 2.0121919 2.0475864 1.3121232 1.4258414 2.1241240 1.7852035 2.7025013 2.5700673 2.1738540 3.1008495 
Gasp_gasp1.m3.7510.m1                                         1.2915528 1.2621404 1.3122790 0.8897861 1.1229659 0.9974675 1.5527859 1.3209472 1.0371311 1.4958476 1.1893348 2.0176175 1.8424579 2.0230917 1.6515615 1.3622177 1.6151095 0.2780227 0.0000000 0.3743511 0.3526023 0.4811237 0.6767861 0.9214789 1.1466923 1.3784426 1.2988898 1.4434568 1.3979175 1.3106810 1.5815843 1.5769091 1.3241543 1.3270246 1.3131196 1.2888153 0.9056181 1.3009876 1.3594137 1.6562097 1.1177199 1.6198754 1.5602739 1.2654078 1.8414527 1.7364238 1.9049465 1.9007916 1.3924005 1.4282868 1.3851280 1.3423633 1.1150339 1.3941490 1.6367807 1.7775708 1.6705997 1.8410626 1.8183831 1.9397864 2.0998673 2.0327398 1.5291753 1.1904297 1.4696152 1.9933796 1.5861715 1.6956983 2.1062937 1.9524687 1.9905380 1.9034115 1.2711424 2.1116884 2.1183894 1.3815695 1.4556646 2.1529995 1.7988072 2.8539353 2.4809017 2.1390275 2.8721655 
Spis_XP_022779495_1                                           1.2907372 1.1851649 1.3412784 0.9955061 1.1296360 0.8737930 1.6505241 1.3777084 1.1288055 1.5397707 1.2897450 1.9542345 1.8064206 2.1896594 1.6713937 1.4590629 1.7561851 0.3543432 0.3743511 0.0000000 0.1612306 0.5209253 0.8159240 0.9919686 1.1575295 1.4901640 1.4187400 1.4731859 1.4914822 1.3227838 1.6224124 1.6099675 1.4210495 1.4167130 1.4075892 1.4253963 0.9696929 1.3704605 1.4462727 1.6088830 1.0063372 1.7070545 1.4996466 1.3188271 1.8630790 1.9274042 2.0165879 2.0511477 1.4058541 1.5038289 1.4094295 1.4013050 1.1041163 1.3919602 1.8625688 1.9394406 1.8121029 1.8309869 1.7799932 2.0542779 2.1213088 2.0990300 1.5770042 1.2072332 1.5291882 2.1287582 1.6371076 1.6858263 2.1287153 1.9578078 2.0385539 1.9570941 1.4340220 2.1118982 2.1213120 1.3907698 1.5016662 2.1469317 1.7688683 2.6659097 2.6000431 2.1611896 3.1462510 
Pocdam_XM_027192213.1                                         1.2653679 1.1684930 1.3875357 1.0233546 1.2097282 0.9309273 1.6655454 1.4479226 1.2148791 1.5637041 1.2105178 1.9944111 1.8650246 2.2156931 1.7023551 1.4559596 1.7933419 0.3610440 0.3526023 0.1612306 0.0000000 0.5257806 0.8263327 0.9924210 1.1387795 1.4597284 1.4124182 1.4631671 1.5191117 1.3117785 1.6322165 1.6258072 1.4203902 1.4306193 1.4311942 1.4413742 0.9905741 1.3965347 1.5041343 1.7268922 1.0602050 1.6879882 1.5585508 1.3172329 1.9550588 1.9718090 2.1285180 2.1336877 1.3658781 1.5345558 1.4695459 1.3970808 1.0814519 1.4158385 1.8550213 1.9561819 1.8058715 1.8767416 1.8232089 2.0304171 2.1632531 2.1297697 1.6201156 1.2620131 1.5807289 2.1608829 1.5859292 1.7289816 2.1032886 2.0159916 2.0463945 1.9333010 1.4071098 2.0723889 2.0879246 1.3344770 1.4834158 2.1769863 1.6967484 2.7539138 2.7858090 2.3224652 3.1080056 
Gfas_gfas1.m1.8525.m1                                         1.3770011 1.2645367 1.3362078 1.0163135 1.3272485 1.2813786 1.6402394 1.4070114 1.3069270 1.5967764 1.4641754 2.1060416 1.9382218 2.1374810 1.7566468 1.4086749 1.7040418 0.4287046 0.4811237 0.5209253 0.5257806 0.0000000 0.6303746 1.0310024 1.2163984 1.3907813 1.3309767 1.4600889 1.4468459 1.4197011 1.6669383 1.6632865 1.4112291 1.4119554 1.4399334 1.4533267 1.0433597 1.4167905 1.4441277 1.6008297 1.1238605 1.7852437 1.6315980 1.2622436 1.8291795 2.0588894 2.1048993 2.1415927 1.4564467 1.5426467 1.4957365 1.4245083 1.2229890 1.4762761 1.7849604 1.9102885 1.8633853 1.9454354 1.9116290 2.0158800 2.0806146 2.0626056 1.6931707 1.3573205 1.5902391 2.0842990 1.6760898 1.8230405 2.2215957 2.0668344 2.0942083 1.9940999 1.3068873 1.9933898 2.0152325 1.3850886 1.4933242 2.2598108 1.8732781 2.3845320 2.8824688 2.0992235 3.0455800 
Amil_Amillepora09102-RA                                       1.4188019 1.2510819 1.6950619 1.3380775 2.3249693 1.0884713 1.8299006 1.7195098 1.0859176 1.8612762 1.2651205 3.6478459 3.2097007 2.1118014 1.7062711 1.3989961 2.0190700 0.7675169 0.6767861 0.8159240 0.8263327 0.6303746 0.0000000 1.2151716 1.2044411 1.8116169 1.7420856 1.8709268 1.9247871 1.9937606 2.0369439 2.0370066 1.7886203 1.7958556 1.6947391 1.7401680 1.0847015 1.7147810 1.7093442 2.0028794 1.3567840 2.0807251 1.6538250 1.2012897 2.2595043 2.4033008 3.2809109 3.1733443 1.9732199 1.4513784 1.4230457 1.4001063 1.1112216 1.7622228 2.2660666 2.3514122 2.1064456 2.7324179 2.6608203 2.8884915 2.5800773 2.5604057 2.2484965 1.6990586 1.6677931 2.3141364 1.9195792 2.1359905 2.5818341 2.4019067 2.4555815 2.3325218 1.4871603 1.9972711 1.9973291 1.4479088 1.5214087 2.0441919 1.9635757 4.5743102 4.1990455 3.0022110 2.8341033 
Exapal_XM_021059868.1                                         1.5256403 1.3659755 1.3107039 0.8100206 1.3142840 0.9448853 1.6191233 1.4907404 1.2488800 1.6626978 1.5302497 2.2335029 1.8744525 2.2591118 1.7934998 1.4480881 1.7262011 0.9690896 0.9214789 0.9919686 0.9924210 1.0310024 1.2151716 0.0000000 1.1140435 1.6490998 1.5924852 1.5742919 1.6148401 1.4402326 1.6842004 1.6504550 1.4934140 1.5021479 1.4577462 1.4714363 0.9789072 1.4648254 1.5012054 1.6773844 1.1358983 1.7540685 1.5975584 1.1679098 1.8273575 1.9416726 2.1504884 2.1556604 1.2797934 1.4817304 1.4942706 1.5830485 1.1281178 1.4151037 1.6922872 1.8349589 1.7860120 1.9894549 1.9397457 1.9955639 1.9529516 1.9645040 1.5690520 1.2007962 1.5155515 1.9639159 1.7514603 1.7695167 2.0423172 2.0151519 2.1416597 1.9579139 1.3941315 2.2146088 2.2130250 1.5338850 1.5546894 2.1747561 1.8484687 2.7792429 2.6663692 2.4503896 2.8917665 
Skow_XM_002734667.1                                           1.4036197 1.2750995 1.0390516 1.1939176 1.2486674 1.0401300 1.3581107 1.3786748 1.2055771 1.4631360 1.8328969 1.9988816 1.7406036 1.6898067 1.4326552 1.4184554 1.4184554 1.1556916 1.1466923 1.1575295 1.1387795 1.2163984 1.2044411 1.1140435 0.0000000 1.1866636 1.1856905 1.2268535 1.0802949 1.1984551 1.7900917 1.7973623 1.3208991 1.3270048 1.3337397 1.3481193 1.0377855 1.3243695 1.3418086 1.4799231 1.1453218 1.6760259 1.7232592 1.2210846 1.5097655 1.3680436 1.6279467 1.6854909 1.2130198 1.4831117 1.3084356 1.1681116 1.2864594 1.2771259 1.1662400 1.6103584 1.6495083 1.1839351 1.1176017 1.4194270 1.6548290 1.5788281 1.1211038 1.1211038 1.5489300 1.6371074 1.3574393 1.4112960 1.6101667 1.5501158 1.6803448 1.5612296 1.2449956 1.4325335 1.4041304 1.4246189 1.5750469 1.8756182 1.7687560 1.5956435 2.2243176 2.0343898 2.0799835 
Spur_XM_030975912.1                                           1.7287287 1.4485616 1.4998147 1.6232314 1.9564025 1.1679548 1.9713505 1.5932832 1.3785295 1.8920713 1.8251884 2.2694015 2.0387303 2.3506055 2.0641534 1.7322094 1.9403338 1.3581010 1.3784426 1.4901640 1.4597284 1.3907813 1.8116169 1.6490998 1.1866636 0.0000000 0.0482022 0.2787808 1.5192348 1.5119835 2.1266838 2.0957899 1.7538391 1.7572322 1.6704635 1.6716544 1.2583427 1.7587931 1.7959294 1.9544272 1.2798018 2.1196449 2.0163113 1.4316559 2.0458568 1.9482351 2.0562193 2.0592768 1.5570813 1.8466232 1.8650742 1.6520190 1.3455924 1.4572887 1.8314061 2.0238505 2.1954614 1.9545300 1.8892343 2.3138923 2.1251624 2.1468869 1.8718767 1.4722889 1.7350692 2.0415152 1.8040260 1.7666972 2.1198492 2.0632406 2.0732671 2.0685948 1.5065587 2.1489278 2.1548355 1.6089659 1.6726957 2.4434085 2.0795374 3.0666858 2.2553249 2.2777351 3.1783972 
Spur_XM_030977775.1                                           1.6231570 1.4052576 1.3845483 1.5275232 1.8033978 1.0808971 1.8128429 1.5820924 1.3785295 1.7802886 1.8251884 1.9824020 1.9061922 2.1873383 1.8977842 1.6337301 1.7411132 1.3325626 1.2988898 1.4187400 1.4124182 1.3309767 1.7420856 1.5924852 1.1856905 0.0482022 0.0000000 0.3070957 1.4092055 1.5100102 2.0261520 2.0366657 1.6634163 1.6622959 1.5800798 1.5823460 1.2657706 1.6776601 1.6685151 1.8312664 1.2842254 2.1275419 2.0365730 1.4316559 1.9983509 1.9425956 2.0560845 2.0591473 1.5107940 1.6498611 1.6701870 1.4616482 1.3194682 1.3692476 1.5734380 1.8161130 2.0239710 1.7548545 1.6825977 1.9976317 2.0193925 2.0485558 1.6565241 1.4566039 1.7512589 1.9443871 1.7308548 1.7059620 1.9911146 1.9169969 1.9049036 1.8704842 1.5120211 2.0040435 2.0017018 1.4474076 1.4997663 2.3504040 1.9135307 2.4328626 2.2774714 2.3393474 3.0141299 
Spur_XM_030985955.1                                           1.6945145 1.5163582 1.6058551 1.6110894 1.7485028 1.0623407 1.9659800 1.6067606 1.4879603 1.9348908 1.6182561 2.0673630 1.8778117 2.4640075 2.1015805 1.8825817 2.0594299 1.3487238 1.4434568 1.4731859 1.4631671 1.4600889 1.8709268 1.5742919 1.2268535 0.2787808 0.3070957 0.0000000 1.5879958 1.4901638 1.9814327 1.9475299 1.7368362 1.7532693 1.6746094 1.6862425 1.2230812 1.7146301 1.7709710 1.8520548 1.2786207 1.9350173 1.9214377 1.4483501 2.0667321 1.7997726 1.9388941 1.9328419 1.6029509 1.8032338 1.7578694 1.5688353 1.2727481 1.5086770 1.7455870 2.0531085 2.2475804 1.8503789 1.8187814 2.1547172 2.0622131 2.0760089 1.8587398 1.5062213 1.6726041 2.1387446 1.8200732 1.8267195 2.2083601 2.1256864 2.1316883 2.1035057 1.5675303 2.0957933 2.1200382 1.6628866 1.7569253 2.3986275 2.1728237 3.0412187 2.1812563 2.1103505 3.0057136 
Cgig_XM_011424925.3                                           1.8249893 1.5051432 1.4556807 1.5575225 1.7468490 1.1755459 1.9448845 1.7957895 1.3333292 2.0661056 1.4831742 2.0481715 1.7782701 2.5603238 1.9154229 1.6282920 1.8682433 1.3885466 1.3979175 1.4914822 1.5191117 1.4468459 1.9247871 1.6148401 1.0802949 1.5192348 1.4092055 1.5879958 0.0000000 1.3960202 2.1015722 2.0862358 1.6551433 1.6646930 1.6424831 1.6279913 1.2149458 1.6998527 1.6536794 1.8752744 1.2270852 2.0398814 1.8351787 1.4337078 1.8825240 2.0304500 2.0917801 2.1021655 1.4902909 1.6582823 1.7517853 1.5163494 1.3473128 1.6635868 1.9331131 2.0715930 2.1220756 1.9487593 1.8864094 2.0541629 1.9615371 1.9474121 1.7422929 1.3815754 1.6076404 2.2000400 1.7868128 1.8441951 2.3440750 2.1648321 2.2797876 1.9954123 1.5773969 1.5825961 1.5909433 1.6880929 1.7945009 2.2039993 2.0687399 2.7422152 2.4444522 2.0117736 3.5352592 
Ctel_gnl_WGS_AMQN_CAPTEDRAFT_mRNA91764                        1.4845130 1.5149182 1.3557769 1.4102434 1.6562713 1.3213523 1.6143821 1.6078148 1.1508259 1.7169744 1.1560405 1.9157077 1.7660347 2.3602028 1.7563059 1.5778995 1.7745691 1.3155505 1.3106810 1.3227838 1.3117785 1.4197011 1.9937606 1.4402326 1.1984551 1.5119835 1.5100102 1.4901638 1.3960202 0.0000000 2.1111425 2.1111425 1.7504415 1.7526733 1.6944090 1.6970965 1.4630096 1.7257275 1.7578015 1.7978793 1.4179371 2.1288912 1.9429238 1.4928729 1.9970242 1.9237688 2.1649407 2.2138148 1.5614784 1.5096789 1.6408690 1.5353535 1.3715183 1.4887932 1.3692959 1.5597781 1.5921654 1.5718266 1.5305782 1.6045238 1.7836455 1.7731287 1.5597061 1.3913764 1.6604891 1.9074913 1.8610791 1.8189072 1.9013140 1.8296595 1.8885938 1.7882531 1.5587654 2.0419161 2.0613805 1.6092470 1.6882254 2.2595381 1.8526159 2.0380257 2.5189802 2.3937489 2.9481679 
Hhon_g10634.t1                                                1.9414360 1.7779212 1.9305200 1.6417061 1.6627010 1.4656719 2.0206174 1.8215141 1.4919152 2.0533655 2.0942552 2.5481071 2.0831569 2.6447471 2.1546617 1.7474076 1.9030598 1.6205288 1.5815843 1.6224124 1.6322165 1.6669383 2.0369439 1.6842004 1.7900917 2.1266838 2.0261520 1.9814327 2.1015722 2.1111425 0.0000000 0.0042183 0.5868096 0.5858438 0.5844270 0.5674936 0.4241030 0.6238407 0.5730811 0.8827151 0.5731509 0.4792487 0.4315088 1.9168330 2.1628105 2.0887918 2.1900101 2.2486176 1.8107208 2.2542488 2.1638558 2.0102971 1.8400468 1.8912029 1.9050216 2.0727981 1.9438536 1.8667176 1.8268054 1.7636033 2.0640381 2.0193147 1.5707385 1.3368304 1.6125398 2.1527210 1.9395419 1.7662256 2.3277571 2.2904912 2.4252826 2.3329277 2.0709832 2.9236456 2.9202194 1.9481919 2.0923104 2.6173824 2.3289016 2.7064940 1.8638538 2.4601501 2.9632528 
HoiH04_mRNA10331                                              1.9021288 1.7558274 1.9281695 1.6203047 1.5810319 1.4656719 2.0117820 1.8286847 1.4919152 2.0228797 2.0942552 2.4872835 2.0831569 2.6190543 2.1190779 1.7555731 1.8923594 1.5956184 1.5769091 1.6099675 1.6258072 1.6632865 2.0370066 1.6504550 1.7973623 2.0957899 2.0366657 1.9475299 2.0862358 2.1111425 0.0042183 0.0000000 0.5730958 0.5772212 0.5747972 0.5577265 0.4241030 0.6193990 0.5633918 0.8792709 0.5731509 0.4741846 0.4365405 1.9267348 2.1141645 2.0887918 2.1900101 2.2486176 1.7902530 2.2234004 2.1095344 1.9762147 1.8513126 1.8606008 1.8898001 2.0714108 1.9409267 1.8049904 1.7665861 1.7211661 2.0385795 1.9937779 1.5379813 1.3368304 1.6125398 2.1201831 1.9631485 1.7430953 2.3205870 2.2096010 2.3867776 2.3172186 2.0802060 2.9759818 2.9731612 1.9236209 2.0775571 2.6051270 2.3401353 2.5785498 1.8213495 2.4601501 2.9632528 
Hhon_g04440.t1                                                1.6746284 1.5422299 1.5798214 1.3734449 1.6675488 1.4583688 1.7323534 1.4873413 1.2398709 1.7173557 1.8471879 2.1778192 1.8513492 2.3710387 1.8356956 1.4436358 1.7112567 1.3363905 1.3241543 1.4210495 1.4203902 1.4112291 1.7886203 1.4934140 1.3208991 1.7538391 1.6634163 1.7368362 1.6551433 1.7504415 0.5868096 0.5730958 0.0000000 0.0077220 0.1402424 0.1265587 0.1952630 0.2672227 0.2200772 0.6357670 0.3693641 0.5671535 0.5319784 1.5462909 1.9633231 1.8496659 2.1204299 2.1493505 1.6193433 1.8465462 1.8413041 1.6762696 1.5418544 1.5698615 1.7808472 1.8872455 1.7300263 1.8508253 1.8176284 1.7142021 2.0297836 2.0084437 1.4334223 1.1582057 1.4316197 1.9753798 1.6086739 1.6560183 1.7777434 1.7879864 1.8987961 1.8229864 1.5762767 2.4447265 2.4665866 1.6677563 1.7760743 2.3334320 2.2715061 2.4866374 2.2270709 2.2452918 2.7641009 
HoiH04_mRNA15403                                              1.6668833 1.5460621 1.5743074 1.3626929 1.6447287 1.4583688 1.7384655 1.4919770 1.2398709 1.7188060 1.8471879 2.1778192 1.8513492 2.3702366 1.8512684 1.4362306 1.7035385 1.3343232 1.3270246 1.4167130 1.4306193 1.4119554 1.7958556 1.5021479 1.3270048 1.7572322 1.6622959 1.7532693 1.6646930 1.7526733 0.5858438 0.5772212 0.0077220 0.0000000 0.1490635 0.1352634 0.2029193 0.2773112 0.2297596 0.6442113 0.3738629 0.5674685 0.5278318 1.5359832 1.9692428 1.8454952 2.1146807 2.1435156 1.6346226 1.8545666 1.8348349 1.6839945 1.5553013 1.5775699 1.7939697 1.8982029 1.7444527 1.8503489 1.8171141 1.7135599 2.0451392 2.0236194 1.4448981 1.1680725 1.4461305 1.9912996 1.6108321 1.6527278 1.7764037 1.7972442 1.8939202 1.8137435 1.5908446 2.4399929 2.4617419 1.6657357 1.7713937 2.3511276 2.2514021 2.4839639 2.2296843 2.2385609 2.7641009 
HoiH23_PlH23_001859-RA                                        1.7470659 1.5913254 1.6362891 1.3672792 1.6976807 1.5439378 1.7465147 1.4727212 1.3324815 1.7172311 1.8077294 2.2271643 1.8677339 2.2918391 1.8206717 1.4469237 1.7141706 1.3547087 1.3131196 1.4075892 1.4311942 1.4399334 1.6947391 1.4577462 1.3337397 1.6704635 1.5800798 1.6746094 1.6424831 1.6944090 0.5844270 0.5747972 0.1402424 0.1490635 0.0000000 0.0476672 0.2137961 0.2608231 0.1994245 0.6438943 0.4101671 0.5482827 0.5458833 1.5290873 1.9551635 1.8524697 2.0532671 2.0687714 1.6008265 1.8140914 1.8287087 1.6155040 1.5565995 1.5324151 1.8197390 1.8729625 1.7598595 1.8288281 1.7964752 1.7645154 2.0701939 2.0328758 1.4644738 1.1658700 1.4453934 1.9962828 1.6164327 1.6229599 1.8238045 1.8143820 1.8829727 1.8208243 1.6206847 2.4080428 2.4255661 1.6381178 1.8211880 2.3904634 2.2933910 2.3467346 2.2716272 2.2125303 2.5532406 
HoiH06_mRNA760                                                1.7035183 1.5569012 1.6259578 1.3790032 1.7260261 1.4075387 1.7534700 1.4973352 1.4232669 1.7116950 1.6918222 2.1809418 1.8305263 2.3257861 1.8420788 1.4416190 1.7137316 1.3543070 1.2888153 1.4253963 1.4413742 1.4533267 1.7401680 1.4714363 1.3481193 1.6716544 1.5823460 1.6862425 1.6279913 1.6970965 0.5674936 0.5577265 0.1265587 0.1352634 0.0476672 0.0000000 0.2166781 0.2581807 0.1950194 0.6255129 0.4064676 0.5348167 0.5236043 1.4636030 1.8994992 1.8389047 2.0792130 2.0949904 1.6174192 1.7916946 1.8297633 1.6054055 1.5534735 1.5079194 1.8102932 1.8843409 1.7448710 1.8561664 1.8227106 1.7548467 2.0636358 2.0336787 1.4844875 1.1921663 1.4153377 2.0180263 1.6229094 1.6142629 1.8214652 1.8508596 1.8892786 1.8092749 1.5655832 2.3877601 2.4049431 1.6483086 1.7668930 2.4181776 2.2441034 2.4033423 2.1909699 2.1835107 2.5542302 
Tadh_TriadT13000                                              1.0834584 1.1283675 1.0788231 0.9557440 1.3230066 1.3128297 1.1682693 1.0659122 1.2259402 1.1204187 1.4334648 1.7201016 1.6126562 1.6037811 1.1528131 1.0210561 1.1487163 0.9783911 0.9056181 0.9696929 0.9905741 1.0433597 1.0847015 0.9789072 1.0377855 1.2583427 1.2657706 1.2230812 1.2149458 1.4630096 0.4241030 0.4241030 0.1952630 0.2029193 0.2137961 0.2166781 0.0000000 0.0000010 0.2389674 0.3400556 0.3146140 0.4287992 0.3901109 1.0645834 1.3411560 1.7222669 1.8632678 1.8552489 1.1706835 1.1828375 1.3240886 1.2166329 1.0160351 1.0786177 1.4590964 1.3859118 1.2767595 1.4041473 1.3758562 1.3939489 1.3845530 1.3995140 1.2894171 1.2339820 1.2178989 1.3825084 1.2734534 1.2740026 1.3312212 1.3765333 1.3858884 1.3085312 1.3376794 1.5792908 1.5887154 1.1698729 1.2999043 1.9577775 1.4738276 1.6767509 1.7575477 1.9967624 2.3158809 
TrH2_TrispH2_000133-RA                                        1.7088665 1.6070763 1.6170006 1.4188824 1.7351876 1.3795262 1.7525676 1.4025392 1.2259402 1.6621882 1.4831232 2.0249526 1.7544279 2.2509038 1.8764396 1.4143626 1.6909900 1.3508289 1.3009876 1.3704605 1.3965347 1.4167905 1.7147810 1.4648254 1.3243695 1.7587931 1.6776601 1.7146301 1.6998527 1.7257275 0.6238407 0.6193990 0.2672227 0.2773112 0.2608231 0.2581807 0.0000010 0.0000000 0.2842035 0.5444137 0.3222063 0.6104613 0.5991446 1.6552001 1.9784801 1.7633759 1.8454116 1.8707662 1.6559358 1.7323292 1.7844976 1.6579043 1.4820868 1.5528681 1.7398341 1.8416533 1.7152864 1.7736729 1.7430540 1.7607649 1.9721649 1.9604857 1.5115528 1.2604241 1.3492531 1.8664526 1.6284182 1.6251805 1.8598214 1.8066625 1.8750474 1.7945891 1.6505623 2.2752408 2.2814174 1.6410020 1.6629152 2.3532786 2.1232216 2.3941952 2.1150606 2.1587787 2.6909260 
HoiH11_mRNA8037                                               1.6618190 1.4790989 1.6227427 1.4354368 1.7045625 1.3264955 1.8160100 1.4941602 1.2925361 1.7400524 1.6970122 2.2728052 1.9107238 2.3153425 1.8509845 1.4283015 1.7458059 1.3757995 1.3594137 1.4462727 1.5041343 1.4441277 1.7093442 1.5012054 1.3418086 1.7959294 1.6685151 1.7709710 1.6536794 1.7578015 0.5730811 0.5633918 0.2200772 0.2297596 0.1994245 0.1950194 0.2389674 0.2842035 0.0000000 0.6522582 0.4055605 0.5387542 0.5403613 1.4317221 1.9945149 1.8700452 1.9943923 2.0879651 1.6402751 1.7972139 1.7057213 1.6382358 1.5512259 1.5669009 1.8465809 1.9752907 1.8025637 1.8417175 1.8088690 1.7596908 2.0215763 1.9919796 1.5065948 1.2041522 1.3723191 1.9063274 1.5699085 1.6023507 1.8015949 1.8565111 1.8543634 1.7923675 1.5582834 2.2944187 2.3214352 1.6770894 1.7041070 2.2886728 2.2003838 2.5697993 2.3540734 2.1691476 2.7288092 
TrH2_TrispH2_008155-RA                                        1.8618280 1.7746690 1.7710296 1.6262221 1.8350093 1.4467793 1.9422924 1.5484097 1.3804240 1.8063380 1.8340171 2.2332124 2.0798863 2.4836913 2.0863809 1.5624867 1.9594996 1.5634852 1.6562097 1.6088830 1.7268922 1.6008297 2.0028794 1.6773844 1.4799231 1.9544272 1.8312664 1.8520548 1.8752744 1.7978793 0.8827151 0.8792709 0.6357670 0.6442113 0.6438943 0.6255129 0.3400556 0.5444137 0.6522582 0.0000000 0.0096717 0.8831095 0.7992256 1.6139314 2.0067697 2.1833410 2.2638976 2.2943963 1.6886818 2.1050463 2.0127145 1.8141777 1.6868408 1.7946305 2.0232320 2.0860464 1.9601060 2.0141124 1.9647592 1.9147651 2.0517793 2.0371767 1.7770839 1.4145031 1.6889353 2.0864850 1.8244648 1.7822535 2.0602744 2.0282512 2.0479992 2.0685042 1.8026512 2.7839960 2.7568611 1.9679562 2.1245344 2.5469013 2.2924438 2.9883006 2.5885484 2.5143071 3.0766208 
Tadh_TriadT13425                                              1.1775948 1.1947114 1.1136649 1.0492086 1.2521864 1.3951746 1.2985330 1.1363438 1.3804240 1.1942965 1.6780618 1.9927617 1.9282101 1.7270843 1.2842077 1.1813421 1.2671046 1.0642956 1.1177199 1.0063372 1.0602050 1.1238605 1.3567840 1.1358983 1.1453218 1.2798018 1.2842254 1.2786207 1.2270852 1.4179371 0.5731509 0.5731509 0.3693641 0.3738629 0.4101671 0.4064676 0.3146140 0.3222063 0.4055605 0.0096717 0.0000000 0.5297255 0.5426689 1.0370984 1.4843888 1.9217288 1.9999582 1.9805512 1.2588009 1.3790824 1.2943698 1.2071123 1.1721170 1.1897016 1.4454077 1.3252053 1.3843572 1.4261679 1.3893551 1.3898531 1.4564449 1.4680257 1.3627739 1.3627739 1.3796869 1.5208422 1.3137540 1.2998193 1.3282650 1.3756108 1.3870010 1.3511837 1.3955449 1.9514699 1.9158352 1.3552426 1.5919341 2.0668915 1.3986095 1.8023251 1.9346055 1.9645326 2.6549987 
HoiH23_PlH23_009068-RA                                        1.8224230 1.8080977 1.8725288 1.7501221 1.9808295 1.4703911 2.0240611 1.7685187 1.4807128 1.9742917 1.7425420 2.3382275 2.0355475 2.6110172 2.1017598 1.6820677 1.9197769 1.6691770 1.6198754 1.7070545 1.6879882 1.7852437 2.0807251 1.7540685 1.6760259 2.1196449 2.1275419 1.9350173 2.0398814 2.1288912 0.4792487 0.4741846 0.5671535 0.5674685 0.5482827 0.5348167 0.4287992 0.6104613 0.5387542 0.8831095 0.5297255 0.0000000 0.1430250 1.7682133 2.1029118 1.9899817 2.2774200 2.2945119 1.9225355 2.2161327 2.0625573 1.9455249 1.9488454 1.8605129 1.8930358 2.1451300 1.8561517 1.8539541 1.8131130 1.8140271 2.1540629 2.0968755 1.5018368 1.3319769 1.7020251 2.0697855 1.9114300 1.8302520 2.0883271 2.0968856 2.1710343 2.1835793 2.0238588 2.8520530 2.8376935 1.8796898 1.8981680 2.6689531 2.2048675 2.6088628 2.2576834 2.5358860 3.0483281 
HoiH06_mRNA3565                                               1.7678408 1.7535993 1.6454441 1.5785483 1.4486833 1.4655311 1.6573953 1.6323814 1.4695484 1.7490256 1.8848939 2.1198172 1.9088180 2.1914701 1.8673558 1.6390269 1.6546390 1.5496578 1.5602739 1.4996466 1.5585508 1.6315980 1.6538250 1.5975584 1.7232592 2.0163113 2.0365730 1.9214377 1.8351787 1.9429238 0.4315088 0.4365405 0.5319784 0.5278318 0.5458833 0.5236043 0.3901109 0.5991446 0.5403613 0.7992256 0.5426689 0.1430250 0.0000000 1.7307301 1.7289026 1.6263028 1.8753388 1.9002240 1.8439842 2.0386037 1.9878060 1.8546079 1.8747231 1.7189057 1.4037218 1.8613408 1.7229300 1.3857302 1.3468540 1.3109974 1.8300185 1.7830543 1.2597652 1.2618354 1.6423999 1.9743805 1.6892037 1.5659588 1.9354848 1.8261130 1.9008087 1.9612961 2.0251893 2.6363986 2.5895312 1.7944211 1.7725977 2.6074020 2.1683896 1.3999069 1.8155006 2.0502513 2.3315560 
Bralan_BLAG07001367_1                                         1.3429678 1.3080508 0.6831324 1.2489070 0.9116352 0.7784407 1.5489790 1.5911363 1.0011851 1.5715271 1.6053714 1.6823103 1.4442738 1.5715906 1.4855625 1.4857773 1.4857773 1.2136757 1.2654078 1.3188271 1.3172329 1.2622436 1.2012897 1.1679098 1.2210846 1.4316559 1.4316559 1.4483501 1.4337078 1.4928729 1.9168330 1.9267348 1.5462909 1.5359832 1.5290873 1.4636030 1.0645834 1.6552001 1.4317221 1.6139314 1.0370984 1.7682133 1.7307301 0.0000000 1.8620742 1.4561909 1.6182100 1.6182100 1.3935446 1.3518312 1.4253033 1.4143206 1.2883805 1.0955129 1.3126312 1.7525344 1.8201416 1.0390703 0.9932011 1.2556317 1.6657648 1.6653945 1.0756282 1.0756282 1.4863114 1.8416230 1.4577396 1.4891771 1.7944525 1.7448762 1.7647409 1.6171303 1.3926484 1.5959713 1.6121771 1.5137382 1.5720091 2.2947973 1.7234173 0.0000010 2.7556066 2.0783934 1.4159472 
