78
Drygla_Dgla_sb294479                                               0.0000000 0.0677638 0.1213023 0.2214379 3.0193676 3.0193676 2.4118281 1.8355354 2.1979978 6.1099050 2.0323061 3.6923901 0.0000010 4.5533998 5.8352593 7.0623477 4.5284278 4.7440231 3.6356246 4.7619953 4.6364854 4.4311561 3.9462657 0.0000010 2.9273795 2.8038192 0.0000010 3.6551922 8.9999986 8.9999986 3.5132660 3.5132660 5.4846938 4.8352091 9.0000000 5.1166373 5.4440631 3.9907549 4.8702772 6.2138411 4.0514440 5.0633610 4.8188751 3.9948319 4.2736640 4.0984383 5.7182173 8.9999988 4.8612981 5.2593935 6.0031902 4.9402938 4.9734293 3.7179518 4.6799596 8.9999982 5.1869328 4.6961083 4.3091678 4.3748704 4.6118999 4.9829679 4.3088937 4.7712651 9.0000000 5.1277039 4.8411382 4.9347322 6.7407375 4.8623757 5.4901071 5.0932844 5.0373641 5.0059139 0.0000010 4.2336118 8.9999980 8.9999986 
Drygla_Dgla_sb294480                                               0.0677638 0.0000000 0.2214379 0.1269337 3.0193676 3.0193676 2.3135833 1.7541345 2.2981983 6.1099050 2.0201011 3.6923901 0.0000010 5.2855794 8.2965007 7.0623477 5.0247707 4.7393711 3.6356246 4.6025431 4.6685888 4.5482475 3.8701941 0.0000010 2.9273795 2.8038192 0.0000010 3.6551922 8.9999986 8.9999986 3.5132660 3.5132660 5.5486504 5.0638370 9.0000000 5.2742684 5.4719564 4.1552677 4.9316800 6.2373329 4.1964711 4.8776257 5.0075820 4.6353962 4.2360980 4.1850809 5.8035208 8.9999988 5.2583199 5.4976905 6.2931657 5.2050664 5.4880993 3.7179518 5.0865704 8.9999982 5.4021957 5.2843764 4.3091678 4.7987908 4.9106671 5.2707695 4.6434127 5.0595584 9.0000000 5.8644972 5.0148166 5.5360060 6.0578624 4.6634164 5.4327329 5.3137393 5.0565373 4.9581323 0.0000010 4.5105847 8.9999980 8.9999986 
Drygla_Dgla_sb294477                                               0.1213023 0.2214379 0.0000000 0.0209180 0.6116505 0.6090459 1.0031873 0.9581496 0.8729621 0.7366685 1.0789526 0.9366644 1.2760180 2.5609632 3.2261179 2.4741004 2.4261043 2.6756370 2.5820889 2.6658545 2.6792260 2.3404757 2.2932340 1.3783065 1.5375702 2.0961893 2.1584795 2.3273573 3.3321933 3.3321933 4.3770733 4.3770733 2.7031491 2.5727821 8.9999987 2.6875015 2.5100818 1.9866884 2.6995588 2.7763265 2.3196023 2.7499723 2.2925211 2.2661022 2.6087727 2.7262072 2.9159438 3.6191473 2.6875416 2.6077937 2.9112307 2.6210913 2.7148426 2.1909410 2.7514759 3.3461708 2.8346008 2.6827576 2.3337508 2.3284641 2.5240034 2.6132498 2.3696615 2.6857468 2.1577143 2.5292176 2.6190695 2.5910877 2.9457335 2.8590067 2.9102238 2.4207763 3.0157482 3.0842678 3.0014662 2.8451431 4.3609618 4.1470969 
Drygla_Dgla_sb294478                                               0.2214379 0.1269337 0.0209180 0.0000000 0.6116505 0.6090459 0.9775662 0.9371387 0.8840172 0.7366685 1.0691581 0.9366644 1.2760180 2.6550541 3.4307631 2.4741004 2.4514741 2.6720674 2.5820889 2.6256789 2.6716530 2.3425601 2.2717065 1.3783065 1.5375702 2.0961893 2.1584795 2.3273573 3.3321933 3.3321933 4.3770733 4.3770733 2.7081547 2.6041120 8.9999987 2.7055460 2.5070352 2.0087279 2.7145484 2.7912501 2.3339579 2.7170149 2.3048420 2.3508253 2.5953329 2.7380126 2.9222945 3.6191473 2.7233006 2.6145839 2.9203469 2.6444018 2.7627627 2.1909410 2.7973401 3.3461708 2.8485053 2.7532850 2.3337508 2.4105663 2.5534456 2.6418737 2.4146487 2.7143412 2.1577143 2.6036478 2.6316786 2.6537752 2.8840042 2.8278638 2.8843129 2.4536609 3.0085431 3.0573786 3.0014662 2.8841702 4.3609618 4.1470969 
Mertsp_Mesp_sb577568                                               3.0193676 3.0193676 0.6116505 0.6116505 0.0000000 0.0000010 0.5772895 0.7044398 0.5623472 0.6752743 0.7835519 0.8799957 1.2434648 1.9455252 2.8146177 2.3457450 2.3301204 2.3657731 2.7446300 2.3682624 2.2492318 2.4989582 1.7842387 1.0409414 0.7877229 1.6915528 1.0140418 2.2121129 2.6046177 2.6046177 3.2364331 3.2364331 2.1228158 2.2409519 2.8026206 2.2601497 1.9319040 0.8608677 2.0615249 2.0501234 1.8360508 2.1078074 1.9672405 1.8992655 2.0567215 2.3016704 2.0904596 2.7521756 2.1917278 1.3478062 2.2133657 2.0028803 2.1364714 0.9753239 2.1328523 2.8834389 2.2506650 2.1713683 1.9798896 1.4710369 2.1622592 2.1561103 2.0373135 2.2385764 2.0696139 1.8664233 1.8485620 2.0774352 2.4982852 2.2687229 1.9044816 1.2431635 2.6554271 0.6698139 2.9890886 2.2375871 3.7945093 2.9572033 
Bolinf_Binf_sb1216473                                              3.0193676 3.0193676 0.6090459 0.6090459 0.0000010 0.0000000 0.5856006 0.6960089 0.5597840 0.6752743 0.7913470 0.8526405 1.2281900 1.9206274 2.8146177 2.3457450 2.2787186 2.3033841 2.6228912 2.3283839 2.2129074 2.4767867 1.7405229 1.0409414 0.8868191 1.6249906 1.0776515 2.1217176 2.6046177 2.6046177 3.2364331 3.2364331 2.0758808 2.1856821 2.8026206 2.2151770 1.8807635 0.8940915 1.9819083 2.0039588 1.7801346 2.0740007 1.8359869 1.7760817 1.9505525 2.2323187 1.9865622 2.7521756 2.1606306 1.3741537 2.1627552 2.0190074 2.1451349 1.1267890 2.0728820 2.8834389 2.1976932 2.1277174 1.9526534 1.4978430 2.1831231 2.1738993 2.0328706 2.2688260 2.0033972 1.8503237 1.7937702 2.0479092 2.4971001 2.3009504 1.9258356 1.3206884 2.5441790 1.0891002 2.9890886 2.1542504 3.7945093 2.9572033 
Lampan_Lpan_14342_01                                               2.4118281 2.3135833 1.0031873 0.9775662 0.5772895 0.5856006 0.0000000 0.9093245 0.8810534 0.6933127 1.0596127 0.8372377 1.3233950 2.3715763 2.8098955 2.2500944 2.2826755 2.5522637 2.9096756 2.4306741 2.4137634 2.4874843 2.2364103 1.1536634 1.4313417 2.0854193 1.9925572 2.4145311 2.8567606 2.8567606 3.6803615 3.6803615 2.4032959 2.4810874 2.5921335 2.4525503 2.2990339 2.1915542 2.6194814 2.4790485 2.2887709 2.4269817 2.3139140 2.3405392 2.3364492 2.5290829 2.4857411 2.9012840 2.6481330 2.6525304 2.8247046 2.7539598 2.8231895 1.9944368 2.6673126 2.9744275 2.8334913 2.7947373 2.1782019 2.9187928 2.6928956 2.7350308 2.7196165 2.7828347 2.2616067 2.5439542 2.6269593 2.5972127 2.7993591 2.5158459 2.3812302 2.3228863 2.8431742 2.7066657 3.0010923 2.6731885 3.7094618 3.6094160 
Mlei_ML0883.g1.i1                                                  1.8355354 1.7541345 0.9581496 0.9371387 0.7044398 0.6960089 0.9093245 0.0000000 0.7299635 0.6431257 1.0863774 0.9671711 1.1975374 2.6969355 2.9232562 2.3379690 2.3446220 2.5264841 2.8292073 2.4042373 2.4623313 2.7082008 2.4348248 1.2525447 1.7183170 2.2111005 2.1933604 2.7305314 3.7463654 3.7463654 4.8695895 4.8695895 2.7294678 2.6370651 3.2104661 2.7107301 2.5215720 2.1875558 2.6200233 2.6490511 2.4608661 2.5301110 2.3504401 2.3909426 2.3520319 2.4544471 2.6421544 3.1764047 2.9550168 2.6905913 2.8815486 2.7919682 2.8965214 2.0752038 2.6331090 3.1250715 2.6798132 2.5869069 2.1240717 2.7335382 2.6484211 2.6794447 2.7224255 2.7892267 2.3107936 2.7107347 2.7914065 2.8761979 2.8697697 2.7141254 2.6328649 2.2705593 2.9942358 2.8584872 3.5305182 2.6734754 3.7224638 3.4921050 
Beraby_Baby_sb329287                                               2.1979978 2.2981983 0.8729621 0.8840172 0.5623472 0.5597840 0.8810534 0.7299635 0.0000000 0.0060643 1.0191633 0.8891759 1.2338615 2.5207627 2.7377577 2.0974934 2.1683645 2.4420682 2.6806653 2.4438659 2.4567356 2.6975988 2.2538135 1.0973011 1.7413038 2.3551191 2.3057056 2.6187680 3.2215479 3.2215479 3.1466292 3.1466292 2.5035143 2.5325551 2.3182243 2.4771864 2.2333565 2.2669262 2.2676152 2.4697021 2.2664869 2.4191426 2.2048899 2.3556017 2.2996859 2.4097965 2.5152119 2.7677197 2.6558472 2.6064524 2.6689267 2.4837303 2.6299566 1.9704320 2.4761305 2.8106124 2.5855052 2.5511104 2.0517061 2.3606094 2.6477251 2.6941785 2.5158430 2.6601161 2.2972138 2.3963584 2.3306647 2.4743630 2.9011742 2.6886878 2.5577569 2.3768380 2.7865199 2.8369213 2.8871396 2.5666499 3.5830852 3.1357705 
Mertsp_Mesp_sb617055                                               6.1099050 6.1099050 0.7366685 0.7366685 0.6752743 0.6752743 0.6933127 0.6431257 0.0060643 0.0000000 0.7537326 0.9054163 0.0000010 2.9730990 2.3767664 2.4715563 2.6586376 2.5411393 6.5144871 2.5997403 2.5955211 4.2896516 2.6620097 0.0000010 7.1971516 3.3955021 1.4177088 3.5121947 3.6267883 3.6267883 9.0000000 9.0000000 2.5293761 2.6621625 2.3182243 2.5125161 2.2667184 4.1506868 2.0887823 2.6746663 2.5137755 2.5956664 2.4995774 2.9154200 2.3031634 2.5923949 2.6424857 2.6240677 2.4888402 0.0000010 2.4965731 2.1529473 2.4041573 0.0000010 2.2343961 3.0193765 2.3710283 2.4604581 1.8916774 5.6355883 2.8034362 2.7839807 2.7718152 2.8028299 2.8341208 2.2820129 2.1583460 2.4000787 3.1048255 3.2987173 2.2734676 4.6801940 3.2762490 0.0000010 3.4109775 2.9339610 3.1690936 2.6975470 
Horcal_Hcv1.av93.c1.g1223.i1                                       2.0323061 2.0201011 1.0789526 1.0691581 0.7835519 0.7913470 1.0596127 1.0863774 1.0191633 0.7537326 0.0000000 1.0238053 1.2291557 2.6485496 2.8763499 2.3825076 2.3063641 2.5747158 2.8474268 2.7379677 2.7397603 2.6348999 2.3409677 1.2641019 1.3300048 2.1535622 1.8443853 2.7305006 3.5887748 3.5887748 4.6474401 4.6474401 2.5063041 2.5654802 2.3043770 2.4808280 2.3734300 2.0172837 2.7603870 2.6855554 2.2970225 2.6256491 2.3846852 2.8735033 2.5901340 2.7852796 2.6964928 2.9686921 2.6840225 2.7072839 2.8398310 2.6615901 2.8838655 2.1167275 2.7797732 3.4792157 2.8755888 2.9156907 2.2187975 2.4556390 2.4989419 2.5848477 2.5432479 2.7285136 2.1053730 2.7024071 2.6914612 2.7661380 2.8450042 2.8086009 2.5071941 2.2613376 3.2372087 3.1182363 2.9032890 2.7860956 4.9398462 3.2133565 
Coemet_Cmet_scaffold21360_01                                       3.6923901 3.6923901 0.9366644 0.9366644 0.8799957 0.8526405 0.8372377 0.9671711 0.8891759 0.9054163 1.0238053 0.0000000 1.0810283 1.9344107 2.3978013 2.0928686 2.1240408 2.0722589 2.6790869 2.2533654 2.1165087 2.4782322 1.7995618 1.2587295 0.7796884 1.6009529 0.9252484 2.3088618 2.8545876 2.8545876 3.4653079 3.4653079 2.2960793 2.2430827 2.4354514 2.3283123 1.9122824 0.7983000 2.5413418 2.3015606 1.9350476 1.9761622 2.1108750 1.8397674 2.3038496 2.1753116 2.0575557 3.0292724 2.2237164 1.2551993 2.1998618 2.1410519 2.2344425 0.8025824 2.0162475 2.9471734 2.2034261 2.1644519 1.7776663 1.4305441 2.2804422 2.2535714 1.9994686 2.2329383 1.9502552 1.8717127 1.8400869 2.2556650 2.5404898 2.3096303 2.0515939 1.0031172 2.2683165 0.6197306 3.1657207 2.3119038 3.2583658 3.2417984 
Lcom_lcpid233262                                                   0.0000010 0.0000010 1.2760180 1.2760180 1.2434648 1.2281900 1.3233950 1.1975374 1.2338615 0.0000010 1.2291557 1.0810283 0.0000000 0.8775493 3.5838138 1.2110015 1.1475933 1.2205049 1.0968957 1.2020334 1.0795748 1.4785925 0.9264575 1.1963642 0.7372907 0.9224580 0.7960474 0.8597984 1.8127230 1.8127230 1.8127230 1.8127230 0.8158405 0.8755799 0.0000010 0.8696916 1.0007897 0.7916116 0.8499057 0.9174149 1.0930466 1.1048322 1.0622662 0.7457405 1.0605786 1.0404725 1.2817674 0.0000010 1.4689670 1.4244784 1.4809403 1.3572518 1.4171357 1.0882870 1.4060132 1.9529889 1.5484066 1.2464272 1.0739684 0.8269429 1.4558696 1.3779401 1.3630952 1.6275047 1.3864075 1.3346349 1.3002430 1.4519197 1.2334093 1.1689699 1.1847796 0.7973289 1.2677773 0.6770095 1.5759486 1.5629448 0.0000010 3.2839622 
Plespi_Pspi_C612122_01                                             4.5533998 5.2855794 2.5609632 2.6550541 1.9455252 1.9206274 2.3715763 2.6969355 2.5207627 2.9730990 2.6485496 1.9344107 0.8775493 0.0000000 2.0090379 1.3655407 1.5374259 1.7755794 1.8795031 1.8231643 1.7622098 1.6399163 1.4156302 0.8713526 1.3976956 1.6092005 2.0459560 1.4829118 1.4520629 1.4520629 2.1053258 2.1053258 1.4726487 1.4787411 1.1504042 1.4779623 1.5679932 1.6379971 1.7132267 1.6049365 1.5086304 1.5640060 1.6275417 1.7804846 1.6932035 1.7720222 1.6695008 1.0832082 1.4310596 1.7601808 1.4939726 1.4563641 1.4936003 1.2864030 1.3349392 1.3126920 1.5327347 1.5085642 1.1735643 1.7381825 1.7084334 1.7382942 1.5556337 1.6172401 1.2378963 1.6013294 1.6637993 1.6853677 2.2084331 2.2044388 1.7736910 1.7845363 2.0845637 2.2857445 1.7294012 1.7281468 1.6192933 1.6545992 
Sanmal_Sma_001894-T1                                               5.8352593 8.2965007 3.2261179 3.4307631 2.8146177 2.8146177 2.8098955 2.9232562 2.7377577 2.3767664 2.8763499 2.3978013 3.5838138 2.0090379 0.0000000 0.2462820 0.5005555 0.4400521 3.3977858 1.2935883 1.2448296 1.8120894 1.7446840 4.2623693 1.4541212 1.9515320 2.0183775 2.0860700 2.1684197 2.1684197 5.6990437 5.6990437 1.8376370 1.8312241 1.2539377 1.7757226 1.6552768 3.2061908 1.7957721 1.9784617 1.8705243 1.7845945 2.0590143 2.1507250 2.0952780 1.9034972 2.0984981 1.5352549 2.0183343 4.3595429 2.3038957 1.9929207 2.2622119 2.9352900 2.0600724 2.6065005 2.2305830 2.2929693 2.2838005 3.1141215 2.3465710 2.2691949 1.9885847 2.0958966 1.7285282 2.1266048 2.2155333 2.3479998 2.8660021 2.7427754 2.1523456 1.9839872 2.5340903 2.7347452 3.5713675 3.6161559 1.7716372 1.8497050 
Sanmal_Sma_000692-T1                                               7.0623477 7.0623477 2.4741004 2.4741004 2.3457450 2.3457450 2.2500944 2.3379690 2.0974934 2.4715563 2.3825076 2.0928686 1.2110015 1.3655407 0.2462820 0.0000000 0.0509506 0.0798687 0.3319193 0.6499294 0.5922000 0.8099138 1.1828893 1.1623323 0.8298739 1.2640042 1.3237599 1.4390446 1.5895938 1.5895938 1.9644102 1.9644102 1.0313709 1.0687741 1.2539377 1.0511724 1.0575829 0.6770498 1.0943068 1.1834889 1.2393206 1.1160236 1.3949824 1.2070029 1.1739803 1.3283379 1.4129868 1.5076563 1.4954940 1.3590493 1.5504864 1.4233702 1.6138711 1.0101571 1.3576689 1.7934923 1.4575864 1.4699892 1.4524667 1.6975821 1.7995179 1.7741976 1.4879328 1.5942136 1.5503385 1.5839781 1.6251989 1.6603818 1.2948034 1.2418141 1.1513711 0.8035791 1.5588923 0.9740208 1.7584498 1.7242667 1.4890163 1.4313592 
Sanmal_Sma_001897-T1                                               4.5284278 5.0247707 2.4261043 2.4514741 2.3301204 2.2787186 2.2826755 2.3446220 2.1683645 2.6586376 2.3063641 2.1240408 1.1475933 1.5374259 0.5005555 0.0509506 0.0000000 0.1447072 0.2238981 0.7218465 0.7188176 0.9553999 1.3147074 1.1623323 1.3016598 1.4462300 1.7346762 1.5869227 1.5806509 1.5806509 1.9644102 1.9644102 1.1889023 1.2371194 1.4456596 1.1978537 1.2538582 1.0449759 1.4502005 1.3327828 1.3530284 1.3535125 1.4220732 1.3441555 1.3384555 1.4014988 1.4906262 1.7963369 1.7052333 1.5140708 1.7099046 1.6234396 1.7153272 1.1376990 1.5497329 1.9509220 1.5190276 1.5602256 1.4683486 1.7686972 1.9945602 1.9967438 1.7078620 1.8593409 1.6169814 1.7834393 1.6817312 1.6812635 1.3936110 1.2416870 1.2650468 0.8679352 1.5632056 1.0547394 1.8463605 1.9609848 1.5161898 1.5802957 
Sanmal_Sma_001893-T1                                               4.7440231 4.7393711 2.6756370 2.6720674 2.3657731 2.3033841 2.5522637 2.5264841 2.4420682 2.5411393 2.5747158 2.0722589 1.2205049 1.7755794 0.4400521 0.0798687 0.1447072 0.0000000 0.2626522 0.8403138 0.7819469 0.9480781 1.5085646 1.4096048 1.3423167 1.5522661 1.7989858 1.6609095 1.7456243 1.7456243 2.2326067 2.2326067 1.4155206 1.4109884 1.2365154 1.3510953 1.4553352 1.5753515 1.7173535 1.6648546 1.5875156 1.6016306 1.7011977 1.6476283 1.5072006 1.6470765 1.6812060 1.5000671 1.8888656 2.2059961 1.9515976 1.9148506 1.9709908 1.6223313 1.8317176 1.9335344 1.8159592 1.7948544 1.5523145 2.3035042 2.2109490 2.2362026 1.8880098 2.0851078 1.5567282 2.0379013 1.9766696 2.0490160 1.7248818 1.5324006 1.4950824 1.0921431 1.9698510 1.6922666 1.7937535 1.9248196 1.4775162 1.5109518 
Sanmal_Sma_001896-T1                                               3.6356246 3.6356246 2.5820889 2.5820889 2.7446300 2.6228912 2.9096756 2.8292073 2.6806653 6.5144871 2.8474268 2.6790869 1.0968957 1.8795031 3.3977858 0.3319193 0.2238981 0.2626522 0.0000000 0.8492077 0.7590421 0.8298098 1.5859075 1.1514387 1.1692728 1.5650545 1.6629314 1.7781078 1.8845184 1.8845184 1.6781712 1.6781712 1.3933908 1.4815330 6.3024560 1.4421947 1.5203415 1.3493618 1.5717582 1.5240441 1.5193878 1.5861751 1.6907092 1.4895401 1.5030954 1.5783781 1.6502273 2.4418637 1.9019911 1.6588749 1.9229998 1.9192655 2.0088968 1.4197291 1.8100562 2.0549658 1.7169861 1.6893929 1.6549506 1.9222171 2.3364119 2.4081391 2.0647039 2.3693845 1.9368334 2.2470188 2.1399393 2.2574395 1.3931465 1.1936255 1.4239298 1.0617916 1.7476570 1.4282409 1.7494450 1.9646768 1.4646154 2.2457800 
Nemnom_g4555.t1                                                    4.7619953 4.6025431 2.6658545 2.6256789 2.3682624 2.3283839 2.4306741 2.4042373 2.4438659 2.5997403 2.7379677 2.2533654 1.2020334 1.8231643 1.2935883 0.6499294 0.7218465 0.8403138 0.8492077 0.0000000 0.2419803 0.7931644 1.5957752 0.9713955 1.1317412 1.5432397 1.5537740 1.6567377 1.8133396 1.8133396 2.2652186 2.2652186 1.5132318 1.6112150 1.6801612 1.4795850 1.5447511 1.7499100 1.6297207 1.6248308 1.6115000 1.4843322 1.7488457 1.8220459 1.5303981 1.5597829 1.6860387 1.9050545 2.0182563 2.0017961 2.0149651 2.0022506 2.1500565 1.7334653 1.9347879 2.1170029 1.8565797 1.8928881 1.5783761 2.2773088 2.1890072 2.2274442 2.0527829 2.0739102 1.6166722 2.1963231 2.1062826 2.0885321 1.7531003 1.6515714 1.4915869 1.3056922 2.0562703 1.6504217 1.7418907 2.1620682 1.5586301 1.7600768 
Rhoesc_Res_008526-T1                                               4.6364854 4.6685888 2.6792260 2.6716530 2.2492318 2.2129074 2.4137634 2.4623313 2.4567356 2.5955211 2.7397603 2.1165087 1.0795748 1.7622098 1.2448296 0.5922000 0.7188176 0.7819469 0.7590421 0.2419803 0.0000000 0.7622774 1.5796696 0.9491549 1.1347515 1.5359809 1.7063409 1.6433564 1.8676325 1.8676325 2.1686380 2.1686380 1.4561238 1.5005464 1.1148536 1.3932692 1.4722175 1.7789282 1.6146449 1.5279465 1.5976988 1.4476277 1.6334164 1.6790107 1.4595178 1.4519592 1.6220323 1.6950020 1.8626452 1.9599584 1.8944655 1.8482143 2.0300016 1.5738365 1.7839517 2.0490126 1.8243645 1.7001315 1.5220128 2.1378244 2.0441789 2.0572715 1.8959723 1.9761945 1.6147091 2.1676600 2.1254488 2.1076894 1.6419433 1.5369027 1.4218270 1.2547535 1.8700041 1.7411982 1.7654787 2.0485346 1.4907797 1.4673697 
Aaur_scaffold1436.g6.t1                                            4.4311561 4.5482475 2.3404757 2.3425601 2.4989582 2.4767867 2.4874843 2.7082008 2.6975988 4.2896516 2.6348999 2.4782322 1.4785925 1.6399163 1.8120894 0.8099138 0.9553999 0.9480781 0.8298098 0.7931644 0.7622774 0.0000000 1.6016045 1.0876647 0.9804673 1.5267616 1.9553897 1.7243774 2.2779508 2.2779508 2.7365549 2.7365549 1.4701183 1.4649330 6.6196243 1.4987146 1.5011858 0.9880615 1.4322665 1.4978479 1.5338188 1.5593487 1.8510387 1.3563733 1.5382535 1.8332455 1.7240853 2.3281872 1.8460895 1.5292497 1.9619544 1.7568412 2.0722894 1.4668490 1.8759116 1.9653095 1.9843820 1.8141568 1.7495246 2.0948151 2.2305601 2.2170123 1.9478215 2.3079056 1.9606892 1.8750197 2.0693452 2.1689265 1.4521936 1.3762458 1.4949065 1.1985820 1.9299449 4.3203248 1.5743110 2.1931110 1.9093176 1.8858620 
Opea_EP00118_Oscarella_pearsei_P021097                             3.9462657 3.8701941 2.2932340 2.2717065 1.7842387 1.7405229 2.2364103 2.4348248 2.2538135 2.6620097 2.3409677 1.7995618 0.9264575 1.4156302 1.7446840 1.1828893 1.3147074 1.5085646 1.5859075 1.5957752 1.5796696 1.6016045 0.0000000 0.0472326 0.2433477 0.1070403 0.3050961 0.1896645 0.1715379 0.1715379 0.3857494 0.3857494 1.2972445 1.3613424 1.2089704 1.2831291 1.4022079 1.3707428 1.5237868 1.4202667 0.9988487 1.5441656 1.4649447 1.6206027 1.4712856 1.6366475 1.6390163 1.5882529 1.9099290 2.2441312 1.9830739 1.9569209 2.0553446 1.5302256 1.7431406 1.7454331 1.6997260 1.6997549 1.4737053 2.0609079 1.9572172 2.0002055 1.6925154 1.9352197 1.2815412 1.8710566 2.0336686 2.0585306 2.1582687 2.0841340 1.7692981 1.6819055 2.1461260 1.6048013 1.5711046 2.1212189 1.9160135 1.6261354 
Opea_EP00118_Oscarella_pearsei_P021099                             0.0000010 0.0000010 1.3783065 1.3783065 1.0409414 1.0409414 1.1536634 1.2525447 1.0973011 0.0000010 1.2641019 1.2587295 1.1963642 0.8713526 4.2623693 1.1623323 1.1623323 1.4096048 1.1514387 0.9713955 0.9491549 1.0876647 0.0472326 0.0000000 3.8446532 0.6043822 0.9606482 0.2345608 0.1938328 0.1938328 0.1938328 0.1938328 0.9432131 1.0238693 0.0000010 0.9838403 1.0896912 0.9889292 0.7969934 1.0215843 0.8365486 0.8557611 0.9129636 0.6260955 0.9245595 1.0412027 0.8948252 0.0000010 1.2780197 1.2251489 1.3016448 1.3172333 1.5217826 0.7823744 1.3606217 1.6175146 1.2873312 1.2817843 0.7712222 0.5133388 1.4855052 1.4579258 1.4144258 1.5582688 1.6427731 1.1719463 1.3006958 1.5931421 0.9174079 0.9837610 1.1368531 0.9126363 1.0477554 0.0000010 1.2581815 1.9984527 0.0000010 1.4011207 
Opea_EP00118_Oscarella_pearsei_P021095                             2.9273795 2.9273795 1.5375702 1.5375702 0.7877229 0.8868191 1.4313417 1.7183170 1.7413038 7.1971516 1.3300048 0.7796884 0.7372907 1.3976956 1.4541212 0.8298739 1.3016598 1.3423167 1.1692728 1.1317412 1.1347515 0.9804673 0.2433477 3.8446532 0.0000000 0.0965422 0.0155992 0.1208228 4.1077887 4.1077887 9.0000000 9.0000000 0.5579038 0.7024401 0.0000010 0.6339756 0.5964155 0.6121558 0.8685106 0.4587986 0.8034084 0.9250805 1.0327732 1.0165647 0.8916312 1.0800964 1.1161043 4.6759870 1.4269850 1.3202764 1.4053837 1.4287353 1.4748839 1.3023050 1.1740984 4.8927490 1.3677764 1.1061061 1.6792114 1.7046560 1.5928291 1.6599373 1.4646940 1.9805429 1.3082721 1.9528332 1.5835569 1.5841279 1.8502519 1.4480541 1.6057595 1.4041967 1.6507963 0.9613284 1.2312249 1.6527145 5.8237520 3.9100047 
Ocar_g1094                                                         2.8038192 2.8038192 2.0961893 2.0961893 1.6915528 1.6249906 2.0854193 2.2111005 2.3551191 3.3955021 2.1535622 1.6009529 0.9224580 1.6092005 1.9515320 1.2640042 1.4462300 1.5522661 1.5650545 1.5432397 1.5359809 1.5267616 0.1070403 0.6043822 0.0965422 0.0000000 0.0709085 0.1319935 0.5776798 0.5776798 6.5098232 6.5098232 1.2063935 1.2696528 0.0000010 1.2309685 1.3463373 1.1269386 1.3898875 1.2128050 0.9730479 1.6186885 1.5014546 1.3207742 1.3609025 1.5868831 1.5680236 2.2367178 1.8007363 1.6643092 1.8360808 1.7907612 1.9064228 1.4482020 1.6186379 2.1743764 1.4397238 1.4146828 1.6484705 1.8667798 1.9858760 2.1077394 1.8040067 2.2102882 1.5973229 1.8268007 2.0580746 2.0321343 1.9854936 1.8000883 1.5589653 1.6796410 1.9805451 1.7103996 1.5009150 1.7418946 2.3881221 1.9818132 
Opea_EP00118_Oscarella_pearsei_P021094                             0.0000010 0.0000010 2.1584795 2.1584795 1.0140418 1.0776515 1.9925572 2.1933604 2.3057056 1.4177088 1.8443853 0.9252484 0.7960474 2.0459560 2.0183775 1.3237599 1.7346762 1.7989858 1.6629314 1.5537740 1.7063409 1.9553897 0.3050961 0.9606482 0.0155992 0.0709085 0.0000000 0.1163496 0.7035375 0.7035375 2.5238956 2.5238956 0.7222667 0.9693532 4.7769160 0.8195119 0.7790995 0.8414503 0.7417508 0.6566288 1.0755895 1.3648231 1.2028580 1.2499034 1.0117918 1.3480469 1.3311075 0.4739095 1.4424689 1.4876767 1.4062403 1.4857360 1.5485128 1.4487826 1.4641896 0.9606482 1.6050268 1.3376426 1.8393537 2.0069571 1.9998472 2.0220171 1.5975180 2.1957768 1.6218376 2.4803893 1.7646131 1.8716958 2.2898157 2.1880570 2.1504983 2.0035180 1.9475008 0.9613284 1.4796406 2.1392280 0.0000010 2.4347636 
Ocar_g1088                                                         3.6551922 3.6551922 2.3273573 2.3273573 2.2121129 2.1217176 2.4145311 2.7305314 2.6187680 3.5121947 2.7305006 2.3088618 0.8597984 1.4829118 2.0860700 1.4390446 1.5869227 1.6609095 1.7781078 1.6567377 1.6433564 1.7243774 0.1896645 0.2345608 0.1208228 0.1319935 0.1163496 0.0000000 0.0054958 0.0054958 0.3420705 0.3420705 1.3604085 1.4580428 2.1524912 1.3384685 1.4877549 1.1784027 1.4894274 1.5010416 1.0887931 1.6158638 1.5616613 1.3400033 1.5529420 1.6406599 1.5882912 1.8590503 1.7005089 1.6986649 1.7497283 1.7486085 1.7777006 1.4724742 1.6965457 1.2327779 1.7003307 1.7048777 1.5688150 2.1414847 2.0118919 2.1017977 1.8050477 1.9873793 1.5742229 1.8804219 2.1158118 1.9832282 1.9804818 1.8381596 1.8063229 1.7837415 2.0966548 1.6781960 1.7144430 1.8533151 2.0416139 1.8626881 
Opea_EP00118_Oscarella_pearsei_P021100                             8.9999986 8.9999986 3.3321933 3.3321933 2.6046177 2.6046177 2.8567606 3.7463654 3.2215479 3.6267883 3.5887748 2.8545876 1.8127230 1.4520629 2.1684197 1.5895938 1.5806509 1.7456243 1.8845184 1.8133396 1.8676325 2.2779508 0.1715379 0.1938328 4.1077887 0.5776798 0.7035375 0.0054958 0.0000000 0.0000010 0.2401352 0.2401352 1.7007281 1.8783876 1.7538004 1.6925694 2.0599436 1.7006290 1.6924783 1.9727492 1.1184034 1.6727621 2.0637455 1.6837000 1.7924842 1.8156484 1.8964168 1.6823226 1.8024292 2.8015822 1.8903296 1.8990262 1.9410980 2.8165128 2.0244417 1.8734380 2.0022388 2.2284108 1.6820703 2.5648907 1.9462084 1.9381947 1.7757332 1.7652698 2.0159519 2.0422636 2.1788173 2.0965849 2.1779918 2.1810675 1.7056885 2.8590098 2.4631522 0.0000010 1.9790078 1.9125324 1.8925619 1.6508128 
Opea_EP00118_Oscarella_pearsei_P021093                             8.9999986 8.9999986 3.3321933 3.3321933 2.6046177 2.6046177 2.8567606 3.7463654 3.2215479 3.6267883 3.5887748 2.8545876 1.8127230 1.4520629 2.1684197 1.5895938 1.5806509 1.7456243 1.8845184 1.8133396 1.8676325 2.2779508 0.1715379 0.1938328 4.1077887 0.5776798 0.7035375 0.0054958 0.0000010 0.0000000 0.2401352 0.2401352 1.7007281 1.8783876 1.7538004 1.6925694 2.0599436 1.7006290 1.6924783 1.9727492 1.1184034 1.6727621 2.0637455 1.6837000 1.7924842 1.8156484 1.8964168 1.6823226 1.8024292 2.8015822 1.8903296 1.8990262 1.9410980 2.8165128 2.0244417 1.8734380 2.0022388 2.2284108 1.6820703 2.5648907 1.9462084 1.9381947 1.7757332 1.7652698 2.0159519 2.0422636 2.1788173 2.0965849 2.1779918 2.1810675 1.7056885 2.8590098 2.4631522 0.0000010 1.9790078 1.9125324 1.8925619 1.6508128 
Opea_EP00118_Oscarella_pearsei_P021098                             3.5132660 3.5132660 4.3770733 4.3770733 3.2364331 3.2364331 3.6803615 4.8695895 3.1466292 9.0000000 4.6474401 3.4653079 1.8127230 2.1053258 5.6990437 1.9644102 1.9644102 2.2326067 1.6781712 2.2652186 2.1686380 2.7365549 0.3857494 0.1938328 9.0000000 6.5098232 2.5238956 0.3420705 0.2401352 0.2401352 0.0000000 0.0000010 2.5064112 2.6400873 8.9999985 2.4823603 2.7132730 1.7006290 2.6960830 2.5419870 1.4645177 2.1105012 2.8828988 2.2666381 1.8760016 2.1501835 2.4608235 3.3530640 3.0058810 2.8015822 3.2178941 3.1037859 3.3198090 2.8165128 3.7234875 2.4916420 3.5697220 3.4850442 2.7005723 9.0000000 3.6037930 3.5468895 3.2009536 3.3506535 5.9500352 3.0622908 3.3118858 3.1208001 2.3849424 2.6153587 2.5055266 3.7653605 2.3056008 0.0000010 2.2234830 2.2932264 3.3991098 2.7937671 
Opea_EP00118_Oscarella_pearsei_P021096                             3.5132660 3.5132660 4.3770733 4.3770733 3.2364331 3.2364331 3.6803615 4.8695895 3.1466292 9.0000000 4.6474401 3.4653079 1.8127230 2.1053258 5.6990437 1.9644102 1.9644102 2.2326067 1.6781712 2.2652186 2.1686380 2.7365549 0.3857494 0.1938328 9.0000000 6.5098232 2.5238956 0.3420705 0.2401352 0.2401352 0.0000010 0.0000000 2.5064112 2.6400873 8.9999985 2.4823603 2.7132730 1.7006290 2.6960830 2.5419870 1.4645177 2.1105012 2.8828988 2.2666381 1.8760016 2.1501835 2.4608235 3.3530640 3.0058810 2.8015822 3.2178941 3.1037859 3.3198090 2.8165128 3.7234875 2.4916420 3.5697220 3.4850442 2.7005723 9.0000000 3.6037930 3.5468895 3.2009536 3.3506535 5.9500352 3.0622908 3.3118858 3.1208001 2.3849424 2.6153587 2.5055266 3.7653605 2.3056008 0.0000010 2.2234830 2.2932264 3.3991098 2.7937671 
Fspp_ffun1.m4.22327.m1                                             5.4846938 5.5486504 2.7031491 2.7081547 2.1228158 2.0758808 2.4032959 2.7294678 2.5035143 2.5293761 2.5063041 2.2960793 0.8158405 1.4726487 1.8376370 1.0313709 1.1889023 1.4155206 1.3933908 1.5132318 1.4561238 1.4701183 1.2972445 0.9432131 0.5579038 1.2063935 0.7222667 1.3604085 1.7007281 1.7007281 2.5064112 2.5064112 0.0000000 0.2718257 0.2004200 0.2279761 0.3970751 0.3612499 0.5198637 0.5603866 1.4684595 0.9834455 1.2276643 1.4083173 1.4335390 1.3567743 1.4712924 1.6248261 1.6885409 1.8107991 1.7748783 1.7071535 1.7313830 1.2678692 1.5809696 1.8919491 1.6747209 1.5828894 1.6543440 2.1895908 2.0361565 2.0510306 1.8613441 2.0933122 1.4350939 1.9728732 1.9421759 1.8226371 1.5755418 1.5999143 1.3835094 1.3206555 1.7996713 1.0758283 1.5863439 2.2129945 1.4563251 1.0796190 
Pocdam_XM_027188127.1                                              4.8352091 5.0638370 2.5727821 2.6041120 2.2409519 2.1856821 2.4810874 2.6370651 2.5325551 2.6621625 2.5654802 2.2430827 0.8755799 1.4787411 1.8312241 1.0687741 1.2371194 1.4109884 1.4815330 1.6112150 1.5005464 1.4649330 1.3613424 1.0238693 0.7024401 1.2696528 0.9693532 1.4580428 1.8783876 1.8783876 2.6400873 2.6400873 0.2718257 0.0000000 0.0236529 0.2763330 0.4094063 0.1370341 0.5630423 0.6002585 1.5115241 1.0099205 1.3045019 1.4510387 1.5364498 1.4107381 1.5075667 1.6747866 1.7273609 1.8253458 1.8181645 1.7757738 1.8632050 1.2936311 1.5821367 1.9178776 1.7824010 1.6487130 1.5641368 2.1945338 2.0930783 2.1240845 1.8998016 2.1697176 1.5048001 1.9150706 1.9630411 1.8764484 1.6679880 1.6535124 1.4468310 1.5039160 1.9052568 1.1589454 1.5955416 2.2355304 1.4600873 1.1627429 
Spis_XP_022794942_1                                                9.0000000 9.0000000 8.9999987 8.9999987 2.8026206 2.8026206 2.5921335 3.2104661 2.3182243 2.3182243 2.3043770 2.4354514 0.0000010 1.1504042 1.2539377 1.2539377 1.4456596 1.2365154 6.3024560 1.6801612 1.1148536 6.6196243 1.2089704 0.0000010 0.0000010 0.0000010 4.7769160 2.1524912 1.7538004 1.7538004 8.9999985 8.9999985 0.2004200 0.0236529 0.0000000 0.2361903 0.2654285 2.3862036 0.4415127 0.4440606 1.0512169 0.6322441 1.1882373 1.2652251 1.4325442 1.2053727 1.4316206 1.5995124 1.5995124 0.0000010 1.6935444 1.5992786 1.7005196 0.0000010 1.4601821 1.6743173 1.7612017 1.8448823 2.1643164 8.9999982 1.6974720 1.6998257 1.4029217 1.6700366 1.9551581 1.6375229 1.7555971 1.7803776 2.3540982 2.9705986 1.4076942 0.0000010 1.9637954 0.0000010 0.0000010 6.7317496 2.4815855 1.2065217 
Gasp_gasp1.m3.10753.m1                                             5.1166373 5.2742684 2.6875015 2.7055460 2.2601497 2.2151770 2.4525503 2.7107301 2.4771864 2.5125161 2.4808280 2.3283123 0.8696916 1.4779623 1.7757226 1.0511724 1.1978537 1.3510953 1.4421947 1.4795850 1.3932692 1.4987146 1.2831291 0.9838403 0.6339756 1.2309685 0.8195119 1.3384685 1.6925694 1.6925694 2.4823603 2.4823603 0.2279761 0.2763330 0.2361903 0.0000000 0.3773614 0.3382881 0.5383792 0.6369707 1.4094966 0.9804355 1.3091285 1.3721960 1.4556749 1.3404181 1.4799143 1.7775758 1.7543293 1.7362940 1.7511796 1.8141937 1.9353988 1.3082933 1.5742129 1.8656519 1.6640228 1.5384061 1.6302657 2.1101932 2.0047903 2.0124085 1.8256709 2.0497011 1.4438530 1.9582791 1.9800122 1.8849804 1.5851261 1.6292291 1.3813272 1.3111740 1.8321101 1.0485600 1.6625866 2.1197628 1.4476116 1.0702825 
Gfas_gfas1.m1.2478.m1                                              5.4440631 5.4719564 2.5100818 2.5070352 1.9319040 1.8807635 2.2990339 2.5215720 2.2333565 2.2667184 2.3734300 1.9122824 1.0007897 1.5679932 1.6552768 1.0575829 1.2538582 1.4553352 1.5203415 1.5447511 1.4722175 1.5011858 1.4022079 1.0896912 0.5964155 1.3463373 0.7790995 1.4877549 2.0599436 2.0599436 2.7132730 2.7132730 0.3970751 0.4094063 0.2654285 0.3773614 0.0000000 0.4638300 0.4653956 0.5576313 1.3914888 1.0006334 1.2752393 1.3726053 1.5724427 1.4397965 1.5137536 1.6186233 1.7139346 1.7994848 1.8033215 1.8293375 1.8910826 1.3819739 1.5546747 2.1598794 1.7563415 1.6204452 1.6368496 2.0967386 1.9316646 2.0022397 1.8658385 2.0610802 1.4652346 1.9692797 1.9477356 1.8694850 1.7910494 1.6942189 1.4554712 1.3714825 1.8842549 1.0638950 1.9364196 2.3202272 1.6714195 1.3530427 
Spis_XP_022794947_1                                                3.9907549 4.1552677 1.9866884 2.0087279 0.8608677 0.8940915 2.1915542 2.1875558 2.2669262 4.1506868 2.0172837 0.7983000 0.7916116 1.6379971 3.2061908 0.6770498 1.0449759 1.5753515 1.3493618 1.7499100 1.7789282 0.9880615 1.3707428 0.9889292 0.6121558 1.1269386 0.8414503 1.1784027 1.7006290 1.7006290 1.7006290 1.7006290 0.3612499 0.1370341 2.3862036 0.3382881 0.4638300 0.0000000 0.6902691 0.7386439 1.5836659 1.1368202 1.3140680 1.5642771 1.7739890 1.4948340 1.5845776 3.2471317 1.9313986 1.9889440 2.0330720 1.9401367 2.0433042 1.4567134 1.8455985 1.8002867 1.8822512 1.6464224 1.5039078 2.0243648 2.2909757 2.3632840 2.1505988 2.3163373 1.1237826 2.1462765 2.0750881 1.9528375 1.9987386 1.7711074 1.7111855 1.3075800 1.9445039 1.2555139 0.9686323 2.2258677 0.0000010 1.7008127 
Amil_Amillepora19862-RA                                            4.8702772 4.9316800 2.6995588 2.7145484 2.0615249 1.9819083 2.6194814 2.6200233 2.2676152 2.0887823 2.7603870 2.5413418 0.8499057 1.7132267 1.7957721 1.0943068 1.4502005 1.7173535 1.5717582 1.6297207 1.6146449 1.4322665 1.5237868 0.7969934 0.8685106 1.3898875 0.7417508 1.4894274 1.6924783 1.6924783 2.6960830 2.6960830 0.5198637 0.5630423 0.4415127 0.5383792 0.4653956 0.6902691 0.0000000 0.0853414 1.5473364 1.1058169 1.3525119 1.5501565 1.6539342 1.4491372 1.5773108 1.5310981 1.8156689 2.0235403 1.9241763 1.8587714 1.9185178 1.4410126 1.7692822 1.6986463 1.9671935 1.7877119 1.7292255 2.3859700 2.2972551 2.3689962 2.0964957 2.3071695 1.3931652 2.0940804 2.2176943 2.0923758 1.8431646 1.8785594 1.5846348 1.7512614 2.0306698 1.0758595 1.4672247 2.3634028 1.0289684 1.0870147 
Adig_XM_015903643.1                                                6.2138411 6.2373329 2.7763265 2.7912501 2.0501234 2.0039588 2.4790485 2.6490511 2.4697021 2.6746663 2.6855554 2.3015606 0.9174149 1.6049365 1.9784617 1.1834889 1.3327828 1.6648546 1.5240441 1.6248308 1.5279465 1.4978479 1.4202667 1.0215843 0.4587986 1.2128050 0.6566288 1.5010416 1.9727492 1.9727492 2.5419870 2.5419870 0.5603866 0.6002585 0.4440606 0.6369707 0.5576313 0.7386439 0.0853414 0.0000000 1.4677574 1.1118531 1.4308124 1.6141687 1.7985661 1.5254232 1.5184902 1.8153728 1.9358419 1.9854191 1.9602122 1.9912106 2.0089119 1.4043924 1.6667554 2.2884276 2.0203463 1.9548424 1.6888366 2.5136233 2.2519397 2.3352661 2.1250683 2.2148985 1.7858199 2.1493587 2.2420311 2.0337121 2.0153517 1.9020050 1.5160732 1.5303399 2.0753722 1.0885848 1.5636683 2.4903371 1.4203026 1.4097086 
Plajan_Pjan_C565556_01                                             4.0514440 4.1964711 2.3196023 2.3339579 1.8360508 1.7801346 2.2887709 2.4608661 2.2664869 2.5137755 2.2970225 1.9350476 1.0930466 1.5086304 1.8705243 1.2393206 1.3530284 1.5875156 1.5193878 1.6115000 1.5976988 1.5338188 0.9988487 0.8365486 0.8034084 0.9730479 1.0755895 1.0887931 1.1184034 1.1184034 1.4645177 1.4645177 1.4684595 1.5115241 1.0512169 1.4094966 1.3914888 1.5836659 1.5473364 1.4677574 0.0000000 1.4541808 1.3810653 1.5678753 1.6573018 1.6564465 1.5411948 1.6561006 1.8846079 2.0787228 1.9463728 1.8762326 1.9640744 1.4607553 1.6611101 1.9399112 1.7533209 1.7181881 1.4105233 2.1295452 2.0130968 2.0138426 1.8474843 2.0283322 1.5029044 1.8258678 1.8974985 1.9345358 2.2190494 1.9369122 1.9907160 1.5335123 2.0894929 1.8818070 1.8090915 2.1201837 1.7866158 1.6157205 
Exapal_XM_021058605.2                                              5.0633610 4.8776257 2.7499723 2.7170149 2.1078074 2.0740007 2.4269817 2.5301110 2.4191426 2.5956664 2.6256491 1.9761622 1.1048322 1.5640060 1.7845945 1.1160236 1.3535125 1.6016306 1.5861751 1.4843322 1.4476277 1.5593487 1.5441656 0.8557611 0.9250805 1.6186885 1.3648231 1.6158638 1.6727621 1.6727621 2.1105012 2.1105012 0.9834455 1.0099205 0.6322441 0.9804355 1.0006334 1.1368202 1.1058169 1.1118531 1.4541808 0.0000000 1.3836271 1.6057826 1.5655228 1.4580145 1.5441186 1.5165862 1.8921876 2.3469021 1.9879752 1.9369194 2.0241277 1.7231745 1.7656816 1.6204100 1.7227004 1.6763551 1.6076569 2.1737614 2.0854831 2.0771665 1.8091104 2.0248779 1.4534189 2.0508646 2.1099699 1.9237177 1.7558986 1.6942072 1.5088781 1.4772678 2.0090948 1.0791863 1.7438824 2.2043088 1.4928383 0.9198685 
Dgig_XM_028555792.1                                                4.8188751 5.0075820 2.2925211 2.3048420 1.9672405 1.8359869 2.3139140 2.3504401 2.2048899 2.4995774 2.3846852 2.1108750 1.0622662 1.6275417 2.0590143 1.3949824 1.4220732 1.7011977 1.6907092 1.7488457 1.6334164 1.8510387 1.4649447 0.9129636 1.0327732 1.5014546 1.2028580 1.5616613 2.0637455 2.0637455 2.8828988 2.8828988 1.2276643 1.3045019 1.1882373 1.3091285 1.2752393 1.3140680 1.3525119 1.4308124 1.3810653 1.3836271 0.0000000 0.6424050 1.5366865 1.6217266 1.6164934 1.7055750 1.8506251 1.8997298 1.8426735 1.7938573 1.9703972 1.5570418 1.7586710 2.0024626 1.8021202 1.7078087 1.6670905 1.9077902 1.9774785 1.9950841 1.9177985 2.0056738 1.6118821 1.8257479 2.0462013 1.8980566 1.9234780 1.6834868 1.4829889 1.4004059 1.8047329 1.3343099 1.8257073 2.0705297 2.0377400 1.6616582 
Xesp_011515-T1                                                     3.9948319 4.6353962 2.2661022 2.3508253 1.8992655 1.7760817 2.3405392 2.3909426 2.3556017 2.9154200 2.8735033 1.8397674 0.7457405 1.7804846 2.1507250 1.2070029 1.3441555 1.6476283 1.4895401 1.8220459 1.6790107 1.3563733 1.6206027 0.6260955 1.0165647 1.3207742 1.2499034 1.3400033 1.6837000 1.6837000 2.2666381 2.2666381 1.4083173 1.4510387 1.2652251 1.3721960 1.3726053 1.5642771 1.5501565 1.6141687 1.5678753 1.6057826 0.6424050 0.0000000 1.5660543 1.9417511 1.8176289 1.8294351 2.1769784 2.3943507 2.2563353 2.1463872 2.3567766 1.6356336 2.1151381 1.7000721 2.0382423 1.8803427 1.7297938 2.2792417 2.1430734 2.1735269 2.1209361 2.2606143 1.3402503 2.1225494 2.2896721 2.2621613 1.9021951 1.8600579 1.7475027 1.5472085 1.9363556 1.7041465 1.7418832 2.1373820 1.3941608 1.5934902 
Bralan_BLAG01000630_1                                              4.2736640 4.2360980 2.6087727 2.5953329 2.0567215 1.9505525 2.3364492 2.3520319 2.2996859 2.3031634 2.5901340 2.3038496 1.0605786 1.6932035 2.0952780 1.1739803 1.3384555 1.5072006 1.5030954 1.5303981 1.4595178 1.5382535 1.4712856 0.9245595 0.8916312 1.3609025 1.0117918 1.5529420 1.7924842 1.7924842 1.8760016 1.8760016 1.4335390 1.5364498 1.4325442 1.4556749 1.5724427 1.7739890 1.6539342 1.7985661 1.6573018 1.5655228 1.5366865 1.5660543 0.0000000 1.2198906 1.5202853 1.7125900 1.8768692 2.0828245 1.9519298 1.8929451 1.9607896 1.5237820 1.9120079 1.7405921 1.8483337 1.8538084 1.7103260 2.1415409 2.1241913 2.0943887 2.0073957 2.0991079 1.5041113 2.0720288 2.0162465 2.0176326 2.0898054 1.9588630 1.6561747 1.6385037 2.0550195 1.7462687 1.5954115 2.0742729 1.6119795 1.6087032 
Skow_XM_002733600.2                                                4.0984383 4.1850809 2.7262072 2.7380126 2.3016704 2.2323187 2.5290829 2.4544471 2.4097965 2.5923949 2.7852796 2.1753116 1.0404725 1.7720222 1.9034972 1.3283379 1.4014988 1.6470765 1.5783781 1.5597829 1.4519592 1.8332455 1.6366475 1.0412027 1.0800964 1.5868831 1.3480469 1.6406599 1.8156484 1.8156484 2.1501835 2.1501835 1.3567743 1.4107381 1.2053727 1.3404181 1.4397965 1.4948340 1.4491372 1.5254232 1.6564465 1.4580145 1.6217266 1.9417511 1.2198906 0.0000000 1.4312298 1.8278920 2.1077469 2.1475468 2.0582657 2.0223328 2.0461117 1.4806889 2.0973398 1.6002056 2.0640601 1.9717885 1.6207920 2.4894582 2.3248147 2.3520340 2.1508145 2.1373925 1.7588302 2.0605062 2.1558381 2.0910263 2.1326189 1.8938433 1.7592723 1.5694035 2.2201596 1.6414954 1.8462671 2.1806128 1.7006950 1.5091740 
Spur_XM_030995126.1                                                5.7182173 5.8035208 2.9159438 2.9222945 2.0904596 1.9865622 2.4857411 2.6421544 2.5152119 2.6424857 2.6964928 2.0575557 1.2817674 1.6695008 2.0984981 1.4129868 1.4906262 1.6812060 1.6502273 1.6860387 1.6220323 1.7240853 1.6390163 0.8948252 1.1161043 1.5680236 1.3311075 1.5882912 1.8964168 1.8964168 2.4608235 2.4608235 1.4712924 1.5075667 1.4316206 1.4799143 1.5137536 1.5845776 1.5773108 1.5184902 1.5411948 1.5441186 1.6164934 1.8176289 1.5202853 1.4312298 0.0000000 1.5594320 1.7747921 2.1556744 1.9182083 1.8476986 1.9225591 1.5156279 1.8761636 1.6074703 1.8483541 1.7757631 1.7789361 2.4118521 2.1867809 2.2575849 2.0710537 2.2073867 1.4399503 1.8512949 2.0327503 1.7941413 2.0837954 1.9771032 1.6188792 1.5100246 1.9191624 1.7165613 1.5818766 2.2398222 1.6843034 1.6550008 
