65
Lcom_lcpid229243                                       0.0000000 4.6871113 4.1300704 7.4246102 5.0732192 5.8913828 3.4715213 3.4731951 4.8004299 3.5010206 4.3097565 4.1905111 4.1825269 3.8268129 3.9980033 3.9372586 4.2306440 3.7776133 4.3589958 3.8638232 4.0397866 3.5774205 3.6211172 4.6079498 4.2581939 2.8531505 3.6821707 5.2096489 4.5725801 5.0325131 5.1244257 3.6946034 4.1471943 4.4395745 3.3253676 3.8132550 3.2998270 3.3014410 5.0551916 4.4036448 4.0749842 3.7852353 3.8802476 4.7165343 3.3587609 4.2315506 3.6958848 4.2174312 5.3149553 4.1203193 5.3227623 3.6374623 3.4076377 4.3531562 4.1234182 6.0113182 7.0242371 3.7406668 3.5368707 3.3533326 5.2277889 4.4509548 3.9941241 4.8607737 8.9999985 
Lcom_lcpid37201                                        4.6871113 0.0000000 2.8588613 6.8219752 4.2679942 6.7185697 5.7370921 5.2007809 4.3431974 5.3814260 5.6555953 5.0681672 5.3097208 5.1328723 5.6167623 5.6609062 5.9351703 5.4012080 5.5249795 5.5328820 5.7354389 5.9789066 5.9860107 5.9747404 5.5539187 4.3019711 4.7229100 6.4352823 6.7994730 6.4356444 5.9402141 5.8133093 6.8791095 5.3384307 6.5995596 5.7660327 6.7813225 6.8734306 6.6302472 7.4598496 5.5753732 5.3217431 5.7661982 4.9585918 5.7533903 5.3519894 5.4676374 3.6401063 4.1172662 3.4125704 4.0110059 5.5455736 7.3921849 6.2376836 5.3476518 5.9396546 5.2116840 5.0695437 6.4533597 6.9202814 5.0006402 2.8669263 6.5709782 5.4731398 4.6699022 
Gracom_Gcom_scaffold15573_01                           4.1300704 2.8588613 0.0000000 4.6023561 4.0393504 3.8296988 4.4638918 4.8037950 4.0677876 4.2613119 4.1748163 4.3805728 4.2392142 4.5939745 4.0215471 4.2029063 4.7842406 4.5848115 4.7537352 4.6940837 4.6473511 4.6060876 4.6016325 4.6964705 4.5769382 3.4076026 3.7721747 5.0144464 4.3957358 4.1182095 4.1845990 4.1317212 4.6672223 3.4320687 5.1230967 4.1891989 4.7787470 5.1622586 4.8650611 4.6915678 4.5077915 4.3739411 5.0693557 6.2035483 4.7985349 3.8900488 3.8907734 3.2660778 2.7165880 2.5257889 2.3340475 4.3683053 5.0442439 4.7794958 4.5319833 5.1604346 3.9676653 4.5740344 4.4335550 4.3774744 4.4200380 2.1180655 5.1717499 4.7139740 4.2976416 
Spolac_c97433_g1_i3_m.15009c97433-g1                   7.4246102 6.8219752 4.6023561 0.0000000 0.2485189 2.6901780 4.6488513 4.5686218 6.0245187 3.5280385 3.2613129 2.8249251 3.3756669 3.8692575 3.8106342 3.8942123 3.5248922 3.3662863 6.5524061 5.1484026 5.0015774 4.9403095 4.9323213 6.9226276 6.0418391 4.3340340 4.6969758 6.9580039 6.1034174 6.5451981 6.4912159 4.5520429 5.3900793 3.8215570 5.8164971 4.3746011 6.1652201 6.0167563 3.9445874 4.1923042 4.7885097 3.6796841 5.5064658 6.1010972 4.9375922 6.5521033 5.3866551 5.4546187 5.4567232 6.1801603 4.9616255 4.1833396 3.9939208 6.8176337 7.2736211 5.3914350 7.8471459 5.1261921 3.7382120 3.4923507 4.5205536 8.4120191 4.5083753 4.5195940 9.0000000 
Spolac_c97433_g1_i2_m.15008c97433-g1                   5.0732192 4.2679942 4.0393504 0.2485189 0.0000000 2.2069234 2.7573968 2.9970906 1.9726379 2.5431730 2.7411717 2.6477270 3.0618500 3.3191854 2.9473241 2.9988188 2.8096762 2.4331193 3.8775308 3.3365772 3.4475052 3.3525097 3.3493108 4.1697573 3.8482987 2.7409192 3.3546938 4.3622767 4.2713788 4.3205572 4.2809988 2.9606926 3.2694033 2.8162508 4.3338549 3.2512722 4.1121879 4.1070475 3.3671743 3.3003111 3.7245297 2.6158690 3.8753467 3.9637239 3.4574105 4.6876566 4.0462381 3.6034096 3.7245941 4.2016928 3.8247028 3.5472896 3.2885747 4.2801066 5.4934199 4.3492754 5.0909113 4.1107133 3.4031295 3.5213582 3.1675813 6.3356721 3.7019595 3.5640041 3.2499584 
Tetwil_g19233.t1                                       5.8913828 6.7185697 3.8296988 2.6901780 2.2069234 0.0000000 2.9687833 2.8801983 1.5424342 2.3348441 3.4055688 3.1851855 3.4616138 3.6432468 3.1649763 3.1623111 3.4665634 2.3650078 4.4081285 3.7806894 3.9137448 3.3887288 3.3829349 4.3285928 4.0165164 2.5451934 2.9002478 4.6024462 4.1715240 4.6514274 4.5393138 3.1272448 3.3974465 2.7832056 4.4691323 2.9112302 5.0217778 4.8897735 4.9887263 5.3300098 4.1414163 3.0843925 4.3061378 3.3385353 4.4812663 4.7779278 3.9408028 5.0243032 4.8638694 4.4149606 4.2047070 3.9181713 4.8600322 3.8762811 5.4084291 3.5169638 3.0872590 4.7319256 4.0288519 3.3803034 4.4290742 5.4428876 3.5081350 2.6810016 0.7800717 
Cgig_XM_034483344.1                                    3.4715213 5.7370921 4.4638918 4.6488513 2.7573968 2.9687833 0.0000000 2.5980838 1.1680740 2.2705929 2.7721315 2.6423376 2.9704399 2.8581934 2.7680991 2.8019213 3.0688695 2.2131206 2.8815504 3.0912199 3.2803705 2.7887752 2.7864715 4.2475772 3.6158679 2.3034599 3.2339050 5.1620703 4.0564120 4.6665260 4.7739298 2.7200225 3.3863652 3.3744045 3.6985905 2.8610554 5.4429219 5.0016977 3.7742489 3.7512775 3.3503051 2.5361330 4.5417466 2.9886655 4.3586538 3.9566264 3.0443525 4.0387392 4.3215689 3.7673471 3.9522005 3.3788944 3.9813192 3.9925102 4.0859313 4.9167597 2.6953836 3.7522932 3.3399887 3.7101667 4.3870177 4.1564159 3.5493360 3.2528475 1.5143567 
Acagra_model.g5953.t1                                  3.4731951 5.2007809 4.8037950 4.5686218 2.9970906 2.8801983 2.5980838 0.0000000 1.1481736 2.5797127 2.7997263 2.8351068 2.7828823 3.0650672 3.2401505 3.2371379 3.2298217 2.0559913 3.6670456 3.5692201 3.7300319 3.2363145 3.2472175 3.9809629 3.6979929 2.4668103 3.7928325 5.3786621 4.9407618 5.1352334 5.3257243 3.3248774 3.5045181 4.4376436 3.6976231 2.8170437 3.9314291 3.8366645 4.3873916 4.4413161 3.6928010 3.3364140 3.9508995 3.5426490 4.2867988 5.1763594 3.6296556 4.3005626 4.2057690 3.7942553 3.6489822 3.6309269 4.3047847 4.1326739 4.1431241 5.2533677 3.1280448 4.9154313 4.0637077 4.4072968 4.4106662 5.0579683 3.5002105 3.4710934 1.7555259 
Ctel_gnl_WGS_AMQN_CAPTEDRAFT_mRNA162888                4.8004299 4.3431974 4.0677876 6.0245187 1.9726379 1.5424342 1.1680740 1.1481736 0.0000000 1.2789918 1.6189982 1.6219667 1.6796259 1.5583304 1.8913776 1.8681338 1.8902618 1.5591684 2.1795153 2.8815067 3.0168788 2.3728720 2.3588056 3.1433043 3.1154921 1.6867584 2.2166728 2.2766193 2.1959486 2.2834295 2.2341279 1.9329360 1.9108061 2.1246677 2.9261574 2.7479320 3.4735329 3.0890555 2.6178820 2.7103966 2.1998778 1.9087123 2.4316515 2.2803293 2.1623249 2.2456490 1.8114811 2.9762420 3.0415552 2.4834559 2.5973206 2.5381281 2.5765191 2.7113933 2.9179609 3.9985012 3.7096777 2.6361113 2.8637501 3.7635314 2.0093338 4.1778010 2.8019808 2.4905468 1.4580651 
Bralan_BLAG12000742_1                                  3.5010206 5.3814260 4.2613119 3.5280385 2.5431730 2.3348441 2.2705929 2.5797127 1.2789918 0.0000000 2.4318799 2.1364620 2.4152889 2.5419095 2.5238470 2.5660867 2.3981085 2.0088899 2.7215496 3.1563014 3.2872137 2.9832007 2.9109599 3.5509469 3.3621524 2.2513921 3.0781303 3.2152088 2.9963191 3.5161999 3.5511711 2.3675652 2.7503538 2.4948035 3.2846148 2.6192459 3.5717699 3.4578068 3.3395218 3.5298948 3.2973867 3.0504805 2.9787656 2.2021789 2.8422832 3.2436845 2.7402861 3.9546847 3.9040877 3.2037124 3.2966281 2.8641116 2.8835643 3.3603911 3.6855094 4.3083928 3.0203375 4.2337225 3.3736085 4.0969563 3.2749036 4.7441818 2.6063616 2.3454610 1.9844640 
Fspp_ffun1.m4.6625.m1                                  4.3097565 5.6555953 4.1748163 3.2613129 2.7411717 3.4055688 2.7721315 2.7997263 1.6189982 2.4318799 0.0000000 0.4704257 0.8711132 0.8030679 1.1139626 1.1336777 0.8754196 2.1642316 4.0959929 3.1946705 3.0436703 2.9932924 2.9853207 3.9108509 3.5651030 2.8765453 3.0233206 3.4006193 3.2925037 4.7673250 4.7673996 1.9892838 3.3620188 2.5228459 3.0713131 2.1935558 3.6382794 3.2851106 3.7220660 3.5346256 3.2454959 3.0039188 3.8275212 3.6871180 3.7099247 3.9859376 3.7650463 5.0440605 4.7004520 4.0781072 3.6325392 2.9305836 3.3857245 3.1007643 3.8012618 4.3594813 2.6017629 4.1665096 3.7771762 3.6310324 3.5096461 5.2783098 3.4626250 2.8615945 2.5792494 
Gasp_gasp1.m3.20127.m1                                 4.1905111 5.0681672 4.3805728 2.8249251 2.6477270 3.1851855 2.6423376 2.8351068 1.6219667 2.1364620 0.4704257 0.0000000 0.8948419 0.7861778 1.0495564 1.0691813 0.8480395 1.9344017 4.1522208 3.4048628 3.2979842 3.2948055 3.2859995 3.7905440 3.5450002 2.7948716 2.6184920 3.7728394 3.4249609 4.0158588 4.0302046 1.9255215 3.3529672 2.7398475 2.9423449 2.4196376 3.6699445 3.2529051 3.9037694 3.5701652 3.3216516 2.7039459 4.0252917 3.5004074 3.7817033 3.9471411 3.6494829 4.6924231 4.1001261 3.7882679 3.5964980 2.7978743 3.1203715 2.9247725 4.0015309 4.4845018 2.8001382 3.7707597 3.5414685 3.0248731 3.1672224 5.2942077 3.2418431 2.5934384 2.4203483 
Spis_XP_022793713_1                                    4.1825269 5.3097208 4.2392142 3.3756669 3.0618500 3.4616138 2.9704399 2.7828823 1.6796259 2.4152889 0.8711132 0.8948419 0.0000000 0.2563905 1.2280134 1.2416105 1.0874827 2.2144895 3.8305575 3.2588017 3.2743739 3.4637577 3.4609071 3.7863002 3.3437988 3.0025263 2.9545492 3.8068192 3.4309691 4.5494994 4.3622906 2.3703905 3.7598585 2.5884297 3.0558314 2.3000233 3.8808984 3.6043005 3.6193436 3.7743648 3.2221963 3.2256713 4.2792277 3.6064061 3.7061439 4.2794092 3.6400498 4.9777118 4.2064455 4.0824749 3.9497760 3.1101705 3.3131505 3.2682548 4.0116024 4.8779441 2.5759697 4.6442920 3.7774273 3.5291790 3.3011962 4.6163380 3.1719159 3.2722886 2.7108184 
Pocdam_XM_027194695.1                                  3.8268129 5.1328723 4.5939745 3.8692575 3.3191854 3.6432468 2.8581934 3.0650672 1.5583304 2.5419095 0.8030679 0.7861778 0.2563905 0.0000000 1.1860803 1.2121893 0.9576686 2.3847414 4.1214711 3.2498753 3.1598150 3.3195413 3.3167969 3.8944490 3.4544959 3.3505138 3.0528963 3.4504460 3.3444946 4.5276005 4.3913793 2.2716096 3.9294215 2.4727532 3.4412281 2.5792830 4.0433121 3.6222423 3.7725061 3.8309543 3.1883711 3.1578108 4.1406189 3.4936840 3.5844586 4.1606385 3.6714407 5.4687408 4.5719147 4.0173369 3.8486901 3.2027806 3.4514925 3.0793036 4.1202089 4.6189293 2.5920379 4.3276447 4.0160261 3.5290942 3.5347793 5.1915825 3.2825162 3.3110694 2.8989195 
Amil_Amillepora03605-RA                                3.9980033 5.6167623 4.0215471 3.8106342 2.9473241 3.1649763 2.7680991 3.2401505 1.8913776 2.5238470 1.1139626 1.0495564 1.2280134 1.1860803 0.0000000 0.0206718 0.9192576 2.3381153 3.6444081 3.1256650 3.0207932 3.5180455 3.5086002 3.4531020 3.0496361 2.8492957 3.5265564 3.3416928 3.6980786 4.7579300 4.6571924 2.2340056 3.3177351 2.2691613 3.6725170 2.7791676 3.9203187 3.6538301 3.7985078 3.9545881 3.6388064 3.3437502 4.1853986 3.4022449 3.4307263 4.1794601 3.5734845 4.6553800 4.4160292 3.8987364 3.8779687 3.0575154 3.1584077 3.2763401 4.4147234 4.0757070 2.6352540 4.3696807 3.3703228 2.8320280 3.6327524 5.6726004 3.9170817 2.7366614 3.0212223 
Adig_XM_015907724.1                                    3.9372586 5.6609062 4.2029063 3.8942123 2.9988188 3.1623111 2.8019213 3.2371379 1.8681338 2.5660867 1.1336777 1.0691813 1.2416105 1.2121893 0.0206718 0.0000000 0.9468226 2.3121297 3.6514672 3.0954901 2.9917753 3.5445880 3.5350393 3.4782914 3.0702040 2.9205364 3.5923431 3.3943379 3.7961415 4.8276039 4.7848605 2.2734345 3.3153429 2.2670302 3.6938600 2.7125340 3.8856120 3.6571835 3.9992896 4.1043413 3.7637293 3.3338016 4.2202036 3.3548363 3.4692853 4.2677182 3.6189960 4.8824292 4.6190615 3.9962197 3.8733913 3.0586969 3.1812959 3.3830674 4.4740542 4.1065144 2.7092313 4.4163596 3.4066710 2.9064895 3.6864493 5.8563301 3.9467588 2.6894876 3.0212223 
Gfas_gfas1.m1.15717.m1                                 4.2306440 5.9351703 4.7842406 3.5248922 2.8096762 3.4665634 3.0688695 3.2298217 1.8902618 2.3981085 0.8754196 0.8480395 1.0874827 0.9576686 0.9192576 0.9468226 0.0000000 2.4849978 3.9843108 3.0741753 3.0406655 3.1545619 3.1492061 3.7001556 3.3798605 2.8691184 3.1135645 3.2670486 3.1550540 4.4050280 4.3465352 1.9255904 3.7226161 2.3273850 3.7796535 3.0786629 4.3757005 3.9682866 4.1194493 4.0911974 3.5754790 2.8926349 3.5071257 3.2067893 3.8614826 4.1924592 3.9220532 4.8003166 4.8909126 4.1760583 4.0991509 3.2510200 3.3847731 3.2905232 4.2891749 4.1369037 2.8721285 4.3685248 3.7579233 3.4822126 3.4659511 5.3187450 3.6412330 2.7295600 3.0161742 
Skow_XM_002741765.2                                    3.7776133 5.4012080 4.5848115 3.3662863 2.4331193 2.3650078 2.2131206 2.0559913 1.5591684 2.0088899 2.1642316 1.9344017 2.2144895 2.3847414 2.3381153 2.3121297 2.4849978 0.0000000 3.1895757 3.0968724 3.2452462 2.7165664 2.7217444 3.2868494 3.2101444 2.4116988 3.2967773 4.0680262 3.5913994 4.0702593 4.4807822 2.6295731 2.4948603 2.5495053 3.1928127 2.4382163 3.7212047 3.6256473 3.1468720 3.4426686 3.1721816 2.9881040 3.4613139 3.5984424 3.7395902 4.0168965 2.8220722 4.4715141 3.5253856 3.2737946 3.2923107 3.4308876 3.8618077 4.4067174 3.5871913 4.9302635 3.4757249 3.6048436 3.0627407 2.6879068 3.0410723 4.6993665 3.3369645 3.3795586 1.9768555 
Spur_XM_030999028.1                                    4.3589958 5.5249795 4.7537352 6.5524061 3.8775308 4.4081285 2.8815504 3.6670456 2.1795153 2.7215496 4.0959929 4.1522208 3.8305575 4.1214711 3.6444081 3.6514672 3.9843108 3.1895757 0.0000000 3.3968340 3.6968724 3.8861171 3.8871576 3.9208399 3.9484881 3.4157317 4.3672056 4.9372022 4.0909996 4.8981464 5.0469628 3.7372197 3.9187293 3.6972371 4.7472642 3.6876275 6.2797917 6.1474272 3.8789492 4.7623588 5.0388022 4.0747948 5.0439589 3.5667664 4.4755908 4.0119921 3.2507482 4.5982003 5.0720165 4.0773651 4.1079437 3.8152817 4.0111773 3.7290683 4.7369321 3.9927634 3.7538189 4.4387610 6.9575538 6.1465859 4.1783257 5.5532053 4.3751840 3.5220430 4.0956755 
HoiH23_PlH23_004988-RA                                 3.8638232 5.5328820 4.6940837 5.1484026 3.3365772 3.7806894 3.0912199 3.5692201 2.8815067 3.1563014 3.1946705 3.4048628 3.2588017 3.2498753 3.1256650 3.0954901 3.0741753 3.0968724 3.3968340 0.0000000 0.0689199 0.6425082 0.6308824 0.7358391 0.7077062 2.9170607 3.4361003 4.0390024 3.7185870 3.3561321 3.3694010 3.0426122 3.8235459 2.8741343 5.0489984 3.5653228 4.4702091 4.5341583 4.8690073 4.4264452 4.2452585 3.4331691 4.0882166 3.9312757 3.4230825 3.9358250 4.5400710 4.4903138 4.1322130 3.8653555 4.2264170 3.7430048 4.5198020 3.9783031 3.5495969 3.9898033 4.2147164 3.5356898 3.1926846 3.6256466 4.3323005 4.3399636 3.7230166 4.7783068 4.1020459 
HoiH06_mRNA241                                         4.0397866 5.7354389 4.6473511 5.0015774 3.4475052 3.9137448 3.2803705 3.7300319 3.0168788 3.2872137 3.0436703 3.2979842 3.2743739 3.1598150 3.0207932 2.9917753 3.0406655 3.2452462 3.6968724 0.0689199 0.0000000 0.6289418 0.6173270 0.6853502 0.6513946 2.9672974 3.4638886 4.1560777 3.6863075 3.3731403 3.3875975 3.1142398 4.2010847 3.0723242 5.1936284 3.8427201 4.5828687 4.6501482 4.8261137 4.6594997 4.3383913 3.4146210 4.1850061 4.0627244 3.5141704 3.9924838 4.7693533 4.5945956 4.1797306 3.9048059 4.1384824 3.8700353 4.8965784 4.0344731 3.7101221 4.0361817 4.8080120 3.9085160 3.2261649 3.6256466 4.4318102 4.2675851 3.8322285 4.7473477 4.2336685 
TrH2_TrispH2_003232-RA                                 3.5774205 5.9789066 4.6060876 4.9403095 3.3525097 3.3887288 2.7887752 3.2363145 2.3728720 2.9832007 2.9932924 3.2948055 3.4637577 3.3195413 3.5180455 3.5445880 3.1545619 2.7165664 3.8861171 0.6425082 0.6289418 0.0000000 0.0045737 1.0686467 0.9528503 2.5211239 3.3082356 3.8976650 3.5097591 3.2255825 3.1249884 3.1865486 3.4170233 3.2766378 6.1196993 4.6355567 5.2008941 5.0724007 5.4155881 4.4407115 4.6046851 3.4894724 3.8019396 3.5877278 3.6228830 3.8518262 4.6767642 3.6227518 4.0618004 3.5936674 3.3443129 3.6689611 4.4404770 3.9616386 3.7425694 4.1172336 3.6400991 4.1592719 3.4221112 3.7128648 4.5734217 3.7242057 3.1480312 4.5095803 2.9675687 
Tadh_TriadT57148                                       3.6211172 5.9860107 4.6016325 4.9323213 3.3493108 3.3829349 2.7864715 3.2472175 2.3588056 2.9109599 2.9853207 3.2859995 3.4609071 3.3167969 3.5086002 3.5350393 3.1492061 2.7217444 3.8871576 0.6308824 0.6173270 0.0045737 0.0000000 1.0508226 0.9357550 2.5264439 3.3045730 3.9026173 3.4350349 3.2230412 3.1223726 3.1836165 3.4077066 3.2814012 6.1016193 4.6219117 5.1923541 5.0638314 5.3940976 4.4229185 4.5960777 3.4098965 3.8271568 3.5795991 3.6355152 3.8570413 4.6681532 3.7065293 4.0580438 3.5749996 3.3501339 3.6564962 4.4311307 3.8615843 3.7308463 4.1043352 3.6342858 4.1459091 3.4112122 3.7373744 4.5747332 3.7310700 3.1432935 4.4991295 2.9675687 
Hhon_g10646.t1                                         4.6079498 5.9747404 4.6964705 6.9226276 4.1697573 4.3285928 4.2475772 3.9809629 3.1433043 3.5509469 3.9108509 3.7905440 3.7863002 3.8944490 3.4531020 3.4782914 3.7001556 3.2868494 3.9208399 0.7358391 0.6853502 1.0686467 1.0508226 0.0000000 0.1109075 2.8698163 4.4188844 4.2272325 4.1427574 4.2413851 4.3171184 3.6075658 4.2331225 3.8063109 5.6962575 4.2315339 5.2794545 5.2406486 5.0288797 4.7411210 4.5988559 3.6874455 5.2241527 4.2324095 4.0878054 4.2549025 4.9465981 4.7415591 4.1851680 3.6779060 3.9123061 4.5755826 5.0026557 4.4169265 3.5569168 4.7081979 4.7123898 4.3655652 3.8406819 3.8194634 4.7457563 4.5320946 3.8428902 5.0477001 3.6821884 
HoiH04_mRNA2368                                        4.2581939 5.5539187 4.5769382 6.0418391 3.8482987 4.0165164 3.6158679 3.6979929 3.1154921 3.3621524 3.5651030 3.5450002 3.3437988 3.4544959 3.0496361 3.0702040 3.3798605 3.2101444 3.9484881 0.7077062 0.6513946 0.9528503 0.9357550 0.1109075 0.0000000 2.6758444 4.0810215 4.3951870 4.2642457 4.3993892 4.5029852 3.4585161 4.0168764 3.5980828 6.2311248 4.4569983 5.6897467 5.6557127 4.9281761 4.3583031 4.3527310 3.4714687 4.4017567 4.2220129 3.8436770 4.2285088 4.5266663 4.1752117 3.8596649 3.4139498 3.7120655 4.5737192 4.9656825 3.8998007 3.2828520 4.5257413 4.1978025 3.7976372 3.7918009 3.4155215 4.3926259 4.6211851 3.7780665 4.9882850 3.5835657 
Clacor_Ccor_scaffold4440_01                            2.8531505 4.3019711 3.4076026 4.3340340 2.7409192 2.5451934 2.3034599 2.4668103 1.6867584 2.2513921 2.8765453 2.7948716 3.0025263 3.3505138 2.8492957 2.9205364 2.8691184 2.4116988 3.4157317 2.9170607 2.9672974 2.5211239 2.5264439 2.8698163 2.6758444 0.0000000 1.8097138 3.9337908 3.6218182 3.6496799 3.5179935 2.7579267 2.7277480 3.0706113 3.8215460 3.3262401 3.8643052 3.8902852 3.8164902 3.4189502 3.1944716 3.2443844 3.5533275 3.1404291 3.4845322 4.0329383 3.3362794 2.9019111 3.5974071 3.1460656 3.2795577 2.8403408 3.8451861 3.4530782 3.4066252 3.7499816 3.0997940 3.8637787 3.9976761 3.3504707 3.0633256 4.1941920 3.9045792 3.6043447 1.6795407 
Clacor_Ccor_scaffold9552_01                            3.6821707 4.7229100 3.7721747 4.6969758 3.3546938 2.9002478 3.2339050 3.7928325 2.2166728 3.0781303 3.0233206 2.6184920 2.9545492 3.0528963 3.5265564 3.5923431 3.1135645 3.2967773 4.3672056 3.4361003 3.4638886 3.3082356 3.3045730 4.4188844 4.0810215 1.8097138 0.0000000 5.3638670 5.5359461 4.5557154 4.4925799 3.2580662 2.7365869 3.7337721 4.5066521 3.2347578 4.0936915 4.1292449 5.0222088 4.3950762 4.9945431 3.2580221 3.8269382 3.8963377 4.0627973 4.3304378 3.9222360 4.0634098 3.4032806 2.9306497 3.9074276 3.6869556 5.2520852 3.4909828 4.7280499 4.0160505 3.1577702 4.0642977 3.4892885 3.9919402 3.3571902 4.8180087 4.3336957 3.3075792 2.8690209 
Fspp_ffun1.m2b.8102.m1                                 5.2096489 6.4352823 5.0144464 6.9580039 4.3622767 4.6024462 5.1620703 5.3786621 2.2766193 3.2152088 3.4006193 3.7728394 3.8068192 3.4504460 3.3416928 3.3943379 3.2670486 4.0680262 4.9372022 4.0390024 4.1560777 3.8976650 3.9026173 4.2272325 4.3951870 3.9337908 5.3638670 0.0000000 0.7965799 1.4106572 1.3680990 3.2593594 3.0803016 4.2689521 4.2190639 3.5487072 4.4162728 4.1676289 4.0849984 4.3293503 4.4543614 5.7163678 4.8003326 3.4542843 4.3993183 3.9167888 4.7520113 5.2816504 5.4380898 4.9672566 4.6758413 4.1195824 5.2172810 4.3270814 5.4980466 3.5985030 3.0006099 5.6648816 7.0765576 8.3911464 4.9273403 5.3658244 4.5614656 3.8434350 2.8685196 
Pocdam_XM_027190922.1                                  4.5725801 6.7994730 4.3957358 6.1034174 4.2713788 4.1715240 4.0564120 4.9407618 2.1959486 2.9963191 3.2925037 3.4249609 3.4309691 3.3444946 3.6980786 3.7961415 3.1550540 3.5913994 4.0909996 3.7185870 3.6863075 3.5097591 3.4350349 4.1427574 4.2642457 3.6218182 5.5359461 0.7965799 0.0000000 1.4385968 1.3620865 3.4117982 3.5894744 3.6757795 4.9604651 3.7688047 5.5321714 5.3277434 4.3221358 4.1571679 4.0560939 5.0858544 5.3409289 3.1169679 4.6150663 4.2283745 4.1959263 5.8714495 5.2824270 4.9181944 4.5606876 4.3491265 5.5076553 4.3141337 4.9212558 3.8064900 3.2760231 5.2240892 8.0768554 8.9999988 5.1851276 5.5035072 4.7079691 3.9310694 2.9244855 
Amil_Amillepora15108-RA                                5.0325131 6.4356444 4.1182095 6.5451981 4.3205572 4.6514274 4.6665260 5.1352334 2.2834295 3.5161999 4.7673250 4.0158588 4.5494994 4.5276005 4.7579300 4.8276039 4.4050280 4.0702593 4.8981464 3.3561321 3.3731403 3.2255825 3.2230412 4.2413851 4.3993892 3.6496799 4.5557154 1.4106572 1.4385968 0.0000000 0.0325893 3.3102039 3.6279312 4.0604067 4.7499753 3.4546977 4.5241337 4.5594506 4.3281511 4.1847628 3.7998189 5.3749575 4.3582385 4.1243443 4.8747501 3.5320435 4.5134040 5.3274885 4.5633024 4.9329234 4.8947349 3.9931487 5.6115489 4.3066627 5.0664286 3.5686384 2.9314728 4.7916470 6.5564790 8.9999980 5.6472436 5.7032892 4.5299858 4.2704801 3.2998506 
Adig_XM_015920383.1                                    5.1244257 5.9402141 4.1845990 6.4912159 4.2809988 4.5393138 4.7739298 5.3257243 2.2341279 3.5511711 4.7673996 4.0302046 4.3622906 4.3913793 4.6571924 4.7848605 4.3465352 4.4807822 5.0469628 3.3694010 3.3875975 3.1249884 3.1223726 4.3171184 4.5029852 3.5179935 4.4925799 1.3680990 1.3620865 0.0325893 0.0000000 3.5632020 3.6608803 3.8488401 4.7032519 3.4483545 4.5796020 4.7323158 4.0125125 4.1955531 3.6958760 4.9130585 4.1007866 4.3836679 4.3391850 3.6822422 4.7210990 4.9531105 4.4847295 5.1016382 4.8365154 3.9792244 4.8585694 4.3780031 5.1927999 3.7824113 3.0341559 4.8744128 6.6212834 8.6469598 5.2432657 5.6967111 4.4812857 4.4349702 3.3604836 
Nvec_v1g248021                                         3.6946034 5.8133093 4.1317212 4.5520429 2.9606926 3.1272448 2.7200225 3.3248774 1.9329360 2.3675652 1.9892838 1.9255215 2.3703905 2.2716096 2.2340056 2.2734345 1.9255904 2.6295731 3.7372197 3.0426122 3.1142398 3.1865486 3.1836165 3.6075658 3.4585161 2.7579267 3.2580662 3.2593594 3.4117982 3.3102039 3.5632020 0.0000000 3.8178376 1.8911962 4.4509841 2.9904177 4.1882519 3.8639542 4.0933619 4.0695736 3.8148386 3.4549204 3.4547162 3.0827877 4.0011810 4.4961388 3.1969905 5.0030375 4.7537279 3.4010694 3.8869329 3.4238141 3.4567289 2.6368399 4.5851205 4.2297682 3.7079446 3.8598711 3.5589701 3.2437752 3.1498757 5.0704624 3.7432047 3.9653289 2.8325303 
Acagra_model.g15852.t1                                 4.1471943 6.8791095 4.6672223 5.3900793 3.2694033 3.3974465 3.3863652 3.5045181 1.9108061 2.7503538 3.3620188 3.3529672 3.7598585 3.9294215 3.3177351 3.3153429 3.7226161 2.4948603 3.9187293 3.8235459 4.2010847 3.4170233 3.4077066 4.2331225 4.0168764 2.7277480 2.7365869 3.0803016 3.5894744 3.6279312 3.6608803 3.8178376 0.0000000 3.7000574 3.9902808 2.7505338 4.6764206 4.2926958 4.0911538 3.9573800 4.8678985 3.3291745 3.6009050 2.9551129 3.9355710 3.4695022 3.3834756 3.6150353 4.3079730 4.3165297 3.7135108 2.5708021 3.7760809 3.5742769 4.7280996 4.3136342 4.0307172 3.1658528 4.3208705 4.1543059 4.0777791 4.9971936 4.3764666 3.2366311 2.4133802 
Exapal_XM_021059910.2                                  4.4395745 5.3384307 3.4320687 3.8215570 2.8162508 2.7832056 3.3744045 4.4376436 2.1246677 2.4948035 2.5228459 2.7398475 2.5884297 2.4727532 2.2691613 2.2670302 2.3273850 2.5495053 3.6972371 2.8741343 3.0723242 3.2766378 3.2814012 3.8063109 3.5980828 3.0706113 3.7337721 4.2689521 3.6757795 4.0604067 3.8488401 1.8911962 3.7000574 0.0000000 4.3641925 3.1213793 4.1533058 4.2446022 3.8794644 3.9605878 3.4704019 3.6965966 3.8352550 3.0020456 4.3415998 4.7942349 3.4496316 4.9224348 4.2708300 4.7573506 3.9458877 3.0819494 3.9980604 3.3833661 4.4570344 4.0390646 3.6902190 3.3799946 4.1560873 5.4072718 3.2828878 4.0140643 3.5046099 3.5877196 3.7597520 
Cscu_XM_023387320.1                                    3.3253676 6.5995596 5.1230967 5.8164971 4.3338549 4.4691323 3.6985905 3.6976231 2.9261574 3.2846148 3.0713131 2.9423449 3.0558314 3.4412281 3.6725170 3.6938600 3.7796535 3.1928127 4.7472642 5.0489984 5.1936284 6.1196993 6.1016193 5.6962575 6.2311248 3.8215460 4.5066521 4.2190639 4.9604651 4.7499753 4.7032519 4.4509841 3.9902808 4.3641925 0.0000000 0.1294443 0.1966185 0.2052498 4.7024180 3.9552011 4.5804496 4.3777247 5.3597408 5.7091470 4.9172819 5.4853954 4.4396186 5.0500241 5.5523135 4.8443960 5.0980425 2.5140975 3.6105957 5.9770003 4.0702242 5.3479214 3.7018244 3.7374382 6.1746598 6.4752180 4.7385491 5.4589486 5.1725874 3.7768978 3.6413152 
Cscu_XM_023354854.1                                    3.8132550 5.7660327 4.1891989 4.3746011 3.2512722 2.9112302 2.8610554 2.8170437 2.7479320 2.6192459 2.1935558 2.4196376 2.3000233 2.5792830 2.7791676 2.7125340 3.0786629 2.4382163 3.6876275 3.5653228 3.8427201 4.6355567 4.6219117 4.2315339 4.4569983 3.3262401 3.2347578 3.5487072 3.7688047 3.4546977 3.4483545 2.9904177 2.7505338 3.1213793 0.1294443 0.0000000 0.1110490 0.1210997 3.7297993 3.0239404 3.8559367 3.0849979 3.3462847 5.2338475 3.7215009 3.9668343 2.9071329 3.4761489 3.5681270 2.8606275 3.2177496 2.0277350 2.5813916 4.2810551 3.1604738 4.6111431 3.7667918 2.7024511 2.9974672 3.3870209 3.1653260 4.3527834 3.6352536 3.4909430 3.8812397 
Cscu_XM_023387318.1                                    3.2998270 6.7813225 4.7787470 6.1652201 4.1121879 5.0217778 5.4429219 3.9314291 3.4735329 3.5717699 3.6382794 3.6699445 3.8808984 4.0433121 3.9203187 3.8856120 4.3757005 3.7212047 6.2797917 4.4702091 4.5828687 5.2008941 5.1923541 5.2794545 5.6897467 3.8643052 4.0936915 4.4162728 5.5321714 4.5241337 4.5796020 4.1882519 4.6764206 4.1533058 0.1966185 0.1110490 0.0000000 0.0395420 5.0708310 4.4496453 5.3274819 5.7017215 5.8404878 5.0373073 4.7612787 5.3576106 5.9697052 5.2991531 5.1616736 4.6004209 4.5274510 2.9969302 4.5753930 5.4020208 4.5242537 5.1008188 3.7499117 4.9896630 4.6950384 7.4730251 5.5465909 5.5864335 5.5694155 3.5268840 3.8741254 
Cscu_XM_023355982.1                                    3.3014410 6.8734306 5.1622586 6.0167563 4.1070475 4.8897735 5.0016977 3.8366645 3.0890555 3.4578068 3.2851106 3.2529051 3.6043005 3.6222423 3.6538301 3.6571835 3.9682866 3.6256473 6.1474272 4.5341583 4.6501482 5.0724007 5.0638314 5.2406486 5.6557127 3.8902852 4.1292449 4.1676289 5.3277434 4.5594506 4.7323158 3.8639542 4.2926958 4.2446022 0.2052498 0.1210997 0.0395420 0.0000000 4.8231146 4.2113976 5.0656557 5.4517020 5.6714407 5.0273741 4.7387439 5.2779541 5.8545927 5.3707691 5.2424645 4.7126286 4.6045848 3.0672687 4.4465119 5.2969061 4.4660338 4.5963911 3.6241089 4.8777440 4.4925538 7.0210472 5.3927352 5.6555427 5.4397437 3.3750785 4.1018498 
Nemnom_g15947.t1                                       5.0551916 6.6302472 4.8650611 3.9445874 3.3671743 4.9887263 3.7742489 4.3873916 2.6178820 3.3395218 3.7220660 3.9037694 3.6193436 3.7725061 3.7985078 3.9992896 4.1194493 3.1468720 3.8789492 4.8690073 4.8261137 5.4155881 5.3940976 5.0288797 4.9281761 3.8164902 5.0222088 4.0849984 4.3221358 4.3281511 4.0125125 4.0933619 4.0911538 3.8794644 4.7024180 3.7297993 5.0708310 4.8231146 0.0000000 0.8358567 2.4156163 4.8612995 4.5450511 4.2412675 4.2665345 4.1925018 4.2701401 5.0780359 4.4881392 4.1350453 4.1030366 3.6365962 1.8112512 3.3917062 4.8649347 4.5560346 5.0227994 4.5295760 5.0579453 5.1568618 4.8549663 5.2700643 4.8289430 4.3477207 4.7560723 
Rhoesc_Res_010761-T1                                   4.4036448 7.4598496 4.6915678 4.1923042 3.3003111 5.3300098 3.7512775 4.4413161 2.7103966 3.5298948 3.5346256 3.5701652 3.7743648 3.8309543 3.9545881 4.1043413 4.0911974 3.4426686 4.7623588 4.4264452 4.6594997 4.4407115 4.4229185 4.7411210 4.3583031 3.4189502 4.3950762 4.3293503 4.1571679 4.1847628 4.1955531 4.0695736 3.9573800 3.9605878 3.9552011 3.0239404 4.4496453 4.2113976 0.8358567 0.0000000 2.3247834 4.5912916 4.8254466 3.8991035 4.7257003 3.8137047 4.8206740 4.7111573 4.4800327 3.8438624 4.3201828 3.4727967 1.8586811 3.4945736 4.4216566 4.8218741 4.0918046 4.9478567 4.7377285 5.2107385 4.4017867 5.5647835 3.7546827 3.8506471 4.8898900 
Sanmal_Sma_018316-T1                                   4.0749842 5.5753732 4.5077915 4.7885097 3.7245297 4.1414163 3.3503051 3.6928010 2.1998778 3.2973867 3.2454959 3.3216516 3.2221963 3.1883711 3.6388064 3.7637293 3.5754790 3.1721816 5.0388022 4.2452585 4.3383913 4.6046851 4.5960777 4.5988559 4.3527310 3.1944716 4.9945431 4.4543614 4.0560939 3.7998189 3.6958760 3.8148386 4.8678985 3.4704019 4.5804496 3.8559367 5.3274819 5.0656557 2.4156163 2.3247834 0.0000000 4.0964701 5.4875343 3.9437551 5.1471754 5.0909115 4.2164783 4.8737479 4.7678161 4.1590836 3.9325219 3.0198335 2.0700709 3.2286854 3.9396444 4.2695189 3.4710553 3.9030353 5.4657280 6.3668780 4.2648055 5.6457022 4.0716593 3.8051364 4.2898257 
Xestes_maker-XT_scaffold3238-augustus-gene-0.31-mRNA-1 3.7852353 5.3217431 4.3739411 3.6796841 2.6158690 3.0843925 2.5361330 3.3364140 1.9087123 3.0504805 3.0039188 2.7039459 3.2256713 3.1578108 3.3437502 3.3338016 2.8926349 2.9881040 4.0747948 3.4331691 3.4146210 3.4894724 3.4098965 3.6874455 3.4714687 3.2443844 3.2580221 5.7163678 5.0858544 5.3749575 4.9130585 3.4549204 3.3291745 3.6965966 4.3777247 3.0849979 5.7017215 5.4517020 4.8612995 4.5912916 4.0964701 0.0000000 4.5047859 3.1319000 3.3498599 4.4578799 3.7209704 4.1960980 5.4298195 4.4121908 3.9690552 3.3234843 4.2728370 3.8622208 4.4147262 4.2420305 3.2158646 3.6191387 2.2226548 1.7643611 3.3100256 3.8679051 3.6876308 4.3705676 3.4662256 
Hsap_ENST00000525639                                   3.8802476 5.7661982 5.0693557 5.5064658 3.8753467 4.3061378 4.5417466 3.9508995 2.4316515 2.9787656 3.8275212 4.0252917 4.2792277 4.1406189 4.1853986 4.2202036 3.5071257 3.4613139 5.0439589 4.0882166 4.1850061 3.8019396 3.8271568 5.2241527 4.4017567 3.5533275 3.8269382 4.8003326 5.3409289 4.3582385 4.1007866 3.4547162 3.6009050 3.8352550 5.3597408 3.3462847 5.8404878 5.6714407 4.5450511 4.8254466 5.4875343 4.5047859 0.0000000 3.0891539 4.1986749 5.3155980 4.1353996 5.0742692 4.5862838 4.2859479 4.1819104 4.3773779 5.1727040 4.6583121 4.9888547 4.6588597 3.9832326 5.8734198 4.0189016 5.8745586 4.5160539 5.0373956 5.2224093 4.0865093 2.3124077 
Opea_EP00118_Oscarella_pearsei_P000052                 4.7165343 4.9585918 6.2035483 6.1010972 3.9637239 3.3385353 2.9886655 3.5426490 2.2803293 2.2021789 3.6871180 3.5004074 3.6064061 3.4936840 3.4022449 3.3548363 3.2067893 3.5984424 3.5667664 3.9312757 4.0627244 3.5877278 3.5795991 4.2324095 4.2220129 3.1404291 3.8963377 3.4542843 3.1169679 4.1243443 4.3836679 3.0827877 2.9551129 3.0020456 5.7091470 5.2338475 5.0373073 5.0273741 4.2412675 3.8991035 3.9437551 3.1319000 3.0891539 0.0000000 2.2277597 4.2271339 3.2364795 4.1392128 4.3823020 4.4231347 4.0627714 3.9298151 4.2634456 3.6522796 4.4473228 3.7271283 4.3469525 4.3078036 3.9239376 4.6108715 3.6882567 5.2541076 4.0401715 3.3192859 2.6757522 
Plajan_Pjan_scaffold14436_01                           3.3587609 5.7533903 4.7985349 4.9375922 3.4574105 4.4812663 4.3586538 4.2867988 2.1623249 2.8422832 3.7099247 3.7817033 3.7061439 3.5844586 3.4307263 3.4692853 3.8614826 3.7395902 4.4755908 3.4230825 3.5141704 3.6228830 3.6355152 4.0878054 3.8436770 3.4845322 4.0627973 4.3993183 4.6150663 4.8747501 4.3391850 4.0011810 3.9355710 4.3415998 4.9172819 3.7215009 4.7612787 4.7387439 4.2665345 4.7257003 5.1471754 3.3498599 4.1986749 2.2277597 0.0000000 4.0975935 4.1910443 3.9820427 3.8139646 4.3641635 4.1352085 3.4319063 4.0961292 4.8067535 5.5052338 4.9456773 4.6032879 5.3756709 3.5511414 4.6309296 4.2374128 6.0497915 3.8313718 3.6982881 3.4409563 
Nvec_v1g243410                                         4.2315506 5.3519894 3.8900488 6.5521033 4.6876566 4.7779278 3.9566264 5.1763594 2.2456490 3.2436845 3.9859376 3.9471411 4.2794092 4.1606385 4.1794601 4.2677182 4.1924592 4.0168965 4.0119921 3.9358250 3.9924838 3.8518262 3.8570413 4.2549025 4.2285088 4.0329383 4.3304378 3.9167888 4.2283745 3.5320435 3.6822422 4.4961388 3.4695022 4.7942349 5.4853954 3.9668343 5.3576106 5.2779541 4.1925018 3.8137047 5.0909115 4.4578799 5.3155980 4.2271339 4.0975935 0.0000000 4.3247564 4.8418008 3.9884989 4.1764181 3.5088511 3.0145430 3.9518896 4.6592508 5.2968720 3.5952066 4.0364093 4.5934688 4.9853855 5.4490022 4.2384110 4.6934536 5.5312297 3.2530365 3.9743654 
Ctel_gnl_WGS_AMQN_CAPTEDRAFT_mRNA191299                3.6958848 5.4676374 3.8907734 5.3866551 4.0462381 3.9408028 3.0443525 3.6296556 1.8114811 2.7402861 3.7650463 3.6494829 3.6400498 3.6714407 3.5734845 3.6189960 3.9220532 2.8220722 3.2507482 4.5400710 4.7693533 4.6767642 4.6681532 4.9465981 4.5266663 3.3362794 3.9222360 4.7520113 4.1959263 4.5134040 4.7210990 3.1969905 3.3834756 3.4496316 4.4396186 2.9071329 5.9697052 5.8545927 4.2701401 4.8206740 4.2164783 3.7209704 4.1353996 3.2364795 4.1910443 4.3247564 0.0000000 5.5251095 5.7161596 4.6401764 4.0687071 3.5476009 3.7826047 4.3516357 4.7021487 5.1050623 4.3417110 4.7896996 4.3879072 4.4810022 4.1389222 5.4359435 4.2956387 4.0344625 3.6601291 
Lcom_lcpid54550                                        4.2174312 3.6401063 3.2660778 5.4546187 3.6034096 5.0243032 4.0387392 4.3005626 2.9762420 3.9546847 5.0440605 4.6924231 4.9777118 5.4687408 4.6553800 4.8824292 4.8003166 4.4715141 4.5982003 4.4903138 4.5945956 3.6227518 3.7065293 4.7415591 4.1752117 2.9019111 4.0634098 5.2816504 5.8714495 5.3274885 4.9531105 5.0030375 3.6150353 4.9224348 5.0500241 3.4761489 5.2991531 5.3707691 5.0780359 4.7111573 4.8737479 4.1960980 5.0742692 4.1392128 3.9820427 4.8418008 5.5251095 0.0000000 1.9568185 1.6915007 1.7280363 3.4674588 4.7487953 4.3665229 4.8268029 4.9278642 3.6051117 5.3127842 5.5218875 5.8526283 5.1333172 2.9614394 5.5653072 3.4143488 2.3483782 
Gracom_Gcom_scaffold17804_01                           5.3149553 4.1172662 2.7165880 5.4567232 3.7245941 4.8638694 4.3215689 4.2057690 3.0415552 3.9040877 4.7004520 4.1001261 4.2064455 4.5719147 4.4160292 4.6190615 4.8909126 3.5253856 5.0720165 4.1322130 4.1797306 4.0618004 4.0580438 4.1851680 3.8596649 3.5974071 3.4032806 5.4380898 5.2824270 4.5633024 4.4847295 4.7537279 4.3079730 4.2708300 5.5523135 3.5681270 5.1616736 5.2424645 4.4881392 4.4800327 4.7678161 5.4298195 4.5862838 4.3823020 3.8139646 3.9884989 5.7161596 1.9568185 0.0000000 1.1274469 1.5695601 3.9545882 3.7209920 4.2201105 5.3413557 5.0127996 3.4999296 4.2604146 5.4385259 5.8765282 5.7232858 3.1249271 4.8607022 3.2868369 2.9733717 
Gracom_Gcom_scaffold18206_01                           4.1203193 3.4125704 2.5257889 6.1801603 4.2016928 4.4149606 3.7673471 3.7942553 2.4834559 3.2037124 4.0781072 3.7882679 4.0824749 4.0173369 3.8987364 3.9962197 4.1760583 3.2737946 4.0773651 3.8653555 3.9048059 3.5936674 3.5749996 3.6779060 3.4139498 3.1460656 2.9306497 4.9672566 4.9181944 4.9329234 5.1016382 3.4010694 4.3165297 4.7573506 4.8443960 2.8606275 4.6004209 4.7126286 4.1350453 3.8438624 4.1590836 4.4121908 4.2859479 4.4231347 4.3641635 4.1764181 4.6401764 1.6915007 1.1274469 0.0000000 1.4209750 3.9375151 4.7035276 4.1693556 5.5279164 4.6623167 2.6392947 5.0328169 5.1064456 6.5386066 3.8425401 2.8293606 4.8516451 3.4291721 2.3589632 
Leuniv_Lniv_scaffold7533_01                            5.3227623 4.0110059 2.3340475 4.9616255 3.8247028 4.2047070 3.9522005 3.6489822 2.5973206 3.2966281 3.6325392 3.5964980 3.9497760 3.8486901 3.8779687 3.8733913 4.0991509 3.2923107 4.1079437 4.2264170 4.1384824 3.3443129 3.3501339 3.9123061 3.7120655 3.2795577 3.9074276 4.6758413 4.5606876 4.8947349 4.8365154 3.8869329 3.7135108 3.9458877 5.0980425 3.2177496 4.5274510 4.6045848 4.1030366 4.3201828 3.9325219 3.9690552 4.1819104 4.0627714 4.1352085 3.5088511 4.0687071 1.7280363 1.5695601 1.4209750 0.0000000 3.5636134 4.0916201 4.2226451 6.5619244 4.3041625 2.9400342 3.9160952 4.1015458 4.7886176 5.7817480 2.7615929 4.5249354 3.5355713 3.2850842 
Cgig_XM_034467709.1                                    3.6374623 5.5455736 4.3683053 4.1833396 3.5472896 3.9181713 3.3788944 3.6309269 2.5381281 2.8641116 2.9305836 2.7978743 3.1101705 3.2027806 3.0575154 3.0586969 3.2510200 3.4308876 3.8152817 3.7430048 3.8700353 3.6689611 3.6564962 4.5755826 4.5737192 2.8403408 3.6869556 4.1195824 4.3491265 3.9931487 3.9792244 3.4238141 2.5708021 3.0819494 2.5140975 2.0277350 2.9969302 3.0672687 3.6365962 3.4727967 3.0198335 3.3234843 4.3773779 3.9298151 3.4319063 3.0145430 3.5476009 3.4674588 3.9545882 3.9375151 3.5636134 0.0000000 2.9730549 5.0897091 3.7090376 4.7880538 3.1928485 3.2420272 3.9155789 3.6921122 2.9693985 4.7805945 3.7231166 3.0809027 8.2183561 
Aaur_scaffold934.g4.t1                                 3.4076377 7.3921849 5.0442439 3.9939208 3.2885747 4.8600322 3.9813192 4.3047847 2.5765191 2.8835643 3.3857245 3.1203715 3.3131505 3.4514925 3.1584077 3.1812959 3.3847731 3.8618077 4.0111773 4.5198020 4.8965784 4.4404770 4.4311307 5.0026557 4.9656825 3.8451861 5.2520852 5.2172810 5.5076553 5.6115489 4.8585694 3.4567289 3.7760809 3.9980604 3.6105957 2.5813916 4.5753930 4.4465119 1.8112512 1.8586811 2.0700709 4.2728370 5.1727040 4.2634456 4.0961292 3.9518896 3.7826047 4.7487953 3.7209920 4.7035276 4.0916201 2.9730549 0.0000000 3.1804344 4.7390495 4.5295200 3.9955218 3.4847356 3.9396907 4.4283531 5.3806706 4.4882950 3.1682411 2.9740239 8.1997955 
Chem_TCONS_00050348                                    4.3531562 6.2376836 4.7794958 6.8176337 4.2801066 3.8762811 3.9925102 4.1326739 2.7113933 3.3603911 3.1007643 2.9247725 3.2682548 3.0793036 3.2763401 3.3830674 3.2905232 4.4067174 3.7290683 3.9783031 4.0344731 3.9616386 3.8615843 4.4169265 3.8998007 3.4530782 3.4909828 4.3270814 4.3141337 4.3066627 4.3780031 2.6368399 3.5742769 3.3833661 5.9770003 4.2810551 5.4020208 5.2969061 3.3917062 3.4945736 3.2286854 3.8622208 4.6583121 3.6522796 4.8067535 4.6592508 4.3516357 4.3665229 4.2201105 4.1693556 4.2226451 5.0897091 3.1804344 0.0000000 4.0221216 4.1068055 4.1241526 3.8421806 2.9154842 3.7086496 4.1144573 4.3775762 2.8643753 3.0581966 4.1696767 
Dpul_mRNA12794                                         4.1234182 5.3476518 4.5319833 7.2736211 5.4934199 5.4084291 4.0859313 4.1431241 2.9179609 3.6855094 3.8012618 4.0015309 4.0116024 4.1202089 4.4147234 4.4740542 4.2891749 3.5871913 4.7369321 3.5495969 3.7101221 3.7425694 3.7308463 3.5569168 3.2828520 3.4066252 4.7280499 5.4980466 4.9212558 5.0664286 5.1927999 4.5851205 4.7280996 4.4570344 4.0702242 3.1604738 4.5242537 4.4660338 4.8649347 4.4216566 3.9396444 4.4147262 4.9888547 4.4473228 5.5052338 5.2968720 4.7021487 4.8268029 5.3413557 5.5279164 6.5619244 3.7090376 4.7390495 4.0221216 0.0000000 4.5486635 3.4436691 5.4566161 4.5202295 5.7457617 4.1811632 4.2193247 4.4956748 4.3865027 6.2789528 
Dgig_XM_028554044.1                                    6.0113182 5.9396546 5.1604346 5.3914350 4.3492754 3.5169638 4.9167597 5.2533677 3.9985012 4.3083928 4.3594813 4.4845018 4.8779441 4.6189293 4.0757070 4.1065144 4.1369037 4.9302635 3.9927634 3.9898033 4.0361817 4.1172336 4.1043352 4.7081979 4.5257413 3.7499816 4.0160505 3.5985030 3.8064900 3.5686384 3.7824113 4.2297682 4.3136342 4.0390646 5.3479214 4.6111431 5.1008188 4.5963911 4.5560346 4.8218741 4.2695189 4.2420305 4.6588597 3.7271283 4.9456773 3.5952066 5.1050623 4.9278642 5.0127996 4.6623167 4.3041625 4.7880538 4.5295200 4.1068055 4.5486635 0.0000000 1.5801667 5.3643438 3.8712117 4.7313045 3.4231199 5.9767425 5.0378317 5.3800957 6.5547674 
