91
Bolinf_Binf_sb1263462                                            0.0000000 0.0000010 0.0000010 0.0106177 0.0105609 0.0000010 0.1411812 0.3966200 0.3740697 0.3740697 0.3740697 0.3740697 0.3740697 0.3930293 0.5881521 0.6120675 0.5786879 0.7012463 0.7151697 0.6737029 0.7369005 0.8509244 0.8601894 0.7423722 1.0509454 4.0611185 4.0611185 2.8776994 2.8581316 1.3102627 2.9418840 2.9361671 1.2922503 2.8865544 2.2639451 6.4321625 0.9056393 2.6534717 2.7943912 0.9546268 2.3089884 2.4119102 1.1139328 2.7414083 2.2864350 3.1519134 2.3072608 2.5513137 2.1241380 2.4847467 2.8779812 2.7718072 2.6162479 2.9178286 2.9155862 2.9628495 3.3117961 1.3163906 2.7019910 3.1802598 3.5512013 2.5608242 3.0777046 0.0000010 2.9299543 3.0299014 3.6586992 9.0000000 3.0105942 2.8231561 3.3611923 3.1400579 4.3897000 9.0000000 9.0000000 3.2990219 5.2610763 3.1311027 3.1303483 2.2513245 2.9402394 4.0853984 3.2124556 3.6895126 3.3512290 9.0000000 9.0000000 5.5688240 4.0946865 6.1230694 5.9922295 
Bolinf_Binf_sb1263458                                            0.0000010 0.0000000 0.0000010 0.0104811 0.0169349 0.0140425 0.3495876 0.6406637 0.6698798 0.3752237 0.6969889 0.4449248 0.4157899 0.6767345 0.8748101 0.8843698 0.9390512 0.8936184 0.9155760 0.6668563 1.0348517 1.0107386 1.1256598 0.9609442 1.0805092 4.0611185 4.0611185 2.5034060 2.6074432 2.0520752 2.5899822 2.5986802 2.0160425 3.0153540 2.2476257 1.7603921 2.0450258 2.5555509 2.5097428 0.8458259 2.4262776 2.5594093 1.2764020 2.2514602 2.5027770 2.5691671 2.3626389 2.3633258 2.2934308 2.5365457 2.2377257 2.4766227 2.3561700 2.9027463 2.6059812 2.5805510 2.5592321 1.9392672 2.5409668 2.8217745 2.6120481 2.5085668 2.3995519 2.8762881 2.1242345 2.2699740 2.8445888 2.5188747 2.5501589 2.7899966 2.8385330 2.6985720 2.9489207 1.1921104 3.9830534 2.8066297 3.1477243 3.1016691 3.1303483 2.1797181 2.7488630 2.8259612 3.2672003 2.5392184 2.5002139 1.7565885 2.2383533 5.0918681 4.0946865 5.1589264 2.2213943 
Bolinf_Binf_sb1263460                                            0.0000010 0.0000010 0.0000000 0.0104811 0.0080028 0.0140425 0.1977198 0.3783882 0.4057408 0.3720461 0.4057408 0.4057408 0.4057408 0.4210231 0.5820267 0.6004815 0.5747527 0.6553176 0.6678770 0.6668563 0.6981640 0.8020468 0.7800565 0.6739716 0.9158259 4.0611185 4.0611185 2.5311245 2.4971740 1.4599892 2.5596796 2.5545693 1.4243489 2.6054711 2.1475920 6.4321625 1.4288159 2.4798584 2.5596980 0.8458259 2.1773693 2.3121118 1.2764020 2.2514602 2.1545821 2.5798673 2.1919261 2.4300392 1.9548526 2.1637403 2.4339591 2.5436802 2.1651903 2.6482165 2.5768821 2.7405286 2.9027695 1.4989581 2.4325158 2.8789938 2.8856585 2.3699787 2.6065660 0.0000010 2.4781864 2.5203847 3.0798279 2.4729212 2.6132788 2.5707657 3.0114397 2.5973414 3.2323602 9.0000000 9.0000000 2.8184774 6.0042534 2.7505978 3.1303483 2.2513245 2.6142099 3.2660734 3.2672003 2.0124505 2.6726537 1.2185560 1.2185560 5.7356978 4.0946865 5.6832727 5.9922295 
Mertsp_Mesp_sb577307                                             0.0106177 0.0104811 0.0104811 0.0000000 0.0000010 0.0104811 0.1682101 0.3725467 0.3839017 0.3884742 0.3839017 0.3839017 0.3839017 0.3839017 0.5779825 0.5779825 0.5779825 0.6591304 0.6723879 0.6860724 0.7092710 0.8043479 0.8149376 0.7035525 0.9873388 4.1273513 4.1273513 2.7597307 2.7402733 1.1595340 2.8195483 2.8139838 1.1091975 2.7990653 2.2022392 0.0000010 0.7397449 2.5388954 2.6969923 0.9162596 2.2286933 2.3273074 1.0796413 2.6660007 2.2092664 3.0112213 2.2292010 2.4544947 2.0379273 2.3920965 2.7547567 2.6273869 2.5274151 2.7970875 2.7515254 2.8361190 3.1332288 1.2638390 2.5565087 2.9853355 3.3510644 2.3727713 2.8944619 0.0000010 2.7962363 2.8773417 3.4882075 2.9091854 2.8558963 2.6883039 3.1831511 2.9743346 4.1588364 0.0000010 0.0000010 3.1342067 5.4874816 2.9948210 3.0993663 2.2883703 2.7907836 3.8903773 3.1809428 1.7853480 2.9461041 9.0000000 9.0000000 5.4431496 4.0603840 5.5642926 0.0000010 
Mertsp_Mesp_sb577306                                             0.0105609 0.0169349 0.0080028 0.0000010 0.0000000 0.0234653 0.3381919 0.7334092 0.6819024 0.3890502 0.7817868 0.4567024 0.4275830 0.7817868 1.0337378 1.0337378 1.0337378 0.9903508 1.0021195 0.6790876 1.2233592 1.0847635 1.3928064 1.1000030 1.2386121 4.1273513 4.1273513 3.1868946 3.2765228 2.7036481 3.2761989 3.2715170 2.6791125 2.9319510 2.2632490 2.6863232 2.5538697 3.0859379 3.1907476 0.8458259 2.9212853 3.1458598 1.2764020 2.2582687 3.0988416 3.3363827 2.8709405 2.9329596 2.8581182 3.1474194 3.0042847 3.0721040 2.2244575 3.6459103 3.2450720 3.2285211 3.3988814 2.3226645 3.2466814 3.4814000 3.3542915 2.9760989 3.0451945 3.7266693 2.7454361 2.8399526 3.6763523 3.7675427 3.2488772 3.4574072 3.6106058 3.4522832 4.1032835 0.0000010 0.0000010 3.6637300 6.8651372 3.5279362 3.0993663 2.2883703 3.4885742 3.6822412 3.2883226 2.5488434 3.3965842 3.9641963 3.9641963 5.7143424 4.0603840 5.6027044 0.0000010 
Bolinf_Binf_sb1263461                                            0.0000010 0.0140425 0.0140425 0.0104811 0.0234653 0.0000000 0.1605280 0.3452809 0.3717696 0.3720461 0.3717696 0.3717696 0.3717696 0.3717696 0.5577601 0.5577601 0.5577601 0.6178730 0.6289403 0.6668563 0.6381472 0.7381872 0.7188908 0.6364814 0.9250738 4.0611185 4.0611185 2.3743573 2.3580917 1.0390325 2.4157325 2.4112891 1.0455345 2.4425496 1.9136545 0.0000010 0.8717760 2.2492456 2.3511672 0.9302888 1.9810998 2.0915745 1.2764020 2.3174357 2.0014053 2.4290445 2.0169112 2.2285218 1.8226977 2.0970904 2.4050787 2.3371477 2.2383278 2.5085168 2.3855319 2.5684502 2.6491841 1.1778642 2.2313746 2.5449917 2.8541947 2.0712851 2.4281690 0.0000010 2.3331109 2.4407987 2.9129770 1.2440462 2.4201140 2.4037453 2.7458018 2.4787488 3.1615067 0.0000010 0.0000010 2.7403590 6.3825358 2.6572726 3.1303483 2.2513245 2.2762807 3.1345647 3.2672003 0.9710269 2.1720662 6.6130148 6.6130148 5.7356978 4.0946865 5.6832727 0.0000010 
Vmul_sbMO398982                                                  0.1411812 0.3495876 0.1977198 0.1682101 0.3381919 0.1605280 0.0000000 0.3425111 0.4114497 0.1980455 0.4496706 0.3265148 0.2801472 0.4731060 0.5189569 0.5438877 0.5102037 0.5154478 0.5357818 0.4210666 0.7588557 0.5847207 0.7522886 0.5487864 0.7534700 1.8715522 1.8715522 1.7782593 1.6627335 1.5723075 1.6674317 1.6674317 1.6205470 1.7019606 1.5100928 1.6393068 1.8186230 2.0122693 1.9407065 0.8447623 1.6583771 1.6384891 1.3869604 1.3795768 1.4288861 1.5783436 1.4436401 1.7452211 1.5972320 1.4728904 1.5709608 1.8498477 1.2105174 1.8161373 1.8762831 1.9507809 1.8509452 1.6276352 1.7154540 1.9738440 1.7335319 1.8215956 1.4869789 1.2031027 1.5328744 1.6186946 2.2219165 2.4320397 1.9226258 1.7723767 1.8789784 1.9415255 2.0240772 2.7723777 9.0000000 2.1168626 7.4756565 2.1458349 1.8880146 1.7668317 1.5602499 2.1426588 2.8884723 1.9856108 2.1925074 0.3542289 0.3581762 4.9207197 1.6771825 4.1530173 5.9922295 
Beraby_Baby_sb344136                                             0.3966200 0.6406637 0.3783882 0.3725467 0.7334092 0.3452809 0.3425111 0.0000000 0.5622797 0.3575335 0.6323346 0.4119919 0.3936333 0.5416372 0.6851300 0.6506194 0.7661635 0.7415104 0.7063103 0.5430052 0.9510662 0.8323786 0.9622986 0.8538276 1.0680163 3.3230798 3.3230798 2.3824915 2.2237506 1.9254539 2.2109192 2.2138817 1.8366898 3.1018300 2.0184930 2.4664041 1.9878028 2.5239206 2.2659440 0.9082215 2.4837615 2.5960486 1.4768249 2.1062389 2.6612724 2.5039303 2.6883232 2.4615948 2.2565220 2.5354979 2.2469882 2.6495658 2.2817521 2.7366370 2.5400646 2.7343386 2.2476970 2.1455669 2.4419273 2.5204794 2.4462320 2.2306823 2.4282925 3.8674783 2.3493561 2.2448526 2.5735589 2.5889192 2.5523848 2.7470420 2.5919051 2.5293992 2.8453352 1.9280661 2.8805999 2.5180634 3.4258929 3.0632756 2.7928783 2.1997903 2.6363994 2.8248728 3.6477098 2.8723887 2.6249078 2.3985499 2.7470323 4.2851620 3.9138411 4.7848471 2.9650162 
Drygla_Dgla_sb303674                                             0.3740697 0.6698798 0.4057408 0.3839017 0.6819024 0.3717696 0.4114497 0.5622797 0.0000000 0.0000010 0.0000010 0.0000010 0.0000010 0.0000010 0.7739260 0.7739260 0.7739260 0.8213744 0.8214732 0.6084468 1.0176218 0.9269427 1.1719928 0.9020669 1.2629584 3.9332094 3.9332094 2.8007491 2.5922662 1.7154396 2.6422642 2.6384071 1.5779099 2.5588804 2.0387352 1.8171001 2.0972312 2.9597656 2.9085478 0.7977992 2.6366737 2.6198663 1.1644953 2.2845958 2.5725570 3.1466559 2.5059126 2.9128318 2.6131795 2.7450068 2.6595978 2.8202898 2.0892692 3.3636699 2.7252616 3.1389361 2.6654055 1.9788728 3.0390502 2.7756390 2.6098451 2.4296028 2.9985439 1.1159887 3.2614589 2.5914845 3.2687766 3.8387174 3.0267346 3.7074072 3.1182609 3.0070678 3.3897738 0.0000010 0.0000010 2.9444994 8.9999983 3.2867350 3.0523435 2.6065550 3.3261985 3.2131054 3.0505724 2.2560548 3.3448611 1.3449029 1.3449029 5.4514625 4.4296436 6.2380327 0.0000010 
Drygla_Dgla_sb303680                                             0.3740697 0.3752237 0.3720461 0.3884742 0.3890502 0.3720461 0.1980455 0.3575335 0.0000010 0.0000000 0.0000010 0.0000010 0.0000010 0.0000010 0.4813208 0.4813208 0.4813208 0.4830591 0.4937462 0.6084468 0.6227567 0.6849503 0.7219497 0.5983801 1.0500645 3.9332094 3.9332094 2.6348906 2.4096339 0.8759094 2.5299435 2.5250203 0.8350669 2.5348043 1.8964175 6.0312555 0.6965706 2.5041975 2.4966344 0.8116558 2.3042443 2.3335928 1.1644953 2.5210094 2.2676461 3.0398306 2.2869546 2.3765092 2.0259213 2.3863243 2.6357714 2.6195256 2.3479866 2.6771054 2.4182140 2.5037444 2.5970331 1.2755942 2.5546511 2.6278414 2.7858420 2.0466881 2.6521193 2.8705460 2.7149111 2.5839426 2.9035066 1.5899723 2.5391762 2.8956987 2.8616107 2.6090476 3.4532992 0.0000010 0.0000010 2.7400127 6.8388194 2.8238455 3.0523435 2.6065550 2.9406678 3.2289507 3.0505724 1.1618183 2.5788797 9.0000000 9.0000000 5.2841061 4.4296436 6.7577721 0.0000010 
Drygla_Dgla_sb303668                                             0.3740697 0.6969889 0.4057408 0.3839017 0.7817868 0.3717696 0.4496706 0.6323346 0.0000010 0.0000010 0.0000000 0.0000010 0.0000010 0.0097553 0.7711057 0.7688719 0.8117244 0.8965828 0.8887444 0.6084468 1.0643412 0.9898990 1.1778395 0.9795927 1.2741754 3.9332094 3.9332094 2.4702031 2.3978557 1.8325926 2.4250367 2.4220727 1.8317515 2.8707256 2.0456201 1.7737425 1.9169515 2.4801834 2.4678229 0.7977992 2.4220657 2.4861935 1.1644953 2.2845958 2.4855923 2.6129222 2.3379239 2.4365201 2.2900445 2.4373410 2.2709926 2.5008823 2.3426040 2.8867870 2.4665259 2.6582398 2.3839452 2.0166941 2.6179584 2.3737955 2.3431388 2.2379746 2.5640096 4.4921732 2.4473156 2.3050078 2.6623978 2.9327502 2.3517166 3.0914679 2.4542394 2.6450172 2.6314391 1.0222493 1.7430118 2.5459217 3.0192519 2.9419299 3.0523435 2.5818165 2.8105832 2.8496799 3.0505724 2.6925062 2.4493945 2.1991948 3.1347249 4.8949344 4.4296436 5.6796062 2.7116867 
Drygla_Dgla_sb303676                                             0.3740697 0.4449248 0.4057408 0.3839017 0.4567024 0.3717696 0.3265148 0.4119919 0.0000010 0.0000010 0.0000010 0.0000000 0.0000010 0.0000010 0.5175093 0.5268358 0.5175093 0.6197541 0.6186248 0.6084468 0.6976624 0.7749633 0.8155398 0.6258402 1.0445781 4.0248402 4.0248402 2.5987827 2.4301652 1.4634908 2.4706762 2.4668274 1.2926302 2.5588804 2.0387352 3.6262443 1.3383778 2.5379085 2.5408515 0.7977992 2.3771323 2.3473906 1.1644953 2.2845958 2.2227673 2.7315405 2.2226437 2.5640624 2.0675225 2.3873810 2.4879084 2.6714932 2.0892692 2.8177956 2.3374722 2.6307824 2.5643956 1.7295135 2.6660698 2.7000195 2.5163897 2.1635565 2.6473805 0.0000010 2.6893587 2.4483760 2.8243458 2.2831752 2.3892516 2.9174337 2.9182856 2.5241925 3.1787781 3.6262443 0.0000010 2.7160232 7.8694337 2.8742509 3.0523435 2.6969839 2.8748957 3.2889145 3.0505724 2.2560548 2.5267619 2.9915975 1.2185560 5.4514625 4.4296436 6.2380327 9.0000000 
Drygla_Dgla_sb303677                                             0.3740697 0.4157899 0.4057408 0.3839017 0.4275830 0.3717696 0.2801472 0.3936333 0.0000010 0.0000010 0.0000010 0.0000010 0.0000000 0.0000010 0.4797778 0.4890080 0.4797778 0.5683931 0.5739235 0.6084468 0.6469899 0.7132619 0.7550973 0.5810609 0.9968883 4.0248402 4.0248402 2.4696156 2.3405401 1.3067718 2.3802539 2.3763911 1.1515964 2.4632129 1.9810065 3.6262443 1.1408389 2.4438687 2.4257798 0.7977992 2.2722495 2.2656398 1.1644953 2.2845958 2.2227673 2.7315405 2.2226437 2.4309685 1.9528917 2.2986219 2.4879084 2.5313958 2.0892692 2.6746412 2.2740558 2.5249579 2.4711398 1.5782651 2.5440881 2.6165854 2.4860922 2.0587900 2.6102176 0.0000010 2.5925415 2.4483760 2.6871660 2.2831752 2.2807576 2.8101310 2.8275082 2.4471954 3.0480158 3.6262443 0.0000010 2.6141643 7.8694337 2.7313444 3.0523435 2.6969839 2.7613178 3.1340585 3.0505724 2.0377901 2.3745707 2.9915975 1.2185560 5.4514625 4.4296436 6.2380327 9.0000000 
Drygla_Dgla_sb303664                                             0.3930293 0.6767345 0.4210231 0.3839017 0.7817868 0.3717696 0.4731060 0.5416372 0.0000010 0.0000010 0.0097553 0.0000010 0.0000010 0.0000000 0.7489515 0.7032508 0.8260375 0.8255799 0.8166641 0.6084468 1.0402717 0.8988740 1.0642780 0.9067407 1.2072068 4.0248402 4.0248402 2.3395711 2.2814149 1.7886585 2.3055499 2.3030244 1.7431865 3.0453146 2.0547896 2.0779465 2.0334184 2.4932193 2.4268339 0.7977992 2.3498567 2.4167501 1.1644953 2.2845958 2.6690753 2.4163734 2.5279172 2.4418782 2.2641826 2.3445385 2.1548924 2.4635453 2.3426040 2.7932092 2.4191038 2.6631303 2.3314736 1.9732562 2.4608988 2.3447821 2.4009461 2.3021657 2.4270856 4.4921732 2.3291783 2.2514199 2.6318195 2.6301574 2.3031725 2.9302526 2.4680808 2.5705039 2.7113608 1.6784380 2.9733554 2.6207509 3.1677013 3.0377121 3.0523435 2.6610947 2.6232755 2.8290169 3.0505724 3.0725137 2.5316324 2.3044513 3.1347249 4.8949344 4.4296436 5.6796062 1.6788407 
Bolinf_Binf_sb1241994                                            0.5881521 0.8748101 0.5820267 0.5779825 1.0337378 0.5577601 0.5189569 0.6851300 0.7739260 0.4813208 0.7711057 0.5175093 0.4797778 0.7489515 0.0000000 0.0000010 0.0000010 0.6896153 0.6582538 0.6844929 0.9219301 0.8635633 0.9578217 0.7569782 1.1419417 3.0586494 3.0586494 2.3036021 2.2038400 1.9301083 2.1962189 2.2133839 1.8383335 2.6278968 1.9396406 1.5881006 1.9269720 2.4922089 2.4000359 0.7673859 2.1932006 2.2338013 1.1501508 1.9662477 2.2998901 2.4601176 2.1831264 2.2305031 2.1291222 2.2667172 1.9275096 2.2410557 2.0038458 2.6441878 2.2306462 2.2401258 2.3108989 1.8709761 2.3009316 2.4292557 2.2022426 2.0750009 2.1496535 3.0512927 2.2404924 1.9264768 2.2672092 2.4419188 2.3612754 2.5522330 2.4494030 2.4083336 2.5143602 1.0704986 3.3217364 2.4741131 2.8400269 2.6069829 2.7456516 1.8659284 2.5370263 2.5857656 3.0175418 2.1735151 2.4799690 1.4811550 1.5957764 3.9276374 3.9110348 4.5060217 0.8211368 
Mertsp_Mesp_sb578243                                             0.6120675 0.8843698 0.6004815 0.5779825 1.0337378 0.5577601 0.5438877 0.6506194 0.7739260 0.4813208 0.7688719 0.5268358 0.4890080 0.7032508 0.0000010 0.0000000 0.0052679 0.6465270 0.6233379 0.6844929 0.9662744 0.7862228 0.8609181 0.6879488 1.0188857 2.9788373 2.9788373 2.3643588 2.2654282 2.0739176 2.2679900 2.2822809 1.9798491 2.9501790 1.9497723 2.0824003 2.0759393 2.5281080 2.4081625 0.7673859 2.3267401 2.3809761 1.1501508 1.9662477 2.7225878 2.5942662 2.6682227 2.3702433 2.2551013 2.2952235 1.9583680 2.2807545 2.0038458 2.6624563 2.3577976 2.3953520 2.3947626 2.0729205 2.4001914 2.5015779 2.3919189 2.2003424 2.2230416 3.0512927 2.2051717 2.0451587 2.4170302 2.5331928 2.4007291 2.6083255 2.5193814 2.5028550 2.5762137 1.8533372 3.2408839 2.6050835 2.9819865 2.7344672 2.7456516 1.8178535 2.6849999 2.6310022 3.0175418 2.5643945 2.6107836 1.8042296 1.5957764 3.9276374 3.9110348 4.5060217 3.1401153 
Mertsp_Mesp_sb578247                                             0.5786879 0.9390512 0.5747527 0.5779825 1.0337378 0.5577601 0.5102037 0.7661635 0.7739260 0.4813208 0.8117244 0.5175093 0.4797778 0.8260375 0.0000010 0.0052679 0.0000000 0.7667446 0.7316629 0.6844929 1.0421123 0.9680343 1.1047250 0.8642261 1.3351025 3.0586494 3.0586494 2.6866065 2.5663406 2.4104041 2.5547647 2.5780065 2.3044099 2.5357577 1.9306497 1.8880430 2.1499268 2.7174214 2.6549349 0.7673859 2.4903811 2.5371165 1.1501508 1.9662477 2.6066739 2.8757516 2.4592294 2.5508206 2.3494514 2.5734704 2.1702972 2.5213604 2.0038458 2.9945001 2.4788266 2.4710304 2.7224134 2.1197942 2.6771493 2.7192051 2.5330356 2.2501847 2.5687413 3.0512927 2.5869615 2.1395512 2.6179467 3.0837166 2.6988478 3.0021219 2.8291557 2.6959570 2.9438135 1.8839723 8.9999986 2.8196175 3.8560924 2.9673172 2.7456516 1.8255813 2.8717015 2.9738768 3.0175418 2.1735151 2.9612951 1.4582174 1.5957764 4.0817266 3.9110348 4.5394357 5.9922295 
Pbac_sb2659188                                                   0.7012463 0.8936184 0.6553176 0.6591304 0.9903508 0.6178730 0.5154478 0.7415104 0.8213744 0.4830591 0.8965828 0.6197541 0.5683931 0.8255799 0.6896153 0.6465270 0.7667446 0.0000000 0.0454729 0.6253438 0.9411778 0.8521414 0.9201795 0.8137582 1.0581660 3.4152715 3.4152715 2.2466225 2.1213657 1.8517602 2.2107234 2.2241219 1.8644835 2.9651174 1.8450345 2.2001399 1.9727730 2.3293087 2.2873125 0.6844618 2.2715889 2.3061668 0.9984199 1.8829299 2.7456483 2.5451443 2.6077225 2.2448883 2.0504121 2.2230086 2.1301196 2.2639816 2.0750761 2.4948893 2.2928835 2.2818883 2.2201447 1.9643827 2.2496590 2.3421548 2.3025546 2.0707434 2.2202239 2.8431753 2.2171624 2.1004924 2.4042955 2.3845084 2.2818588 2.4754037 2.5004155 2.5311818 2.6028658 1.7153852 2.3926888 2.6435063 3.2446949 2.9034404 3.1645634 2.1579066 2.5510495 2.6501521 2.6694615 2.5431716 2.6629476 2.2601325 2.4029075 3.9427629 3.4721896 4.6066414 2.8445301 
Horcal_Hcv1.av93.c6.g963.i1                                      0.7151697 0.9155760 0.6678770 0.6723879 1.0021195 0.6289403 0.5357818 0.7063103 0.8214732 0.4937462 0.8887444 0.6186248 0.5739235 0.8166641 0.6582538 0.6233379 0.7316629 0.0454729 0.0000000 0.6389131 0.9390313 0.8428467 0.9178656 0.7970415 1.0323503 3.4284298 3.4284298 2.2228754 2.1242475 1.8452318 2.2129538 2.2263578 1.8978357 3.0006073 1.8312528 2.1390701 1.9510288 2.2825550 2.2522347 0.6844618 2.2587145 2.2741295 0.9984199 1.8891674 2.7954191 2.5863025 2.6471038 2.2054505 2.0387198 2.2664122 2.1111907 2.2751323 2.1026826 2.5198123 2.2512008 2.2783870 2.1755255 1.9395115 2.1927148 2.3958521 2.2692308 2.0962450 2.2037702 2.8804689 2.1300856 2.0978573 2.3175244 2.2653522 2.2609238 2.4433108 2.5392441 2.4465574 2.5361026 1.6713346 2.3926888 2.5776658 3.1083304 2.8407093 3.1645634 2.1579066 2.4586417 2.6738187 2.6694615 2.5010167 2.6429885 2.2879330 2.4533659 3.9616173 3.4888600 4.6255864 2.7982093 
Coeast_Cast_sb774495                                             0.6737029 0.6668563 0.6668563 0.6860724 0.6790876 0.6668563 0.4210666 0.5430052 0.6084468 0.6084468 0.6084468 0.6084468 0.6084468 0.6084468 0.6844929 0.6844929 0.6844929 0.6253438 0.6389131 0.0000000 0.0000010 0.3320138 0.2326617 0.4837611 0.7846075 2.9568343 2.9568343 2.3274328 2.1751284 0.8749704 2.2097824 2.2499036 0.8890496 2.0621114 1.6772790 0.0000010 0.5113671 1.9465741 1.9069762 0.5559746 2.0067042 2.1342839 0.7362133 2.3368223 2.0496339 2.8621106 2.0696101 2.1311647 1.9062782 2.0269250 2.3090386 2.5160633 1.9972925 2.4499538 2.5546367 2.1543036 2.7747596 1.2728592 2.1634874 2.5448066 2.4614281 1.9089057 2.4505806 0.0000010 2.3446934 2.4975887 2.9342097 0.0000010 2.4386118 2.5523673 2.8085155 2.4702695 3.0945086 0.0000010 0.0000010 2.4947360 6.6321819 2.4192383 2.4150847 1.9799682 2.9046488 3.1673031 3.4377840 2.6324254 3.0914304 9.0000000 9.0000000 4.5190918 3.2356993 4.0261346 0.0000010 
Coeast_Cast_sb774493                                             0.7369005 1.0348517 0.6981640 0.7092710 1.2233592 0.6381472 0.7588557 0.9510662 1.0176218 0.6227567 1.0643412 0.6976624 0.6469899 1.0402717 0.9219301 0.9662744 1.0421123 0.9411778 0.9390313 0.0000010 0.0000000 0.5624848 0.2308717 0.7977893 1.1361999 2.9568343 2.9568343 2.3579067 2.1349735 1.9890355 2.1840239 2.2065075 1.9404619 2.9362118 1.7752154 2.1848589 2.2360252 2.3165026 2.1997100 0.7245175 2.5098541 2.5698016 1.0084141 1.9334073 2.5531189 2.7027702 2.5191506 2.2847175 2.1708541 2.4931027 2.1658912 2.5570250 1.9091328 2.6737510 2.5699184 2.6738885 2.1853990 2.1958427 2.5178794 2.3605766 2.2562401 2.1055133 2.4188241 3.2258298 2.3067569 2.1466926 2.5409105 2.4375092 2.3916315 2.7810628 2.6132622 2.7583053 2.7479546 2.2816709 7.0661129 2.6512578 3.5631396 2.8004403 2.4150847 1.9017192 2.6768078 2.6182856 3.4107519 2.5342287 2.7520784 1.5877470 2.0925694 4.1659893 3.2356993 3.7381530 3.7446851 
Vmul_sbMO435411                                                  0.8509244 1.0107386 0.8020468 0.8043479 1.0847635 0.7381872 0.5847207 0.8323786 0.9269427 0.6849503 0.9898990 0.7749633 0.7132619 0.8988740 0.8635633 0.7862228 0.9680343 0.8521414 0.8428467 0.3320138 0.5624848 0.0000000 0.5425390 0.7369459 0.9952603 3.0917045 3.0917045 2.3357117 2.2705846 1.9700794 2.2752849 2.2783211 1.8145034 3.2818558 1.8557782 1.8747315 1.9709560 2.3676876 2.2110962 0.7442502 2.4527829 2.5444865 1.0526881 1.9804870 2.8068762 2.4839432 2.6267611 2.2378082 2.0106297 2.2047361 2.0824491 2.2609545 1.9430272 2.5037102 2.5328957 2.5272824 2.2863982 2.0254869 2.2941093 2.2046536 2.3880259 2.0013137 2.1758198 4.0143637 2.1311539 1.9508676 2.3132500 2.0482336 2.2690647 2.3923151 2.4095217 2.4173024 2.3415237 1.7379419 2.7320169 2.2111244 2.4583701 2.2936534 2.5205614 2.2686850 2.6405602 2.6097597 3.6369692 2.6797420 2.6012457 2.4403850 2.9827240 4.1836915 3.5989041 4.4556550 3.1206339 
Coemet_Cmet_scaffold14396_01                                     0.8601894 1.1256598 0.7800565 0.8149376 1.3928064 0.7188908 0.7522886 0.9622986 1.1719928 0.7219497 1.1778395 0.8155398 0.7550973 1.0642780 0.9578217 0.8609181 1.1047250 0.9201795 0.9178656 0.2326617 0.2308717 0.5425390 0.0000000 0.7810641 1.0901483 2.5800797 2.5800797 2.1489260 2.0229307 1.8637505 1.9859576 2.0024159 1.8352681 2.7025581 1.7819792 1.8247337 2.0003078 2.0759244 1.9552155 0.7556637 2.1879813 2.2073901 1.0284768 1.5323939 2.6342299 2.3228312 2.4998580 1.9562114 2.0625492 2.1904098 1.9530041 2.3075092 1.7418595 2.2926058 2.2240493 2.2516272 1.9620278 1.9597891 2.1668549 1.9739061 1.9650750 1.9779260 1.8608984 3.3108877 1.9308195 1.7482673 2.1560429 2.1574982 2.0153591 2.2461324 2.1585886 2.4211954 2.3427130 1.6953775 2.6573180 2.2669869 2.7662014 2.3094647 1.9932999 1.7341200 2.4291747 2.3019682 3.3119264 2.3875143 2.4170854 1.9866928 1.9914416 3.4423531 2.9653453 4.0223025 3.3458372 
Lampan_Lpan_C418125_01                                           0.7423722 0.9609442 0.6739716 0.7035525 1.1000030 0.6364814 0.5487864 0.8538276 0.9020669 0.5983801 0.9795927 0.6258402 0.5810609 0.9067407 0.7569782 0.6879488 0.8642261 0.8137582 0.7970415 0.4837611 0.7977893 0.7369459 0.7810641 0.0000000 1.0133997 3.2646820 3.2646820 2.5465491 2.4513842 2.2033842 2.4240541 2.4227413 2.1307472 2.8187959 1.8187380 2.1126930 2.1991889 2.4231525 2.3173083 0.7465359 2.3556407 2.3862771 1.0990016 1.8691051 2.5019245 2.3011755 2.3754362 2.4461549 2.2427853 2.4010341 2.3107354 2.5577223 2.0607289 2.7828200 2.5383299 2.6132525 2.3838630 2.1258189 2.5241303 2.3762044 2.4545488 2.2601227 2.1700728 3.3798634 2.2203656 2.3214968 2.4996400 2.3144542 2.4669384 2.6571209 2.5229798 2.4160320 2.4122535 1.5696367 2.6715398 2.5574346 2.9992300 2.6468650 2.6493188 2.0037507 2.5110900 2.5585652 3.2752396 2.5016599 2.6906444 2.2382689 2.2957144 3.5638298 2.9893687 4.0821130 3.4629614 
Eupdun_Edun_sb10644558                                           1.0509454 1.0805092 0.9158259 0.9873388 1.2386121 0.9250738 0.7534700 1.0680163 1.2629584 1.0500645 1.2741754 1.0445781 0.9968883 1.2072068 1.1419417 1.0188857 1.3351025 1.0581660 1.0323503 0.7846075 1.1361999 0.9952603 1.0901483 1.0133997 0.0000000 3.6394300 3.6394300 2.1552691 2.2108049 1.8212967 2.2075622 2.2012084 1.7989644 2.8604585 1.7868775 1.8667128 1.7526601 2.1560436 2.1219448 0.7071848 2.2709294 2.3494467 1.0618899 1.8351959 2.5822146 2.2853348 2.4028082 2.1352763 2.0560933 2.1006156 2.0245969 2.2529844 2.0017313 2.2276032 2.4455834 2.3057533 2.2319081 1.7665342 2.1186551 2.3481867 2.4160584 2.2444752 2.1788324 3.2043288 1.8437587 2.1658810 2.3613820 1.9917350 2.0565076 2.3337706 2.5646377 2.4468777 2.5816640 1.7050064 2.6601419 2.6500325 3.2588604 3.0553910 2.7696221 2.2556975 2.4571464 2.5219948 3.3690109 2.3388070 2.4547135 1.8249890 2.1383528 3.5386619 3.4027539 4.2620175 2.7945245 
TrH2_TrispH2_005407-RA                                           4.0611185 4.0611185 4.0611185 4.1273513 4.1273513 4.0611185 1.8715522 3.3230798 3.9332094 3.9332094 3.9332094 4.0248402 4.0248402 4.0248402 3.0586494 2.9788373 3.0586494 3.4152715 3.4284298 2.9568343 2.9568343 3.0917045 2.5800797 3.2646820 3.6394300 0.0000000 0.0000010 0.2433072 0.3101275 0.0000010 0.2571020 0.2562590 0.0000010 2.8391472 2.3675556 0.0000010 0.0000010 2.3481070 2.3694106 0.0000010 2.4292668 2.6878709 0.0000010 3.1449307 2.1268966 2.2104583 2.1301059 2.0171320 2.1955752 2.0490605 2.5593234 2.2403614 2.3294240 2.2871697 3.0518204 2.2531384 2.3081541 1.1376002 2.7818859 1.5768940 2.1211579 1.8350314 2.4465823 0.0000010 2.3132862 2.8488234 3.2300818 0.0000010 2.8596352 2.6281647 2.8841868 2.9750385 2.3925447 0.0000010 0.0000010 2.2555246 6.1597801 2.4221266 2.1434543 1.8513297 2.4135953 3.0363049 3.6045514 7.6762156 6.9545619 0.0000010 0.0000010 3.8116045 4.3027189 4.2428469 0.0000010 
Tadh_TriadT57385                                                 4.0611185 4.0611185 4.0611185 4.1273513 4.1273513 4.0611185 1.8715522 3.3230798 3.9332094 3.9332094 3.9332094 4.0248402 4.0248402 4.0248402 3.0586494 2.9788373 3.0586494 3.4152715 3.4284298 2.9568343 2.9568343 3.0917045 2.5800797 3.2646820 3.6394300 0.0000010 0.0000000 0.2433072 0.3101275 0.0000010 0.2571020 0.2562590 0.0000010 2.8391472 2.3675556 0.0000010 0.0000010 2.3481070 2.3694106 0.0000010 2.4292668 2.6878709 0.0000010 3.1449307 2.1268966 2.2104583 2.1301059 2.0171320 2.1955752 2.0490605 2.5593234 2.2403614 2.3294240 2.2871697 3.0518204 2.2531384 2.3081541 1.1376002 2.7818859 1.5768940 2.1211579 1.8350314 2.4465823 0.0000010 2.3132862 2.8488234 3.2300818 0.0000010 2.8596352 2.6281647 2.8841868 2.9750385 2.3925447 0.0000010 0.0000010 2.2555246 6.1597801 2.4221266 2.1434543 1.8513297 2.4135953 3.0363049 3.6045514 7.6762156 6.9545619 0.0000010 0.0000010 3.8116045 4.3027189 4.2428469 0.0000010 
HoiH11_mRNA7061                                                  2.8776994 2.5034060 2.5311245 2.7597307 3.1868946 2.3743573 1.7782593 2.3824915 2.8007491 2.6348906 2.4702031 2.5987827 2.4696156 2.3395711 2.3036021 2.3643588 2.6866065 2.2466225 2.2228754 2.3274328 2.3579067 2.3357117 2.1489260 2.5465491 2.1552691 0.2433072 0.2433072 0.0000000 0.2476311 0.2375580 0.2126358 0.2198122 0.4013152 2.3468790 1.5075535 1.3040487 1.4341668 1.5840237 1.6086068 0.4192978 1.5643993 1.6594147 0.6381707 1.4787260 1.8274674 1.6117208 1.7288605 1.4463691 1.4632170 1.5457784 1.6155313 1.5955239 1.4511283 1.6427356 1.7582209 1.6382251 1.6195153 1.3359235 1.6827154 1.4698482 1.6137839 1.6589729 1.6215928 2.8257388 1.3978783 1.6387948 1.7599373 1.5627377 1.4390473 1.7091812 1.7744935 1.6294612 1.9989511 1.4193077 1.7600057 2.0077031 2.5643397 2.1875230 1.6305923 1.7071559 1.8228380 1.8772762 1.9995734 2.1868052 1.8135302 1.3607045 1.5636488 2.9754343 3.8671429 3.2710369 1.7856260 
HoiH23_PlH23_001344-RA                                           2.8581316 2.6074432 2.4971740 2.7402733 3.2765228 2.3580917 1.6627335 2.2237506 2.5922662 2.4096339 2.3978557 2.4301652 2.3405401 2.2814149 2.2038400 2.2654282 2.5663406 2.1213657 2.1242475 2.1751284 2.1349735 2.2705846 2.0229307 2.4513842 2.2108049 0.3101275 0.3101275 0.2476311 0.0000000 0.0424546 0.1111211 0.1174765 0.3879672 2.5570772 1.5353844 1.4348044 1.4547231 1.7082951 1.6774019 0.4401432 1.6249188 1.7407895 0.6770276 1.5868223 1.9211777 1.7040087 1.8571370 1.4859825 1.4869173 1.6047560 1.6478032 1.6650900 1.4640183 1.6199659 1.8020849 1.7397604 1.7177038 1.3882309 1.6843236 1.5685919 1.6482174 1.6693611 1.6241720 2.9041037 1.4379258 1.6912438 1.7604093 1.5142152 1.5104472 1.7420157 1.8125294 1.6451710 2.1318351 1.5341138 1.8320183 1.9740830 2.7327713 2.1694146 1.5435979 1.7321291 1.8984691 1.9884203 2.0508706 1.9962241 1.8929593 1.4116774 1.5483127 3.5088669 4.1058440 3.5402260 1.9475840 
HoiH06_mRNA7074                                                  1.3102627 2.0520752 1.4599892 1.1595340 2.7036481 1.0390325 1.5723075 1.9254539 1.7154396 0.8759094 1.8325926 1.4634908 1.3067718 1.7886585 1.9301083 2.0739176 2.4104041 1.8517602 1.8452318 0.8749704 1.9890355 1.9700794 1.8637505 2.2033842 1.8212967 0.0000010 0.0000010 0.2375580 0.0424546 0.0000000 0.0902558 0.0990086 0.3902467 2.4353776 1.0046238 1.3920269 1.4549472 1.5050036 1.4058068 0.4401432 1.3913734 1.4635890 0.6886302 0.5039433 1.8357449 1.5179609 1.7713792 1.3303177 1.2336527 1.4558385 1.3933932 1.4864320 0.7934307 1.4189766 1.4905412 1.5070985 1.5151547 1.4345081 1.3970860 1.4525870 1.4542660 1.6492058 1.4472021 3.2652345 1.1358484 1.2895863 1.4201703 1.4895434 1.1993870 1.4820089 1.4390154 1.2974373 2.0623721 1.4610214 1.7317621 1.8510029 2.4838575 2.1272754 0.6318633 1.7535175 1.6188854 1.7088156 0.8673625 1.9121145 1.5480939 1.4325969 1.6439096 1.9118283 0.0000010 2.7420641 1.8406103 
Hhon_g05067.t1                                                   2.9418840 2.5899822 2.5596796 2.8195483 3.2761989 2.4157325 1.6674317 2.2109192 2.6422642 2.5299435 2.4250367 2.4706762 2.3802539 2.3055499 2.1962189 2.2679900 2.5547647 2.2107234 2.2129538 2.2097824 2.1840239 2.2752849 1.9859576 2.4240541 2.2075622 0.2571020 0.2571020 0.2126358 0.1111211 0.0902558 0.0000000 0.0073904 0.3773701 2.4161903 1.4674557 1.3173929 1.3876457 1.6404253 1.5589130 0.4401432 1.5776798 1.6886746 0.6886302 1.5437343 1.8607425 1.6387906 1.7973970 1.4431929 1.4787766 1.6027900 1.6493315 1.6458315 1.4472735 1.5701614 1.7831778 1.6620200 1.6898038 1.3390931 1.6448915 1.5062962 1.6334601 1.6603412 1.5834076 3.8273309 1.4151586 1.6733961 1.7484160 1.4958593 1.4611795 1.7412991 1.8057805 1.6106347 2.1279018 1.4697438 1.7958978 1.8829001 2.7245903 2.1278414 1.6534150 1.7275432 1.8569570 1.9196241 2.0354330 1.9999771 1.8013483 1.3767275 1.5702860 3.2324444 4.0057900 3.3218899 1.7530937 
HoiH04_mRNA17698                                                 2.9361671 2.5986802 2.5545693 2.8139838 3.2715170 2.4112891 1.6674317 2.2138817 2.6384071 2.5250203 2.4220727 2.4668274 2.3763911 2.3030244 2.2133839 2.2822809 2.5780065 2.2241219 2.2263578 2.2499036 2.2065075 2.2783211 2.0024159 2.4227413 2.2012084 0.2562590 0.2562590 0.2198122 0.1174765 0.0990086 0.0073904 0.0000000 0.3776506 2.4287746 1.4823112 1.3238768 1.3822801 1.6455950 1.5668781 0.4401432 1.5912339 1.7031270 0.6886302 1.5652228 1.8813176 1.6503972 1.8071590 1.4511687 1.4642014 1.5937002 1.6567673 1.6314708 1.4410193 1.5810614 1.7615642 1.6715050 1.6831228 1.3435084 1.6529894 1.5043377 1.6273240 1.6501227 1.5833088 3.8061552 1.4292353 1.6666845 1.7460336 1.4896502 1.4686262 1.7475563 1.8162497 1.6152378 2.1263005 1.4696425 1.7958978 1.8825539 2.7288915 2.1240015 1.6450144 1.7751586 1.8550646 1.9304427 2.0354330 1.9954198 1.7941180 1.3417169 1.5055018 3.2019420 4.1542337 3.4215779 1.7258743 
Tadh_TriadT57384                                                 1.2922503 2.0160425 1.4243489 1.1091975 2.6791125 1.0455345 1.6205470 1.8366898 1.5779099 0.8350669 1.8317515 1.2926302 1.1515964 1.7431865 1.8383335 1.9798491 2.3044099 1.8644835 1.8978357 0.8890496 1.9404619 1.8145034 1.8352681 2.1307472 1.7989644 0.0000010 0.0000010 0.4013152 0.3879672 0.3902467 0.3773701 0.3776506 0.0000000 2.3903921 1.0116335 1.4196869 1.4917379 1.4645825 1.4539929 0.4006063 1.3763370 1.4100981 0.6158161 0.4876241 1.9620637 1.4556500 1.7296505 1.2035483 1.3280283 1.5269770 1.3911554 1.4785865 0.9262734 1.5162034 1.4922171 1.4625403 1.4689070 1.3726012 1.5089519 1.5314047 1.6332075 1.7229153 1.4147386 3.3649483 1.2391627 1.2877036 1.4045980 1.6039428 1.2418432 1.5330680 1.4580663 1.3030243 2.1833463 1.4619494 1.7870294 1.8537977 2.2194252 1.9616834 0.6625512 1.6910375 1.4917825 1.4541838 0.7003440 1.6563577 1.6248968 1.3038017 1.6551414 1.8893256 0.0000010 2.6096333 2.0387312 
Lcom_lcpid61248                                                  2.8865544 3.0153540 2.6054711 2.7990653 2.9319510 2.4425496 1.7019606 3.1018300 2.5588804 2.5348043 2.8707256 2.5588804 2.4632129 3.0453146 2.6278968 2.9501790 2.5357577 2.9651174 3.0006073 2.0621114 2.9362118 3.2818558 2.7025581 2.8187959 2.8604585 2.8391472 2.8391472 2.3468790 2.5570772 2.4353776 2.4161903 2.4287746 2.3903921 0.0000000 0.7522474 7.2315576 1.1018421 0.6762140 0.6755283 0.3240596 2.0527975 2.2129199 0.4143435 1.0984588 1.9234202 2.2557100 1.7307427 1.9988035 2.1759588 2.1010375 2.1448922 2.1674738 1.2270180 2.0868119 2.1096879 2.0274171 2.3990154 1.9385792 2.1101520 2.1816739 2.2426441 1.6533519 2.2327258 9.0000000 2.2001470 1.9302399 2.3604257 3.2621533 2.2755682 2.3752276 2.6993198 2.0920638 3.3010184 8.8867083 8.9999983 2.7639410 8.9999987 2.6042501 1.8670793 1.8813281 2.7348090 2.8130800 2.3493596 2.4128339 2.8004925 5.0645033 4.8570464 3.2953596 3.0475479 0.9393824 8.9999988 
Clacor_Ccor_scaffold14163_01                                     2.2639451 2.2476257 2.1475920 2.2022392 2.2632490 1.9136545 1.5100928 2.0184930 2.0387352 1.8964175 2.0456201 2.0387352 1.9810065 2.0547896 1.9396406 1.9497723 1.9306497 1.8450345 1.8312528 1.6772790 1.7752154 1.8557782 1.7819792 1.8187380 1.7868775 2.3675556 2.3675556 1.5075535 1.5353844 1.0046238 1.4674557 1.4823112 1.0116335 0.7522474 0.0000000 1.7008125 0.6999424 0.7454702 0.8373365 0.4377806 1.5155253 1.5103666 0.6257621 1.0002278 1.4048310 1.6911071 1.3891286 1.3489649 1.3088640 1.3665561 1.4653585 1.5032864 1.0844017 1.1822231 1.4381481 1.3528390 1.4900392 0.9539377 1.1632617 1.2439745 1.5460016 1.2969966 1.3960916 0.0000010 1.3075622 1.2613683 1.5933309 1.2879914 1.1820930 1.3700051 1.6376922 1.4240336 1.8828228 2.6525087 9.0000000 1.9574553 6.7690057 1.8706584 1.6996339 1.4979690 2.0171390 1.9986990 2.1626293 1.4272829 1.7781323 1.0118214 0.3581762 4.1645546 3.0068964 2.2939222 2.3186473 
Lcom_lcpid125569                                                 6.4321625 1.7603921 6.4321625 0.0000010 2.6863232 0.0000010 1.6393068 2.4664041 1.8171001 6.0312555 1.7737425 3.6262443 3.6262443 2.0779465 1.5881006 2.0824003 1.8880430 2.2001399 2.1390701 0.0000010 2.1848589 1.8747315 1.8247337 2.1126930 1.8667128 0.0000010 0.0000010 1.3040487 1.4348044 1.3920269 1.3173929 1.3238768 1.4196869 7.2315576 1.7008125 0.0000000 0.2579532 0.3366706 0.3141506 0.0000010 1.1382095 1.0844465 0.0000010 0.0000010 2.0931661 1.2210596 1.8555969 0.7788406 1.1254531 1.1353694 1.1094131 1.2307988 8.7724693 1.1123897 1.2843642 1.1783772 1.5681237 1.1275297 1.1965876 1.1176091 1.2841681 1.1327956 1.1407527 2.9752979 1.0302892 1.2173245 0.9764241 1.0060210 1.0051625 1.2545054 1.1784485 1.2297374 1.8433431 1.3064042 1.5204935 1.7086130 1.8994119 2.0428796 0.0000010 1.0765539 1.2434379 1.4541439 0.0000010 2.9533486 1.4933329 1.5276308 2.1648945 2.1762430 0.0000010 0.9284817 1.7549934 
Scil_scict022564.1                                               0.9056393 2.0450258 1.4288159 0.7397449 2.5538697 0.8717760 1.8186230 1.9878028 2.0972312 0.6965706 1.9169515 1.3383778 1.1408389 2.0334184 1.9269720 2.0759393 2.1499268 1.9727730 1.9510288 0.5113671 2.2360252 1.9709560 2.0003078 2.1991889 1.7526601 0.0000010 0.0000010 1.4341668 1.4547231 1.4549472 1.3876457 1.3822801 1.4917379 1.1018421 0.6999424 0.2579532 0.0000000 0.3102561 0.3031066 0.3128058 1.2310234 1.2149390 0.4459866 0.3655481 1.7678511 1.3919215 1.6047202 1.1500735 1.3110105 1.3135970 1.1992939 1.3213726 0.6488770 1.3751254 1.4122758 1.2498442 1.2896083 1.3824723 1.4132877 1.0820505 1.2492412 1.3727946 1.3689913 2.6535017 1.1196861 1.0892937 1.2766193 1.2076921 1.1515296 1.3496313 1.3720205 1.3026565 2.0345589 1.1833560 1.2750253 1.6916875 2.1818911 1.9386650 0.6722432 1.2407315 1.4704994 1.2616057 1.0254630 1.6960222 1.5241543 1.2791012 1.6205592 2.0793830 0.0000010 4.0734182 1.6456546 
Gracom_Gcom_C560166_01                                           2.6534717 2.5555509 2.4798584 2.5388954 3.0859379 2.2492456 2.0122693 2.5239206 2.9597656 2.5041975 2.4801834 2.5379085 2.4438687 2.4932193 2.4922089 2.5281080 2.7174214 2.3293087 2.2825550 1.9465741 2.3165026 2.3676876 2.0759244 2.4231525 2.1560436 2.3481070 2.3481070 1.5840237 1.7082951 1.5050036 1.6404253 1.6455950 1.4645825 0.6762140 0.7454702 0.3366706 0.3102561 0.0000000 0.3923160 0.2997375 1.4305168 1.4744170 0.3668070 1.0504458 1.7476351 1.5360605 1.6320415 1.2768362 1.4778989 1.4663625 1.4136622 1.4969268 1.2758152 1.5006165 1.6661385 1.4884483 1.5296772 1.3494364 1.5575891 1.3510131 1.5327773 1.4922116 1.6168130 3.0725805 1.3913616 1.3363404 1.4874876 1.2254838 1.4060613 1.5738336 1.6012626 1.6224363 2.2363001 1.1418166 1.1247013 2.1077198 2.6305590 2.2067867 1.9684860 1.4435538 1.7927206 1.7172890 2.2900299 1.8371504 1.6861443 1.3754880 1.9594330 3.4510078 3.2351653 0.7558134 1.7810197 
Leuniv_Lniv_scaffold19665_01                                     2.7943912 2.5097428 2.5596980 2.6969923 3.1907476 2.3511672 1.9407065 2.2659440 2.9085478 2.4966344 2.4678229 2.5408515 2.4257798 2.4268339 2.4000359 2.4081625 2.6549349 2.2873125 2.2522347 1.9069762 2.1997100 2.2110962 1.9552155 2.3173083 2.1219448 2.3694106 2.3694106 1.6086068 1.6774019 1.4058068 1.5589130 1.5668781 1.4539929 0.6755283 0.8373365 0.3141506 0.3031066 0.3923160 0.0000000 0.2976959 1.3538152 1.3944121 0.4804092 1.1683044 1.8020603 1.5061692 1.6108575 1.2612410 1.4740111 1.4139007 1.4675573 1.4938005 1.2425884 1.4809216 1.6592152 1.5063252 1.5889837 1.2423243 1.5148633 1.3341774 1.4029252 1.5371168 1.5578183 3.3888689 1.3716418 1.2879790 1.4981665 1.2320220 1.4034678 1.5614972 1.5916648 1.6144176 2.2074910 1.2350574 1.2772181 1.9986584 2.4241691 2.2377235 1.8231835 1.5369237 1.6394609 1.6324807 2.3465389 1.6343023 1.6670349 1.5113671 1.7961273 3.3633659 2.9956351 0.7421589 1.5867261 
Fspp_ffun1.m4.28296.m1                                           0.9546268 0.8458259 0.8458259 0.9162596 0.8458259 0.9302888 0.8447623 0.9082215 0.7977992 0.8116558 0.7977992 0.7977992 0.7977992 0.7977992 0.7673859 0.7673859 0.7673859 0.6844618 0.6844618 0.5559746 0.7245175 0.7442502 0.7556637 0.7465359 0.7071848 0.0000010 0.0000010 0.4192978 0.4401432 0.4401432 0.4401432 0.4401432 0.4006063 0.3240596 0.4377806 0.0000010 0.3128058 0.2997375 0.2976959 0.0000000 0.0828853 0.0832550 0.2749362 0.2372685 0.1601015 0.1972775 0.1601015 0.2315222 0.2591497 0.2388854 0.3328121 0.2983502 0.3479538 0.3374393 0.3187893 0.3028426 0.3436145 0.4622016 0.4798345 0.3423778 0.3700116 0.3986920 0.3627773 0.0000010 0.3597985 0.4027864 0.3679139 0.4729903 0.3435026 0.3457758 0.4765892 0.2974218 0.4908295 0.0000010 0.0000010 0.4466951 8.9999989 0.4080589 0.3637441 0.0000010 0.0423451 0.5010095 0.7336419 0.0880508 0.4152650 0.0000010 0.0000010 2.7420285 0.0000010 6.4341814 0.0000010 
