102
Bolinf_Binf_sb1277188                                              0.0000000 0.0000010 0.0109540 0.0054114 0.1172637 0.1331560 0.1188252 0.1229411 0.1172637 0.1172637 0.1188252 0.1321842 0.1172637 0.2174806 0.2626713 0.1109539 0.2525141 0.2525141 0.4189109 0.2775161 0.2775161 0.3067557 0.3443381 0.3305641 2.0699750 2.0699750 0.3604339 0.3852936 0.3852936 0.3515394 0.4768312 0.8998902 0.8351208 0.7565822 0.8170201 0.8117267 0.0000010 1.0506686 1.0506686 0.9498977 0.7825167 0.9597193 0.9740337 0.9862650 0.2187310 2.3516581 0.8873622 0.7785639 0.9449009 0.3686271 0.9369206 0.9682557 0.8903887 0.9187051 0.6660101 0.9101628 1.0997139 1.6320983 1.3047161 1.2514332 1.2362882 1.3187735 1.1115122 1.0924718 1.9857337 0.3905530 1.1799686 1.1487553 1.3732691 1.0916860 1.0636621 1.0594976 1.0525344 1.0149205 1.0387987 1.0615884 1.0432328 5.1010115 1.0208942 1.0599877 0.9123647 0.9117573 1.0407008 1.4884280 0.9247723 0.7627783 0.9016988 1.4498532 1.1831213 0.1720384 0.9823396 1.1009666 1.6593275 1.2601203 0.3064341 2.0410046 2.7139373 0.3000230 0.0000010 1.0981070 0.2218351 0.2218351 
Bolinf_Binf_sb1277189                                              0.0000010 0.0000000 0.0000010 0.0000010 0.1229411 0.1194361 0.1194361 0.1194361 0.1229411 0.1229411 0.1229411 0.1229411 0.1229411 0.2086549 0.2779291 0.1151386 0.2559335 0.2559335 0.4189109 0.2933662 0.2933662 0.3237579 0.3510845 0.3385938 1.8890022 0.0000010 0.3773577 0.4028526 0.3892724 0.3703856 0.5015999 0.9535491 0.8819665 0.7984476 0.8633745 0.8574335 0.0000010 1.1423913 1.1423913 1.0061712 0.8170295 1.0010648 1.0160537 1.0298537 0.2116040 3.0273674 0.9377663 0.8061121 1.0002062 0.4837104 0.9910494 1.0247666 0.9418382 0.9715148 0.7238383 0.9616672 1.1667792 1.6320983 1.3905898 1.3320281 1.2985555 1.3885285 1.1807197 1.1540606 1.9857337 0.5432679 1.2535080 1.2198258 1.3732691 1.1426532 1.1270985 1.1226133 1.1150105 1.0745706 1.1000047 1.1247047 1.1052527 5.1010115 1.0826221 1.1489677 0.9643992 0.9454782 1.1039991 1.5026908 0.9787761 0.7996142 0.8748411 1.5018130 1.1831213 0.1890851 0.9498718 1.1009666 1.6593275 1.2601203 0.3143310 2.3051404 4.6318633 0.2690863 0.0000010 1.3077985 0.1890851 0.1890851 
Bolinf_Binf_sb1277168                                              0.0109540 0.0000010 0.0000000 0.0063263 0.0616755 0.0493998 0.0728644 0.1194361 0.0672422 0.1172637 0.0996913 0.1321842 0.1172637 0.1098451 0.1849239 0.1174647 0.2525141 0.2525141 0.4189109 0.1974493 0.1974493 0.2206317 0.3574087 0.2426604 0.1163201 0.1239258 0.2599218 0.2672272 0.2612413 0.2532185 0.3551693 0.7194354 0.7276455 0.6610796 0.7380534 0.7344586 0.2197742 0.9041501 0.9041501 0.7812988 0.6491918 0.7247416 0.7234339 0.7523340 0.3710573 0.7920551 0.6857214 0.7983721 0.7759459 0.6002081 0.7314885 0.8044672 0.7272863 0.7565192 0.7765340 0.7417092 0.8053928 1.6320983 0.8892875 0.8555162 0.8072246 0.8915014 0.8642030 1.1326546 1.9857337 0.4902067 0.9408190 0.9550441 1.3732691 0.8282777 0.8198981 0.8043667 0.8181267 0.8049441 0.8149021 0.8162510 0.8084331 5.1010115 0.8041077 0.8430428 0.7714121 0.7628761 0.8434848 0.9367000 0.8293046 0.9395011 0.8124508 0.8960974 1.1831213 0.4610880 1.0013951 1.1009666 1.6593275 1.2601203 1.0199840 1.0750939 0.4292400 1.2416549 1.0889906 0.8840478 3.8290288 3.6034949 
Bolinf_Binf_sb1277173                                              0.0054114 0.0000010 0.0063263 0.0000000 0.0616755 0.0693150 0.0741785 0.1229411 0.0672422 0.1172637 0.0996913 0.1321842 0.1172637 0.1464371 0.2246566 0.1174647 0.2525141 0.2525141 0.4189109 0.2192359 0.2192359 0.2547760 0.3443381 0.2946467 0.2059286 0.2633707 0.2913079 0.3083417 0.3083417 0.2988753 0.4265265 0.8506343 0.8600994 0.7574587 0.8745928 0.8632857 0.4445541 1.0291773 1.0291773 0.8896828 0.7524502 0.8466897 0.8442462 0.8767451 0.3710573 1.0294570 0.7921836 0.7983721 0.8840007 0.7035111 0.8665874 0.9667533 0.8454171 0.8815434 0.8345768 0.8742286 0.9144125 1.6320983 1.0949660 1.0491584 0.9837645 1.0795163 1.0420621 1.1326546 1.9857337 0.4902067 1.0640756 1.1170028 1.3732691 1.0014190 0.9988472 0.9776480 0.9966643 0.9466593 0.9598519 0.9797263 0.9694580 5.1010115 0.9252266 0.9307901 0.8863827 0.8857700 1.0057866 1.1734438 0.9406976 0.9395011 0.8298462 1.0990389 1.1831213 0.4104928 1.0684400 1.1009666 1.6593275 1.2601203 1.0199840 1.4639712 0.7176843 1.2416549 0.9913891 0.8840478 2.8320823 2.6741602 
Bolinf_Binf_sb1277170                                              0.1172637 0.1229411 0.0616755 0.0616755 0.0000000 0.0000010 0.0000010 0.0000010 0.0030013 0.0044737 0.0129351 0.0203161 0.0194812 0.0580486 0.1502436 0.1174647 0.1179278 0.1179278 0.1112488 0.1351847 0.1351847 0.1683069 0.1574142 0.2282504 0.1784818 0.2221379 0.2158228 0.2307354 0.2175789 0.2161618 0.3423132 0.7042080 0.7197910 0.5903810 0.7146166 0.7036341 0.4445541 0.9104335 0.8678696 0.7290588 0.7748246 0.6902533 0.7788490 0.7032253 0.3710573 1.0534949 0.6576308 0.7254832 0.7253535 0.7217645 0.7091058 0.8146067 0.7118201 0.7349969 0.7833302 0.7092650 0.7447401 0.6171455 0.8992486 0.8465297 0.8024424 0.8782015 0.8659387 0.8510332 0.9017108 0.4902067 0.9107861 0.9687222 0.9421495 0.8719369 0.8054705 0.7956390 0.8099135 0.7728790 0.7829931 0.7948087 0.7867568 0.5888847 0.7668311 0.7709171 0.7272510 0.7211776 0.8230465 1.1108315 0.7780745 0.7134351 0.6400535 0.8519367 1.1831213 0.4077733 1.0220439 0.8548565 1.0236467 1.2601203 1.0199840 1.5186538 0.7180499 1.2416549 0.9913891 0.8840478 2.7424399 2.6588667 
Bolinf_Binf_sb1277162                                              0.1331560 0.1194361 0.0493998 0.0693150 0.0000010 0.0000000 0.0000010 0.0000010 0.0000010 0.0000010 0.0129351 0.0203161 0.0145867 0.0484406 0.1264001 0.1174647 0.1179278 0.1179278 0.1112488 0.1266798 0.1266798 0.1517106 0.1650712 0.1920796 0.1170045 0.1239258 0.1992078 0.2066662 0.2014686 0.1902896 0.2911300 0.6182616 0.6322422 0.5352646 0.6252484 0.6207826 0.2197742 0.8200589 0.7857659 0.6622009 0.6518001 0.6024991 0.6731623 0.6260008 0.3710573 0.8298494 0.5860095 0.7254832 0.6471839 0.5872750 0.6214175 0.7001970 0.6360097 0.6537285 0.7339580 0.6246368 0.6797428 0.6171455 0.7620488 0.7237510 0.6859101 0.7575354 0.7465547 0.8510332 0.9017108 0.4902067 0.8295899 0.8537002 0.9421495 0.7435342 0.6897546 0.6821942 0.6929016 0.6826910 0.6907223 0.6896364 0.6831912 0.5888847 0.6883057 0.7126727 0.6531534 0.6456496 0.7169654 0.9083174 0.7063847 0.7134351 0.6428765 0.7302636 1.1831213 0.4580069 0.9565912 0.8548565 1.0236467 1.2601203 1.0199840 1.1107007 0.4339741 1.2416549 1.0889906 0.8840478 3.6887450 3.5490909 
Mertsp_Mesp_sb592939                                               0.1188252 0.1194361 0.0728644 0.0741785 0.0000010 0.0000010 0.0000000 0.0000010 0.0000010 0.0000010 0.0129351 0.0203161 0.0147168 0.0675382 0.1457213 0.1174647 0.1179278 0.1179278 0.1112488 0.1215222 0.1215222 0.1694159 0.1592412 0.2320768 0.2146288 0.3384020 0.2100296 0.2240571 0.2168782 0.2095504 0.3407274 0.7654660 0.7856315 0.6233040 0.7556407 0.7423263 0.0000010 0.9913641 0.9371382 0.7659098 0.8395135 0.7232031 0.8299946 0.7461948 0.3710573 1.3107673 0.7027965 0.7254832 0.7782707 0.8604961 0.7402746 0.8555210 0.7721833 0.7932941 0.8472860 0.7679030 0.8186738 0.6171455 0.9804021 0.9158118 0.8656760 0.9725000 0.9101846 0.8510332 0.9017108 0.4902067 0.9523287 1.0145788 0.9421495 0.9644793 0.8330078 0.8213762 0.8334275 0.7946466 0.8065414 0.8207770 0.8113153 0.5888847 0.8374370 0.8309709 0.7617942 0.7514232 0.8535375 1.2723644 0.7900368 0.7134351 0.6298654 0.9349304 1.1831213 0.3769282 1.0012586 0.8548565 1.0236467 1.2601203 1.0438996 1.9762031 4.6318633 1.4714285 1.4142843 0.8840478 1.6913192 1.6759350 
Bolinf_Binf_sb1277178                                              0.1229411 0.1194361 0.1194361 0.1229411 0.0000010 0.0000010 0.0000010 0.0000000 0.0000010 0.0000010 0.0150786 0.0150786 0.0150786 0.0575994 0.1343857 0.1151386 0.1189877 0.1189877 0.1112488 0.1226863 0.1226863 0.1594225 0.1592412 0.2119138 1.8890022 0.0000010 0.2202228 0.2400430 0.2299002 0.2107971 0.3281283 0.6681496 0.6429292 0.5112915 0.6067217 0.6012373 0.0000010 0.9107024 0.8398049 0.6923296 0.8170295 0.6582536 0.8250201 0.6763676 0.2116040 1.9136876 0.6502591 0.7255029 0.6897334 0.4837104 0.6824068 0.7457565 0.6878410 0.6965026 0.6515252 0.6580233 0.7864739 0.6171455 0.9503181 0.8908031 0.8739599 0.9302994 0.8361877 0.8153847 0.9017108 0.5432679 0.9260812 0.9325720 0.9421495 0.8698642 0.7646192 0.7712791 0.7671300 0.7432525 0.7593299 0.7697112 0.7568016 0.5888847 0.7537136 0.8054048 0.6649326 0.6502108 0.7602697 1.2567997 0.7104257 0.5545103 0.5595094 0.8996739 1.1831213 0.1860421 0.8852731 0.8548565 1.0236467 1.2601203 0.3143310 2.3689410 4.6318633 0.2690863 0.0000010 1.3077985 0.1860421 0.2167099 
Mertsp_Mesp_sb592938                                               0.1172637 0.1229411 0.0672422 0.0672422 0.0030013 0.0000010 0.0000010 0.0000010 0.0000000 0.0000010 0.0129351 0.0203161 0.0145009 0.0624057 0.1389920 0.1174647 0.1179278 0.1179278 0.1112488 0.1194997 0.1194997 0.1637240 0.1574142 0.2211759 0.1765013 0.2413478 0.2076740 0.2200770 0.2160859 0.2007756 0.3312521 0.7245612 0.7452189 0.5938347 0.7107874 0.6991553 0.0000010 0.9474417 0.8997707 0.7249307 0.7787454 0.6866008 0.7823148 0.7086063 0.3710573 1.1299894 0.6705589 0.7254832 0.7362580 0.7459081 0.7031177 0.8045683 0.7310738 0.7497485 0.7926911 0.7197084 0.7656909 0.6171455 0.9221020 0.8587876 0.8210646 0.9154721 0.8653561 0.8510332 0.9017108 0.4902067 0.9046514 0.9590366 0.9421495 0.9055164 0.7848722 0.7746056 0.7893554 0.7507432 0.7613203 0.7734510 0.7649872 0.5888847 0.7879730 0.8077878 0.7324332 0.7447373 0.8313050 1.1680738 0.7550812 0.7134351 0.6334672 0.8710938 1.1831213 0.3475699 0.9863060 0.8548565 1.0236467 1.2601203 1.0199840 1.6609179 1.2075622 1.2536815 1.0717921 0.8840478 2.0334990 1.9968485 
Bolinf_Binf_sb1277177                                              0.1172637 0.1229411 0.1172637 0.1172637 0.0044737 0.0000010 0.0000010 0.0000010 0.0000010 0.0000000 0.0147168 0.0203161 0.0145009 0.0559246 0.1203346 0.1109539 0.1179278 0.1179278 0.1112488 0.1091982 0.1091982 0.1442854 0.1574142 0.2006055 0.0000010 0.0000010 0.2032664 0.2222719 0.2163514 0.1933712 0.3038106 0.6189654 0.5971703 0.4749866 0.5635582 0.5589848 0.0000010 0.8560720 0.7916869 0.6415653 0.7455463 0.6174221 0.7739860 0.6372228 0.2187310 1.5698286 0.6049712 0.7055178 0.6401703 0.2983903 0.6336799 0.6923863 0.6379771 0.6463814 0.6072943 0.6113594 0.7302093 0.6171455 0.8796972 0.8254508 0.8190881 0.8718102 0.7742705 0.7846752 0.9017108 0.3905530 0.8584787 0.8631302 0.9421495 0.8157446 0.7106945 0.7168485 0.7125050 0.6907007 0.7056269 0.7145127 0.7023955 0.5888847 0.6981612 0.7632622 0.6184580 0.6330613 0.7056864 1.1966274 0.6583201 0.5364749 0.5583821 0.8489877 1.1831213 0.1695068 0.8746383 0.8548565 1.0236467 1.2601203 0.3064341 1.9754885 2.3302682 0.3000230 0.0000010 1.0981070 0.1864537 0.2140331 
Bolinf_Binf_sb1277175                                              0.1188252 0.1229411 0.0996913 0.0996913 0.0129351 0.0129351 0.0129351 0.0150786 0.0129351 0.0147168 0.0000000 0.0048276 0.0000010 0.0720333 0.1342131 0.1117311 0.1391895 0.1391895 0.1476954 0.1241341 0.1241341 0.1574396 0.1866152 0.2158566 0.0000010 0.0000010 0.2082630 0.2204748 0.2204748 0.1988107 0.3217201 0.6616615 0.6705670 0.4888882 0.5915968 0.5821890 0.0000010 0.7982385 0.7776513 0.6815227 0.7229133 0.6134512 0.6800763 0.6827956 0.3710573 1.2383074 0.6299274 0.7254832 0.6563379 0.3311484 0.6482211 0.7442214 0.6860333 0.7020749 0.6340930 0.6948936 0.7694673 0.7878691 0.8672825 0.8939214 0.8397350 0.9368034 0.8040352 0.8040352 0.9017108 0.4902067 0.8674778 0.8649771 0.9421495 0.8569776 0.7511578 0.7476642 0.7515845 0.7203799 0.7350168 0.7544195 0.7425364 0.7586351 0.7562115 0.8252621 0.6573178 0.6534376 0.7632952 0.9992947 0.6596175 0.5697488 0.5653758 0.9134119 1.1831213 0.1554046 0.8062558 0.8548565 1.0343855 1.2601203 0.4168539 1.8645102 3.5861141 0.6919911 0.0000010 0.9042541 0.4204753 0.4547176 
Bolinf_Binf_sb1277183                                              0.1321842 0.1229411 0.1321842 0.1321842 0.0203161 0.0203161 0.0203161 0.0150786 0.0203161 0.0203161 0.0048276 0.0000000 0.0048276 0.0847889 0.1480494 0.1250788 0.1480494 0.1480494 0.1476954 0.1353889 0.1353889 0.1751741 0.1866152 0.2229025 0.0000010 0.0000010 0.2443617 0.2593405 0.2593405 0.2319441 0.3601580 0.7126246 0.7008910 0.5401639 0.6302262 0.6185778 0.0000010 0.8861289 0.8593358 0.7662515 0.8247387 0.6601919 0.7412561 0.7450187 0.3675083 1.8661797 0.6936614 0.7551604 0.7514734 0.4526828 0.7216037 0.8105228 0.7572087 0.7705386 0.6791210 0.7158580 0.8858963 0.7878691 0.9858211 0.9790849 0.9380880 1.0289513 0.8917310 0.8917310 0.9017108 0.7714423 0.9805334 0.9748397 0.9421495 0.9485687 0.8400419 0.8476302 0.8435862 0.8160034 0.8342164 0.8470756 0.8326527 0.7586351 0.8525177 0.8942209 0.7295748 0.7261323 0.8298722 1.0949547 0.7474545 0.6015206 0.6085150 0.9642931 1.1831213 0.2199259 0.8574175 0.8548565 1.0343855 1.2601203 0.4274847 2.4604871 3.5861141 0.5010362 0.0000010 1.4742758 0.2199259 0.2199259 
Bolinf_Binf_sb1277179                                              0.1172637 0.1229411 0.1172637 0.1172637 0.0194812 0.0145867 0.0147168 0.0150786 0.0145009 0.0145009 0.0000010 0.0048276 0.0000000 0.0758918 0.1412160 0.1109539 0.1391895 0.1391895 0.1476954 0.1292605 0.1292605 0.1668350 0.1842651 0.2166870 0.0000010 0.0000010 0.2316414 0.2456646 0.2393639 0.2202108 0.3388129 0.6560250 0.6469996 0.5032204 0.5842268 0.5740774 0.0000010 0.8059305 0.7827573 0.7045651 0.7455463 0.6174221 0.6914857 0.6953332 0.2187310 1.4444034 0.6417397 0.7055178 0.6923159 0.2983903 0.6655397 0.7457054 0.6969592 0.7094309 0.6072943 0.6609916 0.8132552 0.7878691 0.9012174 0.8955307 0.8681208 0.9499504 0.8166172 0.8291497 0.9017108 0.3905530 0.9162836 0.9095148 0.9421495 0.8776609 0.7730763 0.7798838 0.7757218 0.7512642 0.7676946 0.7784213 0.7652525 0.7586351 0.7812635 0.8187633 0.6742428 0.6916220 0.7624561 1.0661118 0.6885009 0.5623809 0.6050566 0.9283759 1.1831213 0.1720384 0.8443429 0.8548565 1.0343855 1.2601203 0.3064341 1.9754885 2.3302682 0.3000230 0.0000010 1.0981070 0.1892019 0.1892019 
Vmul_sbMO414660                                                    0.2174806 0.2086549 0.1098451 0.1464371 0.0580486 0.0484406 0.0675382 0.0575994 0.0624057 0.0559246 0.0720333 0.0847889 0.0758918 0.0000000 0.1331165 0.1375968 0.1406766 0.1406766 0.1394667 0.1316646 0.1316646 0.1394328 0.1283526 0.1779912 0.1169779 0.1100717 0.1870971 0.1949748 0.1949748 0.1823159 0.2761627 0.6383281 0.6509888 0.5364448 0.6349129 0.6346732 0.2197742 0.8365851 0.8012224 0.6678651 0.6665537 0.6122623 0.6893415 0.6403533 0.3838748 0.8477408 0.5854671 0.7276639 0.6579275 0.6188815 0.6164714 0.7032150 0.6221715 0.6386914 0.7655879 0.6292011 0.6710965 0.6315729 0.7598862 0.7489178 0.7002392 0.7541607 0.7727098 0.8962785 0.9581767 0.5065628 0.8052397 0.8362755 0.9190508 0.7707901 0.6917788 0.6828516 0.6933647 0.6787775 0.6868233 0.6919197 0.6854367 0.5883831 0.6903877 0.7421929 0.6690136 0.6669214 0.7313973 0.9254508 0.6796505 0.7698233 0.6639421 0.7367214 1.2250547 0.5170781 0.9846221 0.8329872 1.0556970 1.2167985 0.9744883 1.1297037 0.3951169 1.3569315 1.0380385 0.8894841 4.0079590 3.8422290 
Beraby_Baby_sb335648                                               0.2626713 0.2779291 0.1849239 0.2246566 0.1502436 0.1264001 0.1457213 0.1343857 0.1389920 0.1203346 0.1342131 0.1480494 0.1412160 0.1331165 0.0000000 0.0000010 0.0000010 0.0000010 0.0227264 0.1237119 0.1237119 0.1345864 0.1465753 0.1632127 0.0000010 0.0000010 0.2331364 0.2135923 0.1970533 0.1962401 0.2524356 0.5882230 0.6190864 0.5566619 0.6252592 0.6239294 0.2197742 0.8314670 0.8126854 0.6378266 0.6505100 0.6049987 0.6722371 0.5985217 0.2913568 0.7456408 0.5723674 0.7234009 0.6193819 0.5771778 0.6174544 0.6904493 0.5974511 0.6107856 0.7507299 0.5848842 0.6428784 0.4986841 0.6866774 0.6714089 0.6417141 0.7142591 0.7490802 0.8927583 1.0036711 0.4641375 0.7657454 0.8251112 0.9119377 0.7280239 0.6519634 0.6434720 0.6522197 0.6505048 0.6577170 0.6459470 0.6401546 0.5176504 0.6334743 0.6963659 0.6125364 0.7031891 0.6908300 0.8264503 0.6674194 0.7111019 0.6500915 0.6755992 1.1404357 0.5072558 0.8377822 0.9075258 1.1660523 1.1683822 1.0310659 1.0059836 0.6267150 1.2953768 1.1271328 0.8736273 4.0664784 3.9140846 
Drygla_Dgla_sb279653                                               0.1109539 0.1151386 0.1174647 0.1174647 0.1174647 0.1174647 0.1174647 0.1151386 0.1174647 0.1109539 0.1117311 0.1250788 0.1109539 0.1375968 0.0000010 0.0000000 0.0000010 0.0000010 0.0506938 0.1126785 0.1126785 0.1264947 0.1456152 0.1939074 0.0000010 0.0000010 0.2076031 0.2105467 0.2105467 0.2127696 0.2333801 0.7085448 0.7640089 0.6444759 0.7047867 0.6972375 0.0000010 0.8439912 0.8439912 0.7185779 0.7841581 0.7903201 0.8031980 0.7749840 0.2913568 0.6855641 0.7190606 0.8292331 0.7067870 0.4513414 0.6764376 0.7634934 0.6538573 0.6668962 0.8042791 0.7316439 0.7658000 0.6908169 0.9514514 0.9502842 0.8871157 0.9541141 0.8877259 0.8694009 1.4400440 0.4641375 0.8773324 0.8475399 1.0327026 0.8941298 0.7905451 0.7867736 0.8055134 0.7675799 0.7870995 0.7915440 0.7759809 0.0000010 0.7223906 0.8894458 0.7698999 0.7667689 0.8590140 1.0991814 0.7561497 0.6465631 0.7222858 1.0974971 1.1404357 0.3015481 0.7465266 1.2160816 1.5485931 1.1683822 0.5635562 1.3291025 3.5861141 0.8137752 0.0000010 0.8825237 0.7859094 0.7976310 
Mertsp_Mesp_sb548870                                               0.2525141 0.2559335 0.2525141 0.2525141 0.1179278 0.1179278 0.1179278 0.1189877 0.1179278 0.1179278 0.1391895 0.1480494 0.1391895 0.1406766 0.0000010 0.0000010 0.0000000 0.0000010 0.0227264 0.1199448 0.1199448 0.1316774 0.1406534 0.2033731 0.0000010 0.0000010 0.2140657 0.2396008 0.2396008 0.2182950 0.2591681 0.6095259 0.6198306 0.5223386 0.5847125 0.5772349 0.0000010 0.9237852 0.8844658 0.6309745 0.8208990 0.6608604 0.8248562 0.6405217 0.1789176 1.5537877 0.6110307 0.7138082 0.6095682 0.2572557 0.6496574 0.6975370 0.6175250 0.6209938 0.6384636 0.5759710 0.7478871 0.4986841 0.8183600 0.7923078 0.7724618 0.8390425 0.8728411 0.8728411 1.0036711 0.4703447 0.8453277 0.8567523 0.9119377 0.8684189 0.6518042 0.6551204 0.6788114 0.6600852 0.6751004 0.6593349 0.6472597 0.5176504 0.6522496 0.7383965 0.6225760 0.6177840 0.7287837 1.1768020 0.6369418 0.5513579 0.5571036 0.8226957 1.1404357 0.1950767 0.7960661 0.9075258 1.1660523 1.1683822 0.3798712 2.1708550 3.5861141 0.4107092 0.0000010 1.1179028 0.1950767 0.2251091 
Bolinf_Binf_sb1204796                                              0.2525141 0.2559335 0.2525141 0.2525141 0.1179278 0.1179278 0.1179278 0.1189877 0.1179278 0.1179278 0.1391895 0.1480494 0.1391895 0.1406766 0.0000010 0.0000010 0.0000010 0.0000000 0.0227264 0.1199448 0.1199448 0.1316774 0.1406534 0.2033731 0.0000010 0.0000010 0.2140657 0.2396008 0.2396008 0.2182950 0.2591681 0.6095259 0.6198306 0.5223386 0.5847125 0.5772349 0.0000010 0.9237852 0.8844658 0.6309745 0.8208990 0.6608604 0.8248562 0.6405217 0.1789176 1.5537877 0.6110307 0.7138082 0.6095682 0.2572557 0.6496574 0.6975370 0.6175250 0.6209938 0.6384636 0.5759710 0.7478871 0.4986841 0.8183600 0.7923078 0.7724618 0.8390425 0.8728411 0.8728411 1.0036711 0.4703447 0.8453277 0.8567523 0.9119377 0.8684189 0.6518042 0.6551204 0.6788114 0.6600852 0.6751004 0.6593349 0.6472597 0.5176504 0.6522496 0.7383965 0.6225760 0.6177840 0.7287837 1.1768020 0.6369418 0.5513579 0.5571036 0.8226957 1.1404357 0.1950767 0.7960661 0.9075258 1.1660523 1.1683822 0.3798712 2.1708550 3.5861141 0.4107092 0.0000010 1.1179028 0.1950767 0.2251091 
Bolinf_Binf_sb1204797                                              0.4189109 0.4189109 0.4189109 0.4189109 0.1112488 0.1112488 0.1112488 0.1112488 0.1112488 0.1112488 0.1476954 0.1476954 0.1476954 0.1394667 0.0227264 0.0506938 0.0227264 0.0227264 0.0000000 0.1240216 0.1240216 0.1329631 0.1025926 0.2202294 0.0000010 0.0000010 0.2405143 0.2509339 0.2509339 0.2174085 0.2561310 0.5262947 0.5337123 0.4727307 0.5377232 0.5193368 0.0000010 1.0179380 0.9495838 0.5900092 0.8397484 0.5760922 0.8365480 0.5440122 5.0445932 2.4663009 0.5527277 0.6324674 0.5516307 5.0445932 0.6021258 0.6539526 0.5464091 0.5476153 0.4971028 0.5408586 0.6662204 0.4986841 0.7666411 0.7384047 0.7226873 0.8068350 0.9071163 0.9071163 1.0036711 8.9999989 0.7843584 0.7965764 0.6832280 0.8797681 0.5698566 0.5649647 0.6013260 0.5839621 0.6063295 0.6031954 0.5849337 0.5176504 0.6003076 0.6857156 0.5561521 0.5561521 0.6625028 0.9054821 0.5496258 0.5539929 0.5090143 0.6371106 3.5929460 3.9406617 0.7207549 0.8477060 1.1254830 0.9588438 7.5922207 8.9999987 0.0000010 0.0000010 0.0000010 8.9999985 3.9406617 8.1427779 
Bolinf_Binf_sb1231243                                              0.2775161 0.2933662 0.1974493 0.2192359 0.1351847 0.1266798 0.1215222 0.1226863 0.1194997 0.1091982 0.1241341 0.1353889 0.1292605 0.1316646 0.1237119 0.1126785 0.1199448 0.1199448 0.1240216 0.0000000 0.0000010 0.1175601 0.1225985 0.1771115 0.1229764 0.1349055 0.2112243 0.2068411 0.1882901 0.1935644 0.2457830 0.5911948 0.5916306 0.5163517 0.6403561 0.6280967 0.2162802 0.8277556 0.7870316 0.5980428 0.5997070 0.5551964 0.6168574 0.5755355 0.3968291 0.7279240 0.5548368 0.6902827 0.6020873 0.5766366 0.6014489 0.6805734 0.6153500 0.6485679 0.7277695 0.5876062 0.6179195 0.5693710 0.7081323 0.7092246 0.6628050 0.7327525 0.7190485 0.8619044 0.9742064 0.5494320 0.7380940 0.7936334 0.9252559 0.6912899 0.6469846 0.6445721 0.6507876 0.6257500 0.6326222 0.6534126 0.6489175 0.4584025 0.6258947 0.7026307 0.6274954 0.6994692 0.6793285 0.8395969 0.6539108 0.7863370 0.6059925 0.6594146 1.1479226 0.4326183 0.8200090 0.9515887 1.0706220 1.2645552 1.0228311 0.9888607 0.5936736 1.2839825 1.0046281 0.9746842 3.7734549 3.6479846 
Mertsp_Mesp_sb579338                                               0.2775161 0.2933662 0.1974493 0.2192359 0.1351847 0.1266798 0.1215222 0.1226863 0.1194997 0.1091982 0.1241341 0.1353889 0.1292605 0.1316646 0.1237119 0.1126785 0.1199448 0.1199448 0.1240216 0.0000010 0.0000000 0.1175601 0.1225985 0.1771115 0.1229764 0.1349055 0.2112243 0.2068411 0.1882901 0.1935644 0.2457830 0.5911948 0.5916306 0.5163517 0.6403561 0.6280967 0.2162802 0.8277556 0.7870316 0.5980428 0.5997070 0.5551964 0.6168574 0.5755355 0.3968291 0.7279240 0.5548368 0.6902827 0.6020873 0.5766366 0.6014489 0.6805734 0.6153500 0.6485679 0.7277695 0.5876062 0.6179195 0.5693710 0.7081323 0.7092246 0.6628050 0.7327525 0.7190485 0.8619044 0.9742064 0.5494320 0.7380940 0.7936334 0.9252559 0.6912899 0.6469846 0.6445721 0.6507876 0.6257500 0.6326222 0.6534126 0.6489175 0.4584025 0.6258947 0.7026307 0.6274954 0.6994692 0.6793285 0.8395969 0.6539108 0.7863370 0.6059925 0.6594146 1.1479226 0.4326183 0.8200090 0.9515887 1.0706220 1.2645552 1.0228311 0.9888607 0.5936736 1.2839825 1.0046281 0.9746842 3.7734549 3.6479846 
Drygla_Dgla_sb301703                                               0.3067557 0.3237579 0.2206317 0.2547760 0.1683069 0.1517106 0.1694159 0.1594225 0.1637240 0.1442854 0.1574396 0.1751741 0.1668350 0.1394328 0.1345864 0.1264947 0.1316774 0.1316774 0.1329631 0.1175601 0.1175601 0.0000000 0.0048864 0.1594681 0.1570359 0.1892215 0.1805517 0.1864374 0.1750546 0.1730211 0.2602148 0.5907215 0.5940451 0.5410650 0.6010065 0.6093616 0.1886211 0.8192275 0.7870669 0.6282970 0.6265403 0.5776300 0.6540277 0.5811784 0.3876541 0.7630016 0.5704706 0.7103686 0.5682452 0.5209963 0.6260828 0.6395095 0.6172631 0.6230851 0.6916364 0.5851674 0.6063785 0.5945541 0.6564994 0.6544985 0.6371031 0.6913259 0.7169746 0.8611378 0.8877089 0.4428599 0.7498902 0.7669734 0.7759546 0.6847689 0.6824655 0.6710348 0.6842262 0.6733159 0.6807112 0.6719811 0.6661181 0.4647050 0.6578223 0.7093315 0.6256830 0.6727393 0.6787368 0.8466836 0.6294764 0.6951367 0.6472525 0.6631742 1.2273123 0.4391065 0.8462357 0.9017778 1.1530127 1.1469752 1.0281033 1.0254162 0.4774901 1.5034608 1.1172667 0.8939047 4.2095555 3.9996089 
Drygla_Dgla_sb301704                                               0.3443381 0.3510845 0.3574087 0.3443381 0.1574142 0.1650712 0.1592412 0.1592412 0.1574142 0.1574142 0.1866152 0.1866152 0.1842651 0.1283526 0.1465753 0.1456152 0.1406534 0.1406534 0.1025926 0.1225985 0.1225985 0.0048864 0.0000000 0.2292601 0.6253732 0.6253732 0.2015345 0.2164694 0.2164694 0.2119383 0.3081512 0.6600958 0.6343293 0.5366060 0.5904927 0.6047477 0.3364766 1.0302521 0.9499624 0.7128489 0.9232039 0.6902828 0.8769010 0.7136780 0.0000010 2.1970587 0.6532741 0.7984410 0.6497196 0.6235104 0.7541222 0.6967628 0.6940668 0.7239668 0.6323929 0.6216180 0.7774536 0.5945541 0.8045919 0.7893757 0.7887366 0.8607165 0.9304883 0.9399666 0.8877089 0.3740214 0.9139474 0.9059494 0.7759546 0.9093916 0.7427105 0.7457226 0.7576314 0.7291462 0.7464179 0.7276522 0.7141283 0.4647050 0.7494179 0.8282977 0.6813155 0.6867376 0.7686886 1.2234876 0.6378359 0.6178460 0.6527170 0.7905007 1.3702574 0.2517586 0.8214927 0.9017778 1.2506094 1.4148168 0.4487312 3.5787694 1.5072731 0.0000010 0.0000010 3.1096665 0.3718901 0.4358150 
Lampan_Lpan_C416709_01                                             0.3305641 0.3385938 0.2426604 0.2946467 0.2282504 0.1920796 0.2320768 0.2119138 0.2211759 0.2006055 0.2158566 0.2229025 0.2166870 0.1779912 0.1632127 0.1939074 0.2033731 0.2033731 0.2202294 0.1771115 0.1771115 0.1594681 0.2292601 0.0000000 0.1183718 0.1073419 0.1930789 0.1918307 0.1780732 0.1907299 0.2591293 0.6174347 0.6335895 0.5217576 0.6145648 0.6240203 0.1849932 0.7445818 0.7261862 0.6292029 0.6016398 0.5703088 0.6412798 0.5784918 0.2998482 0.7648384 0.5860059 0.6896239 0.5916535 0.5373245 0.6138952 0.6731028 0.6033449 0.6021873 0.6943581 0.5724623 0.6532745 0.6394963 0.6628816 0.6671996 0.6654593 0.6864213 0.6759008 0.7941050 0.9389718 0.5652700 0.7210588 0.7879933 0.8209063 0.6683903 0.6571325 0.6529641 0.6574593 0.6656574 0.6728840 0.6826030 0.6767807 0.5792338 0.6575303 0.6500279 0.6093731 0.6886740 0.6937023 0.8147899 0.6648541 0.7337942 0.6581761 0.6538893 1.1377496 0.4906475 0.8604485 0.9563466 1.0762396 1.1516833 0.8983083 0.9346073 0.6422605 1.2501164 1.0196262 0.8591320 4.1357495 4.0990150 
Drygla_Dgla_sb279651                                               2.0699750 1.8890022 0.1163201 0.2059286 0.1784818 0.1170045 0.2146288 1.8890022 0.1765013 0.0000010 0.0000010 0.0000010 0.0000010 0.1169779 0.0000010 0.0000010 0.0000010 0.0000010 0.0000010 0.1229764 0.1229764 0.1570359 0.6253732 0.1183718 0.0000000 0.0000010 0.2134791 0.1466000 0.1466000 0.1899005 0.2488245 0.6257531 0.6353418 0.6645417 0.7353033 0.7373682 0.2197742 0.7660308 0.7660308 0.7151632 0.5722212 0.5722212 0.5654916 0.5835421 0.0000010 0.5871864 0.5472071 0.0000010 0.7167404 0.7167404 0.6769097 0.7379674 0.6585601 0.6723406 0.9757505 0.6146395 0.6528629 0.0000010 0.6331936 0.5885579 0.5766434 0.6509980 0.7006546 6.7971651 0.0000010 0.0000010 0.8017476 0.8712551 0.0000010 0.6444454 0.7305006 0.7143563 0.7222292 0.7567904 0.7567904 0.7177424 0.7177424 0.0000010 0.7128643 0.6440681 0.6828267 0.7074600 0.6920666 0.6796770 0.8586719 2.5234587 0.8557180 0.5784446 0.0000010 1.0787335 1.4214363 0.0000010 0.0000010 0.0000010 2.1375900 0.7167523 0.3777960 1.7195269 1.1511093 0.6640957 8.9999986 8.9999986 
Bolinf_Binf_sb1204795                                              2.0699750 0.0000010 0.1239258 0.2633707 0.2221379 0.1239258 0.3384020 0.0000010 0.2413478 0.0000010 0.0000010 0.0000010 0.0000010 0.1100717 0.0000010 0.0000010 0.0000010 0.0000010 0.0000010 0.1349055 0.1349055 0.1892215 0.6253732 0.1073419 0.0000010 0.0000000 0.2035227 0.1408985 0.1408985 0.1928624 0.2565886 0.5547739 0.5755190 0.5371130 0.6188250 0.6210151 0.2197742 0.6461964 0.6461964 0.5955769 0.4776799 0.4776799 0.4776799 0.4546397 0.0000010 0.4807340 0.4312905 0.0000010 0.5514526 0.5514526 0.5665848 0.6340950 0.4713601 0.4774384 0.9434297 0.5061742 0.5341530 0.0000010 0.5053102 0.4904504 0.5240911 0.5472449 0.5222780 6.7971651 0.0000010 0.0000010 0.6251162 0.6764064 0.0000010 0.5454482 0.6666449 0.6473417 0.6716497 0.6542774 0.6542774 0.6416976 0.6416976 0.0000010 0.5731743 0.5734137 0.5771814 0.5771814 0.5888107 0.5532561 0.6917172 4.9837973 0.7777258 0.4546397 0.0000010 0.6975845 2.0052153 0.0000010 0.0000010 0.0000010 2.0160604 0.6206959 0.3019887 1.7484109 1.1767842 0.0000010 8.9999990 8.9999990 
Vmul_sbMO451008                                                    0.3604339 0.3773577 0.2599218 0.2913079 0.2158228 0.1992078 0.2100296 0.2202228 0.2076740 0.2032664 0.2082630 0.2443617 0.2316414 0.1870971 0.2331364 0.2076031 0.2140657 0.2140657 0.2405143 0.2112243 0.2112243 0.1805517 0.2015345 0.1930789 0.2134791 0.2035227 0.0000000 0.0720271 0.0675620 0.2132175 0.2692586 0.6298388 0.6462977 0.5110331 0.5973649 0.6188529 0.2017511 0.7641553 0.7323870 0.6410360 0.6484065 0.6144132 0.6749275 0.6064231 0.3659469 0.7823775 0.5573358 0.8227041 0.5622202 0.4986870 0.6378903 0.6657507 0.6128139 0.6127701 0.7125498 0.6214648 0.6477787 0.6032908 0.7185767 0.7032903 0.7009548 0.7640366 0.6904088 0.8231214 0.9213663 0.4604681 0.7179216 0.7576962 0.8417596 0.6787378 0.6887306 0.6690854 0.6968165 0.6610542 0.6683584 0.6763305 0.6704212 0.4908569 0.6686787 0.6910236 0.6570895 0.7243771 0.7181475 0.8386433 0.6644839 0.7064082 0.6964401 0.7237455 1.1793179 0.5172546 0.8303207 0.8698580 1.1886271 1.1061361 0.8897129 1.0520356 0.5848964 1.3764112 1.0230685 0.8360927 4.2640320 4.1300447 
Coemet_Cmet_C602709_01                                             0.3852936 0.4028526 0.2672272 0.3083417 0.2307354 0.2066662 0.2240571 0.2400430 0.2200770 0.2222719 0.2204748 0.2593405 0.2456646 0.1949748 0.2135923 0.2105467 0.2396008 0.2396008 0.2509339 0.2068411 0.2068411 0.1864374 0.2164694 0.1918307 0.1466000 0.1408985 0.0720271 0.0000000 0.0000010 0.2053499 0.2677436 0.6372574 0.6509983 0.5276766 0.5956787 0.6149549 0.2658870 0.7971419 0.7654723 0.6550384 0.6507915 0.6131525 0.6785240 0.6220566 0.3659469 0.8037617 0.5826955 0.8056822 0.5924457 0.5465326 0.6285632 0.6448871 0.6173461 0.6025775 0.7388776 0.6369995 0.6526636 0.6116684 0.7105328 0.6973070 0.6909500 0.7252867 0.7047453 0.8104799 0.8566688 0.4604681 0.7306566 0.7595012 0.7674326 0.6608569 0.6897479 0.6814466 0.6915986 0.6652779 0.6725629 0.6814551 0.6755521 0.6076051 0.6570649 0.6520050 0.6636788 0.7305628 0.6808858 0.8591999 0.6375788 0.6964236 0.7040739 0.7399653 1.0787531 0.5110949 0.8313879 0.8287031 1.1509661 1.1061146 0.9151865 1.0536520 0.6176802 1.3875931 1.1586549 0.8109627 4.1838918 4.0561939 
Coeast_Cast_sb797014                                               0.3852936 0.3892724 0.2612413 0.3083417 0.2175789 0.2014686 0.2168782 0.2299002 0.2160859 0.2163514 0.2204748 0.2593405 0.2393639 0.1949748 0.1970533 0.2105467 0.2396008 0.2396008 0.2509339 0.1882901 0.1882901 0.1750546 0.2164694 0.1780732 0.1466000 0.1408985 0.0675620 0.0000010 0.0000000 0.1927524 0.2444595 0.6433670 0.6422607 0.5172495 0.5979001 0.6164969 0.2658870 0.7971419 0.7654723 0.6542980 0.6452148 0.6051909 0.6761239 0.6214480 0.3659469 0.8242548 0.5805213 0.8056822 0.5926068 0.5398116 0.6322950 0.6351435 0.6136713 0.5963131 0.7388776 0.6483340 0.6593830 0.6116684 0.7149337 0.7005219 0.6935929 0.7309946 0.7099885 0.8104799 0.8566688 0.4604681 0.7409605 0.7509509 0.7674326 0.6648883 0.7039148 0.6947466 0.7108139 0.6816818 0.6896939 0.6996044 0.6931291 0.6076051 0.6804826 0.6520050 0.6641888 0.6717450 0.6725467 0.8807823 0.6417613 0.6964236 0.7033695 0.7481852 1.0787531 0.5110949 0.8725113 0.8287031 1.1509661 1.1061146 0.9151865 1.1146304 0.4103264 1.3875931 1.1211296 0.8109627 4.2181382 4.0842929 
Horcal_Hcv1.av93.c7.g356.i1                                        0.3515394 0.3703856 0.2532185 0.2988753 0.2161618 0.1902896 0.2095504 0.2107971 0.2007756 0.1933712 0.1988107 0.2319441 0.2202108 0.1823159 0.1962401 0.2127696 0.2182950 0.2182950 0.2174085 0.1935644 0.1935644 0.1730211 0.2119383 0.1907299 0.1899005 0.1928624 0.2132175 0.2053499 0.1927524 0.0000000 0.2678867 0.6138195 0.6669593 0.5324552 0.6247536 0.6380384 0.2602540 0.8348066 0.8088611 0.6586237 0.6550578 0.6077303 0.6684265 0.6064041 0.4262516 0.8308527 0.5786192 0.7235091 0.6038786 0.5577905 0.6566123 0.6788989 0.5907711 0.6192206 0.7656662 0.5717788 0.6624387 0.6159788 0.6717771 0.6841158 0.6746500 0.7289761 0.7232525 0.8325995 0.9427846 0.3982217 0.7559212 0.8136761 0.8458163 0.7187848 0.6485830 0.6472827 0.6538610 0.6538911 0.6611954 0.6504099 0.6445816 0.4697615 0.6724210 0.6990483 0.6194747 0.7023926 0.6996218 0.9256577 0.6783331 0.7478959 0.6841178 0.6995696 1.0635320 0.1798116 0.8804015 0.8087302 1.0862862 1.2315850 1.0449475 1.0661078 0.6724841 1.5571443 1.1858161 1.0380167 3.6176964 3.4917023 
Eupdun_Edun_sb10655011                                             0.4768312 0.5015999 0.3551693 0.4265265 0.3423132 0.2911300 0.3407274 0.3281283 0.3312521 0.3038106 0.3217201 0.3601580 0.3388129 0.2761627 0.2524356 0.2333801 0.2591681 0.2591681 0.2561310 0.2457830 0.2457830 0.2602148 0.3081512 0.2591293 0.2488245 0.2565886 0.2692586 0.2677436 0.2444595 0.2678867 0.0000000 0.5671360 0.5690150 0.4682799 0.5957475 0.6053191 0.1939120 0.7882018 0.7687414 0.5802731 0.6005476 0.5793785 0.6490019 0.5695944 0.3280250 0.7775196 0.5567002 0.6832933 0.5713756 0.5534081 0.5939318 0.6434644 0.5523210 0.5711568 0.7394105 0.5805208 0.6365659 0.5751765 0.6805238 0.6634597 0.6472616 0.7142866 0.7134030 0.7892428 0.9463990 0.4794317 0.6906917 0.7458494 0.8318405 0.6825572 0.6622248 0.6445510 0.6632254 0.6737544 0.6810870 0.6889805 0.6830583 0.6468831 0.6082597 0.6711370 0.5982522 0.6704090 0.6255990 0.8698543 0.6481524 0.7134987 0.6544097 0.6572776 0.9652517 0.7177673 0.8030105 0.9001940 1.0337397 0.9754513 1.0117398 0.9127574 0.6193496 1.0858952 1.1749775 0.9686422 4.6629986 4.5679234 
Cgig_XM_011451454.3                                                0.8998902 0.9535491 0.7194354 0.8506343 0.7042080 0.6182616 0.7654660 0.6681496 0.7245612 0.6189654 0.6616615 0.7126246 0.6560250 0.6383281 0.5882230 0.7085448 0.6095259 0.6095259 0.5262947 0.5911948 0.5911948 0.5907215 0.6600958 0.6174347 0.6257531 0.5547739 0.6298388 0.6372574 0.6433670 0.6138195 0.5671360 0.0000000 0.1788960 0.3248058 0.3359107 0.3575922 0.1282750 0.5629215 0.5391333 0.3716815 0.3074082 0.3197101 0.3672859 0.3500816 0.3411290 0.4867657 0.3269361 0.4820454 0.3459859 0.3219376 0.2140843 0.3271109 0.2922076 0.3145607 0.4078035 0.2672624 0.3226597 0.3620024 0.4444407 0.4137190 0.4270594 0.4457927 0.4805041 0.6443932 0.6912913 0.3966559 0.4790994 0.5234985 0.6251164 0.4321758 0.4014573 0.4053339 0.3997253 0.4122955 0.4122955 0.4098713 0.4098713 0.3083650 0.2946296 0.4407840 0.4243209 0.5071326 0.4553079 0.5560928 0.4628021 0.5139252 0.3981216 0.4343929 0.3682295 1.2191114 0.5798180 0.9076604 0.8466644 0.7785324 0.8456023 0.5384095 0.5356744 1.0427077 0.7372044 1.1487874 4.3961411 4.6183010 
Acagra_model.g12902.t1                                             0.8351208 0.8819665 0.7276455 0.8600994 0.7197910 0.6322422 0.7856315 0.6429292 0.7452189 0.5971703 0.6705670 0.7008910 0.6469996 0.6509888 0.6190864 0.7640089 0.6198306 0.6198306 0.5337123 0.5916306 0.5916306 0.5940451 0.6343293 0.6335895 0.6353418 0.5755190 0.6462977 0.6509983 0.6422607 0.6669593 0.5690150 0.1788960 0.0000000 0.3665245 0.3597234 0.3674352 0.1257520 0.5580746 0.5365936 0.3212893 0.3055606 0.3114574 0.3561318 0.3332234 0.3364494 0.4649084 0.2992603 0.3716379 0.3239409 0.3477277 0.2253907 0.3176532 0.3014723 0.3155757 0.4393301 0.2837451 0.3337877 0.3831936 0.4257952 0.4221837 0.4169041 0.4513742 0.4701524 0.6602437 0.6869703 0.4893633 0.4270335 0.4861298 0.5213312 0.3716212 0.3956409 0.3940662 0.3924736 0.3948139 0.3948139 0.4117858 0.4117858 0.2731434 0.3078451 0.4075870 0.3880663 0.4686910 0.3976198 0.4725917 0.4372466 0.4986046 0.3749055 0.4244617 0.3875750 1.3487583 0.6018245 0.8443254 0.8255455 0.8993936 0.7743657 0.5541215 0.4617134 0.9172718 0.7046039 1.0978330 4.4959689 4.7660069 
Sanmal_Sma_010805-T1                                               0.7565822 0.7984476 0.6610796 0.7574587 0.5903810 0.5352646 0.6233040 0.5112915 0.5938347 0.4749866 0.4888882 0.5401639 0.5032204 0.5364448 0.5566619 0.6444759 0.5223386 0.5223386 0.4727307 0.5163517 0.5163517 0.5410650 0.5366060 0.5217576 0.6645417 0.5371130 0.5110331 0.5276766 0.5172495 0.5324552 0.4682799 0.3248058 0.3665245 0.0000000 0.1685793 0.1773887 0.1682123 0.4950126 0.4913885 0.3216569 0.3088917 0.2988362 0.3533668 0.3252546 0.2412214 0.4712434 0.2694598 0.3310542 0.2758490 0.2694873 0.3501266 0.3322906 0.2427891 0.2765044 0.2190647 0.3521303 0.4168780 0.4749540 0.4587699 0.4530239 0.4737159 0.4983028 0.4330534 0.5121079 0.6733240 0.4557479 0.4597449 0.5008032 0.5370768 0.3999411 0.4228800 0.4197596 0.4251577 0.4102477 0.4102477 0.4036664 0.4036664 0.4060637 0.4173404 0.4908345 0.4305329 0.4993607 0.4424780 0.5748566 0.3042392 0.3115825 0.3513199 0.4148177 0.7016376 1.1350748 0.4024025 0.7049527 0.9041931 0.7971748 0.7174153 0.5682474 0.5036590 0.9624436 0.7548896 0.7726952 4.0717128 4.1946171 
Nemnom_g2494.t1                                                    0.8170201 0.8633745 0.7380534 0.8745928 0.7146166 0.6252484 0.7556407 0.6067217 0.7107874 0.5635582 0.5915968 0.6302262 0.5842268 0.6349129 0.6252592 0.7047867 0.5847125 0.5847125 0.5377232 0.6403561 0.6403561 0.6010065 0.5904927 0.6145648 0.7353033 0.6188250 0.5973649 0.5956787 0.5979001 0.6247536 0.5957475 0.3359107 0.3597234 0.1685793 0.0000000 0.0427467 0.1488452 0.5212741 0.5145826 0.3240173 0.3052552 0.3001358 0.3476023 0.3208269 0.2840564 0.4786526 0.2769000 0.2938579 0.2878700 0.2771556 0.3631703 0.3301858 0.2927559 0.3051964 0.1471787 0.3734761 0.4231877 0.4884390 0.4403760 0.4340179 0.4457210 0.4834080 0.4487941 0.5720703 0.5936583 0.4459797 0.4488137 0.4853321 0.5252148 0.3869529 0.4207560 0.4178160 0.4276554 0.4151967 0.4151967 0.4152153 0.4152153 0.3585206 0.4177651 0.5144434 0.4383992 0.5027527 0.4752110 0.5413607 0.2819579 0.3009137 0.3572166 0.3931820 0.6954452 1.3059547 0.3978766 0.6532456 0.8827727 0.9600817 0.7253200 0.6447691 0.4390274 1.0108218 0.9224098 0.8722665 4.4461912 4.6867578 
Rhoesc_Res_000469-T1                                               0.8117267 0.8574335 0.7344586 0.8632857 0.7036341 0.6207826 0.7423263 0.6012373 0.6991553 0.5589848 0.5821890 0.6185778 0.5740774 0.6346732 0.6239294 0.6972375 0.5772349 0.5772349 0.5193368 0.6280967 0.6280967 0.6093616 0.6047477 0.6240203 0.7373682 0.6210151 0.6188529 0.6149549 0.6164969 0.6380384 0.6053191 0.3575922 0.3674352 0.1773887 0.0427467 0.0000000 0.1235690 0.5159815 0.5152874 0.3209021 0.3115125 0.3021925 0.3493073 0.3258747 0.2840564 0.4706803 0.2878729 0.3229990 0.2920821 0.2774709 0.3538239 0.3316479 0.2876560 0.3094930 0.1612191 0.3763937 0.4268376 0.5372478 0.4373144 0.4452113 0.4531000 0.4753873 0.4521129 0.5807674 0.5917455 0.4459797 0.4823236 0.5019758 0.5832881 0.3776502 0.4453723 0.4468780 0.4416598 0.4227123 0.4227123 0.4292624 0.4292624 0.3508379 0.4303912 0.5006098 0.4343410 0.4974573 0.4876952 0.5414100 0.3175488 0.3056390 0.3500476 0.3968712 0.7865060 1.3024396 0.4196076 0.7619492 0.8770046 1.0366429 0.7387870 0.6610108 0.4622335 1.0279548 0.9484542 0.8945369 4.5366115 4.7814304 
