82
Plajan_Pjan_scaffold6726_01                                        0.0000000 2.9304984 2.7780217 2.9287272 2.8206951 2.3628681 1.7360218 2.3567834 2.0482929 2.1027401 2.1605993 4.0065789 2.2298534 2.5590118 2.4694199 2.4974378 2.3154719 2.1907311 2.0640606 2.2631902 1.8044017 1.9671543 2.3615308 2.0232413 1.8943459 2.0243123 2.1002161 2.1038449 2.2678000 2.2678000 2.1573935 1.8619877 1.9691910 2.4520336 1.6656416 2.2189221 2.2311392 2.3647739 2.2520302 2.4129635 1.9639616 2.1124586 1.9105158 2.3092784 2.2251800 2.8314017 3.4963665 4.2738484 3.1097927 2.7500099 2.6352517 3.2785233 3.6604251 4.1913043 4.0984893 4.2210390 3.4122561 1.8003274 2.2703494 1.9802835 3.4786583 2.0531838 2.3108810 2.6913727 2.6351368 2.3172228 2.3172228 2.8811368 2.8811368 2.7673280 2.3853202 3.3885270 3.1350271 2.5884293 2.6605652 2.2352063 3.1892277 2.6752728 2.4001887 3.2050189 3.2079329 4.4914215 
Lcom_lcpid63308                                                    2.9304984 0.0000000 0.3948750 0.4299613 0.4747895 0.9509605 3.1003124 2.1653873 2.0581995 2.3232417 2.0473150 2.3886175 2.3518199 2.2274860 2.6626394 2.4348422 2.3049894 2.2295850 2.0953427 2.2699551 1.9208383 1.9395246 1.9481426 1.9184004 1.9414524 1.9165945 2.0142304 2.0170248 2.1447364 2.1177958 2.1770649 1.9120402 1.9901586 2.1066579 2.7604573 2.3668063 2.3320336 2.4270297 2.2307489 2.2769843 1.8542463 1.9635964 2.1300914 2.2705003 2.1697405 2.1218484 2.0045810 1.9229330 2.1737536 2.2511183 2.2942068 2.2540229 1.9766953 2.4326090 2.2950899 2.1742867 2.4598696 1.8102342 2.0292358 1.6320131 2.5460452 2.4397250 2.7293204 2.7420308 2.7122839 2.5733859 2.5733859 2.3692958 2.3722466 2.2538697 2.0617273 2.0202645 2.3256156 2.2376190 2.1638060 2.0010366 2.4634596 2.2903050 2.8620994 2.9106554 2.7646628 2.7824673 
Scil_scict012961.2                                                 2.7780217 0.3948750 0.0000000 0.4746462 0.5576730 1.0927341 2.9848542 2.3038038 2.1224151 2.3968129 2.0542922 2.4710468 2.1221506 2.2890291 2.6132928 2.4511791 2.3891386 2.2584018 2.1825979 2.3798698 1.9552997 2.0897220 2.1486374 2.0877462 2.1066186 2.1463022 2.2084569 2.2011925 2.2563682 2.2679870 2.4267958 2.0933748 2.2246575 2.5342346 2.7814314 2.7471246 2.8119637 2.7065113 2.8816262 2.7305859 1.9233773 2.0487377 2.0336078 2.3684816 2.2240196 2.2009963 2.2356058 2.2070469 2.3170974 2.7051069 2.5529243 2.3808940 2.3003127 2.6888518 2.5363851 2.4671478 2.6647655 2.0499328 2.1797971 2.3500131 3.2698369 2.7630510 3.1425148 3.0017586 2.9767558 2.7166341 2.7166341 2.2271881 2.2296892 2.1823304 1.9920511 1.7707324 2.1769866 2.1352840 2.0415403 1.8669547 2.3810632 2.2014151 2.5943261 2.7471121 2.9757134 3.5258208 
Gracom_Gcom_C550590_01                                             2.9287272 0.4299613 0.4746462 0.0000000 0.5935284 0.9283822 3.0836231 2.4180064 2.2207583 2.5138596 2.0135482 2.6805789 2.0520878 2.2320533 2.6185676 2.2204507 2.1996878 2.1353399 2.0748652 2.2198863 1.8950675 1.9828320 1.9959848 2.0341901 2.0494564 2.0079961 2.1031321 2.1302897 2.1458643 2.1588852 2.4418098 2.0254289 2.2005704 2.3509836 2.5457735 2.5561267 2.5451664 2.4683014 2.4963945 2.4588444 1.9146950 2.0342382 2.1451180 2.4533399 2.4550009 2.2151113 2.2163793 2.1370208 2.1956665 2.6728000 2.6078873 2.3790264 2.5474807 2.6014869 2.4235527 2.4563119 2.5154694 2.0363103 2.1447978 2.6973753 3.2475800 2.4149929 2.8520312 2.7787387 2.7551636 2.6774324 2.6774324 2.2427888 2.1914112 2.2327615 2.1469727 1.9864854 2.2293289 2.3211962 2.1123899 2.0201132 2.6416551 2.3924148 2.6145780 2.8241521 2.8604276 3.4854751 
Leuniv_Lniv_scaffold19157_01                                       2.8206951 0.4747895 0.5576730 0.5935284 0.0000000 1.1737948 3.7512251 2.7122912 2.7013108 2.7943162 2.2098611 2.6668855 2.4560242 2.5963903 2.7565717 2.5916892 2.6381298 2.3782705 2.2502037 2.4678076 2.2162808 2.1919795 2.2485181 2.2270726 2.2245234 2.2987117 2.3129203 2.3099933 2.3597830 2.3665581 2.4648484 2.4833783 2.5781507 2.4148611 2.7657074 2.5985558 2.6379803 2.8849520 2.8012233 2.5225435 2.2260774 2.4270046 2.4809528 2.9768946 2.6786439 2.3734315 2.4152454 2.2335071 2.3238799 2.6239433 2.5997556 2.1242604 2.0903469 2.8689616 2.3706464 2.3236459 2.3978349 2.1789480 2.4295040 2.3215289 3.2034500 2.7130407 3.0799582 3.1660806 3.1332464 2.8644803 2.8644803 2.4687425 2.4718983 2.3355483 2.2522308 1.9099472 2.3520823 2.4394606 2.2321584 1.9820747 2.6553358 2.4589835 2.6456182 3.3304105 3.4253668 3.4910282 
Clacor_Ccor_C520315_01                                             2.3628681 0.9509605 1.0927341 0.9283822 1.1737948 0.0000000 1.4839404 1.6212513 1.4724741 1.4479176 1.4292663 1.7922599 1.5222071 1.4395958 1.7368457 1.7321433 1.5675378 1.6502267 1.5854362 1.6297476 1.1666636 1.2746837 1.4741138 1.2378654 1.2668187 1.3007395 1.3604767 1.3669239 1.7590346 1.7849027 1.6618085 1.5490324 1.5149937 1.5004424 1.6958500 1.5613653 1.5138035 1.5406078 1.6715277 1.7722013 1.3439663 1.2525977 1.6669701 1.3962071 1.3450232 1.4930873 1.5005682 1.4803535 1.7141018 1.7074579 1.6782017 1.5923753 1.7959770 2.2137175 1.9166230 1.8597983 1.7864002 1.6444606 1.7629148 1.9546017 1.6923287 1.9767453 1.9997764 2.0074690 1.9685162 2.0401490 2.0401490 1.8163827 1.8261681 1.8907820 1.6486864 1.7851597 1.7878780 1.8412144 1.8475725 1.8675599 2.2938028 1.8552651 2.0122706 2.1975839 2.2645354 3.0731156 
Lcom_lcpid173741                                                   1.7360218 3.1003124 2.9848542 3.0836231 3.7512251 1.4839404 0.0000000 1.0381686 0.8863537 0.9989330 1.2892350 0.0000010 1.1105077 1.6654414 1.4517567 1.6863941 1.5285333 1.4382619 1.3905898 1.4765598 1.1906061 1.2139053 1.1394595 1.2435205 1.1904868 1.1978153 1.2725974 1.2725974 1.6536457 1.6536457 1.7342704 1.1666397 1.0205718 1.1979945 1.4652731 1.3513883 1.3477606 1.1951618 1.8772773 1.4801466 1.3624288 1.1086489 1.1006016 1.3319308 1.3287213 1.9725965 2.3724382 2.0664797 2.7758647 2.4751239 2.2320570 2.3540803 2.4966248 3.1576354 2.9632483 2.8781714 2.8543557 2.1903283 2.1171669 0.0000010 0.0000010 1.5829593 2.0330301 2.2920719 2.2994829 2.2360146 2.2360146 2.4702120 2.4702120 2.1661307 0.0000010 0.0000010 1.9827582 1.8354078 1.8299560 1.5530599 3.6004154 2.0347743 2.4661470 1.8131046 1.8345785 5.2578542 
Cgig_XM_011441672.3                                                2.3567834 2.1653873 2.3038038 2.4180064 2.7122912 1.6212513 1.0381686 0.0000000 0.4056429 0.5896808 0.9508924 1.7916748 0.8955841 0.9432193 1.3150348 1.0326765 1.3335537 1.1937808 1.1475913 1.2472943 1.2867099 1.3825651 1.1301802 1.3213017 1.3719860 1.3379139 1.3798608 1.3771291 1.3954019 1.3878770 1.4752269 1.3739355 1.3580863 1.4536420 1.0814331 1.3634705 1.3871812 1.4677787 1.5828717 1.8802059 1.4047739 1.1324319 1.3476639 1.2057633 1.2013612 2.2862254 2.8354960 2.8796302 2.3897162 2.5117041 2.5529867 2.4325480 2.4829581 2.5267253 2.8851402 2.6893590 2.7399515 1.9473228 1.9033858 2.1097701 2.4562698 1.9625039 2.1986683 2.0604813 2.0513674 2.0425864 2.0425864 2.3521694 2.3849013 2.1596776 2.8052958 2.4212644 2.2278968 2.2494399 2.1870940 2.7770984 2.7991102 2.3997538 2.3688698 1.9424356 2.0297995 2.9396306 
Acagra_model.g8381.t1                                              2.0482929 2.0581995 2.1224151 2.2207583 2.7013108 1.4724741 0.8863537 0.4056429 0.0000000 0.4834403 0.8274325 1.4251923 0.8790125 0.9078822 1.2420957 0.8816570 1.2404542 1.1500835 1.0952179 1.1853904 1.2173893 1.2409607 1.0677298 1.3110087 1.2901377 1.2280720 1.3038331 1.3076982 1.2336351 1.2252868 1.4487925 1.3890673 1.3340121 1.4149543 1.1574539 1.3743663 1.4090365 1.4051425 1.6134062 1.8853131 1.2649319 1.0419051 1.2758549 1.1744233 1.0645500 2.1783236 2.7083344 2.7009798 2.3131514 2.2765644 2.3603015 2.2870548 2.2459765 2.2486087 2.6651959 2.3396792 2.6679707 1.9453473 1.7659052 2.1620156 2.3582811 1.9710154 2.1491105 1.9978308 1.9887364 1.8899485 1.8899485 2.1611920 2.1857913 1.9729413 2.5759557 2.2628408 2.0128776 1.9730417 2.0232773 2.6171338 2.4339486 2.0659406 2.2186273 2.0667187 1.9765812 2.4828813 
Ctel_gnl_WGS_AMQN_CAPTEDRAFT_mRNA195586                            2.1027401 2.3232417 2.3968129 2.5138596 2.7943162 1.4479176 0.9989330 0.5896808 0.4834403 0.0000000 0.9574269 1.4713976 0.8568136 1.0240696 1.1924481 1.1386245 1.3360561 1.2817527 1.2039429 1.2220439 1.3057005 1.3243982 1.1267604 1.3738319 1.4102577 1.4359305 1.5004764 1.4956876 1.2893423 1.2822987 1.4623230 1.5846348 1.3103236 1.5668790 1.3387724 1.6049549 1.5796555 1.4803717 1.7397193 2.0238624 1.4790551 1.1179393 1.4001494 1.1558934 1.1479166 2.2436449 2.6160584 2.5903443 2.3129160 2.2956537 2.3173949 2.2245992 2.3382121 2.3265827 2.5813946 2.3656956 2.5164199 2.0647680 1.9603404 2.2420995 2.3260370 1.9626882 2.1573952 2.1223303 2.1070862 2.0899884 2.0899884 2.2640682 2.2557749 2.0195689 2.3238375 2.0658077 2.2638024 2.1538403 2.1688493 2.4990061 2.5987806 2.2926577 2.5165439 2.1191186 1.9885016 2.5571736 
Cscu_XM_023363428.1                                                2.1605993 2.0473150 2.0542922 2.0135482 2.2098611 1.4292663 1.2892350 0.9508924 0.8274325 0.9574269 0.0000000 0.6207343 0.6818911 0.7714219 1.0358713 0.6450772 1.3487690 1.3043787 1.2131688 1.2830885 1.3202492 1.3566507 1.2262998 1.4148602 1.3572211 1.3335334 1.3752989 1.3866390 1.3987175 1.3891967 1.4867091 1.2723964 1.3127575 1.3225848 0.9954975 1.4824211 1.4582149 1.3754996 1.6912193 1.7140972 1.2590372 1.1190717 1.2805613 1.3857265 1.2223176 2.2946402 2.7518868 2.7542011 2.4284795 2.6393472 2.2450375 2.2616049 2.2379720 2.4134510 2.5131197 2.4424165 2.4361686 1.9422778 2.3199449 1.5500172 2.2336964 1.6893037 2.0395512 1.9537641 1.9608461 1.8924223 1.8924223 2.1715922 2.1761820 1.9387823 2.4346196 2.1025841 1.9630113 1.9002754 1.9389645 2.2457154 2.5078141 2.1396307 1.9295413 2.2134959 2.0690556 2.9196806 
Cscu_XM_023388184.1                                                4.0065789 2.3886175 2.4710468 2.6805789 2.6668855 1.7922599 0.0000010 1.7916748 1.4251923 1.4713976 0.6207343 0.0000000 0.8832124 1.2135563 2.2062599 9.0000000 2.5579894 2.6720408 2.3156244 2.3036067 2.6707757 2.7484809 1.9767624 2.8760403 2.7785559 2.7016887 2.8728854 2.8361161 2.2978064 2.2470224 2.2068530 2.0381348 2.4494236 2.3748491 0.0000010 3.1592886 2.7470263 2.5490875 2.8978387 3.0805089 1.9833414 1.8320365 2.2275264 1.9892445 2.0285904 3.3653795 3.7755253 3.7755253 2.7575130 3.4893960 3.3197887 3.3071466 3.3873799 2.7184430 2.9013108 3.6402072 3.4144905 2.0777549 0.0000010 1.9412994 2.8065386 2.0211667 2.2437007 2.0082905 2.0798490 1.9429204 1.9429204 4.1049450 4.0148408 3.5368376 3.2976441 2.7242446 3.8264333 4.1209991 4.1863064 3.9245832 3.5756341 3.5875096 0.0000010 3.1983371 2.8584047 0.0000010 
Dpul_mRNA8971                                                      2.2298534 2.3518199 2.1221506 2.0520878 2.4560242 1.5222071 1.1105077 0.8955841 0.8790125 0.8568136 0.6818911 0.8832124 0.0000000 0.6940791 0.8261085 1.0781327 1.4650422 1.4299635 1.3708457 1.4426930 1.1262001 1.1173130 1.2338784 1.1793267 1.1704494 1.1030364 1.1494299 1.1565337 1.4788669 1.4739763 1.5252305 1.2339148 1.2358423 1.2325257 0.9924921 1.2273433 1.2303556 1.1618666 1.5726308 1.6247170 1.1675989 1.0354063 1.1726984 1.1304088 1.1243294 1.9509169 2.0263801 1.9960618 2.0426367 2.1971405 2.1083432 2.1240264 2.3309772 2.6561908 2.3825151 2.2796857 2.3202259 1.8910389 2.0530469 1.6827502 1.6894613 1.7322320 2.0506156 1.9935690 2.0264347 1.9446101 1.9446101 1.9703871 1.9431850 1.6477003 1.8870904 2.1287042 1.7483894 1.8516709 1.7784216 2.1200295 2.2660248 1.9036289 2.1678298 1.9827491 2.1563558 3.3840844 
Tcas_TC015429_001                                                  2.5590118 2.2274860 2.2890291 2.2320533 2.5963903 1.4395958 1.6654414 0.9432193 0.9078822 1.0240696 0.7714219 1.2135563 0.6940791 0.0000000 0.9544190 0.9547338 1.4245531 1.3657440 1.2605023 1.3719131 1.1379241 1.1225028 1.1060826 1.2030654 1.2331773 1.1474282 1.1982694 1.1985706 1.4597947 1.4551998 1.4927615 1.3109601 1.3046168 1.3942455 1.0928631 1.4399730 1.4643965 1.2554707 1.6845367 1.7491538 1.3451895 1.2694315 1.2843476 1.2884909 1.1727541 2.0675161 2.4024606 2.2742082 2.2732859 2.3641477 2.2171984 2.0782667 2.4400808 2.7439715 2.5064623 2.3856879 2.4421127 1.8385139 1.9214891 1.6448053 1.8571388 1.7831085 2.1082913 2.0853486 2.1211564 1.9123187 1.9123187 1.9925592 2.0062213 1.8781486 2.4314435 2.3815786 2.1245567 2.0713324 1.9819852 2.4561953 2.6076359 2.2337220 1.9240492 1.9271509 2.1156700 2.7302520 
Dpul_mRNA14673                                                     2.4694199 2.6626394 2.6132928 2.6185676 2.7565717 1.7368457 1.4517567 1.3150348 1.2420957 1.1924481 1.0358713 2.2062599 0.8261085 0.9544190 0.0000000 1.1425894 1.5803088 1.5765611 1.5276905 1.6455685 1.6154709 1.6195740 1.3227878 1.8199963 1.7642942 1.7283142 1.7891768 1.7833048 1.8156513 1.8096615 1.8050411 1.5186217 1.6551844 1.7694818 0.9271531 1.9454521 1.9194950 1.9243528 2.0681520 2.0918233 1.6896770 1.5389865 1.7579736 1.7053580 1.5828077 2.7700989 3.5482108 3.5280925 2.4151122 2.7690906 2.5331083 2.3533699 2.7084302 2.5205801 2.7757071 2.7697617 2.4810729 2.0006827 2.1016767 2.2430019 4.1083438 2.1264031 2.4723892 2.5488674 2.5331958 2.2251984 2.2251984 2.1265329 2.1324102 2.0750352 2.9566827 2.3786894 2.1283764 2.1967587 2.1187351 2.8414227 2.6112400 2.1502990 1.9211988 2.2571051 2.2846278 3.8234375 
Cscu_XM_023388183.1                                                2.4974378 2.4348422 2.4511791 2.2204507 2.5916892 1.7321433 1.6863941 1.0326765 0.8816570 1.1386245 0.6450772 9.0000000 1.0781327 0.9547338 1.1425894 0.0000000 1.5071419 1.6084541 1.5535468 1.4857500 1.2962077 1.3509637 1.4171239 1.3302274 1.3320781 1.3548232 1.3776986 1.3823806 1.7889547 1.7878748 1.8207544 1.4915055 1.4894166 1.4470942 1.5222459 1.5343385 1.5476576 1.3814542 1.7814958 1.9920564 1.4968181 1.3395903 1.4113568 1.2840568 1.1747507 2.2299498 2.3367134 2.3988596 2.5399986 2.5563336 2.4475379 2.6225450 2.6108648 2.9507195 2.8109239 2.4822267 2.6056430 2.2725963 2.0354105 4.0736658 2.8489921 1.8749924 2.2048904 2.0983480 2.1202514 2.1954513 2.1954513 2.1263777 2.1398436 1.9385701 1.8842815 2.1105837 1.8762551 1.8308932 1.8177248 1.7470244 2.3830219 2.1180104 2.3543410 2.5616787 2.3057950 2.6599753 
Fspp_ffun1.m4.11720.m1                                             2.3154719 2.3049894 2.3891386 2.1996878 2.6381298 1.5675378 1.5285333 1.3335537 1.2404542 1.3360561 1.3487690 2.5579894 1.4650422 1.4245531 1.5803088 1.5071419 0.0000000 0.2760531 0.2479572 0.1801973 0.4826037 0.5057267 0.8319065 0.5495614 0.5567499 0.5316486 0.5958311 0.5884876 0.5893702 0.5996415 0.5551398 1.0684705 1.2103534 1.2463950 1.2678802 1.2188384 1.2767145 1.3026389 1.4432750 1.5788558 1.3471056 1.1909185 1.2710066 1.5449467 1.5287227 2.3796143 2.7909178 2.4960830 2.3504203 2.2891341 2.3643059 2.2146610 2.3387858 2.6393606 2.5034961 2.3543355 2.2769100 1.9907235 2.0675011 2.5531399 1.7321414 2.3253251 2.4198686 2.2163102 2.3134357 2.4456774 2.4456774 2.1256789 2.1281623 2.1674280 2.6649787 2.7040177 2.1597035 2.1752582 2.1706546 2.2924194 2.8289659 2.4130653 2.8353752 2.3405446 2.5801048 2.6220610 
Spis_XP_022783123_1                                                2.1907311 2.2295850 2.2584018 2.1353399 2.3782705 1.6502267 1.4382619 1.1937808 1.1500835 1.2817527 1.3043787 2.6720408 1.4299635 1.3657440 1.5765611 1.6084541 0.2760531 0.0000000 0.0569838 0.2848358 0.4708785 0.4867690 0.7702200 0.5078627 0.5144645 0.5188408 0.5593498 0.5518747 0.5614243 0.5620266 0.5643173 1.0041140 1.1384569 1.1459846 1.2547781 1.1552057 1.1889024 1.2826875 1.3651081 1.4457758 1.2535259 1.1572397 1.2056360 1.3580104 1.3752842 2.2477770 2.5153323 2.2723867 2.3093896 2.2542391 2.3930782 2.2622632 2.4587166 2.5962295 2.5643211 2.4236772 2.2414431 1.9003647 2.0175394 2.0984182 1.4319919 2.2040025 2.3452620 2.1345702 2.2281877 2.3605888 2.3605888 1.8763731 1.9318447 2.0583250 2.1966582 2.2363421 2.0272414 1.8760971 1.9340700 2.1462988 2.4020207 2.0884829 3.2331800 2.3198932 2.6563939 2.7319668 
Pocdam_XM_027185569.1                                              2.0640606 2.0953427 2.1825979 2.0748652 2.2502037 1.5854362 1.3905898 1.1475913 1.0952179 1.2039429 1.2131688 2.3156244 1.3708457 1.2605023 1.5276905 1.5535468 0.2479572 0.0569838 0.0000000 0.2508336 0.4296121 0.4405514 0.7383750 0.4600971 0.4663836 0.4752399 0.4952334 0.4882084 0.5360295 0.5366062 0.5285779 0.9639704 1.0958878 1.1023918 1.2111698 1.0813145 1.1134164 1.1941886 1.3364422 1.3953537 1.1494068 1.0646957 1.1314251 1.2803122 1.2824301 2.1383967 2.4113928 2.1689915 2.2585867 2.1887045 2.2913766 2.1574040 2.3690137 2.5430499 2.4373587 2.3099611 2.1446769 1.9061884 2.0288078 2.1451250 1.4103679 2.0212987 2.2062502 2.0100259 2.0976046 2.2564090 2.2564090 1.8749144 1.9303373 2.0332597 2.2680918 2.0987230 1.9838617 1.8787003 1.9296173 2.1525797 2.4920006 2.1568115 3.0115143 2.2174261 2.5408411 2.6094362 
Gasp_gasp1.m3.573.m1                                               2.2631902 2.2699551 2.3798698 2.2198863 2.4678076 1.6297476 1.4765598 1.2472943 1.1853904 1.2220439 1.2830885 2.3036067 1.4426930 1.3719131 1.6455685 1.4857500 0.1801973 0.2848358 0.2508336 0.0000000 0.4038856 0.4000862 0.7246577 0.4543650 0.4585722 0.4588932 0.5040384 0.4973531 0.5747306 0.5846958 0.5643977 1.0143720 1.1183520 1.1402430 1.1740691 1.1411974 1.1624148 1.2488920 1.4311054 1.4878680 1.3882303 1.1823233 1.2898262 1.3908720 1.4476091 2.3235315 2.7181474 2.4247035 2.4783000 2.3744624 2.5337550 2.4093564 2.4816950 2.7035452 2.5104079 2.4810770 2.4305842 2.0180325 2.0752533 2.3926756 1.6659294 2.1764121 2.3642062 2.1131047 2.2053357 2.4330352 2.4330352 1.9442772 1.9463881 1.9614833 2.4310079 2.2281734 1.9225943 1.9806527 2.0559318 2.2771523 2.6090708 2.2173591 2.7765634 2.2828227 2.5311609 2.6937851 
Fspp_ffun1.m4.27684.m1                                             1.8044017 1.9208383 1.9552997 1.8950675 2.2162808 1.1666636 1.1906061 1.2867099 1.2173893 1.3057005 1.3202492 2.6707757 1.1262001 1.1379241 1.6154709 1.2962077 0.4826037 0.4708785 0.4296121 0.4038856 0.0000000 0.1612519 0.3732282 0.2457250 0.2150284 0.2413237 0.2777528 0.2801626 0.4968294 0.4941004 0.5810425 0.9848182 1.1096033 1.1842861 0.6813112 1.1093549 1.1719261 1.1459404 1.5110405 1.6632224 1.3817277 1.1815779 1.3182189 1.3580417 1.5017277 2.1846920 2.3832608 2.3713335 2.5768398 2.4520518 2.4417387 2.2623972 2.3754227 2.7935383 2.6939882 2.4776676 2.6128550 1.8238847 1.7638545 2.2173669 2.0539932 1.8979649 2.1246538 1.9195972 1.9844013 2.0504539 2.0504539 1.8852957 1.8870899 1.9984656 2.7575260 2.0832683 1.9240969 1.9275228 1.9484252 2.4267360 2.3771026 1.9765915 1.8436419 2.5662991 2.4720154 2.5756894 
Gasp_gasp1.m3.14313.m1                                             1.9671543 1.9395246 2.0897220 1.9828320 2.1919795 1.2746837 1.2139053 1.3825651 1.2409607 1.3243982 1.3566507 2.7484809 1.1173130 1.1225028 1.6195740 1.3509637 0.5057267 0.4867690 0.4405514 0.4000862 0.1612519 0.0000000 0.3316942 0.2311330 0.2128657 0.2498286 0.2576350 0.2628110 0.4985254 0.4848880 0.5966958 1.0219964 1.0730433 1.1722482 0.7528716 1.1163010 1.1677145 1.0890171 1.5070452 1.5558816 1.4322649 1.1662456 1.3260775 1.4166539 1.5735652 2.2009667 2.5471094 2.5270379 2.4306840 2.3830859 2.2361905 2.1200723 2.2973512 2.8467322 2.5909421 2.4372484 2.4735989 1.8601085 1.8100851 1.9852149 1.9299479 1.8366262 1.9937289 1.7941576 1.8698056 1.9556913 1.9556913 1.9157646 1.8725717 1.8844930 2.6882940 2.0795647 1.8844616 1.8169048 1.8445613 2.4281974 2.3516380 1.9183530 2.0322687 2.4318308 2.4231713 2.5902420 
Nvec_v1g171367                                                     2.3615308 1.9481426 2.1486374 1.9959848 2.2485181 1.4741138 1.1394595 1.1301802 1.0677298 1.1267604 1.2262998 1.9767624 1.2338784 1.1060826 1.3227878 1.4171239 0.8319065 0.7702200 0.7383750 0.7246577 0.3732282 0.3316942 0.0000000 0.3981713 0.3907176 0.3530142 0.3752392 0.3758967 0.8738511 0.8582837 0.7489446 0.7737503 0.8222028 0.9286997 0.8223848 0.8671045 0.8858178 0.9130974 1.1637659 1.1053925 1.1598293 1.0663069 0.9614005 1.2728470 1.2857585 1.9384111 1.9993902 1.8792258 2.2167827 2.0744879 1.9212008 2.0693701 2.2400542 2.8050933 2.6664745 2.5410734 2.4582650 2.0020112 1.8683985 2.1670931 0.9768854 1.8742141 1.9575670 1.8437954 1.9393912 1.9910251 1.9910251 1.8587632 1.8854271 1.7129612 2.0963301 2.0003682 1.6740072 1.7268488 1.7109652 2.0778836 2.4743428 1.9423966 2.2066999 2.1648905 2.3789736 2.5352724 
Spis_XP_022801474_1                                                2.0232413 1.9184004 2.0877462 2.0341901 2.2270726 1.2378654 1.2435205 1.3213017 1.3110087 1.3738319 1.4148602 2.8760403 1.1793267 1.2030654 1.8199963 1.3302274 0.5495614 0.5078627 0.4600971 0.4543650 0.2457250 0.2311330 0.3981713 0.0000000 0.0683924 0.3134408 0.3094963 0.3040585 0.5251668 0.5153881 0.6839701 1.1478092 1.2293577 1.2362160 0.8146927 1.2122227 1.2669352 1.1906338 1.6342848 1.6392238 1.4632829 1.2752483 1.4856432 1.4496021 1.6569335 2.1819487 2.4308206 2.3868787 2.4419471 2.3584263 2.2999273 2.1024815 2.3674925 2.9684281 2.6543228 2.4868847 2.6942372 2.0008106 1.8972291 2.5213231 2.2958373 1.8944671 2.1325092 1.9544746 2.0330353 2.1427576 2.1427576 2.1390301 2.1109369 2.0846095 2.8792646 2.1311667 2.1625588 2.0211250 2.0133889 2.5892525 2.5976405 2.1035439 2.0415414 2.6160334 2.4926262 2.4907957 
Pocdam_XM_027188028.1                                              1.8943459 1.9414524 2.1066186 2.0494564 2.2245234 1.2668187 1.1904868 1.3719860 1.2901377 1.4102577 1.3572211 2.7785559 1.1704494 1.2331773 1.7642942 1.3320781 0.5567499 0.5144645 0.4663836 0.4585722 0.2150284 0.2128657 0.3907176 0.0683924 0.0000000 0.3065620 0.2966442 0.2913266 0.5163477 0.5067555 0.6555187 1.1145702 1.2429081 1.1857520 0.7563400 1.2022729 1.2599664 1.1860258 1.6281609 1.6307926 1.4613918 1.3230299 1.4425977 1.4612426 1.5991285 2.2146357 2.4419641 2.3816143 2.4611107 2.3983585 2.3278381 2.0446235 2.3406384 2.9686609 2.7655935 2.4757925 2.7598730 1.9222213 1.8594222 2.4421514 2.3107489 1.8885528 2.0925171 1.8997240 1.9766793 2.0856104 2.0856104 2.1642591 2.1250750 2.1369350 2.9763796 2.0718210 2.1662028 2.0334900 2.0635996 2.5630944 2.5843078 2.0898806 2.0005900 2.5728711 2.4241026 2.3973895 
Gfas_gfas1.m1.13176.m1                                             2.0243123 1.9165945 2.1463022 2.0079961 2.2987117 1.3007395 1.1978153 1.3379139 1.2280720 1.4359305 1.3335334 2.7016887 1.1030364 1.1474282 1.7283142 1.3548232 0.5316486 0.5188408 0.4752399 0.4588932 0.2413237 0.2498286 0.3530142 0.3134408 0.3065620 0.0000000 0.2081929 0.2136938 0.5329272 0.5224506 0.6358712 1.0548967 1.1438657 1.0466735 0.7497572 1.0715369 1.1008075 1.0631528 1.5261820 1.5774926 1.5266261 1.3827886 1.2752316 1.4001076 1.5822575 2.3412711 2.5008231 2.5239507 2.5493339 2.4482028 2.4707284 2.2280773 2.4809704 2.8995533 2.7908391 2.6521160 2.7999430 1.9846222 1.7968008 2.4493810 1.7244244 2.0460847 2.1434822 1.9561661 2.0360799 2.1161449 2.1161449 2.1023151 2.0926544 2.0500693 3.0424673 2.2080032 2.0970146 2.0561696 2.0574445 2.7607643 2.4958247 2.0824683 2.0352480 2.6521179 2.4096366 2.5698217 
Amil_Amillepora31787-RA                                            2.1002161 2.0142304 2.2084569 2.1031321 2.3129203 1.3604767 1.2725974 1.3798608 1.3038331 1.5004764 1.3752989 2.8728854 1.1494299 1.1982694 1.7891768 1.3776986 0.5958311 0.5593498 0.4952334 0.5040384 0.2777528 0.2576350 0.3752392 0.3094963 0.2966442 0.2081929 0.0000000 0.0146066 0.5895620 0.5743861 0.6623715 1.1821763 1.2132753 1.0755227 0.7415077 1.0670701 1.1267915 1.1437037 1.5993064 1.7146050 1.6159978 1.3174544 1.4499212 1.4187207 1.5587712 2.4391289 2.7039182 2.6449977 2.5782950 2.5864419 2.4818240 2.0795135 2.5674600 2.9813166 2.7776392 2.6331848 2.7352899 2.0315416 1.8740667 2.3904481 1.7746811 1.9861654 2.1669076 1.8780128 1.9550725 2.1009963 2.1009963 2.1685267 2.1367529 2.0532047 3.1167442 2.1834771 2.1773155 2.0415372 2.0580173 2.6486800 2.5585031 2.1987251 2.0169018 2.7074709 2.4765820 2.5282723 
Adig_XM_015896533.1                                                2.1038449 2.0170248 2.2011925 2.1302897 2.3099933 1.3669239 1.2725974 1.3771291 1.3076982 1.4956876 1.3866390 2.8361161 1.1565337 1.1985706 1.7833048 1.3823806 0.5884876 0.5518747 0.4882084 0.4973531 0.2801626 0.2628110 0.3758967 0.3040585 0.2913266 0.2136938 0.0146066 0.0000000 0.5906756 0.5754738 0.6554998 1.1855229 1.2188028 1.0712952 0.7415077 1.0635813 1.1224589 1.1593469 1.6077976 1.6885047 1.5805919 1.2962772 1.4413700 1.3968685 1.5421449 2.4275819 2.6909275 2.6309501 2.5839751 2.5702180 2.4834617 2.0845419 2.5277661 2.9855175 2.8147370 2.6326109 2.7317992 2.0081533 1.8794043 2.4029559 1.8142801 1.9736897 2.1770325 1.8688768 1.9452561 2.1008483 2.1008483 2.1495017 2.1179824 2.0863780 3.0340327 2.1886983 2.1877787 2.0252142 2.0416333 2.6265165 2.5537831 2.1920878 2.0281670 2.6871496 2.4470178 2.5282723 
Amil_Amillepora25390-RA                                            2.2678000 2.1447364 2.2563682 2.1458643 2.3597830 1.7590346 1.6536457 1.3954019 1.2336351 1.2893423 1.3987175 2.2978064 1.4788669 1.4597947 1.8156513 1.7889547 0.5893702 0.5614243 0.5360295 0.5747306 0.4968294 0.4985254 0.8738511 0.5251668 0.5163477 0.5329272 0.5895620 0.5906756 0.0000000 0.0111220 0.2399780 1.1224923 1.2426975 1.3988085 1.3246309 1.3791472 1.3339350 1.3105632 1.5985722 1.5850724 1.2886183 1.2630561 1.3850449 1.4890535 1.5348948 2.4151638 2.6971313 2.4308181 2.6288384 2.3545341 2.4838285 2.2244334 2.3886038 2.7196116 2.5339701 2.6069149 2.6618048 1.9551636 2.1423449 1.8590681 1.6454283 1.8172120 2.0275569 1.8663974 1.9551325 2.2086096 2.2086096 2.0696873 2.0912378 2.1330375 2.3382497 2.3269653 2.0941101 1.9458710 2.0129691 2.2585567 2.4849399 2.1649499 2.9047657 2.6707273 2.8568701 2.9121015 
Adig_XM_015924962.1                                                2.2678000 2.1177958 2.2679870 2.1588852 2.3665581 1.7849027 1.6536457 1.3878770 1.2252868 1.2822987 1.3891967 2.2470224 1.4739763 1.4551998 1.8096615 1.7878748 0.5996415 0.5620266 0.5366062 0.5846958 0.4941004 0.4848880 0.8582837 0.5153881 0.5067555 0.5224506 0.5743861 0.5754738 0.0111220 0.0000000 0.2437018 1.1154089 1.2406734 1.3963191 1.3246309 1.3579546 1.3131948 1.3022153 1.5979765 1.5844514 1.2823149 1.2725084 1.3875649 1.4724184 1.5389878 2.4248180 2.7100970 2.4443000 2.6417242 2.3476105 2.4764607 2.2420220 2.3622951 2.7135270 2.5054908 2.5783915 2.6838146 1.9419864 2.1386235 1.8180687 1.5935091 1.8024116 2.0077084 1.8441778 1.9319901 2.1851390 2.1851390 2.0609566 2.0823706 2.1376775 2.3494423 2.3566342 2.0766755 1.9301284 1.9968671 2.2198354 2.4648088 2.1503099 2.9047657 2.6950956 2.8500879 2.9259436 
Gfas_gfas1.m1.17748.m1                                             2.1573935 2.1770649 2.4267958 2.4418098 2.4648484 1.6618085 1.7342704 1.4752269 1.4487925 1.4623230 1.4867091 2.2068530 1.5252305 1.4927615 1.8050411 1.8207544 0.5551398 0.5643173 0.5285779 0.5643977 0.5810425 0.5966958 0.7489446 0.6839701 0.6555187 0.6358712 0.6623715 0.6554998 0.2399780 0.2437018 0.0000000 1.1667722 1.3579411 1.5949786 1.3687622 1.4834153 1.4917646 1.4325522 1.6813114 1.8246059 1.4642665 1.4187060 1.6034936 1.6396492 1.7360162 2.4074362 2.6809884 2.4761460 2.5341741 2.3247130 2.3912455 2.1962165 2.2619736 2.6655329 2.5019243 2.5529440 2.5851262 2.0780499 2.1597330 2.3300825 1.9381061 2.0728459 2.2708856 2.0277077 2.1182744 2.4245094 2.4245094 2.0948563 2.1409507 2.4135086 3.0156665 2.2838877 2.2666498 2.0558413 2.1160500 2.6160780 2.8655921 2.3574330 2.6911258 2.6975086 2.8014252 3.1020550 
Dgig_XM_028551346.1                                                1.8619877 1.9120402 2.0933748 2.0254289 2.4833783 1.5490324 1.1666397 1.3739355 1.3890673 1.5846348 1.2723964 2.0381348 1.2339148 1.3109601 1.5186217 1.4915055 1.0684705 1.0041140 0.9639704 1.0143720 0.9848182 1.0219964 0.7737503 1.1478092 1.1145702 1.0548967 1.1821763 1.1855229 1.1224923 1.1154089 1.1667722 0.0000000 0.4753769 1.2291024 0.7369591 1.3032442 1.3761835 1.2725991 1.4535999 1.6543748 1.5069003 1.4054953 1.6933498 1.4432133 1.5855810 2.6735399 3.1649447 3.1836409 2.5530154 2.4537219 2.3865277 2.4823436 2.4494256 2.5926015 2.4507205 2.4270133 2.3076572 1.6922679 1.6451097 2.2890599 2.2440573 1.9917519 2.2141432 2.1073816 2.1398716 2.2358230 2.2358230 2.2680071 2.2911406 2.1810032 3.4034463 2.3882830 2.3395608 2.2986327 2.3305654 3.3447141 2.6911065 2.2822254 2.1322154 2.4593637 2.2901120 3.7337018 
Xesp_024709-T1                                                     1.9691910 1.9901586 2.2246575 2.2005704 2.5781507 1.5149937 1.0205718 1.3580863 1.3340121 1.3103236 1.3127575 2.4494236 1.2358423 1.3046168 1.6551844 1.4894166 1.2103534 1.1384569 1.0958878 1.1183520 1.1096033 1.0730433 0.8222028 1.2293577 1.2429081 1.1438657 1.2132753 1.2188028 1.2426975 1.2406734 1.3579411 0.4753769 0.0000000 1.2389537 0.6754344 1.3678346 1.4287760 1.1823815 1.5933098 1.7171354 1.5348178 1.4141640 1.6942420 1.4087744 1.5294474 2.4313994 2.9169593 2.9244238 2.3487858 2.2667235 2.3260833 2.2399655 2.5887717 2.6984568 2.6024095 2.6757200 2.4588241 1.7924162 1.7962063 2.1082308 1.9892286 1.9558570 2.1360137 1.9531516 2.0128286 1.9904987 1.9904987 2.5209272 2.5472041 2.1207582 3.1905635 2.3366055 2.4072703 2.2130725 2.2266642 3.2560146 2.6563314 2.2125497 2.3093899 2.2676174 2.0411100 3.8371981 
Sanmal_Sma_024114-T1                                               2.4520336 2.1066579 2.5342346 2.3509836 2.4148611 1.5004424 1.1979945 1.4536420 1.4149543 1.5668790 1.3225848 2.3748491 1.2325257 1.3942455 1.7694818 1.4470942 1.2463950 1.1459846 1.1023918 1.1402430 1.1842861 1.1722482 0.9286997 1.2362160 1.1857520 1.0466735 1.0755227 1.0712952 1.3988085 1.3963191 1.5949786 1.2291024 1.2389537 0.0000000 0.2707778 0.4701973 0.4569357 0.6731065 1.0127262 1.1315109 1.4750126 1.4232056 1.5693488 1.5609743 1.5208905 2.2843569 2.4509695 2.3803317 2.2388202 2.3961700 2.3528343 2.0054416 2.2549144 2.8761844 2.5044777 2.5334240 2.5532761 2.0868080 2.1938039 2.1029854 0.9326493 2.0058742 2.0934711 1.9219928 1.9241815 2.0452698 2.0452698 2.5177715 2.5470030 2.2432074 3.1293107 2.5425230 2.5055703 2.2509628 2.3449434 3.0423912 2.8828962 2.4393315 2.4040564 2.7574293 2.4813933 3.0057428 
Aaur_scaffold3.g62.t1                                              1.6656416 2.7604573 2.7814314 2.5457735 2.7657074 1.6958500 1.4652731 1.0814331 1.1574539 1.3387724 0.9954975 0.0000010 0.9924921 1.0928631 0.9271531 1.5222459 1.2678802 1.2547781 1.2111698 1.1740691 0.6813112 0.7528716 0.8223848 0.8146927 0.7563400 0.7497572 0.7415077 0.7415077 1.3246309 1.3246309 1.3687622 0.7369591 0.6754344 0.2707778 0.0000000 0.2238663 0.2064039 0.5589984 0.8671297 0.9013182 1.0421751 1.0320696 1.0708986 1.2784004 1.2376092 2.3387501 3.1047684 3.8578992 2.4507502 2.2652175 2.2583276 2.3029984 2.5003537 3.2096242 3.4828464 3.3106776 2.9826778 2.3314843 2.3920976 0.0000010 2.3777991 1.9075638 2.2321494 2.1808061 2.1141749 2.1876591 2.1876591 1.9898607 1.9898607 1.6535509 9.0000000 0.0000010 1.6586465 1.5646367 1.5985041 3.7195040 3.2054231 1.7512126 2.4082727 2.3988542 2.1408056 6.0895110 
Rhoesc_Res_017155-T1                                               2.2189221 2.3668063 2.7471246 2.5561267 2.5985558 1.5613653 1.3513883 1.3634705 1.3743663 1.6049549 1.4824211 3.1592886 1.2273433 1.4399730 1.9454521 1.5343385 1.2188384 1.1552057 1.0813145 1.1411974 1.1093549 1.1163010 0.8671045 1.2122227 1.2022729 1.0715369 1.0670701 1.0635813 1.3791472 1.3579546 1.4834153 1.3032442 1.3678346 0.4701973 0.2238663 0.0000000 0.1251934 0.7737492 1.0474776 1.1355677 1.5621127 1.3312228 1.6099055 1.6513060 1.7369918 2.3884509 2.7120825 2.7019391 2.3471247 2.3791289 2.3202092 2.1216109 2.2498159 3.0374843 2.7103793 2.6549022 2.6821518 2.1113660 2.0891448 2.1401885 0.5749463 2.0077313 2.1543651 2.0215542 2.0042340 1.9736153 1.9736153 2.2867029 2.3880888 2.0389187 3.0498347 2.5354282 2.2614335 2.1832014 2.2430486 3.0516593 2.9172143 2.3725350 2.1040373 3.1136134 2.7532826 3.1265430 
Nemnom_g13208.t1                                                   2.2311392 2.3320336 2.8119637 2.5451664 2.6379803 1.5138035 1.3477606 1.3871812 1.4090365 1.5796555 1.4582149 2.7470263 1.2303556 1.4643965 1.9194950 1.5476576 1.2767145 1.1889024 1.1134164 1.1624148 1.1719261 1.1677145 0.8858178 1.2669352 1.2599664 1.1008075 1.1267915 1.1224589 1.3339350 1.3131948 1.4917646 1.3761835 1.4287760 0.4569357 0.2064039 0.1251934 0.0000000 0.8125687 1.0469678 1.1822922 1.5785698 1.3886471 1.7033703 1.6260607 1.6738923 2.4724539 2.7629728 2.7444224 2.3147658 2.4644573 2.4064854 2.2016180 2.3951829 3.0595482 2.6739663 2.5985663 2.6854985 2.2085341 2.2010742 2.3627093 0.6281997 1.9685157 2.1427220 1.9984076 2.0014317 1.9701691 1.9701691 2.4093804 2.5158333 2.1603715 3.1939582 2.6957044 2.3269646 2.2808801 2.3028916 3.1174824 3.1617929 2.5081973 2.1863431 3.0880368 2.7097869 3.0498869 
Morvir_scaffold46.g78.t1                                           2.3647739 2.4270297 2.7065113 2.4683014 2.8849520 1.5406078 1.1951618 1.4677787 1.4051425 1.4803717 1.3754996 2.5490875 1.1618666 1.2554707 1.9243528 1.3814542 1.3026389 1.2826875 1.1941886 1.2488920 1.1459404 1.0890171 0.9130974 1.1906338 1.1860258 1.0631528 1.1437037 1.1593469 1.3105632 1.3022153 1.4325522 1.2725991 1.1823815 0.6731065 0.5589984 0.7737492 0.8125687 0.0000000 1.0105835 1.0541866 1.4901429 1.2537197 1.7063022 1.3864998 1.3366577 2.5020087 2.7561450 2.6860714 2.5129181 2.4666045 2.3607876 2.1997022 2.2590001 2.9794331 2.4696833 2.4107288 2.3216402 2.1720352 1.9882897 2.4136077 1.2349163 1.9728875 1.9192443 1.8794335 1.9434457 1.9260284 1.9260284 2.2961191 2.3435314 2.1041445 2.6926746 2.5149774 2.3438327 2.1305200 2.1260183 2.9678928 2.8034322 2.4144175 2.2423715 2.7912001 2.5720302 3.2553985 
Hvul_g28171_1                                                      2.2520302 2.2307489 2.8816262 2.4963945 2.8012233 1.6715277 1.8772773 1.5828717 1.6134062 1.7397193 1.6912193 2.8978387 1.5726308 1.6845367 2.0681520 1.7814958 1.4432750 1.3651081 1.3364422 1.4311054 1.5110405 1.5070452 1.1637659 1.6342848 1.6281609 1.5261820 1.5993064 1.6077976 1.5985722 1.5979765 1.6813114 1.4535999 1.5933098 1.0127262 0.8671297 1.0474776 1.0469678 1.0105835 0.0000000 0.6789250 1.9744796 1.6090870 1.9317146 1.8281912 1.8401397 2.4927459 2.6012316 2.5516268 2.6730590 2.4463631 2.4226746 2.4868181 2.3089310 2.8094117 2.9573006 2.6083552 2.8312203 2.3276129 2.1450748 2.4840770 1.4522194 2.0440252 2.2331747 2.2620073 2.2240362 2.2744627 2.2744627 3.0756205 3.1447206 2.8031661 3.7646373 3.0744481 2.7898475 2.6451856 2.7141828 3.5709795 3.5697106 3.0450311 2.5373435 3.0674980 2.7538542 3.5296897 
Chem_TCONS_00016712                                                2.4129635 2.2769843 2.7305859 2.4588444 2.5225435 1.7722013 1.4801466 1.8802059 1.8853131 2.0238624 1.7140972 3.0805089 1.6247170 1.7491538 2.0918233 1.9920564 1.5788558 1.4457758 1.3953537 1.4878680 1.6632224 1.5558816 1.1053925 1.6392238 1.6307926 1.5774926 1.7146050 1.6885047 1.5850724 1.5844514 1.8246059 1.6543748 1.7171354 1.1315109 0.9013182 1.1355677 1.1822922 1.0541866 0.6789250 0.0000000 1.8137181 1.6864979 2.1168276 2.0295307 2.2143735 2.8336249 2.8744649 2.8135850 2.5292367 2.6815709 2.5916474 2.7358019 2.5976364 3.5712046 3.1332858 2.8764998 3.4081637 2.4400996 2.2454185 3.1572265 1.8410800 2.3159506 2.5244556 2.6034454 2.6129690 2.5596870 2.5596870 2.8302395 2.8314575 2.6993099 3.8844506 2.9176184 2.7297678 2.6635296 2.6289659 3.7644871 3.5766766 2.8461489 2.3342782 3.2829208 2.9484515 3.2656343 
Spur_XM_030976468.1                                                1.9639616 1.8542463 1.9233773 1.9146950 2.2260774 1.3439663 1.3624288 1.4047739 1.2649319 1.4790551 1.2590372 1.9833414 1.1675989 1.3451895 1.6896770 1.4968181 1.3471056 1.2535259 1.1494068 1.3882303 1.3817277 1.4322649 1.1598293 1.4632829 1.4613918 1.5266261 1.6159978 1.5805919 1.2886183 1.2823149 1.4642665 1.5069003 1.5348178 1.4750126 1.0421751 1.5621127 1.5785698 1.4901429 1.9744796 1.8137181 0.0000000 1.1141901 1.3972866 1.4931404 1.2751775 2.0897382 2.2665991 2.2013772 2.1277024 2.5746105 2.2346661 2.2618637 2.3626328 2.9936985 2.6925355 2.3779170 2.4209128 1.9040754 2.2748557 1.8051557 2.8154327 2.0314346 2.2208800 2.1759538 2.2043615 2.0363466 2.0363466 2.4182838 2.3807448 2.2736781 2.5780847 2.2068328 2.3467726 2.1370706 2.1436764 2.9159136 3.0506706 2.4463384 2.4480789 2.2445725 2.0669392 3.1895344 
Skow_XM_006813992.1                                                2.1124586 1.9635964 2.0487377 2.0342382 2.4270046 1.2525977 1.1086489 1.1324319 1.0419051 1.1179393 1.1190717 1.8320365 1.0354063 1.2694315 1.5389865 1.3395903 1.1909185 1.1572397 1.0646957 1.1823233 1.1815779 1.1662456 1.0663069 1.2752483 1.3230299 1.3827886 1.3174544 1.2962772 1.2630561 1.2725084 1.4187060 1.4054953 1.4141640 1.4232056 1.0320696 1.3312228 1.3886471 1.2537197 1.6090870 1.6864979 1.1141901 0.0000000 1.4770234 1.1371915 1.2125647 1.9353684 2.1326503 2.1291401 2.0203758 1.8041692 1.7357209 1.7349740 2.1330287 2.3847060 2.3444349 2.2035925 2.0850299 1.9920492 1.8558170 2.1021319 2.0934435 2.1555204 2.1591231 2.0512171 2.0680906 2.0760929 2.0760929 2.1438454 2.0685260 1.9244350 2.3887037 1.9191980 1.9586855 2.0059822 1.9692359 2.7065085 2.4882778 2.1739817 1.9065743 2.4071725 2.4387524 2.9534768 
Bralan_BLAG05001226_1                                              1.9105158 2.1300914 2.0336078 2.1451180 2.4809528 1.6669701 1.1006016 1.3476639 1.2758549 1.4001494 1.2805613 2.2275264 1.1726984 1.2843476 1.7579736 1.4113568 1.2710066 1.2056360 1.1314251 1.2898262 1.3182189 1.3260775 0.9614005 1.4856432 1.4425977 1.2752316 1.4499212 1.4413700 1.3850449 1.3875649 1.6034936 1.6933498 1.6942420 1.5693488 1.0708986 1.6099055 1.7033703 1.7063022 1.9317146 2.1168276 1.3972866 1.4770234 0.0000000 1.3537833 1.3925162 2.3687870 2.7647819 2.7950091 2.3642295 2.8188479 2.4767772 2.3280863 2.4023633 2.8042256 2.5818725 2.6700359 2.7447143 1.8673660 2.0466752 1.7813606 2.7836761 2.0101761 2.1087568 1.9558115 1.9748050 2.1266536 2.1266536 2.3086408 2.3238124 2.0837635 2.7198342 1.8908996 2.2491213 2.1939593 2.1717860 2.7880652 2.8773978 2.4052098 1.9152962 2.5102692 2.5952906 2.4749428 
Hsap_ENST00000340990                                               2.3092784 2.2705003 2.3684816 2.4533399 2.9768946 1.3962071 1.3319308 1.2057633 1.1744233 1.1558934 1.3857265 1.9892445 1.1304088 1.2884909 1.7053580 1.2840568 1.5449467 1.3580104 1.2803122 1.3908720 1.3580417 1.4166539 1.2728470 1.4496021 1.4612426 1.4001076 1.4187207 1.3968685 1.4890535 1.4724184 1.6396492 1.4432133 1.4087744 1.5609743 1.2784004 1.6513060 1.6260607 1.3864998 1.8281912 2.0295307 1.4931404 1.1371915 1.3537833 0.0000000 0.5436447 2.0941752 2.4202785 2.4010846 2.4833076 2.1628547 2.1927216 2.3028819 2.5445974 2.5495196 2.4432584 2.3199112 2.2547371 1.8234468 1.7812951 1.8079672 2.1907520 2.0262586 2.1620470 2.0725628 2.1213551 2.1007497 2.1007497 2.1922633 2.2273593 2.2000832 2.6896412 2.1089428 2.1098004 2.0273529 2.0443262 2.6126863 2.7410507 2.3514858 2.1092825 2.6821948 2.4794462 2.6677640 
Hsap_ENST00000357103                                               2.2251800 2.1697405 2.2240196 2.4550009 2.6786439 1.3450232 1.3287213 1.2013612 1.0645500 1.1479166 1.2223176 2.0285904 1.1243294 1.1727541 1.5828077 1.1747507 1.5287227 1.3752842 1.2824301 1.4476091 1.5017277 1.5735652 1.2857585 1.6569335 1.5991285 1.5822575 1.5587712 1.5421449 1.5348948 1.5389878 1.7360162 1.5855810 1.5294474 1.5208905 1.2376092 1.7369918 1.6738923 1.3366577 1.8401397 2.2143735 1.2751775 1.2125647 1.3925162 0.5436447 0.0000000 2.2092279 2.4458401 2.4192725 2.2733547 2.4104592 2.1641613 2.1418089 2.5672938 2.4562417 2.5605051 2.2147140 2.1695596 1.7924788 1.9368529 1.7850562 2.5704435 2.1645408 2.3386444 2.1962876 2.2435322 2.1350948 2.1350948 2.2792967 2.3124301 2.3455042 2.9981521 2.2153324 2.4786503 2.1836094 2.2473870 2.7563172 2.8959617 2.5178674 2.1997100 2.6496437 2.2870398 2.5247893 
