86
Lcom_lcpid167082                                       0.0000000 0.0455724 0.9675216 1.4601426 1.4644100 1.4185770 1.3622029 1.3372633 1.4640854 1.4746961 1.2820767 1.5071918 1.3481189 1.3481189 1.3608647 1.3519136 1.3481236 1.8899150 3.2299957 1.4361180 1.0617723 1.2159262 1.3640888 1.0551939 0.0000010 0.0000010 0.9800743 0.9146278 0.9875681 1.0741578 1.0746113 0.9257101 1.0014617 0.9670270 1.0420966 0.9308843 1.0205835 0.9786937 0.7499249 0.9079935 0.9665633 1.0394148 0.8229886 1.0873403 1.2778343 0.9323073 0.8945106 0.8221377 0.8987725 0.8582579 0.9914134 1.0118371 0.8949776 1.2897853 0.0000010 1.6501797 0.0000010 0.0000010 1.0702728 1.0524042 1.0217068 1.2362179 1.0422298 1.2045776 1.0059093 1.1434697 1.3331699 1.3075715 1.4813716 0.9009950 1.1700346 1.1695151 1.1940688 1.1994896 1.2551078 1.0055950 1.3317905 1.1744942 3.2482927 2.9033365 1.4152219 3.5696604 1.4118060 1.9606053 2.7898985 4.4049498 
Lcom_lcpid171974                                       0.0455724 0.0000000 0.9675216 1.3861215 1.3900636 1.3499376 1.3267751 1.3196776 1.3935160 1.4263303 1.2776114 1.5407531 1.3184451 1.3184451 1.3319387 1.3344709 1.3351227 1.8393753 2.9692098 1.4012040 1.0845561 1.1968516 1.3500457 1.0332036 0.0000010 0.0000010 0.9436352 0.8672498 0.9436670 1.0349247 1.0358608 0.9595571 1.0086365 0.9438079 1.0775270 0.9815098 0.9846641 0.9295927 0.7643841 0.9323904 0.9253190 1.0423076 0.8229886 1.0837603 1.2504059 0.9514969 0.9257015 0.7820579 0.8757422 0.8417184 1.0117468 1.0476235 0.9016958 1.2955052 0.0000010 1.6501797 0.0000010 0.0000010 1.0690112 1.0512769 1.0208190 1.2097444 1.0296080 1.1872804 0.9935182 1.1354363 1.2825239 1.2574559 1.4473222 0.9009950 1.1667978 1.1662850 1.1515851 1.1909679 1.2457325 1.0281479 1.3134526 1.1760591 3.7117066 3.4458169 1.2164948 3.5696604 1.3503287 1.8758742 2.7506883 4.4596787 
Mertsp_Mesp_sb544321                                   0.9675216 0.9675216 0.0000000 0.3850131 0.4639310 0.0000010 0.4539291 0.4385455 0.4634288 0.4670697 0.4367813 0.0000010 0.5540101 0.6199118 0.6544237 0.6119043 0.5513751 0.4668095 1.4353581 0.0000010 1.3431636 1.2573031 1.4229311 1.3629272 3.4466357 6.3603074 1.0614653 1.0941587 0.9422489 1.1836277 1.2404171 1.0762105 1.2400875 1.4498451 1.2152373 0.8555549 2.8039200 1.5995035 1.4401037 1.8823597 0.8951292 1.2470547 1.7601783 1.7737963 1.7679273 1.3990205 1.3900963 1.7698704 1.1805079 1.5868898 1.4694060 1.4720575 1.4732869 1.4572987 2.2491123 1.7200945 4.2038436 1.7130121 1.2781000 1.1641503 1.3478870 1.3049041 1.7236276 1.5223761 1.5173340 1.5667855 1.5637391 1.5917563 1.6030127 1.5964556 1.6029506 1.6095761 0.8503639 1.3564251 1.2057140 1.7033462 1.7720839 1.5509611 3.3450799 3.2165761 1.4892150 4.0425476 1.7470180 2.6963247 4.3211857 5.4005969 
Bolinf_Binf_sb1246311                                  1.4601426 1.3861215 0.3850131 0.0000000 0.0059502 0.2229304 0.2777559 0.2572413 0.3730973 0.3547891 0.4564922 0.4270895 0.5227340 0.5227340 0.5531310 0.5311907 0.4725793 0.2954615 1.1651993 1.0790075 1.0517876 1.1243831 1.3399167 1.0496992 0.0000010 0.0000010 1.1763174 1.1109390 1.4227138 1.0855494 1.1855454 1.2534794 1.2276546 1.2866611 1.2122075 1.3583044 1.1399521 1.0716342 1.0844558 1.2466581 1.2491273 1.3941677 1.2472782 1.2817037 1.2247927 1.2383489 1.2112434 1.2188215 1.1812594 1.2464456 1.2098892 1.3870949 1.0959804 1.1166270 1.4910260 1.7588779 0.0000010 0.7405555 1.1607761 1.1857762 1.2080015 1.1207030 1.2547160 1.3166200 1.2874912 1.3171041 1.2712731 1.2245215 1.2640344 1.0371407 1.2323141 1.2523958 1.4839136 1.2666409 1.2514177 1.3408519 1.5304419 1.3545215 4.0608496 4.2188145 1.0418813 4.7539436 1.8059983 2.4986474 3.0897088 4.8170555 
Mertsp_Mesp_sb552877                                   1.4644100 1.3900636 0.4639310 0.0059502 0.0000000 0.2231604 0.2351440 0.2209331 0.2832230 0.2592474 0.4039692 0.4270895 0.4856992 0.4856992 0.5354217 0.4820500 0.3654701 0.3780697 1.9286122 1.0790075 1.1654026 1.4188616 1.7333394 1.1422736 0.0000010 0.0000010 1.3115918 1.2793064 1.3894944 1.2660680 1.3973833 1.4295120 1.3512309 1.3604646 1.3444494 1.3550450 1.1346093 1.1343029 1.1536843 1.2181506 1.3779755 1.4151070 1.5999840 1.4145403 1.3170386 1.5350629 1.4746286 1.3349684 1.2723649 1.3758216 1.4183398 1.5541962 1.1705645 1.2830279 0.0000010 2.1441374 0.0000010 0.0000010 1.3016282 1.3168621 1.3084603 1.3325671 1.3647404 1.5019235 1.4159031 1.4476789 1.4690409 1.4180041 1.4696460 1.2382611 1.4011982 1.4280086 1.8854910 1.5697417 1.5694227 1.4042044 1.6142327 1.2681656 3.7395736 4.0584062 1.1035509 4.3083441 2.0808694 2.3408077 3.3018358 5.6770589 
Mertsp_Mesp_sb544322                                   1.4185770 1.3499376 0.0000010 0.2229304 0.2231604 0.0000000 0.2198579 0.2804443 0.3219948 0.3034673 0.3006721 0.2696339 0.3009211 0.3009211 0.3696626 0.3097250 0.2887983 0.4843994 1.8556193 1.2325250 1.0830143 1.3476603 1.6473011 1.1067245 0.0000010 0.0000010 1.2709858 1.2279048 1.3844413 1.4131167 1.4717449 1.3162480 1.3858364 1.1794758 1.2765174 1.1087476 1.0338963 1.0059844 0.9310939 1.1540611 1.1607809 1.2729099 1.1428507 1.1497030 1.1883344 1.3408839 1.2779184 1.2683444 1.2286912 1.2859307 1.3061779 1.2710165 1.0154066 1.1929390 0.0000010 1.8352470 0.0000010 0.0000010 1.3733337 1.3881786 1.3982489 1.3976076 1.2343301 1.3509401 1.2583437 1.2763979 1.2752421 1.2640932 1.3025627 1.1723136 1.2033409 1.2293633 1.8191372 1.5697293 1.6064314 1.2089168 1.4548563 1.0998260 4.4239178 3.8060307 1.0590440 3.9513610 1.8573474 2.6177133 3.5339528 6.0184947 
Drygla_Dgla_sb293553                                   1.3622029 1.3267751 0.4539291 0.2777559 0.2351440 0.2198579 0.0000000 0.3376317 0.4483352 0.4466847 0.3797779 0.3216467 0.4743105 0.4700202 0.5155836 0.4797739 0.4160060 0.4080207 1.3992642 1.1547771 1.2242407 1.3038347 1.4770169 1.2210398 1.4684398 1.0672892 1.1226687 1.1230512 1.2708615 1.1631215 1.2237687 1.1271100 1.3363086 1.2619828 1.2211855 1.2674364 1.1137654 1.2998931 1.1657925 1.3753053 1.2247460 1.2874495 1.2982804 1.2895282 1.3036549 1.3022412 1.2880665 1.3370269 1.2116742 1.4482660 1.4062881 1.3560409 1.2007162 1.3269756 2.0000408 1.6966107 1.4585938 1.2561789 1.3467216 1.4754790 1.3922023 1.2976561 1.4225804 1.4115690 1.3245652 1.3983729 1.4386077 1.3687443 1.4552616 1.4502885 1.3518243 1.3739187 1.3525394 1.4580408 1.3691523 1.4329079 1.5266678 1.3642053 1.8022903 1.9560781 1.8597899 2.7154876 1.7885245 2.6664756 3.1734265 5.6299567 
Beraby_Baby_sb325190                                   1.3372633 1.3196776 0.4385455 0.2572413 0.2209331 0.2804443 0.3376317 0.0000000 0.3441909 0.3233151 0.3678496 0.4877125 0.4681565 0.4630587 0.4690974 0.4751732 0.4295509 0.4142579 1.4434290 1.1235588 1.2357823 1.3467945 1.4947130 1.2343776 1.2376629 0.9084771 1.1821092 1.1908034 1.2497008 1.1686101 1.2033002 1.2303777 1.2559884 1.3759301 1.2918397 1.3833937 1.1531190 1.3870074 1.1944060 1.4580482 1.1836317 1.2953795 1.4564256 1.4076868 1.5053756 1.3810216 1.2989019 1.4592150 1.3455721 1.4725267 1.3331094 1.4934666 1.2621127 1.3113948 2.4046234 1.8422666 3.3866180 1.6188881 1.3399585 1.2831684 1.3488910 1.2724869 1.5616307 1.5115283 1.4387565 1.5566303 1.5232767 1.5490346 1.5154829 1.4714559 1.3895106 1.4058658 1.3747017 1.5476034 1.4890889 1.5140330 1.4145105 1.3720563 2.9762237 1.8725988 1.4093486 3.7785105 1.9536606 2.6712725 3.6632600 5.1602518 
Horcal_Hcv1.av93.c11.g161.i1                           1.4640854 1.3935160 0.4634288 0.3730973 0.2832230 0.3219948 0.4483352 0.3441909 0.0000000 0.0104135 0.4651639 0.4341883 0.5185729 0.5005559 0.5047503 0.4607034 0.4809964 0.5367542 1.5281824 1.3557002 1.4157061 1.4225739 1.5609123 1.2679000 1.4639904 1.3622439 1.3005979 1.2927627 1.3069869 1.3658497 1.3999730 1.3792041 1.4317853 1.4451322 1.3541470 1.4007232 1.2690242 1.5216168 1.3114415 1.4833796 1.3477705 1.4672735 1.5047531 1.4568123 1.5484927 1.2842052 1.2806380 1.5380017 1.3196759 1.5384382 1.5532522 1.4963265 1.2441403 1.4856923 2.3951283 1.7868505 1.5257043 1.7479351 1.3137586 1.4044240 1.3399764 1.3203736 1.5594171 1.4751637 1.3930742 1.4185250 1.4462224 1.4316018 1.4533443 1.3775285 1.3736120 1.3841895 1.3300923 1.4620937 1.4022780 1.5806261 1.5083717 1.2147699 2.0691460 1.6791164 2.0620969 2.5392233 1.9157589 2.6447622 3.1965931 5.0322970 
Pbac_sb2651093                                         1.4746961 1.4263303 0.4670697 0.3547891 0.2592474 0.3034673 0.4466847 0.3233151 0.0104135 0.0000000 0.4576195 0.4227813 0.5206075 0.5020317 0.4926431 0.4635777 0.4768763 0.5277970 1.5266251 1.2908442 1.4024039 1.4003917 1.5499401 1.2481876 1.4639904 1.3622439 1.2815906 1.2811130 1.2933487 1.3605139 1.3944473 1.3749380 1.4097081 1.4457462 1.3546571 1.3591707 1.2632514 1.5225728 1.3184339 1.4820360 1.3182650 1.4279244 1.5095255 1.4578737 1.5325461 1.2891888 1.2700935 1.5142768 1.3302488 1.5383869 1.5565561 1.5019754 1.2653590 1.4650691 2.4271091 1.7992946 1.5257043 1.7498106 1.3212520 1.4126529 1.3475044 1.3381421 1.5476387 1.4701029 1.3891666 1.4144210 1.4395511 1.4243088 1.4543910 1.3792784 1.3704018 1.3809484 1.3338228 1.4559001 1.3938086 1.5978957 1.4942463 1.2162378 2.0616218 1.6791164 2.0619212 2.6018665 1.9288628 2.6289674 3.1892730 5.0805214 
Lampan_Lpan_C412921_01                                 1.2820767 1.2776114 0.4367813 0.4564922 0.4039692 0.3006721 0.3797779 0.3678496 0.4651639 0.4576195 0.0000000 0.4101158 0.4252116 0.3959838 0.3387530 0.4197059 0.4192268 0.5347202 1.4389300 1.3067073 1.3687423 1.4969545 1.5491570 1.2992436 1.2596895 1.0744645 1.1720267 1.1660310 1.2739628 1.1849813 1.2553639 1.2191137 1.2832745 1.3034624 1.2595117 1.1197592 1.0253534 1.2517856 1.2393646 1.3482042 1.2183060 1.2804807 1.4562519 1.3734055 1.4820346 1.2266104 1.1803110 1.4434589 1.2230047 1.4777167 1.4738231 1.3760837 1.1991153 1.4364952 2.8324593 1.7395159 1.6744828 1.5206609 1.3333081 1.5011776 1.3874872 1.3917707 1.4113146 1.4648154 1.3767716 1.4002124 1.4942349 1.4812771 1.5254483 1.4532897 1.4468499 1.4580156 1.2584114 1.4260488 1.4074330 1.4602375 1.5066918 1.4518931 1.9128710 1.8206782 2.0742535 2.6530666 1.9364542 2.6172908 3.2675627 5.4102714 
Coemet_Cmet_scaffold11131_01                           1.5071918 1.5407531 0.0000010 0.4270895 0.4270895 0.2696339 0.3216467 0.4877125 0.4341883 0.4227813 0.4101158 0.0000000 0.1755883 0.1844378 0.2362826 0.2948576 0.4367980 1.0240354 2.0758910 1.5061741 1.3170660 2.1426118 2.3132921 1.3515979 1.7965541 1.7206738 1.4086663 1.5229073 1.3699986 1.4036568 1.4673116 1.2564442 1.5472787 1.2803776 1.2382246 1.3354918 0.8940663 1.0478900 1.0780961 1.4112346 1.1559253 1.5557343 1.2141288 1.3003523 1.6775399 1.2592714 1.1310415 1.5204854 1.3267284 1.5887882 1.6496572 1.7558770 1.2131500 1.4516111 0.0000010 2.2621116 1.1486082 1.8179711 1.6219354 1.6445958 1.6961754 1.3757331 1.2046465 1.4715997 1.2916589 1.4595415 1.3721193 1.3595148 1.4678611 1.5690671 1.4006345 1.4140780 2.1788549 1.5286266 1.5286266 1.2534844 1.6093140 1.1483065 3.7012377 1.9860300 1.7233432 3.2163320 1.4575478 2.4396287 3.9152762 4.8104111 
Coeast_Cast_sb823308                                   1.3481189 1.3184451 0.5540101 0.5227340 0.4856992 0.3009211 0.4743105 0.4681565 0.5185729 0.5206075 0.4252116 0.1755883 0.0000000 0.0069095 0.0797521 0.2344958 0.5225528 0.6681280 1.4623283 1.2719229 1.2415366 1.4225061 1.4835237 1.2358553 1.4792549 3.0293454 1.1585659 1.0865363 1.1028834 1.1673655 1.2132573 1.1332114 1.2894962 1.3072042 1.2066689 1.1793550 0.9917309 1.2502293 1.2238179 1.4926691 1.1328497 1.3279942 1.3455648 1.3588836 1.4186614 1.3442713 1.3497413 1.5524500 1.3003955 1.3773304 1.2806773 1.3451937 1.1848230 1.3754254 2.3274127 1.7162231 1.5808167 1.4083389 1.4626514 1.3685212 1.4493472 1.4314041 1.3737863 1.4712956 1.3641740 1.3899081 1.4343081 1.4289870 1.4852700 1.3748368 1.3143093 1.3297536 1.3352806 1.4850269 1.4462590 1.4197281 1.3645657 1.3399022 4.2549334 3.3978065 1.3701697 3.8885495 1.8463728 2.3204515 3.6193117 5.6420551 
Coeast_Cast_sb823306                                   1.3481189 1.3184451 0.6199118 0.5227340 0.4856992 0.3009211 0.4700202 0.4630587 0.5005559 0.5020317 0.3959838 0.1844378 0.0069095 0.0000000 0.0797521 0.2378894 0.5028731 0.6225045 1.4662597 1.2719229 1.2881825 1.4910464 1.5290153 1.2985995 1.3571850 1.2764252 1.1252948 1.0784685 1.1028834 1.2154771 1.2684693 1.1475235 1.2828051 1.2890156 1.1861176 1.1793550 0.9917309 1.2714250 1.2029789 1.3916251 1.2230715 1.3279942 1.3817023 1.3553930 1.4037634 1.3059084 1.2985638 1.4424999 1.2101840 1.3663352 1.3273984 1.3082866 1.1479735 1.3783509 2.3274127 1.6442365 1.5616665 1.4066547 1.4074498 1.4480887 1.4150449 1.3766585 1.2930152 1.3835633 1.2558561 1.3324326 1.4208905 1.3567431 1.4968185 1.4283359 1.3367127 1.3485557 1.3352806 1.4401528 1.3781256 1.3405503 1.3654995 1.3601313 2.1770895 1.8959457 1.8366121 2.6215901 1.8048172 2.3056288 3.0310703 5.3003774 
Coeast_Cast_sb823309                                   1.3608647 1.3319387 0.6544237 0.5531310 0.5354217 0.3696626 0.5155836 0.4690974 0.5047503 0.4926431 0.3387530 0.2362826 0.0797521 0.0797521 0.0000000 0.2592924 0.4874490 0.8300084 1.4633372 1.3622107 1.2423067 1.5111120 1.5821225 1.1943917 0.0000010 0.0000010 1.1354052 1.0381022 1.1929834 1.2092415 1.2839497 1.1894667 1.3049491 1.1590932 1.1835400 1.1937627 1.0488312 1.0559997 1.0468790 1.2551480 1.2379083 1.2900838 1.4364542 1.4054852 1.5806813 1.3318367 1.3743491 1.4658292 1.2916150 1.2812136 1.2823952 1.3441370 1.1261344 1.2861604 0.0000010 1.7165080 0.0000010 0.3624463 1.3533146 1.3893014 1.4242202 1.4374313 1.2287090 1.4352686 1.2538295 1.3689689 1.4088061 1.3958719 1.4698659 1.1837732 1.2855585 1.2871431 1.6026955 1.5939720 1.7407811 1.2205139 1.1646641 1.2620910 4.2704484 4.5152578 1.3901530 4.7119200 1.7747200 2.1981172 2.8972308 5.6882455 
Vmul_SimC398762                                        1.3519136 1.3344709 0.6119043 0.5311907 0.4820500 0.3097250 0.4797739 0.4751732 0.4607034 0.4635777 0.4197059 0.2948576 0.2344958 0.2378894 0.2592924 0.0000000 0.5143204 0.6076083 1.4845886 1.2024556 1.2887600 1.6106266 1.6410218 1.3637061 1.5590432 1.3647573 1.1179148 1.0591523 1.1957837 1.2328133 1.2815049 1.1955436 1.2971899 1.3126449 1.1893052 1.1828002 1.0374388 1.2470081 1.2155584 1.3425806 1.2167848 1.2914525 1.4703120 1.3918319 1.4241713 1.2530429 1.2491388 1.3359248 1.1838273 1.3803394 1.3256578 1.3099597 1.2117652 1.4322198 2.1927957 1.6661066 1.6141673 1.4719310 1.4041873 1.4864243 1.4261101 1.4474239 1.3765900 1.3671783 1.2470890 1.3648406 1.4794075 1.4249157 1.5206929 1.4908323 1.3501741 1.3606095 1.2291634 1.4043435 1.3184122 1.3145100 1.3590073 1.3731019 2.1985613 1.9416556 1.9532352 2.5213417 1.8045107 2.3754301 2.9920293 5.7565557 
Eupdun_Edun_sb10667087                                 1.3481236 1.3351227 0.5513751 0.4725793 0.3654701 0.2887983 0.4160060 0.4295509 0.4809964 0.4768763 0.4192268 0.4367980 0.5225528 0.5028731 0.4874490 0.5143204 0.0000000 0.5513931 1.4388326 1.2699378 1.2252000 1.3208354 1.4781917 1.2002607 1.1827718 0.7840219 1.2040870 1.2036043 1.1811403 1.1227757 1.1414414 1.1853786 1.2091573 1.2708076 1.2182195 1.2070356 1.1302173 1.3484373 1.1696436 1.3679561 1.1203464 1.3325269 1.3985477 1.3407533 1.3679381 1.3790965 1.3404376 1.3747151 1.2786712 1.4247832 1.3606513 1.2571056 1.2081077 1.2912964 2.2420977 1.7171898 1.5280744 1.5361455 1.3194396 1.3326633 1.3813560 1.3622196 1.3704548 1.4662330 1.2600692 1.4442501 1.3469175 1.3081341 1.3806454 1.3517334 1.2109662 1.2225586 1.2436293 1.3700445 1.2997245 1.4893770 1.5071821 1.3848054 2.2718795 1.7692623 1.8387499 3.4190734 1.9099373 2.4713003 3.0884599 5.3853853 
Mlei_ML0001.g24.i1                                     1.8899150 1.8393753 0.4668095 0.2954615 0.3780697 0.4843994 0.4080207 0.4142579 0.5367542 0.5277970 0.5347202 1.0240354 0.6681280 0.6225045 0.8300084 0.6076083 0.5513931 0.0000000 1.2953611 1.9138873 1.3161403 1.2036710 1.3330092 1.2597451 0.9061389 0.5485847 1.3458084 1.3481542 1.7441293 1.2874748 1.3970040 1.4178679 1.4633663 1.5190734 1.5040629 1.6260205 1.4898191 1.5127380 1.4777872 1.6726298 1.4311814 1.7737774 1.3378396 1.5120117 1.4646278 1.5713720 1.4759429 1.5839840 1.4619182 1.6593622 1.5632033 1.6785969 1.5314257 1.3655744 2.2597530 1.8862405 1.8848063 1.4496444 1.4349476 1.4658869 1.4756000 1.4171754 1.5194883 1.5064630 1.4318167 1.5349004 1.5226008 1.5050251 1.4631569 1.2701730 1.4518374 1.4525044 1.5358396 1.5161176 1.4737608 1.7817484 1.7434963 1.5292559 2.3547387 1.4602746 2.3135123 3.4505662 2.1407074 2.8035189 3.2796142 5.5513212 
Aaur_scaffold134.g13.t1                                3.2299957 2.9692098 1.4353581 1.1651993 1.9286122 1.8556193 1.3992642 1.4434290 1.5281824 1.5266251 1.4389300 2.0758910 1.4623283 1.4662597 1.4633372 1.4845886 1.4388326 1.2953611 0.0000000 2.1992894 0.6527957 0.5755514 0.6978354 0.5328219 1.1560967 1.0516236 1.0797786 1.0151834 1.3283346 0.9669154 1.0133666 1.0923614 1.0416547 1.1258924 1.1519081 2.1876962 1.4602092 1.2294478 1.2464918 1.2454266 1.5481965 1.6886919 1.1050624 1.1280949 1.1431115 1.2108117 1.2509823 1.1531654 1.0509777 1.4561085 1.3585655 1.3283415 1.3122019 0.8863816 1.4399428 1.4466225 1.3534461 1.1494347 1.0858246 1.3715401 1.1709878 1.0787544 1.0904815 1.1325103 1.0334029 1.1311758 1.1198441 0.9976051 1.1496061 1.0444860 1.0690526 1.0565024 1.0684186 1.1752182 1.1242364 1.5027077 1.0628003 1.1182437 1.6665788 1.3527916 1.8773094 1.9625367 1.4763459 2.3559859 2.4313300 5.1431406 
Aaur_scaffold134.g12.t1                                1.4361180 1.4012040 0.0000010 1.0790075 1.0790075 1.2325250 1.1547771 1.1235588 1.3557002 1.2908442 1.3067073 1.5061741 1.2719229 1.2719229 1.3622107 1.2024556 1.2699378 1.9138873 2.1992894 0.0000000 0.3106245 0.6096623 0.9791511 0.3459531 0.0000010 0.0000010 0.8106312 0.8332288 0.8070251 0.8898671 0.8355620 0.7884340 0.8417668 0.8726064 0.9174156 1.2199673 0.7290246 0.8123226 0.7613501 0.7007389 0.7176366 1.0315721 0.0000010 0.8723874 0.9348202 0.9209679 0.9242193 0.7645288 0.8931609 0.8621799 1.0013788 0.8667630 0.9274588 0.7773606 0.0000010 1.7568744 0.0000010 0.0000010 0.8918434 0.9694723 1.0101530 0.9412946 1.0347643 1.1025042 1.0481898 1.2092430 0.8372934 0.7903827 0.7504476 0.0000010 0.8878370 0.8645920 1.1323103 1.0251153 1.0251153 0.8459882 1.0775592 0.8724548 4.8337697 1.8860030 1.1162889 3.8441363 1.4689418 1.5591558 8.9999983 3.2790238 
Sanmal_Sma_028507-T1                                   1.0617723 1.0845561 1.3431636 1.0517876 1.1654026 1.0830143 1.2242407 1.2357823 1.4157061 1.4024039 1.3687423 1.3170660 1.2415366 1.2881825 1.2423067 1.2887600 1.2252000 1.3161403 0.6527957 0.3106245 0.0000000 0.4982275 0.6392117 0.4371594 1.2427562 1.0312813 0.8751658 0.8670976 0.6277600 0.8820368 0.8728241 0.7736667 0.8531583 0.9711176 0.9527483 0.9186233 0.8268388 1.0026950 0.9676708 1.0717913 0.9188412 0.9978526 1.0739399 0.9826350 0.9760350 0.9896502 0.9852030 0.8760248 0.8564044 1.1943679 1.2037700 1.0592774 1.0908651 0.8245405 1.5088697 1.3795538 1.4484202 1.1155395 0.9867025 1.0291942 1.0596006 0.9624235 0.9191077 0.9841955 0.9608624 1.0225353 1.0142406 0.9336177 1.0664607 1.0526301 0.9739407 0.9676834 0.9378638 1.0689919 0.9965635 1.2645749 0.9113719 0.9191304 1.7098616 1.6047561 1.3505552 2.0948826 1.5488689 1.9430514 2.3885765 4.2337247 
Nemnom_g5966.t1                                        1.2159262 1.1968516 1.2573031 1.1243831 1.4188616 1.3476603 1.3038347 1.3467945 1.4225739 1.4003917 1.4969545 2.1426118 1.4225061 1.4910464 1.5111120 1.6106266 1.3208354 1.2036710 0.5755514 0.6096623 0.4982275 0.0000000 0.3611864 0.2856506 1.1922697 1.0088850 1.0158533 1.0115681 0.8670074 0.8803706 0.8960316 0.8770254 0.9438780 1.0884021 1.0264635 0.9965643 1.0872872 1.1747903 1.0550584 1.1699453 1.0855042 1.2253633 1.0954141 1.1289397 1.1145465 1.1110627 1.1770046 1.0241097 1.0634024 1.2992467 1.2157223 1.1811715 1.2819941 0.8476504 1.4729487 1.3835161 1.5400273 1.1123953 1.0550167 1.0926441 1.1232297 1.0247544 0.9558145 1.0260521 0.9180612 1.0310931 1.0361885 0.9492174 1.0614978 1.0100514 1.0573620 1.0566583 0.8270387 1.1062764 1.0521228 1.2720399 1.0005078 0.9903609 1.6312530 1.3909222 1.8185531 2.1021497 1.5947915 2.1956602 2.4571759 4.2422510 
Rhoesc_Res_003227-T1                                   1.3640888 1.3500457 1.4229311 1.3399167 1.7333394 1.6473011 1.4770169 1.4947130 1.5609123 1.5499401 1.5491570 2.3132921 1.4835237 1.5290153 1.5821225 1.6410218 1.4781917 1.3330092 0.6978354 0.9791511 0.6392117 0.3611864 0.0000000 0.2345864 1.4000294 1.2548172 1.1405860 1.1687482 0.9936362 1.0839511 1.1103972 1.0577836 1.1410116 1.2626116 1.2587160 1.3549188 1.3652512 1.3508172 1.2780296 1.2805175 1.3111035 1.3695427 1.1695217 1.2602630 1.2651282 1.2531514 1.3697091 1.2141712 1.1049471 1.4780399 1.4577309 1.2684712 1.3656568 0.9423260 1.4031421 1.3561498 1.7080727 1.3053244 1.2314691 1.3833000 1.2829416 1.2068328 1.1243926 1.1597221 1.0664077 1.2252210 1.1609600 1.0255056 1.2172857 1.1051378 1.1816191 1.1737397 1.0336594 1.2331093 1.2342375 1.3212741 1.1076170 1.2136671 1.7880453 1.7775568 1.8240958 2.1953300 1.6638325 2.3101994 2.4414173 4.3211686 
Rhoesc_Res_003228-T1                                   1.0551939 1.0332036 1.3629272 1.0496992 1.1422736 1.1067245 1.2210398 1.2343776 1.2679000 1.2481876 1.2992436 1.3515979 1.2358553 1.2985995 1.1943917 1.3637061 1.2002607 1.2597451 0.5328219 0.3459531 0.4371594 0.2856506 0.2345864 0.0000000 1.1095889 1.0395507 0.8887232 0.9205628 0.6631241 0.8450039 0.8375197 0.8034654 0.8671589 1.0095111 0.9885311 1.0184827 0.8767329 1.1160171 0.9640608 1.0461203 0.9955193 1.0831280 1.1020470 1.0565605 1.0415084 1.0545771 1.1028843 0.9746724 0.9254307 1.2118458 1.1211809 1.0604956 1.1671994 0.7884358 1.2968285 1.3571074 1.4176336 1.0910951 1.0416571 1.0682846 1.1010223 1.0422562 0.9178497 0.9848050 0.8459596 0.9812796 0.9426759 0.8466554 1.0020173 0.9754476 1.0246022 1.0180431 0.9294278 1.0575138 1.0236136 1.1861617 0.9537517 0.9617925 1.6909722 1.4582753 1.4215435 2.1004290 1.4777900 1.9313221 2.5993609 4.1453287 
Gasp_gasp1.m3.27994.m1                                 0.0000010 0.0000010 3.4466357 0.0000010 0.0000010 0.0000010 1.4684398 1.2376629 1.4639904 1.4639904 1.2596895 1.7965541 1.4792549 1.3571850 0.0000010 1.5590432 1.1827718 0.9061389 1.1560967 0.0000010 1.2427562 1.1922697 1.4000294 1.1095889 0.0000000 0.4251565 0.5036116 0.5380868 0.0000010 0.3817454 0.3494596 1.1838372 0.3129660 0.6805974 0.5374258 0.0000010 0.0000010 1.4432893 1.3948866 1.1727185 8.9999981 0.0000010 1.2652809 1.1647524 1.2468955 1.3771773 1.4012324 1.3784950 1.0550580 1.5549233 1.1349790 1.5629735 1.4372435 0.9828955 2.5475561 2.1548069 1.1081834 1.0484018 0.9911255 2.0240836 1.1969684 1.1218068 1.0375307 1.0348329 0.9079355 1.0888273 1.4032544 1.2593103 1.6341739 1.6587060 1.3134139 1.3134139 0.0000010 1.4392653 1.2068359 0.8659603 1.4397167 0.9894725 1.2910336 1.5949650 2.8893074 1.0514799 1.9986584 2.2442572 1.9770353 6.1756059 
Gfas_gfas1.m1.14481.m1                                 0.0000010 0.0000010 6.3603074 0.0000010 0.0000010 0.0000010 1.0672892 0.9084771 1.3622439 1.3622439 1.0744645 1.7206738 3.0293454 1.2764252 0.0000010 1.3647573 0.7840219 0.5485847 1.0516236 0.0000010 1.0312813 1.0088850 1.2548172 1.0395507 0.4251565 0.0000000 0.2928991 0.3082899 0.0000010 0.4395590 0.3809195 2.0317128 0.5452935 0.5766144 0.5671774 0.0000010 0.0000010 1.2477296 1.3027252 1.0850878 8.9999987 0.0000010 1.0568246 1.0770178 1.0507669 1.0894912 1.1027039 1.1531599 1.0705977 1.2550919 1.2734230 1.3029858 1.2153872 1.0557443 0.0000010 1.9062121 1.1324368 1.1294049 0.8670223 1.9181075 1.0882462 1.0166157 1.0285846 0.9361967 0.7900125 1.0932685 1.3189308 0.9515752 1.4783288 1.5212742 1.1806364 1.1806364 0.0000010 1.2425940 1.1393614 0.9200679 1.1679394 1.0505602 1.0654138 1.4529291 2.8993979 1.0649629 2.1784962 1.7031859 1.5595498 7.2251568 
Amil_Amillepora01044-RA                                0.9800743 0.9436352 1.0614653 1.1763174 1.3115918 1.2709858 1.1226687 1.1821092 1.3005979 1.2815906 1.1720267 1.4086663 1.1585659 1.1252948 1.1354052 1.1179148 1.2040870 1.3458084 1.0797786 0.8106312 0.8751658 1.0158533 1.1405860 0.8887232 0.5036116 0.2928991 0.0000000 0.0157356 0.3146886 0.3625357 0.3557062 0.2297146 0.3871542 0.6679523 0.6319531 0.9553978 0.9025443 0.9716559 0.9006014 1.0175164 0.9896133 0.9111350 0.9692433 0.9912487 1.0154877 1.1263210 1.1871776 0.9391351 0.8731671 1.0651870 1.0475107 1.0588554 1.0778651 0.9079882 1.4008080 1.5507970 1.0965652 1.0603930 0.9491307 1.0236723 1.0101088 1.0376307 1.0484375 0.9445547 0.8832235 1.1046486 1.0103384 0.9441176 1.0558614 1.0462755 0.9367850 0.9445407 1.0108271 0.9976661 0.9766126 1.1709654 1.0100757 0.8869549 1.5637995 1.5187490 1.7318060 2.2254455 1.6338583 1.9138593 2.4404413 4.5986969 
Adig_XM_015907529.1                                    0.9146278 0.8672498 1.0941587 1.1109390 1.2793064 1.2279048 1.1230512 1.1908034 1.2927627 1.2811130 1.1660310 1.5229073 1.0865363 1.0784685 1.0381022 1.0591523 1.2036043 1.3481542 1.0151834 0.8332288 0.8670976 1.0115681 1.1687482 0.9205628 0.5380868 0.3082899 0.0157356 0.0000000 0.3203233 0.3664808 0.3469291 0.2157812 0.3930446 0.6557708 0.6015480 0.9470175 0.9334678 1.0099459 0.9367425 1.0169381 0.9119757 0.7614824 0.9913713 0.9692578 0.9802172 1.0362155 1.0953308 0.9165985 0.8274148 1.0546050 1.0240237 1.0146139 1.0373805 0.8575083 1.3632881 1.4188800 1.2067714 1.1154347 0.9020526 0.9994884 0.9720470 0.9741973 1.0184984 0.9081752 0.8495437 1.0545042 1.0818809 1.0133192 1.1311550 1.0491712 0.9639532 0.9724546 0.9597309 0.9920491 0.9509599 1.2421720 1.0209019 0.8835841 1.5997092 1.4390997 1.7625701 2.0750869 1.5953857 1.8452180 2.1746363 5.3129070 
Gasp_gasp1.m3.27995.m1                                 0.9875681 0.9436670 0.9422489 1.4227138 1.3894944 1.3844413 1.2708615 1.2497008 1.3069869 1.2933487 1.2739628 1.3699986 1.1028834 1.1028834 1.1929834 1.1957837 1.1811403 1.7441293 1.3283346 0.8070251 0.6277600 0.8670074 0.9936362 0.6631241 0.0000010 0.0000010 0.3146886 0.3203233 0.0000000 0.2076498 0.1743752 0.1999783 0.2155673 0.4318404 0.4882440 0.9244823 0.7749784 0.7968845 0.6997989 0.8292496 0.8103580 0.9533310 0.9818544 0.9485795 0.9414699 0.9842043 1.0046865 0.8317370 0.7498495 0.7912832 0.8430263 0.8959465 0.9782967 0.7550213 0.0000010 1.3967719 0.0000010 0.3624463 0.8921035 0.8575070 0.8586080 1.0134922 0.7943814 0.8146422 0.7505895 0.8867376 0.7822750 0.7890422 0.8492495 0.6276178 0.7948390 0.7960245 0.9657660 0.8755334 0.8881788 0.7701282 0.8377419 0.7782576 3.2412950 2.1675053 0.7676085 3.2913205 1.2600873 1.3467550 2.5159292 3.2860080 
Spis_XP_022786012_1                                    1.0741578 1.0349247 1.1836277 1.0855494 1.2660680 1.4131167 1.1631215 1.1686101 1.3658497 1.3605139 1.1849813 1.4036568 1.1673655 1.2154771 1.2092415 1.2328133 1.1227757 1.2874748 0.9669154 0.8898671 0.8820368 0.8803706 1.0839511 0.8450039 0.3817454 0.4395590 0.3625357 0.3664808 0.2076498 0.0000000 0.1099835 0.2701741 0.3232905 0.6174890 0.6204019 0.9715864 0.7772802 1.0247123 0.9565711 1.0385491 0.9093278 0.9458395 1.0326654 1.0088463 1.0559913 1.0198042 1.0441049 0.9391065 0.8794337 1.0942053 0.9888110 1.0328407 1.0942709 0.8787175 1.2280538 1.3977522 1.4772942 1.1419863 0.8871184 0.9683946 0.9305607 0.9829512 0.8662231 0.8869159 0.8034372 1.0227245 0.9750076 0.9128162 0.9930999 0.9522553 0.9196222 0.9135918 0.8994627 0.9692416 0.9347578 1.0587894 1.0932129 1.0310782 1.5874846 1.4995940 1.7988876 2.0825703 1.5282967 1.9033637 2.4374840 4.2945222 
Pocdam_XM_027185761.1                                  1.0746113 1.0358608 1.2404171 1.1855454 1.3973833 1.4717449 1.2237687 1.2033002 1.3999730 1.3944473 1.2553639 1.4673116 1.2132573 1.2684693 1.2839497 1.2815049 1.1414414 1.3970040 1.0133666 0.8355620 0.8728241 0.8960316 1.1103972 0.8375197 0.3494596 0.3809195 0.3557062 0.3469291 0.1743752 0.1099835 0.0000000 0.2500287 0.3054717 0.6196590 0.6207581 1.0212260 0.8227925 1.0228385 0.9491695 1.0625211 0.9421039 0.9431214 1.0567395 0.9799760 1.0557830 1.0131575 1.0324530 0.9257287 0.8547206 1.0757866 0.9929001 1.0040475 1.0629333 0.8976892 1.1963239 1.4515444 1.3885488 1.1287595 0.9287450 0.9899662 0.9573752 1.0234574 0.9380555 0.9018062 0.8303251 1.0325401 0.9631465 0.9208862 0.9905767 0.9647572 0.8955745 0.8965518 0.9606593 1.0120673 0.9744382 1.0688920 1.1231311 1.0315764 1.6659916 1.4892440 1.6722656 1.9503122 1.5787682 1.9177140 2.5041602 4.4861553 
Gfas_gfas1.m1.14477.m1                                 0.9257101 0.9595571 1.0762105 1.2534794 1.4295120 1.3162480 1.1271100 1.2303777 1.3792041 1.3749380 1.2191137 1.2564442 1.1332114 1.1475235 1.1894667 1.1955436 1.1853786 1.4178679 1.0923614 0.7884340 0.7736667 0.8770254 1.0577836 0.8034654 1.1838372 2.0317128 0.2297146 0.2157812 0.1999783 0.2701741 0.2500287 0.0000000 0.2620996 0.5828944 0.6203869 0.8983167 0.7805407 0.9213299 0.7907294 0.9874896 0.8163426 0.9988067 1.0947274 0.9908883 1.1022261 1.0725691 1.1143080 0.8978200 0.8872962 1.0217766 0.9646846 0.9712010 0.9926386 0.8381103 1.2556471 1.3809285 3.6305952 1.1035830 0.8963810 0.9117246 0.9035248 0.9565364 0.9506919 0.8884170 0.8855695 1.0127609 0.9239176 0.8745871 0.9503882 0.8948828 0.8330563 0.8417980 0.8567321 0.9249293 0.8655559 1.0181154 0.9826486 0.8887973 3.4873263 2.5557287 1.2573807 2.5796730 1.3541907 1.8493867 2.6319482 4.2746959 
Fspp_ffun1.m4.8287.m1                                  1.0014617 1.0086365 1.2400875 1.2276546 1.3512309 1.3858364 1.3363086 1.2559884 1.4317853 1.4097081 1.2832745 1.5472787 1.2894962 1.2828051 1.3049491 1.2971899 1.2091573 1.4633663 1.0416547 0.8417668 0.8531583 0.9438780 1.1410116 0.8671589 0.3129660 0.5452935 0.3871542 0.3930446 0.2155673 0.3232905 0.3054717 0.2620996 0.0000000 0.6003356 0.5761769 0.8907290 0.8992152 1.0543900 0.9502464 0.9951444 1.0218372 0.9387703 1.1205753 0.9806173 1.1330344 1.1299373 1.1116247 0.9912972 0.9017354 1.1487152 1.0149335 1.0661099 1.0858748 0.9054181 1.2746901 1.4999691 1.4320753 1.1621271 0.9382391 1.0382542 0.9722606 1.0219889 1.0206475 0.9321761 0.9159071 1.1160488 0.9336251 0.8979199 1.0052343 0.9947885 0.8965307 0.9074872 0.9710659 1.0201796 0.9988298 1.1260375 0.9997150 0.8753417 1.9527403 1.5869627 1.7711224 2.1106809 1.5259991 1.9640163 2.3758413 4.4504527 
Exapal_XM_028658911.1                                  0.9670270 0.9438079 1.4498451 1.2866611 1.3604646 1.1794758 1.2619828 1.3759301 1.4451322 1.4457462 1.3034624 1.2803776 1.3072042 1.2890156 1.1590932 1.3126449 1.2708076 1.5190734 1.1258924 0.8726064 0.9711176 1.0884021 1.2626116 1.0095111 0.6805974 0.5766144 0.6679523 0.6557708 0.4318404 0.6174890 0.6196590 0.5828944 0.6003356 0.0000000 0.5137527 0.7288908 0.7134187 0.9875594 0.8957561 0.9498170 0.9156186 0.7923702 1.1643313 1.0439481 1.1249866 0.9971877 1.0303465 0.9413613 0.8448088 1.0642227 0.9020459 1.0593670 1.0400513 1.0160847 1.8349257 1.4978861 1.1560400 1.2852054 0.9756679 1.1121448 1.0050312 1.1084910 0.9903400 0.9728046 0.9424431 1.0273289 1.0950784 1.0257765 1.0770731 1.2137027 0.9595413 0.9515676 0.8880286 1.0407033 1.0077293 1.0924937 1.0950408 1.0743086 1.6192036 1.1378837 2.0238368 2.2805993 1.4231406 1.7685124 2.2846342 4.5703813 
Nvec_v1g246662                                         1.0420966 1.0775270 1.2152373 1.2122075 1.3444494 1.2765174 1.2211855 1.2918397 1.3541470 1.3546571 1.2595117 1.2382246 1.2066689 1.1861176 1.1835400 1.1893052 1.2182195 1.5040629 1.1519081 0.9174156 0.9527483 1.0264635 1.2587160 0.9885311 0.5374258 0.5671774 0.6319531 0.6015480 0.4882440 0.6204019 0.6207581 0.6203869 0.5761769 0.5137527 0.0000000 0.8738290 0.9427618 1.0945219 0.9780016 1.0732287 0.9860155 0.9168209 1.0936705 1.0585581 1.1696518 1.0479076 1.0407792 1.0262442 0.9287071 1.1247815 1.0266065 1.1049391 1.0397976 0.8900290 1.4613226 1.4915899 1.1967143 1.2531803 0.9270406 0.9539490 0.9704589 1.0399544 1.0473360 0.9927522 0.9546611 1.0488916 1.0828863 1.0449179 1.1145227 1.1348589 0.9728854 0.9694213 0.9499600 1.0139418 0.9462341 1.1098109 1.1737367 1.1433736 1.6254504 1.3922980 1.9361323 2.2724778 1.5733717 1.9140096 2.2866749 5.0037589 
Lcom_lcpid169220                                       0.9308843 0.9815098 0.8555549 1.3583044 1.3550450 1.1087476 1.2674364 1.3833937 1.4007232 1.3591707 1.1197592 1.3354918 1.1793550 1.1793550 1.1937627 1.1828002 1.2070356 1.6260205 2.1876962 1.2199673 0.9186233 0.9965643 1.3549188 1.0184827 0.0000010 0.0000010 0.9553978 0.9470175 0.9244823 0.9715864 1.0212260 0.8983167 0.8907290 0.7288908 0.8738290 0.0000000 0.6591269 0.6080810 0.6756057 0.7490755 0.6965906 0.8602929 0.7612145 0.8503459 0.9095102 0.8590109 0.8390483 0.9098916 0.8281968 0.9117585 0.9472121 0.8577818 0.9577199 1.0068705 0.0000010 1.4705589 0.0000010 0.0000010 1.0945329 1.1268401 1.1396314 1.2252165 0.9363944 1.1745902 1.0109741 1.0749779 0.9970980 0.9734671 1.1842384 0.8879243 1.0770624 1.0754401 0.9878918 1.0783932 1.1185203 0.9780388 1.0628022 1.1460689 3.5476762 3.9882359 1.2668504 3.8546926 1.3878584 1.9141905 2.3627933 4.5939477 
Ctel_gnl_WGS_AMQN_CAPTEDRAFT_mRNA31454                 1.0205835 0.9846641 2.8039200 1.1399521 1.1346093 1.0338963 1.1137654 1.1531190 1.2690242 1.2632514 1.0253534 0.8940663 0.9917309 0.9917309 1.0488312 1.0374388 1.1302173 1.4898191 1.4602092 0.7290246 0.8268388 1.0872872 1.3652512 0.8767329 0.0000010 0.0000010 0.9025443 0.9334678 0.7749784 0.7772802 0.8227925 0.7805407 0.8992152 0.7134187 0.9427618 0.6591269 0.0000000 0.0135330 0.5643360 0.6832301 0.6831702 0.7895733 0.7736483 0.7602444 0.9013742 0.8585653 0.8144050 0.8275719 0.7766656 0.7757773 0.7079996 0.8674797 0.9870665 1.0636902 0.0000010 1.5400055 0.0000010 0.0000010 0.8844051 0.9409866 0.9397379 0.8827798 0.8759348 1.0277895 0.8509711 0.9438922 1.0450762 0.9897068 1.1364239 1.1930994 0.9832562 0.9832562 1.0038269 1.0653998 1.1352175 0.8603762 1.1677864 1.1208723 3.8146599 4.1326407 0.9711709 2.9017105 1.4100388 1.5240797 2.7964861 3.7165790 
Ctel_gnl_WGS_AMQN_CAPTEDRAFT_mRNA21487                 0.9786937 0.9295927 1.5995035 1.0716342 1.1343029 1.0059844 1.2998931 1.3870074 1.5216168 1.5225728 1.2517856 1.0478900 1.2502293 1.2714250 1.0559997 1.2470081 1.3484373 1.5127380 1.2294478 0.8123226 1.0026950 1.1747903 1.3508172 1.1160171 1.4432893 1.2477296 0.9716559 1.0099459 0.7968845 1.0247123 1.0228385 0.9213299 1.0543900 0.9875594 1.0945219 0.6080810 0.0135330 0.0000000 0.6667399 0.7373984 0.8069939 0.8666449 1.0624780 0.9969479 0.9933686 0.9004388 0.9111389 0.8264523 0.8321567 0.9344163 0.7954318 0.8816380 0.9737930 1.1314577 1.6927341 1.3059651 1.1060084 1.0008311 1.0538667 1.1258701 1.1189484 1.0306961 1.1298776 1.1299954 1.0732119 1.1388366 1.0795175 1.0376295 1.2483497 1.2703900 1.0776437 1.0958820 1.0740262 1.2182022 1.1915905 0.9977200 1.2118947 1.3140607 1.7989761 1.3456287 1.7939374 1.8006360 1.5282302 1.7557932 2.1137815 4.5919880 
Acagra_model.g683.t1                                   0.7499249 0.7643841 1.4401037 1.0844558 1.1536843 0.9310939 1.1657925 1.1944060 1.3114415 1.3184339 1.2393646 1.0780961 1.2238179 1.2029789 1.0468790 1.2155584 1.1696436 1.4777872 1.2464918 0.7613501 0.9676708 1.0550584 1.2780296 0.9640608 1.3948866 1.3027252 0.9006014 0.9367425 0.6997989 0.9565711 0.9491695 0.7907294 0.9502464 0.8957561 0.9780016 0.6756057 0.5643360 0.6667399 0.0000000 0.5763126 0.8339732 0.8161653 1.0722795 0.9770563 1.0187618 0.9144473 0.9178095 0.6956738 0.7662616 0.9129556 0.8224140 0.7972884 0.8837160 1.0835242 1.3182920 1.2845178 0.8150270 0.8366706 1.0630642 1.0900053 1.0907930 1.0815549 0.9206108 0.9716165 0.8941607 0.9613437 0.9856798 0.9674839 1.0564227 1.1034646 0.9160753 0.9191522 0.8718674 1.0442236 1.0395837 1.0626412 1.1397741 1.2403742 1.6643210 1.3576970 1.6219106 1.6262013 1.2832333 1.9102413 2.0888386 4.3816658 
Cgig_XM_011431792.3                                    0.9079935 0.9323904 1.8823597 1.2466581 1.2181506 1.1540611 1.3753053 1.4580482 1.4833796 1.4820360 1.3482042 1.4112346 1.4926691 1.3916251 1.2551480 1.3425806 1.3679561 1.6726298 1.2454266 0.7007389 1.0717913 1.1699453 1.2805175 1.0461203 1.1727185 1.0850878 1.0175164 1.0169381 0.8292496 1.0385491 1.0625211 0.9874896 0.9951444 0.9498170 1.0732287 0.7490755 0.6832301 0.7373984 0.5763126 0.0000000 1.0396869 0.9647865 1.1871620 1.0069294 1.0455079 1.0184488 1.0593675 0.7716567 0.7552297 0.9424669 0.9394601 0.9460642 1.0266192 1.1441320 1.4487718 1.2620829 0.7521123 0.8479970 1.0823645 1.1688638 1.1390969 1.1290930 1.0022359 0.9732146 1.0028747 1.0532076 1.0572646 1.0397105 1.1942680 1.2612226 1.1125861 1.1311812 1.0211188 1.0189685 1.0083632 1.0711278 1.2390232 1.2105760 1.5156503 1.0158221 1.5773212 1.7553368 1.5542192 1.9021102 2.2692694 4.3526480 
Stycar_maker-SC_scaffold986-snap-gene-0.30-mRNA-1      0.9665633 0.9253190 0.8951292 1.2491273 1.3779755 1.1607809 1.2247460 1.1836317 1.3477705 1.3182650 1.2183060 1.1559253 1.1328497 1.2230715 1.2379083 1.2167848 1.1203464 1.4311814 1.5481965 0.7176366 0.9188412 1.0855042 1.3111035 0.9955193 8.9999981 8.9999987 0.9896133 0.9119757 0.8103580 0.9093278 0.9421039 0.8163426 1.0218372 0.9156186 0.9860155 0.6965906 0.6831702 0.8069939 0.8339732 1.0396869 0.0000000 0.4885653 0.7877647 0.7276713 0.7795380 0.6598306 0.6990603 0.9408089 0.9171940 1.0688822 0.9176395 0.9014347 1.0041356 1.1339980 1.3320306 1.3726973 7.6470981 1.3925930 1.1221577 1.1208064 1.1992021 1.1498782 1.2176137 1.2334109 1.1611457 1.1247639 0.9913842 0.9405777 1.0033014 1.0183709 0.9207379 0.9336121 0.9407458 0.9723128 0.9967445 0.7975922 1.3422983 1.3405052 4.1607300 5.5883156 1.0651799 4.8389866 1.5371399 2.0606414 2.2763666 5.2598690 
Xestes_maker-XT_scaffold2697-augustus-gene-0.13-mRNA-1 1.0394148 1.0423076 1.2470547 1.3941677 1.4151070 1.2729099 1.2874495 1.2953795 1.4672735 1.4279244 1.2804807 1.5557343 1.3279942 1.3279942 1.2900838 1.2914525 1.3325269 1.7737774 1.6886919 1.0315721 0.9978526 1.2253633 1.3695427 1.0831280 0.0000010 0.0000010 0.9111350 0.7614824 0.9533310 0.9458395 0.9431214 0.9988067 0.9387703 0.7923702 0.9168209 0.8602929 0.7895733 0.8666449 0.8161653 0.9647865 0.4885653 0.0000000 0.4449053 0.4561676 0.5026866 0.7343893 0.7227681 1.0174096 0.9369573 0.9894717 0.8489420 1.1398291 1.0435705 1.1104651 8.4824832 1.5190569 0.0000010 1.6175519 1.1228760 1.1690939 1.1406082 1.1185506 1.0741707 1.1964892 1.1620355 1.0783430 1.0034363 1.0309735 1.0123894 0.9703498 0.9094417 0.9154881 1.1499750 1.0401905 1.0825912 1.1282316 1.1003781 1.3755589 3.5541129 2.7560756 0.7453264 4.5649478 1.5782580 1.8609249 2.1458697 4.5963239 
Aque_Aqu2.1.12653_001                                  0.8229886 0.8229886 1.7601783 1.2472782 1.5999840 1.1428507 1.2982804 1.4564256 1.5047531 1.5095255 1.4562519 1.2141288 1.3455648 1.3817023 1.4364542 1.4703120 1.3985477 1.3378396 1.1050624 0.0000010 1.0739399 1.0954141 1.1695217 1.1020470 1.2652809 1.0568246 0.9692433 0.9913713 0.9818544 1.0326654 1.0567395 1.0947274 1.1205753 1.1643313 1.0936705 0.7612145 0.7736483 1.0624780 1.0722795 1.1871620 0.7877647 0.4449053 0.0000000 0.2055343 0.0920252 0.8350395 0.9093685 0.9669843 0.9710718 1.1262363 1.2878820 1.2579334 1.2985318 1.1014427 1.6371331 1.5812630 1.3294818 1.2709974 1.0646389 1.1032438 1.1639396 1.0970139 1.0939288 1.1148608 1.0722381 1.1778094 1.0878529 1.0523311 1.1639696 1.1178641 0.9454301 0.9564353 0.9573362 1.1213037 0.9791932 1.6236668 1.3911823 1.2327109 0.1806016 0.9356140 0.6778697 2.0880827 1.5971720 2.4302631 2.2081449 5.7456129 
