71
Spis_XP_022798131_1                                      0.0000000 0.1030699 0.1417704 0.2751212 0.2751212 0.2605553 0.5180714 0.5390842 0.7224577 0.8512198 0.8809891 0.6585855 1.2390977 1.0568751 1.4691088 1.3556614 1.7853882 2.0526097 1.7723149 1.7801601 1.8145774 2.8214167 1.7747845 1.7478211 1.6059274 1.5097447 1.7571567 1.6982738 1.7560840 1.4096669 1.1997752 2.5191201 1.7679115 1.8694009 1.7761268 1.6988103 1.7858745 1.5029301 2.1430149 2.1969862 1.6363175 1.8458489 2.0451052 1.9392028 1.7022270 1.6360758 1.7076419 2.1586359 2.4136368 1.9520950 2.4255614 2.6486507 2.2134538 1.9823341 2.3132819 1.9078172 2.7756685 2.3699600 2.7200393 2.9505738 2.3909519 2.1399409 2.1339706 2.9623262 2.9443276 2.7111108 2.7176495 2.1800467 2.9679915 2.5124224 3.4706329 
Fspp_ffun1.m4.15293.m1                                   0.1030699 0.0000000 0.0737254 0.2470332 0.2470332 0.3519206 0.4243643 0.5166083 0.6880581 0.8451447 0.8210702 0.6392922 1.2190542 1.0742628 1.3802064 1.3041417 1.7684789 1.9829532 1.7077139 1.7330606 1.7425841 2.6731295 1.6863068 1.6204932 1.5268503 1.4960625 1.6817477 1.6878611 1.7786516 1.3709639 1.1446358 2.3461945 1.7331789 1.7169837 1.6453711 1.6040680 1.6965778 1.3731201 1.9445100 2.0829893 1.4576284 1.5977086 1.8114782 1.7273401 1.6480370 1.6893095 1.5434615 2.1057082 2.4159057 1.8128535 2.4247800 2.5775487 2.0340314 1.8141062 2.1112093 1.6873413 2.4951181 2.3590021 2.7465791 2.7071577 2.2457399 1.9956900 2.1444190 2.8671363 2.8505734 2.5111035 2.5055202 2.1100112 2.8477272 2.3701107 3.1622657 
Gasp_gasp1.m3.15834.m1                                   0.1417704 0.0737254 0.0000000 0.3039141 0.3039141 0.3800905 0.4236754 0.5403980 0.7015218 0.8129669 0.8167598 0.6916229 1.3413576 1.1871640 1.4221486 1.3032178 1.7796723 1.9529858 1.6876980 1.6950246 1.7219603 2.4747441 1.5847478 1.6332594 1.5094202 1.4524442 1.6882549 1.6633519 1.7822668 1.3394330 1.1787455 2.3587777 1.6889340 1.6806438 1.6460580 1.5526832 1.6782408 1.4117865 2.0577551 2.2718542 1.5803723 1.6064907 1.8821486 1.8450685 1.6174719 1.6744640 1.5952356 2.1655329 2.4241870 1.8566514 2.5666754 2.7255659 2.1357548 1.8467698 2.2032733 1.7443508 2.5711306 2.4524724 2.7717238 2.6126712 2.2752553 2.0530377 2.2717991 2.9614959 3.0285308 2.5991872 2.3886396 2.2484634 3.0247415 2.4679844 3.2103603 
Amil_Amillepora22080-RA                                  0.2751212 0.2470332 0.3039141 0.0000000 0.0000010 0.5314486 0.5302426 0.5427913 0.7169560 0.7634672 0.8833170 0.5961336 1.2924124 1.1362573 1.4822816 1.3610573 1.8228231 1.9872507 1.9097914 1.9259378 1.9569482 2.4507409 1.6769716 1.7487222 1.6181408 1.5648739 1.7028150 1.7152988 1.9008940 1.5349110 1.2012799 2.4210068 1.7493090 1.7622563 1.5983136 1.6077604 1.7510135 1.5145630 2.0840184 2.1166577 1.6222919 1.7162438 1.8671552 1.8546757 1.7765688 1.7414191 1.7122249 2.0626041 2.4520132 1.8022157 2.5634961 2.7935654 2.2818428 2.0566667 2.3388579 1.9098820 2.7882413 2.6108314 2.7654938 2.9481064 2.3720072 2.0643944 1.9445034 2.6268762 2.6183494 2.6053801 2.6236091 1.9451900 2.9618999 2.5264333 3.3412534 
Adig_XM_015896966.1                                      0.2751212 0.2470332 0.3039141 0.0000010 0.0000000 0.5258716 0.5245555 0.5370007 0.7117620 0.7634672 0.8833170 0.5961336 1.2752544 1.1362573 1.4700500 1.3516251 1.8210652 1.9872507 1.9097914 1.9259378 1.9569482 2.4507409 1.6769716 1.7487222 1.6181408 1.5648739 1.7028150 1.7152988 1.9008940 1.5349110 1.2012799 2.4210068 1.7493090 1.7596238 1.5935078 1.6030719 1.7420615 1.5136461 2.0840184 2.1166577 1.6222377 1.7171383 1.8818470 1.8586430 1.7765688 1.7637053 1.7122249 2.0626041 2.4520132 1.8051282 2.5733428 2.8060519 2.2880188 2.0625339 2.3462054 1.9136983 2.7933949 2.6209299 2.7782859 2.9481064 2.3720072 2.0643944 1.9445034 2.6268762 2.6183494 2.5972718 2.6236091 1.9451900 2.9748890 2.5884199 3.3412534 
Pocdam_XM_027197067.1                                    0.2605553 0.3519206 0.3800905 0.5314486 0.5258716 0.0000000 0.2718044 0.7309315 0.5321471 1.0995275 1.1412331 2.0472401 1.4793776 1.3622010 1.2849795 1.1281255 1.5835430 1.9493268 1.8377244 1.8459585 1.8751330 2.2759534 1.5898379 1.6976313 1.7776314 1.6903153 2.0544906 1.8349806 1.7547048 1.6587343 1.3671290 2.5362640 1.7816862 1.6001322 1.4938247 1.4090201 1.7028867 1.6102678 2.1550332 2.0946811 1.5820737 1.6743884 1.9517169 1.8684463 1.8214856 1.6527205 1.6279862 2.2120857 2.5619928 2.1390858 2.3990147 2.6166869 2.4647717 2.3432169 2.5929490 2.2502532 2.8964383 2.4127484 2.7584646 3.0070051 2.5344575 2.3866093 2.2827326 2.7235128 2.8044808 2.5855217 2.6128306 2.1824564 2.5301874 2.3965687 3.8384383 
Gfas_gfas1.m1.15951.m1                                   0.5180714 0.4243643 0.4236754 0.5302426 0.5245555 0.2718044 0.0000000 0.7500067 0.6201980 1.1008473 1.1673163 1.9956335 1.4990072 1.4032598 1.3462794 1.2042464 1.7291049 1.9146561 1.8011567 1.7995377 1.8280036 2.1335667 1.4734282 1.5926674 1.6914680 1.7202865 2.0319579 1.8111173 1.8935239 1.6080246 1.3473020 2.4490144 1.7994045 1.5279192 1.5412135 1.3737578 1.6188562 1.6331361 2.2795324 2.1722521 1.6101654 1.7117580 2.0714339 2.0076176 2.0759370 1.5544904 1.5423492 2.1174239 2.5131512 2.0955478 2.5044121 2.6616827 2.3709567 2.1369954 2.4737246 2.0398944 2.7777903 2.4985243 2.7852934 2.7039754 2.5442275 2.4285752 2.5158767 2.8879611 3.0697631 2.9357297 2.8976105 2.3942256 2.8424341 2.5860468 3.5160896 
Nvec_v1g202664                                           0.5390842 0.5166083 0.5403980 0.5427913 0.5370007 0.7309315 0.7500067 0.0000000 0.6870002 0.8438796 0.7766744 1.0186189 1.4348421 1.4155953 1.4796043 1.2824231 1.6596433 2.0393079 1.9496146 1.9272149 1.9594489 2.6609167 1.7189627 1.7430987 1.6287476 1.7479802 1.8579456 1.8419719 2.0680424 1.6041922 1.1800652 2.2965829 2.0134522 1.6007945 1.5232125 1.4992214 1.8118553 1.4830281 2.2251091 2.2088420 1.7088036 1.6677994 1.8290257 1.8429542 1.8069264 1.9272147 1.5675667 2.0663474 2.3280204 1.8188757 2.4402607 2.6269077 2.2171080 2.0352713 2.2971276 1.9642846 2.6293402 2.5797790 2.8523798 2.5748354 2.3423293 2.1676271 2.2267932 3.0737379 2.9997464 2.8855833 2.9541186 2.5328848 3.0053807 2.4673841 3.6775978 
Exapal_XM_028661636.1                                    0.7224577 0.6880581 0.7015218 0.7169560 0.7117620 0.5321471 0.6201980 0.6870002 0.0000000 1.0609847 1.0828966 2.2341334 1.6118976 1.5698961 1.5188078 1.3057891 1.6015881 2.3003834 1.8774899 1.8550956 1.8870315 2.1764049 1.8165489 1.9901374 1.8051824 1.7852768 2.0406086 1.8338500 1.6118989 1.8774562 1.5229305 2.6648883 2.3427189 1.6261173 1.5688021 1.5158006 1.7231734 1.7884805 2.0944949 2.1157914 1.6399846 1.7119369 1.8769744 2.0224217 1.7314853 1.6686977 1.8236277 2.3306028 2.9465997 2.2681574 2.5519568 3.0756925 2.7560230 2.6935153 2.9093205 2.6647037 3.1837124 2.8811055 3.5081285 2.8442176 2.3887205 2.4306390 2.0614906 3.3131936 3.5048855 3.1365205 3.1140782 2.2591105 2.6815701 2.4540513 3.6976978 
Xesp_000239-T1                                           0.8512198 0.8451447 0.8129669 0.7634672 0.7634672 1.0995275 1.1008473 0.8438796 1.0609847 0.0000000 0.3760628 1.1819993 1.2492095 1.3917169 1.5398237 1.4128883 1.6539678 1.8471951 1.5784165 1.5980637 1.6512664 1.8895003 1.4883011 1.8086363 1.4312186 1.5306615 1.5141843 1.5604770 1.9158315 1.2752773 1.3320874 2.2691837 2.1520873 1.6493101 1.4982176 1.3836568 1.4585807 1.4315723 1.7363813 2.3018959 2.0383558 1.2859888 1.5082434 1.8240189 1.7010247 1.7903268 1.7274965 2.1615136 2.5639921 2.0318606 2.5643494 2.9774719 2.3321066 1.7695265 2.4416532 1.8291864 2.6678784 2.3552513 2.5584830 2.8412805 2.3186262 2.3104085 1.8501755 2.7488748 3.0059742 2.4371812 2.7717061 1.9464295 3.1365280 2.5868545 3.4307866 
Dgig_XM_028550529.1                                      0.8809891 0.8210702 0.8167598 0.8833170 0.8833170 1.1412331 1.1673163 0.7766744 1.0828966 0.3760628 0.0000000 1.2214180 1.3715026 1.3190423 1.6934607 1.3011300 1.5940529 2.0198350 1.7886508 1.7694471 1.8189661 2.3957387 1.6942135 1.8007565 1.6793501 1.5816080 1.5014224 1.6205075 1.9958473 1.4752033 1.4006883 2.3089037 2.0575556 1.5820731 1.5113389 1.4655243 1.6494875 1.4614834 1.7546237 1.8693623 1.7411505 1.2999875 1.4566070 1.8146060 1.5010797 1.8798026 1.7279789 2.0051006 2.9905309 2.0057165 2.2394673 2.6895958 2.2199192 1.7674300 2.2916965 1.8823089 2.5425033 2.5787209 2.8019790 2.4357537 2.0552853 2.3943312 1.8200001 2.8223468 3.0889059 2.3990313 2.7877178 2.1826741 3.0222811 2.4248807 3.8814129 
Gfas_gfas1.m1.15952.m1                                   0.6585855 0.6392922 0.6916229 0.5961336 0.5961336 2.0472401 1.9956335 1.0186189 2.2341334 1.1819993 1.2214180 0.0000000 2.0397617 1.9030992 2.2859494 2.0131997 1.9926809 3.4919972 2.3802383 2.3816305 2.4008404 2.4713171 2.6245903 3.5869709 2.1018575 2.2408683 2.0973979 2.0965515 3.6688225 1.8482945 1.9206617 5.9102882 2.2057270 2.4395845 2.3310151 2.3942645 2.8081573 1.6323433 2.4458856 2.9289202 2.2530781 2.4186075 2.4631294 2.4434163 2.6816356 3.4665097 2.9078507 2.6810799 3.1380902 2.8496270 3.9288851 3.9475830 3.2286632 2.8323324 3.0983250 2.8091646 4.1797308 3.3357750 3.6336057 6.7789535 3.0464431 2.5526379 2.8013803 2.7993890 2.7932373 2.8359841 2.8058292 2.5608727 3.9409780 2.9981882 3.4131704 
Xesp_020713-T2                                           1.2390977 1.2190542 1.3413576 1.2924124 1.2752544 1.4793776 1.4990072 1.4348421 1.6118976 1.2492095 1.3715026 2.0397617 0.0000000 0.4519497 1.3154440 1.5337310 1.5601620 1.5848501 1.3209039 1.3799764 1.4039615 1.2739426 1.3270809 1.7570202 1.1387734 1.1623834 1.2639320 1.2086488 1.5085628 1.1377657 1.0885168 2.8107672 1.5303211 1.7072944 1.7385201 1.7072147 1.7380725 2.0239256 2.1554184 1.8927018 1.6537217 2.3384402 2.0512407 1.8584375 2.1328273 1.9354674 2.0372400 2.0794884 2.6121316 2.1242876 1.8109527 1.7768870 1.9250908 1.8394314 1.7777290 1.9662554 1.9929423 1.4895148 2.0138603 1.8725083 2.0743058 2.1738352 2.3161613 2.2205095 2.0297541 1.9521058 2.2973254 2.4686337 2.5537841 2.5144887 3.8633944 
Dgig_XM_028546698.1                                      1.0568751 1.0742628 1.1871640 1.1362573 1.1362573 1.3622010 1.4032598 1.4155953 1.5698961 1.3917169 1.3190423 1.9030992 0.4519497 0.0000000 1.4795944 1.5212804 1.5280540 1.9462382 1.5867956 1.5793818 1.6865064 1.3976230 1.4834809 1.9783472 1.4816314 1.4572390 1.4461093 1.4564826 2.2067236 1.3548822 1.3845538 3.1127380 1.8821939 1.8338903 1.9373533 1.8589376 1.7782810 2.2932190 2.6415778 2.0648590 1.7688175 2.6216278 2.1279831 2.1992827 2.3814765 2.0319908 2.0523593 2.0735656 2.4753546 2.3772351 1.8190477 1.9036760 2.0097019 1.8273703 1.9196624 1.7433431 2.1542772 1.7276520 2.3618047 2.1828142 2.3457399 2.0386052 2.2944621 2.3977847 2.1312686 2.5083304 2.0485754 2.6653098 2.8030004 2.7923141 4.8426220 
Dgig_XM_028550501.1                                      1.4691088 1.3802064 1.4221486 1.4822816 1.4700500 1.2849795 1.3462794 1.4796043 1.5188078 1.5398237 1.6934607 2.2859494 1.3154440 1.4795944 0.0000000 0.5929134 0.8993474 2.0787527 2.2530982 2.2098215 2.2917697 2.1534205 2.2150576 2.6612895 2.1346128 2.2548226 2.0525892 2.0914875 2.3257181 2.4714940 1.6129268 3.2751930 2.4264832 1.8871014 1.7422738 1.6007627 1.9095713 1.6917656 2.4976169 2.3478122 1.8271595 1.6490608 1.9650246 2.5926323 1.7841579 2.3037422 1.7126855 2.1729288 2.1493458 2.0494264 2.6226597 2.7257651 2.5101997 1.8960589 2.6402210 1.7756478 2.9335149 2.4819741 2.6592362 3.4935497 2.8780046 2.9927991 2.8072269 2.5512174 2.7279212 2.9480787 3.1477085 2.4919183 2.6432769 2.2367205 5.0523226 
Xesp_019732-T1                                           1.3556614 1.3041417 1.3032178 1.3610573 1.3516251 1.1281255 1.2042464 1.2824231 1.3057891 1.4128883 1.3011300 2.0131997 1.5337310 1.5212804 0.5929134 0.0000000 0.0725976 2.1327053 1.7768388 1.7659888 1.8470808 2.4009628 1.6815706 1.6057936 1.9836161 1.8845782 1.9475739 1.7302120 1.9749142 1.9178719 1.6766042 3.3079207 2.0409375 1.2946915 1.2512288 1.0835528 1.5591540 1.5149699 2.2591862 1.9862799 1.6196259 1.7479290 1.8129616 2.2760498 1.4953585 2.0900892 1.7505972 1.9971778 2.5516300 2.0366010 2.4203638 2.5423288 2.0684057 2.1063972 2.0658093 2.1214194 2.4651175 2.1944824 2.9141633 2.3044831 2.3007783 2.3382764 2.6155264 2.1792329 2.8271174 2.7455921 2.1879845 2.3283385 2.6410467 2.0624924 4.2790061 
Xesp_019854-T1                                           1.7853882 1.7684789 1.7796723 1.8228231 1.8210652 1.5835430 1.7291049 1.6596433 1.6015881 1.6539678 1.5940529 1.9926809 1.5601620 1.5280540 0.8993474 0.0725976 0.0000000 2.1172331 2.3679397 2.3806926 2.4614585 2.7002928 2.0044527 2.5430192 2.7026449 2.8994434 2.5569426 2.6750083 3.1872594 2.3964523 1.7564446 3.3079207 2.5511157 1.6932422 1.6020020 1.3873296 1.8817957 1.7425212 2.4731857 2.3872096 1.9489044 1.7714921 2.2582951 2.4747898 1.5068262 2.4609101 1.7956071 2.4988595 2.5259171 2.4752713 2.6600266 2.7245301 2.5948122 2.1137998 2.6566661 2.1290727 2.9771758 2.4069761 3.0017350 2.8123630 2.6100240 2.4750910 2.9671831 2.5147337 2.9562886 2.8490068 3.3320571 2.6769508 3.4213541 2.0624924 4.7266583 
Amil_Amillepora27320-RA                                  2.0526097 1.9829532 1.9529858 1.9872507 1.9872507 1.9493268 1.9146561 2.0393079 2.3003834 1.8471951 2.0198350 3.4919972 1.5848501 1.9462382 2.0787527 2.1327053 2.1172331 0.0000000 0.3734447 0.3628469 0.3572304 0.4388076 0.2654571 0.1983471 0.6588309 0.7000342 0.7747490 0.7440999 0.8052177 1.1491480 1.0154605 1.0093068 0.5634467 2.1324695 2.3252864 2.4307400 2.3673402 2.4195365 2.4943259 2.4436902 2.2481896 2.1075847 2.5003179 2.5826718 2.5303934 2.6239260 2.1284902 2.1471173 2.6692530 2.4775832 2.3266978 2.4661343 2.6523524 2.7747049 2.7669827 2.5271700 2.8165364 2.3541184 3.0888474 2.9738982 2.9315613 2.8341265 2.3998184 3.0155680 3.2428318 3.6391313 3.0668255 3.0503915 3.8827813 2.9500028 4.7402153 
Amil_Amillepora25021-RA                                  1.7723149 1.7077139 1.6876980 1.9097914 1.9097914 1.8377244 1.8011567 1.9496146 1.8774899 1.5784165 1.7886508 2.3802383 1.3209039 1.5867956 2.2530982 1.7768388 2.3679397 0.3734447 0.0000000 0.0451370 0.0591007 0.5111537 0.5885054 0.5998191 0.7433820 0.7490019 0.6620000 0.7297506 0.9375416 0.9770597 0.8080244 1.0343397 0.9303091 1.9051495 2.0846270 2.1931819 2.3897223 1.9760456 2.3571283 2.5443350 2.3353275 1.4156181 2.3048861 2.3789060 2.0892959 2.4766893 1.5116950 1.9979043 1.8650741 2.5932065 2.2190112 2.4422709 2.6428290 2.0295648 2.7728260 1.8392923 3.1622472 2.6632402 2.7062364 2.9703943 2.6709342 2.5968650 2.5344923 2.6573095 2.9243800 2.9808916 3.0917343 3.0830548 3.6395231 2.4760185 4.6617610 
Adig_XM_015899493.1                                      1.7801601 1.7330606 1.6950246 1.9259378 1.9259378 1.8459585 1.7995377 1.9272149 1.8550956 1.5980637 1.7694471 2.3816305 1.3799764 1.5793818 2.2098215 1.7659888 2.3806926 0.3628469 0.0451370 0.0000000 0.0319473 0.4825172 0.5868305 0.5727310 0.7849605 0.7983858 0.6947442 0.7260364 1.0016908 0.9990599 0.7757926 1.0165582 0.8774344 1.8923450 2.0833215 2.2113428 2.4091371 1.9184197 2.3553818 2.6040336 2.3574708 1.4585176 2.3208159 2.3958621 2.0207253 2.3566656 1.4411116 2.0052452 1.9079250 2.6206541 2.2082060 2.4303898 2.6253207 2.0022610 2.7578067 1.8169632 3.1468137 2.6455358 2.7555385 2.8746662 2.5821966 2.5564477 2.4969214 2.6581217 2.9291560 3.0395688 3.0653035 3.0034452 3.6934889 2.4303690 4.5063406 
Amil_Amillepora00109-RA                                  1.8145774 1.7425841 1.7219603 1.9569482 1.9569482 1.8751330 1.8280036 1.9594489 1.8870315 1.6512664 1.8189661 2.4008404 1.4039615 1.6865064 2.2917697 1.8470808 2.4614585 0.3572304 0.0591007 0.0319473 0.0000000 0.4676002 0.5727900 0.6012243 0.8265643 0.7850676 0.7566146 0.7976745 1.0261139 1.0435227 0.8116060 1.0821668 0.8877202 1.9261842 2.1016150 2.2212137 2.3678272 2.0429849 2.4670836 2.6570023 2.4460690 1.4666440 2.3759407 2.4554523 2.0157501 2.4551284 1.3784577 2.0112606 1.9013206 2.7308605 2.3027744 2.5337357 2.6940199 2.0312818 2.8383348 1.8898124 3.2300332 2.7593880 2.8392417 3.0825627 2.7948830 2.5479503 2.4959747 2.6700587 2.9409432 3.0436634 3.0209961 3.1295851 3.6842015 2.4766799 4.4915985 
Amil_Amillepora02781-RA                                  2.8214167 2.6731295 2.4747441 2.4507409 2.4507409 2.2759534 2.1335667 2.6609167 2.1764049 1.8895003 2.3957387 2.4713171 1.2739426 1.3976230 2.1534205 2.4009628 2.7002928 0.4388076 0.5111537 0.4825172 0.4676002 0.0000000 0.4140375 0.7423373 0.9433500 0.9866891 1.0042312 0.9427945 1.5884409 1.3089904 0.7136535 3.3590480 0.8514205 2.2712311 2.5494141 2.6076649 2.6258692 2.3026217 2.7341408 2.6369392 2.0065281 1.9600313 2.2473607 2.6436599 2.6582662 2.5210345 1.7530589 2.0341047 2.1940640 3.2041329 2.4717147 2.5460054 2.6199575 2.2054879 2.8167825 2.1725358 3.0386964 2.1169943 2.1785433 3.2482081 3.6147620 3.7873412 2.8960506 2.3814840 2.7116304 3.1438599 3.2632427 3.6825501 4.1965620 2.9893568 5.0484854 
Amil_Amillepora20300-RA                                  1.7747845 1.6863068 1.5847478 1.6769716 1.6769716 1.5898379 1.4734282 1.7189627 1.8165489 1.4883011 1.6942135 2.6245903 1.3270809 1.4834809 2.2150576 1.6815706 2.0044527 0.2654571 0.5885054 0.5868305 0.5727900 0.4140375 0.0000000 0.6462404 0.9339015 1.0117684 0.9509018 1.1198254 1.4606592 1.3338317 0.9717831 1.2742614 0.3904431 1.9610792 2.0151828 2.0608727 2.0531584 1.8849919 2.7448341 2.2900284 2.5637118 1.5958545 2.2861065 2.4905487 1.9705794 2.2573120 1.4740967 1.9457968 2.1538547 2.9107410 2.5356593 2.6067537 2.7628349 2.1266658 3.0332637 2.0470306 3.2956209 2.7373404 2.6619271 2.5119198 2.5014750 2.7571994 2.2506796 2.5002629 2.9778000 3.3452787 3.1042524 3.0269158 3.8025469 2.2582374 4.6047605 
Amil_Amillepora32038-RA                                  1.7478211 1.6204932 1.6332594 1.7487222 1.7487222 1.6976313 1.5926674 1.7430987 1.9901374 1.8086363 1.8007565 3.5869709 1.7570202 1.9783472 2.6612895 1.6057936 2.5430192 0.1983471 0.5998191 0.5727310 0.6012243 0.7423373 0.6462404 0.0000000 1.0047257 1.1159966 0.9158840 1.0720677 1.1058128 1.0219551 0.8092263 0.0409290 0.6509115 2.2738616 2.2719745 2.4735947 2.4966848 2.3931571 2.9562251 3.3296521 2.8769098 1.0303701 2.8569570 2.6537219 1.9675830 2.4169009 1.3974914 2.2627593 3.9180938 3.5137819 3.0162014 3.6102712 3.2340956 2.9398646 3.3744974 2.4799103 3.2251092 3.7218238 5.1765106 3.1944809 2.9088315 2.4285084 2.9993811 3.8350942 4.0275019 4.7693258 3.7513755 3.7034130 4.2596910 2.2466457 6.9569413 
Fspp_ffun1.m4.12327.m1                                   1.6059274 1.5268503 1.5094202 1.6181408 1.6181408 1.7776314 1.6914680 1.6287476 1.8051824 1.4312186 1.6793501 2.1018575 1.1387734 1.4816314 2.1346128 1.9836161 2.7026449 0.6588309 0.7433820 0.7849605 0.8265643 0.9433500 0.9339015 1.0047257 0.0000000 0.3995150 0.3254947 0.3922369 0.4153458 0.9836279 0.7210953 1.3661957 1.1547222 1.6900798 1.8108191 2.0256024 2.3123019 1.6538731 2.3377069 2.2395577 2.4315933 1.3788762 1.9731191 1.9806457 2.0340271 2.2817914 1.6059872 1.8505509 1.9331019 2.5402021 2.2702962 2.5259905 2.2565902 1.8236198 2.3302386 1.7544209 2.9106599 2.3838314 2.4280875 2.8270072 2.7556635 2.6636570 2.3996736 2.7125406 2.7546348 2.5907512 2.9676794 2.7998445 3.4251553 2.7604415 3.7528137 
Gfas_gfas1.m1.13548.m1                                   1.5097447 1.4960625 1.4524442 1.5648739 1.5648739 1.6903153 1.7202865 1.7479802 1.7852768 1.5306615 1.5816080 2.2408683 1.1623834 1.4572390 2.2548226 1.8845782 2.8994434 0.7000342 0.7490019 0.7983858 0.7850676 0.9866891 1.0117684 1.1159966 0.3995150 0.0000000 0.5981092 0.5109100 0.5769296 1.0524575 0.8002970 1.5336139 1.1272294 1.9947823 2.1223814 2.3717533 2.3341438 1.5843459 2.6074809 2.4197101 2.4696679 1.2951593 2.3190321 2.3136275 1.9413720 2.3894467 1.6040126 2.0909899 2.1970577 2.7242182 2.4472492 2.6412036 2.2786922 1.7841991 2.4338214 1.7755424 2.8219296 2.6191067 2.8604181 3.0532724 2.7804483 3.2118202 2.1025466 2.9031281 3.1885372 2.9326572 2.9418194 3.0943858 3.4076367 2.6354402 3.9643397 
Gasp_gasp1.m3.14162.m1                                   1.7571567 1.6817477 1.6882549 1.7028150 1.7028150 2.0544906 2.0319579 1.8579456 2.0406086 1.5141843 1.5014224 2.0973979 1.2639320 1.4461093 2.0525892 1.9475739 2.5569426 0.7747490 0.6620000 0.6947442 0.7566146 1.0042312 0.9509018 0.9158840 0.3254947 0.5981092 0.0000000 0.4831498 0.5303561 1.1019203 0.7853144 1.4680962 1.3197788 1.9421802 1.8114091 2.0174889 2.2089336 1.7695353 2.6255877 2.3605057 2.6359452 1.5131467 2.2412532 2.2682281 1.9799966 2.4294612 1.7320001 2.1697363 2.3779525 2.5077586 2.1181315 2.2638273 2.4928642 2.0238146 2.5419620 1.9538417 3.1988849 2.4595878 2.5796379 2.4921546 2.5771988 2.8226089 2.3983991 2.5641755 2.8882522 2.8059701 2.9497136 2.5326566 3.8036297 2.6066802 3.3517525 
Spis_XP_022790665_1                                      1.6982738 1.6878611 1.6633519 1.7152988 1.7152988 1.8349806 1.8111173 1.8419719 1.8338500 1.5604770 1.6205075 2.0965515 1.2086488 1.4564826 2.0914875 1.7302120 2.6750083 0.7440999 0.7297506 0.7260364 0.7976745 0.9427945 1.1198254 1.0720677 0.3922369 0.5109100 0.4831498 0.0000000 0.2120443 1.0391328 0.7577210 1.3910524 1.1476173 1.8141065 1.8321903 1.9886863 2.0516904 1.7685628 2.4918117 2.3312072 2.3508997 1.3650576 2.1207461 2.0848056 1.8387425 2.3339447 1.5978626 2.1388575 2.1248164 2.6754253 2.0439466 2.2527021 2.6047701 1.7794608 2.7521039 1.7406995 3.1901231 2.2349569 2.8518528 2.8965140 2.6071492 2.6824085 2.3363238 2.6031604 2.7890421 2.7771187 3.1378638 3.0894448 3.9577398 2.5518215 4.7044545 
Pocdam_XM_027198069.1                                    1.7560840 1.7786516 1.7822668 1.9008940 1.9008940 1.7547048 1.8935239 2.0680424 1.6118989 1.9158315 1.9958473 3.6688225 1.5085628 2.2067236 2.3257181 1.9749142 3.1872594 0.8052177 0.9375416 1.0016908 1.0261139 1.5884409 1.4606592 1.1058128 0.4153458 0.5769296 0.5303561 0.2120443 0.0000000 1.1813758 0.8851579 0.5710509 2.3523266 1.9606655 1.9399218 2.1720376 2.2896783 1.9923836 3.3387535 2.7156917 2.8780074 1.1885864 2.4430569 2.2819948 1.8997467 2.1588335 2.0028254 2.6275877 3.7490787 3.0495054 2.7759311 2.9438922 3.3331323 2.3943658 3.7216968 2.4774724 3.5097411 2.7473692 4.2550439 2.8781686 2.7444459 2.8026298 2.8251989 3.6294935 3.6594519 3.7344908 3.6448638 3.4210041 3.6951108 3.1020986 5.1275467 
Nvec_v1g106590                                           1.4096669 1.3709639 1.3394330 1.5349110 1.5349110 1.6587343 1.6080246 1.6041922 1.8774562 1.2752773 1.4752033 1.8482945 1.1377657 1.3548822 2.4714940 1.9178719 2.3964523 1.1491480 0.9770597 0.9990599 1.0435227 1.3089904 1.3338317 1.0219551 0.9836279 1.0524575 1.1019203 1.0391328 1.1813758 0.0000000 0.4911736 1.9146822 1.8447974 1.8890654 2.0462484 2.0406642 1.8810177 1.8108754 2.2473049 2.4577821 2.0380660 1.5126638 2.2103880 2.2534166 1.7855380 2.6771921 1.8968598 2.0390569 1.9251550 2.3444846 2.1446581 2.1326162 2.3380157 1.7592414 2.3240315 1.8277028 3.1006561 2.2024022 2.6928614 2.2691504 2.3393709 2.4778051 2.7598479 2.8212465 2.8329125 2.9541874 3.3587615 2.4300564 4.0166113 2.8742059 5.0325271 
Exapal_XM_021059023.2                                    1.1997752 1.1446358 1.1787455 1.2012799 1.2012799 1.3671290 1.3473020 1.1800652 1.5229305 1.3320874 1.4006883 1.9206617 1.0885168 1.3845538 1.6129268 1.6766042 1.7564446 1.0154605 0.8080244 0.7757926 0.8116060 0.7136535 0.9717831 0.8092263 0.7210953 0.8002970 0.7853144 0.7577210 0.8851579 0.4911736 0.0000000 1.8049598 1.3395465 1.9337347 1.9791181 1.9408185 2.0119677 1.7513197 2.0989882 2.0982974 2.0842017 1.6078558 2.2278184 2.1866766 1.8647571 2.1958545 1.5260576 1.7513449 2.0499525 2.2243935 1.6905473 1.7021806 1.8044763 1.5866229 1.8270416 1.5264764 2.0862196 1.7414988 2.5659331 2.5750624 2.5801877 2.2415599 1.8233871 2.3731760 2.5909742 2.6975459 3.0244487 2.1154289 2.7183236 2.5712667 3.6959227 
Amil_Amillepora32035-RA                                  2.5191201 2.3461945 2.3587777 2.4210068 2.4210068 2.5362640 2.4490144 2.2965829 2.6648883 2.2691837 2.3089037 5.9102882 2.8107672 3.1127380 3.2751930 3.3079207 3.3079207 1.0093068 1.0343397 1.0165582 1.0821668 3.3590480 1.2742614 0.0409290 1.3661957 1.5336139 1.4680962 1.3910524 0.5710509 1.9146822 1.8049598 0.0000000 2.2629018 2.5330372 2.7429371 2.7450688 2.9246060 2.8339123 3.4303458 3.3814805 3.2656157 2.3780362 3.4163965 3.1779744 2.9939192 2.5559970 3.5714734 3.6188720 6.4114781 2.8275276 3.7682325 3.8697301 3.3482095 4.2552762 3.4069580 3.9853503 3.4523994 3.9139736 5.3685218 2.3657774 3.0976372 3.0829089 3.5806277 4.7430651 4.6180902 4.9625739 3.8160159 3.6171656 4.6705673 3.6225255 5.7906009 
Adig_XM_015916645.1                                      1.7679115 1.7331789 1.6889340 1.7493090 1.7493090 1.7816862 1.7994045 2.0134522 2.3427189 2.1520873 2.0575556 2.2057270 1.5303211 1.8821939 2.4264832 2.0409375 2.5511157 0.5634467 0.9303091 0.8774344 0.8877202 0.8514205 0.3904431 0.6509115 1.1547222 1.1272294 1.3197788 1.1476173 2.3523266 1.8447974 1.3395465 2.2629018 0.0000000 2.6140546 2.4619827 2.6135203 2.5434009 1.9618068 1.6615813 1.7510416 2.0218042 1.9953078 2.5371849 2.4301582 2.4790562 2.9786779 1.8850439 2.1845170 1.8102465 1.8386915 2.3539955 2.5631915 2.5954578 2.6310321 2.3408511 2.3808526 2.9204267 2.7490400 2.8496367 3.8386888 2.7234641 3.1093651 2.8792469 3.5092858 3.6213758 3.6859222 3.7131160 2.7824921 3.4258338 2.5820425 6.3704599 
Sanmal_Sma_007656-T1                                     1.8694009 1.7169837 1.6806438 1.7622563 1.7596238 1.6001322 1.5279192 1.6007945 1.6261173 1.6493101 1.5820731 2.4395845 1.7072944 1.8338903 1.8871014 1.2946915 1.6932422 2.1324695 1.9051495 1.8923450 1.9261842 2.2712311 1.9610792 2.2738616 1.6900798 1.9947823 1.9421802 1.8141065 1.9606655 1.8890654 1.9337347 2.5330372 2.6140546 0.0000000 0.5907528 0.5853495 0.9553826 1.7768371 2.9367004 2.2015340 1.9201435 1.7065546 1.9968127 2.0693284 1.7615377 1.6351568 1.8203429 2.7984749 2.7379887 2.2218511 2.5232334 2.5986221 2.5660489 1.9836495 2.6850626 2.1463455 2.9595145 2.3370241 2.7854966 2.0608422 2.0362695 2.6583649 2.4683990 2.5660156 2.4273357 2.4079087 2.6335349 3.3559074 3.0485177 2.2788316 4.1861491 
Aaur_scaffold8.g49.t3                                    1.7761268 1.6453711 1.6460580 1.5983136 1.5935078 1.4938247 1.5412135 1.5232125 1.5688021 1.4982176 1.5113389 2.3310151 1.7385201 1.9373533 1.7422738 1.2512288 1.6020020 2.3252864 2.0846270 2.0833215 2.1016150 2.5494141 2.0151828 2.2719745 1.8108191 2.1223814 1.8114091 1.8321903 1.9399218 2.0462484 1.9791181 2.7429371 2.4619827 0.5907528 0.0000000 0.4070637 0.8612578 1.6589212 2.9075694 1.8677207 2.3012573 1.6600971 1.9755999 1.9261290 1.6088182 1.6586798 1.6114357 2.6985619 2.8619531 2.4283250 2.3629125 2.3760571 2.5532331 2.1163159 2.6343770 2.1617499 2.8796592 2.2314688 2.6351286 2.6307780 2.3887190 2.4272445 2.4230839 2.7066842 2.6164120 2.7057219 2.8487985 3.3693888 2.9207422 2.0736453 4.8690526 
Nemnom_g10022.t1                                         1.6988103 1.6040680 1.5526832 1.6077604 1.6030719 1.4090201 1.3737578 1.4992214 1.5158006 1.3836568 1.4655243 2.3942645 1.7072147 1.8589376 1.6007627 1.0835528 1.3873296 2.4307400 2.1931819 2.2113428 2.2212137 2.6076649 2.0608727 2.4735947 2.0256024 2.3717533 2.0174889 1.9886863 2.1720376 2.0406642 1.9408185 2.7450688 2.6135203 0.5853495 0.4070637 0.0000000 0.3727528 1.4449758 2.5021158 2.0803815 2.0329294 1.4156075 1.9339612 2.0080909 1.7134505 1.5127893 1.7597851 2.5166996 2.5772706 2.3388704 2.2487554 2.3019583 2.3574516 1.9380035 2.4394978 2.0423857 2.6313845 2.2283509 2.6417046 2.5309800 2.3059523 2.4469982 2.2210665 2.8618990 2.7808305 2.7963621 2.6795814 3.0841777 2.8133135 1.9938513 4.6838206 
Rhoesc_Res_011946-T1                                     1.7858745 1.6965778 1.6782408 1.7510135 1.7420615 1.7028867 1.6188562 1.8118553 1.7231734 1.4585807 1.6494875 2.8081573 1.7380725 1.7782810 1.9095713 1.5591540 1.8817957 2.3673402 2.3897223 2.4091371 2.3678272 2.6258692 2.0531584 2.4966848 2.3123019 2.3341438 2.2089336 2.0516904 2.2896783 1.8810177 2.0119677 2.9246060 2.5434009 0.9553826 0.8612578 0.3727528 0.0000000 1.3186755 2.3763130 2.2204408 2.1284244 1.6707687 2.2292136 2.3545129 1.7131896 1.7149479 1.6402897 2.5911254 2.3794464 2.6355543 2.5557397 2.6979749 2.7193763 2.1937743 2.8445734 2.3279707 3.1812390 2.6507691 3.1325013 2.4188710 2.1839729 2.4519393 2.6867306 2.9213424 2.9620612 3.0512082 3.0340509 2.8592797 3.3526983 2.4673589 5.1834339 
Morvir_scaffold285.g9.t1                                 1.5029301 1.3731201 1.4117865 1.5145630 1.5136461 1.6102678 1.6331361 1.4830281 1.7884805 1.4315723 1.4614834 1.6323433 2.0239256 2.2932190 1.6917656 1.5149699 1.7425212 2.4195365 1.9760456 1.9184197 2.0429849 2.3026217 1.8849919 2.3931571 1.6538731 1.5843459 1.7695353 1.7685628 1.9923836 1.8108754 1.7513197 2.8339123 1.9618068 1.7768371 1.6589212 1.4449758 1.3186755 0.0000000 2.4990031 1.8984599 1.9670707 1.3663826 1.9510915 1.9976078 1.5217851 1.8050690 1.7394993 1.8526998 2.1907305 2.3104276 2.5330123 2.7115292 2.2464473 2.0553154 2.4206271 2.1151157 2.2672580 2.9748320 3.3328533 2.0636739 1.6860334 2.9659416 2.2749776 2.6556223 2.8515420 2.7461490 2.3377406 2.0951270 3.2151450 1.7932375 3.3186894 
Spur_XM_781833.5                                         2.1430149 1.9445100 2.0577551 2.0840184 2.0840184 2.1550332 2.2795324 2.2251091 2.0944949 1.7363813 1.7546237 2.4458856 2.1554184 2.6415778 2.4976169 2.2591862 2.4731857 2.4943259 2.3571283 2.3553818 2.4670836 2.7341408 2.7448341 2.9562251 2.3377069 2.6074809 2.6255877 2.4918117 3.3387535 2.2473049 2.0989882 3.4303458 1.6615813 2.9367004 2.9075694 2.5021158 2.3763130 2.4990031 0.0000000 1.3215063 1.5654344 1.4794773 1.9754013 2.2146765 2.0081597 3.4333098 1.9051171 2.3359326 2.4483147 1.7561648 2.4727036 2.7028716 2.9434630 2.5285159 2.9051072 2.4962096 3.4386959 2.9016076 3.0071067 3.7785462 2.9115481 2.7217966 3.0724915 3.3170232 3.2478920 3.1687915 4.3679112 2.8317619 3.0266525 2.8453615 6.4781394 
Skow_XM_002733517.1                                      2.1969862 2.0829893 2.2718542 2.1166577 2.1166577 2.0946811 2.1722521 2.2088420 2.1157914 2.3018959 1.8693623 2.9289202 1.8927018 2.0648590 2.3478122 1.9862799 2.3872096 2.4436902 2.5443350 2.6040336 2.6570023 2.6369392 2.2900284 3.3296521 2.2395577 2.4197101 2.3605057 2.3312072 2.7156917 2.4577821 2.0982974 3.3814805 1.7510416 2.2015340 1.8677207 2.0803815 2.2204408 1.8984599 1.3215063 0.0000000 1.0338263 1.2095831 1.2149672 1.4370826 2.2054610 2.9440138 1.9807020 2.3887403 1.9055573 1.4470663 2.1754046 2.1140349 2.7459644 2.1771399 2.7856539 2.1516665 3.4834491 2.2335765 2.6667170 3.1238780 2.5185407 2.4553466 2.2324690 2.6498544 2.8253464 2.8145255 3.6427091 2.9625640 2.8025491 2.8441370 7.7234631 
Bralan_BLAG02000407_1                                    1.6363175 1.4576284 1.5803723 1.6222919 1.6222377 1.5820737 1.6101654 1.7088036 1.6399846 2.0383558 1.7411505 2.2530781 1.6537217 1.7688175 1.8271595 1.6196259 1.9489044 2.2481896 2.3353275 2.3574708 2.4460690 2.0065281 2.5637118 2.8769098 2.4315933 2.4696679 2.6359452 2.3508997 2.8780074 2.0380660 2.0842017 3.2656157 2.0218042 1.9201435 2.3012573 2.0329294 2.1284244 1.9670707 1.5654344 1.0338263 0.0000000 1.1165857 1.2192124 1.3932954 1.6365488 2.2586754 2.0007245 2.2236555 1.8233528 1.3891982 2.1240314 2.0598611 2.4317103 2.0836380 2.4721365 2.2044299 3.1054145 2.1899962 2.4035403 3.8796718 2.7728127 2.1959417 2.2273616 2.7830186 3.1363134 2.8492346 3.4336445 2.6762803 2.8622695 2.6472437 6.4230731 
Ctel_gnl_WGS_AMQN_CAPTEDRAFT_mRNA133071                  1.8458489 1.5977086 1.6064907 1.7162438 1.7171383 1.6743884 1.7117580 1.6677994 1.7119369 1.2859888 1.2999875 2.4186075 2.3384402 2.6216278 1.6490608 1.7479290 1.7714921 2.1075847 1.4156181 1.4585176 1.4666440 1.9600313 1.5958545 1.0303701 1.3788762 1.2951593 1.5131467 1.3650576 1.1885864 1.5126638 1.6078558 2.3780362 1.9953078 1.7065546 1.6600971 1.4156075 1.6707687 1.3663826 1.4794773 1.2095831 1.1165857 0.0000000 0.6677044 0.9816860 2.1188124 2.3750987 1.8358873 1.5766647 2.1562673 1.7316153 2.5395263 2.5926206 2.0908513 2.3695815 2.1362114 2.1931132 2.3557838 2.4111531 2.4999256 2.9157757 2.5819890 2.3826878 1.9988261 2.4643946 2.6595916 2.8206120 2.4506695 1.8975991 3.2822982 2.7040969 4.2596916 
Acagra_model.g7471.t1                                    2.0451052 1.8114782 1.8821486 1.8671552 1.8818470 1.9517169 2.0714339 1.8290257 1.8769744 1.5082434 1.4566070 2.4631294 2.0512407 2.1279831 1.9650246 1.8129616 2.2582951 2.5003179 2.3048861 2.3208159 2.3759407 2.2473607 2.2861065 2.8569570 1.9731191 2.3190321 2.2412532 2.1207461 2.4430569 2.2103880 2.2278184 3.4163965 2.5371849 1.9968127 1.9755999 1.9339612 2.2292136 1.9510915 1.9754013 1.2149672 1.2192124 0.6677044 0.0000000 0.9884487 2.2369040 2.4099089 1.9588904 2.1123639 1.8689439 1.8688535 3.0156334 3.1833563 2.9294986 2.2346376 3.1148179 2.2313866 3.5491718 3.0411224 3.0273236 4.3400184 3.2915587 2.4340206 1.9664743 3.1410123 3.0726277 2.9017665 3.8797081 2.2799927 3.2052217 2.8085681 5.9748047 
Cgig_XM_034457797.1                                      1.9392028 1.7273401 1.8450685 1.8546757 1.8586430 1.8684463 2.0076176 1.8429542 2.0224217 1.8240189 1.8146060 2.4434163 1.8584375 2.1992827 2.5926323 2.2760498 2.4747898 2.5826718 2.3789060 2.3958621 2.4554523 2.6436599 2.4905487 2.6537219 1.9806457 2.3136275 2.2682281 2.0848056 2.2819948 2.2534166 2.1866766 3.1779744 2.4301582 2.0693284 1.9261290 2.0080909 2.3545129 1.9976078 2.2146765 1.4370826 1.3932954 0.9816860 0.9884487 0.0000000 3.0405484 2.1789750 2.2254285 2.2044173 2.5407974 2.4376579 2.6800701 2.7690584 3.3246996 2.5699670 3.5152276 2.4857703 4.0752568 2.4377681 2.8720284 2.8042667 2.4117698 2.8324467 2.5253467 3.1939959 3.0209099 3.0603588 3.7734361 2.7438388 3.7826899 2.5612431 5.9132095 
Hvul_g1710_1                                             1.7022270 1.6480370 1.6174719 1.7765688 1.7765688 1.8214856 2.0759370 1.8069264 1.7314853 1.7010247 1.5010797 2.6816356 2.1328273 2.3814765 1.7841579 1.4953585 1.5068262 2.5303934 2.0892959 2.0207253 2.0157501 2.6582662 1.9705794 1.9675830 2.0340271 1.9413720 1.9799966 1.8387425 1.8997467 1.7855380 1.8647571 2.9939192 2.4790562 1.7615377 1.6088182 1.7134505 1.7131896 1.5217851 2.0081597 2.2054610 1.6365488 2.1188124 2.2369040 3.0405484 0.0000000 1.4601226 1.9233048 2.3988127 2.7000158 2.0692803 2.6774223 2.7848159 2.3052479 2.3659959 2.3680018 2.4948463 2.3926918 2.7803667 3.4232038 1.6884778 1.5953880 2.6222218 2.5685647 2.6882738 3.3247115 2.6271859 2.4857619 2.0189074 2.7102802 2.6814841 3.7064394 
Chem_TCONS_00032847                                      1.6360758 1.6893095 1.6744640 1.7414191 1.7637053 1.6527205 1.5544904 1.9272147 1.6686977 1.7903268 1.8798026 3.4665097 1.9354674 2.0319908 2.3037422 2.0900892 2.4609101 2.6239260 2.4766893 2.3566656 2.4551284 2.5210345 2.2573120 2.4169009 2.2817914 2.3894467 2.4294612 2.3339447 2.1588335 2.6771921 2.1958545 2.5559970 2.9786779 1.6351568 1.6586798 1.5127893 1.7149479 1.8050690 3.4333098 2.9440138 2.2586754 2.3750987 2.4099089 2.1789750 1.4601226 0.0000000 2.1918386 3.0800251 3.6870749 2.9117427 2.2988698 2.5686531 2.7268350 2.2998867 2.9914418 2.4460559 2.6954615 2.3832566 3.2096659 2.2414729 2.0350550 3.1653851 2.1591775 4.1793826 3.9443654 3.6705389 3.2393214 3.1533679 3.1551572 2.3783460 4.1920880 
Spolac_c96839_g1_i1_m.13830c96839-g1                     1.7076419 1.5434615 1.5952356 1.7122249 1.7122249 1.6279862 1.5423492 1.5675667 1.8236277 1.7274965 1.7279789 2.9078507 2.0372400 2.0523593 1.7126855 1.7505972 1.7956071 2.1284902 1.5116950 1.4411116 1.3784577 1.7530589 1.4740967 1.3974914 1.6059872 1.6040126 1.7320001 1.5978626 2.0028254 1.8968598 1.5260576 3.5714734 1.8850439 1.8203429 1.6114357 1.7597851 1.6402897 1.7394993 1.9051171 1.9807020 2.0007245 1.8358873 1.9588904 2.2254285 1.9233048 2.1918386 0.0000000 0.7182689 1.3759991 2.2124023 2.1695170 2.1559465 1.8506207 2.0404056 1.8290774 1.9547262 2.0914982 2.2213135 2.2474161 3.1870361 2.7526511 1.9224598 2.0096059 2.2672569 2.2956401 2.2465474 2.2400194 2.1595110 2.6726052 2.5226447 3.2433743 
Stycar_maker-SC_scaffold122222-augustus-gene-0.10-mRNA-1 2.1586359 2.1057082 2.1655329 2.0626041 2.0626041 2.2120857 2.1174239 2.0663474 2.3306028 2.1615136 2.0051006 2.6810799 2.0794884 2.0735656 2.1729288 1.9971778 2.4988595 2.1471173 1.9979043 2.0052452 2.0112606 2.0341047 1.9457968 2.2627593 1.8505509 2.0909899 2.1697363 2.1388575 2.6275877 2.0390569 1.7513449 3.6188720 2.1845170 2.7984749 2.6985619 2.5166996 2.5911254 1.8526998 2.3359326 2.3887403 2.2236555 1.5766647 2.1123639 2.2044173 2.3988127 3.0800251 0.7182689 0.0000000 1.2007358 2.6905753 2.6989032 2.9719675 2.5393586 2.3393503 2.5342939 2.1916667 2.8400170 2.9002538 2.9480327 4.7441925 3.5144066 2.2864856 2.2251247 2.2957704 2.4288353 2.6761011 2.9398325 1.7940214 2.8471354 2.7519631 3.6010631 
Aque_Aqu2.1.09795_001                                    2.4136368 2.4159057 2.4241870 2.4520132 2.4520132 2.5619928 2.5131512 2.3280204 2.9465997 2.5639921 2.9905309 3.1380902 2.6121316 2.4753546 2.1493458 2.5516300 2.5259171 2.6692530 1.8650741 1.9079250 1.9013206 2.1940640 2.1538547 3.9180938 1.9331019 2.1970577 2.3779525 2.1248164 3.7490787 1.9251550 2.0499525 6.4114781 1.8102465 2.7379887 2.8619531 2.5772706 2.3794464 2.1907305 2.4483147 1.9055573 1.8233528 2.1562673 1.8689439 2.5407974 2.7000158 3.6870749 1.3759991 1.2007358 0.0000000 1.7367336 2.8254428 2.8182146 2.6649127 2.8826257 2.6585183 2.7981249 3.2984070 2.7011494 2.8239753 7.9346483 4.0487358 3.1554368 3.1021831 2.3880768 2.5671834 2.8448616 2.8800000 2.7611596 3.5600421 2.8878449 5.3883323 
Hsap_ENST00000565422                                     1.9520950 1.8128535 1.8566514 1.8022157 1.8051282 2.1390858 2.0955478 1.8188757 2.2681574 2.0318606 2.0057165 2.8496270 2.1242876 2.3772351 2.0494264 2.0366010 2.4752713 2.4775832 2.5932065 2.6206541 2.7308605 3.2041329 2.9107410 3.5137819 2.5402021 2.7242182 2.5077586 2.6754253 3.0495054 2.3444846 2.2243935 2.8275276 1.8386915 2.2218511 2.4283250 2.3388704 2.6355543 2.3104276 1.7561648 1.4470663 1.3891982 1.7316153 1.8688535 2.4376579 2.0692803 2.9117427 2.2124023 2.6905753 1.7367336 0.0000000 2.8970203 2.7328897 3.3995985 2.6053890 3.3975047 2.4412786 3.8464512 2.4499318 3.3121969 3.4549783 2.8951036 2.5895559 2.3074239 2.8425425 2.6193154 2.8236503 3.3022893 3.2206458 3.0981229 2.4446275 5.9502450 
Nemnom_g10107.t1                                         2.4255614 2.4247800 2.5666754 2.5634961 2.5733428 2.3990147 2.5044121 2.4402607 2.5519568 2.5643494 2.2394673 3.9288851 1.8109527 1.8190477 2.6226597 2.4203638 2.6600266 2.3266978 2.2190112 2.2082060 2.3027744 2.4717147 2.5356593 3.0162014 2.2702962 2.4472492 2.1181315 2.0439466 2.7759311 2.1446581 1.6905473 3.7682325 2.3539955 2.5232334 2.3629125 2.2487554 2.5557397 2.5330123 2.4727036 2.1754046 2.1240314 2.5395263 3.0156334 2.6800701 2.6774223 2.2988698 2.1695170 2.6989032 2.8254428 2.8970203 0.0000000 0.1554635 1.0409249 0.7581591 1.0982904 0.6457739 1.3908585 0.7028574 1.5226697 2.2996875 2.2864000 2.8102899 3.2210768 3.2055134 3.2522130 3.9048424 3.6873827 3.6385516 3.0098633 2.3859062 4.7743505 
Rhoesc_Res_012056-T1                                     2.6486507 2.5775487 2.7255659 2.7935654 2.8060519 2.6166869 2.6616827 2.6269077 3.0756925 2.9774719 2.6895958 3.9475830 1.7768870 1.9036760 2.7257651 2.5423288 2.7245301 2.4661343 2.4422709 2.4303898 2.5337357 2.5460054 2.6067537 3.6102712 2.5259905 2.6412036 2.2638273 2.2527021 2.9438922 2.1326162 1.7021806 3.8697301 2.5631915 2.5986221 2.3760571 2.3019583 2.6979749 2.7115292 2.7028716 2.1140349 2.0598611 2.5926206 3.1833563 2.7690584 2.7848159 2.5686531 2.1559465 2.9719675 2.8182146 2.7328897 0.1554635 0.0000000 1.0766398 0.7560425 1.1123044 0.6438180 1.4805203 0.7767630 1.5355652 2.2760492 2.3312538 2.7662450 3.3979442 3.1245984 3.0905245 3.7524264 3.8746979 4.0195254 3.2046153 2.5114856 5.3425948 
