53
Lcom_lcpid89568                                     0.0000000 0.6707169 0.7151382 0.5884286 2.2520964 2.2353652 2.1206564 2.0612734 2.2626507 4.5492980 2.1606009 2.0762622 2.2681861 2.2761049 2.3787854 2.7913201 2.2594270 2.0761242 2.1287730 2.0408540 2.0983270 1.9807754 2.2919129 2.2220504 2.5461805 2.6801223 2.7751540 2.0295002 2.0985253 2.5569565 2.4549309 2.2733646 2.5381907 2.5281806 2.4727046 2.4727046 2.1917090 2.9543719 2.6486039 2.2236089 1.7341056 2.7089071 2.7749484 2.2528759 2.0064430 2.5161236 2.8660749 2.8047334 2.3007531 2.4440162 2.7717351 2.5257134 4.7460428 
Gracom_Gcom_scaffold8638_01                         0.6707169 0.0000000 0.5142767 0.4549348 2.2136135 2.4479064 2.1845884 2.4574903 2.1936884 4.3625832 2.2126030 2.3353887 2.3523486 2.2623152 2.4325414 2.8200014 2.6636777 2.3919456 2.1706763 2.1743311 2.2626698 2.1625379 2.6262048 2.3762914 2.6247977 2.7046864 2.7637266 2.0232729 2.3666884 2.9846498 2.6416400 2.4012384 2.6997789 2.6943548 2.6930592 2.6930592 2.1988396 2.6863321 2.7679158 2.3101149 2.0736459 2.8878445 2.9067090 2.0910452 1.7770203 2.4724822 3.0101367 2.8457856 2.4234576 2.5141315 2.5337782 2.6365611 5.4231092 
Scil_scict016240.1                                  0.7151382 0.5142767 0.0000000 0.4509800 2.2565436 2.2953882 1.9921155 1.9630401 2.1544311 4.6982007 2.2570240 2.3030340 2.2975424 2.2404695 2.4582154 2.9361086 2.4020714 2.0760654 2.0125675 2.0078351 2.0879392 2.1269469 2.3793016 2.4253191 2.4643477 2.8708040 2.9154184 1.9844834 2.2286430 2.7233821 2.5536691 2.5053099 2.6442690 2.6627674 2.6775933 2.6775933 2.3637035 2.9883386 2.6719093 2.1567712 1.9758399 3.2398044 3.1955406 2.4519980 2.0285771 2.7228644 3.0397581 2.9929496 2.3830494 2.5019741 3.1784750 2.7507725 5.3125708 
Leuniv_Lniv_C796184_01                              0.5884286 0.4549348 0.4509800 0.0000000 1.6315859 1.5650034 1.6528042 1.7709958 1.3986468 1.3714912 1.5327535 1.5112260 1.5426263 1.5488670 1.5572529 1.3575637 1.8678336 1.4670999 1.3878852 1.3934366 1.4709752 1.9831582 2.1112006 1.6818263 1.7313895 2.0577219 2.1255019 2.0882513 1.7983485 2.1166765 1.9474507 1.6672938 1.9671258 1.9911985 2.0809992 2.0809992 1.8022187 2.3273671 2.1737297 2.1737297 1.7078255 2.4534712 2.4438989 2.4104863 1.8698422 2.1693613 2.4249917 2.4592995 2.3656583 2.4343880 2.2966578 1.7588251 5.5086712 
Cgig_XM_011435584.2                                 2.2520964 2.2136135 2.2565436 1.6315859 0.0000000 1.0852467 1.2652320 1.0692702 1.5821726 2.5635862 1.5708827 1.5788087 1.5512378 1.5853826 1.7328953 1.9486202 1.6560452 1.7694020 1.3188976 1.3263317 1.3738655 1.5667367 1.7154872 1.4156575 1.8028143 1.7174218 1.6012220 1.5437844 1.4594678 1.5153407 1.9660783 2.2681193 1.8693394 1.8942131 1.9737102 1.9737102 2.3764796 2.5183802 2.0825467 1.7746650 1.9737858 2.3319970 2.3493156 2.4185940 2.1194277 2.3690808 2.9016406 2.6366921 2.1633176 2.3078600 2.8622528 0.7955969 4.1053507 
Ctel_gnl_WGS_AMQN_CAPTEDRAFT_mRNA167325             2.2353652 2.4479064 2.2953882 1.5650034 1.0852467 0.0000000 1.3241417 1.4733429 1.5464650 2.0651670 1.4897900 1.5373503 1.4284318 1.4705106 1.7861061 1.7248515 1.5761801 1.4401313 1.2911005 1.3098563 1.3019048 1.1991449 1.7309987 1.5301996 1.6588621 1.6337466 1.6208291 1.5173910 1.5728543 1.4335039 1.9694078 2.2394500 2.1718078 2.1882735 2.2448755 2.2448755 2.5914985 2.5200654 2.3613655 1.9084914 2.0865576 2.3354659 2.3426396 2.2511231 1.7122204 2.5796841 2.9048206 2.3393562 1.9562626 2.0789061 2.2641214 1.0117639 3.4443415 
Hsap_ENST00000358154                                2.1206564 2.1845884 1.9921155 1.6528042 1.2652320 1.3241417 0.0000000 1.0922827 1.3228053 2.8166240 1.3531035 1.2751812 1.2940900 1.4308550 1.6076688 1.9732514 1.5041060 1.4261354 1.3209730 1.3055026 1.3292367 1.2874042 1.3663881 1.3668061 1.7499264 1.6104700 1.5574455 1.2782825 1.7503277 1.7753999 1.6392202 1.8889070 1.7931691 1.8125238 1.8995993 1.8995993 2.1922120 2.3742271 2.0046332 1.7701056 1.7934048 2.6036416 2.6429250 2.0589267 1.9575358 2.1606925 2.6920635 2.3383969 1.8600340 1.9376349 2.5142882 1.4776980 4.5436020 
Skow_XM_006824923.1                                 2.0612734 2.4574903 1.9630401 1.7709958 1.0692702 1.4733429 1.0922827 0.0000000 1.1216113 3.6822115 1.1610225 1.1715557 1.2750964 1.3487538 1.3922139 1.5862432 1.2195602 1.4412951 1.2367007 1.0581296 1.0936096 1.5142712 1.4867453 1.3699424 1.5116027 1.7550670 1.8101544 1.7246851 1.5049227 1.8199886 1.5659131 2.1481603 1.6608210 1.6756749 1.5950558 1.5950558 2.2796198 2.4466092 2.0289344 1.8460170 1.8314338 2.4068064 2.3045087 2.1403011 1.9146765 1.9798125 1.8388558 1.9021495 1.9407974 1.8898877 2.0064803 1.4967278 5.2900181 
Fspp_ffun1.m4.15762.m1                              2.2626507 2.1936884 2.1544311 1.3986468 1.5821726 1.5464650 1.3228053 1.1216113 0.0000000 0.0536500 0.1663862 0.2555972 0.2630779 0.2930415 0.3596370 0.3634043 1.0359485 0.9462393 0.9538647 1.0376257 1.0410991 1.3416899 1.4028565 1.5055278 1.4807648 1.5773345 1.6754366 1.3064268 1.7429349 1.8607501 1.8143989 2.0061489 1.8935228 1.8682501 2.0322532 2.0322532 2.1967696 2.4895287 2.1215168 1.9285798 1.6807339 2.6015611 2.6245076 1.9361277 1.8156441 2.0883337 2.9058720 2.5732131 1.7604797 1.8791256 2.5351758 1.4522635 4.5715731 
Fspp_ffun1.m4.31349.m1                              4.5492980 4.3625832 4.6982007 1.3714912 2.5635862 2.0651670 2.8166240 3.6822115 0.0536500 0.0000000 0.2413065 0.3565452 0.3757124 0.4875709 0.4619854 0.5208379 1.4250427 1.4437695 1.4119644 1.7817390 1.7817390 1.8206427 3.6833611 2.2223223 1.9088188 2.0621307 2.0519100 1.7867699 2.4537988 2.5897605 3.5712896 3.3779382 3.2940801 3.1955014 4.1827027 4.1827027 2.9011641 4.5884310 2.7646573 2.6728296 2.3151251 3.6589506 3.6589506 3.5057220 0.4171324 4.3507338 5.7893928 6.0921620 2.6749734 4.3115269 5.3150463 2.1486546 1.4804780 
Gasp_gasp1.m3.15900.m1                              2.1606009 2.2126030 2.2570240 1.5327535 1.5708827 1.4897900 1.3531035 1.1610225 0.1663862 0.2413065 0.0000000 0.2516574 0.2558906 0.2860457 0.4122276 0.4470685 0.9565244 1.0410362 0.9494239 1.0459987 1.0477895 1.3791886 1.4505696 1.4676449 1.3264900 1.6283431 1.5521697 1.4900229 1.6602394 1.8719108 1.7167189 1.9102204 1.8805253 1.8551723 1.8282871 1.8282871 2.1335508 2.3795505 2.1395972 2.0011234 1.6937751 2.4256685 2.4403061 1.8722201 1.8627698 2.2016002 2.6742927 2.4957889 1.6853827 1.8235235 2.5281826 1.5164721 4.7982840 
Spis_XP_022789986_1                                 2.0762622 2.3353887 2.3030340 1.5112260 1.5788087 1.5373503 1.2751812 1.1715557 0.2555972 0.3565452 0.2516574 0.0000000 0.1039084 0.4008982 0.4479106 0.4678577 1.0224285 1.0138082 0.9776989 1.0705060 1.0684950 1.2626887 1.3327572 1.5707274 1.5157325 1.5610082 1.4650481 1.3530082 1.7586737 1.9251862 1.8459036 2.1029327 1.9659183 1.9394753 1.8566940 1.8566940 2.1537766 2.4658240 1.9902717 1.7699672 1.6490395 2.6960741 2.6961048 1.9424665 1.9364182 2.1714809 2.8720088 2.5365183 1.8424176 1.9387823 2.8180095 1.5491132 4.3724768 
Pocdam_XM_027190472.1                               2.2681861 2.3523486 2.2975424 1.5426263 1.5512378 1.4284318 1.2940900 1.2750964 0.2630779 0.3757124 0.2558906 0.1039084 0.0000000 0.3727757 0.4308690 0.4449758 1.0074914 1.0091530 0.9703622 1.0376269 1.0444599 1.3041105 1.3178667 1.4526629 1.4514968 1.5133241 1.4547491 1.3712953 1.6656926 1.9238110 1.8052560 2.0814167 1.9830821 1.9565350 1.8797881 1.8797881 2.1719669 2.4689308 2.0832238 1.8451191 1.7472282 2.7039721 2.7037452 2.0313642 1.9188918 2.2355024 2.7519245 2.5587813 1.7997072 1.9084072 2.7394520 1.5120069 4.1711417 
Gfas_gfas1.m1.9437.m1                               2.2761049 2.2623152 2.2404695 1.5488670 1.5853826 1.4705106 1.4308550 1.3487538 0.2930415 0.4875709 0.2860457 0.4008982 0.3727757 0.0000000 0.3515405 0.3196824 0.8946374 1.0336864 0.9754900 1.0781402 1.0838255 1.3578867 1.3741222 1.4329290 1.3477748 1.4703571 1.5065209 1.4114117 1.5876343 1.8896577 1.8463143 1.9648304 1.8961914 1.8708424 1.9924329 1.9924329 2.1585648 2.4079871 2.1139940 1.9570144 1.6456199 2.7601426 2.7949000 2.0375482 1.8310612 2.4396082 2.8780082 2.6330292 1.8403259 1.9811903 2.5531013 1.4483002 4.8748731 
Amil_Amillepora08964-RA                             2.3787854 2.4325414 2.4582154 1.5572529 1.7328953 1.7861061 1.6076688 1.3922139 0.3596370 0.4619854 0.4122276 0.4479106 0.4308690 0.3515405 0.0000000 0.0145512 1.1859056 1.1769375 1.1346866 1.1566090 1.1632850 1.5768148 1.5916348 1.5246736 1.6964384 1.7766933 1.8519260 1.7145471 1.7783597 2.2289366 1.8462750 2.1516925 2.0585188 2.0361197 2.1195788 2.1195788 2.4509339 2.7228587 2.3059828 2.1440597 1.7312373 2.8790346 2.9058418 2.2748261 1.8656055 2.5804807 2.9099148 2.8087454 1.9220326 1.9531391 2.8804179 1.6774193 4.9083152 
Adig_XM_015915071.1                                 2.7913201 2.8200014 2.9361086 1.3575637 1.9486202 1.7248515 1.9732514 1.5862432 0.3634043 0.5208379 0.4470685 0.4678577 0.4449758 0.3196824 0.0145512 0.0000000 1.0473894 1.0148634 1.0453052 1.0802939 1.0904919 1.4772965 1.2646735 1.6084102 1.3832053 1.5798448 1.8161054 1.0970766 2.1828202 2.2662026 2.1779539 2.0102887 2.0812754 2.0576041 2.4187676 2.4187676 2.9078309 3.4608430 2.2589265 1.9116133 2.0231847 2.8490844 2.8867739 2.0448870 1.6673383 2.6341000 3.3934467 3.4444185 1.6329767 1.7742899 3.4586772 1.5691492 3.7699877 
Nvec_v1g117903                                      2.2594270 2.6636777 2.4020714 1.8678336 1.6560452 1.5761801 1.5041060 1.2195602 1.0359485 1.4250427 0.9565244 1.0224285 1.0074914 0.8946374 1.1859056 1.0473894 0.0000000 0.9362688 1.0324316 1.1213433 1.1492768 1.3767366 1.3942236 1.7186605 1.3908559 1.7454691 1.7688048 1.3423522 1.5876489 2.0221433 1.9757588 2.1382061 2.0248330 2.0542192 2.0669425 2.0669425 2.3805190 2.7105972 2.2936303 1.9480431 1.8403112 2.5458777 2.5537319 1.9849248 1.9329339 2.7154350 2.5557506 2.6197918 1.9775446 2.0553942 2.8213906 1.6469988 4.9382204 
Exapal_XM_021041733.2                               2.0761242 2.3919456 2.0760654 1.4670999 1.7694020 1.4401313 1.4261354 1.4412951 0.9462393 1.4437695 1.0410362 1.0138082 1.0091530 1.0336864 1.1769375 1.0148634 0.9362688 0.0000000 0.9058406 0.9212392 0.9377403 1.3499574 1.3145453 1.6581514 1.4190592 1.7459268 1.7913413 1.3495797 1.7344219 1.6021224 2.0593019 1.8131967 2.0337050 2.0416472 2.3654378 2.3654378 2.5604078 2.9218315 2.2746651 1.9066391 1.7537343 2.3245419 2.3518624 1.7478352 1.7009700 2.1502784 2.3916748 2.3697605 1.9281336 1.9979987 2.2972182 1.7151037 3.8899465 
Dgig_XM_028536717.1                                 2.1287730 2.1706763 2.0125675 1.3878852 1.3188976 1.2911005 1.3209730 1.2367007 0.9538647 1.4119644 0.9494239 0.9776989 0.9703622 0.9754900 1.1346866 1.0453052 1.0324316 0.9058406 0.0000000 0.4246561 0.4693170 1.1731753 1.3801225 1.5071797 1.2111486 1.4975368 1.3543423 1.3472358 1.4848421 1.7235744 1.8492729 1.8306042 1.9013977 1.9019017 2.0001858 2.0001858 2.1300083 2.4801942 1.9755215 1.6581511 1.6466159 2.5005463 2.4622948 1.8077030 1.8307200 2.1243185 2.7280942 2.3586115 1.8482935 1.9223435 2.4109374 1.3935342 3.8414382 
Xesp_005461-T1                                      2.0408540 2.1743311 2.0078351 1.3934366 1.3263317 1.3098563 1.3055026 1.0581296 1.0376257 1.7817390 1.0459987 1.0705060 1.0376269 1.0781402 1.1566090 1.0802939 1.1213433 0.9212392 0.4246561 0.0000000 0.0225809 1.0500875 1.4403042 1.6340053 1.3644934 1.6376174 1.6271128 1.2671333 1.7832157 1.9468788 1.9338996 1.9288527 1.9785392 1.9767530 2.1303483 2.1303483 2.1738717 2.2753490 2.0132936 1.6061993 1.6551082 2.3897862 2.3306567 1.8011522 1.8190096 1.9981345 2.5020101 2.4253516 1.7601796 1.9456938 2.4879939 1.4212827 4.1420853 
Xesp_005479-T1                                      2.0983270 2.2626698 2.0879392 1.4709752 1.3738655 1.3019048 1.3292367 1.0936096 1.0410991 1.7817390 1.0477895 1.0684950 1.0444599 1.0838255 1.1632850 1.0904919 1.1492768 0.9377403 0.4693170 0.0225809 0.0000000 1.0800972 1.4827968 1.6990330 1.4337506 1.6805601 1.6434985 1.3375897 1.8307057 1.9960150 1.9982475 2.0337669 2.0833322 2.0813178 2.1659083 2.1659083 2.2436715 2.3818873 2.0522227 1.6474926 1.7571030 2.4370127 2.3764151 1.8441723 1.8236502 2.0128963 2.5667286 2.4955624 1.8295094 2.0254277 2.5390402 1.4287557 4.0981516 
Bralan_BLAG07001478_1                               1.9807754 2.1625379 2.1269469 1.9831582 1.5667367 1.1991449 1.2874042 1.5142712 1.3416899 1.8206427 1.3791886 1.2626887 1.3041105 1.3578867 1.5768148 1.4772965 1.3767366 1.3499574 1.1731753 1.0500875 1.0800972 0.0000000 1.9018746 1.5316892 1.3437264 1.6838548 1.4376910 1.5299438 1.2693283 1.5442752 1.8893381 1.8316055 1.9732644 1.9858196 2.1025325 2.1025325 2.2147175 2.2608365 2.0763647 1.9157775 1.7312272 2.6073343 2.6265395 2.0525429 1.8361966 2.0285770 2.6306695 2.0412779 1.8931705 1.9658445 2.2319638 1.3807575 3.5264577 
Hvul_g14142_1                                       2.2919129 2.6262048 2.3793016 2.1112006 1.7154872 1.7309987 1.3663881 1.4867453 1.4028565 3.6833611 1.4505696 1.3327572 1.3178667 1.3741222 1.5916348 1.2646735 1.3942236 1.3145453 1.3801225 1.4403042 1.4827968 1.9018746 0.0000000 1.5925153 1.3892181 1.2663961 1.3602772 1.2984968 1.3684969 1.7588471 1.6159347 1.9390007 1.6475206 1.6327470 1.8435084 1.8435084 2.0633019 2.0184950 1.9718922 1.8627256 1.4594568 2.4579019 2.4719675 1.9017504 2.0600095 2.3646244 2.3138346 2.2012962 1.9863777 2.0373252 2.1126427 1.8337962 5.2318262 
Spur_XM_011662435.2                                 2.2220504 2.3762914 2.4253191 1.6818263 1.4156575 1.5301996 1.3668061 1.3699424 1.5055278 2.2223223 1.4676449 1.5707274 1.4526629 1.4329290 1.5246736 1.6084102 1.7186605 1.6581514 1.5071797 1.6340053 1.6990330 1.5316892 1.5925153 0.0000000 1.7254600 2.0332986 2.0553583 1.7262042 1.4921752 1.7395168 1.8638800 2.0976356 1.9487047 1.9818862 2.0132068 2.0132068 2.2029742 2.3483864 2.2108769 1.8051580 1.7535406 3.0118551 2.9581964 2.2984003 1.9985109 2.7953856 2.6349212 2.6519678 1.9585810 1.9966725 2.6009345 1.5914859 3.8353809 
Sanmal_Sma_025370-T1                                2.5461805 2.6247977 2.4643477 1.7313895 1.8028143 1.6588621 1.7499264 1.5116027 1.4807648 1.9088188 1.3264900 1.5157325 1.4514968 1.3477748 1.6964384 1.3832053 1.3908559 1.4190592 1.2111486 1.3644934 1.4337506 1.3437264 1.3892181 1.7254600 0.0000000 1.1474582 1.0277483 1.2426033 1.7512263 1.7219439 2.0052648 2.0504773 1.8802914 1.9005019 1.9795022 1.9795022 2.3143533 2.7334316 2.4789392 2.1595420 1.7687497 2.1487734 2.1090038 1.6826809 1.5899285 2.1513366 2.5928315 2.2744384 1.6082660 1.7811381 2.4390002 1.6012042 2.5318145 
Nemnom_g18251.t1                                    2.6801223 2.7046864 2.8708040 2.0577219 1.7174218 1.6337466 1.6104700 1.7550670 1.5773345 2.0621307 1.6283431 1.5610082 1.5133241 1.4703571 1.7766933 1.5798448 1.7454691 1.7459268 1.4975368 1.6376174 1.6805601 1.6838548 1.2663961 2.0332986 1.1474582 0.0000000 0.3251182 1.1829293 1.6342009 2.0872894 1.8659511 2.3383671 1.8208338 1.8174189 2.1088700 2.1088700 2.1073395 2.3697399 2.1512397 1.9694777 1.5658190 2.6308259 2.6434697 2.2137658 1.7763589 2.2850065 2.5558733 2.1481327 1.8726710 1.9378716 2.4758685 1.7080710 4.5026372 
Rhoesc_Res_010574-T1                                2.7751540 2.7637266 2.9154184 2.1255019 1.6012220 1.6208291 1.5574455 1.8101544 1.6754366 2.0519100 1.5521697 1.4650481 1.4547491 1.5065209 1.8519260 1.8161054 1.7688048 1.7913413 1.3543423 1.6271128 1.6434985 1.4376910 1.3602772 2.0553583 1.0277483 0.3251182 0.0000000 1.3627567 1.6706431 1.9969518 1.9471520 2.1013300 2.0032927 2.0135170 2.0250283 2.0250283 2.1585832 2.5661403 2.2264242 1.9618084 1.8665236 2.5992526 2.5940777 2.0774472 1.7837694 2.1754230 2.9454957 2.5087363 1.9426658 2.1145812 2.7044658 1.5719909 3.2840150 
Morvir_scaffold265.g22.t1                           2.0295002 2.0232729 1.9844834 2.0882513 1.5437844 1.5173910 1.2782825 1.7246851 1.3064268 1.7867699 1.4900229 1.3530082 1.3712953 1.4114117 1.7145471 1.0970766 1.3423522 1.3495797 1.3472358 1.2671333 1.3375897 1.5299438 1.2984968 1.7262042 1.2426033 1.1829293 1.3627567 0.0000000 1.4409889 1.7517791 1.8275383 1.6040776 1.7622793 1.7818002 1.9900633 1.9900633 1.8945533 2.0679641 1.9274646 1.9274646 1.6388987 2.1813957 2.2913547 1.7717543 2.0060999 2.2340883 1.9395282 1.7667331 1.7757665 1.7757665 1.6354097 1.4693632 5.3268002 
Tcas_TC003894_001                                   2.0985253 2.3666884 2.2286430 1.7983485 1.4594678 1.5728543 1.7503277 1.5049227 1.7429349 2.4537988 1.6602394 1.7586737 1.6656926 1.5876343 1.7783597 2.1828202 1.5876489 1.7344219 1.4848421 1.7832157 1.8307057 1.2693283 1.3684969 1.4921752 1.7512263 1.6342009 1.6706431 1.4409889 0.0000000 1.1777386 1.7615495 1.9649203 1.9212246 1.9012825 1.9369838 1.9369838 2.0732809 2.1039870 2.3126537 1.8658887 1.4579772 2.8153406 2.8015783 1.7065185 1.6313716 2.3577038 2.6014093 2.3456061 1.7518245 1.7402813 2.3196687 1.5055800 2.8925552 
Cscu_XM_023359774.1                                 2.5569565 2.9846498 2.7233821 2.1166765 1.5153407 1.4335039 1.7753999 1.8199886 1.8607501 2.5897605 1.8719108 1.9251862 1.9238110 1.8896577 2.2289366 2.2662026 2.0221433 1.6021224 1.7235744 1.9468788 1.9960150 1.5442752 1.7588471 1.7395168 1.7219439 2.0872894 1.9969518 1.7517791 1.1777386 0.0000000 1.8073905 1.4926195 1.8371552 1.8493971 2.0051126 2.0051126 2.3512911 2.1924551 2.4362707 2.0339450 1.9753035 2.8313182 2.8096580 2.2130601 2.1299753 2.5041660 2.8694771 2.7536211 2.2673463 2.2843338 2.6145120 1.4301761 4.1509317 
HoiH23_PlH23_003322-RA                              2.4549309 2.6416400 2.5536691 1.9474507 1.9660783 1.9694078 1.6392202 1.5659131 1.8143989 3.5712896 1.7167189 1.8459036 1.8052560 1.8463143 1.8462750 2.1779539 1.9757588 2.0593019 1.8492729 1.9338996 1.9982475 1.8893381 1.6159347 1.8638800 2.0052648 1.8659511 1.9471520 1.8275383 1.7615495 1.8073905 0.0000000 0.1182047 0.3053834 0.3031144 0.4015522 0.4015522 2.3544097 2.7717411 2.5364613 2.1903497 1.6123993 2.5575278 2.5688534 2.0903040 2.2309138 2.2532954 2.3133831 2.1492594 2.0415692 2.1314258 2.1380111 1.9909512 3.7040892 
HoiH06_mRNA359                                      2.2733646 2.4012384 2.5053099 1.6672938 2.2681193 2.2394500 1.8889070 2.1481603 2.0061489 3.3779382 1.9102204 2.1029327 2.0814167 1.9648304 2.1516925 2.0102887 2.1382061 1.8131967 1.8306042 1.9288527 2.0337669 1.8316055 1.9390007 2.0976356 2.0504773 2.3383671 2.1013300 1.6040776 1.9649203 1.4926195 0.1182047 0.0000000 0.3046500 0.2959161 0.3804740 0.3804740 2.3792149 3.1101921 2.7832722 2.4591223 2.1032096 2.6434068 2.6574928 2.0649872 2.1223405 2.0847550 2.5364428 2.0816815 1.7762524 1.9029799 1.8888198 2.1014245 3.5089406 
Hhon_g02589.t1                                      2.5381907 2.6997789 2.6442690 1.9671258 1.8693394 2.1718078 1.7931691 1.6608210 1.8935228 3.2940801 1.8805253 1.9659183 1.9830821 1.8961914 2.0585188 2.0812754 2.0248330 2.0337050 1.9013977 1.9785392 2.0833322 1.9732644 1.6475206 1.9487047 1.8802914 1.8208338 2.0032927 1.7622793 1.9212246 1.8371552 0.3053834 0.3046500 0.0000000 0.0105812 0.4527306 0.4527306 2.5553931 2.7010773 2.4433822 2.0928664 1.7641491 2.6885277 2.7185407 2.2795503 2.2784111 2.4113126 2.3537066 2.2559285 2.1456089 2.2979775 2.3187154 1.9888891 3.6371407 
HoiH04_mRNA14761                                    2.5281806 2.6943548 2.6627674 1.9911985 1.8942131 2.1882735 1.8125238 1.6756749 1.8682501 3.1955014 1.8551723 1.9394753 1.9565350 1.8708424 2.0361197 2.0576041 2.0542192 2.0416472 1.9019017 1.9767530 2.0813178 1.9858196 1.6327470 1.9818862 1.9005019 1.8174189 2.0135170 1.7818002 1.9012825 1.8493971 0.3031144 0.2959161 0.0105812 0.0000000 0.4501647 0.4501647 2.5496839 2.7230351 2.4516639 2.1251257 1.8023495 2.7136918 2.7439951 2.3037174 2.2993930 2.4763542 2.3864716 2.2518751 2.1578520 2.3118962 2.3110284 2.0256027 3.7190676 
TrH2_TrispH2_001555-RA                              2.4727046 2.6930592 2.6775933 2.0809992 1.9737102 2.2448755 1.8995993 1.5950558 2.0322532 4.1827027 1.8282871 1.8566940 1.8797881 1.9924329 2.1195788 2.4187676 2.0669425 2.3654378 2.0001858 2.1303483 2.1659083 2.1025325 1.8435084 2.0132068 1.9795022 2.1088700 2.0250283 1.9900633 1.9369838 2.0051126 0.4015522 0.3804740 0.4527306 0.4501647 0.0000000 0.0000010 2.5204623 2.7487743 2.5426770 2.1695533 1.6699769 2.8040188 2.8155756 2.5089957 2.5335789 2.6297386 2.4757058 2.4461778 2.4193936 2.5855971 2.4725553 2.0750986 4.1181397 
Tadh_TriadT55668                                    2.4727046 2.6930592 2.6775933 2.0809992 1.9737102 2.2448755 1.8995993 1.5950558 2.0322532 4.1827027 1.8282871 1.8566940 1.8797881 1.9924329 2.1195788 2.4187676 2.0669425 2.3654378 2.0001858 2.1303483 2.1659083 2.1025325 1.8435084 2.0132068 1.9795022 2.1088700 2.0250283 1.9900633 1.9369838 2.0051126 0.4015522 0.3804740 0.4527306 0.4501647 0.0000010 0.0000000 2.5204623 2.7487743 2.5426770 2.1695533 1.6699769 2.8040188 2.8155756 2.5089957 2.5335789 2.6297386 2.4757058 2.4461778 2.4193936 2.5855971 2.4725553 2.0750986 4.1181397 
Tetwil_g6239.t1                                     2.1917090 2.1988396 2.3637035 1.8022187 2.3764796 2.5914985 2.1922120 2.2796198 2.1967696 2.9011641 2.1335508 2.1537766 2.1719669 2.1585648 2.4509339 2.9078309 2.3805190 2.5604078 2.1300083 2.1738717 2.2436715 2.2147175 2.0633019 2.2029742 2.3143533 2.1073395 2.1585832 1.8945533 2.0732809 2.3512911 2.3544097 2.3792149 2.5553931 2.5496839 2.5204623 2.5204623 0.0000000 0.9522066 2.2048510 1.9565216 1.4483421 2.9556090 2.9119659 1.9982208 2.1843580 2.6332596 2.9445044 2.3193809 1.7006900 1.8094456 2.6737177 2.2607631 4.2766273 
Stycar_maker-SC_scaffold6867-snap-gene-0.126-mRNA-1 2.9543719 2.6863321 2.9883386 2.3273671 2.5183802 2.5200654 2.3742271 2.4466092 2.4895287 4.5884310 2.3795505 2.4658240 2.4689308 2.4079871 2.7228587 3.4608430 2.7105972 2.9218315 2.4801942 2.2753490 2.3818873 2.2608365 2.0184950 2.3483864 2.7334316 2.3697399 2.5661403 2.0679641 2.1039870 2.1924551 2.7717411 3.1101921 2.7010773 2.7230351 2.7487743 2.7487743 0.9522066 0.0000000 2.2681825 1.9110402 1.4331300 3.2307591 3.1774167 2.3169339 2.2442130 2.6497405 2.8290041 2.6550552 2.4131902 2.4308988 2.7713198 2.7656031 6.2313639 
Opea_EP00118_Oscarella_pearsei_P004258              2.6486039 2.7679158 2.6719093 2.1737297 2.0825467 2.3613655 2.0046332 2.0289344 2.1215168 2.7646573 2.1395972 1.9902717 2.0832238 2.1139940 2.3059828 2.2589265 2.2936303 2.2746651 1.9755215 2.0132936 2.0522227 2.0763647 1.9718922 2.2108769 2.4789392 2.1512397 2.2264242 1.9274646 2.3126537 2.4362707 2.5364613 2.7832722 2.4433822 2.4516639 2.5426770 2.5426770 2.2048510 2.2681825 0.0000000 0.0000010 1.0608593 3.1417605 3.1380812 2.3921400 2.4453004 2.9997233 2.9069946 2.5830120 2.2067724 2.2296935 2.9228426 2.0089417 5.8651648 
Ocar_g5200                                          2.2236089 2.3101149 2.1567712 2.1737297 1.7746650 1.9084914 1.7701056 1.8460170 1.9285798 2.6728296 2.0011234 1.7699672 1.8451191 1.9570144 2.1440597 1.9116133 1.9480431 1.9066391 1.6581511 1.6061993 1.6474926 1.9157775 1.8627256 1.8051580 2.1595420 1.9694777 1.9618084 1.9274646 1.8658887 2.0339450 2.1903497 2.4591223 2.0928664 2.1251257 2.1695533 2.1695533 1.9565216 1.9110402 0.0000010 0.0000000 1.0608593 2.7629710 2.7623832 2.3979951 2.4453004 2.6751500 2.2594484 2.1233570 2.1286188 2.1766681 2.4491443 1.9040278 5.8670764 
Plajan_Pjan_scaffold20241_01                        1.7341056 2.0736459 1.9758399 1.7078255 1.9737858 2.0865576 1.7934048 1.8314338 1.6807339 2.3151251 1.6937751 1.6490395 1.7472282 1.6456199 1.7312373 2.0231847 1.8403112 1.7537343 1.6466159 1.6551082 1.7571030 1.7312272 1.4594568 1.7535406 1.7687497 1.5658190 1.8665236 1.6388987 1.4579772 1.9753035 1.6123993 2.1032096 1.7641491 1.8023495 1.6699769 1.6699769 1.4483421 1.4331300 1.0608593 1.0608593 0.0000000 2.3036660 2.2925513 1.9429987 2.0425901 2.4064188 1.9155070 1.8894349 1.8733962 1.8284784 1.9382267 2.1125606 4.7006793 
Pbac_sb2659927                                      2.7089071 2.8878445 3.2398044 2.4534712 2.3319970 2.3354659 2.6036416 2.4068064 2.6015611 3.6589506 2.4256685 2.6960741 2.7039721 2.7601426 2.8790346 2.8490844 2.5458777 2.3245419 2.5005463 2.3897862 2.4370127 2.6073343 2.4579019 3.0118551 2.1487734 2.6308259 2.5992526 2.1813957 2.8153406 2.8313182 2.5575278 2.6434068 2.6885277 2.7136918 2.8040188 2.8040188 2.9556090 3.2307591 3.1417605 2.7629710 2.3036660 0.0000000 0.0370443 0.8825876 0.9943666 1.0138549 1.3591320 1.4490614 1.2947346 1.4097354 1.2511370 2.2028343 6.6523575 
Horcal_Hcv1.av93.c5.g73.i1                          2.7749484 2.9067090 3.1955406 2.4438989 2.3493156 2.3426396 2.6429250 2.3045087 2.6245076 3.6589506 2.4403061 2.6961048 2.7037452 2.7949000 2.9058418 2.8867739 2.5537319 2.3518624 2.4622948 2.3306567 2.3764151 2.6265395 2.4719675 2.9581964 2.1090038 2.6434697 2.5940777 2.2913547 2.8015783 2.8096580 2.5688534 2.6574928 2.7185407 2.7439951 2.8155756 2.8155756 2.9119659 3.1774167 3.1380812 2.7623832 2.2925513 0.0370443 0.0000000 0.8993469 1.0049143 0.9868562 1.3412528 1.4746207 1.3021383 1.4172579 1.2205009 2.2802435 6.6777852 
Bolinf_Binf_sb1204661                               2.2528759 2.0910452 2.4519980 2.4104863 2.4185940 2.2511231 2.0589267 2.1403011 1.9361277 3.5057220 1.8722201 1.9424665 2.0313642 2.0375482 2.2748261 2.0448870 1.9849248 1.7478352 1.8077030 1.8011522 1.8441723 2.0525429 1.9017504 2.2984003 1.6826809 2.2137658 2.0774472 1.7717543 1.7065185 2.2130601 2.0903040 2.0649872 2.2795503 2.3037174 2.5089957 2.5089957 1.9982208 2.3169339 2.3921400 2.3979951 1.9429987 0.8825876 0.8993469 0.0000000 0.6316735 0.7528473 0.6754893 0.7924647 0.8354969 0.8856807 0.8189281 2.1469098 5.5981137 
Bolinf_Binf_sb1220983                               2.0064430 1.7770203 2.0285771 1.8698422 2.1194277 1.7122204 1.9575358 1.9146765 1.8156441 0.4171324 1.8627698 1.9364182 1.9188918 1.8310612 1.8656055 1.6673383 1.9329339 1.7009700 1.8307200 1.8190096 1.8236502 1.8361966 2.0600095 1.9985109 1.5899285 1.7763589 1.7837694 2.0060999 1.6313716 2.1299753 2.2309138 2.1223405 2.2784111 2.2993930 2.5335789 2.5335789 2.1843580 2.2442130 2.4453004 2.4453004 2.0425901 0.9943666 1.0049143 0.6316735 0.0000000 0.5912713 0.9407588 1.1170840 1.0547994 1.0547994 1.0115922 1.8544592 6.0147149 
Beraby_Baby_sb326774                                2.5161236 2.4724822 2.7228644 2.1693613 2.3690808 2.5796841 2.1606925 1.9798125 2.0883337 4.3507338 2.2016002 2.1714809 2.2355024 2.4396082 2.5804807 2.6341000 2.7154350 2.1502784 2.1243185 1.9981345 2.0128963 2.0285770 2.3646244 2.7953856 2.1513366 2.2850065 2.1754230 2.2340883 2.3577038 2.5041660 2.2532954 2.0847550 2.4113126 2.4763542 2.6297386 2.6297386 2.6332596 2.6497405 2.9997233 2.6751500 2.4064188 1.0138549 0.9868562 0.7528473 0.5912713 0.0000000 1.1278222 1.1844483 1.1172729 1.1914527 1.0051070 2.1959515 5.2457988 
Lampan_Lpan_C407289_01                              2.8660749 3.0101367 3.0397581 2.4249917 2.9016406 2.9048206 2.6920635 1.8388558 2.9058720 5.7893928 2.6742927 2.8720088 2.7519245 2.8780082 2.9099148 3.3934467 2.5557506 2.3916748 2.7280942 2.5020101 2.5667286 2.6306695 2.3138346 2.6349212 2.5928315 2.5558733 2.9454957 1.9395282 2.6014093 2.8694771 2.3133831 2.5364428 2.3537066 2.3864716 2.4757058 2.4757058 2.9445044 2.8290041 2.9069946 2.2594484 1.9155070 1.3591320 1.3412528 0.6754893 0.9407588 1.1278222 0.0000000 1.0446820 0.8219308 0.9012132 1.2505738 2.5883430 5.4531421 
Coemet_Cmet_C595939_01                              2.8047334 2.8457856 2.9929496 2.4592995 2.6366921 2.3393562 2.3383969 1.9021495 2.5732131 6.0921620 2.4957889 2.5365183 2.5587813 2.6330292 2.8087454 3.4444185 2.6197918 2.3697605 2.3586115 2.4253516 2.4955624 2.0412779 2.2012962 2.6519678 2.2744384 2.1481327 2.5087363 1.7667331 2.3456061 2.7536211 2.1492594 2.0816815 2.2559285 2.2518751 2.4461778 2.4461778 2.3193809 2.6550552 2.5830120 2.1233570 1.8894349 1.4490614 1.4746207 0.7924647 1.1170840 1.1844483 1.0446820 0.0000000 0.0969993 0.1050700 0.8692018 2.2221417 5.6082674 
Coeast_Cast_sb777433                                2.3007531 2.4234576 2.3830494 2.3656583 2.1633176 1.9562626 1.8600340 1.9407974 1.7604797 2.6749734 1.6853827 1.8424176 1.7997072 1.8403259 1.9220326 1.6329767 1.9775446 1.9281336 1.8482935 1.7601796 1.8295094 1.8931705 1.9863777 1.9585810 1.6082660 1.8726710 1.9426658 1.7757665 1.7518245 2.2673463 2.0415692 1.7762524 2.1456089 2.1578520 2.4193936 2.4193936 1.7006900 2.4131902 2.2067724 2.1286188 1.8733962 1.2947346 1.3021383 0.8354969 1.0547994 1.1172729 0.8219308 0.0969993 0.0000000 0.0000010 0.7368104 1.7675295 5.3481955 
Coeast_Cast_sb777434                                2.4440162 2.5141315 2.5019741 2.4343880 2.3078600 2.0789061 1.9376349 1.8898877 1.8791256 4.3115269 1.8235235 1.9387823 1.9084072 1.9811903 1.9531391 1.7742899 2.0553942 1.9979987 1.9223435 1.9456938 2.0254277 1.9658445 2.0373252 1.9966725 1.7811381 1.9378716 2.1145812 1.7757665 1.7402813 2.2843338 2.1314258 1.9029799 2.2979775 2.3118962 2.5855971 2.5855971 1.8094456 2.4308988 2.2296935 2.1766681 1.8284784 1.4097354 1.4172579 0.8856807 1.0547994 1.1914527 0.9012132 0.1050700 0.0000010 0.0000000 0.7893455 1.9564599 5.6433021 
Vmul_SimC387556                                     2.7717351 2.5337782 3.1784750 2.2966578 2.8622528 2.2641214 2.5142882 2.0064803 2.5351758 5.3150463 2.5281826 2.8180095 2.7394520 2.5531013 2.8804179 3.4586772 2.8213906 2.2972182 2.4109374 2.4879939 2.5390402 2.2319638 2.1126427 2.6009345 2.4390002 2.4758685 2.7044658 1.6354097 2.3196687 2.6145120 2.1380111 1.8888198 2.3187154 2.3110284 2.4725553 2.4725553 2.6737177 2.7713198 2.9228426 2.4491443 1.9382267 1.2511370 1.2205009 0.8189281 1.0115922 1.0051070 1.2505738 0.8692018 0.7368104 0.7893455 0.0000000 2.1991700 4.9835624 
Acagra_model.g29895.t1                              2.5257134 2.6365611 2.7507725 1.7588251 0.7955969 1.0117639 1.4776980 1.4967278 1.4522635 2.1486546 1.5164721 1.5491132 1.5120069 1.4483002 1.6774193 1.5691492 1.6469988 1.7151037 1.3935342 1.4212827 1.4287557 1.3807575 1.8337962 1.5914859 1.6012042 1.7080710 1.5719909 1.4693632 1.5055800 1.4301761 1.9909512 2.1014245 1.9888891 2.0256027 2.0750986 2.0750986 2.2607631 2.7656031 2.0089417 1.9040278 2.1125606 2.2028343 2.2802435 2.1469098 1.8544592 2.1959515 2.5883430 2.2221417 1.7675295 1.9564599 2.1991700 0.0000000 3.8764973 
Aaur_scaffold4140.g1.t1                             4.7460428 5.4231092 5.3125708 5.5086712 4.1053507 3.4443415 4.5436020 5.2900181 4.5715731 1.4804780 4.7982840 4.3724768 4.1711417 4.8748731 4.9083152 3.7699877 4.9382204 3.8899465 3.8414382 4.1420853 4.0981516 3.5264577 5.2318262 3.8353809 2.5318145 4.5026372 3.2840150 5.3268002 2.8925552 4.1509317 3.7040892 3.5089406 3.6371407 3.7190676 4.1181397 4.1181397 4.2766273 6.2313639 5.8651648 5.8670764 4.7006793 6.6523575 6.6777852 5.5981137 6.0147149 5.2457988 5.4531421 5.6082674 5.3481955 5.6433021 4.9835624 3.8764973 0.0000000 
