75
Spolac_c90143_g2_i1_m.6121c90143-g2                           0.0000000 0.4337319 0.4818904 0.4818904 0.4818904 0.4818904 0.7903378 0.6661344 0.7801741 0.5471682 0.7016427 0.6249212 0.9286845 0.5771665 0.7993738 0.8756886 0.8756886 1.0120929 0.7827701 1.3461962 1.5009409 1.3793710 1.4193809 1.2717379 1.1320553 1.1988016 1.0019046 0.5181937 0.8013571 1.0036159 0.9654869 2.9276726 2.3007928 1.3146359 1.4759026 1.4402115 1.5533213 1.4000686 1.0382508 1.0836010 1.0559394 1.0948056 1.3708840 1.0524921 1.0524921 1.0757309 1.0952900 1.0633768 1.0135402 0.7997875 1.1684005 1.4362807 1.3657113 1.4017914 1.3143652 1.1657976 2.5436987 1.2374468 0.9607484 1.3888544 1.2725444 1.4905496 1.4852635 1.3075983 1.2347186 0.9680932 1.0525469 1.2289159 1.5542874 1.1042963 1.0143005 1.4407863 1.3242376 4.6052653 1.4911876 
Emue_Em0018g128a.t1                                           0.4337319 0.0000000 0.1208174 0.0976628 0.1877210 0.2424818 0.5777689 0.5078456 0.3008549 0.8786785 0.7761711 0.6447526 0.7564507 0.5785035 1.0219027 0.8816888 1.1309877 1.0387147 1.2079051 1.0954395 1.2452539 1.2719752 1.1939071 1.0388554 1.0400852 1.0214960 1.0422659 0.7720148 0.9505609 0.9605747 1.0357664 1.2128981 1.6684802 1.3939772 1.6422221 1.6081193 1.5670005 1.7228022 1.5184461 1.4727702 1.3844034 1.5372338 1.4907036 1.5164090 1.5079711 1.3783830 1.5281603 1.3845355 1.3150517 1.5526761 1.4089242 1.3026962 1.5586670 1.7305462 1.6320362 1.3475704 1.3291840 1.7863335 1.6023794 1.3522613 1.5480042 1.5107277 1.7202716 1.3194090 1.5058580 1.3419583 1.4189112 1.4181425 1.4843294 1.5199370 1.7796550 2.1891945 2.0739019 5.0951070 3.4448084 
Spolac_c103279_g3_i2_m.33414c103279-g3                        0.4818904 0.1208174 0.0000000 0.0559910 0.0792131 0.1269752 0.5769489 0.5302564 0.3317781 0.9109402 0.7956115 0.6591805 0.7659353 0.5426582 1.0636350 0.8837638 1.1025876 1.0205174 1.2270407 1.1516324 1.3352415 1.3898569 1.2264948 1.1013737 1.1184628 1.0756765 1.1181477 0.8210469 0.9928707 0.9837657 1.0510185 1.2844414 1.6983206 1.3763932 1.6478009 1.6370213 1.6209994 1.8611158 1.5615658 1.4853570 1.4558019 1.5783871 1.5667381 1.5236709 1.5127237 1.3837112 1.5343622 1.4505382 1.3007685 1.6179711 1.3951510 1.2370454 1.5713777 1.7417876 1.6990905 1.4477372 1.3264452 1.7313972 1.6045532 1.4173793 1.6568944 1.5306559 1.6558714 1.4164497 1.5546379 1.4154528 1.4520003 1.5471737 1.4743908 1.6957170 1.7713954 2.5255802 2.3910181 4.9345022 3.8286744 
Spolac_c103279_g3_i8_m.33423c103279-g3                        0.4818904 0.0976628 0.0559910 0.0000000 0.1429462 0.1975994 0.5661226 0.4486868 0.3272610 0.8689963 0.7547279 0.6591805 0.7659353 0.5426582 1.0402829 0.8786078 1.0966966 1.0180221 1.1925776 1.0895113 1.2542105 1.2991172 1.1662181 1.0568379 1.0080500 1.0321314 1.0959517 0.7973761 0.9654434 0.9718820 0.9963342 1.2844414 1.6727531 1.3616571 1.6168752 1.5527316 1.5555281 1.7752895 1.4892421 1.4354726 1.3659862 1.4964883 1.4483133 1.4768956 1.4686901 1.3028143 1.4385366 1.4156595 1.2498640 1.5069970 1.4071337 1.2575078 1.5121627 1.6441307 1.6078464 1.3646625 1.3264452 1.6767793 1.5606732 1.3272155 1.5833641 1.4614106 1.6379945 1.3346825 1.5048762 1.3408015 1.3857982 1.4489937 1.4267449 1.4380723 1.6952116 2.3358856 2.2132868 4.7665487 3.5159411 
Spolac_c103279_g3_i5_m.33419c103279-g3                        0.4818904 0.1877210 0.0792131 0.1429462 0.0000000 0.1746300 0.5957800 0.5302564 0.3226073 0.9310739 0.8562280 0.7357072 0.8177107 0.6558856 1.1101828 0.9293730 1.1661919 1.1003563 1.2654786 1.2179218 1.4140569 1.4566239 1.3556319 1.2032620 1.2089716 1.1726214 1.1878848 0.8720861 1.0444000 1.0090904 1.0824854 1.5192717 1.8006239 1.4690958 1.6653001 1.6536183 1.6375774 1.8717305 1.6425590 1.5628028 1.5538819 1.6319099 1.6395433 1.6222041 1.6140526 1.4590019 1.5445592 1.4657315 1.4339461 1.7318510 1.5004252 1.2662535 1.6565688 1.7444018 1.6604594 1.5528769 1.5059265 1.7626417 1.6795694 1.4378591 1.5846582 1.5462310 1.6753425 1.5350161 1.6058326 1.4686212 1.4424055 1.5444760 1.5169180 1.6957170 1.7324155 2.5255802 2.3910181 5.1879554 3.9707695 
Spolac_c103279_g3_i13_m.33430c103279-g3                       0.4818904 0.2424818 0.1269752 0.1975994 0.1746300 0.0000000 0.6549093 0.5302564 0.4729060 1.0012789 0.8680281 0.7108287 0.7579698 0.5639603 1.1659352 1.0027601 1.1269587 1.0487532 1.2505688 1.3085228 1.4397337 1.4414495 1.3838107 1.2487833 1.2715052 1.2213944 1.1993600 0.8091892 0.9234437 1.0755539 1.1335687 1.8512368 1.8464601 1.4660468 1.7634907 1.7458029 1.7285916 2.0441056 1.6592020 1.6203575 1.5986080 1.7154574 1.6089759 1.6226169 1.6133844 1.3612002 1.4379444 1.5148631 1.3585723 1.8319495 1.5338616 1.3020539 1.7034879 1.8369703 1.8733504 1.5811740 1.3835961 1.8928354 1.7575997 1.6461024 1.7408304 1.6611238 1.8238912 1.6313728 1.5910021 1.4712846 1.5031952 1.7158374 1.6700028 1.6957170 1.8771477 2.5255802 2.3910181 5.6360343 4.1850940 
Emue_Em0011g422a.t1                                           0.7903378 0.5777689 0.5769489 0.5661226 0.5957800 0.6549093 0.0000000 0.4101100 0.7404259 1.0560403 1.0765820 0.8520442 1.0400486 0.8350067 1.2083200 1.2113415 1.4350447 1.1649161 1.3324980 1.2665380 1.5046614 1.6375476 1.5114331 1.3484356 1.3517446 1.4027454 1.1991566 0.9855676 1.1561432 1.2258139 1.2542396 1.6242705 2.0894048 1.4972132 1.8861521 1.8514121 1.8124997 1.9682114 1.6227040 1.5413770 1.5538120 1.6633612 1.6465662 1.8299178 1.8176479 1.5896403 1.6742305 1.6691378 1.6000894 1.8800583 1.5762893 1.3825883 1.7578605 1.8068435 1.8319496 1.6114514 1.5517200 2.1229617 1.9689701 1.7135279 1.7744987 1.6760350 1.8179601 1.6240431 1.7307148 1.5047701 1.6960500 1.7462073 1.5867722 1.6870607 2.1410147 2.5530528 2.4981604 5.6404837 3.7623618 
Spolac_c90511_g1_i1_m.6341c85090-g1                           0.6661344 0.5078456 0.5302564 0.4486868 0.5302564 0.5302564 0.4101100 0.0000000 0.5371429 1.1067852 1.2086297 0.7113023 1.5649293 0.5599612 1.3909480 1.2307471 1.2307471 1.2946514 1.1074944 1.4753117 1.7577954 1.6904315 1.6790083 1.4844670 1.3667006 1.6090656 1.3792806 1.0973733 1.5010787 1.3367613 1.0918980 0.0000010 3.9312910 1.4959810 2.0758777 2.0167586 2.0156516 2.0057808 2.0971097 2.0162646 2.0313312 1.9787690 2.1658273 1.9565159 1.9538145 1.9558049 2.0002511 1.8425686 1.9142413 1.8194640 1.7712425 1.4247932 1.9798727 1.8644237 2.1178166 1.6553848 2.0743032 2.2678657 1.8354652 1.8604746 1.9933143 1.9798012 2.9030774 1.8863212 1.9547197 1.5660990 1.6905859 1.8218196 1.6724818 1.9185694 1.6526018 2.0633647 2.0633647 6.7937260 2.4413728 
Emue_Em0018g127a.t1                                           0.7801741 0.3008549 0.3317781 0.3272610 0.3226073 0.4729060 0.7404259 0.5371429 0.0000000 1.0236838 0.9720970 0.8947808 1.1004364 0.8625807 1.2045529 1.1564948 1.5095961 1.4045630 1.7266337 1.3232079 1.4629181 1.4841023 1.3412599 1.2513638 1.1431905 1.1948847 1.1560892 0.9536922 1.2489192 1.1396667 1.1385272 1.7032762 2.0384016 1.5067011 2.0960098 2.0704611 2.0719488 2.0551663 1.8760834 1.7360016 1.7521123 1.7473883 1.7432306 1.6303702 1.6244152 1.5603545 1.6782662 1.4688419 1.5862210 1.7081774 1.6282410 1.5730337 1.8591850 1.9191497 1.8178958 1.6443033 1.8272015 2.0476840 1.8719078 1.6574325 1.8371286 1.7698183 1.9853573 1.7034782 1.8783791 1.6292319 1.7352129 1.6257450 1.5325448 1.4486042 2.0619873 2.4734942 2.4204348 5.6785865 3.8768310 
Aque_Aqu2.1.34914_001                                         0.5471682 0.8786785 0.9109402 0.8689963 0.9310739 1.0012789 1.0560403 1.1067852 1.0236838 0.0000000 0.5762397 0.8428722 1.0492584 0.9382382 0.9557573 1.0152187 1.1596650 0.9461444 1.3227728 1.3043340 1.4654970 1.4226698 1.1668002 1.0396903 0.9779633 1.0311500 0.9403345 0.9643057 1.1027015 1.0512131 0.9805275 1.5575677 1.5731876 1.4839843 1.5881793 1.6125639 1.6209775 1.6418011 1.3390719 1.2642448 1.2777035 1.3370165 1.5375882 1.4063922 1.4420647 1.2421203 1.3347676 1.3297422 1.3416599 1.3332472 1.3074337 1.3081231 1.6064108 1.4711246 1.4217699 1.3734456 1.6237355 1.5725588 1.4323361 1.5616735 1.4823131 1.5419098 1.7402652 1.2152277 1.5040946 1.2745802 1.2879703 1.3431993 1.6124946 1.4664201 1.5968192 1.9653282 1.8157823 4.8255306 3.4874837 
Halamb_c48118_g1_i1m.23582                                    0.7016427 0.7761711 0.7956115 0.7547279 0.8562280 0.8680281 1.0765820 1.2086297 0.9720970 0.5762397 0.0000000 0.7281655 0.7871935 0.7677641 1.0103317 0.8176303 0.9319612 0.9366064 1.0308536 1.1736239 1.2145305 1.1478595 1.1640833 0.9831285 0.9413007 1.0335595 0.9506934 0.9861301 0.9684445 0.9569038 0.9379894 1.4896420 1.5202978 1.4108001 1.5347825 1.5753228 1.6307469 1.5413022 1.3532583 1.2285780 1.3089884 1.3036021 1.4850255 1.4308278 1.4498480 1.1420922 1.2140291 1.3597252 1.2341627 1.4136199 1.1065651 1.1382575 1.5498433 1.4752183 1.4205603 1.3386423 1.5450066 1.4235843 1.4346807 1.4738413 1.4282553 1.2898165 1.4403689 1.2583709 1.4046666 1.3576741 1.1674181 1.2214449 1.5512974 1.4776921 1.4536115 2.1123162 1.9507534 4.8141519 3.3639451 
Stycar_maker-SC_scaffold117453-snap-gene-0.11-mRNA-1          0.6249212 0.6447526 0.6591805 0.6591805 0.7357072 0.7108287 0.8520442 0.7113023 0.8947808 0.8428722 0.7281655 0.0000000 0.1887372 0.3939865 0.6805247 0.7907372 0.9336406 0.6638177 0.9711681 1.1649503 1.2918788 1.2102622 1.1964409 0.9271024 0.8350645 0.9658061 1.0276301 0.8509671 0.9034154 0.8758511 0.8718391 1.4011522 1.1987352 1.1756473 1.5743833 1.5822398 1.5770178 1.5090932 1.1218272 1.1169081 1.0730687 1.1354354 1.1451307 1.0752814 1.0788722 0.8845374 1.0197028 1.0617614 1.1221766 1.3788039 1.2263162 1.0989412 1.3202731 1.4875242 1.3474723 1.1541779 1.4206102 1.4579248 1.4772412 1.3033983 1.4412191 1.2556954 1.2393436 1.1066824 1.3554996 1.1537813 1.1319410 1.4308649 1.4004816 1.1319880 1.6943283 1.8631716 1.6839084 4.4053181 5.0577336 
Stycar_maker-SC_scaffold4887-snap-gene-0.47-mRNA-1            0.9286845 0.7564507 0.7659353 0.7659353 0.8177107 0.7579698 1.0400486 1.5649293 1.1004364 1.0492584 0.7871935 0.1887372 0.0000000 0.2317905 0.9105939 0.9443522 1.0486265 0.9653016 1.5879225 1.0909045 1.2594709 1.1772976 1.3111568 1.0377903 1.0578998 1.1301634 1.1860738 0.9903484 0.9193850 0.9858622 0.9811091 2.5891440 1.1851615 1.3314962 1.7851446 1.7887181 1.7567303 1.6875086 1.2665353 1.3753460 1.3344696 1.4187322 1.1623023 1.3497846 1.3526912 1.2911597 1.3275632 1.2821214 1.2583575 1.8280086 1.3659318 1.3410813 1.4291355 1.7363012 1.4771704 1.2302445 1.1320018 1.6379330 1.7718915 1.3108113 1.6013763 1.4213817 1.4396437 1.1960269 1.6932839 1.4593904 1.3608160 1.6353764 1.8502853 2.3182158 1.4309035 3.0965832 2.7583050 5.7844022 4.1808070 
Stycar_snap_masked-SC_scaffold52768-processed-gene-0.4-mRNA-1 0.5771665 0.5785035 0.5426582 0.5426582 0.6558856 0.5639603 0.8350067 0.5599612 0.8625807 0.9382382 0.7677641 0.3939865 0.2317905 0.0000000 0.9395994 0.8435652 1.0681043 0.8208228 1.4212343 1.0916383 1.3709010 1.1796202 1.2560499 0.9999226 0.9113540 0.9250890 0.8541769 0.8723911 0.8432101 0.9518696 0.9579469 1.6685162 0.7829726 1.2672233 1.5201033 1.5201033 1.5306088 1.5393452 1.2197630 1.2267367 1.2478364 1.4434330 1.2619059 1.2079140 1.1948732 0.9706720 1.0447924 1.1184783 1.2742876 2.2491168 1.1667261 1.2032322 1.5565640 1.6932659 1.5639295 1.2204281 1.2632395 1.5283299 1.5685170 1.3921129 1.8389097 1.4547719 1.4547719 1.1345533 1.4563163 1.3108807 1.4553662 1.8586210 1.8048214 1.4868215 2.1814157 2.6800419 2.0310869 4.2878729 5.3609874 
Tetwil_g10352.t1                                              0.7993738 1.0219027 1.0636350 1.0402829 1.1101828 1.1659352 1.2083200 1.3909480 1.2045529 0.9557573 1.0103317 0.6805247 0.9105939 0.9395994 0.0000000 1.1462955 1.3762554 1.0642540 1.4982479 1.4598348 1.5691799 1.6233729 1.4053125 1.2136903 1.1215073 1.2448508 1.1009325 1.1295767 1.3474862 1.1893541 1.0933949 1.2813579 1.5094112 1.4798469 1.4858690 1.5959616 1.6131315 1.7368012 1.5333451 1.5154400 1.3576126 1.4314258 1.7063047 1.5099461 1.5482708 1.3954472 1.4787007 1.4821925 1.3767964 1.7786997 1.5561670 1.3737030 1.7090671 1.6686364 1.6277351 1.4379572 1.2695345 1.8224891 1.7671129 1.6984820 1.5536740 1.6371452 1.7371155 1.5637556 1.8345329 1.5033062 1.5362941 1.5176247 1.6196903 2.1021644 1.7906945 2.3399633 2.1567111 5.2100054 3.7134613 
Plespi_Pspi_scaffold11418_01                                  0.8756886 0.8816888 0.8837638 0.8786078 0.9293730 1.0027601 1.2113415 1.2307471 1.1564948 1.0152187 0.8176303 0.7907372 0.9443522 0.8435652 1.1462955 0.0000000 0.1774838 0.5083463 0.5448904 1.2316051 1.2945332 1.3259623 1.2986141 1.0320374 1.0805927 1.1117081 1.0143940 1.2898391 1.3645577 1.1732723 1.0540860 1.4790222 1.7935957 1.5176554 1.6552470 1.7391831 1.7626750 1.7285712 1.4470955 1.3509623 1.4230971 1.3752700 1.5921624 1.4265627 1.4225399 1.2612001 1.3421083 1.4911473 1.1988700 1.6286313 1.2827191 1.2453138 1.6068472 1.8884389 1.7984673 1.4413188 1.5385406 1.8138909 1.7516752 1.5369131 1.6521161 1.4543818 1.6262649 1.3675639 1.6379797 1.4869476 1.3607141 1.7230510 1.7286476 1.9306560 1.9296912 2.1678335 2.0003501 4.7613888 4.7598003 
Plespi_Pspi_scaffold11419_01                                  0.8756886 1.1309877 1.1025876 1.0966966 1.1661919 1.1269587 1.4350447 1.2307471 1.5095961 1.1596650 0.9319612 0.9336406 1.0486265 1.0681043 1.3762554 0.1774838 0.0000000 0.4683164 0.4661463 1.6180184 1.4988326 1.6071079 1.6588211 1.2789096 1.3645630 1.3845531 1.2213414 1.5916271 1.6508908 1.3174537 1.2172306 6.5870375 2.3989056 1.8075152 2.0344042 2.1359822 2.1703209 2.1564601 1.7792227 1.6680362 1.8018435 1.7388233 2.0350351 1.7781395 1.7851366 1.5663837 1.5804010 1.7370836 1.4225462 1.7526708 1.5565599 1.6558567 1.9069199 2.2568286 2.1557252 1.6447335 2.4729862 2.2766422 2.0642124 1.9414841 1.9256054 1.7542634 2.1029996 1.6889284 1.7703354 1.7935490 1.5527698 2.1621006 2.0529027 1.9306560 1.7922690 2.1678335 2.0003501 5.9634501 3.9177054 
Plespi_Pspi_scaffold19148_01                                  1.0120929 1.0387147 1.0205174 1.0180221 1.1003563 1.0487532 1.1649161 1.2946514 1.4045630 0.9461444 0.9366064 0.6638177 0.9653016 0.8208228 1.0642540 0.5083463 0.4683164 0.0000000 0.6348517 1.5204889 1.4358354 1.4743252 1.5893363 1.2203642 1.3335554 1.3285116 1.1420141 1.4523280 1.4638301 1.3385132 1.2203991 5.6474521 2.3394261 1.4472179 1.6144501 1.7197193 1.6695284 2.1340759 1.5133324 1.4814914 1.4763654 1.4635411 1.7557434 1.7009620 1.7960725 1.4066502 1.4942866 1.7424127 1.2082960 1.5966621 1.2981828 1.2744613 1.5182737 1.7555028 1.6575747 1.4291650 1.6255922 1.6864388 1.6922123 1.5996786 1.8185724 1.4759963 1.6101710 1.4344751 1.8916232 1.5608634 1.4292939 1.8100686 1.8836633 2.1729642 1.5211044 2.0516892 1.8973836 5.1897192 3.4293614 
Plespi_Pspi_scaffold19560_01                                  0.7827701 1.2079051 1.2270407 1.1925776 1.2654786 1.2505688 1.3324980 1.1074944 1.7266337 1.3227728 1.0308536 0.9711681 1.5879225 1.4212343 1.4982479 0.5448904 0.4661463 0.6348517 0.0000000 1.5486326 1.3956745 1.6394623 1.4690087 1.6947155 1.5874930 1.7429264 1.3548249 1.6590226 1.6616157 1.2999981 1.3579177 4.4664733 3.4425962 1.7007931 1.9899074 1.9821755 2.0318606 2.2699762 1.8917065 1.6522784 2.0121301 1.6461987 2.1618891 1.8851106 1.8527100 1.7850895 1.7135380 1.9818835 1.4491634 1.5412918 1.6781189 1.7332036 1.8977672 2.0742765 2.1455981 1.7243935 3.8003063 2.0036183 1.8274300 1.9654914 2.2733633 1.7155311 1.9626289 1.8267390 1.9602397 1.6834847 1.6910147 2.1477405 1.9193253 1.8946358 1.7652308 2.1057128 1.9462772 5.8383033 3.2593430 
Lcom_lcpid80957                                               1.3461962 1.0954395 1.1516324 1.0895113 1.2179218 1.3085228 1.2665380 1.4753117 1.3232079 1.3043340 1.1736239 1.1649503 1.0909045 1.0916383 1.4598348 1.2316051 1.6180184 1.5204889 1.5486326 0.0000000 0.5446185 0.5603471 0.5202965 0.8078078 0.8011623 0.8894190 0.8639511 1.2930582 1.2759597 1.1226247 1.0193481 1.2508581 2.0505559 1.6041031 1.7695182 1.7241801 1.8151614 1.7659642 1.3889694 1.2872893 1.4483416 1.4942950 1.5771437 1.6642288 1.6535069 1.2662028 1.4165844 1.4846906 1.3053123 1.5948926 1.4569309 1.2571481 1.7292238 1.5836816 1.7137826 1.5926381 1.3824311 1.7568560 1.5847326 1.5423164 1.4024718 1.4595905 1.7379723 1.6932418 1.6806258 1.5709599 1.4544108 1.4488087 1.6321950 1.2829241 1.7916161 2.4018962 2.2864382 5.0536576 3.7136062 
Gracom_Gcom_scaffold11873_01                                  1.5009409 1.2452539 1.3352415 1.2542105 1.4140569 1.4397337 1.5046614 1.7577954 1.4629181 1.4654970 1.2145305 1.2918788 1.2594709 1.3709010 1.5691799 1.2945332 1.4988326 1.4358354 1.3956745 0.5446185 0.0000000 0.4242065 0.5310972 0.9182838 0.9351324 0.9690698 0.9647079 1.4101743 1.3772056 1.1809219 1.0566399 1.8944934 1.9141496 1.5490324 1.8495171 1.7760488 1.8622413 1.9086485 1.5786782 1.4556482 1.5277939 1.6266593 1.5971047 1.5855173 1.6058058 1.3159017 1.4314440 1.5651271 1.3778062 1.8505451 1.5308967 1.3660191 1.7796122 1.7799725 1.7916012 1.6067215 1.5838186 1.8480299 1.5022285 1.5744803 1.5940336 1.6264604 1.8156443 1.7381711 1.8507529 1.5488018 1.4775557 1.4198183 1.6775825 1.4094066 1.9799045 2.3194831 2.2109633 4.4908894 3.4328104 
Leuniv_Lniv_C802592_01                                        1.3793710 1.2719752 1.3898569 1.2991172 1.4566239 1.4414495 1.6375476 1.6904315 1.4841023 1.4226698 1.1478595 1.2102622 1.1772976 1.1796202 1.6233729 1.3259623 1.6071079 1.4743252 1.6394623 0.5603471 0.4242065 0.0000000 0.5453182 1.0020869 0.8874458 1.0129809 0.9534285 1.5149893 1.2811177 1.1580268 1.0240858 1.6582109 2.0795618 1.6540172 1.7457653 1.7124973 1.8063223 1.8176575 1.5210071 1.4066252 1.5428005 1.5776411 1.5208629 1.6030839 1.5904380 1.2601759 1.3712265 1.5806080 1.3113703 1.6150149 1.4076400 1.3332304 1.6135936 1.5406106 1.5715952 1.5791920 1.5648406 1.8110908 1.4431568 1.4205066 1.3825149 1.6344594 1.8101549 1.6396876 1.6019967 1.4526633 1.4613458 1.5098151 1.6288941 1.4354736 1.8371916 2.2084880 2.1077952 5.2684006 3.1756363 
Scil_scict006041.3                                            1.4193809 1.1939071 1.2264948 1.1662181 1.3556319 1.3838107 1.5114331 1.6790083 1.3412599 1.1668002 1.1640833 1.1964409 1.3111568 1.2560499 1.4053125 1.2986141 1.6588211 1.5893363 1.4690087 0.5202965 0.5310972 0.5453182 0.0000000 0.9562984 0.8345580 0.8755993 0.9445667 1.2434849 1.2438624 1.0927019 0.9911430 1.2428589 1.9650438 1.4346503 1.7953976 1.7133386 1.7859829 1.8090085 1.3575030 1.2462804 1.3099444 1.3304579 1.4487258 1.4794231 1.5352135 1.2419269 1.4085117 1.4411533 1.3067482 1.5400047 1.2704302 1.3031952 1.6148195 1.5753872 1.6715334 1.5679976 1.4447871 1.8495964 1.3853019 1.4409905 1.4116351 1.4430828 1.7896028 1.4873629 1.6946811 1.6072488 1.4444182 1.5201806 1.5418804 1.2934270 1.7703207 2.1410802 2.0417510 4.9223118 3.2304286 
Lcom_lcpid83008                                               1.2717379 1.0388554 1.1013737 1.0568379 1.2032620 1.2487833 1.3484356 1.4844670 1.2513638 1.0396903 0.9831285 0.9271024 1.0377903 0.9999226 1.2136903 1.0320374 1.2789096 1.2203642 1.6947155 0.8078078 0.9182838 1.0020869 0.9562984 0.0000000 0.3691739 0.5232675 0.9244240 1.4079145 1.4047890 1.2108058 1.0866692 1.0381876 1.4253358 1.5291791 1.6231597 1.6706523 1.6905326 1.6975776 1.5367028 1.5081025 1.4205716 1.5588530 1.6897204 1.5041920 1.5784288 1.3720641 1.4133219 1.5995643 1.1807852 1.6653382 1.3158411 1.0940567 1.7670912 1.7518398 1.7126319 1.4166111 1.3925739 1.7309894 1.6983997 1.6756851 1.5945925 1.3689474 1.5012718 1.4928058 1.5869435 1.4057873 1.4534118 1.5178135 1.5160447 1.2790593 1.8632623 2.0533236 1.9576599 5.1184961 3.6093634 
Leuniv_Lniv_C805028_01                                        1.1320553 1.0400852 1.1184628 1.0080500 1.2089716 1.2715052 1.3517446 1.3667006 1.1431905 0.9779633 0.9413007 0.8350645 1.0578998 0.9113540 1.1215073 1.0805927 1.3645630 1.3335554 1.5874930 0.8011623 0.9351324 0.8874458 0.8345580 0.3691739 0.0000000 0.5179807 0.9453756 1.3131384 1.3845848 1.0289050 0.9603856 0.9912110 1.6180021 1.2619945 1.5804098 1.5862985 1.5773881 1.4233238 1.3589058 1.2935944 1.2287664 1.3120604 1.4575216 1.2590755 1.3209759 1.1753532 1.2578029 1.3073343 1.1170236 1.4129052 1.2528466 1.0682708 1.5201362 1.4059438 1.5117028 1.3001731 1.2511504 1.4945859 1.4559244 1.5012647 1.4227309 1.2936958 1.4266643 1.3231235 1.4340742 1.3246978 1.3468726 1.3724414 1.3547449 1.0989176 1.7729357 2.1132494 2.0135889 4.6833381 2.8841816 
Gracom_Gcom_scaffold11924_01                                  1.1988016 1.0214960 1.0756765 1.0321314 1.1726214 1.2213944 1.4027454 1.6090656 1.1948847 1.0311500 1.0335595 0.9658061 1.1301634 0.9250890 1.2448508 1.1117081 1.3845531 1.3285116 1.7429264 0.8894190 0.9690698 1.0129809 0.8755993 0.5232675 0.5179807 0.0000000 0.8647080 1.4451266 1.4269148 1.0664182 1.1054334 0.9503615 1.4319974 1.4421475 1.5329055 1.5156372 1.5267906 1.6188570 1.4078412 1.2540877 1.2839616 1.2972482 1.4603296 1.4016207 1.4027435 1.2045174 1.3305475 1.3214257 1.1053506 1.5732784 1.1190634 1.1614751 1.3711629 1.4292881 1.5372899 1.4088421 1.2318537 1.4302208 1.6432843 1.4262377 1.5474635 1.3082513 1.4936549 1.4409189 1.5307533 1.4120960 1.3878485 1.5766559 1.3722834 1.1985948 1.8089150 2.1593100 2.0579868 4.2906883 3.6115318 
Clacor_Ccor_scaffold14372_01                                  1.0019046 1.0422659 1.1181477 1.0959517 1.1878848 1.1993600 1.1991566 1.3792806 1.1560892 0.9403345 0.9506934 1.0276301 1.1860738 0.8541769 1.1009325 1.0143940 1.2213414 1.1420141 1.3548249 0.8639511 0.9647079 0.9534285 0.9445667 0.9244240 0.9453756 0.8647080 0.0000000 1.1965122 1.1801374 1.0227130 1.0490989 1.2734338 1.7300118 1.3668073 1.6683770 1.6363254 1.7164573 1.8595189 1.3765244 1.3507693 1.4537645 1.4874407 1.5121902 1.5765238 1.6206184 1.2388242 1.3443262 1.4199685 1.3390109 1.7719639 1.3699812 1.3355291 1.7408218 1.6822250 1.7858123 1.4758853 1.3338673 1.7690898 1.5110568 1.6406583 1.5452974 1.3278488 1.4511113 1.4119938 1.6321057 1.3731954 1.2603717 1.3815812 1.7399471 1.6175582 1.7851664 2.8629117 2.6279409 5.5187567 3.3192338 
Emue_Em0012g444a.t1                                           0.5181937 0.7720148 0.8210469 0.7973761 0.8720861 0.8091892 0.9855676 1.0973733 0.9536922 0.9643057 0.9861301 0.8509671 0.9903484 0.8723911 1.1295767 1.2898391 1.5916271 1.4523280 1.6590226 1.2930582 1.4101743 1.5149893 1.2434849 1.4079145 1.3131384 1.4451266 1.1965122 0.0000000 0.7423776 1.2021259 1.1872849 1.7172606 1.9773120 1.4877727 1.7188022 1.7705828 1.7605140 1.6867959 1.5558423 1.5278152 1.5889601 1.6287982 1.6061201 1.7342659 1.6856224 1.4748211 1.5928075 1.4714337 1.3689736 1.7876163 1.5157021 1.2562396 1.6318397 1.6403645 1.7022782 1.3521524 1.5769464 1.7250246 1.5395616 1.6173993 1.5253507 1.5452856 1.8313647 1.4708452 1.4385126 1.2525484 1.2682881 1.4049918 1.5720571 1.9386764 1.7189274 2.0259066 1.9149320 4.6610281 3.1765645 
Spolac_c101193_g1_i1_m.24817c101193-g1                        0.8013571 0.9505609 0.9928707 0.9654434 1.0444000 0.9234437 1.1561432 1.5010787 1.2489192 1.1027015 0.9684445 0.9034154 0.9193850 0.8432101 1.3474862 1.3645577 1.6508908 1.4638301 1.6616157 1.2759597 1.3772056 1.2811177 1.2438624 1.4047890 1.3845848 1.4269148 1.1801374 0.7423776 0.0000000 1.2226133 1.2129755 1.2675555 1.7367628 1.6068982 1.8049218 1.7509975 1.7981631 1.7383656 1.6582579 1.5792968 1.6375782 1.6401207 1.6737387 1.7921067 1.7658303 1.4506897 1.5317724 1.6389277 1.4714932 2.0152307 1.5940688 1.1151431 1.5339806 1.4770127 1.5473238 1.5350035 1.4035171 1.7126357 1.5909391 1.5599455 1.4191679 1.6961023 1.8360630 1.5509190 1.5919845 1.5346094 1.4390262 1.4251256 1.7024319 1.8918863 1.7462759 2.5666245 2.4275768 4.5582973 3.4281437 
Opea_EP00118_Oscarella_pearsei_P015657                        1.0036159 0.9605747 0.9837657 0.9718820 1.0090904 1.0755539 1.2258139 1.3367613 1.1396667 1.0512131 0.9569038 0.8758511 0.9858622 0.9518696 1.1893541 1.1732723 1.3174537 1.3385132 1.2999981 1.1226247 1.1809219 1.1580268 1.0927019 1.2108058 1.0289050 1.0664182 1.0227130 1.2021259 1.2226133 0.0000000 0.7429943 1.3634163 1.6985648 1.0820350 1.7243930 1.8224090 1.7872354 1.7210248 1.4361135 1.3824046 1.3609981 1.3499240 1.5987933 1.4122063 1.4176030 1.2978504 1.3753832 1.3434584 1.4870388 1.4551415 1.4160744 1.3800149 1.6289552 1.6789775 1.5721139 1.4662355 1.4429781 1.5996851 1.5288462 1.4772872 1.5782726 1.5082698 1.6581758 1.4527752 1.6714065 1.5793643 1.4671482 1.4061649 1.6425691 1.3450350 1.6642361 2.0914360 2.0002987 5.0363948 3.4597513 
Plajan_Pjan_C554651_01                                        0.9654869 1.0357664 1.0510185 0.9963342 1.0824854 1.1335687 1.2542396 1.0918980 1.1385272 0.9805275 0.9379894 0.8718391 0.9811091 0.9579469 1.0933949 1.0540860 1.2172306 1.2203991 1.3579177 1.0193481 1.0566399 1.0240858 0.9911430 1.0866692 0.9603856 1.1054334 1.0490989 1.1872849 1.2129755 0.7429943 0.0000000 1.6148518 1.7090084 1.2463725 1.7168715 1.7326860 1.7651314 1.8952945 1.4431627 1.3925744 1.4459905 1.3457608 1.6564082 1.4696686 1.5033101 1.2844450 1.3970010 1.3738178 1.2504261 1.5984610 1.3866754 1.2401800 1.5566475 1.5820659 1.5387869 1.5250908 1.4679600 1.5964388 1.4611672 1.4066327 1.4807923 1.5977295 1.7978631 1.5596278 1.6041336 1.4880840 1.3728078 1.3791590 1.5122144 1.4219636 1.5921359 2.5021775 2.4182917 5.6158476 3.1523965 
Clacor_Ccor_scaffold13857_01                                  2.9276726 1.2128981 1.2844414 1.2844414 1.5192717 1.8512368 1.6242705 0.0000010 1.7032762 1.5575677 1.4896420 1.4011522 2.5891440 1.6685162 1.2813579 1.4790222 6.5870375 5.6474521 4.4664733 1.2508581 1.8944934 1.6582109 1.2428589 1.0381876 0.9912110 0.9503615 1.2734338 1.7172606 1.2675555 1.3634163 1.6148518 0.0000000 1.9184982 1.5222597 1.7620203 1.7620203 1.7620203 1.8334511 1.6266515 1.8752644 1.4930771 1.6230166 2.2584184 1.8899676 1.8182749 1.4570041 1.9408484 1.8348561 1.7011343 1.8733021 1.5039518 1.3478080 1.8444960 1.9073473 1.8623278 1.7161612 1.3948381 1.5472460 1.5805802 1.7389689 1.6442495 2.1912899 2.1912899 1.5732036 1.6659959 1.4956916 2.0168595 1.6310482 2.2830819 0.0000010 4.4358030 1.5162874 2.8495994 4.9024315 6.5449074 
Tetwil_g6720.t2                                               2.3007928 1.6684802 1.6983206 1.6727531 1.8006239 1.8464601 2.0894048 3.9312910 2.0384016 1.5731876 1.5202978 1.1987352 1.1851615 0.7829726 1.5094112 1.7935957 2.3989056 2.3394261 3.4425962 2.0505559 1.9141496 2.0795618 1.9650438 1.4253358 1.6180021 1.4319974 1.7300118 1.9773120 1.7367628 1.6985648 1.7090084 1.9184982 0.0000000 2.3647305 2.3617037 2.4372830 2.6097248 2.4413002 2.1670699 2.2211649 2.1455843 2.3335194 2.4253022 2.2807325 2.2972995 2.2097959 2.4912041 2.4703939 2.0546719 2.9670777 2.1214142 1.6566791 2.1817574 2.5497386 2.3870295 2.2110389 1.5209806 2.3777349 2.2344233 2.2364273 2.2127243 2.3195608 2.0951461 2.3835268 2.6312481 2.2893328 2.2483499 2.1822169 2.6924030 4.1004715 2.7380658 5.0536100 4.5014992 6.2182893 5.2574531 
Opea_EP00118_Oscarella_pearsei_P015608                        1.3146359 1.3939772 1.3763932 1.3616571 1.4690958 1.4660468 1.4972132 1.4959810 1.5067011 1.4839843 1.4108001 1.1756473 1.3314962 1.2672233 1.4798469 1.5176554 1.8075152 1.4472179 1.7007931 1.6041031 1.5490324 1.6540172 1.4346503 1.5291791 1.2619945 1.4421475 1.3668073 1.4877727 1.6068982 1.0820350 1.2463725 1.5222597 2.3647305 0.0000000 2.0192650 2.0421840 2.0660785 2.0005614 1.7474161 1.6400530 1.6825528 1.6914682 1.8289639 1.6775888 1.7167907 1.4985829 1.6368194 1.5603404 1.6609039 2.0213021 1.5798311 1.3254271 1.7483323 1.7819569 1.7925285 1.5885095 1.6837638 1.8103266 1.7338529 1.7257724 2.1049034 1.8739504 1.8111410 1.8995309 2.2109828 1.6989108 1.5306949 1.9000937 2.0046274 1.8849875 1.9762987 2.7587065 2.6331952 5.9266873 4.5704338 
Lcom_lcpid122692                                              1.4759026 1.6422221 1.6478009 1.6168752 1.6653001 1.7634907 1.8861521 2.0758777 2.0960098 1.5881793 1.5347825 1.5743833 1.7851446 1.5201033 1.4858690 1.6552470 2.0344042 1.6144501 1.9899074 1.7695182 1.8495171 1.7457653 1.7953976 1.6231597 1.5804098 1.5329055 1.6683770 1.7188022 1.8049218 1.7243930 1.7168715 1.7620203 2.3617037 2.0192650 0.0000000 0.0362197 0.0448361 1.0233744 1.1325715 1.0410057 1.2281775 1.1344179 1.2541397 1.2193700 1.2242025 1.2043759 1.2175870 1.3277682 1.0762621 1.4594008 1.4008663 1.1301838 1.4033893 1.5420669 1.4735022 1.0738784 1.2671500 1.2374751 1.4323761 1.3948292 1.2341012 1.2580971 1.3506755 1.0813979 1.0855186 1.3620318 1.2915306 1.3755860 1.2949438 1.5732250 1.8699535 2.6407035 2.5571531 6.5864284 3.0783014 
Lcom_lcpid113543                                              1.4402115 1.6081193 1.6370213 1.5527316 1.6536183 1.7458029 1.8514121 2.0167586 2.0704611 1.6125639 1.5753228 1.5822398 1.7887181 1.5201033 1.5959616 1.7391831 2.1359822 1.7197193 1.9821755 1.7241801 1.7760488 1.7124973 1.7133386 1.6706523 1.5862985 1.5156372 1.6363254 1.7705828 1.7509975 1.8224090 1.7326860 1.7620203 2.4372830 2.0421840 0.0362197 0.0000000 0.0892069 1.0168733 1.1188514 1.0635155 1.2298481 1.1564346 1.2655201 1.2266600 1.2298441 1.2390866 1.2459960 1.3508435 1.1111107 1.6128001 1.4179738 1.1301838 1.4020843 1.5370508 1.5094890 1.1321363 1.2671500 1.2592295 1.4608213 1.3530809 1.2620594 1.2630060 1.4239470 1.0435843 1.0827923 1.3366408 1.2633327 1.3450327 1.3073668 1.6557553 1.8673836 2.4487194 2.3802885 5.9342282 2.7905976 
Lcom_lcpid109209                                              1.5533213 1.5670005 1.6209994 1.5555281 1.6375774 1.7285916 1.8124997 2.0156516 2.0719488 1.6209775 1.6307469 1.5770178 1.7567303 1.5306088 1.6131315 1.7626750 2.1703209 1.6695284 2.0318606 1.8151614 1.8622413 1.8063223 1.7859829 1.6905326 1.5773881 1.5267906 1.7164573 1.7605140 1.7981631 1.7872354 1.7651314 1.7620203 2.6097248 2.0660785 0.0448361 0.0892069 0.0000000 0.9884501 1.1511341 1.0447180 1.2286937 1.1765753 1.2823036 1.2309837 1.2341662 1.2409496 1.2479549 1.3949470 1.0811859 1.5213410 1.4263067 1.1401086 1.4202962 1.5145141 1.5354653 1.1545211 1.2770593 1.2450388 1.4755024 1.4039561 1.2466435 1.2641800 1.3810783 1.0609838 1.0818801 1.3408581 1.2878448 1.3998711 1.3030017 1.8161415 1.8885527 2.6907325 2.6127922 5.7689227 2.8513089 
Cgig_XM_011448863.3                                           1.4000686 1.7228022 1.8611158 1.7752895 1.8717305 2.0441056 1.9682114 2.0057808 2.0551663 1.6418011 1.5413022 1.5090932 1.6875086 1.5393452 1.7368012 1.7285712 2.1564601 2.1340759 2.2699762 1.7659642 1.9086485 1.8176575 1.8090085 1.6975776 1.4233238 1.6188570 1.8595189 1.6867959 1.7383656 1.7210248 1.8952945 1.8334511 2.4413002 2.0005614 1.0233744 1.0168733 0.9884501 0.0000000 1.2556232 1.2323868 1.3847496 1.3274241 1.4012685 1.2637039 1.2430831 1.2417034 1.3042418 1.3082482 1.2139248 1.4771868 1.3554397 1.1121613 1.5872750 1.3323496 1.3008305 1.2251739 1.5789620 1.2211580 1.4177251 1.4703484 1.2084899 1.1638814 1.3307844 1.1357531 1.1728874 1.3026671 1.1755121 1.3194720 1.4877791 1.7754364 1.9284768 2.1488980 2.0809240 5.2038891 2.8199450 
Fspp_ffun1.m4.13295.m1                                        1.0382508 1.5184461 1.5615658 1.4892421 1.6425590 1.6592020 1.6227040 2.0971097 1.8760834 1.3390719 1.3532583 1.1218272 1.2665353 1.2197630 1.5333451 1.4470955 1.7792227 1.5133324 1.8917065 1.3889694 1.5786782 1.5210071 1.3575030 1.5367028 1.3589058 1.4078412 1.3765244 1.5558423 1.6582579 1.4361135 1.4431627 1.6266515 2.1670699 1.7474161 1.1325715 1.1188514 1.1511341 1.2556232 0.0000000 0.2228402 0.2898483 0.3629079 0.5219088 0.5653025 0.5620003 0.6115690 0.7022247 0.5426406 0.7442406 0.4536026 0.9294210 0.8785386 1.2880812 1.2747768 1.3020481 1.0369983 1.0556952 1.0284841 1.4320008 1.1892095 1.2009498 1.1093532 1.2337010 1.1043869 1.1484070 1.2853295 1.1611421 1.2052529 1.4197456 1.6955959 1.6732661 1.9690355 1.8618605 5.5354016 2.9120970 
Gasp_gasp1.m3.24170.m1                                        1.0836010 1.4727702 1.4853570 1.4354726 1.5628028 1.6203575 1.5413770 2.0162646 1.7360016 1.2642448 1.2285780 1.1169081 1.3753460 1.2267367 1.5154400 1.3509623 1.6680362 1.4814914 1.6522784 1.2872893 1.4556482 1.4066252 1.2462804 1.5081025 1.2935944 1.2540877 1.3507693 1.5278152 1.5792968 1.3824046 1.3925744 1.8752644 2.2211649 1.6400530 1.0410057 1.0635155 1.0447180 1.2323868 0.2228402 0.0000000 0.2871612 0.3543122 0.5031784 0.5015178 0.4991293 0.5127861 0.6209647 0.5247055 0.7049933 0.3550983 0.8913572 0.8316263 1.1372641 1.1249093 1.1422945 1.0053434 1.0543985 0.9947305 1.3033236 1.0879576 1.1114181 1.0593826 1.2093298 1.0477226 1.0811840 1.2166391 1.0733234 1.2060311 1.3338154 1.2453565 1.5344320 1.8770771 1.8075332 5.1998383 2.9592070 
Gasp_gasp1.m3.16135.m1                                        1.0559394 1.3844034 1.4558019 1.3659862 1.5538819 1.5986080 1.5538120 2.0313312 1.7521123 1.2777035 1.3089884 1.0730687 1.3344696 1.2478364 1.3576126 1.4230971 1.8018435 1.4763654 2.0121301 1.4483416 1.5277939 1.5428005 1.3099444 1.4205716 1.2287664 1.2839616 1.4537645 1.5889601 1.6375782 1.3609981 1.4459905 1.4930771 2.1455843 1.6825528 1.2281775 1.2298481 1.2286937 1.3847496 0.2898483 0.2871612 0.0000000 0.4194711 0.5221712 0.5860966 0.6063449 0.5930960 0.6799899 0.5565967 0.7452406 0.4223360 1.0073848 1.0468115 1.3196880 1.3544002 1.3818568 1.1496197 1.0503751 1.1434030 1.4466030 1.2794985 1.2706244 1.1859458 1.2790194 1.2170020 1.3471866 1.3675717 1.1821877 1.2324442 1.4733459 1.3919492 1.5940638 1.8707024 1.8037843 5.4810426 3.1447999 
Spis_XP_022804077_1                                           1.0948056 1.5372338 1.5783871 1.4964883 1.6319099 1.7154574 1.6633612 1.9787690 1.7473883 1.3370165 1.3036021 1.1354354 1.4187322 1.4434330 1.4314258 1.3752700 1.7388233 1.4635411 1.6461987 1.4942950 1.6266593 1.5776411 1.3304579 1.5588530 1.3120604 1.2972482 1.4874407 1.6287982 1.6401207 1.3499240 1.3457608 1.6230166 2.3335194 1.6914682 1.1344179 1.1564346 1.1765753 1.3274241 0.3629079 0.3543122 0.4194711 0.0000000 0.5572852 0.5670912 0.5934199 0.5255032 0.6418375 0.6317331 0.6745238 0.3467169 0.8551984 0.8372829 1.3509872 1.3000668 1.2433761 1.0429417 1.1347386 1.0285058 1.4178222 1.2123141 1.1630043 1.0928549 1.1930945 1.1090289 1.1783609 1.2850634 1.1400457 1.1536126 1.4776526 1.3483586 1.4305289 1.8992998 1.8296065 5.0318352 3.2211551 
Gfas_gfas1.m1.19935.m1                                        1.3708840 1.4907036 1.5667381 1.4483133 1.6395433 1.6089759 1.6465662 2.1658273 1.7432306 1.5375882 1.4850255 1.1451307 1.1623023 1.2619059 1.7063047 1.5921624 2.0350351 1.7557434 2.1618891 1.5771437 1.5971047 1.5208629 1.4487258 1.6897204 1.4575216 1.4603296 1.5121902 1.6061201 1.6737387 1.5987933 1.6564082 2.2584184 2.4253022 1.8289639 1.2541397 1.2655201 1.2823036 1.4012685 0.5219088 0.5031784 0.5221712 0.5572852 0.0000000 0.5478251 0.5596729 0.3901043 0.4982455 0.5008171 0.8028502 0.7018008 1.0572760 0.9427875 1.3728159 1.4057108 1.3918440 1.1374912 1.1939539 1.2535752 1.4475875 1.3101375 1.2035752 1.1865701 1.3691411 1.2674062 1.4087507 1.3533311 1.0623587 1.2794732 1.5542186 1.4486671 1.6355604 2.0150364 1.9320800 5.7644247 3.2641023 
Amil_Amillepora06524-RA                                       1.0524921 1.5164090 1.5236709 1.4768956 1.6222041 1.6226169 1.8299178 1.9565159 1.6303702 1.4063922 1.4308278 1.0752814 1.3497846 1.2079140 1.5099461 1.4265627 1.7781395 1.7009620 1.8851106 1.6642288 1.5855173 1.6030839 1.4794231 1.5041920 1.2590755 1.4016207 1.5765238 1.7342659 1.7921067 1.4122063 1.4696686 1.8899676 2.2807325 1.6775888 1.2193700 1.2266600 1.2309837 1.2637039 0.5653025 0.5015178 0.5860966 0.5670912 0.5478251 0.0000000 0.0413905 0.4095205 0.4546180 0.5517349 0.7739363 0.6846548 1.0730437 0.8716351 1.2841553 1.2322413 1.2181633 1.1628281 1.2053759 1.2106782 1.3904812 1.2373223 1.1965594 1.1773679 1.2974556 1.1293131 1.2578136 1.2278957 1.0359730 1.2636674 1.5702793 1.5032427 1.5530466 1.6481252 1.5872145 5.1827515 2.9575425 
Adig_XM_015923487.1                                           1.0524921 1.5079711 1.5127237 1.4686901 1.6140526 1.6133844 1.8176479 1.9538145 1.6244152 1.4420647 1.4498480 1.0788722 1.3526912 1.1948732 1.5482708 1.4225399 1.7851366 1.7960725 1.8527100 1.6535069 1.6058058 1.5904380 1.5352135 1.5784288 1.3209759 1.4027435 1.6206184 1.6856224 1.7658303 1.4176030 1.5033101 1.8182749 2.2972995 1.7167907 1.2242025 1.2298441 1.2341662 1.2430831 0.5620003 0.4991293 0.6063449 0.5934199 0.5596729 0.0413905 0.0000000 0.4179395 0.4720400 0.5619059 0.8165177 0.6821159 1.1057445 0.9103216 1.3102403 1.2581012 1.1997333 1.1618360 1.2550744 1.1911786 1.3626828 1.2411699 1.2432931 1.1718613 1.2793023 1.1531123 1.2510219 1.2285145 1.0689905 1.2933673 1.5611300 1.5074553 1.5824429 1.6029677 1.5437699 5.0340976 3.0484871 
Amil_Amillepora06525-RA                                       1.0757309 1.3783830 1.3837112 1.3028143 1.4590019 1.3612002 1.5896403 1.9558049 1.5603545 1.2421203 1.1420922 0.8845374 1.2911597 0.9706720 1.3954472 1.2612001 1.5663837 1.4066502 1.7850895 1.2662028 1.3159017 1.2601759 1.2419269 1.3720641 1.1753532 1.2045174 1.2388242 1.4748211 1.4506897 1.2978504 1.2844450 1.4570041 2.2097959 1.4985829 1.2043759 1.2390866 1.2409496 1.2417034 0.6115690 0.5127861 0.5930960 0.5255032 0.3901043 0.4095205 0.4179395 0.0000000 0.0755145 0.5243341 0.6151167 0.5633523 0.8637021 0.9081809 1.2784385 1.2081210 1.2310144 0.9033694 0.9967809 1.0788343 1.1031342 1.2410832 0.9141433 0.9573860 1.1147935 1.0293269 1.2635056 1.1546272 0.9182700 1.1574617 1.4091000 1.2414590 1.3383726 1.6532704 1.5918306 5.2647670 3.0136460 
Adig_XM_015923488.1                                           1.0952900 1.5281603 1.5343622 1.4385366 1.5445592 1.4379444 1.6742305 2.0002511 1.6782662 1.3347676 1.2140291 1.0197028 1.3275632 1.0447924 1.4787007 1.3421083 1.5804010 1.4942866 1.7135380 1.4165844 1.4314440 1.3712265 1.4085117 1.4133219 1.2578029 1.3305475 1.3443262 1.5928075 1.5317724 1.3753832 1.3970010 1.9408484 2.4912041 1.6368194 1.2175870 1.2459960 1.2479549 1.3042418 0.7022247 0.6209647 0.6799899 0.6418375 0.4982455 0.4546180 0.4720400 0.0755145 0.0000000 0.5935613 0.6046342 0.7387993 0.9198850 0.9144938 1.2641887 1.2835094 1.2803380 0.9347855 1.0668028 1.0286014 1.1289567 1.3345825 0.9248468 1.0024731 1.1617270 1.0908082 1.2350376 1.1824650 0.9877480 1.1710509 1.3711296 1.2593834 1.2338092 1.6825439 1.6200040 4.9605556 2.6047432 
Gfas_gfas1.m1.8179.m1                                         1.0633768 1.3845355 1.4505382 1.4156595 1.4657315 1.5148631 1.6691378 1.8425686 1.4688419 1.3297422 1.3597252 1.0617614 1.2821214 1.1184783 1.4821925 1.4911473 1.7370836 1.7424127 1.9818835 1.4846906 1.5651271 1.5806080 1.4411533 1.5995643 1.3073343 1.3214257 1.4199685 1.4714337 1.6389277 1.3434584 1.3738178 1.8348561 2.4703939 1.5603404 1.3277682 1.3508435 1.3949470 1.3082482 0.5426406 0.5247055 0.5565967 0.6317331 0.5008171 0.5517349 0.5619059 0.5243341 0.5935613 0.0000000 0.7658561 0.7428966 1.0241721 0.9195944 1.3048577 1.2927495 1.3246134 1.0925571 1.3018455 1.1531778 1.4004751 1.2288311 1.2153378 1.2471246 1.4019702 1.2091199 1.3330740 1.1988025 1.2475233 1.3319953 1.4396736 1.5624655 1.6327088 1.9544834 1.8810354 5.3003095 3.2456533 
Nvec_v1g235218                                                1.0135402 1.3150517 1.3007685 1.2498640 1.4339461 1.3585723 1.6000894 1.9142413 1.5862210 1.3416599 1.2341627 1.1221766 1.2583575 1.2742876 1.3767964 1.1988700 1.4225462 1.2082960 1.4491634 1.3053123 1.3778062 1.3113703 1.3067482 1.1807852 1.1170236 1.1053506 1.3390109 1.3689736 1.4714932 1.4870388 1.2504261 1.7011343 2.0546719 1.6609039 1.0762621 1.1111107 1.0811859 1.2139248 0.7442406 0.7049933 0.7452406 0.6745238 0.8028502 0.7739363 0.8165177 0.6151167 0.6046342 0.7658561 0.0000000 0.8548880 0.6981359 0.7510633 1.0925791 1.2188962 1.1629575 0.8910611 0.9969779 1.1140350 1.1097413 1.1007151 1.0613807 1.0509497 1.2298431 1.0847445 1.0509014 1.1970627 1.0289905 1.1974199 1.3216304 1.4113846 1.4722750 1.7417649 1.6751550 5.1739567 2.7456559 
