79
Emue_Em0012g70a.t1                                 0.0000000 0.3621825 1.5176422 1.6548639 2.2135909 2.3660341 2.3041056 2.3137674 1.4821291 1.8913724 2.2282140 2.9403364 2.4144177 2.3820182 2.3242595 2.9513835 2.3668128 2.2411948 1.5127030 2.6720093 2.2313920 2.5403408 2.6142282 2.9889125 2.8233211 2.5351750 2.6511836 2.8017265 2.3926726 1.8412655 1.8268991 1.5883298 2.6887425 2.5946816 2.5946816 5.1060526 2.8968458 2.5642145 2.5122447 2.8885780 4.9419735 1.9702941 2.7723073 2.4787927 2.4552720 2.4852012 2.5225040 2.4926808 2.2528211 2.7107184 3.1788940 2.0561177 2.1669785 3.0780333 3.1386071 3.1047717 2.2727023 2.2384879 2.2384879 2.3049585 2.4635653 2.7679378 2.5453128 2.9040154 2.4118687 2.8133983 2.8761044 2.4308571 2.3916345 2.4327632 2.4902870 2.2578444 1.6865551 2.8835947 2.1061156 2.0979805 2.5659019 2.8636242 4.8157780 
Spolac_c103693_g1_i1_m.35598c103693-g1             0.3621825 0.0000000 1.3990869 1.7178118 2.0845824 2.2023401 2.0145290 2.1589127 1.4366501 1.8074954 2.1227099 2.6069552 2.0276147 2.1208482 2.0874738 2.8351575 2.1717038 1.9848235 1.3217421 2.5381355 2.0278660 2.4819257 2.4560937 2.6846675 2.4732426 2.4858188 2.5014013 2.4456841 2.2198634 1.7222488 1.9504382 1.6070014 2.3522357 2.3799470 2.3799470 3.8558897 2.3888408 2.4867141 2.1689466 2.6592396 4.9425698 2.1965085 2.4532313 2.4829269 2.3972589 2.4548386 2.3984643 2.3073979 2.3302312 2.8715637 3.3632511 2.1825346 2.2891173 3.2233700 2.9875607 2.8301280 2.3479717 2.3057304 2.3057304 2.4213237 2.6690998 2.4933971 2.3626258 2.7699637 2.4563710 2.7013029 2.7070095 2.4623958 2.2475073 2.5958642 2.5140701 2.3623336 1.7411709 2.8179105 2.2129732 2.2083127 2.4315295 2.8403636 4.5475883 
Tetwil_g9541.t2                                    1.5176422 1.3990869 0.0000000 1.6462354 2.3357700 2.4384227 2.4635073 2.1938566 1.1192557 1.5590966 2.3483783 2.6245312 2.7953061 2.4440704 2.4075134 2.6001397 2.3578315 2.4686104 1.1961661 2.5914481 2.4730166 2.2675102 2.7937934 2.7467215 2.5909445 2.6937864 2.6698368 2.7410923 2.4762508 1.7623622 1.9019968 1.8200621 2.4751250 2.7194592 2.7194592 5.5744398 3.1671265 2.7248104 2.8220434 3.0134271 4.7585724 2.1293534 2.5601720 2.5150460 2.4631080 2.5326762 2.5840400 2.5252688 2.5795279 3.1283501 4.0544939 2.3514406 2.4168853 3.6883231 3.5041665 3.0589977 2.3325754 2.3144171 2.3144171 2.4612281 2.6790387 2.2911295 2.2635796 4.3118114 2.6048925 2.5472202 2.4217718 2.0702452 2.6941376 2.9843729 2.7639763 2.8144123 1.7961826 2.9312912 1.9811107 1.9850928 2.1788981 2.3718730 4.5721328 
Plespi_Pspi_scaffold11512_01                       1.6548639 1.7178118 1.6462354 0.0000000 1.8077955 2.1519172 2.4075431 1.9241051 1.2314217 1.4912611 2.3641507 2.4231640 2.8675179 2.1099796 2.0760011 2.6250125 2.2275050 2.2495740 1.1661111 2.4315649 2.5492624 2.1713064 2.6274234 2.8229735 2.6973648 2.9603890 2.1843279 2.2493388 2.4165211 2.0412067 1.9320274 1.9351090 2.8836855 2.6990151 2.6990151 5.2780675 3.4450504 2.7716038 3.1160809 3.2684270 5.2842663 1.9197433 2.5799190 2.6295523 2.6257130 2.7210729 2.6848930 2.6745229 2.4712172 3.0019013 3.8982128 2.4901345 2.4989855 3.8864276 4.0313484 3.3231517 2.3596953 2.3152047 2.3152047 2.3677650 2.8271091 2.3522021 2.4507816 3.5384789 2.5323998 2.5142398 2.5021493 2.1520884 2.4946291 2.5337846 2.6606537 2.5813795 2.1998318 2.7721554 2.0159170 1.9951718 2.6928300 2.3541485 5.2054964 
Lcom_lcpid191284                                   2.2135909 2.0845824 2.3357700 1.8077955 0.0000000 0.6907345 1.0449483 0.7633079 0.0000010 1.2453486 0.8270070 1.1956218 1.5601000 1.4461206 1.5451340 2.7600606 1.4049029 2.8046254 0.0000010 1.4062595 1.3678069 1.5583236 0.9208080 1.1859512 1.7606961 1.8205572 1.4108821 1.3832954 1.4460078 1.5962598 1.7552688 1.3876666 2.3562722 2.3873114 2.3873114 8.9999985 2.4330371 2.4216899 2.4201515 2.4216899 3.5984729 2.5480327 2.2066135 2.2236239 2.2236239 2.2236239 2.3146105 2.3146105 2.2662577 2.6586566 2.5677003 2.0328452 2.0954666 2.4329869 2.3580393 2.4785269 2.3850515 2.3478538 2.3478538 2.4186952 2.7572121 1.6343657 2.2265905 0.1600707 1.4234130 1.7591360 1.9640122 1.3563718 2.2182967 1.9636462 1.9601144 2.2013159 1.5734887 2.1542833 1.7821107 1.7821107 1.9970377 2.0985941 3.1167819 
Acagra_model.g3360.t1                              2.3660341 2.2023401 2.4384227 2.1519172 0.6907345 0.0000000 0.7797769 0.6903959 0.1612512 0.6475088 0.8366497 1.2856982 2.1055693 1.5297221 1.5781689 2.0571872 1.5401161 1.6636180 0.7186318 1.6580760 1.8731166 1.6709699 1.2239708 1.3516744 1.6403232 1.6463647 1.7405767 1.8233040 1.8031451 2.2491758 2.1914018 2.2733406 2.2410747 1.7799525 1.7799525 2.5798920 2.3526885 1.8697128 2.4340530 2.0356134 2.5766437 1.2567513 2.4221039 1.8909321 1.9305104 2.0673704 1.9097689 1.9474992 1.9525610 1.9406570 2.7527211 1.8092370 1.7698957 3.2705210 3.3459386 2.7130195 1.9221179 1.9218492 1.9219557 2.0320477 2.1442452 1.7952411 1.9524726 1.3870899 1.3494701 1.8136583 2.0397065 1.4125715 2.3946378 2.1706219 2.1781043 1.9801093 2.0268266 2.6540311 1.8359329 1.8009071 3.4982495 2.3437066 3.8264165 
Ctel_gnl_WGS_AMQN_CAPTEDRAFT_mRNA179128            2.3041056 2.0145290 2.4635073 2.4075431 1.0449483 0.7797769 0.0000000 0.7857291 0.1557259 0.5661035 1.1393322 1.3355758 2.0805026 1.5004302 1.5670806 2.0123021 1.6313609 1.6516731 0.7510623 1.7437309 2.0282936 1.8986736 1.2523418 1.4870739 1.7142574 1.6448455 2.1163303 2.1734393 2.1556520 2.3871154 2.2732004 1.9756971 2.1821205 1.8842911 1.8842911 2.9602607 2.2411345 1.7697455 2.2934340 1.9269093 2.3169860 1.3582856 2.0889250 1.7636386 1.7973066 1.9200928 1.8255061 1.8585998 1.9204701 1.9634197 2.9970905 1.6680196 1.7132944 2.9831295 2.8679744 2.3755907 1.7511955 1.7230696 1.7218589 1.8975619 2.3332978 1.9343087 2.0489006 1.6202259 1.4109248 2.1312510 2.2182440 1.6118765 2.3490193 2.1717459 2.2937814 2.3421459 2.0208002 2.6406554 1.9222052 1.8879464 3.3625395 2.3152710 3.7772099 
Cgig_XM_011456169.3                                2.3137674 2.1589127 2.1938566 1.9241051 0.7633079 0.6903959 0.7857291 0.0000000 0.1432811 0.6289347 1.0402651 1.3200929 2.2035635 1.5430244 1.5728758 1.8045234 1.5606846 1.6457553 0.6617823 1.6328808 2.0030451 1.4928761 1.3330565 1.4592876 1.7068494 1.7956135 1.6863122 1.7330208 1.7158040 1.8981516 1.8565091 2.0134449 1.8749558 1.7300321 1.7300321 2.7220346 2.3069932 1.8201453 2.2669017 1.9311939 2.5147540 1.1563906 2.1208956 1.7846906 1.8206290 1.9507046 1.8118918 1.8459656 1.8422987 2.0214372 2.8704493 1.6566546 1.6573267 3.1448923 3.1199803 2.3856076 1.8451506 1.8259922 1.8254450 1.9329694 1.9828778 1.8479158 2.0176636 1.4550921 1.3576691 1.9551240 1.9998917 1.3962172 2.2616413 2.1755201 2.2941403 2.0498044 2.0084914 2.8274269 1.8411758 1.8071653 3.3787393 2.3961289 3.6574668 
Lcom_lcpid243024                                   1.4821291 1.4366501 1.1192557 1.2314217 0.0000010 0.1612512 0.1557259 0.1432811 0.0000000 0.2797651 0.4194404 0.5771408 0.0000010 0.8069801 0.8069801 0.8142565 0.7950182 0.8025673 0.8217871 0.8317558 3.7315582 0.9728017 0.6723391 0.7182690 0.5740724 0.7296441 1.1983765 1.1594104 1.1401503 1.3782925 4.8057880 1.4247858 0.0000010 1.0145072 1.0145072 0.0000010 0.0000010 0.8975107 0.0000010 0.6225839 0.0000010 0.8975107 0.0000010 0.9178773 0.8993017 1.2319827 0.9590354 0.9332509 1.0128609 1.0806214 2.5300806 1.0134018 0.9971187 0.0000010 0.0000010 0.0000010 0.9986361 0.9986361 0.9823206 1.2144704 1.0727695 1.1455957 1.2847820 0.7858094 0.4606818 1.2269471 1.0634557 0.3361874 1.4197206 1.4692380 1.5069521 1.4257323 0.0000010 2.3364110 1.1629176 1.1629176 4.2550468 1.5077633 3.8408321 
Lcom_lcpid130871                                   1.8913724 1.8074954 1.5590966 1.4912611 1.2453486 0.6475088 0.5661035 0.6289347 0.2797651 0.0000000 0.8395082 0.7831860 3.1712324 1.0060650 1.0187219 1.1417186 1.1533425 0.7480829 0.7404805 1.1607021 3.3302473 1.3063119 1.2655338 1.2472557 1.0686416 1.0627791 1.6881045 1.8227947 1.6616151 1.9532173 8.4866411 1.6981440 2.4525571 1.5575490 1.5575490 2.6255360 5.9925090 1.6096995 5.9925090 1.6802144 2.2959568 1.4906687 2.4525571 1.5031430 1.4831913 1.7264280 1.6055895 1.5837208 1.6481857 1.7313120 3.2020457 1.3958560 1.4048972 4.8329894 4.2572857 2.0495783 1.5215210 1.5408576 1.5365211 1.7080118 1.8203148 1.3138762 1.6604314 1.9081321 0.9337407 1.6405704 1.6670180 0.9503156 1.7366305 1.8892260 1.6901405 1.6580415 1.0326323 2.2872147 1.5418976 1.5418976 4.4864851 1.8080813 4.7739924 
Bralan_BLAG15000320_1                              2.2282140 2.1227099 2.3483783 2.3641507 0.8270070 0.8366497 1.1393322 1.0402651 0.4194404 0.8395082 0.0000000 1.2591902 2.1234296 1.5151525 1.5803498 1.9143986 1.4371458 1.4206439 0.7093903 1.7454411 1.9506879 1.6179020 1.1311450 1.1645237 1.7224553 1.7198549 1.7958888 1.7822040 1.7438151 2.1879699 2.1410483 2.3730669 2.1581733 2.0677120 2.0677120 3.7618786 2.1360930 1.8142548 2.1990029 1.9075733 2.5290538 1.3394206 2.0705152 1.8488418 1.8762960 2.0316536 1.8524110 1.8774117 1.8724405 1.9266990 2.5463262 1.7075089 1.6866524 2.6365981 2.6034173 2.1479677 1.6727954 1.6875308 1.6861074 1.7803882 2.2065950 1.7163081 1.7398557 1.7496464 1.3043962 2.0437356 2.0423524 1.2968219 2.1764771 2.3002863 2.3711006 2.3062204 1.9561984 2.8275823 1.7083886 1.6761758 3.1422841 2.0184733 3.9947921 
Spur_XM_030979966.1                                2.9403364 2.6069552 2.6245312 2.4231640 1.1956218 1.2856982 1.3355758 1.3200929 0.5771408 0.7831860 1.2591902 0.0000000 3.0234068 1.8183583 1.8348146 2.3776140 1.7443390 2.0127426 0.6620473 1.7109483 2.5571118 2.0478168 1.4606762 1.6499856 1.8226929 2.2086068 2.1576416 2.2416709 2.1590814 2.3973898 2.4255544 2.2023422 2.8066239 2.5978323 2.5978323 5.2225340 2.7907443 2.3494697 2.6918437 2.5548066 3.7612275 1.5937002 2.5454181 2.4371925 2.4474449 2.6246400 2.3053054 2.3142925 2.3935588 2.5923473 3.4823519 2.1729133 2.2405875 4.2042220 4.1362562 3.5643773 2.4453033 2.4200489 2.4315683 2.5912862 2.7835257 2.0499041 2.1012121 2.8665779 1.6987152 2.6933512 2.5829870 1.5416290 2.1718239 2.3030703 2.2367464 2.2301236 2.0459796 2.8886658 2.0801896 2.0305428 4.1145525 2.3655890 4.7369359 
Gasp_gasp1.m3.16170.m1                             2.4144177 2.0276147 2.7953061 2.8675179 1.5601000 2.1055693 2.0805026 2.2035635 0.0000010 3.1712324 2.1234296 3.0234068 0.0000000 0.2470959 0.2471938 1.1889835 0.3176718 0.2994582 0.0000010 1.0532481 0.4378548 0.9909382 2.3757938 2.3243575 2.9391352 3.0338238 1.9878881 2.2078451 1.8737527 2.6049826 1.9941487 2.7992477 2.3009045 2.8188985 2.8188985 4.5408083 2.3483901 2.5404170 2.3694145 2.5404170 3.0183261 4.8737743 2.4403043 2.6278279 2.6278279 2.6278279 2.6094206 2.6094206 2.4725087 2.5987269 2.4332836 2.3059298 2.4200564 2.8026027 2.5922476 2.2694122 2.6701643 2.5922476 2.5922476 2.8026027 3.5606644 2.1625881 2.2524988 2.7019086 2.3014736 1.8214407 2.1023701 3.4119872 2.7622603 2.9318697 2.8084475 2.8279266 1.6752235 2.6896121 2.2194582 2.2165159 2.2631450 2.6179943 3.4332107 
Spis_XP_022797136_1                                2.3820182 2.1208482 2.4440704 2.1099796 1.4461206 1.5297221 1.5004302 1.5430244 0.8069801 1.0060650 1.5151525 1.8183583 0.2470959 0.0000000 0.0765642 0.5793630 0.2510915 0.2206101 0.0654415 0.7710234 0.5398469 0.8373074 1.7987256 1.9302163 2.1123924 2.1679739 1.8381947 1.9193564 1.7462642 2.4284434 2.2279465 2.0949007 2.2061433 2.2545357 2.2545357 4.0930737 2.3539193 2.2201555 2.3656108 2.3329529 3.4539959 1.9403084 2.3268030 2.0494309 2.0532211 2.2094785 2.1059352 2.1077839 2.0946920 2.2101090 2.8791949 1.7386666 1.7813582 3.4566504 3.1563440 2.0358563 1.9798847 1.9600836 1.9600836 2.1662210 2.4570754 1.9278128 1.7510012 2.5087416 2.0570041 1.7744975 1.8564837 2.2094750 2.2870850 2.3008544 2.1872952 2.1142698 1.5848881 2.8073213 1.8347085 1.8308264 2.7569012 2.2320007 3.8802350 
Pocdam_XM_027180027.1                              2.3242595 2.0874738 2.4075134 2.0760011 1.5451340 1.5781689 1.5670806 1.5728758 0.8069801 1.0187219 1.5803498 1.8348146 0.2471938 0.0765642 0.0000000 0.5874160 0.2577281 0.2172934 0.0654415 0.7734676 0.5733904 0.8156951 1.7497372 2.0169205 2.0935193 2.2135766 1.7862963 1.9063361 1.6614197 2.3577804 2.0559143 2.1020546 2.3663087 2.3849955 2.3849955 4.4442924 2.2622587 2.1987160 2.3133435 2.3065306 3.4474783 1.9124119 2.3002935 2.1463959 2.1529625 2.3197213 2.0842512 2.0855833 2.1462980 2.2363895 2.8913727 1.8127803 1.8428285 3.9128113 3.5721851 2.2645384 2.1263102 2.0971750 2.0971750 2.3249004 2.4774612 1.8428595 1.7707770 2.3589758 2.0764403 1.7495258 1.8044412 2.1667746 2.2441388 2.3740817 2.2944946 2.1989932 1.5719221 2.8613088 1.8524717 1.8486585 2.6607713 2.2765867 3.7863671 
Amil_Amillepora06590-RA                            2.9513835 2.8351575 2.6001397 2.6250125 2.7600606 2.0571872 2.0123021 1.8045234 0.8142565 1.1417186 1.9143986 2.3776140 1.1889835 0.5793630 0.5874160 0.0000000 0.4476010 0.3189624 0.0376792 1.0248100 0.5568095 1.2319104 2.5421995 2.6067380 2.2968607 2.8649126 2.2972805 2.2228975 2.3388097 2.4995713 2.0642736 2.4823433 3.4487622 2.4919434 2.4919434 3.9891530 3.3518695 2.6063892 3.6687942 2.9207927 4.0691957 1.8862226 3.4599202 2.5648642 2.5872818 2.8285860 2.3639189 2.3731511 2.3259942 2.6910550 4.0497674 2.2153609 2.2925299 4.4653485 4.5311073 2.9898435 2.2861447 2.2098087 2.2098087 2.3486075 2.6455323 2.1661622 2.1439470 2.9227513 2.3618312 2.3258843 2.2850729 2.2659411 2.5534680 3.1524535 3.0305343 2.9042214 3.6054831 3.8048733 2.2301106 2.2423643 3.0702071 2.5261071 4.8210360 
Gfas_gfas1.m1.2446.m1                              2.3668128 2.1717038 2.3578315 2.2275050 1.4049029 1.5401161 1.6313609 1.5606846 0.7950182 1.1533425 1.4371458 1.7443390 0.3176718 0.2510915 0.2577281 0.4476010 0.0000000 0.2561855 0.0374971 0.7803627 0.4461849 0.8321607 1.8670260 2.0378663 2.0650965 2.2878470 1.8030024 1.7790692 1.7186091 2.2723068 1.9261441 2.0799426 2.1018094 2.1436202 2.1436202 3.8498553 2.1876738 2.1317646 2.1956416 2.2385289 3.4201134 1.8145755 2.2780207 2.1691443 2.1630386 2.3338907 2.1075897 2.0963641 2.0766626 2.3127785 2.9036113 1.8289434 1.9114073 3.2827683 3.0056596 1.9466905 1.9315617 1.8826900 1.8826900 2.0553502 2.3825123 1.8624466 1.6886660 2.8126491 1.8757839 1.8230116 1.7680273 2.1923878 2.2466835 2.4879770 2.2772754 2.1076440 1.4654850 2.8721919 1.8937342 1.8769455 2.7186607 2.1145994 3.6472084 
Fspp_ffun1.m4.17141.m1                             2.2411948 1.9848235 2.4686104 2.2495740 2.8046254 1.6636180 1.6516731 1.6457553 0.8025673 0.7480829 1.4206439 2.0127426 0.2994582 0.2206101 0.2172934 0.3189624 0.2561855 0.0000000 0.0249135 0.8152572 0.7386353 0.9718460 2.0265981 1.9816093 1.9360465 2.1185258 1.8239825 1.8966925 1.6910199 2.4349071 2.2474365 2.1788254 3.3028023 2.2021428 2.2021428 3.5600444 3.4104333 2.2822159 3.4382251 2.4807491 3.3113575 1.6001855 3.7125611 2.0686320 2.0579054 2.2662113 2.1395844 2.1257034 1.9436044 2.2042907 3.6192618 1.8188873 1.8946683 4.2428085 4.2428085 2.9787264 2.1438955 2.0859770 2.0859770 2.2749842 2.5049942 1.8321400 1.6539046 2.6636177 1.8582011 2.0042094 2.1114784 2.4955209 2.2958852 2.4506265 2.5803371 2.3689018 2.1718539 3.2016609 1.8593943 1.8544936 3.1192897 2.1650220 4.0615118 
Gasp_gasp1.m3.16175.m1                             1.5127030 1.3217421 1.1961661 1.1661111 0.0000010 0.7186318 0.7510623 0.6617823 0.8217871 0.7404805 0.7093903 0.6620473 0.0000010 0.0654415 0.0654415 0.0376792 0.0374971 0.0249135 0.0000000 0.2968793 2.3295503 0.5661984 1.1695545 1.1239652 0.7499548 1.0311996 0.9557345 0.9567804 0.9243632 1.4965710 2.7787457 1.3535148 0.0000010 1.1983075 1.1983075 0.0000010 0.0000010 1.2316922 0.0000010 0.6425760 0.0000010 1.2316922 0.0000010 1.1663375 1.0979768 1.5113454 1.1985394 1.1015069 1.1946651 1.3973438 6.7821820 1.1724786 1.1392747 0.0000010 0.0000010 0.0000010 1.1509167 1.1509167 1.1178542 1.2040625 1.2428495 0.8574075 0.8944688 0.0000010 1.1192627 1.1979174 1.0479741 0.3709070 1.1942734 1.4390655 1.3416278 1.1709579 0.0000010 2.5413562 1.1958601 1.1958601 3.6163377 1.3046342 3.5711888 
Nvec_v1g38704                                      2.6720093 2.5381355 2.5914481 2.4315649 1.4062595 1.6580760 1.7437309 1.6328808 0.8317558 1.1607021 1.7454411 1.7109483 1.0532481 0.7710234 0.7734676 1.0248100 0.7803627 0.8152572 0.2968793 0.0000000 1.2264261 0.6731930 2.0166425 2.1876552 2.1904006 2.0990725 2.0826701 2.0899651 1.8859573 2.0398290 1.8874189 2.0131388 2.6660796 2.4818545 2.4818545 4.9542187 2.6893835 2.3909864 2.5935628 2.6326175 4.6453408 1.8062138 2.6415153 2.4172588 2.4491890 2.6392927 2.3868600 2.4163102 2.2948151 2.4317193 3.5823238 2.2278277 2.3286560 3.9381522 3.9754245 2.8897189 2.2751038 2.2786607 2.2816067 2.4399133 2.5603925 1.9070738 1.9687270 3.0689179 2.0848168 1.9670433 1.9849170 2.2196288 2.5689673 2.4690777 2.4627559 2.3138381 2.0476770 2.8753773 2.2793583 2.2125420 3.4522702 2.5977785 5.0964106 
Adig_XM_015910252.1                                2.2313920 2.0278660 2.4730166 2.5492624 1.3678069 1.8731166 2.0282936 2.0030451 3.7315582 3.3302473 1.9506879 2.5571118 0.4378548 0.5398469 0.5733904 0.5568095 0.4461849 0.7386353 2.3295503 1.2264261 0.0000000 1.1640414 2.4729186 2.5781031 2.6503986 2.9413540 1.8184161 1.8848974 1.7192272 2.7066481 1.8672250 2.4116876 2.1782574 2.6346843 2.6346843 4.3134863 2.2767816 2.4215620 2.3179075 2.4093292 2.5695273 2.0452329 2.3997852 2.7534432 2.7534432 2.7872496 2.4996007 2.4996007 2.1302886 2.6057244 2.4879524 2.3463108 2.4872062 2.1187026 2.0475601 2.2172933 2.1704956 2.0637068 2.0637068 2.1004655 2.7686931 2.1546715 2.1145720 2.7491728 2.0918708 1.6465493 1.9298521 2.5821514 2.6126922 3.1031642 2.6467803 2.7857614 1.7410103 2.6661293 2.1464037 2.1626998 2.4196497 2.2945337 3.6393955 
Exapal_XM_021049861.1                              2.5403408 2.4819257 2.2675102 2.1713064 1.5583236 1.6709699 1.8986736 1.4928761 0.9728017 1.3063119 1.6179020 2.0478168 0.9909382 0.8373074 0.8156951 1.2319104 0.8321607 0.9718460 0.5661984 0.6731930 1.1640414 0.0000000 2.1380454 2.0284510 2.1407180 2.2840919 1.9475489 1.9247206 1.9455282 2.2176479 2.0269741 2.3266159 2.3884887 2.1670492 2.1670492 3.8389220 2.4798718 2.2570111 2.4941128 2.5112936 4.0764989 1.7162936 2.3208060 2.1535872 2.2061197 2.3146877 2.1986817 2.2278304 2.0443173 2.4711542 2.9570423 1.9707360 1.9193608 4.4832266 4.3659209 2.8329518 2.2547533 2.2264322 2.2038207 2.4307349 2.4363000 2.0398928 1.7292693 2.9121355 2.2728302 1.9903392 2.0125779 2.0009814 2.4759508 2.5231580 2.5813054 2.4781179 2.1895069 2.9151016 2.0560126 2.0061464 3.7012574 2.3444131 4.4544335 
Hsap_ENST00000359707                               2.6142282 2.4560937 2.7937934 2.6274234 0.9208080 1.2239708 1.2523418 1.3330565 0.6723391 1.2655338 1.1311450 1.4606762 2.3757938 1.7987256 1.7497372 2.5421995 1.8670260 2.0265981 1.1695545 2.0166425 2.4729186 2.1380454 0.0000000 0.5178782 1.9619683 2.0871582 2.0804810 2.1338627 1.8991529 2.6128329 2.4968924 2.3032394 2.2217432 2.3864620 2.3864620 4.7762654 2.3310118 2.1227860 2.3212130 2.2311070 3.2464719 1.4877169 2.2554809 2.1627330 2.1522405 2.3212757 2.1082236 2.0947470 2.2020956 2.6160395 2.9193945 1.9097320 1.9530266 3.1803197 2.9405940 2.9810317 2.0057047 1.9825579 1.9831163 2.1094586 2.5553737 1.9574772 2.1406448 2.3416251 1.7132027 2.4513197 2.5612053 1.5280890 2.8120631 2.4416132 2.2204152 2.3087924 2.0127129 2.9872147 2.2508500 2.1978297 4.2881831 2.5652129 4.2896580 
Hsap_ENST00000677105                               2.9889125 2.6846675 2.7467215 2.8229735 1.1859512 1.3516744 1.4870739 1.4592876 0.7182690 1.2472557 1.1645237 1.6499856 2.3243575 1.9302163 2.0169205 2.6067380 2.0378663 1.9816093 1.1239652 2.1876552 2.5781031 2.0284510 0.5178782 0.0000000 2.1475417 2.2169659 2.1896375 2.2211305 2.0035682 2.9069300 2.8703116 2.5361455 2.0304538 2.3897555 2.3897555 5.5717219 2.4025159 2.2721305 2.4032472 2.4995162 4.1978433 1.5463624 2.2252561 2.1139906 2.1029575 2.2642202 2.0405557 2.0208934 2.1799692 2.6110944 2.8613905 1.8699246 1.8681604 3.1854134 3.0324495 2.8299963 2.0293045 2.0139602 2.0147629 2.1527185 2.5253623 2.1361922 2.4487377 2.7163837 1.6927095 2.5541613 2.5914843 1.7109015 2.8319426 2.4567929 2.5047703 2.5825797 2.2621437 3.0213000 2.1706556 2.1306359 3.8390420 2.4244558 5.2859118 
Tcas_TC000929_001                                  2.8233211 2.4732426 2.5909445 2.6973648 1.7606961 1.6403232 1.7142574 1.7068494 0.5740724 1.0686416 1.7224553 1.8226929 2.9391352 2.1123924 2.0935193 2.2968607 2.0650965 1.9360465 0.7499548 2.1904006 2.6503986 2.1407180 1.9619683 2.1475417 0.0000000 1.7496724 2.1232873 2.2385308 2.1044482 2.4820834 2.4402997 2.5826992 2.2628368 2.2396885 2.2396885 3.8344038 2.9008899 2.3863120 2.7139226 2.5358090 3.6513971 1.5654608 2.7600760 2.7171549 2.7219340 2.9478167 2.4709147 2.4719604 2.3134792 2.9168853 3.5239403 2.3405607 2.4082985 4.2451787 3.9047719 3.2373306 2.2587837 2.2088072 2.2088072 2.4030817 2.5253646 2.3309756 2.7329701 3.0858640 1.7081421 2.3404615 2.5279451 2.0129420 2.7021154 2.4456433 2.5726376 2.5786609 2.1047435 3.3210362 2.3026376 2.2597530 3.7640977 2.7039595 4.0426629 
Dpul_mRNA3660                                      2.5351750 2.4858188 2.6937864 2.9603890 1.8205572 1.6463647 1.6448455 1.7956135 0.7296441 1.0627791 1.7198549 2.2086068 3.0338238 2.1679739 2.2135766 2.8649126 2.2878470 2.1185258 1.0311996 2.0990725 2.9413540 2.2840919 2.0871582 2.2169659 1.7496724 0.0000000 2.4921197 2.5901464 2.4793836 2.4026494 3.1444083 2.5516358 2.7991411 2.4433882 2.4433882 4.1345629 3.3366399 2.4405949 3.0303279 2.6863989 3.6493635 1.5973985 3.0303633 2.3632650 2.3783454 2.5689239 2.4541853 2.4712105 2.4238121 2.6647414 3.5788403 2.3452616 2.3512505 4.6074679 4.2322361 3.6003059 2.4900302 2.4483278 2.4529064 2.7122643 2.8409118 2.3436088 2.5650314 2.9802978 1.9124904 2.5190901 2.6151908 1.9634210 2.7903600 2.8464922 2.8011086 2.8130251 1.9133532 3.0682335 2.5274686 2.4732790 4.4016108 3.0798691 5.2501759 
Nemnom_g16310.t1                                   2.6511836 2.5014013 2.6698368 2.1843279 1.4108821 1.7405767 2.1163303 1.6863122 1.1983765 1.6881045 1.7958888 2.1576416 1.9878881 1.8381947 1.7862963 2.2972805 1.8030024 1.8239825 0.9557345 2.0826701 1.8184161 1.9475489 2.0804810 2.1896375 2.1232873 2.4921197 0.0000000 0.1772323 0.8009539 2.5102880 2.2263689 2.0557737 2.6184528 2.3185614 2.3185614 3.5943748 2.6748574 2.3986314 2.6564184 2.6159841 3.8431662 1.7686989 2.5987183 2.2465217 2.2816273 2.4019568 2.2436543 2.2607403 2.2374531 2.4339993 3.0131778 1.9798821 2.0393639 2.9860995 3.0627939 2.5599476 2.0720800 2.0397526 2.0407183 2.1131351 2.4885389 1.3705321 1.7163429 2.3530051 2.3396522 2.2407038 2.1511322 2.2224424 2.5173157 2.6356406 2.3619590 2.2928456 2.0218692 2.7447155 2.1437564 2.1122344 3.0948066 2.3858073 4.6455582 
Rhoesc_Res_000044-T1                               2.8017265 2.4456841 2.7410923 2.2493388 1.3832954 1.8233040 2.1734393 1.7330208 1.1594104 1.8227947 1.7822040 2.2416709 2.2078451 1.9193564 1.9063361 2.2228975 1.7790692 1.8966925 0.9567804 2.0899651 1.8848974 1.9247206 2.1338627 2.2211305 2.2385308 2.5901464 0.1772323 0.0000000 0.7939939 2.4953924 2.1071169 1.9843688 2.4689112 2.2817228 2.2817228 3.6236105 2.6168631 2.3400636 2.5308768 2.5643995 3.9673252 1.7606333 2.4582842 2.2036242 2.2228971 2.3556266 2.1866215 2.1880695 2.2505783 2.4433043 2.9751947 1.9484432 1.9908920 2.9313346 2.9302160 2.5439392 2.0087404 1.9759793 1.9764585 2.0735760 2.4772079 1.3980382 1.6863964 2.3704855 2.2624438 2.3601773 2.1596322 2.1794172 2.5217220 2.7031720 2.5403407 2.3775456 2.1246055 2.7699540 2.2477359 2.2164707 3.0057626 2.4705817 4.7847652 
Sanmal_Sma_010749-T1                               2.3926726 2.2198634 2.4762508 2.4165211 1.4460078 1.8031451 2.1556520 1.7158040 1.1401503 1.6616151 1.7438151 2.1590814 1.8737527 1.7462642 1.6614197 2.3388097 1.7186091 1.6910199 0.9243632 1.8859573 1.7192272 1.9455282 1.8991529 2.0035682 2.1044482 2.4793836 0.8009539 0.7939939 0.0000000 2.1301031 1.8336170 1.9234251 2.1158313 2.1228761 2.1228761 3.5578840 2.3452363 2.2475154 2.2797693 2.5253243 3.9622497 1.8820345 1.9879962 1.9767767 2.0146924 2.1242513 1.9571208 1.9805939 2.3210270 2.4506825 2.7064129 1.7654269 1.8375015 3.3286091 3.1118151 2.4729237 2.1229573 2.0998609 2.1012943 2.3623591 2.2673483 1.3594430 1.5797318 2.3545835 2.1616752 2.2465220 2.2694112 2.2664388 2.1644598 2.3926205 2.2582788 2.2325186 1.6958287 2.5331458 2.0562414 2.0305905 2.6703894 2.4897275 4.7197549 
Aque_Aqu2.1.41570_001                              1.8412655 1.7222488 1.7623622 2.0412067 1.5962598 2.2491758 2.3871154 1.8981516 1.3782925 1.9532173 2.1879699 2.3973898 2.6049826 2.4284434 2.3577804 2.4995713 2.2723068 2.4349071 1.4965710 2.0398290 2.7066481 2.2176479 2.6128329 2.9069300 2.4820834 2.4026494 2.5102880 2.4953924 2.1301031 0.0000000 0.7703203 0.7639345 1.9678193 2.3408724 2.3408724 4.2849277 2.3014332 2.4520272 2.2572358 2.6505777 4.3482532 1.8170468 1.8124707 2.2755420 2.3070078 2.3512428 2.4170293 2.4340638 2.0426824 2.5205803 3.4693255 2.2014240 2.2431439 2.8840947 2.9274924 2.4648863 2.1711216 2.1071758 2.1071758 2.1625532 2.4161633 2.3699547 2.7048384 3.3560765 2.5877312 2.7484991 2.7904821 1.9908809 2.2767653 2.4316342 2.6104256 2.4796796 1.6242616 3.0918369 2.5201282 2.4830877 2.2791182 2.4973983 4.6618069 
Halamb_c20209_g1_i1m.3602                          1.8268991 1.9504382 1.9019968 1.9320274 1.7552688 2.1914018 2.2732004 1.8565091 4.8057880 8.4866411 2.1410483 2.4255544 1.9941487 2.2279465 2.0559143 2.0642736 1.9261441 2.2474365 2.7787457 1.8874189 1.8672250 2.0269741 2.4968924 2.8703116 2.4402997 3.1444083 2.2263689 2.1071169 1.8336170 0.7703203 0.0000000 0.7013542 1.7586067 1.9780153 1.9780153 9.0000000 1.8020643 1.8663204 1.8020643 1.8020643 0.0000010 2.1254000 1.7120398 1.8641102 1.8641102 1.8641102 1.8093782 1.8093782 1.7081661 1.9593489 2.1032707 1.9198333 1.9040364 1.9004404 2.0558663 2.1322574 2.2063959 2.1302540 2.1302540 2.0283830 1.9440459 2.2605568 2.8699534 2.1672205 2.3933454 2.3732334 2.4367759 1.6303550 2.4101349 2.1366975 2.9754712 2.8029663 2.3281494 3.1128505 2.4574758 2.4574758 1.3437288 1.9570102 3.5291494 
Halamb_c52232_g2_i1m.32502                         1.5883298 1.6070014 1.8200621 1.9351090 1.3876666 2.2733406 1.9756971 2.0134449 1.4247858 1.6981440 2.3730669 2.2023422 2.7992477 2.0949007 2.1020546 2.4823433 2.0799426 2.1788254 1.3535148 2.0131388 2.4116876 2.3266159 2.3032394 2.5361455 2.5826992 2.5516358 2.0557737 1.9843688 1.9234251 0.7639345 0.7013542 0.0000000 1.8356420 2.3857276 2.3857276 5.1124888 2.1930537 2.4591742 2.0300045 2.6011305 5.0283254 2.1874396 1.9133354 2.4023648 2.3771508 2.4341510 2.3413444 2.2920603 2.2581663 2.5980651 3.1855990 2.0417987 2.0656832 3.2352372 3.1875183 2.5555643 2.3126205 2.2527446 2.2527446 2.3311643 2.7454512 2.0499496 2.4103807 3.0147454 2.5431504 2.9000396 2.5899961 1.7506841 2.1312863 2.3665013 2.6832117 2.6312994 2.0877346 3.4026656 2.1694824 2.1390059 2.2451243 2.2855665 4.2576446 
Coeast_Cast_sb765262                               2.6887425 2.3522357 2.4751250 2.8836855 2.3562722 2.2410747 2.1821205 1.8749558 0.0000010 2.4525571 2.1581733 2.8066239 2.3009045 2.2061433 2.3663087 3.4487622 2.1018094 3.3028023 0.0000010 2.6660796 2.1782574 2.3884887 2.2217432 2.0304538 2.2628368 2.7991411 2.6184528 2.4689112 2.1158313 1.9678193 1.7586067 1.8356420 0.0000000 0.0000010 0.0000010 0.0000010 0.4088949 0.4073819 0.3940703 0.3940703 0.0000010 0.6257249 0.2715102 0.2715102 0.2715102 0.2715102 0.2647496 0.2647496 0.4579689 0.7990397 0.5367939 0.9865431 1.0758814 0.7002055 0.5858821 0.5982030 0.5905304 0.5858821 0.5858821 0.7002055 0.6857959 2.6327392 3.0974622 3.1066296 2.1679807 2.0066501 2.1804603 2.7105734 2.2724444 2.1498596 2.3255169 2.4491209 1.7190446 2.3703527 2.5966562 2.5966562 2.3004098 2.2769294 3.7902374 
Bolinf_Binf_sb1216160                              2.5946816 2.3799470 2.7194592 2.6990151 2.3873114 1.7799525 1.8842911 1.7300321 1.0145072 1.5575490 2.0677120 2.5978323 2.8188985 2.2545357 2.3849955 2.4919434 2.1436202 2.2021428 1.1983075 2.4818545 2.6346843 2.1670492 2.3864620 2.3897555 2.2396885 2.4433882 2.3185614 2.2817228 2.1228761 2.3408724 1.9780153 2.3857276 0.0000010 0.0000000 0.0000010 0.0000010 0.4480552 0.4159972 0.4313544 0.5012388 0.8533365 0.3073023 0.2802187 0.3411828 0.3519722 0.3699528 0.3350533 0.3461156 0.4528045 0.6992455 0.9076741 0.8168605 0.8226812 1.2272789 1.0444966 0.6858712 0.6224897 0.6118167 0.6177344 0.7680697 0.7827281 2.4323847 2.3115452 4.1636357 2.3731763 2.6021456 2.5596457 2.5613767 2.4925620 2.1375661 2.3863694 2.5306951 1.7190446 2.6355137 2.1466705 2.0949576 3.6742210 2.6273623 4.4801892 
Mertsp_Mesp_sb567737                               2.5946816 2.3799470 2.7194592 2.6990151 2.3873114 1.7799525 1.8842911 1.7300321 1.0145072 1.5575490 2.0677120 2.5978323 2.8188985 2.2545357 2.3849955 2.4919434 2.1436202 2.2021428 1.1983075 2.4818545 2.6346843 2.1670492 2.3864620 2.3897555 2.2396885 2.4433882 2.3185614 2.2817228 2.1228761 2.3408724 1.9780153 2.3857276 0.0000010 0.0000010 0.0000000 0.0000010 0.4480552 0.4159972 0.4313544 0.5012388 0.8533365 0.3073023 0.2802187 0.3411828 0.3519722 0.3699528 0.3350533 0.3461156 0.4528045 0.6992455 0.9076741 0.8168605 0.8226812 1.2272789 1.0444966 0.6858712 0.6224897 0.6118167 0.6177344 0.7680697 0.7827281 2.4323847 2.3115452 4.1636357 2.3731763 2.6021456 2.5596457 2.5613767 2.4925620 2.1375661 2.3863694 2.5306951 1.7190446 2.6355137 2.1466705 2.0949576 3.6742210 2.6273623 4.4801892 
Coeast_Cast_sb765263                               5.1060526 3.8558897 5.5744398 5.2780675 8.9999985 2.5798920 2.9602607 2.7220346 0.0000010 2.6255360 3.7618786 5.2225340 4.5408083 4.0930737 4.4442924 3.9891530 3.8498553 3.5600444 0.0000010 4.9542187 4.3134863 3.8389220 4.7762654 5.5717219 3.8344038 4.1345629 3.5943748 3.6236105 3.5578840 4.2849277 9.0000000 5.1124888 0.0000010 0.0000010 0.0000010 0.0000000 0.6065720 0.8165266 0.6560014 0.8165266 0.8533365 0.8085826 0.4413535 0.7377855 0.7377855 0.7377855 0.7252888 0.7241082 0.8982320 1.3621614 1.5397241 1.8125031 1.6789437 2.0503381 2.0503381 0.9997323 1.3707457 1.3245622 1.3245622 1.3245622 1.7423308 3.7622773 3.0555294 5.2703048 4.2508315 4.6678431 4.5073146 4.3592486 5.7732739 3.4979358 4.7105977 5.3338407 0.0000010 4.0749514 3.1280743 2.9425457 6.6177933 5.6945258 7.3947303 
Mertsp_Mesp_sb533859                               2.8968458 2.3888408 3.1671265 3.4450504 2.4330371 2.3526885 2.2411345 2.3069932 0.0000010 5.9925090 2.1360930 2.7907443 2.3483901 2.3539193 2.2622587 3.3518695 2.1876738 3.4104333 0.0000010 2.6893835 2.2767816 2.4798718 2.3310118 2.4025159 2.9008899 3.3366399 2.6748574 2.6168631 2.3452363 2.3014332 1.8020643 2.1930537 0.4088949 0.4480552 0.4480552 0.6065720 0.0000000 0.0000010 0.0060001 0.0056818 0.0000010 1.4740755 0.3529051 0.4107234 0.4107234 0.4107234 0.3363708 0.3363708 0.6891453 0.7635034 0.5987292 1.2335348 1.2995202 0.8296655 0.7452377 0.7739939 0.7739939 0.7452377 0.7452377 0.8296655 1.0231423 2.8071973 2.4240980 3.3321352 2.7698170 2.4642554 2.5661953 3.1797102 2.4286051 2.1851162 2.6142613 2.6490197 1.7941324 2.6364170 2.3893532 2.3893532 2.3492526 2.1989569 3.4939724 
Beraby_Baby_sb343549                               2.5642145 2.4867141 2.7248104 2.7716038 2.4216899 1.8697128 1.7697455 1.8201453 0.8975107 1.6096995 1.8142548 2.3494697 2.5404170 2.2201555 2.1987160 2.6063892 2.1317646 2.2822159 1.2316922 2.3909864 2.4215620 2.2570111 2.1227860 2.2721305 2.3863120 2.4405949 2.3986314 2.3400636 2.2475154 2.4520272 1.8663204 2.4591742 0.4073819 0.4159972 0.4159972 0.8165266 0.0000010 0.0000000 0.0055698 0.0026868 0.0000010 0.0155648 0.3433767 0.3627225 0.3739980 0.3923176 0.2972501 0.3064469 0.5812375 0.7110595 0.9766553 0.8244787 0.8484364 1.3759453 1.1785765 0.7446791 0.6975344 0.6833634 0.6902140 0.8570513 0.9401974 2.6647026 2.1179394 4.2853928 2.6217828 2.6220150 2.7272300 2.5555598 2.5969769 2.2534019 2.5913018 2.5690631 1.7807960 2.7856476 2.0134404 1.9910509 3.9539241 2.3163783 4.0888254 
Drygla_Dgla_sb273008                               2.5122447 2.1689466 2.8220434 3.1160809 2.4201515 2.4340530 2.2934340 2.2669017 0.0000010 5.9925090 2.1990029 2.6918437 2.3694145 2.3656108 2.3133435 3.6687942 2.1956416 3.4382251 0.0000010 2.5935628 2.3179075 2.4941128 2.3212130 2.4032472 2.7139226 3.0303279 2.6564184 2.5308768 2.2797693 2.2572358 1.8020643 2.0300045 0.3940703 0.4313544 0.4313544 0.6560014 0.0060001 0.0055698 0.0000000 0.0000010 0.0000010 1.4740755 0.3443980 0.4061265 0.4061265 0.4061265 0.3422074 0.3422074 0.6475827 0.8338901 0.6379147 1.2329237 1.3590575 0.8497358 0.7470506 0.7849689 0.7757387 0.7470506 0.7470506 0.8497358 0.9895837 2.5906249 2.4349170 3.3700234 2.6257281 2.4478208 2.5338581 3.0432499 2.5123566 2.3803539 2.8321229 2.7231835 1.7807960 2.7494679 2.4679539 2.4679539 2.3492526 2.2574627 3.5849301 
Bolinf_Binf_sb1224904                              2.8885780 2.6592396 3.0134271 3.2684270 2.4216899 2.0356134 1.9269093 1.9311939 0.6225839 1.6802144 1.9075733 2.5548066 2.5404170 2.3329529 2.3065306 2.9207927 2.2385289 2.4807491 0.6425760 2.6326175 2.4093292 2.5112936 2.2311070 2.4995162 2.5358090 2.6863989 2.6159841 2.5643995 2.5253243 2.6505777 1.8020643 2.6011305 0.3940703 0.5012388 0.5012388 0.8165266 0.0056818 0.0026868 0.0000010 0.0000000 0.0000010 0.0221077 0.3443980 0.4347011 0.4347011 0.4347011 0.3503415 0.3495422 0.7095669 0.8587875 0.9349390 1.0406317 1.0594077 1.3759453 1.2011462 0.7651254 0.8701667 0.8503787 0.8503787 0.9116855 1.1574743 2.8706812 2.2099990 4.2853928 2.9948211 2.6307156 2.8128216 2.6630921 3.0812946 2.4970732 2.9516503 2.9709564 1.7807960 3.0616205 2.2747991 2.2496139 3.9408273 2.5617606 3.8604454 
Drygla_Dgla_sb279665                               4.9419735 4.9425698 4.7585724 5.2842663 3.5984729 2.5766437 2.3169860 2.5147540 0.0000010 2.2959568 2.5290538 3.7612275 3.0183261 3.4539959 3.4474783 4.0691957 3.4201134 3.3113575 0.0000010 4.6453408 2.5695273 4.0764989 3.2464719 4.1978433 3.6513971 3.6493635 3.8431662 3.9673252 3.9622497 4.3482532 0.0000010 5.0283254 0.0000010 0.8533365 0.8533365 0.8533365 0.0000010 0.0000010 0.0000010 0.0000010 0.0000000 0.0107893 0.0000010 0.6966316 0.6966316 0.6966316 0.5277199 0.5257259 1.1482944 1.3101516 2.1366342 1.4698661 1.3363381 2.6653024 2.6653024 0.6521634 1.5333344 1.5162218 1.5162218 1.5162218 2.0718136 4.9469780 2.7384193 5.5981443 4.6240782 3.7261315 4.4314623 3.9420093 6.7676233 3.7128699 4.9318587 5.5223318 0.0000010 4.0284005 2.6880786 2.6236830 8.9999984 3.9683808 5.6914759 
Beraby_Baby_sb343550                               1.9702941 2.1965085 2.1293534 1.9197433 2.5480327 1.2567513 1.3582856 1.1563906 0.8975107 1.4906687 1.3394206 1.5937002 4.8737743 1.9403084 1.9124119 1.8862226 1.8145755 1.6001855 1.2316922 1.8062138 2.0452329 1.7162936 1.4877169 1.5463624 1.5654608 1.5973985 1.7686989 1.7606333 1.8820345 1.8170468 2.1254000 2.1874396 0.6257249 0.3073023 0.3073023 0.8085826 1.4740755 0.0155648 1.4740755 0.0221077 0.0107893 0.0000000 0.6257249 0.2891062 0.3087157 0.3456713 0.2093824 0.2235627 0.4319301 0.5602282 3.5107779 0.4341339 0.4033991 4.3283559 4.3283559 1.6367517 0.5776715 0.5733277 0.5844854 0.7865226 0.7263347 1.9816138 1.8899352 7.0058103 1.9125443 2.4765593 2.3420953 1.4201512 2.1028319 1.8783998 2.0829239 1.8848018 2.2554541 2.7323488 1.4319695 1.4319695 7.3137605 1.9275339 4.4251532 
Mertsp_Mesp_sb559776                               2.7723073 2.4532313 2.5601720 2.5799190 2.2066135 2.4221039 2.0889250 2.1208956 0.0000010 2.4525571 2.0705152 2.5454181 2.4403043 2.3268030 2.3002935 3.4599202 2.2780207 3.7125611 0.0000010 2.6415153 2.3997852 2.3208060 2.2554809 2.2252561 2.7600760 3.0303633 2.5987183 2.4582842 1.9879962 1.8124707 1.7120398 1.9133354 0.2715102 0.2802187 0.2802187 0.4413535 0.3529051 0.3433767 0.3443980 0.3443980 0.0000010 0.6257249 0.0000000 0.0200144 0.0200144 0.0200144 0.1303455 0.1303455 0.4482097 0.7582434 0.5778547 1.0357759 1.1398090 0.7709349 0.6726693 0.6865196 0.6776296 0.6726693 0.6726693 0.7709349 0.7752303 2.3523269 2.5402118 2.9973032 2.1028177 2.1748727 2.2560711 2.5051717 2.2354725 2.3859800 2.4251960 2.4492630 1.5771951 2.3002682 2.4088257 2.4088257 2.3033264 2.2713196 3.7180260 
Bolinf_Binf_sb1218259                              2.4787927 2.4829269 2.5150460 2.6295523 2.2236239 1.8909321 1.7636386 1.7846906 0.9178773 1.5031430 1.8488418 2.4371925 2.6278279 2.0494309 2.1463959 2.5648642 2.1691443 2.0686320 1.1663375 2.4172588 2.7534432 2.1535872 2.1627330 2.1139906 2.7171549 2.3632650 2.2465217 2.2036242 1.9767767 2.2755420 1.8641102 2.4023648 0.2715102 0.3411828 0.3411828 0.7377855 0.4107234 0.3627225 0.4061265 0.4347011 0.6966316 0.2891062 0.0200144 0.0000000 0.0000010 0.0050283 0.1667548 0.1669604 0.4900327 0.6586051 0.8043514 0.7191104 0.7113200 1.1627001 1.0244144 0.6902948 0.6143604 0.6120578 0.6120578 0.7463578 0.8324699 2.3466944 2.0427920 3.3170520 2.3457858 2.5962404 2.6533133 2.4668241 2.2859601 2.1414760 2.3016504 2.3454265 1.5771951 2.4857165 2.0189372 2.0076626 3.5015210 2.4008963 4.2780980 
Mertsp_Mesp_sb559774                               2.4552720 2.3972589 2.4631080 2.6257130 2.2236239 1.9305104 1.7973066 1.8206290 0.8993017 1.4831913 1.8762960 2.4474449 2.6278279 2.0532211 2.1529625 2.5872818 2.1630386 2.0579054 1.0979768 2.4491890 2.7534432 2.2061197 2.1522405 2.1029575 2.7219340 2.3783454 2.2816273 2.2228971 2.0146924 2.3070078 1.8641102 2.3771508 0.2715102 0.3519722 0.3519722 0.7377855 0.4107234 0.3739980 0.4061265 0.4347011 0.6966316 0.3087157 0.0200144 0.0000010 0.0000000 0.0000010 0.1712952 0.1675821 0.5079841 0.6839517 0.8043514 0.7435922 0.7352389 1.1627001 1.0244144 0.6902948 0.6386280 0.6363030 0.6363030 0.7463578 0.8597119 2.3636835 2.0108297 3.3170520 2.4137663 2.5445110 2.6261196 2.4668241 2.2890780 2.1259130 2.3038036 2.3695623 1.5771951 2.4859773 2.0227454 2.0112339 3.5015210 2.3176129 4.2780980 
Mertsp_Mesp_sb559775                               2.4852012 2.4548386 2.5326762 2.7210729 2.2236239 2.0673704 1.9200928 1.9507046 1.2319827 1.7264280 2.0316536 2.6246400 2.6278279 2.2094785 2.3197213 2.8285860 2.3338907 2.2662113 1.5113454 2.6392927 2.7872496 2.3146877 2.3212757 2.2642202 2.9478167 2.5689239 2.4019568 2.3556266 2.1242513 2.3512428 1.8641102 2.4341510 0.2715102 0.3699528 0.3699528 0.7377855 0.4107234 0.3923176 0.4061265 0.4347011 0.6966316 0.3456713 0.0200144 0.0050283 0.0000010 0.0000000 0.1819994 0.1720061 0.5343101 0.7117816 0.8043514 0.7834164 0.7743290 1.1627001 1.0244144 0.6902948 0.6718848 0.6695799 0.6695799 0.7463578 0.9014000 2.4700836 2.1396093 3.3170520 2.6008195 2.7187533 2.8565048 2.4668241 2.4075105 2.2382251 2.4357415 2.4795445 1.5771951 2.5479426 2.1422028 2.1316368 3.5015210 2.5277454 4.2780980 
Mlei_ML1360.g16.i1                                 2.5225040 2.3984643 2.5840400 2.6848930 2.3146105 1.9097689 1.8255061 1.8118918 0.9590354 1.6055895 1.8524110 2.3053054 2.6094206 2.1059352 2.0842512 2.3639189 2.1075897 2.1395844 1.1985394 2.3868600 2.4996007 2.1986817 2.1082236 2.0405557 2.4709147 2.4541853 2.2436543 2.1866215 1.9571208 2.4170293 1.8093782 2.3413444 0.2647496 0.3350533 0.3350533 0.7252888 0.3363708 0.2972501 0.3422074 0.3503415 0.5277199 0.2093824 0.1303455 0.1667548 0.1712952 0.1819994 0.0000000 0.0024686 0.4859539 0.6407273 0.8266484 0.7409424 0.7585255 1.1799921 1.0111722 0.7150609 0.6178021 0.5943910 0.6002790 0.7462585 0.8202478 2.3464776 1.9988729 3.8117602 2.3692498 2.5110389 2.5680585 2.3082532 2.4201929 2.2536921 2.3356512 2.5117918 1.6853912 2.6239805 1.9846366 1.9727958 3.5581150 2.5042553 4.2251751 
