51
Lcom_lcpid190586                                   0.0000000 0.0229371 0.0000010 0.0129942 2.0008693 8.9999989 8.5150657 8.5150657 0.0000010 3.0167674 1.8264033 0.0000010 8.9999982 8.8785423 8.7630702 8.9999988 8.9999984 6.2754063 7.4126620 7.6954541 5.1529326 9.0000000 3.4579832 4.9311435 4.3068438 8.8036423 3.5558841 6.8821558 7.6116876 9.0000000 8.9999987 8.9999984 8.5284339 8.6080411 8.6080411 5.4855382 6.5209511 8.4700136 2.2285542 2.2285542 8.9999985 8.9999984 6.2852606 8.9999985 7.6877344 6.0901121 8.9999990 8.9999988 8.9999989 8.9999987 9.0000000 
Lcom_lcpid201336                                   0.0229371 0.0000000 0.0229371 0.0000010 1.9925833 8.9495344 8.4333984 8.4333984 0.0000010 2.8914649 1.8264033 0.0000010 8.9999990 8.1961776 8.0923546 8.9999988 8.9999981 6.0419628 6.5143075 7.4155408 5.1529326 9.0000000 3.4579832 4.9311435 4.3068438 7.9236608 3.5558841 6.6926558 7.9049429 9.0000000 8.9999986 8.9999989 8.5284339 8.3915231 8.3915231 5.6456144 6.5209511 8.9530748 2.2285542 2.2285542 8.9999985 8.9999984 6.0144728 8.9999989 7.6340773 6.3396590 8.9999988 8.9999982 8.9999986 8.9999985 9.0000000 
Lcom_lcpid189517                                   0.0000010 0.0229371 0.0000000 0.0114978 1.8119480 8.9999989 6.8429942 6.8429942 0.0000010 2.5628736 1.5109290 8.9999980 8.9999985 7.9128214 7.1242716 8.9999982 8.3284056 5.7141752 6.3081983 7.1255256 4.8951972 8.9999989 2.7376745 4.4953154 2.9960377 7.0962263 3.8970622 5.9230810 6.6514449 9.0000000 8.9999984 8.4383083 7.3354992 8.1201780 8.1201780 5.2318688 6.6907429 7.7937025 3.0531822 3.0531822 8.9999988 8.9999984 5.7670758 7.8062237 7.5216067 6.0901121 8.3193611 7.2551472 8.4158654 8.5655470 9.0000000 
Lcom_lcpid209184                                   0.0129942 0.0000010 0.0114978 0.0000000 1.4107452 6.9440997 5.0560505 5.0560505 0.0000010 1.7885402 1.3350273 8.9999980 7.7861356 6.6329474 5.5741519 8.9999986 6.9537873 4.6959308 5.2207739 6.2395275 4.4261570 8.9999989 2.2079073 3.9954906 2.7595789 6.0133863 3.4600502 5.2444691 5.4707667 8.9999988 7.1695736 6.0712134 6.6464383 6.0537217 6.0537217 4.7207687 6.4273755 6.4891533 3.7726136 3.7726136 7.6386972 8.9999986 5.0154064 6.2283116 6.6006408 5.6495398 5.0547912 4.3260429 7.6105325 8.0864814 9.0000000 
Leuniv_Lniv_scaffold11234_01                       2.0008693 1.9925833 1.8119480 1.4107452 0.0000000 8.5553655 4.2990284 4.2990284 0.9410657 1.3416975 1.0820854 2.2456137 3.0932612 3.1970648 2.8038135 4.1134211 4.4630725 3.1903806 2.3922802 3.6456575 1.8864190 1.7681351 1.5633645 2.1982401 2.0999284 2.9104684 2.5511189 3.1848715 2.9987414 2.7845308 3.3199685 3.1090455 2.4481726 3.2503274 3.2503274 3.1381566 2.7436319 2.9077139 2.4630038 2.4797994 4.3306067 8.9999989 2.9647201 3.6634549 3.9119165 4.1565771 2.5810949 3.7227764 5.0512499 3.1819186 8.8438227 
Opea_EP00118_Oscarella_pearsei_P007694             8.9999989 8.9495344 8.9999989 6.9440997 8.5553655 0.0000000 0.1360862 0.1360862 5.8162155 8.6974192 7.8147329 1.7006958 6.7044554 5.3194837 5.4819857 4.8116035 7.5565727 5.4716883 3.2966048 4.3115929 3.3282887 4.7736875 2.2529542 3.0210868 2.7970339 5.3238620 2.5430510 4.7676585 4.5709813 6.7407376 4.8546663 4.3291960 2.8453848 5.8285155 5.8285155 4.4889271 2.7989742 3.4920093 2.1571017 2.1571017 4.6220954 4.8470376 3.5682622 4.4921325 4.2874238 5.0829126 8.9999982 3.3522832 4.5536681 3.6079657 6.4293477 
Opea_EP00118_Oscarella_pearsei_P007693             8.5150657 8.4333984 6.8429942 5.0560505 4.2990284 0.1360862 0.0000000 0.0000010 2.0713391 3.6473305 2.7185959 2.5948997 2.9902649 3.0345765 3.1763631 3.9360294 3.3477857 3.2007660 2.7049937 2.8143594 2.3540480 2.5048949 1.8883749 2.8853770 2.6767545 2.7283114 2.4655017 2.7019960 2.6405119 2.9210842 2.9614818 2.9959751 2.5334670 3.2115233 3.2115233 2.7270978 2.1952248 2.6382675 2.4081196 2.7247170 3.3231153 4.8470376 2.6738777 2.8505459 3.2008672 3.5269457 3.2235882 2.7164635 3.6639022 2.4844048 4.7266576 
Ocar_g3013                                         8.5150657 8.4333984 6.8429942 5.0560505 4.2990284 0.1360862 0.0000010 0.0000000 2.1237443 3.7017575 2.7687568 2.5948997 2.9902649 3.0345765 3.1763631 3.9360294 3.4163456 3.2007660 2.7049937 2.8409941 2.3911083 2.5707837 1.9176034 2.9396831 2.6767545 2.7283114 2.4655017 2.7019960 2.6826991 2.9210842 2.9614818 2.9959751 2.5334670 3.2115233 3.2115233 2.7270978 2.1878116 2.6856318 2.3903916 2.6767159 3.2723420 4.8470376 2.7379722 2.8964879 3.2393784 3.5269457 3.2758933 2.7164635 3.6639022 2.5835051 4.7266576 
Lcom_lcpid143266                                   0.0000010 0.0000010 0.0000010 0.0000010 0.9410657 5.8162155 2.0713391 2.1237443 0.0000000 0.4106034 0.4936523 1.8017212 1.3291741 1.4219440 1.4606070 2.1430919 1.3805742 1.6514190 1.3787538 1.5943396 1.5064002 1.5032152 1.1891770 1.3903893 1.5282341 1.6566206 2.2498596 1.1079247 1.7844948 1.7541687 1.7895019 1.8857943 1.8891843 1.8459744 1.8459744 1.7931009 1.9768170 1.8180986 2.2579672 2.1018330 2.1723380 0.0000010 1.6988461 1.6346684 1.6992385 1.4379364 1.5346410 1.5899049 1.1835174 1.5110121 2.9122425 
Scil_scict004397.1                                 3.0167674 2.8914649 2.5628736 1.7885402 1.3416975 8.6974192 3.6473305 3.7017575 0.4106034 0.0000000 0.5522946 1.6241611 2.3023979 2.1125806 2.0133282 2.8696399 2.8911395 2.9222960 2.2946100 2.4174727 2.1439232 1.8036754 1.6238133 1.8233671 1.8496347 2.4156417 2.5952846 2.2230181 2.9389807 2.7227076 2.8594210 3.0127038 2.6776064 2.9804590 2.9804590 2.6271183 2.7352613 2.5814647 2.5588405 2.5518178 3.3911684 7.4670895 2.5760723 2.5899466 2.7281366 3.2864622 2.2102219 2.7232684 4.0269446 3.0131116 4.0990647 
Gracom_Gcom_scaffold1950_01                        1.8264033 1.8264033 1.5109290 1.3350273 1.0820854 7.8147329 2.7185959 2.7687568 0.4936523 0.5522946 0.0000000 1.8228655 1.9211873 2.0176727 1.9155986 2.6811201 2.5224315 2.4925563 2.0069561 2.3139251 1.8957904 1.8482575 1.6410999 2.0847586 2.0162433 2.0486615 2.9098627 1.9557846 1.9784722 2.7706321 2.7968534 2.6704875 2.7730210 2.7538332 2.7538332 2.0626085 2.2244414 2.4315794 2.4233605 2.2704044 2.4484795 4.0235598 2.0827599 2.3142464 2.3955635 2.7234916 2.1470338 2.3047465 3.1853237 2.3162096 3.7240231 
Fspp_ffun1.m4.26098.m1                             0.0000010 0.0000010 8.9999980 8.9999980 2.2456137 1.7006958 2.5948997 2.5948997 1.8017212 1.6241611 1.8228655 0.0000000 0.2002235 0.3061006 0.3202658 0.6668426 0.2912281 1.0240025 1.0764709 1.4268666 1.4487649 1.4402796 1.3350450 1.4960857 1.7070750 1.3266887 1.7067687 0.6871885 1.4697946 1.3560493 1.3560493 1.4170153 1.3937855 1.4594007 1.4594007 1.4493525 1.4726909 1.5536649 2.2317245 2.4633277 2.5124411 0.0000010 1.6324628 1.9016494 1.7373427 2.6402534 1.5492687 1.6629674 2.4738138 1.2357121 2.0243988 
Gasp_gasp1.m3.21400.m1                             8.9999982 8.9999990 8.9999985 7.7861356 3.0932612 6.7044554 2.9902649 2.9902649 1.3291741 2.3023979 1.9211873 0.2002235 0.0000000 0.5221641 0.6205549 1.1313109 0.6980038 1.1362846 1.3950538 2.0367172 1.5311889 1.4534241 1.3252618 1.6399119 1.6656403 1.9636435 1.8102342 1.5027748 2.2236697 1.6245410 1.9863284 1.9796699 1.6138159 2.2198391 2.2198391 2.2114684 2.1067298 2.4054003 1.8711838 2.0078395 3.0438071 8.3259039 2.3466189 2.5351045 3.3303910 4.2865006 1.7592302 1.8830570 4.9576614 2.3779607 2.2643528 
Pocdam_XM_027185094.1                              8.8785423 8.1961776 7.9128214 6.6329474 3.1970648 5.3194837 3.0345765 3.0345765 1.4219440 2.1125806 2.0176727 0.3061006 0.5221641 0.0000000 0.1871692 0.9873738 0.6504372 0.8647412 1.3690198 1.8919295 1.7031734 1.4823787 1.3042406 1.3908567 1.6552364 1.8688704 1.7194331 1.4793046 2.0305371 1.6238636 1.8772739 1.9493242 1.6447145 2.0779254 2.0779254 2.0508376 1.9702766 2.1181746 1.8550069 1.9903326 2.7585434 5.2404116 2.2847199 2.3148484 2.5543989 3.1663151 1.8362107 1.7742014 4.0533867 2.2912506 2.2802668 
Spis_XP_022790129_1                                8.7630702 8.0923546 7.1242716 5.5741519 2.8038135 5.4819857 3.1763631 3.1763631 1.4606070 2.0133282 1.9155986 0.3202658 0.6205549 0.1871692 0.0000000 1.1072401 0.7532284 0.9365308 1.4343435 1.9592334 1.6896376 1.4973527 1.3231916 1.4880837 1.6774107 1.7257692 1.8765230 1.5230426 2.0699170 1.5594800 1.7629983 1.7574923 1.4993424 1.9241977 1.9241977 2.1595214 1.8682312 2.1030029 1.7100220 1.8642563 2.7077113 6.1192809 2.3751757 2.3725741 2.6689816 3.1439849 1.8410562 1.8543791 4.2187291 2.2157485 2.2243490 
Adig_XM_015904700.1                                8.9999988 8.9999988 8.9999982 8.9999986 4.1134211 4.8116035 3.9360294 3.9360294 2.1430919 2.8696399 2.6811201 0.6668426 1.1313109 0.9873738 1.1072401 0.0000000 1.3108287 1.0226164 1.7139535 1.9479668 2.2978646 2.0937792 2.2084782 2.7531849 2.3989720 2.2665769 2.2473664 2.1546620 2.4508884 2.6979784 2.9086181 2.9491319 2.7990652 3.0309338 3.0309338 2.1310281 2.3587332 2.4983443 2.2752885 2.4395727 2.8667811 6.0051426 2.5698337 2.9041894 2.3303345 4.0243154 2.5748922 2.6908077 8.9999986 2.2756358 3.0034002 
Gfas_gfas1.m1.2934.m1                              8.9999984 8.9999981 8.3284056 6.9537873 4.4630725 7.5565727 3.3477857 3.4163456 1.3805742 2.8911395 2.5224315 0.2912281 0.6980038 0.6504372 0.7532284 1.3108287 0.0000000 0.7981409 1.6339222 2.0910743 2.0660917 1.4880941 1.3775700 1.8908696 1.9033990 2.5137122 1.9110605 1.5918125 2.6531158 1.7561988 2.0317532 2.0794840 1.7068742 2.1543198 2.1543198 2.5670276 2.3245455 2.7139490 1.5017414 1.6866936 3.0265279 8.9999986 2.5486684 2.5975177 3.4371926 4.3159376 1.8689071 2.1782469 4.4786172 2.4715441 2.0957759 
Amil_Amillepora00957-RA                            6.2754063 6.0419628 5.7141752 4.6959308 3.1903806 5.4716883 3.2007660 3.2007660 1.6514190 2.9222960 2.4925563 1.0240025 1.1362846 0.8647412 0.9365308 1.0226164 0.7981409 0.0000000 1.6846784 2.4148223 1.9433563 2.2405107 1.5838111 1.8042069 1.8133650 1.8764359 1.7606383 1.6823467 2.3606561 2.0485110 2.2156543 2.2051421 1.7955294 2.1625663 2.1625663 2.4269123 2.2478794 2.3601337 2.0304347 2.0665135 2.8604462 4.6764935 2.8099520 2.6129119 3.0531271 2.7447587 2.2611163 2.2116479 2.6288701 3.0984902 5.5097056 
Exapal_XM_021052656.2                              7.4126620 6.5143075 6.3081983 5.2207739 2.3922802 3.2966048 2.7049937 2.7049937 1.3787538 2.2946100 2.0069561 1.0764709 1.3950538 1.3690198 1.4343435 1.7139535 1.6339222 1.6846784 0.0000000 1.7740474 1.5401675 1.4623751 1.3948346 1.4207526 1.2285293 1.8143261 1.9797007 1.0733283 1.9599568 1.7595694 1.9671867 1.8859103 1.5816611 1.9723757 1.9723757 1.8937188 1.8632714 2.1157885 1.4268076 1.5181602 1.8915997 2.9513788 1.9120631 1.9567982 2.1301909 2.7002437 1.7347018 1.8506597 2.3832667 1.6703461 2.9350247 
Skow_XM_006812967.1                                7.6954541 7.4155408 7.1255256 6.2395275 3.6456575 4.3115929 2.8143594 2.8409941 1.5943396 2.4174727 2.3139251 1.4268666 2.0367172 1.8919295 1.9592334 1.9479668 2.0910743 2.4148223 1.7740474 0.0000000 1.6405823 1.8051764 1.2310225 1.5369614 1.5795646 1.7856166 1.5001915 1.9449422 2.1635064 2.0570920 2.3990596 2.2098526 1.9038429 2.2104478 2.2104478 1.7873324 1.6760194 2.1104149 1.4703782 1.6617608 2.2861674 4.3516174 2.1276929 2.0350983 2.3331717 2.5340822 1.7496778 1.8887947 3.9865730 2.1381913 3.1162071 
Sanmal_Sma_021554-T1                               5.1529326 5.1529326 4.8951972 4.4261570 1.8864190 3.3282887 2.3540480 2.3911083 1.5064002 2.1439232 1.8957904 1.4487649 1.5311889 1.7031734 1.6896376 2.2978646 2.0660917 1.9433563 1.5401675 1.6405823 0.0000000 1.1456816 0.9077516 1.3984361 1.3559666 1.7287871 1.9148463 1.3322113 2.0656092 1.8074576 1.8912934 1.9588624 1.9087262 1.9617677 1.9617677 1.5387328 1.7806525 1.9047670 1.9262868 1.9872270 2.2332133 3.3014308 1.8610410 1.9780713 2.0128938 1.8340955 1.6172605 2.0974669 2.3648201 1.5446283 2.9329309 
Nemnom_g14357.t1                                   9.0000000 9.0000000 8.9999989 8.9999989 1.7681351 4.7736875 2.5048949 2.5707837 1.5032152 1.8036754 1.8482575 1.4402796 1.4534241 1.4823787 1.4973527 2.0937792 1.4880941 2.2405107 1.4623751 1.8051764 1.1456816 0.0000000 0.4659966 1.3375524 1.1331030 1.8969522 2.3087220 1.1299259 2.0222301 1.7730844 1.8361507 1.8974400 1.9056597 1.9230288 1.9230288 1.8071358 1.7440588 1.9264812 2.2460571 2.3799627 2.4682326 9.0000000 1.7133840 1.8357110 1.7893674 1.0366179 1.4311126 1.9330051 6.6606696 2.1588386 2.5805558 
Rhoesc_Res_015515-T1                               3.4579832 3.4579832 2.7376745 2.2079073 1.5633645 2.2529542 1.8883749 1.9176034 1.1891770 1.6238133 1.6410999 1.3350450 1.3252618 1.3042406 1.3231916 2.2084782 1.3775700 1.5838111 1.3948346 1.2310225 0.9077516 0.4659966 0.0000000 1.2041195 1.1806371 1.5120443 1.7623848 0.9957035 1.5546544 1.7497779 1.7904441 1.7040272 1.6761982 1.7345413 1.7345413 1.2573218 1.4146789 1.5871904 1.6298429 1.8149310 1.7489147 1.3182438 1.7124492 1.5651842 1.9593094 1.4691541 1.5344770 1.7196542 1.2184686 1.5713402 2.4241309 
Chem_TCONS_00031160                                4.9311435 4.9311435 4.4953154 3.9954906 2.1982401 3.0210868 2.8853770 2.9396831 1.3903893 1.8233671 2.0847586 1.4960857 1.6399119 1.3908567 1.4880837 2.7531849 1.8908696 1.8042069 1.4207526 1.5369614 1.3984361 1.3375524 1.2041195 0.0000000 0.8761894 1.4777469 2.0913080 1.4571125 1.7274269 1.6544044 1.7518097 1.7618572 1.7311049 1.8873114 1.8873114 1.5265788 1.9236937 1.7986745 1.6590909 1.7205833 1.9346859 2.6295776 1.9334364 1.8155565 1.9083762 1.5062555 1.4043739 1.7669878 1.6481216 1.9168760 3.5907963 
Hvul_g11558_1                                      4.3068438 4.3068438 2.9960377 2.7595789 2.0999284 2.7970339 2.6767545 2.6767545 1.5282341 1.8496347 2.0162433 1.7070750 1.6656403 1.6552364 1.6774107 2.3989720 1.9033990 1.8133650 1.2285293 1.5795646 1.3559666 1.1331030 1.1806371 0.8761894 0.0000000 1.4270034 1.9628576 1.3967693 1.9322195 2.1038045 2.0009214 2.1418744 2.0714861 2.1177262 2.1177262 1.7242720 1.9460171 1.6801563 1.8310737 1.8875094 2.1422570 3.2141988 1.7773459 1.8378562 1.7661035 1.4011784 1.5826654 1.9272349 1.8946996 1.8089384 3.2718747 
Cgig_XM_011422726.3                                8.8036423 7.9236608 7.0962263 6.0133863 2.9104684 5.3238620 2.7283114 2.7283114 1.6566206 2.4156417 2.0486615 1.3266887 1.9636435 1.8688704 1.7257692 2.2665769 2.5137122 1.8764359 1.8143261 1.7856166 1.7287871 1.8969522 1.5120443 1.4777469 1.4270034 0.0000000 1.6384341 2.4102182 2.1799128 1.8050020 2.2033784 2.2541712 1.8843938 2.2310531 2.2310531 1.9284892 2.1283045 2.3080691 1.6795640 1.8611060 2.3945317 4.2175716 2.5187342 2.3274300 2.6008792 2.4904461 1.6493525 1.9097513 3.2936918 1.9682832 3.2155246 
Ctel_gnl_WGS_AMQN_CAPTEDRAFT_mRNA167017            3.5558841 3.5558841 3.8970622 3.4600502 2.5511189 2.5430510 2.4655017 2.4655017 2.2498596 2.5952846 2.9098627 1.7067687 1.8102342 1.7194331 1.8765230 2.2473664 1.9110605 1.7606383 1.9797007 1.5001915 1.9148463 2.3087220 1.7623848 2.0913080 1.9628576 1.6384341 0.0000000 1.6941610 1.6345520 2.2247779 2.0990027 2.1546240 2.0698468 2.0406590 2.0406590 1.7905292 2.0257331 2.0668243 2.0914091 2.1931292 2.4303436 3.1611973 1.9550823 2.1849550 2.6187705 1.8008105 2.1199349 2.1228996 1.6833849 1.5738196 3.7256191 
Nvec_v1g204295                                     6.8821558 6.6926558 5.9230810 5.2444691 3.1848715 4.7676585 2.7019960 2.7019960 1.1079247 2.2230181 1.9557846 0.6871885 1.5027748 1.4793046 1.5230426 2.1546620 1.5918125 1.6823467 1.0733283 1.9449422 1.3322113 1.1299259 0.9957035 1.4571125 1.3967693 2.4102182 1.6941610 0.0000000 1.9882823 1.9516198 2.1136022 2.0638386 1.5841822 2.0719199 2.0719199 1.9561335 1.5999102 1.9643271 1.4159025 1.5698861 2.7808164 4.9690104 1.8559028 2.2320082 2.1067777 2.6713325 1.6640478 1.9715520 2.1217517 1.8385626 0.7578839 
Hsap_ENST00000370867                               7.6116876 7.9049429 6.6514449 5.4707667 2.9987414 4.5709813 2.6405119 2.6826991 1.7844948 2.9389807 1.9784722 1.4697946 2.2236697 2.0305371 2.0699170 2.4508884 2.6531158 2.3606561 1.9599568 2.1635064 2.0656092 2.0222301 1.5546544 1.7274269 1.9322195 2.1799128 1.6345520 1.9882823 0.0000000 2.1131425 2.2653801 2.3571265 2.0497993 2.5019584 2.5019584 1.9554811 1.7688682 2.3230280 1.8810878 1.9271625 2.7791783 5.4686340 2.7808045 3.1103463 3.5860173 3.4553358 1.9242762 2.0573929 4.6953791 2.8087887 3.6437863 
Tadh_TriadT53200                                   9.0000000 9.0000000 9.0000000 8.9999988 2.7845308 6.7407376 2.9210842 2.9210842 1.7541687 2.7227076 2.7706321 1.3560493 1.6245410 1.6238636 1.5594800 2.6979784 1.7561988 2.0485110 1.7595694 2.0570920 1.8074576 1.7730844 1.7497779 1.6544044 2.1038045 1.8050020 2.2247779 1.9516198 2.1131425 0.0000000 0.1686645 0.4310897 0.3886414 0.4480700 0.4480700 1.8128300 2.0709619 2.2204194 1.7814911 1.9034449 2.3226804 8.9999980 2.0845340 2.2430754 2.8451328 3.4571148 1.5327091 2.3988914 4.2710100 2.0256656 3.8114904 
TrH2_TrispH2_007892-RA                             8.9999987 8.9999986 8.9999984 7.1695736 3.3199685 4.8546663 2.9614818 2.9614818 1.7895019 2.8594210 2.7968534 1.3560493 1.9863284 1.8772739 1.7629983 2.9086181 2.0317532 2.2156543 1.9671867 2.3990596 1.8912934 1.8361507 1.7904441 1.7518097 2.0009214 2.2033784 2.0990027 2.1136022 2.2653801 0.1686645 0.0000000 0.3643285 0.2996975 0.4198193 0.4198193 2.1057280 2.0218438 2.4092168 1.8130210 1.9378667 2.4864100 5.3314195 2.3778726 2.5960956 3.4236002 4.4786718 1.8976940 2.4760003 4.5365764 2.8281403 3.7551723 
HoiH23_PlH23_007167-RA                             8.9999984 8.9999989 8.4383083 6.0712134 3.1090455 4.3291960 2.9959751 2.9959751 1.8857943 3.0127038 2.6704875 1.4170153 1.9796699 1.9493242 1.7574923 2.9491319 2.0794840 2.2051421 1.8859103 2.2098526 1.9588624 1.8974400 1.7040272 1.7618572 2.1418744 2.2541712 2.1546240 2.0638386 2.3571265 0.4310897 0.3643285 0.0000000 0.0434851 0.1888678 0.1888678 2.1021270 1.9579749 2.2212980 1.6977113 1.8899137 2.4712403 5.7045321 2.0445111 2.6461797 3.4731575 3.6470474 1.8866893 2.2712285 4.4078276 2.4527972 3.7246535 
HoiH06_mRNA735                                     8.5284339 8.5284339 7.3354992 6.6464383 2.4481726 2.8453848 2.5334670 2.5334670 1.8891843 2.6776064 2.7730210 1.3937855 1.6138159 1.6447145 1.4993424 2.7990652 1.7068742 1.7955294 1.5816611 1.9038429 1.9087262 1.9056597 1.6761982 1.7311049 2.0714861 1.8843938 2.0698468 1.5841822 2.0497993 0.3886414 0.2996975 0.0434851 0.0000000 0.1511426 0.1511426 1.8610991 1.8302444 2.0178553 1.7034598 1.8949256 2.1366667 4.3960328 1.7082987 2.1980381 2.9576906 2.8735991 1.7438175 1.9353258 3.4786943 1.8569725 3.5177663 
Hhon_g08765.t1                                     8.6080411 8.3915231 8.1201780 6.0537217 3.2503274 5.8285155 3.2115233 3.2115233 1.8459744 2.9804590 2.7538332 1.4594007 2.2198391 2.0779254 1.9241977 3.0309338 2.1543198 2.1625663 1.9723757 2.2104478 1.9617677 1.9230288 1.7345413 1.8873114 2.1177262 2.2310531 2.0406590 2.0719199 2.5019584 0.4480700 0.4198193 0.1888678 0.1511426 0.0000000 0.0000010 2.1989472 2.0749994 2.3392826 1.7845561 1.9942524 2.7068529 7.3604055 2.2278989 2.8101679 3.0479549 2.9933000 1.8617533 2.4058121 4.0471592 2.6175969 3.2233200 
HoiH04_mRNA825                                     8.6080411 8.3915231 8.1201780 6.0537217 3.2503274 5.8285155 3.2115233 3.2115233 1.8459744 2.9804590 2.7538332 1.4594007 2.2198391 2.0779254 1.9241977 3.0309338 2.1543198 2.1625663 1.9723757 2.2104478 1.9617677 1.9230288 1.7345413 1.8873114 2.1177262 2.2310531 2.0406590 2.0719199 2.5019584 0.4480700 0.4198193 0.1888678 0.1511426 0.0000010 0.0000000 2.1989472 2.0749994 2.3392826 1.7845561 1.9942524 2.7068529 7.3604055 2.2278989 2.8101679 3.0479549 2.9933000 1.8617533 2.4058121 4.0471592 2.6175969 3.2233200 
Spur_XM_003729585.3                                5.4855382 5.6456144 5.2318688 4.7207687 3.1381566 4.4889271 2.7270978 2.7270978 1.7931009 2.6271183 2.0626085 1.4493525 2.2114684 2.0508376 2.1595214 2.1310281 2.5670276 2.4269123 1.8937188 1.7873324 1.5387328 1.8071358 1.2573218 1.5265788 1.7242720 1.9284892 1.7905292 1.9561335 1.9554811 1.8128300 2.1057280 2.1021270 1.8610991 2.1989472 2.1989472 0.0000000 1.7071256 2.0791976 1.7016367 1.7008794 2.6671897 6.3439750 2.0089553 2.2872367 2.2394722 2.6783777 1.8150695 2.0461647 2.9662232 1.9628464 3.0201799 
Bralan_BLAG08001355_1                              6.5209511 6.5209511 6.6907429 6.4273755 2.7436319 2.7989742 2.1952248 2.1878116 1.9768170 2.7352613 2.2244414 1.4726909 2.1067298 1.9702766 1.8682312 2.3587332 2.3245455 2.2478794 1.8632714 1.6760194 1.7806525 1.7440588 1.4146789 1.9236937 1.9460171 2.1283045 2.0257331 1.5999102 1.7688682 2.0709619 2.0218438 1.9579749 1.8302444 2.0749994 2.0749994 1.7071256 0.0000000 1.7902581 1.8007439 1.9294524 2.5459751 4.3350192 2.1368010 2.0037307 1.8190577 2.0037316 2.0235661 1.8297776 3.2942881 2.2526063 2.5238625 
Cscu_XM_023360048.1                                8.4700136 8.9530748 7.7937025 6.4891533 2.9077139 3.4920093 2.6382675 2.6856318 1.8180986 2.5814647 2.4315794 1.5536649 2.4054003 2.1181746 2.1030029 2.4983443 2.7139490 2.3601337 2.1157885 2.1104149 1.9047670 1.9264812 1.5871904 1.7986745 1.6801563 2.3080691 2.0668243 1.9643271 2.3230280 2.2204194 2.4092168 2.2212980 2.0178553 2.3392826 2.3392826 2.0791976 1.7902581 0.0000000 1.6182723 1.7499885 2.3465131 4.8435811 2.3899320 2.2857054 2.3105161 2.0903935 2.1293140 1.9184574 2.4688348 2.1012978 3.3204567 
Aque_Aqu2.1.03660_001                              2.2285542 2.2285542 3.0531822 3.7726136 2.4630038 2.1571017 2.4081196 2.3903916 2.2579672 2.5588405 2.4233605 2.2317245 1.8711838 1.8550069 1.7100220 2.2752885 1.5017414 2.0304347 1.4268076 1.4703782 1.9262868 2.2460571 1.6298429 1.6590909 1.8310737 1.6795640 2.0914091 1.4159025 1.8810878 1.7814911 1.8130210 1.6977113 1.7034598 1.7845561 1.7845561 1.7016367 1.8007439 1.6182723 0.0000000 0.1091940 0.1239365 0.0000010 1.0778932 1.1025306 1.3507001 0.6748010 1.6368198 1.4851909 0.9372971 1.0279381 3.3612102 
Aque_Aqu2.1.01448_001                              2.2285542 2.2285542 3.0531822 3.7726136 2.4797994 2.1571017 2.7247170 2.6767159 2.1018330 2.5518178 2.2704044 2.4633277 2.0078395 1.9903326 1.8642563 2.4395727 1.6866936 2.0665135 1.5181602 1.6617608 1.9872270 2.3799627 1.8149310 1.7205833 1.8875094 1.8611060 2.1931292 1.5698861 1.9271625 1.9034449 1.9378667 1.8899137 1.8949256 1.9942524 1.9942524 1.7008794 1.9294524 1.7499885 0.1091940 0.0000000 0.0415874 0.0000010 1.0747822 1.1443094 1.4123407 0.6230548 1.6607561 1.4533800 0.9372971 1.1635836 3.8752563 
Aque_Aqu2.1.18502_001                              8.9999985 8.9999985 8.9999988 7.6386972 4.3306067 4.6220954 3.3231153 3.2723420 2.1723380 3.3911684 2.4484795 2.5124411 3.0438071 2.7585434 2.7077113 2.8667811 3.0265279 2.8604462 1.8915997 2.2861674 2.2332133 2.4682326 1.7489147 1.9346859 2.1422570 2.3945317 2.4303436 2.7808164 2.7791783 2.3226804 2.4864100 2.4712403 2.1366667 2.7068529 2.7068529 2.6671897 2.5459751 2.3465131 0.1239365 0.0415874 0.0000000 0.0317382 1.5608917 1.7224232 2.3046763 2.4749770 2.1791871 1.9600831 2.9342864 2.1208530 4.2988118 
Aque_Aqu2.1.06046_001                              8.9999984 8.9999984 8.9999984 8.9999986 8.9999989 4.8470376 4.8470376 4.8470376 0.0000010 7.4670895 4.0235598 0.0000010 8.3259039 5.2404116 6.1192809 6.0051426 8.9999986 4.6764935 2.9513788 4.3516174 3.3014308 9.0000000 1.3182438 2.6295776 3.2141988 4.2175716 3.1611973 4.9690104 5.4686340 8.9999980 5.3314195 5.7045321 4.3960328 7.3604055 7.3604055 6.3439750 4.3350192 4.8435811 0.0000010 0.0000010 0.0317382 0.0000000 2.9354150 3.7272823 4.7419432 4.2076512 8.9999990 3.6481153 4.4456625 4.9522769 6.1485437 
Xestes_maker-XT_scaffold4746-snap-gene-0.40-mRNA-1 6.2852606 6.0144728 5.7670758 5.0154064 2.9647201 3.5682622 2.6738777 2.7379722 1.6988461 2.5760723 2.0827599 1.6324628 2.3466189 2.2847199 2.3751757 2.5698337 2.5486684 2.8099520 1.9120631 2.1276929 1.8610410 1.7133840 1.7124492 1.9334364 1.7773459 2.5187342 1.9550823 1.8559028 2.7808045 2.0845340 2.3778726 2.0445111 1.7082987 2.2278989 2.2278989 2.0089553 2.1368010 2.3899320 1.0778932 1.0747822 1.5608917 2.9354150 0.0000000 1.7242354 1.6537195 2.1185572 1.9724905 1.9478551 3.5455065 1.7814292 3.6032359 
Stycar_maker-SC_scaffold3012-snap-gene-0.47-mRNA-1 8.9999985 8.9999989 7.8062237 6.2283116 3.6634549 4.4921325 2.8505459 2.8964879 1.6346684 2.5899466 2.3142464 1.9016494 2.5351045 2.3148484 2.3725741 2.9041894 2.5975177 2.6129119 1.9567982 2.0350983 1.9780713 1.8357110 1.5651842 1.8155565 1.8378562 2.3274300 2.1849550 2.2320082 3.1103463 2.2430754 2.5960956 2.6461797 2.1980381 2.8101679 2.8101679 2.2872367 2.0037307 2.2857054 1.1025306 1.1443094 1.7224232 3.7272823 1.7242354 0.0000000 1.5017882 2.2594730 2.1968336 1.8722413 2.4502262 1.6117675 3.3811618 
Tetwil_g15366.t1                                   7.6877344 7.6340773 7.5216067 6.6006408 3.9119165 4.2874238 3.2008672 3.2393784 1.6992385 2.7281366 2.3955635 1.7373427 3.3303910 2.5543989 2.6689816 2.3303345 3.4371926 3.0531271 2.1301909 2.3331717 2.0128938 1.7893674 1.9593094 1.9083762 1.7661035 2.6008792 2.6187705 2.1067777 3.5860173 2.8451328 3.4236002 3.4731575 2.9576906 3.0479549 3.0479549 2.2394722 1.8190577 2.3105161 1.3507001 1.4123407 2.3046763 4.7419432 1.6537195 1.5017882 0.0000000 0.3908478 2.4868937 2.2958156 3.3593906 2.2844937 2.6074007 
Tetwil_g15850.t1                                   6.0901121 6.3396590 6.0901121 5.6495398 4.1565771 5.0829126 3.5269457 3.5269457 1.4379364 3.2864622 2.7234916 2.6402534 4.2865006 3.1663151 3.1439849 4.0243154 4.3159376 2.7447587 2.7002437 2.5340822 1.8340955 1.0366179 1.4691541 1.5062555 1.4011784 2.4904461 1.8008105 2.6713325 3.4553358 3.4571148 4.4786718 3.6470474 2.8735991 2.9933000 2.9933000 2.6783777 2.0037316 2.0903935 0.6748010 0.6230548 2.4749770 4.2076512 2.1185572 2.2594730 0.3908478 0.0000000 2.5946172 1.9668199 2.7445424 1.8531039 3.0761123 
Morvir_scaffold207.g24.t2                          8.9999990 8.9999988 8.3193611 5.0547912 2.5810949 8.9999982 3.2235882 3.2758933 1.5346410 2.2102219 2.1470338 1.5492687 1.7592302 1.8362107 1.8410562 2.5748922 1.8689071 2.2611163 1.7347018 1.7496778 1.6172605 1.4311126 1.5344770 1.4043739 1.5826654 1.6493525 2.1199349 1.6640478 1.9242762 1.5327091 1.8976940 1.8866893 1.7438175 1.8617533 1.8617533 1.8150695 2.0235661 2.1293140 1.6368198 1.6607561 2.1791871 8.9999990 1.9724905 2.1968336 2.4868937 2.5946172 0.0000000 2.4372204 3.9921511 1.9915229 3.0652467 
Plespi_Pspi_C590452_01                             8.9999988 8.9999982 7.2551472 4.3260429 3.7227764 3.3522832 2.7164635 2.7164635 1.5899049 2.7232684 2.3047465 1.6629674 1.8830570 1.7742014 1.8543791 2.6908077 2.1782469 2.2116479 1.8506597 1.8887947 2.0974669 1.9330051 1.7196542 1.7669878 1.9272349 1.9097513 2.1228996 1.9715520 2.0573929 2.3988914 2.4760003 2.2712285 1.9353258 2.4058121 2.4058121 2.0461647 1.8297776 1.9184574 1.4851909 1.4533800 1.9600831 3.6481153 1.9478551 1.8722413 2.2958156 1.9668199 2.4372204 0.0000000 2.2808694 1.4675506 3.3039232 
Spolac_c94617_g1_i1_m.10319c94617-g1               8.9999989 8.9999986 8.4158654 7.6105325 5.0512499 4.5536681 3.6639022 3.6639022 1.1835174 4.0269446 3.1853237 2.4738138 4.9576614 4.0533867 4.2187291 8.9999986 4.4786172 2.6288701 2.3832667 3.9865730 2.3648201 6.6606696 1.2184686 1.6481216 1.8946996 3.2936918 1.6833849 2.1217517 4.6953791 4.2710100 4.5365764 4.4078276 3.4786943 4.0471592 4.0471592 2.9662232 3.2942881 2.4688348 0.9372971 0.9372971 2.9342864 4.4456625 3.5455065 2.4502262 3.3593906 2.7445424 3.9921511 2.2808694 0.0000000 0.6191529 4.3712946 
Emue_Em0018g1023a.t1                               8.9999987 8.9999985 8.5655470 8.0864814 3.1819186 3.6079657 2.4844048 2.5835051 1.5110121 3.0131116 2.3162096 1.2357121 2.3779607 2.2912506 2.2157485 2.2756358 2.4715441 3.0984902 1.6703461 2.1381913 1.5446283 2.1588386 1.5713402 1.9168760 1.8089384 1.9682832 1.5738196 1.8385626 2.8087887 2.0256656 2.8281403 2.4527972 1.8569725 2.6175969 2.6175969 1.9628464 2.2526063 2.1012978 1.0279381 1.1635836 2.1208530 4.9522769 1.7814292 1.6117675 2.2844937 1.8531039 1.9915229 1.4675506 0.6191529 0.0000000 1.9287807 
Nvec_v1g204294                                     9.0000000 9.0000000 9.0000000 9.0000000 8.8438227 6.4293477 4.7266576 4.7266576 2.9122425 4.0990647 3.7240231 2.0243988 2.2643528 2.2802668 2.2243490 3.0034002 2.0957759 5.5097056 2.9350247 3.1162071 2.9329309 2.5805558 2.4241309 3.5907963 3.2718747 3.2155246 3.7256191 0.7578839 3.6437863 3.8114904 3.7551723 3.7246535 3.5177663 3.2233200 3.2233200 3.0201799 2.5238625 3.3204567 3.3612102 3.8752563 4.2988118 6.1485437 3.6032359 3.3811618 2.6074007 3.0761123 3.0652467 3.3039232 4.3712946 1.9287807 0.0000000 
