94
Eupdun_Edun_sb10623949                                 0.0000000 0.3940362 0.3940362 0.0000010 0.4041534 0.1169392 0.3321245 0.4927774 0.3629641 0.5669340 0.5635614 0.0000010 0.0000010 0.0000010 0.0000010 0.0000010 0.3312135 0.0000010 0.7940111 1.2064293 1.1347379 0.9641777 1.3807632 0.9460220 3.6678760 1.0711076 0.8451016 0.9357647 0.9134651 0.7692263 4.4558515 1.1675366 1.2677027 1.1513369 1.1662317 0.5426841 0.5950449 0.7530542 0.0000010 1.0353207 0.0000010 0.0000010 1.0891826 1.0461907 1.0490162 0.9903592 1.0956437 0.0000010 1.0364990 1.1014303 1.1014303 1.2025799 1.0928328 0.9666597 1.0046877 1.0420752 0.8110633 0.5703239 1.0367029 0.9783595 1.1942607 1.0606039 1.0606039 0.9754057 0.0000010 0.0000010 0.0000010 1.0045440 0.8395258 2.0166373 0.0000010 0.4997183 0.7279824 1.0618339 0.7181507 1.1460897 1.0240865 0.0000010 0.7258288 2.2889016 0.0000010 0.0000010 0.0000010 0.0000010 0.0000010 0.0000010 0.0000010 9.0000000 1.2220325 0.0000010 2.1597043 3.1590354 0.0000010 2.4073261 
Beraby_Baby_sb335095                                   0.3940362 0.0000000 0.0240849 0.2156123 0.2596124 0.2684749 0.3320480 0.4458200 0.4105595 0.5876637 0.5007933 0.4333994 3.1212605 0.0000010 0.0000010 0.0000010 0.3001942 0.0000010 0.6864843 1.0330508 1.0064020 0.9208675 1.0599396 0.9003600 3.7228221 1.0310215 0.9287891 1.0159219 0.9801242 0.9181276 4.6250914 1.1013530 1.1290967 1.0880375 1.0816362 0.9812164 0.9803691 1.0004527 0.0000010 1.1540189 5.4540865 0.0000010 1.1969611 1.1999374 1.0768831 1.0560413 1.0968200 8.9999981 1.0881920 1.1417356 1.1417356 1.2387637 0.9691166 1.0694828 0.9927507 1.1547069 0.8397983 0.5703239 0.8896609 1.1617433 1.2612296 1.1617540 1.1617540 1.1668854 1.2377193 0.0000010 0.0000010 1.4969230 5.0513636 3.9464811 3.8284270 1.6938394 1.2622991 1.0568999 1.1044042 1.2223688 1.1446646 3.4724791 2.9267347 1.2250074 0.0000010 0.0000010 0.0000010 0.0000010 0.0000010 0.0000010 0.0000010 8.9999989 3.6296101 0.0000010 3.3651177 1.5531362 4.8024824 1.6636228 
Beraby_Baby_sb335094                                   0.3940362 0.0240849 0.0000000 0.3624337 0.3258081 0.2666251 0.4023210 0.6675638 0.6675075 0.8794257 0.7728863 0.5368168 0.9547569 0.8205175 1.6626646 0.3930908 0.3535242 0.2743497 0.6864843 1.7860965 1.7881670 1.7338283 1.7643320 1.7633501 3.9280133 1.8545540 1.7700126 1.7677974 1.7614657 1.7302694 3.8422865 1.8731190 2.0996328 1.7900521 1.8616521 2.0211672 2.1062665 2.2575174 3.7883924 2.0521946 2.4117102 0.0000010 2.0877781 2.0353153 1.8098015 1.8187466 1.8148424 2.2330297 1.7346017 1.8204351 1.7945975 1.9263013 1.4252411 1.0778242 0.9927507 1.8551975 1.7503295 1.2681992 1.9037020 1.9410205 2.0113364 1.9531489 1.9531489 1.9511986 2.4567219 5.6301527 3.9571331 2.4688413 2.0716690 1.9946937 1.8327098 1.5168433 2.0587850 1.9698260 2.0681728 2.2115478 1.3896689 2.4838222 0.3696997 2.0059578 2.8624071 3.1680552 0.4088612 0.4638723 0.4166356 0.6391417 2.4921481 1.0665313 1.0665318 0.3506613 2.4813000 2.5994263 3.5289578 1.6636228 
Mertsp_Mesp_sb539539                                   0.0000010 0.2156123 0.3624337 0.0000000 0.0247544 0.2283561 0.3723219 0.5829299 0.6048759 0.9458828 0.6600096 0.4333994 0.0000010 0.0000010 0.0000010 0.0000010 0.3890748 0.0000010 0.8293164 1.3954608 1.3460996 1.4675549 1.1574678 1.3200854 0.0000010 1.5083132 1.4000498 1.6203366 1.5335829 1.3894053 6.5974135 1.3164477 1.4111586 1.3112899 1.3420007 1.8191603 1.5255519 1.6929853 0.0000010 1.6328190 0.0000010 0.0000010 1.5772440 1.5282191 1.4856041 1.4570686 1.5237845 0.0000010 1.4919067 1.5532104 1.5532104 1.7155099 1.1450350 1.0360763 1.1495761 1.5446488 1.2335071 0.0000010 1.4446956 1.7895616 1.7895616 1.5813382 1.5813382 1.8469804 1.6214850 0.0000010 0.0000010 2.6778190 2.2103785 1.9929404 0.0000010 3.2765108 1.4343627 1.3335121 1.8901044 1.9909998 4.8917760 4.0132454 0.0000010 1.7283168 0.0000010 0.0000010 0.0000010 0.0000010 0.0000010 0.0000010 0.0000010 1.5524056 3.5867020 0.7921637 2.7334532 2.2289450 4.5235892 1.7866562 
Bolinf_Binf_sb1256219                                  0.4041534 0.2596124 0.3258081 0.0247544 0.0000000 0.1968268 0.3646117 0.6262857 0.6048406 0.7844710 0.7217198 0.4333994 0.9343449 0.0000010 0.3595860 0.3595860 0.3157354 0.0000010 0.7509371 1.4996182 1.4864509 1.4977269 1.4901949 1.4240771 3.5950498 1.6277893 1.5673338 1.7660361 1.6288153 1.4774015 4.7174155 1.5196540 1.5847673 1.4556342 1.5288657 1.5513474 1.6366260 1.7920590 0.0000010 1.7279935 9.0000000 0.0000010 1.7017117 1.6770089 1.5576494 1.5606513 1.5848600 2.7110922 1.6200438 1.6434098 1.6434098 1.7269337 1.3548864 0.9953409 1.0121875 1.6602259 1.4100784 0.5703239 1.7331557 1.7652478 1.8455152 1.6234503 1.6234503 1.8472096 2.1126642 0.0000010 0.0000010 2.3955116 2.5374062 2.3153231 1.5719586 2.2285306 1.8664628 1.6482508 1.8151592 2.2005580 1.0417526 3.2132786 0.2557718 1.9174746 0.0000010 0.0000010 0.0000010 0.0000010 0.0000010 0.0000010 0.0000010 0.9019094 0.9229084 0.3581199 5.3270461 2.6187902 4.5235892 1.5868422 
Mertsp_Mesp_sb535814                                   0.1169392 0.2684749 0.2666251 0.2283561 0.1968268 0.0000000 0.2259645 0.3576414 0.3463729 0.5043069 0.4178551 0.4333994 0.0000010 0.0000010 0.0000010 0.0000010 0.3341908 0.0000010 0.7887991 0.9067951 0.8608777 0.8333399 0.8058629 0.7235095 0.0000010 0.8782126 0.8665739 0.8221780 0.8285515 0.7473163 4.7119887 0.8206822 0.7544469 0.7919479 0.7994853 0.8214710 0.9817112 0.9925283 0.0000010 1.1429412 0.0000010 0.0000010 1.1628371 1.1372315 0.9751356 0.9538729 0.9698042 0.0000010 0.9936029 1.0200107 1.0200107 1.0491442 0.7627636 0.8758642 0.8001315 0.8835274 0.7651045 0.6125561 0.8995429 1.0399515 1.1594318 1.1407392 1.1407392 0.9935417 1.0608515 0.0000010 0.0000010 1.3986644 1.9768802 1.5995223 0.4440228 1.3187507 0.8883634 0.8882289 0.9548101 1.0440244 0.4438729 2.5038927 0.7258288 1.2201033 0.0000010 0.0000010 0.0000010 0.0000010 0.0000010 0.0000010 0.0000010 9.0000000 1.2220325 0.0000010 2.1036681 1.5341247 3.9598155 1.1333207 
Lampan_Lpan_13335_01                                   0.3321245 0.3320480 0.4023210 0.3723219 0.3646117 0.2259645 0.0000000 0.6321812 0.6123523 0.9156635 0.8891169 1.4013592 1.0486953 2.6244325 1.8761385 0.9083528 0.4588185 0.2327365 0.6046995 1.7528441 1.7097933 1.7240459 1.6642283 1.8086326 2.3136683 1.8616075 1.6668767 1.7815105 1.7830529 1.6748305 3.5276015 1.8143666 2.0381130 1.7312493 1.7509216 2.0979415 2.1255835 2.2101865 4.3962809 2.0264084 2.3575914 3.5419846 2.0779689 1.9508587 1.8099226 1.7910428 1.7815281 2.1048849 1.7721844 1.8257925 1.8019609 1.9250456 1.3907974 1.0114477 1.0018035 1.7591003 1.7250065 2.5623505 1.8363224 1.9278079 1.9845386 1.8716193 1.8537492 1.8774996 2.4684315 3.3713031 3.7985614 2.3548175 1.9197585 1.8567331 1.6001281 1.4024711 2.0203263 1.9422093 1.9949589 2.2959147 1.2954738 2.3246793 0.3997065 1.9052781 3.6571098 3.4836841 0.4423340 0.4999564 0.5225645 0.8850315 2.2667941 0.8534298 0.7960784 0.5311898 2.4304743 2.5563611 2.8370566 1.7767638 
Coemet_Cmet_C608188_01                                 0.4927774 0.4458200 0.6675638 0.5829299 0.6262857 0.3576414 0.6321812 0.0000000 0.0449867 0.8899371 0.8402029 0.3677613 0.8400243 0.4499691 0.4069775 0.4947263 0.6402732 0.4379967 0.6852164 1.6304862 1.5866377 1.7219333 1.5806827 1.6115850 1.3244036 1.6641806 1.5802219 1.5875134 1.6649273 1.4442285 1.0465830 1.5899654 1.6866080 1.5699413 1.8679248 1.7187350 2.0123969 1.9587821 1.9066083 1.8034242 1.7957394 1.1691403 1.9837015 1.9599337 1.6573997 1.6385641 1.6156230 1.7207361 1.6415689 1.6577508 1.6453705 1.7180201 1.4175506 0.9882512 1.0885406 1.8457659 1.5137948 1.9236403 1.7242879 1.8083969 1.8809621 2.2529087 1.8553371 1.8017605 2.0854960 2.6291610 2.0475301 2.0260604 1.9034877 1.9658906 1.7349642 1.3512947 2.0801664 1.9092763 1.9265677 2.4651851 1.6763744 2.3281305 0.7924672 1.9068186 3.7232007 3.0070659 0.8281093 0.8637215 0.8887278 0.9551638 2.3728162 1.4263943 1.4080439 0.9215211 2.4524993 2.4200049 2.8464690 1.8854692 
Coeast_Cast_sb798049                                   0.3629641 0.4105595 0.6675075 0.6048759 0.6048406 0.3463729 0.6123523 0.0449867 0.0000000 0.8609251 0.9444492 0.8390358 1.1017390 0.9427896 0.9288654 0.9663815 0.7066104 0.4408881 0.6852164 1.7841636 1.7673037 1.8690519 1.7459182 1.7651724 2.7300830 1.8640127 1.8009513 1.8143888 1.8613583 1.6561673 4.4413718 1.7875301 1.9168001 1.7561791 1.8393971 2.0776614 2.3305020 2.2939633 4.2796864 2.0695509 2.3726864 2.9780683 2.0809415 1.9385336 1.8077109 1.7936407 1.7793928 2.1375866 1.8061315 1.8097143 1.7938475 1.9439628 1.2295173 0.8446843 0.7351472 1.7509150 1.7002573 2.5086072 1.9863969 2.0352808 2.0984464 2.1058624 2.0745237 2.0429238 2.5173679 3.2048290 3.6252806 2.3308388 1.9128485 1.9773932 1.6922631 1.3342339 2.1879816 2.1326826 2.0388321 2.4410809 0.9911060 2.3443136 0.7672375 1.9495746 3.7278211 3.2069939 0.8123076 0.8319075 0.8590835 1.0159875 2.4396979 1.3910318 1.3737922 0.9043308 2.4796834 2.5032475 3.0041871 1.6887597 
Pbac_sb2637958                                         0.5669340 0.5876637 0.8794257 0.9458828 0.7844710 0.5043069 0.9156635 0.8899371 0.8609251 0.0000000 0.1652773 0.4333994 0.0000010 0.0000010 0.0000010 0.0000010 0.8956161 0.0000010 1.1874844 1.9268192 1.8964469 1.6988873 1.7873278 1.6315878 3.4255122 1.7133483 1.7862850 1.7467775 1.6478897 1.6709336 4.6947500 1.6795731 1.8671127 1.6861799 1.6816197 1.7129805 1.7263925 1.8100008 0.0000010 1.6789301 0.0000010 0.0000010 1.8176021 1.7182262 1.7052415 1.6634425 1.7604802 0.0000010 1.7001957 1.8105827 1.8105827 1.9388580 1.7109289 1.1319312 1.3558310 1.8567487 1.5238028 1.2516411 1.7290799 1.9450261 2.0761372 1.9490447 1.9490447 2.2033912 2.2417832 0.0000010 0.0000010 2.2619190 1.9682424 2.2157835 0.4440228 1.2469345 2.0255063 1.6310968 1.9608126 2.0290634 1.4038735 4.8675266 0.7258288 2.4967823 0.0000010 0.0000010 0.0000010 0.0000010 0.0000010 0.0000010 0.0000010 3.3124473 3.5964507 3.0337713 2.1757168 3.6260467 9.0000000 2.1672085 
Horcal_Hcv1.av93.c9.g258.i1                            0.5635614 0.5007933 0.7728863 0.6600096 0.7217198 0.4178551 0.8891169 0.8402029 0.9444492 0.1652773 0.0000000 0.3390598 0.0630727 0.4517850 0.4050314 0.4683050 0.6955553 0.6554236 0.7091732 1.7948837 1.7555823 1.7825647 1.6804677 1.6885090 1.3438339 1.6568367 1.7459630 1.6937220 1.7405687 1.6367090 0.9726226 1.7328395 1.8128860 1.7166536 2.0000209 1.7520055 2.0130613 2.0200449 1.8853144 1.8095130 1.9682650 1.2417209 2.0127043 2.0563615 1.7066651 1.7004533 1.7140626 1.8028785 1.7091592 1.7625600 1.7524106 1.7687917 1.5115012 0.9827201 1.0584685 1.8518991 1.6800711 2.2521552 1.8249798 1.8655448 1.9503543 2.2876583 1.8722696 1.9412146 2.1846032 2.7696174 2.0495702 2.2027510 1.8692733 2.2004620 2.1166685 1.5925242 2.3051751 2.0628568 2.1006275 2.4010920 1.7547938 2.5061270 0.8620412 1.9716563 3.6304543 3.0317180 0.7788960 0.8553451 0.8182960 1.2379740 2.4076104 1.7992480 1.8144265 1.2997454 2.3350346 2.7157518 3.9042692 1.7674323 
Lampan_Lpan_13336_01                                   0.0000010 0.4333994 0.5368168 0.4333994 0.4333994 0.4333994 1.4013592 0.3677613 0.8390358 0.4333994 0.3390598 0.0000000 0.2240029 0.1776802 0.2402176 0.2402176 0.3053918 0.0000010 0.0000010 0.9491350 0.9032991 1.0063079 0.7538550 0.9113716 0.8436366 0.8799113 0.8877586 0.8014552 0.8619224 0.6992478 0.6016994 0.7954813 0.7917467 0.8374052 1.6186870 0.9387447 1.0140754 0.8466532 1.0249403 0.9754777 0.9786829 0.9219385 1.4558463 0.8898270 0.8263760 0.8263672 0.8435800 0.8587248 0.8659920 0.8158367 0.8158367 0.8165232 0.7254238 0.5599731 0.0000010 1.8349166 0.8484104 1.2818777 0.8488493 0.8396126 0.8415856 5.3443529 1.0165005 0.9001159 0.8958408 1.7972171 0.8848599 0.9005487 1.1384962 2.3171265 2.7065799 9.0000000 1.6638913 1.0679756 1.5681942 2.4859624 5.8349697 2.3345688 0.8877704 0.5599731 4.2578553 2.1500165 0.0000010 0.0000010 2.0048658 1.4776599 0.0000010 0.0000010 0.0000010 0.0000010 2.7065799 0.8523142 0.0000010 0.0000010 
Pbac_sb2637957                                         0.0000010 3.1212605 0.9547569 0.0000010 0.9343449 0.0000010 1.0486953 0.8400243 1.1017390 0.0000010 0.0630727 0.2240029 0.0000000 0.2534138 0.2055509 0.2055509 0.6837996 1.1379000 0.0000010 1.9515529 1.9392851 1.8997361 1.7408490 1.8992668 0.8706992 1.6672467 1.7741228 1.7782161 1.8539626 1.6070792 0.6262920 1.7307195 1.7988428 1.7861389 2.2275714 1.6298053 2.1653405 2.2026801 1.4444765 1.8951761 1.8596337 0.9297000 2.1885058 2.7071075 1.6956340 1.7258544 1.6881869 1.6900018 1.6800793 1.6985952 1.6835426 1.7599707 5.0375964 0.0000010 0.0000010 2.1545340 1.7941369 1.2888619 1.9026045 1.8644823 1.9575957 2.9259685 1.9415968 1.9020730 2.0072240 1.6820630 1.7419842 2.1944642 2.5224975 2.2930449 2.5328182 2.0170361 2.2824939 2.1737014 2.4088077 2.8646319 8.9999988 2.3409862 1.4171549 2.1896405 5.0048153 2.8249584 0.7766875 0.8751417 0.7461817 0.6996342 2.3772152 1.4445588 1.4445588 0.9926535 3.3955884 1.4326767 3.8479825 0.0000010 
Vmul_sbMO379032                                        0.0000010 0.0000010 0.8205175 0.0000010 0.0000010 0.0000010 2.6244325 0.4499691 0.9427896 0.0000010 0.4517850 0.1776802 0.2534138 0.0000000 0.1358018 0.1358018 0.2079733 0.0000010 0.0000010 1.3271174 1.2270120 1.1849524 1.0329085 1.2394183 1.1503763 1.3874478 1.1914442 1.2169979 1.2881267 1.1176821 1.7804317 1.2751526 1.2583837 1.3346922 1.4256335 1.5149293 1.6017656 1.1972981 1.7864160 1.5842041 1.4396889 1.3986294 1.5907992 1.4316032 1.1537733 1.1283476 1.1823557 1.1823557 1.2038003 1.0761428 1.0761428 1.1460828 0.0000010 0.0000010 0.0000010 2.8834962 1.1455299 1.5086194 1.1213194 1.2718500 1.3543832 6.0343394 1.2410095 1.4161220 1.2445841 1.8686705 1.2355289 1.7420508 0.0000010 2.3849433 0.0000010 0.0000010 2.0407273 1.4319324 1.5091562 2.6928572 6.1655249 8.9999985 0.0000010 1.2516081 5.7891559 1.6790359 0.0000010 0.0000010 0.8110732 1.3493129 0.0000010 2.2517227 2.2517227 0.3828401 0.0000010 0.0000010 0.0000010 0.0000010 
Beraby_Baby_sb336164                                   0.0000010 0.0000010 1.6626646 0.0000010 0.3595860 0.0000010 1.8761385 0.4069775 0.9288654 0.0000010 0.4050314 0.2402176 0.2055509 0.1358018 0.0000000 0.0000010 0.2168195 0.0000010 0.0000010 1.1695247 1.1444531 1.3618746 0.9830103 1.1023929 1.0841758 1.1650405 1.1148815 1.0820045 1.1813570 0.9889662 0.7564238 1.0668335 1.0733106 1.0840513 2.3534500 1.2653370 1.3375502 1.1546596 1.3620555 1.3510493 1.2815710 1.2378625 1.6771239 1.7355429 1.0778528 1.0429308 1.0025056 1.0025056 1.0587293 1.0232456 1.0232456 1.1178439 0.0000010 0.0000010 0.0000010 2.3532586 1.0417053 1.6880664 1.1685449 1.1637171 1.2195050 4.9499559 1.1698109 1.1336074 1.1997305 2.3924828 1.1666279 1.2761209 0.0000010 2.1585504 0.0000010 0.0000010 2.2561888 1.5012917 1.6501094 2.6756206 4.9992805 8.9999985 0.0000010 1.5692779 4.2877633 2.4496191 0.0000010 0.0000010 0.6408358 1.4550947 0.0000010 4.0235834 4.0235834 1.1060914 0.0000010 0.0000010 0.0000010 0.0000010 
Beraby_Baby_sb336163                                   0.0000010 0.0000010 0.3930908 0.0000010 0.3595860 0.0000010 0.9083528 0.4947263 0.9663815 0.0000010 0.4683050 0.2402176 0.2055509 0.1358018 0.0000010 0.0000000 0.2159733 0.0000010 0.0000010 1.3677739 1.3167952 1.4785395 1.1244666 1.3048581 1.2389043 1.3602059 1.3383186 1.2732928 1.3781173 1.1621221 0.7564238 1.1752268 1.1764272 1.1236025 2.3827522 1.3791045 1.7059628 1.5014587 1.7477745 1.5029787 1.4323905 1.2378625 1.8084110 2.3564016 1.2943307 1.2753983 1.2241152 1.2241152 1.2950337 1.2943198 1.2943198 1.3162340 0.0000010 0.0000010 0.0000010 2.3532586 1.2263699 2.0383361 1.2905293 1.4798146 1.5628621 4.4026831 1.3968443 1.4528527 1.4052780 2.6108840 1.3548691 1.5422768 0.0000010 2.1585504 0.0000010 0.0000010 2.4988797 1.7257112 1.7510529 3.1646024 4.9992805 8.9999985 0.0000010 1.5692779 4.2043031 2.8751569 0.3147086 0.2005446 0.4839648 1.2073283 2.8089791 4.0235834 4.0235834 1.1060914 0.0000010 0.0000010 0.0000010 0.0000010 
Drygla_Dgla_sb307006                                   0.3312135 0.3001942 0.3535242 0.3890748 0.3157354 0.3341908 0.4588185 0.6402732 0.7066104 0.8956161 0.6955553 0.3053918 0.6837996 0.2079733 0.2168195 0.2159733 0.0000000 0.2090528 0.7344519 1.6848785 1.6509561 1.6773845 1.6209394 1.6593144 1.3336769 1.7070508 1.6354678 1.6344289 1.6796174 1.5166225 1.0657811 1.6328518 1.7587904 1.5706919 1.8521747 1.7101151 1.8731505 1.9533712 2.2612754 1.8292397 1.8616196 1.1357584 1.8569279 1.9507615 1.6371866 1.6440289 1.5955162 1.7358343 1.6018754 1.6805249 1.6600213 1.7162482 1.3240108 1.0065785 0.9810788 1.7591866 1.5621812 1.7935392 1.6672983 1.7682626 1.8482642 2.1447083 1.8069620 1.7900287 1.9951065 2.5265373 2.0600451 2.0946797 2.0198979 1.9556694 1.7208388 1.4790677 2.0232995 1.8111503 1.9762092 2.3616440 1.7023147 2.3656238 0.3911646 2.0444671 4.3701066 2.8261970 0.3955960 0.3740996 0.4648768 0.8880669 2.6385429 1.0588102 1.0289354 0.3504341 2.4943607 2.6334516 3.5980399 1.4335876 
Mertsp_Mesp_sb557019                                   0.0000010 0.0000010 0.2743497 0.0000010 0.0000010 0.0000010 0.2327365 0.4379967 0.4408881 0.0000010 0.6554236 0.0000010 1.1379000 0.0000010 0.0000010 0.0000010 0.2090528 0.0000000 0.0000010 1.2760738 1.2642546 1.3681636 1.4253311 1.4461717 0.0000010 1.2502261 1.2986952 1.1894474 1.2163454 1.2089373 0.0000010 1.5178726 2.2951422 1.4508243 1.4293842 9.0000000 1.5671658 1.4724336 0.0000010 1.3500636 1.3426258 0.0000010 1.4102123 1.3501060 1.2904372 1.3598982 1.2012187 1.2012187 1.0810017 1.2457810 1.2457810 1.4125060 0.0000010 0.0000010 0.0000010 1.4505269 1.2843046 9.0000000 1.3630191 1.3706337 1.4221431 1.5138250 1.5138250 1.4016839 1.4532933 0.0000010 0.0000010 1.4828901 1.5149545 1.3254769 1.2923542 1.2754047 1.4010357 1.6888881 1.5009469 1.3514464 3.9117639 1.3265313 0.3396267 0.0000010 0.0000010 1.3704889 0.0000010 0.0000010 0.1473697 0.0000010 0.9681902 1.1962376 1.1962376 0.0000010 1.4914168 0.0000010 2.6833520 0.0000010 
Aaur_scaffold32.g33.t1                                 0.7940111 0.6864843 0.6864843 0.8293164 0.7509371 0.7887991 0.6046995 0.6852164 0.6852164 1.1874844 0.7091732 0.0000010 0.0000010 0.0000010 0.0000010 0.0000010 0.7344519 0.0000010 0.0000000 0.1159401 0.0978419 0.1170908 0.2729879 0.2861046 0.0000010 0.3730558 0.3508736 0.3544583 0.3560326 0.5475273 3.4286608 0.4054239 0.4720520 0.4054239 0.4021796 0.5244780 0.3152004 0.4282593 0.0000010 0.5719121 0.0000010 0.0000010 0.6298419 0.5925152 0.5751328 0.5751328 0.5751328 0.0000010 0.6500982 0.6188980 0.6188980 0.4638735 0.4618783 0.3896007 0.4584451 0.4360489 0.3365872 0.0000010 0.5857501 0.2988473 0.2988473 0.3930892 0.3930892 0.4545607 0.0000010 0.0000010 0.0000010 0.4457844 0.0000010 1.1809558 1.2307716 1.7920063 0.5059265 0.3845563 0.4475957 0.4241135 0.9738175 0.0000010 0.0000010 0.6885172 0.0000010 0.0000010 0.0000010 0.0000010 0.0000010 0.0000010 0.0000010 0.0000010 0.0000010 0.0000010 1.5624634 0.6373555 6.6297524 0.6314671 
Nemnom_g3744.t1                                        1.2064293 1.0330508 1.7860965 1.3954608 1.4996182 0.9067951 1.7528441 1.6304862 1.7841636 1.9268192 1.7948837 0.9491350 1.9515529 1.3271174 1.1695247 1.3677739 1.6848785 1.2760738 0.1159401 0.0000000 0.0912064 0.4735705 0.8974785 0.6932069 0.3464330 0.9518303 0.9198925 0.8931124 0.9742710 0.8101102 0.6769665 0.8061967 0.9150128 0.7802241 0.9271472 0.9707078 1.3202193 1.3368362 1.1568260 1.3813679 1.5093163 0.9755899 1.4260261 1.4478402 1.1901005 1.1880188 1.1726644 1.2621405 1.0540923 1.0821732 1.0881259 1.1868925 0.9729057 0.6159479 0.6936459 1.1881541 0.7791868 1.1782342 1.1008681 1.2486985 1.2818291 1.2996107 1.1159685 1.1288612 1.2966194 2.0950981 1.4169331 1.5353369 1.3647394 1.2650870 0.3235884 0.7323824 1.0148775 0.9139715 1.2635261 1.7027926 1.2073752 1.4910063 1.8685631 1.2554375 2.7073156 1.8898506 2.6391579 3.2237928 2.6837280 2.8098038 1.5792798 3.3873137 3.2540289 2.3573517 1.8711358 1.9716955 2.4358776 1.2944745 
Rhoesc_Res_016301-T1                                   1.1347379 1.0064020 1.7881670 1.3460996 1.4864509 0.8608777 1.7097933 1.5866377 1.7673037 1.8964469 1.7555823 0.9032991 1.9392851 1.2270120 1.1444531 1.3167952 1.6509561 1.2642546 0.0978419 0.0912064 0.0000000 0.4535401 0.8797682 0.6810056 0.3395040 0.9439192 0.9018515 0.8732605 0.9388734 0.7960209 0.6970420 0.7861524 0.8839688 0.7815800 0.9045108 0.9285701 1.3154519 1.3105149 1.1553401 1.3278142 1.4795526 0.9172309 1.3828634 1.4388842 1.2039967 1.1850116 1.1703573 1.2911676 1.0541194 1.0955118 1.1010284 1.1871613 0.9468256 0.5806977 0.7103034 1.1811470 0.7655436 1.1964238 1.0603368 1.2224017 1.2493457 1.2967247 1.1066481 1.0968310 1.3203170 2.0930526 1.4308295 1.4998511 1.3014918 1.2837506 0.3071320 0.7814715 1.0048256 0.8925516 1.2375200 1.7025137 1.1198742 1.5591263 1.7860386 1.2249928 2.6746580 1.9016851 2.6028677 3.2879997 2.6754882 2.8685294 1.6550091 3.3681120 3.2492094 2.4340796 1.9305737 1.9494009 2.6740048 1.2695132 
Sanmal_Sma_012071-T1                                   0.9641777 0.9208675 1.7338283 1.4675549 1.4977269 0.8333399 1.7240459 1.7219333 1.8690519 1.6988873 1.7825647 1.0063079 1.8997361 1.1849524 1.3618746 1.4785395 1.6773845 1.3681636 0.1170908 0.4735705 0.4535401 0.0000000 0.9582454 0.7578527 0.5678989 1.0201209 0.9814737 0.8994632 1.0023362 0.8803029 1.1241594 0.8421436 0.9069361 0.8038059 0.8832560 0.9956413 1.3713159 1.4271871 1.4453497 1.3553482 1.5943000 0.9396030 1.3652843 1.4297128 1.2464799 1.2517103 1.2096238 1.3042019 1.1311984 1.1154646 1.1209441 1.2035703 0.9998456 0.6075482 0.7115427 1.1954541 0.7887563 0.9674845 1.1729835 1.2927004 1.3252830 1.3232506 1.1842963 1.1822204 1.3772212 1.8370767 1.5579413 1.5377531 1.2466395 1.3087956 0.4359364 0.8507407 1.0741307 0.8832918 1.3305446 1.7720637 1.4294282 1.6428719 1.7758574 1.2520702 2.3724127 2.1368115 2.5033813 2.9364048 2.6290425 2.7430966 1.6219707 3.5694293 3.5959830 3.2027138 2.0223343 2.2620213 3.0869234 1.4056934 
Bralan_BLAG13000874_1                                  1.3807632 1.0599396 1.7643320 1.1574678 1.4901949 0.8058629 1.6642283 1.5806827 1.7459182 1.7873278 1.6804677 0.7538550 1.7408490 1.0329085 0.9830103 1.1244666 1.6209394 1.4253311 0.2729879 0.8974785 0.8797682 0.9582454 0.0000000 0.9084688 0.8761780 0.7773896 0.7449375 0.8195036 0.8736744 0.7343462 0.5207943 0.7274092 0.8058650 0.6813496 0.8503394 0.9172403 1.2347178 1.1744155 1.0836732 1.1875229 1.2990222 0.6930211 1.3153479 1.3120075 1.0448677 1.0712943 0.9991818 1.0119659 1.0019946 1.0169597 1.0155837 1.0445685 0.9410639 0.6490383 0.8906088 1.1481733 0.9008610 1.1406714 0.8777532 1.1866691 1.1946571 1.0628164 0.8903534 0.7963956 1.0653169 1.3545088 1.0604252 1.4347072 0.8588718 1.0797577 1.0424495 0.6623060 0.9430204 0.8072972 1.0728019 1.7640296 1.4080371 1.4452001 1.8588705 1.0877150 1.7268355 1.8409862 2.4815267 2.9360818 2.4265845 2.8331623 1.5761849 3.1144209 3.2455757 2.8133752 1.8167539 1.7823683 2.0651917 1.5487121 
Morvir_scaffold33.g14.t1                               0.9460220 0.9003600 1.7633501 1.3200854 1.4240771 0.7235095 1.8086326 1.6115850 1.7651724 1.6315878 1.6885090 0.9113716 1.8992668 1.2394183 1.1023929 1.3048581 1.6593144 1.4461717 0.2861046 0.6932069 0.6810056 0.7578527 0.9084688 0.0000000 0.5998221 0.9965547 0.9650587 0.7689622 0.8672670 0.7381656 0.5912873 0.7364708 0.8422627 0.7148445 0.8644379 0.9310670 1.3012926 1.3122021 1.2052173 1.3347679 1.4819582 0.9109836 1.4320198 1.4606483 1.1929357 1.1894939 1.1563475 1.2184464 1.0932967 1.0899305 1.0932191 1.1436655 1.1106914 0.6131467 0.6413806 1.1062948 0.7309107 1.1254101 1.1147038 1.2339317 1.2619075 1.3336918 1.1406726 1.1175479 1.2251733 1.7511229 1.2813388 1.5914978 1.3478722 1.1619018 0.7245927 0.7198397 0.9652699 0.8353542 1.2379138 1.8592788 1.1427282 1.4942941 1.8639495 1.3277603 1.9851233 1.9431305 2.8079686 3.3891038 2.7247914 2.9914581 1.6278591 3.2054120 3.2804478 2.5610910 1.8568156 1.7347387 2.4878771 1.5260655 
Aaur_scaffold32.g36.t1                                 3.6678760 3.7228221 3.9280133 0.0000010 3.5950498 0.0000010 2.3136683 1.3244036 2.7300830 3.4255122 1.3438339 0.8436366 0.8706992 1.1503763 1.0841758 1.2389043 1.3336769 0.0000010 0.0000010 0.3464330 0.3395040 0.5678989 0.8761780 0.5998221 0.0000000 1.0666029 0.9812846 0.8185621 0.9075729 0.8175653 0.4243203 0.7794497 0.8232449 0.8401633 1.2790039 0.9775589 1.2575595 1.2375632 1.1994841 1.3091862 1.2216505 0.9267941 1.3371152 2.6687809 1.1191865 1.1386093 1.1553014 1.0944981 1.0911359 1.0497558 1.0497558 0.9773962 3.0285608 3.0693957 2.7610056 2.1279425 0.7353791 1.2148580 1.0918089 1.1467687 1.1879026 3.9411240 1.4061967 1.0892177 1.1520477 1.8795652 1.1682039 1.3668305 0.0000010 3.1288485 0.0000010 0.0000010 1.8156975 0.8493873 1.6248386 3.0317650 3.6055689 0.0000010 0.0000010 0.0000010 2.5166300 2.3199888 1.7503946 3.0233832 2.9311990 3.2016290 3.0513898 0.0000010 0.0000010 0.0000010 5.6554895 0.0000010 0.0000010 9.0000000 
Spur_XM_030996301.1                                    1.0711076 1.0310215 1.8545540 1.5083132 1.6277893 0.8782126 1.8616075 1.6641806 1.8640127 1.7133483 1.6568367 0.8799113 1.6672467 1.3874478 1.1650405 1.3602059 1.7070508 1.2502261 0.3730558 0.9518303 0.9439192 1.0201209 0.7773896 0.9965547 1.0666029 0.0000000 0.8651552 0.8526568 0.9090907 0.8176172 0.5915975 0.7910992 0.8519099 0.7513466 0.9530459 0.9065222 1.3117711 1.2804093 1.1831192 1.3368477 1.4150529 0.8135698 1.4348693 1.4848861 1.1359007 1.1490994 1.1191451 1.1811319 1.0853866 1.0879939 1.0895874 1.1643591 0.9196900 0.5867561 0.7023714 1.2311069 0.9251935 1.4053038 0.9648459 1.2792319 1.3136067 1.1375577 0.9537650 1.0009078 1.2263310 1.6914847 1.1732104 1.5444042 1.1885299 1.1871836 0.8977874 0.7579571 1.0226001 0.9424656 1.1527902 1.8053028 1.0032147 1.5669398 1.7780144 1.3052295 2.3021574 1.9218872 2.5670262 3.0334267 2.6088615 3.0130148 1.5081988 3.0206985 3.1558764 3.3863748 1.7266794 1.9421636 1.9782014 1.4046239 
Cgig_XM_011425603.3                                    0.8451016 0.9287891 1.7700126 1.4000498 1.5673338 0.8665739 1.6668767 1.5802219 1.8009513 1.7862850 1.7459630 0.8877586 1.7741228 1.1914442 1.1148815 1.3383186 1.6354678 1.2986952 0.3508736 0.9198925 0.9018515 0.9814737 0.7449375 0.9650587 0.9812846 0.8651552 0.0000000 0.8470798 0.9180112 0.7829401 0.6351882 0.7668169 0.8598947 0.7523078 0.8465148 0.9403452 1.2429319 1.2249857 1.3632008 1.1724852 1.2261476 0.8044220 1.2961931 1.3120339 1.1986531 1.1643539 1.1232172 1.1510223 1.0881924 1.1192787 1.1219852 1.0786555 1.0593264 0.6542089 0.7846097 1.2128621 0.9056624 1.1730632 0.7260740 1.1470750 1.1865994 0.7800333 0.6408009 0.9206200 1.2201853 1.7485322 1.2102838 1.3625579 1.0846223 1.1380828 0.8550343 0.8332848 1.0237824 0.8519125 1.0626364 1.8423411 1.1540441 1.4483901 1.9605921 1.2174001 2.1914110 1.9952044 2.2301175 2.4572487 2.2667532 2.5449961 1.3365435 3.0805535 3.1952506 2.7734842 1.6114112 1.8873513 2.0964718 1.4744249 
Dgig_XM_028547831.1                                    0.9357647 1.0159219 1.7677974 1.6203366 1.7660361 0.8221780 1.7815105 1.5875134 1.8143888 1.7467775 1.6937220 0.8014552 1.7782161 1.2169979 1.0820045 1.2732928 1.6344289 1.1894474 0.3544583 0.8931124 0.8732605 0.8994632 0.8195036 0.7689622 0.8185621 0.8526568 0.8470798 0.0000000 0.2432293 0.5692699 0.5749360 0.5548801 0.6190715 0.5459144 0.6270241 0.7669899 1.2533286 1.2326301 1.0679523 1.2190061 1.3519382 0.7153116 1.3041684 1.3513070 1.0188896 1.0107677 0.9734741 0.9574697 0.9337069 0.9294714 0.9280154 1.0220106 1.0177888 0.5397079 0.6819366 1.1023066 0.7792786 1.0632789 1.1172840 1.1399337 1.1761122 1.2564543 1.0281977 0.9371673 1.1032424 1.7052102 1.0443415 1.4807335 1.1599952 1.0792015 0.8818858 0.7303077 0.7640646 0.6441824 1.2109768 1.7115365 1.1429530 1.5767452 1.8298829 1.0305517 1.7592705 1.6801527 2.3462475 2.7880252 2.3820827 2.7120511 1.4714582 3.9168284 4.1097487 3.1980560 1.7148368 1.9111300 1.6616289 1.4678104 
Xesp_000986-T1                                         0.9134651 0.9801242 1.7614657 1.5335829 1.6288153 0.8285515 1.7830529 1.6649273 1.8613583 1.6478897 1.7405687 0.8619224 1.8539626 1.2881267 1.1813570 1.3781173 1.6796174 1.2163454 0.3560326 0.9742710 0.9388734 1.0023362 0.8736744 0.8672670 0.9075729 0.9090907 0.9180112 0.2432293 0.0000000 0.6700111 0.7054515 0.6467679 0.7386228 0.6350191 0.7360761 0.8490937 1.2621410 1.2981861 1.2697384 1.2354588 1.3927000 0.7505099 1.3293272 1.3505981 1.0349888 1.0414779 0.9720694 0.9800280 0.9326663 0.9734931 0.9717739 1.0563631 1.0214610 0.5793483 0.7025344 1.1655203 0.8585674 1.2287089 1.1732729 1.1454081 1.1844793 1.3029892 1.0814460 1.0233870 1.1698559 1.6402907 1.0615624 1.5590967 1.1512307 1.1832999 1.0014158 0.7712591 0.8829538 0.7439628 1.2997230 1.7087153 1.0017576 1.5947122 2.0345920 1.0891393 1.9377297 1.7312493 2.4762929 3.1810337 2.4368917 3.1013115 1.5699841 3.8075535 4.0691311 3.0050207 1.8231388 2.0629701 1.6306317 1.4214854 
Nvec_NVE8734                                           0.7692263 0.9181276 1.7302694 1.3894053 1.4774015 0.7473163 1.6748305 1.4442285 1.6561673 1.6709336 1.6367090 0.6992478 1.6070792 1.1176821 0.9889662 1.1621221 1.5166225 1.2089373 0.5475273 0.8101102 0.7960209 0.8803029 0.7343462 0.7381656 0.8175653 0.8176172 0.7829401 0.5692699 0.6700111 0.0000000 0.4518142 0.4062061 0.4809016 0.3986540 0.5084939 0.5388991 1.2372653 1.2072031 1.1371802 1.1825554 1.2067603 0.6875884 1.2296660 1.3224236 0.9642083 1.0070054 0.9006739 0.9209134 0.9104088 0.9119810 0.9102462 0.9393660 0.9802216 0.4938050 0.6026225 1.0208937 0.7229763 1.0994660 0.9467463 1.0514080 1.0974199 1.1783710 0.9760877 0.9022780 1.0017089 1.5875500 1.0106474 1.5148806 0.9102050 0.9504628 0.7247168 0.5178663 0.6112588 0.5108853 1.1582430 1.6747351 1.2057181 1.3151252 1.7380691 1.2398067 1.9125341 1.7940388 2.1572038 2.4430189 2.2574479 2.6103061 1.5065948 3.4513381 3.3387819 2.6723247 1.5756715 1.9458043 1.9239803 1.9362023 
Stycar_maker-SC_scaffold5564-augustus-gene-0.3-mRNA-1  4.4558515 4.6250914 3.8422865 6.5974135 4.7174155 4.7119887 3.5276015 1.0465830 4.4413718 4.6947500 0.9726226 0.6016994 0.6262920 1.7804317 0.7564238 0.7564238 1.0657811 0.0000010 3.4286608 0.6769665 0.6970420 1.1241594 0.5207943 0.5912873 0.4243203 0.5915975 0.6351882 0.5749360 0.7054515 0.4518142 0.0000000 0.4736969 0.5213568 0.5561125 2.9402973 0.5750379 0.6618516 0.6039850 0.3688517 0.7541283 0.5158474 0.5423357 2.4584322 2.9414878 0.6949022 0.7201697 0.6880848 0.3734382 0.6530768 0.6506472 0.6506472 0.6800034 3.0776322 4.1230963 3.1019042 2.0921100 0.7730938 5.4050767 0.6270505 0.8001632 0.7951615 4.4511958 0.7633981 0.6535568 0.2325727 3.1143015 0.2575332 0.6434329 0.0000010 0.9314192 2.2855852 0.0000010 0.7523499 1.0030819 2.1063612 4.0698286 2.5174034 0.0000010 0.0000010 3.0464418 0.0000010 3.5806951 0.0000010 0.0000010 0.0000010 8.9999990 0.0000010 0.0000010 0.0000010 0.0000010 2.2152864 5.1619397 9.0000000 2.5102391 
Gasp_gasp1.m3.25128.m1                                 1.1675366 1.1013530 1.8731190 1.3164477 1.5196540 0.8206822 1.8143666 1.5899654 1.7875301 1.6795731 1.7328395 0.7954813 1.7307195 1.2751526 1.0668335 1.1752268 1.6328518 1.5178726 0.4054239 0.8061967 0.7861524 0.8421436 0.7274092 0.7364708 0.7794497 0.7910992 0.7668169 0.5548801 0.6467679 0.4062061 0.4736969 0.0000000 0.1856710 0.0907213 0.1974862 0.5699362 1.2129665 1.1884160 1.0810811 1.1797997 1.3091073 0.7978663 1.2483094 1.3258044 1.0616417 1.0501127 0.9613068 0.9565448 0.9854713 0.9739784 0.9715804 1.0144393 0.9335731 0.6113122 0.7563066 1.1252116 0.7408485 1.4361051 1.0037034 1.1670064 1.2145811 1.1515527 0.9535816 0.9060613 1.0255016 1.5264247 0.9592366 1.5198994 1.1927122 1.0630477 0.8770335 0.8009712 0.3231265 0.2484688 1.1402959 1.6920547 0.4180709 1.3162358 2.5010972 1.0946215 1.7647203 1.6324025 2.0978822 2.4707844 2.4808657 2.2407682 1.3418773 3.1449999 3.1398593 2.8544933 2.0619257 1.8852356 1.7835827 1.6260187 
Spis_XP_022781443_1                                    1.2677027 1.1290967 2.0996328 1.4111586 1.5847673 0.7544469 2.0381130 1.6866080 1.9168001 1.8671127 1.8128860 0.7917467 1.7988428 1.2583837 1.0733106 1.1764272 1.7587904 2.2951422 0.4720520 0.9150128 0.8839688 0.9069361 0.8058650 0.8422627 0.8232449 0.8519099 0.8598947 0.6190715 0.7386228 0.4809016 0.5213568 0.1856710 0.0000000 0.1867265 0.3225934 0.6228420 1.3198822 1.2857128 1.0960141 1.2497827 1.3042695 0.7761561 1.2936819 1.4303304 1.1642367 1.1922864 1.0865740 1.1001480 1.1324823 1.1208429 1.1168925 1.0981548 0.9593737 0.6426848 0.7651391 1.2770441 0.8347237 1.4489194 1.0763114 1.2712237 1.3431900 1.2677820 1.0207444 1.0182350 1.1826896 1.5367257 0.9618598 1.6266706 1.3285954 1.4142181 1.0667210 1.4925276 0.4379219 0.3993382 1.2571187 1.8142587 0.5728157 1.6287309 3.0656359 1.2390124 1.9331080 1.6854791 2.2838762 2.7658457 2.7222186 2.4368948 1.3369704 3.2043834 3.2283289 2.9526878 2.4740184 2.1372412 1.7111445 1.7262729 
Fspp_ffun1.m4.15886.m1                                 1.1513369 1.0880375 1.7900521 1.3112899 1.4556342 0.7919479 1.7312493 1.5699413 1.7561791 1.6861799 1.7166536 0.8374052 1.7861389 1.3346922 1.0840513 1.1236025 1.5706919 1.4508243 0.4054239 0.7802241 0.7815800 0.8038059 0.6813496 0.7148445 0.8401633 0.7513466 0.7523078 0.5459144 0.6350191 0.3986540 0.5561125 0.0907213 0.1867265 0.0000000 0.2224832 0.5873732 1.1455745 1.1423247 1.0732487 1.1825153 1.2433974 0.7965912 1.2144734 1.3245351 1.0177649 1.0237820 0.9351026 0.9139449 0.9580169 0.9307433 0.9283682 0.9840791 0.9832922 0.5933978 0.7572586 1.0941677 0.7488110 1.2485114 0.9577455 1.1124085 1.1533062 1.1175224 0.9318574 0.8701858 0.9972449 1.4975261 0.9715780 1.4574545 1.0290923 0.9945650 0.7974352 0.6528375 0.2837866 0.2517450 1.1080814 1.6461955 0.6191515 1.2104545 2.2281206 1.0607236 1.7092864 1.6617118 2.1342578 2.4969425 2.5080073 2.2914372 1.3448280 3.0008632 2.9840869 2.5848251 1.7593897 1.7515853 1.7113860 1.5983394 
Gfas_gfas1.m1.4902.m1                                  1.1662317 1.0816362 1.8616521 1.3420007 1.5288657 0.7994853 1.7509216 1.8679248 1.8393971 1.6816197 2.0000209 1.6186870 2.2275714 1.4256335 2.3534500 2.3827522 1.8521747 1.4293842 0.4021796 0.9271472 0.9045108 0.8832560 0.8503394 0.8644379 1.2790039 0.9530459 0.8465148 0.6270241 0.7360761 0.5084939 2.9402973 0.1974862 0.3225934 0.2224832 0.0000000 0.7258484 1.4078069 1.3417515 2.1288061 1.3073308 1.5558605 1.3623840 1.2549926 1.3172915 1.1997894 1.2123826 1.0947588 1.1615650 1.1221321 1.1005340 1.0978028 1.1332730 0.9716242 0.6334887 0.8101929 1.1510669 0.8498515 1.1730784 1.0783546 1.2926162 1.3280170 1.0965150 1.0309766 1.0178863 1.1658478 1.3680106 1.3531069 1.7710981 1.0419487 1.0433781 0.8311361 0.7138624 0.2469835 0.2000181 1.1470411 1.6886800 0.3440478 1.2731508 2.4695231 1.0731671 1.6736956 1.6211262 2.2456969 2.6139913 2.4854418 2.3445387 1.3439307 3.2099645 3.1911795 2.7502954 1.9569342 1.9470007 1.5611539 1.4686350 
Exapal_XM_021055800.2                                  0.5426841 0.9812164 2.0211672 1.8191603 1.5513474 0.8214710 2.0979415 1.7187350 2.0776614 1.7129805 1.7520055 0.9387447 1.6298053 1.5149293 1.2653370 1.3791045 1.7101151 9.0000000 0.5244780 0.9707078 0.9285701 0.9956413 0.9172403 0.9310670 0.9775589 0.9065222 0.9403452 0.7669899 0.8490937 0.5388991 0.5750379 0.5699362 0.6228420 0.5873732 0.7258484 0.0000000 1.4574410 1.4080069 1.4776028 1.1634515 1.2302519 0.8222306 1.3308330 1.3577515 1.1586150 1.1629397 1.1348922 1.3428441 1.1732478 1.1063305 1.1085623 1.1225656 0.9906352 0.4880747 0.3910844 1.3377566 0.9253877 1.4697250 1.1562328 1.2817950 1.3274141 1.4547912 1.1598522 1.0661241 1.4085797 1.9319542 1.1542268 1.5591290 1.0725514 1.5877686 1.1746038 0.8986099 0.9331148 0.7678099 1.2946274 1.9432685 0.5366402 2.5522623 4.0490501 1.4388605 2.4700654 2.2753691 3.7412862 4.5102229 4.1446486 3.5068304 1.5728151 3.7385797 3.4689205 2.7861726 4.0752621 2.2654036 4.8391981 1.2756744 
Aque_Aqu2.1.36075_001                                  0.5950449 0.9803691 2.1062665 1.5255519 1.6366260 0.9817112 2.1255835 2.0123969 2.3305020 1.7263925 2.0130613 1.0140754 2.1653405 1.6017656 1.3375502 1.7059628 1.8731505 1.5671658 0.3152004 1.3202193 1.3154519 1.3713159 1.2347178 1.3012926 1.2575595 1.3117711 1.2429319 1.2533286 1.2621410 1.2372653 0.6618516 1.2129665 1.3198822 1.1455745 1.4078069 1.4574410 0.0000000 0.5570156 0.6178055 1.4938763 1.7249633 1.0156859 1.6304508 1.5954980 1.4532670 1.4685038 1.4234953 1.5445771 1.3718138 1.3556479 1.3339916 1.2575144 0.7893562 0.4096919 0.2873795 1.0532643 1.3585545 1.7895363 1.4170820 1.4329295 1.4574072 1.7751350 1.4618504 1.4280746 1.1874071 1.7127790 1.2124300 1.7926368 0.9903674 1.0327617 1.3572311 1.0071054 1.7572502 1.3445316 1.7383922 1.5449956 0.8819755 0.7895459 2.4257084 1.4163857 1.8714575 1.6600671 3.1824592 3.6099427 3.3771272 4.4202802 2.0553071 3.6765142 3.5631232 3.1956072 2.0562127 2.1689368 1.9951426 1.2042315 
Halamb_c48434_g1_i2mm.2659                             0.7530542 1.0004527 2.2575174 1.6929853 1.7920590 0.9925283 2.2101865 1.9587821 2.2939633 1.8100008 2.0200449 0.8466532 2.2026801 1.1972981 1.1546596 1.5014587 1.9533712 1.4724336 0.4282593 1.3368362 1.3105149 1.4271871 1.1744155 1.3122021 1.2375632 1.2804093 1.2249857 1.2326301 1.2981861 1.2072031 0.6039850 1.1884160 1.2857128 1.1423247 1.3417515 1.4080069 0.5570156 0.0000000 0.5202624 1.5245245 1.7277318 0.7941071 1.6351733 1.6684616 1.4556024 1.4811994 1.3989709 1.5288352 1.3460352 1.3650832 1.3544443 1.2239759 0.7460326 0.4253153 0.3400253 0.9683366 1.3622725 1.4467595 1.4614978 1.4174013 1.4403478 1.7984417 1.4610366 1.4524713 1.1073198 1.3827008 1.1676535 1.8294228 0.9419057 1.0370437 1.1790562 1.0898257 1.6356145 1.2631007 1.6642062 1.6266210 1.0758282 0.7261472 2.4840343 1.6122518 1.6471433 1.7230525 3.8220231 4.5140329 3.7414444 4.6645435 2.0919805 4.1970749 4.0649651 3.9268392 2.1185677 2.4906929 2.0754762 1.4373355 
Xestes_maker-XT_scaffold2662-augustus-gene-0.49-mRNA-1 0.0000010 0.0000010 3.7883924 0.0000010 0.0000010 0.0000010 4.3962809 1.9066083 4.2796864 0.0000010 1.8853144 1.0249403 1.4444765 1.7864160 1.3620555 1.7477745 2.2612754 0.0000010 0.0000010 1.1568260 1.1553401 1.4453497 1.0836732 1.2052173 1.1994841 1.1831192 1.3632008 1.0679523 1.2697384 1.1371802 0.3688517 1.0810811 1.0960141 1.0732487 2.1288061 1.4776028 0.6178055 0.5202624 0.0000000 1.5815383 1.5506750 0.9311330 1.8545588 2.4124933 1.4590125 1.4445910 1.4421530 1.4481232 1.4052477 1.3768819 1.3658935 1.2803674 2.9329385 0.0000010 0.0000010 1.6996600 1.4253115 4.1292779 1.5466347 1.4095146 1.4156204 3.1495719 1.4854719 1.4755006 0.8900326 1.8262573 0.8942773 1.7740467 0.0000010 2.4866669 0.0000010 0.0000010 2.3623250 1.3301342 2.0041481 2.0970811 0.8238711 0.0000010 0.0000010 0.0000010 1.1814755 1.3910480 4.5784290 5.0096660 5.3406354 4.4883482 1.9704172 0.0000010 0.0000010 0.0000010 0.0000010 2.6778949 0.0000010 0.0000010 
Lcom_lcpid21076                                        1.0353207 1.1540189 2.0521946 1.6328190 1.7279935 1.1429412 2.0264084 1.8034242 2.0695509 1.6789301 1.8095130 0.9754777 1.8951761 1.5842041 1.3510493 1.5029787 1.8292397 1.3500636 0.5719121 1.3813679 1.3278142 1.3553482 1.1875229 1.3347679 1.3091862 1.3368477 1.1724852 1.2190061 1.2354588 1.1825554 0.7541283 1.1797997 1.2497827 1.1825153 1.3073308 1.1634515 1.4938763 1.5245245 1.5815383 0.0000000 0.2506204 0.2036771 0.2273192 0.2725801 1.3566639 1.3602299 1.3096841 1.4461174 1.2211682 1.3382854 1.3365563 1.2646760 1.1582138 0.6527411 0.7634390 1.3897049 1.3306320 1.7386502 1.3716900 1.3127329 1.3713135 1.7016847 1.4350143 1.4289766 1.6011652 2.5493174 1.6766632 1.7725249 1.5097133 1.4965669 1.7441398 1.1539504 1.5206530 1.3827231 1.6025152 1.9443547 1.1433056 1.8591948 1.9307374 0.5103446 2.8226835 2.3632843 3.4148289 3.8573156 2.8576564 3.1327396 0.6492997 3.9046618 3.9009733 3.0486953 1.4575920 1.8196853 2.9265716 1.7061679 
