72
Vmul_sbMO397138                                     0.0000000 0.0232011 0.9129324 2.2701377 2.1772987 4.2583737 2.0117292 1.5919627 1.9984897 1.9984897 1.9984897 1.9019415 2.9207764 3.2225316 7.9721455 9.0000000 6.0800286 7.4523399 8.9999987 8.9999986 6.6629793 5.9075925 0.0000010 6.9483665 5.2758451 4.8331188 4.9006080 5.1821682 7.2520671 4.7065291 6.3871553 0.0000010 6.8682323 8.9999987 3.2025865 8.9999984 7.3029623 0.0000010 7.0487852 7.7513429 8.9999981 6.2951779 7.1053954 6.8766120 8.9999988 5.2117412 8.4088755 8.5605978 8.5267037 5.5858184 6.0890862 4.4253893 4.0552065 8.9999989 7.3793715 8.9999987 7.0378180 8.1316387 8.9999989 3.3231391 3.3231391 3.3231391 3.2961920 3.2948873 3.2961920 7.5199474 4.4076300 4.9312661 7.1534111 0.0000010 8.3463626 0.0000010 
Mlei_ML1635.g3.i1                                   0.0232011 0.0000000 0.4271626 0.9579674 0.9476994 0.5726167 0.9714353 0.7882169 0.9300617 0.9681488 0.9738017 0.9245252 1.1066526 1.2561608 3.2797854 1.3481761 2.5909381 3.4207796 2.0993104 1.8290587 2.5363796 2.6177809 1.1464618 3.0685596 2.5703946 2.2489102 2.4724683 2.4628321 2.8737819 2.3956052 2.5329668 0.9828328 1.9179256 3.3322339 1.8698171 3.0923513 2.7687923 4.0552871 1.7018636 3.2570692 2.6291224 3.1205373 2.9386189 3.1909212 2.9314891 2.2274400 3.1477829 3.0142089 2.4107870 2.9369409 2.9927575 2.1042172 2.2225346 2.8836269 3.7425352 2.8724372 2.9330318 2.9284223 3.1158743 3.5221610 1.5146395 1.6390057 3.3795771 4.1249936 4.2029909 3.2520169 4.6038709 3.3258010 3.0835551 2.1130450 2.5709781 2.6877729 
Bolinf_Binf_sb1237497                               0.9129324 0.4271626 0.0000000 0.9192698 0.8933279 0.5071279 0.9710888 0.7924585 0.8939390 0.8890517 0.9755364 0.8484144 1.0221150 1.2768417 3.1003326 1.3091181 2.2580119 3.3405060 2.0076250 1.8970666 2.7278358 2.8584832 1.1042303 3.2958233 2.7160989 2.2611008 2.5657903 2.6216197 2.5476717 2.3522191 2.3730561 0.9850835 1.7844965 3.4179624 1.7725073 2.8961827 2.7907672 3.8547435 1.7797144 3.1884951 2.7464094 2.8570776 2.6576268 3.1829931 2.5596381 2.1497760 2.8429286 2.7347886 2.1723652 2.9735870 2.8752499 1.9501546 2.3539788 2.7810832 3.5070105 2.8766364 2.9467850 2.9439721 3.0288873 3.4216030 1.4003913 1.6127680 3.5115827 4.4191171 4.4229314 3.4629387 5.8019642 3.5321941 3.1976008 2.1460710 2.7126491 1.9822039 
Pbac_sb2642621                                      2.2701377 0.9579674 0.9192698 0.0000000 0.0753084 0.6479153 0.9925307 1.1020315 1.0436163 1.0934462 1.0649496 1.0382775 1.2323569 1.3716859 2.8131324 1.2797348 2.3435540 3.3558115 2.1059368 1.7922555 2.4268609 2.6032143 1.2032319 3.0118941 2.3881531 2.1693759 2.8233554 2.7664306 3.0129963 2.2535841 2.3782506 0.8920582 1.8545850 3.8185231 2.0157273 2.7473982 2.7161543 5.8362350 1.8951943 2.8194473 2.4396230 2.8899918 2.8932936 3.2154523 3.0210371 2.3222796 3.3320612 3.1246796 2.2954941 2.7693052 3.0641710 2.2116990 2.6408626 2.9155692 3.6230724 3.1889646 2.6530189 2.9367002 3.0026705 2.8597180 1.3361357 1.4821820 2.5460153 3.2043273 3.1173186 3.2183797 5.4883663 3.4969179 3.0759975 2.0899359 3.0535147 2.8597783 
Horcal_Hcv1.av93.c9.g672.i1                         2.1772987 0.9476994 0.8933279 0.0753084 0.0000000 0.5828010 0.9183379 1.0816356 1.0086170 1.0566123 1.0322210 1.0037912 1.1984476 1.3545381 2.8029926 1.2797348 2.2417332 3.2143213 2.0058577 1.7577678 2.3786046 2.5908705 1.2032319 2.9644331 2.4459911 2.1026255 2.9062113 2.8317292 2.9814842 2.1979811 2.2593627 0.8920582 1.8152778 3.7496882 2.0562366 2.7505229 2.6762557 5.5088320 1.8357061 2.7833836 2.4692946 2.8604651 2.7989020 3.1616907 2.8595762 2.2488132 3.2707583 3.0260865 2.2897099 2.7702412 3.0667653 2.1256423 2.6099155 3.0453579 3.6144502 3.0884616 2.7935058 2.8518735 2.9120452 2.9581306 1.3695779 1.5225793 2.3152678 2.8588246 2.7917345 3.1442350 5.3183609 3.2476035 2.9813523 2.0899359 2.8514982 2.8608374 
Drygla_Dgla_sb310481                                4.2583737 0.5726167 0.5071279 0.6479153 0.5828010 0.0000000 0.5298604 0.4862915 0.7535956 0.7468946 0.3203375 0.7241722 1.0310452 0.8503850 1.5926491 0.0000010 1.6898841 1.9710285 1.6208804 1.7177211 1.7879777 1.7511002 2.5696714 1.7808430 1.5814307 1.0763709 1.5030810 1.4604044 1.3505821 1.2949108 1.0507408 0.7751605 1.2642215 1.2785088 1.5987629 1.6508751 1.3577514 3.3129329 1.4283611 1.8861783 1.6103484 2.4598129 1.8271686 1.8868238 1.4827740 1.4174658 1.3856798 1.9701939 1.9801131 1.9390784 2.3146640 1.3581046 1.0646189 0.6080636 2.5253057 1.1817938 2.2282412 1.8053414 1.9159211 1.1283182 1.0440358 2.2951092 4.0423601 4.0423601 4.0423601 1.4550069 3.4214031 1.6820972 1.9024595 2.3966633 4.4221818 2.0112279 
Lampan_Lpan_14163_01                                2.0117292 0.9714353 0.9710888 0.9925307 0.9183379 0.5298604 0.0000000 0.9753945 0.9928970 1.0399191 1.0430355 0.9600977 0.9732032 1.1142022 2.7400814 1.2060426 2.3183603 2.9603319 1.9041216 1.6896041 2.4726338 2.4004537 1.1475276 2.5690950 2.1723493 1.9729066 2.5472973 2.4415443 2.7479125 2.3173055 2.3427709 0.8687824 2.0701562 3.4461852 1.8009120 2.8527856 2.6919970 3.5776153 1.5864057 2.7272431 2.3137787 2.6649909 2.6849034 2.7385574 2.8117108 2.4646980 3.4912832 3.0521739 2.2730258 2.6461628 2.6523097 2.0138805 2.4385913 2.2481190 3.6881085 2.5869264 2.5224705 2.5054240 3.0134886 2.0769062 1.0840273 1.1169745 2.7033721 3.4419479 3.1483040 2.8688430 4.4921029 3.1196404 2.7275500 2.2672756 2.5644282 2.6096797 
Beraby_Baby_sb349520                                1.5919627 0.7882169 0.7924585 1.1020315 1.0816356 0.4862915 0.9753945 0.0000000 0.9518101 0.9949894 0.9895448 0.9079675 1.1677261 1.3046918 3.1880910 1.2815657 2.5549800 3.3117372 2.1046964 1.8840843 2.5171942 2.7333846 1.0976012 3.0900049 2.5822371 2.2448445 2.6823128 2.6724998 2.9327119 2.4416997 2.6517032 0.9331997 2.0719597 3.4466826 1.9136442 2.9433875 2.8663332 3.5708942 1.9131694 2.9963650 2.6587989 2.8567451 2.9583166 2.7300411 2.9706825 2.3577841 3.2222941 3.0369220 2.3819401 3.0155380 2.8175835 2.0931172 2.5209030 2.3413081 3.8973038 2.8504243 2.8174479 2.9013822 3.3318748 3.1168115 1.4797498 1.5733768 2.5154987 3.1654575 3.1482371 3.2277372 5.0816346 3.4012513 2.7787456 2.1152800 2.7593216 2.3956775 
Bolinf_Binf_sb1249156                               1.9984897 0.9300617 0.8939390 1.0436163 1.0086170 0.7535956 0.9928970 0.9518101 0.0000000 0.0131955 0.0100394 0.0110806 1.1083030 1.2120206 2.7637197 1.1531868 2.1510312 3.0846487 1.8787422 1.7731649 2.6465298 2.6742008 1.1341910 2.5984333 2.4434100 2.0153609 2.3266465 2.3617236 2.3882954 2.0794168 2.3748542 0.8584126 1.8009381 3.0477430 1.6808692 2.6029013 2.1379134 3.3936090 1.6651011 2.5301157 2.4601235 2.5684223 2.6757350 2.3495777 2.9698843 2.3603437 3.3267918 3.3062394 2.3476964 2.7915929 2.9369113 2.2294254 2.2793822 2.3699863 3.7827138 2.4228068 2.5882956 2.6595571 2.9174285 2.9221469 1.3303273 1.4539077 2.4765313 3.2954345 2.9808267 3.1425396 4.8376757 3.4314862 2.8493854 2.1249292 2.5164444 2.4183265 
Mertsp_Mesp_sb597168                                1.9984897 0.9681488 0.8890517 1.0934462 1.0566123 0.7468946 1.0399191 0.9949894 0.0131955 0.0000000 0.0000010 0.0021943 1.1786923 1.3035688 2.7768378 1.1531868 2.1666514 3.2720960 1.8787422 1.8236926 2.6797200 2.6985291 1.1341910 2.6156310 2.4637198 2.0416254 2.3249603 2.3605373 2.3914904 2.0928278 2.3787154 0.8584126 1.7971178 3.1815425 1.6494976 2.5918197 2.1551499 3.4261495 1.6637824 2.7245232 2.4781283 2.7204720 2.9446359 2.5625527 3.0363266 2.4041381 3.3625361 3.3421413 2.4701615 2.9144674 3.1801058 2.2294254 2.2793822 2.3699863 3.8949432 2.4228068 2.6136495 2.6840417 2.9462178 2.9221469 1.3933434 1.4539077 2.4765313 3.2954345 2.9808267 3.1764269 4.9458432 3.4785964 2.8751896 2.1249292 2.5878623 2.6522963 
Mertsp_Mesp_sb597180                                1.9984897 0.9738017 0.9755364 1.0649496 1.0322210 0.3203375 1.0430355 0.9895448 0.0100394 0.0000010 0.0000000 0.0025089 1.1411693 1.3600803 2.8910878 1.1531868 2.2066712 3.5731739 1.8946305 1.8889305 2.8277437 2.7862855 1.1557457 2.6646858 2.5312172 2.1981902 2.5542452 2.6118576 2.5526303 2.0931210 2.5947894 0.9242113 1.7249365 3.5402480 1.6756318 2.7053063 2.3617406 8.9999981 1.6724518 2.7454086 2.7254450 2.7559692 2.9587063 2.4573043 3.3390239 2.4348829 3.6737426 3.6711758 2.4475414 2.9892423 2.9446927 2.2554167 2.3797146 2.3699863 4.1133287 2.7917084 2.7252453 2.9162565 3.1008399 2.9221469 1.3613456 1.4510028 2.4309018 3.2465361 2.9327416 3.7239858 5.0885698 3.7484484 3.1387137 2.1244372 2.6109021 3.0532206 
Mertsp_Mesp_sb597173                                1.9019415 0.9245252 0.8484144 1.0382775 1.0037912 0.7241722 0.9600977 0.9079675 0.0110806 0.0021943 0.0025089 0.0000000 1.0884510 1.2242164 2.6112243 1.1531868 2.0776118 3.1683335 1.8787422 1.8236926 2.6797200 2.6985291 1.1341910 2.6156310 2.4396703 2.0416254 2.2646674 2.2971164 2.2961164 2.0622454 2.3387912 0.8584126 1.7642861 3.0619465 1.6483001 2.5405791 2.0785112 3.4261495 1.6637824 2.6137261 2.4781283 2.6094669 2.8154155 2.5047295 2.9290838 2.3098875 3.2699071 3.2327695 2.3500519 2.8055086 3.0599158 2.1723493 2.1580578 2.3699863 3.7847766 2.3874130 2.5144144 2.5926779 2.8923676 2.7429162 1.3178123 1.3817541 2.4250213 3.2501471 2.9314649 3.0804626 4.7415616 3.3854752 2.8751896 2.1249292 2.5878623 2.1392606 
Vmul_SimC405394                                     2.9207764 1.1066526 1.0221150 1.2323569 1.1984476 1.0310452 0.9732032 1.1677261 1.1083030 1.1786923 1.1411693 1.0884510 0.0000000 0.6046003 2.4558347 1.1529174 2.0358178 2.7172797 1.8562287 1.6415976 2.4543497 2.1792536 1.1915377 2.5219383 2.1793130 1.8697152 2.4025328 2.3545910 2.4047836 2.2479062 2.4049213 0.9744522 2.0804194 3.0095185 1.7539509 2.5329644 2.3920014 4.3037618 1.7071159 2.3079877 2.6255184 2.4129315 2.6140954 2.4168128 3.1047353 2.4610778 3.1683920 3.0978840 2.5204279 2.7799482 2.9750910 2.1569832 2.3020470 2.7363665 3.2195779 2.6599988 2.6812822 2.5615736 2.8918118 3.2393372 1.4655563 1.5003329 3.6652638 4.6486253 4.3007890 2.8134424 3.6906496 2.9265281 2.8737274 2.0227525 2.5859627 2.2989131 
Coemet_Cmet_scaffold18746_01                        3.2225316 1.2561608 1.2768417 1.3716859 1.3545381 0.8503850 1.1142022 1.3046918 1.2120206 1.3035688 1.3600803 1.2242164 0.6046003 0.0000000 2.8070110 1.1194009 2.4965443 3.0214585 1.8223935 1.5980450 2.6837849 2.5933855 1.1108622 2.8942400 2.4456547 2.1087018 2.3416650 2.4026946 2.4661373 2.5360702 2.8302654 0.9859501 2.0265046 3.3312542 1.9051412 2.7209405 2.6090748 3.5280146 1.7236899 2.6517743 2.8341451 2.5890059 2.8302459 2.6892899 2.6548892 2.2037274 3.0818489 3.1288920 2.4600111 2.9759131 3.2290029 2.2305551 2.0539802 2.5509305 3.5863881 2.7136204 2.6602365 2.5602560 3.2033447 2.3867852 1.2937436 1.2934323 3.4875867 4.5223775 4.0854128 3.2682588 4.5212214 3.2192835 2.7906912 1.9737108 2.4174263 2.0047844 
Emue_Em0017g253a.t1                                 7.9721455 3.2797854 3.1003326 2.8131324 2.8029926 1.5926491 2.7400814 3.1880910 2.7637197 2.7768378 2.8910878 2.6112243 2.4558347 2.8070110 0.0000000 0.1564906 0.6673662 1.7894904 1.0088335 0.9024666 2.6560275 2.5247207 0.8527725 2.4814839 2.5426569 2.1347110 2.3866588 2.4291865 2.2541295 2.4579524 2.4619784 1.0104698 2.0884266 2.9680514 1.8990431 2.2635802 2.6136219 3.6373922 1.7176097 2.6739144 2.1974392 2.6070358 2.9281669 2.6698617 3.0040132 2.4186648 3.2696394 2.8641670 2.2825941 2.6294221 2.7814808 2.0144816 2.3574021 1.8251100 3.1863661 2.5228260 2.8782830 2.5693664 2.3955935 7.4035420 3.0108662 3.4469688 4.8405950 5.2758569 4.9669241 2.4636674 5.7692793 3.0048632 2.9618086 2.3250216 1.0762278 2.0718496 
Spolac_c97458_g2_i1_m.15075c97458-g1                9.0000000 1.3481761 1.3091181 1.2797348 1.2797348 0.0000010 1.2060426 1.2815657 1.1531868 1.1531868 1.1531868 1.1531868 1.1529174 1.1194009 0.1564906 0.0000000 0.0297205 0.7524726 0.7837680 0.7754695 1.2261979 1.2168351 0.8430246 1.0746524 1.2407263 0.7999187 1.1395554 1.1395554 1.0631923 1.0273976 1.0503006 1.0503006 0.9258733 1.1131480 0.8211642 0.8213070 0.9923824 8.9999985 0.9501140 1.0892285 0.9701104 1.2462580 1.2811813 1.1927697 1.2043282 1.3910095 1.3697405 1.0403617 0.9355906 1.0430595 0.9608673 0.8727416 1.0791470 1.0874282 1.2282771 1.0816957 1.3673279 1.2255824 0.8962507 7.6250000 1.3071440 1.3071440 3.2922686 0.0000010 0.0000010 1.0473877 2.3184831 1.5920937 0.8595156 1.5956922 0.4748330 6.7089213 
Spolac_c97458_g2_i2_m.15076c97458-g1                6.0800286 2.5909381 2.2580119 2.3435540 2.2417332 1.6898841 2.3183603 2.5549800 2.1510312 2.1666514 2.2066712 2.0776118 2.0358178 2.4965443 0.6673662 0.0297205 0.0000000 1.7400371 1.0037618 0.9577060 1.8143392 2.1403380 0.8778538 2.0243414 1.9914394 1.7279130 1.8814561 1.8572761 1.7121891 2.4301729 2.4039846 1.0257103 1.7654146 2.0180666 1.6835256 2.0293574 2.0341861 3.7948335 1.5738012 2.5490429 1.6680328 2.6001672 2.9423105 2.3506007 2.0681569 2.3926358 2.2550773 1.9721717 1.6481534 2.2020739 2.4033275 1.4702793 1.5047947 2.1353445 2.6382108 1.8801864 1.8831979 1.9104099 1.9159670 7.9510031 2.4252229 2.5950136 5.1782460 6.0009166 5.4690460 1.8637801 5.3485284 2.2658252 2.3082840 2.0651665 1.0690056 1.9707933 
Aque_Aqu2.1.44041_001                               7.4523399 3.4207796 3.3405060 3.3558115 3.2143213 1.9710285 2.9603319 3.3117372 3.0846487 3.2720960 3.5731739 3.1683335 2.7172797 3.0214585 1.7894904 0.7524726 1.7400371 0.0000000 0.3304506 0.9262113 2.2330103 2.3862726 1.1276464 2.3781419 2.4254928 2.1708178 2.4235285 2.4532644 2.1770347 2.6167500 2.5265238 0.9873230 2.0488659 2.6317323 1.9689033 2.6965341 2.2615087 3.4831557 1.7225447 2.3380724 2.1728653 2.6441403 2.7120769 2.3909800 2.4587474 2.2762268 3.1779817 2.4567809 2.3353253 2.5514498 2.8006150 2.2137710 2.4938033 2.3063924 3.0706502 2.3882316 2.2937506 2.4233607 2.9165975 6.6351286 2.8882123 3.4611420 5.8198363 7.0220230 6.2048200 2.5894297 5.0944058 3.0061253 3.1078215 2.2713470 1.4470312 1.7453655 
Halamb_c42184_g1_i1m.14641                          8.9999987 2.0993104 2.0076250 2.1059368 2.0058577 1.6208804 1.9041216 2.1046964 1.8787422 1.8787422 1.8946305 1.8787422 1.8562287 1.8223935 1.0088335 0.7837680 1.0037618 0.3304506 0.0000000 0.9333925 1.6978021 1.5251548 0.9462362 1.3866872 1.4084050 1.2529701 1.2579555 1.2250450 1.2001036 1.6877496 1.6079611 1.0314612 1.6644431 1.3021794 1.4497901 1.6113546 1.3614425 4.0950707 1.4472639 1.5557718 1.4613262 1.7070026 1.9387208 1.6890953 1.8878263 2.0231564 2.2304057 2.0103543 1.6012759 1.6101333 1.7961365 1.8083215 1.0814502 2.6682722 1.6324323 1.4179008 1.6155466 1.5390320 1.5303479 4.8554806 1.7863345 1.9881254 5.8348955 8.9999986 8.3324740 1.7001655 3.0897247 1.6868062 1.6234796 2.3805795 1.3217838 1.3084552 
Tetwil_g16756.t1                                    8.9999986 1.8290587 1.8970666 1.7922555 1.7577678 1.7177211 1.6896041 1.8840843 1.7731649 1.8236926 1.8889305 1.8236926 1.6415976 1.5980450 0.9024666 0.7754695 0.9577060 0.9262113 0.9333925 0.0000000 1.3942054 1.3468610 1.0673969 1.2541954 1.3011366 1.1817118 1.3623674 1.1997387 1.2368320 1.4136595 1.4113639 1.0774581 1.4293787 1.3812056 1.2451094 1.2531816 1.2507216 3.3568800 1.4930433 1.7445387 1.3475644 1.5274800 1.6133511 1.4370636 1.7735051 1.8305323 2.0856560 1.7848878 1.6772443 1.6864112 1.5624114 1.4714855 1.2832120 2.3164085 1.6527803 1.3926962 1.6992975 1.4649626 1.5231908 8.9999989 1.7937034 2.1474663 8.9999982 8.9999984 8.9999984 1.3020272 2.7251248 1.4813170 1.4125702 2.2034944 1.1268676 0.7514028 
Spis_XP_022790114_1                                 6.6629793 2.5363796 2.7278358 2.4268609 2.3786046 1.7879777 2.4726338 2.5171942 2.6465298 2.6797200 2.8277437 2.6797200 2.4543497 2.6837849 2.6560275 1.2261979 1.8143392 2.2330103 1.6978021 1.3942054 0.0000000 0.1437713 0.3852595 0.7309970 0.2738607 1.4637942 1.6536972 1.5467283 1.4111434 1.9022226 1.8911429 0.7791088 1.8796588 2.3975417 1.3565149 1.6206523 1.9088697 2.2088346 1.4837730 2.0629107 1.8068578 1.8138609 2.3901866 1.8237837 2.7463138 2.3761463 2.7453496 2.6098329 1.7121060 1.8909813 1.7938855 1.8688546 1.6460563 2.4340290 3.3528462 1.8339844 2.2270829 1.8899838 2.3533446 6.7065361 2.5060837 3.3627352 6.9235822 8.9999984 8.2801961 2.6151610 1.1380140 0.6216190 1.4993880 2.0817174 2.8684924 1.1371283 
Spis_XP_022803608_1                                 5.9075925 2.6177809 2.8584832 2.6032143 2.5908705 1.7511002 2.4004537 2.7333846 2.6742008 2.6985291 2.7862855 2.6985291 2.1792536 2.5933855 2.5247207 1.2168351 2.1403380 2.3862726 1.5251548 1.3468610 0.1437713 0.0000000 0.2543384 0.6801779 0.2050202 1.2168581 1.7154211 1.6211398 1.6832986 1.6753778 1.7769297 0.7244345 1.5480623 2.5783653 1.2753968 1.5617613 2.0125018 2.7824667 1.3149831 2.0399916 2.0998305 1.8266096 2.6651645 2.0842106 2.2801124 2.1332493 2.5945090 2.3284286 1.6378789 2.0879401 1.9566977 1.8607681 1.9350915 1.8801237 3.2299787 2.1177840 2.1041518 1.9258598 2.3707885 5.7389802 2.5319770 3.0313939 7.3831363 8.9999981 8.6968471 2.3923380 0.9498641 0.6027338 1.1639035 2.2374940 2.0403463 1.2952352 
Adig_XM_015911123.1                                 0.0000010 1.1464618 1.1042303 1.2032319 1.2032319 2.5696714 1.1475276 1.0976012 1.1341910 1.1341910 1.1557457 1.1341910 1.1915377 1.1108622 0.8527725 0.8430246 0.8778538 1.1276464 0.9462362 1.0673969 0.3852595 0.2543384 0.0000000 0.1855932 0.2089089 0.5317455 0.7811393 0.7811393 0.6034917 0.7958251 0.8685358 0.8685358 0.7998862 0.8676397 0.6781324 0.6946284 0.8082603 6.5308970 0.7968820 0.7458859 0.7741548 0.6661003 0.9544547 0.8409596 1.1401420 1.1771986 1.2029588 1.1816180 0.7761322 0.7761322 0.8030165 0.9162572 0.7462759 1.1320728 1.2509306 0.6943851 0.8118232 0.8261457 0.8730083 1.9089655 1.2244763 1.1733700 0.0000010 0.0000010 0.0000010 1.0235553 5.0314766 0.4111993 0.0000010 1.8941715 0.8441172 3.9024742 
Gfas_gfas1.m1.44.m1                                 6.9483665 3.0685596 3.2958233 3.0118941 2.9644331 1.7808430 2.5690950 3.0900049 2.5984333 2.6156310 2.6646858 2.6156310 2.5219383 2.8942400 2.4814839 1.0746524 2.0243414 2.3781419 1.3866872 1.2541954 0.7309970 0.6801779 0.1855932 0.0000000 0.6047149 1.3730838 1.9308394 1.9371305 1.8374947 1.6873643 1.6149755 0.7100564 1.5663808 2.7903565 1.2580481 1.6244336 2.0337940 2.7044724 1.3612681 2.1672959 1.9809655 1.7896545 2.3836813 1.9657677 2.2271778 1.7721022 2.5286414 2.1680659 1.5637299 2.1104581 2.1072690 1.9165119 1.8711886 1.8079975 3.1796864 2.1731047 2.0388701 2.0968642 2.3930552 5.5423426 2.4947166 2.9804397 7.2814804 8.9999985 8.1885640 2.4624234 1.2017188 0.7354775 1.0413227 2.0418150 1.7823910 1.4193685 
Pocdam_XM_027180434.1                               5.2758451 2.5703946 2.7160989 2.3881531 2.4459911 1.5814307 2.1723493 2.5822371 2.4434100 2.4637198 2.5312172 2.4396703 2.1793130 2.4456547 2.5426569 1.2407263 1.9914394 2.4254928 1.4084050 1.3011366 0.2738607 0.2050202 0.2089089 0.6047149 0.0000000 1.2453488 1.7809365 1.7516995 1.7008079 1.6274654 1.6613633 0.7194360 1.5425180 2.5616135 1.2233837 1.4634690 1.9213139 2.5275129 1.2694306 2.2479370 1.8597478 1.8925467 2.4857401 1.9455772 2.1813324 1.9531290 2.5986243 2.2540666 1.6119647 2.0909196 1.8072228 1.8600573 1.9538579 1.5439276 3.0208308 2.1758281 2.1285824 1.9644988 2.3989621 4.8472414 2.3249990 2.7512242 6.2921033 8.4921658 7.3197421 2.4419978 0.9181610 0.5851231 1.0990940 2.0963009 1.6943477 1.2895267 
Exapal_XM_021061139.2                               4.8331188 2.2489102 2.2611008 2.1693759 2.1026255 1.0763709 1.9729066 2.2448445 2.0153609 2.0416254 2.1981902 2.0416254 1.8697152 2.1087018 2.1347110 0.7999187 1.7279130 2.1708178 1.2529701 1.1817118 1.4637942 1.2168581 0.5317455 1.3730838 1.2453488 0.0000000 1.5015027 1.4839713 1.2841022 1.4354440 1.5375769 0.7325105 1.5283653 1.9862609 1.1888041 1.4496118 1.8956372 2.2984443 1.0587330 1.6818725 1.8811224 1.6669680 2.0750520 1.9035292 2.1134914 1.8713991 2.2990954 2.0574770 1.5770919 1.7842348 1.7868990 1.5810368 1.6361266 1.7942412 2.7569366 1.6206955 1.6178913 1.5264511 2.4669468 3.4637521 1.7201807 2.1860678 6.4384455 8.6876370 6.9308144 2.3615513 2.1917161 1.4431362 1.4616795 2.0693378 1.9333117 1.2901951 
Nemnom_g2654.t1                                     4.9006080 2.4724683 2.5657903 2.8233554 2.9062113 1.5030810 2.5472973 2.6823128 2.3266465 2.3249603 2.5542452 2.2646674 2.4025328 2.3416650 2.3866588 1.1395554 1.8814561 2.4235285 1.2579555 1.3623674 1.6536972 1.7154211 0.7811393 1.9308394 1.7809365 1.5015027 0.0000000 0.0311349 0.5688485 1.7126793 1.9401059 0.8205522 1.6532829 2.7005497 1.2233019 1.8181539 1.1872569 2.0754723 1.2553952 1.9975711 1.9611768 1.7922376 2.4244380 1.9558454 2.7874952 2.3043710 2.8508838 2.7035075 1.3758427 1.8649151 2.1030794 2.0810770 1.1760062 2.3387739 3.2125614 1.8981783 1.6432721 1.4317122 2.4308723 5.8992405 2.4586263 2.9706947 5.1249179 6.1343207 5.5696746 2.3807223 3.5274333 1.9728758 2.0585130 2.0323675 1.7311179 1.0819601 
Nemnom_g13999.t1                                    5.1821682 2.4628321 2.6216197 2.7664306 2.8317292 1.4604044 2.4415443 2.6724998 2.3617236 2.3605373 2.6118576 2.2971164 2.3545910 2.4026946 2.4291865 1.1395554 1.8572761 2.4532644 1.2250450 1.1997387 1.5467283 1.6211398 0.7811393 1.9371305 1.7516995 1.4839713 0.0311349 0.0000000 0.5963174 1.7293948 1.9450729 0.8289802 1.6715277 2.7410006 1.2275771 1.8095343 1.2420680 2.0754723 1.2416094 1.9787938 1.8683346 1.8567871 2.3191514 1.9186704 2.7570096 2.1969966 2.8631378 2.6018549 1.3730930 1.8925887 2.1109685 2.0241317 1.2782979 2.2968760 3.2154038 1.8313847 1.6325922 1.4855523 2.3108899 6.5654918 2.4546665 2.9993998 6.6055334 7.2877363 7.5638081 2.3405569 3.5846055 1.9712975 1.9060451 2.0323675 1.6642752 1.0819601 
Rhoesc_Res_003773-T1                                7.2520671 2.8737819 2.5476717 3.0129963 2.9814842 1.3505821 2.7479125 2.9327119 2.3882954 2.3914904 2.5526303 2.2961164 2.4047836 2.4661373 2.2541295 1.0631923 1.7121891 2.1770347 1.2001036 1.2368320 1.4111434 1.6832986 0.6034917 1.8374947 1.7008079 1.2841022 0.5688485 0.5963174 0.0000000 1.6955402 1.7648089 0.7083523 1.6396691 2.5631600 1.1163445 1.7273003 1.2374911 2.4238792 1.2305968 1.9866772 1.9326894 1.9978088 2.1604265 1.9774854 2.4429130 2.1438622 2.6434402 2.4784920 1.3097902 1.8790371 1.9771056 2.1484577 1.1689129 2.0877417 3.1136476 1.8505262 1.6534130 1.6218122 2.6201280 6.0193735 2.4532635 3.0034189 4.8527116 5.7702174 5.2104795 2.2208461 3.8267196 1.9877457 2.1515543 1.8883425 1.6611763 0.9740695 
HoiH23_PlH23_006858-RA                              4.7065291 2.3956052 2.3522191 2.2535841 2.1979811 1.2949108 2.3173055 2.4416997 2.0794168 2.0928278 2.0931210 2.0622454 2.2479062 2.5360702 2.4579524 1.0273976 2.4301729 2.6167500 1.6877496 1.4136595 1.9022226 1.6753778 0.7958251 1.6873643 1.6274654 1.4354440 1.7126793 1.7293948 1.6955402 0.0000000 0.4918546 0.1967746 0.2302799 2.0673468 1.6510902 1.8448487 1.8051950 3.3163167 1.5244251 1.9542506 1.8028405 1.9960072 1.9587328 1.8642118 2.2176055 1.8530823 2.1843544 2.1491792 1.4756077 1.8441647 2.2025397 1.6270887 1.7310625 1.8198665 3.4842066 1.8400066 1.8121710 1.7533343 2.5538288 6.4284479 2.3055562 2.6692288 6.3655519 7.0999923 6.3387556 2.3645311 2.9403012 2.0545325 2.0061379 2.0477934 1.7941246 2.1621119 
TrH2_TrispH2_005191-RA                              6.3871553 2.5329668 2.3730561 2.3782506 2.2593627 1.0507408 2.3427709 2.6517032 2.3748542 2.3787154 2.5947894 2.3387912 2.4049213 2.8302654 2.4619784 1.0503006 2.4039846 2.5265238 1.6079611 1.4113639 1.8911429 1.7769297 0.8685358 1.6149755 1.6613633 1.5375769 1.9401059 1.9450729 1.7648089 0.4918546 0.0000000 0.0050552 0.5235166 1.9602871 1.7701634 1.8492504 1.9488678 3.5071800 1.5880404 2.0942177 1.9264743 2.1306184 2.0259290 1.9633668 2.1250108 1.9082306 2.2247321 2.2935673 1.4566277 1.7966539 2.2633569 1.6843379 1.7654672 2.1298831 3.3446424 1.7743480 1.8564586 1.8417124 2.5391155 6.4523374 2.2308955 2.7759105 8.3597012 8.9999983 8.8576305 2.2260451 3.2271158 2.0848963 2.1431958 1.9451836 1.7086077 1.7502092 
Tadh_TriadT19315                                    0.0000010 0.9828328 0.9850835 0.8920582 0.8920582 0.7751605 0.8687824 0.9331997 0.8584126 0.8584126 0.9242113 0.8584126 0.9744522 0.9859501 1.0104698 1.0503006 1.0257103 0.9873230 1.0314612 1.0774581 0.7791088 0.7244345 0.8685358 0.7100564 0.7194360 0.7325105 0.8205522 0.8289802 0.7083523 0.1967746 0.0050552 0.0000000 0.2137596 0.7299393 0.8851780 0.8178278 0.7165919 2.6931417 0.9122970 0.7796192 0.8350715 0.9550942 0.7964585 0.8511525 0.7953059 0.9069345 0.9619057 1.0630434 0.9052236 0.9052236 0.9329319 0.8328606 0.8727719 1.3359883 1.3541183 0.8631702 0.9004834 0.8615961 1.0543372 2.5466751 0.8818039 1.0715294 5.2956527 6.0079169 5.8025559 0.9867765 1.4211795 0.7637538 0.8371756 1.9451836 1.2621843 0.7916929 
HoiH11_mRNA2366                                     6.8682323 1.9179256 1.7844965 1.8545850 1.8152778 1.2642215 2.0701562 2.0719597 1.8009381 1.7971178 1.7249365 1.7642861 2.0804194 2.0265046 2.0884266 0.9258733 1.7654146 2.0488659 1.6644431 1.4293787 1.8796588 1.5480623 0.7998862 1.5663808 1.5425180 1.5283653 1.6532829 1.6715277 1.6396691 0.2302799 0.5235166 0.2137596 0.0000000 1.6241133 1.5329913 1.6955329 1.5639097 3.7927550 1.3701225 1.5072013 1.5148741 1.5490744 1.5478152 1.5141555 1.8817770 1.8001441 1.9417291 1.9984039 1.4458888 1.4521231 1.8622643 1.4222644 1.3268096 2.3231126 2.7733778 1.2429693 1.7390780 1.6099538 2.0686280 6.0155722 1.9368613 2.0534175 6.7675019 8.0140142 7.0666751 1.9564048 3.1702513 1.8442180 1.7355709 1.9328649 1.5341588 2.1558219 
Hsap_ENST00000378553                                8.9999987 3.3322339 3.4179624 3.8185231 3.7496882 1.2785088 3.4461852 3.4466826 3.0477430 3.1815425 3.5402480 3.0619465 3.0095185 3.3312542 2.9680514 1.1131480 2.0180666 2.6317323 1.3021794 1.3812056 2.3975417 2.5783653 0.8676397 2.7903565 2.5616135 1.9862609 2.7005497 2.7410006 2.5631600 2.0673468 1.9602871 0.7299393 1.6241133 0.0000000 1.6213965 2.5771055 2.6682998 3.0483824 1.5821459 2.0669501 2.1625779 2.4833935 2.5780149 2.1848386 3.0127466 2.4471143 3.5852695 3.0885204 2.0294379 2.6157887 2.3363421 2.4241462 2.4149271 2.3906165 3.6939251 2.4495431 3.1669362 2.8894766 3.0595395 8.9999982 3.1752103 4.2104006 7.7091310 8.9999985 8.6904154 3.1085825 4.9992764 3.1422005 3.3191839 1.7779703 1.9527810 1.9697561 
Xesp_021675-T1                                      3.2025865 1.8698171 1.7725073 2.0157273 2.0562366 1.5987629 1.8009120 1.9136442 1.6808692 1.6494976 1.6756318 1.6483001 1.7539509 1.9051412 1.8990431 0.8211642 1.6835256 1.9689033 1.4497901 1.2451094 1.3565149 1.2753968 0.6781324 1.2580481 1.2233837 1.1888041 1.2233019 1.2275771 1.1163445 1.6510902 1.7701634 0.8851780 1.5329913 1.6213965 0.0000000 0.7478051 1.5814097 3.7523658 1.3409764 1.6244130 1.5221909 1.5882110 1.8994130 1.7012927 1.8459079 1.7628025 1.9137534 1.7196019 1.3745008 1.5497872 1.5461529 1.2317859 1.2674795 1.6870205 2.0437626 1.6363051 1.3109765 1.4448297 2.0703086 6.4662265 1.9499320 2.1033217 4.6430618 6.5189856 5.3546093 2.0872692 2.9680489 1.4573198 1.5979176 1.8305172 1.6554270 1.6596770 
Dgig_XM_028538504.1                                 8.9999984 3.0923513 2.8961827 2.7473982 2.7505229 1.6508751 2.8527856 2.9433875 2.6029013 2.5918197 2.7053063 2.5405791 2.5329644 2.7209405 2.2635802 0.8213070 2.0293574 2.6965341 1.6113546 1.2531816 1.6206523 1.5617613 0.6946284 1.6244336 1.4634690 1.4496118 1.8181539 1.8095343 1.7273003 1.8448487 1.8492504 0.8178278 1.6955329 2.5771055 0.7478051 0.0000000 2.0647055 3.2735079 1.5866422 2.2287046 1.9402349 2.1368592 2.6011648 2.2505737 2.5330939 2.1812498 2.6469350 2.5687373 1.3236543 2.0408328 2.0667453 1.8110835 2.2809510 1.7828083 3.0195516 2.3441028 2.0816120 1.9027733 2.7990190 7.3555511 2.8585909 3.1783440 6.9982753 8.9999982 8.2630731 2.9113842 2.9254461 1.7756955 1.9597014 1.7537460 1.5253460 1.6929726 
Sanmal_Sma_022782-T1                                7.3029623 2.7687923 2.7907672 2.7161543 2.6762557 1.3577514 2.6919970 2.8663332 2.1379134 2.1551499 2.3617406 2.0785112 2.3920014 2.6090748 2.6136219 0.9923824 2.0341861 2.2615087 1.3614425 1.2507216 1.9088697 2.0125018 0.8082603 2.0337940 1.9213139 1.8956372 1.1872569 1.2420680 1.2374911 1.8051950 1.9488678 0.7165919 1.5639097 2.6682998 1.5814097 2.0647055 0.0000000 2.7436675 1.3694439 1.6642439 2.0508153 1.6714544 2.1352834 2.0477691 2.3167773 1.8809502 2.4513486 2.2778633 1.5429146 2.1056039 2.0837549 2.0974993 1.4929696 2.0609843 3.3287607 1.8382085 1.6305707 1.5680043 2.7232386 7.2142339 2.6001293 3.2633818 6.1760553 7.0524285 6.6355401 2.3926306 4.2333141 2.3658439 2.6526035 1.9803583 1.4114283 1.0727633 
Opea_EP00118_Oscarella_pearsei_P007467              0.0000010 4.0552871 3.8547435 5.8362350 5.5088320 3.3129329 3.5776153 3.5708942 3.3936090 3.4261495 8.9999981 3.4261495 4.3037618 3.5280146 3.6373922 8.9999985 3.7948335 3.4831557 4.0950707 3.3568800 2.2088346 2.7824667 6.5308970 2.7044724 2.5275129 2.2984443 2.0754723 2.0754723 2.4238792 3.3163167 3.5071800 2.6931417 3.7927550 3.0483824 3.7523658 3.2735079 2.7436675 0.0000000 0.5587815 3.7328307 1.6445312 3.7834091 6.5363092 3.4542330 3.2885598 3.0463300 2.8732393 2.8120967 3.1409990 3.1904047 3.7978959 3.9475333 5.3125459 9.0000000 3.3029809 2.3435814 3.4995787 3.2849560 4.0334822 0.0000010 3.7551728 5.4665252 5.2372084 5.9557654 5.9557654 3.4523150 4.4174311 1.9190242 2.5595374 8.9999987 7.5589342 2.8213148 
Opea_EP00118_Oscarella_pearsei_P007468              7.0487852 1.7018636 1.7797144 1.8951943 1.8357061 1.4283611 1.5864057 1.9131694 1.6651011 1.6637824 1.6724518 1.6637824 1.7071159 1.7236899 1.7176097 0.9501140 1.5738012 1.7225447 1.4472639 1.4930433 1.4837730 1.3149831 0.7968820 1.3612681 1.2694306 1.0587330 1.2553952 1.2416094 1.2305968 1.5244251 1.5880404 0.9122970 1.3701225 1.5821459 1.3409764 1.5866422 1.3694439 0.5587815 0.0000000 1.5513125 1.3005456 1.7535677 1.9418637 1.8001733 1.9599382 1.6246156 1.7834334 1.8803696 1.3169531 1.4803217 1.5986595 1.3411679 1.5544043 3.2189567 2.0628873 1.6111731 1.6052992 1.6186286 2.1147948 5.3849862 1.7442427 2.0123887 7.0732134 8.9999982 7.8776580 1.6636784 2.8155538 1.6074257 1.5621639 2.0503379 1.8209596 1.4531504 
Bralan_BLAG14001111_1                               7.7513429 3.2570692 3.1884951 2.8194473 2.7833836 1.8861783 2.7272431 2.9963650 2.5301157 2.7245232 2.7454086 2.6137261 2.3079877 2.6517743 2.6739144 1.0892285 2.5490429 2.3380724 1.5557718 1.7445387 2.0629107 2.0399916 0.7458859 2.1672959 2.2479370 1.6818725 1.9975711 1.9787938 1.9866772 1.9542506 2.0942177 0.7796192 1.5072013 2.0669501 1.6244130 2.2287046 1.6642439 3.7328307 1.5513125 0.0000000 1.9789892 1.8431181 2.2104430 2.0545266 2.0272657 1.8284861 2.4693994 1.9725900 1.4373818 1.9622631 1.9301279 1.7411155 1.9391847 2.1638354 2.7496654 2.1763545 2.0193936 1.8177770 2.4460648 6.0744152 2.4992507 3.0558174 6.7886002 8.9999982 7.7183281 2.6338362 4.4568439 2.5685896 2.3477725 1.7625655 1.6140312 2.0410358 
Plajan_Pjan_scaffold22179_01                        8.9999981 2.6291224 2.7464094 2.4396230 2.4692946 1.6103484 2.3137787 2.6587989 2.4601235 2.4781283 2.7254450 2.4781283 2.6255184 2.8341451 2.1974392 0.9701104 1.6680328 2.1728653 1.4613262 1.3475644 1.8068578 2.0998305 0.7741548 1.9809655 1.8597478 1.8811224 1.9611768 1.8683346 1.9326894 1.8028405 1.9264743 0.8350715 1.5148741 2.1625779 1.5221909 1.9402349 2.0508153 1.6445312 1.3005456 1.9789892 0.0000000 2.2222549 2.5994647 2.1908599 2.0869868 1.7453630 2.2744140 2.1401365 1.9393780 2.1044712 2.3162850 1.3137003 1.8212400 2.5248929 2.7100715 1.9585202 2.0640469 1.9614420 2.4640033 8.9999982 2.6108092 3.3663179 8.2914420 8.9999983 8.6702582 2.2138739 4.5806672 2.2700685 2.1639425 2.1268940 1.6908182 0.9522014 
Skow_XM_002733276.2                                 6.2951779 3.1205373 2.8570776 2.8899918 2.8604651 2.4598129 2.6649909 2.8567451 2.5684223 2.7204720 2.7559692 2.6094669 2.4129315 2.5890059 2.6070358 1.2462580 2.6001672 2.6441403 1.7070026 1.5274800 1.8138609 1.8266096 0.6661003 1.7896545 1.8925467 1.6669680 1.7922376 1.8567871 1.9978088 1.9960072 2.1306184 0.9550942 1.5490744 2.4833935 1.5882110 2.1368592 1.6714544 3.7834091 1.7535677 1.8431181 2.2222549 0.0000000 1.9601965 1.7715355 2.5199576 1.9087336 2.5978299 2.3734825 1.2155265 1.6754376 1.8417721 1.6316694 2.0344156 2.1671039 2.9573117 2.0345000 1.9287328 1.7975461 2.4610915 6.3652359 2.6438868 3.0322397 4.4513136 5.8142540 5.2656982 2.5411862 3.8037164 2.1007821 2.6321574 2.4240987 1.7679817 2.3737221 
Acagra_model.g582.t1                                7.1053954 2.9386189 2.6576268 2.8932936 2.7989020 1.8271686 2.6849034 2.9583166 2.6757350 2.9446359 2.9587063 2.8154155 2.6140954 2.8302459 2.9281669 1.2811813 2.9423105 2.7120769 1.9387208 1.6133511 2.3901866 2.6651645 0.9544547 2.3836813 2.4857401 2.0750520 2.4244380 2.3191514 2.1604265 1.9587328 2.0259290 0.7964585 1.5478152 2.5780149 1.8994130 2.6011648 2.1352834 6.5363092 1.9418637 2.2104430 2.5994647 1.9601965 0.0000000 1.5188880 2.7036622 2.4602152 2.9956065 2.5748256 1.9480418 2.4551119 1.7425165 1.8214937 2.2194653 2.1682147 3.5571792 2.0794616 2.0146333 2.1864462 2.3424509 7.0327165 2.5821465 3.1006334 6.6926189 8.4780279 7.8317224 3.0083740 5.8000575 2.9011991 2.9811601 1.7871584 2.1805931 2.1181008 
Cgig_XM_011416528.3                                 6.8766120 3.1909212 3.1829931 3.2154523 3.1616907 1.8868238 2.7385574 2.7300411 2.3495777 2.5625527 2.4573043 2.5047295 2.4168128 2.6892899 2.6698617 1.1927697 2.3506007 2.3909800 1.6890953 1.4370636 1.8237837 2.0842106 0.8409596 1.9657677 1.9455772 1.9035292 1.9558454 1.9186704 1.9774854 1.8642118 1.9633668 0.8511525 1.5141555 2.1848386 1.7012927 2.2505737 2.0477691 3.4542330 1.8001733 2.0545266 2.1908599 1.7715355 1.5188880 0.0000000 2.1191923 2.1502287 2.2231510 2.2279398 1.8001650 2.3808116 1.5608520 1.7673812 2.1872702 1.7893703 2.6986028 2.1846259 1.9811509 2.1415307 2.4014882 8.7717261 2.7682800 3.4234949 5.6414527 6.8153546 6.4798426 2.7847578 4.3384828 2.3872239 2.4466825 2.3262611 2.0568739 1.8369953 
Lcom_lcpid30421                                     8.9999988 2.9314891 2.5596381 3.0210371 2.8595762 1.4827740 2.8117108 2.9706825 2.9698843 3.0363266 3.3390239 2.9290838 3.1047353 2.6548892 3.0040132 1.2043282 2.0681569 2.4587474 1.8878263 1.7735051 2.7463138 2.2801124 1.1401420 2.2271778 2.1813324 2.1134914 2.7874952 2.7570096 2.4429130 2.2176055 2.1250108 0.7953059 1.8817770 3.0127466 1.8459079 2.5330939 2.3167773 3.2885598 1.9599382 2.0272657 2.0869868 2.5199576 2.7036622 2.1191923 0.0000000 0.8223156 1.1502809 1.2655153 2.1329393 2.2775143 2.7109450 1.6373844 2.8735023 2.2302663 3.3916783 2.1621663 2.5484041 2.6934577 3.2198652 7.0325394 2.9932215 3.6808654 7.9318219 8.9999987 8.9314867 2.9140305 4.0545459 2.6533081 2.4194955 2.2027938 2.4008241 2.4149164 
Leuniv_Lniv_scaffold23569_01                        5.2117412 2.2274400 2.1497760 2.3222796 2.2488132 1.4174658 2.4646980 2.3577841 2.3603437 2.4041381 2.4348829 2.3098875 2.4610778 2.2037274 2.4186648 1.3910095 2.3926358 2.2762268 2.0231564 1.8305323 2.3761463 2.1332493 1.1771986 1.7721022 1.9531290 1.8713991 2.3043710 2.1969966 2.1438622 1.8530823 1.9082306 0.9069345 1.8001441 2.4471143 1.7628025 2.1812498 1.8809502 3.0463300 1.6246156 1.8284861 1.7453630 1.9087336 2.4602152 2.1502287 0.8223156 0.0000000 0.8220010 0.9950215 1.7180988 1.7714373 2.0872057 1.3351204 1.6872185 2.8775672 2.6857070 1.8738862 2.0205581 2.0119133 2.6216932 5.9410456 2.3945241 2.8187655 6.3144481 7.1829844 6.7208182 1.9891163 2.7665148 1.8661843 2.1852640 2.3598655 1.6847324 2.6627604 
Scil_scict007488.2                                  8.4088755 3.1477829 2.8429286 3.3320612 3.2707583 1.3856798 3.4912832 3.2222941 3.3267918 3.3625361 3.6737426 3.2699071 3.1683920 3.0818489 3.2696394 1.3697405 2.2550773 3.1779817 2.2304057 2.0856560 2.7453496 2.5945090 1.2029588 2.5286414 2.5986243 2.2990954 2.8508838 2.8631378 2.6434402 2.1843544 2.2247321 0.9619057 1.9417291 3.5852695 1.9137534 2.6469350 2.4513486 2.8732393 1.7834334 2.4693994 2.2744140 2.5978299 2.9956065 2.2231510 1.1502809 0.8220010 0.0000000 1.2219508 2.0125988 2.3938268 2.6819182 1.5209269 2.4732964 3.0776965 3.3261907 2.3795967 2.7235814 2.6039568 3.6303712 8.2859760 3.0907657 3.8831492 7.5957720 8.6484832 8.1579359 3.1050969 4.1491154 2.8095643 2.9932300 2.3747506 2.0382405 2.1108481 
Gracom_Gcom_C553940_01                              8.5605978 3.0142089 2.7347886 3.1246796 3.0260865 1.9701939 3.0521739 3.0369220 3.3062394 3.3421413 3.6711758 3.2327695 3.0978840 3.1288920 2.8641670 1.0403617 1.9721717 2.4567809 2.0103543 1.7848878 2.6098329 2.3284286 1.1816180 2.1680659 2.2540666 2.0574770 2.7035075 2.6018549 2.4784920 2.1491792 2.2935673 1.0630434 1.9984039 3.0885204 1.7196019 2.5687373 2.2778633 2.8120967 1.8803696 1.9725900 2.1401365 2.3734825 2.5748256 2.2279398 1.2655153 0.9950215 1.2219508 0.0000000 2.3592724 2.4579117 2.5784715 1.9665541 2.7711113 2.6637451 3.3359345 2.1936610 2.5862139 2.3471735 2.9866446 8.9999981 3.2749274 4.2372564 7.2316756 8.3894055 7.7365950 3.0443611 3.5075930 2.6290858 2.5394052 2.0811310 1.9245171 2.4565887 
Spur_XM_030993326.1                                 8.5267037 2.4107870 2.1723652 2.2954941 2.2897099 1.9801131 2.2730258 2.3819401 2.3476964 2.4701615 2.4475414 2.3500519 2.5204279 2.4600111 2.2825941 0.9355906 1.6481534 2.3353253 1.6012759 1.6772443 1.7121060 1.6378789 0.7761322 1.5637299 1.6119647 1.5770919 1.3758427 1.3730930 1.3097902 1.4756077 1.4566277 0.9052236 1.4458888 2.0294379 1.3745008 1.3236543 1.5429146 3.1409990 1.3169531 1.4373818 1.9393780 1.2155265 1.9480418 1.8001650 2.1329393 1.7180988 2.0125988 2.3592724 0.0000000 0.0211707 1.4610716 1.5883662 1.4731307 1.6954907 2.9968564 1.6117885 1.7375063 1.3943254 2.3954021 6.3777837 2.2594750 2.6181112 4.4010888 5.4577842 4.8469587 1.9575991 3.9548637 1.8652228 2.1345313 2.5433581 1.3815428 2.5922448 
Spur_XM_030993339.1                                 5.5858184 2.9369409 2.9735870 2.7693052 2.7702412 1.9390784 2.6461628 3.0155380 2.7915929 2.9144674 2.9892423 2.8055086 2.7799482 2.9759131 2.6294221 1.0430595 2.2020739 2.5514498 1.6101333 1.6864112 1.8909813 2.0879401 0.7761322 2.1104581 2.0909196 1.7842348 1.8649151 1.8925887 1.8790371 1.8441647 1.7966539 0.9052236 1.4521231 2.6157887 1.5497872 2.0408328 2.1056039 3.1904047 1.4803217 1.9622631 2.1044712 1.6754376 2.4551119 2.3808116 2.2775143 1.7714373 2.3938268 2.4579117 0.0211707 0.0000000 1.9375799 1.7801906 1.9122571 1.6954907 3.5761229 2.1105025 1.9419568 1.7703599 2.8816413 6.4203098 2.7454782 3.3243411 4.3910011 5.2241005 4.7550933 2.4662957 4.9187000 2.4033169 2.7392220 2.5433581 1.3815428 2.6206308 
Ctel_gnl_WGS_AMQN_CAPTEDRAFT_mRNA219244             6.0890862 2.9927575 2.8752499 3.0641710 3.0667653 2.3146640 2.6523097 2.8175835 2.9369113 3.1801058 2.9446927 3.0599158 2.9750910 3.2290029 2.7814808 0.9608673 2.4033275 2.8006150 1.7961365 1.5624114 1.7938855 1.9566977 0.8030165 2.1072690 1.8072228 1.7868990 2.1030794 2.1109685 1.9771056 2.2025397 2.2633569 0.9329319 1.8622643 2.3363421 1.5461529 2.0667453 2.0837549 3.7978959 1.5986595 1.9301279 2.3162850 1.8417721 1.7425165 1.5608520 2.7109450 2.0872057 2.6819182 2.5784715 1.4610716 1.9375799 0.0000000 1.7604524 2.1143785 1.9201084 2.9507788 2.0787500 2.2066759 2.1532519 2.1802863 6.5862114 2.5289425 3.0421180 5.9908757 8.2616608 7.3358541 2.8012496 3.6258555 2.2475940 2.7394627 2.1406799 1.5390809 2.1701224 
