165
Bolinf_Binf_sb1242870                                  0.0000000 0.0951908 0.1249800 0.1249800 0.1983983 0.1983983 0.1983983 0.1983983 0.1588130 0.2279697 0.2266556 0.2039286 0.2725866 0.3033831 0.2774358 0.4816793 0.4447079 0.2818979 0.3149242 0.3354865 0.1926927 0.4498255 0.4498255 0.3058256 0.4498255 0.4498255 0.4298850 0.4298850 0.4498255 0.3058256 0.4498255 0.4298850 0.7489606 0.7315782 0.7287146 0.7386010 0.7221900 0.7602844 0.6248290 0.1616546 0.4738163 0.4360645 0.6921999 0.6921999 0.6374971 0.6374971 0.5100367 0.7659810 0.7659810 0.7479328 0.8483135 0.3616000 0.7479328 0.8604613 0.8673966 0.7358435 0.7358435 1.2277424 0.2317763 0.1006071 0.3241199 0.5744737 1.0318865 0.8857928 0.9427600 0.9915531 0.8383927 0.4886089 0.8652706 0.8218638 0.8937906 0.9248226 0.6267920 0.8890759 0.9725235 0.7935533 0.9042365 0.9557417 1.1636925 2.0217862 0.9353222 0.9689773 1.0229838 1.0519420 1.0143979 1.0077836 1.0492975 0.9286076 0.0000010 0.8062257 0.8992114 0.9208265 0.8627515 0.8714257 0.8909241 0.9362540 0.9151083 0.9672020 0.8929937 0.8843648 0.8366740 0.7072516 1.0287486 2.4965004 1.0394811 1.0478571 0.9834509 0.9984119 0.7705331 0.9470124 0.7722371 0.5870706 0.7512866 0.8741667 0.9126379 0.8950707 1.3141632 1.2204146 1.2923644 1.3171589 1.0597599 0.8960521 0.8873400 1.0146487 0.8002051 0.9570111 0.8878351 0.8677508 0.8732175 0.8846906 0.8846906 1.0175424 0.8705566 0.8744924 0.7880199 0.8251604 0.8251311 0.8251311 0.8597812 0.8816321 0.8816321 0.9841215 1.0170416 0.8063635 0.8481055 0.9532551 1.0369643 0.8522239 0.9152517 0.9083662 1.1034514 1.2745517 9.0000000 0.7292558 1.0302862 1.1642220 0.7241105 1.2439305 0.0000010 0.0000010 2.1437202 2.2088785 5.8230683 2.6087504 2.0881436 
Mlei_ML0502.g7.i1                                      0.0951908 0.0000000 0.1392372 0.1687544 0.2280965 0.2429040 0.2392936 0.2245587 0.2758102 0.3329391 0.3407404 0.3597183 0.2824187 0.3194408 0.3300231 0.5406491 0.5281813 0.3387439 0.4009343 0.4133671 0.4538367 0.5888903 0.5857121 0.4457994 0.5884246 0.5917003 0.5228370 0.5158082 0.5879483 0.4605165 0.5906186 0.5242742 0.7538011 0.8124798 0.6982842 0.6877394 0.7633935 0.6947442 0.6901635 0.4530700 0.5488853 0.6147905 0.7067383 0.6915661 0.7290035 0.7290035 0.5558916 0.7163004 0.8101674 0.7387357 0.8078741 0.6441087 0.7175907 0.8317852 0.7954751 0.6350888 0.6368255 0.8541890 0.6653784 0.5994859 0.6841299 0.6614239 1.2887009 1.2307927 1.1682271 1.0979145 1.2145600 0.7321573 1.0199838 1.0174213 1.1756817 1.1437231 0.7666254 0.9456916 1.2036791 1.0836976 1.1622269 1.1504705 1.2290695 1.4356155 1.0353423 1.0465959 1.0916904 1.1326739 1.1001066 1.0801796 1.1091482 0.9689370 0.9174076 0.8651455 0.9620010 0.9465670 0.9052993 1.1154673 1.0842055 1.0255973 1.1388769 1.1037603 1.0753418 1.0059493 1.0087946 1.0393007 1.2227429 1.4080456 1.1285441 1.1011478 1.0803386 1.0864572 1.1240617 1.1025211 1.0065898 0.9565823 1.1572102 1.0795393 1.1658991 1.1405396 1.4144114 1.0738247 1.2704042 1.2672004 1.2737053 1.2043148 1.1771662 0.9477544 1.0251233 1.2719849 1.2078294 0.9873110 1.1378273 0.9859598 0.9859598 1.0578165 1.0662787 1.2812682 1.1688780 1.1605647 1.0800988 1.1563405 1.1461292 1.1445348 1.0401894 1.0873292 1.1733687 0.9594478 1.0891634 1.1899107 1.2011490 1.0335708 1.0628816 1.0198215 1.2702041 1.2292387 1.4823698 0.8275615 1.4769708 1.2735457 1.5795849 1.4424103 0.8315962 0.8127700 2.0133459 1.6981763 1.8843728 1.9172899 1.5575309 
Vmul_sbMO430966                                        0.1249800 0.1392372 0.0000000 0.0283446 0.2032701 0.2122766 0.2137791 0.2104450 0.1931098 0.2864858 0.3016754 0.1697710 0.3063589 0.3031560 0.3393170 0.6830710 0.6432001 0.2691232 0.4537863 0.4683465 0.2174334 0.5211451 0.5211451 0.2909681 0.4934885 0.4934885 0.4242804 0.4242804 0.5211451 0.2909681 0.4934885 0.4242804 0.7447175 0.9609854 0.7214517 0.7156498 0.8632806 0.6880653 0.6779235 0.1380686 0.3605395 0.5306005 0.5925969 0.5925969 0.6026223 0.6026223 0.6298577 0.6835476 0.6835476 0.5990343 0.7741497 0.3053253 0.6627749 0.8009799 0.7859270 0.7056387 0.7056387 0.9848414 0.2325663 0.0795358 0.2600459 0.4300887 1.0976051 0.9931892 0.9980536 1.0454552 1.0066964 0.5949707 0.8782700 0.9062311 1.0160161 1.1070764 0.7155064 0.8691236 1.1862706 1.0068631 0.9271761 0.9148599 1.1322320 1.5089722 1.0148878 1.0197595 1.1086915 1.0455182 1.1186541 1.0972292 1.1245055 0.9016459 0.0000010 0.9362171 0.9389433 0.9306175 0.8829082 0.8620211 0.9057848 0.9124915 0.9458684 0.9744526 0.9014837 0.8580720 0.9177293 0.8600415 1.0778410 1.5745938 0.9949382 0.9901854 0.9497040 1.0084733 0.9203133 0.9669185 0.8781898 0.7621362 1.0317261 1.0034009 1.0968053 1.0779108 1.2411855 1.1159806 1.2320966 1.2500758 1.1190854 1.0724316 0.9709116 0.8753965 0.9649585 1.2595822 1.1152223 0.8352883 1.0006341 0.8950444 0.8950444 1.0574153 0.9050154 0.9083876 0.9981582 1.0313152 1.0367269 1.0617941 1.0015494 1.0601431 1.0601431 0.9707756 1.1280515 0.8891318 0.9516695 1.1085000 1.1684335 0.9400451 0.9937262 0.8732615 1.1168312 1.1495843 6.0870223 0.7636503 1.2809466 1.1699003 1.0437150 1.2176233 0.4338492 0.3480608 1.9270307 1.5455685 1.6774909 1.9549870 1.6737789 
Mlei_ML2188.g24.i1                                     0.1249800 0.1687544 0.0283446 0.0000000 0.1648876 0.1916615 0.1920927 0.1891613 0.1745611 0.3021327 0.3150900 0.3397772 0.3309881 0.3311351 0.3570805 0.5867174 0.5651288 0.3745165 0.4638201 0.4727620 0.4203297 0.5415684 0.5329455 0.4055421 0.5413601 0.5503033 0.5055498 0.4925170 0.5336120 0.4157830 0.5415881 0.4963245 0.7285973 0.8340375 0.6775555 0.6670576 0.7744823 0.7182313 0.7252440 0.5139086 0.5364858 0.5975760 0.6309011 0.6443498 0.6863799 0.6863799 0.5722859 0.6569696 0.7189938 0.6661549 0.7468322 0.5450415 0.6737159 0.7777697 0.7814643 0.6362002 0.6166835 0.8808405 0.6652754 0.4462003 0.5624576 0.5672986 1.2183608 1.1448671 1.1653545 1.0454552 1.0870114 0.6615891 0.9525613 1.0396588 1.1055635 1.1550804 0.7268087 0.8425443 1.1423537 1.0903071 1.0644034 1.0907899 1.1112429 1.4811425 1.0452816 1.0364911 1.0403544 1.0116789 1.0206082 1.0086793 1.0457334 0.9652941 0.7993146 0.8459266 0.9585249 0.9426177 0.8948390 0.9336189 0.9775502 0.8607816 0.9858528 0.9755361 0.9140642 0.8684320 1.0059044 1.0165177 1.0818502 1.1871302 0.9503983 0.9446795 0.9241419 0.9321762 1.0400814 1.0092398 0.9254059 0.8702034 1.1090274 1.0382841 1.1034858 1.1154733 1.3005813 1.0782778 1.2389452 1.2122264 1.1499178 1.1646399 1.0811470 0.8753965 1.0576640 1.3663895 1.2626362 0.9353793 1.1387008 0.9628691 0.9628691 0.9658262 0.9257344 1.1288392 1.1006438 1.1254394 1.0032389 1.0982964 1.0513135 1.0901694 0.9918050 1.0473795 1.2045592 0.9444607 1.1029037 1.2173984 1.2643329 1.0440582 1.0831873 0.9585488 1.2008322 1.1763516 1.2858555 0.9555722 1.4720194 1.2507635 1.7345432 1.5173911 1.1084717 0.6427973 1.9609999 1.6615196 2.1024273 2.0617191 1.6003638 
Bolinf_Binf_sb1287021                                  0.1983983 0.2280965 0.2032701 0.1648876 0.0000000 0.0154255 0.0157802 0.0163090 0.0160273 0.3066766 0.3106064 0.3762567 0.3817589 0.3964772 0.3699276 0.5877821 0.5913907 0.3644480 0.4786435 0.4884327 0.4740969 0.5755948 0.5672249 0.4376976 0.5749021 0.5833650 0.5268693 0.5137706 0.5775628 0.4619224 0.5851665 0.5314390 0.7539949 0.8249034 0.7051586 0.6944546 0.7982699 0.7707736 0.7511553 0.5938113 0.6084247 0.6754722 0.7159411 0.7498651 0.7965542 0.7965542 0.5176985 0.7371437 0.7488907 0.7790912 0.8084690 0.6299711 0.7948765 0.8079729 0.8151815 0.6692961 0.6700475 0.8482404 0.7599877 0.5622389 0.5645114 0.7068018 1.1332583 1.0731012 1.0672284 1.1874338 0.9797457 0.7752788 0.9316429 0.9050724 1.0418463 1.0034359 0.7355463 0.9523878 1.0215169 1.0301320 1.0571398 0.9860614 0.9822198 1.2052977 0.9916257 0.9066015 0.9200328 0.9141769 0.9310530 0.9162517 0.9823837 0.9146585 0.6838831 0.9299504 0.8441855 0.8368322 0.8539869 0.9492083 0.9566876 0.9959450 0.9742885 0.9749820 0.9667616 0.8786620 0.9018813 0.8832931 1.0939479 1.0907924 0.9670417 0.9874900 0.9584178 1.0525795 0.9804850 1.0325121 0.9347671 0.8250282 1.0681834 1.0422437 1.0924205 1.0133570 1.1835764 1.0806928 1.1502793 1.1493095 1.0715283 1.0253876 1.0317835 1.0864119 0.9393899 1.2085333 1.0563113 1.0602725 1.0948687 0.9341672 0.9341672 0.9687505 0.9494970 1.1619103 1.0703446 1.0976268 1.0759124 1.0561326 0.9986673 1.0528590 1.0528590 1.0602666 1.0514814 0.9540420 0.9312711 1.0479821 1.0874991 0.9543464 0.9658882 0.8913233 1.1515471 1.0515829 1.1046563 1.0268056 1.3457362 1.1086921 1.6176161 1.5708736 1.0094420 0.6332920 2.0687293 1.4130723 1.6523217 1.7500361 1.6036529 
Mertsp_Mesp_sb584806                                   0.1983983 0.2429040 0.2122766 0.1916615 0.0154255 0.0000000 0.0000010 0.0000010 0.0160273 0.3478566 0.3522329 0.3762567 0.4201379 0.4404243 0.4106112 0.6369071 0.6412614 0.3644480 0.5018936 0.5145498 0.4740969 0.6295177 0.6221814 0.4376976 0.6221814 0.6295177 0.5268693 0.5137706 0.6299675 0.4619224 0.6299675 0.5314390 0.8801417 0.9111592 0.8203905 0.8077074 0.8970009 0.7707736 0.7511553 0.5938113 0.6084247 0.7197783 0.7507080 0.7770661 0.7072865 0.7072865 0.5855717 0.8179455 0.8047326 0.8190698 0.8842018 0.6299711 0.8114806 0.8828312 0.9287368 0.7255322 0.7255322 1.0329975 0.7599877 0.5622389 0.5645114 0.7068018 1.1904643 1.1396837 1.1509984 1.1874338 0.9728879 0.7752788 1.0174894 0.9537702 1.0716040 1.0381787 0.7355463 0.9523878 1.0991767 1.0889920 1.1275383 1.0462959 1.0479884 1.5432337 1.1275921 0.9886962 1.0042266 1.0144154 1.0292592 1.0017716 1.0627484 1.0414356 0.6838831 1.0059480 0.9171291 0.9084548 0.9325828 1.0339353 1.0483326 1.0705072 1.0492951 1.0381244 1.0291984 0.9465404 0.9602869 0.9501465 1.1700744 1.2583239 1.0645529 1.0729840 1.0482792 1.1365427 1.0506282 1.1150651 1.0039555 0.9088838 1.1555151 1.1225488 1.1936878 1.1031874 1.2298187 1.0806928 1.2175626 1.2410705 1.1450046 1.1353243 1.0679205 1.0864119 0.9977261 1.2902950 1.1128367 1.0602725 1.1669626 0.9797489 0.9797489 1.0307011 0.9687177 1.1969430 1.1646016 1.1836084 1.1699158 1.1616959 1.1020575 1.1844591 1.1844591 1.1228021 1.1042053 0.9540420 1.0050310 1.0999741 1.1584099 0.9917074 0.9999124 0.9511712 1.1721607 1.1388393 1.1046563 1.0268056 1.3728054 1.1532981 1.6176161 1.5708736 1.0094420 0.6332920 2.0687293 1.7816494 1.8971723 1.9863297 1.8495252 
Mertsp_Mesp_sb584807                                   0.1983983 0.2392936 0.2137791 0.1920927 0.0157802 0.0000010 0.0000000 0.0000010 0.0160273 0.3534833 0.3580068 0.3762567 0.4183009 0.4390374 0.4084994 0.6289985 0.6333796 0.3644480 0.4966873 0.5096744 0.4740969 0.6211984 0.6133907 0.4376976 0.6133907 0.6211984 0.5268693 0.5137706 0.6219159 0.4619224 0.6219159 0.5314390 0.8977855 0.9399086 0.8353168 0.8221178 0.9156226 0.7707736 0.7511553 0.5938113 0.6084247 0.7319604 0.7672934 0.7896731 0.7072865 0.7072865 0.5820111 0.8251456 0.8092660 0.8239891 0.8807230 0.6299711 0.8162238 0.8793600 0.9249817 0.7446553 0.7446553 1.1109513 0.7599877 0.5622389 0.5645114 0.7068018 1.1851064 1.1346803 1.1462703 1.1874338 0.9786374 0.7752788 1.0634861 0.9589547 1.0780149 1.0464563 0.7355463 0.9523878 1.0841502 1.1175549 1.1278034 1.0550050 1.0706563 1.6225855 1.1455865 0.9954209 1.0202201 1.0308347 1.0393359 1.0098007 1.0729434 1.0571149 0.6838831 1.0156777 0.9240705 0.9150969 0.9458447 1.0352529 1.0497559 1.0725438 1.0507486 1.0392774 1.0301231 0.9635119 0.9677654 0.9658002 1.1803917 1.2711980 1.0667788 1.0754582 1.0500238 1.1409466 1.0686031 1.1213980 1.0017153 0.9216613 1.1827233 1.1168331 1.2002442 1.1067754 1.2474907 1.0806928 1.2130313 1.2346077 1.1561615 1.1707809 1.0865381 1.0864119 1.0186091 1.2921474 1.1243224 1.0602725 1.2048238 1.0005702 1.0005702 1.0300509 0.9691316 1.2045738 1.1916595 1.2115628 1.1972379 1.1886726 1.1264649 1.2127934 1.2127934 1.1144414 1.1081127 0.9540420 1.0499346 1.1014168 1.1623907 0.9966706 1.0155619 0.9815961 1.2011440 1.1632750 1.1046563 1.0268056 1.4160412 1.1740835 1.6176161 1.5708736 1.0094420 0.6332920 2.0687293 1.8758808 2.0488365 1.9432387 1.8593129 
Mertsp_Mesp_sb584808                                   0.1983983 0.2245587 0.2104450 0.1891613 0.0163090 0.0000010 0.0000010 0.0000000 0.0160273 0.3454712 0.3493842 0.3762567 0.3876574 0.4097732 0.3747813 0.5734560 0.5773227 0.3644480 0.4544961 0.4673420 0.4740969 0.5869838 0.5778797 0.4376976 0.5778797 0.5869838 0.5268693 0.5137706 0.5888170 0.4619224 0.5888170 0.5314390 0.8652596 0.9074924 0.7998172 0.7866846 0.8836766 0.7707736 0.7511553 0.5938113 0.6084247 0.6911342 0.7189928 0.7558427 0.7072865 0.7072865 0.5313433 0.7567737 0.7634517 0.7778014 0.8478170 0.6299711 0.7699438 0.8467989 0.8761348 0.6857394 0.6857394 0.9563441 0.7599877 0.5622389 0.5645114 0.7068018 1.1074735 1.0638462 1.0755070 1.1874338 0.9139991 0.7752788 1.0155578 0.9286699 1.0100896 0.9571663 0.7355463 0.9364317 1.0125093 1.0362239 1.0662933 1.0096708 1.0110968 1.4939513 1.0782472 0.9500306 0.9725623 0.9850217 0.9788800 0.9563590 1.0188320 0.9913706 0.6838831 0.9525845 0.8885371 0.8797529 0.9212497 0.9891831 0.9864274 1.0278411 0.9748408 0.9861354 0.9770039 0.9033157 0.9364304 0.9199865 1.1036113 1.1768469 1.0088464 1.0185012 0.9937416 1.0825587 0.9987474 1.0555415 0.9380823 0.8644072 1.1350394 1.0659706 1.1493319 1.0562410 1.1965263 1.0806928 1.1577200 1.1752133 1.0770777 1.1158130 1.0176189 1.0864119 0.9545792 1.1992844 1.0397405 1.0602725 1.1440442 0.9446984 0.9446984 0.9719475 0.9291026 1.1631452 1.1057788 1.1250929 1.1111653 1.1027424 1.0571665 1.1437588 1.1437588 1.0913378 1.0638059 0.9540420 0.9855149 1.0484197 1.1074588 0.9658036 0.9758834 0.9496347 1.1632236 1.1255083 1.1046563 1.0268056 1.3486742 1.1198638 1.6176161 1.5708736 1.0094420 0.6332920 2.0687293 1.7667602 1.8034230 1.7423577 1.8012877 
Mertsp_Mesp_sb584810                                   0.1588130 0.2758102 0.1931098 0.1745611 0.0160273 0.0160273 0.0160273 0.0160273 0.0000000 0.3385869 0.3260203 0.3648728 0.3834851 0.3912945 0.3551791 0.4379950 0.4364095 0.4039514 0.4013109 0.4050035 0.5572660 0.5184750 0.4947321 0.5130796 0.4947321 0.5184750 0.5019837 0.4765242 0.5267087 0.5427977 0.5267087 0.5116144 0.8047736 0.6990505 0.7074060 0.6914493 0.6914493 0.6914493 0.7056965 0.6485491 0.7110111 0.6232027 0.5069328 0.6983734 0.6809651 0.6809651 0.3962746 0.4889773 0.6770529 0.6752111 0.6858002 0.7011710 0.6858002 0.6770529 0.4889773 0.6428291 0.6428291 1.8726796 0.8407052 0.6452154 0.5645114 0.8247102 1.1052983 1.1263067 1.1642178 1.4913078 0.9055382 0.9244780 0.9221159 0.9844633 0.9906881 0.8527161 0.7355463 0.8185371 0.8872993 0.9260001 1.0398594 0.9709907 0.9378716 1.7824067 0.8626369 0.8657264 0.7815525 0.8622217 0.7878810 0.7861178 0.8324192 0.8125130 0.6838831 0.8006223 0.7963864 0.7772094 0.7843019 0.9415842 0.8677108 0.8927293 0.8126779 0.8185257 0.8554465 0.7336410 0.9183888 0.9048336 0.9865042 0.9752302 0.8081196 0.7678848 0.7908041 0.9399647 0.9776964 0.8828160 0.8251702 0.8833110 1.0569063 1.0509132 0.9892799 0.9372567 1.0500738 1.0035486 1.0849338 1.1017935 0.9870978 0.9694468 0.9727337 1.0889854 0.8998989 1.2611563 1.0484182 1.1591731 1.1788882 0.8804057 0.8804057 0.7460479 0.9920706 1.5813595 1.0874286 1.1048203 1.0632088 1.0464889 1.0025886 1.0725373 1.0725373 0.9224152 1.0152441 1.0572783 1.0104467 0.9328300 1.0338664 0.8661424 0.8114302 1.0675353 1.1906954 0.9105544 1.1046563 1.0999858 1.2794490 0.9900598 1.6176161 1.5149088 1.0094420 0.6332920 1.1829531 2.1950662 1.2488064 1.2488064 1.2488064 
Pbac_sb2659181                                         0.2279697 0.3329391 0.2864858 0.3021327 0.3066766 0.3478566 0.3534833 0.3454712 0.3385869 0.0000000 0.0246616 0.3103692 0.3503902 0.3667935 0.3643266 0.6567309 0.6211455 0.4378919 0.4067868 0.4061669 0.3944258 0.5023543 0.5008432 0.3560981 0.4850694 0.4871411 0.4091372 0.4032656 0.5123295 0.3785292 0.4974192 0.4224446 0.6689553 0.7111543 0.6013040 0.6053048 0.6568309 0.6462401 0.5993939 0.4971839 0.5976601 0.5834539 0.6926107 0.6772951 0.6811717 0.6811717 0.4806475 0.6319122 0.6865165 0.6894989 0.7513974 0.6572037 0.7045697 0.7339402 0.7094131 0.6236072 0.6215490 0.8368421 0.5170793 0.3714711 0.4436852 0.5301317 1.0565397 0.9716213 0.9478084 0.9234068 0.7211066 0.5749971 0.7057395 0.8433821 0.8105904 0.8366810 0.6402069 0.7590078 0.8132489 0.8637999 0.7862506 0.8581283 0.8321796 1.0540106 0.8389205 0.8687186 0.8799010 0.8698734 0.8809603 0.8991825 0.8768300 0.7985959 0.8551404 0.8290186 0.8493174 0.8431107 0.8263598 0.7913119 0.7970917 0.7719905 0.7959710 0.8859797 0.8358599 0.7781573 0.7768609 0.8143502 0.9008737 0.9141406 0.8634535 0.8644074 0.8566897 0.9483464 0.8710761 0.8931333 0.8110808 0.6824115 0.8526962 0.8756547 0.8641227 0.8191691 1.1685208 1.0875358 1.0468897 1.0242532 0.8932514 0.8317098 0.8041122 0.7293330 0.7447978 0.9420483 0.8783946 1.0194320 0.8782119 0.7474474 0.7474474 0.8378904 0.8693046 1.0497242 0.9293094 0.9434572 0.9392247 0.9419195 0.8504413 0.9305228 0.9305228 0.9596635 0.9749348 1.0045666 0.9133637 1.0548417 1.0807289 0.9582479 1.0395376 0.8402943 0.9071446 1.0969596 1.2426194 0.8983469 1.1437367 0.9053519 1.5750632 1.5061335 0.9557458 0.5978664 2.0733425 1.2780863 1.3162029 1.6734468 1.3824227 
Horcal_Hcv1.av93.c4.g435.i1                            0.2266556 0.3407404 0.3016754 0.3150900 0.3106064 0.3522329 0.3580068 0.3493842 0.3260203 0.0246616 0.0000000 0.2980226 0.3658087 0.3823914 0.3604662 0.6454249 0.6118410 0.4258512 0.3829364 0.3895911 0.4056630 0.5024063 0.4953996 0.3437121 0.4954895 0.5029302 0.4164661 0.4038581 0.5109126 0.3728214 0.5119550 0.4290198 0.6504852 0.7173958 0.6090103 0.6129552 0.6634301 0.6427506 0.6174806 0.5015748 0.6005779 0.5846546 0.7041079 0.6792325 0.6784532 0.6784532 0.5124601 0.6421305 0.7291376 0.6679791 0.8049538 0.6201176 0.6755007 0.8065805 0.8136571 0.6234491 0.6183555 0.8362762 0.5380838 0.3929388 0.4475739 0.5496216 1.2131455 1.1366729 1.0922555 0.9351372 0.8457781 0.5725382 0.8117809 0.9576355 0.9313342 0.9466768 0.6535577 0.7571090 0.9266564 0.9770621 0.9106943 0.9925292 0.9538547 1.2038272 0.9089639 0.9285374 0.9290168 0.9500998 0.9667771 0.9675227 0.9648089 0.9106608 0.8949723 0.8340793 0.9318533 0.9381187 0.9240355 0.9136601 0.9086899 0.7842531 0.8997067 1.0198491 0.9652384 0.8984879 0.8635884 0.9048530 1.0082241 0.9913984 0.9436251 0.9602891 0.9264576 0.9299258 1.0105879 1.0278299 0.9228374 0.8128400 0.9511898 0.9786348 0.9655252 0.9480968 1.2912822 1.1155732 1.1519552 1.1417690 0.9819956 0.9319330 0.8687805 0.7736238 0.8537365 1.0539930 1.0125386 1.0152337 1.0003444 0.8637920 0.8637920 0.9492818 0.9032273 1.0832008 1.0568665 1.0588174 0.9514650 1.0475422 1.0069850 1.0729166 0.9598327 1.1160350 1.0948130 0.9935288 1.0292529 1.1791438 1.2097569 1.0317500 1.1148359 0.9204359 1.0008962 1.2032750 1.2094190 0.8824507 1.2982415 1.0146735 1.5329873 1.4768806 0.9719321 0.5727475 2.0579856 1.4190325 1.6001479 1.9823914 1.5653716 
Coeast_Cast_sb810976                                   0.2039286 0.3597183 0.1697710 0.3397772 0.3762567 0.3762567 0.3762567 0.3762567 0.3648728 0.3103692 0.2980226 0.0000000 0.0151524 0.0556800 0.1333954 0.6019732 0.6196877 0.6019268 0.4361183 0.4417529 0.4346986 0.4068187 0.3832945 0.3832945 0.3832945 0.4068187 0.4213084 0.3987603 0.4768582 0.4768582 0.4768582 0.4910903 0.6946437 0.5941308 0.5995050 0.5847424 0.5847424 0.5847424 0.6007387 0.5060390 0.5672470 0.4065635 0.6339690 0.5508570 0.5508570 0.5508570 0.4405002 0.4622974 0.5649191 0.5493559 0.5576939 0.5865283 0.5576939 0.5649191 0.4622974 0.5794054 0.5794054 9.0000000 0.6213622 0.5141962 0.4893243 0.6441367 1.0432370 1.0567722 1.0816356 1.1033710 0.7256929 0.8820346 0.6611324 0.7984897 0.7693322 0.8917535 0.6728035 0.6623602 0.7691457 0.9426064 0.8844675 0.9426248 0.8230209 3.0479776 0.8038060 0.9117899 0.8666774 0.9120430 0.8258307 0.8016893 0.7710002 0.8457497 0.9065633 0.8664064 0.9580649 0.8869609 0.8236491 0.8539600 0.8356178 0.7752774 0.7930849 0.8619978 0.8795227 0.6942727 0.9245703 0.8439916 0.9457646 0.9320886 0.8421907 0.7655090 0.7883364 0.8945256 1.0601409 0.9378473 0.8734489 0.8508966 0.8001241 0.8415091 0.7075382 0.7176594 1.2037284 1.0817068 1.2140428 1.1430937 0.7786460 0.8739112 0.8073813 0.0000010 0.8575680 1.1068115 0.8757010 0.9538465 1.2165417 0.6931256 0.6931256 0.7430089 0.8611339 1.2795561 0.9861893 0.9598277 0.9231190 0.9076922 0.8756775 0.8265176 0.8265176 0.8016495 0.9212030 1.0114476 0.9916546 0.9974474 1.1404715 0.9623508 0.9782668 0.7992500 0.8164632 0.8090518 1.4019510 1.1059618 1.1583416 1.0428170 1.6985680 1.5281540 1.0855661 0.6439440 1.3092081 2.4620864 0.0000010 0.0000010 0.0000010 
Coeast_Cast_sb810975                                   0.2725866 0.2824187 0.3063589 0.3309881 0.3817589 0.4201379 0.4183009 0.3876574 0.3834851 0.3503902 0.3658087 0.0151524 0.0000000 0.0457489 0.1325945 0.6167932 0.6082811 0.4793934 0.4496092 0.4601147 0.3689793 0.5627560 0.5576406 0.3698646 0.5528284 0.5584044 0.4386273 0.4263384 0.5931790 0.4295685 0.5905729 0.4802591 0.6896498 0.7612313 0.6568507 0.6471019 0.7240434 0.6667077 0.6429441 0.4575899 0.4953654 0.5865519 0.7048421 0.6462871 0.6849135 0.6849135 0.6344424 0.6506784 0.6894278 0.6262641 0.6749058 0.5247275 0.6116563 0.7061500 0.7052124 0.6435245 0.6418407 0.8588831 0.5596179 0.4466191 0.4893243 0.6024369 1.1159162 1.0569980 1.0723219 0.9448191 1.0705171 0.7048553 0.9087642 0.9550372 1.0174989 1.1085362 0.6728035 0.7857000 1.0678865 1.0822379 1.1273196 1.1102522 1.0527264 1.4110024 1.0433384 0.9869002 0.9657902 0.9884050 0.9709409 0.9758546 0.9631452 0.9039021 0.9065633 0.8356101 0.9635500 0.9264918 0.8641063 0.9928828 0.9944901 0.8765778 0.9853421 1.0459171 1.0233936 0.9680129 1.0032445 0.9328147 1.0832721 1.1805090 1.0721219 1.0378455 1.0377017 1.0057474 1.0572862 1.0381281 0.9688898 0.8809834 1.0329865 0.9704268 0.9572414 0.9757607 1.3316319 1.1088006 1.2801788 1.2271167 1.0918111 1.0905648 1.0261734 0.7739477 0.9877788 1.1655399 1.0335950 1.0413458 1.1870035 0.9198839 0.9198839 1.0895402 0.9041066 1.0744131 1.1379371 1.1411153 1.0270821 1.1107166 1.1175118 1.0420736 0.9194048 1.1113247 1.1088270 0.9425761 1.0564605 1.0418167 1.1110891 0.9418675 0.9935809 0.8987615 1.0590575 1.1206888 1.4019510 1.0003918 1.3568636 1.1562919 1.6985680 1.5093176 1.0855661 0.6439440 1.9423195 1.5507269 1.8904279 1.9601895 1.6958863 
Coemet_Cmet_scaffold13020_01                           0.3033831 0.3194408 0.3031560 0.3311351 0.3964772 0.4404243 0.4390374 0.4097732 0.3912945 0.3667935 0.3823914 0.0556800 0.0457489 0.0000000 0.1216637 0.6555843 0.6579077 0.5333920 0.4960806 0.5007184 0.3433876 0.6059492 0.6021322 0.4224938 0.5960105 0.6003038 0.4880797 0.4769973 0.6275644 0.4719811 0.6233624 0.5202036 0.7102201 0.7912935 0.6771672 0.6667105 0.7474732 0.7108663 0.6710124 0.4645011 0.5313798 0.6342148 0.7517670 0.6854299 0.7139830 0.7139830 0.7056466 0.6420303 0.6677538 0.6070558 0.6636890 0.4938632 0.5921530 0.7230779 0.7146610 0.6679119 0.6422206 0.9365990 0.5587150 0.4361968 0.4732841 0.6090144 1.1319208 1.0837897 1.1059325 1.0744378 1.1000890 0.7445972 0.9798298 1.0298730 1.0730288 1.1891890 0.6989132 0.8177270 1.1468277 1.1344187 1.2205544 1.1827885 1.0959016 1.4532895 1.0874332 1.0078554 0.9945992 0.9891505 0.9936868 0.9967999 0.9757866 0.9706723 0.8279902 0.8582891 0.9401572 0.9325600 0.8972539 0.9857640 1.0122597 0.8639119 1.0034412 1.0291564 1.0129188 0.9686809 1.0419839 0.9623588 1.1284000 1.2829202 1.1493019 1.0626518 1.0970511 1.0404028 1.1090692 1.0575737 0.9702668 0.8703449 1.0386090 0.9943823 0.9262371 1.0504041 1.3135378 1.1742188 1.3480443 1.3063896 1.1510197 1.1809725 1.0634604 0.9118294 1.0655201 1.3154061 1.1168969 1.1158975 1.2575000 0.9974540 1.0075019 1.1108392 0.8986331 1.0728972 1.1958066 1.1796764 1.0291403 1.1554748 1.1728665 1.1183024 0.9646882 1.2042312 1.1838898 0.9609282 1.1289341 1.1271841 1.1976960 0.9520110 1.0488522 0.9591549 1.0766347 1.1403283 1.3392216 0.9903638 1.4808061 1.3003339 1.7501496 1.5547709 1.1006604 0.6621859 1.7428034 1.6214856 1.9288615 2.0521603 1.8230627 
Vmul_Simscaffold11609_01                               0.2774358 0.3300231 0.3393170 0.3570805 0.3699276 0.4106112 0.4084994 0.3747813 0.3551791 0.3643266 0.3604662 0.1333954 0.1325945 0.1216637 0.0000000 0.6535658 0.6260027 0.5150968 0.5051851 0.5211223 0.2865474 0.5482268 0.5370638 0.3512840 0.5343829 0.5464639 0.4652911 0.4460505 0.5785597 0.4154320 0.5790304 0.5064498 0.6581445 0.7274332 0.6125146 0.6110163 0.6943143 0.6292251 0.6336805 0.4409717 0.5061254 0.6306754 0.7849509 0.6956517 0.6743936 0.6743936 0.6673332 0.6783029 0.6846515 0.6165992 0.6751080 0.4766644 0.6019703 0.7600313 0.7449564 0.6502535 0.6246620 0.9165355 0.5651539 0.4750540 0.4750801 0.6061644 1.1942785 1.1247801 1.1423699 1.0119377 1.0901443 0.7580220 0.9914946 1.0529836 1.1239407 1.1235666 0.6739584 0.8253126 1.0890897 1.1543998 1.2477753 1.1709537 1.1605403 1.5389511 1.1441141 1.0817269 0.9959615 1.0143953 0.9528082 0.9604857 0.9993445 1.0306699 0.8587505 0.9007202 0.9685943 0.9561887 0.9781789 1.0295320 1.0773254 0.9466206 1.0766140 1.1308000 1.1380903 1.0528206 1.0362575 0.9806001 1.1372927 1.2610710 1.1608678 1.1193624 1.1290512 1.0644604 1.1246736 1.1408871 1.0204573 0.9008573 1.0188250 1.0192902 0.9575420 1.0826418 1.3125470 1.1424435 1.2817192 1.2769914 1.1850306 1.1282239 1.1359392 0.9368625 1.0542972 1.2626374 1.0802684 1.1655807 1.2185561 0.9857756 1.0039518 1.1226416 0.9015767 1.0568592 1.2742710 1.2655724 1.0950680 1.2252119 1.2548393 1.2273068 1.0501032 1.2525927 1.2038627 0.9808829 1.0467613 1.0971233 1.1950553 0.9738585 1.0800168 0.9439164 1.0539264 1.1159549 1.2665424 0.9705292 1.4698012 1.2361598 1.7579421 1.5107993 1.1012001 0.7442290 1.7553552 1.7369817 1.9010825 1.9654035 1.7124259 
Pbac_sb2648246                                         0.4816793 0.5406491 0.6830710 0.5867174 0.5877821 0.6369071 0.6289985 0.5734560 0.4379950 0.6567309 0.6454249 0.6019732 0.6167932 0.6555843 0.6535658 0.0000000 0.0204192 0.0230038 0.3723841 0.3848011 0.5490078 0.7776965 0.7868999 0.5811491 0.7962237 0.7858836 0.6336786 0.6364032 0.7934252 0.6067431 0.8026467 0.6566367 0.9449679 0.9221504 0.8590590 0.8576085 0.9074609 0.8025217 0.8252098 0.7932850 0.7466622 0.8503104 0.8571755 0.8843296 0.7660939 0.7660939 0.8241786 0.9283858 0.9748495 0.9619442 1.0266605 0.7640887 0.9352725 1.0398097 1.0514403 0.8212695 0.7966358 1.1148968 0.7355693 0.6976010 0.7303528 0.8699113 1.4558352 1.3410818 1.3335257 1.0142736 1.3757739 0.8290729 1.2294610 1.1433343 1.2248132 1.2998444 0.7369921 1.0566115 1.2614737 1.2751366 1.3614429 1.2819276 1.3072082 1.8391420 1.2739937 1.3797364 1.2738564 1.2732571 1.3333224 1.3002425 1.2688251 1.1130397 1.3111559 1.0512624 1.1228069 1.1420562 1.0969124 1.2286059 1.2017322 1.1161339 1.1762711 1.2545079 1.2769020 1.1631495 1.2155176 1.2083615 1.2820439 1.6265964 1.2741621 1.3112669 1.2955286 1.1892252 1.3364509 1.2743429 1.2350058 1.1640970 1.2756166 1.2010908 1.2427756 1.1360588 1.7187309 1.1679551 1.3505699 1.3747637 1.3332588 1.3199667 1.2052507 0.9641425 1.1721009 1.2701867 1.3233302 1.2091237 1.3089002 1.1503131 1.1577912 1.2310810 1.1876223 1.4513528 1.4310138 1.4856952 1.2672376 1.4332040 1.4836745 1.4900762 1.3102828 1.3237044 1.3282178 1.3509802 1.3045893 1.4302910 1.4902182 1.3637041 1.4091345 1.3775771 1.5650118 1.5022520 1.8077097 1.0517241 1.6277358 1.2381831 1.6807664 1.5593126 1.2012511 0.9342424 1.9559088 2.2638252 2.4217296 2.0784777 1.8088865 
Horcal_Hcv1.av93.c13.g409.i1                           0.4447079 0.5281813 0.6432001 0.5651288 0.5913907 0.6412614 0.6333796 0.5773227 0.4364095 0.6211455 0.6118410 0.6196877 0.6082811 0.6579077 0.6260027 0.0204192 0.0000000 0.0350975 0.3607448 0.3622478 0.5318433 0.7558623 0.7638642 0.5634728 0.7713173 0.7623775 0.6169453 0.6185132 0.7729645 0.5895317 0.7806789 0.6399256 0.9365331 0.8964513 0.8514250 0.8499991 0.8825768 0.7746049 0.7877966 0.7719345 0.7190131 0.8574323 0.8151318 0.8609441 0.7438663 0.7438663 0.8292058 0.8958601 0.9384927 0.9234782 0.9903646 0.7183756 0.8977290 1.0309570 1.0179823 0.8339676 0.7967758 1.1231938 0.6918908 0.6410936 0.6777910 0.8507279 1.4380078 1.3298864 1.3157145 0.9610201 1.3399126 0.7857654 1.2496903 1.1579459 1.2201463 1.2746440 0.7708448 1.0036955 1.2279831 1.2817112 1.3848902 1.2813411 1.3530686 1.8063429 1.2478838 1.3763363 1.2480642 1.2475391 1.2907074 1.2483313 1.2365153 1.0625000 1.3746009 1.0265042 1.0984526 1.1268011 1.0741625 1.2120655 1.1962873 1.0938976 1.1623087 1.2560850 1.2785523 1.1383329 1.1922412 1.1937356 1.2495450 1.6488560 1.2917045 1.3012428 1.2933136 1.1792562 1.3468235 1.2664554 1.2256279 1.1279901 1.2254911 1.1750727 1.2043170 1.1312637 1.6704346 1.1432179 1.3571942 1.4108477 1.3266471 1.2923929 1.2307689 0.9094106 1.1601389 1.2809364 1.3132840 1.1826145 1.3004249 1.1077982 1.1345889 1.1913089 1.1741805 1.4349046 1.4430326 1.4978546 1.2651153 1.4452070 1.4977595 1.4956422 1.3019576 1.2983014 1.3060313 1.3068609 1.3119131 1.4503668 1.5017037 1.3664188 1.4021893 1.3415215 1.5602170 1.5367109 1.7285536 0.9904953 1.5995152 1.2734081 1.7564704 1.5898899 1.1882794 0.9628115 1.9105856 2.3280497 2.3641216 2.0433146 1.8164115 
Coeast_Cast_sb759346                                   0.2818979 0.3387439 0.2691232 0.3745165 0.3644480 0.3644480 0.3644480 0.3644480 0.4039514 0.4378919 0.4258512 0.6019268 0.4793934 0.5333920 0.5150968 0.0230038 0.0350975 0.0000000 0.1993392 0.2080990 0.5667975 0.5319862 0.5271598 0.5271598 0.5271598 0.5319862 0.5503142 0.5469175 0.5605601 0.5605601 0.5605601 0.5788410 0.9109990 0.7777199 0.7898341 0.7751713 0.7751713 0.7751713 0.6784793 0.8207361 0.7258343 0.6141088 0.5201315 0.7103799 0.7100849 0.7100849 0.5722651 0.5674282 0.7292227 0.7390898 0.7688798 0.7627749 0.7537008 0.7292227 0.5869432 0.7190647 0.7190647 1.6797981 0.7374527 0.6860752 0.7170868 0.8199228 1.1555072 1.1812980 1.1269159 0.9232220 1.0124273 0.8266872 0.9331162 0.9255647 0.9164703 0.8674647 0.7871998 0.8365597 0.9426602 0.9943123 1.0411695 0.9949870 1.0747913 1.5905406 0.7047656 1.0699087 0.9759327 1.0115051 1.0747084 0.9930269 1.0132461 0.6705028 1.3327059 0.9647133 0.9138884 0.9293789 0.9282326 1.0539488 1.0121153 1.0444654 0.9422521 0.9788239 1.0351773 0.9137106 0.9900131 0.9602123 1.0062952 1.5377243 1.0587198 1.0734376 1.0688386 1.1025785 1.0810718 1.1059041 1.0635960 0.9805344 1.0526579 1.0167640 1.0866311 0.9037907 1.2860007 1.2019291 1.1496043 1.2776083 1.0766101 0.9562060 0.9311716 0.6446229 0.8072195 0.9812994 1.0020780 1.1503252 1.0430808 0.8012184 0.8012184 0.9612720 1.0329401 1.4472746 1.1889512 1.2597423 1.2105151 1.1970974 1.2210438 1.2187237 1.2187237 0.8814440 1.0048853 1.3173119 1.1532491 1.2113930 1.2848712 1.1917980 1.2081584 1.2302118 1.4027277 1.2508904 1.8312853 1.0615159 1.2749034 1.0962768 1.7165262 1.5959814 1.1761805 0.9541169 1.8493043 4.0918176 0.0000010 4.3602577 1.3773079 
Pbac_sb2650990                                         0.3149242 0.4009343 0.4537863 0.4638201 0.4786435 0.5018936 0.4966873 0.4544961 0.4013109 0.4067868 0.3829364 0.4361183 0.4496092 0.4960806 0.5051851 0.3723841 0.3607448 0.1993392 0.0000000 0.0167452 0.4584166 0.6878177 0.7088805 0.5308561 0.7193336 0.6963454 0.5423835 0.5599444 0.6864156 0.5162448 0.6947237 0.5436163 0.7302499 0.7644779 0.6789432 0.6830252 0.7238171 0.6501942 0.6046752 0.6256250 0.6845751 0.7123555 0.7605609 0.7547292 0.7218303 0.7218303 0.6371410 0.7956768 0.8611077 0.7921175 0.9315574 0.6331028 0.7683149 0.9213752 0.9703021 0.7352926 0.7205403 0.9691141 0.5730763 0.5822084 0.6672716 0.6849353 1.2366964 1.1128138 1.0844884 0.9899591 1.1677101 0.6869800 0.9863762 0.9759666 1.0854372 1.0636110 0.7828757 0.8413962 1.0514622 1.0621504 1.1433265 1.0751272 1.1924872 1.2369784 0.9049540 1.0558464 1.0410690 1.0799027 1.0602451 1.0499031 1.0741645 0.9025925 1.2142714 0.9099258 0.9661446 1.0197746 0.9160033 1.0498866 1.0547547 0.9509710 1.0387265 1.0974587 1.0772226 0.9866505 0.9796023 0.9601383 1.0881475 1.3363880 1.1125048 1.1059378 1.1039352 1.0719131 1.0824509 1.1086050 1.0301292 0.9885148 1.1396544 1.0440733 1.0775191 1.0149270 1.4660596 1.2085712 1.2578996 1.2610830 1.0876147 0.9831692 1.0266482 0.7101993 0.9564208 1.1599262 1.1124539 1.0882260 1.0510972 0.8562459 0.8562459 1.0235852 1.0154754 1.2313457 1.0728822 1.1038624 0.9785080 1.0752447 1.1336239 1.1445211 1.0254115 1.0827140 1.1037494 1.1672997 1.1269372 1.1878240 1.2046234 1.0764593 1.0922360 1.0722925 1.3240805 1.2803741 1.7310853 0.9849373 1.4613822 1.1845488 1.6525262 1.5029091 0.9554877 0.8134966 2.1582187 1.5408286 1.5592365 1.7381140 1.5185903 
Horcal_Hcv1.av93.c2.g965.i1                            0.3354865 0.4133671 0.4683465 0.4727620 0.4884327 0.5145498 0.5096744 0.4673420 0.4050035 0.4061669 0.3895911 0.4417529 0.4601147 0.5007184 0.5211223 0.3848011 0.3622478 0.2080990 0.0167452 0.0000000 0.4616531 0.6970626 0.7187338 0.5490978 0.7289359 0.7053389 0.5610655 0.5801225 0.6970072 0.5343565 0.7051670 0.5635519 0.7434554 0.7781882 0.6913487 0.6954384 0.7320307 0.6626081 0.6179057 0.6285910 0.7010331 0.7270171 0.7717614 0.7714231 0.7510496 0.7510496 0.6481958 0.8082651 0.8727261 0.8031542 0.9469546 0.6392577 0.7790337 0.9365420 0.9861014 0.7268412 0.7309106 0.9154235 0.5825137 0.5822084 0.6744194 0.6971063 1.2561638 1.1312088 1.0990150 1.0143650 1.1805756 0.7063639 0.9976741 0.9889986 1.1032557 1.0971810 0.7916374 0.8559790 1.0549627 1.0638959 1.1547570 1.0817343 1.1826103 1.2685779 0.9366950 1.0856409 1.0706426 1.0899661 1.0926468 1.0792221 1.1037021 0.9347952 1.2354636 0.9249279 0.9777065 1.0317264 0.9453994 1.0670386 1.0719281 0.9641105 1.0557611 1.1152146 1.0948195 1.0033250 0.9913700 0.9808042 1.1058360 1.3475293 1.1321825 1.1255518 1.1234539 1.0862229 1.1104047 1.1150346 1.0400754 1.0055254 1.1439993 1.0546483 1.0867568 1.0286588 1.4799866 1.2508162 1.2671952 1.2701964 1.1069688 1.0109660 1.0213220 0.7317608 0.9693691 1.1684587 1.0943927 1.1007593 1.0825611 0.8828802 0.8828802 1.0399708 1.0235384 1.2406692 1.0947442 1.1260529 0.9961985 1.1048748 1.1404500 1.1569106 1.0396737 1.0997988 1.1183614 1.1739162 1.1271844 1.1949729 1.2117981 1.0800524 1.0958611 1.0865167 1.3383133 1.3140524 1.7547000 1.0157679 1.4957454 1.1801124 1.6662871 1.5411217 0.9687327 0.8317707 2.1864706 1.5853334 1.5162408 1.7059076 1.5167777 
Bolinf_Binf_sb1264596                                  0.1926927 0.4538367 0.2174334 0.4203297 0.4740969 0.4740969 0.4740969 0.4740969 0.5572660 0.3944258 0.4056630 0.4346986 0.3689793 0.3433876 0.2865474 0.5490078 0.5318433 0.5667975 0.4584166 0.4616531 0.0000000 0.3873194 0.3202551 0.3202551 0.3202551 0.3873194 0.3785620 0.3107408 0.4482204 0.4482204 0.4482204 0.4395237 0.4197876 0.3651169 0.3651169 0.3663086 0.3663086 0.3663086 0.3491565 0.5013923 0.4585188 0.4703692 0.2997413 0.3635293 0.3635293 0.3635293 0.3215743 0.2573953 0.3723030 0.3837075 0.3837075 0.4235954 0.3837075 0.3723030 0.2573953 0.3792485 0.3792485 0.6654019 0.4538871 0.5293653 0.5473628 0.5448409 0.7878674 0.8371273 0.8397700 0.5228706 0.6482778 0.6523908 0.6568586 0.6533295 0.6567359 0.5711960 0.7313478 0.6516695 0.6590066 0.7939445 0.7156083 0.7493743 0.6883031 2.0786729 0.4581308 0.7055076 0.6533256 0.6981206 0.6255894 0.6566383 0.6308344 0.4658418 0.7108816 0.5921011 0.6252505 0.5781031 0.5943679 0.7272418 0.7864501 0.7456576 0.6812993 0.6986751 0.7659309 0.6372934 0.6039236 0.5919009 0.7130943 1.0051154 0.7160315 0.7191732 0.7371916 0.8095063 0.7647867 0.6259243 0.6049055 0.6089142 0.7091845 0.8043420 0.7548449 0.7078820 0.9500065 0.9988568 1.0459957 0.9967952 0.8339620 0.6854704 0.8063992 0.3675970 0.7298487 0.8028282 0.6828227 0.6846706 1.0431423 0.6294124 0.6294124 0.7160309 0.7863961 0.9416736 0.8315335 0.8217104 0.8110631 0.7985662 0.8558359 0.8243630 0.8243630 0.6513710 0.7559689 1.0295571 0.8516655 0.9037324 0.9709602 0.8668149 0.9666757 0.7210818 0.8448286 0.8845181 1.0869043 0.9578828 0.8745014 0.9093774 1.6419470 1.3381948 1.0221609 0.8715595 1.2945168 1.7772016 0.0000010 0.0000010 0.0000010 
Eupdun_Edun_sb10648961                                 0.4498255 0.5888903 0.5211451 0.5415684 0.5755948 0.6295177 0.6211984 0.5869838 0.5184750 0.5023543 0.5024063 0.4068187 0.5627560 0.6059492 0.5482268 0.7776965 0.7558623 0.5319862 0.6878177 0.6970626 0.3873194 0.0000000 0.0180942 0.0470250 0.0276949 0.0071507 0.0954998 0.1403752 0.1042575 0.1996552 0.1236905 0.3094980 0.7015473 0.6866871 0.5927204 0.5833419 0.6663946 0.6088358 0.6505931 0.4515475 0.5306053 0.6006567 0.8063652 0.8129412 0.7718092 0.7718092 0.6046237 0.6098379 0.7052950 0.6790177 0.8050022 0.6165699 0.6673763 0.8294124 0.8075400 0.7107504 0.6553887 0.8901504 0.6332828 0.5891351 0.6249781 0.6358654 1.3388135 1.2482545 1.2449300 1.0108631 1.1588416 0.6212676 1.0218671 1.1585279 1.1541255 1.2164611 0.8628871 0.8660031 1.1445739 1.1460434 1.1974986 1.1121220 1.1609913 2.0288878 1.3594317 1.3681856 1.2316177 1.2157326 1.1709051 1.1770418 1.1844141 1.3182163 0.5644344 0.9882019 1.0843787 1.1320927 1.1651803 1.2815291 1.1860766 1.0561254 1.1616655 1.1537048 1.1865510 1.1299163 1.1151737 1.1405277 1.2909531 1.5130417 1.2298457 1.2604258 1.2520237 1.2275679 1.1173616 1.0954034 1.0299098 0.9461491 1.2490724 1.1782015 1.2058020 1.1660383 1.5511961 1.1167280 1.3631256 1.3257167 1.2616965 1.1285689 1.1996653 0.9540679 1.2624394 1.2629533 1.2798551 1.1018574 1.2698711 1.2306477 1.2306477 1.2561864 1.1482326 1.3029846 1.2816449 1.3058078 1.1472402 1.2848781 1.2743892 1.3591042 1.2233341 1.3665997 1.4373340 1.1848123 1.1903580 1.2958484 1.4054943 1.1676425 1.2774895 1.0743020 1.2972600 1.3878450 0.9319383 1.1706812 1.6095970 1.2351730 2.2187889 1.7043833 1.3795486 0.8650573 2.1198194 2.0497494 1.5564489 1.6054261 1.3924371 
Eupdun_Edun_sb10648968                                 0.4498255 0.5857121 0.5211451 0.5329455 0.5672249 0.6221814 0.6133907 0.5778797 0.4947321 0.5008432 0.4953996 0.3832945 0.5576406 0.6021322 0.5370638 0.7868999 0.7638642 0.5271598 0.7088805 0.7187338 0.3202551 0.0180942 0.0000000 0.0164465 0.0075393 0.0276949 0.1403752 0.1031868 0.0976505 0.1904927 0.1166926 0.3030399 0.6776359 0.7056418 0.6169831 0.6068730 0.6967001 0.6408074 0.6916362 0.4541797 0.5383299 0.5972356 0.8063652 0.8101249 0.7640065 0.7640065 0.5950125 0.6098379 0.6766158 0.6478414 0.7817723 0.5471534 0.6399101 0.8032587 0.8075400 0.7033190 0.6456335 0.8901504 0.6026453 0.6203889 0.6261798 0.6384823 1.3399152 1.2387753 1.2642745 1.0108631 1.1297486 0.6354416 1.0022018 1.1294535 1.1309251 1.1846934 0.8493015 0.8398698 1.1315269 1.1123602 1.1857877 1.0659201 1.1581703 2.0288878 1.3594317 1.3458948 1.2091751 1.1937846 1.1505929 1.1585498 1.1731276 1.3182163 0.5388275 0.9735932 1.1196615 1.1609689 1.1559203 1.2834524 1.1844765 1.0359746 1.1506252 1.1401232 1.1854160 1.1368208 1.1024290 1.1244484 1.2872511 1.5020462 1.2118339 1.2275415 1.2189337 1.1863646 1.1614401 1.1007069 1.0229800 0.9618953 1.2422284 1.1812481 1.1964556 1.1414591 1.5373559 1.0723343 1.3457334 1.3175283 1.2380735 1.1032276 1.1726298 0.9540679 1.2253076 1.2298355 1.2392412 1.1018574 1.2466238 1.2440220 1.2440220 1.2565824 1.1238759 1.1776463 1.2880750 1.3135948 1.1376987 1.2820932 1.2735052 1.3640400 1.2214174 1.3665997 1.5059736 1.0399644 1.1351645 1.2619740 1.3464439 1.1197935 1.2176398 1.0595730 1.2826062 1.3769220 0.8566502 1.0548518 1.5953833 1.2269505 2.1955084 1.6477209 1.2730911 0.9114320 1.8907662 2.0424661 1.5564489 1.6054261 1.3924371 
