68
Stycar_maker-SC_scaffold52372-snap-gene-0.4-mRNA-1     0.0000000 0.0962859 2.0787810 1.4541821 1.4673310 1.9715709 2.4744473 4.2647098 5.5524644 4.5780982 5.6017026 0.0000010 0.0000010 3.4955120 3.9735645 5.2999820 0.7474987 4.5135181 3.6970799 4.4490176 0.0000010 5.3325056 3.7107329 4.1844991 3.9084772 3.0543637 3.0032534 3.4765334 3.7340022 3.2696728 7.1782834 7.0919421 7.8379583 3.9949054 4.9848823 4.9414310 3.7560787 4.8879442 5.6070456 6.1882529 4.4936473 6.2321199 1.7453505 6.0633508 8.9999986 6.2979077 6.2979077 7.5789936 7.4916919 7.4213204 7.7947552 8.6066715 0.0000010 7.0869126 8.9999982 6.2096430 4.1063585 3.9809510 4.0293354 3.5566136 8.9999983 0.0000010 0.0000010 0.0000010 0.0000010 0.0000010 5.4025248 4.3010802 
Stycar_maker-SC_scaffold7190-augustus-gene-0.39-mRNA-1 0.0962859 0.0000000 0.3578828 1.2850498 1.4035860 1.6178072 1.8943263 2.9138142 2.7384831 2.8370619 3.0725690 1.3624598 1.8378015 2.8951660 2.5991526 2.8097169 1.7417473 2.8303503 2.4468616 2.3634409 1.5140588 2.5580926 2.6362025 2.5269738 2.6947840 2.3279570 2.1605513 2.5135876 2.5691565 2.4543314 3.8282582 3.7633228 3.8491101 3.1715766 3.2527970 3.1626623 2.6525251 2.8796469 2.6672581 3.1432653 2.8695420 3.5549184 1.4883612 3.8048685 5.0690563 5.5927809 6.2323736 5.9703750 4.7659056 4.9395035 5.7711502 6.5837205 4.2448334 5.1219317 5.0237309 3.9520578 4.0008493 3.4907031 3.4861177 5.1223024 4.1305192 3.4517672 2.7989161 3.5395670 2.8805878 3.0754161 4.3507199 3.9655142 
Tetwil_g2922.t2                                        2.0787810 0.3578828 0.0000000 0.7473877 0.6584751 0.8742650 1.1636808 1.5173946 1.6725376 1.6725376 0.0000010 0.1568428 2.1496640 1.5094158 1.3269523 1.5117410 1.4767508 1.5569502 1.7136431 1.6706453 0.0000010 1.6037329 1.8120384 1.7585048 1.5242909 1.2077258 1.5042429 1.4206430 1.1858323 1.3725350 2.2829859 2.2159296 2.2579061 1.6562657 1.9660919 1.8688486 1.7169740 2.0439611 0.0000010 2.2228755 1.6545065 1.9140783 2.7715516 2.8515114 0.0000010 0.0000010 0.0000010 0.0000010 0.0000010 3.4149175 3.6695991 6.4399485 3.6759405 3.9146454 4.3901460 4.8477795 4.0828343 4.0828343 3.3543282 2.0985906 4.1656997 9.0000000 0.0000010 0.0000010 8.9999990 0.0000010 3.8366929 4.1172098 
Xestes_maker-XT_scaffold9863-augustus-gene-0.6-mRNA-1  1.4541821 1.2850498 0.7473877 0.0000000 0.6703811 0.8889568 1.6953804 2.4584448 2.3295636 2.3328020 1.9032146 1.3921298 1.7635340 2.4267017 2.3226221 2.4248678 1.6003143 2.4839766 2.2611242 2.3825091 1.5576147 2.1594417 2.4163003 2.2159337 2.3181919 2.3022278 1.9535860 2.0915242 2.1049928 2.0997974 3.0087298 3.1802864 3.2390167 2.3111816 2.7040881 2.8093418 2.1330320 2.7223783 2.6917995 2.7776356 2.1447156 2.8262465 1.2300767 3.1479477 4.1418249 4.8825402 5.4851658 5.5168122 4.6442889 4.6444953 5.0407017 5.1751472 4.0107032 4.5169053 4.5847898 4.0601646 2.8378827 2.5212177 2.6066003 2.8604032 3.3522052 2.4166689 2.4908686 2.7811298 2.0280911 2.1956881 3.7387696 4.4568931 
Halamb_c48069_g1_i1m.23475                             1.4673310 1.4035860 0.6584751 0.6703811 0.0000000 0.5319773 1.6748372 2.3927862 2.3344513 2.2731334 2.0742181 1.7074903 1.7508575 2.3768121 2.4112655 2.5379754 1.7160837 2.4309523 2.3526518 2.3056550 1.7783802 2.1751411 2.5621526 2.2225430 2.3444341 2.2531217 1.8823785 2.0869484 2.1268981 2.1158639 3.2066829 3.1641006 3.2498817 2.3529616 2.5856545 2.8600936 2.0809605 2.8030563 2.5618228 2.9190499 2.1599342 2.8671980 1.2594106 3.2251856 4.0541760 4.7912157 5.4557979 5.3804550 4.5096915 4.4393806 4.9573312 5.3355414 3.6549373 4.5020628 4.5190599 3.8652454 2.6976259 2.3074183 2.5687345 3.1933334 3.7772290 2.3015695 2.8321839 2.3166342 2.1035084 2.6552453 3.7803860 4.6720229 
Aque_Aqu2.1.36407_001                                  1.9715709 1.6178072 0.8742650 0.8889568 0.5319773 0.0000000 1.9376397 2.7220700 2.5648297 2.4873790 2.3829336 1.6593484 2.2561204 2.6346248 2.5410161 2.7173773 1.8295881 2.8151230 2.5489093 2.4764865 1.9689891 2.4334142 2.8070971 2.5125003 2.4671872 2.5802260 2.1913770 2.2216289 2.4336612 2.3772368 3.4408882 3.4633751 3.4617008 2.6786423 2.7400202 3.0416937 2.3550921 3.1846385 2.6444311 3.4461493 2.5092991 3.0900652 1.3483242 3.4600791 4.5828850 5.0992586 5.8138391 5.7194942 4.8764315 4.4964728 5.4114461 5.7702885 3.8592988 4.5077943 4.7469599 4.0522584 3.2271488 2.4892985 2.8146282 3.0185888 3.9722715 2.8006601 3.0679628 3.1774636 2.8766131 2.8327362 4.0321738 4.7594581 
Plespi_Pspi_scaffold14058_01                           2.4744473 1.8943263 1.1636808 1.6953804 1.6748372 1.9376397 0.0000000 2.7364727 2.6862029 2.5052388 2.0549996 1.7328464 2.3282108 2.8113648 2.6589600 2.7925109 1.8953463 2.7660179 2.2711364 2.4567484 2.2326551 2.4502721 2.6330552 2.3895253 2.2477617 2.4574203 2.1313752 2.2024837 2.3308749 2.5275501 2.8992993 2.9024918 2.9483241 2.4808287 2.6310493 2.7384520 2.4048068 3.0516687 2.7745042 3.3416901 2.3813943 2.9953888 1.7861423 3.1521582 3.9757962 4.9209087 5.4889078 5.6204021 5.1330234 4.7435808 5.8236239 6.0456983 4.4341468 5.0510941 5.2822047 4.2132286 3.0100157 2.5358841 2.9226996 3.3248690 3.8339440 3.1426323 3.5553394 3.5493283 3.0383616 2.3696132 4.0860896 3.8824657 
Hsap_ENST00000295500                                   4.2647098 2.9138142 1.5173946 2.4584448 2.3927862 2.7220700 2.7364727 0.0000000 2.8280339 2.7056095 2.2640824 1.5696090 1.9865678 2.3095332 2.2853367 2.3744459 1.3028308 2.2952979 2.1603935 2.4037629 2.5686189 2.1522243 2.0892690 2.0902584 1.9501938 1.7362625 1.7994965 1.9543578 1.8498237 1.9912425 3.1007906 3.0980164 3.1074045 2.2326784 2.4894340 2.7215920 1.9719616 2.6746430 2.5330165 2.8835098 2.2983815 2.9251862 2.9661707 2.8587056 4.8031279 5.4388348 5.5361441 7.5897590 5.9520655 4.5218489 4.6506393 6.3273519 3.8032166 4.2342905 4.3185726 4.7127664 3.8119988 3.0364269 4.0782793 3.8267969 3.1951351 3.3991508 2.7960930 3.2617531 2.9011334 3.2312292 3.9030287 4.1664104 
Ocar_g6517                                             5.5524644 2.7384831 1.6725376 2.3295636 2.3344513 2.5648297 2.6862029 2.8280339 0.0000000 0.0174302 0.6845279 0.6898157 0.7780392 2.4961743 2.4747741 2.5899817 1.5513013 2.5763695 2.3019983 2.5067105 1.7511897 2.2501155 2.6605539 2.3032873 2.5198895 2.2674375 2.0613023 2.2601822 2.2791151 2.4304230 3.1503853 3.1367506 3.2020029 2.7408938 2.6211064 2.8224289 2.4474985 2.6228204 2.2021924 2.9689086 2.6581397 2.6843479 2.6119881 2.7602203 4.4714108 6.1448700 6.6338309 6.1381019 4.7178113 4.1800358 4.6582634 5.9060812 3.9443518 4.2599309 4.0129052 4.0956976 1.7001521 1.6707250 1.5710893 2.4066705 3.8335047 3.5841899 2.5482388 3.2303860 2.7683748 3.2893158 4.0346371 4.6184592 
Opea_EP00118_Oscarella_pearsei_P014140                 4.5780982 2.8370619 1.6725376 2.3328020 2.2731334 2.4873790 2.5052388 2.7056095 0.0174302 0.0000000 0.6845279 0.6898157 0.7780392 2.4591263 2.4367643 2.5317077 1.5458576 2.5460694 2.2369129 2.6538223 1.7511897 2.2081326 2.6224427 2.2587164 2.4058021 2.2578795 1.9774054 2.1628075 2.2311090 2.3317770 3.0872085 3.1243808 3.1850895 2.6818375 2.5497775 2.7500838 2.3376421 2.7666760 2.2021924 2.9689086 2.6283602 2.7334342 2.4943720 2.7552096 5.1904358 6.4766955 6.9555494 6.5530641 5.1608479 4.2902386 4.8983201 6.0478715 3.9443518 4.3828503 4.0129052 4.3593605 1.7001521 1.3739952 1.2779249 2.5503296 3.8335047 3.5841899 2.5482388 3.2303860 2.7683748 3.2893158 4.0833274 4.5472454 
Opea_EP00118_Oscarella_pearsei_P000587                 5.6017026 3.0725690 0.0000010 1.9032146 2.0742181 2.3829336 2.0549996 2.2640824 0.6845279 0.6845279 0.0000000 0.0000010 0.0000010 2.3940186 1.7680686 2.0238002 1.5220941 1.8463411 1.8284023 2.3331314 0.0000010 1.7646579 1.8615156 1.9166593 1.9943462 1.8619072 1.5337314 1.5908107 2.0266840 1.8043510 2.0055136 2.4206354 2.3560567 1.9338787 2.2964000 2.1034308 1.7872208 2.6969839 2.4931888 2.7786573 1.7650266 2.1712852 2.0808549 2.5607898 0.0000010 0.0000010 0.0000010 0.0000010 0.0000010 3.8506773 4.4747550 5.9895734 3.9867814 3.8309639 3.8979794 6.2973204 0.9737609 0.9737609 0.0000010 9.0000000 0.0000010 1.6380068 0.0000010 0.0000010 0.0000010 0.0000010 4.5023482 2.6769167 
Opea_EP00118_Oscarella_pearsei_P002493                 0.0000010 1.3624598 0.1568428 1.3921298 1.7074903 1.6593484 1.7328464 1.5696090 0.6898157 0.6898157 0.0000010 0.0000000 0.0000010 1.7558373 1.7052149 1.6307472 1.6307472 1.9116016 1.5542832 1.0435913 0.0000010 1.4600052 1.7848596 1.4955325 1.3584847 1.5274799 1.5843024 1.4776861 1.8014092 1.7555729 3.7061820 3.6632605 3.3789507 2.4171922 1.6895843 1.4796564 1.7236738 1.9155141 2.1198405 2.0958413 1.4201090 1.5261885 2.3042458 1.5273228 0.0000010 0.0000010 0.0000010 0.0000010 0.0000010 4.8725323 4.6955895 0.0000010 4.3988722 3.2977831 3.3940473 9.0000000 0.0000010 0.0000010 0.0000010 0.0000010 0.4418534 4.0375343 0.0000010 0.0000010 0.0000010 0.0000010 4.4339867 8.4362370 
Opea_EP00118_Oscarella_pearsei_P017165                 0.0000010 1.8378015 2.1496640 1.7635340 1.7508575 2.2561204 2.3282108 1.9865678 0.7780392 0.7780392 0.0000010 0.0000010 0.0000000 1.6279742 1.9334448 1.9061076 1.9061076 2.3074167 2.1019126 2.1392535 0.0000010 1.8074761 1.9732720 1.6875115 2.1822198 2.1763157 2.2234466 2.0156288 1.4986702 1.6287099 1.8106984 2.1471300 1.9859860 2.2483088 2.1059715 2.7379262 2.1614317 2.6381125 0.0000010 2.5184482 2.6130539 2.5194363 2.4272378 2.9019394 0.0000010 0.0000010 0.0000010 0.0000010 0.0000010 3.0864516 3.8516959 0.0000010 3.9534979 3.3707664 3.6192968 5.3652494 2.7241385 2.7241385 9.0000000 2.1138439 7.6450541 9.0000000 0.0000010 0.0000010 8.9999988 0.0000010 3.1054959 4.1675996 
Dpul_mRNA22094                                         3.4955120 2.8951660 1.5094158 2.4267017 2.3768121 2.6346248 2.8113648 2.3095332 2.4961743 2.4591263 2.3940186 1.7558373 1.6279742 0.0000000 2.4345397 2.5252285 1.6252241 2.5408935 2.2084969 2.2789168 1.9015259 2.2086518 2.1776548 2.2471220 1.9670958 1.7317443 1.7491470 2.0045334 1.2467609 1.4697905 2.8592843 2.9963785 3.0210470 2.0370642 2.4983452 2.4494129 2.1191170 2.6077547 2.2847756 2.6417445 2.1840811 2.9330691 2.7136742 2.8905469 4.1386842 5.1096333 5.7501004 6.0470277 4.8336957 4.5594637 5.0829288 5.5186592 3.8979149 4.3415008 4.2342542 4.2437046 3.6855840 3.1743676 3.0556649 2.7597999 3.7164172 3.2805010 2.6127773 3.5640942 2.5586778 3.2630957 3.7110566 4.1864231 
Aaur_scaffold1907.g4.t2                                3.9735645 2.5991526 1.3269523 2.3226221 2.4112655 2.5410161 2.6589600 2.2853367 2.4747741 2.4367643 1.7680686 1.7052149 1.9334448 2.4345397 0.0000000 0.6473083 0.4862366 0.8590553 1.8095996 1.9443060 1.3302914 1.9466511 1.9321281 1.8394835 2.0498495 2.1309426 1.8992747 2.1447821 2.2325639 2.3313400 2.5342134 2.5137465 2.5466349 2.4848066 1.7558220 2.6941905 2.0761134 2.7355691 2.3637172 3.0015153 2.4944143 2.0661088 2.6127393 2.3224503 4.2881394 5.2203700 5.4219321 5.9456586 4.7634102 4.0358740 4.6213423 5.8549204 3.6134145 4.4916696 4.2131764 4.9095494 3.8561904 3.1415747 2.9784617 3.2739716 3.9961697 3.6299927 2.6800699 3.5327904 2.8375086 3.5806522 4.1632960 4.1716639 
Rhoesc_Res_005934-T1                                   5.2999820 2.8097169 1.5117410 2.4248678 2.5379754 2.7173773 2.7925109 2.3744459 2.5899817 2.5317077 2.0238002 1.6307472 1.9061076 2.5252285 0.6473083 0.0000000 0.0100709 0.8707138 1.8040305 1.9519901 0.9848398 2.0451170 2.1053950 2.1396532 2.1132215 2.4073226 2.0408430 2.2176927 2.4220282 2.4565058 2.6873812 2.5808664 2.5884219 2.5980102 1.7388149 2.7668000 2.1855465 2.9444742 2.4448422 2.9700766 2.5361181 2.1588867 2.9877225 2.4706618 4.7053681 5.5555762 6.1315288 6.3684419 5.0976370 4.4565006 4.9828616 6.5382198 3.6781907 4.6783867 4.0831488 4.8010928 3.9024682 3.1617329 3.2773241 2.8329305 3.7755142 3.3412838 2.8364461 3.2870530 2.7101231 2.9602469 4.3077000 3.6157858 
Rhoesc_Res_013853-T1                                   0.7474987 1.7417473 1.4767508 1.6003143 1.7160837 1.8295881 1.8953463 1.3028308 1.5513013 1.5458576 1.5220941 1.6307472 1.9061076 1.6252241 0.4862366 0.0100709 0.0000000 0.6675327 1.1788741 1.3419114 0.0000010 1.2492235 1.2813420 1.3304784 1.4094844 1.4440166 1.2769540 1.4300326 1.4732483 1.5183674 2.1344170 2.1324205 2.0941105 1.6704483 1.2241901 1.6634963 1.4647270 2.4033431 2.4771178 2.2192522 1.7391754 1.7107647 1.8462607 1.6613560 0.0000010 5.3745498 5.3745498 9.0000000 9.0000000 3.4696303 3.7367991 7.8149435 3.6671024 3.5245130 3.6167313 4.6400919 1.4769402 1.3182779 4.9398962 1.9245558 3.4332785 4.8082199 0.0000010 0.0000010 7.5965645 0.0000010 3.3887909 3.7155806 
Sanmal_Sma_005635-T1                                   4.5135181 2.8303503 1.5569502 2.4839766 2.4309523 2.8151230 2.7660179 2.2952979 2.5763695 2.5460694 1.8463411 1.9116016 2.3074167 2.5408935 0.8590553 0.8707138 0.6675327 0.0000000 1.7832980 1.9123461 1.3838632 1.8855718 1.8826709 1.8414860 2.0016645 2.1233440 1.9200179 2.1436344 2.2593633 2.3068119 2.5464654 2.4924430 2.4833339 2.5648666 1.7500690 2.8385959 2.1702028 2.6356059 2.3056637 2.9834635 2.4461331 2.2715125 2.8990435 2.3826325 4.6446054 5.6409504 6.2174096 6.7945598 4.9605594 4.1645428 4.7050452 5.6651882 3.3778540 4.3893889 3.9708415 4.9420474 3.8477209 3.1847819 3.0492913 2.8496703 3.6114898 3.8716791 3.3807656 3.4134458 3.0129181 3.6154753 4.6931836 3.7998695 
Amil_Amillepora14734-RA                                3.6970799 2.4468616 1.7136431 2.2611242 2.3526518 2.5489093 2.2711364 2.1603935 2.3019983 2.2369129 1.8284023 1.5542832 2.1019126 2.2084969 1.8095996 1.8040305 1.1788741 1.7832980 0.0000000 0.1609006 0.5371354 1.1574114 0.5018550 1.3697854 1.6346164 1.7288792 1.6257946 1.7399350 1.6937827 1.8561843 2.1063564 2.2758050 2.2048082 2.1105674 1.9171823 2.3123112 1.7858394 2.7788936 2.2296523 2.7653044 1.9890730 2.2341455 2.3664016 2.6185141 3.6046046 4.2661351 4.6102992 5.2577310 4.2785812 4.0436094 4.6710611 5.4912091 4.0935639 4.1293750 4.4730804 3.8868792 2.8683155 2.4926362 2.5254164 2.9896401 3.9938080 3.3990364 3.2704689 3.7186802 3.6287816 4.1931905 3.6313105 3.7443080 
Adig_XM_015900487.1                                    4.4490176 2.3634409 1.6706453 2.3825091 2.3056550 2.4764865 2.4567484 2.4037629 2.5067105 2.6538223 2.3331314 1.0435913 2.1392535 2.2789168 1.9443060 1.9519901 1.3419114 1.9123461 0.1609006 0.0000000 0.5326217 1.4025000 0.7229508 1.6117235 1.8545588 1.8455152 1.8280203 2.0762577 1.8971596 1.9232836 2.1174948 2.5082402 2.4175084 2.0330169 2.0729286 2.7096427 1.9835858 3.1259576 3.2504373 2.9223836 2.0458191 2.4831287 2.4746435 3.3515666 3.7659828 4.2631017 5.0068635 6.7834769 4.2968806 3.9526602 4.7650985 5.7183167 3.9612955 4.3777980 4.9101038 3.4527097 2.8432466 2.7777646 2.9580207 3.3604579 4.1685316 3.6217434 3.2832152 3.7602838 3.5998690 4.1625883 3.6423181 3.4228226 
Gfas_gfas1.m1.22137.m1                                 0.0000010 1.5140588 0.0000010 1.5576147 1.7783802 1.9689891 2.2326551 2.5686189 1.7511897 1.7511897 0.0000010 0.0000010 0.0000010 1.9015259 1.3302914 0.9848398 0.0000010 1.3838632 0.5371354 0.5326217 0.0000000 0.6042143 0.0000010 0.9219208 1.1749316 5.5794932 1.6948593 1.9048651 1.6820399 1.6896494 1.9379269 2.3855609 2.2958659 1.4436628 1.5398805 2.1366117 1.6931063 1.8053005 0.0000010 3.8291374 1.8259939 1.8785732 1.2071018 3.4136700 2.4346962 2.4334589 2.5374484 2.3104481 2.0291891 2.0606619 1.9057221 2.2850373 0.0000010 1.4953810 0.0000010 2.1514333 8.9999987 1.7816532 1.6487233 2.7066364 3.2682075 3.4997229 3.0215871 3.3152211 3.3100042 3.5961716 4.4717873 2.7936677 
Nvec_v1g241468                                         5.3325056 2.5580926 1.6037329 2.1594417 2.1751411 2.4334142 2.4502721 2.1522243 2.2501155 2.2081326 1.7646579 1.4600052 1.8074761 2.2086518 1.9466511 2.0451170 1.2492235 1.8855718 1.1574114 1.4025000 0.6042143 0.0000000 1.3400507 0.8938400 1.6545606 1.7418124 1.6220347 1.7239427 1.7422221 1.8104114 2.0535107 2.1271155 2.1049236 2.2604703 2.1158075 2.4316161 1.6589391 2.7120205 1.8192996 3.0753263 2.0640475 2.5047572 2.3576107 2.5543561 3.2428233 4.3861450 5.0690845 5.6311350 3.9635552 3.9038446 4.8517055 5.3855524 3.4853906 4.3548897 4.3671851 4.1934767 3.2230017 2.6179520 2.5915945 2.7528211 3.2988191 3.2735573 2.6428065 3.3865614 2.5268758 2.4354318 3.6340079 4.3567908 
Gfas_gfas1.m1.20225.m1                                 3.7107329 2.6362025 1.8120384 2.4163003 2.5621526 2.8070971 2.6330552 2.0892690 2.6605539 2.6224427 1.8615156 1.7848596 1.9732720 2.1776548 1.9321281 2.1053950 1.2813420 1.8826709 0.5018550 0.7229508 0.0000010 1.3400507 0.0000000 1.3562638 1.8396693 1.7820236 1.8545031 2.0274559 1.8386193 1.9555908 2.3468427 2.4123952 2.3370993 2.2361040 2.1143704 2.4035033 1.9693946 2.6039754 2.0900134 2.8625498 2.1055763 2.4492645 2.6678209 2.7119340 8.9999980 6.9866436 6.9866436 8.1207417 7.3214716 4.4919847 5.5629850 6.7100601 4.2135135 4.9914549 4.6877132 5.6571956 3.7952461 3.4917689 4.0727513 3.2172169 6.3553056 2.5606835 0.0000010 0.0000010 2.8907875 0.0000010 3.3515336 4.4871861 
Exapal_XM_021059695.1                                  4.1844991 2.5269738 1.7585048 2.2159337 2.2225430 2.5125003 2.3895253 2.0902584 2.3032873 2.2587164 1.9166593 1.4955325 1.6875115 2.2471220 1.8394835 2.1396532 1.3304784 1.8414860 1.3697854 1.6117235 0.9219208 0.8938400 1.3562638 0.0000000 1.7327517 1.8005158 1.6445531 1.7651071 1.8868898 1.9202924 2.1218921 2.0620297 2.0151588 2.3169110 1.9829437 2.3658908 1.6710540 2.6004492 2.1184718 3.1095269 1.9700723 2.3504871 2.3404522 2.4398148 2.7505769 3.8560727 4.3681232 5.7452556 4.2782920 4.0019272 4.9679387 5.0619655 4.0508145 4.3821016 4.4379848 3.9141341 3.3617598 2.8702966 2.7083224 2.9171245 3.5738869 2.8597008 3.1417111 3.3388499 3.0071620 2.6439480 3.4823064 4.6290110 
Skow_XM_006818466.1                                    3.9084772 2.6947840 1.5242909 2.3181919 2.3444341 2.4671872 2.2477617 1.9501938 2.5198895 2.4058021 1.9943462 1.3584847 2.1822198 1.9670958 2.0498495 2.1132215 1.4094844 2.0016645 1.6346164 1.8545588 1.1749316 1.6545606 1.8396693 1.7327517 0.0000000 1.4817018 1.1918199 1.3717171 1.4836541 1.6177996 2.4109683 2.4880742 2.5070926 1.9437254 2.0502294 2.1801871 1.2977994 2.3969830 2.1685373 2.7288222 1.7464717 2.4124331 2.4763283 2.5367752 3.2355693 4.5152772 5.2719907 4.9118658 3.6760942 4.0645286 5.0151339 5.1933643 4.2089965 4.6430584 4.7796724 4.1143142 3.4554883 2.3006341 2.8622863 2.7545384 3.0351395 3.4751197 2.7999419 2.8671565 2.7337044 3.2379096 3.7604600 4.0607672 
Bralan_BLAG10101157_1                                  3.0543637 2.3279570 1.2077258 2.3022278 2.2531217 2.5802260 2.4574203 1.7362625 2.2674375 2.2578795 1.8619072 1.5274799 2.1763157 1.7317443 2.1309426 2.4073226 1.4440166 2.1233440 1.7288792 1.8455152 5.5794932 1.7418124 1.7820236 1.8005158 1.4817018 0.0000000 1.3500307 1.5478334 1.5927606 1.6602935 2.2656261 2.3516424 2.3552650 2.0308572 2.1800719 2.3591474 1.7145519 2.3530517 1.9965847 2.6470877 1.6914610 2.4003186 2.3689575 2.5180986 6.3313642 7.0583579 7.4768054 9.0000000 7.1813000 4.4538289 5.4429773 7.8472018 3.7428832 4.3936707 4.0035706 5.4907465 2.5235411 2.7475212 3.1908091 3.5889698 8.9999986 2.7917378 8.4489121 4.5340583 8.2232801 5.7117611 3.5517806 4.3819852 
Acagra_model.g22506.t1                                 3.0032534 2.1605513 1.5042429 1.9535860 1.8823785 2.1913770 2.1313752 1.7994965 2.0613023 1.9774054 1.5337314 1.5843024 2.2234466 1.7491470 1.8992747 2.0408430 1.2769540 1.9200179 1.6257946 1.8280203 1.6948593 1.6220347 1.8545031 1.6445531 1.1918199 1.3500307 0.0000000 0.9101505 1.3388260 1.4032824 2.3978020 2.3641417 2.3695826 1.7732615 2.0389436 1.9641440 1.5424757 2.1170381 1.8375067 2.4397051 1.6085729 2.4634946 2.0309975 2.3455641 3.4740768 4.8726775 5.3043875 5.3884678 4.4986932 4.1128884 4.9307589 6.2298807 3.8671886 4.5166832 4.4524236 4.7209809 2.8350879 1.9412578 2.5066638 3.2514119 3.5734180 3.1038609 2.7168657 2.5431821 2.8090204 3.3487496 3.6283027 3.9698135 
Cgig_XM_034454571.1                                    3.4765334 2.5135876 1.4206430 2.0915242 2.0869484 2.2216289 2.2024837 1.9543578 2.2601822 2.1628075 1.5908107 1.4776861 2.0156288 2.0045334 2.1447821 2.2176927 1.4300326 2.1436344 1.7399350 2.0762577 1.9048651 1.7239427 2.0274559 1.7651071 1.3717171 1.5478334 0.9101505 0.0000000 1.5739522 1.5465613 2.5419698 2.5125722 2.4381100 1.8790869 2.2562529 2.0780141 1.7292166 2.3865228 2.2129474 2.6913131 1.7219846 2.4909099 2.3046703 2.3274770 3.3258159 4.1695985 4.5021410 4.7842408 4.0489109 3.9349673 4.7410746 5.2301427 3.7683939 4.3473650 4.5639496 4.7811055 3.5919589 2.2474834 2.7653837 3.2621207 4.5312145 3.7303125 2.9865592 2.8444341 2.9658172 3.8042071 3.7573911 3.9509880 
Dpul_mRNA21750                                         3.7340022 2.5691565 1.1858323 2.1049928 2.1268981 2.4336612 2.3308749 1.8498237 2.2791151 2.2311090 2.0266840 1.8014092 1.4986702 1.2467609 2.2325639 2.4220282 1.4732483 2.2593633 1.6937827 1.8971596 1.6820399 1.7422221 1.8386193 1.8868898 1.4836541 1.5927606 1.3388260 1.5739522 0.0000000 0.9916086 2.5008545 2.5690206 2.5507135 1.7007518 2.1271406 2.0383775 1.7638391 2.0562353 1.8519259 2.2787353 1.8159700 2.8495416 2.5334471 2.9795848 3.3363978 4.7195824 5.2179451 4.7762799 4.2579186 4.0717542 4.8221395 5.9336632 3.6219011 4.2166027 4.3495774 4.1296422 3.3557272 2.6702361 2.7896388 2.8857923 3.7085039 3.0428462 2.6268497 3.2971236 2.7094657 3.3448676 3.5322390 3.8641222 
Tcas_TC015971_001                                      3.2696728 2.4543314 1.3725350 2.0997974 2.1158639 2.3772368 2.5275501 1.9912425 2.4304230 2.3317770 1.8043510 1.7555729 1.6287099 1.4697905 2.3313400 2.4565058 1.5183674 2.3068119 1.8561843 1.9232836 1.6896494 1.8104114 1.9555908 1.9202924 1.6177996 1.6602935 1.4032824 1.5465613 0.9916086 0.0000000 2.4528169 2.5206922 2.5161512 1.8717698 2.1352326 1.9775094 1.8187753 2.0464102 1.6674390 2.3881298 1.7847875 2.8804213 2.5276228 2.7143596 3.2958071 3.7624568 3.8559050 3.8485806 3.3163879 3.7987476 4.2586002 4.4440320 3.8754741 4.1354460 4.2890820 4.1841343 3.5632250 2.7240983 3.0266337 2.5982576 3.1715070 2.9923307 2.8026227 2.7735010 3.0748109 4.2541740 3.3665674 4.0003749 
Dgig_XM_028543638.1                                    7.1782834 3.8282582 2.2829859 3.0087298 3.2066829 3.4408882 2.8992993 3.1007906 3.1503853 3.0872085 2.0055136 3.7061820 1.8106984 2.8592843 2.5342134 2.6873812 2.1344170 2.5464654 2.1063564 2.1174948 1.9379269 2.0535107 2.3468427 2.1218921 2.4109683 2.2656261 2.3978020 2.5419698 2.5008545 2.4528169 0.0000000 0.7450752 0.7120480 2.9213876 2.6329777 2.8662583 2.4614602 3.5637459 2.8555141 3.5656220 2.7700288 3.3187249 3.1212577 3.0512610 4.3662725 5.1615503 5.2063408 5.0967966 4.7732444 4.4315215 4.9353350 5.9967835 4.1285588 4.6440320 4.5929015 4.5283140 4.3504034 3.5451377 3.9755190 3.8579522 3.5478500 4.6835692 4.5078855 4.1791827 4.5969663 4.3674340 3.9574824 4.7174177 
Xesp_009230-T1                                         7.0919421 3.7633228 2.2159296 3.1802864 3.1641006 3.4633751 2.9024918 3.0980164 3.1367506 3.1243808 2.4206354 3.6632605 2.1471300 2.9963785 2.5137465 2.5808664 2.1324205 2.4924430 2.2758050 2.5082402 2.3855609 2.1271155 2.4123952 2.0620297 2.4880742 2.3516424 2.3641417 2.5125722 2.5690206 2.5206922 0.7450752 0.0000000 0.0673886 2.9632795 2.5026988 2.9100335 2.7384596 3.5623882 3.1393713 3.4081510 2.7157980 3.1723321 3.3160901 2.9276774 3.4800651 4.5168467 4.6710473 5.3563274 5.1937875 4.8025979 5.5036327 6.5213407 4.4103699 5.0161950 5.0101480 4.8926638 3.8086065 3.2045222 4.1383394 3.6380186 3.1284308 4.3287575 4.7147332 4.5168247 4.4616799 5.3249689 4.0735320 5.1574223 
Xesp_025197-T1                                         7.8379583 3.8491101 2.2579061 3.2390167 3.2498817 3.4617008 2.9483241 3.1074045 3.2020029 3.1850895 2.3560567 3.3789507 1.9859860 3.0210470 2.5466349 2.5884219 2.0941105 2.4833339 2.2048082 2.4175084 2.2958659 2.1049236 2.3370993 2.0151588 2.5070926 2.3552650 2.3695826 2.4381100 2.5507135 2.5161512 0.7120480 0.0673886 0.0000000 2.9922756 2.5087234 2.9147718 2.7164613 3.5503279 3.0855496 3.4557932 2.7264537 3.2445674 3.3318830 2.9509663 3.7903817 4.7462185 4.8364758 5.1638995 5.0627276 4.6550359 5.1669280 6.5769618 4.1101066 4.8195200 4.7247295 4.9401367 3.8723975 3.2599974 4.1766161 3.5795417 3.0632244 4.4435184 4.7147332 4.3585107 4.5448987 5.0841888 4.1478402 5.0004614 
Cscu_XM_023371233.1                                    3.9949054 3.1715766 1.6562657 2.3111816 2.3529616 2.6786423 2.4808287 2.2326784 2.7408938 2.6818375 1.9338787 2.4171922 2.2483088 2.0370642 2.4848066 2.5980102 1.6704483 2.5648666 2.1105674 2.0330169 1.4436628 2.2604703 2.2361040 2.3169110 1.9437254 2.0308572 1.7732615 1.8790869 1.7007518 1.8717698 2.9213876 2.9632795 2.9922756 0.0000000 2.5638374 1.5834485 1.9845486 2.3220945 1.7588570 2.4171363 2.1480528 3.0352493 2.8665162 2.6798854 3.7603748 5.3581743 5.9536511 6.3312624 4.9303443 4.4021161 4.9195624 5.6378710 3.6489405 4.4448573 4.3669491 4.6417689 4.7670867 3.5792748 4.0282144 3.6802466 3.7712886 3.5557145 2.9674959 3.0945112 3.7156777 3.5471233 3.7870189 4.7987299 
Morvir_scaffold218.g7.t2                               4.9848823 3.2527970 1.9660919 2.7040881 2.5856545 2.7400202 2.6310493 2.4894340 2.6211064 2.5497775 2.2964000 1.6895843 2.1059715 2.4983452 1.7558220 1.7388149 1.2241901 1.7500690 1.9171823 2.0729286 1.5398805 2.1158075 2.1143704 1.9829437 2.0502294 2.1800719 2.0389436 2.2562529 2.1271406 2.1352326 2.6329777 2.5026988 2.5087234 2.5638374 0.0000000 2.6520325 2.0891633 2.8303402 2.2391029 2.8630495 2.3400228 2.3758099 2.6070345 2.5522638 4.7452022 5.7827585 6.2238310 5.4842174 4.4944044 4.4295631 4.5112104 6.0399719 3.5724119 4.7563844 4.3793382 4.7548851 4.6206827 3.2854304 3.4123712 2.7443633 4.0319470 3.1782422 2.4976447 3.4257714 2.7586361 3.4419391 4.0145513 3.5846868 
Cscu_XM_023381621.1                                    4.9414310 3.1626623 1.8688486 2.8093418 2.8600936 3.0416937 2.7384520 2.7215920 2.8224289 2.7500838 2.1034308 1.4796564 2.7379262 2.4494129 2.6941905 2.7668000 1.6634963 2.8385959 2.3123112 2.7096427 2.1366117 2.4316161 2.4035033 2.3658908 2.1801871 2.3591474 1.9641440 2.0780141 2.0383775 1.9775094 2.8662583 2.9100335 2.9147718 1.5834485 2.6520325 0.0000000 2.2200627 2.3051826 1.9619922 2.4422780 2.3533985 3.0281707 3.0507303 2.8187468 3.3504224 4.0954202 4.9140913 5.4664709 4.1212283 4.3528475 4.7296859 5.0737200 4.6032907 4.4221547 4.8236213 3.8487054 4.1554034 3.6115156 4.1722085 3.0412902 4.2015663 3.3924382 4.0805914 4.1652591 4.0892058 3.6599676 3.6756245 5.1147687 
Spur_XM_030993512.1                                    3.7560787 2.6525251 1.7169740 2.1330320 2.0809605 2.3550921 2.4048068 1.9719616 2.4474985 2.3376421 1.7872208 1.7236738 2.1614317 2.1191170 2.0761134 2.1855465 1.4647270 2.1702028 1.7858394 1.9835858 1.6931063 1.6589391 1.9693946 1.6710540 1.2977994 1.7145519 1.5424757 1.7292166 1.7638391 1.8187753 2.4614602 2.7384596 2.7164613 1.9845486 2.0891633 2.2200627 0.0000000 2.6364483 2.3105504 2.8262225 1.8931266 2.5354336 2.2329879 2.6532328 3.3907056 4.0793200 4.4482001 4.6957967 4.0892628 4.3295797 4.7996657 5.3571139 4.1323134 4.5621608 5.1682531 4.1819495 3.0607629 2.5337862 2.7903334 2.7635612 3.4480744 2.8021553 3.0697289 3.1422686 2.8225981 3.3703428 3.5386821 4.1447930 
Cscu_XM_023378298.1                                    4.8879442 2.8796469 2.0439611 2.7223783 2.8030563 3.1846385 3.0516687 2.6746430 2.6228204 2.7666760 2.6969839 1.9155141 2.6381125 2.6077547 2.7355691 2.9444742 2.4033431 2.6356059 2.7788936 3.1259576 1.8053005 2.7120205 2.6039754 2.6004492 2.3969830 2.3530517 2.1170381 2.3865228 2.0562353 2.0464102 3.5637459 3.5623882 3.5503279 2.3220945 2.8303402 2.3051826 2.6364483 0.0000000 0.0509072 1.9084726 2.4370683 3.1540384 2.9837022 3.7090319 3.4909436 4.7147458 5.9212855 5.3498067 4.0068799 4.3224899 4.9509067 5.3766282 4.1185458 4.5866781 4.9103430 4.9048895 3.6114439 3.5093215 3.5830661 3.2515076 3.3799874 3.0050223 2.6382707 3.5487375 3.6272621 3.6258877 3.7657098 4.1220674 
Cscu_XM_023387767.1                                    5.6070456 2.6672581 0.0000010 2.6917995 2.5618228 2.6444311 2.7745042 2.5330165 2.2021924 2.2021924 2.4931888 2.1198405 0.0000010 2.2847756 2.3637172 2.4448422 2.4771178 2.3056637 2.2296523 3.2504373 0.0000010 1.8192996 2.0900134 2.1184718 2.1685373 1.9965847 1.8375067 2.2129474 1.8519259 1.6674390 2.8555141 3.1393713 3.0855496 1.7588570 2.2391029 1.9619922 2.3105504 0.0509072 0.0000000 1.5064556 1.9237520 2.8726676 2.3561192 2.9441331 0.0000010 8.9999986 8.9999986 6.7176759 6.7067774 4.7541336 5.0741237 8.3990568 4.1291325 4.8707781 4.7720704 4.9986346 2.5300276 2.9277228 4.6588181 1.7779916 4.2327252 2.0737223 0.0000010 0.0000010 0.0000010 0.0000010 3.4987512 3.0839195 
Cscu_XM_023361584.1                                    6.1882529 3.1432653 2.2228755 2.7776356 2.9190499 3.4461493 3.3416901 2.8835098 2.9689086 2.9689086 2.7786573 2.0958413 2.5184482 2.6417445 3.0015153 2.9700766 2.2192522 2.9834635 2.7653044 2.9223836 3.8291374 3.0753263 2.8625498 3.1095269 2.7288222 2.6470877 2.4397051 2.6913131 2.2787353 2.3881298 3.5656220 3.4081510 3.4557932 2.4171363 2.8630495 2.4422780 2.8262225 1.9084726 1.5064556 0.0000000 2.6263104 3.1142731 3.4053504 3.0496590 4.7348566 6.1220021 6.3320606 7.5047806 6.0335944 4.7691516 5.0370918 6.7608937 4.1475612 4.5492538 4.5363321 5.7224518 4.2632463 4.0362363 4.9064739 3.5397436 9.0000000 3.9384601 4.4023253 6.9415958 3.7513209 4.7430522 3.3454232 5.2373638 
Ctel_gnl_WGS_AMQN_CAPTEDRAFT_mRNA121915                4.4936473 2.8695420 1.6545065 2.1447156 2.1599342 2.5092991 2.3813943 2.2983815 2.6581397 2.6283602 1.7650266 1.4201090 2.6130539 2.1840811 2.4944143 2.5361181 1.7391754 2.4461331 1.9890730 2.0458191 1.8259939 2.0640475 2.1055763 1.9700723 1.7464717 1.6914610 1.6085729 1.7219846 1.8159700 1.7847875 2.7700288 2.7157980 2.7264537 2.1480528 2.3400228 2.3533985 1.8931266 2.4370683 1.9237520 2.6263104 0.0000000 2.6073005 2.5667395 2.4676212 3.6975278 4.6914328 5.0855698 4.8344167 4.0206851 4.1511201 4.9530135 4.6458603 4.0705764 4.2726195 4.2554275 4.5153448 3.9069651 3.1335217 3.3065211 2.7050594 4.4575427 3.6258070 3.1414289 3.5830353 3.7978564 4.8880607 3.6797694 3.4117660 
Chem_TCONS_00056852                                    6.2321199 3.5549184 1.9140783 2.8262465 2.8671980 3.0900652 2.9953888 2.9251862 2.6843479 2.7334342 2.1712852 1.5261885 2.5194363 2.9330691 2.0661088 2.1588867 1.7107647 2.2715125 2.2341455 2.4831287 1.8785732 2.5047572 2.4492645 2.3504871 2.4124331 2.4003186 2.4634946 2.4909099 2.8495416 2.8804213 3.3187249 3.1723321 3.2445674 3.0352493 2.3758099 3.0281707 2.5354336 3.1540384 2.8726676 3.1142731 2.6073005 0.0000000 2.8784642 1.8066325 4.6257891 5.4557926 6.0823064 6.4638609 4.9987488 4.1668486 4.7117167 5.8049873 4.0118298 5.1064157 4.8591685 5.4639837 4.6460385 4.3072669 3.5631444 3.4133494 4.9417181 4.2529145 3.8801007 4.3798970 4.3568827 4.1886583 4.2279674 4.5891317 
Tetwil_g12548.t2                                       1.7453505 1.4883612 2.7715516 1.2300767 1.2594106 1.3483242 1.7861423 2.9661707 2.6119881 2.4943720 2.0808549 2.3042458 2.4272378 2.7136742 2.6127393 2.9877225 1.8462607 2.8990435 2.3664016 2.4746435 1.2071018 2.3576107 2.6678209 2.3404522 2.4763283 2.3689575 2.0309975 2.3046703 2.5334471 2.5276228 3.1212577 3.3160901 3.3318830 2.8665162 2.6070345 3.0507303 2.2329879 2.9837022 2.3561192 3.4053504 2.5667395 2.8784642 0.0000000 3.0834208 3.8137252 5.2086856 6.0429608 5.5853987 4.4746801 4.5083035 5.2725707 6.3475914 4.6064287 5.0520031 4.6055056 4.5833961 3.1029273 2.4567538 2.7348510 3.3388036 3.9655573 3.1009053 2.7237126 3.3261111 1.9700503 2.2795534 4.3663150 3.4810801 
Hvul_g3474_1                                           6.0633508 3.8048685 2.8515114 3.1479477 3.2251856 3.4600791 3.1521582 2.8587056 2.7602203 2.7552096 2.5607898 1.5273228 2.9019394 2.8905469 2.3224503 2.4706618 1.6613560 2.3826325 2.6185141 3.3515666 3.4136700 2.5543561 2.7119340 2.4398148 2.5367752 2.5180986 2.3455641 2.3274770 2.9795848 2.7143596 3.0512610 2.9276774 2.9509663 2.6798854 2.5522638 2.8187468 2.6532328 3.7090319 2.9441331 3.0496590 2.4676212 1.8066325 3.0834208 0.0000000 4.8295628 6.2707487 6.2707487 6.5275935 5.5392232 4.9006557 5.1723272 8.6870393 4.0013784 5.0546236 4.8996766 5.5114911 4.7367625 4.2079499 4.5993281 3.2405756 3.5223931 5.1064444 4.4797074 4.0790562 6.4683383 4.1640208 4.7373366 5.0045922 
Coemet_Cmet_C585733_01                                 8.9999986 5.0690563 0.0000010 4.1418249 4.0541760 4.5828850 3.9757962 4.8031279 4.4714108 5.1904358 0.0000010 0.0000010 0.0000010 4.1386842 4.2881394 4.7053681 0.0000010 4.6446054 3.6046046 3.7659828 2.4346962 3.2428233 8.9999980 2.7505769 3.2355693 6.3313642 3.4740768 3.3258159 3.3363978 3.2958071 4.3662725 3.4800651 3.7903817 3.7603748 4.7452022 3.3504224 3.3907056 3.4909436 0.0000010 4.7348566 3.6975278 4.6257891 3.8137252 4.8295628 0.0000000 0.0734457 0.1631907 1.2233990 1.3370571 1.2153132 1.1510974 1.3153460 0.0000010 1.5362338 0.0000010 2.5341791 8.9999985 5.0479458 4.3184491 3.9269195 3.6051892 4.9723019 3.9614924 4.7900883 4.0488650 4.0555507 4.9181148 4.6542662 
Coeast_Cast_sb780062                                   6.2979077 5.5927809 0.0000010 4.8825402 4.7912157 5.0992586 4.9209087 5.4388348 6.1448700 6.4766955 0.0000010 0.0000010 0.0000010 5.1096333 5.2203700 5.5555762 5.3745498 5.6409504 4.2661351 4.2631017 2.4334589 4.3861450 6.9866436 3.8560727 4.5152772 7.0583579 4.8726775 4.1695985 4.7195824 3.7624568 5.1615503 4.5168467 4.7462185 5.3581743 5.7827585 4.0954202 4.0793200 4.7147458 8.9999986 6.1220021 4.6914328 5.4557926 5.2086856 6.2707487 0.0734457 0.0000000 0.0344583 1.3537151 1.4772856 1.4690904 1.7009757 1.2670385 0.0000010 1.7680678 0.0000010 2.2719319 6.8103109 5.5210019 5.4428012 3.8778581 4.0741750 5.0450421 4.0075961 5.0099012 4.1282153 4.0165509 5.7600448 5.0524368 
Coeast_Cast_sb780064                                   6.2979077 6.2323736 0.0000010 5.4851658 5.4557979 5.8138391 5.4889078 5.5361441 6.6338309 6.9555494 0.0000010 0.0000010 0.0000010 5.7501004 5.4219321 6.1315288 5.3745498 6.2174096 4.6102992 5.0068635 2.5374484 5.0690845 6.9866436 4.3681232 5.2719907 7.4768054 5.3043875 4.5021410 5.2179451 3.8559050 5.2063408 4.6710473 4.8364758 5.9536511 6.2238310 4.9140913 4.4482001 5.9212855 8.9999986 6.3320606 5.0855698 6.0823064 6.0429608 6.2707487 0.1631907 0.0344583 0.0000000 1.3537151 1.5462113 1.5122363 1.7934835 1.3307951 0.0000010 1.7680678 0.0000010 2.3944119 6.8103109 5.8136026 6.3145539 5.1151174 4.6706328 5.5448657 3.6146406 4.9354420 4.7863333 5.2571524 5.7600448 4.5801062 
Mertsp_Mesp_sb533286                                   7.5789936 5.9703750 0.0000010 5.5168122 5.3804550 5.7194942 5.6204021 7.5897590 6.1381019 6.5530641 0.0000010 0.0000010 0.0000010 6.0470277 5.9456586 6.3684419 9.0000000 6.7945598 5.2577310 6.7834769 2.3104481 5.6311350 8.1207417 5.7452556 4.9118658 9.0000000 5.3884678 4.7842408 4.7762799 3.8485806 5.0967966 5.3563274 5.1638995 6.3312624 5.4842174 5.4664709 4.6957967 5.3498067 6.7176759 7.5047806 4.8344167 6.4638609 5.5853987 6.5275935 1.2233990 1.3537151 1.3537151 0.0000000 0.0000010 0.7699428 1.2831604 1.0926989 0.0000010 1.3156559 0.0000010 1.7034820 8.7588989 5.4005911 6.4807927 4.9162985 4.7551362 4.1578750 5.1555363 3.7170520 4.4596153 2.3814556 3.9245806 4.9629543 
Bolinf_Binf_sb1212071                                  7.4916919 4.7659056 0.0000010 4.6442889 4.5096915 4.8764315 5.1330234 5.9520655 4.7178113 5.1608479 0.0000010 0.0000010 0.0000010 4.8336957 4.7634102 5.0976370 9.0000000 4.9605594 4.2785812 4.2968806 2.0291891 3.9635552 7.3214716 4.2782920 3.6760942 7.1813000 4.4986932 4.0489109 4.2579186 3.3163879 4.7732444 5.1937875 5.0627276 4.9303443 4.4944044 4.1212283 4.0892628 4.0068799 6.7067774 6.0335944 4.0206851 4.9987488 4.4746801 5.5392232 1.3370571 1.4772856 1.5462113 0.0000010 0.0000000 0.7695881 1.1796667 1.0778316 0.0000010 1.4345091 0.0000010 1.6231488 6.7059060 4.8758385 5.3004202 3.7237180 3.6913553 4.8026602 3.8594649 4.3586038 3.9503956 4.1460133 4.3413854 5.2091065 
Mlei_ML0975.g28.i1                                     7.4213204 4.9395035 3.4149175 4.6444953 4.4393806 4.4964728 4.7435808 4.5218489 4.1800358 4.2902386 3.8506773 4.8725323 3.0864516 4.5594637 4.0358740 4.4565006 3.4696303 4.1645428 4.0436094 3.9526602 2.0606619 3.9038446 4.4919847 4.0019272 4.0645286 4.4538289 4.1128884 3.9349673 4.0717542 3.7987476 4.4315215 4.8025979 4.6550359 4.4021161 4.4295631 4.3528475 4.3295797 4.3224899 4.7541336 4.7691516 4.1511201 4.1668486 4.5083035 4.9006557 1.2153132 1.4690904 1.5122363 0.7699428 0.7695881 0.0000000 0.7620838 1.3057028 0.9933173 1.4346751 1.5206107 2.2556971 5.5168960 4.8542387 5.4885339 3.4628086 3.7780406 4.3565185 2.9024804 4.0498729 4.0523672 4.0741962 5.5309605 5.2438896 
Beraby_Baby_sb349803                                   7.7947552 5.7711502 3.6695991 5.0407017 4.9573312 5.4114461 5.8236239 4.6506393 4.6582634 4.8983201 4.4747550 4.6955895 3.8516959 5.0829288 4.6213423 4.9828616 3.7367991 4.7050452 4.6710611 4.7650985 1.9057221 4.8517055 5.5629850 4.9679387 5.0151339 5.4429773 4.9307589 4.7410746 4.8221395 4.2586002 4.9353350 5.5036327 5.1669280 4.9195624 4.5112104 4.7296859 4.7996657 4.9509067 5.0741237 5.0370918 4.9530135 4.7117167 5.2725707 5.1723272 1.1510974 1.7009757 1.7934835 1.2831604 1.1796667 0.7620838 0.0000000 1.3687105 0.9159138 1.6182094 1.4807012 2.3374907 4.9693173 4.8793575 5.6197204 3.5849856 3.0170974 4.3167026 3.3855082 4.1187902 3.9679632 4.7790535 6.0526535 4.5431715 
Lampan_Lpan_C413771_01                                 8.6066715 6.5837205 6.4399485 5.1751472 5.3355414 5.7702885 6.0456983 6.3273519 5.9060812 6.0478715 5.9895734 0.0000010 0.0000010 5.5186592 5.8549204 6.5382198 7.8149435 5.6651882 5.4912091 5.7183167 2.2850373 5.3855524 6.7100601 5.0619655 5.1933643 7.8472018 6.2298807 5.2301427 5.9336632 4.4440320 5.9967835 6.5213407 6.5769618 5.6378710 6.0399719 5.0737200 5.3571139 5.3766282 8.3990568 6.7608937 4.6458603 5.8049873 6.3475914 8.6870393 1.3153460 1.2670385 1.3307951 1.0926989 1.0778316 1.3057028 1.3687105 0.0000000 0.0000010 1.7221758 2.2015456 1.9102647 5.8835117 5.3908198 5.4554103 3.9052489 3.9296337 5.7264435 3.8837401 4.2306014 4.4808238 4.9379388 7.2160384 5.2952256 
Lampan_Lpan_C406247_01                                 0.0000010 4.2448334 3.6759405 4.0107032 3.6549373 3.8592988 4.4341468 3.8032166 3.9443518 3.9443518 3.9867814 4.3988722 3.9534979 3.8979149 3.6134145 3.6781907 3.6671024 3.3778540 4.0935639 3.9612955 0.0000010 3.4853906 4.2135135 4.0508145 4.2089965 3.7428832 3.8671886 3.7683939 3.6219011 3.8754741 4.1285588 4.4103699 4.1101066 3.6489405 3.5724119 4.6032907 4.1323134 4.1185458 4.1291325 4.1475612 4.0705764 4.0118298 4.6064287 4.0013784 0.0000010 0.0000010 0.0000010 0.0000010 0.0000010 0.9933173 0.9159138 0.0000010 0.0000000 1.6067890 1.7253174 5.5013382 8.0342249 8.0342249 9.0000000 9.0000000 6.0723052 7.6577310 0.0000010 0.0000010 9.0000000 0.0000010 5.2218645 6.6738013 
Horcal_Hcv1.av93.c13.g480.i1                           7.0869126 5.1219317 3.9146454 4.5169053 4.5020628 4.5077943 5.0510941 4.2342905 4.2599309 4.3828503 3.8309639 3.2977831 3.3707664 4.3415008 4.4916696 4.6783867 3.5245130 4.3893889 4.1293750 4.3777980 1.4953810 4.3548897 4.9914549 4.3821016 4.6430584 4.3936707 4.5166832 4.3473650 4.2166027 4.1354460 4.6440320 5.0161950 4.8195200 4.4448573 4.7563844 4.4221547 4.5621608 4.5866781 4.8707781 4.5492538 4.2726195 5.1064157 5.0520031 5.0546236 1.5362338 1.7680678 1.7680678 1.3156559 1.4345091 1.4346751 1.6182094 1.7221758 1.6067890 0.0000000 0.0607542 0.9907664 4.6889063 4.3995536 5.9042797 3.5783746 2.5550483 3.4689834 2.3605309 2.1834092 3.9896220 2.7810827 6.3745856 4.1910653 
