62
Lcom_lcpid33795                                         0.0000000 0.3462755 0.5810824 0.4971475 1.2809134 1.2330695 2.7640174 2.2993711 2.6205685 2.5294697 2.1210885 1.6577374 2.5258101 2.5224428 2.5271253 1.9058441 2.9903230 2.6123045 2.6301562 2.6979977 3.2492662 2.4577229 2.6095485 2.6205495 2.0909876 3.5784092 2.5792639 2.4915779 2.6334915 2.4954473 2.1829557 2.8034740 2.5141944 2.3015618 2.8101624 2.6993602 2.0776858 2.5084023 3.1266196 3.3958467 3.7929538 2.9643691 2.8460539 3.0422986 2.8951136 2.7368180 2.2405547 2.6483064 2.8485206 2.7051041 3.1171982 2.0423231 2.3523786 2.8431596 3.9786128 2.4080400 3.2504087 3.4645714 3.2668082 4.3304939 3.1917817 4.5038414 
Leuniv_Lniv_scaffold25306_01                            0.3462755 0.0000000 0.3535342 0.3215195 1.3430362 1.2071023 2.1330134 2.1344560 1.8891833 2.2101389 2.3166824 1.6114238 2.1763825 2.1771154 2.3067360 1.8788154 2.3418608 2.1448322 1.9466604 2.1621165 2.6022034 1.9767865 2.1449485 2.1446735 2.6186731 2.1580971 2.0559993 2.0496920 2.0593252 2.3244963 2.1013507 2.2164656 2.0615487 2.3155046 2.8794304 2.6918667 2.0950234 2.4751952 2.3729866 2.1263869 2.1771523 2.9420106 2.3115467 2.4107314 2.2896776 2.0223161 1.7204829 2.3286537 2.3890061 2.2280793 2.2425142 1.9151815 2.0355542 2.3673678 3.5198241 2.3091869 2.5511930 3.5150600 3.0783353 2.6914766 2.1289893 4.1460504 
Gracom_Gcom_scaffold18088_01                            0.5810824 0.3535342 0.0000000 0.4994515 1.2682004 1.4831005 2.8252762 2.2872722 2.6960801 2.7914164 2.3686347 1.8119077 2.7887546 2.7891978 2.8575125 1.9499702 3.1091125 2.6205149 2.4648296 2.7254194 3.0702533 2.5985852 2.7267546 2.7611607 2.5587392 3.5380846 2.5966764 2.4338361 2.5892290 2.4553697 2.1936485 2.7350192 2.7113028 2.3617073 2.7666144 2.6748037 1.9869911 2.4372876 2.9523039 3.6306870 3.9661847 2.8934922 2.8166671 3.1132799 2.8836873 2.4862090 2.3616191 2.7443993 2.9365850 2.8410983 3.0043982 2.1321061 2.2533609 2.7674222 3.6823558 2.1977547 3.3060879 2.9212080 3.1357350 3.8419227 3.2201743 4.6340822 
Scil_scict000154.2                                      0.4971475 0.3215195 0.4994515 0.0000000 0.9507507 1.2723293 2.9227718 2.4433977 2.6111631 2.6333510 2.0278333 1.4608231 2.7144410 2.7090865 2.6899371 1.7615752 2.9798852 2.7930835 2.6697235 2.6749358 3.3336573 2.7026880 2.7646631 2.8018987 2.6820170 3.5786892 2.7688162 2.6602213 2.8664070 2.7046196 2.0952977 2.8995742 2.8578602 2.0693312 2.8628038 2.9099176 2.0474798 2.6397737 3.0701954 3.5252088 3.7299622 2.6861380 2.5814055 3.0814384 2.9004473 2.6417811 2.3637163 2.7557097 3.0240030 2.8490380 2.9526002 1.9808794 2.2671081 2.6206256 3.5496121 2.2204756 3.3333665 3.8524527 3.1778552 3.8413901 3.0586304 4.8882535 
Clacor_Ccor_scaffold4635_01                             1.2809134 1.3430362 1.2682004 0.9507507 0.0000000 0.0000010 1.7046786 2.0682019 2.1223064 2.1918726 2.2261287 1.2548085 2.1427213 2.1418524 2.4059161 1.3032975 2.3918512 2.0143193 1.8124135 1.8879291 3.4119375 2.1778424 2.1416812 2.1406365 2.4344946 0.8780555 1.9821002 2.1252774 2.2248595 3.2507578 1.8766950 2.5028318 2.5228172 3.0559457 2.6649772 2.7261760 1.9068230 2.6285154 2.7594345 1.4890943 3.9958284 2.5630411 2.1760488 2.4878285 2.3587352 2.1921318 1.6009238 2.4150885 2.5885911 2.2270345 2.5339568 2.4816774 1.8663925 2.4204549 3.2491382 2.6159974 3.2611587 2.9624216 4.3262845 3.5309274 0.0000010 5.3698303 
Clacor_Ccor_C506873_01                                  1.2330695 1.2071023 1.4831005 1.2723293 0.0000010 0.0000000 1.8889050 2.0071359 1.8924892 2.3718344 2.1761515 1.9793238 2.4114493 2.4114493 2.2170576 2.2843253 1.9811120 1.7051370 2.5542490 1.7348879 1.8101842 1.6052376 1.6677712 1.6180495 0.0000010 1.6985156 1.8393581 1.9177225 1.9177225 1.8875659 1.9423221 1.9639967 1.7351501 1.5951909 1.4893912 1.5444986 1.9801254 2.4723605 2.2366631 2.2682855 2.5888983 4.0070604 1.9938229 1.7953022 2.0996779 1.7213633 1.6909247 2.8371971 2.6873033 2.7204247 2.7947159 2.0063874 2.4201289 2.0615664 3.4817629 1.2539995 1.9698300 0.0000010 1.7325166 2.8274092 2.5635072 6.0244651 
Cgig_XM_020063016.2                                     2.7640174 2.1330134 2.8252762 2.9227718 1.7046786 1.8889050 0.0000000 0.5657974 0.9526777 1.9913985 1.7552010 1.1425951 2.0380324 2.0252616 2.0138731 1.2765724 0.5950328 0.8851928 0.8507440 1.0463584 1.0411762 1.6681018 1.7598234 1.7594490 2.4883691 1.9304373 1.7356720 1.7514766 1.8122973 1.9143945 1.4199360 1.6953382 2.1102643 1.7448974 2.0385023 2.1056023 1.5948651 2.1705362 2.1422011 2.4063846 2.4632328 2.0165694 1.6542356 1.3687011 1.1882670 2.0057522 1.7057830 2.5022641 2.7760154 2.5527753 2.7863472 2.1329244 1.9766813 2.4640792 2.9601504 1.9744398 1.8937550 3.1971631 2.5326199 2.2439672 2.0753510 3.9901986 
Ctel_gnl_WGS_AMQN_CAPTEDRAFT_mRNA154022                 2.2993711 2.1344560 2.2872722 2.4433977 2.0682019 2.0071359 0.5657974 0.0000000 0.7568377 2.0150410 1.9384713 1.1754860 1.9939703 1.9671154 2.0246217 1.3058288 0.5741222 0.8596757 0.7046860 1.0206495 1.0418300 1.6176664 1.5108830 1.5300603 2.0300361 1.5115548 1.4992852 1.5301826 1.6526607 1.6439204 1.3458531 1.5345510 1.7891615 1.8079295 2.0908461 2.2255582 1.4307634 2.1163185 2.0667650 2.3511834 2.3580064 2.2651190 1.5507993 1.3317577 1.2159666 2.0793271 1.6399565 2.1412201 2.3486772 2.2397020 2.1961683 1.8908781 1.9861466 2.5941089 2.9753964 2.1098759 1.9636845 3.4350865 2.7474361 2.1636789 1.8401334 4.0748990 
Bralan_BLAG04102197_2                                   2.6205685 1.8891833 2.6960801 2.6111631 2.1223064 1.8924892 0.9526777 0.7568377 0.0000000 2.0298707 1.7023656 1.1694150 2.0584293 2.0495735 2.0673954 1.2374065 0.8574992 0.9104965 0.9333058 1.1959122 1.0364175 1.5664647 1.5820624 1.5814712 1.7477560 1.7105505 1.5789417 1.5407103 1.6572874 1.6266780 1.1862038 1.5605695 1.9030234 1.6772259 1.8686978 1.8437334 1.5368422 1.7303363 2.1605196 2.6052378 2.5417697 2.2454189 1.5195011 1.4041854 1.1486187 2.0035464 1.6898468 2.2459483 2.3589629 2.2773333 2.4314862 1.5806411 1.7471279 2.3077944 2.6199414 1.8890618 1.9243910 2.9275368 2.5849793 2.2362253 1.9788315 4.1651176 
HoiH23_PlH23_001256-RA                                  2.5294697 2.2101389 2.7914164 2.6333510 2.1918726 2.3718344 1.9913985 2.0150410 2.0298707 0.0000000 0.0302030 0.0494430 0.1115392 0.1098968 0.2241872 0.1307539 2.0434591 2.1873535 2.2213072 2.1685166 2.2229727 2.0294624 2.1974958 2.2186306 2.3038500 2.8249069 2.1732529 2.1237711 2.1988056 2.2828416 1.7509069 2.1901747 2.2722266 2.2154788 2.5044047 2.6111064 2.1251173 2.4756108 2.7273813 3.0532376 2.9938580 3.2001524 2.3537310 2.4166902 2.3171837 2.5984761 2.0306736 2.6599444 2.8636770 2.5970548 3.2191434 2.3453331 2.5379084 2.8535933 3.3783946 2.3716538 2.8624906 3.1178172 3.7449614 3.1481469 2.4885502 3.3449870 
HoiH06_mRNA3719                                         2.1210885 2.3166824 2.3686347 2.0278333 2.2261287 2.1761515 1.7552010 1.9384713 1.7023656 0.0302030 0.0000000 0.0612939 0.1382257 0.1386829 0.2192982 0.1433319 2.0314038 2.0701638 1.7857896 2.1758892 2.3674447 1.7661215 1.8397953 1.8533817 2.2160304 2.1955390 1.7092612 1.8494400 1.8977251 2.4013620 1.6178166 1.8025018 1.9881272 2.4794735 2.5009961 2.6073479 2.1071339 2.3692028 2.6214184 3.0819751 5.4821113 3.1883376 2.2161850 2.2111122 2.2601815 2.1393060 1.5590769 2.3628428 2.3785437 2.2686282 2.4015106 2.3405521 2.3691443 2.7547431 3.4053059 2.3790753 2.8847873 3.1383593 3.7298889 3.8661007 9.0000000 3.6461592 
HoiH11_mRNA3842                                         1.6577374 1.6114238 1.8119077 1.4608231 1.2548085 1.9793238 1.1425951 1.1754860 1.1694150 0.0494430 0.0612939 0.0000000 0.0740008 0.0740008 0.1240896 0.1020654 1.1877424 1.3793690 1.1552930 1.3782435 1.9768421 1.1409010 1.2388053 1.2533639 1.4623375 1.1360446 1.1323240 1.3079255 1.3574568 2.0434756 1.3425764 1.3062134 1.4037602 1.4897410 1.7540915 1.7465447 1.8475753 1.7237702 1.9288771 3.6618843 4.5215043 2.5064859 1.8178556 1.4035967 1.3912925 1.4725585 1.3873984 1.8843375 1.8577255 1.7892025 2.1031107 2.0870817 2.0731557 1.9298138 2.7672809 1.6187679 2.2479573 2.1771933 2.6354743 2.7851210 0.0000010 2.8673410 
Hhon_g05179.t1                                          2.5258101 2.1763825 2.7887546 2.7144410 2.1427213 2.4114493 2.0380324 1.9939703 2.0584293 0.1115392 0.1382257 0.0740008 0.0000000 0.0031252 0.2159873 0.1066123 2.0778231 2.1717756 2.2412398 2.1338111 2.2606304 1.9942141 2.1351557 2.1515223 2.2413006 2.7827446 2.1852192 2.1190822 2.2163305 2.2897679 1.7172018 2.1410630 2.2427758 2.2584583 2.5069096 2.6362236 2.1950145 2.4573825 2.6853932 2.9717135 2.9287073 3.1724833 2.4507267 2.4466197 2.3691168 2.6205574 2.1760675 2.7003930 2.8824392 2.6610806 3.1516433 2.2362237 2.4437675 2.9311936 3.4742141 2.3930539 3.0095836 3.1508278 3.4968994 3.1741126 2.4583376 3.4451650 
HoiH04_mRNA3840                                         2.5224428 2.1771154 2.7891978 2.7090865 2.1418524 2.4114493 2.0252616 1.9671154 2.0495735 0.1098968 0.1386829 0.0740008 0.0031252 0.0000000 0.2134197 0.1066123 2.0635133 2.1568704 2.2145432 2.1181535 2.2498242 1.9840520 2.1371049 2.1515488 2.2413006 2.7827446 2.1753855 2.1172381 2.2106121 2.2875214 1.7172018 2.1318902 2.2295065 2.2562189 2.5031022 2.6321978 2.1950145 2.4499574 2.6703405 2.9492050 2.9057177 3.1724833 2.4409521 2.4356390 2.3600201 2.5909282 2.1684721 2.7110063 2.8947788 2.6701377 3.1435532 2.2427056 2.4702095 2.9429451 3.4336415 2.3889757 3.0219300 3.1074298 3.4915482 3.1547871 2.4359602 3.4451650 
TrH2_TrispH2_006425-RA                                  2.5271253 2.3067360 2.8575125 2.6899371 2.4059161 2.2170576 2.0138731 2.0246217 2.0673954 0.2241872 0.2192982 0.1240896 0.2159873 0.2134197 0.0000000 0.0072774 2.0609207 2.1886166 2.2337910 2.2530109 2.3461286 2.1181296 2.2858274 2.3135098 2.4177587 2.9446593 2.3944993 2.2833002 2.3962608 2.4852503 1.7755609 2.2614838 2.2985948 2.1685456 2.3825892 2.5715028 2.1616898 2.5423950 2.8768541 3.1735459 3.2199494 3.3055172 2.4525882 2.4451144 2.3854533 2.6642355 2.1487488 2.7193027 2.8762508 2.6884641 3.2226459 2.3488091 2.5385760 2.8787744 3.3281413 2.3799419 2.8091633 3.3921575 3.7206247 3.0829458 2.6234187 3.3568677 
Tadh_TriadT19834                                        1.9058441 1.8788154 1.9499702 1.7615752 1.3032975 2.2843253 1.2765724 1.3058288 1.2374065 0.1307539 0.1433319 0.1020654 0.1066123 0.1066123 0.0072774 0.0000000 1.1466090 1.3241288 1.2624364 1.3189067 1.7263941 1.2177719 1.3750075 1.4043638 1.3602799 1.8628834 1.2821089 1.3624886 1.3950957 1.8370152 1.5723294 1.4857900 1.5466403 1.5075588 1.6303643 1.6439813 1.8837554 1.8976617 1.7820417 1.9565105 1.9165390 2.5042004 1.7890231 1.3983759 1.3202162 1.6981851 1.6005230 2.1598659 2.1496605 2.0844077 2.3117784 2.3087246 2.3751006 1.9803121 2.8395695 1.6097111 1.9439274 2.0409648 2.7441162 2.0144460 1.8191548 3.0035105 
Acagra_model.g2738.t1                                   2.9903230 2.3418608 3.1091125 2.9798852 2.3918512 1.9811120 0.5950328 0.5741222 0.8574992 2.0434591 2.0314038 1.1877424 2.0778231 2.0635133 2.0609207 1.1466090 0.0000000 0.9631691 0.8766065 1.0719096 0.8701207 1.7215657 1.7402737 1.7466323 4.0986918 1.7309762 1.7970422 1.7407736 1.8478064 1.8194101 1.3091839 1.6883187 2.0965024 1.7742336 2.0999980 2.3213574 1.2246967 2.1612196 2.2499850 2.4150967 2.4115334 2.3520389 1.5893371 1.4366647 1.2133129 2.1976064 1.7873828 2.3258813 2.4413146 2.3800715 2.9587953 2.2752872 2.0610515 2.3758269 2.7445400 2.3513170 1.8681330 4.9297940 2.6434793 2.2143426 1.9777296 3.6283702 
Spur_XM_030998568.1                                     2.6123045 2.1448322 2.6205149 2.7930835 2.0143193 1.7051370 0.8851928 0.8596757 0.9104965 2.1873535 2.0701638 1.3793690 2.1717756 2.1568704 2.1886166 1.3241288 0.9631691 0.0000000 0.8824567 1.1434926 1.0630590 1.7117322 1.6461498 1.6656262 1.9056405 1.9068510 1.6796601 1.6753346 1.7207762 1.7280357 1.4049062 1.5881099 2.0637683 1.9195787 2.3427020 2.2558111 1.8130777 2.1029815 2.3074466 2.4727365 2.5579251 2.7082054 1.6660939 1.4601722 1.2696073 2.1748304 1.7269851 2.1716680 2.3532481 2.2648214 2.6571310 1.9559251 1.9984177 2.6366168 3.1236178 1.9685270 1.9674101 2.6788433 2.9597783 2.3804762 2.0711303 3.8513479 
Skow_XM_006824091.1                                     2.6301562 1.9466604 2.4648296 2.6697235 1.8124135 2.5542490 0.8507440 0.7046860 0.9333058 2.2213072 1.7857896 1.1552930 2.2412398 2.2145432 2.2337910 1.2624364 0.8766065 0.8824567 0.0000000 1.2452020 1.3007600 1.5883595 1.7252577 1.7380908 1.6064921 2.4405996 1.7800327 1.7830196 1.8639804 1.8359778 1.4300165 1.7262166 2.1530745 1.9218107 2.1687628 2.0622813 1.4033828 2.0147847 2.4833329 3.4174570 3.6511446 2.3464529 1.8197368 1.5494765 1.3057564 2.2727550 2.0507075 2.3159526 2.5504465 2.3473516 2.5482389 1.6167361 1.9820644 2.6748692 2.8547846 1.7100064 2.2246024 2.6061750 2.8549734 3.2135068 2.4651382 4.4419410 
Cscu_XM_023384663.1                                     2.6979977 2.1621165 2.7254194 2.6749358 1.8879291 1.7348879 1.0463584 1.0206495 1.1959122 2.1685166 2.1758892 1.3782435 2.1338111 2.1181535 2.2530109 1.3189067 1.0719096 1.1434926 1.2452020 0.0000000 0.9006352 1.7619245 1.8250372 1.8294857 2.6868964 2.0055886 1.9272006 1.8230899 1.9346817 1.8332424 1.3163497 1.8389687 2.1544748 1.9079632 2.4057993 2.3783944 1.6741474 2.2891392 2.3807357 2.5905954 2.7016125 2.8070087 1.7425987 1.6027711 1.4009776 2.4547545 1.8698536 2.7294015 2.9044098 2.7192554 2.8981843 2.2304692 1.9463285 2.6678165 3.2501540 2.6042942 2.1701864 3.2752867 2.9080660 2.5198553 2.2137628 4.2089327 
Dpul_mRNA2365                                           3.2492662 2.6022034 3.0702533 3.3336573 3.4119375 1.8101842 1.0411762 1.0418300 1.0364175 2.2229727 2.3674447 1.9768421 2.2606304 2.2498242 2.3461286 1.7263941 0.8701207 1.0630590 1.3007600 0.9006352 0.0000000 2.0307598 1.9252607 1.9399079 2.6028010 1.6130040 1.9971104 1.8844413 2.0384870 1.6517564 1.7192110 2.0152701 2.2238694 1.9656509 2.7984429 2.7593381 3.5911465 2.8599221 2.6446144 2.7338155 2.7262713 3.3355690 1.7143849 1.5172234 1.4201284 2.5688785 2.1112519 3.0092968 3.3421903 3.0204949 3.3955353 3.0500869 2.5743946 2.7884474 3.3196286 3.2248341 2.0056791 2.7498410 3.1610217 2.4889061 2.0875368 3.7367535 
Fspp_ffun1.m4.18780.m1                                  2.4577229 1.9767865 2.5985852 2.7026880 2.1778424 1.6052376 1.6681018 1.6176664 1.5664647 2.0294624 1.7661215 1.1409010 1.9942141 1.9840520 2.1181296 1.2177719 1.7215657 1.7117322 1.5883595 1.7619245 2.0307598 0.0000000 0.2337367 0.2083482 0.2109250 0.1668254 0.3531749 0.3894785 0.4254771 0.4748342 0.7491304 0.9913501 1.5146766 1.6277967 1.7869874 1.8534137 1.4131429 1.7833471 1.8673215 2.4413717 2.4881939 2.2985901 2.2241700 1.9025685 2.0442986 2.2342554 1.8535665 2.4901177 2.5452506 2.3535242 2.6961503 1.9176109 1.9661498 2.5874232 3.3210066 1.8209653 2.5716886 2.8647851 2.8909457 2.2480964 1.8192829 3.8020866 
Spis_XP_022802445_1                                     2.6095485 2.1449485 2.7267546 2.7646631 2.1416812 1.6677712 1.7598234 1.5108830 1.5820624 2.1974958 1.8397953 1.2388053 2.1351557 2.1371049 2.2858274 1.3750075 1.7402737 1.6461498 1.7252577 1.8250372 1.9252607 0.2337367 0.0000000 0.0602924 0.2946930 0.2308473 0.4092195 0.5085957 0.5708415 0.5739494 0.7724823 1.0217097 1.5138077 1.4840852 1.8154405 1.8924379 1.3855334 1.8125522 1.9350307 2.2486605 2.3007994 2.1745317 2.2192876 2.0248288 1.9760419 2.3121127 1.9484216 2.6544962 2.6971861 2.5802478 2.9080414 2.0490232 2.1347106 2.6430711 3.4215939 1.9892040 2.6430843 2.6879879 3.0585763 2.3775935 2.1814199 4.0603320 
Pocdam_XM_027189415.1                                   2.6205495 2.1446735 2.7611607 2.8018987 2.1406365 1.6180495 1.7594490 1.5300603 1.5814712 2.2186306 1.8533817 1.2533639 2.1515223 2.1515488 2.3135098 1.4043638 1.7466323 1.6656262 1.7380908 1.8294857 1.9399079 0.2083482 0.0602924 0.0000000 0.2799158 0.2247286 0.3935364 0.4982192 0.5427484 0.5593062 0.7625987 0.9901351 1.5122453 1.4828325 1.7317232 1.7907016 1.3569797 1.7427960 1.9351143 2.2933240 2.3165607 2.1920160 2.2226667 1.9785585 1.9426925 2.2684619 1.9058625 2.6231350 2.6732247 2.5575629 2.8303763 1.9836645 2.1260340 2.6737267 3.4448294 1.9294658 2.6035595 2.5838766 3.0171120 2.3860921 2.1599321 4.0962310 
Gasp_gasp1.m3.9585.m1                                   2.0909876 2.6186731 2.5587392 2.6820170 2.4344946 0.0000010 2.4883691 2.0300361 1.7477560 2.3038500 2.2160304 1.4623375 2.2413006 2.2413006 2.4177587 1.3602799 4.0986918 1.9056405 1.6064921 2.6868964 2.6028010 0.2109250 0.2946930 0.2799158 0.0000000 1.6077598 0.5309947 0.6103199 0.6103199 0.7955200 1.1760342 0.8720341 1.6506466 2.4416934 2.6588499 2.7252332 1.8912308 2.3412667 2.5209249 3.7121264 4.1880796 3.3228178 2.6669136 2.5117914 2.6935319 2.8778272 1.5807435 2.4214149 2.3810214 2.3530490 2.2764194 2.1488949 2.0688921 3.9826701 3.8275578 2.0900913 3.0950208 2.9242536 6.5061157 2.8415025 2.0916157 4.8853115 
Gasp_gasp1.m3.9586.m1                                   3.5784092 2.1580971 3.5380846 3.5786892 0.8780555 1.6985156 1.9304373 1.5115548 1.7105505 2.8249069 2.1955390 1.1360446 2.7827446 2.7827446 2.9446593 1.8628834 1.7309762 1.9068510 2.4405996 2.0055886 1.6130040 0.1668254 0.2308473 0.2247286 1.6077598 0.0000000 0.3709780 0.5191537 0.5191537 0.4767538 0.5463124 1.0270128 1.6591633 1.1229013 0.9369906 0.9369906 9.0000000 1.9402686 2.0976206 2.4395350 2.3905481 3.8764606 2.2541594 2.1625256 1.8347185 2.1214282 2.3433121 3.1520584 3.1787351 2.9318465 4.0401457 2.1894036 2.4416677 2.2866878 3.1920657 0.0000010 2.5681198 0.8780555 9.0000000 2.2896507 2.0021244 4.6856564 
Gfas_gfas1.m1.14527.m1                                  2.5792639 2.0559993 2.5966764 2.7688162 1.9821002 1.8393581 1.7356720 1.4992852 1.5789417 2.1732529 1.7092612 1.1323240 2.1852192 2.1753855 2.3944993 1.2821089 1.7970422 1.6796601 1.7800327 1.9272006 1.9971104 0.3531749 0.4092195 0.3935364 0.5309947 0.3709780 0.0000000 0.3877953 0.4031572 0.3701826 0.6989148 0.9837322 1.6671439 1.5049131 1.8128966 1.8692957 1.3733476 1.8962765 1.9463169 2.3508296 2.3709295 1.9608884 2.1579494 2.0740789 1.9445873 2.2342904 1.8470796 2.4687557 2.6112160 2.4943656 2.8795148 1.9795498 2.0657241 2.4940552 3.2775535 1.7896077 2.7069960 2.8928705 3.0294188 2.2228759 1.9425950 4.4142647 
Amil_Amillepora25166-RA                                 2.4915779 2.0496920 2.4338361 2.6602213 2.1252774 1.9177225 1.7514766 1.5301826 1.5407103 2.1237711 1.8494400 1.3079255 2.1190822 2.1172381 2.2833002 1.3624886 1.7407736 1.6753346 1.7830196 1.8230899 1.8844413 0.3894785 0.5085957 0.4982192 0.6103199 0.5191537 0.3877953 0.0000000 0.0019911 0.1181542 0.7409568 0.9209183 1.5355807 1.4480817 1.8893862 2.0103148 1.3714905 1.9312641 1.9289965 2.3304520 2.4653450 2.2154666 2.2682114 2.0154550 1.9035602 2.0161094 1.6344462 2.1477787 2.1734048 2.1274684 2.5337169 1.7700566 1.9885741 2.3710408 3.1644242 1.6476815 2.5922006 2.6860734 3.8249212 2.0138695 2.0698233 4.2627823 
Amil_Amillepora25177-RA                                 2.6334915 2.0593252 2.5892290 2.8664070 2.2248595 1.9177225 1.8122973 1.6526607 1.6572874 2.1988056 1.8977251 1.3574568 2.2163305 2.2106121 2.3962608 1.3950957 1.8478064 1.7207762 1.8639804 1.9346817 2.0384870 0.4254771 0.5708415 0.5427484 0.6103199 0.5191537 0.4031572 0.0019911 0.0000000 0.1181542 0.7455125 0.9581338 1.6835815 1.4724274 1.9467550 2.0728607 1.4409849 1.9821833 2.0871442 2.5911990 2.7317618 2.3348045 2.3291193 2.0206635 1.9360920 2.1758210 1.7570334 2.3919074 2.4302665 2.3110209 2.5960270 1.7862608 2.0056937 2.5262841 3.3168765 1.6799330 2.7025818 2.6860734 3.7963473 2.2135666 2.2539762 4.4454413 
Adig_XM_015897250.1                                     2.4954473 2.3244963 2.4553697 2.7046196 3.2507578 1.8875659 1.9143945 1.6439204 1.6266780 2.2828416 2.4013620 2.0434756 2.2897679 2.2875214 2.4852503 1.8370152 1.8194101 1.7280357 1.8359778 1.8332424 1.6517564 0.4748342 0.5739494 0.5593062 0.7955200 0.4767538 0.3701826 0.1181542 0.1181542 0.0000000 0.9793901 1.0055437 1.5758379 1.7094846 2.4442595 2.7034558 2.5484757 2.4896972 1.9405236 2.1206519 2.2291031 2.9736976 2.3301467 2.0668956 2.0348850 2.3133477 1.9685762 2.4179616 2.4642069 2.3915309 2.7161338 2.3023723 2.4475190 2.7058088 3.5517988 2.4425867 2.5472380 3.2989256 4.0776693 1.9401098 1.8621379 5.3297973 
Nvec_v1g101662                                          2.1829557 2.1013507 2.1936485 2.0952977 1.8766950 1.9423221 1.4199360 1.3458531 1.1862038 1.7509069 1.6178166 1.3425764 1.7172018 1.7172018 1.7755609 1.5723294 1.3091839 1.4049062 1.4300165 1.3163497 1.7192110 0.7491304 0.7724823 0.7625987 1.1760342 0.5463124 0.6989148 0.7409568 0.7455125 0.9793901 0.0000000 0.4408334 1.1312765 1.2414497 1.4244796 1.4899576 1.1810681 1.5022864 1.5795678 1.7805501 1.6339171 2.4161505 1.8170671 1.5700967 1.5376785 1.5483830 1.7159594 2.0011776 1.9251476 1.9109023 2.2896628 1.9986854 2.0141708 1.9986949 2.5699745 1.6105138 1.9702825 2.3275533 2.2011957 1.9254415 1.0754140 3.6781332 
Exapal_XM_021037456.1                                   2.8034740 2.2164656 2.7350192 2.8995742 2.5028318 1.9639967 1.6953382 1.5345510 1.5605695 2.1901747 1.8025018 1.3062134 2.1410630 2.1318902 2.2614838 1.4857900 1.6883187 1.5881099 1.7262166 1.8389687 2.0152701 0.9913501 1.0217097 0.9901351 0.8720341 1.0270128 0.9837322 0.9209183 0.9581338 1.0055437 0.4408334 0.0000000 1.6058479 1.5005462 1.9819270 2.0378866 1.4660539 1.7532352 1.9792912 2.4562857 2.4849108 2.3131604 2.2768049 2.0768909 2.0115491 2.2410493 1.8737800 2.3764647 2.4639231 2.3691047 2.5100768 1.7375746 2.1518200 2.5297895 2.8379151 1.6615575 2.7947493 2.6552524 3.2913147 2.3588316 1.8381654 4.1482737 
Dgig_XM_028553160.1                                     2.5141944 2.0615487 2.7113028 2.8578602 2.5228172 1.7351501 2.1102643 1.7891615 1.9030234 2.2722266 1.9881272 1.4037602 2.2427758 2.2295065 2.2985948 1.5466403 2.0965024 2.0637683 2.1530745 2.1544748 2.2238694 1.5146766 1.5138077 1.5122453 1.6506466 1.6591633 1.6671439 1.5355807 1.6835815 1.5758379 1.1312765 1.6058479 0.0000000 0.5319535 2.3019981 2.4626377 1.5064123 2.2041178 2.2398649 2.5079258 2.6576236 2.6583191 2.4203792 2.0499670 2.2244813 2.5345267 2.1118593 2.6693515 2.6855959 2.6494234 2.8698919 2.0013162 2.0631881 2.6743644 3.3452074 2.1271821 2.5500411 3.0802490 3.2926960 2.7683258 2.1325217 3.6681805 
Xesp_021183-T1                                          2.3015618 2.3155046 2.3617073 2.0693312 3.0559457 1.5951909 1.7448974 1.8079295 1.6772259 2.2154788 2.4794735 1.4897410 2.2584583 2.2562189 2.1685456 1.5075588 1.7742336 1.9195787 1.9218107 1.9079632 1.9656509 1.6277967 1.4840852 1.4828325 2.4416934 1.1229013 1.5049131 1.4480817 1.4724274 1.7094846 1.2414497 1.5005462 0.5319535 0.0000000 2.3089266 2.4056768 1.6760446 2.3996786 2.1369452 1.5404994 1.5366364 2.7842633 2.3572885 2.1617544 2.0315457 2.1074580 1.7477462 2.6198766 2.5844235 2.5374232 2.4331753 2.4617032 2.0453152 2.5281783 3.4498369 2.5261829 2.2489985 4.2451947 3.7143470 2.0140969 1.6677447 4.8000392 
Nemnom_g3038.t1                                         2.8101624 2.8794304 2.7666144 2.8628038 2.6649772 1.4893912 2.0385023 2.0908461 1.8686978 2.5044047 2.5009961 1.7540915 2.5069096 2.5031022 2.3825892 1.6303643 2.0999980 2.3427020 2.1687628 2.4057993 2.7984429 1.7869874 1.8154405 1.7317232 2.6588499 0.9369906 1.8128966 1.8893862 1.9467550 2.4442595 1.4244796 1.9819270 2.3019981 2.3089266 0.0000000 0.2110671 0.8443138 1.4109760 0.7818924 1.8401517 1.3163143 1.0912365 2.7070467 2.3176278 2.7026652 2.2427447 1.6925965 2.5138834 2.4837116 2.5616024 2.5998330 2.4650686 2.3744465 3.1111418 3.4368501 2.4463471 2.9413760 2.5287178 2.2988683 3.3131126 0.0000010 4.7258073 
Rhoesc_Res_004289-T1                                    2.6993602 2.6918667 2.6748037 2.9099176 2.7261760 1.5444986 2.1056023 2.2255582 1.8437334 2.6111064 2.6073479 1.7465447 2.6362236 2.6321978 2.5715028 1.6439813 2.3213574 2.2558111 2.0622813 2.3783944 2.7593381 1.8534137 1.8924379 1.7907016 2.7252332 0.9369906 1.8692957 2.0103148 2.0728607 2.7034558 1.4899576 2.0378866 2.4626377 2.4056768 0.2110671 0.0000000 0.8809317 1.4318494 0.7437889 1.8907482 1.3163143 1.0413079 2.6680009 2.2956098 2.6158830 2.3493286 1.6925860 2.4410807 2.4219217 2.5717170 2.6689579 2.5107917 2.3590633 3.1721179 3.7311863 2.3247962 2.8702753 2.6688400 2.2274676 2.8759465 0.0000010 4.6030280 
Morvir_scaffold120.g1.t1                                2.0776858 2.0950234 1.9869911 2.0474798 1.9068230 1.9801254 1.5948651 1.4307634 1.5368422 2.1251173 2.1071339 1.8475753 2.1950145 2.1950145 2.1616898 1.8837554 1.2246967 1.8130777 1.4033828 1.6741474 3.5911465 1.4131429 1.3855334 1.3569797 1.8912308 9.0000000 1.3733476 1.3714905 1.4409849 2.5484757 1.1810681 1.4660539 1.5064123 1.6760446 0.8443138 0.8809317 0.0000000 0.8546572 0.9937445 1.8797161 1.3163143 1.3400643 2.4639206 1.8082733 1.9284953 1.7002509 1.4918183 2.3313763 2.1463400 2.2730884 2.0458523 2.0477057 1.8396301 2.1829091 3.2989279 1.8583291 2.3831091 1.1608388 2.6366475 3.5007305 0.0000010 5.0576633 
Chem_TCONS_00064520                                     2.5084023 2.4751952 2.4372876 2.6397737 2.6285154 2.4723605 2.1705362 2.1163185 1.7303363 2.4756108 2.3692028 1.7237702 2.4573825 2.4499574 2.5423950 1.8976617 2.1612196 2.1029815 2.0147847 2.2891392 2.8599221 1.7833471 1.8125522 1.7427960 2.3412667 1.9402686 1.8962765 1.9312641 1.9821833 2.4896972 1.5022864 1.7532352 2.2041178 2.3996786 1.4109760 1.4318494 0.8546572 0.0000000 1.4986737 4.2422605 6.9439751 2.0613558 2.7134622 2.4073693 2.4607368 2.0563160 1.8450361 2.5603465 2.4436214 2.5961425 2.5274577 2.3756496 2.2967915 2.9616695 3.3956434 2.3337111 2.9189032 1.5742706 2.8600398 4.7333219 9.0000000 5.4313629 
Sanmal_Sma_023580-T1                                    3.1266196 2.3729866 2.9523039 3.0701954 2.7594345 2.2366631 2.1422011 2.0667650 2.1605196 2.7273813 2.6214184 1.9288771 2.6853932 2.6703405 2.8768541 1.7820417 2.2499850 2.3074466 2.4833329 2.3807357 2.6446144 1.8673215 1.9350307 1.9351143 2.5209249 2.0976206 1.9463169 1.9289965 2.0871442 1.9405236 1.5795678 1.9792912 2.2398649 2.1369452 0.7818924 0.7437889 0.9937445 1.4986737 0.0000000 0.7059209 0.6589612 1.4051943 2.7882561 2.5862229 2.6613821 2.5261448 2.4721794 2.7793455 2.7793786 2.8440233 3.5429335 2.5338355 2.8986722 3.2869024 3.9334410 2.4926994 3.2091943 2.6995294 2.2633051 2.0545968 1.3852002 4.6479369 
Nemnom_g3039.t1                                         3.3958467 2.1263869 3.6306870 3.5252088 1.4890943 2.2682855 2.4063846 2.3511834 2.6052378 3.0532376 3.0819751 3.6618843 2.9717135 2.9492050 3.1735459 1.9565105 2.4150967 2.4727365 3.4174570 2.5905954 2.7338155 2.4413717 2.2486605 2.2933240 3.7121264 2.4395350 2.3508296 2.3304520 2.5911990 2.1206519 1.7805501 2.4562857 2.5079258 1.5404994 1.8401517 1.8907482 1.8797161 4.2422605 0.7059209 0.0000000 0.1476538 3.2108802 2.8414496 2.6727574 2.5722578 2.8194627 3.0604907 3.2553758 3.4861991 3.3322797 4.2704869 2.3641896 2.8891451 3.1945809 3.4179189 2.6876060 3.3124722 7.1684712 4.7877293 1.9704390 1.5558943 4.3305415 
Rhoesc_Res_004290-T1                                    3.7929538 2.1771523 3.9661847 3.7299622 3.9958284 2.5888983 2.4632328 2.3580064 2.5417697 2.9938580 5.4821113 4.5215043 2.9287073 2.9057177 3.2199494 1.9165390 2.4115334 2.5579251 3.6511446 2.7016125 2.7262713 2.4881939 2.3007994 2.3165607 4.1880796 2.3905481 2.3709295 2.4653450 2.7317618 2.2291031 1.6339171 2.4849108 2.6576236 1.5366364 1.3163143 1.3163143 1.3163143 6.9439751 0.6589612 0.1476538 0.0000000 3.4421174 2.9094721 2.7416108 2.5695764 2.8001734 3.3031345 3.3811504 3.5902703 3.4893106 4.7469730 3.1140641 3.1759561 3.2687075 3.6245633 1.3163143 3.4941785 9.0000000 9.0000000 1.9147501 1.4601964 4.8888558 
Aaur_scaffold1985.g1.t1                                 2.9643691 2.9420106 2.8934922 2.6861380 2.5630411 4.0070604 2.0165694 2.2651190 2.2454189 3.2001524 3.1883376 2.5064859 3.1724833 3.1724833 3.3055172 2.5042004 2.3520389 2.7082054 2.3464529 2.8070087 3.3355690 2.2985901 2.1745317 2.1920160 3.3228178 3.8764606 1.9608884 2.2154666 2.3348045 2.9736976 2.4161505 2.3131604 2.6583191 2.7842633 1.0912365 1.0413079 1.3400643 2.0613558 1.4051943 3.2108802 3.4421174 0.0000000 3.1213918 2.5949542 2.8126168 2.5639847 2.0964324 3.1108517 3.0730210 3.1857485 3.3926544 2.9687093 2.6302558 2.8545226 7.3120830 3.5142796 4.1866076 4.6228934 4.6220222 3.2080718 4.6001594 5.7636671 
Hsap_ENST00000377494                                    2.8460539 2.3115467 2.8166671 2.5814055 2.1760488 1.9938229 1.6542356 1.5507993 1.5195011 2.3537310 2.2161850 1.8178556 2.4507267 2.4409521 2.4525882 1.7890231 1.5893371 1.6660939 1.8197368 1.7425987 1.7143849 2.2241700 2.2192876 2.2226667 2.6669136 2.2541594 2.1579494 2.2682114 2.3291193 2.3301467 1.8170671 2.2768049 2.4203792 2.3572885 2.7070467 2.6680009 2.4639206 2.7134622 2.7882561 2.8414496 2.9094721 3.1213918 0.0000000 1.3456358 1.1750624 2.3920299 2.2454477 2.9038556 3.1667626 2.9816767 3.1525738 2.3258549 2.3500630 2.6709070 3.3947961 2.2027331 1.5959494 3.7230583 3.1745981 2.7881484 2.3714323 4.3865375 
Hsap_ENST00000561180                                    3.0422986 2.4107314 3.1132799 3.0814384 2.4878285 1.7953022 1.3687011 1.3317577 1.4041854 2.4166902 2.2111122 1.4035967 2.4466197 2.4356390 2.4451144 1.3983759 1.4366647 1.4601722 1.5494765 1.6027711 1.5172234 1.9025685 2.0248288 1.9785585 2.5117914 2.1625256 2.0740789 2.0154550 2.0206635 2.0668956 1.5700967 2.0768909 2.0499670 2.1617544 2.3176278 2.2956098 1.8082733 2.4073693 2.5862229 2.6727574 2.7416108 2.5949542 1.3456358 0.0000000 0.8896353 2.3918007 2.1540144 2.8730570 3.0340043 2.8408572 2.7387968 2.1817610 2.0671763 2.5980553 3.2210938 2.0362382 1.3586547 3.1421296 3.4083440 2.3843520 2.4317653 4.2251344 
Hsap_ENST00000402538                                    2.8951136 2.2896776 2.8836873 2.9004473 2.3587352 2.0996779 1.1882670 1.2159666 1.1486187 2.3171837 2.2601815 1.3912925 2.3691168 2.3600201 2.3854533 1.3202162 1.2133129 1.2696073 1.3057564 1.4009776 1.4201284 2.0442986 1.9760419 1.9426925 2.6935319 1.8347185 1.9445873 1.9035602 1.9360920 2.0348850 1.5376785 2.0115491 2.2244813 2.0315457 2.7026652 2.6158830 1.9284953 2.4607368 2.6613821 2.5722578 2.5695764 2.8126168 1.1750624 0.8896353 0.0000000 2.4348949 2.0342236 2.7678015 2.9390156 2.7715456 2.7409010 2.2599572 2.0705323 2.8871325 3.6806485 2.7429463 1.5696302 3.4400950 3.3018638 2.5578379 2.0362016 4.1741765 
Opea_EP00118_Oscarella_pearsei_P004571                  2.7368180 2.0223161 2.4862090 2.6417811 2.1921318 1.7213633 2.0057522 2.0793271 2.0035464 2.5984761 2.1393060 1.4725585 2.6205574 2.5909282 2.6642355 1.6981851 2.1976064 2.1748304 2.2727550 2.4547545 2.5688785 2.2342554 2.3121127 2.2684619 2.8778272 2.1214282 2.2342904 2.0161094 2.1758210 2.3133477 1.5483830 2.2410493 2.5345267 2.1074580 2.2427447 2.3493286 1.7002509 2.0563160 2.5261448 2.8194627 2.8001734 2.5639847 2.3920299 2.3918007 2.4348949 0.0000000 1.2419503 2.6578220 2.7479031 2.5528917 2.6585857 1.9586102 1.9662618 2.4131324 3.2145561 2.0765500 2.6891339 3.0329235 3.0015265 2.5100212 3.0819560 4.4195095 
Plajan_Pjan_C563038_01                                  2.2405547 1.7204829 2.3616191 2.3637163 1.6009238 1.6909247 1.7057830 1.6399565 1.6898468 2.0306736 1.5590769 1.3873984 2.1760675 2.1684721 2.1487488 1.6005230 1.7873828 1.7269851 2.0507075 1.8698536 2.1112519 1.8535665 1.9484216 1.9058625 1.5807435 2.3433121 1.8470796 1.6344462 1.7570334 1.9685762 1.7159594 1.8737800 2.1118593 1.7477462 1.6925965 1.6925860 1.4918183 1.8450361 2.4721794 3.0604907 3.3031345 2.0964324 2.2454477 2.1540144 2.0342236 1.2419503 0.0000000 2.2825533 2.3903055 2.2060670 2.5566284 1.7317096 1.9156803 2.1051737 2.9100789 1.4791062 2.4713463 2.4557729 2.4852675 2.6181718 2.5182430 3.6656017 
Emue_Em0014g787a.t1                                     2.6483064 2.3286537 2.7443993 2.7557097 2.4150885 2.8371971 2.5022641 2.1412201 2.2459483 2.6599444 2.3628428 1.8843375 2.7003930 2.7110063 2.7193027 2.1598659 2.3258813 2.1716680 2.3159526 2.7294015 3.0092968 2.4901177 2.6544962 2.6231350 2.4214149 3.1520584 2.4687557 2.1477787 2.3919074 2.4179616 2.0011776 2.3764647 2.6693515 2.6198766 2.5138834 2.4410807 2.3313763 2.5603465 2.7793455 3.2553758 3.3811504 3.1108517 2.9038556 2.8730570 2.7678015 2.6578220 2.2825533 0.0000000 0.0087674 0.1232467 1.1148660 0.8803627 0.8398755 0.9126964 1.2545231 1.2925941 3.7564104 3.4239853 3.6100899 3.9036347 2.8325358 3.9818337 
Emue_Em0014g812a.t1                                     2.8485206 2.3890061 2.9365850 3.0240030 2.5885911 2.6873033 2.7760154 2.3486772 2.3589629 2.8636770 2.3785437 1.8577255 2.8824392 2.8947788 2.8762508 2.1496605 2.4413146 2.3532481 2.5504465 2.9044098 3.3421903 2.5452506 2.6971861 2.6732247 2.3810214 3.1787351 2.6112160 2.1734048 2.4302665 2.4642069 1.9251476 2.4639231 2.6855959 2.5844235 2.4837116 2.4219217 2.1463400 2.4436214 2.7793786 3.4861991 3.5902703 3.0730210 3.1667626 3.0340043 2.9390156 2.7479031 2.3903055 0.0087674 0.0000000 0.1370169 1.4433602 0.9561826 1.0190198 1.0501699 1.5110915 1.3084511 3.8763819 3.3764282 3.5176666 4.0335170 3.2668609 4.2319006 
Spolac_c102111_g1_i1_m.27991c102111-g1                  2.7051041 2.2280793 2.8410983 2.8490380 2.2270345 2.7204247 2.5527753 2.2397020 2.2773333 2.5970548 2.2686282 1.7892025 2.6610806 2.6701377 2.6884641 2.0844077 2.3800715 2.2648214 2.3473516 2.7192554 3.0204949 2.3535242 2.5802478 2.5575629 2.3530490 2.9318465 2.4943656 2.1274684 2.3110209 2.3915309 1.9109023 2.3691047 2.6494234 2.5374232 2.5616024 2.5717170 2.2730884 2.5961425 2.8440233 3.3322797 3.4893106 3.1857485 2.9816767 2.8408572 2.7715456 2.5528917 2.2060670 0.1232467 0.1370169 0.0000000 1.2402642 0.8505332 0.8144014 0.8653708 1.2008876 1.2203535 3.6823441 3.4138116 3.6799536 3.6858290 3.0163316 3.7732032 
Aque_Aqu2.1.12343_001                                   3.1171982 2.2425142 3.0043982 2.9526002 2.5339568 2.7947159 2.7863472 2.1961683 2.4314862 3.2191434 2.4015106 2.1031107 3.1516433 3.1435532 3.2226459 2.3117784 2.9587953 2.6571310 2.5482389 2.8981843 3.3955353 2.6961503 2.9080414 2.8303763 2.2764194 4.0401457 2.8795148 2.5337169 2.5960270 2.7161338 2.2896628 2.5100768 2.8698919 2.4331753 2.5998330 2.6689579 2.0458523 2.5274577 3.5429335 4.2704869 4.7469730 3.3926544 3.1525738 2.7387968 2.7409010 2.6585857 2.5566284 1.1148660 1.4433602 1.2402642 0.0000000 0.1273990 0.3627918 1.2772360 1.4938245 1.1076846 3.7186660 3.0886086 3.6378769 4.3048002 3.7735149 4.3101354 
Halamb_c51239_g1_i2m.30138                              2.0423231 1.9151815 2.1321061 1.9808794 2.4816774 2.0063874 2.1329244 1.8908781 1.5806411 2.3453331 2.3405521 2.0870817 2.2362237 2.2427056 2.3488091 2.3087246 2.2752872 1.9559251 1.6167361 2.2304692 3.0500869 1.9176109 2.0490232 1.9836645 2.1488949 2.1894036 1.9795498 1.7700566 1.7862608 2.3023723 1.9986854 1.7375746 2.0013162 2.4617032 2.4650686 2.5107917 2.0477057 2.3756496 2.5338355 2.3641896 3.1140641 2.9687093 2.3258549 2.1817610 2.2599572 1.9586102 1.7317096 0.8803627 0.9561826 0.8505332 0.1273990 0.0000000 0.1681613 1.1401859 1.4649012 1.0727108 2.8774366 3.1108005 3.4910423 2.9395720 2.6281602 4.1808537 
Xestes_maker-XT_scaffold3943-snap-gene-0.10-mRNA-1      2.3523786 2.0355542 2.2533609 2.2671081 1.8663925 2.4201289 1.9766813 1.9861466 1.7471279 2.5379084 2.3691443 2.0731557 2.4437675 2.4702095 2.5385760 2.3751006 2.0610515 1.9984177 1.9820644 1.9463285 2.5743946 1.9661498 2.1347106 2.1260340 2.0688921 2.4416677 2.0657241 1.9885741 2.0056937 2.4475190 2.0141708 2.1518200 2.0631881 2.0453152 2.3744465 2.3590633 1.8396301 2.2967915 2.8986722 2.8891451 3.1759561 2.6302558 2.3500630 2.0671763 2.0705323 1.9662618 1.9156803 0.8398755 1.0190198 0.8144014 0.3627918 0.1681613 0.0000000 0.7632222 1.2149651 1.0769207 2.8208424 3.0130955 3.0983570 2.8832582 2.7839294 3.8980712 
Tetwil_g9022.t1                                         2.8431596 2.3673678 2.7674222 2.6206256 2.4204549 2.0615664 2.4640792 2.5941089 2.3077944 2.8535933 2.7547431 1.9298138 2.9311936 2.9429451 2.8787744 1.9803121 2.3758269 2.6366168 2.6748692 2.6678165 2.7884474 2.5874232 2.6430711 2.6737267 3.9826701 2.2866878 2.4940552 2.3710408 2.5262841 2.7058088 1.9986949 2.5297895 2.6743644 2.5281783 3.1111418 3.1721179 2.1829091 2.9616695 3.2869024 3.1945809 3.2687075 2.8545226 2.6709070 2.5980553 2.8871325 2.4131324 2.1051737 0.9126964 1.0501699 0.8653708 1.2772360 1.1401859 0.7632222 0.0000000 0.9974863 2.1001743 3.4081947 3.8324411 3.8142153 3.1684312 2.9152551 4.4019162 
Stycar_maker-SC_scaffold75569-augustus-gene-0.73-mRNA-1 3.9786128 3.5198241 3.6823558 3.5496121 3.2491382 3.4817629 2.9601504 2.9753964 2.6199414 3.3783946 3.4053059 2.7672809 3.4742141 3.4336415 3.3281413 2.8395695 2.7445400 3.1236178 2.8547846 3.2501540 3.3196286 3.3210066 3.4215939 3.4448294 3.8275578 3.1920657 3.2775535 3.1644242 3.3168765 3.5517988 2.5699745 2.8379151 3.3452074 3.4498369 3.4368501 3.7311863 3.2989279 3.3956434 3.9334410 3.4179189 3.6245633 7.3120830 3.3947961 3.2210938 3.6806485 3.2145561 2.9100789 1.2545231 1.5110915 1.2008876 1.4938245 1.4649012 1.2149651 0.9974863 0.0000000 2.4706519 3.7797608 4.1247466 4.1923825 4.1903091 3.4432443 5.2007960 
Plespi_Pspi_scaffold16702_01                            2.4080400 2.3091869 2.1977547 2.2204756 2.6159974 1.2539995 1.9744398 2.1098759 1.8890618 2.3716538 2.3790753 1.6187679 2.3930539 2.3889757 2.3799419 1.6097111 2.3513170 1.9685270 1.7100064 2.6042942 3.2248341 1.8209653 1.9892040 1.9294658 2.0900913 0.0000010 1.7896077 1.6476815 1.6799330 2.4425867 1.6105138 1.6615575 2.1271821 2.5261829 2.4463471 2.3247962 1.8583291 2.3337111 2.4926994 2.6876060 1.3163143 3.5142796 2.2027331 2.0362382 2.7429463 2.0765500 1.4791062 1.2925941 1.3084511 1.2203535 1.1076846 1.0727108 1.0769207 2.1001743 2.4706519 0.0000000 2.9940577 3.3304591 4.4016186 3.0001270 0.0000010 5.6243312 
Hsap_ENST00000587738                                    3.2504087 2.5511930 3.3060879 3.3333665 3.2611587 1.9698300 1.8937550 1.9636845 1.9243910 2.8624906 2.8847873 2.2479573 3.0095836 3.0219300 2.8091633 1.9439274 1.8681330 1.9674101 2.2246024 2.1701864 2.0056791 2.5716886 2.6430843 2.6035595 3.0950208 2.5681198 2.7069960 2.5922006 2.7025818 2.5472380 1.9702825 2.7947493 2.5500411 2.2489985 2.9413760 2.8702753 2.3831091 2.9189032 3.2091943 3.3124722 3.4941785 4.1866076 1.5959494 1.3586547 1.5696302 2.6891339 2.4713463 3.7564104 3.8763819 3.6823441 3.7186660 2.8774366 2.8208424 3.4081947 3.7797608 2.9940577 0.0000000 4.3533459 3.9788482 3.2945772 2.7645874 5.2938503 
Hvul_g7832_1                                            3.4645714 3.5150600 2.9212080 3.8524527 2.9624216 0.0000010 3.1971631 3.4350865 2.9275368 3.1178172 3.1383593 2.1771933 3.1508278 3.1074298 3.3921575 2.0409648 4.9297940 2.6788433 2.6061750 3.2752867 2.7498410 2.8647851 2.6879879 2.5838766 2.9242536 0.8780555 2.8928705 2.6860734 2.6860734 3.2989256 2.3275533 2.6552524 3.0802490 4.2451947 2.5287178 2.6688400 1.1608388 1.5742706 2.6995294 7.1684712 9.0000000 4.6228934 3.7230583 3.1421296 3.4400950 3.0329235 2.4557729 3.4239853 3.3764282 3.4138116 3.0886086 3.1108005 3.0130955 3.8324411 4.1247466 3.3304591 4.3533459 0.0000000 6.3668650 2.5767412 0.0000010 5.8428397 
Aaur_scaffold1985.g2.t1                                 3.2668082 3.0783353 3.1357350 3.1778552 4.3262845 1.7325166 2.5326199 2.7474361 2.5849793 3.7449614 3.7298889 2.6354743 3.4968994 3.4915482 3.7206247 2.7441162 2.6434793 2.9597783 2.8549734 2.9080660 3.1610217 2.8909457 3.0585763 3.0171120 6.5061157 9.0000000 3.0294188 3.8249212 3.7963473 4.0776693 2.2011957 3.2913147 3.2926960 3.7143470 2.2988683 2.2274676 2.6366475 2.8600398 2.2633051 4.7877293 9.0000000 4.6220222 3.1745981 3.4083440 3.3018638 3.0015265 2.4852675 3.6100899 3.5176666 3.6799536 3.6378769 3.4910423 3.0983570 3.8142153 4.1923825 4.4016186 3.9788482 6.3668650 0.0000000 3.1480613 0.0000010 6.9236323 
