90
Mertsp_Mesp_sb591468                                             0.0000000 0.0215039 0.1727198 0.0151932 0.1834405 0.0391911 0.1851308 0.0076406 0.4897266 0.3381412 0.3444371 0.3430311 0.1163722 0.0000010 0.0000010 0.2457234 0.2496898 0.3254501 0.3807283 0.4513091 0.4998975 0.3060846 0.5834303 0.5730983 1.0319666 0.4866106 0.6309297 0.4566785 0.3833998 0.3464084 0.4185912 0.8128560 1.0290645 1.0305947 0.7588670 0.7327714 0.7180151 2.3667048 3.1361244 2.1797155 2.1333228 2.7256810 2.2356479 2.2555879 3.1905602 2.2506623 3.0593303 4.7385400 2.4087026 2.3899554 4.4450110 2.2472100 2.3805055 2.3600307 2.4202621 2.0382051 2.4121553 2.3933645 2.4385288 2.4982426 2.4726615 2.2425973 2.5321799 2.4192803 1.9977939 2.2846242 2.1391338 2.2201052 2.0586457 2.3267250 2.8108564 2.3745055 2.2002001 2.2481102 2.5211130 2.1730676 2.2521741 2.3159734 2.5005862 1.9670745 1.8826680 2.2809818 2.1951526 2.3788135 2.0826558 2.2164106 2.1167655 2.3239926 2.5626253 2.7972107 
Bolinf_Binf_sb1286864                                            0.0215039 0.0000000 0.0215039 0.0215039 0.0935874 0.0935874 0.0935874 0.0935874 3.3779414 3.3779414 3.3779414 3.3779414 3.3779414 0.0000010 0.0000010 0.0000010 0.0000010 0.0000010 3.4011779 3.1296757 3.1296757 0.0000010 4.2696913 4.2476753 3.4011779 0.0000010 8.9999985 0.0000010 3.3647473 9.0000000 3.3084832 3.3084832 0.0000010 0.0000010 6.3527018 6.3527018 6.3527018 3.2450610 5.1841104 4.7723499 4.7723499 5.2256466 5.2256466 5.2256466 5.2256466 4.6417937 5.2513974 5.2513974 5.5375922 5.5794249 5.2256466 5.1587926 5.1008390 4.1237785 4.7519852 4.3695804 5.1739380 5.3248202 5.3248202 5.5318480 5.5318480 4.3432806 4.5589551 4.8207850 5.0074377 4.6081722 4.8609439 4.7426938 4.7944618 5.0001290 5.0001290 4.2149056 4.2213560 3.9155170 4.5891330 4.4413602 4.0736636 4.7671965 5.1309195 0.0000010 5.2647680 4.0536358 4.6967239 4.4965839 3.7086717 5.6259479 8.9999987 9.0000000 4.5931765 3.8876263 
Mertsp_Mesp_sb591469                                             0.1727198 0.0215039 0.0000000 0.0075179 0.0076625 0.0310320 0.0078411 0.1834405 0.4724062 0.1167975 0.1198670 0.1637068 0.3381412 0.2949039 0.2568311 0.0676736 0.0360300 0.0213705 0.2675706 0.3847022 0.4281254 0.3383554 0.5616761 0.5622021 0.9429322 0.4668980 0.6052460 0.4264465 0.3842858 0.3468282 0.4198969 0.8080350 1.0218308 1.0233590 0.7823116 0.7761405 0.7812281 2.3124406 3.0068991 2.0579294 2.0350074 2.7256810 2.1326858 2.1544547 3.0099120 2.0707857 2.7535368 4.4489551 2.2801298 2.1912142 4.4450110 2.1308961 2.2628476 2.1901536 2.2627964 1.9811883 2.3255488 2.3346190 2.3646324 2.3862619 2.3468871 2.1491859 2.4643248 2.1614285 1.9626032 2.2289803 2.0534059 2.2031090 2.0775636 2.3575124 2.7874881 2.2926657 2.1295976 2.2809737 2.3486742 2.1143288 2.1702676 2.1427416 2.4245158 1.8028692 1.8379992 2.2537907 2.1686086 2.3240978 2.0045190 2.1901353 2.0831612 2.3633880 2.4148312 2.6632147 
Mertsp_Mesp_sb591479                                             0.0151932 0.0215039 0.0075179 0.0000000 0.0310320 0.0230458 0.0310320 0.0391911 0.4553951 0.4724062 0.4724062 0.4757732 0.4897266 0.3098704 0.0000010 0.2046625 0.1784970 1.1728650 0.7248413 0.8686126 0.8686126 0.2121757 0.9467145 0.9537749 0.7532333 0.5609000 1.3001950 0.5218273 0.5394346 0.4139182 0.6612284 0.6845316 0.5205511 0.5205511 1.0479062 0.9922777 1.0513722 3.1257022 4.8553050 2.2124482 2.2555736 2.7256810 2.3238639 2.3808158 4.9523449 2.0358605 4.6126240 4.7367886 2.4767256 2.4125793 4.6710429 2.2827467 2.3321918 2.3331794 2.4416936 2.1275496 2.4733527 2.4469646 2.4922458 2.2652814 2.2315645 2.3917945 2.4993492 2.6592482 2.3105841 2.1263611 2.1845041 2.3324329 2.1771609 2.6129699 2.6478766 2.3551874 2.1369835 2.1467483 2.4680363 1.9837303 1.9975787 2.4265313 2.6220897 1.2878178 2.6096273 2.2216310 2.1872836 2.3293384 2.2806188 2.6117027 2.0211608 2.7104668 2.5056926 2.5342215 
Mertsp_Mesp_sb591473                                             0.1834405 0.0935874 0.0076625 0.0310320 0.0000000 0.0073501 0.0000010 0.1712359 0.4677870 0.1185630 0.1216484 0.1654376 0.3379453 0.2949039 0.2568311 0.0676736 0.0360300 0.0213705 0.2680475 0.3840462 0.4269704 0.3383554 0.5599925 0.5605116 0.9355581 0.4668980 0.6052460 0.4264465 0.3842858 0.3418850 0.4139263 0.7981522 1.0218308 1.0233590 0.7910147 0.7870421 0.7927669 2.2281298 2.9345161 2.0570739 2.0342457 2.6375348 2.1165205 2.1379715 2.9403676 2.0698638 2.6968070 4.2519998 2.2498955 2.1630171 4.2414906 2.1434084 2.2324217 2.1983944 2.2711436 1.9791651 2.3185203 2.3271070 2.3568467 2.3788714 2.3396095 2.1529359 2.4722354 2.1391611 1.9967189 2.2314747 2.0586155 2.2039960 2.0795540 2.3581318 2.7866334 2.2776472 2.1104696 2.2724871 2.3412842 2.1131333 2.1857219 2.1438953 2.4377001 1.8254747 1.8389708 2.2649658 2.1680822 2.2749019 2.0084099 2.2174329 2.0831612 2.3633880 2.4270239 2.7740922 
Mertsp_Mesp_sb591480                                             0.0391911 0.0935874 0.0310320 0.0230458 0.0073501 0.0000000 0.0073501 0.0148510 0.4513127 0.4677870 0.4677870 0.4709140 0.4845566 0.3098704 0.0000010 0.2046625 0.1784970 1.1728650 0.7121738 0.8508586 0.8508586 0.2121757 0.9306987 0.9375055 0.7395527 0.5609000 1.3001950 0.5218273 0.5394346 0.3912070 0.6358448 0.6583557 0.5205511 0.5205511 1.0748296 1.0188095 1.0792174 2.8795630 4.5583776 2.2085229 2.2511734 2.6375348 2.2788852 2.3342935 4.6698862 2.0339089 4.3476443 4.4517784 2.3929848 2.3318616 4.4367440 2.3152942 2.2907294 2.3542781 2.4623585 2.1194040 2.4521486 2.4263360 2.4705863 2.2487718 2.2157868 2.3982378 2.5190519 2.5785423 2.4035976 2.1309622 2.1949076 2.3328931 2.1796328 2.6125126 2.6471225 2.3161722 2.1038303 2.1287187 2.4476469 1.9835346 2.0357012 2.4261313 2.6569945 1.3519236 2.6065484 2.2493378 2.1858307 2.2033227 2.2874689 2.6986244 2.0211608 2.7104668 2.5353956 2.6899976 
Mertsp_Mesp_sb591474                                             0.1851308 0.0935874 0.0078411 0.0310320 0.0000010 0.0073501 0.0000000 0.1725932 0.4677870 0.1216484 0.1216484 0.1654376 0.3441735 0.2949039 0.2568311 0.0676736 0.0368909 0.0221065 0.2747423 0.3956835 0.4269704 0.3466090 0.5799299 0.5804914 0.9270345 0.4843889 0.6283732 0.4428090 0.3926793 0.3493722 0.4230729 0.7821276 0.9877516 0.9892350 0.7723864 0.7870421 0.7927669 2.2281298 2.9345161 2.0993323 2.0757824 2.6375348 2.1599969 2.1861871 3.1862655 2.1098577 2.6968070 4.2519998 2.2926868 2.2113803 4.2414906 2.2030685 2.2324217 2.2639466 2.2943115 2.0374638 2.3455052 2.3559689 2.3867227 2.3997113 2.3710425 2.1724763 2.4719804 2.1459388 1.9989643 2.2314747 2.0464696 2.2075933 2.0513548 2.3581318 2.7711728 2.2859601 2.1104696 2.2836020 2.3509822 2.1131333 2.1798677 2.1699035 2.4660317 1.8862431 1.8740072 2.2779684 2.1547014 2.3033593 2.0315072 2.2215289 2.1119576 2.3633880 2.4556971 2.7740922 
Mertsp_Mesp_sb591472                                             0.0076406 0.0935874 0.1834405 0.0391911 0.1712359 0.0148510 0.1725932 0.0000000 0.4845566 0.3379453 0.3441735 0.3427277 0.1181342 0.0000010 0.0000010 0.2457234 0.2496898 0.3254501 0.3801011 0.4499703 0.4979400 0.3060846 0.5815343 0.5713103 1.0233005 0.4866106 0.6309297 0.4566785 0.3833998 0.3415373 0.4126970 0.8030440 1.0290645 1.0305947 0.7674239 0.7434107 0.7292065 2.2785378 3.0575565 2.1783314 2.1321381 2.6375348 2.2183474 2.2380052 3.1161566 2.2489559 2.9924652 4.5272801 2.3758206 2.3577863 4.2414906 2.2598464 2.3470647 2.3683575 2.4283186 2.0357468 2.4044012 2.3852744 2.4300136 2.4898978 2.4642464 2.2459500 2.5399564 2.3924290 2.0324547 2.2863684 2.1439652 2.2208983 2.0607622 2.3274344 2.8099068 2.3584273 2.1798280 2.2399869 2.5121562 2.1713507 2.2678934 2.3163416 2.5138834 1.9910158 1.8835442 2.2920426 2.1944864 2.3278823 2.0862102 2.2441658 2.1167655 2.3239926 2.5743820 2.9145379 
Mertsp_Mesp_sb591478                                             0.4897266 3.3779414 0.4724062 0.4553951 0.4677870 0.4513127 0.4677870 0.4845566 0.0000000 0.0072863 0.0072863 0.0000010 0.0147192 0.3098704 0.0000010 0.2046625 0.1784970 1.1728650 0.1391082 0.2258464 0.2258464 0.2121757 0.3090034 0.3082945 0.1500563 0.5609000 1.2148031 0.5218273 0.5751716 0.3992028 0.6736947 0.6974776 0.5205511 0.5205511 0.8286518 0.7818102 0.8248460 0.3340133 0.8948006 1.1243983 1.1484713 0.9682577 1.2062894 1.2351617 1.0032489 1.0496340 0.9375217 0.8959335 1.2500001 1.2141429 1.1587706 1.1210944 1.1382367 1.2613907 1.2416568 1.0917081 1.2448200 1.2009561 1.2223358 1.1134277 1.0966041 1.2868378 1.3294906 1.3742195 1.1708520 1.1793821 1.2355064 1.3292198 1.2069246 1.4437257 1.4660573 1.2058495 1.0803635 1.3185724 1.3631068 1.1011101 1.1514765 1.1904207 1.3791022 1.3298931 1.3299165 1.1862972 1.1745277 1.2448946 1.1223703 1.3709257 1.7853266 2.3240002 1.2523659 1.2572487 
Mertsp_Mesp_sb591466                                             0.3381412 3.3779414 0.1167975 0.4724062 0.1185630 0.4677870 0.1216484 0.3379453 0.0072863 0.0000000 0.0000010 0.0094190 0.1704821 0.2949039 0.2568311 0.0676736 0.0360300 0.0213705 0.1184736 0.2174809 0.2432511 0.3383554 0.3622229 0.3612438 0.6207737 0.4668980 0.5942397 0.4264465 0.3913688 0.3439711 0.4223768 0.8129449 1.0218308 1.0233590 0.7173537 0.6955825 0.6958412 0.8092849 1.4680805 1.5819463 1.5629769 0.9682577 1.6334146 1.6481427 1.5074337 1.5919702 1.4680867 1.3072728 1.7275589 1.6661444 1.2579960 1.6194507 1.3013849 1.7160429 1.7355589 1.5270712 1.7671834 1.7311758 1.7526546 1.8043140 1.7600626 1.6622159 1.9055623 1.6794075 1.4716514 1.3595034 1.5947398 1.7481710 1.5147589 1.8633170 2.1471661 1.7432740 1.4308935 1.8740092 1.8386130 1.5560222 1.7409744 1.6289443 1.8829792 1.8166923 1.3969029 1.7437143 1.6552633 1.8161202 1.5093310 1.7204165 2.0095868 2.1939388 1.8141369 1.6408361 
Mertsp_Mesp_sb591467                                             0.3444371 3.3779414 0.1198670 0.4724062 0.1216484 0.4677870 0.1216484 0.3441735 0.0072863 0.0000010 0.0000000 0.0094190 0.1718134 0.2949039 0.2568311 0.0676736 0.0368909 0.0221065 0.1210952 0.2233374 0.2432511 0.3466090 0.3737160 0.3726832 0.6085591 0.4843889 0.6166137 0.4428090 0.4001045 0.3514871 0.4318717 0.7969603 0.9877516 0.9892350 0.6983238 0.6955825 0.6958412 0.8092849 1.4680805 1.6051428 1.5856069 0.9682577 1.6570326 1.6749975 1.5633350 1.6132990 1.4680867 1.3072728 1.7493355 1.6932063 1.2579960 1.6539390 1.3013849 1.7566347 1.7435753 1.5617775 1.7776444 1.7412888 1.7633295 1.8090958 1.7733892 1.6681604 1.8960154 1.6775498 1.4651034 1.3595034 1.5775762 1.7436268 1.4837284 1.8633170 2.1263125 1.7418106 1.4308935 1.8772860 1.8387028 1.5560222 1.7299012 1.6391166 1.8941934 1.8769305 1.4145338 1.7443235 1.6376026 1.8296935 1.5170770 1.7166076 2.0355833 2.1939388 1.8236273 1.6408361 
Mertsp_Mesp_sb591475                                             0.3430311 3.3779414 0.1637068 0.4757732 0.1654376 0.4709140 0.1654376 0.3427277 0.0000010 0.0094190 0.0094190 0.0000000 0.1391417 0.2562290 0.2506364 0.0550406 0.0592736 0.0520530 0.1268112 0.2265232 0.2265232 0.3623648 0.3701047 0.3733455 0.4345151 0.5098129 0.7064099 0.4806496 0.4136105 0.3529249 0.4527038 0.6133096 0.8073229 0.8073229 0.7140688 0.7007855 0.6699427 0.7708468 1.4680805 1.6069314 1.5367518 0.9682577 1.5886196 1.5910063 1.1992304 1.5627620 1.4680867 1.3185052 1.7221282 1.6618185 1.1587706 1.5876709 1.3013849 1.6928216 1.7545869 1.5202571 1.7770058 1.7423089 1.7688820 1.7902707 1.7233251 1.6112582 1.8555647 1.6632877 1.4048842 1.3595034 1.5453995 1.6451833 1.3036486 1.6880428 2.1006430 1.6441365 1.4308935 1.7665227 1.7727529 1.5560222 1.6675759 1.5532716 1.8579219 1.7710584 1.3391368 1.7252069 1.5949252 1.8280248 1.5355803 1.7295505 2.0258335 2.1180285 1.6759530 1.5275430 
Mertsp_Mesp_sb591464                                             0.1163722 3.3779414 0.3381412 0.4897266 0.3379453 0.4845566 0.3441735 0.1181342 0.0147192 0.1704821 0.1718134 0.1391417 0.0000000 0.0000010 0.0000010 0.2457234 0.2496898 0.3254501 0.2041179 0.2694534 0.2976376 0.3060846 0.3798694 0.3710614 0.6825759 0.4866106 0.6194463 0.4566785 0.3903805 0.3435952 0.4210367 0.8177328 1.0290645 1.0305947 0.6958156 0.6560795 0.6381877 0.8239886 1.5085885 1.6724030 1.6370159 0.9682577 1.7120432 1.7258220 1.5999610 1.7275209 1.6045990 1.3763534 1.8206159 1.8114162 1.2579960 1.7007982 1.3622233 1.8439909 1.8479372 1.5693919 1.8325996 1.7714719 1.8033969 1.8868996 1.8498981 1.7306353 1.9545244 1.8698724 1.4966716 1.3915199 1.6596754 1.7630455 1.5012873 1.8387387 2.1624794 1.8029005 1.4777114 1.8484997 1.9606054 1.5954938 1.8050418 1.7559276 1.9400968 1.9814037 1.4299619 1.7677189 1.6748218 1.8553896 1.5687851 1.7381729 2.0425481 2.1561843 1.9260694 1.7137925 
Bolinf_Binf_sb1223335                                            0.0000010 0.0000010 0.2949039 0.3098704 0.2949039 0.3098704 0.2949039 0.0000010 0.3098704 0.2949039 0.2949039 0.2562290 0.0000010 0.0000000 0.0000010 0.2562290 0.2949039 0.3371874 0.2652099 0.3126877 0.3126877 0.3719800 0.4327039 0.4442029 1.1097271 0.4831597 0.4885949 0.4970686 0.3618685 0.3618685 0.3618685 0.7752522 1.0778868 1.0778868 0.5917521 0.5401327 0.5027635 1.8308038 2.2776369 2.1906377 2.1035535 0.0000010 2.2956994 2.3351090 3.0291047 2.4306303 2.3308633 8.9999988 2.5723451 2.5123684 0.0000010 2.3513972 2.4325497 2.5826099 2.4650143 2.1966308 2.5980625 2.6236481 2.6798989 2.5713813 2.6253894 2.3820607 2.6985410 2.4162928 1.7615892 2.6016850 2.0564728 2.1865846 1.8941156 2.2542398 3.3158155 2.4599498 2.2027336 2.3524647 2.6986924 2.3436211 2.3971955 2.2554766 2.5632062 2.4541891 1.6355220 2.3418995 2.2342290 2.5742920 1.9336656 2.1009167 2.1751923 1.7086001 2.6733799 2.7317540 
Bolinf_Binf_sb1223336                                            0.0000010 0.0000010 0.2568311 0.0000010 0.2568311 0.0000010 0.2568311 0.0000010 0.0000010 0.2568311 0.2568311 0.2506364 0.0000010 0.0000010 0.0000000 0.2506364 0.2568311 0.2976958 0.2164259 0.2881069 0.2881069 0.3772872 0.4194167 0.4165324 0.8660480 0.4526251 0.4532677 0.4634765 0.3205569 0.3205569 0.3205569 0.5922911 0.8951278 0.8951278 0.5482475 0.5303699 0.4790664 1.8308038 2.2776369 2.3417915 2.1156357 0.0000010 2.3138615 2.3492187 7.0228052 2.4932460 2.3308633 8.9999988 2.6900260 2.5683790 0.0000010 2.2568469 2.4325497 2.5661882 2.3815524 2.0433483 2.3911793 2.4601740 2.5248290 2.5202396 2.5803926 2.3881480 2.8814403 2.5046660 1.7200153 2.6016850 2.0564728 2.0765401 1.7779731 2.0289596 3.3288945 2.3839618 2.2027336 2.3203408 2.5015119 2.3436211 2.4011578 2.1944694 2.4638252 2.4109289 1.5780081 2.4987551 2.0820650 2.5726179 1.9914256 2.0628339 2.2957174 1.5652747 2.4693110 2.3070571 
Mertsp_Mesp_sb591481                                             0.2457234 0.0000010 0.0676736 0.2046625 0.0676736 0.2046625 0.0676736 0.2457234 0.2046625 0.0676736 0.0676736 0.0550406 0.2457234 0.2562290 0.2506364 0.0000000 0.0186796 0.0520530 0.1244010 0.2541756 0.2541756 0.3699469 0.3791594 0.3835926 0.5065077 0.5027015 0.5345418 0.4786630 0.3413271 0.3405446 0.3413271 0.4976682 0.8030107 0.8030107 0.5951237 0.5787497 0.5396861 2.2209906 2.2633615 1.8351673 1.7450822 1.1435050 1.7951081 1.7979758 6.7774254 1.8188900 2.0344405 7.2687492 1.9690714 1.8771233 3.2333958 1.8061179 1.5482822 1.8872148 2.0919479 1.7354863 2.1861063 2.1942839 2.2374227 2.1981641 2.1079447 1.8386609 2.1419374 1.8259811 1.6068810 1.6318220 1.6784964 1.8723140 1.4970049 1.8240484 2.4421276 1.9269807 1.6987503 1.9751111 1.9728469 1.7566520 1.8424694 1.8708682 2.1443533 1.6677916 1.4977150 2.0713152 1.8546381 2.2309221 1.9655081 1.9853394 1.9171059 1.6530055 1.9711719 2.0792528 
Bolinf_Binf_sb1239104                                            0.2496898 0.0000010 0.0360300 0.1784970 0.0360300 0.1784970 0.0368909 0.2496898 0.1784970 0.0360300 0.0368909 0.0592736 0.2496898 0.2949039 0.2568311 0.0186796 0.0000000 0.0213705 0.1083847 0.2390186 0.2701803 0.3406052 0.3707914 0.3700047 0.7062234 0.4520117 0.4614996 0.4271982 0.3268828 0.3358975 0.3268828 0.7010530 1.0113332 1.0128361 0.6025358 0.5576678 0.5492695 2.0559174 2.1794102 1.7451293 1.7278890 1.0614625 1.7998775 1.8197622 2.2969496 1.7944071 2.0366400 3.6418046 1.8886843 1.8283969 2.6852047 1.7843193 1.4702548 1.8697159 1.9594195 1.6752622 2.0311168 2.0168770 2.0473396 2.0653758 2.0265835 1.8250407 2.1053983 1.7966287 1.6034670 1.6060154 1.7061000 1.9303520 1.7093541 2.0142995 2.3996793 1.9982605 1.6914128 2.0460476 1.9988586 1.7500432 1.8782380 1.8926235 2.0618336 1.7520882 1.5116904 2.0110370 1.8577392 2.0911275 1.7986250 1.8971890 1.9435958 1.7122075 2.0574230 2.2434986 
Bolinf_Binf_sb1239106                                            0.3254501 0.0000010 0.0213705 1.1728650 0.0213705 1.1728650 0.0221065 0.3254501 1.1728650 0.0213705 0.0221065 0.0520530 0.3254501 0.3371874 0.2976958 0.0520530 0.0213705 0.0000000 0.1459280 0.2521511 0.3022622 0.4204633 0.4720609 0.4705793 1.3841150 0.5012373 0.4799751 0.4790987 0.3893177 0.3893177 0.3893177 1.0855291 1.5335096 1.5377840 0.6997146 0.6632897 0.6598374 1.3227107 2.0193683 2.0003449 1.9648572 0.0000010 2.0239092 2.0547572 2.2699618 2.1005942 1.8665970 3.7103332 2.2554621 2.1685748 2.4359363 2.1460317 2.9004830 2.1595112 2.1532902 1.9633288 2.2738093 2.2791522 2.2961596 2.2972983 2.2679935 2.1070305 2.6178138 2.0587643 1.8060656 2.4911792 1.9652091 2.2185128 2.3550123 2.5547609 3.6131269 2.4472300 2.5412113 2.5655139 2.3046632 2.3748074 2.3301620 1.9818200 2.3102875 2.1408702 1.4923861 2.3987329 2.2145914 2.3088862 1.5979170 2.1402561 2.3810494 2.0289976 2.3377792 3.3075072 
Mlei_ML1893.g2.i1                                                0.3807283 3.4011779 0.2675706 0.7248413 0.2680475 0.7121738 0.2747423 0.3801011 0.1391082 0.1184736 0.1210952 0.1268112 0.2041179 0.2652099 0.2164259 0.1244010 0.1083847 0.1459280 0.0000000 0.1806031 0.2025786 0.3192974 0.3513948 0.3461487 0.4661955 0.4069187 0.5496375 0.3910302 0.3383462 0.2957042 0.3697102 0.7657551 0.9646885 0.9661100 0.6946876 0.6589332 0.6507404 0.8243880 1.4029298 1.5643598 1.5457866 0.9327398 1.6547742 1.6698608 1.5511373 1.6495566 1.4853419 1.3138691 1.7147545 1.6690235 1.2662709 1.5190371 1.2432346 1.6762088 1.6671480 1.4613717 1.7033982 1.6548517 1.6754740 1.7468785 1.7319004 1.6005882 1.8136111 1.6622137 1.4840645 1.3258970 1.5449980 1.6857178 1.4508404 1.8252759 2.0774907 1.6504134 1.4139323 1.7674256 1.7932257 1.5303956 1.5952617 1.6406070 1.8557549 1.7879327 1.4271405 1.7550419 1.6491384 1.8568290 1.5222349 1.6781201 1.9814398 2.0813808 1.7087563 1.6864306 
Beraby_Baby_sb328368                                             0.4513091 3.1296757 0.3847022 0.8686126 0.3840462 0.8508586 0.3956835 0.4499703 0.2258464 0.2174809 0.2233374 0.2265232 0.2694534 0.3126877 0.2881069 0.2541756 0.2390186 0.2521511 0.1806031 0.0000000 0.0079114 0.3217799 0.3727628 0.3550735 0.6811257 0.4623419 0.6162914 0.4509799 0.3980750 0.3523930 0.4285420 0.8210291 1.0396195 1.0411558 0.7440431 0.7377816 0.7109924 0.8629859 1.4850980 1.6603341 1.6475381 0.9839925 1.7636752 1.7837689 1.5667521 1.7234943 1.5769975 1.3467194 1.7957226 1.7523981 1.2266514 1.5754461 1.3551533 1.7637830 1.8120816 1.5345976 1.8287599 1.8211184 1.8437553 1.8801069 1.8344721 1.7235918 1.9573949 1.7615914 1.5053167 1.3910576 1.6071659 1.7581694 1.5797006 1.9546819 2.2945027 1.6337029 1.4265318 1.7921506 1.8232303 1.6663536 1.6890586 1.6580062 1.9954330 1.9023528 1.5018252 1.8735005 1.6809115 1.8556129 1.6036716 1.7826032 1.9879392 2.0512081 1.7742683 1.7572219 
Beraby_Baby_sb328369                                             0.4998975 3.1296757 0.4281254 0.8686126 0.4269704 0.8508586 0.4269704 0.4979400 0.2258464 0.2432511 0.2432511 0.2265232 0.2976376 0.3126877 0.2881069 0.2541756 0.2701803 0.3022622 0.2025786 0.0079114 0.0000000 0.3680658 0.3973493 0.3836735 0.6669162 0.5127867 0.6977132 0.5154801 0.4438833 0.3957551 0.4760436 0.7880505 0.9909454 0.9909454 0.7644211 0.7377816 0.7109924 0.8629859 1.4850980 1.7189496 1.7096488 0.9839925 1.8135909 1.8385002 1.6672703 1.7609786 1.5769975 1.4174717 1.8657521 1.8262349 1.1267920 1.6044054 1.3551533 1.8430952 1.8188164 1.6095531 1.9017814 1.9060481 1.9309372 1.9171761 1.8865317 1.7842866 1.9932764 1.8069945 1.5031330 1.3910576 1.6077318 1.7892455 1.5722008 1.9546819 2.3385399 1.6756197 1.4265318 1.8151821 1.8766902 1.6663536 1.6907534 1.6982876 2.0324082 1.9645416 1.5392574 1.9169261 1.6714458 1.8848070 1.6774700 1.8353003 2.0198442 2.0512081 1.8064427 1.7572219 
Lampan_Lpan_9378_01                                              0.3060846 0.0000010 0.3383554 0.2121757 0.3383554 0.2121757 0.3466090 0.3060846 0.2121757 0.3383554 0.3466090 0.3623648 0.3060846 0.3719800 0.3772872 0.3699469 0.3406052 0.4204633 0.3192974 0.3217799 0.3680658 0.0000000 0.4570451 0.4392946 1.0531844 0.3284884 0.3487707 0.3333027 0.3712301 0.3712301 0.3712301 0.7723165 0.8914151 0.8928070 0.6095393 0.5639078 0.5463609 2.0206720 1.8560482 1.8964107 1.8907822 0.0000010 2.0040716 2.0367799 2.5732761 2.0831980 1.9813887 4.2506622 2.1200650 2.0357765 3.2500187 1.9962123 1.9372638 2.0950893 2.3298703 1.8190801 2.2197091 2.3080253 2.3774649 2.3508142 2.2904084 2.1661108 2.5548786 2.1883920 1.8441136 1.8518831 1.8892952 2.0011280 2.0114585 2.1667597 2.8197057 2.1510367 2.1477431 2.2967499 2.4062233 2.1386624 2.3285167 2.1129711 2.4384050 2.0601453 1.7376783 2.2011287 2.2134806 2.4655780 1.7672862 2.1449794 2.1472777 1.7640749 2.5490868 2.6179810 
Pbac_sb2653726                                                   0.5834303 4.2696913 0.5616761 0.9467145 0.5599925 0.9306987 0.5799299 0.5815343 0.3090034 0.3622229 0.3737160 0.3701047 0.3798694 0.4327039 0.4194167 0.3791594 0.3707914 0.4720609 0.3513948 0.3727628 0.3973493 0.4570451 0.0000000 0.0218561 0.7836367 0.4672215 0.5976454 0.4118821 0.5226007 0.4684030 0.5624695 0.9081246 0.8643264 0.8715704 0.7572163 0.7335219 0.7251045 1.2194283 1.6899452 1.6894877 1.6615419 1.0481296 1.6945512 1.7159933 1.6631094 1.7007911 1.6544959 1.6193119 1.7880549 1.7681068 1.5783995 1.6113837 1.4511127 1.6792579 1.7929997 1.5783838 1.8471016 1.8688466 1.9020577 1.8769295 1.8974270 1.8512097 1.9032516 1.6842551 1.5593121 1.5283281 1.6948602 1.6300896 1.6401088 1.7714803 2.0653763 1.6443870 1.6072098 1.8333807 1.9472776 1.6659781 1.7553583 1.6399188 1.9610365 1.9125964 1.6155277 1.8260487 1.8104785 1.8384487 1.4951503 1.8032266 2.0235202 2.0540596 1.9334804 1.8603347 
Horcal_Hcv1.av93.c3.g460.i2                                      0.5730983 4.2476753 0.5622021 0.9537749 0.5605116 0.9375055 0.5804914 0.5713103 0.3082945 0.3612438 0.3726832 0.3733455 0.3710614 0.4442029 0.4165324 0.3835926 0.3700047 0.4705793 0.3461487 0.3550735 0.3836735 0.4392946 0.0218561 0.0000000 0.7614724 0.4572888 0.5799852 0.3953152 0.5138664 0.4596314 0.5536975 0.8993520 0.8289607 0.8360196 0.7370864 0.7288453 0.7189425 1.1960414 1.6195303 1.6348611 1.6075999 1.0110825 1.6496070 1.6704079 1.5943760 1.6574915 1.6583224 1.6715532 1.7411230 1.7179049 1.5172645 1.5721497 1.4253816 1.6483921 1.7651956 1.5197841 1.8092499 1.8435381 1.8763491 1.8718993 1.8812926 1.7911169 1.8456729 1.6281326 1.4811879 1.4981753 1.6704597 1.6040112 1.6213903 1.6982582 1.9879805 1.5960296 1.5702139 1.7882415 1.8825617 1.6302782 1.6961737 1.5982376 1.9069084 1.8758936 1.5993866 1.8071989 1.7817884 1.7803135 1.4485402 1.7266699 2.0144308 2.0545133 1.8769122 1.8278363 
Vmul_sbMO459167                                                  1.0319666 3.4011779 0.9429322 0.7532333 0.9355581 0.7395527 0.9270345 1.0233005 0.1500563 0.6207737 0.6085591 0.4345151 0.6825759 1.1097271 0.8660480 0.5065077 0.7062234 1.3841150 0.4661955 0.6811257 0.6669162 1.0531844 0.7836367 0.7614724 0.0000000 1.0298001 1.2680382 1.0795762 0.9932706 0.9713748 1.0185700 1.1713572 1.3050326 1.3142829 1.2998597 1.0492914 0.9991962 1.2357810 1.5360725 2.0584033 2.0071750 0.9327398 2.1608320 2.1203503 2.1209511 2.1180253 1.5290420 1.4459044 2.0086588 2.0336093 1.3504723 2.0532627 1.2432346 2.1239274 2.3018741 2.0134301 2.2481794 2.1512822 2.1910900 2.3361691 2.2534934 2.0844170 2.2334579 2.2149049 2.0093341 1.4413789 2.0133912 2.2157503 1.7429959 2.2142383 2.3537556 2.1369200 1.6642785 2.3615100 2.3813920 1.6501192 2.3085723 2.2577579 2.6397083 2.4564608 2.0065873 2.2385829 2.0824229 2.2918799 2.2561911 2.2557266 2.7072086 2.5986132 2.2908756 1.9163330 
Vmul_sbMO459552                                                  0.4866106 0.0000010 0.4668980 0.5609000 0.4668980 0.5609000 0.4843889 0.4866106 0.5609000 0.4668980 0.4843889 0.5098129 0.4866106 0.4831597 0.4526251 0.5027015 0.4520117 0.5012373 0.4069187 0.4623419 0.5127867 0.3284884 0.4672215 0.4572888 1.0298001 0.0000000 0.3283589 0.2753712 0.4461322 0.4545721 0.4461322 0.7986545 0.8444805 0.8510651 0.6561319 0.6196864 0.5953605 2.3366189 2.0173230 1.8142710 1.8238489 1.0645416 1.8359930 1.8645087 2.3993625 1.9859151 2.0194875 4.6703408 2.0132580 1.9565943 3.6336686 1.8999568 1.6379203 1.9563020 1.9858428 1.6713038 2.0854946 2.0490699 2.0953013 2.0795926 2.0476670 1.9770154 2.2901018 2.0221687 1.8458710 1.7454849 1.9493085 1.9730757 1.8187375 2.0834708 2.6019628 2.0345538 1.9688623 2.0582010 2.2764810 1.9636126 1.9856557 1.9687464 2.1034983 1.8250816 1.7769239 2.0564609 1.9443984 2.1767262 1.7445515 1.9407621 2.0947646 1.7444953 2.2120030 2.2667885 
Coemet_Cmet_scaffold15835_01                                     0.6309297 8.9999985 0.6052460 1.3001950 0.6052460 1.3001950 0.6283732 0.6309297 1.2148031 0.5942397 0.6166137 0.7064099 0.6194463 0.4885949 0.4532677 0.5345418 0.4614996 0.4799751 0.5496375 0.6162914 0.6977132 0.3487707 0.5976454 0.5799852 1.2680382 0.3283589 0.0000000 0.0476286 0.5505170 0.4600646 0.5750967 0.9375559 0.6141739 0.6148952 0.8138503 0.7978720 0.7697872 2.7378872 2.6873429 1.9822372 1.9421840 2.5545807 1.9911224 2.0176851 2.8079739 2.0911608 2.5408323 5.6640371 2.1284468 2.0818879 4.6209107 1.9619152 2.1104054 2.1211365 2.3436311 1.8290649 2.1771834 2.1874051 2.2335429 2.2544179 2.2327205 2.2240496 2.5113885 2.2089483 2.0925124 2.2694817 2.1539225 2.0013435 1.9593433 2.1689415 2.6647089 2.2060718 2.2510695 2.2734949 2.5681579 2.3189903 2.2547243 2.0092717 2.2167308 1.8762913 2.0216665 2.3311702 2.2111254 2.4057266 1.8598530 2.0652360 2.1565036 2.0414663 2.4455288 2.7794987 
Coeast_Cast_sb807747                                             0.4566785 0.0000010 0.4264465 0.5218273 0.4264465 0.5218273 0.4428090 0.4566785 0.5218273 0.4264465 0.4428090 0.4806496 0.4566785 0.4970686 0.4634765 0.4786630 0.4271982 0.4790987 0.3910302 0.4509799 0.5154801 0.3333027 0.4118821 0.3953152 1.0795762 0.2753712 0.0476286 0.0000000 0.4183665 0.4183665 0.4183665 0.7542282 0.5576476 0.5582742 0.6414743 0.5877749 0.5535782 2.2472326 1.8818834 1.7772604 1.7168515 0.9860133 1.7514765 1.7801951 2.0276334 1.8316802 1.8969099 4.3358457 1.9187114 1.8743773 2.8259636 1.7929491 1.8020987 1.8842327 2.1383651 1.6228228 1.9881228 2.0353804 2.0837178 2.0921862 2.0521066 2.0409985 2.3615292 2.0315099 1.8341599 1.7469463 1.8481466 1.7582722 1.6820533 1.9294459 2.4265655 2.0440180 1.9822954 2.1104541 2.2810750 1.9441111 2.0530923 1.7524360 2.0588654 1.8633477 1.7014507 2.1471517 2.0446019 2.1892933 1.5890159 1.7930199 2.0837844 1.7241990 2.2359027 2.0703002 
Drygla_Dgla_sb308378                                             0.3833998 3.3647473 0.3842858 0.5394346 0.3842858 0.5394346 0.3926793 0.3833998 0.5751716 0.3913688 0.4001045 0.4136105 0.3903805 0.3618685 0.3205569 0.3413271 0.3268828 0.3893177 0.3383462 0.3980750 0.4438833 0.3712301 0.5226007 0.5138664 0.9932706 0.4461322 0.5505170 0.4183665 0.0000000 0.0000010 0.0162781 0.3510968 0.9604869 0.9618582 0.6775728 0.6051142 0.6077902 2.4737405 2.3017074 2.0071645 2.0000934 2.0323445 1.9984684 2.0169268 2.7773330 2.1024648 2.3685813 4.9049963 2.1237413 2.0558571 4.4955606 2.0367328 2.0935145 2.0686694 2.0826403 1.8695304 2.2190499 2.2056141 2.2589371 2.2916021 2.2498728 2.1713691 2.4325057 2.2108279 2.0580057 2.0366333 1.8579494 2.0513798 1.8934983 2.2108643 2.7803458 2.1915629 2.1463397 2.3187059 2.3479070 2.0533877 2.1793818 1.9983460 2.2275005 1.8815441 1.8068635 2.1198517 2.3556091 2.2894685 1.9471570 2.0288974 2.0399482 1.8684553 2.2122942 2.6231901 
Drygla_Dgla_sb308386                                             0.3464084 9.0000000 0.3468282 0.4139182 0.3418850 0.3912070 0.3493722 0.3415373 0.3992028 0.3439711 0.3514871 0.3529249 0.3435952 0.3618685 0.3205569 0.3405446 0.3358975 0.3893177 0.2957042 0.3523930 0.3957551 0.3712301 0.4684030 0.4596314 0.9713748 0.4545721 0.4600646 0.4183665 0.0000010 0.0000000 0.0058957 0.3753939 0.9604869 0.9618582 0.6490562 0.5650942 0.5647111 2.1568866 2.0562737 1.9578761 1.9354685 1.5755660 1.9412615 1.9604776 2.6060537 2.0710216 2.1653191 6.3485780 2.0918643 2.0075629 5.1554873 1.9893835 2.0755676 2.0220052 2.0251324 1.7628661 2.1654835 2.1427198 2.1991334 2.2464612 2.2004770 2.1352020 2.4393648 2.1836447 1.9930921 1.7453432 1.7328563 1.9483875 1.7291284 2.0952164 2.6720856 2.0920837 1.9929117 2.2695271 2.2729709 1.9099211 2.2243957 1.9628363 2.2238871 1.8695854 1.7160602 2.0737432 2.2933789 2.2271105 1.8486104 1.8922005 2.0248221 1.8109790 2.1414156 2.5995393 
Drygla_Dgla_sb308379                                             0.4185912 3.3084832 0.4198969 0.6612284 0.4139263 0.6358448 0.4230729 0.4126970 0.6736947 0.4223768 0.4318717 0.4527038 0.4210367 0.3618685 0.3205569 0.3413271 0.3268828 0.3893177 0.3697102 0.4285420 0.4760436 0.3712301 0.5624695 0.5536975 1.0185700 0.4461322 0.5750967 0.4183665 0.0162781 0.0058957 0.0000000 0.3078429 0.9604869 0.9618582 0.7414930 0.6840564 0.6925855 2.3864456 2.6531165 2.0979348 2.0910376 2.5775863 2.1002376 2.1194491 3.1296366 2.1959974 2.6764086 5.8266274 2.2475195 2.1786319 5.4159672 2.1368558 2.3145809 2.1808875 2.2127228 1.9263221 2.2922143 2.2812634 2.3342254 2.3728387 2.3341082 2.2135356 2.4946319 2.2870356 2.1527364 2.3201292 1.9635588 2.1611805 2.0237435 2.2849166 2.8602860 2.2147354 2.1834861 2.3692991 2.4201203 2.1636820 2.2860550 2.1217607 2.3590715 1.8815441 1.9187048 2.1551203 2.4182916 2.3864511 2.0106101 2.0906036 2.0739060 2.0849694 2.2963992 3.1280460 
Drygla_Dgla_sb308372                                             0.8128560 3.3084832 0.8080350 0.6845316 0.7981522 0.6583557 0.7821276 0.8030440 0.6974776 0.8129449 0.7969603 0.6133096 0.8177328 0.7752522 0.5922911 0.4976682 0.7010530 1.0855291 0.7657551 0.8210291 0.7880505 0.7723165 0.9081246 0.8993520 1.1713572 0.7986545 0.9375559 0.7542282 0.3510968 0.3753939 0.3078429 0.0000000 1.1831866 1.1992568 1.1461028 0.8134539 0.7205588 2.2278700 2.6734235 2.5458117 2.5907902 2.5775863 2.6064068 2.6155399 6.0319404 2.5808135 2.6764086 7.8189677 2.7685302 2.7484893 6.5309809 2.7892445 2.3145809 2.7481179 2.8498532 2.4465286 2.7335577 2.7801913 2.8437129 2.8185829 2.6658453 2.8106717 3.1727505 2.8644723 2.6100025 2.3680945 2.1424499 2.6064060 2.2328800 2.5246287 3.3117631 2.6110245 2.2245884 2.7263766 2.9172165 2.1015400 2.6295417 2.7058944 2.8125840 2.6108886 2.5398646 2.6942583 2.8339483 2.8857229 2.5809468 2.7157426 2.4962454 2.1364536 2.7500778 3.4224502 
Coeast_Cast_sb807745                                             1.0290645 0.0000010 1.0218308 0.5205511 1.0218308 0.5205511 0.9877516 1.0290645 0.5205511 1.0218308 0.9877516 0.8073229 1.0290645 1.0778868 0.8951278 0.8030107 1.0113332 1.5335096 0.9646885 1.0396195 0.9909454 0.8914151 0.8643264 0.8289607 1.3050326 0.8444805 0.6141739 0.5576476 0.9604869 0.9604869 0.9604869 1.1831866 0.0000000 0.0079551 1.1295660 0.8368494 0.7283553 2.2927890 1.6763180 2.3576863 2.3730118 0.9860133 2.3892935 2.3770211 3.6767014 2.2703218 1.6892791 7.8833117 2.5947219 2.3755799 3.7364937 2.2597574 1.8020987 2.4404180 2.5416214 2.0494889 2.9124046 2.9453844 2.9813659 3.1020236 2.9484786 2.4584665 2.7205818 2.6039627 2.5344646 1.9274983 2.0988996 2.1822782 2.1201088 2.2754287 2.7557550 2.6596339 2.0012091 2.3820136 2.5788473 1.8956186 2.6619275 2.3066006 2.5193776 2.2850467 2.2864398 2.8417508 2.4387219 2.5287788 2.1728263 2.5436251 2.4868862 2.1235075 2.6659523 2.1186279 
Coeast_Cast_sb807744                                             1.0305947 0.0000010 1.0233590 0.5205511 1.0233590 0.5205511 0.9892350 1.0305947 0.5205511 1.0233590 0.9892350 0.8073229 1.0305947 1.0778868 0.8951278 0.8030107 1.0128361 1.5377840 0.9661100 1.0411558 0.9909454 0.8928070 0.8715704 0.8360196 1.3142829 0.8510651 0.6148952 0.5582742 0.9618582 0.9618582 0.9618582 1.1992568 0.0079551 0.0000000 1.1313576 0.8368494 0.7283553 2.2927890 1.6763180 2.3330300 2.3481249 0.9860133 2.3631114 2.3509504 3.5291012 2.2467750 1.6892791 7.9688228 2.5662486 2.3500744 3.2667511 2.2544687 1.8020987 2.4659712 2.5354861 2.0684762 2.8801267 2.9099267 2.9453982 3.0809700 2.9279007 2.4348849 2.7124032 2.5817079 2.5509360 1.9274983 2.0855387 2.1709104 2.1032656 2.2754287 2.7464806 2.6455672 2.0012091 2.3750676 2.5721526 1.8956186 2.6540703 2.2910967 2.5079593 2.2732044 2.2590112 2.8394468 2.4335974 2.5174117 2.1401686 2.5065401 2.4693610 2.1235075 2.6402676 2.1186279 
Eupdun_Edun_sb10644230                                           0.7588670 6.3527018 0.7823116 1.0479062 0.7910147 1.0748296 0.7723864 0.7674239 0.8286518 0.7173537 0.6983238 0.7140688 0.6958156 0.5917521 0.5482475 0.5951237 0.6025358 0.6997146 0.6946876 0.7440431 0.7644211 0.6095393 0.7572163 0.7370864 1.2998597 0.6561319 0.8138503 0.6414743 0.6775728 0.6490562 0.7414930 1.1461028 1.1295660 1.1313576 0.0000000 0.0064667 0.0177865 2.4215247 2.4738818 1.9913282 2.0410203 2.0211071 2.1570331 2.1934871 3.1727421 2.0760788 2.4039312 3.6950705 2.1837299 2.1602166 3.3952743 2.0290243 2.0161007 2.0334763 2.1276883 1.7959710 2.2442220 2.2811729 2.2992892 2.2285505 2.2468425 2.1399604 2.2511937 2.2922106 2.1373212 2.1492355 1.9706770 2.1957509 2.1545395 2.0753373 2.4619499 2.2561700 2.1108474 2.3199663 2.4803814 2.0517273 2.1477314 2.1695954 2.3079686 1.9810276 1.8998666 2.4136123 2.3328506 2.3258804 2.1698828 2.1010329 2.0640286 1.9108230 2.4624296 2.5816177 
Eupdun_Edun_sb10644231                                           0.7327714 6.3527018 0.7761405 0.9922777 0.7870421 1.0188095 0.7870421 0.7434107 0.7818102 0.6955825 0.6955825 0.7007855 0.6560795 0.5401327 0.5303699 0.5787497 0.5576678 0.6632897 0.6589332 0.7377816 0.7377816 0.5639078 0.7335219 0.7288453 1.0492914 0.6196864 0.7978720 0.5877749 0.6051142 0.5650942 0.6840564 0.8134539 0.8368494 0.8368494 0.0064667 0.0000000 0.0070678 2.5165681 2.4738818 1.9289095 1.9610217 2.0211071 2.0524437 2.0747408 3.9926988 1.9720420 2.4039312 4.2976859 2.0679805 2.0663228 3.4960648 1.8897780 2.0161007 2.0158780 2.0642570 1.6989910 2.1674784 2.2755412 2.2982435 2.0794716 2.0737049 2.1524399 2.2956295 2.2531938 1.9080750 2.1492355 1.8961182 1.9681947 1.8541246 1.9028586 2.5753053 2.2269790 2.1108474 2.1547385 2.4354426 2.0517273 1.9992157 2.0792154 2.1851486 1.7730002 1.7253920 2.2915562 2.1599164 2.2799145 2.0582191 2.0925487 1.8859084 1.7115802 2.2510256 2.4785140 
Eupdun_Edun_sb10644232                                           0.7180151 6.3527018 0.7812281 1.0513722 0.7927669 1.0792174 0.7927669 0.7292065 0.8248460 0.6958412 0.6958412 0.6699427 0.6381877 0.5027635 0.4790664 0.5396861 0.5492695 0.6598374 0.6507404 0.7109924 0.7109924 0.5463609 0.7251045 0.7189425 0.9991962 0.5953605 0.7697872 0.5535782 0.6077902 0.5647111 0.6925855 0.7205588 0.7283553 0.7283553 0.0177865 0.0070678 0.0000000 2.5165681 2.4738818 1.8744931 1.9145208 2.0211071 1.9800412 1.9694405 4.1426667 1.9332657 2.4039312 4.2976859 2.0394599 1.9886100 3.4960648 1.8538787 2.0161007 2.0024082 1.9956239 1.7443726 2.1571188 2.1707823 2.1941522 2.0897032 2.0993974 2.0563831 2.2626372 2.2235344 1.9067335 2.1492355 1.8855619 1.9155635 1.8635061 1.8744721 2.4332696 2.2124246 2.1108474 2.1318733 2.3438909 2.0507050 1.9541840 2.0268401 2.1364370 1.7760864 1.6743116 2.1674239 2.0923920 2.2978524 2.1614392 2.0399145 1.8521759 1.7115802 2.2128042 2.5377693 
Eupdun_Edun_sb10634244                                           2.3667048 3.2450610 2.3124406 3.1257022 2.2281298 2.8795630 2.2281298 2.2785378 0.3340133 0.8092849 0.8092849 0.7708468 0.8239886 1.8308038 1.8308038 2.2209906 2.0559174 1.3227107 0.8243880 0.8629859 0.8629859 2.0206720 1.2194283 1.1960414 1.2357810 2.3366189 2.7378872 2.2472326 2.4737405 2.1568866 2.3864456 2.2278700 2.2927890 2.2927890 2.4215247 2.5165681 2.5165681 0.0000000 1.0346261 1.3858028 1.4065957 0.8508421 1.3752617 1.3752617 0.7860590 1.4258966 1.2847919 0.8570471 1.5661659 1.4723175 0.8508421 1.3353047 1.2179835 1.5502306 1.7054000 1.3939555 1.5990835 1.6066938 1.6066938 1.6587161 1.6719392 1.4413434 1.5765790 1.5227193 1.5947030 1.6231850 1.8861340 1.7816948 1.5742949 1.7485002 1.6661678 1.4495572 1.3732374 1.5734789 1.6774525 1.8041828 1.7133595 1.3147636 1.6804763 2.7109541 1.4943890 1.5814801 1.3136960 1.6630381 1.5401872 1.6722943 2.2688071 4.5434774 1.6254034 1.4192516 
Adig_XM_015916027.1                                              3.1361244 5.1841104 3.0068991 4.8553050 2.9345161 4.5583776 2.9345161 3.0575565 0.8948006 1.4680805 1.4680805 1.4680805 1.5085885 2.2776369 2.2776369 2.2633615 2.1794102 2.0193683 1.4029298 1.4850980 1.4850980 1.8560482 1.6899452 1.6195303 1.5360725 2.0173230 2.6873429 1.8818834 2.3017074 2.0562737 2.6531165 2.6734235 1.6763180 1.6763180 2.4738818 2.4738818 2.4738818 1.0346261 0.0000000 0.4029929 0.3512374 0.0177682 0.0850038 0.0781171 0.0177682 0.3331107 0.0127768 0.2598473 0.4030811 0.4146726 0.0177682 0.7092213 0.4398498 0.5809909 0.7978413 0.9595443 1.0377404 1.1203160 1.1353263 1.0032241 0.9747591 1.0450652 1.1878794 1.0882559 0.8908511 0.7252226 1.1043057 1.0300784 0.7440806 0.8816406 1.2203295 1.1245304 1.2488874 0.9865049 1.2530486 1.0951323 1.1901394 0.8786808 1.1883981 1.3952693 1.2097615 1.2571603 1.2597980 1.2264190 1.0150017 1.2428443 1.4407806 2.3928447 1.2906577 1.0000532 
Fspp_ffun1.m4.19565.m1                                           2.1797155 4.7723499 2.0579294 2.2124482 2.0570739 2.2085229 2.0993323 2.1783314 1.1243983 1.5819463 1.6051428 1.6069314 1.6724030 2.1906377 2.3417915 1.8351673 1.7451293 2.0003449 1.5643598 1.6603341 1.7189496 1.8964107 1.6894877 1.6348611 2.0584033 1.8142710 1.9822372 1.7772604 2.0071645 1.9578761 2.0979348 2.5458117 2.3576863 2.3330300 1.9913282 1.9289095 1.8744931 1.3858028 0.4029929 0.0000000 0.1902289 0.0843089 0.3504652 0.3450451 0.2564055 0.2775476 0.3714162 0.4261111 0.3126479 0.2812872 0.2725998 0.7469385 0.5224501 0.7028243 1.1019932 0.8975875 1.1445386 1.1879720 1.1877007 1.0593418 1.0352406 1.2959464 1.2975978 1.1274996 1.1280568 1.0086111 1.0387850 1.2785325 0.9214712 1.0076319 1.2730757 1.1301135 0.8496944 1.0564945 1.5171786 1.1045211 1.2534969 1.1681001 1.1269975 1.0843201 1.1679068 1.0812215 1.2780858 1.4116106 1.3043385 1.2671497 1.1315502 1.7121662 1.3592914 1.4458546 
Gasp_gasp1.m3.9186.m1                                            2.1333228 4.7723499 2.0350074 2.2555736 2.0342457 2.2511734 2.0757824 2.1321381 1.1484713 1.5629769 1.5856069 1.5367518 1.6370159 2.1035535 2.1156357 1.7450822 1.7278890 1.9648572 1.5457866 1.6475381 1.7096488 1.8907822 1.6615419 1.6075999 2.0071750 1.8238489 1.9421840 1.7168515 2.0000934 1.9354685 2.0910376 2.5907902 2.3730118 2.3481249 2.0410203 1.9610217 1.9145208 1.4065957 0.3512374 0.1902289 0.0000000 0.0962264 0.3381016 0.3451339 0.2584552 0.2883630 0.3261889 0.4427069 0.3244419 0.3113608 0.2876151 0.7860068 0.5205184 0.7143455 1.1212747 0.9410221 1.2280139 1.2724218 1.2774180 1.1190098 1.0923522 1.2946856 1.3294307 1.1974850 1.1624340 1.0383575 1.0575406 1.3932018 0.8994374 1.0727671 1.3247074 1.1428914 0.8594151 0.9944316 1.4686792 1.1022604 1.1864839 1.2000721 1.1889635 1.0977670 1.2357838 1.1127692 1.2447185 1.4520551 1.3444831 1.3668252 1.1684755 1.7251795 1.3852369 1.4031998 
