87
Spolac_c98138_g1_i1_m.16530c98138-g1                   0.0000000 0.0956776 0.1572941 0.1364822 0.1647438 0.1475809 0.1475809 0.0000010 0.2482421 0.1001823 0.1728175 0.3925243 0.5157198 0.6579381 0.5433531 0.4864150 0.6153896 0.6153896 0.6736861 0.5540522 0.5051397 0.5779339 0.4912425 0.4887643 0.5779339 0.4593528 0.5214469 0.5222422 0.6014767 0.5756679 0.6307227 0.6108425 0.6071886 0.6586355 0.6685530 0.4463702 0.6111061 0.6157237 1.1627440 0.6649872 0.5087558 0.5085269 0.5153234 0.5153234 0.5276374 0.8674365 0.4763701 0.5738411 0.6046878 0.5421974 0.6152180 0.3496151 0.6205123 0.6228629 0.6942130 0.6421408 0.6876688 0.5659734 0.8860830 0.9230023 0.8251089 0.6793407 0.6793407 0.5855775 0.8873140 0.7341868 4.7361294 0.8018245 0.8018245 0.8046110 0.8046110 0.7801765 0.8046110 0.8102946 0.7319449 0.6205522 0.5414347 0.6404059 0.8948696 0.5851806 0.6676157 0.5854405 1.1468892 0.8043663 0.7113528 0.0000010 1.8158373 
Spolac_c98138_g1_i3_m.16532c98138-g1                   0.0956776 0.0000000 0.1633585 0.2570660 0.2559635 0.2830404 0.2903197 0.1265874 0.4867574 0.2328179 0.2725999 0.3424960 0.3900099 0.4739867 0.3205308 0.7326701 0.7080918 0.7454264 0.7073323 0.7459692 0.7080781 0.7966442 0.7502212 0.7276102 0.7739384 0.7307958 0.7162988 0.7277893 0.7712163 0.7184040 0.7120280 0.7807499 0.7400766 0.8501403 0.8290243 0.6125450 0.8033511 0.8724431 0.8869596 0.7620472 0.6754592 0.7088621 0.7308806 0.7503976 0.7266169 0.8639710 0.7188596 0.7380459 0.7912603 0.7904944 0.7388456 0.5279936 0.7244347 0.7395206 0.8544233 0.9655063 0.7911242 0.8680069 0.9667478 0.9653338 0.9731898 0.8486282 0.8486282 0.8147417 0.9558888 0.9082857 0.8805434 1.0160811 0.9025211 0.9604284 0.9401951 0.9455731 1.0814041 0.9389665 0.9960288 0.8566229 0.8689014 0.7960995 0.9603227 0.8861606 0.8601473 0.8826859 0.7684516 1.0047277 1.2281361 1.0511216 0.9999233 
Emue_Em0018g480a.t1                                    0.1572941 0.1633585 0.0000000 0.1541455 0.1534188 0.1749834 0.1875894 0.1744217 0.2631391 0.1723208 0.2290745 0.3342973 0.4098726 0.5018549 0.3070739 0.6931197 0.7231352 0.7385084 0.7448056 0.7593354 0.7272942 0.7575724 0.7150024 0.6902967 0.7355288 0.6889710 0.6891441 0.7051921 0.7699602 0.7438448 0.7187286 0.8147251 0.7397722 0.8192840 0.8049345 0.6031121 0.8032440 0.8316485 0.8368393 0.7358045 0.7330747 0.7561299 0.7801301 0.8075100 0.7777555 0.8948195 0.7442858 0.7641992 0.7712922 0.7106652 0.7246429 0.5843418 0.7511227 0.7288071 0.8546316 0.9571162 0.7855248 0.8995301 0.9207659 0.9167109 0.9334415 0.7979634 0.7979634 0.7796138 0.9053547 0.8757262 0.8519321 0.9464588 0.8333208 0.9120140 0.9115948 0.9199964 1.0253689 0.9122255 0.9755829 0.8334442 0.8813785 0.9212924 0.9204583 0.8663985 0.8942217 0.8783415 0.7168666 0.9478725 1.1862724 0.9803530 1.0303488 
Emue_Em0018g439a.t1                                    0.1364822 0.2570660 0.1541455 0.0000000 0.0201647 0.0236931 0.0205816 0.2558974 0.4394589 0.1936343 0.2411618 0.4237292 0.5027425 0.6154826 0.3270470 0.8007247 0.8360766 0.8409187 0.8131738 0.8833066 0.8001564 0.8357325 0.7881318 0.7781992 0.8107137 0.7345947 0.7669909 0.8284468 0.8932550 0.8674598 0.8699773 0.8864676 0.8511172 0.9160586 0.8893826 0.6616810 0.8999506 0.9127923 0.9228476 0.8329542 0.7665105 0.7913219 0.8172839 0.8468652 0.8107692 0.9554457 0.8156768 0.8121328 0.9091581 0.7922076 0.8763299 0.6624137 0.8572119 0.8944528 1.0471014 1.1665010 0.9550010 1.0432491 1.0744457 1.0784361 1.0622149 0.9396669 0.9396669 0.8601859 1.0322165 1.0201230 0.9310232 1.0822881 0.9741241 1.0509776 1.0508155 1.0598281 1.1489039 1.0632308 1.0916268 0.9778714 0.9752237 0.9703505 1.0081008 0.9439452 0.9444068 1.0093708 0.7741498 1.0710489 1.2896852 1.1338137 1.1545884 
Emue_Em0018g455a.t1                                    0.1647438 0.2559635 0.1534188 0.0201647 0.0000000 0.0324936 0.0416460 0.2558974 0.4386877 0.2021718 0.2377925 0.4213227 0.5026156 0.6156872 0.3550501 0.8284018 0.8651041 0.8642316 0.8360100 0.9072946 0.8302087 0.8704909 0.8218366 0.8124258 0.8447785 0.7630349 0.7909087 0.8505430 0.9162036 0.8924458 0.8950158 0.9097690 0.8727870 0.9313613 0.9046494 0.6755933 0.9152631 0.9280685 0.9396875 0.8483741 0.7700484 0.7947172 0.8204864 0.8498817 0.8140404 0.9543514 0.8160397 0.8347844 0.9233497 0.8065956 0.8941839 0.6881835 0.8783481 0.9230610 1.0693980 1.1737204 0.9743082 1.0852915 1.0820733 1.0860655 1.0637531 0.9419220 0.9419220 0.8796226 1.0336714 1.0216757 0.9473103 1.0921475 0.9850983 1.0526820 1.0525247 1.0614428 1.1583893 1.0648170 1.0925093 0.9893838 0.9884069 0.9892407 1.0421900 0.9531369 0.9878654 1.0464035 0.7362895 1.0780499 1.3025327 1.1751973 1.1520956 
Emue_Em0018g435a.t1                                    0.1475809 0.2830404 0.1749834 0.0236931 0.0324936 0.0000000 0.0458626 0.2558974 0.4652988 0.2120555 0.2593804 0.4524062 0.5314150 0.6570295 0.3456060 0.8446799 0.8730401 0.8868502 0.8646286 0.9226021 0.8462086 0.8798284 0.8348628 0.8289071 0.8428220 0.7806018 0.8091123 0.8803053 0.9016787 0.9149929 0.9176660 0.9113505 0.9099638 0.9522449 0.9248864 0.7147062 0.9377221 0.9462673 0.9832930 0.8567363 0.8062178 0.8277956 0.8586912 0.8750164 0.8274590 0.9898830 0.8487263 0.8476771 0.9421373 0.8241064 0.9141824 0.7233584 0.8984533 0.9498459 1.0826460 1.1500794 1.0106884 1.0854724 1.1202918 1.1244821 1.0870554 0.9635110 0.9635110 0.9423786 1.0570498 1.0568083 1.0143377 1.1298194 0.9939559 1.0770317 1.0909809 1.1001592 1.2134251 1.0961587 1.1190353 1.0071629 1.0021228 1.0056400 1.0441947 0.9805406 1.0129154 1.0712557 0.7613347 1.0948483 1.2993092 1.2311399 1.1952305 
Emue_Em0297g2a.t1                                      0.1475809 0.2903197 0.1875894 0.0205816 0.0416460 0.0458626 0.0000000 0.2558974 0.4915259 0.2273613 0.2839788 0.4551054 0.5439485 0.6654907 0.3456060 0.8745623 0.8391584 0.8977193 0.8768514 0.9501334 0.8628632 0.9061839 0.8558630 0.8468765 0.8794538 0.8036381 0.8377650 0.8987865 0.8957838 0.9412864 0.9440542 0.9480312 0.9253415 0.9589928 0.9315379 0.7144763 0.9425004 0.9555724 0.9861521 0.8902676 0.8300357 0.8494286 0.8751454 0.9064436 0.8687889 1.0309053 0.8849804 0.8830655 0.9809260 0.8583265 0.9305338 0.7264732 0.9113835 0.9595978 1.1209580 1.1456847 1.0317749 1.1243650 1.1502087 1.1545686 1.1365129 1.0086775 1.0086775 0.9924931 1.0948015 1.1023492 1.0577666 1.1630986 1.0523175 1.1216214 1.1215727 1.1310119 1.2368013 1.1386345 1.1674885 1.0131786 1.0105398 1.0585936 1.0781889 1.0016529 0.9945412 1.0343118 0.7613347 1.1323326 1.2888213 1.2505017 1.1447432 
Spolac_c98138_g1_i2_m.16531c98138-g1                   0.0000010 0.1265874 0.1744217 0.2558974 0.2558974 0.2558974 0.2558974 0.0000000 0.1744217 0.2319426 0.2648562 0.2325280 0.2958239 0.3084268 0.2977083 0.5603126 0.4618748 0.4618748 0.5216006 0.6367725 0.5274419 0.5958416 0.5958416 0.5958416 0.5958416 0.5180766 0.5497341 0.5722499 0.4413533 0.4261267 0.4185702 0.3807410 0.5225567 0.6145352 0.6145352 0.5568064 0.6102289 0.6213762 0.5981267 0.5340109 0.5137604 0.5137604 0.5489776 0.5489776 0.5633782 0.5866598 0.5866598 0.5848030 0.6068606 0.5970922 0.6000880 0.5641951 0.6490945 0.6686515 0.6126427 0.6403388 0.6796034 1.2142386 0.7918734 0.7918734 0.6894725 0.6383334 0.6383334 0.6463065 0.6875166 0.8239444 0.6575734 0.6331909 0.6331909 0.6871873 0.6871873 0.6871873 0.6871873 0.6801221 0.7436773 0.5749069 0.6521492 0.7324144 0.6728287 0.6372099 0.5723913 0.6996598 0.5894482 0.6560207 0.5920361 0.6928004 0.7929546 
Emue_Em0018g469a.t1                                    0.2482421 0.4867574 0.2631391 0.4394589 0.4386877 0.4652988 0.4915259 0.1744217 0.0000000 0.5317416 0.4000750 0.5682962 0.8101743 0.8919915 0.3347064 1.0299363 1.0098679 1.0463952 1.1187446 1.0309278 0.9815970 1.0621502 1.0198129 0.9781778 1.0288094 1.0241456 0.9868677 0.9950972 1.1688109 1.0063764 0.9816612 1.0938723 0.9598240 1.1642080 1.1708014 0.6234419 1.1808995 1.1645240 1.0378798 1.0336230 1.0439408 1.0805577 1.1072464 1.1214200 1.0966540 1.2273084 1.0187802 1.1109773 1.0943262 1.0738795 0.9825110 0.6043740 1.0417667 1.0461933 1.1490834 1.4019257 1.1103100 1.3179332 1.3526687 1.3497011 1.3698595 1.2074265 1.2074265 0.7743032 1.3450286 1.2420342 0.8463119 1.1312558 1.0358067 1.3574939 1.3492002 1.3595443 1.1661302 1.3300093 1.3265351 1.2074195 1.1572604 1.2837280 1.2134417 1.1920382 1.0319390 1.1236798 0.7382500 1.4210218 1.5781568 0.9731055 1.4818085 
Emue_Em0018g445a.t1                                    0.1001823 0.2328179 0.1723208 0.1936343 0.2021718 0.2120555 0.2273613 0.2319426 0.5317416 0.0000000 0.0832413 0.4215898 0.4304488 0.5833162 0.3318340 0.7540721 0.8019762 0.8080314 0.7612829 0.8556295 0.7648974 0.8102250 0.7727671 0.7537368 0.8024895 0.7188906 0.7310080 0.7967546 0.8671380 0.8490161 0.8490477 0.8544288 0.7886380 0.8732993 0.8558250 0.6344424 0.8413034 0.8909402 0.8826332 0.8375420 0.7284237 0.7554186 0.7688366 0.7959685 0.7788772 0.8993637 0.7600289 0.7889675 0.8774246 0.8110556 0.8359602 0.6637820 0.8393095 0.8760435 0.9666598 1.0927438 0.9044489 1.0073616 1.0107494 1.0283170 0.9759694 0.8374752 0.8374752 0.7570249 0.9273410 0.9445917 0.8995405 1.0078291 0.8972455 0.9929534 0.9926902 1.0011960 1.1321624 0.9773575 1.0387674 0.9306465 0.9768978 0.9256644 0.9845978 0.8973874 0.8952652 0.9619678 0.7729716 1.0902234 1.3141875 1.1494574 1.0829225 
Emue_Em0018g478a.t1                                    0.1728175 0.2725999 0.2290745 0.2411618 0.2377925 0.2593804 0.2839788 0.2648562 0.4000750 0.0832413 0.0000000 0.4420304 0.4619272 0.6102749 0.3221795 0.6821199 0.7533584 0.7984820 0.6972928 0.8676042 0.7391106 0.7954215 0.7635095 0.7414192 0.7900996 0.6914521 0.6651385 0.7195252 0.7811072 0.7779665 0.7663916 0.7754952 0.7199633 0.8408199 0.8253400 0.6329812 0.8070084 0.8311385 0.8921818 0.7716041 0.7232468 0.7389963 0.7544917 0.7544917 0.7432305 0.8611694 0.7012402 0.7588397 0.8238308 0.7985342 0.7720989 0.6224756 0.7899794 0.8504334 0.8922158 1.0770201 0.8669975 0.9826354 1.0091560 1.0291617 0.9912159 0.8583378 0.8583378 0.8042453 0.9444692 0.9712316 0.9296819 0.9492026 0.9576515 0.9840832 0.9910217 1.0034272 1.0812446 0.9693171 1.0663380 0.8887136 0.9349485 0.8911871 0.9625388 0.8548137 0.8053293 0.9149480 0.7234370 1.1558384 1.2055553 1.1133857 1.2108091 
Emue_Em0018g482a.t1                                    0.3925243 0.3424960 0.3342973 0.4237292 0.4213227 0.4524062 0.4551054 0.2325280 0.5682962 0.4215898 0.4420304 0.0000000 0.4679424 0.5751338 0.3898507 0.8645470 0.7886955 0.8236455 0.7607192 0.8246955 0.7286778 0.8609488 0.8458625 0.8458625 0.8374401 0.7967302 0.8366135 0.8470212 0.9486728 0.8917106 0.8312630 0.9053513 0.8221442 0.7968007 0.7781210 0.5893227 0.7688697 0.8454146 0.8534117 0.7193193 0.7594834 0.7777870 0.8068961 0.8158569 0.8213181 0.9187714 0.8183765 0.7559614 0.7919947 0.8186613 0.7847911 0.6264725 0.7676774 0.8225003 0.8601865 0.9801484 0.8597905 0.9448664 0.9489526 0.9426068 0.9981881 0.9207660 0.9207660 0.8776061 0.9607708 0.9751733 0.9345340 1.0178125 0.9328097 1.0346071 1.0572125 1.0458695 1.0761192 0.9583166 1.0276959 0.8742771 0.9423024 1.0210035 0.9337736 0.8744354 0.8766947 0.9446033 0.8072839 1.0699553 1.2549592 1.2114193 1.0055438 
Stycar_maker-SC_scaffold4147-snap-gene-0.57-mRNA-1     0.5157198 0.3900099 0.4098726 0.5027425 0.5026156 0.5314150 0.5439485 0.2958239 0.8101743 0.4304488 0.4619272 0.4679424 0.0000000 0.3175674 0.3296914 0.6301543 0.6848980 0.6913793 0.6177637 0.7268447 0.6574049 0.7617642 0.7306684 0.6931068 0.7248483 0.6806451 0.6342588 0.7242096 0.7569240 0.7217776 0.6920238 0.7196041 0.7145272 0.6656505 0.6928832 0.4868626 0.6931472 0.7048413 0.7455877 0.6396006 0.6626280 0.6740499 0.6684463 0.6858040 0.6883255 0.7913531 0.6601684 0.7181644 0.7647475 0.7359672 0.6992826 0.5827713 0.6879190 0.7442319 0.7483998 0.9413486 0.6831701 0.7466112 0.9170439 0.9066397 0.9854854 0.8208200 0.8208200 0.7964335 0.9015158 0.8409174 0.9152102 1.0063983 0.8749823 0.8569212 0.8667635 0.8695887 0.9979202 0.8310307 0.9326772 0.7747165 0.7666301 0.8608625 0.7945133 0.7408989 0.8058834 0.7960206 0.8013135 0.9499359 1.1099228 1.0145093 0.7200820 
Tetwil_g11575.t1                                       0.6579381 0.4739867 0.5018549 0.6154826 0.6156872 0.6570295 0.6654907 0.3084268 0.8919915 0.5833162 0.6102749 0.5751338 0.3175674 0.0000000 0.3798110 0.7218185 0.7226241 0.7339659 0.7499561 0.8074208 0.7789300 0.8177749 0.7784271 0.7305744 0.8056205 0.7132941 0.6620266 0.7034608 0.7711342 0.7670917 0.7328073 0.7933202 0.7825553 0.7805545 0.7789739 0.5558695 0.8027909 0.7940709 0.8816462 0.6921262 0.6924772 0.7107568 0.7080306 0.7449940 0.7476601 0.8087613 0.7012946 0.8372909 0.7237773 0.7773520 0.6678168 0.5360291 0.7139630 0.7014478 0.8001238 0.9502351 0.8196502 0.9170365 0.9103682 0.8902860 1.0135021 0.9593456 0.9593456 0.9281831 0.9799347 0.8858732 0.9311574 1.0820564 0.9187941 0.8897325 0.8695183 0.8914924 1.0475942 0.8109032 0.9691551 0.8573731 0.8941947 0.9514287 0.9004091 0.8008637 0.9186632 0.9231150 0.7692903 0.9522536 1.0784679 0.9798823 0.5044024 
Lcom_lcpid184046                                       0.5433531 0.3205308 0.3070739 0.3270470 0.3550501 0.3456060 0.3456060 0.2977083 0.3347064 0.3318340 0.3221795 0.3898507 0.3296914 0.3798110 0.0000000 0.2554915 0.2592618 0.2592618 0.2714399 0.2818916 0.2913994 0.3126797 0.3126797 0.3126797 0.3126797 0.2787633 0.2898784 0.3385082 0.3058439 0.2975825 0.3376747 0.3609954 0.3130970 0.2633728 0.2633728 0.2677935 0.2743958 0.2964101 0.5172726 0.2943653 0.3331887 0.3331887 0.3331887 0.3331887 0.3460456 0.3331887 0.3331887 0.3278456 0.3537900 0.3668212 0.3324655 0.3344417 0.3341272 0.3357608 0.3253046 0.3347692 0.4447625 0.3265050 0.4183563 0.4041697 0.4172740 0.3757051 0.3757051 0.3412816 0.3997012 0.3756061 0.3133410 0.3616430 0.3616430 0.3378261 0.3378261 0.3378261 0.3378261 0.3594268 0.3800486 0.3494595 0.3221008 0.3729473 0.3346503 0.2886143 0.4595480 0.4122995 0.6094054 0.4726363 0.4830157 0.2409424 0.7311472 
Bralan_BLAG07000055_1                                  0.4864150 0.7326701 0.6931197 0.8007247 0.8284018 0.8446799 0.8745623 0.5603126 1.0299363 0.7540721 0.6821199 0.8645470 0.6301543 0.7218185 0.2554915 0.0000000 0.4388015 0.4186217 0.3990169 0.4248820 0.3861065 0.3985454 0.3845782 0.3783886 0.4112197 0.4630091 0.4256064 0.4247465 0.4728618 0.4741929 0.4395609 0.4554812 0.4218413 0.5528742 0.5546686 0.5042542 0.6060836 0.5343796 0.6865281 0.4987070 0.4491684 0.4790563 0.4560473 0.4884473 0.4839021 0.5746304 0.4768772 0.4892403 0.5232516 0.5829576 0.6055214 0.4893158 0.5666117 0.6124088 0.6087091 0.7124948 0.4198623 0.4785995 0.5665446 0.5654389 0.6087687 0.5845255 0.5845255 0.5946611 0.6083251 0.6141657 0.6053090 0.7648373 0.6539945 0.6164450 0.6061326 0.5880107 0.7603668 0.5603743 0.7060210 0.6557692 0.6258382 0.6546256 0.6390603 0.5917881 0.6691312 0.5794671 0.6329636 1.0513571 1.1703196 0.6967874 1.2682706 
Hsap_ENST00000570054                                   0.6153896 0.7080918 0.7231352 0.8360766 0.8651041 0.8730401 0.8391584 0.4618748 1.0098679 0.8019762 0.7533584 0.7886955 0.6848980 0.7226241 0.2592618 0.4388015 0.0000000 0.0230530 0.3977228 0.4277168 0.4522558 0.4818701 0.4672378 0.4587483 0.4757085 0.4974981 0.4479980 0.4910439 0.6296464 0.4783270 0.4966463 0.4761470 0.3176058 0.5199078 0.5362106 0.3869723 0.5369781 0.5202251 0.6124999 0.4560057 0.5121983 0.5339018 0.5072714 0.5127061 0.5571169 0.5927829 0.5049060 0.4586406 0.5863472 0.5922951 0.6231167 0.4136636 0.6255223 0.5952818 0.6300534 0.6687194 0.4485217 0.5036907 0.6859384 0.6824017 0.7099580 0.7322220 0.7322220 0.5895956 0.7220411 0.6999285 0.5807626 0.8616972 0.7304264 0.6695806 0.6632048 0.6685978 0.8132686 0.6902709 0.7305829 0.6449017 0.6886961 0.6613559 0.6507829 0.5475738 0.6529297 0.5962466 0.6126166 1.0833435 0.9978694 0.6910657 1.1109921 
Hsap_ENST00000254950                                   0.6153896 0.7454264 0.7385084 0.8409187 0.8642316 0.8868502 0.8977193 0.4618748 1.0463952 0.8080314 0.7984820 0.8236455 0.6913793 0.7339659 0.2592618 0.4186217 0.0230530 0.0000000 0.3825084 0.4288835 0.4589799 0.4828727 0.4674588 0.4597517 0.4839978 0.4784770 0.4346037 0.4581855 0.5826859 0.4533157 0.4693701 0.4698484 0.3091462 0.5078256 0.5236293 0.4271160 0.5433064 0.5193476 0.6155450 0.4329788 0.4891670 0.5098067 0.4860740 0.5076674 0.5469698 0.5757163 0.4943643 0.4352459 0.5406222 0.5499686 0.6426413 0.4799260 0.6233732 0.6106560 0.6217670 0.7263050 0.4426767 0.5293973 0.6771091 0.6738925 0.6803008 0.7118964 0.7118964 0.6642888 0.7280398 0.7037452 0.6219971 0.8437106 0.7578448 0.6976697 0.7054336 0.6818046 0.8676895 0.6805079 0.7375881 0.6458224 0.6943301 0.6795154 0.6891099 0.5219176 0.7193305 0.6302143 0.6126166 1.1007744 1.0756015 0.7618557 1.1079947 
Tcas_TC003829_001                                      0.6736861 0.7073323 0.7448056 0.8131738 0.8360100 0.8646286 0.8768514 0.5216006 1.1187446 0.7612829 0.6972928 0.7607192 0.6177637 0.7499561 0.2714399 0.3990169 0.3977228 0.3825084 0.0000000 0.4616209 0.4017688 0.4690656 0.4412360 0.4272087 0.4678991 0.5307553 0.4199547 0.4364316 0.5194217 0.4576027 0.4491095 0.4855634 0.3821361 0.5411005 0.5417857 0.4363295 0.5620694 0.5472802 0.6880095 0.4713618 0.4548233 0.4761079 0.4505975 0.4748087 0.4674559 0.5181440 0.4282027 0.3184872 0.5483506 0.5941359 0.6314997 0.4849958 0.5893207 0.6392199 0.6471973 0.8075645 0.4253870 0.4325432 0.6711017 0.6731247 0.7192847 0.7417509 0.7417509 0.7259528 0.7016822 0.6791555 0.7089736 0.8851257 0.7873946 0.7026171 0.7055301 0.7046792 0.8709037 0.6705443 0.7822993 0.6945150 0.7491046 0.6345982 0.5857933 0.5754590 0.6335393 0.6541320 0.7319755 1.1088372 1.1481827 0.7375389 1.1885881 
Lcom_lcpid86784                                        0.5540522 0.7459692 0.7593354 0.8833066 0.9072946 0.9226021 0.9501334 0.6367725 1.0309278 0.8556295 0.8676042 0.8246955 0.7268447 0.8074208 0.2818916 0.4248820 0.4277168 0.4288835 0.4616209 0.0000000 0.2656439 0.3789451 0.3505190 0.3157505 0.3765254 0.5077012 0.4447269 0.4846816 0.5231041 0.4973109 0.4655150 0.5113253 0.4406019 0.5157846 0.5424574 0.3955677 0.5184961 0.5097008 0.6371865 0.5088555 0.4754240 0.4979020 0.5046792 0.5263822 0.5298299 0.5859013 0.4895779 0.4356623 0.5882651 0.6260767 0.5431160 0.4445126 0.5246371 0.6036155 0.5688578 0.7028119 0.4723082 0.5108132 0.7048412 0.6800387 0.7203475 0.7053775 0.7053775 0.6562134 0.7429120 0.6790241 0.6214628 0.8925699 0.7981793 0.7332290 0.7190261 0.7133011 0.8638397 0.7039388 0.8198129 0.7141012 0.7197471 0.7285332 0.6743134 0.4974919 0.5169447 0.4791256 0.6221122 1.1598957 1.3852042 0.6101484 1.2514262 
Cgig_XM_011433873.3                                    0.5051397 0.7080781 0.7272942 0.8001564 0.8302087 0.8462086 0.8628632 0.5274419 0.9815970 0.7648974 0.7391106 0.7286778 0.6574049 0.7789300 0.2913994 0.3861065 0.4522558 0.4589799 0.4017688 0.2656439 0.0000000 0.2950597 0.2687505 0.2460672 0.2973622 0.4032529 0.4186078 0.4117992 0.4640828 0.4509351 0.4273299 0.4619248 0.3920861 0.4409164 0.4440602 0.3559032 0.4557519 0.4373883 0.5776116 0.4656090 0.4540457 0.4697888 0.4653923 0.4915904 0.4610332 0.5393689 0.4497360 0.4438767 0.5048412 0.5356221 0.5375822 0.4670266 0.5011826 0.6107451 0.5409003 0.6561841 0.4447051 0.4580409 0.6826486 0.6700162 0.7197413 0.6705893 0.6705893 0.6362084 0.6608159 0.6847211 0.6326425 0.8340900 0.7467759 0.6800373 0.6577476 0.6648280 0.7920851 0.6144865 0.7640152 0.6672458 0.6550243 0.6793321 0.6337979 0.4523268 0.2604980 0.2331648 0.6257853 1.1003059 1.2307070 0.5650557 1.1744650 
Acagra_model.g29872.t1.3.5d3b8cc5                      0.5779339 0.7966442 0.7575724 0.8357325 0.8704909 0.8798284 0.9061839 0.5958416 1.0621502 0.8102250 0.7954215 0.8609488 0.7617642 0.8177749 0.3126797 0.3985454 0.4818701 0.4828727 0.4690656 0.3789451 0.2950597 0.0000000 0.0172913 0.0177534 0.0203400 0.4665105 0.4712495 0.4138378 0.4897101 0.4834870 0.4549979 0.4650767 0.4564398 0.4958615 0.5101440 0.3998404 0.5376358 0.5005814 0.6071393 0.5357575 0.5089482 0.5237656 0.5348939 0.5634803 0.5157527 0.5902796 0.5216374 0.4616182 0.5257700 0.6152597 0.5995596 0.4819220 0.5695454 0.6034467 0.5879392 0.6806549 0.4907563 0.4692293 0.7430574 0.7331314 0.7599468 0.7832057 0.7832057 0.7422040 0.7713344 0.7826555 0.7190107 0.9349946 0.8125512 0.7652668 0.7579906 0.7532108 0.8806170 0.7197636 0.8007087 0.7256142 0.7209530 0.6898730 0.6817071 0.4806447 0.5220177 0.4925616 0.6541514 1.1516541 1.3070417 0.6468086 1.2309796 
Acagra_model.g29872.t1.1.5d3b8cc5                      0.4912425 0.7502212 0.7150024 0.7881318 0.8218366 0.8348628 0.8558630 0.5958416 1.0198129 0.7727671 0.7635095 0.8458625 0.7306684 0.7784271 0.3126797 0.3845782 0.4672378 0.4674588 0.4412360 0.3505190 0.2687505 0.0172913 0.0000000 0.0000010 0.0206924 0.4379667 0.4360635 0.3922073 0.4673132 0.4642647 0.4364061 0.4533404 0.4364648 0.4764185 0.4969223 0.3998404 0.4979357 0.4896394 0.5971391 0.5144785 0.4809383 0.5015101 0.5060426 0.5333379 0.5003628 0.5753086 0.5177453 0.4357076 0.5060929 0.5922469 0.5592240 0.4819220 0.5407826 0.5788871 0.5749890 0.6523021 0.4835055 0.4644650 0.7027992 0.6946780 0.7222531 0.7396873 0.7396873 0.7422040 0.7177323 0.7402083 0.7190107 0.8927376 0.7928909 0.7360744 0.7286816 0.7333066 0.8787521 0.7009160 0.7975626 0.6865192 0.6797964 0.6671651 0.6618418 0.4775638 0.4977711 0.4783956 0.6541514 1.1219425 1.2741172 0.6468086 1.1999794 
Acagra_model.g29872.t1.2.5d3b8cc5                      0.4887643 0.7276102 0.6902967 0.7781992 0.8124258 0.8289071 0.8468765 0.5958416 0.9781778 0.7537368 0.7414192 0.8458625 0.6931068 0.7305744 0.3126797 0.3783886 0.4587483 0.4597517 0.4272087 0.3157505 0.2460672 0.0177534 0.0000010 0.0000000 0.0212578 0.4200474 0.4290241 0.3922073 0.4617038 0.4629835 0.4297851 0.4484629 0.4151727 0.4519445 0.4701442 0.3998404 0.4713697 0.4752714 0.5766560 0.4795743 0.4697838 0.4916472 0.4962740 0.5235872 0.4832026 0.5653855 0.5177453 0.4151293 0.4911823 0.5643127 0.5567046 0.4819220 0.5407826 0.5756864 0.5665409 0.6421228 0.4782503 0.4555226 0.6587168 0.6505713 0.7039390 0.7034049 0.7034049 0.7422040 0.6766347 0.7064608 0.7190107 0.8367097 0.7386754 0.7167421 0.7092970 0.7099208 0.8551152 0.6719270 0.7589551 0.6541158 0.6618124 0.6485585 0.6422152 0.4775638 0.4877742 0.4783956 0.6541514 1.0805764 1.2356133 0.6468086 1.1999794 
Acagra_model.g29872.t1                                 0.5779339 0.7739384 0.7355288 0.8107137 0.8447785 0.8428220 0.8794538 0.5958416 1.0288094 0.8024895 0.7900996 0.8374401 0.7248483 0.8056205 0.3126797 0.4112197 0.4757085 0.4839978 0.4678991 0.3765254 0.2973622 0.0203400 0.0206924 0.0212578 0.0000000 0.4735075 0.4817646 0.4343199 0.5155777 0.5055530 0.4761895 0.4776708 0.4544933 0.5193948 0.5357543 0.3998404 0.5552224 0.5228371 0.6071393 0.5597319 0.5293897 0.5207153 0.5561380 0.5525927 0.5291950 0.5737672 0.5101092 0.4605290 0.5483285 0.6383174 0.6160096 0.4819220 0.5772679 0.5941022 0.6096828 0.7146135 0.5016275 0.4688961 0.7401407 0.7303080 0.7494502 0.7721027 0.7721027 0.7422040 0.7762740 0.7764208 0.7190107 0.9288926 0.8125512 0.7323702 0.7656548 0.7672549 0.8806170 0.7393655 0.8020555 0.7521283 0.7489157 0.7150618 0.6683533 0.5093231 0.5168404 0.4906816 0.6541514 1.1684726 1.2930501 0.6468086 1.1872331 
Chem_TCONS_00070951                                    0.4593528 0.7307958 0.6889710 0.7345947 0.7630349 0.7806018 0.8036381 0.5180766 1.0241456 0.7188906 0.6914521 0.7967302 0.6806451 0.7132941 0.2787633 0.4630091 0.4974981 0.4784770 0.5307553 0.5077012 0.4032529 0.4665105 0.4379667 0.4200474 0.4735075 0.0000000 0.3179824 0.4340755 0.4977077 0.4795675 0.4410249 0.4826378 0.4710971 0.4856725 0.5328479 0.4518558 0.5614655 0.5115018 0.6345893 0.4874388 0.4935131 0.5170445 0.4880575 0.5225082 0.5354232 0.5991514 0.5170701 0.5616224 0.5153650 0.5412975 0.5465754 0.4440757 0.5588316 0.6022374 0.5667056 0.6811826 0.5451330 0.6269800 0.7250563 0.7304795 0.7626129 0.7215135 0.7215135 0.6798055 0.6834081 0.7071307 0.6376024 0.8273183 0.7525238 0.7508071 0.7408385 0.7461185 0.8567093 0.6809604 0.8099549 0.7205580 0.7310971 0.6952611 0.7364412 0.5477951 0.6336326 0.6131720 0.7307753 1.1998545 1.3961688 0.6286905 1.1765573 
Hvul_g20082_1                                          0.5214469 0.7162988 0.6891441 0.7669909 0.7909087 0.8091123 0.8377650 0.5497341 0.9868677 0.7310080 0.6651385 0.8366135 0.6342588 0.6620266 0.2898784 0.4256064 0.4479980 0.4346037 0.4199547 0.4447269 0.4186078 0.4712495 0.4360635 0.4290241 0.4817646 0.3179824 0.0000000 0.2980734 0.3954223 0.3409396 0.3295485 0.4012959 0.4494196 0.5391287 0.5531506 0.4765033 0.5178083 0.5366278 0.6529859 0.4264542 0.4289544 0.4559871 0.4537572 0.4887674 0.4845006 0.5008575 0.4532259 0.4713557 0.4786270 0.5355613 0.5419207 0.5113899 0.5278214 0.5906984 0.6552796 0.6930908 0.4933844 0.5164867 0.5876823 0.5890886 0.6561446 0.6087261 0.6087261 0.6235761 0.5919075 0.6020203 0.5870923 0.7575439 0.6792831 0.6279746 0.6197005 0.6191762 0.7284143 0.5939749 0.6642857 0.6437828 0.6931578 0.6213716 0.6924867 0.5596661 0.6876795 0.6493152 0.7135159 1.1007834 1.1654038 0.6166854 1.2148119 
Morvir_scaffold64.g82.t1                               0.5222422 0.7277893 0.7051921 0.8284468 0.8505430 0.8803053 0.8987865 0.5722499 0.9950972 0.7967546 0.7195252 0.8470212 0.7242096 0.7034608 0.3385082 0.4247465 0.4910439 0.4581855 0.4364316 0.4846816 0.4117992 0.4138378 0.3922073 0.3922073 0.4343199 0.4340755 0.2980734 0.0000000 0.3043347 0.2855443 0.2617609 0.3211273 0.4750138 0.4899114 0.4883370 0.4831799 0.5159224 0.4522304 0.5895563 0.3814132 0.4512744 0.4809151 0.4768708 0.5222950 0.5060498 0.5473097 0.4770413 0.4913468 0.4282975 0.4597875 0.5583702 0.4516493 0.5480737 0.5393851 0.5135757 0.6208108 0.5116860 0.5223460 0.6906124 0.6974092 0.7077325 0.7345010 0.7345010 0.7737030 0.7356891 0.7192010 0.7719626 0.9083908 0.8112303 0.7658166 0.7494685 0.7365495 0.9270210 0.6377903 0.7752257 0.7369740 0.7554839 0.6767708 0.7411189 0.4506536 0.7162076 0.6461359 0.7247135 1.0351179 1.0729039 0.8176759 1.2116461 
Aaur_scaffold11.g22.t1                                 0.6014767 0.7712163 0.7699602 0.8932550 0.9162036 0.9016787 0.8957838 0.4413533 1.1688109 0.8671380 0.7811072 0.9486728 0.7569240 0.7711342 0.3058439 0.4728618 0.6296464 0.5826859 0.5194217 0.5231041 0.4640828 0.4897101 0.4673132 0.4617038 0.5155777 0.4977077 0.3954223 0.3043347 0.0000000 0.2251190 0.1873128 0.2445191 0.5940100 0.5254208 0.5266321 0.4641235 0.5423596 0.5041213 0.6540758 0.4700667 0.4813277 0.5095197 0.4949736 0.5496077 0.5429645 0.6202792 0.5400678 0.6125982 0.5063987 0.5458627 0.6000626 0.4712961 0.5811668 0.6499919 0.6315421 0.5871308 0.6197005 0.6551162 0.7193240 0.7147748 0.7554450 0.8138929 0.8138929 0.9030608 0.7430086 0.7761589 0.8673801 0.9810482 0.8626174 0.8494659 0.8295729 0.8133339 1.0319201 0.7354863 0.8830064 0.7529746 0.7470008 0.7347312 0.7765414 0.5188956 0.7375169 0.6330362 0.7175034 1.0426620 1.0415438 0.6479363 1.2874545 
Nemnom_g7295.t1                                        0.5756679 0.7184040 0.7438448 0.8674598 0.8924458 0.9149929 0.9412864 0.4261267 1.0063764 0.8490161 0.7779665 0.8917106 0.7217776 0.7670917 0.2975825 0.4741929 0.4783270 0.4533157 0.4576027 0.4973109 0.4509351 0.4834870 0.4642647 0.4629835 0.5055530 0.4795675 0.3409396 0.2855443 0.2251190 0.0000000 0.0537538 0.2312194 0.4664120 0.4831180 0.4811818 0.4491282 0.5119666 0.4498866 0.5789244 0.4679142 0.4646075 0.4986818 0.4889886 0.5351102 0.5208355 0.5781558 0.5316326 0.5263000 0.4521578 0.4901450 0.5766732 0.5220054 0.5707825 0.6161610 0.6207315 0.6558718 0.5305658 0.5656295 0.7635037 0.7659183 0.7434812 0.7833937 0.7833937 0.8222053 0.7790809 0.7004927 0.7610139 0.9181637 0.8211075 0.7776734 0.7614197 0.7491284 0.9010566 0.6819860 0.8023715 0.6797478 0.6947313 0.7132650 0.6745692 0.4758444 0.7762797 0.6823333 0.6479990 1.0794227 1.2176445 0.7987109 1.2670494 
Rhoesc_Res_010936-T1                                   0.6307227 0.7120280 0.7187286 0.8699773 0.8950158 0.9176660 0.9440542 0.4185702 0.9816612 0.8490477 0.7663916 0.8312630 0.6920238 0.7328073 0.3376747 0.4395609 0.4966463 0.4693701 0.4491095 0.4655150 0.4273299 0.4549979 0.4364061 0.4297851 0.4761895 0.4410249 0.3295485 0.2617609 0.1873128 0.0537538 0.0000000 0.2184179 0.4526350 0.4564474 0.4676971 0.4470214 0.5014948 0.4423178 0.5555189 0.4517653 0.4479411 0.4776969 0.4684314 0.5136996 0.5095027 0.5576703 0.5041136 0.5051127 0.4194746 0.4656925 0.5325891 0.4839409 0.5391021 0.5851944 0.5880018 0.6334328 0.5176243 0.5307975 0.7190134 0.7212646 0.7307445 0.7760367 0.7760367 0.7971097 0.7331334 0.6924241 0.7415012 0.8908598 0.7944885 0.7524498 0.7364039 0.7230321 0.8770752 0.6550422 0.7712300 0.7134528 0.6887995 0.7208995 0.6636544 0.4525303 0.7288054 0.6543903 0.6758908 1.1022892 1.1783577 0.7502893 1.2094392 
Sanmal_Sma_025181-T1                                   0.6108425 0.7807499 0.8147251 0.8864676 0.9097690 0.9113505 0.9480312 0.3807410 1.0938723 0.8544288 0.7754952 0.9053513 0.7196041 0.7933202 0.3609954 0.4554812 0.4761470 0.4698484 0.4855634 0.5113253 0.4619248 0.4650767 0.4533404 0.4484629 0.4776708 0.4826378 0.4012959 0.3211273 0.2445191 0.2312194 0.2184179 0.0000000 0.5198926 0.5127135 0.5194236 0.4651482 0.5148726 0.4750397 0.6009481 0.4906300 0.4879419 0.5035918 0.5133516 0.5371971 0.5216962 0.6230699 0.5551907 0.5398559 0.5001258 0.5275355 0.6013518 0.5270119 0.5930376 0.6885344 0.6867768 0.7680536 0.5406016 0.5851699 0.7161743 0.7215618 0.7040946 0.7543603 0.7543603 0.7810877 0.6884124 0.7225723 0.7361488 0.8754727 0.7789853 0.7495207 0.7575230 0.7378718 0.8619241 0.7161003 0.7715124 0.7373076 0.7398364 0.7743573 0.6933263 0.5236890 0.7972859 0.7306888 0.7300584 1.1344017 1.1783198 0.7556138 1.2991416 
Hsap_ENST00000238497                                   0.6071886 0.7400766 0.7397722 0.8511172 0.8727870 0.9099638 0.9253415 0.5225567 0.9598240 0.7886380 0.7199633 0.8221442 0.7145272 0.7825553 0.3130970 0.4218413 0.3176058 0.3091462 0.3821361 0.4406019 0.3920861 0.4564398 0.4364648 0.4151727 0.4544933 0.4710971 0.4494196 0.4750138 0.5940100 0.4664120 0.4526350 0.5198926 0.0000000 0.5189491 0.5346782 0.3924648 0.5389820 0.5036206 0.6045198 0.4347021 0.4759461 0.5016432 0.4770117 0.4883815 0.5071049 0.5575234 0.4538877 0.4412649 0.5353886 0.5941100 0.5674552 0.4057084 0.5351059 0.5611155 0.5755031 0.6601097 0.4241550 0.5239657 0.7785510 0.7752122 0.7659909 0.7387405 0.7387405 0.5837452 0.7672553 0.7643549 0.5994728 0.9233309 0.8068503 0.7764507 0.7812003 0.7828694 0.8976779 0.7468115 0.8127805 0.6531407 0.7272508 0.6423419 0.7169629 0.5603491 0.5578217 0.6095193 0.5915957 1.1276737 1.2061912 0.6711871 1.1971637 
Fspp_ffun1.m4.8008.m1                                  0.6586355 0.8501403 0.8192840 0.9160586 0.9313613 0.9522449 0.9589928 0.6145352 1.1642080 0.8732993 0.8408199 0.7968007 0.6656505 0.7805545 0.2633728 0.5528742 0.5199078 0.5078256 0.5411005 0.5157846 0.4409164 0.4958615 0.4764185 0.4519445 0.5193948 0.4856725 0.5391287 0.4899114 0.5254208 0.4831180 0.4564474 0.5127135 0.5189491 0.0000000 0.0567685 0.0701630 0.0967562 0.1012986 0.2324541 0.3805341 0.5411112 0.5613951 0.5460874 0.5868692 0.5877902 0.6198033 0.5436171 0.5875867 0.4140119 0.4368908 0.6038069 0.4706989 0.6123176 0.6274257 0.5117238 0.6361253 0.5570726 0.6415806 0.8203414 0.8059219 0.7593442 0.7770110 0.7770110 0.7999094 0.7578382 0.7833861 0.7362903 0.9390327 0.8445657 0.7402193 0.7237456 0.7155367 0.8987233 0.6775470 0.8802169 0.6990100 0.6884640 0.6973684 0.7224308 0.1672802 0.7030582 0.6315093 0.6733622 1.1071038 1.2197817 0.7868652 1.0753818 
Gasp_gasp1.m3.3374.m1                                  0.6685530 0.8290243 0.8049345 0.8893826 0.9046494 0.9248864 0.9315379 0.6145352 1.1708014 0.8558250 0.8253400 0.7781210 0.6928832 0.7789739 0.2633728 0.5546686 0.5362106 0.5236293 0.5417857 0.5424574 0.4440602 0.5101440 0.4969223 0.4701442 0.5357543 0.5328479 0.5531506 0.4883370 0.5266321 0.4811818 0.4676971 0.5194236 0.5346782 0.0567685 0.0000000 0.0848653 0.1106144 0.0999111 0.2162794 0.3993969 0.5597440 0.5956482 0.5775483 0.6199368 0.6151788 0.6233822 0.5479379 0.5909201 0.4028209 0.4069166 0.6044525 0.4723259 0.6073305 0.6187068 0.5262990 0.6541911 0.5087876 0.6517628 0.8139096 0.8018148 0.7861889 0.7869373 0.7869373 0.8112086 0.7827845 0.8046865 0.7380259 0.9180065 0.8267466 0.7587207 0.7473580 0.7357430 0.9015287 0.6689052 0.9044854 0.7434699 0.6887653 0.6979390 0.7411691 0.1631507 0.6925351 0.6349010 0.6733622 1.0706004 1.1986377 0.8210774 1.0783415 
Pocdam_XM_027202827.1                                  0.4463702 0.6125450 0.6031121 0.6616810 0.6755933 0.7147062 0.7144763 0.5568064 0.6234419 0.6344424 0.6329812 0.5893227 0.4868626 0.5558695 0.2677935 0.5042542 0.3869723 0.4271160 0.4363295 0.3955677 0.3559032 0.3998404 0.3998404 0.3998404 0.3998404 0.4518558 0.4765033 0.4831799 0.4641235 0.4491282 0.4470214 0.4651482 0.3924648 0.0701630 0.0848653 0.0000000 0.0758124 0.1119086 0.2306933 0.3140063 0.4138360 0.4132726 0.4436563 0.4436563 0.4469850 0.4665167 0.4632112 0.4243031 0.3899747 0.4063185 0.4989143 0.5128752 0.5376531 0.5128132 0.4728124 0.6193384 0.5035483 0.5853629 0.6813840 0.6761399 0.6840026 0.7000472 0.7000472 0.8568781 0.6237721 0.6903777 0.7612508 0.7123373 0.7123373 0.6516366 0.6516366 0.6557199 0.6516366 0.6381134 0.7380469 0.5370837 0.5096544 0.5645630 0.5254351 0.1850517 0.5773965 0.5583083 0.5488012 0.9992908 1.0835228 0.8207479 0.8650669 
Spis_XP_022798051_1                                    0.6111061 0.8033511 0.8032440 0.8999506 0.9152631 0.9377221 0.9425004 0.6102289 1.1808995 0.8413034 0.8070084 0.7688697 0.6931472 0.8027909 0.2743958 0.6060836 0.5369781 0.5433064 0.5620694 0.5184961 0.4557519 0.5376358 0.4979357 0.4713697 0.5552224 0.5614655 0.5178083 0.5159224 0.5423596 0.5119666 0.5014948 0.5148726 0.5389820 0.0967562 0.1106144 0.0758124 0.0000000 0.1606402 0.2656713 0.3899103 0.5569850 0.5789619 0.5808085 0.6133900 0.6122688 0.6719709 0.5977644 0.6307446 0.4156041 0.4292481 0.6056263 0.4782954 0.6161243 0.6571479 0.5707541 0.6636251 0.5972032 0.6974273 0.8173330 0.7966850 0.7813922 0.7896771 0.7896771 0.8603487 0.7562554 0.7884176 0.7504569 0.9516525 0.8646087 0.7663743 0.7511549 0.7592016 0.9044525 0.7433407 0.8470665 0.7221742 0.6749595 0.7256049 0.7591768 0.2291362 0.7451706 0.6830100 0.6894555 1.0629975 1.2583326 0.8758001 1.1274565 
Gfas_gfas1.m1.17335.m1                                 0.6157237 0.8724431 0.8316485 0.9127923 0.9280685 0.9462673 0.9555724 0.6213762 1.1645240 0.8909402 0.8311385 0.8454146 0.7048413 0.7940709 0.2964101 0.5343796 0.5202251 0.5193476 0.5472802 0.5097008 0.4373883 0.5005814 0.4896394 0.4752714 0.5228371 0.5115018 0.5366278 0.4522304 0.5041213 0.4498866 0.4423178 0.4750397 0.5036206 0.1012986 0.0999111 0.1119086 0.1606402 0.0000000 0.1897824 0.3688395 0.5590800 0.5878614 0.5649180 0.6013860 0.5860918 0.6234106 0.5491660 0.5855579 0.4088899 0.4067607 0.6094715 0.4817512 0.6014840 0.6141880 0.5154447 0.6356836 0.5659993 0.6260929 0.7727534 0.7727471 0.7288863 0.7442820 0.7442820 0.7785884 0.7229645 0.7830278 0.7122043 0.8623910 0.7769922 0.6952654 0.6782461 0.6731160 0.8403755 0.6449539 0.8319453 0.6605733 0.6585135 0.7251431 0.7340238 0.1597470 0.6827093 0.6504181 0.6935983 1.1148895 1.2365150 0.7949311 1.1307965 
Adig_XM_015918537.1                                    1.1627440 0.8869596 0.8368393 0.9228476 0.9396875 0.9832930 0.9861521 0.5981267 1.0378798 0.8826332 0.8921818 0.8534117 0.7455877 0.8816462 0.5172726 0.6865281 0.6124999 0.6155450 0.6880095 0.6371865 0.5776116 0.6071393 0.5971391 0.5766560 0.6071393 0.6345893 0.6529859 0.5895563 0.6540758 0.5789244 0.5555189 0.6009481 0.6045198 0.2324541 0.2162794 0.2306933 0.2656713 0.1897824 0.0000000 0.5002087 0.6481509 0.6551802 0.6774561 0.6774561 0.6695119 0.7582376 0.6500949 0.6760698 0.5566600 0.5304489 0.7035099 0.6194913 0.7337092 0.6808704 0.6398077 0.8723392 0.6831726 0.8634696 0.9262127 0.9429593 0.8988090 0.9246262 0.9246262 0.7903125 0.8814432 0.9470615 0.7215705 0.9167081 0.9421833 0.8273355 0.8273355 0.8445961 0.9853097 0.7771000 0.9770817 0.8386778 0.8647125 0.8473247 0.8759838 0.1048939 0.7494735 0.8277103 1.0815498 1.2832058 1.3353409 0.7531848 1.2465454 
Nvec_v1g245819                                         0.6649872 0.7620472 0.7358045 0.8329542 0.8483741 0.8567363 0.8902676 0.5340109 1.0336230 0.8375420 0.7716041 0.7193193 0.6396006 0.6921262 0.2943653 0.4987070 0.4560057 0.4329788 0.4713618 0.5088555 0.4656090 0.5357575 0.5144785 0.4795743 0.5597319 0.4874388 0.4264542 0.3814132 0.4700667 0.4679142 0.4517653 0.4906300 0.4347021 0.3805341 0.3993969 0.3140063 0.3899103 0.3688395 0.5002087 0.0000000 0.4662391 0.5012577 0.4533504 0.4975480 0.4907031 0.5889873 0.4678667 0.5529307 0.3843324 0.4066042 0.5135872 0.3978822 0.5227075 0.5832307 0.4746214 0.5507788 0.5163808 0.6386935 0.8132457 0.8094170 0.8014460 0.7517047 0.7517047 0.7887826 0.7416820 0.7171087 0.7686925 0.9651225 0.8759015 0.7819250 0.7657100 0.7537997 0.9494330 0.7176527 0.8251893 0.6346097 0.6802467 0.6871589 0.7220616 0.3890306 0.7512131 0.6666045 0.6493939 1.0648889 1.1032195 0.9401235 1.1134303 
HoiH23_PlH23_000749-RA                                 0.5087558 0.6754592 0.7330747 0.7665105 0.7700484 0.8062178 0.8300357 0.5137604 1.0439408 0.7284237 0.7232468 0.7594834 0.6626280 0.6924772 0.3331887 0.4491684 0.5121983 0.4891670 0.4548233 0.4754240 0.4540457 0.5089482 0.4809383 0.4697838 0.5293897 0.4935131 0.4289544 0.4512744 0.4813277 0.4646075 0.4479411 0.4879419 0.4759461 0.5411112 0.5597440 0.4138360 0.5569850 0.5590800 0.6481509 0.4662391 0.0000000 0.0205347 0.0432043 0.0631098 0.0851574 0.1384056 0.0876564 0.4464512 0.4761542 0.5290405 0.6245962 0.4855136 0.5871827 0.6951546 0.6258551 0.7448631 0.5090388 0.5469036 0.7231105 0.7258525 0.7512139 0.6726787 0.6726787 0.6211025 0.7142218 0.6643740 0.6522563 0.8721948 0.7679363 0.7096691 0.6868049 0.6643563 0.7861842 0.6394648 0.7861281 0.6616431 0.6687795 0.7239279 0.7522671 0.5413830 0.6903375 0.6540196 0.7054126 1.0698268 1.3082593 0.7295303 1.0835427 
HoiH06_mRNA1374                                        0.5085269 0.7088621 0.7561299 0.7913219 0.7947172 0.8277956 0.8494286 0.5137604 1.0805577 0.7554186 0.7389963 0.7777870 0.6740499 0.7107568 0.3331887 0.4790563 0.5339018 0.5098067 0.4761079 0.4979020 0.4697888 0.5237656 0.5015101 0.4916472 0.5207153 0.5170445 0.4559871 0.4809151 0.5095197 0.4986818 0.4776969 0.5035918 0.5016432 0.5613951 0.5956482 0.4132726 0.5789619 0.5878614 0.6551802 0.5012577 0.0205347 0.0000000 0.0573700 0.0641110 0.0879331 0.1422313 0.0917805 0.4697763 0.5065472 0.5612818 0.6637016 0.4903528 0.6305269 0.7227744 0.6804382 0.7925042 0.5425669 0.5573662 0.7311119 0.7338749 0.7693135 0.7008916 0.7008916 0.6409844 0.7351616 0.7165254 0.6701245 0.8622937 0.7721604 0.7347191 0.7346634 0.7222264 0.7966317 0.6843200 0.7893003 0.6934585 0.7041852 0.7575794 0.7537568 0.5807498 0.6886381 0.6737290 0.7054126 1.1124210 1.2820683 0.7195794 1.1095593 
Hhon_g04496.t1                                         0.5153234 0.7308806 0.7801301 0.8172839 0.8204864 0.8586912 0.8751454 0.5489776 1.1072464 0.7688366 0.7544917 0.8068961 0.6684463 0.7080306 0.3331887 0.4560473 0.5072714 0.4860740 0.4505975 0.5046792 0.4653923 0.5348939 0.5060426 0.4962740 0.5561380 0.4880575 0.4537572 0.4768708 0.4949736 0.4889886 0.4684314 0.5133516 0.4770117 0.5460874 0.5775483 0.4436563 0.5808085 0.5649180 0.6774561 0.4533504 0.0432043 0.0573700 0.0000000 0.0171592 0.0989289 0.1212061 0.0785203 0.4748029 0.4903162 0.5346783 0.6452267 0.4895884 0.6181840 0.7047335 0.6357956 0.7405259 0.5092293 0.5538236 0.7417692 0.7415167 0.7650380 0.7021785 0.7021785 0.6445472 0.7206902 0.6892524 0.6811883 0.8909167 0.7841751 0.7232251 0.6999817 0.6884566 0.8017362 0.6710429 0.7928653 0.6585813 0.6694797 0.7393382 0.7682484 0.5542322 0.6992854 0.6725156 0.7054126 1.0693327 1.2715405 0.6933247 1.1063872 
