65
Lcom_lcpid70485                                       0.0000000 0.3983971 0.5232753 0.5815192 1.0133601 1.2324131 1.1748232 1.1744925 1.1798148 1.0064922 1.3629235 1.6140754 1.2063413 0.5905344 1.0406172 1.6711167 1.2627259 1.5750552 1.3532231 1.2401967 1.2485474 1.3453406 1.3453406 1.3135584 1.1013025 1.2966659 1.3082426 1.3195034 1.3129104 1.2334504 1.4653069 1.3829135 1.4102530 1.3936694 1.3412088 1.2761297 1.4087433 1.3495268 1.4177784 1.3898995 1.3545604 1.4808157 1.4377616 1.4829217 1.8858708 1.8691323 1.6043930 1.4908437 1.2886310 1.6537377 1.6459692 1.6463418 1.7867295 1.6966399 1.8493708 1.4031445 1.6945921 1.4608670 1.6182049 1.3079966 1.1473620 1.5434194 1.8846806 1.3542916 2.2931827 
Leuniv_Lniv_C808484_01                                0.3983971 0.0000000 0.3893919 0.5134896 0.9467344 1.2173536 1.1416398 1.1751822 1.1561700 0.9441662 1.4305732 1.4021973 1.3030578 0.5599882 0.9546120 1.6279963 1.1768657 1.5739311 1.3553349 1.1922320 1.2179008 1.3620421 1.3620421 1.3326492 1.1184286 1.3201781 1.3319432 1.3199742 1.3222267 1.2095910 1.3008012 1.3945143 1.3826116 1.3338372 1.4988644 1.2994155 1.4484962 1.2803832 1.4909587 1.4263012 1.3082198 1.4939315 1.3621120 1.5208348 1.7473344 1.6943910 1.4231010 1.3269919 1.1830984 1.4673133 1.6786156 1.4807903 1.5573091 1.7733888 1.6896940 1.3659118 1.5362162 1.4181886 1.5849642 1.2267909 0.9708931 1.5563924 1.9169965 1.2241454 2.1516565 
Scil_scict020159.1                                    0.5232753 0.3893919 0.0000000 0.6084664 0.9364932 1.2362358 1.1499336 1.1913043 1.2218288 0.9359119 1.5625062 1.4936966 1.2628842 0.7573331 1.1114694 1.8142859 1.2762619 1.6228392 1.4208462 1.3271127 1.3236430 1.4081759 1.4081759 1.2160102 1.0164265 1.2439411 1.2552920 1.2858903 1.2881262 1.1679628 1.2602628 1.4742049 1.3777839 1.4289699 1.6106334 1.4046299 1.4984243 1.3464205 1.5146335 1.5438794 1.4448531 1.4365629 1.4682041 1.3571754 1.6937003 1.6557856 1.4365099 1.3357541 1.2226493 1.5386272 1.7037669 1.4914487 1.6180148 1.7226288 1.6380997 1.3635169 1.5315893 1.6594419 1.6268482 1.4432079 1.1977234 1.7585284 1.9459128 1.2875975 2.5334887 
Gracom_Gcom_scaffold17039_01                          0.5815192 0.5134896 0.6084664 0.0000000 0.8613990 1.1265720 1.0975892 1.1232862 1.0567817 0.9281367 1.2638271 1.3935623 1.1492604 0.5448318 1.0551225 1.4198516 1.0641448 1.4067638 1.1850397 1.2325369 1.0606709 1.2105087 1.2105087 1.1865252 0.9613104 1.1654576 1.1766272 1.1983328 1.2019874 1.0988564 1.2476244 1.3357529 1.2298728 1.2601531 1.2377848 1.3251094 1.3087572 1.2483338 1.4135265 1.2347815 1.3040382 1.2805294 1.2775832 1.3120374 1.6217030 1.5790699 1.3435202 1.1963480 1.2291842 1.5170005 1.4690002 1.4548302 1.5431761 1.4733911 1.5047420 1.2710648 1.4203246 1.4452981 1.4490256 1.3155198 0.9230476 1.3566336 1.7772351 1.5850358 2.2059541 
Fspp_ffun1.m4.16817.m1                                1.0133601 0.9467344 0.9364932 0.8613990 0.0000000 0.1632356 0.2401630 0.2085490 0.3577574 0.3674073 0.2097541 1.0111529 0.6368205 0.5628079 1.0240002 0.8764276 0.7274179 0.9504802 0.8108104 0.8683376 0.5143540 0.5936008 0.5936008 0.8829155 0.8791772 0.8683256 0.8652504 0.8323562 0.8296997 0.8551414 0.7870531 0.7096591 0.6687987 0.6959320 0.8270479 0.8489041 0.9044308 0.7879646 0.9143820 0.6985920 0.7401109 0.8143476 0.7837473 1.0347868 1.2320039 1.1884163 1.0593164 1.0127006 1.0329129 1.1059328 1.2884211 1.2542575 1.3337208 1.1243585 1.2325801 1.1105394 1.0227121 1.1147361 1.0607640 0.7594631 0.8145142 0.9756860 1.2259057 1.2069032 1.2800593 
Gasp_gasp1.m3.2933.m1                                 1.2324131 1.2173536 1.2362358 1.1265720 0.1632356 0.0000000 0.2938083 0.2776575 0.3529775 0.3287445 0.3266160 1.1984382 0.7554215 0.5960602 1.0716467 1.2996229 1.0065054 1.2778980 1.1014494 1.0782733 0.6626557 0.8461002 0.8461002 1.0449091 0.9822331 1.0688102 1.0791170 0.9842942 0.9857407 1.0229140 1.0450912 0.8650906 0.8786611 0.8735659 1.1134773 1.0027124 1.0534453 1.0118622 1.0301064 0.8631549 0.8457850 0.9512674 0.9007873 1.1590781 1.3282231 1.3087430 1.0685257 0.9883574 1.0749873 1.3536784 1.4163255 1.3759130 1.4625976 1.3612918 1.3542652 1.0676250 1.1744158 1.2659819 1.3212329 1.0949594 1.2203284 1.2985485 1.8005899 1.1592950 1.3968360 
Spis_XP_022783824_1                                   1.1748232 1.1416398 1.1499336 1.0975892 0.2401630 0.2938083 0.0000000 0.1030071 0.4193522 0.3785209 0.4097040 1.2650924 0.7592342 0.6596427 1.0853028 1.3456825 0.9695486 1.1539869 1.0318327 0.9993553 0.6831050 0.8994378 0.8994378 1.1157571 0.9729715 1.0336979 1.0437792 0.9802323 0.9816829 0.9607944 1.0915417 0.9241355 0.9268543 0.9346762 1.1571762 1.0077207 1.0043541 0.9898801 1.0100273 0.9071154 0.8483504 0.9085810 0.9118380 1.1301987 1.4157006 1.3676941 1.2738255 1.1442486 1.0594806 1.3110931 1.5634523 1.3807415 1.4509119 1.3937026 1.4078924 1.0692977 1.2500660 1.1897150 1.2792251 1.1400628 1.1156999 1.2536277 1.6764812 1.3390636 1.4522220 
Pocdam_XM_027199565.1                                 1.1744925 1.1751822 1.1913043 1.1232862 0.2085490 0.2776575 0.1030071 0.0000000 0.4340568 0.3789720 0.3971962 1.2749081 0.7764207 0.6801515 1.0303231 1.3194318 0.9571177 1.1988038 1.0570573 0.9969327 0.7024309 0.8855044 0.8855044 1.0582081 0.9364298 1.0019093 0.9995086 0.9530195 0.9544724 0.9345227 1.0909694 0.9732775 0.9471724 0.9305293 1.1732670 1.0024621 1.0831751 0.9437946 1.0168056 0.9010301 0.7953610 0.9475612 0.9034383 1.1342432 1.4473461 1.3880493 1.2531944 1.1340153 1.1231523 1.4526308 1.6038248 1.4799900 1.5270962 1.4265034 1.4401986 1.0593254 1.2281544 1.1931800 1.2705269 1.1448086 1.1697133 1.1481551 1.6735729 1.3525591 1.3614946 
Amil_Amillepora13500-RA                               1.1798148 1.1561700 1.2218288 1.0567817 0.3577574 0.3529775 0.4193522 0.4340568 0.0000000 0.0111424 0.2963016 1.2343194 0.8325117 0.6894425 0.9748426 1.3145765 0.9215871 1.1031578 0.9893978 0.9797907 0.6612856 0.8577738 0.8577738 1.0648744 0.9439171 1.0431641 1.0536150 1.0238095 1.0181106 1.0222243 1.0337138 0.7984640 0.9165051 0.9185465 1.1152260 1.0024361 1.1640230 0.9727990 1.0529560 0.8180644 0.9092625 0.9360978 0.9021200 1.0852449 1.4011364 1.3691310 1.2304279 1.1698346 1.1308994 1.4861245 1.5081035 1.3827694 1.4623102 1.3757945 1.3914828 1.1178009 1.2471229 1.2279750 1.2968940 1.0482516 1.2119974 1.1337180 1.5350138 1.3963825 1.5469532 
Adig_XM_015919956.1                                   1.0064922 0.9441662 0.9359119 0.9281367 0.3674073 0.3287445 0.3785209 0.3789720 0.0111424 0.0000000 0.2553937 1.2022473 0.7464502 0.6894425 1.0525249 1.0008607 0.7905949 1.0277099 0.8773998 0.8619303 0.5985192 0.7318262 0.7318262 0.9774089 0.9411582 0.9647207 0.9647207 0.9543136 0.9464151 0.9964037 0.8712792 0.6498994 0.8207647 0.7993162 1.0550025 0.9675490 1.0865974 0.8416729 0.9773871 0.7995585 0.8328373 0.8278963 0.8444809 0.9783913 1.1183923 1.1180174 1.3200383 1.1722899 1.1712588 1.2696157 1.4253265 1.2448220 1.4012056 1.1430855 1.1714077 1.1470081 1.1941960 1.2936110 1.2461010 0.9047940 0.9827240 1.1303260 1.4904279 1.3963825 5.5931368 
Gfas_gfas1.m1.2608.m1                                 1.3629235 1.4305732 1.5625062 1.2638271 0.2097541 0.3266160 0.4097040 0.3971962 0.2963016 0.2553937 0.0000000 1.4200988 0.8729688 0.9143545 1.4458289 1.9476402 1.2140950 1.2824324 1.2772491 1.3740155 0.6628146 0.9792869 0.9792869 1.3164316 1.2203477 1.2461790 1.2650501 1.1714211 1.1714211 1.2080763 1.1148620 0.9173187 0.9721405 1.0003434 1.3400571 1.1313663 1.2047433 1.0046711 1.1784793 0.8817290 0.9780352 1.2266102 1.0583651 1.3409734 2.1978218 2.0438087 1.6997602 1.8527016 1.6576784 2.0329496 2.1988337 2.0687609 2.3857957 1.9679315 2.0834756 1.6025348 1.6983976 1.5791825 1.5552522 1.4561493 1.3871083 1.1304353 1.6533278 1.4407470 1.2474666 
Aque_Aqu2.1.37262_001                                 1.6140754 1.4021973 1.4936966 1.3935623 1.0111529 1.1984382 1.2650924 1.2749081 1.2343194 1.2022473 1.4200988 0.0000000 1.1847402 0.1911846 0.4199601 1.3214230 1.0014836 0.9840568 0.8648733 1.5385248 1.3244300 1.3240561 1.3240561 1.7989038 1.5672424 1.6125601 1.6262702 1.5448041 1.5603581 1.5062135 1.3880007 1.4208569 1.2793684 1.4061101 1.5215075 1.4485025 1.4389660 1.2743935 1.3698737 1.3393957 1.4370950 1.2852892 1.4316315 1.6396614 1.7805732 1.6934080 1.4865889 1.4051688 1.3226511 1.7172513 1.7978006 1.8100387 1.9979355 1.6477903 1.8007000 1.5641734 1.5172682 1.6776710 1.4167530 1.3856819 1.6004997 1.4953474 0.7700624 1.9920918 2.5188222 
Morvir_scaffold378.g1.t1                              1.2063413 1.3030578 1.2628842 1.1492604 0.6368205 0.7554215 0.7592342 0.7764207 0.8325117 0.7464502 0.8729688 1.1847402 0.0000000 0.2720710 1.0278652 1.4031010 1.0311468 1.3747391 1.1210731 1.1270846 0.7781305 0.9526841 0.9526841 1.0349285 0.9609151 1.0365819 1.0425399 0.9975848 0.9957151 0.9672757 1.0732473 0.9530587 0.8445145 0.8808423 1.0831173 1.0375908 1.0530681 1.0498134 1.0962445 0.9401548 1.0857414 0.9987009 0.8887260 1.2370344 1.5166749 1.4830528 1.3639565 1.2350652 1.1840042 1.4413051 1.6214002 1.3395851 1.3855910 1.3651075 1.4466785 1.1662042 1.2895427 1.2474831 1.5728124 1.1606492 1.3295543 1.1854746 1.6591717 1.3823158 1.7468398 
Xestes_maker-XT_scaffold1338-snap-gene-0.2-mRNA-1     0.5905344 0.5599882 0.7573331 0.5448318 0.5628079 0.5960602 0.6596427 0.6801515 0.6894425 0.6894425 0.9143545 0.1911846 0.2720710 0.0000000 0.0000010 0.4476847 0.4954291 0.3539188 0.4476847 0.5895824 0.7953529 0.6047404 0.6047404 0.7634145 0.7634145 0.7634145 0.7634145 0.7573750 0.7748458 0.7634145 0.7192120 0.7295238 0.6751385 0.6751385 0.6677771 0.6843507 0.6819000 0.5649948 0.7473140 0.9553169 0.9534814 0.7850886 1.0573913 0.8366442 0.8731142 0.9198882 0.5651036 0.6815369 0.7573030 0.7155219 0.8564358 0.7641167 0.8497872 1.3250686 1.1303342 1.1303342 0.6232013 0.8623820 0.7848033 0.7465790 0.7214589 0.0000010 4.7726328 0.7848918 0.0000010 
Halamb_c65452_g1_i1m.46264                            1.0406172 0.9546120 1.1114694 1.0551225 1.0240002 1.0716467 1.0853028 1.0303231 0.9748426 1.0525249 1.4458289 0.4199601 1.0278652 0.0000010 0.0000000 0.8976640 0.7206421 0.7541176 0.7541176 1.2752140 1.1094932 1.2342271 1.2342271 1.4362881 1.4425560 1.4461455 1.4461455 1.4327065 1.4327065 1.4161831 1.0770032 1.3981043 1.1580870 1.2133842 1.1587538 1.4587786 1.1290505 1.3321508 1.6295266 1.0892145 1.0364432 1.0829509 0.8800672 1.4092550 1.4050245 1.4217118 1.6964675 1.6964675 1.5489149 1.5217977 1.8631048 1.4812031 1.8236428 1.4276032 1.4802280 1.4603475 1.6845097 1.4196018 1.2360623 1.0641188 1.4352384 1.6547996 0.5060044 0.0000010 1.1972527 
Emue_Em0016g62a.t1                                    1.6711167 1.6279963 1.8142859 1.4198516 0.8764276 1.2996229 1.3456825 1.3194318 1.3145765 1.0008607 1.9476402 1.3214230 1.4031010 0.4476847 0.8976640 0.0000000 0.9339823 0.6411228 0.4807282 1.5177483 1.4390973 1.5791367 1.5791367 1.4563433 1.0532898 1.4164812 1.4293940 1.4127545 1.4367663 1.2648997 1.3808365 1.5579477 1.5885187 1.6213897 1.1624493 1.3523877 1.3274899 1.5512123 1.7432240 1.4576023 1.5813501 1.4515930 1.6460634 1.4223302 2.0518706 1.9749684 1.4520299 1.3305282 1.1276844 2.0672110 1.9889464 1.8191732 1.8041864 2.0824915 2.1302379 1.4080071 1.5283933 1.5606754 1.6982485 1.7356130 1.6925552 2.0481213 1.7999752 1.2036097 3.4775269 
Tetwil_g5783.t2                                       1.2627259 1.1768657 1.2762619 1.0641448 0.7274179 1.0065054 0.9695486 0.9571177 0.9215871 0.7905949 1.2140950 1.0014836 1.0311468 0.4954291 0.7206421 0.9339823 0.0000000 0.8817772 0.7345509 1.1551220 0.9147407 1.0127830 1.0127830 1.1502856 0.9550111 1.1208656 1.1183399 1.1753946 1.1911505 0.9930386 0.9623949 1.1835007 1.2637162 1.2948508 1.0640877 1.1101704 1.0660679 1.2532405 1.4346900 1.0908195 1.2297114 1.0662987 1.0591965 1.0318720 1.3708280 1.3384275 1.2316954 1.1985979 1.1316229 1.4615672 1.5379056 1.4298789 1.5958418 1.5216360 1.5854389 1.2550494 1.2976234 1.2429331 1.0778231 1.3468729 1.3190754 1.3133585 1.3047345 1.3714934 2.4957184 
Spolac_c95681_g1_i1_m.11860c95681-g1                  1.5750552 1.5739311 1.6228392 1.4067638 0.9504802 1.2778980 1.1539869 1.1988038 1.1031578 1.0277099 1.2824324 0.9840568 1.3747391 0.3539188 0.7541176 0.6411228 0.8817772 0.0000000 0.0275650 1.3698716 1.2295231 1.2905359 1.2905359 1.3944677 1.2554713 1.2727026 1.2861956 1.2901947 1.2901947 1.1700820 1.2861469 1.3924043 1.5204111 1.5247861 1.1642029 1.2919265 1.3584524 1.4827002 1.4895370 1.2423605 1.4222880 1.2522468 1.4110729 1.1762321 1.9505721 1.8099361 1.4079868 1.4676851 1.4132188 1.9345519 1.9153885 1.7143180 1.8878636 1.6702716 1.8477543 1.5035709 1.7145511 1.4373570 1.3784370 1.5382903 1.4682676 1.3304862 1.1415211 6.3699666 2.4676403 
Spolac_c95681_g1_i2_m.11861c95681-g1                  1.3532231 1.3553349 1.4208462 1.1850397 0.8108104 1.1014494 1.0318327 1.0570573 0.9893978 0.8773998 1.2772491 0.8648733 1.1210731 0.4476847 0.7541176 0.4807282 0.7345509 0.0275650 0.0000000 1.2005943 0.9883309 1.1669500 1.1669500 1.1623550 0.9752167 1.0821006 1.0925556 1.1059578 1.1247628 0.9948348 1.0508345 1.1846773 1.2920715 1.2875387 0.9979923 1.1245551 1.1914419 1.2270921 1.2455026 1.0691765 1.2646324 1.1034893 1.2157300 1.0771565 1.6799503 1.5716613 1.3035639 1.1959941 1.0784719 1.5691608 1.5718492 1.4890943 1.5348822 1.4633210 1.5781918 1.2596094 1.3699353 1.2894102 1.2477489 1.2983563 1.2806735 1.3304862 1.1087056 1.2392733 2.4861199 
Chem_TCONS_00033209                                   1.2401967 1.1922320 1.3271127 1.2325369 0.8683376 1.0782733 0.9993553 0.9969327 0.9797907 0.8619303 1.3740155 1.5385248 1.1270846 0.5895824 1.2752140 1.5177483 1.1551220 1.3698716 1.2005943 0.0000000 1.0592894 1.0914685 1.0914685 1.1474630 0.9618516 1.1200336 1.1167946 1.0984678 1.1291150 1.1468793 1.1530579 1.1865095 1.1522472 1.0504371 1.0944991 1.1961803 1.2203081 1.2922447 1.3802803 1.0414767 1.1271590 1.1053768 1.1678674 1.4499149 1.4659054 1.4235945 1.4091252 1.4109868 1.1449914 1.6373820 1.8800539 1.4833952 1.6423898 1.8346680 1.8037219 1.3311182 1.6043712 1.3448153 1.2762799 1.0038999 1.3766445 1.2642866 1.9747011 1.3163834 2.0596148 
Bralan_BLAG08000490_1                                 1.2485474 1.2179008 1.3236430 1.0606709 0.5143540 0.6626557 0.6831050 0.7024309 0.6612856 0.5985192 0.6628146 1.3244300 0.7781305 0.7953529 1.1094932 1.4390973 0.9147407 1.2295231 0.9883309 1.0592894 0.0000000 0.9132291 0.9132291 0.8647204 0.7422551 0.8804656 0.8781833 0.9599011 0.9638843 0.8866367 1.0084423 0.9040632 0.9011620 0.9106993 0.9306100 0.8359138 0.9423203 1.0379046 1.0119187 0.7938655 0.9562576 0.9450944 0.6522353 1.1465122 1.5206739 1.4760777 1.4104629 1.3016763 1.1604684 1.4981078 1.6870023 1.5281104 1.4915508 1.6901668 1.6859848 1.2955733 1.3052569 1.0935922 1.1776912 1.0459608 1.0539737 1.2072443 1.9221298 1.2389497 1.5718722 
Opea_EP00118_Oscarella_pearsei_P003888                1.3453406 1.3620421 1.4081759 1.2105087 0.5936008 0.8461002 0.8994378 0.8855044 0.8577738 0.7318262 0.9792869 1.3240561 0.9526841 0.6047404 1.2342271 1.5791367 1.0127830 1.2905359 1.1669500 1.0914685 0.9132291 0.0000000 0.0000010 1.1058874 0.9108860 1.0785390 1.0888940 1.0539290 1.0659481 0.9423654 1.0297792 1.2617134 1.1522626 1.1729025 1.2718150 1.0830396 1.2004247 1.2487679 1.2616119 1.0005656 1.2902791 1.1404498 0.9769891 1.1728377 1.5962248 1.5108427 1.4075734 1.3091183 1.2899215 1.6308726 1.5789121 1.6198722 1.5960806 1.6501946 1.5525311 1.1969140 1.2472035 1.2341763 1.4253375 1.2458014 1.3034915 1.1269190 1.7059295 1.3844698 2.0944122 
Ocar_g602                                             1.3453406 1.3620421 1.4081759 1.2105087 0.5936008 0.8461002 0.8994378 0.8855044 0.8577738 0.7318262 0.9792869 1.3240561 0.9526841 0.6047404 1.2342271 1.5791367 1.0127830 1.2905359 1.1669500 1.0914685 0.9132291 0.0000010 0.0000000 1.1058874 0.9108860 1.0785390 1.0888940 1.0539290 1.0659481 0.9423654 1.0297792 1.2617134 1.1522626 1.1729025 1.2718150 1.0830396 1.2004247 1.2487679 1.2616119 1.0005656 1.2902791 1.1404498 0.9769891 1.1728377 1.5962248 1.5108427 1.4075734 1.3091183 1.2899215 1.6308726 1.5789121 1.6198722 1.5960806 1.6501946 1.5525311 1.1969140 1.2472035 1.2341763 1.4253375 1.2458014 1.3034915 1.1269190 1.7059295 1.3844698 2.0944122 
HoiH23_PlH23_002531-RA                                1.3135584 1.3326492 1.2160102 1.1865252 0.8829155 1.0449091 1.1157571 1.0582081 1.0648744 0.9774089 1.3164316 1.7989038 1.0349285 0.7634145 1.4362881 1.4563433 1.1502856 1.3944677 1.1623550 1.1474630 0.8647204 1.1058874 1.1058874 0.0000000 0.0224151 0.0928327 0.0970018 0.1455842 0.1410950 0.1132354 1.2234949 1.1957802 1.2615829 1.2309130 1.1140388 1.2192825 1.3132022 1.1317215 1.1994712 1.0696625 1.1340491 1.2484360 1.0914726 1.0596761 1.7087780 1.6732579 1.3828204 1.2698556 1.2443986 1.7021846 1.6863587 1.6634859 1.5484216 1.7938169 1.6283578 1.2884217 1.4037115 1.4435916 1.5100759 1.3712362 1.3660227 1.5526155 2.1047103 1.1048963 1.7214824 
HoiH06_mRNA14244                                      1.1013025 1.1184286 1.0164265 0.9613104 0.8791772 0.9822331 0.9729715 0.9364298 0.9439171 0.9411582 1.2203477 1.5672424 0.9609151 0.7634145 1.4425560 1.0532898 0.9550111 1.2554713 0.9752167 0.9618516 0.7422551 0.9108860 0.9108860 0.0224151 0.0000000 0.0894916 0.0894916 0.0986892 0.0921661 0.1042675 0.9348092 0.9372848 1.0379849 1.0303899 0.9060444 1.1274792 1.1669898 0.9795998 1.1241465 0.9474726 1.0492930 1.1345440 0.9568065 0.9241528 1.2425475 1.2275215 1.3459618 1.2143001 1.0562202 1.1219405 1.2975580 1.2586034 1.2785424 1.2923220 1.1958680 1.2182252 1.1888646 1.2880136 1.2481086 1.0539667 1.0459314 1.4964882 1.7780297 1.1048963 4.9817538 
Hhon_g01561.t1                                        1.2966659 1.3201781 1.2439411 1.1654576 0.8683256 1.0688102 1.0336979 1.0019093 1.0431641 0.9647207 1.2461790 1.6125601 1.0365819 0.7634145 1.4461455 1.4164812 1.1208656 1.2727026 1.0821006 1.1200336 0.8804656 1.0785390 1.0785390 0.0928327 0.0894916 0.0000000 0.0035513 0.1401630 0.1445600 0.0838648 1.2054260 1.1846424 1.2683904 1.2445410 1.1326852 1.2290742 1.3443954 1.0691403 1.1355142 0.9979301 1.0853816 1.1908995 1.0815713 1.0869657 1.6661698 1.6178868 1.3005798 1.2304694 1.1269704 1.5836299 1.5958300 1.5931263 1.4864615 1.7482831 1.5705885 1.2399885 1.3627157 1.4202713 1.5619222 1.3281036 1.3638969 1.4586863 1.8298855 1.1048963 1.7477822 
HoiH04_mRNA13818                                      1.3082426 1.3319432 1.2552920 1.1766272 0.8652504 1.0791170 1.0437792 0.9995086 1.0536150 0.9647207 1.2650501 1.6262702 1.0425399 0.7634145 1.4461455 1.4293940 1.1183399 1.2861956 1.0925556 1.1167946 0.8781833 1.0888940 1.0888940 0.0970018 0.0894916 0.0035513 0.0000000 0.1447222 0.1491446 0.0885768 1.2167740 1.1956679 1.2798114 1.2559239 1.1434546 1.2404947 1.3561465 1.0667070 1.1461522 1.0080078 1.0959898 1.2018313 1.0791354 1.0972252 1.6804411 1.6318431 1.3005798 1.2304694 1.1411622 1.5972517 1.6094836 1.6072157 1.5006449 1.7628735 1.5838946 1.2399885 1.3778221 1.4328256 1.5590841 1.3398206 1.3760915 1.4540637 1.8531074 1.1048963 1.7819784 
TrH2_TrispH2_002656-RA                                1.3195034 1.3199742 1.2858903 1.1983328 0.8323562 0.9842942 0.9802323 0.9530195 1.0238095 0.9543136 1.1714211 1.5448041 0.9975848 0.7573750 1.4327065 1.4127545 1.1753946 1.2901947 1.1059578 1.0984678 0.9599011 1.0539290 1.0539290 0.1455842 0.0986892 0.1401630 0.1447222 0.0000000 0.0106934 0.0861776 1.2073259 1.1927575 1.1654838 1.1665366 1.1227428 1.2486006 1.2527799 1.0250852 1.1224769 1.0671629 1.1539796 1.2415019 1.1168173 1.1429459 1.6139924 1.5702656 1.2998352 1.2011812 1.1256301 1.5657305 1.5765623 1.6197938 1.5505849 1.6932487 1.4991410 1.2659913 1.3540654 1.3873961 1.5888033 1.2829091 1.3666943 1.4743786 1.8219587 1.0916955 1.8579550 
Tadh_TriadT53478                                      1.3129104 1.3222267 1.2881262 1.2019874 0.8296997 0.9857407 0.9816829 0.9544724 1.0181106 0.9464151 1.1714211 1.5603581 0.9957151 0.7748458 1.4327065 1.4367663 1.1911505 1.2901947 1.1247628 1.1291150 0.9638843 1.0659481 1.0659481 0.1410950 0.0921661 0.1445600 0.1491446 0.0106934 0.0000000 0.0906505 1.2214742 1.2046758 1.1846171 1.1859012 1.1378288 1.2465249 1.2857564 1.0272845 1.1302402 1.0720615 1.1660974 1.2799833 1.1398968 1.1283827 1.6205633 1.5766682 1.2998352 1.1866960 1.1637381 1.5921086 1.5939821 1.6268562 1.5566622 1.6975429 1.5152672 1.2828738 1.3661155 1.3911831 1.6186415 1.2858199 1.3646861 1.4743786 1.8219587 1.2324882 1.8579550 
HoiH11_mRNA5586                                       1.2334504 1.2095910 1.1679628 1.0988564 0.8551414 1.0229140 0.9607944 0.9345227 1.0222243 0.9964037 1.2080763 1.5062135 0.9672757 0.7634145 1.4161831 1.2648997 0.9930386 1.1700820 0.9948348 1.1468793 0.8866367 0.9423654 0.9423654 0.1132354 0.1042675 0.0838648 0.0885768 0.0861776 0.0906505 0.0000000 1.0880968 1.0243119 1.0805062 1.0888117 0.9580106 1.0605535 1.1540527 1.0672261 1.1573456 0.9147593 1.0955670 1.1598522 1.1115353 1.1243819 1.4907807 1.4621104 1.3219559 1.1906558 1.1091612 1.3965925 1.4450533 1.5180051 1.5261959 1.5318510 1.4122002 1.2551495 1.3318329 1.3645440 1.3605095 1.1605057 1.1898373 1.5525598 1.6715100 1.1048963 1.7662400 
Spur_XM_030984391.1                                   1.4653069 1.3008012 1.2602628 1.2476244 0.7870531 1.0450912 1.0915417 1.0909694 1.0337138 0.8712792 1.1148620 1.3880007 1.0732473 0.7192120 1.0770032 1.3808365 0.9623949 1.2861469 1.0508345 1.1530579 1.0084423 1.0297792 1.0297792 1.2234949 0.9348092 1.2054260 1.2167740 1.2073259 1.2214742 1.0880968 0.0000000 1.2734743 1.2226524 1.2326975 1.0962465 1.1447612 1.2374018 1.2612755 1.4153530 0.9629460 1.3583981 1.1603387 1.0742263 1.0419141 1.6382724 1.5966261 1.2170918 1.1847096 1.2586384 1.5906198 1.6750366 1.6489995 1.7481566 1.4867615 1.4934037 1.1163629 1.3058641 1.3065897 1.5306469 1.0164060 1.3874289 1.4795701 1.6635051 1.1238221 2.3981092 
Sanmal_Sma_011597-T1                                  1.3829135 1.3945143 1.4742049 1.3357529 0.7096591 0.8650906 0.9241355 0.9732775 0.7984640 0.6498994 0.9173187 1.4208569 0.9530587 0.7295238 1.3981043 1.5579477 1.1835007 1.3924043 1.1846773 1.1865095 0.9040632 1.2617134 1.2617134 1.1957802 0.9372848 1.1846424 1.1956679 1.1927575 1.2046758 1.0243119 1.2734743 0.0000000 0.5972619 0.6134238 1.1340706 1.0686850 1.1270698 1.1451886 1.1347531 0.9414838 1.0632477 1.1274178 1.2082095 1.3665090 1.6539753 1.5948579 1.4589034 1.3511139 1.2407857 1.6331343 1.6657313 1.6443154 1.6465784 1.6163354 1.5211567 1.1969756 1.3887296 1.4714536 1.5350522 1.1814327 1.1716044 1.1039912 1.6983438 1.3408529 1.8175149 
Nemnom_g12087.t1                                      1.4102530 1.3826116 1.3777839 1.2298728 0.6687987 0.8786611 0.9268543 0.9471724 0.9165051 0.8207647 0.9721405 1.2793684 0.8445145 0.6751385 1.1580870 1.5885187 1.2637162 1.5204111 1.2920715 1.1522472 0.9011620 1.1522626 1.1522626 1.2615829 1.0379849 1.2683904 1.2798114 1.1654838 1.1846171 1.0805062 1.2226524 0.5972619 0.0000000 0.1410317 1.1628947 1.1844806 1.1783223 1.1612223 1.2841694 0.9273649 1.2004315 1.1641787 1.0972187 1.2596375 1.4389360 1.3944688 1.3567757 1.2478502 1.1615290 1.5341262 1.4439561 1.5201487 1.4961829 1.4673465 1.4428390 1.2819901 1.4240867 1.4572994 1.5703020 1.1893805 1.1794209 1.2889255 1.7329095 1.0895879 1.8242244 
Rhoesc_Res_016369-T1                                  1.3936694 1.3338372 1.4289699 1.2601531 0.6959320 0.8735659 0.9346762 0.9305293 0.9185465 0.7993162 1.0003434 1.4061101 0.8808423 0.6751385 1.2133842 1.6213897 1.2948508 1.5247861 1.2875387 1.0504371 0.9106993 1.1729025 1.1729025 1.2309130 1.0303899 1.2445410 1.2559239 1.1665366 1.1859012 1.0888117 1.2326975 0.6134238 0.1410317 0.0000000 1.1579885 1.1741952 1.1480209 1.1361353 1.2308677 0.9088425 1.1613016 1.1563447 1.0624327 1.3583851 1.4796688 1.4269207 1.3614576 1.2668737 1.2484637 1.5612099 1.4610338 1.5239029 1.5603017 1.5440071 1.4961204 1.3300913 1.4343616 1.4589837 1.5821412 1.1750960 1.2819795 1.2962669 1.8008208 1.0161579 1.6970467 
Cgig_XM_011435059.3                                   1.3412088 1.4988644 1.6106334 1.2377848 0.8270479 1.1134773 1.1571762 1.1732670 1.1152260 1.0550025 1.3400571 1.5215075 1.0831173 0.6677771 1.1587538 1.1624493 1.0640877 1.1642029 0.9979923 1.0944991 0.9306100 1.2718150 1.2718150 1.1140388 0.9060444 1.1326852 1.1434546 1.1227428 1.1378288 0.9580106 1.0962465 1.1340706 1.1628947 1.1579885 0.0000000 0.6586352 0.6335254 1.4207958 1.3174722 0.9492253 1.1197124 1.1731159 1.0723549 1.1169071 1.7261283 1.7283224 1.5102537 1.3666948 1.2833783 1.6770933 1.8164893 1.6718081 1.5138023 1.6723154 1.6521849 1.3370511 1.3797208 0.9366832 1.1800629 1.3136523 1.3139393 1.2685067 1.5033456 1.1420323 1.7686742 
Ctel_gnl_WGS_AMQN_CAPTEDRAFT_mRNA185148               1.2761297 1.2994155 1.4046299 1.3251094 0.8489041 1.0027124 1.0077207 1.0024621 1.0024361 0.9675490 1.1313663 1.4485025 1.0375908 0.6843507 1.4587786 1.3523877 1.1101704 1.2919265 1.1245551 1.1961803 0.8359138 1.0830396 1.0830396 1.2192825 1.1274792 1.2290742 1.2404947 1.2486006 1.2465249 1.0605535 1.1447612 1.0686850 1.1844806 1.1741952 0.6586352 0.0000000 0.6965889 1.1561187 1.1981316 0.9559799 1.1926442 1.2206648 0.9357822 1.1344984 1.3849163 1.3639783 1.2796570 1.1037094 1.1597182 1.4233219 1.4222675 1.3604452 1.3803296 1.5321389 1.4181293 1.1724963 1.1706937 1.0174175 1.2202426 1.2450454 1.4871123 1.4786341 1.7927539 1.1181707 1.7404154 
Acagra_model.g25056.t1                                1.4087433 1.4484962 1.4984243 1.3087572 0.9044308 1.0534453 1.0043541 1.0831751 1.1640230 1.0865974 1.2047433 1.4389660 1.0530681 0.6819000 1.1290505 1.3274899 1.0660679 1.3584524 1.1914419 1.2203081 0.9423203 1.2004247 1.2004247 1.3132022 1.1669898 1.3443954 1.3561465 1.2527799 1.2857564 1.1540527 1.2374018 1.1270698 1.1783223 1.1480209 0.6335254 0.6965889 0.0000000 1.3853952 1.4009743 0.9573862 1.2016150 1.1076784 1.1246548 1.1104077 1.7126222 1.6810871 1.6024715 1.4418621 1.3189804 1.7525141 1.8754137 1.8070340 1.5505748 1.6057563 1.5952615 1.2160275 1.3497349 0.9217859 1.1213521 1.4264455 1.4582248 1.5602761 1.7001056 1.5228452 1.8499081 
Dgig_XM_028550811.1                                   1.3495268 1.2803832 1.3464205 1.2483338 0.7879646 1.0118622 0.9898801 0.9437946 0.9727990 0.8416729 1.0046711 1.2743935 1.0498134 0.5649948 1.3321508 1.5512123 1.2532405 1.4827002 1.2270921 1.2922447 1.0379046 1.2487679 1.2487679 1.1317215 0.9795998 1.0691403 1.0667070 1.0250852 1.0272845 1.0672261 1.2612755 1.1451886 1.1612223 1.1361353 1.4207958 1.1561187 1.3853952 0.0000000 0.4477505 1.1548272 1.1332698 1.1503838 1.0641342 1.2551020 1.6289688 1.6123406 1.7065545 1.3813400 1.2562752 1.4314291 1.6570168 1.6220606 1.4533412 1.5765507 1.6601080 1.3909500 1.4040510 1.3384078 1.3087062 1.2152224 1.2685272 1.2646446 2.0346365 1.4126878 1.7516220 
Xesp_016488-T1                                        1.4177784 1.4909587 1.5146335 1.4135265 0.9143820 1.0301064 1.0100273 1.0168056 1.0529560 0.9773871 1.1784793 1.3698737 1.0962445 0.7473140 1.6295266 1.7432240 1.4346900 1.4895370 1.2455026 1.3802803 1.0119187 1.2616119 1.2616119 1.1994712 1.1241465 1.1355142 1.1461522 1.1224769 1.1302402 1.1573456 1.4153530 1.1347531 1.2841694 1.2308677 1.3174722 1.1981316 1.4009743 0.4477505 0.0000000 1.2097202 1.1089795 1.1983593 1.2066742 1.3907537 1.7419387 1.6919664 1.6307905 1.3619739 1.3011896 1.4928176 1.6210772 1.4475097 1.4705212 1.5274665 1.5248684 1.3705873 1.4558135 1.3047805 1.4435820 1.3010553 1.3790640 1.2207620 2.2680633 1.7802987 1.5785068 
Skow_XM_002736279.2                                   1.3898995 1.4263012 1.5438794 1.2347815 0.6985920 0.8631549 0.9071154 0.9010301 0.8180644 0.7995585 0.8817290 1.3393957 0.9401548 0.9553169 1.0892145 1.4576023 1.0908195 1.2423605 1.0691765 1.0414767 0.7938655 1.0005656 1.0005656 1.0696625 0.9474726 0.9979301 1.0080078 1.0671629 1.0720615 0.9147593 0.9629460 0.9414838 0.9273649 0.9088425 0.9492253 0.9559799 0.9573862 1.1548272 1.2097202 0.0000000 0.9714853 0.9808891 0.9940069 1.2206322 1.7187262 1.6379481 1.5889416 1.4967013 1.3002960 1.6912681 1.7140981 1.6916617 1.5366483 1.6430349 1.5674421 1.3627013 1.5263567 1.2938417 1.3952716 1.0770816 1.2217266 1.4349153 1.5073553 1.1786977 1.6378906 
Nvec_v1g175766                                        1.3545604 1.3082198 1.4448531 1.3040382 0.7401109 0.8457850 0.8483504 0.7953610 0.9092625 0.8328373 0.9780352 1.4370950 1.0857414 0.9534814 1.0364432 1.5813501 1.2297114 1.4222880 1.2646324 1.1271590 0.9562576 1.2902791 1.2902791 1.1340491 1.0492930 1.0853816 1.0959898 1.1539796 1.1660974 1.0955670 1.3583981 1.0632477 1.2004315 1.1613016 1.1197124 1.1926442 1.2016150 1.1332698 1.1089795 0.9714853 0.0000000 0.7738938 1.1015817 1.2462747 1.7990868 1.6940110 1.3225228 1.2995101 1.3276488 1.6479268 1.7062285 1.6519932 1.6552876 1.7453379 1.5033401 1.1434183 1.3193764 1.2798216 1.4718670 1.2097710 1.2613164 1.1584493 1.8720038 0.9701175 0.1744107 
Exapal_XM_021057317.2                                 1.4808157 1.4939315 1.4365629 1.2805294 0.8143476 0.9512674 0.9085810 0.9475612 0.9360978 0.8278963 1.2266102 1.2852892 0.9987009 0.7850886 1.0829509 1.4515930 1.0662987 1.2522468 1.1034893 1.1053768 0.9450944 1.1404498 1.1404498 1.2484360 1.1345440 1.1908995 1.2018313 1.2415019 1.2799833 1.1598522 1.1603387 1.1274178 1.1641787 1.1563447 1.1731159 1.2206648 1.1076784 1.1503838 1.1983593 0.9808891 0.7738938 0.0000000 1.1768883 1.2228924 1.6823383 1.6214396 1.1990710 1.2554335 1.0844237 1.5258235 1.7462256 1.6272441 1.5471722 1.6887379 1.6758722 1.3580616 1.3921633 1.3232915 1.3502502 1.2162756 1.3527591 1.4161522 1.8354376 1.4139897 1.3020926 
Hsap_ENST00000337738                                  1.4377616 1.3621120 1.4682041 1.2775832 0.7837473 0.9007873 0.9118380 0.9034383 0.9021200 0.8444809 1.0583651 1.4316315 0.8887260 1.0573913 0.8800672 1.6460634 1.0591965 1.4110729 1.2157300 1.1678674 0.6522353 0.9769891 0.9769891 1.0914726 0.9568065 1.0815713 1.0791354 1.1168173 1.1398968 1.1115353 1.0742263 1.2082095 1.0972187 1.0624327 1.0723549 0.9357822 1.1246548 1.0641342 1.2066742 0.9940069 1.1015817 1.1768883 0.0000000 1.1265959 1.4761300 1.4574288 1.3940149 1.3342185 1.2494277 1.4725177 1.6559176 1.4964271 1.5854378 1.6244478 1.6086602 1.3253137 1.2625715 1.0786630 1.1520160 1.3880151 1.2759033 1.4194435 1.6857456 0.6945837 1.7607313 
Cscu_XM_023388874.1                                   1.4829217 1.5208348 1.3571754 1.3120374 1.0347868 1.1590781 1.1301987 1.1342432 1.0852449 0.9783913 1.3409734 1.6396614 1.2370344 0.8366442 1.4092550 1.4223302 1.0318720 1.1762321 1.0771565 1.4499149 1.1465122 1.1728377 1.1728377 1.0596761 0.9241528 1.0869657 1.0972252 1.1429459 1.1283827 1.1243819 1.0419141 1.3665090 1.2596375 1.3583851 1.1169071 1.1344984 1.1104077 1.2551020 1.3907537 1.2206322 1.2462747 1.2228924 1.1265959 0.0000000 1.8385419 1.8211136 1.5274831 1.3707756 1.5050469 1.6008901 1.7379124 1.5575624 1.6752423 1.7082270 1.6119568 1.2826397 1.2630167 1.0120011 1.1476403 1.4170264 1.5001104 1.4299826 1.8539552 1.6576293 2.5341390 
Pbac_sb2665013                                        1.8858708 1.7473344 1.6937003 1.6217030 1.2320039 1.3282231 1.4157006 1.4473461 1.4011364 1.1183923 2.1978218 1.7805732 1.5166749 0.8731142 1.4050245 2.0518706 1.3708280 1.9505721 1.6799503 1.4659054 1.5206739 1.5962248 1.5962248 1.7087780 1.2425475 1.6661698 1.6804411 1.6139924 1.6205633 1.4907807 1.6382724 1.6539753 1.4389360 1.4796688 1.7261283 1.3849163 1.7126222 1.6289688 1.7419387 1.7187262 1.7990868 1.6823383 1.4761300 1.8385419 0.0000000 0.0779088 0.4996130 0.5036397 0.6371279 0.8035487 0.6366610 0.8347126 0.8436738 0.8991437 0.8117601 0.7151857 0.6795031 1.6011307 1.5523042 1.7050407 1.7780588 2.1084487 2.0660647 1.0957828 4.2833135 
Horcal_Hcv1.av93.c8.g412.i1                           1.8691323 1.6943910 1.6557856 1.5790699 1.1884163 1.3087430 1.3676941 1.3880493 1.3691310 1.1180174 2.0438087 1.6934080 1.4830528 0.9198882 1.4217118 1.9749684 1.3384275 1.8099361 1.5716613 1.4235945 1.4760777 1.5108427 1.5108427 1.6732579 1.2275215 1.6178868 1.6318431 1.5702656 1.5766682 1.4621104 1.5966261 1.5948579 1.3944688 1.4269207 1.7283224 1.3639783 1.6810871 1.6123406 1.6919664 1.6379481 1.6940110 1.6214396 1.4574288 1.8211136 0.0779088 0.0000000 0.4698852 0.4794692 0.6093582 0.7835669 0.6185680 0.8330094 0.8367293 0.8494019 0.7676343 0.6786824 0.6919684 1.5973675 1.5600033 1.6771152 1.7535333 2.0533737 2.0267909 1.0957828 4.2365466 
Bolinf_Binf_sb1191175                                 1.6043930 1.4231010 1.4365099 1.3435202 1.0593164 1.0685257 1.2738255 1.2531944 1.2304279 1.3200383 1.6997602 1.4865889 1.3639565 0.5651036 1.6964675 1.4520299 1.2316954 1.4079868 1.3035639 1.4091252 1.4104629 1.4075734 1.4075734 1.3828204 1.3459618 1.3005798 1.3005798 1.2998352 1.2998352 1.3219559 1.2170918 1.4589034 1.3567757 1.3614576 1.5102537 1.2796570 1.6024715 1.7065545 1.6307905 1.5889416 1.3225228 1.1990710 1.3940149 1.5274831 0.4996130 0.4698852 0.0000000 0.0000010 0.4381639 0.4478090 0.4175455 0.6471016 0.5809400 0.6456146 0.4908399 0.5126067 0.6564363 1.5386862 1.1883816 1.2808895 1.4875001 1.5099047 1.6768365 0.1880845 2.5297064 
Mertsp_Mesp_sb564609                                  1.4908437 1.3269919 1.3357541 1.1963480 1.0127006 0.9883574 1.1442486 1.1340153 1.1698346 1.1722899 1.8527016 1.4051688 1.2350652 0.6815369 1.6964675 1.3305282 1.1985979 1.4676851 1.1959941 1.4109868 1.3016763 1.3091183 1.3091183 1.2698556 1.2143001 1.2304694 1.2304694 1.2011812 1.1866960 1.1906558 1.1847096 1.3511139 1.2478502 1.2668737 1.3666948 1.1037094 1.4418621 1.3813400 1.3619739 1.4967013 1.2995101 1.2554335 1.3342185 1.3707756 0.5036397 0.4794692 0.0000010 0.0000000 0.4580652 0.4489499 0.3647132 0.6534701 0.5669978 0.5578690 0.4679128 0.4898258 0.5751960 1.3235087 1.1647763 1.3004610 1.3602233 1.6850940 1.8723841 0.8611708 4.9157375 
Bolinf_Binf_sb1232307                                 1.2886310 1.1830984 1.2226493 1.2291842 1.0329129 1.0749873 1.0594806 1.1231523 1.1308994 1.1712588 1.6576784 1.3226511 1.1840042 0.7573030 1.5489149 1.1276844 1.1316229 1.4132188 1.0784719 1.1449914 1.1604684 1.2899215 1.2899215 1.2443986 1.0562202 1.1269704 1.1411622 1.1256301 1.1637381 1.1091612 1.2586384 1.2407857 1.1615290 1.2484637 1.2833783 1.1597182 1.3189804 1.2562752 1.3011896 1.3002960 1.3276488 1.0844237 1.2494277 1.5050469 0.6371279 0.6093582 0.4381639 0.4580652 0.0000000 0.2772421 0.5458995 0.4367904 0.4825235 0.7459195 0.6322168 0.6150029 0.7049798 1.2153575 1.0489254 1.2603437 1.4454924 2.0043728 1.5801095 1.0401313 2.7242442 
Mlei_ML0639.g8.i1                                     1.6537377 1.4673133 1.5386272 1.5170005 1.1059328 1.3536784 1.3110931 1.4526308 1.4861245 1.2696157 2.0329496 1.7172513 1.4413051 0.7155219 1.5217977 2.0672110 1.4615672 1.9345519 1.5691608 1.6373820 1.4981078 1.6308726 1.6308726 1.7021846 1.1219405 1.5836299 1.5972517 1.5657305 1.5921086 1.3965925 1.5906198 1.6331343 1.5341262 1.5612099 1.6770933 1.4233219 1.7525141 1.4314291 1.4928176 1.6912681 1.6479268 1.5258235 1.4725177 1.6008901 0.8035487 0.7835669 0.4478090 0.4489499 0.2772421 0.0000000 0.6760128 0.6005546 0.6536585 0.9173501 0.7959276 0.6407933 0.7206264 1.5788106 1.3333009 1.6450911 1.8054030 2.2495130 2.6442935 1.0753741 3.4816160 
Lampan_Lpan_C412551_01                                1.6459692 1.6786156 1.7037669 1.4690002 1.2884211 1.4163255 1.5634523 1.6038248 1.5081035 1.4253265 2.1988337 1.7978006 1.6214002 0.8564358 1.8631048 1.9889464 1.5379056 1.9153885 1.5718492 1.8800539 1.6870023 1.5789121 1.5789121 1.6863587 1.2975580 1.5958300 1.6094836 1.5765623 1.5939821 1.4450533 1.6750366 1.6657313 1.4439561 1.4610338 1.8164893 1.4222675 1.8754137 1.6570168 1.6210772 1.7140981 1.7062285 1.7462256 1.6559176 1.7379124 0.6366610 0.6185680 0.4175455 0.3647132 0.5458995 0.6760128 0.0000000 0.7777766 0.8191405 0.7659587 0.6651118 0.5416164 0.6998178 1.6248159 1.5392790 1.7820951 2.0562008 2.2882808 2.3489072 0.8507377 3.6525031 
Beraby_Baby_sb328665                                  1.6463418 1.4807903 1.4914487 1.4548302 1.2542575 1.3759130 1.3807415 1.4799900 1.3827694 1.2448220 2.0687609 1.8100387 1.3395851 0.7641167 1.4812031 1.8191732 1.4298789 1.7143180 1.4890943 1.4833952 1.5281104 1.6198722 1.6198722 1.6634859 1.2586034 1.5931263 1.6072157 1.6197938 1.6268562 1.5180051 1.6489995 1.6443154 1.5201487 1.5239029 1.6718081 1.3604452 1.8070340 1.6220606 1.4475097 1.6916617 1.6519932 1.6272441 1.4964271 1.5575624 0.8347126 0.8330094 0.6471016 0.6534701 0.4367904 0.6005546 0.7777766 0.0000000 0.7517741 0.9955587 0.9953680 0.8760734 0.9211559 1.4557507 1.5645316 1.7516048 1.9606534 2.0658905 2.0253923 1.2016630 3.3625531 
Drygla_Dgla_sb287636                                  1.7867295 1.5573091 1.6180148 1.5431761 1.3337208 1.4625976 1.4509119 1.5270962 1.4623102 1.4012056 2.3857957 1.9979355 1.3855910 0.8497872 1.8236428 1.8041864 1.5958418 1.8878636 1.5348822 1.6423898 1.4915508 1.5960806 1.5960806 1.5484216 1.2785424 1.4864615 1.5006449 1.5505849 1.5566622 1.5261959 1.7481566 1.6465784 1.4961829 1.5603017 1.5138023 1.3803296 1.5505748 1.4533412 1.4705212 1.5366483 1.6552876 1.5471722 1.5854378 1.6752423 0.8436738 0.8367293 0.5809400 0.5669978 0.4825235 0.6536585 0.8191405 0.7517741 0.0000000 0.8992816 0.8677017 0.7870855 0.8055191 1.5317487 1.5019739 1.5490542 1.8012871 1.9118600 2.5394471 1.1461093 2.9385001 
Vmul_SimC394678                                       1.6966399 1.7733888 1.7226288 1.4733911 1.1243585 1.3612918 1.3937026 1.4265034 1.3757945 1.1430855 1.9679315 1.6477903 1.3651075 1.3250686 1.4276032 2.0824915 1.5216360 1.6702716 1.4633210 1.8346680 1.6901668 1.6501946 1.6501946 1.7938169 1.2923220 1.7482831 1.7628735 1.6932487 1.6975429 1.5318510 1.4867615 1.6163354 1.4673465 1.5440071 1.6723154 1.5321389 1.6057563 1.5765507 1.5274665 1.6430349 1.7453379 1.6887379 1.6244478 1.7082270 0.8991437 0.8494019 0.6456146 0.5578690 0.7459195 0.9173501 0.7659587 0.9955587 0.8992816 0.0000000 0.4796772 0.4392385 0.7394058 1.4339199 1.4252273 1.7530475 1.8399818 1.9807042 2.1084351 1.3040404 3.3071962 
Coemet_Cmet_C597559_01                                1.8493708 1.6896940 1.6380997 1.5047420 1.2325801 1.3542652 1.4078924 1.4401986 1.3914828 1.1714077 2.0834756 1.8007000 1.4466785 1.1303342 1.4802280 2.1302379 1.5854389 1.8477543 1.5781918 1.8037219 1.6859848 1.5525311 1.5525311 1.6283578 1.1958680 1.5705885 1.5838946 1.4991410 1.5152672 1.4122002 1.4934037 1.5211567 1.4428390 1.4961204 1.6521849 1.4181293 1.5952615 1.6601080 1.5248684 1.5674421 1.5033401 1.6758722 1.6086602 1.6119568 0.8117601 0.7676343 0.4908399 0.4679128 0.6322168 0.7959276 0.6651118 0.9953680 0.8677017 0.4796772 0.0000000 0.0307873 0.7469584 1.3178787 1.6034829 1.6826035 1.6472768 2.0990612 2.2223176 1.1386563 2.9007161 
Coeast_Cast_sb802584                                  1.4031445 1.3659118 1.3635169 1.2710648 1.1105394 1.0676250 1.0692977 1.0593254 1.1178009 1.1470081 1.6025348 1.5641734 1.1662042 1.1303342 1.4603475 1.4080071 1.2550494 1.5035709 1.2596094 1.3311182 1.2955733 1.1969140 1.1969140 1.2884217 1.2182252 1.2399885 1.2399885 1.2659913 1.2828738 1.2551495 1.1163629 1.1969756 1.2819901 1.3300913 1.3370511 1.1724963 1.2160275 1.3909500 1.3705873 1.3627013 1.1434183 1.3580616 1.3253137 1.2826397 0.7151857 0.6786824 0.5126067 0.4898258 0.6150029 0.6407933 0.5416164 0.8760734 0.7870855 0.4392385 0.0307873 0.0000000 0.6705754 0.9934999 1.2371116 1.2498283 1.2590433 1.5591962 1.6469592 1.1386563 2.4661705 
