60
Coeast_Cast_sb775423                    0.0000000 0.0427575 0.6389086 0.5961339 1.3259033 1.3195410 1.2252994 1.2222660 1.2289554 2.7043792 2.6449808 2.6339360 2.7842026 2.7126103 2.5346621 2.3267537 2.9604599 2.6639964 1.8951896 9.0000000 0.0000010 0.0000010 0.0000010 2.9215202 3.0020338 3.6415009 3.5506165 3.8289202 3.2333906 2.9159223 2.9397731 0.0000010 2.3947310 2.3279261 2.3279261 2.4935302 2.3233364 2.3609665 2.4738259 2.9221866 2.4235471 2.9999342 2.3058290 3.3516178 3.2722942 0.0000010 3.0489920 2.8460373 2.7636375 3.1027504 2.4934613 2.7734179 2.7564483 2.7112245 2.7364418 3.1821569 2.8558960 2.7404248 0.9856816 0.0000010 
Coemet_Cmet_scaffold20324_01            0.0427575 0.0000000 0.0350524 0.5667788 1.6158119 1.1072239 1.1090814 1.0791480 1.3564564 2.9273710 2.9577014 2.8728582 3.0461885 2.9906373 3.2009238 3.0473487 3.1342596 3.0105683 3.5327994 3.4628327 2.8929653 2.8328512 2.9507640 3.3084851 3.1301465 3.3680562 3.3777219 3.6448934 3.2140695 2.9415782 3.3325006 1.7146295 2.8708027 2.9299919 2.8068481 2.9332943 2.9915251 3.0088846 2.9011917 3.1464907 2.9526600 3.0694024 3.0083980 3.2159435 3.5344213 2.6477279 3.1326162 3.2058130 2.9474271 3.0610646 3.1262493 2.9623099 2.9482604 4.2752165 3.2376863 3.2095178 3.4490998 3.2692573 3.6415671 3.7039964 
Coeast_Cast_sb775422                    0.6389086 0.0350524 0.0000000 0.4021393 9.0000000 0.8690599 0.8644912 0.7647975 0.8170481 2.3411330 2.4679056 2.5277745 2.4786945 2.3277007 3.1856066 2.7639581 2.9854927 2.7480419 3.2961596 1.9868057 4.5753392 3.0282466 3.2371058 3.1104770 2.9500094 2.4102213 2.4811564 2.8156028 2.5075433 2.2357345 3.3170293 0.0000010 3.3570459 3.0948708 3.0948708 2.7024208 3.0400471 3.0608787 2.5835931 2.5439359 2.9462023 2.6365744 2.8811797 2.7109577 2.9984497 2.3131031 2.7832774 2.7182239 2.5120547 2.6870902 3.6267791 2.4414643 2.7455843 9.0000000 3.8843525 3.1888874 4.4622304 3.0689041 0.0000010 2.9920491 
Vmul_Simscaffold4176_01                 0.5961339 0.5667788 0.4021393 0.0000000 1.3696046 1.0380667 1.1096836 1.1214134 1.3935375 2.7693395 2.8284601 2.6779367 2.9231766 2.8327470 3.0364890 2.9163584 2.9161018 2.9056782 3.1807423 3.2078251 3.0381082 2.9914282 3.1727826 3.3439048 2.9899736 3.2229274 3.1995215 3.3632076 3.0475607 2.8779208 3.3295965 1.9666817 3.0830308 2.8460410 2.6766138 2.8654720 2.8610507 2.9083365 2.9409390 3.1046215 2.9980075 2.9718840 2.8682239 3.0625421 3.4566817 2.6736515 2.9949351 2.9669514 2.8769731 2.9743180 3.1148871 2.7924406 2.9458864 3.2307875 3.2130425 3.1600079 3.2049229 3.2413084 3.4859197 3.6324480 
Vmul_sbMO393967                         1.3259033 1.6158119 9.0000000 1.3696046 0.0000000 0.0131020 0.9176353 1.3426521 1.2399763 3.3732472 3.2066806 3.4038137 3.4448974 3.4086014 3.4381030 3.4591191 3.5195761 3.2248015 9.0000000 9.0000000 0.0000010 0.0000010 0.0000010 3.7521849 3.3242154 3.0531724 2.9983069 4.7052982 3.5537013 3.3466211 2.9906428 0.0000010 3.1675013 3.3861963 2.9158745 2.8670975 3.5067089 3.5200577 3.2626105 3.1557674 3.0651419 3.4692011 3.5722229 3.0073849 3.5682736 0.0000010 3.0213094 3.1051508 3.3697204 3.3959797 2.9222425 3.8824838 3.4273050 3.5147578 2.7362280 0.0000010 3.5052108 3.2550287 1.4880068 2.3795951 
Mlei_ML0866.g12.i1                      1.3195410 1.1072239 0.8690599 1.0380667 0.0131020 0.0000000 0.6403356 0.8140593 0.8641532 2.6460697 2.5577378 2.6200911 2.6490526 2.6447713 2.7373940 2.6145027 2.6388730 2.6169446 3.5062401 3.6113234 3.1567866 2.9060338 3.0835777 3.0339626 2.6945453 2.8545412 2.8667596 2.9182000 2.8768779 2.8106566 2.9347328 1.8232029 2.8907321 2.7759962 2.6590508 2.7967456 2.9465430 2.7617381 2.6857835 2.8762690 2.7637782 2.8624456 2.6497170 2.6149598 2.9561338 2.8930384 2.6757334 2.7152179 2.7827822 2.7669775 2.7647624 2.7222748 2.8697252 3.4997312 3.0221233 3.2627385 3.3006288 2.8874473 3.4228202 3.5489609 
Beraby_Baby_sb350185                    1.2252994 1.1090814 0.8644912 1.1096836 0.9176353 0.6403356 0.0000000 0.8037164 0.9418293 2.7941260 2.7845025 2.8289186 2.8056608 2.7884120 2.8877175 2.7699186 2.8039884 2.8209042 3.3626133 3.5188364 3.4493526 2.9020652 3.1574579 3.1070722 2.9468149 3.1508489 3.1047389 3.2703896 3.1049367 2.8762222 3.1487001 1.8038102 3.0044982 2.8714814 2.8463724 2.9137183 2.9162767 2.7522723 2.7663115 3.0657078 2.8413392 3.1299620 2.8250508 2.8795974 3.2357993 3.0438296 2.8916788 2.8712971 2.8646389 2.9057613 2.8035357 2.6115869 2.6669980 4.0422498 3.2642933 3.2463656 3.4570035 2.9839404 3.5470409 3.3118192 
Lampan_Lpan_12232_01                    1.2222660 1.0791480 0.7647975 1.1214134 1.3426521 0.8140593 0.8037164 0.0000000 0.9842749 2.6901760 2.6811793 2.6679605 2.6777604 2.7597007 2.8579133 2.7373127 3.0109864 2.8066775 3.5259183 2.6166644 9.0000000 2.8530414 3.0047710 2.7435421 2.5276098 2.6714377 2.7166478 2.6302840 2.5499426 2.7146493 3.2448455 0.0000010 2.9081577 2.5877221 2.5478825 2.6353596 2.7477174 2.6336592 2.6683601 2.8197083 2.6154256 2.7332055 2.8409037 2.5994768 3.1250495 3.3669814 2.7029208 2.6752953 2.7803801 2.6225400 2.6996906 2.7156225 2.8070034 2.9935577 2.9664634 3.0191394 3.2646236 2.9445182 0.0000010 2.6427575 
Drygla_Dgla_sb286851                    1.2289554 1.3564564 0.8170481 1.3935375 1.2399763 0.8641532 0.9418293 0.9842749 0.0000000 2.5712115 2.6278249 2.5780775 2.5285899 2.7255156 2.5978424 2.5351626 2.5554191 2.7523498 2.5845729 2.7475028 6.5356565 2.3620434 2.6091649 3.0130413 2.8076833 2.7018175 2.6871862 2.8160581 2.9244249 3.0097338 3.1029744 1.8880811 2.8048401 2.8876561 2.6930551 2.7109506 2.8133646 2.7286231 2.7324402 2.8609004 2.5568813 2.8280569 2.9534302 2.6137603 3.0292612 1.1996755 2.7262935 3.0443598 2.8479251 2.8506407 2.8532650 2.9406631 2.7004251 3.9706482 3.1445549 2.9143465 3.4270291 3.0089136 2.0228970 2.5128612 
Fspp_ffun1.m4.14569.m1                  2.7043792 2.9273710 2.3411330 2.7693395 3.3732472 2.6460697 2.7941260 2.6901760 2.5712115 0.0000000 0.1354179 0.2323355 0.2070083 0.2526066 0.4471961 0.4353911 0.8398345 0.8761667 2.5657767 2.7831464 1.4510408 1.5666005 1.6837253 1.6926147 1.4843502 1.7754065 1.8043535 1.8825772 1.7613189 1.6357097 2.1120424 1.8071266 2.0182787 1.8153047 1.8218887 2.0050798 1.9044639 2.2477837 2.0916839 2.1584685 1.8947106 2.0037141 2.1019919 1.8583114 1.9161649 2.2505310 2.3522140 2.4657274 2.3868514 2.4901489 2.0745946 1.9103126 2.1653123 3.3038097 2.5174701 2.2445939 2.6659359 2.0821880 2.7200496 3.3342731 
Gasp_gasp1.m3.18624.m1                  2.6449808 2.9577014 2.4679056 2.8284601 3.2066806 2.5577378 2.7845025 2.6811793 2.6278249 0.1354179 0.0000000 0.2084573 0.1917445 0.2270318 0.4321215 0.3943817 0.8033153 0.8483052 2.6456133 2.7457545 1.3774390 1.6329355 1.7450563 1.6862726 1.4976138 1.7308923 1.7304025 1.8154233 1.6905747 1.6076106 2.0426144 1.7895800 1.9863757 1.7417354 1.7471115 1.9239058 1.8261315 2.1847047 2.0109030 2.0212655 1.8166546 1.9331659 2.0782663 1.8428799 1.8827304 2.3281879 2.3293017 2.4658984 2.3746433 2.5423447 2.0435089 2.0273071 2.1846182 3.4347506 2.6166232 2.3331229 2.8349203 2.1055684 2.7061413 3.2870380 
Pocdam_XM_027199107.1                   2.6339360 2.8728582 2.5277745 2.6779367 3.4038137 2.6200911 2.8289186 2.6679605 2.5780775 0.2323355 0.2084573 0.0000000 0.1188474 0.2758637 0.5181817 0.4722617 0.8424414 0.8759741 2.6198829 2.1100684 1.3064584 1.6068070 1.7157560 1.5748335 1.4566202 1.5952863 1.6315815 1.6380781 1.6050874 1.4378996 1.8627274 1.8809038 2.0594509 1.7842762 1.7639611 1.7784112 1.8600542 2.1090468 1.8538849 1.8598620 1.6967906 1.9154680 2.1450306 1.7776257 1.9284292 2.2052481 2.2524409 2.3586495 2.2150152 2.4501941 2.1738651 2.0791012 2.2447361 3.6040006 2.6403802 2.2849621 2.8050953 2.1827283 2.0550797 2.7084411 
Spis_XP_022798251_1                     2.7842026 3.0461885 2.4786945 2.9231766 3.4448974 2.6490526 2.8056608 2.6777604 2.5285899 0.2070083 0.1917445 0.1188474 0.0000000 0.2700892 0.4842370 0.4403636 0.8615061 0.9397147 2.6227838 2.7050516 1.3450647 1.5797599 1.6867737 1.7735735 1.5656580 1.8178413 1.8565610 1.9082141 1.8249530 1.6875287 2.0844496 1.8599872 2.0460252 1.8742157 1.8777312 1.9776013 1.9629814 2.3073799 2.0578142 2.1400738 1.8489169 1.9922227 2.0550841 1.9706822 1.9787173 2.4788147 2.3798392 2.5084310 2.4195487 2.5846642 2.1328950 2.0259486 2.2845396 3.5451384 2.6553967 2.3633147 2.8717138 2.1891621 2.8371149 3.4417446 
Gfas_gfas1.m1.15296.m1                  2.7126103 2.9906373 2.3277007 2.8327470 3.4086014 2.6447713 2.7884120 2.7597007 2.7255156 0.2526066 0.2270318 0.2758637 0.2700892 0.0000000 0.3917061 0.3567560 0.8844900 0.9026687 2.5870251 2.8028946 1.3198516 1.6763477 1.7408264 1.6677453 1.4787909 1.8015713 1.7806529 1.8017565 1.7025024 1.6097378 2.0516078 1.7635364 2.0976332 1.9167803 1.8895318 2.0416737 1.9487566 2.3659203 2.0991699 2.1403429 1.9089605 1.9952155 2.0998510 1.9321848 1.9153957 2.4385979 2.3486226 2.4381581 2.3484340 2.5301953 2.0521042 1.9783332 2.2585868 3.1504709 2.4440039 2.3193432 2.8590769 2.2603549 2.8151745 3.2824231 
Adig_XM_015903360.1                     2.5346621 3.2009238 3.1856066 3.0364890 3.4381030 2.7373940 2.8877175 2.8579133 2.5978424 0.4471961 0.4321215 0.5181817 0.4842370 0.3917061 0.0000000 0.0255604 0.9804853 1.0155097 2.6272646 2.6278044 1.3944472 1.9600533 2.1012764 1.8792730 1.5451247 1.8424196 1.8446330 1.9759217 1.8030754 1.6888325 2.1263185 1.6399257 2.1295668 1.9959630 1.9949197 2.1119537 2.0394355 2.3833873 2.2435253 2.3355104 2.0392807 2.1271627 2.2599366 2.0318613 2.0278063 2.2330744 2.3828427 2.3562796 2.2926356 2.5974536 2.0235710 2.0908257 2.2301245 3.5185455 2.4661806 2.7394461 2.8339691 2.3392347 3.0508666 3.7152586 
Amil_Amillepora24602-RA                 2.3267537 3.0473487 2.7639581 2.9163584 3.4591191 2.6145027 2.7699186 2.7373127 2.5351626 0.4353911 0.3943817 0.4722617 0.4403636 0.3567560 0.0255604 0.0000000 0.9654178 0.9794272 2.6604665 2.6399529 1.3884210 1.8138902 1.9244254 1.7917832 1.4553988 1.8187226 1.8063911 1.9175297 1.7579809 1.5990562 2.0577829 1.6399257 2.0358005 1.8925000 1.8830304 2.0035974 1.9383487 2.2416350 2.1381658 2.2108962 1.8971899 2.0072845 2.1056961 1.9477510 1.9783612 2.1739241 2.3330364 2.3471982 2.2500753 2.5483238 1.9944620 2.0114962 2.1897673 3.6023962 2.4347922 2.3544191 2.7583598 2.2925771 3.0096235 3.4381515 
Nvec_v1g243939                          2.9604599 3.1342596 2.9854927 2.9161018 3.5195761 2.6388730 2.8039884 3.0109864 2.5554191 0.8398345 0.8033153 0.8424414 0.8615061 0.8844900 0.9804853 0.9654178 0.0000000 0.6818961 2.7605691 2.7775569 1.6308005 1.8932412 1.9302441 1.8196608 1.6488458 1.9070005 1.9044201 1.7951494 1.7893576 1.7797614 2.1701301 1.6024379 2.0903942 1.9803281 2.0242021 2.0675308 1.9271682 2.4452404 2.1774946 2.1941398 1.9680124 2.1793442 2.1052136 2.0665611 2.1089021 2.1709967 2.3325250 2.3911364 2.3268421 2.4660069 2.3318412 2.0551218 2.2268036 4.2677856 2.8048506 2.5065428 3.1200166 2.5758694 2.7121401 3.1660963 
Exapal_XM_021053001.2                   2.6639964 3.0105683 2.7480419 2.9056782 3.2248015 2.6169446 2.8209042 2.8066775 2.7523498 0.8761667 0.8483052 0.8759741 0.9397147 0.9026687 1.0155097 0.9794272 0.6818961 0.0000000 2.3190093 2.8313330 1.6114039 1.8520960 1.9124701 1.7473347 1.5503958 1.9175629 1.9478168 1.9123581 1.7097512 1.7717646 2.0786017 1.4484272 1.9169928 1.8179559 1.8656279 1.9088047 1.9934781 2.4526349 2.1054230 2.1262867 1.9247366 2.0635118 2.0185294 2.0026715 1.9927933 2.1805511 2.2819204 2.3743928 2.2939451 2.4658433 2.2173154 2.0232855 2.2218029 3.3437967 2.5970260 2.3347213 2.7680603 2.3884396 2.9082581 3.3487605 
Spolac_c96246_g1_i1_m.12803c88500-g2    1.8951896 3.5327994 3.2961596 3.1807423 9.0000000 3.5062401 3.3626133 3.5259183 2.5845729 2.5657767 2.6456133 2.6198829 2.6227838 2.5870251 2.6272646 2.6604665 2.7605691 2.3190093 0.0000000 4.2298634 3.5294988 3.2052561 3.2052561 3.6093460 2.9987210 3.3776718 3.1833413 3.0890919 3.4280920 3.2661101 2.9661790 3.9907789 2.9076634 2.8906668 2.9604957 2.7297980 2.8688459 2.9383667 3.1035292 2.8891810 3.1048089 3.6484548 2.8283544 3.1455148 3.2623755 3.4791065 3.1616541 3.2806735 3.2468227 3.0760526 2.8579468 1.9665286 3.4869561 9.0000000 3.6396131 5.2032282 4.3504531 2.6921069 3.9593484 4.6003343 
Emue_Em0021g75a.t1                      9.0000000 3.4628327 1.9868057 3.2078251 9.0000000 3.6113234 3.5188364 2.6166644 2.7475028 2.7831464 2.7457545 2.1100684 2.7050516 2.8028946 2.6278044 2.6399529 2.7775569 2.8313330 4.2298634 0.0000000 0.2546992 0.2740168 0.2740168 3.1609583 2.5743645 2.9539830 2.7957711 2.6706622 2.5141496 2.5994480 2.8194765 2.1520593 2.1305260 2.8386604 2.8386604 2.9723253 2.6870260 2.8599680 2.7978285 3.2784425 2.8989402 2.8465454 2.8322031 3.2121928 2.9004281 2.7977173 3.1591039 2.9351647 2.9786104 2.8979023 0.0000010 1.0248618 2.9964222 9.0000000 3.9477283 3.0310447 2.8950248 3.7380521 2.3438312 3.7694066 
Spolac_c88500_g3_i1_m.5077c88500-g2     0.0000010 2.8929653 4.5753392 3.0381082 0.0000010 3.1567866 3.4493526 9.0000000 6.5356565 1.4510408 1.3774390 1.3064584 1.3450647 1.3198516 1.3944472 1.3884210 1.6308005 1.6114039 3.5294988 0.2546992 0.0000000 0.0336834 0.0336834 1.6212379 1.3830082 1.3218445 1.4140184 1.4247705 1.2165978 1.5075753 1.5867639 1.1887693 1.9766099 2.0559073 2.0559073 2.0869100 1.7554722 1.6174183 1.6898194 2.2630342 1.8460101 1.7341143 2.3132720 1.8257872 1.4711820 1.8786583 2.1636786 1.9812964 1.9399919 1.9302985 0.0000010 1.1851235 2.2736942 0.0000010 3.6068920 1.7800972 0.0000010 1.3206666 1.3710334 2.1857478 
Spolac_c88500_g3_i2_m.5078c88500-g2     0.0000010 2.8328512 3.0282466 2.9914282 0.0000010 2.9060338 2.9020652 2.8530414 2.3620434 1.5666005 1.6329355 1.6068070 1.5797599 1.6763477 1.9600533 1.8138902 1.8932412 1.8520960 3.2052561 0.2740168 0.0336834 0.0000000 0.0253173 2.0682371 1.8801059 1.8618504 1.8157162 1.7805746 1.6815493 1.6351292 1.8714568 1.1887693 1.9073525 2.0724921 2.0724921 1.9233222 1.9822855 1.6986229 1.8370832 2.1426908 1.6008556 1.6559009 1.9924103 1.8188347 1.8836902 2.1478238 2.3014941 2.0380113 2.3195062 2.1094634 0.0000010 1.8192489 2.2676623 0.0000010 0.7935860 1.2825397 0.0000010 1.8987984 1.3710334 2.0434275 
Spolac_c88500_g3_i3_m.5079c88500-g2     0.0000010 2.9507640 3.2371058 3.1727826 0.0000010 3.0835777 3.1574579 3.0047710 2.6091649 1.6837253 1.7450563 1.7157560 1.6867737 1.7408264 2.1012764 1.9244254 1.9302441 1.9124701 3.2052561 0.2740168 0.0336834 0.0253173 0.0000000 2.1351822 1.9554327 1.8406637 1.8036453 1.8001031 1.6643030 1.6315388 1.8714568 1.1887693 1.9933508 2.1293930 2.1293930 1.9578074 1.9913969 1.7429100 1.9064038 2.1868183 1.6836482 1.7300784 2.0374800 1.7945326 1.8370734 2.1478238 2.4223857 2.1837770 2.4045365 2.2480600 0.0000010 1.9397653 2.4074851 0.0000010 0.7118342 1.2788245 0.0000010 2.4295290 1.3710334 2.0323956 
Xesp_014684-T1                          2.9215202 3.3084851 3.1104770 3.3439048 3.7521849 3.0339626 3.1070722 2.7435421 3.0130413 1.6926147 1.6862726 1.5748335 1.7735735 1.6677453 1.8792730 1.7917832 1.8196608 1.7473347 3.6093460 3.1609583 1.6212379 2.0682371 2.1351822 0.0000000 0.8680203 2.1973768 2.2372232 2.2173455 2.0950626 2.1881462 2.5118768 1.7802679 2.2837666 2.4255518 2.3460793 2.6179795 2.5456640 2.5505920 2.6291713 2.7149032 2.3589754 2.4920650 2.4121282 2.2095214 2.2833414 2.9511041 2.8291891 2.8665292 2.7906794 2.7732929 2.6894315 2.6094757 2.6229844 3.9464058 2.9915928 2.6006114 3.2072396 2.6774736 3.0032841 3.5670993 
Dgig_XM_028546090.1                     3.0020338 3.1301465 2.9500094 2.9899736 3.3242154 2.6945453 2.9468149 2.5276098 2.8076833 1.4843502 1.4976138 1.4566202 1.5656580 1.4787909 1.5451247 1.4553988 1.6488458 1.5503958 2.9987210 2.5743645 1.3830082 1.8801059 1.9554327 0.8680203 0.0000000 1.9823152 1.9850704 1.8674646 1.8633930 1.9121782 2.1380926 1.8001143 2.0152628 2.1313177 2.0808594 2.2290686 2.1228689 2.3683926 2.3034660 2.4420051 2.0299990 2.1546908 2.1619619 2.0200782 2.0830319 2.2154123 2.4845984 2.5106280 2.4978213 2.4182257 2.2973030 2.1885053 2.3444431 3.3701983 2.5978731 2.5932770 2.9173089 2.4142552 3.5080275 3.4000798 
Rhoesc_Res_007340-T1                    3.6415009 3.3680562 2.4102213 3.2229274 3.0531724 2.8545412 3.1508489 2.6714377 2.7018175 1.7754065 1.7308923 1.5952863 1.8178413 1.8015713 1.8424196 1.8187226 1.9070005 1.9175629 3.3776718 2.9539830 1.3218445 1.8618504 1.8406637 2.1973768 1.9823152 0.0000000 0.1733599 0.5220273 0.7270765 1.0210793 2.1609909 1.6953367 2.2270580 2.1423296 2.0759978 2.3618534 2.2775010 2.4733649 2.4498011 2.4343139 2.1688413 2.1422373 2.2310088 1.4315738 1.5354218 2.1589465 2.4800696 2.5621868 2.3163665 2.5602125 2.1474032 2.3858526 2.3373320 3.8300316 2.6377420 2.5669050 2.8856452 2.4543550 2.6903116 2.7570118 
Nemnom_g5655.t1                         3.5506165 3.3777219 2.4811564 3.1995215 2.9983069 2.8667596 3.1047389 2.7166478 2.6871862 1.8043535 1.7304025 1.6315815 1.8565610 1.7806529 1.8446330 1.8063911 1.9044201 1.9478168 3.1833413 2.7957711 1.4140184 1.8157162 1.8036453 2.2372232 1.9850704 0.1733599 0.0000000 0.5910511 0.7589071 1.0489443 2.2088255 1.6940632 2.2531554 2.1164660 2.0305865 2.3109249 2.2414284 2.4646852 2.4518054 2.4155387 2.1676708 2.1413014 2.2608635 1.5060517 1.6038550 2.1577725 2.4207943 2.5455508 2.3170745 2.5116076 2.1707387 2.2839183 2.2535911 3.6843576 2.5344946 2.5792528 3.0712953 2.5897226 2.5382464 2.6774591 
Aaur_scaffold293.g16.t1                 3.8289202 3.6448934 2.8156028 3.3632076 4.7052982 2.9182000 3.2703896 2.6302840 2.8160581 1.8825772 1.8154233 1.6380781 1.9082141 1.8017565 1.9759217 1.9175297 1.7951494 1.9123581 3.0890919 2.6706622 1.4247705 1.7805746 1.8001031 2.2173455 1.8674646 0.5220273 0.5910511 0.0000000 0.7396627 1.0376607 2.2576983 1.5387296 2.2623771 2.0659331 1.9902570 2.3843226 2.2642848 2.5189956 2.4667805 2.4577681 2.1473772 2.2191513 2.1985559 1.4389572 1.5135915 2.1321242 2.5866717 2.4442002 2.4377093 2.5085582 2.2848631 2.2712898 2.3240403 7.4015332 2.7653183 2.4570318 3.3841580 2.6098084 2.8015167 2.8419912 
Sanmal_Sma_015427-T1                    3.2333906 3.2140695 2.5075433 3.0475607 3.5537013 2.8768779 3.1049367 2.5499426 2.9244249 1.7613189 1.6905747 1.6050874 1.8249530 1.7025024 1.8030754 1.7579809 1.7893576 1.7097512 3.4280920 2.5141496 1.2165978 1.6815493 1.6643030 2.0950626 1.8633930 0.7270765 0.7589071 0.7396627 0.0000000 1.0740755 2.2147406 1.2738739 2.1153127 2.0252228 1.9677908 2.3082927 2.1359087 2.3657979 2.3711205 2.3104459 2.0342299 2.1697043 2.0890854 1.4117293 1.4463826 2.1478775 2.3535739 2.4240975 2.2728337 2.4152617 2.1718884 2.1992931 2.1939072 3.3144945 2.3833182 2.3051560 2.9224333 2.5981579 2.2802974 2.7244127 
Morvir_scaffold13.g58.t1                2.9159223 2.9415782 2.2357345 2.8779208 3.3466211 2.8106566 2.8762222 2.7146493 3.0097338 1.6357097 1.6076106 1.4378996 1.6875287 1.6097378 1.6888325 1.5990562 1.7797614 1.7717646 3.2661101 2.5994480 1.5075753 1.6351292 1.6315388 2.1881462 1.9121782 1.0210793 1.0489443 1.0376607 1.0740755 0.0000000 2.0674717 1.6801916 2.1953653 2.1216601 2.1371982 2.2007941 2.2097892 2.4976172 2.3262216 2.3052979 2.0154790 2.1036525 2.0603933 1.2606065 1.2391561 1.9720336 2.3472106 2.3718024 2.2485904 2.4112747 2.0620119 2.1719403 2.1207022 3.5259685 2.8237121 2.1961650 2.9446060 2.3630977 2.6975640 2.6481634 
Skow_XM_002735860.2                     2.9397731 3.3325006 3.3170293 3.3295965 2.9906428 2.9347328 3.1487001 3.2448455 3.1029744 2.1120424 2.0426144 1.8627274 2.0844496 2.0516078 2.1263185 2.0577829 2.1701301 2.0786017 2.9661790 2.8194765 1.5867639 1.8714568 1.8714568 2.5118768 2.1380926 2.1609909 2.2088255 2.2576983 2.2147406 2.0674717 0.0000000 1.0498111 1.4743452 1.3089753 1.3616800 1.3749807 1.3199521 1.6544887 1.4062637 1.5387680 1.2480324 1.2369422 1.7083918 2.3606274 2.3616647 2.0209787 2.5378932 2.3026813 2.4497815 2.5180904 2.1187567 2.3132989 2.2693068 2.7522315 2.6100386 2.6040864 2.5878023 2.3063322 2.9311410 2.8122434 
Cscu_XM_023355072.1                     0.0000010 1.7146295 0.0000010 1.9666817 0.0000010 1.8232029 1.8038102 0.0000010 1.8880811 1.8071266 1.7895800 1.8809038 1.8599872 1.7635364 1.6399257 1.6399257 1.6024379 1.4484272 3.9907789 2.1520593 1.1887693 1.1887693 1.1887693 1.7802679 1.8001143 1.6953367 1.6940632 1.5387296 1.2738739 1.6801916 1.0498111 0.0000000 0.0000010 0.9614725 0.9614725 0.8520000 0.8838772 0.9922443 0.9845686 1.0753718 0.9239008 1.2095923 1.1397430 1.7979653 1.7817762 1.4044118 1.1130921 1.4124533 1.1326605 1.2822835 0.0000010 0.0000010 1.8263159 0.0000010 4.1728261 1.7799162 0.0000010 0.0000010 1.8800673 1.7769771 
Cscu_XM_023382564.1                     2.3947310 2.8708027 3.3570459 3.0830308 3.1675013 2.8907321 3.0044982 2.9081577 2.8048401 2.0182787 1.9863757 2.0594509 2.0460252 2.0976332 2.1295668 2.0358005 2.0903942 1.9169928 2.9076634 2.1305260 1.9766099 1.9073525 1.9933508 2.2837666 2.0152628 2.2270580 2.2531554 2.2623771 2.1153127 2.1953653 1.4743452 0.0000010 0.0000000 1.2644491 1.2147414 1.2151818 1.3091392 1.4226723 1.5890202 1.6053562 1.4099533 1.6556272 1.5633781 2.1231773 2.3119069 2.1165088 2.2663343 2.3762673 2.4478354 2.5714519 2.4050374 2.5080915 2.4246663 2.8624775 2.6727471 2.7611139 3.2775417 2.3572076 1.8391803 2.3121222 
Acagra_model.g16795.t1                  2.3279261 2.9299919 3.0948708 2.8460410 3.3861963 2.7759962 2.8714814 2.5877221 2.8876561 1.8153047 1.7417354 1.7842762 1.8742157 1.9167803 1.9959630 1.8925000 1.9803281 1.8179559 2.8906668 2.8386604 2.0559073 2.0724921 2.1293930 2.4255518 2.1313177 2.1423296 2.1164660 2.0659331 2.0252228 2.1216601 1.3089753 0.9614725 1.2644491 0.0000000 0.0083755 0.7056241 0.8186125 1.4102013 1.4542348 1.5291328 1.2673499 1.4296475 1.5199661 2.0963992 2.2686290 2.1784398 2.2780210 2.3373993 2.3665152 2.5299733 2.1280153 2.0888897 2.2431284 3.1998527 2.4157459 2.2592409 2.7642709 2.1660145 2.9996785 2.8973240 
Acagra_model.g16795.t1.1.5d3b8883       2.3279261 2.8068481 3.0948708 2.6766138 2.9158745 2.6590508 2.8463724 2.5478825 2.6930551 1.8218887 1.7471115 1.7639611 1.8777312 1.8895318 1.9949197 1.8830304 2.0242021 1.8656279 2.9604957 2.8386604 2.0559073 2.0724921 2.1293930 2.3460793 2.0808594 2.0759978 2.0305865 1.9902570 1.9677908 2.1371982 1.3616800 0.9614725 1.2147414 0.0083755 0.0000000 0.7029625 0.7939581 1.3298631 1.4597856 1.5249328 1.2938126 1.3958613 1.4742871 2.0885767 2.2022931 2.1784398 2.2821630 2.3448054 2.3599221 2.4785566 2.1133616 1.9558817 2.1852573 2.3947208 2.3838257 2.2592409 2.4769945 2.0702253 3.0673096 2.8759593 
Cgig_XM_020069745.2                     2.4935302 2.9332943 2.7024208 2.8654720 2.8670975 2.7967456 2.9137183 2.6353596 2.7109506 2.0050798 1.9239058 1.7784112 1.9776013 2.0416737 2.1119537 2.0035974 2.0675308 1.9088047 2.7297980 2.9723253 2.0869100 1.9233222 1.9578074 2.6179795 2.2290686 2.3618534 2.3109249 2.3843226 2.3082927 2.2007941 1.3749807 0.8520000 1.2151818 0.7056241 0.7029625 0.0000000 0.9136131 1.3251592 1.4590682 1.5764193 1.3457097 1.5361632 1.4746396 2.3195046 2.4638186 2.1673362 2.3627412 2.3153690 2.3108151 2.4603951 2.0888994 2.1581214 2.2408063 2.8493364 2.5157760 2.4062595 2.8796783 2.3064677 2.7891914 3.2590993 
Ctel_gnl_WGS_AMQN_CAPTEDRAFT_mRNA151424 2.3233364 2.9915251 3.0400471 2.8610507 3.5067089 2.9465430 2.9162767 2.7477174 2.8133646 1.9044639 1.8261315 1.8600542 1.9629814 1.9487566 2.0394355 1.9383487 1.9271682 1.9934781 2.8688459 2.6870260 1.7554722 1.9822855 1.9913969 2.5456640 2.1228689 2.2775010 2.2414284 2.2642848 2.1359087 2.2097892 1.3199521 0.8838772 1.3091392 0.8186125 0.7939581 0.9136131 0.0000000 1.3577868 1.4658535 1.5492316 1.4155218 1.5590863 1.5129657 2.2223531 2.4088665 2.2001268 2.3125708 2.2964648 2.4009901 2.3444676 2.1773504 2.1822942 2.1760689 3.2426816 2.6249382 2.2759451 2.6533747 2.4223978 2.5469865 2.8422114 
Tcas_TC033105_002                       2.3609665 3.0088846 3.0608787 2.9083365 3.5200577 2.7617381 2.7522723 2.6336592 2.7286231 2.2477837 2.1847047 2.1090468 2.3073799 2.3659203 2.3833873 2.2416350 2.4452404 2.4526349 2.9383667 2.8599680 1.6174183 1.6986229 1.7429100 2.5505920 2.3683926 2.4733649 2.4646852 2.5189956 2.3657979 2.4976172 1.6544887 0.9922443 1.4226723 1.4102013 1.3298631 1.3251592 1.3577868 0.0000000 1.6752220 1.8185692 1.5106820 1.7089304 1.4589093 2.5437682 2.5606717 2.5971344 2.6844662 2.5682763 2.7122672 2.7224782 2.5640402 2.2730241 2.4315583 3.2296253 2.6638162 2.7453797 3.4175029 2.6257947 2.8090171 3.0959729 
Hsap_ENST00000492622                    2.4738259 2.9011917 2.5835931 2.9409390 3.2626105 2.6857835 2.7663115 2.6683601 2.7324402 2.0916839 2.0109030 1.8538849 2.0578142 2.0991699 2.2435253 2.1381658 2.1774946 2.1054230 3.1035292 2.7978285 1.6898194 1.8370832 1.9064038 2.6291713 2.3034660 2.4498011 2.4518054 2.4667805 2.3711205 2.3262216 1.4062637 0.9845686 1.5890202 1.4542348 1.4597856 1.4590682 1.4658535 1.6752220 0.0000000 0.9451851 1.2893961 1.5250562 1.7142513 2.4075258 2.6006198 2.3788050 2.5499131 2.6372198 2.6090055 2.6973972 2.5441262 2.2937182 2.3156448 3.3551249 2.5822921 2.3130751 2.5853329 2.4272088 2.9277810 3.1245044 
Hsap_ENST00000336824                    2.9221866 3.1464907 2.5439359 3.1046215 3.1557674 2.8762690 3.0657078 2.8197083 2.8609004 2.1584685 2.0212655 1.8598620 2.1400738 2.1403429 2.3355104 2.2108962 2.1941398 2.1262867 2.8891810 3.2784425 2.2630342 2.1426908 2.1868183 2.7149032 2.4420051 2.4343139 2.4155387 2.4577681 2.3104459 2.3052979 1.5387680 1.0753718 1.6053562 1.5291328 1.5249328 1.5764193 1.5492316 1.8185692 0.9451851 0.0000000 1.2840515 1.6015596 1.8766472 2.4275387 2.4644768 2.2877506 2.5146503 2.6400324 2.4754904 2.6701634 2.4957373 2.3648196 2.5203131 2.9680119 2.6580712 2.6477305 2.9389792 2.4832891 2.6940732 3.1054843 
Bralan_BLAG14101199_12                  2.4235471 2.9526600 2.9462023 2.9980075 3.0651419 2.7637782 2.8413392 2.6154256 2.5568813 1.8947106 1.8166546 1.6967906 1.8489169 1.9089605 2.0392807 1.8971899 1.9680124 1.9247366 3.1048089 2.8989402 1.8460101 1.6008556 1.6836482 2.3589754 2.0299990 2.1688413 2.1676708 2.1473772 2.0342299 2.0154790 1.2480324 0.9239008 1.4099533 1.2673499 1.2938126 1.3457097 1.4155218 1.5106820 1.2893961 1.2840515 0.0000000 1.3428446 1.5519717 2.2706736 2.4014455 1.8838451 2.4553426 2.4672453 2.4048641 2.5101353 2.3311254 2.0951342 2.1302604 3.2954058 2.7267135 2.4871828 2.8000913 2.4217642 2.7358845 2.8205494 
Spur_XM_030981865.1                     2.9999342 3.0694024 2.6365744 2.9718840 3.4692011 2.8624456 3.1299620 2.7332055 2.8280569 2.0037141 1.9331659 1.9154680 1.9922227 1.9952155 2.1271627 2.0072845 2.1793442 2.0635118 3.6484548 2.8465454 1.7341143 1.6559009 1.7300784 2.4920650 2.1546908 2.1422373 2.1413014 2.2191513 2.1697043 2.1036525 1.2369422 1.2095923 1.6556272 1.4296475 1.3958613 1.5361632 1.5590863 1.7089304 1.5250562 1.6015596 1.3428446 0.0000000 1.6569218 2.3326778 2.3230918 2.1737633 2.4954335 2.3709027 2.4156088 2.3836507 2.2090099 2.1758365 2.2618977 4.0593748 2.6964529 2.1466342 2.6266459 2.4682900 3.1036701 3.0420540 
Dpul_mRNA4027                           2.3058290 3.0083980 2.8811797 2.8682239 3.5722229 2.6497170 2.8250508 2.8409037 2.9534302 2.1019919 2.0782663 2.1450306 2.0550841 2.0998510 2.2599366 2.1056961 2.1052136 2.0185294 2.8283544 2.8322031 2.3132720 1.9924103 2.0374800 2.4121282 2.1619619 2.2310088 2.2608635 2.1985559 2.0890854 2.0603933 1.7083918 1.1397430 1.5633781 1.5199661 1.4742871 1.4746396 1.5129657 1.4589093 1.7142513 1.8766472 1.5519717 1.6569218 0.0000000 2.2333339 2.3914484 2.1008803 2.5705245 2.5844916 2.3932344 2.5902810 2.1351300 2.1721482 2.4182855 3.2877979 2.4533874 2.5878878 2.9894351 2.6118049 1.9479228 2.3371079 
Chem_TCONS_00049955                     3.3516178 3.2159435 2.7109577 3.0625421 3.0073849 2.6149598 2.8795974 2.5994768 2.6137603 1.8583114 1.8428799 1.7776257 1.9706822 1.9321848 2.0318613 1.9477510 2.0665611 2.0026715 3.1455148 3.2121928 1.8257872 1.8188347 1.7945326 2.2095214 2.0200782 1.4315738 1.5060517 1.4389572 1.4117293 1.2606065 2.3606274 1.7979653 2.1231773 2.0963992 2.0885767 2.3195046 2.2223531 2.5437682 2.4075258 2.4275387 2.2706736 2.3326778 2.2333339 0.0000000 1.1214589 2.3780451 2.4124375 2.5446882 2.5388873 2.5480797 2.3149622 2.0380988 2.4339596 3.1437853 2.4685420 2.6092699 2.9980842 2.5740407 3.1064816 3.5202087 
Hvul_g21567_1                           3.2722942 3.5344213 2.9984497 3.4566817 3.5682736 2.9561338 3.2357993 3.1250495 3.0292612 1.9161649 1.8827304 1.9284292 1.9787173 1.9153957 2.0278063 1.9783612 2.1089021 1.9927933 3.2623755 2.9004281 1.4711820 1.8836902 1.8370734 2.2833414 2.0830319 1.5354218 1.6038550 1.5135915 1.4463826 1.2391561 2.3616647 1.7817762 2.3119069 2.2686290 2.2022931 2.4638186 2.4088665 2.5606717 2.6006198 2.4644768 2.4014455 2.3230918 2.3914484 1.1214589 0.0000000 2.7017942 2.9438798 2.7371101 2.9399155 2.8740991 2.5087566 2.3239071 2.5043407 3.8071957 2.6990873 2.7435998 3.3235933 2.7774235 2.6646561 3.0766059 
Clacor_Ccor_C531521_01                  0.0000010 2.6477279 2.3131031 2.6736515 0.0000010 2.8930384 3.0438296 3.3669814 1.1996755 2.2505310 2.3281879 2.2052481 2.4788147 2.4385979 2.2330744 2.1739241 2.1709967 2.1805511 3.4791065 2.7977173 1.8786583 2.1478238 2.1478238 2.9511041 2.2154123 2.1589465 2.1577725 2.1321242 2.1478775 1.9720336 2.0209787 1.4044118 2.1165088 2.1784398 2.1784398 2.1673362 2.2001268 2.5971344 2.3788050 2.2877506 1.8838451 2.1737633 2.1008803 2.3780451 2.7017942 0.0000000 1.3633541 1.3347618 1.3015119 1.4383157 0.0000010 1.7467977 1.7783493 0.0000010 3.3888867 2.6704661 0.0000010 0.6209713 3.0254732 2.3932443 
Scil_scict015911.1                      3.0489920 3.1326162 2.7832774 2.9949351 3.0213094 2.6757334 2.8916788 2.7029208 2.7262935 2.3522140 2.3293017 2.2524409 2.3798392 2.3486226 2.3828427 2.3330364 2.3325250 2.2819204 3.1616541 3.1591039 2.1636786 2.3014941 2.4223857 2.8291891 2.4845984 2.4800696 2.4207943 2.5866717 2.3535739 2.3472106 2.5378932 1.1130921 2.2663343 2.2780210 2.2821630 2.3627412 2.3125708 2.6844662 2.5499131 2.5146503 2.4553426 2.4954335 2.5705245 2.4124375 2.9438798 1.3633541 0.0000000 0.6807559 0.7432033 0.7540011 1.4907061 2.1712579 2.2024244 3.1740130 2.6092071 2.5068157 2.7072442 2.3712353 3.2768221 2.4904896 
Leuniv_Lniv_C815410_01                  2.8460373 3.2058130 2.7182239 2.9669514 3.1051508 2.7152179 2.8712971 2.6752953 3.0443598 2.4657274 2.4658984 2.3586495 2.5084310 2.4381581 2.3562796 2.3471982 2.3911364 2.3743928 3.2806735 2.9351647 1.9812964 2.0380113 2.1837770 2.8665292 2.5106280 2.5621868 2.5455508 2.4442002 2.4240975 2.3718024 2.3026813 1.4124533 2.3762673 2.3373993 2.3448054 2.3153690 2.2964648 2.5682763 2.6372198 2.6400324 2.4672453 2.3709027 2.5844916 2.5446882 2.7371101 1.3347618 0.6807559 0.0000000 0.6612749 0.7853963 1.6012512 2.1650279 2.1495289 3.3991043 2.7699658 2.4240247 2.9170661 2.4212602 2.8203714 2.3530652 
Lcom_lcpid33758                         2.7636375 2.9474271 2.5120547 2.8769731 3.3697204 2.7827822 2.8646389 2.7803801 2.8479251 2.3868514 2.3746433 2.2150152 2.4195487 2.3484340 2.2926356 2.2500753 2.3268421 2.2939451 3.2468227 2.9786104 1.9399919 2.3195062 2.4045365 2.7906794 2.4978213 2.3163665 2.3170745 2.4377093 2.2728337 2.2485904 2.4497815 1.1326605 2.4478354 2.3665152 2.3599221 2.3108151 2.4009901 2.7122672 2.6090055 2.4754904 2.4048641 2.4156088 2.3932344 2.5388873 2.9399155 1.3015119 0.7432033 0.6612749 0.0000000 0.9025944 1.5428913 2.0383765 2.3003878 3.3523030 2.7202097 2.4232732 2.8626417 2.5038856 3.2003501 2.9036129 
Gracom_Gcom_scaffold18107_01            3.1027504 3.0610646 2.6870902 2.9743180 3.3959797 2.7669775 2.9057613 2.6225400 2.8506407 2.4901489 2.5423447 2.4501941 2.5846642 2.5301953 2.5974536 2.5483238 2.4660069 2.4658433 3.0760526 2.8979023 1.9302985 2.1094634 2.2480600 2.7732929 2.4182257 2.5602125 2.5116076 2.5085582 2.4152617 2.4112747 2.5180904 1.2822835 2.5714519 2.5299733 2.4785566 2.4603951 2.3444676 2.7224782 2.6973972 2.6701634 2.5101353 2.3836507 2.5902810 2.5480797 2.8740991 1.4383157 0.7540011 0.7853963 0.9025944 0.0000000 1.6833874 2.1205481 2.2431252 3.1792622 2.7254226 2.6319048 2.8931465 2.6414731 3.0596847 2.6550300 
Clacor_Ccor_C540067_01                  2.4934613 3.1262493 3.6267791 3.1148871 2.9222425 2.7647624 2.8035357 2.6996906 2.8532650 2.0745946 2.0435089 2.1738651 2.1328950 2.0521042 2.0235710 1.9944620 2.3318412 2.2173154 2.8579468 0.0000010 0.0000010 0.0000010 0.0000010 2.6894315 2.2973030 2.1474032 2.1707387 2.2848631 2.1718884 2.0620119 2.1187567 0.0000010 2.4050374 2.1280153 2.1133616 2.0888994 2.1773504 2.5640402 2.5441262 2.4957373 2.3311254 2.2090099 2.1351300 2.3149622 2.5087566 0.0000010 1.4907061 1.6012512 1.5428913 1.6833874 0.0000000 2.1406290 2.2666023 2.8279958 2.2410826 2.0457712 2.4173087 2.2903803 1.6669011 3.9914389 
Plajan_Pjan_scaffold20685_01            2.7734179 2.9623099 2.4414643 2.7924406 3.8824838 2.7222748 2.6115869 2.7156225 2.9406631 1.9103126 2.0273071 2.0791012 2.0259486 1.9783332 2.0908257 2.0114962 2.0551218 2.0232855 1.9665286 1.0248618 1.1851235 1.8192489 1.9397653 2.6094757 2.1885053 2.3858526 2.2839183 2.2712898 2.1992931 2.1719403 2.3132989 0.0000010 2.5080915 2.0888897 1.9558817 2.1581214 2.1822942 2.2730241 2.2937182 2.3648196 2.0951342 2.1758365 2.1721482 2.0380988 2.3239071 1.7467977 2.1712579 2.1650279 2.0383765 2.1205481 2.1406290 0.0000000 1.3675005 2.9020368 2.3925504 2.4435641 2.7422531 2.2627202 1.1744070 1.5660416 
Opea_EP00118_Oscarella_pearsei_P016361  2.7564483 2.9482604 2.7455843 2.9458864 3.4273050 2.8697252 2.6669980 2.8070034 2.7004251 2.1653123 2.1846182 2.2447361 2.2845396 2.2585868 2.2301245 2.1897673 2.2268036 2.2218029 3.4869561 2.9964222 2.2736942 2.2676623 2.4074851 2.6229844 2.3444431 2.3373320 2.2535911 2.3240403 2.1939072 2.1207022 2.2693068 1.8263159 2.4246663 2.2431284 2.1852573 2.2408063 2.1760689 2.4315583 2.3156448 2.5203131 2.1302604 2.2618977 2.4182855 2.4339596 2.5043407 1.7783493 2.2024244 2.1495289 2.3003878 2.2431252 2.2666023 1.3675005 0.0000000 3.0933458 2.4420311 2.1502114 2.7221172 2.4395247 2.8750005 0.2981360 
Spolac_c94449_g1_i1_m.10100c94449-g1    2.7112245 4.2752165 9.0000000 3.2307875 3.5147578 3.4997312 4.0422498 2.9935577 3.9706482 3.3038097 3.4347506 3.6040006 3.5451384 3.1504709 3.5185455 3.6023962 4.2677856 3.3437967 9.0000000 9.0000000 0.0000010 0.0000010 0.0000010 3.9464058 3.3701983 3.8300316 3.6843576 7.4015332 3.3144945 3.5259685 2.7522315 0.0000010 2.8624775 3.1998527 2.3947208 2.8493364 3.2426816 3.2296253 3.3551249 2.9680119 3.2954058 4.0593748 3.2877979 3.1437853 3.8071957 0.0000010 3.1740130 3.3991043 3.3523030 3.1792622 2.8279958 2.9020368 3.0933458 0.0000000 0.5105243 0.0000010 2.1223317 2.7438825 1.3224838 3.6367754 
Emue_Em0021g76a.t1                      2.7364418 3.2376863 3.8843525 3.2130425 2.7362280 3.0221233 3.2642933 2.9664634 3.1445549 2.5174701 2.6166232 2.6403802 2.6553967 2.4440039 2.4661806 2.4347922 2.8048506 2.5970260 3.6396131 3.9477283 3.6068920 0.7935860 0.7118342 2.9915928 2.5978731 2.6377420 2.5344946 2.7653183 2.3833182 2.8237121 2.6100386 4.1728261 2.6727471 2.4157459 2.3838257 2.5157760 2.6249382 2.6638162 2.5822921 2.6580712 2.7267135 2.6964529 2.4533874 2.4685420 2.6990873 3.3888867 2.6092071 2.7699658 2.7202097 2.7254226 2.2410826 2.3925504 2.4420311 0.5105243 0.0000000 1.4313002 1.5337716 2.3064287 2.7288830 2.8363626 
Tetwil_g4566.t1                         3.1821569 3.2095178 3.1888874 3.1600079 0.0000010 3.2627385 3.2463656 3.0191394 2.9143465 2.2445939 2.3331229 2.2849621 2.3633147 2.3193432 2.7394461 2.3544191 2.5065428 2.3347213 5.2032282 3.0310447 1.7800972 1.2825397 1.2788245 2.6006114 2.5932770 2.5669050 2.5792528 2.4570318 2.3051560 2.1961650 2.6040864 1.7799162 2.7611139 2.2592409 2.2592409 2.4062595 2.2759451 2.7453797 2.3130751 2.6477305 2.4871828 2.1466342 2.5878878 2.6092699 2.7435998 2.6704661 2.5068157 2.4240247 2.4232732 2.6319048 2.0457712 2.4435641 2.1502114 0.0000010 1.4313002 0.0000000 0.0183429 2.1063431 8.0669734 1.8056261 
Tetwil_g4564.t1                         2.8558960 3.4490998 4.4622304 3.2049229 3.5052108 3.3006288 3.4570035 3.2646236 3.4270291 2.6659359 2.8349203 2.8050953 2.8717138 2.8590769 2.8339691 2.7583598 3.1200166 2.7680603 4.3504531 2.8950248 0.0000010 0.0000010 0.0000010 3.2072396 2.9173089 2.8856452 3.0712953 3.3841580 2.9224333 2.9446060 2.5878023 0.0000010 3.2775417 2.7642709 2.4769945 2.8796783 2.6533747 3.4175029 2.5853329 2.9389792 2.8000913 2.6266459 2.9894351 2.9980842 3.3235933 0.0000010 2.7072442 2.9170661 2.8626417 2.8931465 2.4173087 2.7422531 2.7221172 2.1223317 1.5337716 0.0183429 0.0000000 2.0541650 3.9358108 8.5543091 
Plespi_Pspi_scaffold4900_01             2.7404248 3.2692573 3.0689041 3.2413084 3.2550287 2.8874473 2.9839404 2.9445182 3.0089136 2.0821880 2.1055684 2.1827283 2.1891621 2.2603549 2.3392347 2.2925771 2.5758694 2.3884396 2.6921069 3.7380521 1.3206666 1.8987984 2.4295290 2.6774736 2.4142552 2.4543550 2.5897226 2.6098084 2.5981579 2.3630977 2.3063322 0.0000010 2.3572076 2.1660145 2.0702253 2.3064677 2.4223978 2.6257947 2.4272088 2.4832891 2.4217642 2.4682900 2.6118049 2.5740407 2.7774235 0.6209713 2.3712353 2.4212602 2.5038856 2.6414731 2.2903803 2.2627202 2.4395247 2.7438825 2.3064287 2.1063431 2.0541650 0.0000000 1.2957453 2.9418063 
Tetwil_g13298.t1                        0.9856816 3.6415671 0.0000010 3.4859197 1.4880068 3.4228202 3.5470409 0.0000010 2.0228970 2.7200496 2.7061413 2.0550797 2.8371149 2.8151745 3.0508666 3.0096235 2.7121401 2.9082581 3.9593484 2.3438312 1.3710334 1.3710334 1.3710334 3.0032841 3.5080275 2.6903116 2.5382464 2.8015167 2.2802974 2.6975640 2.9311410 1.8800673 1.8391803 2.9996785 3.0673096 2.7891914 2.5469865 2.8090171 2.9277810 2.6940732 2.7358845 3.1036701 1.9479228 3.1064816 2.6646561 3.0254732 3.2768221 2.8203714 3.2003501 3.0596847 1.6669011 1.1744070 2.8750005 1.3224838 2.7288830 8.0669734 3.9358108 1.2957453 0.0000000 4.0152111 
Ocar_g2783                              0.0000010 3.7039964 2.9920491 3.6324480 2.3795951 3.5489609 3.3118192 2.6427575 2.5128612 3.3342731 3.2870380 2.7084411 3.4417446 3.2824231 3.7152586 3.4381515 3.1660963 3.3487605 4.6003343 3.7694066 2.1857478 2.0434275 2.0323956 3.5670993 3.4000798 2.7570118 2.6774591 2.8419912 2.7244127 2.6481634 2.8122434 1.7769771 2.3121222 2.8973240 2.8759593 3.2590993 2.8422114 3.0959729 3.1245044 3.1054843 2.8205494 3.0420540 2.3371079 3.5202087 3.0766059 2.3932443 2.4904896 2.3530652 2.9036129 2.6550300 3.9914389 1.5660416 0.2981360 3.6367754 2.8363626 1.8056261 8.5543091 2.9418063 4.0152111 0.0000000 
