52
Bolinf_Binf_sb1203736                  0.0000000 0.0066908 0.3519669 0.7048357 0.7048357 0.8912232 0.0000010 2.6685208 0.6344527 0.6831667 5.6674962 2.5945311 2.6197034 9.0000000 3.2782418 3.6058496 3.2035524 4.9254891 3.4330604 3.0359512 3.5102073 3.7444522 3.7958998 4.3753223 4.1552585 4.4624486 4.4498881 4.4214534 3.9568921 3.9113305 4.1437706 4.5882878 3.3770698 8.9999989 3.5535454 0.0000010 4.1598375 4.5550155 3.3873306 4.2279610 3.6677286 5.8227679 0.0000010 3.4486618 4.1530371 4.1541897 3.5755270 3.7871281 6.9236298 5.7427424 4.0905160 3.3280981 
Bolinf_Binf_sb1203737                  0.0066908 0.0000000 0.2908151 0.6618364 0.6618364 0.8594055 0.0000010 2.5937544 0.6470576 0.6530845 5.5619668 2.6152868 2.6152868 0.0000010 3.1440334 3.6201337 3.2566036 4.4607869 3.3274716 2.8747798 3.3145774 4.2319452 3.9666418 4.6198879 4.3659583 4.7180064 4.6160753 4.5857697 3.9315372 3.8670967 4.1902419 4.6566894 3.3494523 8.9999981 3.8100981 0.0000010 4.1808172 4.2308273 3.3081474 3.9627653 3.4594673 5.5328036 0.0000010 3.3699799 3.8780301 3.8789051 3.2880080 3.5168139 6.0001154 5.2769225 2.9955900 3.2447847 
Mlei_ML4584.g5.i1                      0.3519669 0.2908151 0.0000000 0.4059713 0.4482928 0.6421551 0.5001545 0.5350897 0.5757552 0.5578131 4.1592692 3.1106374 2.5780132 2.2666548 3.2535529 2.8092090 2.6390163 2.9935180 2.6969488 2.5525160 2.6684095 3.0356034 3.0704586 3.2499283 3.2065855 3.1792512 3.2135405 3.1967910 2.8686969 2.8442580 3.0357305 2.9849329 2.9892884 3.1678165 3.0593576 2.2886710 3.1995608 3.3297208 3.2370478 3.2412559 3.4266094 4.2842058 2.3335435 3.3758255 3.4727679 3.4571100 3.2957434 3.3343703 3.8370117 3.8870723 3.7133092 3.7589680 
Pbac_sb2661170                         0.7048357 0.6618364 0.4059713 0.0000000 0.0060657 0.6644113 0.4228951 0.1964897 0.6852865 0.6290264 4.9066570 2.6874463 2.4931660 2.3139309 2.8082869 3.3713750 2.9932126 3.6136042 2.9846710 3.0927716 3.0376498 3.4107194 3.2253867 3.4343982 3.4615053 3.5354779 3.2963730 3.2655709 3.1600924 3.1730915 3.1779793 3.1265492 3.0148093 3.6866609 3.3371281 1.8582017 3.4158723 3.4021112 3.4898134 3.4129894 3.5579209 4.9640935 2.5535664 3.8147619 3.5569593 3.5540364 3.3656014 3.4532598 4.1976594 4.2378709 3.5771459 3.3294655 
Pbac_sb2655072                         0.7048357 0.6618364 0.4482928 0.0060657 0.0000000 0.6354031 0.4519886 0.1723323 0.6852865 0.6290264 4.5468314 2.7424230 2.3910709 2.2098342 2.8082869 3.1160814 2.9605381 3.3169578 2.9946821 2.9063752 2.7984030 3.0085530 2.9447691 3.1465551 3.1289611 3.1453428 3.0207101 2.9853908 3.0284506 3.3216041 3.2515943 3.1590973 2.9732837 3.2979579 3.2113933 2.5228855 3.0699717 3.3412892 3.2757526 3.2835803 3.2672059 4.9478520 2.2583940 3.3916255 3.2608870 3.2425514 3.1117786 3.2147314 3.9927057 4.5329923 4.2473657 3.3294655 
Vmul_SimC404962                        0.8912232 0.8594055 0.6421551 0.6644113 0.6354031 0.0000000 0.3340167 0.7266462 0.5362403 0.4956418 4.5795129 3.3457408 2.6552493 2.3075401 3.6347793 3.0571662 2.8409049 3.1351515 2.7692726 2.7914735 2.7654556 3.0796324 3.1240295 3.2077533 3.1398160 3.2638997 3.1684196 3.1431850 3.0458522 3.5082193 3.3328510 3.2388306 2.8570204 2.8127201 3.0895305 2.4319561 3.0942030 3.5695949 3.3852521 3.0767789 3.1913888 4.5255927 2.3312810 3.4807846 3.4011063 3.4155131 3.2556997 3.3089414 3.9725308 4.5098458 4.0503700 3.7191756 
Coemet_Cmet_C581830_01                 0.0000010 0.0000010 0.5001545 0.4228951 0.4519886 0.3340167 0.0000000 0.5007116 0.0000010 0.0000010 3.3330819 4.0323449 2.3326607 2.3326607 2.6817046 2.3811806 2.3870649 2.2582298 2.2455866 2.4135272 2.1276489 2.3435654 2.3281378 2.3859060 2.3757735 2.2482512 2.2111097 2.2238099 2.2185916 2.2833393 2.7606792 2.5353621 2.5121990 2.3834711 2.4997796 2.6810810 2.3232153 2.8529964 2.8440387 2.4922974 2.7505692 4.2542491 2.6719486 2.8245149 2.7135031 2.6946966 2.6533243 2.6541047 3.5513380 4.0845344 3.8444285 2.3391872 
Horcal_Hcv1.av93.c3.g836.i2            2.6685208 2.5937544 0.5350897 0.1964897 0.1723323 0.7266462 0.5007116 0.0000000 1.3771449 1.0143880 4.1146165 4.1306073 2.5084205 2.1397217 3.5281081 2.7746461 2.6265060 2.8788835 2.8907054 2.6884154 2.5135599 2.6994266 2.7929834 2.8481061 2.8288652 2.7976232 2.8531813 2.8385807 2.6853640 3.0063518 2.9835822 2.8785775 2.9855051 2.7329907 2.9859982 2.3643048 3.0314039 3.0753600 2.9198452 3.0682842 3.1721315 4.2818425 2.5549120 3.5111374 3.4488368 3.4270152 3.3539189 3.3716012 3.6509607 4.1289987 4.0003229 4.4886636 
Coemet_Cmet_scaffold19548_01           0.6344527 0.6470576 0.5757552 0.6852865 0.6852865 0.5362403 0.0000010 1.3771449 0.0000000 0.1007713 6.9638784 3.3470679 3.3470679 2.0293510 4.0365477 3.9585240 3.7631775 4.5060170 3.5521027 3.6590682 4.3900473 6.2096102 5.2783144 5.0718677 5.1943478 5.4856546 4.6408041 4.6391003 4.7862169 4.8072880 3.8801845 4.1885057 3.5050467 5.8888266 4.2881810 0.0000010 4.2358807 4.8348404 4.7384267 3.9388807 5.5662367 5.6363618 0.0000010 4.8771153 4.4837637 4.4826824 4.2370723 4.1996788 4.9506822 4.7819521 4.8936725 3.2002357 
Coeast_Cast_sb782493                   0.6831667 0.6530845 0.5578131 0.6290264 0.6290264 0.4956418 0.0000010 1.0143880 0.1007713 0.0000000 6.3453268 3.2376032 3.3844081 3.9606169 3.7678113 4.5862535 3.7678626 4.6998979 3.5882387 3.5314464 3.9044123 5.2210776 4.5776129 4.5036032 4.6138442 4.7761765 4.0787390 4.0874519 4.0480745 4.1845858 3.6481107 3.7539698 3.4363037 5.5025751 3.9153410 0.0000010 4.2069729 4.1699907 4.0806461 4.0514826 4.9265333 5.0211692 0.0000010 4.7003335 4.4469296 4.4769307 4.1971546 4.1472539 4.6423075 4.1688506 3.5761798 3.4281695 
Scil_scict000852.1                     5.6674962 5.5619668 4.1592692 4.9066570 4.5468314 4.5795129 3.3330819 4.1146165 6.9638784 6.3453268 0.0000000 5.2081348 3.6740356 3.1043327 3.8017324 4.1947332 3.7178094 4.1676072 4.4116321 4.2387631 4.3132332 4.4281585 4.3180247 4.4161505 4.4217103 4.3176600 4.1155519 4.1484450 4.4406308 4.4202026 4.5216942 4.6800925 4.7131300 3.5266078 3.9506384 3.7997858 4.4139301 4.9089407 5.0907932 4.6396003 4.2192592 2.2344998 4.3921151 5.1445700 5.0171552 5.0333334 4.9828367 4.9684795 2.7795067 3.9929999 2.9864795 5.4091825 
Ocar_g11108                            2.5945311 2.6152868 3.1106374 2.6874463 2.7424230 3.3457408 4.0323449 4.1306073 3.3470679 3.2376032 5.2081348 0.0000000 0.0299480 2.5971194 1.3176887 2.7108209 2.7540595 3.0428975 2.9286054 3.3301146 2.6799490 3.3651494 3.4666488 3.3596778 3.3802410 3.4981496 3.4964570 3.4245924 3.5520241 3.0897565 3.9448240 3.8581372 3.6657766 4.7648948 3.7819728 0.0000010 3.2538808 4.4055571 4.2377505 2.8214655 3.2781336 6.3615780 6.3717680 3.6559885 4.3643595 4.3034451 3.6805550 3.7090747 5.3516239 5.9634298 8.3247453 4.3958983 
Opea_EP00118_Oscarella_pearsei_P012141 2.6197034 2.6152868 2.5780132 2.4931660 2.3910709 2.6552493 2.3326607 2.5084205 3.3470679 3.3844081 3.6740356 0.0299480 0.0000000 0.0035103 1.0126524 2.0531579 2.1122802 2.2283008 2.1583423 2.0285993 1.9454073 2.0503898 2.2296283 2.2523436 2.2334124 2.1853545 2.2324090 2.2077279 2.1132141 1.9672751 2.5362256 2.4918261 2.3535016 2.2463348 2.3680901 2.0051529 2.2685495 2.6440012 2.6694060 2.6213094 2.5253612 3.9049280 2.3139796 2.4854678 2.6794635 2.6637460 2.5303815 2.5663477 3.3925575 4.4470837 4.1156945 3.8757515 
Ocar_g11109                            9.0000000 0.0000010 2.2666548 2.3139309 2.2098342 2.3075401 2.3326607 2.1397217 2.0293510 3.9606169 3.1043327 2.5971194 0.0035103 0.0000000 0.4491255 1.7601636 1.8764314 1.8313482 1.7672292 1.4755681 1.6418292 1.7100974 1.7384340 1.8031173 1.7661972 1.6765108 1.7246647 1.7148072 1.5876955 1.3172524 2.0370432 2.0098235 1.8895529 1.8239707 1.8507243 2.0051529 1.8683485 2.1327678 2.1885678 2.5502647 2.2576967 3.1467472 2.3139796 2.0664656 2.1243829 2.1068293 2.1138709 2.1524461 2.7701269 3.9530725 3.8921389 2.8903088 
Plajan_Pjan_C540886_01                 3.2782418 3.1440334 3.2535529 2.8082869 2.8082869 3.6347793 2.6817046 3.5281081 4.0365477 3.7678113 3.8017324 1.3176887 1.0126524 0.4491255 0.0000000 2.7147008 2.3879226 2.8905241 2.7472921 2.6174069 2.9870655 3.0707352 3.0474576 2.9246365 2.9411363 3.0429582 2.9921110 2.9489968 2.8394626 3.0225674 3.3558449 3.3667686 3.0398306 5.4972753 3.0132949 0.0000010 3.3527470 3.8591717 3.9844149 3.7188442 2.7480556 3.5128713 0.0000010 3.2850176 3.0417680 3.0321238 3.0230561 2.8893581 4.0480838 4.3444007 3.9831388 4.1946424 
Acagra_model.g26212.t1                 3.6058496 3.6201337 2.8092090 3.3713750 3.1160814 3.0571662 2.3811806 2.7746461 3.9585240 4.5862535 4.1947332 2.7108209 2.0531579 1.7601636 2.7147008 0.0000000 1.1635351 1.2810913 1.7965148 1.7404543 1.9949319 2.0564598 2.1048509 2.2031761 2.1318434 2.1875021 2.2101312 2.1965858 2.2997242 2.2421228 2.5929373 2.6193520 2.5714992 2.9091279 2.7821291 2.2453228 1.9604744 2.8505775 2.6607999 2.8563905 2.1536187 3.5752111 2.4448378 3.0580293 3.0057486 2.9803705 2.9706349 3.0176294 3.3183398 4.0474933 3.7539689 3.9516572 
Ctel_gnl_WGS_AMQN_CAPTEDRAFT_mRNA53190 3.2035524 3.2566036 2.6390163 2.9932126 2.9605381 2.8409049 2.3870649 2.6265060 3.7631775 3.7678626 3.7178094 2.7540595 2.1122802 1.8764314 2.3879226 1.1635351 0.0000000 1.2802840 1.3971605 1.4185859 1.4192377 1.8591294 1.9172786 1.9642600 2.0003404 1.9001091 1.9338122 1.9422318 1.9457085 1.6551961 2.4772012 2.5173136 2.3502170 2.3812105 2.4035220 2.0400029 1.8776235 2.8487092 2.5419483 2.4936577 1.7499524 3.5394015 2.1081843 2.6786530 2.7206684 2.7192503 2.5720619 2.6312821 3.4329194 4.6739301 3.7478143 3.2740060 
Cgig_XM_011416918.3                    4.9254891 4.4607869 2.9935180 3.6136042 3.3169578 3.1351515 2.2582298 2.8788835 4.5060170 4.6998979 4.1676072 3.0428975 2.2283008 1.8313482 2.8905241 1.2810913 1.2802840 0.0000000 1.9669476 1.7796215 2.1409486 2.2671393 2.3560478 2.3628220 2.4090303 2.3258733 2.4192280 2.4213442 2.6078318 2.5387003 3.1926147 3.1294788 3.0725090 3.1227099 3.0414020 1.9498043 2.2347901 3.2353087 3.1209166 2.8646228 2.1690816 3.6887740 1.8186597 3.0246436 2.9970604 2.9833452 2.9417838 2.9814586 3.4597032 4.5031383 4.1634401 3.5534332 
Spur_XM_795338.5                       3.4330604 3.3274716 2.6969488 2.9846710 2.9946821 2.7692726 2.2455866 2.8907054 3.5521027 3.5882387 4.4116321 2.9286054 2.1583423 1.7672292 2.7472921 1.7965148 1.3971605 1.9669476 0.0000000 1.0328020 1.8945431 2.3028848 2.3235311 2.3728622 2.3587449 2.4820948 2.4815936 2.4755077 2.3123445 2.3121874 2.7294466 2.7815983 2.4972379 3.0199867 2.7217996 1.9707755 2.0493317 2.8835669 2.7399190 2.8126092 2.1246578 4.1304100 2.0530685 3.1607878 2.8900439 2.8947016 2.8130310 2.8032129 3.6751784 4.6316318 4.2346901 3.9028113 
Skow_XM_002740838.2                    3.0359512 2.8747798 2.5525160 3.0927716 2.9063752 2.7914735 2.4135272 2.6884154 3.6590682 3.5314464 4.2387631 3.3301146 2.0285993 1.4755681 2.6174069 1.7404543 1.4185859 1.7796215 1.0328020 0.0000000 1.6892323 2.0574759 2.0184613 2.1155333 2.0781272 2.1398717 2.1257392 2.1340726 2.1217502 2.0099185 2.4296317 2.4881606 2.4119646 2.4740295 2.4983832 1.7763216 1.7423558 2.6844251 2.6555646 2.5303728 1.9535451 3.8641265 2.2173055 2.8501881 2.8984411 2.8912511 2.8216579 2.8852510 3.8734212 4.6045121 3.9475546 3.8150266 
Bralan_BLAG01002592_1                  3.5102073 3.3145774 2.6684095 3.0376498 2.7984030 2.7654556 2.1276489 2.5135599 4.3900473 3.9044123 4.3132332 2.6799490 1.9454073 1.6418292 2.9870655 1.9949319 1.4192377 2.1409486 1.8945431 1.6892323 0.0000000 2.4165528 2.3882421 2.3677405 2.3891407 2.4522066 2.3683870 2.3676418 2.2743496 2.3150486 2.6914916 2.7242192 2.5675378 2.5289593 2.7750699 1.9452908 1.9092912 3.0023218 2.9836731 3.0016389 2.0313598 3.7292632 1.8653298 2.9109306 2.8148913 2.8181526 2.7971785 2.7997678 3.7235993 4.2354938 3.5477662 4.1509360 
Gasp_gasp1.m3.10803.m1                 3.7444522 4.2319452 3.0356034 3.4107194 3.0085530 3.0796324 2.3435654 2.6994266 6.2096102 5.2210776 4.4281585 3.3651494 2.0503898 1.7100974 3.0707352 2.0564598 1.8591294 2.2671393 2.3028848 2.0574759 2.4165528 0.0000000 0.1679934 0.2436978 0.2206432 0.3448634 0.4857390 0.4746953 0.9401908 0.8085885 1.7509416 1.7326901 1.7014045 1.9373928 1.7019247 1.6672708 2.1996095 2.0151286 1.7638558 2.0022098 2.2935888 3.4493118 2.2294916 3.2708970 3.3144897 3.3096755 3.3428835 3.3965404 3.2807314 4.4914308 3.8657045 2.7664424 
Fspp_ffun1.m4.25437.m1                 3.7958998 3.9666418 3.0704586 3.2253867 2.9447691 3.1240295 2.3281378 2.7929834 5.2783144 4.5776129 4.3180247 3.4666488 2.2296283 1.7384340 3.0474576 2.1048509 1.9172786 2.3560478 2.3235311 2.0184613 2.3882421 0.1679934 0.0000000 0.2071580 0.1935755 0.3011406 0.4484095 0.4470295 0.9123840 0.8403769 1.8591004 1.8434197 1.8084677 1.9772029 1.8378015 1.6600652 2.2651732 2.1094902 1.8711996 2.0836032 2.3752488 3.5498784 2.1845841 3.0631868 3.2156382 3.1831770 3.1050847 3.1741608 3.1484764 4.2699489 3.7149396 2.9115434 
Spis_XP_022793449_1                    4.3753223 4.6198879 3.2499283 3.4343982 3.1465551 3.2077533 2.3859060 2.8481061 5.0718677 4.5036032 4.4161505 3.3596778 2.2523436 1.8031173 2.9246365 2.2031761 1.9642600 2.3628220 2.3728622 2.1155333 2.3677405 0.2436978 0.2071580 0.0000000 0.0750221 0.3162722 0.4895108 0.4892566 0.9149429 0.8558741 1.7932318 1.8391586 1.7981477 1.9792694 1.8835572 1.8758435 2.2375141 2.0461281 1.9131400 2.1684269 2.4905146 3.4202701 2.2491006 3.0201733 3.1061246 3.1005351 3.0106668 3.0566588 3.1989995 4.3727603 3.7407486 3.0230449 
Pocdam_XM_027193946.1                  4.1552585 4.3659583 3.2065855 3.4615053 3.1289611 3.1398160 2.3757735 2.8288652 5.1943478 4.6138442 4.4217103 3.3802410 2.2334124 1.7661972 2.9411363 2.1318434 2.0003404 2.4090303 2.3587449 2.0781272 2.3891407 0.2206432 0.1935755 0.0750221 0.0000000 0.3125138 0.4811850 0.4789848 0.9281259 0.8668023 1.8034084 1.8382317 1.8142315 1.9537639 1.8440230 1.7080283 2.2126239 2.0632728 1.8936873 2.1556818 2.4463397 3.4493809 2.1579561 2.9963486 3.0619380 3.0600129 3.0241388 3.0578969 3.2113549 4.3314030 3.7577613 3.0569820 
Gfas_gfas1.m1.14730.m1                 4.4624486 4.7180064 3.1792512 3.5354779 3.1453428 3.2638997 2.2482512 2.7976232 5.4856546 4.7761765 4.3176600 3.4981496 2.1853545 1.6765108 3.0429582 2.1875021 1.9001091 2.3258733 2.4820948 2.1398717 2.4522066 0.3448634 0.3011406 0.3162722 0.3125138 0.0000000 0.3921755 0.3940882 0.9183419 0.9030886 1.7934464 1.8638909 1.8402556 2.0704591 1.8979305 1.6253502 2.2819468 2.1689306 2.0292884 2.0751084 2.4412077 3.6259473 2.0715695 2.8999801 3.2363357 3.2516268 3.1522690 3.2245113 3.2788988 4.3481260 3.7002295 3.1512533 
Amil_Amillepora23173-RA                4.4498881 4.6160753 3.2135405 3.2963730 3.0207101 3.1684196 2.2111097 2.8531813 4.6408041 4.0787390 4.1155519 3.4964570 2.2324090 1.7246647 2.9921110 2.2101312 1.9338122 2.4192280 2.4815936 2.1257392 2.3683870 0.4857390 0.4484095 0.4895108 0.4811850 0.3921755 0.0000000 0.0187141 0.9846659 0.9776734 1.8387371 1.8909991 1.8787786 2.1370276 1.9454102 1.5584787 2.2845231 2.1809656 2.0228188 2.2055673 2.5357233 3.5128235 1.9760056 2.9141984 3.0724245 3.0672935 3.0786032 3.0843583 3.3206228 4.5939096 3.7234746 2.9615075 
Adig_XM_015900416.1                    4.4214534 4.5857697 3.1967910 3.2655709 2.9853908 3.1431850 2.2238099 2.8385807 4.6391003 4.0874519 4.1484450 3.4245924 2.2077279 1.7148072 2.9489968 2.1965858 1.9422318 2.4213442 2.4755077 2.1340726 2.3676418 0.4746953 0.4470295 0.4892566 0.4789848 0.3940882 0.0187141 0.0000000 0.9896214 0.9782300 1.8286044 1.8804751 1.8708489 2.1071704 1.9501645 1.5584787 2.2893582 2.1891337 2.0067738 2.1873207 2.5143822 3.4773097 1.9855718 2.9016036 3.0685854 3.0634609 3.0667748 3.0782684 3.2821836 4.6212359 3.7216103 2.9832555 
Exapal_XM_021040408.2                  3.9568921 3.9315372 2.8686969 3.1600924 3.0284506 3.0458522 2.2185916 2.6853640 4.7862169 4.0480745 4.4406308 3.5520241 2.1132141 1.5876955 2.8394626 2.2997242 1.9457085 2.6078318 2.3123445 2.1217502 2.2743496 0.9401908 0.9123840 0.9149429 0.9281259 0.9183419 0.9846659 0.9896214 0.0000000 0.7305915 2.0140504 1.9684439 1.9110644 2.0666464 1.9693577 1.4882611 2.2312581 2.0945332 1.9307262 2.1882270 2.4085444 3.6256589 2.3248741 3.1004141 3.1652804 3.1914979 3.0728388 3.1078785 3.5932691 4.4987072 3.6081389 3.1161873 
Nvec_v1g27718                          3.9113305 3.8670967 2.8442580 3.1730915 3.3216041 3.5082193 2.2833393 3.0063518 4.8072880 4.1845858 4.4202026 3.0897565 1.9672751 1.3172524 3.0225674 2.2421228 1.6551961 2.5387003 2.3121874 2.0099185 2.3150486 0.8085885 0.8403769 0.8558741 0.8668023 0.9030886 0.9776734 0.9782300 0.7305915 0.0000000 1.7100890 1.7236781 1.6429508 2.0333661 1.9086198 1.4709426 2.2432841 2.2240408 2.0480298 2.0273316 2.2132640 3.5076871 1.7929018 3.1909182 3.2245982 3.2219378 3.2554442 3.2273955 3.2617140 4.1623799 3.1190078 3.2402774 
Rhoesc_Res_006673-T1                   4.1437706 4.1902419 3.0357305 3.1779793 3.2515943 3.3328510 2.7606792 2.9835822 3.8801845 3.6481107 4.5216942 3.9448240 2.5362256 2.0370432 3.3558449 2.5929373 2.4772012 3.1926147 2.7294466 2.4296317 2.6914916 1.7509416 1.8591004 1.7932318 1.8034084 1.7934464 1.8387371 1.8286044 2.0140504 1.7100890 0.0000000 0.1916034 0.5679102 1.0403334 0.9073368 2.0493952 2.5977357 2.4467900 2.4578985 1.6636531 2.7090312 3.6538772 2.4543087 3.3268885 3.3740264 3.3640081 3.4940506 3.4446478 3.6546615 4.3665845 4.1870756 2.6457325 
Nemnom_g7638.t1                        4.5882878 4.6566894 2.9849329 3.1265492 3.1590973 3.2388306 2.5353621 2.8785775 4.1885057 3.7539698 4.6800925 3.8581372 2.4918261 2.0098235 3.3667686 2.6193520 2.5173136 3.1294788 2.7815983 2.4881606 2.7242192 1.7326901 1.8434197 1.8391586 1.8382317 1.8638909 1.8909991 1.8804751 1.9684439 1.7236781 0.1916034 0.0000000 0.5679074 1.0575006 0.9404695 2.0577465 2.6398461 2.4841303 2.4684191 1.6644275 2.6966576 3.4960470 2.5541498 3.3148041 3.4012940 3.4051216 3.5682994 3.5138745 3.5944752 4.4377347 4.1964373 2.5826354 
Aaur_scaffold797.g10.t1                3.3770698 3.3494523 2.9892884 3.0148093 2.9732837 2.8570204 2.5121990 2.9855051 3.5050467 3.4363037 4.7131300 3.6657766 2.3535016 1.8895529 3.0398306 2.5714992 2.3502170 3.0725090 2.4972379 2.4119646 2.5675378 1.7014045 1.8084677 1.7981477 1.8142315 1.8402556 1.8787786 1.8708489 1.9110644 1.6429508 0.5679102 0.5679074 0.0000000 0.9038750 0.8336043 1.9196545 2.6091540 2.4337411 2.3057794 1.6779369 2.6203242 4.0498261 2.4491312 3.3347654 3.3963410 3.3861622 3.4129074 3.4329876 3.6648972 4.7570376 4.1422104 2.4270781 
Sanmal_Sma_018642-T1                   8.9999989 8.9999981 3.1678165 3.6866609 3.2979579 2.8127201 2.3834711 2.7329907 5.8888266 5.5025751 3.5266078 4.7648948 2.2463348 1.8239707 5.4972753 2.9091279 2.3812105 3.1227099 3.0199867 2.4740295 2.5289593 1.9373928 1.9772029 1.9792694 1.9537639 2.0704591 2.1370276 2.1071704 2.0666464 2.0333661 1.0403334 1.0575006 0.9038750 0.0000000 0.0194494 2.1875968 2.5256391 2.5368853 2.2531780 1.7337776 2.6679642 3.7648493 2.0929495 3.1601306 3.0237246 3.0091639 2.9603299 3.0016060 3.3520532 4.5193782 4.2006670 4.6671529 
Sanmal_Sma_018648-T1                   3.5535454 3.8100981 3.0593576 3.3371281 3.2113933 3.0895305 2.4997796 2.9859982 4.2881810 3.9153410 3.9506384 3.7819728 2.3680901 1.8507243 3.0132949 2.7821291 2.4035220 3.0414020 2.7217996 2.4983832 2.7750699 1.7019247 1.8378015 1.8835572 1.8440230 1.8979305 1.9454102 1.9501645 1.9693577 1.9086198 0.9073368 0.9404695 0.8336043 0.0194494 0.0000000 2.4633009 2.6065179 2.3690447 2.3088591 1.7193011 2.9205766 3.8749568 2.1974559 3.1711590 3.1876372 3.1767413 3.1663235 3.1261787 3.4240635 4.4055346 4.2937042 2.5714485 
Plespi_Pspi_scaffold14_01              0.0000010 0.0000010 2.2886710 1.8582017 2.5228855 2.4319561 2.6810810 2.3643048 0.0000010 0.0000010 3.7997858 0.0000010 2.0051529 2.0051529 0.0000010 2.2453228 2.0400029 1.9498043 1.9707755 1.7763216 1.9452908 1.6672708 1.6600652 1.8758435 1.7080283 1.6253502 1.5584787 1.5584787 1.4882611 1.4709426 2.0493952 2.0577465 1.9196545 2.1875968 2.4633009 0.0000000 1.8111826 2.5312890 2.1708716 2.5597959 2.5804351 3.4585207 2.6576192 2.1901805 2.3600567 2.3600567 2.2491297 2.2678667 3.1136450 3.5623080 3.7792428 0.0000010 
Bralan_BLAG04000534_1                  4.1598375 4.1808172 3.1995608 3.4158723 3.0699717 3.0942030 2.3232153 3.0314039 4.2358807 4.2069729 4.4139301 3.2538808 2.2685495 1.8683485 3.3527470 1.9604744 1.8776235 2.2347901 2.0493317 1.7423558 1.9092912 2.1996095 2.2651732 2.2375141 2.2126239 2.2819468 2.2845231 2.2893582 2.2312581 2.2432841 2.5977357 2.6398461 2.6091540 2.5256391 2.6065179 1.8111826 0.0000000 2.5200636 2.4924924 2.8492828 2.0075369 3.9010582 2.2233111 3.1250876 2.8577857 2.8701807 2.7916118 2.8349168 3.8552592 4.9148239 4.3272073 4.0290097 
Xesp_004490-T1                         4.5550155 4.2308273 3.3297208 3.4021112 3.3412892 3.5695949 2.8529964 3.0753600 4.8348404 4.1699907 4.9089407 4.4055571 2.6440012 2.1327678 3.8591717 2.8505775 2.8487092 3.2353087 2.8835669 2.6844251 3.0023218 2.0151286 2.1094902 2.0461281 2.0632728 2.1689306 2.1809656 2.1891337 2.0945332 2.2240408 2.4467900 2.4841303 2.4337411 2.5368853 2.3690447 2.5312890 2.5200636 0.0000000 1.0770877 2.5687076 3.3309128 4.1176208 3.2740247 3.8434424 3.5125085 3.5094840 3.5943052 3.4986533 3.6615772 4.5499725 3.7482262 2.9528957 
Dgig_XM_028544631.1                    3.3873306 3.3081474 3.2370478 3.4898134 3.2757526 3.3852521 2.8440387 2.9198452 4.7384267 4.0806461 5.0907932 4.2377505 2.6694060 2.1885678 3.9844149 2.6607999 2.5419483 3.1209166 2.7399190 2.6555646 2.9836731 1.7638558 1.8711996 1.9131400 1.8936873 2.0292884 2.0228188 2.0067738 1.9307262 2.0480298 2.4578985 2.4684191 2.3057794 2.2531780 2.3088591 2.1708716 2.4924924 1.0770877 0.0000000 2.4043182 2.7226558 4.5422429 2.6251984 3.3348116 3.0555554 3.0224935 2.9975079 3.0161904 3.5600820 4.4308626 3.4705098 3.4151363 
Morvir_scaffold311.g13.t1              4.2279610 3.9627653 3.2412559 3.4129894 3.2835803 3.0767789 2.4922974 3.0682842 3.9388807 4.0514826 4.6396003 2.8214655 2.6213094 2.5502647 3.7188442 2.8563905 2.4936577 2.8646228 2.8126092 2.5303728 3.0016389 2.0022098 2.0836032 2.1684269 2.1556818 2.0751084 2.2055673 2.1873207 2.1882270 2.0273316 1.6636531 1.6644275 1.6779369 1.7337776 1.7193011 2.5597959 2.8492828 2.5687076 2.4043182 0.0000000 3.0827830 3.9423422 3.1172358 3.7770747 3.6375661 3.6292535 3.6762587 3.6309736 3.7589777 4.6271813 4.1112083 2.4300497 
Hsap_ENST00000446160                   3.6677286 3.4594673 3.4266094 3.5579209 3.2672059 3.1913888 2.7505692 3.1721315 5.5662367 4.9265333 4.2192592 3.2781336 2.5253612 2.2576967 2.7480556 2.1536187 1.7499524 2.1690816 2.1246578 1.9535451 2.0313598 2.2935888 2.3752488 2.4905146 2.4463397 2.4412077 2.5357233 2.5143822 2.4085444 2.2132640 2.7090312 2.6966576 2.6203242 2.6679642 2.9205766 2.5804351 2.0075369 3.3309128 2.7226558 3.0827830 0.0000000 3.7076666 2.2563115 2.9285937 2.9277563 2.9011236 2.7971362 2.7917393 4.0882255 4.3803252 4.1485900 4.0037158 
Gracom_Gcom_scaffold17370_01           5.8227679 5.5328036 4.2842058 4.9640935 4.9478520 4.5255927 4.2542491 4.2818425 5.6363618 5.0211692 2.2344998 6.3615780 3.9049280 3.1467472 3.5128713 3.5752111 3.5394015 3.6887740 4.1304100 3.8641265 3.7292632 3.4493118 3.5498784 3.4202701 3.4493809 3.6259473 3.5128235 3.4773097 3.6256589 3.5076871 3.6538772 3.4960470 4.0498261 3.7648493 3.8749568 3.4585207 3.9010582 4.1176208 4.5422429 3.9423422 3.7076666 0.0000000 4.2286899 4.3821125 4.0080347 4.0168382 4.0380482 3.9461563 2.8577106 3.3949992 3.3396972 5.9434485 
Tadh_TriadT17137                       0.0000010 0.0000010 2.3335435 2.5535664 2.2583940 2.3312810 2.6719486 2.5549120 0.0000010 0.0000010 4.3921151 6.3717680 2.3139796 2.3139796 0.0000010 2.4448378 2.1081843 1.8186597 2.0530685 2.2173055 1.8653298 2.2294916 2.1845841 2.2491006 2.1579561 2.0715695 1.9760056 1.9855718 2.3248741 1.7929018 2.4543087 2.5541498 2.4491312 2.0929495 2.1974559 2.6576192 2.2233111 3.2740247 2.6251984 3.1172358 2.2563115 4.2286899 0.0000000 0.0000010 0.1961436 0.1882611 0.2089613 0.2117285 3.6031528 6.3639442 6.2916023 0.0000010 
TrH2_TrispH2_002838-RA                 3.4486618 3.3699799 3.3758255 3.8147619 3.3916255 3.4807846 2.8245149 3.5111374 4.8771153 4.7003335 5.1445700 3.6559885 2.4854678 2.0664656 3.2850176 3.0580293 2.6786530 3.0246436 3.1607878 2.8501881 2.9109306 3.2708970 3.0631868 3.0201733 2.9963486 2.8999801 2.9141984 2.9016036 3.1004141 3.1909182 3.3268885 3.3148041 3.3347654 3.1601306 3.1711590 2.1901805 3.1250876 3.8434424 3.3348116 3.7770747 2.9285937 4.3821125 0.0000010 0.0000000 0.4686737 0.4670359 0.4571658 0.4645228 4.5266686 5.1915785 4.8700132 5.1514580 
Hhon_g07589.t1                         4.1530371 3.8780301 3.4727679 3.5569593 3.2608870 3.4011063 2.7135031 3.4488368 4.4837637 4.4469296 5.0171552 4.3643595 2.6794635 2.1243829 3.0417680 3.0057486 2.7206684 2.9970604 2.8900439 2.8984411 2.8148913 3.3144897 3.2156382 3.1061246 3.0619380 3.2363357 3.0724245 3.0685854 3.1652804 3.2245982 3.3740264 3.4012940 3.3963410 3.0237246 3.1876372 2.3600567 2.8577857 3.5125085 3.0555554 3.6375661 2.9277563 4.0080347 0.1961436 0.4686737 0.0000000 0.0170580 0.2001655 0.1887178 4.2687010 4.8433883 4.4444400 4.4515780 
HoiH04_mRNA9993                        4.1541897 3.8789051 3.4571100 3.5540364 3.2425514 3.4155131 2.6946966 3.4270152 4.4826824 4.4769307 5.0333334 4.3034451 2.6637460 2.1068293 3.0321238 2.9803705 2.7192503 2.9833452 2.8947016 2.8912511 2.8181526 3.3096755 3.1831770 3.1005351 3.0600129 3.2516268 3.0672935 3.0634609 3.1914979 3.2219378 3.3640081 3.4051216 3.3861622 3.0091639 3.1767413 2.3600567 2.8701807 3.5094840 3.0224935 3.6292535 2.9011236 4.0168382 0.1882611 0.4670359 0.0170580 0.0000000 0.2001220 0.1979389 4.2649772 4.8394615 4.4066395 4.4724499 
HoiH23_PlH23_003785-RA                 3.5755270 3.2880080 3.2957434 3.3656014 3.1117786 3.2556997 2.6533243 3.3539189 4.2370723 4.1971546 4.9828367 3.6805550 2.5303815 2.1138709 3.0230561 2.9706349 2.5720619 2.9417838 2.8130310 2.8216579 2.7971785 3.3428835 3.1050847 3.0106668 3.0241388 3.1522690 3.0786032 3.0667748 3.0728388 3.2554442 3.4940506 3.5682994 3.4129074 2.9603299 3.1663235 2.2491297 2.7916118 3.5943052 2.9975079 3.6762587 2.7971362 4.0380482 0.2089613 0.4571658 0.2001655 0.2001220 0.0000000 0.0786171 4.0390110 4.9138295 4.3014958 4.6474648 
HoiH06_mRNA2402                        3.7871281 3.5168139 3.3343703 3.4532598 3.2147314 3.3089414 2.6541047 3.3716012 4.1996788 4.1472539 4.9684795 3.7090747 2.5663477 2.1524461 2.8893581 3.0176294 2.6312821 2.9814586 2.8032129 2.8852510 2.7997678 3.3965404 3.1741608 3.0566588 3.0578969 3.2245113 3.0843583 3.0782684 3.1078785 3.2273955 3.4446478 3.5138745 3.4329876 3.0016060 3.1261787 2.2678667 2.8349168 3.4986533 3.0161904 3.6309736 2.7917393 3.9461563 0.2117285 0.4645228 0.1887178 0.1979389 0.0786171 0.0000000 3.9394124 4.9469598 4.3356973 4.3469307 
Lcom_lcpid41558                        6.9236298 6.0001154 3.8370117 4.1976594 3.9927057 3.9725308 3.5513380 3.6509607 4.9506822 4.6423075 2.7795067 5.3516239 3.3925575 2.7701269 4.0480838 3.3183398 3.4329194 3.4597032 3.6751784 3.8734212 3.7235993 3.2807314 3.1484764 3.1989995 3.2113549 3.2788988 3.3206228 3.2821836 3.5932691 3.2617140 3.6546615 3.5944752 3.6648972 3.3520532 3.4240635 3.1136450 3.8552592 3.6615772 3.5600820 3.7589777 4.0882255 2.8577106 3.6031528 4.5266686 4.2687010 4.2649772 4.0390110 3.9394124 0.0000000 3.4314432 3.0373019 4.7008102 
Scil_scict008926.1                     5.7427424 5.2769225 3.8870723 4.2378709 4.5329923 4.5098458 4.0845344 4.1289987 4.7819521 4.1688506 3.9929999 5.9634298 4.4470837 3.9530725 4.3444007 4.0474933 4.6739301 4.5031383 4.6316318 4.6045121 4.2354938 4.4914308 4.2699489 4.3727603 4.3314030 4.3481260 4.5939096 4.6212359 4.4987072 4.1623799 4.3665845 4.4377347 4.7570376 4.5193782 4.4055346 3.5623080 4.9148239 4.5499725 4.4308626 4.6271813 4.3803252 3.3949992 6.3639442 5.1915785 4.8433883 4.8394615 4.9138295 4.9469598 3.4314432 0.0000000 2.3889880 5.3855072 
Gracom_Gcom_scaffold14936_01           4.0905160 2.9955900 3.7133092 3.5771459 4.2473657 4.0503700 3.8444285 4.0003229 4.8936725 3.5761798 2.9864795 8.3247453 4.1156945 3.8921389 3.9831388 3.7539689 3.7478143 4.1634401 4.2346901 3.9475546 3.5477662 3.8657045 3.7149396 3.7407486 3.7577613 3.7002295 3.7234746 3.7216103 3.6081389 3.1190078 4.1870756 4.1964373 4.1422104 4.2006670 4.2937042 3.7792428 4.3272073 3.7482262 3.4705098 4.1112083 4.1485900 3.3396972 6.2916023 4.8700132 4.4444400 4.4066395 4.3014958 4.3356973 3.0373019 2.3889880 0.0000000 4.1822826 
Chem_TCONS_00007181                    3.3280981 3.2447847 3.7589680 3.3294655 3.3294655 3.7191756 2.3391872 4.4886636 3.2002357 3.4281695 5.4091825 4.3958983 3.8757515 2.8903088 4.1946424 3.9516572 3.2740060 3.5534332 3.9028113 3.8150266 4.1509360 2.7664424 2.9115434 3.0230449 3.0569820 3.1512533 2.9615075 2.9832555 3.1161873 3.2402774 2.6457325 2.5826354 2.4270781 4.6671529 2.5714485 0.0000010 4.0290097 2.9528957 3.4151363 2.4300497 4.0037158 5.9434485 0.0000010 5.1514580 4.4515780 4.4724499 4.6474648 4.3469307 4.7008102 5.3855072 4.1822826 0.0000000 
