84
Lcom_lcpid206806                                       0.0000000 0.5244503 0.5958703 0.7001503 0.6626259 0.7369034 0.8047616 0.6921063 0.5998557 0.6445029 0.6985964 0.6749003 0.6506735 0.6219792 0.6219792 0.5061279 0.5767344 0.6062914 0.6311375 0.6311375 0.8052998 0.8052998 0.6699394 0.6862815 0.7192693 0.7591839 0.7073065 0.8221322 0.8221322 0.7240353 2.1700222 2.1700222 1.1589852 1.0091461 1.1206558 0.8807357 0.9451139 0.9873860 0.9197813 0.9346312 0.8334178 1.0737147 0.9527304 0.9046142 1.0165033 0.6876989 0.8768489 0.8758451 0.6998167 0.7051365 0.6771656 0.8232657 0.8195154 0.6958003 0.7678899 3.1254015 0.8199637 0.8199637 1.2902190 1.1408195 0.8756334 0.8756334 0.8579805 0.8756334 5.9443806 0.8363517 0.7859955 0.9746659 2.2148081 8.4075058 0.7574948 0.8977118 0.9944310 1.7370479 0.8833988 0.8453389 0.7757190 0.8908193 0.8403043 0.8434132 0.0000010 1.0703205 1.1824845 9.0000000 
Sanmal_Sma_022780-T1                                   0.5244503 0.0000000 0.2630549 0.2510207 0.2592460 0.2123125 0.5843355 0.6356636 0.5144168 0.5767782 0.6072742 0.5882604 0.6450792 0.6682437 0.6682437 0.5726820 0.5309111 0.6138996 0.5814485 0.5814485 0.6349299 0.6349299 0.6729054 0.6659901 0.7792133 0.8892660 0.7362815 0.6870805 0.7537573 0.7665392 0.9127356 0.9127356 1.6709499 0.7726884 0.7607704 0.6117947 1.1368359 1.1453381 0.9796298 0.6016752 0.5617150 1.1230497 1.1013722 1.0479301 0.9607336 0.9602528 0.8308881 0.8560696 0.7744904 0.7263059 0.9205131 0.8903334 0.7571661 1.0454432 0.7997167 1.2101298 1.2984029 1.3368029 1.6761795 1.3568194 1.1565748 0.8798502 1.2932630 1.0497527 2.1627509 1.3395396 1.0159097 1.5836368 1.0824975 1.3303939 1.1280775 1.1757114 1.1494323 1.2099230 1.3715088 0.8488501 1.1316508 0.8609350 0.9338312 0.9484385 1.6165476 0.5795264 1.8098211 1.6721534 
Aaur_scaffold2971.g2.t2                                0.5958703 0.2630549 0.0000000 0.2091882 0.2389394 0.1798735 0.2844264 0.4128332 0.5774008 0.6007393 0.5838789 0.5790256 0.6217962 0.7520485 0.6525887 0.5861243 0.5912558 0.5710865 0.5937449 0.6040516 0.6148594 0.6122035 0.6457501 0.7892690 0.7102390 0.7400694 0.6547696 0.7425838 0.7633527 0.6953502 0.7683322 0.6730341 0.7797678 0.7230244 0.8025389 0.6909015 0.7914734 0.7752470 0.6884304 0.6558896 0.6593895 0.7587116 0.7938587 0.7568713 0.7245873 0.7380447 0.7498769 0.7585578 0.6631170 0.6613984 0.7298552 0.6695750 0.5784836 0.8204911 0.6107148 0.8356332 1.0897680 0.9915860 0.8314706 0.8430067 0.9062594 0.7704295 0.7898763 0.8193024 0.8861026 0.7890061 0.8282212 0.9566288 0.9889929 0.9168999 0.8719524 0.8971673 0.9617532 0.9379245 0.9685129 0.8320117 0.9236904 0.9129578 0.8960372 0.8396569 0.7944895 0.8200655 1.1877301 2.1301184 
Nemnom_g2661.t1                                        0.7001503 0.2510207 0.2091882 0.0000000 0.0202728 0.1266865 0.3197955 0.4216190 0.5523207 0.5578680 0.5580428 0.5585852 0.5908121 0.7622280 0.6313672 0.6206549 0.5853327 0.5984741 0.6215889 0.6240028 0.6451297 0.6451297 0.6347482 0.7767365 0.7240432 0.7139989 0.6737412 0.7511852 0.7617693 0.7185571 0.8423523 0.7459329 0.7395341 0.7271707 0.7728579 0.7082004 0.7506259 0.7373194 0.6811505 0.6126244 0.6434545 0.7653585 0.7251238 0.7200130 0.7165258 0.7353230 0.7430420 0.7526514 0.6463970 0.6346989 0.7036299 0.6715759 0.6406085 0.8544429 0.6557830 0.7987724 1.0683310 0.9710733 0.8303071 0.8280339 0.9353538 0.8083863 0.7964415 0.8571361 0.9627126 0.7950937 0.7888612 0.8906209 0.9478358 0.8661263 0.8664231 0.8597382 0.9214188 0.9124578 0.9732289 0.7717167 0.8707397 0.8769170 0.8493302 0.7811767 0.7254924 0.7824015 1.1052419 2.1086279 
Nemnom_g14007.t1                                       0.6626259 0.2592460 0.2389394 0.0202728 0.0000000 0.1465820 0.3915702 0.4632327 0.6029011 0.6249261 0.6221577 0.6169070 0.6591946 0.7458403 0.6790223 0.6150555 0.6255142 0.6395374 0.6595082 0.6625085 0.6856241 0.6856241 0.6748842 0.7475521 0.7552261 0.7307031 0.7135513 0.7812117 0.7934821 0.7465209 1.1892126 1.1966622 0.7495123 0.7256061 0.7460066 0.7082004 0.8046006 0.7792091 0.6972147 0.6301910 0.6033932 0.7967125 0.7140918 0.6688953 0.7414638 0.8440535 0.7803822 0.7917872 0.6835410 0.6733409 0.6347095 0.6552441 0.6345065 0.9273677 0.6656249 0.9315520 1.0567675 1.0108175 0.8090822 0.8081560 0.9426833 0.7943848 0.7741764 0.8515342 0.9391052 0.7727492 0.7923398 0.8892292 0.9524122 0.9383095 0.8933067 0.8795596 0.9247021 0.8207238 0.9797620 0.7459167 0.8725437 0.8861063 0.8882204 0.8261655 0.8088013 0.7684246 0.8777950 2.1086279 
Rhoesc_Res_003780-T1                                   0.7369034 0.2123125 0.1798735 0.1266865 0.1465820 0.0000000 0.3153812 0.3785950 0.5467789 0.5331185 0.5306140 0.5381339 0.5785828 0.7137893 0.6079348 0.5974913 0.5506956 0.5633174 0.6005539 0.6028389 0.6065308 0.6065308 0.6257884 0.7477763 0.7140318 0.7496260 0.6716540 0.7355629 0.7562636 0.6995954 0.9575746 0.8184549 0.7692349 0.7152437 0.7707267 0.5972979 0.7259852 0.7619897 0.6793930 0.6097141 0.6340164 0.7494814 0.7610308 0.7080057 0.7140935 0.7125646 0.6976706 0.7060344 0.6160233 0.6152827 0.7197758 0.6819221 0.6155640 0.8100230 0.6231425 0.7705891 1.0879538 0.9656124 0.7718831 0.7827176 0.8982920 0.7655084 0.7433615 0.8111757 0.9013319 0.7429747 0.7943884 0.8602609 0.9138385 0.8061199 0.8560176 0.8378516 0.8853033 0.8721231 0.9527388 0.7443168 0.8791529 0.8197955 0.8505386 0.7741370 0.7256515 0.7405956 1.0845846 2.1841782 
Sanmal_Sma_022779-T1                                   0.8047616 0.5843355 0.2844264 0.3197955 0.3915702 0.3153812 0.0000000 0.4279429 0.5533110 0.5059988 0.4910768 0.5113778 0.5605280 0.7453912 0.5600618 0.6666951 0.6334458 0.4950699 0.5154038 0.5186111 0.5384014 0.5384014 0.6038379 0.8434001 0.6342742 0.6220718 0.5384019 0.7715689 0.7715689 0.5164741 0.7437507 0.6283070 0.7041398 0.7097297 0.8050838 0.0000010 0.6393038 0.6490240 0.6671935 0.6759794 0.7471360 0.5616734 0.6154860 0.5930044 0.5820099 0.7198391 0.7529928 0.7518945 0.6978299 0.6222997 0.7904759 0.6776689 0.6234663 0.7233561 0.6579131 0.8042795 0.8617331 0.8140524 0.7541855 0.7541855 0.7573184 0.7573184 0.7573184 0.7573184 0.8677071 0.7573184 0.7173692 0.7701249 0.8882223 0.7679307 0.6665274 0.6403487 0.7819446 0.9681049 0.8034564 0.8144570 0.7024326 0.7766969 0.8538679 0.6619366 0.7286441 1.0096589 1.1393369 2.9559990 
Morvir_scaffold79.g45.t1                               0.6921063 0.6356636 0.4128332 0.4216190 0.4632327 0.3785950 0.4279429 0.0000000 0.5508772 0.5551748 0.5309090 0.5354469 0.5919112 0.7356818 0.6389342 0.5670589 0.5101587 0.5821314 0.6165370 0.6189344 0.6505361 0.6505361 0.6531258 0.7639377 0.6705597 0.7076763 0.7374463 0.7562784 0.7813857 0.6978565 0.7515841 0.6631241 0.7467136 0.7280073 0.7758661 0.6591428 0.7885466 0.7579380 0.7157208 0.6624881 0.7280089 0.8054387 0.7657154 0.6945985 0.6884912 0.6956951 0.6836238 0.6930221 0.6516038 0.6421338 0.7375941 0.6519444 0.5969000 0.8576057 0.6825789 0.8056781 1.2126362 1.0151256 0.8513990 0.8865852 0.9289507 0.7701738 0.7319400 0.8320733 0.8683898 0.7227827 0.8091265 0.7691743 0.7798883 0.7129749 0.8454147 0.8673039 0.9050838 0.8631325 0.9855928 0.8111185 0.8853765 0.8121094 0.9740351 0.8145353 0.8675196 0.8195425 0.9980143 2.3429942 
Fspp_ffun1.m4.33062.m1                                 0.5998557 0.5144168 0.5774008 0.5523207 0.6029011 0.5467789 0.5533110 0.5508772 0.0000000 0.0742910 0.1279809 0.1081315 0.1521840 0.2288571 0.1827887 0.3661658 0.3852702 0.5972402 0.6246148 0.6328891 0.5980163 0.5934755 0.5396919 0.6510409 0.6616578 0.6470529 0.7557633 0.7803860 0.7936080 0.6208428 0.8183375 0.7117796 0.7478347 0.7525627 0.8261614 0.7435365 0.7655930 0.6955272 0.6580588 0.6598074 0.6647911 0.8197197 0.7885638 0.7448471 0.7785182 0.6415821 0.6911699 0.7043869 0.7615610 0.6792888 0.7394668 0.6520243 0.6484695 0.8055950 0.7471407 0.8270703 1.0914313 0.9589994 0.8913872 0.8628110 0.9841016 0.8454978 0.8592907 0.8972822 0.9390222 0.8605608 0.8311422 0.8952913 0.9145526 0.8018289 0.9368954 0.9113813 1.0353139 0.9710481 1.0278336 0.8105933 0.9738052 0.8481095 0.9121845 0.7752322 0.6509783 0.8672804 1.0287912 2.7014382 
Gasp_gasp1.m3.27397.m1                                 0.6445029 0.5767782 0.6007393 0.5578680 0.6249261 0.5331185 0.5059988 0.5551748 0.0742910 0.0000000 0.0869859 0.0778094 0.1242789 0.2015999 0.1612083 0.3793032 0.3834691 0.5931637 0.6207439 0.6279932 0.5943861 0.5898427 0.5774171 0.6697356 0.6848081 0.6380310 0.7616587 0.8042674 0.8177968 0.6322700 0.8193071 0.6915371 0.7418028 0.7326280 0.8260591 0.7396468 0.7528599 0.6736101 0.6464402 0.6789487 0.6869696 0.8261031 0.7966871 0.7375110 0.7795587 0.6293232 0.6886762 0.7020125 0.7886723 0.6674748 0.7627679 0.6834282 0.6757309 0.8111002 0.7517898 0.8992386 1.1212061 1.0053838 0.8865822 0.8541697 1.0008725 0.8503002 0.8622013 0.9001976 0.9751010 0.8637906 0.8418906 0.9358235 0.9778411 0.8707756 0.9278611 0.8944231 1.0461608 0.9300798 1.0134596 0.7607973 0.9722396 0.7990025 0.9355473 0.7896359 0.6463068 0.8968987 1.0668851 3.0500047 
Spis_XP_022804372_1                                    0.6985964 0.6072742 0.5838789 0.5580428 0.6221577 0.5306140 0.4910768 0.5309090 0.1279809 0.0869859 0.0000000 0.0373531 0.1334635 0.2337318 0.1899425 0.4062349 0.3880440 0.6205556 0.6645390 0.6720157 0.6186435 0.6140519 0.5826499 0.6692424 0.6882716 0.6311462 0.7604277 0.7923149 0.8054728 0.6575873 0.9760206 0.8290655 0.7670986 0.7499984 0.8575640 0.7634570 0.7945721 0.7487262 0.7153157 0.7087328 0.6896652 0.8176217 0.7993674 0.7228116 0.7737293 0.6295081 0.7195072 0.7331291 0.8044908 0.6877482 0.7462729 0.6904247 0.6885546 0.8367879 0.7825392 0.8355216 1.1275600 0.9740784 0.8741209 0.8430542 1.0075397 0.8474424 0.8543059 0.8961816 0.9618467 0.8515657 0.8275173 0.9158215 0.9356872 0.8532618 0.8822847 0.8866251 1.0041212 0.8672367 1.0440164 0.7587677 0.9524616 0.8072988 1.0085704 0.8524110 0.5955363 0.9129452 1.0924531 2.9724759 
Pocdam_XM_027200238.1                                  0.6749003 0.5882604 0.5790256 0.5585852 0.6169070 0.5381339 0.5113778 0.5354469 0.1081315 0.0778094 0.0373531 0.0000000 0.1276646 0.2091551 0.1665855 0.3944899 0.3995688 0.6209765 0.6612885 0.6687864 0.6245898 0.6199661 0.5810203 0.6838383 0.6992434 0.6413067 0.7728826 0.7967082 0.8100123 0.6500097 1.0106635 0.8679704 0.7879226 0.7580479 0.8672262 0.7174295 0.7960757 0.7624489 0.7169723 0.7097055 0.6947178 0.8337033 0.8014398 0.7367957 0.7694053 0.6298687 0.7274419 0.7410577 0.8092735 0.7031643 0.7360689 0.6826908 0.6880948 0.8443327 0.7741989 0.8567473 1.1151563 0.9758574 0.8951485 0.8547921 1.0181225 0.8630361 0.8678110 0.9160693 0.9816254 0.8670944 0.8371016 0.9327681 0.9555237 0.8760831 0.9142852 0.9048556 1.0207000 0.8857348 1.0512532 0.7762910 0.9629899 0.8227062 0.9819903 0.8489553 0.6289272 0.9075041 1.0924531 2.9213484 
Gfas_gfas1.m1.13851.m1                                 0.6506735 0.6450792 0.6217962 0.5908121 0.6591946 0.5785828 0.5605280 0.5919112 0.1521840 0.1242789 0.1334635 0.1276646 0.0000000 0.1942548 0.1489993 0.4274474 0.4237114 0.6089654 0.6295957 0.6369163 0.6278797 0.6231991 0.5901414 0.6667883 0.6811450 0.6357977 0.7461629 0.8131524 0.8264644 0.6347881 0.9254137 0.8014840 0.7519126 0.7728500 0.8858568 0.8388799 0.7716271 0.7025808 0.7157428 0.7048687 0.7101264 0.8249536 0.8054567 0.7607295 0.8051111 0.6199241 0.7343946 0.7557554 0.7977699 0.6898387 0.7694967 0.7189537 0.7470114 0.8351780 0.7612738 0.8928816 1.0665444 0.9705528 0.9303235 0.8738248 0.9593430 0.8368699 0.8648311 0.8774359 0.9519155 0.8561544 0.8409937 0.9405594 0.9939483 0.9072306 0.9424860 0.9087742 1.0372406 0.8873987 1.0014475 0.8242442 0.9591923 0.8530014 0.9202998 0.8162885 0.6433535 0.9559821 1.1096653 2.6574663 
Adig_XM_015898653.1                                    0.6219792 0.6682437 0.7520485 0.7622280 0.7458403 0.7137893 0.7453912 0.7356818 0.2288571 0.2015999 0.2337318 0.2091551 0.1942548 0.0000000 0.0428161 0.4609168 0.4923206 0.7662097 0.8109932 0.8210294 0.7734401 0.7672684 0.6804118 0.6850185 0.8452132 0.7050550 0.8051046 0.8421979 0.8579614 0.7221229 4.9027789 4.9027789 0.9898625 0.8870626 1.0154384 0.8060745 0.9428789 0.8306344 0.8541146 0.8342187 0.8158389 0.9305708 0.9076755 0.8360924 0.8361079 0.8281428 0.9243994 0.9459603 0.9955662 0.8373718 0.7913954 0.7398048 0.7883875 1.0056324 0.8834344 1.7803209 1.0287097 1.1454179 1.1752827 1.0706480 1.1206248 0.9825870 1.0763031 1.0453876 1.4758576 1.0670654 0.9724462 1.1671446 1.3358603 1.2619126 1.0438562 1.0399719 1.1992530 1.2988158 1.1521218 0.7343137 1.0540077 1.0301000 1.0427728 1.0103342 1.1922202 0.9227461 1.0476573 2.4112639 
Amil_Amillepora09568-RA                                0.6219792 0.6682437 0.6525887 0.6313672 0.6790223 0.6079348 0.5600618 0.6389342 0.1827887 0.1612083 0.1899425 0.1665855 0.1489993 0.0428161 0.0000000 0.3935895 0.4212991 0.6605291 0.6939886 0.7017559 0.6639749 0.6591390 0.5822767 0.6384470 0.7139656 0.5789018 0.7205396 0.7313170 0.7434649 0.6065389 0.9376460 0.8778917 0.7767284 0.7537748 0.8790494 0.8060745 0.8063631 0.7107435 0.6773581 0.7068093 0.7095051 0.8563469 0.8044281 0.7600312 0.7673383 0.6270841 0.7425018 0.7580565 0.7970246 0.6944364 0.7913954 0.6806022 0.7029954 0.8147344 0.7824086 0.9550168 1.0287097 0.9654189 0.9219492 0.8683585 0.9690712 0.8451574 0.8663935 0.8931257 1.0048402 0.8621156 0.8149449 0.9188424 0.9806037 0.8709483 0.9007966 0.9067518 1.0252576 0.8834361 0.9679957 0.7989137 0.8941959 0.8545663 0.8700071 0.7907487 0.7215226 0.9380875 1.0805121 2.4112639 
Nvec_v1g188937                                         0.5061279 0.5726820 0.5861243 0.6206549 0.6150555 0.5974913 0.6666951 0.5670589 0.3661658 0.3793032 0.4062349 0.3944899 0.4274474 0.4609168 0.3935895 0.0000000 0.2726676 0.6197998 0.6258294 0.6288473 0.6476123 0.6476123 0.4822115 0.5773820 0.6794221 0.5657951 0.6791255 0.7163225 0.7169912 0.6250885 0.9099205 0.7780155 0.6750630 0.7243568 0.8229711 0.8714324 0.7858925 0.7686968 0.6339291 0.6482997 0.6660514 0.9142173 0.7685326 0.7313165 0.7519792 0.6656447 0.7068728 0.7092687 0.7448480 0.6482384 0.6032160 0.6820254 0.6438474 0.8371819 0.7910983 0.9144072 1.2105197 1.0509385 0.9402870 0.9275793 1.0363335 0.8714401 0.8463164 0.9346338 0.9446605 0.8431103 0.8707506 0.9092196 1.0102077 0.9655174 0.9479489 1.0193689 0.9938910 0.9060530 1.0596476 0.8309355 1.0198979 0.8154801 0.9469026 0.8409183 0.6633918 0.7789885 0.9019856 2.4143928 
Exapal_XM_021052888.2                                  0.5767344 0.5309111 0.5912558 0.5853327 0.6255142 0.5506956 0.6334458 0.5101587 0.3852702 0.3834691 0.3880440 0.3995688 0.4237114 0.4923206 0.4212991 0.2726676 0.0000000 0.6079337 0.6437784 0.6493713 0.6195019 0.6195019 0.5749584 0.6833556 0.6655756 0.5690588 0.6607313 0.7742906 0.7875514 0.6621053 0.8378064 0.8127842 0.7420252 0.7685135 0.8615178 0.8386124 0.8544276 0.8115731 0.6910099 0.7151074 0.7354973 0.8600960 0.8250686 0.7720090 0.7674869 0.6813348 0.7353251 0.7378045 0.8045471 0.7224834 0.6816955 0.7451042 0.7114651 0.8575653 0.7688924 0.8040475 1.1411832 0.9774994 0.8686395 0.8720361 1.0004150 0.8238540 0.8018588 0.8844147 0.9643025 0.7962522 0.8945919 0.8251927 0.9528725 0.9150538 0.9526038 1.0196399 1.0050480 0.8446272 1.0399983 0.9307789 1.0247295 0.8196257 0.8952786 0.8323416 0.6833635 0.8156416 0.9452839 2.3547102 
HoiH23_PlH23_007306-RA                                 0.6062914 0.6138996 0.5710865 0.5984741 0.6395374 0.5633174 0.4950699 0.5821314 0.5972402 0.5931637 0.6205556 0.6209765 0.6089654 0.7662097 0.6605291 0.6197998 0.6079337 0.0000000 0.0980481 0.1020040 0.1754455 0.1754455 0.6322959 0.7695308 0.5268738 0.6458929 0.6652652 0.7599088 0.7624767 0.6548118 1.1353096 1.0094618 0.8128218 0.8598439 0.9122645 0.8099831 0.7665881 0.7668493 0.6946079 0.7211482 0.7103458 0.8415789 0.8303472 0.7560678 0.7760221 0.7221622 0.6786778 0.6769194 0.6112123 0.7277053 0.6897746 0.7743322 0.6776681 0.7759843 0.6632370 0.7293908 1.0990893 0.9522580 0.8528366 0.8154347 0.9345512 0.8422336 0.8138061 0.8978689 0.9439685 0.8366642 0.8606283 0.8560092 0.8990793 0.8081691 0.9093735 0.9419815 0.9382986 0.9011732 0.9505030 0.9281747 0.9396124 0.8207517 0.9088556 0.7839959 0.6661236 0.8380384 0.9094449 2.0545163 
Hhon_g09292.t1                                         0.6311375 0.5814485 0.5937449 0.6215889 0.6595082 0.6005539 0.5154038 0.6165370 0.6246148 0.6207439 0.6645390 0.6612885 0.6295957 0.8109932 0.6939886 0.6258294 0.6437784 0.0980481 0.0000000 0.0028503 0.1973821 0.1973821 0.6572940 0.8110874 0.5376310 0.6739119 0.6864823 0.7862199 0.7949805 0.6833873 1.1347896 1.0088656 0.7977107 0.8062530 0.8728167 0.7609089 0.7372786 0.7592204 0.6988181 0.7318262 0.7057092 0.8664512 0.8246961 0.7859918 0.7723883 0.7746416 0.6774296 0.6733741 0.6675765 0.7740871 0.7551568 0.8020840 0.6684641 0.8244679 0.7082043 0.7393665 1.0717177 0.9382982 0.8883754 0.8101685 0.8987002 0.8104049 0.8086595 0.8656172 0.9100431 0.8317781 0.8486199 0.8908475 0.9297538 0.8325855 0.9102470 0.9344239 0.9417999 1.0006044 0.9490992 0.9177747 0.9176091 0.8477911 0.9304912 0.7827320 0.6969210 0.8090974 0.8585787 1.9664867 
HoiH04_mRNA504                                         0.6311375 0.5814485 0.6040516 0.6240028 0.6625085 0.6028389 0.5186111 0.6189344 0.6328891 0.6279932 0.6720157 0.6687864 0.6369163 0.8210294 0.7017559 0.6288473 0.6493713 0.1020040 0.0028503 0.0000000 0.2067174 0.2025350 0.6636240 0.8199331 0.5396920 0.6792297 0.6913427 0.7963204 0.8051514 0.6934787 1.1347896 1.0088656 0.8021700 0.8124961 0.8800769 0.7709561 0.7579457 0.7751210 0.7022023 0.7409175 0.7094392 0.8784027 0.8365227 0.7986150 0.7835518 0.7849748 0.6850348 0.6809100 0.6750065 0.7819074 0.7551568 0.7975212 0.6618721 0.8333484 0.7139427 0.7411312 1.0717177 0.9394487 0.8898954 0.8113084 0.8997836 0.8113931 0.8099603 0.8667583 0.9124066 0.8331599 0.8496192 0.9021685 0.9433914 0.8474729 0.9113075 0.9355370 0.9429599 1.0041380 0.9503175 0.9177747 0.9188294 0.8488273 0.9435197 0.7862676 0.7042994 0.7937683 0.8374293 1.9664867 
TrH2_TrispH2_008260-RA                                 0.8052998 0.6349299 0.6148594 0.6451297 0.6856241 0.6065308 0.5384014 0.6505361 0.5980163 0.5943861 0.6186435 0.6245898 0.6278797 0.7734401 0.6639749 0.6476123 0.6195019 0.1754455 0.1973821 0.2067174 0.0000000 0.0000010 0.6383406 0.8062124 0.5660909 0.6648730 0.7031286 0.7921223 0.8071075 0.6596066 1.1642642 1.0372151 0.8744202 0.8652016 0.9524269 0.7713686 0.7915580 0.7707914 0.6947458 0.7319212 0.6850910 0.8505863 0.8581287 0.7950042 0.7856264 0.7356283 0.7073080 0.7164905 0.6184806 0.7344489 0.6866164 0.7811795 0.7250864 0.8115384 0.6980209 0.7651811 1.0725964 0.9405557 0.8710593 0.8367799 0.9345379 0.8535720 0.8659965 0.9238831 0.9593053 0.8996895 0.8765208 0.9119241 0.9752575 0.8609684 0.8934162 0.9247280 0.9517989 0.9219513 0.9086871 0.9185073 0.9663344 0.7883588 0.9413211 0.7965396 0.6845223 0.8187221 0.7717039 1.8112410 
Tadh_TriadT19473                                       0.8052998 0.6349299 0.6122035 0.6451297 0.6856241 0.6065308 0.5384014 0.6505361 0.5934755 0.5898427 0.6140519 0.6199661 0.6231991 0.7672684 0.6591390 0.6476123 0.6195019 0.1754455 0.1973821 0.2025350 0.0000010 0.0000000 0.6383406 0.8062124 0.5660909 0.6648730 0.7031286 0.7829916 0.7978713 0.6513684 1.1642642 1.0372151 0.8744202 0.8593956 0.9454696 0.7527439 0.7849364 0.7642565 0.6947458 0.7319212 0.6796503 0.8444175 0.8519015 0.7882692 0.7796783 0.7356283 0.7073080 0.7164905 0.6184806 0.7344489 0.6866164 0.7758198 0.7250864 0.8021755 0.6929779 0.7651811 1.0725964 0.9405557 0.8710593 0.8367799 0.9345379 0.8535720 0.8659965 0.9238831 0.9593053 0.8996895 0.8765208 0.9119241 0.9752575 0.8609684 0.8934162 0.9247280 0.9517989 0.9219513 0.9086871 0.9185073 0.9663344 0.7883588 0.9353332 0.7911559 0.6845223 0.8187221 0.7717039 1.8112410 
Dgig_XM_028538101.1                                    0.6699394 0.6729054 0.6457501 0.6347482 0.6748842 0.6257884 0.6038379 0.6531258 0.5396919 0.5774171 0.5826499 0.5810203 0.5901414 0.6804118 0.5822767 0.4822115 0.5749584 0.6322959 0.6572940 0.6636240 0.6383406 0.6383406 0.0000000 0.2438007 0.7366336 0.5657396 0.6930311 0.6979169 0.6989212 0.6671157 0.7876985 0.6972994 0.7458054 0.8094154 0.8980783 1.0607076 0.7715121 0.7306791 0.7086004 0.7521951 0.7197452 0.9271319 0.8720885 0.8018976 0.8380323 0.6673502 0.8061438 0.8088774 0.7347300 0.7315450 0.6969457 0.6974824 0.7694202 0.9336777 0.7969820 0.8653449 1.0674685 0.9539748 0.9613252 0.9834706 0.9946891 0.9011305 0.9065311 0.9488658 1.0160710 0.8802523 0.8887607 0.9161552 0.9863540 0.9055854 0.8980187 0.9591483 1.0060251 0.9679342 1.0402279 0.8477251 0.9459212 0.8918425 0.9475345 0.7564065 0.7035258 0.9106077 0.9640303 2.0583871 
Xesp_021736-T1                                         0.6862815 0.6659901 0.7892690 0.7767365 0.7475521 0.7477763 0.8434001 0.7639377 0.6510409 0.6697356 0.6692424 0.6838383 0.6667883 0.6850185 0.6384470 0.5773820 0.6833556 0.7695308 0.8110874 0.8199331 0.8062124 0.8062124 0.2438007 0.0000000 0.8749001 0.6395144 0.7705768 0.7453528 0.7682359 0.7030968 1.3796624 1.4202254 0.8895456 0.8774382 0.9606401 0.9519347 0.9458333 0.8674558 0.8989502 0.8635520 0.7691414 1.0069764 0.9316615 0.8418383 0.9706355 0.8729750 0.9853990 1.0019615 0.9150656 0.8141186 0.7071819 0.7892818 0.8837672 1.1623103 0.9727701 1.1906328 1.1762301 1.1383842 1.1207328 1.1459543 1.2027353 1.0649323 1.1222649 1.1118856 1.3698530 1.0800187 1.0388895 1.1400626 1.2701165 1.2044831 1.1078185 1.1177789 1.1671116 1.1021263 1.2707782 0.8893776 1.0807710 1.0589559 1.1818236 0.8545035 0.9307602 0.9940788 1.0353018 2.3508280 
Acagra_model.g1931.t1                                  0.7192693 0.7792133 0.7102390 0.7240432 0.7552261 0.7140318 0.6342742 0.6705597 0.6616578 0.6848081 0.6882716 0.6992434 0.6811450 0.8452132 0.7139656 0.6794221 0.6655756 0.5268738 0.5376310 0.5396920 0.5660909 0.5660909 0.7366336 0.8749001 0.0000000 0.6506889 0.7359140 0.8919084 0.9008208 0.7757222 1.1535296 1.0131625 0.8290995 0.7740521 0.8584484 0.7327748 0.7373877 0.8138796 0.6859120 0.6868001 0.6993681 0.8938681 0.7827347 0.7446868 0.7988206 0.6694726 0.6325545 0.6251689 0.5966662 0.6580955 0.7171252 0.9607229 0.8417183 0.7847490 0.7183149 0.8357041 1.1237049 0.9831690 1.0074489 0.9804945 1.0961505 1.0346419 1.0132072 1.0714263 1.0454045 0.9918395 0.9701093 0.9862272 1.0155543 0.9205227 0.9446441 1.0278790 1.0312142 1.0158542 1.0061483 1.0212750 1.0424770 0.8692055 0.9033085 0.8789481 0.7693962 0.8793128 0.8696802 1.7593275 
Lcom_lcpid115293                                       0.7591839 0.8892660 0.7400694 0.7139989 0.7307031 0.7496260 0.6220718 0.7076763 0.6470529 0.6380310 0.6311462 0.6413067 0.6357977 0.7050550 0.5789018 0.5657951 0.5690588 0.6458929 0.6739119 0.6792297 0.6648730 0.6648730 0.5657396 0.6395144 0.6506889 0.0000000 0.4707381 0.7669759 0.7787715 0.7498078 0.7263600 0.7969598 0.7818633 0.8571766 0.9091869 1.1351263 0.8350674 0.8013682 0.7202761 0.7404385 0.8127203 0.7976385 0.7374019 0.7161780 0.7295272 0.6740812 0.8835982 0.8897772 0.8652206 0.7001825 0.7289942 0.8782810 0.8531555 0.8267906 0.7905552 0.8316402 0.9172122 0.8377916 0.7979808 0.7930227 0.9026776 0.8287957 0.8241672 0.9030215 1.0670924 0.8034810 0.8132829 0.8831278 0.9647574 0.9720149 0.8428939 0.9003482 0.8712316 0.8506035 0.9093364 0.8489215 0.8825408 0.7006505 0.9104151 0.7177493 0.6782048 1.0433910 1.1500981 2.6140183 
Cgig_XM_011417830.3                                    0.7073065 0.7362815 0.6547696 0.6737412 0.7135513 0.6716540 0.5384019 0.7374463 0.7557633 0.7616587 0.7604277 0.7728826 0.7461629 0.8051046 0.7205396 0.6791255 0.6607313 0.6652652 0.6864823 0.6913427 0.7031286 0.7031286 0.6930311 0.7705768 0.7359140 0.4707381 0.0000000 0.7581244 0.7673362 0.7281728 1.1364602 1.0452108 0.8828615 0.9166376 0.9683504 0.9150913 0.8743349 0.9235954 0.8298360 0.7550171 0.8676436 0.8798280 0.8369437 0.7989117 0.7975798 0.7739230 0.9205437 0.9160526 0.8036343 0.6879221 0.7495823 0.9200505 0.9161823 0.7275280 0.7755920 0.9283790 0.9977370 0.9359624 0.9779830 0.9945127 0.9875094 0.8994223 0.9032326 0.9449823 1.0700189 0.9019931 0.8835679 1.0053544 1.1022429 1.0377630 0.9195151 1.0118693 1.0586955 1.0239120 1.0244371 0.9326275 0.9306813 0.9519450 0.8727466 0.8384670 0.8688018 0.9646098 1.1074475 2.0381907 
Opea_EP00118_Oscarella_pearsei_P000591                 0.8221322 0.6870805 0.7425838 0.7511852 0.7812117 0.7355629 0.7715689 0.7562784 0.7803860 0.8042674 0.7923149 0.7967082 0.8131524 0.8421979 0.7313170 0.7163225 0.7742906 0.7599088 0.7862199 0.7963204 0.7921223 0.7829916 0.6979169 0.7453528 0.8919084 0.7669759 0.7581244 0.0000000 0.0088994 0.4990552 0.7222961 0.6642913 0.8559576 0.7554327 0.8363757 0.6731346 0.8775429 0.8719529 0.8551904 0.6929329 0.7291171 0.8797109 0.7718627 0.8202629 0.7620816 0.7344742 0.8194305 0.8388009 0.7374161 0.7118584 0.7214638 0.7415500 0.7522412 0.8761834 0.8617518 0.8074851 1.2599864 1.0336108 0.9221381 0.9646646 0.9396857 0.8581642 0.7771955 0.9045738 0.9122588 0.7775426 0.9195190 0.9339399 1.0076668 0.9667373 0.8622741 0.9590302 0.9583871 0.9182818 0.9907262 0.9531044 0.9847540 0.9134740 0.9754994 0.8483514 0.8260958 0.8549352 0.8577047 2.2437069 
Ocar_g5700                                             0.8221322 0.7537573 0.7633527 0.7617693 0.7934821 0.7562636 0.7715689 0.7813857 0.7936080 0.8177968 0.8054728 0.8100123 0.8264644 0.8579614 0.7434649 0.7169912 0.7875514 0.7624767 0.7949805 0.8051514 0.8071075 0.7978713 0.6989212 0.7682359 0.9008208 0.7787715 0.7673362 0.0088994 0.0000000 0.5188278 0.7222961 0.6642913 0.8559576 0.7738582 0.8664004 0.7606547 0.8948967 0.8890416 0.8551904 0.7061409 0.7442855 0.9066995 0.7971044 0.8493152 0.7867363 0.7344742 0.8162008 0.8355785 0.7564276 0.7358312 0.7363066 0.7660636 0.7772828 0.8810642 0.8764811 0.8074851 1.2819746 1.0453333 0.9221381 0.9646646 0.9508945 0.8581642 0.7771955 0.9045738 0.9122588 0.7775426 0.9311318 0.9339399 1.0076668 0.9667373 0.8723483 0.9700819 0.9693673 0.9182818 1.0023710 0.9531044 0.9973245 0.9322304 0.9902839 0.8562220 0.8260958 0.8887487 0.8577047 2.2437069 
Plajan_Pjan_C555711_01                                 0.7240353 0.7665392 0.6953502 0.7185571 0.7465209 0.6995954 0.5164741 0.6978565 0.6208428 0.6322700 0.6575873 0.6500097 0.6347881 0.7221229 0.6065389 0.6250885 0.6621053 0.6548118 0.6833873 0.6934787 0.6596066 0.6513684 0.6671157 0.7030968 0.7757222 0.7498078 0.7281728 0.4990552 0.5188278 0.0000000 0.9074025 0.8480818 0.7736967 0.7602122 0.8060256 0.7003576 0.7620476 0.8111005 0.7186635 0.6212681 0.6842999 0.7040212 0.6876811 0.6755878 0.6407650 0.7070942 0.7399625 0.7576320 0.7360962 0.6572984 0.6802106 0.7634977 0.7204899 0.8336233 0.8493706 0.8923155 1.1684299 1.0100888 0.8857027 0.9208725 0.9758218 0.8962377 0.8309829 0.9524361 0.8935144 0.8193831 0.9110350 0.8290008 0.8566905 0.7448354 0.8959922 0.9196929 0.9227173 0.9168800 1.0487303 0.9141030 0.9686127 0.8966829 0.9893266 0.8367058 0.7063734 0.7461552 0.8658471 2.1129237 
Emue_Em0155g7a.t1                                      2.1700222 0.9127356 0.7683322 0.8423523 1.1892126 0.9575746 0.7437507 0.7515841 0.8183375 0.8193071 0.9760206 1.0106635 0.9254137 4.9027789 0.9376460 0.9099205 0.8378064 1.1353096 1.1347896 1.1347896 1.1642642 1.1642642 0.7876985 1.3796624 1.1535296 0.7263600 1.1364602 0.7222961 0.7222961 0.9074025 0.0000000 0.0131464 0.2894713 0.3440205 0.2880504 0.7310832 0.7925854 0.6170744 0.6996863 0.6425358 0.9429744 0.8886628 0.8950582 0.9851685 0.7456705 0.8072664 0.7312616 0.7312616 0.8626643 0.7557244 0.8914803 0.9335100 0.9468029 0.9095994 0.9070942 0.7678414 2.3581860 0.9153086 0.7900876 0.8024340 0.8931516 0.8892211 0.7642751 0.9186913 0.7642751 0.7642751 0.8454979 0.8685472 0.8368240 0.8368240 0.8143372 0.8459839 0.8752598 1.1138335 0.8483394 3.0888969 1.0145222 0.7896335 0.8688772 0.8872570 1.1213260 1.3527640 2.9675038 9.0000000 
Emue_Em0006g1555a.t1                                   2.1700222 0.9127356 0.6730341 0.7459329 1.1966622 0.8184549 0.6283070 0.6631241 0.7117796 0.6915371 0.8290655 0.8679704 0.8014840 4.9027789 0.8778917 0.7780155 0.8127842 1.0094618 1.0088656 1.0088656 1.0372151 1.0372151 0.6972994 1.4202254 1.0131625 0.7969598 1.0452108 0.6642913 0.6642913 0.8480818 0.0131464 0.0000000 0.2167445 0.2351764 0.3184351 0.7310832 0.6917628 0.5267851 0.5944133 0.5881217 0.7634742 0.8485513 0.8167098 0.9851685 0.7281181 0.7440621 0.6779142 0.6779142 0.7353584 0.6495991 0.8914803 0.8340152 0.8899094 0.8440281 0.8450619 0.6856693 2.3581860 0.8428621 0.7100228 0.7204852 0.8179433 0.8123533 0.6796192 0.8428846 0.6796192 0.6796192 0.7707872 0.7839932 0.7510974 0.7510974 0.7399458 0.7701523 0.8000862 1.1138335 0.8156933 3.0888969 1.0616980 0.7480384 0.8295814 0.7768998 1.2141644 1.2527108 2.9675038 9.0000000 
Emue_Em0006g1508a.t1                                   1.1589852 1.6709499 0.7797678 0.7395341 0.7495123 0.7692349 0.7041398 0.7467136 0.7478347 0.7418028 0.7670986 0.7879226 0.7519126 0.9898625 0.7767284 0.6750630 0.7420252 0.8128218 0.7977107 0.8021700 0.8744202 0.8744202 0.7458054 0.8895456 0.8290995 0.7818633 0.8828615 0.8559576 0.8559576 0.7736967 0.2894713 0.2167445 0.0000000 0.1152757 0.0672336 1.6206494 0.6330501 0.5523603 0.4982589 0.4917417 0.5097123 0.8200057 0.7524033 0.7594001 0.7126088 0.7234997 0.7116584 0.7182853 0.9001401 0.7949507 0.7766170 0.7435650 0.8208168 0.8587044 0.8256581 0.7090495 1.1804684 0.8761599 0.7791071 0.7861594 0.8732063 0.8481450 0.7706202 0.8860938 0.7778580 0.7689923 0.8265746 0.8798509 0.9502162 0.7999669 0.8012780 0.8246144 0.8475516 0.9821534 0.8642036 1.0845470 0.9173947 0.8416263 0.8383607 0.6857741 0.8397713 0.5948662 0.5052695 3.1162643 
Spolac_c102993_g1_i1_m.32008c102993-g1                 1.0091461 0.7726884 0.7230244 0.7271707 0.7256061 0.7152437 0.7097297 0.7280073 0.7525627 0.7326280 0.7499984 0.7580479 0.7728500 0.8870626 0.7537748 0.7243568 0.7685135 0.8598439 0.8062530 0.8124961 0.8652016 0.8593956 0.8094154 0.8774382 0.7740521 0.8571766 0.9166376 0.7554327 0.7738582 0.7602122 0.3440205 0.2351764 0.1152757 0.0000000 0.1470289 0.1881938 0.6438819 0.6457413 0.5158866 0.4956861 0.5284516 0.7522271 0.6856877 0.6813687 0.6566602 0.7606345 0.7419821 0.7447191 0.8785147 0.7662239 0.6973125 0.7537569 0.7952174 0.9262028 0.7708497 0.7320756 1.0955435 0.9127906 0.7652381 0.7707927 0.9285370 0.8122243 0.8214120 0.8575222 0.8848231 0.7986830 0.8497061 0.9828926 1.0583163 0.8691940 0.7990333 0.8571763 0.8440477 0.9530434 0.9388469 0.8386286 0.9274336 0.8171430 0.8529240 0.7067927 0.8751561 0.5461888 0.5869396 1.9490892 
Emue_Em0006g1511a.t1                                   1.1206558 0.7607704 0.8025389 0.7728579 0.7460066 0.7707267 0.8050838 0.7758661 0.8261614 0.8260591 0.8575640 0.8672262 0.8858568 1.0154384 0.8790494 0.8229711 0.8615178 0.9122645 0.8728167 0.8800769 0.9524269 0.9454696 0.8980783 0.9606401 0.8584484 0.9091869 0.9683504 0.8363757 0.8664004 0.8060256 0.2880504 0.3184351 0.0672336 0.1470289 0.0000000 0.0221741 0.7427077 0.6888216 0.5640467 0.5798114 0.5921616 0.9018874 0.8397862 0.8061226 0.7419513 0.8853297 0.8427860 0.8432623 0.9448732 0.8212355 0.8777305 0.8447858 0.9041723 0.9678100 0.8848922 0.8395698 1.2337046 1.0468546 0.9047026 0.8878981 1.0880857 0.9400445 0.9322087 0.9983693 1.0731618 0.9068447 0.9633481 1.0730764 1.1565477 1.0054428 0.9571238 0.9916801 0.9782412 1.1194480 1.1479340 1.0491222 1.0384418 0.9738950 0.9139005 0.8034202 1.0769126 0.5754149 0.5475930 2.0179824 
Emue_Em0006g1507a.t1                                   0.8807357 0.6117947 0.6909015 0.7082004 0.7082004 0.5972979 0.0000010 0.6591428 0.7435365 0.7396468 0.7634570 0.7174295 0.8388799 0.8060745 0.8060745 0.8714324 0.8386124 0.8099831 0.7609089 0.7709561 0.7713686 0.7527439 1.0607076 0.9519347 0.7327748 1.1351263 0.9150913 0.6731346 0.7606547 0.7003576 0.7310832 0.7310832 1.6206494 0.1881938 0.0221741 0.0000000 0.7865874 0.9322091 0.5214612 0.6070897 0.6197853 0.8735219 0.8188119 0.7647106 0.6603723 1.3737387 0.9015821 0.8827711 0.7695388 0.7392028 0.7668780 0.8376977 0.7285487 1.0277230 0.7749149 0.0000010 1.2040667 1.2219980 2.3852271 2.3155129 1.4029262 0.7410507 2.6096406 1.1074107 9.0000000 1.4313280 1.1478225 3.6350508 0.0000010 0.0000010 1.1544772 1.2148197 1.1872567 0.0000010 1.6161612 0.6943005 1.2426915 1.1873958 0.9698867 0.9216525 0.0000010 0.4909610 0.0000010 1.4164878 
Aque_Aqu2.1.19258_001                                  0.9451139 1.1368359 0.7914734 0.7506259 0.8046006 0.7259852 0.6393038 0.7885466 0.7655930 0.7528599 0.7945721 0.7960757 0.7716271 0.9428789 0.8063631 0.7858925 0.8544276 0.7665881 0.7372786 0.7579457 0.7915580 0.7849364 0.7715121 0.9458333 0.7373877 0.8350674 0.8743349 0.8775429 0.8948967 0.7620476 0.7925854 0.6917628 0.6330501 0.6438819 0.7427077 0.7865874 0.0000000 0.3084822 0.4469326 0.5771948 0.7543877 0.7908406 0.7214373 0.7364312 0.7467679 0.7404286 0.7903724 0.7952457 0.8169606 0.7604056 0.7851419 0.7480237 0.7976686 0.8821578 0.7706654 0.6209802 1.0865093 0.8893771 0.8133520 0.8032708 0.9814506 0.8634120 0.8828862 0.9161057 0.9885997 0.8665559 0.8118532 0.9003266 0.9266236 0.8038098 0.8424565 0.8635335 0.9035194 0.9423524 0.9396193 0.8403571 0.9282165 0.8273855 0.9000202 0.7995741 0.8822765 0.7511173 0.6973521 2.2019902 
Halamb_c45636_g1_i2mm.1728                             0.9873860 1.1453381 0.7752470 0.7373194 0.7792091 0.7619897 0.6490240 0.7579380 0.6955272 0.6736101 0.7487262 0.7624489 0.7025808 0.8306344 0.7107435 0.7686968 0.8115731 0.7668493 0.7592204 0.7751210 0.7707914 0.7642565 0.7306791 0.8674558 0.8138796 0.8013682 0.9235954 0.8719529 0.8890416 0.8111005 0.6170744 0.5267851 0.5523603 0.6457413 0.6888216 0.9322091 0.3084822 0.0000000 0.3291808 0.5936392 0.6846940 0.8110627 0.8072120 0.7574849 0.7673432 0.8206558 0.7836932 0.7862219 0.8102850 0.8065909 0.8890034 0.7760059 0.8418519 0.8324321 0.7548520 0.6048606 1.1548644 0.9094688 0.7644044 0.7726917 0.9903550 0.8912017 0.8829086 0.9454411 0.9581461 0.8696625 0.8593609 0.8368435 0.8564877 0.7499184 0.8919282 0.8938674 0.9009930 1.0246054 0.9716116 0.9512894 1.0018359 0.9300351 0.8829013 0.8243702 0.8752853 0.7317141 0.6530240 1.9962281 
Xestes_maker-XT_scaffold5642-augustus-gene-0.30-mRNA-1 0.9197813 0.9796298 0.6884304 0.6811505 0.6972147 0.6793930 0.6671935 0.7157208 0.6580588 0.6464402 0.7153157 0.7169723 0.7157428 0.8541146 0.6773581 0.6339291 0.6910099 0.6946079 0.6988181 0.7022023 0.6947458 0.6947458 0.7086004 0.8989502 0.6859120 0.7202761 0.8298360 0.8551904 0.8551904 0.7186635 0.6996863 0.5944133 0.4982589 0.5158866 0.5640467 0.5214612 0.4469326 0.3291808 0.0000000 0.4848709 0.5959870 0.7868359 0.7727573 0.7053767 0.7654535 0.7447384 0.5744494 0.5739614 0.7315719 0.6621084 0.7863005 0.7242940 0.8340249 0.7458957 0.7065966 0.6035807 0.8400742 0.7319703 0.7999673 0.7832761 0.8626419 0.8601934 0.8575500 0.8626419 0.8656871 0.8645242 0.7791481 0.8717814 0.9788002 0.8134695 0.7423660 0.7727471 0.7769577 1.1342605 0.8419410 0.8381485 0.8761517 0.7849278 0.7937551 0.6791604 0.8188643 0.6157514 0.6602933 3.3522520 
Tetwil_g13814.t1                                       0.9346312 0.6016752 0.6558896 0.6126244 0.6301910 0.6097141 0.6759794 0.6624881 0.6598074 0.6789487 0.7087328 0.7097055 0.7048687 0.8342187 0.7068093 0.6482997 0.7151074 0.7211482 0.7318262 0.7409175 0.7319212 0.7319212 0.7521951 0.8635520 0.6868001 0.7404385 0.7550171 0.6929329 0.7061409 0.6212681 0.6425358 0.5881217 0.4917417 0.4956861 0.5798114 0.6070897 0.5771948 0.5936392 0.4848709 0.0000000 0.4166836 0.5715744 0.5414812 0.5039137 0.5021718 0.6563186 0.7121329 0.7226842 0.7208348 0.5853429 0.6165562 0.6523822 0.7565538 0.8186908 0.7104013 0.6912436 1.1108873 0.8917484 0.7840350 0.8043349 0.9505851 0.8477665 0.8623431 0.9001144 0.9344253 0.8735856 0.7925515 0.8425845 0.8795345 0.7351600 0.8224943 0.8608037 0.9285310 0.9481962 0.9375632 0.8365570 0.8649631 0.7757873 0.8591833 0.7355265 0.8428357 0.4876660 0.5453993 2.4070674 
Plespi_Pspi_scaffold13724_01                           0.8334178 0.5617150 0.6593895 0.6434545 0.6033932 0.6340164 0.7471360 0.7280089 0.6647911 0.6869696 0.6896652 0.6947178 0.7101264 0.8158389 0.7095051 0.6660514 0.7354973 0.7103458 0.7057092 0.7094392 0.6850910 0.6796503 0.7197452 0.7691414 0.6993681 0.8127203 0.8676436 0.7291171 0.7442855 0.6842999 0.9429744 0.7634742 0.5097123 0.5284516 0.5921616 0.6197853 0.7543877 0.6846940 0.5959870 0.4166836 0.0000000 0.7439250 0.7051503 0.6474254 0.6944915 0.7228515 0.8322851 0.8493645 0.7659936 0.7011100 0.6026368 0.7566113 0.8455051 0.8597445 0.7147502 0.5675261 1.1342292 0.8699617 0.8075872 0.7939016 0.8786079 0.7775572 0.7500879 0.8229618 0.7979251 0.7445649 0.8014467 0.8328716 0.8810323 0.7011190 0.8480965 0.9047720 0.8879353 0.8840301 0.9121709 0.9355312 0.8898543 0.8466511 0.8849749 0.8759368 0.6534421 0.4954474 0.5495466 2.2880464 
Lcom_lcpid69773                                        1.0737147 1.1230497 0.7587116 0.7653585 0.7967125 0.7494814 0.5616734 0.8054387 0.8197197 0.8261031 0.8176217 0.8337033 0.8249536 0.9305708 0.8563469 0.9142173 0.8600960 0.8415789 0.8664512 0.8784027 0.8505863 0.8444175 0.9271319 1.0069764 0.8938681 0.7976385 0.8798280 0.8797109 0.9066995 0.7040212 0.8886628 0.8485513 0.8200057 0.7522271 0.9018874 0.8735219 0.7908406 0.8110627 0.7868359 0.5715744 0.7439250 0.0000000 0.2362003 0.1918833 0.2074267 0.9408596 0.8753515 0.8946919 0.9393318 0.7607527 0.5757038 0.7965261 0.7986989 1.0752913 0.9378728 0.9529084 1.0501050 0.9613091 0.8688766 0.9025161 1.0146109 0.9439967 0.8774148 0.9843232 0.9843540 0.8821699 0.9815636 0.8827775 0.9827349 0.8963327 0.8936167 0.9352130 0.9361008 1.0812127 1.0651729 0.9712681 1.0272724 0.9847381 1.0881364 1.0221199 0.9773574 0.7719059 0.8217306 2.1704037 
Gracom_Gcom_scaffold16302_01                           0.9527304 1.1013722 0.7938587 0.7251238 0.7140918 0.7610308 0.6154860 0.7657154 0.7885638 0.7966871 0.7993674 0.8014398 0.8054567 0.9076755 0.8044281 0.7685326 0.8250686 0.8303472 0.8246961 0.8365227 0.8581287 0.8519015 0.8720885 0.9316615 0.7827347 0.7374019 0.8369437 0.7718627 0.7971044 0.6876811 0.8950582 0.8167098 0.7524033 0.6856877 0.8397862 0.8188119 0.7214373 0.8072120 0.7727573 0.5414812 0.7051503 0.2362003 0.0000000 0.1604296 0.2183518 0.8503136 0.8019212 0.8185380 0.8440701 0.7483936 0.5471365 0.7655160 0.7355927 1.0102190 0.8885952 0.9053471 1.0484918 0.9412136 0.8831188 0.9055544 0.9875913 0.8905243 0.8269390 0.9263750 0.9560323 0.8304604 0.9497007 0.8918436 1.0056471 0.8972468 0.8855516 0.9583371 0.9542452 1.1243564 1.0786775 0.9641781 0.9973780 0.9585621 1.0630036 0.9383194 0.9219629 0.7672493 0.8151370 2.3958565 
Leuniv_Lniv_scaffold6931_01                            0.9046142 1.0479301 0.7568713 0.7200130 0.6688953 0.7080057 0.5930044 0.6945985 0.7448471 0.7375110 0.7228116 0.7367957 0.7607295 0.8360924 0.7600312 0.7313165 0.7720090 0.7560678 0.7859918 0.7986150 0.7950042 0.7882692 0.8018976 0.8418383 0.7446868 0.7161780 0.7989117 0.8202629 0.8493152 0.6755878 0.9851685 0.9851685 0.7594001 0.6813687 0.8061226 0.7647106 0.7364312 0.7574849 0.7053767 0.5039137 0.6474254 0.1918833 0.1604296 0.0000000 0.1527845 0.8368705 0.8134340 0.8307844 0.7969447 0.6746183 0.4924164 0.6543507 0.6905532 1.0387010 0.8915807 0.8686095 0.9492789 0.8845123 0.7947438 0.8286208 0.9413741 0.8315449 0.7412901 0.8753273 0.8934702 0.7482297 0.8580719 0.7416359 0.7990356 0.7584201 0.7880879 0.8748486 0.8748512 0.8595054 0.9859353 0.7802048 0.8914681 0.9474627 1.0649331 0.9452474 0.9269725 0.6433118 0.6411736 2.0360688 
