132
Halamb_c51102_g2_i1m.29796                          0.0000000 0.1531987 1.4643441 1.6381493 1.7244966 1.7156372 1.5852509 1.8346503 1.6069591 1.6425554 1.6130534 1.2758147 1.2758147 1.2758147 1.2505699 1.1020663 1.4709701 2.7786754 1.7488557 1.5154831 1.1873529 1.4470237 1.5711112 1.1503551 1.5277239 1.5477627 1.3151693 1.6948342 3.0850905 1.3596908 1.9211220 1.6862581 1.2240056 1.4669556 1.4059232 1.4805410 1.9644515 1.5260731 1.9931973 1.7735687 1.6608147 1.1637664 1.6960622 1.8431247 1.3477550 1.9256469 2.2197538 1.9974809 1.7977070 1.8297118 1.7336380 1.1984136 1.1888549 1.4288711 1.3873021 1.8425284 1.6412417 2.1647204 2.0944964 1.7215072 1.7894295 2.0323202 2.0089696 1.9708124 2.0020747 1.5776736 2.0403971 1.3644792 1.6969397 1.6969397 1.7613290 2.1207211 1.7302057 3.0453095 1.8143755 1.5788056 1.3422483 1.7081128 1.8242225 1.7305241 1.6003174 1.7135011 1.3128262 1.7875748 1.9350026 2.1899081 1.7652856 2.0867742 1.5634677 2.2050743 2.3474743 2.3055594 2.3702246 2.4065223 2.3384714 1.4532188 1.7063522 1.7735894 1.8718730 1.7958362 1.7680732 1.8251984 1.5691134 1.5031939 1.6744129 1.9013776 1.7530189 1.9843299 1.5228107 1.6612861 1.9749276 1.9110915 1.7431742 1.5442149 2.0072681 1.4863210 1.6956079 1.8208118 1.5154435 4.4309433 2.0554956 1.8416195 2.1083612 1.9708149 1.3748872 1.8603067 2.6890604 1.6687669 1.7581586 2.5209735 1.7634693 3.4016250 
Halamb_c53973_g4_i1m.37016                          0.1531987 0.0000000 1.6888772 2.1785593 1.7244966 1.9220975 1.7903409 2.1082696 2.0789076 2.0808347 2.0589536 1.2137845 1.2137845 1.2137845 1.2530362 1.1148950 1.9287375 7.9612891 1.9161274 1.6685287 1.1873529 1.7746795 2.1474157 1.1503551 1.7878472 1.5821567 1.7068959 1.9878405 3.0972982 1.3596908 2.1736641 1.8295704 1.3964232 1.7190271 1.4059232 1.8940085 1.9196755 1.5357616 2.2835422 1.9922658 1.8029451 1.4339807 1.9955587 2.2309043 1.2933980 2.3298621 2.7156772 2.5240355 2.2864180 2.2574707 2.1647478 1.2199091 1.1888549 1.4931629 1.4292505 1.9678800 2.0924211 2.4566471 2.2964300 1.7215072 1.8923058 2.1113738 2.0715500 2.1131505 2.0848274 1.7048449 2.3356203 1.7452636 1.9779517 2.1734285 2.0846241 2.3942889 2.0859758 2.7117375 1.9179503 1.5963441 1.3422483 1.8207033 1.9237932 1.7488519 1.6032833 1.7325423 1.3128262 1.7902639 1.8007390 2.2276087 1.8999358 2.2163956 1.7174549 2.0955285 2.3354107 2.3186768 2.3017994 2.3335791 2.2638987 1.9361857 1.9520553 2.0282078 2.2812936 2.0405435 1.8854836 2.3578499 1.8183095 1.5031939 2.0049292 2.2623979 1.8391155 2.1616356 1.9046074 1.8660031 2.3002499 2.0561183 2.1633390 2.0655930 2.3933392 1.6830746 1.9797162 1.9874387 1.6295672 4.7824666 2.2362540 2.2253672 2.2467997 2.3206821 1.8916521 2.1095361 2.8366722 2.2027401 2.1747933 2.6950277 2.0403112 3.8604117 
Aque_Aqu2.1.07418_001                               1.4643441 1.6888772 0.0000000 0.0437055 1.6504921 1.9237859 1.7542040 1.8152198 1.9581746 1.9581746 2.1868475 1.7055564 1.7055564 1.7055564 1.6376422 1.5104083 1.6629380 9.0000000 1.4782328 1.5677821 1.1954725 1.7985422 2.3885909 1.6039400 1.8806447 1.6415771 1.6843041 1.7851782 2.8362422 1.4193900 1.9960080 1.7230497 1.6652952 1.8625031 1.3098773 1.7975445 1.7304228 1.8048575 2.0879867 1.7561944 1.4248872 1.1858221 1.8086623 1.8454346 0.9313750 1.3436159 2.4345680 2.2312489 2.1988167 2.1079098 2.3934483 1.3874827 1.4230998 1.7211810 1.2868876 2.1051684 2.0223255 2.2948133 2.4648646 1.7117470 2.2768513 2.2277521 2.0915480 2.1922135 2.1742133 1.3835106 2.1649143 1.8185198 1.8947462 1.9255796 1.7014830 1.8075667 1.9346972 3.5941153 1.6135640 1.5218839 1.3779345 1.6317597 1.7957036 1.7280342 1.5911419 1.4970105 1.5439084 1.5595326 1.7241446 1.9689324 1.7642266 2.0651131 1.6496744 1.9288906 1.7976410 2.2116020 1.7061216 1.8144382 1.8138481 1.8825925 2.0576202 2.0863746 2.0335986 2.4233389 2.3063965 2.3955364 1.6132283 1.5095364 2.3342710 2.2827335 2.3331622 1.8937848 2.3116886 1.6390569 2.4741569 2.3515642 2.1059706 2.3636015 1.7981027 0.7655123 1.5676195 2.1752847 1.7767168 2.6229002 2.2328100 2.2102406 1.7766497 2.0559649 1.5453993 1.5678014 3.4349845 1.9895446 1.6948213 2.3539585 2.6136035 3.0105779 
Aque_Aqu2.1.42275_001                               1.6381493 2.1785593 0.0437055 0.0000000 1.8091538 2.6346743 1.7853559 2.4048129 2.0003531 2.0842873 2.6309850 3.5891646 3.6139802 3.5659179 2.5288190 1.6019553 1.8315361 3.9322121 2.5696424 1.9205824 1.1954725 1.9258272 2.5121922 1.8807545 2.5031240 3.0123308 1.8558593 2.3463326 2.5541587 1.4193900 2.2958653 2.0523346 1.9472346 2.1149486 1.5599258 2.2656453 2.6185944 1.7827740 2.3523384 2.3134732 1.4712267 1.2044129 2.3031627 2.4687592 1.4736450 1.8394595 3.5894509 3.3317285 3.5439948 2.9185092 3.1638540 1.4114942 1.4230998 2.6774437 1.3094183 2.5009841 1.8140106 2.6197270 2.8003404 1.8007232 2.6131050 2.9729868 2.9152601 2.9732071 2.9755550 1.8605507 2.4835704 2.0553477 1.8460828 1.7672451 1.9941504 2.5289492 2.6531635 1.8920315 2.7161675 2.5516454 2.2827542 2.6870526 2.8366925 2.8797427 2.7895733 2.6025590 2.0007575 2.8829810 3.7730453 2.9206512 2.6620963 3.0787975 1.4320795 2.8688281 2.8841683 2.6239496 2.6910518 2.7539357 2.6424853 2.0703044 3.0966789 3.1722483 2.3062737 3.1115367 2.5843770 2.5438849 1.7162299 1.7737843 2.9384398 2.8938669 3.3362390 2.1633667 2.4948680 1.6376354 2.6160763 2.2865552 2.4686759 2.6631663 2.6127307 1.1280505 1.8620914 2.1636365 2.4676550 2.2702291 2.8255137 2.7618944 2.9852484 2.6419856 1.5250324 2.4117028 3.2294092 1.8097551 2.8533458 3.6515176 3.5638387 3.3333566 
Clacor_Ccor_C512923_01                              1.7244966 1.7244966 1.6504921 1.8091538 0.0000000 1.7104639 1.8343939 1.8147653 1.4733390 1.4733390 1.5128127 1.4495083 1.4495083 1.4495083 1.4495083 0.9823599 1.0758376 0.0000010 0.9873619 1.1694107 0.9215633 1.4934645 1.2803566 1.1711875 1.4934824 1.4040047 1.5807009 1.6241559 3.0649379 1.4075874 1.3717399 1.4575187 1.4082897 1.4140162 1.1530513 1.4253450 1.2982592 1.2204789 1.4697578 1.4624193 1.5097959 1.2530459 1.8424407 1.7769145 1.0546273 1.4828083 1.4803073 1.5461502 1.7322463 1.7325430 1.8143288 1.2040766 1.2112475 1.2691580 1.2726630 1.3414702 1.7860049 1.8263576 1.6732309 1.2382336 1.6511738 1.5751652 1.5800598 1.5761292 1.5949728 1.2358329 1.6795512 1.5863727 1.0857164 1.0857164 1.6244742 1.5946671 1.5440087 2.1767664 1.4940458 1.4876272 1.3954579 1.4940458 1.5674160 1.5651897 1.4302522 1.4876272 1.4304927 1.4302522 1.4581065 1.6374609 1.4037551 1.6738133 1.2462522 1.7543032 1.9529095 1.7794783 1.7255785 1.6954800 1.7468905 1.3471177 1.6556657 1.6216870 1.4507981 1.8645881 1.8171692 2.0078855 1.1479358 1.6114688 1.8942242 1.9677857 1.6362500 1.5354961 1.7327741 1.4803411 1.8456786 1.3618587 1.5158464 1.7326293 1.5818190 1.7729636 1.5644898 1.6665953 1.4149208 3.4058515 1.7302409 1.6179702 1.9376514 1.7448805 1.3177103 0.9327424 2.4413177 1.5397911 1.1710327 1.3262286 1.3716469 3.2599341 
Morvir_scaffold42.g87.t1                            1.7156372 1.9220975 1.9237859 2.6346743 1.7104639 0.0000000 1.6613070 2.4711708 2.0096071 1.8906574 2.8593155 3.7975521 3.8127853 3.8231957 2.6108834 1.3227283 1.8823305 4.1093664 2.8496849 1.4729721 1.1308890 1.6775847 2.3401875 1.5927879 2.6072877 3.5822840 1.5638116 2.2807270 2.6689847 1.3504889 2.4253729 1.7965325 1.7313750 1.8221367 1.5978733 2.3636084 2.3388639 1.5186592 2.6227573 2.3219986 1.4709992 1.0495274 2.6690068 3.3750706 1.5480876 2.5025094 4.4296266 4.1087440 4.0460781 3.3061190 3.4090370 1.2149581 1.2098617 2.1117002 1.2408316 2.6025311 1.7381733 2.3598277 2.5822365 1.5921509 2.9139274 3.4083027 3.3997582 3.4055707 3.3940943 1.7451307 2.7980890 2.1219664 1.7243666 1.6769949 2.5546418 3.1832792 2.9490936 1.5754609 2.7827140 2.3254796 2.1667009 2.7246377 2.8017348 2.5705587 2.6318445 2.4432765 1.7200131 2.8221737 3.4176786 2.8550747 2.6876539 3.0149521 1.4251996 2.8645004 2.6588599 2.4687524 2.8520489 2.8897027 2.8199701 1.7908429 3.6859071 3.8751836 2.0930873 3.7464098 2.7648838 2.3599232 1.8594010 1.7197090 3.1233470 2.7865988 3.9568201 2.1305220 3.0095218 1.7655394 2.6763976 1.8989962 2.7281585 2.9376785 3.0945013 1.9829733 2.9626756 2.1336600 2.4077542 1.9476175 3.3611356 3.0926609 2.8563532 2.2625903 1.4596151 2.9750383 2.8131181 3.9610820 2.9112008 3.6769194 4.0410604 3.8546334 
Sanmal_Sma_015779-T1                                1.5852509 1.7903409 1.7542040 1.7853559 1.8343939 1.6613070 0.0000000 0.0541706 2.3958279 2.3958279 2.0683892 2.2519321 2.2519321 2.2519321 1.9702596 1.3317220 2.2028355 3.3664927 1.5748403 1.2500936 1.0543177 1.6615771 2.0405440 1.4516025 1.6903076 1.4696093 1.6551642 1.8785222 2.1705286 1.0891772 1.8362234 1.4710384 1.5832487 1.6982622 1.4820063 2.0325885 2.0221097 1.4460219 2.0133143 1.7547229 2.1797788 1.8839949 3.1341096 3.2798378 1.1947253 1.7842266 2.6149336 2.2508971 2.1675538 1.7292986 2.1631448 1.5414349 1.2872375 2.4765244 1.4563413 1.7560641 1.8084719 1.5053930 2.3239663 1.7366720 1.6976879 2.1291321 2.0585758 2.1233076 2.1239036 1.8151000 2.0000468 2.1209293 1.8786888 1.9758377 2.2897994 2.5911045 2.5936474 1.8114751 2.6555619 2.5852963 2.4671966 2.5963865 2.7091649 2.7157323 2.8557390 2.6541902 2.0099385 3.0157234 1.9986588 2.7629012 1.8311829 2.6992373 1.5527481 2.6753736 2.8108961 2.8990829 2.6113301 2.7317282 2.7217403 1.7373270 2.8877911 2.8752051 1.9744585 2.6540999 1.8854487 1.5187203 1.9656251 1.7202611 2.8665223 2.5552512 2.9804139 2.3882097 2.0341727 2.2228400 1.9618428 2.6632007 1.7945342 2.1640771 2.3778083 2.0933935 2.0172268 2.0260712 2.5112294 3.3189051 2.0509268 2.5939890 2.3529987 2.7326038 1.8482171 2.0307886 3.4677524 2.6829952 1.8274588 3.3415474 3.1810349 3.6747807 
Sanmal_Sma_015770-T1                                1.8346503 2.1082696 1.8152198 2.4048129 1.8147653 2.4711708 0.0541706 0.0000000 2.2751629 2.2994487 2.5725258 2.9861081 2.9983246 3.0073932 2.8745983 1.5328395 2.1993856 2.4058328 1.8738124 1.4864372 1.0337747 1.7020324 2.4064693 1.4612433 1.7518448 1.7835152 1.6265185 2.2472069 2.2657639 1.0745971 1.7683449 1.7223698 1.6188627 1.7684305 1.4924489 2.4215001 2.1839203 1.5182188 2.3545303 1.9793808 2.1980670 1.8719203 2.7730463 2.8695771 1.7820294 2.3989312 3.6976785 3.4335788 3.2708093 2.8749309 3.1452554 1.5520801 1.3130069 2.5362937 1.4689584 1.8725999 1.7349938 1.1159193 1.3052824 1.7788981 2.1194705 2.3753374 2.3592314 2.3768737 2.3621681 1.8735193 2.2232451 2.1514560 1.8596708 1.8124391 2.4725391 2.5124322 2.5473817 1.5844622 2.7557114 2.7461823 2.5517615 2.7268573 2.7661072 2.8512479 3.0889715 2.8519286 2.0970209 3.2880156 3.0054511 2.7563491 2.5515749 2.7931818 1.5050150 2.7197230 2.6574876 2.4344941 2.6488194 2.6844146 2.6681418 1.9026447 3.3084917 3.3280295 2.2872225 3.1245953 2.5554760 1.1629980 2.0923210 1.7640373 3.0911089 2.8745932 3.2477099 2.2546097 2.4216342 2.2428635 1.8202861 2.5162045 2.3508731 2.5152289 2.2709857 2.2226150 2.6245136 2.0837588 2.4704933 2.6607415 3.0838544 2.9394906 2.8070398 2.2538855 1.8291436 2.4878701 2.8412104 3.4004046 2.4113000 3.4040115 2.6869490 3.6007102 
Gracom_Gcom_scaffold4964_01                         1.6069591 2.0789076 1.9581746 2.0003531 1.4733390 2.0096071 2.3958279 2.2751629 0.0000000 0.0510315 1.4538479 1.4830297 1.4830297 1.4830297 1.4092455 0.8347770 0.8646148 2.4274760 1.6582578 1.5907555 0.8908329 1.6240337 2.0298747 1.2613355 1.7743994 1.4198785 1.7509957 1.7975201 2.6626916 1.3912760 1.8473405 1.6790005 1.5821903 1.7979140 1.4004276 1.7278812 1.8016066 1.3754922 2.1450594 1.9153452 1.8965738 1.4878980 1.8497034 1.9545364 1.3340114 1.9164290 3.4459271 3.1504702 3.1698879 3.0284105 2.9464081 1.5039124 1.2393316 1.7319469 1.3487838 1.9748420 2.0636156 2.3016669 2.1757806 1.2737772 1.9121972 1.8697247 1.8492285 1.8859139 1.8884780 1.4291735 2.0800770 1.7358017 1.8233089 1.6148964 1.5899566 1.7857892 1.9320662 1.5959706 1.8314946 2.0275681 1.6881786 1.8652532 1.9089032 2.1182650 2.1307848 1.9606138 1.7646530 2.0584602 1.7119089 1.8187719 1.8365112 1.9842566 1.3976855 1.8362030 1.9631593 1.8096578 1.8691473 1.8774743 1.8897798 2.2523066 2.6521573 2.7244615 2.1502044 2.8055954 2.0194234 2.1749841 0.7395928 1.8248075 2.8039599 2.9680236 2.8379320 1.8037412 2.0437372 1.8683526 1.9546216 1.8376091 1.9809070 2.3983214 1.8888312 1.9626728 1.7877025 2.2494772 1.6128734 2.5179194 2.6120671 2.1887608 2.2967321 2.0209803 1.9732003 1.7135287 2.5992036 2.5057254 2.0256105 2.8720422 2.7849942 4.0560784 
Gracom_Gcom_scaffold4965_01                         1.6425554 2.0808347 1.9581746 2.0842873 1.4733390 1.8906574 2.3958279 2.2994487 0.0510315 0.0000000 1.4410437 1.3715147 1.3715147 1.3715147 1.3342509 0.8628005 0.8646148 3.8048977 1.6625570 1.5520839 0.8908329 1.6240337 2.0527501 1.2613355 1.8104189 1.4961856 1.7258031 1.7710927 2.6494981 1.3912760 1.9004560 1.6953724 1.5821903 1.8148700 1.4004276 1.7953412 1.8319693 1.4090450 2.1407085 1.9625623 1.8965738 1.4878980 1.8813538 1.9681221 1.3086597 1.9224740 3.3826049 3.1494035 3.1183440 2.9820314 2.9111112 1.5039124 1.2393316 1.7319469 1.3487838 1.9721320 2.0561557 2.2798932 2.1511630 1.2737772 1.8693086 1.8225188 1.8017538 1.8389829 1.8275687 1.4291735 2.0778279 1.7789035 1.8233089 1.6148964 1.5502368 1.7432542 1.9390785 1.4482167 1.7558760 2.0035311 1.6881786 1.7925531 1.8383410 2.0934476 2.1307848 1.9363207 1.7646530 2.0584602 1.7127933 1.8043150 1.8334556 1.9818042 1.3976855 1.8408318 1.9325545 1.8096578 1.9381819 1.9468435 1.9253354 2.2523066 2.5624429 2.8264674 2.2836490 2.8945003 2.0421657 2.1274954 0.7462817 1.8248075 2.7813952 2.9927939 2.7563786 1.8016175 2.0810911 1.8683526 1.9798746 1.8393005 1.9932131 2.4641248 1.9053983 1.9333763 1.7329719 2.2467158 1.6128734 2.5179194 2.6742789 2.2005093 2.2856778 2.0035925 1.9232813 1.7720465 2.4747148 2.4478043 1.9109724 2.9200818 2.8990502 4.0212733 
Scil_scict003808.1                                  1.6130534 2.0589536 2.1868475 2.6309850 1.5128127 2.8593155 2.0683892 2.5725258 1.4538479 1.4410437 0.0000000 0.6709570 0.6674191 0.6630677 1.5063002 0.7106122 1.3981327 3.4009172 2.2042407 1.5091303 1.0663292 1.4738088 2.2469922 1.4604769 2.0281461 2.3303430 1.4394791 2.0313585 2.2270324 1.0707395 2.0564627 1.7113183 1.6215088 1.7522131 1.2118865 2.3735418 2.1814734 1.1088600 2.2391187 2.2258980 1.8091110 1.4619866 2.8078543 2.8782360 1.7256222 2.4164047 3.5834203 3.3461976 3.3042356 2.8753504 3.0056337 1.2684523 1.1387141 2.3109025 1.3026076 2.3245904 1.7906216 2.5098247 2.6681687 1.2891788 2.1999367 2.3225863 2.3454893 2.3432797 2.3710329 1.4545311 2.4645326 1.6735872 1.7178380 1.8005865 2.0081824 2.4206549 2.6747174 1.7408067 2.8170913 2.3054464 2.0165774 2.8343806 2.9164600 2.5938955 2.7792147 2.1962263 1.5758844 2.7100660 3.6442466 3.1991505 2.9064496 3.2431222 1.3735977 2.8664373 2.7920884 2.3690346 2.8472703 2.9415608 2.8727701 1.9506020 3.3843273 3.5349957 2.0486490 2.9920784 2.7094551 2.3758042 1.6568378 1.5541127 2.9669643 2.6571411 3.4205660 2.0708237 2.5709785 1.8142221 2.5887572 1.7699591 2.3940001 2.6838517 2.3649269 2.3316766 2.4598964 2.0255336 2.3101350 2.4103302 3.1391722 3.0038279 2.8973248 2.5215851 1.6614256 2.6505390 3.1230736 3.4685284 3.0531023 1.1988595 3.0071938 3.8122022 
Lcom_lcpid27056                                     1.2758147 1.2137845 1.7055564 3.5891646 1.4495083 3.7975521 2.2519321 2.9861081 1.4830297 1.3715147 0.6709570 0.0000000 0.0000010 0.0000010 0.2786134 0.5355438 1.0823679 3.5914458 2.5316228 1.0269971 1.0289872 1.3141099 2.7218695 0.8822783 2.4751935 2.5561363 1.3016896 2.5574253 3.2106335 0.9846137 2.5289096 1.5233779 1.2823527 1.6935364 1.1986482 2.6797665 1.9956844 1.0537844 2.7469926 2.8964069 1.3377299 0.7864556 2.6834284 3.0304768 1.3974359 3.3073987 3.1787981 3.0945772 2.9703799 3.0385637 3.1137800 1.0742492 1.1058830 1.4271662 1.0480205 2.5770868 1.5413022 2.8604588 2.9103671 1.2711321 2.6858877 2.6542608 2.6442829 2.6438725 2.6817817 1.1553528 2.8233957 1.6504178 1.2503243 1.2192276 2.9967884 2.9812201 2.7758483 3.8875376 3.2393922 1.5218327 1.5279652 3.1940326 3.1940326 1.5218327 1.9430685 1.5577856 1.3480862 2.0134607 3.3222705 3.3353683 3.2974002 3.4965177 0.9695468 3.1442691 3.2309883 1.5633068 3.1607376 3.1711080 3.0187422 1.1212088 3.2302098 3.3140030 1.3342785 3.0217036 3.4888817 2.9386364 1.1389256 1.4842331 2.4506027 1.8814968 3.4062849 1.8487069 3.1060964 1.3149323 2.8725183 1.2448148 3.0595637 3.2687289 2.6033965 1.8757556 3.1402173 2.6176146 1.4768514 2.5300060 3.6192486 3.5237383 2.1373198 2.3226149 1.1491601 3.0806582 2.9509921 3.6360019 2.6661065 0.6283709 2.9838140 3.8831004 
Lcom_lcpid28062                                     1.2758147 1.2137845 1.7055564 3.6139802 1.4495083 3.8127853 2.2519321 2.9983246 1.4830297 1.3715147 0.6674191 0.0000010 0.0000000 0.0000010 0.2786134 0.5355438 1.0823679 3.5817233 2.5217742 1.0269971 1.0289872 1.3141099 2.7003105 0.8822783 2.4654845 2.5453402 1.3016896 2.5671453 3.2106335 0.9846137 2.5195645 1.5233779 1.2823527 1.6935364 1.1986482 2.6797665 1.9633391 1.0537844 2.7329995 2.8889342 1.3377299 0.7864556 2.6979413 3.0146473 1.3974359 3.3044156 3.1692510 3.0846811 2.9619511 3.0302167 3.1051258 1.0742492 1.1058830 1.4271662 1.0480205 2.5673674 1.5413022 2.8643673 2.9149683 1.2711321 2.6809147 2.6487802 2.6387907 2.6383475 2.6764093 1.1553528 2.8343602 1.6504178 1.2503243 1.2192276 2.9950884 2.9743136 2.7937613 3.8875376 3.2390386 1.5218327 1.5279652 3.1932585 3.1932585 1.5218327 1.9430685 1.5577856 1.3480862 2.0134607 3.3227529 3.3220529 3.2976113 3.4987006 0.9695468 3.1491523 3.2385663 1.5633068 3.1660423 3.1765327 3.0228656 1.1212088 3.2302098 3.3134487 1.3342785 3.0119211 3.4716348 2.9434342 1.1389256 1.4842331 2.4506027 1.8814968 3.4169686 1.8487069 3.1276079 1.3149323 2.8826836 1.2448148 3.0668455 3.2717684 2.6088510 1.8757556 3.1277696 2.6084974 1.4768514 2.5300060 3.6122844 3.5237383 2.1373198 2.3226149 1.1491601 3.0781302 2.9509921 3.6171316 2.6606476 0.6283709 2.9929060 3.8831004 
Lcom_lcpid29052                                     1.2758147 1.2137845 1.7055564 3.5659179 1.4495083 3.8231957 2.2519321 3.0073932 1.4830297 1.3715147 0.6630677 0.0000010 0.0000010 0.0000000 0.2786134 0.5355438 1.0823679 3.5891744 2.5131295 1.0269971 1.0289872 1.3141099 2.6398822 0.8822783 2.4561198 2.5341949 1.3016896 2.5671453 3.0964455 0.9846137 2.5037555 1.5233779 1.2823527 1.6935364 1.1986482 2.6797665 1.9237330 1.0537844 2.7240146 2.8603048 1.3377299 0.7864556 2.6037475 2.9864297 1.3974359 3.2974911 3.1467438 3.0604535 2.9302361 2.9992084 3.0774775 1.0742492 1.1058830 1.4271662 1.0480205 2.5471984 1.5413022 2.8711320 2.9220038 1.2711321 2.6768405 2.6439681 2.6338733 2.6207925 2.6645163 1.1553528 2.8254531 1.6504178 1.2503243 1.2192276 2.9970404 2.9825798 2.7856160 3.8875376 3.2536044 1.5218327 1.5279652 3.2070545 3.2070545 1.5218327 1.9430685 1.5577856 1.3480862 2.0134607 3.3207574 3.3362385 3.3183232 3.5101917 0.9695468 3.1370765 3.2190993 1.5633068 3.1588101 3.1694009 3.0133599 1.1212088 3.2302098 3.3408494 1.3355933 3.0321221 3.4423232 2.9518700 1.1389256 1.4842331 2.4506027 1.8814968 3.4397897 1.8487069 3.1294098 1.3149323 2.8839284 1.2448148 3.0497571 3.2681651 2.5746757 1.8757556 3.1332363 2.5970186 1.4768514 2.5300060 3.6122844 3.5237383 2.1305573 2.3074809 1.1491601 3.0632673 2.9509921 3.5898111 2.6095606 0.6283709 3.0104007 3.8831004 
Lcom_lcpid107732                                    1.2505699 1.2530362 1.6376422 2.5288190 1.4495083 2.6108834 1.9702596 2.8745983 1.4092455 1.3342509 1.5063002 0.2786134 0.2786134 0.2786134 0.0000000 0.5376983 1.0823679 6.5891765 2.0460995 1.0142677 1.0289872 1.3141099 1.5864439 0.8822783 2.0452918 2.1343968 1.3016896 1.5380872 3.1598614 0.9846137 2.4807871 1.3165729 1.2823527 1.5180111 1.1986482 1.6933858 1.4308497 1.0484533 2.2473448 2.1840728 1.3377299 0.7864556 2.2331086 2.6927341 1.3618434 2.0970174 2.2605897 2.1359113 2.1516294 2.2583000 2.1442030 1.0742492 1.1058830 1.4100375 1.0480205 2.5175913 1.5413022 2.7769794 2.6583274 1.2711321 2.2407042 2.1308264 2.0801176 2.0629861 2.1164241 1.1553528 2.4698746 1.6514660 1.2503243 1.2192276 1.7290646 2.6223682 2.3342934 3.4183227 1.8966268 1.5121882 1.5279652 1.8607272 1.8607272 1.5121882 1.7287677 1.5476097 1.3480862 1.7894539 1.7727945 2.0991695 1.9438259 2.3282327 0.9695468 1.8574736 2.1209599 1.5633068 1.8583147 1.8319089 1.6811756 1.1212088 2.1773853 2.2954851 1.3022193 2.1259135 2.3961240 2.7300287 1.0673831 1.4842331 2.0231542 1.6581652 2.2461862 1.5399972 2.6293146 1.3149323 2.5031058 1.1768940 2.1969681 2.3787713 2.4995458 1.7269000 2.3489239 2.0089187 1.3736940 2.5300060 2.4968645 2.5047934 2.0331473 1.8185041 1.1491601 2.0620366 2.7434890 2.6529144 1.4260958 1.6041340 3.0353621 4.2072545 
Leuniv_Lniv_scaffold13775_01                        1.1020663 1.1148950 1.5104083 1.6019553 0.9823599 1.3227283 1.3317220 1.5328395 0.8347770 0.8628005 0.7106122 0.5355438 0.5355438 0.5355438 0.5376983 0.0000000 0.8491908 4.8814109 1.0249964 0.9044173 0.7814488 0.9213614 0.9639530 0.8803418 1.0783327 1.1906273 0.9628947 1.1622103 2.8523715 1.0279540 1.2602107 0.8755795 0.9286134 1.0664740 0.8262073 1.0133324 0.9355692 0.9749915 1.0612373 1.2550146 1.1228409 1.0163127 1.1998039 1.3075797 1.1225567 1.2488249 1.3600002 1.3314818 1.2083550 1.1899618 1.2153978 1.0631524 1.0528784 1.0879972 1.0627690 1.1676990 1.4515639 1.5401577 1.5343630 1.0497217 1.1437098 1.1055710 1.1221170 1.1166913 1.1409048 1.2466571 1.3754050 0.9943376 1.1813371 1.1508204 1.2330017 1.3692512 1.2602442 3.1509230 1.0758799 0.8660091 0.6311796 1.0758799 1.0758799 0.8660091 0.8654275 0.8660091 0.8139598 0.8654275 1.2621999 1.3844805 1.3284574 1.3579084 1.0550895 1.1627170 1.4331588 1.2156419 1.2975411 1.3183144 1.2615422 1.2604158 1.1683313 1.2518533 1.4359344 1.3775853 1.3124882 1.4770742 0.8688492 1.3887122 1.2861773 1.5667488 1.2610900 1.0454541 1.3679036 1.0600996 1.3604036 1.2020353 1.2568633 1.3665936 1.1624576 1.4593410 1.0419058 1.2580618 0.8731425 2.3132841 1.4052443 1.4102228 1.3036341 1.2771407 1.1849267 1.0901202 2.7080503 1.3711498 1.2609943 1.0663918 2.0254246 3.7069128 
Leuniv_Lniv_scaffold25746_01                        1.4709701 1.9287375 1.6629380 1.8315361 1.0758376 1.8823305 2.2028355 2.1993856 0.8646148 0.8646148 1.3981327 1.0823679 1.0823679 1.0823679 1.0823679 0.8491908 0.0000000 0.0000010 1.2360620 1.3812412 0.7976762 1.6214793 2.0474836 1.1986725 1.7476194 1.2693191 1.5962478 1.6776305 2.6517465 1.2789049 1.8472206 1.4071908 1.6337083 1.7498589 1.4694126 1.5581180 1.3177874 1.3150974 1.9138907 1.7940767 1.6281222 1.4737163 1.8778451 1.8911385 1.1899070 1.6491605 2.8230344 2.5908270 2.6030772 2.6737618 2.7194543 1.4798990 1.2221938 2.1123206 1.3044568 1.9128057 2.1528827 2.1417902 2.0909381 1.4597819 1.8588459 1.6070230 1.5833411 1.6550813 1.6657478 1.6408029 2.3531236 1.7019697 1.8503062 1.7269105 1.4985388 1.5245219 1.7815763 1.4711703 1.6644261 1.6043208 1.3351808 1.6812427 1.7490866 1.7090499 1.8052669 1.5729619 1.4112056 1.7808984 1.3286126 1.8601555 1.5499707 1.9677861 1.3709252 1.7416883 2.0170172 1.8864055 1.8140522 1.8171564 1.8243832 1.9577821 2.2979182 2.2795883 2.0972346 2.2115914 2.0593497 2.2744189 0.6050672 1.6138075 2.3257766 2.3356062 2.3314184 1.8508194 2.0127621 1.5897498 1.9959743 1.8340042 1.9054707 2.0060027 1.7191921 1.7229884 1.6011262 1.9500112 1.4873408 2.4802519 2.5234390 2.3528051 2.0674886 2.0018469 1.6355069 1.5690772 2.1923730 2.2622282 1.5509196 2.1754770 2.3617204 3.4124966 
Pocdam_XM_027192838.1                               2.7786754 7.9612891 9.0000000 3.9322121 0.0000010 4.1093664 3.3664927 2.4058328 2.4274760 3.8048977 3.4009172 3.5914458 3.5817233 3.5891744 6.5891765 4.8814109 0.0000010 0.0000000 0.1178807 1.1258181 0.0000010 0.0000010 2.8306168 0.0000010 0.3202298 0.2874150 0.0000010 2.7886178 2.0680117 0.0000010 0.9518499 0.6427768 1.5750677 0.6528387 0.0000010 2.3640717 0.6844840 8.9999989 2.7111835 1.9424875 0.0000010 0.0000010 3.3203517 3.2215989 1.3370942 3.1521364 3.3304618 3.3569678 3.2874533 3.2928945 3.1834415 0.0000010 0.0000010 6.6866490 0.0000010 1.5895883 0.0000010 2.1648616 2.1675807 0.0000010 2.5484748 2.7069313 2.7119572 2.7648452 2.7271346 0.0000010 2.7453002 1.4727230 0.0000010 0.0000010 4.0105430 3.2417920 2.8559703 2.6109682 3.6725693 5.6509042 0.0000010 3.6725693 3.6725693 5.6509042 8.9999988 5.6509042 0.0000010 8.9999988 3.6418816 3.9578930 3.8242861 3.7955846 2.8167218 3.5313750 3.8614535 0.0000010 3.6011368 3.5249332 3.5112725 0.0000010 3.5569834 3.6447205 6.2213609 3.2881250 4.6721262 2.1156575 2.8731069 0.0000010 4.5089415 4.4012662 3.2165335 3.4848225 3.0525054 0.0000010 2.1715008 1.5915903 3.3982682 2.9907852 2.4002094 2.3822104 3.0848149 3.4083724 1.1721140 0.0000010 4.8672265 4.8416123 4.5571843 2.6554117 0.0000010 3.0283501 5.8225130 3.7708278 3.9473873 3.3879608 2.9757666 4.3719151 
Spis_XP_022791125_1                                 1.7488557 1.9161274 1.4782328 2.5696424 0.9873619 2.8496849 1.5748403 1.8738124 1.6582578 1.6625570 2.2042407 2.5316228 2.5217742 2.5131295 2.0460995 1.0249964 1.2360620 0.1178807 0.0000000 0.3615354 0.4958644 0.1559704 1.0840084 0.3079863 0.3152342 0.3415822 0.3364724 0.8648779 1.5310513 0.6664607 0.9228721 0.6830968 0.5567208 0.6286959 0.7867992 0.8848013 0.8534272 0.8881354 2.0315118 1.6272595 1.1251547 0.9666493 1.9210380 2.3233415 1.4173568 2.1097520 3.0807716 3.0096563 2.8298022 2.8224824 2.9123378 1.0457609 1.0403687 1.4457368 1.0157185 1.4176161 1.3520173 1.8861894 1.9573536 0.7972862 1.9063135 1.8767162 1.8901362 1.8988681 1.9042619 1.2834344 2.0877237 0.7651013 1.0788801 1.0574728 1.7457811 2.2710169 2.0031919 1.3436307 1.9854690 1.4114903 0.7785105 2.0638556 2.0548113 1.4803451 1.7951259 1.1017422 0.8060968 1.4044801 2.5892108 2.2150725 2.2667527 2.2744779 1.0759647 2.0894018 2.1322254 1.3572574 2.0895483 2.1557879 2.0588968 1.4653275 2.8043160 2.8961532 1.6384608 2.6661707 2.6962049 1.8623363 1.2023186 1.2341029 2.5703353 1.9862082 2.7735927 1.4248220 2.2753188 1.2934848 1.9024375 1.2794291 2.2840043 2.2729723 1.6991053 1.7574929 2.2697506 1.8656386 0.6087271 2.2272915 3.2167963 2.6556790 2.4417726 1.8000147 1.3293048 2.2514904 2.7207866 3.1957267 2.3599701 3.3225952 2.3167384 3.7996941 
Pocdam_XM_027192932.1                               1.5154831 1.6685287 1.5677821 1.9205824 1.1694107 1.4729721 1.2500936 1.4864372 1.5907555 1.5520839 1.5091303 1.0269971 1.0269971 1.0269971 1.0142677 0.9044173 1.3812412 1.1258181 0.3615354 0.0000000 0.8583995 0.8522231 0.4237351 0.9170673 0.5030607 1.1792120 0.4707247 0.6379605 1.9966524 0.9196579 1.1504662 0.5595942 0.7336787 0.6483897 1.1338236 0.6018160 1.0037860 1.0458885 1.3354714 1.3611804 1.4236738 1.2014303 1.5310838 1.5482695 1.5359644 1.4070854 2.5970238 2.2555678 2.1529235 2.1402165 2.4648162 1.0725119 1.0142502 1.1107550 1.0256454 1.3923506 1.2872430 1.5234197 1.5310207 1.3853921 1.3466709 1.3904157 1.3819746 1.4030813 1.3946706 1.2929276 1.4071224 1.2272241 1.0749349 1.0795610 1.0777379 1.4342630 1.4321720 1.3047700 1.2521299 1.1427070 1.0773988 1.2521299 1.2521299 1.1427070 1.5393347 1.1427070 1.1300880 1.5393347 1.6057533 1.4563389 1.5802540 1.5227212 1.0330092 1.3337573 1.4934111 1.1741509 1.4151423 1.4101243 1.3667965 1.3083021 1.6792261 1.6730811 1.6646258 1.8997591 1.4733941 1.6602283 1.2746504 1.2731329 2.1211679 1.9596059 2.0761599 1.1676037 1.7277994 1.2747928 1.5111150 1.3120553 1.5929396 1.5167283 1.2424626 1.5625388 1.4138818 1.3419810 0.8484076 1.9924267 2.1934052 1.3976524 2.0396912 1.5407202 1.3895137 1.2750707 2.3747961 2.4911561 1.3394604 3.1914010 1.7488799 3.4937185 
Nvec_v1g115316                                      1.1873529 1.1873529 1.1954725 1.1954725 0.9215633 1.1308890 1.0543177 1.0337747 0.8908329 0.8908329 1.0663292 1.0289872 1.0289872 1.0289872 1.0289872 0.7814488 0.7976762 0.0000010 0.4958644 0.8583995 0.0000000 0.4868711 0.8133695 0.5691805 0.4749877 0.8357408 0.4989389 0.4989389 2.0714311 0.7692405 0.5983280 0.7886689 0.5148362 0.5148362 0.7445476 0.5451941 0.7873743 0.8306065 1.0524068 0.8268621 0.7866985 0.6185012 0.8150012 0.8256067 0.7508638 0.6507409 1.1980193 1.0974642 1.1149522 1.0964259 1.0015475 0.9690660 1.0091092 1.0672141 1.0111199 0.7940937 1.3853669 1.2410448 1.2675696 0.9182860 0.8299552 0.8409711 0.8270017 0.8424571 0.8586647 1.1385037 0.9591891 0.6062675 0.9804473 0.9804473 1.2376789 1.1280255 0.8527923 2.9601741 0.9808063 0.9933183 0.8131109 0.9808063 0.9808063 0.9933183 0.9307800 0.9933183 0.8688637 0.9307800 1.0025532 0.9594826 0.9000568 0.9343082 0.8096488 0.8306220 1.1115992 1.0540974 1.0348510 1.0534428 1.0348510 1.0229953 1.0690686 1.0723955 1.1625767 1.1960154 0.9321020 1.2370057 1.0583448 1.4347899 1.3991759 1.4437613 1.2370626 0.8323701 1.1740946 0.9315105 1.3072022 1.3200497 0.9237099 0.9303152 0.7804711 0.9818008 0.7163020 0.9559541 0.5548961 3.6719681 1.0482931 0.9813891 1.3213944 1.1062480 1.0456063 0.7502582 2.4888978 1.0798832 0.7071510 0.8844920 1.2443811 3.1552682 
Pocdam_XM_027192938.1                               1.4470237 1.7746795 1.7985422 1.9258272 1.4934645 1.6775847 1.6615771 1.7020324 1.6240337 1.6240337 1.4738088 1.3141099 1.3141099 1.3141099 1.3141099 0.9213614 1.6214793 0.0000010 0.1559704 0.8522231 0.4868711 0.0000000 0.8438715 0.3216569 0.3700369 0.8854199 0.3538555 0.4144286 0.5940416 0.7138515 1.1128661 1.2227925 0.6249787 0.6700560 0.8534795 0.5644328 1.3075398 0.7935839 1.4215152 1.4242676 1.5328669 1.2673278 2.5385809 2.5267126 0.7549806 1.5367372 2.1019976 1.7820615 1.8795015 1.5022946 1.8243286 1.0649473 1.0148672 2.0201827 1.1225099 1.2143471 1.6513603 1.9426297 1.6709405 0.9356668 1.4466084 1.5356744 1.5356296 1.5344003 1.6053031 1.2735506 1.4981968 0.8692048 1.2295436 1.3811562 1.4252568 1.7947564 2.0789125 1.8792403 2.0239004 2.0166810 1.7578886 2.0301102 2.1639092 2.1663715 2.1702482 2.0079348 1.4978227 2.1831415 1.6905521 2.1397094 1.3955621 2.3286197 1.0726272 2.2262651 2.3358672 2.3558562 2.1372092 2.3125877 2.2873545 1.5040194 2.8992653 2.8437073 1.4183155 2.5716837 1.7194344 1.8755516 1.5225562 1.6788456 2.7318735 2.4885094 2.6256887 1.8754358 1.6467859 1.6137068 1.8430214 1.5641681 1.2274300 1.9043010 1.6623140 1.8045258 1.5631847 1.5016867 1.2124008 3.2578221 1.6394704 1.9255497 1.9822583 2.0829686 1.4928005 1.4363021 2.3962078 1.7962562 1.2762055 1.8708859 1.8742909 3.8461045 
Gasp_gasp1.m3.13967.m1                              1.5711112 2.1474157 2.3885909 2.5121922 1.2803566 2.3401875 2.0405440 2.4064693 2.0298747 2.0527501 2.2469922 2.7218695 2.7003105 2.6398822 1.5864439 0.9639530 2.0474836 2.8306168 1.0840084 0.4237351 0.8133695 0.8438715 0.0000000 0.6680404 0.6110160 1.7727618 0.5560909 0.7636899 1.0955897 0.8881679 1.6934001 0.7318630 0.8592593 0.8882238 1.2105453 0.8053345 1.5808166 1.0227336 2.0939060 2.0153675 1.8870632 1.8344368 2.5823176 2.9950671 1.5002879 1.8954919 4.0209648 3.4381936 3.4230263 2.6830023 3.0332844 1.2860298 1.0059243 2.1562995 1.1987081 2.0526159 1.6904647 2.2967239 2.2994962 1.3921153 2.1612672 2.4187171 2.4105896 2.4180436 2.4336799 1.5858496 2.2052992 1.9233654 1.7200063 1.7464461 1.8930324 2.7538216 2.7004817 1.5221420 2.1440614 1.9857121 1.6720225 2.1554883 2.2241942 2.1628795 2.5202261 1.9311965 1.2373951 2.5485012 2.7194870 2.3466885 2.2475766 2.4929211 1.3883930 2.3961466 2.3776720 2.2092350 2.3007942 2.3847424 2.3541283 1.8123259 3.3976561 3.6576277 2.1429156 3.5863168 2.0192885 2.5027578 1.8264899 1.6493271 3.2815198 2.6644822 3.5502784 2.0216588 2.5206864 2.1425821 2.4197582 1.9788935 2.3042067 2.5295621 2.6020184 2.3879648 2.4221366 1.7494768 2.0748293 2.5842368 2.7474497 2.4024797 2.9039904 2.4889708 1.6788103 2.4606939 2.4891193 3.9084317 2.5811904 4.1350134 3.7431248 4.0298848 
Gasp_gasp1.m3.13968.m1                              1.1503551 1.1503551 1.6039400 1.8807545 1.1711875 1.5927879 1.4516025 1.4612433 1.2613355 1.2613355 1.4604769 0.8822783 0.8822783 0.8822783 0.8822783 0.8803418 1.1986725 0.0000010 0.3079863 0.9170673 0.5691805 0.3216569 0.6680404 0.0000000 0.0904129 1.1728348 0.2099285 0.2084179 1.8680684 0.6214871 0.9603646 0.9381740 0.5478010 0.6161882 0.7487741 0.3623063 0.9205185 0.8376665 1.0400500 0.9871238 1.0529471 0.5550766 1.4904355 1.6514661 0.7398253 1.1756634 1.4034479 1.1179356 1.0020959 1.0093983 1.4556341 1.0037740 1.0046124 1.3030931 1.0190134 1.0644587 1.7921232 1.7417936 1.6948847 0.8743012 1.2899099 1.0475254 1.0250567 1.0394508 1.0667060 1.0872374 1.2243235 0.3088646 0.8174359 0.8174359 1.0264934 1.1952291 1.3310055 1.9157270 0.8738976 1.1940062 0.7977839 1.1940062 1.3578246 1.3578246 1.2921297 0.8738976 0.8167300 0.8772002 1.3359207 1.3774955 0.9485133 1.3878747 0.8560131 1.2669491 1.6965139 1.4401466 0.9945172 1.4503961 1.4486990 0.8005583 1.5760947 1.5250057 0.9555262 1.6329941 1.4240282 1.7467768 1.2729194 1.2508336 1.7563580 1.5162796 1.5590556 0.8992728 1.5032738 1.2111292 1.7188000 1.3472195 1.5049867 1.3220708 0.7136642 1.3128971 1.1526170 1.2156504 0.5171993 2.5183494 0.9166909 0.8804698 1.0949433 1.1560888 0.9895676 1.0422751 2.3587359 1.0103843 0.8514715 1.2827504 1.2598177 3.6409097 
Gasp_gasp1.m3.13970.m1                              1.5277239 1.7878472 1.8806447 2.5031240 1.4934824 2.6072877 1.6903076 1.7518448 1.7743994 1.8104189 2.0281461 2.4751935 2.4654845 2.4561198 2.0452918 1.0783327 1.7476194 0.3202298 0.3152342 0.5030607 0.4749877 0.3700369 0.6110160 0.0904129 0.0000000 0.2406638 0.2433489 0.5867428 0.9479467 0.6256292 0.9269530 0.7532676 0.5529723 0.5985025 0.8378671 0.7399292 0.9967465 0.7804190 1.8722406 1.6074661 1.4681785 1.1719152 2.1866037 2.4168829 1.3145599 1.9742603 3.0056374 2.8620376 2.7193086 2.4136601 2.6028948 1.1389734 1.0204443 1.9539191 1.1901498 1.3555944 1.5275250 1.8176912 1.8971126 0.9855209 1.7822535 1.9147950 1.9180263 1.9246794 1.9333061 1.3560270 1.9705002 0.9984547 1.1639183 1.2771646 1.8362706 2.2268987 2.0965986 1.3634632 2.1810227 2.1560371 1.8955235 2.1777141 2.2299943 2.2932634 2.4604314 2.1634118 1.5872928 2.5120390 2.5048882 2.2934637 2.1951265 2.4161497 1.1573957 2.3269624 2.3709170 2.0317860 2.3035801 2.3677410 2.3081576 1.5824497 2.9868879 2.9982458 1.7284748 2.8083144 2.3442492 1.8109419 1.4599701 1.4643980 2.9988611 2.7139085 2.9572290 1.7906947 2.0961652 1.7166373 1.8638894 1.4837185 1.9971368 2.1756056 1.7967967 1.9415628 2.1354375 1.7932253 1.0892138 2.4579952 2.8658515 2.7425896 2.5149435 2.0576820 1.5786366 2.2512205 2.5906858 3.0396979 2.3073985 3.1029958 2.2480101 3.6397357 
Fspp_ffun1.m4.6287.m1                               1.5477627 1.5821567 1.6415771 3.0123308 1.4040047 3.5822840 1.4696093 1.7835152 1.4198785 1.4961856 2.3303430 2.5561363 2.5453402 2.5341949 2.1343968 1.1906273 1.2693191 0.2874150 0.3415822 1.1792120 0.8357408 0.8854199 1.7727618 1.1728348 0.2406638 0.0000000 0.8998172 1.7197559 1.7829146 0.9811844 0.7980718 1.0017417 0.9788053 0.9630630 1.0195756 1.5973723 1.0734966 1.0759019 2.1852990 1.7793456 1.4296544 1.0577123 2.1466759 2.4887251 1.0800873 2.5759588 2.9532770 2.9896289 2.6689220 2.6652507 2.6905143 1.1496278 1.1524014 1.5168739 1.1546913 1.4400529 1.5374134 1.8526953 2.0838721 1.0883405 2.0466221 1.9659882 1.9733363 1.9691560 1.9862356 1.3924388 2.1812339 1.0437428 1.5254068 1.5254068 2.4989748 2.3804915 2.0425514 1.8437292 2.3678521 1.3515071 1.0675315 2.4206882 2.4744448 1.6164539 1.5790932 1.2062387 1.1539189 1.3818850 2.5068281 2.4709731 2.3289428 2.4074965 1.1821158 2.5130207 2.4340381 1.5708314 2.5136760 2.5661530 2.5064212 1.1845195 2.7942682 2.8343386 1.4029810 2.6247727 3.2921905 1.7838227 1.3874740 1.4435324 2.5937559 1.5466771 2.6930268 1.5546823 2.2731611 1.5436471 1.8867169 1.6135006 2.5807122 2.5062443 1.6977289 1.3961284 2.5717894 2.3457887 1.2689063 3.4475927 3.3438008 3.6466255 2.2226658 2.0567819 1.4038746 2.4838104 3.2280935 2.9016590 2.6189604 2.9061593 2.1493454 4.2869722 
Fspp_ffun1.m4.6286.m1                               1.3151693 1.7068959 1.6843041 1.8558593 1.5807009 1.5638116 1.6551642 1.6265185 1.7509957 1.7258031 1.4394791 1.3016896 1.3016896 1.3016896 1.3016896 0.9628947 1.5962478 0.0000010 0.3364724 0.4707247 0.4989389 0.3538555 0.5560909 0.2099285 0.2433489 0.8998172 0.0000000 0.1489116 0.7668587 0.6499818 1.0803250 0.8576907 0.5588141 0.6135594 0.8244398 0.4097552 1.3199887 0.8198660 1.3902989 1.3158924 1.5422094 1.1830891 1.9952833 2.0057346 0.8782744 1.4399340 2.7457520 2.2702512 2.2669011 1.8346355 2.2495478 1.1260006 1.0101377 1.9507817 1.1896844 1.3229114 1.4709948 1.7306668 1.6725457 0.9547922 1.3806146 1.4385791 1.4380304 1.4471434 1.4625855 1.3348603 1.4223287 0.9146724 1.1419239 1.2670614 1.2234511 1.5304962 1.7556246 1.1458964 1.6909509 2.0597892 1.8017855 1.7087828 1.7923304 2.1498864 2.3395635 2.0678499 1.5456012 2.3877468 1.7390726 1.8287541 1.5105648 2.0920472 1.1386525 1.8842915 2.0160703 2.0381135 1.8748080 1.9911405 1.9672855 1.6036379 2.7256132 2.6907567 1.5290853 2.5696749 1.6562235 1.8256965 1.3891620 1.5123645 2.7438397 2.6132558 2.6470529 1.6017733 1.6001579 1.6545020 1.7517222 1.4807999 1.3409939 1.7592539 1.5051186 1.8345261 1.4798699 1.5254825 1.0190679 2.5136509 1.8191395 1.7171554 1.9495482 1.7787325 1.5770841 1.4397488 2.4107033 2.3331728 1.4532888 2.9973050 1.8600874 3.7105470 
Fspp_ffun1.m4.6281.m1                               1.6948342 1.9878405 1.7851782 2.3463326 1.6241559 2.2807270 1.8785222 2.2472069 1.7975201 1.7710927 2.0313585 2.5574253 2.5671453 2.5671453 1.5380872 1.1622103 1.6776305 2.7886178 0.8648779 0.6379605 0.4989389 0.4144286 0.7636899 0.2084179 0.5867428 1.7197559 0.1489116 0.0000000 0.9732778 0.6586858 1.5217566 1.0633589 0.6447967 0.7869279 0.8718309 0.6750097 1.5731397 0.8853433 2.0767609 1.8357656 1.5530590 1.1974921 2.3041727 2.6213287 1.4202960 1.7750515 3.6176322 3.0388031 3.0783165 2.4997724 2.7890031 1.1162886 1.0001544 1.9948814 1.1761353 1.8538620 1.5721050 2.3730037 2.3829669 0.9938327 2.1726035 2.4089247 2.4150766 2.4297994 2.4556176 1.2999360 2.1030294 1.0024807 1.1173257 1.2197467 1.5495300 2.4057393 2.5402367 1.4228627 1.9089787 2.0792706 1.7455312 1.9322610 1.9849877 2.1581358 2.3355246 2.0435889 1.4503515 2.3241265 2.2357593 2.1009749 1.8980439 2.3264311 1.1532657 2.0859078 2.1046221 2.0125138 2.1387596 2.2406686 2.1629716 1.6318859 3.4225412 3.4284280 1.6692643 3.2753278 2.0597791 2.4580379 1.4596768 1.6049380 2.8981916 2.6475300 3.3621054 1.8456279 2.2961155 1.6707125 2.4258697 1.5854875 2.0930795 2.3674353 2.3070858 1.9203936 2.1587696 1.7271982 1.1483494 2.5786051 2.3982716 2.3475417 2.3911808 2.1202840 1.6163990 2.5208365 2.5311917 3.2585549 2.2246662 4.0186393 3.2272547 3.9344996 
Spis_XP_022790823_1                                 3.0850905 3.0972982 2.8362422 2.5541587 3.0649379 2.6689847 2.1705286 2.2657639 2.6626916 2.6494981 2.2270324 3.2106335 3.2106335 3.0964455 3.1598614 2.8523715 2.6517465 2.0680117 1.5310513 1.9966524 2.0714311 0.5940416 1.0955897 1.8680684 0.9479467 1.7829146 0.7668587 0.9732778 0.0000000 2.1804837 1.5518693 2.1665029 0.9872152 1.0677355 2.7227802 1.5986721 2.1357324 2.4772430 2.0384004 1.9581239 3.0113094 1.8581933 3.4260613 3.4693775 2.2322492 2.1447673 2.9711816 2.8377626 3.2795837 2.2794477 2.5914652 2.6562071 2.5938904 3.2811295 2.7229822 1.8622094 1.9296402 2.4543357 2.3161429 2.9673648 2.0954856 2.7490611 2.6974673 2.7206043 2.7957923 2.8421220 2.2328219 2.0067421 2.9880898 2.9489843 2.6043963 2.5918779 3.1090127 2.9412021 3.4707720 3.4865173 3.4642168 3.3187098 3.3081488 3.4395574 4.0326572 3.7660157 3.9338193 4.5152564 3.6228796 2.9640003 2.8808823 3.0749149 2.3311617 3.1735280 3.0375113 3.1905945 2.9638926 3.1409090 2.9717379 2.6474977 3.6983826 3.6378337 3.5353026 3.9172167 2.5872740 2.5395942 2.5083998 2.7382954 3.8148594 3.8330565 3.4015498 3.1952445 2.3227505 2.9107642 2.3279609 2.9020746 2.0106063 2.4357646 2.8700346 2.6482305 2.1249482 1.9598316 2.3286582 3.5991651 2.4921107 3.2654074 3.0271318 2.7196078 2.7542421 2.5860787 4.4180954 3.4046666 3.3878857 3.2225062 2.8159664 4.6494656 
