145
Lcom_lcpid39172                                                      0.0000000 0.1614349 0.1766696 0.4151929 0.6221728 0.6443957 0.5802026 0.7380662 0.9172314 0.9637090 1.6858813 1.6688955 1.6608831 1.3637379 1.4050423 1.5364696 1.5101120 1.2149008 1.0733215 1.1175001 1.1693995 1.4368475 1.4725695 1.5078938 1.2095686 1.4966875 1.4695671 1.5412110 1.5550427 1.5221626 1.2930587 1.3483891 2.0776712 1.5455606 1.6427610 1.1181359 1.4431710 1.5554464 1.6317752 1.5928228 1.5932956 1.5794208 1.6333047 1.6333047 1.6106600 1.6601864 1.6129878 1.6625821 1.6392357 1.3658396 1.4502226 1.6407295 1.5887753 1.6586326 1.5077751 1.6818275 1.4503580 1.4503580 1.6215160 1.3943843 1.5582022 1.4391181 1.3726502 1.3140663 1.2701555 1.3252359 1.2600918 1.5151308 1.3320209 1.5804750 1.5607735 1.6139250 1.5909391 1.4122719 1.4740963 1.6939088 1.6967515 1.6173131 1.7032745 1.6734695 1.4613588 1.6138277 1.6138277 1.4828163 1.4964258 2.0691894 1.7078488 1.6467831 1.5858634 1.7971914 1.8134745 1.8134745 1.6313232 1.7907972 1.7127855 1.5454897 1.6695779 1.6055970 1.7426059 1.1324542 2.0919569 2.0863273 1.7340463 1.9212399 1.6683483 1.6326613 1.8678431 1.4902080 1.7477704 1.4863311 1.6641949 1.6793985 1.5624981 1.8682469 3.2372038 1.3392748 1.7951836 1.8160566 2.3772816 1.8192947 1.8852358 1.8927519 1.7147350 1.7586014 1.5082880 1.3697531 1.8096633 1.8045730 1.5841535 1.7546555 1.8332860 1.8250612 1.9746651 1.8022746 1.9474068 8.9999983 2.2161260 1.7585936 1.8227018 2.8412476 2.4731652 2.2130551 2.7801358 3.8629062 1.3965150 
Lcom_lcpid41685                                                      0.1614349 0.0000000 0.4151929 0.1768621 0.6690787 0.6042235 0.5977294 0.7380662 0.9521509 0.9871125 1.6401798 1.6267399 1.6092304 1.2987412 1.4161592 1.5021481 1.4531851 1.2378634 1.0733215 1.1985225 1.2762572 1.4161315 1.4391977 1.4998803 1.2708313 1.4769569 1.4505008 1.5012333 1.5126475 1.4667332 1.2760994 1.3662803 2.0318126 1.5044758 1.5741466 1.1181359 1.4188160 1.5117725 1.6806093 1.6517583 1.6477113 1.6355691 1.6644906 1.6644906 1.6656719 1.6939506 1.6408794 1.6697622 1.6509713 1.4208031 1.4860815 1.6291559 1.6017319 1.6623737 1.5496941 1.6141244 1.4368623 1.4368623 1.6205722 1.3848431 1.4791988 1.3978731 1.3135604 1.2746873 1.3838600 1.3423700 1.2600918 1.4885687 1.3461690 1.5747121 1.5735194 1.5679048 1.6321588 1.3900996 1.5186804 1.6434934 1.6490315 1.5583997 1.7391295 1.6509650 1.4613588 1.6055081 1.6055081 1.4953374 1.5091537 2.0397996 1.7730018 1.6918746 1.5590862 1.7971914 1.8144914 1.8144914 1.6313232 1.8115732 1.6789003 1.5454897 1.6198843 1.5611082 1.7680275 1.1324542 2.0841653 2.0697186 1.7646532 1.9600282 1.7001512 1.5745694 1.8324109 1.4468748 1.7324778 1.5361458 1.6447012 1.6475282 1.5854957 1.6982765 4.0829188 1.4715232 1.6652261 1.7979294 2.4139637 1.9077037 1.9749470 1.9102999 1.7576743 1.8571948 1.5468645 1.3803720 1.7911738 1.7968039 1.5239075 1.6545327 1.9026355 1.8824352 1.9578147 1.6834419 1.8892362 8.6786152 2.8500920 1.6876269 1.8352357 2.8999029 2.5482822 2.3005822 2.6660378 4.0980372 1.3965150 
Lcom_lcpid58161                                                      0.1766696 0.4151929 0.0000000 0.1605331 0.5624996 0.5547443 0.5868616 0.6929793 0.9530190 0.9249713 1.7128545 1.6523236 1.6589645 1.4488771 1.3269817 1.4479688 1.3885162 1.2399701 1.1035109 1.1175001 1.1693995 1.4578713 1.4784100 1.5082236 1.2438588 1.5136964 1.4584565 1.5285645 1.5691508 1.5357837 1.3315024 1.4022895 2.0776541 1.5041620 1.6428001 1.0815994 1.4327752 1.5072973 1.5292631 1.4990853 1.4972361 1.4979565 1.5633343 1.5633343 1.4887712 1.5545665 1.5089217 1.5380017 1.5162442 1.2574793 1.3394287 1.6777559 1.5430291 1.6182318 1.5626395 1.6110211 1.3976898 1.3976898 1.5965752 1.3325992 1.5104550 1.3775489 1.3896696 1.4387145 1.2680091 1.3282355 1.3082971 1.4239379 1.2570608 1.6160258 1.5447850 1.5804584 1.4681358 1.4992938 1.4740963 1.6885789 1.6969592 1.6196947 1.6944038 1.7277819 1.5574442 1.6605516 1.6605516 1.5545572 1.5658839 2.0394011 1.8460652 1.7795262 1.7830458 2.3289577 1.9184477 1.9184477 1.8741600 1.9457067 1.7517016 1.5104818 1.6932193 1.6147441 1.8551005 1.3060347 2.1835674 2.1596158 1.7977785 1.8927668 1.7868450 1.6996847 1.8488198 1.5146977 1.8564562 1.4846802 1.6206021 1.6643356 1.5220421 1.8417306 2.7951443 1.3681627 1.7971399 1.8075555 2.2663576 1.6587985 1.7426811 1.8186375 1.7331383 1.7510665 1.4612230 1.1628448 1.7956486 1.7745264 1.6238204 1.7544648 1.8011438 1.8862851 1.9455206 1.7773600 1.9249524 8.9999983 2.2478890 1.6694022 1.6945194 2.5802090 2.5128373 2.2154914 2.8522193 3.6023658 1.2361053 
Lcom_lcpid55400                                                      0.4151929 0.1768621 0.1605331 0.0000000 0.6066867 0.5179458 0.6050410 0.6929793 0.9894239 0.9478504 1.6666152 1.6105592 1.6077328 1.3805423 1.3369856 1.4147886 1.3344300 1.2635724 1.1035109 1.1985225 1.2762572 1.4371868 1.4451934 1.5002642 1.3067323 1.4940822 1.4395450 1.4887553 1.5267440 1.4799567 1.3140924 1.4206354 2.0319880 1.4639647 1.5740258 1.0815994 1.4086024 1.4649825 1.5740933 1.5541460 1.5476687 1.5510548 1.5926279 1.5926279 1.5396125 1.5859340 1.5349789 1.5438817 1.5264515 1.3070790 1.3719658 1.6660208 1.5555912 1.6216659 1.6062430 1.5459134 1.3841358 1.3841358 1.5954292 1.3230812 1.4322145 1.3367198 1.3296893 1.3972628 1.3810611 1.3453897 1.3082971 1.3980191 1.2706401 1.6104144 1.5572193 1.5350569 1.5053980 1.4761721 1.5186804 1.6382992 1.6492304 1.5605937 1.7299780 1.7047966 1.5574442 1.6523102 1.6523102 1.5677640 1.5793101 2.0096534 1.9173120 1.8288804 1.7524820 2.3289577 1.9211716 1.9211716 1.8741600 1.9691922 1.7173396 1.5104818 1.6432194 1.5700054 1.8828805 1.3060347 2.1757174 2.1427534 1.8296377 1.9309520 1.8212165 1.6390590 1.8137237 1.4705630 1.8410525 1.5343663 1.6011662 1.6326062 1.5440988 1.6746570 3.4717468 1.5029297 1.6671814 1.7894300 2.3004602 1.7383522 1.8247726 1.8350826 1.7767892 1.8508016 1.4990163 1.1717386 1.7772763 1.7665543 1.5631839 1.6535754 1.8692841 1.9453750 1.9288607 1.6603894 1.8670883 8.6786152 2.8888090 1.6008874 1.7064458 2.6325518 2.5896916 2.3034839 2.7349428 3.8086917 1.2361053 
Gracom_Gcom_scaffold12148_01                                         0.6221728 0.6690787 0.5624996 0.6066867 0.0000000 0.4981225 0.5598415 0.7096070 1.0452482 0.8793087 1.5839848 1.5821946 1.6915664 1.3991216 1.4331832 1.6482303 1.6217036 1.2472503 1.0612648 1.0243228 1.1239783 1.4834670 1.4733484 1.5384706 1.2551802 1.4721213 1.5138001 1.3808155 1.5240161 1.5414565 1.1686003 1.3567422 1.9995708 1.4585782 1.6081869 1.1068301 1.5681837 1.6122667 1.6238452 1.5591761 1.5767348 1.5760546 1.6197665 1.6197665 1.5929931 1.6290878 1.5550004 1.6911822 1.6750438 1.2951634 1.4157895 1.5830107 1.5518688 1.6727550 1.5402540 1.6352592 1.5242351 1.5242351 1.5881799 1.2740833 1.5110614 1.3782892 1.2817026 1.2384112 1.2667257 1.2918040 1.2700015 1.3978894 1.3000089 1.4577104 1.4867377 1.5462403 1.4461568 1.5371256 1.4437336 1.6892684 1.6973098 1.6506273 1.7173553 1.5978875 1.4150672 1.5376207 1.5376207 1.5134234 1.4696484 1.9069977 1.8744622 1.8144456 1.6848081 1.9460853 1.8739236 1.8739236 1.7987481 1.9390905 1.7011924 1.5595381 1.6223181 1.4786992 1.7807453 1.2200774 2.0257779 1.9860905 1.7468425 1.8241739 1.6905195 1.6583139 1.9318718 1.5615167 1.6921824 1.5243369 1.6900913 1.5587713 1.5365150 1.6784243 3.2636516 1.3767144 1.7069115 1.6882584 2.2879144 1.8678522 1.9618324 1.9047304 1.8368967 1.6876283 1.3276090 1.0825309 1.8177810 1.9890572 1.5762968 1.6157664 1.8650926 1.7394744 1.8138401 1.5945075 1.9138640 8.9999983 2.0949646 1.6336801 1.7939422 2.4310321 2.6004201 2.5644470 2.5532371 3.9242093 1.3813984 
Scil_scict005914.1                                                   0.6443957 0.6042235 0.5547443 0.5179458 0.4981225 0.0000000 0.5487541 0.6427282 1.0014360 0.9535021 1.5090644 1.4659872 1.6494706 1.3123941 1.2788586 1.4419813 1.4101268 1.2074162 1.0994696 0.9826838 1.0176842 1.3865742 1.3738508 1.4018660 1.2773565 1.3381778 1.4376695 1.4042404 1.4703868 1.3622155 1.1252820 1.3725914 1.8549316 1.4165778 1.5912764 1.0173895 1.3806786 1.5004835 1.4514843 1.4104561 1.4007004 1.4321759 1.4622305 1.4622305 1.4187650 1.5530558 1.5158978 1.4436585 1.4289110 1.3519198 1.4282357 1.5110108 1.4898892 1.5452560 1.5593362 1.4742813 1.3431384 1.3431384 1.5687274 1.2914106 1.4461116 1.3974397 1.3166536 1.3667363 1.2559580 1.2910462 1.1267759 1.2834414 1.3278575 1.4767610 1.4989139 1.5338876 1.4074167 1.4160248 1.3718705 1.6834353 1.6886040 1.6107659 1.7791365 1.6802097 1.4967731 1.6223769 1.6223769 1.5553333 1.5333720 1.9087055 1.7485098 1.7208616 1.6613999 1.7546804 1.8223086 1.8223086 1.5109974 1.8128829 1.6418297 1.4698967 1.5500144 1.3862728 1.6821960 1.0342934 2.0460837 2.0276040 1.6171002 1.8700933 1.6739341 1.5951141 1.8265944 1.3885235 1.5737657 1.3066994 1.5198734 1.5179518 1.5337078 1.7106412 2.8650417 1.3889515 1.6219100 1.7050151 2.3234272 1.7490535 1.8317586 1.7758169 1.7123031 1.7274471 1.4912682 1.0077780 1.7445195 1.9019887 1.4114721 1.6520097 1.8709571 1.7228890 1.8437024 1.6189785 1.8783061 6.1850663 2.2119372 1.6987156 1.6246329 2.4241964 2.5734044 2.2641682 2.4786505 3.4766567 1.3282883 
Leuniv_Lniv_scaffold19979_01                                         0.5802026 0.5977294 0.5868616 0.6050410 0.5598415 0.5487541 0.0000000 0.5483241 1.0702846 1.0242414 1.5473842 1.5070719 1.7226593 1.3886573 1.1338475 1.3866914 1.3287763 1.3477548 1.1021983 1.4595716 1.7057261 1.3525311 1.4132231 1.4415807 1.4013636 1.3701937 1.4127363 1.3665544 1.3885301 1.3769388 1.2644965 1.3073167 1.9972185 1.3949832 1.7058193 1.2058039 1.5534024 1.6852700 1.5553025 1.5536176 1.4877226 1.4929899 1.5535761 1.5535761 1.5058633 1.5511647 1.5511647 1.4725127 1.4725127 1.3678758 1.4407162 1.7407166 1.6309111 1.8072700 1.5645982 1.5154237 1.5116406 1.5116406 1.6436358 1.4596504 1.4566426 1.4523027 1.5578705 1.4731433 1.1155613 1.3248010 1.3384643 1.3456827 1.3059650 1.5362296 1.6425003 1.4214981 1.5655219 1.4556258 2.1213147 1.7363477 1.7321419 1.6259985 1.7128366 1.6210506 1.3581466 1.6766945 1.6766945 1.6350187 1.5908575 2.0829107 1.8091910 1.7684753 1.7289788 1.7417657 1.8053491 1.8053491 1.6070036 1.8315371 1.7581232 1.4693958 1.7175887 1.5176628 1.6617984 1.2341528 2.1042902 2.0974798 1.7131734 1.6681999 1.4952447 1.4693811 1.6677531 1.3542721 1.6645462 1.4775877 1.4753712 1.5872986 1.4495970 1.3954550 4.9500648 1.3423723 1.6683595 1.7396581 2.2035156 1.7991486 1.7798195 1.8300959 1.7725751 1.7555871 1.4646042 1.0801875 1.9466503 2.0500676 1.5657075 1.5649727 1.8656687 1.7035709 1.9425877 1.5715833 2.0532864 9.0000000 1.3603429 1.5787972 1.3666557 2.2874459 2.7220047 2.5662053 3.4588192 3.5835557 1.5272246 
Leuniv_Lniv_scaffold8046_01                                          0.7380662 0.7380662 0.6929793 0.6929793 0.7096070 0.6427282 0.5483241 0.0000000 1.2087240 0.9348398 1.3760829 1.0807405 1.2280072 0.5814535 1.0492503 1.3408443 1.2104589 1.1332080 1.1773728 0.0000010 0.0000010 1.1171927 1.1094183 1.0863957 1.0164441 1.0803343 1.2429115 1.1067090 1.1881084 1.0906300 1.1066131 0.9914211 2.3945266 1.3623425 1.4906834 1.1562468 1.2998122 1.7176838 1.0858550 1.0569676 0.9822296 0.9997058 0.9545356 0.9545356 1.0659310 1.1804223 1.1804223 1.1935350 1.1935350 1.0710937 1.0595371 1.7076207 1.5467062 1.4861599 1.5142879 1.3655647 1.3667448 1.3667448 1.4739168 1.2688350 1.3357179 1.2881456 1.2070108 1.1502478 0.3098333 1.1518709 1.2473531 1.2448274 1.1617358 1.2553278 1.3837973 1.1899309 1.2852182 1.3646059 0.0000010 1.4251718 1.4181319 1.3936831 1.4251718 1.3540024 1.3540024 1.3416065 1.3416065 1.3416065 1.3416065 1.1672300 1.2271866 1.4669957 1.4314403 1.7096329 1.6195783 1.6195783 1.6195783 1.6195783 1.3717505 1.2684541 1.4807200 0.5534369 1.5091939 0.9750792 1.7338619 1.7222540 1.8243973 0.9589861 0.4763781 0.4290685 1.2115540 0.5957149 1.2226858 1.0966825 1.1587887 0.8125217 1.0712028 0.9877653 5.0581186 1.2184899 7.3797211 1.2438773 1.8627852 1.3841117 1.3600596 1.1411530 1.3500267 1.2428944 1.1514427 0.9232543 1.6760693 1.8417806 1.4056756 1.2185804 1.6135313 1.5000041 1.2443004 1.4071110 1.9264493 9.0000000 1.5026705 1.2907737 0.9169968 1.9178986 6.0293574 0.0000010 2.2425415 3.0063668 1.4378278 
Gracom_Gcom_scaffold8942_01                                          0.9172314 0.9521509 0.9530190 0.9894239 1.0452482 1.0014360 1.0702846 1.2087240 0.0000000 0.7113816 1.4063171 1.4668866 1.5471276 1.3101025 1.5791232 1.6422776 1.6402851 1.4200210 1.1583123 0.9483843 0.9544811 1.4660963 1.4895238 1.5251065 1.4269136 1.5358196 1.4804863 1.4884320 1.4340403 1.4796655 1.5437931 1.8563507 1.8302564 1.4661246 1.6245121 3.1328385 1.5200271 1.4527454 1.5139381 1.5429163 1.5658992 1.5651272 1.5608638 1.5608638 1.5372143 1.5429918 1.5355098 1.5859992 1.5579860 1.3787687 1.4756282 1.7704687 1.5646258 1.5698180 1.4449440 1.6109463 1.4990375 1.4990375 1.8605530 1.5103457 1.5094487 1.4221749 1.5035116 1.5544828 1.2839711 1.4119788 1.4530994 1.5008391 1.5107294 1.5040796 1.5842005 1.4500694 1.5807481 1.5436882 1.4574832 1.9704804 1.9704804 1.9070026 2.3105664 2.0183009 1.8445685 1.8627946 1.8627946 1.7103689 1.7681090 2.1135131 2.0151070 1.8944781 1.8141110 2.4041780 1.8575300 1.8575300 1.6645809 1.9930439 1.7142900 1.2846211 1.8120647 1.4632450 2.0289598 1.5644689 2.1392867 2.1386931 1.7313636 1.9758802 1.7739582 1.5856208 2.0109531 1.7877211 1.9799747 1.7484900 1.8483760 1.8388391 1.8154558 2.1950595 2.9033806 1.4358228 1.7846906 1.7483869 2.3084765 1.7933353 1.7419921 1.9373272 1.8083675 2.1346038 1.6994621 2.9810308 2.0983671 2.0626049 1.7317495 1.7613820 1.9957785 1.7547756 2.1699348 1.7084153 2.1767311 4.9655998 1.8074500 1.7716624 3.0302342 6.0231754 2.3964047 2.2978631 2.9097856 3.9405460 5.9245110 
Scil_scict023957.1                                                   0.9637090 0.9871125 0.9249713 0.9478504 0.8793087 0.9535021 1.0242414 0.9348398 0.7113816 0.0000000 1.5515619 1.4876321 1.5564762 1.3403518 1.4547192 1.6794982 1.5781033 1.2113710 1.0614800 0.9877956 0.9861340 1.3079251 1.3232819 1.3564391 1.1660017 1.3558117 1.3911024 1.3723426 1.4513279 1.2573238 1.0395091 1.3314942 1.7955503 1.3448591 1.5555730 0.7088697 1.3788013 1.4268902 1.3823056 1.3662876 1.3934649 1.3730139 1.4459467 1.4459467 1.4785521 1.5114077 1.4298259 1.5825461 1.5646355 1.3124341 1.3619737 1.7263080 1.4963343 1.5953496 1.5301224 1.6759898 1.5172207 1.5172207 1.6141357 1.3217498 1.4827277 1.3719830 1.2924971 1.4068924 1.3341342 1.2396877 1.3433337 1.3490551 1.3959003 1.4047687 1.4729416 1.4011206 1.4893643 1.4413067 1.4688518 1.8103034 1.7867851 1.7322067 1.7934860 1.7638261 1.5401163 1.6674933 1.6674933 1.5347108 1.5645182 2.0269010 1.8288965 1.6106131 1.5610318 1.5387512 1.8802345 1.8802345 1.6531673 1.9315450 1.5783796 1.1832975 1.5550399 1.5326843 1.7957009 1.0622077 2.0093881 1.9644685 1.4898370 2.0240650 1.8569562 1.8031225 1.8829735 1.5512401 1.7308733 1.5349088 1.4536041 1.5627607 1.5706890 1.7082052 2.9794152 1.2747760 1.7116059 1.5068312 1.8609091 1.5905144 1.4894093 1.6773526 1.6950148 1.7318154 1.3483429 1.2876390 1.8785246 1.9692577 1.6172982 1.6641502 1.7843976 1.6778994 1.8511733 1.7284219 1.8163361 3.6800068 1.8495642 1.6837832 1.8723470 2.3806871 2.5586774 2.2633954 3.0354015 4.0039170 1.5372538 
Lcom_lcpid69319                                                      1.6858813 1.6401798 1.7128545 1.6666152 1.5839848 1.5090644 1.5473842 1.3760829 1.4063171 1.5515619 0.0000000 0.6319878 0.5640564 0.8202637 1.6166110 1.7945538 1.6539919 1.3933070 1.4510711 0.7995561 0.8073084 1.4541774 1.4749132 1.5369964 1.3757976 1.5528496 1.5514907 1.5916681 1.5583641 1.5607095 1.4971756 1.7063050 1.9471304 1.5849057 1.6007130 0.8948685 1.6242751 1.5299881 1.5564652 1.5589702 1.4482420 1.5751100 1.5276166 1.5276166 1.5247731 1.5809426 1.4756172 1.6423359 1.6164353 1.4073014 1.6667563 1.6838950 1.4875793 1.5861986 1.7102452 1.5682822 1.6134839 1.6134839 1.8620190 1.4724217 1.6739737 1.6202039 1.4218646 1.6304325 1.4950192 1.6363567 1.6522680 1.6099582 1.6063800 1.6103221 1.6773271 1.5932801 1.5676915 1.5467238 1.3800658 1.8457591 1.8438124 1.8494978 2.0732478 1.6674877 1.5711491 1.7552977 1.7552977 1.7821193 1.8297674 1.8981141 1.8924226 1.8839536 1.8918410 1.8904263 1.8704894 1.8704894 1.6641345 2.0917223 1.5983442 1.3558078 1.9591195 1.5002736 1.8558393 1.2417764 2.0145446 1.9700876 1.9082933 2.1741246 1.8195985 2.0375637 2.1945177 1.8476044 2.1321236 1.7162319 1.7532743 1.8053755 1.7898751 2.1158943 3.3873255 1.7787346 1.9610521 1.5465299 2.1474330 2.0203266 1.8682662 1.8322242 1.7762358 1.8358639 1.5370947 1.6275122 2.2006933 2.2493111 1.8144347 1.6837795 2.0191049 1.8269441 1.9956114 2.0081464 2.0142038 4.5249009 2.8585558 1.9559038 2.2078218 2.2981050 2.3591133 2.1995425 2.2887345 4.2349264 1.8048631 
Gracom_Gcom_scaffold11697_01                                         1.6688955 1.6267399 1.6523236 1.6105592 1.5821946 1.4659872 1.5070719 1.0807405 1.4668866 1.4876321 0.6319878 0.0000000 0.5380111 0.8577757 1.6996459 1.8006979 1.6990762 1.3898637 1.2682780 0.8875164 0.9011102 1.4384095 1.4834070 1.4881033 1.3620401 1.4899388 1.5372976 1.5331224 1.6457723 1.5219092 1.3397378 1.8642279 1.9268238 1.5925377 1.5458967 0.6741770 1.8402070 1.6547185 1.6571814 1.6363655 1.5580821 1.5354343 1.5854539 1.5854539 1.5519190 1.6137837 1.5405927 1.6417504 1.6406592 1.5415612 1.6283113 1.8670285 1.7123382 1.7446244 1.6606815 1.6119376 1.7939612 1.7939612 1.8811638 1.7943081 1.8485846 1.7978090 1.6099972 1.6188400 1.6734959 1.7133866 1.4356231 1.6624358 1.4433603 1.5178303 1.5963656 1.6931966 1.6454666 1.5585191 1.5654621 2.0297013 2.0273646 1.9810452 2.1750129 1.7183475 1.4416052 1.7166856 1.7166856 1.6546595 1.7307746 1.9545062 1.8307411 1.8431146 1.8268413 1.5600933 1.8487010 1.8487010 1.4108886 1.9858646 1.5261467 1.1009017 1.8670430 1.6016621 1.9218446 1.1550686 1.9385111 1.8768201 1.7726432 2.4217939 2.0255267 1.8778451 1.8344305 1.6129057 1.9505183 1.6957581 1.7712320 1.6982870 1.7222561 2.0390884 3.8958053 1.6858321 2.1804767 1.6953835 2.1154392 1.9167775 1.7888278 1.9041928 1.6749157 1.9074489 1.5598709 1.5428781 2.2385829 2.2713078 1.8693896 1.6379780 2.1490476 2.0219751 1.9870049 2.0384263 2.1629272 4.4909006 2.8308889 1.8354146 1.9670394 1.5943803 2.5979730 2.1949972 2.7588198 4.1701703 1.6811811 
Scil_scict019718.1                                                   1.6608831 1.6092304 1.6589645 1.6077328 1.6915664 1.6494706 1.7226593 1.2280072 1.5471276 1.5564762 0.5640564 0.5380111 0.0000000 0.8115232 1.8429064 1.8471312 1.8071894 1.4479454 1.3690997 0.9264654 0.8591587 1.5346569 1.6040052 1.5986470 1.3885860 1.7334517 1.6504102 1.6192134 1.6430719 1.5679983 1.4348710 1.6376328 2.1983231 1.6463704 1.6841268 0.7261115 1.8953189 1.7835467 1.8111158 1.7672638 1.6207776 1.7354767 1.7741072 1.7741072 1.6706614 1.8234955 1.7010968 1.8517516 1.8309421 1.6368860 1.7124553 1.9315240 1.7106386 1.8075441 1.7954715 1.6601268 1.8179638 1.8179638 1.8194059 1.6861248 1.9829922 1.8134577 1.4488356 1.5944116 1.8158146 1.7868828 1.4993352 1.6989301 1.5244163 1.7682150 1.8699132 1.8423873 1.7308859 1.5663928 1.5200784 1.9718771 1.9491353 1.8840395 2.1205055 1.7846713 1.6318112 1.7226648 1.7226648 1.7270780 1.8104571 1.9844863 1.8877979 1.8608733 1.8867876 1.7624709 1.8927952 1.8927952 1.6363427 2.1173157 1.6177818 1.2516951 1.8006360 1.5790748 1.8795361 1.2239894 1.9177826 1.8866305 1.8794266 2.6436364 2.1745262 1.9281975 1.8708109 1.6224967 2.1855889 1.7685171 1.7297304 1.8829735 1.6924480 1.9513547 3.9891122 1.6075170 2.0573997 1.7403435 2.3100704 2.0288020 2.0165413 1.9113258 1.8409721 1.8108437 1.5478712 1.4487438 2.2476987 2.3002088 1.9569454 1.7965357 2.2758697 2.0627118 2.1266235 1.8717961 2.2264020 6.3733674 3.5192327 2.0134012 2.0373822 1.8895159 2.4993710 2.2459378 2.7005535 4.6315157 1.6676914 
Clacor_Ccor_C518651_01                                               1.3637379 1.2987412 1.4488771 1.3805423 1.3991216 1.3123941 1.3886573 0.5814535 1.3101025 1.3403518 0.8202637 0.8577757 0.8115232 0.0000000 1.6406325 1.6533940 1.7027984 1.3723278 0.8506369 1.3495989 1.3495989 1.3772218 1.4130045 1.3465816 1.3721908 1.3010995 1.3561658 1.5773298 1.5593130 1.3925536 1.0291465 1.7559980 2.2343027 1.3697229 1.4076685 0.8301558 1.4709164 1.5039655 1.3215714 1.3297987 1.3397883 1.2464948 1.2334319 1.2334319 1.3338495 1.3280883 1.3280883 1.3857277 1.3857277 1.4169619 1.5215742 1.3730538 1.4219286 1.4107853 1.3541473 1.4999059 1.4802755 1.4802755 1.6466803 1.6240278 1.6762090 1.6290876 1.4405188 1.2552907 1.5966333 1.5269449 0.8965614 1.3725196 1.3154315 1.4566729 1.4335201 1.5598102 1.5091966 1.1953522 0.0000010 1.5395640 1.5395640 1.5471965 1.5653986 1.5234696 1.0683281 1.3844114 1.3844114 1.3228995 1.4450474 1.5886269 1.4208736 1.3892640 1.4140339 0.7625079 1.5521278 1.5521278 0.8253607 1.5521278 1.3625090 0.6802249 1.2163703 1.3824053 1.2945538 1.1220343 1.6044305 1.6022314 1.4776223 1.9150851 1.5786652 1.5727008 1.4105476 1.4105476 1.5725240 1.5723428 1.6214871 1.5716641 1.6884124 1.7378961 1.9480802 1.4819920 3.0782313 1.5636569 1.7211890 1.4993654 1.5522237 1.7374494 1.4820723 2.0627206 1.3676435 1.2092706 1.9305511 1.9670989 1.4018413 1.6991794 1.8652666 1.7957192 1.7469471 1.4808639 2.1684379 0.0000010 1.1576029 1.5474902 1.9970404 1.8115781 2.4023819 3.0436163 3.3931909 3.6635185 0.4660700 
Cgig_XM_011447831.3                                                  1.4050423 1.4161592 1.3269817 1.3369856 1.4331832 1.2788586 1.1338475 1.0492503 1.5791232 1.4547192 1.6166110 1.6996459 1.8429064 1.6406325 0.0000000 0.7030001 0.6350880 1.1506097 1.0299788 0.7134823 0.6992044 1.0862156 1.0870891 1.1483554 1.0184419 1.0913365 1.1284903 1.1554294 1.2025688 1.1286106 1.0980114 1.1794298 1.4524075 0.9143932 1.1758004 0.6700845 1.2003370 1.0803402 1.1983935 1.1776139 1.1202173 1.2017056 1.3115814 1.3115814 1.0912230 1.1638585 1.0808440 1.1962032 1.1955282 1.1077743 1.2485124 1.3309182 1.2508393 1.4118824 1.3818354 1.1005658 1.1331099 1.1331099 1.2175884 1.1269301 1.3384803 1.2491937 1.2214536 1.1722180 1.1869543 1.2734326 1.2098321 1.0934671 1.0954967 1.3885842 1.3650116 1.2821417 1.4403969 1.2884796 1.1915505 1.5424877 1.5273695 1.5284631 1.5716800 1.4925100 1.2203943 1.3920788 1.3920788 1.3924696 1.3971620 1.5223229 1.4923854 1.4871389 1.5226592 1.5947005 1.6446989 1.6446989 1.3930067 1.7737685 1.4227402 1.1785545 1.4267414 1.2871948 1.5219459 0.9715760 1.7171975 1.7112691 1.4929764 1.6792306 1.3786890 1.5514285 1.6445483 1.3461509 1.6111646 1.2115668 1.1934397 1.4199420 1.1222964 1.4121935 1.7271831 1.1153040 1.4558204 1.4342812 1.7381949 1.3396812 1.3567954 1.4847322 1.3733575 1.3409308 1.2063040 1.2693633 1.7198767 1.8346510 1.5504981 1.3242988 1.6089773 1.4412471 1.6523616 1.3831057 1.4765855 2.3019901 1.7188363 1.4859685 1.7062111 2.7143467 2.4794175 2.0227346 2.4230864 3.3400109 1.4904211 
Cgig_XM_011447832.3                                                  1.5364696 1.5021481 1.4479688 1.4147886 1.6482303 1.4419813 1.3866914 1.3408443 1.6422776 1.6794982 1.7945538 1.8006979 1.8471312 1.6533940 0.7030001 0.0000000 0.2583133 1.1679580 1.2862951 0.5607739 0.5876247 1.2557299 1.2849333 1.2825603 1.1153446 1.2485579 1.2019959 1.2739112 1.3733993 1.3241691 1.4002384 1.2634432 1.5314177 1.0622777 1.3323643 0.8994993 1.4060065 1.2222831 1.2821806 1.2339263 1.2039532 1.2511289 1.3468713 1.3468713 1.2476094 1.3195405 1.2147656 1.3419015 1.3437987 1.2908518 1.2765848 1.5105886 1.3670282 1.4785672 1.3876314 1.3330863 1.3285078 1.3285078 1.3726974 1.3219240 1.6282617 1.5573833 1.2140499 1.2541970 1.3036071 1.4372464 1.4955132 1.2267178 1.1620068 1.4638935 1.4628281 1.4628643 1.6189997 1.4596691 1.2908229 1.7141072 1.7149144 1.6993707 1.8337082 1.6786389 1.6340919 1.5813410 1.5813410 1.6091234 1.6145701 1.5923736 1.8151344 1.7068106 1.8167686 2.2053402 1.8440972 1.8440972 1.9483988 2.0648459 1.7782481 1.9232724 1.5740343 1.4196078 1.8801621 1.3108171 1.9471163 1.9349429 1.7878799 1.7783744 1.4710171 1.6059315 1.8980924 1.4630164 1.8670243 1.3477717 1.3128395 1.3805167 1.3946630 1.6687439 2.4647020 1.2849337 1.4266148 1.4876368 1.7231651 1.3773756 1.4690722 1.5208495 1.5046295 1.5968456 1.4558922 1.5097148 1.8601472 1.9512170 1.5500557 1.6022228 1.7199452 1.4663584 1.9341620 1.6115021 1.7448748 3.5809624 2.1641703 1.6446494 2.0995236 3.5629559 2.3279752 1.9309361 2.9460793 3.4539152 1.7183886 
Cgig_XM_011447874.3                                                  1.5101120 1.4531851 1.3885162 1.3344300 1.6217036 1.4101268 1.3287763 1.2104589 1.6402851 1.5781033 1.6539919 1.6990762 1.8071894 1.7027984 0.6350880 0.2583133 0.0000000 1.1407120 1.0781557 0.6560324 0.6914095 1.2058772 1.2169849 1.1712867 1.0674861 1.1317066 1.1506253 1.2444809 1.3060476 1.2047481 1.2539587 1.1808960 1.5022502 1.0301102 1.4136671 0.8269143 1.2844346 1.2149427 1.2266234 1.1983896 1.2033564 1.2554392 1.2531439 1.2531439 1.2510779 1.2441650 1.1985009 1.3058157 1.2975896 1.3021518 1.1444813 1.4279015 1.3830593 1.4747318 1.3434566 1.2673982 1.2564547 1.2564547 1.3046142 1.2954468 1.4955856 1.4499339 1.2935733 1.2977832 1.2420817 1.2961168 1.2119929 1.1800885 1.1114677 1.3840524 1.3803976 1.3874327 1.5295080 1.3826873 1.2646567 1.5917485 1.5943909 1.6201776 1.7123622 1.6735241 1.5197894 1.6173884 1.6173884 1.5440129 1.5603040 1.5591877 1.7519164 1.6853269 1.6247184 1.8728484 1.7176906 1.7176906 1.8399383 1.9178060 1.6220754 1.6715844 1.4567141 1.3420914 1.6492303 1.1079131 1.7198149 1.7092772 1.7013535 1.6856069 1.3996475 1.6559929 1.8162161 1.4343808 1.7878780 1.2857588 1.2151062 1.3153899 1.3127307 1.4939608 2.3832250 1.1917549 1.3506406 1.4168186 1.7439422 1.3308590 1.3523583 1.4138477 1.4818652 1.5452046 1.4292250 1.3306313 1.8116588 1.9236558 1.5507204 1.3281862 1.6521767 1.3691371 1.7701378 1.6031899 1.6967205 2.4022447 1.7970842 1.5255260 1.7974704 2.9695008 2.3320401 2.0000436 2.9488266 3.5078238 1.3961959 
Fspp_ffun1.m4.1783.m1                                                1.2149008 1.2378634 1.2399701 1.2635724 1.2472503 1.2074162 1.3477548 1.1332080 1.4200210 1.2113710 1.3933070 1.3898637 1.4479454 1.3723278 1.1506097 1.1679580 1.1407120 0.0000000 0.0434212 0.0000010 0.0503598 0.1914593 0.2252791 0.1666573 0.2319977 0.2439374 0.3765566 0.6596656 0.5411553 0.5498819 0.4670322 0.6957337 0.8350253 0.9101882 1.1160694 0.7475850 1.0600698 1.1206414 1.0725680 1.0731735 1.0044511 1.0289695 1.1482085 1.1482085 0.9973675 1.0189563 1.0189563 1.0423883 1.0423883 0.9246740 1.1160664 0.9817353 0.9545467 0.9415201 0.8317917 1.1196618 1.0542328 1.0542328 1.2797978 1.0950610 0.9867027 0.9875309 1.1811553 1.0421670 0.8800712 0.9844482 0.9541292 0.9040495 0.8717193 0.8947459 1.0583015 0.8538847 1.0566396 1.0103366 0.7427240 1.4319857 1.4318412 1.4579464 1.6253225 1.3948298 1.2382584 1.2872466 1.2872466 1.2715148 1.2624255 1.3089164 1.4059702 1.4261106 1.4068788 1.4570350 1.4911723 1.4911723 1.4710984 1.6756478 1.3700512 1.2884355 1.2970713 0.9974226 1.4235538 1.1378685 1.4595382 1.4513034 1.4612149 1.4012376 1.1924806 1.2477415 1.5266134 1.1531903 1.5784515 1.2279049 1.1653115 0.8786749 0.9937255 1.0164888 1.9207406 1.0718181 0.9961611 1.1784741 1.4267316 1.1847503 1.1666192 1.2753702 1.1998581 1.5259846 1.2208543 1.3869051 1.8589514 1.8716719 1.4325688 1.3043785 1.4205051 1.4755411 1.7684922 1.4822224 0.8618095 1.2846061 1.1880061 1.3610384 1.8172250 2.0062816 1.8787610 1.7700985 2.9429426 2.5998097 1.3156821 
Fspp_ffun1.m4.1785.m1                                                1.0733215 1.0733215 1.1035109 1.1035109 1.0612648 1.0994696 1.1021983 1.1773728 1.1583123 1.0614800 1.4510711 1.2682780 1.3690997 0.8506369 1.0299788 1.2862951 1.0781557 0.0434212 0.0000000 0.0000010 0.0000010 0.1464248 0.1395976 0.0985791 0.1718354 0.1611239 0.2385312 0.5247266 0.3918006 0.4363293 0.4634658 0.5081475 1.3096516 0.8647629 1.1003963 0.7603171 0.9260134 1.0871226 0.9798056 0.9745203 0.9074400 0.9001182 0.9956639 0.9956639 0.8325355 0.8696206 0.8696206 0.8510391 0.8510391 0.8484366 0.8929161 0.9251571 0.9642466 0.9154694 0.9136580 0.9564608 0.8916952 0.8916952 1.1503649 0.9596053 0.8994540 0.9571374 0.9232856 0.9431877 0.4138522 0.9287297 0.9723317 0.9389895 0.8832022 0.7589766 0.9887845 0.7365928 0.9212332 0.9444741 0.0000010 1.3338692 1.3335328 1.3655342 1.3338692 1.3104044 1.3104044 1.1662976 1.1662976 1.1662976 1.1662976 0.0000010 1.2849754 1.3614084 1.3009626 1.4749618 1.4436120 1.4436120 1.4960046 1.4436120 1.3129628 1.2907231 1.2572298 0.7632677 1.4352352 1.1461622 1.4435151 1.4624196 1.4986452 1.2078087 0.9055316 0.8693109 1.4332626 0.8517700 1.3263353 0.9945263 0.9777462 0.6064385 0.9149747 0.9228272 2.2009705 1.2680777 1.1627767 0.8855572 1.2728547 1.0868294 1.0930688 1.1908253 1.0335354 1.5049750 1.1303876 1.3612391 1.6503221 1.7460370 1.4237767 1.2551794 1.3187112 1.2887566 1.3973238 1.2843098 0.7128527 1.2846061 1.0095402 1.1611559 1.3119154 2.0689368 3.1990011 5.8785657 2.7254478 2.6712435 1.3223117 
Fspp_ffun1.m4.27212.m1                                               1.1175001 1.1985225 1.1175001 1.1985225 1.0243228 0.9826838 1.4595716 0.0000010 0.9483843 0.9877956 0.7995561 0.8875164 0.9264654 1.3495989 0.7134823 0.5607739 0.6560324 0.0000010 0.0000010 0.0000000 0.0479069 0.0808675 0.1102052 0.0951673 0.1035433 0.1693089 0.2424999 0.2947991 0.3265724 0.2768461 0.4808030 0.7651197 0.2808735 0.5045292 0.4754691 0.0000010 0.5920960 0.7234766 0.7322433 0.7112912 0.6798009 0.7081208 0.7196880 0.7196880 0.5802500 0.6399323 0.6399323 0.6376270 0.6376270 0.6885973 0.7793738 0.6293636 0.5224273 0.5482274 0.5811998 0.6257418 0.6399333 0.6399333 0.7523673 0.7685974 0.7504745 0.7078768 0.6949402 0.6394565 0.7057957 0.7483434 0.0000010 0.7100100 0.7510990 0.8568514 0.8512569 0.6561142 0.6852117 0.6733459 0.7386205 0.9894216 0.9894216 0.9186965 9.0000000 0.9100987 2.2386831 0.9629673 0.9629673 8.4678375 2.1172032 0.9235798 0.9912839 0.9664627 1.3529774 3.2113595 0.8631522 0.8631522 2.2386831 2.8504325 0.8524544 0.0000010 0.9322375 1.0124038 1.0474576 0.0000010 1.0145174 0.9800570 0.0000010 0.0000010 0.0000010 3.2113595 3.2113595 3.2113595 2.9919702 0.8475899 0.8562042 0.6261880 0.5942005 0.8499277 0.2555193 0.5530450 0.3826617 0.8838076 1.0843497 0.8953966 0.8868851 0.9037026 0.7840207 0.9506283 0.8965046 2.0513131 1.2897244 1.3576737 1.3530598 0.8041865 0.9718258 0.9703293 1.0537188 0.9817243 0.6606283 0.0000010 0.4355125 0.9397781 6.1278040 6.6328247 0.9919808 0.9989075 2.3514972 3.2536285 0.0000010 
Fspp_ffun1.m4.31838.m1                                               1.1693995 1.2762572 1.1693995 1.2762572 1.1239783 1.0176842 1.7057261 0.0000010 0.9544811 0.9861340 0.8073084 0.9011102 0.8591587 1.3495989 0.6992044 0.5876247 0.6914095 0.0503598 0.0000010 0.0479069 0.0000000 0.1370407 0.1497694 0.1517616 0.1609144 0.1910814 0.2492696 0.2955498 0.3254841 0.2960589 1.3950414 0.7651197 0.2984872 0.4623302 0.4604785 0.0000010 0.6252606 0.6535210 0.6854998 0.6654440 0.6355660 0.6626757 0.6737511 0.6737511 0.5618603 0.5961574 0.5961574 0.5947810 0.5947810 0.7126604 0.7786592 0.6145893 0.4899646 0.5105394 0.5612726 0.6102980 0.6534217 0.6534217 0.7847334 0.7609243 0.7776429 0.7342266 0.7239165 0.6678122 0.7013785 0.7187932 0.0000010 0.6835289 0.7538800 0.8355246 0.8393339 0.6289334 0.6515784 0.6649946 0.7781899 1.0298026 1.0298026 0.9012759 9.0000000 0.9370637 5.8976114 0.9911448 0.9911448 7.6260050 2.1172032 0.9622143 0.9921404 1.0056399 1.4707395 8.4311805 0.9009911 0.9009911 5.8976114 2.8504325 0.8615090 0.0000010 0.9333060 1.0328605 0.9877456 0.0000010 1.0553540 1.0121807 0.0000010 0.0000010 0.0000010 8.4311805 8.4311805 8.4311805 3.0950572 0.8314719 0.7951766 0.5937608 0.6251885 0.8776267 0.2555193 0.5514558 0.3817496 0.8517739 1.0709898 0.8771376 0.8621101 0.9120957 0.7746404 0.8694691 0.8972280 2.0513131 1.2790783 1.3643810 1.3598986 0.7500407 1.0100568 0.9173153 1.0123352 0.9673561 0.7215408 0.0000010 0.4624653 0.9526469 6.1278040 6.6328247 0.9729912 1.0224312 2.5325386 3.2491136 0.0000010 
Pocdam_XM_027197899.1                                                1.4368475 1.4161315 1.4578713 1.4371868 1.4834670 1.3865742 1.3525311 1.1171927 1.4660963 1.3079251 1.4541774 1.4384095 1.5346569 1.3772218 1.0862156 1.2557299 1.2058772 0.1914593 0.1464248 0.0808675 0.1370407 0.0000000 0.1386774 0.1895345 0.2191115 0.2735658 0.3528159 0.6116019 0.5409284 0.5421215 0.4873797 0.6647724 0.6894898 0.9413708 0.9815446 0.7944515 1.0508455 0.9867411 1.0343576 1.0029479 0.9851078 1.0051872 1.1573911 1.1573911 0.9209588 0.9654830 0.9435246 1.0315004 1.0210994 0.9594859 1.1471633 1.0618391 0.9514388 0.9713574 0.9281242 1.0579525 1.1050827 1.1050827 1.2434825 0.9459757 0.9417256 0.8888877 1.0611318 1.0347594 0.8906629 1.0558963 0.9603552 0.9069396 0.9321854 0.9316715 1.0531465 0.8743309 1.1310750 1.0694739 1.0945993 1.5795317 1.5907147 1.6101313 1.6752162 1.4575371 1.3062606 1.2912624 1.2912624 1.3055410 1.2935650 1.4245425 1.4699077 1.5042371 1.4818025 1.5986441 1.4127799 1.4127799 1.3415908 1.6079956 1.4422192 1.3327427 1.4179415 1.1515444 1.6368979 1.1407287 1.6046243 1.6223415 1.5072597 1.5512686 1.3036117 1.2709474 1.4950013 1.1592839 1.6624206 1.2718741 1.1754673 0.9441935 1.0052476 1.3258054 1.2498178 1.1234029 0.8008803 1.3904206 1.4978680 1.3090723 1.2822318 1.3047913 1.2526393 1.5179132 1.2471331 1.3967075 1.6142116 1.7218109 1.4229423 1.2646968 1.4668285 1.5573847 1.7453218 1.5371948 0.7614861 1.2396144 1.0336261 1.4765722 1.8028750 2.2812158 2.1315464 1.8470708 2.6903043 2.9310238 1.3745227 
Spis_XP_022794503_1                                                  1.4725695 1.4391977 1.4784100 1.4451934 1.4733484 1.3738508 1.4132231 1.1094183 1.4895238 1.3232819 1.4749132 1.4834070 1.6040052 1.4130045 1.0870891 1.2849333 1.2169849 0.2252791 0.1395976 0.1102052 0.1497694 0.1386774 0.0000000 0.1994567 0.2658994 0.3010412 0.3567136 0.6537121 0.5679436 0.5621072 0.4799633 0.7148081 0.6602775 0.9472166 1.0085823 0.7944515 1.0324766 1.0249661 1.0712742 1.0159863 1.0171623 1.0063460 1.1090459 1.1090459 0.8957559 0.9679990 0.9334863 0.9692187 0.9647454 0.9400791 1.1683023 1.0101825 0.9895855 0.9712564 0.9404917 1.1145558 1.1424134 1.1424134 1.2172403 0.9049577 0.9697132 0.9044532 1.0696935 1.0795274 0.8146316 0.9885172 0.9713844 0.9159832 0.9354392 0.9262073 1.0373670 0.8558464 1.1254469 1.0835383 1.0639995 1.5710583 1.5851476 1.6357640 1.6934487 1.4549703 1.3105485 1.3145366 1.3145366 1.3189850 1.3403378 1.4229579 1.4906776 1.4990041 1.4597481 1.5960814 1.4294462 1.4294462 1.4049175 1.6462070 1.4483648 1.3748576 1.4023684 1.1845263 1.5901872 1.2067595 1.6402330 1.6423391 1.5092113 1.3966900 1.1851661 1.2914937 1.5163582 1.1753622 1.7473412 1.2719837 1.1580713 0.9367273 0.9985784 1.2888127 1.1043763 1.1059768 0.8690756 1.3335888 1.4650257 1.2908092 1.2769460 1.2914075 1.2560578 1.5180008 1.2386259 1.3308001 1.6770337 1.7425055 1.4517619 1.2736682 1.4848118 1.5022585 1.7100627 1.5416378 0.8303809 1.2914689 0.9979188 1.4874675 1.7909482 2.1640818 2.1522021 1.7688634 2.6800137 2.9616633 1.4358764 
Gasp_gasp1.m3.27216.m1                                               1.5078938 1.4998803 1.5082236 1.5002642 1.5384706 1.4018660 1.4415807 1.0863957 1.5251065 1.3564391 1.5369964 1.4881033 1.5986470 1.3465816 1.1483554 1.2825603 1.1712867 0.1666573 0.0985791 0.0951673 0.1517616 0.1895345 0.1994567 0.0000000 0.0998270 0.2584222 0.3617505 0.6199834 0.5821123 0.5398426 0.4698327 0.7400772 0.6672096 0.9652204 1.0714501 0.7832029 1.0579425 1.0399238 1.1390348 1.1030890 1.0476399 1.0515540 1.2520061 1.2520061 1.0094441 1.0342376 1.0008735 1.1300815 1.1188133 1.0226410 1.1255503 1.0916793 1.0282918 1.0356684 1.0084689 1.0738933 1.1214236 1.1214236 1.3116077 0.9913833 0.9668051 0.9252989 1.0812182 1.0259274 0.9452322 1.0911998 0.9898486 0.9848868 0.9571541 0.9423177 1.1487577 0.8863853 1.1662894 1.1295294 0.9704427 1.4818490 1.4917478 1.5262442 1.5993968 1.3821497 1.1953277 1.1987981 1.1987981 1.1943349 1.2022267 1.3465788 1.4442126 1.4199576 1.3514576 1.4680930 1.3711718 1.3711718 1.4348837 1.5791037 1.3312829 1.3402407 1.3954125 1.1555282 1.5811707 1.1600212 1.6367060 1.6400270 1.4997954 1.4448053 1.2478603 1.1570580 1.4416945 1.0702738 1.6147901 1.3161072 1.2408263 0.9262110 0.9900753 1.2918727 1.4056816 1.0814205 0.9220428 1.3421148 1.5469836 1.3105404 1.3246768 1.3783721 1.2289184 1.4074002 1.1994558 1.3710863 1.7344173 1.8534052 1.4800775 1.2567622 1.5107710 1.5577925 1.7976855 1.5258463 0.7380907 1.4644147 1.0247866 1.5378369 1.8961487 2.1011980 1.9295618 1.8278120 2.8947896 3.3441805 1.3571951 
Gasp_gasp1.m3.27215.m1                                               1.2095686 1.2708313 1.2438588 1.3067323 1.2551802 1.2773565 1.4013636 1.0164441 1.4269136 1.1660017 1.3757976 1.3620401 1.3885860 1.3721908 1.0184419 1.1153446 1.0674861 0.2319977 0.1718354 0.1035433 0.1609144 0.2191115 0.2658994 0.0998270 0.0000000 0.2723633 0.3866728 0.5764443 0.5696966 0.4640590 0.4653514 0.7858985 0.6706820 0.8442906 1.0168090 0.8622608 0.8795143 1.1018532 1.0285269 1.0447256 1.0154577 1.0103121 1.0922549 1.0922549 0.9495637 0.9474679 0.9474679 0.9877892 0.9762617 0.8410842 0.9912582 0.9857789 0.8755759 0.8677566 0.8623657 0.9325593 0.9820535 0.9820535 1.2262221 0.9631230 0.8814396 0.8471451 1.0689555 0.9601511 0.8105752 0.9454692 1.0176459 0.8545402 0.7827637 0.8755474 1.0188294 0.7716841 0.9763693 0.9441646 0.9148056 1.2974218 1.2853164 1.2799347 1.5207901 1.2264349 1.1594070 1.1064024 1.1064024 1.2205939 1.2243984 1.0450477 1.2671683 1.2095343 1.2854267 1.3460533 1.2707691 1.2707691 1.4568027 1.5712996 1.2414184 1.4007686 1.2327577 1.0684272 1.3430728 1.1557629 1.3838449 1.3824468 1.4180991 1.3509656 1.1696423 1.1117947 1.3315206 1.0345959 1.6077370 1.1779195 1.0733177 0.7753811 0.8659295 1.0812953 0.9630474 0.8993436 0.8145017 1.1509703 1.4066893 1.1242562 1.1053517 1.2583410 1.0666794 1.4668975 1.1828042 1.3895385 1.5977347 1.6387505 1.3302704 1.1126349 1.3881995 1.3401489 1.4911707 1.3294340 0.7846815 0.2641395 0.6964152 1.2738280 1.8051215 2.1932237 1.4092958 1.3994142 2.8700313 3.0397853 1.3152750 
Gfas_gfas1.m1.10632.m1                                               1.4966875 1.4769569 1.5136964 1.4940822 1.4721213 1.3381778 1.3701937 1.0803343 1.5358196 1.3558117 1.5528496 1.4899388 1.7334517 1.3010995 1.0913365 1.2485579 1.1317066 0.2439374 0.1611239 0.1693089 0.1910814 0.2735658 0.3010412 0.2584222 0.2723633 0.0000000 0.3923667 0.6695190 0.5953713 0.5169369 0.4352781 0.7548718 0.6688449 0.9906207 1.0175731 0.6743191 1.0446096 1.0906026 1.1033956 1.0687130 1.0504141 1.1134285 1.2046711 1.2046711 1.0242420 1.0037526 0.9702694 1.1023730 1.0995818 1.0011831 1.1983842 1.0593523 1.0256735 1.0295442 0.9736148 1.0515319 1.1003120 1.1003120 1.2837396 0.9220462 1.0165195 0.9766171 1.0319281 1.0291400 0.9686426 1.1132933 1.0386796 0.9265018 0.9969780 0.9027138 1.1236868 0.9032101 1.1090075 1.0898722 0.9596046 1.5207256 1.5272859 1.5595732 1.6876786 1.3904543 1.2471875 1.1823124 1.1823124 1.2495365 1.2312305 1.2894094 1.3757507 1.4540149 1.3611916 1.4302366 1.3840116 1.3840116 1.3892057 1.5851570 1.3165330 1.3014618 1.3100332 1.1102884 1.5636917 1.0113796 1.7469845 1.7407197 1.4458011 1.5671100 1.3205598 1.2086109 1.4819229 1.1070999 1.5714137 1.2737261 1.2043069 0.9176377 0.9965671 1.3325020 1.3139299 1.0678487 0.9898515 1.3656330 1.4506409 1.1930656 1.2508756 1.3474871 1.1981463 1.4696221 1.2056585 1.2934333 1.6895842 1.8356605 1.3956089 1.2469221 1.4504904 1.4693599 1.6879638 1.5524113 0.7761212 1.1285892 1.1210782 1.4374870 1.8772891 2.1210572 2.0143626 1.7622947 2.9139999 3.0719456 1.3484957 
