138
Morvir_scaffold243.g10.t1                                      0.0000000 1.6175997 1.6055512 1.6322431 2.5337828 2.0677503 2.1769004 2.0538809 1.9797676 1.7920483 2.0620150 1.9450214 2.0021326 2.0342677 1.5446236 1.9754572 1.9331622 1.9199388 1.7748639 3.0774790 1.9582365 1.8719506 1.6083496 1.9926799 1.9373704 1.8819078 3.3116963 1.8013305 1.7590289 1.7874136 3.5973949 1.6997803 1.9715882 1.7100154 2.3191812 1.8972614 1.9033790 2.9187380 1.9938624 2.3052392 3.9168553 2.1302480 2.3836429 1.6851349 2.1884224 1.9477799 2.2660428 2.0280188 2.0685265 1.9806634 2.4216034 1.7400337 1.9653905 1.4115149 2.1255967 2.1891848 2.1494483 1.3308153 2.0301128 2.1181141 2.3011854 1.9351409 2.0578831 1.8779271 1.8833394 2.0970891 2.1267195 1.6532777 1.7970413 1.7576008 1.8083872 1.7357957 1.8849851 1.8692310 1.9313660 1.6121217 1.9394579 2.0981472 1.3393574 2.0082600 1.6764550 1.8382663 1.9246727 1.9533602 1.7669129 1.7038740 1.6066973 1.5858748 1.9346681 1.5546539 1.4209172 2.0437016 2.2100978 2.2668667 2.3391260 2.2989486 2.5342220 2.3437785 2.3437785 2.4596886 2.0274314 2.9375883 2.5312255 2.4675302 2.3956294 4.1534183 3.2965308 2.1388043 2.1603044 3.8840105 2.1314872 2.7142951 1.8255020 2.3113699 2.2724069 0.0000010 2.5844390 2.2545461 2.3596251 2.2641140 2.3544761 2.5228498 3.1680584 2.5152633 2.4509206 2.0164906 1.7787615 1.5234585 1.5340651 1.5666444 2.4869071 1.6716468 2.0266699 2.3853958 2.0519540 1.0376900 0.4582808 3.5680570 
Nemnom_g12453.t1                                               1.6175997 0.0000000 0.5134335 0.9643916 2.7665115 2.0416729 1.9716474 1.9630775 1.9782568 1.6163142 1.9429482 1.7312320 1.9766288 1.8495654 1.1621829 1.8038122 1.8560064 1.7952481 1.6292815 1.5755542 1.8074554 1.9988213 1.8171063 1.6876324 1.7202537 1.7204198 3.4608694 1.5527851 1.5673174 1.6343072 1.8299795 1.7494501 1.9032075 1.6396327 2.1171044 1.8667250 1.9161345 1.5723987 1.9802867 2.2022743 1.6098940 1.8651425 2.0908320 1.6599689 1.8916576 2.2545156 2.6311695 2.6769185 2.6129347 2.3207493 2.7739110 2.6694630 2.3376643 2.6049006 2.0862174 2.0658377 2.0598177 2.1616069 1.9953040 1.9774908 1.8886969 2.0120823 1.9552787 1.6816299 1.7330990 1.8163865 1.7472948 1.7869378 1.8243353 1.8229559 1.8470179 1.5354831 1.7997716 1.7322037 1.7326930 1.3023884 1.9793817 2.0156830 1.3267034 1.2761012 1.6418590 1.7514064 1.9268671 1.8555765 1.7875282 1.6182524 1.3153230 1.2734734 1.3136793 1.7668771 1.2430275 1.9650385 1.7059591 2.6370278 1.9547466 2.0020871 2.1692960 2.0838547 2.0476482 2.2586892 1.8884987 2.4442038 2.1426850 1.8842004 2.1612381 4.4548933 3.5157487 1.9109573 2.1873679 4.3025452 1.8573128 1.6528251 2.0235817 2.6957249 2.2059780 2.1857818 2.3392050 2.2856048 2.2858257 2.1559840 2.3863087 2.2926996 3.1281215 2.3925660 2.2498921 1.6383018 1.9898455 1.2825695 1.6153496 1.5870410 2.4820404 2.2149008 2.4271895 2.8695043 2.1526981 1.4002929 1.9650456 3.7112378 
Rhoesc_Res_011411-T1                                           1.6055512 0.5134335 0.0000000 0.8876182 2.7516161 1.9416612 1.8072361 1.8138510 1.8051296 1.5171487 1.7881235 1.7224223 1.8155747 1.8629193 1.1134624 1.7021931 1.7526456 1.7273357 1.5457171 1.4161088 1.7842599 1.8224149 1.9579148 1.6059321 1.6249991 1.5931875 3.3871137 1.4538331 1.5020784 1.5593362 1.6292315 1.5850785 1.6754593 1.6788252 1.9916410 1.6888452 1.6867195 1.3936338 1.9218869 2.0093871 1.4061475 1.8461950 1.9725746 1.5833943 1.7117962 2.3029120 2.9768996 2.8030967 2.7210272 2.6148641 3.0181758 2.7917323 2.7065591 2.7340394 1.8835370 1.8207882 1.8069259 1.7791731 1.8079231 1.8824346 1.8279139 1.8715756 1.8884998 1.5634871 1.5318360 1.6421539 1.6674394 1.6713226 1.6682726 1.7487758 1.9096007 1.5678974 1.7026305 1.6604157 1.6627073 1.3245852 1.9405173 2.0944240 1.2299589 1.2541457 1.5543593 1.6475756 1.8826767 1.8038545 1.5829927 1.5188847 1.2414455 1.2406731 1.1884380 1.7091631 1.1034596 1.8097082 1.6195440 2.5628823 1.8512851 1.8556614 1.8799997 1.9745620 2.0468291 2.1823739 2.2169939 2.5078998 2.1843852 1.9741954 1.9893152 4.2282779 3.5493574 1.8870519 2.1655319 3.7270629 1.8378830 1.7130259 1.8927014 2.6236361 2.1267018 1.8391091 2.2002574 2.1509553 2.3322854 2.1336847 2.3046258 2.2635641 2.5516785 2.3842040 2.1714254 1.5668773 2.0421872 1.2354859 1.6304358 1.5156345 2.3870235 2.2923591 2.2936673 2.7534119 2.0368190 1.5991491 1.9937540 3.5136295 
Aaur_scaffold1590.g2.t1                                        1.6322431 0.9643916 0.8876182 0.0000000 2.5400190 1.9550975 1.7408297 1.8051896 1.8244513 1.6179331 1.7247728 1.6407753 1.6816985 1.6512495 1.0864561 1.8470634 1.7166477 1.8183712 1.7670945 1.3712252 1.7637793 1.7587600 1.6611628 1.5986927 1.6898471 1.6515518 2.9248440 1.3824146 1.6931610 1.7127418 1.5587952 1.8741913 1.7261090 1.6307826 1.8736095 1.8033544 1.6974150 1.3898525 2.1129108 2.0833132 1.7578850 1.8709754 2.0899390 1.6792664 1.6824152 1.7927679 2.0295696 1.9185924 1.7722212 1.6210182 2.2397669 1.8310037 2.1556035 1.6505714 1.9321902 1.9143991 1.8403961 1.6907305 1.7066329 1.8333335 1.8598423 1.7625059 1.8005713 1.5900795 1.6149290 1.5804698 1.7320023 1.6778512 1.7806554 1.7329329 1.9563663 1.7138043 1.7746653 1.6782287 1.7988098 1.3672569 1.8597090 2.1153162 1.4687721 1.3159230 1.6803680 1.7118689 1.7862426 1.7105547 1.7182053 1.6721248 1.2039710 1.2227307 1.0711212 1.5712176 0.9789549 1.8317088 1.7187373 2.4808699 1.8529504 1.8762250 1.9068995 1.9322485 1.9544096 2.1563769 2.2715146 2.5157976 2.0602844 1.8750187 2.1341662 4.8130591 3.4430353 1.8395804 2.1009845 3.7597843 1.6696991 1.6187730 1.6792703 2.0040430 2.1827329 1.1387116 2.1097853 2.2045390 2.4556245 2.0917232 2.3394199 2.3559681 2.4122213 2.3224668 2.1901472 1.7493779 1.9063553 1.0198885 1.4826697 1.5873607 2.2522369 1.9899504 2.2252968 2.3894391 2.3660987 1.9831799 1.8237934 3.8121324 
Adig_XM_015913379.1                                            2.5337828 2.7665115 2.7516161 2.5400190 0.0000000 0.0219114 0.2910044 0.3800922 0.3957354 0.5721411 0.4700250 0.7547382 0.8323966 1.8006288 0.0000010 2.4174836 2.3932381 2.1437487 2.0061061 1.6331127 2.1627637 2.8907953 2.0574517 1.5330165 2.0805731 1.9977709 2.8286404 0.0000010 2.0645960 2.0833899 0.0000010 1.9484099 2.0084561 1.9878403 1.7130101 1.9660394 1.5292885 3.3113940 2.0607005 2.1171322 0.0000010 1.8926811 1.9317609 1.6579765 1.5460745 1.3565281 1.8297928 1.4604121 1.8517530 1.5793009 1.5743828 1.0312607 1.1966996 1.1183299 1.2328472 1.1336866 1.1529630 0.0000010 1.1119447 1.1356423 1.3584325 1.1391758 1.3103876 2.4346491 2.3505951 2.5402116 1.9374481 2.2971010 2.4435409 2.3762267 2.3827655 2.1688754 2.2610798 2.3587310 2.1913718 7.3968577 2.4401778 2.3523412 1.9928365 2.0509710 2.3331548 2.5553051 2.4420061 3.6557344 2.3484905 2.1273562 2.6123677 2.7629030 2.6192536 2.9134618 3.5793233 2.0481809 2.5145106 2.0234303 1.8392230 1.6655621 1.4485598 2.5622321 2.5622321 3.1547118 1.4638373 3.0779997 2.9596953 2.7628120 2.3517793 4.1442689 2.4776617 2.1523112 2.7131427 3.0187445 2.4042814 5.3564144 1.8130462 1.6021655 1.9761413 0.0000010 2.3168611 2.2765195 2.0937972 2.0915044 2.1924495 2.4812196 5.9038894 2.5637119 2.2257848 2.3028083 2.0298304 3.0032707 2.4960944 2.8500876 2.3539113 1.7962049 2.0098184 2.2328372 1.6248589 0.4638810 0.0000010 2.8355381 
Amil_Amillepora27425-RA                                        2.0677503 2.0416729 1.9416612 1.9550975 0.0219114 0.0000000 0.2501256 0.3654954 0.3715080 0.4354470 0.4046418 0.6949130 0.7911445 1.3775363 1.0205268 1.5817245 1.5525073 1.4755798 1.3679152 0.9369495 1.5079109 1.7934329 1.4841880 1.5137754 1.7086296 1.6556615 2.4881663 1.1184974 1.6206805 1.5047073 1.3269046 1.6661375 1.6274317 1.5470141 1.4760116 1.5434155 1.3162091 1.0227572 1.7788910 1.5290624 1.1258842 1.4324671 1.6498376 1.3856410 1.4350621 1.4228343 1.9107731 1.6360147 1.9331309 1.7443425 1.7979807 1.3584285 1.5298730 1.5436967 1.2474960 1.1550357 1.1472270 1.2906620 1.1214623 1.0721260 1.2518945 1.0330272 1.1573427 1.5999343 1.6134789 1.6995078 1.5544876 1.6316713 1.6921257 1.8663638 1.9420813 1.5618267 1.6547025 1.6766128 1.6878040 1.3824168 1.8726003 1.9745696 1.3261732 1.4160625 1.6500386 1.7261944 1.8106713 1.7650474 1.6243174 1.6150245 1.8826090 1.9635435 1.8574014 2.0695064 1.2351595 1.5732766 1.6502558 2.0439950 1.6328276 1.5051094 1.4028969 1.9407328 1.9407328 2.2540814 1.8483303 2.2133952 2.0892946 1.9042804 1.9132961 3.3074570 2.4613348 1.6030658 1.9526887 3.1176387 1.7450709 1.7024082 1.5875758 1.5068595 1.7962142 2.0008769 2.0428078 1.9010631 1.8647667 1.8188495 1.9376411 1.7717320 1.6220612 2.0199134 1.8442437 1.7565749 1.8184063 2.1607728 1.8314500 2.2523876 2.0660084 1.8279516 2.0175297 2.3735970 1.7248791 1.4108256 1.4265232 2.7800933 
Gfas_gfas1.m1.6822.m1                                          2.1769004 1.9716474 1.8072361 1.7408297 0.2910044 0.2501256 0.0000000 0.3480026 0.3663624 0.3663241 0.3609520 0.6443981 0.7463333 1.3207458 0.9293514 1.4843385 1.4740347 1.4193568 1.3461774 1.0657172 1.4498532 1.5546691 1.6186507 1.6407614 1.5585496 1.5139676 2.5910275 1.0905339 1.5088924 1.4671228 1.2226453 1.6539629 1.3987514 1.5268182 1.4380290 1.4412222 1.2900744 1.1254521 1.6873993 1.4363697 1.0603095 1.3758985 1.5377766 1.2967390 1.4095802 1.5001302 2.2494512 2.0642594 2.4510556 2.0607654 2.4258359 1.9797542 1.9618978 2.1958318 1.1878431 1.1693058 1.1589855 1.3596574 1.1490023 1.1057551 1.2156439 1.0425472 1.0994684 1.5522854 1.4924814 1.6021656 1.4829149 1.5289769 1.5813363 1.6763814 1.8782272 1.4333853 1.4758984 1.5410041 1.5094053 1.1463599 1.6154565 1.9690730 1.2939778 1.0694582 1.4662392 1.5792681 1.8383169 1.8221117 1.4961683 1.5779690 1.7572179 1.8129286 1.7356394 1.9048399 1.3384234 1.4175515 1.4279001 1.9257351 1.6053002 1.4695884 1.4309227 1.7896462 1.9462080 2.0577337 2.0028332 2.3247170 2.0307724 1.9404552 1.8974306 3.1997815 2.5326644 1.6050617 1.9027428 3.2518918 1.7713776 1.5955939 1.5164031 1.6777882 1.6282126 1.3308620 1.7182655 1.7802987 1.8391667 1.8018013 1.8681394 1.8012991 1.8210047 1.9631908 1.8673214 1.6676019 1.8435634 2.0240051 1.9475913 2.0101006 2.0892958 1.8258619 2.0936063 2.4338733 1.8633645 2.5321741 1.5284412 2.9780848 
Fspp_ffun1.m4.1499.m1                                          2.0538809 1.9630775 1.8138510 1.8051896 0.3800922 0.3654954 0.3480026 0.0000000 0.1867677 0.2926769 0.2736448 0.6408353 0.7523281 1.3706392 0.9835890 1.5225487 1.4441514 1.4615300 1.3678403 1.1077710 1.4812037 1.6239912 1.6495358 1.6880368 1.6083754 1.5505973 2.3938855 1.2063694 1.5016594 1.4985119 1.2845614 1.6825079 1.5354347 1.6490864 1.3829513 1.2995792 1.1685460 1.1682819 1.6284259 1.4369801 1.0230445 1.3546534 1.4179339 1.3604374 1.2902120 1.4325711 2.1457866 1.9732728 2.3275976 2.1155450 2.3607627 1.9314896 1.8668310 2.0864511 1.1774819 1.1251633 1.1167722 1.3020542 1.0813821 1.0943123 1.1590239 1.0364903 1.0604934 1.4993120 1.4947479 1.5891483 1.5722923 1.5815050 1.6369224 1.6873744 1.9568482 1.5136692 1.5613263 1.5036953 1.5343498 1.2111704 1.6479382 1.9435333 1.3159808 1.0497067 1.4296663 1.4494296 1.6900836 1.7458342 1.4416171 1.5302913 1.7065366 1.7621366 1.7363411 1.9027533 1.3575101 1.4298648 1.4898077 1.8244497 1.5149062 1.4366518 1.3336515 1.7280854 1.8800649 2.1031807 1.7184389 2.1222586 2.0465147 1.9813198 1.8482096 3.4295143 2.4216115 1.5552422 1.9861951 3.0516305 1.8000473 1.6453436 1.5657356 1.6126629 1.6000276 1.4210064 1.6425188 1.7439693 1.8486058 1.7831595 1.8582873 1.8785217 2.0275033 1.9881735 1.8772994 1.7324560 1.8276128 2.1003696 1.8636027 2.0234955 2.1015361 1.8247735 2.0813192 2.2246436 1.8709574 2.1035309 1.5225927 2.7119102 
Gasp_gasp1.m3.22058.m1                                         1.9797676 1.9782568 1.8051296 1.8244513 0.3957354 0.3715080 0.3663624 0.1867677 0.0000000 0.3071030 0.2893333 0.6490310 0.7079509 1.3444349 0.9676514 1.4867089 1.4735435 1.4135545 1.2910524 1.1499181 1.4611967 1.6436668 1.5839180 1.6260481 1.5439339 1.4964408 2.6583287 1.2843675 1.5163477 1.4824460 1.3804614 1.6731392 1.5425815 1.6077015 1.3790847 1.2822011 1.2043516 1.2153096 1.6372301 1.4832095 1.0433938 1.3172342 1.4824289 1.3114881 1.2702565 1.3645451 2.2314587 2.0586488 2.2065427 2.0573769 2.1795385 1.9007337 1.8153195 2.0118145 1.1672031 1.1077312 1.0865863 1.2997157 1.1800941 1.0961619 1.1809559 0.9951713 1.0609957 1.5278556 1.4346191 1.6289493 1.5335210 1.6017662 1.6311078 1.6788926 1.9941524 1.4892847 1.5564178 1.5456644 1.5945182 1.1965410 1.6423928 1.8935185 1.2879738 1.0613793 1.4284777 1.4694046 1.7077737 1.7141550 1.4924340 1.5175200 1.7496106 1.8159006 1.7478484 1.8683854 1.3674935 1.4232047 1.4657294 1.8043342 1.5298551 1.4842577 1.2987513 1.7016882 1.8466946 2.0612851 1.6726880 2.1386848 2.0568175 1.9613960 1.8877144 3.3197637 2.6742386 1.5019310 1.8736552 3.2240353 1.6923994 1.6016774 1.4921490 1.6401759 1.5371540 1.4324114 1.6936769 1.6810839 1.8250162 1.7564664 1.8122511 1.7912776 1.8267274 1.9183062 1.8655993 1.6767051 1.7850909 2.1550778 1.8893769 1.9468003 2.0286418 1.7388614 1.9149338 2.1826667 1.8344185 2.5897598 1.4381678 2.9068897 
Spis_XP_022798806_1                                            1.7920483 1.6163142 1.5171487 1.6179331 0.5721411 0.4354470 0.3663241 0.2926769 0.3071030 0.0000000 0.0968719 0.6379416 0.7762699 1.2920576 0.9603872 1.4407258 1.3449680 1.3392431 1.3351425 1.1503438 1.3646005 1.5136927 1.6321841 1.6800776 1.4301486 1.4060904 2.5425330 1.2032664 1.4666550 1.4865654 1.2122408 1.5657012 1.3799228 1.5942727 1.2947986 1.2892839 1.1924076 1.1548721 1.5705457 1.2476740 1.0351141 1.1071028 1.3720745 1.3183162 1.2232385 1.2745258 2.2085356 2.2678138 2.5978327 2.3327718 2.2836396 2.1628679 1.8764130 2.0812953 1.2353263 1.1473509 1.1611955 1.2901921 1.1401734 1.1119904 1.2081438 1.0212746 1.0719419 1.5299489 1.4467222 1.4486842 1.3844230 1.3774661 1.3399951 1.4241537 1.8163807 1.3974445 1.3865934 1.3648655 1.4063101 1.1641510 1.4910593 1.6969117 1.4089582 1.0518897 1.3727235 1.2819214 1.5604298 1.6845366 1.4163332 1.4265624 1.5455072 1.5550182 1.4757937 1.6406848 1.3053689 1.4369727 1.3970545 2.0548007 1.4029697 1.3996034 1.3349878 1.6519321 1.8182000 1.8766275 1.8573537 2.0082577 2.0345942 2.0298247 1.8541472 3.0039046 2.2027799 1.5532978 1.9030541 3.0835116 1.7294189 1.5791581 1.4034848 1.3514903 1.4580559 1.3699517 1.4757068 1.5640238 1.9021492 1.6377481 1.7830232 1.7782898 1.8915415 1.8304732 1.9140563 1.6858366 1.6286995 1.7393158 1.8562636 1.8079362 1.9673211 1.9315914 1.9609551 1.9128660 1.9444618 2.5286946 1.5255214 2.2919312 
Pocdam_XM_027187693.1                                          2.0620150 1.9429482 1.7881235 1.7247728 0.4700250 0.4046418 0.3609520 0.2736448 0.2893333 0.0968719 0.0000000 0.6642093 0.7622057 1.4574610 1.0519437 1.5092597 1.4582260 1.4165240 1.3670604 1.1823124 1.4229487 1.6214188 1.6530288 1.6451175 1.5564447 1.5165847 2.6900666 1.1927941 1.4835028 1.4868565 1.2223434 1.5720240 1.5141314 1.5894325 1.4133591 1.2867953 1.1968940 1.2054426 1.5825647 1.4254411 1.0488400 1.3014122 1.5268005 1.3566402 1.3304604 1.4093661 2.1239445 2.0592501 2.2990106 2.1246982 2.1395917 1.8652791 1.7612449 1.8878727 1.2103332 1.1521715 1.1383826 1.2734601 1.1651588 1.1563331 1.2080360 1.0094744 1.1075494 1.5437931 1.4705858 1.5692364 1.4554561 1.4931694 1.5524780 1.6139651 1.8842846 1.4652067 1.5177649 1.4775510 1.5131670 1.2210620 1.6167625 1.8734247 1.3602727 1.0785908 1.4309506 1.3969204 1.6415009 1.7281719 1.5258774 1.5527193 1.7168475 1.8189644 1.7293950 1.7863797 1.3057262 1.4286809 1.4407550 2.0297824 1.4932119 1.4361825 1.3766831 1.7648594 1.9274384 2.0381477 1.7687372 2.1130593 2.0628183 2.0161006 1.8947435 3.2857062 2.1616209 1.5825172 1.9140411 3.1747423 1.6711619 1.5800382 1.5714970 1.4823912 1.6162176 1.3913691 1.6814734 1.7353101 1.9144949 1.7449748 1.7955168 1.8481075 1.8213065 1.9384607 1.9369912 1.7111903 1.7384734 1.9302533 1.9089280 2.0472643 2.0539104 1.8534077 2.0450577 2.3873298 1.9151482 2.3366514 1.5311751 2.6491095 
Nvec_v1g158262                                                 1.9450214 1.7312320 1.7224223 1.6407753 0.7547382 0.6949130 0.6443981 0.6408353 0.6490310 0.6379416 0.6642093 0.0000000 0.5477430 1.3197792 0.7927963 1.3255881 1.3421136 1.2764434 1.2447063 0.9859965 1.3443830 1.4963790 1.5126006 1.6651543 1.5606850 1.5016787 2.7135096 1.1027301 1.4075237 1.4503205 1.0754599 1.5674333 1.4116895 1.4213970 1.3438370 1.3252609 1.2630032 1.0952291 1.5161191 1.4689802 1.0472438 1.3286649 1.4549910 1.3532013 1.3267370 1.6689733 2.2221657 2.1983059 2.4904642 2.1476183 2.4343870 2.1068883 2.0545900 2.2442538 1.1330678 1.0905298 1.0761003 1.3787938 1.0779496 1.0412315 1.2408828 1.0148632 1.0229654 1.6379085 1.4805362 1.6249028 1.4754402 1.5628762 1.6156829 1.6520193 1.8361368 1.4609312 1.5071074 1.6261836 1.6069037 1.2998362 1.5961670 1.9670851 1.3289026 1.2247104 1.4687673 1.5699988 1.7427311 1.7633101 1.4931798 1.5168986 1.7078345 1.7910858 1.6271318 1.9007758 1.2546320 1.4135458 1.4535073 2.1445738 1.4596390 1.3568989 1.2930145 1.7553967 1.9195812 2.0143847 1.9460693 2.1297386 2.2579137 2.1121925 2.0400422 3.4252431 2.3256116 1.6195674 1.9359874 3.1105693 1.8284464 1.8194133 1.3967342 1.8239849 1.6676853 1.4086771 1.8162005 1.8012523 1.9096331 1.8034877 1.8165868 1.9092847 2.2101659 1.8550564 1.9015055 1.7088916 1.6156634 1.8695588 1.8853037 1.9391630 2.0329546 1.8432836 2.0731022 2.2591029 2.0365999 2.3506219 1.4657952 2.4131717 
Exapal_XM_021051193.2                                          2.0021326 1.9766288 1.8155747 1.6816985 0.8323966 0.7911445 0.7463333 0.7523281 0.7079509 0.7762699 0.7622057 0.5477430 0.0000000 1.2380229 0.8360844 1.3531371 1.3650156 1.3842532 1.2674890 1.0795717 1.3733422 1.4718987 1.5342505 1.4619713 1.3993248 1.3642401 2.8619251 1.1323039 1.4499611 1.4588192 1.1839866 1.5508931 1.4824250 1.5244630 1.3422390 1.3167721 1.2520105 1.1099040 1.5637295 1.5236307 1.1497367 1.4517309 1.5228133 1.3851228 1.3379032 1.4706067 1.9798675 1.6950023 2.2266514 1.8737911 2.3038356 1.8178884 1.9815650 1.8487475 1.2079399 1.1287804 1.1297419 1.3507907 1.1388678 1.1614974 1.2836681 1.0717164 1.0471951 1.6118702 1.4952995 1.5941680 1.4235670 1.6055043 1.6848896 1.7278728 1.9771949 1.5480704 1.6386582 1.6662064 1.5955902 1.2443450 1.6732908 1.9646268 1.3260628 1.1684658 1.4812504 1.5484499 1.8757096 1.7750952 1.5936975 1.5384167 1.6845022 1.8068968 1.6660364 1.8726158 1.3254434 1.3819901 1.3976314 1.9069410 1.5377716 1.4883985 1.3885326 1.7642996 1.9372304 2.0788215 2.0372609 2.2387184 2.2290251 2.1142266 1.9783395 3.7910950 2.9119305 1.6983913 2.0244130 3.1883784 1.7819198 1.6461283 1.3894314 1.8993726 1.5129827 1.4559434 1.7267793 1.7469446 1.9110046 1.6676425 1.9064946 1.9717423 1.9585365 1.8863966 1.8810357 1.7812428 1.6895045 1.9159533 1.8499485 1.9668149 2.2245993 1.9654104 2.0562162 2.3277366 1.9337801 2.4526359 1.6818356 2.8951128 
Exapal_XM_028659667.1                                          2.0342677 1.8495654 1.8629193 1.6512495 1.8006288 1.3775363 1.3207458 1.3706392 1.3444349 1.2920576 1.4574610 1.3197792 1.2380229 0.0000000 0.3510572 1.0585813 1.0971242 1.1527633 1.0633873 0.6479220 1.1270616 1.2286404 1.0275643 1.2414188 1.3374055 1.3049489 2.7715844 0.8842337 1.2088001 1.2012278 0.7055983 1.2452505 1.3275809 1.1224806 1.5806770 1.6426208 1.5815591 0.6923194 1.8235727 1.6920397 0.5360592 1.5213332 1.5813572 1.3666505 1.6055535 2.1669950 2.4507320 2.2831743 2.9024984 2.2649385 1.7673142 1.6777835 1.7405018 1.7173416 1.5435555 1.5212987 1.4870321 0.8093774 1.3793032 1.4460062 1.4415269 1.5344505 1.5062600 1.4900088 1.4447351 1.4644738 1.4429928 1.3502715 1.4724818 1.4998406 1.5595705 1.3835919 1.4560232 1.5587654 1.5028088 1.2948564 1.6267150 1.8277625 1.4560290 1.0855067 1.4504120 1.5760245 1.5807801 1.5392046 1.3708618 1.4371469 1.4922814 1.3943633 1.5064160 1.7243632 0.8944627 1.0657025 1.0445931 1.4027549 1.7698538 1.5440816 1.5630254 1.7978914 1.7978914 1.9804981 1.8118261 2.5121224 2.1386653 1.9108754 2.0282048 5.1758032 4.1930047 1.6658532 1.9600339 3.2831940 1.3997443 1.4822574 1.7415713 1.8533464 1.9600903 0.0000010 1.9612282 1.8778077 2.1484441 1.8740396 2.0108552 1.9380812 5.1391962 2.0214340 1.9040439 1.4787924 1.3922508 1.6667236 1.5564244 1.7975422 2.3094627 1.7581506 1.8354820 1.5389929 1.9436195 1.6483932 0.7304084 3.7057265 
Exapal_XM_021046852.2                                          1.5446236 1.1621829 1.1134624 1.0864561 0.0000010 1.0205268 0.9293514 0.9835890 0.9676514 0.9603872 1.0519437 0.7927963 0.8360844 0.3510572 0.0000000 0.7460660 0.6400758 0.6148885 0.6241674 0.5053413 0.6242729 0.6362685 0.7457646 0.9819082 0.7455303 0.7187408 2.6102102 0.8090066 0.8569864 0.8817890 0.4333287 1.0187897 0.7098480 0.7399423 0.9442682 1.0432987 0.8953994 0.5847500 1.9503903 1.0828427 0.5637311 1.0360072 0.9736692 1.0857640 1.1449940 0.6720814 0.7770725 0.7770725 0.7770725 0.7770725 0.3640389 0.2646826 1.7761351 0.5135297 0.9257591 0.9060197 0.8613525 0.7945606 0.9817211 0.9624666 0.8689968 0.9453639 0.8821854 1.0933123 0.8913759 1.0298315 1.0402439 0.9967454 1.0298991 1.3540052 1.6847009 1.2066899 1.2104718 1.2653926 1.2032718 1.0437613 1.1154883 1.5019072 1.2213340 0.7806216 0.9463721 0.9689945 0.9324975 0.7762836 1.0922788 1.1510944 1.0557895 1.0430607 0.8273044 1.0003921 1.0101974 0.8730349 0.8805636 0.0000010 1.0670177 0.9796722 0.6534048 1.0691881 1.0691881 1.1158156 1.7506931 1.4610128 1.2534978 1.2534978 1.4175622 0.0000010 0.4339139 1.1545017 1.3719660 4.2065053 1.2483820 1.4115724 1.1257572 1.8060574 1.4653065 0.0000010 1.4197755 1.5309616 1.9981814 1.8086044 2.5030477 1.3795165 0.0000010 1.4446423 1.4676267 0.9791458 1.0722026 1.0712030 1.1510796 1.3911480 1.6096308 9.0000000 2.7771151 2.6684859 1.7971884 1.5158847 0.8126722 1.4265713 
Gasp_gasp1.m3.10003.m1                                         1.9754572 1.8038122 1.7021931 1.8470634 2.4174836 1.5817245 1.4843385 1.5225487 1.4867089 1.4407258 1.5092597 1.3255881 1.3531371 1.0585813 0.7460660 0.0000000 0.4238982 0.4108085 0.3932965 0.4286089 0.2670876 0.4633638 0.6099564 1.4514285 1.1968417 1.1344896 2.0351913 0.7781018 1.0626521 1.1278189 1.0103748 1.2613165 1.1246877 1.3331904 1.6296133 1.5109332 1.4798597 0.8918034 1.9259699 1.6398503 1.2987599 1.5444864 1.5145064 1.5438498 1.5675421 1.6006691 2.2452338 2.4589262 3.0855783 2.3822563 2.3401440 2.5858977 2.4284397 3.3156370 1.6632748 1.5956990 1.6242489 1.2886668 1.5672413 1.4814236 1.5847589 1.6205063 1.6784979 1.6084903 1.4269333 1.5066906 1.3934163 1.5131390 1.5308902 1.4786277 1.8165640 1.3670834 1.3872564 1.4459606 1.5060033 1.2226070 1.4652372 1.8884046 1.4765034 1.3251108 1.4542907 1.5505837 1.7408569 1.8486343 1.5444606 1.5646327 1.6174702 1.6240594 1.5567953 1.8995673 1.3319790 1.1481376 1.2062187 1.8429667 1.7831257 1.6354734 1.5828321 1.9904090 2.1375523 2.2810068 2.1114003 2.5250808 2.2264058 2.2317639 2.3628496 3.9389965 2.9305247 1.8056422 2.1687146 3.5472962 1.8589416 1.6690811 1.5026127 2.2448418 1.7140492 1.3821059 1.8765903 1.7521608 2.1293569 1.8567182 1.9903735 2.1041735 2.6137217 2.1677448 2.1229653 1.3852047 1.3866837 1.8876689 1.8872769 1.6659272 2.1973057 1.6125485 1.6406409 1.9357056 2.0770123 2.4255563 1.6971401 3.7727466 
Amil_Amillepora27456-RA                                        1.9331622 1.8560064 1.7526456 1.7166477 2.3932381 1.5525073 1.4740347 1.4441514 1.4735435 1.3449680 1.4582260 1.3421136 1.3650156 1.0971242 0.6400758 0.4238982 0.0000000 0.4445565 0.4129734 0.4069185 0.3777461 0.4735749 0.2657869 1.2320075 1.0835592 1.0474910 2.3972790 0.6679866 0.8916227 1.0004967 0.9571910 1.1672739 1.1679859 1.2016935 1.7051205 1.5224831 1.4879793 0.9119691 2.0370974 1.7218707 1.5669387 1.6676481 1.7376348 1.4867029 1.6897079 1.9595196 2.6185778 2.6566256 3.3038395 2.8418124 2.5173557 2.3825397 2.3301216 2.6959142 1.7074823 1.6752257 1.6292143 1.3565190 1.5185184 1.5547003 1.6410924 1.5293941 1.5015084 1.5090198 1.3490065 1.4906744 1.4813848 1.6170311 1.6130033 1.5641027 1.8403785 1.4412299 1.5532815 1.5546278 1.5803774 1.1682539 1.6513494 2.0752395 1.3322589 1.2959643 1.4418497 1.5909245 1.8364106 1.9833365 1.5894813 1.6744979 1.6416478 1.6530200 1.7052882 2.0489227 1.4580422 1.0918054 1.0975331 1.4593495 1.8015011 1.6415021 1.7278526 2.0898565 2.2503831 2.1974303 2.1274901 2.4677277 2.2796019 2.2885735 2.4171946 4.4012168 2.5614825 1.7875293 2.1335733 4.0333916 1.8136642 1.6692635 1.6032634 1.5190410 1.7644978 1.7657763 1.7773117 1.8721516 2.1985511 1.8644777 1.8905813 2.2271078 2.6373645 2.1313452 2.1403660 1.3819018 1.2995837 2.0297906 1.9769400 1.7476081 2.2971447 1.4083353 1.6081307 1.9247859 2.0505607 2.4914452 1.8542108 3.4742718 
Spis_XP_022787507_1                                            1.9199388 1.7952481 1.7273357 1.8183712 2.1437487 1.4755798 1.4193568 1.4615300 1.4135545 1.3392431 1.4165240 1.2764434 1.3842532 1.1527633 0.6148885 0.4108085 0.4445565 0.0000000 0.1537056 0.1921660 0.3284355 0.5565671 0.5709324 1.3259731 1.2156457 1.1874867 2.6017776 0.7668371 1.0354114 1.0478467 1.0688645 1.1995015 1.1529195 1.2911431 1.7552756 1.5610501 1.4458259 0.9044870 1.9539127 1.6845084 1.2017949 1.6197069 1.6342109 1.5487124 1.6899632 2.0897073 2.5008581 2.7017892 2.9067911 2.4579511 2.6547974 2.3902222 2.4105996 2.6997568 1.6828985 1.5932620 1.5588420 1.4681600 1.4957572 1.4514803 1.5814955 1.5546621 1.6140293 1.6275339 1.4349684 1.6415759 1.4589031 1.5908333 1.6009637 1.5116693 1.8135673 1.3871763 1.4833354 1.4716458 1.4953484 1.0640000 1.6220281 2.0586112 1.3394767 1.2601849 1.4622546 1.5289595 1.6637562 1.8025701 1.5206185 1.5538394 1.6698735 1.6610945 1.6716194 2.0350058 1.3956263 1.1502591 1.1675076 1.6381284 1.7471415 1.6257707 1.6493262 2.0791576 2.1857222 2.2637606 2.2156518 2.4708121 2.0658172 2.0380303 2.3293985 4.1268950 2.8543476 1.7343660 2.0791131 3.8197527 1.7899386 1.7300651 1.6084263 1.8515959 1.8739229 1.6189999 1.9558879 1.8192727 2.2767830 1.9564791 2.0967587 2.1004593 2.4230180 2.0866181 2.0133983 1.4478552 1.3441738 1.9085307 1.9362112 1.7954977 2.2808099 1.5306458 1.7045544 1.9409564 1.9276732 2.0842206 1.7959675 3.5067997 
Pocdam_XM_027201058.1                                          1.7748639 1.6292815 1.5457171 1.7670945 2.0061061 1.3679152 1.3461774 1.3678403 1.2910524 1.3351425 1.3670604 1.2447063 1.2674890 1.0633873 0.6241674 0.3932965 0.4129734 0.1537056 0.0000000 0.1951541 0.3538358 0.5084857 0.4488297 1.1222491 1.1615257 1.1083437 1.9711372 0.6570383 1.0763060 1.0884433 0.9746655 1.2467627 1.0896506 1.1448279 1.6287606 1.5213646 1.3466191 0.7042126 1.9647726 1.5155983 0.7334831 1.5473296 1.4759257 1.5949232 1.5444023 1.6547347 1.7520510 1.9331508 2.1714352 1.7721415 2.0246305 1.9187741 2.0085399 2.1837367 1.5730557 1.4869528 1.4803525 1.1584045 1.3110793 1.3512319 1.5467217 1.4174394 1.5172171 1.6003909 1.4543086 1.5520760 1.4108887 1.5463396 1.4917209 1.4365382 1.6479922 1.3334842 1.3553544 1.3952411 1.3795951 1.0528754 1.4734171 1.8003882 1.2819234 1.0638597 1.3048212 1.3932320 1.4564400 1.5186728 1.5276060 1.4620830 1.5894718 1.5331368 1.5102727 1.9861065 1.1196576 1.1464592 1.1304316 1.5949858 1.6994141 1.5507065 1.5289611 1.8763343 1.8968399 2.1076774 2.1800951 2.2901060 1.9156468 1.8351271 2.0610562 4.6545627 2.9565785 1.5407483 1.8678440 3.4475713 1.5371511 1.5761424 1.5391752 1.8168615 1.7770674 0.7660271 1.8648584 1.7108974 2.0168369 1.7671721 2.0638386 2.1048170 2.9585082 2.0217838 2.0231060 1.3181915 1.2146129 1.6619719 1.6218801 1.6898147 2.1611178 1.3084206 1.3614302 1.6886113 1.9965781 2.2197338 1.3635362 3.1468643 
Pocdam_XM_027201061.1                                          3.0774790 1.5755542 1.4161088 1.3712252 1.6331127 0.9369495 1.0657172 1.1077710 1.1499181 1.1503438 1.1823124 0.9859965 1.0795717 0.6479220 0.5053413 0.4286089 0.4069185 0.1921660 0.1951541 0.0000000 0.3254942 0.4482891 1.0466541 1.5086116 0.9684223 0.9725682 2.0147329 0.7704374 0.8217734 0.9195826 1.1115834 1.2253670 0.8840846 1.2431780 1.3164657 1.1663122 1.1111584 0.8127182 4.5465445 1.1908024 1.2211909 1.1306136 1.3060020 1.3921344 1.2749467 2.8355482 4.0786801 4.3280119 3.5685909 3.8275089 4.7760748 4.6506963 4.9465918 4.6193465 1.4062157 1.2813328 1.2973666 1.3736043 1.3176499 1.1621109 1.2162650 1.2013751 1.2088899 1.2820582 1.1806199 1.1832579 1.1162908 1.2524180 1.2002584 1.2390837 2.1995148 0.9874847 1.1257782 1.0893972 1.1417909 0.9306152 1.1322452 2.5154544 1.2563087 1.2445473 1.2748294 1.3144357 1.4680872 1.5102034 1.1148074 1.2019383 1.4076383 1.3818672 1.0869601 1.5875915 1.3933774 0.9219241 1.0355164 0.0000010 1.3674869 1.2818484 1.1726050 1.6574154 1.8398098 1.8740471 2.0861020 0.8376996 1.7815981 1.7815981 1.9810561 3.4572927 1.8033467 1.5881524 1.7449611 3.5395934 1.8852945 1.5703569 1.4676614 1.4616282 1.3780626 1.5449752 1.3911248 1.3028790 1.6052613 1.5370175 1.7060988 1.7608151 2.3783698 1.7694937 1.6777743 1.1805931 1.2307113 1.8923897 1.8915776 1.5939898 1.7648840 3.0401200 3.3918447 4.1066001 2.0718443 2.2117323 1.7532541 9.0000000 
Fspp_ffun1.m4.17346.m1                                         1.9582365 1.8074554 1.7842599 1.7637793 2.1627637 1.5079109 1.4498532 1.4812037 1.4611967 1.3646005 1.4229487 1.3443830 1.3733422 1.1270616 0.6242729 0.2670876 0.3777461 0.3284355 0.3538358 0.3254942 0.0000000 0.4698891 0.5768347 1.3630506 1.1744741 1.1266343 2.5931160 0.6640930 0.9794744 1.0409080 0.9999696 1.2486663 1.2167098 1.3250908 1.7042607 1.5118260 1.4807022 0.8529567 1.9012679 1.7657868 1.3411422 1.5487358 1.6127148 1.5180650 1.5684037 2.0319898 2.2127194 2.3956833 2.9110243 2.4601215 2.3545273 2.1164266 2.2413760 2.5717307 1.6165869 1.5485105 1.5126975 1.2992366 1.5415496 1.5169101 1.5502767 1.5995572 1.6642653 1.5862514 1.4579045 1.5722410 1.4888346 1.5714195 1.5563236 1.5445351 1.8958940 1.4690047 1.5296408 1.4852301 1.5191437 1.1314901 1.6466921 2.0605290 1.3404118 1.3166402 1.4790335 1.5522227 1.6741061 1.9415943 1.4579540 1.5354889 1.6085481 1.6701241 1.6764696 2.0132898 1.3750634 1.1184111 1.1218410 1.6317108 1.6960938 1.6362052 1.7289579 2.0662404 2.1959413 2.2225609 2.0487423 2.5286374 2.1663925 2.0985133 2.3647243 4.4416448 3.0042228 1.7151175 2.0481315 3.9226551 1.6773882 1.6113666 1.6141875 1.5802836 1.7815656 1.5612991 1.8778598 1.7888410 2.1134900 1.9290184 2.0045269 2.1519167 2.5475192 2.1459352 2.0665370 1.4080011 1.3398916 1.9599620 1.9870699 1.7417535 2.2809076 1.5411491 1.7040548 2.0111631 2.0626160 2.1319585 1.7355432 3.9136848 
Gfas_gfas1.m1.14063.m1                                         1.8719506 1.9988213 1.8224149 1.7587600 2.8907953 1.7934329 1.5546691 1.6239912 1.6436668 1.5136927 1.6214188 1.4963790 1.4718987 1.2286404 0.6362685 0.4633638 0.4735749 0.5565671 0.5084857 0.4482891 0.4698891 0.0000000 0.5287350 1.3279728 1.3394819 1.2873606 4.3294191 0.7275097 1.0601778 1.1490421 1.0585439 1.2940620 1.3253746 1.3215888 1.6280780 1.6090128 1.5286121 0.9545569 1.8039031 1.7722445 1.5537974 1.6785926 1.8282608 1.5621702 1.6337906 2.8374046 2.9967212 3.4666798 3.1396493 3.1193100 3.3800556 3.3275116 4.3445065 3.7728549 1.9111353 1.8656521 1.8142156 1.5335740 1.7238241 1.6064958 1.6936094 1.7820410 1.8086292 1.5781560 1.4630073 1.6228936 1.5279542 1.6583331 1.6922761 1.7271096 2.0995528 1.5391922 1.6454588 1.6405062 1.6832007 1.2218325 1.7653748 2.2293838 1.2116490 1.4494867 1.5446811 1.6496786 1.8144484 2.0466139 1.5082576 1.5758528 1.7395010 1.7672178 1.7213632 1.9924213 1.3413766 1.2630371 1.2355520 2.0240118 1.8482731 1.6815683 1.8007044 2.0577344 2.1744050 2.2157630 1.6971029 2.3011928 2.1694094 2.1418637 2.2982983 5.0014967 2.3694405 1.7220703 2.0603766 3.8856021 1.6493851 1.6889695 1.7099476 3.5216186 1.8865765 1.7188321 2.0994141 1.9993059 2.1996646 2.0026107 2.0868345 2.1870512 2.7266704 2.0853339 1.9788222 1.5608157 1.5750962 2.0020116 1.9050208 1.8250695 2.1859893 1.8447486 2.2390274 2.3666214 2.0465231 2.4048526 1.9744412 3.8712896 
Adig_XM_015891989.1                                            1.6083496 1.8171063 1.9579148 1.6611628 2.0574517 1.4841880 1.6186507 1.6495358 1.5839180 1.6321841 1.6530288 1.5126006 1.5342505 1.0275643 0.7457646 0.6099564 0.2657869 0.5709324 0.4488297 1.0466541 0.5768347 0.5287350 0.0000000 1.6573553 1.4514727 1.3849387 2.5939071 1.6865992 1.4164299 1.3984656 4.2249342 1.4124789 1.2676119 1.2798342 1.8282668 2.0207870 1.6815277 1.5627307 1.9415669 1.9745880 4.6506082 1.9089381 1.8839433 1.8997053 1.9066190 0.8776336 1.4088860 1.5167589 1.3781678 1.3395148 1.5892782 1.5238799 1.8152539 1.5276476 1.9443883 1.9681983 1.9593856 3.0307289 1.6940503 1.7673070 1.8935759 1.7894105 1.8024134 1.8928599 1.7700505 1.7680284 2.3389018 1.9355302 1.8685398 1.9228138 1.6148526 1.4679117 1.7492441 1.7471862 1.7388936 1.7079759 1.9675392 1.6394085 1.3045151 2.8931451 1.6800573 1.6994848 1.9288083 2.1773312 1.8546307 1.7889063 1.9791454 1.9457936 2.2894294 2.1397411 2.3247017 1.4885507 1.5290523 1.7639964 2.1949538 1.9946256 2.2217837 2.3029699 2.3471559 2.5102089 2.0871923 2.1985935 2.6243903 2.8147799 2.8250609 5.3695765 2.6949965 2.1844746 2.4645410 3.4451024 2.1129973 1.9099305 1.8519640 2.1133102 2.2344218 6.9015537 2.3649061 2.2844777 1.9201329 1.9436253 2.4537141 2.3683147 8.9999989 2.4607670 2.4064645 1.2128525 1.2087667 1.6650772 2.0770091 1.8888250 2.1870079 1.3823211 1.3386368 1.9269034 2.5985483 7.1258823 3.7060940 2.5970429 
Amil_Amillepora10357-RA                                        1.9926799 1.6876324 1.6059321 1.5986927 1.5330165 1.5137754 1.6407614 1.6880368 1.6260481 1.6800776 1.6451175 1.6651543 1.4619713 1.2414188 0.9819082 1.4514285 1.2320075 1.3259731 1.1222491 1.5086116 1.3630506 1.3279728 1.6573553 0.0000000 0.1594867 0.1981841 2.7819776 0.8538745 0.7349337 0.8050469 0.9934097 1.2593635 1.0770162 0.8813500 1.7262555 1.7727495 1.5026798 1.4030338 1.8065818 1.6843292 1.1494753 1.6360926 1.7465701 1.8579890 1.5850434 2.1088328 3.5634822 4.1214498 3.9646683 3.5930684 5.1937307 8.0911831 5.3783608 4.7401205 1.7947782 1.5905318 1.7339458 2.3554510 1.5247417 1.6910899 1.7992202 1.6707073 1.8280485 1.7036610 1.6798446 1.7668091 1.7143349 1.8272060 1.8410552 1.6724385 2.0459334 1.4705521 1.7343761 1.7051514 1.6739494 1.1323327 1.8333570 1.9871478 1.5414642 0.8993193 1.4535711 1.4726637 1.6166082 1.7978668 1.6360968 1.6269809 1.7405473 1.7986001 1.7390560 1.8607597 1.8028315 1.5080109 1.4738847 1.0428987 1.7482822 1.7341925 2.0300398 2.0162966 1.7892187 2.1891062 1.9936726 2.0461039 1.9980877 2.0551622 1.9946305 4.0507605 2.8480723 1.8997382 1.9492236 2.7987801 1.9341535 1.8438316 1.7314599 2.4953526 2.0411130 2.7529560 2.0431520 2.2581658 2.3021108 1.7095415 1.9439256 2.4718143 4.3296309 2.3565981 2.2372709 0.8628049 0.7467704 1.8815533 2.0218792 1.8225522 2.1080624 0.8494742 0.8080622 2.0551432 2.2674835 3.2423068 2.3878506 1.7118352 
Adig_XM_015911449.1                                            1.9373704 1.7202537 1.6249991 1.6898471 2.0805731 1.7086296 1.5585496 1.6083754 1.5439339 1.4301486 1.5564447 1.5606850 1.3993248 1.3374055 0.7455303 1.1968417 1.0835592 1.2156457 1.1615257 0.9684223 1.1744741 1.3394819 1.4514727 0.1594867 0.0000000 0.0704493 0.5981215 0.4758814 0.5712508 0.6278377 0.7086286 0.9606954 0.9328138 0.9342537 1.6704112 1.4849877 1.5031811 0.9857620 1.7191547 1.6465861 1.2573007 1.5305544 1.6635251 1.4237604 1.5888879 1.9562017 2.6022905 2.3582667 2.9730877 2.5057664 3.0405501 2.3481226 2.6010720 2.9671030 1.6888307 1.5140914 1.5790326 1.4721651 1.5291638 1.6796319 1.5947667 1.6023462 1.6894163 1.5563159 1.4025534 1.5664686 1.4447714 1.5489830 1.5495199 1.6182742 1.9729344 1.5179413 1.6812397 1.5782289 1.5974190 1.0723505 1.8074262 2.2618770 1.4100719 1.0231005 1.4686848 1.5182091 1.5946980 1.6921414 1.5841715 1.5167022 1.6250538 1.6867715 1.4905832 1.9292922 1.1546510 1.2291602 1.1788361 1.4307066 1.6361281 1.7373247 1.6190642 1.9027651 2.0406124 2.0765989 2.1298095 2.3704995 2.1123139 1.9738062 1.9924984 3.4081129 2.6596173 1.7959414 1.8369548 3.4550198 1.8209179 1.6195457 1.5525012 2.2146035 1.6892289 1.4803271 1.7587507 1.9277637 2.1288705 1.8079568 1.9295154 2.2302954 2.4056636 2.2043317 1.9673836 0.9568648 0.9640897 1.8975029 2.0503451 1.9370736 2.2934121 0.9387240 0.9272426 2.1241158 1.9153909 2.0224741 1.8214266 3.0842182 
Adig_XM_015911480.1                                            1.8819078 1.7204198 1.5931875 1.6515518 1.9977709 1.6556615 1.5139676 1.5505973 1.4964408 1.4060904 1.5165847 1.5016787 1.3642401 1.3049489 0.7187408 1.1344896 1.0474910 1.1874867 1.1083437 0.9725682 1.1266343 1.2873606 1.3849387 0.1981841 0.0704493 0.0000000 0.5425358 0.4611235 0.5585840 0.5907945 0.7095655 0.9077313 0.9032148 0.8926412 1.6429009 1.4974343 1.4459378 0.9800696 1.6689896 1.6198774 1.2637156 1.5035580 1.6127938 1.3922847 1.5412969 2.0175602 2.6770254 2.4106658 2.8361544 2.3738299 2.9369382 2.3441224 2.5581159 2.8548766 1.6720743 1.4843366 1.5464275 1.4497005 1.5290344 1.6594364 1.5918100 1.5656775 1.6799806 1.5098126 1.3360027 1.5126362 1.4202024 1.4833793 1.5167626 1.5648651 1.8713232 1.4687310 1.6400997 1.5169205 1.5424053 1.0773780 1.7425471 2.1497142 1.2616391 1.0083090 1.4016142 1.4591061 1.5345877 1.6525466 1.5236512 1.5016314 1.6141341 1.6269489 1.4176076 1.8904889 1.1393004 1.2226363 1.1638571 1.4158946 1.6006821 1.6878134 1.6328016 1.8934367 2.0302221 2.0099919 1.9784612 2.3289040 2.0627521 1.9534464 1.9553817 3.4348264 2.5568795 1.7396059 1.8878667 3.4574274 1.7765395 1.5410808 1.5168563 2.0837813 1.6453416 1.4803271 1.7160202 1.8767248 2.0205966 1.7322779 1.9265770 2.2060939 2.4056636 2.1318238 2.0048494 0.9217982 0.9021263 1.8520480 1.9948974 1.8506291 2.2678313 0.8692107 0.8766157 1.9617812 1.9194134 2.0104923 1.8189814 3.1088397 
Amil_Amillepora10355-RA                                        3.3116963 3.4608694 3.3871137 2.9248440 2.8286404 2.4881663 2.5910275 2.3938855 2.6583287 2.5425330 2.6900666 2.7135096 2.8619251 2.7715844 2.6102102 2.0351913 2.3972790 2.6017776 1.9711372 2.0147329 2.5931160 4.3294191 2.5939071 2.7819776 0.5981215 0.5425358 0.0000000 2.3703236 1.4218392 1.4951905 3.4464426 2.3345028 2.0405061 2.0326593 3.3777446 3.0748418 3.0770685 2.9553349 3.5773465 5.0446409 0.0000010 3.5613600 3.3638223 3.1763756 3.4668747 2.1854286 3.8671507 2.8582411 7.1929361 2.6124641 4.4802561 2.6925472 2.9852819 7.0238154 3.0288164 3.2422235 2.9796129 3.1797939 2.6005418 3.1168138 2.4614367 3.0295991 2.7446752 2.4766635 2.3052206 2.8264989 2.4415839 2.5203963 2.4339092 2.5552533 2.1661819 2.0298683 3.1329419 2.5745155 2.6957168 1.6907819 3.3213804 3.3137313 1.8186527 0.0000010 2.4101544 2.8668448 3.7657285 3.4791399 2.7930236 2.9954802 3.3899079 2.9795727 3.0504727 4.6516535 2.9932084 1.9418884 2.0887813 2.6777485 3.8083673 3.9782771 3.1154023 5.0367549 5.0589682 4.2297971 3.6705137 3.9526734 4.0567635 4.1491411 5.4778596 4.6769980 9.0000000 2.4572462 5.5913216 4.0563424 3.5711278 4.8462552 3.0818701 2.7513224 2.7132906 2.3880839 2.7985707 3.0416826 3.0746434 2.9365202 3.6452231 3.3654031 4.9340882 4.5947549 3.5089346 3.2564271 2.1438133 3.8321657 5.2256551 4.1183578 3.8277333 2.6354137 1.5823282 2.7508558 2.2940581 3.6226156 4.4350885 4.6038587 
