47
Lcom_lcpid242523                                   0.0000000 1.4065094 1.1718889 1.4841412 1.5097056 1.7162099 1.6694355 1.5608133 2.1249971 2.1629762 2.2124932 1.9079336 1.9079336 2.0169920 2.0169920 1.9451378 1.5620871 2.0041629 1.9715651 1.8615453 1.8998011 1.9861274 2.0135070 1.8967827 2.3012213 2.1066384 2.0778840 1.9270752 2.4394440 1.6882118 1.5932470 2.0812286 2.5473792 2.3822410 1.9955338 1.5226963 2.0628476 1.9104590 2.4041232 3.0418533 2.5480364 2.3942118 2.3960777 2.5848164 2.8708896 2.5774477 4.1636171 
Lcom_lcpid235379                                   1.4065094 0.0000000 0.7415628 0.8005529 1.0651318 1.1352340 1.1699169 1.0500139 1.2791509 1.2781855 1.3183278 1.2010662 1.2225041 1.2771498 1.2771498 1.1759563 1.4174409 1.4959866 1.7376609 1.1833313 1.4525186 1.4461444 1.4111527 1.5141718 1.7135900 1.6807951 1.5794286 1.2634386 1.4395615 1.1715958 1.0490273 1.2606993 1.2880955 1.4598148 1.2594448 1.2119272 1.7223388 1.5715080 1.5976167 1.5535380 1.5360766 1.5340384 1.6040208 1.7195521 2.0268020 1.7009799 2.2564969 
Cgig_XM_011430592.3                                1.1718889 0.7415628 0.0000000 0.4586841 0.7225234 0.9182980 0.9010766 0.8260754 0.8305128 1.2172788 1.3398052 1.3637368 1.3453140 1.2193740 1.2193740 1.2435362 1.1481011 1.1948959 1.2329227 1.2473660 1.2456599 1.2925781 1.2240053 1.3469062 1.5413628 1.5380860 1.2036244 0.9733763 1.2946945 1.0476732 0.9511788 1.3834744 1.4936689 1.3641018 0.9417123 0.9616517 1.4698625 1.3088505 1.4964495 1.5408596 1.4407227 1.4021020 1.4586826 1.5355195 1.6944315 1.5027302 2.0598972 
Acagra_model.g25329.t1                             1.4841412 0.8005529 0.4586841 0.0000000 0.9185172 0.9875534 0.9662034 0.8900335 0.9211109 1.1833202 1.2648678 1.2678266 1.2508033 1.3233027 1.3233027 1.1475402 1.2067287 1.3334438 1.3702706 1.5315831 1.6110096 1.5584882 1.4978016 1.4162201 1.7598396 1.5109546 1.4046259 1.2225962 1.7882382 1.1528354 1.1975601 1.6170776 1.4998728 1.1079032 1.2525307 1.1644102 1.5017009 1.5574861 1.3471784 1.4672009 1.2593394 1.3882259 1.4183979 1.5616197 2.2038597 1.8120222 2.1348275 
Spur_XM_789355.5                                   1.5097056 1.0651318 0.7225234 0.9185172 0.0000000 0.9610307 1.1654527 1.0733594 1.1547356 1.4401631 1.4889328 1.4269460 1.4086700 1.1577851 1.1577851 1.2407460 1.2055034 1.2351305 1.2616090 1.7528155 1.5690628 1.5834428 1.5794266 1.3967638 2.0547479 1.4700938 1.5134936 1.3368738 1.6251529 1.2701916 1.3884633 1.4991857 1.4565108 1.3358608 1.1442684 1.1490635 1.4110198 1.3703647 1.8121529 1.7142094 1.6385049 1.3451185 1.3928233 1.5844642 1.8377070 1.7141039 1.9699031 
Skow_XM_002742316.2                                1.7162099 1.1352340 0.9182980 0.9875534 0.9610307 0.0000000 0.8747951 0.9390150 1.2685457 1.2224583 1.1919398 1.2037184 1.1876330 1.1546838 1.1546838 1.2281391 1.4049642 1.2887207 1.2330129 1.4423262 1.6786079 1.5241210 1.5187590 1.5869055 1.8158924 1.6174727 1.3603776 1.2246560 1.6037929 1.0105125 1.1966418 1.4474195 1.5321012 1.3028138 1.2535945 1.1137271 1.4300039 1.3414920 1.4088538 1.4144725 1.4740378 1.4036485 1.3925359 1.4797196 1.8107577 1.7849496 1.6541987 
Bralan_BLAG04001186_1                              1.6694355 1.1699169 0.9010766 0.9662034 1.1654527 0.8747951 0.0000000 0.9232716 1.1002702 0.9880853 1.0333085 0.9871999 1.0020877 1.0483592 1.0483592 1.1149181 1.0958502 1.3019055 1.3381103 1.4366649 1.4029028 1.3473877 1.2589475 1.4215021 2.0067888 1.5368240 1.4661422 1.3709713 2.0250255 1.2050009 1.0534378 1.1794594 1.4557438 1.2085802 1.3386433 1.0564012 1.7553622 1.2577980 1.3404614 1.5122954 1.4074096 1.5068486 1.5478838 1.4472260 2.0759986 1.9139841 1.5805677 
Hsap_ENST00000368010                               1.5608133 1.0500139 0.8260754 0.8900335 1.0733594 0.9390150 0.9232716 0.0000000 1.0168076 0.9918585 1.0098674 1.0429670 1.0268043 1.1292630 1.1292630 0.9047614 0.9747366 1.0650377 1.0268422 1.3361955 1.3217659 1.2182975 1.1525016 1.1732096 1.5674549 1.2215816 1.0974972 0.9669174 1.5338540 1.0366578 0.9373967 1.4031382 1.5780216 1.2694425 1.3168655 1.1361402 1.5108887 1.2343533 1.3574317 1.6286481 1.3162003 1.3337405 1.3997270 1.3805194 1.9635652 1.6163757 1.8408571 
Ctel_gnl_WGS_AMQN_CAPTEDRAFT_mRNA167007            2.1249971 1.2791509 0.8305128 0.9211109 1.1547356 1.2685457 1.1002702 1.0168076 0.0000000 1.2323390 1.3064206 1.4015803 1.3842485 1.3327061 1.3327061 1.2082737 1.3787699 1.4815786 1.4964997 1.4488346 1.5810717 1.5092873 1.5118554 1.4819122 2.0070887 1.3323353 1.3771258 1.2701154 1.5082473 1.2244389 1.0794381 1.4552472 1.3374940 1.4250911 1.2573634 1.2103612 1.6164846 1.5041475 1.6774698 1.5663288 1.5857841 1.5994187 1.7360342 1.7857593 1.9002794 1.8871076 1.4561189 
HoiH23_PlH23_002348-RA                             2.1629762 1.2781855 1.2172788 1.1833202 1.4401631 1.2224583 0.9880853 0.9918585 1.2323390 0.0000000 0.0556934 0.1632731 0.1544970 0.2600452 0.2600452 1.0677941 1.2964692 1.2479189 1.2834864 1.2656236 1.3698422 1.2737195 1.1520047 1.3031375 1.9283868 1.5969905 1.2366058 1.2502830 1.8182525 1.0334712 1.2306358 1.6801769 1.5160828 1.1154105 1.3922797 0.9373938 1.6675261 1.4079753 1.5655954 1.8352835 1.6340863 1.5895814 1.7721431 1.6524643 2.1042947 1.7912495 1.3037768 
HoiH06_mRNA11166                                   2.2124932 1.3183278 1.3398052 1.2648678 1.4889328 1.1919398 1.0333085 1.0098674 1.3064206 0.0556934 0.0000000 0.1337226 0.1252008 0.2497975 0.2497975 1.0775235 1.3657853 1.2001691 1.2591236 1.2765484 1.3540499 1.2318727 1.1425157 1.2733276 1.9214924 1.5641764 1.2467564 1.2161294 1.7048137 1.1102246 1.2495635 1.7907739 1.5931411 1.2169193 1.3780847 0.9946579 1.7328003 1.4178904 1.6269052 1.8709187 1.7132270 1.7109643 1.9033694 1.7787273 2.2018347 1.8412191 1.3377709 
Hhon_g08543.t1                                     1.9079336 1.2010662 1.3637368 1.2678266 1.4269460 1.2037184 0.9871999 1.0429670 1.4015803 0.1632731 0.1337226 0.0000000 0.0077125 0.2035547 0.2035547 1.0421137 1.3062372 1.3006038 1.3303708 1.2677790 1.2501601 1.1771906 1.1026967 1.3234870 1.9700915 1.5774878 1.2742272 1.2673074 1.7641449 1.0932596 1.2007224 1.7591672 1.5859827 1.0993423 1.4320633 0.9966098 1.8180610 1.3798097 1.6690844 1.8896625 1.7769347 1.6100454 1.7936816 1.6350905 2.2597892 1.8310329 1.2292566 
HoiH04_mRNA13099                                   1.9079336 1.2225041 1.3453140 1.2508033 1.4086700 1.1876330 1.0020877 1.0268043 1.3842485 0.1544970 0.1252008 0.0077125 0.0000000 0.2128019 0.2128019 1.0260197 1.2881689 1.2829271 1.3124100 1.2677790 1.2674493 1.1609789 1.0871490 1.3058125 1.9700915 1.5570018 1.2574039 1.2497261 1.7638343 1.0771187 1.1838649 1.7811306 1.6061672 1.0827122 1.4125356 1.0128756 1.7956597 1.3607804 1.6486249 1.8675978 1.7558132 1.5889263 1.7715103 1.6136654 2.2344351 1.8310329 1.2292566 
TrH2_TrispH2_009927-RA                             2.0169920 1.2771498 1.2193740 1.3233027 1.1577851 1.1546838 1.0483592 1.1292630 1.3327061 0.2600452 0.2497975 0.2035547 0.2128019 0.0000000 0.0000010 1.0052107 1.2544158 1.3635222 1.2850421 1.1347186 1.3318674 1.1441132 1.1714176 1.2430735 1.8983341 1.6052879 1.3035139 1.3471506 1.7162550 1.0243176 1.3274041 1.8105155 1.6971513 1.2537573 1.3456986 0.8976509 1.7303078 1.4775184 1.5994923 1.8187164 1.6677334 1.6696213 1.8602023 1.7310202 2.1555557 1.7712874 1.4500977 
Tadh_TriadT19142                                   2.0169920 1.2771498 1.2193740 1.3233027 1.1577851 1.1546838 1.0483592 1.1292630 1.3327061 0.2600452 0.2497975 0.2035547 0.2128019 0.0000010 0.0000000 1.0052107 1.2544158 1.3635222 1.2850421 1.1347186 1.3318674 1.1441132 1.1714176 1.2430735 1.8983341 1.6052879 1.3035139 1.3471506 1.7162550 1.0243176 1.3274041 1.8105155 1.6971513 1.2537573 1.3456986 0.8976509 1.7303078 1.4775184 1.5994923 1.8187164 1.6677334 1.6696213 1.8602023 1.7310202 2.1555557 1.7712874 1.4500977 
Hvul_g21559_1                                      1.9451378 1.1759563 1.2435362 1.1475402 1.2407460 1.2281391 1.1149181 0.9047614 1.2082737 1.0677941 1.0775235 1.0421137 1.0260197 1.0052107 1.0052107 0.0000000 0.7342751 0.8103572 0.8739900 0.9455542 1.0708271 1.0181378 1.0678281 1.1744401 1.4375913 1.2969474 1.2960775 1.0351780 1.3628670 0.9217313 1.2544243 1.4659885 1.3916688 1.3042954 1.3289477 1.2818434 1.6741829 1.3715669 1.6808507 1.6384310 1.5517250 1.5757204 1.7176078 1.6134664 2.1366274 2.3363056 0.5599668 
Sanmal_Sma_025536-T1                               1.5620871 1.4174409 1.1481011 1.2067287 1.2055034 1.4049642 1.0958502 0.9747366 1.3787699 1.2964692 1.3657853 1.3062372 1.2881689 1.2544158 1.2544158 0.7342751 0.0000000 0.4140473 0.4032538 0.9489672 1.0449825 1.0527212 1.0057787 1.0694628 1.4703642 1.2478257 1.0346928 0.9311466 1.3540429 1.0398839 1.3914287 1.6209286 1.5593668 1.4755977 1.5453643 1.3949180 1.5971328 1.4427622 1.6598095 1.9755039 1.5420149 1.3693521 1.4540879 1.4455014 2.0104835 1.9772744 0.9253515 
Nemnom_g18140.t1                                   2.0041629 1.4959866 1.1948959 1.3334438 1.2351305 1.2887207 1.3019055 1.0650377 1.4815786 1.2479189 1.2001691 1.3006038 1.2829271 1.3635222 1.3635222 0.8103572 0.4140473 0.0000000 0.1616000 0.9338211 1.0190385 1.0445644 0.9452613 0.9896898 1.4256266 1.4227742 1.1117949 0.8798982 1.3550870 1.2092724 1.4799736 1.9483837 1.8530873 1.5833182 1.6219146 1.5264875 1.7951717 1.5627751 1.7712256 2.0787630 1.7127071 1.7438733 1.8421236 1.6378199 1.9549545 1.9371887 0.9608258 
Rhoesc_Res_010834-T1                               1.9715651 1.7376609 1.2329227 1.3702706 1.2616090 1.2330129 1.3381103 1.0268422 1.4964997 1.2834864 1.2591236 1.3303708 1.3124100 1.2850421 1.2850421 0.8739900 0.4032538 0.1616000 0.0000000 1.1345933 1.1667841 1.0741050 1.0248584 1.1083036 1.5918105 1.4680017 1.0693533 1.0260628 1.5582146 1.2452193 1.6379117 1.8645961 1.8740907 1.5368604 1.7123643 1.3877242 1.7711639 1.5601785 1.7407372 2.0695331 1.6389342 1.6151912 1.7077695 1.6229441 1.8329223 2.1209760 0.9356143 
Fspp_ffun1.m4.298.m1                               1.8615453 1.1833313 1.2473660 1.5315831 1.7528155 1.4423262 1.4366649 1.3361955 1.4488346 1.2656236 1.2765484 1.2677790 1.2677790 1.1347186 1.1347186 0.9455542 0.9489672 0.9338211 1.1345933 0.0000000 0.3561068 0.3769580 0.3423059 0.5080542 0.2861396 1.3974534 0.9497185 1.0233446 1.3190834 1.1229654 1.8676796 1.7571774 1.9875445 1.4495524 1.4416941 1.1716314 2.1133774 1.4481889 1.6911596 2.0628414 1.7394967 2.1155684 2.1155684 1.9332149 2.1442792 2.0006932 1.2021762 
Gasp_gasp1.m3.12739.m1                             1.8998011 1.4525186 1.2456599 1.6110096 1.5690628 1.6786079 1.4029028 1.3217659 1.5810717 1.3698422 1.3540499 1.2501601 1.2674493 1.3318674 1.3318674 1.0708271 1.0449825 1.0190385 1.1667841 0.3561068 0.0000000 0.2642376 0.1797787 0.4310702 0.7294996 1.0538207 0.8025006 0.8632172 1.2110735 1.1865836 1.7685817 1.8585407 1.6722965 1.4212349 1.5901790 1.2819705 1.8659611 1.4376800 1.8348920 2.0542338 1.8434663 1.8437873 1.9265672 1.7485123 1.7715025 2.2761689 1.0713076 
Spis_XP_022779127_1                                1.9861274 1.4461444 1.2925781 1.5584882 1.5834428 1.5241210 1.3473877 1.2182975 1.5092873 1.2737195 1.2318727 1.1771906 1.1609789 1.1441132 1.1441132 1.0181378 1.0527212 1.0445644 1.0741050 0.3769580 0.2642376 0.0000000 0.1009499 0.4861624 0.8083032 1.1149352 0.8844422 0.9550907 1.4788431 1.0847979 1.7613264 1.6861205 1.5540955 1.3983255 1.3875125 1.1414778 2.0134855 1.5489837 1.6832395 1.8670674 1.7132017 1.7163019 1.8187389 1.5657512 1.6921889 2.3697198 1.4327575 
Pocdam_XM_027191947.1                              2.0135070 1.4111527 1.2240053 1.4978016 1.5794266 1.5187590 1.2589475 1.1525016 1.5118554 1.1520047 1.1425157 1.1026967 1.0871490 1.1714176 1.1714176 1.0678281 1.0057787 0.9452613 1.0248584 0.3423059 0.1797787 0.1009499 0.0000000 0.4336641 0.7807663 1.1334919 0.7167547 0.8872972 1.3150899 1.0476928 1.7518616 1.7771171 1.5596393 1.2976148 1.3525503 1.1792562 1.9035777 1.6552919 1.6798124 1.8303182 1.6892552 1.7132298 1.8151990 1.5213342 1.6296602 2.1798828 1.3086893 
Amil_Amillepora30753-RA                            1.8967827 1.5141718 1.3469062 1.4162201 1.3967638 1.5869055 1.4215021 1.1732096 1.4819122 1.3031375 1.2733276 1.3234870 1.3058125 1.2430735 1.2430735 1.1744401 1.0694628 0.9896898 1.1083036 0.5080542 0.4310702 0.4861624 0.4336641 0.0000000 0.8920592 1.1557890 0.8107909 0.9745582 1.4424170 1.1921177 1.7424150 1.8107109 1.7434258 1.5422958 1.7988846 1.1844093 1.8205531 1.5055988 1.5971413 1.9750226 1.6763749 1.9430811 2.0333337 1.7143764 1.8398538 2.4949270 1.4147572 
Gfas_gfas1.m1.4008.m1                              2.3012213 1.7135900 1.5413628 1.7598396 2.0547479 1.8158924 2.0067888 1.5674549 2.0070887 1.9283868 1.9214924 1.9700915 1.9700915 1.8983341 1.8983341 1.4375913 1.4703642 1.4256266 1.5918105 0.2861396 0.7294996 0.8083032 0.7807663 0.8920592 0.0000000 1.7308820 1.4225611 1.4170523 1.8402390 2.0034394 2.1336947 2.3861684 2.5750404 1.9240498 1.8922825 1.7978446 2.3742355 2.0001820 2.4821594 2.9740320 2.6981681 2.9380889 2.9426217 2.5339392 2.9856617 3.1769952 1.4190796 
Nvec_NVE7954                                       2.1066384 1.6807951 1.5380860 1.5109546 1.4700938 1.6174727 1.5368240 1.2215816 1.3323353 1.5969905 1.5641764 1.5774878 1.5570018 1.6052879 1.6052879 1.2969474 1.2478257 1.4227742 1.4680017 1.3974534 1.0538207 1.1149352 1.1334919 1.1557890 1.7308820 0.0000000 0.8148203 1.1611683 1.6688604 1.3718294 1.8220753 1.9142882 1.6402329 1.8864705 1.8080934 1.6131912 2.1937913 1.4899537 1.7302248 2.1511289 1.8436973 1.4492266 1.6264327 1.3570060 2.3145991 2.3395932 2.0512589 
Exapal_XM_021043592.2                              2.0778840 1.5794286 1.2036244 1.4046259 1.5134936 1.3603776 1.4661422 1.0974972 1.3771258 1.2366058 1.2467564 1.2742272 1.2574039 1.3035139 1.3035139 1.2960775 1.0346928 1.1117949 1.0693533 0.9497185 0.8025006 0.8844422 0.7167547 0.8107909 1.4225611 0.8148203 0.0000000 0.9977215 1.4764190 1.1393999 1.6495652 1.4722626 1.5707676 1.6059787 1.8019701 1.4982724 1.9788601 1.6280064 1.6127373 1.8907042 1.6478674 1.7192556 1.8459522 1.5185612 1.8677010 2.2603666 1.6165243 
Dgig_XM_028550673.1                                1.9270752 1.2634386 0.9733763 1.2225962 1.3368738 1.2246560 1.3709713 0.9669174 1.2701154 1.2502830 1.2161294 1.2673074 1.2497261 1.3471506 1.3471506 1.0351780 0.9311466 0.8798982 1.0260628 1.0233446 0.8632172 0.9550907 0.8872972 0.9745582 1.4170523 1.1611683 0.9977215 0.0000000 0.6396287 1.1366016 1.3087330 1.3919678 1.5022419 1.5140651 1.4578364 1.0959232 1.4232332 1.3021432 1.4721936 1.5696718 1.5505659 1.6740074 1.8740698 1.7439636 1.8104662 1.8009422 1.3182158 
Xesp_014832-T2                                     2.4394440 1.4395615 1.2946945 1.7882382 1.6251529 1.6037929 2.0250255 1.5338540 1.5082473 1.8182525 1.7048137 1.7641449 1.7638343 1.7162550 1.7162550 1.3628670 1.3540429 1.3550870 1.5582146 1.3190834 1.2110735 1.4788431 1.3150899 1.4424170 1.8402390 1.6688604 1.4764190 0.6396287 0.0000000 1.5471468 1.7073183 2.0929367 2.0343599 2.0584509 1.8470653 1.6230367 1.7720625 1.7623054 2.6827645 2.2995220 2.4862483 2.1963157 2.2884049 2.1632447 2.4817734 2.5231736 1.5124675 
Morvir_scaffold332.g19.t1                          1.6882118 1.1715958 1.0476732 1.1528354 1.2701916 1.0105125 1.2050009 1.0366578 1.2244389 1.0334712 1.1102246 1.0932596 1.0771187 1.0243176 1.0243176 0.9217313 1.0398839 1.2092724 1.2452193 1.1229654 1.1865836 1.0847979 1.0476928 1.1921177 2.0034394 1.3718294 1.1393999 1.1366016 1.5471468 0.0000000 1.2390579 1.4222568 1.4272900 1.3360599 1.2377924 0.9648399 1.6797212 1.2389620 1.4832480 1.7458971 1.6264831 1.5059079 1.6261850 1.4953180 1.5502762 1.7440602 1.6530740 
Dpul_mRNA27484                                     1.5932470 1.0490273 0.9511788 1.1975601 1.3884633 1.1966418 1.0534378 0.9373967 1.0794381 1.2306358 1.2495635 1.2007224 1.1838649 1.3274041 1.3274041 1.2544243 1.3914287 1.4799736 1.6379117 1.8676796 1.7685817 1.7613264 1.7518616 1.7424150 2.1336947 1.8220753 1.6495652 1.3087330 1.7073183 1.2390579 0.0000000 1.5398070 1.4636278 1.4784880 1.6104076 1.2464907 1.3182030 1.2586063 1.7691791 1.9535147 1.7835906 1.6510750 1.7792260 1.7153007 2.1584622 1.5007998 2.6507101 
Aque_Aqu2.1.32935_001                              2.0812286 1.2606993 1.3834744 1.6170776 1.4991857 1.4474195 1.1794594 1.4031382 1.4552472 1.6801769 1.7907739 1.7591672 1.7811306 1.8105155 1.8105155 1.4659885 1.6209286 1.9483837 1.8645961 1.7571774 1.8585407 1.6861205 1.7771171 1.8107109 2.3861684 1.9142882 1.4722626 1.3919678 2.0929367 1.4222568 1.5398070 0.0000000 0.7443310 1.2676881 1.3566837 1.5426920 1.7716421 1.4769735 1.8373749 1.7641914 1.8441053 2.5418612 2.6817395 2.3244809 1.9722361 1.9358579 1.8961982 
Xestes_maker-XT_scaffold4202-snap-gene-0.36-mRNA-1 2.5473792 1.2880955 1.4936689 1.4998728 1.4565108 1.5321012 1.4557438 1.5780216 1.3374940 1.5160828 1.5931411 1.5859827 1.6061672 1.6971513 1.6971513 1.3916688 1.5593668 1.8530873 1.8740907 1.9875445 1.6722965 1.5540955 1.5596393 1.7434258 2.5750404 1.6402329 1.5707676 1.5022419 2.0343599 1.4272900 1.4636278 0.7443310 0.0000000 1.2175636 1.1062580 1.3789071 1.5671776 1.7163090 1.5756668 1.6028786 1.5287372 1.9538231 2.0581595 1.8554749 2.2373580 2.4103099 2.5306772 
Tetwil_g21381.t1                                   2.3822410 1.4598148 1.3641018 1.1079032 1.3358608 1.3028138 1.2085802 1.2694425 1.4250911 1.1154105 1.2169193 1.0993423 1.0827122 1.2537573 1.2537573 1.3042954 1.4755977 1.5833182 1.5368604 1.4495524 1.4212349 1.3983255 1.2976148 1.5422958 1.9240498 1.8864705 1.6059787 1.5140651 2.0584509 1.3360599 1.4784880 1.2676881 1.2175636 0.0000000 1.1826903 1.2133309 1.6388249 1.6144282 1.5001148 1.6443471 1.5480827 1.8393813 1.9094246 1.6658066 1.9720240 2.1437242 1.9875443 
Spolac_c80268_g1_i1_m.2580c80268-g1                1.9955338 1.2594448 0.9417123 1.2525307 1.1442684 1.2535945 1.3386433 1.3168655 1.2573634 1.3922797 1.3780847 1.4320633 1.4125356 1.3456986 1.3456986 1.3289477 1.5453643 1.6219146 1.7123643 1.4416941 1.5901790 1.3875125 1.3525503 1.7988846 1.8922825 1.8080934 1.8019701 1.4578364 1.8470653 1.2377924 1.6104076 1.3566837 1.1062580 1.1826903 0.0000000 1.0474521 1.7967720 1.7076413 1.4793558 1.7143543 1.6796715 1.6998920 1.7893460 1.7636237 1.7548331 1.9624436 2.1493086 
Plespi_Pspi_C573487_01                             1.5226963 1.2119272 0.9616517 1.1644102 1.1490635 1.1137271 1.0564012 1.1361402 1.2103612 0.9373938 0.9946579 0.9966098 1.0128756 0.8976509 0.8976509 1.2818434 1.3949180 1.5264875 1.3877242 1.1716314 1.2819705 1.1414778 1.1792562 1.1844093 1.7978446 1.6131912 1.4982724 1.0959232 1.6230367 0.9648399 1.2464907 1.5426920 1.3789071 1.2133309 1.0474521 0.0000000 1.6815128 1.4237391 1.3072509 1.3635641 1.4799165 1.6569148 1.7481167 1.7388899 1.7092183 2.1279136 1.7061896 
Tcas_TC000359_001                                  2.0628476 1.7223388 1.4698625 1.5017009 1.4110198 1.4300039 1.7553622 1.5108887 1.6164846 1.6675261 1.7328003 1.8180610 1.7956597 1.7303078 1.7303078 1.6741829 1.5971328 1.7951717 1.7711639 2.1133774 1.8659611 2.0134855 1.9035777 1.8205531 2.3742355 2.1937913 1.9788601 1.4232332 1.7720625 1.6797212 1.3182030 1.7716421 1.5671776 1.6388249 1.7967720 1.6815128 0.0000000 1.6367495 2.0499195 2.3379821 2.0157941 2.2988283 2.4573122 2.3966988 2.5345465 2.5850901 2.1027607 
Cscu_XM_023378588.1                                1.9104590 1.5715080 1.3088505 1.5574861 1.3703647 1.3414920 1.2577980 1.2343533 1.5041475 1.4079753 1.4178904 1.3798097 1.3607804 1.4775184 1.4775184 1.3715669 1.4427622 1.5627751 1.5601785 1.4481889 1.4376800 1.5489837 1.6552919 1.5055988 2.0001820 1.4899537 1.6280064 1.3021432 1.7623054 1.2389620 1.2586063 1.4769735 1.7163090 1.6144282 1.7076413 1.4237391 1.6367495 0.0000000 1.7352607 1.9029860 1.6501715 1.9014793 2.0733985 1.7609336 2.5342016 2.4054075 1.6004285 
Lcom_lcpid103589                                   2.4041232 1.5976167 1.4964495 1.3471784 1.8121529 1.4088538 1.3404614 1.3574317 1.6774698 1.5655954 1.6269052 1.6690844 1.6486249 1.5994923 1.5994923 1.6808507 1.6598095 1.7712256 1.7407372 1.6911596 1.8348920 1.6832395 1.6798124 1.5971413 2.4821594 1.7302248 1.6127373 1.4721936 2.6827645 1.4832480 1.7691791 1.8373749 1.5756668 1.5001148 1.4793558 1.3072509 2.0499195 1.7352607 0.0000000 0.5035837 0.4432398 1.9896095 2.1052082 1.9586082 2.1985297 2.2621673 2.4070337 
Leuniv_Lniv_C797980_01                             3.0418533 1.5535380 1.5408596 1.4672009 1.7142094 1.4144725 1.5122954 1.6286481 1.5663288 1.8352835 1.8709187 1.8896625 1.8675978 1.8187164 1.8187164 1.6384310 1.9755039 2.0787630 2.0695331 2.0628414 2.0542338 1.8670674 1.8303182 1.9750226 2.9740320 2.1511289 1.8907042 1.5696718 2.2995220 1.7458971 1.9535147 1.7641914 1.6028786 1.6443471 1.7143543 1.3635641 2.3379821 1.9029860 0.5035837 0.0000000 0.4733302 1.9363535 2.0536283 1.9570296 1.8738997 2.0265596 2.4803693 
Scil_scict022069.1                                 2.5480364 1.5360766 1.4407227 1.2593394 1.6385049 1.4740378 1.4074096 1.3162003 1.5857841 1.6340863 1.7132270 1.7769347 1.7558132 1.6677334 1.6677334 1.5517250 1.5420149 1.7127071 1.6389342 1.7394967 1.8434663 1.7132017 1.6892552 1.6763749 2.6981681 1.8436973 1.6478674 1.5505659 2.4862483 1.6264831 1.7835906 1.8441053 1.5287372 1.5480827 1.6796715 1.4799165 2.0157941 1.6501715 0.4432398 0.4733302 0.0000000 1.8472603 1.9545622 1.6007234 1.9872295 2.4606877 2.3116001 
Horcal_Hcv1.av93.c12.g496.i1                       2.3942118 1.5340384 1.4021020 1.3882259 1.3451185 1.4036485 1.5068486 1.3337405 1.5994187 1.5895814 1.7109643 1.6100454 1.5889263 1.6696213 1.6696213 1.5757204 1.3693521 1.7438733 1.6151912 2.1155684 1.8437873 1.7163019 1.7132298 1.9430811 2.9380889 1.4492266 1.7192556 1.6740074 2.1963157 1.5059079 1.6510750 2.5418612 1.9538231 1.8393813 1.6998920 1.6569148 2.2988283 1.9014793 1.9896095 1.9363535 1.8472603 0.0000000 0.0240335 0.3783235 2.0388309 1.9458474 1.8896952 
Pbac_sb2663824                                     2.3960777 1.6040208 1.4586826 1.4183979 1.3928233 1.3925359 1.5478838 1.3997270 1.7360342 1.7721431 1.9033694 1.7936816 1.7715103 1.8602023 1.8602023 1.7176078 1.4540879 1.8421236 1.7077695 2.1155684 1.9265672 1.8187389 1.8151990 2.0333337 2.9426217 1.6264327 1.8459522 1.8740698 2.2884049 1.6261850 1.7792260 2.6817395 2.0581595 1.9094246 1.7893460 1.7481167 2.4573122 2.0733985 2.1052082 2.0536283 1.9545622 0.0240335 0.0000000 0.3727437 2.0776910 1.9822807 1.8896952 
Mlei_ML1854.g2.i1                                  2.5848164 1.7195521 1.5355195 1.5616197 1.5844642 1.4797196 1.4472260 1.3805194 1.7857593 1.6524643 1.7787273 1.6350905 1.6136654 1.7310202 1.7310202 1.6134664 1.4455014 1.6378199 1.6229441 1.9332149 1.7485123 1.5657512 1.5213342 1.7143764 2.5339392 1.3570060 1.5185612 1.7439636 2.1632447 1.4953180 1.7153007 2.3244809 1.8554749 1.6658066 1.7636237 1.7388899 2.3966988 1.7609336 1.9586082 1.9570296 1.6007234 0.3783235 0.3727437 0.0000000 1.8897268 2.2481562 1.5594822 
Opea_EP00118_Oscarella_pearsei_P028249             2.8708896 2.0268020 1.6944315 2.2038597 1.8377070 1.8107577 2.0759986 1.9635652 1.9002794 2.1042947 2.2018347 2.2597892 2.2344351 2.1555557 2.1555557 2.1366274 2.0104835 1.9549545 1.8329223 2.1442792 1.7715025 1.6921889 1.6296602 1.8398538 2.9856617 2.3145991 1.8677010 1.8104662 2.4817734 1.5502762 2.1584622 1.9722361 2.2373580 1.9720240 1.7548331 1.7092183 2.5345465 2.5342016 2.1985297 1.8738997 1.9872295 2.0388309 2.0776910 1.8897268 0.0000000 2.5646497 2.5929658 
Lcom_lcpid189363                                   2.5774477 1.7009799 1.5027302 1.8120222 1.7141039 1.7849496 1.9139841 1.6163757 1.8871076 1.7912495 1.8412191 1.8310329 1.8310329 1.7712874 1.7712874 2.3363056 1.9772744 1.9371887 2.1209760 2.0006932 2.2761689 2.3697198 2.1798828 2.4949270 3.1769952 2.3395932 2.2603666 1.8009422 2.5231736 1.7440602 1.5007998 1.9358579 2.4103099 2.1437242 1.9624436 2.1279136 2.5850901 2.4054075 2.2621673 2.0265596 2.4606877 1.9458474 1.9822807 2.2481562 2.5646497 0.0000000 2.8354199 
Chem_TCONS_00049939                                4.1636171 2.2564969 2.0598972 2.1348275 1.9699031 1.6541987 1.5805677 1.8408571 1.4561189 1.3037768 1.3377709 1.2292566 1.2292566 1.4500977 1.4500977 0.5599668 0.9253515 0.9608258 0.9356143 1.2021762 1.0713076 1.4327575 1.3086893 1.4147572 1.4190796 2.0512589 1.6165243 1.3182158 1.5124675 1.6530740 2.6507101 1.8961982 2.5306772 1.9875443 2.1493086 1.7061896 2.1027607 1.6004285 2.4070337 2.4803693 2.3116001 1.8896952 1.8896952 1.5594822 2.5929658 2.8354199 0.0000000 
