70
Xestes_augustus_masked-XT_scaffold95104-processed-gene-0.0-mRNA-1  0.0000000 0.0824545 0.8359252 0.7856751 0.7927410 0.8721734 1.1409367 0.7753437 0.7331523 1.0993747 1.2651936 3.7419826 5.0035044 4.3500502 4.7309941 4.3866675 4.1116685 4.1355266 4.5537575 3.9313167 3.8295796 4.4274404 4.4906293 5.4319410 5.3910217 4.2878445 4.6435225 2.8916338 2.9886764 2.7464207 2.6181828 3.0368257 2.9221363 4.9254922 3.0684375 3.0684375 3.2869132 3.2869132 3.3063593 3.3063593 3.4709200 4.7515742 5.5370304 6.7116808 4.3372074 4.3638938 3.8414949 3.4630953 3.5349171 3.1632020 4.1126855 2.7554984 3.6435672 3.5542302 3.7238091 3.1435396 7.2445587 6.5421671 3.8095523 3.2081603 4.0255098 3.8258273 3.8258273 3.5500569 3.5500569 3.6048236 3.4814861 3.2169186 4.8201320 3.0341845 
Xestes_maker-XT_scaffold50977-snap-gene-0.39-mRNA-1                0.0824545 0.0000000 0.9390792 0.8996267 0.9489196 0.9614087 1.5454406 1.1362924 1.2146094 1.3744406 2.9130099 4.1594476 4.5171166 5.4467956 5.5376608 4.1860503 4.3097065 4.1280430 4.1078484 4.4451197 4.4374791 4.2071654 4.7688771 5.0702055 5.2561746 4.5944000 5.3879250 3.4212892 4.0321222 4.0362914 3.3043635 3.9710622 4.2301937 4.9642670 3.9032078 3.9724542 4.1938361 4.1552894 4.0595224 4.0595224 3.7037161 5.8609653 6.6461350 6.7597778 5.5837246 4.5664869 4.7165790 4.8302877 4.7803271 4.7213196 5.4075405 4.4800689 4.1830710 5.4561378 4.4969149 3.0600149 6.3408821 6.1206763 6.7479319 6.5023225 6.4558331 5.8689427 5.8907112 6.4152948 5.4594556 5.8300350 5.9429690 5.5615145 6.5641621 4.0110608 
Xestes_augustus_masked-XT_scaffold145306-processed-gene-0.1-mRNA-1 0.8359252 0.9390792 0.0000000 0.3453528 0.4591551 0.6768982 1.0262606 0.9680026 1.0688552 0.5015005 1.2885327 4.2175788 4.6439838 3.4463682 3.6058682 3.4081571 3.2796434 3.3490128 3.4537857 3.0026388 3.0411730 3.3791699 3.7567658 4.0662090 4.0734784 3.4165962 4.0681468 2.4432317 2.6408291 2.5791167 2.3533215 2.7368613 2.7662338 2.9057059 2.6463219 2.6420168 2.6679231 2.6679231 2.6527268 2.6527268 2.7445111 4.9791213 5.4016556 5.0651896 3.4057505 4.2219651 3.8026122 3.4450585 3.0913566 2.9850739 3.3063297 3.2507298 4.2763698 4.2376830 3.5882657 2.5096562 5.6220524 5.3110105 4.9712325 4.0315766 4.4396309 4.0862506 4.0862506 3.8854798 3.8854798 3.9849412 4.1076413 4.3635345 4.0541704 3.0039400 
Stycar_snap_masked-SC_scaffold146994-processed-gene-0.343-mRNA-1   0.7856751 0.8996267 0.3453528 0.0000000 0.3893053 0.6334940 0.8058145 0.9696697 0.9836506 0.3798593 1.3355116 4.1321764 4.5759447 3.2600837 3.0011042 3.1307666 3.0282382 3.1704590 3.3076617 2.7071551 2.6977634 3.5274022 3.1951547 3.8446368 3.6670402 3.3191675 3.5083979 2.0210664 2.1176776 2.1300118 2.4050639 2.3104417 2.2732387 2.8553352 2.6520635 2.6520635 2.6440684 2.6440684 2.5926488 2.5926488 2.4570522 4.5050308 4.8765371 5.1122579 3.2854167 3.9106441 3.6085464 3.4909293 3.3051617 3.0663444 3.4995372 3.4410240 3.4957660 3.6786053 3.7929300 2.4015007 5.6554388 5.2738738 4.3378360 4.0830864 4.7779438 4.2366400 4.2366400 3.8196340 3.8196340 4.0229541 4.0830997 3.9738954 4.0463505 3.0039255 
Xestes_augustus_masked-XT_scaffold88579-processed-gene-0.5-mRNA-1  0.7927410 0.9489196 0.4591551 0.3893053 0.0000000 0.6592055 1.0416375 1.0455881 1.0324324 0.3948955 1.6112216 4.5229870 5.1518331 3.4937004 3.4566594 3.4480628 3.2893717 3.2377419 3.3323256 2.9235060 2.8331679 3.2765342 3.2852115 4.2914280 4.1590612 3.5217077 3.7318914 2.2318926 2.4887328 2.4792089 2.3244764 2.5577324 2.5141790 2.8658578 2.6945030 2.7166344 2.6238243 2.6238243 2.4705358 2.4705358 2.4546981 5.6658974 5.9860289 5.6200723 3.6463073 3.9425575 3.7299552 3.8448118 3.4069170 3.0504223 3.3021685 3.5547245 3.8575904 3.6755112 3.5835334 2.0505802 5.1842865 4.8703789 5.6689518 4.9724399 5.7326307 4.7346684 4.7346684 4.0492303 4.0492303 4.5671503 4.3359669 4.2989041 4.9500480 3.0599709 
Spis_XP_022778686_1                                                0.8721734 0.9614087 0.6768982 0.6334940 0.6592055 0.0000000 0.3223017 0.9536079 1.1895409 0.6926060 1.6031450 3.9596841 4.8904552 3.9011699 3.6655922 3.7942823 3.7095841 3.7437907 3.7923082 3.2664525 3.2606733 3.5124351 3.7318354 4.0097379 3.7869584 3.4045347 4.1840041 2.3930812 2.3576539 2.5946681 2.5782389 2.4767711 2.4306590 3.3632220 3.2649764 3.3041602 3.2171411 3.2171411 3.1768209 3.1768209 2.4541053 5.1900888 4.8379740 5.0773584 4.0035713 3.7532625 4.3061451 4.0594147 3.7683208 3.5334451 3.6358317 3.7173779 3.9952015 4.1299182 3.3889790 2.8487181 5.8775701 5.5419980 6.3808070 4.8664728 5.4180696 4.5519088 4.5519088 4.8947085 4.8947085 4.7097199 4.4431574 4.6564644 4.8118291 3.1723744 
Spis_Spis25387_1                                                   1.1409367 1.5454406 1.0262606 0.8058145 1.0416375 0.3223017 0.0000000 1.1814889 1.6285811 1.3905655 2.3825768 5.1314679 5.7844959 5.2965908 4.5620339 5.0399699 5.2705004 5.2655709 5.1854671 4.4432843 4.6817140 4.4311477 4.6769622 5.3887748 5.2813074 4.7973934 5.4559304 3.2020677 3.2175064 3.0668476 2.9164956 3.6395997 3.7117007 4.1069456 3.7679219 3.8399656 3.6943846 3.6491486 3.8267904 3.8267904 3.1261015 5.0028904 5.0967725 5.5537490 4.9060326 4.2022170 4.3074674 4.8685739 4.5290558 4.4071823 4.8255021 4.1455129 4.3832549 5.1909163 4.3580512 5.1968760 6.0337222 5.7719188 8.2038942 5.7230902 6.0813850 5.0022533 5.0022533 5.7144645 5.1193138 5.3473011 5.3480280 5.3937552 5.2177863 3.1723744 
Xestes_augustus_masked-XT_scaffold174235-processed-gene-0.7-mRNA-1 0.7753437 1.1362924 0.9680026 0.9696697 1.0455881 0.9536079 1.1814889 0.0000000 0.8726771 1.4322885 1.6420675 4.9168572 5.8531854 4.4894444 4.3138898 4.0236880 3.8752793 4.4000079 4.5383365 3.6707312 3.5633801 3.9048673 4.1177581 4.0477901 4.0891439 3.8307526 4.8597998 2.7433533 3.0216636 2.9848083 2.7217711 3.1116098 3.1563302 3.9472870 3.7886765 3.8168416 3.8839568 3.8839568 3.7321004 3.7321004 3.1799207 4.9902033 5.1251443 4.8651171 3.8504273 4.3039713 4.1453250 4.0554409 4.2734053 3.9931965 4.5267078 3.5067182 3.9340909 4.3497332 3.6704601 3.2987435 5.4477213 5.0790467 8.8979768 5.7565680 6.7461064 6.1456967 6.1456967 6.1652152 6.1652152 5.5574460 6.3302933 6.0084372 7.4741082 4.3515032 
Morvir_scaffold121.g107.t1                                         0.7331523 1.2146094 1.0688552 0.9836506 1.0324324 1.1895409 1.6285811 0.8726771 0.0000000 1.4937189 1.9722303 3.9554637 5.0773918 4.5434806 4.3217908 4.1001541 4.0809135 4.3325523 4.5182311 3.4813887 3.4905067 3.4159670 3.8004656 4.7084613 4.9643154 3.9751887 4.5100572 2.5595331 2.8254262 2.7215020 3.0069199 2.9182687 2.9619228 3.7675826 3.2823397 3.3538753 3.5153686 3.5153686 3.0895043 3.0895043 3.1510557 4.3261164 5.4586822 5.1707710 3.9627621 3.1305969 3.1434348 3.0577227 3.0924342 3.1886356 3.5967655 3.0670827 3.6529549 3.4849119 2.9198140 3.3211171 5.3872223 5.0661434 5.3830403 5.6935041 5.8129616 5.7248210 5.7248210 5.5253103 5.5253103 5.1797916 5.5050077 5.3389002 5.5090901 4.1868246 
Fspp_ffun1.m4.32125.m1                                             1.0993747 1.3744406 0.5015005 0.3798593 0.3948955 0.6926060 1.3905655 1.4322885 1.4937189 0.0000000 1.3455924 3.9833223 4.2096054 3.4638077 3.2508674 3.2065843 3.1763524 3.2638286 3.1786651 3.0014258 2.7761799 3.3830965 3.2448196 3.7898038 3.4836620 3.1901988 3.4768563 2.2673064 2.4784466 2.4661774 2.5716032 2.4143128 2.4581905 2.9753523 2.3615358 2.4299596 2.3528447 2.3528447 2.2590953 2.2590953 2.3313672 4.9490584 5.5775184 5.7539601 3.3893115 3.5715717 4.1202805 3.7907542 3.5839575 3.2320086 3.3604950 3.1756815 4.4862803 3.9285350 3.5436113 2.1262597 5.2406706 4.9675956 4.6793506 4.8340459 5.7341792 4.3066206 4.3066206 3.8604150 3.7248526 4.1634132 4.5675038 4.4771957 5.1062578 2.3631726 
Xestes_augustus_masked-XT_scaffold190766-processed-gene-0.1-mRNA-1 1.2651936 2.9130099 1.2885327 1.3355116 1.6112216 1.6031450 2.3825768 1.6420675 1.9722303 1.3455924 0.0000000 6.1353346 6.9180962 6.6512010 6.8870604 5.4948014 5.3955637 5.4160090 5.3761028 5.6201007 5.6254145 5.5302563 5.2099052 8.4123789 7.6109017 7.6574480 8.0543383 3.3378044 3.8296155 3.9987062 3.6728644 3.9163270 4.2407860 5.4233043 4.2489066 4.1972168 4.5024047 4.4040448 4.4375122 4.4375122 5.1279591 8.3519543 7.8754894 8.3515008 5.8476697 5.8814649 5.9967722 6.3792995 6.1471898 6.1097572 6.5214399 5.2375636 6.3595308 5.9799539 6.0620277 3.3807992 6.9363086 6.8194533 8.1808734 6.7645442 7.7485552 6.2584716 6.2226098 5.8696497 5.4980167 5.9805728 6.5050394 6.6770606 6.6838398 3.9943518 
Hvul_g4850_1                                                       3.7419826 4.1594476 4.2175788 4.1321764 4.5229870 3.9596841 5.1314679 4.9168572 3.9554637 3.9833223 6.1353346 0.0000000 0.9003531 1.7766401 1.7873137 1.3261011 1.7647490 1.5626663 1.5207784 1.6232876 1.7062092 1.4544199 1.4491580 1.6156394 1.5949727 1.4218896 1.8770716 2.6692765 2.5031835 2.5207819 2.9939013 2.7446330 2.7626731 2.7090701 2.5157554 2.5276804 2.5353610 2.4990862 2.9526954 2.9526954 2.6675260 3.8045349 3.5590554 3.4355994 2.7484348 2.1983366 3.0012940 3.4132023 2.9465111 3.1106098 3.4961771 3.2883261 3.4256673 3.7573987 3.5151427 4.0208108 3.1960812 3.1031836 6.0057802 5.6428112 4.9207624 4.7036019 4.7625856 5.1339269 4.4746753 5.1524265 4.9470540 4.9649285 4.9125726 3.5035400 
Chem_TCONS_00021646                                                5.0035044 4.5171166 4.6439838 4.5759447 5.1518331 4.8904552 5.7844959 5.8531854 5.0773918 4.2096054 6.9180962 0.9003531 0.0000000 1.8677000 1.8724882 1.1664399 1.6306376 1.5353099 1.5364766 1.8905951 1.7333958 1.4477249 1.6492439 1.5814124 1.5115524 1.3974435 1.6038031 2.7704919 2.3054083 2.0420122 2.8097721 2.2287566 2.1691438 2.3375126 2.1671173 2.2916675 2.5099023 2.5163073 2.3331612 2.3331612 2.0094976 2.8156496 2.8262429 3.1106978 2.4424342 1.2670837 2.2644825 3.2107508 3.0082516 2.8801540 3.0135544 2.5188688 2.5460364 3.1288281 3.0716269 3.1301750 2.8444617 2.8444617 5.2328614 4.6190801 4.7103491 4.3425405 4.5660663 4.7206696 3.4831487 4.3370054 3.8607263 4.1247536 3.7434995 2.0268370 
Xesp_011273-T1                                                     4.3500502 5.4467956 3.4463682 3.2600837 3.4937004 3.9011699 5.2965908 4.4894444 4.5434806 3.4638077 6.6512010 1.7766401 1.8677000 0.0000000 0.4026964 1.0947117 1.2736175 1.4253413 1.4429283 1.4312157 1.4572881 1.5557961 1.4729386 2.0911938 2.1860322 1.7116567 1.8880261 2.0579599 2.6082990 2.4247823 2.9254909 2.7051806 2.8339885 2.8792698 2.8542127 2.8426205 2.9161361 2.8741265 3.0078329 3.0078329 2.4131397 4.4452265 3.9876061 4.1789824 2.8352843 2.5734308 3.0438622 3.8942903 2.9107094 2.8221760 3.2370644 3.2850523 3.3828453 3.7354260 4.3767056 3.1460665 4.5622385 4.4970683 6.6062669 4.8890796 5.3508081 4.8110935 4.8777457 5.5680646 4.2413412 4.7471533 5.2635027 4.8275004 6.8488200 3.2619740 
Dgig_XM_028539066.1                                                4.7309941 5.5376608 3.6058682 3.0011042 3.4566594 3.6655922 4.5620339 4.3138898 4.3217908 3.2508674 6.8870604 1.7873137 1.8724882 0.4026964 0.0000000 0.9902470 1.2295473 1.4105155 1.4086581 1.4337712 1.3960095 1.4215059 1.5089900 2.1991942 2.2557091 1.8879188 1.8941417 2.0968408 2.5993247 2.5996164 3.0085453 2.8347081 2.8900876 3.0899193 2.9322287 2.9881346 3.0720268 3.0279059 2.9423108 2.9423108 2.6104743 4.3295513 3.7203809 4.4222589 3.0815629 2.5107416 3.4629591 3.8360002 2.9569864 3.1338922 3.6288399 3.7639757 3.9312041 4.1663981 4.1195539 4.0646983 4.5696724 4.5512968 6.1953855 4.8621232 5.4065577 4.5515057 4.6119080 5.1256993 4.1827901 4.9987821 4.8850011 5.1300338 7.1478484 2.9653412 
Fspp_ffun1.m4.18184.m1                                             4.3866675 4.1860503 3.4081571 3.1307666 3.4480628 3.7942823 5.0399699 4.0236880 4.1001541 3.2065843 5.4948014 1.3261011 1.1664399 1.0947117 0.9902470 0.0000000 0.1764345 0.2704782 0.2845584 0.4588156 0.4293527 0.6501766 0.7104569 1.1646895 1.2390116 0.9211726 1.3797468 2.2226856 2.1293171 1.8280897 2.4077429 2.0803075 2.2018198 2.0921277 1.7005426 1.7054685 1.6529245 1.6670571 1.7665923 1.7665923 1.9453934 2.9394071 2.9778269 3.1350954 2.1129766 2.1411784 2.5731338 2.9434407 2.4398662 2.9411363 2.4716607 2.8024082 2.6219427 2.6998719 2.9408886 3.1737869 3.0677454 2.9565259 5.0111294 4.9569754 4.9229438 4.6817187 4.6877325 4.6603000 4.2436607 4.7980525 4.4131578 4.2109106 4.1024134 3.3084408 
Gasp_gasp1.m3.7927.m1                                              4.1116685 4.3097065 3.2796434 3.0282382 3.2893717 3.7095841 5.2705004 3.8752793 4.0809135 3.1763524 5.3955637 1.7647490 1.6306376 1.2736175 1.2295473 0.1764345 0.0000000 0.5644771 0.6171141 0.6920747 0.6712318 0.9308999 0.9474750 1.6068982 1.6348060 1.3462571 1.6758758 2.6529033 2.6668547 2.5651161 3.2400623 2.6341999 2.9111097 2.8868171 2.2305476 2.3060095 2.2859254 2.2910480 2.4447559 2.4447559 2.3733669 3.6341650 3.4081356 3.7710381 2.5054966 2.2259650 2.8552363 3.6114067 2.7723117 3.1055185 3.0125655 3.1957557 3.2554656 3.3301329 3.3017935 3.4699756 4.0478783 3.9637526 5.5950505 5.4514210 5.2293011 4.7188502 4.9826720 5.4199375 4.2073248 5.2718781 5.0266343 4.3928234 4.3616183 3.0744470 
Spis_XP_022781372_1                                                4.1355266 4.1280430 3.3490128 3.1704590 3.2377419 3.7437907 5.2655709 4.4000079 4.3325523 3.2638286 5.4160090 1.5626663 1.5353099 1.4253413 1.4105155 0.2704782 0.5644771 0.0000000 0.0712060 0.6235735 0.5371524 0.7542082 0.7569258 1.4295169 1.5551617 1.3079942 1.5925259 2.7897907 2.6029427 2.4514871 3.0304822 2.8502825 2.8122790 2.6875798 2.1236025 2.0963845 2.0207296 2.0344898 2.2449536 2.2449536 2.4424356 3.6168823 3.5061947 3.8585345 2.6500709 2.5150572 2.9198349 3.4954847 2.8708408 2.9081063 2.9121339 3.3611041 3.4634564 3.3640608 3.5483144 3.5616618 3.9172878 3.8360995 5.5376008 5.3395181 5.4599770 5.1531650 5.4231050 5.4530224 4.5466479 5.1026870 4.8870941 4.7657682 4.2636724 3.1533318 
Pocdam_XM_027195808.1                                              4.5537575 4.1078484 3.4537857 3.3076617 3.3323256 3.7923082 5.1854671 4.5383365 4.5182311 3.1786651 5.3761028 1.5207784 1.5364766 1.4429283 1.4086581 0.2845584 0.6171141 0.0712060 0.0000000 0.5938200 0.5366793 0.8152656 0.8216710 1.4387072 1.5223577 1.3067650 1.5492428 2.7552098 2.5530042 2.4294973 2.9585779 2.6699099 2.6695644 2.5864026 2.1651003 2.1505377 2.0588861 2.0729972 2.2768300 2.2768300 2.5153707 3.5859125 3.4737340 3.8441694 2.6252599 2.5030803 2.9825294 3.4626524 2.8704487 2.9187683 3.0485983 3.3545596 3.4887204 3.3391844 3.5641965 3.5413039 3.9333155 3.8434151 5.7931798 5.3244223 5.4559540 5.0799885 5.3734098 5.4704327 4.4945414 4.9518872 4.8567608 4.7442987 4.2871990 3.0437230 
Amil_Amillepora20290-RA                                            3.9313167 4.4451197 3.0026388 2.7071551 2.9235060 3.2664525 4.4432843 3.6707312 3.4813887 3.0014258 5.6201007 1.6232876 1.8905951 1.4312157 1.4337712 0.4588156 0.6920747 0.6235735 0.5938200 0.0000000 0.2299285 0.7055862 0.8508981 1.5959797 1.7904635 1.3941155 1.7773347 2.7361391 2.3490803 2.2959390 2.8591980 2.5191795 2.6847115 2.7896693 2.1816853 2.1607308 2.1894630 2.2043589 2.3586467 2.3586467 2.5530014 3.9581990 3.6245024 3.6945907 2.6723862 2.4900657 3.4029673 3.5812534 3.1135445 3.1138689 3.0290427 3.4030056 3.8018409 3.4125561 3.4995830 3.2913903 4.2678501 4.1365255 6.2415094 5.6821060 5.2588195 4.8127211 4.9121456 5.3210177 4.4358998 5.2508570 5.3222695 4.9060986 5.5291075 3.2760229 
Gfas_gfas1.m1.14697.m1                                             3.8295796 4.4374791 3.0411730 2.6977634 2.8331679 3.2606733 4.6817140 3.5633801 3.4905067 2.7761799 5.6254145 1.7062092 1.7333958 1.4572881 1.3960095 0.4293527 0.6712318 0.5371524 0.5366793 0.2299285 0.0000000 0.7032348 0.8056839 1.5210687 1.6820103 1.3459419 1.6644918 2.5117952 2.3348252 2.0812577 2.7979469 2.5548680 2.6040430 2.7822236 2.0161297 2.0767586 2.0359407 2.0498445 2.0954913 2.0954913 2.4207161 3.7194466 3.4331218 3.6259961 2.4871970 2.3387106 2.9713357 3.3994740 2.9077964 2.8201978 2.7943479 3.0792937 3.0331805 3.3669172 3.1948145 3.0535328 3.7550961 3.6340730 5.6249264 5.5201812 5.1709944 4.7935027 5.0163895 5.0189066 4.2762317 4.9001502 5.0363823 4.7797271 4.6337990 3.3130066 
Exapal_XM_021037360.2                                              4.4274404 4.2071654 3.3791699 3.5274022 3.2765342 3.5124351 4.4311477 3.9048673 3.4159670 3.3830965 5.5302563 1.4544199 1.4477249 1.5557961 1.4215059 0.6501766 0.9308999 0.7542082 0.8152656 0.7055862 0.7032348 0.0000000 0.5944487 1.4250211 1.5118754 1.2897467 1.9310338 2.1084584 2.2051881 2.0411200 2.6851799 2.3466241 2.4424235 2.5973217 2.0255164 2.0913460 2.0994507 2.0702923 2.2302357 2.2302357 2.2640012 3.6102170 3.2644756 3.8062457 2.4987496 2.1577639 2.8195930 3.1768116 2.8959242 3.1814760 2.9533039 3.0462568 2.8790095 3.3174009 3.2033746 3.8040502 3.6853760 3.5518864 6.1506977 5.2203509 4.7787862 5.0640670 5.1349368 5.0206342 4.3877364 5.2989045 4.7137583 4.6805785 5.5197953 3.6552811 
Nvec_v1g244456                                                     4.4906293 4.7688771 3.7567658 3.1951547 3.2852115 3.7318354 4.6769622 4.1177581 3.8004656 3.2448196 5.2099052 1.4491580 1.6492439 1.4729386 1.5089900 0.7104569 0.9474750 0.7569258 0.8216710 0.8508981 0.8056839 0.5944487 0.0000000 1.6971573 1.7187365 1.4223692 1.7951111 2.0689396 2.1577358 2.0638322 2.7333389 2.4171766 2.3946059 2.5137599 2.2723719 2.1816545 2.1476468 2.1321881 2.4013459 2.4013459 2.2355819 3.2473248 3.2241264 3.5998236 2.4234188 2.4342921 3.4485955 3.2559790 2.7937141 3.2399488 3.0449340 3.5147138 3.2856742 3.3108460 3.2926137 4.4266825 3.6397335 3.6081230 8.1229810 5.8942488 5.4658490 5.2309291 5.3596564 5.0704783 4.6599543 5.6783060 5.2700293 5.3509518 5.5964176 3.6349844 
Nemnom_g4559.t1                                                    5.4319410 5.0702055 4.0662090 3.8446368 4.2914280 4.0097379 5.3887748 4.0477901 4.7084613 3.7898038 8.4123789 1.6156394 1.5814124 2.0911938 2.1991942 1.1646895 1.6068982 1.4295169 1.4387072 1.5959797 1.5210687 1.4250211 1.6971573 0.0000000 0.2113059 0.7321054 1.5791944 3.0131645 2.6088067 2.5170559 3.1999347 2.7078666 2.8817564 2.7740475 2.6173088 2.7439113 2.6835559 2.7254852 2.9466821 2.9466821 2.5190906 3.7760078 3.6131143 3.9031009 2.7317538 1.9082184 2.7157936 2.9304383 2.5444693 2.9677440 3.2958329 3.2682850 3.1394684 3.0878718 3.2036479 3.9920618 3.8725880 3.9075118 5.2986295 4.7753451 5.5503363 6.2451388 6.4030399 5.6687299 5.6553192 5.6674119 5.4255745 5.2225335 5.1199315 4.1407767 
Rhoesc_Res_008523-T1                                               5.3910217 5.2561746 4.0734784 3.6670402 4.1590612 3.7869584 5.2813074 4.0891439 4.9643154 3.4836620 7.6109017 1.5949727 1.5115524 2.1860322 2.2557091 1.2390116 1.6348060 1.5551617 1.5223577 1.7904635 1.6820103 1.5118754 1.7187365 0.2113059 0.0000000 0.7372779 1.5707150 2.9581957 2.7974776 2.5788496 3.0890090 2.7375088 2.8525450 2.8246135 2.7005608 2.8434607 2.7806892 2.7851760 3.1567049 3.1567049 2.4428465 4.0271606 3.8627017 4.2766437 2.8240166 2.0170755 3.2441364 3.4095014 3.0146281 3.4601880 3.5938242 3.2074033 3.3841187 3.4727131 3.5563587 3.5770623 3.7099870 3.7383696 5.3553477 4.8157238 5.4397427 5.9583921 6.1014125 5.4455155 5.3899014 5.5648905 5.2108689 4.7653627 4.5918545 3.7710095 
Sanmal_Sma_001890-T1                                               4.2878445 4.5944000 3.4165962 3.3191675 3.5217077 3.4045347 4.7973934 3.8307526 3.9751887 3.1901988 7.6574480 1.4218896 1.3974435 1.7116567 1.8879188 0.9211726 1.3462571 1.3079942 1.3067650 1.3941155 1.3459419 1.2897467 1.4223692 0.7321054 0.7372779 0.0000000 1.6488369 2.5974410 2.2933583 2.3271198 2.5693284 2.3651922 2.4684469 2.3100995 2.3237460 2.3217564 2.4124835 2.4288450 2.5495723 2.5495723 2.3357201 3.5247284 3.5601964 3.8150694 2.7237218 1.7812913 2.8326155 3.0852396 2.6208448 2.8073676 2.9311350 3.1712739 3.0995819 3.1823186 3.2498831 3.2709187 3.4575097 3.4279455 4.2613734 4.3020771 4.2538388 4.4839415 4.5203021 4.6436239 3.8137047 4.8711364 4.6448213 4.1517967 4.8488596 3.8819300 
Morvir_scaffold395.g14.t1                                          4.6435225 5.3879250 4.0681468 3.5083979 3.7318914 4.1840041 5.4559304 4.8597998 4.5100572 3.4768563 8.0543383 1.8770716 1.6038031 1.8880261 1.8941417 1.3797468 1.6758758 1.5925259 1.5492428 1.7773347 1.6644918 1.9310338 1.7951111 1.5791944 1.5707150 1.6488369 0.0000000 2.7229751 3.1591663 2.6274791 3.5290900 3.1282143 2.9720935 3.0257261 2.2429138 2.3572648 2.4228458 2.4394747 2.4938908 2.4938908 2.4286009 3.8982716 3.9516846 4.3413255 2.8883966 2.4358683 3.4751340 3.8354360 3.3519145 3.2535460 3.6091849 3.7222258 3.6251243 3.8348592 3.6954377 3.8639447 3.9353239 3.7299205 5.1071423 4.9678210 5.1897868 4.9739237 5.0704579 5.2945079 4.5020548 4.7954149 5.1517205 5.2166445 4.2695328 5.4957704 
Xestes_maker-XT_scaffold3817-augustus-gene-0.7-mRNA-1              2.8916338 3.4212892 2.4432317 2.0210664 2.2318926 2.3930812 3.2020677 2.7433533 2.5595331 2.2673064 3.3378044 2.6692765 2.7704919 2.0579599 2.0968408 2.2226856 2.6529033 2.7897907 2.7552098 2.7361391 2.5117952 2.1084584 2.0689396 3.0131645 2.9581957 2.5974410 2.7229751 0.0000000 0.6301798 0.7216524 0.8099968 0.9977575 0.9274254 1.5329170 1.5986556 1.5356701 1.4968822 1.4742426 1.6859854 1.6859854 1.7309501 3.1837753 2.9734918 2.9296835 2.2300770 1.9378577 2.3714422 2.6174358 2.9877514 2.6384253 2.6150191 2.4068091 2.6918493 2.4774046 2.9089545 3.4475056 3.4930911 3.3248337 5.3072643 4.4368723 4.9144859 4.7368191 5.0506453 4.9299830 4.2840993 4.2773695 4.0484173 4.1376140 4.9824112 2.4752927 
Tetwil_g9695.t1                                                    2.9886764 4.0321222 2.6408291 2.1176776 2.4887328 2.3576539 3.2175064 3.0216636 2.8254262 2.4784466 3.8296155 2.5031835 2.3054083 2.6082990 2.5993247 2.1293171 2.6668547 2.6029427 2.5530042 2.3490803 2.3348252 2.2051881 2.1577358 2.6088067 2.7974776 2.2933583 3.1591663 0.6301798 0.0000000 0.5218381 0.8436154 0.8177747 0.7893846 1.5157220 1.5939101 1.5226201 1.5087016 1.5224125 1.7423786 1.7423786 1.5040458 2.6986076 3.2207577 2.5489464 2.3327134 1.7037198 2.5329814 2.5497722 2.6859460 2.7010883 2.5260882 2.3155335 2.5892883 2.4829510 2.5430848 2.5851617 3.4610253 3.2996736 4.6238101 3.7141566 4.9117488 4.3891468 4.5945123 4.7540816 4.0365548 4.1635474 3.8235524 3.9774583 4.8133182 2.8380279 
Stycar_maker-SC_scaffold7350-augustus-gene-0.47-mRNA-1             2.7464207 4.0362914 2.5791167 2.1300118 2.4792089 2.5946681 3.0668476 2.9848083 2.7215020 2.4661774 3.9987062 2.5207819 2.0420122 2.4247823 2.5996164 1.8280897 2.5651161 2.4514871 2.4294973 2.2959390 2.0812577 2.0411200 2.0638322 2.5170559 2.5788496 2.3271198 2.6274791 0.7216524 0.5218381 0.0000000 1.0506415 0.8457147 0.7777434 1.2001003 1.5149900 1.4505572 1.4046636 1.4171566 1.5635181 1.5635181 1.5472082 3.2865467 3.3648061 3.1096347 2.1568419 1.5999145 2.3332873 2.5214736 2.2981048 2.4019794 2.1462015 1.8744992 2.5579447 2.1837294 2.3127782 2.9576213 3.8521268 3.6847421 4.3887565 4.1736483 4.9560355 4.8665215 4.9390723 4.7210535 4.1831686 4.8240166 3.6484337 3.8797590 4.5781975 2.9068991 
Aque_Aqu2.1.33099_001                                              2.6181828 3.3043635 2.3533215 2.4050639 2.3244764 2.5782389 2.9164956 2.7217711 3.0069199 2.5716032 3.6728644 2.9939013 2.8097721 2.9254909 3.0085453 2.4077429 3.2400623 3.0304822 2.9585779 2.8591980 2.7979469 2.6851799 2.7333389 3.1999347 3.0890090 2.5693284 3.5290900 0.8099968 0.8436154 1.0506415 0.0000000 1.1230659 1.0524192 1.7700191 2.0670781 1.9364161 1.9318321 1.9234582 1.9814392 1.9814392 1.9842431 3.2229722 3.3916198 2.9672672 2.5005596 2.3222907 3.2414021 3.3718491 3.2488410 2.9471237 2.9732015 2.5069796 3.3038384 2.8332084 3.1957907 2.7895144 3.8390322 3.6957443 4.0345358 4.0675950 4.7144291 4.5830981 4.8675393 4.7140947 4.1416333 4.4872789 3.7822729 4.2703343 4.3872046 2.4303043 
Emue_Em0023g774a.t1                                                3.0368257 3.9710622 2.7368613 2.3104417 2.5577324 2.4767711 3.6395997 3.1116098 2.9182687 2.4143128 3.9163270 2.7446330 2.2287566 2.7051806 2.8347081 2.0803075 2.6341999 2.8502825 2.6699099 2.5191795 2.5548680 2.3466241 2.4171766 2.7078666 2.7375088 2.3651922 3.1282143 0.9977575 0.8177747 0.8457147 1.1230659 0.0000000 0.2020260 1.6401046 1.8219500 1.7626430 1.7837164 1.7842506 1.7370497 1.7370497 1.7995778 3.2013610 3.1969941 3.3262805 2.3442425 1.6514613 2.8597882 2.7773206 2.8046169 2.8440480 2.7829095 2.2317840 3.2021263 2.8133872 2.8785270 2.8789248 4.1221219 3.9431860 5.1236046 4.4618459 4.6929815 4.3581585 4.6044698 4.5349721 3.7603055 4.5165312 4.0855405 4.5403514 4.2774308 2.4832133 
Spolac_c91422_g1_i1_m.6864c91422-g1                                2.9221363 4.2301937 2.7662338 2.2732387 2.5141790 2.4306590 3.7117007 3.1563302 2.9619228 2.4581905 4.2407860 2.7626731 2.1691438 2.8339885 2.8900876 2.2018198 2.9111097 2.8122790 2.6695644 2.6847115 2.6040430 2.4424235 2.3946059 2.8817564 2.8525450 2.4684469 2.9720935 0.9274254 0.7893846 0.7777434 1.0524192 0.2020260 0.0000000 1.5659865 1.8464301 1.8547484 1.9617713 1.9551524 1.8113320 1.8113320 1.8897869 3.4201120 3.3683917 3.4134080 2.3179326 1.8191389 2.8742144 2.7652998 2.9294804 2.8993004 2.9333594 2.3850379 3.1741201 2.5684671 2.9295851 2.4412614 4.1961198 4.0201796 4.7002860 4.3872945 4.5348950 4.4881979 4.6855030 4.4021905 3.9440525 4.3673655 3.9434679 4.5178781 4.5873503 2.9863954 
Plespi_Pspi_C596802_01                                             4.9254922 4.9642670 2.9057059 2.8553352 2.8658578 3.3632220 4.1069456 3.9472870 3.7675826 2.9753523 5.4233043 2.7090701 2.3375126 2.8792698 3.0899193 2.0921277 2.8868171 2.6875798 2.5864026 2.7896693 2.7822236 2.5973217 2.5137599 2.7740475 2.8246135 2.3100995 3.0257261 1.5329170 1.5157220 1.2001003 1.7700191 1.6401046 1.5659865 0.0000000 2.1697902 2.1597479 2.2026764 2.1715952 2.1166806 2.1166806 2.1703845 3.2011976 3.1469384 3.4211644 2.6738157 2.4815457 3.2159693 3.2330734 3.3068595 3.1386850 3.1174224 3.4409470 3.8848308 3.3681656 3.4148591 2.5784714 3.3556904 3.2437460 5.0661516 4.4873231 4.6606304 4.8007039 5.0426314 5.1533755 4.6097739 4.9742037 4.6723229 5.2549465 5.7473115 3.8519588 
HoiH23_PlH23_010150-RA                                             3.0684375 3.9032078 2.6463219 2.6520635 2.6945030 3.2649764 3.7679219 3.7886765 3.2823397 2.3615358 4.2489066 2.5157554 2.1671173 2.8542127 2.9322287 1.7005426 2.2305476 2.1236025 2.1651003 2.1816853 2.0161297 2.0255164 2.2723719 2.6173088 2.7005608 2.3237460 2.2429138 1.5986556 1.5939101 1.5149900 2.0670781 1.8219500 1.8464301 2.1697902 0.0000000 0.0560172 0.2387292 0.2353012 0.4155974 0.4155974 1.7578234 3.0707461 3.0074037 2.9197543 1.6166957 1.6708358 2.4917540 2.4322481 2.6700345 2.5619243 2.2684703 2.2097554 2.0576839 2.7965159 3.0600624 2.6150322 3.3632070 3.2450223 4.1348417 4.0693168 4.5840726 4.2290178 4.4377886 4.1066676 3.7878367 4.0397105 3.8440247 4.4345467 4.1259199 3.2514753 
HoiH06_mRNA7310                                                    3.0684375 3.9724542 2.6420168 2.6520635 2.7166344 3.3041602 3.8399656 3.8168416 3.3538753 2.4299596 4.1972168 2.5276804 2.2916675 2.8426205 2.9881346 1.7054685 2.3060095 2.0963845 2.1505377 2.1607308 2.0767586 2.0913460 2.1816545 2.7439113 2.8434607 2.3217564 2.3572648 1.5356701 1.5226201 1.4505572 1.9364161 1.7626430 1.8547484 2.1597479 0.0560172 0.0000000 0.2239628 0.2207017 0.3700625 0.3700625 1.7579215 3.0650133 3.0666051 2.8993656 1.6694876 1.7014755 2.5473783 2.4640862 2.6471421 2.5121770 2.2504235 2.2624511 2.0761827 2.7664583 3.1048018 2.6423688 3.5125369 3.3913397 4.2008950 4.0210738 4.4337406 4.3556777 4.5314515 4.2930920 3.8107524 4.0702944 3.9205530 4.4044563 4.4417470 3.1651857 
Hhon_g06441.t1                                                     3.2869132 4.1938361 2.6679231 2.6440684 2.6238243 3.2171411 3.6943846 3.8839568 3.5153686 2.3528447 4.5024047 2.5353610 2.5099023 2.9161361 3.0720268 1.6529245 2.2859254 2.0207296 2.0588861 2.1894630 2.0359407 2.0994507 2.1476468 2.6835559 2.7806892 2.4124835 2.4228458 1.4968822 1.5087016 1.4046636 1.9318321 1.7837164 1.9617713 2.2026764 0.2387292 0.2239628 0.0000000 0.0091935 0.4516420 0.4516420 1.6344768 3.0035730 3.0897897 2.9756823 1.7503385 1.7846125 2.5052058 2.4395111 2.3676800 2.5321700 2.1440443 2.3292978 2.1640391 2.9323519 3.0332664 3.0837718 3.3568184 3.2387571 5.0258690 4.4073271 4.8915324 4.6991219 4.7715544 4.3540743 4.0144381 4.1030396 4.3776853 4.7857876 5.2132911 3.1341775 
HoiH04_mRNA1955                                                    3.2869132 4.1552894 2.6679231 2.6440684 2.6238243 3.2171411 3.6491486 3.8839568 3.5153686 2.3528447 4.4040448 2.4990862 2.5163073 2.8741265 3.0279059 1.6670571 2.2910480 2.0344898 2.0729972 2.2043589 2.0498445 2.0702923 2.1321881 2.7254852 2.7851760 2.4288450 2.4394747 1.4742426 1.5224125 1.4171566 1.9234582 1.7842506 1.9551524 2.1715952 0.2353012 0.2207017 0.0091935 0.0000000 0.4540814 0.4540814 1.6429456 3.0150906 3.0876415 2.9814009 1.7516179 1.7846125 2.5281714 2.4614923 2.4159862 2.5805723 2.1732147 2.3446425 2.1769449 2.9781057 3.0426878 3.0837718 3.3317099 3.2139662 5.0346747 4.4147749 4.9007792 4.7087264 4.7813357 4.3612427 4.0217639 4.1094806 4.3851380 4.7947953 5.2319029 3.1341775 
TrH2_TrispH2_004275-RA                                             3.3063593 4.0595224 2.6527268 2.5926488 2.4705358 3.1768209 3.8267904 3.7321004 3.0895043 2.2590953 4.4375122 2.9526954 2.3331612 3.0078329 2.9423108 1.7665923 2.4447559 2.2449536 2.2768300 2.3586467 2.0954913 2.2302357 2.4013459 2.9466821 3.1567049 2.5495723 2.4938908 1.6859854 1.7423786 1.5635181 1.9814392 1.7370497 1.8113320 2.1166806 0.4155974 0.3700625 0.4516420 0.4540814 0.0000000 0.0000010 1.7332189 3.1013576 3.0145306 2.9080402 1.7257209 1.7727603 2.5290876 2.6247662 2.5005169 2.4954402 2.2743990 2.2722458 2.4156661 2.7012717 3.0318846 3.1767684 3.4567540 3.3473254 4.2938381 4.3713968 4.5429875 3.8657480 4.0162408 3.9806523 3.5166623 3.7705481 3.7283198 4.3613061 4.4419918 3.2144203 
Tadh_TriadT56974                                                   3.3063593 4.0595224 2.6527268 2.5926488 2.4705358 3.1768209 3.8267904 3.7321004 3.0895043 2.2590953 4.4375122 2.9526954 2.3331612 3.0078329 2.9423108 1.7665923 2.4447559 2.2449536 2.2768300 2.3586467 2.0954913 2.2302357 2.4013459 2.9466821 3.1567049 2.5495723 2.4938908 1.6859854 1.7423786 1.5635181 1.9814392 1.7370497 1.8113320 2.1166806 0.4155974 0.3700625 0.4516420 0.4540814 0.0000010 0.0000000 1.7332189 3.1013576 3.0145306 2.9080402 1.7257209 1.7727603 2.5290876 2.6247662 2.5005169 2.4954402 2.2743990 2.2722458 2.4156661 2.7012717 3.0318846 3.1767684 3.4567540 3.3473254 4.2938381 4.3713968 4.5429875 3.8657480 4.0162408 3.9806523 3.5166623 3.7705481 3.7283198 4.3613061 4.4419918 3.2144203 
Opea_EP00118_Oscarella_pearsei_P021904                             3.4709200 3.7037161 2.7445111 2.4570522 2.4546981 2.4541053 3.1261015 3.1799207 3.1510557 2.3313672 5.1279591 2.6675260 2.0094976 2.4131397 2.6104743 1.9453934 2.3733669 2.4424356 2.5153707 2.5530014 2.4207161 2.2640012 2.2355819 2.5190906 2.4428465 2.3357201 2.4286009 1.7309501 1.5040458 1.5472082 1.9842431 1.7995778 1.8897869 2.1703845 1.7578234 1.7579215 1.6344768 1.6429456 1.7332189 1.7332189 0.0000000 2.7326593 2.6864889 2.7662814 1.8203471 1.8928644 2.6680044 2.7395673 2.3885629 2.5067706 2.3504769 2.1563250 2.8995453 2.7446001 2.0970540 2.9995850 4.1182805 3.9515717 5.8809559 4.0003717 4.1140257 4.1793807 4.4555310 4.5827261 3.9239063 3.8394155 4.0825349 3.8428920 4.4818456 3.1106658 
Gracom_Gcom_scaffold15048_01                                       4.7515742 5.8609653 4.9791213 4.5050308 5.6658974 5.1900888 5.0028904 4.9902033 4.3261164 4.9490584 8.3519543 3.8045349 2.8156496 4.4452265 4.3295513 2.9394071 3.6341650 3.6168823 3.5859125 3.9581990 3.7194466 3.6102170 3.2473248 3.7760078 4.0271606 3.5247284 3.8982716 3.1837753 2.6986076 3.2865467 3.2229722 3.2013610 3.4201120 3.2011976 3.0707461 3.0650133 3.0035730 3.0150906 3.1013576 3.1013576 2.7326593 0.0000000 0.8654005 0.8531254 1.8753014 2.3814851 3.4095299 3.7260354 4.2567432 4.4031287 3.7373737 4.0174250 4.4481336 4.3466218 3.2344748 4.8732121 1.6242333 1.5639290 6.1826995 4.8405284 5.5921173 5.3891756 5.3468238 6.1035531 5.0535543 5.2888156 4.8691805 5.4945763 6.7084805 4.1099058 
Leuniv_Lniv_C795256_01                                             5.5370304 6.6461350 5.4016556 4.8765371 5.9860289 4.8379740 5.0967725 5.1251443 5.4586822 5.5775184 7.8754894 3.5590554 2.8262429 3.9876061 3.7203809 2.9778269 3.4081356 3.5061947 3.4737340 3.6245024 3.4331218 3.2644756 3.2241264 3.6131143 3.8627017 3.5601964 3.9516846 2.9734918 3.2207577 3.3648061 3.3916198 3.1969941 3.3683917 3.1469384 3.0074037 3.0666051 3.0897897 3.0876415 3.0145306 3.0145306 2.6864889 0.8654005 0.0000000 0.8148384 2.1362478 2.4444558 3.3508261 3.5205526 4.1692003 4.1563729 3.4597414 3.9738784 4.2996789 4.5559275 3.4885762 3.4345028 2.0973997 2.0048525 5.6520174 4.6357919 5.0069264 5.5722596 5.5242874 6.2156560 5.2308264 5.2695012 5.5467542 4.8397259 5.9652574 4.8694608 
Scil_scict015034.1                                                 6.7116808 6.7597778 5.0651896 5.1122579 5.6200723 5.0773584 5.5537490 4.8651171 5.1707710 5.7539601 8.3515008 3.4355994 3.1106978 4.1789824 4.4222589 3.1350954 3.7710381 3.8585345 3.8441694 3.6945907 3.6259961 3.8062457 3.5998236 3.9031009 4.2766437 3.8150694 4.3413255 2.9296835 2.5489464 3.1096347 2.9672672 3.3262805 3.4134080 3.4211644 2.9197543 2.8993656 2.9756823 2.9814009 2.9080402 2.9080402 2.7662814 0.8531254 0.8148384 0.0000000 1.8389129 2.6460132 3.6105990 4.0135100 4.1512826 4.3202621 3.8663188 4.0535066 4.5169599 4.5145516 3.2511435 4.5970906 1.7177753 1.6701180 5.5775516 4.6574345 5.2949549 5.5716846 5.5231760 6.3745133 5.2202045 5.8005481 4.9813314 5.7858422 6.2666386 4.5127070 
Clacor_Ccor_C520847_01                                             4.3372074 5.5837246 3.4057505 3.2854167 3.6463073 4.0035713 4.9060326 3.8504273 3.9627621 3.3893115 5.8476697 2.7484348 2.4424342 2.8352843 3.0815629 2.1129766 2.5054966 2.6500709 2.6252599 2.6723862 2.4871970 2.4987496 2.4234188 2.7317538 2.8240166 2.7237218 2.8883966 2.2300770 2.3327134 2.1568419 2.5005596 2.3442425 2.3179326 2.6738157 1.6166957 1.6694876 1.7503385 1.7516179 1.7257209 1.7257209 1.8203471 1.8753014 2.1362478 1.8389129 0.0000000 1.9505155 2.8271931 3.0477428 2.9606534 3.0774065 2.7212626 2.5467455 2.7924333 3.0836249 2.7971147 2.7430151 2.0633163 1.9612571 5.3027650 4.4628152 5.1040342 4.5189228 4.6303859 5.1445303 3.9937519 4.7821561 4.4387225 4.5545964 4.7654069 3.6178854 
Cscu_XM_023377129.1                                                4.3638938 4.5664869 4.2219651 3.9106441 3.9425575 3.7532625 4.2022170 4.3039713 3.1305969 3.5715717 5.8814649 2.1983366 1.2670837 2.5734308 2.5107416 2.1411784 2.2259650 2.5150572 2.5030803 2.4900657 2.3387106 2.1577639 2.4342921 1.9082184 2.0170755 1.7812913 2.4358683 1.9378577 1.7037198 1.5999145 2.3222907 1.6514613 1.8191389 2.4815457 1.6708358 1.7014755 1.7846125 1.7846125 1.7727603 1.7727603 1.8928644 2.3814851 2.4444558 2.6460132 1.9505155 0.0000000 0.6149540 0.6937102 0.7298105 0.8940175 0.8587464 1.0682679 0.9987962 0.9752645 1.0135691 2.2873567 2.5201087 2.3735525 2.9352784 3.8633721 4.2025100 4.1579036 4.1579036 4.5544191 4.4949558 4.5554671 3.7684411 4.3170789 2.6307575 4.5082009 
Tcas_TC007586_001                                                  3.8414949 4.7165790 3.8026122 3.6085464 3.7299552 4.3061451 4.3074674 4.1453250 3.1434348 4.1202805 5.9967722 3.0012940 2.2644825 3.0438622 3.4629591 2.5731338 2.8552363 2.9198349 2.9825294 3.4029673 2.9713357 2.8195930 3.4485955 2.7157936 3.2441364 2.8326155 3.4751340 2.3714422 2.5329814 2.3332873 3.2414021 2.8597882 2.8742144 3.2159693 2.4917540 2.5473783 2.5052058 2.5281714 2.5290876 2.5290876 2.6680044 3.4095299 3.3508261 3.6105990 2.8271931 0.6149540 0.0000000 0.8191465 0.9977252 1.0915640 1.3856965 1.3162629 1.5389452 1.3907363 1.5827573 3.6276233 3.7760659 3.8147012 6.1498192 5.2751066 5.4455173 5.3159556 5.5426862 5.8555272 5.2484551 5.1393383 5.5072200 5.5512499 4.8091478 4.4369100 
Dpul_mRNA21381                                                     3.4630953 4.8302877 3.4450585 3.4909293 3.8448118 4.0594147 4.8685739 4.0554409 3.0577227 3.7907542 6.3792995 3.4132023 3.2107508 3.8942903 3.8360002 2.9434407 3.6114067 3.4954847 3.4626524 3.5812534 3.3994740 3.1768116 3.2559790 2.9304383 3.4095014 3.0852396 3.8354360 2.6174358 2.5497722 2.5214736 3.3718491 2.7773206 2.7652998 3.2330734 2.4322481 2.4640862 2.4395111 2.4614923 2.6247662 2.6247662 2.7395673 3.7260354 3.5205526 4.0135100 3.0477428 0.6937102 0.8191465 0.0000000 0.9609538 1.2505879 1.6314042 1.4024204 1.5324265 1.4738010 1.6297753 4.1074610 4.5373069 4.5472212 6.1909551 4.6886835 4.8595248 5.3558149 5.5338854 5.9425790 5.1404117 5.6215760 5.4092625 5.9311239 5.8836207 4.5718353 
Ctel_gnl_WGS_AMQN_CAPTEDRAFT_mRNA160780                            3.5349171 4.7803271 3.0913566 3.3051617 3.4069170 3.7683208 4.5290558 4.2734053 3.0924342 3.5839575 6.1471898 2.9465111 3.0082516 2.9107094 2.9569864 2.4398662 2.7723117 2.8708408 2.8704487 3.1135445 2.9077964 2.8959242 2.7937141 2.5444693 3.0146281 2.6208448 3.3519145 2.9877514 2.6859460 2.2981048 3.2488410 2.8046169 2.9294804 3.3068595 2.6700345 2.6471421 2.3676800 2.4159862 2.5005169 2.5005169 2.3885629 4.2567432 4.1692003 4.1512826 2.9606534 0.7298105 0.9977252 0.9609538 0.0000000 0.8716881 1.3100375 1.4630615 1.5948174 1.1988535 1.2916643 3.6187785 4.6248632 4.7362880 7.4192956 4.3234825 4.5523320 5.8492293 6.0335457 6.2939576 5.6918096 5.9759696 5.3355316 5.6311353 6.7431199 3.8931241 
Acagra_model.g6775.t1                                              3.1632020 4.7213196 2.9850739 3.0663444 3.0504223 3.5334451 4.4071823 3.9931965 3.1886356 3.2320086 6.1097572 3.1106098 2.8801540 2.8221760 3.1338922 2.9411363 3.1055185 2.9081063 2.9187683 3.1138689 2.8201978 3.1814760 3.2399488 2.9677440 3.4601880 2.8073676 3.2535460 2.6384253 2.7010883 2.4019794 2.9471237 2.8440480 2.8993004 3.1386850 2.5619243 2.5121770 2.5321700 2.5805723 2.4954402 2.4954402 2.5067706 4.4031287 4.1563729 4.3202621 3.0774065 0.8940175 1.0915640 1.2505879 0.8716881 0.0000000 1.5270206 1.5539522 1.9951134 1.5731217 1.4810618 3.6268151 5.1185728 5.2607853 6.1707106 5.6125569 5.2742059 5.7625725 5.7239318 6.4218601 5.3558223 6.0297034 5.1320206 6.2193592 6.2710785 4.3541789 
Spur_XM_030994454.1                                                4.1126855 5.4075405 3.3063297 3.4995372 3.3021685 3.6358317 4.8255021 4.5267078 3.5967655 3.3604950 6.5214399 3.4961771 3.0135544 3.2370644 3.6288399 2.4716607 3.0125655 2.9121339 3.0485983 3.0290427 2.7943479 2.9533039 3.0449340 3.2958329 3.5938242 2.9311350 3.6091849 2.6150191 2.5260882 2.1462015 2.9732015 2.7829095 2.9333594 3.1174224 2.2684703 2.2504235 2.1440443 2.1732147 2.2743990 2.2743990 2.3504769 3.7373737 3.4597414 3.8663188 2.7212626 0.8587464 1.3856965 1.6314042 1.3100375 1.5270206 0.0000000 1.0506627 1.3937636 1.3415905 1.8294174 3.1646222 3.7240964 3.7050168 5.2969841 4.6870811 4.9638793 4.7774526 5.0320530 5.4092261 5.0645599 4.8905565 4.9626171 5.6931706 5.8601668 5.1883850 
Skow_XM_002733767.2                                                2.7554984 4.4800689 3.2507298 3.4410240 3.5547245 3.7173779 4.1455129 3.5067182 3.0670827 3.1756815 5.2375636 3.2883261 2.5188688 3.2850523 3.7639757 2.8024082 3.1957557 3.3611041 3.3545596 3.4030056 3.0792937 3.0462568 3.5147138 3.2682850 3.2074033 3.1712739 3.7222258 2.4068091 2.3155335 1.8744992 2.5069796 2.2317840 2.3850379 3.4409470 2.2097554 2.2624511 2.3292978 2.3446425 2.2722458 2.2722458 2.1563250 4.0174250 3.9738784 4.0535066 2.5467455 1.0682679 1.3162629 1.4024204 1.4630615 1.5539522 1.0506627 0.0000000 1.2369443 1.2147178 1.9443431 3.0866058 3.8740007 3.8262927 4.4856062 4.6876403 5.3926947 4.6577501 4.8565930 5.1245815 4.7849619 4.4915966 4.4355769 5.0364712 4.7527066 4.5120361 
