79
Spolac_c10324_g1_i1_m.363c10324-g1                     0.0000000 0.0000010 0.3239264 0.9161268 3.5571250 4.0686841 4.8385939 4.8385939 8.9999981 8.9999981 3.1589887 4.7676128 3.6686591 3.6686591 3.6686591 4.1207258 4.1622490 4.1622490 0.0000010 0.0000010 3.2015268 0.0000010 4.7418218 4.1168464 5.6922752 4.0241336 3.2015268 3.2015268 4.3517460 4.5348348 4.5348348 4.5348348 4.1764931 4.5348348 4.4297486 4.1764931 4.8889850 5.9058317 4.6420018 4.1441040 4.6444318 5.1552599 4.7121005 4.1791815 4.4157037 4.3870249 4.9761922 3.8088281 5.4605452 3.7365686 3.9102611 4.0096285 4.5191981 5.6777254 9.0000000 4.3596643 4.2819752 4.2915724 4.1727587 3.3160879 3.3160879 3.4498434 3.5550365 3.6699599 3.6085497 4.3086806 4.3514354 4.3081894 2.1282672 5.0268238 1.1543637 1.7497301 4.6401200 1.4827428 3.8519191 4.4884882 4.4884882 4.7710091 7.4198900 
Spolac_c94532_g1_i2_m.10207c10324-g1                   0.0000010 0.0000000 0.3895801 1.8008961 3.6244411 2.8126835 2.7575712 3.6478966 2.8836065 4.0927080 3.6199712 7.3130431 7.3130431 7.3130431 7.3130431 6.0438127 3.5498803 3.5498803 4.2948753 4.3104408 3.4192453 3.9463521 3.4192453 3.3786131 0.0000010 3.2424075 3.4229583 3.1485412 1.7680344 3.3803756 3.6738620 3.5888421 3.5888421 3.6738620 3.5888421 3.4964399 3.2419800 3.3473473 2.3059592 2.3351623 2.2872736 2.3857614 1.5418397 0.0000010 2.5898275 2.6451427 2.3243689 2.9489255 2.6981284 2.7508851 2.7136354 3.3925170 3.3925170 2.6630576 3.1121734 2.4735905 2.5871135 2.5627032 2.4877751 2.3169343 2.2538826 2.3332509 2.4581679 2.4977281 2.2276511 0.9197757 2.4693121 3.0170429 4.1058709 0.0000010 3.3904686 3.1966985 3.1488919 3.3130192 3.0496405 2.7808015 2.7808015 3.7380736 3.5696535 
Emue_Em0016g220a.t1                                    0.3239264 0.3895801 0.0000000 1.6858297 3.8772552 3.4378995 3.4471116 3.8908822 3.4409960 4.9114152 3.6179798 4.0972727 3.5690775 4.5155263 4.3955812 4.5889582 3.6320189 3.6314761 4.0082833 3.8387415 3.2835184 3.8403738 3.0553871 3.4967747 2.8079997 3.3204509 3.2058707 2.9054986 3.3007760 3.1430441 3.3335293 3.3914328 3.1037630 2.8965442 3.8259160 2.9874488 3.2175331 3.0037279 2.9205260 2.8478761 3.1399815 3.0293353 3.6862857 4.1207202 2.9410793 3.1921169 2.4498150 3.0724012 2.6380782 3.0367783 3.3831969 3.4275176 3.4663790 3.1681996 3.3182413 3.0453207 3.3256502 3.3294797 3.0514736 2.8610305 2.8272171 2.9583783 3.0190588 3.0546896 2.9644874 3.8502947 3.1971352 3.1981329 3.5056656 4.0445043 2.5010631 2.9214003 3.5348020 2.5743748 3.8881306 3.4832658 3.4832658 3.9697425 4.6239342 
Tetwil_g9461.t1                                        0.9161268 1.8008961 1.6858297 0.0000000 3.7201031 3.6295870 3.8135532 4.3928467 3.3500433 4.5479061 3.1956174 4.0199269 3.7434734 4.5884162 4.6466932 4.1848476 3.7873192 3.7978201 3.9348624 3.6326292 3.6959911 3.9833531 3.5012964 3.8272517 3.1593620 3.5413208 3.5796856 2.9782319 3.7636442 3.6184177 3.8272956 3.8242996 3.4982559 3.3050172 3.9672504 3.4555463 3.2800949 3.4319305 2.9500485 2.9458532 3.0398017 2.9585484 3.4188453 3.8416693 3.0374177 3.1002464 2.6702855 3.2276291 2.5137739 3.0172966 3.2561652 3.2449885 3.3112432 3.1766930 3.7172816 3.1605732 3.1777526 3.2548769 2.9867738 3.2359660 3.2558415 3.0233403 3.3007257 3.3312224 3.1022662 3.4234573 3.2364986 3.5741707 3.6443505 2.9946119 2.1575808 2.6172906 2.7749617 2.5364118 3.4678438 3.2053829 3.2053829 4.0242252 4.9630442 
Gracom_Gcom_scaffold14557_01                           3.5571250 3.6244411 3.8772552 3.7201031 0.0000000 1.5121780 2.4462900 2.5744426 2.4100168 2.7923170 2.6668249 4.1350926 3.5885749 4.3298192 4.0756690 4.3657277 3.4914991 3.5300538 3.2226594 3.0843277 3.5153430 3.6955998 3.3024872 3.8931133 3.4744795 3.8204616 3.4447189 2.9237780 4.0666001 3.7209106 3.7028416 3.7705763 3.6930130 3.3876091 4.2242930 3.6446594 3.5637547 3.9418134 3.2224669 3.4634607 3.3540507 3.4483495 3.8182940 2.9927446 3.6491834 3.8592939 3.3982690 3.8609713 2.6129404 3.7259437 4.2430583 3.7919096 3.7469175 4.0745448 4.0105912 3.5954099 3.6577726 3.6113524 3.6319549 4.1624598 4.0788592 3.8273197 3.9918099 4.1129965 3.9134635 4.0520412 3.7786319 4.0561157 4.2175728 4.5765973 5.0863711 5.4098657 5.7071566 4.3411558 4.0326899 3.4186081 3.4186081 4.5424192 5.2507272 
Scil_scict001214.4                                     4.0686841 2.8126835 3.4378995 3.6295870 1.5121780 0.0000000 1.9457102 2.0029058 2.1396170 2.4803592 2.5063994 3.3438568 3.1562443 3.5299372 3.7231045 3.9269451 3.6784019 3.7103597 4.2148652 3.7884630 3.8432981 4.0612683 3.6051555 3.8234743 3.5627675 3.6372261 3.7627887 3.2867884 3.3832020 4.1439246 4.0801754 4.0077526 3.7614539 3.6762912 3.9336409 3.8701139 3.5508942 4.0950748 3.3413194 3.2653933 3.4613293 3.2967706 3.3893878 3.3226110 3.4561462 3.7144941 3.2425506 3.3288877 2.5083007 3.7674109 3.5820881 3.5884192 3.5474895 3.6081737 3.7057131 3.5761571 3.7536188 3.8053103 3.7145297 3.7579696 3.6613434 3.3883560 3.6633915 3.7014422 3.2948231 3.8342584 3.4302886 3.5156869 4.5693874 4.2060337 4.2220724 4.6603972 5.2445122 4.0526582 4.1054902 3.7839493 3.7839493 4.3676404 5.1064398 
Lcom_lcpid31382                                        4.8385939 2.7575712 3.4471116 3.8135532 2.4462900 1.9457102 0.0000000 0.0608489 0.0852245 0.4813194 2.4335022 3.0211152 3.1089429 3.6564820 3.8208468 4.3602539 3.6683632 3.6950855 3.6595072 3.7173556 3.3742982 3.9802597 3.1893827 3.5948423 3.2723662 3.4828606 3.2849257 2.8855608 3.7496829 3.4155212 3.5205456 3.6694720 3.2847164 2.9437172 3.5112671 3.0965601 3.1467630 3.5063396 3.2607569 3.3320970 3.2209417 3.1142264 3.5080237 5.1365372 3.5563015 3.8196798 2.7757646 3.4711826 2.3312193 3.4627334 3.4288719 3.2428878 3.0251892 3.9985416 3.6569580 3.6091601 3.9342302 3.7003409 3.4362374 3.9713573 3.8867836 3.5087547 3.8556532 3.9964315 3.3968393 3.7829259 3.6809166 3.2703224 3.9322064 4.8844873 4.9736485 4.9036845 4.7459179 5.0524506 4.0568595 3.3668734 3.3668734 4.6271246 4.6239081 
Lcom_lcpid34054                                        4.8385939 3.6478966 3.8908822 4.3928467 2.5744426 2.0029058 0.0608489 0.0000000 0.4813194 0.1479087 4.0911475 3.0717291 3.1437095 3.6888073 3.8618411 4.2584901 3.9293984 3.9641422 5.7901347 5.2163324 3.7703708 5.8840593 3.4423221 4.1621236 3.2723662 4.0260513 4.3840229 3.8617364 3.7354651 4.4004443 4.8921090 4.8696991 4.0223789 3.8240419 3.9622203 3.8245119 3.6741680 4.0885747 3.7636105 3.8088361 3.8094367 3.4736840 3.5080237 5.1365372 4.2051414 4.6513416 3.1583796 3.8513059 3.0538528 3.8041818 3.7804281 3.6876058 3.4482127 4.4191453 4.7760792 4.0095718 4.4070230 4.1163006 3.8660788 4.0591103 3.9536384 3.8646428 3.9612382 4.0428496 3.8239924 3.7829259 3.9455285 3.4664858 4.0616573 4.8844873 5.4603358 5.2985359 5.6266932 5.4192178 4.9180537 3.7005455 3.7005455 4.5161324 5.2446521 
Lcom_lcpid27078                                        8.9999981 2.8836065 3.4409960 3.3500433 2.4100168 2.1396170 0.0852245 0.4813194 0.0000000 0.2415029 2.0430986 4.9892570 5.0933269 6.4441045 6.4441045 6.1595401 3.8455421 3.8446719 3.6595072 3.6513280 3.5687483 3.8796500 3.9475420 3.6802755 5.6876895 3.4523470 3.3663758 2.8788192 4.6978337 2.6835740 2.8722047 3.1015842 3.1015842 2.8722047 3.3993062 2.7769072 3.7989002 3.8442819 2.7612206 2.9586306 2.9294566 3.0250229 3.5445995 4.1661738 3.1873084 3.1488222 2.7503924 3.2397623 2.4241418 3.1710889 3.0322030 2.8516465 2.6857063 3.8140412 3.3193350 3.2835237 3.7388238 3.6629056 3.4703294 3.7193552 3.5871788 2.8966535 3.5769810 3.7301928 2.5456192 6.5792266 3.6835227 3.5302119 5.9176030 8.9999990 5.1246226 5.4173717 5.0901890 5.7508815 3.1220082 3.1021832 3.1021832 5.2513410 4.2428663 
Lcom_lcpid29463                                        8.9999981 4.0927080 4.9114152 4.5479061 2.7923170 2.4803592 0.4813194 0.1479087 0.2415029 0.0000000 3.6562762 5.6245446 5.5668278 7.0608476 7.0608476 5.7044763 4.8607379 4.8588453 5.7901347 5.1778117 4.6004346 5.7259493 5.3566571 5.6373688 5.6876895 5.2091599 5.4877676 4.5935075 4.5956144 3.5822939 4.3823006 4.3725378 4.3725378 4.3823006 4.7201087 3.9944189 5.9858278 5.4250675 3.7798425 4.0588645 4.6705366 4.1079452 3.5445995 4.1661738 4.9803184 4.7156850 3.8349224 4.1850624 3.5158172 3.9267766 3.7160344 3.7750945 3.5007973 4.8372468 4.4231163 4.2012580 4.9917543 4.9402907 4.9162757 3.8051789 3.5864990 3.5948314 3.6933533 3.6953104 3.2985619 6.5792266 4.5301615 4.4434314 8.9999980 8.9999990 6.7472803 7.1103865 6.8951764 7.5482611 4.5095359 3.8179893 3.8179893 5.3021677 5.6260890 
Clacor_Ccor_scaffold5859_01                            3.1589887 3.6199712 3.6179798 3.1956174 2.6668249 2.5063994 2.4335022 4.0911475 2.0430986 3.6562762 0.0000000 2.8429570 3.4165570 3.8323086 3.8323086 5.2125874 3.3267859 3.4156221 3.0490577 3.2960641 3.0659848 3.3729515 2.9699031 3.0388446 2.3532094 3.0592076 2.9304694 2.4780884 3.3150276 2.8062382 3.0191099 3.0465489 3.0465489 3.0191099 3.4249970 2.9540060 3.3316601 3.3802790 2.0809115 2.1229176 2.3739890 2.2652155 2.0072166 2.7474363 2.4289709 2.4923114 2.3000680 2.6417200 2.1711454 2.4358985 2.3713183 2.7883855 2.6888185 2.5282560 3.1691183 2.7637820 2.9215974 2.9898843 2.9148557 2.9681406 2.8312069 2.5304607 2.7483624 2.8703881 2.4066978 2.8996117 2.8513914 3.1188445 6.8452513 2.4176487 5.3050317 4.6961471 4.6949227 4.2253039 2.8496390 2.9583801 2.9583801 4.1893045 3.8401331 
Coeast_Cast_sb788012                                   4.7676128 7.3130431 4.0972727 4.0199269 4.1350926 3.3438568 3.0211152 3.0717291 4.9892570 5.6245446 2.8429570 0.0000000 0.0000010 0.0442153 0.0442153 0.5288220 0.7684110 0.7345900 4.9478767 4.9478767 4.7118749 3.6002565 0.8695251 0.7413647 0.3884046 0.7116136 4.9787976 4.9787976 0.4948585 2.3450663 2.3450663 2.3450663 2.8362307 2.3450663 0.6499245 2.8362307 0.2938692 3.3380562 3.4037822 3.1151288 2.8826886 2.7268407 2.8016471 4.2294253 3.2437770 3.7239892 2.5382169 2.4641336 4.2104122 2.5647049 2.3849141 2.6699914 2.5926304 3.3626917 4.8868536 3.2154364 2.9152260 2.5644002 2.8220184 2.9302950 2.9302950 2.8340495 2.8430441 2.8492866 2.9385664 2.8886694 2.2254304 3.0518078 4.6122832 4.2323937 4.0976124 3.4819674 2.1035398 4.0494450 4.6530060 3.3018878 3.3018878 4.2709593 8.1352825 
Coeast_Cast_sb788011                                   3.6686591 7.3130431 3.5690775 3.7434734 3.5885749 3.1562443 3.1089429 3.1437095 5.0933269 5.5668278 3.4165570 0.0000010 0.0000000 0.0299216 0.0299216 0.6000068 0.7568415 0.7342558 4.9478767 4.3042964 4.7118749 3.6002565 0.8695251 0.7337845 0.3832604 0.7663487 4.9787976 4.9787976 0.5790657 3.2522668 3.2522668 3.2522668 2.3123251 2.3450663 0.6538130 2.3123251 0.2938692 3.3380562 3.2110256 2.8360365 2.9500039 2.6774836 2.7977766 3.2529355 3.1302712 3.3215028 2.5382169 2.7832383 4.2104122 2.9757271 2.4700959 2.7192421 3.0136890 2.9709636 4.8868536 3.2559293 3.3437745 3.0515964 2.8215374 3.1043505 3.1043505 3.1058869 3.0815012 3.0434247 3.1165750 3.1608068 2.9243309 3.5320287 2.5073764 3.6340647 3.6934607 3.4580769 2.1035398 3.5126542 4.3166416 3.3006959 3.3006959 3.9047666 7.3432144 
Coeast_Cast_sb788008                                   3.6686591 7.3130431 4.5155263 4.5884162 4.3298192 3.5299372 3.6564820 3.6888073 6.4441045 7.0608476 3.8323086 0.0442153 0.0299216 0.0000000 0.0000010 1.2140873 1.3000329 1.2784742 4.9478767 3.4682927 4.7118749 3.6002565 0.8695251 1.3791348 0.3832604 1.1836605 4.9787976 4.9787976 1.2939667 3.2522668 3.2522668 3.2522668 3.0564793 2.3450663 1.3581059 3.0564793 0.2938692 3.3380562 3.8134573 3.6258635 4.0358450 3.8586385 4.0595366 3.8632080 4.3488930 4.7193847 3.6366953 3.3970032 4.2104122 3.2549602 3.8728755 3.4454894 3.4957371 3.4691972 4.8868536 4.4133358 4.1699492 3.9232263 3.6356603 3.4219986 3.4219986 3.5846911 3.5502771 3.4530558 3.5514560 3.8876182 3.9254395 3.8744793 2.6097353 4.2294540 4.3116775 3.8347103 2.1035398 3.8306982 5.2281443 4.0123630 4.0123630 4.4695934 7.5633535 
Coeast_Cast_sb788010                                   3.6686591 7.3130431 4.3955812 4.6466932 4.0756690 3.7231045 3.8208468 3.8618411 6.4441045 7.0608476 3.8323086 0.0442153 0.0299216 0.0000010 0.0000000 1.0421517 1.1490345 1.1253665 4.9478767 4.5642118 4.7118749 3.6002565 0.8695251 1.2185427 0.3832604 1.1451569 4.9787976 4.9787976 1.0921285 3.2522668 3.2522668 3.2522668 2.3123251 2.3450663 1.2109756 2.3123251 0.2938692 3.3380562 4.0949946 3.4635431 3.8485243 3.5252532 3.6382980 3.8632080 3.9308744 4.2597837 2.8538643 3.4233772 4.2104122 3.2328738 3.7535616 3.5895395 3.3404819 3.2045595 4.8868536 4.2680849 4.1436600 3.9114466 3.6649483 3.4508948 3.4508948 3.4164876 3.4386504 3.3938369 3.4031163 3.9841842 3.7302543 3.8397545 2.5073764 4.4257987 4.5986625 3.9031718 2.1035398 4.0294317 4.8262902 3.8627562 3.8627562 4.6200945 7.6363334 
Pbac_sb2660685                                         4.1207258 6.0438127 4.5889582 4.1848476 4.3657277 3.9269451 4.3602539 4.2584901 6.1595401 5.7044763 5.2125874 0.5288220 0.6000068 1.2140873 1.0421517 0.0000000 0.0783992 0.0828377 1.2383002 1.4029378 1.4614479 2.6665881 0.5036594 0.6410556 0.2433477 0.6837142 2.0312208 2.2482930 0.6558657 2.7231102 2.7231102 2.7231102 2.6532644 2.1594882 0.9003143 2.6532644 0.9495469 2.7683079 3.4750408 3.4175087 3.0921312 2.9590407 3.0896844 3.4095708 3.2618022 4.1754057 2.8698874 3.5478619 4.3892830 3.0162113 3.4127442 3.9297838 4.3141332 2.8826053 4.5036228 3.8136643 3.2982857 3.4932060 3.1430496 3.8152893 3.7604308 3.8340529 3.8732397 3.9681928 3.7031416 3.0790954 3.8695191 3.7744582 4.0037447 3.3255365 4.1100883 4.3171941 4.2736495 4.3817260 5.3238276 4.2250150 4.2250150 4.1827810 5.8278245 
Horcal_Hcv1.av93.c9.g93.i1                             4.1622490 3.5498803 3.6320189 3.7873192 3.4914991 3.6784019 3.6683632 3.9293984 3.8455421 4.8607379 3.3267859 0.7684110 0.7568415 1.3000329 1.1490345 0.0783992 0.0000000 0.0058915 0.0530528 0.0690254 0.5448570 0.6142029 0.4452690 0.6106573 0.1969806 0.5724344 0.6500782 0.6000313 0.5777998 1.0051424 1.0260749 1.0797748 0.9248479 0.7755118 0.8045489 0.8679426 0.7293040 0.9356265 2.6881454 2.6544039 2.4088712 2.3281957 2.5028557 3.5654617 2.7031319 2.8890620 2.2904002 2.8375677 2.0990129 2.5633070 2.7609759 2.7469004 2.7460457 2.4282691 2.8291498 2.8519768 2.8030263 2.8657549 2.6382667 2.9734097 2.9093650 2.7903804 2.9198195 3.0019574 2.6884877 2.5537216 2.9774257 3.0120603 4.1677680 3.1801470 3.5852031 3.7583572 3.9288349 3.9934302 3.4236784 3.0295674 3.0295674 3.9231654 4.3082732 
Horcal_Hcv1.av93.c9.g93.i2                             4.1622490 3.5498803 3.6314761 3.7978201 3.5300538 3.7103597 3.6950855 3.9641422 3.8446719 4.8588453 3.4156221 0.7345900 0.7342558 1.2784742 1.1253665 0.0828377 0.0058915 0.0000000 0.0530528 0.0690254 0.5342500 0.6142029 0.4460268 0.6168749 0.2075949 0.5779864 0.6484623 0.5986117 0.5839139 1.0024165 1.0235422 1.0772745 0.9228547 0.7735101 0.8097026 0.8657734 0.7190153 0.9254408 2.7084901 2.6767439 2.4304076 2.3468656 2.5335824 3.5654617 2.7278482 2.8887885 2.3127352 2.8618041 2.0990129 2.5810020 2.7779357 2.7694962 2.7712163 2.4483931 2.8247993 2.8764531 2.8258200 2.8893454 2.6592186 2.9859777 2.9215808 2.8027962 2.9321001 3.0145564 2.7144745 2.5886549 3.0026614 3.0315081 4.1657896 3.2460785 3.6214087 3.7968744 3.9388486 4.0316336 3.4539447 3.0282384 3.0282384 3.9659548 4.3540634 
Pbac_sb2665686                                         0.0000010 4.2948753 4.0082833 3.9348624 3.2226594 4.2148652 3.6595072 5.7901347 3.6595072 5.7901347 3.0490577 4.9478767 4.9478767 4.9478767 4.9478767 1.2383002 0.0530528 0.0530528 0.0000000 0.0229382 0.6302708 0.6302708 0.6302708 0.7967142 0.0000010 0.6744136 0.7376822 0.6477446 2.7929936 0.9159469 0.9631755 0.9881792 0.9881792 0.9631755 0.9881792 0.9073513 0.8925067 0.9984049 2.8456443 2.9372317 2.5069818 2.3846401 2.1824353 0.0000010 2.5412286 2.5357348 2.6194598 3.1364812 2.3490014 2.7135675 3.2415369 2.7075779 2.7075779 2.7903092 2.9165919 3.1968795 3.5340553 3.5818844 3.1739857 2.7659883 2.7659883 2.6531472 2.7758893 2.8883353 2.1065278 0.0000010 3.4150366 3.5928922 5.9244268 0.0000010 4.1308207 4.0778351 4.0842767 4.7092379 2.9056251 3.2021191 3.2021191 4.8976724 3.3151954 
Pbac_sb2647422                                         0.0000010 4.3104408 3.8387415 3.6326292 3.0843277 3.7884630 3.7173556 5.2163324 3.6513280 5.1778117 3.2960641 4.9478767 4.3042964 3.4682927 4.5642118 1.4029378 0.0690254 0.0690254 0.0229382 0.0000000 0.5488898 0.5419536 0.5488898 0.7839527 0.0000010 0.6547329 0.6442841 0.6302251 2.0506957 0.8258829 0.8244374 0.8244374 0.8244374 0.8244374 0.8755388 0.8573211 0.8313999 0.8838361 2.5296085 2.5906454 2.2197811 2.1686351 2.7930859 4.0954276 2.1034031 2.1040609 2.2811861 2.7532415 2.5529485 2.6147725 2.9913344 2.4487310 2.4540268 2.5033602 2.8539885 2.7927128 2.9746997 3.1303449 2.9124874 2.5114031 2.5114031 2.6506199 2.5702513 2.6881111 2.2690870 2.3359369 3.6185955 3.2080702 5.2012250 1.9089195 3.8419845 4.0606357 3.9629208 4.8271607 2.7181803 3.0638913 3.0638913 4.6948618 3.3395288 
Bolinf_Binf_sb1222967                                  3.2015268 3.4192453 3.2835184 3.6959911 3.5153430 3.8432981 3.3742982 3.7703708 3.5687483 4.6004346 3.0659848 4.7118749 4.7118749 4.7118749 4.7118749 1.4614479 0.5448570 0.5342500 0.6302708 0.5488898 0.0000000 0.0000010 0.0171018 0.3773207 0.2957599 0.3982069 0.3809636 0.3668637 0.4300098 0.7581021 0.7646141 0.8332674 0.6398016 0.5745911 0.6368601 0.5636828 0.7811373 0.8202110 2.1259916 2.1036503 2.1099087 1.9272799 1.5279639 0.0000010 2.2027862 2.2317085 2.0565985 2.7816384 2.0826868 2.4282808 2.4713511 2.5396863 2.5363608 2.2406802 3.0780454 2.7322012 2.4493029 2.4546429 2.4196631 2.6825181 2.5871141 2.2696152 2.6169661 2.6752451 2.1364796 1.9244034 2.5382163 2.8146346 5.0218575 1.5412152 4.2740309 4.0451994 4.2199236 4.5879031 2.9288304 2.6040704 2.6040704 4.1849359 3.4935006 
Bolinf_Binf_sb1222968                                  0.0000010 3.9463521 3.8403738 3.9833531 3.6955998 4.0612683 3.9802597 5.8840593 3.8796500 5.7259493 3.3729515 3.6002565 3.6002565 3.6002565 3.6002565 2.6665881 0.6142029 0.6142029 0.6302708 0.5419536 0.0000010 0.0000000 0.0000010 0.4490082 0.0000010 0.4767128 0.3888358 0.3770469 2.2477371 0.6878113 0.7057476 0.8061691 0.8061691 0.7057476 0.8141212 0.7168761 0.9217242 0.9737890 2.7802534 2.8243097 2.7982197 2.4757421 6.7706623 0.0000010 2.6113344 2.5701605 2.6141343 3.5570549 2.2913408 3.2599421 3.2719341 3.1189824 3.1189824 3.0097388 3.2471643 4.1270200 3.3902310 3.5561992 3.4192926 3.2407847 3.2407847 2.6798194 3.2218881 3.2721492 2.3376647 9.0000000 3.7199248 4.4722046 6.0099232 9.0000000 5.1527247 4.2150053 4.1986348 5.3071551 3.5809042 3.2713051 3.2713051 4.9712743 3.7181227 
Mertsp_Mesp_sb594458                                   4.7418218 3.4192453 3.0553871 3.5012964 3.3024872 3.6051555 3.1893827 3.4423221 3.9475420 5.3566571 2.9699031 0.8695251 0.8695251 0.8695251 0.8695251 0.5036594 0.4452690 0.4460268 0.6302708 0.5488898 0.0171018 0.0000010 0.0000000 0.2987636 0.1191766 0.3155631 0.3809636 0.3668637 0.2551337 0.7581021 0.7646141 0.8332674 0.6398016 0.5745911 0.5177061 0.5636828 0.6966126 0.8202110 1.9632876 1.9523509 1.9235780 1.7577480 1.3712495 0.0000010 2.0334447 2.2315849 1.8832792 2.4632084 2.0826868 2.1964375 2.2239367 2.3417816 2.3389962 2.0381886 3.0780454 2.4895421 2.1646887 2.1551952 2.1701487 2.4856490 2.4084706 2.0820929 2.3826764 2.4245884 1.9715869 1.7124532 2.3279704 2.5214519 4.7194612 1.2921543 3.7766101 3.7459715 4.2199236 4.3785909 2.9468166 2.5700968 2.5700968 3.8645555 3.6239860 
Beraby_Baby_sb337247                                   4.1168464 3.3786131 3.4967747 3.8272517 3.8931133 3.8234743 3.5948423 4.1621236 3.6802755 5.6373688 3.0388446 0.7413647 0.7337845 1.3791348 1.2185427 0.6410556 0.6106573 0.6168749 0.7967142 0.7839527 0.3773207 0.4490082 0.2987636 0.0000000 0.1219822 0.4029219 0.4216494 0.3552673 0.4620456 0.8397950 0.8459416 0.9237555 0.7260036 0.6118361 0.6742113 0.6642467 0.8098101 0.8528024 2.7618968 2.6637691 2.6568038 2.4873282 2.5178481 4.0989002 2.8790385 3.1254595 2.4116105 3.0857081 2.2191396 2.7907857 2.8816106 2.9694675 2.9002683 2.4014504 3.0765543 3.2761861 3.2290883 3.1827693 3.1414276 3.1692506 3.0968908 2.7795838 3.0177264 3.1053325 2.5865591 2.6699190 3.0385167 3.3536890 4.1472285 3.4788729 4.0960048 4.1633981 4.1444106 4.0158552 3.5479814 3.1971527 3.1971527 4.0501404 4.4771338 
Bolinf_Binf_sb1229830                                  5.6922752 0.0000010 2.8079997 3.1593620 3.4744795 3.5627675 3.2723662 3.2723662 5.6876895 5.6876895 2.3532094 0.3884046 0.3832604 0.3832604 0.3832604 0.2433477 0.1969806 0.2075949 0.0000010 0.0000010 0.2957599 0.0000010 0.1191766 0.1219822 0.0000000 0.1190728 0.0000010 0.0000010 0.1321083 2.3470140 2.3470140 2.3470140 0.3735472 0.1964268 0.2146305 0.3735472 0.5492314 0.5115981 1.6856955 1.6120024 1.6169220 1.5957213 1.5977996 3.2745405 1.7486495 2.0984471 1.4109763 1.8259615 0.0000010 1.5745706 1.8336538 1.9403441 1.9344269 1.9465191 1.3631333 1.8331861 1.6756864 1.6097003 1.7520102 2.2974190 2.2974190 2.1648992 2.1403560 2.1990372 2.1907842 1.8405278 1.7494107 2.0395202 3.3414369 2.6116223 2.8135054 3.3559041 9.0000000 3.3723989 2.9831331 2.2359094 2.2359094 4.3284909 4.8153485 
Drygla_Dgla_sb306138                                   4.0241336 3.2424075 3.3204509 3.5413208 3.8204616 3.6372261 3.4828606 4.0260513 3.4523470 5.2091599 3.0592076 0.7116136 0.7663487 1.1836605 1.1451569 0.6837142 0.5724344 0.5779864 0.6744136 0.6547329 0.3982069 0.4767128 0.3155631 0.4029219 0.1190728 0.0000000 0.4323302 0.3701374 0.5250255 0.8658852 0.8662431 0.8819464 0.7363579 0.6371286 0.6750306 0.7215954 0.7875997 0.8656935 2.7094253 2.6809243 2.5397037 2.3893968 2.5574579 3.5876701 2.7925200 2.9714385 2.4704860 3.0992344 2.0650272 2.5464052 2.9531065 2.8104975 2.8201459 2.6540045 2.9704470 3.0348425 2.7917202 2.7402007 2.7229373 3.0408607 2.9765997 2.8054901 3.0412781 3.0462529 2.6603183 2.7860604 2.8317737 3.3231791 3.9770658 3.4971757 3.8078341 4.0570792 4.1602543 4.2494111 3.4720508 2.8710220 2.8710220 3.7804161 4.4209575 
Bolinf_Binf_sb1229828                                  3.2015268 3.4229583 3.2058707 3.5796856 3.4447189 3.7627887 3.2849257 4.3840229 3.3663758 5.4877676 2.9304694 4.9787976 4.9787976 4.9787976 4.9787976 2.0312208 0.6500782 0.6484623 0.7376822 0.6442841 0.3809636 0.3888358 0.3809636 0.4216494 0.0000010 0.4323302 0.0000000 0.0106567 0.5635631 0.7122984 0.7495814 0.7948460 0.7948460 0.7495814 0.7948460 0.7317413 0.8246762 0.8564339 2.4985328 2.7483876 2.4617727 2.3107489 1.9540255 0.0000010 2.8939440 2.8354494 2.5815974 3.5504432 1.9723061 2.7560972 2.9150604 3.0257424 3.0257424 2.7220875 3.8088960 3.4443785 3.2585939 3.1691283 3.0955286 3.1496201 3.0101692 2.3873112 3.0135075 3.1568191 2.1581033 2.6688645 3.1619975 3.3836245 4.8749670 0.0000010 4.3252502 4.4190255 4.3318811 4.8496889 3.2483532 2.9212872 2.9212872 4.0694479 3.3683383 
Mertsp_Mesp_sb537224                                   3.2015268 3.1485412 2.9054986 2.9782319 2.9237780 3.2867884 2.8855608 3.8617364 2.8788192 4.5935075 2.4780884 4.9787976 4.9787976 4.9787976 4.9787976 2.2482930 0.6000313 0.5986117 0.6477446 0.6302251 0.3668637 0.3770469 0.3668637 0.3552673 0.0000010 0.3701374 0.0106567 0.0000000 0.6226938 0.7084697 0.7084697 0.7136074 0.7136074 0.7084697 0.7136074 0.7084697 0.6529301 0.6474057 2.0159361 2.2458395 1.9622318 1.7879794 1.5702308 0.0000010 2.1217477 2.0593405 2.0690434 2.8203271 1.9836407 2.1844839 2.5094799 2.5120932 2.5120932 2.1862942 3.3177105 2.6838691 2.7059029 2.7122053 2.7059879 2.3924885 2.2675411 2.3061173 2.2786859 2.4399042 2.0744484 2.3839056 2.7546098 2.7415085 4.3355606 0.0000010 4.1146235 4.0217718 3.9918135 4.2416628 2.7718568 2.5859127 2.5859127 3.5270597 3.0516414 
Lampan_Lpan_3051_01                                    4.3517460 1.7680344 3.3007760 3.7636442 4.0666001 3.3832020 3.7496829 3.7354651 4.6978337 4.5956144 3.3150276 0.4948585 0.5790657 1.2939667 1.0921285 0.6558657 0.5777998 0.5839139 2.7929936 2.0506957 0.4300098 2.2477371 0.2551337 0.4620456 0.1321083 0.5250255 0.5635631 0.6226938 0.0000000 1.1712622 1.1712622 1.1712622 0.8286504 0.5549829 0.6427833 0.8286504 0.6385531 0.7693860 2.6597432 2.6119437 2.4986013 2.4726285 2.6754140 3.6909238 2.9920569 3.4188441 2.3269408 2.6851588 2.0277746 2.7819452 2.7942471 2.6820769 2.7090336 2.2983700 2.1373862 2.7231065 2.6708554 2.6730898 2.3899461 2.6969906 2.6152218 2.7675894 2.7615461 2.6966376 2.6865033 2.6911808 2.6701982 3.1412760 3.4306185 3.3686666 3.4536926 3.6206669 4.6171657 3.8171233 3.6048108 2.9241695 2.9241695 3.4357878 5.4977059 
Eupdun_Edun_sb10658926                                 4.5348348 3.3803756 3.1430441 3.6184177 3.7209106 4.1439246 3.4155212 4.4004443 2.6835740 3.5822939 2.8062382 2.3450663 3.2522668 3.2522668 3.2522668 2.7231102 1.0051424 1.0024165 0.9159469 0.8258829 0.7581021 0.6878113 0.7581021 0.8397950 2.3470140 0.8658852 0.7122984 0.7084697 1.1712622 0.0000000 0.0000010 0.0131068 0.1182435 0.0838515 0.1249901 0.1035905 1.1912228 1.0013923 2.7041903 2.8459000 2.6105035 2.4558910 2.9233849 9.0000000 2.7680348 2.6932962 2.6157982 3.4344590 2.0745126 2.8613951 2.9894947 2.8569423 2.8569423 2.8014488 3.9991933 3.4659086 2.9540192 2.9348687 3.0095140 2.9171728 2.7840904 2.8023532 2.7973535 2.9614787 2.6605534 4.0426341 2.9957958 3.1272791 6.9847889 4.4872817 4.5586995 4.3290850 4.1074306 4.9792169 3.0208288 3.3138005 3.3138005 3.5394368 3.5292700 
Eupdun_Edun_sb10658925                                 4.5348348 3.6738620 3.3335293 3.8272956 3.7028416 4.0801754 3.5205456 4.8921090 2.8722047 4.3823006 3.0191099 2.3450663 3.2522668 3.2522668 3.2522668 2.7231102 1.0260749 1.0235422 0.9631755 0.8244374 0.7646141 0.7057476 0.7646141 0.8459416 2.3470140 0.8662431 0.7495814 0.7084697 1.1712622 0.0000010 0.0000000 0.0118402 0.1051861 0.0746397 0.1110722 0.1258282 1.1760396 1.0567500 2.8303988 2.9895029 2.7745110 2.6244508 2.9233849 9.0000000 3.0285695 2.9558314 2.7537238 3.6983977 2.0002588 3.0964992 3.1726187 3.0619597 3.0619597 3.0151682 4.0237959 3.8139279 3.2690666 3.2575697 3.3263991 3.1547740 3.0194764 2.7792365 3.0335833 3.1982090 2.6605534 4.0426341 3.0730550 3.3368037 6.4693623 4.4872817 4.7108647 4.2063977 3.9967577 5.0457319 3.0673016 3.2827276 3.2827276 3.7439882 3.6777033 
Eupdun_Edun_sb10658919                                 4.5348348 3.5888421 3.3914328 3.8242996 3.7705763 4.0077526 3.6694720 4.8696991 3.1015842 4.3725378 3.0465489 2.3450663 3.2522668 3.2522668 3.2522668 2.7231102 1.0797748 1.0772745 0.9881792 0.8244374 0.8332674 0.8061691 0.8332674 0.9237555 2.3470140 0.8819464 0.7948460 0.7136074 1.1712622 0.0131068 0.0118402 0.0000000 0.0811155 0.0893923 0.0861490 0.1258282 1.1982262 1.1353136 2.8284421 3.0789403 2.8473770 2.6646732 2.9233849 9.0000000 3.0081510 2.9410180 2.8164000 3.6797502 2.0002588 3.1249715 3.2925791 3.1569047 3.1569047 3.0982990 4.0643719 3.9341575 3.4029105 3.3829017 3.4185745 3.4303142 3.2909339 2.7792365 3.2566562 3.3901503 2.6605534 4.0426341 3.0886156 3.4112759 6.4693623 4.4872817 4.6129332 4.4064165 4.2217354 5.0437421 3.0478887 3.2735870 3.2735870 3.8781023 3.9511315 
Eupdun_Edun_sb10658924                                 4.1764931 3.5888421 3.1037630 3.4982559 3.6930130 3.7614539 3.2847164 4.0223789 3.1015842 4.3725378 3.0465489 2.8362307 2.3123251 3.0564793 2.3123251 2.6532644 0.9248479 0.9228547 0.9881792 0.8244374 0.6398016 0.8061691 0.6398016 0.7260036 0.3735472 0.7363579 0.7948460 0.7136074 0.8286504 0.1182435 0.1051861 0.0811155 0.0000000 0.0120539 0.0579317 0.0156925 0.9697248 0.9220915 2.5811874 2.6220903 2.4564306 2.3248519 2.1788722 8.9999986 2.6478373 2.5528494 2.4453964 3.0851723 2.0002588 2.7176348 2.8586649 2.7359490 2.7064943 2.6970104 3.1892381 3.2840423 2.7794766 2.7014220 2.7135875 2.8143838 2.7156425 2.3320838 2.7190362 2.8348437 2.2120751 2.3357939 2.7181548 2.9605212 4.7061723 4.0272755 3.6498675 3.8204405 4.2217354 4.2310925 2.6433544 2.8983128 2.8983128 3.3899160 4.0370121 
Eupdun_Edun_sb10658927                                 4.5348348 3.6738620 2.8965442 3.3050172 3.3876091 3.6762912 2.9437172 3.8240419 2.8722047 4.3823006 3.0191099 2.3450663 2.3450663 2.3450663 2.3450663 2.1594882 0.7755118 0.7735101 0.9631755 0.8244374 0.5745911 0.7057476 0.5745911 0.6118361 0.1964268 0.6371286 0.7495814 0.7084697 0.5549829 0.0838515 0.0746397 0.0893923 0.0120539 0.0000000 0.0120539 0.0181786 0.9368795 0.8406053 2.3430580 2.3569291 2.1913425 2.1193642 1.5811663 0.0000010 2.3028504 2.2357695 2.2710807 2.8056202 2.0002588 2.4447983 2.5601173 2.4121568 2.4121568 2.4953831 3.1116559 3.0404846 2.6091444 2.5655291 2.5993688 2.5257624 2.4208717 2.1914377 2.4344239 2.5614756 2.0493072 1.5567737 2.5537694 2.6054827 4.3005236 0.3216497 3.8193702 3.6088627 3.9967577 4.2355200 2.4943930 2.6201896 2.6201896 3.3501643 3.4137529 
Eupdun_Edun_sb10658915                                 4.4297486 3.5888421 3.8259160 3.9672504 4.2242930 3.9336409 3.5112671 3.9622203 3.3993062 4.7201087 3.4249970 0.6499245 0.6538130 1.3581059 1.2109756 0.9003143 0.8045489 0.8097026 0.9881792 0.8755388 0.6368601 0.8141212 0.5177061 0.6742113 0.2146305 0.6750306 0.7948460 0.7136074 0.6427833 0.1249901 0.1110722 0.0861490 0.0579317 0.0120539 0.0000000 0.0899942 0.8508849 0.9220915 2.9456819 3.0334187 2.5798018 2.5633677 2.7730438 5.1121511 2.9715704 3.3047966 2.4791470 2.9998040 2.0002588 2.8757520 3.0843386 3.0079942 3.0044090 2.7859051 3.1892381 3.3887406 3.0214261 2.9451507 2.9559623 3.2780370 3.2079996 2.9865788 3.2565307 3.2948834 2.8448862 2.9162652 2.9906926 3.3401469 3.8962328 3.5471215 3.9925231 4.0107006 4.2217354 4.3630830 3.4647313 3.1702730 3.1702730 3.9866650 4.9624800 
Eupdun_Edun_sb10658932                                 4.1764931 3.4964399 2.9874488 3.4555463 3.6446594 3.8701139 3.0965601 3.8245119 2.7769072 3.9944189 2.9540060 2.8362307 2.3123251 3.0564793 2.3123251 2.6532644 0.8679426 0.8657734 0.9073513 0.8573211 0.5636828 0.7168761 0.5636828 0.6642467 0.3735472 0.7215954 0.7317413 0.7084697 0.8286504 0.1035905 0.1258282 0.1258282 0.0156925 0.0181786 0.0899942 0.0000000 0.9737766 0.7995575 2.5013408 2.4503719 2.2830562 2.1735329 2.1788722 8.9999986 2.4807293 2.3658058 2.2904495 2.7888193 2.1776564 2.4682060 2.6103711 2.4700683 2.4371479 2.5207365 3.1189426 2.9216589 2.4289180 2.3526961 2.4323678 2.3994961 2.3056741 2.3862720 2.3457917 2.4789392 2.2120751 2.3357939 2.6880129 2.7569662 5.2561978 4.0272755 3.6019205 3.7475290 4.1914854 4.0802004 2.6262331 2.8772605 2.8772605 3.1129640 3.7797453 
Coemet_Cmet_scaffold9277_01                            4.8889850 3.2419800 3.2175331 3.2800949 3.5637547 3.5508942 3.1467630 3.6741680 3.7989002 5.9858278 3.3316601 0.2938692 0.2938692 0.2938692 0.2938692 0.9495469 0.7293040 0.7190153 0.8925067 0.8313999 0.7811373 0.9217242 0.6966126 0.8098101 0.5492314 0.7875997 0.8246762 0.6529301 0.6385531 1.1912228 1.1760396 1.1982262 0.9697248 0.9368795 0.8508849 0.9737766 0.0000000 0.5227474 2.2134975 2.3031772 2.1381503 1.9604652 1.5421623 0.0000010 2.2462067 2.3173632 2.1583121 2.5694536 2.2339576 2.3010981 2.5051650 2.4916982 2.4936660 2.3074390 3.2654624 2.5285964 2.6501671 2.5897877 2.4335380 2.6668493 2.5815503 2.3354951 2.5424729 2.6057031 2.1952325 1.8184348 2.3234488 2.7720431 4.0125076 1.9337388 3.3397158 3.5711347 4.0603609 3.8116770 3.2904720 2.7133085 2.7133085 4.0431636 3.6098609 
Vmul_Simscaffold967_01                                 5.9058317 3.3473473 3.0037279 3.4319305 3.9418134 4.0950748 3.5063396 4.0885747 3.8442819 5.4250675 3.3802790 3.3380562 3.3380562 3.3380562 3.3380562 2.7683079 0.9356265 0.9254408 0.9984049 0.8838361 0.8202110 0.9737890 0.8202110 0.8528024 0.5115981 0.8656935 0.8564339 0.6474057 0.7693860 1.0013923 1.0567500 1.1353136 0.9220915 0.8406053 0.9220915 0.7995575 0.5227474 0.0000000 2.4512809 2.4697493 2.4429201 2.2445174 1.2938225 0.0000010 2.6905947 2.5911127 2.5707957 2.9800445 2.2813255 2.6809251 3.0157923 2.7069412 2.7069412 2.7649293 3.5430421 3.0177904 2.9158378 2.9132880 2.9649443 2.8989813 2.7905230 2.1966313 2.7766214 2.8530484 1.9453683 1.6606280 2.8828698 3.1385821 3.8493504 0.7287268 3.7602113 3.9158506 4.3998500 4.1744899 2.8185500 2.9470305 2.9470305 4.0253562 3.4272409 
Exapal_XM_021046891.2                                  4.6420018 2.3059592 2.9205260 2.9500485 3.2224669 3.3413194 3.2607569 3.7636105 2.7612206 3.7798425 2.0809115 3.4037822 3.2110256 3.8134573 4.0949946 3.4750408 2.6881454 2.7084901 2.8456443 2.5296085 2.1259916 2.7802534 1.9632876 2.7618968 1.6856955 2.7094253 2.4985328 2.0159361 2.6597432 2.7041903 2.8303988 2.8284421 2.5811874 2.3430580 2.9456819 2.5013408 2.2134975 2.4512809 0.0000000 0.6360212 0.7374761 0.8115157 0.9112720 0.8083207 0.9250679 1.0038151 0.7458735 2.0684803 1.3198871 2.0222099 1.9067171 2.2133214 2.1250949 1.3991156 1.4444248 1.8260037 1.7520812 1.7090561 1.7194300 2.3776852 2.3373276 2.2548293 2.2930722 2.4523654 2.1481417 2.2792137 2.1877878 2.4107754 3.1718561 2.0626493 3.5790355 3.8904887 3.7634970 3.7862795 3.0911478 2.6781001 2.6781001 3.2926426 3.8533479 
Nvec_v1g246977                                         4.1441040 2.3351623 2.8478761 2.9458532 3.4634607 3.2653933 3.3320970 3.8088361 2.9586306 4.0588645 2.1229176 3.1151288 2.8360365 3.6258635 3.4635431 3.4175087 2.6544039 2.6767439 2.9372317 2.5906454 2.1036503 2.8243097 1.9523509 2.6637691 1.6120024 2.6809243 2.7483876 2.2458395 2.6119437 2.8459000 2.9895029 3.0789403 2.6220903 2.3569291 3.0334187 2.4503719 2.3031772 2.4697493 0.6360212 0.0000000 0.6922293 0.7731383 0.8467572 0.8205359 0.9200918 1.0254347 0.7143374 1.8364592 1.4646081 1.7738378 1.8676171 2.1238832 1.9996709 1.4288509 1.5402166 1.9181664 1.5974262 1.6678894 1.6818084 2.1959416 2.1585986 2.1178263 2.2079842 2.2243036 1.9925595 2.1221408 2.1075931 2.2765466 3.2716504 1.7912944 3.5880941 3.5387908 3.3871456 3.6473383 2.7905132 2.5921573 2.5921573 3.2143432 3.9819565 
Fspp_ffun1.m4.10027.m1                                 4.6444318 2.2872736 3.1399815 3.0398017 3.3540507 3.4613293 3.2209417 3.8094367 2.9294566 4.6705366 2.3739890 2.8826886 2.9500039 4.0358450 3.8485243 3.0921312 2.4088712 2.4304076 2.5069818 2.2197811 2.1099087 2.7982197 1.9235780 2.6568038 1.6169220 2.5397037 2.4617727 1.9622318 2.4986013 2.6105035 2.7745110 2.8473770 2.4564306 2.1913425 2.5798018 2.2830562 2.1381503 2.4429201 0.7374761 0.6922293 0.0000000 0.2607212 0.1340054 0.2892543 0.4033949 0.4222071 0.1973708 1.9443695 1.5399434 1.8870694 1.6593465 2.1519512 2.0582012 1.3175153 1.6388520 1.8176879 1.7072415 1.7042299 1.7096497 2.2466683 2.2029893 1.9954382 2.1506005 2.1872080 1.9964242 1.9970584 2.1344203 2.0880676 3.3013772 1.8275273 3.6303844 3.8662377 4.0378644 3.6737835 2.5569383 2.5187380 2.5187380 3.3188984 3.7652919 
Gfas_gfas1.m1.913.m1                                   5.1552599 2.3857614 3.0293353 2.9585484 3.4483495 3.2967706 3.1142264 3.4736840 3.0250229 4.1079452 2.2652155 2.7268407 2.6774836 3.8586385 3.5252532 2.9590407 2.3281957 2.3468656 2.3846401 2.1686351 1.9272799 2.4757421 1.7577480 2.4873282 1.5957213 2.3893968 2.3107489 1.7879794 2.4726285 2.4558910 2.6244508 2.6646732 2.3248519 2.1193642 2.5633677 2.1735329 1.9604652 2.2445174 0.8115157 0.7731383 0.2607212 0.0000000 0.3032909 0.2690330 0.3988611 0.4118705 0.3214650 2.1655708 1.3881581 1.9789635 1.8157694 2.1484218 2.1459443 1.4678449 1.6043975 1.8638297 1.6275887 1.6311656 1.7223846 2.2962250 2.2509650 2.1389581 2.2349313 2.2605657 2.0933093 2.2503062 2.2351739 2.3601881 3.2111528 2.0013404 3.6644322 3.7588392 3.7106152 3.6345226 2.9788007 2.5869056 2.5869056 3.2808916 3.8205143 
Gasp_gasp1.m3.12931.m1                                 4.7121005 1.5418397 3.6862857 3.4188453 3.8182940 3.3893878 3.5080237 3.5080237 3.5445995 3.5445995 2.0072166 2.8016471 2.7977766 4.0595366 3.6382980 3.0896844 2.5028557 2.5335824 2.1824353 2.7930859 1.5279639 6.7706623 1.3712495 2.5178481 1.5977996 2.5574579 1.9540255 1.5702308 2.6754140 2.9233849 2.9233849 2.9233849 2.1788722 1.5811663 2.7730438 2.1788722 1.5421623 1.2938225 0.9112720 0.8467572 0.1340054 0.3032909 0.0000000 0.2333361 0.5848330 0.6728275 0.3092349 2.1083132 1.2340496 2.0500972 1.8143102 2.1874973 2.1404204 1.5894544 1.8112679 1.9578910 1.7729482 1.7588068 1.7182219 2.6548047 2.5644580 2.5637795 2.5879682 2.6738761 2.5362594 2.1201926 2.4846092 2.4903627 2.9917379 2.1337773 3.6949924 3.8817625 3.9884161 3.2419265 3.1634757 2.6091494 2.6091494 2.9107565 4.5546806 
Spis_Spis25752_1                                       4.1791815 0.0000010 4.1207202 3.8416693 2.9927446 3.3226110 5.1365372 5.1365372 4.1661738 4.1661738 2.7474363 4.2294253 3.2529355 3.8632080 3.8632080 3.4095708 3.5654617 3.5654617 0.0000010 4.0954276 0.0000010 0.0000010 0.0000010 4.0989002 3.2745405 3.5876701 0.0000010 0.0000010 3.6909238 9.0000000 9.0000000 9.0000000 8.9999986 0.0000010 5.1121511 8.9999986 0.0000010 0.0000010 0.8083207 0.8205359 0.2892543 0.2690330 0.2333361 0.0000000 0.4016606 0.3592124 1.2094908 1.7982252 0.0000010 2.3463266 2.3595640 2.2648228 2.4216393 2.0936293 0.0000010 2.5805220 2.8792706 3.1081823 2.8892095 3.2721400 3.2721400 2.9258030 2.9737639 3.3171914 2.9225111 2.2324818 4.1359803 3.2053530 1.1329669 2.0382145 3.5879375 6.0203814 0.0000010 4.0481510 4.7973728 4.4223218 4.4223218 3.5171872 5.0736545 
Adig_XM_015910950.1                                    4.4157037 2.5898275 2.9410793 3.0374177 3.6491834 3.4561462 3.5563015 4.2051414 3.1873084 4.9803184 2.4289709 3.2437770 3.1302712 4.3488930 3.9308744 3.2618022 2.7031319 2.7278482 2.5412286 2.1034031 2.2027862 2.6113344 2.0334447 2.8790385 1.7486495 2.7925200 2.8939440 2.1217477 2.9920569 2.7680348 3.0285695 3.0081510 2.6478373 2.3028504 2.9715704 2.4807293 2.2462067 2.6905947 0.9250679 0.9200918 0.4033949 0.3988611 0.5848330 0.4016606 0.0000000 0.0373638 0.5186455 2.2639626 1.5473947 1.9994914 1.9698914 2.3017481 2.3344928 1.6540112 1.3560809 2.1087447 1.7267870 1.7483701 1.8955731 2.4153558 2.3980553 2.2773425 2.3355911 2.4323220 2.3046390 2.2636956 2.5608715 2.4171631 2.8357658 1.9980808 3.8775178 4.2292101 4.6136280 3.9884316 3.1998039 2.9379668 2.9379668 3.7206671 4.2414727 
Amil_Amillepora24480-RA                                4.3870249 2.6451427 3.1921169 3.1002464 3.8592939 3.7144941 3.8196798 4.6513416 3.1488222 4.7156850 2.4923114 3.7239892 3.3215028 4.7193847 4.2597837 4.1754057 2.8890620 2.8887885 2.5357348 2.1040609 2.2317085 2.5701605 2.2315849 3.1254595 2.0984471 2.9714385 2.8354494 2.0593405 3.4188441 2.6932962 2.9558314 2.9410180 2.5528494 2.2357695 3.3047966 2.3658058 2.3173632 2.5911127 1.0038151 1.0254347 0.4222071 0.4118705 0.6728275 0.3592124 0.0373638 0.0000000 0.5761202 2.3841022 1.5886326 2.2115279 2.2783200 2.3592982 2.4106881 1.8794719 1.2912069 2.3860976 1.9442374 1.9504949 2.0884145 2.5608469 2.5401056 2.3945742 2.4582423 2.5456298 2.4450892 2.5333334 2.7794640 2.7736143 2.7432314 2.9591116 3.7995216 4.1969198 4.5097038 4.1035191 3.3337709 3.0057057 3.0057057 3.9098859 4.3331436 
Spis_XP_022790287_1                                    4.9761922 2.3243689 2.4498150 2.6702855 3.3982690 3.2425506 2.7757646 3.1583796 2.7503924 3.8349224 2.3000680 2.5382169 2.5382169 3.6366953 2.8538643 2.8698874 2.2904002 2.3127352 2.6194598 2.2811861 2.0565985 2.6141343 1.8832792 2.4116105 1.4109763 2.4704860 2.5815974 2.0690434 2.3269408 2.6157982 2.7537238 2.8164000 2.4453964 2.2710807 2.4791470 2.2904495 2.1583121 2.5707957 0.7458735 0.7143374 0.1973708 0.3214650 0.3092349 1.2094908 0.5186455 0.5761202 0.0000000 2.0289885 1.4621332 1.7502873 1.7186890 2.0632016 1.9719882 1.3383309 1.5263396 1.7948814 1.3991749 1.3824558 1.4344528 2.0572020 2.0194284 1.8209106 1.9510002 1.9999179 1.8055957 1.8219672 1.9833314 2.0816815 4.0431268 1.9969367 3.5132322 3.5219979 3.7843246 3.5661355 2.6875861 2.3893178 2.3893178 3.2576502 3.5950740 
