100
Coeast_Cast_sb799933                    0.0000000 0.4329646 1.4357570 0.1920035 1.8380710 0.6632181 0.3251207 0.9083316 3.3195061 3.3059457 2.8439499 0.5532812 0.2225591 0.8056788 2.6336199 0.8178640 0.8178640 2.6138101 1.4507343 0.8145377 1.0419099 1.2373424 1.7707821 0.5881182 1.2845767 2.5692246 1.4704082 1.4704082 3.3638032 2.9908055 1.0232941 0.6254808 2.0023732 1.6149714 2.0669625 8.9999985 2.7580824 2.9887023 2.5079336 2.5497069 9.0000000 8.9999986 3.8112613 3.6118545 2.1156167 4.8578098 2.8965162 2.6383497 2.4488029 2.4597974 3.8456821 5.5260902 2.4563862 2.5897098 2.3413789 2.2590091 2.3165177 2.6118481 8.9999987 2.4407552 2.8585064 2.6568225 2.5106173 2.5161879 2.5417829 2.8095527 2.7210285 2.6423606 2.6458800 3.6028902 2.9699106 2.4829652 2.5531015 1.6161311 2.0255454 2.1421969 2.1687104 2.1855894 6.0447401 2.6773825 3.0983814 2.7814868 3.1486164 3.1486164 3.2086223 3.1848035 2.6363445 2.5678397 2.7989394 2.6889193 2.4693480 3.3616196 4.0994766 3.1330895 3.1330895 3.9068445 0.3449856 2.5306561 4.0324605 8.9999988 
Coeast_Cast_sb799945                    0.4329646 0.0000000 0.0068638 0.0160684 0.0280425 0.0161303 0.0326678 0.0702331 0.0630402 0.0385034 0.0886647 0.4481851 0.3728331 0.6957799 0.7907396 0.7908362 0.7908362 0.8375556 0.7732222 0.7834180 0.7671992 0.7671992 1.1283280 0.8007300 0.8624914 1.0281169 0.9573816 0.9573816 1.1172604 1.6271669 0.8162692 0.9689947 1.3094948 1.0632943 1.1090510 0.0000010 1.6976132 1.8650027 1.7117782 1.6428445 1.4525422 1.5530075 2.0251208 1.8328102 1.3486570 1.6882547 1.7565216 1.8184072 1.6241468 1.6499163 1.1522926 1.5558394 1.7688080 1.7996210 1.5688497 1.6187098 1.8294881 1.5934041 1.4478194 1.8383002 1.8692222 1.5617137 1.6719790 1.6906185 1.6588283 1.6998808 1.6401515 2.0180326 1.7081269 2.1570108 1.8899915 1.9790403 1.7096964 1.5773139 1.5379427 1.5627302 1.5627302 1.5543692 2.3654787 1.7474254 1.8212710 1.8048640 1.7946247 1.8052117 1.8217822 1.8284968 1.9360557 1.9360557 1.9829233 1.9829233 1.7956417 1.8026057 3.1920170 2.1602397 2.1602397 1.9675224 3.0661775 1.8768933 2.7286007 1.8993705 
Coeast_Cast_sb799946                    1.4357570 0.0068638 0.0000000 0.0209873 0.0209745 0.0280425 0.0428786 0.0749601 0.0542131 0.0302722 0.0886647 0.4931208 0.4442670 0.7135161 0.7907396 0.8513452 0.8513452 0.8197358 0.7983830 0.8475427 0.8137392 0.8137392 1.0781884 0.7951504 0.8759079 1.0281169 0.9380628 0.9380628 1.1172604 1.4103562 0.8267820 1.1093723 1.3760988 1.0762907 1.1253799 0.0000010 1.6059558 1.6162659 1.8103521 1.5481118 1.4525422 1.5530075 1.7696195 1.5848476 1.2523796 1.6882547 1.7487670 1.6490984 1.7861584 1.6173510 1.1522926 1.5558394 1.7301232 1.8164143 1.4957276 1.5981731 1.6787987 1.4860980 1.4478194 1.6478789 1.8290492 1.3846015 1.5930652 1.6281150 1.5920840 1.6472205 1.5738367 1.9850785 1.6036066 1.8854292 1.6784775 2.0043401 1.5509705 1.6359181 1.6743597 1.4885990 1.4885990 1.5059422 2.3346542 1.6559798 1.6906582 1.6963073 1.6353533 1.6490753 1.6598644 1.6687781 1.8502149 1.8502149 1.8552246 1.8552246 1.5718882 1.5369394 3.0912064 2.1731826 2.1731826 1.8419436 3.6213905 1.6919564 2.5769787 1.8993705 
Coeast_Cast_sb799938                    0.1920035 0.0160684 0.0209873 0.0000000 0.0428786 0.0326678 0.0125667 0.0702331 0.1395418 0.1138571 0.0886647 0.3367925 0.2232302 0.5597815 0.7907396 0.6568266 0.6568266 0.9150984 0.8340639 0.6456856 0.7386730 0.7628170 1.0945196 0.6989001 0.8565008 1.0281169 0.8899136 0.8899136 1.1172604 1.7769222 0.6987907 0.7251763 1.2787829 1.1277454 1.1684228 0.0000010 1.7067274 1.8448355 1.6889140 1.6174493 1.4525422 1.5530075 1.9123282 1.8486792 1.3613241 1.6882547 1.7565216 1.8641662 1.7547553 1.7531122 1.1522926 1.5558394 1.6845158 1.8653914 1.6306651 1.6654265 1.7374709 1.6483625 1.4478194 1.7381160 1.9141573 1.6494969 1.6783873 1.6764738 1.6460024 1.7056519 1.6576805 2.0227592 1.7681923 2.1727923 1.8815538 1.9101100 1.7456685 1.4746511 1.4523828 1.4462536 1.4604983 1.4734967 2.3654787 1.6421103 1.9238202 1.9056592 1.9099507 1.9188617 1.9389638 1.9445192 1.8784358 1.8784358 1.9084141 1.9084141 1.7857458 1.8830747 3.1719598 2.2075128 2.2075128 2.2235317 0.4293674 1.7637795 2.9349458 1.9917358 
Coeast_Cast_sb799940                    1.8380710 0.0280425 0.0209745 0.0428786 0.0000000 0.0041257 0.0125205 0.0435665 0.0174831 0.0542131 0.0284444 0.3718890 0.4442670 0.5396183 0.5506722 0.6205722 0.6205722 0.5915866 0.6330819 0.6588587 0.6384771 0.6384771 1.1141222 0.7951504 0.7410117 0.7226324 0.7481263 0.7481263 0.7464926 0.9634709 0.6852738 1.2097281 0.6638078 1.0614251 0.9476828 1.5311622 1.7054360 1.6585738 1.6628773 1.6410616 1.5904093 1.6415572 1.7814500 1.6105669 1.4755125 1.6849231 1.8619967 1.7871378 1.7653576 1.8492642 1.8953555 1.7798692 1.6653009 1.7472348 1.7644447 1.8474232 1.8184086 1.6411883 1.4921089 1.8465742 1.8591289 1.4884592 1.6603944 1.6594545 1.6347753 1.7362460 1.6922979 1.8382479 1.6387987 1.8546307 1.6458393 1.8916948 1.5604859 1.6359181 1.8823377 1.6755834 1.7383725 1.7610648 2.2154984 1.6879864 1.7875946 1.5962212 1.7129805 1.7018645 1.8284689 1.8337827 1.9146547 1.9777068 2.1515457 2.0976459 1.5718882 1.8864391 3.0421937 2.2263611 2.1643671 1.8500747 3.4791692 1.9643848 2.4984571 2.1153977 
Coeast_Cast_sb799937                    0.6632181 0.0161303 0.0280425 0.0326678 0.0041257 0.0000000 0.0105866 0.0412596 0.0220784 0.0630402 0.0284444 0.3614397 0.3728331 0.5546091 0.5506722 0.6164682 0.6164682 0.5992431 0.6399346 0.6481089 0.6360264 0.6360264 1.1543705 0.8007300 0.7505495 0.7226324 0.7861048 0.7861048 0.7464926 1.1215107 0.6990239 1.0320583 0.6589816 1.0500257 0.9474539 1.5311622 1.7559969 1.8044722 1.6232004 1.6930903 1.5904093 1.6415572 1.9411292 1.7558287 1.5047174 1.6849231 1.8602659 1.8808691 1.6619106 1.8339010 1.8953555 1.7798692 1.7015149 1.7470674 1.7755849 1.8208163 1.9028492 1.6914438 1.4921089 1.9531990 1.8820024 1.5967529 1.7047143 1.6970463 1.6739782 1.7593356 1.7212139 1.8821196 1.7050402 2.0288759 1.7814607 1.8895752 1.6622203 1.5773139 1.7578450 1.7036141 1.7555895 1.7590302 2.2256183 1.7405850 1.8608792 1.7036258 1.8045791 1.7948963 1.9121481 1.9166090 1.9651255 2.0260750 2.2126866 2.1670761 1.7956417 2.0379690 3.1152394 2.2164727 2.1575724 1.9336367 3.2651094 2.0661572 2.5768179 2.1153977 
Coeast_Cast_sb799930                    0.3251207 0.0326678 0.0428786 0.0125667 0.0125205 0.0105866 0.0000000 0.0412596 0.0658327 0.1395418 0.0284444 0.2990776 0.2232302 0.4867167 0.5506722 0.5548617 0.5548617 0.6272308 0.6750807 0.5780879 0.6328345 0.6346284 1.1242700 0.6989001 0.7479260 0.7226324 0.7554503 0.7554503 0.7464926 1.2619323 0.6402119 0.7689132 0.6625313 1.1135841 0.9810583 1.5311622 1.7536442 1.8008556 1.6188657 1.6662877 1.5904093 1.6415572 1.8773763 1.7790340 1.4888009 1.6849231 1.8602659 1.9029961 1.7494074 1.8863558 1.8953555 1.7798692 1.6518272 1.8003450 1.7894849 1.8233470 1.8229278 1.7178525 1.4921089 1.8601354 1.9121648 1.6553984 1.7044177 1.6859351 1.6625054 1.7548387 1.7222560 1.9065907 1.7490557 2.0575041 1.7921443 1.8585964 1.6951159 1.4746511 1.6558176 1.5822765 1.6426793 1.6627925 2.2256183 1.6707026 1.9301470 1.8018541 1.8833049 1.8745265 1.9852916 1.9892172 1.9187709 1.9652810 2.1120301 2.0713564 1.7857458 2.0677474 3.1142356 2.2395100 2.1864528 2.1186411 0.9998986 1.9437273 2.6911029 2.1645623 
Plespi_Pspi_C581546_01                  0.9083316 0.0702331 0.0749601 0.0702331 0.0435665 0.0412596 0.0412596 0.0000000 0.0460778 0.0802294 0.0000010 0.4064233 0.2822482 0.6035499 0.6531460 0.7081671 0.7081671 0.7404471 0.7152688 0.7250687 0.7152688 0.7152688 1.1138668 0.7919219 0.7134703 0.6520199 0.7472923 0.7472923 0.6769830 1.1138052 0.6868611 1.0539362 0.5992932 1.1557928 1.0278196 1.0712952 1.4823430 1.4612341 1.4557590 1.4738836 1.3441385 1.4209848 1.5124319 1.4725850 1.1964274 1.5766228 1.6261018 1.5469400 1.5138681 1.6102127 1.4200039 1.7168482 1.7189892 1.8177336 1.4799015 1.5640990 1.5569413 1.6369498 1.5366837 1.5028492 1.7284416 1.3746610 1.5329614 1.6180791 1.5335874 1.5549179 1.5110353 1.8895434 1.6205507 1.6836961 1.4772085 1.7187556 1.3404567 1.4631094 1.5188474 1.4116309 1.4116309 1.3685197 1.5868065 1.4823105 1.6383916 1.5725078 1.5765175 1.5873062 1.6417775 1.6490621 1.8181052 1.8181052 2.0573354 2.0573354 1.6005218 1.5562215 2.8598481 1.7742540 1.7742540 1.6544250 3.6249336 1.7379786 2.1503876 1.8331205 
Coeast_Cast_sb799927                    3.3195061 0.0630402 0.0542131 0.1395418 0.0174831 0.0220784 0.0658327 0.0460778 0.0000000 0.0201853 0.0284444 0.4290476 0.8159363 0.6064774 0.5506722 0.6895525 0.6895525 0.6633680 0.6959446 0.7289100 0.6765880 0.6415790 1.1515239 0.8296392 0.7490714 0.7226324 0.7347772 0.7347772 0.7464926 1.0581394 0.7675418 1.6644469 0.6536950 1.2759709 1.0407692 1.5311622 1.8763487 1.8208896 1.7339139 1.8176829 1.5904093 1.6415572 1.7670373 1.6755668 1.6489626 1.6849231 1.9000030 1.9335363 1.8599430 2.0617389 1.8953555 1.7798692 1.7829994 1.8255500 1.9411305 2.0273700 1.9771482 1.7871770 1.4921089 1.9980346 2.0585191 1.6621028 1.7647225 1.7952431 1.7860651 1.8851599 1.8567908 2.0071081 1.7777807 1.9683222 1.7369427 2.0345290 1.6563234 1.9440058 2.0246520 1.8268813 1.8785311 1.9272830 2.2154984 1.8192799 1.8472853 1.6863735 1.7970759 1.7854961 1.8798627 1.8880611 2.0797616 2.1609445 2.2517452 2.2041743 1.8106653 2.1391773 3.1804226 2.2473166 2.1870601 2.0304809 3.6197533 2.1957074 2.6333357 2.1153977 
Coeast_Cast_sb799931                    3.3059457 0.0385034 0.0302722 0.1138571 0.0542131 0.0630402 0.1395418 0.0802294 0.0201853 0.0000000 0.0886647 0.5995720 0.8159363 0.8421923 0.7907396 0.9851704 0.9851704 1.0258692 0.9426959 0.9865643 0.8931906 0.8354881 1.1185796 0.8296392 0.9026739 1.0281169 0.9245059 0.9245059 1.1172604 1.6375235 0.9867234 1.5885342 1.4287176 1.2966923 1.3299404 0.0000010 1.8805365 1.9093942 1.9404093 1.8370333 1.4525422 1.5530075 1.7470118 1.7009529 1.5265159 1.6882547 1.8025194 1.8937971 1.9515020 1.9304784 1.1522926 1.5558394 1.9317943 1.9502829 1.7626968 1.8690206 1.9292432 1.7066406 1.4478194 1.8850751 2.1594451 1.6571388 1.7596427 1.8504542 1.8376294 1.8878578 1.8334224 2.3028984 1.8263670 2.0827744 1.8391049 2.2679436 1.7131120 1.9440058 1.8993240 1.6954251 1.6954251 1.7577373 2.3346542 1.8884029 1.7864788 1.8164853 1.7783283 1.7925270 1.7437270 1.7569437 2.1175426 2.1175426 2.0109388 2.0109388 1.8106653 1.8983566 3.3179501 2.2135972 2.2135972 2.1288171 3.8493023 2.0500945 2.8881919 1.8993705 
Vmul_SimC362753                         2.8439499 0.0886647 0.0886647 0.0886647 0.0284444 0.0284444 0.0284444 0.0000010 0.0284444 0.0886647 0.0000000 0.4247333 0.0000010 0.4864634 0.4399476 0.4399476 0.4399476 0.5476570 0.5476570 0.5476570 0.5476570 0.5476570 1.2596807 0.0000010 0.6188788 0.6188788 0.5867162 0.5867162 0.6418747 0.6266319 0.6249452 2.8644231 0.6237594 1.0518832 0.8943686 1.4644611 1.8622915 1.9274422 1.8309532 1.8671820 2.0670981 2.0043167 1.9532713 1.5163424 2.0399724 1.8497293 2.0328067 2.0171654 1.8908754 2.3959437 1.7932695 1.9019167 1.7333342 2.2083354 2.2085427 2.3961214 2.0620014 2.0669876 2.1749607 2.3280703 2.3594480 2.0303123 2.1469327 2.1661246 2.0555630 2.2178484 2.2094417 2.0995298 2.1628016 2.1585843 1.8971666 1.9348095 1.6808105 9.0000000 2.3702994 2.1781044 2.2316253 2.2006240 2.3429186 1.8364831 2.4073908 1.9474793 2.3309299 2.3053666 2.3501333 2.3666722 1.9924578 1.9260215 2.5157285 2.4573308 2.4451597 2.3412180 3.6376564 2.1512850 2.0492938 2.0229707 3.0707802 2.6125494 2.3561322 2.0516853 
Vmul_sbMO443120                         0.5532812 0.4481851 0.4931208 0.3367925 0.3718890 0.3614397 0.2990776 0.4064233 0.4290476 0.5995720 0.4247333 0.0000000 0.0000010 0.5011813 0.5393833 0.5112082 0.5112082 0.5748727 0.5853353 0.5201728 0.5648736 0.5490148 1.0572699 0.7051565 0.7019391 0.6640612 0.7209561 0.7209561 0.7655022 1.2859378 0.7221535 0.8482396 0.6169484 1.0761743 0.9227101 1.4586405 1.7412241 1.6712324 1.6684955 1.6158151 1.5416785 1.5205101 1.8711102 1.7157751 1.5629085 1.7721890 1.7544322 1.8625579 1.8049648 1.8665803 1.9059335 1.8320364 1.6636104 1.8082291 1.7668979 1.7434666 1.7904291 1.7149953 1.3275840 1.7668196 1.8531989 1.7715515 1.7112756 1.6990072 1.6615523 1.8327702 1.7689932 1.8971135 1.7210861 1.9142765 1.7161585 1.7596255 1.6328179 1.5616875 1.6319691 1.6453303 1.7506012 1.6109968 2.2020328 1.6730109 1.8743555 1.7113164 1.7970758 1.8002067 1.8539162 1.8675060 1.9381182 1.9698653 2.0624975 2.0342456 1.7602657 2.1389488 2.7200049 2.1405028 2.0928493 1.9126420 0.8944930 1.8329360 2.5017555 2.2494476 
Coemet_Cmet_C553007_01                  0.2225591 0.3728331 0.4442670 0.2232302 0.4442670 0.3728331 0.2232302 0.2822482 0.8159363 0.8159363 0.0000010 0.0000010 0.0000000 0.5685100 2.3109907 0.5084567 0.5084567 1.3790669 0.6985546 0.4862508 0.6020343 0.5617545 1.1215729 0.6033590 0.6824855 0.0000010 0.9434050 0.9434050 0.0000010 2.5899764 0.7639056 0.7493795 0.8470241 1.3199550 1.3199550 0.0000010 1.8959171 1.9254890 1.7634402 1.8260988 0.8804706 0.0000010 2.1020871 2.3328002 1.4585811 0.0000010 1.9045823 2.2472153 1.9313434 2.0136194 0.0000010 0.0000010 1.9068666 2.2031540 2.0034233 1.9384148 2.1658141 2.0631733 0.0000010 1.7385144 2.1269231 2.0032367 1.7118919 1.6785372 1.6654325 1.7838596 1.7318762 1.9357220 1.9293257 2.2874157 2.1890812 2.0497198 2.0054310 1.7000220 1.5719028 1.5669490 1.5931396 1.6305121 4.9132771 2.0310711 2.3452934 2.4024339 2.4493802 2.4493802 2.5332024 2.5982007 2.2566050 2.2566050 2.3147769 2.3147769 1.8350250 2.5382738 3.1516014 2.0506924 2.0506924 2.8209875 0.0656848 1.6950845 3.4858917 4.4357094 
Lampan_Lpan_C415577_01                  0.8056788 0.6957799 0.7135161 0.5597815 0.5396183 0.5546091 0.4867167 0.6035499 0.6064774 0.8421923 0.4864634 0.5011813 0.5685100 0.0000000 0.5438283 0.4452273 0.4452273 0.5690024 0.5811271 0.4622966 0.5102736 0.5397108 0.8815603 0.5473988 0.5270029 0.4483685 0.6442502 0.6442502 0.6752585 1.3312858 0.6137368 0.6739484 0.4503735 0.8813406 0.8004651 1.4669222 1.6500166 1.5221320 1.6469849 1.5964315 1.5911693 1.5318808 1.8407225 1.5571888 1.5042360 1.8100666 1.9389105 1.9805897 1.7361855 1.8852512 1.7675841 1.7168930 1.6223057 1.6724874 1.7902118 1.6933952 1.6238084 1.7661443 1.6396351 1.6140676 1.7620772 1.7796974 1.5368626 1.5303756 1.4931882 1.6140309 1.5778843 1.6998265 1.5679720 1.9499085 1.6183852 1.7772306 1.6225164 1.4095308 1.5511922 1.6276067 1.6812544 1.5611385 1.7608210 1.4659963 2.1042389 1.9871000 1.9284753 1.8901725 2.0320756 2.0283485 1.8100162 1.8190815 1.8663869 1.7934482 1.9499013 2.0945772 2.8113403 1.9463586 1.9055479 1.8789718 1.3357885 1.7232442 2.1836777 2.1436269 
Coeast_Cast_sb785443                    2.6336199 0.7907396 0.7907396 0.7907396 0.5506722 0.5506722 0.5506722 0.6531460 0.5506722 0.7907396 0.4399476 0.5393833 2.3109907 0.5438283 0.0000000 0.0150600 0.0150600 0.2396002 0.2503741 0.2503741 0.2503741 0.2503741 0.9484792 0.8792972 0.5888712 0.5060953 0.6204479 0.6204479 0.5510829 0.7299987 0.5999167 1.4891200 0.3813298 0.8788892 0.6870325 1.4215855 1.6418272 1.5904672 1.6615751 1.7131117 1.8839547 1.8217414 1.9377873 1.4956731 1.7968648 1.7048736 1.6100695 1.5653110 1.7208504 2.0519210 1.9039028 1.7375827 1.5677179 1.7175322 1.7694705 1.7213102 1.6920933 1.5688508 1.7033427 1.7461417 1.7139866 1.8349374 1.9251973 1.9010417 1.8359353 1.9228111 2.0240425 2.0470299 1.7610631 1.7892811 1.4418511 1.8710119 1.5351283 2.0271111 2.0216376 2.0931528 2.1634463 1.9214556 1.9610252 1.5605746 1.7941983 1.5041484 1.7161206 1.7020520 1.8006599 1.7976885 1.8441944 1.9324676 1.8289147 1.8318505 1.7445766 1.9132900 2.9785948 2.0910882 2.0246529 1.8025248 3.9182561 1.9633718 2.0313932 2.2342084 
Coeast_Cast_sb785442                    0.8178640 0.7908362 0.8513452 0.6568266 0.6205722 0.6164682 0.5548617 0.7081671 0.6895525 0.9851704 0.4399476 0.5112082 0.5084567 0.4452273 0.0150600 0.0000000 0.0000010 0.2569825 0.2356297 0.1744263 0.2096853 0.2099332 0.6857295 0.4452824 0.5109502 0.5060953 0.6282114 0.6282114 0.5510829 1.2089777 0.5242386 0.5260086 0.3994163 0.8323931 0.7001405 1.4215855 1.6795810 1.6512488 1.6736868 1.5986947 1.8333556 1.8731133 1.8691049 1.5913454 1.6319585 1.6960632 1.6332032 1.7423821 1.7551190 2.0264631 1.9039028 1.7375827 1.6855214 1.7056860 1.7464258 1.6779146 1.6930576 1.7167921 1.7033427 1.7620749 1.7296597 1.8173425 1.8037140 1.7734051 1.7321066 1.8562798 1.8838116 1.9368901 1.7792903 1.9847461 1.6288577 1.8832504 1.6170373 1.7577521 1.8220203 1.8782720 1.9426334 1.8371072 1.9719464 1.5126428 2.0494041 1.8972425 1.9303822 1.9202910 2.0053309 2.0015967 1.8224287 1.8733303 1.9140754 1.9204522 1.8896834 2.1098171 2.8054302 2.0008873 1.9560836 2.0777613 1.5331286 1.8796233 2.0701925 2.3035374 
Mlei_ML0529.g10.i1                      0.8178640 0.7908362 0.8513452 0.6568266 0.6205722 0.6164682 0.5548617 0.7081671 0.6895525 0.9851704 0.4399476 0.5112082 0.5084567 0.4452273 0.0150600 0.0000010 0.0000000 0.2569825 0.2356297 0.1744263 0.2096853 0.2099332 0.6857295 0.4452824 0.5109502 0.5060953 0.6282114 0.6282114 0.5510829 1.2089777 0.5242386 0.5260086 0.3994163 0.8323931 0.7001405 1.4215855 1.6795810 1.6512488 1.6736868 1.5986947 1.8333556 1.8731133 1.8691049 1.5913454 1.6319585 1.6960632 1.6332032 1.7423821 1.7551190 2.0264631 1.9039028 1.7375827 1.6855214 1.7056860 1.7464258 1.6779146 1.6930576 1.7167921 1.7033427 1.7620749 1.7296597 1.8173425 1.8037140 1.7734051 1.7321066 1.8562798 1.8838116 1.9368901 1.7792903 1.9847461 1.6288577 1.8832504 1.6170373 1.7577521 1.8220203 1.8782720 1.9426334 1.8371072 1.9719464 1.5126428 2.0494041 1.8972425 1.9303822 1.9202910 2.0053309 2.0015967 1.8224287 1.8733303 1.9140754 1.9204522 1.8896834 2.1098171 2.8054302 2.0008873 1.9560836 2.0777613 1.5331286 1.8796233 2.0701925 2.3035374 
Bolinf_Binf_sb1263263                   2.6138101 0.8375556 0.8197358 0.9150984 0.5915866 0.5992431 0.6272308 0.7404471 0.6633680 1.0258692 0.5476570 0.5748727 1.3790669 0.5690024 0.2396002 0.2569825 0.2569825 0.0000000 0.0054666 0.0165764 0.0000010 0.0000010 0.8288053 0.4317327 0.5723068 0.5935633 0.5594149 0.5594149 0.5509343 0.5877990 0.5818771 1.7008027 0.4200004 0.8444850 0.7446253 1.3623293 1.8426416 1.8026736 1.7076680 2.0170147 2.0516177 2.1971085 2.1802579 1.7021263 1.8494539 1.8616063 1.7760978 1.7655942 1.8292745 1.9871308 1.8101052 1.9508707 1.7639267 1.8875487 2.1979864 2.0330610 2.3968056 1.8473329 2.0068593 1.9971732 1.8373612 1.8815741 2.0025306 1.9163454 1.9798719 2.0687345 2.1237826 2.0318855 1.8325624 1.8997504 1.6048474 1.8514288 1.7863399 2.5184435 2.1842011 2.2017057 2.2072906 2.0066792 2.1513299 1.7004687 1.9815641 1.8249249 1.8259994 1.8177759 1.9143521 1.9110452 2.1150655 2.2082333 2.0845696 2.0710238 2.5698800 2.1553970 2.9465896 2.5187437 2.4235419 2.1664665 3.6184203 2.3840758 2.0557643 2.3369568 
Bolinf_Binf_sb1263262                   1.4507343 0.7732222 0.7983830 0.8340639 0.6330819 0.6399346 0.6750807 0.7152688 0.6959446 0.9426959 0.5476570 0.5853353 0.6985546 0.5811271 0.2503741 0.2356297 0.2356297 0.0054666 0.0000000 0.0216708 0.0000010 0.0000010 0.6933498 0.4545372 0.5327083 0.5935633 0.6337401 0.6337401 0.5605103 1.0243733 0.6163033 0.7898817 0.4305922 0.8237501 0.7603857 1.3623293 1.7110301 1.7703354 1.5473176 1.6848568 1.8337742 1.9859200 1.9304000 1.6314320 1.6186254 1.6806105 1.6721283 1.7471711 1.6188410 1.8921563 1.8101052 1.8602262 1.7443216 1.6443563 1.8902477 1.8231854 2.0271264 1.7532329 1.7787536 1.7747405 1.7152286 1.7422153 1.7569173 1.7781551 1.7619171 1.8113775 1.8346184 1.9639114 1.7798309 1.8822858 1.6476865 1.8689688 1.7518152 1.7453074 1.9251654 2.0172715 2.0390926 1.8637678 2.1492855 1.5614435 1.9359265 1.7713934 1.7620610 1.7568559 1.8652295 1.8612100 1.9755401 2.0213442 1.9650700 1.9486323 1.9269713 2.0190499 2.6942025 2.2268453 2.1701039 2.0372769 3.9736111 2.0097268 2.0508999 2.3114311 
Bolinf_Binf_sb1263259                   0.8145377 0.7834180 0.8475427 0.6456856 0.6588587 0.6481089 0.5780879 0.7250687 0.7289100 0.9865643 0.5476570 0.5201728 0.4862508 0.4622966 0.2503741 0.1744263 0.1744263 0.0165764 0.0216708 0.0000000 0.0159744 0.0035464 0.6424489 0.3826014 0.5237675 0.5935633 0.6019142 0.6019142 0.5605103 1.1522990 0.5318505 0.5362683 0.4362465 0.8432269 0.7712733 1.3623293 1.6988586 1.6819460 1.5546396 1.6480649 1.8337742 1.9859200 1.8554148 1.6484921 1.6015435 1.6806105 1.6680284 1.7604217 1.7193943 1.9340804 1.8101052 1.8602262 1.6851609 1.6884525 1.8277547 1.7548194 1.8862146 1.7500523 1.7787536 1.7603254 1.7528299 1.7391345 1.7412998 1.7490509 1.7280035 1.8080947 1.8279357 1.9367836 1.7803457 1.9302333 1.6310088 1.7942144 1.7256750 1.5748722 1.7573083 1.8124743 1.8580392 1.7894559 2.1492855 1.4895335 2.0371428 1.9311032 1.8637223 1.8589407 1.9827629 1.9791263 1.9067471 1.9396452 1.9257436 1.9103829 2.0145888 2.0842932 2.7127245 2.1761647 2.1269881 2.1727047 1.5393298 1.8686860 2.0707069 2.3491952 
Bolinf_Binf_sb1263261                   1.0419099 0.7671992 0.8137392 0.7386730 0.6384771 0.6360264 0.6328345 0.7152688 0.6765880 0.8931906 0.5476570 0.5648736 0.6020343 0.5102736 0.2503741 0.2096853 0.2096853 0.0000010 0.0000010 0.0159744 0.0000000 0.0000010 0.6657044 0.3722573 0.5184123 0.5935633 0.6136123 0.6136123 0.5605103 1.1646254 0.5869861 0.6696915 0.4394066 0.8550772 0.7754382 1.3623293 1.7949492 1.7304490 1.6300434 1.7261929 1.8337742 1.9859200 1.9618365 1.7120699 1.6065453 1.6806105 1.6721283 1.8230336 1.7609051 2.0664312 1.8101052 1.8602262 1.7741535 1.7509782 1.9256083 1.8613478 1.9655662 1.8278099 1.7787536 1.8397716 1.8352732 1.8081947 1.8040008 1.8048956 1.7973508 1.8577475 1.8795452 1.9989016 1.8235500 1.9524870 1.6710520 1.8855251 1.7888558 1.7764728 1.9066470 1.9937926 2.0156019 1.9003178 2.1492855 1.5938532 2.0350687 1.9093773 1.8244759 1.8195117 1.9705726 1.9667317 2.0079019 2.0511388 2.0512428 2.0415000 2.1284499 2.1009246 2.8784593 2.1613960 2.1092234 2.2449706 2.5784785 2.0304865 1.9535332 2.2829719 
Mertsp_Mesp_sb581344                    1.2373424 0.7671992 0.8137392 0.7628170 0.6384771 0.6360264 0.6346284 0.7152688 0.6415790 0.8354881 0.5476570 0.5490148 0.5617545 0.5397108 0.2503741 0.2099332 0.2099332 0.0000010 0.0000010 0.0035464 0.0000010 0.0000000 0.6657044 0.4272708 0.5184123 0.5935633 0.6257272 0.6257272 0.5605103 1.0311707 0.5738455 0.6589976 0.4305922 0.8550772 0.7754382 1.3623293 1.7006245 1.6744990 1.5121262 1.6424886 1.8337742 1.9859200 1.8794993 1.6313684 1.5796270 1.6806105 1.6721283 1.7258511 1.5730496 1.8634379 1.8101052 1.8602262 1.7135855 1.6255997 1.8636475 1.8031069 1.9658582 1.7392864 1.7787536 1.7592904 1.7264893 1.7500166 1.7523531 1.7737093 1.7631802 1.8069478 1.8302398 1.9294525 1.7499722 1.8809731 1.6337805 1.8221735 1.7206201 1.6428385 1.8449257 1.9433367 1.9721491 1.8049924 2.1492855 1.5114460 1.9315965 1.7928069 1.7520612 1.7468641 1.8498834 1.8458508 1.9267678 1.9683912 1.9012791 1.8809351 1.9033877 1.9672057 2.6221131 2.1160593 2.0623672 2.0199781 4.1054217 1.9661819 1.9470743 2.2829719 
Beraby_Baby_sb336458                    1.7707821 1.1283280 1.0781884 1.0945196 1.1141222 1.1543705 1.1242700 1.1138668 1.1515239 1.1185796 1.2596807 1.0572699 1.1215729 0.8815603 0.9484792 0.6857295 0.6857295 0.8288053 0.6933498 0.6424489 0.6657044 0.6657044 0.0000000 0.7923452 0.8905871 1.0731010 0.8803605 0.8803605 1.2503661 2.3637161 1.0309339 0.9334380 1.4088444 0.7459577 0.8060761 2.1566601 1.6251291 1.8483060 1.9078181 1.6166843 2.1017971 2.5846364 1.9537483 1.7567361 1.5797170 2.3584498 2.1596881 2.1695475 2.1764854 2.3355594 3.5458559 3.0184918 2.1710722 1.7872767 1.5384069 1.5623036 1.8195285 2.1196967 1.5648276 1.7881611 2.1707756 2.1315496 1.9445841 2.0832060 1.9932719 2.1003532 2.0999070 2.4112262 2.2751263 1.9864144 1.7816674 2.5408233 1.7724464 1.6915652 1.6545528 1.7541774 1.7541774 1.7986838 2.3784195 1.5817349 1.7892179 1.8112191 1.7480446 1.7843598 1.8000163 1.7924081 2.0159202 2.0159202 2.4922008 2.4922008 1.8746733 2.2215216 2.8190268 1.8110592 1.8110592 2.0204909 3.5598503 1.5780166 2.0684469 2.9191960 
Mertsp_Mesp_sb566228                    0.5881182 0.8007300 0.7951504 0.6989001 0.7951504 0.8007300 0.6989001 0.7919219 0.8296392 0.8296392 0.0000010 0.7051565 0.6033590 0.5473988 0.8792972 0.4452824 0.4452824 0.4317327 0.4545372 0.3826014 0.3722573 0.4272708 0.7923452 0.0000000 0.0000010 6.8979177 0.8146524 0.8146524 1.8323193 2.2499778 0.5404351 0.5960938 0.8184123 1.1765846 1.1765846 0.0000010 1.4987717 1.4774852 1.5985037 1.4832104 1.2754690 1.4842325 2.0093238 1.6721552 1.1723513 1.5162740 1.6468040 1.7349557 1.4123200 1.7514043 0.0000010 1.2101508 1.7495027 1.5804646 1.4466883 1.3845297 1.5397696 1.4961558 1.4011474 1.3295872 1.9017676 1.7277315 1.5493856 1.4707800 1.5344566 1.4903371 1.4808399 1.6919142 1.5449880 1.7595866 1.6379361 1.7420162 1.6365611 1.4047660 1.3577546 1.5683470 1.5501274 1.5785999 1.1498022 1.5595829 1.5567670 1.6106980 1.5356814 1.5356814 1.6685688 1.6648342 1.6529502 1.6529502 1.6027771 1.6027771 1.6405508 2.0539227 2.5827394 1.6829572 1.6829572 1.7222428 2.1994765 1.4985618 1.9736615 2.0313196 
Bolinf_Binf_sb1223185                   1.2845767 0.8624914 0.8759079 0.8565008 0.7410117 0.7505495 0.7479260 0.7134703 0.7490714 0.9026739 0.6188788 0.7019391 0.6824855 0.5270029 0.5888712 0.5109502 0.5109502 0.5723068 0.5327083 0.5237675 0.5184123 0.5184123 0.8905871 0.0000010 0.0000000 0.0058879 0.7721009 0.7721009 0.6164704 1.1387067 0.6208737 0.7241767 0.5177045 1.1131625 0.9361387 1.4250834 1.5326773 1.4602772 1.5730755 1.6563244 1.5690317 1.6774582 2.0841852 1.5554967 1.4414559 1.5963221 1.5927176 1.6195223 1.5316540 1.7452176 1.4183696 1.5310791 1.7937548 1.7144772 1.6840747 1.6486371 1.7507530 1.7027854 1.6074919 1.5496660 1.9060471 1.7378790 1.6958035 1.6899687 1.6372872 1.7401570 1.7277129 1.7592724 1.6828894 1.9218750 1.7559168 1.7661508 1.5959412 1.4797398 1.6047783 1.7142723 1.7085695 1.6541657 1.7080924 1.5057468 1.7465305 1.5635391 1.6652168 1.6646043 1.7586253 1.7547910 1.7140061 1.7207409 1.7742741 1.7121165 1.6749128 2.1386142 2.3414224 1.9423383 1.8962844 1.7248846 3.2331801 1.7908757 1.8596767 2.0260616 
Mertsp_Mesp_sb556366                    2.5692246 1.0281169 1.0281169 1.0281169 0.7226324 0.7226324 0.7226324 0.6520199 0.7226324 1.0281169 0.6188788 0.6640612 0.0000010 0.4483685 0.5060953 0.5060953 0.5060953 0.5935633 0.5935633 0.5935633 0.5935633 0.5935633 1.0731010 6.8979177 0.0058879 0.0000000 0.6784142 0.6784142 0.5432376 0.6527100 0.6470696 2.5970892 0.5089299 1.0119393 0.8163969 1.4250834 1.5507287 1.4102508 1.5672639 1.8057642 1.7416093 1.7657170 2.1580066 1.4815266 1.6983895 1.6686761 1.5651340 1.5589046 1.6696337 1.8448539 1.4183696 1.6496247 1.7404460 1.8827590 1.9850141 2.0135276 1.9612940 1.8757958 1.7597648 1.7198929 1.9060333 1.7376545 1.7752484 1.8319509 1.6579202 1.9116907 1.8993756 1.7159226 1.7257243 2.0084951 1.7477121 1.7422939 1.5231387 2.7873788 1.8071482 1.8649475 1.8463671 1.7059530 1.7367359 1.4373864 2.0312661 1.6102279 1.8609357 1.8596278 1.9383205 1.9344670 1.7776636 1.7991777 1.9077515 1.8030220 1.7860440 2.2578259 2.2754558 2.1299055 2.0430730 1.8153055 2.9136206 1.9273615 1.8022437 2.0245329 
Eupdun_Edun_sb10661728                  1.4704082 0.9573816 0.9380628 0.8899136 0.7481263 0.7861048 0.7554503 0.7472923 0.7347772 0.9245059 0.5867162 0.7209561 0.9434050 0.6442502 0.6204479 0.6282114 0.6282114 0.5594149 0.6337401 0.6019142 0.6136123 0.6257272 0.8803605 0.8146524 0.7721009 0.6784142 0.0000000 0.0000010 0.8031687 1.4262621 0.6756061 0.6844776 0.6416079 1.0244719 0.9248223 1.4317511 1.5114717 1.5342046 1.5321929 1.7591781 1.7025317 1.7091390 1.6918643 1.6176437 1.4547346 1.6143887 1.6699904 1.7674316 1.6039444 2.0551882 1.9473745 1.9540117 1.6982580 1.5789698 1.5461441 1.6066914 1.7766171 1.6499280 1.3098012 1.5782768 1.8051504 1.8203291 1.7586986 1.7304787 1.7238644 1.9136986 1.9296021 1.9434102 1.8721975 1.9635169 1.7072170 1.8387465 1.5190684 1.5937894 1.6182325 1.8703349 1.9211152 1.6657121 1.7767077 1.5100216 1.8027734 1.5689474 1.7286986 1.7114238 1.8135108 1.8281623 1.7524622 1.7814870 1.8292727 1.7955082 1.7332041 1.9676687 2.4331224 2.0219808 1.9786237 1.8663242 2.4824996 1.9020257 1.7709707 2.0611310 
Eupdun_Edun_sb10661729                  1.4704082 0.9573816 0.9380628 0.8899136 0.7481263 0.7861048 0.7554503 0.7472923 0.7347772 0.9245059 0.5867162 0.7209561 0.9434050 0.6442502 0.6204479 0.6282114 0.6282114 0.5594149 0.6337401 0.6019142 0.6136123 0.6257272 0.8803605 0.8146524 0.7721009 0.6784142 0.0000010 0.0000000 0.8031687 1.4262621 0.6756061 0.6844776 0.6416079 1.0244719 0.9248223 1.4317511 1.5114717 1.5342046 1.5321929 1.7591781 1.7025317 1.7091390 1.6918643 1.6176437 1.4547346 1.6143887 1.6699904 1.7674316 1.6039444 2.0551882 1.9473745 1.9540117 1.6982580 1.5789698 1.5461441 1.6066914 1.7766171 1.6499280 1.3098012 1.5782768 1.8051504 1.8203291 1.7586986 1.7304787 1.7238644 1.9136986 1.9296021 1.9434102 1.8721975 1.9635169 1.7072170 1.8387465 1.5190684 1.5937894 1.6182325 1.8703349 1.9211152 1.6657121 1.7767077 1.5100216 1.8027734 1.5689474 1.7286986 1.7114238 1.8135108 1.8281623 1.7524622 1.7814870 1.8292727 1.7955082 1.7332041 1.9676687 2.4331224 2.0219808 1.9786237 1.8663242 2.4824996 1.9020257 1.7709707 2.0611310 
Coeast_Cast_sb762256                    3.3638032 1.1172604 1.1172604 1.1172604 0.7464926 0.7464926 0.7464926 0.6769830 0.7464926 1.1172604 0.6418747 0.7655022 0.0000010 0.6752585 0.5510829 0.5510829 0.5510829 0.5509343 0.5605103 0.5605103 0.5605103 0.5605103 1.2503661 1.8323193 0.6164704 0.5432376 0.8031687 0.8031687 0.0000000 0.1964766 0.1848841 1.1081756 0.6353391 1.1927417 0.8162100 1.3672187 1.5647945 1.5890192 1.5770071 1.9834847 1.7030286 1.7640263 1.9517087 1.7175530 1.7237106 1.6754227 1.5956061 1.4906136 1.6634668 1.7230447 1.6323127 1.7876094 1.8990310 1.6271714 2.0305559 1.9750220 2.0359724 1.9909297 2.3459945 1.9732055 1.5958541 1.6802478 1.7409881 1.8058646 1.7647381 1.7981331 1.8312602 1.6850214 1.7059141 2.0646104 1.7470810 1.7988455 1.7791742 2.8770658 1.9261964 2.0972939 2.0729109 1.9372581 1.9989456 1.8263774 2.0109049 1.8893810 1.9807517 1.9899181 2.1364045 2.1325193 1.7879910 1.9135299 1.8203397 1.8510630 2.0046424 2.2167153 2.5155483 2.0088559 1.9513470 1.9794828 3.2382576 2.0086861 1.7827225 2.3455447 
Pbac_sb2638996                          2.9908055 1.6271669 1.4103562 1.7769222 0.9634709 1.1215107 1.2619323 1.1138052 1.0581394 1.6375235 0.6266319 1.2859378 2.5899764 1.3312858 0.7299987 1.2089777 1.2089777 0.5877990 1.0243733 1.1522990 1.1646254 1.0311707 2.3637161 2.2499778 1.1387067 0.6527100 1.4262621 1.4262621 0.1964766 0.0000000 0.6001085 2.6442420 0.5837372 2.3056428 1.3452306 1.3704829 2.2981849 2.2957993 2.5560934 2.8107042 2.0045789 2.1110067 2.9658334 2.7910122 2.6728900 2.2874618 2.2109270 2.4743383 2.4527196 2.7155290 1.8495442 1.8041919 2.6073471 2.7149519 2.7228396 2.8129822 2.9046812 2.6245833 2.3277738 2.5936693 2.5050092 2.3925340 2.4568573 2.4373296 2.2943706 2.3998592 2.4529182 2.9102035 2.5757804 2.8618904 2.6073164 2.4824464 2.4710583 3.3400312 2.5776689 2.8954163 2.8159726 2.7106080 1.9643316 2.4706164 2.6646377 2.8615752 2.7066229 2.7123164 2.7643071 2.7892753 2.4854395 2.5729431 2.5033194 2.6105851 3.0045989 3.3023665 3.7648334 2.6670923 2.6003552 2.7529312 2.9434147 2.7107323 2.5260489 2.6695973 
Horcal_Hcv1.av93.c9.g344.i1             1.0232941 0.8162692 0.8267820 0.6987907 0.6852738 0.6990239 0.6402119 0.6868611 0.7675418 0.9867234 0.6249452 0.7221535 0.7639056 0.6137368 0.5999167 0.5242386 0.5242386 0.5818771 0.6163033 0.5318505 0.5869861 0.5738455 1.0309339 0.5404351 0.6208737 0.6470696 0.6756061 0.6756061 0.1848841 0.6001085 0.0000000 0.0532421 0.6291847 1.0982043 0.9076072 1.4378858 1.5238980 1.5876395 1.6975840 1.8432811 1.6646542 1.6710029 1.9801674 1.7772371 1.6455825 1.8800063 1.8248034 1.8723309 1.7689897 2.0263232 1.8918248 1.7568894 1.6981001 1.5899815 1.5789532 1.6184694 1.7665495 1.7243640 1.9858523 1.6363345 1.8049512 1.6929883 1.6523395 1.6908047 1.6379574 1.7398912 1.7266925 1.8958050 1.7511304 2.0547339 1.7878890 1.8163298 1.6177543 1.5666954 1.6427819 1.7968122 1.8514092 1.7267043 2.0993527 1.5986208 1.9623561 1.9225386 2.0204395 2.0252858 2.0554964 2.0708607 1.7641727 1.7823104 1.8916240 1.8967452 1.8027694 2.2135951 2.5730294 2.1083599 2.0680423 2.0740942 1.6278280 1.7649084 2.1969822 2.3978515 
Pbac_sb2664712                          0.6254808 0.9689947 1.1093723 0.7251763 1.2097281 1.0320583 0.7689132 1.0539362 1.6644469 1.5885342 2.8644231 0.8482396 0.7493795 0.6739484 1.4891200 0.5260086 0.5260086 1.7008027 0.7898817 0.5362683 0.6696915 0.6589976 0.9334380 0.5960938 0.7241767 2.5970892 0.6844776 0.6844776 1.1081756 2.6442420 0.0532421 0.0000000 1.3919304 1.0145150 1.1211149 9.0000000 1.6711793 1.8540197 1.8122700 1.9132288 1.5780014 1.9637555 1.9446795 2.0571416 1.6660119 1.9493915 2.1486866 2.2451802 2.0215514 2.3523429 4.1395446 4.1395446 1.8401334 1.5521316 1.4850347 1.4857651 1.7317937 1.7475669 1.8853590 1.6818452 2.0694971 1.9273078 1.7781583 1.7323178 1.7558559 1.8450663 1.8380141 2.1160361 2.1366056 2.3380626 1.9204461 2.3155466 1.7705431 1.7462909 1.6605024 1.8852933 1.9090829 1.9614746 9.0000000 1.6846851 2.3248726 2.3178753 2.3913855 2.3913855 2.3230282 2.3676001 2.0144138 2.0144138 2.1780267 2.1780267 1.9780922 2.2400076 2.6073057 2.0676787 2.0676787 2.6731129 0.8687598 1.8240814 3.0983707 3.5159704 
Beraby_Baby_sb339394                    2.0023732 1.3094948 1.3760988 1.2787829 0.6638078 0.6589816 0.6625313 0.5992932 0.6536950 1.4287176 0.6237594 0.6169484 0.8470241 0.4503735 0.3813298 0.3994163 0.3994163 0.4200004 0.4305922 0.4362465 0.4394066 0.4305922 1.4088444 0.8184123 0.5177045 0.5089299 0.6416079 0.6416079 0.6353391 0.5837372 0.6291847 1.3919304 0.0000000 0.9937185 0.7846355 1.6065532 1.6318251 1.4716208 1.4921432 1.6160858 1.6733610 1.7039281 1.8039381 1.5861276 1.6036392 1.3299419 1.5275211 1.5330182 1.4468286 1.4973794 1.5218436 1.4104803 1.6047562 1.6441452 1.7258864 1.6559765 1.7418113 1.8587418 2.1430084 1.7142778 1.4146761 1.4728482 1.7339702 1.5118770 1.7473270 1.7397911 1.8628221 1.7144762 1.7394236 2.0386697 1.6871324 1.4339276 1.3898500 1.5856137 1.9599549 1.9731035 2.0046233 1.6631027 1.9016784 1.4143440 1.8740059 1.2396782 1.8889803 1.8536679 1.9290994 1.9290994 1.9247949 1.9163975 1.8683903 1.7689182 0.6055363 1.8262367 2.3899458 1.8030152 1.7393000 1.8124850 2.7928365 2.0036402 1.7367330 2.1581810 
Drygla_Dgla_sb298419                    1.6149714 1.0632943 1.0762907 1.1277454 1.0614251 1.0500257 1.1135841 1.1557928 1.2759709 1.2966923 1.0518832 1.0761743 1.3199550 0.8813406 0.8788892 0.8323931 0.8323931 0.8444850 0.8237501 0.8432269 0.8550772 0.8550772 0.7459577 1.1765846 1.1131625 1.0119393 1.0244719 1.0244719 1.1927417 2.3056428 1.0982043 1.0145150 0.9937185 0.0000000 0.0260815 0.0000010 1.8513987 1.9782966 2.0629232 1.7771779 2.1706213 2.2447619 2.1761425 1.9322195 1.9047295 2.5425091 2.2290380 2.1081432 1.8891222 1.9725359 2.7253263 2.0908939 1.9421453 1.9143039 1.8230895 1.7362269 1.8738572 2.2317972 1.7206895 1.7123599 2.0846382 2.1158432 1.9838598 2.0011529 1.9721258 2.1416922 2.0901600 2.1145207 2.0369163 2.0689924 1.8646450 2.7251471 1.6655377 1.7634136 1.7671891 1.8817054 1.8817054 1.8528775 2.0520865 1.6871132 2.0779733 2.0385277 1.9158496 1.8976815 2.0603118 2.0521645 2.2920106 2.2920106 2.3945891 2.3945891 1.7825048 2.1541070 2.9340578 1.9683133 1.9683133 2.2404707 1.9963817 1.8997554 2.5929966 3.2529749 
Drygla_Dgla_sb298417                    2.0669625 1.1090510 1.1253799 1.1684228 0.9476828 0.9474539 0.9810583 1.0278196 1.0407692 1.3299404 0.8943686 0.9227101 1.3199550 0.8004651 0.6870325 0.7001405 0.7001405 0.7446253 0.7603857 0.7712733 0.7754382 0.7754382 0.8060761 1.1765846 0.9361387 0.8163969 0.9248223 0.9248223 0.8162100 1.3452306 0.9076072 1.1211149 0.7846355 0.0260815 0.0000000 1.2936964 1.6904284 1.6567134 1.7601439 1.6762444 1.9791326 1.9668553 1.8532943 1.7221535 1.8327723 2.0764328 1.7858562 1.6892631 1.7614191 1.9270249 2.0182783 2.0548189 1.6816170 1.7329574 1.8298257 1.8129502 1.7630392 2.0313318 1.7228033 1.8317086 1.7887458 1.8722166 1.8956812 1.8538546 1.8560859 1.9029443 1.9270762 1.8903491 1.8497322 1.9346389 1.7509444 1.9974920 1.6029870 1.7634136 1.8792613 1.9544278 1.9746137 1.8261803 1.7243631 1.6701502 2.0739191 1.8875468 1.9733119 1.9431183 2.0756870 2.0710959 2.0274522 2.1576239 2.0393897 2.0550443 1.6831997 2.0032994 2.3470745 2.0353435 1.9937062 2.0029005 3.1649498 2.0562914 1.8817269 2.5289806 
Lcom_lcpid187384                        8.9999985 0.0000010 0.0000010 0.0000010 1.5311622 1.5311622 1.5311622 1.0712952 1.5311622 0.0000010 1.4644611 1.4586405 0.0000010 1.4669222 1.4215855 1.4215855 1.4215855 1.3623293 1.3623293 1.3623293 1.3623293 1.3623293 2.1566601 0.0000010 1.4250834 1.4250834 1.4317511 1.4317511 1.3672187 1.3704829 1.4378858 9.0000000 1.6065532 0.0000010 1.2936964 0.0000000 0.2148246 0.7875467 1.0585871 0.9325446 1.4374111 1.3763613 1.0025236 0.8844240 1.4733170 2.7110300 1.5518176 1.5019837 1.4655522 1.8180139 1.8461922 2.2191049 1.7077296 1.5637157 2.2101499 2.2430086 1.7400684 2.2025750 3.4343979 1.3976196 1.5303135 1.4084549 1.4669883 1.4775663 1.5682142 1.4063355 1.5674672 1.4996274 1.4854822 1.6112495 1.5345646 0.8610988 1.1509267 0.0000010 2.0316020 2.5249506 1.9628251 2.1041239 2.3428432 1.6464398 1.6698613 1.9779553 1.7184340 1.7099241 1.7534608 1.7534608 1.5756782 1.6937606 2.3229075 2.1832065 0.0000010 1.5248728 1.9541766 2.1105401 2.0211104 1.5291519 3.3878396 1.7847502 1.9591323 2.1165102 
Lcom_lcpid52227                         2.7580824 1.6976132 1.6059558 1.7067274 1.7054360 1.7559969 1.7536442 1.4823430 1.8763487 1.8805365 1.8622915 1.7412241 1.8959171 1.6500166 1.6418272 1.6795810 1.6795810 1.8426416 1.7110301 1.6988586 1.7949492 1.7006245 1.6251291 1.4987717 1.5326773 1.5507287 1.5114717 1.5114717 1.5647945 2.2981849 1.5238980 1.6711793 1.6318251 1.8513987 1.6904284 0.2148246 0.0000000 1.0999729 1.2359357 0.9592350 1.1820471 1.2748985 1.2762986 1.0676448 1.3235239 1.5595106 1.5339284 1.6265806 1.5034267 1.6900011 1.6555198 1.6568955 1.6849819 1.6365722 1.6105198 1.5800549 1.5950868 1.7095321 1.3699494 1.2756612 1.5254576 1.3887362 1.3576590 1.3417918 1.3504239 1.3472408 1.3852595 1.5791627 1.4555178 1.7107484 1.5633402 1.1633598 1.3516128 1.5188157 1.4811584 1.5807207 1.5478586 1.5321545 1.6329969 1.3483865 1.7091642 1.7065844 1.7195897 1.7322553 1.7156968 1.7149349 1.5500450 1.5778947 1.6849578 1.6204309 1.6770137 1.5199928 2.0216504 1.9700823 1.9357480 1.6947156 2.2970468 1.5809544 2.1998098 1.5857391 
Ctel_gnl_WGS_AMQN_CAPTEDRAFT_mRNA227286 2.9887023 1.8650027 1.6162659 1.8448355 1.6585738 1.8044722 1.8008556 1.4612341 1.8208896 1.9093942 1.9274422 1.6712324 1.9254890 1.5221320 1.5904672 1.6512488 1.6512488 1.8026736 1.7703354 1.6819460 1.7304490 1.6744990 1.8483060 1.4774852 1.4602772 1.4102508 1.5342046 1.5342046 1.5890192 2.2957993 1.5876395 1.8540197 1.4716208 1.9782966 1.6567134 0.7875467 1.0999729 0.0000000 1.2545897 1.1061689 0.9507773 0.9458104 1.3792646 1.1329531 1.2854590 1.1998789 1.3105013 1.5612590 1.3512293 1.4230449 1.4312581 1.2313148 1.6703383 1.6889892 1.6583109 1.6821567 1.4924685 1.5953240 1.3778921 1.1766004 1.4794806 1.5249293 1.4579753 1.3471423 1.3766924 1.4037567 1.3972911 1.5079817 1.4320574 1.5509858 1.3375629 1.2377079 1.2866762 1.5131304 1.3522706 1.5207421 1.4851361 1.4658452 1.4279295 1.3957063 1.4734615 1.4775747 1.4864661 1.4788974 1.5414702 1.5317144 1.5915915 1.6697246 1.6292057 1.5776730 1.7362658 1.4346294 1.9279218 1.9464808 1.9500619 1.6499646 2.3215933 1.6533383 2.1048854 1.4762469 
