74
Lcom_lcpid176916                                             0.0000000 0.0162791 0.0000010 0.0000010 0.0000010 0.0000010 0.0000010 0.2937341 0.3634942 0.0000010 2.1775400 2.4015455 2.3819128 0.0000010 0.0000010 2.0216370 1.8858131 2.3334395 1.8696689 2.0228396 1.7601505 1.6991182 2.1488446 1.9010152 1.8619870 1.5864050 2.1826597 0.0000010 2.2165792 1.7645717 1.8159223 1.9770802 1.7712678 1.8194296 1.8946591 1.8749426 1.8956770 1.9193395 2.4670049 2.6026417 2.7925253 2.1358574 1.9792652 1.9792652 2.0607374 1.8720357 2.1520385 0.0000010 0.0000010 1.6794430 2.1082102 2.4952851 2.7823962 1.8598387 0.0000010 0.0000010 0.0000010 1.9909738 0.0000010 0.0000010 2.0939133 1.8246938 6.4350783 2.0511819 0.0000010 1.6211593 1.6884804 0.0000010 2.2603767 2.4867790 1.8379402 2.5999504 2.2854979 3.6344392 
Lcom_lcpid160590                                             0.0162791 0.0000000 0.0000010 0.0000010 0.0000010 0.0000010 0.0000010 0.3057125 0.3790593 0.0000010 2.1252273 2.4007711 2.3439381 0.0000010 0.0000010 2.0497353 1.8858131 2.3132730 1.8620349 1.9575585 1.7548704 1.6688632 2.1605978 1.9314996 1.8657668 1.5960832 2.1534710 0.0000010 2.2526428 1.7684605 1.8198230 2.0091507 1.7527390 1.8005690 1.8895082 1.8698502 1.8876592 1.9112089 2.4670049 2.5874832 2.7925253 2.1657966 2.0074202 2.0074202 2.0622875 1.8741491 2.1984079 0.0000010 0.0000010 1.6516175 2.1082102 2.5398065 2.7604263 1.8496160 0.0000010 0.0000010 0.0000010 1.9984597 0.0000010 0.0000010 2.1018061 1.8221015 6.4350783 2.0511819 0.0000010 1.6300884 1.6975683 0.0000010 2.2474620 2.4158225 1.8379402 2.5871846 2.2738707 3.6344392 
Lcom_lcpid188378                                             0.0000010 0.0000010 0.0000000 0.0000010 0.0000010 0.0000010 0.0000010 0.2601206 0.2867842 0.0000010 2.1443580 2.3893250 2.2979642 0.0000010 2.0584423 1.9350518 1.7546883 2.0286861 1.7501757 2.0448252 1.7187282 1.6606673 2.0124766 1.9408078 1.9555673 1.5403493 2.0866755 0.0000010 1.9491151 1.5342075 1.5800048 1.8221238 1.6791403 1.7272892 1.8332989 1.8131201 1.7975226 1.8207922 2.2733247 2.3101110 2.4510944 2.0314820 1.8768770 1.9948345 1.9056938 1.9274885 2.0678263 0.0000010 0.0000010 1.7642700 2.0276653 2.6324189 2.6482282 1.9477971 0.0000010 0.0000010 0.0000010 1.9942047 0.0000010 0.0000010 2.1030495 1.8556857 6.4350783 1.9495674 0.0000010 1.6819240 1.7553684 0.0000010 2.1694088 2.3717656 1.6865893 2.6943623 2.3497567 3.6382370 
Leuniv_Lniv_C786371_01                                       0.0000010 0.0000010 0.0000010 0.0000000 0.4473206 0.1002115 0.1002115 0.3843572 0.3309885 1.1728024 1.2453007 1.5313600 1.4641183 1.4668014 1.5359664 1.3562354 1.4417391 1.4557370 1.5178698 0.0000010 0.0000010 4.8713339 1.5639759 1.7748079 1.4483499 1.2618474 1.7144370 3.2686556 1.3571779 1.4450829 1.4837006 0.0000010 1.5743690 1.5425150 1.5436625 1.5436625 1.6840036 1.6840036 1.6845116 1.6895297 1.9496479 0.0000010 1.3853830 2.4533964 1.5242227 1.6711728 1.8912704 1.7927088 1.7927088 1.7552365 1.9449013 1.4677848 1.6064419 1.6064643 2.0289028 1.7570310 2.1014162 2.1014162 2.0706759 1.8566677 1.9167537 1.8786151 2.0153226 2.0153226 2.0153226 2.4398446 2.3654761 2.5291319 4.0852037 0.0000010 3.6857556 1.5778061 2.5238066 2.2819571 
Lcom_lcpid118061                                             0.0000010 0.0000010 0.0000010 0.4473206 0.0000000 0.0000010 0.0000010 0.2955225 0.3119277 1.5303253 1.6685740 1.5971748 1.4929840 1.5071498 1.4829100 1.4774682 1.5540702 1.4904222 1.5337875 0.0000010 0.0000010 3.6557133 1.5357791 1.7042562 1.8170865 1.5083489 1.8380496 1.7133936 1.5046803 1.5601610 1.6871951 3.6923515 1.6377387 1.6494784 1.7370608 1.7370608 1.7293976 1.7293976 1.7266762 1.6878653 1.7840748 6.5814787 1.7233890 2.1996547 1.6850834 1.5237276 1.7733209 1.7908925 2.0030606 1.7030944 2.1980812 1.9736451 2.0166865 1.7600713 2.0329738 2.0306244 2.3757729 2.0586963 1.8331045 1.5817461 1.8167023 1.8228169 1.6421722 1.7997977 1.9471981 2.3811748 2.3636863 2.1962337 2.4189889 2.0461837 2.9028335 2.0037090 2.5883113 3.0797441 
Lcom_lcpid161319                                             0.0000010 0.0000010 0.0000010 0.1002115 0.0000010 0.0000000 0.0120426 0.2885420 0.3137345 1.5167484 1.7067036 1.5933844 1.4753549 1.4712901 1.4408051 1.3440095 1.4966497 1.3777417 1.4202625 0.0000010 0.0000010 3.0123207 1.4270251 1.6023857 1.7546066 1.5934100 1.6416745 1.6438903 1.5132442 1.5262281 1.6503843 3.6923515 1.5555944 1.5491585 1.6350093 1.6350093 1.5912731 1.5912731 1.5824108 1.5086296 1.5487284 6.5814787 1.8063307 1.8063307 1.6212941 1.2869863 1.6050908 1.4013132 1.6592707 1.6513838 1.9806864 2.0614731 2.0870276 1.6082150 4.0043405 2.0912606 2.1900540 1.8780566 1.7288370 1.6202166 1.8394474 1.7117434 1.5411191 1.8463293 2.1910605 2.2319870 2.2585114 0.0000010 1.8281792 2.1731055 2.9673870 1.8637547 2.9631183 3.2975346 
Lcom_lcpid161325                                             0.0000010 0.0000010 0.0000010 0.1002115 0.0000010 0.0120426 0.0000000 0.2779774 0.3017824 1.5167484 1.7132468 1.6334389 1.4708383 1.4831112 1.4474756 1.3071085 1.4853509 1.3985545 1.4416305 0.0000010 0.0000010 3.0159082 1.4506734 1.5989755 1.7184960 1.5768157 1.6484860 1.6438903 1.5017853 1.5053639 1.6228004 3.6923515 1.5593643 1.5529162 1.6390921 1.6390921 1.5776663 1.5776663 1.5785824 1.4963928 1.5243707 6.5814787 1.7937389 1.7937389 1.6112806 1.2845208 1.6188065 1.4013132 1.6592707 1.6458780 1.9777937 2.0564569 2.1047764 1.6072063 4.0043405 2.0912606 2.1900540 1.8276872 1.7316956 1.6202166 1.8255063 1.7145466 1.5411191 1.8434155 2.1910605 2.1647965 2.1906054 0.0000010 1.8276280 2.1728204 3.0323926 1.8592634 2.9224974 3.2936924 
Scil_scict006624.1                                           0.2937341 0.3057125 0.2601206 0.3843572 0.2955225 0.2885420 0.2779774 0.0000000 0.3655660 1.5032747 1.8629388 1.8034975 1.7587803 1.6045027 1.6054801 1.7513364 1.6396637 1.7498565 1.6159952 1.9491409 1.9610962 2.2259638 1.6892970 1.6587915 1.7548212 1.4878019 1.8496466 1.5974308 1.7753132 1.6237410 1.6602979 2.3665227 1.6814627 1.6958289 1.7559930 1.7563418 1.7403836 1.7516399 1.7743500 1.8322915 1.8843154 2.2643322 1.7263308 2.0599177 1.7335207 1.5447049 1.9925467 1.6725722 1.9060388 1.8096438 2.0757837 2.3071396 2.3169053 1.6959687 2.1517559 1.9623860 2.3479911 2.0420876 1.7466202 1.5312435 1.9217614 1.8491601 1.7688409 1.9037642 2.0023401 2.1072964 2.1013422 2.3630494 2.5066577 2.7117455 2.4375544 2.1138511 2.4782389 3.1597632 
Gracom_Gcom_scaffold2353_01                                  0.3634942 0.3790593 0.2867842 0.3309885 0.3119277 0.3137345 0.3017824 0.3655660 0.0000000 1.4909647 1.9359596 1.8250177 1.8398613 1.5419105 1.5866384 1.7867244 1.6469996 1.7224879 1.6374448 2.2157230 2.0683346 2.2856410 1.6922408 1.7893984 1.7486350 1.5034133 1.9466028 1.7551895 1.7791620 1.6792132 1.7299384 2.2419380 1.7632615 1.7687938 1.7775480 1.7779091 1.8040343 1.8119509 1.7832330 1.7897587 1.9746228 2.1238822 1.7019281 1.9893465 1.8299151 1.6469877 1.9242151 1.7170536 1.9616696 2.0114426 2.2404823 2.3640824 2.3634470 1.7903636 2.2750131 1.9244710 2.4059546 2.1357774 1.9444046 1.6544088 2.0605552 1.9165787 1.8457070 2.0442211 2.1030996 2.1386555 2.1539297 2.5057206 2.4517605 2.6424545 2.2470430 2.2072238 2.5442605 3.0683582 
Hvul_g29735_1                                                0.0000010 0.0000010 0.0000010 1.1728024 1.5303253 1.5167484 1.5167484 1.5032747 1.4909647 0.0000000 0.6774022 1.0562093 1.0782374 1.0889632 1.0279032 1.0779731 1.0176979 1.0398566 1.0807962 0.0000010 0.0000010 3.1378495 1.1346919 1.2311079 1.1639114 1.1911924 1.2402276 1.3642704 0.9473664 0.9659090 1.0258038 1.4566217 1.3027490 1.2966305 1.2444686 1.3098642 1.3199336 1.3199336 1.3097122 1.2263257 1.1805654 1.0874359 0.9596769 1.1081985 1.0469945 1.2142098 1.3895208 1.7187837 1.7859052 1.7589649 1.5876313 1.6069838 1.7669000 1.2708622 1.4162702 1.6919990 1.7485417 1.6304886 1.7991562 1.7489442 1.5801409 1.6054470 1.6657964 1.7032210 1.8071161 1.9718376 2.0472523 1.9158439 2.4548597 1.8523999 2.1837455 1.5175055 2.8295492 2.6666634 
Chem_TCONS_00001051                                          2.1775400 2.1252273 2.1443580 1.2453007 1.6685740 1.7067036 1.7132468 1.8629388 1.9359596 0.6774022 0.0000000 1.3038882 1.3391385 1.1859064 1.0548857 1.1698208 1.0911301 1.1708872 1.2917203 1.8897420 1.8708160 2.2549132 1.2572691 1.1763364 1.2854963 1.3462869 1.4897591 1.5373248 1.2097911 1.3282748 1.3013697 1.5434153 1.4633558 1.4692827 1.4546110 1.4717617 1.4251225 1.4280897 1.3523011 1.5109808 1.3851389 2.0973275 1.3293349 1.5786480 1.2629936 1.5012527 1.5688724 1.4443555 1.4850631 2.0604571 1.8982431 2.0271752 2.1291102 1.5904300 2.1276572 1.6610885 1.8170202 1.7818255 1.8947168 1.4867061 2.0780642 1.8180068 1.6874217 1.8933109 1.9591405 2.1489875 2.2757293 1.9869438 2.2909482 2.3459476 1.7102378 1.8848263 1.3479960 2.9907591 
Dgig_XM_028550338.1                                          2.4015455 2.4007711 2.3893250 1.5313600 1.5971748 1.5933844 1.6334389 1.8034975 1.8250177 1.0562093 1.3038882 0.0000000 0.4867067 0.9417577 0.9032685 1.0656656 0.9278779 0.9630563 1.0473923 1.4938738 1.1781065 1.8735056 1.0161636 1.0196548 1.2682638 1.1406990 1.3462440 1.3709432 1.2389945 1.3254635 1.3400018 1.7236941 1.2493907 1.2514099 1.2814961 1.2553558 1.2539289 1.2585829 1.2501331 1.3156941 1.4959561 1.7595534 1.2231182 1.3453416 1.2263950 1.5384693 1.5420106 1.7371854 1.8440640 1.8398218 1.9085475 2.0093033 1.9721071 1.3722209 2.3631330 1.9523702 2.2122292 1.8828523 2.1684324 1.4368465 1.9648283 1.8683051 1.8434582 2.0309188 2.0996766 2.2491489 2.2855844 2.4414946 2.4248760 2.0284767 1.6681435 1.9920561 1.6106923 3.3518854 
Xesp_019280-T1                                               2.3819128 2.3439381 2.2979642 1.4641183 1.4929840 1.4753549 1.4708383 1.7587803 1.8398613 1.0782374 1.3391385 0.4867067 0.0000000 0.9907940 0.9733705 1.1056123 0.9829582 1.0125292 1.0578030 1.5340343 1.2534160 1.8597275 0.9755325 1.0762155 1.3176479 1.1951588 1.2755527 1.5645309 1.2707650 1.3454964 1.3881766 1.6658207 1.3656863 1.3720709 1.3794474 1.4078945 1.3441657 1.3488977 1.3289976 1.4710449 1.4209615 1.8706747 1.2529080 1.4193472 1.2743867 1.5794007 1.5810778 1.5127984 1.6220778 1.7404436 1.8893805 1.9663958 2.0668845 1.5312110 2.3080987 1.9503058 2.3851032 2.0059350 2.1362435 1.3475601 2.0860104 1.8690434 1.9694249 2.1270346 2.2295745 2.2828633 2.2643967 2.6718419 2.3554087 2.3551972 1.6892092 1.9254634 1.6675716 3.2365468 
Gasp_gasp1.m3.19676.m1                                       0.0000010 0.0000010 0.0000010 1.4668014 1.5071498 1.4712901 1.4831112 1.6045027 1.5419105 1.0889632 1.1859064 0.9417577 0.9907940 0.0000000 0.2656894 0.3426245 0.2980893 0.3010258 0.1253930 0.0000010 0.0000010 0.9293466 0.7648144 0.7951624 0.9799490 0.9033700 1.1174730 1.2032498 0.9549630 1.0736725 1.0997360 1.6954138 1.0232765 1.0178484 0.9934975 1.0320592 1.0072431 1.0071449 0.9437034 1.0203878 1.0691297 1.4744037 0.8596689 0.9499681 0.9644144 1.2564331 1.2243639 1.4191017 1.5171935 1.7952399 1.9319690 1.8917530 1.8372847 1.3507147 2.1502601 1.6718079 1.9638520 1.7834181 1.8917354 1.2619317 1.9580194 1.7256827 1.6556207 1.8574182 1.9810525 1.9857932 2.1301440 2.3134932 2.2163092 2.6419109 1.7860051 1.7190802 2.0337209 2.8480639 
Gfas_gfas1.m1.6409.m1                                        0.0000010 0.0000010 2.0584423 1.5359664 1.4829100 1.4408051 1.4474756 1.6054801 1.5866384 1.0279032 1.0548857 0.9032685 0.9733705 0.2656894 0.0000000 0.2837722 0.2474828 0.2453218 0.2589188 0.0000010 0.0000010 0.9681482 0.7730379 0.8054360 0.9735526 0.8089072 1.0990774 1.0280012 0.9648297 1.0487194 1.0420667 2.5176619 1.0376926 1.0341148 1.0094790 1.0411506 0.9646069 0.9645990 0.9576036 1.1088747 1.0275783 1.6114652 0.9324484 0.9873762 0.9926074 1.2458355 1.2399659 1.4264371 1.5249732 1.7846852 1.9566002 1.8135582 1.8488546 1.4177725 2.1079294 1.6354237 1.8901240 1.7610148 1.9350957 1.3279014 1.9132538 1.7160818 1.6631205 1.8043114 1.9682604 2.0290142 2.1737102 2.4048976 2.1789680 2.7147722 1.7255426 1.6358468 1.9198483 2.7348595 
Amil_Amillepora23110-RA                                      2.0216370 2.0497353 1.9350518 1.3562354 1.4774682 1.3440095 1.3071085 1.7513364 1.7867244 1.0779731 1.1698208 1.0656656 1.1056123 0.3426245 0.2837722 0.0000000 0.0972622 0.2147515 0.4436631 0.7906233 0.5485681 0.8461089 0.9341671 0.9077667 1.0991716 1.0200615 1.2629092 1.0393368 1.1004593 1.1753517 1.1463299 1.3794696 1.1864675 1.1853038 1.1555630 1.1950497 1.1032155 1.1065778 1.0719460 1.2161816 1.2281197 1.4732071 1.1964611 1.3815270 1.1159225 1.3910786 1.5086995 1.5041294 1.5704954 1.8616758 2.0135117 2.0375014 1.9183388 1.5841956 2.1935477 1.8115070 1.9002821 1.6776610 2.1682596 1.4791195 2.0593470 1.8285374 2.0091550 2.0219528 2.2560093 2.0245548 2.1360422 2.1650731 2.4425218 2.5508149 1.5352167 1.7469326 1.8653451 2.8911145 
Adig_XM_015902310.1                                          1.8858131 1.8858131 1.7546883 1.4417391 1.5540702 1.4966497 1.4853509 1.6396637 1.6469996 1.0176979 1.0911301 0.9278779 0.9829582 0.2980893 0.2474828 0.0972622 0.0000000 0.1408281 0.3429582 0.5367017 0.3957685 0.8397415 0.7980761 0.7868477 0.9548755 0.9279795 1.0730509 1.0855356 0.9043016 0.9368008 0.9204687 1.0420762 1.0761063 1.0800190 1.0538335 1.0783756 1.0187742 1.0217131 1.0357503 1.0870476 1.1530701 1.3616134 0.9986400 1.0718593 0.9685713 1.2112509 1.2876251 1.4496725 1.5388488 1.6518270 1.7756169 1.7565270 1.7715806 1.3993865 2.1766994 1.7617688 1.9253660 1.6378112 2.0680530 1.3788466 1.9328606 1.6957583 1.8164691 1.8801333 2.1619311 1.9603488 2.0725089 2.0922305 2.0380511 2.1340157 1.6117627 1.6143392 1.5441944 2.8767152 
Adig_XM_015919368.1                                          2.3334395 2.3132730 2.0286861 1.4557370 1.4904222 1.3777417 1.3985545 1.7498565 1.7224879 1.0398566 1.1708872 0.9630563 1.0125292 0.3010258 0.2453218 0.2147515 0.1408281 0.0000000 0.4025464 0.7097023 0.6580230 0.8898970 0.8573805 0.8974179 1.0562298 0.9694210 1.1671251 1.0326323 1.0142098 1.0888986 1.0743899 1.4463642 1.1626835 1.1788401 1.1369024 1.1832919 1.1131397 1.1158061 1.0652979 1.1239866 1.1764438 1.6983381 1.1147079 1.2405480 1.1118791 1.3489963 1.3401342 1.3910893 1.4703305 1.7343030 1.7866846 1.9111938 1.8732454 1.4519909 2.2082267 1.7553984 1.9069211 1.7378514 2.0072418 1.3473312 2.0632825 1.8224114 1.7882992 2.0249360 2.1213001 2.0477299 2.1683833 2.2023059 2.2519082 2.5051965 1.6223957 1.7803623 1.6707099 3.0176074 
Fspp_ffun1.m4.28721.m1                                       1.8696689 1.8620349 1.7501757 1.5178698 1.5337875 1.4202625 1.4416305 1.6159952 1.6374448 1.0807962 1.2917203 1.0473923 1.0578030 0.1253930 0.2589188 0.4436631 0.3429582 0.4025464 0.0000000 0.1719278 0.3004678 0.5911775 0.7935808 0.8017026 0.9680265 0.8823823 1.1855679 1.0365731 1.0781592 1.1761534 1.1929544 1.2434564 1.0379410 1.0492832 1.0018462 1.0314298 1.0018238 0.9954091 0.9097285 1.2639532 1.2269452 1.4654483 1.1270234 1.2987006 1.0583435 1.2921376 1.3990995 1.5972645 1.7442940 1.5984752 1.8343889 1.8078700 1.7482183 1.3967126 2.1326718 1.7721524 2.0959694 1.6837558 2.0871300 1.3029862 1.9751522 1.6948811 1.7531604 1.8560010 2.0646140 2.0416539 2.2017203 2.2229920 2.1741645 1.9558196 1.2720151 1.8286829 1.5123669 3.0399742 
Gasp_gasp1.m3.19675.m1                                       2.0228396 1.9575585 2.0448252 0.0000010 0.0000010 0.0000010 0.0000010 1.9491409 2.2157230 0.0000010 1.8897420 1.4938738 1.5340343 0.0000010 0.0000010 0.7906233 0.5367017 0.7097023 0.1719278 0.0000000 0.3066427 0.4085302 1.1982955 0.9465210 1.1954216 1.0709608 1.4789259 0.0000010 1.4107326 1.2851212 1.2737582 1.2265324 1.3644241 1.3805550 1.3545050 1.3523936 1.3709503 1.3399142 1.3685855 1.6356064 2.0377561 1.5687980 1.6061875 1.6061875 1.6485710 1.7272786 1.6595441 0.0000010 0.0000010 1.6444308 1.6607885 2.2295459 2.0352519 1.8924135 0.0000010 0.0000010 0.0000010 1.7076816 0.0000010 0.0000010 2.0802300 1.7278029 8.0282992 1.8373267 0.0000010 2.0645773 2.1227222 0.0000010 2.0107911 1.9297481 1.5946488 2.4905123 1.4642753 3.5284283 
Gfas_gfas1.m1.6406.m1                                        1.7601505 1.7548704 1.7187282 0.0000010 0.0000010 0.0000010 0.0000010 1.9610962 2.0683346 0.0000010 1.8708160 1.1781065 1.2534160 0.0000010 0.0000010 0.5485681 0.3957685 0.6580230 0.3004678 0.3066427 0.0000000 0.4444381 0.9794793 0.9643583 1.0190901 1.0580054 1.2727866 0.0000010 1.3495553 1.3981537 1.3921468 1.3887889 1.2416015 1.2616401 1.3309195 1.3431710 1.2636355 1.2797607 1.4926412 1.6860100 1.9523105 1.3419238 1.3198803 1.3198803 1.5222857 1.3967780 1.6254706 0.0000010 0.0000010 1.5375161 1.4813865 2.0769622 1.8068406 1.9397663 0.0000010 0.0000010 0.0000010 1.4511553 0.0000010 0.0000010 1.7754747 1.6059473 2.9152702 1.6018951 0.0000010 2.0500361 2.1254463 0.0000010 2.1028219 2.2011971 1.1460936 2.5073346 1.5639964 3.3971516 
Spis_XP_022796233_1                                          1.6991182 1.6688632 1.6606673 4.8713339 3.6557133 3.0123207 3.0159082 2.2259638 2.2856410 3.1378495 2.2549132 1.8735056 1.8597275 0.9293466 0.9681482 0.8461089 0.8397415 0.8898970 0.5911775 0.4085302 0.4444381 0.0000000 1.4663661 1.4495892 1.8478163 1.7181138 2.2035412 1.4505571 1.7803530 1.7955245 1.8411242 1.0694181 2.0184209 1.9872508 1.9277693 1.9692604 1.9058373 1.9208452 2.0447454 2.1876892 2.2309020 1.3031223 1.7896313 1.9664850 1.7663922 2.1659125 2.0027767 3.1367134 3.2549644 2.5354259 2.6186342 2.9287958 2.5031193 2.4676686 3.9033385 4.0684054 3.9028883 2.4813959 4.4644536 3.7315717 2.9084155 2.5945056 4.2988767 2.7480908 4.1474521 2.9292056 3.1764836 5.3057408 2.5821694 2.2416826 1.7713800 2.3968685 1.7722504 3.7579386 
Nvec_v1g179624                                               2.1488446 2.1605978 2.0124766 1.5639759 1.5357791 1.4270251 1.4506734 1.6892970 1.6922408 1.1346919 1.2572691 1.0161636 0.9755325 0.7648144 0.7730379 0.9341671 0.7980761 0.8573805 0.7935808 1.1982955 0.9794793 1.4663661 0.0000000 0.5894278 1.0210046 1.0063438 1.0656721 1.2920857 1.1033786 1.1733520 1.1233074 1.4578263 1.1303952 1.1415788 1.1222254 1.1215608 1.0744609 1.0737955 1.0012073 1.2019756 1.0712968 1.4691536 1.0975399 1.1569954 1.1591695 1.2884362 1.4053339 1.6243798 1.7184535 1.7467791 1.9071168 1.9169717 1.8930213 1.4311228 2.0642841 1.9038329 2.0687398 1.8985223 2.0090157 1.4098704 2.1119891 1.8083373 1.8227629 1.9388673 2.1001499 2.0991552 2.1948109 2.1561598 2.4653484 2.3626843 0.4065053 1.8552276 1.5393301 2.8139456 
Exapal_XM_021038904.2                                        1.9010152 1.9314996 1.9408078 1.7748079 1.7042562 1.6023857 1.5989755 1.6587915 1.7893984 1.2311079 1.1763364 1.0196548 1.0762155 0.7951624 0.8054360 0.9077667 0.7868477 0.8974179 0.8017026 0.9465210 0.9643583 1.4495892 0.5894278 0.0000000 1.0101524 0.9610952 1.2315048 1.2715603 1.0487512 1.2065527 1.1644411 1.4508639 1.1923177 1.1823577 1.2148579 1.2079271 1.1918284 1.1948762 1.0990301 1.2607239 1.0181789 1.7439113 1.2103287 1.3080158 1.1000710 1.2967034 1.3283541 1.5521348 1.6620603 1.8063430 1.7687890 1.9271811 1.9274013 1.4064620 1.8145909 1.8272743 1.9153406 1.6719873 1.8621231 1.4493356 1.8176964 1.6573146 1.7241311 1.8038981 1.9903581 2.0421895 2.1354528 1.9900616 2.2327801 2.1261353 1.3148449 1.8198427 1.5550655 3.0225208 
Bralan_BLAG02001301_1                                        1.8619870 1.8657668 1.9555673 1.4483499 1.8170865 1.7546066 1.7184960 1.7548212 1.7486350 1.1639114 1.2854963 1.2682638 1.3176479 0.9799490 0.9735526 1.0991716 0.9548755 1.0562298 0.9680265 1.1954216 1.0190901 1.8478163 1.0210046 1.0101524 0.0000000 0.7083000 0.9358724 1.4999613 1.1563806 1.3028203 1.2245443 1.4841340 0.9822453 0.9928456 0.9694999 0.9853085 0.9732321 0.9751096 0.9853972 1.0403270 1.0384402 1.5014909 1.0456588 1.1856097 1.0310057 1.0135384 1.1449067 1.5971422 1.6265994 1.8406639 1.8626760 1.7263207 1.8393945 1.3505127 1.7523627 1.6698201 1.7369545 1.5938736 1.7242660 1.3406389 1.7775211 1.4701001 1.4906944 1.6811006 1.7060464 1.9704771 2.0038657 2.6219577 2.0801924 2.1100647 1.6823370 1.5408448 1.5964102 2.9500551 
Skow_XM_002739945.2                                          1.5864050 1.5960832 1.5403493 1.2618474 1.5083489 1.5934100 1.5768157 1.4878019 1.5034133 1.1911924 1.3462869 1.1406990 1.1951588 0.9033700 0.8089072 1.0200615 0.9279795 0.9694210 0.8823823 1.0709608 1.0580054 1.7181138 1.0063438 0.9610952 0.7083000 0.0000000 0.8873403 1.2150569 1.2407768 1.3373261 1.2934933 1.6455290 1.1017767 1.1054480 1.0419295 1.0620904 1.0372901 1.0371276 1.0852770 1.0547118 0.9864052 1.5790597 1.1847325 1.2526822 1.0807024 1.1443160 1.1553345 1.4978238 1.5418879 1.6717704 1.9554563 1.8045883 1.8758834 1.3139695 1.6791133 1.6715976 1.8074337 1.7194152 2.0789544 1.3295315 1.8578891 1.5618151 1.6741529 1.7792095 1.8703756 2.0393035 2.1055282 2.9121055 2.1186543 2.3262020 1.5854782 1.6313975 1.5240573 3.0359396 
Spur_XM_030982981.1                                          2.1826597 2.1534710 2.0866755 1.7144370 1.8380496 1.6416745 1.6484860 1.8496466 1.9466028 1.2402276 1.4897591 1.3462440 1.2755527 1.1174730 1.0990774 1.2629092 1.0730509 1.1671251 1.1855679 1.4789259 1.2727866 2.2035412 1.0656721 1.2315048 0.9358724 0.8873403 0.0000000 1.4420369 1.4892672 1.4721944 1.4604011 1.6959111 1.1881792 1.1679503 1.1947020 1.1755275 1.1796054 1.1844035 1.1630015 1.1715777 1.0940079 1.5529216 1.1807873 1.2789761 1.1949427 1.2669132 1.1649746 1.4381524 1.4738384 1.8466217 1.8861858 1.9009861 1.8960977 1.4747184 2.0115873 2.0602752 2.3763266 1.9854613 2.1143858 1.4512589 2.0575991 1.7988348 1.7965396 2.0154459 2.1732307 2.0793900 2.1726387 3.1045453 1.9302316 2.1016874 1.6940988 1.7469978 1.6472936 2.9965662 
Aaur_scaffold1279.g8.t1                                      0.0000010 0.0000010 0.0000010 3.2686556 1.7133936 1.6438903 1.6438903 1.5974308 1.7551895 1.3642704 1.5373248 1.3709432 1.5645309 1.2032498 1.0280012 1.0393368 1.0855356 1.0326323 1.0365731 0.0000010 0.0000010 1.4505571 1.2920857 1.2715603 1.4999613 1.2150569 1.4420369 0.0000000 0.8241238 0.6754988 0.7375757 1.4844274 1.6447265 1.6131833 1.6517361 1.6730626 1.5430794 1.5430794 1.5996557 1.4442482 1.2205791 2.0082974 1.3387067 1.4559141 1.2011666 1.5024567 1.7271017 2.3445465 3.1560419 2.2954547 2.6091229 2.3780402 2.5513913 1.9916947 2.7600915 2.5398033 4.0733959 1.7949253 2.1136619 1.7977377 2.3575204 1.9005099 2.0837284 2.2928837 4.1551043 2.5791475 2.5920196 8.9999988 2.1056722 1.4178365 3.5907455 2.1706785 1.9019857 3.4020565 
Sanmal_Sma_007833-T1                                         2.2165792 2.2526428 1.9491151 1.3571779 1.5046803 1.5132442 1.5017853 1.7753132 1.7791620 0.9473664 1.2097911 1.2389945 1.2707650 0.9549630 0.9648297 1.1004593 0.9043016 1.0142098 1.0781592 1.4107326 1.3495553 1.7803530 1.1033786 1.0487512 1.1563806 1.2407768 1.4892672 0.8241238 0.0000000 0.5194292 0.5008715 0.4683650 1.4511975 1.4366880 1.4580916 1.4291951 1.3719431 1.3768429 1.3986083 1.4555066 1.2638397 1.6865184 1.1412833 1.3474694 1.1470107 1.3860790 1.5416552 1.5585817 1.7182681 1.7605363 1.7258583 1.7734307 1.8883839 1.5743076 2.1507417 1.8311545 2.1240725 1.8511709 1.8768530 1.1722458 2.1057648 1.7583713 1.6130437 1.7834059 1.9674860 2.1407944 2.1899761 1.2937860 2.2998140 2.3065348 1.6528181 1.8828227 1.8551595 2.7358101 
Nemnom_g18949.t1                                             1.7645717 1.7684605 1.5342075 1.4450829 1.5601610 1.5262281 1.5053639 1.6237410 1.6792132 0.9659090 1.3282748 1.3254635 1.3454964 1.0736725 1.0487194 1.1753517 0.9368008 1.0888986 1.1761534 1.2851212 1.3981537 1.7955245 1.1733520 1.2065527 1.3028203 1.3373261 1.4721944 0.6754988 0.5194292 0.0000000 0.1560280 0.4649453 1.4618407 1.4734635 1.5155408 1.5305000 1.4092967 1.4171995 1.4352045 1.4321363 1.2904155 1.8393245 1.3182741 1.5004459 1.2527831 1.3979452 1.6050530 2.0028307 2.1976528 1.9726458 1.9529618 2.0007108 2.0201026 1.6047296 1.7703446 1.8819667 2.1491554 1.8662785 2.0388196 1.3455841 1.9385204 1.7585891 1.7708314 1.9102181 1.9475311 2.0223414 2.1667405 1.6390784 2.5304041 2.5214181 1.6648553 1.8609088 1.5740882 3.0149795 
Rhoesc_Res_011811-T1                                         1.8159223 1.8198230 1.5800048 1.4837006 1.6871951 1.6503843 1.6228004 1.6602979 1.7299384 1.0258038 1.3013697 1.3400018 1.3881766 1.0997360 1.0420667 1.1463299 0.9204687 1.0743899 1.1929544 1.2737582 1.3921468 1.8411242 1.1233074 1.1644411 1.2245443 1.2934933 1.4604011 0.7375757 0.5008715 0.1560280 0.0000000 0.4985842 1.4321524 1.4322708 1.4865822 1.4935557 1.3632118 1.3673615 1.3796453 1.3997987 1.2545279 1.7930315 1.2575042 1.4345115 1.1976744 1.3306930 1.5644907 1.9696388 2.1935458 1.9781660 1.8667349 1.9913103 1.9418406 1.6605925 1.9596815 1.9572267 2.3187055 1.8829231 2.0286663 1.3053464 1.9743913 1.7520392 1.7154483 1.8536178 1.9201263 2.0265558 2.1670309 1.5312349 2.4348519 2.4877752 1.6887272 1.8198532 1.5760438 2.8796037 
Aaur_scaffold1279.g9.t1                                      1.9770802 2.0091507 1.8221238 0.0000010 3.6923515 3.6923515 3.6923515 2.3665227 2.2419380 1.4566217 1.5434153 1.7236941 1.6658207 1.6954138 2.5176619 1.3794696 1.0420762 1.4463642 1.2434564 1.2265324 1.3887889 1.0694181 1.4578263 1.4508639 1.4841340 1.6455290 1.6959111 1.4844274 0.4683650 0.4649453 0.4985842 0.0000000 1.8297555 1.8785404 1.8463702 1.8409078 1.6021242 1.6255644 1.8240127 1.7335183 1.9798847 1.7270348 1.9538076 2.0797687 1.5045638 1.7453958 2.0214698 2.8781787 3.8933174 1.7103772 1.7896826 2.1923817 2.2322672 2.0574404 0.0000010 1.9705630 0.0000010 1.8969919 2.7100733 2.5485752 2.4976924 1.9483775 3.9057203 2.1305130 3.3525208 2.6578279 2.7437190 0.0000010 2.3263092 2.1877700 1.3863301 2.4741500 1.5153135 4.1688934 
HoiH23_PlH23_001093-RA                                       1.7712678 1.7527390 1.6791403 1.5743690 1.6377387 1.5555944 1.5593643 1.6814627 1.7632615 1.3027490 1.4633558 1.2493907 1.3656863 1.0232765 1.0376926 1.1864675 1.0761063 1.1626835 1.0379410 1.3644241 1.2416015 2.0184209 1.1303952 1.1923177 0.9822453 1.1017767 1.1881792 1.6447265 1.4511975 1.4618407 1.4321524 1.8297555 0.0000000 0.0315406 0.1050399 0.1387414 0.2006740 0.2020241 0.1651738 1.2590701 1.3112388 1.9731918 1.3260357 1.5485992 1.2117354 1.2964318 1.5013981 1.5571201 1.6630398 2.0096308 2.1232444 2.0304376 2.0531073 1.4435743 2.3648450 2.0155503 2.0158510 1.9464830 2.0897827 1.5273303 2.2036715 1.9242572 1.8788142 2.1729823 2.1211944 2.3268136 2.3576539 3.0623858 2.3345166 2.6094135 1.7027165 1.9202963 1.8415189 3.1133080 
HoiH06_mRNA7906                                              1.8194296 1.8005690 1.7272892 1.5425150 1.6494784 1.5491585 1.5529162 1.6958289 1.7687938 1.2966305 1.4692827 1.2514099 1.3720709 1.0178484 1.0341148 1.1853038 1.0800190 1.1788401 1.0492832 1.3805550 1.2616401 1.9872508 1.1415788 1.1823577 0.9928456 1.1054480 1.1679503 1.6131833 1.4366880 1.4734635 1.4322708 1.8785404 0.0315406 0.0000000 0.1195722 0.1513296 0.1927486 0.1941172 0.1614834 1.2723711 1.2936188 1.9940709 1.3343554 1.5612319 1.2272651 1.3255158 1.5036436 1.5146462 1.6126036 2.0132131 2.1199663 2.0291919 2.0569968 1.4322989 2.1398358 1.9772231 1.9190737 1.9295074 2.0236170 1.5300072 2.1476956 1.8835033 1.7985555 2.1277317 1.9999066 2.2971464 2.2995052 2.9965129 2.2940709 2.5765418 1.7181510 1.9534655 1.8442336 3.1063815 
Hhon_g00284.t1                                               1.8946591 1.8895082 1.8332989 1.5436625 1.7370608 1.6350093 1.6390921 1.7559930 1.7775480 1.2444686 1.4546110 1.2814961 1.3794474 0.9934975 1.0094790 1.1555630 1.0538335 1.1369024 1.0018462 1.3545050 1.3309195 1.9277693 1.1222254 1.2148579 0.9694999 1.0419295 1.1947020 1.6517361 1.4580916 1.5155408 1.4865822 1.8463702 0.1050399 0.1195722 0.0000000 0.0398046 0.1891387 0.1905917 0.1783149 1.2233121 1.2834917 2.0551880 1.3550773 1.5505291 1.1742547 1.3467465 1.5065687 1.5312979 1.6134892 2.0569543 2.2038824 2.0212674 2.0904170 1.4661912 2.4001808 1.9956985 1.9697271 1.9644357 2.1281442 1.5555390 2.2133922 1.9710162 1.9620337 2.2374446 2.1875592 2.3174135 2.3571799 3.3971814 2.3305502 2.5607928 1.6697781 1.9035381 1.7814875 3.1610729 
HoiH04_mRNA7859                                              1.8749426 1.8698502 1.8131201 1.5436625 1.7370608 1.6350093 1.6390921 1.7563418 1.7779091 1.3098642 1.4717617 1.2553558 1.4078945 1.0320592 1.0411506 1.1950497 1.0783756 1.1832919 1.0314298 1.3523936 1.3431710 1.9692604 1.1215608 1.2079271 0.9853085 1.0620904 1.1755275 1.6730626 1.4291951 1.5305000 1.4935557 1.8409078 0.1387414 0.1513296 0.0398046 0.0000000 0.2071195 0.2099844 0.2044144 1.1990013 1.3009026 2.0745452 1.3682942 1.5579824 1.1798371 1.3415836 1.5293851 1.5604418 1.6511109 2.0010971 2.2111313 2.0393444 2.0931362 1.4964367 2.3719790 2.0420155 2.0659500 1.9776681 2.2394272 1.5555390 2.3042153 2.0087722 2.0901622 2.3259207 2.3902301 2.3292215 2.4521256 3.1417909 2.3879318 2.5476731 1.6812354 1.9099932 1.7842217 3.1730250 
TrH2_TrispH2_001468-RA                                       1.8956770 1.8876592 1.7975226 1.6840036 1.7293976 1.5912731 1.5776663 1.7403836 1.8040343 1.3199336 1.4251225 1.2539289 1.3441657 1.0072431 0.9646069 1.1032155 1.0187742 1.1131397 1.0018238 1.3709503 1.2636355 1.9058373 1.0744609 1.1918284 0.9732321 1.0372901 1.1796054 1.5430794 1.3719431 1.4092967 1.3632118 1.6021242 0.2006740 0.1927486 0.1891387 0.2071195 0.0000000 0.0043472 0.1432533 1.2301793 1.2456871 1.9526966 1.3031735 1.5384532 1.1841241 1.3392125 1.4827547 1.4297988 1.5205034 1.9766108 2.1304965 1.9673687 2.0276683 1.4536861 2.4904133 2.0278343 1.9566708 1.8889310 2.1464973 1.5116125 2.1759747 1.9093603 1.9970210 2.2376658 2.2505776 2.3107484 2.3771770 3.0824589 2.2313414 2.6030361 1.5725199 1.8425496 1.7180657 3.2290876 
Tadh_TriadT57927                                             1.9193395 1.9112089 1.8207922 1.6840036 1.7293976 1.5912731 1.5776663 1.7516399 1.8119509 1.3199336 1.4280897 1.2585829 1.3488977 1.0071449 0.9645990 1.1065778 1.0217131 1.1158061 0.9954091 1.3399142 1.2797607 1.9208452 1.0737955 1.1948762 0.9751096 1.0371276 1.1844035 1.5430794 1.3768429 1.4171995 1.3673615 1.6255644 0.2020241 0.1941172 0.1905917 0.2099844 0.0043472 0.0000000 0.1419938 1.2297882 1.2527383 1.9723962 1.3073165 1.5446983 1.1873396 1.3441270 1.4878515 1.4163367 1.5045604 1.9705087 2.1327230 1.9719854 2.0325781 1.4457178 2.4904133 2.0278343 1.9566708 1.8861584 2.1464973 1.5116125 2.1768096 1.9034804 1.9970210 2.2385639 2.2505776 2.3064996 2.3655474 3.0589924 2.2360549 2.6183748 1.5848853 1.8366067 1.7179043 3.2430826 
HoiH11_mRNA6351                                              2.4670049 2.4670049 2.2733247 1.6845116 1.7266762 1.5824108 1.5785824 1.7743500 1.7832330 1.3097122 1.3523011 1.2501331 1.3289976 0.9437034 0.9576036 1.0719460 1.0357503 1.0652979 0.9097285 1.3685855 1.4926412 2.0447454 1.0012073 1.0990301 0.9853972 1.0852770 1.1630015 1.5996557 1.3986083 1.4352045 1.3796453 1.8240127 0.1651738 0.1614834 0.1783149 0.2044144 0.1432533 0.1419938 0.0000000 1.2352188 1.2490522 2.0437244 1.2915535 1.4887902 1.1738319 1.3598454 1.4392967 1.4926596 1.5659513 1.9506169 2.2362620 1.9362244 1.9937161 1.4746389 2.4161731 2.1153837 1.8529186 1.8884269 2.1425765 1.5922623 2.1857239 1.9621244 1.9965951 2.2308185 2.2581091 2.3382162 2.3599254 2.8558697 2.2811234 2.6255436 1.6541629 1.7600786 1.8588070 3.1405319 
Cgig_XM_011437425.3                                          2.6026417 2.5874832 2.3101110 1.6895297 1.6878653 1.5086296 1.4963928 1.8322915 1.7897587 1.2263257 1.5109808 1.3156941 1.4710449 1.0203878 1.1088747 1.2161816 1.0870476 1.1239866 1.2639532 1.6356064 1.6860100 2.1876892 1.2019756 1.2607239 1.0403270 1.0547118 1.1715777 1.4442482 1.4555066 1.4321363 1.3997987 1.7335183 1.2590701 1.2723711 1.2233121 1.1990013 1.2301793 1.2297882 1.2352188 0.0000000 0.9358354 1.6870569 1.2524368 1.3235126 1.1870426 1.3774208 1.1358413 1.4781589 1.5707247 1.9896279 1.7401037 1.8815104 2.0641773 1.3373705 2.7269367 1.9671442 2.3996463 2.0278761 2.1589383 1.4933722 2.2605189 1.8009801 1.9903705 1.9843960 2.2294290 2.2644775 2.3303212 2.9390586 2.2425359 2.4044016 1.8198008 1.7364720 1.9189592 3.0916733 
Acagra_model.g11697.t1                                       2.7925253 2.7925253 2.4510944 1.9496479 1.7840748 1.5487284 1.5243707 1.8843154 1.9746228 1.1805654 1.3851389 1.4959561 1.4209615 1.0691297 1.0275783 1.2281197 1.1530701 1.1764438 1.2269452 2.0377561 1.9523105 2.2309020 1.0712968 1.0181789 1.0384402 0.9864052 1.0940079 1.2205791 1.2638397 1.2904155 1.2545279 1.9798847 1.3112388 1.2936188 1.2834917 1.3009026 1.2456871 1.2527383 1.2490522 0.9358354 0.0000000 1.7642718 1.2181201 1.3843582 1.2404469 1.2449167 1.2474835 1.6628622 1.7077175 2.1743323 2.2046444 2.1177421 2.1762234 1.3225784 2.0796813 1.6107526 1.6883661 1.7401135 1.9400076 1.4392987 2.0336308 1.7644935 1.7003606 1.8710502 1.9060735 2.1616484 2.2226665 2.2055828 2.5638606 2.8112365 1.6635682 1.7335129 2.0741350 3.1619480 
Opea_EP00118_Oscarella_pearsei_P012004                       2.1358574 2.1657966 2.0314820 0.0000010 6.5814787 6.5814787 6.5814787 2.2643322 2.1238822 1.0874359 2.0973275 1.7595534 1.8706747 1.4744037 1.6114652 1.4732071 1.3616134 1.6983381 1.4654483 1.5687980 1.3419238 1.3031223 1.4691536 1.7439113 1.5014909 1.5790597 1.5529216 2.0082974 1.6865184 1.8393245 1.7930315 1.7270348 1.9731918 1.9940709 2.0551880 2.0745452 1.9526966 1.9723962 2.0437244 1.6870569 1.7642718 0.0000000 0.1860433 0.2022752 1.2441820 1.7157660 1.5572822 0.0000010 0.0000010 2.0616836 1.7045840 2.4574723 2.4449269 1.8749884 0.0000010 0.0000010 0.0000010 1.9909137 2.8544034 4.3307143 2.4128938 1.9967963 8.9999983 2.1738194 0.0000010 2.6180442 2.6900001 0.0000010 2.5887373 2.4727311 1.6848161 2.2766051 1.9558930 3.4856669 
Opea_EP00118_Oscarella_pearsei_P012005                       1.9792652 2.0074202 1.8768770 1.3853830 1.7233890 1.8063307 1.7937389 1.7263308 1.7019281 0.9596769 1.3293349 1.2231182 1.2529080 0.8596689 0.9324484 1.1964611 0.9986400 1.1147079 1.1270234 1.6061875 1.3198803 1.7896313 1.0975399 1.2103287 1.0456588 1.1847325 1.1807873 1.3387067 1.1412833 1.3182741 1.2575042 1.9538076 1.3260357 1.3343554 1.3550773 1.3682942 1.3031735 1.3073165 1.2915535 1.2524368 1.2181201 0.1860433 0.0000000 0.0731616 0.7966143 1.2367286 1.3876656 1.2931145 1.3037932 1.6702832 1.5616710 1.7965000 1.8970747 1.4176460 1.5923948 1.5543002 1.7817494 1.7714876 1.7212264 1.3523603 1.9006965 1.5997120 1.4849534 1.7528859 1.5744384 2.1504385 2.1630916 1.5408025 2.1052990 2.5894586 1.9013575 1.8049574 2.0313826 2.9726432 
Ocar_g5053                                                   1.9792652 2.0074202 1.9948345 2.4533964 2.1996547 1.8063307 1.7937389 2.0599177 1.9893465 1.1081985 1.5786480 1.3453416 1.4193472 0.9499681 0.9873762 1.3815270 1.0718593 1.2405480 1.2987006 1.6061875 1.3198803 1.9664850 1.1569954 1.3080158 1.1856097 1.2526822 1.2789761 1.4559141 1.3474694 1.5004459 1.4345115 2.0797687 1.5485992 1.5612319 1.5505291 1.5579824 1.5384532 1.5446983 1.4887902 1.3235126 1.3843582 0.2022752 0.0731616 0.0000000 0.9797448 1.4772453 1.4282372 1.4813031 1.5469088 1.8283004 1.7152979 2.1323686 2.3267890 1.5699333 5.1089451 2.3276478 3.1717531 2.0031572 2.1872897 1.4246803 2.3116142 1.9453080 1.9147129 2.1293678 2.5381337 2.4523479 2.4958924 8.9999989 2.2693547 2.7210962 1.9495964 2.0564802 2.2019036 3.3354336 
Plajan_Pjan_C566414_01                                       2.0607374 2.0622875 1.9056938 1.5242227 1.6850834 1.6212941 1.6112806 1.7335207 1.8299151 1.0469945 1.2629936 1.2263950 1.2743867 0.9644144 0.9926074 1.1159225 0.9685713 1.1118791 1.0583435 1.6485710 1.5222857 1.7663922 1.1591695 1.1000710 1.0310057 1.0807024 1.1949427 1.2011666 1.1470107 1.2527831 1.1976744 1.5045638 1.2117354 1.2272651 1.1742547 1.1798371 1.1841241 1.1873396 1.1738319 1.1870426 1.2404469 1.2441820 0.7966143 0.9797448 0.0000000 1.1788530 1.4001497 1.3915356 1.3864224 1.6866737 1.8111843 1.6774251 1.8390694 1.4224146 1.5499701 1.5654449 1.6602020 1.7330462 1.8102767 1.4188974 1.9775621 1.5362110 1.5706843 1.8204381 1.7633136 2.1449448 2.1417854 2.3017111 2.1907504 2.4463629 1.9414908 1.7749957 2.0465772 2.9554677 
Hsap_ENST00000672107                                         1.8720357 1.8741491 1.9274885 1.6711728 1.5237276 1.2869863 1.2845208 1.5447049 1.6469877 1.2142098 1.5012527 1.5384693 1.5794007 1.2564331 1.2458355 1.3910786 1.2112509 1.3489963 1.2921376 1.7272786 1.3967780 2.1659125 1.2884362 1.2967034 1.0135384 1.1443160 1.2669132 1.5024567 1.3860790 1.3979452 1.3306930 1.7453958 1.2964318 1.3255158 1.3467465 1.3415836 1.3392125 1.3441270 1.3598454 1.3774208 1.2449167 1.7157660 1.2367286 1.4772453 1.1788530 0.0000000 1.4917014 1.4922590 1.6439791 1.9405367 1.8647053 2.0019752 1.8101096 1.4876157 1.6083467 1.5216725 1.7164321 1.6377918 1.6671663 1.3641395 1.7669264 1.5491520 1.5542525 1.7291377 1.7141973 1.8936975 1.9364309 2.0859829 2.1868787 2.4823073 2.2329142 1.8689667 2.0796918 3.2088153 
Ctel_gnl_WGS_AMQN_CAPTEDRAFT_mRNA219114                      2.1520385 2.1984079 2.0678263 1.8912704 1.7733209 1.6050908 1.6188065 1.9925467 1.9242151 1.3895208 1.5688724 1.5420106 1.5810778 1.2243639 1.2399659 1.5086995 1.2876251 1.3401342 1.3990995 1.6595441 1.6254706 2.0027767 1.4053339 1.3283541 1.1449067 1.1553345 1.1649746 1.7271017 1.5416552 1.6050530 1.5644907 2.0214698 1.5013981 1.5036436 1.5065687 1.5293851 1.4827547 1.4878515 1.4392967 1.1358413 1.2474835 1.5572822 1.3876656 1.4282372 1.4001497 1.4917014 0.0000000 1.6066744 1.6529390 2.1006416 2.1741270 2.3209133 2.1986129 1.4907578 1.9583156 2.1313049 2.2594631 2.0661657 2.2235374 1.4256309 2.2874277 2.0053676 1.9430918 2.0895549 2.2523296 2.2243316 2.3694265 3.8045468 2.2886964 2.4867760 1.8209804 2.0532090 1.9056584 3.3058955 
Spolac_c95110_g1_i1_m.10975c82132-g1                         0.0000010 0.0000010 0.0000010 1.7927088 1.7908925 1.4013132 1.4013132 1.6725722 1.7170536 1.7187837 1.4443555 1.7371854 1.5127984 1.4191017 1.4264371 1.5041294 1.4496725 1.3910893 1.5972645 0.0000010 0.0000010 3.1367134 1.6243798 1.5521348 1.5971422 1.4978238 1.4381524 2.3445465 1.5585817 2.0028307 1.9696388 2.8781787 1.5571201 1.5146462 1.5312979 1.5604418 1.4297988 1.4163367 1.4926596 1.4781589 1.6628622 0.0000010 1.2931145 1.4813031 1.3915356 1.4922590 1.6066744 0.0000000 0.0431589 0.6379842 0.6422749 1.0326575 1.0417563 1.6394161 1.8712870 1.9849258 1.8975352 1.7459691 1.8904238 1.5271517 1.9406447 1.8375050 1.9522390 1.9522390 2.0857112 2.1322678 2.1635768 3.3185198 0.4108353 0.0000010 2.6164651 1.7116371 3.0880069 3.3921505 
Spolac_c95110_g1_i2_m.10977c82132-g1                         0.0000010 0.0000010 0.0000010 1.7927088 2.0030606 1.6592707 1.6592707 1.9060388 1.9616696 1.7859052 1.4850631 1.8440640 1.6220778 1.5171935 1.5249732 1.5704954 1.5388488 1.4703305 1.7442940 0.0000010 0.0000010 3.2549644 1.7184535 1.6620603 1.6265994 1.5418879 1.4738384 3.1560419 1.7182681 2.1976528 2.1935458 3.8933174 1.6630398 1.6126036 1.6134892 1.6511109 1.5205034 1.5045604 1.5659513 1.5707247 1.7077175 0.0000010 1.3037932 1.5469088 1.3864224 1.6439791 1.6529390 0.0431589 0.0000000 0.7816284 0.8261770 1.0817792 1.0190332 1.6535040 1.8381386 2.0828477 1.8738511 2.0310381 2.1087094 1.8954734 2.1894859 2.1241836 2.1588394 2.1588394 2.0857112 2.5299587 2.5247453 3.3185198 0.6053738 0.0000010 2.7267451 1.9097412 3.6620086 3.3309207 
