85
Lcom_lcpid227476                                      0.0000000 0.0000010 2.2189962 1.0168987 1.9116863 2.0598336 1.9510159 1.7681933 1.9902619 2.4587158 0.0000010 1.5432669 1.5021254 1.5906640 1.4546915 1.8473136 1.5894820 1.7054726 1.7132215 1.7989421 1.7859841 1.6901150 0.6720819 0.0000010 1.7209766 1.2749840 1.6532106 1.7562779 1.8798790 1.9762976 1.8267934 1.2285461 1.8774215 1.9030213 0.0000010 0.0000010 0.0000010 0.0000010 0.0000010 0.0000010 1.2439509 0.0000010 0.0000010 0.0000010 1.9770204 2.0792892 2.1079646 9.0000000 1.4001772 1.9781880 1.8147146 1.8220562 1.5912166 0.0000010 1.4316041 0.0000010 1.6384486 1.6117893 1.5973104 1.6452936 1.5874496 1.6505853 1.5317795 1.8770488 2.0342850 1.9103660 1.9026157 1.4397630 0.0000010 1.0705271 1.4950241 1.5912166 1.7831413 2.7911977 3.4373544 1.3677017 6.2741157 1.1523685 0.0000010 3.2476023 4.9744417 0.0000010 4.3315819 3.7185976 0.0000010 
Emue_Em0019g86a.t1                                    0.0000010 0.0000000 1.1800631 0.6029970 0.6343523 1.3497432 1.2580001 1.3034983 1.0782648 1.4818924 0.0000010 1.4696386 1.0787800 1.3582767 1.3151232 1.2019824 1.2003786 1.1688989 1.1688989 1.2788850 1.2788850 1.2161334 1.2264672 0.0000010 1.1422119 1.1758827 1.2209639 1.3235092 1.2105336 1.3124016 1.2768270 1.4326247 1.1795168 1.1222851 1.1222851 1.1222851 1.5025718 1.6529773 1.3263185 1.3263185 1.0781889 1.1003584 1.3263185 1.2234934 1.2715215 1.2103869 1.3497584 1.1863375 1.2941550 1.4017844 1.3652909 1.3358443 1.4474244 0.0000010 1.1003205 1.3630846 1.2692912 1.2419320 1.2507028 1.2507028 1.2494829 1.2494829 1.1824408 1.0856781 1.3394025 1.4682634 1.5979753 1.4301005 1.7632303 1.2445788 0.7780012 3.8867816 6.0783547 0.0000010 1.3297231 0.0000010 1.2531577 0.6994306 0.0000010 7.6184791 1.3510936 1.8439889 0.1650358 4.1849452 0.0000010 
Tetwil_g25494.t2                                      2.2189962 1.1800631 0.0000000 0.4750143 0.5481111 0.6653225 0.5633747 0.5496639 0.4900247 0.8741006 3.2401736 0.8567601 0.9023229 0.8814468 1.0164951 0.9258437 1.0061152 0.9250207 0.9591676 1.0076043 1.0161306 0.9172790 0.8136555 6.6033010 1.0022038 0.9397367 1.1094451 1.0952917 1.0790899 1.0475885 1.0994491 0.9790223 1.0800444 1.0572966 0.7052979 0.6771014 0.8890568 0.9602235 1.1478987 1.1035410 0.8959295 0.7050615 1.0817239 0.5757521 1.1181736 1.1001702 1.2411497 0.8069327 1.0741889 1.2346274 1.1834385 1.0327144 1.0959481 0.0000010 1.1505237 1.0609746 0.8198034 0.8091331 0.7781828 0.7839291 0.8570818 0.8635395 0.9151275 0.8277568 1.0512979 1.0074848 1.1016017 0.9061872 0.9563121 0.9213539 1.1657019 1.4084287 1.5640980 1.8451834 0.6114719 1.2106850 1.6419381 1.6249810 8.9999988 3.4713158 2.8680368 3.8646468 3.2618882 3.7687571 9.0000000 
Emue_Em0019g78a.t1                                    1.0168987 0.6029970 0.4750143 0.0000000 0.0438198 0.5409037 0.5004152 0.4268995 0.3726694 0.5786338 1.1254182 0.7772902 0.6808213 0.7530714 0.7888783 0.7577534 0.7577727 0.6619131 0.6942147 0.6882941 0.7008664 0.6883361 0.6819848 0.7854084 0.7354438 0.7502459 0.7783628 0.7227074 0.7473003 0.7681580 0.7976352 0.7792233 0.9658892 0.9598530 0.8632572 0.8686864 1.0019561 1.0199033 1.0881026 1.1797935 0.9038410 0.8891801 1.0367787 0.8693065 0.9757124 0.9788730 1.0111357 0.9302113 0.9251933 1.0448616 0.8379705 0.8013526 0.7382355 0.8260533 0.8135591 0.7293541 0.7084958 0.7131993 0.6998308 0.6998308 0.7450891 0.7356121 0.7065520 0.6562682 0.9840554 0.9208333 0.9690753 1.0310141 0.8899649 1.3566688 0.9842680 1.2969790 1.4094725 0.7602308 0.6154145 1.6739781 1.8052924 1.6283646 1.8652424 0.6717728 1.1533300 2.1027126 2.2919489 2.2520891 1.4410213 
Spolac_c101594_g1_i1_m.26113c101594-g1                1.9116863 0.6343523 0.5481111 0.0438198 0.0000000 0.5990662 0.5293968 0.4525824 0.4086926 0.6695949 1.0365476 0.8894091 0.7857382 0.8522037 0.9458244 0.8843392 0.8704405 0.7388981 0.7705793 0.7697485 0.7894128 0.7831224 0.6677491 0.7968971 0.8291965 0.8116470 0.8588996 0.8200664 0.8221496 0.8705897 0.9006765 0.7893129 1.0770930 1.0709896 0.8631928 0.8686300 0.9822743 0.9994093 1.0553815 1.1335523 0.9094910 0.9023341 1.0079219 0.8930040 1.1335691 1.1060287 1.1464185 0.9566040 0.9461780 1.1959566 0.9516197 0.9269230 0.8596928 0.9076996 0.9032589 0.7259536 0.7948840 0.7991288 0.7815696 0.7853645 0.8353980 0.8370875 0.8414428 0.8456233 1.0863077 1.0646068 1.0974067 1.0630469 0.8989067 1.4481356 1.1115037 1.4270401 1.6340990 1.5892112 0.6524043 1.4883655 1.8046851 1.6564529 1.8550344 0.7508843 1.2001434 2.2450505 2.7528074 2.1947774 1.4494387 
Aque_Aqu2.1.37938_001                                 2.0598336 1.3497432 0.6653225 0.5409037 0.5990662 0.0000000 0.1752966 0.3036835 0.6352891 0.7176986 1.2212021 0.9422317 0.9206772 0.8431330 0.8882680 0.8200009 0.9868106 0.7848146 0.8068391 0.8341518 0.8420780 0.8505136 0.7207554 0.9670577 0.8478010 0.8251955 0.9180023 0.9051759 0.8557016 0.8619676 0.8923380 0.9273672 1.0352131 1.0319424 0.8530915 0.8230800 0.9162651 0.9595510 1.0213055 1.1608955 0.8807982 0.8324461 1.0262144 0.7926680 1.0218873 1.0130456 1.0755252 0.8870510 0.8930416 1.2224230 0.9072948 0.8961207 0.9106214 1.2008738 0.9837992 0.7537952 0.8391108 0.8393019 0.8470334 0.8511729 0.8506575 0.8493163 0.8878029 0.8718347 0.9590082 0.9996231 0.9474486 1.0679645 0.9667090 1.3865359 1.0553300 1.5355430 1.5019559 1.8370046 0.8673879 1.2085835 1.6363776 1.2036463 1.9551195 1.3539185 1.3889316 2.0703460 3.1782365 2.0968519 1.4702703 
Halamb_c52017_g1_i1m.31943                            1.9510159 1.2580001 0.5633747 0.5004152 0.5293968 0.1752966 0.0000000 0.2712027 0.5532239 0.6730289 1.3260936 0.9363740 0.8839663 0.8206671 0.9186588 0.8268334 0.9332323 0.7319052 0.7655839 0.7899523 0.8093772 0.7909370 0.6956629 0.9199271 0.8645898 0.8514884 0.8808807 0.9050649 0.8860690 0.9189222 0.9477805 0.8620829 1.0367947 1.0401997 0.8563094 0.8110866 0.9136394 0.9472221 1.0077846 1.1605019 0.9063301 0.8682499 1.0778681 0.8182000 1.0785221 1.0666251 1.0807616 0.8686968 0.9395743 1.2452624 0.9471918 0.8639994 0.9344827 1.1127823 1.0020037 0.6795428 0.8468144 0.8469882 0.8480813 0.8522273 0.8523820 0.8657667 0.8837562 0.8984330 0.9386619 1.0146432 0.9964580 1.0779282 0.9355029 1.4423799 1.0089377 1.5603189 1.5870804 1.8307509 0.8373883 1.3497533 1.5541247 1.2820340 1.9742114 1.2743968 1.3947268 2.2350864 2.9845349 1.9679059 1.5619631 
Xestes_maker-XT_scaffold2103-augustus-gene-0.6-mRNA-1 1.7681933 1.3034983 0.5496639 0.4268995 0.4525824 0.3036835 0.2712027 0.0000000 0.4938382 0.7231198 1.1459562 0.8130790 0.8442180 0.7926539 0.8526605 0.7887895 0.8295807 0.7243482 0.7487071 0.7749241 0.7899352 0.7755851 0.7015418 1.2545402 0.8099390 0.7760983 0.8797022 0.8485868 0.8279766 0.8522951 0.8511920 0.8400277 0.9872951 0.9928681 0.8080961 0.7568817 0.8798921 0.9337693 1.0414688 1.0414688 0.8917893 0.8089430 1.0026437 0.7080197 1.0625154 1.0376394 1.1193453 0.9358221 0.9036504 1.2035672 0.9554908 0.8964742 0.8182876 0.1954452 0.9232618 0.6181278 0.7851355 0.7903538 0.7795787 0.7843871 0.8307718 0.8342044 0.8488560 0.8354400 0.8620371 0.9375571 0.9123168 0.8293280 0.9574137 1.1427368 0.9959703 1.2247908 1.4661940 1.4606023 0.6376666 1.2972289 1.6250046 1.0719532 2.0992892 1.7434263 2.9037146 2.1277311 3.0451543 2.5297351 0.0000010 
Stycar_maker-SC_scaffold117556-snap-gene-0.31-mRNA-1  1.9902619 1.0782648 0.4900247 0.3726694 0.4086926 0.6352891 0.5532239 0.4938382 0.0000000 0.6814455 1.1695539 0.8592730 0.8399008 0.7678690 0.9112739 0.8379747 0.7935246 0.7086181 0.7624623 0.7367919 0.7679569 0.7524609 0.7033130 1.0368322 0.7906859 0.7393834 0.9067843 0.7764724 0.8374311 0.8968329 0.8972493 0.8622598 1.0234227 1.0181106 0.7901176 0.7814432 0.9156050 0.9437831 1.0465819 1.0508017 0.8630740 0.8654991 1.0136594 0.7525556 1.0711791 1.0469094 1.1180426 0.9226708 0.8434315 1.1040683 0.9622196 0.8836733 0.8716133 0.6742840 0.9580699 0.7502816 0.8337175 0.8329518 0.8321029 0.8364503 0.8592046 0.8729052 0.8740100 0.7974979 1.0228261 1.0160781 1.0597326 0.9800548 0.9170892 1.3442050 0.8799375 1.4047375 1.4775479 1.3760321 0.2128488 1.2755263 1.6196349 1.4068794 2.0935814 1.3466954 1.4621817 2.3068224 2.8928762 2.2400786 1.6599665 
Plespi_Pspi_scaffold10507_01                          2.4587158 1.4818924 0.8741006 0.5786338 0.6695949 0.7176986 0.6730289 0.7231198 0.6814455 0.0000000 1.0741898 0.8836651 0.8334609 0.7390185 0.8696788 0.8039808 0.8983939 0.7666426 0.7664255 0.7896199 0.7829791 0.7750008 0.7218884 0.7995072 0.7923151 0.8299797 0.8853051 0.7696407 0.7920179 0.7873133 0.8444943 0.8378930 0.9774638 0.9754240 0.8273062 0.8165680 0.9443327 0.9794707 1.0651825 1.1188759 0.8857219 0.8478243 0.9499061 0.8319973 1.0430911 1.0132050 1.0445950 0.8874231 0.9555119 1.1870027 0.9954575 0.9063079 0.8689753 0.6370464 0.9711852 0.6840773 0.8407369 0.8346554 0.8357898 0.8451574 0.8655873 0.8698525 0.9099381 0.9055230 1.0536149 1.0133382 1.0149948 1.0288883 0.9677514 1.5657149 1.0015228 1.5212969 1.5642261 1.5625832 0.8046679 1.3181759 1.5567691 1.5746079 1.8418257 1.2872326 1.3928113 2.9047589 2.9235838 2.3705909 1.7338181 
Lcom_lcpid237602                                      0.0000010 0.0000010 3.2401736 1.1254182 1.0365476 1.2212021 1.3260936 1.1459562 1.1695539 1.0741898 0.0000000 0.5062616 0.4477939 0.6702445 0.6145045 0.6212415 0.7074323 0.7604407 0.7842315 0.7734880 0.8058835 0.8463439 0.8900613 0.8469983 0.8660041 0.7823688 0.8900613 0.9606408 0.8286253 0.7299944 0.8151823 1.0813334 1.2323920 1.2323920 1.4150940 1.4150940 1.3317000 1.3317000 1.3317000 1.5922131 1.3078628 1.3459820 1.3596989 3.6394555 1.3409003 1.4368411 1.3078628 1.5653132 1.0516451 1.2202463 0.7334644 0.7586591 1.1331679 1.1013461 1.3683905 0.9782777 0.8341399 0.8341399 0.8601934 0.8601934 0.8787253 0.8787253 0.8779899 0.0000010 0.9145297 1.0642613 1.0229003 0.8185737 0.9684953 5.5476364 0.0000010 2.5593252 1.8719520 0.0000010 1.0983607 0.0000010 0.0000010 0.0000010 1.4276174 1.1254182 1.8134302 2.9992636 0.0000010 1.2330224 0.9379989 
Cgig_XM_034468541.1                                   1.5432669 1.4696386 0.8567601 0.7772902 0.8894091 0.9422317 0.9363740 0.8130790 0.8592730 0.8836651 0.5062616 0.0000000 0.3710473 0.5030811 0.5416336 0.6048127 0.5902090 0.7087306 0.7178015 0.6901683 0.6926443 0.7055995 0.5604166 0.9923620 0.7011150 0.7159513 0.8026338 0.6954252 0.6993292 0.7439805 0.7883806 0.6686063 0.9195014 0.9302112 0.8205392 0.8277178 0.8886808 0.9183931 1.0000719 1.1458427 0.7982175 0.8212384 1.0563093 0.7099726 1.0301712 1.0178131 1.0012536 0.9199290 0.7745297 0.8753927 0.7186655 0.5768056 0.7883252 0.8725360 0.8965972 0.7829265 0.7298960 0.7295503 0.7391241 0.7400008 0.7676115 0.7683537 0.8175847 0.6765729 0.8507552 0.8450032 0.8511215 0.6476997 0.7315200 0.8583298 0.8671176 1.3067719 1.2352948 1.7758907 0.9940573 1.2296853 1.3802250 1.5939056 1.4419446 1.6290414 1.5505333 2.1860251 2.7368119 1.7829664 1.8106796 
Acagra_model.g15734.t1                                1.5021254 1.0787800 0.9023229 0.6808213 0.7857382 0.9206772 0.8839663 0.8442180 0.8399008 0.8334609 0.4477939 0.3710473 0.0000000 0.4639045 0.5344684 0.5197459 0.5837155 0.6246466 0.6628873 0.6561807 0.6663608 0.6270648 0.4886022 0.8462617 0.6310954 0.6181547 0.7378124 0.6710763 0.6936553 0.7503670 0.7627606 0.6333953 0.9036616 0.8936260 0.8050518 0.8000252 0.9108622 0.9438736 1.0271534 1.0879289 0.7819581 0.8266297 0.9681869 0.6400307 0.9916064 0.9871143 1.0046139 0.8499505 0.7662016 0.8791629 0.6617808 0.5877472 0.7597328 0.6892136 0.8188328 0.6784117 0.6875203 0.6945656 0.7024080 0.7049546 0.7085589 0.7002241 0.7240673 0.5960946 0.8489137 0.8449557 0.8408124 0.6918476 0.7455584 0.8502622 0.8867282 1.2763562 1.3652202 1.9465801 0.9690206 1.0799119 1.5524890 1.5353558 1.4351631 1.5774819 1.5147254 2.2165018 2.6568402 2.0384668 1.5937422 
Bralan_BLAG04001698_1                                 1.5906640 1.3582767 0.8814468 0.7530714 0.8522037 0.8431330 0.8206671 0.7926539 0.7678690 0.7390185 0.6702445 0.5030811 0.4639045 0.0000000 0.5200079 0.5400180 0.5860135 0.5803970 0.6106164 0.6248921 0.6016820 0.5923866 0.5171837 0.8463966 0.6527790 0.6470317 0.7288537 0.6693436 0.7103510 0.7197680 0.7593596 0.7031738 0.9569042 0.9616438 0.8698886 0.8677806 0.9172286 0.9456276 1.0407203 1.0572675 0.8504206 0.8658151 1.0563406 0.7319175 1.0057201 0.9813543 1.0462001 0.8824137 0.8474005 0.9823313 0.6394793 0.6216755 0.8056743 0.8963832 0.9376498 0.6683230 0.6557492 0.6592004 0.6518425 0.6542416 0.6703942 0.6587784 0.6922594 0.6547668 0.8520528 0.8297107 0.7952547 0.6742827 0.7929959 1.0039289 0.8202063 1.3152215 1.3244451 1.3540621 0.9091515 1.2652711 1.6022487 1.4375499 1.4751095 1.6124233 1.5748072 2.6733542 3.1476748 1.5118484 2.0632300 
Skow_XM_002741323.2                                   1.4546915 1.3151232 1.0164951 0.7888783 0.9458244 0.8882680 0.9186588 0.8526605 0.9112739 0.8696788 0.6145045 0.5416336 0.5344684 0.5200079 0.0000000 0.6117975 0.4743285 0.6860815 0.7526331 0.7563064 0.7532200 0.7118693 0.6083209 1.0632421 0.7302348 0.6678759 0.8836486 0.6886851 0.7243710 0.6860903 0.7408485 0.7871203 0.9494060 0.9552253 0.8116189 0.8123861 0.9169265 0.9471818 1.0309774 1.1370172 0.7945357 0.8409438 0.9664803 0.6444152 0.9863269 0.9358475 0.9604093 0.8616856 0.8288628 0.9721046 0.6889564 0.6896401 0.8060275 0.8276561 1.0008364 0.7229664 0.6985169 0.6909499 0.7032085 0.7058169 0.7191326 0.7238673 0.7321014 0.7154286 0.8517293 0.8343669 0.8465025 0.6879309 0.8041243 1.0426921 0.8847616 1.3707124 1.3424265 1.4744575 1.0900320 1.2484140 1.7141015 1.4902778 1.4935830 1.7718053 1.8298806 2.1171366 3.1888818 2.0911262 1.5952631 
Cscu_XM_023381645.1                                   1.8473136 1.2019824 0.9258437 0.7577534 0.8843392 0.8200009 0.8268334 0.7887895 0.8379747 0.8039808 0.6212415 0.6048127 0.5197459 0.5400180 0.6117975 0.0000000 0.6836006 0.6482251 0.6700341 0.6700849 0.6781046 0.6551888 0.5947981 0.9527782 0.7208327 0.6532927 0.8466969 0.7060014 0.7654552 0.7145403 0.7911920 0.6967464 1.0372764 1.0464507 0.8608010 0.8835638 1.0112545 1.0334094 1.1366270 1.2059452 0.8859490 0.8923588 1.1596277 0.7926372 1.0645496 1.0208186 1.1104103 0.9441361 0.8730155 1.0263123 0.6394511 0.6391005 0.7995172 0.9080073 0.9226401 0.6293503 0.6841701 0.6814599 0.6746766 0.6743849 0.6732393 0.6717824 0.7124113 0.7808980 0.9019196 0.9301341 0.9023206 0.7540176 0.7748376 1.1122756 1.0903830 1.5099810 1.4315643 1.8114664 1.0746885 1.3887424 1.6727814 1.4658019 1.6200247 1.5159823 1.5239615 2.6801884 3.1588225 1.8890220 1.6551199 
Spur_XM_789965.5                                      1.5894820 1.2003786 1.0061152 0.7577727 0.8704405 0.9868106 0.9332323 0.8295807 0.7935246 0.8983939 0.7074323 0.5902090 0.5837155 0.5860135 0.4743285 0.6836006 0.0000000 0.7183586 0.7604728 0.6967402 0.7066260 0.7377596 0.6357435 1.0902395 0.7562811 0.7588054 0.8821096 0.7275559 0.7612202 0.8046491 0.8526873 0.7970125 1.0242952 1.0173915 0.9379233 0.9623162 1.0953827 1.1383034 1.2707798 1.3585394 0.8973355 0.9860653 1.1531063 0.7073619 1.0090202 0.9881683 1.0778175 0.9471161 0.8458458 0.9386095 0.8082669 0.8049490 0.8745283 1.0073289 1.0241168 0.7972214 0.7595242 0.7535695 0.7751369 0.7745343 0.7832840 0.7887298 0.7930991 0.6975567 0.8195861 0.8290659 0.8031760 0.8132474 0.8044343 1.1270472 1.0235273 1.4670918 1.5045960 1.9358476 0.9708454 1.5966253 1.7477502 1.6154680 1.6366310 1.7348951 1.6981762 2.3588063 2.9960298 1.9564963 1.7342160 
Fspp_ffun1.m4.19700.m1                                1.7054726 1.1688989 0.9250207 0.6619131 0.7388981 0.7848146 0.7319052 0.7243482 0.7086181 0.7666426 0.7604407 0.7087306 0.6246466 0.5803970 0.6860815 0.6482251 0.7183586 0.0000000 0.0543690 0.0851609 0.0986294 0.0916764 0.1104615 0.2277127 0.3090232 0.3174117 0.1956247 0.4501165 0.4582517 0.5552987 0.5402083 0.4475325 0.9431980 0.9475666 0.7835590 0.7329612 0.8284011 0.8571650 0.9312604 0.9665556 0.7859517 0.7623498 0.8741035 0.6468635 1.0199204 0.9539706 0.9587783 0.7970223 0.6322369 0.8563530 0.7889865 0.6888876 0.6775606 0.6863991 0.7831297 0.5129136 0.6243427 0.6202952 0.6153571 0.6163768 0.6343474 0.6401285 0.6724537 0.6084822 0.7897382 0.7856458 0.8245176 0.7345858 0.7468598 1.2225469 0.8504475 1.2772602 1.4813477 0.7642517 0.9421226 1.1193005 1.5589719 1.9297682 1.3966306 1.3002699 1.2764251 1.9845907 3.3181249 1.9638258 1.6519953 
Gasp_gasp1.m3.6370.m1                                 1.7132215 1.1688989 0.9591676 0.6942147 0.7705793 0.8068391 0.7655839 0.7487071 0.7624623 0.7664255 0.7842315 0.7178015 0.6628873 0.6106164 0.7526331 0.6700341 0.7604728 0.0543690 0.0000000 0.0844390 0.0845167 0.1029327 0.1249449 0.2355301 0.3114494 0.3330767 0.2093912 0.4344746 0.4419761 0.5545936 0.5492165 0.4269836 0.9967077 1.0013258 0.8150454 0.7597503 0.8706811 0.9024979 0.9861659 0.9643404 0.8378846 0.7550488 0.8584251 0.6189662 1.0327458 0.9945431 1.0215367 0.8056794 0.6327822 0.8888419 0.8067553 0.7059326 0.6647355 0.7904230 0.7870022 0.5356752 0.6266001 0.6224970 0.6181077 0.6191451 0.6408193 0.6445925 0.6760706 0.6076209 0.8266936 0.8251899 0.8585093 0.7456460 0.7581037 1.2009407 0.8933973 1.2522300 1.5703805 0.7664395 1.0139578 1.1506328 1.5576845 1.9530702 1.4143949 1.3501293 1.3419373 1.8705698 3.1081576 2.0640629 1.9387327 
Spis_XP_022787146_1                                   1.7989421 1.2788850 1.0076043 0.6882941 0.7697485 0.8341518 0.7899523 0.7749241 0.7367919 0.7896199 0.7734880 0.6901683 0.6561807 0.6248921 0.7563064 0.6700849 0.6967402 0.0851609 0.0844390 0.0000000 0.0386241 0.1065343 0.1459804 0.2944352 0.3090448 0.3497235 0.2452823 0.4434088 0.4578420 0.5812767 0.5825912 0.4450464 0.9611047 0.9660019 0.8201050 0.7661828 0.8979186 0.9305768 1.0169998 1.0000922 0.8262327 0.8251103 0.9150841 0.6890849 1.0011067 1.0206517 1.0249983 0.8485955 0.6569315 0.8798504 0.8157853 0.7272711 0.6507592 0.7963957 0.7490921 0.5485587 0.6636047 0.6593437 0.6536394 0.6547195 0.6895186 0.6935931 0.7171645 0.6204109 0.7794625 0.7817385 0.8057367 0.7570726 0.7049967 1.2140637 0.8647319 1.2764151 1.5123503 0.9092573 0.9219691 1.3010874 1.6850160 1.9583665 1.4532279 1.2913330 1.2393592 1.9183598 3.1993850 2.1425213 1.7392820 
Pocdam_XM_027199386.1                                 1.7859841 1.2788850 1.0161306 0.7008664 0.7894128 0.8420780 0.8093772 0.7899352 0.7679569 0.7829791 0.8058835 0.6926443 0.6663608 0.6016820 0.7532200 0.6781046 0.7066260 0.0986294 0.0845167 0.0386241 0.0000000 0.1147316 0.1627751 0.2789428 0.3139954 0.3577633 0.2462143 0.4263445 0.4300331 0.5597256 0.5721533 0.4528246 0.9738578 0.9789277 0.8259809 0.7795242 0.9171145 0.9518620 1.0449161 1.0409892 0.8427415 0.8266198 0.9461050 0.7086547 1.0039017 1.0138064 1.0368313 0.8468000 0.6584630 0.8717480 0.8057069 0.7424352 0.6645638 0.7963957 0.7596133 0.5515244 0.6577846 0.6525101 0.6512708 0.6523697 0.6801660 0.6842695 0.7144825 0.6205312 0.8017845 0.8107559 0.8349147 0.7324425 0.7240195 1.2065875 0.8496565 1.2709772 1.4836391 0.9229497 0.9213488 1.3295602 1.6606465 1.9025207 1.3794744 1.3062053 1.2529841 2.1541283 3.1631399 2.1659613 1.8725631 
Gfas_gfas1.m1.1587.m1                                 1.6901150 1.2161334 0.9172790 0.6883361 0.7831224 0.8505136 0.7909370 0.7755851 0.7524609 0.7750008 0.8463439 0.7055995 0.6270648 0.5923866 0.7118693 0.6551888 0.7377596 0.0916764 0.1029327 0.1065343 0.1147316 0.0000000 0.1193800 0.2896689 0.3272929 0.3353492 0.2133882 0.4404861 0.4668360 0.5816541 0.5750230 0.4225864 0.9689177 0.9719066 0.8068002 0.7640812 0.8694237 0.9021654 0.9887483 1.0057915 0.8089224 0.8059471 0.8748438 0.6566966 1.0042930 0.9686415 0.9806596 0.8063885 0.6243562 0.8891466 0.7755700 0.7215712 0.7078850 0.8608402 0.8140434 0.5546441 0.6369731 0.6327382 0.6302465 0.6313194 0.6575993 0.6615543 0.6823474 0.6059617 0.8320384 0.8174677 0.8592943 0.7538667 0.7578173 1.1738329 0.8841611 1.2639569 1.4262422 0.8778506 0.9606265 1.2521011 1.5698873 1.9378421 1.4076574 1.4471654 1.4579252 1.8762078 2.9940743 2.0927519 1.5719053 
Adig_XM_015902783.1                                   0.6720819 1.2264672 0.8136555 0.6819848 0.6677491 0.7207554 0.6956629 0.7015418 0.7033130 0.7218884 0.8900613 0.5604166 0.4886022 0.5171837 0.6083209 0.5947981 0.6357435 0.1104615 0.1249449 0.1459804 0.1627751 0.1193800 0.0000000 0.1988626 0.3334134 0.3182954 0.0036759 0.4454165 0.4246435 0.4270222 0.4498415 0.4502381 0.7830132 0.7880637 0.7616453 0.7166269 0.8025331 0.8368123 0.9281855 0.9452906 0.7776895 0.7493062 0.9085670 0.5712237 0.8089361 0.8609353 0.8579889 0.6796332 0.5863828 0.7022016 0.7043636 0.5388514 0.5956997 0.7676035 0.7020012 0.5112128 0.5550216 0.5547876 0.5556165 0.5556165 0.5897645 0.5777281 0.5561604 0.4272338 0.6923825 0.6419294 0.7142159 0.5623097 0.7644316 0.9006085 0.7028812 1.1893775 1.2150080 0.4258638 0.9672404 1.3861994 1.7125564 1.9938585 1.2334699 1.5558974 1.6212185 2.3339840 2.6336907 2.1500483 1.2638536 
Adig_XM_015920742.1                                   0.0000010 0.0000010 6.6033010 0.7854084 0.7968971 0.9670577 0.9199271 1.2545402 1.0368322 0.7995072 0.8469983 0.9923620 0.8462617 0.8463966 1.0632421 0.9527782 1.0902395 0.2277127 0.2355301 0.2944352 0.2789428 0.2896689 0.1988626 0.0000000 0.5212754 0.5296337 0.2928556 0.6673465 0.7101621 0.7485509 0.9419291 0.8398817 1.3504158 1.3504158 1.3692103 1.1330373 1.2015613 1.2015613 1.1207976 1.5096807 1.3301052 1.4812622 1.1065817 3.0149090 1.5403322 1.4190336 1.3301052 1.3557519 1.0330424 1.3128926 1.0513908 0.9530785 0.8878178 0.7161233 1.0837583 0.5988729 0.9993208 1.0123778 0.9628195 0.9628195 1.0475260 1.0475260 0.9443586 8.9999981 1.4352842 1.4596684 1.4917346 1.3481526 1.1468861 6.3289732 6.9629237 3.8853837 3.8838829 0.0000010 1.2740142 0.0000010 8.9999985 8.1456657 1.3160884 0.5565828 1.1644212 1.3998036 8.9999981 1.1275384 1.5406246 
Nvec_v1g243279                                        1.7209766 1.1422119 1.0022038 0.7354438 0.8291965 0.8478010 0.8645898 0.8099390 0.7906859 0.7923151 0.8660041 0.7011150 0.6310954 0.6527790 0.7302348 0.7208327 0.7562811 0.3090232 0.3114494 0.3090448 0.3139954 0.3272929 0.3334134 0.5212754 0.0000000 0.2382207 0.4355331 0.4956662 0.5022905 0.6017581 0.5805069 0.6005173 1.0187102 1.0233396 0.8281449 0.8227277 0.9182955 0.9521824 1.0264720 1.0910981 0.8536606 0.8449097 0.9778347 0.6920281 1.0920613 1.0426000 1.0767521 0.8001676 0.6712509 0.8907695 0.7852602 0.7617204 0.7257426 0.7857089 0.7950079 0.6065150 0.6782201 0.6739530 0.6689265 0.6700210 0.6926813 0.6961480 0.7029274 0.6678939 0.8501486 0.8596232 0.8585018 0.7621309 0.8287439 1.1605926 0.9220975 1.3850004 1.5698405 0.7791132 0.9571074 1.0390493 1.6464308 1.6201812 1.5480291 1.4407564 1.5123038 1.9845124 2.9562260 2.2070482 1.6980704 
Exapal_XM_021053436.2                                 1.2749840 1.1758827 0.9397367 0.7502459 0.8116470 0.8251955 0.8514884 0.7760983 0.7393834 0.8299797 0.7823688 0.7159513 0.6181547 0.6470317 0.6678759 0.6532927 0.7588054 0.3174117 0.3330767 0.3497235 0.3577633 0.3353492 0.3182954 0.5296337 0.2382207 0.0000000 0.4586119 0.4720269 0.5053846 0.5324465 0.5536643 0.5521012 1.0134894 1.0180864 0.8269471 0.8299174 0.9183187 0.9516637 1.0233557 1.1414201 0.8511945 0.8403986 0.9916488 0.7612607 1.0320743 0.9846404 1.0406275 0.8304876 0.6167192 0.8108181 0.7258422 0.7193954 0.7479673 0.6640986 0.8026310 0.5773980 0.6501092 0.6459425 0.6415519 0.6426113 0.6458959 0.6442625 0.6677906 0.6286926 0.7963288 0.7833428 0.8290445 0.7241815 0.7874154 1.1358834 0.9403844 1.4025467 1.4330980 0.9490350 0.9242768 1.0388271 1.7150135 1.3990744 1.5167707 1.4670085 1.4791077 2.0113328 2.9475537 2.0790584 1.7028153 
Amil_Amillepora15298-RA                               1.6532106 1.2209639 1.1094451 0.7783628 0.8588996 0.9180023 0.8808807 0.8797022 0.9067843 0.8853051 0.8900613 0.8026338 0.7378124 0.7288537 0.8836486 0.8466969 0.8821096 0.1956247 0.2093912 0.2452823 0.2462143 0.2133882 0.0036759 0.2928556 0.4355331 0.4586119 0.0000000 0.5642762 0.5674760 0.6477735 0.6369863 0.4813443 1.0806593 1.0754568 0.9604569 0.9545053 1.0294776 1.0294776 0.9968670 0.9167043 0.9582364 0.8815060 0.8857704 0.8792546 1.1391329 1.1349544 1.1002788 0.9532913 0.6711361 0.9606584 0.9348102 0.8102821 0.7950707 0.7161233 0.8689673 0.6370225 0.7753503 0.7748857 0.7707715 0.7806960 0.8159180 0.8156537 0.8219168 0.7198287 0.9670494 0.9603534 0.9936659 0.9499854 0.9272554 1.3771632 0.8730216 1.3754349 1.4410112 1.3057016 1.1155882 1.3564752 1.7386716 2.3328811 1.4198848 1.2075141 1.3186616 2.3693407 3.8707363 1.5244503 1.5583989 
Dgig_XM_028553973.1                                   1.7562779 1.3235092 1.0952917 0.7227074 0.8200664 0.9051759 0.9050649 0.8485868 0.7764724 0.7696407 0.9606408 0.6954252 0.6710763 0.6693436 0.6886851 0.7060014 0.7275559 0.4501165 0.4344746 0.4434088 0.4263445 0.4404861 0.4454165 0.6673465 0.4956662 0.4720269 0.5642762 0.0000000 0.1469499 0.5965924 0.5675091 0.5598524 1.0614050 1.0643064 0.9298748 0.9158309 1.0273862 1.0671686 1.1595679 1.2142030 0.9395317 0.9104290 1.0716960 0.8265188 1.0937499 1.0645133 1.1454686 0.9206681 0.6541804 0.8617808 0.7960148 0.7655225 0.6986453 0.6200007 0.7725570 0.7083446 0.7297973 0.7270013 0.7401282 0.7413288 0.7439184 0.7463538 0.7808510 0.7458227 0.9041093 0.9399305 0.8921358 0.8376824 0.7947179 1.1987144 0.7854629 1.3051027 1.5446381 1.1399254 0.9688145 1.1753207 1.4432814 1.8748486 1.5991670 1.3812144 1.6302907 2.0915298 2.5459438 2.1028150 1.7616570 
Xesp_012188-T1                                        1.8798790 1.2105336 1.0790899 0.7473003 0.8221496 0.8557016 0.8860690 0.8279766 0.8374311 0.7920179 0.8286253 0.6993292 0.6936553 0.7103510 0.7243710 0.7654552 0.7612202 0.4582517 0.4419761 0.4578420 0.4300331 0.4668360 0.4246435 0.7101621 0.5022905 0.5053846 0.5674760 0.1469499 0.0000000 0.5939808 0.5582132 0.5187357 1.0541717 1.0572065 0.8758479 0.8575447 0.9773630 1.0146698 1.0993073 1.0894739 0.8886559 0.8329393 0.9852333 0.7226377 1.0510079 1.0409539 1.0852812 0.8906461 0.6615537 0.8368323 0.8560750 0.7887347 0.7050064 0.5929486 0.7542719 0.6595720 0.7043380 0.7016222 0.7060516 0.7114747 0.7219992 0.7243349 0.7782425 0.7383075 0.8858219 0.9163983 0.8789843 0.8433218 0.7462761 1.2342748 0.8028575 1.3841835 1.5073119 1.2689848 1.0336882 1.1920610 1.4813951 1.8256592 1.5767221 1.4166683 1.5601540 2.0620700 2.5906604 2.1566673 1.6380389 
Sanmal_Sma_026819-T1                                  1.9762976 1.3124016 1.0475885 0.7681580 0.8705897 0.8619676 0.9189222 0.8522951 0.8968329 0.7873133 0.7299944 0.7439805 0.7503670 0.7197680 0.6860903 0.7145403 0.8046491 0.5552987 0.5545936 0.5812767 0.5597256 0.5816541 0.4270222 0.7485509 0.6017581 0.5324465 0.6477735 0.5965924 0.5939808 0.0000000 0.2761699 0.3620111 0.9535389 0.9501968 0.7679633 0.7542429 0.8187603 0.8441304 0.9282003 0.8515315 0.7998791 0.7245899 0.8563090 0.6786946 0.9762737 0.9564848 0.9852862 0.8528057 0.5554161 0.7423960 0.8122305 0.7948966 0.7738618 0.7085747 0.8671232 0.5922635 0.7634742 0.7504077 0.7386230 0.7519515 0.7689492 0.7746297 0.8021133 0.7461042 0.8643883 0.8601727 0.8726009 0.7584588 0.8271234 1.3073811 1.0144592 1.5676573 1.4079949 0.9560249 1.0009284 1.3475755 1.8993680 1.7411149 1.5914372 1.4573031 1.6570054 2.1597054 3.5608256 1.9587235 1.5598031 
Rhoesc_Res_001630-T1                                  1.8267934 1.2768270 1.0994491 0.7976352 0.9006765 0.8923380 0.9477805 0.8511920 0.8972493 0.8444943 0.8151823 0.7883806 0.7627606 0.7593596 0.7408485 0.7911920 0.8526873 0.5402083 0.5492165 0.5825912 0.5721533 0.5750230 0.4498415 0.9419291 0.5805069 0.5536643 0.6369863 0.5675091 0.5582132 0.2761699 0.0000000 0.3984689 1.0069944 0.9882094 0.7988960 0.7952500 0.8906687 0.9233775 1.0211987 0.9503429 0.8360717 0.7365887 0.8904348 0.7584464 1.0346115 1.0208873 1.0267583 0.8381132 0.5222090 0.7360292 0.8755601 0.8202871 0.7358650 0.6911413 0.8595135 0.6116042 0.7731718 0.7603107 0.7538176 0.7595121 0.7649141 0.7704849 0.8166124 0.7523989 0.8666446 0.8391994 0.8774929 0.7930866 0.8116959 1.3759628 1.0773848 1.4499844 1.4666306 0.6884377 1.0595974 1.3986187 1.9580253 1.6737885 1.7530149 1.5113664 1.5719188 1.9461696 3.1543730 2.3114614 1.5820602 
Morvir_scaffold167.g37.t1                             1.2285461 1.4326247 0.9790223 0.7792233 0.7893129 0.9273672 0.8620829 0.8400277 0.8622598 0.8378930 1.0813334 0.6686063 0.6333953 0.7031738 0.7871203 0.6967464 0.7970125 0.4475325 0.4269836 0.4450464 0.4528246 0.4225864 0.4502381 0.8398817 0.6005173 0.5521012 0.4813443 0.5598524 0.5187357 0.3620111 0.3984689 0.0000000 0.9342759 0.9250209 0.6956785 0.6379744 0.6766787 0.6861663 0.8477252 0.8477252 0.8073855 0.7781881 0.8369928 0.6124594 0.8810440 0.9206243 0.9418172 0.8449239 0.5938196 0.7051982 0.8097676 0.6628231 0.6840014 0.6169948 0.8495639 0.5897831 0.6889713 0.6784104 0.6651048 0.6651048 0.6953478 0.7053375 0.6848197 0.6396332 0.8480647 0.7975098 0.8625317 0.7357745 0.8364251 1.1179110 0.9413638 1.2205396 1.5671757 0.0000010 0.9334929 1.4290229 1.8899127 2.7708384 2.3494872 1.9501247 2.9263855 2.1394016 4.5935742 2.2185505 0.0000010 
Pbac_sb2662991                                        1.8774215 1.1795168 1.0800444 0.9658892 1.0770930 1.0352131 1.0367947 0.9872951 1.0234227 0.9774638 1.2323920 0.9195014 0.9036616 0.9569042 0.9494060 1.0372764 1.0242952 0.9431980 0.9967077 0.9611047 0.9738578 0.9689177 0.7830132 1.3504158 1.0187102 1.0134894 1.0806593 1.0614050 1.0541717 0.9535389 1.0069944 0.9342759 0.0000000 0.0100926 0.1887218 0.1806013 0.1947731 0.2011523 0.2035965 0.1893045 0.1851462 0.1773797 0.1323443 0.2948753 0.3582238 0.3036790 0.2287274 0.3169602 0.9926906 1.2076316 1.0193252 1.0063099 0.9703476 1.2060421 1.0776520 0.8481755 0.9635690 0.9591439 0.9621745 0.9619690 1.0056914 1.0091608 1.0436674 1.0023730 1.0591042 1.1262549 1.1240043 1.1303092 1.0141681 1.4165195 1.1559268 1.7473893 0.2360663 2.0195396 1.1357251 1.4121704 1.4293389 1.8214628 1.6944620 2.0624398 1.9999546 1.8496140 3.0127280 3.2469484 2.2696942 
Horcal_Hcv1.av93.c11.g414.i1                          1.9030213 1.1222851 1.0572966 0.9598530 1.0709896 1.0319424 1.0401997 0.9928681 1.0181106 0.9754240 1.2323920 0.9302112 0.8936260 0.9616438 0.9552253 1.0464507 1.0173915 0.9475666 1.0013258 0.9660019 0.9789277 0.9719066 0.7880637 1.3504158 1.0233396 1.0180864 1.0754568 1.0643064 1.0572065 0.9501968 0.9882094 0.9250209 0.0100926 0.0000000 0.1844050 0.1755483 0.1892989 0.1954829 0.1973884 0.1794840 0.1812429 0.1720590 0.1249618 0.2824611 0.3533727 0.3017304 0.2279040 0.3226967 0.9787338 1.1846815 1.0190614 1.0082080 0.9677671 1.2060421 1.0763484 0.8629071 0.9538841 0.9494831 0.9642772 0.9640745 0.9924515 0.9958617 1.0333655 0.9794468 1.0694146 1.1370772 1.1279104 1.1312665 1.0219210 1.4299313 1.1731821 1.7207522 0.2588482 2.0609919 1.1254530 1.4100817 1.3883522 1.8214628 1.6944620 2.0525763 1.9999546 1.8496140 3.0428144 3.2215263 2.2696942 
Bolinf_Binf_sb1262333                                 0.0000010 1.1222851 0.7052979 0.8632572 0.8631928 0.8530915 0.8563094 0.8080961 0.7901176 0.8273062 1.4150940 0.8205392 0.8050518 0.8698886 0.8116189 0.8608010 0.9379233 0.7835590 0.8150454 0.8201050 0.8259809 0.8068002 0.7616453 1.3692103 0.8281449 0.8269471 0.9604569 0.9298748 0.8758479 0.7679633 0.7988960 0.6956785 0.1887218 0.1844050 0.0000000 0.0000010 0.1165037 0.1200754 0.1152061 0.1214483 0.0755176 0.1048874 0.1084447 0.1730866 0.2842823 0.2285777 0.0802894 0.2580543 0.8628893 1.0514052 0.9408196 0.9524488 0.8018685 1.1067553 0.9391259 0.8050566 0.7684182 0.7699457 0.7862886 0.7862886 0.8149062 0.7991316 0.8061430 0.5421270 0.9812199 1.0484002 1.0165685 1.0460766 1.0381764 1.4427846 0.7044515 1.9319187 0.9056715 0.0000010 0.9451909 1.2380801 1.1960679 1.4354137 1.7627836 1.8710154 1.6531927 1.9850272 1.7316410 3.1697975 1.9790678 
Mertsp_Mesp_sb582111                                  0.0000010 1.1222851 0.6771014 0.8686864 0.8686300 0.8230800 0.8110866 0.7568817 0.7814432 0.8165680 1.4150940 0.8277178 0.8000252 0.8677806 0.8123861 0.8835638 0.9623162 0.7329612 0.7597503 0.7661828 0.7795242 0.7640812 0.7166269 1.1330373 0.8227277 0.8299174 0.9545053 0.9158309 0.8575447 0.7542429 0.7952500 0.6379744 0.1806013 0.1755483 0.0000010 0.0000000 0.1019540 0.1050620 0.1152061 0.1214483 0.0677061 0.0968788 0.1084447 0.1730866 0.2872794 0.2386530 0.0727930 0.2688616 0.8021846 1.0015797 0.9109167 0.9301553 0.7978417 1.1067553 0.9655123 0.8050566 0.7342401 0.7359955 0.7549815 0.7549815 0.7959451 0.7775423 0.7780801 0.3293469 0.9691324 1.0100230 0.9941055 1.0472535 1.0405948 1.6703035 0.7085824 2.7278062 2.4050652 0.0000010 0.9682147 0.0000010 0.8269176 0.5767031 1.7627836 1.7941403 1.6839006 1.9850272 0.4355432 3.0237882 1.9790678 
Bolinf_Binf_sb1262335                                 0.0000010 1.5025718 0.8890568 1.0019561 0.9822743 0.9162651 0.9136394 0.8798921 0.9156050 0.9443327 1.3317000 0.8886808 0.9108622 0.9172286 0.9169265 1.0112545 1.0953827 0.8284011 0.8706811 0.8979186 0.9171145 0.8694237 0.8025331 1.2015613 0.9182955 0.9183187 1.0294776 1.0273862 0.9773630 0.8187603 0.8906687 0.6766787 0.1947731 0.1892989 0.1165037 0.1019540 0.0000000 0.0000010 0.0000010 0.0414383 0.0629881 0.1002051 0.1094849 0.2027587 0.3472277 0.2934904 0.0680474 0.3121799 0.9451597 1.1704378 0.9681085 1.0074020 0.8871851 1.3047795 1.0869276 0.8325641 0.8235769 0.8300316 0.8509640 0.8509640 0.8962358 0.8754623 0.8784907 0.4388249 1.0558740 1.1317743 1.1065676 1.2632215 1.1446461 2.1165697 1.2132531 3.2304770 3.1399860 0.0000010 1.1820457 0.0000010 9.0000000 1.2721106 1.7265161 1.9017091 1.7364506 2.0767141 1.6780921 3.3405228 1.8537552 
Bolinf_Binf_sb1262336                                 0.0000010 1.6529773 0.9602235 1.0199033 0.9994093 0.9595510 0.9472221 0.9337693 0.9437831 0.9794707 1.3317000 0.9183931 0.9438736 0.9456276 0.9471818 1.0334094 1.1383034 0.8571650 0.9024979 0.9305768 0.9518620 0.9021654 0.8368123 1.2015613 0.9521824 0.9516637 1.0294776 1.0671686 1.0146698 0.8441304 0.9233775 0.6861663 0.2011523 0.1954829 0.1200754 0.1050620 0.0000010 0.0000000 0.0000010 0.0414383 0.0648531 0.1037032 0.1094849 0.2182356 0.3593004 0.3034800 0.0702292 0.3168912 0.9808944 1.2216180 0.9886290 1.0300872 0.9169862 1.3047795 1.0869276 0.8325641 0.8497705 0.8565049 0.8784717 0.8784717 0.9162882 0.8946082 0.8976990 0.5305058 1.1099215 1.1908629 1.1640808 1.2988580 1.2303613 2.2466612 2.3550136 2.9258934 3.1399860 0.0000010 1.2248871 0.0000010 9.0000000 9.0000000 1.7265161 1.8065715 1.7364506 2.0767141 9.0000000 3.0060802 1.8537552 
Mertsp_Mesp_sb562403                                  0.0000010 1.3263185 1.1478987 1.0881026 1.0553815 1.0213055 1.0077846 1.0414688 1.0465819 1.0651825 1.3317000 1.0000719 1.0271534 1.0407203 1.0309774 1.1366270 1.2707798 0.9312604 0.9861659 1.0169998 1.0449161 0.9887483 0.9281855 1.1207976 1.0264720 1.0233557 0.9968670 1.1595679 1.0993073 0.9282003 1.0211987 0.8477252 0.2035965 0.1973884 0.1152061 0.1152061 0.0000010 0.0000010 0.0000000 0.0414383 0.0554085 0.0964083 0.1094849 0.2784472 0.3776698 0.3160041 0.0583274 0.3310873 1.0401378 1.3585938 1.0969209 1.1462936 1.0087515 1.3047795 1.0575617 0.8742390 0.9162993 0.9239628 0.9492854 0.9492854 0.9931454 0.9681938 0.9714726 0.5053449 1.1529718 1.2447457 1.2038829 1.4394683 1.3505780 2.8272323 1.2986222 3.6717507 2.8700071 0.0000010 1.3779770 0.0000010 0.0000010 0.0000010 1.7265161 1.5833357 1.6982354 2.1489064 0.0000010 2.3984013 1.8537552 
Mertsp_Mesp_sb562405                                  0.0000010 1.3263185 1.1035410 1.1797935 1.1335523 1.1608955 1.1605019 1.0414688 1.0508017 1.1188759 1.5922131 1.1458427 1.0879289 1.0572675 1.1370172 1.2059452 1.3585394 0.9665556 0.9643404 1.0000922 1.0409892 1.0057915 0.9452906 1.5096807 1.0910981 1.1414201 0.9167043 1.2142030 1.0894739 0.8515315 0.9503429 0.8477252 0.1893045 0.1794840 0.1214483 0.1214483 0.0414383 0.0414383 0.0414383 0.0000000 0.0765652 0.1320437 0.1214229 0.2203931 0.4239787 0.3759563 0.0836507 0.2788625 1.0780656 1.4767575 1.1971448 1.2419614 0.9481763 1.1468796 1.0200544 0.8815962 0.9700731 0.9831164 1.0283723 1.0283723 1.1210804 1.0773209 1.0744527 0.3605762 1.0330018 1.0901723 1.0844908 1.0440442 1.3505780 1.8662914 1.2986222 2.8846935 2.4014935 0.0000010 1.2266483 0.0000010 0.0000010 0.0000010 2.3839996 2.2414040 3.9786168 2.1489064 0.0000010 2.8724077 3.9638759 
Vmul_sbMO407195                                       1.2439509 1.0781889 0.8959295 0.9038410 0.9094910 0.8807982 0.9063301 0.8917893 0.8630740 0.8857219 1.3078628 0.7982175 0.7819581 0.8504206 0.7945357 0.8859490 0.8973355 0.7859517 0.8378846 0.8262327 0.8427415 0.8089224 0.7776895 1.3301052 0.8536606 0.8511945 0.9582364 0.9395317 0.8886559 0.7998791 0.8360717 0.8073855 0.1851462 0.1812429 0.0755176 0.0677061 0.0629881 0.0648531 0.0554085 0.0765652 0.0000000 0.1007906 0.1023734 0.1951060 0.2825966 0.2113420 0.0000010 0.2658553 0.9218405 1.0744941 0.9170936 0.9463775 0.8346230 1.0920351 0.9541496 0.8072214 0.8067212 0.7985209 0.8134627 0.8134627 0.8596896 0.8447914 0.8498472 0.6022586 0.9600755 1.0479157 1.0124171 0.9993124 1.0770087 1.4018267 0.8969593 1.7473161 0.6929760 0.0000010 1.0462943 1.8198006 1.5198454 1.8000676 1.6759300 1.9189686 1.6255851 2.0548029 2.3774480 3.1439852 1.7178008 
Beraby_Baby_sb329038                                  0.0000010 1.1003584 0.7050615 0.8891801 0.9023341 0.8324461 0.8682499 0.8089430 0.8654991 0.8478243 1.3459820 0.8212384 0.8266297 0.8658151 0.8409438 0.8923588 0.9860653 0.7623498 0.7550488 0.8251103 0.8266198 0.8059471 0.7493062 1.4812622 0.8449097 0.8403986 0.8815060 0.9104290 0.8329393 0.7245899 0.7365887 0.7781881 0.1773797 0.1720590 0.1048874 0.0968788 0.1002051 0.1037032 0.0964083 0.1320437 0.1007906 0.0000000 0.0877900 0.1897627 0.2789834 0.2233188 0.1090556 0.2449157 0.8255667 1.0679787 0.9272743 0.8936008 0.8382590 1.0826235 0.9946294 0.7821666 0.7855930 0.7831861 0.8056807 0.8056807 0.8480730 0.8319752 0.8315913 0.4474736 0.9366792 0.9685553 1.0158486 0.9393647 1.0086113 1.4212522 0.9766487 2.3494249 1.4680396 0.0000010 0.9966934 9.0000000 1.4965397 1.1480022 1.7121122 2.0060333 1.8710257 2.2660252 1.0586707 3.0076052 1.6716821 
Drygla_Dgla_sb276222                                  0.0000010 1.3263185 1.0817239 1.0367787 1.0079219 1.0262144 1.0778681 1.0026437 1.0136594 0.9499061 1.3596989 1.0563093 0.9681869 1.0563406 0.9664803 1.1596277 1.1531063 0.8741035 0.8584251 0.9150841 0.9461050 0.8748438 0.9085670 1.1065817 0.9778347 0.9916488 0.8857704 1.0716960 0.9852333 0.8563090 0.8904348 0.8369928 0.1323443 0.1249618 0.1084447 0.1084447 0.1094849 0.1094849 0.1094849 0.1214229 0.1023734 0.0877900 0.0000000 0.2444942 0.3417477 0.3056098 0.1098825 0.2616270 0.9347615 1.2523468 1.0843719 1.1065220 0.9238901 1.2142081 0.9783293 0.8265197 0.8623875 0.8599582 0.9064419 0.9064419 0.9706787 0.9377186 0.9408081 0.3539120 0.9664712 1.0042212 1.0375827 0.9941344 1.3327850 2.0443199 1.2986222 2.9389622 2.8098393 0.0000010 1.1274892 0.0000010 0.0000010 0.0000010 1.7059894 1.7430618 2.1448756 2.0858893 0.0000010 2.4624777 1.2010943 
Lampan_Lpan_9077_01                                   0.0000010 1.2234934 0.5757521 0.8693065 0.8930040 0.7926680 0.8182000 0.7080197 0.7525556 0.8319973 3.6394555 0.7099726 0.6400307 0.7319175 0.6444152 0.7926372 0.7073619 0.6468635 0.6189662 0.6890849 0.7086547 0.6566966 0.5712237 3.0149090 0.6920281 0.7612607 0.8792546 0.8265188 0.7226377 0.6786946 0.7584464 0.6124594 0.2948753 0.2824611 0.1730866 0.1730866 0.2027587 0.2182356 0.2784472 0.2203931 0.1951060 0.1897627 0.2444942 0.0000000 0.3566142 0.2766585 0.2347926 0.2804187 0.7449584 0.8746944 0.8369875 0.7983329 0.7155688 5.3416052 0.9640978 0.8389676 0.8368667 0.8595975 0.8408306 0.8408306 0.8948561 0.8948561 0.8636187 0.2610227 0.8912500 0.8971110 0.9573804 0.8206545 0.8029244 0.8488844 0.7716851 1.9793322 2.3608892 0.0000010 0.7958810 0.0000010 0.5467515 0.6359977 3.0046859 4.2444515 3.9275976 2.0632428 0.3894739 4.8000402 5.5520215 
